trade_id,region1,region2,industry1,industry2,amount,total_level,factor_count,unique_factors,air_emissions,employment,land,material,water,impact_intensity
1657925,IT,DE,BASIC,BASIC,1585.35,1377238783.779,7,7,1377236887.702,32.0,576.0,1201.0,87.077,868728.535515
1804406,IT,WF,KEROS,AIRTR,1438.31,967438291.091,7,7,967436809.355,45.0,450.0,908.0,78.736,672621.542707
1674933,IT,FR,BASIC,FABRI,1027.29,892435232.084,7,7,892434003.659,21.0,373.0,778.0,56.425,868727.654396
1658597,IT,DE,MACHI,MACHI,4473.45,801842663.296,7,7,801840166.419,83.0,1047.0,1301.0,65.877,179244.802847
1812365,IT,WM,BASIC,CONST,882.45,766604293.696,7,7,766603238.227,18.0,320.0,669.0,48.469,868722.640032
1657932,IT,DE,BASIC,FABRI,849.82,738261911.634,7,7,738260894.957,17.0,309.0,644.0,46.677,868727.391252
1658814,IT,DE,MOTO1,MOTO1,3607.65,677799844.075,7,7,677797848.98,64.0,747.0,1140.0,44.095,187878.492668
1799765,IT,WE,KEROS,AIRTR,1006.5,676997818.719,7,7,676996781.621,32.0,315.0,635.0,55.098,672625.751335
1667144,IT,ES,BASIC,BASIC,706.66,613896569.721,7,7,613895724.907,14.0,257.0,535.0,38.814,868729.75649
1657937,IT,DE,BASIC,MOTO1,695.92,604563455.871,7,7,604562623.647,14.0,253.0,527.0,38.224,868725.508494
1772970,IT,CH,PREC1,CONST,905.82,533180563.549,7,7,533178441.011,18.0,977.0,1103.0,24.538,588616.461934
1810868,IT,WM,KEROS,AIRTR,763.07,513256175.967,7,7,513255389.195,24.0,239.0,482.0,41.772,672620.042679
1743209,IT,US,TRANS,TRANS,2333.27,390984535.627,7,7,390983370.403,44.0,446.0,654.0,21.224,167569.349294
1741524,IT,US,KEROS,AIRTR,576.88,388024379.363,7,7,388023784.783,18.0,181.0,364.0,31.58,672625.813623
1666041,IT,ES,KEROS,AIRTR,539.66,362988285.881,7,7,362987729.339,17.0,169.0,341.0,29.542,672624.03343
1659648,IT,DE,HOTEL,SUPPO,2328.66,321288429.794,7,7,321287324.588,42.0,642.0,397.0,24.206,137971.378301
1772868,IT,CH,BASIC,FABRI,348.13,302430877.975,7,7,302430461.854,7.0,126.0,264.0,19.121,868729.721584
1742482,IT,US,BASIC,BASIC,335.27,291256789.599,7,7,291256388.184,7.0,122.0,254.0,18.415,868723.087658
1805745,IT,WF,BASIC,CONST,328.41,285300829.114,7,7,285300436.076,7.0,119.0,249.0,18.038,868733.683853
1658602,IT,DE,MACHI,MOTO1,1563.95,280329215.336,7,7,280328342.305,29.0,366.0,455.0,23.031,179244.35905
1688688,IT,IE,CHEM1,CHEM1,542.5,259590416.47,7,7,259589771.131,12.0,228.0,377.0,28.339,478507.680129
1657933,IT,DE,BASIC,MACHI,288.34,250490605.115,7,7,250490260.278,6.0,105.0,218.0,15.837,868733.457429
1674758,IT,FR,CERAM,CONST,384.0,246500855.891,7,7,246499451.53,6.0,108.0,1277.0,13.361,641929.312216
1743132,IT,US,MOTO1,MOTO1,1277.72,240056504.021,7,7,240055797.404,23.0,264.0,404.0,15.617,187878.802884
1742489,IT,US,BASIC,FABRI,272.37,236618470.474,7,7,236618144.514,6.0,99.0,206.0,14.96,868739.106634
1719819,IT,PL,BASIC,FABRI,270.01,234563875.011,7,7,234563552.181,5.0,98.0,205.0,14.83,868722.91771
1749663,IT,CN,CHEM1,CHEM1,480.69,230016693.743,7,7,230016121.633,11.0,202.0,334.0,25.11,478513.582024
1657467,IT,DE,RUBBE,CONST,754.53,227734104.219,7,7,227733397.57,14.0,342.0,330.0,20.649,301822.464606
1785481,IT,ZA,COKEO,BASIC,28.26,224456730.124,7,7,224456696.976,1.0,10.0,21.0,1.148,7942559.452371
1772947,IT,CH,PREC1,PREC1,377.18,222011941.038,7,7,222011056.821,8.0,407.0,459.0,10.217,588610.056307
1658039,IT,DE,PREC1,FOUND,376.72,221742985.401,7,7,221742103.196,7.0,406.0,459.0,10.205,588614.847635
1659993,IT,DE,SEACO,SEACO,214.97,211382400.485,7,7,211382287.825,3.0,41.0,65.0,3.66,983311.161953
1657672,IT,DE,CERAM,CONST,328.86,211102611.177,7,7,211101407.735,6.0,92.0,1094.0,11.442,641922.432576
1658139,IT,DE,ALUM1,ALUM1,360.25,207325433.465,7,7,207324952.855,8.0,157.0,299.0,16.61,575504.326065
1663279,IT,DK,SEACO,SEACO,193.98,190739593.922,7,7,190739491.62,3.0,37.0,59.0,3.302,983295.153737
1812084,IT,WM,CERAM,CONST,294.84,189267076.777,7,7,189265997.518,5.0,83.0,981.0,10.259,641931.477333
1738325,IT,GB,BASIC,MOTO1,217.49,188940735.527,7,7,188940475.581,4.0,79.0,165.0,11.946,868732.978652
1749660,IT,CN,CHEM1,PLAST,360.22,172367163.87,7,7,172366734.053,8.0,152.0,251.0,18.817,478505.257537
1800830,IT,WE,BASIC,BASIC,196.73,170902269.746,7,7,170902034.941,4.0,71.0,149.0,10.805,868714.836304
1673968,IT,FR,KEROS,BEVER,250.13,168241146.948,7,7,168240889.255,8.0,78.0,158.0,13.693,672614.828081
1674930,IT,FR,BASIC,BASIC,191.6,166446381.888,7,7,166446152.364,4.0,70.0,145.0,10.524,868718.068309
1804635,IT,WF,HEAVY,FURNI,266.73,165119910.764,7,7,165119637.509,8.0,80.0,172.0,13.255,619052.640363
1642328,IT,AT,BASIC,BASIC,187.5,162883930.908,7,7,162883706.61,4.0,68.0,142.0,10.298,868714.298176
1645670,IT,BE,CHEM1,HEALT,339.69,162545448.911,7,7,162545044.166,8.0,143.0,236.0,17.745,478511.139306
1794399,IT,WL,KEROS,AIRTR,240.48,161749780.101,7,7,161749531.937,8.0,75.0,152.0,13.164,672612.192702
1657234,IT,DE,CHEM1,RUBBE,332.79,159242525.896,7,7,159242128.512,8.0,140.0,232.0,17.384,478507.544986
1790123,IT,WA,BASIC,BASIC,179.48,155915649.673,7,7,155915434.815,4.0,65.0,136.0,9.858,868707.653627
1760806,IT,IN,COKEO,BASIC,18.53,147174771.421,6,6,147174750.668,0.0,6.0,14.0,0.753,7942513.298489
1675001,IT,FR,PREC1,FOUND,245.63,144578829.852,7,7,144578254.198,5.0,265.0,299.0,6.654,588604.119415
1658474,IT,DE,FABRI,CONST,584.81,143700992.615,7,7,143700551.307,10.0,137.0,284.0,10.308,245722.529736
1675668,IT,FR,TRANS,TRANS,853.36,142997374.264,7,7,142996948.502,16.0,163.0,239.0,7.762,167569.811409
1674941,IT,FR,BASIC,CONST,157.6,136913686.106,7,7,136913498.45,3.0,57.0,119.0,8.656,868741.663109
1806155,IT,WF,FABRI,CONST,556.95,136856937.642,7,7,136856517.825,9.0,130.0,271.0,9.817,245725.716208
1642750,IT,AT,MACHI,MACHI,748.55,134173887.439,7,7,134173469.416,14.0,175.0,218.0,11.023,179245.057029
1645607,IT,BE,CHEM1,CHEM1,279.69,133834224.029,7,7,133833890.419,6.0,118.0,195.0,14.61,478509.149519
1658283,IT,DE,COPP1,COPP1,337.92,133761240.445,7,7,133760619.529,7.0,175.0,432.0,6.916,395837.004158
1737989,IT,GB,CHEM1,HEALT,279.24,133617419.699,7,7,133617088.112,6.0,117.0,194.0,14.587,478503.866563
1658446,IT,DE,FABRI,FABRI,533.76,131158663.302,7,7,131158260.894,9.0,125.0,259.0,9.408,245725.912961
1657447,IT,DE,RUBBE,MOTO1,428.24,129250979.175,7,7,129250578.456,8.0,194.0,187.0,11.719,301819.024788
1811694,IT,WM,CHEM1,HEALT,266.53,127539409.117,7,7,127539092.194,6.0,112.0,185.0,13.923,478518.024676
1748993,IT,CN,LEATH,LEATH,911.31,127236668.817,7,7,127235541.798,15.0,898.0,192.0,22.019,139619.52444
1643260,IT,AT,HOTEL,CONST,922.05,127216046.308,7,7,127215609.723,16.0,254.0,157.0,9.585,137970.8761
1748776,IT,CN,TEXTI,TEXTI,748.52,126322519.181,7,7,126322256.413,12.0,121.0,113.0,16.768,168763.051329
1749552,IT,CN,PLAST,RUBBE,260.35,124082538.343,7,7,124082293.722,4.0,99.0,129.0,12.621,476598.95657
1657128,IT,DE,PLAST,RUBBE,259.74,123790553.831,7,7,123790310.239,4.0,98.0,129.0,12.592,476594.108843
1673892,IT,FR,COKEO,PREC1,15.5,123123202.556,6,6,123123184.926,0.0,5.0,12.0,0.63,7943432.422968
1750507,IT,CN,MACHI,MACHI,686.54,123058095.76,7,7,123057711.65,13.0,161.0,200.0,10.11,179243.883474
1657228,IT,DE,CHEM1,CHEM1,256.29,122636167.9,7,7,122635862.512,6.0,108.0,178.0,13.388,478505.473877
1741903,IT,US,CHEM1,PLAST,255.3,122165183.814,7,7,122164879.478,6.0,107.0,178.0,13.336,478516.191986
1750532,IT,CN,MACHI,CONST,681.17,122095476.093,7,7,122095096.062,13.0,159.0,198.0,10.031,179243.76601
1742926,IT,US,MACHI,MOTO1,657.65,117881004.426,7,7,117880637.741,12.0,154.0,191.0,9.685,179245.806167
1675417,IT,FR,MACHI,CONST,656.75,117718291.69,7,7,117717925.019,12.0,154.0,191.0,9.671,179243.687385
1804390,IT,WF,KEROS,TRANS,175.0,117708842.398,7,7,117708661.818,6.0,55.0,110.0,9.58,672621.95656
1726287,IT,RO,BASIC,MOTO1,134.52,116865363.618,7,7,116865202.229,3.0,49.0,102.0,7.389,868758.278457
1656680,IT,DE,COKEO,BASIC,14.57,115729759.966,6,6,115729743.374,0.0,5.0,11.0,0.592,7943017.156211
1666577,IT,ES,CHEM1,PLAST,241.73,115671007.492,7,7,115670718.865,6.0,102.0,168.0,12.627,478513.248219
1656492,IT,DE,PAPER,PAPER,443.28,114397758.342,7,7,114396630.058,8.0,922.0,187.0,11.284,258071.102558
1812871,IT,WM,FABRI,CONST,452.25,111128719.503,7,7,111128377.532,8.0,106.0,220.0,7.971,245724.089559
1667904,IT,ES,MOTO1,MOTO1,591.25,111083943.174,7,7,111083615.947,11.0,122.0,187.0,7.227,187879.819322
1741800,IT,US,PLAST,RUBBE,231.19,110183701.15,7,7,110183482.942,4.0,88.0,115.0,11.208,476593.715775
1674936,IT,FR,BASIC,MOTO1,126.14,109582144.432,7,7,109581992.504,3.0,46.0,96.0,6.928,868734.298652
1812346,IT,WM,BASIC,FABRI,125.84,109320414.157,7,7,109320263.245,3.0,46.0,95.0,6.912,868725.478044
1719812,IT,PL,BASIC,BASIC,125.07,108655894.163,7,7,108655744.293,3.0,45.0,95.0,6.87,868760.647341
1673891,IT,FR,COKEO,BASIC,13.61,108076788.735,6,6,108076773.182,0.0,5.0,10.0,0.553,7940983.742469
1675403,IT,FR,MACHI,MOTO1,602.11,107925390.132,7,7,107925054.265,11.0,141.0,175.0,8.867,179245.304233
1777497,IT,TR,BASIC,BASIC,124.04,107757985.153,7,7,107757836.34,3.0,45.0,94.0,6.813,868735.771953
1789433,IT,WA,CHEM1,HEALT,223.68,107032438.514,7,7,107032171.83,5.0,94.0,156.0,11.684,478506.967606
1812238,IT,WM,NONME,CONST,215.98,106903221.593,7,7,106902936.862,4.0,53.0,216.0,11.731,494968.152574
1657428,IT,DE,RUBBE,RUBBE,354.05,106858799.657,7,7,106858466.968,7.0,161.0,155.0,9.689,301818.386265
1750689,IT,CN,MOTO1,MOTO1,564.52,106061278.082,7,7,106060966.182,10.0,117.0,178.0,6.9,187878.690006
1742398,IT,US,NONME,CONST,213.18,105517117.271,7,7,105516836.692,4.0,52.0,213.0,11.579,494967.244915
1729390,IT,SE,BASIC,FABRI,119.7,103989887.554,7,7,103989744.979,2.0,43.0,91.0,6.575,868754.281988
1750074,IT,CN,BASIC,BASIC,118.83,103227986.329,7,7,103227844.802,2.0,43.0,90.0,6.527,868703.074384
1742921,IT,US,MACHI,MACHI,572.49,102615632.47,7,7,102615312.039,11.0,134.0,167.0,8.431,179244.41033
1742495,IT,US,BASIC,MOTO1,117.96,102477070.6,7,7,102476930.121,2.0,43.0,89.0,6.479,868744.24042
1742490,IT,US,BASIC,MACHI,117.54,102108994.116,7,7,102108853.66,2.0,43.0,89.0,6.456,868716.98244
1757561,IT,BR,KEROS,AIRTR,151.42,101848826.86,7,7,101848670.571,5.0,47.0,96.0,8.289,672624.665566
1646082,IT,BE,BASIC,FABRI,116.76,101431231.714,7,7,101431093.301,2.0,42.0,88.0,6.413,868715.585081
1719437,IT,PL,RUBBE,CONST,333.44,100638326.63,7,7,100638014.505,6.0,151.0,146.0,9.125,301818.398003
1657959,IT,DE,BASIC,CONST,115.79,100590423.86,7,7,100590285.5,2.0,42.0,88.0,6.36,868731.530011
1646596,IT,BE,MOTO1,MOTO1,527.44,99093971.008,7,7,99093679.561,9.0,109.0,167.0,6.447,187877.239132
1777523,IT,TR,BASIC,CONST,112.37,97618224.183,7,7,97618090.011,2.0,41.0,85.0,6.172,868721.404138
1655319,IT,DE,VEGET,FOOD5,342.67,96788069.744,7,7,96787615.942,8.0,398.0,44.0,3.802,282452.708857
1675595,IT,FR,MOTO1,MOTO1,506.46,95153564.946,7,7,95153284.756,9.0,105.0,160.0,6.19,187879.72386
1642335,IT,AT,BASIC,FABRI,107.61,93485901.777,7,7,93485772.866,2.0,39.0,82.0,5.911,868747.344829
1776911,IT,TR,PLAST,RUBBE,195.54,93196441.115,7,7,93196257.635,3.0,74.0,97.0,9.48,476610.622456
1776535,IT,TR,KEROS,AIRTR,138.28,93007417.273,7,7,93007275.703,4.0,43.0,87.0,7.57,672602.091937
1726286,IT,RO,BASIC,OFFIC,104.81,91048227.797,7,7,91048103.04,2.0,38.0,79.0,5.757,868697.908568
1657931,IT,DE,BASIC,FOUND,102.96,89443060.163,7,7,89442937.508,2.0,37.0,78.0,5.655,868716.59055
1675284,IT,FR,FABRI,CONST,357.16,87762774.881,7,7,87762504.586,6.0,84.0,174.0,6.295,245723.974916
1742946,IT,US,MACHI,CONST,489.18,87683188.495,7,7,87682915.291,9.0,115.0,142.0,7.204,179245.244072
1749970,IT,CN,CERAM,CONST,135.94,87263458.635,7,7,87262961.905,2.0,38.0,452.0,4.73,641926.28097
1785544,IT,ZA,KEROS,MACHI,129.11,86842682.031,7,7,86842548.963,4.0,40.0,82.0,7.068,672625.528859
1658596,IT,DE,MACHI,FABRI,483.97,86749877.106,7,7,86749606.979,9.0,113.0,141.0,7.127,179246.393591
1657294,IT,DE,CHEM1,HEALT,180.65,86442995.971,7,7,86442780.534,4.0,76.0,126.0,9.437,478510.91044
1813006,IT,WM,MACHI,CONST,477.61,85609247.433,7,7,85608980.4,9.0,112.0,139.0,7.033,179245.089996
1741906,IT,US,CHEM1,CHEM1,175.3,83882958.364,7,7,83882749.207,4.0,74.0,122.0,9.157,478510.886275
1763945,IT,MX,BASIC,MOTO1,96.5,83833357.323,7,7,83833242.023,2.0,35.0,73.0,5.3,868739.454124
1720658,IT,PL,MOTO1,MOTO1,444.8,83569069.469,7,7,83568823.032,8.0,92.0,141.0,5.437,187880.102223
1790130,IT,WA,BASIC,FABRI,95.81,83232113.47,7,7,83231998.208,2.0,35.0,73.0,5.262,868720.524684
1726295,IT,RO,BASIC,CONST,95.46,82931066.784,7,7,82930952.541,2.0,35.0,72.0,5.243,868752.009051
1742551,IT,US,PREC1,PREC1,140.27,82564808.565,7,7,82564479.765,3.0,151.0,171.0,3.8,588613.449526
1742246,IT,US,CERAM,CONST,127.66,81951330.373,7,7,81950862.931,2.0,36.0,425.0,4.442,641949.948089
1730117,IT,SE,HOTEL,AIRTR,589.33,81311174.36,7,7,81310894.234,11.0,163.0,100.0,6.126,137972.230092
1716090,IT,NL,BASIC,FABRI,93.09,80869887.43,7,7,80869775.317,2.0,34.0,71.0,5.113,868727.977549
1673308,IT,FR,TEXTI,TEXTI,477.99,80666793.618,7,7,80666625.91,8.0,77.0,72.0,10.708,168762.513061
1666751,IT,ES,RUBBE,RUBBE,265.88,80249458.647,7,7,80249209.371,5.0,121.0,116.0,7.276,301825.856202
1805395,IT,WF,RUBBE,CONST,258.81,78113862.206,7,7,78113620.123,5.0,117.0,113.0,7.083,301819.335443
1777043,IT,TR,CHEM1,PLAST,160.58,76838029.433,7,7,76837837.045,4.0,68.0,112.0,8.388,478503.110182
1806281,IT,WF,MACHI,CONST,424.67,76119739.842,7,7,76119502.588,8.0,99.0,124.0,6.254,179244.448259
1657974,IT,DE,BASIC,RESEA,87.16,75721915.942,7,7,75721811.154,2.0,32.0,66.0,4.788,868769.113607
1646483,IT,BE,MACHI,MACHI,418.64,75039248.402,7,7,75039014.237,8.0,98.0,122.0,6.165,179245.290469
1740799,IT,US,VEGE1,FOOD5,230.52,74961999.028,7,7,74961394.72,5.0,457.0,126.0,16.308,325186.530574
1804910,IT,WF,BITU1,CONST,117.88,74763089.626,7,7,74762960.673,4.0,35.0,84.0,5.953,634230.48546
1738322,IT,GB,BASIC,FABRI,86.03,74733168.34,7,7,74733065.615,2.0,31.0,65.0,4.725,868687.299082
1719824,IT,PL,BASIC,MOTO1,85.98,74693187.88,7,7,74693085.157,2.0,31.0,65.0,4.723,868727.470109
1658447,IT,DE,FABRI,MACHI,298.09,73247867.442,7,7,73247642.188,5.0,70.0,145.0,5.254,245724.000946
1686418,IT,HU,BASIC,FABRI,83.92,72903561.738,7,7,72903461.129,2.0,30.0,64.0,4.609,868726.903456
1778104,IT,TR,MOTO1,MOTO1,387.81,72861775.85,7,7,72861561.11,7.0,80.0,123.0,4.74,187880.085222
1653532,IT,CZ,BASIC,FABRI,83.19,72267791.308,7,7,72267691.739,2.0,30.0,63.0,4.569,868707.672893
1741967,IT,US,CHEM1,HEALT,149.11,71350593.674,7,7,71350415.885,3.0,63.0,104.0,7.789,478509.782536
1719820,IT,PL,BASIC,MACHI,81.11,70463083.815,7,7,70462987.36,2.0,29.0,61.0,4.455,868734.851621
1738383,IT,GB,PREC1,FOUND,119.62,70407968.701,7,7,70407688.461,2.0,129.0,146.0,3.24,588596.962891
1811914,IT,WM,RUBBE,CONST,230.78,69654200.825,7,7,69653984.509,4.0,105.0,101.0,6.316,301820.785272
1675399,IT,FR,MACHI,MACHI,387.87,69523702.331,7,7,69523485.619,7.0,91.0,113.0,5.712,179244.856088
1680952,IT,GR,SEACO,SEACO,70.08,68913938.308,7,7,68913902.115,1.0,13.0,21.0,1.193,983360.991838
1761445,IT,IN,BASIC,CONST,79.31,68896505.26,7,7,68896409.904,2.0,29.0,60.0,4.356,868698.843273
1668557,IT,ES,HOTEL,CONST,499.23,68879415.569,7,7,68879178.38,9.0,138.0,85.0,5.189,137971.306951
1741963,IT,US,CHEM1,RESEA,143.91,68862004.66,7,7,68861833.143,3.0,61.0,100.0,7.517,478507.43284
1653534,IT,CZ,BASIC,OFFIC,78.99,68623540.252,7,7,68623444.913,2.0,29.0,60.0,4.339,868762.378174
1658452,IT,DE,FABRI,MOTO1,277.68,68233641.775,7,7,68233431.881,5.0,65.0,135.0,4.894,245727.606507
1772884,IT,CH,BASIC,DIST1,77.95,67715698.696,7,7,67715605.415,2.0,28.0,59.0,4.281,868706.846645
1750081,IT,CN,BASIC,FABRI,77.86,67641906.198,7,7,67641812.921,2.0,28.0,59.0,4.277,868763.244259
1742857,IT,US,MACHI,CRUDE,374.77,67176359.757,7,7,67176150.238,7.0,88.0,109.0,5.519,179246.897449
1666770,IT,ES,RUBBE,MOTO1,221.87,66964449.596,7,7,66964241.524,4.0,101.0,97.0,6.072,301818.405354
1657934,IT,DE,BASIC,OFFIC,75.97,65996882.344,7,7,65996790.171,2.0,28.0,58.0,4.173,868722.947795
1737346,IT,GB,BEVER,HOTEL,278.45,65480185.782,7,7,65479923.573,6.0,177.0,75.0,4.209,235159.582625
1811692,IT,WM,CHEM1,PUBLI,134.82,64512186.554,7,7,64512025.511,3.0,57.0,94.0,7.043,478506.056624
1653533,IT,CZ,BASIC,MACHI,73.83,64135723.24,7,7,64135635.185,1.0,27.0,56.0,4.055,868694.612488
1788810,IT,WA,KEROS,AIRTR,95.34,64130791.065,7,7,64130692.846,3.0,30.0,60.0,5.219,672653.566866
1667155,IT,ES,BASIC,MOTO1,73.38,63744389.066,7,7,63744301.036,1.0,27.0,56.0,4.03,868688.867075
1740918,IT,US,FOOD5,FOOD5,305.13,63511308.257,7,7,63510923.579,7.0,295.0,77.0,5.678,208145.079989
1749662,IT,CN,CHEM1,PFERT,132.53,63416175.624,7,7,63416017.701,3.0,56.0,92.0,6.923,478504.305621
1750512,IT,CN,MACHI,MOTO1,353.06,63284048.425,7,7,63283850.226,7.0,83.0,103.0,5.199,179244.458237
1750401,IT,CN,FABRI,CONST,257.43,63256907.779,7,7,63256714.242,4.0,60.0,125.0,4.537,245724.693233
1738061,IT,GB,RUBBE,RUBBE,208.72,62995382.376,7,7,62995186.664,4.0,95.0,91.0,5.712,301817.661824
1719152,IT,PL,PLAST,RUBBE,132.16,62989013.448,7,7,62988890.041,2.0,50.0,65.0,6.407,476611.784564
1738323,IT,GB,BASIC,MACHI,72.11,62640870.474,7,7,62640784.513,1.0,26.0,55.0,3.961,868684.932381
1737862,IT,GB,PLAST,RUBBE,131.04,62454151.918,7,7,62454028.565,2.0,50.0,65.0,6.353,476603.723428
1737942,IT,GB,CHEM1,CHEM1,130.05,62229644.529,7,7,62229489.736,3.0,55.0,90.0,6.793,478505.53271
1647133,IT,BE,HOTEL,SUPPO,449.36,61998568.06,7,7,61998354.389,8.0,124.0,77.0,4.671,137970.820856
1658344,IT,DE,NONF1,NONF1,13.51,61785774.363,6,6,61785751.015,0.0,6.0,17.0,0.348,4573336.370318
1738825,IT,GB,MOTO1,MOTO1,328.74,61763807.157,7,7,61763625.139,6.0,68.0,104.0,4.018,187880.41357
1655807,IT,DE,VEGE1,FOOD5,188.62,61335889.082,7,7,61335394.738,4.0,374.0,103.0,13.344,325182.319383
1674356,IT,FR,CHEM1,PLAST,127.54,61027589.938,7,7,61027437.276,3.0,54.0,89.0,6.662,478497.647311
1735959,IT,SK,MOTO1,MOTO1,324.0,60872350.089,7,7,60872171.129,6.0,67.0,102.0,3.96,187877.623731
1764387,IT,MX,MOTO1,MOTO1,322.68,60624417.406,7,7,60624238.462,6.0,67.0,102.0,3.944,187877.827588
1738693,IT,GB,MACHI,MACHI,337.35,60468528.961,7,7,60468340.993,6.0,79.0,98.0,4.968,179245.676481
1742789,IT,US,FABRI,CONST,246.07,60464168.274,7,7,60463981.937,4.0,58.0,120.0,4.337,245719.381778
1746945,IT,JP,MOTO1,MOTO1,321.32,60369139.483,7,7,60368961.556,6.0,66.0,102.0,3.927,187878.561817
1673989,IT,FR,KEROS,AIRTR,89.72,60346264.66,7,7,60346171.749,3.0,28.0,57.0,4.911,672606.605662
1658145,IT,DE,ALUM1,MACHI,104.56,60173422.662,7,7,60173282.841,2.0,46.0,87.0,4.821,575491.800516
1750253,IT,CN,COPP1,COPP1,151.84,60106565.598,7,7,60106286.49,3.0,79.0,194.0,3.108,395854.62064
1749874,IT,CN,RUBBE,CONST,198.42,59887642.211,7,7,59887455.781,4.0,90.0,87.0,5.43,301822.609671
1667530,IT,ES,FABRI,MOTO1,243.16,59749275.732,7,7,59749092.446,4.0,57.0,118.0,4.286,245720.002188
1658144,IT,DE,ALUM1,FABRI,103.67,59662679.921,7,7,59662542.141,2.0,45.0,86.0,4.78,575505.738603
1642358,IT,AT,BASIC,CONST,68.42,59435163.62,7,7,59435081.862,1.0,25.0,52.0,3.758,868681.14031
1790136,IT,WA,BASIC,MOTO1,67.71,58817543.724,7,7,58817463.005,1.0,25.0,51.0,3.719,868668.49393
1674587,IT,FR,RUBBE,CONST,194.37,58663795.086,7,7,58663612.767,4.0,88.0,85.0,5.319,301815.06964
1749707,IT,CN,CHEM1,CONST,122.44,58590560.364,7,7,58590413.968,3.0,52.0,85.0,6.396,478524.668115
1732053,IT,SI,KEROS,REALE,86.83,58406271.9,7,7,58406182.147,3.0,27.0,55.0,4.753,672650.833813
1716099,IT,NL,BASIC,CONST,66.9,58121337.095,7,7,58121257.42,1.0,24.0,51.0,3.675,868779.328774
1743664,IT,US,HOTEL,BUSIN,418.72,57771006.351,7,7,57770808.999,7.0,115.0,71.0,4.352,137970.496635
1810869,IT,WM,KEROS,SUPPO,85.62,57592748.476,7,7,57592659.789,3.0,27.0,54.0,4.687,672655.319738
1749635,IT,CN,CHEM1,TEXTI,120.33,57577554.758,7,7,57577410.472,3.0,51.0,84.0,6.286,478497.089321
1750302,IT,CN,NONF1,NONF1,12.47,57011952.877,6,6,57011931.556,0.0,5.0,16.0,0.321,4571928.859423
1654176,IT,CZ,MOTO1,MOTO1,302.57,56846166.552,7,7,56845998.854,5.0,63.0,96.0,3.698,187877.735902
1674806,IT,FR,CEMEN,CONST,90.96,56831929.214,7,7,56831556.65,2.0,19.0,349.0,2.564,624801.332608
1667189,IT,ES,BASIC,BUSIN,65.3,56729470.856,7,7,56729393.269,1.0,24.0,49.0,3.587,868751.467933
1667290,IT,ES,ALUM1,ALUM1,98.33,56592155.793,7,7,56592024.259,2.0,43.0,82.0,4.534,575532.958334
1646095,IT,BE,BASIC,CONST,64.99,56458580.041,7,7,56458502.471,1.0,24.0,49.0,3.57,868727.189429
1674934,IT,FR,BASIC,MACHI,64.43,55974778.336,7,7,55974701.797,1.0,23.0,49.0,3.539,868768.87065
1675404,IT,FR,MACHI,TRANS,310.97,55739439.667,7,7,55739266.088,6.0,73.0,90.0,4.579,179243.784503
1750446,IT,CN,MACHI,BITUM,309.46,55468516.983,7,7,55468344.426,6.0,72.0,90.0,4.557,179242.929564
1740860,IT,US,DAIRY,DAIRY,222.99,54891779.833,7,7,54891332.117,4.0,389.0,51.0,3.716,246162.51775
1675138,IT,FR,COPP1,COPP1,138.54,54840791.726,7,7,54840536.891,3.0,72.0,177.0,2.835,395848.070781
1738585,IT,GB,FABRI,MACHI,223.08,54815667.73,7,7,54815499.798,4.0,52.0,108.0,3.932,245722.017796
1738697,IT,GB,MACHI,MOTO1,303.88,54468658.701,7,7,54468489.226,6.0,71.0,88.0,4.475,179243.973611
1804812,IT,WF,NAPHT,FURNI,91.18,53718129.751,7,7,53717993.909,3.0,33.0,96.0,3.842,589143.7788
1657442,IT,DE,RUBBE,MACHI,176.26,53199058.606,7,7,53198893.782,3.0,80.0,77.0,4.824,301821.505764
1653537,IT,CZ,BASIC,MOTO1,61.21,53172856.231,7,7,53172783.869,1.0,22.0,46.0,3.362,868695.576393
1720315,IT,PL,FABRI,MOTO1,216.25,53138980.905,7,7,53138817.093,4.0,51.0,105.0,3.812,245729.391468
1655964,IT,DE,FOOD5,FOOD5,254.8,53036037.347,7,7,53035716.606,6.0,246.0,64.0,4.741,208147.713293
1755908,IT,KR,BASIC,BASIC,60.54,52591380.584,7,7,52591308.259,1.0,22.0,46.0,3.325,868704.667724
1805680,IT,WF,BASIC,CRUDE,60.5,52554530.225,7,7,52554457.902,1.0,22.0,46.0,3.323,868669.921074
1642439,IT,AT,ALUM1,ALUM1,91.28,52533660.466,7,7,52533538.257,2.0,40.0,76.0,4.209,575522.134816
1657939,IT,DE,BASIC,FURNI,60.41,52476309.48,7,7,52476237.162,1.0,22.0,46.0,3.318,868669.251448
1796144,IT,WL,TRANS,PUBLI,313.1,52466301.269,7,7,52466144.421,6.0,60.0,88.0,2.848,167570.428837
1795823,IT,WL,MACHI,CONST,291.75,52295319.031,7,7,52295156.735,5.0,68.0,85.0,4.296,179247.023243
1674569,IT,FR,RUBBE,MOTO1,173.24,52288073.16,7,7,52287910.419,3.0,79.0,76.0,4.741,301824.481413
1773041,IT,CH,ALUM1,MACHI,90.48,52072467.565,7,7,52072347.393,2.0,39.0,75.0,4.172,575513.567252
1675068,IT,FR,ALUM1,FABRI,90.29,51961262.592,7,7,51961142.429,2.0,39.0,75.0,4.163,575492.995813
1719821,IT,PL,BASIC,OFFIC,58.78,51061983.946,7,7,51061913.718,1.0,21.0,45.0,3.228,868696.562538
1811587,IT,WM,CHEM1,CRUDE,105.93,50690319.517,7,7,50690192.983,2.0,45.0,74.0,5.534,478526.569593
1800109,IT,WE,NAPHT,PLAST,85.91,50614733.428,7,7,50614605.808,2.0,31.0,91.0,3.62,589159.974718
1719929,IT,PL,PREC1,PREC1,85.98,50611040.878,7,7,50610838.549,2.0,93.0,105.0,2.329,588637.367737
1774369,IT,CH,HOTEL,AIRTR,366.41,50554707.88,7,7,50554534.071,7.0,101.0,62.0,3.809,137973.057176
1800837,IT,WE,BASIC,FABRI,55.63,48323685.717,7,7,48323619.662,1.0,20.0,42.0,3.055,868662.335377
1805733,IT,WF,BASIC,FABRI,55.25,47994827.346,7,7,47994761.312,1.0,20.0,42.0,3.034,868684.657846
1642337,IT,AT,BASIC,OFFIC,54.71,47530049.866,7,7,47529984.861,1.0,20.0,41.0,3.005,868763.477719
1675262,IT,FR,FABRI,FABRI,192.5,47301607.362,7,7,47301461.969,3.0,45.0,94.0,3.393,245722.635647
1806019,IT,WF,COPP1,COPP1,118.34,46843589.371,7,7,46843371.949,3.0,61.0,151.0,2.422,395839.017838
1804368,IT,WF,KEROS,FORES,69.15,46510694.003,7,7,46510622.218,2.0,22.0,44.0,3.785,672605.842415
1772447,IT,CH,CHEM1,RESEA,97.1,46465454.275,7,7,46465338.203,2.0,41.0,68.0,5.072,478531.969876
1748777,IT,CN,TEXTI,WEARI,275.17,46438466.875,7,7,46438369.711,5.0,45.0,41.0,6.164,168762.826162
1675904,IT,FR,ELEC2,DISTR,11.11,46150407.909,6,6,46150396.08,0.0,4.0,3.0,4.829,4153952.107021
1666961,IT,ES,CERAM,CONST,71.46,45875214.982,7,7,45874953.496,1.0,20.0,238.0,2.486,641970.542709
1772320,IT,CH,PLAST,RUBBE,95.48,45507469.996,7,7,45507380.367,2.0,36.0,47.0,4.629,476617.825681
1689610,IT,IE,AIRTR,HEALT,49.1,45108957.222,7,7,45108922.801,1.0,11.0,21.0,1.421,918716.033035
1720452,IT,PL,MACHI,OFFIC,251.38,45059187.906,7,7,45059047.204,5.0,59.0,73.0,3.702,179247.306492
1658876,IT,DE,TRANS,TRANS,268.6,45008254.394,7,7,45008120.951,5.0,51.0,75.0,2.443,167566.099754
1795004,IT,WL,CHEM1,HEALT,93.96,44961011.524,7,7,44960899.616,2.0,40.0,65.0,4.908,478512.25547
1770322,IT,AU,HOTEL,BUSIN,325.31,44883523.815,7,7,44883369.433,6.0,90.0,55.0,3.382,137971.546571
1668568,IT,ES,HOTEL,SUPPO,324.27,44739997.415,7,7,44739844.044,6.0,89.0,55.0,3.371,137971.435578
1813397,IT,WM,FURNI,CONST,142.58,44665809.89,7,7,44665559.05,3.0,129.0,115.0,3.84,313268.409945
1758509,IT,BR,MACHI,MACHI,248.77,44590739.348,7,7,44590600.685,5.0,58.0,72.0,3.663,179244.842015
1658849,IT,DE,MOTO1,RESEA,237.33,44588493.998,7,7,44588363.097,4.0,49.0,75.0,2.901,187875.50667
1657826,IT,DE,NONME,CONST,89.91,44503259.367,7,7,44503141.484,1.0,22.0,90.0,4.883,494975.635269
1810363,IT,WM,WOODW,CONST,124.39,44455526.438,7,7,44455171.436,2.0,283.0,67.0,3.002,357388.266243
1686420,IT,HU,BASIC,OFFIC,51.07,44365442.474,7,7,44365380.669,1.0,19.0,39.0,2.805,868718.278324
1675070,IT,FR,ALUM1,OFFIC,76.42,43979285.72,7,7,43979184.197,2.0,33.0,63.0,3.523,575494.44805
1676829,IT,FR,LANDT,DIST1,283.24,43906036.266,7,7,43905949.19,4.0,23.0,58.0,2.076,155013.544224
1753332,IT,CA,BASIC,CONST,50.46,43832577.685,7,7,43832517.914,1.0,18.0,38.0,2.771,868659.882778
1805519,IT,WF,CERAM,CONST,68.11,43722830.458,7,7,43722581.088,1.0,19.0,227.0,2.37,641944.361445
1661022,IT,DE,BUSIN,BUSIN,448.9,43707589.971,7,7,43707410.955,7.0,87.0,82.0,3.016,97365.983451
1667670,IT,ES,MACHI,MACHI,242.59,43483223.085,7,7,43483086.513,5.0,57.0,71.0,3.572,179245.735954
1674237,IT,FR,NAPHT,PLAST,73.79,43473714.473,7,7,43473604.363,2.0,27.0,78.0,3.11,589154.553097
1671246,IT,FI,BASIC,BASIC,50.0,43437139.741,7,7,43437079.995,1.0,18.0,38.0,2.746,868742.79482
1750509,IT,CN,MACHI,ELECT,240.49,43106265.389,7,7,43106131.848,4.0,56.0,70.0,3.541,179243.483675
1732048,IT,SI,KEROS,AIRTR,64.03,43067794.745,7,7,43067729.24,2.0,20.0,40.0,3.505,672619.002733
1658137,IT,DE,ALUM1,BASIC,74.73,43006808.213,7,7,43006707.768,2.0,33.0,62.0,3.445,575495.894728
1732213,IT,SI,HEAVY,FOOD5,69.45,42995063.965,7,7,42994992.513,2.0,21.0,45.0,3.452,619079.394744
1658149,IT,DE,ALUM1,MOTO1,74.54,42899422.123,7,7,42899322.686,2.0,32.0,62.0,3.437,575522.164247
1667225,IT,ES,PREC1,FOUND,72.33,42577318.896,7,7,42577149.936,1.0,78.0,88.0,1.96,588653.655413
1750275,IT,CN,COPP1,CONST,107.4,42512533.646,7,7,42512336.448,2.0,56.0,137.0,2.198,395833.646611
1667152,IT,ES,BASIC,MACHI,48.93,42507395.52,7,7,42507336.832,1.0,18.0,37.0,2.688,868738.92336
1750082,IT,CN,BASIC,MACHI,48.89,42472125.512,7,7,42472066.827,1.0,18.0,37.0,2.685,868728.278012
1642334,IT,AT,BASIC,FOUND,48.82,42408826.705,7,7,42408768.024,1.0,18.0,37.0,2.681,868677.318824
1811397,IT,WM,PLAST,CRUDE,87.27,41594746.223,7,7,41594664.992,1.0,33.0,43.0,4.231,476621.361556
1672950,IT,FR,DAIRY,HOTEL,168.58,41497470.161,7,7,41497131.352,3.0,294.0,39.0,2.809,246158.916603
1756205,IT,KR,MACHI,MACHI,231.41,41479676.301,7,7,41479547.893,4.0,54.0,67.0,3.408,179247.553265
1777957,IT,TR,MACHI,MOTO1,230.9,41386817.851,7,7,41386689.451,4.0,54.0,67.0,3.4,179241.30728
1689467,IT,IE,HOTEL,AIRTR,299.04,41258869.69,7,7,41258728.582,5.0,82.0,51.0,3.108,137971.073067
1720451,IT,PL,MACHI,MACHI,230.15,41253111.998,7,7,41252983.609,4.0,54.0,67.0,3.389,179244.457954
1658047,IT,DE,PREC1,FURNI,69.93,41163258.471,7,7,41163095.577,1.0,75.0,85.0,1.894,588635.18477
1657938,IT,DE,BASIC,TRANS,47.32,41110350.044,7,7,41110293.445,1.0,17.0,36.0,2.599,868773.246915
1719319,IT,PL,CHEM1,HEALT,85.58,40952274.548,7,7,40952172.077,2.0,36.0,60.0,4.471,478526.227483
1673706,IT,FR,PAPER,PRINT,158.63,40936757.41,7,7,40936353.372,3.0,330.0,67.0,4.038,258064.410326
1812451,IT,WM,PREC1,PREC1,69.33,40807598.422,7,7,40807436.544,1.0,75.0,84.0,1.878,588599.429136
1658640,IT,DE,MACHI,RESEA,227.09,40704178.505,7,7,40704052.161,4.0,53.0,66.0,3.344,179242.496389
1755539,IT,KR,CHEM1,PLAST,85.0,40673927.861,7,7,40673826.421,2.0,36.0,59.0,4.44,478516.798365
1795686,IT,WL,FABRI,CONST,165.39,40639054.332,7,7,40638929.417,3.0,39.0,80.0,2.915,245716.514493
1750499,IT,CN,MACHI,BASIC,225.98,40505314.353,7,7,40505188.025,4.0,53.0,66.0,3.328,179242.916864
1658604,IT,DE,MACHI,FURNI,225.86,40483752.651,7,7,40483626.325,4.0,53.0,66.0,3.326,179242.684189
1726284,IT,RO,BASIC,FABRI,46.58,40462018.445,7,7,40461962.887,1.0,17.0,35.0,2.558,868656.471554
1749638,IT,CN,CHEM1,WOODW,84.19,40285302.752,7,7,40285202.354,2.0,35.0,59.0,4.398,478504.605678
1749672,IT,CN,CHEM1,BASIC,84.04,40213732.001,7,7,40213632.611,2.0,35.0,58.0,4.39,478507.044277
1795415,IT,WL,BASIC,CONST,46.2,40133037.391,7,7,40132981.854,1.0,17.0,35.0,2.537,868680.463009
1804521,IT,WF,GASDI,CONST,59.16,39746355.868,7,7,39746295.632,2.0,18.0,37.0,3.236,671845.095808
1674937,IT,FR,BASIC,TRANS,45.71,39706317.894,7,7,39706262.384,1.0,17.0,35.0,2.51,868657.140538
1737939,IT,GB,CHEM1,PLAST,82.94,39688723.691,7,7,39688624.358,2.0,35.0,58.0,4.333,478523.314336
1758239,IT,BR,BASIC,MOTO1,45.52,39547735.314,7,7,39547680.814,1.0,17.0,34.0,2.5,868799.106195
1679601,IT,GR,RUBBE,SEACO,130.61,39419892.956,7,7,39419771.382,2.0,59.0,57.0,3.574,301813.742868
1653525,IT,CZ,BASIC,BASIC,45.33,39376435.064,7,7,39376381.574,1.0,16.0,34.0,2.49,868661.704478
1665375,IT,ES,TEXTI,WEARI,232.56,39247774.021,7,7,39247691.811,4.0,38.0,35.0,5.21,168764.078178
1732836,IT,SI,BASIC,FABRI,44.94,39044839.248,7,7,39044785.779,1.0,16.0,34.0,2.469,868821.523097
1716095,IT,NL,BASIC,MOTO1,44.81,38929860.018,7,7,38929806.557,1.0,16.0,34.0,2.461,868776.166436
1723393,IT,PT,BASIC,OFFIC,44.81,38928806.633,7,7,38928753.172,1.0,16.0,34.0,2.461,868752.658625
1742777,IT,US,FABRI,MOTO1,158.42,38926823.013,7,7,38926703.221,3.0,37.0,77.0,2.792,245719.120143
1686411,IT,HU,BASIC,BASIC,44.49,38652634.383,7,7,38652580.939,1.0,16.0,34.0,2.444,868793.760013
1774379,IT,CH,HOTEL,BUSIN,280.1,38645081.17,7,7,38644948.258,5.0,77.0,48.0,2.912,137968.872438
1748674,IT,CN,FOOD5,POULT,184.89,38484726.891,7,7,38484494.451,4.0,179.0,46.0,3.44,208149.31522
1726105,IT,RO,RUBBE,MACHI,127.29,38418454.941,7,7,38418335.458,2.0,58.0,56.0,3.483,301818.327763
1642341,IT,AT,BASIC,MOTO1,44.22,38416995.332,7,7,38416941.903,1.0,16.0,34.0,2.429,868769.681863
1688856,IT,IE,BASIC,CONST,44.18,38380431.483,7,7,38380379.056,1.0,16.0,33.0,2.427,868728.643798
1665948,IT,ES,MOTOR,GASDI,57.15,38256095.55,7,7,38256036.434,2.0,18.0,36.0,3.116,669397.997375
1716091,IT,NL,BASIC,MACHI,44.0,38227601.072,7,7,38227548.655,1.0,16.0,33.0,2.417,868809.115273
1725933,IT,RO,PLAST,MACHI,79.86,38061873.841,7,7,38061798.969,1.0,30.0,40.0,3.872,476607.486113
1788322,IT,WA,LEATH,WHOLE,272.44,38038391.73,7,7,38038056.147,4.0,268.0,57.0,6.583,139621.170643
1657962,IT,DE,BASIC,WHOLE,43.68,37944863.193,7,7,37944810.794,1.0,16.0,33.0,2.399,868701.080426
1790839,IT,WA,MACHI,CONST,211.68,37942976.939,7,7,37942857.822,4.0,50.0,62.0,3.117,179246.867626
1772395,IT,CH,CHEM1,PLAST,78.66,37638964.749,7,7,37638870.64,2.0,33.0,55.0,4.109,478501.967315
1813028,IT,WM,MACHI,PUBLI,209.49,37550208.778,7,7,37550091.693,4.0,49.0,61.0,3.085,179245.82929
1772699,IT,CH,CERAM,CONST,58.27,37402169.431,7,7,37401956.404,1.0,16.0,194.0,2.027,641876.942355
1642373,IT,AT,BASIC,RESEA,43.02,37373535.795,7,7,37373483.432,1.0,16.0,33.0,2.363,868747.92643
1656091,IT,DE,BEVER,HOTEL,158.6,37295898.271,7,7,37295747.874,4.0,101.0,43.0,2.397,235156.987837
1791989,IT,WA,SEACO,SEACO,37.89,37255032.737,7,7,37255012.092,1.0,7.0,12.0,0.645,983241.824677
1686424,IT,HU,BASIC,MOTO1,42.79,37170084.392,7,7,37170033.042,1.0,16.0,32.0,2.35,868662.874316
1766054,IT,RU,CHEM1,HEALT,77.57,37115643.544,7,7,37115550.492,2.0,33.0,54.0,4.052,478479.354699
1742591,IT,US,ALUM1,ALUM1,64.26,36982524.206,7,7,36982439.243,1.0,28.0,53.0,2.963,575513.915437
1805651,IT,WF,NONME,CONST,74.65,36951362.109,7,7,36951264.054,1.0,18.0,75.0,4.055,494994.803871
1642526,IT,AT,COPP1,COPP1,93.0,36811589.358,7,7,36811418.455,2.0,48.0,119.0,1.903,395823.541484
1713854,IT,MT,ELEC2,BIOG1,8.86,36795746.08,6,6,36795736.23,0.0,4.0,2.0,3.85,4153018.744921
1811054,IT,WM,HEAVY,GASDI,59.36,36745516.083,7,7,36745455.133,2.0,18.0,38.0,2.95,619028.2359
1660109,IT,DE,AIRTR,SUPPO,39.93,36682160.647,7,7,36682132.491,1.0,9.0,17.0,1.156,918661.674105
1645783,IT,BE,RUBBE,CONST,120.62,36405183.03,7,7,36405069.729,2.0,55.0,53.0,3.301,301817.13671
1656493,IT,DE,PAPER,PRINT,141.05,36399751.096,7,7,36399392.506,2.0,293.0,60.0,3.59,258062.751478
1726461,IT,RO,FABRI,MACHI,147.91,36345619.524,7,7,36345507.917,2.0,35.0,72.0,2.607,245727.93945
1687073,IT,HU,MOTO1,MOTO1,193.12,36283006.156,7,7,36282899.796,3.0,40.0,61.0,2.36,187878.035191
1738378,IT,GB,PREC1,PREC1,61.3,36083642.93,7,7,36083499.269,1.0,66.0,75.0,1.661,588640.178303
1647444,IT,BE,AIRTR,SUPPO,39.2,36009010.877,7,7,36008982.743,1.0,9.0,17.0,1.134,918597.21625
1641386,IT,AT,KEROS,PUBLI,53.15,35750785.261,7,7,35750729.351,2.0,17.0,34.0,2.91,672639.421656
1749568,IT,CN,PLAST,ELECT,74.94,35718059.154,7,7,35717989.521,1.0,28.0,37.0,3.633,476622.086389
1750040,IT,CN,NONME,CONST,72.13,35702163.773,7,7,35702068.855,1.0,18.0,72.0,3.918,494969.690462
1772874,IT,CH,BASIC,TRANS,40.93,35554339.922,7,7,35554290.674,1.0,15.0,31.0,2.248,868662.104129
1711587,IT,LU,FINAN,FINAN,461.64,35454685.617,7,7,35454640.593,5.0,19.0,20.0,1.024,76801.589154
1799699,IT,WE,MOTOR,LANDT,52.91,35416813.519,7,7,35416759.634,2.0,16.0,33.0,2.885,669378.444888
1760334,IT,IN,STONE,CONST,114.0,35241435.101,7,7,35239436.494,2.0,24.0,1971.0,1.607,309135.395623
1742107,IT,US,RUBBE,MOTO1,116.05,35026721.632,7,7,35026612.456,2.0,53.0,51.0,3.176,301824.400103
1740274,IT,GB,BUSIN,BUSIN,356.58,34718826.269,7,7,34718684.873,5.0,69.0,65.0,2.396,97366.162625
1774588,IT,CH,SEACO,OFFIC,35.19,34601109.415,7,7,34601089.816,1.0,7.0,11.0,0.599,983265.399687
1679761,IT,GR,BASIC,CONST,39.65,34443994.206,7,7,34443947.028,1.0,14.0,30.0,2.178,868700.988802
1667398,IT,ES,COPP1,FABRI,86.64,34296274.245,7,7,34296114.472,2.0,45.0,111.0,1.773,395848.040686
1715862,IT,NL,RUBBE,CONST,113.57,34277372.187,7,7,34277265.079,2.0,52.0,50.0,3.108,301817.136453
1674546,IT,FR,RUBBE,CHEM1,113.54,34270044.047,7,7,34269936.94,2.0,52.0,50.0,3.107,301832.341439
1675264,IT,FR,FABRI,OFFIC,139.07,34172260.384,7,7,34172154.933,2.0,33.0,68.0,2.451,245719.856072
1741965,IT,US,CHEM1,PUBLI,71.14,34042468.494,7,7,34042383.778,2.0,30.0,49.0,3.716,478527.811274
1742446,IT,US,BASIC,CRUDE,39.13,33996500.604,7,7,33996453.455,1.0,14.0,30.0,2.149,868809.113315
1674700,IT,FR,GLASS,CONST,93.29,33986987.846,7,7,33986827.901,2.0,22.0,134.0,1.945,364315.444807
1795269,IT,WL,CERAM,CONST,52.94,33986374.202,7,7,33986180.36,1.0,15.0,176.0,1.842,641979.11224
1766822,IT,RU,MACHI,CONST,189.46,33960584.059,7,7,33960478.269,4.0,44.0,55.0,2.79,179249.361654
1750595,IT,CN,OFFIC,OFFIC,105.0,33883968.025,7,7,33883887.582,2.0,32.0,44.0,2.443,322704.457381
1673590,IT,FR,WOODW,WOODW,94.77,33870972.641,7,7,33870701.354,2.0,216.0,51.0,2.287,357401.842788
1769500,IT,AU,BASIC,CONST,38.96,33842552.528,7,7,33842505.388,1.0,14.0,30.0,2.14,868648.67885
1650358,IT,BG,ELEC2,SECO9,8.14,33793585.72,6,6,33793577.184,0.0,3.0,2.0,3.536,4151546.157248
1675147,IT,FR,COPP1,DIST1,85.34,33780313.489,7,7,33780156.742,2.0,44.0,109.0,1.747,395832.124315
1772451,IT,CH,CHEM1,HEALT,70.36,33668815.212,7,7,33668730.536,2.0,30.0,49.0,3.676,478522.103638
1726280,IT,RO,BASIC,BASIC,38.74,33655897.053,7,7,33655850.925,1.0,14.0,29.0,2.128,868763.475813
1674566,IT,FR,RUBBE,OFFIC,111.44,33636191.078,7,7,33636086.028,2.0,51.0,49.0,3.05,301832.296106
1756306,IT,KR,MOTO1,MOTO1,178.36,33509213.703,7,7,33509115.523,3.0,37.0,56.0,2.18,187874.0396
1723384,IT,PT,BASIC,BASIC,38.57,33504037.354,7,7,33503991.236,1.0,14.0,29.0,2.118,868655.36308
1723391,IT,PT,BASIC,FABRI,38.49,33433991.313,7,7,33433945.199,1.0,14.0,29.0,2.114,868640.979813
1812745,IT,WM,NONF1,NONF1,7.27,33225289.157,6,6,33225276.97,0.0,3.0,9.0,0.187,4570191.080743
1667170,IT,ES,BASIC,CONST,38.24,33222780.449,7,7,33222734.348,1.0,14.0,29.0,2.101,868796.559859
1745090,IT,US,PUBLI,BUSIN,542.42,33115890.143,7,7,33115799.82,7.0,28.0,53.0,2.323,61052.118548
1720756,IT,PL,TRANS,TRANS,197.53,33100434.349,7,7,33100335.552,4.0,38.0,55.0,1.797,167571.682018
1675608,IT,FR,MOTO1,SALEM,175.79,33027222.318,7,7,33027125.169,3.0,36.0,56.0,2.149,187878.845884
1761043,IT,IN,PLAST,RUBBE,69.29,33025553.55,7,7,33025489.191,1.0,26.0,34.0,3.359,476627.991774
1719405,IT,PL,RUBBE,RUBBE,109.39,33015969.313,7,7,33015866.319,2.0,50.0,48.0,2.994,301818.898556
1766396,IT,RU,BASIC,BASIC,37.91,32937212.28,7,7,32937166.198,1.0,14.0,29.0,2.082,868826.491163
1657449,IT,DE,RUBBE,FURNI,108.56,32764501.084,7,7,32764400.113,2.0,49.0,47.0,2.971,301810.068939
1658034,IT,DE,PREC1,PREC1,55.55,32696532.135,7,7,32696401.63,1.0,60.0,68.0,1.505,588596.438074
1764273,IT,MX,MACHI,CONST,182.07,32634831.482,7,7,32634729.801,3.0,43.0,53.0,2.681,179243.321151
1675903,IT,FR,ELEC2,TRAN1,7.86,32634345.956,6,6,32634337.541,0.0,3.0,2.0,3.415,4151952.411705
1784447,IT,ID,BASIC,CONST,37.56,32630079.458,7,7,32630034.395,1.0,14.0,28.0,2.063,868745.459478
1657253,IT,DE,CHEM1,MOTO1,68.01,32544936.137,7,7,32544854.584,2.0,29.0,47.0,3.553,478531.629716
1716905,IT,NL,HOTEL,BUSIN,234.84,32401403.492,7,7,32401292.051,4.0,65.0,40.0,2.441,137972.251286
1645611,IT,BE,CHEM1,RUBBE,67.47,32285896.799,7,7,32285816.274,2.0,28.0,47.0,3.525,478522.258767
1748488,IT,CN,STONE,CONST,103.69,32055376.209,7,7,32053557.747,2.0,22.0,1793.0,1.462,309146.264915
1740825,IT,US,VEGE1,CHEM1,98.56,32050571.978,7,7,32050313.005,2.0,196.0,54.0,6.973,325188.433218
1750378,IT,CN,FABRI,MACHI,130.22,31997660.59,7,7,31997563.295,2.0,30.0,63.0,2.295,245720.016818
1659023,IT,DE,ELEC2,DISTR,7.67,31839941.576,6,6,31839933.244,0.0,3.0,2.0,3.332,4151230.974707
1753316,IT,CA,BASIC,BASIC,36.56,31763079.388,7,7,31763035.38,1.0,13.0,28.0,2.008,868793.199891
1750087,IT,CN,BASIC,MOTO1,36.56,31762253.201,7,7,31762209.193,1.0,13.0,28.0,2.008,868770.601778
1776810,IT,TR,NAPHT,RADIO,53.86,31732461.111,7,7,31732380.841,1.0,20.0,57.0,2.27,589165.635184
1750886,IT,CN,FURNI,HEALT,101.23,31710802.163,7,7,31710623.437,2.0,92.0,82.0,2.726,313254.985311
1788004,IT,WA,TEXTI,WEARI,187.47,31637416.733,7,7,31637351.533,3.0,30.0,28.0,4.2,168759.890825
1809241,IT,WM,CRUDE,GASDI,62.14,31552071.789,7,7,31552009.076,1.0,21.0,38.0,2.713,507757.833746
1753233,IT,CA,CERAM,RADIO,49.12,31534607.44,7,7,31534427.731,1.0,14.0,163.0,1.709,641991.193811
1812284,IT,WM,BASIC,NATUR,36.28,31520623.576,7,7,31520580.583,1.0,13.0,27.0,1.993,868815.423815
1756210,IT,KR,MACHI,MOTO1,175.51,31459698.83,7,7,31459601.245,3.0,41.0,51.0,2.585,179247.329668
1750257,IT,CN,COPP1,MACHI,78.98,31264616.225,7,7,31264470.609,2.0,41.0,101.0,1.616,395854.852178
1772548,IT,CH,RUBBE,OFFIC,103.49,31235269.403,7,7,31235172.571,2.0,47.0,45.0,2.832,301819.203817
1642336,IT,AT,BASIC,MACHI,35.93,31209186.558,7,7,31209143.585,1.0,13.0,27.0,1.973,868610.814306
1812789,IT,WM,FABRI,CRUDE,126.61,31110814.934,7,7,31110718.702,2.0,30.0,62.0,2.232,245721.624943
1777972,IT,TR,MACHI,CONST,173.08,31024588.122,7,7,31024491.573,3.0,41.0,50.0,2.549,179249.98915
1780316,IT,TW,SEACO,93197,31.52,30991840.049,6,6,30991823.512,0.0,6.0,10.0,0.537,983243.656377
1658286,IT,DE,COPP1,FABRI,77.98,30866387.656,7,7,30866244.06,2.0,40.0,100.0,1.596,395824.412106
1777509,IT,TR,BASIC,MOTO1,35.5,30835597.304,7,7,30835554.354,1.0,13.0,27.0,1.95,868608.374761
1658143,IT,DE,ALUM1,FOUND,53.55,30817427.447,7,7,30817356.978,1.0,23.0,44.0,2.469,575488.841214
1811670,IT,WM,CHEM1,CONST,64.3,30766204.571,7,7,30766128.212,1.0,27.0,45.0,3.359,478479.075754
1653259,IT,CZ,RUBBE,MOTO1,101.87,30747324.397,7,7,30747228.609,2.0,46.0,45.0,2.788,301829.040905
1646075,IT,BE,BASIC,BASIC,35.38,30739072.054,7,7,30739029.111,1.0,13.0,27.0,1.943,868826.231034
1741484,IT,US,MOTOR,PUBLI,45.79,30652158.533,7,7,30652112.036,1.0,14.0,29.0,2.497,669407.262131
1755928,IT,KR,BASIC,CONST,35.27,30642504.756,7,7,30642461.819,1.0,13.0,27.0,1.937,868797.98004
1716523,IT,NL,MOTO1,MOTO1,162.79,30584755.627,7,7,30584665.637,3.0,34.0,51.0,1.99,187878.58976
1749860,IT,CN,RUBBE,FURNI,101.26,30563211.088,7,7,30563116.317,2.0,46.0,44.0,2.771,301829.064665
1810738,IT,WM,MOTOR,LANDT,45.61,30531969.74,7,7,30531924.253,1.0,14.0,28.0,2.487,669413.93861
1658279,IT,DE,COPP1,BASIC,76.85,30421025.206,7,7,30420883.633,2.0,40.0,98.0,1.573,395849.384593
1746810,IT,JP,MACHI,MACHI,169.71,30419224.842,7,7,30419130.343,3.0,40.0,49.0,2.499,179242.383136
1686419,IT,HU,BASIC,MACHI,35.01,30415343.149,7,7,30415300.226,1.0,13.0,27.0,1.923,868761.586661
1657207,IT,DE,CHEM1,WOODW,63.4,30337182.419,7,7,30337107.107,1.0,27.0,44.0,3.312,478504.454558
1753579,IT,CA,MACHI,MOTO1,169.22,30332167.096,7,7,30332072.604,3.0,40.0,49.0,2.492,179246.939463
1738315,IT,GB,BASIC,BASIC,34.86,30285755.295,7,7,30285713.38,1.0,13.0,26.0,1.915,868782.423838
1720456,IT,PL,MACHI,MOTO1,168.69,30237190.694,7,7,30237097.21,3.0,39.0,49.0,2.484,179247.084557
1674371,IT,FR,CHEM1,FABRI,63.06,30172655.94,7,7,30172580.646,1.0,27.0,44.0,3.294,478475.355852
1744834,IT,US,RESEA,PUBLI,163.46,30153070.264,7,7,30152988.152,3.0,32.0,45.0,2.112,184467.57778
1657919,IT,DE,BASIC,RUBBE,34.68,30128126.216,7,7,30128084.311,1.0,13.0,26.0,1.905,868746.430681
1667978,IT,ES,TRANS,TRANS,178.59,29926370.46,7,7,29926281.836,3.0,34.0,50.0,1.624,167570.24727
1746162,IT,JP,PLAST,RUBBE,62.67,29868315.004,7,7,29868255.966,1.0,24.0,31.0,3.038,476596.697048
1754924,IT,KR,TEXTI,TEXTI,176.56,29796107.382,7,7,29796044.427,3.0,29.0,27.0,3.955,168759.103885
1658151,IT,DE,ALUM1,FURNI,51.74,29775027.767,7,7,29774958.382,1.0,23.0,43.0,2.385,575474.058118
1735447,IT,SK,BASIC,FABRI,34.14,29662158.617,7,7,29662117.742,1.0,12.0,26.0,1.875,868838.858143
1674373,IT,FR,CHEM1,OFFIC,61.73,29538574.147,7,7,29538500.922,1.0,26.0,43.0,3.225,478512.459857
1749729,IT,CN,CHEM1,HEALT,61.72,29535862.1,7,7,29535788.876,1.0,26.0,43.0,3.224,478546.048283
1673967,IT,FR,KEROS,FOOD5,43.86,29500554.782,7,7,29500509.381,1.0,14.0,28.0,2.401,672607.268171
1742504,IT,US,BASIC,CONST,33.77,29335357.959,7,7,29335317.104,1.0,12.0,26.0,1.855,868681.017442
1655870,IT,DE,DAIRY,DAIRY,118.83,29252564.515,7,7,29252325.535,2.0,208.0,27.0,1.98,246171.543508
1673620,IT,FR,WOODW,CONST,81.41,29095962.297,7,7,29095729.332,1.0,186.0,44.0,1.965,357400.347586
1663044,IT,DK,HOTEL,SEACO,210.66,29065540.24,7,7,29065440.05,4.0,58.0,36.0,2.19,137973.702839
1738478,IT,GB,COPP1,COPP1,73.38,29046721.66,7,7,29046586.158,2.0,38.0,94.0,1.502,395839.76097
1674977,IT,FR,PREC1,PAPER,49.31,29021964.593,7,7,29021849.257,1.0,53.0,60.0,1.336,588561.439728
1666374,IT,ES,NAPHT,GASDI,49.03,28884844.435,7,7,28884771.369,1.0,18.0,52.0,2.066,589125.931776
1776427,IT,TR,COKEO,ALUM1,3.63,28870643.97,6,6,28870639.822,0.0,1.0,3.0,0.148,7953345.446281
1662362,IT,DK,BASIC,FABRI,33.23,28869266.005,7,7,28869226.18,1.0,12.0,25.0,1.825,868771.170779
1683404,IT,HR,BASIC,CEMEN,33.23,28867588.845,7,7,28867549.02,1.0,12.0,25.0,1.825,868720.699519
1788323,IT,WA,LEATH,RETA1,206.48,28829198.654,7,7,28828944.665,3.0,203.0,43.0,4.989,139622.232923
1656360,IT,DE,WOODW,WOODW,80.6,28804800.934,7,7,28804570.989,1.0,184.0,43.0,1.945,357379.664194
1801760,IT,WE,ELEC2,REALE,6.93,28783658.161,6,6,28783650.149,0.0,3.0,2.0,3.012,4153486.026118
1743901,IT,US,SEACO,MOTO1,29.25,28760781.72,6,6,28760766.222,0.0,6.0,9.0,0.498,983274.588718
1742687,IT,US,NONF1,MOTO1,6.28,28700324.373,6,6,28700313.211,0.0,3.0,8.0,0.162,4570115.346019
1647121,IT,BE,HOTEL,CONST,207.58,28639601.59,7,7,28639503.432,4.0,57.0,35.0,2.158,137968.983476
1812672,IT,WM,COPP1,COPP1,72.28,28611627.768,7,7,28611495.289,2.0,37.0,92.0,1.479,395844.324405
1674552,IT,FR,RUBBE,RUBBE,94.65,28565901.442,7,7,28565812.852,2.0,43.0,41.0,2.59,301805.614812
1750833,IT,CN,FURNI,BASIC,90.97,28497581.991,7,7,28497421.541,2.0,82.0,74.0,2.45,313263.515346
1769393,IT,AU,CERAM,CONST,44.28,28426175.669,7,7,28426014.128,1.0,12.0,147.0,1.541,641964.220167
1675407,IT,FR,MACHI,ELEC3,157.93,28308827.302,7,7,28308738.976,3.0,37.0,46.0,2.326,179249.207256
1805586,IT,WF,CEMEN,CONST,45.3,28304281.069,7,7,28304094.792,1.0,10.0,174.0,1.277,624818.566645
1769804,IT,AU,MACHI,CONST,157.69,28265511.073,7,7,28265422.751,3.0,37.0,46.0,2.322,179247.327497
1715481,IT,NL,KEROS,AIRTR,41.9,28184765.231,7,7,28184722.937,1.0,13.0,26.0,2.294,672667.427947
1656772,IT,DE,KEROS,AIRTR,41.82,28128519.872,7,7,28128477.583,1.0,13.0,26.0,2.289,672609.274797
1799010,IT,WE,TEXTI,TEXTI,166.67,28127513.87,7,7,28127455.136,3.0,27.0,25.0,3.734,168761.707986
1666252,IT,ES,HEAVY,ELEC6,45.28,28028481.396,7,7,28028435.146,1.0,14.0,29.0,2.25,619003.564399
1672937,IT,FR,DAIRY,DAIRY,113.54,27950087.553,7,7,27949859.661,2.0,198.0,26.0,1.892,246169.522221
1749644,IT,CN,CHEM1,MOTOR,58.31,27902422.122,7,7,27902352.076,1.0,25.0,41.0,3.046,478518.643835
1772740,IT,CH,CEMEN,CONST,44.57,27845979.126,7,7,27845796.87,1.0,9.0,171.0,1.256,624769.556338
1741960,IT,US,CHEM1,REALE,57.95,27728402.796,7,7,27728334.769,1.0,24.0,40.0,3.027,478488.400276
1658624,IT,DE,MACHI,CONST,154.65,27720594.869,7,7,27720508.592,3.0,36.0,45.0,2.277,179247.299509
1741705,IT,US,HEAVY,PUBLI,44.55,27577979.786,7,7,27577934.572,1.0,13.0,29.0,2.214,619034.338631
1686828,IT,HU,FABRI,MOTO1,112.1,27545172.098,7,7,27545088.122,2.0,26.0,54.0,1.976,245719.64405
1750758,IT,CN,TRANS,TRANS,164.26,27524103.863,7,7,27524022.369,3.0,31.0,46.0,1.494,167564.250962
1761439,IT,IN,BASIC,MOTO1,31.62,27466800.107,7,7,27466762.37,1.0,11.0,24.0,1.737,868652.754807
1656175,IT,DE,TEXTI,TEXTI,162.27,27386065.666,7,7,27386009.031,3.0,26.0,24.0,3.635,168768.507216
1738326,IT,GB,BASIC,TRANS,31.37,27247672.885,7,7,27247635.162,1.0,11.0,24.0,1.723,868590.146159
1646282,IT,BE,COPP1,COPP1,68.78,27225716.407,7,7,27225589.999,1.0,36.0,88.0,1.408,395837.691291
1641222,IT,AT,COKEO,BASIC,3.42,27155903.364,6,6,27155899.225,0.0,1.0,3.0,0.139,7940322.621053
1711235,IT,LU,MACHI,AUXIL,151.4,27138164.962,7,7,27138080.732,3.0,35.0,44.0,2.23,179248.117318
1741204,IT,US,WOODW,WOODW,75.92,27134683.598,7,7,27134466.766,1.0,173.0,41.0,1.832,357411.533166
1811535,IT,WM,PFERT,VEGET,11.91,27059083.941,6,6,27059055.611,0.0,13.0,11.0,4.33,2271963.387154
1674919,IT,FR,BASIC,NUCLE,31.13,27041843.241,7,7,27041805.531,1.0,11.0,24.0,1.71,868674.694539
1812352,IT,WM,BASIC,MOTO1,31.1,27021106.315,7,7,27021068.607,1.0,11.0,24.0,1.708,868845.862219
1750514,IT,CN,MACHI,FURNI,150.27,26934723.595,7,7,26934639.382,3.0,35.0,44.0,2.213,179242.188028
1763939,IT,MX,BASIC,FABRI,30.97,26905891.431,7,7,26905854.73,1.0,11.0,23.0,1.701,868772.729448
1790748,IT,WA,MACHI,CRUDE,150.08,26900914.321,7,7,26900830.111,3.0,35.0,44.0,2.21,179243.832096
1716896,IT,NL,HOTEL,SUPPO,194.87,26886652.981,7,7,26886560.955,3.0,54.0,33.0,2.026,137972.2532
1790028,IT,WA,NONME,CONST,54.25,26852841.656,7,7,26852770.709,1.0,13.0,54.0,2.947,494983.256332
1757782,IT,BR,PLAST,RUBBE,56.29,26829923.498,7,7,26829870.769,1.0,21.0,28.0,2.729,476637.475537
1674379,IT,FR,CHEM1,ELEC3,56.06,26825358.592,7,7,26825291.664,1.0,24.0,39.0,2.928,478511.569604
1719838,IT,PL,BASIC,CONST,30.82,26777612.449,7,7,26777575.756,1.0,11.0,23.0,1.693,868838.820539
1742966,IT,US,MACHI,RESEA,149.25,26751944.052,7,7,26751860.854,3.0,35.0,43.0,2.198,179242.506211
1765902,IT,RU,PLAST,RUBBE,56.02,26700446.837,7,7,26700394.121,1.0,21.0,28.0,2.716,476623.47085
1788003,IT,WA,TEXTI,TEXTI,157.72,26617182.944,7,7,26617126.411,3.0,26.0,24.0,3.533,168762.255541
1750105,IT,CN,BASIC,CONST,30.63,26612625.663,7,7,26612588.98,1.0,11.0,23.0,1.683,868841.843389
1738433,IT,GB,ALUM1,MACHI,45.93,26430533.637,7,7,26430472.52,1.0,20.0,38.0,2.117,575452.506793
1788341,IT,WA,LEATH,PUBLI,188.35,26297110.416,7,7,26296876.865,3.0,186.0,40.0,4.551,139618.319172
1673773,IT,FR,PAPER,BUSIN,101.65,26231886.537,7,7,26231626.95,2.0,212.0,43.0,2.587,258060.861161
1735448,IT,SK,BASIC,MACHI,30.12,26166854.004,7,7,26166817.35,1.0,11.0,23.0,1.654,868753.452988
1742119,IT,US,RUBBE,CONST,86.69,26165489.458,7,7,26165408.086,2.0,39.0,38.0,2.372,301828.232299
1715975,IT,NL,CERAM,CONST,40.56,26036483.742,7,7,26036335.331,1.0,11.0,135.0,1.411,641925.141568
1715558,IT,NL,HEAVY,MOTOR,41.96,25974751.685,7,7,25974708.6,1.0,13.0,27.0,2.085,619036.026811
1726285,IT,RO,BASIC,MACHI,29.8,25885565.508,7,7,25885528.871,1.0,11.0,23.0,1.637,868643.137852
1673087,IT,FR,FOOD5,HOTEL,123.68,25743094.989,7,7,25742938.688,3.0,120.0,31.0,2.301,208142.747324
1666149,IT,ES,GASDI,LANDT,38.22,25679375.738,7,7,25679336.647,1.0,12.0,24.0,2.091,671883.195657
1656397,IT,DE,WOODW,CONST,71.81,25663350.715,7,7,25663144.982,1.0,164.0,39.0,1.733,357378.508773
1667675,IT,ES,MACHI,MOTO1,142.94,25620868.91,7,7,25620788.805,3.0,33.0,42.0,2.105,179242.121939
1732028,IT,SI,KEROS,FURNI,37.9,25493910.021,7,7,25493870.946,1.0,12.0,24.0,2.075,672662.533536
1732829,IT,SI,BASIC,BASIC,29.27,25427585.119,7,7,25427549.511,1.0,11.0,22.0,1.608,868725.149265
1726373,IT,RO,COPP1,COPP1,63.81,25257462.435,7,7,25257346.129,1.0,33.0,81.0,1.306,395822.949929
1806302,IT,WF,MACHI,PUBLI,140.81,25239644.797,7,7,25239565.723,3.0,33.0,41.0,2.074,179246.11034
1674543,IT,FR,RUBBE,PLAST,83.43,25181139.006,7,7,25181059.723,2.0,38.0,37.0,2.283,301823.552751
1785553,IT,ZA,KEROS,AIRTR,37.39,25149265.112,7,7,25149226.065,1.0,12.0,24.0,2.047,672620.08858
1645578,IT,BE,CHEM1,FOOD5,52.54,25142690.129,7,7,25142627.384,1.0,22.0,37.0,2.745,478543.778626
1723827,IT,PT,MOTO1,MOTO1,133.69,25117290.661,7,7,25117217.027,2.0,28.0,42.0,1.634,187877.108692
1674932,IT,FR,BASIC,FOUND,28.9,25107561.88,7,7,25107527.293,1.0,10.0,22.0,1.587,868773.767474
1763951,IT,MX,BASIC,CONST,28.9,25103845.755,7,7,25103811.168,1.0,10.0,22.0,1.587,868645.181834
1686101,IT,HU,RUBBE,OFFIC,83.0,25052589.771,7,7,25052511.499,2.0,38.0,36.0,2.272,301838.430976
1738157,IT,GB,GLASS,MOTO1,68.73,25039222.006,7,7,25039104.573,1.0,16.0,99.0,1.433,364312.847461
1679743,IT,GR,BASIC,BASIC,28.81,25027386.974,7,7,25027352.392,1.0,10.0,22.0,1.582,868704.858521
1780387,IT,TW,AIRTR,POSTT,27.21,24994583.251,6,6,24994564.464,0.0,6.0,12.0,0.787,918580.78835
1732058,IT,SI,KEROS,PUBLI,37.14,24979901.412,7,7,24979863.379,1.0,12.0,23.0,2.033,672587.54475
1800979,IT,WE,ALUM1,ALUM1,43.33,24934061.975,7,7,24934003.977,1.0,19.0,36.0,1.998,575445.695246
1799891,IT,WE,GASDI,LANDT,37.05,24892489.939,7,7,24892451.912,1.0,12.0,23.0,2.027,671862.076626
1674409,IT,FR,CHEM1,BUSIN,51.9,24832635.123,7,7,24832573.412,1.0,22.0,36.0,2.711,478470.811618
1749667,IT,CN,CHEM1,GLASS,51.83,24801246.594,7,7,24801184.887,1.0,22.0,36.0,2.707,478511.414123
1737713,IT,GB,KEROS,AIRTR,36.73,24704544.63,7,7,24704506.619,1.0,12.0,23.0,2.011,672598.546964
1741608,IT,US,GASDI,PUBLI,36.61,24595315.446,7,7,24595278.443,1.0,11.0,23.0,2.003,671819.596995
1657739,IT,DE,CEMEN,CONST,39.35,24584727.377,7,7,24584566.268,1.0,8.0,151.0,1.109,624770.708437
1812159,IT,WM,CEMEN,CONST,39.32,24563767.57,7,7,24563606.462,1.0,8.0,151.0,1.108,624714.332909
1726478,IT,RO,FABRI,CONST,99.89,24545662.099,7,7,24545586.338,2.0,23.0,49.0,1.761,245726.920603
1717850,IT,PL,VEGET,FOOD5,86.88,24540422.518,7,7,24540307.554,2.0,101.0,11.0,0.964,282463.426773
1657248,IT,DE,CHEM1,MACHI,51.14,24472726.156,7,7,24472664.484,1.0,22.0,36.0,2.672,478543.726163
1811659,IT,WM,CHEM1,ELEC2,51.12,24461395.44,7,7,24461333.77,1.0,22.0,36.0,2.67,478509.300469
1742554,IT,US,PREC1,FOUND,41.52,24441041.473,7,7,24440943.348,1.0,45.0,51.0,1.125,588657.068232
1642165,IT,AT,CERAM,CONST,38.07,24438978.422,7,7,24438838.097,1.0,11.0,127.0,1.325,641948.474442
1667524,IT,ES,FABRI,FABRI,99.43,24433411.218,7,7,24433336.465,2.0,23.0,48.0,1.753,245734.800543
1743870,IT,US,SEACO,MOTOR,24.83,24415700.236,6,6,24415686.813,0.0,5.0,8.0,0.423,983314.548369
1645510,IT,BE,PLAST,RUBBE,51.23,24414947.865,7,7,24414900.382,1.0,19.0,25.0,2.483,476575.207203
1764250,IT,MX,MACHI,MACHI,136.16,24406500.043,7,7,24406423.038,3.0,32.0,40.0,2.005,179248.678342
1725929,IT,RO,PLAST,RUBBE,51.01,24313024.121,7,7,24312976.648,1.0,19.0,25.0,2.473,476632.505803
1713853,IT,MT,ELEC2,ELEC2,5.85,24283456.154,6,6,24283450.613,0.0,2.0,1.0,2.541,4151018.145983
1776015,IT,TR,TEXTI,TEXTI,143.89,24283069.067,7,7,24283018.844,2.0,23.0,22.0,3.223,168761.338988
1689008,IT,IE,MACHI,WHOLE,135.36,24263207.587,7,7,24263131.594,3.0,32.0,39.0,1.993,179249.465034
1674928,IT,FR,BASIC,CEMEN,27.89,24232762.781,7,7,24232729.249,1.0,10.0,21.0,1.532,868869.228433
1732049,IT,SI,KEROS,SUPPO,35.9,24147229.071,7,7,24147192.106,1.0,11.0,23.0,1.965,672624.765209
1725835,IT,RO,KEROS,REALE,35.86,24121409.128,7,7,24121372.165,1.0,11.0,23.0,1.963,672655.02309
1811325,IT,WM,BITU1,CONST,37.93,24053773.099,7,7,24053732.184,1.0,11.0,27.0,1.915,634162.222489
1674374,IT,FR,CHEM1,MOTO1,50.24,24038332.849,7,7,24038273.225,1.0,21.0,35.0,2.624,478470.000975
1795159,IT,WL,RUBBE,CONST,79.52,24001147.866,7,7,24001073.69,1.0,36.0,35.0,2.176,301825.300126
1811182,IT,WM,NAPHT,ELEC2,40.73,23995042.554,7,7,23994981.838,1.0,15.0,43.0,1.716,589124.540977
1732839,IT,SI,BASIC,MOTO1,27.61,23987274.61,7,7,23987241.093,1.0,10.0,21.0,1.517,868789.373778
1804567,IT,WF,HEAVY,CRUDE,38.73,23975201.318,7,7,23975161.393,1.0,12.0,25.0,1.925,619034.374335
1679977,IT,GR,FABRI,CONST,97.53,23966569.154,7,7,23966495.435,2.0,23.0,47.0,1.719,245735.354804
1735617,IT,SK,COPP1,COPP1,60.44,23922817.894,7,7,23922707.657,1.0,31.0,77.0,1.237,395811.017439
1657975,IT,DE,BASIC,BUSIN,27.53,23915883.502,7,7,23915849.99,1.0,10.0,21.0,1.512,868720.795568
1750506,IT,CN,MACHI,FABRI,133.11,23860150.929,7,7,23860076.969,2.0,31.0,39.0,1.96,179251.378026
1773195,IT,CH,FABRI,WOODW,96.95,23823345.319,7,7,23823271.61,2.0,23.0,47.0,1.709,245728.162135
1749163,IT,CN,PULP5,PAPER,72.63,23817401.067,7,7,23817241.833,1.0,114.0,42.0,2.234,327927.868195
1811052,IT,WM,HEAVY,KEROS,38.46,23808397.037,7,7,23808357.126,1.0,12.0,25.0,1.911,619043.084685
1657272,IT,DE,CHEM1,CONST,49.71,23788740.425,7,7,23788680.828,1.0,21.0,35.0,2.597,478550.400825
1772676,IT,CH,CERAM,DAIRY,37.04,23775389.477,7,7,23775254.188,1.0,10.0,123.0,1.289,641884.165146
1680387,IT,GR,ELEC2,DISTR,5.72,23748095.511,6,6,23748090.026,0.0,2.0,1.0,2.485,4151764.949476
1675149,IT,FR,COPP1,CONST,59.78,23663984.712,7,7,23663875.489,1.0,31.0,76.0,1.223,395851.199599
1675005,IT,FR,PREC1,FURNI,40.18,23652205.768,7,7,23652111.679,1.0,43.0,49.0,1.089,588656.191339
1748462,IT,CN,STONE,NONME,76.28,23580376.123,7,7,23579039.048,1.0,16.0,1319.0,1.075,309129.209793
1749920,IT,CN,GLASS,GLASS,64.6,23536605.737,7,7,23536495.39,1.0,15.0,93.0,1.347,364343.742059
1657544,IT,DE,GLASS,WOODW,64.47,23489778.266,7,7,23489667.921,1.0,15.0,93.0,1.345,364352.074857
1646131,IT,BE,PREC1,PREC1,39.9,23483329.571,7,7,23483235.49,1.0,43.0,49.0,1.081,588554.62584
1726520,IT,RO,MACHI,DIST1,130.88,23460425.668,7,7,23460352.741,2.0,31.0,38.0,1.927,179251.418612
1769713,IT,AU,MACHI,BITUM,130.8,23445209.842,7,7,23445136.916,2.0,31.0,38.0,1.926,179244.723563
1675046,IT,FR,ALUM1,PRINT,40.6,23364231.124,7,7,23364176.252,1.0,18.0,34.0,1.872,575473.673005
1665999,IT,ES,MOTOR,LANDT,34.77,23274583.44,7,7,23274547.544,1.0,11.0,22.0,1.896,669386.926661
1645582,IT,BE,CHEM1,TEXTI,48.51,23211894.536,7,7,23211837.002,1.0,20.0,34.0,2.534,478497.104432
1812906,IT,WM,MACHI,VEGET,129.43,23199249.384,7,7,23199177.478,2.0,30.0,38.0,1.906,179241.670277
1774131,IT,CH,WHOLE,WHOLE,200.29,23178256.229,7,7,23178174.885,3.0,32.0,45.0,1.344,115723.482096
1749648,IT,CN,CHEM1,GASDI,48.35,23133782.802,7,7,23133725.277,1.0,20.0,34.0,2.525,478465.001075
1750468,IT,CN,MACHI,WOODW,128.99,23120685.076,7,7,23120613.176,2.0,30.0,38.0,1.9,179244.011753
1673705,IT,FR,PAPER,PAPER,89.5,23097064.99,7,7,23096836.712,2.0,186.0,38.0,2.278,258067.765251
1651660,IT,CY,BASIC,SUPPO,26.47,22991553.857,7,7,22991521.403,1.0,10.0,20.0,1.454,868589.114356
1742928,IT,US,MACHI,FURNI,128.01,22944526.417,7,7,22944455.532,2.0,30.0,37.0,1.885,179240.109499
1674841,IT,FR,NONME,LEATH,46.2,22865300.319,7,7,22865239.81,1.0,11.0,46.0,2.509,494919.920325
1795734,IT,WL,MACHI,CRUDE,127.34,22824629.884,7,7,22824559.009,2.0,30.0,37.0,1.875,179241.635653
1789431,IT,WA,CHEM1,PUBLI,47.59,22774525.001,7,7,22774468.515,1.0,20.0,33.0,2.486,478556.944757
1688686,IT,IE,CHEM1,PLAST,47.53,22742161.553,7,7,22742105.07,1.0,20.0,33.0,2.483,478480.150494
1773778,IT,CH,ELEC2,DISTR,5.47,22728676.314,6,6,22728670.936,0.0,2.0,1.0,2.378,4155151.062888
1674314,IT,FR,CHEM1,VEGET,47.45,22707581.681,7,7,22707525.202,1.0,20.0,33.0,2.479,478558.096544
1749992,IT,CN,CEMEN,CONST,36.25,22649155.397,7,7,22649006.375,1.0,8.0,139.0,1.022,624804.286814
1688777,IT,IE,RUBBE,CONST,75.0,22636405.663,7,7,22636335.611,1.0,34.0,33.0,2.052,301818.742173
1776426,IT,TR,COKEO,BASIC,2.84,22571742.092,6,6,22571738.977,0.0,1.0,2.0,0.115,7947796.511268
1743235,IT,US,TRANS,RESEA,134.39,22519281.928,7,7,22519213.706,3.0,26.0,38.0,1.222,167566.648769
1750377,IT,CN,FABRI,FABRI,91.6,22508134.292,7,7,22508064.678,2.0,21.0,45.0,1.614,245721.990087
1764295,IT,MX,MACHI,PUBLI,125.42,22480541.425,7,7,22480472.578,2.0,29.0,36.0,1.847,179242.078018
1658627,IT,DE,MACHI,WHOLE,125.15,22433056.091,7,7,22432987.248,2.0,29.0,36.0,1.843,179249.349509
1743663,IT,US,HOTEL,RESEA,162.36,22401195.873,7,7,22401118.185,3.0,45.0,28.0,1.688,137972.381578
1675267,IT,FR,FABRI,MOTO1,91.13,22391890.041,7,7,22391821.435,2.0,21.0,44.0,1.606,245713.706145
1689748,IT,IE,FINAN,AIRTR,291.55,22391778.779,7,7,22391751.132,3.0,12.0,12.0,0.647,76802.53397
1812181,IT,WM,NONME,CRUDE,45.21,22377547.735,7,7,22377488.279,1.0,11.0,45.0,2.456,494968.9833
1773458,IT,CH,OFFIC,DIST1,69.18,22325547.542,7,7,22325494.932,1.0,21.0,29.0,1.61,322716.790142
1788353,IT,WA,LEATH,93197,159.69,22296053.073,7,7,22295855.215,3.0,157.0,34.0,3.858,139620.847098
1729766,IT,SE,MACHI,MOTO1,124.32,22284322.788,7,7,22284253.957,2.0,29.0,36.0,1.831,179249.700676
1741862,IT,US,CHEM1,CRUDE,46.51,22257853.766,7,7,22257798.336,1.0,20.0,32.0,2.43,478560.60559
1755912,IT,KR,BASIC,FABRI,25.61,22251957.342,7,7,22251926.935,1.0,9.0,19.0,1.407,868877.678329
1812128,IT,WM,BRICK,CONST,33.34,22222626.372,7,7,22222500.947,1.0,9.0,114.0,1.425,666545.482064
1716393,IT,NL,MACHI,MOTO1,123.98,22222445.176,7,7,22222376.35,2.0,29.0,36.0,1.826,179242.177577
1713308,IT,MT,MOTOR,FINAN,33.13,22175368.599,7,7,22175334.793,1.0,10.0,21.0,1.806,669344.056716
1667839,IT,ES,OFFIC,COMPU,68.66,22157440.165,7,7,22157387.567,1.0,21.0,29.0,1.598,322712.498762
1740919,IT,US,FOOD5,BEVER,106.38,22142422.501,7,7,22142288.522,2.0,103.0,27.0,1.979,208144.599558
1742737,IT,US,FABRI,WOODW,89.81,22068739.45,7,7,22068671.867,1.0,21.0,44.0,1.583,245726.973054
1667711,IT,ES,MACHI,BUSIN,122.97,22042627.709,7,7,22042558.898,2.0,29.0,36.0,1.811,179252.075376
1750256,IT,CN,COPP1,FABRI,55.54,21983351.588,7,7,21983249.451,1.0,29.0,71.0,1.137,395811.155708
1653022,IT,CZ,PLAST,RUBBE,46.08,21964133.484,7,7,21964090.25,1.0,17.0,23.0,2.234,476652.202344
1801216,IT,WE,FABRI,FABRI,89.04,21880396.391,7,7,21880329.822,1.0,21.0,43.0,1.569,245736.706997
1682661,IT,HR,KEROS,SUPPO,32.52,21873984.931,7,7,21873951.151,1.0,10.0,21.0,1.78,672631.762946
1758039,IT,BR,RUBBE,LANDT,72.47,21872174.396,7,7,21872106.413,1.0,33.0,32.0,1.983,301810.051
1742949,IT,US,MACHI,WHOLE,121.99,21865838.862,7,7,21865771.066,2.0,29.0,35.0,1.796,179242.879433
1682669,IT,HR,KEROS,PUBLI,32.48,21844422.205,7,7,21844388.427,1.0,10.0,21.0,1.778,672549.944735
1761677,IT,IN,FABRI,CONST,88.85,21833215.611,7,7,21833149.045,1.0,21.0,43.0,1.566,245731.183016
1760856,IT,IN,KEROS,COLLE,32.4,21794206.433,7,7,21794173.659,1.0,10.0,20.0,1.774,672660.692377
1675263,IT,FR,FABRI,MACHI,88.22,21678804.675,7,7,21678738.12,1.0,21.0,43.0,1.555,245735.71384
1750863,IT,CN,FURNI,CONST,68.98,21608992.224,7,7,21608871.366,1.0,62.0,56.0,1.858,313264.601682
1741727,IT,US,NAPHT,PLAST,36.66,21597601.576,7,7,21597547.031,1.0,13.0,39.0,1.545,589132.612548
1675398,IT,FR,MACHI,FABRI,120.36,21573379.852,7,7,21573313.08,2.0,28.0,35.0,1.772,179240.444101
1811051,IT,WM,HEAVY,MOTOR,34.85,21572325.524,7,7,21572289.792,1.0,11.0,22.0,1.732,619005.036557
1729395,IT,SE,BASIC,MOTO1,24.81,21553354.306,7,7,21553323.943,1.0,9.0,19.0,1.363,868736.570173
1804528,IT,WF,GASDI,LANDT,32.07,21549060.625,7,7,21549027.87,1.0,10.0,20.0,1.755,671938.279545
1742186,IT,US,GLASS,MOTO1,59.14,21546098.49,7,7,21545997.257,1.0,14.0,85.0,1.233,364323.61329
1655320,IT,DE,VEGET,BEVER,76.25,21537967.66,7,7,21537865.814,2.0,89.0,10.0,0.846,282465.149639
1656105,IT,DE,BEVER,HEALT,91.47,21509973.532,7,7,21509887.15,2.0,58.0,25.0,1.382,235158.779184
1754138,IT,CA,AIRTR,PUBLI,23.38,21475851.168,6,6,21475835.491,0.0,5.0,10.0,0.677,918556.508469
1742968,IT,US,MACHI,EDUCA,119.72,21458360.974,7,7,21458294.211,2.0,28.0,35.0,1.763,179237.896542
1742644,IT,US,COPP1,COPP1,54.17,21442449.348,7,7,21442350.239,1.0,28.0,69.0,1.109,395836.244194
1753289,IT,CA,NONME,CONST,43.31,21438704.964,7,7,21438647.611,1.0,11.0,43.0,2.353,495005.886955
1740946,IT,US,FOOD5,HOTEL,102.98,21435720.104,7,7,21435590.188,2.0,100.0,26.0,1.916,208154.20571
1746500,IT,JP,CERAM,CONST,33.33,21398260.557,7,7,21398138.397,1.0,9.0,111.0,1.16,642012.017912
1776668,IT,TR,HEAVY,GASDI,34.55,21391045.433,7,7,21391010.716,1.0,10.0,22.0,1.717,619133.008191
1743928,IT,US,SEACO,BUSIN,21.7,21334582.706,6,6,21334571.337,0.0,4.0,7.0,0.369,983160.493364
1666630,IT,ES,CHEM1,BUSIN,44.52,21304338.854,7,7,21304285.528,1.0,19.0,31.0,2.326,478534.116217
1758463,IT,BR,MACHI,CRUDE,118.81,21295606.073,7,7,21295539.323,2.0,28.0,35.0,1.75,179240.855761
1666212,IT,ES,HEAVY,GASDI,34.38,21280438.914,7,7,21280404.206,1.0,10.0,22.0,1.708,618977.280803
1813023,IT,WM,MACHI,REALE,118.44,21229332.27,7,7,21229266.526,2.0,28.0,34.0,1.744,179241.238349
1811057,IT,WM,HEAVY,LIQUE,34.26,21208392.826,7,7,21208358.123,1.0,10.0,22.0,1.703,619042.405896
1735707,IT,SK,FABRI,MOTO1,86.31,21207248.288,7,7,21207183.767,1.0,20.0,42.0,1.521,245710.210729
1750841,IT,CN,FURNI,MACHI,67.51,21149019.687,7,7,21148900.869,1.0,61.0,55.0,1.818,313272.399452
1751471,IT,CN,AIRTR,CONST,23.0,21128113.387,6,6,21128097.721,0.0,5.0,10.0,0.666,918613.625522
1686436,IT,HU,BASIC,CONST,24.32,21124697.022,6,6,21124668.686,0.0,9.0,18.0,1.336,868614.18676
1667295,IT,ES,ALUM1,FABRI,36.61,21068610.557,7,7,21068561.869,1.0,16.0,30.0,1.688,575487.860066
1775178,IT,CH,RESEA,CHEM1,113.73,20978887.875,7,7,20978831.406,2.0,22.0,31.0,1.469,184462.216434
1675069,IT,FR,ALUM1,MACHI,36.35,20922086.299,7,7,20922037.623,1.0,16.0,30.0,1.676,575573.213177
1657581,IT,DE,GLASS,MOTO1,57.25,20856782.897,7,7,20856685.703,1.0,13.0,82.0,1.194,364310.618288
1735450,IT,SK,BASIC,MOTO1,23.92,20777829.139,6,6,20777800.825,0.0,9.0,18.0,1.314,868638.341931
1755813,IT,KR,CERAM,CONST,32.27,20715691.957,7,7,20715573.834,1.0,9.0,107.0,1.123,641948.929563
1749671,IT,CN,CHEM1,NONME,43.26,20698445.345,7,7,20698394.085,1.0,18.0,30.0,2.26,478466.142973
1788211,IT,WA,LEATH,PIGS9,147.39,20578534.801,7,7,20578353.24,2.0,145.0,31.0,3.561,139619.613278
1641782,IT,AT,CHEM1,CHEM1,42.95,20552345.477,7,7,20552294.233,1.0,18.0,30.0,2.244,478517.938929
1812921,IT,WM,MACHI,NATUR,114.58,20537705.278,7,7,20537641.591,2.0,27.0,33.0,1.687,179243.369506
1720330,IT,PL,FABRI,CONST,83.24,20454474.907,7,7,20454413.44,1.0,19.0,40.0,1.467,245728.915269
1809239,IT,WM,CRUDE,KEROS,40.27,20445197.931,7,7,20445156.173,1.0,14.0,25.0,1.758,507702.95334
1645667,IT,BE,CHEM1,BUSIN,42.7,20431624.052,7,7,20431572.822,1.0,18.0,30.0,2.23,478492.366557
1667833,IT,ES,OFFIC,POSTT,63.15,20378651.178,7,7,20378602.709,1.0,19.0,27.0,1.469,322702.314774
1683423,IT,HR,BASIC,CONST,23.43,20358277.122,6,6,20358248.835,0.0,9.0,18.0,1.287,868897.871191
1755104,IT,KR,LEATH,LEATH,145.71,20343372.619,7,7,20343192.099,2.0,144.0,31.0,3.52,139615.487056
1645651,IT,BE,CHEM1,WHOLE,42.34,20261208.156,7,7,20261157.944,1.0,18.0,29.0,2.212,478535.856306
1810996,IT,WM,GASDI,LANDT,30.12,20239563.6,7,7,20239532.952,1.0,9.0,19.0,1.648,671964.262948
1675405,IT,FR,MACHI,FURNI,112.83,20223869.06,7,7,20223806.398,2.0,26.0,33.0,1.662,179241.948595
1640424,IT,AT,VEGE1,FOOD5,62.11,20198142.782,7,7,20197980.388,1.0,123.0,34.0,4.394,325199.529577
1788342,IT,WA,LEATH,EDUCA,144.6,20189666.238,7,7,20189488.744,2.0,142.0,30.0,3.494,139624.247842
1657247,IT,DE,CHEM1,FABRI,42.19,20186999.631,7,7,20186949.427,1.0,18.0,29.0,2.204,478478.30365
1749681,IT,CN,CHEM1,OFFIC,42.18,20182559.06,7,7,20182508.857,1.0,18.0,29.0,2.203,478486.464201
1795845,IT,WL,MACHI,PUBLI,112.54,20171982.326,7,7,20171919.669,2.0,26.0,33.0,1.657,179242.778799
1811620,IT,WM,CHEM1,GASDI,42.15,20168727.436,7,7,20168677.234,1.0,18.0,29.0,2.202,478498.871554
1749839,IT,CN,RUBBE,RUBBE,66.76,20150023.54,7,7,20149961.713,1.0,30.0,29.0,1.827,301827.794188
1711264,IT,LU,MOTO1,FINAN,107.25,20149934.86,7,7,20149875.549,2.0,22.0,34.0,1.311,187878.180513
1645575,IT,BE,CHEM1,DAIRY,41.82,20012479.128,7,7,20012428.943,1.0,18.0,29.0,2.185,478538.477475
1644495,IT,BE,DAIRY,DAIRY,81.1,19962830.714,7,7,19962666.363,2.0,142.0,19.0,1.351,246150.810284
1657971,IT,DE,BASIC,REALE,22.95,19932989.908,6,6,19932963.648,0.0,8.0,17.0,1.26,868539.865272
1674591,IT,FR,RUBBE,RETA1,65.97,19912178.551,7,7,19912116.746,1.0,30.0,29.0,1.805,301836.873594
1743237,IT,US,TRANS,PUBLI,118.77,19902552.392,7,7,19902493.312,2.0,23.0,33.0,1.08,167572.218506
1744048,IT,US,AIRTR,BUSIN,21.66,19902058.025,6,6,19902043.398,0.0,5.0,9.0,0.627,918839.243998
1810856,IT,WM,KEROS,DIST1,29.56,19882166.968,7,7,19882136.35,1.0,9.0,19.0,1.618,672603.753992
1742674,IT,US,NONF1,BASIC,4.35,19878243.767,6,6,19878236.655,0.0,2.0,5.0,0.112,4569711.210805
1719883,IT,PL,PREC1,CATTL,33.76,19869716.762,7,7,19869637.848,1.0,36.0,41.0,0.914,588557.96096
1672858,IT,FR,VEGE1,FOOD5,60.75,19755457.749,7,7,19755298.451,1.0,121.0,33.0,4.298,325192.720148
1741882,IT,US,CHEM1,WOODW,41.26,19744225.307,7,7,19744176.152,1.0,17.0,29.0,2.155,478531.878502
1673736,IT,FR,PAPER,FABRI,76.48,19736149.581,7,7,19735955.634,1.0,159.0,32.0,1.947,258056.349124
1666487,IT,ES,PLAST,RUBBE,41.28,19675862.495,7,7,19675823.494,1.0,16.0,20.0,2.001,476643.95579
1790069,IT,WA,BASIC,CRUDE,22.64,19665596.103,6,6,19665569.86,0.0,8.0,17.0,1.243,868621.735998
1717121,IT,NL,SEACO,SEACO,19.99,19658695.525,6,6,19658685.185,0.0,4.0,6.0,0.34,983426.489495
1763465,IT,MX,PLAST,RUBBE,41.23,19648133.589,7,7,19648094.59,1.0,16.0,20.0,1.999,476549.444312
1772242,IT,CH,HEAVY,CEMEN,31.72,19637825.471,7,7,19637792.895,1.0,10.0,20.0,1.576,619099.163651
1741964,IT,US,CHEM1,BUSIN,40.9,19570899.419,7,7,19570851.283,1.0,17.0,28.0,2.136,478506.098264
1750448,IT,CN,MACHI,CRUDE,108.95,19528619.613,7,7,19528558.009,2.0,26.0,32.0,1.604,179243.869784
1672025,IT,FI,SEACO,REALE,19.74,19413297.436,6,6,19413287.1,0.0,4.0,6.0,0.336,983449.718136
1804055,IT,WF,WOODW,CONST,54.27,19396947.153,7,7,19396791.843,1.0,124.0,29.0,1.31,357415.646821
1741277,IT,US,PAPER,PAPER,74.76,19294360.042,7,7,19294169.139,1.0,156.0,32.0,1.903,258084.002702
1743874,IT,US,SEACO,GASDI,19.61,19286449.46,6,6,19286439.126,0.0,4.0,6.0,0.334,983500.737379
1788320,IT,WA,LEATH,SALEM,137.81,19241270.582,7,7,19241100.252,2.0,136.0,29.0,3.33,139621.729787
1675437,IT,FR,MACHI,BUSIN,107.27,19227646.561,7,7,19227586.981,2.0,25.0,31.0,1.58,179245.330111
1653531,IT,CZ,BASIC,FOUND,22.1,19199933.837,6,6,19199907.623,0.0,8.0,17.0,1.214,868775.286742
1742385,IT,US,NONME,MACHI,38.74,19174578.954,7,7,19174527.85,1.0,9.0,39.0,2.104,494955.574445
1654524,IT,CZ,HOTEL,OFFIC,138.5,19109043.347,7,7,19108977.907,2.0,38.0,24.0,1.44,137971.432108
1657891,IT,DE,BASIC,WOODW,21.98,19094158.817,6,6,19094132.61,0.0,8.0,17.0,1.207,868706.04263
1645949,IT,BE,CERAM,CONST,29.66,19038742.877,7,7,19038633.845,1.0,8.0,99.0,1.032,641899.624983
1673756,IT,FR,PAPER,RETA1,73.73,19027422.477,7,7,19027235.6,1.0,153.0,31.0,1.877,258068.933636
1753323,IT,CA,BASIC,FABRI,21.9,19023851.66,6,6,19023825.457,0.0,8.0,17.0,1.203,868669.025571
1795827,IT,WL,MACHI,RETA1,105.73,18952069.071,7,7,18952009.514,2.0,25.0,31.0,1.557,179249.683827
1750297,IT,CN,NONF1,BASIC,4.14,18907946.217,6,6,18907939.111,0.0,2.0,5.0,0.106,4567136.767391
1761151,IT,IN,CHEM1,ALUM1,39.38,18844649.267,7,7,18844602.21,1.0,17.0,27.0,2.057,478533.50094
1809768,IT,WM,FOOD5,FOOD5,90.49,18834553.255,7,7,18834439.571,2.0,87.0,23.0,1.684,208139.609404
1761168,IT,IN,CHEM1,CONST,39.31,18809271.437,7,7,18809224.384,1.0,17.0,27.0,2.053,478485.663622
1667151,IT,ES,BASIC,FABRI,21.65,18806761.699,6,6,18806736.51,0.0,8.0,16.0,1.189,868672.595797
1676834,IT,FR,LANDT,WHOLE,121.05,18764974.234,7,7,18764936.347,2.0,10.0,25.0,0.887,155018.374506
1641376,IT,AT,KEROS,AIRTR,27.74,18657483.902,7,7,18657454.384,1.0,9.0,18.0,1.518,672584.134895
1750513,IT,CN,MACHI,TRANS,103.73,18592521.787,7,7,18592464.259,2.0,24.0,30.0,1.528,179239.581481
1742771,IT,US,FABRI,FABRI,75.44,18537203.453,7,7,18537146.123,1.0,18.0,37.0,1.33,245721.148635
1800664,IT,WE,CERAM,CONST,28.86,18525215.14,6,6,18525110.136,0.0,8.0,96.0,1.004,641899.3465
1809238,IT,WM,CRUDE,MOTOR,36.48,18524861.582,7,7,18524823.989,1.0,13.0,22.0,1.593,507808.705647
1749679,IT,CN,CHEM1,FABRI,38.71,18522631.335,7,7,18522585.313,1.0,16.0,27.0,2.022,478497.32201
1766674,IT,RU,FABRI,CONST,75.34,18511763.736,7,7,18511706.408,1.0,18.0,37.0,1.328,245709.632811
1799753,IT,WE,KEROS,TRANS,27.51,18501389.604,7,7,18501361.098,1.0,9.0,17.0,1.506,672533.246238
1780311,IT,TW,SEACO,SEACO,18.8,18490352.784,6,6,18490342.464,0.0,4.0,6.0,0.32,983529.403404
1738506,IT,GB,NONF1,PLAST,4.04,18481029.778,6,6,18481022.674,0.0,2.0,5.0,0.104,4574512.321287
1645666,IT,BE,CHEM1,RESEA,38.58,18462445.46,7,7,18462399.445,1.0,16.0,27.0,2.015,478549.649041
1749853,IT,CN,RUBBE,MACHI,61.1,18441003.248,7,7,18440945.576,1.0,28.0,27.0,1.672,301816.747103
1749687,IT,CN,CHEM1,FURNI,38.52,18431587.083,7,7,18431541.071,1.0,16.0,27.0,2.012,478493.953349
1777265,IT,TR,RUBBE,CONST,60.94,18393003.643,7,7,18392945.975,1.0,28.0,27.0,1.668,301821.523515
1795349,IT,WL,NONME,CONST,36.91,18268745.342,7,7,18268696.337,1.0,9.0,37.0,2.005,494953.815822
1737985,IT,GB,CHEM1,RESEA,38.13,18243520.058,7,7,18243474.066,1.0,16.0,27.0,1.992,478455.810595
1766806,IT,RU,MACHI,TRANS,101.73,18235437.085,7,7,18235379.587,2.0,24.0,30.0,1.498,179253.288951
1743658,IT,US,HOTEL,INSUR,132.17,18235198.946,7,7,18235136.572,2.0,36.0,23.0,1.374,137967.760808
1809244,IT,WM,CRUDE,LIQUE,35.86,18209858.689,7,7,18209822.123,1.0,12.0,22.0,1.566,507804.202147
1742563,IT,US,PREC1,FURNI,30.89,18180283.636,7,7,18180210.799,1.0,33.0,38.0,0.837,588549.162706
1750846,IT,CN,FURNI,MOTO1,58.0,18170172.996,7,7,18170070.434,1.0,53.0,47.0,1.562,313278.844759
1732837,IT,SI,BASIC,MACHI,20.91,18166114.498,6,6,18166089.349,0.0,8.0,16.0,1.149,868776.398757
1667008,IT,ES,CEMEN,CONST,29.06,18158704.441,6,6,18158585.622,0.0,6.0,112.0,0.819,624869.388885
1723397,IT,PT,BASIC,MOTO1,20.89,18151120.562,6,6,18151095.414,0.0,8.0,16.0,1.148,868890.405074
1764251,IT,MX,MACHI,OFFIC,100.89,18084692.02,7,7,18084635.534,2.0,24.0,29.0,1.486,179251.581128
1680050,IT,GR,MACHI,OFFIC,100.83,18074044.539,7,7,18073988.054,2.0,24.0,29.0,1.485,179252.648408
1735010,IT,SK,PLAST,RUBBE,37.91,18069593.799,7,7,18069557.961,1.0,14.0,19.0,1.838,476644.521208
1713616,IT,MT,BASIC,COMPU,20.79,18057938.688,6,6,18057913.546,0.0,8.0,16.0,1.142,868587.719481
1645925,IT,BE,CERAM,PLAST,28.12,18049061.529,6,6,18048958.551,0.0,8.0,94.0,0.978,641858.518101
1763694,IT,MX,RUBBE,MOTO1,59.6,17989342.06,7,7,17989286.429,1.0,27.0,26.0,1.631,301834.598322
1658287,IT,DE,COPP1,MACHI,45.38,17964276.465,7,7,17964192.536,1.0,24.0,58.0,0.929,395863.298039
1666036,IT,ES,KEROS,FURNI,26.68,17944219.027,7,7,17944191.567,1.0,8.0,17.0,1.46,672571.927549
1743147,IT,US,MOTO1,SALEM,95.04,17855927.37,7,7,17855874.208,2.0,20.0,30.0,1.162,187878.023674
1675795,IT,FR,FURNI,HEALT,56.86,17813358.71,7,7,17813259.179,1.0,51.0,46.0,1.531,313284.535878
1759724,IT,BR,BUSIN,FOOD5,182.21,17740691.453,7,7,17740619.229,3.0,35.0,33.0,1.224,97363.983607
1763558,IT,MX,CHEM1,CHEM1,37.05,17729005.454,7,7,17728960.519,1.0,16.0,26.0,1.935,478515.666775
1645755,IT,BE,RUBBE,RUBBE,58.72,17722958.262,7,7,17722902.655,1.0,27.0,26.0,1.607,301821.496287
1658454,IT,DE,FABRI,FURNI,72.12,17721184.066,7,7,17721129.795,1.0,17.0,35.0,1.271,245718.026428
1813010,IT,WM,MACHI,RETA1,98.84,17717108.273,7,7,17717052.817,2.0,23.0,29.0,1.456,179250.387222
1773482,IT,CH,OFFIC,PUBLI,54.81,17685344.554,7,7,17685302.279,1.0,17.0,23.0,1.275,322666.384857
1755469,IT,KR,PLAST,RUBBE,37.07,17669159.145,7,7,17669124.348,1.0,14.0,18.0,1.797,476643.08457
1801078,IT,WE,COPP1,COPP1,44.57,17642135.096,7,7,17642053.184,1.0,23.0,57.0,0.912,395829.820417
1737506,IT,GB,WOODW,WOODW,49.3,17620278.011,7,7,17620137.821,1.0,112.0,26.0,1.19,357409.290284
1679501,IT,GR,CHEM1,HOTEL,36.77,17595708.9,7,7,17595664.979,1.0,15.0,26.0,1.921,478534.37313
1653881,IT,CZ,FABRI,FABRI,71.6,17593311.172,7,7,17593256.91,1.0,17.0,35.0,1.262,245716.63648
1742681,IT,US,NONF1,FABRI,3.85,17582139.152,6,6,17582132.053,0.0,2.0,5.0,0.099,4566789.39013
1676708,IT,FR,RAILW,RAILW,117.63,17581481.407,7,7,17581347.616,1.0,9.0,123.0,0.791,149464.264278
1800091,IT,WE,NAPHT,WEARI,29.75,17529453.852,7,7,17529409.598,1.0,11.0,31.0,1.254,589225.339563
1810686,IT,WM,MOTOR,GASDI,26.05,17435902.366,7,7,17435875.946,1.0,8.0,16.0,1.42,669324.467025
1667841,IT,ES,OFFIC,BUSIN,54.0,17426736.983,7,7,17426695.727,1.0,16.0,23.0,1.256,322717.351537
1804244,IT,WF,MOTOR,VEGET,26.03,17423953.855,7,7,17423927.436,1.0,8.0,16.0,1.419,669379.710142
1674657,IT,FR,GLASS,FOOD5,47.49,17303482.32,7,7,17303401.33,1.0,11.0,68.0,0.99,364360.545799
1747168,IT,JP,CONST,ELECT,96.64,17285687.495,7,7,17285599.571,2.0,19.0,66.0,0.924,178866.79941
1647432,IT,BE,AIRTR,CONST,18.78,17250081.056,6,6,17250068.513,0.0,4.0,8.0,0.543,918534.667519
1785503,IT,ZA,MOTOR,PLAST,25.57,17115893.236,7,7,17115866.842,1.0,8.0,16.0,1.394,669374.00219
1758516,IT,BR,MACHI,FURNI,95.44,17106326.638,7,7,17106273.233,2.0,22.0,28.0,1.405,179236.448428
1726107,IT,RO,RUBBE,MOTO1,56.66,17101637.631,7,7,17101584.08,1.0,26.0,25.0,1.551,301829.114561
1806285,IT,WF,MACHI,RETA1,95.41,17101467.557,7,7,17101414.152,2.0,22.0,28.0,1.405,179241.877759
1763809,IT,MX,CERAM,CONST,26.51,17016274.905,6,6,17016178.983,0.0,7.0,88.0,0.922,641881.361939
1790566,IT,WA,NONF1,NONF1,3.71,16959406.741,6,6,16959399.646,0.0,2.0,5.0,0.095,4571268.663342
1683419,IT,HR,BASIC,ELEC4,19.5,16940404.519,6,6,16940381.448,0.0,7.0,15.0,1.071,868738.693282
1667395,IT,ES,COPP1,COPP1,42.74,16918593.723,7,7,16918514.848,1.0,22.0,55.0,0.875,395849.174614
1812994,IT,WM,MACHI,ELEC2,94.25,16894540.275,7,7,16894487.887,2.0,22.0,27.0,1.388,179252.416711
1668113,IT,ES,CONST,CONST,94.31,16869509.463,7,7,16869423.561,2.0,19.0,64.0,0.902,178872.966419
1660108,IT,DE,AIRTR,AIRTR,18.36,16866834.909,6,6,16866822.378,0.0,4.0,8.0,0.531,918672.925327
1753475,IT,CA,FABRI,CONST,68.62,16860436.641,7,7,16860385.432,1.0,16.0,33.0,1.209,245707.324993
1675843,IT,FR,ELEC1,DISTR,2.41,16845769.07,6,6,16845766.009,0.0,1.0,1.0,1.061,6989945.672199
1679518,IT,GR,CHEM1,HEALT,35.18,16835112.052,7,7,16835070.214,1.0,15.0,24.0,1.838,478542.127686
1757542,IT,BR,MOTOR,MOTOR,25.14,16831452.622,7,7,16831426.251,1.0,8.0,16.0,1.371,669508.85529
1811574,IT,WM,CHEM1,VEGET,35.16,16825586.163,7,7,16825544.326,1.0,15.0,24.0,1.837,478543.406229
1756226,IT,KR,MACHI,CONST,93.74,16801900.522,7,7,16801848.142,2.0,22.0,27.0,1.38,179239.391103
1813419,IT,WM,FURNI,PUBLI,53.62,16798174.66,7,7,16798080.216,1.0,49.0,43.0,1.444,313281.884744
1651418,IT,CY,KEROS,SUPPO,24.97,16795920.327,7,7,16795893.96,1.0,8.0,16.0,1.367,672643.985863
1749858,IT,CN,RUBBE,MOTO1,55.46,16737556.764,7,7,16737505.246,1.0,25.0,24.0,1.518,301795.10934
1761115,IT,IN,CHEM1,TEXTI,34.96,16728816.411,7,7,16728774.585,1.0,15.0,24.0,1.826,478513.055235
1749191,IT,CN,PULP5,FURNI,50.66,16614404.96,7,7,16614293.401,1.0,80.0,29.0,1.559,327959.039874
1800111,IT,WE,NAPHT,PFERT,28.18,16604883.946,7,7,16604841.758,1.0,10.0,30.0,1.188,589243.575089
1736288,IT,SK,HOTEL,OFFIC,120.05,16562863.77,7,7,16562807.522,2.0,33.0,20.0,1.248,137966.378759
1738385,IT,GB,PREC1,MACHI,28.1,16542829.462,7,7,16542763.701,1.0,30.0,34.0,0.761,588712.792242
1726298,IT,RO,BASIC,POSTT,19.04,16536815.239,6,6,16536793.193,0.0,7.0,14.0,1.046,868530.212132
1777952,IT,TR,MACHI,MACHI,92.22,16529170.755,7,7,16529118.397,2.0,22.0,27.0,1.358,179236.290989
1720039,IT,PL,ALUM1,FABRI,28.68,16507431.652,7,7,16507392.33,1.0,13.0,24.0,1.322,575572.930683
1778996,IT,TR,AIRTR,MEAT1,17.96,16497345.554,6,6,16497333.034,0.0,4.0,8.0,0.52,918560.442873
1812543,IT,WM,ALUM1,ALUM1,28.6,16456643.18,7,7,16456604.862,1.0,12.0,24.0,1.318,575407.104196
1766280,IT,RU,CERAM,CONST,25.62,16445274.599,6,6,16445181.708,0.0,7.0,85.0,0.891,641892.060851
1749162,IT,CN,PULP5,WOODW,50.08,16423439.877,7,7,16423329.336,1.0,79.0,29.0,1.541,327944.087001
1726297,IT,RO,BASIC,RAILW,18.89,16406786.534,6,6,16406764.497,0.0,7.0,14.0,1.037,868543.490418
1805881,IT,WF,ALUM1,ALUM1,28.49,16397386.923,7,7,16397348.609,1.0,12.0,24.0,1.314,575548.856546
1772762,IT,CH,NONME,DAIRY,33.08,16374088.714,7,7,16374044.917,1.0,8.0,33.0,1.797,494984.543954
1804260,IT,WF,MOTOR,CRUDE,24.45,16364992.821,7,7,16364967.488,1.0,8.0,15.0,1.333,669324.859755
1674387,IT,FR,CHEM1,DISTR,34.2,16363365.554,7,7,16363324.768,1.0,14.0,24.0,1.786,478460.981111
1761411,IT,IN,NONME,CONST,33.03,16348295.015,7,7,16348251.221,1.0,8.0,33.0,1.794,494952.922041
1725248,IT,RO,FOOD5,CONST,78.47,16332389.233,7,7,16332289.773,2.0,76.0,20.0,1.46,208135.456009
1774600,IT,CH,SEACO,DISTR,16.58,16300775.271,6,6,16300766.989,0.0,3.0,5.0,0.282,983158.942762
1675418,IT,FR,MACHI,SALEM,90.82,16279283.135,7,7,16279232.798,2.0,21.0,26.0,1.337,179247.777307
1657232,IT,DE,CHEM1,BIODI,33.99,16266221.486,7,7,16266180.71,1.0,14.0,24.0,1.776,478559.031656
1674801,IT,FR,CEMEN,FABRI,25.99,16241363.922,6,6,16241258.189,0.0,5.0,100.0,0.733,624908.192459
1805266,IT,WF,CHEM1,HEALT,33.94,16238876.765,7,7,16238835.992,1.0,14.0,24.0,1.773,478458.360784
1742488,IT,US,BASIC,FOUND,18.68,16230348.725,6,6,16230326.699,0.0,7.0,14.0,1.026,868862.351445
1811322,IT,WM,BITU1,DISTR,25.58,16226028.901,7,7,16226000.609,1.0,8.0,18.0,1.292,634324.820211
1805738,IT,WF,BASIC,MOTO1,18.67,16215101.365,6,6,16215079.34,0.0,7.0,14.0,1.025,868511.053294
1795826,IT,WL,MACHI,WHOLE,90.45,16211993.969,7,7,16211943.637,2.0,21.0,26.0,1.332,179237.080918
1799970,IT,WE,HEAVY,GASDI,26.19,16211128.438,7,7,16211101.137,1.0,8.0,17.0,1.301,618981.612753
1666903,IT,ES,GLASS,CONST,44.37,16166994.82,7,7,16166918.895,1.0,10.0,64.0,0.925,364367.699346
1656011,IT,DE,FOOD5,HOTEL,77.61,16155181.929,7,7,16155083.485,2.0,75.0,20.0,1.444,208158.509586
1674953,IT,FR,BASIC,BUSIN,18.59,16148595.815,6,6,16148573.794,0.0,7.0,14.0,1.021,868671.10355
1716329,IT,NL,FABRI,CONST,65.67,16136759.121,7,7,16136709.964,1.0,15.0,32.0,1.157,245724.975194
1741884,IT,US,CHEM1,PAPER,33.71,16130967.851,7,7,16130928.09,1.0,14.0,23.0,1.761,478521.739869
1674565,IT,FR,RUBBE,MACHI,53.42,16124025.176,7,7,16123975.714,1.0,24.0,23.0,1.462,301834.990191
1811690,IT,WM,CHEM1,RESEA,33.69,16119694.421,7,7,16119654.661,1.0,14.0,23.0,1.76,478471.190888
1673185,IT,FR,BEVER,HOTEL,68.39,16082287.429,7,7,16082223.395,2.0,43.0,18.0,1.034,235155.540708
1674345,IT,FR,CHEM1,WOODW,33.53,16046287.598,7,7,16046247.846,1.0,14.0,23.0,1.752,478565.093886
1743687,IT,US,HOTEL,RECRE,116.24,16037888.354,7,7,16037833.146,2.0,32.0,20.0,1.208,137972.198503
1735814,IT,SK,MACHI,MOTO1,89.34,16013479.948,7,7,16013429.632,2.0,21.0,26.0,1.316,179241.996284
1790861,IT,WA,MACHI,PUBLI,89.33,16012502.732,7,7,16012452.416,2.0,21.0,26.0,1.316,179251.122042
1673168,IT,FR,BEVER,FABRI,68.05,16002140.221,7,7,16002076.193,2.0,43.0,18.0,1.028,235152.685099
1748469,IT,CN,STONE,FOUND,51.76,16000903.969,7,7,15999996.239,1.0,11.0,895.0,0.73,309136.475444
1756211,IT,KR,MACHI,TRANS,89.19,15986362.817,7,7,15986312.504,2.0,21.0,26.0,1.313,179239.408196
1741887,IT,US,CHEM1,MOTOR,33.38,15974748.166,7,7,15974708.422,1.0,14.0,23.0,1.744,478572.443559
1778612,IT,TR,HOTEL,MEAT1,115.48,15932806.546,7,7,15932751.346,2.0,32.0,20.0,1.2,137970.267977
1810577,IT,WM,PAPER,PUBLI,61.52,15875999.555,7,7,15875842.989,1.0,128.0,26.0,1.566,258062.411492
1813009,IT,WM,MACHI,WHOLE,88.35,15835855.511,7,7,15835805.21,2.0,21.0,26.0,1.301,179240.017102
1750304,IT,CN,NONF1,FABRI,3.46,15819859.303,6,6,15819853.214,0.0,2.0,4.0,0.089,4572213.671387
1667690,IT,ES,MACHI,DISTR,88.25,15818598.735,7,7,15818548.435,2.0,21.0,26.0,1.3,179247.577734
1683411,IT,HR,BASIC,FABRI,18.19,15800181.474,6,6,15800159.475,0.0,7.0,14.0,0.999,868619.102474
1776016,IT,TR,TEXTI,WEARI,93.57,15790605.649,7,7,15790572.553,2.0,15.0,14.0,2.096,168757.140633
1665718,IT,ES,PAPER,PAPER,61.15,15780417.251,7,7,15780261.694,1.0,127.0,26.0,1.557,258060.78906
1749131,IT,CN,WOODW,CONST,44.1,15760531.408,7,7,15760404.344,1.0,101.0,24.0,1.064,357381.66458
1812285,IT,WM,BASIC,NATU1,18.13,15748032.423,6,6,15748010.427,0.0,7.0,14.0,0.996,868617.342692
1750299,IT,CN,NONF1,ALUM1,3.44,15747610.122,6,6,15747604.033,0.0,2.0,4.0,0.089,4577793.640116
1645206,IT,BE,COKEO,FISH5,1.98,15746444.667,6,6,15746442.586,0.0,1.0,1.0,0.081,7952749.831818
1671894,IT,FI,HOTEL,REALE,113.88,15712207.538,7,7,15712154.354,2.0,31.0,19.0,1.184,137971.615191
1688946,IT,IE,FABRI,CONST,63.91,15704054.503,7,7,15704006.377,1.0,15.0,31.0,1.126,245721.397324
1726192,IT,RO,CERAM,CONST,24.46,15699395.428,6,6,15699306.577,0.0,7.0,81.0,0.851,641839.551431
1741946,IT,US,CHEM1,CONST,32.65,15624786.66,7,7,15624746.954,1.0,14.0,23.0,1.706,478553.955896
1667915,IT,ES,MOTO1,SALEM,83.1,15613177.558,7,7,15613132.542,1.0,17.0,26.0,1.016,187884.206474
1749666,IT,CN,CHEM1,RUBBE,32.57,15584135.291,7,7,15584095.59,1.0,14.0,23.0,1.701,478481.280043
1811700,IT,WM,CHEM1,93197,32.53,15564957.994,7,7,15564918.295,1.0,14.0,23.0,1.699,478480.110483
1662667,IT,DK,MACHI,MACHI,86.77,15553576.802,7,7,15553528.524,2.0,20.0,25.0,1.278,179250.625815
1804552,IT,WF,HEAVY,VEGET,25.06,15514272.296,7,7,15514246.051,1.0,8.0,16.0,1.245,619085.08763
1766422,IT,RU,BASIC,CONST,17.8,15463878.1,6,6,15463858.122,0.0,6.0,13.0,0.978,868757.196629
1771820,IT,CH,WOODW,WOODW,43.23,15450353.522,7,7,15450229.479,1.0,99.0,23.0,1.043,357398.878603
1758412,IT,BR,FABRI,OFFIC,62.7,15406447.271,7,7,15406400.166,1.0,15.0,30.0,1.105,245716.862376
1674970,IT,FR,BASIC,INERT,17.73,15401910.861,6,6,15401890.887,0.0,6.0,13.0,0.974,868692.095939
1795406,IT,WL,BASIC,FABRI,17.7,15379360.645,6,6,15379340.673,0.0,6.0,13.0,0.972,868890.431921
1657204,IT,DE,CHEM1,TEXTI,32.07,15346374.991,7,7,15346337.316,1.0,13.0,22.0,1.675,478527.439694
1719423,IT,PL,RUBBE,MOTO1,50.81,15336329.585,7,7,15336282.194,1.0,23.0,22.0,1.391,301836.834973
1738596,IT,GB,FABRI,CONST,62.33,15315058.215,7,7,15315011.116,1.0,15.0,30.0,1.099,245709.260629
1766149,IT,RU,RUBBE,CONST,50.72,15308213.886,7,7,15308166.498,1.0,23.0,22.0,1.388,301818.097121
1743648,IT,US,HOTEL,HOTEL,110.9,15300415.991,7,7,15300362.838,2.0,31.0,19.0,1.153,137965.879089
1729383,IT,SE,BASIC,BASIC,17.61,15298951.503,6,6,15298931.536,0.0,6.0,13.0,0.967,868764.991652
1789204,IT,WA,PLAST,RUBBE,32.03,15265734.14,7,7,15265703.587,1.0,12.0,16.0,1.553,476607.372463
1794857,IT,WL,PFERT,CEREA,6.71,15256741.313,6,6,15256725.872,0.0,7.0,6.0,2.441,2273731.939344
1679848,IT,GR,ALUM1,CONST,26.43,15208284.268,7,7,15208248.05,1.0,12.0,22.0,1.218,575417.490276
1666042,IT,ES,KEROS,SUPPO,22.58,15188204.738,7,7,15188181.502,1.0,7.0,14.0,1.236,672639.713818
1754129,IT,CA,AIRTR,AIRTR,16.52,15178376.706,6,6,15178365.228,0.0,4.0,7.0,0.478,918787.936199
1657291,IT,DE,CHEM1,BUSIN,31.7,15168002.138,7,7,15167964.482,1.0,13.0,22.0,1.656,478485.871861
1812354,IT,WM,BASIC,FURNI,17.45,15162960.926,6,6,15162940.967,0.0,6.0,13.0,0.959,868937.588883
1667172,IT,ES,BASIC,WHOLE,17.45,15155307.547,6,6,15155287.589,0.0,6.0,13.0,0.958,868498.999828
1742899,IT,US,MACHI,PLAST,84.4,15128215.517,7,7,15128167.274,2.0,20.0,25.0,1.243,179244.25968
1742907,IT,US,MACHI,RUBBE,84.29,15108370.193,7,7,15108321.952,2.0,20.0,25.0,1.241,179242.73571
1738435,IT,GB,ALUM1,MOTO1,26.23,15092811.587,7,7,15092776.378,1.0,11.0,22.0,1.209,575402.652955
1806284,IT,WF,MACHI,WHOLE,84.17,15086353.11,7,7,15086305.871,2.0,20.0,24.0,1.239,179236.700844
1803800,IT,WF,TEXTI,WEARI,89.36,15081285.019,7,7,15081255.017,1.0,14.0,13.0,2.002,168769.975593
1777504,IT,TR,BASIC,MACHI,17.36,15081052.314,6,6,15081032.36,0.0,6.0,13.0,0.954,868724.211636
1790132,IT,WA,BASIC,OFFIC,17.3,15027532.941,6,6,15027512.991,0.0,6.0,13.0,0.95,868643.522601
1743127,IT,US,MOTO1,MACHI,79.97,15025372.663,7,7,15025328.686,1.0,17.0,25.0,0.977,187887.616144
1641699,IT,AT,PLAST,RUBBE,31.52,15024505.584,7,7,15024475.056,1.0,12.0,16.0,1.528,476665.786294
1772952,IT,CH,PREC1,MACHI,25.45,14977524.48,7,7,14977464.791,1.0,27.0,31.0,0.689,588507.838114
1662373,IT,DK,BASIC,CONST,17.22,14962397.57,6,6,14962377.624,0.0,6.0,13.0,0.946,868896.490708
1795400,IT,WL,BASIC,BASIC,17.18,14928796.018,6,6,14928776.074,0.0,6.0,13.0,0.944,868963.679744
1743643,IT,US,HOTEL,CONST,108.09,14913857.768,7,7,14913806.644,2.0,30.0,18.0,1.124,137976.295383
1773048,IT,CH,ALUM1,FURNI,25.86,14881836.865,7,7,14881802.673,1.0,11.0,21.0,1.192,575477.063612
1731945,IT,SI,MOTOR,LANDT,22.2,14860049.676,7,7,14860026.465,1.0,7.0,14.0,1.211,669371.607027
1742355,IT,US,NONME,WOODW,29.88,14791276.196,6,6,14791237.573,0.0,7.0,30.0,1.623,495022.630388
1675071,IT,FR,ALUM1,MOTO1,25.69,14786394.021,7,7,14786359.836,1.0,11.0,21.0,1.185,575570.028065
1775921,IT,TR,FOOD5,FOOD5,70.91,14758947.136,7,7,14758856.817,2.0,69.0,18.0,1.319,208136.329657
1814031,IT,WM,SEACO,SEACO,14.98,14730658.52,6,6,14730650.265,0.0,3.0,5.0,0.255,983355.041389
1772560,IT,CH,RUBBE,DISTR,48.76,14715973.217,7,7,14715927.883,1.0,22.0,21.0,1.334,301804.208716
1795526,IT,WL,ALUM1,ALUM1,25.56,14711473.297,7,7,14711439.118,1.0,11.0,21.0,1.179,575566.247926
1776666,IT,TR,HEAVY,KEROS,23.66,14647736.603,7,7,14647712.427,1.0,7.0,15.0,1.176,619092.840363
1764124,IT,MX,FABRI,MOTO1,59.56,14635543.901,7,7,14635498.851,1.0,14.0,29.0,1.05,245727.735074
1744044,IT,US,AIRTR,REALE,15.91,14618267.328,6,6,14618255.867,0.0,4.0,7.0,0.461,918810.014331
1804790,IT,WF,NAPHT,PFERT,24.79,14603318.176,7,7,14603281.131,1.0,9.0,26.0,1.045,589081.007503
1742496,IT,US,BASIC,TRANS,16.81,14599187.501,6,6,14599167.578,0.0,6.0,13.0,0.923,868482.302261
1812368,IT,WM,BASIC,WHOLE,16.79,14585952.427,6,6,14585932.505,0.0,6.0,13.0,0.922,868728.554318
1650380,IT,BG,ELEC2,BUSIN,3.51,14574444.923,6,6,14574441.398,0.0,1.0,1.0,1.525,4152263.510826
1753240,IT,CA,CERAM,CONST,22.69,14564778.767,6,6,14564696.978,0.0,6.0,75.0,0.789,641902.986646
1773238,IT,CH,FABRI,CONST,59.26,14562485.247,7,7,14562440.202,1.0,14.0,29.0,1.045,245738.866807
1786342,IT,ZA,MACHI,BITUM,81.13,14542597.651,7,7,14542551.456,2.0,19.0,24.0,1.195,179250.556527
1764256,IT,MX,MACHI,TRANS,81.03,14523654.762,7,7,14523608.569,2.0,19.0,24.0,1.193,179237.995335
1735551,IT,SK,ALUM1,ALUM1,25.22,14515561.914,7,7,14515527.751,1.0,11.0,21.0,1.163,575557.569944
1766738,IT,RU,MACHI,CRUDE,80.98,14515431.605,7,7,14515385.412,2.0,19.0,24.0,1.193,179247.117869
1740974,IT,US,BEVER,BEVER,61.69,14507112.818,7,7,14507054.886,1.0,39.0,17.0,0.932,235161.498103
1742837,IT,US,MACHI,CEREA,80.91,14503527.691,7,7,14503481.499,2.0,19.0,24.0,1.192,179255.069719
1645210,IT,BE,COKEO,BASIC,1.82,14440072.456,6,6,14440070.382,0.0,1.0,1.0,0.074,7934105.745055
1761139,IT,IN,CHEM1,CHEM1,30.18,14439648.15,7,7,14439611.574,1.0,13.0,21.0,1.576,478450.899602
1812742,IT,WM,NONF1,ALUM1,3.15,14422933.64,6,6,14422928.559,0.0,1.0,4.0,0.081,4578709.092063
1658208,IT,DE,LEAD1,LEAD1,25.06,14411326.554,7,7,14411225.339,1.0,36.0,63.0,1.215,575072.887231
1667153,IT,ES,BASIC,OFFIC,16.57,14398644.713,6,6,14398624.803,0.0,6.0,13.0,0.91,868958.642909
1688417,IT,IE,BEVER,CONST,61.23,14397900.905,7,7,14397843.98,1.0,39.0,16.0,0.925,235144.551772
1742875,IT,US,MACHI,BEVER,80.25,14384591.368,7,7,14384547.186,1.0,19.0,23.0,1.182,179247.244461
1714406,IT,NL,VEGET,FOOD5,50.9,14377775.569,7,7,14377708.004,1.0,59.0,7.0,0.565,282471.03279
1742595,IT,US,ALUM1,FABRI,24.96,14361880.878,7,7,14361846.727,1.0,11.0,21.0,1.151,575395.86851
1797003,IT,WL,AIRTR,WHOLE,15.6,14326382.622,6,6,14326371.171,0.0,4.0,7.0,0.451,918357.860385
1674339,IT,FR,CHEM1,BEVER,29.93,14323698.47,7,7,14323661.906,1.0,13.0,21.0,1.564,478573.286669
1810985,IT,WM,GASDI,ELEC6,21.32,14321415.934,7,7,14321393.768,1.0,7.0,13.0,1.166,671736.207036
1795002,IT,WL,CHEM1,PUBLI,29.9,14308327.58,7,7,14308291.018,1.0,13.0,21.0,1.562,478539.383946
1805748,IT,WF,BASIC,WHOLE,16.47,14307053.619,6,6,14307034.714,0.0,6.0,12.0,0.905,868673.565209
1775325,IT,CH,BUSIN,FINAN,146.91,14304310.589,7,7,14304252.602,2.0,28.0,27.0,0.987,97367.848268
1657963,IT,DE,BASIC,RETA1,16.43,14273740.278,6,6,14273721.376,0.0,6.0,12.0,0.902,868760.820329
1741228,IT,US,WOODW,CONST,39.94,14272620.682,7,7,14272506.718,1.0,91.0,21.0,0.964,357351.544367
1753574,IT,CA,MACHI,MACHI,79.48,14246868.264,7,7,14246824.094,1.0,19.0,23.0,1.17,179250.984701
1665374,IT,ES,TEXTI,TEXTI,84.22,14213327.37,7,7,14213297.483,1.0,14.0,13.0,1.887,168764.276538
1758226,IT,BR,BASIC,BASIC,16.35,14204553.28,6,6,14204534.382,0.0,6.0,12.0,0.898,868780.017125
1801738,IT,WE,ELEC2,CRUDE,3.42,14193581.655,6,6,14193578.17,0.0,1.0,1.0,1.485,4150170.074561
1716394,IT,NL,MACHI,TRANS,79.11,14180002.647,7,7,14179958.482,1.0,19.0,23.0,1.165,179244.123967
1743604,IT,US,HOTEL,RUBBE,102.57,14151188.452,7,7,14151140.386,2.0,28.0,17.0,1.066,137966.154353
1673797,IT,FR,PAPER,RECRE,54.82,14148326.171,7,7,14148186.775,1.0,114.0,23.0,1.396,258086.942193
1743618,IT,US,HOTEL,MACHI,102.51,14143606.669,7,7,14143558.603,2.0,28.0,17.0,1.066,137972.945752
1719825,IT,PL,BASIC,TRANS,16.27,14136206.635,6,6,14136187.741,0.0,6.0,12.0,0.894,868851.053165
1675066,IT,FR,ALUM1,ALUM1,24.52,14112569.252,7,7,14112536.121,1.0,11.0,20.0,1.131,575553.395269
1749588,IT,CN,PFERT,VEGET,6.2,14099470.522,6,6,14099455.266,0.0,7.0,6.0,2.256,2274108.14871
1685775,IT,HU,PLAST,RUBBE,29.48,14049092.665,6,6,14049065.236,0.0,11.0,15.0,1.429,476563.523236
1750829,IT,CN,FURNI,CERAM,44.83,14043963.027,7,7,14043883.82,1.0,41.0,36.0,1.207,313271.53752
1744051,IT,US,AIRTR,HEALT,15.27,14030100.226,6,6,14030089.784,0.0,4.0,6.0,0.442,918801.586509
1761143,IT,IN,CHEM1,RUBBE,29.24,13993919.085,7,7,13993884.557,1.0,12.0,20.0,1.528,478588.204001
1645604,IT,BE,CHEM1,PLAST,29.24,13992830.806,7,7,13992796.278,1.0,12.0,20.0,1.528,478550.985157
1732944,IT,SI,ALUM1,ALUM1,24.3,13983730.132,7,7,13983697.012,1.0,11.0,20.0,1.12,575462.14535
1658603,IT,DE,MACHI,TRANS,77.87,13957826.687,7,7,13957783.54,1.0,18.0,23.0,1.147,179245.238051
1776665,IT,TR,HEAVY,MOTOR,22.54,13951455.214,7,7,13951431.094,1.0,7.0,15.0,1.12,618964.295209
1790234,IT,WA,PREC1,PREC1,23.69,13942758.387,6,6,13942702.745,0.0,26.0,29.0,0.642,588550.375137
1674348,IT,FR,CHEM1,PRINT,29.12,13935626.836,7,7,13935592.315,1.0,12.0,20.0,1.521,478558.613874
1671505,IT,FI,MACHI,MACHI,77.75,13935407.417,7,7,13935364.272,1.0,18.0,23.0,1.145,179233.53591
1750134,IT,CN,PREC1,PREC1,23.63,13907087.589,6,6,13907032.949,0.0,25.0,29.0,0.64,588535.234405
1772800,IT,CH,NONME,CONST,28.08,13898637.101,6,6,13898600.576,0.0,7.0,28.0,1.525,494965.708725
1748461,IT,CN,STONE,CEMEN,44.94,13892574.276,7,7,13891785.642,1.0,10.0,777.0,0.634,309136.054206
1713307,IT,MT,MOTOR,POSTT,20.72,13870205.075,7,7,13870183.945,1.0,6.0,13.0,1.13,669411.441844
1812337,IT,WM,BASIC,CEMEN,15.96,13864983.409,6,6,13864964.532,0.0,6.0,12.0,0.877,868733.296303
1657240,IT,DE,CHEM1,BASIC,28.96,13859943.104,7,7,13859908.591,1.0,12.0,20.0,1.513,478589.19558
1667547,IT,ES,FABRI,CONST,56.34,13845071.472,7,7,13845029.479,1.0,13.0,27.0,0.993,245741.417678
1743654,IT,US,HOTEL,AIRTR,100.27,13834081.436,7,7,13834033.394,2.0,28.0,17.0,1.042,137968.29995
1749646,IT,CN,CHEM1,KEROS,28.89,13823598.664,7,7,13823564.155,1.0,12.0,20.0,1.509,478490.781031
1788300,IT,WA,LEATH,OFFIC,98.95,13815828.283,7,7,13815704.892,2.0,98.0,21.0,2.391,139624.338383
1774599,IT,CH,SEACO,TRAN1,14.0,13770929.856,6,6,13770922.618,0.0,3.0,4.0,0.238,983637.846857
1680951,IT,GR,SEACO,RETA1,13.99,13754486.777,6,6,13754479.539,0.0,3.0,4.0,0.238,983165.602359
1657396,IT,DE,RUBBE,DAIRY,45.54,13745760.63,7,7,13745717.384,1.0,21.0,20.0,1.246,301839.276021
1804978,IT,WF,PLAST,CRUDE,28.83,13738485.166,6,6,13738458.769,0.0,11.0,14.0,1.397,476534.344988
1755598,IT,KR,CHEM1,HEALT,28.71,13737067.575,7,7,13737033.075,1.0,12.0,20.0,1.5,478476.752874
1659837,IT,DE,LANDT,MOTO1,88.51,13720355.079,7,7,13720328.43,1.0,7.0,18.0,0.649,155014.744989
1738327,IT,GB,BASIC,FURNI,15.78,13711960.063,6,6,13711941.196,0.0,6.0,12.0,0.867,868945.504626
1748880,IT,CN,WEARI,WEARI,103.3,13706553.589,7,7,13706503.984,2.0,25.0,20.0,2.605,132686.869206
1723016,IT,PT,PLAST,RUBBE,28.75,13700150.526,6,6,13700124.132,0.0,11.0,14.0,1.394,476526.974817
1687387,IT,HU,HOTEL,OFFIC,99.28,13697808.297,7,7,13697761.265,2.0,27.0,17.0,1.032,137971.477609
1746802,IT,JP,MACHI,BASIC,76.41,13696688.117,7,7,13696645.992,1.0,18.0,22.0,1.125,179252.560097
1674990,IT,FR,PREC1,CHEM1,23.25,13685828.606,6,6,13685774.976,0.0,25.0,28.0,0.63,588637.789505
1675067,IT,FR,ALUM1,FOUND,23.76,13672885.699,7,7,13672853.604,1.0,10.0,20.0,1.095,575458.152315
1805681,IT,WF,BASIC,NATUR,15.73,13668093.605,6,6,13668074.741,0.0,6.0,12.0,0.864,868918.856008
1689017,IT,IE,MACHI,COMPU,76.21,13660835.839,7,7,13660793.717,1.0,18.0,22.0,1.122,179252.536924
1743617,IT,US,HOTEL,FABRI,98.97,13655264.701,7,7,13655217.672,2.0,27.0,17.0,1.029,137973.776912
1674392,IT,FR,CHEM1,WHOLE,28.52,13646657.101,7,7,13646622.611,1.0,12.0,20.0,1.49,478494.288254
1772875,IT,CH,BASIC,FURNI,15.71,13646055.563,6,6,13646036.7,0.0,6.0,12.0,0.863,868622.250987
1657242,IT,DE,CHEM1,ALUM1,28.51,13643623.754,7,7,13643589.265,1.0,12.0,20.0,1.489,478555.726201
1645049,IT,BE,PAPER,PAPER,52.86,13641369.179,7,7,13641234.833,1.0,110.0,22.0,1.346,258066.007927
1741891,IT,US,CHEM1,GASDI,28.48,13626191.013,7,7,13626156.525,1.0,12.0,20.0,1.488,478447.718153
1675268,IT,FR,FABRI,TRANS,55.44,13623498.866,7,7,13623456.889,1.0,13.0,27.0,0.977,245734.10653
1646234,IT,BE,LEAD1,FOOD5,23.64,13596433.007,7,7,13596337.861,1.0,34.0,59.0,1.146,575145.220262
1811693,IT,WM,CHEM1,EDUCA,28.41,13593733.713,7,7,13593699.229,1.0,12.0,20.0,1.484,478484.115206
1799890,IT,WE,GASDI,RAILW,20.22,13585915.486,7,7,13585894.38,1.0,6.0,13.0,1.106,671904.821266
1722610,IT,PT,TEXTI,WEARI,80.43,13573386.066,7,7,13573358.264,1.0,13.0,12.0,1.802,168760.239537
1646387,IT,BE,FABRI,CONST,55.15,13552650.456,7,7,13552608.484,1.0,13.0,27.0,0.972,245741.622049
1658341,IT,DE,NONF1,BASIC,2.96,13551810.487,6,6,13551805.411,0.0,1.0,4.0,0.076,4578314.353716
1788332,IT,WA,LEATH,POSTT,97.03,13547856.714,7,7,13547736.37,2.0,96.0,20.0,2.344,139625.442791
1715539,IT,NL,GASDI,LANDT,20.15,13541106.757,7,7,13541085.654,1.0,6.0,13.0,1.103,672015.223672
1641391,IT,AT,KEROS,MEMBE,20.12,13530361.78,7,7,13530340.679,1.0,6.0,13.0,1.101,672483.189861
1777048,IT,TR,CHEM1,RUBBE,28.27,13526869.374,7,7,13526834.897,1.0,12.0,20.0,1.477,478488.481571
1741908,IT,US,CHEM1,BIOGA,28.25,13517676.935,7,7,13517642.459,1.0,12.0,20.0,1.476,478501.838407
1725374,IT,RO,TEXTI,WEARI,79.88,13481381.416,7,7,13481353.626,1.0,13.0,12.0,1.79,168770.423335
1806203,IT,WF,MACHI,NATUR,75.14,13468517.907,7,7,13468475.8,1.0,18.0,22.0,1.107,179245.646886
1812461,IT,WM,PREC1,FURNI,22.87,13462465.85,6,6,13462412.23,0.0,25.0,28.0,0.62,588651.76432
1715716,IT,NL,PLAST,RUBBE,28.21,13444994.107,6,6,13444967.739,0.0,11.0,14.0,1.368,476603.832223
1674759,IT,FR,CERAM,WHOLE,20.92,13430524.276,6,6,13430447.548,0.0,6.0,70.0,0.728,641994.46826
1737145,IT,GB,VEGE1,FOOD5,41.29,13425985.07,7,7,13425876.149,1.0,82.0,23.0,2.921,325163.116251
1658810,IT,DE,MOTO1,MACHI,71.42,13417805.922,7,7,13417766.049,1.0,15.0,23.0,0.873,187871.827527
1642361,IT,AT,BASIC,WHOLE,15.42,13397220.243,6,6,13397201.396,0.0,6.0,12.0,0.847,868821.027432
1738589,IT,GB,FABRI,MOTO1,54.49,13389726.705,7,7,13389685.745,1.0,13.0,26.0,0.96,245728.146541
1750840,IT,CN,FURNI,FABRI,42.71,13380751.458,7,7,13380675.308,1.0,39.0,35.0,1.15,313293.173917
1753055,IT,CA,CHEM1,HEALT,27.94,13371940.546,7,7,13371907.086,1.0,12.0,19.0,1.46,478594.865641
1726015,IT,RO,CHEM1,CONST,27.93,13363353.489,7,7,13363320.03,1.0,12.0,19.0,1.459,478458.771536
1674692,IT,FR,GLASS,MOTO1,36.67,13359993.257,7,7,13359930.492,1.0,8.0,53.0,0.765,364330.331524
1657441,IT,DE,RUBBE,FABRI,44.2,13341851.13,7,7,13341809.92,1.0,20.0,19.0,1.21,301851.83552
1742923,IT,US,MACHI,ELECT,74.16,13293090.081,7,7,13293048.989,1.0,17.0,22.0,1.092,179248.7875
1750554,IT,CN,MACHI,PUBLI,74.12,13284933.981,7,7,13284892.89,1.0,17.0,22.0,1.091,179235.482744
1742519,IT,US,BASIC,RESEA,15.27,13261532.466,6,6,13261513.628,0.0,6.0,12.0,0.838,868469.709627
1774362,IT,CH,HOTEL,RETA1,96.06,13253693.458,7,7,13253648.459,2.0,26.0,16.0,0.999,137973.073683
1657290,IT,DE,CHEM1,RESEA,27.69,13248568.014,7,7,13248534.568,1.0,12.0,19.0,1.446,478460.383315
1749095,IT,CN,WOODW,WOODW,37.04,13239385.888,7,7,13239279.994,1.0,84.0,20.0,0.894,357434.82419
1642771,IT,AT,MACHI,SALEM,73.86,13238526.879,7,7,13238486.791,1.0,17.0,21.0,1.088,179238.111007
1642657,IT,AT,FABRI,CONST,53.85,13232910.032,7,7,13232869.083,1.0,13.0,26.0,0.949,245736.490845
1657471,IT,DE,RUBBE,RETA1,43.82,13224892.282,7,7,13224851.083,1.0,20.0,19.0,1.199,301800.371565
1688997,IT,IE,MACHI,OFFIC,73.77,13222050.684,7,7,13222010.598,1.0,17.0,21.0,1.086,179233.437495
1675007,IT,FR,PREC1,CONST,22.43,13202320.306,6,6,13202268.698,0.0,24.0,27.0,0.608,588600.994472
1642636,IT,AT,FABRI,FABRI,53.71,13197346.893,7,7,13197305.946,1.0,13.0,26.0,0.947,245714.892813
1675181,IT,FR,NONF1,ALUM1,2.89,13193779.338,6,6,13193774.264,0.0,1.0,4.0,0.074,4565321.570242
1666785,IT,ES,RUBBE,SALEM,43.69,13187234.907,7,7,13187193.711,1.0,20.0,19.0,1.196,301836.459304
1742961,IT,US,MACHI,INSUR,73.57,13186808.177,7,7,13186768.094,1.0,17.0,21.0,1.083,179241.649817
1813029,IT,WM,MACHI,EDUCA,73.53,13180745.755,7,7,13180705.672,1.0,17.0,21.0,1.083,179256.708214
1732331,IT,SI,NAPHT,DIST1,22.36,13175100.352,7,7,13175066.41,1.0,8.0,24.0,0.942,589226.312701
1749642,IT,CN,CHEM1,COKEO,27.5,13157477.655,7,7,13157444.219,1.0,12.0,19.0,1.436,478453.732909
1774363,IT,CH,HOTEL,HOTEL,95.35,13155162.779,7,7,13155117.788,2.0,26.0,16.0,0.991,137967.09784
1750084,IT,CN,BASIC,ELECT,15.12,13132559.583,6,6,13132542.753,0.0,5.0,11.0,0.83,868555.527976
1726382,IT,RO,COPP1,RESEA,33.13,13112928.101,7,7,13112867.423,1.0,17.0,42.0,0.678,395802.236674
1642308,IT,AT,BASIC,WOODW,15.08,13098809.283,6,6,13098792.455,0.0,5.0,11.0,0.828,868621.305239
1720474,IT,PL,MACHI,CONST,73.06,13095775.399,7,7,13095735.323,1.0,17.0,21.0,1.076,179246.857364
1642785,IT,AT,MACHI,RESEA,72.85,13058298.464,7,7,13058258.391,1.0,17.0,21.0,1.073,179249.120988
1740296,IT,GB,BUSIN,RECRE,134.09,13055454.835,7,7,13055400.934,2.0,26.0,25.0,0.901,97363.374114
1811618,IT,WM,CHEM1,KEROS,27.27,13051134.466,7,7,13051102.041,1.0,11.0,19.0,1.425,478589.456032
1738699,IT,GB,MACHI,FURNI,72.59,13010962.982,7,7,13010922.913,1.0,17.0,21.0,1.069,179239.054718
1674375,IT,FR,CHEM1,TRANS,27.18,13007668.569,7,7,13007636.149,1.0,11.0,19.0,1.42,478575.002539
1679748,IT,GR,BASIC,FABRI,14.96,12994952.072,6,6,12994935.25,0.0,5.0,11.0,0.822,868646.528877
1764253,IT,MX,MACHI,RADIO,72.49,12994008.574,7,7,12993968.506,1.0,17.0,21.0,1.068,179252.428942
1667698,IT,ES,MACHI,HOTEL,72.46,12988118.813,7,7,12988078.746,1.0,17.0,21.0,1.067,179245.360378
1780186,IT,TW,HOTEL,PUBLI,94.06,12977777.628,7,7,12977732.65,2.0,26.0,16.0,0.978,137973.396003
1665946,IT,ES,MOTOR,KEROS,19.38,12974753.269,7,7,12974733.212,1.0,6.0,12.0,1.057,669491.912745
1747507,IT,JP,SEACO,SEACO,13.16,12944828.455,6,6,12944821.231,0.0,3.0,4.0,0.224,983649.578647
1812006,IT,WM,GLASS,CONST,35.5,12932957.65,7,7,12932896.91,1.0,8.0,51.0,0.74,364308.666197
1675140,IT,FR,COPP1,FABRI,32.62,12911498.936,7,7,12911438.268,1.0,17.0,42.0,0.668,395815.418026
1741875,IT,US,CHEM1,FOOD5,26.97,12906481.516,7,7,12906449.107,1.0,11.0,19.0,1.409,478549.555654
1718791,IT,PL,PAPER,PAPER,49.97,12894652.34,7,7,12894525.068,1.0,104.0,21.0,1.272,258047.875525
1772431,IT,CH,CHEM1,WHOLE,26.87,12857066.644,7,7,12857034.24,1.0,11.0,19.0,1.404,478491.501451
1811055,IT,WM,HEAVY,HEAVY,20.76,12851520.958,7,7,12851499.926,1.0,6.0,13.0,1.032,619052.069268
1686567,IT,HU,ALUM1,FABRI,22.3,12833641.29,7,7,12833611.262,1.0,10.0,18.0,1.028,575499.609417
1788324,IT,WA,LEATH,HOTEL,91.91,12832137.387,7,7,12832024.166,1.0,91.0,19.0,2.221,139616.335404
1788319,IT,WA,LEATH,CONST,91.78,12814173.22,7,7,12814061.002,1.0,90.0,19.0,2.218,139618.361517
1790331,IT,WA,ALUM1,ALUM1,22.27,12814067.334,7,7,12814037.307,1.0,10.0,18.0,1.027,575395.928783
1658833,IT,DE,MOTO1,SALEM,68.19,12810811.042,7,7,12810773.209,1.0,14.0,22.0,0.833,187869.350961
1726626,IT,RO,MOTO1,MOTO1,68.17,12808616.152,7,7,12808578.319,1.0,14.0,22.0,0.833,187892.271556
1811083,IT,WM,HEAVY,FURNI,20.69,12807846.065,7,7,12807825.037,1.0,6.0,13.0,1.028,619035.575882
1719620,IT,PL,CERAM,CONST,19.93,12792881.141,6,6,12792808.448,0.0,6.0,66.0,0.693,641890.67441
1657598,IT,DE,GLASS,CONST,35.11,12790756.776,7,7,12790697.044,1.0,8.0,50.0,0.732,364305.234292
1733304,IT,SI,MOTO1,MOTO1,68.08,12790512.729,7,7,12790474.897,1.0,14.0,22.0,0.832,187874.746313
1750431,IT,CN,MACHI,VEGET,71.35,12788358.2,7,7,12788318.149,1.0,17.0,21.0,1.051,179234.17239
1726380,IT,RO,COPP1,CONST,32.3,12787053.591,7,7,12786993.93,1.0,17.0,41.0,0.661,395884.012105
1742927,IT,US,MACHI,TRANS,71.29,12778486.966,7,7,12778446.916,1.0,17.0,21.0,1.05,179246.555842
1772889,IT,CH,BASIC,WHOLE,14.7,12773831.422,6,6,12773814.614,0.0,5.0,11.0,0.808,868968.123946
1674571,IT,FR,RUBBE,FURNI,42.32,12772433.774,7,7,12772393.616,1.0,19.0,19.0,1.158,301806.091068
1763932,IT,MX,BASIC,BASIC,14.7,12768462.647,6,6,12768445.84,0.0,5.0,11.0,0.807,868602.901156
1716481,IT,NL,OFFIC,OFFIC,39.55,12762635.959,7,7,12762605.039,1.0,12.0,17.0,0.92,322696.23158
1657484,IT,DE,RUBBE,RESEA,42.27,12756773.71,7,7,12756734.553,1.0,19.0,18.0,1.157,301792.612018
1749612,IT,CN,CHEM1,POULT,26.63,12743464.551,7,7,12743432.16,1.0,11.0,19.0,1.391,478537.910289
1667296,IT,ES,ALUM1,MACHI,22.09,12711477.267,7,7,12711447.249,1.0,10.0,18.0,1.018,575440.34708
1752564,IT,CA,BEVER,HOTEL,54.0,12698037.546,7,7,12697986.73,1.0,34.0,15.0,0.816,235148.843444
1653556,IT,CZ,BASIC,CONST,14.62,12696688.066,6,6,12696671.263,0.0,5.0,11.0,0.803,868446.516142
1675762,IT,FR,FURNI,MOTO1,40.49,12685264.286,7,7,12685192.195,1.0,37.0,33.0,1.091,313293.758607
1806076,IT,WF,FABRI,VEGET,51.43,12637992.766,7,7,12637953.859,1.0,12.0,25.0,0.907,245731.922341
1671253,IT,FI,BASIC,FABRI,14.52,12610834.57,6,6,12610817.773,0.0,5.0,11.0,0.797,868514.777548
1782218,IT,NO,BASIC,CONST,14.5,12595301.192,6,6,12595284.396,0.0,5.0,11.0,0.796,868641.461517
1764249,IT,MX,MACHI,FABRI,70.19,12581421.568,7,7,12581383.534,1.0,16.0,20.0,1.034,179248.063371
1737597,IT,GB,PAPER,PRINT,48.69,12564658.642,7,7,12564534.403,1.0,101.0,21.0,1.239,258054.192688
1674608,IT,FR,RUBBE,BUSIN,41.58,12550963.869,7,7,12550924.731,1.0,19.0,18.0,1.138,301850.9829
1742384,IT,US,NONME,FABRI,25.35,12547902.371,6,6,12547869.994,0.0,6.0,25.0,1.377,494986.286824
1735440,IT,SK,BASIC,BASIC,14.44,12545095.387,6,6,12545078.594,0.0,5.0,11.0,0.793,868773.918767
1729408,IT,SE,BASIC,CONST,14.43,12536028.965,6,6,12536012.172,0.0,5.0,11.0,0.793,868747.676022
1742965,IT,US,MACHI,COMPU,69.93,12534693.439,7,7,12534655.409,1.0,16.0,20.0,1.03,179246.295424
1674295,IT,FR,PLAST,MACHI,26.26,12516001.156,6,6,12515976.883,0.0,10.0,13.0,1.273,476618.475095
1674372,IT,FR,CHEM1,MACHI,26.14,12510624.403,7,7,12510593.037,1.0,11.0,18.0,1.366,478600.780528
1674405,IT,FR,CHEM1,REALE,26.08,12479905.359,7,7,12479873.997,1.0,11.0,18.0,1.362,478523.978489
1682517,IT,HR,COKEO,PROCE,1.57,12478366.507,6,6,12478364.443,0.0,1.0,1.0,0.064,7948004.144586
1715637,IT,NL,NAPHT,PLAST,21.18,12477368.339,7,7,12477336.447,1.0,8.0,22.0,0.892,589110.875307
1743655,IT,US,HOTEL,SUPPO,90.4,12472970.603,7,7,12472927.663,2.0,25.0,15.0,0.94,137975.338529
1810032,IT,WM,TEXTI,TEXTI,73.9,12470949.536,7,7,12470923.881,1.0,12.0,11.0,1.655,168754.391556
1672823,IT,FR,MEAT4,FOOD5,68.62,12459750.346,7,7,12459680.498,1.0,54.0,14.0,0.848,181576.076159
1799433,IT,WE,PAPER,MEAT1,48.24,12449640.206,7,7,12449517.978,1.0,100.0,20.0,1.228,258077.118698
1687071,IT,HU,MOTO1,MACHI,66.25,12446212.619,7,7,12446175.809,1.0,14.0,21.0,0.81,187867.360287
1772559,IT,CH,RUBBE,TRAN1,41.17,12426817.25,7,7,12426778.123,1.0,19.0,18.0,1.127,301841.56546
1812755,IT,WM,NONF1,CONST,2.72,12426330.674,6,6,12426326.604,0.0,1.0,3.0,0.07,4568503.924265
1738339,IT,GB,BASIC,RESEA,14.3,12425526.195,6,6,12425509.409,0.0,5.0,11.0,0.786,868917.915734
1650284,IT,BG,ELEC1,SECO9,1.78,12410972.873,5,5,12410971.091,0.0,0.0,1.0,0.782,6972456.670225
1686823,IT,HU,FABRI,MACHI,50.41,12387746.03,7,7,12387708.141,1.0,12.0,24.0,0.889,245739.853799
1658146,IT,DE,ALUM1,OFFIC,21.52,12382440.407,6,6,12382412.415,0.0,9.0,18.0,0.992,575392.212221
1791238,IT,WA,FURNI,HOTEL,39.5,12373649.331,7,7,12373579.267,1.0,36.0,32.0,1.064,313256.945089
1675375,IT,FR,MACHI,NUCLE,69.03,12373645.131,7,7,12373607.114,1.0,16.0,20.0,1.017,179250.255411
1742881,IT,US,MACHI,WOODW,68.97,12362942.561,7,7,12362904.545,1.0,16.0,20.0,1.016,179251.015818
1742315,IT,US,CEMEN,CONST,19.77,12354199.905,6,6,12354119.348,0.0,4.0,76.0,0.557,624896.302731
1654097,IT,CZ,OFFIC,OFFIC,38.25,12341652.767,7,7,12341622.877,1.0,12.0,16.0,0.89,322657.58868
1799191,IT,WE,WEARI,PUBLI,92.79,12312046.974,7,7,12312001.634,2.0,23.0,18.0,2.34,132687.21817
1723422,IT,PT,BASIC,EDUCA,14.17,12309728.662,6,6,12309711.884,0.0,5.0,11.0,0.778,868717.619054
1743657,IT,US,HOTEL,FINAN,89.05,12286548.327,7,7,12286505.401,2.0,25.0,15.0,0.926,137973.591544
1764183,IT,MX,MACHI,CRUDE,68.32,12245356.997,7,7,12245318.991,1.0,16.0,20.0,1.006,179235.319043
1674376,IT,FR,CHEM1,FURNI,25.57,12236976.351,7,7,12236945.015,1.0,11.0,18.0,1.336,478567.710246
1812999,IT,WM,MACHI,DISTR,68.26,12235377.127,7,7,12235339.122,1.0,16.0,20.0,1.005,179246.661691
1811687,IT,WM,CHEM1,REALE,25.52,12210278.688,7,7,12210247.355,1.0,11.0,18.0,1.333,478459.196238
1716406,IT,NL,MACHI,CONST,68.11,12208402.647,7,7,12208364.644,1.0,16.0,20.0,1.003,179245.377287
1780396,IT,TW,AIRTR,EDUCA,13.29,12207011.073,6,6,12207001.688,0.0,3.0,6.0,0.385,918510.991196
1742140,IT,US,RUBBE,PUBLI,40.34,12176495.282,7,7,12176457.178,1.0,18.0,18.0,1.104,301846.685226
1679467,IT,GR,CHEM1,PLAST,25.43,12168988.561,7,7,12168957.233,1.0,11.0,18.0,1.328,478528.846284
1778930,IT,TR,SEACO,FABRI,12.37,12161105.964,6,6,12161099.753,0.0,2.0,4.0,0.211,983112.850768
1674113,IT,FR,HEAVY,PAPER,19.62,12143653.027,7,7,12143632.052,1.0,6.0,13.0,0.975,618942.55999
1723392,IT,PT,BASIC,MACHI,13.97,12138463.05,6,6,12138446.283,0.0,5.0,11.0,0.767,868894.992842
1726460,IT,RO,FABRI,FABRI,49.37,12132504.517,7,7,12132466.647,1.0,12.0,24.0,0.87,245746.496192
1772448,IT,CH,CHEM1,BUSIN,25.34,12125800.972,7,7,12125769.648,1.0,11.0,18.0,1.324,478524.110971
1667693,IT,ES,MACHI,CONST,67.61,12118357.75,7,7,12118319.754,1.0,16.0,20.0,0.996,179239.132525
1666784,IT,ES,RUBBE,CONST,40.14,12116616.101,7,7,12116578.002,1.0,18.0,18.0,1.099,301858.896388
1758594,IT,BR,MOTO1,MOTO1,64.48,12115280.056,7,7,12115245.268,1.0,13.0,20.0,0.788,187892.060422
1749668,IT,CN,CHEM1,CERAM,25.31,12110072.652,7,7,12110041.33,1.0,11.0,18.0,1.322,478469.879573
1738384,IT,GB,PREC1,FABRI,20.53,12085460.081,6,6,12085412.525,0.0,22.0,25.0,0.556,588673.165173
1774380,IT,CH,HOTEL,PUBLI,87.58,12083702.658,7,7,12083660.748,2.0,24.0,15.0,0.91,137973.311921
1642374,IT,AT,BASIC,BUSIN,13.9,12077482.74,6,6,12077465.976,0.0,5.0,11.0,0.764,868883.65036
1766966,IT,RU,MOTO1,MOTO1,64.25,12071073.496,7,7,12071038.711,1.0,13.0,20.0,0.785,187876.630288
1674570,IT,FR,RUBBE,TRANS,39.99,12068367.311,7,7,12068330.217,1.0,18.0,17.0,1.094,301784.628932
1811836,IT,WM,RUBBE,CRUDE,39.98,12067879.331,7,7,12067842.237,1.0,18.0,17.0,1.094,301847.907229
1743646,IT,US,HOTEL,WHOLE,87.44,12064431.718,7,7,12064389.809,2.0,24.0,15.0,0.909,137973.830261
1756390,IT,KR,FURNI,FURNI,38.47,12052363.155,7,7,12052295.119,1.0,35.0,31.0,1.036,313292.517676
1754886,IT,KR,TOBAC,NICKE,47.42,12046713.172,7,7,12046647.416,2.0,50.0,13.0,0.756,254042.875833
1810512,IT,WM,PAPER,PRINT,46.66,12041862.817,7,7,12041743.629,1.0,97.0,20.0,1.188,258076.785619
1737596,IT,GB,PAPER,PAPER,46.53,12008788.445,7,7,12008669.26,1.0,97.0,20.0,1.185,258087.0072
1653515,IT,CZ,BASIC,CHEM1,13.81,12001397.432,6,6,12001381.673,0.0,5.0,10.0,0.759,869036.743809
1723706,IT,PT,MACHI,MACHI,66.93,11997264.882,7,7,11997227.896,1.0,16.0,19.0,0.986,179250.932048
1667865,IT,ES,OFFIC,RECRE,37.16,11992872.426,7,7,11992843.561,1.0,11.0,16.0,0.865,322736.071744
1800012,IT,WE,HEAVY,STEAM,19.35,11979652.963,7,7,11979633.001,1.0,6.0,12.0,0.962,619103.5123
1763879,IT,MX,NONME,CONST,24.2,11976961.374,6,6,11976930.06,0.0,6.0,24.0,1.314,494915.759256
1662363,IT,DK,BASIC,MACHI,13.78,11966954.889,6,6,11966939.132,0.0,5.0,10.0,0.757,868429.237228
1642736,IT,AT,MACHI,RUBBE,66.76,11966879.302,7,7,11966842.319,1.0,16.0,19.0,0.983,179252.236399
1742877,IT,US,MACHI,TOBAC,66.73,11960938.099,7,7,11960901.116,1.0,16.0,19.0,0.983,179243.789885
1782460,IT,NO,MACHI,OFFIC,66.56,11930460.273,7,7,11930423.293,1.0,16.0,19.0,0.98,179243.694005
1674875,IT,FR,NONME,CONST,24.1,11926377.157,6,6,11926345.848,0.0,6.0,24.0,1.309,494870.421452
1675842,IT,FR,ELEC1,TRAN1,1.7,11912151.506,5,5,11912149.756,0.0,0.0,1.0,0.75,7007147.944706
1658641,IT,DE,MACHI,BUSIN,66.45,11911373.752,7,7,11911336.773,1.0,16.0,19.0,0.979,179253.179112
1713838,IT,MT,ELEC1,COLLE,1.7,11901188.41,5,5,11901186.66,0.0,0.0,1.0,0.75,7000699.064706
1686563,IT,HU,ALUM1,ALUM1,20.68,11900355.599,6,6,11900328.646,0.0,9.0,17.0,0.953,575452.398404
1666034,IT,ES,KEROS,OFFIC,17.69,11896116.768,7,7,11896097.8,1.0,6.0,11.0,0.968,672476.923007
1812385,IT,WM,BASIC,RESEA,13.69,11894979.587,6,6,11894963.835,0.0,5.0,10.0,0.752,868880.904821
1769449,IT,AU,NONME,CONST,24.02,11891221.17,6,6,11891189.865,0.0,6.0,24.0,1.305,495055.002914
1674590,IT,FR,RUBBE,WHOLE,39.35,11876264.306,7,7,11876227.229,1.0,18.0,17.0,1.077,301811.037001
1675763,IT,FR,FURNI,TRANS,37.9,11871466.057,7,7,11871399.036,1.0,34.0,31.0,1.021,313231.29438
1789429,IT,WA,CHEM1,RESEA,24.79,11860010.6,7,7,11859981.305,1.0,10.0,17.0,1.295,478419.144816
1769665,IT,AU,FABRI,CONST,48.16,11833436.53,7,7,11833400.681,1.0,11.0,23.0,0.849,245710.891404
1739579,IT,GB,SEACO,MOTOR,12.03,11829032.205,6,6,11829026.0,0.0,2.0,4.0,0.205,983294.447631
1674976,IT,FR,PREC1,WOODW,20.09,11826604.138,6,6,11826557.594,0.0,22.0,24.0,0.544,588681.141762
1658021,IT,DE,PREC1,CHEM1,20.09,11825943.968,6,6,11825897.424,0.0,22.0,24.0,0.544,588648.281135
1642009,IT,AT,RUBBE,CONST,39.16,11818451.004,7,7,11818413.932,1.0,18.0,17.0,1.072,301799.05526
1811617,IT,WM,CHEM1,MOTOR,24.68,11811722.911,7,7,11811693.622,1.0,10.0,17.0,1.289,478594.931564
1774610,IT,CH,SEACO,SEACO,12.0,11794817.032,6,6,11794810.828,0.0,2.0,4.0,0.204,982901.419333
1658979,IT,DE,ELEC1,DISTR,1.68,11772426.27,5,5,11772424.528,0.0,0.0,1.0,0.742,7007396.589286
1772847,IT,CH,BASIC,WOODW,13.55,11772391.864,6,6,11772376.12,0.0,5.0,10.0,0.744,868811.207675
1658040,IT,DE,PREC1,FABRI,19.99,11765728.477,6,6,11765681.936,0.0,22.0,24.0,0.541,588580.714207
1804781,IT,WF,NAPHT,LIQUE,19.95,11751288.065,7,7,11751258.224,1.0,7.0,21.0,0.841,589036.995739
1788304,IT,WA,LEATH,MOTO1,84.13,11746824.02,7,7,11746719.987,1.0,83.0,18.0,2.033,139627.053608
1644594,IT,BE,FOOD5,FOOD5,56.43,11745829.522,7,7,11745758.472,1.0,55.0,14.0,1.05,208148.67131
1744041,IT,US,AIRTR,FINAN,12.78,11740339.566,6,6,11740331.196,0.0,3.0,5.0,0.37,918649.41831
1789945,IT,WA,CEMEN,CONST,18.76,11720224.197,6,6,11720147.668,0.0,4.0,72.0,0.529,624745.426279
1642322,IT,AT,BASIC,RUBBE,13.45,11685914.064,6,6,11685898.325,0.0,5.0,10.0,0.739,868841.194349
1811623,IT,WM,CHEM1,LIQUE,24.42,11685802.018,7,7,11685772.742,1.0,10.0,17.0,1.276,478534.071171
1673704,IT,FR,PAPER,WOODW,45.26,11680970.636,7,7,11680855.484,1.0,94.0,19.0,1.152,258085.961909
1777511,IT,TR,BASIC,FURNI,13.44,11679446.222,6,6,11679430.484,0.0,5.0,10.0,0.738,869006.415327
1713323,IT,MT,KEROS,COMPU,17.29,11631755.0,7,7,11631737.053,1.0,5.0,11.0,0.947,672744.650087
1741091,IT,US,TEXTI,HEALT,68.91,11630205.767,7,7,11630182.223,1.0,11.0,10.0,1.544,168773.846568
1801499,IT,WE,MOTO1,MOTO1,61.88,11626258.23,7,7,11626223.474,1.0,13.0,20.0,0.756,187883.940368
1716315,IT,NL,FABRI,FABRI,47.28,11617792.299,7,7,11617756.466,1.0,11.0,23.0,0.833,245723.187373
1778959,IT,TR,SEACO,SEACO,11.8,11601416.63,6,6,11601410.429,0.0,2.0,4.0,0.201,983170.900847
1784561,IT,ID,MACHI,CRUDE,64.68,11594370.767,7,7,11594334.814,1.0,15.0,19.0,0.953,179257.433009
1743662,IT,US,HOTEL,COMPU,83.95,11582711.816,7,7,11582672.943,1.0,23.0,14.0,0.873,137971.552305
1743556,IT,US,HOTEL,CRUDE,83.86,11570080.604,7,7,11570041.732,1.0,23.0,14.0,0.872,137969.003148
1683253,IT,HR,CERAM,CONST,18.01,11560685.32,6,6,11560619.693,0.0,5.0,60.0,0.627,641903.682399
1675420,IT,FR,MACHI,WHOLE,64.47,11555333.647,7,7,11555297.698,1.0,15.0,19.0,0.949,179235.825143
1741879,IT,US,CHEM1,TEXTI,24.14,11549694.436,7,7,11549665.175,1.0,10.0,17.0,1.261,478446.331234
1743624,IT,US,HOTEL,TRANS,83.67,11543546.082,7,7,11543507.212,1.0,23.0,14.0,0.87,137965.173682
1666804,IT,ES,RUBBE,BUSIN,38.2,11529152.789,7,7,11529116.744,1.0,17.0,17.0,1.045,301810.282435
1794674,IT,WL,NAPHT,PFERT,19.57,11529112.835,7,7,11529083.01,1.0,7.0,21.0,0.825,589121.759581
1690009,IT,IE,REALE,AIRTR,486.7,11519549.318,7,7,11519502.561,1.0,15.0,30.0,0.757,23668.685675
1782204,IT,NO,BASIC,BASIC,13.26,11515155.325,6,6,11515139.597,0.0,5.0,10.0,0.728,868412.920437
1789316,IT,WA,CHEM1,PIGS9,24.06,11510799.961,7,7,11510770.704,1.0,10.0,17.0,1.257,478420.613508
1811936,IT,WM,RUBBE,PUBLI,38.13,11509402.37,7,7,11509366.326,1.0,17.0,17.0,1.044,301846.377393
1737253,IT,GB,FOOD5,FOOD5,55.29,11508227.859,7,7,11508158.83,1.0,53.0,14.0,1.029,208143.025122
1710957,IT,LU,RUBBE,FINAN,38.1,11499619.741,7,7,11499583.698,1.0,17.0,17.0,1.043,301827.28979
1781448,IT,NO,BEVER,MEATC,48.9,11499597.911,7,7,11499552.172,1.0,31.0,13.0,0.739,235165.601452
1756197,IT,KR,MACHI,BASIC,64.12,11492296.495,7,7,11492260.551,1.0,15.0,19.0,0.944,179231.07447
1754791,IT,KR,FOOD5,FOOD5,55.12,11472151.191,7,7,11472082.165,1.0,53.0,14.0,1.026,208130.464278
1735702,IT,SK,FABRI,FABRI,46.66,11465435.999,7,7,11465400.177,1.0,11.0,23.0,0.822,245723.017553
1749611,IT,CN,CHEM1,PIGS9,23.95,11459804.722,7,7,11459775.471,1.0,10.0,17.0,1.251,478488.714906
1813019,IT,WM,MACHI,POSTT,63.92,11456805.701,7,7,11456769.76,1.0,15.0,19.0,0.941,179236.634872
1657583,IT,DE,GLASS,FURNI,31.43,11451379.137,7,7,11451325.482,1.0,7.0,45.0,0.655,364345.502291
1776636,IT,TR,GASDI,LANDT,16.98,11411433.818,7,7,11411415.889,1.0,5.0,11.0,0.929,672051.461602
1722609,IT,PT,TEXTI,TEXTI,67.5,11392350.058,7,7,11392326.546,1.0,11.0,10.0,1.512,168775.556415
1654172,IT,CZ,MOTO1,MACHI,60.62,11388687.663,7,7,11388653.922,1.0,13.0,19.0,0.741,187870.136308
1675000,IT,FR,PREC1,PREC1,19.31,11368193.365,6,6,11368147.842,0.0,21.0,24.0,0.523,588720.526411
1800536,IT,WE,RUBBE,FURNI,37.65,11363026.194,7,7,11362991.164,1.0,17.0,16.0,1.03,301806.804622
1810559,IT,WM,PAPER,RETA1,44.03,11361823.745,7,7,11361710.624,1.0,92.0,19.0,1.121,258047.325573
1643272,IT,AT,HOTEL,SUPPO,82.27,11351427.761,7,7,11351388.906,1.0,23.0,14.0,0.855,137977.728953
1667156,IT,ES,BASIC,TRANS,13.06,11349056.51,6,6,11349040.792,0.0,5.0,10.0,0.718,868993.607198
1810684,IT,WM,MOTOR,KEROS,16.95,11347855.78,7,7,11347837.856,1.0,5.0,11.0,0.924,669490.016519
1789681,IT,WA,RUBBE,SALEM,37.6,11347596.569,7,7,11347561.54,1.0,17.0,16.0,1.029,301797.78109
1729391,IT,SE,BASIC,MACHI,13.04,11331810.277,6,6,11331794.561,0.0,5.0,10.0,0.716,869003.855598
1665551,IT,ES,LEATH,LEATH,81.08,11320692.946,7,7,11320592.987,1.0,80.0,17.0,1.959,139623.741317
1788672,IT,WA,COKEO,BASIC,1.42,11318275.612,5,5,11318274.554,0.0,0.0,1.0,0.058,7970616.628169
1812382,IT,WM,BASIC,REALE,13.01,11304551.323,6,6,11304535.608,0.0,5.0,10.0,0.715,868912.476787
1741911,IT,US,CHEM1,RUBBE,23.56,11274489.703,7,7,11274461.472,1.0,10.0,16.0,1.231,478543.70556
1750516,IT,CN,MACHI,ELEC1,62.9,11274195.427,7,7,11274160.501,1.0,15.0,18.0,0.926,179239.99089
1743660,IT,US,HOTEL,REALE,81.71,11273292.937,7,7,11273254.088,1.0,23.0,14.0,0.849,137967.114637
1743647,IT,US,HOTEL,RETA1,81.47,11240092.274,7,7,11240054.427,1.0,22.0,14.0,0.847,137966.027667
1812345,IT,WM,BASIC,FOUND,12.94,11237502.09,6,6,11237486.38,0.0,5.0,10.0,0.71,868431.382535
1718467,IT,PL,TEXTI,WEARI,66.43,11210839.365,7,7,11210815.877,1.0,11.0,10.0,1.488,168761.69449
1645594,IT,BE,CHEM1,GASDI,23.41,11203027.294,7,7,11202999.071,1.0,10.0,16.0,1.223,478557.338488
1789440,IT,WA,CHEM1,93197,23.41,11201352.84,7,7,11201324.617,1.0,10.0,16.0,1.223,478485.811192
1655484,IT,DE,FISHF,HEALT,19.27,11183581.424,6,6,11183573.025,0.0,5.0,3.0,0.399,580362.294966
1653882,IT,CZ,FABRI,MACHI,45.47,11172706.583,7,7,11172671.782,1.0,11.0,22.0,0.801,245716.001386
1720309,IT,PL,FABRI,FABRI,45.39,11152952.029,7,7,11152917.229,1.0,11.0,22.0,0.8,245713.858317
1713361,IT,MT,GASDI,FINAN,16.58,11143156.829,7,7,11143139.922,1.0,5.0,10.0,0.907,672084.247829
1642342,IT,AT,BASIC,TRANS,12.82,11135435.268,6,6,11135419.564,0.0,5.0,10.0,0.704,868598.694852
1813030,IT,WM,MACHI,HEALT,62.09,11129893.763,7,7,11129858.849,1.0,15.0,18.0,0.914,179254.207811
1738584,IT,GB,FABRI,FABRI,45.18,11102729.043,7,7,11102694.247,1.0,11.0,22.0,0.796,245744.334728
1761369,IT,IN,CERAM,CONST,17.29,11100874.315,6,6,11100810.713,0.0,5.0,58.0,0.602,642040.157027
1738829,IT,GB,MOTO1,SALEM,59.07,11097084.318,7,7,11097051.596,1.0,12.0,19.0,0.722,187863.286237
1658346,IT,DE,NONF1,FABRI,2.43,11096669.364,6,6,11096665.302,0.0,1.0,3.0,0.062,4566530.602469
1679362,IT,GR,PLAST,RUBBE,23.28,11094330.846,6,6,11094308.718,0.0,9.0,12.0,1.128,476560.603351
1656045,IT,DE,BEVER,FOOD5,47.18,11094292.777,7,7,11094248.064,1.0,30.0,13.0,0.713,235148.214858
1750494,IT,CN,MACHI,GLASS,61.84,11084991.756,7,7,11084957.845,1.0,14.0,18.0,0.911,179252.777426
1676961,IT,FR,AIRTR,BASIC,12.04,11062614.827,6,6,11062606.478,0.0,3.0,5.0,0.349,918821.829485
1739580,IT,GB,SEACO,KEROS,11.25,11058945.493,6,6,11058940.302,0.0,2.0,3.0,0.191,983017.377156
1659870,IT,DE,LANDT,SUPPO,71.34,11058406.267,7,7,11058384.744,1.0,6.0,14.0,0.523,155009.900014
1744773,IT,US,RESEA,CHEM1,59.94,11056472.696,7,7,11056442.922,1.0,12.0,16.0,0.774,184459.003937
1741905,IT,US,CHEM1,PFERT,23.1,11052515.648,7,7,11052487.441,1.0,10.0,16.0,1.207,478463.880866
1675691,IT,FR,TRANS,PUBLI,65.95,11050467.684,7,7,11050435.084,1.0,13.0,18.0,0.6,167558.266626
1770938,IT,CH,VEGET,FOOD5,39.09,11041937.233,7,7,11041885.799,1.0,45.0,5.0,0.434,282474.730954
1809242,IT,WM,CRUDE,HEAVY,21.73,11035129.69,6,6,11035108.741,0.0,7.0,13.0,0.949,507829.254027
1771391,IT,CH,FOOD5,FOOD5,53.01,11034907.502,7,7,11034841.516,1.0,51.0,13.0,0.986,208166.525222
1755546,IT,KR,CHEM1,RUBBE,23.05,11029784.867,7,7,11029756.663,1.0,10.0,16.0,1.204,478515.612451
1726028,IT,RO,CHEM1,REALE,23.03,11021180.149,7,7,11021151.946,1.0,10.0,16.0,1.203,478557.540122
1741924,IT,US,CHEM1,FABRI,23.02,11014337.825,7,7,11014309.623,1.0,10.0,16.0,1.202,478468.193962
1723407,IT,PT,BASIC,CONST,12.68,11011351.922,6,6,11011336.226,0.0,5.0,10.0,0.696,868403.148423
1659643,IT,DE,HOTEL,LANDT,79.8,11010473.191,7,7,11010435.361,1.0,22.0,14.0,0.83,137975.854524
1755542,IT,KR,CHEM1,CHEM1,23.0,11003765.758,7,7,11003737.557,1.0,10.0,16.0,1.201,478424.598174
1642444,IT,AT,ALUM1,FABRI,19.11,10996234.173,6,6,10996209.292,0.0,8.0,16.0,0.881,575417.800785
1757718,IT,BR,NAPHT,PLAST,18.66,10990743.973,7,7,10990715.187,1.0,7.0,20.0,0.786,589000.212915
1811318,IT,WM,BITU1,ELEC2,17.33,10989426.911,7,7,10989408.036,1.0,5.0,12.0,0.875,634127.346278
1769289,IT,AU,RUBBE,CONST,36.41,10987823.851,7,7,10987788.855,1.0,17.0,16.0,0.996,301780.38591
1743644,IT,US,HOTEL,SALEM,79.61,10983894.381,7,7,10983856.553,1.0,22.0,14.0,0.828,137971.2898
1674116,IT,FR,HEAVY,MOTOR,17.74,10980504.701,7,7,10980486.82,1.0,5.0,11.0,0.881,618968.697914
1674393,IT,FR,CHEM1,RETA1,22.94,10977695.997,7,7,10977667.799,1.0,10.0,16.0,1.198,478539.494202
1676159,IT,FR,CONST,BEVER,61.37,10976915.583,7,7,10976859.996,1.0,12.0,42.0,0.587,178864.519847
1646083,IT,BE,BASIC,MACHI,12.62,10967159.889,6,6,10967144.196,0.0,5.0,10.0,0.693,869030.102139
1743583,IT,US,HOTEL,PRINT,79.46,10963850.371,7,7,10963812.545,1.0,22.0,14.0,0.826,137979.491203
1729050,IT,SE,RUBBE,RUBBE,36.3,10955206.081,7,7,10955172.088,1.0,16.0,16.0,0.993,301796.310771
1769780,IT,AU,MACHI,MACHI,61.12,10954646.236,7,7,10954612.336,1.0,14.0,18.0,0.9,179231.777421
1657249,IT,DE,CHEM1,OFFIC,22.89,10952447.136,7,7,10952418.94,1.0,10.0,16.0,1.196,478481.744692
1787921,IT,WA,BEVER,HOTEL,46.56,10948725.047,7,7,10948680.343,1.0,30.0,13.0,0.704,235153.02936
1714922,IT,NL,BEVER,HOTEL,46.49,10932536.061,7,7,10932491.358,1.0,30.0,13.0,0.703,235158.874188
1686452,IT,HU,BASIC,BUSIN,12.57,10923782.457,6,6,10923766.766,0.0,5.0,10.0,0.691,869035.994988
1679142,IT,GR,PAPER,CONST,42.29,10914804.444,7,7,10914696.367,1.0,88.0,18.0,1.077,258094.217167
1753324,IT,CA,BASIC,MACHI,12.56,10907443.536,6,6,10907427.846,0.0,5.0,10.0,0.69,868427.033121
1715269,IT,NL,PAPER,PAPER,42.24,10901593.757,7,7,10901485.682,1.0,88.0,18.0,1.075,258086.973414
1749636,IT,CN,CHEM1,WEARI,22.77,10893383.264,7,7,10893355.075,1.0,10.0,16.0,1.189,478409.453843
1680054,IT,GR,MACHI,MOTO1,60.71,10881846.383,7,7,10881812.489,1.0,14.0,18.0,0.894,179243.063466
1744049,IT,US,AIRTR,PUBLI,11.83,10866201.93,6,6,10866193.588,0.0,3.0,5.0,0.342,918529.326289
1770304,IT,AU,HOTEL,WHOLE,78.6,10844350.992,7,7,10844314.175,1.0,22.0,13.0,0.817,137968.842137
1811068,IT,WM,HEAVY,CHEM1,17.5,10831557.499,7,7,10831539.629,1.0,5.0,11.0,0.87,618946.1428
1758242,IT,BR,BASIC,CONST,12.46,10820531.827,6,6,10820517.143,0.0,5.0,9.0,0.684,868421.494944
1803799,IT,WF,TEXTI,TEXTI,64.12,10820469.641,7,7,10820447.205,1.0,10.0,10.0,1.436,168753.425468
1750385,IT,CN,FABRI,FURNI,44.03,10819406.381,7,7,10819373.605,1.0,10.0,21.0,0.776,245728.057711
1742902,IT,US,MACHI,CHEM1,60.32,10811359.704,7,7,10811325.816,1.0,14.0,18.0,0.888,179233.416844
1790563,IT,WA,NONF1,ALUM1,2.36,10804130.585,6,6,10804126.524,0.0,1.0,3.0,0.061,4578021.434322
1741729,IT,US,NAPHT,PFERT,18.33,10798476.814,7,7,10798449.042,1.0,7.0,19.0,0.772,589114.938025
1647370,IT,BE,SEACO,SEACO,10.96,10773442.513,6,6,10773437.326,0.0,2.0,3.0,0.187,982978.331478
1809746,IT,WM,FOOD5,POULT,51.73,10767838.241,7,7,10767773.278,1.0,50.0,13.0,0.963,208154.615136
1742874,IT,US,MACHI,FOOD5,60.07,10766546.709,7,7,10766513.824,1.0,14.0,17.0,0.885,179233.339587
1750307,IT,CN,NONF1,ELECT,2.35,10764992.93,6,6,10764988.869,0.0,1.0,3.0,0.061,4580848.055319
1728835,IT,SE,PLAST,RUBBE,22.53,10737878.453,6,6,10737857.361,0.0,9.0,11.0,1.092,476603.570928
1686569,IT,HU,ALUM1,OFFIC,18.63,10723775.19,6,6,10723751.331,0.0,8.0,15.0,0.859,575618.636071
1673512,IT,FR,LEATH,LEATH,76.77,10718071.252,7,7,10717976.397,1.0,76.0,16.0,1.855,139612.75566
1720310,IT,PL,FABRI,MACHI,43.58,10708255.824,7,7,10708223.056,1.0,10.0,21.0,0.768,245714.91106
1719934,IT,PL,PREC1,FABRI,18.15,10684615.419,6,6,10684572.927,0.0,20.0,22.0,0.492,588684.045124
1666873,IT,ES,GLASS,GLASS,29.24,10653828.774,7,7,10653778.164,1.0,7.0,42.0,0.61,364358.029207
1667079,IT,ES,NONME,CONST,21.52,10649542.715,6,6,10649515.546,0.0,5.0,21.0,1.169,494867.226533
1674689,IT,FR,GLASS,OFFIC,29.23,10647964.511,7,7,10647913.901,1.0,7.0,42.0,0.61,364282.056483
1742839,IT,US,MACHI,OILSE,59.36,10639210.815,7,7,10639177.941,1.0,14.0,17.0,0.874,179231.988123
1720450,IT,PL,MACHI,FABRI,59.28,10624999.229,7,7,10624966.356,1.0,14.0,17.0,0.873,179234.130044
1795988,IT,WL,MOTO1,MOTO1,56.52,10618433.264,7,7,10618401.573,1.0,12.0,18.0,0.691,187870.369144
1729762,IT,SE,MACHI,MACHI,59.19,10609984.57,7,7,10609951.698,1.0,14.0,17.0,0.872,179252.991553
1753681,IT,CA,MOTO1,MOTO1,56.44,10603166.309,7,7,10603134.619,1.0,12.0,18.0,0.69,187866.164227
1795593,IT,WL,NONF1,COPP1,2.32,10596112.549,6,6,10596108.489,0.0,1.0,3.0,0.06,4567289.89181
1750312,IT,CN,NONF1,FURNI,2.32,10584837.175,6,6,10584833.115,0.0,1.0,3.0,0.06,4562429.81681
1811931,IT,WM,RUBBE,REALE,35.07,10584800.914,7,7,10584767.954,1.0,16.0,15.0,0.96,301819.244768
1674118,IT,FR,HEAVY,GASDI,17.08,10571590.284,7,7,10571572.435,1.0,5.0,11.0,0.849,618945.566979
1811118,IT,WM,NAPHT,NATUR,17.92,10558393.787,6,6,10558367.032,0.0,7.0,19.0,0.755,589196.081864
1744391,IT,US,INSUR,INSUR,217.53,10553721.821,7,7,10553693.332,2.0,14.0,12.0,0.489,48516.167062
1752380,IT,CA,VEGE1,CATTL,32.44,10548808.58,7,7,10548723.285,1.0,64.0,18.0,2.295,325179.056104
1656434,IT,DE,PULP5,PAPER,32.17,10548361.082,7,7,10548290.092,1.0,51.0,18.0,0.99,327894.345104
1813401,IT,WM,FURNI,RETA1,33.6,10526488.725,7,7,10526429.82,1.0,30.0,27.0,0.905,313288.354911
1665194,IT,ES,FOOD5,FOOD5,50.53,10516998.148,7,7,10516934.208,1.0,49.0,13.0,0.94,208133.74526
1812377,IT,WM,BASIC,SUPPO,12.11,10516264.336,6,6,10516250.671,0.0,4.0,9.0,0.665,868395.073163
1794598,IT,WL,HEAVY,ELEC6,16.98,10508283.457,7,7,10508265.613,1.0,5.0,11.0,0.844,618862.394405
1674432,IT,FR,CHEM1,RECRE,21.96,10508009.912,7,7,10507983.765,1.0,9.0,15.0,1.147,478506.826594
1738235,IT,GB,CEMEN,CEMEN,16.77,10479759.827,6,6,10479691.354,0.0,4.0,64.0,0.473,624911.140549
1749035,IT,CN,LEATH,FURNI,74.99,10470350.883,7,7,10470258.071,1.0,74.0,16.0,1.812,139623.294879
1738713,IT,GB,MACHI,WHOLE,58.39,10466887.47,7,7,10466854.61,1.0,14.0,17.0,0.86,179258.220072
1800981,IT,WE,ALUM1,FABRI,18.18,10465235.331,6,6,10465211.493,0.0,8.0,15.0,0.838,575645.507756
1757545,IT,BR,MOTOR,GASDI,15.6,10445314.558,6,6,10445298.707,0.0,5.0,10.0,0.851,669571.446026
1742458,IT,US,BASIC,WOODW,12.02,10445057.932,6,6,10445044.272,0.0,4.0,9.0,0.66,868973.205657
1719806,IT,PL,BASIC,RUBBE,12.02,10438700.205,6,6,10438686.545,0.0,4.0,9.0,0.66,868444.276622
1679683,IT,GR,CERAM,CONST,16.25,10434285.042,6,6,10434225.476,0.0,5.0,54.0,0.566,642109.848738
1642372,IT,AT,BASIC,COMPU,12.01,10433391.583,6,6,10433377.923,0.0,4.0,9.0,0.66,868725.360783
1742263,IT,US,CERAM,HEALT,16.25,10429769.426,6,6,10429709.861,0.0,5.0,54.0,0.565,641831.964677
1771481,IT,CH,BEVER,HOTEL,44.35,10428642.853,7,7,10428601.183,1.0,28.0,12.0,0.67,235144.145502
1658598,IT,DE,MACHI,OFFIC,58.18,10428113.157,7,7,10428080.3,1.0,14.0,17.0,0.857,179238.796098
1742090,IT,US,RUBBE,RUBBE,34.51,10414959.606,7,7,10414926.662,1.0,16.0,15.0,0.944,301795.4102
1773553,IT,CH,MOTO1,SALEM,55.37,10403643.958,7,7,10403613.281,1.0,11.0,18.0,0.677,187893.15438
1654034,IT,CZ,MACHI,CONST,57.93,10383766.236,7,7,10383733.383,1.0,14.0,17.0,0.853,179246.784671
1772939,IT,CH,PREC1,CHEM1,17.62,10373871.417,6,6,10373830.94,0.0,19.0,21.0,0.477,588755.47202
1732170,IT,SI,GASDI,LANDT,15.42,10361463.264,6,6,10361447.42,0.0,5.0,10.0,0.844,671949.628016
1755160,IT,KR,LEATH,WHOLE,74.11,10346828.533,7,7,10346736.742,1.0,73.0,16.0,1.791,139614.472176
1675303,IT,FR,FABRI,BUSIN,42.06,10335604.121,7,7,10335572.38,1.0,10.0,20.0,0.741,245734.762744
1738077,IT,GB,RUBBE,MOTO1,34.15,10308532.659,7,7,10308500.724,1.0,15.0,15.0,0.935,301860.399971
1805398,IT,WF,RUBBE,WHOLE,34.13,10300584.935,7,7,10300553.001,1.0,15.0,15.0,0.934,301804.422356
1674916,IT,FR,BASIC,WOODW,11.85,10298709.935,6,6,10298696.284,0.0,4.0,9.0,0.651,869089.445992
1754121,IT,CA,AIRTR,WHOLE,11.2,10289818.116,6,6,10289809.792,0.0,3.0,5.0,0.324,918733.760357
1763041,IT,MX,TEXTI,WEARI,60.9,10277225.339,7,7,10277203.975,1.0,10.0,9.0,1.364,168755.752693
1804457,IT,WF,GASDI,CRUDE,15.29,10271460.202,6,6,10271444.366,0.0,5.0,10.0,0.836,671776.337606
1812922,IT,WM,MACHI,NATU1,57.23,10257815.438,7,7,10257783.595,1.0,13.0,17.0,0.843,179238.431557
1646195,IT,BE,ALUM1,OFFIC,17.81,10252574.863,6,6,10252551.042,0.0,8.0,15.0,0.821,575663.945143
1718266,IT,PL,FOOD5,FOOD5,49.25,10250407.997,7,7,10250346.081,1.0,48.0,12.0,0.916,208130.111614
1754118,IT,CA,AIRTR,CONST,11.15,10239731.563,6,6,10239723.24,0.0,3.0,5.0,0.323,918361.575157
1810683,IT,WM,MOTOR,MOTOR,15.3,10239333.382,6,6,10239317.548,0.0,5.0,10.0,0.834,669237.475948
1814156,IT,WM,AIRTR,PUBLI,11.14,10229198.497,6,6,10229190.175,0.0,3.0,5.0,0.322,918240.439587
1726092,IT,RO,RUBBE,RUBBE,33.89,10229102.403,7,7,10229070.476,1.0,15.0,15.0,0.927,301832.469844
1761436,IT,IN,BASIC,ELECT,11.77,10222135.618,6,6,10222121.972,0.0,4.0,9.0,0.646,868490.706712
1689833,IT,IE,INSUR,WHOLE,210.61,10218061.265,7,7,10218034.791,2.0,13.0,11.0,0.474,48516.505698
1794858,IT,WL,PFERT,VEGET,4.5,10217940.601,6,6,10217929.966,0.0,5.0,4.0,1.635,2270653.466889
1753135,IT,CA,RUBBE,CONST,33.85,10215333.024,7,7,10215301.098,1.0,15.0,15.0,0.926,301782.364077
1658492,IT,DE,FABRI,RESEA,41.43,10181129.726,7,7,10181097.996,1.0,10.0,20.0,0.73,245742.933285
1726463,IT,RO,FABRI,MOTO1,41.4,10172460.858,7,7,10172429.128,1.0,10.0,20.0,0.73,245711.614928
1719826,IT,PL,BASIC,FURNI,11.7,10160003.745,6,6,10159990.103,0.0,4.0,9.0,0.642,868376.388462
1744968,IT,US,BUSIN,BUSIN,104.33,10157773.415,7,7,10157731.714,2.0,20.0,19.0,0.701,97361.961229
1802935,IT,WF,WHEAT,CATTL,7.68,10151541.328,6,6,10151465.083,0.0,74.0,2.0,0.245,1321815.277083
1743666,IT,US,HOTEL,EDUCA,73.46,10135228.144,7,7,10135193.38,1.0,20.0,13.0,0.764,137969.345821
1743596,IT,US,HOTEL,PLAST,73.4,10127621.769,7,7,10127587.006,1.0,20.0,13.0,0.763,137978.498215
1655890,IT,DE,DAIRY,HOTEL,41.13,10124596.893,7,7,10124514.208,1.0,72.0,9.0,0.685,246160.877535
1645585,IT,BE,CHEM1,WOODW,21.15,10121350.144,6,6,10121325.039,0.0,9.0,15.0,1.105,478550.834232
1810689,IT,WM,MOTOR,LIQUE,15.1,10110580.789,6,6,10110565.965,0.0,5.0,9.0,0.824,669574.886689
1766403,IT,RU,BASIC,FABRI,11.63,10104796.384,6,6,10104782.745,0.0,4.0,9.0,0.639,868856.094927
1750305,IT,CN,NONF1,MACHI,2.21,10099525.198,6,6,10099521.141,0.0,1.0,3.0,0.057,4569920.904072
1758524,IT,BR,MACHI,CONST,56.3,10092080.267,7,7,10092049.438,1.0,13.0,16.0,0.829,179255.422149
1749726,IT,CN,CHEM1,BUSIN,21.01,10053550.688,6,6,10053525.59,0.0,9.0,15.0,1.098,478512.645788
1810033,IT,WM,TEXTI,WEARI,59.54,10047468.724,7,7,10047447.39,1.0,10.0,9.0,1.334,168751.574135
1642423,IT,AT,ALUM1,WOODW,17.46,10046983.563,6,6,10046960.758,0.0,8.0,14.0,0.805,575428.611856
1782426,IT,NO,MACHI,CRUDE,56.04,10044012.912,7,7,10043982.087,1.0,13.0,16.0,0.825,179229.352463
1719953,IT,PL,PREC1,LANDT,17.06,10041542.619,6,6,10041503.157,0.0,18.0,21.0,0.462,588601.560317
1741643,IT,US,HEAVY,MOTOR,16.22,10040101.388,6,6,10040085.582,0.0,5.0,10.0,0.806,618995.153391
1751463,IT,CN,AIRTR,OFFIC,10.93,10039423.558,6,6,10039415.242,0.0,3.0,5.0,0.316,918519.996157
1735810,IT,SK,MACHI,MACHI,55.97,10032105.586,7,7,10032074.762,1.0,13.0,16.0,0.824,179240.764445
1787652,IT,WA,MEAT4,HOTEL,55.24,10029558.722,7,7,10029502.039,1.0,43.0,12.0,0.683,181563.336749
1657275,IT,DE,CHEM1,WHOLE,20.92,10008350.071,6,6,10008324.978,0.0,9.0,15.0,1.093,478410.615249
1743887,IT,US,SEACO,CHEM1,10.17,10003099.382,6,6,10003094.209,0.0,2.0,3.0,0.173,983588.92645
1743599,IT,US,HOTEL,CHEM1,72.47,9998449.714,7,7,9998415.961,1.0,20.0,12.0,0.753,137966.740913
1777713,IT,TR,COPP1,CONST,25.26,9998212.533,7,7,9998166.016,1.0,13.0,32.0,0.517,395812.055938
1763942,IT,MX,BASIC,ELECT,11.5,9991689.304,6,6,9991675.672,0.0,4.0,9.0,0.632,868842.548174
1784610,IT,ID,MACHI,TRANS,55.64,9973361.836,7,7,9973331.017,1.0,13.0,16.0,0.819,179248.056003
1673339,IT,FR,TEXTI,CONST,59.07,9968507.652,7,7,9968486.329,1.0,10.0,9.0,1.323,168757.536008
1738330,IT,GB,BASIC,WHOLE,11.47,9963860.784,6,6,9963847.154,0.0,4.0,9.0,0.63,868688.821622
1675230,IT,FR,FABRI,WOODW,40.55,9963196.123,7,7,9963165.408,1.0,9.0,20.0,0.715,245701.507349
1672614,IT,FR,FISHF,LEATH,17.15,9955188.772,6,6,9955181.417,0.0,4.0,3.0,0.355,580477.479417
1673342,IT,FR,TEXTI,WHOLE,58.91,9941897.707,7,7,9941876.387,1.0,10.0,9.0,1.32,168764.177678
1711171,IT,LU,FABRI,AUXIL,40.45,9939079.98,7,7,9939049.267,1.0,9.0,20.0,0.713,245712.731273
1777053,IT,TR,CHEM1,NONME,20.76,9934687.154,6,6,9934663.069,0.0,9.0,14.0,1.085,478549.477553
1674408,IT,FR,CHEM1,RESEA,20.76,9934555.69,6,6,9934531.605,0.0,9.0,14.0,1.085,478543.14499
1813959,IT,WM,SEACO,CRUDE,10.09,9924524.002,6,6,9924518.83,0.0,2.0,3.0,0.172,983600.000198
1744971,IT,US,BUSIN,HEALT,101.85,9916551.523,7,7,9916509.839,2.0,20.0,19.0,0.684,97364.276122
1659995,IT,DE,SEACO,SUPPO,10.08,9912079.917,6,6,9912074.745,0.0,2.0,3.0,0.172,983341.261607
1800759,IT,WE,NONME,CONST,20.03,9911948.115,6,6,9911922.027,0.0,5.0,20.0,1.088,494855.123065
1642751,IT,AT,MACHI,OFFIC,55.19,9893208.683,7,7,9893177.87,1.0,13.0,16.0,0.813,179257.269125
1755913,IT,KR,BASIC,MACHI,11.37,9873410.665,6,6,9873397.041,0.0,4.0,9.0,0.624,868373.849164
1675421,IT,FR,MACHI,RETA1,55.05,9868200.722,7,7,9868169.911,1.0,13.0,16.0,0.811,179258.868701
1761768,IT,IN,MACHI,MACHI,55.05,9867980.518,7,7,9867949.707,1.0,13.0,16.0,0.811,179254.868629
1804358,IT,WF,MOTOR,PUBLI,14.74,9867416.252,6,6,9867401.448,0.0,5.0,9.0,0.804,669431.224695
1813026,IT,WM,MACHI,RESEA,55.03,9863142.265,7,7,9863111.455,1.0,13.0,16.0,0.81,179232.096402
1674662,IT,FR,GLASS,WOODW,27.07,9862903.447,6,6,9862857.882,0.0,6.0,39.0,0.565,364348.114038
1789276,IT,WA,PFERT,PADDY,4.34,9857095.18,6,6,9857084.603,0.0,5.0,4.0,1.577,2271220.087558
1719595,IT,PL,CERAM,COKEO,15.34,9845520.013,6,6,9845464.479,0.0,4.0,51.0,0.534,641820.079074
1688451,IT,IE,TEXTI,CONST,58.31,9839831.299,7,7,9839810.993,1.0,9.0,9.0,1.306,168750.322398
1725539,IT,RO,LEATH,FURNI,70.44,9834290.043,7,7,9834203.341,1.0,69.0,15.0,1.702,139612.294761
1794982,IT,WL,CHEM1,CONST,20.54,9829539.846,6,6,9829515.773,0.0,9.0,14.0,1.073,478555.980818
1658184,IT,DE,ALUM1,RESEA,17.08,9827243.645,6,6,9827221.858,0.0,7.0,14.0,0.787,575365.552986
1753329,IT,CA,BASIC,MOTO1,11.31,9822654.48,6,6,9822640.859,0.0,4.0,9.0,0.621,868492.880637
1666372,IT,ES,NAPHT,KEROS,16.66,9816110.37,6,6,9816085.668,0.0,6.0,18.0,0.702,589202.303121
1739802,IT,GB,POSTT,POSTT,161.6,9812399.372,7,7,9812370.624,2.0,10.0,16.0,0.748,60720.293144
1790496,IT,WA,COPP1,COPP1,24.76,9803004.219,7,7,9802957.712,1.0,13.0,32.0,0.507,395921.01046
1667517,IT,ES,FABRI,BASIC,39.83,9786495.79,7,7,9786466.088,1.0,9.0,19.0,0.702,245706.648004
1750472,IT,CN,MACHI,COKEO,54.57,9781645.578,7,7,9781614.774,1.0,13.0,16.0,0.804,179249.506652
1674799,IT,FR,CEMEN,CEMEN,15.65,9776816.424,6,6,9776752.983,0.0,3.0,60.0,0.441,624716.704409
1770323,IT,AU,HOTEL,PUBLI,70.83,9772943.191,7,7,9772909.455,1.0,20.0,12.0,0.736,137977.455753
1658448,IT,DE,FABRI,OFFIC,39.77,9772417.389,7,7,9772387.688,1.0,9.0,19.0,0.701,245723.343953
1811825,IT,WM,RUBBE,VEGET,32.37,9768730.606,7,7,9768699.72,1.0,15.0,14.0,0.886,301783.460179
1686945,IT,HU,MACHI,MACHI,54.47,9762957.485,7,7,9762926.683,1.0,13.0,16.0,0.802,179235.496328
1690145,IT,IE,COMPU,BUSIN,111.44,9758848.11,7,7,9758815.496,2.0,13.0,17.0,0.614,87570.424533
1804822,IT,WF,NAPHT,DIST1,16.55,9753082.743,6,6,9753058.045,0.0,6.0,18.0,0.698,589310.135529
1794901,IT,WL,CHEM1,CRUDE,20.37,9745135.938,6,6,9745111.874,0.0,9.0,14.0,1.064,478406.280707
1657563,IT,DE,GLASS,GLASS,26.73,9740029.597,6,6,9739985.039,0.0,6.0,38.0,0.558,364385.693865
1667417,IT,ES,COPP1,CONST,24.55,9719754.555,7,7,9719709.052,1.0,13.0,31.0,0.503,395916.682485
1763940,IT,MX,BASIC,MACHI,11.17,9704362.572,6,6,9704349.958,0.0,4.0,8.0,0.614,868788.05479
1810882,IT,WM,KEROS,MEMBE,14.42,9696291.518,6,6,9696276.729,0.0,5.0,9.0,0.789,672419.661442
1732389,IT,SI,PLAST,RUBBE,20.34,9692572.583,6,6,9692553.597,0.0,8.0,10.0,0.986,476527.658948
1660863,IT,DE,COMPU,COMPU,110.59,9684652.407,7,7,9684619.798,2.0,13.0,17.0,0.609,87572.587096
1810558,IT,WM,PAPER,WHOLE,37.47,9671181.663,7,7,9671085.709,1.0,78.0,16.0,0.954,258104.661409
1777232,IT,TR,RUBBE,RUBBE,32.03,9667538.186,7,7,9667507.309,1.0,15.0,14.0,0.877,301827.604933
1737986,IT,GB,CHEM1,BUSIN,20.2,9665555.505,6,6,9665532.45,0.0,8.0,14.0,1.055,478492.846782
1766379,IT,RU,BASIC,WOODW,11.12,9662669.11,6,6,9662656.499,0.0,4.0,8.0,0.611,868945.063849
1777103,IT,TR,CHEM1,HEALT,20.19,9658913.597,6,6,9658890.543,0.0,8.0,14.0,1.054,478400.87157
1750493,IT,CN,MACHI,RUBBE,53.56,9599637.259,7,7,9599606.47,1.0,13.0,16.0,0.789,179231.464881
1674312,IT,FR,CHEM1,WHEAT,20.06,9598633.674,6,6,9598610.626,0.0,8.0,14.0,1.048,478496.195115
1775314,IT,CH,BUSIN,WHOLE,98.57,9596957.544,7,7,9596917.882,2.0,19.0,18.0,0.662,97361.849893
1732927,IT,SI,ALUM1,TEXTI,16.66,9585817.137,6,6,9585795.369,0.0,7.0,14.0,0.768,575379.179892
1777017,IT,TR,CHEM1,FOOD5,20.03,9584780.08,6,6,9584757.034,0.0,8.0,14.0,1.046,478521.222167
1672566,IT,FR,OILSE,FOOD5,6.92,9579140.465,6,6,9579070.021,0.0,67.0,3.0,0.444,1384268.853324
1737279,IT,GB,FOOD5,HOTEL,46.0,9575756.83,7,7,9575698.974,1.0,44.0,12.0,0.856,208168.626739
1741275,IT,US,PAPER,WOODW,37.09,9572906.012,7,7,9572811.068,1.0,77.0,16.0,0.944,258099.38021
1658628,IT,DE,MACHI,RETA1,53.4,9572027.154,7,7,9571996.368,1.0,13.0,16.0,0.786,179251.444831
1741165,IT,US,LEATH,MOTO1,68.54,9569423.033,7,7,9569338.377,1.0,68.0,14.0,1.656,139618.077517
1728305,IT,SE,BEVER,HOTEL,40.64,9557456.541,7,7,9557417.927,1.0,26.0,11.0,0.614,235173.635359
1748470,IT,CN,STONE,FABRI,30.88,9545300.25,6,6,9544758.815,0.0,7.0,534.0,0.435,309109.464054
1738482,IT,GB,COPP1,MACHI,24.11,9542209.051,7,7,9542164.558,1.0,12.0,31.0,0.493,395778.061012
1765807,IT,RU,KEROS,AIRTR,14.18,9536846.928,6,6,9536833.152,0.0,4.0,9.0,0.776,672556.200846
1675429,IT,FR,MACHI,SUPPO,53.2,9536005.926,7,7,9535977.143,1.0,12.0,15.0,0.783,179248.231692
1729488,IT,SE,ALUM1,ALUM1,16.56,9529995.376,6,6,9529973.613,0.0,7.0,14.0,0.763,575482.81256
1761787,IT,IN,MACHI,CONST,53.13,9524162.878,7,7,9524134.096,1.0,12.0,15.0,0.782,179261.488387
1726121,IT,RO,RUBBE,LANDT,31.53,9516528.38,7,7,9516498.517,1.0,14.0,14.0,0.863,301824.560101
1753580,IT,CA,MACHI,TRANS,53.05,9509709.141,7,7,9509680.36,1.0,12.0,15.0,0.781,179259.361753
1741930,IT,US,CHEM1,MOTO1,19.87,9509258.298,6,6,9509235.26,0.0,8.0,14.0,1.038,478573.643583
1739582,IT,GB,SEACO,GASDI,9.67,9504889.118,6,6,9504883.953,0.0,2.0,3.0,0.165,982925.451706
1810578,IT,WM,PAPER,EDUCA,36.77,9489660.349,7,7,9489565.413,1.0,77.0,16.0,0.936,258081.597743
1720677,IT,PL,MOTO1,LANDT,50.47,9483145.876,7,7,9483118.259,1.0,10.0,16.0,0.617,187896.688647
1729556,IT,SE,COPP1,COPP1,23.94,9478245.205,7,7,9478200.715,1.0,12.0,31.0,0.49,395916.67523
1786042,IT,ZA,CERAM,CONST,14.75,9465442.625,6,6,9465389.112,0.0,4.0,49.0,0.513,641724.923729
1804165,IT,WF,PAPER,RETA1,36.68,9464782.191,7,7,9464689.257,1.0,76.0,15.0,0.934,258036.591903
1812369,IT,WM,BASIC,RETA1,10.89,9462732.466,6,6,9462719.868,0.0,4.0,8.0,0.598,868937.783838
1720040,IT,PL,ALUM1,MACHI,16.44,9461362.959,6,6,9461341.201,0.0,7.0,14.0,0.758,575508.695803
1658125,IT,DE,ALUM1,CHEM1,16.38,9424164.379,6,6,9424142.624,0.0,7.0,14.0,0.755,575345.810684
1657911,IT,DE,BASIC,PLAST,10.84,9420153.367,6,6,9420140.771,0.0,4.0,8.0,0.596,869017.838284
1750533,IT,CN,MACHI,SALEM,52.55,9418783.997,7,7,9418755.223,1.0,12.0,15.0,0.774,179234.709743
1789310,IT,WA,CHEM1,VEGET,19.65,9404598.57,6,6,9404575.543,0.0,8.0,14.0,1.027,478605.525191
1726462,IT,RO,FABRI,OFFIC,38.24,9396769.95,7,7,9396740.276,1.0,9.0,19.0,0.674,245731.431747
1811320,IT,WM,BITU1,ELEC6,14.81,9392532.938,6,6,9392517.19,0.0,4.0,11.0,0.748,634202.088994
1667150,IT,ES,BASIC,FOUND,10.8,9382139.586,6,6,9382126.993,0.0,4.0,8.0,0.593,868716.628333
1804446,IT,WF,GASDI,CATTL,13.91,9345778.833,6,6,9345765.072,0.0,4.0,9.0,0.761,671874.82624
1741932,IT,US,CHEM1,FURNI,19.5,9330304.026,6,6,9330281.007,0.0,8.0,14.0,1.019,478477.129538
1656026,IT,DE,FOOD5,HEALT,44.8,9325875.437,7,7,9325819.603,1.0,43.0,11.0,0.834,208166.862433
1813018,IT,WM,MACHI,SUPPO,51.93,9307328.146,7,7,9307299.381,1.0,12.0,15.0,0.765,179228.348662
1672633,IT,FR,CRUDE,MOTOR,18.33,9306781.637,6,6,9306763.837,0.0,6.0,11.0,0.8,507734.950191
1777045,IT,TR,CHEM1,PFERT,19.44,9301661.185,6,6,9301638.17,0.0,8.0,14.0,1.015,478480.513632
1761292,IT,IN,RUBBE,CONST,30.82,9301441.115,7,7,9301412.272,1.0,14.0,13.0,0.843,301798.868105
1686824,IT,HU,FABRI,OFFIC,37.82,9292483.936,7,7,9292455.269,1.0,9.0,18.0,0.667,245702.906822
1750213,IT,CN,LEAD1,LEAD1,16.14,9281741.369,6,6,9281676.587,0.0,23.0,41.0,0.782,575076.912577
1676835,IT,FR,LANDT,RETA1,59.79,9267837.659,7,7,9267819.221,1.0,5.0,12.0,0.438,155006.483676
1804778,IT,WF,NAPHT,GASDI,15.71,9256145.064,6,6,9256121.402,0.0,6.0,17.0,0.662,589188.100827
1676892,IT,FR,TRAN2,TRAN2,14.3,9255632.703,6,6,9255623.449,0.0,3.0,6.0,0.254,647247.042168
1666615,IT,ES,CHEM1,WHOLE,19.34,9254247.471,6,6,9254225.461,0.0,8.0,13.0,1.01,478502.971613
1655494,IT,DE,CRUDE,GASDI,18.21,9247591.787,6,6,9247573.992,0.0,6.0,11.0,0.795,507830.411148
1805264,IT,WF,CHEM1,PUBLI,19.3,9237233.65,6,6,9237211.642,0.0,8.0,13.0,1.008,478613.142487
1738432,IT,GB,ALUM1,FABRI,16.04,9232792.472,6,6,9232771.732,0.0,7.0,13.0,0.74,575610.503242
1756248,IT,KR,MACHI,PUBLI,51.51,9232073.02,7,7,9232044.262,1.0,12.0,15.0,0.758,179228.752087
1778931,IT,TR,SEACO,MACHI,9.38,9218660.635,6,6,9218655.475,0.0,2.0,3.0,0.16,982799.641258
1772564,IT,CH,RUBBE,CONST,30.54,9216451.096,7,7,9216422.26,1.0,14.0,13.0,0.836,301782.943549
1745350,IT,JP,VEGE1,CHEM1,28.32,9208761.272,7,7,9208687.269,1.0,56.0,15.0,2.003,325168.124011
1749230,IT,CN,PAPER,PRINT,35.63,9196030.588,7,7,9195939.681,1.0,74.0,15.0,0.907,258097.967668
1746726,IT,JP,FABRI,CONST,37.4,9190050.811,7,7,9190022.152,1.0,9.0,18.0,0.659,245723.283717
1809255,IT,WM,CRUDE,CHEM1,18.09,9183346.944,6,6,9183329.154,0.0,6.0,11.0,0.79,507647.702819
1659022,IT,DE,ELEC2,TRAN1,2.21,9159341.145,6,6,9159338.187,0.0,1.0,1.0,0.958,4144498.255656
1648109,IT,BE,RESEA,CHEM1,49.62,9152449.932,7,7,9152424.291,1.0,10.0,14.0,0.641,184450.824909
1641377,IT,AT,KEROS,SUPPO,13.61,9151555.425,6,6,9151541.68,0.0,4.0,9.0,0.745,672414.065026
1742883,IT,US,MACHI,PAPER,50.99,9140340.596,7,7,9140311.845,1.0,12.0,15.0,0.751,179257.513159
1812954,IT,WM,MACHI,GASDI,50.97,9136502.101,7,7,9136473.35,1.0,12.0,15.0,0.751,179252.542692
1766805,IT,RU,MACHI,MOTO1,50.95,9133036.034,7,7,9133007.284,1.0,12.0,15.0,0.75,179254.877998
1714727,IT,NL,DAIRY,DAIRY,37.1,9133034.823,7,7,9132960.205,1.0,65.0,8.0,0.618,246173.445364
1673718,IT,FR,PAPER,PLAST,35.37,9128309.773,7,7,9128218.873,1.0,74.0,15.0,0.9,258080.570342
1725935,IT,RO,PLAST,MOTO1,19.15,9124807.956,6,6,9124791.028,0.0,7.0,9.0,0.928,476491.277076
1812888,IT,WM,FABRI,REALE,37.11,9117998.967,7,7,9117970.313,1.0,9.0,18.0,0.654,245701.939289
1686088,IT,HU,RUBBE,RUBBE,30.19,9111540.416,7,7,9111511.59,1.0,14.0,13.0,0.826,301806.572242
1714811,IT,NL,FOOD5,FOOD5,43.75,9105784.414,7,7,9105729.6,1.0,42.0,11.0,0.814,208132.215177
1725983,IT,RO,CHEM1,PFERT,19.03,9104265.211,6,6,9104243.217,0.0,8.0,13.0,0.994,478416.458802
1801741,IT,WE,ELEC2,WEARI,2.19,9094189.611,6,6,9094186.659,0.0,1.0,1.0,0.952,4152597.99589
1804818,IT,WF,NAPHT,DISTR,15.43,9089163.187,6,6,9089140.537,0.0,6.0,16.0,0.65,589057.88639
1658311,IT,DE,COPP1,CONST,22.94,9079320.7,6,6,9079279.231,0.0,12.0,29.0,0.469,395785.557977
1666386,IT,ES,NAPHT,PLAST,15.41,9077678.276,6,6,9077655.627,0.0,6.0,16.0,0.649,589077.110707
1799439,IT,WE,PAPER,FOOD5,35.17,9076891.162,7,7,9076801.267,1.0,73.0,15.0,0.895,258086.186011
1758513,IT,BR,MACHI,MEDIC,50.63,9074693.429,7,7,9074664.683,1.0,12.0,15.0,0.746,179235.501264
1773221,IT,CH,FABRI,MACHI,36.92,9072024.632,7,7,9071995.981,1.0,9.0,18.0,0.651,245721.143879
1675610,IT,FR,MOTO1,WHOLE,48.19,9053934.693,7,7,9053908.104,1.0,10.0,15.0,0.589,187879.947977
1792101,IT,WA,AIRTR,WHOLE,9.85,9048189.864,6,6,9048183.579,0.0,2.0,4.0,0.285,918597.955736
1687673,IT,HU,AIRTR,WHOLE,9.85,9044940.979,6,6,9044934.694,0.0,2.0,4.0,0.285,918268.119695
1675591,IT,FR,MOTO1,MACHI,48.13,9042540.7,7,7,9042514.112,1.0,10.0,15.0,0.588,187877.429877
1657255,IT,DE,CHEM1,FURNI,18.9,9042150.478,6,6,9042128.491,0.0,8.0,13.0,0.987,478420.660212
1719841,IT,PL,BASIC,WHOLE,10.41,9041816.988,6,6,9041804.416,0.0,4.0,8.0,0.572,868570.31585
1743665,IT,US,HOTEL,PUBLI,65.45,9029843.155,7,7,9029812.475,1.0,18.0,11.0,0.68,137965.518029
1787675,IT,WA,VEGE1,CATTL,27.73,9018226.423,7,7,9018153.461,1.0,55.0,15.0,1.962,325215.521926
1811635,IT,WM,CHEM1,CHEM1,18.84,9013969.518,6,6,9013947.534,0.0,8.0,13.0,0.984,478448.488217
1772428,IT,CH,CHEM1,CONST,18.83,9010387.838,6,6,9010365.854,0.0,8.0,13.0,0.984,478512.365268
1741609,IT,US,GASDI,EDUCA,13.41,9009706.296,6,6,9009693.562,0.0,4.0,8.0,0.734,671864.749888
1723603,IT,PT,FABRI,OFFIC,36.63,9000313.411,7,7,9000284.765,1.0,9.0,18.0,0.646,245708.801829
1773559,IT,CH,MOTO1,LANDT,47.87,8993921.245,7,7,8993894.66,1.0,10.0,15.0,0.585,187882.206915
1791260,IT,WA,FURNI,93197,28.7,8991741.84,7,7,8991691.067,1.0,26.0,23.0,0.773,313301.109408
1715560,IT,NL,HEAVY,KEROS,14.52,8991478.973,6,6,8991465.251,0.0,4.0,9.0,0.722,619247.863154
1675065,IT,FR,ALUM1,BASIC,15.62,8988707.866,6,6,8988687.146,0.0,7.0,13.0,0.72,575461.451088
1794077,IT,WL,PAPER,PAPER,34.82,8986475.905,7,7,8986387.019,1.0,72.0,15.0,0.886,258083.742246
1738514,IT,GB,NONF1,NONF1,1.97,8986290.943,6,6,8986287.892,0.0,1.0,2.0,0.051,4561569.006599
1798774,IT,WE,FOOD5,FOOD5,43.15,8980988.492,7,7,8980933.689,1.0,42.0,11.0,0.803,208134.148134
1757632,IT,BR,HEAVY,CROPS,14.51,8980475.365,6,6,8980461.644,0.0,4.0,9.0,0.721,618916.2898
1689018,IT,IE,MACHI,RESEA,50.09,8977932.115,7,7,8977903.377,1.0,12.0,15.0,0.738,179236.017469
1642742,IT,AT,MACHI,BASIC,50.06,8973821.369,7,7,8973792.632,1.0,12.0,15.0,0.737,179261.313803
1718121,IT,PL,VEGE1,FOOD5,27.59,8971688.847,7,7,8971615.895,1.0,55.0,15.0,1.952,325179.00859
1657676,IT,DE,CERAM,HOTEL,13.96,8964484.377,6,6,8964433.891,0.0,4.0,46.0,0.486,642155.041332
1674342,IT,FR,CHEM1,TEXTI,18.73,8963824.755,6,6,8963802.776,0.0,8.0,13.0,0.979,478581.140149
1672635,IT,FR,CRUDE,GASDI,17.65,8960196.826,6,6,8960179.056,0.0,6.0,11.0,0.77,507659.876827
1761434,IT,IN,BASIC,MACHI,10.31,8953725.825,6,6,8953713.259,0.0,4.0,8.0,0.566,868450.613482
1658433,IT,DE,FABRI,RUBBE,36.39,8942356.597,7,7,8942327.956,1.0,9.0,18.0,0.641,245736.647348
1674925,IT,FR,BASIC,RUBBE,10.29,8941665.519,6,6,8941652.954,0.0,4.0,8.0,0.565,868966.522741
1655808,IT,DE,VEGE1,BEVER,27.45,8925914.165,7,7,8925842.223,1.0,54.0,15.0,1.942,325169.914936
1667224,IT,ES,PREC1,NONF1,15.15,8919746.556,6,6,8919712.145,0.0,16.0,18.0,0.411,588762.148911
1749051,IT,CN,LEATH,CONST,63.88,8919179.05,7,7,8919100.507,1.0,63.0,13.0,1.543,139623.967595
1761148,IT,IN,CHEM1,NONME,18.58,8889828.949,6,6,8889806.979,0.0,8.0,13.0,0.97,478462.268515
1790580,IT,WA,NONF1,CONST,1.94,8880072.512,6,6,8880069.462,0.0,1.0,2.0,0.05,4577356.964948
1743164,IT,US,MOTO1,BUSIN,47.23,8873955.937,7,7,8873929.36,1.0,10.0,15.0,0.577,187888.120622
1773541,IT,CH,MOTO1,MOTO1,47.2,8868470.813,7,7,8868444.236,1.0,10.0,15.0,0.577,187891.330784
1788243,IT,WA,LEATH,VEGE1,63.47,8861619.598,7,7,8861541.064,1.0,63.0,13.0,1.534,139619.02628
1738880,IT,GB,TRANS,PUBLI,52.88,8860616.628,7,7,8860590.147,1.0,10.0,15.0,0.481,167560.82882
1732949,IT,SI,ALUM1,FABRI,15.38,8854126.588,6,6,8854105.879,0.0,7.0,13.0,0.709,575690.935501
1673336,IT,FR,TEXTI,MOTO1,52.43,8848371.435,7,7,8848353.26,1.0,8.0,8.0,1.175,168765.428858
1785666,IT,ZA,HEAVY,CONST,14.29,8846481.058,6,6,8846467.348,0.0,4.0,9.0,0.71,619067.953674
1743638,IT,US,HOTEL,DISTR,64.1,8843631.451,7,7,8843600.785,1.0,18.0,11.0,0.666,137966.169282
1804775,IT,WF,NAPHT,MOTOR,15.01,8841031.151,6,6,8841009.519,0.0,5.0,16.0,0.632,589009.403797
1810328,IT,WM,WOODW,WOODW,24.74,8840323.976,6,6,8840254.379,0.0,56.0,13.0,0.597,357329.182538
1640947,IT,AT,WOODW,WOODW,24.73,8838547.08,6,6,8838477.483,0.0,56.0,13.0,0.597,357401.822887
1804340,IT,WF,MOTOR,WHOLE,13.2,8836706.946,6,6,8836694.226,0.0,4.0,8.0,0.72,669447.495909
1811743,IT,WM,ADDIT,GASDI,20.45,8830357.788,7,7,8830271.099,1.0,67.0,18.0,0.689,431802.336822
1662356,IT,DK,BASIC,BASIC,10.16,8828119.752,6,6,8828107.194,0.0,4.0,8.0,0.558,868909.424409
1645669,IT,BE,CHEM1,EDUCA,18.44,8822942.475,6,6,8822920.512,0.0,8.0,13.0,0.963,478467.596258
1749033,IT,CN,LEATH,MOTO1,63.19,8822065.113,7,7,8821987.586,1.0,62.0,13.0,1.527,139611.728327
1715624,IT,NL,NAPHT,MOTOR,14.96,8815243.618,6,6,8815221.987,0.0,5.0,16.0,0.631,589254.25254
1657208,IT,DE,CHEM1,PULP5,18.42,8812358.343,6,6,8812336.381,0.0,8.0,13.0,0.962,478412.505049
1742497,IT,US,BASIC,FURNI,10.14,8809207.985,6,6,8809195.428,0.0,4.0,8.0,0.557,868758.183925
1778961,IT,TR,SEACO,AIRTR,8.95,8796994.416,6,6,8796989.264,0.0,2.0,3.0,0.152,982904.404022
1790152,IT,WA,BASIC,WHOLE,10.13,8796561.297,6,6,8796548.741,0.0,4.0,8.0,0.556,868367.354097
1657398,IT,DE,RUBBE,FOOD5,29.13,8793349.259,7,7,8793321.462,1.0,13.0,13.0,0.797,301865.748678
1677097,IT,FR,SUPPO,SUPPO,63.21,8792360.806,7,7,8792337.374,1.0,7.0,15.0,0.432,139097.623889
1660199,IT,DE,SUPPO,SUPPO,63.18,8788914.011,7,7,8788890.579,1.0,7.0,15.0,0.432,139109.116983
1801821,IT,WE,ELEC6,WEARI,1.29,8757036.035,5,5,8757033.633,0.0,0.0,1.0,1.402,6788400.027132
1749621,IT,CN,CHEM1,CRUDE,18.3,8755640.406,6,6,8755618.45,0.0,8.0,13.0,0.956,478450.29541
1742520,IT,US,BASIC,BUSIN,10.08,8755634.28,6,6,8755621.726,0.0,4.0,8.0,0.554,868614.511905
1780395,IT,TW,AIRTR,PUBLI,9.53,8755524.595,6,6,8755518.319,0.0,2.0,4.0,0.276,918732.906086
1667525,IT,ES,FABRI,MACHI,35.61,8749787.447,7,7,8749760.819,1.0,8.0,17.0,0.628,245711.526172
1657405,IT,DE,RUBBE,WOODW,28.98,8745523.295,7,7,8745495.502,1.0,13.0,13.0,0.793,301777.891477
1680342,IT,GR,ELEC1,DISTR,1.25,8744884.76,5,5,8744883.209,0.0,0.0,1.0,0.551,6995907.808
1805096,IT,WF,NFERT,CRUDE,1.83,8743905.767,6,6,8743903.052,0.0,1.0,1.0,0.715,4778090.58306
1658343,IT,DE,NONF1,COPP1,1.91,8742397.36,6,6,8742394.311,0.0,1.0,2.0,0.049,4577171.39267
1738511,IT,GB,NONF1,ALUM1,1.91,8735036.1,6,6,8735033.051,0.0,1.0,2.0,0.049,4573317.329843
1746962,IT,JP,MOTO1,SALEM,46.49,8733929.289,7,7,8733902.721,1.0,10.0,15.0,0.568,187866.837793
1645845,IT,BE,GLASS,TEXTI,23.96,8728610.731,6,6,8728570.231,0.0,6.0,34.0,0.5,364299.279257
1729411,IT,SE,BASIC,WHOLE,10.03,8710346.976,6,6,8710334.425,0.0,4.0,8.0,0.551,868429.409372
1675815,IT,FR,FURNI,RECRE,27.8,8708143.939,7,7,8708094.19,1.0,25.0,23.0,0.749,313242.587734
1750300,IT,CN,NONF1,LEAD1,1.9,8693676.124,6,6,8693673.075,0.0,1.0,2.0,0.049,4575619.012632
1675255,IT,FR,FABRI,BASIC,35.32,8678183.918,7,7,8678157.296,1.0,8.0,17.0,0.622,245701.696433
1738481,IT,GB,COPP1,FABRI,21.92,8677499.483,6,6,8677460.034,0.0,11.0,28.0,0.449,395871.326779
1772887,IT,CH,BASIC,SALEM,9.99,8676532.384,6,6,8676519.835,0.0,4.0,8.0,0.549,868521.76016
1811673,IT,WM,CHEM1,WHOLE,18.13,8675255.412,6,6,8675233.465,0.0,8.0,13.0,0.947,478502.780585
1772861,IT,CH,BASIC,CEMEN,9.96,8656109.974,6,6,8656097.427,0.0,4.0,8.0,0.547,869087.346787
1719842,IT,PL,BASIC,RETA1,9.94,8633494.673,6,6,8633482.127,0.0,4.0,8.0,0.546,868560.832294
1756206,IT,KR,MACHI,OFFIC,48.04,8611809.239,7,7,8611782.531,1.0,11.0,14.0,0.708,179263.306391
1804616,IT,WF,HEAVY,RUBBE,13.91,8611585.378,6,6,8611571.687,0.0,4.0,9.0,0.691,619093.125665
1809829,IT,WM,FOOD5,HOTEL,41.3,8596387.149,7,7,8596335.381,1.0,40.0,10.0,0.768,208144.967288
1723067,IT,PT,CHEM1,TEXTI,17.96,8594564.929,6,6,8594543.991,0.0,8.0,12.0,0.938,478539.249944
1729065,IT,SE,RUBBE,MOTO1,28.47,8592139.948,7,7,8592113.169,1.0,13.0,12.0,0.779,301796.274956
1732979,IT,SI,ALUM1,BUSIN,14.92,8587487.633,6,6,8587467.945,0.0,7.0,12.0,0.688,575568.876206
1742540,IT,US,BASIC,RECRE,9.86,8564933.081,6,6,8564921.539,0.0,4.0,7.0,0.542,868654.47069
1662132,IT,DK,RUBBE,FOOD5,28.33,8550264.498,7,7,8550237.723,1.0,13.0,12.0,0.775,301809.548112
1672694,IT,FR,SANDC,BEVER,19.6,8543851.324,6,6,8541970.019,0.0,4.0,1877.0,0.305,435910.781837
1726349,IT,RO,ALUM1,MOTO1,14.84,8541224.961,6,6,8541206.277,0.0,6.0,12.0,0.684,575554.242655
1658453,IT,DE,FABRI,TRANS,34.75,8539526.057,7,7,8539499.444,1.0,8.0,17.0,0.613,245741.757036
1766763,IT,RU,MACHI,WOODW,47.57,8525890.385,7,7,8525863.685,1.0,11.0,14.0,0.7,179228.303237
1812893,IT,WM,FABRI,PUBLI,34.68,8520653.698,7,7,8520627.087,1.0,8.0,17.0,0.611,245693.589908
1729076,IT,SE,RUBBE,CONST,28.22,8518495.741,7,7,8518468.969,1.0,13.0,12.0,0.772,301860.231786
1774604,IT,CH,SEACO,WHOLE,8.66,8518275.647,6,6,8518270.5,0.0,2.0,3.0,0.147,983634.60127
1786155,IT,ZA,BASIC,CONST,9.8,8516908.408,6,6,8516896.87,0.0,4.0,7.0,0.538,869072.286531
1750249,IT,CN,COPP1,BASIC,21.5,8509642.93,6,6,8509604.49,0.0,11.0,27.0,0.44,395797.345581
1721216,IT,PL,LANDT,FOOD5,54.86,8504859.673,7,7,8504843.271,1.0,4.0,11.0,0.402,155028.430058
1797012,IT,WL,AIRTR,SUPPO,9.26,8503328.252,6,6,8503321.984,0.0,2.0,4.0,0.268,918285.988337
1805170,IT,WF,CHEM1,CRUDE,17.77,8502561.256,6,6,8502541.328,0.0,7.0,12.0,0.928,478478.404952
1715026,IT,NL,TEXTI,TEXTI,50.36,8498520.63,7,7,8498502.502,1.0,8.0,8.0,1.128,168755.373908
1657972,IT,DE,BASIC,RENTI,9.78,8493321.222,6,6,8493309.685,0.0,4.0,7.0,0.537,868437.752761
1674658,IT,FR,GLASS,BEVER,23.29,8485072.462,6,6,8485033.976,0.0,5.0,33.0,0.486,364322.5617
1812388,IT,WM,BASIC,EDUCA,9.77,8484705.017,6,6,8484693.481,0.0,4.0,7.0,0.536,868444.730502
1812258,IT,WM,NONME,EDUCA,17.13,8479368.503,6,6,8479346.573,0.0,4.0,17.0,0.93,495001.080152
1778885,IT,TR,SEACO,MEATC,8.62,8474781.998,6,6,8474776.851,0.0,2.0,3.0,0.147,983153.364037
1719814,IT,PL,BASIC,ALUM1,9.74,8464492.78,6,6,8464481.245,0.0,4.0,7.0,0.535,869044.433265
1799713,IT,WE,MOTOR,PUBLI,12.64,8458211.515,6,6,8458198.826,0.0,4.0,8.0,0.689,669162.303402
1686266,IT,HU,CERAM,CONST,13.17,8456447.136,6,6,8456398.678,0.0,4.0,44.0,0.458,642099.251025
1746244,IT,JP,CHEM1,CHEM1,17.66,8451004.336,6,6,8450984.413,0.0,7.0,12.0,0.923,478539.316874
1813166,IT,WM,MOTO1,MOTO1,44.87,8429856.296,7,7,8429831.748,1.0,9.0,14.0,0.548,187872.883798
1662685,IT,DK,MACHI,CONST,47.01,8427071.708,7,7,8427045.016,1.0,11.0,14.0,0.692,179261.25735
1806282,IT,WF,MACHI,SALEM,47.01,8426193.169,7,7,8426166.477,1.0,11.0,14.0,0.692,179242.569007
1769825,IT,AU,MACHI,PUBLI,46.96,8416474.573,7,7,8416447.882,1.0,11.0,14.0,0.691,179226.460243
1771538,IT,CH,TEXTI,WEARI,49.86,8414977.438,7,7,8414959.321,1.0,8.0,8.0,1.117,168772.11067
1755517,IT,KR,CHEM1,TEXTI,17.58,8412396.146,6,6,8412376.228,0.0,7.0,12.0,0.918,478520.827418
1791252,IT,WA,FURNI,RESEA,26.83,8405259.706,6,6,8405212.983,0.0,24.0,22.0,0.723,313278.408722
1674944,IT,FR,BASIC,RETA1,9.67,8398113.204,6,6,8398101.673,0.0,4.0,7.0,0.531,868470.858738
1812469,IT,WM,PREC1,CONST,14.27,8397063.791,6,6,8397031.405,0.0,15.0,17.0,0.386,588441.751296
1645586,IT,BE,CHEM1,PULP5,17.54,8391636.613,6,6,8391616.697,0.0,7.0,12.0,0.916,478428.54122
1753573,IT,CA,MACHI,FABRI,46.78,8385200.722,7,7,8385174.033,1.0,11.0,14.0,0.689,179247.557118
1757862,IT,BR,CHEM1,WOODW,17.52,8383843.417,6,6,8383823.502,0.0,7.0,12.0,0.915,478529.8754
1742858,IT,US,MACHI,NATUR,46.76,8380648.104,7,7,8380621.415,1.0,11.0,14.0,0.689,179226.862789
1812387,IT,WM,BASIC,PUBLI,9.63,8369730.8,6,6,8369720.271,0.0,3.0,7.0,0.529,869130.924195
1715459,IT,NL,KEROS,MOTOR,12.44,8365065.23,6,6,8365052.549,0.0,4.0,8.0,0.681,672432.896302
1674338,IT,FR,CHEM1,FOOD5,17.46,8355966.546,6,6,8355946.634,0.0,7.0,12.0,0.912,478577.694502
1758233,IT,BR,BASIC,FABRI,9.62,8353639.843,6,6,8353629.315,0.0,3.0,7.0,0.528,868361.730042
1675792,IT,FR,FURNI,BUSIN,26.62,8338383.552,6,6,8338336.835,0.0,24.0,22.0,0.717,313237.548911
1742594,IT,US,ALUM1,FOUND,14.48,8333485.185,6,6,8333466.517,0.0,6.0,12.0,0.668,575516.932666
1657914,IT,DE,BASIC,CHEM1,9.59,8332766.353,6,6,8332755.826,0.0,3.0,7.0,0.527,868901.600938
1674564,IT,FR,RUBBE,FABRI,27.6,8331678.14,7,7,8331651.385,1.0,13.0,12.0,0.755,301872.396377
1673359,IT,FR,TEXTI,HEALT,49.36,8330791.994,7,7,8330774.888,1.0,8.0,7.0,1.106,168776.174919
1657470,IT,DE,RUBBE,WHOLE,27.6,8328917.064,7,7,8328890.309,1.0,13.0,12.0,0.755,301772.357391
1805154,IT,WF,CHEM1,CEREA,17.4,8325791.987,6,6,8325772.078,0.0,7.0,12.0,0.909,478493.792356
1743649,IT,US,HOTEL,RAILW,60.29,8318608.761,7,7,8318580.134,1.0,17.0,10.0,0.627,137976.592486
1741878,IT,US,CHEM1,TOBAC,17.36,8308095.537,6,6,8308075.63,0.0,7.0,12.0,0.907,478576.931855
1777610,IT,TR,ALUM1,ALUM1,14.44,8307588.005,6,6,8307569.339,0.0,6.0,12.0,0.666,575317.728878
1795828,IT,WL,MACHI,HOTEL,46.31,8301176.604,7,7,8301150.922,1.0,11.0,13.0,0.682,179252.355949
1772426,IT,CH,CHEM1,DIST1,17.35,8300834.223,6,6,8300814.317,0.0,7.0,12.0,0.906,478434.249164
1750144,IT,CN,PREC1,FURNI,14.1,8300460.681,6,6,8300428.299,0.0,15.0,17.0,0.382,588685.154681
1750495,IT,CN,MACHI,CERAM,46.3,8299403.603,7,7,8299377.921,1.0,11.0,13.0,0.682,179252.777603
1772534,IT,CH,RUBBE,RUBBE,27.49,8298461.712,7,7,8298435.96,1.0,12.0,12.0,0.752,301872.015715
1797022,IT,WL,AIRTR,PUBLI,9.03,8291657.72,6,6,8291651.459,0.0,2.0,4.0,0.261,918234.520487
1673309,IT,FR,TEXTI,WEARI,49.07,8281938.748,7,7,8281921.649,1.0,8.0,7.0,1.099,168778.046627
1801281,IT,WE,MACHI,NATUR,46.17,8276218.8,7,7,8276193.12,1.0,11.0,13.0,0.68,179255.334633
1667681,IT,ES,MACHI,ELEC3,46.13,8269189.327,7,7,8269163.648,1.0,11.0,13.0,0.679,179258.385584
1776122,IT,TR,LEATH,WEARI,59.21,8267387.261,7,7,8267314.83,1.0,58.0,12.0,1.431,139628.225992
1741740,IT,US,NAPHT,RESEA,14.03,8265665.949,6,6,8265645.358,0.0,5.0,15.0,0.591,589142.262937
1778968,IT,TR,SEACO,BUSIN,8.39,8250936.721,6,6,8250931.578,0.0,2.0,3.0,0.143,983425.115733
1686104,IT,HU,RUBBE,MOTO1,27.34,8250815.333,7,7,8250789.585,1.0,12.0,12.0,0.748,301785.491331
1741966,IT,US,CHEM1,EDUCA,17.22,8239507.317,6,6,8239487.418,0.0,7.0,12.0,0.899,478484.74547
1642637,IT,AT,FABRI,MACHI,33.51,8234769.073,7,7,8234743.482,1.0,8.0,16.0,0.591,245740.646762
1789279,IT,WA,PFERT,VEGET,3.61,8212058.184,6,6,8212049.87,0.0,4.0,3.0,1.314,2274808.361219
1738939,IT,GB,FURNI,HEALT,26.19,8204361.166,6,6,8204315.461,0.0,24.0,21.0,0.705,313263.122031
1752556,IT,CA,BEVER,BEVER,34.88,8202280.919,7,7,8202248.392,1.0,22.0,9.0,0.527,235157.136439
1709949,IT,LT,BASIC,WHOLE,9.44,8199931.023,6,6,8199920.505,0.0,3.0,7.0,0.518,868636.760911
1773965,IT,CH,SALEM,SALEM,66.17,8197840.138,7,7,8197819.628,1.0,9.0,10.0,0.51,123890.586943
1788339,IT,WA,LEATH,RESEA,58.68,8193497.22,7,7,8193424.802,1.0,58.0,12.0,1.418,139630.150307
1778892,IT,TR,SEACO,FOOD5,8.32,8184723.875,6,6,8184718.733,0.0,2.0,3.0,0.142,983740.850361
1726995,IT,RO,HOTEL,HOTEL,59.25,8174749.469,7,7,8174721.853,1.0,16.0,10.0,0.616,137970.455173
1741268,IT,US,PAPER,FOOD5,31.65,8167309.473,7,7,8167228.667,1.0,66.0,13.0,0.806,258050.852227
1743165,IT,US,MOTO1,PUBLI,43.46,8165424.341,7,7,8165399.81,1.0,9.0,14.0,0.531,187883.670985
1798830,IT,WE,FOOD5,HOTEL,39.22,8163313.943,7,7,8163264.213,1.0,38.0,10.0,0.73,208141.609969
1741647,IT,US,HEAVY,GASDI,13.18,8159900.728,6,6,8159887.073,0.0,4.0,9.0,0.655,619112.346586
1720311,IT,PL,FABRI,OFFIC,33.18,8154184.749,7,7,8154159.164,1.0,8.0,16.0,0.585,245756.020163
1804440,IT,WF,GASDI,CEREA,12.13,8150233.773,6,6,8150221.109,0.0,4.0,8.0,0.664,671907.153586
1732813,IT,SI,BASIC,TEXTI,9.38,8147534.989,6,6,8147524.474,0.0,3.0,7.0,0.515,868607.141684
1772567,IT,CH,RUBBE,WHOLE,26.97,8140621.83,7,7,8140596.092,1.0,12.0,12.0,0.738,301839.889878
1675385,IT,FR,MACHI,RUBBE,45.34,8126232.539,7,7,8126206.871,1.0,11.0,13.0,0.668,179228.772364
1657973,IT,DE,BASIC,COMPU,9.32,8098438.685,6,6,8098428.173,0.0,3.0,7.0,0.512,868931.189378
1733225,IT,SI,MACHI,MOTO1,45.14,8090790.132,7,7,8090764.467,1.0,11.0,13.0,0.665,179237.707842
1808965,IT,WM,VEGET,VEGET,28.62,8085077.144,7,7,8085038.826,1.0,33.0,4.0,0.318,282497.454368
1716891,IT,NL,HOTEL,LANDT,58.58,8082863.975,7,7,8082836.366,1.0,16.0,10.0,0.609,137979.924462
1690228,IT,IE,BUSIN,COMPU,82.96,8077154.783,7,7,8077122.226,1.0,16.0,15.0,0.557,97362.039332
1723724,IT,PT,MACHI,WHOLE,45.04,8072696.909,7,7,8072671.246,1.0,11.0,13.0,0.663,179233.945582
1745686,IT,JP,TEXTI,HEALT,47.79,8065911.903,7,7,8065894.832,1.0,8.0,7.0,1.071,168778.236095
1675073,IT,FR,ALUM1,FURNI,14.01,8064222.824,6,6,8064204.178,0.0,6.0,12.0,0.646,575604.769736
1775311,IT,CH,BUSIN,CONST,82.72,8053800.6,7,7,8053768.044,1.0,16.0,15.0,0.556,97362.19294
1740874,IT,US,DAIRY,HOTEL,32.72,8053679.682,7,7,8053614.137,1.0,57.0,7.0,0.545,246139.354584
1790138,IT,WA,BASIC,FURNI,9.26,8042789.334,6,6,8042778.825,0.0,3.0,7.0,0.509,868551.763931
1642770,IT,AT,MACHI,CONST,44.85,8039108.831,7,7,8039083.171,1.0,11.0,13.0,0.66,179244.344058
1813027,IT,WM,MACHI,BUSIN,44.82,8034645.216,7,7,8034620.556,1.0,10.0,13.0,0.66,179264.730388
1749640,IT,CN,CHEM1,PAPER,16.77,8026382.057,6,6,8026362.181,0.0,7.0,12.0,0.876,478615.507275
1676575,IT,FR,HOTEL,CHEM1,58.17,8025719.47,7,7,8025691.865,1.0,16.0,10.0,0.605,137970.078563
1743610,IT,US,HOTEL,BASIC,58.16,8025092.061,7,7,8025064.456,1.0,16.0,10.0,0.605,137983.013428
1673997,IT,FR,KEROS,PUBLI,11.92,8019025.702,6,6,8019013.049,0.0,4.0,8.0,0.653,672737.055537
1651644,IT,CY,BASIC,FABRI,9.22,8012731.054,6,6,8012720.547,0.0,3.0,7.0,0.507,869059.767245
1676632,IT,FR,HOTEL,BUSIN,58.07,8012499.041,7,7,8012471.437,1.0,16.0,10.0,0.604,137980.007594
1655965,IT,DE,FOOD5,BEVER,38.49,8010725.988,7,7,8010677.272,1.0,37.0,10.0,0.716,208124.863289
1666722,IT,ES,RUBBE,FOOD5,26.53,8007471.326,6,6,8007446.6,0.0,12.0,12.0,0.726,301827.038296
1745327,IT,JP,VEGE1,FOOD5,24.61,8001995.893,7,7,8001931.152,1.0,49.0,13.0,1.741,325152.210199
1758176,IT,BR,NONME,CONST,16.14,7989548.326,6,6,7989527.449,0.0,4.0,16.0,0.877,495015.38575
1649757,IT,BG,BASIC,FABRI,9.19,7980723.493,6,6,7980712.988,0.0,3.0,7.0,0.505,868413.873014
1749680,IT,CN,CHEM1,MACHI,16.67,7976410.274,6,6,7976390.403,0.0,7.0,12.0,0.871,478488.918656
1774401,IT,CH,HOTEL,RECRE,57.76,7968534.704,7,7,7968507.104,1.0,16.0,10.0,0.6,137959.395845
1674967,IT,FR,BASIC,FOOD4,9.16,7961860.487,6,6,7961849.984,0.0,3.0,7.0,0.503,869198.743122
1674313,IT,FR,CHEM1,CEREA,16.64,7961644.434,6,6,7961624.565,0.0,7.0,12.0,0.869,478464.208774
1778984,IT,TR,SEACO,RECRE,8.1,7959765.976,6,6,7959761.838,0.0,2.0,2.0,0.138,982687.157531
1675074,IT,FR,ALUM1,CONST,13.82,7956321.039,6,6,7956303.402,0.0,6.0,11.0,0.637,575710.63958
1742682,IT,US,NONF1,MACHI,1.74,7955590.46,6,6,7955587.415,0.0,1.0,2.0,0.045,4572178.425287
1667332,IT,ES,LEAD1,CRUDE,13.82,7948104.525,6,6,7948048.855,0.0,20.0,35.0,0.67,575116.101664
1790562,IT,WA,NONF1,BASIC,1.74,7943546.459,6,6,7943543.414,0.0,1.0,2.0,0.045,4565256.585632
1742969,IT,US,MACHI,HEALT,44.31,7942824.0,7,7,7942799.347,1.0,10.0,13.0,0.653,179255.788761
1667194,IT,ES,PREC1,COPPE,13.49,7940678.668,6,6,7940647.303,0.0,15.0,16.0,0.365,588634.445367
1771755,IT,CH,LEATH,FURNI,56.87,7940573.488,7,7,7940503.114,1.0,56.0,12.0,1.374,139626.753789
1674149,IT,FR,HEAVY,ELEC6,12.82,7936391.85,6,6,7936379.213,0.0,4.0,8.0,0.637,619063.326833
1752137,IT,CN,BUSIN,CONST,81.51,7936078.35,7,7,7936045.802,1.0,16.0,15.0,0.548,97363.248068
1668776,IT,ES,LANDT,LANDT,51.13,7926325.889,7,7,7926310.514,1.0,4.0,10.0,0.375,155022.998025
1659988,IT,DE,SEACO,WHOLE,8.05,7918177.934,6,6,7918173.797,0.0,2.0,2.0,0.137,983624.588075
1662364,IT,DK,BASIC,OFFIC,9.11,7913765.23,6,6,7913754.73,0.0,3.0,7.0,0.5,868689.926454
1667821,IT,ES,OFFIC,CONST,24.52,7912926.139,6,6,7912908.568,0.0,7.0,10.0,0.571,322713.137806
1649333,IT,BG,PLAST,RUBBE,16.6,7910779.151,6,6,7910764.346,0.0,6.0,8.0,0.805,476552.960904
1742383,IT,US,NONME,FOUND,15.98,7910329.938,6,6,7910309.07,0.0,4.0,16.0,0.868,495014.389111
1757882,IT,BR,CHEM1,PFERT,16.51,7900543.329,6,6,7900524.467,0.0,7.0,11.0,0.862,478530.789158
1803647,IT,WF,FOOD5,HOTEL,37.94,7897728.812,7,7,7897680.106,1.0,37.0,10.0,0.706,208163.648181
1810655,IT,WM,MOTOR,CRUDE,11.8,7897192.634,6,6,7897180.991,0.0,4.0,7.0,0.643,669253.613051
1798747,IT,WE,FOOD5,POULT,37.93,7895418.203,7,7,7895369.497,1.0,37.0,10.0,0.706,208157.611468
1786384,IT,ZA,MACHI,MACHI,43.96,7880447.124,7,7,7880422.477,1.0,10.0,13.0,0.647,179264.038308
1771282,IT,CH,DAIRY,MEATC,32.01,7880432.035,7,7,7880367.502,1.0,56.0,7.0,0.533,246186.567791
1812378,IT,WM,BASIC,POSTT,9.07,7876876.555,6,6,7876866.057,0.0,3.0,7.0,0.498,868453.864939
1777251,IT,TR,RUBBE,MOTO1,26.09,7873643.683,6,6,7873619.969,0.0,12.0,11.0,0.714,301787.799272
1801352,IT,WE,MACHI,MOTO1,43.82,7854932.187,7,7,7854907.542,1.0,10.0,13.0,0.645,179254.499932
1793713,IT,WL,FOOD5,HOTEL,37.73,7852721.938,7,7,7852675.236,1.0,36.0,9.0,0.702,208129.391413
1774358,IT,CH,HOTEL,CONST,56.82,7840133.636,7,7,7840106.045,1.0,16.0,10.0,0.591,137981.936572
1735181,IT,SK,RUBBE,RUBBE,25.95,7831699.436,6,6,7831675.726,0.0,12.0,11.0,0.71,301799.592909
1791254,IT,WA,FURNI,PUBLI,25.0,7831022.018,6,6,7830978.345,0.0,23.0,20.0,0.673,313240.88072
1679595,IT,GR,RUBBE,WHOLE,25.93,7827136.91,6,6,7827113.2,0.0,12.0,11.0,0.71,301856.417663
1739620,IT,GB,SEACO,SUPPO,7.95,7821095.374,6,6,7821091.239,0.0,2.0,2.0,0.135,983785.581635
1764137,IT,MX,FABRI,CONST,31.82,7819137.165,7,7,7819113.604,1.0,7.0,15.0,0.561,245730.26917
1737971,IT,GB,CHEM1,WHOLE,16.31,7803841.668,6,6,7803822.816,0.0,7.0,11.0,0.852,478469.75279
1784297,IT,ID,CHEM1,CONST,16.31,7803719.763,6,6,7803700.911,0.0,7.0,11.0,0.852,478462.278541
1742507,IT,US,BASIC,WHOLE,8.96,7784823.213,6,6,7784812.721,0.0,3.0,7.0,0.492,868841.876451
1667299,IT,ES,ALUM1,MOTO1,13.5,7771418.964,6,6,7771401.341,0.0,6.0,11.0,0.623,575660.664
1675777,IT,FR,FURNI,RETA1,24.81,7771207.705,6,6,7771165.037,0.0,22.0,20.0,0.668,313228.847441
1758123,IT,BR,CERAM,CONST,12.1,7770159.375,6,6,7770115.954,0.0,3.0,40.0,0.421,642161.931818
1675240,IT,FR,FABRI,NUCLE,31.61,7767688.608,7,7,7767665.051,1.0,7.0,15.0,0.557,245735.16634
1810379,IT,WM,WOODW,REALE,21.73,7766535.217,6,6,7766472.693,0.0,50.0,12.0,0.524,357410.73249
1665089,IT,ES,VEGE1,FOOD5,23.85,7755194.894,7,7,7755132.207,1.0,47.0,13.0,1.687,325165.404361
1676890,IT,FR,TRAN2,DIST1,11.97,7750305.555,6,6,7750297.342,0.0,3.0,5.0,0.213,647477.489975
1674054,IT,FR,GASDI,LANDT,11.53,7746683.404,6,6,7746671.773,0.0,4.0,7.0,0.631,671871.934432
1667704,IT,ES,MACHI,POSTT,43.2,7742496.059,7,7,7742471.423,1.0,10.0,13.0,0.636,179224.44581
1812353,IT,WM,BASIC,TRANS,8.9,7734755.059,6,6,7734744.57,0.0,3.0,7.0,0.489,869073.602135
1750553,IT,CN,MACHI,BUSIN,43.14,7733005.987,7,7,7732981.352,1.0,10.0,13.0,0.635,179253.731734
1788242,IT,WA,LEATH,MEAT4,55.37,7731152.774,7,7,7731083.436,1.0,55.0,12.0,1.338,139627.104461
1755180,IT,KR,LEATH,HEALT,55.37,7730891.965,7,7,7730822.627,1.0,55.0,12.0,1.338,139622.394167
1658170,IT,DE,ALUM1,CONST,13.42,7725034.258,6,6,7725016.639,0.0,6.0,11.0,0.619,575635.935768
1761583,IT,IN,NONF1,BASIC,1.69,7725014.193,6,6,7725011.15,0.0,1.0,2.0,0.043,4571014.315385
1778897,IT,TR,SEACO,WEARI,7.85,7723360.17,6,6,7723357.036,0.0,1.0,2.0,0.134,983867.53758
1665719,IT,ES,PAPER,PRINT,29.92,7720197.102,7,7,7720120.34,1.0,62.0,13.0,0.762,258027.978008
1658812,IT,DE,MOTO1,ELECT,41.09,7719634.082,7,7,7719610.58,1.0,9.0,13.0,0.502,187871.357557
1774367,IT,CH,HOTEL,SEACO,55.84,7704235.3,7,7,7704208.72,1.0,15.0,10.0,0.58,137969.829871
1761118,IT,IN,CHEM1,WOODW,16.1,7701819.584,6,6,7701800.743,0.0,7.0,11.0,0.841,478373.887205
1664261,IT,EE,BASIC,FABRI,8.86,7698478.715,6,6,7698468.228,0.0,3.0,7.0,0.487,868902.789503
1804164,IT,WF,PAPER,WHOLE,29.83,7698231.419,7,7,7698154.66,1.0,62.0,13.0,0.759,258070.111264
1658041,IT,DE,PREC1,MACHI,13.06,7684996.817,6,6,7684966.463,0.0,14.0,16.0,0.354,588437.734839
1811921,IT,WM,RUBBE,LANDT,25.45,7682069.271,6,6,7682045.574,0.0,12.0,11.0,0.697,301849.480196
1773734,IT,CH,ELEC1,MACHI,1.1,7680712.058,5,5,7680710.574,0.0,0.0,1.0,0.484,6982465.507273
1774381,IT,CH,HOTEL,EDUCA,55.66,7678905.185,7,7,7678879.606,1.0,15.0,9.0,0.579,137960.926788
1674694,IT,FR,GLASS,FURNI,21.07,7676443.447,6,6,7676408.008,0.0,5.0,30.0,0.439,364330.491077
1766254,IT,RU,CERAM,DAIRY,11.96,7675515.7,6,6,7675472.284,0.0,3.0,40.0,0.416,641765.526756
1742951,IT,US,MACHI,HOTEL,42.82,7675175.1,7,7,7675151.469,1.0,10.0,12.0,0.631,179242.762728
1742212,IT,US,GLASS,HEALT,21.06,7671828.519,6,6,7671793.08,0.0,5.0,30.0,0.439,364284.355128
1776498,IT,TR,MOTOR,LANDT,11.46,7671283.549,6,6,7671271.924,0.0,4.0,7.0,0.625,669396.470244
1777956,IT,TR,MACHI,MEDIC,42.8,7671000.885,7,7,7670977.255,1.0,10.0,12.0,0.63,179228.99264
1657811,IT,DE,NONME,MOTO1,15.49,7668788.907,6,6,7668769.065,0.0,4.0,15.0,0.842,495079.981085
1805327,IT,WF,RUBBE,CRUDE,25.4,7665788.358,6,6,7665764.663,0.0,12.0,11.0,0.695,301802.69126
1774371,IT,CH,HOTEL,POSTT,55.54,7663460.773,7,7,7663435.196,1.0,15.0,9.0,0.577,137980.928574
1775332,IT,CH,BUSIN,PUBLI,78.65,7658269.176,7,7,7658238.648,1.0,15.0,14.0,0.528,97371.508913
1789414,IT,WA,CHEM1,RETA1,16.0,7657159.81,6,6,7657140.974,0.0,7.0,11.0,0.836,478572.488125
1771537,IT,CH,TEXTI,TEXTI,45.23,7632737.962,7,7,7632721.949,1.0,7.0,7.0,1.013,168753.879328
1658815,IT,DE,MOTO1,TRANS,40.62,7632143.093,7,7,7632120.596,1.0,8.0,13.0,0.497,187891.262752
1777080,IT,TR,CHEM1,CONST,15.95,7630610.46,6,6,7630591.627,0.0,7.0,11.0,0.833,478408.17931
1744046,IT,US,AIRTR,COMPU,8.31,7629479.551,6,6,7629473.311,0.0,2.0,4.0,0.24,918108.249218
1667221,IT,ES,PREC1,PREC1,12.95,7625088.935,6,6,7625058.584,0.0,14.0,16.0,0.351,588809.956371
1754131,IT,CA,AIRTR,POSTT,8.3,7620756.796,6,6,7620750.556,0.0,2.0,4.0,0.24,918163.469398
1798893,IT,WE,BEVER,HOTEL,32.33,7603375.871,7,7,7603344.382,1.0,21.0,9.0,0.489,235180.200155
1811918,IT,WM,RUBBE,RETA1,25.14,7586547.74,6,6,7586525.052,0.0,11.0,11.0,0.688,301771.986476
1804089,IT,WF,PAPER,VEGET,29.39,7585480.613,7,7,7585405.865,1.0,61.0,12.0,0.748,258097.332868
1667928,IT,ES,MOTO1,BUSIN,40.37,7585185.937,7,7,7585163.444,1.0,8.0,13.0,0.493,187891.650656
1667288,IT,ES,ALUM1,BASIC,13.17,7576665.018,6,6,7576647.411,0.0,6.0,11.0,0.607,575297.267882
1646488,IT,BE,MACHI,MOTO1,42.23,7568732.979,7,7,7568709.357,1.0,10.0,12.0,0.622,179226.449893
1789318,IT,WA,CHEM1,MEATA,15.8,7562416.462,6,6,7562397.636,0.0,7.0,11.0,0.826,478633.953291
1667696,IT,ES,MACHI,WHOLE,42.17,7559533.684,7,7,7559510.063,1.0,10.0,12.0,0.621,179263.307659
1743163,IT,US,MOTO1,RESEA,40.16,7545277.292,7,7,7545254.801,1.0,8.0,13.0,0.491,187880.410657
1738324,IT,GB,BASIC,OFFIC,8.68,7542040.045,6,6,7542029.568,0.0,3.0,7.0,0.477,868898.622696
1674675,IT,FR,GLASS,CHEM1,20.7,7540960.633,6,6,7540925.201,0.0,5.0,30.0,0.432,364297.615121
1742689,IT,US,NONF1,FURNI,1.65,7537202.181,6,6,7537199.139,0.0,1.0,2.0,0.042,4568001.321818
1805885,IT,WF,ALUM1,FABRI,13.09,7533976.46,6,6,7533958.856,0.0,6.0,11.0,0.604,575552.059587
1674366,IT,FR,CHEM1,ALUM1,15.72,7523638.695,6,6,7523619.874,0.0,7.0,11.0,0.821,478602.97042
1742950,IT,US,MACHI,RETA1,41.95,7520142.993,7,7,7520119.375,1.0,10.0,12.0,0.618,179264.433683
1773120,IT,CH,COPP1,MACHI,18.97,7510914.491,6,6,7510880.103,0.0,10.0,24.0,0.388,395936.451819
1686946,IT,HU,MACHI,OFFIC,41.87,7505811.305,7,7,7505787.688,1.0,10.0,12.0,0.617,179264.65978
1748746,IT,CN,BEVER,HOTEL,31.89,7499854.895,7,7,7499824.413,1.0,20.0,9.0,0.482,235178.892913
1641071,IT,AT,PAPER,WOODW,29.06,7498443.075,7,7,7498369.335,1.0,60.0,12.0,0.74,258033.140915
1742408,IT,US,NONME,POSTT,15.14,7491785.885,6,6,7491766.063,0.0,4.0,15.0,0.822,494833.942206
1771855,IT,CH,WOODW,CONST,20.96,7489777.681,6,6,7489718.175,0.0,48.0,11.0,0.506,357336.721422
1655492,IT,DE,CRUDE,MOTOR,14.74,7484772.187,6,6,7484757.543,0.0,5.0,9.0,0.644,507786.444166
1725292,IT,RO,BEVER,TEXTI,31.82,7481743.658,7,7,7481713.177,1.0,20.0,9.0,0.481,235127.079133
1686572,IT,HU,ALUM1,MOTO1,13.0,7481116.006,6,6,7481098.407,0.0,6.0,11.0,0.599,575470.462
1645591,IT,BE,CHEM1,MOTOR,15.63,7478592.767,6,6,7478573.951,0.0,7.0,11.0,0.816,478476.824504
1667391,IT,ES,COPP1,BASIC,18.89,7478290.986,6,6,7478256.599,0.0,10.0,24.0,0.387,395886.235363
1784424,IT,ID,NONME,CONST,15.11,7477039.669,6,6,7477019.849,0.0,4.0,15.0,0.82,494840.481072
1743292,IT,US,FURNI,CONST,23.83,7465135.664,6,6,7465094.022,0.0,22.0,19.0,0.642,313266.28888
1810989,IT,WM,GASDI,CONST,11.1,7455446.959,6,6,7455436.352,0.0,3.0,7.0,0.607,671661.888198
1805468,IT,WF,GLASS,CONST,20.46,7454627.144,6,6,7454592.717,0.0,5.0,29.0,0.427,364351.27781
1749170,IT,CN,PULP5,PLAST,22.73,7454019.8,6,6,7453970.101,0.0,36.0,13.0,0.699,327937.518698
1674714,IT,FR,GLASS,BUSIN,20.44,7447616.333,6,6,7447581.907,0.0,5.0,29.0,0.426,364364.791243
1674410,IT,FR,CHEM1,PUBLI,15.56,7447483.52,6,6,7447464.707,0.0,7.0,11.0,0.813,478630.046272
1771076,IT,CH,NATUR,OFFIC,10.42,7444615.422,6,6,7444602.935,0.0,6.0,6.0,0.487,714454.455086
1742367,IT,US,NONME,PFERT,15.02,7432074.67,6,6,7432054.854,0.0,4.0,15.0,0.816,494811.895473
1806268,IT,WF,MACHI,MOTO1,41.46,7431114.238,7,7,7431090.627,1.0,10.0,12.0,0.611,179235.751037
1794890,IT,WL,CHEM1,CATTL,15.51,7422293.566,6,6,7422274.756,0.0,7.0,11.0,0.81,478548.908188
1799982,IT,WE,HEAVY,CHEM1,11.98,7415816.059,6,6,7415803.464,0.0,4.0,8.0,0.595,619016.365526
1773119,IT,CH,COPP1,FABRI,18.73,7414391.324,6,6,7414356.941,0.0,10.0,24.0,0.383,395856.450828
1718789,IT,PL,PAPER,WOODW,28.69,7402911.436,7,7,7402837.706,1.0,60.0,12.0,0.73,258031.071314
1715832,IT,NL,RUBBE,RUBBE,24.5,7394436.183,6,6,7394413.513,0.0,11.0,11.0,0.67,301813.721755
1711425,IT,LU,HOTEL,AUXIL,53.58,7392362.79,7,7,7392337.233,1.0,15.0,9.0,0.557,137968.697088
1745412,IT,JP,DAIRY,DAIRY,30.02,7388897.839,7,7,7388837.339,1.0,52.0,7.0,0.5,246132.506296
1814145,IT,WM,AIRTR,AIRTR,8.03,7376539.419,6,6,7376534.187,0.0,2.0,3.0,0.232,918622.592653
1665947,IT,ES,MOTOR,KERO1,11.02,7375584.384,6,6,7375573.783,0.0,3.0,7.0,0.601,669290.778947
1674380,IT,FR,CHEM1,ELEC4,15.4,7370848.211,6,6,7370830.406,0.0,6.0,11.0,0.805,478626.507208
1776294,IT,TR,PAPER,PAPER,28.54,7364881.03,6,6,7364809.304,0.0,59.0,12.0,0.726,258054.696216
1795824,IT,WL,MACHI,SALEM,41.09,7364508.274,7,7,7364484.669,1.0,10.0,12.0,0.605,179228.724118
1761440,IT,IN,BASIC,TRANS,8.47,7361390.889,6,6,7361381.424,0.0,3.0,6.0,0.465,869113.446163
1642716,IT,AT,MACHI,TEXTI,41.06,7360023.562,7,7,7359999.957,1.0,10.0,12.0,0.605,179250.45207
1657230,IT,DE,CHEM1,ADDIT,15.38,7357225.593,6,6,7357207.79,0.0,6.0,11.0,0.803,478363.172497
1658019,IT,DE,PREC1,PLAST,12.5,7357084.355,6,6,7357056.016,0.0,13.0,15.0,0.339,588566.7484
1755882,IT,KR,NONME,CONST,14.86,7355662.265,6,6,7355642.458,0.0,4.0,15.0,0.807,494997.460633
1653255,IT,CZ,RUBBE,MACHI,24.3,7335018.048,6,6,7334995.383,0.0,11.0,11.0,0.665,301852.594568
1649773,IT,BG,BASIC,CONST,8.44,7333644.228,6,6,7333634.764,0.0,3.0,6.0,0.464,868915.192891
1745625,IT,JP,TEXTI,WEARI,43.42,7328076.572,7,7,7328060.599,1.0,7.0,7.0,0.973,168771.915523
1674117,IT,FR,HEAVY,KEROS,11.83,7325316.889,6,6,7325304.301,0.0,4.0,8.0,0.588,619215.290702
1814146,IT,WM,AIRTR,SUPPO,7.97,7319785.594,6,6,7319780.363,0.0,2.0,3.0,0.231,918417.26399
1811691,IT,WM,CHEM1,BUSIN,15.29,7317964.198,6,6,7317946.399,0.0,6.0,11.0,0.799,478611.131328
1748326,IT,JP,PRIVA,BUSIN,1632.12,7314086.131,7,7,7313997.975,71.0,5.0,11.0,1.156,4481.340913
1758268,IT,BR,ALUM1,MEATC,12.68,7297490.563,6,6,7297472.978,0.0,6.0,11.0,0.585,575511.874054
1679834,IT,GR,ALUM1,ALUM1,12.68,7295915.231,6,6,7295897.646,0.0,6.0,11.0,0.585,575387.636514
1686405,IT,HU,BASIC,RUBBE,8.39,7284449.771,6,6,7284440.31,0.0,3.0,6.0,0.461,868230.008462
1804350,IT,WF,MOTOR,POSTT,10.88,7283926.281,6,6,7283915.688,0.0,3.0,7.0,0.593,669478.518474
1789415,IT,WA,CHEM1,HOTEL,15.21,7277420.717,6,6,7277402.923,0.0,6.0,11.0,0.794,478462.900526
1755147,IT,KR,LEATH,FURNI,52.11,7274972.081,7,7,7274907.822,1.0,51.0,11.0,1.259,139607.984667
1799174,IT,WE,WEARI,RETA1,54.76,7266033.467,7,7,7266007.086,1.0,13.0,11.0,1.381,132688.704657
1745556,IT,JP,BEVER,HOTEL,30.89,7263997.172,7,7,7263967.705,1.0,20.0,8.0,0.467,235156.91719
1750843,IT,CN,FURNI,ELECT,23.18,7262585.47,6,6,7262544.846,0.0,21.0,19.0,0.624,313312.574202
1804126,IT,WF,PAPER,PRINT,28.12,7256291.796,6,6,7256220.08,0.0,59.0,12.0,0.716,258047.361166
1812105,IT,WM,CERAM,EDUCA,11.28,7243276.821,6,6,7243235.428,0.0,3.0,38.0,0.393,642134.469947
1674682,IT,FR,GLASS,GLASS,19.88,7242239.036,6,6,7242204.621,0.0,5.0,29.0,0.415,364297.738229
1737146,IT,GB,VEGE1,BEVER,22.26,7239527.171,7,7,7239468.596,1.0,44.0,12.0,1.575,325225.838769
1743620,IT,US,HOTEL,ELECT,52.38,7226388.862,7,7,7226364.318,1.0,14.0,9.0,0.544,137960.841199
1666210,IT,ES,HEAVY,KEROS,11.66,7219595.547,6,6,7219582.967,0.0,4.0,8.0,0.58,619176.29048
1656533,IT,DE,PAPER,CONST,27.93,7208911.375,6,6,7208840.664,0.0,58.0,12.0,0.711,258106.386502
1795007,IT,WL,CHEM1,93197,15.06,7207830.239,6,6,7207813.452,0.0,6.0,10.0,0.787,478607.585591
1742390,IT,US,NONME,MOTO1,14.56,7207371.099,6,6,7207351.308,0.0,4.0,15.0,0.791,495011.751305
1665299,IT,ES,BEVER,HOTEL,30.65,7206867.642,7,7,7206839.179,1.0,19.0,8.0,0.463,235134.343948
1654011,IT,CZ,MACHI,OFFIC,40.17,7200662.652,7,7,7200640.06,1.0,9.0,12.0,0.592,179254.733682
1657198,IT,DE,CHEM1,DAIRY,15.05,7200192.335,6,6,7200175.549,0.0,6.0,10.0,0.786,478418.095349
1750088,IT,CN,BASIC,TRANS,8.29,7200000.776,6,6,7199991.321,0.0,3.0,6.0,0.455,868516.378287
1742854,IT,US,MACHI,BITUM,40.15,7197500.54,7,7,7197477.949,1.0,9.0,12.0,0.591,179265.268742
1777615,IT,TR,ALUM1,FABRI,12.51,7197242.858,6,6,7197227.281,0.0,5.0,10.0,0.577,575319.173301
1719419,IT,PL,RUBBE,OFFIC,23.84,7196162.353,6,6,7196140.701,0.0,11.0,10.0,0.652,301852.447693
1775792,IT,TR,CHEMI,VEGE1,17.15,7194039.189,6,6,7193661.513,0.0,24.0,353.0,0.676,419477.503732
1772953,IT,CH,PREC1,OFFIC,12.22,7193257.624,6,6,7193229.293,0.0,13.0,15.0,0.331,588646.286743
1790250,IT,WA,PREC1,CONST,12.22,7191618.37,6,6,7191590.039,0.0,13.0,15.0,0.331,588512.141571
1690143,IT,IE,COMPU,COMPU,82.1,7189458.733,7,7,7189434.281,1.0,10.0,13.0,0.452,87569.533898
1748994,IT,CN,LEATH,WOODW,51.47,7185728.628,7,7,7185664.384,1.0,51.0,11.0,1.244,139610.037459
1688539,IT,IE,PAPER,AIRTR,27.84,7185660.268,6,6,7185589.559,0.0,58.0,12.0,0.709,258105.613075
1789328,IT,WA,CHEM1,CRUDE,15.02,7185210.996,6,6,7185194.212,0.0,6.0,10.0,0.784,478376.231425
1656483,IT,DE,PAPER,FOOD5,27.83,7183012.98,6,6,7182942.271,0.0,58.0,12.0,0.709,258103.233202
1789765,IT,WA,GLASS,GLASS,19.69,7174862.9,6,6,7174829.489,0.0,5.0,28.0,0.411,364391.208735
1674335,IT,FR,CHEM1,DAIRY,14.99,7174834.96,6,6,7174818.177,0.0,6.0,10.0,0.783,478641.42495
1738389,IT,GB,PREC1,FURNI,12.19,7173879.503,6,6,7173851.173,0.0,13.0,15.0,0.33,588505.291468
1750705,IT,CN,MOTO1,SALEM,38.17,7171818.142,7,7,7171796.675,1.0,8.0,12.0,0.467,187891.48918
1811264,IT,WM,BITU1,MEAT4,11.3,7166920.232,6,6,7166908.661,0.0,3.0,8.0,0.571,634240.728496
1812356,IT,WM,BASIC,ELEC2,8.25,7162721.254,6,6,7162711.801,0.0,3.0,6.0,0.453,868208.636848
1751474,IT,CN,AIRTR,WHOLE,7.79,7160106.772,6,6,7160101.546,0.0,2.0,3.0,0.226,919140.792298
1675391,IT,FR,MACHI,BASIC,39.92,7155043.098,7,7,7155020.51,1.0,9.0,12.0,0.588,179234.546543
1670871,IT,FI,PLAST,RUBBE,15.01,7151819.692,6,6,7151805.965,0.0,6.0,7.0,0.727,476470.332578
1642906,IT,AT,TRANS,TRANS,42.67,7150076.178,7,7,7150054.79,1.0,8.0,12.0,0.388,167566.819264
1715487,IT,NL,KEROS,BUSIN,10.62,7144918.079,6,6,7144907.498,0.0,3.0,7.0,0.581,672779.480132
1766799,IT,RU,MACHI,FABRI,39.83,7140125.761,7,7,7140103.174,1.0,9.0,12.0,0.587,179265.020362
1753113,IT,CA,RUBBE,RUBBE,23.65,7138436.09,6,6,7138414.443,0.0,11.0,10.0,0.647,301836.621142
1812769,IT,WM,NONF1,EDUCA,1.56,7124483.961,6,6,7124480.921,0.0,1.0,2.0,0.04,4566976.898077
1685889,IT,HU,CHEM1,OFFIC,14.88,7122590.556,6,6,7122573.778,0.0,6.0,10.0,0.778,478668.720161
1785540,IT,ZA,KEROS,FISH5,10.59,7120617.473,6,6,7120606.893,0.0,3.0,7.0,0.58,672390.696223
1795365,IT,WL,BASIC,CRUDE,8.2,7119308.104,6,6,7119298.654,0.0,3.0,6.0,0.45,868208.305366
1667703,IT,ES,MACHI,SUPPO,39.66,7109197.658,7,7,7109175.074,1.0,9.0,12.0,0.584,179253.597025
1782219,IT,NO,BASIC,SALEM,8.18,7103230.006,6,6,7103220.557,0.0,3.0,6.0,0.449,868365.526406
1734637,IT,SK,TEXTI,OFFIC,42.08,7102389.156,7,7,7102374.213,1.0,7.0,6.0,0.943,168783.012262
1805160,IT,WF,CHEM1,CATTL,14.78,7073850.733,6,6,7073833.961,0.0,6.0,10.0,0.772,478609.657172
1811621,IT,WM,CHEM1,HEAVY,14.77,7067690.605,6,6,7067673.833,0.0,6.0,10.0,0.772,478516.628639
1688999,IT,IE,MACHI,TRANS,39.43,7067667.209,7,7,7067645.628,1.0,9.0,11.0,0.581,179245.934796
1787448,IT,WA,STONE,CHEM1,22.83,7058247.879,6,6,7057847.557,0.0,5.0,395.0,0.322,309165.478712
1795840,IT,WL,MACHI,REALE,39.32,7047934.165,7,7,7047912.586,1.0,9.0,11.0,0.579,179245.528103
1782308,IT,NO,NONF1,FISHF,1.54,7046613.423,6,6,7046610.383,0.0,1.0,2.0,0.04,4575723.001948
1657956,IT,DE,BASIC,DIST1,8.11,7041982.995,6,6,7041973.55,0.0,3.0,6.0,0.445,868308.630703
1775330,IT,CH,BUSIN,COMPU,72.3,7039131.082,7,7,7039102.596,1.0,14.0,13.0,0.486,97360.042628
1673721,IT,FR,PAPER,CHEM1,27.26,7033974.486,6,6,7033904.792,0.0,57.0,12.0,0.694,258032.813133
1685871,IT,HU,CHEM1,CHEM1,14.7,7033210.638,6,6,7033193.87,0.0,6.0,10.0,0.768,478449.703265
1750370,IT,CN,FABRI,BASIC,28.59,7026426.651,6,6,7026405.147,0.0,7.0,14.0,0.504,245765.185414
1789432,IT,WA,CHEM1,EDUCA,14.68,7025541.298,6,6,7025524.531,0.0,6.0,10.0,0.767,478579.107493
1729230,IT,SE,CERAM,CONST,10.94,7022200.269,6,6,7022160.888,0.0,3.0,36.0,0.381,641883.022761
1806158,IT,WF,FABRI,WHOLE,28.57,7020102.223,6,6,7020080.719,0.0,7.0,14.0,0.504,245715.863598
1667399,IT,ES,COPP1,MACHI,17.71,7011097.547,6,6,7011065.185,0.0,9.0,23.0,0.362,395883.543027
1791256,IT,WA,FURNI,HEALT,22.37,7007083.12,6,6,7007044.518,0.0,20.0,18.0,0.602,313235.722843
1812070,IT,WM,CERAM,CERAM,10.89,6993493.322,6,6,6993453.943,0.0,3.0,36.0,0.379,642194.06079
1735446,IT,SK,BASIC,FOUND,8.05,6992895.471,6,6,6992886.029,0.0,3.0,6.0,0.442,868682.667205
1753201,IT,CA,GLASS,CONST,19.19,6991209.69,6,6,6991177.29,0.0,4.0,28.0,0.4,364315.252215
1642866,IT,AT,MOTO1,MOTO1,37.19,6987316.368,7,7,6987294.913,1.0,8.0,12.0,0.455,187881.590965
1810984,IT,WM,GASDI,FURNI,10.4,6985967.546,6,6,6985956.977,0.0,3.0,7.0,0.569,671727.648654
1663194,IT,DK,LANDT,SEACO,45.05,6983004.544,7,7,6982990.214,1.0,4.0,9.0,0.33,155005.650255
1714683,IT,NL,VEGE1,FOOD5,21.47,6981836.221,6,6,6981779.702,0.0,43.0,12.0,1.519,325190.322357
1811136,IT,WM,NAPHT,TEXTI,11.85,6980700.162,6,6,6980682.663,0.0,4.0,13.0,0.499,589088.621266
1812851,IT,WM,FABRI,FABRI,28.39,6976708.224,6,6,6976686.724,0.0,7.0,14.0,0.5,245745.270306
1789371,IT,WA,CHEM1,PLAST,14.58,6976639.828,6,6,6976623.066,0.0,6.0,10.0,0.762,478507.532785
1775753,IT,TR,CRUDE,GASDI,13.74,6975864.563,6,6,6975850.963,0.0,5.0,8.0,0.6,507704.844469
1713360,IT,MT,GASDI,POSTT,10.38,6971919.614,6,6,6971909.046,0.0,3.0,7.0,0.568,671668.556262
1806294,IT,WF,MACHI,POSTT,38.89,6970719.948,7,7,6970698.375,1.0,9.0,11.0,0.573,179241.963178
1667256,IT,ES,PREC1,BUSIN,11.84,6970134.531,6,6,6970107.21,0.0,13.0,14.0,0.321,588693.794848
1812734,IT,WM,NONF1,PFERT,1.52,6956496.692,6,6,6956493.653,0.0,1.0,2.0,0.039,4576642.560526
1642129,IT,AT,CERAM,TOBAC,10.82,6946758.049,6,6,6946718.672,0.0,3.0,36.0,0.377,642029.394547
1720041,IT,PL,ALUM1,OFFIC,12.07,6946399.651,6,6,6946384.094,0.0,5.0,10.0,0.557,575509.49884
1686568,IT,HU,ALUM1,MACHI,12.06,6940645.848,6,6,6940630.292,0.0,5.0,10.0,0.556,575509.60597
1750465,IT,CN,MACHI,TEXTI,38.71,6939290.028,7,7,6939268.458,1.0,9.0,11.0,0.57,179263.498528
1800534,IT,WE,RUBBE,MOTO1,22.98,6936984.529,6,6,6936963.9,0.0,10.0,10.0,0.629,301870.519104
1799705,IT,WE,MOTOR,POSTT,10.35,6929479.144,6,6,6929469.58,0.0,3.0,6.0,0.564,669514.89314
1788449,IT,WA,PULP5,PAPER,21.12,6925440.259,6,6,6925394.609,0.0,33.0,12.0,0.65,327909.103172
1743598,IT,US,HOTEL,PFERT,50.19,6924527.437,7,7,6924502.915,1.0,14.0,9.0,0.522,137966.276888
1811283,IT,WM,BITU1,GASDI,10.92,6923657.047,6,6,6923645.496,0.0,3.0,8.0,0.551,634034.528114
1710945,IT,LU,RUBBE,RUBBE,22.89,6907570.21,6,6,6907549.584,0.0,10.0,10.0,0.626,301772.398864
1790576,IT,WA,NONF1,FURNI,1.51,6905436.614,6,6,6905433.575,0.0,1.0,2.0,0.039,4573136.830464
1657485,IT,DE,RUBBE,BUSIN,22.87,6903996.204,6,6,6903975.578,0.0,10.0,10.0,0.626,301880.02641
1667669,IT,ES,MACHI,FABRI,38.51,6901861.839,7,7,6901840.272,1.0,9.0,11.0,0.567,179222.587354
1788343,IT,WA,LEATH,HEALT,49.43,6901288.899,7,7,6901227.705,1.0,49.0,10.0,1.194,139617.416528
1673752,IT,FR,PAPER,CONST,26.73,6897473.841,6,6,6897406.161,0.0,56.0,11.0,0.68,258042.418294
1657556,IT,DE,GLASS,CHEM1,18.91,6887839.487,6,6,6887808.093,0.0,4.0,27.0,0.394,364243.230407
1801763,IT,WE,ELEC2,PUBLI,1.66,6887794.121,5,5,6887792.4,0.0,1.0,0.0,0.721,4149273.566867
1666787,IT,ES,RUBBE,WHOLE,22.82,6886970.734,6,6,6886950.11,0.0,10.0,10.0,0.624,301795.387117
1742901,IT,US,MACHI,PFERT,38.36,6876495.105,7,7,6876473.54,1.0,9.0,11.0,0.565,179262.124739
1649959,IT,BG,FABRI,CONST,27.97,6872830.897,6,6,6872809.404,0.0,7.0,14.0,0.493,245721.519378
1777436,IT,TR,NONME,COPP1,13.88,6868694.164,6,6,6868676.41,0.0,3.0,14.0,0.754,494862.691931
1656391,IT,DE,WOODW,FURNI,19.22,6868295.563,6,6,6868241.099,0.0,44.0,10.0,0.464,357351.486108
1797023,IT,WL,AIRTR,EDUCA,7.47,6865300.917,6,6,6865295.701,0.0,2.0,3.0,0.216,919049.654217
1750490,IT,CN,MACHI,CHEM1,38.3,6864341.186,7,7,6864319.622,1.0,9.0,11.0,0.564,179225.618433
1646090,IT,BE,BASIC,FURNI,7.9,6859062.987,6,6,6859053.553,0.0,3.0,6.0,0.434,868235.821139
1790729,IT,WA,MACHI,VEGET,38.22,6851212.243,7,7,6851190.68,1.0,9.0,11.0,0.563,179257.253872
1656189,IT,DE,TEXTI,RUBBE,40.57,6847482.433,7,7,6847467.524,1.0,7.0,6.0,0.909,168781.918487
1757868,IT,BR,CHEM1,MOTOR,14.29,6839885.635,6,6,6839868.888,0.0,6.0,10.0,0.747,478648.39993
1811674,IT,WM,CHEM1,RETA1,14.28,6835145.645,6,6,6835128.899,0.0,6.0,10.0,0.746,478651.655812
1717116,IT,NL,SEACO,WHOLE,6.95,6828987.203,6,6,6828984.085,0.0,1.0,2.0,0.118,982588.086763
1791236,IT,WA,FURNI,WHOLE,21.78,6824189.394,6,6,6824150.807,0.0,20.0,18.0,0.587,313323.663636
1657935,IT,DE,BASIC,ELECT,7.85,6823323.212,6,6,6823313.781,0.0,3.0,6.0,0.431,869213.148025
1752393,IT,CA,VEGE1,FOOD5,20.97,6818861.446,6,6,6818806.963,0.0,42.0,11.0,1.483,325172.219647
1804524,IT,WF,GASDI,WHOLE,10.15,6818321.54,6,6,6818311.985,0.0,3.0,6.0,0.555,671755.816749
1810636,IT,WM,COKEO,BASIC,0.86,6813429.244,5,5,6813428.209,0.0,0.0,1.0,0.035,7922592.144186
1747480,IT,JP,SEACO,BASIC,6.93,6810204.073,6,6,6810200.955,0.0,1.0,2.0,0.118,982713.430447
1726002,IT,RO,CHEM1,OFFIC,14.23,6809636.964,6,6,6809620.221,0.0,6.0,10.0,0.743,478540.896978
1790749,IT,WA,MACHI,NATUR,37.98,6807285.329,7,7,6807263.77,1.0,9.0,11.0,0.559,179233.420985
1641763,IT,AT,CHEM1,WOODW,14.17,6780947.165,6,6,6780930.425,0.0,6.0,10.0,0.74,478542.495766
1772858,IT,CH,BASIC,RUBBE,7.8,6776991.962,6,6,6776982.534,0.0,3.0,6.0,0.428,868845.123333
1671073,IT,FI,RUBBE,CONST,22.45,6776873.363,6,6,6776852.749,0.0,10.0,10.0,0.614,301865.183207
1756694,IT,KR,SEACO,BASIC,6.89,6772675.736,6,6,6772672.619,0.0,1.0,2.0,0.117,982971.804935
1810921,IT,WM,GASDI,CRUDE,10.08,6771217.096,6,6,6771207.545,0.0,3.0,6.0,0.551,671747.727778
1743661,IT,US,HOTEL,RENTI,49.06,6768443.756,7,7,6768420.246,1.0,14.0,8.0,0.51,137962.571464
1812099,IT,WM,CERAM,REALE,10.54,6765232.265,6,6,6765193.898,0.0,3.0,35.0,0.367,641862.643738
1799057,IT,WE,TEXTI,RETA1,40.08,6763977.73,7,7,6763963.832,1.0,6.0,6.0,0.898,168761.919411
1662344,IT,DK,BASIC,WOODW,7.79,6763674.304,6,6,6763664.876,0.0,3.0,6.0,0.428,868250.873427
1658638,IT,DE,MACHI,RENTI,37.73,6762874.781,7,7,6762853.225,1.0,9.0,11.0,0.556,179243.964511
1805740,IT,WF,BASIC,FURNI,7.78,6762561.29,6,6,6762551.862,0.0,3.0,6.0,0.428,869223.816195
1761116,IT,IN,CHEM1,WEARI,14.12,6758175.913,6,6,6758159.175,0.0,6.0,10.0,0.738,478624.356445
1675269,IT,FR,FABRI,FURNI,27.5,6756342.128,6,6,6756322.643,0.0,6.0,13.0,0.485,245685.168291
1657964,IT,DE,BASIC,HOTEL,7.77,6750625.176,6,6,6750615.749,0.0,3.0,6.0,0.427,868806.328958
1803759,IT,WF,TEXTI,VEGET,39.98,6747700.882,7,7,6747686.986,1.0,6.0,6.0,0.896,168776.910505
1648849,IT,BG,TEXTI,WEARI,39.96,6744622.542,7,7,6744608.647,1.0,6.0,6.0,0.895,168784.347898
1654014,IT,CZ,MACHI,MOTO1,37.6,6740345.982,7,7,6740324.428,1.0,9.0,11.0,0.554,179264.520798
1647544,IT,BE,SUPPO,SUPPO,48.45,6739404.362,7,7,6739386.031,1.0,6.0,11.0,0.331,139100.19323
1671439,IT,FI,FABRI,CONST,27.34,6719062.004,6,6,6719042.522,0.0,6.0,13.0,0.482,245759.400293
1812019,IT,WM,GLASS,REALE,18.44,6717331.089,6,6,6717299.704,0.0,4.0,27.0,0.385,364280.42782
1732852,IT,SI,BASIC,CONST,7.73,6716247.942,6,6,6716238.517,0.0,3.0,6.0,0.425,868854.843726
1722680,IT,PT,LEATH,LEATH,48.1,6716094.339,7,7,6716035.177,1.0,47.0,10.0,1.162,139627.740936
1673343,IT,FR,TEXTI,RETA1,39.79,6714810.885,7,7,6714796.994,1.0,6.0,6.0,0.891,168756.242398
1668053,IT,ES,FURNI,CONST,21.4,6703788.011,6,6,6703751.435,0.0,19.0,17.0,0.576,313261.122009
1789413,IT,WA,CHEM1,WHOLE,14.01,6703041.316,6,6,6703024.584,0.0,6.0,10.0,0.732,478446.91763
1675356,IT,FR,MACHI,BEVER,37.39,6701795.774,7,7,6701774.223,1.0,9.0,11.0,0.551,179240.325595
1789411,IT,WA,CHEM1,SALEM,13.99,6693433.219,6,6,6693416.488,0.0,6.0,10.0,0.731,478444.118585
1686439,IT,HU,BASIC,WHOLE,7.7,6688647.66,6,6,6688638.237,0.0,3.0,6.0,0.423,868655.54026
1776795,IT,TR,NAPHT,PLAST,11.35,6687574.308,6,6,6687557.83,0.0,4.0,12.0,0.478,589213.595419
1720457,IT,PL,MACHI,TRANS,37.28,6683115.866,7,7,6683094.317,1.0,9.0,11.0,0.549,179268.129453
1740268,IT,GB,BUSIN,INSUR,68.62,6681700.926,7,7,6681673.465,1.0,13.0,13.0,0.461,97372.49965
1797013,IT,WL,AIRTR,POSTT,7.27,6677686.473,6,6,6677681.263,0.0,2.0,3.0,0.21,918526.337414
1800911,IT,WE,PREC1,PREC1,11.34,6673456.147,6,6,6673429.84,0.0,12.0,14.0,0.307,588488.196384
1741486,IT,US,MOTOR,HEALT,9.97,6673225.394,6,6,6673215.85,0.0,3.0,6.0,0.544,669330.530993
1741206,IT,US,WOODW,PAPER,18.67,6672853.82,6,6,6672800.369,0.0,43.0,10.0,0.451,357410.488484
1741485,IT,US,MOTOR,EDUCA,9.97,6672087.713,6,6,6672078.169,0.0,3.0,6.0,0.544,669216.420562
1657200,IT,DE,CHEM1,FOOD5,13.94,6669813.132,6,6,6669796.404,0.0,6.0,10.0,0.728,478465.791392
1811263,IT,WM,BITU1,MEAT1,10.5,6659109.586,6,6,6659098.056,0.0,3.0,8.0,0.53,634200.912952
1809917,IT,WM,BEVER,HOTEL,28.32,6658732.792,7,7,6658705.364,1.0,18.0,8.0,0.428,235124.74548
1781028,IT,TW,BUSIN,REALE,68.39,6658705.674,7,7,6658678.215,1.0,13.0,13.0,0.459,97363.732622
1804257,IT,WF,MOTOR,FISHF,9.95,6657611.541,6,6,6657601.999,0.0,3.0,6.0,0.542,669106.687538
1642786,IT,AT,MACHI,BUSIN,37.14,6657149.692,7,7,6657128.145,1.0,9.0,11.0,0.547,179244.741303
1715967,IT,NL,CERAM,FOUND,10.35,6644643.614,6,6,6644606.254,0.0,3.0,34.0,0.36,641994.552077
1800785,IT,WE,BASIC,BITUM,7.65,6641821.075,6,6,6641811.655,0.0,3.0,6.0,0.42,868211.905229
1646122,IT,BE,PREC1,FISH5,11.28,6639915.264,6,6,6639888.958,0.0,12.0,14.0,0.306,588644.970213
1749682,IT,CN,CHEM1,ELECT,13.88,6639897.228,6,6,6639880.503,0.0,6.0,10.0,0.725,478378.762824
1742160,IT,US,GLASS,BEVER,18.22,6637497.937,6,6,6637467.557,0.0,4.0,26.0,0.38,364297.362075
1674938,IT,FR,BASIC,FURNI,7.64,6635763.188,6,6,6635753.768,0.0,3.0,6.0,0.42,868555.391099
1742416,IT,US,NONME,PUBLI,13.41,6635000.409,6,6,6634983.681,0.0,3.0,13.0,0.728,494780.045414
1646188,IT,BE,ALUM1,ALUM1,11.52,6632121.331,6,6,6632105.8,0.0,5.0,10.0,0.531,575704.976649
1799695,IT,WE,MOTOR,WHOLE,9.9,6625743.476,6,6,6625733.936,0.0,3.0,6.0,0.54,669267.017778
1666747,IT,ES,RUBBE,CHEM1,21.95,6624818.821,6,6,6624798.22,0.0,10.0,10.0,0.601,301814.069294
1758149,IT,BR,NONME,SUGA1,13.38,6622398.268,6,6,6622381.541,0.0,3.0,13.0,0.727,494947.553662
1649771,IT,BG,BASIC,STEAM,7.62,6620260.869,6,6,6620251.45,0.0,3.0,6.0,0.419,868800.638976
1645047,IT,BE,PAPER,WOODW,25.62,6611641.972,6,6,6611577.32,0.0,53.0,11.0,0.652,258065.650742
1742142,IT,US,RUBBE,HEALT,21.87,6600866.026,6,6,6600845.427,0.0,10.0,10.0,0.599,301822.863557
1657311,IT,DE,CHEM1,93197,13.79,6598073.528,6,6,6598056.808,0.0,6.0,10.0,0.72,478467.986077
1811938,IT,WM,RUBBE,HEALT,21.85,6594916.779,6,6,6594896.181,0.0,10.0,10.0,0.598,301826.854874
1720043,IT,PL,ALUM1,MOTO1,11.45,6591178.327,6,6,6591163.799,0.0,5.0,9.0,0.528,575648.762183
1750349,IT,CN,FABRI,WOODW,26.82,6589650.501,6,6,6589631.028,0.0,6.0,13.0,0.473,245699.123826
1776295,IT,TR,PAPER,PRINT,25.51,6584611.416,6,6,6584546.767,0.0,53.0,11.0,0.649,258118.832458
1747591,IT,JP,AIRTR,ELEC2,7.17,6583217.304,6,6,6583212.097,0.0,2.0,3.0,0.207,918161.409205
1810752,IT,WM,MOTOR,PUBLI,9.83,6577902.398,6,6,6577892.862,0.0,3.0,6.0,0.536,669166.062869
1685273,IT,HU,TEXTI,LANDT,38.98,6577667.308,7,7,6577653.435,1.0,6.0,6.0,0.873,168744.671832
1646084,IT,BE,BASIC,OFFIC,7.57,6577456.366,6,6,6577446.95,0.0,3.0,6.0,0.416,868884.592602
1777843,IT,TR,FABRI,CONST,26.77,6577009.717,6,6,6576990.245,0.0,6.0,13.0,0.472,245685.831789
1787736,IT,WA,VEGE1,HOTEL,20.19,6566016.645,6,6,6565964.217,0.0,40.0,11.0,1.428,325211.324666
1743149,IT,US,MOTO1,WHOLE,34.94,6564546.898,7,7,6564527.471,1.0,7.0,11.0,0.427,187880.563766
1719246,IT,PL,CHEM1,WOODW,13.7,6557237.605,6,6,6557220.889,0.0,6.0,10.0,0.716,478630.482117
1660979,IT,DE,BUSIN,MOTO1,67.31,6553501.711,7,7,6553475.259,1.0,13.0,12.0,0.452,97362.972976
1773040,IT,CH,ALUM1,FABRI,11.38,6552029.631,6,6,6552015.106,0.0,5.0,9.0,0.525,575749.528207
1786140,IT,ZA,BASIC,FABRI,7.54,6548167.947,6,6,6548158.533,0.0,3.0,6.0,0.414,868457.287401
1731062,IT,SI,VEGET,WOODW,23.18,6546454.451,7,7,6546423.194,1.0,27.0,3.0,0.257,282418.224806
1641602,IT,AT,NAPHT,PLAST,11.11,6545295.883,6,6,6545279.415,0.0,4.0,12.0,0.468,589135.543024
1806143,IT,WF,FABRI,FABRI,26.61,6539847.21,6,6,6539827.741,0.0,6.0,13.0,0.469,245766.524239
1741848,IT,US,CHEM1,CEREA,13.65,6533305.423,6,6,6533289.71,0.0,6.0,9.0,0.713,478630.433919
1812360,IT,WM,BASIC,DISTR,7.52,6530608.675,6,6,6530599.262,0.0,3.0,6.0,0.413,868432.004654
1674989,IT,FR,PREC1,PLAST,11.09,6528913.279,6,6,6528886.979,0.0,12.0,14.0,0.3,588720.764563
1740797,IT,US,VEGE1,DAIRY,20.07,6527786.178,6,6,6527733.758,0.0,40.0,11.0,1.42,325250.930643
1788061,IT,WA,TEXTI,RETA1,38.65,6522420.71,7,7,6522406.844,1.0,6.0,6.0,0.866,168756.033894
1755145,IT,KR,LEATH,MOTO1,46.68,6517788.524,7,7,6517730.396,1.0,46.0,10.0,1.128,139627.003513
1806184,IT,WF,MACHI,CEREA,36.35,6515776.884,7,7,6515755.349,1.0,9.0,11.0,0.535,179251.083466
1726115,IT,RO,RUBBE,CONST,21.57,6511562.655,6,6,6511543.065,0.0,10.0,9.0,0.59,301880.512517
1726426,IT,RO,FABRI,WOODW,26.48,6506679.432,6,6,6506659.965,0.0,6.0,13.0,0.467,245720.522356
1645050,IT,BE,PAPER,PRINT,25.2,6503233.311,6,6,6503169.67,0.0,52.0,11.0,0.641,258064.813929
1761838,IT,IN,MOTO1,MOTO1,34.59,6499625.227,7,7,6499605.804,1.0,7.0,11.0,0.423,187904.747817
1791106,IT,WA,TRANS,TRANS,38.77,6496202.071,7,7,6496182.718,1.0,7.0,11.0,0.353,167557.443152
1726242,IT,RO,NONME,CONST,13.11,6490747.908,6,6,6490731.196,0.0,3.0,13.0,0.712,495099.001373
1741707,IT,US,HEAVY,HEALT,10.48,6488804.493,6,6,6488793.972,0.0,3.0,7.0,0.521,619160.734065
1665618,IT,ES,WOODW,WOODW,18.14,6484678.523,6,6,6484627.085,0.0,41.0,10.0,0.438,357479.521665
1667844,IT,ES,OFFIC,HEALT,20.09,6483599.813,6,6,6483585.346,0.0,6.0,8.0,0.467,322727.715928
1772951,IT,CH,PREC1,FABRI,11.01,6483231.529,6,6,6483206.231,0.0,12.0,13.0,0.298,588849.366848
1804527,IT,WF,GASDI,RAILW,9.64,6475166.682,6,6,6475157.155,0.0,3.0,6.0,0.527,671697.788589
1720035,IT,PL,ALUM1,ALUM1,11.24,6470269.794,6,6,6470255.276,0.0,5.0,9.0,0.518,575646.778826
1811632,IT,WM,CHEM1,PLAST,13.52,6469835.543,6,6,6469819.837,0.0,6.0,9.0,0.706,478538.131879
1683623,IT,HR,FABRI,BEVER,26.33,6469719.485,6,6,6469700.021,0.0,6.0,13.0,0.464,245716.653437
1674523,IT,FR,RUBBE,BEVER,21.43,6467027.872,6,6,6467008.286,0.0,10.0,9.0,0.586,301774.515726
1761564,IT,IN,COPP1,COPP1,16.32,6460407.321,6,6,6460377.987,0.0,8.0,21.0,0.334,395858.291728
1759176,IT,BR,AIRTR,EDUCA,7.03,6457391.324,6,6,6457386.121,0.0,2.0,3.0,0.203,918547.841252
1715540,IT,NL,GASDI,SEACO,9.6,6452170.571,6,6,6452161.046,0.0,3.0,6.0,0.525,672101.101146
1640645,IT,AT,BEVER,HOTEL,27.41,6445995.966,7,7,6445970.552,1.0,17.0,7.0,0.414,235169.498942
1761164,IT,IN,CHEM1,FURNI,13.46,6443022.945,6,6,6443007.242,0.0,6.0,9.0,0.703,478679.267831
1672859,IT,FR,VEGE1,BEVER,19.77,6430268.142,6,6,6430216.743,0.0,39.0,11.0,1.399,325253.8261
1677921,IT,FR,BUSIN,WHOLE,66.03,6428915.139,7,7,6428888.695,1.0,13.0,12.0,0.444,97363.548978
1667328,IT,ES,ALUM1,BUSIN,11.17,6427744.347,6,6,6427729.832,0.0,5.0,9.0,0.515,575447.121486
1812349,IT,WM,BASIC,ELECT,7.4,6426988.817,6,6,6426979.411,0.0,3.0,6.0,0.406,868512.002297
1738692,IT,GB,MACHI,FABRI,35.85,6425333.457,7,7,6425313.929,1.0,8.0,10.0,0.528,179228.269372
1811398,IT,WM,PLAST,NATUR,13.48,6423383.231,6,6,6423370.578,0.0,5.0,7.0,0.653,476512.109125
1651654,IT,CY,BASIC,CONST,7.39,6421393.08,6,6,6421383.674,0.0,3.0,6.0,0.406,868930.051421
1799968,IT,WE,HEAVY,MOTOR,10.37,6416825.479,6,6,6416814.964,0.0,3.0,7.0,0.515,618787.413597
1793691,IT,WL,FOOD5,FOOD5,30.81,6413946.72,7,7,6413907.147,1.0,30.0,8.0,0.573,208177.433301
1795836,IT,WL,MACHI,POSTT,35.78,6412750.714,7,7,6412731.187,1.0,8.0,10.0,0.527,179227.241867
1744969,IT,US,BUSIN,PUBLI,65.85,6411832.289,7,7,6411805.847,1.0,13.0,12.0,0.442,97370.270144
1675611,IT,FR,MOTO1,RETA1,34.12,6410507.838,7,7,6410488.421,1.0,7.0,11.0,0.417,187881.237925
1723390,IT,PT,BASIC,FOUND,7.37,6400222.837,6,6,6400213.432,0.0,3.0,6.0,0.405,868415.581682
1804519,IT,WF,GASDI,ELEC6,9.52,6397996.927,6,6,6397987.406,0.0,3.0,6.0,0.521,672058.500735
1738340,IT,GB,BASIC,BUSIN,7.36,6394101.421,6,6,6394092.017,0.0,3.0,6.0,0.404,868763.780027
1652857,IT,CZ,COKEO,BASIC,0.8,6390984.848,5,5,6390983.815,0.0,0.0,1.0,0.033,7988731.06
1690368,IT,IE,WASTE,FOOD5,20.24,6387229.823,6,6,6387213.476,0.0,5.0,11.0,0.347,315574.595998
1805895,IT,WF,ALUM1,CONST,11.1,6387096.66,6,6,6387082.148,0.0,5.0,9.0,0.512,575414.113514
1674522,IT,FR,RUBBE,FOOD5,21.16,6386469.34,6,6,6386449.761,0.0,10.0,9.0,0.579,301818.021739
1811533,IT,WM,PFERT,WHEAT,2.81,6385731.808,6,6,6385724.786,0.0,3.0,3.0,1.022,2272502.422776
1715439,IT,NL,MOTOR,LANDT,9.54,6384801.434,6,6,6384791.914,0.0,3.0,6.0,0.52,669266.397694
1643472,IT,AT,LANDT,WHOLE,41.17,6382513.698,7,7,6382501.396,1.0,3.0,8.0,0.302,155028.265679
1812884,IT,WM,FABRI,POSTT,25.97,6381969.843,6,6,6381950.385,0.0,6.0,13.0,0.458,245743.929265
1675379,IT,FR,MACHI,CHEM1,35.58,6376684.114,7,7,6376664.59,1.0,8.0,10.0,0.524,179221.026251
1716192,IT,NL,ALUM1,MACHI,11.08,6375939.366,6,6,6375924.855,0.0,5.0,9.0,0.511,575445.791155
1666552,IT,ES,CHEM1,TEXTI,13.32,6374954.504,6,6,6374938.808,0.0,6.0,9.0,0.696,478600.187988
1722914,IT,PT,KEROS,AIRTR,9.47,6371386.766,6,6,6371377.247,0.0,3.0,6.0,0.519,672796.912988
1790237,IT,WA,PREC1,FOUND,10.82,6367250.818,6,6,6367225.525,0.0,12.0,13.0,0.293,588470.500739
1780397,IT,TW,AIRTR,HEALT,6.93,6365077.864,6,6,6365072.663,0.0,2.0,3.0,0.201,918481.654257
1720177,IT,PL,COPP1,FABRI,16.08,6364743.156,6,6,6364713.827,0.0,8.0,21.0,0.329,395817.360448
1656063,IT,DE,BEVER,CHEM1,27.05,6361416.848,7,7,6361391.439,1.0,17.0,7.0,0.409,235172.526728
1772873,IT,CH,BASIC,MOTO1,7.32,6359404.702,6,6,6359395.3,0.0,3.0,6.0,0.402,868771.134153
1726259,IT,RO,BASIC,WOODW,7.31,6348602.396,6,6,6348592.995,0.0,3.0,6.0,0.401,868481.859918
1718792,IT,PL,PAPER,PRINT,24.6,6348430.856,6,6,6348369.23,0.0,51.0,10.0,0.626,258066.294959
1730277,IT,SE,SEACO,WHOLE,6.45,6338602.096,6,6,6338598.986,0.0,1.0,2.0,0.11,982729.007132
1719813,IT,PL,BASIC,PREC1,7.29,6335731.029,6,6,6335721.628,0.0,3.0,6.0,0.401,869098.906584
1750138,IT,CN,PREC1,FOUND,10.76,6333160.753,6,6,6333135.462,0.0,12.0,13.0,0.291,588583.713104
1777986,IT,TR,MACHI,REALE,35.32,6330181.007,7,7,6330161.487,1.0,8.0,10.0,0.52,179223.69782
1749567,IT,CN,PLAST,OFFIC,13.28,6330023.606,6,6,6330010.962,0.0,5.0,7.0,0.644,476658.404066
1726324,IT,RO,ALUM1,MEATP,11.0,6329648.111,6,6,6329633.604,0.0,5.0,9.0,0.507,575422.555545
1716191,IT,NL,ALUM1,FABRI,11.0,6327731.166,6,6,6327716.659,0.0,5.0,9.0,0.507,575248.287818
1780315,IT,TW,SEACO,EDUCA,6.43,6318621.513,6,6,6318618.404,0.0,1.0,2.0,0.109,982678.306843
1751263,IT,CN,HOTEL,PUBLI,45.79,6317440.479,7,7,6317418.003,1.0,13.0,8.0,0.476,137965.50511
1789353,IT,WA,CHEM1,TEXTI,13.19,6313371.328,6,6,6313355.639,0.0,6.0,9.0,0.689,478648.31903
1676831,IT,FR,LANDT,CONST,40.71,6311154.305,7,7,6311142.007,1.0,3.0,8.0,0.298,155027.126136
1656103,IT,DE,BEVER,PUBLI,26.81,6305304.285,7,7,6305278.88,1.0,17.0,7.0,0.405,235184.792428
1738871,IT,GB,TRANS,AIRTR,37.61,6302004.548,7,7,6301985.206,1.0,7.0,11.0,0.342,167561.939591
1642330,IT,AT,BASIC,ALUM1,7.25,6297864.302,6,6,6297855.904,0.0,3.0,5.0,0.398,868670.938207
1679107,IT,GR,PAPER,PAPER,24.4,6297754.795,6,6,6297693.174,0.0,51.0,10.0,0.621,258104.704713
1786133,IT,ZA,BASIC,BASIC,7.24,6293584.143,6,6,6293575.745,0.0,3.0,5.0,0.398,869279.577762
1743686,IT,US,HOTEL,MEMBE,45.59,6290658.124,7,7,6290635.65,1.0,13.0,8.0,0.474,137983.288528
1674687,IT,FR,GLASS,FABRI,17.26,6288713.18,6,6,6288683.82,0.0,4.0,25.0,0.36,364351.864426
1810857,IT,WM,KEROS,CONST,9.35,6287851.036,6,6,6287841.524,0.0,3.0,6.0,0.512,672497.437005
1768089,IT,RU,BUSIN,CONST,64.58,6287444.992,7,7,6287418.558,1.0,13.0,12.0,0.434,97359.011954
1749547,IT,CN,PLAST,PLAST,13.18,6283694.344,6,6,6283681.705,0.0,5.0,7.0,0.639,476759.813657
1812347,IT,WM,BASIC,MACHI,7.22,6269795.609,6,6,6269787.213,0.0,3.0,5.0,0.396,868392.743629
1655810,IT,DE,VEGE1,TEXTI,19.28,6269415.983,6,6,6269365.619,0.0,38.0,11.0,1.364,325177.177541
1658477,IT,DE,FABRI,WHOLE,25.49,6263832.026,6,6,6263813.577,0.0,6.0,12.0,0.449,245736.838996
1804337,IT,WF,MOTOR,CONST,9.35,6261255.683,6,6,6261246.173,0.0,3.0,6.0,0.51,669653.014225
1668908,IT,ES,SEACO,SUPPO,6.37,6259711.286,6,6,6259708.178,0.0,1.0,2.0,0.108,982686.230141
1772271,IT,CH,NAPHT,CHEM1,10.62,6259435.781,6,6,6259420.333,0.0,4.0,11.0,0.448,589400.732674
1789392,IT,WA,CHEM1,OFFIC,13.08,6256808.528,6,6,6256792.845,0.0,6.0,9.0,0.683,478349.275841
1811588,IT,WM,CHEM1,NATUR,13.07,6253275.061,6,6,6253260.378,0.0,5.0,9.0,0.683,478444.916679
1719418,IT,PL,RUBBE,MACHI,20.71,6251983.706,6,6,6251965.139,0.0,9.0,9.0,0.567,301882.361468
1747615,IT,JP,AIRTR,SUPPO,6.81,6251648.032,6,6,6251642.835,0.0,2.0,3.0,0.197,918009.990015
1804182,IT,WF,PAPER,PUBLI,24.19,6241846.887,6,6,6241786.271,0.0,50.0,10.0,0.616,258034.18301
1645648,IT,BE,CHEM1,CONST,13.04,6240664.15,6,6,6240649.469,0.0,5.0,9.0,0.681,478578.53911
1659907,IT,DE,TRAN2,GASDI,9.63,6234166.731,6,6,6234160.56,0.0,2.0,4.0,0.171,647369.338629
1773220,IT,CH,FABRI,FABRI,25.36,6232771.167,6,6,6232752.72,0.0,6.0,12.0,0.447,245771.733715
1755551,IT,KR,CHEM1,BASIC,13.02,6231765.794,6,6,6231751.114,0.0,5.0,9.0,0.68,478630.245315
1657239,IT,DE,CHEM1,NONME,13.02,6229447.732,6,6,6229433.052,0.0,5.0,9.0,0.68,478452.206759
1662597,IT,DK,FABRI,SEACO,25.34,6227570.792,6,6,6227552.345,0.0,6.0,12.0,0.447,245760.489029
1750827,IT,CN,FURNI,RUBBE,19.86,6222043.023,6,6,6222008.488,0.0,18.0,16.0,0.535,313295.217674
1790996,IT,WA,MOTO1,MOTO1,33.09,6217190.058,7,7,6217171.654,1.0,7.0,10.0,0.404,187887.278876
1672634,IT,FR,CRUDE,KEROS,12.23,6208741.464,6,6,6208729.93,0.0,4.0,7.0,0.534,507664.878496
1674386,IT,FR,CHEM1,TRAN1,12.97,6207716.974,6,6,6207702.296,0.0,5.0,9.0,0.678,478621.200771
1813007,IT,WM,MACHI,SALEM,34.61,6204531.199,7,7,6204511.689,1.0,8.0,10.0,0.51,179269.898844
1751262,IT,CN,HOTEL,BUSIN,44.93,6198391.692,7,7,6198370.225,1.0,12.0,8.0,0.467,137956.636813
1744836,IT,US,RESEA,HEALT,33.59,6196831.387,7,7,6196813.953,1.0,7.0,9.0,0.434,184484.41164
1654010,IT,CZ,MACHI,MACHI,34.55,6192298.58,7,7,6192279.071,1.0,8.0,10.0,0.509,179227.165847
1795846,IT,WL,MACHI,EDUCA,34.54,6190789.682,7,7,6190770.173,1.0,8.0,10.0,0.509,179235.370064
1761593,IT,IN,NONF1,ELECT,1.35,6189534.662,6,6,6189531.627,0.0,1.0,2.0,0.035,4584840.49037
1761773,IT,IN,MACHI,MOTO1,34.49,6182816.131,7,7,6182796.623,1.0,8.0,10.0,0.508,179264.022354
1645595,IT,BE,CHEM1,HEAVY,12.92,6181796.881,6,6,6181782.206,0.0,5.0,9.0,0.675,478467.250851
1676596,IT,FR,HOTEL,OFFIC,44.8,6181565.808,7,7,6181544.342,1.0,12.0,8.0,0.466,137981.379643
1780990,IT,TW,BUSIN,BASIC,63.44,6177243.601,7,7,6177218.175,1.0,12.0,12.0,0.426,97371.431289
1667562,IT,ES,FABRI,BUSIN,25.14,6176859.902,6,6,6176841.459,0.0,6.0,12.0,0.443,245698.484566
1784558,IT,ID,MACHI,BITUM,34.43,6172076.408,7,7,6172056.901,1.0,8.0,10.0,0.507,179264.490502
1725389,IT,RO,TEXTI,RUBBE,36.55,6168136.06,7,7,6168122.241,1.0,6.0,6.0,0.819,168758.852531
1658439,IT,DE,FABRI,BASIC,25.1,6167834.792,6,6,6167816.35,0.0,6.0,12.0,0.442,245730.469801
1676913,IT,FR,SEACO,SUPPO,6.27,6166403.445,6,6,6166400.338,0.0,1.0,2.0,0.107,983477.423445
1761433,IT,IN,BASIC,FABRI,7.09,6161531.815,6,6,6161523.425,0.0,3.0,5.0,0.39,869045.389986
1742941,IT,US,MACHI,DISTR,34.37,6160453.718,7,7,6160434.212,1.0,8.0,10.0,0.506,179239.270236
1729423,IT,SE,BASIC,BUSIN,7.08,6146600.775,6,6,6146592.386,0.0,3.0,5.0,0.389,868163.951271
1676041,IT,FR,ELEC6,DISTR,0.9,6145459.257,4,4,6145458.273,0.0,0.0,0.0,0.984,6828288.063333
1810687,IT,WM,MOTOR,HEAVY,9.18,6143584.009,6,6,6143574.509,0.0,3.0,6.0,0.5,669235.730828
1678641,IT,GR,MEATC,SEACO,20.5,6141311.29,6,6,6141213.896,0.0,90.0,7.0,0.394,299576.160488
1640981,IT,AT,WOODW,CONST,17.18,6139463.985,6,6,6139415.57,0.0,39.0,9.0,0.415,357361.116705
1678836,IT,GR,BEVER,HOTEL,26.08,6134017.45,7,7,6133992.056,1.0,17.0,7.0,0.394,235200.055598
1769490,IT,AU,BASIC,FABRI,7.06,6131818.215,6,6,6131809.827,0.0,3.0,5.0,0.388,868529.49221
1790568,IT,WA,NONF1,FABRI,1.34,6131328.574,6,6,6131325.539,0.0,1.0,2.0,0.035,4575618.338806
1769717,IT,AU,MACHI,NATUR,34.2,6130370.22,7,7,6130350.716,1.0,8.0,10.0,0.504,179250.591228
1642445,IT,AT,ALUM1,MACHI,10.65,6128491.231,6,6,6128476.74,0.0,5.0,9.0,0.491,575445.186009
1642443,IT,AT,ALUM1,FOUND,10.64,6122139.132,6,6,6122124.642,0.0,5.0,9.0,0.49,575389.016165
1797020,IT,WL,AIRTR,RESEA,6.66,6120956.235,6,6,6120951.042,0.0,2.0,3.0,0.193,919062.497748
1653241,IT,CZ,RUBBE,RUBBE,20.27,6118175.111,6,6,6118156.556,0.0,9.0,9.0,0.555,301833.996596
1796214,IT,WL,FURNI,FURNI,19.52,6115218.364,6,6,6115183.838,0.0,18.0,16.0,0.526,313279.629303
1673888,IT,FR,COKEO,TOBAC,0.77,6108752.527,5,5,6108751.496,0.0,0.0,1.0,0.031,7933444.84026
1735466,IT,SK,BASIC,CONST,7.03,6106524.171,6,6,6106515.785,0.0,3.0,5.0,0.386,868637.862162
1794805,IT,WL,PLAST,RUBBE,12.8,6100666.634,6,6,6100655.013,0.0,5.0,6.0,0.621,476614.580781
1673312,IT,FR,TEXTI,PAPER,36.1,6091726.633,7,7,6091713.824,1.0,6.0,5.0,0.809,168745.890111
1743886,IT,US,SEACO,PLAST,6.19,6090036.108,6,6,6090033.003,0.0,1.0,2.0,0.105,983850.744426
1716152,IT,NL,PREC1,PUBLI,10.34,6086148.418,6,6,6086124.138,0.0,11.0,13.0,0.28,588602.361509
1743908,IT,US,SEACO,CONST,6.18,6073038.451,6,6,6073035.346,0.0,1.0,2.0,0.105,982692.305987
1658583,IT,DE,MACHI,RUBBE,33.86,6069527.747,7,7,6069508.248,1.0,8.0,10.0,0.499,179253.625133
1739314,IT,GB,HOTEL,SUPPO,43.98,6068541.956,7,7,6068520.499,1.0,12.0,8.0,0.457,137984.128149
1713907,IT,MT,ELEC6,DISTR,0.89,6057345.127,4,4,6057344.157,0.0,0.0,0.0,0.97,6806005.760674
1812226,IT,WM,NONME,ALUM1,12.23,6055566.292,6,6,6055550.628,0.0,3.0,12.0,0.664,495140.334587
1757769,IT,BR,PLAST,LEATH,12.7,6054404.374,6,6,6054392.758,0.0,5.0,6.0,0.616,476724.753858
1673484,IT,FR,WEARI,RECRE,45.61,6051924.668,7,7,6051902.518,1.0,11.0,9.0,1.15,132688.547862
1658173,IT,DE,ALUM1,WHOLE,10.51,6051167.576,6,6,6051153.091,0.0,5.0,9.0,0.485,575753.337393
1725057,IT,RO,OILSE,FOOD5,4.37,6050494.403,6,6,6050449.122,0.0,43.0,2.0,0.281,1384552.494966
1748992,IT,CN,LEATH,WEARI,43.32,6049033.64,7,7,6048979.593,1.0,43.0,9.0,1.047,139636.048938
1773357,IT,CH,MACHI,CONST,33.73,6046350.769,7,7,6046331.272,1.0,8.0,10.0,0.497,179257.36048
1742838,IT,US,MACHI,VEGET,33.72,6043855.977,7,7,6043836.48,1.0,8.0,10.0,0.497,179236.535498
1752383,IT,CA,VEGE1,RAWMI,18.56,6034959.636,6,6,6034911.323,0.0,37.0,10.0,1.313,325159.463147
1790608,IT,WA,FABRI,CRUDE,24.55,6033025.146,6,6,6033006.713,0.0,6.0,12.0,0.433,245744.405132
1658639,IT,DE,MACHI,COMPU,33.64,6030075.1,7,7,6030055.605,1.0,8.0,10.0,0.495,179253.124257
1794985,IT,WL,CHEM1,WHOLE,12.6,6030033.828,6,6,6030019.17,0.0,5.0,9.0,0.658,478574.113333
1666772,IT,ES,RUBBE,FURNI,19.96,6023671.493,6,6,6023652.947,0.0,9.0,9.0,0.546,301787.148948
1776682,IT,TR,HEAVY,CHEM1,9.72,6016799.14,6,6,6016789.657,0.0,3.0,6.0,0.483,619012.257202
1743872,IT,US,SEACO,KEROS,6.12,6016092.898,6,6,6016089.794,0.0,1.0,2.0,0.104,983021.715359
1666613,IT,ES,CHEM1,COLLE,12.57,6014380.212,6,6,6014365.555,0.0,5.0,9.0,0.657,478470.979475
1737254,IT,GB,FOOD5,BEVER,28.88,6011939.9,7,7,6011903.363,1.0,28.0,7.0,0.537,208169.664127
1657468,IT,DE,RUBBE,SALEM,19.92,6011802.03,6,6,6011783.485,0.0,9.0,9.0,0.545,301797.290663
1782871,IT,NO,SEACO,MEATC,6.11,6010182.092,6,6,6010178.988,0.0,1.0,2.0,0.104,983663.19018
1747020,IT,JP,TRANS,TRANS,35.86,6008246.957,7,7,6008228.631,1.0,7.0,10.0,0.326,167547.321723
1780365,IT,TW,AIRTR,OFFIC,6.54,6003863.098,6,6,6003857.909,0.0,2.0,3.0,0.189,918021.880428
1660083,IT,DE,AIRTR,MACHI,6.53,5998669.575,6,6,5998664.386,0.0,2.0,3.0,0.189,918632.400459
1750875,IT,CN,FURNI,POSTT,19.13,5992759.112,6,6,5992726.597,0.0,17.0,15.0,0.515,313264.982331
1726641,IT,RO,MOTO1,LANDT,31.88,5989704.789,7,7,5989686.399,1.0,7.0,10.0,0.39,187882.835289
1665466,IT,ES,WEARI,WEARI,45.11,5985740.025,7,7,5985717.888,1.0,11.0,9.0,1.137,132692.086566
1690417,IT,IE,FOOD4,MACHI,43.3,5984795.424,7,7,5984773.048,1.0,5.0,16.0,0.376,138216.984388
1801728,IT,WE,ELEC1,REALE,0.86,5977795.002,5,5,5977793.625,0.0,0.0,1.0,0.377,6950924.42093
1766014,IT,RU,CHEM1,FABRI,12.49,5976381.621,6,6,5976366.969,0.0,5.0,9.0,0.652,478493.324339
1675243,IT,FR,FABRI,CHEM1,24.31,5973622.389,6,6,5973603.961,0.0,6.0,12.0,0.428,245726.959646
1666503,IT,ES,PLAST,MOTO1,12.53,5973320.262,6,6,5973308.654,0.0,5.0,6.0,0.608,476721.489385
1800848,IT,WE,BASIC,WHOLE,6.87,5972134.934,6,6,5972127.556,0.0,2.0,5.0,0.378,869306.395051
1761122,IT,IN,CHEM1,COKEO,12.48,5971883.859,6,6,5971869.207,0.0,5.0,9.0,0.652,478516.334856
1812317,IT,WM,BASIC,GASDI,6.87,5969546.394,6,6,5969539.017,0.0,2.0,5.0,0.377,868929.606114
1765999,IT,RU,CHEM1,CHEM1,12.47,5969028.074,6,6,5969013.422,0.0,5.0,9.0,0.652,478671.056455
1811927,IT,WM,RUBBE,POSTT,19.74,5959175.22,6,6,5959156.68,0.0,9.0,9.0,0.54,301883.243161
1677918,IT,FR,BUSIN,CONST,61.13,5952227.844,7,7,5952203.433,1.0,12.0,11.0,0.411,97369.995812
1753595,IT,CA,MACHI,WHOLE,33.2,5951608.788,7,7,5951589.299,1.0,8.0,10.0,0.489,179265.32494
1741706,IT,US,HEAVY,EDUCA,9.61,5950248.103,6,6,5950238.625,0.0,3.0,6.0,0.478,619172.539334
1719167,IT,PL,PLAST,MOTO1,12.47,5945331.407,6,6,5945319.802,0.0,5.0,6.0,0.605,476770.76239
1772376,IT,CH,CHEM1,FOOD5,12.42,5944895.423,6,6,5944880.774,0.0,5.0,9.0,0.649,478655.026006
1789844,IT,WA,CERAM,PFERT,9.26,5943071.713,6,6,5943037.391,0.0,3.0,31.0,0.322,641800.400972
1812224,IT,WM,NONME,NONME,12.0,5941636.237,6,6,5941620.585,0.0,3.0,12.0,0.652,495136.353083
1673925,IT,FR,MOTOR,LANDT,8.88,5940987.789,6,6,5940978.305,0.0,3.0,6.0,0.484,669030.156419
1814137,IT,WM,AIRTR,WHOLE,6.47,5940705.245,6,6,5940701.058,0.0,1.0,3.0,0.187,918192.464451
1714513,IT,NL,CRUDE,MOTOR,11.69,5935549.881,6,6,5935538.371,0.0,4.0,7.0,0.51,507745.926518
1812952,IT,WM,MACHI,KEROS,33.1,5933496.526,7,7,5933477.039,1.0,8.0,10.0,0.487,179259.713776
1673689,IT,FR,PAPER,MEATC,22.98,5930002.585,6,6,5929944.0,0.0,48.0,10.0,0.585,258050.591166
1642773,IT,AT,MACHI,WHOLE,33.07,5927421.973,7,7,5927402.486,1.0,8.0,10.0,0.487,179238.644481
1735703,IT,SK,FABRI,MACHI,24.1,5922066.022,6,6,5922047.597,0.0,6.0,12.0,0.425,245728.880581
1743573,IT,US,HOTEL,FOOD5,42.91,5919916.44,7,7,5919895.994,1.0,12.0,7.0,0.446,137961.231415
1761179,IT,IN,CHEM1,HEALT,12.37,5917959.489,6,6,5917944.843,0.0,5.0,9.0,0.646,478412.246483
1788049,IT,WA,TEXTI,FURNI,35.04,5913999.161,7,7,5913986.376,1.0,6.0,5.0,0.785,168778.514869
1751437,IT,CN,AIRTR,FOOD5,6.44,5913686.871,6,6,5913682.685,0.0,1.0,3.0,0.186,918274.358851
1674713,IT,FR,GLASS,RESEA,16.21,5906468.501,6,6,5906441.163,0.0,4.0,23.0,0.338,364371.900123
1674654,IT,FR,GLASS,DAIRY,16.21,5904594.451,6,6,5904567.113,0.0,4.0,23.0,0.338,364256.289389
1666765,IT,ES,RUBBE,MACHI,19.56,5903222.198,6,6,5903203.663,0.0,9.0,9.0,0.535,301800.725869
1793753,IT,WL,BEVER,HOTEL,25.1,5902390.068,7,7,5902365.689,1.0,16.0,7.0,0.379,235154.982789
1801113,IT,WE,NONF1,ALUM1,1.29,5900334.718,6,6,5900331.685,0.0,1.0,2.0,0.033,4573902.882171
1719278,IT,PL,CHEM1,FABRI,12.33,5900157.49,6,6,5900142.846,0.0,5.0,9.0,0.644,478520.477697
1814067,IT,WM,AIRTR,CRUDE,6.42,5899524.159,6,6,5899519.973,0.0,1.0,3.0,0.186,918928.996729
1742947,IT,US,MACHI,SALEM,32.88,5893387.95,7,7,5893368.466,1.0,8.0,10.0,0.484,179239.292883
1757761,IT,BR,PLAST,CRUDE,12.36,5892382.775,6,6,5892371.176,0.0,5.0,6.0,0.599,476729.997977
1758427,IT,BR,FABRI,CONST,23.97,5889361.918,6,6,5889343.496,0.0,6.0,12.0,0.422,245697.201418
1743150,IT,US,MOTO1,RETA1,31.32,5884803.468,7,7,5884786.085,1.0,6.0,10.0,0.383,187892.831034
1749631,IT,CN,CHEM1,FOOD5,12.29,5883135.029,6,6,5883120.387,0.0,5.0,9.0,0.642,478692.842067
1666789,IT,ES,RUBBE,HOTEL,19.49,5881342.942,6,6,5881324.409,0.0,9.0,9.0,0.533,301762.080144
1745349,IT,JP,VEGE1,PLAST,18.07,5875146.939,6,6,5875099.661,0.0,36.0,10.0,1.278,325132.647427
1742516,IT,US,BASIC,REALE,6.76,5875046.256,6,6,5875038.885,0.0,2.0,5.0,0.371,869089.68284
1778933,IT,TR,SEACO,ELECT,5.97,5865948.069,6,6,5865944.967,0.0,1.0,2.0,0.102,982570.865829
1686822,IT,HU,FABRI,FABRI,23.87,5864782.927,6,6,5864764.506,0.0,6.0,12.0,0.421,245696.813029
1800916,IT,WE,PREC1,FURNI,9.96,5861191.877,6,6,5861168.607,0.0,11.0,12.0,0.27,588473.08002
1759153,IT,BR,AIRTR,CONST,6.38,5858431.975,6,6,5858427.79,0.0,1.0,3.0,0.185,918249.525862
1753012,IT,CA,CHEM1,RUBBE,12.24,5858100.287,6,6,5858085.647,0.0,5.0,9.0,0.64,478602.964624
1738516,IT,GB,NONF1,FABRI,1.28,5850797.611,6,6,5850794.578,0.0,1.0,2.0,0.033,4570935.633594
1774030,IT,CH,RETAI,MOTO1,45.91,5849445.304,7,7,5849426.925,1.0,8.0,9.0,0.379,127411.137094
1756208,IT,KR,MACHI,RADIO,32.62,5847825.064,7,7,5847806.584,1.0,8.0,9.0,0.48,179271.154629
1752381,IT,CA,VEGE1,PIGS9,17.98,5845242.164,6,6,5845194.892,0.0,36.0,10.0,1.272,325096.894549
1769920,IT,AU,MOTO1,MOTO1,31.11,5845126.206,7,7,5845108.826,1.0,6.0,10.0,0.38,187885.766827
1658122,IT,DE,ALUM1,PLAST,10.15,5843888.968,6,6,5843876.5,0.0,4.0,8.0,0.468,575752.607685
1674111,IT,FR,HEAVY,WOODW,9.44,5841873.796,6,6,5841864.327,0.0,3.0,6.0,0.469,618842.563136
1689571,IT,IE,AIRTR,NUCLE,6.36,5841778.829,6,6,5841774.645,0.0,1.0,3.0,0.184,918518.683805
1689597,IT,IE,AIRTR,AIRTR,6.35,5829735.69,6,6,5829731.506,0.0,1.0,3.0,0.184,918068.612598
1764280,IT,MX,MACHI,LANDT,32.52,5829565.531,7,7,5829547.052,1.0,8.0,9.0,0.479,179260.932688
1673755,IT,FR,PAPER,WHOLE,22.58,5826260.361,6,6,5826202.786,0.0,47.0,10.0,0.575,258027.473915
1748569,IT,CN,VEGE1,CHEM1,17.92,5826208.844,6,6,5826161.576,0.0,36.0,10.0,1.268,325123.261384
1811741,IT,WM,ADDIT,KEROS,13.48,5823461.489,6,6,5823405.035,0.0,44.0,12.0,0.454,432007.528858
1658589,IT,DE,MACHI,BASIC,32.48,5822346.384,7,7,5822327.906,1.0,8.0,9.0,0.478,179259.433005
1775278,IT,CH,BUSIN,CHEM1,59.79,5821330.366,7,7,5821305.964,1.0,12.0,11.0,0.402,97362.943067
1742472,IT,US,BASIC,CHEM1,6.68,5806935.664,6,6,5806928.297,0.0,2.0,5.0,0.367,869301.746108
1655904,IT,DE,DAIRY,HEALT,23.58,5804668.14,6,6,5804621.747,0.0,41.0,5.0,0.393,246169.132316
1718466,IT,PL,TEXTI,TEXTI,34.37,5800971.013,7,7,5800958.243,1.0,6.0,5.0,0.77,168780.070207
1741949,IT,US,CHEM1,WHOLE,12.11,5796818.807,6,6,5796805.174,0.0,5.0,8.0,0.633,478680.330884
1812386,IT,WM,BASIC,BUSIN,6.66,5785358.678,6,6,5785351.312,0.0,2.0,5.0,0.366,868672.474174
1671530,IT,FI,MACHI,BUSIN,32.27,5784445.374,7,7,5784426.899,1.0,8.0,9.0,0.475,179251.483545
1812106,IT,WM,CERAM,HEALT,9.01,5780830.839,6,6,5780797.526,0.0,3.0,30.0,0.313,641601.646948
1686426,IT,HU,BASIC,FURNI,6.65,5779547.906,6,6,5779540.541,0.0,2.0,5.0,0.365,869104.948271
1774378,IT,CH,HOTEL,RESEA,41.84,5772431.172,7,7,5772410.737,1.0,12.0,7.0,0.435,137964.416157
1800361,IT,WE,CHEM1,PLAST,12.04,5763024.796,6,6,5763011.167,0.0,5.0,8.0,0.629,478656.544518
1799971,IT,WE,HEAVY,HEAVY,9.3,5759378.329,6,6,5759368.867,0.0,3.0,6.0,0.462,619287.992366
1801767,IT,WE,ELEC2,93197,1.39,5759344.092,5,5,5759342.489,0.0,1.0,0.0,0.603,4143413.015827
1811634,IT,WM,CHEM1,PFERT,12.03,5757318.74,6,6,5757305.111,0.0,5.0,8.0,0.629,478580.111388
1739323,IT,GB,HOTEL,BUSIN,41.72,5756407.057,7,7,5756386.623,1.0,12.0,7.0,0.434,137977.158605
1673548,IT,FR,LEATH,BUSIN,41.22,5754698.477,7,7,5754646.481,1.0,41.0,9.0,0.996,139609.375958
1804745,IT,WF,NAPHT,CRUDE,9.77,5754647.854,6,6,5754633.442,0.0,4.0,10.0,0.412,589012.062845
1642209,IT,AT,CEMEN,CONST,9.21,5752765.472,6,6,5752728.212,0.0,2.0,35.0,0.26,624621.658198
1764118,IT,MX,FABRI,FABRI,23.41,5752238.27,6,6,5752221.857,0.0,5.0,11.0,0.413,245717.140965
1749704,IT,CN,CHEM1,DIST1,12.01,5748815.071,6,6,5748801.443,0.0,5.0,8.0,0.628,478669.031724
1755919,IT,KR,BASIC,TRANS,6.62,5747627.041,6,6,5747619.678,0.0,2.0,5.0,0.363,868221.607402
1674588,IT,FR,RUBBE,SALEM,19.04,5747358.216,6,6,5747340.695,0.0,9.0,8.0,0.521,301857.04916
1801264,IT,WE,MACHI,VEGET,32.06,5747115.658,7,7,5747097.186,1.0,8.0,9.0,0.472,179261.24947
1716248,IT,NL,COPP1,COPP1,14.51,5745564.996,6,6,5745537.699,0.0,8.0,19.0,0.297,395972.777119
1766135,IT,RU,RUBBE,MOTO1,19.03,5743882.21,6,6,5743864.689,0.0,9.0,8.0,0.521,301833.011561
1656552,IT,DE,PAPER,HEALT,22.25,5742030.161,6,6,5741974.595,0.0,46.0,9.0,0.566,258068.771281
1674594,IT,FR,RUBBE,LANDT,19.01,5737474.661,6,6,5737457.141,0.0,9.0,8.0,0.52,301813.501368
1726292,IT,RO,BASIC,DIST1,6.6,5736579.579,6,6,5736572.216,0.0,2.0,5.0,0.363,869178.724091
1723026,IT,PT,PLAST,MOTO1,12.03,5735007.717,6,6,5734996.134,0.0,5.0,6.0,0.583,476725.49601
1773339,IT,CH,MACHI,MACHI,31.98,5732689.097,7,7,5732671.626,1.0,7.0,9.0,0.471,179258.570888
1685800,IT,HU,PLAST,WHOLE,12.03,5732274.662,6,6,5732263.079,0.0,5.0,6.0,0.583,476498.309393
1671509,IT,FI,MACHI,MOTO1,31.96,5728560.743,7,7,5728543.272,1.0,7.0,9.0,0.471,179241.575188
1765328,IT,RU,FOOD5,FOOD5,27.51,5725968.839,7,7,5725933.327,1.0,27.0,7.0,0.512,208141.360923
1661590,IT,DK,BEVER,HOTEL,24.35,5725283.264,7,7,5725259.896,1.0,15.0,7.0,0.368,235124.569363
1689847,IT,IE,INSUR,COMPU,118.0,5724961.472,7,7,5724947.207,1.0,7.0,6.0,0.265,48516.622644
1806159,IT,WF,FABRI,RETA1,23.27,5718118.161,6,6,5718101.751,0.0,5.0,11.0,0.41,245729.186119
1789153,IT,WA,PLAST,CRUDE,12.0,5717243.225,6,6,5717231.643,0.0,5.0,6.0,0.582,476436.935417
1781217,IT,NO,VEGET,AUXIL,20.24,5716346.175,6,6,5716318.95,0.0,24.0,3.0,0.225,282428.170702
1657407,IT,DE,RUBBE,PAPER,18.93,5714205.236,6,6,5714187.718,0.0,9.0,8.0,0.518,301859.758901
1790824,IT,WA,MACHI,MOTO1,31.87,5712044.633,7,7,5712027.164,1.0,7.0,9.0,0.469,179229.514685
1657210,IT,DE,CHEM1,PRINT,11.94,5711657.672,6,6,5711644.048,0.0,5.0,8.0,0.624,478363.289112
1812875,IT,WM,FABRI,RETA1,23.22,5706260.78,6,6,5706244.371,0.0,5.0,11.0,0.409,245747.664944
1761504,IT,IN,ALUM1,BASIC,9.91,5701362.79,6,6,5701350.333,0.0,4.0,8.0,0.457,575314.105954
1665709,IT,ES,PAPER,FOOD5,22.09,5699506.517,6,6,5699450.955,0.0,46.0,9.0,0.562,258012.970439
1806176,IT,WF,FABRI,PUBLI,23.18,5695836.66,6,6,5695820.251,0.0,5.0,11.0,0.409,245722.030198
1719549,IT,PL,GLASS,CONST,15.63,5695715.228,6,6,5695688.902,0.0,4.0,22.0,0.326,364409.16366
1788352,IT,WA,LEATH,RECRE,40.78,5694103.617,7,7,5694052.632,1.0,40.0,9.0,0.985,139629.809147
1658408,IT,DE,FABRI,WOODW,23.17,5693552.456,6,6,5693536.048,0.0,5.0,11.0,0.408,245729.497454
1777831,IT,TR,FABRI,FURNI,23.16,5690099.307,6,6,5690082.899,0.0,5.0,11.0,0.408,245686.498575
1667060,IT,ES,NONME,CEMEN,11.49,5688033.988,6,6,5688019.364,0.0,3.0,11.0,0.624,495042.122541
1642326,IT,AT,BASIC,CEMEN,6.55,5686832.323,6,6,5686824.963,0.0,2.0,5.0,0.36,868218.675267
1750842,IT,CN,FURNI,OFFIC,18.14,5683170.637,6,6,5683139.148,0.0,16.0,15.0,0.489,313294.963451
1778109,IT,TR,MOTO1,SALEM,30.23,5679959.864,7,7,5679942.494,1.0,6.0,10.0,0.37,187891.494013
1811989,IT,WM,GLASS,GLASS,15.58,5677162.387,6,6,5677136.062,0.0,4.0,22.0,0.325,364387.829718
1788667,IT,WA,COKEO,CHEM1,0.71,5674673.87,5,5,5674672.841,0.0,0.0,1.0,0.029,7992498.408451
1765626,IT,RU,WOODW,CONST,15.86,5668655.429,6,6,5668610.046,0.0,36.0,9.0,0.383,357418.375095
1795000,IT,WL,CHEM1,RESEA,11.84,5667098.609,6,6,5667084.99,0.0,5.0,8.0,0.619,478640.08522
1788060,IT,WA,TEXTI,WHOLE,33.58,5666961.451,7,7,5666949.699,1.0,5.0,5.0,0.752,168760.019387
1782459,IT,NO,MACHI,MACHI,31.61,5665713.398,7,7,5665695.933,1.0,7.0,9.0,0.465,179238.006897
1811132,IT,WM,NAPHT,FOOD5,9.62,5664884.064,6,6,5664869.659,0.0,4.0,10.0,0.405,588865.287318
1800095,IT,WE,NAPHT,PAPER,9.61,5662673.972,6,6,5662659.567,0.0,4.0,10.0,0.405,589248.072008
1763947,IT,MX,BASIC,FURNI,6.51,5656253.633,6,6,5656246.275,0.0,2.0,5.0,0.358,868856.164823
1805611,IT,WF,NONME,CRUDE,11.42,5652834.751,6,6,5652820.131,0.0,3.0,11.0,0.62,494994.286427
1757111,IT,BR,VEGET,FOOD5,19.98,5642501.175,6,6,5642474.953,0.0,23.0,3.0,0.222,282407.466216
1644445,IT,BE,VEGE1,FOOD5,17.35,5640961.742,6,6,5640917.515,0.0,34.0,9.0,1.227,325127.477925
1778938,IT,TR,SEACO,FURNI,5.73,5635788.685,6,6,5635785.587,0.0,1.0,2.0,0.098,983558.234729
1738591,IT,GB,FABRI,FURNI,22.93,5633791.43,6,6,5633775.026,0.0,5.0,11.0,0.404,245695.221544
1780121,IT,TW,HOTEL,TEXTI,40.81,5630624.036,7,7,5630604.612,1.0,11.0,7.0,0.424,137971.674492
1748337,IT,CN,VEGET,FOOD5,19.92,5626301.478,6,6,5626275.257,0.0,23.0,3.0,0.221,282444.853313
1795718,IT,WL,MACHI,VEGET,31.37,5622033.809,7,7,5622016.347,1.0,7.0,9.0,0.462,179216.889034
1766654,IT,RU,FABRI,FABRI,22.87,5619590.301,6,6,5619573.898,0.0,5.0,11.0,0.403,245718.858811
1805244,IT,WF,CHEM1,CONST,11.73,5614671.884,6,6,5614658.271,0.0,5.0,8.0,0.613,478659.154646
1710933,IT,LU,PLAST,AUXIL,11.78,5613398.324,6,6,5613387.753,0.0,4.0,6.0,0.571,476519.382343
1658847,IT,DE,MOTO1,RENTI,29.85,5607739.501,7,7,5607723.136,1.0,6.0,9.0,0.365,187863.969883
1679343,IT,GR,PLAST,MEAT1,11.76,5604704.291,6,6,5604693.721,0.0,4.0,6.0,0.57,476590.500935
1661638,IT,DK,TEXTI,FOOD5,33.21,5604475.182,7,7,5604463.438,1.0,5.0,5.0,0.744,168758.662511
1723499,IT,PT,COPP1,SANDC,14.16,5603189.819,6,6,5603164.529,0.0,7.0,18.0,0.29,395705.495692
1748815,IT,CN,TEXTI,FURNI,33.19,5601752.283,7,7,5601740.539,1.0,5.0,5.0,0.744,168778.315246
1780314,IT,TW,SEACO,PUBLI,5.69,5599338.645,6,6,5599335.548,0.0,1.0,2.0,0.097,984066.545694
1674584,IT,FR,RUBBE,DIST1,18.55,5597800.518,6,6,5597784.01,0.0,8.0,8.0,0.508,301768.221995
1810700,IT,WM,MOTOR,CHEM1,8.36,5594531.581,6,6,5594523.125,0.0,3.0,5.0,0.456,669202.342225
1789219,IT,WA,PLAST,OFFIC,11.73,5591924.428,6,6,5591913.859,0.0,4.0,6.0,0.569,476719.900085
1657927,IT,DE,BASIC,ALUM1,6.43,5589216.975,6,6,5589209.622,0.0,2.0,5.0,0.353,869240.587092
1657143,IT,DE,PLAST,MOTO1,11.73,5588869.819,6,6,5588859.251,0.0,4.0,6.0,0.568,476459.490111
1800912,IT,WE,PREC1,FOUND,9.49,5588422.953,6,6,5588400.696,0.0,10.0,12.0,0.257,588874.916017
1805415,IT,WF,RUBBE,PUBLI,18.51,5585389.317,6,6,5585372.811,0.0,8.0,8.0,0.506,301749.828039
1718353,IT,PL,BEVER,FOOD5,23.75,5585378.655,7,7,5585356.296,1.0,15.0,6.0,0.359,235173.838105
1716321,IT,NL,FABRI,TRANS,22.7,5577646.31,6,6,5577629.91,0.0,5.0,11.0,0.4,245711.291189
1751488,IT,CN,AIRTR,COMPU,6.07,5577531.145,6,6,5577526.969,0.0,1.0,3.0,0.176,918868.392916
1800618,IT,WE,GLASS,CONST,15.3,5575840.083,6,6,5575813.764,0.0,4.0,22.0,0.319,364433.992353
1683426,IT,HR,BASIC,WHOLE,6.42,5575628.374,6,6,5575621.021,0.0,2.0,5.0,0.353,868477.939875
1657287,IT,DE,CHEM1,REALE,11.65,5574317.25,6,6,5574303.641,0.0,5.0,8.0,0.609,478482.167382
1673561,IT,FR,LEATH,RECRE,39.9,5570281.342,7,7,5570232.378,1.0,39.0,8.0,0.964,139606.048672
1682617,IT,HR,KEROS,PRINT,8.28,5569252.764,6,6,5569244.311,0.0,3.0,5.0,0.453,672615.068116
1649861,IT,BG,COPP1,COPP1,14.07,5568408.558,6,6,5568383.27,0.0,7.0,18.0,0.288,395764.645203
1666373,IT,ES,NAPHT,KERO1,9.45,5567104.189,6,6,5567090.791,0.0,3.0,10.0,0.398,589111.554392
1742811,IT,US,FABRI,PUBLI,22.65,5565524.389,6,6,5565507.99,0.0,5.0,11.0,0.399,245718.516071
1682770,IT,HR,HEAVY,POULT,8.99,5565141.701,6,6,5565132.254,0.0,3.0,6.0,0.447,619036.896663
1658637,IT,DE,MACHI,REALE,31.04,5564481.739,7,7,5564464.282,1.0,7.0,9.0,0.457,179268.097262
1673403,IT,FR,WEARI,WEARI,41.92,5561908.8,7,7,5561888.743,1.0,10.0,8.0,1.057,132679.122137
1641073,IT,AT,PAPER,PAPER,21.55,5561115.394,6,6,5561060.845,0.0,45.0,9.0,0.549,258056.398794
1667979,IT,ES,TRANS,FURNI,33.16,5556540.308,7,7,5556524.006,1.0,6.0,9.0,0.302,167567.560555
1659862,IT,DE,LANDT,WHOLE,35.81,5551801.0,6,6,5551790.738,0.0,3.0,7.0,0.262,155034.934376
1653559,IT,CZ,BASIC,WHOLE,6.39,5550148.552,6,6,5550141.201,0.0,2.0,5.0,0.351,868567.848513
1644718,IT,BE,BEVER,HOTEL,23.6,5549978.088,7,7,5549955.731,1.0,15.0,6.0,0.357,235168.563051
1790856,IT,WA,MACHI,REALE,30.95,5547952.884,7,7,5547935.428,1.0,7.0,9.0,0.456,179255.343586
1799963,IT,WE,HEAVY,PULP5,8.96,5546418.073,6,6,5546408.628,0.0,3.0,6.0,0.445,619019.874219
1740827,IT,US,VEGE1,BIOGA,17.06,5546318.499,6,6,5546274.292,0.0,34.0,9.0,1.207,325106.594314
1656205,IT,DE,TEXTI,MOTO1,32.85,5543907.49,7,7,5543895.754,1.0,5.0,5.0,0.736,168764.307154
1769716,IT,AU,MACHI,CRUDE,30.92,5543013.101,7,7,5542995.646,1.0,7.0,9.0,0.455,179269.505207
1648189,IT,BE,BUSIN,CHEM1,56.91,5541196.12,7,7,5541173.738,1.0,11.0,10.0,0.382,97367.7055
1675434,IT,FR,MACHI,RENTI,30.91,5540532.167,7,7,5540514.712,1.0,7.0,9.0,0.455,179247.239308
1733131,IT,SI,FABRI,MOTO1,22.54,5539089.326,6,6,5539072.929,0.0,5.0,11.0,0.397,245744.868057
1645774,IT,BE,RUBBE,MOTO1,18.32,5529777.215,6,6,5529760.714,0.0,8.0,8.0,0.501,301843.734443
1738387,IT,GB,PREC1,MOTO1,9.39,5525892.812,6,6,5525871.558,0.0,10.0,11.0,0.254,588486.987433
1804991,IT,WF,PLAST,MEATC,11.59,5525076.186,6,6,5525065.624,0.0,4.0,6.0,0.562,476710.628645
1682671,IT,HR,KEROS,HEALT,8.21,5524683.322,6,6,5524674.872,0.0,3.0,5.0,0.45,672921.232887
1714497,IT,NL,CRUDE,NATUR,10.88,5524665.265,6,6,5524653.79,0.0,4.0,7.0,0.475,507781.733915
1715562,IT,NL,HEAVY,GASDI,8.92,5523178.225,6,6,5523168.782,0.0,3.0,6.0,0.443,619190.383969
1738309,IT,GB,BASIC,RUBBE,6.36,5523156.671,6,6,5523149.322,0.0,2.0,5.0,0.349,868420.86022
1806286,IT,WF,MACHI,HOTEL,30.81,5521724.017,7,7,5521706.563,1.0,7.0,9.0,0.454,179218.565953
1679882,IT,GR,COPP1,COPP1,13.92,5511449.97,6,6,5511424.685,0.0,7.0,18.0,0.285,395937.497845
1662338,IT,DK,BASIC,FOOD5,6.34,5510574.396,6,6,5510567.048,0.0,2.0,5.0,0.348,869175.77224
1771116,IT,CH,SANDC,DIST1,12.64,5510188.302,6,6,5508976.105,0.0,2.0,1210.0,0.197,435932.618829
1732214,IT,SI,HEAVY,BEVER,8.9,5507295.189,6,6,5507285.747,0.0,3.0,6.0,0.442,618797.212247
1773222,IT,CH,FABRI,OFFIC,22.41,5506795.368,6,6,5506778.973,0.0,5.0,11.0,0.395,245729.378313
1642503,IT,AT,LEAD1,RAILW,9.58,5506193.761,6,6,5506155.297,0.0,14.0,24.0,0.464,574759.26524
1755103,IT,KR,LEATH,WEARI,39.42,5504010.831,7,7,5503961.879,1.0,39.0,8.0,0.952,139624.830822
1742772,IT,US,FABRI,MACHI,22.39,5501359.431,6,6,5501343.036,0.0,5.0,11.0,0.395,245706.09339
1679676,IT,GR,CERAM,ALUMI,8.57,5499974.492,6,6,5499944.194,0.0,2.0,28.0,0.298,641770.652509
1805762,IT,WF,BASIC,REALE,6.33,5498776.688,6,6,5498769.34,0.0,2.0,5.0,0.348,868685.10079
1780352,IT,TW,AIRTR,PLAST,5.98,5495847.136,6,6,5495842.963,0.0,1.0,3.0,0.173,919037.982609
1653538,IT,CZ,BASIC,TRANS,6.32,5489509.075,6,6,5489501.728,0.0,2.0,5.0,0.347,868593.20807
1746940,IT,JP,MOTO1,MACHI,29.22,5489108.716,7,7,5489092.359,1.0,6.0,9.0,0.357,187854.507734
1740272,IT,GB,BUSIN,COMPU,56.35,5486175.853,7,7,5486153.474,1.0,11.0,10.0,0.379,97358.932618
1658616,IT,DE,MACHI,DISTR,30.59,5482257.427,7,7,5482239.977,1.0,7.0,9.0,0.45,179217.307192
1732950,IT,SI,ALUM1,MACHI,9.52,5478059.423,6,6,5478046.984,0.0,4.0,8.0,0.439,575426.409979
1743688,IT,US,HOTEL,93197,39.69,5476465.699,7,7,5476446.286,1.0,11.0,7.0,0.413,137980.995188
1725703,IT,RO,PAPER,RETA1,21.21,5473728.472,6,6,5473674.932,0.0,44.0,9.0,0.54,258073.006695
1668714,IT,ES,LANDT,GASDI,35.29,5469858.281,6,6,5469848.022,0.0,3.0,7.0,0.259,154997.400992
1745474,IT,JP,FOOD5,BEVER,26.28,5469192.493,7,7,5469159.004,1.0,25.0,7.0,0.489,208112.347527
1640247,IT,AT,FISHF,HOTEL,9.42,5468768.939,6,6,5468764.744,0.0,2.0,2.0,0.195,580548.719639
1675072,IT,FR,ALUM1,TRANS,9.5,5466753.443,6,6,5466741.005,0.0,4.0,8.0,0.438,575447.730842
1735559,IT,SK,ALUM1,MOTO1,9.49,5462116.175,6,6,5462103.737,0.0,4.0,8.0,0.438,575565.455743
1674391,IT,FR,CHEM1,SALEM,11.4,5456742.414,6,6,5456728.818,0.0,5.0,8.0,0.596,478661.615263
1761482,IT,IN,PREC1,ELECT,9.27,5454486.081,6,6,5454464.83,0.0,10.0,11.0,0.251,588401.950485
1804518,IT,WF,GASDI,FURNI,8.12,5454043.553,6,6,5454035.109,0.0,3.0,5.0,0.444,671680.240517
1795847,IT,WL,MACHI,HEALT,30.4,5449522.396,7,7,5449504.948,1.0,7.0,9.0,0.448,179260.605132
1649758,IT,BG,BASIC,MACHI,6.27,5449366.1,6,6,5449358.755,0.0,2.0,5.0,0.345,869117.400319
1770931,IT,CH,VEGET,VEGET,19.27,5443130.843,6,6,5443106.629,0.0,22.0,2.0,0.214,282466.572029
1810579,IT,WM,PAPER,HEALT,21.07,5436814.188,6,6,5436760.652,0.0,44.0,9.0,0.536,258035.7944
1744036,IT,US,AIRTR,HOTEL,5.91,5433105.066,6,6,5433100.895,0.0,1.0,3.0,0.171,919307.117766
1667226,IT,ES,PREC1,FABRI,9.23,5430295.445,6,6,5430274.195,0.0,10.0,11.0,0.25,588331.034128
1653037,IT,CZ,PLAST,OFFIC,11.39,5429319.47,6,6,5429308.918,0.0,4.0,6.0,0.552,476674.229148
1756204,IT,KR,MACHI,FABRI,30.29,5428591.888,7,7,5428574.442,1.0,7.0,9.0,0.446,179220.597161
1674600,IT,FR,RUBBE,POSTT,17.98,5427737.456,6,6,5427720.964,0.0,8.0,8.0,0.492,301876.387987
1750383,IT,CN,FABRI,MOTO1,22.09,5427364.768,6,6,5427348.379,0.0,5.0,11.0,0.389,245693.289633
1777749,IT,TR,NONF1,FURNI,1.19,5422147.835,6,6,5422145.804,0.0,1.0,1.0,0.031,4556426.752101
1779048,IT,TR,AIRTR,AIRTR,5.9,5419306.518,6,6,5419302.347,0.0,1.0,3.0,0.171,918526.528475
1743616,IT,US,HOTEL,FOUND,39.24,5413979.641,7,7,5413960.233,1.0,11.0,7.0,0.408,137970.938863
1764236,IT,MX,MACHI,RUBBE,30.18,5409394.137,7,7,5409376.693,1.0,7.0,9.0,0.444,179237.71163
1806293,IT,WF,MACHI,SUPPO,30.18,5408729.227,7,7,5408711.783,1.0,7.0,9.0,0.444,179215.680152
1794078,IT,WL,PAPER,PRINT,20.95,5407269.599,6,6,5407216.066,0.0,44.0,9.0,0.533,258103.560811
1777829,IT,TR,FABRI,MOTO1,22.0,5407100.921,6,6,5407084.533,0.0,5.0,11.0,0.388,245777.314591
1665716,IT,ES,PAPER,WOODW,20.95,5406113.659,6,6,5406060.126,0.0,44.0,9.0,0.533,258048.384678
1788224,IT,WA,LEATH,CRUDE,38.71,5404897.201,7,7,5404849.266,1.0,38.0,8.0,0.935,139625.347481
1782005,IT,NO,RUBBE,OFFIC,17.9,5403876.061,6,6,5403859.571,0.0,8.0,8.0,0.49,301892.517374
1750229,IT,CN,LEAD1,CONST,9.4,5403334.587,6,6,5403297.132,0.0,13.0,24.0,0.455,574822.828404
1686254,IT,HU,CERAM,FOUND,8.42,5402823.815,6,6,5402793.522,0.0,2.0,28.0,0.293,641665.536223
1795733,IT,WL,MACHI,BITUM,30.13,5401171.757,7,7,5401154.313,1.0,7.0,9.0,0.444,179262.25546
1689817,IT,IE,INSUR,OFFIC,111.31,5400388.613,7,7,5400374.363,1.0,7.0,6.0,0.25,48516.652709
1750324,IT,CN,NONF1,CONST,1.18,5400056.192,6,6,5400054.162,0.0,1.0,1.0,0.03,4576318.80678
1752538,IT,CA,FOOD5,HOTEL,25.94,5399573.397,7,7,5399539.914,1.0,25.0,7.0,0.483,208156.260486
1658131,IT,DE,ALUM1,RUBBE,9.38,5396532.787,6,6,5396520.355,0.0,4.0,8.0,0.432,575323.32484
1786327,IT,ZA,MACHI,VEGET,30.09,5393218.415,7,7,5393200.972,1.0,7.0,9.0,0.443,179236.238451
1725515,IT,RO,LEATH,LEATH,38.55,5382493.358,7,7,5382445.427,1.0,38.0,8.0,0.931,139623.692815
1742884,IT,US,MACHI,PRINT,30.01,5378523.324,7,7,5378505.882,1.0,7.0,9.0,0.442,179224.369344
1687018,IT,HU,OFFIC,OFFIC,16.66,5377063.046,6,6,5377050.658,0.0,5.0,7.0,0.388,322752.883914
1665143,IT,ES,DAIRY,HOTEL,21.84,5377003.397,6,6,5376960.033,0.0,38.0,5.0,0.364,246199.78924
1674240,IT,FR,NAPHT,CHEM1,9.13,5376349.892,6,6,5376336.507,0.0,3.0,10.0,0.385,588866.36276
1728144,IT,SE,DAIRY,DAIRY,21.82,5371796.471,6,6,5371753.107,0.0,38.0,5.0,0.364,246186.822686
1713732,IT,MT,MACHI,FINAN,29.97,5371531.453,7,7,5371514.012,1.0,7.0,9.0,0.441,179230.278712
1751404,IT,CN,SEACO,CONST,5.46,5370878.2,6,6,5370875.107,0.0,1.0,2.0,0.093,983677.326007
1802932,IT,WF,WHEAT,WHEAT,4.06,5369882.434,6,6,5369842.305,0.0,39.0,1.0,0.129,1322631.141379
1666590,IT,ES,CHEM1,ALUM1,11.22,5367440.868,6,6,5367427.282,0.0,5.0,8.0,0.586,478381.539037
1659444,IT,DE,WHOLE,WHOLE,46.37,5366136.092,7,7,5366117.781,1.0,7.0,10.0,0.311,115724.306491
1799692,IT,WE,MOTOR,CONST,8.02,5365981.9,6,6,5365974.463,0.0,2.0,5.0,0.437,669075.049875
1812951,IT,WM,MACHI,MOTOR,29.93,5364841.771,7,7,5364824.33,1.0,7.0,9.0,0.441,179246.300401
1742376,IT,US,NONME,NONME,10.84,5364205.55,6,6,5364190.961,0.0,3.0,11.0,0.589,494852.910517
1790070,IT,WA,BASIC,NATUR,6.17,5359400.95,6,6,5359393.611,0.0,2.0,5.0,0.339,868622.520259
1812957,IT,WM,MACHI,LIQUE,29.89,5358219.773,7,7,5358202.333,1.0,7.0,9.0,0.44,179264.629408
1778914,IT,TR,SEACO,PFERT,5.45,5358105.015,6,6,5358101.922,0.0,1.0,2.0,0.093,983138.534862
1744267,IT,US,POSTT,POSTT,88.17,5353816.102,7,7,5353800.694,1.0,5.0,9.0,0.408,60721.516411
1650297,IT,BG,ELEC1,BUSIN,0.77,5352573.793,4,4,5352573.456,0.0,0.0,0.0,0.337,6951394.536364
1792118,IT,WA,AIRTR,PUBLI,5.83,5352406.516,6,6,5352403.347,0.0,1.0,2.0,0.169,918080.019897
1713468,IT,MT,CHEM1,FINAN,11.18,5351312.223,6,6,5351298.639,0.0,5.0,8.0,0.584,478650.467174
1686841,IT,HU,FABRI,CONST,21.77,5350043.075,6,6,5350026.691,0.0,5.0,11.0,0.384,245753.012173
1741610,IT,US,GASDI,HEALT,7.96,5349132.973,6,6,5349125.537,0.0,2.0,5.0,0.436,672001.629774
1720047,IT,PL,ALUM1,ELEC1,9.29,5349068.725,6,6,5349056.296,0.0,4.0,8.0,0.429,575787.806781
1751448,IT,CN,AIRTR,RUBBE,5.82,5348650.888,6,6,5348647.719,0.0,1.0,2.0,0.169,919012.180069
1806511,IT,WF,TRANS,PUBLI,31.9,5345992.573,7,7,5345976.283,1.0,6.0,9.0,0.29,167585.974075
1660088,IT,DE,AIRTR,MOTO1,5.81,5339583.2,6,6,5339580.032,0.0,1.0,2.0,0.168,919033.253012
1752434,IT,CA,DAIRY,DAIRY,21.68,5336090.887,6,6,5336047.526,0.0,38.0,5.0,0.361,246129.653459
1673990,IT,FR,KEROS,SUPPO,7.92,5328814.38,6,6,5328806.946,0.0,2.0,5.0,0.434,672830.098485
1799928,IT,WE,HEAVY,FISHF,8.61,5327746.398,6,6,5327736.97,0.0,3.0,6.0,0.428,618785.876655
1729658,IT,SE,FABRI,MOTO1,21.67,5325402.325,6,6,5325385.943,0.0,5.0,11.0,0.382,245749.991924
1800844,IT,WE,BASIC,FURNI,6.13,5325364.594,6,6,5325357.257,0.0,2.0,5.0,0.337,868738.106688
1657800,IT,DE,NONME,CEMEN,10.75,5323179.716,6,6,5323165.132,0.0,3.0,11.0,0.584,495179.508465
1760537,IT,IN,LEATH,LEATH,38.13,5323028.985,7,7,5322981.064,1.0,38.0,8.0,0.921,139602.123918
1738427,IT,GB,ALUM1,ALUM1,9.24,5319835.784,6,6,5319823.358,0.0,4.0,8.0,0.426,575739.803463
1805749,IT,WF,BASIC,RETA1,6.12,5318987.677,6,6,5318980.341,0.0,2.0,5.0,0.336,869115.633497
1688716,IT,IE,CHEM1,WHOLE,11.11,5318494.308,6,6,5318480.727,0.0,5.0,8.0,0.581,478712.358956
1782390,IT,NO,FABRI,SEACO,21.64,5317124.106,6,6,5317107.725,0.0,5.0,11.0,0.381,245708.137985
1726348,IT,RO,ALUM1,OFFIC,9.24,5316621.92,6,6,5316609.494,0.0,4.0,8.0,0.426,575391.982684
1743667,IT,US,HOTEL,HEALT,38.52,5314504.218,7,7,5314484.818,1.0,11.0,7.0,0.4,137967.399221
1784621,IT,ID,MACHI,CONST,29.64,5312350.696,7,7,5312333.26,1.0,7.0,9.0,0.436,179229.105803
1749641,IT,CN,CHEM1,PRINT,11.1,5310587.868,6,6,5310574.288,0.0,5.0,8.0,0.58,478431.339459
1723721,IT,PT,MACHI,CONST,29.62,5309761.148,7,7,5309743.712,1.0,7.0,9.0,0.436,179262.699122
1688343,IT,IE,DAIRY,CONST,21.57,5309441.915,6,6,5309398.556,0.0,38.0,5.0,0.359,246149.37019
1766807,IT,RU,MACHI,FURNI,29.6,5304850.531,7,7,5304833.095,1.0,7.0,9.0,0.436,179217.923345
1656490,IT,DE,PAPER,WOODW,20.55,5303719.875,6,6,5303667.352,0.0,43.0,9.0,0.523,258088.558394
1689532,IT,IE,SEACO,PLAST,5.39,5299928.899,6,6,5299925.807,0.0,1.0,2.0,0.092,983289.220594
1795808,IT,WL,MACHI,MOTO1,29.53,5293245.383,7,7,5293227.948,1.0,7.0,9.0,0.435,179249.758991
1664799,IT,ES,VEGET,FOOD5,18.73,5291548.231,6,6,5291524.023,0.0,22.0,2.0,0.208,282517.257395
1789782,IT,WA,GLASS,CONST,14.52,5289662.733,6,6,5289638.43,0.0,3.0,21.0,0.303,364301.841116
1689275,IT,IE,WHOLE,WHOLE,45.7,5288963.022,7,7,5288944.715,1.0,7.0,10.0,0.307,115732.232429
1659000,IT,DE,ELEC2,WOODW,1.27,5287354.282,5,5,5287352.729,0.0,1.0,0.0,0.553,4163271.088189
1811445,IT,WM,PLAST,RUBBE,11.07,5275703.283,6,6,5275693.746,0.0,4.0,5.0,0.537,476576.628997
1811119,IT,WM,NAPHT,NATU1,8.95,5275330.222,6,6,5275317.845,0.0,3.0,9.0,0.377,589422.371173
1723787,IT,PT,OFFIC,OFFIC,16.34,5273447.64,6,6,5273435.26,0.0,5.0,7.0,0.38,322732.413709
1784128,IT,ID,PULP5,PAPER,16.07,5270322.116,6,6,5270287.622,0.0,25.0,9.0,0.494,327960.305912
1790430,IT,WA,LEAD1,CONST,9.16,5268886.274,6,6,5268849.83,0.0,13.0,23.0,0.444,575205.925109
1751461,IT,CN,AIRTR,FABRI,5.73,5266502.683,6,6,5266499.517,0.0,1.0,2.0,0.166,919110.415881
1741826,IT,US,NFERT,PFERT,1.1,5265588.394,4,4,5265587.963,0.0,0.0,0.0,0.431,4786898.54
1783353,IT,NO,PLAS1,CRUDE,18.85,5259953.518,6,6,5259943.164,0.0,4.0,6.0,0.354,279042.62695
1790341,IT,WA,ALUM1,FURNI,9.14,5259588.785,6,6,5259576.364,0.0,4.0,8.0,0.421,575447.350656
1743844,IT,US,TRAN2,MOTO1,8.12,5254665.646,6,6,5254660.502,0.0,2.0,3.0,0.144,647126.311084
1659798,IT,DE,LANDT,GASDI,33.89,5253473.866,6,6,5253463.618,0.0,3.0,7.0,0.248,155015.457834
1736127,IT,SK,CONST,RETA1,29.37,5252956.512,7,7,5252929.231,1.0,6.0,20.0,0.281,178854.494791
1799320,IT,WE,WOODW,WOODW,14.7,5252281.074,6,6,5252239.719,0.0,33.0,8.0,0.355,357298.032245
1750535,IT,CN,MACHI,WHOLE,29.3,5251732.811,7,7,5251715.38,1.0,7.0,9.0,0.431,179240.027679
1641977,IT,AT,RUBBE,RUBBE,17.37,5243367.513,6,6,5243351.038,0.0,8.0,8.0,0.475,301863.41468
1790339,IT,WA,ALUM1,MOTO1,9.11,5243235.258,6,6,5243222.838,0.0,4.0,8.0,0.42,575547.229199
1742913,IT,US,MACHI,BASIC,29.22,5237584.133,7,7,5237566.703,1.0,7.0,9.0,0.43,179246.548015
1726106,IT,RO,RUBBE,OFFIC,17.35,5236375.641,6,6,5236359.166,0.0,8.0,8.0,0.475,301808.394294
1775309,IT,CH,BUSIN,DIST1,53.74,5232446.1,7,7,5232424.739,1.0,10.0,10.0,0.361,97365.949014
1786103,IT,ZA,NONME,CONST,10.57,5229573.359,6,6,5229558.785,0.0,3.0,11.0,0.574,494756.230747
1812104,IT,WM,CERAM,PUBLI,8.15,5229480.672,6,6,5229451.389,0.0,2.0,27.0,0.283,641654.070184
1650494,IT,BG,ELEC6,MEATP,0.77,5229446.295,4,4,5229445.458,0.0,0.0,0.0,0.837,6791488.694805
1810841,IT,WM,KEROS,TRANS,7.77,5228352.014,6,6,5228344.588,0.0,2.0,5.0,0.426,672889.577091
1777616,IT,TR,ALUM1,MACHI,9.08,5225843.861,6,6,5225831.442,0.0,4.0,8.0,0.419,575533.464868
1719247,IT,PL,CHEM1,PULP5,10.9,5216189.84,6,6,5216176.271,0.0,5.0,8.0,0.569,478549.526606
1789666,IT,WA,RUBBE,OFFIC,17.28,5215172.926,6,6,5215156.453,0.0,8.0,8.0,0.473,301803.988773
1759086,IT,BR,AIRTR,CRUDE,5.68,5214632.098,6,6,5214628.934,0.0,1.0,2.0,0.164,918069.031338
1726347,IT,RO,ALUM1,MACHI,9.06,5211398.635,6,6,5211386.217,0.0,4.0,8.0,0.418,575209.562362
1675877,IT,FR,ELEC2,WOODW,1.25,5211211.407,4,4,5211210.862,0.0,0.0,0.0,0.545,4168969.1256
1749823,IT,CN,RUBBE,WOODW,17.26,5207943.379,6,6,5207926.907,0.0,8.0,8.0,0.472,301734.842352
1789167,IT,WA,PLAST,MEAT4,10.92,5206617.51,6,6,5206607.98,0.0,4.0,5.0,0.53,476796.475275
1789850,IT,WA,CERAM,CERAM,8.1,5201454.809,6,6,5201425.527,0.0,2.0,27.0,0.282,642154.914691
1812089,IT,WM,CERAM,HOTEL,8.1,5201095.039,6,6,5201065.757,0.0,2.0,27.0,0.282,642110.498642
1750508,IT,CN,MACHI,OFFIC,29.01,5200478.172,7,7,5200461.745,1.0,7.0,8.0,0.427,179265.017994
1811739,IT,WM,ADDIT,MOTOR,12.03,5197511.129,6,6,5197460.724,0.0,39.0,11.0,0.405,432045.812884
1782469,IT,NO,MACHI,CONST,28.99,5196690.142,7,7,5196673.715,1.0,7.0,8.0,0.427,179258.024905
1796241,IT,WL,FURNI,EDUCA,16.57,5190984.653,6,6,5190956.207,0.0,15.0,13.0,0.446,313276.080447
1742377,IT,US,NONME,BASIC,10.49,5190339.225,6,6,5190325.655,0.0,3.0,10.0,0.57,494789.249285
1689843,IT,IE,INSUR,INSUR,106.97,5190041.399,7,7,5190027.158,1.0,7.0,6.0,0.241,48518.663167
1794986,IT,WL,CHEM1,RETA1,10.83,5183126.346,6,6,5183112.78,0.0,5.0,8.0,0.566,478589.690305
1673774,IT,FR,PAPER,PUBLI,20.08,5182732.306,6,6,5182681.795,0.0,42.0,8.0,0.511,258104.198506
1728960,IT,SE,CHEM1,BUSIN,10.83,5181803.154,6,6,5181789.588,0.0,5.0,8.0,0.566,478467.511911
1657923,IT,DE,BASIC,CEMEN,5.96,5180470.35,6,6,5180463.022,0.0,2.0,5.0,0.328,869206.434564
1720033,IT,PL,ALUM1,BASIC,9.0,5180442.078,6,6,5180430.663,0.0,4.0,7.0,0.415,575604.675333
1746559,IT,JP,BASIC,BASIC,5.96,5180252.753,6,6,5180245.425,0.0,2.0,5.0,0.328,869169.925
1811746,IT,WM,ADDIT,LIQUE,11.99,5177392.794,6,6,5177342.39,0.0,39.0,11.0,0.404,431809.240534
1805129,IT,WF,PFERT,CRUDE,2.28,5175541.3,6,6,5175536.472,0.0,2.0,2.0,0.828,2269974.254386
1764254,IT,MX,MACHI,MEDIC,28.87,5175248.049,7,7,5175231.624,1.0,7.0,8.0,0.425,179260.410426
1738386,IT,GB,PREC1,OFFIC,8.79,5171429.86,6,6,5171409.622,0.0,9.0,11.0,0.238,588331.042093
1812348,IT,WM,BASIC,OFFIC,5.95,5169907.834,6,6,5169900.507,0.0,2.0,5.0,0.327,868892.072941
1757830,IT,BR,CHEM1,OILSE,10.79,5162867.433,6,6,5162853.869,0.0,5.0,8.0,0.564,478486.323726
1717062,IT,NL,LANDT,LANDT,33.3,5162730.615,6,6,5162720.371,0.0,3.0,7.0,0.244,155036.955405
1773777,IT,CH,ELEC2,TRAN1,1.24,5159590.23,4,4,5159589.69,0.0,0.0,0.0,0.54,4160959.862903
1679662,IT,GR,GLASS,CONST,14.15,5156988.603,6,6,5156965.308,0.0,3.0,20.0,0.295,364451.491378
1791148,IT,WA,TRANS,PRIVA,30.75,5153441.395,7,7,5153425.115,1.0,6.0,9.0,0.28,167591.590081
1800926,IT,WE,PREC1,REALE,8.75,5152755.315,6,6,5152735.078,0.0,9.0,11.0,0.237,588886.321714
1800542,IT,WE,RUBBE,SALEM,17.07,5152029.628,6,6,5152014.161,0.0,8.0,7.0,0.467,301817.787229
1730828,IT,SE,BUSIN,BUSIN,52.89,5149738.897,7,7,5149717.542,1.0,10.0,10.0,0.355,97366.967234
1726288,IT,RO,BASIC,TRANS,5.93,5147227.016,6,6,5147220.691,0.0,2.0,4.0,0.325,867997.810455
1667157,IT,ES,BASIC,FURNI,5.92,5146808.198,6,6,5146801.873,0.0,2.0,4.0,0.325,869393.276689
1673039,IT,FR,FOOD5,FOOD5,24.71,5142332.006,7,7,5142300.546,1.0,24.0,6.0,0.46,208107.325212
1807098,IT,WF,SEACO,SEACO,5.23,5141719.082,6,6,5141715.993,0.0,1.0,2.0,0.089,983120.283365
1795843,IT,WL,MACHI,RESEA,28.67,5138843.866,7,7,5138827.444,1.0,7.0,8.0,0.422,179241.153331
1804249,IT,WF,MOTOR,CATTL,7.68,5138315.824,6,6,5138308.405,0.0,2.0,5.0,0.419,669051.539583
1673616,IT,FR,WOODW,FURNI,14.38,5138297.978,6,6,5138256.631,0.0,33.0,8.0,0.347,357322.529764
1777056,IT,TR,CHEM1,ALUM1,10.73,5135580.363,6,6,5135567.802,0.0,5.0,7.0,0.561,478618.859553
1642874,IT,AT,MOTO1,SALEM,27.33,5135512.823,6,6,5135497.489,0.0,6.0,9.0,0.334,187907.531028
1812747,IT,WM,NONF1,FABRI,1.12,5135263.696,5,5,5135262.667,0.0,0.0,1.0,0.029,4585056.871429
1812744,IT,WM,NONF1,COPP1,1.12,5135109.826,5,5,5135108.797,0.0,0.0,1.0,0.029,4584919.4875
1800987,IT,WE,ALUM1,FURNI,8.92,5132369.177,6,6,5132357.766,0.0,4.0,7.0,0.411,575377.710426
1756207,IT,KR,MACHI,ELECT,28.59,5124226.043,7,7,5124209.622,1.0,7.0,8.0,0.421,179231.411088
1799887,IT,WE,GASDI,WHOLE,7.62,5122459.229,6,6,5122451.812,0.0,2.0,5.0,0.417,672238.743963
1723601,IT,PT,FABRI,FABRI,20.84,5120513.024,6,6,5120497.657,0.0,5.0,10.0,0.367,245705.999232
1757658,IT,BR,HEAVY,MOTOR,8.26,5115712.781,6,6,5115705.37,0.0,2.0,5.0,0.411,619335.687772
1645621,IT,BE,CHEM1,COPP1,10.69,5115615.678,6,6,5115604.12,0.0,4.0,7.0,0.558,478542.15884
1719657,IT,PL,CEMEN,CONST,8.19,5115246.347,6,6,5115213.116,0.0,2.0,31.0,0.231,624572.203541
1640537,IT,AT,FOOD5,FOOD5,24.57,5115080.677,7,7,5115049.22,1.0,24.0,6.0,0.457,208183.991738
1645608,IT,BE,CHEM1,BIOGA,10.69,5113323.079,6,6,5113311.521,0.0,4.0,7.0,0.558,478327.696819
1658351,IT,DE,NONF1,FURNI,1.12,5112983.207,5,5,5112982.178,0.0,0.0,1.0,0.029,4565163.577679
1756085,IT,KR,FABRI,FABRI,20.81,5112486.92,6,6,5112471.553,0.0,5.0,10.0,0.367,245674.527631
1744034,IT,US,AIRTR,WHOLE,5.56,5112218.971,6,6,5112215.81,0.0,1.0,2.0,0.161,919463.843705
1675272,IT,FR,FABRI,ELEC3,20.79,5107952.398,6,6,5107937.032,0.0,5.0,10.0,0.366,245692.756037
1657422,IT,DE,RUBBE,PLAST,16.92,5107934.988,6,6,5107919.525,0.0,8.0,7.0,0.463,301887.410638
1743608,IT,US,HOTEL,CEMEN,36.98,5101669.082,7,7,5101651.698,1.0,10.0,6.0,0.384,137957.519794
1790840,IT,WA,MACHI,SALEM,28.46,5101224.033,7,7,5101207.614,1.0,7.0,8.0,0.419,179241.884505
1782211,IT,NO,BASIC,FABRI,5.87,5101203.047,6,6,5101196.724,0.0,2.0,4.0,0.323,869029.479898
1718261,IT,PL,FOOD5,MEAT1,24.51,5100731.883,7,7,5100700.427,1.0,24.0,6.0,0.456,208108.195961
1749571,IT,CN,PLAST,MOTO1,10.7,5099721.464,6,6,5099711.945,0.0,4.0,5.0,0.519,476609.482617
1749684,IT,CN,CHEM1,MEDIC,10.66,5098674.847,6,6,5098663.29,0.0,4.0,7.0,0.557,478299.704221
1665410,IT,ES,TEXTI,MOTO1,30.21,5097802.988,7,7,5097791.311,1.0,5.0,5.0,0.677,168745.547435
1750498,IT,CN,MACHI,NONME,28.43,5095512.948,7,7,5095496.529,1.0,7.0,8.0,0.419,179230.142385
1713710,IT,MT,FABRI,COMPU,20.71,5089298.245,6,6,5089282.88,0.0,5.0,10.0,0.365,245741.10309
1811502,IT,WM,PLAST,EDUCA,10.67,5087204.189,6,6,5087194.672,0.0,4.0,5.0,0.517,476776.400094
1772617,IT,CH,GLASS,WOODW,13.96,5084411.781,6,6,5084388.49,0.0,3.0,20.0,0.291,364212.878295
1800713,IT,WE,CEMEN,CONST,8.14,5083551.754,6,6,5083518.525,0.0,2.0,31.0,0.229,624514.957494
1740844,IT,US,VEGE1,HOTEL,15.63,5083085.925,6,6,5083044.819,0.0,31.0,9.0,1.106,325213.430902
1770314,IT,AU,HOTEL,POSTT,36.82,5080412.028,7,7,5080394.645,1.0,10.0,6.0,0.383,137979.685714
1778186,IT,TR,FURNI,WEARI,16.21,5078281.461,6,6,5078253.024,0.0,15.0,13.0,0.437,313280.781061
1666729,IT,ES,RUBBE,WOODW,16.82,5077893.942,6,6,5077878.482,0.0,8.0,7.0,0.46,301896.191558
1799993,IT,WE,HEAVY,BASIC,8.2,5077120.965,6,6,5077113.557,0.0,2.0,5.0,0.408,619161.093293
1758481,IT,BR,MACHI,WOODW,28.32,5075641.38,7,7,5075624.963,1.0,7.0,8.0,0.417,179224.625
1789683,IT,WA,RUBBE,WHOLE,16.81,5072447.739,6,6,5072432.279,0.0,8.0,7.0,0.46,301751.79887
1761671,IT,IN,FABRI,MOTO1,20.64,5071739.531,6,6,5071724.167,0.0,5.0,10.0,0.364,245723.814486
1729422,IT,SE,BASIC,RESEA,5.84,5070179.299,6,6,5070172.978,0.0,2.0,4.0,0.321,868181.386815
1742403,IT,US,NONME,HOTEL,10.24,5068996.436,6,6,5068983.88,0.0,2.0,10.0,0.556,495019.183203
1774372,IT,CH,HOTEL,FINAN,36.7,5064178.107,7,7,5064160.725,1.0,10.0,6.0,0.382,137988.504278
1653256,IT,CZ,RUBBE,OFFIC,16.76,5057806.37,6,6,5057790.911,0.0,8.0,7.0,0.459,301778.423031
1773047,IT,CH,ALUM1,TRANS,8.79,5056348.178,6,6,5056336.773,0.0,4.0,7.0,0.405,575238.700569
1643640,IT,AT,AIRTR,DIST1,5.5,5052971.934,6,6,5052968.775,0.0,1.0,2.0,0.159,918722.169818
1811610,IT,WM,CHEM1,TEXTI,10.55,5049602.678,6,6,5049591.127,0.0,4.0,7.0,0.551,478635.324929
1745870,IT,JP,LEATH,FURNI,36.16,5049181.477,7,7,5049135.603,1.0,36.0,8.0,0.874,139634.443501
1738797,IT,GB,OFFIC,PUBLI,15.64,5047101.872,6,6,5047089.508,0.0,5.0,7.0,0.364,322704.723274
1812790,IT,WM,FABRI,NATUR,20.52,5043183.469,6,6,5043168.107,0.0,5.0,10.0,0.362,245769.174903
1737878,IT,GB,PLAST,MOTO1,10.57,5036279.303,6,6,5036269.791,0.0,4.0,5.0,0.512,476469.18666
1776669,IT,TR,HEAVY,HEAVY,8.13,5034853.414,6,6,5034846.01,0.0,2.0,5.0,0.404,619293.162854
1683413,IT,HR,BASIC,OFFIC,5.79,5033199.771,6,6,5033193.453,0.0,2.0,4.0,0.318,869291.843005
1739657,IT,GB,AIRTR,AIRTR,5.48,5032615.56,6,6,5032612.401,0.0,1.0,2.0,0.159,918360.50365
1790673,IT,WA,FABRI,FABRI,20.47,5031006.16,6,6,5030990.799,0.0,5.0,10.0,0.361,245774.604787
1740250,IT,GB,BUSIN,DISTR,51.67,5030468.372,7,7,5030448.025,1.0,10.0,9.0,0.347,97357.622837
1659905,IT,DE,TRAN2,MOTOR,7.77,5028380.65,6,6,5028375.512,0.0,2.0,3.0,0.138,647153.236808
1797004,IT,WL,AIRTR,RETA1,5.47,5026041.42,6,6,5026038.262,0.0,1.0,2.0,0.158,918837.553931
1812777,IT,WM,FABRI,VEGET,20.45,5025872.658,6,6,5025857.297,0.0,5.0,10.0,0.361,245763.944156
1799403,IT,WE,PAPER,VEGET,19.47,5024028.927,6,6,5023979.431,0.0,41.0,8.0,0.496,258039.492912
1794764,IT,WL,PLAST,CRUDE,10.54,5021623.651,6,6,5021614.14,0.0,4.0,5.0,0.511,476434.881499
1679423,IT,GR,CHEM1,VEGET,10.49,5021361.537,6,6,5021349.989,0.0,4.0,7.0,0.548,478680.794757
1810773,IT,WM,KEROS,CROPS,7.47,5021359.432,6,6,5021352.023,0.0,2.0,5.0,0.409,672203.404552
1809763,IT,WM,FOOD5,MEAT4,24.12,5020452.039,7,7,5020421.59,1.0,23.0,6.0,0.449,208144.777736
1688661,IT,IE,CHEM1,LEADZ,10.49,5020092.736,6,6,5020081.188,0.0,4.0,7.0,0.548,478559.841373
1675789,IT,FR,FURNI,RENTI,16.02,5018550.164,6,6,5018521.733,0.0,15.0,13.0,0.431,313267.800499
1643449,IT,AT,LANDT,OFFIC,32.37,5018050.137,6,6,5018039.9,0.0,3.0,7.0,0.237,155021.629194
1720297,IT,PL,FABRI,RUBBE,20.41,5016269.294,6,6,5016253.934,0.0,5.0,10.0,0.36,245775.075649
1799436,IT,WE,PAPER,DAIRY,19.42,5012824.548,6,6,5012776.054,0.0,40.0,8.0,0.494,258126.907724
1777022,IT,TR,CHEM1,WEARI,10.47,5010260.719,6,6,5010249.172,0.0,4.0,7.0,0.547,478534.930181
1723211,IT,PT,RUBBE,CONST,16.57,5002209.235,6,6,5002193.781,0.0,8.0,7.0,0.454,301883.478274
1672751,IT,FR,MEATC,FOOD5,16.69,5000809.165,6,6,5000728.844,0.0,74.0,6.0,0.321,299629.069203
1679472,IT,GR,CHEM1,RUBBE,10.44,4996200.564,6,6,4996189.019,0.0,4.0,7.0,0.545,478563.272414
1772908,IT,CH,BASIC,PUBLI,5.75,4996049.988,6,6,4996043.672,0.0,2.0,4.0,0.316,868878.258783
1753376,IT,CA,ALUM1,ALUM1,8.68,4994377.234,6,6,4994365.834,0.0,4.0,7.0,0.4,575389.082258
1763609,IT,MX,CHEM1,HEALT,10.43,4991478.282,6,6,4991466.737,0.0,4.0,7.0,0.545,478569.346309
1744832,IT,US,RESEA,RESEA,27.05,4990211.148,6,6,4990198.798,0.0,5.0,7.0,0.35,184481.003623
1789487,IT,WA,ADDIT,KEROS,11.55,4988393.38,6,6,4988344.991,0.0,38.0,10.0,0.389,431895.530736
1684737,IT,HU,VEGET,WHOLE,17.66,4988252.513,6,6,4988229.317,0.0,21.0,2.0,0.196,282460.5047
1663277,IT,DK,SEACO,LANDT,5.07,4981124.433,6,6,4981121.347,0.0,1.0,2.0,0.086,982470.302367
1674315,IT,FR,CHEM1,OILSE,10.41,4980018.754,6,6,4980007.21,0.0,4.0,7.0,0.544,478387.968684
1778924,IT,TR,SEACO,PREC1,5.06,4979146.503,6,6,4979143.417,0.0,1.0,2.0,0.086,984021.048024
1774312,IT,CH,HOTEL,PRINT,36.05,4974382.373,7,7,4974364.998,1.0,10.0,6.0,0.375,137985.641415
1686417,IT,HU,BASIC,FOUND,5.72,4969477.315,6,6,4969471.001,0.0,2.0,4.0,0.314,868789.740385
1773379,IT,CH,MACHI,PUBLI,27.72,4969238.772,7,7,4969223.364,1.0,6.0,8.0,0.408,179265.467965
1764257,IT,MX,MACHI,FURNI,27.7,4964578.603,7,7,4964563.195,1.0,6.0,8.0,0.408,179226.664368
1810361,IT,WM,WOODW,FURNI,13.88,4961548.903,6,6,4961509.568,0.0,32.0,7.0,0.335,357460.295605
1665423,IT,ES,TEXTI,HOTEL,29.38,4958833.468,6,6,4958823.81,0.0,5.0,4.0,0.658,168782.623145
1811499,IT,WM,PLAST,RESEA,10.4,4958591.166,6,6,4958581.662,0.0,4.0,5.0,0.504,476787.612115
1732310,IT,SI,NAPHT,CEMEN,8.41,4954436.649,6,6,4954424.295,0.0,3.0,9.0,0.354,589112.562307
1645996,IT,BE,NONME,MEATP,10.0,4951363.197,6,6,4951350.654,0.0,2.0,10.0,0.543,495136.3197
1794675,IT,WL,NAPHT,CHEM1,8.4,4948208.616,6,6,4948196.262,0.0,3.0,9.0,0.354,589072.454286
1720185,IT,PL,COPP1,ELEC1,12.5,4948172.018,6,6,4948149.762,0.0,6.0,16.0,0.256,395853.76144
1673694,IT,FR,PAPER,DAIRY,19.16,4945618.498,6,6,4945570.01,0.0,40.0,8.0,0.488,258122.051044
1764277,IT,MX,MACHI,RETA1,27.59,4945136.482,7,7,4945121.076,1.0,6.0,8.0,0.406,179236.552447
1799173,IT,WE,WEARI,WHOLE,37.27,4944824.054,7,7,4944806.114,1.0,9.0,7.0,0.94,132675.719184
1772533,IT,CH,RUBBE,CHEM1,16.38,4943418.882,6,6,4943404.434,0.0,7.0,7.0,0.448,301796.024542
1789672,IT,WA,RUBBE,FURNI,16.38,4942621.292,6,6,4942606.844,0.0,7.0,7.0,0.448,301747.331624
1814147,IT,WM,AIRTR,POSTT,5.38,4941743.659,6,6,4941740.503,0.0,1.0,2.0,0.156,918539.713569
1738329,IT,GB,BASIC,CONST,5.69,4939897.052,6,6,4939890.74,0.0,2.0,4.0,0.312,868171.713884
1795835,IT,WL,MACHI,SUPPO,27.55,4937709.549,7,7,4937694.143,1.0,6.0,8.0,0.406,179227.20686
1642446,IT,AT,ALUM1,OFFIC,8.57,4934089.675,6,6,4934078.28,0.0,4.0,7.0,0.395,575739.752042
1643988,IT,AT,COMPU,COMPU,56.34,4933874.448,7,7,4933857.138,1.0,7.0,9.0,0.31,87573.20639
1768597,IT,AU,BEVER,HOTEL,20.98,4933424.966,6,6,4933405.649,0.0,13.0,6.0,0.317,235148.949762
1654174,IT,CZ,MOTO1,ELECT,26.23,4928277.374,6,6,4928264.053,0.0,5.0,8.0,0.321,187887.052002
1795099,IT,WL,RUBBE,MEAT1,16.33,4927919.171,6,6,4927904.724,0.0,7.0,7.0,0.447,301770.922903
1660924,IT,DE,BUSIN,FOOD5,50.58,4924398.543,7,7,4924378.203,1.0,10.0,9.0,0.34,97358.610973
1674364,IT,FR,CHEM1,BASIC,10.29,4924317.254,6,6,4924305.716,0.0,4.0,7.0,0.538,478553.668999
1738645,IT,GB,MACHI,CRUDE,27.46,4921704.888,7,7,4921689.484,1.0,6.0,8.0,0.404,179231.787618
1746282,IT,JP,CHEM1,CONST,10.29,4921674.619,6,6,4921663.082,0.0,4.0,7.0,0.537,478296.853158
1805767,IT,WF,BASIC,EDUCA,5.66,4920912.543,6,6,4920906.232,0.0,2.0,4.0,0.311,869419.177208
1771691,IT,CH,WEARI,PUBLI,37.08,4919743.492,7,7,4919725.557,1.0,9.0,7.0,0.935,132679.166451
1784559,IT,ID,MACHI,SUBBI,27.45,4919713.141,7,7,4919697.737,1.0,6.0,8.0,0.404,179224.522441
1672554,IT,FR,VEGET,BEVER,17.42,4919615.144,6,6,4919592.951,0.0,20.0,2.0,0.193,282411.89116
1813014,IT,WM,MACHI,TRAN2,27.44,4918584.092,7,7,4918568.688,1.0,6.0,8.0,0.404,179248.691399
1760858,IT,IN,KEROS,RENTI,7.31,4914327.032,6,6,4914319.632,0.0,2.0,5.0,0.4,672274.559781
1675055,IT,FR,ALUM1,CHEM1,8.54,4913009.954,6,6,4912998.56,0.0,4.0,7.0,0.394,575293.905621
1812217,IT,WM,NONME,PFERT,9.92,4912365.704,6,6,4912353.165,0.0,2.0,10.0,0.539,495198.155645
1667138,IT,ES,BASIC,RUBBE,5.65,4911915.135,6,6,4911908.824,0.0,2.0,4.0,0.311,869365.510619
1661018,IT,DE,BUSIN,REALE,50.4,4907367.004,7,7,4907346.665,1.0,10.0,9.0,0.339,97368.392937
1741077,IT,US,TEXTI,RETA1,29.07,4906014.911,6,6,4906005.26,0.0,5.0,4.0,0.651,168765.562814
1812894,IT,WM,FABRI,EDUCA,19.96,4904703.738,6,6,4904688.386,0.0,5.0,10.0,0.352,245726.64018
1770336,IT,AU,HOTEL,RECRE,35.55,4904686.235,7,7,4904668.865,1.0,10.0,6.0,0.37,137965.857525
1812066,IT,WM,CERAM,PFERT,7.64,4904665.355,6,6,4904638.089,0.0,2.0,25.0,0.266,641971.905105
1738799,IT,GB,OFFIC,HEALT,15.2,4904312.636,6,6,4904301.282,0.0,5.0,6.0,0.354,322652.147105
1729783,IT,SE,MACHI,WHOLE,27.36,4903472.795,7,7,4903457.392,1.0,6.0,8.0,0.403,179220.496893
1688670,IT,IE,CHEM1,FISH5,10.24,4899114.236,6,6,4899102.701,0.0,4.0,7.0,0.535,478429.124609
1685116,IT,HU,FOOD5,MOTO1,23.52,4896658.008,7,7,4896627.57,1.0,23.0,6.0,0.438,208191.241837
1777054,IT,TR,CHEM1,BASIC,10.23,4894268.173,6,6,4894256.639,0.0,4.0,7.0,0.534,478423.086315
1738698,IT,GB,MACHI,TRANS,27.28,4888923.123,7,7,4888907.721,1.0,6.0,8.0,0.402,179212.72445
1719857,IT,PL,BASIC,BUSIN,5.63,4888484.226,6,6,4888477.917,0.0,2.0,4.0,0.309,868292.047247
1737945,IT,GB,CHEM1,RUBBE,10.21,4886757.412,6,6,4886745.879,0.0,4.0,7.0,0.533,478624.624094
1763702,IT,MX,RUBBE,CONST,16.19,4886687.09,6,6,4886672.647,0.0,7.0,7.0,0.443,301833.668314
1658877,IT,DE,TRANS,FURNI,29.16,4886627.115,7,7,4886611.85,1.0,6.0,8.0,0.265,167579.805041
1674050,IT,FR,GASDI,WHOLE,7.26,4878458.739,6,6,4878451.342,0.0,2.0,5.0,0.397,671964.013636
1678794,IT,GR,FOOD5,HOTEL,23.43,4876693.554,7,7,4876663.118,1.0,23.0,6.0,0.436,208138.86274
1744964,IT,US,BUSIN,REALE,49.95,4863053.362,7,7,4863033.026,1.0,10.0,9.0,0.336,97358.425666
1740257,IT,GB,BUSIN,RETA1,49.95,4863020.468,7,7,4863000.132,1.0,10.0,9.0,0.336,97357.767127
1797021,IT,WL,AIRTR,BUSIN,5.29,4862778.636,6,6,4862775.483,0.0,1.0,2.0,0.153,919239.817769
1799643,IT,WE,MOTOR,GASDI,7.26,4861249.299,6,6,4861241.903,0.0,2.0,5.0,0.396,669593.567355
1800016,IT,WE,HEAVY,WHOLE,7.85,4861128.789,6,6,4861121.399,0.0,2.0,5.0,0.39,619252.075032
1749539,IT,CN,PLAST,CRUDE,10.19,4857767.847,6,6,4857758.353,0.0,4.0,5.0,0.494,476719.121394
1810785,IT,WM,KEROS,CRUDE,7.22,4856604.708,6,6,4856597.313,0.0,2.0,5.0,0.395,672659.931856
1640573,IT,AT,FOOD5,HOTEL,23.33,4855886.038,7,7,4855855.604,1.0,23.0,6.0,0.434,208139.135791
1653653,IT,CZ,ALUM1,OFFIC,8.43,4852015.535,6,6,4852004.146,0.0,4.0,7.0,0.389,575565.306643
1810511,IT,WM,PAPER,PAPER,18.8,4851963.23,6,6,4851915.751,0.0,39.0,8.0,0.479,258083.150532
1791237,IT,WA,FURNI,RETA1,15.49,4851344.31,6,6,4851316.893,0.0,14.0,13.0,0.417,313192.014848
1748991,IT,CN,LEATH,TEXTI,34.74,4850144.252,7,7,4850101.413,1.0,34.0,7.0,0.839,139612.672769
1660974,IT,DE,BUSIN,MACHI,49.8,4848666.365,7,7,4848646.03,1.0,10.0,9.0,0.335,97362.778414
1804407,IT,WF,KEROS,SUPPO,7.21,4847955.12,6,6,4847947.725,0.0,2.0,5.0,0.395,672393.220527
1675187,IT,FR,NONF1,OFFIC,1.06,4845816.383,5,5,4845815.356,0.0,0.0,1.0,0.027,4571524.889623
1806304,IT,WF,MACHI,HEALT,27.02,4843467.765,7,7,4843452.367,1.0,6.0,8.0,0.398,179254.913583
1653886,IT,CZ,FABRI,MOTO1,19.7,4841671.346,6,6,4841655.999,0.0,5.0,10.0,0.347,245770.119086
1676838,IT,FR,LANDT,LANDT,31.23,4840885.041,6,6,4840875.812,0.0,3.0,6.0,0.229,155007.526129
1666145,IT,ES,GASDI,WHOLE,7.2,4839734.557,6,6,4839727.163,0.0,2.0,5.0,0.394,672185.355139
1674529,IT,FR,RUBBE,WOODW,16.03,4836773.617,6,6,4836759.178,0.0,7.0,7.0,0.439,301732.602433
1682891,IT,HR,NAPHT,CHEM1,8.2,4828884.568,6,6,4828872.223,0.0,3.0,9.0,0.345,588888.361951
1685848,IT,HU,CHEM1,FOOD5,10.08,4823090.119,6,6,4823078.592,0.0,4.0,7.0,0.527,478481.162599
1756022,IT,KR,NONF1,FABRI,1.05,4823064.329,5,5,4823063.302,0.0,0.0,1.0,0.027,4593394.599048
1758234,IT,BR,BASIC,MACHI,5.55,4822542.314,6,6,4822536.009,0.0,2.0,4.0,0.305,868926.543063
1716186,IT,NL,ALUM1,ALUM1,8.38,4821153.782,6,6,4821142.396,0.0,4.0,7.0,0.386,575316.68043
1674968,IT,FR,BASIC,PAPE4,5.55,4817587.042,6,6,4817580.737,0.0,2.0,4.0,0.305,868033.701261
1723186,IT,PT,RUBBE,RUBBE,15.96,4817180.55,6,6,4817166.113,0.0,7.0,7.0,0.437,301828.355263
1679820,IT,GR,ALUM1,WEARI,8.36,4814064.612,6,6,4814053.226,0.0,4.0,7.0,0.386,575845.049282
1679836,IT,GR,ALUM1,FABRI,8.36,4812826.107,6,6,4812814.721,0.0,4.0,7.0,0.386,575696.902751
1800025,IT,WE,HEAVY,POSTT,7.77,4809215.176,6,6,4809207.79,0.0,2.0,5.0,0.386,618946.612098
1673131,IT,FR,BEVER,RAWMI,20.44,4807745.595,6,6,4807726.286,0.0,13.0,6.0,0.309,235212.602495
1733030,IT,SI,COPP1,BEVER,12.14,4805546.761,6,6,4805524.513,0.0,6.0,16.0,0.248,395844.049506
1738058,IT,GB,RUBBE,CHEM1,15.92,4804642.097,6,6,4804627.661,0.0,7.0,7.0,0.436,301799.126696
1786403,IT,ZA,MACHI,WHOLE,26.8,4803978.736,6,6,4803964.341,0.0,6.0,8.0,0.395,179252.93791
1800237,IT,WE,PLAST,PLAST,10.06,4795101.852,6,6,4795092.364,0.0,4.0,5.0,0.488,476650.283499
1655842,IT,DE,VEGE1,HOTEL,14.74,4794084.084,6,6,4794046.041,0.0,29.0,8.0,1.043,325243.153596
1723212,IT,PT,RUBBE,SALEM,15.88,4793176.963,6,6,4793162.528,0.0,7.0,7.0,0.435,301837.340239
1645592,IT,BE,CHEM1,KEROS,10.01,4789653.421,6,6,4789641.898,0.0,4.0,7.0,0.523,478486.855245
1786416,IT,ZA,MACHI,COMPU,26.7,4784977.998,6,6,4784963.605,0.0,6.0,8.0,0.393,179212.659101
1755161,IT,KR,LEATH,RETA1,34.27,4784283.442,7,7,4784240.614,1.0,34.0,7.0,0.828,139605.586285
1760808,IT,IN,COKEO,FABRI,0.6,4783075.633,4,4,4783075.609,0.0,0.0,0.0,0.024,7971792.721667
1662590,IT,DK,FABRI,CONST,19.46,4782400.886,6,6,4782386.543,0.0,5.0,9.0,0.343,245755.441213
1755658,IT,KR,RUBBE,RUBBE,15.84,4779711.888,6,6,4779697.455,0.0,7.0,7.0,0.433,301749.487879
1775751,IT,TR,CRUDE,KEROS,9.41,4777465.544,6,6,4777456.133,0.0,3.0,6.0,0.411,507700.90797
1680386,IT,GR,ELEC2,TRAN1,1.15,4776688.045,4,4,4776687.545,0.0,0.0,0.0,0.5,4153641.778261
1738143,IT,GB,GLASS,GLASS,13.11,4776312.376,6,6,4776290.103,0.0,3.0,19.0,0.273,364325.886804
1727014,IT,RO,HOTEL,HEALT,34.61,4775377.348,7,7,4775359.988,1.0,10.0,6.0,0.36,137976.808668
1784525,IT,ID,FABRI,CONST,19.43,4773233.483,6,6,4773219.141,0.0,5.0,9.0,0.342,245663.071693
1657659,IT,DE,CERAM,FURNI,7.43,4772434.303,6,6,4772407.044,0.0,2.0,25.0,0.259,642319.556258
1753564,IT,CA,MACHI,CEMEN,26.62,4770872.675,6,6,4770858.283,0.0,6.0,8.0,0.392,179221.362697
1672895,IT,FR,VEGE1,HOTEL,14.66,4768649.307,6,6,4768611.27,0.0,29.0,8.0,1.037,325283.035948
1674702,IT,FR,GLASS,RETA1,13.09,4767964.679,6,6,4767942.406,0.0,3.0,19.0,0.273,364244.818869
1716906,IT,NL,HOTEL,PUBLI,34.56,4767939.6,7,7,4767922.241,1.0,10.0,6.0,0.359,137961.215278
1766839,IT,RU,MACHI,REALE,26.57,4763410.606,6,6,4763396.215,0.0,6.0,8.0,0.391,179277.779676
1658629,IT,DE,MACHI,HOTEL,26.56,4761167.282,6,6,4761152.891,0.0,6.0,8.0,0.391,179260.81634
1813011,IT,WM,MACHI,HOTEL,26.56,4760552.824,6,6,4760538.433,0.0,6.0,8.0,0.391,179237.681627
1710840,IT,LU,PAPER,FINAN,18.43,4757527.825,6,6,4757481.356,0.0,38.0,8.0,0.469,258140.413728
1742676,IT,US,NONF1,ALUM1,1.04,4755757.043,5,5,4755756.016,0.0,0.0,1.0,0.027,4572843.310577
1743927,IT,US,SEACO,RESEA,4.84,4755679.525,6,6,4755677.443,0.0,1.0,1.0,0.082,982578.414256
1650366,IT,BG,ELEC2,WHOLE,1.14,4754225.95,4,4,4754225.453,0.0,0.0,0.0,0.497,4170373.640351
1787783,IT,WA,DAIRY,HOTEL,19.31,4754187.769,6,6,4754149.447,0.0,34.0,4.0,0.322,246203.405955
1742174,IT,US,GLASS,GLASS,13.05,4752917.207,6,6,4752894.935,0.0,3.0,19.0,0.272,364208.215096
1752158,IT,CN,BUSIN,BUSIN,48.81,4752175.337,7,7,4752156.009,1.0,9.0,9.0,0.328,97360.69119
1679729,IT,GR,BASIC,NICKE,5.47,4752111.005,6,6,4752104.705,0.0,2.0,4.0,0.3,868758.867459
1657941,IT,DE,BASIC,ELEC1,5.47,4750534.58,6,6,4750528.28,0.0,2.0,4.0,0.3,868470.672761
1666764,IT,ES,RUBBE,FABRI,15.74,4750430.113,6,6,4750415.682,0.0,7.0,7.0,0.431,301806.233355
1804349,IT,WF,MOTOR,SUPPO,7.09,4749083.968,6,6,4749077.581,0.0,2.0,4.0,0.387,669828.486319
1648186,IT,BE,BUSIN,PLAST,48.71,4743015.546,7,7,4742996.219,1.0,9.0,9.0,0.327,97372.521987
1759174,IT,BR,AIRTR,BUSIN,5.16,4740997.152,6,6,4740994.003,0.0,1.0,2.0,0.149,918797.897674
1729228,IT,SE,CERAM,DIST1,7.38,4739712.784,6,6,4739685.527,0.0,2.0,25.0,0.257,642237.504607
1726021,IT,RO,CHEM1,LANDT,9.9,4739319.201,6,6,4739307.684,0.0,4.0,7.0,0.517,478719.111212
1732304,IT,SI,NAPHT,CHEM1,8.04,4738424.161,6,6,4738411.822,0.0,3.0,9.0,0.339,589356.23893
1688998,IT,IE,MACHI,MOTO1,26.43,4737524.28,6,6,4737509.891,0.0,6.0,8.0,0.389,179247.986379
1642561,IT,AT,NONF1,NONF1,1.04,4735128.439,5,5,4735127.412,0.0,0.0,1.0,0.027,4553008.114423
1778927,IT,TR,SEACO,COPP1,4.81,4733870.312,6,6,4733868.23,0.0,1.0,1.0,0.082,984172.622037
1810576,IT,WM,PAPER,BUSIN,18.33,4731589.654,6,6,4731543.187,0.0,38.0,8.0,0.467,258133.641789
1759810,IT,BR,BUSIN,BUSIN,48.59,4731196.267,7,7,4731176.941,1.0,9.0,9.0,0.326,97369.752356
1666261,IT,ES,HEAVY,LANDT,7.64,4731100.15,6,6,4731092.77,0.0,2.0,5.0,0.38,619253.946335
1743306,IT,US,FURNI,REALE,15.1,4729839.34,6,6,4729812.933,0.0,14.0,12.0,0.407,313234.393377
1778922,IT,TR,SEACO,NONME,4.81,4728566.978,6,6,4728564.896,0.0,1.0,1.0,0.082,983070.057796
1740688,IT,US,CHEMI,CROPS,11.27,4727165.921,6,6,4726917.477,0.0,16.0,232.0,0.444,419446.843035
1713113,IT,MT,FOOD5,SEACO,22.7,4725631.603,6,6,4725603.181,0.0,22.0,6.0,0.422,208177.603656
1743167,IT,US,MOTO1,HEALT,25.14,4722887.704,6,6,4722874.397,0.0,5.0,8.0,0.307,187863.472713
1799797,IT,WE,GASDI,VEGET,7.03,4722883.775,6,6,4722877.39,0.0,2.0,4.0,0.385,671818.460171
1777491,IT,TR,BASIC,RUBBE,5.43,4715576.816,6,6,4715570.518,0.0,2.0,4.0,0.298,868430.352855
1673537,IT,FR,LEATH,SALEM,33.75,4712708.755,7,7,4712666.939,1.0,33.0,7.0,0.816,139635.814963
1677922,IT,FR,BUSIN,RETA1,48.37,4710005.075,7,7,4709985.75,1.0,9.0,9.0,0.325,97374.510544
1683427,IT,HR,BASIC,RETA1,5.42,4709925.556,6,6,4709919.258,0.0,2.0,4.0,0.298,868989.954982
1645626,IT,BE,CHEM1,OFFIC,9.84,4709831.281,6,6,4709819.767,0.0,4.0,7.0,0.514,478641.390346
1668562,IT,ES,HOTEL,HOTEL,34.13,4709487.111,7,7,4709470.756,1.0,9.0,6.0,0.355,137986.730472
1641786,IT,AT,CHEM1,RUBBE,9.84,4709467.392,6,6,4709455.878,0.0,4.0,7.0,0.514,478604.409756
1645961,IT,BE,CERAM,RESEA,7.33,4708462.776,6,6,4708436.521,0.0,2.0,24.0,0.255,642355.085402
1766800,IT,RU,MACHI,MACHI,26.27,4708125.767,6,6,4708111.38,0.0,6.0,8.0,0.387,179220.62303
1761590,IT,IN,NONF1,FABRI,1.03,4705652.962,5,5,4705651.936,0.0,0.0,1.0,0.026,4568595.108738
1812223,IT,WM,NONME,CEMEN,9.51,4705275.123,6,6,4705263.607,0.0,2.0,9.0,0.516,494771.306309
1794535,IT,WL,HEAVY,CRUDE,7.6,4705256.769,6,6,4705249.391,0.0,2.0,5.0,0.378,619112.732763
1806298,IT,WF,MACHI,REALE,26.24,4703964.077,6,6,4703949.691,0.0,6.0,8.0,0.386,179266.923666
1770305,IT,AU,HOTEL,RETA1,34.07,4700166.89,7,7,4700150.536,1.0,9.0,6.0,0.354,137956.175227
1750824,IT,CN,FURNI,CHEM1,14.99,4696990.176,6,6,4696963.772,0.0,14.0,12.0,0.404,313341.572782
1675183,IT,FR,NONF1,COPP1,1.03,4696915.646,5,5,4696914.62,0.0,0.0,1.0,0.026,4560112.27767
1674406,IT,FR,CHEM1,RENTI,9.82,4696657.848,6,6,4696646.335,0.0,4.0,7.0,0.513,478274.729939
1642253,IT,AT,NONME,CEMEN,9.49,4695541.332,6,6,4695529.817,0.0,2.0,9.0,0.515,494788.338462
1777823,IT,TR,FABRI,FABRI,19.11,4694776.505,6,6,4694763.168,0.0,4.0,9.0,0.337,245671.193354
1811269,IT,WM,BITU1,FOOD5,7.4,4691079.402,6,6,4691072.028,0.0,2.0,5.0,0.374,633929.648919
1777392,IT,TR,CERAM,CONST,7.3,4687680.488,6,6,4687654.234,0.0,2.0,24.0,0.254,642148.012055
1739484,IT,GB,LANDT,MACHI,30.23,4686371.192,6,6,4686362.97,0.0,2.0,6.0,0.222,155023.856831
1777278,IT,TR,RUBBE,INSUR,15.52,4685487.157,6,6,4685472.732,0.0,7.0,7.0,0.425,301899.945683
1778886,IT,TR,SEACO,MEAT1,4.76,4683546.654,6,6,4683544.573,0.0,1.0,1.0,0.081,983938.372689
1790551,IT,WA,NONF1,PFERT,1.02,4680438.953,5,5,4680437.927,0.0,0.0,1.0,0.026,4588665.640196
1654189,IT,CZ,MOTO1,SALEM,24.9,4678065.845,6,6,4678052.541,0.0,5.0,8.0,0.304,187874.130321
1658493,IT,DE,FABRI,BUSIN,19.03,4676669.318,6,6,4676655.983,0.0,4.0,9.0,0.335,245752.460221
1748879,IT,CN,WEARI,TEXTI,35.24,4676015.599,7,7,4675997.71,1.0,9.0,7.0,0.889,132690.567509
1768504,IT,AU,FOOD5,FOOD5,22.45,4673360.135,6,6,4673331.717,0.0,22.0,6.0,0.418,208167.48931
1673743,IT,FR,PAPER,FURNI,18.1,4670331.86,6,6,4670285.399,0.0,38.0,8.0,0.461,258029.38453
1725934,IT,RO,PLAST,OFFIC,9.8,4669553.255,6,6,4669543.78,0.0,4.0,5.0,0.475,476485.02602
1772383,IT,CH,CHEM1,WOODW,9.75,4667094.305,6,6,4667082.796,0.0,4.0,7.0,0.509,478676.338974
1645609,IT,BE,CHEM1,BIODI,9.75,4667047.191,6,6,4667035.682,0.0,4.0,7.0,0.509,478671.506769
1738083,IT,GB,RUBBE,WHOLE,15.45,4664213.73,6,6,4664199.307,0.0,7.0,7.0,0.423,301890.856311
1732691,IT,SI,CERAM,CONST,7.27,4663804.235,6,6,4663777.982,0.0,2.0,24.0,0.253,641513.649931
1658345,IT,DE,NONF1,FOUND,1.02,4662583.426,5,5,4662582.4,0.0,0.0,1.0,0.026,4571160.221569
1755684,IT,KR,RUBBE,CONST,15.43,4656783.068,6,6,4656768.646,0.0,7.0,7.0,0.422,301800.587686
1745473,IT,JP,FOOD5,FOOD5,22.37,4655817.189,6,6,4655788.773,0.0,22.0,6.0,0.416,208127.724139
1790511,IT,WA,COPP1,CONST,11.76,4655620.141,6,6,4655598.9,0.0,6.0,15.0,0.241,395886.066412
1765996,IT,RU,CHEM1,PLAST,9.73,4654369.402,6,6,4654357.894,0.0,4.0,7.0,0.508,478352.456526
1752505,IT,CA,FOOD5,FOOD5,22.36,4653926.013,6,6,4653897.597,0.0,22.0,6.0,0.416,208136.225984
1801347,IT,WE,MACHI,FABRI,25.94,4648947.557,6,6,4648933.175,0.0,6.0,8.0,0.382,179219.258173
1809749,IT,WM,FOOD5,RAWMI,22.33,4646916.435,6,6,4646888.02,0.0,22.0,6.0,0.415,208101.945141
1742392,IT,US,NONME,FURNI,9.39,4646378.161,6,6,4646366.651,0.0,2.0,9.0,0.51,494821.955378
1657966,IT,DE,BASIC,LANDT,5.34,4641291.521,6,6,4641285.228,0.0,2.0,4.0,0.293,869155.715543
1749651,IT,CN,CHEM1,LIQUE,9.7,4641241.874,6,6,4641230.367,0.0,4.0,7.0,0.507,478478.543711
1743133,IT,US,MOTO1,TRANS,24.69,4638627.796,6,6,4638614.494,0.0,5.0,8.0,0.302,187874.75885
1646079,IT,BE,BASIC,COPP1,5.34,4637453.589,6,6,4637447.296,0.0,2.0,4.0,0.293,868437.001685
1667671,IT,ES,MACHI,OFFIC,25.85,4633828.397,6,6,4633814.016,0.0,6.0,8.0,0.381,179258.351915
1675776,IT,FR,FURNI,WHOLE,14.79,4633491.916,6,6,4633466.518,0.0,13.0,12.0,0.398,313285.457471
1790535,IT,WA,NONF1,MEAT4,1.01,4633000.182,5,5,4632999.156,0.0,0.0,1.0,0.026,4587128.893069
1795613,IT,WL,FABRI,CRUDE,18.85,4632702.469,6,6,4632689.137,0.0,4.0,9.0,0.332,245766.709231
1745797,IT,JP,WEARI,HEALT,34.88,4627608.254,7,7,4627591.375,1.0,8.0,7.0,0.879,132672.254989
1723098,IT,PT,CHEM1,MOTO1,9.67,4625798.391,6,6,4625786.886,0.0,4.0,7.0,0.505,478365.914271
1658494,IT,DE,FABRI,PUBLI,18.8,4619721.085,6,6,4619707.754,0.0,4.0,9.0,0.331,245729.844947
1800092,IT,WE,NAPHT,LEATH,7.83,4610177.449,6,6,4610166.119,0.0,3.0,8.0,0.33,588783.837676
1657488,IT,DE,RUBBE,HEALT,15.27,4608286.078,6,6,4608271.66,0.0,7.0,7.0,0.418,301786.907531
1653040,IT,CZ,PLAST,MOTO1,9.67,4608046.736,6,6,4608037.267,0.0,4.0,5.0,0.469,476530.169183
1794001,IT,WL,WOODW,CONST,12.89,4607338.528,6,6,4607302.217,0.0,29.0,7.0,0.311,357435.106905
1685093,IT,HU,FOOD5,FOOD5,22.13,4606937.573,6,6,4606910.161,0.0,21.0,6.0,0.412,208176.12169
1785703,IT,ZA,NAPHT,PLAST,7.81,4602162.475,6,6,4602151.146,0.0,3.0,8.0,0.329,589265.361716
1811903,IT,WM,RUBBE,FURNI,15.25,4601790.54,6,6,4601776.123,0.0,7.0,7.0,0.417,301756.756721
1790675,IT,WA,FABRI,OFFIC,18.73,4601291.721,6,6,4601278.391,0.0,4.0,9.0,0.33,245664.267005
1773718,IT,CH,FURNI,BUSIN,14.68,4599505.317,6,6,4599479.922,0.0,13.0,12.0,0.395,313317.800886
1653339,IT,CZ,GLASS,GLASS,12.62,4597767.509,6,6,4597746.246,0.0,3.0,18.0,0.263,364323.891363
1749127,IT,CN,WOODW,FURNI,12.85,4592884.067,6,6,4592847.757,0.0,29.0,7.0,0.31,357422.884591
1668577,IT,ES,HOTEL,BUSIN,33.29,4592641.065,7,7,4592624.719,1.0,9.0,6.0,0.346,137958.578102
1789819,IT,WA,CERAM,MEAT4,7.15,4590216.396,6,6,4590190.147,0.0,2.0,24.0,0.249,641988.307133
1749708,IT,CN,CHEM1,SALEM,9.59,4586809.054,6,6,4586797.553,0.0,4.0,7.0,0.501,478290.829406
1795671,IT,WL,FABRI,FABRI,18.66,4586121.761,6,6,4586108.432,0.0,4.0,9.0,0.329,245772.870364
1734729,IT,SK,LEATH,WHOLE,32.82,4582912.057,7,7,4582871.264,1.0,32.0,7.0,0.793,139637.783577
1656536,IT,DE,PAPER,WHOLE,17.76,4582873.995,6,6,4582828.543,0.0,37.0,8.0,0.452,258044.706926
1756790,IT,KR,AIRTR,SUPPO,4.99,4581921.893,6,6,4581918.749,0.0,1.0,2.0,0.144,918220.82024
1650338,IT,BG,ELEC2,PFERT,1.1,4580246.893,4,4,4580246.414,0.0,0.0,0.0,0.479,4163860.811818
1657969,IT,DE,BASIC,SUPPO,5.27,4577250.524,6,6,4577244.235,0.0,2.0,4.0,0.289,868548.486528
1674952,IT,FR,BASIC,RESEA,5.27,4576453.636,6,6,4576447.347,0.0,2.0,4.0,0.289,868397.274383
1768538,IT,AU,FOOD5,HOTEL,21.97,4572582.913,6,6,4572555.504,0.0,21.0,6.0,0.409,208128.48944
1777951,IT,TR,MACHI,FABRI,25.48,4567145.783,6,6,4567132.408,0.0,6.0,7.0,0.375,179244.339992
1753514,IT,CA,MACHI,HYDRO,25.47,4564794.494,6,6,4564781.119,0.0,6.0,7.0,0.375,179222.398665
1737181,IT,GB,DAIRY,FOOD5,18.54,4564466.254,6,6,4564429.945,0.0,32.0,4.0,0.309,246195.590831
1811934,IT,WM,RUBBE,RESEA,15.12,4564308.624,6,6,4564294.21,0.0,7.0,7.0,0.414,301872.263492
1810230,IT,WM,LEATH,LEATH,32.68,4562487.427,7,7,4562446.637,1.0,32.0,7.0,0.79,139610.998378
1771966,IT,CH,PAPER,WHOLE,17.67,4560368.616,6,6,4560324.166,0.0,37.0,7.0,0.45,258085.37725
1723707,IT,PT,MACHI,OFFIC,25.44,4559609.48,6,6,4559596.105,0.0,6.0,7.0,0.375,179229.93239
1813389,IT,WM,FURNI,ELEC2,14.55,4559429.98,6,6,4559404.588,0.0,13.0,12.0,0.392,313362.885223
1752941,IT,CA,PLAST,CHEM1,9.57,4558774.475,6,6,4558765.011,0.0,4.0,5.0,0.464,476360.969175
1739308,IT,GB,HOTEL,HOTEL,33.04,4558166.333,7,7,4558149.99,1.0,9.0,6.0,0.343,137959.029449
1735079,IT,SK,CHEM1,RUBBE,9.52,4555817.969,6,6,4555806.472,0.0,4.0,7.0,0.497,478552.307668
1643574,IT,AT,SEACO,RESEA,4.63,4552671.85,6,6,4552669.771,0.0,1.0,1.0,0.079,983298.455724
1743619,IT,US,HOTEL,OFFIC,33.0,4552588.16,7,7,4552571.817,1.0,9.0,6.0,0.343,137957.21697
1715526,IT,NL,GASDI,OFFIC,6.78,4552144.302,6,6,4552137.931,0.0,2.0,4.0,0.371,671407.714159
1775750,IT,TR,CRUDE,MOTOR,8.96,4550230.49,6,6,4550222.099,0.0,3.0,5.0,0.391,507838.22433
1769807,IT,AU,MACHI,WHOLE,25.38,4548496.51,6,6,4548483.136,0.0,6.0,7.0,0.374,179215.780536
1653750,IT,CZ,COPP1,COPP1,11.49,4548319.759,6,6,4548298.524,0.0,6.0,15.0,0.235,395850.283638
1675361,IT,FR,MACHI,WOODW,25.37,4548082.7,6,6,4548069.326,0.0,6.0,7.0,0.374,179270.110367
1739728,IT,GB,SUPPO,SUPPO,32.68,4546609.991,6,6,4546597.768,0.0,4.0,8.0,0.223,139125.152723
1777325,IT,TR,GLASS,GLASS,12.48,4545043.053,6,6,4545021.793,0.0,3.0,18.0,0.26,364186.142067
1812331,IT,WM,BASIC,CHEM1,5.23,4543439.482,6,6,4543433.195,0.0,2.0,4.0,0.287,868726.478394
1755918,IT,KR,BASIC,MOTO1,5.23,4542193.44,6,6,4542187.153,0.0,2.0,4.0,0.287,868488.229446
1733631,IT,SI,HOTEL,OFFIC,32.91,4540110.551,7,7,4540094.209,1.0,9.0,6.0,0.342,137955.349468
1812555,IT,WM,ALUM1,CONST,7.89,4540074.821,6,6,4540064.457,0.0,3.0,7.0,0.364,575421.396831
1649759,IT,BG,BASIC,OFFIC,5.23,4539366.407,6,6,4539360.12,0.0,2.0,4.0,0.287,867947.687763
1642468,IT,AT,ALUM1,RESEA,7.88,4534774.521,6,6,4534764.158,0.0,3.0,7.0,0.363,575479.000127
1795529,IT,WL,ALUM1,FABRI,7.88,4534695.211,6,6,4534684.848,0.0,3.0,7.0,0.363,575468.935406
1742341,IT,US,NONME,CRUDE,9.16,4532271.689,6,6,4532260.192,0.0,2.0,9.0,0.497,494789.485699
1744040,IT,US,AIRTR,POSTT,4.93,4529076.788,6,6,4529073.645,0.0,1.0,2.0,0.143,918676.833266
1784643,IT,ID,MACHI,PUBLI,25.27,4528908.239,6,6,4528894.867,0.0,6.0,7.0,0.372,179220.745509
1726278,IT,RO,BASIC,CEMEN,5.21,4528862.071,6,6,4528855.785,0.0,2.0,4.0,0.286,869263.353359
1761353,IT,IN,GLASS,CONST,12.43,4527848.806,6,6,4527827.547,0.0,3.0,18.0,0.259,364267.804183
1782215,IT,NO,BASIC,TRANS,5.21,4523988.693,6,6,4523982.407,0.0,2.0,4.0,0.286,868327.964107
1679511,IT,GR,CHEM1,REALE,9.45,4523933.826,6,6,4523922.332,0.0,4.0,7.0,0.494,478723.15619
1763933,IT,MX,BASIC,PREC1,5.21,4523918.777,6,6,4523912.491,0.0,2.0,4.0,0.286,868314.54453
1675462,IT,FR,MACHI,RECRE,25.23,4522840.486,6,6,4522827.114,0.0,6.0,7.0,0.372,179264.387079
1763482,IT,MX,PLAST,MOTO1,9.49,4522463.62,6,6,4522454.16,0.0,4.0,5.0,0.46,476550.434141
1653647,IT,CZ,ALUM1,ALUM1,7.86,4522055.953,6,6,4522045.591,0.0,3.0,7.0,0.362,575325.18486
1805118,IT,WF,PFERT,VEGET,1.99,4520172.707,6,6,4520167.984,0.0,2.0,2.0,0.723,2271443.571357
1812891,IT,WM,FABRI,RESEA,18.39,4519806.025,6,6,4519792.701,0.0,4.0,9.0,0.324,245775.205275
1658813,IT,DE,MOTO1,RADIO,24.02,4512037.997,6,6,4512024.703,0.0,5.0,8.0,0.294,187845.04567
1749605,IT,CN,CHEM1,VEGET,9.42,4509240.669,6,6,4509229.177,0.0,4.0,7.0,0.492,478687.969108
1811281,IT,WM,BITU1,KEROS,7.11,4508818.813,6,6,4508811.454,0.0,2.0,5.0,0.359,634151.731786
1686437,IT,HU,BASIC,SALEM,5.19,4508425.691,6,6,4508419.406,0.0,2.0,4.0,0.285,868675.470328
1800013,IT,WE,HEAVY,CONST,7.28,4507571.811,6,6,4507564.449,0.0,2.0,5.0,0.362,619171.95206
1719828,IT,PL,BASIC,ELEC1,5.19,4506029.22,6,6,4506022.935,0.0,2.0,4.0,0.285,868213.722543
1645751,IT,BE,RUBBE,CHEM1,14.92,4503626.855,6,6,4503612.447,0.0,7.0,7.0,0.408,301851.665885
1750806,IT,CN,FURNI,WOODW,14.37,4501090.596,6,6,4501065.209,0.0,13.0,12.0,0.387,313228.294781
1716012,IT,NL,CEMEN,CONST,7.2,4500399.489,6,6,4500369.286,0.0,2.0,28.0,0.203,625055.484583
1719441,IT,PL,RUBBE,RETA1,14.9,4497040.997,6,6,4497026.589,0.0,7.0,7.0,0.408,301814.832013
1778901,IT,TR,SEACO,PAPER,4.57,4496424.196,6,6,4496422.118,0.0,1.0,1.0,0.078,983900.261707
1804236,IT,WF,COKEO,BASIC,0.57,4496320.618,4,4,4496320.595,0.0,0.0,0.0,0.023,7888281.785965
1756215,IT,KR,MACHI,ELEC2,25.08,4495102.368,6,6,4495088.999,0.0,6.0,7.0,0.369,179230.556938
1782318,IT,NO,NONF1,NONF1,0.98,4494375.511,5,5,4494374.486,0.0,0.0,1.0,0.025,4586097.460204
1801765,IT,WE,ELEC2,HEALT,1.08,4493741.15,4,4,4493740.68,0.0,0.0,0.0,0.47,4160871.435185
1713570,IT,MT,CEMEN,CONST,7.19,4492745.796,6,6,4492715.593,0.0,2.0,28.0,0.203,624860.333241
1789430,IT,WA,CHEM1,BUSIN,9.38,4489830.929,6,6,4489819.439,0.0,4.0,7.0,0.49,478660.013753
1719260,IT,PL,CHEM1,PFERT,9.38,4488735.84,6,6,4488724.35,0.0,4.0,7.0,0.49,478543.266525
1641074,IT,AT,PAPER,PRINT,17.39,4487354.94,6,6,4487311.497,0.0,36.0,7.0,0.443,258042.26222
1673697,IT,FR,PAPER,FOOD5,17.39,4487303.851,6,6,4487260.408,0.0,36.0,7.0,0.443,258039.324382
1812546,IT,WM,ALUM1,FABRI,7.79,4484393.572,6,6,4484384.213,0.0,3.0,6.0,0.359,575660.278819
1642275,IT,AT,NONME,CONST,9.06,4483297.44,6,6,4483285.948,0.0,2.0,9.0,0.492,494845.192053
1761061,IT,IN,PLAST,MOTO1,9.4,4481783.048,6,6,4481773.592,0.0,4.0,5.0,0.456,476785.430638
1796924,IT,WL,AIRTR,CRUDE,4.88,4481371.976,6,6,4481368.835,0.0,1.0,2.0,0.141,918313.929508
1714108,IT,MT,SEACO,WHOLE,4.55,4476232.494,6,6,4476230.417,0.0,1.0,1.0,0.077,983787.361319
1738360,IT,GB,PREC1,WEARI,7.59,4467199.049,6,6,4467181.843,0.0,8.0,9.0,0.206,588563.774572
1799704,IT,WE,MOTOR,SUPPO,6.67,4464323.515,6,6,4464317.151,0.0,2.0,4.0,0.364,669313.870315
1761473,IT,IN,PREC1,PREC1,7.58,4464149.483,6,6,4464132.278,0.0,8.0,9.0,0.205,588937.926517
1744950,IT,US,BUSIN,WHOLE,45.85,4463896.294,7,7,4463877.986,1.0,9.0,8.0,0.308,97358.697797
1719312,IT,PL,CHEM1,REALE,9.33,4463066.145,6,6,4463055.658,0.0,4.0,6.0,0.487,478356.5
1785671,IT,ZA,HEAVY,SUPPO,7.21,4460961.122,6,6,4460953.764,0.0,2.0,5.0,0.358,618718.602219
1795105,IT,WL,RUBBE,FOOD5,14.77,4456406.69,6,6,4456393.286,0.0,7.0,6.0,0.404,301720.155044
1771254,IT,CH,VEGE1,HOTEL,13.7,4455428.822,6,6,4455393.853,0.0,27.0,7.0,0.969,325213.782628
1740256,IT,GB,BUSIN,WHOLE,45.75,4454918.76,7,7,4454900.453,1.0,9.0,8.0,0.307,97375.273443
1719759,IT,PL,BASIC,BITUM,5.13,4454473.696,6,6,4454467.414,0.0,2.0,4.0,0.282,868318.459259
1771293,IT,CH,DAIRY,TEXTI,18.08,4451679.05,6,6,4451642.749,0.0,32.0,4.0,0.301,246221.186394
1812764,IT,WM,NONF1,REALE,0.97,4445014.733,5,5,4445013.708,0.0,0.0,1.0,0.025,4582489.415464
1777083,IT,TR,CHEM1,WHOLE,9.29,4444250.106,6,6,4444239.621,0.0,4.0,6.0,0.485,478390.754144
1810502,IT,WM,PAPER,FOOD5,17.21,4442519.489,6,6,4442476.051,0.0,36.0,7.0,0.438,258135.937769
1717718,IT,NL,BUSIN,COMPU,45.59,4439263.635,7,7,4439245.329,1.0,9.0,8.0,0.306,97373.626563
1645299,IT,BE,KEROS,PLAST,6.6,4435993.964,6,6,4435987.603,0.0,2.0,4.0,0.361,672120.297576
1749686,IT,CN,CHEM1,TRANS,9.27,4434792.321,6,6,4434781.837,0.0,4.0,6.0,0.484,478402.623625
1666142,IT,ES,GASDI,CONST,6.6,4434444.056,6,6,4434437.695,0.0,2.0,4.0,0.361,671885.46303
1788062,IT,WA,TEXTI,HOTEL,26.27,4433846.923,6,6,4433838.334,0.0,4.0,4.0,0.589,168779.86003
1650350,IT,BG,ELEC2,COPP1,1.07,4432272.542,4,4,4432272.078,0.0,0.0,0.0,0.464,4142310.786916
1683412,IT,HR,BASIC,MACHI,5.1,4431582.6,6,6,4431576.32,0.0,2.0,4.0,0.28,868937.764706
1676987,IT,FR,AIRTR,AIRTR,4.82,4431497.509,6,6,4431494.369,0.0,1.0,2.0,0.14,919397.823444
1659111,IT,DE,ELEC6,DISTR,0.65,4426478.916,4,4,4426478.207,0.0,0.0,0.0,0.709,6809967.563077
1742545,IT,US,PREC1,BITU1,7.52,4426388.941,6,6,4426371.737,0.0,8.0,9.0,0.204,588615.550665
1812754,IT,WM,NONF1,FURNI,0.97,4424473.072,5,5,4424472.047,0.0,0.0,1.0,0.025,4561312.445361
1743567,IT,US,HOTEL,MEAT1,32.06,4423384.779,7,7,4423369.446,1.0,9.0,5.0,0.333,137972.0767
1809846,IT,WM,FOOD5,EDUCA,21.24,4421923.6,6,6,4421897.205,0.0,21.0,5.0,0.395,208188.493409
1789023,IT,WA,NAPHT,KEROS,7.5,4417894.963,6,6,4417883.647,0.0,3.0,8.0,0.316,589052.661733
1675430,IT,FR,MACHI,POSTT,24.62,4413163.422,6,6,4413150.059,0.0,6.0,7.0,0.363,179251.154427
1657951,IT,DE,BASIC,DISTR,5.08,4412268.862,6,6,4412262.583,0.0,2.0,4.0,0.279,868556.862598
1738863,IT,GB,TRANS,TRANS,26.31,4408942.259,7,7,4408929.02,1.0,5.0,7.0,0.239,167576.67271
1675440,IT,FR,MACHI,HEALT,24.59,4408210.908,6,6,4408197.546,0.0,6.0,7.0,0.362,179268.438715
1774337,IT,CH,HOTEL,FABRI,31.95,4407748.3,7,7,4407732.968,1.0,9.0,5.0,0.332,137957.693271
1796128,IT,WL,TRANS,RAILW,26.3,4406698.285,7,7,4406685.046,1.0,5.0,7.0,0.239,167555.067871
1725428,IT,RO,TEXTI,HEALT,26.1,4405104.484,6,6,4405095.899,0.0,4.0,4.0,0.585,168777.949579
1642642,IT,AT,FABRI,MOTO1,17.92,4403350.964,6,6,4403337.648,0.0,4.0,9.0,0.316,245722.710045
1742070,IT,US,RUBBE,WOODW,14.57,4397825.537,6,6,4397812.138,0.0,7.0,6.0,0.399,301841.14873
1777272,IT,TR,RUBBE,LANDT,14.57,4397043.239,6,6,4397029.84,0.0,7.0,6.0,0.399,301787.456349
1741730,IT,US,NAPHT,CHEM1,7.46,4395471.304,6,6,4395459.99,0.0,3.0,8.0,0.314,589205.268633
1774370,IT,CH,HOTEL,SUPPO,31.84,4393305.431,7,7,4393290.1,1.0,9.0,5.0,0.331,137980.69821
1777069,IT,TR,CHEM1,FURNI,9.18,4393181.136,6,6,4393170.656,0.0,4.0,6.0,0.48,478560.036601
1757880,IT,BR,CHEM1,PLAST,9.18,4393180.882,6,6,4393170.402,0.0,4.0,6.0,0.48,478560.008932
1771553,IT,CH,TEXTI,CHEM1,26.03,4392495.83,6,6,4392487.247,0.0,4.0,4.0,0.583,168747.438725
1688816,IT,IE,CERAM,WHOLE,6.84,4388625.197,6,6,4388599.959,0.0,2.0,23.0,0.238,641611.870906
1732521,IT,SI,RUBBE,RUBBE,14.54,4388495.582,6,6,4388482.184,0.0,7.0,6.0,0.398,301822.254608
1811545,IT,WM,PFERT,CRUDE,1.93,4387255.541,6,6,4387250.839,0.0,2.0,2.0,0.702,2273189.399482
1686117,IT,HU,RUBBE,CONST,14.53,4385637.724,6,6,4385624.326,0.0,7.0,6.0,0.398,301833.291397
1652704,IT,CZ,PAPER,WOODW,16.99,4384729.193,6,6,4384686.76,0.0,35.0,7.0,0.433,258077.05668
1737911,IT,GB,CHEM1,FOOD5,9.16,4384007.216,6,6,4383996.737,0.0,4.0,6.0,0.479,478603.40786
1653535,IT,CZ,BASIC,ELECT,5.05,4383249.778,6,6,4383243.501,0.0,2.0,4.0,0.277,867970.253069
1674048,IT,FR,GASDI,CONST,6.52,4382147.838,6,6,4382141.481,0.0,2.0,4.0,0.357,672108.56411
1780146,IT,TW,HOTEL,RUBBE,31.74,4379383.482,7,7,4379368.152,1.0,9.0,5.0,0.33,137976.795274
1795299,IT,WL,CEMEN,CONST,7.0,4376213.762,6,6,4376185.565,0.0,1.0,27.0,0.197,625173.394571
1737508,IT,GB,WOODW,PAPER,12.24,4376112.868,6,6,4376077.573,0.0,28.0,7.0,0.295,357525.561111
1656498,IT,DE,PAPER,PLAST,16.96,4375780.685,6,6,4375738.253,0.0,35.0,7.0,0.432,258005.936616
1804243,IT,WF,MOTOR,CEREA,6.53,4372532.95,6,6,4372526.594,0.0,2.0,4.0,0.356,669606.883614
1812330,IT,WM,BASIC,PFERT,5.03,4370186.765,6,6,4370180.489,0.0,2.0,4.0,0.276,868824.406561
1686810,IT,HU,FABRI,RUBBE,17.78,4368727.963,6,6,4368714.65,0.0,4.0,9.0,0.313,245710.234139
1688810,IT,IE,GLASS,LANDT,11.99,4367966.565,6,6,4367946.315,0.0,3.0,17.0,0.25,364300.797748
1748454,IT,CN,STONE,PFERT,14.13,4366802.346,6,6,4366555.147,0.0,3.0,244.0,0.199,309044.752017
1682815,IT,HR,HEAVY,CONST,7.05,4366760.459,6,6,4366753.108,0.0,2.0,5.0,0.351,619398.646667
1739521,IT,GB,LANDT,BUSIN,28.16,4365333.019,6,6,4365324.813,0.0,2.0,6.0,0.206,155018.928232
1777621,IT,TR,ALUM1,MOTO1,7.58,4364033.671,6,6,4364024.321,0.0,3.0,6.0,0.35,575730.035752
1789866,IT,WA,CERAM,HOTEL,6.79,4359675.58,6,6,4359650.344,0.0,2.0,23.0,0.236,642072.986745
1668082,IT,ES,FURNI,RECRE,13.91,4358413.077,6,6,4358388.702,0.0,13.0,11.0,0.375,313329.480733
1761535,IT,IN,LEAD1,BASIC,7.58,4358374.512,6,6,4358344.145,0.0,11.0,19.0,0.367,574983.444855
1789299,IT,WA,PFERT,PFERT,1.92,4357662.033,6,6,4357657.336,0.0,2.0,2.0,0.697,2269615.642188
1812120,IT,WM,BRICK,PFERT,6.54,4356703.928,6,6,4356679.649,0.0,2.0,22.0,0.279,666162.680122
1771213,IT,CH,VEGE1,DAIRY,13.4,4355985.52,6,6,4355950.572,0.0,27.0,7.0,0.948,325073.546269
1749649,IT,CN,CHEM1,HEAVY,9.1,4354229.373,6,6,4354218.898,0.0,4.0,6.0,0.475,478486.744286
1776896,IT,TR,PLAST,LEATH,9.13,4351928.522,6,6,4351920.079,0.0,3.0,5.0,0.443,476662.488719
1803021,IT,WF,WHEAT,RESEA,3.29,4350195.319,6,6,4350162.214,0.0,32.0,1.0,0.105,1322247.817325
1813012,IT,WM,MACHI,RAILW,24.26,4348040.81,6,6,4348027.453,0.0,6.0,7.0,0.357,179226.744023
1715270,IT,NL,PAPER,PRINT,16.85,4347922.45,6,6,4347880.021,0.0,35.0,7.0,0.429,258036.940653
1658150,IT,DE,ALUM1,TRANS,7.55,4347884.236,6,6,4347874.888,0.0,3.0,6.0,0.348,575878.706755
1676040,IT,FR,ELEC6,TRAN1,0.64,4345639.665,4,4,4345638.969,0.0,0.0,0.0,0.696,6790061.976562
1646068,IT,BE,BASIC,BIODI,5.0,4344505.266,6,6,4344498.991,0.0,2.0,4.0,0.275,868901.0532
1642316,IT,AT,BASIC,PLAST,5.0,4343547.848,6,6,4343541.573,0.0,2.0,4.0,0.275,868709.5696
1723298,IT,PT,CERAM,CONST,6.76,4339539.001,6,6,4339514.766,0.0,2.0,22.0,0.235,641943.639201
1675355,IT,FR,MACHI,FOOD5,24.21,4339468.653,6,6,4339455.296,0.0,6.0,7.0,0.357,179242.819207
1659710,IT,DE,RAILW,BASIC,29.03,4338992.515,6,6,4338960.32,0.0,2.0,30.0,0.195,149465.811746
1641286,IT,AT,MOTOR,LANDT,6.48,4336154.818,6,6,4336148.465,0.0,2.0,4.0,0.353,669159.694136
1675304,IT,FR,FABRI,PUBLI,17.65,4336079.433,6,6,4336066.122,0.0,4.0,9.0,0.311,245670.222833
1740959,IT,US,FOOD5,PUBLI,20.83,4335196.487,6,6,4335171.099,0.0,20.0,5.0,0.388,208122.731013
1778969,IT,TR,SEACO,PUBLI,4.41,4334626.358,6,6,4334624.283,0.0,1.0,1.0,0.075,982908.471202
1722162,IT,PL,BUSIN,BUSIN,44.51,4333768.805,7,7,4333750.506,1.0,9.0,8.0,0.299,97366.182993
1674394,IT,FR,CHEM1,HOTEL,9.05,4329509.232,6,6,4329498.759,0.0,4.0,6.0,0.473,478398.810166
1795819,IT,WL,MACHI,DISTR,24.15,4328631.333,6,6,4328617.977,0.0,6.0,7.0,0.356,179239.392671
1743577,IT,US,HOTEL,TEXTI,31.37,4328036.121,7,7,4328020.795,1.0,9.0,5.0,0.326,137967.361205
1666629,IT,ES,CHEM1,RESEA,9.04,4324626.813,6,6,4324616.341,0.0,4.0,6.0,0.472,478387.921792
1686327,IT,HU,NONME,CEMEN,8.73,4322975.514,6,6,4322964.04,0.0,2.0,9.0,0.474,495186.198625
1742806,IT,US,FABRI,REALE,17.59,4322167.305,6,6,4322153.995,0.0,4.0,9.0,0.31,245717.299886
1667168,IT,ES,BASIC,DIST1,4.97,4320268.988,6,6,4320262.715,0.0,2.0,4.0,0.273,869269.414085
1812395,IT,WM,BASIC,93197,4.97,4318834.791,6,6,4318828.518,0.0,2.0,4.0,0.273,868980.84326
1657277,IT,DE,CHEM1,HOTEL,9.03,4318775.043,6,6,4318764.572,0.0,4.0,6.0,0.471,478269.661462
1653519,IT,CZ,BASIC,RUBBE,4.97,4318304.23,6,6,4318297.957,0.0,2.0,4.0,0.273,868874.090543
1746812,IT,JP,MACHI,ELECT,24.09,4318231.228,6,6,4318217.873,0.0,6.0,7.0,0.355,179254.098298
1801116,IT,WE,NONF1,NONF1,0.94,4318180.276,5,5,4318179.252,0.0,0.0,1.0,0.024,4593808.804255
1749709,IT,CN,CHEM1,WHOLE,9.02,4315618.46,6,6,4315607.989,0.0,4.0,6.0,0.471,478449.940133
1750538,IT,CN,MACHI,RAILW,24.07,4314687.591,6,6,4314674.237,0.0,6.0,7.0,0.354,179255.82015
1755843,IT,KR,CEMEN,CONST,6.9,4313479.662,6,6,4313451.467,0.0,1.0,27.0,0.195,625141.98
1662368,IT,DK,BASIC,MOTO1,4.97,4313389.568,6,6,4313383.295,0.0,2.0,4.0,0.273,867885.22495
1809845,IT,WM,FOOD5,PUBLI,20.71,4310886.473,6,6,4310861.088,0.0,20.0,5.0,0.385,208154.827282
1790842,IT,WA,MACHI,WHOLE,24.05,4310428.218,6,6,4310414.864,0.0,6.0,7.0,0.354,179227.784532
1810860,IT,WM,KEROS,WHOLE,6.41,4310262.965,6,6,4310256.614,0.0,2.0,4.0,0.351,672427.919657
1750184,IT,CN,ALUM1,FABRI,7.49,4308158.537,6,6,4308149.192,0.0,3.0,6.0,0.345,575188.055674
1749653,IT,CN,CHEM1,NAPHT,9.0,4306299.765,6,6,4306289.295,0.0,4.0,6.0,0.47,478477.751667
1801380,IT,WE,MACHI,POSTT,23.99,4300261.031,6,6,4300247.678,0.0,6.0,7.0,0.353,179252.231388
1789314,IT,WA,CHEM1,CROPS,8.98,4299185.759,6,6,4299175.29,0.0,4.0,6.0,0.469,478751.198107
1787676,IT,WA,VEGE1,PIGS9,13.22,4298957.023,6,6,4298923.088,0.0,26.0,7.0,0.935,325185.856505
1685873,IT,HU,CHEM1,BIOGA,8.98,4298729.471,6,6,4298719.002,0.0,4.0,6.0,0.469,478700.386526
1645618,IT,BE,CHEM1,PREC1,8.98,4295839.093,6,6,4295828.624,0.0,4.0,6.0,0.469,478378.518151
1737918,IT,GB,CHEM1,WOODW,8.97,4294044.033,6,6,4294033.564,0.0,4.0,6.0,0.469,478711.709365
1732871,IT,SI,BASIC,BUSIN,4.94,4290823.925,6,6,4290817.654,0.0,2.0,4.0,0.271,868587.839069
1771419,IT,CH,FOOD5,HOTEL,20.61,4290810.231,6,6,4290784.847,0.0,20.0,5.0,0.384,208190.695342
1805090,IT,WF,NFERT,CATTL,0.9,4287183.696,4,4,4287183.345,0.0,0.0,0.0,0.351,4763537.44
1789315,IT,WA,CHEM1,CATTL,8.95,4283945.915,6,6,4283935.447,0.0,4.0,6.0,0.468,478653.17486
1673770,IT,FR,PAPER,RENTI,16.59,4282526.627,6,6,4282484.205,0.0,35.0,7.0,0.422,258139.037191
1806303,IT,WF,MACHI,EDUCA,23.89,4282145.587,6,6,4282132.235,0.0,6.0,7.0,0.352,179244.269025
1735576,IT,SK,ALUM1,LANDT,7.44,4280106.89,6,6,4280097.547,0.0,3.0,6.0,0.343,575283.18414
1714532,IT,NL,CRUDE,RUBBE,8.43,4279813.251,6,6,4279804.883,0.0,3.0,5.0,0.368,507688.404626
1688668,IT,IE,CHEM1,FOOD5,8.94,4279753.058,6,6,4279742.591,0.0,4.0,6.0,0.467,478719.581432
1674771,IT,FR,CERAM,HEALT,6.67,4279114.126,6,6,4279089.894,0.0,2.0,22.0,0.232,641546.345727
1769779,IT,AU,MACHI,FABRI,23.87,4277984.969,6,6,4277971.618,0.0,6.0,7.0,0.351,179220.149518
1812990,IT,WM,MACHI,MOTO1,23.85,4275072.325,6,6,4275058.974,0.0,6.0,7.0,0.351,179248.315514
1715938,IT,NL,GLASS,CONST,11.73,4274607.509,6,6,4274587.264,0.0,3.0,17.0,0.245,364416.667434
1803851,IT,WF,TEXTI,WHOLE,25.33,4274520.274,6,6,4274511.707,0.0,4.0,4.0,0.567,168753.267825
1727012,IT,RO,HOTEL,PUBLI,30.95,4269554.815,7,7,4269539.493,1.0,9.0,5.0,0.322,137950.074798
1795844,IT,WL,MACHI,BUSIN,23.82,4269520.077,6,6,4269506.726,0.0,6.0,7.0,0.351,179240.977204
1784127,IT,ID,PULP5,WOODW,13.02,4269381.109,6,6,4269353.708,0.0,20.0,7.0,0.401,327909.455376
1794123,IT,WL,PAPER,WHOLE,16.54,4268935.644,6,6,4268894.223,0.0,34.0,7.0,0.421,258097.681016
1790570,IT,WA,NONF1,OFFIC,0.93,4268275.83,5,5,4268274.806,0.0,0.0,1.0,0.024,4589543.903226
1810090,IT,WM,TEXTI,RETA1,25.29,4268161.042,6,6,4268152.475,0.0,4.0,4.0,0.567,168768.724476
1742414,IT,US,NONME,RESEA,8.62,4265848.41,6,6,4265836.942,0.0,2.0,9.0,0.468,494878.0058
1777753,IT,TR,NONF1,CONST,0.93,4265089.532,5,5,4265088.508,0.0,0.0,1.0,0.024,4586117.776344
1772899,IT,CH,BASIC,POSTT,4.91,4263165.553,6,6,4263159.283,0.0,2.0,4.0,0.27,868261.823422
1674950,IT,FR,BASIC,RENTI,4.9,4260061.945,6,6,4260055.676,0.0,2.0,4.0,0.269,869400.396939
1809338,IT,WM,STONE,EDUCA,13.77,4257185.901,6,6,4256944.707,0.0,3.0,238.0,0.194,309163.827233
1755102,IT,KR,LEATH,TEXTI,30.49,4256353.384,6,6,4256316.647,0.0,30.0,6.0,0.737,139598.339915
1794342,IT,WL,MOTOR,LANDT,6.35,4253517.433,6,6,4253511.086,0.0,2.0,4.0,0.347,669845.265039
1647620,IT,BE,POSTT,POSTT,70.04,4253055.364,7,7,4253043.04,1.0,4.0,7.0,0.324,60723.23478
1659796,IT,DE,LANDT,MOTOR,27.43,4251983.007,6,6,4251974.806,0.0,2.0,6.0,0.201,155012.140248
1673539,IT,FR,LEATH,WHOLE,30.44,4249798.839,6,6,4249762.104,0.0,30.0,6.0,0.735,139612.314028
1658065,IT,DE,PREC1,CONST,7.22,4247681.441,6,6,4247664.246,0.0,8.0,9.0,0.195,588321.529224
1812252,IT,WM,NONME,REALE,8.58,4245664.604,6,6,4245653.138,0.0,2.0,9.0,0.466,494832.704429
1647894,IT,BE,REALE,PLAST,179.32,4244312.313,6,6,4244296.034,0.0,5.0,11.0,0.279,23668.928803
1778954,IT,TR,SEACO,RETA1,4.32,4243115.839,6,6,4243113.766,0.0,1.0,1.0,0.073,982202.740509
1811503,IT,WM,PLAST,HEALT,8.9,4241108.32,6,6,4241100.889,0.0,3.0,4.0,0.431,476529.024719
1785658,IT,ZA,HEAVY,ELEC1,6.85,4239371.482,6,6,4239365.142,0.0,2.0,4.0,0.34,618886.347737
1806168,IT,WF,FABRI,POSTT,17.25,4238894.902,6,6,4238882.598,0.0,4.0,8.0,0.304,245733.037797
1810555,IT,WM,PAPER,CONST,16.42,4238748.535,6,6,4238707.117,0.0,34.0,7.0,0.418,258145.464982
1657576,IT,DE,GLASS,MACHI,11.63,4237784.51,6,6,4237764.267,0.0,3.0,17.0,0.243,364383.878762
1812865,IT,WM,FABRI,DISTR,17.23,4232740.857,6,6,4232728.553,0.0,4.0,8.0,0.304,245661.106036
1794597,IT,WL,HEAVY,FURNI,6.83,4230465.762,6,6,4230459.422,0.0,2.0,4.0,0.34,619394.69429
1735557,IT,SK,ALUM1,MACHI,7.35,4228988.285,6,6,4228978.946,0.0,3.0,6.0,0.339,575372.555782
1771673,IT,CH,WEARI,WHOLE,31.86,4227422.139,7,7,4227406.336,1.0,8.0,6.0,0.803,132687.449435
1795459,IT,WL,PREC1,FOUND,7.18,4227179.792,6,6,4227162.597,0.0,8.0,9.0,0.195,588743.703621
1649754,IT,BG,BASIC,COPP1,4.87,4227104.639,6,6,4227098.372,0.0,2.0,4.0,0.267,867988.632238
1805073,IT,WF,PLAST,RESEA,8.87,4227053.543,6,6,4227046.113,0.0,3.0,4.0,0.43,476556.205524
1811944,IT,WM,RUBBE,93197,14.0,4226671.745,6,6,4226659.362,0.0,6.0,6.0,0.383,301905.124643
1742919,IT,US,MACHI,FOUND,23.58,4226215.094,6,6,4226201.747,0.0,6.0,7.0,0.347,179228.799576
1746552,IT,JP,NONME,CONST,8.53,4222485.252,6,6,4222473.789,0.0,2.0,9.0,0.463,495015.856038
1789398,IT,WA,CHEM1,FURNI,8.82,4221641.877,6,6,4221631.416,0.0,4.0,6.0,0.461,478644.203741
1732952,IT,SI,ALUM1,MOTO1,7.33,4221168.831,6,6,4221159.493,0.0,3.0,6.0,0.338,575875.693179
1683400,IT,HR,BASIC,RUBBE,4.86,4221105.761,6,6,4221099.494,0.0,2.0,4.0,0.267,868540.280041
1794944,IT,WL,CHEM1,PLAST,8.82,4220525.374,6,6,4220514.913,0.0,4.0,6.0,0.461,478517.6161
1761136,IT,IN,CHEM1,PLAST,8.82,4220499.508,6,6,4220489.047,0.0,4.0,6.0,0.461,478514.683447
1764276,IT,MX,MACHI,WHOLE,23.52,4216727.304,6,6,4216713.958,0.0,6.0,7.0,0.346,179282.623469
1777096,IT,TR,CHEM1,REALE,8.81,4216592.217,6,6,4216581.757,0.0,4.0,6.0,0.46,478614.326561
1780967,IT,TW,BUSIN,MOTOR,43.3,4216307.547,7,7,4216290.256,1.0,8.0,8.0,0.291,97374.308245
1801758,IT,WE,ELEC2,INSUR,1.02,4215207.313,4,4,4215206.872,0.0,0.0,0.0,0.441,4132556.189216
1666602,IT,ES,CHEM1,FURNI,8.8,4209086.574,6,6,4209076.115,0.0,4.0,6.0,0.459,478305.2925
1686409,IT,HU,BASIC,CEMEN,4.84,4207592.711,6,6,4207586.445,0.0,2.0,4.0,0.266,869337.336983
1720446,IT,PL,MACHI,ALUM1,23.47,4207547.888,6,6,4207535.542,0.0,5.0,7.0,0.346,179273.450703
1657235,IT,DE,CHEM1,GLASS,8.79,4207532.683,6,6,4207522.224,0.0,4.0,6.0,0.459,478672.660182
1646076,IT,BE,BASIC,PREC1,4.84,4205903.918,6,6,4205897.652,0.0,2.0,4.0,0.266,868988.41281
1676818,IT,FR,LANDT,TRANS,27.13,4205079.966,6,6,4205071.767,0.0,2.0,6.0,0.199,154997.418577
1776894,IT,TR,PLAST,TEXTI,8.82,4203975.766,6,6,4203968.338,0.0,3.0,4.0,0.428,476641.243311
1749960,IT,CN,CERAM,CERAM,6.55,4203788.294,6,6,4203764.066,0.0,2.0,22.0,0.228,641799.739542
1741889,IT,US,CHEM1,KEROS,8.78,4201003.595,6,6,4200993.136,0.0,4.0,6.0,0.459,478474.213554
1761666,IT,IN,FABRI,MACHI,17.09,4199431.23,6,6,4199418.929,0.0,4.0,8.0,0.301,245724.472206
1790083,IT,WA,BASIC,MEAT4,4.83,4196841.001,6,6,4196834.736,0.0,2.0,4.0,0.265,868911.180331
1640164,IT,AT,VEGET,FOOD5,14.85,4195737.669,6,6,4195718.504,0.0,17.0,2.0,0.165,282541.257172
1801757,IT,WE,ELEC2,FINAN,1.01,4194358.11,4,4,4194357.671,0.0,0.0,0.0,0.439,4152829.811881
1782185,IT,NO,BASIC,CRUDE,4.83,4194070.219,6,6,4194063.954,0.0,2.0,4.0,0.265,868337.519462
1657170,IT,DE,CHEM1,VEGET,8.76,4193967.691,6,6,4193957.233,0.0,4.0,6.0,0.458,478763.435046
1741621,IT,US,HEAVY,CRUDE,6.77,4192646.08,6,6,4192639.743,0.0,2.0,4.0,0.337,619297.79616
1751490,IT,CN,AIRTR,EDUCA,4.56,4192365.611,6,6,4192362.479,0.0,1.0,2.0,0.132,919378.423465
1681967,IT,HR,FOOD5,OFFIC,20.12,4188913.528,6,6,4188889.154,0.0,19.0,5.0,0.374,208196.497416
1667344,IT,ES,LEAD1,LEAD1,7.28,4188182.477,6,6,4188154.124,0.0,10.0,18.0,0.353,575299.790797
1790863,IT,WA,MACHI,HEALT,23.36,4186863.491,6,6,4186851.147,0.0,5.0,7.0,0.344,179232.169991
1675617,IT,FR,MOTO1,SUPPO,22.28,4186668.953,6,6,4186656.681,0.0,5.0,7.0,0.272,187911.532899
1794987,IT,WL,CHEM1,HOTEL,8.75,4186457.817,6,6,4186447.36,0.0,4.0,6.0,0.457,478452.321943
1790844,IT,WA,MACHI,HOTEL,23.35,4185523.481,6,6,4185511.137,0.0,5.0,7.0,0.344,179251.540942
1674688,IT,FR,GLASS,MACHI,11.49,4184694.034,6,6,4184673.794,0.0,3.0,17.0,0.24,364203.136118
1663283,IT,DK,SEACO,RENTI,4.25,4181597.066,6,6,4181594.994,0.0,1.0,1.0,0.072,983905.192
1787827,IT,WA,FOOD5,POULT,20.08,4180414.706,6,6,4180390.332,0.0,19.0,5.0,0.374,208187.983367
1741925,IT,US,CHEM1,MACHI,8.73,4179108.13,6,6,4179097.674,0.0,4.0,6.0,0.456,478706.544101
1718724,IT,PL,PULP5,PAPER,12.73,4176014.181,6,6,4175986.789,0.0,20.0,7.0,0.392,328045.104556
1658342,IT,DE,NONF1,LEAD1,0.91,4174202.11,5,5,4174201.087,0.0,0.0,1.0,0.023,4587035.285714
1688486,IT,IE,LEATH,PLAST,29.89,4173568.512,6,6,4173532.79,0.0,29.0,6.0,0.722,139630.930478
1741915,IT,US,CHEM1,CEMEN,8.72,4170304.753,6,6,4170294.298,0.0,4.0,6.0,0.455,478245.957913
1658923,IT,DE,FURNI,FURNI,13.31,4170014.044,6,6,4169990.685,0.0,12.0,11.0,0.359,313299.327122
1744817,IT,US,RESEA,WHOLE,22.59,4166324.916,6,6,4166314.624,0.0,4.0,6.0,0.292,184432.267198
1654750,IT,CZ,AIRTR,OFFIC,4.53,4163336.392,6,6,4163333.261,0.0,1.0,2.0,0.131,919058.806181
1813402,IT,WM,FURNI,HOTEL,13.28,4160629.272,6,6,4160605.914,0.0,12.0,11.0,0.358,313300.396988
1795003,IT,WL,CHEM1,EDUCA,8.69,4158839.507,6,6,4158829.053,0.0,4.0,6.0,0.454,478577.618757
1750470,IT,CN,MACHI,PAPER,23.2,4158614.017,6,6,4158601.675,0.0,5.0,7.0,0.342,179250.604181
1790852,IT,WA,MACHI,POSTT,23.2,4157703.023,6,6,4157690.681,0.0,5.0,7.0,0.342,179211.337198
1757870,IT,BR,CHEM1,GASDI,8.68,4152768.176,6,6,4152757.723,0.0,4.0,6.0,0.453,478429.513364
1667360,IT,ES,LEAD1,CONST,7.22,4150880.802,6,6,4150852.452,0.0,10.0,18.0,0.35,574914.238504
1796131,IT,WL,TRANS,SEACO,24.77,4150041.295,6,6,4150029.07,0.0,5.0,7.0,0.225,167543.04784
1813410,IT,WM,FURNI,POSTT,13.25,4149865.55,6,6,4149842.193,0.0,12.0,11.0,0.357,313197.4
1761591,IT,IN,NONF1,MACHI,0.91,4149716.435,5,5,4149715.412,0.0,0.0,1.0,0.023,4560127.950549
1804815,IT,WF,NAPHT,ELEC4,7.04,4148715.003,6,6,4148704.706,0.0,3.0,7.0,0.297,589306.108381
1735809,IT,SK,MACHI,FABRI,23.14,4148131.845,6,6,4148119.504,0.0,5.0,7.0,0.341,179262.396067
1750185,IT,CN,ALUM1,MACHI,7.21,4147652.45,6,6,4147643.118,0.0,3.0,6.0,0.332,575263.862691
1674297,IT,FR,PLAST,MOTO1,8.7,4147000.525,6,6,4146993.103,0.0,3.0,4.0,0.422,476666.727011
1743578,IT,US,HOTEL,WEARI,30.05,4146552.685,7,7,4146538.373,1.0,8.0,5.0,0.312,137988.442097
1752410,IT,CA,VEGE1,CHEM1,12.75,4144811.031,6,6,4144778.129,0.0,25.0,7.0,0.902,325083.218118
1742249,IT,US,CERAM,RETA1,6.45,4142991.134,6,6,4142967.909,0.0,2.0,21.0,0.225,642324.206822
1747458,IT,JP,SEACO,MOTOR,4.21,4142719.219,6,6,4142717.147,0.0,1.0,1.0,0.072,984018.816865
1690448,IT,IE,PAPE4,CEREA,27.32,4142701.063,6,6,4142687.825,0.0,3.0,10.0,0.238,151636.202892
1743045,IT,US,OFFIC,BUSIN,12.84,4142537.691,6,6,4142528.392,0.0,4.0,5.0,0.299,322627.546028
1748792,IT,CN,TEXTI,CHEM1,24.55,4142388.902,6,6,4142380.352,0.0,4.0,4.0,0.55,168732.745499
1772099,IT,CH,COKEO,BASIC,0.52,4142177.313,4,4,4142177.292,0.0,0.0,0.0,0.021,7965725.601923
1804533,IT,WF,GASDI,SUPPO,6.16,4141949.112,6,6,4141942.775,0.0,2.0,4.0,0.337,672394.336364
1742922,IT,US,MACHI,OFFIC,23.1,4140692.908,6,6,4140680.568,0.0,5.0,7.0,0.34,179250.775238
1751482,IT,CN,AIRTR,POSTT,4.51,4139181.945,6,6,4139178.815,0.0,1.0,2.0,0.13,917778.701774
1813036,IT,WM,MACHI,93197,23.09,4138155.744,6,6,4138143.404,0.0,5.0,7.0,0.34,179218.525076
1764476,IT,MX,FURNI,HEALT,13.2,4135760.175,6,6,4135736.819,0.0,12.0,11.0,0.356,313315.164773
1775331,IT,CH,BUSIN,RESEA,42.46,4133755.741,7,7,4133738.456,1.0,8.0,8.0,0.285,97356.470584
1645624,IT,BE,CHEM1,FABRI,8.63,4130395.033,6,6,4130384.582,0.0,4.0,6.0,0.451,478608.926188
1742477,IT,US,BASIC,RUBBE,4.75,4127914.344,6,6,4127908.083,0.0,2.0,4.0,0.261,869034.598737
1785705,IT,ZA,NAPHT,PFERT,7.0,4125166.14,6,6,4125155.845,0.0,3.0,7.0,0.295,589309.448571
1794918,IT,WL,CHEM1,FOOD5,8.62,4123177.033,6,6,4123166.583,0.0,4.0,6.0,0.45,478326.801972
1796887,IT,WL,SEACO,SEACO,4.19,4122677.0,6,6,4122674.929,0.0,1.0,1.0,0.071,983932.458234
1750380,IT,CN,FABRI,ELECT,16.77,4120549.299,6,6,4120537.003,0.0,4.0,8.0,0.296,245709.558676
1782214,IT,NO,BASIC,MOTO1,4.74,4117053.102,6,6,4117046.842,0.0,2.0,4.0,0.26,868576.603797
1812204,IT,WM,NONME,GASDI,8.32,4116763.694,6,6,4116753.242,0.0,2.0,8.0,0.452,494803.328606
1760673,IT,IN,PAPER,WOODW,15.94,4112373.617,6,6,4112333.211,0.0,33.0,7.0,0.406,257990.816625
1742810,IT,US,FABRI,BUSIN,16.73,4110742.786,6,6,4110730.491,0.0,4.0,8.0,0.295,245710.86587
1799193,IT,WE,WEARI,HEALT,30.98,4110698.044,7,7,4110682.263,1.0,8.0,6.0,0.781,132688.768367
1811497,IT,WM,PLAST,REALE,8.61,4104069.815,6,6,4104062.398,0.0,3.0,4.0,0.417,476663.160859
1737961,IT,GB,CHEM1,MOTO1,8.58,4103541.783,6,6,4103531.335,0.0,4.0,6.0,0.448,478268.273077
1666211,IT,ES,HEAVY,KERO1,6.63,4102310.22,6,6,4102303.891,0.0,2.0,4.0,0.329,618749.656109
1761479,IT,IN,PREC1,FABRI,6.97,4100897.588,6,6,4100881.399,0.0,8.0,8.0,0.189,588364.072884
1785543,IT,ZA,KEROS,FABRI,6.1,4100748.058,6,6,4100741.724,0.0,2.0,4.0,0.334,672253.78
1743313,IT,US,FURNI,HEALT,13.09,4100715.863,6,6,4100692.51,0.0,12.0,11.0,0.353,313270.883346
1742492,IT,US,BASIC,ELECT,4.72,4099432.284,6,6,4099426.025,0.0,2.0,4.0,0.259,868523.788983
1772876,IT,CH,BASIC,SECO9,4.72,4096050.234,6,6,4096043.975,0.0,2.0,4.0,0.259,867807.252966
1809769,IT,WM,FOOD5,BEVER,19.67,4094418.038,6,6,4094393.672,0.0,19.0,5.0,0.366,208155.467107
1788129,IT,WA,WEARI,WEARI,30.85,4093365.908,7,7,4093350.13,1.0,8.0,6.0,0.778,132686.091021
1746967,IT,JP,MOTO1,LANDT,21.77,4089985.576,6,6,4089973.31,0.0,5.0,7.0,0.266,187872.557464
1745836,IT,JP,LEATH,LEATH,29.28,4088582.728,6,6,4088547.02,0.0,29.0,6.0,0.708,139637.388251
1791234,IT,WA,FURNI,SALEM,13.04,4086119.957,6,6,4086096.606,0.0,12.0,11.0,0.351,313352.757439
1738710,IT,GB,MACHI,CONST,22.79,4085709.473,6,6,4085697.137,0.0,5.0,7.0,0.336,179276.41391
1671519,IT,FI,MACHI,CONST,22.79,4085703.939,6,6,4085691.603,0.0,5.0,7.0,0.336,179276.171084
1799440,IT,WE,PAPER,BEVER,15.83,4085515.707,6,6,4085475.304,0.0,33.0,7.0,0.403,258086.905054
1640165,IT,AT,VEGET,BEVER,14.46,4084919.435,6,6,4084900.275,0.0,17.0,2.0,0.16,282497.886238
1732870,IT,SI,BASIC,RESEA,4.7,4084173.777,6,6,4084167.519,0.0,2.0,4.0,0.258,868973.144043
1641991,IT,AT,RUBBE,MACHI,13.51,4076438.924,6,6,4076426.554,0.0,6.0,6.0,0.37,301734.931458
1666587,IT,ES,CHEM1,NONME,8.52,4075014.06,6,6,4075003.615,0.0,4.0,6.0,0.445,478288.035211
1688818,IT,IE,CERAM,93197,6.34,4070437.778,6,6,4070414.557,0.0,2.0,21.0,0.221,642024.88612
1788584,IT,WA,PAPER,RETA1,15.76,4067868.42,6,6,4067828.019,0.0,33.0,7.0,0.401,258113.478426
1755675,IT,KR,RUBBE,MOTO1,13.47,4067006.543,6,6,4066994.174,0.0,6.0,6.0,0.369,301930.701039
1662640,IT,DK,MACHI,FOOD5,22.69,4066247.466,6,6,4066235.132,0.0,5.0,7.0,0.334,179208.790921
1672824,IT,FR,MEAT4,BEVER,22.39,4065336.036,6,6,4065312.759,0.0,18.0,5.0,0.277,181569.273604
1811280,IT,WM,BITU1,MOTOR,6.41,4064965.821,6,6,4064958.497,0.0,2.0,5.0,0.324,634160.034477
1754925,IT,KR,TEXTI,WEARI,24.08,4064341.119,6,6,4064332.579,0.0,4.0,4.0,0.54,168784.930191
1687072,IT,HU,MOTO1,OFFIC,21.62,4062430.365,6,6,4062419.101,0.0,4.0,7.0,0.264,187901.496994
1667824,IT,ES,OFFIC,WHOLE,12.59,4061893.477,6,6,4061884.184,0.0,4.0,5.0,0.293,322628.552581
1743896,IT,US,SEACO,MACHI,4.13,4061617.244,6,6,4061615.174,0.0,1.0,1.0,0.07,983442.431961
1790335,IT,WA,ALUM1,OFFIC,7.06,4060948.367,6,6,4060939.042,0.0,3.0,6.0,0.325,575205.151133
1788543,IT,WA,PAPER,PRINT,15.73,4060675.917,6,6,4060635.516,0.0,33.0,7.0,0.401,258148.500763
1772547,IT,CH,RUBBE,MACHI,13.45,4059432.642,6,6,4059420.274,0.0,6.0,6.0,0.368,301816.553309
1756162,IT,KR,MACHI,TEXTI,22.63,4057188.177,6,6,4057175.844,0.0,5.0,7.0,0.333,179283.613654
1673698,IT,FR,PAPER,BEVER,15.72,4057062.182,6,6,4057021.782,0.0,33.0,7.0,0.4,258082.836005
1798376,IT,WE,FISHF,FISH5,6.99,4056757.34,6,6,4056754.195,0.0,2.0,1.0,0.145,580365.856938
1667805,IT,ES,OFFIC,MOTO1,12.57,4056520.944,6,6,4056511.652,0.0,4.0,5.0,0.292,322714.474463
1795802,IT,WL,MACHI,FABRI,22.62,4055365.496,6,6,4055353.163,0.0,5.0,7.0,0.333,179282.294253
1666723,IT,ES,RUBBE,BEVER,13.43,4053113.892,6,6,4053101.525,0.0,6.0,6.0,0.367,301795.524348
1720478,IT,PL,MACHI,RETA1,22.6,4050192.034,6,6,4050179.701,0.0,5.0,7.0,0.333,179212.036903
1744833,IT,US,RESEA,BUSIN,21.95,4049275.846,6,6,4049265.562,0.0,4.0,6.0,0.284,184477.259499
1811129,IT,WM,NAPHT,DAIRY,6.87,4048246.591,6,6,4048236.301,0.0,3.0,7.0,0.29,589264.423726
1685383,IT,HU,LEATH,MOTO1,28.99,4047050.38,6,6,4047014.68,0.0,29.0,6.0,0.7,139601.599862
1675773,IT,FR,FURNI,CONST,12.92,4047042.665,6,6,4047020.317,0.0,12.0,10.0,0.348,313238.596362
1720477,IT,PL,MACHI,WHOLE,22.56,4044070.544,6,6,4044058.212,0.0,5.0,7.0,0.332,179258.446099
1775315,IT,CH,BUSIN,RETA1,41.53,4043284.269,7,7,4043266.99,1.0,8.0,8.0,0.279,97358.157212
1763946,IT,MX,BASIC,TRANS,4.65,4043131.858,6,6,4043125.602,0.0,2.0,4.0,0.256,869490.722151
1667294,IT,ES,ALUM1,FOUND,7.02,4042051.964,6,6,4042042.64,0.0,3.0,6.0,0.324,575790.878063
1763696,IT,MX,RUBBE,FURNI,13.39,4040988.171,6,6,4040975.805,0.0,6.0,6.0,0.366,301791.498954
1766033,IT,RU,CHEM1,CONST,8.44,4040031.815,6,6,4040021.374,0.0,4.0,6.0,0.441,478676.755332
1686100,IT,HU,RUBBE,MACHI,13.38,4039382.168,6,6,4039369.802,0.0,6.0,6.0,0.366,301897.023019
1806389,IT,WF,MOTO1,MOTO1,21.5,4038799.642,6,6,4038788.379,0.0,4.0,7.0,0.263,187851.14614
1805407,IT,WF,RUBBE,POSTT,13.37,4036689.977,6,6,4036677.611,0.0,6.0,6.0,0.366,301921.464248
1667511,IT,ES,FABRI,RUBBE,16.43,4036469.954,6,6,4036457.664,0.0,4.0,8.0,0.29,245676.807912
1726689,IT,RO,TRANS,RAILW,24.08,4035748.215,6,6,4035735.996,0.0,5.0,7.0,0.219,167597.517234
1657169,IT,DE,CHEM1,CEREA,8.43,4035333.948,6,6,4035323.507,0.0,4.0,6.0,0.441,478687.301068
1752739,IT,CA,LEATH,EDUCA,28.89,4033424.286,6,6,4033389.588,0.0,28.0,6.0,0.698,139613.16324
1665256,IT,ES,BEVER,FOOD5,17.15,4032285.088,6,6,4032268.829,0.0,11.0,5.0,0.259,235118.664023
1765272,IT,RU,VEGE1,FISH5,12.4,4031806.704,6,6,4031773.827,0.0,25.0,7.0,0.877,325145.701935
1657486,IT,DE,RUBBE,PUBLI,13.35,4030463.105,6,6,4030450.74,0.0,6.0,6.0,0.365,301907.348689
1676814,IT,FR,LANDT,OFFIC,26.0,4030231.988,6,6,4030224.797,0.0,2.0,5.0,0.191,155008.922615
1742932,IT,US,MACHI,ELEC3,22.48,4030131.906,6,6,4030119.575,0.0,5.0,7.0,0.331,179276.330338
1643738,IT,AT,SUPPO,WHOLE,28.97,4030012.414,6,6,4030002.216,0.0,3.0,7.0,0.198,139109.852054
1674957,IT,FR,BASIC,INTER,4.64,4029647.79,6,6,4029641.535,0.0,2.0,4.0,0.255,868458.575431
1689099,IT,IE,FURNI,HEALT,12.86,4029374.94,6,6,4029352.594,0.0,12.0,10.0,0.346,313326.200622
1740716,IT,US,CHEMI,CONST,9.61,4029288.689,6,6,4029076.31,0.0,14.0,198.0,0.379,419280.820916
1806263,IT,WF,MACHI,FABRI,22.48,4029229.252,6,6,4029216.921,0.0,5.0,7.0,0.331,179236.17669
1720771,IT,PL,TRANS,RAILW,24.04,4027866.547,6,6,4027854.328,0.0,5.0,7.0,0.219,167548.52525
1774338,IT,CH,HOTEL,MACHI,29.19,4026723.056,7,7,4026708.753,1.0,8.0,5.0,0.303,137948.717232
1668884,IT,ES,SEACO,BASIC,4.09,4026395.241,6,6,4026393.171,0.0,1.0,1.0,0.07,984448.714181
1653752,IT,CZ,COPP1,FABRI,10.16,4023634.852,6,6,4023616.644,0.0,5.0,13.0,0.208,396027.052362
1811286,IT,WM,BITU1,LIQUE,6.34,4023528.231,6,6,4023520.911,0.0,2.0,5.0,0.32,634625.903943
1812315,IT,WM,BASIC,KEROS,4.63,4022264.731,6,6,4022258.477,0.0,2.0,4.0,0.254,868739.682721
1740916,IT,US,FOOD5,DAIRY,19.32,4022199.869,6,6,4022175.509,0.0,19.0,5.0,0.36,208188.399017
1674760,IT,FR,CERAM,RETA1,6.27,4021782.413,6,6,4021759.195,0.0,2.0,21.0,0.218,641432.601754
1775224,IT,CH,RESEA,BUSIN,21.79,4019746.622,6,6,4019736.34,0.0,4.0,6.0,0.282,184476.669206
1740156,IT,GB,COMPU,COMPU,45.83,4013416.289,7,7,4013402.037,1.0,6.0,7.0,0.252,87571.815165
1804530,IT,WF,GASDI,SEACO,5.97,4012406.122,6,6,4012399.795,0.0,2.0,4.0,0.327,672094.827806
1766719,IT,RU,MACHI,VEGET,22.38,4012204.654,6,6,4012192.324,0.0,5.0,7.0,0.33,179276.347364
1719810,IT,PL,BASIC,CEMEN,4.62,4010273.741,6,6,4010268.487,0.0,2.0,3.0,0.254,868024.619264
1755463,IT,KR,PLAST,PLAST,8.41,4008881.745,6,6,4008874.337,0.0,3.0,4.0,0.408,476680.350178
1738727,IT,GB,MACHI,RESEA,22.35,4005564.587,6,6,4005552.258,0.0,5.0,7.0,0.329,179219.892036
1642755,IT,AT,MACHI,MOTO1,22.34,4003728.559,6,6,4003717.23,0.0,5.0,6.0,0.329,179217.930125
1716259,IT,NL,COPP1,CONST,10.11,4003311.038,6,6,4003292.831,0.0,5.0,13.0,0.207,395975.374679
1790137,IT,WA,BASIC,TRANS,4.61,4003038.978,6,6,4003033.725,0.0,2.0,3.0,0.253,868338.173102
1644898,IT,BE,LEATH,PLAST,28.66,4001524.663,6,6,4001489.971,0.0,28.0,6.0,0.692,139620.539532
1775206,IT,CH,RESEA,WHOLE,21.67,3998328.42,6,6,3998318.14,0.0,4.0,6.0,0.28,184509.848639
1750489,IT,CN,MACHI,PFERT,22.29,3995813.315,6,6,3995801.987,0.0,5.0,6.0,0.328,179264.841409
1813020,IT,WM,MACHI,FINAN,22.29,3995179.396,6,6,3995168.068,0.0,5.0,6.0,0.328,179236.401795
1799596,IT,WE,MOTOR,POULT,5.97,3994014.397,6,6,3994008.072,0.0,2.0,4.0,0.325,669014.136851
1780312,IT,TW,SEACO,POSTT,4.06,3993435.227,6,6,3993433.158,0.0,1.0,1.0,0.069,983604.735714
1770306,IT,AU,HOTEL,HOTEL,28.93,3991303.399,7,7,3991289.098,1.0,8.0,5.0,0.301,137964.168648
1726473,IT,RO,FABRI,DISTR,16.24,3990966.394,6,6,3990954.108,0.0,4.0,8.0,0.286,245749.162192
1777738,IT,TR,NONF1,ALUM1,0.87,3990658.479,5,5,3990657.457,0.0,0.0,1.0,0.022,4586963.768966
1732855,IT,SI,BASIC,WHOLE,4.59,3989097.36,6,6,3989092.108,0.0,2.0,3.0,0.252,869084.392157
1773340,IT,CH,MACHI,OFFIC,22.25,3987679.358,6,6,3987668.03,0.0,5.0,6.0,0.328,179221.54418
1725537,IT,RO,LEATH,MOTO1,28.56,3987291.017,6,6,3987256.327,0.0,28.0,6.0,0.69,139611.030007
1743931,IT,US,SEACO,HEALT,4.05,3987109.648,6,6,3987107.579,0.0,1.0,1.0,0.069,984471.518025
1748795,IT,CN,TEXTI,RUBBE,23.61,3985231.742,6,6,3985223.213,0.0,4.0,4.0,0.529,168794.228801
1743652,IT,US,HOTEL,SEACO,28.88,3984480.091,7,7,3984465.791,1.0,8.0,5.0,0.3,137966.762154
1753392,IT,CA,COPP1,COPP1,10.06,3982790.424,6,6,3982772.218,0.0,5.0,13.0,0.206,395903.620676
1673337,IT,FR,TEXTI,TRANS,23.6,3982255.412,6,6,3982246.883,0.0,4.0,4.0,0.529,168739.636102
1686532,IT,HU,ALUM1,DAIRY,6.92,3980688.018,6,6,3980678.699,0.0,3.0,6.0,0.319,575243.933237
1742375,IT,US,NONME,CEMEN,8.04,3978463.913,6,6,3978453.476,0.0,2.0,8.0,0.437,494833.820025
1676997,IT,FR,AIRTR,BUSIN,4.33,3978411.103,6,6,3978407.978,0.0,1.0,2.0,0.125,918801.640416
1658478,IT,DE,FABRI,RETA1,16.19,3977451.911,6,6,3977439.626,0.0,4.0,8.0,0.285,245673.373132
1741471,IT,US,MOTOR,LANDT,5.94,3973499.159,6,6,3973492.835,0.0,2.0,4.0,0.324,668939.252357
1742848,IT,US,MACHI,RAWMI,22.16,3972256.352,6,6,3972245.026,0.0,5.0,6.0,0.326,179253.445487
1739505,IT,GB,LANDT,WHOLE,25.61,3969558.972,6,6,3969551.784,0.0,2.0,5.0,0.188,155000.350332
1657231,IT,DE,CHEM1,BIOGA,8.29,3966648.232,6,6,3966638.799,0.0,3.0,6.0,0.433,478485.914596
1777279,IT,TR,RUBBE,REALE,13.14,3966550.396,6,6,3966538.036,0.0,6.0,6.0,0.36,301868.371081
1645290,IT,BE,KEROS,GASDI,5.9,3965801.011,6,6,3965794.688,0.0,2.0,4.0,0.323,672169.662881
1657936,IT,DE,BASIC,RADIO,4.56,3965549.726,6,6,3965544.475,0.0,2.0,3.0,0.251,869638.097807
1811855,IT,WM,RUBBE,FOOD5,13.13,3964333.583,6,6,3964321.224,0.0,6.0,6.0,0.359,301929.442727
1751467,IT,CN,AIRTR,TRANS,4.31,3961547.8,6,6,3961544.675,0.0,1.0,2.0,0.125,919152.62181
1777973,IT,TR,MACHI,SALEM,22.1,3961257.007,6,6,3961245.682,0.0,5.0,6.0,0.325,179242.398507
1685511,IT,HU,PAPER,PAPER,15.35,3960741.074,6,6,3960702.683,0.0,32.0,6.0,0.391,258028.734463
1657929,IT,DE,BASIC,COPP1,4.56,3960733.139,6,6,3960727.889,0.0,2.0,3.0,0.25,868581.828728
1757829,IT,BR,CHEM1,VEGET,8.27,3959074.69,6,6,3959065.258,0.0,3.0,6.0,0.432,478727.290206
1811483,IT,WM,PLAST,WHOLE,8.3,3955116.188,6,6,3955108.786,0.0,3.0,4.0,0.402,476520.022651
1777253,IT,TR,RUBBE,FURNI,13.1,3954059.272,6,6,3954046.913,0.0,6.0,6.0,0.359,301836.585649
1758514,IT,BR,MACHI,MOTO1,22.05,3952952.302,6,6,3952940.977,0.0,5.0,6.0,0.325,179272.213243
1750497,IT,CN,MACHI,CEMEN,22.03,3948639.291,6,6,3948627.967,0.0,5.0,6.0,0.324,179239.187063
1742261,IT,US,CERAM,PUBLI,6.15,3948594.911,6,6,3948572.697,0.0,2.0,20.0,0.214,642047.953008
1756103,IT,KR,FABRI,CONST,16.07,3948356.763,6,6,3948344.48,0.0,4.0,8.0,0.283,245697.371686
1789670,IT,WA,RUBBE,MOTO1,13.08,3947788.038,6,6,3947775.68,0.0,6.0,6.0,0.358,301818.657339
1789243,IT,WA,PLAST,SALEM,8.28,3945913.336,6,6,3945905.935,0.0,3.0,4.0,0.401,476559.581643
1645941,IT,BE,CERAM,MEDIC,6.15,3945481.218,6,6,3945459.004,0.0,2.0,20.0,0.214,641541.661463
1801237,IT,WE,FABRI,RETA1,16.05,3943856.591,6,6,3943844.308,0.0,4.0,8.0,0.283,245723.152087
1746820,IT,JP,MACHI,ELEC2,22.0,3942669.73,6,6,3942658.406,0.0,5.0,6.0,0.324,179212.260455
1719264,IT,PL,CHEM1,BIODI,8.24,3942369.768,6,6,3942360.338,0.0,3.0,6.0,0.43,478442.93301
1812338,IT,WM,BASIC,NONME,4.54,3942220.688,6,6,3942215.439,0.0,2.0,3.0,0.249,868330.548018
1760609,IT,IN,WOODW,CONST,11.03,3940932.38,6,6,3940901.114,0.0,25.0,6.0,0.266,357292.146872
1674610,IT,FR,RUBBE,HEALT,13.05,3939560.961,6,6,3939548.604,0.0,6.0,6.0,0.357,301882.065977
1735556,IT,SK,ALUM1,FABRI,6.84,3938745.292,6,6,3938735.976,0.0,3.0,6.0,0.316,575839.954971
1804967,IT,WF,PLAST,CATTL,8.26,3935492.799,6,6,3935485.399,0.0,3.0,4.0,0.4,476451.912712
1745314,IT,JP,MEAT4,HOTEL,21.67,3935023.614,6,6,3935001.346,0.0,17.0,5.0,0.268,181588.537794
1660084,IT,DE,AIRTR,OFFIC,4.28,3933880.751,6,6,3933877.627,0.0,1.0,2.0,0.124,919131.016589
1778915,IT,TR,SEACO,CHEM1,4.0,3933565.045,6,6,3933562.977,0.0,1.0,1.0,0.068,983391.26125
1742977,IT,US,MACHI,SEWAG,21.94,3933206.494,6,6,3933195.171,0.0,5.0,6.0,0.323,179271.034366
1756001,IT,KR,COPP1,COPP1,9.94,3932857.33,6,6,3932839.127,0.0,5.0,13.0,0.203,395659.691147
1675592,IT,FR,MOTO1,OFFIC,20.93,3932315.646,6,6,3932304.39,0.0,4.0,7.0,0.256,187879.390635
1688727,IT,IE,CHEM1,HEALT,8.21,3927110.71,6,6,3927101.281,0.0,3.0,6.0,0.429,478332.607795
1749685,IT,CN,CHEM1,MOTO1,8.21,3926991.239,6,6,3926981.81,0.0,3.0,6.0,0.429,478318.055907
1749727,IT,CN,CHEM1,PUBLI,8.21,3926521.231,6,6,3926511.802,0.0,3.0,6.0,0.429,478260.807674
1805121,IT,WF,PFERT,CROPS,1.73,3926057.424,6,6,3926052.796,0.0,2.0,2.0,0.628,2269397.354913
1653403,IT,CZ,CERAM,WHOLE,6.11,3925085.407,6,6,3925063.194,0.0,2.0,20.0,0.213,642403.503601
1777064,IT,TR,CHEM1,ELECT,8.2,3923064.234,6,6,3923054.806,0.0,3.0,6.0,0.428,478422.467561
1773635,IT,CH,TRANS,PUBLI,23.41,3922854.549,6,6,3922843.336,0.0,4.0,7.0,0.213,167571.744938
1645619,IT,BE,CHEM1,ALUM1,8.2,3922020.503,6,6,3922011.075,0.0,3.0,6.0,0.428,478295.183293
1719818,IT,PL,BASIC,FOUND,4.51,3921492.674,6,6,3921487.426,0.0,2.0,3.0,0.248,869510.570732
1756266,IT,KR,OFFIC,OFFIC,12.15,3919387.268,6,6,3919377.985,0.0,4.0,5.0,0.283,322583.314239
1666943,IT,ES,CERAM,CERAM,6.1,3915281.386,6,6,3915259.174,0.0,2.0,20.0,0.212,641849.407541
1661982,IT,DK,PETRO,BRICK,6.58,3912224.898,6,6,3912215.592,0.0,3.0,6.0,0.306,594563.054407
1742163,IT,US,GLASS,WOODW,10.73,3910054.215,6,6,3910036.991,0.0,2.0,15.0,0.224,364403.934296
1715567,IT,NL,HEAVY,NAPHT,6.31,3909123.215,6,6,3909116.901,0.0,2.0,4.0,0.314,619512.395404
1750810,IT,CN,FURNI,COKEO,12.48,3909108.672,6,6,3909087.336,0.0,11.0,10.0,0.336,313229.861538
1777743,IT,TR,NONF1,FABRI,0.85,3908423.412,5,5,3908422.39,0.0,0.0,1.0,0.022,4598145.190588
1688247,IT,IE,VEGET,PLAST,13.83,3906030.982,6,6,3906012.829,0.0,16.0,2.0,0.153,282431.741287
1653539,IT,CZ,BASIC,FURNI,4.5,3905702.335,6,6,3905697.088,0.0,2.0,3.0,0.247,867933.852222
1728732,IT,SE,KEROS,MOTO1,5.81,3904666.19,6,6,3904659.872,0.0,2.0,4.0,0.318,672059.585198
1804746,IT,WF,NAPHT,NATUR,6.62,3900670.659,6,6,3900661.38,0.0,2.0,7.0,0.279,589225.175076
1809847,IT,WM,FOOD5,HEALT,18.73,3899378.63,6,6,3899355.281,0.0,18.0,5.0,0.349,208188.928457
1811937,IT,WM,RUBBE,EDUCA,12.9,3893453.048,6,6,3893440.695,0.0,6.0,6.0,0.353,301818.065736
1738517,IT,GB,NONF1,MACHI,0.85,3893409.179,5,5,3893408.157,0.0,0.0,1.0,0.022,4580481.387059
1747574,IT,JP,AIRTR,BASIC,4.24,3892635.398,6,6,3892632.275,0.0,1.0,2.0,0.123,918074.386321
1778242,IT,TR,FURNI,HEALT,12.42,3891035.117,6,6,3891013.782,0.0,11.0,10.0,0.335,313287.85161
1657168,IT,DE,CHEM1,WHEAT,8.13,3889752.374,6,6,3889742.949,0.0,3.0,6.0,0.425,478444.326445
1682204,IT,HR,WEARI,OFFIC,29.32,3889687.658,7,7,3889672.919,1.0,7.0,6.0,0.739,132663.289836
1658067,IT,DE,PREC1,RETA1,6.61,3889475.106,6,6,3889459.927,0.0,7.0,8.0,0.179,588422.860212
1742508,IT,US,BASIC,RETA1,4.47,3886964.141,6,6,3886958.895,0.0,2.0,3.0,0.246,869566.921924
1674519,IT,FR,RUBBE,DAIRY,12.87,3884459.318,6,6,3884446.966,0.0,6.0,6.0,0.352,301822.790831
1768486,IT,AU,FOOD5,CATTL,18.66,3883395.205,6,6,3883371.858,0.0,18.0,5.0,0.347,208113.355038
1745777,IT,JP,WEARI,WHOLE,29.27,3883252.245,7,7,3883237.507,1.0,7.0,6.0,0.738,132670.045951
1805757,IT,WF,BASIC,SUPPO,4.47,3879116.815,6,6,3879111.57,0.0,2.0,3.0,0.245,867811.368009
1806088,IT,WF,FABRI,NATUR,15.78,3878142.256,6,6,3878129.978,0.0,4.0,8.0,0.278,245763.134094
1801390,IT,WE,MACHI,HEALT,21.63,3877719.293,6,6,3877707.974,0.0,5.0,6.0,0.319,179275.04822
1799052,IT,WE,TEXTI,FURNI,22.97,3877112.607,6,6,3877105.092,0.0,4.0,3.0,0.515,168790.274576
1658045,IT,DE,PREC1,MOTO1,6.59,3876470.501,6,6,3876455.323,0.0,7.0,8.0,0.178,588235.28088
1660118,IT,DE,AIRTR,BUSIN,4.22,3875531.518,6,6,3875528.396,0.0,1.0,2.0,0.122,918372.39763
1745757,IT,JP,WEARI,FURNI,29.2,3874947.938,7,7,3874933.202,1.0,7.0,6.0,0.736,132703.696507
1739719,IT,GB,SUPPO,WHOLE,27.82,3869989.807,6,6,3869979.617,0.0,3.0,7.0,0.19,139108.188605
1749728,IT,CN,CHEM1,EDUCA,8.08,3867938.956,6,6,3867929.534,0.0,3.0,6.0,0.422,478705.316337
1804962,IT,WF,PLAST,VEGET,8.11,3867173.124,6,6,3867165.731,0.0,3.0,4.0,0.393,476840.089273
1756212,IT,KR,MACHI,FURNI,21.57,3866646.926,6,6,3866635.608,0.0,5.0,6.0,0.318,179260.404543
1657562,IT,DE,GLASS,RUBBE,10.61,3865682.539,6,6,3865665.318,0.0,2.0,15.0,0.221,364343.311876
1739544,IT,GB,LANDT,RECRE,24.94,3865574.798,6,6,3865567.615,0.0,2.0,5.0,0.183,154994.979872
1811468,IT,WM,PLAST,ELEC2,8.11,3863457.906,6,6,3863450.513,0.0,3.0,4.0,0.393,476381.985943
1666235,IT,ES,HEAVY,BASIC,6.24,3860873.865,6,6,3860867.555,0.0,2.0,4.0,0.31,618729.786058
1645939,IT,BE,CERAM,ELECT,6.01,3860285.865,6,6,3860263.656,0.0,2.0,20.0,0.209,642310.460067
1741661,IT,US,HEAVY,CHEM1,6.24,3860004.958,6,6,3859998.648,0.0,2.0,4.0,0.31,618590.538141
1799714,IT,WE,MOTOR,EDUCA,5.76,3857933.864,6,6,3857927.55,0.0,2.0,4.0,0.314,669780.184722
1799995,IT,WE,HEAVY,ALUM1,6.23,3853639.998,6,6,3853633.689,0.0,2.0,4.0,0.309,618561.797432
1800245,IT,WE,PLAST,RUBBE,8.08,3853287.55,6,6,3853280.158,0.0,3.0,4.0,0.392,476892.023515
1719417,IT,PL,RUBBE,FABRI,12.77,3853179.815,6,6,3853167.466,0.0,6.0,6.0,0.349,301736.868833
1785860,IT,ZA,CHEM1,EDUCA,8.04,3846406.012,6,6,3846396.592,0.0,3.0,6.0,0.42,478408.70796
1748673,IT,CN,FOOD5,PIGS9,18.48,3845693.584,6,6,3845670.24,0.0,18.0,5.0,0.344,208100.302165
1804810,IT,WF,NAPHT,MEDIC,6.53,3845119.105,6,6,3845109.83,0.0,2.0,7.0,0.275,588839.066616
1742558,IT,US,PREC1,ELECT,6.53,3844285.686,6,6,3844270.509,0.0,7.0,8.0,0.177,588711.437366
1667799,IT,ES,OFFIC,FABRI,11.91,3843876.12,6,6,3843866.843,0.0,4.0,5.0,0.277,322743.586902
1788944,IT,WA,HEAVY,KEROS,6.21,3843446.54,6,6,3843440.231,0.0,2.0,4.0,0.309,618912.486312
1804297,IT,WF,MOTOR,LIQUE,5.73,3838112.582,6,6,3838106.269,0.0,2.0,4.0,0.313,669827.675742
1789262,IT,WA,PLAST,HEALT,8.05,3837571.119,6,6,3837563.729,0.0,3.0,4.0,0.39,476716.909193
1743239,IT,US,TRANS,HEALT,22.9,3836572.225,6,6,3836562.017,0.0,4.0,6.0,0.208,167535.905022
1742794,IT,US,FABRI,HOTEL,15.6,3834371.885,6,6,3834359.61,0.0,4.0,8.0,0.275,245793.069551
1733635,IT,SI,HOTEL,MOTO1,27.79,3834189.529,6,6,3834176.24,0.0,8.0,5.0,0.289,137970.116193
1771984,IT,CH,PAPER,BUSIN,14.85,3833157.068,6,6,3833119.69,0.0,31.0,6.0,0.378,258125.055084
1801236,IT,WE,FABRI,WHOLE,15.6,3833065.993,6,6,3833053.718,0.0,4.0,8.0,0.275,245709.358526
1771933,IT,CH,PAPER,CHEM1,14.85,3833017.141,6,6,3832979.763,0.0,31.0,6.0,0.378,258115.632391
1673727,IT,FR,PAPER,RUBBE,14.85,3831891.82,6,6,3831854.442,0.0,31.0,6.0,0.378,258039.853199
1780393,IT,TW,AIRTR,RESEA,4.17,3831165.824,6,6,3831162.703,0.0,1.0,2.0,0.121,918744.801918
1667800,IT,ES,OFFIC,MACHI,11.87,3830552.39,6,6,3830543.114,0.0,4.0,5.0,0.276,322708.710194
1751241,IT,CN,HOTEL,CONST,27.76,3830191.487,6,6,3830178.198,0.0,8.0,5.0,0.289,137975.197659
1776156,IT,TR,LEATH,TRAN1,27.43,3829847.098,6,6,3829813.435,0.0,27.0,6.0,0.663,139622.570106
1740862,IT,US,DAIRY,FOOD5,15.56,3829820.873,6,6,3829789.614,0.0,27.0,4.0,0.259,246132.446851
1658475,IT,DE,FABRI,SALEM,15.58,3829102.861,6,6,3829090.586,0.0,4.0,8.0,0.275,245770.401861
1657238,IT,DE,CHEM1,CEMEN,8.0,3828394.826,6,6,3828385.408,0.0,3.0,6.0,0.418,478549.35325
1811675,IT,WM,CHEM1,HOTEL,8.0,3825735.686,6,6,3825726.268,0.0,3.0,6.0,0.418,478216.96075
1690142,IT,IE,COMPU,RENTI,43.69,3825610.243,7,7,3825597.002,1.0,5.0,7.0,0.241,87562.605699
1746407,IT,JP,RUBBE,CONST,12.67,3825509.145,6,6,3825496.798,0.0,6.0,6.0,0.347,301934.423441
1747166,IT,JP,CONST,MACHI,21.38,3824685.472,6,6,3824666.267,0.0,4.0,15.0,0.205,178890.807858
1683415,IT,HR,BASIC,MOTO1,4.4,3822588.446,6,6,3822583.204,0.0,2.0,3.0,0.242,868770.101364
1797017,IT,WL,AIRTR,REALE,4.16,3821485.729,6,6,3821482.609,0.0,1.0,2.0,0.12,918626.377163
1644205,IT,BE,VEGET,FOOD5,13.51,3814953.784,6,6,3814935.634,0.0,16.0,2.0,0.15,282379.998816
1750089,IT,CN,BASIC,FURNI,4.39,3812810.096,6,6,3812804.855,0.0,2.0,3.0,0.241,868521.661959
1789427,IT,WA,CHEM1,REALE,7.97,3812436.073,6,6,3812426.657,0.0,3.0,6.0,0.416,478348.315307
1676793,IT,FR,LANDT,NUCLE,24.59,3812333.397,6,6,3812326.217,0.0,2.0,5.0,0.18,155035.925051
1667630,IT,ES,MACHI,WOODW,21.24,3807456.71,6,6,3807445.397,0.0,5.0,6.0,0.313,179258.79049
1657575,IT,DE,GLASS,FABRI,10.45,3807258.841,6,6,3807241.623,0.0,2.0,15.0,0.218,364330.989569
1737944,IT,GB,CHEM1,BIODI,7.96,3806612.158,6,6,3806602.742,0.0,3.0,6.0,0.416,478217.607789
1776899,IT,TR,PLAST,PAPER,7.98,3805199.712,6,6,3805192.325,0.0,3.0,4.0,0.387,476842.069173
1737859,IT,GB,PLAST,CHEM1,7.98,3804690.287,6,6,3804682.9,0.0,3.0,4.0,0.387,476778.231454
1645615,IT,BE,CHEM1,CEMEN,7.95,3803940.798,6,6,3803931.383,0.0,3.0,6.0,0.415,478483.119245
1742889,IT,US,MACHI,GASDI,21.22,3802695.677,6,6,3802684.365,0.0,5.0,6.0,0.312,179203.377804
1788280,IT,WA,LEATH,PFERT,27.22,3800549.562,6,6,3800515.904,0.0,27.0,6.0,0.658,139623.422557
1745660,IT,JP,TEXTI,FURNI,22.49,3795434.126,6,6,3795426.622,0.0,4.0,3.0,0.504,168760.966029
1647885,IT,BE,REALE,GASDI,160.27,3793261.638,6,6,3793246.389,0.0,5.0,10.0,0.249,23667.945579
1728908,IT,SE,CHEM1,RUBBE,7.93,3792807.248,6,6,3792797.834,0.0,3.0,6.0,0.414,478285.907692
1656940,IT,DE,LIQUE,PLAST,6.64,3792357.08,6,6,3792350.774,0.0,2.0,4.0,0.306,571138.114458
1749543,IT,CN,PLAST,LEATH,7.95,3787458.102,6,6,3787450.717,0.0,3.0,4.0,0.385,476409.824151
1772519,IT,CH,RUBBE,WOODW,12.54,3786209.918,6,6,3786198.575,0.0,6.0,5.0,0.343,301930.61547
1733125,IT,SI,FABRI,FABRI,15.4,3785309.435,6,6,3785298.163,0.0,4.0,7.0,0.272,245799.313961
1797011,IT,WL,AIRTR,AIRTR,4.12,3785123.978,6,6,3785120.859,0.0,1.0,2.0,0.119,918719.412136
1811443,IT,WM,PLAST,CHEM1,7.94,3785016.887,6,6,3785009.502,0.0,3.0,4.0,0.385,476702.378715
1804621,IT,WF,HEAVY,NONME,6.11,3783341.149,6,6,3783334.845,0.0,2.0,4.0,0.304,619204.770704
1657831,IT,DE,NONME,HOTEL,7.63,3778619.794,6,6,3778609.379,0.0,2.0,8.0,0.415,495231.952031
1739499,IT,GB,LANDT,DISTR,24.36,3776410.691,6,6,3776403.512,0.0,2.0,5.0,0.179,155025.069417
1658837,IT,DE,MOTO1,HOTEL,20.09,3774149.063,6,6,3774138.817,0.0,4.0,6.0,0.246,187862.073818
1764322,IT,MX,OFFIC,OFFIC,11.69,3773880.495,6,6,3773871.223,0.0,4.0,5.0,0.272,322829.811377
1657314,IT,DE,ADDIT,GASDI,8.74,3773707.984,6,6,3773670.69,0.0,29.0,8.0,0.294,431774.368879
1717915,IT,PL,FISHF,FISH5,6.5,3771887.647,6,6,3771884.512,0.0,2.0,1.0,0.135,580290.407231
1726033,IT,RO,CHEM1,HEALT,7.88,3768883.829,6,6,3768875.418,0.0,3.0,5.0,0.411,478284.749873
1766843,IT,RU,MACHI,BUSIN,21.02,3768213.774,6,6,3768202.464,0.0,5.0,6.0,0.31,179268.019696
1805682,IT,WF,BASIC,NATU1,4.34,3767774.605,6,6,3767769.367,0.0,2.0,3.0,0.238,868150.830645
1777824,IT,TR,FABRI,MACHI,15.33,3766744.303,6,6,3766733.033,0.0,4.0,7.0,0.27,245710.652511
1657448,IT,DE,RUBBE,TRANS,12.48,3766195.804,6,6,3766184.463,0.0,6.0,5.0,0.341,301778.509936
1788253,IT,WA,LEATH,LEATH,26.97,3765975.345,6,6,3765941.693,0.0,27.0,6.0,0.652,139635.719132
1799935,IT,WE,HEAVY,CRUDE,6.08,3765883.608,6,6,3765877.306,0.0,2.0,4.0,0.302,619388.751316
1812735,IT,WM,NONF1,CHEM1,0.82,3765630.158,5,5,3765629.137,0.0,0.0,1.0,0.021,4592231.9
1652584,IT,CZ,LEATH,CONST,26.97,3765621.28,6,6,3765587.628,0.0,27.0,6.0,0.652,139622.591027
1812025,IT,WM,GLASS,EDUCA,10.34,3765377.694,6,6,3765360.478,0.0,2.0,15.0,0.216,364156.450097
1805884,IT,WF,ALUM1,FOUND,6.54,3763738.35,6,6,3763730.048,0.0,3.0,5.0,0.302,575495.16055
1788057,IT,WA,TEXTI,CONST,22.29,3761756.112,6,6,3761748.613,0.0,4.0,3.0,0.499,168764.293943
1755576,IT,KR,CHEM1,CONST,7.86,3760675.501,6,6,3760667.09,0.0,3.0,5.0,0.411,478457.442875
1646193,IT,BE,ALUM1,FABRI,6.53,3760446.481,6,6,3760438.18,0.0,3.0,5.0,0.301,575872.355436
1777100,IT,TR,CHEM1,BUSIN,7.85,3756278.21,6,6,3756269.8,0.0,3.0,5.0,0.41,478506.778344
1732978,IT,SI,ALUM1,RESEA,6.53,3756263.188,6,6,3756254.887,0.0,3.0,5.0,0.301,575231.728637
1667532,IT,ES,FABRI,FURNI,15.28,3754694.216,6,6,3754682.947,0.0,4.0,7.0,0.269,245726.061257
1805891,IT,WF,ALUM1,FURNI,6.52,3754646.177,6,6,3754637.876,0.0,3.0,5.0,0.301,575865.978067
1749097,IT,CN,WOODW,PAPER,10.5,3751315.419,6,6,3751285.166,0.0,24.0,6.0,0.253,357268.135143
1672527,IT,FR,WHEAT,FOOD5,2.84,3751146.253,6,6,3751118.163,0.0,27.0,1.0,0.09,1320826.145423
1675116,IT,FR,LEAD1,CONST,6.52,3750369.227,6,6,3750343.911,0.0,9.0,16.0,0.316,575210.004141
1743097,IT,US,MOTO1,WOODW,19.96,3749960.352,6,6,3749950.108,0.0,4.0,6.0,0.244,187873.76513
1671167,IT,FI,CERAM,CONST,5.84,3749919.113,6,6,3749897.91,0.0,2.0,19.0,0.203,642109.437158
1646489,IT,BE,MACHI,TRANS,20.92,3749686.239,6,6,3749674.931,0.0,5.0,6.0,0.308,179239.303967
1654312,IT,CZ,ELEC2,DISTR,0.9,3749522.975,4,4,3749522.583,0.0,0.0,0.0,0.392,4166136.638889
1667906,IT,ES,MOTO1,FURNI,19.96,3749157.484,6,6,3749147.24,0.0,4.0,6.0,0.244,187833.541283
1785751,IT,ZA,PLAST,PFERT,7.86,3748223.729,6,6,3748216.348,0.0,3.0,4.0,0.381,476873.247964
1641835,IT,AT,CHEM1,RESEA,7.82,3743177.93,6,6,3743169.521,0.0,3.0,5.0,0.409,478667.254476
1728105,IT,SE,VEGE1,FOOD5,11.51,3743004.184,6,6,3742974.37,0.0,23.0,6.0,0.814,325195.845699
1780377,IT,TW,AIRTR,CONST,4.07,3742924.943,6,6,3742921.825,0.0,1.0,2.0,0.118,919637.578133
1801221,IT,WE,FABRI,MOTO1,15.22,3740547.175,6,6,3740535.907,0.0,4.0,7.0,0.268,245765.254599
1774261,IT,CH,RETA1,HEALT,39.05,3739657.709,7,7,3739644.464,1.0,7.0,5.0,0.245,95765.882433
1710784,IT,LU,LEATH,TOBAC,26.77,3736950.277,6,6,3736917.63,0.0,26.0,6.0,0.647,139594.705902
1723616,IT,PT,FABRI,CONST,15.21,3736330.537,6,6,3736319.269,0.0,4.0,7.0,0.268,245649.607955
1755157,IT,KR,LEATH,CONST,26.76,3736274.354,6,6,3736241.707,0.0,26.0,6.0,0.647,139621.612631
1690140,IT,IE,COMPU,AUXIL,42.66,3736066.67,7,7,3736053.435,1.0,5.0,7.0,0.235,87577.746601
1805659,IT,WF,NONME,REALE,7.55,3735350.761,6,6,3735340.351,0.0,2.0,8.0,0.41,494748.445166
1812472,IT,WM,PREC1,WHOLE,6.35,3734826.557,6,6,3734811.385,0.0,7.0,8.0,0.172,588161.66252
1751392,IT,CN,SEACO,MACHI,3.8,3734734.049,6,6,3734731.984,0.0,1.0,1.0,0.065,982824.749737
1710876,IT,LU,COKEO,BASIC,0.47,3734358.274,4,4,3734358.255,0.0,0.0,0.0,0.019,7945443.13617
1743015,IT,US,OFFIC,OFFIC,11.56,3729496.012,6,6,3729486.743,0.0,4.0,5.0,0.269,322620.762284
1789223,IT,WA,PLAST,MOTO1,7.82,3729246.016,6,6,3729238.637,0.0,3.0,4.0,0.379,476885.679795
1812969,IT,WM,MACHI,CHEM1,20.8,3728348.887,6,6,3728337.581,0.0,5.0,6.0,0.306,179247.542644
1754080,IT,CA,AIRTR,FISH5,4.06,3725201.664,6,6,3725198.547,0.0,1.0,2.0,0.117,917537.355665
1748940,IT,CN,WEARI,CONST,28.07,3725018.988,7,7,3725004.28,1.0,7.0,6.0,0.708,132704.630851
1812489,IT,WM,PREC1,EDUCA,6.33,3723448.048,6,6,3723432.877,0.0,7.0,8.0,0.171,588222.440442
1656537,IT,DE,PAPER,RETA1,14.43,3722962.595,6,6,3722926.228,0.0,30.0,6.0,0.367,258001.565835
1766513,IT,RU,COPP1,BITUM,9.41,3722923.179,6,6,3722905.987,0.0,5.0,12.0,0.192,395634.769288
1655466,IT,DE,FISHF,FISH5,6.41,3721548.638,6,6,3721545.505,0.0,2.0,1.0,0.133,580584.81092
1653753,IT,CZ,COPP1,MACHI,9.4,3720404.437,6,6,3720387.245,0.0,5.0,12.0,0.192,395787.706064
1710779,IT,LU,WEARI,AUXIL,28.03,3718999.226,7,7,3718984.519,1.0,7.0,6.0,0.707,132679.244595
1813223,IT,WM,TRANS,CRUDE,22.19,3717862.451,6,6,3717852.249,0.0,4.0,6.0,0.202,167546.753087
1729392,IT,SE,BASIC,OFFIC,4.28,3717275.991,6,6,3717270.756,0.0,2.0,3.0,0.235,868522.427804
1812320,IT,WM,BASIC,LIQUE,4.28,3714911.072,6,6,3714905.837,0.0,2.0,3.0,0.235,867969.876636
1811606,IT,WM,CHEM1,FOOD5,7.76,3714059.855,6,6,3714051.45,0.0,3.0,5.0,0.405,478615.960696
1806204,IT,WF,MACHI,NATU1,20.72,3713425.106,6,6,3713413.801,0.0,5.0,6.0,0.305,179219.358398
1658625,IT,DE,MACHI,SALEM,20.71,3712995.275,6,6,3712983.97,0.0,5.0,6.0,0.305,179285.141236
1733127,IT,SI,FABRI,OFFIC,15.1,3709469.699,6,6,3709458.433,0.0,4.0,7.0,0.266,245660.244967
1658839,IT,DE,MOTO1,LANDT,19.74,3707979.612,6,6,3707969.371,0.0,4.0,6.0,0.241,187840.912462
1801340,IT,WE,MACHI,BASIC,20.68,3707665.989,6,6,3707654.684,0.0,5.0,6.0,0.305,179287.523646
1645664,IT,BE,CHEM1,RENTI,7.75,3707450.874,6,6,3707442.469,0.0,3.0,5.0,0.405,478380.757935
1811126,IT,WM,NAPHT,MEAT1,6.29,3706543.503,6,6,3706534.238,0.0,2.0,7.0,0.265,589275.596661
1655916,IT,DE,PROCE,FISH5,25.06,3704936.233,6,6,3704915.004,0.0,17.0,4.0,0.229,147842.627015
1812221,IT,WM,NONME,CERAM,7.48,3704299.489,6,6,3704290.083,0.0,2.0,7.0,0.406,495227.204412
1643744,IT,AT,SUPPO,AIRTR,26.6,3700095.458,6,6,3700086.276,0.0,3.0,6.0,0.182,139101.333008
1689848,IT,IE,INSUR,RESEA,76.26,3699763.832,7,7,3699753.661,1.0,5.0,4.0,0.171,48515.130239
1682894,IT,HR,NAPHT,RUBBE,6.27,3696454.657,6,6,3696445.393,0.0,2.0,7.0,0.264,589546.197289
1772148,IT,CH,KEROS,AIRTR,5.49,3695323.413,6,6,3695318.112,0.0,2.0,3.0,0.301,673100.803825
1776906,IT,TR,PLAST,PLAST,7.75,3694511.732,6,6,3694504.356,0.0,3.0,4.0,0.376,476711.191226
1713264,IT,MT,PAPER,COMPU,14.31,3693884.945,6,6,3693848.581,0.0,30.0,6.0,0.364,258133.119846
1642103,IT,AT,GLASS,CONST,10.13,3691224.342,6,6,3691207.131,0.0,2.0,15.0,0.211,364385.423692
1797000,IT,WL,AIRTR,CONST,4.02,3691114.071,6,6,3691110.955,0.0,1.0,2.0,0.116,918187.579851
1810908,IT,WM,GASDI,VEGET,5.49,3690967.143,6,6,3690961.842,0.0,2.0,3.0,0.301,672307.312022
1799896,IT,WE,GASDI,SUPPO,5.49,3689903.154,6,6,3689897.854,0.0,2.0,3.0,0.3,672113.507104
1771730,IT,CH,LEATH,LEATH,26.42,3688738.37,6,6,3688705.732,0.0,26.0,6.0,0.638,139619.166162
1800561,IT,WE,RUBBE,PUBLI,12.22,3688431.325,6,6,3688419.991,0.0,6.0,5.0,0.334,301835.623977
1750049,IT,CN,BASIC,BITUM,4.25,3688376.162,6,6,3688370.929,0.0,2.0,3.0,0.233,867853.214588
1679448,IT,GR,CHEM1,TEXTI,7.71,3688185.433,6,6,3688177.03,0.0,3.0,5.0,0.403,478363.86939
1805402,IT,WF,RUBBE,LANDT,12.22,3687614.996,6,6,3687603.662,0.0,6.0,5.0,0.334,301768.821277
1732835,IT,SI,BASIC,FOUND,4.24,3686378.357,6,6,3686373.124,0.0,2.0,3.0,0.233,869428.857783
1806300,IT,WF,MACHI,RESEA,20.56,3685872.768,6,6,3685861.465,0.0,5.0,6.0,0.303,179273.967315
1748479,IT,CN,STONE,ELEC1,11.92,3684244.466,6,6,3684035.298,0.0,3.0,206.0,0.168,309080.911577
1785937,IT,ZA,RUBBE,PAPER,12.2,3681767.376,6,6,3681756.042,0.0,6.0,5.0,0.334,301784.211148
1806289,IT,WF,MACHI,TRAN2,20.51,3676591.104,6,6,3676579.802,0.0,5.0,6.0,0.302,179258.464359
1722761,IT,PT,PAPER,WOODW,14.25,3676536.835,6,6,3676500.472,0.0,30.0,6.0,0.363,258002.584912
1739470,IT,GB,LANDT,RUBBE,23.71,3676011.914,6,6,3676004.74,0.0,2.0,5.0,0.174,155040.56997
1749247,IT,CN,PAPER,CERAM,14.23,3672828.269,6,6,3672791.907,0.0,30.0,6.0,0.362,258104.586718
1675389,IT,FR,MACHI,CEMEN,20.49,3672754.926,6,6,3672743.624,0.0,5.0,6.0,0.302,179246.214056
1717702,IT,NL,BUSIN,WHOLE,37.71,3672115.651,7,7,3672100.398,1.0,7.0,7.0,0.253,97377.768523
1675613,IT,FR,MOTO1,LANDT,19.54,3671417.389,6,6,3671407.15,0.0,4.0,6.0,0.239,187892.394524
1749422,IT,CN,KEROS,SUPPO,5.46,3671260.982,6,6,3671255.683,0.0,2.0,3.0,0.299,672392.121245
1741047,IT,US,TEXTI,WOODW,21.75,3670333.118,6,6,3670325.631,0.0,4.0,3.0,0.487,168750.947954
1737921,IT,GB,CHEM1,PRINT,7.66,3666132.87,6,6,3666124.47,0.0,3.0,5.0,0.4,478607.424282
1811030,IT,WM,HEAVY,CRUDE,5.92,3665351.484,6,6,3665345.19,0.0,2.0,4.0,0.294,619147.210135
1726346,IT,RO,ALUM1,FABRI,6.37,3664555.291,6,6,3664546.997,0.0,3.0,5.0,0.294,575283.405181
1745463,IT,JP,FOOD5,POULT,17.61,3664496.735,6,6,3664475.407,0.0,17.0,4.0,0.328,208091.80778
1800842,IT,WE,BASIC,MOTO1,4.22,3662051.414,6,6,3662046.182,0.0,2.0,3.0,0.232,867784.695261
1806172,IT,WF,FABRI,REALE,14.9,3660848.356,6,6,3660838.093,0.0,3.0,7.0,0.263,245694.520537
1749054,IT,CN,LEATH,WHOLE,26.19,3656706.603,6,6,3656673.97,0.0,26.0,6.0,0.633,139622.245246
1742138,IT,US,RUBBE,RESEA,12.11,3654939.767,6,6,3654929.436,0.0,5.0,5.0,0.331,301811.706606
1658520,IT,DE,MACHI,VEGET,20.37,3651832.845,6,6,3651821.545,0.0,5.0,6.0,0.3,179275.053756
1657481,IT,DE,RUBBE,REALE,12.1,3651493.481,6,6,3651483.15,0.0,5.0,5.0,0.331,301776.320744
1790005,IT,WA,NONME,PFERT,7.38,3651093.242,6,6,3651083.841,0.0,2.0,7.0,0.401,494728.081572
1801254,IT,WE,FABRI,PUBLI,14.86,3650655.511,6,6,3650645.249,0.0,3.0,7.0,0.262,245669.953634
1785704,IT,ZA,NAPHT,NFERT,6.19,3648674.999,6,6,3648665.738,0.0,2.0,7.0,0.261,589446.688045
1766001,IT,RU,CHEM1,RUBBE,7.62,3647934.547,6,6,3647926.149,0.0,3.0,5.0,0.398,478731.567848
1725900,IT,RO,NAPHT,COLLE,6.19,3645799.383,6,6,3645790.122,0.0,2.0,7.0,0.261,588982.129725
1769186,IT,AU,CHEM1,CONST,7.61,3642652.888,6,6,3642644.49,0.0,3.0,5.0,0.398,478666.608147
1764027,IT,MX,COPP1,COPP1,9.2,3641983.018,6,6,3641965.83,0.0,5.0,12.0,0.188,395867.719348
1805664,IT,WF,NONME,EDUCA,7.34,3634825.412,6,6,3634816.013,0.0,2.0,7.0,0.399,495207.821798
1660621,IT,DE,REALE,OFFIC,153.26,3627545.319,6,6,3627531.081,0.0,5.0,9.0,0.238,23669.224318
1799621,IT,WE,MOTOR,MEATP,5.42,3626631.044,6,6,3626625.749,0.0,2.0,3.0,0.295,669120.118819
1690342,IT,IE,FOOD3,DAIRY,10.34,3626461.222,6,6,3626452.043,0.0,3.0,6.0,0.179,350721.588201
1749670,IT,CN,CHEM1,CEMEN,7.58,3626370.979,6,6,3626362.583,0.0,3.0,5.0,0.396,478413.057916
1673738,IT,FR,PAPER,OFFIC,14.05,3625061.944,6,6,3625026.586,0.0,29.0,6.0,0.358,258011.526263
1800017,IT,WE,HEAVY,RETA1,5.85,3624261.355,6,6,3624255.064,0.0,2.0,4.0,0.291,619531.855556
1653382,IT,CZ,CERAM,MEATP,5.65,3623870.309,6,6,3623849.113,0.0,2.0,19.0,0.196,641392.975044
1682657,IT,HR,KEROS,LANDT,5.39,3622868.43,6,6,3622863.135,0.0,2.0,3.0,0.295,672146.276438
1808989,IT,WM,VEGET,FOOD5,12.82,3622046.249,6,6,3622029.107,0.0,15.0,2.0,0.142,282530.908658
1720194,IT,PL,COPP1,CONST,9.15,3621033.084,6,6,3621015.897,0.0,5.0,12.0,0.187,395741.320656
1710770,IT,LU,TEXTI,AUXIL,21.45,3620095.127,6,6,3620088.646,0.0,3.0,3.0,0.481,168769.00359
1662275,IT,DK,CERAM,SEWAG,5.64,3619965.216,6,6,3619944.02,0.0,2.0,19.0,0.196,641837.804255
1801246,IT,WE,FABRI,POSTT,14.73,3619620.761,6,6,3619610.501,0.0,3.0,7.0,0.26,245731.212559
1714883,IT,NL,BEVER,FOOD5,15.39,3618466.891,6,6,3618452.658,0.0,10.0,4.0,0.233,235118.056595
1673508,IT,FR,LEATH,BEVER,25.91,3617521.942,6,6,3617490.316,0.0,26.0,5.0,0.626,139618.754998
1775324,IT,CH,BUSIN,POSTT,37.15,3617058.445,7,7,3617043.195,1.0,7.0,7.0,0.25,97363.618977
1664820,IT,ES,OILSE,VEGE1,2.61,3614089.706,6,6,3614063.538,0.0,25.0,1.0,0.168,1384708.699617
1679897,IT,GR,COPP1,RAILW,9.13,3613114.603,6,6,3613097.416,0.0,5.0,12.0,0.187,395740.920372
1769544,IT,AU,ALUM1,FABRI,6.28,3612500.194,6,6,3612491.905,0.0,3.0,5.0,0.289,575238.884395
1758914,IT,BR,HOTEL,HEALT,26.18,3612351.884,6,6,3612340.612,0.0,7.0,4.0,0.272,137981.355386
1790681,IT,WA,FABRI,FURNI,14.7,3612228.157,6,6,3612217.898,0.0,3.0,7.0,0.259,245729.806599
1717169,IT,NL,AIRTR,AIRTR,3.93,3611056.569,6,6,3611053.455,0.0,1.0,2.0,0.114,918843.910687
1763675,IT,MX,RUBBE,RUBBE,11.95,3607014.328,6,6,3607004.001,0.0,5.0,5.0,0.327,301842.20318
1665392,IT,ES,TEXTI,RUBBE,21.37,3606374.873,6,6,3606368.394,0.0,3.0,3.0,0.479,168758.768039
1664897,IT,ES,CRUDE,GASDI,7.1,3605183.756,6,6,3605177.446,0.0,2.0,4.0,0.31,507772.36
1785935,IT,ZA,RUBBE,WOODW,11.94,3604896.031,6,6,3604885.704,0.0,5.0,5.0,0.327,301917.590536
1806156,IT,WF,FABRI,SALEM,14.67,3604798.638,6,6,3604788.379,0.0,3.0,7.0,0.259,245725.878528
1672681,IT,FR,STONE,PFERT,11.64,3598311.316,6,6,3598108.152,0.0,2.0,201.0,0.164,309133.27457
1686425,IT,HU,BASIC,TRANS,4.14,3597939.931,6,6,3597934.704,0.0,2.0,3.0,0.227,869067.616184
1676552,IT,FR,HOTEL,BEVER,26.07,3596724.123,6,6,3596712.852,0.0,7.0,4.0,0.271,137964.101381
1675438,IT,FR,MACHI,PUBLI,20.06,3595426.293,6,6,3595414.998,0.0,5.0,6.0,0.295,179233.613809
1649939,IT,BG,FABRI,COPP1,14.62,3592813.199,6,6,3592802.941,0.0,3.0,7.0,0.258,245746.45684
1777633,IT,TR,ALUM1,CONST,6.24,3592551.262,6,6,3592542.974,0.0,3.0,5.0,0.288,575729.36891
1714528,IT,NL,CRUDE,CHEM1,7.07,3591943.95,6,6,3591937.641,0.0,2.0,4.0,0.309,508054.306931
1729368,IT,SE,BASIC,WOODW,4.13,3591813.618,6,6,3591808.391,0.0,2.0,3.0,0.227,869688.527361
1657893,IT,DE,BASIC,PAPER,4.13,3591568.231,6,6,3591563.004,0.0,2.0,3.0,0.227,869629.111622
1771977,IT,CH,PAPER,FINAN,13.92,3591379.184,6,6,3591343.83,0.0,29.0,6.0,0.354,258001.378161
1805142,IT,WF,PFERT,PFERT,1.58,3589290.864,6,6,3589287.29,0.0,2.0,1.0,0.574,2271703.078481
1640482,IT,AT,DAIRY,LANDT,14.58,3589028.59,6,6,3589000.347,0.0,25.0,3.0,0.243,246161.08299
1772096,IT,CH,COKEO,BRICK,0.45,3589003.399,4,4,3589003.381,0.0,0.0,0.0,0.018,7975563.108889
1653651,IT,CZ,ALUM1,FABRI,6.24,3588387.312,6,6,3588379.025,0.0,3.0,5.0,0.287,575062.069231
1794498,IT,WL,GASDI,LANDT,5.34,3588177.851,6,6,3588172.559,0.0,2.0,3.0,0.292,671943.41779
1803331,IT,WF,STONE,REALE,11.6,3586886.514,6,6,3586683.35,0.0,2.0,201.0,0.164,309214.354655
1803024,IT,WF,WHEAT,EDUCA,2.71,3586639.596,6,6,3586612.51,0.0,26.0,1.0,0.086,1323483.245756
1766101,IT,RU,RUBBE,WOODW,11.88,3585051.526,6,6,3585041.201,0.0,5.0,5.0,0.325,301772.013973
1682523,IT,HR,COKEO,CEMEN,0.45,3584148.367,4,4,3584148.349,0.0,0.0,0.0,0.018,7964774.148889
1790820,IT,WA,MACHI,OFFIC,20.0,3584033.656,6,6,3584022.362,0.0,5.0,6.0,0.294,179201.6828
1809744,IT,WM,FOOD5,CATTL,17.22,3583851.95,6,6,3583830.63,0.0,17.0,4.0,0.32,208121.48374
1662169,IT,DK,RUBBE,CONST,11.86,3579869.069,6,6,3579858.744,0.0,5.0,5.0,0.325,301843.934992
1643277,IT,AT,HOTEL,REALE,25.94,3579192.739,6,6,3579181.469,0.0,7.0,4.0,0.27,137979.673824
1772362,IT,CH,CHEM1,RAWMI,7.48,3578752.191,6,6,3578743.8,0.0,3.0,5.0,0.391,478442.806283
1764119,IT,MX,FABRI,MACHI,14.56,3578625.632,6,6,3578615.375,0.0,3.0,7.0,0.257,245784.727473
1811952,IT,WM,GLASS,CRUDE,9.82,3578327.888,6,6,3578311.683,0.0,2.0,14.0,0.205,364391.841955
1795220,IT,WL,GLASS,CONST,9.82,3577269.496,6,6,3577253.291,0.0,2.0,14.0,0.205,364284.062729
1742556,IT,US,PREC1,MACHI,6.08,3576117.994,6,6,3576103.829,0.0,7.0,7.0,0.165,588177.301645
1799915,IT,WE,HEAVY,VEGET,5.78,3575578.413,6,6,3575572.126,0.0,2.0,4.0,0.287,618612.18218
1746251,IT,JP,CHEM1,BASIC,7.47,3575296.744,6,6,3575288.354,0.0,3.0,5.0,0.39,478620.715395
1742925,IT,US,MACHI,MEDIC,19.94,3574635.175,6,6,3574623.881,0.0,5.0,6.0,0.294,179269.567452
1673311,IT,FR,TEXTI,WOODW,21.18,3574392.344,6,6,3574385.87,0.0,3.0,3.0,0.474,168762.622474
1642749,IT,AT,MACHI,FABRI,19.92,3570914.979,6,6,3570903.686,0.0,5.0,6.0,0.293,179262.800151
1812366,IT,WM,BASIC,SALEM,4.11,3570055.339,6,6,3570051.113,0.0,1.0,3.0,0.226,868626.603163
1777084,IT,TR,CHEM1,RETA1,7.46,3568538.393,6,6,3568530.003,0.0,3.0,5.0,0.39,478356.352949
1740552,IT,US,VEGET,FOOD5,12.63,3567995.463,6,6,3567978.323,0.0,15.0,2.0,0.14,282501.62019
1737313,IT,GB,BEVER,FOOD5,15.17,3567654.553,6,6,3567640.324,0.0,10.0,4.0,0.229,235178.282993
1730461,IT,SE,POSTT,POSTT,58.72,3565407.099,7,7,3565395.827,1.0,4.0,6.0,0.272,60718.785746
1806189,IT,WF,MACHI,CROPS,19.89,3565013.025,6,6,3565001.732,0.0,5.0,6.0,0.293,179236.451735
1651495,IT,CY,HEAVY,ELEC6,5.76,3564848.688,6,6,3564842.402,0.0,2.0,4.0,0.286,618897.341667
1737959,IT,GB,CHEM1,MACHI,7.45,3562893.069,6,6,3562884.68,0.0,3.0,5.0,0.389,478240.680403
1782224,IT,NO,BASIC,SUPPO,4.1,3562594.201,6,6,3562589.976,0.0,1.0,3.0,0.225,868925.414878
1686712,IT,HU,COPP1,FABRI,9.0,3561492.472,6,6,3561476.288,0.0,5.0,11.0,0.184,395721.385778
1812087,IT,WM,CERAM,WHOLE,5.55,3561292.028,6,6,3561271.835,0.0,2.0,18.0,0.193,641674.239279
1653254,IT,CZ,RUBBE,FABRI,11.8,3560311.528,6,6,3560301.205,0.0,5.0,5.0,0.323,301721.315932
1737191,IT,GB,DAIRY,HOTEL,14.46,3558860.106,6,6,3558831.865,0.0,25.0,3.0,0.241,246117.573029
1770313,IT,AU,HOTEL,SUPPO,25.79,3558378.591,6,6,3558367.323,0.0,7.0,4.0,0.268,137975.129546
1641996,IT,AT,RUBBE,MOTO1,11.78,3556868.314,6,6,3556857.991,0.0,5.0,5.0,0.323,301941.283022
1773134,IT,CH,COPP1,CONST,8.98,3555870.931,6,6,3555854.747,0.0,5.0,11.0,0.184,395976.718374
1809314,IT,WM,STONE,PFERT,11.5,3554987.192,6,6,3554786.03,0.0,2.0,199.0,0.162,309129.321043
1690128,IT,IE,COMPU,WHOLE,40.59,3554774.831,7,7,3554762.608,1.0,5.0,6.0,0.223,87577.601158
1782255,IT,NO,ALUM1,ALUM1,6.17,3552508.869,6,6,3552500.584,0.0,3.0,5.0,0.285,575771.291572
1683297,IT,HR,CEMEN,CONST,5.68,3551887.846,6,6,3551864.686,0.0,1.0,22.0,0.16,625332.367254
1675909,IT,FR,ELEC2,RETA1,0.85,3549599.7,4,4,3549599.329,0.0,0.0,0.0,0.371,4175999.647059
1646496,IT,BE,MACHI,WHOLE,19.8,3549498.671,6,6,3549487.379,0.0,5.0,6.0,0.292,179267.609646
1811534,IT,WM,PFERT,CEREA,1.56,3549026.636,6,6,3549023.068,0.0,2.0,1.0,0.568,2275017.074359
1799804,IT,WE,GASDI,POULT,5.28,3545190.197,6,6,3545184.908,0.0,2.0,3.0,0.289,671437.537311
1662668,IT,DK,MACHI,OFFIC,19.77,3543008.833,6,6,3542997.542,0.0,5.0,6.0,0.291,179211.372433
1800790,IT,WE,BASIC,CRUDE,4.07,3539944.973,6,6,3539940.749,0.0,1.0,3.0,0.224,869765.349631
1770315,IT,AU,HOTEL,FINAN,25.65,3539394.653,6,6,3539383.386,0.0,7.0,4.0,0.267,137988.095634
1737533,IT,GB,WOODW,CONST,9.9,3538923.73,6,6,3538895.491,0.0,23.0,5.0,0.239,357467.043434
1677207,IT,FR,POSTT,POSTT,58.28,3538659.308,7,7,3538648.038,1.0,4.0,6.0,0.27,60718.244818
1800563,IT,WE,RUBBE,HEALT,11.72,3538051.972,6,6,3538041.651,0.0,5.0,5.0,0.321,301881.567577
1793676,IT,WL,FOOD5,POULT,17.0,3538000.267,6,6,3537979.951,0.0,16.0,4.0,0.316,208117.662765
1770261,IT,AU,HOTEL,CHEM1,25.64,3537579.821,6,6,3537568.554,0.0,7.0,4.0,0.267,137971.131864
1733126,IT,SI,FABRI,MACHI,14.39,3536720.16,6,6,3536709.906,0.0,3.0,7.0,0.254,245776.244614
1814155,IT,WM,AIRTR,BUSIN,3.85,3535418.655,6,6,3535415.544,0.0,1.0,2.0,0.111,918290.55974
1758544,IT,BR,MACHI,BUSIN,19.72,3534881.32,6,6,3534870.03,0.0,5.0,6.0,0.29,179253.616633
1767323,IT,RU,HOTEL,PUBLI,25.61,3533410.904,6,6,3533399.638,0.0,7.0,4.0,0.266,137969.968918
1750885,IT,CN,FURNI,EDUCA,11.28,3532713.767,6,6,3532694.463,0.0,10.0,9.0,0.304,313183.844592
1742122,IT,US,RUBBE,WHOLE,11.7,3532622.669,6,6,3532612.349,0.0,5.0,5.0,0.32,301933.561453
1765977,IT,RU,CHEM1,WOODW,7.38,3531531.055,6,6,3531522.669,0.0,3.0,5.0,0.386,478527.243225
1774400,IT,CH,HOTEL,MEMBE,25.59,3531105.437,6,6,3531094.171,0.0,7.0,4.0,0.266,137987.707581
1732453,IT,SI,CHEM1,CHEM1,7.38,3531028.866,6,6,3531020.481,0.0,3.0,5.0,0.385,478459.195935
1737470,IT,GB,LEATH,WHOLE,25.28,3529846.923,6,6,3529816.312,0.0,25.0,5.0,0.611,139630.020688
1791123,IT,WA,TRANS,RAILW,21.06,3528727.906,6,6,3528717.714,0.0,4.0,6.0,0.192,167555.930959
1726173,IT,RO,GLASS,CONST,9.68,3526949.043,6,6,3526932.841,0.0,2.0,14.0,0.202,364354.239979
1665068,IT,ES,MEAT4,HOTEL,19.42,3526156.562,6,6,3526137.322,0.0,15.0,4.0,0.24,181573.458393
1812314,IT,WM,BASIC,MOTOR,4.06,3522854.449,6,6,3522850.226,0.0,1.0,3.0,0.223,867698.140148
1686729,IT,HU,COPP1,CONST,8.9,3522439.833,6,6,3522423.651,0.0,5.0,11.0,0.182,395779.756517
1772414,IT,CH,CHEM1,OFFIC,7.36,3521649.848,6,6,3521641.464,0.0,3.0,5.0,0.384,478485.033696
1745753,IT,JP,WEARI,RADIO,26.53,3519785.869,7,7,3519773.2,1.0,6.0,5.0,0.669,132671.913645
1813022,IT,WM,MACHI,AUXIL,19.61,3515888.074,6,6,3515876.785,0.0,5.0,6.0,0.289,179290.569811
1657482,IT,DE,RUBBE,RENTI,11.65,3515054.673,6,6,3515044.354,0.0,5.0,5.0,0.319,301721.431159
1743978,IT,US,AIRTR,WOODW,3.83,3514866.109,6,6,3514862.998,0.0,1.0,2.0,0.111,917719.610705
1732840,IT,SI,BASIC,TRANS,4.05,3514669.119,6,6,3514664.897,0.0,1.0,3.0,0.222,867819.535556
1726493,IT,RO,FABRI,BUSIN,14.3,3513588.611,6,6,3513578.359,0.0,3.0,7.0,0.252,245705.497273
1723606,IT,PT,FABRI,MOTO1,14.3,3512651.296,6,6,3512641.044,0.0,3.0,7.0,0.252,245639.950769
1673428,IT,FR,WEARI,OFFIC,26.46,3511178.838,7,7,3511166.171,1.0,6.0,5.0,0.667,132697.612925
1806287,IT,WF,MACHI,RAILW,19.59,3510906.254,6,6,3510894.966,0.0,5.0,6.0,0.288,179219.308525
1667692,IT,ES,MACHI,COLLE,19.58,3510164.97,6,6,3510153.682,0.0,5.0,6.0,0.288,179272.981103
1771082,IT,CH,NATUR,DISTR,4.91,3509769.29,6,6,3509763.06,0.0,3.0,3.0,0.23,714820.629328
1791002,IT,WA,MOTO1,SALEM,18.68,3508688.262,6,6,3508678.034,0.0,4.0,6.0,0.228,187831.277409
1799505,IT,WE,PAPER,SUPPO,13.59,3507630.215,6,6,3507595.869,0.0,28.0,6.0,0.346,258103.76858
1667683,IT,ES,MACHI,ELEC5,19.56,3506152.664,6,6,3506141.376,0.0,5.0,6.0,0.288,179251.158691
1803533,IT,WF,VEGE1,HOTEL,10.78,3505690.399,6,6,3505662.636,0.0,21.0,6.0,0.763,325203.191002
1675520,IT,FR,OFFIC,HEALT,10.86,3504852.072,6,6,3504843.819,0.0,3.0,5.0,0.253,322730.39337
1654185,IT,CZ,MOTO1,DIST1,18.65,3504470.914,6,6,3504460.686,0.0,4.0,6.0,0.228,187907.287614
1751374,IT,CN,SEACO,COKEO,3.56,3503560.481,6,6,3503558.42,0.0,1.0,1.0,0.061,984146.202528
1774382,IT,CH,HOTEL,HEALT,25.39,3502404.196,6,6,3502392.932,0.0,7.0,4.0,0.264,137944.237731
1804970,IT,WF,PLAST,MEATA,7.35,3501592.816,6,6,3501585.46,0.0,3.0,4.0,0.356,476407.18585
1658174,IT,DE,ALUM1,RETA1,6.08,3500978.849,6,6,3500970.569,0.0,3.0,5.0,0.28,575818.889638
1676656,IT,FR,HOTEL,RECRE,25.37,3500005.776,6,6,3499994.512,0.0,7.0,4.0,0.264,137958.446039
1716317,IT,NL,FABRI,OFFIC,14.24,3499271.634,6,6,3499261.383,0.0,3.0,7.0,0.251,245735.367556
1780334,IT,TW,AIRTR,FISH5,3.81,3499010.639,6,6,3499007.529,0.0,1.0,2.0,0.11,918375.495801
1780332,IT,TW,AIRTR,FOOD5,3.81,3498530.082,6,6,3498526.972,0.0,1.0,2.0,0.11,918249.365354
1771161,IT,CH,MEAT4,CATTL,19.26,3497925.198,6,6,3497905.96,0.0,15.0,4.0,0.238,181616.053894
1794068,IT,WL,PAPER,FOOD5,13.55,3497212.317,6,6,3497177.972,0.0,28.0,6.0,0.345,258096.849963
1743540,IT,US,HOTEL,VEGET,25.34,3496480.457,6,6,3496469.194,0.0,7.0,4.0,0.263,137982.654183
1658846,IT,DE,MOTO1,REALE,18.61,3495734.047,6,6,3495723.82,0.0,4.0,6.0,0.227,187841.700537
1812859,IT,WM,FABRI,FURNI,14.22,3493737.527,6,6,3493727.276,0.0,3.0,7.0,0.251,245691.809212
1796224,IT,WL,FURNI,RETA1,11.15,3493022.256,6,6,3493002.956,0.0,10.0,9.0,0.3,313275.538655
1657273,IT,DE,CHEM1,SALEM,7.3,3492828.63,6,6,3492820.249,0.0,3.0,5.0,0.381,478469.675342
1723708,IT,PT,MACHI,MOTO1,19.48,3491400.56,6,6,3491389.273,0.0,5.0,6.0,0.287,179230.008214
1777032,IT,TR,CHEM1,GASDI,7.29,3490471.355,6,6,3490462.974,0.0,3.0,5.0,0.381,478802.655007
1789934,IT,WA,CEMEN,CEMEN,5.58,3488519.353,6,6,3488497.196,0.0,1.0,21.0,0.157,625182.679749
1753038,IT,CA,CHEM1,CONST,7.29,3487573.01,6,6,3487564.629,0.0,3.0,5.0,0.381,478405.076818
1752452,IT,CA,DAIRY,CHEM1,14.17,3487446.523,6,6,3487418.287,0.0,25.0,3.0,0.236,246114.78638
1676976,IT,FR,AIRTR,DIST1,3.8,3487397.305,6,6,3487394.195,0.0,1.0,2.0,0.11,917736.132895
1662262,IT,DK,CERAM,CONST,5.43,3486805.697,6,6,3486785.508,0.0,2.0,18.0,0.189,642137.329098
1656046,IT,DE,BEVER,BEVER,14.83,3486576.211,6,6,3486562.987,0.0,9.0,4.0,0.224,235102.913756
1675893,IT,FR,ELEC2,BASIC,0.84,3483982.299,4,4,3483981.934,0.0,0.0,0.0,0.365,4147597.975
1757913,IT,BR,CHEM1,CONST,7.28,3483913.379,6,6,3483904.999,0.0,3.0,5.0,0.38,478559.530082
1645616,IT,BE,CHEM1,NONME,7.28,3483757.393,6,6,3483749.013,0.0,3.0,5.0,0.38,478538.103434
1780970,IT,TW,BUSIN,GASDI,35.78,3483735.496,7,7,3483720.256,1.0,7.0,7.0,0.24,97365.441476
1656549,IT,DE,PAPER,BUSIN,13.49,3482036.274,6,6,3482001.931,0.0,28.0,6.0,0.343,258119.81275
1764294,IT,MX,MACHI,BUSIN,19.42,3481627.452,6,6,3481616.166,0.0,5.0,6.0,0.286,179280.507312
1784611,IT,ID,MACHI,FURNI,19.42,3480256.854,6,6,3480245.568,0.0,5.0,6.0,0.286,179209.93069
1812883,IT,WM,FABRI,SUPPO,14.16,3479763.574,6,6,3479753.324,0.0,3.0,7.0,0.25,245746.015113
1653637,IT,CZ,ALUM1,CHEM1,6.05,3479586.73,6,6,3479578.451,0.0,3.0,5.0,0.279,575138.302479
1813393,IT,WM,FURNI,DISTR,11.1,3478248.895,6,6,3478229.596,0.0,10.0,9.0,0.299,313355.756306
1758011,IT,BR,RUBBE,RUBBE,11.52,3478138.477,6,6,3478128.162,0.0,5.0,5.0,0.315,301921.742795
1772649,IT,CH,GLASS,CONST,9.55,3477960.32,6,6,3477944.121,0.0,2.0,14.0,0.199,364184.326702
1657898,IT,DE,BASIC,GASDI,4.0,3477857.445,6,6,3477853.225,0.0,1.0,3.0,0.22,869464.36125
1719523,IT,PL,GLASS,RUBBE,9.53,3473590.597,6,6,3473574.398,0.0,2.0,14.0,0.199,364490.094124
1746243,IT,JP,CHEM1,PFERT,7.26,3472979.597,6,6,3472971.218,0.0,3.0,5.0,0.379,478371.845317
1782427,IT,NO,MACHI,NATUR,19.37,3471864.436,6,6,3471853.151,0.0,5.0,6.0,0.285,179239.258441
1642756,IT,AT,MACHI,TRANS,19.37,3471421.899,6,6,3471410.614,0.0,5.0,6.0,0.285,179216.411926
1652594,IT,CZ,LEATH,REALE,24.86,3471208.53,6,6,3471178.929,0.0,24.0,5.0,0.601,139630.270716
1805411,IT,WF,RUBBE,REALE,11.5,3470724.861,6,6,3470714.546,0.0,5.0,5.0,0.315,301802.161826
1656361,IT,DE,WOODW,PULP5,9.7,3468011.623,6,6,3467984.389,0.0,22.0,5.0,0.234,357526.971443
1735471,IT,SK,BASIC,HOTEL,3.99,3467142.935,6,6,3467138.716,0.0,1.0,3.0,0.219,868958.129073
1674856,IT,FR,NONME,CEMEN,7.0,3464902.789,6,6,3464893.409,0.0,2.0,7.0,0.38,494986.112714
1688629,IT,IE,PLAST,PLAST,7.27,3463746.864,6,6,3463739.512,0.0,3.0,4.0,0.352,476443.860248
1742778,IT,US,FABRI,TRANS,14.1,3463663.579,6,6,3463653.331,0.0,3.0,7.0,0.248,245649.89922
1670242,IT,ES,PRIVA,COPPE,772.84,3463377.178,7,7,3463336.63,33.0,2.0,5.0,0.548,4481.363773
1772397,IT,CH,CHEM1,PFERT,7.23,3461842.991,6,6,3461834.613,0.0,3.0,5.0,0.378,478816.457953
1801753,IT,WE,ELEC2,DISTR,0.83,3458649.474,4,4,3458649.112,0.0,0.0,0.0,0.362,4167047.559036
1666263,IT,ES,HEAVY,SEACO,5.58,3456832.737,6,6,3456826.459,0.0,2.0,4.0,0.278,619504.074731
1764255,IT,MX,MACHI,MOTO1,19.28,3456032.034,6,6,3456020.75,0.0,5.0,6.0,0.284,179254.773548
1795164,IT,WL,RUBBE,HOTEL,11.44,3454323.849,6,6,3454313.536,0.0,5.0,5.0,0.313,301951.385402
1741589,IT,US,GASDI,CONST,5.14,3454056.022,6,6,3454050.741,0.0,2.0,3.0,0.281,671995.335019
1804769,IT,WF,NAPHT,WEARI,5.86,3453276.421,6,6,3453268.174,0.0,2.0,6.0,0.247,589296.317577
1804542,IT,WF,GASDI,PUBLI,5.14,3453040.987,6,6,3453035.706,0.0,2.0,3.0,0.281,671797.857393
1794930,IT,WL,CHEM1,MOTOR,7.22,3452519.322,6,6,3452510.945,0.0,3.0,5.0,0.377,478188.271745
1797026,IT,WL,AIRTR,RECRE,3.76,3451956.042,6,6,3451952.933,0.0,1.0,2.0,0.109,918073.415426
1720278,IT,PL,FABRI,WOODW,14.05,3451558.139,6,6,3451547.891,0.0,3.0,7.0,0.248,245662.500996
1679146,IT,GR,PAPER,HOTEL,13.36,3449032.407,6,6,3448998.067,0.0,28.0,6.0,0.34,258161.108308
1715666,IT,NL,NONSP,MOTOR,4.53,3449001.608,6,6,3448996.422,0.0,2.0,3.0,0.186,761369.008389
1761589,IT,IN,NONF1,FOUND,0.75,3448247.163,5,5,3448246.144,0.0,0.0,1.0,0.019,4597662.884
1783672,IT,NO,WASTE,CONST,10.92,3444879.915,6,6,3444870.728,0.0,3.0,6.0,0.187,315465.193681
1812341,IT,WM,BASIC,ALUM1,3.97,3444506.96,6,6,3444502.742,0.0,1.0,3.0,0.218,867633.994962
1769785,IT,AU,MACHI,MOTO1,19.22,3444464.87,6,6,3444454.587,0.0,4.0,6.0,0.283,179212.532258
1761149,IT,IN,CHEM1,BASIC,7.19,3442249.952,6,6,3442241.576,0.0,3.0,5.0,0.376,478755.208901
1795690,IT,WL,FABRI,RETA1,14.01,3441492.633,6,6,3441482.386,0.0,3.0,7.0,0.247,245645.441328
1788750,IT,WA,MOTOR,LANDT,5.14,3441203.03,6,6,3441197.75,0.0,2.0,3.0,0.28,669494.752918
1735415,IT,SK,BASIC,WEARI,3.96,3439370.945,6,6,3439366.728,0.0,1.0,3.0,0.217,868528.016414
1796977,IT,WL,AIRTR,COPP1,3.74,3438258.988,6,6,3438255.88,0.0,1.0,2.0,0.108,919320.585027
1736565,IT,SK,SUPPO,DIST1,24.7,3436462.451,6,6,3436453.282,0.0,3.0,6.0,0.169,139128.034453
1805735,IT,WF,BASIC,ELECT,3.96,3435971.153,6,6,3435966.936,0.0,1.0,3.0,0.217,867669.483081
1675192,IT,FR,NONF1,CONST,0.75,3435806.084,5,5,3435805.065,0.0,0.0,1.0,0.019,4581074.778667
1760807,IT,IN,COKEO,LEAD1,0.43,3435428.906,4,4,3435428.888,0.0,0.0,0.0,0.018,7989369.548837
1674960,IT,FR,BASIC,OILHA,3.95,3435244.664,6,6,3435240.447,0.0,1.0,3.0,0.217,869682.193418
1745624,IT,JP,TEXTI,TEXTI,20.35,3434950.316,6,6,3434943.86,0.0,3.0,3.0,0.456,168793.627322
1666745,IT,ES,RUBBE,PLAST,11.38,3434545.858,6,6,3434535.547,0.0,5.0,5.0,0.311,301805.435677
1805725,IT,WF,BASIC,CEMEN,3.95,3434490.7,6,6,3434486.483,0.0,1.0,3.0,0.217,869491.316456
1738599,IT,GB,FABRI,WHOLE,13.97,3433304.659,6,6,3433294.413,0.0,3.0,7.0,0.246,245762.681389
1811440,IT,WM,PLAST,PLAST,7.2,3429826.173,6,6,3429818.824,0.0,3.0,4.0,0.349,476364.74625
1728941,IT,SE,CHEM1,CONST,7.16,3428244.98,6,6,3428236.606,0.0,3.0,5.0,0.374,478805.164804
1666999,IT,ES,CEMEN,CEMEN,5.49,3427973.532,6,6,3427951.377,0.0,1.0,21.0,0.155,624403.193443
1800100,IT,WE,NAPHT,GASDI,5.82,3426313.709,6,6,3426305.464,0.0,2.0,6.0,0.245,588713.695704
1661001,IT,DE,BUSIN,CONST,35.18,3425459.834,7,7,3425445.598,1.0,7.0,6.0,0.236,97369.523422
1761286,IT,IN,RUBBE,MOTO1,11.34,3422256.524,6,6,3422246.214,0.0,5.0,5.0,0.31,301786.289594
1657066,IT,DE,NONSP,PLAST,4.49,3422005.596,6,6,3422000.412,0.0,2.0,3.0,0.184,762139.330958
1812984,IT,WM,MACHI,FABRI,19.09,3421066.324,6,6,3421056.043,0.0,4.0,6.0,0.281,179207.245888
1738512,IT,GB,NONF1,LEAD1,0.75,3420945.339,5,5,3420944.32,0.0,0.0,1.0,0.019,4561260.452
1666917,IT,ES,GLASS,BUSIN,9.39,3420724.385,6,6,3420708.189,0.0,2.0,14.0,0.196,364294.396699
1801704,IT,WE,ELEC1,CRUDE,0.49,3419568.775,4,4,3419568.56,0.0,0.0,0.0,0.215,6978711.785714
1799484,IT,WE,PAPER,FURNI,13.25,3419225.764,6,6,3419191.427,0.0,28.0,6.0,0.337,258054.774642
1765532,IT,RU,LEATH,NATUR,24.48,3418422.156,6,6,3418392.564,0.0,24.0,5.0,0.592,139641.427941
1761955,IT,IN,FURNI,CONST,10.91,3417035.515,6,6,3417016.221,0.0,10.0,9.0,0.294,313202.155362
1660951,IT,DE,BUSIN,PLAST,35.08,3415230.639,7,7,3415216.403,1.0,7.0,6.0,0.236,97355.49142
1672994,IT,FR,PROCE,FOOD5,23.09,3414292.524,6,6,3414273.313,0.0,15.0,4.0,0.211,147868.883673
1796142,IT,WL,TRANS,RESEA,20.37,3413039.372,6,6,3413029.187,0.0,4.0,6.0,0.185,167552.251939
1719283,IT,PL,CHEM1,MOTO1,7.13,3411284.092,6,6,3411275.72,0.0,3.0,5.0,0.372,478440.96662
1742102,IT,US,RUBBE,MACHI,11.3,3409156.427,6,6,3409146.118,0.0,5.0,5.0,0.309,301695.259027
1744050,IT,US,AIRTR,EDUCA,3.71,3408981.179,6,6,3408978.072,0.0,1.0,2.0,0.107,918862.851482
1812892,IT,WM,FABRI,BUSIN,13.87,3408433.785,6,6,3408423.541,0.0,3.0,7.0,0.244,245741.44088
1719425,IT,PL,RUBBE,FURNI,11.28,3405157.3,6,6,3405146.991,0.0,5.0,5.0,0.309,301875.647163
1716390,IT,NL,MACHI,OFFIC,19.0,3404959.128,6,6,3404948.848,0.0,4.0,6.0,0.28,179208.375158
1750884,IT,CN,FURNI,PUBLI,10.87,3404709.88,6,6,3404690.587,0.0,10.0,9.0,0.293,313220.780129
1751406,IT,CN,SEACO,WHOLE,3.46,3403156.779,6,6,3403154.72,0.0,1.0,1.0,0.059,983571.32341
1643487,IT,AT,LANDT,RESEA,21.94,3401724.416,6,6,3401718.255,0.0,2.0,4.0,0.161,155046.691705
1751264,IT,CN,HOTEL,EDUCA,24.65,3400843.174,6,6,3400831.918,0.0,7.0,4.0,0.256,137965.240325
1653883,IT,CZ,FABRI,OFFIC,13.84,3399807.016,6,6,3399796.772,0.0,3.0,7.0,0.244,245650.795954
1742871,IT,US,MACHI,DAIRY,18.96,3399312.137,6,6,3399301.858,0.0,4.0,6.0,0.279,179288.614821
1744951,IT,US,BUSIN,RETA1,34.9,3398194.914,7,7,3398180.68,1.0,7.0,6.0,0.234,97369.481777
1709788,IT,LT,RUBBE,MOTOR,11.26,3397699.181,6,6,3397688.873,0.0,5.0,5.0,0.308,301749.483215
1715184,IT,NL,WOODW,WOODW,9.51,3397289.114,6,6,3397261.885,0.0,22.0,5.0,0.229,357233.345321
1725665,IT,RO,PAPER,WOODW,13.15,3394846.756,6,6,3394813.421,0.0,27.0,6.0,0.335,258163.251407
1674943,IT,FR,BASIC,WHOLE,3.91,3394233.028,6,6,3394228.813,0.0,1.0,3.0,0.215,868090.288491
1763660,IT,MX,RUBBE,WOODW,11.24,3393528.738,6,6,3393518.43,0.0,5.0,5.0,0.308,301915.368149
1753560,IT,CA,MACHI,RUBBE,18.93,3392875.918,6,6,3392865.639,0.0,4.0,6.0,0.279,179232.747913
1658735,IT,DE,OFFIC,AIRTR,10.51,3392516.902,6,6,3392509.657,0.0,3.0,4.0,0.245,322789.429305
1810743,IT,WM,MOTOR,POSTT,5.07,3390877.584,6,6,3390872.308,0.0,2.0,3.0,0.276,668812.146746
1659832,IT,DE,LANDT,MACHI,21.87,3390095.182,6,6,3390089.022,0.0,2.0,4.0,0.16,155011.210882
1715214,IT,NL,WOODW,CONST,9.49,3390061.851,6,6,3390034.622,0.0,22.0,5.0,0.229,357224.641834
1740808,IT,US,VEGE1,MOTOR,10.42,3389367.092,6,6,3389339.355,0.0,21.0,6.0,0.737,325275.152783
1795166,IT,WL,RUBBE,LANDT,11.22,3387290.474,6,6,3387280.167,0.0,5.0,5.0,0.307,301897.546702
1658978,IT,DE,ELEC1,TRAN1,0.48,3386553.513,4,4,3386553.3,0.0,0.0,0.0,0.213,7055319.81875
1740266,IT,GB,BUSIN,POSTT,34.78,3386138.967,7,7,3386124.733,1.0,7.0,6.0,0.234,97358.797211
1728897,IT,SE,CHEM1,WOODW,7.08,3386053.929,6,6,3386045.559,0.0,3.0,5.0,0.37,478256.204661
1799432,IT,WE,PAPER,MEATP,13.11,3384207.593,6,6,3384174.259,0.0,27.0,6.0,0.334,258139.4045
1674053,IT,FR,GASDI,RAILW,5.03,3382339.016,6,6,3382333.741,0.0,2.0,3.0,0.275,672433.203976
1645579,IT,BE,CHEM1,BEVER,7.07,3382246.011,6,6,3382237.642,0.0,3.0,5.0,0.369,478394.060962
1720654,IT,PL,MOTO1,MACHI,17.99,3380593.846,6,6,3380583.626,0.0,4.0,6.0,0.22,187915.166537
1667434,IT,ES,COPP1,BUSIN,8.54,3380379.415,6,6,3380364.24,0.0,4.0,11.0,0.175,395828.971311
1774324,IT,CH,HOTEL,CHEM1,24.49,3379402.446,6,6,3379391.191,0.0,7.0,4.0,0.255,137991.116619
1795831,IT,WL,MACHI,TRAN2,18.85,3378358.687,6,6,3378349.409,0.0,4.0,5.0,0.278,179223.27252
1788262,IT,WA,LEATH,KEROS,24.2,3378251.13,6,6,3378221.545,0.0,24.0,5.0,0.585,139597.154132
1656176,IT,DE,TEXTI,WEARI,20.02,3377985.889,6,6,3377979.441,0.0,3.0,3.0,0.448,168730.563886
1797015,IT,WL,AIRTR,INSUR,3.68,3377461.186,6,6,3377458.08,0.0,1.0,2.0,0.106,917788.365761
1665787,IT,ES,PAPER,BUSIN,13.08,3375640.416,6,6,3375607.083,0.0,27.0,6.0,0.333,258076.484404
1688833,IT,IE,NONME,WHOLE,6.82,3374014.173,6,6,3374004.803,0.0,2.0,7.0,0.37,494723.485777
1809332,IT,WM,STONE,REALE,10.91,3373399.5,6,6,3373208.346,0.0,2.0,189.0,0.154,309202.520623
1642861,IT,AT,MOTO1,MACHI,17.95,3373282.467,6,6,3373272.248,0.0,4.0,6.0,0.219,187926.599833
1800839,IT,WE,BASIC,ELECT,3.88,3372806.718,6,6,3372802.505,0.0,1.0,3.0,0.213,869280.081959
1743858,IT,US,SEACO,MEAT1,3.43,3372546.176,6,6,3372544.118,0.0,1.0,1.0,0.058,983249.613994
1657723,IT,DE,CEMEN,CEMEN,5.4,3371065.243,6,6,3371043.091,0.0,1.0,21.0,0.152,624271.341296
1742193,IT,US,GLASS,CONST,9.25,3369820.583,6,6,3369805.39,0.0,2.0,13.0,0.193,364304.927892
1811926,IT,WM,RUBBE,SUPPO,11.16,3368943.082,6,6,3368932.777,0.0,5.0,5.0,0.305,301876.620251
1773697,IT,CH,FURNI,CONST,10.75,3368924.601,6,6,3368905.311,0.0,10.0,9.0,0.29,313388.334977
1657276,IT,DE,CHEM1,RETA1,7.04,3368688.276,6,6,3368679.908,0.0,3.0,5.0,0.368,478506.857386
1675306,IT,FR,FABRI,HEALT,13.7,3367036.652,6,6,3367026.41,0.0,3.0,7.0,0.242,245769.098686
1660954,IT,DE,BUSIN,CHEM1,34.57,3366172.288,7,7,3366158.056,1.0,7.0,6.0,0.232,97372.643564
1720444,IT,PL,MACHI,BASIC,18.78,3366038.668,6,6,3366029.391,0.0,4.0,5.0,0.277,179235.285836
1804589,IT,WF,HEAVY,FOOD5,5.43,3362505.304,6,6,3362499.034,0.0,2.0,4.0,0.27,619245.912339
1753295,IT,CA,BASIC,CRUDE,3.87,3362319.785,6,6,3362315.572,0.0,1.0,3.0,0.213,868816.481912
1742809,IT,US,FABRI,RESEA,13.68,3361713.881,6,6,3361703.64,0.0,3.0,7.0,0.241,245739.318787
1804034,IT,WF,WOODW,WOODW,9.41,3361529.802,6,6,3361503.575,0.0,21.0,5.0,0.227,357229.521998
1659791,IT,DE,LANDT,WOODW,21.68,3361100.94,6,6,3361094.781,0.0,2.0,4.0,0.159,155032.331181
1713731,IT,MT,MACHI,POSTT,18.75,3361087.748,6,6,3361078.472,0.0,4.0,5.0,0.276,179258.013227
1650326,IT,BG,ELEC2,WOODW,0.81,3356555.695,4,4,3356555.344,0.0,0.0,0.0,0.351,4143895.919753
1771920,IT,CH,PAPER,WOODW,13.01,3356551.41,6,6,3356519.079,0.0,27.0,5.0,0.331,257997.80246
1726484,IT,RO,FABRI,LANDT,13.65,3353798.306,6,6,3353788.065,0.0,3.0,7.0,0.241,245699.509597
1723200,IT,PT,RUBBE,OFFIC,11.11,3353014.574,6,6,3353004.27,0.0,5.0,5.0,0.304,301801.491809
1715563,IT,NL,HEAVY,HEAVY,5.42,3352542.142,6,6,3352536.873,0.0,2.0,3.0,0.269,618550.210701
1749298,IT,CN,PAPER,BUSIN,12.99,3352411.01,6,6,3352378.679,0.0,27.0,5.0,0.331,258076.290223
1658291,IT,DE,COPP1,MOTO1,8.47,3352088.247,6,6,3352073.074,0.0,4.0,11.0,0.173,395760.123613
1794491,IT,WL,GASDI,CONST,4.99,3351907.632,6,6,3351902.359,0.0,2.0,3.0,0.273,671724.976353
1751430,IT,CN,AIRTR,CATTL,3.65,3351625.112,6,6,3351622.006,0.0,1.0,2.0,0.106,918253.455342
1713467,IT,MT,CHEM1,POSTT,7.0,3351615.963,6,6,3351607.597,0.0,3.0,5.0,0.366,478802.280429
1725702,IT,RO,PAPER,WHOLE,12.99,3351406.837,6,6,3351374.506,0.0,27.0,5.0,0.331,257998.986682
1765673,IT,RU,PAPER,PAPER,12.98,3350485.635,6,6,3350453.305,0.0,27.0,5.0,0.33,258126.782357
1741850,IT,US,CHEM1,OILSE,7.0,3350328.211,6,6,3350319.845,0.0,3.0,5.0,0.366,478618.315857
1658427,IT,DE,FABRI,CHEM1,13.63,3349970.663,6,6,3349960.423,0.0,3.0,7.0,0.24,245779.212252
1780187,IT,TW,HOTEL,EDUCA,24.28,3349903.245,6,6,3349891.993,0.0,7.0,4.0,0.252,137969.65589
1713857,IT,MT,ELEC2,COMPU,0.81,3349702.64,4,4,3349702.289,0.0,0.0,0.0,0.351,4135435.358025
1658644,IT,DE,MACHI,HEALT,18.68,3347908.077,6,6,3347898.802,0.0,4.0,5.0,0.275,179224.201124
1764048,IT,MX,NONF1,MEDIC,0.73,3347380.713,5,5,3347379.694,0.0,0.0,1.0,0.019,4585453.031507
1745732,IT,JP,WEARI,PLAST,25.22,3345924.484,7,7,3345911.848,1.0,6.0,5.0,0.636,132669.487867
1657896,IT,DE,BASIC,MOTOR,3.85,3344377.127,6,6,3344372.916,0.0,1.0,3.0,0.211,868669.383636
1656287,IT,DE,LEATH,LEATH,23.94,3343057.509,6,6,3343027.93,0.0,24.0,5.0,0.579,139643.170802
1658599,IT,DE,MACHI,ELECT,18.65,3342501.275,6,6,3342492.0,0.0,4.0,5.0,0.275,179222.588472
1772744,IT,CH,CEMEN,RAILW,5.35,3341511.574,6,6,3341489.423,0.0,1.0,21.0,0.151,624581.602617
1811935,IT,WM,RUBBE,BUSIN,11.06,3339498.171,6,6,3339487.868,0.0,5.0,5.0,0.303,301943.776763
1754119,IT,CA,AIRTR,SALEM,3.63,3338362.614,6,6,3338359.509,0.0,1.0,2.0,0.105,919659.122314
1811060,IT,WM,HEAVY,NAPHT,5.39,3336957.187,6,6,3336951.919,0.0,2.0,3.0,0.268,619101.518924
1675299,IT,FR,FABRI,REALE,13.57,3334437.532,6,6,3334427.293,0.0,3.0,7.0,0.239,245721.262491
1642333,IT,AT,BASIC,NONF1,3.84,3333790.637,6,6,3333786.426,0.0,1.0,3.0,0.211,868174.645052
1726003,IT,RO,CHEM1,MOTO1,6.96,3332768.997,6,6,3332760.633,0.0,3.0,5.0,0.364,478846.120259
1658349,IT,DE,NONF1,MOTO1,0.73,3332753.993,5,5,3332752.974,0.0,0.0,1.0,0.019,4565416.428767
1777503,IT,TR,BASIC,FABRI,3.84,3332016.555,6,6,3332012.344,0.0,1.0,3.0,0.211,867712.644531
1795418,IT,WL,BASIC,WHOLE,3.84,3331588.242,6,6,3331584.031,0.0,1.0,3.0,0.211,867601.104688
1712708,IT,LV,HOTEL,CONST,24.13,3329678.774,6,6,3329667.523,0.0,7.0,4.0,0.251,137989.174223
1745554,IT,JP,BEVER,WHOLE,14.15,3328612.006,6,6,3328598.792,0.0,9.0,4.0,0.214,235237.597597
1742813,IT,US,FABRI,HEALT,13.55,3328475.595,6,6,3328465.356,0.0,3.0,7.0,0.239,245643.955351
1652382,IT,CZ,TEXTI,TEXTI,19.71,3326932.111,6,6,3326925.669,0.0,3.0,3.0,0.442,168794.120294
1658181,IT,DE,ALUM1,REALE,5.78,3326774.128,6,6,3326765.861,0.0,3.0,5.0,0.267,575566.458131
1715257,IT,NL,PAPER,DAIRY,12.89,3325511.594,6,6,3325479.266,0.0,27.0,5.0,0.328,257991.589915
1772444,IT,CH,CHEM1,REALE,6.95,3325183.896,6,6,3325175.533,0.0,3.0,5.0,0.363,478443.726043
1675137,IT,FR,COPP1,BASIC,8.4,3324811.713,6,6,3324796.541,0.0,4.0,11.0,0.172,395810.918214
1652417,IT,CZ,TEXTI,MOTO1,19.7,3323888.127,6,6,3323881.686,0.0,3.0,3.0,0.441,168725.285635
1750501,IT,CN,MACHI,ALUM1,18.54,3322628.873,6,6,3322619.6,0.0,4.0,5.0,0.273,179214.07082
1672727,IT,FR,CHEMI,CHEM1,7.92,3322601.649,6,6,3322427.337,0.0,11.0,163.0,0.312,419520.410227
1810560,IT,WM,PAPER,HOTEL,12.86,3319999.925,6,6,3319967.598,0.0,27.0,5.0,0.327,258164.846423
1772250,IT,CH,HEAVY,SALEM,5.36,3319885.583,6,6,3319880.316,0.0,2.0,3.0,0.267,619381.638619
1716149,IT,NL,PREC1,COMPU,5.64,3319026.425,6,6,3319013.272,0.0,6.0,7.0,0.153,588479.862589
1810995,IT,WM,GASDI,RAILW,4.94,3317124.853,6,6,3317119.583,0.0,2.0,3.0,0.27,671482.763765
1804451,IT,WF,GASDI,RAWMI,4.94,3316053.334,6,6,3316048.064,0.0,2.0,3.0,0.27,671265.857085
1680984,IT,GR,INLAN,SEACO,5.36,3315241.781,6,6,3315237.556,0.0,1.0,3.0,0.225,618515.257649
1810870,IT,WM,KEROS,POSTT,4.93,3313600.018,6,6,3313594.748,0.0,2.0,3.0,0.27,672129.821095
1758241,IT,BR,BASIC,FURNI,3.81,3313184.478,6,6,3313180.269,0.0,1.0,3.0,0.209,869602.225197
1771822,IT,CH,WOODW,PAPER,9.27,3312780.283,6,6,3312754.059,0.0,21.0,5.0,0.224,357365.726321
1758377,IT,BR,FABRI,WOODW,13.48,3312138.237,6,6,3312127.999,0.0,3.0,7.0,0.238,245707.584347
1795567,IT,WL,COPP1,COPP1,8.37,3311871.046,6,6,3311855.875,0.0,4.0,11.0,0.171,395683.518041
1789587,IT,WA,RUBBE,VEGET,10.97,3311656.817,6,6,3311646.517,0.0,5.0,5.0,0.3,301883.027985
1727004,IT,RO,HOTEL,FINAN,24.0,3311647.264,6,6,3311636.014,0.0,7.0,4.0,0.25,137985.302667
1675180,IT,FR,NONF1,BASIC,0.72,3311123.404,5,5,3311122.385,0.0,0.0,1.0,0.019,4598782.505556
1657613,IT,DE,GLASS,BUSIN,9.08,3309397.387,6,6,3309382.198,0.0,2.0,13.0,0.189,364471.077863
1761024,IT,IN,PLAST,WOODW,6.94,3309115.4,6,6,3309109.063,0.0,3.0,3.0,0.337,476817.78098
1676921,IT,FR,INLAN,BASIC,5.35,3308341.995,6,6,3308337.77,0.0,1.0,3.0,0.225,618381.681308
1750466,IT,CN,MACHI,WEARI,18.45,3306553.873,6,6,3306544.601,0.0,4.0,5.0,0.272,179217.012087
1654809,IT,CZ,SUPPO,CONST,23.77,3306225.673,6,6,3306216.511,0.0,3.0,6.0,0.162,139092.371603
1746269,IT,JP,CHEM1,ELEC2,6.91,3304318.257,6,6,3304309.896,0.0,3.0,5.0,0.361,478193.669609
1742236,IT,US,CERAM,ELECT,5.15,3303789.82,6,6,3303771.641,0.0,1.0,17.0,0.179,641512.586408
1664824,IT,ES,OILSE,FOOD5,2.39,3303769.452,6,6,3303745.299,0.0,23.0,1.0,0.153,1382330.314644
1668575,IT,ES,HOTEL,COMPU,23.92,3299915.521,6,6,3299904.272,0.0,7.0,4.0,0.249,137956.33449
1805391,IT,WF,RUBBE,FURNI,10.93,3297786.794,6,6,3297776.495,0.0,5.0,5.0,0.299,301718.828362
1799655,IT,WE,MOTOR,CHEM1,4.93,3297607.264,6,6,3297601.995,0.0,2.0,3.0,0.269,668885.854767
1790165,IT,WA,BASIC,RESEA,3.79,3295851.482,6,6,3295847.274,0.0,1.0,3.0,0.208,869617.805277
1644667,IT,BE,BEVER,FOOD5,14.01,3294319.144,6,6,3294305.932,0.0,9.0,4.0,0.212,235140.552748
1790536,IT,WA,NONF1,VEGE1,0.72,3292881.63,5,5,3292880.611,0.0,0.0,1.0,0.019,4573446.708333
1785667,IT,ZA,HEAVY,WHOLE,5.32,3292649.04,6,6,3292643.776,0.0,2.0,3.0,0.264,618918.992481
1657138,IT,DE,PLAST,FABRI,6.91,3291556.35,6,6,3291550.015,0.0,3.0,3.0,0.335,476346.794501
1737909,IT,GB,CHEM1,DAIRY,6.88,3290453.986,6,6,3290445.627,0.0,3.0,5.0,0.359,478263.660756
1800209,IT,WE,PLAST,MEATP,6.9,3286840.801,6,6,3286834.467,0.0,3.0,3.0,0.334,476353.739275
1748900,IT,CN,WEARI,PFERT,24.77,3285943.338,7,7,3285930.714,1.0,6.0,5.0,0.624,132658.188857
1794886,IT,WL,CHEM1,OILSE,6.87,3285486.152,6,6,3285477.793,0.0,3.0,5.0,0.359,478236.703348
1658608,IT,DE,MACHI,ELEC3,18.33,3285455.517,6,6,3285446.247,0.0,4.0,5.0,0.27,179239.253519
1745867,IT,JP,LEATH,MEDIC,23.53,3285079.321,6,6,3285050.753,0.0,23.0,5.0,0.568,139612.380833
1642295,IT,AT,BASIC,SANDC,3.78,3284887.583,6,6,3284883.375,0.0,1.0,3.0,0.208,869017.879101
1666414,IT,ES,BITU1,GASDI,5.18,3283566.61,6,6,3283560.349,0.0,2.0,4.0,0.261,633893.167954
1811671,IT,WM,CHEM1,SALEM,6.86,3282992.809,6,6,3282984.451,0.0,3.0,5.0,0.358,478570.380321
1673540,IT,FR,LEATH,RETA1,23.5,3281344.298,6,6,3281315.73,0.0,23.0,5.0,0.568,139631.672255
1653572,IT,CZ,BASIC,BUSIN,3.78,3279469.851,6,6,3279465.644,0.0,1.0,3.0,0.207,867584.616667
1780336,IT,TW,AIRTR,TEXTI,3.57,3279451.602,6,6,3279448.499,0.0,1.0,2.0,0.103,918613.894118
1680505,IT,GR,ELEC6,DISTR,0.48,3276973.214,4,4,3276972.689,0.0,0.0,0.0,0.525,6827027.529167
1799711,IT,WE,MOTOR,RESEA,4.89,3275858.098,6,6,3275852.831,0.0,2.0,3.0,0.267,669909.631493
1657646,IT,DE,CERAM,CERAM,5.1,3275791.334,6,6,3275773.156,0.0,1.0,17.0,0.178,642312.026275
1811464,IT,WM,PLAST,MOTO1,6.87,3275763.14,6,6,3275756.807,0.0,3.0,3.0,0.333,476821.417758
1812218,IT,WM,NONME,CHEM1,6.62,3275006.185,6,6,3274996.826,0.0,2.0,7.0,0.359,494713.925227
1673926,IT,FR,MOTOR,SEACO,4.89,3274377.251,6,6,3274371.984,0.0,2.0,3.0,0.267,669606.799796
1738519,IT,GB,NONF1,MOTO1,0.72,3272435.123,5,5,3272434.105,0.0,0.0,1.0,0.018,4545048.781944
1674765,IT,FR,CERAM,SUPPO,5.1,3271121.985,6,6,3271103.808,0.0,1.0,17.0,0.177,641396.467647
1804880,IT,WF,BITU1,LIQUE,5.16,3270173.392,6,6,3270167.132,0.0,2.0,4.0,0.26,633754.533333
1794062,IT,WL,PAPER,MEAT1,12.66,3268280.275,6,6,3268248.953,0.0,26.0,5.0,0.322,258157.999605
1713829,IT,MT,ELEC1,FISH5,0.47,3267692.833,4,4,3267692.627,0.0,0.0,0.0,0.206,6952537.942553
1788281,IT,WA,LEATH,CHEM1,23.4,3267589.715,6,6,3267561.15,0.0,23.0,5.0,0.565,139640.586111
1725687,IT,RO,PAPER,OFFIC,12.66,3266514.78,6,6,3266483.458,0.0,26.0,5.0,0.322,258018.545024
1799973,IT,WE,HEAVY,LIQUE,5.27,3265138.574,6,6,3265133.312,0.0,2.0,3.0,0.262,619570.886907
1726485,IT,RO,FABRI,TRAN2,13.29,3264439.2,6,6,3264429.966,0.0,3.0,6.0,0.234,245631.241535
1766797,IT,RU,MACHI,NONF1,18.2,3262401.348,6,6,3262392.08,0.0,4.0,5.0,0.268,179252.821319
1750445,IT,CN,MACHI,COKIN,18.19,3261338.125,6,6,3261328.857,0.0,4.0,5.0,0.268,179292.915063
1742574,IT,US,PREC1,RESEA,5.54,3259764.495,6,6,3259751.345,0.0,6.0,7.0,0.15,588405.143502
1646097,IT,BE,BASIC,WHOLE,3.75,3257687.047,6,6,3257682.841,0.0,1.0,3.0,0.206,868716.545867
1658809,IT,DE,MOTO1,FABRI,17.33,3256114.551,6,6,3256105.339,0.0,4.0,5.0,0.212,187888.895038
1674407,IT,FR,CHEM1,COMPU,6.8,3255040.116,6,6,3255031.761,0.0,3.0,5.0,0.355,478682.37
1661242,IT,DK,VEGET,FOOD5,11.52,3254861.28,6,6,3254847.152,0.0,13.0,1.0,0.128,282540.041667
1641015,IT,AT,PULP5,PAPER,9.92,3252281.117,6,6,3252258.812,0.0,16.0,6.0,0.305,327850.919052
1811757,IT,WM,ADDIT,CHEM1,7.53,3251988.203,6,6,3251955.949,0.0,25.0,7.0,0.254,431870.943293
1811429,IT,WM,PLAST,GASDI,6.82,3251736.585,6,6,3251730.254,0.0,3.0,3.0,0.331,476794.220674
1756713,IT,KR,SEACO,WHOLE,3.3,3249485.241,6,6,3249483.185,0.0,1.0,1.0,0.056,984692.497273
1773721,IT,CH,FURNI,HEALT,10.37,3249468.229,6,6,3249450.95,0.0,9.0,8.0,0.279,313352.770395
1673040,IT,FR,FOOD5,BEVER,15.61,3248877.349,6,6,3248858.059,0.0,15.0,4.0,0.29,208127.953171
1801379,IT,WE,MACHI,SUPPO,18.12,3248746.337,6,6,3248737.07,0.0,4.0,5.0,0.267,179290.6367
1714081,IT,MT,SEACO,FISHF,3.3,3248463.759,6,6,3248461.703,0.0,1.0,1.0,0.056,984382.957273
1673507,IT,FR,LEATH,FOOD5,23.26,3247647.823,6,6,3247619.261,0.0,23.0,5.0,0.562,139623.724119
1732734,IT,SI,CEMEN,CONST,5.2,3247276.083,6,6,3247254.936,0.0,1.0,20.0,0.147,624476.169808
1662350,IT,DK,BASIC,RUBBE,3.74,3246840.993,6,6,3246836.788,0.0,1.0,3.0,0.205,868139.302941
1812383,IT,WM,BASIC,RENTI,3.74,3245438.277,6,6,3245434.072,0.0,1.0,3.0,0.205,867764.245187
1809747,IT,WM,FOOD5,MEATA,15.59,3244567.026,6,6,3244547.736,0.0,15.0,4.0,0.29,208118.475048
1767673,IT,RU,POSTT,POSTT,53.41,3243214.057,7,7,3243204.81,1.0,3.0,5.0,0.247,60722.974293
1673344,IT,FR,TEXTI,HOTEL,19.21,3242535.246,6,6,3242528.816,0.0,3.0,3.0,0.43,168794.130453
1799955,IT,WE,HEAVY,FOOD5,5.24,3242299.26,6,6,3242294.0,0.0,2.0,3.0,0.26,618759.400763
1783363,IT,NO,PLAS1,PREC1,11.62,3241824.248,6,6,3241818.03,0.0,2.0,4.0,0.218,278986.596213
1800828,IT,WE,BASIC,CEMEN,3.73,3241552.284,6,6,3241548.079,0.0,1.0,3.0,0.205,869048.869705
1675352,IT,FR,MACHI,DAIRY,18.08,3240645.176,6,6,3240635.91,0.0,4.0,5.0,0.266,179239.224336
1811408,IT,WM,PLAST,MEAT1,6.8,3240204.236,6,6,3240197.906,0.0,3.0,3.0,0.33,476500.622941
1769824,IT,AU,MACHI,BUSIN,18.07,3239054.592,6,6,3239045.326,0.0,4.0,5.0,0.266,179250.392474
1746299,IT,JP,CHEM1,RESEA,6.77,3238997.145,6,6,3238988.791,0.0,3.0,5.0,0.354,478433.84712
1805400,IT,WF,RUBBE,HOTEL,10.73,3238035.711,6,6,3238025.417,0.0,5.0,5.0,0.294,301774.064399
1736124,IT,SK,CONST,CONST,18.1,3237174.694,6,6,3237158.521,0.0,4.0,12.0,0.173,178849.430608
1790679,IT,WA,FABRI,MOTO1,13.17,3237061.636,6,6,3237052.404,0.0,3.0,6.0,0.232,245790.557024
1772584,IT,CH,RUBBE,RESEA,10.71,3231832.981,6,6,3231822.688,0.0,5.0,5.0,0.293,301758.448273
1750177,IT,CN,ALUM1,BASIC,5.61,3229761.141,6,6,3229753.882,0.0,2.0,5.0,0.259,575714.998396
1652321,IT,CZ,BEVER,HOTEL,13.73,3228338.173,6,6,3228324.966,0.0,9.0,4.0,0.207,235130.238383
1795273,IT,WL,CERAM,HOTEL,5.03,3227510.63,6,6,3227492.455,0.0,1.0,17.0,0.175,641652.212724
1804338,IT,WF,MOTOR,SALEM,4.82,3227321.97,6,6,3227316.707,0.0,2.0,3.0,0.263,669568.873444
1811399,IT,WM,PLAST,NATU1,6.77,3227142.29,6,6,3227135.962,0.0,3.0,3.0,0.328,476682.760709
1810585,IT,WM,PAPER,93197,12.5,3226587.05,6,6,3226555.732,0.0,26.0,5.0,0.318,258126.964
1800070,IT,WE,NAPHT,CROPS,5.48,3226233.514,6,6,3226225.283,0.0,2.0,6.0,0.231,588728.743431
1674343,IT,FR,CHEM1,WEARI,6.74,3225967.066,6,6,3225958.714,0.0,3.0,5.0,0.352,478630.128487
1770302,IT,AU,HOTEL,SALEM,23.37,3224990.497,6,6,3224980.254,0.0,6.0,4.0,0.243,137997.025973
1714120,IT,MT,SEACO,RENTI,3.28,3224725.546,6,6,3224723.49,0.0,1.0,1.0,0.056,983148.032317
1798746,IT,WE,FOOD5,PIGS9,15.49,3224683.61,6,6,3224664.322,0.0,15.0,4.0,0.288,208178.412524
1667694,IT,ES,MACHI,SALEM,17.98,3222723.163,6,6,3222713.898,0.0,4.0,5.0,0.265,179239.330534
1667676,IT,ES,MACHI,TRANS,17.97,3220196.535,6,6,3220187.27,0.0,4.0,5.0,0.265,179198.471619
1813400,IT,WM,FURNI,WHOLE,10.27,3218534.319,6,6,3218517.042,0.0,9.0,8.0,0.277,313391.851899
1789701,IT,WA,RUBBE,PUBLI,10.66,3216774.673,6,6,3216764.381,0.0,5.0,5.0,0.292,301761.22636
1751491,IT,CN,AIRTR,HEALT,3.5,3216483.58,6,6,3216481.479,0.0,1.0,1.0,0.101,918995.308571
1769803,IT,AU,MACHI,COLLE,17.94,3216430.594,6,6,3216421.33,0.0,4.0,5.0,0.264,179288.215942
1723514,IT,PT,COPP1,COPP1,8.12,3215826.83,6,6,3215812.664,0.0,4.0,10.0,0.166,396037.786946
1733850,IT,SI,TRAN2,TRAN2,4.97,3215643.421,6,6,3215640.333,0.0,1.0,2.0,0.088,647010.748692
1800309,IT,WE,PFERT,CEREA,1.42,3215474.505,6,6,3215470.99,0.0,2.0,1.0,0.515,2264418.665493
1783693,IT,NO,WASTE,WASTE,10.19,3214560.681,6,6,3214552.506,0.0,3.0,5.0,0.175,315462.284691
1751397,IT,CN,SEACO,MOTO1,3.27,3213590.665,6,6,3213588.609,0.0,1.0,1.0,0.056,982749.438838
1654164,IT,CZ,MOTO1,BASIC,17.1,3213514.213,6,6,3213505.004,0.0,4.0,5.0,0.209,187924.807778
1752467,IT,CA,DAIRY,HOTEL,13.05,3212801.114,6,6,3212774.897,0.0,23.0,3.0,0.217,246191.656245
1778925,IT,TR,SEACO,ALUM1,3.27,3212494.956,6,6,3212492.9,0.0,1.0,1.0,0.056,982414.359633
1687086,IT,HU,MOTO1,LANDT,17.08,3209800.025,6,6,3209790.816,0.0,4.0,5.0,0.209,187927.401932
1790860,IT,WA,MACHI,BUSIN,17.9,3209375.478,6,6,3209366.214,0.0,4.0,5.0,0.264,179294.719441
1788257,IT,WA,LEATH,PRINT,22.98,3208355.187,6,6,3208326.632,0.0,23.0,5.0,0.555,139615.108225
1794983,IT,WL,CHEM1,SALEM,6.7,3207656.13,6,6,3207647.78,0.0,3.0,5.0,0.35,478754.646269
1812955,IT,WM,MACHI,HEAVY,17.89,3205929.53,6,6,3205920.267,0.0,4.0,5.0,0.263,179202.321409
1796115,IT,WL,TRANS,TRANS,19.13,3204818.377,6,6,3204809.203,0.0,4.0,5.0,0.174,167528.404443
1749836,IT,CN,RUBBE,CHEM1,10.62,3204602.891,6,6,3204592.6,0.0,5.0,5.0,0.291,301751.684652
1789489,IT,WA,ADDIT,GASDI,7.42,3203415.874,6,6,3203384.624,0.0,24.0,7.0,0.25,431727.206739
1645982,IT,BE,CEMEN,CONST,5.12,3201070.779,6,6,3201049.635,0.0,1.0,20.0,0.144,625209.136523
1804761,IT,WF,NAPHT,MEAT4,5.43,3200154.06,6,6,3200145.831,0.0,2.0,6.0,0.229,589346.972376
1667531,IT,ES,FABRI,TRANS,13.02,3199857.094,6,6,3199847.864,0.0,3.0,6.0,0.23,245764.753763
1771582,IT,CH,TEXTI,WHOLE,18.96,3199800.894,6,6,3199794.469,0.0,3.0,3.0,0.425,168765.869937
1732045,IT,SI,KEROS,LANDT,4.76,3199278.531,6,6,3199274.271,0.0,1.0,3.0,0.26,672117.338445
1737943,IT,GB,CHEM1,BIOGA,6.69,3198852.797,6,6,3198844.448,0.0,3.0,5.0,0.349,478154.379223
1640724,IT,AT,TEXTI,TEXTI,18.95,3197978.144,6,6,3197971.719,0.0,3.0,3.0,0.425,168758.741108
1676817,IT,FR,LANDT,MOTO1,20.63,3197862.525,6,6,3197856.374,0.0,2.0,4.0,0.151,155010.301745
1674972,IT,FR,BASIC,WOOD2,3.68,3197591.649,6,6,3197587.447,0.0,1.0,3.0,0.202,868910.774185
1658479,IT,DE,FABRI,HOTEL,13.01,3197035.867,6,6,3197026.638,0.0,3.0,6.0,0.229,245736.80761
1744047,IT,US,AIRTR,RESEA,3.48,3196480.34,6,6,3196478.239,0.0,1.0,1.0,0.101,918528.833333
1789685,IT,WA,RUBBE,HOTEL,10.59,3195603.804,6,6,3195593.514,0.0,5.0,5.0,0.29,301756.733144
1804814,IT,WF,NAPHT,ELEC2,5.42,3192827.345,6,6,3192819.117,0.0,2.0,6.0,0.228,589082.535978
1786402,IT,ZA,MACHI,CONST,17.81,3192503.336,6,6,3192494.074,0.0,4.0,5.0,0.262,179253.415834
1657781,IT,DE,NONME,WOODW,6.45,3191701.884,6,6,3191693.534,0.0,2.0,6.0,0.35,494837.501395
1809053,IT,WM,VEGET,EDUCA,11.3,3191508.503,6,6,3191494.378,0.0,13.0,1.0,0.125,282434.380796
1753463,IT,CA,FABRI,FABRI,12.99,3191437.639,6,6,3191428.41,0.0,3.0,6.0,0.229,245684.190839
1658185,IT,DE,ALUM1,BUSIN,5.54,3189669.444,6,6,3189662.188,0.0,2.0,5.0,0.256,575752.60722
1688836,IT,IE,NONME,93197,6.44,3189142.973,6,6,3189134.623,0.0,2.0,6.0,0.35,495208.53618
1646375,IT,BE,FABRI,FABRI,12.98,3188325.396,6,6,3188316.167,0.0,3.0,6.0,0.229,245633.697689
1748548,IT,CN,VEGE1,PIGS9,9.8,3188130.995,6,6,3188106.301,0.0,19.0,5.0,0.694,325319.489286
1774619,IT,CH,SEACO,RESEA,3.24,3188076.366,6,6,3188074.311,0.0,1.0,1.0,0.055,983974.187037
1679445,IT,GR,CHEM1,BEVER,6.66,3187003.022,6,6,3186994.674,0.0,3.0,5.0,0.348,478528.982282
1775328,IT,CH,BUSIN,REALE,32.72,3186250.555,7,7,3186237.335,1.0,6.0,6.0,0.22,97379.295691
1718495,IT,PL,TEXTI,MOTO1,18.88,3185558.768,6,6,3185552.345,0.0,3.0,3.0,0.423,168726.629661
1799948,IT,WE,HEAVY,MEATP,5.14,3183315.832,6,6,3183310.576,0.0,2.0,3.0,0.256,619322.146304
1667133,IT,ES,BASIC,PLAST,3.66,3182439.656,6,6,3182435.455,0.0,1.0,3.0,0.201,869519.031694
1800033,IT,WE,HEAVY,PUBLI,5.14,3181591.715,6,6,3181586.46,0.0,2.0,3.0,0.255,618986.714981
1811616,IT,WM,CHEM1,PRINT,6.65,3179821.022,6,6,3179812.675,0.0,3.0,5.0,0.347,478168.574737
1770320,IT,AU,HOTEL,COMPU,23.04,3178550.109,6,6,3178539.87,0.0,6.0,4.0,0.239,137957.904036
1804817,IT,WF,NAPHT,TRAN1,5.39,3178423.27,6,6,3178415.043,0.0,2.0,6.0,0.227,589688.918367
1653553,IT,CZ,BASIC,DIST1,3.66,3177367.824,6,6,3177363.623,0.0,1.0,3.0,0.201,868133.285246
1682105,IT,HR,TEXTI,WEARI,18.81,3175047.454,6,6,3175041.033,0.0,3.0,3.0,0.421,168795.717916
1789952,IT,WA,CEMEN,REALE,5.08,3175046.476,6,6,3175025.333,0.0,1.0,20.0,0.143,625009.148819
1811744,IT,WM,ADDIT,HEAVY,7.35,3174660.367,6,6,3174630.119,0.0,24.0,6.0,0.248,431926.580544
1682650,IT,HR,KEROS,CONST,4.72,3172870.191,6,6,3172865.933,0.0,1.0,3.0,0.258,672218.260805
1757660,IT,BR,HEAVY,GASDI,5.12,3172029.385,6,6,3172024.13,0.0,2.0,3.0,0.255,619536.989258
1686390,IT,HU,BASIC,WOODW,3.65,3171650.399,6,6,3171646.198,0.0,1.0,3.0,0.201,868945.314795
1683648,IT,HR,FABRI,FABRI,12.91,3171420.721,6,6,3171411.494,0.0,3.0,6.0,0.227,245656.136406
1673338,IT,FR,TEXTI,FURNI,18.79,3171293.106,6,6,3171286.685,0.0,3.0,3.0,0.421,168775.577754
1795341,IT,WL,NONME,COPP1,6.4,3169986.814,6,6,3169978.466,0.0,2.0,6.0,0.348,495310.439687
1668580,IT,ES,HOTEL,HEALT,22.97,3168810.074,6,6,3168799.835,0.0,6.0,4.0,0.239,137954.291424
1657801,IT,DE,NONME,NONME,6.4,3168326.535,6,6,3168318.187,0.0,2.0,6.0,0.348,495051.021094
1742698,IT,US,NONF1,RESEA,0.69,3164875.047,5,5,3164874.029,0.0,0.0,1.0,0.018,4586775.430435
1810477,IT,WM,PAPER,VEGET,12.26,3162966.647,6,6,3162935.335,0.0,26.0,5.0,0.312,257990.754241
1799056,IT,WE,TEXTI,WHOLE,18.74,3161980.555,6,6,3161974.135,0.0,3.0,3.0,0.42,168728.951708
1784624,IT,ID,MACHI,WHOLE,17.64,3161114.308,6,6,3161105.048,0.0,4.0,5.0,0.26,179201.491383
1655872,IT,DE,DAIRY,FOOD5,12.82,3155853.12,6,6,3155827.906,0.0,22.0,3.0,0.214,246166.390016
1746795,IT,JP,MACHI,CHEM1,17.6,3155131.933,6,6,3155122.674,0.0,4.0,5.0,0.259,179268.85983
1803848,IT,WF,TEXTI,CONST,18.69,3154966.048,6,6,3154959.629,0.0,3.0,3.0,0.419,168805.031996
1811507,IT,WM,PLAST,93197,6.62,3154407.466,6,6,3154401.145,0.0,3.0,3.0,0.321,476496.596073
1804659,IT,WF,HEAVY,PUBLI,5.1,3154357.073,6,6,3154351.82,0.0,2.0,3.0,0.253,618501.386863
1674717,IT,FR,GLASS,HEALT,8.66,3153954.343,6,6,3153940.162,0.0,2.0,12.0,0.181,364197.961085
1732073,IT,SI,KEROS,MEMBE,4.69,3151749.794,6,6,3151745.537,0.0,1.0,3.0,0.257,672014.88145
1814157,IT,WM,AIRTR,EDUCA,3.43,3151566.791,6,6,3151564.692,0.0,1.0,1.0,0.099,918824.137318
1656501,IT,DE,PAPER,CHEM1,12.21,3151013.181,6,6,3150982.87,0.0,25.0,5.0,0.311,258068.237592
1641453,IT,AT,GASDI,CONST,4.69,3150912.151,6,6,3150907.894,0.0,1.0,3.0,0.257,671836.279531
1739658,IT,GB,AIRTR,SUPPO,3.43,3148163.864,6,6,3148161.765,0.0,1.0,1.0,0.099,917832.030321
1788081,IT,WA,TEXTI,HEALT,18.65,3147788.101,6,6,3147781.683,0.0,3.0,3.0,0.418,168782.203807
1657474,IT,DE,RUBBE,LANDT,10.42,3143954.614,6,6,3143944.329,0.0,5.0,5.0,0.285,301723.091555
1764770,IT,MX,HOTEL,PUBLI,22.78,3143119.607,6,6,3143109.37,0.0,6.0,4.0,0.237,137977.155707
1674549,IT,FR,RUBBE,BIOGA,10.41,3142386.262,6,6,3142375.977,0.0,5.0,5.0,0.285,301862.273007
1725373,IT,RO,TEXTI,TEXTI,18.62,3141634.025,6,6,3141627.608,0.0,3.0,3.0,0.417,168723.631847
1675932,IT,FR,ELEC2,RECRE,0.76,3141438.915,4,4,3141438.586,0.0,0.0,0.0,0.329,4133472.256579
1742679,IT,US,NONF1,NONF1,0.69,3140785.579,5,5,3140784.561,0.0,0.0,1.0,0.018,4551863.157971
1675626,IT,FR,MOTO1,BUSIN,16.72,3140495.666,6,6,3140487.462,0.0,3.0,5.0,0.204,187828.688158
1744032,IT,US,AIRTR,SALEM,3.41,3137116.038,6,6,3137113.939,0.0,1.0,1.0,0.099,919975.377713
1745277,IT,JP,MEATP,HOTEL,12.71,3136790.443,6,6,3136776.105,0.0,10.0,4.0,0.338,246797.045083
1807192,IT,WF,AIRTR,WHOLE,3.41,3136788.481,6,6,3136786.382,0.0,1.0,1.0,0.099,919879.319941
1769539,IT,AU,ALUM1,ALUM1,5.45,3135979.052,6,6,3135971.801,0.0,2.0,5.0,0.251,575409.000367
1764375,IT,MX,MOTO1,PREC1,16.68,3134601.573,6,6,3134593.369,0.0,3.0,5.0,0.204,187925.753777
1811589,IT,WM,CHEM1,NATU1,6.55,3134277.06,6,6,3134268.718,0.0,3.0,5.0,0.342,478515.581679
1795160,IT,WL,RUBBE,SALEM,10.38,3133049.435,6,6,3133039.151,0.0,5.0,5.0,0.284,301835.205684
1777061,IT,TR,CHEM1,FABRI,6.54,3131091.609,6,6,3131083.267,0.0,3.0,5.0,0.342,478760.184862
1804643,IT,WF,HEAVY,WHOLE,5.06,3130815.501,6,6,3130810.25,0.0,2.0,3.0,0.251,618738.241304
1795754,IT,WL,MACHI,FOOD5,17.46,3130484.253,6,6,3130474.996,0.0,4.0,5.0,0.257,179294.630756
1641793,IT,AT,CHEM1,PREC1,6.54,3129907.119,6,6,3129898.777,0.0,3.0,5.0,0.342,478579.070183
1642200,IT,AT,CEMEN,CEMEN,5.01,3129088.741,6,6,3129068.6,0.0,1.0,19.0,0.141,624568.610978
1758630,IT,BR,TRANS,TRANS,18.66,3127643.385,6,6,3127634.215,0.0,4.0,5.0,0.17,167612.185691
1811919,IT,WM,RUBBE,HOTEL,10.36,3126866.067,6,6,3126855.783,0.0,5.0,5.0,0.284,301821.048938
1672333,IT,FI,RESEA,REALE,16.93,3123835.072,6,6,3123826.853,0.0,3.0,5.0,0.219,184514.770939
1813013,IT,WM,MACHI,LANDT,17.42,3122009.925,6,6,3122000.669,0.0,4.0,5.0,0.256,179219.857922
1723399,IT,PT,BASIC,FURNI,3.59,3121909.569,6,6,3121905.372,0.0,1.0,3.0,0.197,869612.693315
1778956,IT,TR,SEACO,RAILW,3.17,3121857.727,6,6,3121855.673,0.0,1.0,1.0,0.054,984813.163091
1777030,IT,TR,CHEM1,MOTOR,6.52,3121561.592,6,6,3121553.251,0.0,3.0,5.0,0.341,478767.115337
1669092,IT,ES,SUPPO,SUPPO,22.44,3121461.34,6,6,3121453.187,0.0,3.0,5.0,0.153,139102.555258
1777049,IT,TR,CHEM1,GLASS,6.52,3119389.673,6,6,3119381.332,0.0,3.0,5.0,0.341,478433.998926
1719508,IT,PL,GLASS,WOODW,8.56,3117481.13,6,6,3117466.952,0.0,2.0,12.0,0.178,364191.720794
1753568,IT,CA,MACHI,ALUM1,17.39,3116605.371,6,6,3116596.115,0.0,4.0,5.0,0.256,179218.250201
1672567,IT,FR,OILSE,BEVER,2.25,3116059.785,6,6,3116036.641,0.0,22.0,1.0,0.144,1384915.46
1772317,IT,CH,PLAST,PLAST,6.54,3115908.395,6,6,3115903.078,0.0,2.0,3.0,0.317,476438.592508
1676794,IT,FR,LANDT,PLAST,20.08,3112977.447,6,6,3112971.3,0.0,2.0,4.0,0.147,155028.757321
1667677,IT,ES,MACHI,FURNI,17.36,3112263.34,6,6,3112254.084,0.0,4.0,5.0,0.256,179277.842166
1674532,IT,FR,RUBBE,PRINT,10.31,3111781.275,6,6,3111770.993,0.0,5.0,5.0,0.282,301821.656159
1728271,IT,SE,BEVER,FOOD5,13.23,3111275.895,6,6,3111263.695,0.0,8.0,4.0,0.2,235168.246032
1742305,IT,US,CEMEN,CEMEN,4.98,3111267.781,6,6,3111247.641,0.0,1.0,19.0,0.14,624752.566466
1743892,IT,US,SEACO,BASIC,3.16,3111006.642,6,6,3111004.588,0.0,1.0,1.0,0.054,984495.772785
1812371,IT,WM,BASIC,RAILW,3.58,3109195.585,6,6,3109191.388,0.0,1.0,3.0,0.197,868490.386872
1804261,IT,WF,MOTOR,NATUR,4.64,3108767.741,6,6,3108763.488,0.0,1.0,3.0,0.253,669993.047629
1673143,IT,FR,BEVER,BEVER,13.21,3107470.777,6,6,3107458.577,0.0,8.0,4.0,0.2,235236.243528
1646088,IT,BE,BASIC,MOTO1,3.57,3105076.793,6,6,3105072.597,0.0,1.0,3.0,0.196,869769.409804
1732163,IT,SI,GASDI,CONST,4.62,3104751.81,6,6,3104747.557,0.0,1.0,3.0,0.253,672024.201299
1785861,IT,ZA,CHEM1,HEALT,6.49,3104212.795,6,6,3104204.456,0.0,3.0,5.0,0.339,478307.05624
1766116,IT,RU,RUBBE,RUBBE,10.28,3102645.257,6,6,3102635.976,0.0,5.0,4.0,0.281,301813.740953
1797005,IT,WL,AIRTR,HOTEL,3.38,3101507.881,6,6,3101505.783,0.0,1.0,1.0,0.098,917605.881953
1735434,IT,SK,BASIC,RUBBE,3.57,3100612.7,6,6,3100608.504,0.0,1.0,3.0,0.196,868518.963585
1803019,IT,WF,WHEAT,REALE,2.35,3099338.153,6,6,3099314.078,0.0,23.0,1.0,0.075,1318867.299149
1737630,IT,GB,PAPER,WHOLE,12.01,3099321.247,6,6,3099290.941,0.0,25.0,5.0,0.306,258061.719151
1761158,IT,IN,CHEM1,OFFIC,6.48,3098850.471,6,6,3098842.133,0.0,3.0,5.0,0.338,478217.665278
1686561,IT,HU,ALUM1,BASIC,5.38,3098824.343,6,6,3098818.095,0.0,2.0,4.0,0.248,575989.654833
1800182,IT,WE,PLAST,POULT,6.5,3098743.649,6,6,3098738.334,0.0,2.0,3.0,0.315,476729.792154
1726190,IT,RO,CERAM,OFFIC,4.83,3097932.419,6,6,3097915.251,0.0,1.0,16.0,0.168,641393.875569
1757994,IT,BR,RUBBE,WOODW,10.25,3095091.492,6,6,3095082.211,0.0,5.0,4.0,0.281,301960.145561
1672662,IT,FR,CRUDE,STEAM,6.1,3094897.987,6,6,3094891.721,0.0,2.0,4.0,0.266,507360.325738
1761058,IT,IN,PLAST,ELECT,6.49,3094041.289,6,6,3094035.974,0.0,2.0,3.0,0.315,476739.797997
1735025,IT,SK,PLAST,MOTO1,6.49,3093414.094,6,6,3093408.779,0.0,2.0,3.0,0.315,476643.157781
1764003,IT,MX,ALUM1,MOTO1,5.37,3092310.968,6,6,3092304.72,0.0,2.0,4.0,0.248,575849.342272
1665176,IT,ES,FOOD5,PIGS9,14.86,3092276.268,6,6,3092257.992,0.0,14.0,4.0,0.276,208093.961507
1749613,IT,CN,CHEM1,MEATA,6.46,3091559.775,6,6,3091552.438,0.0,3.0,4.0,0.337,478569.624613
1761876,IT,IN,TRANS,TRANS,18.44,3090495.706,6,6,3090486.538,0.0,4.0,5.0,0.168,167597.38102
1743920,IT,US,SEACO,POSTT,3.14,3090373.08,6,6,3090371.026,0.0,1.0,1.0,0.054,984195.248408
1735505,IT,SK,PREC1,PREC1,5.25,3090041.858,6,6,3090029.716,0.0,6.0,6.0,0.142,588579.401524
1674362,IT,FR,CHEM1,CEMEN,6.45,3088098.476,6,6,3088091.139,0.0,3.0,4.0,0.337,478774.957519
1809622,IT,WM,DAIRY,DAIRY,12.54,3087375.908,6,6,3087350.699,0.0,22.0,3.0,0.209,246202.225518
1764203,IT,MX,MACHI,BEVER,17.22,3086160.277,6,6,3086151.023,0.0,4.0,5.0,0.254,179219.528281
1667274,IT,ES,ALUM1,PAPER,5.36,3084424.909,6,6,3084418.662,0.0,2.0,4.0,0.247,575452.408396
1719164,IT,PL,PLAST,FABRI,6.47,3084119.96,6,6,3084114.646,0.0,2.0,3.0,0.314,476680.055641
1811011,IT,WM,GASDI,PUBLI,4.59,3084114.724,6,6,3084110.473,0.0,1.0,3.0,0.251,671920.419172
1797546,IT,WL,BUSIN,BUSIN,31.67,3083922.041,6,6,3083909.828,0.0,6.0,6.0,0.213,97376.761636
1810572,IT,WM,PAPER,REALE,11.95,3083416.912,6,6,3083386.608,0.0,25.0,5.0,0.304,258026.519833
1676625,IT,FR,HOTEL,FINAN,22.35,3083399.169,6,6,3083388.937,0.0,6.0,4.0,0.232,137959.694362
1653571,IT,CZ,BASIC,RESEA,3.55,3082838.354,6,6,3082834.159,0.0,1.0,3.0,0.195,868405.170141
1813057,IT,WM,OFFIC,OFFIC,9.55,3082440.371,6,6,3082433.149,0.0,3.0,4.0,0.222,322768.625236
1756086,IT,KR,FABRI,MACHI,12.54,3081988.063,6,6,3081978.842,0.0,3.0,6.0,0.221,245772.572807
1733045,IT,SI,COPP1,COPP1,7.78,3081575.716,6,6,3081561.557,0.0,4.0,10.0,0.159,396089.42365
1721463,IT,PL,AIRTR,SUPPO,3.35,3081566.587,6,6,3081564.49,0.0,1.0,1.0,0.097,919870.622985
1681120,IT,GR,SUPPO,SUPPO,22.15,3081313.564,6,6,3081305.413,0.0,3.0,5.0,0.151,139111.221851
1665949,IT,ES,MOTOR,HEAVY,4.6,3081213.333,6,6,3081209.082,0.0,1.0,3.0,0.251,669828.985435
1801368,IT,WE,MACHI,SALEM,17.19,3081034.895,6,6,3081025.642,0.0,4.0,5.0,0.253,179234.141652
1725551,IT,RO,LEATH,WHOLE,22.06,3080414.12,6,6,3080386.587,0.0,22.0,5.0,0.533,139637.992747
1777737,IT,TR,NONF1,BASIC,0.67,3080214.718,5,5,3080213.701,0.0,0.0,1.0,0.017,4597335.4
1722632,IT,PT,TEXTI,MOTO1,18.25,3079866.334,6,6,3079859.925,0.0,3.0,3.0,0.409,168759.799123
1726018,IT,RO,CHEM1,RETA1,6.44,3079408.663,6,6,3079401.327,0.0,3.0,4.0,0.336,478169.04705
1725058,IT,RO,OILSE,BEVER,2.22,3078226.382,6,6,3078203.239,0.0,22.0,1.0,0.143,1386588.46036
1745658,IT,JP,TEXTI,MOTO1,18.23,3077175.613,6,6,3077169.205,0.0,3.0,3.0,0.408,168797.345749
1771287,IT,CH,DAIRY,DAIRY,12.5,3076886.266,6,6,3076861.058,0.0,22.0,3.0,0.208,246150.90128
1737645,IT,GB,PAPER,BUSIN,11.92,3076707.505,6,6,3076677.202,0.0,25.0,5.0,0.303,258113.045721
1642424,IT,AT,ALUM1,PULP5,5.35,3076094.324,6,6,3076088.078,0.0,2.0,4.0,0.246,574970.901682
1780182,IT,TW,HOTEL,REALE,22.29,3075953.669,6,6,3075943.437,0.0,6.0,4.0,0.232,137997.024181
1645786,IT,BE,RUBBE,WHOLE,10.19,3075877.097,6,6,3075867.818,0.0,5.0,4.0,0.279,301852.511973
1791259,IT,WA,FURNI,RECRE,9.82,3075667.882,6,6,3075650.618,0.0,9.0,8.0,0.264,313204.468635
1799696,IT,WE,MOTOR,RETA1,4.59,3075576.839,6,6,3075572.588,0.0,1.0,3.0,0.251,670060.313508
1738437,IT,GB,ALUM1,FURNI,5.34,3073862.369,6,6,3073856.123,0.0,2.0,4.0,0.246,575629.657116
1732953,IT,SI,ALUM1,TRANS,5.34,3073723.7,6,6,3073717.454,0.0,2.0,4.0,0.246,575603.689139
1739524,IT,GB,LANDT,HEALT,19.82,3072963.521,6,6,3072957.376,0.0,2.0,4.0,0.145,155043.568163
1643412,IT,AT,LANDT,WOODW,19.82,3072786.298,6,6,3072780.153,0.0,2.0,4.0,0.145,155034.626539
1673961,IT,FR,KEROS,CROPS,4.57,3071064.739,6,6,3071060.489,0.0,1.0,3.0,0.25,672005.413348
1667188,IT,ES,BASIC,RESEA,3.53,3070764.056,6,6,3070759.862,0.0,1.0,3.0,0.194,869904.831728
1813199,IT,WM,MOTO1,PUBLI,16.32,3066517.256,6,6,3066509.057,0.0,3.0,5.0,0.199,187899.341667
1772205,IT,CH,GASDI,LANDT,4.56,3065792.52,6,6,3065788.27,0.0,1.0,3.0,0.25,672322.921053
1776292,IT,TR,PAPER,WOODW,11.88,3065759.383,6,6,3065729.081,0.0,25.0,5.0,0.302,258060.554125
1780188,IT,TW,HOTEL,HEALT,22.2,3063390.686,6,6,3063380.455,0.0,6.0,4.0,0.231,137990.571441
1812554,IT,WM,ALUM1,FURNI,5.32,3061974.667,6,6,3061968.422,0.0,2.0,4.0,0.245,575559.147932
1780371,IT,TW,AIRTR,FURNI,3.33,3060477.904,6,6,3060475.808,0.0,1.0,1.0,0.096,919062.433634
1801223,IT,WE,FABRI,FURNI,12.45,3060093.795,6,6,3060084.576,0.0,3.0,6.0,0.219,245790.666265
1789485,IT,WA,ADDIT,MOTOR,7.08,3059546.311,6,6,3059517.072,0.0,23.0,6.0,0.239,432139.309463
1749855,IT,CN,RUBBE,ELECT,10.13,3058821.519,6,6,3058812.242,0.0,5.0,4.0,0.277,301956.71461
1665672,IT,ES,PULP5,PAPER,9.32,3057702.885,6,6,3057682.598,0.0,15.0,5.0,0.287,328079.708691
1746266,IT,JP,CHEM1,FURNI,6.39,3057346.111,6,6,3057338.777,0.0,3.0,4.0,0.334,478457.920344
1796225,IT,WL,FURNI,HOTEL,9.76,3056565.333,6,6,3056548.07,0.0,9.0,8.0,0.263,313172.677561
1749689,IT,CN,CHEM1,ELEC1,6.39,3056550.912,6,6,3056543.578,0.0,3.0,4.0,0.334,478333.476056
1673104,IT,FR,FOOD5,EDUCA,14.68,3055890.798,6,6,3055872.525,0.0,14.0,4.0,0.273,208166.948093
1652004,IT,CZ,VEGET,FOOD5,10.82,3055535.686,6,6,3055521.566,0.0,13.0,1.0,0.12,282397.013494
1667905,IT,ES,MOTO1,TRANS,16.26,3055148.924,6,6,3055140.725,0.0,3.0,5.0,0.199,187893.537761
1672939,IT,FR,DAIRY,FOOD5,12.41,3055137.153,6,6,3055111.946,0.0,22.0,3.0,0.207,246183.493392
1715625,IT,NL,NAPHT,KEROS,5.18,3054021.918,6,6,3054014.7,0.0,2.0,5.0,0.218,589579.520849
1657312,IT,DE,ADDIT,MOTOR,7.07,3052752.079,6,6,3052722.841,0.0,23.0,6.0,0.238,431789.544413
1796220,IT,WL,FURNI,CONST,9.74,3050699.165,6,6,3050681.903,0.0,9.0,8.0,0.262,313213.466632
1742250,IT,US,CERAM,HOTEL,4.75,3049187.062,6,6,3049169.897,0.0,1.0,16.0,0.165,641934.118316
1809559,IT,WM,VEGE1,FOOD5,9.36,3044460.019,6,6,3044435.357,0.0,19.0,5.0,0.662,325262.822543
1790940,IT,WA,OFFIC,COMPU,9.43,3043351.699,6,6,3043344.48,0.0,3.0,4.0,0.219,322730.827041
1662387,IT,DK,BASIC,BUSIN,3.5,3042037.954,6,6,3042033.762,0.0,1.0,3.0,0.192,869153.701143
1805906,IT,WF,ALUM1,REALE,5.28,3040236.38,6,6,3040230.136,0.0,2.0,4.0,0.244,575802.344697
1673142,IT,FR,BEVER,FOOD5,12.92,3038004.991,6,6,3037993.796,0.0,8.0,3.0,0.195,235139.705186
1687070,IT,HU,MOTO1,FABRI,16.17,3037672.77,6,6,3037664.572,0.0,3.0,5.0,0.198,187858.55102
1789178,IT,WA,PLAST,LEATH,6.37,3037595.801,6,6,3037590.492,0.0,2.0,3.0,0.309,476859.623391
1773536,IT,CH,MOTO1,MACHI,16.17,3037585.954,6,6,3037577.756,0.0,3.0,5.0,0.198,187853.182066
1725400,IT,RO,TEXTI,MOTO1,18.0,3037228.77,6,6,3037222.367,0.0,3.0,3.0,0.403,168734.931667
1662465,IT,DK,ALUM1,FABRI,5.28,3037075.275,6,6,3037069.032,0.0,2.0,4.0,0.243,575203.650568
1646069,IT,BE,BASIC,RUBBE,3.5,3036783.17,6,6,3036778.978,0.0,1.0,3.0,0.192,867652.334286
1805417,IT,WF,RUBBE,HEALT,10.06,3036723.769,6,6,3036714.494,0.0,5.0,4.0,0.275,301861.209642
1741849,IT,US,CHEM1,VEGET,6.34,3035697.836,6,6,3035690.505,0.0,3.0,4.0,0.331,478816.693375
1739438,IT,GB,LANDT,FOOD5,19.58,3035293.048,6,6,3035286.904,0.0,2.0,4.0,0.144,155020.073953
1742601,IT,US,ALUM1,MOTO1,5.27,3034364.821,6,6,3034358.578,0.0,2.0,4.0,0.243,575780.800949
1645577,IT,BE,CHEM1,SUGA1,6.34,3033907.293,6,6,3033899.962,0.0,3.0,4.0,0.331,478534.273344
1669213,IT,ES,POSTT,POSTT,49.95,3033107.546,7,7,3033098.315,1.0,3.0,5.0,0.231,60722.873794
1667301,IT,ES,ALUM1,FURNI,5.27,3031643.933,6,6,3031637.69,0.0,2.0,4.0,0.243,575264.503416
1761137,IT,IN,CHEM1,NFERT,6.33,3030740.573,6,6,3030733.242,0.0,3.0,4.0,0.331,478789.979937
1756216,IT,KR,MACHI,ELEC3,16.9,3029998.253,6,6,3029989.004,0.0,4.0,5.0,0.249,179289.837456
1776930,IT,TR,PLAST,MOTO1,6.36,3029995.098,6,6,3029989.79,0.0,2.0,3.0,0.308,476414.323585
1805016,IT,WF,PLAST,PLAST,6.36,3029621.118,6,6,3029615.81,0.0,2.0,3.0,0.308,476355.521698
1749549,IT,CN,PLAST,CHEM1,6.35,3026958.159,6,6,3026952.851,0.0,2.0,3.0,0.308,476686.324252
1732337,IT,SI,NAPHT,RETA1,5.14,3026474.093,6,6,3026466.877,0.0,2.0,5.0,0.216,588808.1893
1757589,IT,BR,GASDI,MOTOR,4.5,3026094.349,6,6,3026090.103,0.0,1.0,3.0,0.246,672465.410889
1764211,IT,MX,MACHI,PAPER,16.88,3025351.77,6,6,3025342.521,0.0,4.0,5.0,0.249,179227.000592
1772967,IT,CH,PREC1,DISTR,5.14,3025314.769,6,6,3025302.63,0.0,6.0,6.0,0.139,588582.639883
1766802,IT,RU,MACHI,ELECT,16.88,3024775.724,6,6,3024766.475,0.0,4.0,5.0,0.249,179192.874645
1722363,IT,PT,FISHF,EDUCA,5.21,3024723.233,6,6,3024721.125,0.0,1.0,1.0,0.108,580561.08119
1745778,IT,JP,WEARI,RETA1,22.8,3024673.766,6,6,3024662.191,0.0,6.0,5.0,0.575,132661.130088
1795027,IT,WL,ADDIT,MOTOR,7.0,3024578.491,6,6,3024549.255,0.0,23.0,6.0,0.236,432082.641571
1804295,IT,WF,MOTOR,GASDI,4.52,3023316.135,6,6,3023311.889,0.0,1.0,3.0,0.246,668875.251106
1662461,IT,DK,ALUM1,ALUM1,5.25,3022076.812,6,6,3022070.57,0.0,2.0,4.0,0.242,575633.678476
1742967,IT,US,MACHI,BUSIN,16.85,3020207.828,6,6,3020198.58,0.0,4.0,5.0,0.248,179240.820653
1673614,IT,FR,WOODW,MOTO1,8.45,3019752.663,6,6,3019728.459,0.0,19.0,5.0,0.204,357367.179053
1800557,IT,WE,RUBBE,REALE,10.0,3017971.149,6,6,3017961.875,0.0,5.0,4.0,0.274,301797.1149
1791137,IT,WA,TRANS,RESEA,18.01,3017231.195,6,6,3017223.031,0.0,3.0,5.0,0.164,167530.882565
1777361,IT,TR,GLASS,REALE,8.28,3016161.332,6,6,3016147.159,0.0,2.0,12.0,0.173,364270.692271
1657554,IT,DE,GLASS,PLAST,8.27,3013710.743,6,6,3013696.57,0.0,2.0,12.0,0.173,364414.841959
1755186,IT,KR,LEATH,93197,21.58,3013533.585,6,6,3013507.064,0.0,21.0,5.0,0.521,139644.744439
1790710,IT,WA,FABRI,REALE,12.26,3013448.149,6,6,3013438.933,0.0,3.0,6.0,0.216,245795.118189
1776897,IT,TR,PLAST,WOODW,6.32,3012139.559,6,6,3012134.253,0.0,2.0,3.0,0.306,476604.360601
1729797,IT,SE,MACHI,RESEA,16.79,3009025.483,6,6,3009016.236,0.0,4.0,5.0,0.247,179215.335497
1652256,IT,CZ,FOOD5,ELEC3,14.45,3006773.689,6,6,3006755.42,0.0,14.0,4.0,0.269,208081.224152
1765973,IT,RU,CHEM1,TOBAC,6.28,3006330.184,6,6,3006322.856,0.0,3.0,4.0,0.328,478714.997452
1653898,IT,CZ,FABRI,CONST,12.23,3005523.755,6,6,3005514.539,0.0,3.0,6.0,0.216,245750.102617
1747461,IT,JP,SEACO,GASDI,3.06,3005312.019,6,6,3005309.967,0.0,1.0,1.0,0.052,982128.110784
1740960,IT,US,FOOD5,EDUCA,14.44,3004706.677,6,6,3004688.408,0.0,14.0,4.0,0.269,208082.179848
1741873,IT,US,CHEM1,DAIRY,6.28,3003601.936,6,6,3003594.608,0.0,3.0,4.0,0.328,478280.563057
1645721,IT,BE,RUBBE,MEATP,9.95,3002932.787,6,6,3002923.515,0.0,5.0,4.0,0.272,301802.290151
1673660,IT,FR,PULP5,PAPER,9.16,3002646.623,6,6,3002627.341,0.0,14.0,5.0,0.282,327799.849672
1667898,IT,ES,MOTO1,FABRI,15.98,3001793.714,6,6,3001785.519,0.0,3.0,5.0,0.195,187846.91577
1667027,IT,ES,NONME,MEAT4,6.06,3000095.859,6,6,3000088.53,0.0,1.0,6.0,0.329,495065.323267
1780340,IT,TW,AIRTR,PRINT,3.27,2999464.527,6,6,2999462.433,0.0,1.0,1.0,0.094,917267.43945
1745795,IT,JP,WEARI,PUBLI,22.6,2998577.307,6,6,2998566.737,0.0,6.0,4.0,0.57,132680.411814
1776633,IT,TR,GASDI,RETA1,4.46,2997430.068,6,6,2997425.824,0.0,1.0,3.0,0.244,672069.521973
1811661,IT,WM,CHEM1,ELEC6,6.26,2996913.132,6,6,2996905.805,0.0,3.0,4.0,0.327,478740.116933
1770989,IT,CH,VEGET,FOODW,10.61,2996836.025,6,6,2996822.907,0.0,12.0,1.0,0.118,282453.913761
1728921,IT,SE,CHEM1,FABRI,6.26,2994348.782,6,6,2994341.455,0.0,3.0,4.0,0.327,478330.476358
1658816,IT,DE,MOTO1,FURNI,15.94,2994056.969,6,6,2994048.774,0.0,3.0,5.0,0.195,187832.934065
1811127,IT,WM,NAPHT,MEAT4,5.08,2992204.335,6,6,2992197.121,0.0,2.0,5.0,0.214,589016.601378
1769772,IT,AU,MACHI,BASIC,16.69,2992196.148,6,6,2992186.902,0.0,4.0,5.0,0.246,179280.775794
1743891,IT,US,SEACO,RUBBE,3.04,2991772.749,6,6,2991770.697,0.0,1.0,1.0,0.052,984135.772697
1674346,IT,FR,CHEM1,PULP5,6.25,2990545.903,6,6,2990538.577,0.0,3.0,4.0,0.326,478487.34448
1801353,IT,WE,MACHI,TRANS,16.68,2990170.684,6,6,2990161.438,0.0,4.0,5.0,0.246,179266.827578
1679481,IT,GR,CHEM1,FABRI,6.25,2989575.967,6,6,2989568.641,0.0,3.0,4.0,0.326,478332.15472
1804248,IT,WF,MOTOR,CROPS,4.46,2988196.232,6,6,2988191.989,0.0,1.0,3.0,0.243,669999.155157
1805727,IT,WF,BASIC,BASIC,3.44,2987189.844,6,6,2987185.655,0.0,1.0,3.0,0.189,868369.140698
1744031,IT,US,AIRTR,CONST,3.25,2987110.707,6,6,2987108.613,0.0,1.0,1.0,0.094,919110.986769
1746855,IT,JP,MACHI,PUBLI,16.65,2984861.914,6,6,2984852.669,0.0,4.0,5.0,0.245,179270.985826
1804341,IT,WF,MOTOR,RETA1,4.46,2984845.243,6,6,2984841.0,0.0,1.0,3.0,0.243,669247.812332
1744967,IT,US,BUSIN,RESEA,30.65,2984538.422,6,6,2984526.216,0.0,6.0,6.0,0.206,97374.826166
1800553,IT,WE,RUBBE,POSTT,9.89,2984324.125,6,6,2984315.854,0.0,4.0,4.0,0.271,301751.680991
1675922,IT,FR,ELEC2,BUSIN,0.72,2983155.104,4,4,2983154.792,0.0,0.0,0.0,0.312,4143270.977778
1667063,IT,ES,NONME,ALUM1,6.03,2983118.195,6,6,2983110.868,0.0,1.0,6.0,0.327,494712.801824
1657288,IT,DE,CHEM1,RENTI,6.23,2982693.735,6,6,2982686.409,0.0,3.0,4.0,0.326,478763.039326
1776818,IT,TR,NAPHT,CONST,5.06,2980769.587,6,6,2980762.374,0.0,2.0,5.0,0.213,589084.898617
1667899,IT,ES,MOTO1,MACHI,15.85,2977085.05,6,6,2977076.856,0.0,3.0,5.0,0.194,187828.709779
1672549,IT,FR,VEGET,VEGET,10.54,2976981.885,6,6,2976968.768,0.0,12.0,1.0,0.117,282446.099146
1755178,IT,KR,LEATH,PUBLI,21.32,2976472.803,6,6,2976447.288,0.0,21.0,4.0,0.515,139609.418527
1804359,IT,WF,MOTOR,EDUCA,4.44,2975303.456,6,6,2975299.214,0.0,1.0,3.0,0.242,670113.390991
1759141,IT,BR,AIRTR,FURNI,3.24,2972308.898,6,6,2972306.804,0.0,1.0,1.0,0.094,917379.289506
1645571,IT,BE,CHEM1,MEATP,6.21,2971766.921,6,6,2971759.597,0.0,3.0,4.0,0.324,478545.397907
1804620,IT,WF,HEAVY,CEMEN,4.8,2971749.127,6,6,2971744.888,0.0,1.0,3.0,0.239,619114.401458
1761177,IT,IN,CHEM1,BUSIN,6.21,2971643.264,6,6,2971635.94,0.0,3.0,4.0,0.324,478525.485346
1667232,IT,ES,PREC1,FURNI,5.05,2971626.34,6,6,2971615.203,0.0,5.0,6.0,0.137,588440.859406
1800791,IT,WE,BASIC,NATUR,3.42,2971125.599,6,6,2971121.411,0.0,1.0,3.0,0.188,868750.175146
1761480,IT,IN,PREC1,MACHI,5.05,2970486.378,6,6,2970475.241,0.0,5.0,6.0,0.137,588215.124356
1775326,IT,CH,BUSIN,INSUR,30.51,2970280.051,6,6,2970267.846,0.0,6.0,6.0,0.205,97354.311734
1776567,IT,TR,GASDI,VEGET,4.42,2969862.309,6,6,2969858.067,0.0,1.0,3.0,0.242,671914.549548
1680245,IT,GR,TRANS,SEACO,17.72,2969418.729,6,6,2969410.568,0.0,3.0,5.0,0.161,167574.420372
1720372,IT,PL,MACHI,VEGET,16.57,2969385.199,6,6,2969375.955,0.0,4.0,5.0,0.244,179202.486361
1659943,IT,DE,TRAN2,SUPPO,4.59,2969053.261,6,6,2969050.179,0.0,1.0,2.0,0.082,646852.562309
1754144,IT,CA,AIRTR,MEMBE,3.23,2967989.985,6,6,2967987.891,0.0,1.0,1.0,0.094,918882.348297
1758902,IT,BR,HOTEL,SUPPO,21.51,2967957.951,6,6,2967947.727,0.0,6.0,4.0,0.224,137980.37894
1761267,IT,IN,RUBBE,RUBBE,9.83,2966126.386,6,6,2966118.117,0.0,4.0,4.0,0.269,301742.256968
1771081,IT,CH,NATUR,TRAN1,4.15,2965455.821,6,6,2965451.627,0.0,2.0,2.0,0.194,714567.667711
1720495,IT,PL,MACHI,BUSIN,16.54,2965006.351,6,6,2964997.107,0.0,4.0,5.0,0.244,179262.778174
1657803,IT,DE,NONME,ALUM1,5.99,2964364.468,6,6,2964357.143,0.0,1.0,6.0,0.325,494885.553923
1720421,IT,PL,MACHI,GASDI,16.54,2964331.395,6,6,2964322.151,0.0,4.0,5.0,0.244,179221.970677
1655978,IT,DE,FOOD5,PLAST,14.23,2962945.122,6,6,2962926.857,0.0,14.0,4.0,0.265,208218.209557
1719146,IT,PL,PLAST,PLAST,6.22,2962812.28,6,6,2962806.979,0.0,2.0,3.0,0.301,476336.379421
1750487,IT,CN,MACHI,PLAST,16.53,2962391.181,6,6,2962381.938,0.0,4.0,5.0,0.243,179213.017604
1788205,IT,WA,LEATH,VEGET,21.22,2962343.563,6,6,2962318.05,0.0,21.0,4.0,0.513,139601.487418
1675758,IT,FR,FURNI,MACHI,9.45,2961399.857,6,6,2961382.602,0.0,9.0,8.0,0.255,313375.646243
1716407,IT,NL,MACHI,SALEM,16.52,2961186.548,6,6,2961177.305,0.0,4.0,5.0,0.243,179248.580387
1653527,IT,CZ,BASIC,ALUM1,3.41,2959942.621,6,6,2959938.434,0.0,1.0,3.0,0.187,868018.36393
1782100,IT,NO,CERAM,POULT,4.61,2959747.011,6,6,2959730.851,0.0,1.0,15.0,0.16,642027.551193
1719720,IT,PL,NONME,CONST,5.98,2959682.063,6,6,2959674.738,0.0,1.0,6.0,0.325,494930.11087
1688474,IT,IE,WEARI,WHOLE,22.31,2959580.486,6,6,2959570.924,0.0,5.0,4.0,0.562,132657.126221
1645209,IT,BE,COKEO,BIODI,0.37,2958737.451,4,4,2958737.436,0.0,0.0,0.0,0.015,7996587.705405
1666255,IT,ES,HEAVY,CONST,4.78,2958244.874,6,6,2958240.637,0.0,1.0,3.0,0.237,618879.680753
1799796,IT,WE,GASDI,CEREA,4.4,2957707.813,6,6,2957703.572,0.0,1.0,3.0,0.241,672206.321136
1803614,IT,WF,FOOD5,MEAT4,14.21,2957703.246,6,6,2957684.982,0.0,14.0,4.0,0.264,208142.381844
1645217,IT,BE,COKEO,BUSIN,0.37,2957187.147,4,4,2957187.132,0.0,0.0,0.0,0.015,7992397.694595
1732831,IT,SI,BASIC,ALUM1,3.4,2956488.412,6,6,2956484.225,0.0,1.0,3.0,0.187,869555.415294
1750187,IT,CN,ALUM1,ELECT,5.13,2952917.22,6,6,2952910.983,0.0,2.0,4.0,0.237,575617.391813
1659859,IT,DE,LANDT,CONST,19.05,2952830.473,6,6,2952824.333,0.0,2.0,4.0,0.14,155004.224304
1734402,IT,SK,VEGET,GASDI,10.45,2952639.589,6,6,2952626.473,0.0,12.0,1.0,0.116,282549.242967
1804442,IT,WF,GASDI,OILSE,4.39,2951590.289,6,6,2951586.049,0.0,1.0,3.0,0.24,672344.029385
1725966,IT,RO,CHEM1,TEXTI,6.17,2950826.076,6,6,2950818.754,0.0,3.0,4.0,0.322,478253.82107
1743156,IT,US,MOTO1,SUPPO,15.68,2946759.359,6,6,2946751.167,0.0,3.0,5.0,0.192,187931.081569
1790862,IT,WA,MACHI,EDUCA,16.44,2946753.771,6,6,2946744.529,0.0,4.0,5.0,0.242,179242.930109
1763067,IT,MX,TEXTI,MOTO1,17.46,2946508.241,6,6,2946501.85,0.0,3.0,3.0,0.391,168757.631214
1719135,IT,PL,PLAST,LEATH,6.18,2946102.28,6,6,2946096.98,0.0,2.0,3.0,0.3,476715.579288
1723474,IT,PT,ALUM1,ALUM1,5.11,2941705.2,6,6,2941698.964,0.0,2.0,4.0,0.236,575676.164384
1648848,IT,BG,TEXTI,TEXTI,17.43,2941616.767,6,6,2941610.377,0.0,3.0,3.0,0.39,168767.456512
1811901,IT,WM,RUBBE,MOTO1,9.74,2940059.888,6,6,2940051.621,0.0,4.0,4.0,0.267,301854.197947
1761478,IT,IN,PREC1,FOUND,4.98,2933352.129,6,6,2933340.994,0.0,5.0,6.0,0.135,589026.531928
1657150,IT,DE,PLAST,WHOLE,6.15,2933163.879,6,6,2933158.581,0.0,2.0,3.0,0.298,476937.216098
1741078,IT,US,TEXTI,HOTEL,17.37,2932249.144,6,6,2932242.755,0.0,3.0,3.0,0.389,168811.119401
1740385,IT,GB,HEALT,CHEM1,15.27,2931655.531,6,6,2931651.414,0.0,2.0,2.0,0.117,191987.919515
1726017,IT,RO,CHEM1,WHOLE,6.13,2931385.682,6,6,2931378.362,0.0,3.0,4.0,0.32,478203.210767
1758033,IT,BR,RUBBE,CONST,9.71,2931165.002,6,6,2931156.736,0.0,4.0,4.0,0.266,301870.752008
1763581,IT,MX,CHEM1,FURNI,6.13,2931038.39,6,6,2931031.07,0.0,3.0,4.0,0.32,478146.556281
1812822,IT,WM,FABRI,GASDI,11.93,2931034.44,6,6,2931025.23,0.0,3.0,6.0,0.21,245686.038558
1733142,IT,SI,FABRI,CONST,11.93,2930515.899,6,6,2930506.689,0.0,3.0,6.0,0.21,245642.573261
1761665,IT,IN,FABRI,FABRI,11.92,2929293.297,6,6,2929284.087,0.0,3.0,6.0,0.21,245746.081963
1716100,IT,NL,BASIC,WHOLE,3.37,2928148.045,6,6,2928143.86,0.0,1.0,3.0,0.185,868886.660237
1668780,IT,ES,LANDT,SUPPO,18.89,2927658.122,6,6,2927651.984,0.0,2.0,4.0,0.138,154984.548544
1776924,IT,TR,PLAST,FABRI,6.14,2927247.712,6,6,2927242.414,0.0,2.0,3.0,0.298,476750.441694
1801762,IT,WE,ELEC2,BUSIN,0.7,2926669.064,4,4,2926668.758,0.0,0.0,0.0,0.306,4180955.805714
1719186,IT,PL,PLAST,LANDT,6.14,2925361.76,6,6,2925356.462,0.0,2.0,3.0,0.298,476443.283388
1652706,IT,CZ,PAPER,PAPER,11.33,2925217.588,6,6,2925188.299,0.0,24.0,5.0,0.289,258183.370521
1659996,IT,DE,SEACO,REALE,2.97,2924532.268,6,6,2924530.217,0.0,1.0,1.0,0.051,984690.999327
1750828,IT,CN,FURNI,GLASS,9.34,2924390.105,6,6,2924373.854,0.0,8.0,8.0,0.251,313103.865632
1677094,IT,FR,SUPPO,SEACO,21.02,2923902.936,6,6,2923895.792,0.0,2.0,5.0,0.144,139100.996004
1761159,IT,IN,CHEM1,ELECT,6.11,2923722.129,6,6,2923714.81,0.0,3.0,4.0,0.319,478514.260065
1655577,IT,DE,SANDC,COKEO,6.71,2923508.642,6,6,2922865.538,0.0,1.0,642.0,0.104,435694.283458
1751472,IT,CN,AIRTR,SALEM,3.18,2922160.093,6,6,2922158.001,0.0,1.0,1.0,0.092,918918.268239
1786276,IT,ZA,FABRI,PLAST,11.89,2920977.38,6,6,2920968.17,0.0,3.0,6.0,0.21,245666.726661
1673861,IT,FR,PRINT,PUBLI,28.02,2920623.545,6,6,2920614.322,0.0,5.0,4.0,0.223,104233.531228
1742483,IT,US,BASIC,PREC1,3.36,2920619.689,6,6,2920615.504,0.0,1.0,3.0,0.185,869232.050298
1775715,IT,TR,CATTL,MEATC,6.37,2920585.468,6,6,2920515.271,0.0,68.0,2.0,0.197,458490.654317
1769969,IT,AU,TRANS,TRANS,17.43,2920223.41,6,6,2920215.251,0.0,3.0,5.0,0.159,167540.069421
1656245,IT,DE,WEARI,WEARI,22.0,2919471.34,6,6,2919461.785,0.0,5.0,4.0,0.555,132703.242727
1780975,IT,TW,BUSIN,NAPHT,29.98,2918831.028,6,6,2918819.827,0.0,6.0,5.0,0.201,97359.273783
1676912,IT,FR,SEACO,SEACO,2.97,2918722.485,6,6,2918720.434,0.0,1.0,1.0,0.051,982734.843434
1653402,IT,CZ,CERAM,CONST,4.54,2915402.919,6,6,2915386.761,0.0,1.0,15.0,0.158,642159.23326
1788090,IT,WA,TEXTI,93197,17.27,2914068.033,6,6,2914061.646,0.0,3.0,3.0,0.387,168735.844412
1792119,IT,WA,AIRTR,EDUCA,3.17,2913009.02,6,6,2913006.928,0.0,1.0,1.0,0.092,918930.290221
1755735,IT,KR,GLASS,GLASS,7.99,2912272.605,6,6,2912259.438,0.0,2.0,11.0,0.167,364489.687735
1755146,IT,KR,LEATH,TRANS,20.84,2910075.303,6,6,2910049.799,0.0,21.0,4.0,0.504,139638.930086
1745511,IT,JP,FOOD5,HOTEL,13.98,2909524.152,6,6,2909505.892,0.0,14.0,4.0,0.26,208120.46867
1726263,IT,RO,BASIC,GASDI,3.35,2909297.83,6,6,2909293.646,0.0,1.0,3.0,0.184,868447.113433
1812372,IT,WM,BASIC,LANDT,3.35,2909099.538,6,6,2909095.354,0.0,1.0,3.0,0.184,868387.921791
1675141,IT,FR,COPP1,MACHI,7.35,2908233.505,6,6,2908220.355,0.0,4.0,9.0,0.15,395678.027891
1770324,IT,AU,HOTEL,EDUCA,21.07,2907742.078,6,6,2907731.859,0.0,6.0,4.0,0.219,138003.895491
1750710,IT,CN,MOTO1,LANDT,15.47,2906895.047,6,6,2906886.858,0.0,3.0,5.0,0.189,187905.30362
1800978,IT,WE,ALUM1,BASIC,5.05,2906813.136,6,6,2906806.903,0.0,2.0,4.0,0.233,575606.561584
1811267,IT,WM,BITU1,PROCE,4.58,2906578.333,6,6,2906574.102,0.0,1.0,3.0,0.231,634624.090175
1738291,IT,GB,BASIC,CRUDE,3.35,2906412.617,6,6,2906408.433,0.0,1.0,3.0,0.184,867585.855821
1680378,IT,GR,ELEC2,BASIC,0.7,2906069.429,4,4,2906069.125,0.0,0.0,0.0,0.304,4151527.755714
1747625,IT,JP,AIRTR,PUBLI,3.16,2904825.842,6,6,2904823.75,0.0,1.0,1.0,0.092,919248.684177
1780364,IT,TW,AIRTR,FABRI,3.16,2903773.775,6,6,2903771.684,0.0,1.0,1.0,0.091,918915.751582
1772907,IT,CH,BASIC,BUSIN,3.34,2901392.704,6,6,2901388.521,0.0,1.0,3.0,0.183,868680.450299
1758597,IT,BR,MOTO1,SALEM,15.44,2900994.216,6,6,2900986.027,0.0,3.0,5.0,0.189,187888.226425
1689819,IT,IE,INSUR,TRANS,59.76,2899414.409,6,6,2899407.275,0.0,4.0,3.0,0.134,48517.64406
1683418,IT,HR,BASIC,SECO9,3.34,2898715.045,6,6,2898710.862,0.0,1.0,3.0,0.183,867878.755988
1789329,IT,WA,CHEM1,NATUR,6.06,2897783.546,6,6,2897776.23,0.0,3.0,4.0,0.316,478182.1033
1754963,IT,KR,TEXTI,FURNI,17.17,2897242.336,6,6,2897235.951,0.0,3.0,3.0,0.385,168738.63343
1658192,IT,DE,LEAD1,BEVER,5.04,2897079.778,6,6,2897059.534,0.0,7.0,13.0,0.244,574817.41627
1744947,IT,US,BUSIN,CONST,29.75,2896620.238,6,6,2896609.038,0.0,6.0,5.0,0.2,97365.386151
1719781,IT,PL,BASIC,WOODW,3.33,2896014.365,6,6,2896010.182,0.0,1.0,3.0,0.183,869673.983483
1715460,IT,NL,KEROS,KEROS,4.31,2895670.634,6,6,2895666.398,0.0,1.0,3.0,0.236,671849.335035
1659833,IT,DE,LANDT,OFFIC,18.68,2895356.398,6,6,2895350.261,0.0,2.0,4.0,0.137,154997.665846
1789272,IT,WA,PLAST,93197,6.07,2892873.322,6,6,2892868.028,0.0,2.0,3.0,0.294,476585.390774
1767018,IT,RU,TRANS,TRANS,17.26,2891776.161,6,6,2891768.004,0.0,3.0,5.0,0.157,167542.0719
1773433,IT,CH,OFFIC,CHEM1,8.96,2891268.724,6,6,2891261.516,0.0,3.0,4.0,0.208,322686.241518
1744966,IT,US,BUSIN,COMPU,29.69,2890834.658,6,6,2890823.459,0.0,6.0,5.0,0.199,97367.283867
1747584,IT,JP,AIRTR,RADIO,3.15,2889885.235,6,6,2889883.144,0.0,1.0,1.0,0.091,917423.884127
1739325,IT,GB,HOTEL,EDUCA,20.94,2889771.371,6,6,2889761.153,0.0,6.0,4.0,0.218,138002.453247
1719864,IT,PL,BASIC,INTER,3.33,2889311.863,6,6,2889307.68,0.0,1.0,3.0,0.183,867661.22012
1683406,IT,HR,BASIC,BASIC,3.32,2887954.286,6,6,2887950.103,0.0,1.0,3.0,0.183,869865.748795
1795153,IT,WL,RUBBE,FURNI,9.57,2887786.017,6,6,2887777.755,0.0,4.0,4.0,0.262,301754.024765
1659642,IT,DE,HOTEL,RAILW,20.93,2887205.113,6,6,2887194.895,0.0,6.0,4.0,0.218,137945.777019
1799936,IT,WE,HEAVY,NATUR,4.66,2887003.812,6,6,2886999.58,0.0,1.0,3.0,0.232,619528.715021
1741460,IT,US,MOTOR,DISTR,4.31,2886838.787,6,6,2886834.552,0.0,1.0,3.0,0.235,669800.182599
1761156,IT,IN,CHEM1,FABRI,6.03,2885977.434,6,6,2885970.119,0.0,3.0,4.0,0.315,478603.222886
1761435,IT,IN,BASIC,OFFIC,3.32,2884625.873,6,6,2884621.691,0.0,1.0,3.0,0.182,868863.214759
1790859,IT,WA,MACHI,RESEA,16.09,2884584.215,6,6,2884574.978,0.0,4.0,5.0,0.237,179278.07427
1764234,IT,MX,MACHI,CHEM1,16.09,2883581.808,6,6,2883572.571,0.0,4.0,5.0,0.237,179215.77427
1763590,IT,MX,CHEM1,CONST,6.03,2883568.552,6,6,2883561.237,0.0,3.0,4.0,0.315,478203.739967
1788176,IT,WA,WEARI,WHOLE,21.73,2882687.152,6,6,2882677.604,0.0,5.0,4.0,0.548,132659.325909
1720386,IT,PL,MACHI,BITUM,16.08,2882296.824,6,6,2882287.587,0.0,4.0,5.0,0.237,179247.314925
1759175,IT,BR,AIRTR,PUBLI,3.14,2880788.655,6,6,2880786.564,0.0,1.0,1.0,0.091,917448.616242
1812483,IT,WM,PREC1,REALE,4.89,2880096.476,6,6,2880085.343,0.0,5.0,6.0,0.133,588976.784458
1725552,IT,RO,LEATH,RETA1,20.62,2878710.737,6,6,2878686.239,0.0,20.0,4.0,0.498,139607.698206
1777218,IT,TR,RUBBE,WOODW,9.54,2877931.523,6,6,2877923.262,0.0,4.0,4.0,0.261,301669.970964
1750803,IT,CN,FURNI,TEXTI,9.18,2875028.27,6,6,2875013.023,0.0,8.0,7.0,0.247,313183.907407
1800459,IT,WE,RUBBE,VEGET,9.53,2874951.754,6,6,2874943.493,0.0,4.0,4.0,0.261,301673.84617
1773241,IT,CH,FABRI,WHOLE,11.7,2874644.517,6,6,2874635.311,0.0,3.0,6.0,0.206,245696.112564
1720171,IT,PL,COPP1,BASIC,7.26,2873611.731,6,6,2873598.582,0.0,4.0,9.0,0.149,395814.288017
1753571,IT,CA,MACHI,NONF1,16.03,2873148.879,6,6,2873139.643,0.0,4.0,5.0,0.236,179235.737929
1675376,IT,FR,MACHI,PLAST,16.02,2872368.596,6,6,2872359.36,0.0,4.0,5.0,0.236,179298.913608
1812861,IT,WM,FABRI,ELEC2,11.69,2871703.783,6,6,2871694.577,0.0,3.0,6.0,0.206,245654.729085
1804292,IT,WF,MOTOR,MOTOR,4.29,2870225.466,6,6,2870221.232,0.0,1.0,3.0,0.234,669050.225175
1657657,IT,DE,CERAM,MOTO1,4.47,2869131.051,6,6,2869114.895,0.0,1.0,15.0,0.156,641863.769799
1748745,IT,CN,BEVER,RETA1,12.19,2866232.529,6,6,2866221.345,0.0,8.0,3.0,0.184,235129.821903
1761039,IT,IN,PLAST,CHEM1,6.01,2865113.702,6,6,2865108.411,0.0,2.0,3.0,0.291,476724.409651
1809247,IT,WM,CRUDE,NAPHT,5.64,2865088.729,6,6,2865083.483,0.0,2.0,3.0,0.246,507994.455496
1720175,IT,PL,COPP1,COPP1,7.24,2864015.486,6,6,2864002.338,0.0,4.0,9.0,0.148,395582.249448
1675436,IT,FR,MACHI,RESEA,15.97,2862967.358,6,6,2862958.123,0.0,4.0,5.0,0.235,179271.594114
1809263,IT,WM,CRUDE,ELEC2,5.64,2861884.008,6,6,2861878.762,0.0,2.0,3.0,0.246,507426.242553
1796223,IT,WL,FURNI,WHOLE,9.13,2861575.764,6,6,2861560.518,0.0,8.0,7.0,0.246,313425.603943
1795812,IT,WL,MACHI,ELEC2,15.95,2859250.874,6,6,2859241.639,0.0,4.0,5.0,0.235,179263.37768
1733842,IT,SI,TRAN2,DIST1,4.42,2858783.31,6,6,2858780.232,0.0,1.0,2.0,0.078,646783.554299
1726209,IT,RO,CEMEN,CONST,4.57,2857911.436,6,6,2857892.307,0.0,1.0,18.0,0.129,625363.552735
1749852,IT,CN,RUBBE,FABRI,9.47,2856854.914,6,6,2856846.655,0.0,4.0,4.0,0.259,301674.225343
1804525,IT,WF,GASDI,RETA1,4.25,2855981.258,6,6,2855977.025,0.0,1.0,3.0,0.233,671995.590118
1806160,IT,WF,FABRI,HOTEL,11.62,2854553.738,6,6,2854544.533,0.0,3.0,6.0,0.205,245658.669363
1712971,IT,MT,FISHF,FISHF,4.92,2853134.891,6,6,2853132.789,0.0,1.0,1.0,0.102,579905.46565
1758858,IT,BR,HOTEL,PLAST,20.68,2852689.402,6,6,2852679.187,0.0,6.0,4.0,0.215,137944.361799
1659902,IT,DE,TRAN2,FOOD5,4.41,2852065.221,6,6,2852062.143,0.0,1.0,2.0,0.078,646726.807483
1794922,IT,WL,CHEM1,TEXTI,5.96,2851779.649,6,6,2851772.338,0.0,3.0,4.0,0.311,478486.518289
1790129,IT,WA,BASIC,FOUND,3.28,2851229.782,6,6,2851226.602,0.0,1.0,2.0,0.18,869277.372561
1789025,IT,WA,NAPHT,GASDI,4.84,2851122.966,6,6,2851115.762,0.0,2.0,5.0,0.204,589074.992975
1810734,IT,WM,MOTOR,WHOLE,4.26,2851050.808,6,6,2851046.576,0.0,1.0,3.0,0.232,669260.753052
1733242,IT,SI,MACHI,WHOLE,15.9,2850241.093,6,6,2850231.859,0.0,4.0,5.0,0.234,179260.446101
1655980,IT,DE,FOOD5,CHEM1,13.69,2849956.487,6,6,2849940.232,0.0,13.0,3.0,0.255,208177.975676
1748599,IT,CN,VEGE1,HOTEL,8.76,2849281.418,6,6,2849258.798,0.0,17.0,5.0,0.62,325260.435845
1740850,IT,US,VEGE1,RESEA,8.76,2847343.159,6,6,2847320.54,0.0,17.0,5.0,0.619,325039.173402
1804125,IT,WF,PAPER,PAPER,11.03,2846751.779,6,6,2846723.498,0.0,23.0,5.0,0.281,258091.729737
1647553,IT,BE,SUPPO,BUSIN,20.46,2845617.596,6,6,2845610.456,0.0,2.0,5.0,0.14,139081.993939
1789857,IT,WA,CERAM,OFFIC,4.43,2844180.305,6,6,2844164.151,0.0,1.0,15.0,0.154,642027.156885
1675288,IT,FR,FABRI,RETA1,11.57,2844001.666,6,6,2843992.462,0.0,3.0,6.0,0.204,245808.268453
1716096,IT,NL,BASIC,TRANS,3.27,2841245.913,6,6,2841242.733,0.0,1.0,2.0,0.18,868882.542202
1661552,IT,DK,BEVER,FOOD5,12.08,2841214.534,6,6,2841203.351,0.0,8.0,3.0,0.183,235199.878642
1641801,IT,AT,CHEM1,OFFIC,5.94,2840752.999,6,6,2840746.689,0.0,2.0,4.0,0.31,478241.245623
1792783,IT,WA,BUSIN,BUSIN,29.16,2839656.477,6,6,2839645.281,0.0,6.0,5.0,0.196,97381.909362
1794797,IT,WL,PLAST,PLAST,5.96,2838281.764,6,6,2838276.475,0.0,2.0,3.0,0.289,476221.772483
1751475,IT,CN,AIRTR,RETA1,3.09,2837418.872,6,6,2837416.783,0.0,1.0,1.0,0.089,918258.534628
1742980,IT,US,MACHI,FOOD3,15.82,2836412.144,6,6,2836402.911,0.0,4.0,5.0,0.233,179292.803034
1735885,IT,SK,OFFIC,OFFIC,8.79,2835857.233,6,6,2835850.029,0.0,3.0,4.0,0.204,322623.120933
1660110,IT,DE,AIRTR,POSTT,3.09,2835714.972,6,6,2835712.883,0.0,1.0,1.0,0.089,917707.11068
1785754,IT,ZA,PLAST,RUBBE,5.95,2834831.309,6,6,2834826.021,0.0,2.0,3.0,0.288,476442.236807
1641818,IT,AT,CHEM1,CONST,5.92,2834629.631,6,6,2834623.322,0.0,2.0,4.0,0.309,478822.572804
1814148,IT,WM,AIRTR,FINAN,3.08,2833429.08,6,6,2833426.991,0.0,1.0,1.0,0.089,919944.506494
1658347,IT,DE,NONF1,MACHI,0.62,2833246.511,5,5,2833245.495,0.0,0.0,1.0,0.016,4569752.437097
1671581,IT,FI,MOTO1,SALEM,15.07,2831813.894,6,6,2831805.71,0.0,3.0,5.0,0.184,187910.676443
1805877,IT,WF,ALUM1,BRICK,4.92,2831273.315,6,6,2831267.088,0.0,2.0,4.0,0.227,575462.055894
1741951,IT,US,CHEM1,HOTEL,5.92,2830875.971,6,6,2830869.662,0.0,2.0,4.0,0.309,478188.508615
1742159,IT,US,GLASS,FOOD5,7.76,2828884.268,6,6,2828871.106,0.0,2.0,11.0,0.162,364546.941753
1655856,IT,DE,VEGE1,HEALT,8.7,2828639.087,6,6,2828616.472,0.0,17.0,5.0,0.615,325130.92954
1794885,IT,WL,CHEM1,VEGET,5.91,2828553.997,6,6,2828547.688,0.0,2.0,4.0,0.309,478604.737225
1738388,IT,GB,PREC1,TRANS,4.8,2828262.091,6,6,2828250.961,0.0,5.0,6.0,0.13,589221.268958
1655493,IT,DE,CRUDE,KEROS,5.57,2828231.429,6,6,2828226.186,0.0,2.0,3.0,0.243,507761.477379
1750141,IT,CN,PREC1,ELECT,4.8,2828103.023,6,6,2828091.893,0.0,5.0,6.0,0.13,589188.129792
1750804,IT,CN,FURNI,WEARI,9.03,2827774.662,6,6,2827759.419,0.0,8.0,7.0,0.243,313153.340199
1766323,IT,RU,NONME,BASIC,5.71,2826960.288,6,6,2826952.978,0.0,1.0,6.0,0.31,495089.367426
1812872,IT,WM,FABRI,SALEM,11.5,2826862.208,6,6,2826853.005,0.0,3.0,6.0,0.203,245814.105043
1665009,IT,ES,CHEMI,FOUND,6.74,2825722.769,6,6,2825573.503,0.0,10.0,139.0,0.266,419246.701632
1658076,IT,DE,PREC1,RESEA,4.8,2825031.734,6,6,2825020.604,0.0,5.0,6.0,0.13,588548.277917
1641770,IT,AT,CHEM1,KEROS,5.9,2824959.933,6,6,2824953.625,0.0,2.0,4.0,0.308,478806.768305
1690227,IT,IE,BUSIN,RENTI,29.0,2823207.438,6,6,2823196.243,0.0,6.0,5.0,0.195,97351.980621
1793819,IT,WL,TEXTI,TEXTI,16.73,2822915.996,6,6,2822909.621,0.0,3.0,3.0,0.375,168733.771429
1668900,IT,ES,SEACO,CONST,2.87,2822514.386,6,6,2822512.337,0.0,1.0,1.0,0.049,983454.489895
1784265,IT,ID,CHEM1,CHEM1,5.9,2820874.765,6,6,2820868.457,0.0,2.0,4.0,0.308,478114.366949
1732838,IT,SI,BASIC,OFFIC,3.25,2820048.357,6,6,2820045.179,0.0,1.0,2.0,0.178,867707.186769
1749722,IT,CN,CHEM1,REALE,5.89,2818957.753,6,6,2818951.445,0.0,2.0,4.0,0.308,478600.637182
1771787,IT,CH,LEATH,PUBLI,20.19,2818907.399,6,6,2818882.911,0.0,20.0,4.0,0.488,139618.989549
1791246,IT,WA,FURNI,POSTT,9.0,2818732.602,6,6,2818717.36,0.0,8.0,7.0,0.242,313192.511333
1751465,IT,CN,AIRTR,RADIO,3.07,2818317.028,6,6,2818314.939,0.0,1.0,1.0,0.089,918018.575896
1667826,IT,ES,OFFIC,HOTEL,8.73,2817709.33,6,6,2817702.127,0.0,3.0,4.0,0.203,322761.664376
1764272,IT,MX,MACHI,COLLE,15.72,2817631.92,6,6,2817622.689,0.0,4.0,5.0,0.231,179238.671756
1761011,IT,IN,PLAST,BITUM,5.9,2814243.847,6,6,2814238.561,0.0,2.0,3.0,0.286,476990.482542
1791128,IT,WA,TRANS,AIRTR,16.79,2814024.29,6,6,2814016.137,0.0,3.0,5.0,0.153,167601.208457
1804779,IT,WF,NAPHT,HEAVY,4.77,2812652.81,6,6,2812645.609,0.0,2.0,5.0,0.201,589654.677149
1788340,IT,WA,LEATH,BUSIN,20.14,2812640.891,6,6,2812616.404,0.0,20.0,4.0,0.487,139654.463307
1792110,IT,WA,AIRTR,POSTT,3.06,2811268.111,6,6,2811266.022,0.0,1.0,1.0,0.089,918715.068954
1811420,IT,WM,PLAST,LEATH,5.9,2809601.801,6,6,2809596.515,0.0,2.0,3.0,0.286,476203.695085
1813025,IT,WM,MACHI,COMPU,15.67,2809138.168,6,6,2809128.937,0.0,4.0,5.0,0.231,179268.54933
1766825,IT,RU,MACHI,WHOLE,15.67,2807976.987,6,6,2807967.756,0.0,4.0,5.0,0.231,179194.44716
1682104,IT,HR,TEXTI,TEXTI,16.63,2807336.378,6,6,2807330.005,0.0,3.0,3.0,0.373,168811.56813
1735451,IT,SK,BASIC,TRANS,3.23,2805864.033,6,6,2805860.856,0.0,1.0,2.0,0.177,868688.555108
1738842,IT,GB,MOTO1,RESEA,14.93,2805047.777,6,6,2805039.595,0.0,3.0,5.0,0.182,187879.958272
1810992,IT,WM,GASDI,WHOLE,4.17,2804095.436,6,6,2804091.208,0.0,1.0,3.0,0.228,672444.948681
1774237,IT,CH,RETA1,CONST,29.27,2803480.651,6,6,2803471.468,0.0,5.0,4.0,0.183,95780.001742
1664909,IT,ES,CRUDE,PLAST,5.52,2802826.798,6,6,2802821.557,0.0,2.0,3.0,0.241,507758.477899
1673322,IT,FR,TEXTI,RUBBE,16.61,2802508.698,6,6,2802502.326,0.0,3.0,3.0,0.372,168724.184106
1785610,IT,ZA,GASDI,SUPPO,4.17,2801901.033,6,6,2801896.805,0.0,1.0,3.0,0.228,671918.71295
1726360,IT,RO,LEAD1,LEAD1,4.87,2800925.227,6,6,2800905.991,0.0,7.0,12.0,0.236,575138.650308
1796235,IT,WL,FURNI,REALE,8.94,2800693.084,6,6,2800677.843,0.0,8.0,7.0,0.241,313276.63132
1746835,IT,JP,MACHI,COLLE,15.62,2799682.879,6,6,2799673.649,0.0,4.0,5.0,0.23,179237.060115
1772571,IT,CH,RUBBE,LANDT,9.27,2798758.957,6,6,2798750.703,0.0,4.0,4.0,0.254,301915.745092
1754736,IT,KR,DAIRY,LEATH,11.37,2798712.903,6,6,2798689.714,0.0,20.0,3.0,0.189,246148.892084
1743284,IT,US,FURNI,MOTO1,8.93,2796329.123,6,6,2796313.883,0.0,8.0,7.0,0.24,313138.759574
1801372,IT,WE,MACHI,HOTEL,15.59,2794752.995,6,6,2794743.765,0.0,4.0,5.0,0.23,179265.746953
1811573,IT,WM,CHEM1,CEREA,5.84,2794503.086,6,6,2794496.781,0.0,2.0,4.0,0.305,478510.802397
1642784,IT,AT,MACHI,COMPU,15.59,2794146.762,6,6,2794137.532,0.0,4.0,5.0,0.23,179226.860936
1799922,IT,WE,HEAVY,POULT,4.51,2793672.277,6,6,2793668.053,0.0,1.0,3.0,0.224,619439.529268
1774377,IT,CH,HOTEL,COMPU,20.25,2793365.772,6,6,2793356.562,0.0,6.0,3.0,0.21,137943.988741
1674940,IT,FR,BASIC,COLLE,3.21,2790051.456,6,6,2790048.28,0.0,1.0,2.0,0.176,869174.908411
1779049,IT,TR,AIRTR,SUPPO,3.04,2788702.614,6,6,2788700.526,0.0,1.0,1.0,0.088,917336.386184
1813021,IT,WM,MACHI,INSUR,15.55,2788045.311,6,6,2788036.082,0.0,4.0,5.0,0.229,179295.518392
1683350,IT,HR,NONME,CONST,5.63,2787364.703,6,6,2787357.397,0.0,1.0,6.0,0.306,495091.421492
1760315,IT,IN,STONE,CEMEN,9.02,2786896.994,6,6,2786738.867,0.0,2.0,156.0,0.127,308968.624612
1686726,IT,HU,COPP1,DIST1,7.04,2786480.334,6,6,2786467.19,0.0,4.0,9.0,0.144,395806.865625
1812876,IT,WM,FABRI,HOTEL,11.33,2785011.803,6,6,2785002.603,0.0,3.0,6.0,0.2,245808.632215
1776635,IT,TR,GASDI,RAILW,4.14,2784492.24,6,6,2784488.013,0.0,1.0,3.0,0.227,672582.666667
1658610,IT,DE,MACHI,ELEC5,15.53,2783088.577,6,6,2783079.348,0.0,4.0,5.0,0.229,179207.249002
1674066,IT,FR,GASDI,BUSIN,4.14,2782257.141,6,6,2782252.914,0.0,1.0,3.0,0.227,672042.787681
1785819,IT,ZA,CHEM1,RUBBE,5.81,2782071.176,6,6,2782064.872,0.0,2.0,4.0,0.304,478841.854733
1658073,IT,DE,PREC1,REALE,4.73,2781345.609,6,6,2781334.481,0.0,5.0,6.0,0.128,588022.327484
1772269,IT,CH,NAPHT,PLAST,4.72,2781110.999,6,6,2781103.8,0.0,2.0,5.0,0.199,589218.431992
1642469,IT,AT,ALUM1,BUSIN,4.83,2779162.427,6,6,2779156.204,0.0,2.0,4.0,0.223,575395.947619
1720112,IT,PL,LEAD1,LEAD1,4.83,2778367.501,6,6,2778348.267,0.0,7.0,12.0,0.234,575231.366667
1742402,IT,US,NONME,RETA1,5.61,2777653.155,6,6,2777645.85,0.0,1.0,6.0,0.305,495125.339572
1673102,IT,FR,FOOD5,BUSIN,13.34,2777565.068,6,6,2777548.82,0.0,13.0,3.0,0.248,208213.273463
1745510,IT,JP,FOOD5,RETA1,13.34,2776899.936,6,6,2776883.688,0.0,13.0,3.0,0.248,208163.413493
1809762,IT,WM,FOOD5,MEAT1,13.34,2776270.874,6,6,2776254.626,0.0,13.0,3.0,0.248,208116.257421
1793820,IT,WL,TEXTI,WEARI,16.45,2775947.551,6,6,2775942.183,0.0,3.0,2.0,0.368,168750.611003
1804166,IT,WF,PAPER,HOTEL,10.75,2774622.838,6,6,2774595.564,0.0,22.0,5.0,0.274,258104.450047
1738711,IT,GB,MACHI,SALEM,15.48,2774102.706,6,6,2774093.478,0.0,4.0,5.0,0.228,179205.601163
1674948,IT,FR,BASIC,SUPPO,3.19,2773230.252,6,6,2773227.077,0.0,1.0,2.0,0.175,869351.176176
1795411,IT,WL,BASIC,MOTO1,3.19,2772645.181,6,6,2772642.006,0.0,1.0,2.0,0.175,869167.768339
1735318,IT,SK,CERAM,DAIRY,4.32,2772455.817,6,6,2772440.667,0.0,1.0,14.0,0.15,641772.179861
1686965,IT,HU,MACHI,CONST,15.46,2771901.874,6,6,2771893.646,0.0,4.0,4.0,0.228,179295.075938
1794998,IT,WL,CHEM1,REALE,5.79,2771712.69,6,6,2771706.387,0.0,2.0,4.0,0.303,478706.854922
1783631,IT,NO,FOOD3,CONST,7.9,2771391.692,6,6,2771384.555,0.0,2.0,5.0,0.137,350809.074937
1675793,IT,FR,FURNI,PUBLI,8.84,2770623.893,6,6,2770608.655,0.0,8.0,7.0,0.238,313418.992421
1763796,IT,MX,CERAM,CERAM,4.32,2770008.5,6,6,2769993.35,0.0,1.0,14.0,0.15,641205.671296
1666732,IT,ES,RUBBE,PRINT,9.17,2768941.977,6,6,2768933.726,0.0,4.0,4.0,0.251,301956.595093
1660119,IT,DE,AIRTR,PUBLI,3.01,2767438.844,6,6,2767436.757,0.0,1.0,1.0,0.087,919414.898339
1738436,IT,GB,ALUM1,TRANS,4.81,2767219.625,6,6,2767213.403,0.0,2.0,4.0,0.222,575305.535343
1804850,IT,WF,BITU1,CRUDE,4.36,2767028.178,6,6,2767023.958,0.0,1.0,3.0,0.22,634639.490367
1661554,IT,DK,BEVER,FISH5,11.77,2766669.193,6,6,2766659.015,0.0,7.0,3.0,0.178,235061.103908
1667180,IT,ES,BASIC,SUPPO,3.18,2766412.708,6,6,2766409.533,0.0,1.0,2.0,0.175,869941.103145
1675249,IT,FR,FABRI,RUBBE,11.26,2765784.929,6,6,2765776.731,0.0,3.0,5.0,0.198,245629.212167
1732672,IT,SI,CERAM,PLAST,4.31,2765353.1,6,6,2765337.95,0.0,1.0,14.0,0.15,641613.24826
1717721,IT,NL,BUSIN,PUBLI,28.4,2765156.697,6,6,2765145.506,0.0,6.0,5.0,0.191,97364.67243
1760706,IT,IN,PAPER,FURNI,10.71,2764786.019,6,6,2764758.746,0.0,22.0,5.0,0.273,258149.955089
1740258,IT,GB,BUSIN,HOTEL,28.39,2764180.85,6,6,2764169.659,0.0,6.0,5.0,0.191,97364.594928
1812743,IT,WM,NONF1,LEAD1,0.6,2763819.052,5,5,2763818.036,0.0,0.0,1.0,0.016,4606365.086667
1811139,IT,WM,NAPHT,WOODW,4.69,2763172.42,6,6,2763165.222,0.0,2.0,5.0,0.198,589162.5629
1777608,IT,TR,ALUM1,BASIC,4.8,2762133.475,6,6,2762127.254,0.0,2.0,4.0,0.221,575444.473958
1645588,IT,BE,CHEM1,PRINT,5.77,2761936.348,6,6,2761930.046,0.0,2.0,4.0,0.302,478671.810745
1710997,IT,LU,CERAM,RETA1,4.3,2761558.201,6,6,2761543.051,0.0,1.0,14.0,0.15,642222.837442
1749744,IT,CN,ADDIT,MOTOR,6.39,2761322.42,6,6,2761295.205,0.0,21.0,6.0,0.215,432131.834116
1674954,IT,FR,BASIC,FOODW,3.18,2761213.642,6,6,2761210.467,0.0,1.0,2.0,0.175,868306.17673
1749840,IT,CN,RUBBE,GLASS,9.14,2759804.316,6,6,2759796.066,0.0,4.0,4.0,0.25,301947.955799
1656481,IT,DE,PAPER,DAIRY,10.69,2759116.244,6,6,2759088.972,0.0,22.0,5.0,0.272,258102.54855
1655314,IT,DE,VEGET,MEAT4,9.77,2758793.121,6,6,2758781.013,0.0,11.0,1.0,0.108,282373.912078
1739569,IT,GB,SEACO,CRUDE,2.81,2758788.43,6,6,2758786.382,0.0,1.0,1.0,0.048,981775.241993
1658293,IT,DE,COPP1,FURNI,6.97,2758434.513,6,6,2758421.37,0.0,4.0,9.0,0.143,395758.17977
1782212,IT,NO,BASIC,MACHI,3.18,2758331.249,6,6,2758328.075,0.0,1.0,2.0,0.174,867399.763836
1795001,IT,WL,CHEM1,BUSIN,5.76,2757095.821,6,6,2757089.52,0.0,2.0,4.0,0.301,478662.468924
1802933,IT,WF,WHEAT,CEREA,2.09,2756744.275,6,6,2756723.209,0.0,20.0,1.0,0.066,1319016.399522
1722763,IT,PT,PAPER,PAPER,10.68,2756044.841,6,6,2756017.569,0.0,22.0,5.0,0.272,258056.633052
1652028,IT,CZ,VEGET,WHOLE,9.76,2755930.315,6,6,2755918.207,0.0,11.0,1.0,0.108,282369.909324
1656506,IT,DE,PAPER,RUBBE,10.68,2755014.115,6,6,2754986.843,0.0,22.0,5.0,0.272,257960.123127
1786389,IT,ZA,MACHI,MOTO1,15.37,2754270.991,6,6,2754262.765,0.0,4.0,4.0,0.226,179197.852375
1751414,IT,CN,SEACO,SUPPO,2.8,2753952.316,6,6,2753950.268,0.0,1.0,1.0,0.048,983554.398571
1658921,IT,DE,FURNI,MOTO1,8.79,2752707.313,6,6,2752692.076,0.0,8.0,7.0,0.237,313163.516837
1790715,IT,WA,FABRI,PUBLI,11.2,2752694.143,6,6,2752685.946,0.0,3.0,5.0,0.197,245776.262768
1726000,IT,RO,CHEM1,FABRI,5.75,2751680.094,6,6,2751673.794,0.0,2.0,4.0,0.3,478553.059826
1656024,IT,DE,FOOD5,PUBLI,13.22,2751464.446,6,6,2751448.2,0.0,13.0,3.0,0.246,208128.929349
1799610,IT,WE,MOTOR,NATUR,4.11,2750132.252,6,6,2750128.028,0.0,1.0,3.0,0.224,669131.934793
1813320,IT,WM,FURNI,VEGET,8.78,2749920.897,6,6,2749905.661,0.0,8.0,7.0,0.236,313202.835649
1735413,IT,SK,BASIC,TOBAC,3.16,2748119.126,6,6,2748115.952,0.0,1.0,2.0,0.174,869657.951266
1742793,IT,US,FABRI,RETA1,11.18,2747957.659,6,6,2747949.462,0.0,3.0,5.0,0.197,245792.277191
1747604,IT,JP,AIRTR,CONST,2.99,2747348.897,6,6,2747346.81,0.0,1.0,1.0,0.087,918845.78495
1641794,IT,AT,CHEM1,ALUM1,5.74,2746674.022,6,6,2746667.722,0.0,2.0,4.0,0.3,478514.637979
1771603,IT,CH,TEXTI,HEALT,16.27,2745372.848,6,6,2745367.484,0.0,3.0,2.0,0.364,168738.343454
1729274,IT,SE,CEMEN,CONST,4.39,2744427.783,6,6,2744409.659,0.0,1.0,17.0,0.124,625154.392483
1750068,IT,CN,BASIC,RUBBE,3.16,2744189.302,6,6,2744186.128,0.0,1.0,2.0,0.174,868414.336076
1749725,IT,CN,CHEM1,RESEA,5.73,2743653.007,6,6,2743646.707,0.0,2.0,4.0,0.3,478822.514311
1794927,IT,WL,CHEM1,PAPER,5.73,2743613.822,6,6,2743607.522,0.0,2.0,4.0,0.3,478815.675742
1674955,IT,FR,BASIC,PAPE1,3.16,2743082.872,6,6,2743079.699,0.0,1.0,2.0,0.173,868064.2
1764005,IT,MX,ALUM1,FURNI,4.77,2742986.474,6,6,2742980.254,0.0,2.0,4.0,0.22,575049.575262
1764242,IT,MX,MACHI,BASIC,15.3,2742455.926,6,6,2742447.701,0.0,4.0,4.0,0.225,179245.485359
1723477,IT,PT,ALUM1,FABRI,4.76,2739823.034,6,6,2739816.814,0.0,2.0,4.0,0.22,575593.07437
1673316,IT,FR,TEXTI,CHEM1,16.23,2738923.845,6,6,2738918.481,0.0,3.0,2.0,0.364,168756.860444
1784607,IT,ID,MACHI,RADIO,15.28,2738885.29,6,6,2738877.065,0.0,4.0,4.0,0.225,179246.419503
1751464,IT,CN,AIRTR,ELECT,2.98,2737435.152,6,6,2737433.066,0.0,1.0,1.0,0.086,918602.4
1642675,IT,AT,FABRI,RESEA,11.14,2736774.803,6,6,2736766.607,0.0,3.0,5.0,0.196,245670.987702
1811658,IT,WM,CHEM1,FURNI,5.72,2735709.494,6,6,2735703.195,0.0,2.0,4.0,0.299,478270.890559
1766625,IT,RU,FABRI,WOODW,11.13,2735320.453,6,6,2735312.257,0.0,3.0,5.0,0.196,245761.04699
1727013,IT,RO,HOTEL,EDUCA,19.82,2735163.543,6,6,2735155.337,0.0,5.0,3.0,0.206,138000.178759
1790826,IT,WA,MACHI,FURNI,15.26,2735074.333,6,6,2735066.108,0.0,4.0,4.0,0.225,179231.607667
1788210,IT,WA,LEATH,CATTL,19.59,2734918.698,6,6,2734895.225,0.0,19.0,4.0,0.473,139607.896784
1675002,IT,FR,PREC1,FABRI,4.64,2734103.951,6,6,2734092.825,0.0,5.0,6.0,0.126,589246.541164
1804183,IT,WF,PAPER,EDUCA,10.59,2733578.361,6,6,2733552.091,0.0,22.0,4.0,0.27,258128.268272
1811001,IT,WM,GASDI,SUPPO,4.07,2733431.414,6,6,2733427.191,0.0,1.0,3.0,0.223,671604.770025
1801731,IT,WE,ELEC1,PUBLI,0.39,2733022.226,4,4,2733022.054,0.0,0.0,0.0,0.172,7007749.297436
1812304,IT,WM,BASIC,FISH5,3.15,2732721.994,6,6,2732718.821,0.0,1.0,2.0,0.173,867530.791746
1716409,IT,NL,MACHI,WHOLE,15.24,2730919.211,6,6,2730910.987,0.0,4.0,4.0,0.224,179194.17395
1747081,IT,JP,FURNI,FURNI,8.72,2730746.596,6,6,2730731.361,0.0,8.0,7.0,0.235,313159.013303
1667656,IT,ES,MACHI,RUBBE,15.23,2729616.028,6,6,2729607.804,0.0,4.0,4.0,0.224,179226.265791
1679750,IT,GR,BASIC,OFFIC,3.14,2727057.639,6,6,2727054.467,0.0,1.0,2.0,0.172,868489.693949
1780127,IT,TW,HOTEL,PRINT,19.76,2726288.611,6,6,2726280.406,0.0,5.0,3.0,0.205,137970.071407
1774302,IT,CH,HOTEL,FOOD5,19.76,2726103.987,6,6,2726095.782,0.0,5.0,3.0,0.205,137960.728087
1643281,IT,AT,HOTEL,BUSIN,19.75,2725568.36,6,6,2725560.155,0.0,5.0,3.0,0.205,138003.461266
1782470,IT,NO,MACHI,SALEM,15.2,2725241.968,6,6,2725233.744,0.0,4.0,4.0,0.224,179292.234737
1744257,IT,US,POSTT,WHOLE,44.85,2723166.045,7,7,2723157.837,1.0,3.0,4.0,0.208,60717.191639
1785693,IT,ZA,NAPHT,MOTOR,4.62,2723031.061,6,6,2723023.866,0.0,2.0,5.0,0.195,589400.662554
1789022,IT,WA,NAPHT,MOTOR,4.62,2722037.561,6,6,2722030.366,0.0,2.0,5.0,0.195,589185.619264
1645612,IT,BE,CHEM1,GLASS,5.69,2721917.283,6,6,2721910.986,0.0,2.0,4.0,0.297,478368.591037
1755558,IT,KR,CHEM1,FABRI,5.69,2721753.479,6,6,2721747.182,0.0,2.0,4.0,0.297,478339.802988
1666731,IT,ES,RUBBE,PAPER,9.01,2719538.833,6,6,2719530.586,0.0,4.0,4.0,0.247,301835.608546
1795162,IT,WL,RUBBE,WHOLE,9.01,2718512.535,6,6,2718504.289,0.0,4.0,4.0,0.246,301721.701998
1810278,IT,WM,LEATH,WHOLE,19.45,2715778.937,6,6,2715755.467,0.0,19.0,4.0,0.47,139628.737121
1720660,IT,PL,MOTO1,FURNI,14.45,2714473.181,6,6,2714465.004,0.0,3.0,5.0,0.177,187852.815294
1758177,IT,BR,NONME,WHOLE,5.48,2714223.596,6,6,2714217.298,0.0,1.0,5.0,0.298,495296.276642
1726469,IT,RO,FABRI,ELEC4,11.05,2714211.054,6,6,2714202.859,0.0,3.0,5.0,0.195,245629.959638
1737797,IT,GB,NAPHT,PLAST,4.61,2713316.471,6,6,2713309.277,0.0,2.0,5.0,0.194,588571.902603
1726001,IT,RO,CHEM1,MACHI,5.67,2713013.876,6,6,2713007.58,0.0,2.0,4.0,0.296,478485.692416
1674264,IT,FR,BITU1,DIST1,4.28,2712521.661,6,6,2712517.445,0.0,1.0,3.0,0.216,633766.743224
1648176,IT,BE,BUSIN,GASDI,27.85,2711780.985,6,6,2711770.798,0.0,5.0,5.0,0.187,97370.950987
1674119,IT,FR,HEAVY,HEAVY,4.38,2711609.276,6,6,2711605.058,0.0,1.0,3.0,0.218,619088.875799
1795691,IT,WL,FABRI,HOTEL,11.03,2710897.867,6,6,2710889.673,0.0,3.0,5.0,0.194,245774.965277
1747551,IT,JP,AIRTR,MOTOR,2.95,2709628.007,6,6,2709625.922,0.0,1.0,1.0,0.085,918517.968475
1790818,IT,WA,MACHI,FABRI,15.11,2708859.502,6,6,2708851.279,0.0,4.0,4.0,0.223,179275.943216
1800112,IT,WE,NAPHT,CHEM1,4.6,2708191.219,6,6,2708184.025,0.0,2.0,5.0,0.194,588737.221522
1741513,IT,US,KEROS,FORES,4.03,2708186.261,6,6,2708182.041,0.0,1.0,3.0,0.22,672006.516377
1741225,IT,US,WOODW,FURNI,7.58,2707999.81,6,6,2707978.627,0.0,17.0,4.0,0.183,357255.911609
1780358,IT,TW,AIRTR,NONME,2.95,2707960.151,6,6,2707958.066,0.0,1.0,1.0,0.085,917952.593559
1667662,IT,ES,MACHI,BASIC,15.11,2707742.386,6,6,2707734.164,0.0,4.0,4.0,0.222,179202.010986
1755396,IT,KR,KEROS,AIRTR,4.03,2707705.984,6,6,2707701.764,0.0,1.0,3.0,0.22,671887.340943
1758199,IT,BR,BASIC,CRUDE,3.12,2707406.724,6,6,2707403.553,0.0,1.0,2.0,0.171,867758.565385
1665710,IT,ES,PAPER,BEVER,10.49,2706050.74,6,6,2706024.473,0.0,22.0,4.0,0.267,257964.798856
1748963,IT,CN,WEARI,HEALT,20.39,2704915.782,6,6,2704906.268,0.0,5.0,4.0,0.514,132658.939774
1758029,IT,BR,RUBBE,MOTO1,8.96,2703194.326,6,6,2703186.081,0.0,4.0,4.0,0.245,301695.795312
1789320,IT,WA,CHEM1,RAWMI,5.65,2701208.053,6,6,2701201.758,0.0,2.0,4.0,0.295,478089.920885
1789696,IT,WA,RUBBE,REALE,8.95,2701138.633,6,6,2701130.388,0.0,4.0,4.0,0.245,301803.199218
1718399,IT,PL,BEVER,HOTEL,11.49,2700863.571,6,6,2700853.397,0.0,7.0,3.0,0.174,235062.103655
1799905,IT,WE,GASDI,PUBLI,4.02,2700749.322,6,6,2700745.102,0.0,1.0,3.0,0.22,671828.189552
1749807,IT,CN,RUBBE,BITUM,8.94,2698519.72,6,6,2698511.475,0.0,4.0,4.0,0.245,301847.8434
1660527,IT,DE,INSUR,INSUR,55.62,2698336.885,6,6,2698329.76,0.0,4.0,3.0,0.125,48513.787936
1782383,IT,NO,FABRI,CONST,10.98,2697734.946,6,6,2697726.752,0.0,3.0,5.0,0.194,245695.350273
1750310,IT,CN,NONF1,MOTO1,0.59,2697705.888,5,5,2697704.873,0.0,0.0,1.0,0.015,4572382.861017
1804161,IT,WF,PAPER,CONST,10.44,2694895.153,6,6,2694868.887,0.0,22.0,4.0,0.266,258131.719636
1742758,IT,US,FABRI,RUBBE,10.97,2694708.08,6,6,2694699.887,0.0,3.0,5.0,0.193,245643.398359
1772464,IT,CH,CHEM1,RECRE,5.63,2694271.086,6,6,2694264.792,0.0,2.0,4.0,0.294,478556.143162
1780144,IT,TW,HOTEL,CHEM1,19.53,2694003.629,6,6,2693995.426,0.0,5.0,3.0,0.203,137941.814081
1798415,IT,WE,NATUR,NATUR,3.77,2693875.1,6,6,2693870.924,0.0,2.0,2.0,0.176,714555.729443
1741476,IT,US,MOTOR,POSTT,4.02,2693701.589,6,6,2693697.37,0.0,1.0,3.0,0.219,670075.022139
1729653,IT,SE,FABRI,FABRI,10.96,2693564.309,6,6,2693556.116,0.0,3.0,5.0,0.193,245763.16688
1753785,IT,CA,FURNI,BUSIN,8.59,2691330.097,6,6,2691314.866,0.0,8.0,7.0,0.231,313309.67369
1750791,IT,CN,FURNI,BITUM,8.59,2689783.764,6,6,2689768.533,0.0,8.0,7.0,0.231,313129.658207
1658489,IT,DE,FABRI,REALE,10.95,2689746.459,6,6,2689738.266,0.0,3.0,5.0,0.193,245638.946027
1670934,IT,FI,CHEM1,CHEM1,5.62,2689200.997,6,6,2689194.703,0.0,2.0,4.0,0.294,478505.51548
1658835,IT,DE,MOTO1,WHOLE,14.31,2689044.734,6,6,2689036.559,0.0,3.0,5.0,0.175,187913.678127
1802938,IT,WF,WHEAT,MEATA,2.03,2687678.715,6,6,2687657.65,0.0,20.0,1.0,0.065,1323979.662562
1775352,IT,CH,BUSIN,RECRE,27.6,2687664.426,6,6,2687654.241,0.0,5.0,5.0,0.185,97379.14587
1755257,IT,KR,PAPER,PRINT,10.41,2687347.594,6,6,2687321.329,0.0,22.0,4.0,0.265,258150.585399
1674673,IT,FR,GLASS,PLAST,7.37,2686829.096,6,6,2686815.942,0.0,2.0,11.0,0.154,364562.970963
1796134,IT,WL,TRANS,SUPPO,16.03,2685868.474,6,6,2685861.328,0.0,3.0,4.0,0.146,167552.618465
1778099,IT,TR,MOTO1,MACHI,14.3,2685823.252,6,6,2685815.077,0.0,3.0,5.0,0.175,187819.807832
1741988,IT,US,CHEM1,93197,5.61,2685572.255,6,6,2685565.962,0.0,2.0,4.0,0.293,478711.631907
1645092,IT,BE,PAPER,WHOLE,10.4,2684951.046,6,6,2684924.781,0.0,22.0,4.0,0.265,258168.369808
1709674,IT,LT,PLAST,RUBBE,5.63,2684489.085,6,6,2684483.812,0.0,2.0,3.0,0.273,476818.665187
1813404,IT,WM,FURNI,LANDT,8.57,2683918.076,6,6,2683902.845,0.0,8.0,7.0,0.231,313175.971529
1738331,IT,GB,BASIC,HOTEL,3.09,2683112.622,6,6,2683109.452,0.0,1.0,2.0,0.17,868321.236893
1812182,IT,WM,NONME,NATUR,5.42,2682432.453,6,6,2682426.159,0.0,1.0,5.0,0.294,494913.736716
1653270,IT,CZ,RUBBE,CONST,8.89,2681776.563,6,6,2681768.32,0.0,4.0,4.0,0.243,301662.155568
1810742,IT,WM,MOTOR,SUPPO,4.01,2681550.432,6,6,2681546.214,0.0,1.0,3.0,0.218,668715.818454
1810771,IT,WM,KEROS,SUGAR,3.99,2680802.739,6,6,2680798.521,0.0,1.0,3.0,0.218,671880.385714
1784226,IT,ID,PLAST,RUBBE,5.62,2680612.783,6,6,2680607.51,0.0,2.0,3.0,0.273,476977.363523
1812770,IT,WM,NONF1,HEALT,0.59,2679777.43,5,5,2679776.415,0.0,0.0,1.0,0.015,4541995.644068
1640425,IT,AT,VEGE1,BEVER,8.24,2679335.757,6,6,2679314.174,0.0,16.0,5.0,0.583,325162.106432
1671275,IT,FI,BASIC,BUSIN,3.08,2678199.74,6,6,2678196.571,0.0,1.0,2.0,0.169,869545.37013
1750684,IT,CN,MOTO1,MACHI,14.25,2677956.356,6,6,2677948.182,0.0,3.0,5.0,0.174,187926.761825
1749426,IT,CN,KEROS,PUBLI,3.98,2674334.381,6,6,2674330.163,0.0,1.0,3.0,0.218,671943.311809
1805247,IT,WF,CHEM1,WHOLE,5.59,2673761.988,6,6,2673755.696,0.0,2.0,4.0,0.292,478311.62576
1658077,IT,DE,PREC1,BUSIN,4.54,2673633.457,6,6,2673622.334,0.0,5.0,6.0,0.123,588906.047797
1640467,IT,AT,DAIRY,DAIRY,10.86,2672823.893,6,6,2672802.712,0.0,19.0,2.0,0.181,246116.380571
1806276,IT,WF,MACHI,DISTR,14.9,2671560.242,6,6,2671553.023,0.0,3.0,4.0,0.219,179299.345101
1789359,IT,WA,CHEM1,PRINT,5.58,2670086.259,6,6,2670079.968,0.0,2.0,4.0,0.291,478510.082258
1743982,IT,US,AIRTR,MOTOR,2.9,2668195.285,6,6,2668193.201,0.0,1.0,1.0,0.084,920067.339655
1662442,IT,DK,ALUM1,DAIRY,4.63,2665745.493,6,6,2665739.279,0.0,2.0,4.0,0.214,575754.966091
1684991,IT,HU,VEGE1,FOOD5,8.2,2665326.779,6,6,2665306.199,0.0,16.0,4.0,0.58,325039.851098
1812376,IT,WM,BASIC,AIRTR,3.07,2664720.923,6,6,2664717.755,0.0,1.0,2.0,0.168,867987.271336
1665734,IT,ES,PAPER,RUBBE,10.32,2664540.492,6,6,2664515.229,0.0,21.0,4.0,0.263,258191.90814
1753184,IT,CA,GLASS,CHEM1,7.31,2663914.158,6,6,2663901.006,0.0,2.0,11.0,0.152,364420.54145
1772731,IT,CH,CEMEN,CEMEN,4.26,2663756.053,6,6,2663738.933,0.0,1.0,16.0,0.12,625294.848122
1780160,IT,TW,HOTEL,OFFIC,19.3,2663496.496,6,6,2663488.295,0.0,5.0,3.0,0.201,138004.999793
1780096,IT,TW,RETA1,STONE,27.8,2662735.451,6,6,2662726.277,0.0,5.0,4.0,0.174,95781.850755
1810861,IT,WM,KEROS,RETA1,3.96,2662408.169,6,6,2662404.952,0.0,1.0,2.0,0.217,672325.295202
1812202,IT,WM,NONME,KEROS,5.38,2662334.332,6,6,2662328.04,0.0,1.0,5.0,0.292,494857.682528
1746819,IT,JP,MACHI,ELEC1,14.85,2662002.133,6,6,2661994.914,0.0,3.0,4.0,0.219,179259.402896
1673034,IT,FR,FOOD5,MEAT1,12.78,2659653.783,6,6,2659638.545,0.0,12.0,3.0,0.238,208110.624648
1674693,IT,FR,GLASS,TRANS,7.3,2659419.234,6,6,2659407.082,0.0,2.0,10.0,0.152,364304.004658
1655681,IT,DE,CHEMI,FOUND,6.34,2659346.99,6,6,2659206.74,0.0,9.0,131.0,0.25,419455.361199
1642447,IT,AT,ALUM1,MOTO1,4.62,2659041.916,6,6,2659035.703,0.0,2.0,4.0,0.213,575550.198268
1801389,IT,WE,MACHI,EDUCA,14.83,2657724.292,6,6,2657717.074,0.0,3.0,4.0,0.218,179212.696696
1729079,IT,SE,RUBBE,WHOLE,8.81,2657576.541,6,6,2657568.3,0.0,4.0,4.0,0.241,301654.544949
1666890,IT,ES,GLASS,MOTO1,7.29,2656988.415,6,6,2656976.263,0.0,2.0,10.0,0.152,364470.290123
1800836,IT,WE,BASIC,FOUND,3.06,2655348.781,6,6,2655345.613,0.0,1.0,2.0,0.168,867761.039542
1719385,IT,PL,RUBBE,WOODW,8.8,2655012.891,6,6,2655004.65,0.0,4.0,4.0,0.241,301706.010341
1672613,IT,FR,FISHF,FISH5,4.57,2653884.045,6,6,2653881.95,0.0,1.0,1.0,0.095,580718.609409
1743146,IT,US,MOTO1,CONST,14.12,2653359.456,6,6,2653352.283,0.0,3.0,4.0,0.173,187914.975637
1812857,IT,WM,FABRI,MOTO1,10.79,2652518.443,6,6,2652510.253,0.0,3.0,5.0,0.19,245831.181001
1646194,IT,BE,ALUM1,MACHI,4.61,2652298.383,6,6,2652292.171,0.0,2.0,4.0,0.212,575335.874837
1805122,IT,WF,PFERT,CATTL,1.17,2652059.125,6,6,2652056.701,0.0,1.0,1.0,0.424,2266717.200855
1653257,IT,CZ,RUBBE,ELECT,8.78,2650608.652,6,6,2650600.412,0.0,4.0,4.0,0.24,301891.646014
1769152,IT,AU,CHEM1,PLAST,5.54,2650065.09,6,6,2650058.801,0.0,2.0,4.0,0.289,478351.099278
1786303,IT,ZA,FABRI,CONST,10.78,2648359.786,6,6,2648351.596,0.0,3.0,5.0,0.19,245673.449536
1671507,IT,FI,MACHI,ELECT,14.77,2648274.025,6,6,2648266.807,0.0,3.0,4.0,0.218,179300.881855
1745386,IT,JP,VEGE1,HOTEL,8.14,2647834.358,6,6,2647813.782,0.0,16.0,4.0,0.576,325286.776167
1652403,IT,CZ,TEXTI,RUBBE,15.69,2647195.837,6,6,2647190.486,0.0,3.0,2.0,0.351,168718.663926
1799991,IT,WE,HEAVY,CEMEN,4.27,2645961.603,6,6,2645957.391,0.0,1.0,3.0,0.212,619663.138876
1804522,IT,WF,GASDI,SALEM,3.94,2645749.646,6,6,2645746.431,0.0,1.0,2.0,0.215,671510.062437
1725425,IT,RO,TEXTI,BUSIN,15.67,2644157.547,6,6,2644152.196,0.0,3.0,2.0,0.351,168740.111487
1640480,IT,AT,DAIRY,HOTEL,10.74,2644148.205,6,6,2644127.026,0.0,19.0,2.0,0.179,246196.294693
1667227,IT,ES,PREC1,MACHI,4.49,2644061.144,6,6,2644051.022,0.0,5.0,5.0,0.122,588877.760356
1782472,IT,NO,MACHI,WHOLE,14.74,2641439.021,6,6,2641431.804,0.0,3.0,4.0,0.217,179202.104545
1679360,IT,GR,PLAST,PFERT,5.54,2641174.873,6,6,2641169.604,0.0,2.0,3.0,0.269,476746.366968
1743539,IT,US,HOTEL,CEREA,19.13,2639484.121,6,6,2639475.922,0.0,5.0,3.0,0.199,137976.16942
1753534,IT,CA,MACHI,WOODW,14.72,2638757.054,6,6,2638749.837,0.0,3.0,4.0,0.217,179263.386821
1735297,IT,SK,GLASS,CONST,7.24,2638095.771,6,6,2638083.62,0.0,2.0,10.0,0.151,364377.868923
1747581,IT,JP,AIRTR,MACHI,2.87,2636062.474,6,6,2636060.391,0.0,1.0,1.0,0.083,918488.666899
1660089,IT,DE,AIRTR,TRANS,2.87,2635238.652,6,6,2635236.569,0.0,1.0,1.0,0.083,918201.620906
1659811,IT,DE,LANDT,PLAST,17.0,2635154.663,6,6,2635150.538,0.0,1.0,3.0,0.125,155009.097824
1747582,IT,JP,AIRTR,OFFIC,2.87,2635114.756,6,6,2635112.673,0.0,1.0,1.0,0.083,918158.451568
1674411,IT,FR,CHEM1,EDUCA,5.51,2635092.531,6,6,2635086.243,0.0,2.0,4.0,0.288,478238.208893
1676820,IT,FR,LANDT,ELEC3,17.0,2634567.766,6,6,2634563.641,0.0,1.0,3.0,0.125,154974.574471
1811473,IT,WM,PLAST,DISTR,5.52,2632479.996,6,6,2632474.728,0.0,2.0,3.0,0.268,476898.55
1814034,IT,WM,SEACO,SUPPO,2.68,2631572.979,6,6,2631570.933,0.0,1.0,1.0,0.046,981930.216045
1810753,IT,WM,MOTOR,EDUCA,3.93,2630344.628,6,6,2630341.414,0.0,1.0,2.0,0.214,669298.887532
1795793,IT,WL,MACHI,CEMEN,14.67,2630159.455,6,6,2630152.239,0.0,3.0,4.0,0.216,179288.306408
1740812,IT,US,VEGE1,GASDI,8.09,2629449.977,6,6,2629429.405,0.0,16.0,4.0,0.572,325024.719036
1789154,IT,WA,PLAST,NATUR,5.51,2628388.949,6,6,2628383.682,0.0,2.0,3.0,0.267,477021.58784
1749783,IT,CN,ADDIT,TRANS,6.08,2627307.653,6,6,2627282.448,0.0,20.0,5.0,0.205,432122.969243
1765982,IT,RU,CHEM1,MOTOR,5.49,2626775.885,6,6,2626769.598,0.0,2.0,4.0,0.287,478465.552823
1657209,IT,DE,CHEM1,PAPER,5.49,2626742.759,6,6,2626736.472,0.0,2.0,4.0,0.287,478459.518944
1738728,IT,GB,MACHI,BUSIN,14.65,2626217.596,6,6,2626210.38,0.0,3.0,4.0,0.216,179263.999727
1750832,IT,CN,FURNI,NONME,8.38,2625397.417,6,6,2625382.191,0.0,8.0,7.0,0.226,313293.247852
1740790,IT,US,VEGE1,POULT,8.07,2624900.331,6,6,2624879.76,0.0,16.0,4.0,0.571,325266.459851
1788394,IT,WA,WOODW,FURNI,7.34,2623975.15,6,6,2623953.973,0.0,17.0,4.0,0.177,357489.802452
1666904,IT,ES,GLASS,SALEM,7.2,2623957.677,6,6,2623945.527,0.0,2.0,10.0,0.15,364438.56625
1769419,IT,AU,CEMEN,CONST,4.2,2623938.515,6,6,2623921.397,0.0,1.0,16.0,0.118,624747.265476
1688823,IT,IE,CEMEN,CONST,4.2,2623078.807,6,6,2623061.689,0.0,1.0,16.0,0.118,624542.573095
1790565,IT,WA,NONF1,COPP1,0.57,2622225.302,5,5,2622224.287,0.0,0.0,1.0,0.015,4600395.266667
1799981,IT,WE,HEAVY,PFERT,4.24,2621867.007,6,6,2621862.797,0.0,1.0,3.0,0.21,618364.860142
1812500,IT,WM,ALUM1,CRUDE,4.56,2621785.2,6,6,2621778.99,0.0,2.0,4.0,0.21,574952.894737
1778937,IT,TR,SEACO,TRANS,2.67,2621250.734,6,6,2621248.689,0.0,1.0,1.0,0.045,981741.84794
1719261,IT,PL,CHEM1,CHEM1,5.48,2620864.049,6,6,2620857.763,0.0,2.0,4.0,0.286,478259.862956
1643448,IT,AT,LANDT,MACHI,16.91,2620828.111,6,6,2620823.987,0.0,1.0,3.0,0.124,154986.878238
1712434,IT,LV,BASIC,FABRI,3.02,2620431.612,6,6,2620428.446,0.0,1.0,2.0,0.166,867692.586755
1809651,IT,WM,DAIRY,HOTEL,10.64,2619402.59,6,6,2619381.413,0.0,19.0,2.0,0.177,246184.453947
1812154,IT,WM,CEMEN,CEMEN,4.19,2618413.36,6,6,2618396.242,0.0,1.0,16.0,0.118,624919.656325
1805739,IT,WF,BASIC,TRANS,3.01,2617541.785,6,6,2617538.62,0.0,1.0,2.0,0.165,869615.210963
1713504,IT,MT,RUBBE,SEACO,8.67,2616720.182,6,6,2616711.945,0.0,4.0,4.0,0.237,301813.169781
1740961,IT,US,FOOD5,HEALT,12.57,2616246.689,6,6,2616231.455,0.0,12.0,3.0,0.234,208134.183691
1754887,IT,KR,TOBAC,TOBAC,10.3,2616124.672,7,7,2616109.508,1.0,11.0,3.0,0.164,253992.686602
1753506,IT,CA,MACHI,FORES,14.59,2615328.871,6,6,2615321.656,0.0,3.0,4.0,0.215,179254.891775
1645287,IT,BE,KEROS,MOTOR,3.89,2614204.433,6,6,2614201.22,0.0,1.0,2.0,0.213,672031.987918
1748979,IT,CN,LEATH,BITUM,18.72,2613351.171,6,6,2613328.719,0.0,18.0,4.0,0.452,139602.092468
1733048,IT,SI,COPP1,FABRI,6.6,2613071.628,6,6,2613060.493,0.0,3.0,8.0,0.135,395919.943636
1724287,IT,PT,LANDT,OFFIC,16.84,2609956.61,6,6,2609952.487,0.0,1.0,3.0,0.123,154985.546912
1667885,IT,ES,MOTO1,RUBBE,13.89,2608847.584,6,6,2608840.414,0.0,3.0,4.0,0.17,187822.000288
1723294,IT,PT,CERAM,FOUND,4.06,2608654.885,6,6,2608639.744,0.0,1.0,14.0,0.141,642525.833744
1753611,IT,CA,MACHI,BUSIN,14.55,2608520.663,6,6,2608513.449,0.0,3.0,4.0,0.214,179279.770653
1810769,IT,WM,KEROS,VEGET,3.88,2608239.806,6,6,2608236.594,0.0,1.0,2.0,0.212,672226.754124
1766051,IT,RU,CHEM1,BUSIN,5.45,2608230.42,6,6,2608224.135,0.0,2.0,4.0,0.285,478574.388991
1799888,IT,WE,GASDI,RETA1,3.88,2607444.413,6,6,2607441.201,0.0,1.0,2.0,0.212,672021.755928
1772898,IT,CH,BASIC,SUPPO,3.0,2606998.453,6,6,2606995.288,0.0,1.0,2.0,0.165,868999.484333
1790935,IT,WA,OFFIC,POSTT,8.08,2606820.214,6,6,2606815.026,0.0,2.0,3.0,0.188,322626.264109
1801115,IT,WE,NONF1,COPP1,0.57,2606716.579,5,5,2606715.564,0.0,0.0,1.0,0.015,4573186.980702
1735469,IT,SK,BASIC,WHOLE,3.0,2606554.064,6,6,2606550.899,0.0,1.0,2.0,0.165,868851.354667
1729780,IT,SE,MACHI,CONST,14.54,2605941.048,6,6,2605933.834,0.0,3.0,4.0,0.214,179225.656671
1719271,IT,PL,CHEM1,NONME,5.45,2605854.808,6,6,2605848.524,0.0,2.0,4.0,0.284,478138.496881
1726296,IT,RO,BASIC,RETA1,3.0,2605280.433,6,6,2605277.268,0.0,1.0,2.0,0.165,868426.811
1656866,IT,DE,HEAVY,PLAST,4.21,2605041.119,6,6,2605036.91,0.0,1.0,3.0,0.209,618774.612589
1725981,IT,RO,CHEM1,PLAST,5.44,2604965.888,6,6,2604959.604,0.0,2.0,4.0,0.284,478854.023529
1789981,IT,WA,NONME,VEGE1,5.26,2603115.918,6,6,2603109.632,0.0,1.0,5.0,0.286,494888.957795
1742012,IT,US,ADDIT,LANDT,6.03,2602089.812,6,6,2602064.609,0.0,20.0,5.0,0.203,431524.015257
1789225,IT,WA,PLAST,FURNI,5.46,2601394.252,6,6,2601388.987,0.0,2.0,3.0,0.265,476445.8337
1662705,IT,DK,MACHI,BUSIN,14.51,2601194.674,6,6,2601187.46,0.0,3.0,4.0,0.214,179269.102274
1673026,IT,FR,FOOD5,RAWMI,12.49,2600639.581,6,6,2600624.349,0.0,12.0,3.0,0.232,208217.740673
1743929,IT,US,SEACO,PUBLI,2.64,2600070.845,6,6,2600068.8,0.0,1.0,1.0,0.045,984875.320076
1750536,IT,CN,MACHI,RETA1,14.5,2599668.667,6,6,2599661.453,0.0,3.0,4.0,0.214,179287.494276
1806301,IT,WF,MACHI,BUSIN,14.49,2597471.511,6,6,2597464.298,0.0,3.0,4.0,0.213,179259.593582
1753769,IT,CA,FURNI,FURNI,8.29,2597258.382,6,6,2597243.159,0.0,8.0,7.0,0.223,313300.166707
1806256,IT,WF,MACHI,BASIC,14.49,2596794.49,6,6,2596787.277,0.0,3.0,4.0,0.213,179212.870255
1774612,IT,CH,SEACO,SUPPO,2.64,2596750.687,6,6,2596748.642,0.0,1.0,1.0,0.045,983617.68447
1713110,IT,MT,FOOD5,MOTO1,12.47,2596472.057,6,6,2596456.825,0.0,12.0,3.0,0.232,208217.486528
1793592,IT,WL,VEGE1,FOOD5,7.98,2596358.253,6,6,2596337.688,0.0,16.0,4.0,0.565,325358.177068
1667917,IT,ES,MOTO1,WHOLE,13.82,2595870.265,6,6,2595863.096,0.0,3.0,4.0,0.169,187834.317294
1812339,IT,WM,BASIC,BASIC,2.99,2595718.901,6,6,2595715.737,0.0,1.0,2.0,0.164,868133.411706
1649731,IT,BG,BASIC,VEGE1,2.99,2595153.105,6,6,2595149.941,0.0,1.0,2.0,0.164,867944.182274
1758510,IT,BR,MACHI,OFFIC,14.47,2594548.727,6,6,2594541.514,0.0,3.0,4.0,0.213,179305.371596
1754754,IT,KR,DAIRY,HOTEL,10.54,2594218.21,6,6,2594198.034,0.0,18.0,2.0,0.176,246130.759962
1643469,IT,AT,LANDT,CONST,16.73,2593606.68,6,6,2593602.557,0.0,1.0,3.0,0.123,155027.297071
1743853,IT,US,SEACO,BITUM,2.64,2592772.965,6,6,2592770.92,0.0,1.0,1.0,0.045,982110.971591
1762214,IT,IN,SEACO,MOTO1,2.64,2592352.607,6,6,2592350.562,0.0,1.0,1.0,0.045,981951.745076
1795528,IT,WL,ALUM1,FOUND,4.5,2591289.397,6,6,2591283.189,0.0,2.0,4.0,0.208,575842.088222
1763484,IT,MX,PLAST,FURNI,5.44,2591070.454,6,6,2591065.19,0.0,2.0,3.0,0.264,476299.715809
1755196,IT,KR,WOODW,WOODW,7.25,2589680.14,6,6,2589658.965,0.0,17.0,4.0,0.175,357197.26069
1690332,IT,IE,FOOD2,BUSIN,15.06,2589625.479,6,6,2589617.31,0.0,2.0,6.0,0.169,171953.883068
1736287,IT,SK,HOTEL,MACHI,18.77,2589112.336,6,6,2589104.141,0.0,5.0,3.0,0.195,137938.856473
1738679,IT,GB,MACHI,RUBBE,14.44,2587544.45,6,6,2587537.237,0.0,3.0,4.0,0.213,179192.828947
1800545,IT,WE,RUBBE,RETA1,8.57,2586576.707,6,6,2586568.472,0.0,4.0,4.0,0.235,301817.585414
1790150,IT,WA,BASIC,SALEM,2.98,2586119.209,6,6,2586116.045,0.0,1.0,2.0,0.164,867825.237919
1783652,IT,NO,FOOD3,WASTE,7.37,2585641.495,6,6,2585635.367,0.0,2.0,4.0,0.128,350833.310041
1750809,IT,CN,FURNI,PRINT,8.25,2585337.024,6,6,2585322.802,0.0,7.0,7.0,0.222,313374.184727
1668990,IT,ES,AIRTR,PUBLI,2.81,2584352.21,6,6,2584350.129,0.0,1.0,1.0,0.081,919698.295374
1680291,IT,GR,FURNI,WHOLE,8.25,2583756.241,6,6,2583742.019,0.0,7.0,7.0,0.222,313182.574667
1783570,IT,NO,FOOD2,CRUDE,15.03,2583723.981,6,6,2583715.812,0.0,2.0,6.0,0.169,171904.456487
1784550,IT,ID,MACHI,OILSE,14.41,2583417.163,6,6,2583409.951,0.0,3.0,4.0,0.212,179279.470021
1646315,IT,BE,NONF1,COPP1,0.56,2582912.011,5,5,2582910.996,0.0,0.0,1.0,0.015,4612342.876786
1676673,IT,FR,RAILW,FOOD5,17.28,2582384.703,6,6,2582365.587,0.0,1.0,18.0,0.116,149443.559201
1804878,IT,WF,BITU1,GASDI,4.07,2582133.048,6,6,2582128.842,0.0,1.0,3.0,0.206,634430.724324
1796961,IT,WL,AIRTR,PFERT,2.81,2581791.898,6,6,2581789.817,0.0,1.0,1.0,0.081,918787.152313
1659636,IT,DE,HOTEL,CONST,18.71,2581139.204,6,6,2581131.01,0.0,5.0,3.0,0.194,137955.061678
1801674,IT,WE,FURNI,FURNI,8.24,2580188.82,6,6,2580174.598,0.0,7.0,7.0,0.222,313129.711165
1804605,IT,WF,HEAVY,LIQUE,4.17,2580033.56,6,6,2580029.353,0.0,1.0,3.0,0.207,618713.083933
1679917,IT,GR,FABRI,NICKE,10.5,2579989.772,6,6,2579982.587,0.0,2.0,5.0,0.185,245713.311619
1733012,IT,SI,LEAD1,DIST1,4.49,2579600.39,6,6,2579583.173,0.0,6.0,11.0,0.217,574521.244989
1720641,IT,PL,MOTO1,RUBBE,13.72,2577465.064,6,6,2577457.896,0.0,3.0,4.0,0.168,187861.885131
1667243,IT,ES,PREC1,CONST,4.38,2577367.347,6,6,2577357.228,0.0,5.0,5.0,0.119,588440.033562
1773234,IT,CH,FABRI,DISTR,10.49,2577287.939,6,6,2577280.754,0.0,2.0,5.0,0.185,245689.984652
1794975,IT,WL,CHEM1,ELEC2,5.39,2577279.883,6,6,2577273.602,0.0,2.0,4.0,0.281,478159.533024
1657472,IT,DE,RUBBE,HOTEL,8.54,2577167.83,6,6,2577159.596,0.0,4.0,4.0,0.234,301776.092506
1665376,IT,ES,TEXTI,LEATH,15.27,2576799.324,6,6,2576794.982,0.0,2.0,2.0,0.342,168749.137132
1661005,IT,DE,BUSIN,RETA1,26.46,2576461.034,6,6,2576450.856,0.0,5.0,5.0,0.178,97371.921164
1810731,IT,WM,MOTOR,CONST,3.85,2575363.348,6,6,2575360.138,0.0,1.0,2.0,0.21,668925.544935
1654155,IT,CZ,MOTO1,CHEM1,13.71,2574995.188,6,6,2574988.02,0.0,3.0,4.0,0.168,187818.759154
1777459,IT,TR,BASIC,CRUDE,2.96,2574828.943,6,6,2574825.78,0.0,1.0,2.0,0.163,869874.642905
1650367,IT,BG,ELEC2,RETA1,0.62,2574526.357,4,4,2574526.088,0.0,0.0,0.0,0.269,4152461.866129
1793577,IT,WL,VEGE1,CATTL,7.92,2574359.844,6,6,2574339.284,0.0,16.0,4.0,0.56,325045.434848
1753331,IT,CA,BASIC,FURNI,2.96,2574344.081,6,6,2574340.918,0.0,1.0,2.0,0.163,869710.838176
1648134,IT,BE,RESEA,RESEA,13.96,2574287.113,6,6,2574279.933,0.0,3.0,4.0,0.18,184404.520989
1676635,IT,FR,HOTEL,HEALT,18.66,2574109.466,6,6,2574101.272,0.0,5.0,3.0,0.194,137947.988532
1671105,IT,FI,RUBBE,PRIVA,8.53,2573723.647,6,6,2573715.414,0.0,4.0,4.0,0.233,301726.101641
1805156,IT,WF,CHEM1,OILSE,5.38,2573624.174,6,6,2573617.893,0.0,2.0,4.0,0.281,478368.805576
1799074,IT,WE,TEXTI,HEALT,15.24,2572785.579,6,6,2572781.237,0.0,2.0,2.0,0.342,168817.951378
1718481,IT,PL,TEXTI,RUBBE,15.24,2572691.048,6,6,2572686.706,0.0,2.0,2.0,0.342,168811.748556
1733892,IT,SI,SEACO,SUPPO,2.62,2571739.577,5,5,2571738.532,0.0,0.0,1.0,0.045,981579.991221
1749398,IT,CN,MOTOR,LANDT,3.84,2571375.386,6,6,2571372.177,0.0,1.0,2.0,0.209,669629.006771
1801518,IT,WE,MOTO1,LANDT,13.69,2571186.801,6,6,2571179.634,0.0,3.0,4.0,0.167,187814.959898
1749541,IT,CN,PLAST,TEXTI,5.39,2571183.141,6,6,2571177.879,0.0,2.0,3.0,0.262,477028.412059
1719790,IT,PL,BASIC,GASDI,2.96,2570887.145,6,6,2570883.982,0.0,1.0,2.0,0.163,868542.954392
1752988,IT,CA,CHEM1,WOODW,5.37,2570492.149,6,6,2570485.868,0.0,2.0,4.0,0.281,478676.37784
1675300,IT,FR,FABRI,RENTI,10.46,2570024.227,6,6,2570017.043,0.0,2.0,5.0,0.184,245700.212906
1746223,IT,JP,CHEM1,PAPER,5.37,2569378.152,6,6,2569371.872,0.0,2.0,4.0,0.28,478468.929609
1719279,IT,PL,CHEM1,MACHI,5.37,2568713.944,6,6,2568707.664,0.0,2.0,4.0,0.28,478345.240968
1789703,IT,WA,RUBBE,HEALT,8.51,2567835.59,6,6,2567827.357,0.0,4.0,4.0,0.233,301743.312573
1743570,IT,US,HOTEL,DAIRY,18.61,2567697.097,6,6,2567688.904,0.0,5.0,3.0,0.193,137974.051424
1771985,IT,CH,PAPER,PUBLI,9.95,2567686.957,6,6,2567661.704,0.0,21.0,4.0,0.253,258058.990653
1771215,IT,CH,VEGE1,FOOD5,7.89,2567117.534,6,6,2567096.976,0.0,16.0,4.0,0.558,325363.439037
1801743,IT,WE,ELEC2,PAPER,0.62,2566427.025,4,4,2566426.756,0.0,0.0,0.0,0.269,4139398.427419
1811852,IT,WM,RUBBE,DAIRY,8.5,2565171.34,6,6,2565163.107,0.0,4.0,4.0,0.233,301784.863529
1685821,IT,HU,CHEM1,CEREA,5.36,2564580.63,6,6,2564574.35,0.0,2.0,4.0,0.28,478466.535448
1801750,IT,WE,ELEC2,BASIC,0.62,2563664.355,4,4,2563664.087,0.0,0.0,0.0,0.268,4134942.508065
1799709,IT,WE,MOTOR,REALE,3.83,2563187.094,6,6,2563183.885,0.0,1.0,2.0,0.209,669239.450131
1780956,IT,TW,BUSIN,BEVER,26.32,2562966.176,6,6,2562955.999,0.0,5.0,5.0,0.177,97377.134347
1765959,IT,RU,CHEM1,NATUR,5.35,2561820.489,6,6,2561814.209,0.0,2.0,4.0,0.28,478844.951215
1764174,IT,MX,MACHI,POULT,14.29,2561361.456,6,6,2561354.246,0.0,3.0,4.0,0.21,179241.529461
1657201,IT,DE,CHEM1,BEVER,5.35,2561229.329,6,6,2561223.049,0.0,2.0,4.0,0.28,478734.454019
1761063,IT,IN,PLAST,FURNI,5.37,2560307.378,6,6,2560302.118,0.0,2.0,3.0,0.26,476779.772439
1739619,IT,GB,SEACO,SEACO,2.6,2559503.847,5,5,2559502.803,0.0,0.0,1.0,0.044,984424.556538
1650180,IT,BG,MOTO1,LANDT,13.62,2558771.754,6,6,2558764.588,0.0,3.0,4.0,0.166,187868.704405
1778921,IT,TR,SEACO,CEMEN,2.6,2557757.146,5,5,2557756.102,0.0,0.0,1.0,0.044,983752.748462
1682331,IT,HR,WOODW,WOODW,7.15,2557102.066,6,6,2557081.893,0.0,16.0,4.0,0.173,357636.652587
1641960,IT,AT,RUBBE,WOODW,8.47,2557077.627,6,6,2557069.395,0.0,4.0,4.0,0.232,301898.185006
1737553,IT,GB,PULP5,PAPER,7.79,2555473.428,6,6,2555457.188,0.0,12.0,4.0,0.24,328045.369448
1742680,IT,US,NONF1,FOUND,0.56,2554851.997,5,5,2554850.983,0.0,0.0,1.0,0.014,4562235.708929
1772966,IT,CH,PREC1,TRAN1,4.34,2554592.152,6,6,2554582.034,0.0,5.0,5.0,0.118,588615.703226
1775229,IT,CH,RESEA,MEMBE,13.85,2554385.827,6,6,2554378.648,0.0,3.0,4.0,0.179,184432.189675
1719165,IT,PL,PLAST,MACHI,5.36,2554188.736,6,6,2554183.476,0.0,2.0,3.0,0.26,476527.749254
1719856,IT,PL,BASIC,RESEA,2.94,2554088.837,6,6,2554085.676,0.0,1.0,2.0,0.161,868737.69966
1777011,IT,TR,CHEM1,MEATC,5.34,2553868.12,6,6,2553861.841,0.0,2.0,4.0,0.279,478252.456929
1788989,IT,WA,HEAVY,SEACO,4.12,2553540.665,6,6,2553536.46,0.0,1.0,3.0,0.205,619791.423544
1798685,IT,WE,VEGE1,HOTEL,7.85,2553342.831,6,6,2553322.276,0.0,16.0,4.0,0.555,325266.602675
1688674,IT,IE,CHEM1,WOODW,5.33,2552775.622,6,6,2552769.343,0.0,2.0,4.0,0.279,478944.769606
1727130,IT,RO,LANDT,OFFIC,16.47,2552475.477,6,6,2552471.356,0.0,1.0,3.0,0.121,154977.260291
1777958,IT,TR,MACHI,TRANS,14.24,2552030.242,6,6,2552023.032,0.0,3.0,4.0,0.21,179215.606882
1800544,IT,WE,RUBBE,WHOLE,8.45,2549992.516,6,6,2549984.285,0.0,4.0,4.0,0.231,301774.262249
1720317,IT,PL,FABRI,FURNI,10.37,2549084.762,6,6,2549077.579,0.0,2.0,5.0,0.183,245813.381099
1812992,IT,WM,MACHI,FURNI,14.22,2548906.543,6,6,2548899.334,0.0,3.0,4.0,0.209,179247.998805
1807209,IT,WF,AIRTR,PUBLI,2.77,2548744.902,6,6,2548742.822,0.0,1.0,1.0,0.08,920124.513357
1810089,IT,WM,TEXTI,WHOLE,15.1,2548178.563,6,6,2548174.225,0.0,2.0,2.0,0.338,168753.547219
1735196,IT,SK,RUBBE,OFFIC,8.44,2547489.064,6,6,2547480.833,0.0,4.0,4.0,0.231,301835.197156
1743541,IT,US,HOTEL,OILSE,18.46,2546721.127,6,6,2546712.935,0.0,5.0,3.0,0.192,137958.890953
1658745,IT,DE,OFFIC,PUBLI,7.89,2546216.539,6,6,2546211.355,0.0,2.0,3.0,0.184,322714.390241
1773700,IT,CH,FURNI,WHOLE,8.13,2546110.119,6,6,2546095.9,0.0,7.0,7.0,0.219,313174.676384
1749854,IT,CN,RUBBE,OFFIC,8.44,2545905.564,6,6,2545897.333,0.0,4.0,4.0,0.231,301647.578673
1666237,IT,ES,HEAVY,ALUM1,4.11,2545745.848,6,6,2545741.644,0.0,1.0,3.0,0.204,619402.882725
1675423,IT,FR,MACHI,RAILW,14.2,2545343.744,6,6,2545336.535,0.0,3.0,4.0,0.209,179249.559437
1814134,IT,WM,AIRTR,CONST,2.77,2544955.464,6,6,2544953.384,0.0,1.0,1.0,0.08,918756.485199
1750519,IT,CN,MACHI,ELEC4,14.2,2544950.929,6,6,2544943.72,0.0,3.0,4.0,0.209,179221.896408
1764450,IT,MX,FURNI,OFFIC,8.12,2544413.376,6,6,2544399.157,0.0,7.0,7.0,0.219,313351.400985
1676971,IT,FR,AIRTR,TRANS,2.77,2544290.43,6,6,2544288.35,0.0,1.0,1.0,0.08,918516.400722
1719250,IT,PL,CHEM1,COKEO,5.31,2542550.942,6,6,2542544.664,0.0,2.0,4.0,0.278,478823.152919
1674381,IT,FR,CHEM1,ELEC5,5.31,2540470.16,6,6,2540463.883,0.0,2.0,4.0,0.277,478431.291902
1789197,IT,WA,PLAST,PLAST,5.33,2539931.522,6,6,2539926.264,0.0,2.0,3.0,0.258,476534.994747
1743659,IT,US,HOTEL,AUXIL,18.41,2539671.695,6,6,2539663.504,0.0,5.0,3.0,0.191,137950.662412
1811572,IT,WM,CHEM1,WHEAT,5.31,2539357.959,6,6,2539351.682,0.0,2.0,4.0,0.277,478221.837853
1804776,IT,WF,NAPHT,KEROS,4.31,2539338.752,6,6,2539331.57,0.0,2.0,5.0,0.182,589173.724362
1642332,IT,AT,BASIC,COPP1,2.92,2538751.951,6,6,2538748.79,0.0,1.0,2.0,0.161,869435.599658
1790112,IT,WA,BASIC,PFERT,2.92,2538327.24,6,6,2538324.08,0.0,1.0,2.0,0.16,869290.150685
1744344,IT,US,FINAN,FINAN,33.04,2537682.712,6,6,2537680.639,0.0,1.0,1.0,0.073,76806.377482
1738571,IT,GB,FABRI,RUBBE,10.32,2536752.29,6,6,2536745.108,0.0,2.0,5.0,0.182,245809.330426
1675416,IT,FR,MACHI,COLLE,14.15,2536695.48,6,6,2536688.272,0.0,3.0,4.0,0.208,179271.765371
1743895,IT,US,SEACO,FABRI,2.58,2536261.206,5,5,2536260.162,0.0,0.0,1.0,0.044,983046.97907
1786350,IT,ZA,MACHI,PRECI,14.15,2535462.552,6,6,2535455.344,0.0,3.0,4.0,0.208,179184.63265
1805262,IT,WF,CHEM1,RESEA,5.3,2535326.409,6,6,2535320.132,0.0,2.0,4.0,0.277,478363.473396
1790811,IT,WA,MACHI,BASIC,14.14,2534499.353,6,6,2534492.145,0.0,3.0,4.0,0.208,179243.235714
1773797,IT,CH,ELEC2,PUBLI,0.61,2534344.642,4,4,2534344.377,0.0,0.0,0.0,0.265,4154663.347541
1800548,IT,WE,RUBBE,LANDT,8.39,2533173.614,6,6,2533165.384,0.0,4.0,4.0,0.23,301927.725149
1785780,IT,ZA,PLAST,HEALT,5.32,2533145.043,6,6,2533139.785,0.0,2.0,3.0,0.258,476155.083271
1765952,IT,RU,CHEM1,RAWMI,5.29,2532398.563,6,6,2532392.287,0.0,2.0,4.0,0.276,478714.284121
1731779,IT,SI,PAPER,WOODW,9.81,2531740.432,6,6,2531716.182,0.0,20.0,4.0,0.25,258077.516004
1812441,IT,WM,PREC1,PFERT,4.3,2531460.822,6,6,2531450.705,0.0,5.0,5.0,0.117,588711.81907
1801354,IT,WE,MACHI,FURNI,14.12,2531449.057,6,6,2531441.849,0.0,3.0,4.0,0.208,179281.094688
1812791,IT,WM,FABRI,NATU1,10.3,2531361.235,6,6,2531354.053,0.0,2.0,5.0,0.182,245763.226699
1733630,IT,SI,HOTEL,MACHI,18.34,2529761.512,6,6,2529753.321,0.0,5.0,3.0,0.191,137936.832715
1748778,IT,CN,TEXTI,LEATH,14.99,2529129.423,6,6,2529125.087,0.0,2.0,2.0,0.336,168721.108939
1666869,IT,ES,GLASS,CHEM1,6.94,2528640.465,6,6,2528628.32,0.0,2.0,10.0,0.145,364357.415706
1772432,IT,CH,CHEM1,RETA1,5.28,2528035.059,6,6,2528028.783,0.0,2.0,4.0,0.276,478794.51875
1811427,IT,WM,PLAST,KEROS,5.3,2527951.982,6,6,2527946.725,0.0,2.0,3.0,0.257,476972.072075
1738321,IT,GB,BASIC,FOUND,2.91,2527552.765,6,6,2527549.605,0.0,1.0,2.0,0.16,868574.833333
1812874,IT,WM,FABRI,WHOLE,10.28,2526782.881,6,6,2526775.7,0.0,2.0,5.0,0.181,245796.000097
1659818,IT,DE,LANDT,RUBBE,16.3,2526706.051,6,6,2526701.932,0.0,1.0,3.0,0.119,155012.641166
1781851,IT,NO,PLAST,TRAN2,5.3,2523785.132,6,6,2523779.875,0.0,2.0,3.0,0.257,476185.873962
1642031,IT,AT,RUBBE,HEALT,8.36,2523355.892,6,6,2523347.663,0.0,4.0,4.0,0.229,301836.829187
1723079,IT,PT,CHEM1,BIODI,5.27,2523247.697,6,6,2523241.422,0.0,2.0,4.0,0.275,478794.629412
1795810,IT,WL,MACHI,FURNI,14.07,2522861.979,6,6,2522854.772,0.0,3.0,4.0,0.207,179307.887633
1731409,IT,SI,FOOD5,OFFIC,12.12,2521985.035,6,6,2521969.81,0.0,12.0,3.0,0.225,208084.573845
1687060,IT,HU,MOTO1,RUBBE,13.42,2521973.454,6,6,2521966.29,0.0,3.0,4.0,0.164,187926.486885
1653656,IT,CZ,ALUM1,MOTO1,4.38,2520501.946,6,6,2520495.744,0.0,2.0,4.0,0.202,575457.065297
1719524,IT,PL,GLASS,GLASS,6.92,2520247.597,6,6,2520235.453,0.0,2.0,10.0,0.144,364197.629624
1727575,IT,RO,REALE,MACHI,106.46,2519847.401,6,6,2519837.235,0.0,3.0,7.0,0.166,23669.428903
1746837,IT,JP,MACHI,SALEM,14.05,2519191.864,6,6,2519184.657,0.0,3.0,4.0,0.207,179301.912028
1686443,IT,HU,BASIC,LANDT,2.9,2519116.707,6,6,2519113.548,0.0,1.0,2.0,0.159,868660.933448
1772568,IT,CH,RUBBE,RETA1,8.35,2518856.241,6,6,2518848.013,0.0,4.0,4.0,0.228,301659.43006
1682685,IT,HR,KEROS,RECRE,3.74,2518749.012,6,6,2518745.807,0.0,1.0,2.0,0.205,673462.302674
1716491,IT,NL,OFFIC,WHOLE,7.8,2517333.196,6,6,2517328.015,0.0,2.0,3.0,0.181,322735.025128
1749845,IT,CN,RUBBE,BASIC,8.34,2516909.56,6,6,2516901.332,0.0,4.0,4.0,0.228,301787.717026
1658642,IT,DE,MACHI,PUBLI,14.03,2514414.978,6,6,2514407.771,0.0,3.0,4.0,0.207,179217.033357
1655740,IT,DE,MEATC,HOTEL,8.39,2513748.271,6,6,2513708.11,0.0,37.0,3.0,0.161,299612.42801
1723479,IT,PT,ALUM1,OFFIC,4.37,2513409.638,6,6,2513403.437,0.0,2.0,4.0,0.201,575150.946911
1662346,IT,DK,BASIC,PAPER,2.89,2512783.419,6,6,2512780.26,0.0,1.0,2.0,0.159,869475.231488
1801112,IT,WE,NONF1,BASIC,0.55,2512135.066,5,5,2512134.052,0.0,0.0,1.0,0.014,4567518.301818
1766794,IT,RU,MACHI,ALUM1,14.01,2511907.523,6,6,2511900.317,0.0,3.0,4.0,0.206,179293.898858
1662666,IT,DK,MACHI,FABRI,14.01,2511517.298,6,6,2511510.092,0.0,3.0,4.0,0.206,179266.045539
1755520,IT,KR,CHEM1,WOODW,5.25,2511017.593,6,6,2511011.319,0.0,2.0,4.0,0.274,478289.065333
1795850,IT,WL,MACHI,93197,14.01,2510656.229,6,6,2510649.023,0.0,3.0,4.0,0.206,179204.584511
1739483,IT,GB,LANDT,FABRI,16.19,2509661.137,6,6,2509657.018,0.0,1.0,3.0,0.119,155013.041198
1753556,IT,CA,MACHI,CHEM1,14.0,2509062.93,6,6,2509055.724,0.0,3.0,4.0,0.206,179218.780714
1800022,IT,WE,HEAVY,SEACO,4.05,2509051.549,6,6,2509047.348,0.0,1.0,3.0,0.201,619518.900988
1804617,IT,WF,HEAVY,GLASS,4.05,2508362.602,6,6,2508358.401,0.0,1.0,3.0,0.201,619348.790617
1810384,IT,WM,WOODW,PUBLI,7.02,2508335.629,6,6,2508315.46,0.0,16.0,4.0,0.169,357312.767664
1805758,IT,WF,BASIC,POSTT,2.89,2508306.184,6,6,2508303.025,0.0,1.0,2.0,0.159,867926.015225
1801384,IT,WE,MACHI,REALE,13.99,2507472.829,6,6,2507465.623,0.0,3.0,4.0,0.206,179233.225804
1772629,IT,CH,GLASS,GLASS,6.88,2507202.344,6,6,2507190.2,0.0,2.0,10.0,0.144,364418.945349
1670001,IT,ES,HEALT,OFFIC,13.05,2506114.476,6,6,2506111.376,0.0,1.0,2.0,0.1,192039.423448
1665897,IT,ES,COALT,GASDI,3.98,2505108.089,6,6,2505099.94,0.0,1.0,7.0,0.149,629424.142965
1728238,IT,SE,FOOD5,HOTEL,12.03,2504322.299,6,6,2504307.075,0.0,12.0,3.0,0.224,208173.092186
1666388,IT,ES,NAPHT,CHEM1,4.25,2502595.543,6,6,2502589.364,0.0,2.0,4.0,0.179,588846.010118
1753330,IT,CA,BASIC,TRANS,2.88,2502168.085,6,6,2502164.927,0.0,1.0,2.0,0.158,868808.362847
1661516,IT,DK,FOOD5,CONST,12.02,2502017.897,6,6,2502002.673,0.0,12.0,3.0,0.224,208154.567138
1742407,IT,US,NONME,SUPPO,5.05,2501712.458,6,6,2501706.183,0.0,1.0,5.0,0.275,495388.605545
1759811,IT,BR,BUSIN,PUBLI,25.69,2500848.902,6,6,2500838.729,0.0,5.0,5.0,0.173,97347.174076
1647882,IT,BE,REALE,MOTOR,105.65,2500491.5,6,6,2500482.336,0.0,3.0,6.0,0.164,23667.690487
1807200,IT,WF,AIRTR,SUPPO,2.72,2499348.524,6,6,2499346.445,0.0,1.0,1.0,0.079,918878.133824
1735329,IT,SK,CERAM,CONST,3.89,2499223.96,6,6,2499209.825,0.0,1.0,13.0,0.135,642474.025707
1713856,IT,MT,ELEC2,RENTI,0.6,2498985.595,4,4,2498985.334,0.0,0.0,0.0,0.261,4164975.991667
1814602,IT,WM,BUSIN,REALE,25.66,2498532.126,6,6,2498521.954,0.0,5.0,5.0,0.172,97370.698597
1657635,IT,DE,CERAM,WOODW,3.89,2498257.487,6,6,2498243.352,0.0,1.0,13.0,0.135,642225.575064
1769782,IT,AU,MACHI,ELECT,13.93,2497652.358,6,6,2497645.153,0.0,3.0,4.0,0.205,179300.241062
1720757,IT,PL,TRANS,FURNI,14.9,2496678.882,6,6,2496671.746,0.0,3.0,4.0,0.136,167562.341074
1674963,IT,FR,BASIC,SEWAG,2.87,2495973.779,6,6,2495970.621,0.0,1.0,2.0,0.158,869677.274913
1742684,IT,US,NONF1,ELECT,0.55,2495709.835,5,5,2495708.821,0.0,0.0,1.0,0.014,4537654.245455
1750896,IT,CN,CONST,MEAT1,13.95,2495561.897,6,6,2495549.764,0.0,3.0,9.0,0.133,178893.32595
1780968,IT,TW,BUSIN,KEROS,25.61,2493887.456,6,6,2493877.284,0.0,5.0,5.0,0.172,97379.439906
1780955,IT,TW,BUSIN,FOOD5,25.61,2493380.727,6,6,2493370.555,0.0,5.0,5.0,0.172,97359.653534
1677936,IT,FR,BUSIN,RENTI,25.59,2491349.156,6,6,2491338.984,0.0,5.0,5.0,0.172,97356.356233
1756229,IT,KR,MACHI,WHOLE,13.9,2490660.035,6,6,2490652.83,0.0,3.0,4.0,0.205,179184.17518
1752681,IT,CA,WEARI,LANDT,18.77,2490219.108,6,6,2490209.635,0.0,5.0,4.0,0.473,132670.170911
1778239,IT,TR,FURNI,BUSIN,7.95,2490090.42,6,6,2490077.206,0.0,7.0,6.0,0.214,313218.920755
1754713,IT,KR,VEGE1,HOTEL,7.65,2489221.863,6,6,2489202.321,0.0,15.0,4.0,0.542,325388.478824
1678718,IT,GR,DAIRY,HOTEL,10.11,2489216.479,6,6,2489196.31,0.0,18.0,2.0,0.169,246213.301583
1785549,IT,ZA,KEROS,MOTO1,3.7,2488738.709,6,6,2488735.506,0.0,1.0,2.0,0.203,672632.083514
1812878,IT,WM,FABRI,LANDT,10.12,2487593.447,6,6,2487586.269,0.0,2.0,5.0,0.178,245809.62915
1714480,IT,NL,FISHF,FISH5,4.29,2487303.459,6,6,2487301.37,0.0,1.0,1.0,0.089,579791.016084
1747627,IT,JP,AIRTR,HEALT,2.71,2486130.462,6,6,2486128.384,0.0,1.0,1.0,0.078,917391.314391
1766758,IT,RU,MACHI,FISH5,13.87,2485869.039,6,6,2485861.835,0.0,3.0,4.0,0.204,179226.318601
1805421,IT,WF,GLASS,VEGET,6.82,2485199.842,6,6,2485187.7,0.0,2.0,10.0,0.142,364398.803812
1713828,IT,MT,ELEC1,FOOD5,0.36,2484918.997,4,4,2484918.84,0.0,0.0,0.0,0.157,6902552.769444
1766543,IT,RU,COPP1,COPP1,6.27,2482962.847,6,6,2482951.719,0.0,3.0,8.0,0.128,396006.833652
1772357,IT,CH,CHEM1,CATTL,5.19,2482833.588,6,6,2482827.317,0.0,2.0,4.0,0.271,478387.974566
1799622,IT,WE,MOTOR,MEAT1,3.71,2482657.825,6,6,2482654.623,0.0,1.0,2.0,0.202,669180.006739
1766342,IT,RU,NONME,CONST,5.01,2480672.841,6,6,2480666.569,0.0,1.0,5.0,0.272,495144.279641
1801720,IT,WE,ELEC1,DISTR,0.35,2480639.503,4,4,2480639.347,0.0,0.0,0.0,0.156,7087541.437143
1798745,IT,WE,FOOD5,CATTL,11.92,2480589.054,6,6,2480573.832,0.0,12.0,3.0,0.222,208103.108557
1794559,IT,WL,HEAVY,MOTOR,4.01,2479850.138,6,6,2479845.939,0.0,1.0,3.0,0.199,618416.493267
1811157,IT,WM,NAPHT,NFERT,4.21,2478245.457,6,6,2478239.28,0.0,2.0,4.0,0.177,588656.878147
1797014,IT,WL,AIRTR,FINAN,2.7,2478090.33,6,6,2478088.252,0.0,1.0,1.0,0.078,917811.233333
1764207,IT,MX,MACHI,WEARI,13.82,2477178.583,6,6,2477171.379,0.0,3.0,4.0,0.204,179245.917728
1677938,IT,FR,BUSIN,RESEA,25.44,2477076.859,6,6,2477066.688,0.0,5.0,5.0,0.171,97369.373388
1659737,IT,DE,RAILW,SUPPO,16.57,2477018.034,6,6,2476999.923,0.0,1.0,17.0,0.111,149488.113096
1666965,IT,ES,CERAM,HOTEL,3.86,2476935.16,6,6,2476921.026,0.0,1.0,13.0,0.134,641693.046632
1723453,IT,PT,ALUM1,VEGET,4.3,2476934.188,6,6,2476927.99,0.0,2.0,4.0,0.198,576031.206512
1806177,IT,WF,FABRI,EDUCA,10.08,2476848.79,6,6,2476841.612,0.0,2.0,5.0,0.178,245719.125992
1809828,IT,WM,FOOD5,RETA1,11.89,2475861.384,6,6,2475847.163,0.0,11.0,3.0,0.221,208230.562153
1782462,IT,NO,MACHI,TRANS,13.8,2473850.998,6,6,2473843.795,0.0,3.0,4.0,0.203,179264.565072
1749732,IT,CN,CHEM1,93197,5.17,2473718.299,6,6,2473712.029,0.0,2.0,4.0,0.27,478475.493037
1667404,IT,ES,COPP1,FURNI,6.25,2473548.772,6,6,2473537.644,0.0,3.0,8.0,0.128,395767.80352
1741645,IT,US,HEAVY,KEROS,3.99,2472669.17,6,6,2472664.972,0.0,1.0,3.0,0.198,619716.58396
1685509,IT,HU,PAPER,WOODW,9.58,2471991.264,6,6,2471967.02,0.0,20.0,4.0,0.244,258036.666388
1754126,IT,CA,AIRTR,TRAN2,2.69,2470715.238,6,6,2470713.16,0.0,1.0,1.0,0.078,918481.501115
1770233,IT,AU,HOTEL,FOOD5,17.9,2469857.841,6,6,2469849.655,0.0,5.0,3.0,0.186,137980.884972
1743048,IT,US,OFFIC,HEALT,7.65,2469220.907,6,6,2469215.729,0.0,2.0,3.0,0.178,322773.974771
1725667,IT,RO,PAPER,PRINT,9.57,2469027.824,6,6,2469003.58,0.0,20.0,4.0,0.244,257996.637827
1788946,IT,WA,HEAVY,GASDI,3.99,2467763.165,6,6,2467758.967,0.0,1.0,3.0,0.198,618487.008772
1813017,IT,WM,MACHI,AIRTR,13.76,2467205.099,6,6,2467197.896,0.0,3.0,4.0,0.203,179302.696148
1790133,IT,WA,BASIC,ELECT,2.84,2466848.035,6,6,2466844.879,0.0,1.0,2.0,0.156,868608.463028
1795703,IT,WL,FABRI,REALE,10.04,2466766.515,6,6,2466759.338,0.0,2.0,5.0,0.177,245693.875996
1717362,IT,NL,FINAN,INSUR,32.11,2466410.844,6,6,2466408.773,0.0,1.0,1.0,0.071,76811.300031
1745462,IT,JP,FOOD5,PIGS9,11.84,2464502.641,6,6,2464488.421,0.0,11.0,3.0,0.22,208150.560895
1732388,IT,SI,PLAST,CHEM1,5.17,2464451.963,6,6,2464446.712,0.0,2.0,3.0,0.251,476683.16499
1665995,IT,ES,MOTOR,WHOLE,3.68,2464246.717,6,6,2464243.516,0.0,1.0,2.0,0.201,669632.260054
1804875,IT,WF,BITU1,MOTOR,3.88,2463851.149,6,6,2463846.953,0.0,1.0,3.0,0.196,635013.182732
1743877,IT,US,SEACO,LIQUE,2.51,2463220.276,5,5,2463219.233,0.0,0.0,1.0,0.043,981362.659761
1795090,IT,WL,RUBBE,CRUDE,8.16,2462644.146,6,6,2462635.923,0.0,4.0,4.0,0.223,301794.625735
1742371,IT,US,NONME,RUBBE,4.97,2461155.75,6,6,2461149.48,0.0,1.0,5.0,0.27,495202.364185
1755751,IT,KR,GLASS,CONST,6.75,2460657.006,6,6,2460644.865,0.0,2.0,10.0,0.141,364541.778667
1787456,IT,WA,STONE,NONF1,7.96,2459557.792,6,6,2459417.68,0.0,2.0,138.0,0.112,308989.672362
1719854,IT,PL,BASIC,RENTI,2.83,2458436.739,6,6,2458433.584,0.0,1.0,2.0,0.155,868705.561484
1728926,IT,SE,CHEM1,MOTO1,5.14,2458275.694,6,6,2458269.426,0.0,2.0,4.0,0.268,478263.753696
1811642,IT,WM,CHEM1,NONME,5.14,2457928.839,6,6,2457922.571,0.0,2.0,4.0,0.268,478196.272179
1771289,IT,CH,DAIRY,FOOD5,9.98,2457133.507,6,6,2457114.341,0.0,17.0,2.0,0.166,246205.762224
1782487,IT,NO,MACHI,BUSIN,13.71,2456866.297,6,6,2456859.095,0.0,3.0,4.0,0.202,179202.501605
1746175,IT,JP,PLAST,OFFIC,5.15,2454967.73,6,6,2454962.48,0.0,2.0,3.0,0.25,476692.763107
1740270,IT,GB,BUSIN,REALE,25.2,2453600.776,6,6,2453590.607,0.0,5.0,5.0,0.169,97365.110159
1742581,IT,US,ALUM1,BEVER,4.26,2452670.126,6,6,2452663.93,0.0,2.0,4.0,0.196,575744.161033
1768903,IT,AU,WOODW,CONST,6.86,2452049.129,6,6,2452028.963,0.0,16.0,4.0,0.166,357441.563994
1720418,IT,PL,MACHI,MOTOR,13.68,2451992.171,6,6,2451984.97,0.0,3.0,4.0,0.201,179239.193787
1732536,IT,SI,RUBBE,MOTO1,8.12,2451147.47,6,6,2451139.248,0.0,4.0,4.0,0.222,301865.45197
1657254,IT,DE,CHEM1,TRANS,5.12,2450677.995,6,6,2450671.727,0.0,2.0,4.0,0.268,478648.045898
1653036,IT,CZ,PLAST,MACHI,5.14,2450359.05,6,6,2450353.801,0.0,2.0,3.0,0.249,476723.550584
1791251,IT,WA,FURNI,COMPU,7.82,2449858.766,6,6,2449845.555,0.0,7.0,6.0,0.211,313281.172123
1790784,IT,WA,MACHI,KEROS,13.67,2449448.911,6,6,2449441.71,0.0,3.0,4.0,0.201,179184.265618
1794125,IT,WL,PAPER,HOTEL,9.49,2448311.294,6,6,2448287.053,0.0,20.0,4.0,0.241,257988.545205
1790329,IT,WA,ALUM1,BASIC,4.25,2447946.274,6,6,2447940.078,0.0,2.0,4.0,0.196,575987.358588
1673535,IT,FR,LEATH,FURNI,17.53,2447892.107,6,6,2447870.683,0.0,17.0,4.0,0.424,139640.16583
1661015,IT,DE,BUSIN,FINAN,25.14,2447814.723,6,6,2447804.554,0.0,5.0,5.0,0.169,97367.331862
1737178,IT,GB,DAIRY,DAIRY,9.94,2446639.325,6,6,2446620.159,0.0,17.0,2.0,0.166,246140.777163
1673056,IT,FR,FOOD5,CHEM1,11.75,2446123.788,6,6,2446109.569,0.0,11.0,3.0,0.219,208180.747915
1649564,IT,BG,RUBBE,CONST,8.1,2445763.411,6,6,2445755.189,0.0,4.0,4.0,0.222,301946.100123
1752889,IT,CA,KEROS,AIRTR,3.64,2445473.294,6,6,2445470.095,0.0,1.0,2.0,0.199,671833.322527
1742085,IT,US,RUBBE,CHEM1,8.1,2443413.45,6,6,2443405.228,0.0,4.0,4.0,0.222,301655.981481
1795180,IT,WL,RUBBE,PUBLI,8.1,2443345.557,6,6,2443337.335,0.0,4.0,4.0,0.222,301647.59963
1725603,IT,RO,WOODW,CONST,6.84,2442866.158,6,6,2442845.993,0.0,16.0,4.0,0.165,357144.175146
1773098,IT,CH,LEAD1,CONST,4.25,2442480.615,6,6,2442463.409,0.0,6.0,11.0,0.206,574701.321176
1723201,IT,PT,RUBBE,MOTO1,8.09,2440333.859,6,6,2440325.638,0.0,4.0,4.0,0.221,301648.190235
1812067,IT,WM,CERAM,CHEM1,3.8,2440038.247,6,6,2440024.115,0.0,1.0,13.0,0.132,642115.328158
1746388,IT,JP,RUBBE,MACHI,8.08,2439807.599,6,6,2439799.378,0.0,4.0,4.0,0.221,301956.386015
1726352,IT,RO,ALUM1,CONST,4.24,2439440.49,6,6,2439434.295,0.0,2.0,4.0,0.195,575339.738208
1761587,IT,IN,NONF1,COPP1,0.53,2437578.804,5,5,2437577.79,0.0,0.0,1.0,0.014,4599205.290566
1717711,IT,NL,BUSIN,SUPPO,25.03,2436990.372,6,6,2436980.204,0.0,5.0,5.0,0.168,97362.779545
1726117,IT,RO,RUBBE,WHOLE,8.07,2436905.005,6,6,2436896.784,0.0,4.0,4.0,0.221,301970.880421
1766367,IT,RU,BASIC,CRUDE,2.8,2436686.705,6,6,2436683.551,0.0,1.0,2.0,0.154,870245.251786
1726118,IT,RO,RUBBE,RETA1,8.07,2436139.61,6,6,2436131.389,0.0,4.0,4.0,0.221,301876.035936
1675778,IT,FR,FURNI,HOTEL,7.78,2435794.918,6,6,2435781.709,0.0,7.0,6.0,0.209,313084.179692
1803336,IT,WF,STONE,EDUCA,7.88,2435680.917,6,6,2435542.806,0.0,2.0,136.0,0.111,309096.563071
1739326,IT,GB,HOTEL,HEALT,17.64,2434385.408,6,6,2434377.225,0.0,5.0,3.0,0.183,138003.707937
1804591,IT,WF,HEAVY,FISH5,3.93,2433987.337,6,6,2433983.142,0.0,1.0,3.0,0.195,619335.200254
1662672,IT,DK,MACHI,MOTO1,13.58,2433762.669,6,6,2433755.469,0.0,3.0,4.0,0.2,179216.691384
1729061,IT,SE,RUBBE,MACHI,8.06,2433500.078,6,6,2433491.857,0.0,4.0,4.0,0.221,301923.0866
1673023,IT,FR,FOOD5,POULT,11.69,2433452.311,6,6,2433438.093,0.0,11.0,3.0,0.218,208165.296065
1811284,IT,WM,BITU1,HEAVY,3.84,2432428.895,6,6,2432424.701,0.0,1.0,3.0,0.194,633445.02474
1806150,IT,WF,FABRI,FURNI,9.9,2431706.673,6,6,2431699.499,0.0,2.0,5.0,0.174,245626.936667
1760857,IT,IN,KEROS,AIRTR,3.61,2429213.407,6,6,2429210.209,0.0,1.0,2.0,0.198,672912.301108
1795102,IT,WL,RUBBE,DAIRY,8.04,2427966.162,6,6,2427957.942,0.0,4.0,4.0,0.22,301985.841045
1807199,IT,WF,AIRTR,AIRTR,2.64,2427745.225,6,6,2427743.149,0.0,1.0,1.0,0.076,919600.464015
1786830,IT,ZA,HOTEL,POSTT,17.59,2427557.513,6,6,2427549.33,0.0,5.0,3.0,0.183,138007.817681
1749071,IT,CN,LEATH,PUBLI,17.37,2425239.525,6,6,2425218.105,0.0,17.0,4.0,0.42,139622.310017
1804823,IT,WF,NAPHT,CONST,4.12,2425093.954,6,6,2425087.781,0.0,2.0,4.0,0.173,588615.037379
1645665,IT,BE,CHEM1,COMPU,5.07,2424919.849,6,6,2424913.584,0.0,2.0,4.0,0.265,478287.938659
1657399,IT,DE,RUBBE,BEVER,8.03,2424823.074,6,6,2424814.854,0.0,4.0,4.0,0.22,301970.494894
1773159,IT,CH,NONF1,FABRI,0.53,2424344.708,5,5,2424343.694,0.0,0.0,1.0,0.014,4574235.298113
1800546,IT,WE,RUBBE,HOTEL,8.03,2423552.181,6,6,2423543.961,0.0,4.0,4.0,0.22,301812.226775
1741053,IT,US,TEXTI,RUBBE,14.36,2422819.191,6,6,2422814.869,0.0,2.0,2.0,0.322,168719.999373
1774373,IT,CH,HOTEL,INSUR,17.56,2422661.431,6,6,2422653.248,0.0,5.0,3.0,0.183,137964.773975
1773360,IT,CH,MACHI,WHOLE,13.52,2422640.126,6,6,2422632.927,0.0,3.0,4.0,0.199,179189.358432
1769802,IT,AU,MACHI,DIST1,13.51,2421655.765,6,6,2421648.566,0.0,3.0,4.0,0.199,179249.131384
1657807,IT,DE,NONME,MACHI,4.89,2420943.983,6,6,2420937.717,0.0,1.0,5.0,0.266,495080.569121
1744018,IT,US,AIRTR,MOTO1,2.64,2420697.934,6,6,2420695.858,0.0,1.0,1.0,0.076,916931.035606
1811663,IT,WM,CHEM1,DISTR,5.06,2420570.029,6,6,2420563.765,0.0,2.0,4.0,0.264,478373.523518
1711240,IT,LU,MACHI,BUSIN,13.5,2420152.212,6,6,2420145.013,0.0,3.0,4.0,0.199,179270.534222
1673853,IT,FR,PRINT,FINAN,23.22,2419652.406,6,6,2419643.222,0.0,5.0,4.0,0.184,104205.529974
1796655,IT,WL,HOTEL,WHOLE,17.53,2419046.73,6,6,2419038.548,0.0,5.0,3.0,0.182,137994.679407
1811857,IT,WM,RUBBE,FISH5,8.01,2418834.942,6,6,2418826.723,0.0,4.0,4.0,0.219,301976.896629
1726302,IT,RO,PREC1,LEATH,4.11,2418250.445,6,6,2418241.334,0.0,4.0,5.0,0.111,588382.103406
1743913,IT,US,SEACO,HOTEL,2.46,2416565.325,5,5,2416564.283,0.0,0.0,1.0,0.042,982343.628049
1804551,IT,WF,HEAVY,CEREA,3.9,2416428.373,6,6,2416424.179,0.0,1.0,3.0,0.194,619597.018718
1666576,IT,ES,CHEM1,NUCLE,5.05,2416276.213,6,6,2416269.949,0.0,2.0,4.0,0.264,478470.537228
1755566,IT,KR,CHEM1,FURNI,5.05,2415939.705,6,6,2415933.441,0.0,2.0,4.0,0.264,478403.90198
1788278,IT,WA,LEATH,PLAST,17.3,2415108.362,6,6,2415086.944,0.0,17.0,4.0,0.418,139601.639422
1799170,IT,WE,WEARI,CONST,18.2,2414934.217,6,6,2414925.758,0.0,4.0,4.0,0.459,132688.693242
1806288,IT,WF,MACHI,LANDT,13.47,2413639.256,6,6,2413632.058,0.0,3.0,4.0,0.198,179186.284781
1799609,IT,WE,MOTOR,CRUDE,3.61,2413568.281,6,6,2413565.084,0.0,1.0,2.0,0.197,668578.471191
1753604,IT,CA,MACHI,SUPPO,13.46,2413271.8,6,6,2413264.602,0.0,3.0,4.0,0.198,179292.109955
1737182,IT,GB,DAIRY,BEVER,9.8,2411271.554,6,6,2411252.391,0.0,17.0,2.0,0.163,246048.117755
1723527,IT,PT,COPP1,CONST,6.09,2410472.142,6,6,2410461.017,0.0,3.0,8.0,0.125,395808.233498
1645660,IT,BE,CHEM1,SUPPO,5.03,2409158.298,6,6,2409152.035,0.0,2.0,4.0,0.263,478957.912127
1772701,IT,CH,CERAM,WHOLE,3.75,2408723.091,6,6,2408709.96,0.0,1.0,12.0,0.131,642326.1576
1666854,IT,ES,GLASS,WOODW,6.61,2407837.613,6,6,2407825.475,0.0,2.0,10.0,0.138,364271.953555
1773574,IT,CH,MOTO1,PUBLI,12.81,2407566.061,6,6,2407558.904,0.0,3.0,4.0,0.157,187944.267057
1642747,IT,AT,MACHI,NONF1,13.43,2407466.811,6,6,2407459.613,0.0,3.0,4.0,0.198,179260.37312
1812207,IT,WM,NONME,LIQUE,4.86,2407446.809,6,6,2407440.545,0.0,1.0,5.0,0.264,495359.42572
1726454,IT,RO,FABRI,BASIC,9.8,2407444.581,6,6,2407437.408,0.0,2.0,5.0,0.173,245657.610306
1674605,IT,FR,RUBBE,RENTI,7.97,2406508.599,6,6,2406501.381,0.0,4.0,3.0,0.218,301945.871895
1685786,IT,HU,PLAST,OFFIC,5.05,2406238.138,6,6,2406232.893,0.0,2.0,3.0,0.245,476482.799604
1660117,IT,DE,AIRTR,RESEA,2.62,2405738.476,6,6,2405736.4,0.0,1.0,1.0,0.076,918220.792366
1772404,IT,CH,CHEM1,NONME,5.03,2405677.582,6,6,2405672.319,0.0,2.0,3.0,0.263,478265.920875
1674558,IT,FR,RUBBE,BASIC,7.97,2405628.971,6,6,2405621.753,0.0,4.0,3.0,0.218,301835.504517
1806307,IT,WF,MACHI,93197,13.42,2404824.96,6,6,2404817.762,0.0,3.0,4.0,0.198,179197.090909
1679023,IT,GR,WOODW,WOODW,6.73,2404558.124,6,6,2404538.962,0.0,15.0,4.0,0.162,357289.468648
1812201,IT,WM,NONME,MOTOR,4.86,2403919.934,6,6,2403913.67,0.0,1.0,5.0,0.264,494633.731276
1674326,IT,FR,CHEM1,FISHF,5.02,2403542.627,6,6,2403537.365,0.0,2.0,3.0,0.262,478793.351992
1729540,IT,SE,COPP1,GASDI,6.07,2403451.427,6,6,2403440.303,0.0,3.0,8.0,0.124,395955.754036
1675241,IT,FR,FABRI,PLAST,9.78,2403406.18,6,6,2403399.008,0.0,2.0,5.0,0.172,245747.05317
1755959,IT,KR,PREC1,FURNI,4.08,2403102.722,6,6,2403093.611,0.0,4.0,5.0,0.111,588995.765196
1746617,IT,JP,ALUM1,ALUM1,4.18,2402893.184,6,6,2402887.991,0.0,2.0,3.0,0.193,574854.828708
1805022,IT,WF,PLAST,RUBBE,5.04,2402111.815,6,6,2402107.571,0.0,2.0,2.0,0.244,476609.487103
1664492,IT,EE,MOTO1,OFFIC,12.78,2402015.877,6,6,2402008.721,0.0,3.0,4.0,0.156,187951.164085
1645879,IT,BE,GLASS,CONST,6.59,2401804.562,6,6,2401793.425,0.0,2.0,9.0,0.137,364461.997269
1750192,IT,CN,ALUM1,FURNI,4.17,2400385.475,6,6,2400380.283,0.0,2.0,3.0,0.192,575632.008393
1804640,IT,WF,HEAVY,CONST,3.88,2399388.402,6,6,2399384.209,0.0,1.0,3.0,0.193,618399.07268
1682518,IT,HR,COKEO,FOOD5,0.3,2399324.055,4,4,2399324.043,0.0,0.0,0.0,0.012,7997746.85
1658109,IT,DE,ALUM1,PAPER,4.17,2399311.157,6,6,2399305.965,0.0,2.0,3.0,0.192,575374.378177
1756701,IT,KR,SEACO,OFFIC,2.44,2398542.529,5,5,2398541.487,0.0,0.0,1.0,0.042,983009.233197
1810086,IT,WM,TEXTI,CONST,14.21,2398492.288,6,6,2398487.97,0.0,2.0,2.0,0.318,168789.042083
1752724,IT,CA,LEATH,FURNI,17.17,2397941.723,6,6,2397920.308,0.0,17.0,4.0,0.415,139658.807397
1679900,IT,GR,COPP1,REALE,6.05,2393157.88,6,6,2393146.756,0.0,3.0,8.0,0.124,395563.28595
1781896,IT,NO,CHEM1,PLAST,5.0,2391886.397,6,6,2391881.136,0.0,2.0,3.0,0.261,478377.2794
1758349,IT,BR,NONF1,CONST,0.52,2391658.542,5,5,2391657.529,0.0,0.0,1.0,0.013,4599343.35
1805269,IT,WF,CHEM1,93197,5.0,2391552.223,6,6,2391546.962,0.0,2.0,3.0,0.261,478310.4446
1805416,IT,WF,RUBBE,EDUCA,7.92,2391362.808,6,6,2391355.591,0.0,4.0,3.0,0.217,301939.748485
1742447,IT,US,BASIC,NATUR,2.75,2389739.617,6,6,2389736.466,0.0,1.0,2.0,0.151,868996.224364
1725548,IT,RO,LEATH,CONST,17.11,2389586.243,6,6,2389564.829,0.0,17.0,4.0,0.414,139660.212916
1812309,IT,WM,BASIC,WOODW,2.75,2388716.23,6,6,2388713.079,0.0,1.0,2.0,0.151,868624.083636
1777012,IT,TR,CHEM1,MEAT1,4.99,2388586.696,6,6,2388581.435,0.0,2.0,3.0,0.261,478674.688577
1641136,IT,AT,PAPER,BUSIN,9.25,2388028.99,6,6,2388005.754,0.0,19.0,4.0,0.236,258165.296216
1772968,IT,CH,PREC1,DIST1,4.06,2387651.945,6,6,2387642.835,0.0,4.0,5.0,0.11,588091.612069
1649666,IT,BG,CERAM,STEAM,3.72,2387305.231,6,6,2387292.102,0.0,1.0,12.0,0.129,641748.718011
1800997,IT,WE,ALUM1,REALE,4.15,2385971.744,6,6,2385966.553,0.0,2.0,3.0,0.191,574932.950361
1666848,IT,ES,GLASS,FOOD5,6.55,2385873.47,6,6,2385862.333,0.0,2.0,9.0,0.137,364255.491603
1726312,IT,RO,PREC1,FOUND,4.05,2383290.739,6,6,2383281.629,0.0,4.0,5.0,0.11,588466.849136
1648232,IT,BE,BUSIN,WHOLE,24.46,2381366.829,6,6,2381357.665,0.0,5.0,4.0,0.164,97357.597261
1675199,IT,FR,FABRI,VEGET,9.69,2381238.277,6,6,2381231.106,0.0,2.0,5.0,0.171,245741.824252
1642638,IT,AT,FABRI,OFFIC,9.69,2380940.123,6,6,2380932.952,0.0,2.0,5.0,0.171,245711.055005
1663296,IT,DK,INLAN,FOOD5,3.84,2379230.658,6,6,2379227.496,0.0,1.0,2.0,0.162,619591.317188
1777031,IT,TR,CHEM1,KEROS,4.97,2379106.441,6,6,2379101.181,0.0,2.0,3.0,0.26,478693.448893
1642237,IT,AT,NONME,TOBAC,4.81,2378330.411,6,6,2378324.15,0.0,1.0,5.0,0.261,494455.386902
1658548,IT,DE,MACHI,FOOD5,13.26,2377477.371,6,6,2377470.176,0.0,3.0,4.0,0.195,179296.935973
1745906,IT,JP,LEATH,RESEA,17.02,2376571.745,6,6,2376550.334,0.0,17.0,4.0,0.411,139634.062573
1800330,IT,WE,CHEM1,POULT,4.97,2375830.367,6,6,2375825.108,0.0,2.0,3.0,0.259,478034.279074
1750014,IT,CN,NONME,CERAM,4.8,2375309.178,6,6,2375302.917,0.0,1.0,5.0,0.261,494856.07875
1764769,IT,MX,HOTEL,BUSIN,17.21,2374963.168,6,6,2374954.989,0.0,5.0,3.0,0.179,137999.021964
1772379,IT,CH,CHEM1,TOBAC,4.96,2374433.359,6,6,2374428.1,0.0,2.0,3.0,0.259,478716.403024
1719249,IT,PL,CHEM1,PRINT,4.96,2373957.39,6,6,2373952.131,0.0,2.0,3.0,0.259,478620.441532
1792108,IT,WA,AIRTR,AIRTR,2.58,2373088.066,6,6,2373085.991,0.0,1.0,1.0,0.075,919801.575969
1749245,IT,CN,PAPER,RUBBE,9.19,2372387.797,6,6,2372364.563,0.0,19.0,4.0,0.234,258148.835365
1748556,IT,CN,VEGE1,FOOD5,7.3,2372252.166,6,6,2372233.65,0.0,14.0,4.0,0.516,324966.050137
1799766,IT,WE,KEROS,SUPPO,3.52,2370879.159,6,6,2370875.966,0.0,1.0,2.0,0.193,673545.215625
1750190,IT,CN,ALUM1,MOTO1,4.12,2370776.845,6,6,2370771.655,0.0,2.0,3.0,0.19,575431.273058
1793973,IT,WL,WOODW,WOODW,6.63,2369590.55,6,6,2369571.39,0.0,15.0,4.0,0.16,357404.306184
1770308,IT,AU,HOTEL,LANDT,17.17,2368907.782,6,6,2368899.604,0.0,5.0,3.0,0.178,137967.838206
1679808,IT,GR,ALUM1,NICKE,4.12,2368624.11,6,6,2368618.92,0.0,2.0,3.0,0.19,574908.764563
1675908,IT,FR,ELEC2,WHOLE,0.57,2368622.286,4,4,2368622.038,0.0,0.0,0.0,0.248,4155477.694737
1675397,IT,FR,MACHI,FOUND,13.21,2367837.44,6,6,2367830.245,0.0,3.0,4.0,0.195,179245.831945
1657799,IT,DE,NONME,BRICK,4.78,2367321.312,6,6,2367315.052,0.0,1.0,5.0,0.26,495255.504603
1801620,IT,WE,TRANS,PUBLI,14.12,2366839.434,6,6,2366832.306,0.0,3.0,4.0,0.128,167623.189377
1796046,IT,WL,TRANS,FISHF,14.11,2365209.885,6,6,2365202.757,0.0,3.0,4.0,0.128,167626.497874
1750505,IT,CN,MACHI,FOUND,13.19,2364963.68,6,6,2364956.486,0.0,3.0,4.0,0.194,179299.748294
1675060,IT,FR,ALUM1,RUBBE,4.11,2364954.861,6,6,2364949.672,0.0,2.0,3.0,0.189,575414.808029
1766606,IT,RU,FABRI,CRUDE,9.62,2364790.37,6,6,2364783.2,0.0,2.0,5.0,0.17,245820.204782
1737973,IT,GB,CHEM1,HOTEL,4.94,2364606.242,6,6,2364600.984,0.0,2.0,3.0,0.258,478665.231174
1733848,IT,SI,TRAN2,RAILW,3.65,2363777.693,6,6,2363774.628,0.0,1.0,2.0,0.065,647610.326849
1811424,IT,WM,PLAST,PRINT,4.96,2362807.597,6,6,2362803.357,0.0,2.0,2.0,0.24,476372.499395
1797542,IT,WL,BUSIN,REALE,24.26,2361936.388,6,6,2361927.225,0.0,5.0,4.0,0.163,97359.290519
1656518,IT,DE,PAPER,OFFIC,9.15,2361614.021,6,6,2361590.788,0.0,19.0,4.0,0.233,258099.893005
1805940,IT,WF,LEAD1,CONST,4.1,2360419.231,6,6,2360403.032,0.0,6.0,10.0,0.199,575712.007561
1805420,IT,WF,RUBBE,93197,7.82,2358940.09,6,6,2358932.876,0.0,4.0,3.0,0.214,301654.742967
1812111,IT,WM,CERAM,93197,3.67,2358650.581,6,6,2358637.453,0.0,1.0,12.0,0.128,642684.082016
1642601,IT,AT,FABRI,BEVER,9.6,2357886.488,6,6,2357879.319,0.0,2.0,5.0,0.169,245613.175833
1718856,IT,PL,PAPER,BUSIN,9.13,2357407.509,6,6,2357384.276,0.0,19.0,4.0,0.233,258204.54644
1711037,IT,LU,BASIC,BASIC,2.71,2356832.698,6,6,2356829.549,0.0,1.0,2.0,0.149,869679.962362
1789354,IT,WA,CHEM1,WEARI,4.92,2356397.278,6,6,2356392.021,0.0,2.0,3.0,0.257,478942.536179
1751478,IT,CN,AIRTR,LANDT,2.57,2356354.381,6,6,2356352.307,0.0,1.0,1.0,0.074,916869.408949
1788943,IT,WA,HEAVY,MOTOR,3.81,2355793.871,6,6,2355790.682,0.0,1.0,2.0,0.189,618318.601312
1792098,IT,WA,AIRTR,CONST,2.56,2355094.87,6,6,2355092.796,0.0,1.0,1.0,0.074,919958.933594
1783716,IT,NO,FOOD4,CONST,17.03,2353563.366,6,6,2353555.218,0.0,2.0,6.0,0.148,138201.01973
1644634,IT,BE,FOOD5,HOTEL,11.3,2352839.316,6,6,2352825.106,0.0,11.0,3.0,0.21,208215.868673
1780152,IT,TW,HOTEL,BASIC,17.05,2352764.592,6,6,2352756.415,0.0,5.0,3.0,0.177,137992.058182
1805836,IT,WF,ALUM1,CRUDE,4.09,2352593.188,6,6,2352588.0,0.0,2.0,3.0,0.188,575206.158435
1771190,IT,CH,MEAT4,HOTEL,12.94,2350410.804,6,6,2350397.644,0.0,10.0,3.0,0.16,181639.165688
1750777,IT,CN,TRANS,PUBLI,14.02,2349847.868,6,6,2349840.74,0.0,3.0,4.0,0.128,167606.837946
1668772,IT,ES,LANDT,WHOLE,15.15,2349233.024,6,6,2349228.913,0.0,1.0,3.0,0.111,155064.886073
1782012,IT,NO,RUBBE,CONST,7.78,2348383.17,6,6,2348375.957,0.0,4.0,3.0,0.213,301848.736504
1772781,IT,CH,NONME,CEMEN,4.74,2348358.789,6,6,2348352.531,0.0,1.0,5.0,0.258,495434.343671
1662011,IT,DK,PLAST,RUBBE,4.93,2348305.594,6,6,2348301.355,0.0,2.0,2.0,0.239,476329.735091
1751476,IT,CN,AIRTR,HOTEL,2.56,2348164.492,6,6,2348162.418,0.0,1.0,1.0,0.074,917251.754688
1761162,IT,IN,CHEM1,MOTO1,4.91,2347807.832,6,6,2347802.576,0.0,2.0,3.0,0.256,478168.601222
1645640,IT,BE,CHEM1,DISTR,4.91,2347769.7,6,6,2347764.444,0.0,2.0,3.0,0.256,478160.835031
1770301,IT,AU,HOTEL,CONST,17.01,2346677.752,6,6,2346669.575,0.0,5.0,3.0,0.177,137958.715579
1788177,IT,WA,WEARI,RETA1,17.69,2346669.746,6,6,2346662.3,0.0,4.0,3.0,0.446,132655.158055
1794672,IT,WL,NAPHT,PLAST,3.98,2345960.875,6,6,2345955.707,0.0,1.0,4.0,0.168,589437.405779
1762312,IT,IN,AIRTR,PUBLI,2.55,2345376.849,6,6,2345374.775,0.0,1.0,1.0,0.074,919755.627059
1738142,IT,GB,GLASS,RUBBE,6.43,2343744.02,6,6,2343733.886,0.0,1.0,9.0,0.134,364501.402799
1776632,IT,TR,GASDI,WHOLE,3.49,2342238.926,6,6,2342235.735,0.0,1.0,2.0,0.191,671128.632092
1673463,IT,FR,WEARI,PUBLI,17.65,2342095.179,6,6,2342087.734,0.0,4.0,3.0,0.445,132696.610708
1662673,IT,DK,MACHI,TRANS,13.06,2341676.487,6,6,2341669.295,0.0,3.0,4.0,0.192,179301.415544
1805746,IT,WF,BASIC,SALEM,2.7,2341517.087,6,6,2341513.939,0.0,1.0,2.0,0.148,867228.550741
1661016,IT,DE,BUSIN,INSUR,24.05,2341180.197,6,6,2341171.035,0.0,5.0,4.0,0.162,97346.369938
1675101,IT,FR,LEAD1,LEATH,4.07,2341056.081,6,6,2341039.884,0.0,6.0,10.0,0.197,575198.0543
1642529,IT,AT,COPP1,FABRI,5.91,2340914.911,6,6,2340903.79,0.0,3.0,8.0,0.121,396093.89357
1743911,IT,US,SEACO,WHOLE,2.38,2340865.338,5,5,2340864.297,0.0,0.0,1.0,0.041,983556.864706
1750511,IT,CN,MACHI,MEDIC,13.06,2340752.355,6,6,2340745.163,0.0,3.0,4.0,0.192,179230.655054
1770998,IT,CH,OILSE,FOOD5,1.69,2339518.566,6,6,2339501.458,0.0,16.0,1.0,0.108,1384330.512426
1739513,IT,GB,LANDT,SUPPO,15.09,2339226.923,6,6,2339222.812,0.0,1.0,3.0,0.111,155018.351425
1642660,IT,AT,FABRI,WHOLE,9.52,2338386.299,6,6,2338379.131,0.0,2.0,5.0,0.168,245628.81292
1654038,IT,CZ,MACHI,RETA1,13.05,2338360.05,6,6,2338352.858,0.0,3.0,4.0,0.192,179184.678161
1674401,IT,FR,CHEM1,POSTT,4.89,2337765.653,6,6,2337760.398,0.0,2.0,3.0,0.255,478070.685685
1784260,IT,ID,CHEM1,WOODW,4.88,2336737.203,6,6,2336731.948,0.0,2.0,3.0,0.255,478839.590779
1720467,IT,PL,MACHI,DISTR,13.04,2336725.868,6,6,2336718.676,0.0,3.0,4.0,0.192,179196.769018
1794490,IT,WL,GASDI,FURNI,3.48,2336571.478,6,6,2336568.288,0.0,1.0,2.0,0.19,671428.585632
1672758,IT,FR,MEATC,HOTEL,7.8,2336468.163,6,6,2336431.013,0.0,34.0,3.0,0.15,299547.200385
1735444,IT,SK,BASIC,COPP1,2.69,2336447.85,6,6,2336444.702,0.0,1.0,2.0,0.148,868567.973978
1781033,IT,TW,BUSIN,EDUCA,24.0,2336430.462,6,6,2336421.301,0.0,5.0,4.0,0.161,97351.26925
1674761,IT,FR,CERAM,HOTEL,3.64,2335639.706,6,6,2335626.579,0.0,1.0,12.0,0.127,641659.25989
1719845,IT,PL,BASIC,LANDT,2.69,2335498.374,6,6,2335495.226,0.0,1.0,2.0,0.148,868215.008922
1666375,IT,ES,NAPHT,HEAVY,3.96,2334741.11,6,6,2334735.943,0.0,1.0,4.0,0.167,589581.088384
1685512,IT,HU,PAPER,PRINT,9.05,2334634.943,6,6,2334611.713,0.0,19.0,4.0,0.23,257970.711934
1797001,IT,WL,AIRTR,SALEM,2.54,2334420.857,6,6,2334418.783,0.0,1.0,1.0,0.074,919063.329528
1811186,IT,WM,NAPHT,DISTR,3.96,2334240.233,6,6,2334235.066,0.0,1.0,4.0,0.167,589454.604293
1811140,IT,WM,NAPHT,PULP5,3.96,2334196.248,6,6,2334191.081,0.0,1.0,4.0,0.167,589443.49697
1737958,IT,GB,CHEM1,FABRI,4.88,2334191.701,6,6,2334186.446,0.0,2.0,3.0,0.255,478317.971516
1668751,IT,ES,LANDT,MOTO1,15.06,2334043.986,6,6,2334039.876,0.0,1.0,3.0,0.11,154983.000398
1798750,IT,WE,FOOD5,RAWMI,11.21,2332670.903,6,6,2332656.694,0.0,11.0,3.0,0.209,208088.394558
1738037,IT,GB,RUBBE,FOOD5,7.73,2331772.992,6,6,2331765.781,0.0,4.0,3.0,0.211,301652.392238
1730283,IT,SE,SEACO,SUPPO,2.37,2331443.538,5,5,2331442.498,0.0,0.0,1.0,0.04,983731.450633
1738075,IT,GB,RUBBE,MACHI,7.72,2330906.265,6,6,2330899.054,0.0,4.0,3.0,0.211,301930.863342
1773209,IT,CH,FABRI,GLASS,9.49,2330764.029,6,6,2330756.862,0.0,2.0,5.0,0.167,245602.110537
1742032,IT,US,ADDIT,MEMBE,5.4,2330623.262,6,6,2330600.08,0.0,18.0,5.0,0.182,431596.90037
1643513,IT,AT,TRAN2,TOBAC,3.6,2330613.687,6,6,2330610.623,0.0,1.0,2.0,0.064,647392.690833
1784439,IT,ID,BASIC,FABRI,2.68,2329880.622,6,6,2329877.475,0.0,1.0,2.0,0.147,869358.441045
1737527,IT,GB,WOODW,FABRI,6.52,2328929.734,6,6,2328910.577,0.0,15.0,4.0,0.157,357197.811963
1737882,IT,GB,PLAST,WHOLE,4.89,2328905.099,6,6,2328900.862,0.0,2.0,2.0,0.237,476258.711452
1650163,IT,BG,MOTO1,MOTO1,12.4,2328834.993,6,6,2328827.841,0.0,3.0,4.0,0.152,187809.273629
1804774,IT,WF,NAPHT,PRINT,3.95,2328754.479,6,6,2328749.312,0.0,1.0,4.0,0.167,589558.095949
1714526,IT,NL,CRUDE,PLAST,4.59,2328200.576,6,6,2328195.376,0.0,2.0,3.0,0.2,507233.240959
1800876,IT,WE,PREC1,CRUDE,3.95,2327509.067,6,6,2327499.96,0.0,4.0,5.0,0.107,589242.801772
1646381,IT,BE,FABRI,MOTO1,9.47,2326090.207,6,6,2326083.04,0.0,2.0,5.0,0.167,245627.265787
1733657,IT,SI,HOTEL,SUPPO,16.85,2325279.94,6,6,2325271.765,0.0,5.0,3.0,0.175,137998.809496
1754555,IT,CA,BUSIN,BUSIN,23.87,2324505.672,6,6,2324496.512,0.0,5.0,4.0,0.16,97381.888228
1761126,IT,IN,CHEM1,GASDI,4.86,2323437.377,6,6,2323432.123,0.0,2.0,3.0,0.254,478073.534362
1786418,IT,ZA,MACHI,BUSIN,12.96,2322834.509,6,6,2322827.318,0.0,3.0,4.0,0.191,179231.057793
1719301,IT,PL,CHEM1,RETA1,4.85,2322613.873,6,6,2322608.619,0.0,2.0,3.0,0.254,478889.458351
1763943,IT,MX,BASIC,RADIO,2.67,2322137.323,6,6,2322134.176,0.0,1.0,2.0,0.147,869714.353184
1682148,IT,HR,TEXTI,RETA1,13.76,2321960.024,6,6,2321955.716,0.0,2.0,2.0,0.308,168747.094767
1740238,IT,GB,BUSIN,MOTO1,23.84,2320995.395,6,6,2320986.235,0.0,5.0,4.0,0.16,97357.189388
1795398,IT,WL,BASIC,CEMEN,2.67,2319173.321,6,6,2319170.174,0.0,1.0,2.0,0.147,868604.240075
1772465,IT,CH,CHEM1,93197,4.85,2319079.016,6,6,2319073.763,0.0,2.0,3.0,0.253,478160.621856
1679444,IT,GR,CHEM1,FOOD5,4.85,2318957.492,6,6,2318952.239,0.0,2.0,3.0,0.253,478135.565361
1717699,IT,NL,BUSIN,CONST,23.82,2318919.618,6,6,2318910.458,0.0,5.0,4.0,0.16,97351.789169
1682114,IT,HR,TEXTI,GASDI,13.74,2318286.917,6,6,2318282.609,0.0,2.0,2.0,0.308,168725.39425
1795175,IT,WL,RUBBE,REALE,7.68,2318109.062,6,6,2318102.852,0.0,3.0,3.0,0.21,301837.117448
1772972,IT,CH,PREC1,WHOLE,3.94,2318017.239,6,6,2318008.132,0.0,4.0,5.0,0.107,588329.248477
1799410,IT,WE,PAPER,POULT,8.98,2317905.313,6,6,2317882.084,0.0,19.0,4.0,0.229,258118.631737
1788218,IT,WA,LEATH,FISHF,16.6,2317767.739,6,6,2317748.338,0.0,16.0,3.0,0.401,139624.56259
1709437,IT,LT,TEXTI,MOTOR,13.73,2317054.671,6,6,2317050.363,0.0,2.0,2.0,0.308,168758.53394
1658207,IT,DE,LEAD1,BASIC,4.03,2315703.648,6,6,2315687.453,0.0,6.0,10.0,0.195,574616.289826
1658400,IT,DE,FABRI,DAIRY,9.42,2314686.377,6,6,2314679.211,0.0,2.0,5.0,0.166,245720.422187
1753600,IT,CA,MACHI,TRAN2,12.91,2313861.67,6,6,2313854.48,0.0,3.0,4.0,0.19,179230.183579
1749279,IT,CN,PAPER,CONST,8.96,2313459.661,6,6,2313436.433,0.0,19.0,4.0,0.228,258198.622879
1674681,IT,FR,GLASS,RUBBE,6.35,2312541.722,6,6,2312531.59,0.0,1.0,9.0,0.132,364179.79874
1666271,IT,ES,HEAVY,BUSIN,3.74,2312478.176,6,6,2312474.99,0.0,1.0,2.0,0.186,618309.672727
1792109,IT,WA,AIRTR,SUPPO,2.52,2311608.038,6,6,2311605.965,0.0,1.0,1.0,0.073,917304.776984
1720408,IT,PL,MACHI,TOBAC,12.89,2311327.208,6,6,2311320.018,0.0,3.0,4.0,0.19,179311.653064
1775323,IT,CH,BUSIN,SUPPO,23.74,2311193.979,6,6,2311184.82,0.0,5.0,4.0,0.159,97354.42203
1810108,IT,WM,TEXTI,PUBLI,13.69,2310376.462,6,6,2310372.155,0.0,2.0,2.0,0.307,168763.802922
1720316,IT,PL,FABRI,TRANS,9.39,2307507.548,6,6,2307500.382,0.0,2.0,5.0,0.166,245740.952929
1766804,IT,RU,MACHI,MEDIC,12.87,2307456.343,6,6,2307449.153,0.0,3.0,4.0,0.19,179289.537141
1726579,IT,RO,OFFIC,COMPU,7.15,2306319.821,6,6,2306314.655,0.0,2.0,3.0,0.166,322562.212727
1778950,IT,TR,SEACO,CONST,2.35,2306060.57,5,5,2306059.53,0.0,0.0,1.0,0.04,981302.370213
1666148,IT,ES,GASDI,RAILW,3.43,2306027.557,6,6,2306024.369,0.0,1.0,2.0,0.188,672311.241108
1810877,IT,WM,KEROS,RESEA,3.43,2305692.228,6,6,2305689.04,0.0,1.0,2.0,0.188,672213.477551
1772412,IT,CH,CHEM1,FABRI,4.82,2305555.457,6,6,2305550.205,0.0,2.0,3.0,0.252,478331.007676
1658268,IT,DE,COPP1,CHEM1,5.82,2305000.795,6,6,2304990.676,0.0,3.0,7.0,0.119,396048.246564
1675888,IT,FR,ELEC2,CHEM1,0.55,2302641.089,4,4,2302640.848,0.0,0.0,0.0,0.241,4186620.161818
1731660,IT,SI,WOODW,WOODW,6.44,2300171.028,6,6,2300152.873,0.0,15.0,3.0,0.155,357169.414286
1763069,IT,MX,TEXTI,FURNI,13.63,2299507.415,6,6,2299503.11,0.0,2.0,2.0,0.305,168709.274762
1657013,IT,DE,NAPHT,PLAST,3.9,2299501.247,6,6,2299496.083,0.0,1.0,4.0,0.164,589615.704359
1646511,IT,BE,MACHI,RESEA,12.83,2299339.929,6,6,2299332.74,0.0,3.0,4.0,0.189,179215.8947
1740993,IT,US,BEVER,AIRTR,9.78,2298977.747,6,6,2298968.599,0.0,6.0,3.0,0.148,235069.299284
1672636,IT,FR,CRUDE,HEAVY,4.53,2298288.354,6,6,2298283.156,0.0,2.0,3.0,0.198,507348.422517
1813409,IT,WM,FURNI,SUPPO,7.34,2298045.524,6,6,2298032.326,0.0,7.0,6.0,0.198,313085.221253
1794124,IT,WL,PAPER,RETA1,8.9,2297484.046,6,6,2297460.819,0.0,19.0,4.0,0.227,258144.274831
1751433,IT,CN,AIRTR,NATUR,2.5,2296100.785,6,6,2296098.713,0.0,1.0,1.0,0.072,918440.314
1650332,IT,BG,ELEC2,GASDI,0.55,2296031.218,4,4,2296030.978,0.0,0.0,0.0,0.24,4174602.214545
1658850,IT,DE,MOTO1,BUSIN,12.22,2295263.366,6,6,2295256.217,0.0,3.0,4.0,0.149,187828.426023
1682525,IT,HR,COKEO,BASIC,0.29,2295234.521,4,4,2295234.509,0.0,0.0,0.0,0.012,7914601.796552
1774828,IT,CH,POSTT,POSTT,37.8,2295124.834,6,6,2295118.659,0.0,2.0,4.0,0.175,60717.588201
1645507,IT,BE,PLAST,CHEM1,4.81,2294538.755,6,6,2294534.522,0.0,2.0,2.0,0.233,477035.0842
1744795,IT,US,RESEA,MEDIC,12.44,2294370.04,6,6,2294364.879,0.0,2.0,3.0,0.161,184434.890675
1811856,IT,WM,RUBBE,BEVER,7.6,2293652.806,6,6,2293646.598,0.0,3.0,3.0,0.208,301796.421842
1659878,IT,DE,LANDT,RESEA,14.78,2291817.953,6,6,2291813.845,0.0,1.0,3.0,0.108,155062.107781
1751483,IT,CN,AIRTR,FINAN,2.49,2291701.499,6,6,2291699.427,0.0,1.0,1.0,0.072,920362.047791
1777381,IT,TR,CERAM,CERAM,3.57,2291075.637,6,6,2291062.513,0.0,1.0,12.0,0.124,641757.881513
1750335,IT,CN,FABRI,BITUM,9.32,2290800.288,6,6,2290793.124,0.0,2.0,5.0,0.164,245794.022318
1719002,IT,PL,KEROS,OFFIC,3.41,2290394.891,6,6,2290391.705,0.0,1.0,2.0,0.186,671670.056012
1772512,IT,CH,RUBBE,FOOD5,7.59,2290162.101,6,6,2290155.893,0.0,3.0,3.0,0.208,301734.137154
1668564,IT,ES,HOTEL,LANDT,16.6,2290019.566,6,6,2290011.393,0.0,5.0,3.0,0.173,137952.985904
1686714,IT,HU,COPP1,OFFIC,5.78,2289882.52,6,6,2289872.402,0.0,3.0,7.0,0.118,396173.446367
1788005,IT,WA,TEXTI,LEATH,13.57,2289626.806,6,6,2289622.502,0.0,2.0,2.0,0.304,168727.104348
1661023,IT,DE,BUSIN,PUBLI,23.51,2289441.499,6,6,2289432.341,0.0,5.0,4.0,0.158,97381.60353
1749747,IT,CN,ADDIT,GASDI,5.3,2289400.669,6,6,2289378.49,0.0,17.0,5.0,0.179,431962.390377
1656491,IT,DE,PAPER,PULP5,8.87,2288581.947,6,6,2288559.721,0.0,18.0,4.0,0.226,258013.748253
1789383,IT,WA,CHEM1,NONME,4.78,2288353.104,6,6,2288347.854,0.0,2.0,3.0,0.25,478734.958996
1761153,IT,IN,CHEM1,COPP1,4.78,2288242.181,6,6,2288236.931,0.0,2.0,3.0,0.25,478711.753347
1811406,IT,WM,PLAST,MEATC,4.8,2287845.876,6,6,2287841.643,0.0,2.0,2.0,0.233,476634.5575
1803838,IT,WF,TEXTI,FURNI,13.55,2286670.436,6,6,2286666.132,0.0,2.0,2.0,0.304,168757.965756
1753527,IT,CA,MACHI,VEGE1,12.76,2286553.624,6,6,2286546.436,0.0,3.0,4.0,0.188,179196.992476
1742730,IT,US,FABRI,FOOD5,9.3,2286066.338,6,6,2286059.174,0.0,2.0,5.0,0.164,245813.584731
1788784,IT,WA,KEROS,KEROS,3.4,2284756.645,6,6,2284753.459,0.0,1.0,2.0,0.186,671987.248529
1740273,IT,GB,BUSIN,RESEA,23.45,2283597.656,6,6,2283588.498,0.0,5.0,4.0,0.158,97381.563156
1794928,IT,WL,CHEM1,PRINT,4.77,2282959.727,6,6,2282954.478,0.0,2.0,3.0,0.249,478607.909224
1784609,IT,ID,MACHI,MOTO1,12.74,2282926.647,6,6,2282919.459,0.0,3.0,4.0,0.188,179193.614364
1800210,IT,WE,PLAST,MEAT1,4.79,2282825.804,6,6,2282821.572,0.0,2.0,2.0,0.232,476581.587474
1673769,IT,FR,PAPER,REALE,8.84,2282118.82,6,6,2282096.595,0.0,18.0,4.0,0.225,258158.237557
1685237,IT,HU,TEXTI,WEARI,13.52,2280981.798,6,6,2280977.495,0.0,2.0,2.0,0.303,168711.67145
1741863,IT,US,CHEM1,NATUR,4.76,2279482.315,6,6,2279477.066,0.0,2.0,3.0,0.249,478882.839286
1811297,IT,WM,BITU1,CHEM1,3.59,2279202.126,6,6,2279197.945,0.0,1.0,3.0,0.181,634875.244011
1774258,IT,CH,RETA1,BUSIN,23.79,2278807.844,6,6,2278800.695,0.0,4.0,3.0,0.149,95788.475998
1738590,IT,GB,FABRI,TRANS,9.27,2278362.322,6,6,2278355.159,0.0,2.0,5.0,0.163,245778.028263
1773446,IT,CH,OFFIC,MACHI,7.06,2277820.202,6,6,2277815.038,0.0,2.0,3.0,0.164,322637.42238
1660055,IT,DE,AIRTR,GASDI,2.48,2277782.716,6,6,2277780.644,0.0,1.0,1.0,0.072,918460.772581
1652025,IT,CZ,VEGET,CONST,8.06,2277782.333,6,6,2277772.244,0.0,9.0,1.0,0.089,282603.267122
1662466,IT,DK,ALUM1,MACHI,3.96,2277701.938,6,6,2277696.756,0.0,2.0,3.0,0.182,575177.257071
1810567,IT,WM,PAPER,SUPPO,8.82,2276895.181,6,6,2276872.956,0.0,18.0,4.0,0.225,258151.381066
1788079,IT,WA,TEXTI,PUBLI,13.49,2276859.446,6,6,2276855.144,0.0,2.0,2.0,0.302,168781.278428
1748687,IT,CN,FOOD5,FOOD5,10.93,2276022.494,6,6,2276008.291,0.0,11.0,3.0,0.203,208236.275755
1757931,IT,BR,CHEM1,HEALT,4.75,2275166.644,6,6,2275161.396,0.0,2.0,3.0,0.248,478982.451368
1749028,IT,CN,LEATH,MACHI,16.29,2275029.981,6,6,2275010.587,0.0,16.0,3.0,0.394,139658.071271
1800980,IT,WE,ALUM1,FOUND,3.95,2273730.29,6,6,2273725.108,0.0,2.0,3.0,0.182,575627.921519
1772893,IT,CH,BASIC,LANDT,2.62,2273439.879,6,6,2273436.735,0.0,1.0,2.0,0.144,867725.144656
1744000,IT,US,AIRTR,RUBBE,2.47,2273372.715,6,6,2273370.643,0.0,1.0,1.0,0.072,920393.811741
1810499,IT,WM,PAPER,DAIRY,8.8,2272302.372,6,6,2272280.148,0.0,18.0,4.0,0.224,258216.178636
1750083,IT,CN,BASIC,OFFIC,2.62,2271885.895,6,6,2271882.751,0.0,1.0,2.0,0.144,867132.020992
1790698,IT,WA,FABRI,HOTEL,9.25,2271804.764,6,6,2271798.601,0.0,2.0,4.0,0.163,245600.515027
1747498,IT,JP,SEACO,ELEC2,2.31,2271073.523,5,5,2271072.484,0.0,0.0,1.0,0.039,983148.711255
1719873,IT,PL,BASIC,FOOD4,2.61,2270274.785,6,6,2270271.641,0.0,1.0,2.0,0.144,869837.082375
1810486,IT,WM,PAPER,CRUDE,8.79,2269477.719,6,6,2269455.495,0.0,18.0,4.0,0.224,258188.591468
1658066,IT,DE,PREC1,WHOLE,3.85,2268214.898,6,6,2268205.794,0.0,4.0,5.0,0.104,589146.726753
1750504,IT,CN,MACHI,NONF1,12.65,2268102.047,6,6,2268094.861,0.0,3.0,4.0,0.186,179296.604506
1744012,IT,US,AIRTR,FABRI,2.47,2267877.361,6,6,2267875.29,0.0,1.0,1.0,0.071,918168.972065
1729853,IT,SE,MOTO1,SALEM,12.07,2266962.059,6,6,2266955.912,0.0,2.0,4.0,0.147,187817.900497
1747614,IT,JP,AIRTR,AIRTR,2.47,2266690.396,6,6,2266688.325,0.0,1.0,1.0,0.071,917688.419433
1723072,IT,PT,CHEM1,PAPER,4.74,2266345.853,6,6,2266340.606,0.0,2.0,3.0,0.247,478132.036498
1722607,IT,PT,TEXTI,BEVER,13.43,2265749.098,6,6,2265744.797,0.0,2.0,2.0,0.301,168708.048995
1776671,IT,TR,HEAVY,LIQUE,3.66,2265557.966,6,6,2265554.784,0.0,1.0,2.0,0.182,619004.908743
1796245,IT,WL,FURNI,93197,7.23,2264456.124,6,6,2264442.929,0.0,7.0,6.0,0.195,313202.783402
1804783,IT,WF,NAPHT,NAPHT,3.84,2264401.541,6,6,2264396.379,0.0,1.0,4.0,0.162,589687.901302
1773236,IT,CH,FABRI,DIST1,9.22,2264362.353,6,6,2264356.191,0.0,2.0,4.0,0.162,245592.446095
1665908,IT,ES,COALT,PLAST,3.59,2263414.836,6,6,2263407.702,0.0,1.0,6.0,0.134,630477.670195
1675289,IT,FR,FABRI,HOTEL,9.21,2263217.514,6,6,2263211.352,0.0,2.0,4.0,0.162,245734.800651
1799802,IT,WE,GASDI,CATTL,3.37,2263080.251,6,6,2263077.067,0.0,1.0,2.0,0.184,671537.166469
1752686,IT,CA,WEARI,PUBLI,17.05,2262262.917,6,6,2262255.487,0.0,4.0,3.0,0.43,132684.042053
1747564,IT,JP,AIRTR,PLAST,2.46,2261107.418,6,6,2261105.347,0.0,1.0,1.0,0.071,919149.356911
1664800,IT,ES,VEGET,BEVER,8.0,2259696.932,6,6,2259686.843,0.0,9.0,1.0,0.089,282462.1165
1749055,IT,CN,LEATH,RETA1,16.18,2258522.083,6,6,2258502.692,0.0,16.0,3.0,0.391,139587.273362
1675185,IT,FR,NONF1,FOUND,0.49,2258495.043,5,5,2258494.03,0.0,0.0,1.0,0.013,4609173.557143
1682660,IT,HR,KEROS,AIRTR,3.36,2258070.092,6,6,2258066.908,0.0,1.0,2.0,0.184,672044.670238
1775316,IT,CH,BUSIN,HOTEL,23.18,2257181.781,6,6,2257173.625,0.0,4.0,4.0,0.156,97376.263201
1750808,IT,CN,FURNI,PAPER,7.2,2256985.369,6,6,2256972.175,0.0,7.0,6.0,0.194,313470.190139
1742953,IT,US,MACHI,LANDT,12.59,2256134.126,6,6,2256126.941,0.0,3.0,4.0,0.185,179200.486577
1680947,IT,GR,SEACO,TRANS,2.29,2255219.818,5,5,2255218.779,0.0,0.0,1.0,0.039,984812.147598
1682684,IT,HR,KEROS,MEMBE,3.35,2255194.344,6,6,2255191.16,0.0,1.0,2.0,0.184,673192.341493
1742972,IT,US,MACHI,PLAS1,12.58,2254577.615,6,6,2254570.43,0.0,3.0,4.0,0.185,179219.20628
1723382,IT,PT,BASIC,CEMEN,2.59,2253731.739,6,6,2253728.597,0.0,1.0,2.0,0.142,870166.694595
1805530,IT,WF,CERAM,REALE,3.51,2253143.742,6,6,2253130.62,0.0,1.0,12.0,0.122,641921.294017
1648488,IT,BG,OILSE,WOODW,1.63,2252836.77,6,6,2252819.666,0.0,16.0,1.0,0.104,1382108.447853
1805691,IT,WF,BASIC,SANDC,2.59,2252324.15,6,6,2252321.008,0.0,1.0,2.0,0.142,869623.223938
1714393,IT,NL,VEGET,VEGET,7.97,2252109.157,6,6,2252099.069,0.0,9.0,1.0,0.088,282573.294479
1667999,IT,ES,TRANS,BUSIN,13.44,2252032.637,6,6,2252025.515,0.0,3.0,4.0,0.122,167561.952158
1713109,IT,MT,FOOD5,RADIO,10.82,2251801.044,6,6,2251787.843,0.0,10.0,3.0,0.201,208114.699076
1645632,IT,BE,CHEM1,ELEC2,4.7,2251116.738,6,6,2251111.492,0.0,2.0,3.0,0.246,478961.008085
1713550,IT,MT,CERAM,SEACO,3.51,2250925.81,6,6,2250912.688,0.0,1.0,12.0,0.122,641289.404558
1804590,IT,WF,HEAVY,BEVER,3.64,2250864.152,6,6,2250860.971,0.0,1.0,2.0,0.181,618369.272527
1766661,IT,RU,FABRI,TRANS,9.16,2250777.009,6,6,2250770.848,0.0,2.0,4.0,0.161,245718.014083
1750555,IT,CN,MACHI,EDUCA,12.56,2250451.285,6,6,2250444.1,0.0,3.0,4.0,0.185,179176.057723
1811699,IT,WM,CHEM1,RECRE,4.7,2249276.321,6,6,2249271.075,0.0,2.0,3.0,0.246,478569.43
1773714,IT,CH,FURNI,REALE,7.18,2249238.553,6,6,2249226.36,0.0,6.0,6.0,0.193,313264.422423
1792102,IT,WA,AIRTR,RETA1,2.45,2247725.933,6,6,2247723.862,0.0,1.0,1.0,0.071,917439.156327
1810568,IT,WM,PAPER,POSTT,8.71,2247171.536,6,6,2247149.314,0.0,18.0,4.0,0.222,257999.028243
1686413,IT,HU,BASIC,ALUM1,2.59,2247001.735,6,6,2246998.593,0.0,1.0,2.0,0.142,867568.237452
1719444,IT,PL,RUBBE,LANDT,7.44,2246610.594,6,6,2246604.39,0.0,3.0,3.0,0.204,301963.789516
1725969,IT,RO,CHEM1,WOODW,4.69,2246198.658,6,6,2246193.413,0.0,2.0,3.0,0.245,478933.615778
1719876,IT,PL,BASIC,INERT,2.59,2246071.606,6,6,2246068.464,0.0,1.0,2.0,0.142,867209.114286
1648489,IT,BG,OILSE,PAPER,1.62,2245864.572,6,6,2245847.468,0.0,16.0,1.0,0.104,1386336.155556
1785706,IT,ZA,NAPHT,CHEM1,3.81,2244574.334,6,6,2244569.173,0.0,1.0,4.0,0.161,589127.121785
1811432,IT,WM,PLAST,LIQUE,4.71,2244303.366,6,6,2244299.138,0.0,2.0,2.0,0.228,476497.529936
1757713,IT,BR,NAPHT,WOODW,3.81,2244299.374,6,6,2244294.213,0.0,1.0,4.0,0.161,589054.953806
1714142,IT,MT,AIRTR,AUXIL,2.44,2243139.548,6,6,2243137.477,0.0,1.0,1.0,0.071,919319.486885
1738201,IT,GB,CERAM,WHOLE,3.49,2242612.609,6,6,2242599.487,0.0,1.0,12.0,0.122,642582.409456
1777248,IT,TR,RUBBE,ELECT,7.43,2241482.677,6,6,2241476.474,0.0,3.0,3.0,0.203,301680.037281
1675774,IT,FR,FURNI,SALEM,7.15,2239986.19,6,6,2239973.997,0.0,6.0,6.0,0.193,313284.781818
1739313,IT,GB,HOTEL,AIRTR,16.23,2239065.04,6,6,2239057.871,0.0,4.0,3.0,0.169,137958.412816
1743166,IT,US,MOTO1,EDUCA,11.92,2238944.414,6,6,2238938.268,0.0,2.0,4.0,0.146,187830.907215
1647270,IT,BE,LANDT,WHOLE,14.44,2238764.476,6,6,2238760.37,0.0,1.0,3.0,0.106,155039.091136
1810366,IT,WM,WOODW,WHOLE,6.26,2238319.214,6,6,2238302.063,0.0,14.0,3.0,0.151,357558.979872
1794141,IT,WL,PAPER,PUBLI,8.67,2238214.134,6,6,2238191.913,0.0,18.0,4.0,0.221,258156.186159
1646081,IT,BE,BASIC,FOUND,2.58,2237993.98,6,6,2237990.839,0.0,1.0,2.0,0.141,867439.527132
1805406,IT,WF,RUBBE,SUPPO,7.41,2237299.977,6,6,2237293.774,0.0,3.0,3.0,0.203,301929.821457
1746494,IT,JP,CERAM,RADIO,3.49,2237214.451,6,6,2237201.33,0.0,1.0,12.0,0.121,641035.659312
1676878,IT,FR,TRAN2,MOTOR,3.46,2237144.253,6,6,2237142.192,0.0,1.0,1.0,0.061,646573.483526
1805063,IT,WF,PLAST,SEACO,4.69,2236750.626,6,6,2236746.398,0.0,2.0,2.0,0.228,476919.110021
1805771,IT,WF,BASIC,93197,2.57,2236289.024,6,6,2236285.883,0.0,1.0,2.0,0.141,870151.371206
1805210,IT,WF,CHEM1,PLAST,4.67,2235381.169,6,6,2235375.925,0.0,2.0,3.0,0.244,478668.34454
1789277,IT,WA,PFERT,WHEAT,0.98,2235241.794,6,6,2235239.436,0.0,1.0,1.0,0.358,2280858.973469
1657612,IT,DE,GLASS,RESEA,6.13,2235043.222,6,6,2235033.094,0.0,1.0,9.0,0.128,364607.377162
1777666,IT,TR,LEAD1,CONST,3.89,2234788.628,6,6,2234772.44,0.0,6.0,10.0,0.188,574495.79126
1722709,IT,PT,WOODW,WOODW,6.25,2233855.704,6,6,2233838.553,0.0,14.0,3.0,0.151,357416.91264
1743848,IT,US,SEACO,CATTL,2.27,2233388.771,5,5,2233387.732,0.0,0.0,1.0,0.039,983871.705286
1714109,IT,MT,SEACO,RETA1,2.27,2233001.492,5,5,2233000.453,0.0,0.0,1.0,0.039,983701.097797
1663315,IT,DK,AIRTR,MACHI,2.43,2232615.953,6,6,2232613.883,0.0,1.0,1.0,0.07,918771.997119
1806167,IT,WF,FABRI,SUPPO,9.08,2232048.724,6,6,2232042.564,0.0,2.0,4.0,0.16,245820.344053
1803853,IT,WF,TEXTI,HOTEL,13.22,2231576.837,6,6,2231572.541,0.0,2.0,2.0,0.296,168803.089032
1667445,IT,ES,NONF1,FABRI,0.49,2230170.924,5,5,2230169.911,0.0,0.0,1.0,0.013,4551369.232653
1683531,IT,HR,ALUM1,FABRI,3.88,2230118.244,6,6,2230113.065,0.0,2.0,3.0,0.179,574772.743299
1804356,IT,WF,MOTOR,RESEA,3.33,2228846.596,6,6,2228843.414,0.0,1.0,2.0,0.182,669323.302102
1811466,IT,WM,PLAST,FURNI,4.68,2228802.811,6,6,2228798.584,0.0,2.0,2.0,0.227,476239.91688
1648241,IT,BE,BUSIN,SUPPO,22.89,2228691.359,6,6,2228683.205,0.0,4.0,4.0,0.154,97365.28436
1773711,IT,CH,FURNI,FINAN,7.11,2228666.429,6,6,2228654.237,0.0,6.0,6.0,0.192,313455.193952
1657945,IT,DE,BASIC,ELEC5,2.56,2228281.734,6,6,2228278.593,0.0,1.0,2.0,0.141,870422.552344
1800490,IT,WE,RUBBE,FOOD5,7.38,2227644.662,6,6,2227638.46,0.0,3.0,3.0,0.202,301848.87019
1780159,IT,TW,HOTEL,FABRI,16.14,2227493.54,6,6,2227486.372,0.0,4.0,3.0,0.168,138010.752169
1674966,IT,FR,BASIC,WASTE,2.56,2226660.7,6,6,2226657.559,0.0,1.0,2.0,0.141,869789.335938
1680072,IT,GR,MACHI,HOTEL,12.42,2226209.381,6,6,2226202.198,0.0,3.0,4.0,0.183,179243.911514
1675345,IT,FR,MACHI,SANDC,12.42,2226003.763,6,6,2225996.58,0.0,3.0,4.0,0.183,179227.356119
1795708,IT,WL,FABRI,PUBLI,9.06,2225332.512,6,6,2225326.352,0.0,2.0,4.0,0.16,245621.690066
1774576,IT,CH,SEACO,CHEM1,2.26,2225246.948,5,5,2225245.909,0.0,0.0,1.0,0.039,984622.543363
1751369,IT,CN,SEACO,WEARI,2.26,2224903.907,5,5,2224902.868,0.0,0.0,1.0,0.039,984470.75531
1756222,IT,KR,MACHI,DISTR,12.41,2224523.209,6,6,2224516.026,0.0,3.0,4.0,0.183,179252.474537
1717289,IT,NL,POSTT,BUSIN,36.63,2223966.796,6,6,2223960.626,0.0,2.0,4.0,0.17,60714.354245
1750449,IT,CN,MACHI,NATUR,12.41,2223850.506,6,6,2223843.323,0.0,3.0,4.0,0.183,179198.26801
1723100,IT,PT,CHEM1,FURNI,4.65,2223160.606,6,6,2223155.363,0.0,2.0,3.0,0.243,478099.055054
1646073,IT,BE,BASIC,CEMEN,2.55,2218821.48,6,6,2218818.34,0.0,1.0,2.0,0.14,870126.070588
1667825,IT,ES,OFFIC,RETA1,6.87,2218143.487,6,6,2218138.327,0.0,2.0,3.0,0.16,322873.870015
1723092,IT,PT,CHEM1,FABRI,4.63,2217442.084,6,6,2217436.842,0.0,2.0,3.0,0.242,478929.17581
1653105,IT,CZ,CHEM1,WOODW,4.63,2216254.464,6,6,2216249.222,0.0,2.0,3.0,0.242,478672.67041
1753130,IT,CA,RUBBE,MOTO1,7.34,2216007.667,6,6,2216001.466,0.0,3.0,3.0,0.201,301908.401499
1812318,IT,WM,BASIC,HEAVY,2.55,2215618.83,6,6,2215615.69,0.0,1.0,2.0,0.14,868870.129412
1720876,IT,PL,CONST,ELEC1,12.38,2214840.707,6,6,2214830.589,0.0,2.0,8.0,0.118,178904.742084
1790014,IT,WA,NONME,NONME,4.47,2214181.3,6,6,2214176.057,0.0,1.0,4.0,0.243,495342.572707
1740666,IT,US,STONE,BITUM,7.16,2214082.814,6,6,2213956.713,0.0,2.0,124.0,0.101,309229.443296
1735416,IT,SK,BASIC,LEATH,2.55,2214066.739,6,6,2214063.599,0.0,1.0,2.0,0.14,868261.466275
1739904,IT,GB,FINAN,BUSIN,28.81,2212695.235,6,6,2212693.171,0.0,1.0,1.0,0.064,76803.027942
1800295,IT,WE,PLAST,RESEA,4.64,2212613.455,6,6,2212609.23,0.0,2.0,2.0,0.225,476856.34806
1673055,IT,FR,FOOD5,PLAST,10.63,2212587.298,6,6,2212574.1,0.0,10.0,3.0,0.198,208145.559548
1771913,IT,CH,PAPER,FOOD5,8.57,2212548.167,6,6,2212525.949,0.0,18.0,4.0,0.218,258173.648425
1738046,IT,GB,RUBBE,PAPER,7.33,2210965.363,6,6,2210959.163,0.0,3.0,3.0,0.2,301632.382401
1666766,IT,ES,RUBBE,OFFIC,7.33,2210960.15,6,6,2210953.95,0.0,3.0,3.0,0.2,301631.671214
1773355,IT,CH,MACHI,DIST1,12.33,2210590.817,6,6,2210583.635,0.0,3.0,4.0,0.182,179285.548824
1757836,IT,BR,CHEM1,POULT,4.62,2210414.729,6,6,2210409.488,0.0,2.0,3.0,0.241,478444.746537
1735619,IT,SK,COPP1,FABRI,5.58,2209596.16,6,6,2209586.046,0.0,3.0,7.0,0.114,395984.97491
1682813,IT,HR,HEAVY,STEAM,3.57,2208362.659,6,6,2208359.482,0.0,1.0,2.0,0.177,618588.980112
1789165,IT,WA,PLAST,MEATP,4.63,2207977.397,6,6,2207973.172,0.0,2.0,2.0,0.225,476884.966955
1766660,IT,RU,FABRI,MOTO1,8.99,2207967.858,6,6,2207961.7,0.0,2.0,4.0,0.158,245602.653838
1673462,IT,FR,WEARI,BUSIN,16.64,2207442.893,6,6,2207435.474,0.0,4.0,3.0,0.419,132658.827704
1674516,IT,FR,RUBBE,MEAT1,7.31,2207111.811,6,6,2207105.611,0.0,3.0,3.0,0.2,301930.480301
1765421,IT,RU,TEXTI,WOODW,13.07,2206239.756,6,6,2206235.463,0.0,2.0,2.0,0.293,168801.817598
1811180,IT,WM,NAPHT,FURNI,3.74,2205702.112,6,6,2205696.954,0.0,1.0,4.0,0.158,589759.922995
1788264,IT,WA,LEATH,GASDI,15.79,2204823.466,6,6,2204804.084,0.0,16.0,3.0,0.382,139634.165041
1775946,IT,TR,FOOD5,HOTEL,10.59,2204391.088,6,6,2204377.891,0.0,10.0,3.0,0.197,208157.798678
1778883,IT,TR,SEACO,SANDC,2.24,2203946.844,5,5,2203945.806,0.0,0.0,1.0,0.038,983904.841071
1680308,IT,GR,FURNI,HEALT,7.04,2203890.055,6,6,2203877.866,0.0,6.0,6.0,0.189,313052.564631
1682662,IT,HR,KEROS,POSTT,3.28,2203569.263,6,6,2203566.084,0.0,1.0,2.0,0.179,671819.897256
1777510,IT,TR,BASIC,TRANS,2.54,2203566.626,6,6,2203563.487,0.0,1.0,2.0,0.139,867545.915748
1672967,IT,FR,DAIRY,HEALT,8.95,2203507.903,6,6,2203489.754,0.0,16.0,2.0,0.149,246202.000335
1766823,IT,RU,MACHI,SALEM,12.29,2202264.085,6,6,2202256.904,0.0,3.0,4.0,0.181,179191.544752
1778185,IT,TR,FURNI,TEXTI,7.03,2202182.753,6,6,2202170.564,0.0,6.0,6.0,0.189,313255.014651
1729420,IT,SE,BASIC,RENTI,2.53,2202048.237,6,6,2202045.098,0.0,1.0,2.0,0.139,870374.797233
1795210,IT,WL,GLASS,GLASS,6.04,2201400.291,6,6,2201390.165,0.0,1.0,9.0,0.126,364470.246854
1764209,IT,MX,MACHI,WOODW,12.28,2200232.677,6,6,2200225.496,0.0,3.0,4.0,0.181,179172.042101
1645784,IT,BE,RUBBE,SALEM,7.29,2198867.916,6,6,2198861.717,0.0,3.0,3.0,0.199,301627.972016
1726997,IT,RO,HOTEL,LANDT,15.93,2197923.552,6,6,2197916.386,0.0,4.0,3.0,0.166,137973.857627
1771911,IT,CH,PAPER,DAIRY,8.51,2197416.979,6,6,2197394.762,0.0,18.0,4.0,0.217,258215.861222
1741810,IT,US,PLAST,MOTO1,4.61,2197194.84,6,6,2197190.617,0.0,2.0,2.0,0.223,476614.932755
1764285,IT,MX,MACHI,SUPPO,12.26,2197088.616,6,6,2197081.435,0.0,3.0,4.0,0.181,179207.880587
1783738,IT,NO,FOOD4,WASTE,15.89,2196558.114,6,6,2196549.976,0.0,2.0,6.0,0.138,138235.249465
1675824,IT,FR,ELEC1,WOODW,0.31,2196131.542,4,4,2196131.404,0.0,0.0,0.0,0.138,7084295.296774
1811682,IT,WM,CHEM1,SUPPO,4.59,2195875.57,6,6,2195870.33,0.0,2.0,3.0,0.24,478404.263617
1650345,IT,BG,ELEC2,CEMEN,0.53,2194169.08,4,4,2194168.85,0.0,0.0,0.0,0.23,4139941.660377
1657292,IT,DE,CHEM1,PUBLI,4.58,2193927.452,6,6,2193922.212,0.0,2.0,3.0,0.24,479023.461135
1657429,IT,DE,RUBBE,GLASS,7.27,2193643.38,6,6,2193637.181,0.0,3.0,3.0,0.199,301739.116919
1755560,IT,KR,CHEM1,OFFIC,4.58,2193617.133,6,6,2193611.894,0.0,2.0,3.0,0.239,478955.705895
1743984,IT,US,AIRTR,GASDI,2.39,2192861.128,6,6,2192859.059,0.0,1.0,1.0,0.069,917515.116318
1804994,IT,WF,PLAST,MEAT4,4.6,2192379.108,6,6,2192374.885,0.0,2.0,2.0,0.223,476604.153913
1685324,IT,HU,WEARI,MOTO1,16.52,2191636.854,6,6,2191629.438,0.0,4.0,3.0,0.416,132665.669128
1737984,IT,GB,CHEM1,COMPU,4.58,2190668.815,6,6,2190663.576,0.0,2.0,3.0,0.239,478311.968341
1777657,IT,TR,LEAD1,BASIC,3.81,2189380.648,6,6,2189365.463,0.0,5.0,10.0,0.185,574640.590026
1734400,IT,SK,VEGET,MOTOR,7.75,2188972.875,6,6,2188962.789,0.0,9.0,1.0,0.086,282448.112903
1729292,IT,SE,NONME,MEATP,4.42,2187903.807,6,6,2187898.567,0.0,1.0,4.0,0.24,495000.861312
1674051,IT,FR,GASDI,RETA1,3.26,2187280.506,6,6,2187277.328,0.0,1.0,2.0,0.178,670944.940491
1743225,IT,US,TRANS,RAILW,13.05,2186864.143,6,6,2186858.024,0.0,2.0,4.0,0.119,167575.796398
1731792,IT,SI,PAPER,BASIC,8.47,2186846.821,6,6,2186824.605,0.0,18.0,4.0,0.216,258187.346045
1764886,IT,MX,AIRTR,OFFIC,2.38,2186688.662,6,6,2186686.593,0.0,1.0,1.0,0.069,918776.748739
1742739,IT,US,FABRI,PAPER,8.9,2186610.414,6,6,2186604.257,0.0,2.0,4.0,0.157,245686.563371
1785676,IT,ZA,HEAVY,COMPU,3.53,2186597.212,6,6,2186594.036,0.0,1.0,2.0,0.176,619432.63796
1725053,IT,RO,OILSE,VEGE1,1.58,2185512.146,6,6,2185496.045,0.0,15.0,1.0,0.101,1383235.535443
1645291,IT,BE,KEROS,HEAVY,3.25,2185439.229,6,6,2185436.051,0.0,1.0,2.0,0.178,672442.839692
1814154,IT,WM,AIRTR,RESEA,2.38,2184808.563,6,6,2184806.494,0.0,1.0,1.0,0.069,917986.791176
1654020,IT,CZ,MACHI,ELEC3,12.19,2184357.579,6,6,2184350.4,0.0,3.0,4.0,0.179,179192.582363
1805690,IT,WF,BASIC,STONE,2.51,2183777.72,6,6,2183774.582,0.0,1.0,2.0,0.138,870030.964143
1801386,IT,WE,MACHI,RESEA,12.18,2183611.629,6,6,2183604.45,0.0,3.0,4.0,0.179,179278.458867
1770936,IT,CH,VEGET,DAIRY,7.73,2182540.168,6,6,2182530.082,0.0,9.0,1.0,0.086,282346.722898
1666498,IT,ES,PLAST,FOUND,4.58,2181153.119,6,6,2181148.897,0.0,2.0,2.0,0.222,476234.305459
1646077,IT,BE,BASIC,ALUM1,2.51,2180830.855,6,6,2180827.717,0.0,1.0,2.0,0.138,868856.914343
1771982,IT,CH,PAPER,COMPU,8.45,2179976.839,6,6,2179954.624,0.0,18.0,4.0,0.215,257985.424734
1796240,IT,WL,FURNI,PUBLI,6.96,2179651.512,6,6,2179639.325,0.0,6.0,6.0,0.187,313168.32069
1742985,IT,US,MACHI,INERT,12.16,2179158.599,6,6,2179151.42,0.0,3.0,4.0,0.179,179207.121628
1763767,IT,MX,GLASS,CONST,5.98,2178867.687,6,6,2178857.562,0.0,1.0,9.0,0.125,364359.144983
1810297,IT,WM,LEATH,EDUCA,15.6,2178008.699,6,6,2177990.322,0.0,15.0,3.0,0.377,139615.942244
1749014,IT,CN,LEATH,RUBBE,15.6,2177482.032,6,6,2177463.655,0.0,15.0,3.0,0.377,139582.181538
1653650,IT,CZ,ALUM1,FOUND,3.78,2177242.603,6,6,2177237.429,0.0,2.0,3.0,0.174,575990.106614
1715850,IT,NL,RUBBE,MOTO1,7.21,2175876.916,6,6,2175870.719,0.0,3.0,3.0,0.197,301785.980028
1812269,IT,WM,BASIC,VEGET,2.5,2175802.137,6,6,2175798.999,0.0,1.0,2.0,0.138,870320.8548
1789791,IT,WA,GLASS,REALE,5.97,2175074.266,6,6,2175064.141,0.0,1.0,9.0,0.125,364334.047906
1660064,IT,DE,AIRTR,PLAST,2.37,2173721.041,6,6,2173718.973,0.0,1.0,1.0,0.068,917181.87384
1773233,IT,CH,FABRI,TRAN1,8.84,2173154.351,6,6,2173148.195,0.0,2.0,4.0,0.156,245831.940158
1805731,IT,WF,BASIC,COPP1,2.5,2171445.11,6,6,2171441.973,0.0,1.0,2.0,0.137,868578.044
1720370,IT,PL,MACHI,WHEAT,12.11,2170985.313,6,6,2170978.135,0.0,3.0,4.0,0.178,179272.115029
1755565,IT,KR,CHEM1,TRANS,4.54,2170733.837,6,6,2170728.6,0.0,2.0,3.0,0.237,478135.206388
1738484,IT,GB,COPP1,MOTO1,5.48,2170089.94,6,6,2170079.828,0.0,3.0,7.0,0.112,396001.813869
1710896,IT,LU,KEROS,AIRTR,3.23,2169530.995,6,6,2169527.818,0.0,1.0,2.0,0.177,671681.422601
1761944,IT,IN,FURNI,FURNI,6.92,2168527.493,6,6,2168515.307,0.0,6.0,6.0,0.186,313371.025
1805248,IT,WF,CHEM1,RETA1,4.53,2167703.488,6,6,2167698.251,0.0,2.0,3.0,0.237,478521.74128
1806269,IT,WF,MACHI,TRANS,12.09,2167697.572,6,6,2167690.394,0.0,3.0,4.0,0.178,179296.738792
1656207,IT,DE,TEXTI,FURNI,12.84,2166485.733,6,6,2166481.445,0.0,2.0,2.0,0.288,168729.418458
1742391,IT,US,NONME,TRANS,4.38,2166237.98,6,6,2166232.742,0.0,1.0,4.0,0.238,494574.881279
1667059,IT,ES,NONME,BRICK,4.37,2165182.12,6,6,2165176.882,0.0,1.0,4.0,0.238,495465.016018
1811442,IT,WM,PLAST,PFERT,4.54,2165080.905,6,6,2165076.685,0.0,2.0,2.0,0.22,476890.067181
1676832,IT,FR,LANDT,SALEM,13.96,2163670.286,6,6,2163666.184,0.0,1.0,3.0,0.102,154990.708166
1667895,IT,ES,MOTO1,COPP1,11.51,2162763.875,6,6,2162757.734,0.0,2.0,4.0,0.141,187903.029974
1757888,IT,BR,CHEM1,RUBBE,4.52,2162066.567,6,6,2162061.331,0.0,2.0,3.0,0.236,478333.311283
1682732,IT,HR,GASDI,CONST,3.22,2161809.902,6,6,2161806.726,0.0,1.0,2.0,0.176,671369.534783
1716097,IT,NL,BASIC,FURNI,2.49,2161451.485,6,6,2161448.348,0.0,1.0,2.0,0.137,868052.805221
1720178,IT,PL,COPP1,MACHI,5.46,2160270.92,6,6,2160260.808,0.0,3.0,7.0,0.112,395654.014652
1675054,IT,FR,ALUM1,PLAST,3.75,2159230.904,6,6,2159225.731,0.0,2.0,3.0,0.173,575794.907733
1726030,IT,RO,CHEM1,BUSIN,4.51,2159229.725,6,6,2159224.489,0.0,2.0,3.0,0.236,478764.905765
1757819,IT,BR,PFERT,PFERT,0.95,2158485.203,6,6,2158482.858,0.0,1.0,1.0,0.345,2272089.687368
1665729,IT,ES,PAPER,PLAST,8.36,2157416.675,6,6,2157395.462,0.0,17.0,4.0,0.213,258064.195574
1678657,IT,GR,MEAT1,SEACO,10.08,2156085.334,6,6,2156075.069,0.0,7.0,3.0,0.265,213897.354563
1775210,IT,CH,RESEA,LANDT,11.68,2155226.934,6,6,2155221.783,0.0,2.0,3.0,0.151,184522.853938
1689573,IT,IE,AIRTR,CHEM1,2.35,2154956.153,6,6,2154954.085,0.0,1.0,1.0,0.068,917002.618298
1769821,IT,AU,MACHI,RENTI,12.02,2154301.876,6,6,2154295.699,0.0,3.0,3.0,0.177,179226.445591
1780142,IT,TW,HOTEL,PLAST,15.61,2154266.336,6,6,2154259.174,0.0,4.0,3.0,0.162,138005.530814
1676880,IT,FR,TRAN2,GASDI,3.33,2153832.86,6,6,2153830.801,0.0,1.0,1.0,0.059,646796.654655
1742779,IT,US,FABRI,FURNI,8.76,2152415.496,6,6,2152409.342,0.0,2.0,4.0,0.154,245709.531507
1795830,IT,WL,MACHI,LANDT,12.01,2152110.697,6,6,2152104.52,0.0,3.0,3.0,0.177,179193.230391
1730826,IT,SE,BUSIN,COMPU,22.1,2152056.76,6,6,2152048.611,0.0,4.0,4.0,0.149,97378.133937
1668939,IT,ES,AIRTR,GASDI,2.34,2151734.932,6,6,2151732.864,0.0,1.0,1.0,0.068,919544.842735
1751255,IT,CN,HOTEL,FINAN,15.59,2150928.738,6,6,2150921.576,0.0,4.0,3.0,0.162,137968.488647
1814022,IT,WM,SEACO,CONST,2.19,2150100.611,5,5,2150099.574,0.0,0.0,1.0,0.037,981781.100913
1750303,IT,CN,NONF1,FOUND,0.47,2150005.59,5,5,2150004.578,0.0,0.0,1.0,0.012,4574479.978723
1672553,IT,FR,VEGET,FOOD5,7.61,2149894.656,6,6,2149884.572,0.0,9.0,1.0,0.084,282509.153219
1709790,IT,LT,RUBBE,GASDI,7.12,2148649.492,6,6,2148643.297,0.0,3.0,3.0,0.195,301776.614045
1731719,IT,SI,PULP5,WOODW,6.55,2148103.315,6,6,2148089.113,0.0,10.0,4.0,0.202,327954.70458
1757615,IT,BR,GASDI,LANDT,3.2,2147137.166,6,6,2147133.991,0.0,1.0,2.0,0.175,670980.364375
1738715,IT,GB,MACHI,HOTEL,11.98,2147064.427,6,6,2147058.251,0.0,3.0,3.0,0.176,179220.736811
1744534,IT,US,REALE,OFFIC,90.71,2146946.491,6,6,2146937.35,0.0,3.0,6.0,0.141,23668.244857
1806270,IT,WF,MACHI,FURNI,11.98,2146530.666,6,6,2146524.49,0.0,3.0,3.0,0.176,179176.182471
1773166,IT,CH,NONF1,CONST,0.47,2146405.887,5,5,2146404.875,0.0,0.0,1.0,0.012,4566821.03617
1659396,IT,DE,WHOLE,WEARI,18.55,2146385.728,6,6,2146378.604,0.0,3.0,4.0,0.124,115708.125499
1794947,IT,WL,CHEM1,CHEM1,4.49,2146142.789,6,6,2146137.555,0.0,2.0,3.0,0.234,477982.803786
1666548,IT,ES,CHEM1,SUGA1,4.48,2145692.538,6,6,2145687.304,0.0,2.0,3.0,0.234,478949.227232
1772960,IT,CH,PREC1,SECO9,3.64,2145481.384,6,6,2145473.285,0.0,4.0,4.0,0.099,589417.962637
1812757,IT,WM,NONF1,WHOLE,0.47,2144497.2,5,5,2144496.188,0.0,0.0,1.0,0.012,4562760.0
1742561,IT,US,PREC1,MOTO1,3.64,2144487.487,6,6,2144479.388,0.0,4.0,4.0,0.099,589144.914011
1795466,IT,WL,PREC1,FURNI,3.64,2144310.019,6,6,2144301.92,0.0,4.0,4.0,0.099,589096.159066
1795151,IT,WL,RUBBE,MOTO1,7.1,2144241.366,6,6,2144235.172,0.0,3.0,3.0,0.194,302005.826197
1725988,IT,RO,CHEM1,RUBBE,4.48,2144237.691,6,6,2144232.457,0.0,2.0,3.0,0.234,478624.484598
1784676,IT,ID,MOTO1,MOTO1,11.41,2142830.626,6,6,2142824.487,0.0,2.0,4.0,0.139,187802.859422
1650348,IT,BG,ELEC2,ALUM1,0.52,2142716.328,4,4,2142716.104,0.0,0.0,0.0,0.224,4120608.323077
1648247,IT,BE,BUSIN,RENTI,22.01,2142596.205,6,6,2142588.057,0.0,4.0,4.0,0.148,97346.488187
1750551,IT,CN,MACHI,COMPU,11.95,2142461.083,6,6,2142454.907,0.0,3.0,3.0,0.176,179285.446276
1666335,IT,ES,LIQUE,DIST1,3.75,2141132.268,6,6,2141129.095,0.0,1.0,2.0,0.173,570968.6048
1732782,IT,SI,NONME,DIST1,4.32,2140527.635,6,6,2140522.4,0.0,1.0,4.0,0.235,495492.508102
1641992,IT,AT,RUBBE,OFFIC,7.09,2140362.896,6,6,2140356.702,0.0,3.0,3.0,0.194,301884.752609
1673757,IT,FR,PAPER,HOTEL,8.29,2140314.409,6,6,2140293.198,0.0,17.0,4.0,0.211,258180.266466
1672042,IT,FI,AIRTR,DIST1,2.33,2140274.508,6,6,2140272.441,0.0,1.0,1.0,0.067,918572.750215
1789692,IT,WA,RUBBE,POSTT,7.09,2140072.181,6,6,2140065.987,0.0,3.0,3.0,0.194,301843.749083
1650339,IT,BG,ELEC2,CHEM1,0.52,2139846.666,4,4,2139846.442,0.0,0.0,0.0,0.224,4115089.742308
1655491,IT,DE,CRUDE,BKBPE,4.21,2139503.179,6,6,2139498.995,0.0,1.0,3.0,0.184,508195.529454
1657802,IT,DE,NONME,BASIC,4.32,2138775.13,6,6,2138769.895,0.0,1.0,4.0,0.235,495086.835648
1784576,IT,ID,MACHI,WOODW,11.93,2138137.463,6,6,2138131.287,0.0,3.0,3.0,0.176,179223.592875
1667550,IT,ES,FABRI,WHOLE,8.7,2137233.277,6,6,2137227.124,0.0,2.0,4.0,0.153,245658.997356
1785417,IT,ZA,PAPER,OFFIC,8.27,2135429.709,6,6,2135409.498,0.0,17.0,3.0,0.211,258213.991415
1812486,IT,WM,PREC1,RESEA,3.63,2135425.5,6,6,2135417.402,0.0,4.0,4.0,0.098,588271.487603
1645724,IT,BE,RUBBE,DAIRY,7.08,2135421.232,6,6,2135415.038,0.0,3.0,3.0,0.194,301613.168362
1657289,IT,DE,CHEM1,COMPU,4.46,2135048.845,6,6,2135043.612,0.0,2.0,3.0,0.233,478710.503363
1769786,IT,AU,MACHI,TRANS,11.91,2134765.691,6,6,2134759.516,0.0,3.0,3.0,0.175,179241.451805
1749538,IT,CN,PLAST,BITUM,4.48,2134338.251,6,6,2134334.034,0.0,2.0,2.0,0.217,476414.78817
1682916,IT,HR,NAPHT,DIST1,3.62,2133389.986,6,6,2133384.833,0.0,1.0,4.0,0.153,589334.250276
1686450,IT,HU,BASIC,COMPU,2.46,2133129.339,6,6,2133126.204,0.0,1.0,2.0,0.135,867125.747561
1773761,IT,CH,ELEC2,WOODW,0.51,2133019.965,4,4,2133019.742,0.0,0.0,0.0,0.223,4182392.088235
1789618,IT,WA,RUBBE,MEAT4,7.06,2132102.07,6,6,2132095.877,0.0,3.0,3.0,0.193,301997.46034
1786386,IT,ZA,MACHI,ELECT,11.89,2131188.064,6,6,2131181.889,0.0,3.0,3.0,0.175,179242.057527
1646029,IT,BE,NONME,CONST,4.31,2131067.655,6,6,2131062.421,0.0,1.0,4.0,0.234,494447.25174
1785970,IT,ZA,RUBBE,CONST,7.06,2130985.599,6,6,2130979.406,0.0,3.0,3.0,0.193,301839.319972
1753053,IT,CA,CHEM1,PUBLI,4.45,2129835.363,6,6,2129830.13,0.0,2.0,3.0,0.233,478614.688315
1749880,IT,CN,RUBBE,LANDT,7.05,2129281.335,6,6,2129275.142,0.0,3.0,3.0,0.193,302025.721277
1810575,IT,WM,PAPER,RESEA,8.25,2128942.22,6,6,2128922.01,0.0,17.0,3.0,0.21,258053.602424
1675422,IT,FR,MACHI,HOTEL,11.88,2128884.402,6,6,2128878.227,0.0,3.0,3.0,0.175,179199.023737
1646600,IT,BE,MOTO1,SALEM,11.33,2128455.481,6,6,2128449.343,0.0,2.0,4.0,0.138,187860.148367
1642027,IT,AT,RUBBE,RESEA,7.05,2128422.755,6,6,2128416.562,0.0,3.0,3.0,0.193,301903.936879
1686848,IT,HU,FABRI,LANDT,8.66,2127858.487,6,6,2127852.334,0.0,2.0,4.0,0.153,245711.141686
1739474,IT,GB,LANDT,CEMEN,13.72,2127077.713,6,6,2127073.612,0.0,1.0,3.0,0.101,155034.818732
1777860,IT,TR,FABRI,PUBLI,8.66,2126906.886,6,6,2126900.733,0.0,2.0,4.0,0.153,245601.257044
1675435,IT,FR,MACHI,COMPU,11.87,2126834.17,6,6,2126827.995,0.0,3.0,3.0,0.175,179177.267902
1770276,IT,AU,HOTEL,FABRI,15.41,2126600.838,6,6,2126593.678,0.0,4.0,3.0,0.16,138001.352239
1655802,IT,DE,VEGE1,MEAT4,6.54,2126428.191,6,6,2126410.728,0.0,13.0,4.0,0.463,325141.925229
1805535,IT,WF,CERAM,EDUCA,3.31,2125810.547,6,6,2125798.432,0.0,1.0,11.0,0.115,642238.835952
1667989,IT,ES,TRANS,AIRTR,12.68,2124195.044,6,6,2124188.929,0.0,2.0,4.0,0.115,167523.268454
1790706,IT,WA,FABRI,POSTT,8.64,2123644.742,6,6,2123638.59,0.0,2.0,4.0,0.152,245792.215509
1770921,IT,CH,WHEAT,FOOD5,1.61,2123510.004,6,6,2123493.953,0.0,15.0,1.0,0.051,1318950.313043
1755978,IT,KR,ALUM1,MACHI,3.69,2123314.282,6,6,2123309.112,0.0,2.0,3.0,0.17,575423.924661
1676624,IT,FR,HOTEL,POSTT,15.39,2122896.966,6,6,2122889.806,0.0,4.0,3.0,0.16,137940.023782
1761605,IT,IN,NONF1,DISTR,0.46,2122888.174,5,5,2122887.162,0.0,0.0,1.0,0.012,4614974.291304
1679499,IT,GR,CHEM1,WHOLE,4.44,2122241.406,6,6,2122236.174,0.0,2.0,3.0,0.232,477982.298649
1811159,IT,WM,NAPHT,CHEM1,3.6,2121827.693,6,6,2121822.541,0.0,1.0,4.0,0.152,589396.581389
1741993,IT,US,ADDIT,CRUDE,4.91,2121754.582,6,6,2121734.417,0.0,16.0,4.0,0.165,432129.24277
1777520,IT,TR,BASIC,DIST1,2.44,2121611.276,6,6,2121608.142,0.0,1.0,2.0,0.134,869512.818033
1674630,IT,FR,RUBBE,RECRE,7.03,2121358.068,6,6,2121351.876,0.0,3.0,3.0,0.192,301757.90441
1780191,IT,TW,HOTEL,93197,15.38,2121345.941,6,6,2121338.781,0.0,4.0,3.0,0.16,137928.864824
1804969,IT,WF,PLAST,POULT,4.45,2121204.796,6,6,2121200.58,0.0,2.0,2.0,0.216,476675.235056
1741994,IT,US,ADDIT,NATUR,4.91,2120724.257,6,6,2120704.092,0.0,16.0,4.0,0.165,431919.400611
1743208,IT,US,TRANS,MOTO1,12.65,2120207.699,6,6,2120201.584,0.0,2.0,4.0,0.115,167605.3517
1671349,IT,FI,COPP1,COPP1,5.36,2119752.222,6,6,2119742.112,0.0,3.0,7.0,0.11,395476.160821
1784604,IT,ID,MACHI,FABRI,11.82,2119352.659,6,6,2119346.485,0.0,3.0,3.0,0.174,179302.255415
1798671,IT,WE,VEGE1,FOOD5,6.52,2119062.187,6,6,2119044.726,0.0,13.0,4.0,0.461,325009.537883
1655612,IT,DE,SANDC,DISTR,4.86,2118851.473,6,6,2118385.397,0.0,1.0,465.0,0.076,435977.669342
1777352,IT,TR,GLASS,CONST,5.82,2118658.479,6,6,2118649.358,0.0,1.0,8.0,0.121,364030.666495
1659657,IT,DE,HOTEL,BUSIN,15.35,2118070.056,6,6,2118062.896,0.0,4.0,3.0,0.16,137985.019935
1683664,IT,HR,FABRI,CONST,8.62,2117656.476,6,6,2117650.324,0.0,2.0,4.0,0.152,245667.80464
1660082,IT,DE,AIRTR,FABRI,2.3,2117306.827,6,6,2117304.76,0.0,1.0,1.0,0.067,920568.185652
1716083,IT,NL,BASIC,BASIC,2.44,2116961.567,6,6,2116958.433,0.0,1.0,2.0,0.134,867607.19959
1806394,IT,WF,MOTO1,SALEM,11.26,2116336.94,6,6,2116330.802,0.0,2.0,4.0,0.138,187951.77087
1686094,IT,HU,RUBBE,BASIC,7.01,2116054.762,6,6,2116048.57,0.0,3.0,3.0,0.192,301862.305563
1743296,IT,US,FURNI,RETA1,6.75,2115710.826,6,6,2115699.644,0.0,6.0,5.0,0.182,313438.640889
1723705,IT,PT,MACHI,FABRI,11.8,2114583.913,6,6,2114577.739,0.0,3.0,3.0,0.174,179202.026525
1741067,IT,US,TEXTI,FURNI,12.53,2114265.163,6,6,2114260.882,0.0,2.0,2.0,0.281,168736.246049
1765363,IT,RU,BEVER,WOODW,8.99,2114183.452,6,6,2114175.316,0.0,6.0,2.0,0.136,235170.573081
1642437,IT,AT,ALUM1,BASIC,3.67,2114132.752,6,6,2114127.583,0.0,2.0,3.0,0.169,576057.970572
1645570,IT,BE,CHEM1,MEATC,4.42,2113798.01,6,6,2113792.779,0.0,2.0,3.0,0.231,478234.843891
1780394,IT,TW,AIRTR,BUSIN,2.3,2113487.325,6,6,2113485.258,0.0,1.0,1.0,0.067,918907.532609
1658891,IT,DE,TRANS,PUBLI,12.59,2110262.307,6,6,2110256.192,0.0,2.0,4.0,0.115,167614.162589
1803595,IT,WF,FOOD5,PIGS9,10.14,2110093.335,6,6,2110080.146,0.0,10.0,3.0,0.189,208095.989645
1746245,IT,JP,CHEM1,RUBBE,4.41,2108871.404,6,6,2108866.174,0.0,2.0,3.0,0.23,478202.132426
1748961,IT,CN,WEARI,PUBLI,15.89,2108238.188,6,6,2108230.787,0.0,4.0,3.0,0.401,132677.04141
1656979,IT,DE,LIQUE,LANDT,3.69,2108213.243,6,6,2108210.073,0.0,1.0,2.0,0.17,571331.502168
1749774,IT,CN,ADDIT,NONF1,4.88,2107933.044,6,6,2107912.88,0.0,16.0,4.0,0.164,431953.492623
1738081,IT,GB,RUBBE,SALEM,6.98,2106557.531,6,6,2106551.34,0.0,3.0,3.0,0.191,301799.073209
1676853,IT,FR,LANDT,PUBLI,13.59,2106501.522,6,6,2106497.422,0.0,1.0,3.0,0.1,155003.79117
1788194,IT,WA,WEARI,PUBLI,15.87,2105670.86,6,6,2105663.46,0.0,4.0,3.0,0.4,132682.47385
1673855,IT,FR,PRINT,AUXIL,20.2,2105125.948,6,6,2105118.788,0.0,4.0,3.0,0.16,104214.155842
1673202,IT,FR,BEVER,HEALT,8.95,2104175.127,6,6,2104166.992,0.0,6.0,2.0,0.135,235103.366145
1745750,IT,JP,WEARI,MACHI,15.85,2103569.011,6,6,2103561.611,0.0,4.0,3.0,0.4,132717.28776
1673775,IT,FR,PAPER,EDUCA,8.15,2103550.512,6,6,2103530.305,0.0,17.0,3.0,0.207,258104.357301
1681981,IT,HR,FOOD5,HOTEL,10.1,2102689.293,6,6,2102676.105,0.0,10.0,3.0,0.188,208187.058713
1790745,IT,WA,MACHI,BITUM,11.73,2101991.588,6,6,2101985.415,0.0,3.0,3.0,0.173,179197.918841
1643438,IT,AT,LANDT,CEMEN,13.56,2101717.338,6,6,2101713.239,0.0,1.0,3.0,0.099,154993.903982
1790581,IT,WA,NONF1,WHOLE,0.46,2100723.947,5,5,2100722.935,0.0,0.0,1.0,0.012,4566791.18913
1796941,IT,WL,AIRTR,FISH5,2.29,2099979.966,6,6,2099977.9,0.0,1.0,1.0,0.066,917021.819214
1666571,IT,ES,CHEM1,LUBRI,4.39,2099866.868,6,6,2099861.639,0.0,2.0,3.0,0.229,478329.582688
1658074,IT,DE,PREC1,RENTI,3.57,2099846.208,6,6,2099838.111,0.0,4.0,4.0,0.097,588192.215126
1812389,IT,WM,BASIC,HEALT,2.42,2099493.141,6,6,2099490.008,0.0,1.0,2.0,0.133,867559.149174
1667819,IT,ES,OFFIC,DIST1,6.5,2099117.374,6,6,2099112.223,0.0,2.0,3.0,0.151,322941.134462
1685129,IT,HU,FOOD5,HOTEL,10.08,2099076.693,6,6,2099063.505,0.0,10.0,3.0,0.188,208241.735417
1723070,IT,PT,CHEM1,WOODW,4.39,2099014.007,6,6,2099008.778,0.0,2.0,3.0,0.229,478135.309112
1652034,IT,CZ,VEGET,REALE,7.43,2098921.452,6,6,2098911.37,0.0,9.0,1.0,0.082,282492.793001
1792116,IT,WA,AIRTR,RESEA,2.28,2096973.844,6,6,2096971.778,0.0,1.0,1.0,0.066,919725.370175
1726168,IT,RO,GLASS,MACHI,5.75,2096018.401,6,6,2096009.281,0.0,1.0,8.0,0.12,364524.939304
1751378,IT,CN,SEACO,RUBBE,2.13,2095782.08,5,5,2095781.044,0.0,0.0,1.0,0.036,983935.248826
1805152,IT,WF,CHEM1,PADDY,4.38,2093948.997,6,6,2093943.768,0.0,2.0,3.0,0.229,478070.54726
1759306,IT,BR,POSTT,POSTT,34.47,2093199.592,6,6,2093194.432,0.0,2.0,3.0,0.16,60725.256513
1675912,IT,FR,ELEC2,LANDT,0.5,2093144.329,4,4,2093144.11,0.0,0.0,0.0,0.219,4186288.658
1788260,IT,WA,LEATH,MOTOR,14.99,2093074.043,6,6,2093055.681,0.0,15.0,3.0,0.362,139631.357105
1658182,IT,DE,ALUM1,RENTI,3.63,2091682.498,6,6,2091677.33,0.0,2.0,3.0,0.168,576221.073829
1799969,IT,WE,HEAVY,KEROS,3.38,2090566.943,6,6,2090563.775,0.0,1.0,2.0,0.168,618510.929882
1647886,IT,BE,REALE,HEAVY,88.32,2090345.722,6,6,2090337.585,0.0,3.0,5.0,0.137,23667.8637
1666699,IT,ES,RUBBE,VEGET,6.92,2090079.183,6,6,2090072.993,0.0,3.0,3.0,0.19,302034.564017
1679832,IT,GR,ALUM1,BASIC,3.63,2089951.613,6,6,2089946.446,0.0,2.0,3.0,0.167,575744.246006
1794892,IT,WL,CHEM1,POULT,4.37,2089105.321,6,6,2089100.093,0.0,2.0,3.0,0.228,478056.137529
1720458,IT,PL,MACHI,FURNI,11.65,2088808.683,6,6,2088802.511,0.0,3.0,3.0,0.172,179296.882661
1655270,IT,DE,WHEAT,FOOD5,1.58,2087784.867,6,6,2087768.817,0.0,15.0,1.0,0.05,1321382.827215
1795735,IT,WL,MACHI,NATUR,11.65,2087652.641,6,6,2087646.469,0.0,3.0,3.0,0.172,179197.651588
1811645,IT,WM,CHEM1,ALUM1,4.36,2087472.592,6,6,2087467.364,0.0,2.0,3.0,0.228,478778.117431
1712076,IT,LV,BEVER,OFFIC,8.88,2087441.455,6,6,2087433.321,0.0,6.0,2.0,0.134,235072.235923
1743279,IT,US,FURNI,MACHI,6.66,2087295.859,6,6,2087284.68,0.0,6.0,5.0,0.179,313407.786637
1674363,IT,FR,CHEM1,NONME,4.36,2087151.106,6,6,2087145.878,0.0,2.0,3.0,0.228,478704.38211
1649536,IT,BG,RUBBE,RUBBE,6.91,2086994.15,6,6,2086987.961,0.0,3.0,3.0,0.189,302025.202605
1764240,IT,MX,MACHI,CEMEN,11.64,2086398.649,6,6,2086392.478,0.0,3.0,3.0,0.171,179243.870189
1653773,IT,CZ,COPP1,CONST,5.27,2086157.341,6,6,2086147.233,0.0,3.0,7.0,0.108,395855.282922
1686555,IT,HU,ALUM1,RUBBE,3.62,2085934.17,6,6,2085929.003,0.0,2.0,3.0,0.167,576224.90884
1776909,IT,TR,PLAST,CHEM1,4.38,2085808.396,6,6,2085804.184,0.0,2.0,2.0,0.212,476211.962557
1774359,IT,CH,HOTEL,SALEM,15.12,2085632.43,6,6,2085625.273,0.0,4.0,3.0,0.157,137938.652778
1769980,IT,AU,TRANS,AIRTR,12.44,2085132.964,6,6,2085127.851,0.0,2.0,3.0,0.113,167615.190032
1752233,IT,CA,VEGET,FOOD5,7.38,2084048.048,6,6,2084037.966,0.0,9.0,1.0,0.082,282391.334417
1772386,IT,CH,CHEM1,PRINT,4.36,2084014.754,6,6,2084009.526,0.0,2.0,3.0,0.228,477985.035321
1751366,IT,CN,SEACO,MEATP,2.12,2083154.986,5,5,2083153.95,0.0,0.0,1.0,0.036,982620.276415
1753469,IT,CA,FABRI,MOTO1,8.48,2082955.018,6,6,2082948.869,0.0,2.0,4.0,0.149,245631.487972
1749589,IT,CN,PFERT,OILSE,0.92,2082357.097,6,6,2082354.764,0.0,1.0,1.0,0.333,2263431.627174
1761378,IT,IN,CEMEN,CONST,3.33,2081451.478,6,6,2081437.384,0.0,1.0,13.0,0.094,625060.503904
1649417,IT,BG,CHEM1,CHEM1,4.35,2080971.536,6,6,2080966.309,0.0,2.0,3.0,0.227,478384.261149
1773260,IT,CH,FABRI,PUBLI,8.47,2080328.883,6,6,2080322.734,0.0,2.0,4.0,0.149,245611.438371
1670570,IT,FI,TEXTI,DIST1,12.33,2080213.627,6,6,2080209.351,0.0,2.0,2.0,0.276,168711.567478
1642457,IT,AT,ALUM1,CONST,3.61,2080125.931,6,6,2080120.764,0.0,2.0,3.0,0.167,576212.169252
1774565,IT,CH,SEACO,WOODW,2.12,2079729.259,5,5,2079728.223,0.0,0.0,1.0,0.036,981004.367453
1766022,IT,RU,CHEM1,FURNI,4.34,2078843.629,6,6,2078838.402,0.0,2.0,3.0,0.227,478996.22788
1789379,IT,WA,CHEM1,GLASS,4.34,2078832.789,6,6,2078827.562,0.0,2.0,3.0,0.227,478993.730184
1749259,IT,CN,PAPER,MACHI,8.05,2077671.839,6,6,2077651.634,0.0,17.0,3.0,0.205,258095.880621
1763537,IT,MX,CHEM1,WOODW,4.34,2077350.142,6,6,2077344.915,0.0,2.0,3.0,0.227,478652.106452
1733119,IT,SI,FABRI,BASIC,8.45,2077036.256,6,6,2077030.107,0.0,2.0,4.0,0.149,245803.107219
1673628,IT,FR,WOODW,AIRTR,5.81,2076988.55,6,6,2076972.41,0.0,13.0,3.0,0.14,357485.120482
1812975,IT,WM,MACHI,CEMEN,11.59,2076865.082,6,6,2076858.911,0.0,3.0,3.0,0.171,179194.571355
1725516,IT,RO,LEATH,WOODW,14.87,2076568.092,6,6,2076549.733,0.0,15.0,3.0,0.359,139648.156826
1801118,IT,WE,NONF1,FABRI,0.45,2076326.029,5,5,2076325.017,0.0,0.0,1.0,0.012,4614057.842222
1645770,IT,BE,RUBBE,OFFIC,6.88,2075059.019,6,6,2075052.831,0.0,3.0,3.0,0.188,301607.415552
1737915,IT,GB,CHEM1,TEXTI,4.33,2074258.984,6,6,2074253.758,0.0,2.0,3.0,0.226,479043.645266
1757469,IT,BR,PAPER,FOUND,8.04,2074137.064,6,6,2074116.859,0.0,17.0,3.0,0.205,257977.246766
1760465,IT,IN,TEXTI,TEXTI,12.29,2073444.767,6,6,2073440.492,0.0,2.0,2.0,0.275,168709.907811
1657545,IT,DE,GLASS,PULP5,5.69,2073354.034,6,6,2073344.915,0.0,1.0,8.0,0.119,364385.594728
1789968,IT,WA,NONME,CRUDE,4.19,2073329.86,6,6,2073324.632,0.0,1.0,4.0,0.228,494828.128878
1666555,IT,ES,CHEM1,WOODW,4.33,2072934.949,6,6,2072929.723,0.0,2.0,3.0,0.226,478737.86351
1768578,IT,AU,BEVER,BEVER,8.81,2071504.783,6,6,2071496.65,0.0,6.0,2.0,0.133,235131.07639
1731413,IT,SI,FOOD5,MOTO1,9.95,2071228.725,6,6,2071215.54,0.0,10.0,3.0,0.185,208163.690955
1645727,IT,BE,RUBBE,FOOD5,6.86,2069993.049,6,6,2069986.861,0.0,3.0,3.0,0.188,301748.257872
1801149,IT,WE,FABRI,BITUM,8.42,2069219.672,6,6,2069213.524,0.0,2.0,4.0,0.148,245750.554869
1790197,IT,WA,PREC1,MEAT4,3.51,2068937.47,6,6,2068929.375,0.0,4.0,4.0,0.095,589440.874644
1646466,IT,BE,MACHI,CHEM1,11.54,2068270.421,6,6,2068264.251,0.0,3.0,3.0,0.17,179226.206326
1744796,IT,US,RESEA,MOTO1,11.21,2067704.737,6,6,2067699.592,0.0,2.0,3.0,0.145,184451.805263
1754947,IT,KR,TEXTI,RUBBE,12.25,2067123.604,6,6,2067119.33,0.0,2.0,2.0,0.274,168744.784
1742596,IT,US,ALUM1,MACHI,3.59,2066966.718,6,6,2066961.552,0.0,2.0,3.0,0.166,575756.745961
1750080,IT,CN,BASIC,FOUND,2.38,2066300.269,6,6,2066297.138,0.0,1.0,2.0,0.131,868193.390336
1811321,IT,WM,BITU1,TRAN1,3.26,2066284.148,6,6,2066280.983,0.0,1.0,2.0,0.165,633829.493252
1742259,IT,US,CERAM,RESEA,3.22,2065182.948,6,6,2065170.836,0.0,1.0,11.0,0.112,641361.163975
1757538,IT,BR,COKEO,CONST,0.26,2065169.441,4,4,2065169.43,0.0,0.0,0.0,0.011,7942959.388462
1686641,IT,HU,LEAD1,CONST,3.59,2065054.179,6,6,2065040.005,0.0,5.0,9.0,0.174,575224.005292
1800889,IT,WE,PREC1,WEARI,3.51,2064549.653,6,6,2064541.558,0.0,4.0,4.0,0.095,588190.78433
1773737,IT,CH,ELEC1,DISTR,0.3,2064515.301,4,4,2064515.171,0.0,0.0,0.0,0.13,6881717.67
1676855,IT,FR,LANDT,HEALT,13.32,2064364.053,6,6,2064359.955,0.0,1.0,3.0,0.098,154982.286261
1764456,IT,MX,FURNI,FURNI,6.59,2064241.903,6,6,2064230.726,0.0,6.0,5.0,0.177,313238.528528
1764126,IT,MX,FABRI,FURNI,8.4,2063647.145,6,6,2063640.997,0.0,2.0,4.0,0.148,245672.279167
1792026,IT,WA,AIRTR,MEATA,2.25,2063415.905,6,6,2063413.84,0.0,1.0,1.0,0.065,917073.735556
1795755,IT,WL,MACHI,BEVER,11.5,2061005.316,6,6,2060999.147,0.0,3.0,3.0,0.169,179217.853565
1665645,IT,ES,WOODW,CONST,5.77,2060656.144,6,6,2060640.005,0.0,13.0,3.0,0.139,357132.780589
1738823,IT,GB,MOTO1,MACHI,10.97,2060193.682,6,6,2060188.548,0.0,2.0,3.0,0.134,187802.523428
1726386,IT,RO,NONF1,LEAD1,0.45,2059457.695,5,5,2059456.683,0.0,0.0,1.0,0.012,4576572.655556
1738663,IT,GB,MACHI,WOODW,11.49,2059134.753,6,6,2059128.584,0.0,3.0,3.0,0.169,179211.031593
1690311,IT,IE,FOOD2,DAIRY,11.97,2058217.824,6,6,2058211.69,0.0,2.0,4.0,0.134,171948.022055
1682738,IT,HR,GASDI,LANDT,3.06,2057982.552,6,6,2057979.384,0.0,1.0,2.0,0.168,672543.317647
1746836,IT,JP,MACHI,CONST,11.48,2057896.859,6,6,2057890.69,0.0,3.0,3.0,0.169,179259.308275
1811869,IT,WM,RUBBE,GASDI,6.82,2057641.32,6,6,2057635.133,0.0,3.0,3.0,0.187,301706.938416
1800000,IT,WE,HEAVY,FABRI,3.32,2056691.469,6,6,2056688.304,0.0,1.0,2.0,0.165,619485.382229
1674148,IT,FR,HEAVY,FURNI,3.32,2056572.955,6,6,2056569.79,0.0,1.0,2.0,0.165,619449.685241
1749545,IT,CN,PLAST,PAPER,4.32,2056561.809,6,6,2056557.6,0.0,2.0,2.0,0.209,476055.974306
1656309,IT,DE,LEATH,FURNI,14.73,2056027.465,6,6,2056009.109,0.0,15.0,3.0,0.356,139580.954854
1741138,IT,US,WEARI,PUBLI,15.49,2055254.771,6,6,2055247.38,0.0,4.0,3.0,0.391,132682.683731
1679620,IT,GR,GLASS,CHEMI,5.64,2054558.401,6,6,2054549.283,0.0,1.0,8.0,0.118,364283.404433
1677807,IT,FR,COMPU,COMPU,23.46,2054525.553,6,6,2054518.424,0.0,3.0,4.0,0.129,87575.684271
1774240,IT,CH,RETA1,WHOLE,21.45,2054220.04,6,6,2054212.906,0.0,4.0,3.0,0.134,95767.834033
1655312,IT,DE,VEGET,MEATP,7.27,2054040.257,6,6,2054031.176,0.0,8.0,1.0,0.081,282536.48652
1679751,IT,GR,BASIC,ELECT,2.36,2053706.287,6,6,2053703.157,0.0,1.0,2.0,0.13,870214.52839
1811423,IT,WM,PLAST,PAPER,4.31,2053689.438,6,6,2053685.229,0.0,2.0,2.0,0.209,476494.069142
1739502,IT,GB,LANDT,CONST,13.25,2053361.738,6,6,2053357.641,0.0,1.0,3.0,0.097,154970.697208
1785542,IT,ZA,KEROS,NONF1,3.05,2052541.683,6,6,2052538.516,0.0,1.0,2.0,0.167,672964.48623
1795171,IT,WL,RUBBE,POSTT,6.8,2052325.155,6,6,2052318.969,0.0,3.0,3.0,0.186,301812.522794
1776458,IT,TR,MOTOR,GASDI,3.07,2051845.826,6,6,2051842.659,0.0,1.0,2.0,0.167,668353.689251
1812901,IT,WM,FABRI,93197,8.35,2051623.81,6,6,2051617.663,0.0,2.0,4.0,0.147,245703.450299
1810190,IT,WM,WEARI,PUBLI,15.46,2051592.693,6,6,2051585.303,0.0,4.0,3.0,0.39,132703.278978
1785842,IT,ZA,CHEM1,CONST,4.29,2051542.063,6,6,2051536.839,0.0,2.0,3.0,0.224,478214.9331
1668070,IT,ES,FURNI,BUSIN,6.55,2051134.27,6,6,2051123.094,0.0,6.0,5.0,0.176,313150.270229
1777855,IT,TR,FABRI,REALE,8.35,2050971.76,6,6,2050965.613,0.0,2.0,4.0,0.147,245625.360479
1804445,IT,WF,GASDI,CROPS,3.05,2050874.402,6,6,2050871.235,0.0,1.0,2.0,0.167,672417.836721
1805057,IT,WF,PLAST,WHOLE,4.3,2050824.791,6,6,2050820.582,0.0,2.0,2.0,0.209,476935.997907
1657406,IT,DE,RUBBE,PULP5,6.79,2050566.908,6,6,2050560.722,0.0,3.0,3.0,0.186,301998.07187
1723517,IT,PT,COPP1,FABRI,5.18,2050097.045,6,6,2050086.939,0.0,3.0,7.0,0.106,395771.630309
1742109,IT,US,RUBBE,FURNI,6.79,2049671.065,6,6,2049664.879,0.0,3.0,3.0,0.186,301866.13623
1714514,IT,NL,CRUDE,KEROS,4.04,2049396.068,6,6,2049392.892,0.0,1.0,2.0,0.176,507276.254455
1716316,IT,NL,FABRI,MACHI,8.34,2049273.281,6,6,2049267.134,0.0,2.0,4.0,0.147,245716.220743
1648245,IT,BE,BUSIN,AUXIL,21.05,2049113.184,6,6,2049105.043,0.0,4.0,4.0,0.141,97345.044371
1655961,IT,DE,FOOD5,DAIRY,9.84,2049105.437,6,6,2049093.254,0.0,10.0,2.0,0.183,208242.422459
1666887,IT,ES,GLASS,OFFIC,5.62,2048327.272,6,6,2048318.155,0.0,1.0,8.0,0.117,364471.04484
1657156,IT,DE,PLAST,RESEA,4.3,2048288.156,6,6,2048283.948,0.0,2.0,2.0,0.208,476346.082791
1717120,IT,NL,SEACO,LANDT,2.08,2048194.323,5,5,2048193.288,0.0,0.0,1.0,0.035,984708.809135
1751245,IT,CN,HOTEL,RETA1,14.84,2047911.538,6,6,2047904.384,0.0,4.0,3.0,0.154,137999.429784
1666886,IT,ES,GLASS,MACHI,5.62,2046590.546,6,6,2046581.429,0.0,1.0,8.0,0.117,364162.018861
1728318,IT,SE,BEVER,HEALT,8.7,2045973.443,6,6,2045965.312,0.0,6.0,2.0,0.131,235169.361264
1728155,IT,SE,DAIRY,HOTEL,8.31,2045438.846,6,6,2045421.708,0.0,15.0,2.0,0.138,246141.858724
1790733,IT,WA,MACHI,CROPS,11.41,2045157.701,6,6,2045151.533,0.0,3.0,3.0,0.168,179242.568011
1812257,IT,WM,NONME,PUBLI,4.13,2044892.142,6,6,2044886.918,0.0,1.0,4.0,0.224,495131.269249
1807126,IT,WF,AIRTR,CRUDE,2.23,2044512.989,6,6,2044510.925,0.0,1.0,1.0,0.064,916821.968161
1741003,IT,US,BEVER,EDUCA,8.69,2043460.0,6,6,2043451.869,0.0,6.0,2.0,0.131,235150.747986
1677937,IT,FR,BUSIN,COMPU,20.98,2043139.953,6,6,2043131.812,0.0,4.0,4.0,0.141,97385.126454
1801127,IT,WE,NONF1,REALE,0.45,2042803.466,5,5,2042802.455,0.0,0.0,1.0,0.011,4539563.257778
1750072,IT,CN,BASIC,CEMEN,2.35,2042525.953,6,6,2042522.824,0.0,1.0,2.0,0.129,869159.98
1760316,IT,IN,STONE,NONME,6.61,2042039.213,6,6,2041924.12,0.0,1.0,114.0,0.093,308931.802269
1743972,IT,US,AIRTR,FOOD5,2.22,2041697.935,6,6,2041695.871,0.0,1.0,1.0,0.064,919683.754505
1772636,IT,CH,GLASS,OFFIC,5.6,2041664.698,6,6,2041655.581,0.0,1.0,8.0,0.117,364582.981786
1743867,IT,US,SEACO,PAPER,2.08,2041286.55,5,5,2041285.515,0.0,0.0,1.0,0.035,981387.764423
1759750,IT,BR,BUSIN,PFERT,20.95,2040007.535,6,6,2039999.394,0.0,4.0,4.0,0.141,97375.061337
1804603,IT,WF,HEAVY,GASDI,3.3,2039980.71,6,6,2039977.546,0.0,1.0,2.0,0.164,618175.972727
1810279,IT,WM,LEATH,RETA1,14.61,2039209.017,6,6,2039191.664,0.0,14.0,3.0,0.353,139576.250308
1773555,IT,CH,MOTO1,WHOLE,10.85,2037950.234,6,6,2037945.101,0.0,2.0,3.0,0.133,187829.514654
1735811,IT,SK,MACHI,OFFIC,11.37,2037604.338,6,6,2037598.171,0.0,3.0,3.0,0.167,179208.824802
1720333,IT,PL,FABRI,WHOLE,8.29,2037136.856,6,6,2037130.71,0.0,2.0,4.0,0.146,245734.240772
1766036,IT,RU,CHEM1,WHOLE,4.26,2036993.311,6,6,2036988.089,0.0,2.0,3.0,0.222,478167.443897
1744276,IT,US,POSTT,PUBLI,33.54,2036640.861,6,6,2036635.706,0.0,2.0,3.0,0.155,60722.744812
1777478,IT,TR,BASIC,WOODW,2.34,2036322.389,6,6,2036319.26,0.0,1.0,2.0,0.129,870223.243162
1658834,IT,DE,MOTO1,RETAI,10.83,2035652.624,6,6,2035647.492,0.0,2.0,3.0,0.132,187964.23121
1764252,IT,MX,MACHI,ELECT,11.36,2035529.968,6,6,2035523.801,0.0,3.0,3.0,0.167,179183.976056
1814025,IT,WM,SEACO,WHOLE,2.07,2035319.395,5,5,2035318.36,0.0,0.0,1.0,0.035,983246.084541
1813083,IT,WM,OFFIC,EDUCA,6.31,2035302.566,6,6,2035297.419,0.0,2.0,3.0,0.147,322551.912203
1809048,IT,WM,VEGET,REALE,7.2,2034911.374,6,6,2034902.294,0.0,8.0,1.0,0.08,282626.579722
1752778,IT,CA,WOODW,CONST,5.69,2034644.944,6,6,2034628.807,0.0,13.0,3.0,0.137,357582.591213
1785601,IT,ZA,GASDI,WHOLE,3.03,2034303.469,6,6,2034300.303,0.0,1.0,2.0,0.166,671387.283498
1805162,IT,WF,CHEM1,POULT,4.25,2034111.697,6,6,2034106.475,0.0,2.0,3.0,0.222,478614.516941
1655957,IT,DE,FOOD5,MEATP,9.77,2033742.613,6,6,2033731.431,0.0,9.0,2.0,0.182,208161.987001
1660196,IT,DE,SUPPO,SEACO,14.61,2032941.735,6,6,2032936.635,0.0,2.0,3.0,0.1,139147.278234
1740316,IT,GB,PUBLI,OFFIC,33.29,2032170.827,6,6,2032165.684,0.0,2.0,3.0,0.143,61044.482637
1688504,IT,IE,WOODW,MEATC,5.69,2032106.326,6,6,2032090.189,0.0,13.0,3.0,0.137,357136.436907
1677940,IT,FR,BUSIN,PUBLI,20.87,2032027.418,6,6,2032019.278,0.0,4.0,4.0,0.14,97365.951989
1732936,IT,SI,ALUM1,RUBBE,3.53,2031664.538,6,6,2031659.375,0.0,2.0,3.0,0.163,575542.36204
1814138,IT,WM,AIRTR,RETA1,2.21,2031569.467,6,6,2031567.403,0.0,1.0,1.0,0.064,919262.202262
1801250,IT,WE,FABRI,REALE,8.27,2031175.796,6,6,2031169.65,0.0,2.0,4.0,0.146,245607.714148
1712593,IT,LV,MACHI,BUSIN,11.33,2030873.919,6,6,2030867.752,0.0,3.0,3.0,0.167,179247.477405
1660200,IT,DE,SUPPO,POSTT,14.6,2030829.976,6,6,2030824.876,0.0,2.0,3.0,0.1,139097.943562
1805766,IT,WF,BASIC,PUBLI,2.34,2030645.034,6,6,2030641.906,0.0,1.0,2.0,0.128,867797.023077
1660090,IT,DE,AIRTR,FURNI,2.21,2029622.052,6,6,2029619.988,0.0,1.0,1.0,0.064,918381.019005
1729848,IT,SE,MOTO1,MACHI,10.8,2029464.677,6,6,2029459.545,0.0,2.0,3.0,0.132,187913.396019
1799795,IT,WE,GASDI,WHEAT,3.02,2029006.521,6,6,2029003.356,0.0,1.0,2.0,0.165,671856.463907
1756167,IT,KR,MACHI,PAPER,11.32,2028365.14,6,6,2028358.973,0.0,3.0,3.0,0.167,179184.199647
1800843,IT,WE,BASIC,TRANS,2.33,2028089.394,6,6,2028086.266,0.0,1.0,2.0,0.128,870424.632618
1814151,IT,WM,AIRTR,REALE,2.21,2027938.822,6,6,2027936.758,0.0,1.0,1.0,0.064,917619.376471
1742480,IT,US,BASIC,CEMEN,2.33,2027706.342,6,6,2027703.214,0.0,1.0,2.0,0.128,870260.232618
1751244,IT,CN,HOTEL,WHOLE,14.69,2027238.896,6,6,2027231.743,0.0,4.0,3.0,0.153,138001.286317
1805396,IT,WF,RUBBE,SALEM,6.72,2026760.279,6,6,2026754.095,0.0,3.0,3.0,0.184,301601.231994
1810110,IT,WM,TEXTI,HEALT,12.01,2026661.414,6,6,2026657.145,0.0,2.0,2.0,0.269,168747.827977
1758912,IT,BR,HOTEL,PUBLI,14.69,2026315.377,6,6,2026308.224,0.0,4.0,3.0,0.153,137938.419129
1804624,IT,WF,HEAVY,ALUM1,3.27,2026178.116,6,6,2026174.953,0.0,1.0,2.0,0.163,619626.335168
1787979,IT,WA,TEXTI,FISHF,12.0,2025901.53,6,6,2025897.261,0.0,2.0,2.0,0.269,168825.1275
1758528,IT,BR,MACHI,RETA1,11.3,2024850.917,6,6,2024844.751,0.0,3.0,3.0,0.166,179190.346637
1719816,IT,PL,BASIC,COPP1,2.33,2024448.536,6,6,2024445.408,0.0,1.0,2.0,0.128,868862.032618
1646556,IT,BE,OFFIC,OFFIC,6.27,2024215.263,6,6,2024210.117,0.0,2.0,3.0,0.146,322841.349761
1804064,IT,WF,WOODW,REALE,5.66,2023609.515,6,6,2023593.378,0.0,13.0,3.0,0.137,357528.182862
1763151,IT,MX,LEATH,LEATH,14.49,2023605.025,6,6,2023587.675,0.0,14.0,3.0,0.35,139655.281228
1804054,IT,WF,WOODW,FURNI,5.66,2023536.713,6,6,2023520.576,0.0,13.0,3.0,0.137,357515.320318
1665520,IT,ES,WEARI,BUSIN,15.25,2023476.362,6,6,2023468.978,0.0,4.0,3.0,0.384,132686.974557
1667597,IT,ES,MACHI,PIGS9,11.29,2022925.154,6,6,2022918.988,0.0,3.0,3.0,0.166,179178.490168
1774892,IT,CH,INSUR,DAIRY,41.69,2022791.235,6,6,2022786.141,0.0,3.0,2.0,0.094,48519.818542
1790188,IT,WA,PREC1,NICKE,3.44,2022417.074,6,6,2022408.981,0.0,4.0,4.0,0.093,587911.940116
1720438,IT,PL,MACHI,RUBBE,11.27,2019962.817,6,6,2019956.651,0.0,3.0,3.0,0.166,179233.612866
1814163,IT,WM,AIRTR,RECRE,2.2,2019773.355,6,6,2019771.291,0.0,1.0,1.0,0.064,918078.797727
1642153,IT,AT,CERAM,OFFIC,3.15,2018911.971,6,6,2018900.862,0.0,1.0,10.0,0.109,640924.435238
1799693,IT,WE,MOTOR,SALEM,3.02,2018843.268,6,6,2018840.104,0.0,1.0,2.0,0.164,668491.148344
1803028,IT,WF,WHEAT,93197,1.53,2018692.696,5,5,2018677.647,0.0,15.0,0.0,0.049,1319406.99085
1772373,IT,CH,CHEM1,DAIRY,4.22,2018681.795,6,6,2018676.575,0.0,2.0,3.0,0.22,478360.614929
1814149,IT,WM,AIRTR,INSUR,2.2,2018544.979,6,6,2018542.915,0.0,1.0,1.0,0.064,917520.445
1668057,IT,ES,FURNI,HOTEL,6.44,2018435.871,6,6,2018424.697,0.0,6.0,5.0,0.174,313421.719099
1785859,IT,ZA,CHEM1,PUBLI,4.22,2018115.948,6,6,2018110.728,0.0,2.0,3.0,0.22,478226.527962
1719169,IT,PL,PLAST,FURNI,4.23,2017344.94,6,6,2017340.735,0.0,2.0,2.0,0.205,476913.6974
1801678,IT,WE,FURNI,CONST,6.44,2017304.174,6,6,2017293.001,0.0,6.0,5.0,0.173,313245.989752
1772380,IT,CH,CHEM1,TEXTI,4.22,2016923.073,6,6,2016917.853,0.0,2.0,3.0,0.22,477943.856161
1734877,IT,SK,PAPER,DIST1,7.81,2016733.962,6,6,2016714.763,0.0,16.0,3.0,0.199,258224.579001
1716079,IT,NL,BASIC,RUBBE,2.32,2016692.352,6,6,2016689.224,0.0,1.0,2.0,0.128,869263.944828
1742979,IT,US,MACHI,PAPE3,11.25,2016465.735,6,6,2016459.569,0.0,3.0,3.0,0.166,179241.398667
1729654,IT,SE,FABRI,MACHI,8.21,2016388.832,6,6,2016382.687,0.0,2.0,4.0,0.145,245601.562972
1761511,IT,IN,ALUM1,FABRI,3.5,2016312.435,6,6,2016307.273,0.0,2.0,3.0,0.162,576089.267143
1713571,IT,MT,CEMEN,WHOLE,3.23,2015395.456,6,6,2015382.365,0.0,1.0,12.0,0.091,623961.441486
1718172,IT,PL,DAIRY,DAIRY,8.19,2015311.458,6,6,2015295.322,0.0,14.0,2.0,0.136,246069.775092
1794865,IT,WL,PFERT,CRUDE,0.89,2014845.107,6,6,2014842.785,0.0,1.0,1.0,0.322,2263870.906742
1780891,IT,TW,RESEA,PLAST,10.92,2014478.771,6,6,2014473.63,0.0,2.0,3.0,0.141,184476.07793
1777975,IT,TR,MACHI,WHOLE,11.23,2013705.257,6,6,2013699.092,0.0,3.0,3.0,0.165,179314.80472
1717178,IT,NL,AIRTR,BUSIN,2.19,2013531.859,6,6,2013529.796,0.0,1.0,1.0,0.063,919420.940183
1783500,IT,NO,OILHA,CRUDE,11.55,2013471.444,6,6,2013465.332,0.0,2.0,4.0,0.112,174326.531948
1742868,IT,US,MACHI,MEAT1,11.23,2013335.472,6,6,2013329.307,0.0,3.0,3.0,0.165,179281.876402
1790066,IT,WA,BASIC,BITUM,2.32,2013012.127,6,6,2013009.0,0.0,1.0,2.0,0.127,867677.640948
1743939,IT,US,SEACO,RECRE,2.05,2011128.943,5,5,2011127.908,0.0,0.0,1.0,0.035,981038.50878
1660066,IT,DE,AIRTR,CHEM1,2.19,2011006.126,6,6,2011004.063,0.0,1.0,1.0,0.063,918267.637443
1796675,IT,WL,HOTEL,EDUCA,14.57,2010833.734,6,6,2010827.583,0.0,4.0,2.0,0.151,138011.924091
1732964,IT,SI,ALUM1,CONST,3.49,2010570.823,6,6,2010565.662,0.0,2.0,3.0,0.161,576094.791691
1790153,IT,WA,BASIC,RETA1,2.31,2010516.54,6,6,2010513.413,0.0,1.0,2.0,0.127,870353.480519
1649756,IT,BG,BASIC,FOUND,2.31,2009938.646,6,6,2009935.519,0.0,1.0,2.0,0.127,870103.309957
1754145,IT,CA,AIRTR,RECRE,2.19,2009425.26,6,6,2009423.197,0.0,1.0,1.0,0.063,917545.780822
1721285,IT,PL,LANDT,CONST,12.96,2008225.411,6,6,2008221.316,0.0,1.0,3.0,0.095,154955.664429
1676623,IT,FR,HOTEL,SUPPO,14.55,2007057.256,6,6,2007051.105,0.0,4.0,2.0,0.151,137942.07945
1748568,IT,CN,VEGE1,PLAST,6.17,2007037.924,6,6,2007022.487,0.0,12.0,3.0,0.437,325289.776985
1799053,IT,WE,TEXTI,CONST,11.89,2006450.044,6,6,2006445.778,0.0,2.0,2.0,0.266,168751.055004
1671260,IT,FI,BASIC,FURNI,2.31,2005913.172,6,6,2005910.045,0.0,1.0,2.0,0.127,868360.680519
1795182,IT,WL,RUBBE,HEALT,6.65,2005701.59,6,6,2005695.408,0.0,3.0,3.0,0.182,301609.261654
1766495,IT,RU,ALUM1,FURNI,3.48,2005535.816,6,6,2005530.655,0.0,2.0,3.0,0.161,576303.395402
1744775,IT,US,RESEA,BIOGA,10.87,2005282.601,6,6,2005277.461,0.0,2.0,3.0,0.14,184478.620147
1793606,IT,WL,VEGE1,HOTEL,6.16,2004479.207,6,6,2004463.771,0.0,12.0,3.0,0.436,325402.468669
1642343,IT,AT,BASIC,FURNI,2.31,2003434.488,6,6,2003431.361,0.0,1.0,2.0,0.127,867287.657143
1745639,IT,JP,TEXTI,RUBBE,11.87,2003413.568,6,6,2003409.302,0.0,2.0,2.0,0.266,168779.576074
1674710,IT,FR,GLASS,REALE,5.5,2003402.298,6,6,2003393.183,0.0,1.0,8.0,0.115,364254.963273
1685849,IT,HU,CHEM1,BEVER,4.19,2003285.183,6,6,2003279.964,0.0,2.0,3.0,0.219,478111.022196
1790012,IT,WA,NONME,CERAM,4.04,2001463.308,6,6,2001458.088,0.0,1.0,4.0,0.22,495411.709901
1789311,IT,WA,CHEM1,OILSE,4.18,2000847.378,6,6,2000842.16,0.0,2.0,3.0,0.218,478671.621531
1777211,IT,TR,RUBBE,FOOD5,6.63,1999936.956,6,6,1999930.775,0.0,3.0,3.0,0.181,301649.61629
1657603,IT,DE,GLASS,HOTEL,5.49,1999518.123,6,6,1999509.009,0.0,1.0,8.0,0.114,364210.951366
1658325,IT,DE,COPP1,RESEA,5.05,1999051.986,6,6,1999042.883,0.0,3.0,6.0,0.103,395851.878416
1780166,IT,TW,HOTEL,FURNI,14.48,1997801.523,6,6,1997795.372,0.0,4.0,2.0,0.151,137969.718439
1796049,IT,WL,TRANS,CRUDE,11.92,1996920.844,6,6,1996915.736,0.0,2.0,3.0,0.108,167526.916443
1813035,IT,WM,MACHI,RECRE,11.13,1995242.065,6,6,1995235.901,0.0,3.0,3.0,0.164,179267.031896
1738097,IT,GB,RUBBE,BUSIN,6.6,1993327.687,6,6,1993321.506,0.0,3.0,3.0,0.181,302019.346515
1642362,IT,AT,BASIC,RETA1,2.29,1992845.951,6,6,1992842.825,0.0,1.0,2.0,0.126,870238.40655
1745779,IT,JP,WEARI,HOTEL,15.02,1992243.969,6,6,1992236.59,0.0,4.0,3.0,0.379,132639.412051
1765671,IT,RU,PAPER,WOODW,7.72,1991969.898,6,6,1991950.702,0.0,16.0,3.0,0.196,258027.18886
1719266,IT,PL,CHEM1,RUBBE,4.16,1991874.142,6,6,1991868.925,0.0,2.0,3.0,0.217,478815.899519
1654740,IT,CZ,AIRTR,DAIRY,2.17,1991741.256,6,6,1991739.193,0.0,1.0,1.0,0.063,917853.113364
1677215,IT,FR,POSTT,BUSIN,32.8,1991688.987,6,6,1991683.835,0.0,2.0,3.0,0.152,60722.225213
1683398,IT,HR,BASIC,CHEM1,2.29,1991313.997,6,6,1991310.871,0.0,1.0,2.0,0.126,869569.431004
1662369,IT,DK,BASIC,TRANS,2.29,1990951.365,6,6,1990948.239,0.0,1.0,2.0,0.126,869411.076419
1800298,IT,WE,PLAST,EDUCA,4.18,1990859.833,6,6,1990855.63,0.0,2.0,2.0,0.203,476282.256699
1764243,IT,MX,MACHI,PREC1,11.1,1990201.153,6,6,1990194.989,0.0,3.0,3.0,0.164,179297.401171
1648905,IT,BG,TEXTI,HEALT,11.79,1989795.487,6,6,1989791.223,0.0,2.0,2.0,0.264,168769.761408
1754125,IT,CA,AIRTR,LANDT,2.17,1989577.558,6,6,1989575.495,0.0,1.0,1.0,0.063,916856.017512
1668860,IT,ES,SEACO,FOOD5,2.02,1989442.542,5,5,1989441.508,0.0,0.0,1.0,0.034,984872.545545
1794283,IT,WL,MOTOR,MOTOR,2.97,1988616.823,6,6,1988613.661,0.0,1.0,2.0,0.162,669567.953872
1658843,IT,DE,MOTO1,SUPPO,10.58,1988558.503,6,6,1988553.374,0.0,2.0,3.0,0.129,187954.489887
1803771,IT,WF,TEXTI,FISHF,11.78,1987616.815,6,6,1987612.551,0.0,2.0,2.0,0.264,168728.082767
1716423,IT,NL,MACHI,BUSIN,11.09,1987476.886,6,6,1987470.723,0.0,3.0,3.0,0.163,179213.425248
1658103,IT,DE,ALUM1,FOOD5,3.45,1986244.549,6,6,1986239.39,0.0,2.0,3.0,0.159,575723.057681
1667633,IT,ES,MACHI,PRINT,11.08,1985721.139,6,6,1985714.976,0.0,3.0,3.0,0.163,179216.709296
1649829,IT,BG,ALUM1,ALUM1,3.45,1985100.431,6,6,1985095.272,0.0,2.0,3.0,0.159,575391.429275
1679479,IT,GR,CHEM1,ALUM1,4.15,1984371.332,6,6,1984366.115,0.0,2.0,3.0,0.217,478161.766747
1748482,IT,CN,STONE,ELEC4,6.42,1983566.797,6,6,1983454.707,0.0,1.0,111.0,0.09,308966.79081
1799175,IT,WE,WEARI,HOTEL,14.95,1983487.295,6,6,1983479.918,0.0,4.0,3.0,0.377,132674.735452
1647539,IT,BE,SUPPO,LANDT,14.26,1983408.666,6,6,1983403.569,0.0,2.0,3.0,0.097,139088.96676
1719267,IT,PL,CHEM1,GLASS,4.14,1983281.201,6,6,1983275.984,0.0,2.0,3.0,0.217,479053.430193
1679381,IT,GR,PLAST,WHOLE,4.16,1982748.888,6,6,1982744.686,0.0,2.0,2.0,0.202,476622.328846
1812968,IT,WM,MACHI,PFERT,11.06,1982607.412,6,6,1982601.249,0.0,3.0,3.0,0.163,179259.259675
1716081,IT,NL,BASIC,CEMEN,2.28,1982012.258,6,6,1982009.133,0.0,1.0,2.0,0.125,869303.62193
1732701,IT,SI,CERAM,RESEA,3.09,1981922.166,6,6,1981911.059,0.0,1.0,10.0,0.107,641398.759223
1744013,IT,US,AIRTR,MACHI,2.16,1981859.728,5,5,1981858.666,0.0,0.0,1.0,0.062,917527.651852
1761170,IT,IN,CHEM1,WHOLE,4.14,1981835.792,6,6,1981830.576,0.0,2.0,3.0,0.216,478704.297585
1662370,IT,DK,BASIC,FURNI,2.28,1981805.322,6,6,1981802.197,0.0,1.0,2.0,0.125,869212.860526
1647443,IT,BE,AIRTR,AIRTR,2.15,1978793.934,5,5,1978792.872,0.0,0.0,1.0,0.062,920369.271628
1679959,IT,GR,FABRI,FABRI,8.05,1978504.298,6,6,1978498.156,0.0,2.0,4.0,0.142,245776.931429
1731782,IT,SI,PAPER,PRINT,7.67,1978234.906,6,6,1978215.711,0.0,16.0,3.0,0.195,257918.501434
1660291,IT,DE,POSTT,POSTT,32.57,1977897.312,6,6,1977892.161,0.0,2.0,3.0,0.151,60727.580964
1788674,IT,WA,COKEO,NONF1,0.25,1977620.663,4,4,1977620.653,0.0,0.0,0.0,0.01,7910482.652
1657942,IT,DE,BASIC,ELEC2,2.28,1977483.816,6,6,1977480.691,0.0,1.0,2.0,0.125,867317.463158
1645631,IT,BE,CHEM1,FURNI,4.13,1977180.626,6,6,1977175.41,0.0,2.0,3.0,0.216,478736.229056
1745461,IT,JP,FOOD5,CATTL,9.49,1975456.371,6,6,1975445.194,0.0,9.0,2.0,0.177,208161.893678
1732038,IT,SI,KEROS,CONST,2.94,1975256.556,6,6,1975253.395,0.0,1.0,2.0,0.161,671855.971429
1772348,IT,CH,PLAST,HEALT,4.14,1975176.977,6,6,1975172.776,0.0,2.0,2.0,0.201,477095.888164
1796679,IT,WL,HOTEL,93197,14.31,1974078.119,6,6,1974071.97,0.0,4.0,2.0,0.149,137950.951712
1649227,IT,BG,KEROS,OFFIC,2.93,1973434.817,6,6,1973431.656,0.0,1.0,2.0,0.161,673527.241297
1716211,IT,NL,ALUM1,PUBLI,3.43,1973431.555,6,6,1973427.397,0.0,1.0,3.0,0.158,575344.476676
1811381,IT,WM,PLAST,VEGET,4.14,1973045.989,6,6,1973041.788,0.0,2.0,2.0,0.201,476581.156763
1794142,IT,WL,PAPER,EDUCA,7.64,1972915.712,6,6,1972896.517,0.0,16.0,3.0,0.195,258235.040838
1738559,IT,GB,FABRI,WOODW,8.03,1972871.462,6,6,1972865.32,0.0,2.0,4.0,0.142,245687.604234
1759172,IT,BR,AIRTR,COMPU,2.15,1972106.638,5,5,1972105.576,0.0,0.0,1.0,0.062,917258.901395
1685646,IT,HU,KEROS,AIRTR,2.93,1971263.761,6,6,1971260.601,0.0,1.0,2.0,0.16,672786.266553
1645617,IT,BE,CHEM1,BASIC,4.12,1971066.236,6,6,1971061.021,0.0,2.0,3.0,0.215,478414.134951
1811495,IT,WM,PLAST,INSUR,4.14,1970864.587,6,6,1970860.387,0.0,2.0,2.0,0.2,476054.248068
1667460,IT,ES,FABRI,VEGET,8.02,1970814.739,6,6,1970808.598,0.0,2.0,4.0,0.141,245737.498628
1811849,IT,WM,RUBBE,MEAT1,6.53,1970591.105,6,6,1970584.926,0.0,3.0,3.0,0.179,301775.054364
1644941,IT,BE,WOODW,WOODW,5.51,1970441.825,6,6,1970425.692,0.0,13.0,3.0,0.133,357611.946461
1795106,IT,WL,RUBBE,BEVER,6.53,1970409.136,6,6,1970402.957,0.0,3.0,3.0,0.179,301747.187749
1766735,IT,RU,MACHI,BITUM,10.99,1969176.059,6,6,1969169.897,0.0,3.0,3.0,0.162,179178.895268
1737912,IT,GB,CHEM1,BEVER,4.11,1968581.083,6,6,1968575.868,0.0,2.0,3.0,0.215,478973.499513
1784020,IT,ID,TEXTI,WEARI,11.66,1968482.461,6,6,1968478.2,0.0,2.0,2.0,0.261,168823.538679
1642643,IT,AT,FABRI,TRANS,8.01,1967989.594,6,6,1967983.453,0.0,2.0,4.0,0.141,245691.584769
1654009,IT,CZ,MACHI,FABRI,10.98,1967781.246,6,6,1967775.084,0.0,3.0,3.0,0.162,179215.049727
1742988,IT,US,MACHI,MEMBE,10.98,1967586.82,6,6,1967580.658,0.0,3.0,3.0,0.162,179197.342441
1689924,IT,IE,AUXIL,AUXIL,35.97,1967238.717,6,6,1967234.621,0.0,2.0,2.0,0.096,54691.09583
1753368,IT,CA,PREC1,HEALT,3.34,1967071.637,6,6,1967063.546,0.0,4.0,4.0,0.091,588943.603892
1747554,IT,JP,AIRTR,GASDI,2.14,1966264.524,5,5,1966263.462,0.0,0.0,1.0,0.062,918815.198131
1660098,IT,DE,AIRTR,CONST,2.14,1965040.49,5,5,1965039.428,0.0,0.0,1.0,0.062,918243.219626
1799798,IT,WE,GASDI,OILSE,2.92,1965030.344,6,6,1965027.184,0.0,1.0,2.0,0.16,672955.59726
1783760,IT,NO,PAPE4,CONST,12.96,1964818.975,6,6,1964811.862,0.0,2.0,5.0,0.113,151606.402392
1799952,IT,WE,HEAVY,DAIRY,3.17,1964761.641,6,6,1964758.483,0.0,1.0,2.0,0.158,619798.624921
1745774,IT,JP,WEARI,CONST,14.81,1964413.006,6,6,1964405.633,0.0,4.0,3.0,0.373,132640.986226
1789374,IT,WA,CHEM1,CHEM1,4.1,1964249.019,6,6,1964243.805,0.0,2.0,3.0,0.214,479085.126585
1657402,IT,DE,RUBBE,TEXTI,6.5,1963182.049,6,6,1963175.871,0.0,3.0,3.0,0.178,302028.007538
1673772,IT,FR,PAPER,RESEA,7.6,1962499.538,6,6,1962480.344,0.0,16.0,3.0,0.194,258223.623421
1775766,IT,TR,CRUDE,CHEM1,3.86,1961364.461,6,6,1961361.292,0.0,1.0,2.0,0.169,508125.508031
1709946,IT,LT,BASIC,CONST,2.26,1961354.02,6,6,1961350.896,0.0,1.0,2.0,0.124,867855.761062
1743566,IT,US,HOTEL,MEATP,14.21,1960332.04,6,6,1960325.892,0.0,4.0,2.0,0.148,137954.401126
1658424,IT,DE,FABRI,PLAST,7.98,1960321.978,6,6,1960315.837,0.0,2.0,4.0,0.141,245654.383208
1768433,IT,AU,DAIRY,DAIRY,7.96,1960068.907,6,6,1960052.774,0.0,14.0,2.0,0.133,246239.812437
1784264,IT,ID,CHEM1,PFERT,4.1,1959577.213,6,6,1959571.999,0.0,2.0,3.0,0.214,477945.661707
1805889,IT,WF,ALUM1,MOTO1,3.4,1959101.679,6,6,1959097.522,0.0,1.0,3.0,0.157,576206.376176
1778884,IT,TR,SEACO,CHEMI,1.99,1958405.687,5,5,1958404.653,0.0,0.0,1.0,0.034,984123.460804
1811460,IT,WM,PLAST,OFFIC,4.11,1957990.579,6,6,1957986.38,0.0,2.0,2.0,0.199,476396.73455
1686344,IT,HU,NONME,CONST,3.96,1957765.396,6,6,1957760.181,0.0,1.0,4.0,0.215,494385.20101
1741529,IT,US,KEROS,BUSIN,2.91,1957228.818,6,6,1957225.659,0.0,1.0,2.0,0.159,672587.22268
1675733,IT,FR,FURNI,WOODW,6.25,1957153.147,6,6,1957141.979,0.0,6.0,5.0,0.168,313144.50352
1751395,IT,CN,SEACO,RADIO,1.99,1956793.506,5,5,1956792.472,0.0,0.0,1.0,0.034,983313.319598
1723410,IT,PT,BASIC,WHOLE,2.25,1956532.686,6,6,1956529.562,0.0,1.0,2.0,0.124,869570.082667
1670487,IT,FI,BEVER,PLAST,8.32,1956345.58,6,6,1956338.454,0.0,5.0,2.0,0.126,235137.689904
1665328,IT,ES,FISH5,FOOD5,8.22,1956314.571,6,6,1956304.565,0.0,6.0,3.0,1.006,237994.473358
1719166,IT,PL,PLAST,OFFIC,4.1,1954500.256,6,6,1954496.057,0.0,2.0,2.0,0.199,476707.379512
1738611,IT,GB,FABRI,RESEA,7.95,1954278.363,6,6,1954272.223,0.0,2.0,4.0,0.14,245821.177736
1661436,IT,DK,DAIRY,DAIRY,7.94,1953921.114,6,6,1953904.982,0.0,14.0,2.0,0.132,246085.78262
1666229,IT,ES,HEAVY,RUBBE,3.16,1953594.738,6,6,1953591.581,0.0,1.0,2.0,0.157,618226.182911
1732823,IT,SI,BASIC,RUBBE,2.25,1952574.32,6,6,1952571.197,0.0,1.0,2.0,0.123,867810.808889
1780179,IT,TW,HOTEL,FINAN,14.15,1952568.596,6,6,1952562.449,0.0,4.0,2.0,0.147,137990.713498
1663359,IT,DK,SUPPO,INLAN,14.03,1951043.617,6,6,1951038.521,0.0,2.0,3.0,0.096,139062.267783
1795307,IT,WL,NONME,CRUDE,3.94,1950647.363,6,6,1950642.149,0.0,1.0,4.0,0.214,495088.163198
1657699,IT,DE,CERAM,93197,3.04,1949853.373,6,6,1949842.267,0.0,1.0,10.0,0.106,641399.135855
1641772,IT,AT,CHEM1,GASDI,4.07,1949447.148,6,6,1949441.935,0.0,2.0,3.0,0.213,478979.643243
1749159,IT,CN,PULP5,TEXTI,5.94,1949245.078,6,6,1949232.895,0.0,9.0,3.0,0.183,328155.737037
1656645,IT,DE,PRINT,EDUCA,18.7,1948882.359,6,6,1948875.21,0.0,4.0,3.0,0.149,104218.307968
1729538,IT,SE,COPP1,MOTOR,4.92,1948796.213,6,6,1948787.112,0.0,3.0,6.0,0.101,396096.79126
1750301,IT,CN,NONF1,COPP1,0.43,1947790.921,5,5,1947789.91,0.0,0.0,1.0,0.011,4529746.327907
1780129,IT,TW,HOTEL,MOTOR,14.12,1947707.687,6,6,1947701.54,0.0,4.0,2.0,0.147,137939.63789
1676158,IT,FR,CONST,FOOD5,10.89,1947691.112,6,6,1947682.008,0.0,2.0,7.0,0.104,178851.341781
1660960,IT,DE,BUSIN,RUBBE,20.0,1947651.057,6,6,1947642.923,0.0,4.0,4.0,0.134,97382.55285
1729378,IT,SE,BASIC,RUBBE,2.24,1947585.596,6,6,1947582.473,0.0,1.0,2.0,0.123,869457.855357
1796656,IT,WL,HOTEL,RETA1,14.11,1947367.724,6,6,1947361.577,0.0,4.0,2.0,0.147,138013.304323
1804568,IT,WF,HEAVY,NATUR,3.15,1947307.191,6,6,1947304.035,0.0,1.0,2.0,0.156,618192.759048
1742253,IT,US,CERAM,POSTT,3.03,1946976.285,6,6,1946965.179,0.0,1.0,10.0,0.106,642566.430693
1642623,IT,AT,FABRI,RUBBE,7.92,1946417.029,6,6,1946410.889,0.0,2.0,4.0,0.14,245759.725884
1712950,IT,MT,VEGET,SEACO,6.89,1946392.11,6,6,1946383.034,0.0,8.0,1.0,0.076,282495.226415
1764296,IT,MX,MACHI,EDUCA,10.86,1945912.079,6,6,1945905.919,0.0,3.0,3.0,0.16,179181.591068
1667297,IT,ES,ALUM1,OFFIC,3.38,1945398.529,6,6,1945394.373,0.0,1.0,3.0,0.156,575561.69497
1656389,IT,DE,WOODW,MOTO1,5.44,1945359.975,6,6,1945344.844,0.0,12.0,3.0,0.131,357602.936581
1765547,IT,RU,LEATH,LIQUE,13.93,1944997.671,6,6,1944980.334,0.0,14.0,3.0,0.337,139626.53776
1795412,IT,WL,BASIC,FURNI,2.24,1943873.486,6,6,1943870.363,0.0,1.0,2.0,0.123,867800.663393
1805911,IT,WF,ALUM1,EDUCA,3.38,1942973.618,6,6,1942969.462,0.0,1.0,3.0,0.156,574844.26568
1780971,IT,TW,BUSIN,HEAVY,19.95,1942864.323,6,6,1942856.189,0.0,4.0,4.0,0.134,97386.682857
1788542,IT,WA,PAPER,PAPER,7.53,1942563.304,6,6,1942544.112,0.0,16.0,3.0,0.192,257976.534396
1733120,IT,SI,FABRI,ALUM1,7.9,1941824.137,6,6,1941817.998,0.0,2.0,4.0,0.139,245800.523671
1799718,IT,WE,MOTOR,93197,2.9,1941585.629,6,6,1941582.471,0.0,1.0,2.0,0.158,669512.285862
1811426,IT,WM,PLAST,MOTOR,4.07,1940900.667,6,6,1940896.47,0.0,2.0,2.0,0.197,476879.770762
1682649,IT,HR,KEROS,COLLE,2.88,1939582.856,6,6,1939579.698,0.0,1.0,2.0,0.158,673466.269444
1771320,IT,CH,DAIRY,HOTEL,7.88,1939562.558,6,6,1939546.427,0.0,14.0,2.0,0.131,246137.380457
1755140,IT,KR,LEATH,MACHI,13.89,1939137.442,6,6,1939120.106,0.0,14.0,3.0,0.336,139606.727286
1789419,IT,WA,CHEM1,SEACO,4.05,1938473.571,6,6,1938468.359,0.0,2.0,3.0,0.212,478635.44963
1742792,IT,US,FABRI,WHOLE,7.89,1937751.79,6,6,1937745.651,0.0,2.0,4.0,0.139,245595.917617
1787692,IT,WA,VEGE1,MEAT4,5.96,1937733.49,6,6,1937718.068,0.0,12.0,3.0,0.422,325123.068792
1641799,IT,AT,CHEM1,FABRI,4.05,1937590.569,6,6,1937585.357,0.0,2.0,3.0,0.212,478417.424444
1688915,IT,IE,NONF1,DISTR,0.42,1935959.704,5,5,1935958.693,0.0,0.0,1.0,0.011,4609427.866667
1809561,IT,WM,VEGE1,FISH5,5.95,1935507.665,6,6,1935492.244,0.0,12.0,3.0,0.421,325295.405882
1797016,IT,WL,AIRTR,AUXIL,2.11,1935251.36,5,5,1935250.299,0.0,0.0,1.0,0.061,917180.739336
1666728,IT,ES,RUBBE,LEATH,6.41,1935208.616,6,6,1935202.441,0.0,3.0,3.0,0.175,301904.620281
1803510,IT,WF,VEGE1,VEGE1,5.95,1934392.296,6,6,1934376.875,0.0,12.0,3.0,0.421,325107.948908
1804184,IT,WF,PAPER,HEALT,7.49,1933270.428,6,6,1933251.237,0.0,16.0,3.0,0.191,258113.541789
1673526,IT,FR,LEATH,NUCLE,13.85,1933180.43,6,6,1933163.095,0.0,14.0,3.0,0.335,139579.81444
1811147,IT,WM,NAPHT,GASDI,3.28,1932729.227,6,6,1932725.089,0.0,1.0,3.0,0.138,589246.715549
1753513,IT,CA,MACHI,NATUR,10.78,1932385.177,6,6,1932379.018,0.0,3.0,3.0,0.159,179256.509926
1689818,IT,IE,INSUR,MOTO1,39.82,1931813.832,6,6,1931808.742,0.0,3.0,2.0,0.09,48513.657258
1769077,IT,AU,PLAST,RUBBE,4.05,1931782.524,6,6,1931778.328,0.0,2.0,2.0,0.196,476983.339259
1659622,IT,DE,HOTEL,MOTO1,14.0,1931278.001,6,6,1931271.855,0.0,4.0,2.0,0.146,137948.428643
1645559,IT,BE,CHEM1,CROPS,4.04,1931164.276,6,6,1931159.065,0.0,2.0,3.0,0.211,478010.959406
1723478,IT,PT,ALUM1,MACHI,3.35,1930091.414,6,6,1930087.259,0.0,1.0,3.0,0.155,576146.690746
1715627,IT,NL,NAPHT,GASDI,3.28,1929531.985,6,6,1929527.847,0.0,1.0,3.0,0.138,588271.946646
1789317,IT,WA,CHEM1,POULT,4.03,1929508.394,6,6,1929503.183,0.0,2.0,3.0,0.211,478786.201985
1773870,IT,CH,ELEC6,PUBLI,0.28,1929369.045,4,4,1929368.736,0.0,0.0,0.0,0.309,6890603.732143
1656484,IT,DE,PAPER,BEVER,7.48,1929129.988,6,6,1929110.798,0.0,16.0,3.0,0.19,257905.07861
1726448,IT,RO,FABRI,RUBBE,7.85,1928936.95,6,6,1928930.812,0.0,2.0,4.0,0.138,245724.452229
1723352,IT,PT,NONME,CONST,3.9,1928795.423,6,6,1928790.211,0.0,1.0,4.0,0.212,494562.928974
1674514,IT,FR,RUBBE,MEATC,6.39,1928792.632,6,6,1928786.457,0.0,3.0,3.0,0.175,301845.482316
1725875,IT,RO,HEAVY,FOOD5,3.11,1927536.709,6,6,1927533.554,0.0,1.0,2.0,0.155,619786.723151
1790694,IT,WA,FABRI,SALEM,7.84,1927493.7,6,6,1927487.562,0.0,2.0,4.0,0.138,245853.788265
1750544,IT,CN,MACHI,SUPPO,10.75,1927320.861,6,6,1927314.703,0.0,3.0,3.0,0.158,179285.661488
1804600,IT,WF,HEAVY,MOTOR,3.11,1925974.931,6,6,1925971.776,0.0,1.0,2.0,0.155,619284.54373
1644075,IT,AT,BUSIN,WHOLE,19.77,1925228.038,6,6,1925219.905,0.0,4.0,4.0,0.133,97381.286697
1777623,IT,TR,ALUM1,FURNI,3.35,1925161.092,6,6,1925156.938,0.0,1.0,3.0,0.154,574674.952836
1742718,IT,US,FABRI,CRUDE,7.83,1925093.666,6,6,1925087.528,0.0,2.0,4.0,0.138,245861.260026
1677054,IT,FR,SUPPO,CHEM1,13.83,1924090.018,6,6,1924084.923,0.0,2.0,3.0,0.095,139124.368619
1719704,IT,PL,NONME,CEMEN,3.89,1923792.967,6,6,1923787.756,0.0,1.0,4.0,0.211,494548.320566
1665951,IT,ES,MOTOR,LIQUE,2.87,1923750.608,6,6,1923747.451,0.0,1.0,2.0,0.157,670296.379094
1649942,IT,BG,FABRI,FABRI,7.83,1923713.638,6,6,1923707.5,0.0,2.0,4.0,0.138,245685.011239
1804651,IT,WF,HEAVY,POSTT,3.11,1923379.713,6,6,1923376.559,0.0,1.0,2.0,0.154,618450.068489
1673123,IT,FR,FOOD5,RECRE,9.24,1923206.382,6,6,1923195.21,0.0,9.0,2.0,0.172,208139.218831
1813280,IT,WM,TRANS,TRANS,11.47,1922195.435,6,6,1922190.331,0.0,2.0,3.0,0.104,167584.606364
1764890,IT,MX,AIRTR,MOTO1,2.09,1922005.352,5,5,1922004.291,0.0,0.0,1.0,0.061,919619.785646
1777897,IT,TR,MACHI,PRECI,10.71,1920498.125,6,6,1920491.967,0.0,3.0,3.0,0.158,179318.218954
1753581,IT,CA,MACHI,FURNI,10.71,1920411.779,6,6,1920405.621,0.0,3.0,3.0,0.158,179310.156769
1780901,IT,TW,RESEA,OFFIC,10.41,1920359.558,6,6,1920354.423,0.0,2.0,3.0,0.135,184472.580019
1787680,IT,WA,VEGE1,RAWMI,5.91,1920339.286,6,6,1920323.868,0.0,12.0,3.0,0.418,324930.505245
1658227,IT,DE,LEAD1,CONST,3.34,1920174.579,6,6,1920161.417,0.0,5.0,8.0,0.162,574902.568563
1795699,IT,WL,FABRI,POSTT,7.81,1919860.266,6,6,1919854.128,0.0,2.0,4.0,0.138,245820.776697
1665884,IT,ES,PRINT,EDUCA,18.42,1919821.077,6,6,1919813.931,0.0,4.0,3.0,0.146,104224.814169
1657709,IT,DE,CEMEN,CRUDE,3.07,1918593.677,6,6,1918580.59,0.0,1.0,12.0,0.087,624949.080456
1737960,IT,GB,CHEM1,OFFIC,4.01,1918587.802,6,6,1918582.593,0.0,2.0,3.0,0.209,478450.823441
1711001,IT,LU,CERAM,RENTI,2.99,1918402.603,6,6,1918391.499,0.0,1.0,10.0,0.104,641606.221739
1748905,IT,CN,WEARI,CERAM,14.45,1917889.775,6,6,1917882.411,0.0,4.0,3.0,0.364,132725.935986
1799641,IT,WE,MOTOR,MOTOR,2.86,1917767.066,6,6,1917763.91,0.0,1.0,2.0,0.156,670547.925175
1641757,IT,AT,CHEM1,BEVER,4.01,1917156.374,6,6,1917151.165,0.0,2.0,3.0,0.209,478093.858853
1811532,IT,WM,PFERT,PADDY,0.84,1917101.189,6,6,1917098.882,0.0,1.0,1.0,0.307,2282263.320238
1790248,IT,WA,PREC1,GASWO,3.26,1917077.726,6,6,1917069.638,0.0,4.0,4.0,0.088,588060.652147
1645911,IT,BE,CERAM,BEVER,2.99,1916714.77,6,6,1916703.666,0.0,1.0,10.0,0.104,641041.729097
1776123,IT,TR,LEATH,LEATH,13.72,1915458.586,6,6,1915441.255,0.0,14.0,3.0,0.331,139610.684111
1749566,IT,CN,PLAST,MACHI,4.02,1915452.013,6,6,1915447.818,0.0,2.0,2.0,0.195,476480.600249
1763856,IT,MX,NONME,CEMEN,3.87,1915184.951,6,6,1915179.741,0.0,1.0,4.0,0.21,494879.8323
1716251,IT,NL,COPP1,FABRI,4.84,1915091.884,6,6,1915082.785,0.0,3.0,6.0,0.099,395680.141322
1718806,IT,PL,PAPER,RUBBE,7.41,1913522.29,6,6,1913504.101,0.0,15.0,3.0,0.189,258235.126856
1652578,IT,CZ,LEATH,MOTO1,13.7,1913109.398,6,6,1913092.067,0.0,14.0,3.0,0.331,139643.021752
1647453,IT,BE,AIRTR,BUSIN,2.08,1913097.309,5,5,1913096.249,0.0,0.0,1.0,0.06,919758.321635
1802963,IT,WF,WHEAT,FOOD5,1.45,1912878.855,5,5,1912864.809,0.0,14.0,0.0,0.046,1319226.796552
1750259,IT,CN,COPP1,ELECT,4.83,1912658.956,6,6,1912649.857,0.0,3.0,6.0,0.099,395995.643064
1777816,IT,TR,FABRI,BASIC,7.78,1912116.937,6,6,1912110.8,0.0,2.0,4.0,0.137,245773.385219
1719379,IT,PL,RUBBE,FOOD5,6.33,1911952.86,6,6,1911946.687,0.0,3.0,3.0,0.173,302046.265403
1813082,IT,WM,OFFIC,PUBLI,5.92,1911888.174,6,6,1911883.036,0.0,2.0,3.0,0.138,322954.083446
1805159,IT,WF,CHEM1,CROPS,3.99,1911448.51,6,6,1911443.301,0.0,2.0,3.0,0.209,479059.776942
1803490,IT,WF,VEGE1,CATTL,5.87,1909625.099,6,6,1909609.684,0.0,12.0,3.0,0.415,325319.437649
1752755,IT,CA,WOODW,WOODW,5.34,1909409.957,6,6,1909394.828,0.0,12.0,3.0,0.129,357567.407678
1811484,IT,WM,PLAST,RETA1,4.01,1909157.898,6,6,1909153.704,0.0,2.0,2.0,0.194,476099.226434
1749573,IT,CN,PLAST,FURNI,4.01,1908913.422,6,6,1908909.228,0.0,2.0,2.0,0.194,476038.25985
1805165,IT,WF,CHEM1,RAWMI,3.99,1908855.764,6,6,1908850.556,0.0,2.0,3.0,0.208,478409.965915
1764473,IT,MX,FURNI,BUSIN,6.09,1908614.098,6,6,1908602.934,0.0,6.0,5.0,0.164,313401.329721
1742061,IT,US,RUBBE,DAIRY,6.32,1907593.837,6,6,1907587.664,0.0,3.0,3.0,0.173,301834.46788
1739333,IT,GB,HOTEL,RECRE,13.82,1907336.776,6,6,1907330.632,0.0,4.0,2.0,0.144,138012.791317
1790380,IT,WA,LEAD1,MEAT4,3.32,1907197.092,6,6,1907183.931,0.0,5.0,8.0,0.161,574456.955422
1649943,IT,BG,FABRI,MACHI,7.76,1907034.338,6,6,1907028.201,0.0,2.0,4.0,0.137,245751.84768
1661346,IT,DK,MEATC,STEAM,6.37,1906878.825,6,6,1906848.703,0.0,28.0,2.0,0.122,299353.033752
1757546,IT,BR,MOTOR,HEAVY,2.85,1906310.154,6,6,1906306.999,0.0,1.0,2.0,0.155,668880.755789
1810569,IT,WM,PAPER,FINAN,7.39,1906257.305,6,6,1906239.117,0.0,15.0,3.0,0.188,257950.920839
1666242,IT,ES,HEAVY,FABRI,3.08,1905378.051,6,6,1905374.898,0.0,1.0,2.0,0.153,618629.237338
1810296,IT,WM,LEATH,PUBLI,13.64,1904362.872,6,6,1904346.542,0.0,13.0,3.0,0.33,139616.046334
1811012,IT,WM,GASDI,EDUCA,2.83,1903530.226,6,6,1903527.071,0.0,1.0,2.0,0.155,672625.521555
1761144,IT,IN,CHEM1,GLASS,3.98,1903430.028,6,6,1903424.82,0.0,2.0,3.0,0.208,478248.750754
1737594,IT,GB,PAPER,WOODW,7.38,1903290.422,6,6,1903272.234,0.0,15.0,3.0,0.188,257898.431165
1720460,IT,PL,MACHI,ELEC1,10.61,1902653.23,6,6,1902648.074,0.0,2.0,3.0,0.156,179326.411876
1795534,IT,WL,ALUM1,FURNI,3.31,1902628.387,6,6,1902624.235,0.0,1.0,3.0,0.152,574812.201511
1754850,IT,KR,BEVER,HOTEL,8.09,1902246.581,6,6,1902239.459,0.0,5.0,2.0,0.122,235135.547713
1800128,IT,WE,NAPHT,TRANS,3.23,1902241.172,6,6,1902237.036,0.0,1.0,3.0,0.136,588929.155418
1741318,IT,US,PAPER,WHOLE,7.37,1902141.84,6,6,1902123.652,0.0,15.0,3.0,0.188,258092.515604
1741912,IT,US,CHEM1,GLASS,3.97,1901432.011,6,6,1901426.803,0.0,2.0,3.0,0.208,478950.128715
1659906,IT,DE,TRAN2,KEROS,2.94,1900714.396,6,6,1900712.344,0.0,1.0,1.0,0.052,646501.495238
1764756,IT,MX,HOTEL,LANDT,13.77,1900256.457,6,6,1900250.314,0.0,4.0,2.0,0.143,137999.742702
1735442,IT,SK,BASIC,ALUM1,2.19,1900092.527,6,6,1900089.407,0.0,1.0,2.0,0.12,867622.158447
1673883,IT,FR,PRINT,RECRE,18.23,1900020.182,6,6,1900013.037,0.0,4.0,3.0,0.145,104224.913988
1756091,IT,KR,FABRI,MOTO1,7.73,1899808.083,6,6,1899801.947,0.0,2.0,4.0,0.136,245770.773997
1785615,IT,ZA,GASDI,COMPU,2.83,1899676.143,6,6,1899672.988,0.0,1.0,2.0,0.155,671263.65477
1762287,IT,IN,AIRTR,DISTR,2.07,1899621.139,5,5,1899620.079,0.0,0.0,1.0,0.06,917691.371498
1805477,IT,WF,GLASS,REALE,5.21,1899564.316,6,6,1899556.207,0.0,1.0,7.0,0.109,364599.676775
1675253,IT,FR,FABRI,CEMEN,7.73,1899149.681,6,6,1899143.545,0.0,2.0,4.0,0.136,245685.599094
1660416,IT,DE,FINAN,FINAN,24.72,1898379.721,6,6,1898377.666,0.0,1.0,1.0,0.055,76795.296157
1741987,IT,US,CHEM1,RECRE,3.97,1898082.299,6,6,1898077.092,0.0,2.0,3.0,0.207,478106.372544
1773353,IT,CH,MACHI,DISTR,10.59,1897696.69,6,6,1897691.534,0.0,2.0,3.0,0.156,179197.043437
1667591,IT,ES,MACHI,VEGET,10.58,1896777.017,6,6,1896771.861,0.0,2.0,3.0,0.156,179279.49121
1645940,IT,BE,CERAM,RADIO,2.95,1896332.671,6,6,1896321.568,0.0,1.0,10.0,0.103,642824.634237
1774608,IT,CH,SEACO,LANDT,1.93,1896192.157,5,5,1896191.124,0.0,0.0,1.0,0.033,982482.982902
1682653,IT,HR,KEROS,WHOLE,2.82,1895992.119,6,6,1895988.965,0.0,1.0,2.0,0.154,672337.630851
1741641,IT,US,HEAVY,PAPER,3.06,1895900.537,6,6,1895897.385,0.0,1.0,2.0,0.152,619575.338889
1654550,IT,CZ,HOTEL,SUPPO,13.74,1895380.571,6,6,1895374.428,0.0,4.0,2.0,0.143,137946.184207
1748471,IT,CN,STONE,MACHI,6.13,1895350.033,6,6,1895242.947,0.0,1.0,106.0,0.086,309192.501305
1753577,IT,CA,MACHI,RADIO,10.57,1895297.644,6,6,1895292.488,0.0,2.0,3.0,0.156,179309.143236
1788887,IT,WA,GASDI,LANDT,2.82,1895266.393,6,6,1895263.239,0.0,1.0,2.0,0.154,672080.281206
1688876,IT,IE,ALUM1,PLAST,3.29,1894710.502,6,6,1894706.35,0.0,1.0,3.0,0.152,575899.848632
1726368,IT,RO,COPP1,PLAST,4.78,1893713.329,6,6,1893705.231,0.0,2.0,6.0,0.098,396174.336611
1742647,IT,US,COPP1,FABRI,4.78,1893707.015,6,6,1893698.917,0.0,2.0,6.0,0.098,396173.01569
1744794,IT,US,RESEA,RADIO,10.26,1892683.043,6,6,1892677.91,0.0,2.0,3.0,0.133,184472.031481
1812808,IT,WM,FABRI,FOOD5,7.7,1892484.789,6,6,1892478.653,0.0,2.0,4.0,0.136,245777.245325
1675517,IT,FR,OFFIC,BUSIN,5.86,1892452.885,6,6,1892448.749,0.0,2.0,2.0,0.136,322944.178328
1747623,IT,JP,AIRTR,RESEA,2.06,1892340.415,5,5,1892339.355,0.0,0.0,1.0,0.06,918611.851942
1654317,IT,CZ,ELEC2,DIST1,0.46,1892118.336,4,4,1892118.138,0.0,0.0,0.0,0.198,4113300.730435
1794579,IT,WL,HEAVY,RUBBE,3.06,1891872.729,6,6,1891869.577,0.0,1.0,2.0,0.152,618259.061765
1716067,IT,NL,BASIC,WOODW,2.18,1891647.069,6,6,1891643.949,0.0,1.0,2.0,0.12,867728.013303
1805456,IT,WF,GLASS,GLASS,5.19,1891108.803,6,6,1891100.695,0.0,1.0,7.0,0.108,364375.491908
1661004,IT,DE,BUSIN,WHOLE,19.41,1890329.787,6,6,1890321.657,0.0,4.0,4.0,0.13,97389.47898
1812453,IT,WM,PREC1,FABRI,3.21,1890096.418,6,6,1890089.331,0.0,3.0,4.0,0.087,588815.083489
1719787,IT,PL,BASIC,MOTOR,2.18,1890043.646,6,6,1890040.527,0.0,1.0,2.0,0.119,866992.498165
1665223,IT,ES,FOOD5,HOTEL,9.08,1889988.889,6,6,1889977.72,0.0,9.0,2.0,0.169,208148.556057
1655948,IT,DE,FOOD5,PIGS9,9.08,1889544.056,6,6,1889532.887,0.0,9.0,2.0,0.169,208099.565639
1662579,IT,DK,FABRI,FABRI,7.68,1888295.418,6,6,1888289.283,0.0,2.0,4.0,0.135,245871.799219
1751410,IT,CN,SEACO,LANDT,1.92,1887551.136,5,5,1887550.103,0.0,0.0,1.0,0.033,983099.55
1641836,IT,AT,CHEM1,BUSIN,3.94,1887397.277,6,6,1887392.071,0.0,2.0,3.0,0.206,479034.841878
1677327,IT,FR,FINAN,BUSIN,24.57,1887354.564,6,6,1887352.509,0.0,1.0,1.0,0.055,76815.40757
1653267,IT,CZ,RUBBE,DIST1,6.25,1887284.436,6,6,1887278.265,0.0,3.0,3.0,0.171,301965.50976
1658964,IT,DE,ELEC1,WOODW,0.27,1887157.663,4,4,1887157.544,0.0,0.0,0.0,0.119,6989472.825926
1771554,IT,CH,TEXTI,RUBBE,11.18,1887120.102,6,6,1887115.851,0.0,2.0,2.0,0.251,168794.284615
1811683,IT,WM,CHEM1,POSTT,3.94,1886964.005,6,6,1886958.799,0.0,2.0,3.0,0.206,478924.874365
1720491,IT,PL,MACHI,REALE,10.53,1886713.788,6,6,1886708.633,0.0,2.0,3.0,0.155,179175.098575
1766165,IT,RU,RUBBE,REALE,6.25,1886658.016,6,6,1886651.845,0.0,3.0,3.0,0.171,301865.28256
1795336,IT,WL,NONME,CEMEN,3.81,1886619.777,6,6,1886614.57,0.0,1.0,4.0,0.207,495175.794488
1723395,IT,PT,BASIC,RADIO,2.17,1886563.291,6,6,1886560.172,0.0,1.0,2.0,0.119,869384.005069
1739467,IT,GB,LANDT,CHEM1,12.17,1886470.741,6,6,1886467.652,0.0,1.0,2.0,0.089,155009.9212
1642012,IT,AT,RUBBE,WHOLE,6.25,1886451.119,6,6,1886444.948,0.0,3.0,3.0,0.171,301832.17904
1812820,IT,WM,FABRI,KEROS,7.68,1886138.92,6,6,1886132.785,0.0,2.0,4.0,0.135,245591.005208
1726316,IT,RO,PREC1,CONST,3.2,1886117.15,6,6,1886110.063,0.0,3.0,4.0,0.087,589411.609375
1757834,IT,BR,CHEM1,CATTL,3.94,1885966.231,6,6,1885961.025,0.0,2.0,3.0,0.206,478671.632234
1803304,IT,WF,FISHF,REALE,3.25,1885550.783,6,6,1885548.716,0.0,1.0,1.0,0.067,580169.471692
1688893,IT,IE,COPP1,DAIRY,4.76,1885082.836,6,6,1885074.739,0.0,2.0,6.0,0.097,396025.805882
1801349,IT,WE,MACHI,ELECT,10.52,1884958.73,6,6,1884953.575,0.0,2.0,3.0,0.155,179178.586502
1806400,IT,WF,MOTO1,LANDT,10.03,1883766.5,6,6,1883761.377,0.0,2.0,3.0,0.123,187813.210369
1795679,IT,WL,FABRI,FURNI,7.67,1883491.887,6,6,1883485.752,0.0,2.0,4.0,0.135,245566.086962
1811613,IT,WM,CHEM1,WOODW,3.94,1883432.567,6,6,1883427.361,0.0,2.0,3.0,0.206,478028.570305
1756764,IT,KR,AIRTR,BASIC,2.05,1882644.797,5,5,1882643.738,0.0,0.0,1.0,0.059,918363.31561
1645629,IT,BE,CHEM1,MOTO1,3.93,1882463.738,6,6,1882458.532,0.0,2.0,3.0,0.206,478998.406616
1749664,IT,CN,CHEM1,BIOGA,3.93,1881997.369,6,6,1881992.164,0.0,2.0,3.0,0.205,478879.737659
1657813,IT,DE,NONME,FURNI,3.8,1880786.409,6,6,1880781.203,0.0,1.0,4.0,0.206,494943.791842
1768415,IT,AU,VEGE1,HOTEL,5.78,1880753.417,6,6,1880739.008,0.0,11.0,3.0,0.409,325389.864533
1794769,IT,WL,PLAST,MEATC,3.94,1879446.436,6,6,1879443.245,0.0,1.0,2.0,0.191,477016.861929
1646313,IT,BE,NONF1,PREC1,0.41,1878794.343,5,5,1878793.332,0.0,0.0,1.0,0.011,4582425.226829
1661021,IT,DE,BUSIN,RESEA,19.29,1878667.675,6,6,1878659.545,0.0,4.0,4.0,0.13,97390.755573
1812343,IT,WM,BASIC,COPP1,2.16,1878356.009,6,6,1878352.89,0.0,1.0,2.0,0.119,869609.263426
1799192,IT,WE,WEARI,EDUCA,14.16,1878293.026,6,6,1878286.669,0.0,3.0,3.0,0.357,132647.812571
1757591,IT,BR,GASDI,GASDI,2.79,1877878.665,6,6,1877875.512,0.0,1.0,2.0,0.153,673074.790323
1799956,IT,WE,HEAVY,BEVER,3.03,1877834.566,6,6,1877831.415,0.0,1.0,2.0,0.151,619747.381518
1665436,IT,ES,TEXTI,BUSIN,11.12,1877376.105,6,6,1877371.856,0.0,2.0,2.0,0.249,168828.786421
1742463,IT,US,BASIC,GASDI,2.16,1877267.591,6,6,1877264.472,0.0,1.0,2.0,0.119,869105.366204
1796674,IT,WL,HOTEL,PUBLI,13.6,1877057.332,6,6,1877051.191,0.0,4.0,2.0,0.141,138018.921471
1749770,IT,CN,ADDIT,PREC1,4.35,1876709.732,6,6,1876691.586,0.0,14.0,4.0,0.146,431427.524598
1642600,IT,AT,FABRI,FOOD5,7.64,1876566.919,6,6,1876560.784,0.0,2.0,4.0,0.135,245623.942277
1789261,IT,WA,PLAST,EDUCA,3.94,1876553.116,6,6,1876549.925,0.0,1.0,2.0,0.191,476282.516751
1801326,IT,WE,MACHI,PLAST,10.47,1876402.487,6,6,1876397.333,0.0,2.0,3.0,0.154,179217.047469
1795839,IT,WL,MACHI,AUXIL,10.47,1876275.912,6,6,1876270.758,0.0,2.0,3.0,0.154,179204.958166
1755578,IT,KR,CHEM1,WHOLE,3.92,1875704.474,6,6,1875699.269,0.0,2.0,3.0,0.205,478496.039286
1741007,IT,US,BEVER,RECRE,7.98,1875551.944,6,6,1875544.823,0.0,5.0,2.0,0.121,235031.57193
1761184,IT,IN,CHEM1,93197,3.92,1874671.086,6,6,1874665.881,0.0,2.0,3.0,0.205,478232.419898
1809590,IT,WM,VEGE1,HOTEL,5.76,1874580.155,6,6,1874565.747,0.0,11.0,3.0,0.408,325447.943576
1772433,IT,CH,CHEM1,HOTEL,3.92,1874299.343,6,6,1874294.138,0.0,2.0,3.0,0.205,478137.5875
1645860,IT,BE,GLASS,GLASS,5.14,1873003.742,6,6,1872995.635,0.0,1.0,7.0,0.107,364397.615175
1713013,IT,MT,MEATC,PLAST,6.25,1872932.285,6,6,1872902.165,0.0,28.0,2.0,0.12,299669.1656
1784608,IT,ID,MACHI,MEDIC,10.45,1872670.647,6,6,1872665.493,0.0,2.0,3.0,0.154,179202.932727
1675915,IT,FR,ELEC2,POSTT,0.45,1872225.639,4,4,1872225.443,0.0,0.0,0.0,0.196,4160501.42
1714450,IT,NL,FORES,WOODW,16.35,1872140.728,7,7,1871418.679,1.0,720.0,1.0,0.049,114504.020061
1799807,IT,WE,GASDI,RAWMI,2.79,1871746.521,6,6,1871743.369,0.0,1.0,2.0,0.152,670876.889247
1717851,IT,PL,VEGET,BEVER,6.62,1870574.733,6,6,1870565.66,0.0,8.0,1.0,0.073,282564.159063
1756247,IT,KR,MACHI,BUSIN,10.43,1869953.032,6,6,1869947.878,0.0,2.0,3.0,0.154,179286.004986
1788977,IT,WA,HEAVY,FURNI,3.02,1869915.244,6,6,1869912.094,0.0,1.0,2.0,0.15,619177.233113
1783402,IT,NO,INTER,BEVER,11.21,1869628.973,6,6,1869622.853,0.0,1.0,5.0,0.12,166782.245584
1667632,IT,ES,MACHI,PAPER,10.43,1869404.75,6,6,1869399.596,0.0,2.0,3.0,0.154,179233.4372
1715999,IT,NL,BRICK,CONST,2.8,1869370.333,6,6,1869359.213,0.0,1.0,10.0,0.12,667632.261786
1758410,IT,BR,FABRI,FABRI,7.61,1869354.807,6,6,1869348.673,0.0,2.0,4.0,0.134,245644.521288
1773467,IT,CH,OFFIC,LANDT,5.79,1868987.901,6,6,1868983.766,0.0,2.0,2.0,0.135,322795.837824
1666718,IT,ES,RUBBE,VEGE1,6.19,1868647.887,6,6,1868641.718,0.0,3.0,3.0,0.169,301881.726494
1756078,IT,KR,FABRI,BASIC,7.6,1867705.554,6,6,1867699.42,0.0,2.0,4.0,0.134,245750.730789
1777215,IT,TR,RUBBE,TEXTI,6.19,1867137.548,6,6,1867131.379,0.0,3.0,3.0,0.169,301637.729887
1658600,IT,DE,MACHI,RADIO,10.42,1866869.139,6,6,1866863.986,0.0,2.0,3.0,0.153,179162.10547
1687663,IT,HU,AIRTR,OFFIC,2.03,1866717.987,5,5,1866716.928,0.0,0.0,1.0,0.059,919565.510837
1689607,IT,IE,AIRTR,BUSIN,2.03,1866638.9,5,5,1866637.841,0.0,0.0,1.0,0.059,919526.551724
1745863,IT,JP,LEATH,MACHI,13.37,1866422.585,6,6,1866406.262,0.0,13.0,3.0,0.323,139597.799925
1746258,IT,JP,CHEM1,FABRI,3.9,1866095.981,6,6,1866090.777,0.0,2.0,3.0,0.204,478486.148974
1801373,IT,WE,MACHI,RAILW,10.41,1865855.033,6,6,1865849.88,0.0,2.0,3.0,0.153,179236.794717
1771447,IT,CH,BEVER,BEVER,7.93,1865541.358,6,6,1865534.238,0.0,5.0,2.0,0.12,235251.117024
1729882,IT,SE,TRANS,TRANS,11.13,1865067.666,6,6,1865062.565,0.0,2.0,3.0,0.101,167571.218868
1738371,IT,GB,PREC1,RUBBE,3.17,1864958.022,6,6,1864950.936,0.0,3.0,4.0,0.086,588314.833438
1664252,IT,EE,BASIC,WOODW,2.15,1864914.417,6,6,1864911.299,0.0,1.0,2.0,0.118,867402.054419
1675296,IT,FR,FABRI,SUPPO,7.59,1864076.178,6,6,1864070.044,0.0,2.0,4.0,0.134,245596.334387
1811882,IT,WM,RUBBE,PFERT,6.18,1863799.777,6,6,1863793.608,0.0,3.0,3.0,0.169,301585.724434
1647847,IT,BE,AUXIL,FINAN,34.05,1862537.846,6,6,1862533.755,0.0,2.0,2.0,0.091,54700.083583
1743912,IT,US,SEACO,RETA1,1.89,1862433.558,5,5,1862432.526,0.0,0.0,1.0,0.032,985414.580952
1753052,IT,CA,CHEM1,BUSIN,3.89,1861430.706,6,6,1861425.503,0.0,2.0,3.0,0.203,478516.891003
1657434,IT,DE,RUBBE,BASIC,6.17,1861307.088,6,6,1861300.919,0.0,3.0,3.0,0.169,301670.516694
1789826,IT,WA,CERAM,WEARI,2.9,1861187.078,6,6,1861175.977,0.0,1.0,10.0,0.101,641788.647586
1667682,IT,ES,MACHI,ELEC4,10.38,1861089.334,6,6,1861084.181,0.0,2.0,3.0,0.153,179295.696917
1801722,IT,WE,ELEC1,RETA1,0.27,1860838.902,4,4,1860838.785,0.0,0.0,0.0,0.117,6891995.933333
1770514,IT,AU,AIRTR,SUPPO,2.03,1860367.415,5,5,1860366.356,0.0,0.0,1.0,0.059,916437.150246
1729135,IT,SE,GLASS,WOODW,5.1,1859745.543,6,6,1859737.437,0.0,1.0,7.0,0.106,364655.988824
1812545,IT,WM,ALUM1,FOUND,3.23,1859587.277,6,6,1859583.128,0.0,1.0,3.0,0.149,575723.61517
1804788,IT,WF,NAPHT,PLAST,3.16,1859548.157,6,6,1859544.024,0.0,1.0,3.0,0.133,588464.606646
1668712,IT,ES,LANDT,KEROS,12.0,1859431.157,6,6,1859428.069,0.0,1.0,2.0,0.088,154952.596417
1769805,IT,AU,MACHI,SALEM,10.37,1859358.687,6,6,1859353.534,0.0,2.0,3.0,0.153,179301.705593
1805120,IT,WF,PFERT,PLANT,0.82,1859292.1,6,6,1859289.802,0.0,1.0,1.0,0.298,2267429.390244
1813408,IT,WM,FURNI,AIRTR,5.93,1858967.115,6,6,1858956.955,0.0,5.0,5.0,0.16,313485.179595
1758601,IT,BR,MOTO1,LANDT,9.89,1858931.153,6,6,1858926.032,0.0,2.0,3.0,0.121,187960.682811
1732637,IT,SI,GLASS,CONST,5.1,1858869.936,6,6,1858861.83,0.0,1.0,7.0,0.106,364484.301176
1794429,IT,WL,GASDI,CATTL,2.77,1858416.094,6,6,1858412.943,0.0,1.0,2.0,0.151,670908.337184
1668989,IT,ES,AIRTR,BUSIN,2.02,1858115.471,5,5,1858114.412,0.0,0.0,1.0,0.059,919859.144059
1775263,IT,CH,BUSIN,WOODW,19.08,1857425.432,6,6,1857418.304,0.0,4.0,3.0,0.128,97349.3413
1791983,IT,WA,SEACO,WHOLE,1.89,1856608.567,5,5,1856607.535,0.0,0.0,1.0,0.032,982332.575132
1676600,IT,FR,HOTEL,TRANS,13.45,1856399.631,6,6,1856393.491,0.0,4.0,2.0,0.14,138022.277398
1739507,IT,GB,LANDT,HOTEL,11.97,1856141.812,6,6,1856138.724,0.0,1.0,2.0,0.088,155066.149708
1774361,IT,CH,HOTEL,WHOLE,13.44,1853918.883,6,6,1853912.743,0.0,4.0,2.0,0.14,137940.39308
1751391,IT,CN,SEACO,FABRI,1.89,1853564.447,5,5,1853563.415,0.0,0.0,1.0,0.032,980721.92963
1672966,IT,FR,DAIRY,EDUCA,7.53,1853548.912,6,6,1853533.787,0.0,13.0,2.0,0.125,246155.233997
1757319,IT,BR,BEVER,HOTEL,7.88,1853507.331,6,6,1853500.212,0.0,5.0,2.0,0.119,235216.666371
1645599,IT,BE,CHEM1,NAPHT,3.87,1853165.076,6,6,1853159.874,0.0,2.0,3.0,0.202,478854.024806
1723419,IT,PT,BASIC,RESEA,2.13,1852967.476,6,6,1852964.359,0.0,1.0,2.0,0.117,869937.78216
1813106,IT,WM,MOTO1,CRUDE,9.86,1852698.52,6,6,1852693.399,0.0,2.0,3.0,0.121,187900.458418
1743605,IT,US,HOTEL,GLASS,13.43,1852623.423,6,6,1852617.283,0.0,4.0,2.0,0.14,137946.643559
1794786,IT,WL,PLAST,PAPER,3.89,1852608.985,6,6,1852605.797,0.0,1.0,2.0,0.188,476249.096401
1673201,IT,FR,BEVER,EDUCA,7.88,1852331.687,6,6,1852324.568,0.0,5.0,2.0,0.119,235067.47297
1656547,IT,DE,PAPER,COMPU,7.18,1852258.789,6,6,1852240.606,0.0,15.0,3.0,0.183,257974.761699
1742688,IT,US,NONF1,TRANS,0.4,1851500.328,5,5,1851499.318,0.0,0.0,1.0,0.01,4628750.82
1801761,IT,WE,ELEC2,COMPU,0.45,1851065.94,4,4,1851065.746,0.0,0.0,0.0,0.194,4113479.866667
1757864,IT,BR,CHEM1,PAPER,3.87,1849986.207,6,6,1849981.005,0.0,2.0,3.0,0.202,478032.611628
1805760,IT,WF,BASIC,INSUR,2.13,1849801.255,6,6,1849798.138,0.0,1.0,2.0,0.117,868451.293427
1674316,IT,FR,CHEM1,SUGAR,3.86,1849297.971,6,6,1849292.769,0.0,2.0,3.0,0.202,479092.738601
1746177,IT,JP,PLAST,RADIO,3.88,1848906.15,6,6,1848902.962,0.0,1.0,2.0,0.188,476522.203608
1746808,IT,JP,MACHI,FOUND,10.31,1848284.316,6,6,1848279.164,0.0,2.0,3.0,0.152,179271.02968
1751443,IT,CN,AIRTR,PAPER,2.01,1847502.269,5,5,1847501.211,0.0,0.0,1.0,0.058,919155.357711
1685789,IT,HU,PLAST,MOTO1,3.88,1847062.35,6,6,1847059.162,0.0,1.0,2.0,0.188,476046.997423
1761363,IT,IN,CERAM,CERAM,2.88,1846935.141,6,6,1846924.041,0.0,1.0,10.0,0.1,641296.923958
1674716,IT,FR,GLASS,EDUCA,5.07,1846585.022,6,6,1846576.916,0.0,1.0,7.0,0.106,364217.953057
1726261,IT,RO,BASIC,MOTOR,2.13,1846084.445,6,6,1846081.328,0.0,1.0,2.0,0.117,866706.312207
1766493,IT,RU,ALUM1,MOTO1,3.21,1845876.719,6,6,1845872.571,0.0,1.0,3.0,0.148,575039.476324
1759139,IT,BR,AIRTR,MOTO1,2.01,1845538.967,5,5,1845537.909,0.0,0.0,1.0,0.058,918178.590547
1686566,IT,HU,ALUM1,FOUND,3.21,1845516.213,6,6,1845512.065,0.0,1.0,3.0,0.148,574927.169159
1810116,IT,WM,TEXTI,93197,10.94,1845500.003,6,6,1845495.758,0.0,2.0,2.0,0.245,168692.870475
1770939,IT,CH,VEGET,BEVER,6.53,1845397.489,6,6,1845388.417,0.0,8.0,1.0,0.072,282602.984533
1660053,IT,DE,AIRTR,MOTOR,2.01,1845175.783,5,5,1845174.725,0.0,0.0,1.0,0.058,917997.90199
1763763,IT,MX,GLASS,MOTO1,5.06,1845114.704,6,6,1845106.598,0.0,1.0,7.0,0.106,364647.174704
1812026,IT,WM,GLASS,HEALT,5.06,1845056.066,6,6,1845047.96,0.0,1.0,7.0,0.106,364635.586166
1675261,IT,FR,FABRI,FOUND,7.51,1844795.81,6,6,1844789.678,0.0,2.0,4.0,0.132,245645.24767
1678640,IT,GR,MEATC,HOTEL,6.16,1844414.086,6,6,1844384.968,0.0,27.0,2.0,0.118,299417.871104
1679754,IT,GR,BASIC,MOTO1,2.12,1843965.9,6,6,1843962.783,0.0,1.0,2.0,0.117,869795.235849
1771674,IT,CH,WEARI,RETA1,13.9,1843817.573,6,6,1843811.223,0.0,3.0,3.0,0.35,132648.746259
1813184,IT,WM,MOTO1,LANDT,9.81,1843716.392,6,6,1843711.272,0.0,2.0,3.0,0.12,187942.547604
1674324,IT,FR,CHEM1,RAWMI,3.85,1843427.844,6,6,1843422.643,0.0,2.0,3.0,0.201,478812.427013
1682162,IT,HR,TEXTI,PUBLI,10.92,1842869.087,6,6,1842864.842,0.0,2.0,2.0,0.245,168760.905403
1676551,IT,FR,HOTEL,FOOD5,13.36,1842743.587,6,6,1842737.448,0.0,4.0,2.0,0.139,137929.909207
1754878,IT,KR,FISH5,HOTEL,7.74,1842630.641,6,6,1842622.693,0.0,5.0,2.0,0.948,238065.974289
1803869,IT,WF,TEXTI,PUBLI,10.92,1842616.039,6,6,1842611.794,0.0,2.0,2.0,0.245,168737.732509
1738079,IT,GB,RUBBE,FURNI,6.1,1841885.072,6,6,1841878.905,0.0,3.0,3.0,0.167,301948.372459
1795536,IT,WL,ALUM1,CONST,3.2,1841842.245,6,6,1841838.097,0.0,1.0,3.0,0.148,575575.701562
1811626,IT,WM,CHEM1,NAPHT,3.85,1841397.635,6,6,1841392.434,0.0,2.0,3.0,0.201,478285.1
1759705,IT,BR,BUSIN,CRUDE,18.91,1841039.905,6,6,1841032.778,0.0,4.0,3.0,0.127,97358.00661
1811134,IT,WM,NAPHT,FISH5,3.12,1840783.014,6,6,1840778.882,0.0,1.0,3.0,0.132,589994.555769
1676852,IT,FR,LANDT,BUSIN,11.87,1840687.798,6,6,1840684.711,0.0,1.0,2.0,0.087,155070.581129
1688724,IT,IE,CHEM1,BUSIN,3.85,1840453.703,6,6,1840448.502,0.0,2.0,3.0,0.201,478039.922857
1769811,IT,AU,MACHI,LANDT,10.27,1840167.005,6,6,1840161.854,0.0,2.0,3.0,0.151,179178.870983
1795630,IT,WL,FABRI,FOOD5,7.49,1840148.043,6,6,1840141.911,0.0,2.0,4.0,0.132,245680.646595
1742052,IT,US,RUBBE,CRUDE,6.1,1839853.141,6,6,1839846.974,0.0,3.0,3.0,0.167,301615.269016
1660973,IT,DE,BUSIN,FABRI,18.89,1839692.014,6,6,1839684.887,0.0,4.0,3.0,0.127,97389.730757
1789356,IT,WA,CHEM1,WOODW,3.84,1839654.558,6,6,1839649.357,0.0,2.0,3.0,0.201,479076.707812
1675516,IT,FR,OFFIC,RESEA,5.7,1839405.48,6,6,1839401.347,0.0,2.0,2.0,0.133,322702.715789
1796828,IT,WL,SEACO,CRUDE,1.87,1839121.781,5,5,1839120.749,0.0,0.0,1.0,0.032,983487.583422
1713135,IT,MT,BEVER,SEACO,7.82,1838987.563,6,6,1838980.445,0.0,5.0,2.0,0.118,235164.65
1738390,IT,GB,PREC1,CONST,3.12,1838621.329,6,6,1838614.244,0.0,3.0,4.0,0.085,589301.708013
1796125,IT,WL,TRANS,WHOLE,10.97,1837844.761,6,6,1837839.661,0.0,2.0,3.0,0.1,167533.706563
1795687,IT,WL,FABRI,SALEM,7.48,1837757.492,6,6,1837751.36,0.0,2.0,4.0,0.132,245689.504278
1753362,IT,CA,PREC1,FURNI,3.12,1837602.361,6,6,1837595.276,0.0,3.0,4.0,0.085,588975.115705
1742904,IT,US,MACHI,BIOGA,10.25,1837415.077,6,6,1837409.926,0.0,2.0,3.0,0.151,179260.007512
1642459,IT,AT,ALUM1,WHOLE,3.19,1836277.071,6,6,1836272.924,0.0,1.0,3.0,0.147,575635.445455
1786420,IT,ZA,MACHI,EDUCA,10.24,1835845.158,6,6,1835840.007,0.0,2.0,3.0,0.151,179281.753711
1801735,IT,WE,ELEC1,93197,0.26,1835703.419,4,4,1835703.303,0.0,0.0,0.0,0.116,7060397.765385
1814607,IT,WM,BUSIN,PUBLI,18.85,1835694.821,6,6,1835687.694,0.0,4.0,3.0,0.127,97384.340637
1766978,IT,RU,MOTO1,SALEM,9.77,1835264.52,6,6,1835259.401,0.0,2.0,3.0,0.119,187846.931423
1666143,IT,ES,GASDI,SALEM,2.73,1835052.534,6,6,1835049.385,0.0,1.0,2.0,0.149,672180.415385
1743046,IT,US,OFFIC,PUBLI,5.69,1834958.601,6,6,1834954.469,0.0,2.0,2.0,0.132,322488.33058
1766231,IT,RU,GLASS,CONST,5.03,1834361.278,6,6,1834353.173,0.0,1.0,7.0,0.105,364684.150696
1749710,IT,CN,CHEM1,RETA1,3.83,1834073.442,6,6,1834068.242,0.0,2.0,3.0,0.2,478870.350392
1743922,IT,US,SEACO,INSUR,1.86,1833462.546,5,5,1833461.514,0.0,0.0,1.0,0.032,985732.551613
1783781,IT,NO,PAPE4,WASTE,12.09,1833117.265,6,6,1833112.159,0.0,1.0,4.0,0.106,151622.602564
1667487,IT,ES,FABRI,FOOD5,7.46,1832941.869,6,6,1832935.738,0.0,2.0,4.0,0.131,245702.663405
1641821,IT,AT,CHEM1,WHOLE,3.83,1832900.562,6,6,1832895.362,0.0,2.0,3.0,0.2,478564.115405
1645580,IT,BE,CHEM1,FISH5,3.83,1832007.296,6,6,1832002.096,0.0,2.0,3.0,0.2,478330.886684
1676836,IT,FR,LANDT,HOTEL,11.81,1831449.935,6,6,1831446.848,0.0,1.0,2.0,0.087,155076.201101
1769826,IT,AU,MACHI,EDUCA,10.22,1831386.941,6,6,1831381.791,0.0,2.0,3.0,0.15,179196.373875
1751219,IT,CN,HOTEL,MACHI,13.27,1830722.183,6,6,1830716.045,0.0,4.0,2.0,0.138,137959.471213
1743557,IT,US,HOTEL,NATUR,13.27,1830620.628,6,6,1830614.49,0.0,4.0,2.0,0.138,137951.818237
1796145,IT,WL,TRANS,EDUCA,10.92,1830390.521,6,6,1830385.422,0.0,2.0,3.0,0.099,167618.179579
1772782,IT,CH,NONME,NONME,3.7,1829869.938,6,6,1829864.737,0.0,1.0,4.0,0.201,494559.442703
1686451,IT,HU,BASIC,RESEA,2.11,1829614.119,6,6,1829611.003,0.0,1.0,2.0,0.116,867115.696209
1804251,IT,WF,MOTOR,POULT,2.73,1829433.048,6,6,1829429.899,0.0,1.0,2.0,0.149,670121.995604
1805212,IT,WF,CHEM1,PFERT,3.82,1829323.972,6,6,1829318.772,0.0,2.0,3.0,0.2,478880.620942
1811006,IT,WM,GASDI,REALE,2.72,1829182.535,6,6,1829179.386,0.0,1.0,2.0,0.149,672493.579044
1640948,IT,AT,WOODW,PULP5,5.12,1828918.206,6,6,1828903.083,0.0,12.0,3.0,0.123,357210.587109
1778098,IT,TR,MOTO1,FABRI,9.73,1828622.688,6,6,1828617.569,0.0,2.0,3.0,0.119,187936.555807
1737923,IT,GB,CHEM1,MOTOR,3.82,1828599.427,6,6,1828594.227,0.0,2.0,3.0,0.2,478690.949476
1750313,IT,CN,NONF1,ELEC1,0.4,1828508.48,4,4,1828508.47,0.0,0.0,0.0,0.01,4571271.2
1736013,IT,SK,TRANS,LANDT,10.91,1828305.89,6,6,1828300.791,0.0,2.0,3.0,0.099,167580.741522
1789712,IT,WA,RUBBE,93197,6.06,1828301.913,6,6,1828295.747,0.0,3.0,3.0,0.166,301699.985644
1740158,IT,GB,COMPU,BUSIN,20.87,1827123.789,6,6,1827117.674,0.0,3.0,3.0,0.115,87547.857643
1725964,IT,RO,CHEM1,BEVER,3.82,1826507.312,6,6,1826502.113,0.0,2.0,3.0,0.199,478143.275393
1675220,IT,FR,FABRI,DAIRY,7.43,1825546.465,6,6,1825540.334,0.0,2.0,4.0,0.131,245699.389637
1759793,IT,BR,BUSIN,RETA1,18.74,1825119.072,6,6,1825111.946,0.0,4.0,3.0,0.126,97391.626041
1714051,IT,MT,HOTEL,FINAN,13.22,1824453.512,6,6,1824447.375,0.0,4.0,2.0,0.137,138007.073525
1782453,IT,NO,MACHI,ALUM1,10.18,1824393.75,6,6,1824388.6,0.0,2.0,3.0,0.15,179213.531434
1749282,IT,CN,PAPER,WHOLE,7.07,1824015.563,6,6,1823997.383,0.0,15.0,3.0,0.18,257993.71471
1719762,IT,PL,BASIC,NATUR,2.1,1823923.644,6,6,1823920.529,0.0,1.0,2.0,0.115,868535.068571
1677942,IT,FR,BUSIN,HEALT,18.73,1823920.393,6,6,1823913.267,0.0,4.0,3.0,0.126,97379.625894
1742209,IT,US,GLASS,BUSIN,5.01,1823507.13,6,6,1823499.026,0.0,1.0,7.0,0.104,363973.479042
1804771,IT,WF,NAPHT,WOODW,3.09,1822925.761,6,6,1822921.631,0.0,1.0,3.0,0.13,589943.611974
1778967,IT,TR,SEACO,RESEA,1.85,1822710.762,5,5,1822709.73,0.0,0.0,1.0,0.032,985249.060541
1675089,IT,FR,ALUM1,SEWAG,3.17,1822590.594,6,6,1822586.448,0.0,1.0,3.0,0.146,574949.714196
1800676,IT,WE,CERAM,REALE,2.84,1821568.215,6,6,1821558.116,0.0,1.0,9.0,0.099,641397.258803
1657432,IT,DE,RUBBE,CEMEN,6.03,1821336.673,6,6,1821330.508,0.0,3.0,3.0,0.165,302045.882753
1812121,IT,WM,BRICK,CHEM1,2.73,1821183.579,6,6,1821173.462,0.0,1.0,9.0,0.117,667100.212088
1665240,IT,ES,BEVER,PIGS9,7.74,1820829.489,6,6,1820822.372,0.0,5.0,2.0,0.117,235249.287984
1804540,IT,WF,GASDI,RESEA,2.71,1820433.925,6,6,1820430.777,0.0,1.0,2.0,0.148,671746.835793
1780244,IT,TW,LANDT,SANDC,11.74,1819808.422,6,6,1819805.336,0.0,1.0,2.0,0.086,155009.235264
1737501,IT,GB,WOODW,BEVER,5.09,1819514.092,6,6,1819498.969,0.0,12.0,3.0,0.123,357468.387426
1742173,IT,US,GLASS,RUBBE,4.99,1819478.153,6,6,1819470.049,0.0,1.0,7.0,0.104,364624.880361
1679685,IT,GR,CERAM,HOTEL,2.83,1819110.065,6,6,1819099.966,0.0,1.0,9.0,0.099,642795.075972
1781414,IT,NO,FOOD5,FOOD5,8.73,1817529.752,6,6,1817519.59,0.0,8.0,2.0,0.162,208193.55693
1646482,IT,BE,MACHI,FABRI,10.14,1817258.12,6,6,1817252.971,0.0,2.0,3.0,0.149,179216.77712
1763282,IT,MX,PAPER,PAPER,7.04,1816883.565,6,6,1816865.386,0.0,15.0,3.0,0.179,258080.051847
1759177,IT,BR,AIRTR,HEALT,1.98,1816770.776,5,5,1816769.719,0.0,0.0,1.0,0.057,917560.99798
1756388,IT,KR,FURNI,MOTO1,5.8,1816665.825,6,6,1816655.669,0.0,5.0,5.0,0.156,313218.24569
1741909,IT,US,CHEM1,BIODI,3.8,1816431.554,6,6,1816426.356,0.0,2.0,3.0,0.198,478008.303684
1812165,IT,WM,CEMEN,REALE,2.91,1816316.386,6,6,1816304.304,0.0,1.0,11.0,0.082,624163.706529
1743918,IT,US,SEACO,AIRTR,1.85,1815855.016,5,5,1815853.985,0.0,0.0,1.0,0.031,981543.251892
1810496,IT,WM,PAPER,MEAT1,7.03,1814600.127,6,6,1814581.948,0.0,15.0,3.0,0.179,258122.350925
1812895,IT,WM,FABRI,HEALT,7.38,1814368.428,6,6,1814362.298,0.0,2.0,4.0,0.13,245849.380488
1800985,IT,WE,ALUM1,MOTO1,3.15,1814308.874,6,6,1814304.729,0.0,1.0,3.0,0.145,575971.071111
1750293,IT,CN,NONF1,CERAM,0.4,1814210.444,4,4,1814210.434,0.0,0.0,0.0,0.01,4535526.11
1804979,IT,WF,PLAST,NATUR,3.8,1812580.714,6,6,1812577.53,0.0,1.0,2.0,0.184,476994.924737
1778953,IT,TR,SEACO,WHOLE,1.84,1811960.977,5,5,1811959.946,0.0,0.0,1.0,0.031,984761.400543
1801733,IT,WE,ELEC1,HEALT,0.26,1811724.919,4,4,1811724.805,0.0,0.0,0.0,0.114,6968172.765385
1792117,IT,WA,AIRTR,BUSIN,1.97,1811454.764,5,5,1811453.707,0.0,0.0,1.0,0.057,919520.184772
1685855,IT,HU,CHEM1,PULP5,3.79,1811367.606,6,6,1811362.408,0.0,2.0,3.0,0.198,477933.405277
1753786,IT,CA,FURNI,PUBLI,5.78,1811099.127,6,6,1811088.971,0.0,5.0,5.0,0.156,313338.949308
1671529,IT,FI,MACHI,RESEA,10.1,1810199.961,6,6,1810194.812,0.0,2.0,3.0,0.149,179227.718911
1788212,IT,WA,LEATH,POULT,12.96,1809204.121,6,6,1809187.808,0.0,13.0,3.0,0.313,139599.08341
1746264,IT,JP,CHEM1,MOTO1,3.78,1808802.864,6,6,1808797.667,0.0,2.0,3.0,0.197,478519.27619
1659617,IT,DE,HOTEL,MACHI,13.11,1808257.663,6,6,1808251.527,0.0,4.0,2.0,0.136,137929.646301
1803698,IT,WF,BEVER,HOTEL,7.69,1808249.007,6,6,1808241.891,0.0,5.0,2.0,0.116,235142.913784
1758102,IT,BR,GLASS,CONST,4.96,1807591.502,6,6,1807583.399,0.0,1.0,7.0,0.103,364433.770565
1681837,IT,HR,VEGE1,FOOD5,5.56,1807541.022,6,6,1807526.629,0.0,11.0,3.0,0.393,325097.306115
1748355,IT,CN,OILSE,OILSE,1.31,1807351.147,6,6,1807337.063,0.0,13.0,1.0,0.084,1379657.364122
1777246,IT,TR,RUBBE,MACHI,5.99,1807200.463,6,6,1807194.299,0.0,3.0,3.0,0.164,301702.915359
1814606,IT,WM,BUSIN,BUSIN,18.56,1807144.173,6,6,1807137.048,0.0,4.0,3.0,0.125,97367.681735
1812939,IT,WM,MACHI,FOOD5,10.08,1807034.63,6,6,1807029.482,0.0,2.0,3.0,0.148,179269.308532
1772450,IT,CH,CHEM1,EDUCA,3.78,1806797.397,6,6,1806792.2,0.0,2.0,3.0,0.197,477988.729365
1723148,IT,PT,CHEM1,93197,3.78,1806637.525,6,6,1806632.328,0.0,2.0,3.0,0.197,477946.435185
1774376,IT,CH,HOTEL,RENTI,13.09,1806058.344,6,6,1806052.208,0.0,4.0,2.0,0.136,137972.371581
1784605,IT,ID,MACHI,OFFIC,10.07,1805306.353,6,6,1805301.205,0.0,2.0,3.0,0.148,179275.705362
1746260,IT,JP,CHEM1,OFFIC,3.77,1804940.463,6,6,1804935.266,0.0,2.0,3.0,0.197,478764.048541
1719933,IT,PL,PREC1,FOUND,3.07,1804718.815,6,6,1804711.732,0.0,3.0,4.0,0.083,587856.291531
1650330,IT,BG,ELEC2,MOTOR,0.43,1804505.848,4,4,1804505.659,0.0,0.0,0.0,0.189,4196525.227907
1659784,IT,DE,LANDT,FOOD5,11.64,1804311.065,6,6,1804307.98,0.0,1.0,2.0,0.085,155009.541667
1755562,IT,KR,CHEM1,RADIO,3.77,1803817.083,6,6,1803811.886,0.0,2.0,3.0,0.197,478466.069761
1749713,IT,CN,CHEM1,LANDT,3.77,1803633.509,6,6,1803628.312,0.0,2.0,3.0,0.197,478417.376393
1810503,IT,WM,PAPER,BEVER,6.99,1803394.628,6,6,1803376.45,0.0,15.0,3.0,0.178,257996.370243
1660790,IT,DE,COMPU,PRINT,20.59,1803153.467,6,6,1803148.354,0.0,2.0,3.0,0.113,87574.233463
1667837,IT,ES,OFFIC,REALE,5.59,1802991.549,6,6,1802987.419,0.0,2.0,2.0,0.13,322538.73864
1799913,IT,WE,HEAVY,WHEAT,2.91,1802741.351,6,6,1802738.206,0.0,1.0,2.0,0.145,619498.746048
1771922,IT,CH,PAPER,PAPER,6.99,1802678.812,6,6,1802660.634,0.0,15.0,3.0,0.178,257893.964521
1667090,IT,ES,NONME,BUSIN,3.64,1802519.015,6,6,1802513.817,0.0,1.0,4.0,0.198,495197.531593
1743930,IT,US,SEACO,EDUCA,1.83,1802443.779,5,5,1802442.748,0.0,0.0,1.0,0.031,984941.955738
1780167,IT,TW,HOTEL,CONST,13.06,1802098.64,6,6,1802092.504,0.0,4.0,2.0,0.136,137986.113323
1805076,IT,WF,PLAST,EDUCA,3.78,1801895.417,6,6,1801892.234,0.0,1.0,2.0,0.183,476691.909259
1796657,IT,WL,HOTEL,HOTEL,13.06,1801626.616,6,6,1801620.48,0.0,4.0,2.0,0.136,137949.970597
1810385,IT,WM,WOODW,EDUCA,5.04,1801609.565,6,6,1801595.443,0.0,11.0,3.0,0.122,357462.215278
1728980,IT,SE,CHEM1,93197,3.76,1801549.359,6,6,1801544.162,0.0,2.0,3.0,0.197,479135.467819
1812904,IT,WM,MACHI,WHEAT,10.05,1801479.845,6,6,1801474.697,0.0,2.0,3.0,0.148,179251.725871
1648173,IT,BE,BUSIN,MOTOR,18.5,1801303.284,6,6,1801296.16,0.0,4.0,3.0,0.124,97367.745081
1812473,IT,WM,PREC1,RETA1,3.06,1800824.972,6,6,1800817.889,0.0,3.0,4.0,0.083,588504.89281
1765958,IT,RU,CHEM1,CRUDE,3.76,1800780.168,6,6,1800774.971,0.0,2.0,3.0,0.197,478930.895745
1736420,IT,SK,LANDT,MOTO1,11.61,1800466.661,6,6,1800463.576,0.0,1.0,2.0,0.085,155078.954436
1730469,IT,SE,POSTT,BUSIN,29.65,1800267.825,6,6,1800262.688,0.0,2.0,3.0,0.137,60717.295953
1644806,IT,BE,TEXTI,TEXTI,10.67,1800212.483,6,6,1800208.244,0.0,2.0,2.0,0.239,168717.196157
1719440,IT,PL,RUBBE,WHOLE,5.96,1799815.706,6,6,1799809.543,0.0,3.0,3.0,0.163,301982.501007
1720371,IT,PL,MACHI,CEREA,10.04,1799036.224,6,6,1799031.076,0.0,2.0,3.0,0.148,179186.8749
1723904,IT,PT,FURNI,MOTO1,5.74,1798966.135,6,6,1798955.98,0.0,5.0,5.0,0.155,313408.734321
1728078,IT,SE,MEAT4,FOOD5,9.91,1798564.828,6,6,1798554.706,0.0,8.0,2.0,0.122,181489.891826
1737880,IT,GB,PLAST,FURNI,3.77,1797643.9,6,6,1797640.717,0.0,1.0,2.0,0.183,476828.62069
1722764,IT,PT,PAPER,PRINT,6.96,1797283.979,6,6,1797266.802,0.0,14.0,3.0,0.177,258230.456753
1800604,IT,WE,GLASS,GLASS,4.93,1797194.796,6,6,1797186.693,0.0,1.0,7.0,0.103,364542.55497
1665503,IT,ES,WEARI,CONST,13.54,1797044.58,6,6,1797038.239,0.0,3.0,3.0,0.341,132721.165436
1804564,IT,WF,HEAVY,FISHF,2.9,1796710.476,6,6,1796707.332,0.0,1.0,2.0,0.144,619555.336552
1656414,IT,DE,WOODW,BUSIN,5.03,1796625.292,6,6,1796611.171,0.0,11.0,3.0,0.121,357181.9666
1719869,IT,PL,BASIC,FOOD2,2.07,1796544.097,6,6,1796540.983,0.0,1.0,2.0,0.114,867895.699034
1687546,IT,HU,LANDT,MOTO1,11.59,1796248.742,6,6,1796245.657,0.0,1.0,2.0,0.085,154982.635203
1746459,IT,JP,GLASS,CONST,4.93,1795944.77,6,6,1795936.667,0.0,1.0,7.0,0.103,364289.0
1811603,IT,WM,CHEM1,DAIRY,3.75,1795712.535,6,6,1795707.339,0.0,2.0,3.0,0.196,478856.676
1742859,IT,US,MACHI,NATU1,10.01,1794992.983,6,6,1794987.836,0.0,2.0,3.0,0.147,179319.978322
1731987,IT,SI,KEROS,FORES,2.67,1794910.794,6,6,1794907.648,0.0,1.0,2.0,0.146,672251.233708
1750315,IT,CN,NONF1,ELEC3,0.39,1794597.593,4,4,1794597.583,0.0,0.0,0.0,0.01,4601532.289744
1744952,IT,US,BUSIN,HOTEL,18.43,1794423.864,6,6,1794416.74,0.0,4.0,3.0,0.124,97364.289962
1799949,IT,WE,HEAVY,MEAT1,2.9,1794119.23,6,6,1794116.086,0.0,1.0,2.0,0.144,618661.803448
1659863,IT,DE,LANDT,RETA1,11.57,1793460.274,6,6,1793457.189,0.0,1.0,2.0,0.085,155009.531029
1649667,IT,BG,CERAM,CONST,2.79,1792870.68,6,6,1792860.583,0.0,1.0,9.0,0.097,642605.978495
1773717,IT,CH,FURNI,RESEA,5.72,1792401.972,6,6,1792391.818,0.0,5.0,5.0,0.154,313356.988112
1757828,IT,BR,CHEM1,CEREA,3.75,1792036.627,6,6,1792031.431,0.0,2.0,3.0,0.196,477876.433867
1771584,IT,CH,TEXTI,HOTEL,10.62,1791930.964,6,6,1791926.726,0.0,2.0,2.0,0.238,168731.72919
1812273,IT,WM,BASIC,CROPS,2.06,1791891.374,6,6,1791888.261,0.0,1.0,2.0,0.113,869850.181553
1733886,IT,SI,SEACO,WHOLE,1.82,1790621.012,5,5,1790619.981,0.0,0.0,1.0,0.031,983857.698901
1742518,IT,US,BASIC,COMPU,2.06,1790614.973,6,6,1790611.86,0.0,1.0,2.0,0.113,869230.569417
1738391,IT,GB,PREC1,WHOLE,3.04,1790428.76,6,6,1790421.678,0.0,3.0,4.0,0.082,588956.828947
1710674,IT,LU,DAIRY,DAIRY,7.27,1789771.017,6,6,1789755.896,0.0,13.0,2.0,0.121,246185.834525
1670000,IT,ES,HEALT,MACHI,9.32,1789150.29,6,6,1789148.219,0.0,1.0,1.0,0.071,191968.915236
1649081,IT,BG,PAPER,WOODW,6.93,1789136.483,6,6,1789119.307,0.0,14.0,3.0,0.176,258172.65267
1804454,IT,WF,GASDI,FISHF,2.66,1789015.015,6,6,1789011.869,0.0,1.0,2.0,0.146,672562.035714
1667061,IT,ES,NONME,NONME,3.61,1788802.03,6,6,1788796.834,0.0,1.0,4.0,0.196,495513.027701
1750212,IT,CN,LEAD1,BASIC,3.11,1788652.03,6,6,1788639.879,0.0,4.0,8.0,0.151,575129.270096
1777495,IT,TR,BASIC,CEMEN,2.06,1788277.756,6,6,1788274.643,0.0,1.0,2.0,0.113,868095.998058
1805734,IT,WF,BASIC,OFFIC,2.06,1788055.755,6,6,1788052.642,0.0,1.0,2.0,0.113,867988.230583
1809315,IT,WM,STONE,CHEM1,5.78,1786835.153,6,6,1786734.072,0.0,1.0,100.0,0.081,309141.029931
1746225,IT,JP,CHEM1,COKEO,3.73,1786341.85,6,6,1786336.655,0.0,2.0,3.0,0.195,478912.024129
1715846,IT,NL,RUBBE,MACHI,5.92,1786176.649,6,6,1786170.487,0.0,3.0,3.0,0.162,301719.028547
1715260,IT,NL,PAPER,FOOD5,6.92,1785714.475,6,6,1785697.299,0.0,14.0,3.0,0.176,258051.224711
1678719,IT,GR,DAIRY,RAILW,7.25,1785401.144,6,6,1785386.023,0.0,13.0,2.0,0.121,246262.226759
1749157,IT,CN,PULP5,PROCE,5.44,1785078.048,6,6,1785065.881,0.0,9.0,3.0,0.167,328139.347059
1754991,IT,KR,TEXTI,HEALT,10.58,1784793.584,6,6,1784789.347,0.0,2.0,2.0,0.237,168695.045747
1749586,IT,CN,PFERT,WHEAT,0.79,1784525.451,6,6,1784523.165,0.0,1.0,1.0,0.286,2258892.975949
1756184,IT,KR,MACHI,PLAST,9.95,1783888.018,6,6,1783882.871,0.0,2.0,3.0,0.147,179285.22794
1641139,IT,AT,PAPER,HEALT,6.91,1783859.369,6,6,1783842.193,0.0,14.0,3.0,0.176,258156.203907
1749674,IT,CN,CHEM1,ALUM1,3.73,1783786.321,6,6,1783781.126,0.0,2.0,3.0,0.195,478226.89571
1667653,IT,ES,MACHI,CHEM1,9.95,1783238.429,6,6,1783233.282,0.0,2.0,3.0,0.147,179219.942613
1749773,IT,CN,ADDIT,COPP1,4.13,1783133.631,6,6,1783115.492,0.0,14.0,4.0,0.139,431751.484504
1682147,IT,HR,TEXTI,WHOLE,10.57,1783046.81,6,6,1783042.573,0.0,2.0,2.0,0.237,168689.385998
1786147,IT,ZA,BASIC,TRANS,2.05,1781930.247,6,6,1781927.134,0.0,1.0,2.0,0.113,869234.266829
1794608,IT,WL,HEAVY,SEACO,2.88,1781474.474,6,6,1781471.331,0.0,1.0,2.0,0.143,618567.525694
1811141,IT,WM,NAPHT,PAPER,3.02,1781026.82,6,6,1781022.693,0.0,1.0,3.0,0.127,589743.980132
1807201,IT,WF,AIRTR,POSTT,1.94,1780251.132,5,5,1780250.076,0.0,0.0,1.0,0.056,917655.22268
1655959,IT,DE,FOOD5,MEAT4,8.55,1779797.057,6,6,1779786.898,0.0,8.0,2.0,0.159,208163.39848
1715462,IT,NL,KEROS,GASDI,2.64,1778722.063,6,6,1778718.918,0.0,1.0,2.0,0.145,673758.357197
1795761,IT,WL,MACHI,WOODW,9.92,1778480.892,6,6,1778475.746,0.0,2.0,3.0,0.146,179282.347984
1641527,IT,AT,HEAVY,CEMEN,2.87,1778399.953,6,6,1778396.81,0.0,1.0,2.0,0.143,619651.551568
1645769,IT,BE,RUBBE,MACHI,5.89,1778351.7,6,6,1778345.539,0.0,3.0,3.0,0.161,301927.283531
1792103,IT,WA,AIRTR,HOTEL,1.94,1777945.508,5,5,1777944.452,0.0,0.0,1.0,0.056,916466.756701
1811837,IT,WM,RUBBE,NATUR,5.89,1777933.635,6,6,1777927.474,0.0,3.0,3.0,0.161,301856.304754
1665774,IT,ES,PAPER,HOTEL,6.89,1777777.073,6,6,1777759.898,0.0,14.0,3.0,0.175,258022.797242
1737525,IT,GB,WOODW,NONF1,4.97,1777633.747,6,6,1777619.627,0.0,11.0,3.0,0.12,357672.786117
1747607,IT,JP,AIRTR,WHOLE,1.94,1777623.531,5,5,1777622.475,0.0,0.0,1.0,0.056,916300.789175
1760668,IT,IN,PAPER,FISH5,6.89,1777610.791,6,6,1777593.616,0.0,14.0,3.0,0.175,257998.663425
1735506,IT,SK,PREC1,FOUND,3.02,1776928.524,6,6,1776921.442,0.0,3.0,4.0,0.082,588386.928477
1673737,IT,FR,PAPER,MACHI,6.88,1775878.809,6,6,1775861.634,0.0,14.0,3.0,0.175,258121.919913
1675285,IT,FR,FABRI,SALEM,7.23,1775861.55,6,6,1775855.423,0.0,2.0,4.0,0.127,245624.004149
1741898,IT,US,CHEM1,LUBRI,3.71,1775434.884,6,6,1775429.69,0.0,2.0,3.0,0.194,478553.877089
1782384,IT,NO,FABRI,SALEM,7.23,1775376.946,6,6,1775370.819,0.0,2.0,4.0,0.127,245556.977317
1653102,IT,CZ,CHEM1,TEXTI,3.71,1775374.809,6,6,1775369.615,0.0,2.0,3.0,0.194,478537.684367
1764297,IT,MX,MACHI,HEALT,9.9,1775363.891,6,6,1775358.745,0.0,2.0,3.0,0.146,179329.68596
1679478,IT,GR,CHEM1,BASIC,3.71,1775147.218,6,6,1775142.024,0.0,2.0,3.0,0.194,478476.339084
1761514,IT,IN,ALUM1,ELECT,3.08,1775025.003,6,6,1775020.861,0.0,1.0,3.0,0.142,576306.819156
1735704,IT,SK,FABRI,OFFIC,7.22,1774794.373,6,6,1774788.246,0.0,2.0,4.0,0.127,245816.395152
1658490,IT,DE,FABRI,RENTI,7.22,1774497.201,6,6,1774491.074,0.0,2.0,4.0,0.127,245775.235596
1790253,IT,WA,PREC1,WHOLE,3.01,1774318.562,6,6,1774311.48,0.0,3.0,4.0,0.082,589474.605316
1804644,IT,WF,HEAVY,RETA1,2.87,1774069.503,6,6,1774066.361,0.0,1.0,2.0,0.142,618142.683972
1750379,IT,CN,FABRI,OFFIC,7.22,1773614.53,6,6,1773608.403,0.0,2.0,4.0,0.127,245652.981994
1749544,IT,CN,PLAST,WOODW,3.72,1772360.637,6,6,1772357.457,0.0,1.0,2.0,0.18,476441.031452
1735574,IT,SK,ALUM1,HOTEL,3.08,1771971.806,6,6,1771967.664,0.0,1.0,3.0,0.142,575315.521429
1789344,IT,WA,CHEM1,MEAT4,3.7,1771788.569,6,6,1771783.376,0.0,2.0,3.0,0.193,478861.775405
1750531,IT,CN,MACHI,COLLE,9.88,1771632.182,6,6,1771627.036,0.0,2.0,3.0,0.146,179314.998178
1765948,IT,RU,CHEM1,PIGS9,3.7,1771105.039,6,6,1771099.846,0.0,2.0,3.0,0.193,478677.037568
1749771,IT,CN,ADDIT,ALUM1,4.1,1770791.009,6,6,1770773.871,0.0,13.0,4.0,0.138,431900.246098
1761178,IT,IN,CHEM1,PUBLI,3.7,1769321.804,6,6,1769316.611,0.0,2.0,3.0,0.193,478195.082162
1741595,IT,US,GASDI,RAILW,2.63,1769296.039,6,6,1769292.895,0.0,1.0,2.0,0.144,672736.136502
1795751,IT,WL,MACHI,DAIRY,9.87,1768864.648,6,6,1768859.503,0.0,2.0,3.0,0.145,179216.276393
1790564,IT,WA,NONF1,LEAD1,0.39,1768739.23,4,4,1768739.22,0.0,0.0,0.0,0.01,4535228.794872
1659963,IT,DE,SEACO,GASDI,1.8,1768194.741,5,5,1768193.71,0.0,0.0,1.0,0.031,982330.411667
1763040,IT,MX,TEXTI,TEXTI,10.48,1767950.197,6,6,1767945.962,0.0,2.0,2.0,0.235,168697.537882
1811418,IT,WM,PLAST,TEXTI,3.71,1767661.409,6,6,1767658.229,0.0,1.0,2.0,0.18,476458.600809
1764274,IT,MX,MACHI,SALEM,9.86,1767517.481,6,6,1767512.336,0.0,2.0,3.0,0.145,179261.407809
1675791,IT,FR,FURNI,RESEA,5.64,1767105.144,6,6,1767094.992,0.0,5.0,5.0,0.152,313316.514894
1750691,IT,CN,MOTO1,FURNI,9.4,1766716.176,6,6,1766711.061,0.0,2.0,3.0,0.115,187948.529362
1794771,IT,WL,PLAST,MEAT1,3.71,1766646.74,6,6,1766643.56,0.0,1.0,2.0,0.18,476185.105121
1713434,IT,MT,PLAST,SEACO,3.71,1766640.453,6,6,1766637.273,0.0,1.0,2.0,0.18,476183.410512
1657310,IT,DE,CHEM1,RECRE,3.69,1766493.015,6,6,1766487.822,0.0,2.0,3.0,0.193,478724.394309
1802982,IT,WF,WHEAT,PFERT,1.34,1766333.298,5,5,1766320.255,0.0,13.0,0.0,0.043,1318159.177612
1753536,IT,CA,MACHI,PAPER,9.85,1766278.642,6,6,1766273.497,0.0,2.0,3.0,0.145,179317.628629
1764231,IT,MX,MACHI,PLAST,9.85,1766067.742,6,6,1766062.597,0.0,2.0,3.0,0.145,179296.217462
1800628,IT,WE,GLASS,REALE,4.84,1765104.558,6,6,1765096.457,0.0,1.0,7.0,0.101,364691.02438
1803356,IT,WF,SANDC,REALE,4.05,1764955.44,6,6,1764566.377,0.0,1.0,388.0,0.063,435791.466667
1653652,IT,CZ,ALUM1,MACHI,3.07,1764608.721,6,6,1764604.58,0.0,1.0,3.0,0.141,574791.114332
1795677,IT,WL,FABRI,MOTO1,7.18,1764466.831,6,6,1764461.704,0.0,2.0,3.0,0.127,245747.469499
1799644,IT,WE,MOTOR,HEAVY,2.63,1763684.77,6,6,1763681.626,0.0,1.0,2.0,0.144,670602.574144
1795764,IT,WL,MACHI,PRINT,9.84,1763632.357,6,6,1763627.212,0.0,2.0,3.0,0.145,179230.930589
1667708,IT,ES,MACHI,RENTI,9.84,1763302.607,6,6,1763297.462,0.0,2.0,3.0,0.145,179197.419411
1812700,IT,WM,COPP1,REALE,4.45,1763275.375,6,6,1763267.284,0.0,2.0,6.0,0.091,396241.657303
1679091,IT,GR,PAPER,NICKE,6.83,1763244.903,6,6,1763227.729,0.0,14.0,3.0,0.174,258161.772035
1713114,IT,MT,FOOD5,POSTT,8.47,1762395.923,6,6,1762385.765,0.0,8.0,2.0,0.158,208075.079457
1656545,IT,DE,PAPER,REALE,6.83,1762183.258,6,6,1762166.084,0.0,14.0,3.0,0.174,258006.333529
1794973,IT,WL,CHEM1,FURNI,3.68,1761793.161,6,6,1761787.969,0.0,2.0,3.0,0.192,478748.141576
1773033,IT,CH,ALUM1,BASIC,3.06,1761257.923,6,6,1761253.782,0.0,1.0,3.0,0.141,575574.484641
1741700,IT,US,HEAVY,REALE,2.84,1760871.272,6,6,1760868.131,0.0,1.0,2.0,0.141,620025.095775
1772290,IT,CH,BITU1,DIST1,2.78,1760553.651,6,6,1760550.511,0.0,1.0,2.0,0.14,633292.680216
1656120,IT,DE,FISH5,FOOD5,7.4,1760082.944,6,6,1760075.039,0.0,5.0,2.0,0.905,237849.046486
1800500,IT,WE,RUBBE,PRINT,5.83,1759534.114,6,6,1759527.954,0.0,3.0,3.0,0.16,301806.880617
1811034,IT,WM,HEAVY,SANDC,2.84,1759285.336,6,6,1759282.195,0.0,1.0,2.0,0.141,619466.667606
1812991,IT,WM,MACHI,TRANS,9.81,1759100.778,6,6,1759095.633,0.0,2.0,3.0,0.145,179317.102752
1680341,IT,GR,ELEC1,TRAN1,0.25,1758944.735,4,4,1758944.624,0.0,0.0,0.0,0.111,7035778.94
1665989,IT,ES,MOTOR,DISTR,2.63,1758894.648,6,6,1758891.505,0.0,1.0,2.0,0.143,668781.234981
1811481,IT,WM,PLAST,SALEM,3.69,1758840.438,6,6,1758837.259,0.0,1.0,2.0,0.179,476650.525203
1719104,IT,PL,NONSP,ELEC1,2.31,1758542.57,6,6,1758539.475,0.0,1.0,2.0,0.095,761273.839827
1649421,IT,BG,CHEM1,BIODI,3.67,1758165.528,6,6,1758160.336,0.0,2.0,3.0,0.192,479064.176567
1665963,IT,ES,MOTOR,CHEM1,2.63,1758006.251,6,6,1758003.108,0.0,1.0,2.0,0.143,668443.441445
1647543,IT,BE,SUPPO,AIRTR,12.64,1757872.552,6,6,1757868.466,0.0,1.0,3.0,0.086,139072.19557
1778142,IT,TR,TRANS,ELECT,10.49,1757587.663,6,6,1757582.568,0.0,2.0,3.0,0.095,167548.871592
1811571,IT,WM,CHEM1,PADDY,3.67,1757297.215,6,6,1757292.023,0.0,2.0,3.0,0.192,478827.579019
1656988,IT,DE,LIQUE,PUBLI,3.08,1756990.009,6,6,1756986.867,0.0,1.0,2.0,0.142,570451.301623
1667440,IT,ES,NONF1,ALUM1,0.38,1756836.727,4,4,1756836.717,0.0,0.0,0.0,0.01,4623254.544737
1643428,IT,AT,LANDT,PLAST,11.33,1756781.514,6,6,1756778.431,0.0,1.0,2.0,0.083,155055.738217
1766801,IT,RU,MACHI,OFFIC,9.8,1755753.06,6,6,1755747.916,0.0,2.0,3.0,0.144,179158.47551
1743637,IT,US,HOTEL,TRAN1,12.72,1755677.973,6,6,1755671.841,0.0,4.0,2.0,0.132,138024.997877
1784357,IT,ID,RUBBE,CONST,5.81,1754875.887,6,6,1754869.728,0.0,3.0,3.0,0.159,302044.042513
1675667,IT,FR,TRANS,MOTO1,10.47,1754407.919,6,6,1754402.824,0.0,2.0,3.0,0.095,167565.226266
1800007,IT,WE,HEAVY,FURNI,2.83,1753767.176,6,6,1753764.035,0.0,1.0,2.0,0.141,619705.715901
1668891,IT,ES,SEACO,FABRI,1.78,1753632.648,5,5,1753631.618,0.0,0.0,1.0,0.03,985186.880899
1800310,IT,WE,PFERT,VEGET,0.77,1753198.471,6,6,1753196.19,0.0,1.0,1.0,0.281,2276881.131169
1764237,IT,MX,MACHI,GLASS,9.78,1752276.94,6,6,1752271.796,0.0,2.0,3.0,0.144,179169.421268
1667623,IT,ES,MACHI,FOOD5,9.77,1750845.126,6,6,1750839.982,0.0,2.0,3.0,0.144,179206.256499
1795723,IT,WL,MACHI,CATTL,9.77,1750582.526,6,6,1750577.382,0.0,2.0,3.0,0.144,179179.378301
1642629,IT,AT,FABRI,BASIC,7.12,1750452.056,6,6,1750446.93,0.0,2.0,3.0,0.126,245850.007865
1794925,IT,WL,CHEM1,WOODW,3.66,1750121.561,6,6,1750116.37,0.0,2.0,3.0,0.191,478175.289891
1776305,IT,TR,PAPER,RUBBE,6.78,1749567.075,6,6,1749549.902,0.0,14.0,3.0,0.173,258048.24115
1748080,IT,JP,BUSIN,RETA1,17.97,1749329.088,6,6,1749322.967,0.0,3.0,3.0,0.121,97347.194658
1656210,IT,DE,TEXTI,CONST,10.37,1749316.585,6,6,1749312.353,0.0,2.0,2.0,0.232,168690.123915
1655307,IT,DE,VEGET,VEGET,6.19,1748980.035,6,6,1748971.966,0.0,7.0,1.0,0.069,282549.278675
1751256,IT,CN,HOTEL,INSUR,12.67,1748270.912,6,6,1748265.78,0.0,3.0,2.0,0.132,137985.075927
1654015,IT,CZ,MACHI,TRANS,9.75,1748226.717,6,6,1748221.573,0.0,2.0,3.0,0.144,179305.304308
1804448,IT,WF,GASDI,POULT,2.6,1748083.167,6,6,1748080.025,0.0,1.0,2.0,0.142,672339.679615
1709789,IT,LT,RUBBE,KEROS,5.79,1747891.024,6,6,1747884.866,0.0,3.0,3.0,0.158,301881.005872
1809039,IT,WM,VEGET,HOTEL,6.19,1747888.911,6,6,1747880.842,0.0,7.0,1.0,0.069,282373.006624
1674762,IT,FR,CERAM,LANDT,2.72,1747268.559,6,6,1747258.464,0.0,1.0,9.0,0.095,642378.146691
1795337,IT,WL,NONME,NONME,3.53,1746314.867,6,6,1746309.675,0.0,1.0,4.0,0.192,494706.76119
1650288,IT,BG,ELEC1,WHOLE,0.25,1745975.516,4,4,1745975.406,0.0,0.0,0.0,0.11,6983902.064
1789283,IT,WA,PFERT,CROPS,0.77,1745884.279,6,6,1745882.0,0.0,1.0,1.0,0.279,2267382.180519
1642028,IT,AT,RUBBE,BUSIN,5.78,1745852.244,6,6,1745846.086,0.0,3.0,3.0,0.158,302050.561246
1713572,IT,MT,CEMEN,RETA1,2.79,1745215.98,6,6,1745203.901,0.0,1.0,11.0,0.079,625525.44086
1752578,IT,CA,BEVER,RECRE,7.42,1745209.522,6,6,1745202.41,0.0,5.0,2.0,0.112,235203.439623
1673771,IT,FR,PAPER,COMPU,6.76,1744441.685,6,6,1744424.513,0.0,14.0,3.0,0.172,258053.503698
1729381,IT,SE,BASIC,CEMEN,2.01,1744120.346,6,6,1744117.236,0.0,1.0,2.0,0.11,867721.565174
1713652,IT,MT,ALUM1,RAILW,3.03,1743545.861,6,6,1743541.721,0.0,1.0,3.0,0.14,575427.676898
1787677,IT,WA,VEGE1,POULT,5.36,1743116.508,6,6,1743102.129,0.0,11.0,3.0,0.379,325208.303731
1646158,IT,BE,PREC1,WASTE,2.96,1743048.297,6,6,1743041.217,0.0,3.0,4.0,0.08,588867.667905
1794369,IT,WL,KEROS,CRUDE,2.59,1742884.29,6,6,1742881.148,0.0,1.0,2.0,0.142,672928.297297
1795340,IT,WL,NONME,ALUM1,3.52,1742542.051,6,6,1742536.86,0.0,1.0,4.0,0.191,495040.355398
1714749,IT,NL,DAIRY,HOTEL,7.08,1742419.329,6,6,1742405.211,0.0,12.0,2.0,0.118,246104.425
1810075,IT,WM,TEXTI,FURNI,10.32,1741166.965,6,6,1741162.734,0.0,2.0,2.0,0.231,168717.729167
1790223,IT,WA,PREC1,PFERT,2.96,1741075.384,6,6,1741068.304,0.0,3.0,4.0,0.08,588201.143243
1811184,IT,WM,NAPHT,ELEC6,2.95,1740708.787,6,6,1740704.662,0.0,1.0,3.0,0.125,590070.775254
1686299,IT,HU,CEMEN,CONST,2.79,1740564.542,6,6,1740552.463,0.0,1.0,11.0,0.079,623858.258781
1789280,IT,WA,PFERT,OILSE,0.77,1740313.162,6,6,1740310.884,0.0,1.0,1.0,0.278,2260146.963636
1717713,IT,NL,BUSIN,FINAN,17.87,1740219.921,6,6,1740213.801,0.0,3.0,3.0,0.12,97382.200392
1713611,IT,MT,BASIC,AIRTR,2.0,1739681.092,6,6,1739677.982,0.0,1.0,2.0,0.11,869840.546
1795763,IT,WL,MACHI,PAPER,9.7,1739554.077,6,6,1739548.934,0.0,2.0,3.0,0.143,179335.471856
1666035,IT,ES,KEROS,TRANS,2.59,1739487.144,6,6,1739484.002,0.0,1.0,2.0,0.142,671616.657915
1688684,IT,IE,CHEM1,LIQUE,3.64,1739442.72,6,6,1739437.53,0.0,2.0,3.0,0.19,477868.879121
1789684,IT,WA,RUBBE,RETA1,5.76,1738733.69,6,6,1738727.532,0.0,3.0,3.0,0.158,301863.487847
1756709,IT,KR,SEACO,ELEC2,1.77,1738002.71,5,5,1738001.68,0.0,0.0,1.0,0.03,981922.435028
1662642,IT,DK,MACHI,FISH5,9.69,1736949.804,6,6,1736944.661,0.0,2.0,3.0,0.143,179251.785759
1649734,IT,BG,BASIC,FISH5,2.0,1736624.772,6,6,1736621.662,0.0,1.0,2.0,0.11,868312.386
1646257,IT,BE,LEAD1,CONST,3.02,1735715.562,6,6,1735703.416,0.0,4.0,8.0,0.146,574740.252318
1772358,IT,CH,CHEM1,PIGS9,3.63,1735135.155,6,6,1735129.966,0.0,2.0,3.0,0.189,477998.665289
1761667,IT,IN,FABRI,OFFIC,7.06,1733738.454,6,6,1733733.33,0.0,2.0,3.0,0.124,245572.01898
1804343,IT,WF,MOTOR,RAILW,2.59,1733522.111,6,6,1733518.97,0.0,1.0,2.0,0.141,669313.556371
1641783,IT,AT,CHEM1,BIOGA,3.62,1732388.948,6,6,1732383.759,0.0,2.0,3.0,0.189,478560.482873
1716132,IT,NL,PREC1,PREC1,2.94,1732387.817,6,6,1732380.737,0.0,3.0,4.0,0.08,589247.556803
1660101,IT,DE,AIRTR,WHOLE,1.89,1731988.947,5,5,1731987.892,0.0,0.0,1.0,0.055,916396.268254
1737963,IT,GB,CHEM1,FURNI,3.62,1731897.161,6,6,1731891.972,0.0,2.0,3.0,0.189,478424.63011
1642607,IT,AT,FABRI,WOODW,7.05,1731676.708,6,6,1731671.584,0.0,2.0,3.0,0.124,245627.901844
1747600,IT,JP,AIRTR,DISTR,1.88,1731406.614,5,5,1731405.559,0.0,0.0,1.0,0.055,920960.964894
1795178,IT,WL,RUBBE,RESEA,5.74,1731157.641,6,6,1731151.484,0.0,3.0,3.0,0.157,301595.40784
1721232,IT,PL,LANDT,GASDI,11.16,1730655.552,6,6,1730652.47,0.0,1.0,2.0,0.082,155076.662366
1665421,IT,ES,TEXTI,WHOLE,10.25,1730409.02,6,6,1730404.79,0.0,2.0,2.0,0.23,168820.392195
1738483,IT,GB,COPP1,OFFIC,4.37,1730161.75,6,6,1730153.661,0.0,2.0,6.0,0.089,395918.020595
1722656,IT,PT,WEARI,WEARI,13.04,1730078.026,6,6,1730071.697,0.0,3.0,3.0,0.329,132674.695245
1770937,IT,CH,VEGET,PROCE,6.12,1729721.36,6,6,1729713.292,0.0,7.0,1.0,0.068,282634.20915
1670510,IT,FI,BEVER,HOTEL,7.35,1729411.283,6,6,1729404.172,0.0,5.0,2.0,0.111,235294.052109
1741223,IT,US,WOODW,MOTO1,4.84,1729388.81,6,6,1729374.693,0.0,11.0,3.0,0.117,357311.737603
1748097,IT,JP,BUSIN,BUSIN,17.76,1729317.503,6,6,1729311.384,0.0,3.0,3.0,0.119,97371.481025
1714995,IT,NL,TOBAC,WHOLE,6.81,1729284.834,6,6,1729275.726,0.0,7.0,2.0,0.108,253933.162115
1666067,IT,ES,GASDI,VEGET,2.57,1728476.067,6,6,1728472.926,0.0,1.0,2.0,0.141,672558.780934
1716547,IT,NL,TRANS,TRANS,10.31,1728356.853,6,6,1728351.759,0.0,2.0,3.0,0.094,167638.880019
1673037,IT,FR,FOOD5,DAIRY,8.3,1728102.622,6,6,1728092.468,0.0,8.0,2.0,0.154,208205.135181
1738139,IT,GB,GLASS,CHEM1,4.74,1727452.218,6,6,1727444.119,0.0,1.0,7.0,0.099,364441.396203
1739445,IT,GB,LANDT,WOODW,11.14,1727101.105,6,6,1727098.023,0.0,1.0,2.0,0.082,155036.005835
1676558,IT,FR,HOTEL,WOODW,12.52,1727073.569,6,6,1727068.439,0.0,3.0,2.0,0.13,137945.173243
1738656,IT,GB,MACHI,FOOD5,9.63,1726644.174,6,6,1726639.032,0.0,2.0,3.0,0.142,179298.460436
1719652,IT,PL,CEMEN,CEMEN,2.76,1725666.145,6,6,1725654.067,0.0,1.0,11.0,0.078,625241.356884
1766137,IT,RU,RUBBE,FURNI,5.72,1725338.931,6,6,1725332.775,0.0,3.0,3.0,0.156,301632.680245
1726375,IT,RO,COPP1,FABRI,4.36,1724863.721,6,6,1724855.632,0.0,2.0,6.0,0.089,395610.945183
1785696,IT,ZA,NAPHT,GASDI,2.93,1724367.573,6,6,1724363.45,0.0,1.0,3.0,0.123,588521.355973
1812290,IT,WM,BASIC,LEADZ,1.98,1724342.048,6,6,1724338.939,0.0,1.0,2.0,0.109,870879.822222
1720303,IT,PL,FABRI,BASIC,7.01,1723705.843,6,6,1723700.719,0.0,2.0,3.0,0.124,245892.416976
1720334,IT,PL,FABRI,RETA1,7.01,1723563.133,6,6,1723558.009,0.0,2.0,3.0,0.124,245872.058916
1812949,IT,WM,MACHI,PRINT,9.61,1722428.855,6,6,1722423.713,0.0,2.0,3.0,0.142,179232.971384
1653991,IT,CZ,MACHI,PFERT,9.61,1721732.76,6,6,1721727.619,0.0,2.0,3.0,0.141,179160.536941
1641474,IT,AT,GASDI,HEALT,2.56,1721327.188,6,6,1721324.048,0.0,1.0,2.0,0.14,672393.432812
1674634,IT,FR,GLASS,VEGET,4.72,1721113.61,6,6,1721105.511,0.0,1.0,7.0,0.099,364642.713983
1662580,IT,DK,FABRI,MACHI,7.0,1721084.857,6,6,1721079.734,0.0,2.0,3.0,0.123,245869.265286
1666102,IT,ES,GASDI,GASDI,2.56,1721079.099,6,6,1721075.959,0.0,1.0,2.0,0.14,672296.523047
1761664,IT,IN,FABRI,FOUND,7.0,1720819.788,6,6,1720814.665,0.0,2.0,3.0,0.123,245831.398286
1745751,IT,JP,WEARI,OFFIC,12.97,1720610.895,6,6,1720604.568,0.0,3.0,3.0,0.327,132660.824595
1799072,IT,WE,TEXTI,PUBLI,10.19,1720484.072,6,6,1720479.844,0.0,2.0,2.0,0.228,168840.438862
1753464,IT,CA,FABRI,MACHI,7.0,1720469.958,6,6,1720464.835,0.0,2.0,3.0,0.123,245781.422571
1661600,IT,DK,BEVER,BUSIN,7.31,1720010.15,6,6,1720003.039,0.0,5.0,2.0,0.111,235295.506156
1711609,IT,LU,AUXIL,FINAN,31.44,1719486.565,6,6,1719482.481,0.0,2.0,2.0,0.084,54691.048505
1752863,IT,CA,COKEO,BASIC,0.22,1719079.374,4,4,1719079.365,0.0,0.0,0.0,0.009,7813997.154545
1649426,IT,BG,CHEM1,CEMEN,3.59,1718886.247,6,6,1718882.059,0.0,2.0,2.0,0.188,478798.397493
1661402,IT,DK,VEGE1,FOOD5,5.29,1718802.146,6,6,1718788.772,0.0,10.0,3.0,0.374,324915.339509
1805053,IT,WF,PLAST,DIST1,3.61,1718481.726,6,6,1718478.551,0.0,1.0,2.0,0.175,476033.719114
1740621,IT,US,CRUDE,MOTOR,3.38,1718059.642,6,6,1718056.494,0.0,1.0,2.0,0.148,508301.669231
1741044,IT,US,TEXTI,TEXTI,10.18,1717772.228,6,6,1717768.0,0.0,2.0,2.0,0.228,168739.904519
1766016,IT,RU,CHEM1,OFFIC,3.59,1717666.064,6,6,1717661.876,0.0,2.0,2.0,0.188,478458.513649
1667920,IT,ES,MOTO1,LANDT,9.14,1716866.702,6,6,1716861.59,0.0,2.0,3.0,0.112,187840.995842
1666159,IT,ES,GASDI,BUSIN,2.56,1716855.209,6,6,1716852.069,0.0,1.0,2.0,0.14,670646.566016
1738486,IT,GB,COPP1,FURNI,4.34,1716783.843,6,6,1716775.754,0.0,2.0,6.0,0.089,395572.314055
1659639,IT,DE,HOTEL,WHOLE,12.44,1716757.979,6,6,1716752.85,0.0,3.0,2.0,0.129,138003.052974
1789258,IT,WA,PLAST,RESEA,3.6,1716481.933,6,6,1716478.758,0.0,1.0,2.0,0.175,476800.536944
1674155,IT,FR,HEAVY,SEACO,2.77,1716165.579,6,6,1716162.441,0.0,1.0,2.0,0.138,619554.36065
1794439,IT,WL,GASDI,CRUDE,2.55,1715235.355,6,6,1715232.215,0.0,1.0,2.0,0.14,672641.315686
1796057,IT,WL,TRANS,MEATC,10.23,1714927.43,6,6,1714922.337,0.0,2.0,3.0,0.093,167637.089932
1642914,IT,AT,TRANS,LANDT,10.23,1714712.955,6,6,1714707.862,0.0,2.0,3.0,0.093,167616.124633
1666213,IT,ES,HEAVY,HEAVY,2.77,1714584.019,6,6,1714580.881,0.0,1.0,2.0,0.138,618983.400361
1746838,IT,JP,MACHI,WHOLE,9.56,1714255.513,6,6,1714250.372,0.0,2.0,3.0,0.141,179315.43023
1644486,IT,BE,DAIRY,CROPS,6.96,1714247.364,6,6,1714233.248,0.0,12.0,2.0,0.116,246299.908621
1643784,IT,AT,POSTT,POSTT,28.23,1714106.055,6,6,1714100.924,0.0,2.0,3.0,0.131,60719.307651
1717717,IT,NL,BUSIN,RENTI,17.6,1713179.998,6,6,1713173.88,0.0,3.0,3.0,0.118,97339.772614
1749835,IT,CN,RUBBE,PFERT,5.68,1713048.917,6,6,1713043.762,0.0,3.0,2.0,0.155,301593.11919
1655475,IT,DE,FISHF,HOTEL,2.95,1712972.424,5,5,1712971.363,0.0,1.0,0.0,0.061,580668.618305
1746643,IT,JP,COPP1,COPP1,4.33,1712828.799,6,6,1712820.71,0.0,2.0,6.0,0.089,395572.470901
1667058,IT,ES,NONME,CERAM,3.46,1712729.11,6,6,1712724.922,0.0,1.0,3.0,0.188,495008.413295
1795814,IT,WL,MACHI,ELEC4,9.55,1712561.873,6,6,1712556.732,0.0,2.0,3.0,0.141,179325.850576
1728898,IT,SE,CHEM1,PULP5,3.58,1712446.124,6,6,1712441.937,0.0,2.0,2.0,0.187,478336.906145
1683226,IT,HR,CERAM,FOOD5,2.67,1712238.757,6,6,1712228.664,0.0,1.0,9.0,0.093,641287.92397
1788399,IT,WA,WOODW,WHOLE,4.79,1711781.022,6,6,1711766.906,0.0,11.0,3.0,0.116,357365.557829
1648787,IT,BG,BEVER,CONST,7.28,1711673.238,6,6,1711666.128,0.0,5.0,2.0,0.11,235119.950275
1671037,IT,FI,RUBBE,PAPER,5.67,1711652.108,6,6,1711646.953,0.0,3.0,2.0,0.155,301878.67866
1749587,IT,CN,PFERT,CEREA,0.75,1711495.781,6,6,1711493.507,0.0,1.0,1.0,0.274,2281994.374667
1722141,IT,PL,BUSIN,CONST,17.58,1711370.169,6,6,1711364.051,0.0,3.0,3.0,0.118,97347.563652
1812979,IT,WM,MACHI,ALUM1,9.55,1711122.455,6,6,1711117.314,0.0,2.0,3.0,0.141,179175.126178
1761088,IT,IN,PFERT,PFERT,0.75,1710803.401,6,6,1710801.127,0.0,1.0,1.0,0.274,2281071.201333
1743601,IT,US,HOTEL,BIOGA,12.4,1710400.338,6,6,1710395.209,0.0,3.0,2.0,0.129,137935.511129
1751253,IT,CN,HOTEL,SUPPO,12.39,1710053.138,6,6,1710048.009,0.0,3.0,2.0,0.129,138018.816626
1734720,IT,SK,LEATH,MOTO1,12.25,1709994.343,6,6,1709979.047,0.0,12.0,3.0,0.296,139591.374939
1658552,IT,DE,MACHI,TEXTI,9.54,1709735.945,6,6,1709730.805,0.0,2.0,3.0,0.14,179217.604298
1713576,IT,MT,CEMEN,COMPU,2.74,1708926.803,6,6,1708914.726,0.0,1.0,11.0,0.077,623695.913504
1717003,IT,NL,LANDT,MOTOR,11.02,1708904.704,6,6,1708901.623,0.0,1.0,2.0,0.081,155073.022142
1670937,IT,FI,CHEM1,RUBBE,3.57,1708300.435,6,6,1708296.249,0.0,2.0,2.0,0.186,478515.528011
1771983,IT,CH,PAPER,RESEA,6.62,1708261.002,6,6,1708243.833,0.0,14.0,3.0,0.169,258045.46858
1782115,IT,NO,CERAM,CONST,2.66,1708221.983,6,6,1708211.89,0.0,1.0,9.0,0.093,642188.715414
1812825,IT,WM,FABRI,LIQUE,6.95,1707889.402,6,6,1707884.279,0.0,2.0,3.0,0.123,245739.482302
1728937,IT,SE,CHEM1,DISTR,3.57,1707701.617,6,6,1707697.431,0.0,2.0,2.0,0.186,478347.791877
1797007,IT,WL,AIRTR,LANDT,1.86,1707535.346,5,5,1707534.292,0.0,0.0,1.0,0.054,918029.755914
1778225,IT,TR,FURNI,RETA1,5.45,1707244.409,6,6,1707235.262,0.0,5.0,4.0,0.147,313255.854862
1785972,IT,ZA,RUBBE,WHOLE,5.66,1706857.672,6,6,1706852.517,0.0,3.0,2.0,0.155,301564.959717
1713080,IT,MT,DAIRY,SEACO,6.93,1706230.237,6,6,1706216.121,0.0,12.0,2.0,0.116,246209.269408
1645951,IT,BE,CERAM,WHOLE,2.66,1706062.551,6,6,1706052.459,0.0,1.0,9.0,0.092,641376.898872
1777526,IT,TR,BASIC,WHOLE,1.96,1706036.605,6,6,1706034.497,0.0,1.0,1.0,0.108,870426.839286
1805841,IT,WF,ALUM1,ALUMI,2.96,1705542.666,6,6,1705539.529,0.0,1.0,2.0,0.137,576196.846622
1806292,IT,WF,MACHI,AIRTR,9.51,1705484.066,6,6,1705478.926,0.0,2.0,3.0,0.14,179335.863933
1673511,IT,FR,LEATH,WEARI,12.21,1705409.417,6,6,1705394.122,0.0,12.0,3.0,0.295,139673.170925
1650342,IT,BG,ELEC2,RUBBE,0.41,1705268.522,4,4,1705268.344,0.0,0.0,0.0,0.178,4159191.517073
1657961,IT,DE,BASIC,RETAI,1.96,1704668.791,6,6,1704666.683,0.0,1.0,1.0,0.108,869728.975
1772585,IT,CH,RUBBE,BUSIN,5.65,1704493.191,6,6,1704488.036,0.0,3.0,2.0,0.155,301680.210796
1643650,IT,AT,AIRTR,SUPPO,1.86,1704383.819,5,5,1704382.765,0.0,0.0,1.0,0.054,916335.386559
1719398,IT,PL,RUBBE,PLAST,5.65,1704001.538,6,6,1703996.383,0.0,3.0,2.0,0.155,301593.192566
1754962,IT,KR,TEXTI,TRANS,10.1,1703925.276,6,6,1703921.05,0.0,2.0,2.0,0.226,168705.472871
1811053,IT,WM,HEAVY,KERO1,2.75,1703876.851,6,6,1703873.714,0.0,1.0,2.0,0.137,619591.582182
1799914,IT,WE,HEAVY,CEREA,2.75,1703849.134,6,6,1703845.997,0.0,1.0,2.0,0.137,619581.503273
1673741,IT,FR,PAPER,MOTO1,6.6,1703679.621,6,6,1703662.453,0.0,14.0,3.0,0.168,258133.275909
1653247,IT,CZ,RUBBE,BASIC,5.64,1703671.476,6,6,1703666.322,0.0,3.0,2.0,0.154,302069.410638
1791152,IT,WA,FURNI,VEGET,5.44,1703573.49,6,6,1703564.344,0.0,5.0,4.0,0.146,313156.891544
1751398,IT,CN,SEACO,TRANS,1.73,1703411.071,5,5,1703410.042,0.0,0.0,1.0,0.029,984630.676879
1733769,IT,SI,LANDT,FOUND,10.99,1703351.492,6,6,1703348.411,0.0,1.0,2.0,0.081,154991.036579
1678779,IT,GR,FOOD5,BEVER,8.18,1703039.203,6,6,1703029.051,0.0,8.0,2.0,0.152,208195.501589
1789699,IT,WA,RUBBE,RESEA,5.64,1702924.221,6,6,1702919.067,0.0,3.0,2.0,0.154,301936.918617
1681650,IT,HR,VEGET,FOOD5,6.03,1702779.297,6,6,1702771.23,0.0,7.0,1.0,0.067,282384.626368
1812819,IT,WM,FABRI,MOTOR,6.93,1702554.991,6,6,1702549.869,0.0,2.0,3.0,0.122,245678.93088
1653997,IT,CZ,MACHI,GLASS,9.5,1702139.243,6,6,1702134.103,0.0,2.0,3.0,0.14,179172.551895
1811158,IT,WM,NAPHT,PFERT,2.89,1701951.175,6,6,1701947.053,0.0,1.0,3.0,0.122,588910.441176
1655902,IT,DE,DAIRY,PUBLI,6.91,1701530.892,6,6,1701516.777,0.0,12.0,2.0,0.115,246241.807815
1777938,IT,TR,MACHI,RUBBE,9.49,1700713.128,6,6,1700707.988,0.0,2.0,3.0,0.14,179211.077766
1756018,IT,KR,NONF1,LEAD1,0.37,1700680.268,4,4,1700680.258,0.0,0.0,0.0,0.01,4596433.156757
1664208,IT,EE,CERAM,CONST,2.65,1700329.929,6,6,1700319.837,0.0,1.0,9.0,0.092,641633.935472
1657171,IT,DE,CHEM1,OILSE,3.55,1699810.12,6,6,1699806.934,0.0,1.0,2.0,0.186,478819.752113
1759119,IT,BR,AIRTR,PFERT,1.85,1699330.791,5,5,1699329.737,0.0,0.0,1.0,0.054,918557.184324
1715882,IT,NL,RUBBE,BUSIN,5.63,1699150.841,6,6,1699145.687,0.0,3.0,2.0,0.154,301802.991297
1676581,IT,FR,HOTEL,RUBBE,12.31,1698772.521,6,6,1698767.393,0.0,3.0,2.0,0.128,137999.392445
1741639,IT,US,HEAVY,WOODW,2.74,1698455.275,6,6,1698452.139,0.0,1.0,2.0,0.136,619874.187956
1737875,IT,GB,PLAST,FABRI,3.56,1698127.76,6,6,1698124.587,0.0,1.0,2.0,0.173,477002.179775
1789345,IT,WA,CHEM1,VEGE1,3.55,1697763.038,6,6,1697759.853,0.0,1.0,2.0,0.185,478243.109296
1726132,IT,RO,RUBBE,BUSIN,5.62,1697702.424,6,6,1697697.27,0.0,3.0,2.0,0.154,302082.281851
1765986,IT,RU,CHEM1,GASDI,3.55,1697603.452,6,6,1697600.267,0.0,1.0,2.0,0.185,478198.155493
1755529,IT,KR,CHEM1,GASDI,3.55,1697334.76,6,6,1697331.575,0.0,1.0,2.0,0.185,478122.467606
1799906,IT,WE,GASDI,EDUCA,2.53,1697297.538,6,6,1697294.4,0.0,1.0,2.0,0.138,670868.592095
1748941,IT,CN,WEARI,SALEM,12.79,1696805.461,6,6,1696799.139,0.0,3.0,3.0,0.322,132666.5724
1656215,IT,DE,TEXTI,HOTEL,10.05,1696071.26,6,6,1696067.035,0.0,2.0,2.0,0.225,168763.309453
1789874,IT,WA,CERAM,HEALT,2.64,1696026.87,6,6,1696016.778,0.0,1.0,9.0,0.092,642434.420455
1674964,IT,FR,BASIC,FOOD2,1.95,1695897.857,6,6,1695895.75,0.0,1.0,1.0,0.107,869691.208718
1667343,IT,ES,LEAD1,BASIC,2.95,1695891.34,6,6,1695880.197,0.0,4.0,7.0,0.143,574878.420339
1774587,IT,CH,SEACO,MACHI,1.72,1695425.359,5,5,1695424.33,0.0,0.0,1.0,0.029,985712.418023
1652769,IT,CZ,PAPER,BUSIN,6.57,1695093.228,6,6,1695076.061,0.0,14.0,3.0,0.167,258005.057534
1671789,IT,FI,WHOLE,RETA1,14.65,1694940.29,6,6,1694935.192,0.0,2.0,3.0,0.098,115695.582935
1741181,IT,US,LEATH,POSTT,12.14,1694642.721,6,6,1694627.428,0.0,12.0,3.0,0.293,139591.657414
1790416,IT,WA,LEAD1,LEAD1,2.95,1694444.685,6,6,1694433.542,0.0,4.0,7.0,0.143,574388.028814
1749615,IT,CN,CHEM1,RAWMI,3.54,1693925.604,6,6,1693922.419,0.0,1.0,2.0,0.185,478510.057627
1737924,IT,GB,CHEM1,KEROS,3.54,1693666.381,6,6,1693663.196,0.0,1.0,2.0,0.185,478436.830791
1742208,IT,US,GLASS,RESEA,4.65,1693586.809,6,6,1693578.712,0.0,1.0,7.0,0.097,364212.216989
1721056,IT,PL,HOTEL,OFFIC,12.27,1692956.701,6,6,1692951.573,0.0,3.0,2.0,0.128,137975.281255
1671328,IT,FI,ALUM1,FURNI,2.94,1692604.743,6,6,1692601.607,0.0,1.0,2.0,0.136,575715.89898
1754700,IT,KR,VEGE1,PLAST,5.2,1692129.362,6,6,1692115.994,0.0,10.0,3.0,0.368,325409.492692
1810750,IT,WM,MOTOR,RESEA,2.53,1692091.246,6,6,1692088.108,0.0,1.0,2.0,0.138,668810.76917
1785522,IT,ZA,MOTOR,SUPPO,2.53,1691845.388,6,6,1691842.25,0.0,1.0,2.0,0.138,668713.592095
1742802,IT,US,FABRI,POSTT,6.88,1691714.44,6,6,1691709.319,0.0,2.0,3.0,0.121,245888.726744
1772399,IT,CH,CHEM1,RUBBE,3.53,1690805.67,6,6,1690802.485,0.0,1.0,2.0,0.185,478981.776204
1666407,IT,ES,NAPHT,BUSIN,2.87,1690314.044,6,6,1690309.923,0.0,1.0,3.0,0.121,588959.597213
1810853,IT,WM,KEROS,OXYGE,2.51,1690165.494,6,6,1690162.356,0.0,1.0,2.0,0.138,673372.706773
1645288,IT,BE,KEROS,KEROS,2.51,1689658.502,6,6,1689655.364,0.0,1.0,2.0,0.138,673170.717928
1769929,IT,AU,MOTO1,SALEM,8.99,1689585.112,6,6,1689580.002,0.0,2.0,3.0,0.11,187940.501891
1771846,IT,CH,WOODW,FURNI,4.73,1688967.902,6,6,1688953.788,0.0,11.0,3.0,0.114,357075.666385
1709933,IT,LT,BASIC,OFFIC,1.94,1688350.348,6,6,1688348.241,0.0,1.0,1.0,0.107,870283.684536
1756029,IT,KR,NONF1,FURNI,0.37,1688268.097,4,4,1688268.087,0.0,0.0,0.0,0.01,4562886.748649
1813403,IT,WM,FURNI,RAILW,5.39,1688161.474,6,6,1688152.329,0.0,5.0,4.0,0.145,313202.499814
1660071,IT,DE,AIRTR,RUBBE,1.84,1688051.204,5,5,1688050.151,0.0,0.0,1.0,0.053,917419.132609
1731576,IT,SI,TEXTI,WHOLE,10.0,1688036.414,6,6,1688032.19,0.0,2.0,2.0,0.224,168803.6414
1723117,IT,PT,CHEM1,HOTEL,3.53,1687679.091,6,6,1687675.907,0.0,1.0,2.0,0.184,478096.059773
1812220,IT,WM,NONME,GLASS,3.41,1687010.836,6,6,1687006.651,0.0,1.0,3.0,0.185,494724.585337
1686582,IT,HU,ALUM1,CONST,2.93,1686780.045,6,6,1686776.91,0.0,1.0,2.0,0.135,575692.848123
1711063,IT,LU,PREC1,KEROS,2.87,1686436.195,6,6,1686430.117,0.0,3.0,3.0,0.078,587608.430314
1766009,IT,RU,CHEM1,ALUM1,3.52,1686397.111,6,6,1686393.927,0.0,1.0,2.0,0.184,479090.088352
1685879,IT,HU,CHEM1,CEMEN,3.52,1686378.592,6,6,1686375.408,0.0,1.0,2.0,0.184,479084.827273
1718158,IT,PL,DAIRY,CATTL,6.85,1685998.285,6,6,1685984.171,0.0,12.0,2.0,0.114,246131.136496
1736004,IT,SK,TRANS,MOTO1,10.06,1685220.166,6,6,1685215.075,0.0,2.0,3.0,0.091,167516.915109
1719815,IT,PL,BASIC,LEAD1,1.94,1685092.503,6,6,1685090.396,0.0,1.0,1.0,0.107,868604.38299
1667314,IT,ES,ALUM1,CONST,2.93,1684818.477,6,6,1684815.342,0.0,1.0,2.0,0.135,575023.37099
1758751,IT,BR,WHOLE,SUPPO,14.55,1683840.54,6,6,1683835.442,0.0,2.0,3.0,0.098,115727.872165
1795799,IT,WL,MACHI,COPP1,9.39,1683816.042,6,6,1683810.904,0.0,2.0,3.0,0.138,179320.132268
1665772,IT,ES,PAPER,WHOLE,6.52,1683768.339,6,6,1683751.173,0.0,14.0,3.0,0.166,258246.677761
1642370,IT,AT,BASIC,REALE,1.94,1683365.022,6,6,1683362.916,0.0,1.0,1.0,0.106,867713.928866
1812941,IT,WM,MACHI,FISH5,9.39,1683084.231,6,6,1683079.093,0.0,2.0,3.0,0.138,179242.197125
1733399,IT,SI,ELEC2,FABRI,0.41,1682948.151,4,4,1682947.975,0.0,0.0,0.0,0.176,4104751.587805
1642257,IT,AT,NONME,ALUM1,3.4,1682782.834,6,6,1682778.649,0.0,1.0,3.0,0.185,494936.127647
1759789,IT,BR,BUSIN,CONST,17.28,1682686.757,6,6,1682680.641,0.0,3.0,3.0,0.116,97377.705845
1742226,IT,US,CERAM,RUBBE,2.62,1682441.956,6,6,1682431.865,0.0,1.0,9.0,0.091,642153.418321
1668579,IT,ES,HOTEL,EDUCA,12.19,1682327.248,6,6,1682322.121,0.0,3.0,2.0,0.127,138008.798031
1719315,IT,PL,CHEM1,RESEA,3.52,1682095.256,6,6,1682092.072,0.0,1.0,2.0,0.184,477867.970455
1650271,IT,BG,ELEC1,PFERT,0.24,1682061.803,4,4,1682061.697,0.0,0.0,0.0,0.106,7008590.845833
1720492,IT,PL,MACHI,RENTI,9.38,1682034.853,6,6,1682029.715,0.0,2.0,3.0,0.138,179321.4129
1773727,IT,CH,FURNI,RECRE,5.37,1681131.026,6,6,1681121.881,0.0,5.0,4.0,0.145,313059.781378
1737962,IT,GB,CHEM1,TRANS,3.51,1681013.351,6,6,1681010.167,0.0,1.0,2.0,0.184,478921.182621
1804626,IT,WF,HEAVY,COPP1,2.72,1680920.577,6,6,1680917.442,0.0,1.0,2.0,0.135,617985.50625
1725992,IT,RO,CHEM1,CEMEN,3.51,1680867.952,6,6,1680864.769,0.0,1.0,2.0,0.183,478879.758405
1689754,IT,IE,FINAN,REALE,21.88,1680636.607,6,6,1680634.558,0.0,1.0,1.0,0.049,76811.54511
1735102,IT,SK,CHEM1,CONST,3.51,1680615.486,6,6,1680612.303,0.0,1.0,2.0,0.183,478807.830769
1735398,IT,SK,BASIC,FORES,1.93,1680340.707,6,6,1680338.601,0.0,1.0,1.0,0.106,870642.853368
1728272,IT,SE,BEVER,BEVER,7.14,1680163.777,6,6,1680156.669,0.0,5.0,2.0,0.108,235317.055602
1809011,IT,WM,VEGET,PFERT,5.95,1679282.648,6,6,1679274.582,0.0,7.0,1.0,0.066,282232.377815
1792288,IT,WA,POSTT,POSTT,27.66,1679278.525,6,6,1679273.397,0.0,2.0,3.0,0.128,60711.44342
1742983,IT,US,MACHI,PAPE4,9.37,1679001.276,6,6,1678996.138,0.0,2.0,3.0,0.138,179189.036926
1714123,IT,MT,SEACO,BUSIN,1.71,1678560.166,5,5,1678559.137,0.0,0.0,1.0,0.029,981614.132164
1656939,IT,DE,LIQUE,NUCLE,2.94,1678316.616,6,6,1678313.481,0.0,1.0,2.0,0.135,570855.991837
1673533,IT,FR,LEATH,MOTO1,12.02,1677786.435,6,6,1677771.145,0.0,12.0,3.0,0.29,139582.898087
1754110,IT,CA,AIRTR,MOTO1,1.83,1677639.526,5,5,1677638.473,0.0,0.0,1.0,0.053,916742.910383
1799792,IT,WE,KERO1,LANDT,2.4,1677336.53,6,6,1677333.393,0.0,1.0,2.0,0.137,698890.220833
1742836,IT,US,MACHI,WHEAT,9.36,1676869.475,6,6,1676864.337,0.0,2.0,3.0,0.138,179152.721688
1804526,IT,WF,GASDI,HOTEL,2.49,1676360.386,6,6,1676357.249,0.0,1.0,2.0,0.137,673237.102811
1654759,IT,CZ,AIRTR,SUPPO,1.82,1675579.202,5,5,1675578.149,0.0,0.0,1.0,0.053,920647.913187
1657227,IT,DE,CHEM1,PFERT,3.5,1675288.467,6,6,1675285.284,0.0,1.0,2.0,0.183,478653.847714
1645567,IT,BE,CHEM1,STONE,3.5,1675055.061,6,6,1675051.878,0.0,1.0,2.0,0.183,478587.160286
1661020,IT,DE,BUSIN,COMPU,17.2,1674816.572,6,6,1674810.456,0.0,3.0,3.0,0.116,97373.056512
1794884,IT,WL,CHEM1,CEREA,3.5,1674459.39,6,6,1674456.207,0.0,1.0,2.0,0.183,478416.968571
1810747,IT,WM,MOTOR,REALE,2.5,1674231.083,6,6,1674227.947,0.0,1.0,2.0,0.136,669692.4332
1658360,IT,DE,NONF1,CONST,0.37,1673711.73,4,4,1673711.721,0.0,0.0,0.0,0.009,4523545.216216
1743229,IT,US,TRANS,POSTT,9.99,1673238.845,6,6,1673233.754,0.0,2.0,3.0,0.091,167491.375876
1761120,IT,IN,CHEM1,PAPER,3.5,1672985.849,6,6,1672982.666,0.0,1.0,2.0,0.183,477995.956857
1801736,IT,WE,ELEC2,CROPS,0.4,1672902.838,4,4,1672902.663,0.0,0.0,0.0,0.175,4182257.095
1810367,IT,WM,WOODW,RETA1,4.68,1672455.689,6,6,1672441.576,0.0,11.0,3.0,0.113,357362.326709
1685834,IT,HU,CHEM1,NATUR,3.49,1671911.603,6,6,1671908.42,0.0,1.0,2.0,0.183,479057.765903
1776045,IT,TR,TEXTI,FURNI,9.9,1671577.567,6,6,1671574.345,0.0,2.0,1.0,0.222,168846.218889
1759167,IT,BR,AIRTR,FINAN,1.82,1671425.428,5,5,1671424.375,0.0,0.0,1.0,0.053,918365.61978
1640156,IT,AT,VEGET,VEGET,5.92,1671267.865,6,6,1671259.799,0.0,7.0,1.0,0.066,282308.76098
1766287,IT,RU,CERAM,SUPPO,2.6,1670897.753,6,6,1670887.662,0.0,1.0,9.0,0.091,642652.981923
1750821,IT,CN,FURNI,PLAST,5.33,1670566.126,6,6,1670556.982,0.0,5.0,4.0,0.144,313427.040525
1716047,IT,NL,NONME,CONST,3.37,1670393.614,6,6,1670389.431,0.0,1.0,3.0,0.183,495665.760831
1671321,IT,FI,ALUM1,FABRI,2.9,1670266.12,6,6,1670262.986,0.0,1.0,2.0,0.134,575953.834483
1810842,IT,WM,KEROS,FURNI,2.48,1670240.717,6,6,1670237.581,0.0,1.0,2.0,0.136,673484.160081
1688721,IT,IE,CHEM1,RENTI,3.49,1669937.858,6,6,1669934.676,0.0,1.0,2.0,0.182,478492.222923
1770504,IT,AU,AIRTR,CONST,1.82,1669467.945,5,5,1669466.892,0.0,0.0,1.0,0.053,917290.07967
1754534,IT,CA,BUSIN,CONST,17.14,1669039.336,6,6,1669033.221,0.0,3.0,3.0,0.115,97376.85741
1719456,IT,PL,RUBBE,BUSIN,5.53,1668920.815,6,6,1668915.664,0.0,3.0,2.0,0.151,301793.999096
1646336,IT,BE,FABRI,DAIRY,6.79,1668910.082,6,6,1668904.962,0.0,2.0,3.0,0.12,245789.408247
1755139,IT,KR,LEATH,FABRI,11.95,1668785.012,6,6,1668769.723,0.0,12.0,3.0,0.289,139647.281339
1748363,IT,CN,OILSE,PLAST,1.21,1668601.443,6,6,1668588.366,0.0,12.0,1.0,0.077,1379009.457025
1766826,IT,RU,MACHI,RETA1,9.31,1668363.812,6,6,1668358.675,0.0,2.0,3.0,0.137,179201.268743
1746117,IT,JP,COKEO,BASIC,0.21,1667918.637,4,4,1667918.628,0.0,0.0,0.0,0.009,7942469.7
1648548,IT,BG,CRUDE,GASDI,3.28,1667803.27,6,6,1667800.127,0.0,1.0,2.0,0.143,508476.606707
1683422,IT,HR,BASIC,COLLE,1.92,1667671.712,6,6,1667669.607,0.0,1.0,1.0,0.105,868579.016667
1680950,IT,GR,SEACO,WHOLE,1.7,1667651.904,5,5,1667650.875,0.0,0.0,1.0,0.029,980971.708235
1659822,IT,DE,LANDT,CEMEN,10.75,1666949.644,6,6,1666946.565,0.0,1.0,2.0,0.079,155065.083163
1801387,IT,WE,MACHI,BUSIN,9.3,1666863.031,6,6,1666857.894,0.0,2.0,3.0,0.137,179232.583978
1688477,IT,IE,WEARI,COMPU,12.56,1666755.698,6,6,1666750.381,0.0,3.0,2.0,0.317,132703.47914
1647130,IT,BE,HOTEL,SEACO,12.08,1666613.835,6,6,1666608.709,0.0,3.0,2.0,0.126,137964.72144
1792784,IT,WA,BUSIN,PUBLI,17.11,1666284.769,6,6,1666278.654,0.0,3.0,3.0,0.115,97386.602513
1751202,IT,CN,HOTEL,CHEM1,12.07,1665119.881,6,6,1665114.756,0.0,3.0,2.0,0.125,137955.251118
1729668,IT,SE,FABRI,CONST,6.77,1664521.275,6,6,1664516.156,0.0,2.0,3.0,0.119,245867.248892
1745413,IT,JP,DAIRY,FOOD5,6.76,1664431.445,6,6,1664417.332,0.0,12.0,2.0,0.113,246217.669379
1799058,IT,WE,TEXTI,HOTEL,9.86,1664367.063,6,6,1664363.842,0.0,2.0,1.0,0.221,168799.90497
1677310,IT,FR,FINAN,WHOLE,21.67,1663949.398,6,6,1663947.35,0.0,1.0,1.0,0.048,76785.851315
1812335,IT,WM,BASIC,CERAM,1.92,1663909.696,6,6,1663907.591,0.0,1.0,1.0,0.105,866619.633333
1750461,IT,CN,MACHI,FOOD5,9.28,1663770.235,6,6,1663765.098,0.0,2.0,3.0,0.137,179285.585668
1719837,IT,PL,BASIC,COLLE,1.92,1663767.266,6,6,1663765.161,0.0,1.0,1.0,0.105,866545.451042
1811638,IT,WM,CHEM1,GLASS,3.48,1663632.546,6,6,1663629.364,0.0,1.0,2.0,0.182,478055.32931
1650354,IT,BG,ELEC2,OFFIC,0.4,1663485.84,4,4,1663485.666,0.0,0.0,0.0,0.174,4158714.6
1646247,IT,BE,LEAD1,LEAD1,2.89,1663047.99,6,6,1663036.85,0.0,4.0,7.0,0.14,575449.131488
1769412,IT,AU,BRICK,CONST,2.49,1662482.934,6,6,1662472.827,0.0,1.0,9.0,0.107,667663.828916
1738243,IT,GB,CEMEN,CONST,2.66,1661923.734,6,6,1661912.659,0.0,1.0,10.0,0.075,624783.358647
1729798,IT,SE,MACHI,BUSIN,9.27,1661770.846,6,6,1661765.709,0.0,2.0,3.0,0.137,179263.305933
1769770,IT,AU,MACHI,CEMEN,9.27,1661706.318,6,6,1661701.181,0.0,2.0,3.0,0.137,179256.344984
1672964,IT,FR,DAIRY,BUSIN,6.75,1661659.565,6,6,1661645.453,0.0,12.0,2.0,0.112,246171.787407
1764750,IT,MX,HOTEL,CONST,12.04,1661647.452,6,6,1661642.327,0.0,3.0,2.0,0.125,138010.585714
1773573,IT,CH,MOTO1,BUSIN,8.84,1661283.367,6,6,1661278.259,0.0,2.0,3.0,0.108,187927.982692
1790942,IT,WA,OFFIC,BUSIN,5.15,1661070.413,6,6,1661066.293,0.0,2.0,2.0,0.12,322537.944272
1642371,IT,AT,BASIC,RENTI,1.91,1660757.256,6,6,1660755.151,0.0,1.0,1.0,0.105,869506.416754
1777447,IT,TR,NONME,CONST,3.36,1660742.903,6,6,1660738.721,0.0,1.0,3.0,0.182,494268.721131
1775227,IT,CH,RESEA,HEALT,9.0,1660381.577,6,6,1660377.461,0.0,2.0,2.0,0.116,184486.841889
1661478,IT,DK,FOOD5,PIGS9,7.98,1660015.079,6,6,1660004.931,0.0,8.0,2.0,0.148,208021.939724
1679494,IT,GR,CHEM1,DIST1,3.47,1659929.231,6,6,1659926.05,0.0,1.0,2.0,0.181,478365.772622
1674347,IT,FR,CHEM1,PAPER,3.47,1659867.258,6,6,1659864.077,0.0,1.0,2.0,0.181,478347.912968
1771948,IT,CH,PAPER,OFFIC,6.43,1659637.583,6,6,1659621.419,0.0,13.0,3.0,0.164,258108.488802
1782191,IT,NO,BASIC,WOODW,1.91,1659550.806,6,6,1659548.701,0.0,1.0,1.0,0.105,868874.767539
1761658,IT,IN,FABRI,BASIC,6.75,1659060.124,6,6,1659055.005,0.0,2.0,3.0,0.119,245786.685037
1681119,IT,GR,SUPPO,AIRTR,11.92,1658714.43,6,6,1658710.349,0.0,1.0,3.0,0.081,139153.895134
1747609,IT,JP,AIRTR,HOTEL,1.81,1658503.802,5,5,1658502.75,0.0,0.0,1.0,0.052,916300.443094
1731731,IT,SI,PULP5,FABRI,5.05,1656860.803,6,6,1656849.648,0.0,8.0,3.0,0.155,328091.248119
1723064,IT,PT,CHEM1,BEVER,3.46,1656653.336,6,6,1656650.155,0.0,1.0,2.0,0.181,478801.542197
1717170,IT,NL,AIRTR,SUPPO,1.8,1656651.726,5,5,1656650.674,0.0,0.0,1.0,0.052,920362.07
1742063,IT,US,RUBBE,FOOD5,5.49,1655685.87,6,6,1655681.72,0.0,2.0,2.0,0.15,301582.125683
1769483,IT,AU,BASIC,BASIC,1.91,1655376.437,6,6,1655374.332,0.0,1.0,1.0,0.105,866689.234031
1672719,IT,FR,CHEMI,MEAT4,3.95,1655354.341,6,6,1655267.185,0.0,6.0,81.0,0.156,419077.048354
1751486,IT,CN,AIRTR,REALE,1.8,1654773.105,5,5,1654772.053,0.0,0.0,1.0,0.052,919318.391667
1750549,IT,CN,MACHI,REALE,9.23,1654247.529,6,6,1654242.393,0.0,2.0,3.0,0.136,179225.084399
1801155,IT,WE,FABRI,NATUR,6.73,1654085.878,6,6,1654080.759,0.0,2.0,3.0,0.119,245777.990788
1761592,IT,IN,NONF1,OFFIC,0.36,1653560.335,4,4,1653560.326,0.0,0.0,0.0,0.009,4593223.152778
1799703,IT,WE,MOTOR,AIRTR,2.47,1653546.66,6,6,1653543.525,0.0,1.0,2.0,0.135,669452.089069
1659961,IT,DE,SEACO,MOTOR,1.68,1653424.748,5,5,1653423.719,0.0,0.0,1.0,0.029,984181.397619
1646186,IT,BE,ALUM1,BASIC,2.87,1653164.459,6,6,1653161.327,0.0,1.0,2.0,0.132,576015.490941
1765418,IT,RU,TEXTI,TEXTI,9.79,1653025.322,6,6,1653022.103,0.0,2.0,1.0,0.219,168848.347497
1812712,IT,WM,NONF1,CRUDE,0.36,1652839.205,4,4,1652839.196,0.0,0.0,0.0,0.009,4591220.013889
1813783,IT,WM,HOTEL,PUBLI,11.98,1652317.907,6,6,1652312.783,0.0,3.0,2.0,0.124,137923.030634
1805482,IT,WF,GLASS,EDUCA,4.54,1652308.034,6,6,1652299.939,0.0,1.0,7.0,0.095,363944.500881
1786352,IT,ZA,MACHI,NONFE,9.22,1652297.693,6,6,1652292.557,0.0,2.0,3.0,0.136,179207.992733
1671486,IT,FI,MACHI,PULP5,9.22,1652222.207,6,6,1652217.071,0.0,2.0,3.0,0.136,179199.805531
1737877,IT,GB,PLAST,OFFIC,3.47,1652045.961,6,6,1652042.793,0.0,1.0,2.0,0.168,476093.936888
1666584,IT,ES,CHEM1,CERAM,3.45,1651992.185,6,6,1651989.005,0.0,1.0,2.0,0.18,478838.314493
1650352,IT,BG,ELEC2,FABRI,0.4,1651470.22,4,4,1651470.047,0.0,0.0,0.0,0.173,4128675.55
1676599,IT,FR,HOTEL,MOTO1,11.97,1651371.18,6,6,1651366.056,0.0,3.0,2.0,0.124,137959.162907
1659903,IT,DE,TRAN2,BEVER,2.55,1651213.733,6,6,1651211.688,0.0,1.0,1.0,0.045,647534.797255
1784318,IT,ID,CHEM1,HEALT,3.45,1651040.254,6,6,1651037.074,0.0,1.0,2.0,0.18,478562.392464
1749683,IT,CN,CHEM1,RADIO,3.45,1650807.901,6,6,1650804.721,0.0,1.0,2.0,0.18,478495.043768
1735456,IT,SK,BASIC,ELEC3,1.9,1650563.937,6,6,1650561.833,0.0,1.0,1.0,0.104,868717.861579
1789221,IT,WA,PLAST,RADIO,3.46,1649815.945,6,6,1649812.777,0.0,1.0,2.0,0.168,476825.41763
1803874,IT,WF,TEXTI,93197,9.77,1649558.984,6,6,1649555.765,0.0,2.0,1.0,0.219,168839.2
1803008,IT,WF,WHEAT,WHOLE,1.25,1649508.675,5,5,1649496.635,0.0,12.0,0.0,0.04,1319606.94
1675743,IT,FR,FURNI,CHEM1,5.26,1649054.676,6,6,1649045.534,0.0,5.0,4.0,0.142,313508.493536
1742510,IT,US,BASIC,RAILW,1.9,1648964.004,6,6,1648961.9,0.0,1.0,1.0,0.104,867875.791579
1741205,IT,US,WOODW,PULP5,4.61,1648948.049,6,6,1648934.938,0.0,11.0,2.0,0.111,357689.381562
1738338,IT,GB,BASIC,COMPU,1.9,1648350.572,6,6,1648348.468,0.0,1.0,1.0,0.104,867552.932632
1673921,IT,FR,MOTOR,WHOLE,2.46,1648349.178,6,6,1648346.044,0.0,1.0,2.0,0.134,670060.641463
1646505,IT,BE,MACHI,SUPPO,9.2,1648260.376,6,6,1648255.241,0.0,2.0,3.0,0.135,179158.736522
1686448,IT,HU,BASIC,REALE,1.9,1648154.589,6,6,1648152.485,0.0,1.0,1.0,0.104,867449.783684
1720349,IT,PL,FABRI,BUSIN,6.71,1647822.286,6,6,1647817.168,0.0,2.0,3.0,0.118,245577.091803
1794957,IT,WL,CHEM1,NONME,3.44,1647781.352,6,6,1647778.172,0.0,1.0,2.0,0.18,479006.206977
1656548,IT,DE,PAPER,RESEA,6.38,1647501.052,6,6,1647484.889,0.0,13.0,3.0,0.163,258229.005016
1758289,IT,BR,ALUM1,FABRI,2.86,1647415.122,6,6,1647411.99,0.0,1.0,2.0,0.132,576019.273427
1804543,IT,WF,GASDI,EDUCA,2.45,1646840.943,6,6,1646837.809,0.0,1.0,2.0,0.134,672179.976735
1801342,IT,WE,MACHI,ALUM1,9.19,1646688.664,6,6,1646683.529,0.0,2.0,3.0,0.135,179182.662024
1674435,IT,FR,ADDIT,MOTOR,3.81,1646556.353,6,6,1646541.225,0.0,12.0,3.0,0.128,432167.021785
1739723,IT,GB,SUPPO,LANDT,11.83,1646109.27,6,6,1646105.189,0.0,1.0,3.0,0.081,139147.021978
1721090,IT,PL,HOTEL,BUSIN,11.93,1645989.032,6,6,1645983.908,0.0,3.0,2.0,0.124,137970.581056
1675463,IT,FR,MACHI,93197,9.18,1644890.79,6,6,1644885.655,0.0,2.0,3.0,0.135,179182.003268
1801759,IT,WE,ELEC2,AUXIL,0.4,1644848.832,4,4,1644848.66,0.0,0.0,0.0,0.172,4112122.08
1729944,IT,SE,FURNI,HEALT,5.25,1644658.476,6,6,1644649.335,0.0,5.0,4.0,0.141,313268.281143
1709955,IT,LT,BASIC,SUPPO,1.89,1644649.187,6,6,1644647.083,0.0,1.0,1.0,0.104,870184.755026
1774602,IT,CH,SEACO,CONST,1.67,1643248.003,5,5,1643246.975,0.0,0.0,1.0,0.028,983980.84012
1665021,IT,ES,CHEMI,WHOLE,3.92,1643186.259,6,6,1643099.105,0.0,6.0,81.0,0.154,419180.168112
1655277,IT,DE,WHEAT,RESEA,1.24,1642884.32,5,5,1642872.28,0.0,12.0,0.0,0.04,1324906.709677
1790743,IT,WA,MACHI,ANTHR,9.16,1642766.413,6,6,1642761.278,0.0,2.0,3.0,0.135,179341.311463
1775754,IT,TR,CRUDE,HEAVY,3.23,1642154.221,6,6,1642151.08,0.0,1.0,2.0,0.141,508406.879567
1814043,IT,WM,SEACO,PUBLI,1.67,1641946.433,5,5,1641945.405,0.0,0.0,1.0,0.028,983201.456886
1804618,IT,WF,HEAVY,CERAM,2.65,1641128.798,6,6,1641125.666,0.0,1.0,2.0,0.132,619293.886038
1641336,IT,AT,KEROS,LEATH,2.44,1640634.272,6,6,1640631.138,0.0,1.0,2.0,0.134,672391.095082
1801823,IT,WE,ELEC6,REALE,0.24,1640339.253,4,4,1640338.99,0.0,0.0,0.0,0.263,6834746.8875
1719872,IT,PL,BASIC,WASTE,1.89,1639862.249,6,6,1639860.145,0.0,1.0,1.0,0.104,867651.983598
1746189,IT,JP,CHEM1,PADDY,3.43,1639263.116,6,6,1639259.937,0.0,1.0,2.0,0.179,477919.275802
1723396,IT,PT,BASIC,MEDIC,1.89,1639237.842,6,6,1639235.738,0.0,1.0,1.0,0.104,867321.609524
1667559,IT,ES,FABRI,RENTI,6.67,1639078.96,6,6,1639073.842,0.0,2.0,3.0,0.118,245738.974513
1676561,IT,FR,HOTEL,PRINT,11.88,1638978.704,6,6,1638973.581,0.0,3.0,2.0,0.123,137961.17037
1640175,IT,AT,VEGET,HOTEL,5.8,1638965.054,6,6,1638956.99,0.0,7.0,1.0,0.064,282580.181724
1682119,IT,HR,TEXTI,LUBRI,9.71,1638772.42,6,6,1638769.202,0.0,2.0,1.0,0.218,168771.61895
1647128,IT,BE,HOTEL,LANDT,11.88,1638729.08,6,6,1638723.957,0.0,3.0,2.0,0.123,137940.158249
1759813,IT,BR,BUSIN,HEALT,16.83,1638594.477,6,6,1638588.364,0.0,3.0,3.0,0.113,97361.525668
1682598,IT,HR,KEROS,FORES,2.44,1638502.16,6,6,1638499.027,0.0,1.0,2.0,0.133,671517.278689
1679980,IT,GR,FABRI,HOTEL,6.67,1637758.358,6,6,1637753.241,0.0,2.0,3.0,0.117,245540.983208
1673895,IT,FR,COKEO,MACHI,0.21,1637576.312,4,4,1637576.304,0.0,0.0,0.0,0.008,7797982.438095
1787964,IT,WA,TEXTI,PADDY,9.7,1636880.423,6,6,1636877.206,0.0,2.0,1.0,0.217,168750.559072
1790870,IT,WA,MACHI,93197,9.13,1636473.144,6,6,1636468.01,0.0,2.0,3.0,0.134,179241.308215
1762295,IT,IN,AIRTR,WHOLE,1.78,1636288.609,5,5,1636287.557,0.0,0.0,1.0,0.052,919263.263483
1664343,IT,EE,FABRI,FABRI,6.66,1636151.156,6,6,1636146.039,0.0,2.0,3.0,0.117,245668.341742
1673085,IT,FR,FOOD5,WHOLE,7.86,1635917.197,6,6,1635907.051,0.0,8.0,2.0,0.146,208131.958906
1667062,IT,ES,NONME,BASIC,3.3,1635477.422,6,6,1635473.243,0.0,1.0,3.0,0.179,495599.218788
1799715,IT,WE,MOTOR,HEALT,2.44,1635162.122,6,6,1635158.989,0.0,1.0,2.0,0.133,670148.410656
1644516,IT,BE,DAIRY,HOTEL,6.64,1634962.019,6,6,1634947.908,0.0,12.0,2.0,0.111,246229.219729
1738936,IT,GB,FURNI,BUSIN,5.22,1634354.548,6,6,1634345.407,0.0,5.0,4.0,0.141,313094.740996
1675425,IT,FR,MACHI,TRAN2,9.12,1633837.015,6,6,1633831.881,0.0,2.0,3.0,0.134,179148.795504
1641800,IT,AT,CHEM1,MACHI,3.41,1633454.56,6,6,1633451.382,0.0,1.0,2.0,0.178,479018.932551
1760627,IT,IN,PULP5,PAPER,4.98,1633435.567,6,6,1633424.414,0.0,8.0,3.0,0.153,327999.109839
1686497,IT,HU,PREC1,FOUND,2.77,1633278.081,6,6,1633272.006,0.0,3.0,3.0,0.075,589631.076173
1780959,IT,TW,BUSIN,TEXTI,16.77,1632415.103,6,6,1632408.99,0.0,3.0,3.0,0.113,97341.389565
1771690,IT,CH,WEARI,BUSIN,12.3,1632140.2,6,6,1632134.89,0.0,3.0,2.0,0.31,132694.325203
1679306,IT,GR,HEAVY,SEACO,2.64,1631767.231,6,6,1631764.1,0.0,1.0,2.0,0.131,618093.648106
1642676,IT,AT,FABRI,BUSIN,6.64,1631282.236,6,6,1631277.119,0.0,2.0,3.0,0.117,245675.035542
1783307,IT,NO,PAPE1,CRUDE,11.43,1631210.942,6,6,1631205.837,0.0,2.0,3.0,0.105,142713.118285
1789358,IT,WA,CHEM1,PAPER,3.41,1630974.595,6,6,1630971.417,0.0,1.0,2.0,0.178,478291.670088
1812024,IT,WM,GLASS,PUBLI,4.48,1630390.348,6,6,1630383.255,0.0,1.0,6.0,0.093,363926.416964
1642431,IT,AT,ALUM1,RUBBE,2.83,1629907.466,6,6,1629904.335,0.0,1.0,2.0,0.131,575939.033922
1679687,IT,GR,CERAM,TRAN2,2.54,1629693.958,6,6,1629684.87,0.0,1.0,8.0,0.088,641611.794488
1788966,IT,WA,HEAVY,BASIC,2.63,1629630.01,6,6,1629626.879,0.0,1.0,2.0,0.131,619631.18251
1641790,IT,AT,CHEM1,CEMEN,3.4,1629280.39,6,6,1629277.212,0.0,1.0,2.0,0.178,479200.114706
1676594,IT,FR,HOTEL,FABRI,11.81,1629016.334,6,6,1629011.211,0.0,3.0,2.0,0.123,137935.337341
1763934,IT,MX,BASIC,ALUM1,1.87,1628060.504,6,6,1628058.401,0.0,1.0,1.0,0.103,870620.590374
1774672,IT,CH,AIRTR,SUPPO,1.77,1627947.762,5,5,1627946.711,0.0,0.0,1.0,0.051,919744.498305
1650279,IT,BG,ELEC1,COPP1,0.23,1627718.093,4,4,1627717.99,0.0,0.0,0.0,0.103,7077035.186957
1652235,IT,CZ,FOOD5,FOOD5,7.82,1626735.792,6,6,1626725.647,0.0,8.0,2.0,0.145,208022.479795
1813308,IT,WM,TRANS,RESEA,9.7,1626093.814,6,6,1626088.726,0.0,2.0,3.0,0.088,167638.537526
1657153,IT,DE,PLAST,REALE,3.41,1625643.537,6,6,1625640.372,0.0,1.0,2.0,0.165,476728.309971
1790786,IT,WA,MACHI,GASDI,9.07,1625618.058,6,6,1625612.924,0.0,2.0,3.0,0.134,179230.215877
1753304,IT,CA,BASIC,WOODW,1.87,1625139.592,6,6,1625137.489,0.0,1.0,1.0,0.103,869058.605348
1769647,IT,AU,FABRI,FABRI,6.61,1625118.989,6,6,1625113.872,0.0,2.0,3.0,0.117,245857.638275
1779399,IT,TR,REALE,MEAT1,68.63,1624471.175,6,6,1624465.068,0.0,2.0,4.0,0.107,23669.986522
1780379,IT,TW,AIRTR,WHOLE,1.77,1624408.362,5,5,1624407.311,0.0,0.0,1.0,0.051,917744.837288
1812727,IT,WM,NONF1,GASDI,0.36,1624278.599,4,4,1624278.59,0.0,0.0,0.0,0.009,4511884.997222
1672752,IT,FR,MEATC,BEVER,5.42,1624020.201,6,6,1623994.097,0.0,24.0,2.0,0.104,299634.723432
1685880,IT,HU,CHEM1,NONME,3.39,1624001.653,6,6,1623998.476,0.0,1.0,2.0,0.177,479056.534808
1730452,IT,SE,POSTT,RETA1,26.74,1623849.779,6,6,1623844.655,0.0,2.0,3.0,0.124,60727.366455
1742123,IT,US,RUBBE,RETA1,5.38,1623657.394,6,6,1623653.247,0.0,2.0,2.0,0.147,301795.054647
1677903,IT,FR,BUSIN,OFFIC,16.67,1623426.092,6,6,1623419.98,0.0,3.0,3.0,0.112,97386.088302
1668727,IT,ES,LANDT,PLAST,10.47,1623406.237,6,6,1623403.16,0.0,1.0,2.0,0.077,155053.126743
1645838,IT,BE,GLASS,DAIRY,4.45,1623086.297,6,6,1623079.204,0.0,1.0,6.0,0.093,364738.493708
1741756,IT,US,NONSP,MOTOR,2.13,1623001.43,6,6,1622998.343,0.0,1.0,2.0,0.087,761972.502347
1795185,IT,WL,RUBBE,93197,5.38,1622572.977,6,6,1622568.83,0.0,2.0,2.0,0.147,301593.490149
1738487,IT,GB,COPP1,CONST,4.1,1622391.431,6,6,1622384.347,0.0,2.0,5.0,0.084,395705.227073
1749772,IT,CN,ADDIT,LEAD1,3.76,1622332.635,6,6,1622317.508,0.0,12.0,3.0,0.127,431471.445479
1711064,IT,LU,PREC1,CHEM1,2.76,1622213.149,6,6,1622207.074,0.0,3.0,3.0,0.075,587758.387319
1786143,IT,ZA,BASIC,ELECT,1.87,1622139.784,6,6,1622137.681,0.0,1.0,1.0,0.103,867454.429947
1805522,IT,WF,CERAM,HOTEL,2.53,1622088.887,6,6,1622079.799,0.0,1.0,8.0,0.088,641141.852569
1811472,IT,WM,PLAST,TRAN1,3.4,1621702.613,6,6,1621699.448,0.0,1.0,2.0,0.165,476971.356765
1814041,IT,WM,SEACO,RESEA,1.65,1621345.932,5,5,1621344.904,0.0,0.0,1.0,0.028,982633.898182
1804752,IT,WF,NAPHT,PRECI,2.75,1620125.276,6,6,1620121.16,0.0,1.0,3.0,0.116,589136.464
1716887,IT,NL,HOTEL,WHOLE,11.74,1619925.72,6,6,1619920.598,0.0,3.0,2.0,0.122,137983.451448
1641550,IT,AT,HEAVY,CONST,2.62,1619403.029,6,6,1619399.899,0.0,1.0,2.0,0.13,618092.75916
1749246,IT,CN,PAPER,GLASS,6.27,1619390.213,6,6,1619374.053,0.0,13.0,3.0,0.16,258275.951037
1683114,IT,HR,RUBBE,CONST,5.36,1619232.316,6,6,1619228.169,0.0,2.0,2.0,0.147,302095.581343
1657538,IT,DE,GLASS,FOOD5,4.44,1619094.484,6,6,1619087.391,0.0,1.0,6.0,0.093,364660.91982
1641769,IT,AT,CHEM1,MOTOR,3.38,1618880.639,6,6,1618877.462,0.0,1.0,2.0,0.177,478958.768935
1744835,IT,US,RESEA,EDUCA,8.78,1618803.386,6,6,1618799.273,0.0,2.0,2.0,0.113,184373.961959
1750524,IT,CN,MACHI,DISTR,9.03,1618738.051,6,6,1618732.918,0.0,2.0,3.0,0.133,179262.242636
1675764,IT,FR,FURNI,FURNI,5.17,1618410.019,6,6,1618400.88,0.0,5.0,4.0,0.139,313038.688395
1674531,IT,FR,RUBBE,PAPER,5.36,1617977.999,6,6,1617973.852,0.0,2.0,2.0,0.147,301861.566978
1741076,IT,US,TEXTI,WHOLE,9.59,1617742.459,6,6,1617739.244,0.0,2.0,1.0,0.215,168690.558811
1747593,IT,JP,AIRTR,ELEC4,1.76,1617697.514,5,5,1617696.463,0.0,0.0,1.0,0.051,919146.314773
1791242,IT,WA,FURNI,SEACO,5.16,1616886.408,6,6,1616877.269,0.0,5.0,4.0,0.139,313350.07907
1677935,IT,FR,BUSIN,REALE,16.61,1616852.953,6,6,1616846.841,0.0,3.0,3.0,0.112,97342.140458
1673333,IT,FR,TEXTI,MACHI,9.58,1616758.307,6,6,1616755.092,0.0,2.0,1.0,0.215,168763.915136
1647883,IT,BE,REALE,KEROS,68.28,1616146.586,6,6,1616140.48,0.0,2.0,4.0,0.106,23669.399326
1800263,IT,WE,PLAST,MOTO1,3.39,1616084.511,6,6,1616081.347,0.0,1.0,2.0,0.164,476721.09469
1678778,IT,GR,FOOD5,FOOD5,7.76,1615896.83,6,6,1615886.686,0.0,8.0,2.0,0.144,208234.127577
1801238,IT,WE,FABRI,HOTEL,6.57,1615500.727,6,6,1615495.611,0.0,2.0,3.0,0.116,245890.521613
1801817,IT,WE,ELEC6,CROPS,0.24,1615168.559,4,4,1615168.3,0.0,0.0,0.0,0.259,6729868.995833
1654203,IT,CZ,MOTO1,RESEA,8.6,1615105.886,6,6,1615100.781,0.0,2.0,3.0,0.105,187803.01
1668789,IT,ES,LANDT,BUSIN,10.42,1614974.929,6,6,1614971.853,0.0,1.0,2.0,0.076,154987.997025
1683518,IT,HR,ALUM1,PAPER,2.81,1614842.318,6,6,1614839.189,0.0,1.0,2.0,0.129,574676.981495
1664972,IT,ES,SANDC,CONST,3.7,1613722.496,6,6,1613367.438,0.0,1.0,354.0,0.058,436141.215135
1805768,IT,WF,BASIC,HEALT,1.86,1613659.021,6,6,1613656.919,0.0,1.0,1.0,0.102,867558.613441
1667840,IT,ES,OFFIC,RESEA,5.0,1612902.441,6,6,1612898.325,0.0,2.0,2.0,0.116,322580.4882
1743968,IT,US,AIRTR,MEAT1,1.76,1612499.136,5,5,1612498.085,0.0,0.0,1.0,0.051,916192.690909
1741797,IT,US,PLAST,PLAST,3.38,1612477.859,6,6,1612474.695,0.0,1.0,2.0,0.164,477064.455325
1798775,IT,WE,FOOD5,BEVER,7.74,1611959.775,6,6,1611950.631,0.0,7.0,2.0,0.144,208263.536822
1645214,IT,BE,COKEO,WHOLE,0.2,1611729.096,4,4,1611729.088,0.0,0.0,0.0,0.008,8058645.48
1682111,IT,HR,TEXTI,MOTOR,9.55,1611262.294,6,6,1611259.08,0.0,2.0,1.0,0.214,168718.564817
1682659,IT,HR,KEROS,SEACO,2.4,1611189.071,6,6,1611185.94,0.0,1.0,2.0,0.131,671328.779583
1772307,IT,CH,PLAST,WOODW,3.38,1611130.855,6,6,1611127.691,0.0,1.0,2.0,0.164,476665.933432
1674969,IT,FR,BASIC,PLAS2,1.85,1610907.402,6,6,1610905.3,0.0,1.0,1.0,0.102,870760.757838
1675190,IT,FR,NONF1,FURNI,0.35,1610717.107,4,4,1610717.098,0.0,0.0,0.0,0.009,4602048.877143
1812809,IT,WM,FABRI,BEVER,6.55,1610566.333,6,6,1610561.217,0.0,2.0,3.0,0.116,245887.989771
1682552,IT,HR,MOTOR,ELEC4,2.41,1610414.369,6,6,1610411.238,0.0,1.0,2.0,0.131,668221.729876
1796238,IT,WL,FURNI,RESEA,5.14,1610351.41,6,6,1610342.272,0.0,5.0,4.0,0.138,313297.939689
1718334,IT,PL,BEVER,CATTL,6.85,1609914.279,6,6,1609908.176,0.0,4.0,2.0,0.103,235023.982336
1750017,IT,CN,NONME,NONME,3.25,1609698.413,6,6,1609694.236,0.0,1.0,3.0,0.177,495291.819385
1780131,IT,TW,HOTEL,GASDI,11.66,1609298.337,6,6,1609293.216,0.0,3.0,2.0,0.121,138018.7253
1687411,IT,HU,HOTEL,SUPPO,11.66,1609218.182,6,6,1609213.061,0.0,3.0,2.0,0.121,138011.850943
1682670,IT,HR,KEROS,EDUCA,2.39,1608965.584,6,6,1608962.453,0.0,1.0,2.0,0.131,673207.357322
1718692,IT,PL,WOODW,CONST,4.5,1608885.323,6,6,1608873.214,0.0,10.0,2.0,0.109,357530.071778
1811915,IT,WM,RUBBE,SALEM,5.33,1608722.053,6,6,1608717.907,0.0,2.0,2.0,0.146,301824.024953
1795795,IT,WL,MACHI,BASIC,8.97,1608437.441,6,6,1608432.309,0.0,2.0,3.0,0.132,179312.981159
1686830,IT,HU,FABRI,FURNI,6.54,1608181.339,6,6,1608176.224,0.0,2.0,3.0,0.115,245899.287309
1743919,IT,US,SEACO,SUPPO,1.64,1607929.91,4,4,1607929.882,0.0,0.0,0.0,0.028,980445.067073
1750179,IT,CN,ALUM1,ALUM1,2.79,1607792.869,6,6,1607789.74,0.0,1.0,2.0,0.129,576269.84552
1715865,IT,NL,RUBBE,WHOLE,5.33,1607237.661,6,6,1607233.515,0.0,2.0,2.0,0.146,301545.527392
1797027,IT,WL,AIRTR,93197,1.75,1607210.843,5,5,1607209.792,0.0,0.0,1.0,0.051,918406.196
1778899,IT,TR,SEACO,WOODW,1.63,1607164.12,4,4,1607164.092,0.0,0.0,0.0,0.028,985990.257669
1659797,IT,DE,LANDT,KEROS,10.36,1606697.435,6,6,1606694.359,0.0,1.0,2.0,0.076,155086.625
1750467,IT,CN,MACHI,LEATH,8.96,1606408.886,6,6,1606403.754,0.0,2.0,3.0,0.132,179286.706027
1658314,IT,DE,COPP1,WHOLE,4.06,1606265.04,6,6,1606257.957,0.0,2.0,5.0,0.083,395631.783251
1773716,IT,CH,FURNI,COMPU,5.13,1605536.415,6,6,1605527.277,0.0,5.0,4.0,0.138,312970.061404
1646709,IT,BE,FURNI,HEALT,5.12,1604677.611,6,6,1604668.473,0.0,5.0,4.0,0.138,313413.595898
1661025,IT,DE,BUSIN,HEALT,16.48,1604237.816,6,6,1604231.705,0.0,3.0,3.0,0.111,97344.52767
1741596,IT,US,GASDI,LANDT,2.39,1603991.672,6,6,1603989.541,0.0,1.0,1.0,0.131,671126.222594
1743926,IT,US,SEACO,COMPU,1.63,1603934.004,4,4,1603933.976,0.0,0.0,0.0,0.028,984008.591411
1795589,IT,WL,NONF1,CHEM1,0.35,1603548.899,4,4,1603548.89,0.0,0.0,0.0,0.009,4581568.282857
1789439,IT,WA,CHEM1,RECRE,3.35,1603118.699,6,6,1603115.524,0.0,1.0,2.0,0.175,478542.895224
1659831,IT,DE,LANDT,FABRI,10.34,1602762.627,6,6,1602759.551,0.0,1.0,2.0,0.076,155006.05677
1673823,IT,FR,PRINT,PRINT,15.38,1602741.584,6,6,1602736.462,0.0,3.0,2.0,0.122,104209.4658
1801255,IT,WE,FABRI,EDUCA,6.52,1602004.943,6,6,1601999.828,0.0,2.0,3.0,0.115,245706.279601
1651647,IT,CY,BASIC,MOTO1,1.84,1601135.189,6,6,1601133.088,0.0,1.0,1.0,0.101,870182.167935
1772424,IT,CH,CHEM1,DISTR,3.35,1600682.654,6,6,1600679.479,0.0,1.0,2.0,0.175,477815.717612
1794372,IT,WL,KEROS,COPPE,2.38,1600497.871,6,6,1600494.741,0.0,1.0,2.0,0.13,672478.097059
1674921,IT,FR,BASIC,CHEM1,1.84,1600339.778,6,6,1600337.677,0.0,1.0,1.0,0.101,869749.879348
1791240,IT,WA,FURNI,LANDT,5.11,1599992.098,6,6,1599982.96,0.0,5.0,4.0,0.138,313109.999609
1774190,IT,CH,RETA1,DAIRY,16.71,1599842.11,6,6,1599837.005,0.0,3.0,2.0,0.105,95741.598444
1743609,IT,US,HOTEL,NONME,11.6,1599818.908,6,6,1599813.787,0.0,3.0,2.0,0.121,137915.423103
1812940,IT,WM,MACHI,BEVER,8.92,1599122.677,6,6,1599117.546,0.0,2.0,3.0,0.131,179273.842713
1741894,IT,US,CHEM1,LIQUE,3.34,1598472.664,6,6,1598469.489,0.0,1.0,2.0,0.175,478584.62994
1688468,IT,IE,WEARI,OFFIC,12.05,1598383.223,6,6,1598377.919,0.0,3.0,2.0,0.304,132645.910622
1803093,IT,WF,VEGET,VEGET,5.66,1598186.82,6,6,1598178.757,0.0,7.0,1.0,0.063,282365.162544
1757585,IT,BR,GASDI,WOODW,2.38,1597952.993,6,6,1597950.863,0.0,1.0,1.0,0.13,671408.820588
1677930,IT,FR,BUSIN,SUPPO,16.41,1597670.721,6,6,1597664.611,0.0,3.0,3.0,0.11,97359.580804
1794910,IT,WL,CHEM1,MEATC,3.34,1597502.264,6,6,1597499.09,0.0,1.0,2.0,0.174,478294.091018
1790162,IT,WA,BASIC,REALE,1.84,1597469.015,6,6,1597466.914,0.0,1.0,1.0,0.101,868189.682065
1812350,IT,WM,BASIC,RADIO,1.84,1597185.017,6,6,1597182.916,0.0,1.0,1.0,0.101,868035.335326
1789182,IT,WA,PLAST,PRINT,3.35,1597177.222,6,6,1597174.06,0.0,1.0,2.0,0.162,476769.32
1763238,IT,MX,WOODW,FURNI,4.47,1596781.121,6,6,1596769.013,0.0,10.0,2.0,0.108,357221.727293
1661449,IT,DK,DAIRY,HOTEL,6.49,1596680.727,6,6,1596668.619,0.0,11.0,1.0,0.108,246021.683667
1771579,IT,CH,TEXTI,CONST,9.46,1596591.683,6,6,1596588.471,0.0,2.0,1.0,0.212,168772.90518
1810692,IT,WM,MOTOR,NAPHT,2.38,1596258.887,6,6,1596256.757,0.0,1.0,1.0,0.13,670697.011345
1770282,IT,AU,HOTEL,MOTO1,11.57,1596078.481,6,6,1596073.361,0.0,3.0,2.0,0.12,137949.739067
1812442,IT,WM,PREC1,CHEM1,2.71,1595498.035,6,6,1595491.962,0.0,3.0,3.0,0.073,588744.662362
1790159,IT,WA,BASIC,POSTT,1.84,1595383.038,6,6,1595380.937,0.0,1.0,1.0,0.101,867055.998913
1738392,IT,GB,PREC1,HOTEL,2.71,1594296.021,6,6,1594289.948,0.0,3.0,3.0,0.073,588301.11476
1772385,IT,CH,CHEM1,PAPER,3.33,1594116.578,6,6,1594113.404,0.0,1.0,2.0,0.174,478713.687087
1784402,IT,ID,CERAM,CONST,2.48,1593706.539,6,6,1593697.453,0.0,1.0,8.0,0.086,642623.604435
1798998,IT,WE,TEXTI,SANDC,9.44,1593622.302,6,6,1593619.09,0.0,2.0,1.0,0.212,168815.921822
1759803,IT,BR,BUSIN,FINAN,16.37,1593602.646,6,6,1593596.536,0.0,3.0,3.0,0.11,97348.970434
1667166,IT,ES,BASIC,DISTR,1.83,1592588.494,6,6,1592586.393,0.0,1.0,1.0,0.101,870266.936612
1783580,IT,NO,FOOD2,PREC1,9.26,1592469.703,6,6,1592465.599,0.0,1.0,3.0,0.104,171972.970086
1761510,IT,IN,ALUM1,FOUND,2.77,1591878.98,6,6,1591875.852,0.0,1.0,2.0,0.128,574685.552347
1743962,IT,US,AIRTR,CRUDE,1.73,1591810.128,5,5,1591809.078,0.0,0.0,1.0,0.05,920121.461272
1717281,IT,NL,POSTT,POSTT,26.21,1591735.096,6,6,1591729.975,0.0,2.0,3.0,0.121,60730.068523
1648249,IT,BE,BUSIN,RESEA,16.35,1591587.014,6,6,1591580.904,0.0,3.0,3.0,0.11,97344.771498
1716033,IT,NL,NONME,CEMEN,3.21,1591124.302,6,6,1591120.127,0.0,1.0,3.0,0.175,495677.352648
1774605,IT,CH,SEACO,RETA1,1.62,1591071.778,4,4,1591071.75,0.0,0.0,0.0,0.028,982143.07284
1726488,IT,RO,FABRI,SUPPO,6.47,1590855.113,6,6,1590849.999,0.0,2.0,3.0,0.114,245881.779444
1667129,IT,ES,BASIC,WOODW,1.83,1590657.921,6,6,1590655.82,0.0,1.0,1.0,0.101,869211.978689
1737982,IT,GB,CHEM1,REALE,3.32,1589719.687,6,6,1589716.513,0.0,1.0,2.0,0.174,478831.231024
1800566,IT,WE,RUBBE,93197,5.27,1589589.255,6,6,1589585.111,0.0,2.0,2.0,0.144,301629.839658
1647445,IT,BE,AIRTR,POSTT,1.73,1589571.671,5,5,1589570.621,0.0,0.0,1.0,0.05,918827.555491
1726013,IT,RO,CHEM1,DIST1,3.32,1589460.132,6,6,1589456.958,0.0,1.0,2.0,0.174,478753.051807
1731063,IT,SI,VEGET,PAPER,5.63,1589429.836,6,6,1589421.774,0.0,7.0,1.0,0.062,282314.358082
1648071,IT,BE,COMPU,BUSIN,18.14,1588521.428,6,6,1588516.328,0.0,2.0,3.0,0.1,87570.089746
1769808,IT,AU,MACHI,RETA1,8.86,1588415.586,6,6,1588410.456,0.0,2.0,3.0,0.13,179279.411512
1645649,IT,BE,CHEM1,SALEM,3.32,1588046.651,6,6,1588043.478,0.0,1.0,2.0,0.173,478327.304518
1789603,IT,WA,RUBBE,CRUDE,5.26,1587787.249,6,6,1587783.105,0.0,2.0,2.0,0.144,301860.693726
1676768,IT,FR,LANDT,BEVER,10.24,1587604.178,6,6,1587601.103,0.0,1.0,2.0,0.075,155039.470508
1676801,IT,FR,LANDT,RUBBE,10.24,1587132.571,6,6,1587129.496,0.0,1.0,2.0,0.075,154993.415137
1685114,IT,HU,FOOD5,MACHI,7.62,1587103.121,6,6,1587093.979,0.0,7.0,2.0,0.142,208281.249475
1648230,IT,BE,BUSIN,SALEM,16.3,1586718.883,6,6,1586712.774,0.0,3.0,3.0,0.109,97344.716748
1656684,IT,DE,COKEO,FABRI,0.2,1586622.987,4,4,1586622.979,0.0,0.0,0.0,0.008,7933114.935
1789391,IT,WA,CHEM1,FABRI,3.31,1585979.844,6,6,1585976.671,0.0,1.0,2.0,0.173,479147.989124
1680069,IT,GR,MACHI,CONST,8.85,1585897.872,6,6,1585892.742,0.0,2.0,3.0,0.13,179197.499661
1731300,IT,SI,VEGE1,FOOD5,4.88,1585686.645,6,6,1585673.3,0.0,10.0,3.0,0.345,324935.78791
1656644,IT,DE,PRINT,PUBLI,15.21,1585623.69,6,6,1585618.569,0.0,3.0,2.0,0.121,104248.763314
1640612,IT,AT,BEVER,TOBAC,6.74,1585595.662,6,6,1585589.56,0.0,4.0,2.0,0.102,235251.581899
1737920,IT,GB,CHEM1,PAPER,3.31,1585430.907,6,6,1585427.734,0.0,1.0,2.0,0.173,478982.14713
1745908,IT,JP,LEATH,PUBLI,11.35,1585347.166,6,6,1585333.892,0.0,11.0,2.0,0.274,139678.164405
1657536,IT,DE,GLASS,DAIRY,4.35,1585266.106,6,6,1585259.015,0.0,1.0,6.0,0.091,364428.989885
1674437,IT,FR,ADDIT,GASDI,3.67,1585238.995,6,6,1585223.871,0.0,12.0,3.0,0.124,431945.230245
1771230,IT,CH,VEGE1,CHEM1,4.87,1584979.629,6,6,1584966.284,0.0,10.0,3.0,0.345,325457.829363
1773352,IT,CH,MACHI,TRAN1,8.84,1584771.506,6,6,1584766.376,0.0,2.0,3.0,0.13,179272.794796
1710065,IT,LT,FABRI,MOTOR,6.45,1584730.641,6,6,1584725.527,0.0,2.0,3.0,0.114,245694.673023
1655800,IT,DE,VEGE1,MEATP,4.87,1583834.634,6,6,1583821.289,0.0,10.0,3.0,0.345,325222.717454
1738044,IT,GB,RUBBE,WOODW,5.25,1583803.454,6,6,1583799.31,0.0,2.0,2.0,0.144,301676.848381
1801838,IT,WE,ELEC7,REALE,1.09,1583246.995,5,5,1583245.976,0.0,1.0,0.0,0.019,1452520.178899
1760896,IT,IN,GASDI,LANDT,2.36,1583230.299,6,6,1583228.17,0.0,1.0,1.0,0.129,670860.296186
1713910,IT,MT,ELEC6,COMPU,0.23,1583053.0,4,4,1583052.747,0.0,0.0,0.0,0.253,6882839.130435
1753419,IT,CA,FABRI,CRUDE,6.44,1582667.466,6,6,1582662.352,0.0,2.0,3.0,0.114,245755.817702
1720653,IT,PL,MOTO1,FABRI,8.42,1582458.934,6,6,1582453.831,0.0,2.0,3.0,0.103,187940.490974
1669795,IT,ES,BUSIN,MOTO1,16.25,1581900.411,6,6,1581894.302,0.0,3.0,3.0,0.109,97347.7176
1714848,IT,NL,FOOD5,HOTEL,7.6,1581774.1,6,6,1581764.959,0.0,7.0,2.0,0.141,208128.171053
1662170,IT,DK,RUBBE,SALEM,5.24,1581301.394,6,6,1581297.251,0.0,2.0,2.0,0.143,301775.075191
1657214,IT,DE,CHEM1,GASDI,3.3,1580826.846,6,6,1580823.673,0.0,1.0,2.0,0.173,479038.438182
1811946,IT,WM,GLASS,VEGET,4.34,1580348.198,6,6,1580341.108,0.0,1.0,6.0,0.09,364135.529493
1799997,IT,WE,HEAVY,COPP1,2.55,1580132.271,6,6,1580129.144,0.0,1.0,2.0,0.127,619659.714118
1771967,IT,CH,PAPER,RETA1,6.12,1580057.554,6,6,1580041.398,0.0,13.0,3.0,0.156,258179.338889
1755833,IT,KR,BRICK,CONST,2.37,1579681.655,6,6,1579672.554,0.0,1.0,8.0,0.101,666532.343882
1761585,IT,IN,NONF1,ALUM1,0.35,1579581.593,4,4,1579581.584,0.0,0.0,0.0,0.009,4513090.265714
1642355,IT,AT,BASIC,DIST1,1.82,1579389.909,6,6,1579387.809,0.0,1.0,1.0,0.1,867796.653297
1757544,IT,BR,MOTOR,KEROS,2.36,1579354.536,6,6,1579352.407,0.0,1.0,1.0,0.129,669218.023729
1666564,IT,ES,CHEM1,GASDI,3.3,1578665.912,6,6,1578662.74,0.0,1.0,2.0,0.172,478383.609697
1649121,IT,BG,PAPER,STEAM,6.12,1578516.404,6,6,1578500.248,0.0,13.0,3.0,0.156,257927.516993
1746947,IT,JP,MOTO1,FURNI,8.4,1578298.361,6,6,1578293.258,0.0,2.0,3.0,0.103,187892.662024
1778115,IT,TR,MOTO1,LANDT,8.4,1577876.355,6,6,1577871.252,0.0,2.0,3.0,0.103,187842.423214
1746839,IT,JP,MACHI,RETA1,8.8,1577874.666,6,6,1577869.536,0.0,2.0,3.0,0.13,179303.939318
1661261,IT,DK,VEGET,BUSIN,5.59,1577803.432,6,6,1577796.37,0.0,6.0,1.0,0.062,282254.638998
1790832,IT,WA,MACHI,DISTR,8.79,1576333.892,6,6,1576328.762,0.0,2.0,3.0,0.13,179332.638453
1686258,IT,HU,CERAM,MOTO1,2.46,1575939.878,6,6,1575930.793,0.0,1.0,8.0,0.085,640625.966667
1782197,IT,NO,BASIC,CHEM1,1.81,1575719.712,6,6,1575717.612,0.0,1.0,1.0,0.1,870563.376796
1683757,IT,HR,MACHI,CONST,8.79,1575485.822,6,6,1575480.693,0.0,2.0,3.0,0.129,179236.157224
1749705,IT,CN,CHEM1,STEAM,3.29,1575479.648,6,6,1575476.476,0.0,1.0,2.0,0.172,478869.193921
1743079,IT,US,MOTO1,CRUDE,8.38,1575278.96,6,6,1575273.858,0.0,2.0,3.0,0.102,187980.782816
1801209,IT,WE,FABRI,BASIC,6.41,1575234.904,6,6,1575230.791,0.0,1.0,3.0,0.113,245746.474883
1662654,IT,DK,MACHI,RUBBE,8.79,1575226.257,6,6,1575221.128,0.0,2.0,3.0,0.129,179206.627645
1658615,IT,DE,MACHI,TRAN1,8.79,1575168.004,6,6,1575162.875,0.0,2.0,3.0,0.129,179200.000455
1742570,IT,US,PREC1,POSTT,2.68,1575034.347,6,6,1575028.275,0.0,3.0,3.0,0.072,587699.383209
1790064,IT,WA,BASIC,ANTHR,1.81,1574632.207,6,6,1574630.107,0.0,1.0,1.0,0.1,869962.545304
1775256,IT,CH,BUSIN,FOOD5,16.17,1574605.192,6,6,1574599.083,0.0,3.0,3.0,0.109,97378.181323
1757254,IT,BR,VEGE1,CONST,4.84,1574593.798,6,6,1574580.455,0.0,10.0,3.0,0.343,325329.297107
1673454,IT,FR,WEARI,POSTT,11.86,1573631.122,6,6,1573625.823,0.0,3.0,2.0,0.299,132683.905734
1761396,IT,IN,NONME,NONME,3.18,1573299.024,6,6,1573294.851,0.0,1.0,3.0,0.173,494748.120755
1727141,IT,RO,LANDT,DIST1,10.15,1573203.225,6,6,1573200.151,0.0,1.0,2.0,0.074,154995.391626
1662342,IT,DK,BASIC,WEARI,1.81,1573130.839,6,6,1573128.74,0.0,1.0,1.0,0.099,869133.060221
1745813,IT,JP,WEARI,RECRE,11.85,1572864.497,6,6,1572859.198,0.0,3.0,2.0,0.299,132731.181181
1811501,IT,WM,PLAST,PUBLI,3.3,1572785.451,6,6,1572782.291,0.0,1.0,2.0,0.16,476601.651818
1655495,IT,DE,CRUDE,HEAVY,3.1,1572582.915,6,6,1572579.78,0.0,1.0,2.0,0.135,507284.81129
1801610,IT,WE,TRANS,AIRTR,9.38,1572171.411,6,6,1572166.326,0.0,2.0,3.0,0.085,167608.892431
1786404,IT,ZA,MACHI,RETA1,8.77,1571722.986,6,6,1571717.857,0.0,2.0,3.0,0.129,179215.847891
1676073,IT,FR,ELEC7,DISTR,1.08,1571663.278,5,5,1571662.259,0.0,1.0,0.0,0.019,1455243.775926
1738725,IT,GB,MACHI,RENTI,8.77,1571597.792,6,6,1571592.663,0.0,2.0,3.0,0.129,179201.572634
1739317,IT,GB,HOTEL,INSUR,11.39,1571504.684,6,6,1571499.566,0.0,3.0,2.0,0.118,137972.316418
1801708,IT,WE,ELEC1,WEARI,0.22,1571455.437,4,4,1571455.338,0.0,0.0,0.0,0.099,7142979.259091
1800491,IT,WE,RUBBE,BEVER,5.2,1570790.647,6,6,1570786.505,0.0,2.0,2.0,0.142,302075.124423
1738446,IT,GB,ALUM1,RESEA,2.73,1570290.483,6,6,1570287.357,0.0,1.0,2.0,0.126,575197.979121
1723816,IT,PT,MOTO1,WEARI,8.36,1570118.756,6,6,1570113.654,0.0,2.0,3.0,0.102,187813.248325
1746250,IT,JP,CHEM1,NONME,3.28,1570049.349,6,6,1570046.178,0.0,1.0,2.0,0.171,478673.582012
1658025,IT,DE,PREC1,BIODI,2.67,1570025.046,6,6,1570018.974,0.0,3.0,3.0,0.072,588024.361798
1789166,IT,WA,PLAST,MEAT1,3.29,1570010.858,6,6,1570007.698,0.0,1.0,2.0,0.16,477206.94772
1716903,IT,NL,HOTEL,COMPU,11.38,1569859.263,6,6,1569854.145,0.0,3.0,2.0,0.118,137948.968629
1751489,IT,CN,AIRTR,RESEA,1.71,1569779.962,5,5,1569778.913,0.0,0.0,1.0,0.049,917999.977778
1791247,IT,WA,FURNI,FINAN,5.01,1569417.563,6,6,1569408.428,0.0,5.0,4.0,0.135,313256.998603
1655752,IT,DE,MEATC,HEALT,5.24,1569039.017,6,6,1569013.916,0.0,23.0,2.0,0.101,299434.926908
1801154,IT,WE,FABRI,CRUDE,6.38,1568616.175,6,6,1568612.062,0.0,1.0,3.0,0.113,245864.604232
1785429,IT,ZA,PAPER,WHOLE,6.08,1568372.954,6,6,1568356.799,0.0,13.0,3.0,0.155,257956.077961
1771376,IT,CH,FOOD5,CATTL,7.53,1568263.81,6,6,1568254.67,0.0,7.0,2.0,0.14,208268.766268
1785520,IT,ZA,MOTOR,LANDT,2.34,1568221.02,6,6,1568218.892,0.0,1.0,1.0,0.128,670179.923077
1761426,IT,IN,BASIC,BASIC,1.81,1568145.608,6,6,1568143.509,0.0,1.0,1.0,0.099,866378.78895
1738074,IT,GB,RUBBE,FABRI,5.2,1568019.243,6,6,1568015.101,0.0,2.0,2.0,0.142,301542.162115
1741430,IT,US,MOTOR,MOTOR,2.34,1567895.159,6,6,1567893.031,0.0,1.0,1.0,0.128,670040.666239
1746227,IT,JP,CHEM1,MOTOR,3.28,1567832.14,6,6,1567828.969,0.0,1.0,2.0,0.171,477997.603659
1646206,IT,BE,ALUM1,WHOLE,2.72,1567781.258,6,6,1567778.132,0.0,1.0,2.0,0.126,576390.168382
1780331,IT,TW,AIRTR,PROCE,1.71,1566526.566,5,5,1566525.517,0.0,0.0,1.0,0.049,916097.407018
1674055,IT,FR,GASDI,SEACO,2.33,1566303.996,6,6,1566301.868,0.0,1.0,1.0,0.128,672233.474678
1729092,IT,SE,RUBBE,RESEA,5.19,1566095.891,6,6,1566091.749,0.0,2.0,2.0,0.142,301752.580154
1775221,IT,CH,RESEA,RENTI,8.49,1565863.59,6,6,1565859.48,0.0,2.0,2.0,0.11,184436.229682
1754096,IT,CA,AIRTR,BRICK,1.7,1565481.69,5,5,1565480.641,0.0,0.0,1.0,0.049,920871.582353
1799979,IT,WE,HEAVY,PLAST,2.53,1565406.63,6,6,1565403.504,0.0,1.0,2.0,0.126,618737.798419
1718497,IT,PL,TEXTI,FURNI,9.28,1565310.133,6,6,1565306.925,0.0,2.0,1.0,0.208,168675.660884
1668769,IT,ES,LANDT,CONST,10.1,1564895.24,6,6,1564892.166,0.0,1.0,2.0,0.074,154940.122772
1655318,IT,DE,VEGET,SUGA1,5.54,1564714.961,6,6,1564707.9,0.0,6.0,1.0,0.061,282439.523646
1805765,IT,WF,BASIC,BUSIN,1.8,1564640.669,6,6,1564638.57,0.0,1.0,1.0,0.099,869244.816111
1654672,IT,CZ,LANDT,OFFIC,10.09,1564439.605,6,6,1564436.531,0.0,1.0,2.0,0.074,155048.523786
1641788,IT,AT,CHEM1,CERAM,3.27,1563737.367,6,6,1563734.196,0.0,1.0,2.0,0.171,478207.145872
1782573,IT,NO,TRANS,TRANS,9.33,1563065.774,6,6,1563060.689,0.0,2.0,3.0,0.085,167531.165488
1718096,IT,PL,MEAT4,POSTT,8.61,1562915.05,6,6,1562905.944,0.0,7.0,2.0,0.106,181523.234611
1660299,IT,DE,POSTT,BUSIN,25.74,1562839.923,6,6,1562835.804,0.0,2.0,2.0,0.119,60716.391725
1784606,IT,ID,MACHI,ELECT,8.72,1562833.254,6,6,1562828.126,0.0,2.0,3.0,0.128,179223.997018
1765654,IT,RU,PAPER,NATUR,6.05,1561766.514,6,6,1561750.36,0.0,13.0,3.0,0.154,258143.225455
1772390,IT,CH,CHEM1,HEAVY,3.26,1560968.09,6,6,1560964.92,0.0,1.0,2.0,0.17,478824.567485
1812380,IT,WM,BASIC,INSUR,1.8,1560762.159,6,6,1560760.06,0.0,1.0,1.0,0.099,867090.088333
1662283,IT,DK,CEMEN,CONST,2.5,1560055.915,6,6,1560044.845,0.0,1.0,10.0,0.07,624022.366
1801312,IT,WE,MACHI,PRINT,8.7,1559374.823,6,6,1559369.695,0.0,2.0,3.0,0.128,179238.485402
1799885,IT,WE,GASDI,SALEM,2.32,1559331.657,6,6,1559329.53,0.0,1.0,1.0,0.127,672125.714224
1771869,IT,CH,WOODW,REALE,4.36,1559013.695,6,6,1559001.59,0.0,10.0,2.0,0.105,357571.948394
1683578,IT,HR,COPP1,COPP1,3.94,1559006.136,6,6,1558999.055,0.0,2.0,5.0,0.081,395686.836548
1683392,IT,HR,BASIC,PAPER,1.79,1558480.596,6,6,1558478.497,0.0,1.0,1.0,0.099,870659.550838
1676595,IT,FR,HOTEL,MACHI,11.29,1557718.721,6,6,1557713.604,0.0,3.0,2.0,0.117,137973.314526
1742141,IT,US,RUBBE,EDUCA,5.16,1557514.655,6,6,1557510.514,0.0,2.0,2.0,0.141,301843.925388
1674945,IT,FR,BASIC,RAILW,1.79,1557098.028,6,6,1557095.93,0.0,1.0,1.0,0.098,869887.16648
1716527,IT,NL,MOTO1,SALEM,8.29,1557021.242,6,6,1557016.141,0.0,2.0,3.0,0.101,187819.208926
1645691,IT,BE,CHEM1,93197,3.25,1555775.774,6,6,1555772.604,0.0,1.0,2.0,0.17,478700.238154
1657943,IT,DE,BASIC,ELEC3,1.79,1554496.538,6,6,1554494.44,0.0,1.0,1.0,0.098,868433.820112
1811493,IT,WM,PLAST,POSTT,3.26,1554135.203,6,6,1554132.045,0.0,1.0,2.0,0.158,476728.589877
1737856,IT,GB,PLAST,PLAST,3.26,1552863.212,6,6,1552860.054,0.0,1.0,2.0,0.158,476338.408589
1688714,IT,IE,CHEM1,DIST1,3.24,1552294.256,6,6,1552291.087,0.0,1.0,2.0,0.169,479103.165432
1811411,IT,WM,PLAST,DAIRY,3.26,1552071.571,6,6,1552068.413,0.0,1.0,2.0,0.158,476095.573926
1803871,IT,WF,TEXTI,HEALT,9.19,1551353.933,6,6,1551351.727,0.0,1.0,1.0,0.206,168808.915452
1763909,IT,MX,BASIC,TEXTI,1.79,1551086.264,6,6,1551084.166,0.0,1.0,1.0,0.098,866528.639106
1804906,IT,WF,BITU1,ELEC6,2.44,1550652.787,6,6,1550649.664,0.0,1.0,2.0,0.123,635513.437295
1771968,IT,CH,PAPER,HOTEL,6.01,1550566.244,6,6,1550550.091,0.0,13.0,3.0,0.153,257997.711148
1800552,IT,WE,RUBBE,SUPPO,5.14,1550420.283,6,6,1550416.142,0.0,2.0,2.0,0.141,301638.187354
1679995,IT,GR,FABRI,PUBLI,6.3,1549001.621,6,6,1548997.51,0.0,1.0,3.0,0.111,245873.273175
1797024,IT,WL,AIRTR,HEALT,1.69,1548903.811,5,5,1548902.762,0.0,0.0,1.0,0.049,916511.130769
1656516,IT,DE,PAPER,FABRI,6.0,1548800.768,6,6,1548785.615,0.0,12.0,3.0,0.153,258133.461333
1794915,IT,WL,CHEM1,DAIRY,3.24,1548649.069,6,6,1548645.9,0.0,1.0,2.0,0.169,477978.107716
1812076,IT,WM,CERAM,MACHI,2.41,1548481.228,6,6,1548472.144,0.0,1.0,8.0,0.084,642523.33112
1645768,IT,BE,RUBBE,FABRI,5.13,1548275.705,6,6,1548271.565,0.0,2.0,2.0,0.14,301808.12963
1713183,IT,MT,TEXTI,COMPU,9.17,1547910.035,6,6,1547907.83,0.0,1.0,1.0,0.205,168801.530534
1662340,IT,DK,BASIC,FISH5,1.78,1547462.828,6,6,1547460.73,0.0,1.0,1.0,0.098,869361.139326
1748623,IT,CN,DAIRY,FOOD5,6.29,1547163.344,6,6,1547151.239,0.0,11.0,1.0,0.105,245971.914785
1804354,IT,WF,MOTOR,REALE,2.31,1546893.452,6,6,1546891.326,0.0,1.0,1.0,0.126,669650.845022
1683441,IT,HR,BASIC,BUSIN,1.78,1546621.441,6,6,1546619.343,0.0,1.0,1.0,0.098,868888.45
1739115,IT,GB,WHOLE,MACHI,13.36,1546508.344,6,6,1546503.254,0.0,2.0,3.0,0.09,115756.612575
1799893,IT,WE,GASDI,SEACO,2.3,1546468.533,6,6,1546466.407,0.0,1.0,1.0,0.126,672377.623043
1719377,IT,PL,RUBBE,DAIRY,5.12,1546445.28,6,6,1546441.14,0.0,2.0,2.0,0.14,302040.09375
1723831,IT,PT,MOTO1,SALEM,8.23,1546293.013,6,6,1546287.912,0.0,2.0,3.0,0.101,187884.934751
1746853,IT,JP,MACHI,RESEA,8.62,1545903.781,6,6,1545898.654,0.0,2.0,3.0,0.127,179339.185731
1777245,IT,TR,RUBBE,FABRI,5.12,1545800.852,6,6,1545796.712,0.0,2.0,2.0,0.14,301914.228906
1646065,IT,BE,BASIC,PLAST,1.78,1545524.815,6,6,1545522.717,0.0,1.0,1.0,0.098,868272.367978
1732169,IT,SI,GASDI,RAILW,2.3,1545484.594,6,6,1545482.468,0.0,1.0,1.0,0.126,671949.823478
1675596,IT,FR,MOTO1,TRANS,8.22,1545109.329,6,6,1545104.228,0.0,2.0,3.0,0.101,187969.504745
1803017,IT,WF,WHEAT,INSUR,1.17,1544834.787,5,5,1544823.75,0.0,11.0,0.0,0.037,1320371.612821
1795076,IT,WL,RUBBE,VEGET,5.12,1544629.357,6,6,1544625.217,0.0,2.0,2.0,0.14,301685.421289
1735093,IT,SK,CHEM1,MACHI,3.23,1544585.265,6,6,1544582.096,0.0,1.0,2.0,0.169,478199.772446
1794065,IT,WL,PAPER,DAIRY,5.98,1544120.431,6,6,1544105.279,0.0,12.0,3.0,0.152,258214.118896
1786390,IT,ZA,MACHI,TRANS,8.61,1543862.75,6,6,1543857.623,0.0,2.0,3.0,0.127,179310.423926
1749740,IT,CN,ADDIT,WOODW,3.57,1543260.374,6,6,1543245.254,0.0,12.0,3.0,0.12,432285.819048
1746491,IT,JP,CERAM,MACHI,2.4,1543098.043,6,6,1543088.959,0.0,1.0,8.0,0.084,642957.517917
1725035,IT,RO,VEGET,VEGET,5.46,1542974.747,6,6,1542967.686,0.0,6.0,1.0,0.061,282596.107509
1659445,IT,DE,WHOLE,RETA1,13.33,1542378.993,6,6,1542373.904,0.0,2.0,3.0,0.089,115707.351313
1742989,IT,US,MACHI,RECRE,8.6,1542228.85,6,6,1542223.723,0.0,2.0,3.0,0.127,179328.936047
1809765,IT,WM,FOOD5,DAIRY,7.41,1542022.981,6,6,1542013.843,0.0,7.0,2.0,0.138,208100.267341
1765974,IT,RU,CHEM1,TEXTI,3.22,1541962.9,6,6,1541959.732,0.0,1.0,2.0,0.168,478870.465839
1732311,IT,SI,NAPHT,NONME,2.62,1541748.398,6,6,1541744.288,0.0,1.0,3.0,0.11,588453.587023
1773760,IT,CH,ELEC2,LEATH,0.37,1541708.148,4,4,1541707.987,0.0,0.0,0.0,0.161,4166778.778378
1765635,IT,RU,WOODW,REALE,4.31,1541364.567,6,6,1541352.463,0.0,10.0,2.0,0.104,357625.189559
1785817,IT,ZA,CHEM1,CHEM1,3.22,1540164.813,6,6,1540161.645,0.0,1.0,2.0,0.168,478312.053727
1799698,IT,WE,MOTOR,RAILW,2.3,1540146.785,6,6,1540144.66,0.0,1.0,1.0,0.125,669629.036957
1811124,IT,WM,NAPHT,MEATC,2.61,1539813.757,6,6,1539809.647,0.0,1.0,3.0,0.11,589966.956705
1656646,IT,DE,PRINT,HEALT,14.77,1539634.908,6,6,1539629.791,0.0,3.0,2.0,0.117,104240.68436
1753771,IT,CA,FURNI,CONST,4.91,1539483.778,6,6,1539475.646,0.0,4.0,4.0,0.132,313540.484318
1646512,IT,BE,MACHI,BUSIN,8.59,1539338.55,6,6,1539334.424,0.0,2.0,2.0,0.126,179201.228172
1810570,IT,WM,PAPER,INSUR,5.96,1539281.387,6,6,1539266.235,0.0,12.0,3.0,0.152,258268.689094
1770975,IT,CH,VEGET,HOTEL,5.45,1539247.82,6,6,1539240.76,0.0,6.0,1.0,0.06,282430.792661
1738434,IT,GB,ALUM1,OFFIC,2.67,1539212.028,6,6,1539208.905,0.0,1.0,2.0,0.123,576483.905618
1764735,IT,MX,HOTEL,MOTO1,11.16,1539159.536,6,6,1539154.42,0.0,3.0,2.0,0.116,137917.521147
1811917,IT,WM,RUBBE,WHOLE,5.1,1538885.903,6,6,1538881.763,0.0,2.0,2.0,0.14,301742.333922
1718984,IT,PL,COKEO,CERAM,0.19,1538884.483,4,4,1538884.475,0.0,0.0,0.0,0.008,8099392.015789
1645625,IT,BE,CHEM1,MACHI,3.22,1538532.462,6,6,1538529.294,0.0,1.0,2.0,0.168,477805.112422
1745866,IT,JP,LEATH,RADIO,11.02,1538358.323,6,6,1538345.057,0.0,11.0,2.0,0.266,139596.944011
1674296,IT,FR,PLAST,OFFIC,3.23,1538160.109,6,6,1538156.953,0.0,1.0,2.0,0.156,476210.560062
1789323,IT,WA,CHEM1,FISHF,3.21,1537784.633,6,6,1537781.465,0.0,1.0,2.0,0.168,479060.633333
1741931,IT,US,CHEM1,TRANS,3.21,1537576.124,6,6,1537572.956,0.0,1.0,2.0,0.168,478995.677259
1713378,IT,MT,LIQUE,MEATP,2.69,1537424.205,6,6,1537422.081,0.0,1.0,1.0,0.124,571533.16171
1743622,IT,US,HOTEL,MEDIC,11.14,1536953.393,6,6,1536948.277,0.0,3.0,2.0,0.116,137967.090934
1718782,IT,PL,PAPER,FOOD5,5.95,1536397.739,6,6,1536382.587,0.0,12.0,3.0,0.152,258218.107395
1762259,IT,IN,AIRTR,PFERT,1.67,1536236.771,5,5,1536235.723,0.0,0.0,1.0,0.048,919902.258084
1741852,IT,US,CHEM1,PLANT,3.21,1536064.855,6,6,1536061.687,0.0,1.0,2.0,0.168,478524.876947
1800196,IT,WE,PLAST,NATUR,3.22,1536038.423,6,6,1536035.267,0.0,1.0,2.0,0.156,477030.566149
1740907,IT,US,FOOD5,POULT,7.38,1536034.099,6,6,1536024.962,0.0,7.0,2.0,0.137,208134.701762
1753723,IT,CA,TRANS,PUBLI,9.17,1535904.803,6,6,1535899.72,0.0,2.0,3.0,0.083,167492.344929
1810776,IT,WM,KEROS,POULT,2.28,1535708.904,6,6,1535706.779,0.0,1.0,1.0,0.125,673556.536842
1743997,IT,US,AIRTR,CHEM1,1.67,1535105.255,5,5,1535104.207,0.0,0.0,1.0,0.048,919224.703593
1766842,IT,RU,MACHI,RESEA,8.56,1534687.193,6,6,1534683.067,0.0,2.0,2.0,0.126,179285.887033
1676611,IT,FR,HOTEL,CONST,11.12,1534584.739,6,6,1534579.623,0.0,3.0,2.0,0.116,138002.22473
1719239,IT,PL,CHEM1,FOOD5,3.21,1534424.019,6,6,1534420.851,0.0,1.0,2.0,0.168,478013.713084
1804585,IT,WF,HEAVY,VEGE1,2.48,1534379.119,6,6,1534375.996,0.0,1.0,2.0,0.123,618701.257661
1777810,IT,TR,FABRI,RUBBE,6.24,1534002.667,6,6,1533998.557,0.0,1.0,3.0,0.11,245833.760737
1675650,IT,FR,MOTO1,RECRE,8.16,1532840.473,6,6,1532835.373,0.0,2.0,3.0,0.1,187848.097181
1755920,IT,KR,BASIC,FURNI,1.76,1532689.414,6,6,1532687.317,0.0,1.0,1.0,0.097,870846.257955
1675887,IT,FR,ELEC2,PLAST,0.37,1532630.58,4,4,1532630.42,0.0,0.0,0.0,0.16,4142244.810811
1790295,IT,WA,ALUM1,MEAT4,2.66,1532600.422,6,6,1532597.299,0.0,1.0,2.0,0.123,576165.57218
1761774,IT,IN,MACHI,TRANS,8.55,1532477.859,6,6,1532473.733,0.0,2.0,2.0,0.126,179237.176491
1650370,IT,BG,ELEC2,LANDT,0.37,1531871.266,4,4,1531871.106,0.0,0.0,0.0,0.16,4140192.610811
1766834,IT,RU,MACHI,SUPPO,8.54,1531495.54,6,6,1531491.414,0.0,2.0,2.0,0.126,179332.030445
1744028,IT,US,AIRTR,DISTR,1.67,1531352.364,5,5,1531351.316,0.0,0.0,1.0,0.048,916977.463473
1678529,IT,GR,VEGET,VEGET,5.42,1531168.973,6,6,1531161.913,0.0,6.0,1.0,0.06,282503.500554
1742356,IT,US,NONME,PAPER,3.09,1531037.872,6,6,1531033.704,0.0,1.0,3.0,0.168,495481.511974
1675297,IT,FR,FABRI,POSTT,6.23,1530845.042,6,6,1530840.932,0.0,1.0,3.0,0.11,245721.51557
1765913,IT,RU,PLAST,ELECT,3.21,1530835.872,6,6,1530832.716,0.0,1.0,2.0,0.156,476895.91028
1713497,IT,MT,RUBBE,MOTO1,5.07,1530792.147,6,6,1530788.008,0.0,2.0,2.0,0.139,301931.389941
1676629,IT,FR,HOTEL,RENTI,11.09,1530703.658,6,6,1530698.543,0.0,3.0,2.0,0.115,138025.577818
1811865,IT,WM,RUBBE,PRINT,5.07,1530504.465,6,6,1530500.326,0.0,2.0,2.0,0.139,301874.647929
1795719,IT,WL,MACHI,OILSE,8.54,1530286.462,6,6,1530282.336,0.0,2.0,2.0,0.126,179190.452225
1675627,IT,FR,MOTO1,PUBLI,8.14,1530063.223,6,6,1530058.123,0.0,2.0,3.0,0.1,187968.454914
1741150,IT,US,LEATH,TEXTI,10.96,1529875.76,6,6,1529862.495,0.0,11.0,2.0,0.265,139587.20438
1646031,IT,BE,NONME,WHOLE,3.09,1529805.291,6,6,1529801.123,0.0,1.0,3.0,0.168,495082.618447
1734696,IT,SK,LEATH,LEATH,10.96,1529744.655,6,6,1529731.39,0.0,11.0,2.0,0.265,139575.242245
1673764,IT,FR,PAPER,SUPPO,5.93,1529672.076,6,6,1529656.925,0.0,12.0,3.0,0.151,257954.818887
1674701,IT,FR,GLASS,SALEM,4.2,1529630.631,6,6,1529623.543,0.0,1.0,6.0,0.088,364197.769286
1794856,IT,WL,PFERT,WHEAT,0.67,1529621.478,6,6,1529619.233,0.0,1.0,1.0,0.245,2283017.131343
1686595,IT,HU,ALUM1,BUSIN,2.66,1529499.242,6,6,1529496.119,0.0,1.0,2.0,0.123,574999.715038
1674606,IT,FR,RUBBE,COMPU,5.07,1529379.567,6,6,1529375.428,0.0,2.0,2.0,0.139,301652.774556
1740703,IT,US,CHEMI,PFERT,3.65,1529170.94,6,6,1529090.796,0.0,5.0,75.0,0.144,418950.942466
1773207,IT,CH,FABRI,CHEM1,6.22,1529067.109,6,6,1529062.999,0.0,1.0,3.0,0.11,245830.72492
1784445,IT,ID,BASIC,TRANS,1.76,1529004.539,6,6,1529002.442,0.0,1.0,1.0,0.097,868752.578977
1656663,IT,DE,PRINT,RECRE,14.67,1528527.933,6,6,1528522.816,0.0,3.0,2.0,0.117,104194.133129
1811389,IT,WM,PLAST,MEATA,3.21,1528524.863,6,6,1528521.708,0.0,1.0,2.0,0.155,476175.969782
1653498,IT,CZ,BASIC,TEXTI,1.76,1528155.473,6,6,1528153.376,0.0,1.0,1.0,0.097,868270.155114
1651662,IT,CY,BASIC,REALE,1.76,1527495.824,6,6,1527493.727,0.0,1.0,1.0,0.097,867895.354545
1758211,IT,BR,BASIC,WOODW,1.76,1527460.761,6,6,1527458.664,0.0,1.0,1.0,0.097,867875.432386
1810768,IT,WM,KEROS,CEREA,2.27,1527373.437,6,6,1527371.313,0.0,1.0,1.0,0.124,672851.734361
1690138,IT,IE,COMPU,FINAN,17.44,1527363.419,6,6,1527358.323,0.0,2.0,3.0,0.096,87578.177695
1662521,IT,DK,COPP1,CONST,3.86,1527205.914,6,6,1527198.835,0.0,2.0,5.0,0.079,395649.200518
1685456,IT,HU,WOODW,CONST,4.27,1527144.452,6,6,1527132.349,0.0,10.0,2.0,0.103,357645.070726
1804633,IT,WF,HEAVY,MEDIC,2.47,1526987.502,6,6,1526984.379,0.0,1.0,2.0,0.123,618213.563563
1777568,IT,TR,PREC1,FURNI,2.59,1526291.097,6,6,1526285.027,0.0,3.0,3.0,0.07,589301.581853
1661740,IT,DK,LEATH,FOOD5,10.93,1525969.447,6,6,1525956.183,0.0,11.0,2.0,0.264,139612.941171
1746262,IT,JP,CHEM1,RADIO,3.19,1525339.788,6,6,1525336.621,0.0,1.0,2.0,0.167,478162.942947
1790609,IT,WA,FABRI,NATUR,6.21,1525114.476,6,6,1525110.367,0.0,1.0,3.0,0.109,245590.092754
1811883,IT,WM,RUBBE,CHEM1,5.05,1524892.348,6,6,1524888.21,0.0,2.0,2.0,0.138,301958.880792
1811607,IT,WM,CHEM1,BEVER,3.18,1523672.657,6,6,1523669.491,0.0,1.0,2.0,0.166,479142.344969
1657789,IT,DE,NONME,PLAST,3.08,1523655.574,6,6,1523651.407,0.0,1.0,3.0,0.167,494693.368182
1764385,IT,MX,MOTO1,RADIO,8.11,1523595.947,6,6,1523590.848,0.0,2.0,3.0,0.099,187866.331319
1644588,IT,BE,FOOD5,MEAT1,7.32,1523202.131,6,6,1523192.995,0.0,7.0,2.0,0.136,208087.722814
1659778,IT,DE,LANDT,MEATP,9.82,1522982.613,6,6,1522979.541,0.0,1.0,2.0,0.072,155089.879124
1652619,IT,CZ,WOODW,WOODW,4.26,1522845.129,6,6,1522833.026,0.0,10.0,2.0,0.103,357475.382394
1666493,IT,ES,PLAST,BASIC,3.2,1522772.265,6,6,1522769.11,0.0,1.0,2.0,0.155,475866.332812
1655952,IT,DE,FOOD5,RAWMI,7.31,1522379.98,6,6,1522370.844,0.0,7.0,2.0,0.136,208259.915185
1765842,IT,RU,HEAVY,WOODW,2.46,1522358.833,6,6,1522355.711,0.0,1.0,2.0,0.122,618845.054065
1765876,IT,RU,PLAST,CRUDE,3.19,1522061.305,6,6,1522058.15,0.0,1.0,2.0,0.155,477135.205329
1789845,IT,WA,CERAM,CHEM1,2.37,1521991.921,6,6,1521982.839,0.0,1.0,8.0,0.082,642190.683966
1679699,IT,GR,CEMEN,CONST,2.44,1521594.938,6,6,1521584.869,0.0,1.0,9.0,0.069,623604.482787
1719136,IT,PL,PLAST,WOODW,3.19,1521580.354,6,6,1521577.199,0.0,1.0,2.0,0.155,476984.436991
1743550,IT,US,HOTEL,RAWMI,11.03,1521250.312,6,6,1521245.197,0.0,3.0,2.0,0.115,137919.339257
1766796,IT,RU,MACHI,COPP1,8.49,1521093.544,6,6,1521089.419,0.0,2.0,2.0,0.125,179162.961602
1764246,IT,MX,MACHI,COPP1,8.48,1520691.834,6,6,1520687.709,0.0,2.0,2.0,0.125,179326.867217
1676631,IT,FR,HOTEL,RESEA,11.02,1520541.535,6,6,1520536.42,0.0,3.0,2.0,0.115,137980.17559
1796122,IT,WL,TRANS,CONST,9.07,1520120.001,6,6,1520114.918,0.0,2.0,3.0,0.083,167598.677067
1673231,IT,FR,FISH5,FOOD5,6.39,1520103.756,6,6,1520096.974,0.0,4.0,2.0,0.782,237887.911737
1654027,IT,CZ,MACHI,DISTR,8.48,1520067.44,6,6,1520063.315,0.0,2.0,2.0,0.125,179253.235849
1741263,IT,US,PAPER,MEAT1,5.89,1519915.262,6,6,1519901.112,0.0,12.0,2.0,0.15,258050.129372
1790084,IT,WA,BASIC,VEGE1,1.75,1519609.734,6,6,1519607.638,0.0,1.0,1.0,0.096,868348.419429
1716508,IT,NL,OFFIC,BUSIN,4.71,1518842.814,6,6,1518839.704,0.0,1.0,2.0,0.11,322471.935032
1795766,IT,WL,MACHI,MOTOR,8.47,1518129.079,6,6,1518124.954,0.0,2.0,2.0,0.125,179236.018772
1719535,IT,PL,GLASS,FABRI,4.17,1518120.66,6,6,1518113.573,0.0,1.0,6.0,0.087,364057.71223
1761112,IT,IN,CHEM1,BEVER,3.17,1518049.346,6,6,1518046.18,0.0,1.0,2.0,0.166,478879.919874
1644982,IT,BE,WOODW,CONST,4.25,1517885.257,6,6,1517873.155,0.0,10.0,2.0,0.102,357149.472235
1805428,IT,WF,GLASS,CRUDE,4.16,1516770.684,6,6,1516763.597,0.0,1.0,6.0,0.087,364608.3375
1790927,IT,WA,OFFIC,WHOLE,4.7,1516487.056,6,6,1516483.947,0.0,1.0,2.0,0.109,322656.820426
1727918,IT,SE,VEGET,FOOD5,5.37,1516216.868,6,6,1516209.808,0.0,6.0,1.0,0.06,282349.50987
1800281,IT,WE,PLAST,RETA1,3.18,1515565.554,6,6,1515562.4,0.0,1.0,2.0,0.154,476592.941509
1798595,IT,WE,MEATC,REALE,5.06,1515313.855,6,6,1515289.758,0.0,22.0,2.0,0.097,299469.141304
1810797,IT,WM,KEROS,PROCE,2.25,1514807.487,6,6,1514805.364,0.0,1.0,1.0,0.123,673247.772
1750316,IT,CN,NONF1,ELEC4,0.33,1514048.375,4,4,1514048.366,0.0,0.0,0.0,0.009,4588025.378788
1673021,IT,FR,FOOD5,CATTL,7.27,1513877.565,6,6,1513868.43,0.0,7.0,2.0,0.135,208236.253783
1713649,IT,MT,ALUM1,FURNI,2.63,1513345.175,6,6,1513342.054,0.0,1.0,2.0,0.121,575416.41635
1758527,IT,BR,MACHI,WHOLE,8.44,1513052.974,6,6,1513048.85,0.0,2.0,2.0,0.124,179271.679384
1782929,IT,NO,AIRTR,WOODW,1.65,1512841.06,5,5,1512840.012,0.0,0.0,1.0,0.048,916873.369697
1740823,IT,US,VEGE1,PLAST,4.65,1512815.451,6,6,1512803.122,0.0,9.0,3.0,0.329,325336.656129
1790825,IT,WA,MACHI,TRANS,8.44,1512585.57,6,6,1512581.446,0.0,2.0,2.0,0.124,179216.299763
1777067,IT,TR,CHEM1,MOTO1,3.16,1512540.233,6,6,1512537.068,0.0,1.0,2.0,0.165,478651.972468
1795709,IT,WL,FABRI,EDUCA,6.16,1512485.307,6,6,1512481.199,0.0,1.0,3.0,0.108,245533.329058
1763579,IT,MX,CHEM1,MOTO1,3.16,1512482.535,6,6,1512479.37,0.0,1.0,2.0,0.165,478633.713608
1657797,IT,DE,NONME,GLASS,3.06,1512350.443,6,6,1512346.277,0.0,1.0,3.0,0.166,494232.170915
1788200,IT,WA,WEARI,93197,11.4,1512101.912,6,6,1512096.625,0.0,3.0,2.0,0.287,132640.518596
1720655,IT,PL,MOTO1,OFFIC,8.05,1511953.814,6,6,1511948.716,0.0,2.0,3.0,0.098,187820.349565
1667552,IT,ES,FABRI,HOTEL,6.15,1511678.064,6,6,1511673.956,0.0,1.0,3.0,0.108,245801.31122
1776225,IT,TR,WOODW,CONST,4.23,1511639.629,6,6,1511627.527,0.0,10.0,2.0,0.102,357361.614421
1737381,IT,GB,TEXTI,WEARI,8.96,1511430.99,6,6,1511428.789,0.0,1.0,1.0,0.201,168686.49442
1778146,IT,TR,TRANS,TRANS,9.02,1511370.863,6,6,1511365.781,0.0,2.0,3.0,0.082,167557.745344
1749610,IT,CN,CHEM1,CATTL,3.16,1511186.638,6,6,1511183.473,0.0,1.0,2.0,0.165,478223.61962
1657930,IT,DE,BASIC,NONF1,1.74,1511100.483,6,6,1511098.387,0.0,1.0,1.0,0.096,868448.553448
1667709,IT,ES,MACHI,COMPU,8.43,1511059.423,6,6,1511055.299,0.0,2.0,2.0,0.124,179247.855635
1686640,IT,HU,LEAD1,COLLE,2.63,1510970.284,6,6,1510959.157,0.0,4.0,7.0,0.127,574513.41597
1795497,IT,WL,ALUM1,BEVER,2.63,1510966.869,6,6,1510963.748,0.0,1.0,2.0,0.121,574512.11749
1809235,IT,WM,CRUDE,SANDC,2.98,1510798.576,6,6,1510795.446,0.0,1.0,2.0,0.13,506979.387919
1784639,IT,ID,MACHI,RENTI,8.43,1510729.205,6,6,1510725.081,0.0,2.0,2.0,0.124,179208.683867
1726300,IT,RO,BASIC,BUSIN,1.74,1510374.616,6,6,1510372.521,0.0,1.0,1.0,0.095,868031.388506
1752506,IT,CA,FOOD5,BEVER,7.26,1510301.589,6,6,1510292.454,0.0,7.0,2.0,0.135,208030.521901
1685858,IT,HU,CHEM1,COKEO,3.15,1508966.22,6,6,1508963.055,0.0,1.0,2.0,0.165,479036.895238
1667624,IT,ES,MACHI,BEVER,8.42,1508895.597,6,6,1508891.473,0.0,2.0,2.0,0.124,179203.752613
1773027,IT,CH,ALUM1,RUBBE,2.62,1508742.32,6,6,1508739.199,0.0,1.0,2.0,0.121,575855.847328
1789199,IT,WA,PLAST,PFERT,3.17,1508628.864,6,6,1508625.711,0.0,1.0,2.0,0.153,475908.158991
1729093,IT,SE,RUBBE,BUSIN,5.0,1508576.53,6,6,1508572.393,0.0,2.0,2.0,0.137,301715.306
1776672,IT,TR,HEAVY,REFI1,2.44,1508564.068,6,6,1508560.947,0.0,1.0,2.0,0.121,618263.962295
1673160,IT,FR,BEVER,CHEM1,6.41,1508228.316,6,6,1508222.219,0.0,4.0,2.0,0.097,235293.029017
1811430,IT,WM,PLAST,HEAVY,3.16,1508118.442,6,6,1508115.289,0.0,1.0,2.0,0.153,477252.671519
1746389,IT,JP,RUBBE,OFFIC,5.0,1508030.908,6,6,1508026.771,0.0,2.0,2.0,0.137,301606.1816
1737876,IT,GB,PLAST,MACHI,3.16,1507458.621,6,6,1507455.468,0.0,1.0,2.0,0.153,477043.867405
1713912,IT,MT,ELEC7,DISTR,1.03,1507330.437,5,5,1507329.419,0.0,1.0,0.0,0.018,1463427.608738
1758416,IT,BR,FABRI,MOTO1,6.13,1507289.32,6,6,1507285.212,0.0,1.0,3.0,0.108,245887.327896
1794832,IT,WL,PLAST,WHOLE,3.16,1506879.374,6,6,1506876.221,0.0,1.0,2.0,0.153,476860.561392
1655728,IT,DE,MEATC,FOOD5,5.03,1506419.031,6,6,1506394.934,0.0,22.0,2.0,0.097,299486.884891
1792764,IT,WA,BUSIN,CONST,15.47,1506387.648,6,6,1506381.544,0.0,3.0,3.0,0.104,97374.767162
1645804,IT,BE,RUBBE,BUSIN,4.99,1505915.535,6,6,1505911.398,0.0,2.0,2.0,0.137,301786.680361
1801124,IT,WE,NONF1,CONST,0.33,1505626.862,4,4,1505626.854,0.0,0.0,0.0,0.008,4562505.642424
1743909,IT,US,SEACO,SALEM,1.53,1504865.808,4,4,1504865.782,0.0,0.0,0.0,0.026,983572.423529
1666161,IT,ES,GASDI,EDUCA,2.24,1504863.352,6,6,1504861.229,0.0,1.0,1.0,0.123,671813.996429
1780381,IT,TW,AIRTR,HOTEL,1.64,1504741.758,5,5,1504740.711,0.0,0.0,1.0,0.047,917525.462195
1763198,IT,MX,LEATH,PUBLI,10.77,1504387.414,6,6,1504374.154,0.0,11.0,2.0,0.26,139683.139647
1790783,IT,WA,MACHI,MOTOR,8.39,1504308.597,6,6,1504304.473,0.0,2.0,2.0,0.124,179297.806555
1753008,IT,CA,CHEM1,PFERT,3.14,1503951.428,6,6,1503948.264,0.0,1.0,2.0,0.164,478965.42293
1746961,IT,JP,MOTO1,CONST,8.0,1503887.346,6,6,1503882.248,0.0,2.0,3.0,0.098,187985.91825
1741692,IT,US,HEAVY,HOTEL,2.43,1502726.767,6,6,1502723.646,0.0,1.0,2.0,0.121,618406.076955
1675331,IT,FR,MACHI,VEGET,8.38,1502499.245,6,6,1502495.122,0.0,2.0,2.0,0.123,179295.852625
1659839,IT,DE,LANDT,FURNI,9.69,1502255.03,6,6,1502251.959,0.0,1.0,2.0,0.071,155031.478844
1812675,IT,WM,COPP1,FABRI,3.79,1501103.786,6,6,1501096.708,0.0,2.0,5.0,0.078,396069.600528
1658848,IT,DE,MOTO1,COMPU,7.99,1500939.696,6,6,1500934.598,0.0,2.0,3.0,0.098,187852.277347
1792099,IT,WA,AIRTR,SALEM,1.63,1500861.181,5,5,1500860.134,0.0,0.0,1.0,0.047,920773.730675
1662358,IT,DK,BASIC,ALUM1,1.73,1500595.135,6,6,1500593.04,0.0,1.0,1.0,0.095,867396.031792
1713134,IT,MT,BEVER,HOTEL,6.38,1499849.925,6,6,1499843.829,0.0,4.0,2.0,0.096,235086.195141
1743924,IT,US,SEACO,REALE,1.53,1499605.698,4,4,1499605.672,0.0,0.0,0.0,0.026,980134.443137
1749073,IT,CN,LEATH,HEALT,10.73,1498564.72,6,6,1498551.461,0.0,11.0,2.0,0.259,139661.204101
1749816,IT,CN,RUBBE,FOOD5,4.96,1498302.345,6,6,1498298.209,0.0,2.0,2.0,0.136,302077.085685
1738076,IT,GB,RUBBE,OFFIC,4.96,1498227.762,6,6,1498223.626,0.0,2.0,2.0,0.136,302062.04879
1741703,IT,US,HEAVY,RESEA,2.42,1498022.515,6,6,1498019.395,0.0,1.0,2.0,0.12,619017.568182
1799965,IT,WE,HEAVY,PRINT,2.42,1498021.187,6,6,1498018.067,0.0,1.0,2.0,0.12,619017.019421
1672693,IT,FR,SANDC,FOOD5,3.44,1497937.046,6,6,1497606.992,0.0,1.0,329.0,0.054,435446.815698
1718722,IT,PL,PULP5,WOODW,4.57,1497847.547,6,6,1497837.406,0.0,7.0,3.0,0.141,327756.574836
1673022,IT,FR,FOOD5,PIGS9,7.19,1497529.251,6,6,1497520.117,0.0,7.0,2.0,0.134,208279.450765
1679844,IT,GR,ALUM1,FURNI,2.6,1497480.134,6,6,1497477.014,0.0,1.0,2.0,0.12,575953.897692
1674744,IT,FR,CERAM,CERAM,2.33,1497393.434,6,6,1497384.353,0.0,1.0,8.0,0.081,642658.12618
1690129,IT,IE,COMPU,RETA1,17.1,1497165.523,6,6,1497160.429,0.0,2.0,3.0,0.094,87553.539357
1735328,IT,SK,CERAM,MOTO1,2.33,1496399.838,6,6,1496390.757,0.0,1.0,8.0,0.081,642231.690129
1653512,IT,CZ,BASIC,PLAST,1.72,1496173.399,6,6,1496171.304,0.0,1.0,1.0,0.095,869868.255233
1653136,IT,CZ,CHEM1,ALUM1,3.13,1496165.031,6,6,1496161.868,0.0,1.0,2.0,0.163,478007.997125
1683540,IT,HR,ALUM1,CONST,2.6,1495760.415,6,6,1495757.295,0.0,1.0,2.0,0.12,575292.467308
1737968,IT,GB,CHEM1,CONST,3.13,1495733.914,6,6,1495730.751,0.0,1.0,2.0,0.163,477870.260064
1810864,IT,WM,KEROS,LANDT,2.22,1495614.942,6,6,1495612.82,0.0,1.0,1.0,0.122,673700.424324
1745267,IT,JP,MEATP,FOOD5,6.06,1495304.967,6,6,1495297.806,0.0,5.0,2.0,0.161,246749.994554
1648485,IT,BG,OILSE,FOOD5,1.08,1495269.094,6,6,1495257.025,0.0,11.0,1.0,0.069,1384508.42037
1732336,IT,SI,NAPHT,WHOLE,2.54,1494561.241,6,6,1494557.134,0.0,1.0,3.0,0.107,588409.937402
1785679,IT,ZA,HEAVY,PUBLI,2.41,1494398.448,6,6,1494395.328,0.0,1.0,2.0,0.12,620082.343568
1773259,IT,CH,FABRI,BUSIN,6.08,1494162.08,6,6,1494157.973,0.0,1.0,3.0,0.107,245750.342105
1812746,IT,WM,NONF1,FOUND,0.33,1493979.281,4,4,1493979.273,0.0,0.0,0.0,0.008,4527209.942424
1653726,IT,CZ,COPP1,GASDI,3.77,1493418.914,6,6,1493411.837,0.0,2.0,5.0,0.077,396132.337931
1723376,IT,PT,BASIC,CHEM1,1.72,1492739.079,6,6,1492736.985,0.0,1.0,1.0,0.094,867871.557558
1771601,IT,CH,TEXTI,PUBLI,8.85,1492738.412,6,6,1492736.214,0.0,1.0,1.0,0.198,168671.007006
1676879,IT,FR,TRAN2,KEROS,2.31,1492444.734,6,6,1492442.693,0.0,1.0,1.0,0.041,646079.971429
1743286,IT,US,FURNI,FURNI,4.76,1492368.762,6,6,1492360.634,0.0,4.0,4.0,0.128,313522.84916
1789274,IT,WA,NFERT,PADDY,0.31,1492332.288,4,4,1492332.166,0.0,0.0,0.0,0.122,4813975.122581
1800195,IT,WE,PLAST,CRUDE,3.13,1492161.447,6,6,1492158.295,0.0,1.0,2.0,0.152,476728.896805
1643027,IT,AT,CONST,CONST,8.34,1492129.77,6,6,1492121.69,0.0,2.0,6.0,0.08,178912.442446
1799012,IT,WE,TEXTI,LEATH,8.84,1491704.92,6,6,1491702.722,0.0,1.0,1.0,0.198,168744.900452
1666803,IT,ES,RUBBE,RESEA,4.94,1491694.674,6,6,1491690.539,0.0,2.0,2.0,0.135,301962.484615
1809827,IT,WM,FOOD5,WHOLE,7.16,1491322.814,6,6,1491313.681,0.0,7.0,2.0,0.133,208285.309218
1716089,IT,NL,BASIC,FOUND,1.72,1491287.528,6,6,1491285.434,0.0,1.0,1.0,0.094,867027.632558
1775318,IT,CH,BUSIN,LANDT,15.31,1491018.152,6,6,1491012.049,0.0,3.0,3.0,0.103,97388.514174
1666750,IT,ES,RUBBE,BIODI,4.94,1490002.324,6,6,1489998.189,0.0,2.0,2.0,0.135,301619.903644
1648177,IT,BE,BUSIN,HEAVY,15.3,1489954.761,6,6,1489948.658,0.0,3.0,3.0,0.103,97382.664118
1775212,IT,CH,RESEA,SEACO,8.08,1489635.439,6,6,1489631.335,0.0,2.0,2.0,0.104,184360.821658
1799816,IT,WE,GASDI,CRUDE,2.22,1489534.351,6,6,1489532.23,0.0,1.0,1.0,0.121,670961.419369
1665747,IT,ES,PAPER,FABRI,5.77,1489280.923,6,6,1489266.776,0.0,12.0,2.0,0.147,258107.612305
1642344,IT,AT,BASIC,SECO9,1.71,1489204.535,6,6,1489202.441,0.0,1.0,1.0,0.094,870879.845029
1683588,IT,HR,COPP1,CONST,3.76,1489085.219,6,6,1489078.142,0.0,2.0,5.0,0.077,396033.302926
1741320,IT,US,PAPER,HOTEL,5.77,1489022.999,6,6,1489008.852,0.0,12.0,2.0,0.147,258062.911438
1805581,IT,WF,CEMEN,CEMEN,2.38,1488445.446,6,6,1488435.379,0.0,1.0,9.0,0.067,625397.246218
1776491,IT,TR,MOTOR,CONST,2.22,1488378.04,6,6,1488375.919,0.0,1.0,1.0,0.121,670440.558559
1667710,IT,ES,MACHI,RESEA,8.3,1487851.833,6,6,1487847.711,0.0,2.0,2.0,0.122,179259.256988
1739710,IT,GB,SUPPO,MOTO1,10.69,1487631.958,6,6,1487627.885,0.0,1.0,3.0,0.073,139161.081197
1782376,IT,NO,FABRI,TRANS,6.05,1487268.682,6,6,1487264.575,0.0,1.0,3.0,0.107,245829.534215
1794843,IT,WL,PLAST,RESEA,3.12,1487031.421,6,6,1487028.27,0.0,1.0,2.0,0.151,476612.634936
1811009,IT,WM,GASDI,RESEA,2.21,1487030.535,6,6,1487028.414,0.0,1.0,1.0,0.121,672864.495475
1738401,IT,GB,PREC1,RESEA,2.53,1486838.847,6,6,1486832.779,0.0,3.0,3.0,0.068,587683.338735
1658402,IT,DE,FABRI,FOOD5,6.05,1486813.61,6,6,1486809.503,0.0,1.0,3.0,0.107,245754.315702
1678873,IT,GR,FISH5,HOTEL,6.25,1486649.29,6,6,1486642.526,0.0,4.0,2.0,0.764,237863.8864
1667544,IT,ES,FABRI,DISTR,6.05,1486407.511,6,6,1486403.404,0.0,1.0,3.0,0.107,245687.191901
1724486,IT,PT,SUPPO,AIRTR,10.68,1486249.256,6,6,1486246.183,0.0,1.0,2.0,0.073,139161.915356
1660868,IT,DE,COMPU,HEALT,16.97,1486126.125,6,6,1486121.032,0.0,2.0,3.0,0.093,87573.725692
1687075,IT,HU,MOTO1,FURNI,7.91,1486051.404,6,6,1486046.307,0.0,2.0,3.0,0.097,187869.962579
1651849,IT,CY,SEACO,SEACO,1.51,1485845.829,4,4,1485845.803,0.0,0.0,0.0,0.026,984003.860265
1671578,IT,FI,MOTO1,MOTO1,7.91,1485426.347,6,6,1485422.25,0.0,2.0,2.0,0.097,187790.941466
1738047,IT,GB,RUBBE,PRINT,4.92,1485311.472,6,6,1485307.337,0.0,2.0,2.0,0.135,301892.57561
1654175,IT,CZ,MOTO1,RADIO,7.91,1485263.29,6,6,1485259.193,0.0,2.0,2.0,0.097,187770.327434
1782186,IT,NO,BASIC,NATUR,1.71,1485211.403,6,6,1485209.309,0.0,1.0,1.0,0.094,868544.680117
1780117,IT,TW,HOTEL,FOOD5,10.76,1485027.398,6,6,1485022.286,0.0,3.0,2.0,0.112,138013.698699
1722519,IT,PT,FOOD5,HOTEL,7.13,1484911.625,6,6,1484902.492,0.0,7.0,2.0,0.133,208262.5
1727943,IT,SE,OILSE,FOOD5,1.07,1484821.446,6,6,1484810.377,0.0,10.0,1.0,0.069,1387683.594393
1664262,IT,EE,BASIC,MACHI,1.71,1484635.852,6,6,1484633.758,0.0,1.0,1.0,0.094,868208.100585
1714112,IT,MT,SEACO,SEACO,1.51,1484603.482,4,4,1484603.456,0.0,0.0,0.0,0.026,983181.113907
1777826,IT,TR,FABRI,ELECT,6.04,1484441.784,6,6,1484437.678,0.0,1.0,3.0,0.106,245768.507285
1799493,IT,WE,PAPER,CONST,5.75,1484113.189,6,6,1484099.043,0.0,12.0,2.0,0.146,258106.641565
1811491,IT,WM,PLAST,AIRTR,3.11,1483671.211,6,6,1483668.06,0.0,1.0,2.0,0.151,477064.698071
1789181,IT,WA,PLAST,PAPER,3.11,1483587.906,6,6,1483584.755,0.0,1.0,2.0,0.151,477037.911897
1772863,IT,CH,BASIC,BASIC,1.71,1483199.214,6,6,1483197.12,0.0,1.0,1.0,0.094,867367.961404
1682834,IT,HR,HEAVY,PUBLI,2.4,1483063.027,6,6,1483059.908,0.0,1.0,2.0,0.119,617942.927917
1790499,IT,WA,COPP1,FABRI,3.75,1482900.686,6,6,1482893.609,0.0,2.0,5.0,0.077,395440.182933
1665748,IT,ES,PAPER,MACHI,5.75,1482853.664,6,6,1482839.518,0.0,12.0,2.0,0.146,257887.593739
1717835,IT,PL,VEGET,VEGET,5.25,1482836.119,6,6,1482829.061,0.0,6.0,1.0,0.058,282444.975048
1711277,IT,LU,TRANS,FINAN,8.85,1482290.957,6,6,1482286.877,0.0,2.0,2.0,0.08,167490.503616
1790858,IT,WA,MACHI,COMPU,8.26,1481348.591,6,6,1481344.469,0.0,2.0,2.0,0.122,179340.023123
1657965,IT,DE,BASIC,RAILW,1.71,1481245.114,6,6,1481243.02,0.0,1.0,1.0,0.094,866225.212865
1725601,IT,RO,WOODW,FURNI,4.14,1481218.243,6,6,1481207.143,0.0,9.0,2.0,0.1,357782.1843
1641458,IT,AT,GASDI,HOTEL,2.2,1480992.516,6,6,1480990.395,0.0,1.0,1.0,0.121,673178.416364
1794338,IT,WL,MOTOR,WHOLE,2.21,1480929.842,6,6,1480927.721,0.0,1.0,1.0,0.121,670104.000905
1772100,IT,CH,COKEO,FOUND,0.19,1480913.957,4,4,1480913.949,0.0,0.0,0.0,0.008,7794283.984211
1657599,IT,DE,GLASS,SALEM,4.06,1480812.215,6,6,1480805.13,0.0,1.0,6.0,0.085,364732.07266
1729671,IT,SE,FABRI,WHOLE,6.03,1480721.337,6,6,1480717.231,0.0,1.0,3.0,0.106,245559.09403
1747608,IT,JP,AIRTR,RETA1,1.61,1480477.521,5,5,1480476.474,0.0,0.0,1.0,0.047,919551.25528
1786414,IT,ZA,MACHI,REALE,8.26,1480422.184,6,6,1480418.062,0.0,2.0,2.0,0.122,179227.867312
1741962,IT,US,CHEM1,COMPU,3.09,1480358.703,6,6,1480355.541,0.0,1.0,2.0,0.162,479080.486408
1674711,IT,FR,GLASS,RENTI,4.06,1479829.388,6,6,1479822.303,0.0,1.0,6.0,0.085,364489.997044
1765916,IT,RU,PLAST,MOTO1,3.1,1479769.966,6,6,1479766.815,0.0,1.0,2.0,0.151,477345.150323
1750013,IT,CN,NONME,GLASS,2.99,1479562.264,6,6,1479558.102,0.0,1.0,3.0,0.162,494836.877592
1763530,IT,MX,CHEM1,FOOD5,3.09,1479324.477,6,6,1479321.316,0.0,1.0,2.0,0.161,478745.785437
1657970,IT,DE,BASIC,POSTT,1.7,1479193.064,6,6,1479190.97,0.0,1.0,1.0,0.094,870113.567059
1766549,IT,RU,COPP1,ELECT,3.74,1479101.241,6,6,1479094.165,0.0,2.0,5.0,0.076,395481.615241
1725192,IT,RO,DAIRY,FOOD5,6.01,1478973.926,6,6,1478962.826,0.0,10.0,1.0,0.1,246085.511814
1740265,IT,GB,BUSIN,SUPPO,15.19,1478911.518,6,6,1478905.416,0.0,3.0,3.0,0.102,97360.863594
1671508,IT,FI,MACHI,RADIO,8.25,1478903.863,6,6,1478899.741,0.0,2.0,2.0,0.122,179261.074303
1742235,IT,US,CERAM,OFFIC,2.3,1478746.127,6,6,1478737.047,0.0,1.0,8.0,0.08,642933.098696
1749221,IT,CN,PAPER,FOOD5,5.73,1478454.274,6,6,1478440.128,0.0,12.0,2.0,0.146,258019.943106
1660198,IT,DE,SUPPO,AIRTR,10.63,1478237.814,6,6,1478234.741,0.0,1.0,2.0,0.073,139062.823518
1726472,IT,RO,FABRI,TRAN1,6.02,1478190.397,6,6,1478186.291,0.0,1.0,3.0,0.106,245546.577575
1683416,IT,HR,BASIC,TRANS,1.7,1478081.966,6,6,1478079.873,0.0,1.0,1.0,0.093,869459.98
1766325,IT,RU,NONME,ALUM1,2.99,1477726.45,6,6,1477722.288,0.0,1.0,3.0,0.162,494222.892977
1782139,IT,NO,NONME,CRUDE,2.98,1477456.806,6,6,1477452.644,0.0,1.0,3.0,0.162,495790.874497
1675910,IT,FR,ELEC2,HOTEL,0.36,1477373.349,4,4,1477373.194,0.0,0.0,0.0,0.155,4103814.858333
1688662,IT,IE,CHEM1,STONE,3.09,1477351.662,6,6,1477348.501,0.0,1.0,2.0,0.161,478107.333981
1668999,IT,ES,AIRTR,MEMBE,1.61,1476668.83,5,5,1476667.783,0.0,0.0,1.0,0.047,917185.608696
1772078,IT,CH,PRINT,COMPU,14.17,1476402.314,6,6,1476397.201,0.0,3.0,2.0,0.113,104192.118137
1665389,IT,ES,TEXTI,CHEM1,8.75,1476382.141,6,6,1476379.945,0.0,1.0,1.0,0.196,168729.387543
1774257,IT,CH,RETA1,RESEA,15.41,1476206.02,6,6,1476200.923,0.0,3.0,2.0,0.097,95795.329007
1682161,IT,HR,TEXTI,BUSIN,8.74,1475719.549,6,6,1475717.353,0.0,1.0,1.0,0.196,168846.63032
1655316,IT,DE,VEGET,DAIRY,5.22,1475410.958,6,6,1475403.9,0.0,6.0,1.0,0.058,282645.777395
1800487,IT,WE,RUBBE,DAIRY,4.89,1475318.401,6,6,1475314.267,0.0,2.0,2.0,0.134,301701.104499
1786125,IT,ZA,BASIC,PAPER,1.7,1475264.888,6,6,1475262.795,0.0,1.0,1.0,0.093,867802.875294
1725683,IT,RO,PAPER,LEAD1,5.72,1475064.605,6,6,1475050.46,0.0,12.0,2.0,0.145,257878.427448
1676978,IT,FR,AIRTR,CONST,1.61,1474530.619,5,5,1474529.573,0.0,0.0,1.0,0.046,915857.527329
1777085,IT,TR,CHEM1,HOTEL,3.08,1474148.517,6,6,1474145.356,0.0,1.0,2.0,0.161,478619.648377
1656482,IT,DE,PAPER,SUGA1,5.71,1474102.251,6,6,1474088.106,0.0,12.0,2.0,0.145,258161.515061
1675925,IT,FR,ELEC2,HEALT,0.35,1473830.635,4,4,1473830.481,0.0,0.0,0.0,0.154,4210944.671429
1743678,IT,US,HOTEL,FOOD3,10.68,1473754.07,6,6,1473748.959,0.0,3.0,2.0,0.111,137991.95412
1643263,IT,AT,HOTEL,WHOLE,10.68,1473693.332,6,6,1473688.221,0.0,3.0,2.0,0.111,137986.267041
1735119,IT,SK,CHEM1,HEALT,3.08,1473275.263,6,6,1473272.102,0.0,1.0,2.0,0.161,478336.124351
1713580,IT,MT,NONME,MEATP,2.98,1473027.041,6,6,1473022.879,0.0,1.0,3.0,0.162,494304.376174
1787464,IT,WA,STONE,WHOLE,4.76,1472844.057,6,6,1472760.99,0.0,1.0,82.0,0.067,309421.020378
1658027,IT,DE,PREC1,RUBBE,2.5,1472268.496,6,6,1472262.428,0.0,3.0,3.0,0.068,588907.3984
1763997,IT,MX,ALUM1,FABRI,2.56,1472129.365,6,6,1472126.247,0.0,1.0,2.0,0.118,575050.533203
1748432,IT,CN,STONE,VEGET,4.76,1471125.611,6,6,1471042.544,0.0,1.0,82.0,0.067,309060.002311
1743857,IT,US,SEACO,MEATP,1.5,1470628.341,4,4,1470628.316,0.0,0.0,0.0,0.025,980418.894
1732211,IT,SI,HEAVY,DAIRY,2.38,1470400.595,6,6,1470397.477,0.0,1.0,2.0,0.118,617815.37605
1734767,IT,SK,WOODW,WOODW,4.11,1470348.285,6,6,1470337.186,0.0,9.0,2.0,0.099,357748.974453
1780878,IT,TW,RESEA,MOTOR,7.97,1469915.673,6,6,1469911.57,0.0,2.0,2.0,0.103,184431.075659
1676612,IT,FR,HOTEL,SALEM,10.65,1469883.076,6,6,1469877.965,0.0,3.0,2.0,0.111,138017.190235
1803009,IT,WF,WHEAT,RETA1,1.11,1469732.93,5,5,1469721.895,0.0,11.0,0.0,0.035,1324083.720721
1653737,IT,CZ,COPP1,CHEM1,3.71,1469609.013,6,6,1469601.937,0.0,2.0,5.0,0.076,396121.027763
1811458,IT,WM,PLAST,FABRI,3.08,1469575.096,6,6,1469571.947,0.0,1.0,2.0,0.149,477134.771429
1747567,IT,JP,AIRTR,CHEM1,1.6,1469422.309,5,5,1469421.263,0.0,0.0,1.0,0.046,918388.943125
1686713,IT,HU,COPP1,MACHI,3.71,1469298.389,6,6,1469291.313,0.0,2.0,5.0,0.076,396037.301617
1650368,IT,BG,ELEC2,HOTEL,0.35,1469293.29,4,4,1469293.136,0.0,0.0,0.0,0.154,4197980.828571
1801532,IT,WE,MOTO1,PUBLI,7.82,1468990.354,6,6,1468986.258,0.0,2.0,2.0,0.096,187850.4289
1765271,IT,RU,VEGE1,FOOD5,4.52,1468699.093,6,6,1468687.773,0.0,9.0,2.0,0.32,324933.427655
1804181,IT,WF,PAPER,BUSIN,5.69,1468640.694,6,6,1468626.549,0.0,12.0,2.0,0.145,258109.085062
1749602,IT,CN,CHEM1,PADDY,3.07,1468476.118,6,6,1468472.958,0.0,1.0,2.0,0.16,478330.983062
1770513,IT,AU,AIRTR,AIRTR,1.6,1467975.664,5,5,1467974.618,0.0,0.0,1.0,0.046,917484.79
1738131,IT,GB,GLASS,WOODW,4.03,1467776.105,6,6,1467769.021,0.0,1.0,6.0,0.084,364212.433002
1741247,IT,US,WOODW,EDUCA,4.11,1467393.072,6,6,1467381.973,0.0,9.0,2.0,0.099,357029.944526
1788786,IT,WA,KEROS,GASDI,2.18,1467000.036,6,6,1466997.917,0.0,1.0,1.0,0.119,672935.79633
1750883,IT,CN,FURNI,BUSIN,4.68,1466953.243,6,6,1466945.117,0.0,4.0,4.0,0.126,313451.54765
1656384,IT,DE,WOODW,FABRI,4.1,1466847.332,6,6,1466836.233,0.0,9.0,2.0,0.099,357767.641951
1788080,IT,WA,TEXTI,EDUCA,8.69,1466643.397,6,6,1466641.202,0.0,1.0,1.0,0.195,168773.693556
1791045,IT,WA,TRANS,CRUDE,8.75,1466560.781,6,6,1466556.701,0.0,2.0,2.0,0.08,167606.9464
1690288,IT,IE,SEWAG,DAIRY,12.8,1466155.001,6,6,1466149.9,0.0,1.0,4.0,0.101,114543.359453
1737926,IT,GB,CHEM1,GASDI,3.06,1466118.443,6,6,1466115.283,0.0,1.0,2.0,0.16,479123.674183
1657444,IT,DE,RUBBE,ELECT,4.86,1465965.563,6,6,1465961.43,0.0,2.0,2.0,0.133,301639.004733
1666556,IT,ES,CHEM1,PULP5,3.06,1465942.894,6,6,1465939.734,0.0,1.0,2.0,0.16,479066.305229
1810767,IT,WM,KEROS,WHEAT,2.18,1465377.519,6,6,1465375.4,0.0,1.0,1.0,0.119,672191.522477
1709439,IT,LT,TEXTI,GASDI,8.68,1465267.239,6,6,1465265.044,0.0,1.0,1.0,0.195,168809.589747
1749875,IT,CN,RUBBE,SALEM,4.85,1465136.402,6,6,1465132.269,0.0,2.0,2.0,0.133,302089.979794
1732166,IT,SI,GASDI,WHOLE,2.18,1464812.496,6,6,1464810.377,0.0,1.0,1.0,0.119,671932.337615
1657483,IT,DE,RUBBE,COMPU,4.85,1464682.766,6,6,1464678.633,0.0,2.0,2.0,0.133,301996.446598
1800034,IT,WE,HEAVY,EDUCA,2.37,1464667.795,6,6,1464664.677,0.0,1.0,2.0,0.118,618003.28903
1675003,IT,FR,PREC1,MACHI,2.49,1464666.86,6,6,1464660.793,0.0,3.0,3.0,0.067,588219.62249
1715863,IT,NL,RUBBE,SALEM,4.85,1464537.731,6,6,1464533.598,0.0,2.0,2.0,0.133,301966.542474
1750140,IT,CN,PREC1,MACHI,2.49,1464142.734,6,6,1464136.667,0.0,3.0,3.0,0.067,588009.13012
1750510,IT,CN,MACHI,RADIO,8.17,1464126.105,6,6,1464121.985,0.0,2.0,2.0,0.12,179207.601591
1756721,IT,KR,SEACO,SUPPO,1.49,1463959.872,4,4,1463959.847,0.0,0.0,0.0,0.025,982523.404027
1715847,IT,NL,RUBBE,OFFIC,4.85,1463290.44,6,6,1463286.307,0.0,2.0,2.0,0.133,301709.369072
1774621,IT,CH,SEACO,PUBLI,1.49,1463222.522,4,4,1463222.497,0.0,0.0,0.0,0.025,982028.538255
1809240,IT,WM,CRUDE,KERO1,2.88,1463144.566,6,6,1463141.44,0.0,1.0,2.0,0.126,508036.307639
1773967,IT,CH,SALEM,WHOLE,11.81,1462781.976,6,6,1462777.885,0.0,2.0,2.0,0.091,123859.608467
1717224,IT,NL,SUPPO,AIRTR,10.51,1462630.647,6,6,1462627.575,0.0,1.0,2.0,0.072,139165.618173
1765970,IT,RU,CHEM1,FOOD5,3.06,1462170.536,6,6,1462167.376,0.0,1.0,2.0,0.16,477833.508497
1645663,IT,BE,CHEM1,REALE,3.05,1461710.498,6,6,1461707.338,0.0,1.0,2.0,0.16,479249.343607
1645734,IT,BE,RUBBE,WOODW,4.84,1461444.193,6,6,1461440.06,0.0,2.0,2.0,0.133,301951.279545
1643265,IT,AT,HOTEL,HOTEL,10.59,1461371.666,6,6,1461366.556,0.0,3.0,2.0,0.11,137995.435883
1791980,IT,WA,SEACO,CONST,1.49,1461214.145,4,4,1461214.12,0.0,0.0,0.0,0.025,980680.634228
1750306,IT,CN,NONF1,OFFIC,0.32,1460990.627,4,4,1460990.619,0.0,0.0,0.0,0.008,4565595.709375
1772449,IT,CH,CHEM1,PUBLI,3.05,1460800.83,6,6,1460797.671,0.0,1.0,2.0,0.159,478951.091803
1741818,IT,US,PLAST,RESEA,3.06,1460547.625,6,6,1460544.476,0.0,1.0,2.0,0.149,477303.145425
1641085,IT,AT,PAPER,RUBBE,5.66,1460433.889,6,6,1460419.745,0.0,12.0,2.0,0.144,258027.188869
1730810,IT,SE,BUSIN,WHOLE,15.0,1460413.182,6,6,1460407.081,0.0,3.0,3.0,0.101,97360.8788
1780964,IT,TW,BUSIN,PAPER,14.99,1459870.611,6,6,1459864.51,0.0,3.0,3.0,0.101,97389.633823
1649224,IT,BG,KEROS,COPP1,2.17,1459594.291,6,6,1459592.172,0.0,1.0,1.0,0.119,672624.097235
1666153,IT,ES,GASDI,SUPPO,2.17,1459434.335,6,6,1459432.216,0.0,1.0,1.0,0.119,672550.384793
1748869,IT,CN,WEARI,BITUM,11.0,1459019.266,6,6,1459013.989,0.0,3.0,2.0,0.277,132638.115091
1755564,IT,KR,CHEM1,MOTO1,3.05,1458282.377,6,6,1458279.218,0.0,1.0,2.0,0.159,478125.369508
1685874,IT,HU,CHEM1,BIODI,3.05,1458114.306,6,6,1458111.147,0.0,1.0,2.0,0.159,478070.264262
1713298,IT,MT,MOTOR,DISTR,2.18,1457759.974,6,6,1457757.855,0.0,1.0,1.0,0.119,668697.23578
1659266,IT,DE,SALEM,SALEM,11.77,1457598.378,6,6,1457594.287,0.0,2.0,2.0,0.091,123840.13407
1656643,IT,DE,PRINT,BUSIN,13.98,1457476.755,6,6,1457471.644,0.0,3.0,2.0,0.111,104254.417382
1642310,IT,AT,BASIC,PAPER,1.68,1457393.429,6,6,1457391.337,0.0,1.0,1.0,0.092,867496.08869
1668892,IT,ES,SEACO,MACHI,1.48,1457082.304,4,4,1457082.279,0.0,0.0,0.0,0.025,984515.07027
1665257,IT,ES,BEVER,BEVER,6.2,1457011.222,6,6,1457005.128,0.0,4.0,2.0,0.094,235001.81
1796673,IT,WL,HOTEL,BUSIN,10.56,1456651.369,6,6,1456646.259,0.0,3.0,2.0,0.11,137940.470549
1801234,IT,WE,FABRI,SALEM,5.93,1456468.594,6,6,1456464.49,0.0,1.0,3.0,0.104,245610.218212
1773756,IT,CH,ELEC2,MEAT1,0.35,1455792.443,4,4,1455792.291,0.0,0.0,0.0,0.152,4159406.98
1666377,IT,ES,NAPHT,LIQUE,2.47,1455503.147,6,6,1455499.043,0.0,1.0,3.0,0.104,589272.52915
1795838,IT,WL,MACHI,INSUR,8.12,1455255.507,6,6,1455251.387,0.0,2.0,2.0,0.12,179218.658498
1776218,IT,TR,WOODW,RADIO,4.07,1455188.087,6,6,1455176.989,0.0,9.0,2.0,0.098,357540.070516
1729096,IT,SE,RUBBE,HEALT,4.82,1455090.993,6,6,1455086.861,0.0,2.0,2.0,0.132,301886.098133
1796149,IT,WL,TRANS,93197,8.68,1454978.186,6,6,1454974.107,0.0,2.0,2.0,0.079,167624.214977
1715808,IT,NL,RUBBE,FOOD5,4.82,1454229.726,6,6,1454225.594,0.0,2.0,2.0,0.132,301707.412033
1775200,IT,CH,RESEA,SECO9,7.88,1454128.041,6,6,1454123.939,0.0,2.0,2.0,0.102,184534.015355
1750518,IT,CN,MACHI,ELEC3,8.11,1454015.158,6,6,1454011.039,0.0,2.0,2.0,0.119,179286.702589
1799654,IT,WE,MOTOR,PFERT,2.17,1453904.712,6,6,1453902.594,0.0,1.0,1.0,0.118,670002.171429
1725045,IT,RO,VEGET,BEVER,5.14,1453093.241,6,6,1453086.184,0.0,6.0,1.0,0.057,282702.965175
1728944,IT,SE,CHEM1,WHOLE,3.04,1452867.0,6,6,1452863.841,0.0,1.0,2.0,0.159,477916.776316
1755569,IT,KR,CHEM1,ELEC2,3.04,1452739.073,6,6,1452735.914,0.0,1.0,2.0,0.159,477874.695066
1756019,IT,KR,NONF1,COPP1,0.32,1452375.304,4,4,1452375.296,0.0,0.0,0.0,0.008,4538672.825
1811615,IT,WM,CHEM1,PAPER,3.04,1452350.725,6,6,1452347.566,0.0,1.0,2.0,0.159,477746.949013
1719182,IT,PL,PLAST,WHOLE,3.05,1452276.39,6,6,1452273.242,0.0,1.0,2.0,0.148,476156.193443
1773460,IT,CH,OFFIC,CONST,4.5,1452063.37,6,6,1452060.265,0.0,1.0,2.0,0.105,322680.748889
1665990,IT,ES,MOTOR,DIST1,2.17,1451951.237,6,6,1451949.119,0.0,1.0,1.0,0.118,669101.952535
1752971,IT,CA,CHEM1,CRUDE,3.03,1451933.848,6,6,1451930.689,0.0,1.0,2.0,0.159,479186.088449
1780184,IT,TW,HOTEL,RESEA,10.52,1451917.111,6,6,1451912.002,0.0,3.0,2.0,0.109,138014.934506
1658623,IT,DE,MACHI,COLLE,8.1,1451829.854,6,6,1451825.735,0.0,2.0,2.0,0.119,179238.25358
1794933,IT,WL,CHEM1,GASDI,3.03,1451781.461,6,6,1451778.303,0.0,1.0,2.0,0.158,479135.79571
1763654,IT,MX,RUBBE,FOOD5,4.81,1451681.962,6,6,1451677.83,0.0,2.0,2.0,0.132,301804.981705
1805071,IT,WF,PLAST,REALE,3.05,1451581.504,6,6,1451578.356,0.0,1.0,2.0,0.148,475928.361967
1653035,IT,CZ,PLAST,FABRI,3.05,1451538.908,6,6,1451535.76,0.0,1.0,2.0,0.148,475914.396066
1662386,IT,DK,BASIC,RESEA,1.67,1451358.533,6,6,1451356.441,0.0,1.0,1.0,0.092,869076.965868
1812558,IT,WM,ALUM1,WHOLE,2.52,1451310.374,6,6,1451307.258,0.0,1.0,2.0,0.116,575916.815079
1811270,IT,WM,BITU1,BEVER,2.29,1451048.907,6,6,1451045.791,0.0,1.0,2.0,0.116,633645.810917
1658916,IT,DE,FURNI,FABRI,4.63,1450848.066,6,6,1450839.941,0.0,4.0,4.0,0.125,313358.113607
1757844,IT,BR,CHEM1,CRUDE,3.03,1450485.625,6,6,1450482.467,0.0,1.0,2.0,0.158,478708.127063
1686212,IT,HU,GLASS,CONST,3.98,1450328.878,6,6,1450321.795,0.0,1.0,6.0,0.083,364404.240704
1771923,IT,CH,PAPER,PRINT,5.62,1450323.635,6,6,1450309.492,0.0,12.0,2.0,0.143,258064.703737
1749620,IT,CN,CHEM1,BITUM,3.03,1450240.771,6,6,1450237.613,0.0,1.0,2.0,0.158,478627.317162
1658558,IT,DE,MACHI,PRINT,8.09,1450217.578,6,6,1450213.459,0.0,2.0,2.0,0.119,179260.51644
1801515,IT,WE,MOTO1,RETA1,7.72,1450097.569,6,6,1450093.475,0.0,2.0,2.0,0.094,187836.472668
1803010,IT,WF,WHEAT,HOTEL,1.1,1449688.334,5,5,1449677.299,0.0,11.0,0.0,0.035,1317898.485455
1757831,IT,BR,CHEM1,SUGAR,3.03,1449415.315,6,6,1449412.157,0.0,1.0,2.0,0.158,478354.889439
1771706,IT,CH,WEARI,RECRE,10.92,1449110.96,6,6,1449105.685,0.0,3.0,2.0,0.275,132702.468864
1803495,IT,WF,VEGE1,RAWMI,4.46,1448847.086,6,6,1448835.771,0.0,9.0,2.0,0.315,324853.606726
1812384,IT,WM,BASIC,COMPU,1.67,1448456.692,6,6,1448454.6,0.0,1.0,1.0,0.092,867339.336527
1641760,IT,AT,CHEM1,TEXTI,3.03,1448311.326,6,6,1448308.168,0.0,1.0,2.0,0.158,477990.536634
1711483,IT,LU,AIRTR,AUXIL,1.58,1448272.209,5,5,1448271.163,0.0,0.0,1.0,0.046,916627.98038
1795706,IT,WL,FABRI,RESEA,5.89,1447994.046,6,6,1447989.942,0.0,1.0,3.0,0.104,245839.396604
1743994,IT,US,AIRTR,PLAST,1.58,1447542.618,5,5,1447541.572,0.0,0.0,1.0,0.046,916166.213924
1746784,IT,JP,MACHI,PAPER,8.07,1447399.605,6,6,1447395.486,0.0,2.0,2.0,0.119,179355.589219
1812205,IT,WM,NONME,HEAVY,2.92,1446860.178,6,6,1446856.019,0.0,1.0,3.0,0.159,495500.060959
1742678,IT,US,NONF1,COPP1,0.32,1446685.979,4,4,1446685.971,0.0,0.0,0.0,0.008,4520893.684375
1804649,IT,WF,HEAVY,SEACO,2.34,1446600.769,6,6,1446597.653,0.0,1.0,2.0,0.116,618205.456838
1752722,IT,CA,LEATH,MOTO1,10.36,1446561.609,6,6,1446549.359,0.0,10.0,2.0,0.25,139629.498938
1757924,IT,BR,CHEM1,REALE,3.02,1446300.089,6,6,1446296.931,0.0,1.0,2.0,0.158,478907.314238
1686427,IT,HU,BASIC,ELEC1,1.66,1446140.832,6,6,1446138.741,0.0,1.0,1.0,0.091,871169.175904
1765269,IT,RU,VEGE1,DAIRY,4.45,1446009.788,6,6,1445998.473,0.0,9.0,2.0,0.315,324946.019775
1810656,IT,WM,MOTOR,NATUR,2.16,1445498.841,6,6,1445496.723,0.0,1.0,1.0,0.118,669212.426389
1735780,IT,SK,MACHI,WEARI,8.06,1445149.193,6,6,1445145.074,0.0,2.0,2.0,0.119,179298.90732
1761805,IT,IN,MACHI,PUBLI,8.06,1444857.128,6,6,1444853.009,0.0,2.0,2.0,0.119,179262.670968
1719935,IT,PL,PREC1,MACHI,2.45,1444845.732,6,6,1444839.666,0.0,3.0,3.0,0.066,589732.951837
1743126,IT,US,MOTO1,FABRI,7.69,1444666.691,6,6,1444662.597,0.0,2.0,2.0,0.094,187863.028739
1643659,IT,AT,AIRTR,BUSIN,1.57,1444375.958,5,5,1444374.912,0.0,0.0,1.0,0.046,919984.686624
1805265,IT,WF,CHEM1,EDUCA,3.02,1444341.438,6,6,1444338.28,0.0,1.0,2.0,0.158,478258.754305
1749711,IT,CN,CHEM1,HOTEL,3.02,1444305.411,6,6,1444302.253,0.0,1.0,2.0,0.158,478246.824834
1747102,IT,JP,FURNI,POSTT,4.61,1444238.555,6,6,1444230.431,0.0,4.0,4.0,0.124,313283.85141
1673464,IT,FR,WEARI,EDUCA,10.88,1443945.988,6,6,1443940.714,0.0,3.0,2.0,0.274,132715.623897
1653121,IT,CZ,CHEM1,PLAST,3.02,1443937.582,6,6,1443934.424,0.0,1.0,2.0,0.158,478125.027152
1785153,IT,ZA,FOOD5,POULT,6.94,1443843.321,6,6,1443834.192,0.0,7.0,2.0,0.129,208046.58804
1667972,IT,ES,TRANS,FABRI,8.62,1443728.109,6,6,1443724.031,0.0,2.0,2.0,0.078,167485.859513
1772886,IT,CH,BASIC,CONST,1.66,1442849.402,6,6,1442847.311,0.0,1.0,1.0,0.091,869186.386747
1642436,IT,AT,ALUM1,NONME,2.51,1442563.362,6,6,1442560.246,0.0,1.0,2.0,0.116,574726.439044
1740253,IT,GB,BUSIN,CONST,14.82,1442532.22,6,6,1442526.12,0.0,3.0,3.0,0.1,97336.85695
1646376,IT,BE,FABRI,MACHI,5.87,1442124.018,6,6,1442119.915,0.0,1.0,3.0,0.103,245677.00477
1673199,IT,FR,BEVER,BUSIN,6.13,1442015.314,6,6,1442009.221,0.0,4.0,2.0,0.093,235239.039804
1760955,IT,IN,HEAVY,ELEC6,2.33,1441794.636,6,6,1441791.52,0.0,1.0,2.0,0.116,618795.981116
1664032,IT,EE,PLAST,RUBBE,3.03,1441749.189,6,6,1441747.042,0.0,1.0,1.0,0.147,475824.814851
1784463,IT,ID,ALUM1,FURNI,2.5,1441501.972,6,6,1441498.857,0.0,1.0,2.0,0.115,576600.7888
1801742,IT,WE,ELEC2,LEATH,0.35,1441237.457,4,4,1441237.306,0.0,0.0,0.0,0.151,4117821.305714
1671149,IT,FI,CERAM,MEATC,2.24,1440972.599,6,6,1440964.521,0.0,1.0,7.0,0.078,643291.338839
1809050,IT,WM,VEGET,RESEA,5.1,1439905.433,6,6,1439898.376,0.0,6.0,1.0,0.057,282334.398627
1665961,IT,ES,MOTOR,PLAST,2.15,1439762.194,6,6,1439760.077,0.0,1.0,1.0,0.117,669656.834419
1726301,IT,RO,BASIC,RECRE,1.66,1439655.56,6,6,1439653.469,0.0,1.0,1.0,0.091,867262.385542
1770208,IT,AU,HOTEL,BITUM,10.43,1439193.511,6,6,1439188.403,0.0,3.0,2.0,0.108,137985.955034
1666207,IT,ES,HEAVY,PAPER,2.32,1438780.545,6,6,1438777.429,0.0,1.0,2.0,0.116,620164.028017
1812773,IT,WM,NONF1,93197,0.31,1438749.882,4,4,1438749.874,0.0,0.0,0.0,0.008,4641128.651613
1654292,IT,CZ,ELEC1,DISTR,0.21,1438296.641,4,4,1438296.55,0.0,0.0,0.0,0.091,6849031.62381
1672621,IT,FR,FISHF,HOTEL,2.48,1437820.286,5,5,1437819.235,0.0,1.0,0.0,0.051,579766.244355
1812836,IT,WM,FABRI,CHEM1,5.85,1437784.75,6,6,1437780.647,0.0,1.0,3.0,0.103,245775.17094
1654047,IT,CZ,MACHI,REALE,8.01,1436380.547,6,6,1436376.429,0.0,2.0,2.0,0.118,179323.414107
1786353,IT,ZA,MACHI,STONE,8.01,1436208.192,6,6,1436204.074,0.0,2.0,2.0,0.118,179301.896629
1772554,IT,CH,RUBBE,FURNI,4.76,1435817.311,6,6,1435813.181,0.0,2.0,2.0,0.13,301642.292227
1800280,IT,WE,PLAST,WHOLE,3.01,1435692.534,6,6,1435690.388,0.0,1.0,1.0,0.146,476974.263787
1655381,IT,DE,CROPS,FOOD5,11.37,1435336.92,6,6,1435332.841,0.0,2.0,2.0,0.079,126238.955145
1790059,IT,WA,BASIC,MEATA,1.65,1435100.847,6,6,1435098.756,0.0,1.0,1.0,0.091,869758.089091
1743151,IT,US,MOTO1,HOTEL,7.64,1435033.285,6,6,1435029.192,0.0,2.0,2.0,0.093,187831.581806
1660133,IT,DE,AIRTR,RECRE,1.56,1434713.675,5,5,1434712.63,0.0,0.0,1.0,0.045,919688.253205
1740217,IT,GB,BUSIN,CHEM1,14.73,1434419.155,6,6,1434413.056,0.0,3.0,3.0,0.099,97380.798031
1656385,IT,DE,WOODW,MACHI,4.01,1433816.18,6,6,1433805.083,0.0,9.0,2.0,0.097,357560.144638
1775294,IT,CH,BUSIN,MACHI,14.73,1433801.155,6,6,1433795.056,0.0,3.0,3.0,0.099,97338.842838
1749300,IT,CN,PAPER,EDUCA,5.56,1433589.27,6,6,1433575.129,0.0,12.0,2.0,0.141,257839.796763
1721229,IT,PL,LANDT,MOTOR,9.24,1432989.073,6,6,1432986.005,0.0,1.0,2.0,0.068,155085.397511
1660077,IT,DE,AIRTR,BASIC,1.56,1432464.676,5,5,1432463.631,0.0,0.0,1.0,0.045,918246.587179
1755871,IT,KR,NONME,NONME,2.89,1432462.331,6,6,1432458.174,0.0,1.0,3.0,0.157,495661.706228
1675344,IT,FR,MACHI,STONE,7.99,1431894.574,6,6,1431890.456,0.0,2.0,2.0,0.118,179210.835294
1775663,IT,TR,CEREA,FOOD5,2.33,1431263.704,6,6,1431253.623,0.0,9.0,1.0,0.081,614276.267811
1792036,IT,WA,AIRTR,MEATC,1.56,1431174.873,5,5,1431173.828,0.0,0.0,1.0,0.045,917419.790385
1646106,IT,BE,BASIC,RESEA,1.65,1430695.501,6,6,1430693.411,0.0,1.0,1.0,0.09,867088.182424
1806272,IT,WF,MACHI,ELEC2,7.98,1430617.639,6,6,1430613.521,0.0,2.0,2.0,0.118,179275.393358
1784622,IT,ID,MACHI,SALEM,7.98,1430180.482,6,6,1430176.365,0.0,2.0,2.0,0.117,179220.611779
1800293,IT,WE,PLAST,REALE,3.0,1429733.169,6,6,1429731.024,0.0,1.0,1.0,0.145,476577.723
1675364,IT,FR,MACHI,PRINT,7.98,1429728.573,6,6,1429724.456,0.0,2.0,2.0,0.117,179163.981579
1742082,IT,US,RUBBE,PLAST,4.74,1429152.483,6,6,1429148.353,0.0,2.0,2.0,0.13,301508.962658
1729491,IT,SE,ALUM1,MACHI,2.48,1428369.572,6,6,1428366.458,0.0,1.0,2.0,0.114,575955.472581
1797019,IT,WL,AIRTR,COMPU,1.55,1428351.681,5,5,1428350.636,0.0,0.0,1.0,0.045,921517.213548
1769816,IT,AU,MACHI,SUPPO,7.97,1428331.709,6,6,1428327.592,0.0,2.0,2.0,0.117,179213.514304
1762304,IT,IN,AIRTR,FINAN,1.55,1428033.621,5,5,1428032.576,0.0,0.0,1.0,0.045,921312.013548
1764838,IT,MX,SEACO,FURNI,1.45,1427536.915,4,4,1427536.89,0.0,0.0,0.0,0.025,984508.217241
1745667,IT,JP,TEXTI,CONST,8.46,1427138.377,6,6,1427136.188,0.0,1.0,1.0,0.189,168692.479551
1761245,IT,IN,RUBBE,WOODW,4.73,1426721.85,6,6,1426717.721,0.0,2.0,2.0,0.129,301632.526427
1812998,IT,WM,MACHI,TRAN1,7.96,1426514.099,6,6,1426509.982,0.0,2.0,2.0,0.117,179210.313945
1789490,IT,WA,ADDIT,HEAVY,3.3,1426365.949,6,6,1426351.838,0.0,11.0,3.0,0.111,432232.105758
1772377,IT,CH,CHEM1,BEVER,2.98,1426178.2,6,6,1426175.044,0.0,1.0,2.0,0.156,478583.288591
1780118,IT,TW,HOTEL,BEVER,10.33,1425809.161,6,6,1425804.054,0.0,3.0,2.0,0.107,138026.056244
1741785,IT,US,NONSP,PUBLI,1.87,1425769.322,6,6,1425767.245,0.0,1.0,1.0,0.077,762443.487701
1659856,IT,DE,LANDT,DIST1,9.2,1425379.466,6,6,1425376.399,0.0,1.0,2.0,0.067,154932.550652
1811033,IT,WM,HEAVY,COPPE,2.3,1425003.744,6,6,1425001.63,0.0,1.0,1.0,0.114,619566.845217
1785600,IT,ZA,GASDI,CONST,2.12,1424848.425,6,6,1424846.309,0.0,1.0,1.0,0.116,672098.313679
1737610,IT,GB,PAPER,RUBBE,5.52,1424062.849,6,6,1424049.709,0.0,11.0,2.0,0.14,257982.400181
1679838,IT,GR,ALUM1,OFFIC,2.47,1423660.218,6,6,1423657.104,0.0,1.0,2.0,0.114,576380.655061
1726344,IT,RO,ALUM1,ALUM1,2.47,1423574.146,6,6,1423571.032,0.0,1.0,2.0,0.114,576345.808097
1784549,IT,ID,MACHI,VEGET,7.94,1423271.766,6,6,1423267.649,0.0,2.0,2.0,0.117,179253.371033
1755120,IT,KR,LEATH,PLAST,10.19,1423155.727,6,6,1423143.481,0.0,10.0,2.0,0.246,139661.994799
1809322,IT,WM,STONE,CONST,4.6,1422992.785,6,6,1422911.72,0.0,1.0,80.0,0.065,309346.257609
1780320,IT,TW,AIRTR,IRONO,1.55,1422984.189,5,5,1422983.144,0.0,0.0,1.0,0.045,918054.315484
1774235,IT,CH,RETA1,DIST1,14.86,1422735.224,6,6,1422730.131,0.0,3.0,2.0,0.093,95742.612651
1690418,IT,IE,FOOD4,OFFIC,10.29,1422375.469,6,6,1422370.38,0.0,1.0,4.0,0.089,138228.908552
1788435,IT,WA,PULP5,MEAT4,4.34,1422052.783,6,6,1422043.65,0.0,7.0,2.0,0.133,327661.931567
1640396,IT,AT,MEAT4,TOBAC,7.83,1421844.727,6,6,1421836.63,0.0,6.0,2.0,0.097,181589.364879
1657122,IT,DE,PLAST,PLAST,2.98,1421255.844,6,6,1421253.699,0.0,1.0,1.0,0.145,476931.491275
1642559,IT,AT,NONF1,ALUM1,0.31,1421127.192,4,4,1421127.184,0.0,0.0,0.0,0.008,4584281.264516
1790167,IT,WA,BASIC,PUBLI,1.64,1420450.431,6,6,1420448.341,0.0,1.0,1.0,0.09,866128.311585
1668538,IT,ES,HOTEL,ELECT,10.29,1420141.501,6,6,1420136.394,0.0,3.0,2.0,0.107,138011.807677
1790539,IT,WA,NONF1,WEARI,0.31,1419956.419,4,4,1419956.411,0.0,0.0,0.0,0.008,4580504.577419
1676812,IT,FR,LANDT,FABRI,9.16,1419797.812,6,6,1419794.745,0.0,1.0,2.0,0.067,154999.761135
1739096,IT,GB,WHOLE,PRINT,12.27,1419683.362,6,6,1419678.28,0.0,2.0,3.0,0.082,115703.615485
1806234,IT,WF,MACHI,PRINT,7.92,1419263.799,6,6,1419259.682,0.0,2.0,2.0,0.117,179199.974621
1643346,IT,AT,RAILW,OFFIC,9.49,1419112.403,6,6,1419101.339,0.0,1.0,10.0,0.064,149537.661012
1771340,IT,CH,DAIRY,RECRE,5.76,1418981.954,6,6,1418970.858,0.0,10.0,1.0,0.096,246351.033681
1723692,IT,PT,MACHI,RUBBE,7.92,1418723.734,6,6,1418719.617,0.0,2.0,2.0,0.117,179131.784596
1757215,IT,BR,VEGE1,CATTL,4.36,1418590.643,6,6,1418579.334,0.0,9.0,2.0,0.309,325364.826376
1755977,IT,KR,ALUM1,FABRI,2.46,1418102.167,6,6,1418099.053,0.0,1.0,2.0,0.114,576464.295528
1777694,IT,TR,COPP1,COPP1,3.58,1417860.7,6,6,1417853.627,0.0,2.0,5.0,0.073,396050.47486
1676779,IT,FR,LANDT,MOTOR,9.15,1417698.745,6,6,1417695.678,0.0,1.0,2.0,0.067,154939.753552
1676875,IT,FR,LANDT,RECRE,9.14,1417487.556,6,6,1417484.489,0.0,1.0,2.0,0.067,155086.165864
1738485,IT,GB,COPP1,TRANS,3.58,1417424.478,6,6,1417417.405,0.0,2.0,5.0,0.073,395928.62514
1738521,IT,GB,NONF1,FURNI,0.31,1417326.348,4,4,1417326.34,0.0,0.0,0.0,0.008,4572020.477419
1717509,IT,NL,REALE,BUSIN,59.88,1417212.553,6,6,1417206.46,0.0,2.0,4.0,0.093,23667.544305
1812022,IT,WM,GLASS,RESEA,3.89,1417156.739,6,6,1417149.658,0.0,1.0,6.0,0.081,364307.644987
1723843,IT,PT,MOTO1,EDUCA,7.54,1416964.995,6,6,1416960.903,0.0,2.0,2.0,0.092,187926.39191
1788178,IT,WA,WEARI,HOTEL,10.67,1416363.605,6,6,1416358.336,0.0,3.0,2.0,0.269,132742.605904
1648546,IT,BG,CRUDE,MOTOR,2.79,1416264.325,6,6,1416261.203,0.0,1.0,2.0,0.122,507621.621864
1659675,IT,DE,HOTEL,RECRE,10.26,1416141.888,6,6,1416136.781,0.0,3.0,2.0,0.107,138025.525146
1673445,IT,FR,WEARI,WHOLE,10.67,1415861.354,6,6,1415856.085,0.0,3.0,2.0,0.269,132695.534583
1741338,IT,US,PAPER,HEALT,5.49,1415813.538,6,6,1415800.398,0.0,11.0,2.0,0.14,257889.533333
1719133,IT,PL,PLAST,TEXTI,2.97,1415050.777,6,6,1415048.633,0.0,1.0,1.0,0.144,476448.073064
1761544,IT,IN,LEAD1,ELECT,2.46,1414512.723,6,6,1414503.604,0.0,3.0,6.0,0.119,575005.171951
1742469,IT,US,BASIC,PLAST,1.63,1413888.144,6,6,1413886.055,0.0,1.0,1.0,0.089,867416.039264
1799992,IT,WE,HEAVY,NONME,2.28,1413576.56,6,6,1413574.447,0.0,1.0,1.0,0.113,619989.719298
1656517,IT,DE,PAPER,MACHI,5.48,1413309.304,6,6,1413296.165,0.0,11.0,2.0,0.139,257903.157664
1735532,IT,SK,ALUM1,TOBAC,2.46,1412954.267,6,6,1412951.154,0.0,1.0,2.0,0.113,574371.653252
1676618,IT,FR,HOTEL,LANDT,10.24,1412941.936,6,6,1412936.83,0.0,3.0,2.0,0.106,137982.610938
1794824,IT,WL,PLAST,MOTO1,2.96,1412905.86,6,6,1412903.716,0.0,1.0,1.0,0.144,477333.060811
1642319,IT,AT,BASIC,CHEM1,1.63,1412256.046,6,6,1412253.957,0.0,1.0,1.0,0.089,866414.752147
1750628,IT,CN,OFFIC,COMPU,4.37,1411205.544,6,6,1411202.442,0.0,1.0,2.0,0.102,322930.330435
1657960,IT,DE,BASIC,SALEM,1.62,1410930.121,6,6,1410928.032,0.0,1.0,1.0,0.089,870944.519136
1677129,IT,FR,SUPPO,RECRE,10.14,1410732.366,6,6,1410729.297,0.0,1.0,2.0,0.069,139125.479882
1686136,IT,HU,RUBBE,BUSIN,4.67,1410416.86,6,6,1410412.732,0.0,2.0,2.0,0.128,302016.458244
1723378,IT,PT,BASIC,RUBBE,1.62,1410346.854,6,6,1410344.765,0.0,1.0,1.0,0.089,870584.477778
1715532,IT,NL,GASDI,CONST,2.1,1409693.775,6,6,1409691.66,0.0,1.0,1.0,0.115,671282.75
1782210,IT,NO,BASIC,FOUND,1.62,1409391.396,6,6,1409389.307,0.0,1.0,1.0,0.089,869994.688889
1750364,IT,CN,FABRI,RUBBE,5.73,1408991.05,6,6,1408986.949,0.0,1.0,3.0,0.101,245897.216405
1676615,IT,FR,HOTEL,RETA1,10.21,1408537.679,6,6,1408532.573,0.0,3.0,2.0,0.106,137956.677669
1645875,IT,BE,GLASS,MOTO1,3.86,1408055.811,6,6,1408048.73,0.0,1.0,6.0,0.081,364781.298187
1740623,IT,US,CRUDE,GASDI,2.77,1407874.908,6,6,1407871.787,0.0,1.0,2.0,0.121,508258.089531
1740234,IT,GB,BUSIN,MACHI,14.46,1407715.171,6,6,1407709.074,0.0,3.0,3.0,0.097,97352.36314
1683405,IT,HR,BASIC,NONME,1.62,1407204.745,6,6,1407202.656,0.0,1.0,1.0,0.089,868644.904321
1755594,IT,KR,CHEM1,RESEA,2.94,1407169.615,6,6,1407166.461,0.0,1.0,2.0,0.154,478629.120748
1771616,IT,CH,TEXTI,93197,8.34,1406904.799,6,6,1406902.612,0.0,1.0,1.0,0.187,168693.620983
1770321,IT,AU,HOTEL,RESEA,10.2,1406856.252,6,6,1406851.146,0.0,3.0,2.0,0.106,137927.083529
1668902,IT,ES,SEACO,WHOLE,1.43,1406789.753,4,4,1406789.729,0.0,0.0,0.0,0.024,983769.058042
1689366,IT,IE,RETA1,WHOLE,14.69,1406441.295,6,6,1406436.203,0.0,3.0,2.0,0.092,95741.408781
1786475,IT,ZA,MOTO1,MOTO1,7.48,1405444.508,6,6,1405440.417,0.0,2.0,2.0,0.091,187893.650802
1761766,IT,IN,MACHI,FOUND,7.84,1405384.628,6,6,1405380.513,0.0,2.0,2.0,0.115,179258.243367
1655695,IT,DE,CHEMI,ELE12,3.35,1405143.387,6,6,1405069.255,0.0,5.0,69.0,0.132,419445.787164
1759184,IT,BR,AIRTR,MEMBE,1.53,1404930.128,5,5,1404929.084,0.0,0.0,1.0,0.044,918254.985621
1641516,IT,AT,HEAVY,WOODW,2.27,1404778.012,6,6,1404775.899,0.0,1.0,1.0,0.113,618844.939207
1801095,IT,WE,COPP1,REALE,3.55,1404651.418,6,6,1404644.345,0.0,2.0,5.0,0.073,395676.455775
1727182,IT,RO,TRAN2,GASDI,2.17,1403965.368,6,6,1403963.329,0.0,1.0,1.0,0.039,646988.648848
1682588,IT,HR,KEROS,CEREA,2.09,1403291.636,6,6,1403289.522,0.0,1.0,1.0,0.114,671431.404785
1729389,IT,SE,BASIC,FOUND,1.61,1402758.729,6,6,1402756.64,0.0,1.0,1.0,0.089,871278.713665
1653864,IT,CZ,FABRI,CHEM1,5.71,1402577.908,6,6,1402573.807,0.0,1.0,3.0,0.101,245635.36042
1766047,IT,RU,CHEM1,REALE,2.93,1401841.102,6,6,1401837.949,0.0,1.0,2.0,0.153,478444.062116
1799589,IT,WE,MOTOR,VEGET,2.09,1401630.98,6,6,1401628.866,0.0,1.0,1.0,0.114,670636.832536
1811508,IT,WM,PLAST,PRIVA,2.94,1401424.851,6,6,1401422.708,0.0,1.0,1.0,0.143,476675.119388
1788783,IT,WA,KEROS,MOTOR,2.08,1401408.605,6,6,1401406.491,0.0,1.0,1.0,0.114,673754.137019
1676981,IT,FR,AIRTR,RETA1,1.52,1400700.932,5,5,1400699.888,0.0,0.0,1.0,0.044,921513.771053
1726452,IT,RO,FABRI,CEMEN,5.7,1400388.283,6,6,1400384.183,0.0,1.0,3.0,0.1,245682.154912
1797531,IT,WL,BUSIN,RETA1,14.38,1400355.544,6,6,1400349.447,0.0,3.0,3.0,0.097,97382.165786
1640868,IT,AT,LEATH,KEROS,10.03,1400138.556,6,6,1400126.314,0.0,10.0,2.0,0.242,139595.070389
1805171,IT,WF,CHEM1,NATUR,2.93,1400010.776,6,6,1400007.623,0.0,1.0,2.0,0.153,477819.377474
1786412,IT,ZA,MACHI,POSTT,7.81,1399108.822,6,6,1399104.707,0.0,2.0,2.0,0.115,179143.255058
1746221,IT,JP,CHEM1,WOODW,2.92,1399056.296,6,6,1399053.143,0.0,1.0,2.0,0.153,479128.868493
1742523,IT,US,BASIC,HEALT,1.61,1398889.918,6,6,1398887.83,0.0,1.0,1.0,0.088,868875.725466
1716110,IT,NL,BASIC,PUBLI,1.61,1398844.245,6,6,1398842.157,0.0,1.0,1.0,0.088,868847.357143
1660121,IT,DE,AIRTR,HEALT,1.52,1398841.447,5,5,1398840.403,0.0,0.0,1.0,0.044,920290.425658
1813181,IT,WM,MOTO1,RETA1,7.45,1398821.733,6,6,1398817.642,0.0,2.0,2.0,0.091,187761.306443
1751444,IT,CN,AIRTR,PRINT,1.52,1398821.59,5,5,1398820.546,0.0,0.0,1.0,0.044,920277.361842
1672538,IT,FR,CEREA,RAWMI,2.28,1398783.653,6,6,1398774.574,0.0,8.0,1.0,0.079,613501.602193
1653601,IT,CZ,PREC1,FOUND,2.38,1398177.599,6,6,1398171.535,0.0,3.0,3.0,0.064,587469.579412
1649751,IT,BG,BASIC,BASIC,1.61,1397933.226,6,6,1397931.138,0.0,1.0,1.0,0.088,868281.506832
1777050,IT,TR,CHEM1,CERAM,2.92,1397672.202,6,6,1397669.049,0.0,1.0,2.0,0.153,478654.863699
1725948,IT,RO,CHEM1,OILSE,2.92,1397520.31,6,6,1397517.157,0.0,1.0,2.0,0.153,478602.84589
1790800,IT,WA,MACHI,PFERT,7.79,1397188.257,6,6,1397184.142,0.0,2.0,2.0,0.115,179356.644031
1741528,IT,US,KEROS,RESEA,2.08,1397155.788,6,6,1397153.674,0.0,1.0,1.0,0.114,671709.513462
1806265,IT,WF,MACHI,ELECT,7.79,1397134.338,6,6,1397130.223,0.0,2.0,2.0,0.115,179349.722465
1746816,IT,JP,MACHI,TRANS,7.79,1396939.55,6,6,1396935.435,0.0,2.0,2.0,0.115,179324.717587
1678903,IT,GR,TEXTI,WEARI,8.28,1396679.196,6,6,1396677.011,0.0,1.0,1.0,0.185,168681.062319
1658466,IT,DE,FABRI,DISTR,5.68,1395874.826,6,6,1395870.726,0.0,1.0,3.0,0.1,245752.610211
1814590,IT,WM,BUSIN,WHOLE,14.34,1395778.364,6,6,1395772.268,0.0,3.0,3.0,0.096,97334.613947
1764202,IT,MX,MACHI,FOOD5,7.78,1395395.298,6,6,1395391.183,0.0,2.0,2.0,0.115,179356.722108
1677829,IT,FR,RESEA,RESEA,7.56,1395292.811,6,6,1395289.713,0.0,1.0,2.0,0.098,184562.541138
1719800,IT,PL,BASIC,PLAST,1.61,1395051.959,6,6,1395049.871,0.0,1.0,1.0,0.088,866491.9
1749034,IT,CN,LEATH,TRANS,9.99,1394867.608,6,6,1394855.367,0.0,10.0,2.0,0.241,139626.387187
1675629,IT,FR,MOTO1,HEALT,7.42,1394518.021,6,6,1394513.93,0.0,2.0,2.0,0.091,187940.434097
1730730,IT,SE,RESEA,RESEA,7.56,1394500.76,6,6,1394497.662,0.0,1.0,2.0,0.098,184457.772487
1655433,IT,DE,FORES,WOODW,12.18,1394310.18,5,5,1393774.143,0.0,536.0,0.0,0.037,114475.384236
1723442,IT,PT,PREC1,FOUND,2.37,1394212.082,6,6,1394206.018,0.0,3.0,3.0,0.064,588275.140084
1713209,IT,MT,LEATH,COMPU,9.99,1394191.815,6,6,1394179.574,0.0,10.0,2.0,0.241,139558.74024
1710929,IT,LU,PLAST,RUBBE,2.93,1394070.657,6,6,1394068.515,0.0,1.0,1.0,0.142,475792.033106
1804766,IT,WF,NAPHT,FISH5,2.37,1394006.02,6,6,1394001.92,0.0,1.0,3.0,0.1,588188.194093
1743612,IT,US,HOTEL,ALUM1,10.1,1393607.544,6,6,1393602.439,0.0,3.0,2.0,0.105,137980.94495
1650069,IT,BG,MACHI,CONST,7.77,1393578.76,6,6,1393574.646,0.0,2.0,2.0,0.114,179353.765766
1716226,IT,NL,LEAD1,LEAD1,2.42,1393531.7,6,6,1393522.583,0.0,3.0,6.0,0.117,575839.545455
1739583,IT,GB,SEACO,HEAVY,1.42,1393267.635,4,4,1393267.611,0.0,0.0,0.0,0.024,981174.390845
1789687,IT,WA,RUBBE,LANDT,4.62,1393046.481,6,6,1393042.355,0.0,2.0,2.0,0.126,301525.212338
1673656,IT,FR,WOODW,RECRE,3.9,1392738.53,6,6,1392727.436,0.0,9.0,2.0,0.094,357112.44359
1776303,IT,TR,PAPER,CHEM1,5.4,1392713.608,6,6,1392700.471,0.0,11.0,2.0,0.137,257909.927407
1668817,IT,ES,TRAN2,CRUDE,2.15,1392552.64,6,6,1392550.602,0.0,1.0,1.0,0.038,647698.902326
1776457,IT,TR,MOTOR,KEROS,2.08,1392475.39,6,6,1392473.277,0.0,1.0,1.0,0.113,669459.322115
1718596,IT,PL,LEATH,LEATH,9.97,1392349.914,6,6,1392337.673,0.0,10.0,2.0,0.241,139653.95326
1681966,IT,HR,FOOD5,MACHI,6.69,1392124.022,6,6,1392115.898,0.0,6.0,2.0,0.124,208090.287294
1811494,IT,WM,PLAST,FINAN,2.92,1391666.792,6,6,1391664.65,0.0,1.0,1.0,0.142,476598.216438
1676813,IT,FR,LANDT,MACHI,8.98,1391638.122,6,6,1391635.056,0.0,1.0,2.0,0.066,154970.837639
1805018,IT,WF,PLAST,PFERT,2.92,1391435.555,6,6,1391433.413,0.0,1.0,1.0,0.142,476519.025685
1781034,IT,TW,BUSIN,HEALT,14.29,1391162.66,6,6,1391156.564,0.0,3.0,3.0,0.096,97352.180546
1769264,IT,AU,RUBBE,RUBBE,4.61,1391038.922,6,6,1391034.796,0.0,2.0,2.0,0.126,301743.800868
1755612,IT,KR,ADDIT,GASDI,3.22,1390705.109,6,6,1390691.001,0.0,11.0,3.0,0.108,431895.996584
1813294,IT,WM,TRANS,RAILW,8.3,1390671.832,6,6,1390667.757,0.0,2.0,2.0,0.075,167550.823133
1775334,IT,CH,BUSIN,HEALT,14.28,1390670.243,6,6,1390664.147,0.0,3.0,3.0,0.096,97385.871359
1657244,IT,DE,CHEM1,COPP1,2.91,1390596.595,6,6,1390593.443,0.0,1.0,2.0,0.152,477868.245704
1676767,IT,FR,LANDT,FOOD5,8.97,1390451.788,6,6,1390448.722,0.0,1.0,2.0,0.066,155011.347603
1812976,IT,WM,MACHI,NONME,7.76,1390443.509,6,6,1390439.395,0.0,2.0,2.0,0.114,179180.864562
1646377,IT,BE,FABRI,OFFIC,5.66,1389768.66,6,6,1389764.56,0.0,1.0,3.0,0.1,245542.166078
1677882,IT,FR,BUSIN,PLAST,14.27,1389642.736,6,6,1389636.64,0.0,3.0,3.0,0.096,97382.111843
1729242,IT,SE,CERAM,BUSIN,2.16,1389550.056,6,6,1389541.981,0.0,1.0,7.0,0.075,643310.211111
1667838,IT,ES,OFFIC,RENTI,4.31,1389322.469,6,6,1389319.369,0.0,1.0,2.0,0.1,322348.600696
1656230,IT,DE,TEXTI,HEALT,8.23,1389261.049,6,6,1389258.865,0.0,1.0,1.0,0.184,168804.501701
1645062,IT,BE,PAPER,RUBBE,5.38,1388925.62,6,6,1388912.483,0.0,11.0,2.0,0.137,258164.613383
1764215,IT,MX,MACHI,MOTOR,7.75,1388753.835,6,6,1388749.721,0.0,2.0,2.0,0.114,179194.043226
1754818,IT,KR,FOOD5,HOTEL,6.67,1388548.752,6,6,1388540.628,0.0,6.0,2.0,0.124,208178.223688
1674123,IT,FR,HEAVY,NAPHT,2.24,1388113.755,6,6,1388111.644,0.0,1.0,1.0,0.111,619693.640625
1811145,IT,WM,NAPHT,KEROS,2.36,1387872.088,6,6,1387868.989,0.0,1.0,2.0,0.099,588081.39322
1719868,IT,PL,BASIC,SEWAG,1.6,1386817.598,6,6,1386815.51,0.0,1.0,1.0,0.088,866760.99875
1761288,IT,IN,RUBBE,FURNI,4.59,1386755.42,6,6,1386751.294,0.0,2.0,2.0,0.126,302125.363834
1645574,IT,BE,CHEM1,VEGE1,2.9,1386468.797,6,6,1386465.646,0.0,1.0,2.0,0.151,478092.688621
1734410,IT,SK,VEGET,PLAST,4.91,1386468.585,6,6,1386461.531,0.0,6.0,1.0,0.054,282376.49389
1770325,IT,AU,HOTEL,HEALT,10.05,1386305.234,6,6,1386300.13,0.0,3.0,2.0,0.104,137940.819303
1741927,IT,US,CHEM1,ELECT,2.9,1386193.447,6,6,1386190.296,0.0,1.0,2.0,0.151,477997.740345
1732405,IT,SI,PLAST,MOTO1,2.91,1386160.322,6,6,1386158.181,0.0,1.0,1.0,0.141,476343.753265
1651571,IT,CY,RUBBE,FOOD4,4.59,1386123.871,6,6,1386119.745,0.0,2.0,2.0,0.126,301987.77146
1737380,IT,GB,TEXTI,TEXTI,8.21,1386093.882,6,6,1386091.698,0.0,1.0,1.0,0.184,168829.949086
1799196,IT,WE,WEARI,93197,10.45,1386024.791,6,6,1386019.528,0.0,3.0,2.0,0.263,132633.951292
1737587,IT,GB,PAPER,FOOD5,5.37,1385808.834,6,6,1385795.697,0.0,11.0,2.0,0.137,258064.959777
1654143,IT,CZ,MOTO1,TEXTI,7.38,1385730.038,6,6,1385725.948,0.0,2.0,2.0,0.09,187768.297832
1745909,IT,JP,LEATH,EDUCA,9.92,1385578.155,6,6,1385565.915,0.0,10.0,2.0,0.24,139675.217238
1667439,IT,ES,NONF1,BASIC,0.3,1385487.342,4,4,1385487.334,0.0,0.0,0.0,0.008,4618291.14
1761364,IT,IN,CERAM,CEMEN,2.16,1385278.538,6,6,1385270.463,0.0,1.0,7.0,0.075,641332.656481
1719382,IT,PL,RUBBE,TEXTI,4.59,1384150.657,6,6,1384146.531,0.0,2.0,2.0,0.126,301557.877342
1763749,IT,MX,GLASS,GLASS,3.8,1384104.547,6,6,1384098.468,0.0,1.0,5.0,0.079,364238.038684
1685381,IT,HU,LEATH,MACHI,9.91,1384075.156,6,6,1384062.916,0.0,10.0,2.0,0.24,139664.496065
1744962,IT,US,BUSIN,INSUR,14.21,1383939.63,6,6,1383933.535,0.0,3.0,3.0,0.095,97391.951443
1658491,IT,DE,FABRI,COMPU,5.63,1383320.263,6,6,1383316.164,0.0,1.0,3.0,0.099,245705.197691
1737507,IT,GB,WOODW,PULP5,3.87,1383174.587,6,6,1383163.494,0.0,9.0,2.0,0.093,357409.454005
1647535,IT,BE,SUPPO,WHOLE,9.94,1382934.723,6,6,1382931.655,0.0,1.0,2.0,0.068,139128.241751
1780989,IT,TW,BUSIN,NONME,14.2,1382460.172,6,6,1382454.077,0.0,3.0,3.0,0.095,97356.350141
1657085,IT,DE,NONSP,ELEC5,1.81,1381885.058,6,6,1381882.984,0.0,1.0,1.0,0.074,763472.407735
1782206,IT,NO,BASIC,ALUM1,1.59,1381454.214,6,6,1381452.127,0.0,1.0,1.0,0.087,868839.128302
1794895,IT,WL,CHEM1,RAWMI,2.89,1381361.86,6,6,1381358.709,0.0,1.0,2.0,0.151,477979.882353
1643434,IT,AT,LANDT,RUBBE,8.91,1381236.001,6,6,1381232.936,0.0,1.0,2.0,0.065,155020.875533
1774166,IT,CH,WHOLE,RECRE,11.94,1381191.533,6,6,1381186.453,0.0,2.0,3.0,0.08,115677.682831
1772235,IT,CH,HEAVY,HEAVY,2.23,1381013.501,6,6,1381011.39,0.0,1.0,1.0,0.111,619288.565471
1795181,IT,WL,RUBBE,EDUCA,4.57,1380814.512,6,6,1380810.387,0.0,2.0,2.0,0.125,302147.595624
1658578,IT,DE,MACHI,CHEM1,7.7,1380763.243,6,6,1380759.13,0.0,2.0,2.0,0.113,179319.901688
1658889,IT,DE,TRANS,RESEA,8.24,1380570.425,6,6,1380566.35,0.0,2.0,2.0,0.075,167544.95449
1805328,IT,WF,RUBBE,NATUR,4.57,1380513.679,6,6,1380509.554,0.0,2.0,2.0,0.125,302081.767834
1795797,IT,WL,MACHI,ALUM1,7.7,1380505.555,6,6,1380501.442,0.0,2.0,2.0,0.113,179286.435714
1789176,IT,WA,PLAST,TEXTI,2.9,1380490.951,6,6,1380488.811,0.0,1.0,1.0,0.14,476031.362414
1749822,IT,CN,RUBBE,LEATH,4.57,1380486.58,6,6,1380482.455,0.0,2.0,2.0,0.125,302075.838074
1753030,IT,CA,CHEM1,MOTO1,2.88,1380363.022,6,6,1380359.871,0.0,1.0,2.0,0.151,479292.715972
1773474,IT,CH,OFFIC,FINAN,4.28,1380176.152,6,6,1380173.052,0.0,1.0,2.0,0.1,322471.063551
1745735,IT,JP,WEARI,CHEM1,10.4,1380138.084,6,6,1380132.822,0.0,3.0,2.0,0.262,132705.585
1656524,IT,DE,PAPER,FURNI,5.35,1380118.217,6,6,1380105.081,0.0,11.0,2.0,0.136,257966.021869
1813784,IT,WM,HOTEL,EDUCA,10.0,1380054.986,6,6,1380049.882,0.0,3.0,2.0,0.104,138005.4986
1810863,IT,WM,KEROS,RAILW,2.05,1379750.131,6,6,1379748.019,0.0,1.0,1.0,0.112,673048.84439
1716108,IT,NL,BASIC,RESEA,1.59,1379573.626,6,6,1379571.539,0.0,1.0,1.0,0.087,867656.368553
1774251,IT,CH,RETA1,FINAN,14.4,1378950.778,6,6,1378946.688,0.0,2.0,2.0,0.09,95760.470694
1674330,IT,FR,CHEM1,MEATC,2.88,1377968.526,6,6,1377965.376,0.0,1.0,2.0,0.15,478461.29375
1662467,IT,DK,ALUM1,OFFIC,2.39,1377876.466,6,6,1377873.356,0.0,1.0,2.0,0.11,576517.349791
1675414,IT,FR,MACHI,DISTR,7.68,1377289.877,6,6,1377285.764,0.0,2.0,2.0,0.113,179334.619401
1795837,IT,WL,MACHI,FINAN,7.68,1376131.016,6,6,1376126.903,0.0,2.0,2.0,0.113,179183.726042
1723077,IT,PT,CHEM1,CHEM1,2.88,1375932.721,6,6,1375929.571,0.0,1.0,2.0,0.15,477754.417014
1742418,IT,US,NONME,HEALT,2.78,1375820.224,6,6,1375816.073,0.0,1.0,3.0,0.151,494899.361151
1740842,IT,US,VEGE1,WHOLE,4.23,1375514.399,6,6,1375504.1,0.0,8.0,2.0,0.299,325180.708983
1769491,IT,AU,BASIC,MACHI,1.58,1375426.275,6,6,1375424.188,0.0,1.0,1.0,0.087,870522.958861
1789217,IT,WA,PLAST,FABRI,2.89,1375273.339,6,6,1375271.199,0.0,1.0,1.0,0.14,475873.127682
1726468,IT,RO,FABRI,ELEC3,5.6,1374942.878,6,6,1374938.779,0.0,1.0,3.0,0.099,245525.513929
1663280,IT,DK,SEACO,SUPPO,1.4,1374884.761,4,4,1374884.737,0.0,0.0,0.0,0.024,982060.543571
1671238,IT,FI,BASIC,PLAST,1.58,1374746.021,6,6,1374743.934,0.0,1.0,1.0,0.087,870092.418354
1750463,IT,CN,MACHI,FISH5,7.67,1374642.22,6,6,1374638.107,0.0,2.0,2.0,0.113,179223.235984
1756246,IT,KR,MACHI,RESEA,7.67,1374626.688,6,6,1374622.575,0.0,2.0,2.0,0.113,179221.210952
1738776,IT,GB,OFFIC,OFFIC,4.26,1374332.786,6,6,1374329.687,0.0,1.0,2.0,0.099,322613.330047
1761393,IT,IN,NONME,CERAM,2.78,1373939.669,6,6,1373935.518,0.0,1.0,3.0,0.151,494222.902518
1771381,IT,CH,FOOD5,RAWMI,6.6,1373803.144,6,6,1373795.021,0.0,6.0,2.0,0.123,208151.991515
1744275,IT,US,POSTT,BUSIN,22.62,1373735.628,6,6,1373732.523,0.0,1.0,2.0,0.105,60731.018037
1774148,IT,CH,WHOLE,RESEA,11.87,1373689.937,6,6,1373684.857,0.0,2.0,3.0,0.08,115727.880118
1723093,IT,PT,CHEM1,MACHI,2.87,1373216.656,6,6,1373213.506,0.0,1.0,2.0,0.15,478472.702439
1654195,IT,CZ,MOTO1,LANDT,7.3,1372426.379,6,6,1372422.29,0.0,2.0,2.0,0.089,188003.613562
1800682,IT,WE,CERAM,HEALT,2.14,1372333.481,6,6,1372325.407,0.0,1.0,7.0,0.074,641277.32757
1671254,IT,FI,BASIC,MACHI,1.58,1372099.895,6,6,1372097.808,0.0,1.0,1.0,0.087,868417.655063
1671047,IT,FI,RUBBE,RUBBE,4.55,1371920.43,6,6,1371916.306,0.0,2.0,2.0,0.124,301520.973626
1756303,IT,KR,MOTO1,ELECT,7.3,1371912.247,6,6,1371908.158,0.0,2.0,2.0,0.089,187933.184521
1757228,IT,BR,VEGE1,DAIRY,4.22,1371425.264,6,6,1371414.966,0.0,8.0,2.0,0.298,324982.290047
1671035,IT,FI,RUBBE,WOODW,4.54,1370006.159,6,6,1370002.035,0.0,2.0,2.0,0.124,301763.471145
1792111,IT,WA,AIRTR,FINAN,1.49,1369977.417,5,5,1369976.374,0.0,0.0,1.0,0.043,919447.930872
1788432,IT,WA,PULP5,MEATC,4.18,1369856.123,6,6,1369846.994,0.0,7.0,2.0,0.129,327716.775837
1738612,IT,GB,FABRI,BUSIN,5.57,1369232.582,6,6,1369228.484,0.0,1.0,3.0,0.098,245822.725673
1737314,IT,GB,BEVER,BEVER,5.82,1368903.343,6,6,1368897.255,0.0,4.0,2.0,0.088,235206.759966
1789647,IT,WA,RUBBE,PFERT,4.53,1368683.946,6,6,1368679.822,0.0,2.0,2.0,0.124,302137.736424
1728096,IT,SE,VEGE1,FISHF,4.21,1368485.257,6,6,1368474.959,0.0,8.0,2.0,0.298,325055.880523
1774140,IT,CH,WHOLE,SUPPO,11.83,1368477.593,6,6,1368472.514,0.0,2.0,3.0,0.079,115678.57929
1749745,IT,CN,ADDIT,KEROS,3.17,1368031.878,6,6,1368018.771,0.0,10.0,3.0,0.107,431555.797476
1750444,IT,CN,MACHI,FISHF,7.63,1367919.204,6,6,1367915.092,0.0,2.0,2.0,0.112,179281.678113
1755547,IT,KR,CHEM1,GLASS,2.86,1367687.415,6,6,1367684.266,0.0,1.0,2.0,0.149,478212.382867
1723275,IT,PT,GLASS,CONST,3.75,1367618.339,6,6,1367612.261,0.0,1.0,5.0,0.078,364698.223733
1720055,IT,PL,ALUM1,CONST,2.38,1367488.563,6,6,1367485.453,0.0,1.0,2.0,0.11,574575.026471
1782478,IT,NO,MACHI,SEACO,7.63,1367011.355,6,6,1367007.243,0.0,2.0,2.0,0.112,179162.693971
1804187,IT,WF,PAPER,93197,5.3,1366587.783,6,6,1366574.648,0.0,11.0,2.0,0.135,257846.751509
1795783,IT,WL,MACHI,PFERT,7.62,1366479.871,6,6,1366475.759,0.0,2.0,2.0,0.112,179328.06706
1787868,IT,WA,FOOD5,EDUCA,6.56,1366405.054,6,6,1366396.932,0.0,6.0,2.0,0.122,208293.453354
1747462,IT,JP,SEACO,HEAVY,1.39,1366394.31,4,4,1366394.286,0.0,0.0,0.0,0.024,983017.489209
1800098,IT,WE,NAPHT,MOTOR,2.32,1366279.881,6,6,1366276.783,0.0,1.0,2.0,0.098,588913.74181
1666755,IT,ES,RUBBE,CEMEN,4.53,1365814.566,6,6,1365810.442,0.0,2.0,2.0,0.124,301504.319205
1640319,IT,AT,CHEMI,TOBAC,3.26,1365738.885,6,6,1365666.757,0.0,5.0,67.0,0.128,418938.308282
1661980,IT,DK,PETRO,GLASS,2.3,1365639.847,6,6,1365636.74,0.0,1.0,2.0,0.107,593756.455217
1805040,IT,WF,PLAST,MOTO1,2.87,1365539.3,6,6,1365537.161,0.0,1.0,1.0,0.139,475797.665505
1761567,IT,IN,COPP1,MACHI,3.45,1365418.973,6,6,1365412.902,0.0,2.0,4.0,0.071,395773.615362
1739503,IT,GB,LANDT,SALEM,8.81,1365245.832,6,6,1365242.767,0.0,1.0,2.0,0.065,154965.474688
1754717,IT,KR,VEGE1,PUBLI,4.2,1365005.536,6,6,1364995.239,0.0,8.0,2.0,0.297,325001.318095
1742260,IT,US,CERAM,BUSIN,2.13,1364971.48,6,6,1364963.406,0.0,1.0,7.0,0.074,640831.680751
1809760,IT,WM,FOOD5,MEATC,6.56,1364957.551,6,6,1364949.429,0.0,6.0,2.0,0.122,208072.797409
1676781,IT,FR,LANDT,GASDI,8.8,1364903.619,6,6,1364900.554,0.0,1.0,2.0,0.065,155102.683977
1730917,IT,SE,INTER,PLAST,8.19,1364874.889,6,6,1364870.802,0.0,1.0,3.0,0.087,166651.390598
1761056,IT,IN,PLAST,MACHI,2.86,1364839.35,6,6,1364837.211,0.0,1.0,1.0,0.139,477216.555944
1792115,IT,WA,AIRTR,COMPU,1.49,1364698.714,5,5,1364697.671,0.0,0.0,1.0,0.043,915905.177181
1646221,IT,BE,ALUM1,FOOD2,2.37,1364612.982,6,6,1364609.873,0.0,1.0,2.0,0.109,575786.068354
1789384,IT,WA,CHEM1,BASIC,2.85,1364308.924,6,6,1364305.775,0.0,1.0,2.0,0.149,478704.885614
1673158,IT,FR,BEVER,PLAST,5.8,1364273.318,6,6,1364267.23,0.0,4.0,2.0,0.088,235219.537586
1658183,IT,DE,ALUM1,COMPU,2.37,1363809.693,6,6,1363806.584,0.0,1.0,2.0,0.109,575447.127848
1728737,IT,SE,KEROS,AIRTR,2.03,1363538.202,6,6,1363536.091,0.0,1.0,1.0,0.111,671693.695567
1715968,IT,NL,CERAM,FABRI,2.12,1362843.074,6,6,1362835.0,0.0,1.0,7.0,0.074,642850.506604
1744068,IT,US,AIRTR,RECRE,1.48,1362824.956,5,5,1362823.913,0.0,0.0,1.0,0.043,920827.672973
1690527,IT,IE,WOOD2,WHEAT,7.39,1362396.306,6,6,1362392.218,0.0,1.0,3.0,0.088,184356.739648
1748331,IT,CN,VEGET,VEGET,4.82,1362396.145,6,6,1362389.091,0.0,6.0,1.0,0.054,282654.801867
1789772,IT,WA,GLASS,OFFIC,3.74,1362013.733,6,6,1362007.655,0.0,1.0,5.0,0.078,364174.79492
1667679,IT,ES,MACHI,ELEC1,7.6,1361793.937,6,6,1361789.825,0.0,2.0,2.0,0.112,179183.412763
1812973,IT,WM,MACHI,CERAM,7.6,1361771.02,6,6,1361766.908,0.0,2.0,2.0,0.112,179180.397368
1679596,IT,GR,RUBBE,RETA1,4.51,1361731.661,6,6,1361727.538,0.0,2.0,2.0,0.123,301936.066741
1740276,IT,GB,BUSIN,EDUCA,13.99,1361709.767,6,6,1361703.673,0.0,3.0,3.0,0.094,97334.508006
1731604,IT,SI,WEARI,OFFIC,10.26,1361273.371,6,6,1361269.112,0.0,2.0,2.0,0.259,132677.716472
1672711,IT,FR,SANDC,CONST,3.12,1361101.098,6,6,1360801.049,0.0,1.0,299.0,0.049,436250.351923
1742750,IT,US,FABRI,PLAST,5.54,1361031.278,6,6,1361027.18,0.0,1.0,3.0,0.098,245673.515884
1751441,IT,CN,AIRTR,WOODW,1.48,1361017.3,5,5,1361016.257,0.0,0.0,1.0,0.043,919606.283784
1772400,IT,CH,CHEM1,GLASS,2.84,1360850.306,6,6,1360847.157,0.0,1.0,2.0,0.149,479172.642958
1674796,IT,FR,BRICK,CONST,2.04,1360167.087,6,6,1360159.0,0.0,1.0,7.0,0.087,666748.572059
1790016,IT,WA,NONME,ALUM1,2.75,1359913.559,6,6,1359909.41,0.0,1.0,3.0,0.149,494514.021455
1649745,IT,BG,BASIC,RUBBE,1.57,1359876.67,6,6,1359874.584,0.0,1.0,1.0,0.086,866163.484076
1737739,IT,GB,HEAVY,MOTOR,2.2,1359756.185,6,6,1359754.076,0.0,1.0,1.0,0.109,618070.993182
1644497,IT,BE,DAIRY,FOOD5,5.52,1359533.9,6,6,1359522.808,0.0,10.0,1.0,0.092,246292.373188
1796242,IT,WL,FURNI,HEALT,4.34,1359242.1,6,6,1359233.983,0.0,4.0,4.0,0.117,313189.423963
1674251,IT,FR,BITU1,MOTOR,2.14,1358837.589,6,6,1358834.481,0.0,1.0,2.0,0.108,634970.835981
1791223,IT,WA,FURNI,MOTO1,4.34,1358772.363,6,6,1358764.246,0.0,4.0,4.0,0.117,313081.189631
1773258,IT,CH,FABRI,RESEA,5.53,1358542.974,6,6,1358538.877,0.0,1.0,3.0,0.097,245667.807233
1738676,IT,GB,MACHI,CHEM1,7.58,1358509.643,6,6,1358505.531,0.0,2.0,2.0,0.112,179222.908047
1726104,IT,RO,RUBBE,FABRI,4.5,1358384.152,6,6,1358380.029,0.0,2.0,2.0,0.123,301863.144889
1805080,IT,WF,PLAST,93197,2.85,1358235.01,6,6,1358232.872,0.0,1.0,1.0,0.138,476573.687719
1740945,IT,US,FOOD5,RETA1,6.52,1358165.583,6,6,1358157.462,0.0,6.0,2.0,0.121,208307.604755
1770973,IT,CH,VEGET,WHOLE,4.81,1357981.849,6,6,1357974.796,0.0,6.0,1.0,0.053,282324.708732
1792039,IT,WA,AIRTR,MEAT4,1.48,1357773.6,5,5,1357772.557,0.0,0.0,1.0,0.043,917414.594595
1800297,IT,WE,PLAST,PUBLI,2.85,1357694.58,6,6,1357692.442,0.0,1.0,1.0,0.138,476384.063158
1730250,IT,SE,SEACO,WOODW,1.38,1357443.425,4,4,1357443.401,0.0,0.0,0.0,0.024,983654.655797
1674498,IT,FR,RUBBE,VEGET,4.5,1357355.587,6,6,1357351.464,0.0,2.0,2.0,0.123,301634.574889
1647533,IT,BE,SUPPO,SALEM,9.76,1357139.287,6,6,1357136.22,0.0,1.0,2.0,0.067,139051.156455
1731455,IT,SI,BEVER,FOOD5,5.77,1356604.25,6,6,1356598.163,0.0,4.0,2.0,0.087,235113.388215
1714121,IT,MT,SEACO,COMPU,1.38,1356367.104,4,4,1356367.081,0.0,0.0,0.0,0.023,982874.713043
1715578,IT,NL,HEAVY,DIST1,2.19,1355890.673,6,6,1355888.564,0.0,1.0,1.0,0.109,619128.161187
1763557,IT,MX,CHEM1,PFERT,2.83,1355147.174,6,6,1355144.026,0.0,1.0,2.0,0.148,478850.591519
1667735,IT,ES,MACHI,RECRE,7.56,1355003.277,6,6,1354999.166,0.0,2.0,2.0,0.111,179233.237698
1798769,IT,WE,FOOD5,MEAT4,6.51,1354978.747,6,6,1354970.626,0.0,6.0,2.0,0.121,208138.056375
1806299,IT,WF,MACHI,COMPU,7.56,1354963.929,6,6,1354959.818,0.0,2.0,2.0,0.111,179228.032937
1812972,IT,WM,MACHI,GLASS,7.56,1354869.67,6,6,1354865.559,0.0,2.0,2.0,0.111,179215.564815
1770972,IT,CH,VEGET,RETAI,4.8,1354374.482,6,6,1354367.429,0.0,6.0,1.0,0.053,282161.350417
1799954,IT,WE,HEAVY,SUGA1,2.19,1354197.842,6,6,1354195.733,0.0,1.0,1.0,0.109,618355.178995
1745535,IT,JP,BEVER,BEVER,5.76,1353980.983,6,6,1353974.896,0.0,4.0,2.0,0.087,235066.142882
1675623,IT,FR,MOTO1,RENTI,7.21,1353750.843,6,6,1353747.755,0.0,1.0,2.0,0.088,187760.172399
1772862,IT,CH,BASIC,NONME,1.56,1353396.324,6,6,1353394.238,0.0,1.0,1.0,0.086,867561.746154
1731408,IT,SI,FOOD5,MACHI,6.5,1353093.756,6,6,1353085.635,0.0,6.0,2.0,0.121,208168.270154
1735470,IT,SK,BASIC,RETA1,1.56,1352279.583,6,6,1352277.498,0.0,1.0,1.0,0.085,866845.886538
1801245,IT,WE,FABRI,SUPPO,5.5,1352011.582,6,6,1352007.485,0.0,1.0,3.0,0.097,245820.287636
1738336,IT,GB,BASIC,REALE,1.56,1351437.061,6,6,1351434.976,0.0,1.0,1.0,0.085,866305.808333
1748076,IT,JP,BUSIN,CONST,13.88,1351283.341,6,6,1351277.248,0.0,3.0,3.0,0.093,97354.707565
1743099,IT,US,MOTO1,PAPER,7.19,1351195.924,6,6,1351192.836,0.0,1.0,2.0,0.088,187927.110431
1750311,IT,CN,NONF1,TRANS,0.3,1350739.238,4,4,1350739.23,0.0,0.0,0.0,0.008,4502464.126667
1773953,IT,CH,SALEM,MOTO1,10.9,1350630.09,6,6,1350627.006,0.0,1.0,2.0,0.084,123911.017431
1777993,IT,TR,MACHI,HEALT,7.53,1350132.754,6,6,1350128.643,0.0,2.0,2.0,0.111,179300.498539
1752637,IT,CA,TEXTI,FURNI,8.0,1349977.712,6,6,1349975.533,0.0,1.0,1.0,0.179,168747.214
1756350,IT,KR,TRANS,TRANS,8.06,1349787.019,6,6,1349782.946,0.0,2.0,2.0,0.073,167467.372084
1664125,IT,EE,RUBBE,KEROS,4.47,1349386.313,6,6,1349382.191,0.0,2.0,2.0,0.122,301876.132662
1678537,IT,GR,VEGET,FOOD5,4.78,1349379.974,6,6,1349372.921,0.0,6.0,1.0,0.053,282297.06569
1780330,IT,TW,AIRTR,DAIRY,1.47,1349374.409,5,5,1349373.366,0.0,0.0,1.0,0.043,917941.77483
1801338,IT,WE,MACHI,CEMEN,7.53,1349048.732,6,6,1349044.621,0.0,2.0,2.0,0.111,179156.538114
1682563,IT,HR,MOTOR,LANDT,2.02,1348887.585,6,6,1348885.475,0.0,1.0,1.0,0.11,667766.131188
1718780,IT,PL,PAPER,DAIRY,5.23,1348661.87,6,6,1348648.737,0.0,11.0,2.0,0.133,257870.338432
1799960,IT,WE,HEAVY,WEARI,2.18,1348488.71,6,6,1348486.602,0.0,1.0,1.0,0.108,618572.802752
1745656,IT,JP,TEXTI,RADIO,7.99,1348377.47,6,6,1348375.291,0.0,1.0,1.0,0.179,168758.131414
1667300,IT,ES,ALUM1,TRANS,2.34,1348369.571,6,6,1348366.463,0.0,1.0,2.0,0.108,576226.312393
1780136,IT,TW,HOTEL,NAPHT,9.77,1348344.406,6,6,1348339.304,0.0,3.0,2.0,0.102,138008.639304
1772407,IT,CH,CHEM1,ALUM1,2.82,1347773.349,6,6,1347770.202,0.0,1.0,2.0,0.147,477933.811702
1785516,IT,ZA,MOTOR,WHOLE,2.01,1347610.69,6,6,1347608.58,0.0,1.0,1.0,0.11,670453.079602
1812183,IT,WM,NONME,NATU1,2.72,1347331.011,6,6,1347326.863,0.0,1.0,3.0,0.148,495342.283456
1803566,IT,WF,DAIRY,HOTEL,5.47,1347076.396,6,6,1347065.305,0.0,10.0,1.0,0.091,246266.251554
1796962,IT,WL,AIRTR,CHEM1,1.47,1346641.959,5,5,1346640.917,0.0,0.0,1.0,0.042,916082.965306
1749659,IT,CN,CHEM1,NONSP,2.81,1346340.878,6,6,1346337.731,0.0,1.0,2.0,0.147,479124.867616
1685854,IT,HU,CHEM1,WOODW,2.81,1346308.047,6,6,1346304.9,0.0,1.0,2.0,0.147,479113.183986
1658546,IT,DE,MACHI,DAIRY,7.51,1345548.588,6,6,1345544.477,0.0,2.0,2.0,0.111,179167.588282
1726376,IT,RO,COPP1,MACHI,3.4,1345081.931,6,6,1345075.861,0.0,2.0,4.0,0.07,395612.332647
1645668,IT,BE,CHEM1,PUBLI,2.81,1344985.61,6,6,1344982.463,0.0,1.0,2.0,0.147,478642.565836
1735555,IT,SK,ALUM1,FOUND,2.34,1344859.4,6,6,1344856.292,0.0,1.0,2.0,0.108,574726.239316
1792124,IT,WA,AIRTR,RECRE,1.46,1344081.247,5,5,1344080.205,0.0,0.0,1.0,0.042,920603.593836
1686392,IT,HU,BASIC,PAPER,1.55,1343813.01,6,6,1343810.925,0.0,1.0,1.0,0.085,866976.135484
1811650,IT,WM,CHEM1,FABRI,2.81,1343702.507,6,6,1343699.36,0.0,1.0,2.0,0.147,478185.945552
1749027,IT,CN,LEATH,FABRI,9.62,1343695.408,6,6,1343684.175,0.0,9.0,2.0,0.233,139677.277339
1643486,IT,AT,LANDT,COMPU,8.67,1343623.444,6,6,1343620.38,0.0,1.0,2.0,0.064,154973.868973
1812359,IT,WM,BASIC,TRAN1,1.55,1343492.781,6,6,1343490.696,0.0,1.0,1.0,0.085,866769.536129
1772423,IT,CH,CHEM1,TRAN1,2.81,1343208.711,6,6,1343205.564,0.0,1.0,2.0,0.147,478010.217438
1800289,IT,WE,PLAST,POSTT,2.82,1342668.38,6,6,1342666.243,0.0,1.0,1.0,0.137,476123.539007
1804750,IT,WF,NAPHT,COPPE,2.28,1342120.544,6,6,1342117.448,0.0,1.0,2.0,0.096,588649.361404
1757908,IT,BR,CHEM1,FURNI,2.8,1341524.335,6,6,1341521.189,0.0,1.0,2.0,0.146,479115.833929
1772429,IT,CH,CHEM1,SALEM,2.8,1341028.829,6,6,1341025.683,0.0,1.0,2.0,0.146,478938.8675
1676633,IT,FR,HOTEL,PUBLI,9.72,1341010.062,6,6,1341004.961,0.0,3.0,2.0,0.101,137963.998148
1812088,IT,WM,CERAM,RETA1,2.09,1341002.072,6,6,1340993.999,0.0,1.0,7.0,0.073,641627.785646
1713600,IT,MT,BASIC,FABRI,1.54,1340733.997,6,6,1340731.912,0.0,1.0,1.0,0.085,870606.491558
1772309,IT,CH,PLAST,PAPER,2.81,1340465.21,6,6,1340463.074,0.0,1.0,1.0,0.136,477033.882562
1745814,IT,JP,WEARI,93197,10.1,1340402.175,6,6,1340397.92,0.0,2.0,2.0,0.255,132713.086634
1790110,IT,WA,BASIC,PLAST,1.54,1339630.796,6,6,1339628.711,0.0,1.0,1.0,0.085,869890.127273
1801696,IT,WE,FURNI,EDUCA,4.28,1339346.971,6,6,1339339.856,0.0,4.0,3.0,0.115,312931.53528
1642598,IT,AT,FABRI,DAIRY,5.45,1339130.19,6,6,1339126.094,0.0,1.0,3.0,0.096,245711.961468
1668878,IT,ES,SEACO,RUBBE,1.36,1339122.946,4,4,1339122.923,0.0,0.0,0.0,0.023,984649.225
1667773,IT,ES,OFFIC,PRINT,4.15,1338762.184,6,6,1338759.087,0.0,1.0,2.0,0.097,322593.297349
1666872,IT,ES,GLASS,RUBBE,3.67,1338702.624,6,6,1338696.547,0.0,1.0,5.0,0.077,364769.107357
1800240,IT,WE,PLAST,CHEM1,2.81,1338615.631,6,6,1338613.495,0.0,1.0,1.0,0.136,476375.669395
1714451,IT,NL,FORES,PULP5,11.68,1337664.542,5,5,1337149.507,0.0,515.0,0.0,0.035,114526.073801
1762274,IT,IN,AIRTR,OFFIC,1.46,1337364.774,5,5,1337363.732,0.0,0.0,1.0,0.042,916003.269863
1713161,IT,MT,FISH5,SEACO,5.62,1337303.575,6,6,1337296.887,0.0,4.0,2.0,0.688,237954.372776
1732511,IT,SI,RUBBE,TEXTI,4.43,1337075.559,6,6,1337071.438,0.0,2.0,2.0,0.121,301822.925282
1780339,IT,TW,AIRTR,PAPER,1.46,1336902.639,5,5,1336901.597,0.0,0.0,1.0,0.042,915686.739041
1791681,IT,WA,HOTEL,WHOLE,9.69,1336644.168,6,6,1336639.067,0.0,3.0,2.0,0.101,137940.574613
1666224,IT,ES,HEAVY,PLAST,2.16,1336616.584,6,6,1336614.477,0.0,1.0,1.0,0.107,618803.974074
1649422,IT,BG,CHEM1,RUBBE,2.79,1336469.381,6,6,1336466.235,0.0,1.0,2.0,0.146,479021.283513
1661155,IT,DE,RECRE,RECRE,16.99,1336367.469,6,6,1336361.372,0.0,3.0,3.0,0.097,78656.119423
1755133,IT,KR,LEATH,PREC1,9.56,1335449.966,6,6,1335438.735,0.0,9.0,2.0,0.231,139691.419038
1771769,IT,CH,LEATH,WHOLE,9.56,1335150.836,6,6,1335139.605,0.0,9.0,2.0,0.231,139660.129289
1722630,IT,PT,TEXTI,OFFIC,7.91,1335014.252,6,6,1335012.075,0.0,1.0,1.0,0.177,168775.505942
1814020,IT,WM,SEACO,ELEC2,1.36,1335001.725,4,4,1335001.702,0.0,0.0,0.0,0.023,981618.915441
1742920,IT,US,MACHI,FABRI,7.45,1334895.738,6,6,1334891.628,0.0,2.0,2.0,0.11,179180.635973
1806228,IT,WF,MACHI,TEXTI,7.45,1334777.339,6,6,1334773.229,0.0,2.0,2.0,0.11,179164.74349
1666761,IT,ES,RUBBE,COPP1,4.42,1334695.051,6,6,1334690.93,0.0,2.0,2.0,0.121,301967.206109
1811867,IT,WM,RUBBE,KEROS,4.42,1334636.779,6,6,1334632.658,0.0,2.0,2.0,0.121,301954.022398
1794919,IT,WL,CHEM1,BEVER,2.79,1334523.089,6,6,1334519.943,0.0,1.0,2.0,0.146,478323.687814
1786579,IT,ZA,FURNI,BUSIN,4.26,1334441.821,6,6,1334434.706,0.0,4.0,3.0,0.115,313249.253756
1789700,IT,WA,RUBBE,BUSIN,4.42,1334172.355,6,6,1334168.234,0.0,2.0,2.0,0.121,301848.949095
1655490,IT,DE,CRUDE,LIGNI,2.63,1333758.403,6,6,1333755.288,0.0,1.0,2.0,0.115,507132.472624
1683442,IT,HR,BASIC,PUBLI,1.54,1333605.5,6,6,1333603.416,0.0,1.0,1.0,0.084,865977.597403
1723063,IT,PT,CHEM1,FOOD5,2.79,1333578.786,6,6,1333575.64,0.0,1.0,2.0,0.146,477985.227957
1667521,IT,ES,FABRI,COPP1,5.43,1333438.814,6,6,1333434.718,0.0,1.0,3.0,0.096,245568.842357
1747039,IT,JP,TRANS,PUBLI,7.96,1333155.215,6,6,1333151.143,0.0,2.0,2.0,0.072,167481.81093
1753576,IT,CA,MACHI,ELECT,7.44,1333152.548,6,6,1333148.438,0.0,2.0,2.0,0.11,179187.17043
1657246,IT,DE,CHEM1,FOUND,2.79,1333142.482,6,6,1333139.336,0.0,1.0,2.0,0.146,477828.846595
1742982,IT,US,MACHI,FOOD4,7.43,1332367.337,6,6,1332363.228,0.0,2.0,2.0,0.109,179322.656393
1805249,IT,WF,CHEM1,HOTEL,2.78,1332079.62,6,6,1332076.475,0.0,1.0,2.0,0.145,479165.330935
1800471,IT,WE,RUBBE,CRUDE,4.41,1331924.847,6,6,1331920.726,0.0,2.0,2.0,0.121,302023.77483
1718839,IT,PL,PAPER,RETA1,5.16,1331700.762,6,6,1331687.631,0.0,11.0,2.0,0.131,258081.543023
1742650,IT,US,COPP1,ELECT,3.36,1331619.72,6,6,1331613.651,0.0,2.0,4.0,0.069,396315.392857
1746571,IT,JP,BASIC,CONST,1.53,1331254.96,6,6,1331252.876,0.0,1.0,1.0,0.084,870101.281046
1713827,IT,MT,ELEC1,VEGE1,0.19,1330215.802,4,4,1330215.718,0.0,0.0,0.0,0.084,7001135.8
1709931,IT,LT,BASIC,FABRI,1.53,1329841.359,6,6,1329839.275,0.0,1.0,1.0,0.084,869177.358824
1782607,IT,NO,FURNI,WHOLE,4.24,1329694.376,6,6,1329687.262,0.0,4.0,3.0,0.114,313607.164151
1742602,IT,US,ALUM1,TRANS,2.31,1329552.633,6,6,1329549.526,0.0,1.0,2.0,0.107,575563.91039
1770951,IT,CH,VEGET,PLAST,4.71,1329410.888,6,6,1329404.836,0.0,5.0,1.0,0.052,282252.842463
1715632,IT,NL,NAPHT,NAPHT,2.26,1329291.733,6,6,1329288.638,0.0,1.0,2.0,0.095,588182.182743
1812344,IT,WM,BASIC,NONF1,1.53,1329215.188,6,6,1329213.104,0.0,1.0,1.0,0.084,868768.096732
1667843,IT,ES,OFFIC,EDUCA,4.12,1328983.761,6,6,1328980.665,0.0,1.0,2.0,0.096,322568.874029
1679469,IT,GR,CHEM1,PFERT,2.78,1328893.34,6,6,1328890.195,0.0,1.0,2.0,0.145,478019.18705
1741188,IT,US,LEATH,PUBLI,9.51,1328272.407,6,6,1328261.177,0.0,9.0,2.0,0.23,139671.125868
1761021,IT,IN,PLAST,TEXTI,2.79,1327988.151,6,6,1327986.016,0.0,1.0,1.0,0.135,475981.416129
1776456,IT,TR,MOTOR,MOTOR,1.98,1327858.658,6,6,1327856.55,0.0,1.0,1.0,0.108,670635.685859
1730282,IT,SE,SEACO,SEACO,1.35,1327431.205,4,4,1327431.182,0.0,0.0,0.0,0.023,983282.374074
1744261,IT,US,POSTT,LANDT,21.86,1327414.037,6,6,1327410.936,0.0,1.0,2.0,0.101,60723.423468
1749876,IT,CN,RUBBE,WHOLE,4.4,1326962.635,6,6,1326958.515,0.0,2.0,2.0,0.12,301582.417045
1804807,IT,WF,NAPHT,OFFIC,2.25,1326941.101,6,6,1326938.006,0.0,1.0,2.0,0.095,589751.600444
1666482,IT,ES,PLAST,PLAST,2.78,1326865.285,6,6,1326863.15,0.0,1.0,1.0,0.135,477289.670863
1686944,IT,HU,MACHI,FABRI,7.4,1326686.285,6,6,1326682.176,0.0,2.0,2.0,0.109,179281.930405
1683196,IT,HR,GLASS,CONST,3.64,1326655.161,6,6,1326649.085,0.0,1.0,5.0,0.076,364465.703571
1812007,IT,WM,GLASS,SALEM,3.64,1326418.537,6,6,1326412.461,0.0,1.0,5.0,0.076,364400.696978
1732816,IT,SI,BASIC,WOODW,1.53,1326343.483,6,6,1326341.399,0.0,1.0,1.0,0.084,866891.165359
1688243,IT,IE,VEGET,FOOD5,4.69,1325931.114,6,6,1325925.062,0.0,5.0,1.0,0.052,282714.523241
1798276,IT,WE,OILSE,REALE,0.96,1325746.296,5,5,1325737.235,0.0,9.0,0.0,0.061,1380985.725
1760987,IT,IN,NAPHT,CONST,2.25,1324979.804,6,6,1324976.709,0.0,1.0,2.0,0.095,588879.912889
1749299,IT,CN,PAPER,PUBLI,5.13,1324965.77,6,6,1324952.639,0.0,11.0,2.0,0.131,258277.927875
1741265,IT,US,PAPER,DAIRY,5.13,1324892.96,6,6,1324879.829,0.0,11.0,2.0,0.131,258263.734893
1733001,IT,SI,LEAD1,LEAD1,2.3,1324730.273,6,6,1324721.161,0.0,3.0,6.0,0.112,575969.683913
1792024,IT,WA,AIRTR,PIGS9,1.44,1324508.483,5,5,1324507.441,0.0,0.0,1.0,0.042,919797.557639
1674400,IT,FR,CHEM1,SUPPO,2.77,1323766.684,6,6,1323763.539,0.0,1.0,2.0,0.145,477894.109747
1689273,IT,IE,WHOLE,CONST,11.44,1323597.613,6,6,1323592.536,0.0,2.0,3.0,0.077,115699.092045
1666205,IT,ES,HEAVY,WOODW,2.14,1323364.884,6,6,1323362.778,0.0,1.0,1.0,0.106,618394.805607
1776917,IT,TR,PLAST,BASIC,2.78,1323021.504,6,6,1323019.369,0.0,1.0,1.0,0.135,475907.015827
1790696,IT,WA,FABRI,WHOLE,5.38,1322870.957,6,6,1322866.862,0.0,1.0,3.0,0.095,245886.794981
1729761,IT,SE,MACHI,FABRI,7.38,1322786.617,6,6,1322782.508,0.0,2.0,2.0,0.109,179239.378997
1811416,IT,WM,PLAST,FISH5,2.78,1322764.278,6,6,1322762.143,0.0,1.0,1.0,0.135,475814.488489
1742387,IT,US,NONME,ELECT,2.67,1322753.103,6,6,1322748.958,0.0,1.0,3.0,0.145,495413.147191
1761145,IT,IN,CHEM1,CERAM,2.76,1322712.013,6,6,1322708.869,0.0,1.0,2.0,0.144,479243.482971
1718838,IT,PL,PAPER,WHOLE,5.12,1322599.335,6,6,1322586.205,0.0,11.0,2.0,0.13,258320.182617
1789423,IT,WA,CHEM1,POSTT,2.76,1322305.482,6,6,1322302.338,0.0,1.0,2.0,0.144,479096.18913
1739485,IT,GB,LANDT,OFFIC,8.53,1322202.749,6,6,1322199.686,0.0,1.0,2.0,0.063,155006.183939
1685433,IT,HU,WOODW,WOODW,3.7,1322166.09,6,6,1322156.001,0.0,8.0,2.0,0.089,357342.186486
1720271,IT,PL,FABRI,FOOD5,5.38,1322039.87,6,6,1322035.775,0.0,1.0,3.0,0.095,245732.317844
1686255,IT,HU,CERAM,FABRI,2.06,1322031.201,6,6,1322023.129,0.0,1.0,7.0,0.072,641762.718932
1778673,IT,TR,HOTEL,SUPPO,9.58,1322009.075,6,6,1322003.975,0.0,3.0,2.0,0.1,137996.771921
1732041,IT,SI,KEROS,WHOLE,1.97,1321712.543,6,6,1321710.435,0.0,1.0,1.0,0.108,670920.072589
1720094,IT,PL,LEAD1,CATTL,2.3,1321100.47,6,6,1321091.359,0.0,3.0,6.0,0.111,574391.508696
1645958,IT,BE,CERAM,REALE,2.06,1320681.264,6,6,1320673.192,0.0,1.0,7.0,0.072,641107.409709
1803031,IT,WF,CEREA,CATTL,2.15,1320402.71,6,6,1320393.635,0.0,8.0,1.0,0.075,614140.795349
1683650,IT,HR,FABRI,OFFIC,5.37,1320253.462,6,6,1320249.367,0.0,1.0,3.0,0.095,245857.255493
1739464,IT,GB,LANDT,PLAST,8.52,1320247.153,6,6,1320244.091,0.0,1.0,2.0,0.062,154958.586033
1806428,IT,WF,TRANS,CRUDE,7.88,1320232.231,6,6,1320228.159,0.0,2.0,2.0,0.072,167542.161294
1653536,IT,CZ,BASIC,RADIO,1.52,1319908.333,6,6,1319906.25,0.0,1.0,1.0,0.083,868360.745395
1644687,IT,BE,BEVER,PLAST,5.61,1319545.832,6,6,1319539.747,0.0,4.0,2.0,0.085,235213.160784
1741957,IT,US,CHEM1,POSTT,2.76,1319482.586,6,6,1319479.442,0.0,1.0,2.0,0.144,478073.400725
1800661,IT,WE,CERAM,RADIO,2.06,1319195.428,6,6,1319187.356,0.0,1.0,7.0,0.072,640386.130097
1735480,IT,SK,BASIC,BUSIN,1.52,1319062.215,6,6,1319060.132,0.0,1.0,1.0,0.083,867804.088816
1761668,IT,IN,FABRI,ELECT,5.37,1318685.437,6,6,1318681.342,0.0,1.0,3.0,0.095,245565.258287
1759801,IT,BR,BUSIN,SUPPO,13.54,1318609.261,6,6,1318604.17,0.0,3.0,2.0,0.091,97386.208346
1742753,IT,US,FABRI,CHEM1,5.37,1318585.076,6,6,1318580.981,0.0,1.0,3.0,0.095,245546.569088
1746296,IT,JP,CHEM1,REALE,2.75,1318171.172,6,6,1318168.028,0.0,1.0,2.0,0.144,479334.971636
1735719,IT,SK,FABRI,CONST,5.36,1317760.969,6,6,1317756.874,0.0,1.0,3.0,0.095,245850.927052
1743043,IT,US,OFFIC,COMPU,4.08,1317583.348,6,6,1317580.253,0.0,1.0,2.0,0.095,322937.095098
1729417,IT,SE,BASIC,SUPPO,1.52,1317512.7,6,6,1317510.617,0.0,1.0,1.0,0.083,866784.671053
1775915,IT,TR,FOOD5,MEATC,6.33,1317088.074,6,6,1317079.956,0.0,6.0,2.0,0.118,208070.785782
1657212,IT,DE,CHEM1,MOTOR,2.75,1316934.451,6,6,1316931.307,0.0,1.0,2.0,0.144,478885.254909
1670614,IT,FI,WEARI,BUSIN,9.93,1316908.248,6,6,1316903.998,0.0,2.0,2.0,0.25,132619.158912
1775916,IT,TR,FOOD5,MEAT1,6.33,1316825.409,6,6,1316817.291,0.0,6.0,2.0,0.118,208029.290521
1672653,IT,FR,CRUDE,RUBBE,2.59,1316584.415,6,6,1316581.302,0.0,1.0,2.0,0.113,508333.750965
1752489,IT,CA,FOOD5,CATTL,6.33,1316569.154,6,6,1316561.036,0.0,6.0,2.0,0.118,207988.807899
1719284,IT,PL,CHEM1,TRANS,2.75,1316544.03,6,6,1316540.886,0.0,1.0,2.0,0.144,478743.283636
1741397,IT,US,PRINT,BUSIN,12.63,1316471.173,6,6,1316467.073,0.0,2.0,2.0,0.1,104233.663737
1777266,IT,TR,RUBBE,SALEM,4.36,1316300.496,6,6,1316296.377,0.0,2.0,2.0,0.119,301903.783486
1811317,IT,WM,BITU1,ELEC1,2.08,1316202.84,6,6,1316200.735,0.0,1.0,1.0,0.105,632789.826923
1759157,IT,BR,AIRTR,RETA1,1.43,1316116.158,5,5,1316115.117,0.0,0.0,1.0,0.041,920360.94965
1799697,IT,WE,MOTOR,HOTEL,1.97,1315900.088,6,6,1315897.981,0.0,1.0,1.0,0.107,667969.587817
1772420,IT,CH,CHEM1,SECO9,2.75,1315799.154,6,6,1315796.01,0.0,1.0,2.0,0.144,478472.419636
1811789,IT,WM,ADDIT,WHOLE,3.05,1315498.816,6,6,1315485.713,0.0,10.0,3.0,0.103,431311.087213
1666795,IT,ES,RUBBE,SUPPO,4.36,1314748.264,6,6,1314744.145,0.0,2.0,2.0,0.119,301547.766972
1805088,IT,WF,NFERT,PLANT,0.27,1314604.231,4,4,1314604.123,0.0,0.0,0.0,0.108,4868904.559259
1812879,IT,WM,FABRI,TRAN2,5.35,1314404.444,6,6,1314400.35,0.0,1.0,3.0,0.094,245683.073645
1666867,IT,ES,GLASS,PLAST,3.61,1314230.836,6,6,1314224.761,0.0,1.0,5.0,0.075,364052.863158
1675358,IT,FR,MACHI,TEXTI,7.33,1314077.785,6,6,1314073.677,0.0,2.0,2.0,0.108,179273.91337
1738199,IT,GB,CERAM,CONST,2.05,1313071.808,6,6,1313063.737,0.0,1.0,7.0,0.071,640522.833171
1740758,IT,US,MEAT4,CHEM1,7.23,1312904.565,6,6,1312896.476,0.0,6.0,2.0,0.089,181591.226141
1686983,IT,HU,MACHI,BUSIN,7.32,1312844.623,6,6,1312840.515,0.0,2.0,2.0,0.108,179350.358333
1801514,IT,WE,MOTO1,WHOLE,6.99,1312684.431,6,6,1312681.346,0.0,1.0,2.0,0.085,187794.625322
1766546,IT,RU,COPP1,FABRI,3.32,1312365.711,6,6,1312359.643,0.0,2.0,4.0,0.068,395290.876807
1803619,IT,WF,FOOD5,FOOD5,6.3,1312166.427,6,6,1312158.31,0.0,6.0,2.0,0.117,208280.385238
1667215,IT,ES,PREC1,RUBBE,2.23,1312076.283,6,6,1312071.223,0.0,2.0,3.0,0.06,588375.014798
1740239,IT,GB,BUSIN,TRANS,13.48,1312043.196,6,6,1312038.105,0.0,3.0,2.0,0.091,97332.581306
1742924,IT,US,MACHI,RADIO,7.32,1311843.57,6,6,1311839.462,0.0,2.0,2.0,0.108,179213.602459
1790121,IT,WA,BASIC,CEMEN,1.51,1311837.41,6,6,1311835.327,0.0,1.0,1.0,0.083,868766.496689
1801378,IT,WE,MACHI,AIRTR,7.32,1311669.499,6,6,1311665.391,0.0,2.0,2.0,0.108,179189.822268
1772890,IT,CH,BASIC,RETA1,1.51,1311668.529,6,6,1311666.446,0.0,1.0,1.0,0.083,868654.654967
1777506,IT,TR,BASIC,ELECT,1.51,1311454.013,6,6,1311451.93,0.0,1.0,1.0,0.083,868512.591391
1795829,IT,WL,MACHI,RAILW,7.32,1311379.671,6,6,1311375.563,0.0,2.0,2.0,0.108,179150.228279
1679584,IT,GR,RUBBE,TRANS,4.34,1311198.535,6,6,1311194.416,0.0,2.0,2.0,0.119,302119.478111
1793646,IT,WL,DAIRY,HOTEL,5.33,1310946.363,6,6,1310936.274,0.0,9.0,1.0,0.089,245956.165666
1666520,IT,ES,PLAST,BUSIN,2.75,1310425.242,6,6,1310423.109,0.0,1.0,1.0,0.133,476518.269818
1791101,IT,WA,TRANS,OFFIC,7.81,1309152.107,6,6,1309149.036,0.0,1.0,2.0,0.071,167625.109731
1739721,IT,GB,SUPPO,HOTEL,9.41,1308449.978,6,6,1308446.914,0.0,1.0,2.0,0.064,139048.881828
1674253,IT,FR,BITU1,GASDI,2.06,1308233.458,6,6,1308231.354,0.0,1.0,1.0,0.104,635064.785437
1742964,IT,US,MACHI,RENTI,7.3,1308193.037,6,6,1308188.93,0.0,2.0,2.0,0.107,179204.525616
1806175,IT,WF,FABRI,BUSIN,5.32,1307801.78,6,6,1307797.686,0.0,1.0,3.0,0.094,245827.402256
1646107,IT,BE,BASIC,BUSIN,1.51,1307668.738,6,6,1307666.655,0.0,1.0,1.0,0.083,866005.786755
1790574,IT,WA,NONF1,MOTO1,0.29,1306914.173,4,4,1306914.166,0.0,0.0,0.0,0.007,4506600.596552
1788528,IT,WA,PAPER,MEAT4,5.06,1306645.955,6,6,1306632.826,0.0,11.0,2.0,0.129,258230.425889
1667282,IT,ES,ALUM1,RUBBE,2.27,1306018.317,6,6,1306015.212,0.0,1.0,2.0,0.105,575338.465639
1780170,IT,TW,HOTEL,RETA1,9.47,1305922.696,6,6,1305917.598,0.0,3.0,2.0,0.098,137901.023865
1804803,IT,WF,NAPHT,COPP1,2.22,1305711.407,6,6,1305708.314,0.0,1.0,2.0,0.093,588158.291441
1750704,IT,CN,MOTO1,CONST,6.95,1305345.041,6,6,1305341.956,0.0,1.0,2.0,0.085,187819.43036
1669813,IT,ES,BUSIN,CONST,13.4,1304822.091,6,6,1304817.001,0.0,3.0,2.0,0.09,97374.78291
1746881,IT,JP,OFFIC,OFFIC,4.04,1304560.017,6,6,1304556.923,0.0,1.0,2.0,0.094,322910.895297
1679665,IT,GR,GLASS,HOTEL,3.58,1304531.326,6,6,1304525.251,0.0,1.0,5.0,0.075,364394.22514
1752371,IT,CA,MEAT4,HOTEL,7.18,1304416.905,6,6,1304408.816,0.0,6.0,2.0,0.089,181673.663649
1794353,IT,WL,MOTOR,RESEA,1.95,1304382.909,6,6,1304380.803,0.0,1.0,1.0,0.106,668914.312308
1751383,IT,CN,SEACO,NONME,1.33,1303680.845,4,4,1303680.822,0.0,0.0,0.0,0.023,980211.161654
1804798,IT,WF,NAPHT,NONME,2.21,1303655.708,6,6,1303652.615,0.0,1.0,2.0,0.093,589889.460633
1682203,IT,HR,WEARI,MACHI,9.83,1303614.544,6,6,1303610.296,0.0,2.0,2.0,0.248,132615.925127
1667548,IT,ES,FABRI,SALEM,5.3,1303545.495,6,6,1303541.401,0.0,1.0,3.0,0.094,245951.980189
1660857,IT,DE,COMPU,POSTT,14.88,1303360.982,6,6,1303356.9,0.0,2.0,2.0,0.082,87591.463844
1777125,IT,TR,ADDIT,GASDI,3.02,1303320.863,6,6,1303307.761,0.0,10.0,3.0,0.102,431563.199669
1659618,IT,DE,HOTEL,OFFIC,9.45,1303173.312,6,6,1303168.214,0.0,3.0,2.0,0.098,137901.937778
1765779,IT,RU,MOTOR,WOODW,1.95,1303090.037,6,6,1303087.931,0.0,1.0,1.0,0.106,668251.301026
1804438,IT,WF,GASDI,PADDY,1.94,1302877.665,6,6,1302875.559,0.0,1.0,1.0,0.106,671586.425258
1805414,IT,WF,RUBBE,BUSIN,4.32,1302868.604,6,6,1302864.486,0.0,2.0,2.0,0.118,301589.95463
1787697,IT,WA,VEGE1,FOOD5,4.01,1302709.158,6,6,1302698.875,0.0,8.0,2.0,0.283,324865.126683
1805645,IT,WF,NONME,ALUM1,2.63,1302676.641,6,6,1302672.498,0.0,1.0,3.0,0.143,495314.312167
1725880,IT,RO,HEAVY,WOODW,2.1,1302338.625,6,6,1302336.52,0.0,1.0,1.0,0.105,620161.25
1770312,IT,AU,HOTEL,AIRTR,9.44,1302049.998,6,6,1302044.9,0.0,3.0,2.0,0.098,137929.025212
1812493,IT,WM,PREC1,93197,2.21,1301770.522,6,6,1301765.462,0.0,2.0,3.0,0.06,589036.435294
1790590,IT,WA,FABRI,VEGET,5.3,1301491.017,6,6,1301486.924,0.0,1.0,3.0,0.093,245564.34283
1771480,IT,CH,BEVER,RETA1,5.53,1301180.611,6,6,1301175.527,0.0,4.0,1.0,0.084,235294.866365
1795271,IT,WL,CERAM,WHOLE,2.03,1300895.16,6,6,1300887.089,0.0,1.0,7.0,0.071,640835.054187
1772869,IT,CH,BASIC,MACHI,1.5,1300821.996,6,6,1300819.914,0.0,1.0,1.0,0.082,867214.664
1662021,IT,DK,PLAST,OFFIC,2.73,1300662.476,6,6,1300660.344,0.0,1.0,1.0,0.132,476433.141392
1735370,IT,SK,NONME,ALUM1,2.63,1300648.285,6,6,1300644.142,0.0,1.0,3.0,0.143,494543.074144
1774242,IT,CH,RETA1,HOTEL,13.58,1300530.568,6,6,1300526.483,0.0,2.0,2.0,0.085,95768.083063
1665731,IT,ES,PAPER,CHEM1,5.04,1300395.338,6,6,1300383.21,0.0,10.0,2.0,0.128,258014.948016
1682230,IT,HR,WEARI,PUBLI,9.8,1300228.927,6,6,1300224.68,0.0,2.0,2.0,0.247,132676.421122
1770317,IT,AU,HOTEL,AUXIL,9.42,1299619.368,6,6,1299614.27,0.0,3.0,2.0,0.098,137963.83949
1743675,IT,US,HOTEL,SEWAG,9.42,1299595.692,6,6,1299590.594,0.0,3.0,2.0,0.098,137961.326115
1740181,IT,GB,BUSIN,CRUDE,13.35,1299438.868,6,6,1299433.778,0.0,3.0,2.0,0.09,97336.244794
1730470,IT,SE,POSTT,PUBLI,21.4,1299436.408,6,6,1299433.309,0.0,1.0,2.0,0.099,60721.327477
1778940,IT,TR,SEACO,ELEC1,1.32,1299319.458,4,4,1299319.436,0.0,0.0,0.0,0.022,984332.922727
1717143,IT,NL,INLAN,OFFIC,2.1,1299296.988,6,6,1299294.9,0.0,1.0,1.0,0.088,618712.851429
1754041,IT,CA,SEACO,MOTO1,1.32,1299036.356,4,4,1299036.334,0.0,0.0,0.0,0.022,984118.451515
1651649,IT,CY,BASIC,FURNI,1.5,1298840.652,6,6,1298838.57,0.0,1.0,1.0,0.082,865893.768
1641538,IT,AT,HEAVY,OFFIC,2.1,1298792.111,6,6,1298790.007,0.0,1.0,1.0,0.104,618472.43381
1757446,IT,BR,PAPER,WOODW,5.03,1298048.532,6,6,1298036.404,0.0,10.0,2.0,0.128,258061.33837
1789278,IT,WA,PFERT,CEREA,0.57,1298048.125,6,6,1298045.917,0.0,1.0,1.0,0.208,2277277.412281
1754719,IT,KR,VEGE1,HEALT,3.99,1298046.583,6,6,1298036.301,0.0,8.0,2.0,0.282,325324.958145
1755541,IT,KR,CHEM1,PFERT,2.71,1298032.166,6,6,1298029.024,0.0,1.0,2.0,0.142,478978.659041
1811414,IT,WM,PLAST,FOOD5,2.72,1297924.761,6,6,1297922.629,0.0,1.0,1.0,0.132,477178.220956
1734397,IT,SK,VEGET,FOOD5,4.6,1297880.313,6,6,1297874.262,0.0,5.0,1.0,0.051,282147.89413
1750839,IT,CN,FURNI,FOUND,4.14,1297601.087,6,6,1297593.975,0.0,4.0,3.0,0.112,313430.214251
1685187,IT,HU,BEVER,HOTEL,5.52,1297303.37,6,6,1297298.287,0.0,4.0,1.0,0.083,235018.726449
1811496,IT,WM,PLAST,AUXIL,2.72,1297272.503,6,6,1297270.371,0.0,1.0,1.0,0.132,476938.420221
1666249,IT,ES,HEAVY,FURNI,2.1,1297224.811,6,6,1297222.707,0.0,1.0,1.0,0.104,617726.100476
1728942,IT,SE,CHEM1,SALEM,2.71,1297121.2,6,6,1297118.058,0.0,1.0,2.0,0.142,478642.509225
1722606,IT,PT,TEXTI,FOOD5,7.69,1297053.702,6,6,1297051.53,0.0,1.0,1.0,0.172,168667.581534
1814359,IT,WM,FINAN,REALE,16.89,1296840.075,6,6,1296838.038,0.0,1.0,1.0,0.037,76781.531972
1741432,IT,US,MOTOR,GASDI,1.94,1296826.247,6,6,1296824.141,0.0,1.0,1.0,0.106,668467.137629
1667828,IT,ES,OFFIC,LANDT,4.02,1296432.246,6,6,1296429.153,0.0,1.0,2.0,0.093,322495.583582
1772627,IT,CH,GLASS,CHEM1,3.56,1295839.272,6,6,1295833.198,0.0,1.0,5.0,0.074,363999.795506
1675848,IT,FR,ELEC1,RETA1,0.19,1295670.899,4,4,1295670.817,0.0,0.0,0.0,0.082,6819320.521053
1811149,IT,WM,NAPHT,LIQUE,2.2,1294945.394,6,6,1294942.301,0.0,1.0,2.0,0.093,588611.542727
1657179,IT,DE,CHEM1,RAWMI,2.71,1294503.98,6,6,1294500.839,0.0,1.0,2.0,0.141,477676.745387
1787857,IT,WA,FOOD5,RETA1,6.22,1294487.813,6,6,1294479.697,0.0,6.0,2.0,0.116,208117.011736
1645457,IT,BE,NAPHT,CHEM1,2.2,1293978.427,6,6,1293975.334,0.0,1.0,2.0,0.093,588172.012273
1769464,IT,AU,BASIC,BITUM,1.49,1293863.74,6,6,1293861.658,0.0,1.0,1.0,0.082,868364.926174
1805163,IT,WF,CHEM1,MEATA,2.7,1293769.372,6,6,1293766.231,0.0,1.0,2.0,0.141,479173.841481
1683417,IT,HR,BASIC,FURNI,1.49,1293398.201,6,6,1293396.119,0.0,1.0,1.0,0.082,868052.483893
1674319,IT,FR,CHEM1,CATTL,2.7,1293352.639,6,6,1293349.498,0.0,1.0,2.0,0.141,479019.495926
1805658,IT,WF,NONME,INSUR,2.61,1293155.079,6,6,1293150.937,0.0,1.0,3.0,0.142,495461.716092
1805245,IT,WF,CHEM1,SALEM,2.7,1292965.839,6,6,1292962.698,0.0,1.0,2.0,0.141,478876.236667
1812810,IT,WM,FABRI,FISH5,5.26,1292680.386,6,6,1292676.293,0.0,1.0,3.0,0.093,245756.727376
1743253,IT,US,FURNI,CRUDE,4.13,1292530.896,6,6,1292523.785,0.0,4.0,3.0,0.111,312961.476029
1650353,IT,BG,ELEC2,MACHI,0.31,1292324.708,4,4,1292324.573,0.0,0.0,0.0,0.135,4168789.380645
1742555,IT,US,PREC1,FABRI,2.2,1292215.175,6,6,1292210.116,0.0,2.0,3.0,0.059,587370.534091
1751382,IT,CN,SEACO,CEMEN,1.31,1291993.759,4,4,1291993.737,0.0,0.0,0.0,0.022,986254.777863
1729591,IT,SE,NONF1,COPP1,0.28,1291931.838,4,4,1291931.831,0.0,0.0,0.0,0.007,4614042.278571
1744278,IT,US,POSTT,HEALT,21.27,1291783.452,6,6,1291780.354,0.0,1.0,2.0,0.098,60732.649365
1795514,IT,WL,ALUM1,CHEM1,2.24,1291667.018,6,6,1291663.915,0.0,1.0,2.0,0.103,576637.061607
1658707,IT,DE,OFFIC,MACHI,4.0,1291484.847,6,6,1291481.754,0.0,1.0,2.0,0.093,322871.21175
1800982,IT,WE,ALUM1,ELECT,2.24,1291428.597,6,6,1291425.494,0.0,1.0,2.0,0.103,576530.623661
1749692,IT,CN,CHEM1,ELEC4,2.7,1291166.55,6,6,1291163.409,0.0,1.0,2.0,0.141,478209.833333
1683463,IT,HR,PREC1,PAPER,2.19,1290963.991,6,6,1290958.932,0.0,2.0,3.0,0.059,589481.274429
1665619,IT,ES,WOODW,PULP5,3.61,1290438.956,6,6,1290428.869,0.0,8.0,2.0,0.087,357462.314681
1771103,IT,CH,STONE,DIST1,4.17,1289688.136,6,6,1289615.077,0.0,1.0,72.0,0.059,309277.730456
1789441,IT,WA,CHEM1,PRIVA,2.69,1289196.921,6,6,1289193.78,0.0,1.0,2.0,0.141,479255.360967
1773378,IT,CH,MACHI,BUSIN,7.19,1288895.453,6,6,1288891.347,0.0,2.0,2.0,0.106,179262.232684
1719183,IT,PL,PLAST,RETA1,2.7,1288437.103,6,6,1288434.972,0.0,1.0,1.0,0.131,477198.927037
1761770,IT,IN,MACHI,ELECT,7.19,1288399.353,6,6,1288395.247,0.0,2.0,2.0,0.106,179193.234075
1677931,IT,FR,BUSIN,POSTT,13.23,1288376.08,6,6,1288370.991,0.0,3.0,2.0,0.089,97382.923658
1792775,IT,WA,BUSIN,POSTT,13.23,1288350.384,6,6,1288345.295,0.0,3.0,2.0,0.089,97380.981406
1765544,IT,RU,LEATH,LEATH,9.23,1288203.08,6,6,1288191.857,0.0,9.0,2.0,0.223,139566.964247
1768397,IT,AU,VEGE1,FOOD5,3.96,1287950.483,6,6,1287940.203,0.0,8.0,2.0,0.28,325240.02096
1804449,IT,WF,GASDI,MEATA,1.92,1287926.481,6,6,1287924.376,0.0,1.0,1.0,0.105,670795.042187
1723025,IT,PT,PLAST,OFFIC,2.7,1287731.674,6,6,1287729.543,0.0,1.0,1.0,0.131,476937.657037
1774986,IT,CH,AUXIL,INSUR,23.54,1287683.959,6,6,1287680.896,0.0,1.0,2.0,0.063,54701.952379
1773484,IT,CH,OFFIC,HEALT,3.99,1287517.022,6,6,1287513.929,0.0,1.0,2.0,0.093,322685.970426
1718308,IT,PL,FOOD5,HOTEL,6.19,1287508.561,6,6,1287500.446,0.0,6.0,2.0,0.115,207998.152019
1683434,IT,HR,BASIC,SUPPO,1.48,1286784.704,6,6,1286782.623,0.0,1.0,1.0,0.081,869449.124324
1746814,IT,JP,MACHI,MEDIC,7.18,1286569.597,6,6,1286565.491,0.0,2.0,2.0,0.106,179187.966156
1667148,IT,ES,BASIC,COPP1,1.48,1286408.927,6,6,1286406.846,0.0,1.0,1.0,0.081,869195.220946
1744045,IT,US,AIRTR,RENTI,1.4,1286229.105,5,5,1286228.064,0.0,0.0,1.0,0.041,918735.075
1667442,IT,ES,NONF1,COPP1,0.28,1286018.904,4,4,1286018.897,0.0,0.0,0.0,0.007,4592924.657143
1794679,IT,WL,NAPHT,BIODI,2.18,1285925.316,6,6,1285922.224,0.0,1.0,2.0,0.092,589873.998165
1673591,IT,FR,WOODW,PULP5,3.6,1285710.28,6,6,1285700.193,0.0,8.0,2.0,0.087,357141.744444
1766662,IT,RU,FABRI,FURNI,5.23,1285704.259,6,6,1285700.167,0.0,1.0,3.0,0.092,245832.554302
1766081,IT,RU,RUBBE,CRUDE,4.26,1284930.166,6,6,1284926.049,0.0,2.0,2.0,0.117,301626.799531
1742984,IT,US,MACHI,PLAS2,7.17,1284907.371,6,6,1284903.265,0.0,2.0,2.0,0.106,179206.048954
1678933,IT,GR,TEXTI,DISTR,7.61,1284891.09,6,6,1284888.919,0.0,1.0,1.0,0.171,168842.455979
1657602,IT,DE,GLASS,RETA1,3.53,1284650.403,6,6,1284644.329,0.0,1.0,5.0,0.074,363923.626912
1768110,IT,RU,BUSIN,BUSIN,13.19,1284419.238,6,6,1284414.149,0.0,3.0,2.0,0.089,97378.259136
1641594,IT,AT,NAPHT,KEROS,2.18,1284131.481,6,6,1284128.389,0.0,1.0,2.0,0.092,589051.138073
1676988,IT,FR,AIRTR,SUPPO,1.4,1284049.031,5,5,1284047.991,0.0,0.0,1.0,0.04,917177.879286
1795849,IT,WL,MACHI,RECRE,7.16,1283631.425,6,6,1283627.32,0.0,2.0,2.0,0.105,179278.131983
1720027,IT,PL,ALUM1,RUBBE,2.23,1283045.867,6,6,1283042.764,0.0,1.0,2.0,0.103,575356.891031
1784248,IT,ID,CHEM1,MEAT1,2.68,1282992.324,6,6,1282989.184,0.0,1.0,2.0,0.14,478728.479104
1685643,IT,HU,KEROS,MOTO1,1.91,1282833.527,6,6,1282831.423,0.0,1.0,1.0,0.104,671640.590052
1761715,IT,IN,MACHI,CRUDE,7.16,1282793.661,6,6,1282789.556,0.0,2.0,2.0,0.105,179161.125838
1741758,IT,US,NONSP,GASDI,1.68,1282453.155,6,6,1282451.086,0.0,1.0,1.0,0.069,763364.973214
1719248,IT,PL,CHEM1,PAPER,2.68,1282045.316,6,6,1282042.176,0.0,1.0,2.0,0.14,478375.11791
1739666,IT,GB,AIRTR,BUSIN,1.4,1281787.561,5,5,1281786.521,0.0,0.0,1.0,0.04,915562.543571
1667651,IT,ES,MACHI,PLAST,7.15,1281751.276,6,6,1281747.171,0.0,2.0,2.0,0.105,179265.912727
1656104,IT,DE,BEVER,EDUCA,5.45,1281689.032,6,6,1281684.95,0.0,3.0,1.0,0.082,235172.29945
1809057,IT,WM,VEGET,93197,4.54,1281551.222,6,6,1281545.172,0.0,5.0,1.0,0.05,282280.004846
1794826,IT,WL,PLAST,FURNI,2.69,1280927.849,6,6,1280925.719,0.0,1.0,1.0,0.13,476181.356506
1761713,IT,IN,MACHI,BITUM,7.15,1280803.793,6,6,1280799.688,0.0,2.0,2.0,0.105,179133.397622
1790122,IT,WA,BASIC,NONME,1.47,1280730.216,6,6,1280728.135,0.0,1.0,1.0,0.081,871245.044898
1679108,IT,GR,PAPER,PRINT,4.96,1280691.249,6,6,1280679.123,0.0,10.0,2.0,0.126,258203.880847
1762256,IT,IN,AIRTR,COKEO,1.39,1280690.581,5,5,1280689.541,0.0,0.0,1.0,0.04,921360.130216
1665981,IT,ES,MOTOR,FURNI,1.91,1280360.466,6,6,1280358.362,0.0,1.0,1.0,0.104,670345.793717
1794953,IT,WL,CHEM1,GLASS,2.68,1280235.824,6,6,1280232.684,0.0,1.0,2.0,0.14,477699.934328
1657950,IT,DE,BASIC,TRAN1,1.47,1280124.626,6,6,1280122.545,0.0,1.0,1.0,0.081,870833.078912
1773061,IT,CH,ALUM1,WHOLE,2.22,1280007.716,6,6,1280004.613,0.0,1.0,2.0,0.103,576580.052252
1803358,IT,WF,SANDC,EDUCA,2.94,1279925.379,6,6,1279643.333,0.0,1.0,281.0,0.046,435348.768367
1782552,IT,NO,MOTO1,SALEM,6.81,1279661.295,6,6,1279658.212,0.0,1.0,2.0,0.083,187909.147577
1806295,IT,WF,MACHI,FINAN,7.14,1279431.018,6,6,1279426.913,0.0,2.0,2.0,0.105,179192.019328
1738078,IT,GB,RUBBE,TRANS,4.24,1279331.942,6,6,1279327.826,0.0,2.0,2.0,0.116,301729.231604
1766690,IT,RU,FABRI,REALE,5.2,1278959.584,6,6,1278955.492,0.0,1.0,3.0,0.092,245953.766154
1646676,IT,BE,FURNI,MOTO1,4.08,1278883.885,6,6,1278876.775,0.0,4.0,3.0,0.11,313451.932598
1790572,IT,WA,NONF1,RADIO,0.28,1278572.288,4,4,1278572.281,0.0,0.0,0.0,0.007,4566329.6
1655315,IT,DE,VEGET,VEGE1,4.53,1278474.635,6,6,1278468.585,0.0,5.0,1.0,0.05,282223.981236
1687080,IT,HU,MOTO1,SALEM,6.8,1278405.458,6,6,1278402.375,0.0,1.0,2.0,0.083,188000.802647
1743921,IT,US,SEACO,FINAN,1.3,1278333.334,4,4,1278333.312,0.0,0.0,0.0,0.022,983333.333846
1648066,IT,BE,COMPU,AUXIL,14.6,1278133.126,6,6,1278129.046,0.0,2.0,2.0,0.08,87543.364795
1758515,IT,BR,MACHI,TRANS,7.13,1277972.849,6,6,1277968.744,0.0,2.0,2.0,0.105,179238.828752
1804993,IT,WF,PLAST,MEAT1,2.68,1277550.757,6,6,1277548.627,0.0,1.0,1.0,0.13,476698.043657
1810291,IT,WM,LEATH,REALE,9.15,1277494.26,6,6,1277483.039,0.0,9.0,2.0,0.221,139616.859016
1714516,IT,NL,CRUDE,GASDI,2.52,1277363.653,6,6,1277360.543,0.0,1.0,2.0,0.11,506890.338492
1773489,IT,CH,OFFIC,RECRE,3.96,1277353.864,6,6,1277350.772,0.0,1.0,2.0,0.092,322564.107071
1731428,IT,SI,FOOD5,HOTEL,6.14,1277314.076,6,6,1277305.962,0.0,6.0,2.0,0.114,208031.608469
1733239,IT,SI,MACHI,CONST,7.13,1277204.679,6,6,1277200.574,0.0,2.0,2.0,0.105,179131.091024
1777502,IT,TR,BASIC,FOUND,1.47,1277196.357,6,6,1277194.276,0.0,1.0,1.0,0.081,868841.059184
1801263,IT,WE,MACHI,CEREA,7.12,1276913.075,6,6,1276908.97,0.0,2.0,2.0,0.105,179341.724017
1759812,IT,BR,BUSIN,EDUCA,13.11,1276386.371,6,6,1276381.283,0.0,3.0,2.0,0.088,97359.753699
1774364,IT,CH,HOTEL,RAILW,9.25,1276345.341,6,6,1276340.245,0.0,3.0,2.0,0.096,137983.280108
1729921,IT,SE,FURNI,MOTO1,4.07,1276317.596,6,6,1276310.486,0.0,4.0,3.0,0.11,313591.546929
1676029,IT,FR,ELEC6,WOODW,0.19,1275984.311,4,4,1275984.107,0.0,0.0,0.0,0.204,6715706.9
1750443,IT,CN,MACHI,FORES,7.12,1275758.021,6,6,1275753.916,0.0,2.0,2.0,0.105,179179.497331
1667930,IT,ES,MOTO1,EDUCA,6.79,1275606.36,6,6,1275603.277,0.0,1.0,2.0,0.083,187865.443299
1761028,IT,IN,PLAST,COKEO,2.68,1275588.102,6,6,1275585.972,0.0,1.0,1.0,0.13,475965.709701
1742764,IT,US,FABRI,BASIC,5.19,1275045.677,6,6,1275041.586,0.0,1.0,3.0,0.091,245673.540848
1682451,IT,HR,PAPER,WHOLE,4.94,1274900.823,6,6,1274888.697,0.0,10.0,2.0,0.126,258077.089676
1758403,IT,BR,FABRI,BASIC,5.19,1274664.786,6,6,1274660.695,0.0,1.0,3.0,0.091,245600.151445
1741807,IT,US,PLAST,ELECT,2.67,1274604.413,6,6,1274602.283,0.0,1.0,1.0,0.13,477379.929963
1686099,IT,HU,RUBBE,FABRI,4.22,1274485.205,6,6,1274481.089,0.0,2.0,2.0,0.116,302010.712085
1726255,IT,RO,BASIC,CRUDE,1.47,1274395.033,6,6,1274392.952,0.0,1.0,1.0,0.081,866935.396599
1685823,IT,HU,CHEM1,OILSE,2.66,1274351.121,6,6,1274347.982,0.0,1.0,2.0,0.139,479079.368797
1774141,IT,CH,WHOLE,POSTT,11.01,1273879.856,6,6,1273875.782,0.0,2.0,2.0,0.074,115702.075931
1666198,IT,ES,HEAVY,FOOD5,2.06,1273854.741,6,6,1273852.639,0.0,1.0,1.0,0.102,618376.087864
1746532,IT,JP,NONME,BASIC,2.57,1273802.993,6,6,1273798.853,0.0,1.0,3.0,0.14,495643.187938
1771051,IT,CH,FISHF,FISH5,2.19,1273783.741,5,5,1273782.696,0.0,1.0,0.0,0.045,581636.411416
1772025,IT,CH,PRINT,PRINT,12.22,1273596.473,6,6,1273592.376,0.0,2.0,2.0,0.097,104222.2973
1785668,IT,ZA,HEAVY,RETA1,2.06,1273520.213,6,6,1273518.111,0.0,1.0,1.0,0.102,618213.695631
1659110,IT,DE,ELEC6,TRAN1,0.19,1273357.746,4,4,1273357.542,0.0,0.0,0.0,0.204,6701882.873684
1738171,IT,GB,GLASS,RESEA,3.49,1273017.425,6,6,1273011.352,0.0,1.0,5.0,0.073,364761.439828
1709520,IT,LT,LEATH,WHOLE,9.12,1272839.276,6,6,1272828.056,0.0,9.0,2.0,0.22,139565.710088
1799434,IT,WE,PAPER,MEAT4,4.93,1272431.669,6,6,1272419.543,0.0,10.0,2.0,0.126,258099.73002
1657892,IT,DE,BASIC,PULP5,1.46,1272380.889,6,6,1272378.809,0.0,1.0,1.0,0.08,871493.759589
1745437,IT,JP,DAIRY,HOTEL,5.17,1272269.423,6,6,1272259.337,0.0,9.0,1.0,0.086,246086.929014
1720044,IT,PL,ALUM1,TRANS,2.21,1272021.094,6,6,1272017.992,0.0,1.0,2.0,0.102,575575.155656
1648229,IT,BE,BUSIN,CONST,13.06,1271854.463,6,6,1271849.375,0.0,3.0,2.0,0.088,97385.487213
1742840,IT,US,MACHI,SUGAR,7.1,1271797.747,6,6,1271793.643,0.0,2.0,2.0,0.104,179126.443239
1675834,IT,FR,ELEC1,BASIC,0.18,1271719.308,4,4,1271719.228,0.0,0.0,0.0,0.08,7065107.266667
1646215,IT,BE,ALUM1,RESEA,2.21,1271578.745,6,6,1271575.643,0.0,1.0,2.0,0.102,575374.997738
1795405,IT,WL,BASIC,FOUND,1.46,1271470.555,6,6,1271468.475,0.0,1.0,1.0,0.08,870870.243151
1777696,IT,TR,COPP1,FABRI,3.21,1271458.109,6,6,1271452.043,0.0,2.0,4.0,0.066,396092.868847
1814540,IT,WM,BUSIN,CRUDE,13.06,1271271.673,6,6,1271266.585,0.0,3.0,2.0,0.088,97340.86317
1737740,IT,GB,HEAVY,KEROS,2.05,1271229.724,6,6,1271227.622,0.0,1.0,1.0,0.102,620112.060488
1725717,IT,RO,PAPER,BUSIN,4.93,1271134.185,6,6,1271122.06,0.0,10.0,2.0,0.125,257836.548682
1812287,IT,WM,BASIC,IRONO,1.46,1270928.51,6,6,1270926.43,0.0,1.0,1.0,0.08,870498.979452
1658747,IT,DE,OFFIC,HEALT,3.94,1270547.977,6,6,1270544.885,0.0,1.0,2.0,0.092,322474.105838
1794258,IT,WL,MOTOR,CRUDE,1.9,1270354.147,6,6,1270352.044,0.0,1.0,1.0,0.103,668607.445789
1665749,IT,ES,PAPER,OFFIC,4.92,1270235.842,6,6,1270223.717,0.0,10.0,2.0,0.125,258178.016667
1791140,IT,WA,TRANS,EDUCA,7.58,1270123.236,6,6,1270120.167,0.0,1.0,2.0,0.069,167562.43219
1749706,IT,CN,CHEM1,COLLE,2.65,1269988.572,6,6,1269985.433,0.0,1.0,2.0,0.139,479240.970566
1766240,IT,RU,GLASS,REALE,3.49,1269825.023,6,6,1269818.95,0.0,1.0,5.0,0.073,363846.711461
1801252,IT,WE,FABRI,RESEA,5.17,1269798.406,6,6,1269794.315,0.0,1.0,3.0,0.091,245608.976015
1774539,IT,CH,TRAN2,RAILW,1.96,1269665.396,5,5,1269664.361,0.0,0.0,1.0,0.035,647788.467347
1719302,IT,PL,CHEM1,HOTEL,2.65,1269630.653,6,6,1269627.514,0.0,1.0,2.0,0.139,479105.906792
1713193,IT,MT,WEARI,SEACO,9.57,1269578.168,6,6,1269573.927,0.0,2.0,2.0,0.241,132662.295507
1809663,IT,WM,DAIRY,EDUCA,5.16,1269125.68,6,6,1269115.594,0.0,9.0,1.0,0.086,245954.589147
1676630,IT,FR,HOTEL,COMPU,9.2,1268722.452,6,6,1268717.356,0.0,3.0,2.0,0.096,137904.614348
1653874,IT,CZ,FABRI,BASIC,5.16,1268624.341,6,6,1268620.25,0.0,1.0,3.0,0.091,245857.430426
1754848,IT,KR,BEVER,WHOLE,5.39,1268509.484,6,6,1268505.402,0.0,3.0,1.0,0.082,235344.987755
1733071,IT,SI,COPP1,RESEA,3.2,1268312.487,6,6,1268306.421,0.0,2.0,4.0,0.066,396347.652188
1743752,IT,US,LANDT,MOTOR,8.18,1267723.822,6,6,1267720.762,0.0,1.0,2.0,0.06,154978.462347
1794847,IT,WL,PLAST,HEALT,2.66,1267715.241,6,6,1267713.112,0.0,1.0,1.0,0.129,476584.677068
1677906,IT,FR,BUSIN,MOTO1,13.02,1267490.758,6,6,1267485.671,0.0,3.0,2.0,0.087,97349.520584
1750556,IT,CN,MACHI,HEALT,7.07,1267415.174,6,6,1267411.07,0.0,2.0,2.0,0.104,179266.64413
1679052,IT,GR,WOODW,FURNI,3.55,1267392.146,6,6,1267382.06,0.0,8.0,2.0,0.086,357011.872113
1805093,IT,WF,NFERT,RAWMI,0.26,1266811.615,4,4,1266811.511,0.0,0.0,0.0,0.104,4872352.365385
1741668,IT,US,HEAVY,CEMEN,2.05,1266706.455,6,6,1266704.353,0.0,1.0,1.0,0.102,617905.587805
1676622,IT,FR,HOTEL,AIRTR,9.18,1266621.21,6,6,1266616.115,0.0,3.0,2.0,0.095,137976.166667
1757548,IT,BR,MOTOR,LIQUE,1.89,1266377.78,6,6,1266375.677,0.0,1.0,1.0,0.103,670041.153439
1789026,IT,WA,NAPHT,HEAVY,2.15,1266191.89,6,6,1266188.799,0.0,1.0,2.0,0.091,588926.460465
1738439,IT,GB,ALUM1,WHOLE,2.2,1266034.141,6,6,1266031.04,0.0,1.0,2.0,0.101,575470.064091
1675607,IT,FR,MOTO1,CONST,6.74,1265789.224,6,6,1265786.142,0.0,1.0,2.0,0.082,187802.55549
1720180,IT,PL,COPP1,ELECT,3.2,1265722.196,6,6,1265716.131,0.0,2.0,4.0,0.065,395538.18625
1749622,IT,CN,CHEM1,NATUR,2.64,1265618.43,6,6,1265615.292,0.0,1.0,2.0,0.138,479400.920455
1804363,IT,WF,MOTOR,93197,1.89,1265610.675,6,6,1265608.572,0.0,1.0,1.0,0.103,669635.277778
1651604,IT,CY,CERAM,DAIRY,1.97,1265415.277,6,6,1265407.208,0.0,1.0,7.0,0.069,642342.780203
1769766,IT,AU,MACHI,RUBBE,7.06,1265412.731,6,6,1265408.627,0.0,2.0,2.0,0.104,179236.930737
1800302,IT,WE,PLAST,93197,2.65,1265210.673,6,6,1265208.544,0.0,1.0,1.0,0.129,477437.989811
1741945,IT,US,CHEM1,COLLE,2.64,1265072.445,6,6,1265069.307,0.0,1.0,2.0,0.138,479194.107955
1654018,IT,CZ,MACHI,ELEC1,7.06,1265003.351,6,6,1264999.247,0.0,2.0,2.0,0.104,179178.944901
1741841,IT,US,PFERT,PFERT,0.56,1264769.306,6,6,1264767.104,0.0,1.0,1.0,0.202,2258516.617857
1741335,IT,US,PAPER,BUSIN,4.9,1264626.951,6,6,1264614.826,0.0,10.0,2.0,0.125,258087.132857
1720412,IT,PL,MACHI,WOODW,7.05,1264563.484,6,6,1264559.38,0.0,2.0,2.0,0.104,179370.70695
1782221,IT,NO,BASIC,WHOLE,1.46,1264434.651,6,6,1264432.571,0.0,1.0,1.0,0.08,866051.130822
1753757,IT,CA,FURNI,ALUM1,4.04,1264188.947,6,6,1264181.838,0.0,4.0,3.0,0.109,312918.056188
1651445,IT,CY,GASDI,ELEC6,1.88,1264157.442,6,6,1264155.339,0.0,1.0,1.0,0.103,672424.171277
1763869,IT,MX,NONME,MOTO1,2.55,1264152.926,6,6,1264148.787,0.0,1.0,3.0,0.139,495746.24549
1801393,IT,WE,MACHI,93197,7.05,1263910.604,6,6,1263906.5,0.0,2.0,2.0,0.104,179278.099858
1673086,IT,FR,FOOD5,RETA1,6.07,1263700.573,6,6,1263692.46,0.0,6.0,2.0,0.113,208187.903295
1793692,IT,WL,FOOD5,BEVER,6.07,1263658.323,6,6,1263650.21,0.0,6.0,2.0,0.113,208180.942834
1768280,IT,AU,VEGET,COLLE,4.47,1263020.365,6,6,1263014.315,0.0,5.0,1.0,0.05,282554.891499
1750596,IT,CN,OFFIC,ELECT,3.91,1262877.668,6,6,1262874.577,0.0,1.0,2.0,0.091,322986.615857
1715606,IT,NL,LIQUE,DIST1,2.21,1262678.07,6,6,1262675.968,0.0,1.0,1.0,0.102,571347.542986
1675079,IT,FR,ALUM1,RESEA,2.19,1262636.789,6,6,1262633.688,0.0,1.0,2.0,0.101,576546.478995
1723476,IT,PT,ALUM1,FOUND,2.19,1262499.036,6,6,1262495.935,0.0,1.0,2.0,0.101,576483.578082
1774345,IT,CH,HOTEL,FURNI,9.15,1262491.129,6,6,1262486.034,0.0,3.0,2.0,0.095,137977.172568
1812996,IT,WM,MACHI,ELEC6,7.04,1262209.301,6,6,1262205.197,0.0,2.0,2.0,0.104,179291.093892
1801134,IT,WE,FABRI,VEGET,5.14,1262180.785,6,6,1262177.694,0.0,1.0,2.0,0.091,245560.464008
1660966,IT,DE,BUSIN,BASIC,12.96,1262178.507,6,6,1262173.42,0.0,3.0,2.0,0.087,97390.316898
1801302,IT,WE,MACHI,FOOD5,7.04,1262178.363,6,6,1262174.259,0.0,2.0,2.0,0.104,179286.69929
1724363,IT,PT,SEACO,MOTO1,1.28,1262098.115,4,4,1262098.093,0.0,0.0,0.0,0.022,986014.152344
1738530,IT,GB,NONF1,RESEA,0.28,1262072.183,4,4,1262072.176,0.0,0.0,0.0,0.007,4507400.653571
1799889,IT,WE,GASDI,HOTEL,1.88,1261799.879,6,6,1261797.776,0.0,1.0,1.0,0.103,671170.148404
1728956,IT,SE,CHEM1,REALE,2.64,1261623.751,6,6,1261620.613,0.0,1.0,2.0,0.138,477887.78447
1642010,IT,AT,RUBBE,SALEM,4.18,1261571.449,6,6,1261567.335,0.0,2.0,2.0,0.114,301811.351435
1655819,IT,DE,VEGE1,PLAST,3.88,1261196.06,6,6,1261185.786,0.0,8.0,2.0,0.274,325050.530928
1759669,IT,BR,RESEA,FINAN,6.83,1260765.959,6,6,1260762.871,0.0,1.0,2.0,0.088,184592.380527
1673032,IT,FR,FOOD5,MEATC,6.06,1260345.816,6,6,1260337.703,0.0,6.0,2.0,0.113,207977.857426
1791920,IT,WA,SEACO,PIGS9,1.28,1259929.836,4,4,1259929.814,0.0,0.0,0.0,0.022,984320.184375
1645040,IT,BE,PAPER,FOOD5,4.88,1259827.98,6,6,1259815.856,0.0,10.0,2.0,0.124,258161.471311
1811449,IT,WM,PLAST,CEMEN,2.64,1259823.982,6,6,1259821.854,0.0,1.0,1.0,0.128,477206.053788
1673860,IT,FR,PRINT,BUSIN,12.09,1259772.019,6,6,1259767.923,0.0,2.0,2.0,0.096,104199.505294
1721249,IT,PL,LANDT,RUBBE,8.13,1259750.519,6,6,1259747.459,0.0,1.0,2.0,0.06,154950.863346
1743868,IT,US,SEACO,PRINT,1.28,1259677.439,4,4,1259677.417,0.0,0.0,0.0,0.022,984122.999219
1646484,IT,BE,MACHI,OFFIC,7.03,1259600.49,6,6,1259596.387,0.0,2.0,2.0,0.103,179175.034139
1793626,IT,WL,DAIRY,DAIRY,5.12,1259533.129,6,6,1259523.044,0.0,9.0,1.0,0.085,246002.564258
1745973,IT,JP,WOODW,CONST,3.52,1259407.163,6,6,1259397.078,0.0,8.0,2.0,0.085,357786.125852
1726196,IT,RO,CERAM,LANDT,1.96,1259356.4,6,6,1259348.332,0.0,1.0,7.0,0.068,642528.77551
1800130,IT,WE,NAPHT,ELEC3,2.14,1259110.93,6,6,1259107.84,0.0,1.0,2.0,0.09,588369.593458
1677197,IT,FR,POSTT,WHOLE,20.73,1258998.137,6,6,1258995.041,0.0,1.0,2.0,0.096,60733.146985
1676614,IT,FR,HOTEL,WHOLE,9.12,1258978.274,6,6,1258973.179,0.0,3.0,2.0,0.095,138045.863377
1715467,IT,NL,KEROS,NAPHT,1.87,1258917.995,6,6,1258915.893,0.0,1.0,1.0,0.102,673218.179144
1675790,IT,FR,FURNI,COMPU,4.02,1258912.026,6,6,1258904.918,0.0,4.0,3.0,0.108,313162.195522
1742139,IT,US,RUBBE,BUSIN,4.17,1258855.898,6,6,1258851.784,0.0,2.0,2.0,0.114,301883.908393
1744149,IT,US,SUPPO,INSUR,9.05,1258849.776,6,6,1258846.714,0.0,1.0,2.0,0.062,139099.422762
1746980,IT,JP,MOTO1,PUBLI,6.7,1258760.904,6,6,1258757.822,0.0,1.0,2.0,0.082,187874.761791
1737466,IT,GB,LEATH,FURNI,9.01,1258297.568,6,6,1258286.35,0.0,9.0,2.0,0.218,139655.667925
1718354,IT,PL,BEVER,BEVER,5.35,1258277.218,6,6,1258273.137,0.0,3.0,1.0,0.081,235192.003364
1681640,IT,HR,VEGET,VEGET,4.45,1258251.029,6,6,1258244.98,0.0,5.0,1.0,0.049,282753.040225
1669857,IT,ES,BUSIN,RECRE,12.92,1258201.433,6,6,1258196.346,0.0,3.0,2.0,0.087,97384.011842
1790806,IT,WA,MACHI,GLASS,7.02,1257863.747,6,6,1257859.644,0.0,2.0,2.0,0.103,179182.869943
1773377,IT,CH,MACHI,RESEA,7.02,1257777.239,6,6,1257773.136,0.0,2.0,2.0,0.103,179170.546866
1641954,IT,AT,RUBBE,BEVER,4.17,1257399.722,6,6,1257395.608,0.0,2.0,2.0,0.114,301534.705516
1720042,IT,PL,ALUM1,ELECT,2.18,1257392.774,6,6,1257389.673,0.0,1.0,2.0,0.101,576785.676147
1750769,IT,CN,TRANS,AIRTR,7.5,1257254.492,6,6,1257251.424,0.0,1.0,2.0,0.068,167633.932267
1766828,IT,RU,MACHI,RAILW,7.01,1257188.521,6,6,1257184.418,0.0,2.0,2.0,0.103,179342.157061
1758411,IT,BR,FABRI,MACHI,5.12,1256996.064,6,6,1256992.974,0.0,1.0,2.0,0.09,245507.04375
1813190,IT,WM,MOTO1,POSTT,6.69,1256894.694,6,6,1256891.612,0.0,1.0,2.0,0.082,187876.635874
1646152,IT,BE,PREC1,BUSIN,2.13,1256647.791,6,6,1256642.733,0.0,2.0,3.0,0.058,589975.488732
1751282,IT,CN,HOTEL,MEMBE,9.1,1256114.786,6,6,1256109.691,0.0,3.0,2.0,0.095,138034.591868
1795469,IT,WL,PREC1,CONST,2.13,1255967.615,6,6,1255962.557,0.0,2.0,3.0,0.058,589656.157277
1726158,IT,RO,GLASS,WOODW,3.45,1255742.485,6,6,1255736.413,0.0,1.0,5.0,0.072,363983.328986
1743311,IT,US,FURNI,PUBLI,4.01,1255463.068,6,6,1255455.96,0.0,4.0,3.0,0.108,313083.059352
1683667,IT,HR,FABRI,WHOLE,5.11,1255117.449,6,6,1255114.359,0.0,1.0,2.0,0.09,245619.853033
1665508,IT,ES,WEARI,HOTEL,9.46,1255040.809,6,6,1255036.571,0.0,2.0,2.0,0.238,132668.161628
1674993,IT,FR,PREC1,BIOGA,2.13,1254922.109,6,6,1254917.051,0.0,2.0,3.0,0.058,589165.30939
1660934,IT,DE,BUSIN,PRINT,12.89,1254917.725,6,6,1254913.638,0.0,2.0,2.0,0.087,97355.913499
1674063,IT,FR,GASDI,RENTI,1.87,1254662.193,6,6,1254660.091,0.0,1.0,1.0,0.102,670942.349198
1768501,IT,AU,FOOD5,DAIRY,6.02,1253827.219,6,6,1253819.107,0.0,6.0,2.0,0.112,208276.946678
1806181,IT,WF,FABRI,93197,5.1,1253813.129,6,6,1253810.039,0.0,1.0,2.0,0.09,245845.711569
1728889,IT,SE,CHEM1,DAIRY,2.62,1253805.111,6,6,1253801.974,0.0,1.0,2.0,0.137,478551.569084
1795327,IT,WL,NONME,CHEM1,2.53,1253738.003,6,6,1253733.865,0.0,1.0,3.0,0.138,495548.617787
1679883,IT,GR,COPP1,FABRI,3.17,1253194.951,6,6,1253188.886,0.0,2.0,4.0,0.065,395329.637539
1744797,IT,US,RESEA,TRANS,6.79,1253072.349,6,6,1253069.261,0.0,1.0,2.0,0.088,184546.737703
1742484,IT,US,BASIC,ALUM1,1.44,1252961.938,6,6,1252959.859,0.0,1.0,1.0,0.079,870112.456944
1672649,IT,FR,CRUDE,CHEM1,2.47,1252676.658,6,6,1252673.55,0.0,1.0,2.0,0.108,507156.5417
1679449,IT,GR,CHEM1,WEARI,2.62,1252585.498,6,6,1252582.361,0.0,1.0,2.0,0.137,478086.067939
1668852,IT,ES,SEACO,FISHF,1.27,1252524.94,4,4,1252524.918,0.0,0.0,0.0,0.022,986240.110236
1683107,IT,HR,RUBBE,MOTO1,4.15,1252377.318,6,6,1252373.204,0.0,2.0,2.0,0.114,301777.666988
1641385,IT,AT,KEROS,BUSIN,1.86,1252220.66,6,6,1252218.558,0.0,1.0,1.0,0.102,673236.913978
1731334,IT,SI,DAIRY,FOOD5,5.09,1252183.826,6,6,1252173.741,0.0,9.0,1.0,0.085,246008.610216
1811529,IT,WM,NFERT,EDUCA,0.26,1251905.154,4,4,1251905.052,0.0,0.0,0.0,0.102,4815019.823077
1742752,IT,US,FABRI,PFERT,5.09,1251812.74,6,6,1251809.65,0.0,1.0,2.0,0.09,245935.705305
1679552,IT,GR,RUBBE,WOODW,4.15,1251382.183,6,6,1251378.07,0.0,2.0,2.0,0.113,301537.875422
1713547,IT,MT,CERAM,MOTO1,1.95,1250972.363,6,6,1250965.295,0.0,1.0,6.0,0.068,641524.288718
1772702,IT,CH,CERAM,RETA1,1.95,1250917.49,6,6,1250910.422,0.0,1.0,6.0,0.068,641496.148718
1738601,IT,GB,FABRI,HOTEL,5.09,1250094.19,6,6,1250091.1,0.0,1.0,2.0,0.09,245598.072692
1768884,IT,AU,WOODW,WOODW,3.5,1249766.1,6,6,1249756.016,0.0,8.0,2.0,0.084,357076.028571
1790021,IT,WA,NONME,OFFIC,2.52,1249690.79,6,6,1249686.653,0.0,1.0,3.0,0.137,495909.043651
1804245,IT,WF,MOTOR,OILSE,1.87,1249484.146,6,6,1249482.044,0.0,1.0,1.0,0.102,668173.340107
1796939,IT,WL,AIRTR,FOOD5,1.36,1249412.355,5,5,1249411.316,0.0,0.0,1.0,0.039,918685.555147
1726746,IT,RO,CONST,RAILW,6.98,1249404.125,6,6,1249398.058,0.0,1.0,5.0,0.067,178997.725645
1773624,IT,CH,TRANS,AIRTR,7.46,1249368.374,6,6,1249365.306,0.0,1.0,2.0,0.068,167475.653351
1713496,IT,MT,RUBBE,RADIO,4.14,1249345.566,6,6,1249341.453,0.0,2.0,2.0,0.113,301774.291304
1799959,IT,WE,HEAVY,TEXTI,2.02,1249288.27,6,6,1249286.17,0.0,1.0,1.0,0.1,618459.539604
1719300,IT,PL,CHEM1,WHOLE,2.61,1249035.008,6,6,1249031.872,0.0,1.0,2.0,0.136,478557.47433
1785810,IT,ZA,CHEM1,WOODW,2.61,1248529.676,6,6,1248526.54,0.0,1.0,2.0,0.136,478363.860536
1680354,IT,GR,ELEC2,VEGET,0.3,1248458.163,4,4,1248458.032,0.0,0.0,0.0,0.131,4161527.21
1658129,IT,DE,ALUM1,BIODI,2.17,1247953.741,6,6,1247950.641,0.0,1.0,2.0,0.1,575093.889862
1726518,IT,RO,MACHI,BLAST,6.96,1247328.522,6,6,1247324.42,0.0,2.0,2.0,0.102,179213.868103
1673701,IT,FR,PAPER,TEXTI,4.83,1246750.029,6,6,1246737.906,0.0,10.0,2.0,0.123,258126.3
1654311,IT,CZ,ELEC2,TRAN1,0.3,1246616.26,4,4,1246616.13,0.0,0.0,0.0,0.13,4155387.533333
1719597,IT,PL,CERAM,PLAST,1.94,1246183.321,6,6,1246176.253,0.0,1.0,6.0,0.068,642362.536598
1747509,IT,JP,SEACO,SUPPO,1.27,1246138.91,4,4,1246138.888,0.0,0.0,0.0,0.022,981211.740157
1755176,IT,KR,LEATH,RESEA,8.92,1245995.291,6,6,1245984.075,0.0,9.0,2.0,0.216,139685.57074
1685382,IT,HU,LEATH,OFFIC,8.92,1245537.768,6,6,1245526.552,0.0,9.0,2.0,0.216,139634.278924
1795030,IT,WL,ADDIT,GASDI,2.88,1245495.324,6,6,1245483.227,0.0,9.0,3.0,0.097,432463.654167
1643203,IT,AT,HOTEL,WOODW,9.03,1245403.974,6,6,1245399.88,0.0,2.0,2.0,0.094,137918.49103
1731550,IT,SI,TEXTI,TEXTI,7.38,1245366.613,6,6,1245364.448,0.0,1.0,1.0,0.165,168748.86355
1658575,IT,DE,MACHI,PLAST,6.95,1245345.305,6,6,1245341.203,0.0,2.0,2.0,0.102,179186.37482
1685887,IT,HU,CHEM1,FABRI,2.6,1245273.076,6,6,1245269.94,0.0,1.0,2.0,0.136,478951.183077
1746647,IT,JP,COPP1,MACHI,3.15,1245086.329,6,6,1245080.265,0.0,2.0,4.0,0.064,395265.50127
1800719,IT,WE,CEMEN,REALE,1.99,1244739.986,5,5,1244731.93,0.0,0.0,8.0,0.056,625497.480402
1732815,IT,SI,BASIC,LEATH,1.43,1244692.429,6,6,1244690.35,0.0,1.0,1.0,0.079,870414.286014
1749569,IT,CN,PLAST,RADIO,2.61,1244640.313,6,6,1244638.186,0.0,1.0,1.0,0.127,476873.683142
1753585,IT,CA,MACHI,ELEC4,6.94,1244540.327,6,6,1244536.225,0.0,2.0,2.0,0.102,179328.577378
1813297,IT,WM,TRANS,SEACO,7.43,1244267.895,6,6,1244264.827,0.0,1.0,2.0,0.068,167465.396366
1741594,IT,US,GASDI,HOTEL,1.85,1244112.049,6,6,1244109.948,0.0,1.0,1.0,0.101,672492.999459
1755670,IT,KR,RUBBE,MACHI,4.12,1243868.067,6,6,1243863.954,0.0,2.0,2.0,0.113,301909.725
1709404,IT,LT,BEVER,WHOLE,5.29,1243681.977,6,6,1243677.897,0.0,3.0,1.0,0.08,235100.56276
1711536,IT,LU,POSTT,FINAN,20.47,1243203.724,6,6,1243200.629,0.0,1.0,2.0,0.095,60732.961602
1756705,IT,KR,SEACO,MOTO1,1.26,1243029.852,4,4,1243029.83,0.0,0.0,0.0,0.022,986531.628571
1790714,IT,WA,FABRI,BUSIN,5.06,1242954.719,6,6,1242951.63,0.0,1.0,2.0,0.089,245643.225099
1741916,IT,US,CHEM1,NONME,2.6,1242714.79,6,6,1242711.654,0.0,1.0,2.0,0.136,477967.226923
1685888,IT,HU,CHEM1,MACHI,2.6,1242510.777,6,6,1242507.641,0.0,1.0,2.0,0.136,477888.760385
1647279,IT,BE,LANDT,SUPPO,8.01,1242264.703,6,6,1242261.644,0.0,1.0,2.0,0.059,155089.226342
1772586,IT,CH,RUBBE,PUBLI,4.12,1242001.509,6,6,1241997.396,0.0,2.0,2.0,0.113,301456.676942
1723602,IT,PT,FABRI,MACHI,5.05,1241650.063,6,6,1241646.974,0.0,1.0,2.0,0.089,245871.299604
1783509,IT,NO,OILHA,PREC1,7.12,1241017.345,6,6,1241014.276,0.0,1.0,2.0,0.069,174300.188904
1759156,IT,BR,AIRTR,WHOLE,1.35,1240824.914,5,5,1240823.875,0.0,0.0,1.0,0.039,919129.565926
1804961,IT,WF,PLAST,CEREA,2.6,1240694.579,6,6,1240692.453,0.0,1.0,1.0,0.126,477190.222692
1653868,IT,CZ,FABRI,RUBBE,5.05,1240691.954,6,6,1240688.865,0.0,1.0,2.0,0.089,245681.57505
1679144,IT,GR,PAPER,WHOLE,4.81,1240339.283,6,6,1240327.161,0.0,10.0,2.0,0.122,257866.794802
1774620,IT,CH,SEACO,BUSIN,1.26,1240069.325,4,4,1240069.304,0.0,0.0,0.0,0.021,984182.003968
1644951,IT,BE,WOODW,PLAST,3.47,1239797.889,6,6,1239787.805,0.0,8.0,2.0,0.084,357290.457925
1771334,IT,CH,DAIRY,PUBLI,5.04,1239673.687,6,6,1239663.603,0.0,9.0,1.0,0.084,245967.001389
1805058,IT,WF,PLAST,RETA1,2.6,1239424.347,6,6,1239422.221,0.0,1.0,1.0,0.126,476701.671923
1776285,IT,TR,PAPER,FOOD5,4.8,1239336.125,6,6,1239324.003,0.0,10.0,2.0,0.122,258195.026042
1738313,IT,GB,BASIC,CEMEN,1.43,1239288.428,6,6,1239286.35,0.0,1.0,1.0,0.078,866635.264336
1646611,IT,BE,MOTO1,RENTI,6.59,1238799.849,6,6,1238796.768,0.0,1.0,2.0,0.081,187981.767678
1645033,IT,BE,PAPER,MEATC,4.8,1238649.68,6,6,1238637.558,0.0,10.0,2.0,0.122,258052.016667
1677907,IT,FR,BUSIN,TRANS,12.72,1238492.171,6,6,1238488.086,0.0,2.0,2.0,0.085,97365.736714
1653548,IT,CZ,BASIC,DISTR,1.43,1238330.761,6,6,1238328.683,0.0,1.0,1.0,0.078,865965.567133
1748651,IT,CN,DAIRY,HOTEL,5.03,1238324.089,6,6,1238314.005,0.0,9.0,1.0,0.084,246187.69165
1685484,IT,HU,PAPER,VEGET,4.8,1238080.681,6,6,1238068.559,0.0,10.0,2.0,0.122,257933.475208
1686574,IT,HU,ALUM1,FURNI,2.15,1237661.971,6,6,1237658.872,0.0,1.0,2.0,0.099,575656.730698
1742101,IT,US,RUBBE,FABRI,4.1,1237596.13,6,6,1237592.018,0.0,2.0,2.0,0.112,301852.714634
1727116,IT,RO,LANDT,RUBBE,7.98,1237570.93,6,6,1237567.871,0.0,1.0,2.0,0.059,155084.076441
1656431,IT,DE,PULP5,FISH5,3.77,1237435.683,6,6,1237427.567,0.0,6.0,2.0,0.116,328232.276658
1789428,IT,WA,CHEM1,COMPU,2.59,1237138.899,6,6,1237135.764,0.0,1.0,2.0,0.135,477659.806564
1812370,IT,WM,BASIC,HOTEL,1.42,1236505.096,6,6,1236503.018,0.0,1.0,1.0,0.078,870778.23662
1780151,IT,TW,HOTEL,NONME,8.95,1235223.247,6,6,1235219.154,0.0,2.0,2.0,0.093,138013.770615
1661384,IT,DK,MEAT4,RAILW,6.8,1235139.543,6,6,1235133.459,0.0,5.0,1.0,0.084,181638.168088
1667842,IT,ES,OFFIC,PUBLI,3.83,1235037.552,6,6,1235034.463,0.0,1.0,2.0,0.089,322464.112794
1739506,IT,GB,LANDT,RETA1,7.97,1234911.544,6,6,1234908.486,0.0,1.0,2.0,0.058,154944.9867
1652736,IT,CZ,PAPER,OFFIC,4.78,1234776.384,6,6,1234764.262,0.0,10.0,2.0,0.122,258321.419247
1649930,IT,BG,FABRI,RUBBE,5.02,1234686.094,6,6,1234683.005,0.0,1.0,2.0,0.089,245953.405179
1673766,IT,FR,PAPER,FINAN,4.78,1234420.973,6,6,1234408.851,0.0,10.0,2.0,0.122,258247.065481
1673862,IT,FR,PRINT,EDUCA,11.84,1234074.013,6,6,1234069.919,0.0,2.0,2.0,0.094,104229.224071
1750050,IT,CN,BASIC,CRUDE,1.42,1234039.071,6,6,1234036.993,0.0,1.0,1.0,0.078,869041.599296
1689929,IT,IE,AUXIL,BUSIN,22.56,1233937.655,6,6,1233934.595,0.0,1.0,2.0,0.06,54695.818041
1737156,IT,GB,VEGE1,HOTEL,3.79,1233903.755,6,6,1233893.487,0.0,8.0,2.0,0.268,325568.273087
1784446,IT,ID,BASIC,FURNI,1.42,1233466.261,6,6,1233464.183,0.0,1.0,1.0,0.078,868638.211972
1678686,IT,GR,VEGE1,LEATH,3.79,1233370.921,6,6,1233360.653,0.0,8.0,2.0,0.268,325427.683641
1801080,IT,WE,COPP1,FABRI,3.12,1233293.853,6,6,1233287.789,0.0,2.0,4.0,0.064,395286.491346
1797521,IT,WL,BUSIN,COPP1,12.67,1233290.613,6,6,1233286.528,0.0,2.0,2.0,0.085,97339.432755
1775351,IT,CH,BUSIN,MEMBE,12.67,1233252.516,6,6,1233248.431,0.0,2.0,2.0,0.085,97336.425888
1654130,IT,CZ,MOTO1,CROPS,6.56,1233215.468,6,6,1233212.388,0.0,1.0,2.0,0.08,187990.162805
1804239,IT,WF,COKEO,FURNI,0.16,1233171.651,4,4,1233171.645,0.0,0.0,0.0,0.006,7707322.81875
1686205,IT,HU,GLASS,MOTO1,3.38,1233008.357,6,6,1233002.286,0.0,1.0,5.0,0.071,364795.371893
1660283,IT,DE,POSTT,RETA1,20.31,1232984.651,6,6,1232981.557,0.0,1.0,2.0,0.094,60708.254604
1650263,IT,BG,ELEC1,WOODW,0.18,1232669.333,4,4,1232669.255,0.0,0.0,0.0,0.078,6848162.961111
1806186,IT,WF,MACHI,OILSE,6.88,1232541.738,6,6,1232537.637,0.0,2.0,2.0,0.101,179148.50843
1761282,IT,IN,RUBBE,OFFIC,4.08,1232502.828,6,6,1232498.716,0.0,2.0,2.0,0.112,302084.026471
1774356,IT,CH,HOTEL,DIST1,8.93,1232333.119,6,6,1232329.026,0.0,2.0,2.0,0.093,137999.229451
1715806,IT,NL,RUBBE,DAIRY,4.08,1232297.539,6,6,1232293.427,0.0,2.0,2.0,0.112,302033.710539
1773002,IT,CH,ALUM1,CROPS,2.14,1232076.939,6,6,1232073.84,0.0,1.0,2.0,0.099,575736.887383
1665106,IT,ES,VEGE1,HOTEL,3.79,1231703.378,6,6,1231693.11,0.0,8.0,2.0,0.268,324987.698681
1668600,IT,ES,HOTEL,MEMBE,8.92,1231069.592,6,6,1231065.499,0.0,2.0,2.0,0.093,138012.286099
1804174,IT,WF,PAPER,POSTT,4.77,1230732.633,6,6,1230720.512,0.0,10.0,2.0,0.121,258015.227044
1670920,IT,FI,CHEM1,WOODW,2.57,1230687.131,6,6,1230683.997,0.0,1.0,2.0,0.134,478866.587938
1657478,IT,DE,RUBBE,SUPPO,4.08,1230484.254,6,6,1230480.142,0.0,2.0,2.0,0.112,301589.277941
1799817,IT,WE,GASDI,NATUR,1.83,1230474.304,6,6,1230472.204,0.0,1.0,1.0,0.1,672390.330055
1676634,IT,FR,HOTEL,EDUCA,8.92,1230247.822,6,6,1230243.729,0.0,2.0,2.0,0.093,137920.159417
1674607,IT,FR,RUBBE,RESEA,4.08,1230172.987,6,6,1230168.875,0.0,2.0,2.0,0.112,301512.98701
1687758,IT,HU,SUPPO,AIRTR,8.84,1230050.344,6,6,1230047.284,0.0,1.0,2.0,0.06,139145.966516
1811897,IT,WM,RUBBE,OFFIC,4.08,1230046.672,6,6,1230042.56,0.0,2.0,2.0,0.112,301482.027451
1794960,IT,WL,CHEM1,ALUM1,2.57,1229830.235,6,6,1229827.101,0.0,1.0,2.0,0.134,478533.16537
1664895,IT,ES,CRUDE,KEROS,2.42,1229778.114,6,6,1229776.008,0.0,1.0,1.0,0.106,508172.77438
1677962,IT,FR,BUSIN,RECRE,12.63,1229744.17,6,6,1229740.085,0.0,2.0,2.0,0.085,97366.917656
1805947,IT,WF,LEAD1,REALE,2.14,1229405.273,6,6,1229397.169,0.0,3.0,5.0,0.104,574488.445327
1729584,IT,SE,NONF1,COPPE,0.27,1229389.065,4,4,1229389.058,0.0,0.0,0.0,0.007,4553292.833333
1810304,IT,WM,LEATH,93197,8.8,1229168.457,6,6,1229157.244,0.0,9.0,2.0,0.213,139678.23375
1800287,IT,WE,PLAST,AIRTR,2.58,1229143.727,6,6,1229141.602,0.0,1.0,1.0,0.125,476412.297287
1780965,IT,TW,BUSIN,PRINT,12.62,1228911.181,6,6,1228907.096,0.0,2.0,2.0,0.085,97378.065055
1735452,IT,SK,BASIC,FURNI,1.41,1228874.974,6,6,1228872.896,0.0,1.0,1.0,0.078,871542.534752
1809933,IT,WM,BEVER,EDUCA,5.23,1228827.269,6,6,1228823.19,0.0,3.0,1.0,0.079,234957.412811
1774276,IT,CH,RETA1,RECRE,12.83,1228687.309,6,6,1228683.229,0.0,2.0,2.0,0.08,95766.742712
1655668,IT,DE,CHEMI,CHEM1,2.93,1228613.924,6,6,1228549.809,0.0,4.0,60.0,0.115,419322.158362
1742487,IT,US,BASIC,NONF1,1.41,1228336.202,6,6,1228334.124,0.0,1.0,1.0,0.078,871160.42695
1777220,IT,TR,RUBBE,PAPER,4.07,1228191.897,6,6,1228187.786,0.0,2.0,2.0,0.111,301767.05086
1778971,IT,TR,SEACO,HEALT,1.25,1228182.31,4,4,1228182.289,0.0,0.0,0.0,0.021,982545.848
1688275,IT,IE,MEATA,HEALT,6.68,1228158.596,6,6,1228149.406,0.0,8.0,1.0,0.19,183856.077246
1675757,IT,FR,FURNI,FABRI,3.92,1227804.925,6,6,1227797.819,0.0,4.0,3.0,0.106,313215.542092
1791700,IT,WA,HOTEL,EDUCA,8.9,1227293.454,6,6,1227289.362,0.0,2.0,2.0,0.092,137898.140899
1781191,IT,NO,VEGET,FOOD5,4.34,1226968.41,6,6,1226962.362,0.0,5.0,1.0,0.048,282711.615207
1726020,IT,RO,CHEM1,RAILW,2.56,1226897.929,6,6,1226894.795,0.0,1.0,2.0,0.134,479257.003516
1686585,IT,HU,ALUM1,WHOLE,2.13,1226682.277,6,6,1226679.179,0.0,1.0,2.0,0.098,575907.1723
1787449,IT,WA,STONE,CHARC,3.97,1226245.294,6,6,1226175.238,0.0,1.0,69.0,0.056,308877.907809
1756092,IT,KR,FABRI,TRANS,4.99,1226134.913,6,6,1226131.825,0.0,1.0,2.0,0.088,245718.419439
1682597,IT,HR,KEROS,RAWMI,1.82,1225962.373,6,6,1225960.273,0.0,1.0,1.0,0.1,673605.699451
1683393,IT,HR,BASIC,PRINT,1.41,1225415.577,6,6,1225413.5,0.0,1.0,1.0,0.077,869089.061702
1657073,IT,DE,NONSP,CEMEN,1.61,1225135.583,6,6,1225133.517,0.0,1.0,1.0,0.066,760953.778261
1790766,IT,WA,MACHI,MEAT4,6.83,1224233.511,6,6,1224229.41,0.0,2.0,2.0,0.101,179243.559444
1803514,IT,WF,VEGE1,FOOD5,3.76,1223918.939,6,6,1223909.673,0.0,7.0,2.0,0.266,325510.356117
1673659,IT,FR,PULP5,WOODW,3.73,1223804.532,6,6,1223796.417,0.0,6.0,2.0,0.115,328097.729759
1773543,IT,CH,MOTO1,FURNI,6.51,1223759.46,6,6,1223756.38,0.0,1.0,2.0,0.08,187981.483871
1809234,IT,WM,CRUDE,COPPE,2.41,1223731.869,6,6,1223729.764,0.0,1.0,1.0,0.105,507772.559751
1644688,IT,BE,BEVER,CHEM1,5.2,1223403.312,6,6,1223399.233,0.0,3.0,1.0,0.079,235269.867692
1729397,IT,SE,BASIC,FURNI,1.41,1223270.055,6,6,1223267.978,0.0,1.0,1.0,0.077,867567.414894
1755522,IT,KR,CHEM1,PAPER,2.56,1223082.253,6,6,1223079.119,0.0,1.0,2.0,0.134,477766.505078
1641570,IT,AT,HEAVY,HEALT,1.98,1222951.654,6,6,1222949.556,0.0,1.0,1.0,0.098,617652.350505
1750362,IT,CN,FABRI,CHEM1,4.98,1222941.284,6,6,1222938.196,0.0,1.0,2.0,0.088,245570.538956
1785858,IT,ZA,CHEM1,BUSIN,2.56,1222919.826,6,6,1222916.692,0.0,1.0,2.0,0.134,477703.057031
1773864,IT,CH,ELEC6,DISTR,0.18,1222441.592,4,4,1222441.396,0.0,0.0,0.0,0.196,6791342.177778
1784258,IT,ID,CHEM1,WEARI,2.55,1221979.953,6,6,1221976.82,0.0,1.0,2.0,0.133,479207.824706
1750384,IT,CN,FABRI,TRANS,4.97,1221822.311,6,6,1221819.223,0.0,1.0,2.0,0.088,245839.499195
1780355,IT,TW,AIRTR,RUBBE,1.33,1221765.507,5,5,1221764.469,0.0,0.0,1.0,0.038,918620.681955
1787661,IT,WA,MEAT4,EDUCA,6.73,1221749.805,6,6,1221743.722,0.0,5.0,1.0,0.083,181537.86107
1663662,IT,DK,BUSIN,BUSIN,12.55,1221569.429,6,6,1221565.345,0.0,2.0,2.0,0.084,97336.209482
1804173,IT,WF,PAPER,SUPPO,4.73,1221225.143,6,6,1221213.023,0.0,10.0,2.0,0.12,258187.133827
1725044,IT,RO,VEGET,FOOD5,4.32,1221179.026,6,6,1221172.978,0.0,5.0,1.0,0.048,282680.330093
1744019,IT,US,AIRTR,TRANS,1.33,1221172.064,5,5,1221171.026,0.0,0.0,1.0,0.038,918174.484211
1795794,IT,WL,MACHI,NONME,6.81,1220973.443,6,6,1220969.343,0.0,2.0,2.0,0.1,179291.254479
1810629,IT,WM,COKEO,CRUDE,0.15,1220962.955,4,4,1220962.949,0.0,0.0,0.0,0.006,8139753.033333
1810766,IT,WM,KEROS,PADDY,1.82,1220913.695,6,6,1220911.596,0.0,1.0,1.0,0.099,670831.700549
1644058,IT,AT,BUSIN,MACHI,12.54,1220862.15,6,6,1220858.066,0.0,2.0,2.0,0.084,97357.42823
1789935,IT,WA,CEMEN,NONME,1.95,1220534.972,5,5,1220526.917,0.0,0.0,8.0,0.055,625915.370256
1665412,IT,ES,TEXTI,FURNI,7.23,1220066.694,6,6,1220064.532,0.0,1.0,1.0,0.162,168750.580083
1746151,IT,JP,PLAST,PAPER,2.56,1219942.97,6,6,1219940.846,0.0,1.0,1.0,0.124,476540.222656
1650363,IT,BG,ELEC2,CONST,0.29,1219899.054,4,4,1219898.926,0.0,0.0,0.0,0.128,4206548.462069
1661014,IT,DE,BUSIN,POSTT,12.53,1219839.729,6,6,1219835.645,0.0,2.0,2.0,0.084,97353.529848
1719874,IT,PL,BASIC,PAPE4,1.4,1219434.527,6,6,1219432.45,0.0,1.0,1.0,0.077,871024.662143
1766096,IT,RU,RUBBE,FISH5,4.04,1219424.251,6,6,1219420.14,0.0,2.0,2.0,0.111,301837.685891
1675131,IT,FR,COPP1,CHEM1,3.08,1219421.443,6,6,1219415.38,0.0,2.0,4.0,0.063,395916.052922
1805554,IT,WF,BRICK,CONST,1.83,1218739.335,5,5,1218733.257,0.0,0.0,6.0,0.078,665977.778689
1748407,IT,CN,WOOLS,POULT,4.83,1218619.792,6,6,1218616.698,0.0,2.0,1.0,0.094,252302.234369
1664259,IT,EE,BASIC,BASIC,1.4,1218355.046,6,6,1218352.969,0.0,1.0,1.0,0.077,870253.604286
1812946,IT,WM,MACHI,WOODW,6.8,1218111.129,6,6,1218107.029,0.0,2.0,2.0,0.1,179133.989559
1772441,IT,CH,CHEM1,FINAN,2.55,1217942.712,6,6,1217939.579,0.0,1.0,2.0,0.133,477624.592941
1753535,IT,CA,MACHI,PULP5,6.79,1217722.314,6,6,1217718.214,0.0,2.0,2.0,0.1,179340.546981
1733776,IT,SI,LANDT,MOTO1,7.85,1217617.291,6,6,1217614.233,0.0,1.0,2.0,0.058,155110.48293
1679439,IT,GR,CHEM1,MEAT4,2.54,1217335.04,6,6,1217331.907,0.0,1.0,2.0,0.133,479265.76378
1668842,IT,ES,TRAN2,TRAN2,1.88,1217251.16,5,5,1217250.127,0.0,0.0,1.0,0.033,647474.021277
1719352,IT,PL,RUBBE,CROPS,4.03,1216629.441,6,6,1216625.331,0.0,2.0,2.0,0.11,301893.161538
1731657,IT,SI,WOODW,TEXTI,3.4,1216519.181,6,6,1216509.099,0.0,8.0,2.0,0.082,357799.759118
1744792,IT,US,RESEA,OFFIC,6.59,1216422.629,6,6,1216419.544,0.0,1.0,2.0,0.085,184586.134901
1761538,IT,IN,LEAD1,LEAD1,2.11,1216129.429,6,6,1216121.327,0.0,3.0,5.0,0.102,576364.658294
1740965,IT,US,FOOD5,RECRE,5.84,1215985.405,6,6,1215978.296,0.0,6.0,1.0,0.109,208216.678938
1741876,IT,US,CHEM1,BEVER,2.54,1215916.681,6,6,1215913.548,0.0,1.0,2.0,0.133,478707.354724
1742415,IT,US,NONME,BUSIN,2.46,1215906.463,6,6,1215903.33,0.0,1.0,2.0,0.133,494270.919919
1795842,IT,WL,MACHI,COMPU,6.78,1215816.947,6,6,1215812.847,0.0,2.0,2.0,0.1,179324.033481
1673259,IT,FR,FISH5,HOTEL,5.11,1215700.762,6,6,1215694.137,0.0,4.0,2.0,0.625,237906.215656
1790198,IT,WA,PREC1,VEGE1,2.07,1215693.075,6,6,1215688.019,0.0,2.0,3.0,0.056,587291.34058
1673894,IT,FR,COKEO,FABRI,0.15,1215350.453,4,4,1215350.447,0.0,0.0,0.0,0.006,8102336.353333
1747586,IT,JP,AIRTR,MOTO1,1.32,1215311.781,5,5,1215310.743,0.0,0.0,1.0,0.038,920690.743182
1666771,IT,ES,RUBBE,TRANS,4.03,1214853.437,6,6,1214849.327,0.0,2.0,2.0,0.11,301452.465757
1752974,IT,CA,CHEM1,HYDRO,2.54,1214714.963,6,6,1214711.83,0.0,1.0,2.0,0.133,478234.237402
1780880,IT,TW,RESEA,GASDI,6.58,1214521.156,6,6,1214518.071,0.0,1.0,2.0,0.085,184577.683283
1741697,IT,US,HEAVY,POSTT,1.96,1214494.413,6,6,1214492.316,0.0,1.0,1.0,0.097,619640.006633
1719138,IT,PL,PLAST,PAPER,2.55,1214185.496,6,6,1214183.372,0.0,1.0,1.0,0.124,476151.174902
1661536,IT,DK,BEVER,PIGS9,5.16,1213862.608,6,6,1213858.53,0.0,3.0,1.0,0.078,235244.691473
1777340,IT,TR,GLASS,MOTO1,3.33,1213820.852,6,6,1213814.783,0.0,1.0,5.0,0.069,364510.766366
1794263,IT,WL,MOTOR,MEATC,1.81,1213802.127,6,6,1213800.028,0.0,1.0,1.0,0.099,670608.909945
1741464,IT,US,MOTOR,CONST,1.81,1213730.419,6,6,1213728.32,0.0,1.0,1.0,0.099,670569.292265
1719445,IT,PL,RUBBE,TRAN2,4.02,1213577.124,6,6,1213573.014,0.0,2.0,2.0,0.11,301884.856716
1762278,IT,IN,AIRTR,MOTO1,1.32,1213311.83,5,5,1213310.792,0.0,0.0,1.0,0.038,919175.628788
1723225,IT,PT,RUBBE,BUSIN,4.02,1212943.226,6,6,1212939.116,0.0,2.0,2.0,0.11,301727.170647
1769701,IT,AU,MACHI,PLANT,6.77,1212941.725,6,6,1212937.625,0.0,2.0,2.0,0.1,179164.213442
1677091,IT,FR,SUPPO,HOTEL,8.71,1212046.82,6,6,1212043.76,0.0,1.0,2.0,0.06,139155.777268
1806162,IT,WF,FABRI,LANDT,4.93,1211967.317,6,6,1211964.23,0.0,1.0,2.0,0.087,245835.155578
1735449,IT,SK,BASIC,OFFIC,1.4,1211947.436,6,6,1211945.359,0.0,1.0,1.0,0.077,865676.74
1712398,IT,LV,CERAM,CONST,1.89,1211867.609,6,6,1211860.543,0.0,1.0,6.0,0.066,641199.793122
1726125,IT,RO,RUBBE,POSTT,4.01,1211378.763,6,6,1211374.653,0.0,2.0,2.0,0.11,302089.467082
1738162,IT,GB,GLASS,WHOLE,3.32,1210905.481,6,6,1210899.412,0.0,1.0,5.0,0.069,364730.566566
1725699,IT,RO,PAPER,CONST,4.69,1210893.333,6,6,1210881.214,0.0,10.0,2.0,0.119,258186.211727
1781030,IT,TW,BUSIN,RESEA,12.43,1210581.661,6,6,1210577.577,0.0,2.0,2.0,0.084,97391.927675
1720409,IT,PL,MACHI,TEXTI,6.75,1210450.511,6,6,1210446.412,0.0,2.0,2.0,0.099,179326.00163
1803870,IT,WF,TEXTI,EDUCA,7.17,1210307.738,6,6,1210305.577,0.0,1.0,1.0,0.161,168801.637099
1780369,IT,TW,AIRTR,MOTO1,1.32,1210012.626,5,5,1210011.588,0.0,0.0,1.0,0.038,916676.231818
1683447,IT,HR,BASIC,FOOD4,1.39,1209662.822,6,6,1209660.746,0.0,1.0,1.0,0.076,870261.023022
1665831,IT,ES,PRINT,PRINT,11.6,1209075.081,6,6,1209070.989,0.0,2.0,2.0,0.092,104230.610431
1785551,IT,ZA,KEROS,FURNI,1.8,1209036.662,6,6,1209034.564,0.0,1.0,1.0,0.098,671687.034444
1785545,IT,ZA,KEROS,OFFIC,1.8,1209036.662,6,6,1209034.564,0.0,1.0,1.0,0.098,671687.034444
1785546,IT,ZA,KEROS,ELECT,1.8,1209036.662,6,6,1209034.564,0.0,1.0,1.0,0.098,671687.034444
1785547,IT,ZA,KEROS,RADIO,1.8,1209036.662,6,6,1209034.564,0.0,1.0,1.0,0.098,671687.034444
1785548,IT,ZA,KEROS,MEDIC,1.8,1209036.662,6,6,1209034.564,0.0,1.0,1.0,0.098,671687.034444
1790134,IT,WA,BASIC,RADIO,1.39,1208897.66,6,6,1208895.584,0.0,1.0,1.0,0.076,869710.546763
1754792,IT,KR,FOOD5,BEVER,5.81,1208821.944,6,6,1208814.836,0.0,6.0,1.0,0.108,208058.854389
1804972,IT,WF,PLAST,RAWMI,2.54,1208315.13,6,6,1208313.007,0.0,1.0,1.0,0.123,475714.61811
1641620,IT,AT,NAPHT,RESEA,2.05,1208302.722,6,6,1208299.636,0.0,1.0,2.0,0.086,589415.961951
1773348,IT,CH,MACHI,ELEC3,6.74,1208052.815,6,6,1208048.716,0.0,2.0,2.0,0.099,179236.3227
1811872,IT,WM,RUBBE,LIQUE,4.0,1207861.58,6,6,1207857.47,0.0,2.0,2.0,0.11,301965.395
1647507,IT,BE,SUPPO,CHEM1,8.68,1207746.658,6,6,1207743.599,0.0,1.0,2.0,0.059,139141.320046
1752358,IT,CA,MEAT4,CHEM1,6.65,1207564.337,6,6,1207558.255,0.0,5.0,1.0,0.082,181588.622105
1655806,IT,DE,VEGE1,SUGA1,3.71,1206364.644,6,6,1206355.382,0.0,7.0,2.0,0.262,325165.672237
1640861,IT,AT,LEATH,LEATH,8.64,1206264.581,6,6,1206253.372,0.0,9.0,2.0,0.209,139613.956134
1805536,IT,WF,CERAM,HEALT,1.88,1206223.398,6,6,1206216.333,0.0,1.0,6.0,0.065,641608.190426
1666243,IT,ES,HEAVY,MACHI,1.95,1206035.189,6,6,1206033.092,0.0,1.0,1.0,0.097,618479.584103
1788077,IT,WA,TEXTI,RESEA,7.15,1206016.25,6,6,1206014.09,0.0,1.0,1.0,0.16,168673.601399
1800101,IT,WE,NAPHT,HEAVY,2.05,1205609.467,6,6,1205606.381,0.0,1.0,2.0,0.086,588102.179024
1642557,IT,AT,NONF1,PLAST,0.26,1205566.742,4,4,1205566.735,0.0,0.0,0.0,0.007,4636795.161538
1776929,IT,TR,PLAST,MEDIC,2.53,1205434.254,6,6,1205432.131,0.0,1.0,1.0,0.123,476456.226877
1728493,IT,SE,WOODW,WOODW,3.37,1204957.526,6,6,1204947.445,0.0,8.0,2.0,0.081,357554.162018
1648250,IT,BE,BUSIN,BUSIN,12.38,1204933.575,6,6,1204929.492,0.0,2.0,2.0,0.083,97329.04483
1757145,IT,BR,STONE,CONST,3.9,1204853.596,6,6,1204785.541,0.0,1.0,67.0,0.055,308936.819487
1746796,IT,JP,MACHI,RUBBE,6.72,1204763.011,6,6,1204758.912,0.0,2.0,2.0,0.099,179280.20997
1794356,IT,WL,MOTOR,EDUCA,1.8,1204708.133,6,6,1204706.035,0.0,1.0,1.0,0.098,669282.296111
1790666,IT,WA,FABRI,BASIC,4.9,1204662.672,6,6,1204659.586,0.0,1.0,2.0,0.086,245849.524898
1742981,IT,US,MACHI,WASTE,6.72,1204416.445,6,6,1204412.346,0.0,2.0,2.0,0.099,179228.637649
1805951,IT,WF,LEAD1,EDUCA,2.09,1203928.026,6,6,1203919.925,0.0,3.0,5.0,0.101,576042.117703
1804254,IT,WF,MOTOR,RAWMI,1.8,1203174.615,6,6,1203172.517,0.0,1.0,1.0,0.098,668430.341667
1668700,IT,ES,LANDT,FOOD5,7.76,1203161.983,6,6,1203158.926,0.0,1.0,2.0,0.057,155046.647294
1741278,IT,US,PAPER,PRINT,4.66,1202968.916,6,6,1202956.797,0.0,10.0,2.0,0.119,258147.836052
1755591,IT,KR,CHEM1,REALE,2.51,1202796.773,6,6,1202793.642,0.0,1.0,2.0,0.131,479201.901594
1798473,IT,WE,NATUR,STEAM,1.68,1202547.844,6,6,1202545.765,0.0,1.0,1.0,0.079,715802.288095
1737532,IT,GB,WOODW,FURNI,3.36,1202441.944,6,6,1202431.863,0.0,8.0,2.0,0.081,357869.62619
1748977,IT,CN,LEATH,FISHF,8.61,1202311.481,6,6,1202301.273,0.0,8.0,2.0,0.208,139641.286992
1784437,IT,ID,BASIC,BASIC,1.38,1202200.233,6,6,1202198.157,0.0,1.0,1.0,0.076,871159.58913
1667638,IT,ES,MACHI,GASDI,6.71,1202021.943,6,6,1202017.844,0.0,2.0,2.0,0.099,179138.888674
1642662,IT,AT,FABRI,HOTEL,4.89,1202018.626,6,6,1202015.54,0.0,1.0,2.0,0.086,245811.579959
1773135,IT,CH,COPP1,SALEM,3.04,1201931.503,6,6,1201925.441,0.0,2.0,4.0,0.062,395372.204934
1662581,IT,DK,FABRI,OFFIC,4.89,1201824.449,6,6,1201821.363,0.0,1.0,2.0,0.086,245771.870961
1750471,IT,CN,MACHI,PRINT,6.7,1201802.962,6,6,1201798.863,0.0,2.0,2.0,0.099,179373.576418
1805319,IT,WF,RUBBE,CROPS,3.98,1201753.463,6,6,1201749.354,0.0,2.0,2.0,0.109,301948.106281
1677909,IT,FR,BUSIN,ELEC3,12.34,1201741.725,6,6,1201737.642,0.0,2.0,2.0,0.083,97385.877229
1737949,IT,GB,CHEM1,CEMEN,2.51,1201516.533,6,6,1201513.402,0.0,1.0,2.0,0.131,478691.845817
1771831,IT,CH,WOODW,GLASS,3.36,1201433.287,6,6,1201423.206,0.0,8.0,2.0,0.081,357569.430655
1758228,IT,BR,BASIC,ALUM1,1.38,1201410.814,6,6,1201408.738,0.0,1.0,1.0,0.076,870587.546377
1811866,IT,WM,RUBBE,MOTOR,3.98,1201402.241,6,6,1201398.132,0.0,2.0,2.0,0.109,301859.859548
1795631,IT,WL,FABRI,BEVER,4.89,1201244.4,6,6,1201241.314,0.0,1.0,2.0,0.086,245653.251534
1806273,IT,WF,MACHI,ELEC4,6.7,1201062.688,6,6,1201058.589,0.0,2.0,2.0,0.099,179263.087761
1672999,IT,FR,PROCE,HOTEL,8.12,1201014.196,6,6,1201008.122,0.0,5.0,1.0,0.074,147908.152217
1783809,IT,NO,INERT,CONST,8.8,1200673.822,6,6,1200669.745,0.0,1.0,3.0,0.077,136440.207045
1711092,IT,LU,ALUM1,RETA1,2.09,1200561.859,6,6,1200558.763,0.0,1.0,2.0,0.096,574431.511483
1803469,IT,WF,MEAT4,MEAT4,6.61,1200557.81,6,6,1200551.728,0.0,5.0,1.0,0.082,181627.505295
1780632,IT,TW,INSUR,INSUR,24.74,1200177.754,6,6,1200174.698,0.0,2.0,1.0,0.056,48511.631124
1669818,IT,ES,BUSIN,HOTEL,12.33,1200130.967,6,6,1200126.884,0.0,2.0,2.0,0.083,97334.22279
1803404,IT,WF,CHEMI,EDUCA,2.86,1199421.926,6,6,1199358.813,0.0,4.0,59.0,0.113,419378.295804
1673504,IT,FR,LEATH,DAIRY,8.59,1199393.789,6,6,1199383.581,0.0,8.0,2.0,0.208,139626.750757
1677323,IT,FR,FINAN,REALE,15.62,1199309.556,6,6,1199307.521,0.0,1.0,1.0,0.035,76780.381306
1765853,IT,RU,NAPHT,PLAST,2.04,1198974.985,6,6,1198971.899,0.0,1.0,2.0,0.086,587732.835784
1657837,IT,DE,NONME,RENTI,2.42,1198801.617,6,6,1198798.485,0.0,1.0,2.0,0.132,495372.569008
1641990,IT,AT,RUBBE,FABRI,3.97,1198784.87,6,6,1198780.761,0.0,2.0,2.0,0.109,301960.924433
1814608,IT,WM,BUSIN,EDUCA,12.31,1198551.254,6,6,1198547.171,0.0,2.0,2.0,0.083,97364.033631
1738520,IT,GB,NONF1,TRANS,0.26,1198493.81,4,4,1198493.803,0.0,0.0,0.0,0.007,4609591.576923
1650054,IT,BG,MACHI,MACHI,6.69,1198256.246,6,6,1198252.148,0.0,2.0,2.0,0.098,179111.546487
1735620,IT,SK,COPP1,MACHI,3.03,1198243.868,6,6,1198237.806,0.0,2.0,4.0,0.062,395460.022442
1795576,IT,WL,COPP1,CONST,3.03,1198127.823,6,6,1198121.761,0.0,2.0,4.0,0.062,395421.723762
1810109,IT,WM,TEXTI,EDUCA,7.1,1197867.635,6,6,1197865.476,0.0,1.0,1.0,0.159,168713.751408
1685260,IT,HU,TEXTI,MOTO1,7.1,1197848.385,6,6,1197846.226,0.0,1.0,1.0,0.159,168711.040141
1788980,IT,WA,HEAVY,STEAM,1.93,1197815.985,6,6,1197813.889,0.0,1.0,1.0,0.096,620630.044041
1759154,IT,BR,AIRTR,SALEM,1.3,1197788.336,5,5,1197787.298,0.0,0.0,1.0,0.038,921375.643077
1656390,IT,DE,WOODW,TRANS,3.35,1197444.986,6,6,1197434.905,0.0,8.0,2.0,0.081,357446.264478
1657762,IT,DE,NONME,RAWMI,2.42,1197360.609,6,6,1197357.478,0.0,1.0,2.0,0.131,494777.111157
1749675,IT,CN,CHEM1,LEAD1,2.5,1196155.417,6,6,1196152.286,0.0,1.0,2.0,0.131,478462.1668
1716109,IT,NL,BASIC,BUSIN,1.38,1196101.604,5,5,1196100.528,0.0,0.0,1.0,0.076,866740.292754
1716093,IT,NL,BASIC,ELECT,1.38,1195969.408,5,5,1195968.332,0.0,0.0,1.0,0.076,866644.498551
1713830,IT,MT,ELEC1,PFERT,0.17,1195741.74,4,4,1195741.665,0.0,0.0,0.0,0.075,7033774.941176
1798647,IT,WE,MEAT4,REALE,6.59,1195713.276,6,6,1195707.195,0.0,5.0,1.0,0.081,181443.592716
1720255,IT,PL,FABRI,BITUM,4.87,1195495.317,6,6,1195492.231,0.0,1.0,2.0,0.086,245481.5846
1742940,IT,US,MACHI,TRAN1,6.67,1195085.141,6,6,1195081.043,0.0,2.0,2.0,0.098,179173.184558
1732965,IT,SI,ALUM1,WHOLE,2.08,1194982.082,6,6,1194978.986,0.0,1.0,2.0,0.096,574510.616346
1788677,IT,WA,COKEO,WHOLE,0.15,1194664.998,4,4,1194664.992,0.0,0.0,0.0,0.006,7964433.32
1742648,IT,US,COPP1,MACHI,3.02,1194386.753,6,6,1194380.691,0.0,2.0,4.0,0.062,395492.302318
1789380,IT,WA,CHEM1,CERAM,2.5,1194317.266,6,6,1194314.136,0.0,1.0,2.0,0.13,477726.9064
1676616,IT,FR,HOTEL,HOTEL,8.66,1194299.227,6,6,1194296.137,0.0,2.0,1.0,0.09,137909.841455
1669087,IT,ES,SUPPO,LANDT,8.58,1193641.535,6,6,1193638.476,0.0,1.0,2.0,0.059,139119.060023
1715667,IT,NL,NONSP,KEROS,1.57,1193568.98,6,6,1193566.916,0.0,1.0,1.0,0.064,760235.019108
1665765,IT,ES,PAPER,DISTR,4.62,1193566.63,6,6,1193554.512,0.0,10.0,2.0,0.118,258347.755411
1743996,IT,US,AIRTR,PFERT,1.3,1193422.22,5,5,1193421.182,0.0,0.0,1.0,0.038,918017.092308
1690258,IT,IE,INTER,ELEC2,7.16,1193416.643,6,6,1193412.567,0.0,1.0,3.0,0.076,166678.302095
1723398,IT,PT,BASIC,TRANS,1.37,1193414.264,5,5,1193413.189,0.0,0.0,1.0,0.075,871105.30219
1725946,IT,RO,CHEM1,CEREA,2.49,1193409.526,6,6,1193406.396,0.0,1.0,2.0,0.13,479280.934137
1731688,IT,SI,WOODW,CONST,3.34,1193086.597,6,6,1193076.516,0.0,8.0,2.0,0.081,357211.555988
1642415,IT,AT,ALUM1,SANDC,2.07,1192738.178,6,6,1192735.082,0.0,1.0,2.0,0.096,576202.018357
1673592,IT,FR,WOODW,PAPER,3.34,1192725.009,6,6,1192714.928,0.0,8.0,2.0,0.081,357103.296108
1814029,IT,WM,SEACO,LANDT,1.21,1192597.789,4,4,1192597.768,0.0,0.0,0.0,0.021,985618.007438
1747459,IT,JP,SEACO,KEROS,1.21,1192550.402,4,4,1192550.381,0.0,0.0,0.0,0.021,985578.844628
1642539,IT,AT,COPP1,CONST,3.01,1192049.545,6,6,1192043.483,0.0,2.0,4.0,0.062,396029.749169
1709438,IT,LT,TEXTI,KEROS,7.06,1191970.41,6,6,1191968.252,0.0,1.0,1.0,0.158,168834.335694
1765674,IT,RU,PAPER,PRINT,4.62,1191666.786,6,6,1191654.668,0.0,10.0,2.0,0.118,257936.533766
1645505,IT,BE,PLAST,PLAST,2.5,1191585.684,6,6,1191583.563,0.0,1.0,1.0,0.121,476634.2736
1795818,IT,WL,MACHI,TRAN1,6.65,1191572.17,6,6,1191568.072,0.0,2.0,2.0,0.098,179183.784962
1814153,IT,WM,AIRTR,COMPU,1.3,1191569.732,5,5,1191568.694,0.0,0.0,1.0,0.038,916592.101538
1738523,IT,GB,NONF1,WHOLE,0.26,1191431.085,4,4,1191431.078,0.0,0.0,0.0,0.007,4582427.25
1723722,IT,PT,MACHI,SALEM,6.65,1191389.824,6,6,1191385.726,0.0,2.0,2.0,0.098,179156.364511
1674527,IT,FR,RUBBE,WEARI,3.95,1191227.211,6,6,1191223.103,0.0,2.0,2.0,0.108,301576.509114
1667210,IT,ES,PREC1,PLAST,2.02,1191224.993,6,6,1191220.938,0.0,2.0,2.0,0.055,589715.343069
1752808,IT,CA,PAPER,PAPER,4.62,1191130.968,6,6,1191118.851,0.0,10.0,2.0,0.117,257820.555844
1795801,IT,WL,MACHI,FOUND,6.65,1191110.604,6,6,1191106.506,0.0,2.0,2.0,0.098,179114.376541
1712437,IT,LV,BASIC,MOTO1,1.37,1191020.526,5,5,1191019.451,0.0,0.0,1.0,0.075,869358.048175
1802797,IT,WE,BUSIN,REALE,12.23,1191011.253,6,6,1191007.171,0.0,2.0,2.0,0.082,97384.403352
1776644,IT,TR,GASDI,REALE,1.77,1190996.518,6,6,1190994.421,0.0,1.0,1.0,0.097,672879.388701
1779223,IT,TR,POSTT,POSTT,19.61,1190894.843,6,6,1190891.752,0.0,1.0,2.0,0.091,60728.956808
1721395,IT,PL,SEACO,MOTO1,1.21,1190824.817,4,4,1190824.796,0.0,0.0,0.0,0.021,984152.741322
1642927,IT,AT,TRANS,RECRE,7.11,1190790.027,6,6,1190786.962,0.0,1.0,2.0,0.065,167481.016456
1756243,IT,KR,MACHI,REALE,6.64,1190578.836,6,6,1190574.738,0.0,2.0,2.0,0.098,179304.041566
1749264,IT,CN,PAPER,MOTO1,4.61,1190439.601,6,6,1190427.484,0.0,10.0,2.0,0.117,258229.848373
1720350,IT,PL,FABRI,PUBLI,4.84,1190438.525,6,6,1190435.44,0.0,1.0,2.0,0.085,245958.372934
1753243,IT,CA,CERAM,RETA1,1.85,1190304.38,6,6,1190297.315,0.0,1.0,6.0,0.065,643407.772973
1770193,IT,AU,HOTEL,VEGET,8.63,1190109.648,6,6,1190106.558,0.0,2.0,1.0,0.09,137903.783082
1794703,IT,WL,NAPHT,DIST1,2.02,1189503.165,6,6,1189500.08,0.0,1.0,2.0,0.085,588862.95297
1686124,IT,HU,RUBBE,LANDT,3.94,1189501.927,6,6,1189497.819,0.0,2.0,2.0,0.108,301904.042386
1798767,IT,WE,FOOD5,MEATP,5.71,1189485.498,6,6,1189478.392,0.0,6.0,1.0,0.106,208316.199299
1720432,IT,PL,MACHI,PLAST,6.64,1189450.476,6,6,1189446.378,0.0,2.0,2.0,0.098,179134.107831
1727386,IT,RO,FINAN,LEATH,15.49,1189343.329,6,6,1189341.295,0.0,1.0,1.0,0.034,76781.364041
1679869,IT,GR,LEAD1,CONST,2.07,1189120.7,6,6,1189112.6,0.0,3.0,5.0,0.1,574454.444444
1783940,IT,ID,STONE,WHOLE,3.85,1188833.571,6,6,1188766.517,0.0,1.0,66.0,0.054,308787.940519
1657601,IT,DE,GLASS,WHOLE,3.26,1188807.767,6,6,1188801.699,0.0,1.0,5.0,0.068,364664.959202
1718665,IT,PL,WOODW,WOODW,3.33,1188762.441,6,6,1188752.361,0.0,8.0,2.0,0.08,356985.718018
1804057,IT,WF,WOODW,WHOLE,3.33,1188354.417,6,6,1188344.337,0.0,8.0,2.0,0.08,356863.188288
1761397,IT,IN,NONME,BASIC,2.4,1188025.686,6,6,1188022.556,0.0,1.0,2.0,0.13,495010.7025
1748924,IT,CN,WEARI,FURNI,8.95,1187832.605,6,6,1187828.379,0.0,2.0,2.0,0.226,132718.726816
1755553,IT,KR,CHEM1,ALUM1,2.48,1187535.315,6,6,1187532.185,0.0,1.0,2.0,0.13,478844.885081
1741704,IT,US,HEAVY,BUSIN,1.92,1187455.685,6,6,1187453.59,0.0,1.0,1.0,0.095,618466.502604
1744831,IT,US,RESEA,COMPU,6.44,1187364.384,6,6,1187361.301,0.0,1.0,2.0,0.083,184373.351553
1677923,IT,FR,BUSIN,HOTEL,12.19,1187223.664,6,6,1187219.582,0.0,2.0,2.0,0.082,97393.245611
1800562,IT,WE,RUBBE,EDUCA,3.93,1187108.331,6,6,1187104.223,0.0,2.0,2.0,0.108,302063.18855
1735689,IT,SK,FABRI,RUBBE,4.83,1187038.178,6,6,1187035.093,0.0,1.0,2.0,0.085,245763.59793
1766553,IT,RU,COPP1,TRANS,3.0,1186925.19,6,6,1186919.129,0.0,2.0,4.0,0.061,395641.73
1768558,IT,AU,FOOD5,RECRE,5.7,1186414.541,6,6,1186407.435,0.0,6.0,1.0,0.106,208142.90193
1754686,IT,KR,VEGE1,DAIRY,3.65,1186282.81,6,6,1186273.552,0.0,7.0,2.0,0.258,325008.989041
1765394,IT,RU,TOBAC,TOBAC,4.67,1186123.726,6,6,1186117.652,0.0,5.0,1.0,0.074,253987.949893
1751388,IT,CN,SEACO,COPP1,1.21,1185639.128,4,4,1185639.107,0.0,0.0,0.0,0.021,979867.047934
1755122,IT,KR,LEATH,CHEM1,8.49,1185468.641,6,6,1185458.436,0.0,8.0,2.0,0.205,139631.170907
1761767,IT,IN,MACHI,FABRI,6.61,1185344.584,6,6,1185340.487,0.0,2.0,2.0,0.097,179325.958245
1675209,IT,FR,FABRI,RAWMI,4.82,1185095.794,6,6,1185092.709,0.0,1.0,2.0,0.085,245870.49668
1670015,IT,ES,HEALT,BUSIN,6.17,1184827.629,6,6,1184825.582,0.0,1.0,1.0,0.047,192030.409887
1709481,IT,LT,WEARI,MOTOR,8.93,1184640.269,6,6,1184636.044,0.0,2.0,2.0,0.225,132658.48477
1803330,IT,WF,STONE,INSUR,3.83,1184295.025,6,6,1184227.971,0.0,1.0,66.0,0.054,309215.411227
1769698,IT,AU,MACHI,VEGET,6.61,1184241.741,6,6,1184237.644,0.0,2.0,2.0,0.097,179159.113616
1776246,IT,TR,PULP5,PAPER,3.61,1183944.17,6,6,1183936.059,0.0,6.0,2.0,0.111,327962.373961
1786393,IT,ZA,MACHI,ELEC1,6.6,1183582.701,6,6,1183578.604,0.0,2.0,2.0,0.097,179330.712273
1664944,IT,ES,STONE,CONST,3.83,1183304.985,6,6,1183237.931,0.0,1.0,66.0,0.054,308956.915144
1814150,IT,WM,AIRTR,AUXIL,1.29,1183196.348,5,5,1183195.311,0.0,0.0,1.0,0.037,917206.471318
1687686,IT,HU,AIRTR,BUSIN,1.29,1183177.866,5,5,1183176.829,0.0,0.0,1.0,0.037,917192.144186
1662645,IT,DK,MACHI,WEARI,6.6,1182869.03,6,6,1182864.933,0.0,2.0,2.0,0.097,179222.580303
1760841,IT,IN,MOTOR,LANDT,1.77,1182797.89,6,6,1182795.794,0.0,1.0,1.0,0.096,668247.39548
1773463,IT,CH,OFFIC,WHOLE,3.67,1182707.037,6,6,1182703.952,0.0,1.0,2.0,0.085,322263.49782
1809739,IT,WM,FOOD5,VEGET,5.68,1182658.491,6,6,1182652.385,0.0,5.0,1.0,0.106,208214.523063
1713297,IT,MT,MOTOR,TRAN1,1.77,1182624.929,6,6,1182622.833,0.0,1.0,1.0,0.096,668149.677401
1679270,IT,GR,GASDI,SEACO,1.76,1182562.12,6,6,1182560.024,0.0,1.0,1.0,0.096,671910.295455
1714100,IT,MT,SEACO,MOTO1,1.2,1182310.804,4,4,1182310.784,0.0,0.0,0.0,0.02,985259.003333
1794355,IT,WL,MOTOR,PUBLI,1.77,1182263.395,6,6,1182261.299,0.0,1.0,1.0,0.096,667945.420904
1675327,IT,FR,FABRI,RECRE,4.81,1182093.751,6,6,1182090.666,0.0,1.0,2.0,0.085,245757.53659
1772963,IT,CH,PREC1,ELEC4,2.01,1182015.312,6,6,1182011.258,0.0,2.0,2.0,0.054,588067.319403
1763998,IT,MX,ALUM1,MACHI,2.05,1181951.822,6,6,1181948.727,0.0,1.0,2.0,0.095,576561.86439
1780522,IT,TW,POSTT,POSTT,19.45,1181258.25,6,6,1181255.16,0.0,1.0,2.0,0.09,60733.071979
1726470,IT,RO,FABRI,ELEC5,4.81,1181125.214,6,6,1181122.129,0.0,1.0,2.0,0.085,245556.177547
1732625,IT,SI,GLASS,MOTO1,3.24,1181080.918,6,6,1181074.85,0.0,1.0,5.0,0.068,364531.147531
1687382,IT,HU,HOTEL,BASIC,8.56,1181059.362,6,6,1181056.273,0.0,2.0,1.0,0.089,137974.224533
1664574,IT,EE,HOTEL,OFFIC,8.56,1181008.917,6,6,1181005.828,0.0,2.0,1.0,0.089,137968.331425
1642880,IT,AT,MOTO1,LANDT,6.28,1180785.372,6,6,1180782.295,0.0,1.0,2.0,0.077,188023.148408
1732183,IT,SI,GASDI,BUSIN,1.76,1180149.436,6,6,1180147.34,0.0,1.0,1.0,0.096,670539.452273
1675458,IT,FR,MACHI,INERT,6.58,1179932.924,6,6,1179928.827,0.0,2.0,2.0,0.097,179321.11307
1812432,IT,WM,PREC1,GASDI,2.0,1179382.194,6,6,1179378.14,0.0,2.0,2.0,0.054,589691.097
1794861,IT,WL,PFERT,CROPS,0.52,1179016.027,5,5,1179014.838,0.0,1.0,0.0,0.189,2267338.513462
1805469,IT,WF,GLASS,SALEM,3.24,1178947.602,6,6,1178941.535,0.0,1.0,5.0,0.067,363872.716667
1755482,IT,KR,PLAST,MOTO1,2.47,1178865.521,6,6,1178863.401,0.0,1.0,1.0,0.12,477273.490283
1732601,IT,SI,GLASS,TEXTI,3.24,1178725.816,6,6,1178719.749,0.0,1.0,5.0,0.067,363804.264198
1810091,IT,WM,TEXTI,HOTEL,6.98,1178581.867,6,6,1178579.711,0.0,1.0,1.0,0.156,168851.270344
1647274,IT,BE,LANDT,LANDT,7.6,1178413.864,6,6,1178410.808,0.0,1.0,2.0,0.056,155054.455789
1652858,IT,CZ,COKEO,LEAD1,0.15,1178294.553,4,4,1178294.547,0.0,0.0,0.0,0.006,7855297.02
1739490,IT,GB,LANDT,FURNI,7.6,1178277.765,6,6,1178274.709,0.0,1.0,2.0,0.056,155036.548026
1756187,IT,KR,MACHI,CHEM1,6.57,1178158.48,6,6,1178154.383,0.0,2.0,2.0,0.097,179323.969559
1811689,IT,WM,CHEM1,COMPU,2.46,1177916.853,6,6,1177913.724,0.0,1.0,2.0,0.129,478827.989024
1671527,IT,FI,MACHI,RENTI,6.57,1177642.803,6,6,1177638.706,0.0,2.0,2.0,0.097,179245.479909
1748618,IT,CN,DAIRY,MEATP,4.78,1177558.183,6,6,1177549.103,0.0,8.0,1.0,0.08,246351.08431
1665580,IT,ES,LEATH,REALE,8.43,1177262.461,6,6,1177252.257,0.0,8.0,2.0,0.204,139651.537485
1667212,IT,ES,PREC1,CHEM1,2.0,1177131.243,6,6,1177127.189,0.0,2.0,2.0,0.054,588565.6215
1674753,IT,FR,CERAM,FURNI,1.83,1176952.33,6,6,1176945.266,0.0,1.0,6.0,0.064,643143.349727
1672640,IT,FR,CRUDE,NAPHT,2.32,1176528.011,6,6,1176525.91,0.0,1.0,1.0,0.101,507124.142672
1811059,IT,WM,HEAVY,ETHAN,1.9,1176238.342,6,6,1176236.248,0.0,1.0,1.0,0.094,619072.811579
1661946,IT,DK,KEROS,AIRTR,1.75,1176233.866,6,6,1176231.77,0.0,1.0,1.0,0.096,672133.637714
1740249,IT,GB,BUSIN,TRAN1,12.08,1175954.93,6,6,1175950.849,0.0,2.0,2.0,0.081,97347.262417
1811641,IT,WM,CHEM1,CEMEN,2.46,1175949.463,6,6,1175946.335,0.0,1.0,2.0,0.128,478028.236992
1750781,IT,CN,FURNI,VEGET,3.75,1175777.768,6,6,1175771.667,0.0,3.0,3.0,0.101,313540.738133
1809853,IT,WM,FOOD5,93197,5.65,1175414.937,6,6,1175408.832,0.0,5.0,1.0,0.105,208038.041947
1790807,IT,WA,MACHI,CERAM,6.56,1175276.521,6,6,1175272.424,0.0,2.0,2.0,0.097,179158.00625
1766756,IT,RU,MACHI,FOOD5,6.55,1174882.789,6,6,1174878.692,0.0,2.0,2.0,0.097,179371.418168
1811933,IT,WM,RUBBE,COMPU,3.89,1174876.328,6,6,1174872.221,0.0,2.0,2.0,0.107,302024.762982
1723480,IT,PT,ALUM1,MOTO1,2.04,1174795.496,6,6,1174792.402,0.0,1.0,2.0,0.094,575880.145098
1811462,IT,WM,PLAST,RADIO,2.46,1174622.028,6,6,1174619.909,0.0,1.0,1.0,0.119,477488.629268
1772349,IT,CH,PLAST,MEMBE,2.46,1174405.099,6,6,1174402.98,0.0,1.0,1.0,0.119,477400.446748
1675301,IT,FR,FABRI,COMPU,4.78,1174375.144,6,6,1174372.06,0.0,1.0,2.0,0.084,245685.176569
1678722,IT,GR,DAIRY,REALE,4.77,1174211.981,6,6,1174202.902,0.0,8.0,1.0,0.079,246166.033753
1648888,IT,BG,TEXTI,WHOLE,6.96,1174135.053,6,6,1174132.897,0.0,1.0,1.0,0.156,168697.565086
1790238,IT,WA,PREC1,FABRI,1.99,1173535.229,6,6,1173531.175,0.0,2.0,2.0,0.054,589716.195477
1768153,IT,RU,PUBLI,PLAST,19.22,1173477.673,6,6,1173474.591,0.0,1.0,2.0,0.082,61055.029813
1765319,IT,RU,FOOD5,RAWMI,5.64,1173340.86,6,6,1173334.755,0.0,5.0,1.0,0.105,208039.159574
1788296,IT,WA,LEATH,NONF1,8.4,1172918.302,6,6,1172908.099,0.0,8.0,2.0,0.203,139633.13119
1679839,IT,GR,ALUM1,ELECT,2.04,1172917.469,6,6,1172914.375,0.0,1.0,2.0,0.094,574959.543627
1780391,IT,TW,AIRTR,REALE,1.28,1172777.533,5,5,1172776.496,0.0,0.0,1.0,0.037,916232.447656
1672032,IT,FI,SEACO,HEALT,1.19,1172655.75,4,4,1172655.73,0.0,0.0,0.0,0.02,985425.0
1657293,IT,DE,CHEM1,EDUCA,2.45,1172499.236,6,6,1172496.108,0.0,1.0,2.0,0.128,478571.116735
1811266,IT,WM,BITU1,DAIRY,1.85,1172467.285,6,6,1172465.192,0.0,1.0,1.0,0.093,633766.1
1725578,IT,RO,WOODW,WOODW,3.28,1172321.215,6,6,1172312.136,0.0,7.0,2.0,0.079,357415.004573
1779799,IT,TR,BUSIN,BUSIN,12.04,1171997.72,6,6,1171993.639,0.0,2.0,2.0,0.081,97342.003322
1743310,IT,US,FURNI,BUSIN,3.74,1171960.208,6,6,1171954.107,0.0,3.0,3.0,0.101,313358.344385
1812057,IT,WM,CERAM,GASDI,1.83,1171619.573,6,6,1171612.509,0.0,1.0,6.0,0.064,640229.274863
1746621,IT,JP,ALUM1,FABRI,2.03,1171127.399,6,6,1171124.305,0.0,1.0,2.0,0.094,576910.048768
1725172,IT,RO,VEGE1,ELEC1,3.6,1170888.996,6,6,1170879.741,0.0,7.0,2.0,0.255,325246.943333
1741854,IT,US,CHEM1,CATTL,2.45,1170877.421,6,6,1170874.293,0.0,1.0,2.0,0.128,477909.151429
1742930,IT,US,MACHI,ELEC1,6.53,1170856.274,6,6,1170852.178,0.0,2.0,2.0,0.096,179304.176723
1743479,IT,US,WHOLE,RETA1,10.12,1170630.22,6,6,1170626.152,0.0,2.0,2.0,0.068,115674.922925
1744277,IT,US,POSTT,EDUCA,19.28,1170392.882,6,6,1170389.793,0.0,1.0,2.0,0.089,60705.025
1812936,IT,WM,MACHI,DAIRY,6.53,1170312.189,6,6,1170308.093,0.0,2.0,2.0,0.096,179220.855896
1732168,IT,SI,GASDI,HOTEL,1.74,1169976.816,6,6,1169974.721,0.0,1.0,1.0,0.095,672400.468966
1737947,IT,GB,CHEM1,CERAM,2.45,1169964.266,6,6,1169961.138,0.0,1.0,2.0,0.128,477536.435102
1642122,IT,AT,CERAM,NATUR,1.82,1169934.366,6,6,1169927.303,0.0,1.0,6.0,0.063,642821.08022
1810305,IT,WM,WOODW,VEGET,3.27,1169653.569,6,6,1169644.49,0.0,7.0,2.0,0.079,357692.222936
1741211,IT,US,WOODW,RUBBE,3.27,1169574.415,6,6,1169565.336,0.0,7.0,2.0,0.079,357668.01682
1777027,IT,TR,CHEM1,PRINT,2.44,1169510.03,6,6,1169506.902,0.0,1.0,2.0,0.128,479307.389344
1679607,IT,GR,RUBBE,REALE,3.87,1169420.456,6,6,1169416.35,0.0,2.0,2.0,0.106,302175.828424
1736126,IT,SK,CONST,WHOLE,6.54,1169393.448,6,6,1169388.385,0.0,1.0,4.0,0.063,178806.337615
1753228,IT,CA,CERAM,ALUM1,1.82,1169076.785,6,6,1169069.722,0.0,1.0,6.0,0.063,642349.881868
1795229,IT,WL,GLASS,REALE,3.21,1168832.322,6,6,1168826.255,0.0,1.0,5.0,0.067,364122.218692
1650374,IT,BG,ELEC2,SUPPO,0.28,1168808.282,4,4,1168808.16,0.0,0.0,0.0,0.122,4174315.292857
1742727,IT,US,FABRI,DAIRY,4.75,1168255.243,6,6,1168252.159,0.0,1.0,2.0,0.084,245948.472211
1779616,IT,TR,COMPU,HEALT,13.34,1168035.635,6,6,1168031.562,0.0,2.0,2.0,0.073,87558.893178
1812725,IT,WM,NONF1,KEROS,0.26,1168010.783,4,4,1168010.776,0.0,0.0,0.0,0.007,4492349.165385
1811137,IT,WM,NAPHT,WEARI,1.98,1167921.299,6,6,1167918.215,0.0,1.0,2.0,0.084,589859.241919
1710368,IT,LT,HOTEL,MOTOR,8.46,1167695.292,6,6,1167692.204,0.0,2.0,1.0,0.088,138025.448227
1650495,IT,BG,ELEC6,FOOD5,0.17,1167663.186,4,4,1167662.999,0.0,0.0,0.0,0.187,6868606.976471
1754972,IT,KR,TEXTI,HOTEL,6.92,1167593.686,6,6,1167591.531,0.0,1.0,1.0,0.155,168727.411272
1772870,IT,CH,BASIC,OFFIC,1.34,1167546.124,5,5,1167545.05,0.0,0.0,1.0,0.074,871303.077612
1809341,IT,WM,STONE,93197,3.78,1167461.976,6,6,1167395.923,0.0,1.0,65.0,0.053,308852.374603
1795756,IT,WL,MACHI,FISH5,6.51,1167019.958,6,6,1167015.862,0.0,2.0,2.0,0.096,179265.738556
1687054,IT,HU,MOTO1,PAPER,6.21,1166872.401,6,6,1166869.325,0.0,1.0,2.0,0.076,187902.157971
1812517,IT,WM,ALUM1,BEVER,2.03,1166696.933,6,6,1166693.84,0.0,1.0,2.0,0.093,574727.553202
1806258,IT,WF,MACHI,ALUM1,6.51,1166669.081,6,6,1166664.985,0.0,2.0,2.0,0.096,179211.840399
1646235,IT,BE,LEAD1,BEVER,2.03,1166576.56,6,6,1166568.462,0.0,3.0,5.0,0.098,574668.256158
1778941,IT,TR,SEACO,ELEC2,1.19,1166552.028,4,4,1166552.008,0.0,0.0,0.0,0.02,980295.821849
1673970,IT,FR,KEROS,MOTOR,1.73,1166492.542,6,6,1166490.447,0.0,1.0,1.0,0.095,674273.145665
1799680,IT,WE,MOTOR,FURNI,1.74,1166168.621,6,6,1166166.526,0.0,1.0,1.0,0.095,670211.851149
1745775,IT,JP,WEARI,SALEM,8.79,1166024.193,6,6,1166019.971,0.0,2.0,2.0,0.222,132653.491809
1675923,IT,FR,ELEC2,PUBLI,0.28,1165541.15,4,4,1165541.028,0.0,0.0,0.0,0.122,4162646.964286
1773948,IT,CH,SALEM,MACHI,9.41,1165461.187,6,6,1165459.115,0.0,1.0,1.0,0.072,123853.473645
1682789,IT,HR,HEAVY,WOODW,1.88,1165434.583,6,6,1165432.489,0.0,1.0,1.0,0.094,619912.012234
1804581,IT,WF,HEAVY,MEATC,1.88,1165398.445,6,6,1165396.351,0.0,1.0,1.0,0.094,619892.789894
1791981,IT,WA,SEACO,SALEM,1.19,1165229.506,4,4,1165229.486,0.0,0.0,0.0,0.02,979184.458824
1679441,IT,GR,CHEM1,DAIRY,2.43,1164596.866,6,6,1164593.739,0.0,1.0,2.0,0.127,479257.969547
1728147,IT,SE,DAIRY,FOOD5,4.73,1164260.326,6,6,1164251.247,0.0,8.0,1.0,0.079,246143.832135
1814158,IT,WM,AIRTR,HEALT,1.27,1164199.782,5,5,1164198.745,0.0,0.0,1.0,0.037,916692.741732
1686715,IT,HU,COPP1,MOTO1,2.94,1163972.794,6,6,1163966.734,0.0,2.0,4.0,0.06,395909.113605
1733414,IT,SI,ELEC2,EDUCA,0.28,1163864.261,4,4,1163864.139,0.0,0.0,0.0,0.122,4156658.075
1715628,IT,NL,NAPHT,HEAVY,1.98,1163714.912,6,6,1163711.829,0.0,1.0,2.0,0.083,587734.80404
1729902,IT,SE,TRANS,PUBLI,6.94,1163687.324,6,6,1163684.261,0.0,1.0,2.0,0.063,167678.288761
1675224,IT,FR,FABRI,BEVER,4.74,1163671.249,6,6,1163668.166,0.0,1.0,2.0,0.083,245500.263502
1666885,IT,ES,GLASS,FABRI,3.19,1163651.587,6,6,1163645.52,0.0,1.0,5.0,0.067,364781.061755
1642467,IT,AT,ALUM1,COMPU,2.02,1163616.601,6,6,1163613.508,0.0,1.0,2.0,0.093,576047.822277
1749283,IT,CN,PAPER,RETA1,4.51,1163400.013,6,6,1163388.898,0.0,9.0,2.0,0.115,257960.091574
1645959,IT,BE,CERAM,RENTI,1.81,1163173.174,6,6,1163166.111,0.0,1.0,6.0,0.063,642637.112707
1789987,IT,WA,NONME,WEARI,2.35,1163133.674,6,6,1163130.546,0.0,1.0,2.0,0.128,494950.499574
1742319,IT,US,CEMEN,HOTEL,1.86,1163057.852,5,5,1163050.8,0.0,0.0,7.0,0.052,625299.92043
1773552,IT,CH,MOTO1,CONST,6.19,1162719.057,6,6,1162715.981,0.0,1.0,2.0,0.076,187838.296769
1689572,IT,IE,AIRTR,PLAST,1.27,1162529.771,5,5,1162528.734,0.0,0.0,1.0,0.037,915377.772441
1676764,IT,FR,LANDT,DAIRY,7.5,1162415.052,6,6,1162411.997,0.0,1.0,2.0,0.055,154988.6736
1735092,IT,SK,CHEM1,FABRI,2.43,1162308.572,6,6,1162305.445,0.0,1.0,2.0,0.127,478316.284774
1645375,IT,BE,HEAVY,PLAST,1.88,1162219.669,6,6,1162217.576,0.0,1.0,1.0,0.093,618201.951596
1745963,IT,JP,WOODW,FURNI,3.25,1162155.286,6,6,1162146.208,0.0,7.0,2.0,0.078,357586.241846
1729419,IT,SE,BASIC,REALE,1.34,1162013.635,5,5,1162012.562,0.0,0.0,1.0,0.073,867174.354478
1643447,IT,AT,LANDT,FABRI,7.5,1161873.218,6,6,1161870.163,0.0,1.0,2.0,0.055,154916.429067
1777602,IT,TR,ALUM1,RUBBE,2.02,1161827.983,6,6,1161824.89,0.0,1.0,2.0,0.093,575162.367822
1773688,IT,CH,FURNI,FURNI,3.71,1161806.115,6,6,1161800.015,0.0,3.0,3.0,0.1,313155.287062
1673101,IT,FR,FOOD5,RESEA,5.58,1161762.689,6,6,1161756.585,0.0,5.0,1.0,0.104,208201.198746
1646066,IT,BE,BASIC,CHEM1,1.34,1161699.199,5,5,1161698.126,0.0,0.0,1.0,0.073,866939.700746
1780383,IT,TW,AIRTR,LANDT,1.26,1161549.665,5,5,1161548.628,0.0,0.0,1.0,0.037,921864.813492
1725876,IT,RO,HEAVY,BEVER,1.88,1161307.952,6,6,1161305.859,0.0,1.0,1.0,0.093,617716.995745
1766717,IT,RU,MACHI,WHEAT,6.48,1161075.457,6,6,1161071.362,0.0,2.0,2.0,0.095,179178.311265
1791120,IT,WA,TRANS,WHOLE,6.93,1160941.104,6,6,1160938.041,0.0,1.0,2.0,0.063,167523.968831
1804797,IT,WF,NAPHT,CEMEN,1.97,1160556.753,6,6,1160553.67,0.0,1.0,2.0,0.083,589115.103046
1658574,IT,DE,MACHI,NUCLE,6.47,1160466.141,6,6,1160462.046,0.0,2.0,2.0,0.095,179361.072798
1750823,IT,CN,FURNI,PFERT,3.7,1160386.62,6,6,1160380.52,0.0,3.0,3.0,0.1,313618.005405
1720768,IT,PL,TRANS,WHOLE,6.92,1160359.629,6,6,1160356.566,0.0,1.0,2.0,0.063,167682.027312
1716232,IT,NL,LEAD1,CONST,2.02,1160270.098,6,6,1160262.0,0.0,3.0,5.0,0.098,574391.137624
1753322,IT,CA,BASIC,FOUND,1.34,1160199.941,5,5,1160198.868,0.0,0.0,1.0,0.073,865820.851493
1643264,IT,AT,HOTEL,RETA1,8.4,1159626.227,6,6,1159623.14,0.0,2.0,1.0,0.087,138050.74131
1641805,IT,AT,CHEM1,MOTO1,2.42,1159476.393,6,6,1159473.266,0.0,1.0,2.0,0.127,479122.476446
1748947,IT,CN,WEARI,LANDT,8.74,1159368.373,6,6,1159364.153,0.0,2.0,2.0,0.22,132650.843593
1759775,IT,BR,BUSIN,MOTO1,11.91,1159154.123,6,6,1159150.043,0.0,2.0,2.0,0.08,97326.122838
1648174,IT,BE,BUSIN,KEROS,11.9,1159059.919,6,6,1159055.839,0.0,2.0,2.0,0.08,97399.993193
1732948,IT,SI,ALUM1,FOUND,2.01,1158817.162,6,6,1158814.069,0.0,1.0,2.0,0.093,576525.951244
1645556,IT,BE,CHEM1,VEGET,2.42,1158561.806,6,6,1158558.68,0.0,1.0,2.0,0.126,478744.547934
1746857,IT,JP,MACHI,HEALT,6.46,1158372.732,6,6,1158368.637,0.0,2.0,2.0,0.095,179314.664396
1764286,IT,MX,MACHI,POSTT,6.46,1157946.96,6,6,1157942.865,0.0,2.0,2.0,0.095,179248.755418
1742733,IT,US,FABRI,TOBAC,4.71,1157821.065,6,6,1157817.982,0.0,1.0,2.0,0.083,245821.882166
1812394,IT,WM,BASIC,RECRE,1.33,1157430.862,5,5,1157429.789,0.0,0.0,1.0,0.073,870248.768421
1662261,IT,DK,CERAM,BIOG1,1.8,1157403.512,6,6,1157396.449,0.0,1.0,6.0,0.063,643001.951111
1646874,IT,BE,WHOLE,DAIRY,10.0,1157194.823,6,6,1157190.756,0.0,2.0,2.0,0.067,115719.4823
1676980,IT,FR,AIRTR,WHOLE,1.26,1157180.618,5,5,1157179.582,0.0,0.0,1.0,0.036,918397.315873
1666726,IT,ES,RUBBE,TEXTI,3.83,1156961.855,6,6,1156957.75,0.0,2.0,2.0,0.105,302078.813316
1813300,IT,WM,TRANS,SUPPO,6.9,1156957.694,6,6,1156954.631,0.0,1.0,2.0,0.063,167675.028116
1798848,IT,WE,FOOD5,HEALT,5.56,1156731.376,6,6,1156725.273,0.0,5.0,1.0,0.103,208045.211511
1805358,IT,WF,RUBBE,PRINT,3.83,1156671.83,6,6,1156667.725,0.0,2.0,2.0,0.105,302003.088773
1655358,IT,DE,OILSE,FOOD5,0.84,1156666.257,5,5,1156658.203,0.0,8.0,0.0,0.054,1376983.639286
1795179,IT,WL,RUBBE,BUSIN,3.83,1156663.605,6,6,1156659.5,0.0,2.0,2.0,0.105,302000.941253
1648248,IT,BE,BUSIN,COMPU,11.88,1156240.826,6,6,1156236.746,0.0,2.0,2.0,0.08,97326.668855
1654112,IT,CZ,OFFIC,POSTT,3.58,1156109.488,6,6,1156106.405,0.0,1.0,2.0,0.083,322935.611173
1724487,IT,PT,SUPPO,SUPPO,8.31,1156031.064,6,6,1156028.007,0.0,1.0,2.0,0.057,139113.244765
1749914,IT,CN,GLASS,WOODW,3.17,1155800.11,6,6,1155794.044,0.0,1.0,5.0,0.066,364605.712934
1795419,IT,WL,BASIC,RETA1,1.33,1155771.039,5,5,1155769.966,0.0,0.0,1.0,0.073,869000.781203
1682412,IT,HR,PAPER,WOODW,4.48,1155762.082,6,6,1155750.968,0.0,9.0,2.0,0.114,257982.607589
1800755,IT,WE,NONME,ALUM1,2.33,1155690.183,6,6,1155687.056,0.0,1.0,2.0,0.127,496004.370386
1741001,IT,US,BEVER,BUSIN,4.91,1155544.093,6,6,1155540.019,0.0,3.0,1.0,0.074,235345.029124
1795114,IT,WL,RUBBE,PAPER,3.83,1155498.46,6,6,1155494.355,0.0,2.0,2.0,0.105,301696.725849
1679611,IT,GR,RUBBE,BUSIN,3.83,1155409.431,6,6,1155405.326,0.0,2.0,2.0,0.105,301673.480679
1794265,IT,WL,MOTOR,MEAT1,1.73,1155255.216,6,6,1155253.122,0.0,1.0,1.0,0.094,667777.581503
1675518,IT,FR,OFFIC,PUBLI,3.58,1154962.01,6,6,1154958.927,0.0,1.0,2.0,0.083,322615.086592
1800029,IT,WE,HEAVY,REALE,1.87,1154783.428,6,6,1154781.335,0.0,1.0,1.0,0.093,617531.24492
1652413,IT,CZ,TEXTI,MACHI,6.84,1154760.427,6,6,1154758.274,0.0,1.0,1.0,0.153,168824.62383
1645888,IT,BE,GLASS,REALE,3.17,1154679.359,6,6,1154673.293,0.0,1.0,5.0,0.066,364252.163722
1786148,IT,ZA,BASIC,FURNI,1.33,1154624.865,5,5,1154623.792,0.0,0.0,1.0,0.073,868138.996241
1772206,IT,CH,GASDI,SEACO,1.72,1154579.67,6,6,1154577.576,0.0,1.0,1.0,0.094,671267.25
1775312,IT,CH,BUSIN,SALEM,11.86,1154414.854,6,6,1154410.774,0.0,2.0,2.0,0.08,97336.834233
1641903,IT,AT,BIODI,CONST,2.38,1154414.845,6,6,1154411.72,0.0,1.0,2.0,0.125,485048.254202
1657313,IT,DE,ADDIT,KEROS,2.67,1153934.818,6,6,1153923.728,0.0,9.0,2.0,0.09,432185.325094
1800667,IT,WE,CERAM,HOTEL,1.8,1153909.065,6,6,1153902.002,0.0,1.0,6.0,0.063,641060.591667
1743228,IT,US,TRANS,SUPPO,6.89,1153845.573,6,6,1153842.51,0.0,1.0,2.0,0.063,167466.701451
1657225,IT,DE,CHEM1,PLAST,2.41,1153816.194,6,6,1153813.068,0.0,1.0,2.0,0.126,478761.906224
1759792,IT,BR,BUSIN,WHOLE,11.85,1153701.044,6,6,1153696.964,0.0,2.0,2.0,0.08,97358.73789
1800560,IT,WE,RUBBE,BUSIN,3.82,1153516.713,6,6,1153512.608,0.0,2.0,2.0,0.105,301967.725916
1736261,IT,SK,HOTEL,FOOD5,8.36,1153284.101,6,6,1153281.014,0.0,2.0,1.0,0.087,137952.64366
1660105,IT,DE,AIRTR,LANDT,1.26,1153252.573,5,5,1153251.537,0.0,0.0,1.0,0.036,915279.819841
1806262,IT,WF,MACHI,FOUND,6.43,1152828.448,6,6,1152824.353,0.0,2.0,2.0,0.095,179289.027683
1772091,IT,CH,COKEO,FOOD5,0.15,1152617.217,4,4,1152617.211,0.0,0.0,0.0,0.006,7684114.78
1809012,IT,WM,VEGET,CHEM1,4.08,1152609.721,6,6,1152603.676,0.0,5.0,1.0,0.045,282502.382598
1727919,IT,SE,VEGET,BEVER,4.08,1152280.419,6,6,1152274.374,0.0,5.0,1.0,0.045,282421.671324
1800529,IT,WE,RUBBE,FABRI,3.82,1152179.322,6,6,1152175.218,0.0,2.0,2.0,0.104,301617.62356
1780130,IT,TW,HOTEL,KEROS,8.35,1152041.569,6,6,1152038.482,0.0,2.0,1.0,0.087,137969.05018
1682402,IT,HR,PAPER,DAIRY,4.46,1152011.566,6,6,1152000.452,0.0,9.0,2.0,0.114,258298.557399
1663225,IT,DK,TRAN2,DIST1,1.78,1151888.691,5,5,1151887.659,0.0,0.0,1.0,0.032,647128.47809
1800944,IT,WE,ALUM1,CRUDE,2.0,1151618.361,6,6,1151615.269,0.0,1.0,2.0,0.092,575809.1805
1676587,IT,FR,HOTEL,BASIC,8.35,1151421.739,6,6,1151418.652,0.0,2.0,1.0,0.087,137894.819042
1771638,IT,CH,WEARI,WEARI,8.67,1150939.058,6,6,1150934.839,0.0,2.0,2.0,0.219,132749.602999
1743018,IT,US,OFFIC,MOTO1,3.57,1150855.235,6,6,1150852.152,0.0,1.0,2.0,0.083,322368.413165
1806562,IT,WF,FURNI,EDUCA,3.67,1150516.319,6,6,1150510.22,0.0,3.0,3.0,0.099,313492.185014
1718508,IT,PL,TEXTI,RETA1,6.82,1150292.275,6,6,1150290.122,0.0,1.0,1.0,0.153,168664.556452
1731110,IT,SI,FISHF,NONME,1.98,1150253.109,4,4,1150253.068,0.0,0.0,0.0,0.041,580935.913636
1804178,IT,WF,PAPER,REALE,4.46,1150176.252,6,6,1150165.139,0.0,9.0,2.0,0.113,257887.052018
1714050,IT,MT,HOTEL,POSTT,8.33,1149712.567,6,6,1149709.48,0.0,2.0,1.0,0.087,138020.716327
1719844,IT,PL,BASIC,RAILW,1.32,1149634.099,5,5,1149633.026,0.0,0.0,1.0,0.073,870934.923485
1642178,IT,AT,CERAM,RESEA,1.79,1149597.492,6,6,1149590.43,0.0,1.0,6.0,0.062,642233.235754
1772344,IT,CH,PLAST,RESEA,2.41,1149470.603,6,6,1149468.486,0.0,1.0,1.0,0.117,476958.756432
1667508,IT,ES,FABRI,CHEM1,4.68,1149010.331,6,6,1149007.249,0.0,1.0,2.0,0.082,245515.027991
1761091,IT,IN,CHEM1,PADDY,2.4,1148934.876,6,6,1148931.751,0.0,1.0,2.0,0.125,478722.865
1731661,IT,SI,WOODW,PULP5,3.21,1148647.983,6,6,1148638.905,0.0,7.0,2.0,0.078,357834.262617
1676992,IT,FR,AIRTR,AUXIL,1.25,1148476.193,5,5,1148475.157,0.0,0.0,1.0,0.036,918780.9544
1773022,IT,CH,ALUM1,KEROS,2.0,1148327.81,6,6,1148324.718,0.0,1.0,2.0,0.092,574163.905
1810504,IT,WM,PAPER,FISH5,4.45,1148312.686,6,6,1148301.573,0.0,9.0,2.0,0.113,258047.794607
1725922,IT,RO,PLAST,LEATH,2.41,1148172.743,6,6,1148170.626,0.0,1.0,1.0,0.117,476420.225311
1657443,IT,DE,RUBBE,OFFIC,3.8,1147799.573,6,6,1147795.469,0.0,2.0,2.0,0.104,302052.519211
1646102,IT,BE,BASIC,POSTT,1.32,1147758.103,5,5,1147757.03,0.0,0.0,1.0,0.073,869513.714394
1685822,IT,HU,CHEM1,VEGET,2.4,1147730.291,6,6,1147727.166,0.0,1.0,2.0,0.125,478220.954583
1779058,IT,TR,AIRTR,PUBLI,1.25,1147584.965,5,5,1147583.929,0.0,0.0,1.0,0.036,918067.972
1811144,IT,WM,NAPHT,MOTOR,1.95,1147488.147,6,6,1147485.065,0.0,1.0,2.0,0.082,588455.46
1714496,IT,NL,CRUDE,CRUDE,2.26,1147482.048,6,6,1147479.949,0.0,1.0,1.0,0.099,507735.419469
1781478,IT,NO,BEVER,HOTEL,4.88,1147378.63,6,6,1147374.556,0.0,3.0,1.0,0.074,235118.571721
1723829,IT,PT,MOTO1,FURNI,6.11,1147056.179,6,6,1147053.104,0.0,1.0,2.0,0.075,187734.235516
1716107,IT,NL,BASIC,COMPU,1.32,1146899.109,5,5,1146898.036,0.0,0.0,1.0,0.073,868862.961364
1814283,IT,WM,POSTT,POSTT,18.89,1146836.441,6,6,1146833.354,0.0,1.0,2.0,0.087,60711.299153
1675863,IT,FR,ELEC1,RECRE,0.16,1146684.506,4,4,1146684.434,0.0,0.0,0.0,0.072,7166778.1625
1756077,IT,KR,FABRI,NONME,4.67,1146622.973,6,6,1146619.891,0.0,1.0,2.0,0.082,245529.54454
1777324,IT,TR,GLASS,RUBBE,3.15,1146531.408,6,6,1146525.342,0.0,1.0,5.0,0.066,363978.224762
1745794,IT,JP,WEARI,BUSIN,8.64,1146365.342,6,6,1146361.124,0.0,2.0,2.0,0.218,132681.173843
1716331,IT,NL,FABRI,WHOLE,4.66,1146193.694,6,6,1146190.612,0.0,1.0,2.0,0.082,245964.312017
1810248,IT,WM,LEATH,PFERT,8.21,1145767.589,6,6,1145757.391,0.0,8.0,2.0,0.198,139557.562607
1716200,IT,NL,ALUM1,CONST,1.99,1145743.854,6,6,1145740.762,0.0,1.0,2.0,0.092,575750.680402
1719387,IT,PL,RUBBE,PAPER,3.79,1145338.956,6,6,1145334.852,0.0,2.0,2.0,0.104,302200.252243
1676620,IT,FR,HOTEL,SEACO,8.3,1144924.947,6,6,1144921.861,0.0,2.0,1.0,0.086,137942.764699
1746851,IT,JP,MACHI,RENTI,6.39,1144787.97,6,6,1144784.876,0.0,1.0,2.0,0.094,179153.046948
1733974,IT,SI,SUPPO,SUPPO,8.23,1144710.333,6,6,1144707.277,0.0,1.0,2.0,0.056,139089.955407
1753242,IT,CA,CERAM,WHOLE,1.78,1144583.315,6,6,1144576.253,0.0,1.0,6.0,0.062,643024.33427
1765545,IT,RU,LEATH,WOODW,8.2,1144540.63,6,6,1144530.432,0.0,8.0,2.0,0.198,139578.12561
1726112,IT,RO,RUBBE,DIST1,3.79,1144315.636,6,6,1144311.532,0.0,2.0,2.0,0.104,301930.246966
1746224,IT,JP,CHEM1,PRINT,2.39,1144286.561,6,6,1144283.436,0.0,1.0,2.0,0.125,478780.987866
1753226,IT,CA,CERAM,BASIC,1.78,1144140.395,6,6,1144133.333,0.0,1.0,6.0,0.062,642775.502809
1801303,IT,WE,MACHI,BEVER,6.38,1144062.732,6,6,1144059.638,0.0,1.0,2.0,0.094,179320.177429
1761437,IT,IN,BASIC,RADIO,1.32,1143648.352,5,5,1143647.28,0.0,0.0,1.0,0.072,866400.266667
1781032,IT,TW,BUSIN,PUBLI,11.75,1143619.052,6,6,1143614.973,0.0,2.0,2.0,0.079,97329.281021
1758315,IT,BR,COPP1,COPP1,2.89,1143416.904,6,6,1143411.845,0.0,1.0,4.0,0.059,395645.987543
1810574,IT,WM,PAPER,COMPU,4.43,1143414.267,6,6,1143403.154,0.0,9.0,2.0,0.113,258107.058014
1800265,IT,WE,PLAST,FURNI,2.4,1143333.185,6,6,1143331.069,0.0,1.0,1.0,0.116,476388.827083
1785717,IT,ZA,NAPHT,FURNI,1.94,1143324.362,6,6,1143321.28,0.0,1.0,2.0,0.082,589342.454639
1812140,IT,WM,CEMEN,CRUDE,1.83,1143092.609,5,5,1143085.557,0.0,0.0,7.0,0.052,624640.769945
1810993,IT,WM,GASDI,RETA1,1.7,1142674.046,6,6,1142671.953,0.0,1.0,1.0,0.093,672161.203529
1786419,IT,ZA,MACHI,PUBLI,6.37,1142641.744,6,6,1142638.65,0.0,1.0,2.0,0.094,179378.609733
1804538,IT,WF,GASDI,REALE,1.7,1142094.771,6,6,1142092.678,0.0,1.0,1.0,0.093,671820.453529
1761023,IT,IN,PLAST,LEATH,2.4,1142045.467,6,6,1142043.351,0.0,1.0,1.0,0.116,475852.277917
1814044,IT,WM,SEACO,EDUCA,1.16,1141917.197,4,4,1141917.177,0.0,0.0,0.0,0.02,984411.376724
1718985,IT,PL,COKEO,BASIC,0.14,1141781.111,4,4,1141781.105,0.0,0.0,0.0,0.006,8155579.364286
1645702,IT,BE,ADDIT,PLAST,2.64,1141717.91,6,6,1141706.821,0.0,9.0,2.0,0.089,432468.905303
1689526,IT,IE,SEACO,FISH5,1.16,1141546.772,4,4,1141546.752,0.0,0.0,0.0,0.02,984092.044828
1746454,IT,JP,GLASS,RADIO,3.13,1141459.817,6,6,1141453.752,0.0,1.0,5.0,0.065,364683.647604
1719853,IT,PL,BASIC,REALE,1.31,1141446.689,5,5,1141445.617,0.0,0.0,1.0,0.072,871333.350382
1798892,IT,WE,BEVER,RETA1,4.85,1141339.752,6,6,1141335.679,0.0,3.0,1.0,0.073,235327.783918
1755677,IT,KR,RUBBE,FURNI,3.78,1141263.474,6,6,1141259.371,0.0,2.0,2.0,0.103,301921.553968
1742320,IT,US,CEMEN,POSTT,1.83,1141196.833,5,5,1141189.782,0.0,0.0,7.0,0.051,623604.826776
1686708,IT,HU,COPP1,BASIC,2.88,1141121.818,6,6,1141116.759,0.0,1.0,4.0,0.059,396222.853472
1801334,IT,WE,MACHI,RUBBE,6.37,1140932.657,6,6,1140929.563,0.0,1.0,2.0,0.094,179110.307221
1810392,IT,WM,WOODW,93197,3.19,1140873.208,6,6,1140864.131,0.0,7.0,2.0,0.077,357640.504075
1751422,IT,CN,SEACO,BUSIN,1.16,1140872.406,4,4,1140872.386,0.0,0.0,0.0,0.02,983510.694828
1736276,IT,SK,HOTEL,RUBBE,8.27,1140766.694,6,6,1140763.608,0.0,2.0,1.0,0.086,137940.34994
1777493,IT,TR,BASIC,CERAM,1.31,1140501.245,5,5,1140500.173,0.0,0.0,1.0,0.072,870611.637405
1666849,IT,ES,GLASS,BEVER,3.13,1140428.555,6,6,1140422.49,0.0,1.0,5.0,0.065,364354.170927
1656825,IT,DE,GASDI,SEACO,1.7,1140384.684,6,6,1140382.591,0.0,1.0,1.0,0.093,670814.52
1686816,IT,HU,FABRI,BASIC,4.64,1139949.481,6,6,1139946.399,0.0,1.0,2.0,0.082,245678.767457
1661566,IT,DK,BEVER,CHEM1,4.85,1139498.606,6,6,1139494.533,0.0,3.0,1.0,0.073,234948.166186
1746230,IT,JP,CHEM1,GASDI,2.38,1139288.553,6,6,1139285.429,0.0,1.0,2.0,0.124,478692.669328
1655804,IT,DE,VEGE1,DAIRY,3.5,1139052.205,6,6,1139042.957,0.0,7.0,2.0,0.248,325443.487143
1737208,IT,GB,PROCE,NATUR,7.7,1138962.079,6,6,1138956.009,0.0,5.0,1.0,0.07,147917.153117
1806425,IT,WF,TRANS,FISHF,6.8,1138902.328,6,6,1138899.266,0.0,1.0,2.0,0.062,167485.636471
1657151,IT,DE,PLAST,RETA1,2.39,1138862.131,6,6,1138860.015,0.0,1.0,1.0,0.116,476511.351883
1648208,IT,BE,BUSIN,OFFIC,11.7,1138826.094,6,6,1138822.015,0.0,2.0,2.0,0.079,97335.56359
1793685,IT,WL,FOOD5,MEAT1,5.47,1138767.918,6,6,1138761.816,0.0,5.0,1.0,0.102,208184.262888
1645307,IT,BE,KEROS,AIRTR,1.69,1138316.176,6,6,1138314.083,0.0,1.0,1.0,0.093,673559.867456
1745629,IT,JP,TEXTI,PAPER,6.74,1137451.779,6,6,1137449.628,0.0,1.0,1.0,0.151,168761.391543
1664783,IT,ES,CEREA,FOOD5,1.85,1137222.883,6,6,1137214.818,0.0,7.0,1.0,0.065,614715.071892
1755177,IT,KR,LEATH,BUSIN,8.14,1136612.508,6,6,1136602.311,0.0,8.0,2.0,0.197,139632.986241
1716290,IT,NL,FABRI,WOODW,4.63,1136482.672,6,6,1136479.59,0.0,1.0,2.0,0.082,245460.620302
1764248,IT,MX,MACHI,FOUND,6.34,1136433.836,6,6,1136430.743,0.0,1.0,2.0,0.093,179248.239117
1690139,IT,IE,COMPU,INSUR,12.98,1136427.935,6,6,1136423.864,0.0,2.0,2.0,0.071,87552.229199
1672982,IT,FR,DAIRY,RECRE,4.62,1136384.178,6,6,1136375.101,0.0,8.0,1.0,0.077,245970.601299
1790377,IT,WA,LEAD1,MEATC,1.98,1136068.72,6,6,1136060.624,0.0,3.0,5.0,0.096,573772.080808
1646494,IT,BE,MACHI,SALEM,6.33,1135437.373,6,6,1135434.28,0.0,1.0,2.0,0.093,179373.992575
1799604,IT,WE,MOTOR,BITUM,1.7,1135423.046,6,6,1135420.954,0.0,1.0,1.0,0.092,667895.909412
1657879,IT,DE,BASIC,SANDC,1.31,1135376.371,5,5,1135375.299,0.0,0.0,1.0,0.072,866699.519847
1777954,IT,TR,MACHI,ELECT,6.33,1135006.54,6,6,1135003.447,0.0,1.0,2.0,0.093,179305.93049
1751218,IT,CN,HOTEL,FABRI,8.22,1134761.981,6,6,1134758.896,0.0,2.0,1.0,0.085,138048.902798
1766052,IT,RU,CHEM1,PUBLI,2.37,1134656.329,6,6,1134653.205,0.0,1.0,2.0,0.124,478757.944726
1750154,IT,CN,PREC1,CONST,1.93,1134509.569,6,6,1134505.517,0.0,2.0,2.0,0.052,587828.792228
1811461,IT,WM,PLAST,ELECT,2.38,1134474.449,6,6,1134472.334,0.0,1.0,1.0,0.115,476669.936555
1741482,IT,US,MOTOR,RESEA,1.69,1134455.174,6,6,1134453.082,0.0,1.0,1.0,0.092,671275.250888
1679895,IT,GR,COPP1,CONST,2.86,1133414.847,6,6,1133409.788,0.0,1.0,4.0,0.059,396298.897552
1752140,IT,CN,BUSIN,WHOLE,11.64,1133029.786,6,6,1133025.708,0.0,2.0,2.0,0.078,97339.328694
1741463,IT,US,MOTOR,COLLE,1.69,1133001.78,6,6,1132999.688,0.0,1.0,1.0,0.092,670415.254438
1744813,IT,US,RESEA,COLLE,6.14,1132962.837,6,6,1132959.758,0.0,1.0,2.0,0.079,184521.634691
1791699,IT,WA,HOTEL,PUBLI,8.21,1132837.151,6,6,1132834.066,0.0,2.0,1.0,0.085,137982.600609
1751221,IT,CN,HOTEL,ELECT,8.21,1132788.541,6,6,1132785.456,0.0,2.0,1.0,0.085,137976.679781
1740806,IT,US,VEGE1,WOODW,3.48,1132410.946,6,6,1132401.7,0.0,7.0,2.0,0.246,325405.444253
1810527,IT,WM,PAPER,PFERT,4.39,1132351.318,6,6,1132340.206,0.0,9.0,2.0,0.112,257938.796811
1719409,IT,PL,RUBBE,CEMEN,3.75,1132269.852,6,6,1132265.749,0.0,2.0,2.0,0.103,301938.6272
1769712,IT,AU,MACHI,COKIN,6.32,1131933.222,6,6,1131930.129,0.0,1.0,2.0,0.093,179103.357911
1723372,IT,PT,BASIC,WOODW,1.3,1131890.125,5,5,1131889.053,0.0,0.0,1.0,0.072,870684.711538
1792786,IT,WA,BUSIN,HEALT,11.62,1131752.55,6,6,1131748.472,0.0,2.0,2.0,0.078,97396.949225
1799339,IT,WE,WOODW,FURNI,3.17,1131742.988,6,6,1131733.912,0.0,7.0,2.0,0.076,357016.715457
1654704,IT,CZ,LANDT,SUPPO,7.3,1131659.999,6,6,1131657.945,0.0,1.0,1.0,0.054,155021.917671
1732784,IT,SI,NONME,CONST,2.29,1131560.577,6,6,1131557.453,0.0,1.0,2.0,0.124,494131.256332
1737818,IT,GB,BITU1,ELEC6,1.78,1131475.635,6,6,1131473.545,0.0,1.0,1.0,0.09,635660.469101
1813316,IT,WM,TRANS,PRIVA,6.75,1130978.88,6,6,1130975.819,0.0,1.0,2.0,0.061,167552.426667
1679300,IT,GR,HEAVY,ELEC6,1.83,1130792.152,6,6,1130790.061,0.0,1.0,1.0,0.091,617919.208743
1748485,IT,CN,STONE,DISTR,3.66,1130598.335,6,6,1130534.283,0.0,1.0,63.0,0.052,308906.648907
1804593,IT,WF,HEAVY,TEXTI,1.83,1130514.28,6,6,1130512.189,0.0,1.0,1.0,0.091,617767.36612
1741337,IT,US,PAPER,EDUCA,4.38,1130458.148,6,6,1130447.036,0.0,9.0,2.0,0.112,258095.46758
1716285,IT,NL,FABRI,FOOD5,4.6,1130431.203,6,6,1130428.122,0.0,1.0,2.0,0.081,245745.913696
1784625,IT,ID,MACHI,RETA1,6.31,1130427.38,6,6,1130424.287,0.0,1.0,2.0,0.093,179148.554675
1813987,IT,WM,SEACO,GASDI,1.15,1130333.566,4,4,1130333.546,0.0,0.0,0.0,0.02,982898.753043
1641549,IT,AT,HEAVY,STEAM,1.83,1129866.185,6,6,1129864.094,0.0,1.0,1.0,0.091,617413.215847
1728932,IT,SE,CHEM1,ELEC4,2.36,1129822.107,6,6,1129818.984,0.0,1.0,2.0,0.123,478738.180932
1810516,IT,WM,PAPER,GASDI,4.38,1129663.153,6,6,1129652.042,0.0,9.0,2.0,0.111,257913.961872
1723441,IT,PT,PREC1,NONF1,1.92,1129271.163,6,6,1129267.111,0.0,2.0,2.0,0.052,588162.064062
1715482,IT,NL,KEROS,SUPPO,1.68,1129183.642,6,6,1129181.55,0.0,1.0,1.0,0.092,672133.120238
1803399,IT,WF,CHEMI,REALE,2.69,1128793.371,6,6,1128734.265,0.0,4.0,55.0,0.106,419625.788476
1673776,IT,FR,PAPER,HEALT,4.37,1128507.926,6,6,1128496.815,0.0,9.0,2.0,0.111,258239.8
1791118,IT,WA,TRANS,SALEM,6.73,1128505.085,6,6,1128502.024,0.0,1.0,2.0,0.061,167682.776374
1769744,IT,AU,MACHI,WOODW,6.29,1128230.479,6,6,1128227.386,0.0,1.0,2.0,0.093,179368.91558
1661013,IT,DE,BUSIN,SUPPO,11.58,1127983.715,6,6,1127979.637,0.0,2.0,2.0,0.078,97407.920121
1741499,IT,US,MOTOR,RECRE,1.68,1127811.317,6,6,1127809.225,0.0,1.0,1.0,0.092,671316.260119
1665154,IT,ES,DAIRY,SEWAG,4.58,1127782.377,6,6,1127773.301,0.0,8.0,1.0,0.076,246240.693668
1741606,IT,US,GASDI,RESEA,1.68,1127673.766,6,6,1127671.674,0.0,1.0,1.0,0.092,671234.384524
1738096,IT,GB,RUBBE,RESEA,3.74,1127604.317,6,6,1127600.215,0.0,2.0,2.0,0.102,301498.480481
1773324,IT,CH,MACHI,CHEM1,6.29,1127471.981,6,6,1127468.888,0.0,1.0,2.0,0.093,179248.327663
1788215,IT,WA,LEATH,RAWMI,8.08,1127434.051,6,6,1127423.856,0.0,8.0,2.0,0.195,139533.917203
1772201,IT,CH,GASDI,WHOLE,1.68,1127093.929,6,6,1127091.837,0.0,1.0,1.0,0.092,670889.243452
1656214,IT,DE,TEXTI,RETA1,6.68,1126991.901,6,6,1126989.751,0.0,1.0,1.0,0.15,168711.362425
1772453,IT,CH,CHEM1,PAPE1,2.36,1126962.038,6,6,1126958.915,0.0,1.0,2.0,0.123,477526.287288
1812705,IT,WM,COPP1,EDUCA,2.85,1126433.806,6,6,1126428.748,0.0,1.0,4.0,0.058,395239.93193
1790166,IT,WA,BASIC,BUSIN,1.3,1126003.085,5,5,1126002.014,0.0,0.0,1.0,0.071,866156.219231
1665177,IT,ES,FOOD5,POULT,5.41,1125699.867,6,6,1125693.766,0.0,5.0,1.0,0.101,208077.609427
1660866,IT,DE,COMPU,PUBLI,12.85,1125688.48,6,6,1125684.409,0.0,2.0,2.0,0.071,87602.216342
1804096,IT,WF,PAPER,CRUDE,4.36,1125528.654,6,6,1125517.543,0.0,9.0,2.0,0.111,258148.773853
1744020,IT,US,AIRTR,FURNI,1.23,1125437.54,5,5,1125436.505,0.0,0.0,1.0,0.035,914989.869919
1766447,IT,RU,BASIC,FOOD4,1.3,1125264.928,5,5,1125263.857,0.0,0.0,1.0,0.071,865588.406154
1741546,IT,US,GASDI,CEREA,1.67,1124842.917,6,6,1124840.825,0.0,1.0,1.0,0.092,673558.632934
1658530,IT,DE,MACHI,FORES,6.27,1124662.053,6,6,1124658.961,0.0,1.0,2.0,0.092,179371.938278
1673615,IT,FR,WOODW,TRANS,3.15,1124471.04,6,6,1124461.964,0.0,7.0,2.0,0.076,356974.933333
1779654,IT,TR,RESEA,CHEM1,6.1,1124456.326,6,6,1124453.247,0.0,1.0,2.0,0.079,184337.102623
1746815,IT,JP,MACHI,MOTO1,6.27,1124348.646,6,6,1124345.554,0.0,1.0,2.0,0.092,179321.95311
1647933,IT,BE,REALE,BUSIN,47.5,1124259.428,6,6,1124255.354,0.0,1.0,3.0,0.074,23668.619537
1673742,IT,FR,PAPER,TRANS,4.35,1123739.075,6,6,1123727.964,0.0,9.0,2.0,0.111,258330.821839
1679697,IT,GR,CEMEN,CEMEN,1.8,1123543.874,5,5,1123536.823,0.0,0.0,7.0,0.051,624191.041111
1673972,IT,FR,KEROS,GASDI,1.67,1123052.322,6,6,1123050.231,0.0,1.0,1.0,0.091,672486.420359
1778934,IT,TR,SEACO,RADIO,1.14,1123016.725,4,4,1123016.706,0.0,0.0,0.0,0.019,985102.390351
1765984,IT,RU,CHEM1,KEROS,2.35,1122919.416,6,6,1122916.293,0.0,1.0,2.0,0.123,477838.049362
1690501,IT,IE,INERT,SUGAR,8.23,1122824.364,6,6,1122820.292,0.0,1.0,3.0,0.072,136430.663913
1657839,IT,DE,NONME,RESEA,2.27,1122816.296,6,6,1122813.173,0.0,1.0,2.0,0.123,494632.729515
1801295,IT,WE,MACHI,MEATP,6.26,1122803.06,6,6,1122799.968,0.0,1.0,2.0,0.092,179361.511182
1645569,IT,BE,CHEM1,CHEMI,2.35,1122754.008,6,6,1122750.885,0.0,1.0,2.0,0.123,477767.662979
1791248,IT,WA,FURNI,INSUR,3.58,1122748.826,6,6,1122742.729,0.0,3.0,3.0,0.097,313616.990503
1796123,IT,WL,TRANS,SALEM,6.7,1122681.605,6,6,1122678.544,0.0,1.0,2.0,0.061,167564.418657
1763708,IT,MX,RUBBE,LANDT,3.72,1122640.817,6,6,1122636.715,0.0,2.0,2.0,0.102,301785.16586
1812835,IT,WM,FABRI,PFERT,4.57,1122639.55,6,6,1122636.469,0.0,1.0,2.0,0.081,245654.16849
1675197,IT,FR,FABRI,WHEAT,4.57,1122501.117,6,6,1122498.036,0.0,1.0,2.0,0.081,245623.876805
1738778,IT,GB,OFFIC,TRANS,3.48,1122420.347,6,6,1122418.266,0.0,1.0,1.0,0.081,322534.582471
1799903,IT,WE,GASDI,RESEA,1.67,1122238.597,6,6,1122236.506,0.0,1.0,1.0,0.091,671999.15988
1766620,IT,RU,FABRI,FISH5,4.57,1122212.673,6,6,1122209.593,0.0,1.0,2.0,0.08,245560.759956
1640725,IT,AT,TEXTI,WEARI,6.65,1122188.396,6,6,1122186.247,0.0,1.0,1.0,0.149,168750.134737
1675509,IT,FR,OFFIC,POSTT,3.48,1122112.798,6,6,1122110.717,0.0,1.0,1.0,0.081,322446.206322
1766540,IT,RU,COPP1,BASIC,2.83,1122086.828,6,6,1122081.77,0.0,1.0,4.0,0.058,396497.112367
1769820,IT,AU,MACHI,REALE,6.26,1121763.761,6,6,1121760.669,0.0,1.0,2.0,0.092,179195.488978
1788338,IT,WA,LEATH,COMPU,8.03,1121295.165,6,6,1121284.971,0.0,8.0,2.0,0.194,139638.252179
1787434,IT,WA,STONE,SANDC,3.63,1121046.993,6,6,1120982.942,0.0,1.0,63.0,0.051,308828.372727
1713320,IT,MT,KEROS,AIRTR,1.67,1120341.457,6,6,1120339.366,0.0,1.0,1.0,0.091,670863.147904
1750260,IT,CN,COPP1,RADIO,2.83,1120133.402,6,6,1120128.344,0.0,1.0,4.0,0.058,395806.85583
1658175,IT,DE,ALUM1,HOTEL,1.95,1120012.526,6,6,1120009.436,0.0,1.0,2.0,0.09,574365.397949
1783831,IT,NO,INERT,WASTE,8.21,1119879.822,6,6,1119875.75,0.0,1.0,3.0,0.072,136404.363216
1675426,IT,FR,MACHI,SEACO,6.25,1119872.776,6,6,1119869.684,0.0,1.0,2.0,0.092,179179.64416
1758031,IT,BR,RUBBE,FURNI,3.71,1119868.506,6,6,1119864.404,0.0,2.0,2.0,0.102,301851.349326
1679071,IT,GR,PULP5,MEAT1,3.41,1119433.501,6,6,1119426.396,0.0,5.0,2.0,0.105,328279.619062
1674971,IT,FR,BASIC,TEXT2,1.29,1119359.524,5,5,1119358.453,0.0,0.0,1.0,0.071,867720.56124
1811579,IT,WM,CHEM1,CATTL,2.34,1119226.589,6,6,1119223.467,0.0,1.0,2.0,0.122,478301.961111
1780998,IT,TW,BUSIN,OFFIC,11.49,1119179.061,6,6,1119174.984,0.0,2.0,2.0,0.077,97404.618016
1641121,IT,AT,PAPER,RETA1,4.34,1119145.097,6,6,1119133.987,0.0,9.0,2.0,0.11,257867.533871
1757447,IT,BR,PAPER,PAPER,4.34,1119081.514,6,6,1119070.404,0.0,9.0,2.0,0.11,257852.88341
1772859,IT,CH,BASIC,GLASS,1.29,1118468.409,5,5,1118467.338,0.0,0.0,1.0,0.071,867029.774419
1657897,IT,DE,BASIC,KEROS,1.29,1118302.198,5,5,1118301.127,0.0,0.0,1.0,0.071,866900.928682
1797175,IT,WL,POSTT,POSTT,18.41,1118027.056,6,6,1118023.971,0.0,1.0,2.0,0.085,60729.334927
1812882,IT,WM,FABRI,AIRTR,4.55,1117977.45,6,6,1117974.37,0.0,1.0,2.0,0.08,245709.32967
1744970,IT,US,BUSIN,EDUCA,11.48,1117645.508,6,6,1117641.431,0.0,2.0,2.0,0.077,97355.880488
1796881,IT,WL,SEACO,WHOLE,1.14,1117411.657,4,4,1117411.638,0.0,0.0,0.0,0.019,980185.664035
1805051,IT,WF,PLAST,DISTR,2.34,1117059.43,6,6,1117057.316,0.0,1.0,1.0,0.114,477375.824786
1655589,IT,DE,SANDC,CEMEN,2.56,1117019.803,5,5,1116774.763,0.0,0.0,245.0,0.04,436335.860547
1756093,IT,KR,FABRI,FURNI,4.54,1116774.907,6,6,1116771.827,0.0,1.0,2.0,0.08,245985.662335
1731605,IT,SI,WEARI,MOTO1,8.42,1116607.605,6,6,1116603.393,0.0,2.0,2.0,0.212,132613.72981
1713032,IT,MT,MEAT1,PLAST,5.22,1116542.798,6,6,1116536.661,0.0,4.0,2.0,0.137,213897.087739
1653476,IT,CZ,BASIC,CROPS,1.29,1116314.467,5,5,1116313.396,0.0,0.0,1.0,0.071,865360.051938
1803015,IT,WF,WHEAT,POSTT,0.84,1115806.692,5,5,1115798.665,0.0,8.0,0.0,0.027,1328341.3
1801725,IT,WE,ELEC1,FINAN,0.16,1114882.266,4,4,1114882.196,0.0,0.0,0.0,0.07,6968014.1625
1665620,IT,ES,WOODW,PAPER,3.12,1114747.39,6,6,1114738.315,0.0,7.0,2.0,0.075,357290.830128
1766453,IT,RU,PREC1,SUGA1,1.89,1114746.916,6,6,1114742.865,0.0,2.0,2.0,0.051,589813.183069
1808990,IT,WM,VEGET,BEVER,3.95,1114729.945,6,6,1114723.901,0.0,5.0,1.0,0.044,282210.112658
1790006,IT,WA,NONME,CHEM1,2.25,1114594.069,6,6,1114590.947,0.0,1.0,2.0,0.122,495375.141778
1719274,IT,PL,CHEM1,ALUM1,2.33,1114564.733,6,6,1114561.611,0.0,1.0,2.0,0.122,478353.962661
1658326,IT,DE,COPP1,BUSIN,2.82,1114436.591,6,6,1114431.533,0.0,1.0,4.0,0.058,395190.280496
1769205,IT,AU,CHEM1,HEALT,2.33,1114344.497,6,6,1114341.375,0.0,1.0,2.0,0.122,478259.440773
1743628,IT,US,HOTEL,ELEC3,8.08,1114194.537,6,6,1114191.453,0.0,2.0,1.0,0.084,137895.36349
1812905,IT,WM,MACHI,CEREA,6.21,1113852.395,6,6,1113849.303,0.0,1.0,2.0,0.092,179364.314815
1657798,IT,DE,NONME,CERAM,2.25,1113764.675,6,6,1113761.553,0.0,1.0,2.0,0.122,495006.522222
1666412,IT,ES,BITU1,KEROS,1.76,1113633.208,6,6,1113631.119,0.0,1.0,1.0,0.089,632746.140909
1782484,IT,NO,MACHI,RENTI,6.21,1113582.652,6,6,1113579.561,0.0,1.0,2.0,0.091,179320.877939
1777268,IT,TR,RUBBE,WHOLE,3.69,1113423.228,6,6,1113419.127,0.0,2.0,2.0,0.101,301740.712195
1806296,IT,WF,MACHI,INSUR,6.21,1113213.786,6,6,1113210.695,0.0,1.0,2.0,0.091,179261.479227
1751258,IT,CN,HOTEL,REALE,8.07,1113047.138,6,6,1113044.054,0.0,2.0,1.0,0.084,137924.056753
1677076,IT,FR,SUPPO,MOTO1,8.0,1112945.78,6,6,1112942.725,0.0,1.0,2.0,0.055,139118.2225
1782213,IT,NO,BASIC,OFFIC,1.28,1112864.853,5,5,1112863.783,0.0,0.0,1.0,0.07,869425.666406
1716208,IT,NL,ALUM1,COMPU,1.93,1112509.811,6,6,1112506.722,0.0,1.0,2.0,0.089,576429.953886
1811967,IT,WM,GLASS,BEVER,3.05,1112378.437,6,6,1112373.373,0.0,1.0,4.0,0.064,364714.241639
1672995,IT,FR,PROCE,BEVER,7.52,1112362.359,6,6,1112356.29,0.0,5.0,1.0,0.069,147920.526463
1658437,IT,DE,FABRI,CEMEN,4.53,1112160.499,6,6,1112157.419,0.0,1.0,2.0,0.08,245510.043929
1720861,IT,PL,FURNI,HEALT,3.55,1111949.437,6,6,1111943.341,0.0,3.0,3.0,0.096,313225.193521
1648483,IT,BG,OILSE,VEGE1,0.8,1111809.386,5,5,1111801.334,0.0,8.0,0.0,0.052,1389761.7325
1812805,IT,WM,FABRI,DAIRY,4.52,1111715.63,6,6,1111712.55,0.0,1.0,2.0,0.08,245954.785398
1800954,IT,WE,ALUM1,BEVER,1.93,1111435.855,6,6,1111432.766,0.0,1.0,2.0,0.089,575873.5
1676072,IT,FR,ELEC7,TRAN1,0.76,1111370.818,5,5,1111369.805,0.0,1.0,0.0,0.013,1462330.023684
1761487,IT,IN,PREC1,FURNI,1.89,1111357.835,6,6,1111353.784,0.0,2.0,2.0,0.051,588020.018519
1649802,IT,BG,PREC1,FOUND,1.89,1111189.636,6,6,1111185.585,0.0,2.0,2.0,0.051,587931.024339
1673636,IT,FR,WOODW,BUSIN,3.11,1111130.401,6,6,1111121.326,0.0,7.0,2.0,0.075,357276.65627
1719303,IT,PL,CHEM1,RAILW,2.32,1111016.563,6,6,1111013.442,0.0,1.0,2.0,0.121,478886.449569
1763214,IT,MX,WOODW,WOODW,3.11,1110991.741,6,6,1110982.666,0.0,7.0,2.0,0.075,357232.071061
1743915,IT,US,SEACO,LANDT,1.13,1110711.785,4,4,1110711.766,0.0,0.0,0.0,0.019,982930.783186
1749859,IT,CN,RUBBE,TRANS,3.68,1110074.584,6,6,1110070.483,0.0,2.0,2.0,0.101,301650.702174
1717055,IT,NL,LANDT,CONST,7.16,1109261.261,6,6,1109259.209,0.0,1.0,1.0,0.052,154924.757123
1653431,IT,CZ,NONME,LEATH,2.24,1109097.537,6,6,1109094.415,0.0,1.0,2.0,0.122,495132.829018
1764376,IT,MX,MOTO1,ALUM1,5.9,1108978.925,6,6,1108975.853,0.0,1.0,2.0,0.072,187962.529661
1674383,IT,FR,CHEM1,ELEC8,2.32,1108896.807,6,6,1108893.686,0.0,1.0,2.0,0.121,477972.761638
1809972,IT,WM,FISH5,HOTEL,4.66,1108689.872,6,6,1108685.302,0.0,3.0,1.0,0.57,237916.281545
1791147,IT,WA,TRANS,93197,6.62,1108653.052,6,6,1108649.992,0.0,1.0,2.0,0.06,167470.249547
1799468,IT,WE,PAPER,CEMEN,4.3,1108455.611,6,6,1108444.502,0.0,9.0,2.0,0.109,257780.374651
1652275,IT,CZ,BEVER,CATTL,4.71,1108345.084,6,6,1108341.013,0.0,3.0,1.0,0.071,235317.427601
1800784,IT,WE,BASIC,COKIN,1.28,1108307.955,5,5,1108306.885,0.0,0.0,1.0,0.07,865865.589844
1770232,IT,AU,HOTEL,SUGA1,8.03,1107927.708,6,6,1107924.625,0.0,2.0,1.0,0.083,137973.56264
1764399,IT,MX,MOTO1,LANDT,5.9,1107782.499,6,6,1107779.427,0.0,1.0,2.0,0.072,187759.745593
1739887,IT,GB,FINAN,RETA1,14.42,1107713.616,6,6,1107711.584,0.0,1.0,1.0,0.032,76817.865187
1806412,IT,WF,MOTO1,PUBLI,5.9,1107661.525,6,6,1107658.453,0.0,1.0,2.0,0.072,187739.241525
1734636,IT,SK,TEXTI,MACHI,6.56,1107614.005,6,6,1107611.858,0.0,1.0,1.0,0.147,168843.598323
1805726,IT,WF,BASIC,NONME,1.27,1107296.131,5,5,1107295.061,0.0,0.0,1.0,0.07,871886.717323
1792777,IT,WA,BUSIN,INSUR,11.37,1107205.981,6,6,1107201.905,0.0,2.0,2.0,0.076,97379.593755
1722459,IT,PT,DAIRY,DAIRY,4.5,1106987.801,6,6,1106978.726,0.0,8.0,1.0,0.075,245997.289111
1723198,IT,PT,RUBBE,FABRI,3.67,1106929.949,6,6,1106925.849,0.0,2.0,2.0,0.1,301615.789918
1790552,IT,WA,NONF1,CHEM1,0.24,1106840.815,4,4,1106840.809,0.0,0.0,0.0,0.006,4611836.729167
1772662,IT,CH,GLASS,REALE,3.04,1106718.379,6,6,1106713.316,0.0,1.0,4.0,0.063,364052.098355
1668914,IT,ES,SEACO,BUSIN,1.13,1106671.992,4,4,1106671.973,0.0,0.0,0.0,0.019,979355.745133
1790567,IT,WA,NONF1,FOUND,0.24,1106619.598,4,4,1106619.592,0.0,0.0,0.0,0.006,4610914.991667
1799340,IT,WE,WOODW,CONST,3.1,1106372.389,6,6,1106363.314,0.0,7.0,2.0,0.075,356894.319032
1675439,IT,FR,MACHI,EDUCA,6.17,1106194.076,6,6,1106190.985,0.0,1.0,2.0,0.091,179285.911831
1784268,IT,ID,CHEM1,RUBBE,2.31,1105866.652,6,6,1105863.531,0.0,1.0,2.0,0.121,478730.152381
1728912,IT,SE,CHEM1,CEMEN,2.31,1105657.288,6,6,1105654.167,0.0,1.0,2.0,0.121,478639.518615
1714403,IT,NL,VEGET,DAIRY,3.91,1105624.427,6,6,1105618.384,0.0,5.0,1.0,0.043,282768.395652
1723085,IT,PT,CHEM1,NONME,2.31,1105515.875,6,6,1105512.754,0.0,1.0,2.0,0.121,478578.300866
1738724,IT,GB,MACHI,REALE,6.17,1105492.453,6,6,1105489.362,0.0,1.0,2.0,0.091,179172.196596
1656538,IT,DE,PAPER,HOTEL,4.28,1105131.218,6,6,1105120.109,0.0,9.0,2.0,0.109,258208.228505
1776589,IT,TR,GASDI,FOOD5,1.64,1105009.613,6,6,1105007.523,0.0,1.0,1.0,0.09,673786.34939
1770524,IT,AU,AIRTR,PUBLI,1.2,1104932.927,5,5,1104931.892,0.0,0.0,1.0,0.035,920777.439167
1667689,IT,ES,MACHI,TRAN1,6.16,1104887.463,6,6,1104884.372,0.0,1.0,2.0,0.091,179364.84789
1771802,IT,CH,LEATH,RECRE,7.91,1104557.028,6,6,1104546.837,0.0,8.0,2.0,0.191,139640.585082
1732174,IT,SI,GASDI,SUPPO,1.64,1104482.261,6,6,1104480.171,0.0,1.0,1.0,0.09,673464.793293
1757893,IT,BR,CHEM1,NONME,2.31,1104248.473,6,6,1104245.352,0.0,1.0,2.0,0.121,478029.641991
1647320,IT,BE,TRAN2,TRAN2,1.7,1103733.531,5,5,1103732.501,0.0,0.0,1.0,0.03,649255.018235
1799077,IT,WE,TEXTI,93197,6.54,1103682.523,6,6,1103680.376,0.0,1.0,1.0,0.147,168758.795566
1710113,IT,LT,MACHI,WHEAT,6.16,1103556.918,6,6,1103553.827,0.0,1.0,2.0,0.091,179148.850325
1773162,IT,CH,NONF1,FURNI,0.24,1103160.329,4,4,1103160.323,0.0,0.0,0.0,0.006,4596501.370833
1742696,IT,US,NONF1,POSTT,0.24,1103070.965,4,4,1103070.959,0.0,0.0,0.0,0.006,4596129.020833
1667697,IT,ES,MACHI,RETA1,6.15,1103034.082,6,6,1103030.991,0.0,1.0,2.0,0.091,179355.135285
1675010,IT,FR,PREC1,RESEA,1.87,1102959.203,6,6,1102955.152,0.0,2.0,2.0,0.051,589817.755615
1660063,IT,DE,AIRTR,NUCLE,1.2,1102800.957,5,5,1102799.922,0.0,0.0,1.0,0.035,919000.7975
1811104,IT,WM,HEAVY,PUBLI,1.78,1102783.968,6,6,1102781.879,0.0,1.0,1.0,0.089,619541.555056
1658322,IT,DE,COPP1,REALE,2.79,1102719.799,6,6,1102714.742,0.0,1.0,4.0,0.057,395240.071326
1809417,IT,WM,CHEMI,PFERT,2.63,1102668.194,6,6,1102610.09,0.0,4.0,54.0,0.104,419265.473004
1763607,IT,MX,CHEM1,PUBLI,2.3,1102365.491,6,6,1102362.371,0.0,1.0,2.0,0.12,479289.343913
1657145,IT,DE,PLAST,FURNI,2.31,1102364.281,6,6,1102362.169,0.0,1.0,1.0,0.112,477213.974459
1801732,IT,WE,ELEC1,EDUCA,0.16,1102182.354,4,4,1102182.285,0.0,0.0,0.0,0.069,6888639.7125
1666905,IT,ES,GLASS,WHOLE,3.03,1102135.478,6,6,1102130.415,0.0,1.0,4.0,0.063,363741.081848
1666077,IT,ES,GASDI,FISHF,1.64,1102088.25,6,6,1102086.16,0.0,1.0,1.0,0.09,672005.030488
1657899,IT,DE,BASIC,HEAVY,1.27,1102073.556,5,5,1102072.486,0.0,0.0,1.0,0.07,867774.453543
1722754,IT,PT,PAPER,FOOD5,4.27,1102044.309,6,6,1102033.2,0.0,9.0,2.0,0.109,258090.002108
1795364,IT,WL,BASIC,BITUM,1.27,1101935.341,5,5,1101934.271,0.0,0.0,1.0,0.07,867665.622835
1725189,IT,RO,DAIRY,DAIRY,4.48,1101837.75,6,6,1101828.675,0.0,8.0,1.0,0.075,245945.926339
1712442,IT,LV,BASIC,DIST1,1.27,1101681.243,5,5,1101680.173,0.0,0.0,1.0,0.07,867465.545669
1806153,IT,WF,FABRI,DISTR,4.48,1100859.618,6,6,1100856.539,0.0,1.0,2.0,0.079,245727.593304
1739448,IT,GB,LANDT,PRINT,7.1,1100742.531,6,6,1100740.479,0.0,1.0,1.0,0.052,155034.159296
1644385,IT,BE,MEATC,BASIC,3.67,1100726.314,6,6,1100709.243,0.0,16.0,1.0,0.071,299925.426158
1767093,IT,RU,FURNI,FURNI,3.51,1100631.946,6,6,1100625.851,0.0,3.0,3.0,0.095,313570.354986
1669817,IT,ES,BUSIN,RETA1,11.3,1100201.171,6,6,1100197.095,0.0,2.0,2.0,0.076,97362.935487
1733072,IT,SI,COPP1,BUSIN,2.78,1100060.379,6,6,1100055.322,0.0,1.0,4.0,0.057,395705.172302
1676628,IT,FR,HOTEL,REALE,7.97,1099917.042,6,6,1099913.959,0.0,2.0,1.0,0.083,138007.157089
1683649,IT,HR,FABRI,MACHI,4.48,1099891.535,6,6,1099888.456,0.0,1.0,2.0,0.079,245511.503348
1788947,IT,WA,HEAVY,HEAVY,1.78,1099861.041,6,6,1099858.953,0.0,1.0,1.0,0.088,617899.461236
1684233,IT,HR,SEACO,CHEM1,1.12,1099806.875,4,4,1099806.856,0.0,0.0,0.0,0.019,981970.424107
1731391,IT,SI,FOOD5,FOOD5,5.28,1099712.15,6,6,1099706.052,0.0,5.0,1.0,0.098,208278.816288
1753614,IT,CA,MACHI,HEALT,6.13,1098909.141,6,6,1098906.051,0.0,1.0,2.0,0.09,179267.396574
1777046,IT,TR,CHEM1,CHEM1,2.3,1098898.902,6,6,1098895.782,0.0,1.0,2.0,0.12,477782.131304
1810551,IT,WM,PAPER,FURNI,4.26,1098827.76,6,6,1098816.652,0.0,9.0,2.0,0.108,257940.788732
1772565,IT,CH,RUBBE,SALEM,3.64,1098791.733,6,6,1098787.633,0.0,2.0,2.0,0.1,301865.860714
1647541,IT,BE,SUPPO,SEACO,7.9,1098676.649,6,6,1098673.595,0.0,1.0,2.0,0.054,139072.993544
1651312,IT,CY,WEARI,ELEC6,8.28,1098491.732,6,6,1098487.523,0.0,2.0,2.0,0.209,132668.083575
1674436,IT,FR,ADDIT,KEROS,2.54,1098450.959,6,6,1098440.873,0.0,8.0,2.0,0.086,432461.00748
1653724,IT,CZ,COPP1,MOTOR,2.77,1098357.903,6,6,1098352.846,0.0,1.0,4.0,0.057,396519.098556
1760810,IT,IN,COKEO,ELECT,0.14,1098346.401,4,4,1098346.395,0.0,0.0,0.0,0.006,7845331.435714
1773985,IT,CH,SALEM,BUSIN,8.86,1098211.432,6,6,1098209.364,0.0,1.0,1.0,0.068,123951.628894
1657124,IT,DE,PLAST,CHEM1,2.3,1098210.838,6,6,1098208.726,0.0,1.0,1.0,0.112,477482.973043
1682654,IT,HR,KEROS,RETA1,1.63,1097925.705,6,6,1097923.616,0.0,1.0,1.0,0.089,673574.052147
1651417,IT,CY,KEROS,AIRTR,1.63,1097720.037,6,6,1097717.948,0.0,1.0,1.0,0.089,673447.87546
1646759,IT,BE,CONST,CONST,6.14,1097590.158,6,6,1097585.099,0.0,1.0,4.0,0.059,178760.612052
1811581,IT,WM,CHEM1,POULT,2.29,1097500.148,6,6,1097497.028,0.0,1.0,2.0,0.12,479257.70655
1771583,IT,CH,TEXTI,RETA1,6.5,1097427.058,6,6,1097424.912,0.0,1.0,1.0,0.146,168834.932
1750139,IT,CN,PREC1,FABRI,1.86,1097332.779,6,6,1097328.728,0.0,2.0,2.0,0.051,589963.859677
1732725,IT,SI,CEMEN,CEMEN,1.76,1097224.804,5,5,1097217.754,0.0,0.0,7.0,0.05,623423.184091
1645207,IT,BE,COKEO,PLAST,0.14,1097211.293,4,4,1097211.287,0.0,0.0,0.0,0.006,7837223.521429
1641223,IT,AT,COKEO,FABRI,0.14,1097189.519,4,4,1097189.513,0.0,0.0,0.0,0.006,7837067.992857
1790851,IT,WA,MACHI,SUPPO,6.12,1097184.437,6,6,1097181.347,0.0,1.0,2.0,0.09,179278.502778
1716480,IT,NL,OFFIC,MACHI,3.4,1097028.085,6,6,1097026.006,0.0,1.0,1.0,0.079,322655.319118
1749820,IT,CN,RUBBE,TEXTI,3.63,1096879.285,6,6,1096875.186,0.0,2.0,2.0,0.099,302170.601928
1749893,IT,CN,RUBBE,BUSIN,3.63,1096656.087,6,6,1096651.988,0.0,2.0,2.0,0.099,302109.114876
1676609,IT,FR,HOTEL,DIST1,7.95,1096571.394,6,6,1096568.311,0.0,2.0,1.0,0.083,137933.508679
1649855,IT,BG,LEAD1,LEAD1,1.91,1096300.89,6,6,1096292.798,0.0,3.0,5.0,0.092,573979.52356
1790702,IT,WA,FABRI,SEACO,4.46,1095753.401,6,6,1095750.322,0.0,1.0,2.0,0.079,245684.619058
1665006,IT,ES,CHEMI,BRICK,2.61,1095511.209,6,6,1095453.106,0.0,4.0,54.0,0.103,419736.095402
1657976,IT,DE,BASIC,PUBLI,1.26,1095402.588,5,5,1095401.519,0.0,0.0,1.0,0.069,869367.133333
1675899,IT,FR,ELEC2,OFFIC,0.26,1095059.004,4,4,1095058.889,0.0,0.0,0.0,0.115,4211765.4
1795170,IT,WL,RUBBE,SUPPO,3.63,1094836.785,6,6,1094832.686,0.0,2.0,2.0,0.099,301607.929752
1764358,IT,MX,MOTO1,TEXTI,5.83,1094783.072,6,6,1094780.001,0.0,1.0,2.0,0.071,187784.403431
1645037,IT,BE,PAPER,DAIRY,4.24,1094558.493,6,6,1094547.385,0.0,9.0,2.0,0.108,258150.587972
1688478,IT,IE,WEARI,RESEA,8.25,1094381.204,6,6,1094376.996,0.0,2.0,2.0,0.208,132652.267152
1762281,IT,IN,AIRTR,ELEC1,1.19,1094173.514,5,5,1094172.48,0.0,0.0,1.0,0.034,919473.541176
1715640,IT,NL,NAPHT,CHEM1,1.86,1094114.421,6,6,1094111.343,0.0,1.0,2.0,0.078,588233.559677
1811173,IT,WM,NAPHT,FABRI,1.86,1094018.676,6,6,1094015.598,0.0,1.0,2.0,0.078,588182.083871
1739669,IT,GB,AIRTR,RECRE,1.19,1093926.551,5,5,1093925.517,0.0,0.0,1.0,0.034,919266.009244
1716008,IT,NL,CEMEN,CEMEN,1.75,1093861.447,5,5,1093854.398,0.0,0.0,7.0,0.049,625063.684
1722559,IT,PT,BEVER,HOTEL,4.65,1093774.34,6,6,1093770.27,0.0,3.0,1.0,0.07,235220.288172
1809770,IT,WM,FOOD5,FISH5,5.25,1093629.891,6,6,1093623.793,0.0,5.0,1.0,0.098,208310.455429
1800299,IT,WE,PLAST,HEALT,2.29,1093613.334,6,6,1093611.223,0.0,1.0,1.0,0.111,477560.40786
1668917,IT,ES,SEACO,HEALT,1.11,1093440.521,4,4,1093440.502,0.0,0.0,0.0,0.019,985081.55045
1659559,IT,DE,RETA1,RECRE,11.41,1093177.215,6,6,1093173.143,0.0,2.0,2.0,0.072,95808.695443
1658348,IT,DE,NONF1,OFFIC,0.24,1092925.113,4,4,1092925.107,0.0,0.0,0.0,0.006,4553854.6375
1772434,IT,CH,CHEM1,RAILW,2.28,1092870.074,6,6,1092866.955,0.0,1.0,2.0,0.119,479328.979825
1757887,IT,BR,CHEM1,LIQUI,2.28,1092847.171,6,6,1092844.052,0.0,1.0,2.0,0.119,479318.934649
1737742,IT,GB,HEAVY,GASDI,1.76,1092593.37,6,6,1092591.282,0.0,1.0,1.0,0.088,620791.6875
1767515,IT,RU,SEACO,SUPPO,1.11,1092543.02,4,4,1092543.001,0.0,0.0,0.0,0.019,984272.990991
1799988,IT,WE,HEAVY,GLASS,1.76,1092429.564,6,6,1092427.476,0.0,1.0,1.0,0.088,620698.615909
1795297,IT,WL,CEMEN,CEMEN,1.75,1092413.963,5,5,1092406.914,0.0,0.0,7.0,0.049,624236.550286
1758547,IT,BR,MACHI,HEALT,6.09,1092369.95,6,6,1092366.86,0.0,1.0,2.0,0.09,179371.091954
1788195,IT,WA,WEARI,EDUCA,8.23,1092356.103,6,6,1092351.895,0.0,2.0,2.0,0.208,132728.566586
1717678,IT,NL,BUSIN,OFFIC,11.22,1092162.852,6,6,1092158.777,0.0,2.0,2.0,0.075,97340.717647
1763535,IT,MX,CHEM1,WEARI,2.28,1092002.75,6,6,1091999.631,0.0,1.0,2.0,0.119,478948.574561
1741233,IT,US,WOODW,HOTEL,3.06,1091880.722,6,6,1091871.648,0.0,7.0,2.0,0.074,356823.765359
1735944,IT,SK,MOTO1,RUBBE,5.81,1091839.362,6,6,1091836.291,0.0,1.0,2.0,0.071,187924.158692
1789907,IT,WA,CEMEN,CRUDE,1.75,1091759.234,5,5,1091752.185,0.0,0.0,7.0,0.049,623862.419429
1772945,IT,CH,PREC1,NONME,1.85,1091693.719,6,6,1091689.669,0.0,2.0,2.0,0.05,590104.712973
1674974,IT,FR,BASIC,93197,1.26,1091525.466,5,5,1091524.397,0.0,0.0,1.0,0.069,866290.052381
1690520,IT,IE,TEXT2,WHOLE,7.87,1091492.945,6,6,1091488.877,0.0,1.0,3.0,0.068,138690.336086
1733223,IT,SI,MACHI,OFFIC,6.09,1091465.699,6,6,1091462.609,0.0,1.0,2.0,0.09,179222.610673
1776990,IT,TR,CHEM1,CATTL,2.28,1091413.276,6,6,1091410.157,0.0,1.0,2.0,0.119,478690.033333
1779057,IT,TR,AIRTR,BUSIN,1.19,1091360.226,5,5,1091359.192,0.0,0.0,1.0,0.034,917109.433613
1659120,IT,DE,ELEC7,DISTR,0.75,1091313.919,5,5,1091312.906,0.0,1.0,0.0,0.013,1455085.225333
1795298,IT,WL,CEMEN,COPP1,1.75,1091308.381,5,5,1091301.332,0.0,0.0,7.0,0.049,623604.789143
1789309,IT,WA,CHEM1,CEREA,2.28,1091282.954,6,6,1091279.835,0.0,1.0,2.0,0.119,478632.874561
1746622,IT,JP,ALUM1,MACHI,1.9,1091234.793,6,6,1091231.706,0.0,1.0,2.0,0.087,574334.101579
1778685,IT,TR,HOTEL,HEALT,7.91,1091229.002,6,6,1091225.92,0.0,2.0,1.0,0.082,137955.626043
1789396,IT,WA,CHEM1,MOTO1,2.28,1090630.195,6,6,1090627.076,0.0,1.0,2.0,0.119,478346.576754
1746946,IT,JP,MOTO1,TRANS,5.8,1090606.348,6,6,1090603.277,0.0,1.0,2.0,0.071,188035.577241
1755814,IT,KR,CERAM,WHOLE,1.7,1090592.012,5,5,1090585.953,0.0,0.0,6.0,0.059,641524.712941
1778918,IT,TR,SEACO,GLASS,1.11,1090411.743,4,4,1090411.724,0.0,0.0,0.0,0.019,982352.921622
1683440,IT,HR,BASIC,RESEA,1.26,1090363.011,5,5,1090361.942,0.0,0.0,1.0,0.069,865367.469048
1807193,IT,WF,AIRTR,RETA1,1.19,1090292.244,5,5,1090291.21,0.0,0.0,1.0,0.034,916211.969748
1784475,IT,ID,NONF1,PREC1,0.24,1090157.864,4,4,1090157.858,0.0,0.0,0.0,0.006,4542324.433333
1668861,IT,ES,SEACO,BEVER,1.11,1089876.22,4,4,1089876.201,0.0,0.0,0.0,0.019,981870.468468
1806075,IT,WF,FABRI,CEREA,4.43,1089648.052,6,6,1089644.974,0.0,1.0,2.0,0.078,245970.214898
1750530,IT,CN,MACHI,STEAM,6.08,1089535.987,6,6,1089532.897,0.0,1.0,2.0,0.09,179199.997862
1746484,IT,JP,CERAM,CERAM,1.7,1089175.677,5,5,1089169.618,0.0,0.0,6.0,0.059,640691.574706
1787994,IT,WA,TEXTI,MEAT4,6.45,1089173.424,6,6,1089171.279,0.0,1.0,1.0,0.145,168864.096744
1661342,IT,DK,MEATC,FISH5,3.64,1088947.481,6,6,1088930.411,0.0,16.0,1.0,0.07,299161.395879
1675859,IT,FR,ELEC1,BUSIN,0.16,1088907.928,4,4,1088907.859,0.0,0.0,0.0,0.069,6805674.55
1743089,IT,US,MOTO1,DAIRY,5.8,1088765.386,6,6,1088762.315,0.0,1.0,2.0,0.071,187718.17
1689016,IT,IE,MACHI,RENTI,6.07,1088544.692,6,6,1088541.603,0.0,1.0,2.0,0.089,179331.90972
1676365,IT,FR,WHOLE,BEVER,9.4,1088144.383,6,6,1088140.32,0.0,2.0,2.0,0.063,115760.040745
1771501,IT,CH,BEVER,RECRE,4.63,1087970.69,6,6,1087966.62,0.0,3.0,1.0,0.07,234982.87041
1749833,IT,CN,RUBBE,PLAST,3.6,1087381.238,6,6,1087377.139,0.0,2.0,2.0,0.099,302050.343889
1780896,IT,TW,RESEA,BASIC,5.89,1087122.46,6,6,1087119.384,0.0,1.0,2.0,0.076,184570.876061
1811388,IT,WM,PLAST,POULT,2.28,1087067.352,6,6,1087065.241,0.0,1.0,1.0,0.111,476783.926316
1676601,IT,FR,HOTEL,FURNI,7.88,1086764.419,6,6,1086761.337,0.0,2.0,1.0,0.082,137914.266371
1685248,IT,HU,TEXTI,RUBBE,6.44,1086742.013,6,6,1086739.869,0.0,1.0,1.0,0.144,168748.759783
1726466,IT,RO,FABRI,ELEC1,4.42,1086173.38,6,6,1086170.302,0.0,1.0,2.0,0.078,245740.58371
1782433,IT,NO,MACHI,DAIRY,6.06,1086152.286,6,6,1086149.197,0.0,1.0,2.0,0.089,179233.050495
1772199,IT,CH,GASDI,CONST,1.62,1086136.106,6,6,1086134.018,0.0,1.0,1.0,0.088,670454.38642
1745899,IT,JP,LEATH,POSTT,7.78,1086082.706,6,6,1086072.518,0.0,8.0,2.0,0.188,139599.319537
1681385,IT,GR,REALE,VEGET,45.88,1085989.894,6,6,1085985.823,0.0,1.0,3.0,0.071,23670.224368
1755747,IT,KR,GLASS,FURNI,2.98,1085650.707,6,6,1085645.645,0.0,1.0,4.0,0.062,364312.317785
1729682,IT,SE,FABRI,RESEA,4.42,1085533.716,6,6,1085530.638,0.0,1.0,2.0,0.078,245595.863348
1666583,IT,ES,CHEM1,GLASS,2.27,1085166.935,6,6,1085163.817,0.0,1.0,2.0,0.118,478047.10793
1803025,IT,WF,WHEAT,HEALT,0.82,1085140.682,5,5,1085132.656,0.0,8.0,0.0,0.026,1323342.295122
1804594,IT,WF,HEAVY,WEARI,1.75,1085058.382,6,6,1085056.295,0.0,1.0,1.0,0.087,620033.361143
1789038,IT,WA,NAPHT,CHEM1,1.84,1084532.16,6,6,1084529.082,0.0,1.0,2.0,0.078,589419.652174
1804534,IT,WF,GASDI,POSTT,1.61,1084040.245,6,6,1084038.157,0.0,1.0,1.0,0.088,673316.92236
1725633,IT,RO,PULP5,FOOD5,3.31,1083966.7,6,6,1083959.598,0.0,5.0,2.0,0.102,327482.386707
1763273,IT,MX,PAPER,FOOD5,4.2,1083951.073,6,6,1083939.966,0.0,9.0,2.0,0.107,258083.58881
1803023,IT,WF,WHEAT,PUBLI,0.82,1083483.688,5,5,1083475.662,0.0,8.0,0.0,0.026,1321321.570732
1800879,IT,WE,PREC1,NONFE,1.84,1082875.614,6,6,1082871.564,0.0,2.0,2.0,0.05,588519.355435
1794069,IT,WL,PAPER,BEVER,4.2,1082812.033,6,6,1082800.926,0.0,9.0,2.0,0.107,257812.38881
1801682,IT,WE,FURNI,RETA1,3.46,1082777.389,6,6,1082771.296,0.0,3.0,3.0,0.093,312941.441908
1811584,IT,WM,CHEM1,RAWMI,2.26,1082378.777,6,6,1082375.659,0.0,1.0,2.0,0.118,478928.662389
1812853,IT,WM,FABRI,OFFIC,4.4,1082182.271,6,6,1082179.193,0.0,1.0,2.0,0.078,245950.516136
1782264,IT,NO,ALUM1,CONST,1.88,1082153.967,6,6,1082150.88,0.0,1.0,2.0,0.087,575613.812234
1786372,IT,ZA,MACHI,PLAST,6.04,1082153.374,6,6,1082150.285,0.0,1.0,2.0,0.089,179164.465894
1806297,IT,WF,MACHI,AUXIL,6.04,1082141.805,6,6,1082138.716,0.0,1.0,2.0,0.089,179162.550497
1729376,IT,SE,BASIC,PLAST,1.25,1082116.508,5,5,1082115.44,0.0,0.0,1.0,0.068,865693.2064
1806098,IT,WF,FABRI,SANDC,4.4,1082047.865,6,6,1082044.787,0.0,1.0,2.0,0.078,245919.969318
1794143,IT,WL,PAPER,HEALT,4.19,1081919.143,6,6,1081908.036,0.0,9.0,2.0,0.107,258214.592601
1754688,IT,KR,VEGE1,FOOD5,3.33,1081773.213,6,6,1081763.978,0.0,7.0,2.0,0.235,324856.820721
1809468,IT,WM,CHEMI,EDUCA,2.58,1081741.651,6,6,1081684.549,0.0,4.0,53.0,0.102,419279.70969
1719871,IT,PL,BASIC,FOOD3,1.24,1081272.898,5,5,1081271.83,0.0,0.0,1.0,0.068,871994.272581
1713430,IT,MT,PLAST,MOTO1,2.27,1081097.202,6,6,1081095.092,0.0,1.0,1.0,0.11,476254.274009
1788196,IT,WA,WEARI,HEALT,8.15,1081000.838,6,6,1080996.633,0.0,2.0,2.0,0.205,132638.139632
1754701,IT,KR,VEGE1,CHEM1,3.32,1080407.109,6,6,1080397.874,0.0,7.0,2.0,0.235,325423.828012
1642593,IT,AT,FABRI,MEATC,4.4,1080361.304,6,6,1080358.227,0.0,1.0,2.0,0.077,245536.66
1784568,IT,ID,MACHI,PROCE,6.03,1080126.695,6,6,1080123.606,0.0,1.0,2.0,0.089,179125.488391
1782335,IT,NO,FABRI,CRUDE,4.4,1080113.363,6,6,1080110.286,0.0,1.0,2.0,0.077,245480.309773
1661019,IT,DE,BUSIN,RENTI,11.09,1079876.423,6,6,1079872.348,0.0,2.0,2.0,0.075,97373.888458
1715463,IT,NL,KEROS,HEAVY,1.61,1079678.938,6,6,1079676.85,0.0,1.0,1.0,0.088,670608.036025
1789220,IT,WA,PLAST,ELECT,2.27,1079606.614,6,6,1079604.504,0.0,1.0,1.0,0.11,475597.627313
1812379,IT,WM,BASIC,FINAN,1.24,1079597.212,5,5,1079596.144,0.0,0.0,1.0,0.068,870642.912903
1788599,IT,WA,PAPER,BUSIN,4.18,1079374.028,6,6,1079362.922,0.0,9.0,2.0,0.106,258223.451675
1679749,IT,GR,BASIC,MACHI,1.24,1078980.217,5,5,1078979.149,0.0,0.0,1.0,0.068,870145.33629
1814141,IT,WM,AIRTR,LANDT,1.17,1078970.39,4,4,1078970.356,0.0,0.0,0.0,0.034,922196.91453
1789400,IT,WA,CHEM1,ELEC2,2.25,1078941.737,6,6,1078938.619,0.0,1.0,2.0,0.118,479529.660889
1675666,IT,FR,TRANS,OFFIC,6.44,1078911.099,6,6,1078908.04,0.0,1.0,2.0,0.059,167532.779348
1651705,IT,CY,FABRI,DISTR,4.39,1078856.413,6,6,1078853.336,0.0,1.0,2.0,0.077,245753.169248
1674649,IT,FR,GLASS,MEATC,2.96,1078101.09,6,6,1078096.028,0.0,1.0,4.0,0.062,364223.341216
1685924,IT,HU,CHEM1,REALE,2.25,1077897.564,6,6,1077894.446,0.0,1.0,2.0,0.118,479065.584
1755076,IT,KR,WEARI,PUBLI,8.12,1077874.756,6,6,1077870.551,0.0,2.0,2.0,0.205,132743.196552
1770499,IT,AU,AIRTR,ELEC5,1.17,1077432.537,4,4,1077432.503,0.0,0.0,0.0,0.034,920882.510256
1645312,IT,BE,KEROS,BUSIN,1.6,1077355.056,6,6,1077352.968,0.0,1.0,1.0,0.088,673346.91
1788334,IT,WA,LEATH,INSUR,7.72,1077348.987,6,6,1077338.801,0.0,8.0,2.0,0.186,139552.977591
1658595,IT,DE,MACHI,FOUND,6.01,1077137.014,6,6,1077133.926,0.0,1.0,2.0,0.088,179224.128785
1670970,IT,FI,CHEM1,CONST,2.25,1076855.668,6,6,1076852.55,0.0,1.0,2.0,0.118,478602.519111
1763606,IT,MX,CHEM1,BUSIN,2.25,1076553.585,6,6,1076550.467,0.0,1.0,2.0,0.118,478468.26
1801309,IT,WE,MACHI,WOODW,6.0,1076142.345,6,6,1076139.257,0.0,1.0,2.0,0.088,179357.0575
1805594,IT,WF,CEMEN,REALE,1.72,1076059.262,5,5,1076052.213,0.0,0.0,7.0,0.049,625615.85
1663188,IT,DK,LANDT,WHOLE,6.94,1075691.13,6,6,1075689.079,0.0,1.0,1.0,0.051,154998.721902
1666226,IT,ES,HEAVY,CHEM1,1.74,1075598.281,6,6,1075596.195,0.0,1.0,1.0,0.086,618159.931609
1794140,IT,WL,PAPER,BUSIN,4.17,1075452.11,6,6,1075441.004,0.0,9.0,2.0,0.106,257902.184652
1658107,IT,DE,ALUM1,WOODW,1.87,1075245.238,6,6,1075242.152,0.0,1.0,2.0,0.086,574997.453476
1786340,IT,ZA,MACHI,ANTHR,6.0,1075172.095,6,6,1075169.007,0.0,1.0,2.0,0.088,179195.349167
1806496,IT,WF,TRANS,RAILW,6.42,1075071.829,6,6,1075068.771,0.0,1.0,2.0,0.058,167456.671184
1806260,IT,WF,MACHI,COPP1,6.0,1074907.982,6,6,1074904.894,0.0,1.0,2.0,0.088,179151.330333
1728844,IT,SE,PLAST,MOTO1,2.26,1074789.056,6,6,1074786.947,0.0,1.0,1.0,0.109,475570.378761
1806396,IT,WF,MOTO1,WHOLE,5.72,1074671.987,6,6,1074668.917,0.0,1.0,2.0,0.07,187879.718007
1810271,IT,WM,LEATH,FURNI,7.7,1074609.344,6,6,1074599.158,0.0,8.0,2.0,0.186,139559.655065
1799512,IT,WE,PAPER,RESEA,4.16,1074387.467,6,6,1074376.361,0.0,9.0,2.0,0.106,258266.218029
1778919,IT,TR,SEACO,CERAM,1.09,1074132.997,4,4,1074132.978,0.0,0.0,0.0,0.019,985443.116514
1776581,IT,TR,GASDI,STONE,1.6,1074067.51,5,5,1074066.423,0.0,0.0,1.0,0.087,671292.19375
1769329,IT,AU,GLASS,PFERT,2.95,1074049.894,6,6,1074044.833,0.0,1.0,4.0,0.061,364084.709831
1780168,IT,TW,HOTEL,SALEM,7.78,1073968.853,6,6,1073965.772,0.0,2.0,1.0,0.081,138042.269023
1741919,IT,US,CHEM1,ALUM1,2.24,1073893.374,6,6,1073890.257,0.0,1.0,2.0,0.117,479416.684821
1658285,IT,DE,COPP1,FOUND,2.71,1073827.769,6,6,1073823.713,0.0,1.0,3.0,0.056,396246.409225
1715535,IT,NL,GASDI,WHOLE,1.6,1073788.169,5,5,1073787.082,0.0,0.0,1.0,0.087,671117.605625
1650910,IT,BG,SEACO,GASDI,1.09,1073687.264,4,4,1073687.245,0.0,0.0,0.0,0.019,985034.187156
1727941,IT,SE,OILSE,VEGE1,0.78,1073511.889,5,5,1073503.839,0.0,8.0,0.0,0.05,1376297.29359
1713546,IT,MT,CERAM,RADIO,1.67,1073405.24,5,5,1073399.182,0.0,0.0,6.0,0.058,642757.628743
1801374,IT,WE,MACHI,LANDT,5.99,1073191.3,6,6,1073188.212,0.0,1.0,2.0,0.088,179163.823038
1663797,IT,EE,BEVER,HOTEL,4.56,1072946.896,6,6,1072942.827,0.0,3.0,1.0,0.069,235295.37193
1671425,IT,FI,FABRI,FABRI,4.37,1072883.405,6,6,1072880.328,0.0,1.0,2.0,0.077,245511.076659
1741607,IT,US,GASDI,BUSIN,1.6,1072571.189,5,5,1072570.102,0.0,0.0,1.0,0.087,670356.993125
1805729,IT,WF,BASIC,ALUM1,1.23,1072453.139,5,5,1072452.071,0.0,0.0,1.0,0.068,871913.121138
1642306,IT,AT,BASIC,TEXTI,1.23,1072209.131,5,5,1072208.063,0.0,0.0,1.0,0.068,871714.74065
1666215,IT,ES,HEAVY,LIQUE,1.73,1072065.484,6,6,1072063.398,0.0,1.0,1.0,0.086,619691.031214
1655606,IT,DE,SANDC,ELEC5,2.46,1071688.028,5,5,1071452.99,0.0,0.0,235.0,0.038,435645.539837
1811966,IT,WM,GLASS,FOOD5,2.94,1071633.543,6,6,1071628.482,0.0,1.0,4.0,0.061,364501.205102
1729028,IT,SE,RUBBE,DAIRY,3.55,1071627.938,6,6,1071623.841,0.0,2.0,2.0,0.097,301867.024789
1777230,IT,TR,RUBBE,CHEM1,3.55,1071603.556,6,6,1071599.459,0.0,2.0,2.0,0.097,301860.15662
1658562,IT,DE,MACHI,GASDI,5.98,1071194.85,6,6,1071191.762,0.0,1.0,2.0,0.088,179129.573579
1739979,IT,GB,AUXIL,AUXIL,19.58,1071028.836,6,6,1071026.784,0.0,1.0,1.0,0.052,54700.144842
1689019,IT,IE,MACHI,BUSIN,5.97,1070501.439,6,6,1070498.351,0.0,1.0,2.0,0.088,179313.473869
1788047,IT,WA,TEXTI,MOTO1,6.34,1070418.332,6,6,1070416.19,0.0,1.0,1.0,0.142,168835.699054
1728959,IT,SE,CHEM1,RESEA,2.24,1070371.679,6,6,1070368.562,0.0,1.0,2.0,0.117,477844.499554
1777496,IT,TR,BASIC,NONME,1.23,1070357.012,5,5,1070355.944,0.0,0.0,1.0,0.068,870208.952846
1648650,IT,BG,DAIRY,DAIRY,4.35,1070330.769,6,6,1070321.697,0.0,8.0,1.0,0.072,246053.050345
1712947,IT,MT,VEGET,MOTO1,3.79,1070184.108,5,5,1070180.066,0.0,4.0,0.0,0.042,282370.477045
1650341,IT,BG,ELEC2,BIODI,0.26,1069971.465,4,4,1069971.353,0.0,0.0,0.0,0.112,4115274.865385
1649944,IT,BG,FABRI,OFFIC,4.35,1069835.919,6,6,1069832.842,0.0,1.0,2.0,0.077,245939.291724
1743220,IT,US,TRANS,CONST,6.38,1069673.98,6,6,1069670.922,0.0,1.0,2.0,0.058,167660.498433
1677077,IT,FR,SUPPO,TRANS,7.69,1069399.531,6,6,1069396.478,0.0,1.0,2.0,0.053,139063.658127
1667927,IT,ES,MOTO1,RESEA,5.69,1069339.583,6,6,1069336.513,0.0,1.0,2.0,0.07,187933.142882
1720575,IT,PL,OFFIC,POSTT,3.31,1069221.114,6,6,1069219.037,0.0,1.0,1.0,0.077,323027.526888
1715711,IT,NL,PLAST,PLAST,2.24,1069165.758,6,6,1069163.649,0.0,1.0,1.0,0.109,477306.141964
1661520,IT,DK,FOOD5,HOTEL,5.14,1069068.094,6,6,1069061.998,0.0,5.0,1.0,0.096,207989.901556
1745742,IT,JP,WEARI,BASIC,8.06,1068994.876,6,6,1068990.673,0.0,2.0,2.0,0.203,132629.637221
1649971,IT,BG,FABRI,SUPPO,4.35,1068907.589,6,6,1068904.512,0.0,1.0,2.0,0.077,245725.882529
1651825,IT,CY,HOTEL,FINAN,7.75,1068828.507,6,6,1068825.426,0.0,2.0,1.0,0.081,137913.355742
1721263,IT,PL,LANDT,OFFIC,6.89,1068786.931,6,6,1068784.88,0.0,1.0,1.0,0.051,155121.470392
1728582,IT,SE,PAPER,ELEC4,4.14,1068775.663,6,6,1068764.558,0.0,9.0,2.0,0.105,258158.372705
1774829,IT,CH,POSTT,FINAN,17.6,1068569.4,6,6,1068566.319,0.0,1.0,2.0,0.081,60714.170455
1642139,IT,AT,CERAM,NFERT,1.66,1068486.476,5,5,1068480.418,0.0,0.0,6.0,0.058,643666.551807
1685536,IT,HU,PAPER,OFFIC,4.14,1068397.365,6,6,1068386.26,0.0,9.0,2.0,0.105,258066.996377
1729036,IT,SE,RUBBE,WOODW,3.54,1068250.498,6,6,1068246.401,0.0,2.0,2.0,0.097,301765.677401
1801691,IT,WE,FURNI,REALE,3.41,1068214.579,6,6,1068208.487,0.0,3.0,3.0,0.092,313259.407331
1765361,IT,RU,BEVER,BEVER,4.54,1068008.354,6,6,1068004.285,0.0,3.0,1.0,0.069,235244.130837
1741048,IT,US,TEXTI,PAPER,6.33,1067445.996,6,6,1067443.854,0.0,1.0,1.0,0.142,168632.858768
1790558,IT,WA,NONF1,CERAM,0.23,1067421.188,4,4,1067421.182,0.0,0.0,0.0,0.006,4640961.686957
1683026,IT,HR,CHEM1,CONST,2.23,1067404.018,6,6,1067400.901,0.0,1.0,2.0,0.117,478656.510314
1741421,IT,US,MOTOR,CRUDE,1.59,1067395.532,5,5,1067394.445,0.0,0.0,1.0,0.087,671317.944654
1806089,IT,WF,FABRI,NATU1,4.34,1067357.218,6,6,1067354.141,0.0,1.0,2.0,0.077,245934.842857
1798942,IT,WE,FISH5,HOTEL,4.49,1067321.807,6,6,1067317.258,0.0,3.0,1.0,0.549,237710.870156
1793679,IT,WL,FOOD5,RAWMI,5.13,1067302.033,6,6,1067295.938,0.0,5.0,1.0,0.095,208051.078558
1805055,IT,WF,PLAST,SALEM,2.24,1067199.745,6,6,1067197.636,0.0,1.0,1.0,0.109,476428.457589
1795317,IT,WL,NONME,FISH5,2.16,1067093.572,6,6,1067090.455,0.0,1.0,2.0,0.117,494024.801852
1755384,IT,KR,KEROS,GASDI,1.59,1067071.569,5,5,1067070.482,0.0,0.0,1.0,0.087,671114.19434
1680338,IT,GR,ELEC1,BASIC,0.15,1067030.098,4,4,1067030.031,0.0,0.0,0.0,0.067,7113533.986667
1745793,IT,JP,WEARI,RESEA,8.04,1066946.625,6,6,1066942.422,0.0,2.0,2.0,0.203,132704.804104
1667272,IT,ES,ALUM1,WOODW,1.85,1066795.729,6,6,1066792.644,0.0,1.0,2.0,0.085,576646.34
1799901,IT,WE,GASDI,REALE,1.59,1066769.562,5,5,1066768.475,0.0,0.0,1.0,0.087,670924.25283
1675901,IT,FR,ELEC2,MOTO1,0.26,1066652.071,4,4,1066651.959,0.0,0.0,0.0,0.112,4102507.965385
1804747,IT,WF,NAPHT,NATU1,1.81,1066600.344,6,6,1066597.268,0.0,1.0,2.0,0.076,589281.958011
1641779,IT,AT,CHEM1,PLAST,2.23,1066396.732,6,6,1066393.616,0.0,1.0,2.0,0.116,478204.812556
1743187,IT,US,MOTO1,RECRE,5.68,1066227.161,6,6,1066224.092,0.0,1.0,2.0,0.069,187716.049472
1811010,IT,WM,GASDI,BUSIN,1.59,1066214.176,5,5,1066213.089,0.0,0.0,1.0,0.087,670574.953459
1642978,IT,AT,ELEC2,DIST1,0.26,1066097.746,4,4,1066097.634,0.0,0.0,0.0,0.112,4100375.946154
1668767,IT,ES,LANDT,DIST1,6.88,1065809.728,6,6,1065807.678,0.0,1.0,1.0,0.05,154914.204651
1780124,IT,TW,HOTEL,WOODW,7.72,1065724.801,6,6,1065721.721,0.0,2.0,1.0,0.08,138047.254016
1795790,IT,WL,MACHI,GLASS,5.94,1065521.892,6,6,1065518.804,0.0,1.0,2.0,0.088,179380.789899
1794060,IT,WL,PAPER,MEATC,4.13,1065394.751,6,6,1065383.646,0.0,9.0,2.0,0.105,257964.830751
1666801,IT,ES,RUBBE,RENTI,3.53,1065368.651,6,6,1065364.554,0.0,2.0,2.0,0.097,301804.150425
1742401,IT,US,NONME,WHOLE,2.15,1065246.005,6,6,1065242.888,0.0,1.0,2.0,0.117,495463.25814
1689661,IT,IE,POSTT,PLAST,17.54,1065054.053,6,6,1065050.972,0.0,1.0,2.0,0.081,60721.439738
1800239,IT,WE,PLAST,PFERT,2.23,1065038.695,6,6,1065036.587,0.0,1.0,1.0,0.108,477595.827354
1742131,IT,US,RUBBE,POSTT,3.53,1064790.505,6,6,1064786.408,0.0,2.0,2.0,0.097,301640.369688
1746318,IT,JP,CHEM1,93197,2.23,1064777.201,6,6,1064774.085,0.0,1.0,2.0,0.116,477478.565471
1641974,IT,AT,RUBBE,CHEM1,3.53,1064634.269,6,6,1064630.172,0.0,2.0,2.0,0.097,301596.110198
1794120,IT,WL,PAPER,CONST,4.12,1064510.712,6,6,1064499.607,0.0,9.0,2.0,0.105,258376.386408
1812982,IT,WM,MACHI,NONF1,5.94,1064452.092,6,6,1064449.005,0.0,1.0,2.0,0.087,179200.688889
1794956,IT,WL,CHEM1,CEMEN,2.22,1064369.524,6,6,1064366.408,0.0,1.0,2.0,0.116,479445.731532
1790187,IT,WA,PREC1,COPPE,1.81,1064057.596,6,6,1064053.547,0.0,2.0,2.0,0.049,587877.124862
1713312,IT,MT,MOTOR,COMPU,1.59,1063554.092,5,5,1063553.005,0.0,0.0,1.0,0.087,668901.944654
1750320,IT,CN,NONF1,DISTR,0.23,1063357.885,4,4,1063357.879,0.0,0.0,0.0,0.006,4623295.152174
1777081,IT,TR,CHEM1,SALEM,2.22,1063183.303,6,6,1063180.187,0.0,1.0,2.0,0.116,478911.397748
1810642,IT,WM,MOTOR,VEGET,1.59,1063180.403,5,5,1063179.316,0.0,0.0,1.0,0.087,668666.920126
1679711,IT,GR,NONME,CEMEN,2.15,1063067.529,6,6,1063064.412,0.0,1.0,2.0,0.117,494450.013488
1665767,IT,ES,PAPER,DIST1,4.12,1062688.258,6,6,1062677.153,0.0,9.0,2.0,0.105,257934.043204
1800855,IT,WE,BASIC,SUPPO,1.22,1062655.014,5,5,1062653.947,0.0,0.0,1.0,0.067,871028.7
1811492,IT,WM,PLAST,SUPPO,2.23,1062280.323,6,6,1062278.215,0.0,1.0,1.0,0.108,476358.889238
1751466,IT,CN,AIRTR,MEDIC,1.16,1062194.371,4,4,1062194.338,0.0,0.0,0.0,0.033,915684.802586
1765364,IT,RU,BEVER,PULP5,4.52,1062052.281,6,6,1062048.213,0.0,3.0,1.0,0.068,234967.318805
1722767,IT,PT,PAPER,GASDI,4.11,1061785.541,6,6,1061774.436,0.0,9.0,2.0,0.105,258341.980779
1790853,IT,WA,MACHI,FINAN,5.92,1061647.433,6,6,1061644.346,0.0,1.0,2.0,0.087,179332.336655
1668601,IT,ES,HOTEL,RECRE,7.69,1061577.255,6,6,1061574.175,0.0,2.0,1.0,0.08,138046.457087
1761422,IT,IN,BASIC,RUBBE,1.22,1061428.322,5,5,1061427.255,0.0,0.0,1.0,0.067,870023.214754
1659908,IT,DE,TRAN2,HEAVY,1.64,1061236.18,5,5,1061235.151,0.0,0.0,1.0,0.029,647095.231707
1720045,IT,PL,ALUM1,FURNI,1.84,1061151.1,6,6,1061148.015,0.0,1.0,2.0,0.085,576712.554348
1668901,IT,ES,SEACO,SALEM,1.08,1060907.177,4,4,1060907.159,0.0,0.0,0.0,0.018,982321.460185
1786582,IT,ZA,FURNI,HEALT,3.39,1060875.17,6,6,1060869.079,0.0,3.0,3.0,0.091,312942.528024
1786383,IT,ZA,MACHI,FABRI,5.92,1060571.948,6,6,1060568.861,0.0,1.0,2.0,0.087,179150.666892
1801726,IT,WE,ELEC1,INSUR,0.15,1060200.901,4,4,1060200.834,0.0,0.0,0.0,0.067,7068006.006667
1762313,IT,IN,AIRTR,EDUCA,1.15,1059729.561,4,4,1059729.528,0.0,0.0,0.0,0.033,921503.966087
1761123,IT,IN,CHEM1,MOTOR,2.21,1059604.677,6,6,1059601.561,0.0,1.0,2.0,0.116,479459.129864
1659653,IT,DE,HOTEL,REALE,7.68,1059380.025,6,6,1059376.945,0.0,2.0,1.0,0.08,137940.107422
1715869,IT,NL,RUBBE,LANDT,3.51,1059269.701,6,6,1059265.605,0.0,2.0,2.0,0.096,301786.239601
1710711,IT,LU,FOOD5,FOOD5,5.09,1059200.338,6,6,1059194.243,0.0,5.0,1.0,0.095,208094.368959
1783266,IT,NO,FOODW,CRUDE,7.81,1059132.651,6,6,1059129.585,0.0,1.0,2.0,0.066,135612.375288
1758743,IT,BR,WHOLE,MOTO1,9.15,1058975.357,6,6,1058972.296,0.0,1.0,2.0,0.061,115735.011694
1761092,IT,IN,CHEM1,WHEAT,2.21,1058833.537,6,6,1058830.421,0.0,1.0,2.0,0.116,479110.197738
1775329,IT,CH,BUSIN,RENTI,10.87,1058763.424,6,6,1058759.351,0.0,2.0,2.0,0.073,97402.338914
1766050,IT,RU,CHEM1,RESEA,2.21,1058725.664,6,6,1058722.548,0.0,1.0,2.0,0.116,479061.386425
1787759,IT,WA,DAIRY,PIGS9,4.3,1058580.955,6,6,1058571.883,0.0,8.0,1.0,0.072,246181.617442
1812729,IT,WM,NONF1,LIQUE,0.23,1058474.968,4,4,1058474.962,0.0,0.0,0.0,0.006,4602065.078261
1715845,IT,NL,RUBBE,FABRI,3.51,1058387.405,6,6,1058383.309,0.0,2.0,2.0,0.096,301534.873219
1761157,IT,IN,CHEM1,MACHI,2.21,1058249.961,6,6,1058246.845,0.0,1.0,2.0,0.116,478846.136199
1723125,IT,PT,CHEM1,BUSIN,2.21,1057998.521,6,6,1057995.406,0.0,1.0,2.0,0.115,478732.362443
1674942,IT,FR,BASIC,SALEM,1.22,1057935.287,5,5,1057934.22,0.0,0.0,1.0,0.067,867160.071311
1744854,IT,US,RESEA,RECRE,5.73,1057699.559,6,6,1057696.485,0.0,1.0,2.0,0.074,184589.800873
1719373,IT,PL,RUBBE,MEATP,3.5,1057623.579,6,6,1057619.483,0.0,2.0,2.0,0.096,302178.165429
1674596,IT,FR,RUBBE,SEACO,3.5,1057600.917,6,6,1057596.821,0.0,2.0,2.0,0.096,302171.690571
1642658,IT,AT,FABRI,SALEM,4.3,1057572.579,6,6,1057569.503,0.0,1.0,2.0,0.076,245947.111395
1742267,IT,US,CERAM,RECRE,1.65,1057358.049,5,5,1057352.992,0.0,0.0,5.0,0.057,640823.06
1738154,IT,GB,GLASS,FABRI,2.9,1057257.966,6,6,1057252.905,0.0,1.0,4.0,0.061,364571.712414
1725513,IT,RO,LEATH,TEXTI,7.57,1057020.883,6,6,1057011.7,0.0,7.0,2.0,0.183,139632.877543
1748968,IT,CN,LEATH,VEGET,7.57,1057008.108,6,6,1056998.925,0.0,7.0,2.0,0.183,139631.18996
1740725,IT,US,CHEMI,PUBLI,2.52,1056976.739,6,6,1056920.64,0.0,4.0,52.0,0.099,419435.213889
1811077,IT,WM,HEAVY,LEAD1,1.71,1056275.444,6,6,1056273.359,0.0,1.0,1.0,0.085,617704.938012
1739489,IT,GB,LANDT,TRANS,6.81,1056103.324,6,6,1056101.274,0.0,1.0,1.0,0.05,155081.251689
1643641,IT,AT,AIRTR,CONST,1.15,1056046.157,4,4,1056046.124,0.0,0.0,0.0,0.033,918301.006087
1735195,IT,SK,RUBBE,MACHI,3.5,1055684.888,6,6,1055680.792,0.0,2.0,2.0,0.096,301624.253714
1743863,IT,US,SEACO,WEARI,1.07,1055541.764,4,4,1055541.746,0.0,0.0,0.0,0.018,986487.629907
1791164,IT,WA,FURNI,FISHF,3.37,1055534.756,6,6,1055528.665,0.0,3.0,3.0,0.091,313215.061128
1770990,IT,CH,VEGET,FOOD2,3.74,1055425.977,5,5,1055421.936,0.0,4.0,0.0,0.041,282199.459091
1771812,IT,CH,WOODW,MEAT4,2.95,1055392.376,6,6,1055383.305,0.0,7.0,2.0,0.071,357760.127458
1761281,IT,IN,RUBBE,MACHI,3.5,1055115.147,6,6,1055111.051,0.0,2.0,2.0,0.096,301461.470571
1776932,IT,TR,PLAST,FURNI,2.21,1054703.182,6,6,1054701.075,0.0,1.0,1.0,0.107,477241.258824
1653569,IT,CZ,BASIC,REALE,1.21,1054265.401,5,5,1054264.334,0.0,0.0,1.0,0.067,871293.719835
1772982,IT,CH,PREC1,REALE,1.79,1054202.803,6,6,1054198.754,0.0,2.0,2.0,0.049,588940.113408
1674106,IT,FR,HEAVY,BEVER,1.7,1054181.706,6,6,1054179.621,0.0,1.0,1.0,0.085,620106.885882
1749656,IT,CN,CHEM1,BITU1,2.2,1054033.878,6,6,1054030.763,0.0,1.0,2.0,0.115,479106.308182
1668713,IT,ES,LANDT,KERO1,6.8,1054005.4,6,6,1054003.35,0.0,1.0,1.0,0.05,155000.794118
1673035,IT,FR,FOOD5,MEAT4,5.06,1053578.787,6,6,1053572.693,0.0,5.0,1.0,0.094,208217.151581
1756700,IT,KR,SEACO,MACHI,1.07,1053303.485,4,4,1053303.467,0.0,0.0,0.0,0.018,984395.780374
1679347,IT,GR,PLAST,FOOD5,2.21,1053251.37,6,6,1053249.263,0.0,1.0,1.0,0.107,476584.330317
1777744,IT,TR,NONF1,MACHI,0.23,1053141.984,4,4,1053141.978,0.0,0.0,0.0,0.006,4578878.191304
1773345,IT,CH,MACHI,TRANS,5.87,1052900.113,6,6,1052897.026,0.0,1.0,2.0,0.087,179369.695571
1748661,IT,CN,DAIRY,PUBLI,4.28,1052546.786,6,6,1052538.715,0.0,7.0,1.0,0.071,245922.146262
1674556,IT,FR,RUBBE,CEMEN,3.49,1052446.377,6,6,1052442.282,0.0,2.0,2.0,0.095,301560.566476
1657252,IT,DE,CHEM1,MEDIC,2.2,1052408.695,6,6,1052405.58,0.0,1.0,2.0,0.115,478367.588636
1795722,IT,WL,MACHI,CROPS,5.87,1052240.506,6,6,1052237.42,0.0,1.0,2.0,0.086,179257.326405
1790095,IT,WA,BASIC,WOODW,1.21,1052200.604,5,5,1052199.537,0.0,0.0,1.0,0.067,869587.276033
1750550,IT,CN,MACHI,RENTI,5.87,1052195.982,6,6,1052192.896,0.0,1.0,2.0,0.086,179249.741397
1801174,IT,WE,FABRI,FOOD5,4.28,1051713.057,6,6,1051709.982,0.0,1.0,2.0,0.075,245727.349766
1667707,IT,ES,MACHI,REALE,5.87,1051648.642,6,6,1051645.556,0.0,1.0,2.0,0.086,179156.497785
1799190,IT,WE,WEARI,BUSIN,7.93,1051552.714,6,6,1051548.514,0.0,2.0,2.0,0.2,132604.377554
1776494,IT,TR,MOTOR,WHOLE,1.57,1051176.529,5,5,1051175.443,0.0,0.0,1.0,0.086,669539.190446
1720581,IT,PL,OFFIC,COMPU,3.26,1051083.327,6,6,1051081.251,0.0,1.0,1.0,0.076,322418.198466
1742773,IT,US,FABRI,OFFIC,4.28,1051004.266,6,6,1051001.191,0.0,1.0,2.0,0.075,245561.744393
1677066,IT,FR,SUPPO,BASIC,7.55,1050719.225,6,6,1050716.173,0.0,1.0,2.0,0.052,139168.109272
1738474,IT,GB,COPP1,BASIC,2.65,1050650.831,6,6,1050646.777,0.0,1.0,3.0,0.054,396472.011698
1746845,IT,JP,MACHI,SUPPO,5.86,1050543.217,6,6,1050540.131,0.0,1.0,2.0,0.086,179273.586519
1657917,IT,DE,BASIC,BIODI,1.21,1050542.083,5,5,1050541.017,0.0,0.0,1.0,0.066,868216.597521
1796239,IT,WL,FURNI,BUSIN,3.35,1050377.429,6,6,1050371.339,0.0,3.0,3.0,0.09,313545.501194
1675874,IT,FR,ELEC2,BEVER,0.25,1050351.315,4,4,1050351.205,0.0,0.0,0.0,0.11,4201405.26
1732834,IT,SI,BASIC,NONF1,1.21,1050264.128,5,5,1050263.062,0.0,0.0,1.0,0.066,867986.882645
1677311,IT,FR,FINAN,RETA1,13.67,1050145.742,6,6,1050143.712,0.0,1.0,1.0,0.03,76821.195465
1755985,IT,KR,ALUM1,FURNI,1.82,1050084.887,6,6,1050081.803,0.0,1.0,2.0,0.084,576969.718132
1756302,IT,KR,MOTO1,OFFIC,5.59,1049871.46,6,6,1049868.392,0.0,1.0,2.0,0.068,187812.42576
1679592,IT,GR,RUBBE,CONST,3.48,1049855.335,6,6,1049851.24,0.0,2.0,2.0,0.095,301682.567529
1758068,IT,BR,GLASS,CROPS,2.88,1049736.579,6,6,1049731.519,0.0,1.0,4.0,0.06,364491.867708
1799961,IT,WE,HEAVY,LEATH,1.7,1049470.902,6,6,1049468.818,0.0,1.0,1.0,0.084,617335.824706
1772372,IT,CH,CHEM1,VEGE1,2.19,1049224.385,6,6,1049221.27,0.0,1.0,2.0,0.115,479097.892694
1741089,IT,US,TEXTI,PUBLI,6.22,1048904.914,6,6,1048902.775,0.0,1.0,1.0,0.139,168634.230547
1798768,IT,WE,FOOD5,MEAT1,5.04,1048866.667,6,6,1048860.573,0.0,5.0,1.0,0.094,208108.465675
1686120,IT,HU,RUBBE,WHOLE,3.47,1048711.641,6,6,1048707.546,0.0,2.0,2.0,0.095,302222.374928
1742474,IT,US,BASIC,BIOGA,1.21,1048708.285,5,5,1048707.219,0.0,0.0,1.0,0.066,866701.061983
1749618,IT,CN,CHEM1,FISHF,2.19,1048650.585,6,6,1048647.471,0.0,1.0,2.0,0.114,478835.883562
1773570,IT,CH,MOTO1,RENTI,5.58,1048171.641,6,6,1048168.573,0.0,1.0,2.0,0.068,187844.380108
1803030,IT,WF,CEREA,CEREA,1.71,1048004.093,5,5,1047998.034,0.0,6.0,0.0,0.059,612867.890643
1715885,IT,NL,RUBBE,HEALT,3.47,1047882.69,6,6,1047878.595,0.0,2.0,2.0,0.095,301983.48415
1773160,IT,CH,NONF1,MACHI,0.23,1047616.161,4,4,1047616.155,0.0,0.0,0.0,0.006,4554852.873913
1806097,IT,WF,FABRI,STONE,4.26,1047593.446,6,6,1047590.371,0.0,1.0,2.0,0.075,245913.95446
1740635,IT,US,CRUDE,CHEM1,2.06,1047552.005,6,6,1047549.915,0.0,1.0,1.0,0.09,508520.390777
1794388,IT,WL,KEROS,FURNI,1.56,1047150.142,5,5,1047149.057,0.0,0.0,1.0,0.085,671250.091026
1803006,IT,WF,WHEAT,SALEM,0.79,1047051.507,5,5,1047043.482,0.0,8.0,0.0,0.025,1325381.65443
1722498,IT,PT,FOOD5,FOOD5,5.03,1047037.791,6,6,1047031.697,0.0,5.0,1.0,0.094,208158.606561
1745653,IT,JP,TEXTI,MACHI,6.2,1046790.132,6,6,1046787.993,0.0,1.0,1.0,0.139,168837.118065
1811929,IT,WM,RUBBE,INSUR,3.47,1046477.491,6,6,1046473.396,0.0,2.0,2.0,0.095,301578.527666
1768555,IT,AU,FOOD5,HEALT,5.03,1046386.369,6,6,1046380.275,0.0,5.0,1.0,0.094,208029.099205
1813791,IT,WM,HOTEL,93197,7.58,1046315.926,6,6,1046312.847,0.0,2.0,1.0,0.079,138036.401847
1688722,IT,IE,CHEM1,COMPU,2.19,1046298.854,6,6,1046295.74,0.0,1.0,2.0,0.114,477762.03379
1665736,IT,ES,PAPER,CERAM,4.05,1046082.179,6,6,1046072.076,0.0,8.0,2.0,0.103,258291.896049
1681863,IT,HR,VEGE1,HOTEL,3.22,1046052.651,6,6,1046044.423,0.0,6.0,2.0,0.228,324861.071739
1740926,IT,US,FOOD5,PAPER,5.02,1045683.4,6,6,1045677.307,0.0,5.0,1.0,0.093,208303.466135
1805665,IT,WF,NONME,HEALT,2.11,1045625.789,6,6,1045622.674,0.0,1.0,2.0,0.115,495557.245972
1777539,IT,TR,BASIC,BUSIN,1.2,1044961.541,5,5,1044960.475,0.0,0.0,1.0,0.066,870801.284167
1662086,IT,DK,CHEM1,CONST,2.18,1044829.376,6,6,1044826.262,0.0,1.0,2.0,0.114,479279.530275
1750239,IT,CN,COPP1,PLAST,2.64,1044794.637,6,6,1044790.583,0.0,1.0,3.0,0.054,395755.544318
1744258,IT,US,POSTT,RETA1,17.2,1044597.963,6,6,1044594.883,0.0,1.0,2.0,0.08,60732.439709
1795115,IT,WL,RUBBE,PRINT,3.46,1044529.155,6,6,1044525.06,0.0,2.0,2.0,0.095,301887.039017
1799594,IT,WE,MOTOR,CATTL,1.56,1044492.968,5,5,1044491.883,0.0,0.0,1.0,0.085,669546.774359
1732947,IT,SI,ALUM1,NONF1,1.81,1044435.289,6,6,1044432.205,0.0,1.0,2.0,0.084,577036.071271
1718259,IT,PL,FOOD5,MEATC,5.02,1044353.234,6,6,1044347.141,0.0,5.0,1.0,0.093,208038.492829
1746160,IT,JP,PLAST,PLAST,2.19,1044165.197,6,6,1044163.091,0.0,1.0,1.0,0.106,476787.761187
1800018,IT,WE,HEAVY,HOTEL,1.69,1044009.868,6,6,1044007.784,0.0,1.0,1.0,0.084,617757.318343
1766718,IT,RU,MACHI,CEREA,5.82,1043977.221,6,6,1043974.135,0.0,1.0,2.0,0.086,179377.529381
1644924,IT,BE,LEATH,RESEA,7.48,1043829.259,6,6,1043820.078,0.0,7.0,2.0,0.181,139549.366176
1676657,IT,FR,HOTEL,93197,7.56,1043299.094,6,6,1043296.015,0.0,2.0,1.0,0.079,138002.525661
1798829,IT,WE,FOOD5,RETA1,5.01,1043215.533,6,6,1043209.44,0.0,5.0,1.0,0.093,208226.653293
1812815,IT,WM,FABRI,WOODW,4.25,1043188.671,6,6,1043185.596,0.0,1.0,2.0,0.075,245456.157882
1737363,IT,GB,BEVER,RECRE,4.44,1043173.112,6,6,1043169.045,0.0,3.0,1.0,0.067,234948.899099
1653098,IT,CZ,CHEM1,SUGA1,2.18,1042898.99,6,6,1042895.876,0.0,1.0,2.0,0.114,478394.03211
1812535,IT,WM,ALUM1,PFERT,1.81,1042844.712,6,6,1042841.628,0.0,1.0,2.0,0.084,576157.299448
1794787,IT,WL,PLAST,PRINT,2.19,1042837.88,6,6,1042835.774,0.0,1.0,1.0,0.106,476181.680365
1748922,IT,CN,WEARI,MOTO1,7.86,1042729.901,6,6,1042725.703,0.0,2.0,2.0,0.198,132662.837277
1658177,IT,DE,ALUM1,LANDT,1.81,1042558.28,6,6,1042555.196,0.0,1.0,2.0,0.084,575999.049724
1803160,IT,WF,VEGET,EDUCA,3.69,1042488.134,5,5,1042484.093,0.0,4.0,0.0,0.041,282517.109485
1643267,IT,AT,HOTEL,LANDT,7.56,1042486.448,6,6,1042483.369,0.0,2.0,1.0,0.079,137895.032804
1773338,IT,CH,MACHI,FABRI,5.82,1042431.979,6,6,1042428.893,0.0,1.0,2.0,0.086,179112.023883
1657392,IT,DE,RUBBE,MEATP,3.45,1042299.259,6,6,1042295.164,0.0,2.0,2.0,0.095,302115.727246
1745671,IT,JP,TEXTI,RETA1,6.18,1042240.592,6,6,1042238.454,0.0,1.0,1.0,0.138,168647.344984
1653487,IT,CZ,BASIC,IRONO,1.2,1042201.974,5,5,1042200.908,0.0,0.0,1.0,0.066,868501.645
1736005,IT,SK,TRANS,TRANS,6.22,1042043.819,6,6,1042040.762,0.0,1.0,2.0,0.057,167531.160611
1670489,IT,FI,BEVER,CHEM1,4.43,1041951.766,6,6,1041947.699,0.0,3.0,1.0,0.067,235203.558916
1656522,IT,DE,PAPER,MOTO1,4.04,1041852.05,6,6,1041841.947,0.0,8.0,2.0,0.103,257884.170792
1677208,IT,FR,POSTT,FINAN,17.15,1041618.567,6,6,1041615.488,0.0,1.0,2.0,0.079,60735.776501
1650349,IT,BG,ELEC2,LEAD1,0.25,1041585.51,4,4,1041585.401,0.0,0.0,0.0,0.109,4166342.04
1746964,IT,JP,MOTO1,RETA1,5.54,1041535.911,6,6,1041532.843,0.0,1.0,2.0,0.068,188002.872022
1674397,IT,FR,CHEM1,SEACO,2.18,1041383.378,6,6,1041380.264,0.0,1.0,2.0,0.114,477698.797248
1667831,IT,ES,OFFIC,AIRTR,3.23,1041226.785,6,6,1041224.71,0.0,1.0,1.0,0.075,322361.233746
1688779,IT,IE,RUBBE,WHOLE,3.45,1041063.266,6,6,1041059.172,0.0,2.0,2.0,0.094,301757.468406
1677321,IT,FR,FINAN,INSUR,13.55,1041010.434,6,6,1041008.404,0.0,1.0,1.0,0.03,76827.338303
1749585,IT,CN,PFERT,PADDY,0.46,1040982.459,5,5,1040981.292,0.0,1.0,0.0,0.167,2263005.345652
1751260,IT,CN,HOTEL,COMPU,7.54,1040978.132,6,6,1040975.054,0.0,2.0,1.0,0.078,138060.760212
1649859,IT,BG,COPP1,CHEM1,2.63,1040946.036,6,6,1040941.982,0.0,1.0,3.0,0.054,395796.971863
1660656,IT,DE,REALE,RESEA,43.98,1040862.444,6,6,1040858.376,0.0,1.0,3.0,0.068,23666.722237
1678823,IT,GR,BEVER,BEVER,4.42,1040359.417,6,6,1040355.35,0.0,3.0,1.0,0.067,235375.43371
1785483,IT,ZA,COKEO,RENTI,0.13,1040299.78,4,4,1040299.775,0.0,0.0,0.0,0.005,8002306.0
1674599,IT,FR,RUBBE,SUPPO,3.45,1040230.766,6,6,1040226.672,0.0,2.0,2.0,0.094,301516.164058
1675223,IT,FR,FABRI,FOOD5,4.23,1040175.646,6,6,1040172.571,0.0,1.0,2.0,0.075,245904.408038
1655958,IT,DE,FOOD5,MEAT1,5.0,1040102.678,6,6,1040096.585,0.0,5.0,1.0,0.093,208020.5356
1646761,IT,BE,CONST,WHOLE,5.81,1039728.963,6,6,1039723.907,0.0,1.0,4.0,0.056,178955.071084
1780321,IT,TW,AIRTR,COPPE,1.13,1039641.7,4,4,1039641.667,0.0,0.0,0.0,0.033,920036.902655
1748882,IT,CN,WEARI,WOODW,7.84,1039638.459,6,6,1039634.261,0.0,2.0,2.0,0.198,132606.946301
1749540,IT,CN,PLAST,NATUR,2.18,1039405.967,6,6,1039403.861,0.0,1.0,1.0,0.106,476791.727982
1812690,IT,WM,COPP1,WHOLE,2.63,1039263.907,6,6,1039259.853,0.0,1.0,3.0,0.054,395157.379087
1789492,IT,WA,ADDIT,LIQUE,2.41,1039038.435,6,6,1039028.354,0.0,8.0,2.0,0.081,431136.280083
1768488,IT,AU,FOOD5,MEATA,4.99,1038506.956,6,6,1038500.863,0.0,5.0,1.0,0.093,208117.626453
1801306,IT,WE,MACHI,TEXTI,5.79,1038320.997,6,6,1038317.912,0.0,1.0,2.0,0.085,179330.051295
1665933,IT,ES,MOTOR,FISHF,1.55,1038199.54,5,5,1038198.455,0.0,0.0,1.0,0.085,669806.154839
1646490,IT,BE,MACHI,FURNI,5.79,1038120.05,6,6,1038116.965,0.0,1.0,2.0,0.085,179295.345423
1795594,IT,WL,NONF1,NONF1,0.23,1038106.091,4,4,1038106.085,0.0,0.0,0.0,0.006,4513504.743478
1656959,IT,DE,LIQUE,MOTO1,1.82,1037960.595,6,6,1037958.511,0.0,1.0,1.0,0.084,570308.019231
1806244,IT,WF,MACHI,PLAST,5.79,1037839.787,6,6,1037836.702,0.0,1.0,2.0,0.085,179246.94076
1659652,IT,DE,HOTEL,AUXIL,7.52,1037530.536,6,6,1037527.458,0.0,2.0,1.0,0.078,137969.48617
1794347,IT,WL,MOTOR,POSTT,1.55,1037372.537,5,5,1037371.452,0.0,0.0,1.0,0.085,669272.604516
1754961,IT,KR,TEXTI,MOTO1,6.15,1037268.844,6,6,1037266.706,0.0,1.0,1.0,0.138,168661.60065
1644716,IT,BE,BEVER,WHOLE,4.41,1037254.053,6,6,1037249.986,0.0,3.0,1.0,0.067,235205.00068
1671244,IT,FI,BASIC,CEMEN,1.19,1037151.025,5,5,1037149.959,0.0,0.0,1.0,0.066,871555.483193
1677000,IT,FR,AIRTR,HEALT,1.13,1036494.481,4,4,1036494.448,0.0,0.0,0.0,0.033,917251.753097
1661814,IT,DK,WOODW,CONST,2.9,1036405.889,6,6,1036396.819,0.0,7.0,2.0,0.07,357381.341034
1674320,IT,FR,CHEM1,PIGS9,2.16,1035880.928,6,6,1035877.815,0.0,1.0,2.0,0.113,479574.503704
1739439,IT,GB,LANDT,BEVER,6.68,1035624.528,6,6,1035622.479,0.0,1.0,1.0,0.049,155033.611976
1810584,IT,WM,PAPER,RECRE,4.01,1035466.656,6,6,1035456.554,0.0,8.0,2.0,0.102,258221.111222
1799964,IT,WE,HEAVY,PAPER,1.67,1035401.18,6,6,1035399.097,0.0,1.0,1.0,0.083,620000.706587
1715319,IT,NL,PAPER,BUSIN,4.01,1035130.493,6,6,1035120.391,0.0,8.0,2.0,0.102,258137.28005
1749258,IT,CN,PAPER,FABRI,4.01,1035021.215,6,6,1035011.113,0.0,8.0,2.0,0.102,258110.028678
1682740,IT,HR,GASDI,SEACO,1.54,1034992.179,5,5,1034991.095,0.0,0.0,1.0,0.084,672072.843506
1676996,IT,FR,AIRTR,RESEA,1.13,1034792.915,4,4,1034792.882,0.0,0.0,0.0,0.033,915745.942478
1642075,IT,AT,GLASS,RUBBE,2.84,1034734.61,6,6,1034729.551,0.0,1.0,4.0,0.059,364343.172535
1643419,IT,AT,LANDT,KEROS,6.67,1034721.985,6,6,1034719.936,0.0,1.0,1.0,0.049,155130.732384
1782120,IT,NO,CERAM,HOTEL,1.61,1034400.526,5,5,1034395.47,0.0,0.0,5.0,0.056,642484.798758
1800559,IT,WE,RUBBE,RESEA,3.43,1034305.39,6,6,1034302.296,0.0,2.0,1.0,0.094,301546.760933
1795707,IT,WL,FABRI,BUSIN,4.21,1033786.097,6,6,1033783.023,0.0,1.0,2.0,0.074,245554.892399
1729683,IT,SE,FABRI,BUSIN,4.21,1033469.929,6,6,1033466.855,0.0,1.0,2.0,0.074,245479.793112
1768680,IT,AU,TEXTI,FURNI,6.12,1033409.118,6,6,1033406.981,0.0,1.0,1.0,0.137,168857.69902
1685899,IT,HU,CHEM1,ELEC3,2.16,1033370.782,6,6,1033367.669,0.0,1.0,2.0,0.113,478412.399074
1677857,IT,FR,BUSIN,FOOD5,10.61,1033308.329,6,6,1033304.258,0.0,2.0,2.0,0.071,97390.040434
1761263,IT,IN,RUBBE,CHEM1,3.42,1033218.105,6,6,1033215.011,0.0,2.0,1.0,0.094,302110.557018
1683450,IT,HR,BASIC,INERT,1.19,1033170.829,5,5,1033169.764,0.0,0.0,1.0,0.065,868210.780672
1674973,IT,FR,BASIC,RECRE,1.19,1033003.484,5,5,1033002.419,0.0,0.0,1.0,0.065,868070.154622
1759166,IT,BR,AIRTR,POSTT,1.12,1032981.819,4,4,1032981.786,0.0,0.0,0.0,0.033,922305.195536
1753171,IT,CA,GLASS,WOODW,2.84,1032949.303,6,6,1032944.244,0.0,1.0,4.0,0.059,363714.54331
1656200,IT,DE,TEXTI,MACHI,6.12,1032841.728,6,6,1032839.591,0.0,1.0,1.0,0.137,168764.988235
1646177,IT,BE,ALUM1,CHEM1,1.79,1032713.801,6,6,1032711.718,0.0,1.0,1.0,0.083,576935.084358
1683380,IT,HR,BASIC,SANDC,1.19,1032692.534,5,5,1032691.469,0.0,0.0,1.0,0.065,867808.852101
1742841,IT,US,MACHI,PLANT,5.76,1032639.469,6,6,1032636.384,0.0,1.0,2.0,0.085,179277.68559
1765315,IT,RU,FOOD5,PIGS9,4.96,1032525.899,6,6,1032519.807,0.0,5.0,1.0,0.092,208170.544153
1673623,IT,FR,WOODW,WHOLE,2.89,1032454.546,6,6,1032445.476,0.0,7.0,2.0,0.07,357250.707958
1685841,IT,HU,CHEM1,MEATP,2.16,1032367.06,6,6,1032363.947,0.0,1.0,2.0,0.113,477947.712963
1746562,IT,JP,BASIC,MACHI,1.19,1032269.715,5,5,1032268.65,0.0,0.0,1.0,0.065,867453.542017
1687093,IT,HU,MOTO1,RESEA,5.49,1031775.536,6,6,1031772.469,0.0,1.0,2.0,0.067,187937.256102
1713211,IT,MT,WOODW,MEATP,2.89,1031389.245,6,6,1031380.175,0.0,7.0,2.0,0.07,356882.091696
1746265,IT,JP,CHEM1,TRANS,2.16,1031346.185,6,6,1031344.072,0.0,1.0,1.0,0.113,477475.085648
1756686,IT,KR,SEACO,PLAST,1.05,1031343.206,4,4,1031343.188,0.0,0.0,0.0,0.018,982231.624762
1761026,IT,IN,PLAST,PAPER,2.16,1030449.369,6,6,1030447.264,0.0,1.0,1.0,0.105,477059.893056
1784613,IT,ID,MACHI,ELEC1,5.75,1030406.749,6,6,1030403.664,0.0,1.0,2.0,0.085,179201.173739
1660864,IT,DE,COMPU,RESEA,11.77,1030339.978,6,6,1030336.913,0.0,1.0,2.0,0.065,87539.505353
1812823,IT,WM,FABRI,HEAVY,4.19,1030188.253,6,6,1030185.179,0.0,1.0,2.0,0.074,245868.318138
1688995,IT,IE,MACHI,FABRI,5.75,1030120.465,6,6,1030117.38,0.0,1.0,2.0,0.085,179151.385217
1749296,IT,CN,PAPER,COMPU,3.99,1029839.628,6,6,1029829.526,0.0,8.0,2.0,0.102,258105.169925
1772510,IT,CH,RUBBE,DAIRY,3.41,1029639.385,6,6,1029636.292,0.0,2.0,1.0,0.093,301947.033724
1690470,IT,IE,PAPE4,CONST,6.79,1029622.21,6,6,1029619.151,0.0,1.0,2.0,0.059,151638.027982
1811156,IT,WM,NAPHT,PLAST,1.75,1029544.522,6,6,1029541.448,0.0,1.0,2.0,0.074,588311.155429
1746976,IT,JP,MOTO1,RENTI,5.48,1029530.022,6,6,1029526.955,0.0,1.0,2.0,0.067,187870.441971
1661082,IT,DE,PUBLI,COLLE,16.86,1029419.948,6,6,1029416.876,0.0,1.0,2.0,0.072,61056.936418
1658811,IT,DE,MOTO1,OFFIC,5.48,1029178.357,6,6,1029175.29,0.0,1.0,2.0,0.067,187806.269526
1640214,IT,AT,FORES,WOODW,8.99,1029172.737,5,5,1028776.71,0.0,396.0,0.0,0.027,114479.726029
1641754,IT,AT,CHEM1,DAIRY,2.15,1028666.153,6,6,1028664.041,0.0,1.0,1.0,0.112,478449.373488
1647441,IT,BE,AIRTR,SEACO,1.12,1028559.941,4,4,1028559.909,0.0,0.0,0.0,0.032,918357.090179
1657791,IT,DE,NONME,CHEM1,2.08,1028286.605,6,6,1028283.492,0.0,1.0,2.0,0.113,494368.560096
1809843,IT,WM,FOOD5,RESEA,4.94,1028259.851,6,6,1028253.759,0.0,5.0,1.0,0.092,208149.767409
1668823,IT,ES,TRAN2,GASDI,1.59,1027843.737,5,5,1027842.709,0.0,0.0,1.0,0.028,646442.601887
1741004,IT,US,BEVER,HEALT,4.37,1027739.084,6,6,1027735.018,0.0,3.0,1.0,0.066,235180.568421
1796023,IT,WL,MOTO1,PUBLI,5.47,1027648.445,6,6,1027645.378,0.0,1.0,2.0,0.067,187869.916819
1676535,IT,FR,HOTEL,RAWMI,7.45,1027282.285,6,6,1027279.208,0.0,2.0,1.0,0.077,137890.239597
1641366,IT,AT,KEROS,CONST,1.53,1027258.156,5,5,1027257.072,0.0,0.0,1.0,0.084,671410.559477
1742843,IT,US,MACHI,CATTL,5.73,1027212.146,6,6,1027209.062,0.0,1.0,2.0,0.084,179269.135428
1672857,IT,FR,VEGE1,SUGA1,3.16,1027113.479,6,6,1027105.256,0.0,6.0,2.0,0.223,325035.911076
1758885,IT,BR,HOTEL,ELEC3,7.44,1027006.785,6,6,1027003.708,0.0,2.0,1.0,0.077,138038.546371
1737950,IT,GB,CHEM1,NONME,2.15,1026567.453,6,6,1026565.341,0.0,1.0,1.0,0.112,477473.233953
1796996,IT,WL,AIRTR,DISTR,1.12,1026479.082,4,4,1026479.05,0.0,0.0,0.0,0.032,916499.180357
1719316,IT,PL,CHEM1,BUSIN,2.15,1026440.483,6,6,1026438.371,0.0,1.0,1.0,0.112,477414.17814
1790158,IT,WA,BASIC,SUPPO,1.18,1026419.972,5,5,1026418.907,0.0,0.0,1.0,0.065,869847.433898
1776354,IT,TR,PAPER,BUSIN,3.98,1025988.729,6,6,1025978.628,0.0,8.0,2.0,0.101,257786.112814
1811133,IT,WM,NAPHT,BEVER,1.74,1025877.816,6,6,1025874.743,0.0,1.0,2.0,0.073,589584.951724
1716990,IT,NL,LANDT,FOOD5,6.62,1025690.248,6,6,1025688.2,0.0,1.0,1.0,0.048,154938.103927
1655914,IT,DE,PROCE,FOOD5,6.94,1025646.44,6,6,1025640.377,0.0,5.0,1.0,0.063,147787.67147
1784283,IT,ID,CHEM1,OFFIC,2.14,1025632.052,6,6,1025629.94,0.0,1.0,1.0,0.112,479267.314019
1794562,IT,WL,HEAVY,GASDI,1.66,1025385.013,5,5,1025383.931,0.0,0.0,1.0,0.082,617701.81506
1769823,IT,AU,MACHI,RESEA,5.72,1025375.409,6,6,1025372.325,0.0,1.0,2.0,0.084,179261.43514
1713776,IT,MT,MOTO1,WHOLE,5.46,1025183.617,6,6,1025180.55,0.0,1.0,2.0,0.067,187762.567216
1649938,IT,BG,FABRI,LEAD1,4.17,1025095.044,6,6,1025091.97,0.0,1.0,2.0,0.074,245826.14964
1718260,IT,PL,FOOD5,MEATP,4.92,1025005.831,6,6,1024999.739,0.0,5.0,1.0,0.092,208334.518496
1772463,IT,CH,CHEM1,MEMBE,2.14,1024883.862,6,6,1024881.75,0.0,1.0,1.0,0.112,478917.692523
1688149,IT,HU,BUSIN,OFFIC,10.52,1024765.023,6,6,1024760.952,0.0,2.0,2.0,0.071,97411.123859
1688723,IT,IE,CHEM1,RESEA,2.14,1024241.541,6,6,1024239.429,0.0,1.0,1.0,0.112,478617.542523
1688230,IT,IE,WHEAT,EDUCA,0.77,1024122.288,5,5,1024115.263,0.0,7.0,0.0,0.025,1330028.945455
1789702,IT,WA,RUBBE,EDUCA,3.39,1023534.036,6,6,1023530.943,0.0,2.0,1.0,0.093,301927.444248
1741950,IT,US,CHEM1,RETA1,2.14,1023452.396,6,6,1023450.284,0.0,1.0,1.0,0.112,478248.783178
1805196,IT,WF,CHEM1,TEXTI,2.14,1023445.009,6,6,1023442.897,0.0,1.0,1.0,0.112,478245.331308
1686204,IT,HU,GLASS,OFFIC,2.81,1023351.997,6,6,1023346.938,0.0,1.0,4.0,0.059,364182.205338
1783936,IT,ID,STONE,CEMEN,3.31,1023170.884,6,6,1023112.837,0.0,1.0,57.0,0.047,309115.070695
1772906,IT,CH,BASIC,RESEA,1.18,1023076.694,5,5,1023075.629,0.0,0.0,1.0,0.065,867014.147458
1798388,IT,WE,CRUDE,GASDI,2.01,1023071.393,6,6,1023069.305,0.0,1.0,1.0,0.088,508990.742786
1790240,IT,WA,PREC1,OFFIC,1.74,1023057.305,6,6,1023053.258,0.0,2.0,2.0,0.047,587963.968391
1723265,IT,PT,GLASS,GLASS,2.81,1022837.866,6,6,1022832.807,0.0,1.0,4.0,0.059,363999.240569
1743044,IT,US,OFFIC,RESEA,3.17,1022628.937,6,6,1022626.863,0.0,1.0,1.0,0.074,322595.87918
1790011,IT,WA,NONME,GLASS,2.07,1022529.368,6,6,1022526.256,0.0,1.0,2.0,0.112,493975.540097
1796949,IT,WL,AIRTR,PRINT,1.11,1022510.162,4,4,1022510.13,0.0,0.0,0.0,0.032,921180.326126
1713627,IT,MT,PREC1,FURNI,1.74,1022275.731,6,6,1022271.684,0.0,2.0,2.0,0.047,587514.787931
1688310,IT,IE,MEAT4,WHOLE,5.63,1021896.891,6,6,1021891.821,0.0,4.0,1.0,0.07,181509.216874
1763539,IT,MX,CHEM1,PAPER,2.14,1021723.993,6,6,1021721.881,0.0,1.0,1.0,0.112,477441.118224
1753413,IT,CA,NONF1,NONF1,0.22,1021503.67,4,4,1021503.664,0.0,0.0,0.0,0.006,4643198.5
1717017,IT,NL,LANDT,PLAST,6.59,1021410.222,6,6,1021408.174,0.0,1.0,1.0,0.048,154993.963885
1795698,IT,WL,FABRI,SUPPO,4.16,1021353.469,6,6,1021350.396,0.0,1.0,2.0,0.073,245517.660817
1640538,IT,AT,FOOD5,BEVER,4.91,1021298.451,6,6,1021292.36,0.0,5.0,1.0,0.091,208003.757841
1739321,IT,GB,HOTEL,COMPU,7.4,1021036.357,6,6,1021033.28,0.0,2.0,1.0,0.077,137977.886081
1799810,IT,WE,GASDI,FISHF,1.52,1020990.045,5,5,1020988.962,0.0,0.0,1.0,0.083,671703.976974
1795097,IT,WL,RUBBE,MEATC,3.38,1020947.602,6,6,1020944.509,0.0,2.0,1.0,0.093,302055.50355
1645695,IT,BE,ADDIT,GASDI,2.36,1020736.063,6,6,1020725.983,0.0,8.0,2.0,0.08,432515.280932
1723738,IT,PT,MACHI,BUSIN,5.69,1020689.714,6,6,1020686.63,0.0,1.0,2.0,0.084,179383.078032
1796676,IT,WL,HOTEL,HEALT,7.4,1020681.536,6,6,1020678.459,0.0,2.0,1.0,0.077,137929.937297
1667369,IT,ES,LEAD1,BUSIN,1.77,1020615.074,6,6,1020607.988,0.0,3.0,4.0,0.086,576618.685876
1763573,IT,MX,CHEM1,FABRI,2.13,1020503.188,6,6,1020501.077,0.0,1.0,1.0,0.111,479109.477934
1741649,IT,US,HEAVY,LIQUE,1.65,1020248.713,5,5,1020247.631,0.0,0.0,1.0,0.082,618332.553333
1641122,IT,AT,PAPER,HOTEL,3.95,1020100.582,6,6,1020090.481,0.0,8.0,2.0,0.101,258253.311899
1735826,IT,SK,MACHI,CONST,5.69,1020028.948,6,6,1020025.864,0.0,1.0,2.0,0.084,179266.950439
1812943,IT,WM,MACHI,TEXTI,5.69,1020019.35,6,6,1020016.266,0.0,1.0,2.0,0.084,179265.26362
1657236,IT,DE,CHEM1,CERAM,2.13,1019912.695,6,6,1019910.584,0.0,1.0,1.0,0.111,478832.251174
1733891,IT,SI,SEACO,SEACO,1.04,1019833.734,4,4,1019833.716,0.0,0.0,0.0,0.018,980609.359615
1719907,IT,PL,PREC1,GASDI,1.73,1019581.663,6,6,1019577.616,0.0,2.0,2.0,0.047,589353.562428
1745266,IT,JP,MEATP,MEATP,4.13,1019220.863,6,6,1019216.753,0.0,3.0,1.0,0.11,246784.712591
1812381,IT,WM,BASIC,AUXIL,1.17,1019143.416,5,5,1019142.352,0.0,0.0,1.0,0.064,871062.748718
1658587,IT,DE,MACHI,CEMEN,5.69,1019100.29,6,6,1019097.206,0.0,1.0,2.0,0.084,179103.741652
1725967,IT,RO,CHEM1,WEARI,2.13,1018897.932,6,6,1018895.821,0.0,1.0,1.0,0.111,478355.83662
1755595,IT,KR,CHEM1,BUSIN,2.13,1018832.99,6,6,1018830.879,0.0,1.0,1.0,0.111,478325.347418
1674598,IT,FR,RUBBE,AIRTR,3.38,1018812.316,6,6,1018809.224,0.0,2.0,1.0,0.092,301423.76213
1741406,IT,US,COKEO,BASIC,0.13,1018758.27,4,4,1018758.265,0.0,0.0,0.0,0.005,7836602.076923
1729795,IT,SE,MACHI,RENTI,5.68,1018518.574,6,6,1018515.49,0.0,1.0,2.0,0.084,179316.650352
1741686,IT,US,HEAVY,COLLE,1.65,1018342.116,5,5,1018341.034,0.0,0.0,1.0,0.082,617177.04
1686858,IT,HU,FABRI,BUSIN,4.14,1018133.01,6,6,1018129.937,0.0,1.0,2.0,0.073,245925.847826
1737345,IT,GB,BEVER,RETA1,4.33,1018039.742,6,6,1018035.677,0.0,3.0,1.0,0.065,235113.104388
1753762,IT,CA,FURNI,FABRI,3.25,1017680.983,6,6,1017674.896,0.0,3.0,3.0,0.087,313132.610154
1780885,IT,TW,RESEA,NAPHT,5.52,1017581.742,6,6,1017578.671,0.0,1.0,2.0,0.071,184344.518478
1780164,IT,TW,HOTEL,MOTO1,7.37,1017528.056,6,6,1017524.979,0.0,2.0,1.0,0.077,138063.508277
1674965,IT,FR,BASIC,FOOD3,1.17,1017422.874,5,5,1017421.81,0.0,0.0,1.0,0.064,869592.2
1774101,IT,CH,WHOLE,RUBBE,8.79,1017402.552,6,6,1017399.493,0.0,1.0,2.0,0.059,115745.45529
1765721,IT,RU,PAPER,BUSIN,3.94,1017338.554,6,6,1017328.454,0.0,8.0,2.0,0.1,258207.754822
1781934,IT,NO,CHEM1,BUSIN,2.13,1017239.342,6,6,1017237.231,0.0,1.0,1.0,0.111,477577.155869
1722329,IT,PT,FORES,WOODW,8.88,1017207.883,5,5,1016816.856,0.0,391.0,0.0,0.027,114550.437275
1811480,IT,WM,PLAST,CONST,2.13,1016940.585,6,6,1016938.482,0.0,1.0,1.0,0.103,477436.894366
1675395,IT,FR,MACHI,COPP1,5.67,1016690.511,6,6,1016687.427,0.0,1.0,2.0,0.084,179310.495767
1659616,IT,DE,HOTEL,FABRI,7.37,1016615.017,6,6,1016611.94,0.0,2.0,1.0,0.077,137939.622388
1811925,IT,WM,RUBBE,AIRTR,3.37,1016444.465,6,6,1016441.373,0.0,2.0,1.0,0.092,301615.568249
1644191,IT,BE,CEREA,FOOD5,1.66,1016358.056,5,5,1016351.998,0.0,6.0,0.0,0.058,612263.889157
1640661,IT,AT,BEVER,HEALT,4.32,1016180.762,6,6,1016176.697,0.0,3.0,1.0,0.065,235227.028241
1645749,IT,BE,RUBBE,PLAST,3.37,1016012.428,6,6,1016009.336,0.0,2.0,1.0,0.092,301487.367359
1755780,IT,KR,CERAM,FISH5,1.58,1015937.74,5,5,1015932.685,0.0,0.0,5.0,0.055,642998.56962
1804992,IT,WF,PLAST,MEATP,2.13,1015808.191,6,6,1015806.088,0.0,1.0,1.0,0.103,476905.253991
1754778,IT,KR,FOOD5,PIGS9,4.88,1015621.361,6,6,1015615.27,0.0,5.0,1.0,0.091,208119.131352
1667316,IT,ES,ALUM1,WHOLE,1.76,1015564.336,6,6,1015562.255,0.0,1.0,1.0,0.081,577025.190909
1740254,IT,GB,BUSIN,SALEM,10.43,1015530.587,6,6,1015526.517,0.0,2.0,2.0,0.07,97366.307478
1738708,IT,GB,MACHI,DISTR,5.67,1015518.301,6,6,1015515.218,0.0,1.0,2.0,0.083,179103.75679
1683074,IT,HR,RUBBE,DAIRY,3.36,1015384.422,6,6,1015381.33,0.0,2.0,1.0,0.092,302197.744643
1667660,IT,ES,MACHI,CEMEN,5.66,1015191.509,6,6,1015188.426,0.0,1.0,2.0,0.083,179362.45742
1761150,IT,IN,CHEM1,PREC1,2.12,1015096.406,6,6,1015094.295,0.0,1.0,1.0,0.111,478819.059434
1748944,IT,CN,WEARI,RETA1,7.65,1015026.72,6,6,1015022.527,0.0,2.0,2.0,0.193,132683.231373
1764287,IT,MX,MACHI,FINAN,5.66,1014741.342,6,6,1014738.259,0.0,1.0,2.0,0.083,179282.922615
1750016,IT,CN,NONME,CEMEN,2.05,1014555.363,5,5,1014553.252,0.0,0.0,2.0,0.111,494905.055122
1781002,IT,TW,BUSIN,MOTO1,10.42,1014395.788,6,6,1014391.718,0.0,2.0,2.0,0.07,97350.843378
1801122,IT,WE,NONF1,FURNI,0.22,1014343.247,4,4,1014343.241,0.0,0.0,0.0,0.006,4610651.122727
1687654,IT,HU,AIRTR,RUBBE,1.1,1014291.847,4,4,1014291.815,0.0,0.0,0.0,0.032,922083.497273
1743754,IT,US,LANDT,GASDI,6.54,1014259.985,6,6,1014257.937,0.0,1.0,1.0,0.048,155085.624618
1729323,IT,SE,NONME,CONST,2.05,1014191.192,5,5,1014189.081,0.0,0.0,2.0,0.111,494727.410732
1685851,IT,HU,CHEM1,TEXTI,2.12,1014149.38,6,6,1014147.269,0.0,1.0,1.0,0.111,478372.349057
1776203,IT,TR,WOODW,PAPER,2.84,1013916.119,6,6,1013908.051,0.0,6.0,2.0,0.068,357012.717958
1740536,IT,GB,RECRE,RECRE,12.89,1013863.4,6,6,1013859.327,0.0,2.0,2.0,0.073,78655.034911
1686788,IT,HU,FABRI,FOOD5,4.13,1013727.242,6,6,1013724.169,0.0,1.0,2.0,0.073,245454.538015
1641953,IT,AT,RUBBE,FOOD5,3.36,1013192.759,6,6,1013189.667,0.0,2.0,1.0,0.092,301545.463988
1807012,IT,WF,LANDT,WHOLE,6.54,1013128.987,6,6,1013126.939,0.0,1.0,1.0,0.048,154912.689144
1677932,IT,FR,BUSIN,FINAN,10.4,1012963.606,6,6,1012959.536,0.0,2.0,2.0,0.07,97400.346731
1641134,IT,AT,PAPER,COMPU,3.92,1012866.535,6,6,1012856.435,0.0,8.0,2.0,0.1,258384.320153
1680012,IT,GR,MACHI,BEVER,5.65,1012814.375,6,6,1012811.292,0.0,1.0,2.0,0.083,179259.181416
1763689,IT,MX,RUBBE,MACHI,3.36,1012761.177,6,6,1012758.085,0.0,2.0,1.0,0.092,301417.016964
1723698,IT,PT,MACHI,BASIC,5.65,1012280.503,6,6,1012277.42,0.0,1.0,2.0,0.083,179164.690796
1752116,IT,CN,BUSIN,ELECT,10.4,1012142.585,6,6,1012138.515,0.0,2.0,2.0,0.07,97321.402404
1799957,IT,WE,HEAVY,FISH5,1.63,1012021.183,5,5,1012020.102,0.0,0.0,1.0,0.081,620871.891411
1794846,IT,WL,PLAST,EDUCA,2.12,1011909.652,6,6,1011907.549,0.0,1.0,1.0,0.103,477315.873585
1726432,IT,RO,FABRI,GASDI,4.12,1011540.178,6,6,1011537.105,0.0,1.0,2.0,0.073,245519.46068
1674328,IT,FR,CHEM1,SANDC,2.11,1011519.176,6,6,1011517.066,0.0,1.0,1.0,0.11,479392.974408
1763542,IT,MX,CHEM1,MOTOR,2.11,1011504.31,6,6,1011502.2,0.0,1.0,1.0,0.11,479385.92891
1765717,IT,RU,PAPER,REALE,3.92,1011498.879,6,6,1011488.779,0.0,8.0,2.0,0.1,258035.428316
1784267,IT,ID,CHEM1,BIODI,2.11,1011496.079,6,6,1011493.969,0.0,1.0,1.0,0.11,479382.027962
1802381,IT,WE,SEACO,SEACO,1.03,1011474.72,4,4,1011474.702,0.0,0.0,0.0,0.018,982014.291262
1663274,IT,DK,SEACO,WHOLE,1.03,1011314.815,4,4,1011314.797,0.0,0.0,0.0,0.018,981859.043689
1788673,IT,WA,COKEO,LEAD1,0.13,1011021.323,4,4,1011021.318,0.0,0.0,0.0,0.005,7777087.1
1717706,IT,NL,BUSIN,LANDT,10.38,1010962.995,6,6,1010958.925,0.0,2.0,2.0,0.07,97395.278902
1656009,IT,DE,FOOD5,WHOLE,4.86,1010877.523,6,6,1010871.433,0.0,5.0,1.0,0.09,207999.490329
1655963,IT,DE,FOOD5,SUGA1,4.85,1010423.571,6,6,1010417.481,0.0,5.0,1.0,0.09,208334.756907
1739307,IT,GB,HOTEL,RETA1,7.32,1010413.57,6,6,1010410.494,0.0,2.0,1.0,0.076,138034.64071
1765987,IT,RU,CHEM1,HEAVY,2.11,1010350.806,6,6,1010348.696,0.0,1.0,1.0,0.11,478839.24455
1642088,IT,AT,GLASS,FABRI,2.77,1010255.128,6,6,1010250.07,0.0,1.0,4.0,0.058,364713.042599
1785166,IT,ZA,FOOD5,FOOD5,4.85,1010187.458,6,6,1010181.368,0.0,5.0,1.0,0.09,208286.073814
1809246,IT,WM,CRUDE,ETHAN,1.99,1010017.737,6,6,1010015.65,0.0,1.0,1.0,0.087,507546.601508
1801524,IT,WE,MOTO1,POSTT,5.38,1009913.553,6,6,1009910.487,0.0,1.0,2.0,0.066,187716.273792
1657707,IT,DE,CEMEN,WHEAT,1.62,1009744.108,5,5,1009738.062,0.0,0.0,6.0,0.046,623298.832099
1807189,IT,WF,AIRTR,CONST,1.1,1009708.941,4,4,1009708.909,0.0,0.0,0.0,0.032,917917.219091
1761598,IT,IN,NONF1,FURNI,0.22,1009693.543,4,4,1009693.537,0.0,0.0,0.0,0.006,4589516.104545
1687049,IT,HU,MOTO1,TEXTI,5.37,1009618.727,6,6,1009615.661,0.0,1.0,2.0,0.066,188010.936127
1745873,IT,JP,LEATH,ELEC2,7.23,1009614.89,6,6,1009605.715,0.0,7.0,2.0,0.175,139642.44675
1747091,IT,JP,FURNI,CONST,3.22,1009418.934,6,6,1009412.847,0.0,3.0,3.0,0.087,313484.140994
1719318,IT,PL,CHEM1,EDUCA,2.11,1009239.617,6,6,1009237.507,0.0,1.0,1.0,0.11,478312.614692
1662159,IT,DK,RUBBE,OFFIC,3.34,1009200.041,6,6,1009196.949,0.0,2.0,1.0,0.092,302155.700898
1679842,IT,GR,ALUM1,MOTO1,1.75,1008826.661,6,6,1008824.58,0.0,1.0,1.0,0.081,576472.377714
1644591,IT,BE,FOOD5,DAIRY,4.84,1008394.439,6,6,1008388.349,0.0,5.0,1.0,0.09,208345.958471
1655583,IT,DE,SANDC,ADDIT,2.31,1008238.292,5,5,1008017.256,0.0,0.0,221.0,0.036,436466.793074
1761121,IT,IN,CHEM1,PRINT,2.11,1007982.411,6,6,1007980.301,0.0,1.0,1.0,0.11,477716.782464
1644632,IT,BE,FOOD5,WHOLE,4.84,1007775.332,6,6,1007769.242,0.0,5.0,1.0,0.09,208218.043802
1710795,IT,LU,WOODW,FINAN,2.82,1007637.294,6,6,1007629.226,0.0,6.0,2.0,0.068,357318.189362
1673459,IT,FR,WEARI,RENTI,7.59,1007570.987,6,6,1007566.796,0.0,2.0,2.0,0.191,132749.800659
1799646,IT,WE,MOTOR,LIQUE,1.51,1007492.255,5,5,1007491.173,0.0,0.0,1.0,0.082,667213.413907
1800680,IT,WE,CERAM,PUBLI,1.57,1007138.261,5,5,1007133.206,0.0,0.0,5.0,0.055,641489.338217
1656094,IT,DE,BEVER,SEACO,4.28,1006951.034,6,6,1006946.969,0.0,3.0,1.0,0.065,235268.933178
1689525,IT,IE,SEACO,FOOD5,1.02,1006929.078,4,4,1006929.061,0.0,0.0,0.0,0.017,987185.370588
1752575,IT,CA,BEVER,BUSIN,4.28,1006172.362,6,6,1006168.297,0.0,3.0,1.0,0.065,235087.000467
1779037,IT,TR,AIRTR,CONST,1.1,1006153.822,4,4,1006153.79,0.0,0.0,0.0,0.032,914685.292727
1666009,IT,ES,MOTOR,PUBLI,1.5,1005727.736,5,5,1005726.654,0.0,0.0,1.0,0.082,670485.157333
1789308,IT,WA,CHEM1,WHEAT,2.1,1005596.044,6,6,1005593.934,0.0,1.0,1.0,0.11,478855.259048
1744829,IT,US,RESEA,REALE,5.45,1005456.843,6,6,1005454.773,0.0,1.0,1.0,0.07,184487.494128
1783316,IT,NO,PAPE1,PREC1,7.05,1005403.498,6,6,1005400.433,0.0,1.0,2.0,0.065,142610.425248
1651607,IT,CY,CERAM,CONST,1.57,1005333.848,5,5,1005328.794,0.0,0.0,5.0,0.054,640340.030573
1773701,IT,CH,FURNI,RETA1,3.21,1004987.378,6,6,1004981.292,0.0,3.0,3.0,0.086,313080.180062
1641014,IT,AT,PULP5,WOODW,3.06,1004808.826,6,6,1004801.732,0.0,5.0,2.0,0.094,328368.897386
1764284,IT,MX,MACHI,AIRTR,5.61,1004806.411,6,6,1004803.328,0.0,1.0,2.0,0.083,179109.877184
1713131,IT,MT,BEVER,MOTO1,4.27,1004664.002,6,6,1004659.937,0.0,3.0,1.0,0.065,235284.309602
1803020,IT,WF,WHEAT,COMPU,0.76,1004501.591,5,5,1004494.567,0.0,7.0,0.0,0.024,1321712.619737
1805067,IT,WF,PLAST,POSTT,2.11,1004484.371,6,6,1004482.269,0.0,1.0,1.0,0.102,476058.943602
1685211,IT,HU,FISH5,MOTO1,4.22,1004392.341,6,6,1004387.825,0.0,3.0,1.0,0.516,238007.663744
1750545,IT,CN,MACHI,POSTT,5.6,1004341.563,6,6,1004338.48,0.0,1.0,2.0,0.083,179346.707679
1643279,IT,AT,HOTEL,COMPU,7.28,1004316.887,6,6,1004313.811,0.0,2.0,1.0,0.076,137955.616346
1732208,IT,SI,HEAVY,MEAT1,1.62,1004195.776,5,5,1004194.695,0.0,0.0,1.0,0.081,619873.935802
1772833,IT,CH,BASIC,SANDC,1.16,1004158.667,5,5,1004157.604,0.0,0.0,1.0,0.063,865654.023276
1752552,IT,CA,BEVER,FISHF,4.27,1004054.354,6,6,1004050.289,0.0,3.0,1.0,0.065,235141.534895
1732037,IT,SI,KEROS,COLLE,1.49,1003577.797,5,5,1003576.715,0.0,0.0,1.0,0.082,673542.145638
1646013,IT,BE,NONME,CEMEN,2.03,1003485.461,5,5,1003483.351,0.0,0.0,2.0,0.11,494327.8133
1809054,IT,WM,VEGET,HEALT,3.55,1003447.777,5,5,1003443.738,0.0,4.0,0.0,0.039,282661.345634
1719304,IT,PL,CHEM1,LANDT,2.1,1003447.525,6,6,1003445.415,0.0,1.0,1.0,0.11,477832.154762
1746963,IT,JP,MOTO1,WHOLE,5.34,1003027.122,6,6,1003024.057,0.0,1.0,2.0,0.065,187832.794382
1641997,IT,AT,RUBBE,TRANS,3.32,1002752.472,6,6,1002749.381,0.0,2.0,1.0,0.091,302033.877108
1662638,IT,DK,MACHI,DAIRY,5.59,1002675.929,6,6,1002672.847,0.0,1.0,2.0,0.082,179369.57585
1642488,IT,AT,LEAD1,LEAD1,1.74,1002600.656,6,6,1002594.571,0.0,2.0,4.0,0.085,576207.273563
1713392,IT,MT,LIQUE,BUSIN,1.76,1002527.896,5,5,1002526.815,0.0,0.0,1.0,0.081,569618.122727
1810142,IT,WM,WEARI,WEARI,7.56,1002434.504,6,6,1002431.314,0.0,2.0,1.0,0.19,132597.156614
1720345,IT,PL,FABRI,REALE,4.08,1002432.682,6,6,1002429.61,0.0,1.0,2.0,0.072,245694.284804
1675759,IT,FR,FURNI,OFFIC,3.2,1002307.634,6,6,1002301.548,0.0,3.0,3.0,0.086,313221.135625
1732050,IT,SI,KEROS,POSTT,1.49,1002232.824,5,5,1002231.742,0.0,0.0,1.0,0.082,672639.479195
1774559,IT,CH,SEACO,SUGA1,1.02,1002205.435,4,4,1002205.418,0.0,0.0,0.0,0.017,982554.348039
1710067,IT,LT,FABRI,GASDI,4.08,1002157.775,6,6,1002154.703,0.0,1.0,2.0,0.072,245626.905637
1756711,IT,KR,SEACO,CONST,1.02,1001824.999,4,4,1001824.982,0.0,0.0,0.0,0.017,982181.371569
1732121,IT,SI,GASDI,RAWMI,1.49,1001507.505,5,5,1001506.423,0.0,0.0,1.0,0.082,672152.687919
1806254,IT,WF,MACHI,CEMEN,5.59,1001495.47,6,6,1001492.388,0.0,1.0,2.0,0.082,179158.402504
1746218,IT,JP,CHEM1,TEXTI,2.09,1001385.928,6,6,1001383.819,0.0,1.0,1.0,0.109,479132.022967
1676967,IT,FR,AIRTR,OFFIC,1.09,1001149.937,4,4,1001149.905,0.0,0.0,0.0,0.032,918486.180734
1716283,IT,NL,FABRI,DAIRY,4.07,1001130.083,6,6,1001127.011,0.0,1.0,2.0,0.072,245977.907371
1750366,IT,CN,FABRI,CERAM,4.07,1000912.556,6,6,1000909.484,0.0,1.0,2.0,0.072,245924.460934
1811787,IT,WM,ADDIT,SALEM,2.32,1000889.285,6,6,1000879.207,0.0,8.0,2.0,0.078,431417.795259
1760535,IT,IN,LEATH,TEXTI,7.17,1000851.819,6,6,1000842.646,0.0,7.0,2.0,0.173,139588.817155
1795736,IT,WL,MACHI,NATU1,5.58,1000394.166,6,6,1000391.084,0.0,1.0,2.0,0.082,179282.108602
1806342,IT,WF,MOTO1,VEGET,5.32,1000286.41,6,6,1000283.345,0.0,1.0,2.0,0.065,188023.761278
1799706,IT,WE,MOTOR,FINAN,1.49,1000217.281,5,5,1000216.2,0.0,0.0,1.0,0.081,671286.765772
1644595,IT,BE,FOOD5,BEVER,4.8,999654.135,6,6,999648.046,0.0,5.0,1.0,0.089,208261.278125
1732220,IT,SI,HEAVY,WHOLE,1.61,999638.356,5,5,999637.276,0.0,0.0,1.0,0.08,620893.38882
1757562,IT,BR,KEROS,REALE,1.49,999135.78,5,5,999134.699,0.0,0.0,1.0,0.081,670560.926174
1790775,IT,WA,MACHI,TEXTI,5.57,999110.079,6,6,999106.997,0.0,1.0,2.0,0.082,179373.443268
1746561,IT,JP,BASIC,FABRI,1.15,999051.407,5,5,999050.344,0.0,0.0,1.0,0.063,868740.353913
1801262,IT,WE,MACHI,WHEAT,5.57,998427.93,6,6,998424.848,0.0,1.0,2.0,0.082,179250.974865
1665953,IT,ES,MOTOR,NAPHT,1.49,998400.493,5,5,998399.412,0.0,0.0,1.0,0.081,670067.444966
1803337,IT,WF,STONE,HEALT,3.23,998275.662,6,6,998218.616,0.0,1.0,56.0,0.046,309063.672446
1756301,IT,KR,MOTO1,MACHI,5.31,998245.917,6,6,998242.852,0.0,1.0,2.0,0.065,187993.581356
1715573,IT,NL,HEAVY,PLAST,1.61,998140.935,5,5,998139.855,0.0,0.0,1.0,0.08,619963.313665
1719928,IT,PL,PREC1,BASIC,1.7,997840.876,6,6,997836.83,0.0,2.0,2.0,0.046,586965.221176
1662146,IT,DK,RUBBE,RUBBE,3.31,997757.645,6,6,997755.555,0.0,1.0,1.0,0.09,301437.354985
1720493,IT,PL,MACHI,COMPU,5.56,997059.898,6,6,997056.816,0.0,1.0,2.0,0.082,179327.319784
1801256,IT,WE,FABRI,HEALT,4.06,997013.239,6,6,997010.167,0.0,1.0,2.0,0.072,245569.7633
1653998,IT,CZ,MACHI,CERAM,5.56,996913.756,6,6,996910.674,0.0,1.0,2.0,0.082,179301.035252
1641120,IT,AT,PAPER,WHOLE,3.86,996618.079,6,6,996607.981,0.0,8.0,2.0,0.098,258191.212176
1677103,IT,FR,SUPPO,RENTI,7.16,996513.036,6,6,996509.987,0.0,1.0,2.0,0.049,139177.798324
1742124,IT,US,RUBBE,HOTEL,3.3,996308.721,6,6,996306.631,0.0,1.0,1.0,0.09,301911.733636
1813927,IT,WM,TRAN2,CRUDE,1.54,996066.417,5,5,996065.39,0.0,0.0,1.0,0.027,646796.374675
1746374,IT,JP,RUBBE,RUBBE,3.3,996016.95,6,6,996014.86,0.0,1.0,1.0,0.09,301823.318182
1809267,IT,WM,CRUDE,ELEC6,1.96,995907.765,6,6,995905.679,0.0,1.0,1.0,0.086,508116.206633
1656642,IT,DE,PRINT,RESEA,9.55,995806.901,6,6,995802.825,0.0,2.0,2.0,0.076,104272.973927
1664493,IT,EE,MOTO1,MOTO1,5.3,995771.514,6,6,995768.449,0.0,1.0,2.0,0.065,187881.417736
1649962,IT,BG,FABRI,WHOLE,4.05,995697.037,6,6,995693.966,0.0,1.0,2.0,0.071,245851.120247
1657948,IT,DE,BASIC,ELEC8,1.15,995424.712,5,5,995423.649,0.0,0.0,1.0,0.063,865586.706087
1666199,IT,ES,HEAVY,BEVER,1.61,995366.501,5,5,995365.421,0.0,0.0,1.0,0.08,618240.062733
1664268,IT,EE,BASIC,CONST,1.15,995294.327,5,5,995293.264,0.0,0.0,1.0,0.063,865473.327826
1727003,IT,RO,HOTEL,POSTT,7.21,994792.097,6,6,994789.022,0.0,2.0,1.0,0.075,137973.938558
1641566,IT,AT,HEAVY,RESEA,1.61,994713.717,5,5,994712.637,0.0,0.0,1.0,0.08,617834.606832
1750752,IT,CN,TRANS,MACHI,5.94,994650.833,6,6,994647.779,0.0,1.0,2.0,0.054,167449.635185
1791239,IT,WA,FURNI,RAILW,3.17,993548.658,6,6,993542.573,0.0,3.0,3.0,0.085,313422.28959
1761172,IT,IN,CHEM1,HOTEL,2.08,993482.558,6,6,993480.45,0.0,1.0,1.0,0.108,477635.845192
1799904,IT,WE,GASDI,BUSIN,1.48,993463.162,5,5,993462.081,0.0,0.0,1.0,0.081,671258.893243
1757894,IT,BR,CHEM1,BASIC,2.08,993357.645,6,6,993355.537,0.0,1.0,1.0,0.108,477575.790865
1653284,IT,CZ,RUBBE,RESEA,3.29,993342.287,6,6,993340.197,0.0,1.0,1.0,0.09,301927.746809
1654559,IT,CZ,HOTEL,BUSIN,7.2,993208.343,6,6,993205.268,0.0,2.0,1.0,0.075,137945.603194
1749678,IT,CN,CHEM1,FOUND,2.08,993165.737,6,6,993163.629,0.0,1.0,1.0,0.108,477483.527404
1749643,IT,CN,CHEM1,COALT,2.08,993038.09,6,6,993035.982,0.0,1.0,1.0,0.108,477422.158654
1726684,IT,RO,TRANS,CONST,5.93,993003.63,6,6,993000.576,0.0,1.0,2.0,0.054,167454.237774
1675897,IT,FR,ELEC2,FABRI,0.24,992847.867,4,4,992847.763,0.0,0.0,0.0,0.104,4136866.1125
1801271,IT,WE,MACHI,POULT,5.54,992836.662,6,6,992833.58,0.0,1.0,2.0,0.082,179212.393863
1762302,IT,IN,AIRTR,AIRTR,1.08,992693.081,4,4,992693.05,0.0,0.0,0.0,0.031,919160.260185
1774623,IT,CH,SEACO,HEALT,1.01,992571.974,4,4,992571.957,0.0,0.0,0.0,0.017,982744.528713
1749677,IT,CN,CHEM1,NONF1,2.07,992519.978,6,6,992517.87,0.0,1.0,1.0,0.108,479478.250242
1780337,IT,TW,AIRTR,WEARI,1.08,992446.508,4,4,992446.477,0.0,0.0,0.0,0.031,918931.951852
1776311,IT,TR,PAPER,BASIC,3.85,992410.382,6,6,992400.284,0.0,8.0,2.0,0.098,257768.93039
1772238,IT,CH,HEAVY,NFERT,1.6,991980.247,5,5,991979.167,0.0,0.0,1.0,0.08,619987.654375
1713507,IT,MT,RUBBE,POSTT,3.29,991719.162,6,6,991717.072,0.0,1.0,1.0,0.09,301434.395745
1772703,IT,CH,CERAM,HOTEL,1.54,991581.282,5,5,991576.228,0.0,0.0,5.0,0.054,643883.949351
1723084,IT,PT,CHEM1,CEMEN,2.07,991576.22,6,6,991574.112,0.0,1.0,1.0,0.108,479022.328502
1660116,IT,DE,AIRTR,COMPU,1.08,991319.635,4,4,991319.604,0.0,0.0,0.0,0.031,917888.550926
1677850,IT,FR,BUSIN,MEATP,10.18,991314.249,6,6,991310.181,0.0,2.0,2.0,0.068,97378.609921
1788668,IT,WA,COKEO,CHARC,0.12,990736.721,4,4,990736.716,0.0,0.0,0.0,0.005,8256139.341667
1782480,IT,NO,MACHI,SUPPO,5.53,990646.968,6,6,990643.887,0.0,1.0,2.0,0.081,179140.500542
1732057,IT,SI,KEROS,BUSIN,1.47,990596.695,5,5,990595.614,0.0,0.0,1.0,0.081,673875.302721
1725984,IT,RO,CHEM1,CHEM1,2.07,990496.861,6,6,990494.753,0.0,1.0,1.0,0.108,478500.899034
1642448,IT,AT,ALUM1,TRANS,1.72,990135.302,6,6,990133.223,0.0,1.0,1.0,0.079,575660.059302
1723311,IT,PT,CEMEN,CONST,1.58,989929.086,5,5,989923.041,0.0,0.0,6.0,0.045,626537.396203
1669832,IT,ES,BUSIN,COMPU,10.17,989893.026,6,6,989888.958,0.0,2.0,2.0,0.068,97334.614159
1715541,IT,NL,GASDI,INLAN,1.47,989849.774,5,5,989848.693,0.0,0.0,1.0,0.081,673367.193197
1799962,IT,WE,HEAVY,WOODW,1.6,989810.336,5,5,989809.257,0.0,0.0,1.0,0.079,618631.46
1667488,IT,ES,FABRI,BEVER,4.03,989772.343,6,6,989769.272,0.0,1.0,2.0,0.071,245601.077667
1738419,IT,GB,ALUM1,RUBBE,1.72,989655.087,6,6,989653.008,0.0,1.0,1.0,0.079,575380.864535
1661046,IT,DE,BUSIN,RECRE,10.16,989618.248,6,6,989614.18,0.0,2.0,2.0,0.068,97403.370866
1688313,IT,IE,MEAT4,93197,5.45,989002.111,6,6,988997.044,0.0,4.0,1.0,0.067,181468.277248
1649125,IT,BG,PAPER,WHOLE,3.83,988981.367,6,6,988971.269,0.0,8.0,2.0,0.098,258219.678068
1743222,IT,US,TRANS,WHOLE,5.9,988841.597,6,6,988838.543,0.0,1.0,2.0,0.054,167600.270678
1813901,IT,WM,LANDT,WHOLE,6.38,988563.274,6,6,988561.227,0.0,1.0,1.0,0.047,154947.22163
1655803,IT,DE,VEGE1,VEGE1,3.04,988513.884,6,6,988505.669,0.0,6.0,2.0,0.215,325169.040789
1799627,IT,WE,MOTOR,SUGA1,1.48,988322.676,5,5,988321.595,0.0,0.0,1.0,0.081,667785.591892
1792769,IT,WA,BUSIN,HOTEL,10.15,988194.254,6,6,988190.186,0.0,2.0,2.0,0.068,97359.039803
1789198,IT,WA,PLAST,NFERT,2.07,988160.628,6,6,988158.527,0.0,1.0,1.0,0.101,477372.284058
1753017,IT,CA,CHEM1,NONME,2.06,988092.947,6,6,988090.839,0.0,1.0,1.0,0.108,479656.770388
1678874,IT,GR,FISH5,RAILW,4.15,987864.217,6,6,987859.709,0.0,3.0,1.0,0.508,238039.570361
1758006,IT,BR,RUBBE,PFERT,3.27,987672.39,6,6,987670.3,0.0,1.0,1.0,0.09,302040.486239
1781004,IT,TW,BUSIN,FURNI,10.14,987669.113,6,6,987665.045,0.0,2.0,2.0,0.068,97403.265582
1800957,IT,WE,ALUM1,WEARI,1.72,987365.509,6,6,987363.43,0.0,1.0,1.0,0.079,574049.714535
1800222,IT,WE,PLAST,LEATH,2.07,987179.703,6,6,987177.603,0.0,1.0,1.0,0.1,476898.407246
1655313,IT,DE,VEGET,MEAT1,3.49,986872.0,5,5,986867.961,0.0,4.0,0.0,0.039,282771.346705
1686932,IT,HU,MACHI,RUBBE,5.5,986722.015,6,6,986718.934,0.0,1.0,2.0,0.081,179404.002727
1780120,IT,TW,HOTEL,TOBAC,7.15,986658.133,6,6,986655.059,0.0,2.0,1.0,0.074,137994.144476
1665241,IT,ES,BEVER,POULT,4.2,986554.787,6,6,986550.724,0.0,3.0,1.0,0.063,234893.996905
1666621,IT,ES,CHEM1,SUPPO,2.06,986542.107,6,6,986539.999,0.0,1.0,1.0,0.108,478903.935437
1658070,IT,DE,PREC1,LANDT,1.68,986497.131,6,6,986493.086,0.0,2.0,2.0,0.045,587200.673214
1769496,IT,AU,BASIC,MOTO1,1.14,986329.248,5,5,986328.186,0.0,0.0,1.0,0.062,865201.094737
1741716,IT,US,HEAVY,RECRE,1.59,986327.186,5,5,986326.107,0.0,0.0,1.0,0.079,620331.563522
1785680,IT,ZA,HEAVY,EDUCA,1.59,986302.395,5,5,986301.316,0.0,0.0,1.0,0.079,620315.971698
1773255,IT,CH,FABRI,REALE,4.01,986161.27,6,6,986158.199,0.0,1.0,2.0,0.071,245925.503741
1749565,IT,CN,PLAST,FABRI,2.07,985992.4,6,6,985990.3,0.0,1.0,1.0,0.1,476324.830918
1677096,IT,FR,SUPPO,AIRTR,7.08,985396.892,6,6,985393.844,0.0,1.0,2.0,0.048,139180.351977
1804754,IT,WF,NAPHT,NONFE,1.67,985273.065,6,6,985269.995,0.0,1.0,2.0,0.07,589983.871257
1653934,IT,CZ,MACHI,CEREA,5.5,985231.763,6,6,985228.682,0.0,1.0,2.0,0.081,179133.047818
1803016,IT,WF,WHEAT,FINAN,0.75,985014.274,5,5,985007.25,0.0,7.0,0.0,0.024,1313352.365333
1811498,IT,WM,PLAST,COMPU,2.07,985013.923,6,6,985011.823,0.0,1.0,1.0,0.1,475852.136715
1790781,IT,WA,MACHI,PRINT,5.49,984851.336,6,6,984848.255,0.0,1.0,2.0,0.081,179390.042987
1786141,IT,ZA,BASIC,MACHI,1.13,984819.861,5,5,984818.799,0.0,0.0,1.0,0.062,871522.000885
1642899,IT,AT,TRANS,RUBBE,5.88,984795.392,6,6,984792.339,0.0,1.0,2.0,0.053,167482.209524
1801752,IT,WE,ELEC2,TRANS,0.24,984789.65,4,4,984789.547,0.0,0.0,0.0,0.103,4103290.208333
1790179,IT,WA,BASIC,93197,1.13,984772.862,5,5,984771.8,0.0,0.0,1.0,0.062,871480.40885
1788247,IT,WA,LEATH,FOOD5,7.05,984572.932,6,6,984564.762,0.0,7.0,1.0,0.17,139655.735035
1728202,IT,SE,FOOD5,MEATP,4.73,984494.125,6,6,984488.037,0.0,5.0,1.0,0.088,208138.292812
1771978,IT,CH,PAPER,INSUR,3.81,984470.047,6,6,984459.95,0.0,8.0,2.0,0.097,258391.088451
1728893,IT,SE,CHEM1,FISH5,2.06,983867.587,6,6,983865.48,0.0,1.0,1.0,0.107,477605.624757
1666891,IT,ES,GLASS,TRANS,2.7,983850.466,6,6,983845.41,0.0,1.0,4.0,0.056,364389.061481
1772803,IT,CH,NONME,WHOLE,1.99,983838.485,5,5,983836.377,0.0,0.0,2.0,0.108,494391.198492
1656372,IT,DE,WOODW,RUBBE,2.75,983818.592,6,6,983811.526,0.0,6.0,1.0,0.066,357752.215273
1720058,IT,PL,ALUM1,WHOLE,1.71,983641.93,6,6,983639.851,0.0,1.0,1.0,0.079,575229.19883
1676602,IT,FR,HOTEL,ELEC3,7.13,983550.337,6,6,983547.263,0.0,2.0,1.0,0.074,137945.348808
1749676,IT,CN,CHEM1,COPP1,2.06,983501.559,6,6,983499.452,0.0,1.0,1.0,0.107,477427.941262
1748459,IT,CN,STONE,CERAM,3.18,983362.767,6,6,983306.722,0.0,1.0,55.0,0.045,309233.574528
1719137,IT,PL,PLAST,PULP5,2.06,983344.164,6,6,983342.064,0.0,1.0,1.0,0.1,477351.535922
1766793,IT,RU,MACHI,PREC1,5.49,983343.841,6,6,983340.76,0.0,1.0,2.0,0.081,179115.453734
1653503,IT,CZ,BASIC,PAPER,1.13,983259.398,5,5,983258.336,0.0,0.0,1.0,0.062,870141.060177
1653395,IT,CZ,CERAM,CERAM,1.53,983100.467,5,5,983095.414,0.0,0.0,5.0,0.053,642549.324837
1796664,IT,WL,HOTEL,SUPPO,7.13,983092.51,6,6,983089.436,0.0,2.0,1.0,0.074,137881.137447
1720680,IT,PL,MOTO1,SUPPO,5.23,983046.404,6,6,983043.34,0.0,1.0,2.0,0.064,187962.983556
1799897,IT,WE,GASDI,POSTT,1.46,982941.58,5,5,982940.5,0.0,0.0,1.0,0.08,673247.657534
1726401,IT,RO,FABRI,VEGET,4.0,982920.145,6,6,982917.074,0.0,1.0,2.0,0.071,245730.03625
1811487,IT,WM,PLAST,LANDT,2.06,982693.563,6,6,982691.463,0.0,1.0,1.0,0.1,477035.710194
1685845,IT,HU,CHEM1,DAIRY,2.05,982688.101,6,6,982685.994,0.0,1.0,1.0,0.107,479360.049268
1764121,IT,MX,FABRI,ELECT,4.0,982645.187,6,6,982642.117,0.0,1.0,2.0,0.07,245661.29675
1741683,IT,US,HEAVY,ELEC6,1.59,982453.425,5,5,982452.346,0.0,0.0,1.0,0.079,617895.235849
1772562,IT,CH,RUBBE,DIST1,3.25,982246.679,6,6,982244.59,0.0,1.0,1.0,0.089,302229.747385
1766462,IT,RU,PREC1,FURNI,1.67,982175.323,6,6,982171.278,0.0,2.0,2.0,0.045,588128.935928
1811409,IT,WM,PLAST,MEAT4,2.06,981914.357,6,6,981912.257,0.0,1.0,1.0,0.1,476657.454854
1766200,IT,RU,GLASS,BEVER,2.7,981895.916,6,6,981890.86,0.0,1.0,4.0,0.056,363665.154074
1799602,IT,WE,MOTOR,FISHF,1.47,981868.783,5,5,981867.703,0.0,0.0,1.0,0.08,667937.947619
1801375,IT,WE,MACHI,TRAN2,5.48,981807.822,6,6,981804.741,0.0,1.0,2.0,0.081,179162.011314
1686326,IT,HU,NONME,BRICK,1.98,981316.031,5,5,981313.923,0.0,0.0,2.0,0.108,495614.157071
1754731,IT,KR,DAIRY,DAIRY,3.99,981139.518,6,6,981131.452,0.0,7.0,1.0,0.066,245899.628571
1762768,IT,IN,BUSIN,WHOLE,10.08,981129.185,6,6,981125.117,0.0,2.0,2.0,0.068,97334.244544
1746301,IT,JP,CHEM1,PUBLI,2.05,981069.705,6,6,981067.598,0.0,1.0,1.0,0.107,478570.587805
1683092,IT,HR,RUBBE,RUBBE,3.25,980816.341,6,6,980814.252,0.0,1.0,1.0,0.089,301789.643385
1749266,IT,CN,PAPER,FURNI,3.8,980752.138,6,6,980742.041,0.0,8.0,2.0,0.097,258092.667895
1751493,IT,CN,AIRTR,RECRE,1.07,980694.616,4,4,980694.585,0.0,0.0,0.0,0.031,916537.024299
1732520,IT,SI,RUBBE,CHEM1,3.25,980637.43,6,6,980635.341,0.0,1.0,1.0,0.089,301734.593846
1683740,IT,HR,MACHI,MACHI,5.47,980555.242,6,6,980552.161,0.0,1.0,2.0,0.081,179260.556124
1677307,IT,FR,FINAN,CONST,12.77,980497.927,6,6,980495.899,0.0,1.0,1.0,0.028,76781.356852
1761481,IT,IN,PREC1,OFFIC,1.67,980276.061,6,6,980272.016,0.0,2.0,2.0,0.045,586991.653293
1769978,IT,AU,TRANS,SEACO,5.85,980169.567,6,6,980166.514,0.0,1.0,2.0,0.053,167550.353333
1741241,IT,US,WOODW,REALE,2.74,979906.751,6,6,979899.685,0.0,6.0,1.0,0.066,357630.201095
1723012,IT,PT,PLAST,PLAST,2.06,979441.442,6,6,979439.342,0.0,1.0,1.0,0.1,475457.01068
1675077,IT,FR,ALUM1,RENTI,1.7,979352.768,6,6,979350.69,0.0,1.0,1.0,0.078,576089.863529
1686857,IT,HU,FABRI,RESEA,3.98,979034.062,6,6,979030.992,0.0,1.0,2.0,0.07,245988.457789
1653482,IT,CZ,BASIC,FORES,1.13,979025.801,5,5,979024.739,0.0,0.0,1.0,0.062,866394.514159
1666008,IT,ES,MOTOR,BUSIN,1.46,978927.797,5,5,978926.717,0.0,0.0,1.0,0.08,670498.491096
1790526,IT,WA,NONF1,CRUDE,0.21,978896.506,4,4,978896.5,0.0,0.0,0.0,0.006,4661411.933333
1657546,IT,DE,GLASS,PAPER,2.69,978575.077,6,6,978570.021,0.0,1.0,4.0,0.056,363782.556506
1661843,IT,DK,PAPER,WOODW,3.79,978403.179,6,6,978393.082,0.0,8.0,2.0,0.097,258153.873087
1658884,IT,DE,TRANS,AIRTR,5.84,978064.947,6,6,978061.894,0.0,1.0,2.0,0.053,167476.874486
1658536,IT,DE,MACHI,CRUDE,5.46,977938.273,6,6,977935.193,0.0,1.0,2.0,0.08,179109.57381
1680603,IT,GR,CONST,BEVER,5.47,977863.47,6,6,977858.418,0.0,1.0,4.0,0.052,178768.458867
1682668,IT,HR,KEROS,BUSIN,1.45,977791.803,5,5,977790.723,0.0,0.0,1.0,0.08,674339.174483
1743234,IT,US,TRANS,COMPU,5.83,977495.738,6,6,977492.685,0.0,1.0,2.0,0.053,167666.507376
1776289,IT,TR,PAPER,TEXTI,3.79,977448.831,6,6,977438.735,0.0,8.0,2.0,0.096,257902.066227
1741454,IT,US,MOTOR,ELEC3,1.46,977407.059,5,5,977405.979,0.0,0.0,1.0,0.08,669456.889726
1680398,IT,GR,ELEC2,SUPPO,0.24,977380.849,4,4,977380.747,0.0,0.0,0.0,0.102,4072420.204167
1811500,IT,WM,PLAST,BUSIN,2.05,977299.017,6,6,977296.918,0.0,1.0,1.0,0.099,476731.227805
1674956,IT,FR,BASIC,PLAS1,1.12,977018.047,5,5,977016.985,0.0,0.0,1.0,0.062,872337.541964
1773719,IT,CH,FURNI,PUBLI,3.12,977011.122,6,6,977005.038,0.0,3.0,3.0,0.084,313144.590385
1718820,IT,PL,PAPER,OFFIC,3.79,976995.71,6,6,976985.614,0.0,8.0,2.0,0.096,257782.509235
1728916,IT,SE,CHEM1,ALUM1,2.04,976864.284,6,6,976862.177,0.0,1.0,1.0,0.107,478855.041176
1675363,IT,FR,MACHI,PAPER,5.45,976772.084,6,6,976769.004,0.0,1.0,2.0,0.08,179224.235596
1688701,IT,IE,CHEM1,OFFIC,2.04,976709.301,6,6,976707.194,0.0,1.0,1.0,0.107,478779.069118
1641300,IT,AT,MOTOR,HEALT,1.46,976683.823,5,5,976682.743,0.0,0.0,1.0,0.08,668961.522603
1771934,IT,CH,PAPER,RUBBE,3.78,976672.334,6,6,976662.238,0.0,8.0,2.0,0.096,258378.924339
1772338,IT,CH,PLAST,WHOLE,2.05,976474.345,6,6,976472.246,0.0,1.0,1.0,0.099,476328.94878
1788265,IT,WA,LEATH,HEAVY,6.99,976252.398,6,6,976244.229,0.0,7.0,1.0,0.169,139664.148498
1725136,IT,RO,MEATC,RAILW,3.26,976159.748,6,6,976144.685,0.0,14.0,1.0,0.063,299435.505521
1771318,IT,CH,DAIRY,WHOLE,3.97,976148.932,6,6,976140.866,0.0,7.0,1.0,0.066,245881.343073
1675871,IT,FR,ELEC2,DAIRY,0.24,976132.235,4,4,976132.133,0.0,0.0,0.0,0.102,4067217.645833
1732942,IT,SI,ALUM1,BASIC,1.7,975756.163,6,6,975754.085,0.0,1.0,1.0,0.078,573974.213529
1662327,IT,DK,BASIC,FISHF,1.12,975280.578,5,5,975279.516,0.0,0.0,1.0,0.062,870786.230357
1655177,IT,CZ,BUSIN,CONST,10.02,975240.021,6,6,975235.954,0.0,2.0,2.0,0.067,97329.343413
1762311,IT,IN,AIRTR,BUSIN,1.06,975164.718,4,4,975164.687,0.0,0.0,0.0,0.031,919966.715094
1726442,IT,RO,FABRI,PLAST,3.97,975113.758,6,6,975110.688,0.0,1.0,2.0,0.07,245620.593955
1753032,IT,CA,CHEM1,FURNI,2.04,975061.933,6,6,975059.827,0.0,1.0,1.0,0.106,477971.535784
1799183,IT,WE,WEARI,POSTT,7.35,975041.383,6,6,975038.198,0.0,2.0,1.0,0.185,132658.691565
1649864,IT,BG,COPP1,OFFIC,2.46,974696.237,6,6,974692.187,0.0,1.0,3.0,0.05,396217.98252
1814026,IT,WM,SEACO,RETA1,0.99,974555.55,4,4,974555.533,0.0,0.0,0.0,0.017,984399.545455
1685785,IT,HU,PLAST,MACHI,2.04,974551.674,6,6,974549.575,0.0,1.0,1.0,0.099,477721.408824
1653847,IT,CZ,FABRI,WOODW,3.97,974439.957,6,6,974436.887,0.0,1.0,2.0,0.07,245450.870781
1673952,IT,FR,MOTOR,RECRE,1.46,974257.739,5,5,974256.66,0.0,0.0,1.0,0.079,667299.821233
1799195,IT,WE,WEARI,RECRE,7.34,974229.014,6,6,974225.829,0.0,2.0,1.0,0.185,132728.748501
1645962,IT,BE,CERAM,BUSIN,1.52,974200.387,5,5,974195.334,0.0,0.0,5.0,0.053,640921.307237
1683622,IT,HR,FABRI,FOOD5,3.96,974166.698,6,6,974163.628,0.0,1.0,2.0,0.07,246001.691414
1784479,IT,ID,NONF1,MACHI,0.21,973765.217,4,4,973765.212,0.0,0.0,0.0,0.005,4636977.22381
1668738,IT,ES,LANDT,BASIC,6.28,973648.191,6,6,973646.145,0.0,1.0,1.0,0.046,155039.52086
1675184,IT,FR,NONF1,NONF1,0.21,973590.608,4,4,973590.603,0.0,0.0,0.0,0.005,4636145.752381
1671267,IT,FI,BASIC,CONST,1.12,973471.877,5,5,973470.815,0.0,0.0,1.0,0.062,869171.31875
1741956,IT,US,CHEM1,SUPPO,2.03,973458.119,6,6,973456.013,0.0,1.0,1.0,0.106,479536.019212
1680945,IT,GR,SEACO,ELECT,0.99,973400.258,4,4,973400.241,0.0,0.0,0.0,0.017,983232.583838
1729558,IT,SE,COPP1,FABRI,2.46,973349.331,6,6,973345.281,0.0,1.0,3.0,0.05,395670.459756
1649567,IT,BG,RUBBE,WHOLE,3.22,973274.8,6,6,973272.712,0.0,1.0,1.0,0.088,302259.254658
1672948,IT,FR,DAIRY,WHOLE,3.95,973195.325,6,6,973187.259,0.0,7.0,1.0,0.066,246378.563291
1773472,IT,CH,OFFIC,SUPPO,3.02,973098.27,6,6,973096.2,0.0,1.0,1.0,0.07,322217.970199
1811165,IT,WM,NAPHT,CEMEN,1.65,972548.031,6,6,972544.961,0.0,1.0,2.0,0.07,589423.049091
1801695,IT,WE,FURNI,PUBLI,3.1,972542.728,6,6,972536.644,0.0,3.0,3.0,0.084,313723.460645
1804529,IT,WF,GASDI,TRAN2,1.45,972350.718,5,5,972349.639,0.0,0.0,1.0,0.079,670586.702069
1767322,IT,RU,HOTEL,BUSIN,7.05,972350.432,6,6,972347.359,0.0,2.0,1.0,0.073,137922.047092
1780342,IT,TW,AIRTR,MOTOR,1.06,971743.731,4,4,971743.7,0.0,0.0,0.0,0.031,916739.368868
1720279,IT,PL,FABRI,PULP5,3.95,971634.772,6,6,971631.702,0.0,1.0,2.0,0.07,245983.486582
1666054,IT,ES,KERO1,GASDI,1.39,971588.557,5,5,971587.478,0.0,0.0,1.0,0.079,698984.573381
1772546,IT,CH,RUBBE,FABRI,3.22,971554.544,6,6,971552.456,0.0,1.0,1.0,0.088,301725.013665
1675232,IT,FR,FABRI,PAPER,3.95,971449.583,6,6,971446.513,0.0,1.0,2.0,0.07,245936.603291
1737607,IT,GB,PAPER,CHEM1,3.76,971238.77,6,6,971228.674,0.0,8.0,2.0,0.096,258308.183511
1647142,IT,BE,HOTEL,BUSIN,7.04,971199.625,6,6,971196.552,0.0,2.0,1.0,0.073,137954.492188
1740885,IT,US,DAIRY,PUBLI,3.94,970723.807,6,6,970715.741,0.0,7.0,1.0,0.066,246376.600761
1746778,IT,JP,MACHI,TOBAC,5.41,970538.667,6,6,970535.587,0.0,1.0,2.0,0.08,179397.165804
1777033,IT,TR,CHEM1,HEAVY,2.03,970237.302,6,6,970235.196,0.0,1.0,1.0,0.106,477949.409852
1674703,IT,FR,GLASS,HOTEL,2.66,969946.719,6,6,969941.663,0.0,1.0,4.0,0.056,364641.623684
1769623,IT,AU,FABRI,WOODW,3.95,969920.511,6,6,969917.441,0.0,1.0,2.0,0.07,245549.496456
1662644,IT,DK,MACHI,TEXTI,5.41,969867.328,6,6,969864.248,0.0,1.0,2.0,0.08,179273.073567
1653383,IT,CZ,CERAM,FOOD5,1.51,969784.068,5,5,969779.015,0.0,0.0,5.0,0.053,642241.104636
1812885,IT,WM,FABRI,FINAN,3.95,969754.206,6,6,969751.136,0.0,1.0,2.0,0.07,245507.393924
1657958,IT,DE,BASIC,COLLE,1.12,969542.974,5,5,969541.913,0.0,0.0,1.0,0.061,865663.369643
1806551,IT,WF,FURNI,CONST,3.09,969390.084,6,6,969384.001,0.0,3.0,3.0,0.083,313718.473786
1647439,IT,BE,AIRTR,LANDT,1.06,969199.654,4,4,969199.623,0.0,0.0,0.0,0.031,914339.296226
1726128,IT,RO,RUBBE,REALE,3.21,969067.244,6,6,969065.156,0.0,1.0,1.0,0.088,301890.107165
1792112,IT,WA,AIRTR,INSUR,1.05,968943.827,4,4,968943.796,0.0,0.0,0.0,0.031,922803.644762
1791470,IT,WA,WHOLE,WHOLE,8.37,968838.247,6,6,968835.191,0.0,1.0,2.0,0.056,115751.28399
1766424,IT,RU,BASIC,WHOLE,1.12,968804.46,5,5,968803.399,0.0,0.0,1.0,0.061,865003.982143
1749016,IT,CN,LEATH,CERAM,6.94,968786.068,6,6,968777.9,0.0,7.0,1.0,0.168,139594.534294
1644224,IT,BE,OILSE,FOOD5,0.7,968663.036,5,5,968655.991,0.0,7.0,0.0,0.045,1383804.337143
1773537,IT,CH,MOTO1,OFFIC,5.16,968620.302,6,6,968617.239,0.0,1.0,2.0,0.063,187717.112791
1757901,IT,BR,CHEM1,FABRI,2.02,968589.567,6,6,968587.461,0.0,1.0,1.0,0.106,479499.785644
1677029,IT,FR,SUPPO,DAIRY,6.96,968473.096,6,6,968470.048,0.0,1.0,2.0,0.048,139148.433333
1673731,IT,FR,PAPER,CEMEN,3.75,968047.174,6,6,968037.079,0.0,8.0,2.0,0.095,258145.913067
1677072,IT,FR,SUPPO,FABRI,6.96,968028.284,6,6,968025.236,0.0,1.0,2.0,0.048,139084.523563
1748960,IT,CN,WEARI,BUSIN,7.3,968011.613,6,6,968008.429,0.0,2.0,1.0,0.184,132604.330548
1641381,IT,AT,KEROS,REALE,1.44,967883.811,5,5,967882.732,0.0,0.0,1.0,0.079,672141.535417
1789179,IT,WA,PLAST,WOODW,2.03,967848.538,6,6,967846.44,0.0,1.0,1.0,0.098,476772.678818
1744770,IT,US,RESEA,PLAST,5.24,967494.912,6,6,967492.844,0.0,1.0,1.0,0.068,184636.433588
1742135,IT,US,RUBBE,REALE,3.2,967124.023,6,6,967121.935,0.0,1.0,1.0,0.088,302226.257188
1685791,IT,HU,PLAST,FURNI,2.03,966979.246,6,6,966977.148,0.0,1.0,1.0,0.098,476344.456158
1758508,IT,BR,MACHI,FABRI,5.39,966746.175,6,6,966743.096,0.0,1.0,2.0,0.079,179359.216141
1665789,IT,ES,PAPER,EDUCA,3.75,966693.068,6,6,966682.973,0.0,8.0,2.0,0.095,257784.818133
1682961,IT,HR,PLAST,MOTO1,2.03,966616.589,6,6,966614.491,0.0,1.0,1.0,0.098,476165.807389
1771744,IT,CH,LEATH,BASIC,6.92,966595.523,6,6,966587.356,0.0,7.0,1.0,0.167,139681.43396
1730249,IT,SE,SEACO,FISH5,0.98,966558.399,4,4,966558.382,0.0,0.0,0.0,0.017,986284.080612
1737983,IT,GB,CHEM1,RENTI,2.02,966558.196,6,6,966556.09,0.0,1.0,1.0,0.106,478494.156436
1766693,IT,RU,FABRI,RESEA,3.93,966432.51,6,6,966429.441,0.0,1.0,2.0,0.069,245911.580153
1642886,IT,AT,MOTO1,RESEA,5.14,966212.575,6,6,966209.512,0.0,1.0,2.0,0.063,187979.100195
1805085,IT,WF,NFERT,VEGET,0.2,966076.777,4,4,966076.698,0.0,0.0,0.0,0.079,4830383.885
1749606,IT,CN,CHEM1,OILSE,2.02,965726.816,6,6,965724.711,0.0,1.0,1.0,0.105,478082.582178
1752494,IT,CA,FOOD5,RAWMI,4.64,965612.484,6,6,965607.398,0.0,4.0,1.0,0.086,208106.138793
1717225,IT,NL,SUPPO,SUPPO,6.94,965578.338,6,6,965575.291,0.0,1.0,2.0,0.047,139132.32536
1773013,IT,CH,ALUM1,FOOD5,1.68,965320.685,6,6,965318.608,0.0,1.0,1.0,0.077,574595.645833
1640870,IT,AT,LEATH,GASDI,6.91,965301.804,6,6,965293.637,0.0,7.0,1.0,0.167,139696.35369
1756087,IT,KR,FABRI,OFFIC,3.93,965247.256,6,6,965244.187,0.0,1.0,2.0,0.069,245609.988804
1782471,IT,NO,MACHI,RETAI,5.38,964946.943,6,6,964943.864,0.0,1.0,2.0,0.079,179358.167844
1735438,IT,SK,BASIC,CEMEN,1.11,964405.842,5,5,964404.781,0.0,0.0,1.0,0.061,868834.091892
1678822,IT,GR,BEVER,FOOD5,4.1,964289.369,6,6,964285.307,0.0,3.0,1.0,0.062,235192.529024
1666010,IT,ES,MOTOR,EDUCA,1.44,964285.212,5,5,964284.133,0.0,0.0,1.0,0.079,669642.508333
1814068,IT,WM,AIRTR,NATUR,1.05,963985.584,4,4,963985.554,0.0,0.0,0.0,0.03,918081.508571
1686106,IT,HU,RUBBE,FURNI,3.19,963949.558,6,6,963947.471,0.0,1.0,1.0,0.087,302178.544828
1686401,IT,HU,BASIC,PLAST,1.11,963938.48,5,5,963937.419,0.0,0.0,1.0,0.061,868413.045045
1784288,IT,ID,CHEM1,TRANS,2.01,963919.22,6,6,963917.115,0.0,1.0,1.0,0.105,479561.800995
1723589,IT,PT,FABRI,RUBBE,3.92,963828.509,6,6,963825.44,0.0,1.0,2.0,0.069,245874.619643
1741871,IT,US,CHEM1,MEAT1,2.01,963800.171,6,6,963798.066,0.0,1.0,1.0,0.105,479502.572637
1659014,IT,DE,ELEC2,BASIC,0.23,963779.52,4,4,963779.419,0.0,0.0,0.0,0.101,4190345.73913
1715322,IT,NL,PAPER,HEALT,3.73,963449.55,6,6,963439.455,0.0,8.0,2.0,0.095,258297.466488
1801329,IT,WE,MACHI,CHEM1,5.37,963317.091,6,6,963314.012,0.0,1.0,2.0,0.079,179388.657542
1754537,IT,CA,BUSIN,WHOLE,9.89,963308.25,6,6,963304.184,0.0,2.0,2.0,0.066,97402.249747
1719272,IT,PL,CHEM1,BASIC,2.01,963153.536,6,6,963151.431,0.0,1.0,1.0,0.105,479180.863682
1800001,IT,WE,HEAVY,OFFIC,1.56,963072.293,5,5,963071.216,0.0,0.0,1.0,0.077,617354.033974
1777527,IT,TR,BASIC,RETA1,1.11,962806.685,5,5,962805.624,0.0,0.0,1.0,0.061,867393.40991
1786375,IT,ZA,MACHI,CHEM1,5.37,962688.574,6,6,962685.495,0.0,1.0,2.0,0.079,179271.61527
1800278,IT,WE,PLAST,SALEM,2.02,962600.209,6,6,962598.111,0.0,1.0,1.0,0.098,476534.756931
1812887,IT,WM,FABRI,AUXIL,3.92,962394.101,6,6,962391.032,0.0,1.0,2.0,0.069,245508.699235
1745414,IT,JP,DAIRY,BEVER,3.91,962347.488,6,6,962339.423,0.0,7.0,1.0,0.065,246124.677238
1742971,IT,US,MACHI,PAPE1,5.37,962278.459,6,6,962275.38,0.0,1.0,2.0,0.079,179195.243762
1768946,IT,AU,PAPER,WOODW,3.73,962179.525,6,6,962169.43,0.0,8.0,2.0,0.095,257956.977212
1800031,IT,WE,HEAVY,RESEA,1.55,962112.906,5,5,962111.829,0.0,0.0,1.0,0.077,620718.003871
1766494,IT,RU,ALUM1,TRANS,1.67,961921.348,6,6,961919.271,0.0,1.0,1.0,0.077,576000.807186
1811597,IT,WM,CHEM1,SANDC,2.01,961844.982,6,6,961842.877,0.0,1.0,1.0,0.105,478529.841791
1662512,IT,DK,COPP1,FABRI,2.43,961404.239,6,6,961400.189,0.0,1.0,3.0,0.05,395639.604527
1733390,IT,SI,ELEC1,FABRI,0.14,961302.049,4,4,961301.988,0.0,0.0,0.0,0.061,6866443.207143
1733862,IT,SI,SEACO,TEXTI,0.98,961259.25,4,4,961259.233,0.0,0.0,0.0,0.017,980876.785714
1777747,IT,TR,NONF1,MOTO1,0.21,961188.138,4,4,961188.133,0.0,0.0,0.0,0.005,4577086.371429
1741479,IT,US,MOTOR,REALE,1.44,960760.086,5,5,960759.008,0.0,0.0,1.0,0.078,667194.504167
1642631,IT,AT,FABRI,ALUM1,3.91,960718.823,6,6,960715.754,0.0,1.0,2.0,0.069,245708.138875
1720494,IT,PL,MACHI,RESEA,5.36,960687.883,6,6,960684.804,0.0,1.0,2.0,0.079,179232.813993
1812724,IT,WM,NONF1,MOTOR,0.21,960644.479,4,4,960644.474,0.0,0.0,0.0,0.005,4574497.519048
1657910,IT,DE,BASIC,NUCLE,1.11,960364.839,5,5,960363.778,0.0,0.0,1.0,0.061,865193.548649
1648494,IT,BG,OILSE,NONME,0.69,960330.44,5,5,960323.395,0.0,7.0,0.0,0.045,1391783.246377
1661984,IT,DK,PETRO,NONME,1.61,960197.089,6,6,960194.014,0.0,1.0,2.0,0.075,596395.707453
1661846,IT,DK,PAPER,PRINT,3.72,959985.026,6,6,959974.931,0.0,8.0,2.0,0.095,258060.49086
1772647,IT,CH,GLASS,DISTR,2.63,959949.521,6,6,959944.466,0.0,1.0,4.0,0.055,364999.817871
1677933,IT,FR,BUSIN,INSUR,9.86,959681.704,6,6,959677.638,0.0,2.0,2.0,0.066,97330.801623
1809304,IT,WM,STONE,GASDI,3.1,959559.352,6,6,959504.308,0.0,1.0,54.0,0.044,309535.274839
1676843,IT,FR,LANDT,SUPPO,6.19,959363.276,6,6,959361.231,0.0,1.0,1.0,0.045,154985.989661
1676807,IT,FR,LANDT,BASIC,6.19,959290.877,6,6,959288.832,0.0,1.0,1.0,0.045,154974.293538
1777538,IT,TR,BASIC,RESEA,1.1,959255.793,5,5,959254.732,0.0,0.0,1.0,0.061,872050.720909
1806499,IT,WF,TRANS,SEACO,5.72,959018.906,6,6,959015.854,0.0,1.0,2.0,0.052,167660.647902
1764238,IT,MX,MACHI,CERAM,5.35,958953.873,6,6,958950.794,0.0,1.0,2.0,0.079,179243.714579
1741770,IT,US,NONSP,RADIO,1.26,958942.9,5,5,958941.848,0.0,0.0,1.0,0.052,761065.793651
1657947,IT,DE,BASIC,ELEC7,1.1,958857.845,5,5,958856.784,0.0,0.0,1.0,0.061,871688.95
1805005,IT,WF,PLAST,LEATH,2.01,958763.759,6,6,958761.661,0.0,1.0,1.0,0.098,476996.895025
1748100,IT,JP,BUSIN,HEALT,9.85,958676.337,6,6,958672.271,0.0,2.0,2.0,0.066,97327.546904
1812573,IT,WM,ALUM1,EDUCA,1.67,958639.31,6,6,958637.233,0.0,1.0,1.0,0.077,574035.51497
1763682,IT,MX,RUBBE,PREC1,3.18,958626.074,6,6,958623.987,0.0,1.0,1.0,0.087,301454.740252
1748098,IT,JP,BUSIN,PUBLI,9.84,958336.634,6,6,958332.568,0.0,2.0,2.0,0.066,97391.93435
1661229,IT,DK,VEGET,VEGET,3.39,958295.467,5,5,958291.429,0.0,4.0,0.0,0.038,282683.028614
1751284,IT,CN,HOTEL,93197,6.95,958240.116,6,6,958237.044,0.0,2.0,1.0,0.072,137876.275683
1689291,IT,IE,WHOLE,HEALT,8.28,958178.505,6,6,958175.449,0.0,1.0,2.0,0.056,115722.041667
1778932,IT,TR,SEACO,OFFIC,0.97,958007.741,4,4,958007.724,0.0,0.0,0.0,0.017,987636.846392
1801317,IT,WE,MACHI,GASDI,5.34,957951.186,6,6,957948.107,0.0,1.0,2.0,0.079,179391.607865
1795006,IT,WL,CHEM1,RECRE,2.0,957877.546,6,6,957875.441,0.0,1.0,1.0,0.105,478938.773
1720785,IT,PL,TRANS,PUBLI,5.72,957851.394,6,6,957848.342,0.0,1.0,2.0,0.052,167456.537413
1790403,IT,WA,LEAD1,PFERT,1.67,957806.253,6,6,957800.172,0.0,2.0,4.0,0.081,573536.678443
1658369,IT,DE,NONF1,RESEA,0.21,957666.842,4,4,957666.837,0.0,0.0,0.0,0.005,4560318.295238
1794934,IT,WL,CHEM1,HEAVY,2.0,957614.259,6,6,957612.154,0.0,1.0,1.0,0.105,478807.1295
1748779,IT,CN,TEXTI,WOODW,5.67,957504.261,6,6,957502.134,0.0,1.0,1.0,0.127,168872.003704
1671259,IT,FI,BASIC,TRANS,1.1,957396.656,5,5,957395.595,0.0,0.0,1.0,0.061,870360.596364
1716897,IT,NL,HOTEL,POSTT,6.94,957393.438,6,6,957390.366,0.0,2.0,1.0,0.072,137952.944957
1765971,IT,RU,CHEM1,BEVER,2.0,956965.233,6,6,956963.129,0.0,1.0,1.0,0.104,478482.6165
1643643,IT,AT,AIRTR,WHOLE,1.04,956810.396,4,4,956810.366,0.0,0.0,0.0,0.03,920009.996154
1763673,IT,MX,RUBBE,CHEM1,3.17,956648.718,6,6,956646.631,0.0,1.0,1.0,0.087,301781.929968
1771086,IT,CH,NATUR,WHOLE,1.34,956555.539,6,6,956553.476,0.0,1.0,1.0,0.063,713847.417164
1755607,IT,KR,CHEM1,93197,2.0,956501.974,6,6,956499.87,0.0,1.0,1.0,0.104,478250.987
1795717,IT,WL,MACHI,CEREA,5.34,956369.676,6,6,956366.597,0.0,1.0,2.0,0.079,179095.444944
1719447,IT,PL,RUBBE,SUPPO,3.17,956299.312,6,6,956297.225,0.0,1.0,1.0,0.087,301671.707256
1673929,IT,FR,MOTOR,POSTT,1.43,956010.948,5,5,956009.87,0.0,0.0,1.0,0.078,668539.124476
1754777,IT,KR,FOOD5,CATTL,4.59,955929.233,6,6,955924.148,0.0,4.0,1.0,0.085,208263.449455
1800961,IT,WE,ALUM1,PRINT,1.66,955863.003,6,6,955860.926,0.0,1.0,1.0,0.077,575821.086145
1741336,IT,US,PAPER,PUBLI,3.7,955832.213,6,6,955822.119,0.0,8.0,2.0,0.094,258333.030541
1805260,IT,WF,CHEM1,REALE,2.0,955443.736,6,6,955441.632,0.0,1.0,1.0,0.104,477721.868
1717720,IT,NL,BUSIN,BUSIN,9.81,955424.453,6,6,955420.387,0.0,2.0,2.0,0.066,97392.910601
1756020,IT,KR,NONF1,NONF1,0.21,955367.198,4,4,955367.193,0.0,0.0,0.0,0.005,4549367.609524
1790191,IT,WA,PREC1,NONFE,1.62,955126.724,6,6,955122.68,0.0,2.0,2.0,0.044,589584.397531
1660993,IT,DE,BUSIN,DISTR,9.81,954854.145,6,6,954850.079,0.0,2.0,2.0,0.066,97334.775229
1720671,IT,PL,MOTO1,SALEM,5.08,954825.717,6,6,954822.655,0.0,1.0,2.0,0.062,187957.818307
1806178,IT,WF,FABRI,HEALT,3.89,954800.864,6,6,954797.796,0.0,1.0,2.0,0.068,245450.093573
1789809,IT,WA,CERAM,CRUDE,1.49,954791.486,5,5,954786.434,0.0,0.0,5.0,0.052,640799.655034
1644734,IT,BE,BEVER,HEALT,4.06,954706.458,6,6,954702.397,0.0,3.0,1.0,0.061,235149.373892
1676585,IT,FR,HOTEL,CEMEN,6.92,954550.317,6,6,954547.245,0.0,2.0,1.0,0.072,137940.797254
1674210,IT,FR,LIQUE,DIST1,1.67,954536.373,5,5,954535.296,0.0,0.0,1.0,0.077,571578.666467
1751385,IT,CN,SEACO,PREC1,0.97,954485.612,4,4,954485.595,0.0,0.0,0.0,0.017,984005.785567
1683258,IT,HR,CERAM,HOTEL,1.49,954358.043,5,5,954352.991,0.0,0.0,5.0,0.052,640508.753691
1759106,IT,BR,AIRTR,MOTOR,1.04,954256.509,4,4,954256.479,0.0,0.0,0.0,0.03,917554.335577
1764290,IT,MX,MACHI,REALE,5.32,953974.093,6,6,953971.015,0.0,1.0,2.0,0.078,179318.438534
1796158,IT,WL,FURNI,CRUDE,3.04,953775.609,6,6,953770.527,0.0,3.0,2.0,0.082,313741.976645
1794660,IT,WL,NAPHT,PULP5,1.62,953763.181,6,6,953760.113,0.0,1.0,2.0,0.068,588742.704321
1809916,IT,WM,BEVER,RETA1,4.06,953696.856,6,6,953692.795,0.0,3.0,1.0,0.061,234900.703448
1688331,IT,IE,VEGE1,HEALT,2.93,953671.142,6,6,953662.935,0.0,6.0,2.0,0.207,325485.031399
1666550,IT,ES,CHEM1,BEVER,1.99,953661.077,6,6,953658.973,0.0,1.0,1.0,0.104,479226.671859
1814588,IT,WM,BUSIN,CONST,9.79,953657.77,6,6,953653.704,0.0,2.0,2.0,0.066,97411.416752
1801175,IT,WE,FABRI,BEVER,3.88,953625.776,6,6,953622.708,0.0,1.0,2.0,0.068,245779.839175
1677089,IT,FR,SUPPO,SALEM,6.85,953532.965,6,6,953529.918,0.0,1.0,2.0,0.047,139201.892701
1659647,IT,DE,HOTEL,AIRTR,6.91,953380.022,6,6,953376.95,0.0,2.0,1.0,0.072,137971.059624
1649433,IT,BG,CHEM1,FABRI,1.99,953186.305,6,6,953184.201,0.0,1.0,1.0,0.104,478988.092965
1683281,IT,HR,BRICK,CONST,1.43,953165.251,5,5,953160.19,0.0,0.0,5.0,0.061,666549.126573
1733049,IT,SI,COPP1,MACHI,2.41,953073.925,6,6,953069.876,0.0,1.0,3.0,0.049,395466.358921
1654148,IT,CZ,MOTO1,PAPER,5.07,952849.428,6,6,952846.366,0.0,1.0,2.0,0.062,187938.743195
1719336,IT,PL,CHEM1,RECRE,1.99,952503.756,6,6,952501.652,0.0,1.0,1.0,0.104,478645.103518
1789629,IT,WA,RUBBE,LEATH,3.16,952395.902,6,6,952393.816,0.0,1.0,1.0,0.086,301391.108228
1790549,IT,WA,NONF1,PLAST,0.21,952395.461,4,4,952395.456,0.0,0.0,0.0,0.005,4535216.480952
1805644,IT,WF,NONME,NONME,1.92,952254.006,5,5,952251.902,0.0,0.0,2.0,0.104,495965.628125
1763854,IT,MX,NONME,CERAM,1.92,952174.629,5,5,952172.525,0.0,0.0,2.0,0.104,495924.285938
1679705,IT,GR,NONME,MEATC,1.92,952134.77,5,5,952132.666,0.0,0.0,2.0,0.104,495903.526042
1782392,IT,NO,FABRI,SUPPO,3.87,952016.858,6,6,952013.79,0.0,1.0,2.0,0.068,245999.188114
1790869,IT,WA,MACHI,RECRE,5.31,951985.202,6,6,951982.124,0.0,1.0,2.0,0.078,179281.582298
1800516,IT,WE,RUBBE,RUBBE,3.15,951968.055,6,6,951965.969,0.0,1.0,1.0,0.086,302212.080952
1784285,IT,ID,CHEM1,RADIO,1.99,951833.918,6,6,951831.814,0.0,1.0,1.0,0.104,478308.501508
1715653,IT,NL,NAPHT,WHOLE,1.62,951812.224,6,6,951809.156,0.0,1.0,2.0,0.068,587538.409877
1653996,IT,CZ,MACHI,RUBBE,5.31,951430.659,6,6,951427.581,0.0,1.0,2.0,0.078,179177.148588
1761566,IT,IN,COPP1,FABRI,2.4,951285.719,6,6,951281.67,0.0,1.0,3.0,0.049,396369.049583
1785837,IT,ZA,CHEM1,FURNI,1.99,951214.333,6,6,951212.229,0.0,1.0,1.0,0.104,477997.152261
1794859,IT,WL,PFERT,SUGAR,0.42,951032.944,4,4,951032.792,0.0,0.0,0.0,0.152,2264364.152381
1801822,IT,WE,ELEC6,TRANS,0.14,950924.455,4,4,950924.303,0.0,0.0,0.0,0.152,6792317.535714
1684257,IT,HR,SEACO,SEACO,0.97,950808.817,4,4,950808.801,0.0,0.0,0.0,0.016,980215.275258
1669199,IT,ES,POSTT,DIST1,15.66,950618.955,6,6,950615.883,0.0,1.0,2.0,0.072,60703.636973
1645735,IT,BE,RUBBE,PULP5,3.15,950462.941,6,6,950460.855,0.0,1.0,1.0,0.086,301734.266984
1773046,IT,CH,ALUM1,MOTO1,1.65,950431.204,6,6,950429.128,0.0,1.0,1.0,0.076,576018.911515
1745527,IT,JP,FOOD5,RECRE,4.57,950390.76,6,6,950385.675,0.0,4.0,1.0,0.085,207962.967177
1720755,IT,PL,TRANS,MOTO1,5.67,950361.619,6,6,950358.567,0.0,1.0,2.0,0.052,167612.278483
1665379,IT,ES,TEXTI,PAPER,5.63,950033.204,6,6,950031.078,0.0,1.0,1.0,0.126,168744.796448
1813189,IT,WM,MOTO1,SUPPO,5.06,949801.246,6,6,949798.184,0.0,1.0,2.0,0.062,187707.756126
1767103,IT,RU,FURNI,CONST,3.03,949713.514,6,6,949708.432,0.0,3.0,2.0,0.082,313436.8033
1769789,IT,AU,MACHI,ELEC1,5.3,949687.518,6,6,949684.44,0.0,1.0,2.0,0.078,179186.324151
1657174,IT,DE,CHEM1,CATTL,1.98,949333.492,6,6,949331.388,0.0,1.0,1.0,0.104,479461.359596
1764846,IT,MX,SEACO,SUPPO,0.97,949319.241,4,4,949319.225,0.0,0.0,0.0,0.016,978679.629897
1661421,IT,DK,VEGE1,BUSIN,2.92,949278.351,6,6,949270.144,0.0,6.0,2.0,0.207,325095.325685
1645909,IT,BE,CERAM,SUGA1,1.48,949103.516,5,5,949098.465,0.0,0.0,5.0,0.051,641286.159459
1746393,IT,JP,RUBBE,MOTO1,3.14,948945.562,6,6,948943.476,0.0,1.0,1.0,0.086,302211.96242
1800008,IT,WE,HEAVY,ELEC6,1.53,948883.836,5,5,948882.76,0.0,0.0,1.0,0.076,620185.513725
1811907,IT,WM,RUBBE,DISTR,3.14,948540.069,6,6,948537.983,0.0,1.0,1.0,0.086,302082.824522
1788400,IT,WA,WOODW,RETA1,2.65,948510.604,6,6,948503.54,0.0,6.0,1.0,0.064,357928.529811
1728008,IT,SE,SANDC,CONST,2.17,947934.186,5,5,947726.152,0.0,0.0,208.0,0.034,436836.030415
1682355,IT,HR,WOODW,CONST,2.65,947909.886,6,6,947902.822,0.0,6.0,1.0,0.064,357701.843774
1734398,IT,SK,VEGET,BEVER,3.36,947781.864,5,5,947777.827,0.0,4.0,0.0,0.037,282077.935714
1749248,IT,CN,PAPER,BRICK,3.67,947766.476,6,6,947756.383,0.0,8.0,2.0,0.093,258246.996185
1797282,IT,WL,INSUR,COPP1,19.53,947648.721,6,6,947646.677,0.0,1.0,1.0,0.044,48522.719969
1716196,IT,NL,ALUM1,MOTO1,1.65,947598.927,6,6,947596.851,0.0,1.0,1.0,0.076,574302.38
1763560,IT,MX,CHEM1,RUBBE,1.98,947542.909,6,6,947540.806,0.0,1.0,1.0,0.103,478557.024747
1715185,IT,NL,WOODW,PULP5,2.65,947440.368,6,6,947433.304,0.0,6.0,1.0,0.064,357524.66717
1738726,IT,GB,MACHI,COMPU,5.28,947209.03,6,6,947205.952,0.0,1.0,2.0,0.078,179395.649621
1725947,IT,RO,CHEM1,VEGET,1.98,946998.22,6,6,946996.117,0.0,1.0,1.0,0.103,478281.929293
1731977,IT,SI,KEROS,CEREA,1.41,946690.277,5,5,946689.2,0.0,0.0,1.0,0.077,671411.543972
1738038,IT,GB,RUBBE,BEVER,3.14,946680.346,6,6,946678.26,0.0,1.0,1.0,0.086,301490.556051
1643488,IT,AT,LANDT,BUSIN,6.11,946676.918,6,6,946674.873,0.0,1.0,1.0,0.045,154938.939116
1811342,IT,WM,BITU1,RESEA,1.49,946616.043,5,5,946614.968,0.0,0.0,1.0,0.075,635312.780537
1682805,IT,HR,HEAVY,OFFIC,1.53,946331.786,5,5,946330.71,0.0,0.0,1.0,0.076,618517.50719
1723071,IT,PT,CHEM1,PULP5,1.98,946193.73,6,6,946191.627,0.0,1.0,1.0,0.103,477875.621212
1713590,IT,MT,NONME,BUSIN,1.91,946088.071,5,5,946085.967,0.0,0.0,2.0,0.104,495334.068586
1680293,IT,GR,FURNI,HOTEL,3.02,945994.636,6,6,945989.555,0.0,3.0,2.0,0.081,313243.256954
1716133,IT,NL,PREC1,FOUND,1.61,945985.912,6,6,945981.868,0.0,2.0,2.0,0.044,587568.889441
1676780,IT,FR,LANDT,KEROS,6.1,945775.435,6,6,945773.39,0.0,1.0,1.0,0.045,155045.153279
1658549,IT,DE,MACHI,BEVER,5.28,945773.061,6,6,945769.983,0.0,1.0,2.0,0.078,179123.685795
1744259,IT,US,POSTT,HOTEL,15.57,945527.567,6,6,945524.495,0.0,1.0,2.0,0.072,60727.525177
1650289,IT,BG,ELEC1,RETA1,0.14,945485.87,4,4,945485.81,0.0,0.0,0.0,0.06,6753470.5
1752062,IT,CN,BUSIN,BITUM,9.71,945433.108,6,6,945429.043,0.0,2.0,2.0,0.065,97366.95242
1810735,IT,WM,MOTOR,RETA1,1.41,945212.911,5,5,945211.834,0.0,0.0,1.0,0.077,670363.766667
1675894,IT,FR,ELEC2,ALUM1,0.23,945150.082,4,4,945149.983,0.0,0.0,0.0,0.099,4109348.182609
1723923,IT,PT,FURNI,HEALT,3.02,945100.105,6,6,945095.024,0.0,3.0,2.0,0.081,312947.054636
1742911,IT,US,MACHI,CEMEN,5.27,945088.221,6,6,945085.143,0.0,1.0,2.0,0.078,179333.628273
1667031,IT,ES,NONME,FOOD5,1.91,944996.164,5,5,944994.06,0.0,0.0,2.0,0.104,494762.389529
1674291,IT,FR,PLAST,PLAST,1.98,944962.309,6,6,944960.213,0.0,1.0,1.0,0.096,477253.691414
1713061,IT,MT,VEGE1,PLAST,2.91,944919.921,6,6,944911.715,0.0,6.0,2.0,0.206,324714.749485
1803865,IT,WF,TEXTI,REALE,5.6,944858.807,6,6,944856.682,0.0,1.0,1.0,0.125,168724.786964
1645731,IT,BE,RUBBE,TEXTI,3.13,944765.212,6,6,944763.126,0.0,1.0,1.0,0.086,301841.920767
1677086,IT,FR,SUPPO,DIST1,6.79,944661.468,6,6,944658.422,0.0,1.0,2.0,0.046,139125.400295
1773982,IT,CH,SALEM,RENTI,7.62,944514.145,6,6,944512.086,0.0,1.0,1.0,0.059,123951.987533
1747502,IT,JP,SEACO,WHOLE,0.96,944102.298,4,4,944102.282,0.0,0.0,0.0,0.016,983439.89375
1649404,IT,BG,CHEM1,WOODW,1.97,944024.212,6,6,944022.109,0.0,1.0,1.0,0.103,479200.107614
1811486,IT,WM,PLAST,RAILW,1.98,943923.045,6,6,943920.949,0.0,1.0,1.0,0.096,476728.810606
1755983,IT,KR,ALUM1,MOTO1,1.64,943893.014,6,6,943890.938,0.0,1.0,1.0,0.076,575544.520732
1809078,IT,WM,CROPS,RAWMI,7.48,943875.076,6,6,943872.024,0.0,1.0,2.0,0.052,126186.507487
1716902,IT,NL,HOTEL,RENTI,6.84,943815.897,6,6,943812.826,0.0,2.0,1.0,0.071,137984.780263
1671086,IT,FI,RUBBE,AUXIL,3.13,943786.756,6,6,943784.67,0.0,1.0,1.0,0.086,301529.315016
1762783,IT,IN,BUSIN,COMPU,9.69,943744.219,6,6,943740.154,0.0,2.0,2.0,0.065,97393.624252
1666561,IT,ES,CHEM1,MOTOR,1.97,943667.125,6,6,943665.022,0.0,1.0,1.0,0.103,479018.845178
1732841,IT,SI,BASIC,FURNI,1.09,943635.17,5,5,943634.11,0.0,0.0,1.0,0.06,865720.33945
1772766,IT,CH,NONME,WOODW,1.91,943394.078,5,5,943391.974,0.0,0.0,2.0,0.104,493923.601047
1804541,IT,WF,GASDI,BUSIN,1.4,943096.16,5,5,943095.083,0.0,0.0,1.0,0.077,673640.114286
1803867,IT,WF,TEXTI,RESEA,5.59,943064.376,6,6,943062.251,0.0,1.0,1.0,0.125,168705.61288
1665439,IT,ES,TEXTI,HEALT,5.59,943044.898,6,6,943042.773,0.0,1.0,1.0,0.125,168702.128444
1675444,IT,FR,MACHI,INTER,5.26,943012.668,6,6,943009.591,0.0,1.0,2.0,0.077,179279.974905
1649749,IT,BG,BASIC,CEMEN,1.09,942837.145,5,5,942836.085,0.0,0.0,1.0,0.06,864988.206422
1762785,IT,IN,BUSIN,BUSIN,9.68,942784.684,6,6,942780.619,0.0,2.0,2.0,0.065,97395.111983
1650381,IT,BG,ELEC2,HEALT,0.23,942742.004,4,4,942741.905,0.0,0.0,0.0,0.099,4098878.278261
1747985,IT,JP,RESEA,RESEA,5.11,942335.534,6,6,942333.468,0.0,1.0,1.0,0.066,184410.084932
1781921,IT,NO,CHEM1,WHOLE,1.97,942243.011,6,6,942240.908,0.0,1.0,1.0,0.103,478295.94467
1749591,IT,CN,PFERT,PLANT,0.41,942104.883,4,4,942104.732,0.0,0.0,0.0,0.151,2297816.787805
1777561,IT,TR,PREC1,PREC1,1.6,941960.745,6,6,941956.702,0.0,2.0,2.0,0.043,588725.465625
1785672,IT,ZA,HEAVY,POSTT,1.52,941898.521,5,5,941897.445,0.0,0.0,1.0,0.076,619670.079605
1715815,IT,NL,RUBBE,WOODW,3.12,941754.879,6,6,941752.794,0.0,1.0,1.0,0.085,301844.5125
1804921,IT,WF,BITU1,REALE,1.48,941705.499,5,5,941704.424,0.0,0.0,1.0,0.075,636287.499324
1666828,IT,ES,RUBBE,RECRE,3.12,941407.528,6,6,941405.443,0.0,1.0,1.0,0.085,301733.182051
1682255,IT,HR,LEATH,TEXTI,6.74,941363.394,6,6,941355.231,0.0,7.0,1.0,0.163,139668.159347
1750018,IT,CN,NONME,BASIC,1.9,941320.058,5,5,941317.955,0.0,0.0,2.0,0.103,495431.609474
1655821,IT,DE,VEGE1,CHEM1,2.89,941257.026,6,6,941248.821,0.0,6.0,2.0,0.205,325694.472664
1672806,IT,FR,MEAT1,FOOD5,4.4,941169.132,6,6,941165.016,0.0,3.0,1.0,0.116,213902.075455
1742694,IT,US,NONF1,WHOLE,0.21,941113.152,4,4,941113.147,0.0,0.0,0.0,0.005,4481491.2
1719362,IT,PL,RUBBE,BITUM,3.12,941087.732,6,6,941085.647,0.0,1.0,1.0,0.085,301630.683333
1780333,IT,TW,AIRTR,BEVER,1.02,941016.429,4,4,941016.399,0.0,0.0,0.0,0.03,922565.126471
1752639,IT,CA,TEXTI,CONST,5.57,940799.354,6,6,940797.229,0.0,1.0,1.0,0.125,168904.731418
1794965,IT,WL,CHEM1,FABRI,1.97,940715.678,6,6,940713.575,0.0,1.0,1.0,0.103,477520.648731
1740616,IT,US,CRUDE,CRUDE,1.85,940531.409,6,6,940529.328,0.0,1.0,1.0,0.081,508395.356216
1664960,IT,ES,SANDC,CEMEN,2.16,940342.393,5,5,940135.359,0.0,0.0,207.0,0.034,435343.700463
1777205,IT,TR,RUBBE,MEATC,3.11,940148.898,6,6,940146.813,0.0,1.0,1.0,0.085,302298.681029
1762289,IT,IN,AIRTR,BLAST,1.02,940088.389,4,4,940088.359,0.0,0.0,0.0,0.03,921655.283333
1799628,IT,WE,MOTOR,FOOD5,1.4,939978.318,5,5,939977.241,0.0,0.0,1.0,0.077,671413.084286
1665671,IT,ES,PULP5,WOODW,2.87,939975.661,6,6,939968.573,0.0,5.0,2.0,0.088,327517.651916
1729732,IT,SE,MACHI,WOODW,5.24,939935.744,6,6,939932.667,0.0,1.0,2.0,0.077,179377.050382
1679497,IT,GR,CHEM1,CONST,1.96,939899.616,6,6,939897.513,0.0,1.0,1.0,0.103,479540.620408
1738613,IT,GB,FABRI,PUBLI,3.82,939781.939,6,6,939778.872,0.0,1.0,2.0,0.067,246016.214398
1779031,IT,TR,AIRTR,DISTR,1.02,939582.896,4,4,939582.866,0.0,0.0,0.0,0.03,921159.701961
1672734,IT,FR,CHEMI,FOUND,2.24,939506.425,6,6,939457.337,0.0,3.0,46.0,0.088,419422.511161
1726205,IT,RO,BRICK,CONST,1.41,938849.984,5,5,938844.924,0.0,0.0,5.0,0.06,665851.052482
1666160,IT,ES,GASDI,PUBLI,1.4,938736.753,5,5,938735.677,0.0,0.0,1.0,0.076,670526.252143
1750503,IT,CN,MACHI,COPP1,5.24,938706.051,6,6,938702.974,0.0,1.0,2.0,0.077,179142.376145
1751178,IT,CN,HOTEL,FOOD5,6.8,938514.632,6,6,938511.561,0.0,2.0,1.0,0.071,138016.857647
1752490,IT,CA,FOOD5,PIGS9,4.51,938436.85,6,6,938431.766,0.0,4.0,1.0,0.084,208079.124169
1804111,IT,WF,PAPER,MEAT4,3.64,938426.315,6,6,938416.222,0.0,8.0,2.0,0.093,257809.427198
1791706,IT,WA,HOTEL,93197,6.8,938345.929,6,6,938342.858,0.0,2.0,1.0,0.071,137992.048382
1749301,IT,CN,PAPER,HEALT,3.64,938326.076,6,6,938315.983,0.0,8.0,2.0,0.093,257781.889011
1804753,IT,WF,NAPHT,LEADZ,1.59,938274.478,6,6,938271.411,0.0,1.0,2.0,0.067,590109.734591
1673083,IT,FR,FOOD5,CONST,4.51,938138.958,6,6,938133.874,0.0,4.0,1.0,0.084,208013.072727
1805904,IT,WF,ALUM1,INSUR,1.63,938100.939,6,6,938098.864,0.0,1.0,1.0,0.075,575522.048466
1713078,IT,MT,DAIRY,MOTO1,3.81,937965.204,6,6,937957.141,0.0,7.0,1.0,0.063,246185.092913
1777206,IT,TR,RUBBE,MEAT1,3.11,937957.905,6,6,937955.82,0.0,1.0,1.0,0.085,301594.181672
1743294,IT,US,FURNI,RETAI,2.99,937943.671,6,6,937938.59,0.0,3.0,2.0,0.081,313693.535452
1776499,IT,TR,MOTOR,TRAN2,1.4,937935.33,5,5,937934.254,0.0,0.0,1.0,0.076,669953.807143
1657139,IT,DE,PLAST,MACHI,1.97,937761.346,6,6,937759.251,0.0,1.0,1.0,0.095,476020.987817
1795693,IT,WL,FABRI,LANDT,3.82,937697.849,6,6,937694.782,0.0,1.0,2.0,0.067,245470.641099
1718264,IT,PL,FOOD5,DAIRY,4.5,937115.075,6,6,937109.991,0.0,4.0,1.0,0.084,208247.794444
1810528,IT,WM,PAPER,CHEM1,3.63,936850.094,6,6,936840.002,0.0,8.0,2.0,0.092,258085.425344
1794248,IT,WL,MOTOR,CATTL,1.4,936803.239,5,5,936802.163,0.0,0.0,1.0,0.076,669145.170714
1674103,IT,FR,HEAVY,DAIRY,1.51,936765.414,5,5,936764.339,0.0,0.0,1.0,0.075,620374.446358
1665180,IT,ES,FOOD5,RAWMI,4.5,936688.83,6,6,936683.746,0.0,4.0,1.0,0.084,208153.073333
1784076,IT,ID,LEATH,LEATH,6.71,936668.911,6,6,936660.749,0.0,7.0,1.0,0.162,139592.982265
1764120,IT,MX,FABRI,OFFIC,3.81,936599.337,6,6,936596.27,0.0,1.0,2.0,0.067,245826.597638
1668746,IT,ES,LANDT,MACHI,6.04,936445.196,5,5,936444.152,0.0,0.0,1.0,0.044,155040.595364
1740745,IT,US,MEAT4,FOOD5,5.16,936261.215,6,6,936256.151,0.0,4.0,1.0,0.064,181445.971899
1810368,IT,WM,WOODW,HOTEL,2.62,936211.315,6,6,936204.252,0.0,6.0,1.0,0.063,357332.562977
1665643,IT,ES,WOODW,FURNI,2.62,936136.859,6,6,936129.796,0.0,6.0,1.0,0.063,357304.144656
1741831,IT,US,NFERT,RESEA,0.2,936029.901,4,4,936029.824,0.0,0.0,0.0,0.077,4680149.505
1757833,IT,BR,CHEM1,CROPS,1.96,935974.454,6,6,935972.352,0.0,1.0,1.0,0.102,477537.986735
1660102,IT,DE,AIRTR,RETA1,1.02,935798.989,4,4,935798.96,0.0,0.0,0.0,0.029,917449.989216
1772959,IT,CH,PREC1,FURNI,1.59,935750.838,6,6,935746.795,0.0,2.0,2.0,0.043,588522.539623
1761055,IT,IN,PLAST,FABRI,1.96,935638.208,6,6,935636.113,0.0,1.0,1.0,0.095,477366.432653
1649653,IT,BG,CERAM,VEGE1,1.46,935525.739,5,5,935520.688,0.0,0.0,5.0,0.051,640771.05411
1762288,IT,IN,AIRTR,COKE1,1.02,935506.26,4,4,935506.231,0.0,0.0,0.0,0.029,917163.0
1778951,IT,TR,SEACO,SALEM,0.95,935453.648,4,4,935453.632,0.0,0.0,0.0,0.016,984688.050526
1715193,IT,NL,WOODW,CHEM1,2.62,935322.914,6,6,935315.851,0.0,6.0,1.0,0.063,356993.478626
1756209,IT,KR,MACHI,MEDIC,5.22,935211.289,6,6,935208.212,0.0,1.0,2.0,0.077,179159.250766
1782228,IT,NO,BASIC,RESEA,1.08,935021.758,5,5,935020.699,0.0,0.0,1.0,0.059,865760.887037
1759134,IT,BR,AIRTR,MACHI,1.02,934916.08,4,4,934916.051,0.0,0.0,0.0,0.029,916584.392157
1812340,IT,WM,BASIC,PREC1,1.08,934869.794,5,5,934868.735,0.0,0.0,1.0,0.059,865620.17963
1669826,IT,ES,BUSIN,POSTT,9.6,934790.815,6,6,934786.75,0.0,2.0,2.0,0.065,97374.043229
1776582,IT,TR,GASDI,SANDC,1.39,934661.755,5,5,934660.679,0.0,0.0,1.0,0.076,672418.528777
1682453,IT,HR,PAPER,HOTEL,3.62,934634.468,6,6,934624.376,0.0,8.0,2.0,0.092,258186.317127
1645803,IT,BE,RUBBE,RESEA,3.1,934534.352,6,6,934532.267,0.0,1.0,1.0,0.085,301462.694194
1673530,IT,FR,LEATH,MACHI,6.69,934491.224,6,6,934483.062,0.0,7.0,1.0,0.162,139684.786846
1812396,IT,WM,BASIC,PRIVA,1.08,934481.269,5,5,934480.21,0.0,0.0,1.0,0.059,865260.434259
1772987,IT,CH,PREC1,PUBLI,1.59,934140.749,6,6,934136.706,0.0,2.0,2.0,0.043,587509.905031
1655616,IT,DE,SANDC,DIST1,2.14,933992.741,5,5,933787.708,0.0,0.0,205.0,0.033,436445.206075
1734730,IT,SK,LEATH,RETA1,6.69,933987.11,6,6,933978.948,0.0,7.0,1.0,0.162,139609.433483
1786209,IT,ZA,ALUM1,FABRI,1.62,933932.746,6,6,933930.671,0.0,1.0,1.0,0.075,576501.695062
1752491,IT,CA,FOOD5,POULT,4.49,933891.211,6,6,933886.128,0.0,4.0,1.0,0.083,207993.588196
1753025,IT,CA,CHEM1,FABRI,1.95,933724.564,6,6,933722.462,0.0,1.0,1.0,0.102,478833.109744
1805743,IT,WF,BASIC,DISTR,1.07,933647.566,5,5,933646.507,0.0,0.0,1.0,0.059,872567.818692
1760825,IT,IN,MOTOR,GASDI,1.39,933589.562,5,5,933588.486,0.0,0.0,1.0,0.076,671647.166906
1640679,IT,AT,FISH5,TOBAC,3.92,933565.576,6,6,933561.096,0.0,3.0,1.0,0.48,238154.483673
1716320,IT,NL,FABRI,MOTO1,3.8,933397.441,6,6,933394.374,0.0,1.0,2.0,0.067,245630.905526
1722331,IT,PT,FORES,PAPER,8.15,933381.696,5,5,933022.671,0.0,359.0,0.0,0.025,114525.361472
1804439,IT,WF,GASDI,WHEAT,1.39,933355.441,5,5,933354.365,0.0,0.0,1.0,0.076,671478.734532
1811619,IT,WM,CHEM1,KERO1,1.95,933220.5,6,6,933218.398,0.0,1.0,1.0,0.102,478574.615385
1721351,IT,PL,TRAN2,TRAN2,1.44,933168.399,5,5,933167.373,0.0,0.0,1.0,0.026,648033.610417
1804241,IT,WF,MOTOR,PADDY,1.39,933142.229,5,5,933141.153,0.0,0.0,1.0,0.076,671325.344604
1680379,IT,GR,ELEC2,ALUM1,0.22,933120.632,4,4,933120.534,0.0,0.0,0.0,0.098,4241457.418182
1645064,IT,BE,PAPER,CERAM,3.62,933052.324,6,6,933042.232,0.0,8.0,2.0,0.092,257749.260773
1654037,IT,CZ,MACHI,WHOLE,5.21,932980.275,6,6,932977.198,0.0,1.0,2.0,0.077,179074.908829
1777943,IT,TR,MACHI,NONME,5.2,932856.732,6,6,932853.655,0.0,1.0,2.0,0.077,179395.525385
1657211,IT,DE,CHEM1,COKEO,1.95,932548.492,6,6,932546.39,0.0,1.0,1.0,0.102,478229.995897
1674656,IT,FR,GLASS,SUGA1,2.56,932353.91,6,6,932348.857,0.0,1.0,4.0,0.053,364200.746094
1657652,IT,DE,CERAM,MACHI,1.45,932271.274,5,5,932266.223,0.0,0.0,5.0,0.051,642945.706207
1715303,IT,NL,PAPER,WHOLE,3.61,932179.157,6,6,932169.065,0.0,8.0,2.0,0.092,258221.37313
1755438,IT,KR,NAPHT,PLAST,1.58,932112.304,6,6,932109.237,0.0,1.0,2.0,0.067,589944.496203
1753189,IT,CA,GLASS,GLASS,2.56,931934.504,6,6,931929.451,0.0,1.0,4.0,0.053,364036.915625
1807210,IT,WF,AIRTR,EDUCA,1.01,931770.478,4,4,931770.449,0.0,0.0,0.0,0.029,922545.027723
1805912,IT,WF,ALUM1,HEALT,1.62,931635.934,6,6,931633.859,0.0,1.0,1.0,0.075,575083.909877
1750800,IT,CN,FURNI,FOOD5,2.97,931629.639,6,6,931624.559,0.0,3.0,2.0,0.08,313680.013131
1717181,IT,NL,AIRTR,HEALT,1.01,931317.835,4,4,931317.806,0.0,0.0,0.0,0.029,922096.866337
1728259,IT,SE,BEVER,FISHF,3.96,931276.924,6,6,931272.864,0.0,3.0,1.0,0.06,235170.940404
1811652,IT,WM,CHEM1,OFFIC,1.95,931251.365,6,6,931249.263,0.0,1.0,1.0,0.102,477564.802564
1673666,IT,FR,PULP5,PLAST,2.84,931048.539,6,6,931042.452,0.0,4.0,2.0,0.087,327833.992606
1809152,IT,WM,CROPS,EDUCA,7.37,930848.651,6,6,930845.6,0.0,1.0,2.0,0.051,126302.39498
1678552,IT,GR,OILSE,VEGE1,0.67,930723.505,5,5,930716.462,0.0,7.0,0.0,0.043,1389139.559701
1800768,IT,WE,NONME,REALE,1.88,930700.258,5,5,930698.156,0.0,0.0,2.0,0.102,495053.328723
1788336,IT,WA,LEATH,REALE,6.66,930264.868,6,6,930256.707,0.0,7.0,1.0,0.161,139679.40961
1739905,IT,GB,FINAN,PUBLI,12.11,930228.141,6,6,930226.114,0.0,1.0,1.0,0.027,76814.875392
1662098,IT,DK,CHEM1,RESEA,1.94,929986.891,6,6,929984.789,0.0,1.0,1.0,0.102,479374.686082
1811088,IT,WM,HEAVY,WHOLE,1.5,929922.811,5,5,929921.736,0.0,0.0,1.0,0.075,619948.540667
1811189,IT,WM,NAPHT,CONST,1.58,929404.929,6,6,929401.863,0.0,1.0,2.0,0.066,588230.967722
1795627,IT,WL,FABRI,DAIRY,3.78,929247.884,6,6,929244.817,0.0,1.0,2.0,0.067,245832.773545
1651988,IT,CZ,VEGET,VEGET,3.29,929240.858,5,5,929236.822,0.0,4.0,0.0,0.036,282444.029787
1738368,IT,GB,PREC1,CHEM1,1.58,928994.476,6,6,928990.433,0.0,2.0,2.0,0.043,587971.187342
1674644,IT,FR,GLASS,RAWMI,2.55,928931.315,6,6,928926.262,0.0,1.0,4.0,0.053,364286.790196
1741978,IT,US,CHEM1,FOOD3,1.94,928674.369,6,6,928672.268,0.0,1.0,1.0,0.101,478698.128351
1801361,IT,WE,MACHI,DISTR,5.18,928642.032,6,6,928638.956,0.0,1.0,2.0,0.076,179274.523552
1713698,IT,MT,FABRI,CONST,3.78,928631.404,6,6,928628.337,0.0,1.0,2.0,0.067,245669.683598
1803155,IT,WF,VEGET,REALE,3.29,928629.918,5,5,928625.882,0.0,4.0,0.0,0.036,282258.333739
1764122,IT,MX,FABRI,RADIO,3.78,928629.825,6,6,928626.758,0.0,1.0,2.0,0.067,245669.265873
1797532,IT,WL,BUSIN,HOTEL,9.54,928433.502,6,6,928429.438,0.0,2.0,2.0,0.064,97320.073585
1739585,IT,GB,SEACO,LIQUE,0.94,928359.075,4,4,928359.059,0.0,0.0,0.0,0.016,987616.037234
1729541,IT,SE,COPP1,HEAVY,2.35,928276.895,6,6,928272.847,0.0,1.0,3.0,0.048,395011.444681
1725995,IT,RO,CHEM1,ALUM1,1.94,928174.387,6,6,928172.286,0.0,1.0,1.0,0.101,478440.40567
1761561,IT,IN,COPP1,BASIC,2.34,928121.228,6,6,928117.18,0.0,1.0,3.0,0.048,396633.003419
1712946,IT,MT,VEGET,RADIO,3.29,928104.624,5,5,928100.588,0.0,4.0,0.0,0.036,282098.669909
1799712,IT,WE,MOTOR,BUSIN,1.39,927781.544,5,5,927780.468,0.0,0.0,1.0,0.076,667468.736691
1659984,IT,DE,SEACO,ELEC1,0.94,927672.637,4,4,927672.621,0.0,0.0,0.0,0.016,986885.784043
1720115,IT,PL,LEAD1,FABRI,1.61,927485.552,6,6,927479.474,0.0,2.0,4.0,0.078,576077.982609
1687636,IT,HU,AIRTR,FISH5,1.01,927395.794,4,4,927395.765,0.0,0.0,0.0,0.029,918213.657426
1656755,IT,DE,KEROS,GASDI,1.38,927336.258,5,5,927335.183,0.0,0.0,1.0,0.075,671982.795652
1680058,IT,GR,MACHI,ELEC1,5.17,927311.113,6,6,927308.037,0.0,1.0,2.0,0.076,179363.851644
1745887,IT,JP,LEATH,DIST1,6.64,927301.36,6,6,927293.2,0.0,7.0,1.0,0.16,139653.819277
1643406,IT,AT,LANDT,BEVER,5.98,927280.904,5,5,927279.86,0.0,0.0,1.0,0.044,155063.696321
1785964,IT,ZA,RUBBE,MOTO1,3.07,927261.393,6,6,927259.309,0.0,1.0,1.0,0.084,302039.541694
1784578,IT,ID,MACHI,PAPER,5.17,927053.127,6,6,927050.051,0.0,1.0,2.0,0.076,179313.951064
1688857,IT,IE,BASIC,WHOLE,1.07,926793.101,5,5,926792.042,0.0,0.0,1.0,0.059,866161.776636
1790716,IT,WA,FABRI,EDUCA,3.77,926678.484,6,6,926675.418,0.0,1.0,2.0,0.066,245803.311406
1740810,IT,US,VEGE1,KEROS,2.85,926601.066,6,6,926592.864,0.0,6.0,2.0,0.202,325123.181053
1810760,IT,WM,MOTOR,93197,1.38,926406.32,5,5,926405.245,0.0,0.0,1.0,0.075,671308.927536
1711588,IT,LU,FINAN,INSUR,12.06,926370.431,6,6,926368.404,0.0,1.0,1.0,0.027,76813.468574
1789386,IT,WA,CHEM1,ALUM1,1.94,926138.999,6,6,926136.898,0.0,1.0,1.0,0.101,477391.236598
1681142,IT,GR,SUPPO,RECRE,6.66,926117.75,6,6,926114.704,0.0,1.0,2.0,0.046,139056.719219
1757854,IT,BR,CHEM1,SUGA1,1.94,925980.531,6,6,925978.43,0.0,1.0,1.0,0.101,477309.552062
1805564,IT,WF,CEMEN,CRUDE,1.48,925770.355,5,5,925764.313,0.0,0.0,6.0,0.042,625520.510135
1810997,IT,WM,GASDI,TRAN2,1.38,925690.431,5,5,925689.356,0.0,0.0,1.0,0.075,670790.167391
1781999,IT,NO,RUBBE,ALUM1,3.07,925642.139,6,6,925640.055,0.0,1.0,1.0,0.084,301512.097394
1804296,IT,WF,MOTOR,HEAVY,1.38,925538.076,5,5,925537.001,0.0,0.0,1.0,0.075,670679.765217
1652475,IT,CZ,WEARI,WEARI,6.97,925338.242,6,6,925335.066,0.0,2.0,1.0,0.176,132760.149498
1676572,IT,FR,HOTEL,PLAST,6.71,925170.383,6,6,925167.313,0.0,2.0,1.0,0.07,137879.341729
1657609,IT,DE,GLASS,REALE,2.54,925142.898,6,6,925137.845,0.0,1.0,4.0,0.053,364229.487402
1723394,IT,PT,BASIC,ELECT,1.06,925134.884,5,5,925133.826,0.0,0.0,1.0,0.058,872768.758491
1799028,IT,WE,TEXTI,CHEM1,5.48,925123.578,6,6,925121.455,0.0,1.0,1.0,0.123,168818.171168
1811943,IT,WM,RUBBE,RECRE,3.06,924940.778,6,6,924938.694,0.0,1.0,1.0,0.084,302268.228105
1774254,IT,CH,RETA1,REALE,9.66,924911.91,6,6,924908.849,0.0,2.0,1.0,0.061,95746.574534
1676627,IT,FR,HOTEL,AUXIL,6.7,924790.762,6,6,924787.692,0.0,2.0,1.0,0.07,138028.47194
1658167,IT,DE,ALUM1,DIST1,1.61,924713.87,6,6,924711.796,0.0,1.0,1.0,0.074,574356.440994
1770337,IT,AU,HOTEL,93197,6.7,924317.285,6,6,924314.215,0.0,2.0,1.0,0.07,137957.803731
1803719,IT,WF,FISH5,CATTL,3.88,924216.378,6,6,924211.903,0.0,3.0,1.0,0.475,238200.097423
1800282,IT,WE,PLAST,HOTEL,1.94,924193.664,6,6,924191.57,0.0,1.0,1.0,0.094,476388.486598
1792033,IT,WA,AIRTR,CRUDE,1.01,923858.274,4,4,923858.245,0.0,0.0,0.0,0.029,914711.162376
1810770,IT,WM,KEROS,OILSE,1.37,923703.194,5,5,923702.119,0.0,0.0,1.0,0.075,674235.908029
1795197,IT,WL,GLASS,FOOD5,2.53,923397.505,6,6,923392.452,0.0,1.0,4.0,0.053,364979.250988
1654135,IT,CZ,MOTO1,FORES,4.91,923366.022,6,6,923362.962,0.0,1.0,2.0,0.06,188058.252953
1786215,IT,ZA,ALUM1,MOTO1,1.6,923044.135,6,6,923042.061,0.0,1.0,1.0,0.074,576902.584375
1806397,IT,WF,MOTO1,RETA1,4.91,922537.917,6,6,922534.857,0.0,1.0,2.0,0.06,187889.59613
1678622,IT,GR,CHEMI,SANDC,2.2,922341.181,6,6,922293.094,0.0,3.0,45.0,0.087,419245.991364
1725290,IT,RO,BEVER,BEVER,3.92,922328.639,6,6,922325.58,0.0,2.0,1.0,0.059,235287.918112
1741290,IT,US,PAPER,RUBBE,3.57,922055.614,6,6,922046.523,0.0,7.0,2.0,0.091,258278.883473
1780860,IT,TW,COMPU,PUBLI,10.53,922003.992,6,6,922000.934,0.0,1.0,2.0,0.058,87559.733333
1748053,IT,JP,BUSIN,OFFIC,9.47,921926.691,6,6,921922.627,0.0,2.0,2.0,0.064,97352.343295
1711176,IT,LU,FABRI,BUSIN,3.75,921850.625,6,6,921847.559,0.0,1.0,2.0,0.066,245826.833333
1758418,IT,BR,FABRI,FURNI,3.75,921849.364,6,6,921846.298,0.0,1.0,2.0,0.066,245826.497067
1797547,IT,WL,BUSIN,PUBLI,9.47,921837.71,6,6,921833.646,0.0,2.0,2.0,0.064,97342.947202
1763283,IT,MX,PAPER,PRINT,3.57,921658.848,6,6,921649.757,0.0,7.0,2.0,0.091,258167.744538
1801705,IT,WE,ELEC1,NATUR,0.13,921519.532,4,4,921519.474,0.0,0.0,0.0,0.058,7088611.784615
1801835,IT,WE,ELEC7,WEARI,0.63,921498.153,5,5,921497.142,0.0,1.0,0.0,0.011,1462695.480952
1666551,IT,ES,CHEM1,FISH5,1.93,921481.199,6,6,921479.098,0.0,1.0,1.0,0.101,477451.398446
1674340,IT,FR,CHEM1,FISH5,1.93,921399.16,6,6,921397.059,0.0,1.0,1.0,0.101,477408.891192
1802991,IT,WF,WHEAT,PREC1,0.7,921036.337,5,5,921029.315,0.0,7.0,0.0,0.022,1315766.195714
1674431,IT,FR,CHEM1,MEMBE,1.92,920913.199,6,6,920911.098,0.0,1.0,1.0,0.101,479642.291146
1654675,IT,CZ,LANDT,MOTO1,5.94,920909.296,5,5,920908.252,0.0,0.0,1.0,0.044,155035.235017
1761336,IT,IN,GLASS,GLASS,2.53,920873.817,6,6,920868.764,0.0,1.0,4.0,0.053,363981.74585
1789394,IT,WA,CHEM1,RADIO,1.92,920835.707,6,6,920833.606,0.0,1.0,1.0,0.101,479601.930729
1720482,IT,PL,MACHI,TRAN2,5.14,920807.36,6,6,920805.284,0.0,1.0,1.0,0.076,179145.400778
1814598,IT,WM,BUSIN,POSTT,9.45,920523.44,6,6,920519.376,0.0,2.0,2.0,0.064,97409.887831
1746284,IT,JP,CHEM1,WHOLE,1.92,920500.874,6,6,920498.774,0.0,1.0,1.0,0.1,479427.538542
1789027,IT,WA,NAPHT,LIQUE,1.56,920449.188,6,6,920446.122,0.0,1.0,2.0,0.066,590031.530769
1746699,IT,JP,FABRI,BASIC,3.74,920222.809,6,6,920219.743,0.0,1.0,2.0,0.066,246048.879412
1642766,IT,AT,MACHI,BLAST,5.13,920175.026,6,6,920172.95,0.0,1.0,1.0,0.076,179371.350097
1792120,IT,WA,AIRTR,HEALT,1.0,920118.887,4,4,920118.858,0.0,0.0,0.0,0.029,920118.887
1789778,IT,WA,GLASS,FURNI,2.53,920108.735,6,6,920103.682,0.0,1.0,4.0,0.053,363679.341897
1742808,IT,US,FABRI,COMPU,3.74,919688.897,6,6,919685.831,0.0,1.0,2.0,0.066,245906.122193
1751265,IT,CN,HOTEL,HEALT,6.67,919607.005,6,6,919603.936,0.0,2.0,1.0,0.069,137872.114693
1735602,IT,SK,COPP1,GASDI,2.32,919523.363,6,6,919519.315,0.0,1.0,3.0,0.048,396346.277155
1770876,IT,AU,BUSIN,CONST,9.44,919272.259,6,6,919268.196,0.0,2.0,2.0,0.063,97380.535911
1676682,IT,FR,RAILW,NUCLE,6.15,919160.633,5,5,919154.592,0.0,0.0,6.0,0.041,149457.013496
1785398,IT,ZA,PAPER,PAPER,3.56,919122.508,6,6,919113.417,0.0,7.0,2.0,0.091,258180.479775
1763927,IT,MX,BASIC,RUBBE,1.06,919109.547,5,5,919108.489,0.0,0.0,1.0,0.058,867084.478302
1812842,IT,WM,FABRI,CEMEN,3.74,919084.823,6,6,919081.757,0.0,1.0,2.0,0.066,245744.60508
1788173,IT,WA,WEARI,CONST,6.93,918852.33,6,6,918849.155,0.0,2.0,1.0,0.175,132590.52381
1653880,IT,CZ,FABRI,FOUND,3.74,918628.356,6,6,918625.29,0.0,1.0,2.0,0.066,245622.55508
1814600,IT,WM,BUSIN,INSUR,9.43,918601.223,6,6,918597.16,0.0,2.0,2.0,0.063,97412.642948
1742064,IT,US,RUBBE,BEVER,3.04,918519.655,6,6,918517.572,0.0,1.0,1.0,0.083,302144.623355
1651422,IT,CY,KEROS,REALE,1.37,918470.578,5,5,918469.503,0.0,0.0,1.0,0.075,670416.480292
1795257,IT,WL,CERAM,CERAM,1.43,918365.539,5,5,918360.489,0.0,0.0,5.0,0.05,642213.663636
1789035,IT,WA,NAPHT,PLAST,1.56,918179.172,6,6,918176.106,0.0,1.0,2.0,0.066,588576.392308
1720751,IT,PL,TRANS,FABRI,5.48,918013.172,6,6,918010.122,0.0,1.0,2.0,0.05,167520.651825
1667523,IT,ES,FABRI,FOUND,3.74,917927.376,6,6,917924.31,0.0,1.0,2.0,0.066,245435.127273
1796129,IT,WL,TRANS,LANDT,5.48,917863.365,6,6,917860.315,0.0,1.0,2.0,0.05,167493.314781
1739940,IT,GB,INSUR,INSUR,18.92,917793.206,6,6,917791.163,0.0,1.0,1.0,0.043,48509.154651
1735273,IT,SK,GLASS,RUBBE,2.52,917688.064,6,6,917683.011,0.0,1.0,4.0,0.053,364161.930159
1643273,IT,AT,HOTEL,POSTT,6.65,917615.081,6,6,917612.012,0.0,2.0,1.0,0.069,137987.230226
1744924,IT,US,BUSIN,FABRI,9.42,917473.188,6,6,917469.125,0.0,2.0,2.0,0.063,97396.304459
1719001,IT,PL,KEROS,MACHI,1.36,917418.427,5,5,917417.352,0.0,0.0,1.0,0.075,674572.372794
1753911,IT,CA,RAILW,MOTO1,6.14,917405.45,5,5,917399.409,0.0,0.0,6.0,0.041,149414.568404
1664066,IT,EE,CHEM1,PFERT,1.92,917248.683,6,6,917246.583,0.0,1.0,1.0,0.1,477733.689062
1766300,IT,RU,CEMEN,CONST,1.47,917212.065,5,5,917206.024,0.0,0.0,6.0,0.041,623953.785714
1735299,IT,SK,GLASS,WHOLE,2.52,917203.226,6,6,917198.173,0.0,1.0,4.0,0.053,363969.534127
1745552,IT,JP,BEVER,CONST,3.9,917059.326,6,6,917056.267,0.0,2.0,1.0,0.059,235143.416923
1738041,IT,GB,RUBBE,TEXTI,3.04,916892.283,6,6,916890.2,0.0,1.0,1.0,0.083,301609.303618
1645208,IT,BE,COKEO,CHEM1,0.12,916885.288,4,4,916885.283,0.0,0.0,0.0,0.005,7640710.733333
1786581,IT,ZA,FURNI,EDUCA,2.93,916850.754,6,6,916845.675,0.0,3.0,2.0,0.079,312918.346075
1774737,IT,CH,SUPPO,WHOLE,6.59,916833.505,6,6,916830.46,0.0,1.0,2.0,0.045,139124.962822
1645532,IT,BE,PLAST,WHOLE,1.92,916569.401,6,6,916567.308,0.0,1.0,1.0,0.093,477379.896354
1752070,IT,CN,BUSIN,DAIRY,9.41,916437.635,6,6,916433.572,0.0,2.0,2.0,0.063,97389.759299
1805510,IT,WF,CERAM,CERAM,1.43,916416.405,5,5,916411.355,0.0,0.0,5.0,0.05,640850.632867
1674146,IT,FR,HEAVY,MOTO1,1.48,916207.139,5,5,916206.065,0.0,0.0,1.0,0.074,619058.877703
1776639,IT,TR,GASDI,SUPPO,1.36,915988.732,5,5,915987.657,0.0,0.0,1.0,0.075,673521.126471
1653936,IT,CZ,MACHI,OILSE,5.11,915947.267,6,6,915945.192,0.0,1.0,1.0,0.075,179246.040509
1653360,IT,CZ,GLASS,CONST,2.51,915933.063,6,6,915928.011,0.0,1.0,4.0,0.052,364913.570916
1790776,IT,WA,MACHI,WEARI,5.11,915731.721,6,6,915729.646,0.0,1.0,1.0,0.075,179203.859295
1757839,IT,BR,CHEM1,RAWMI,1.91,915527.909,6,6,915525.809,0.0,1.0,1.0,0.1,479333.98377
1660827,IT,DE,COMPU,MOTO1,10.45,915508.624,6,6,915505.566,0.0,1.0,2.0,0.058,87608.480766
1804058,IT,WF,WOODW,RETA1,2.56,915395.671,6,6,915388.609,0.0,6.0,1.0,0.062,357576.433984
1786838,IT,ZA,HOTEL,BUSIN,6.63,915361.999,6,6,915358.93,0.0,2.0,1.0,0.069,138063.649925
1659395,IT,DE,WHOLE,TEXTI,7.91,915320.488,6,6,915317.435,0.0,1.0,2.0,0.053,115716.875853
1773729,IT,CH,ELEC1,WOODW,0.13,915270.443,4,4,915270.385,0.0,0.0,0.0,0.058,7040541.869231
1743087,IT,US,MOTO1,MEAT1,4.87,915185.674,6,6,915182.614,0.0,1.0,2.0,0.06,187923.136345
1788746,IT,WA,MOTOR,WHOLE,1.37,915054.327,5,5,915053.252,0.0,0.0,1.0,0.075,667922.866423
1770523,IT,AU,AIRTR,BUSIN,1.0,914899.633,4,4,914899.604,0.0,0.0,0.0,0.029,914899.633
1653990,IT,CZ,MACHI,NFERT,5.1,914881.394,6,6,914879.319,0.0,1.0,1.0,0.075,179388.508627
1793865,IT,WL,TEXTI,WHOLE,5.42,914788.471,6,6,914786.35,0.0,1.0,1.0,0.121,168780.160701
1751283,IT,CN,HOTEL,RECRE,6.63,914458.858,6,6,914455.789,0.0,2.0,1.0,0.069,137927.429563
1667176,IT,ES,BASIC,LANDT,1.05,914445.6,5,5,914444.542,0.0,0.0,1.0,0.058,870900.571429
1735096,IT,SK,CHEM1,MOTO1,1.91,914372.949,6,6,914370.849,0.0,1.0,1.0,0.1,478729.29267
1780981,IT,TW,BUSIN,PLAST,9.39,914308.405,6,6,914304.342,0.0,2.0,2.0,0.063,97370.437167
1794602,IT,WL,HEAVY,WHOLE,1.48,914076.265,5,5,914075.192,0.0,0.0,1.0,0.073,617619.097973
1659654,IT,DE,HOTEL,RENTI,6.62,914010.113,6,6,914007.044,0.0,2.0,1.0,0.069,138067.9929
1657560,IT,DE,GLASS,BIODI,2.51,913887.437,6,6,913882.385,0.0,1.0,4.0,0.052,364098.580478
1726283,IT,RO,BASIC,FOUND,1.05,913859.643,5,5,913858.585,0.0,0.0,1.0,0.058,870342.517143
1659991,IT,DE,SEACO,LANDT,0.93,913849.015,4,4,913848.999,0.0,0.0,0.0,0.016,982633.349462
1723518,IT,PT,COPP1,MACHI,2.31,913795.907,6,6,913791.86,0.0,1.0,3.0,0.047,395582.643723
1741475,IT,US,MOTOR,SUPPO,1.36,913596.821,5,5,913595.747,0.0,0.0,1.0,0.074,671762.368382
1790713,IT,WA,FABRI,RESEA,3.72,913567.618,6,6,913564.552,0.0,1.0,2.0,0.066,245582.693011
1682405,IT,HR,PAPER,FOOD5,3.54,913517.887,6,6,913509.797,0.0,7.0,1.0,0.09,258055.900282
1737069,IT,GB,CHEMI,CHEM1,2.18,913388.462,6,6,913340.376,0.0,3.0,45.0,0.086,418985.533028
1734618,IT,SK,TEXTI,TEXTI,5.41,913377.79,6,6,913375.669,0.0,1.0,1.0,0.121,168831.384473
1786421,IT,ZA,MACHI,HEALT,5.1,913292.004,6,6,913289.929,0.0,1.0,1.0,0.075,179076.863529
1744042,IT,US,AIRTR,INSUR,0.99,913009.968,4,4,913009.939,0.0,0.0,0.0,0.029,922232.290909
1667158,IT,ES,BASIC,SECO9,1.05,913005.459,5,5,913004.401,0.0,0.0,1.0,0.058,869529.008571
1738510,IT,GB,NONF1,BASIC,0.2,912994.212,4,4,912994.207,0.0,0.0,0.0,0.005,4564971.06
1812482,IT,WM,PREC1,AUXIL,1.55,912908.518,6,6,912904.476,0.0,2.0,2.0,0.042,588973.237419
1654158,IT,CZ,MOTO1,RUBBE,4.86,912541.158,6,6,912538.099,0.0,1.0,2.0,0.059,187765.67037
1747624,IT,JP,AIRTR,BUSIN,0.99,912534.235,4,4,912534.206,0.0,0.0,0.0,0.029,921751.752525
1800642,IT,WE,CERAM,CRUDE,1.42,912441.506,5,5,912436.457,0.0,0.0,5.0,0.049,642564.440845
1676626,IT,FR,HOTEL,INSUR,6.61,912297.21,6,6,912294.141,0.0,2.0,1.0,0.069,138017.732224
1720269,IT,PL,FABRI,DAIRY,3.71,912202.901,6,6,912199.836,0.0,1.0,2.0,0.065,245876.792722
1792400,IT,WA,INSUR,CHEM1,18.8,911929.72,6,6,911927.678,0.0,1.0,1.0,0.042,48506.9
1749877,IT,CN,RUBBE,RETA1,3.02,911857.566,6,6,911855.483,0.0,1.0,1.0,0.083,301939.591391
1811506,IT,WM,PLAST,RECRE,1.91,911750.095,6,6,911748.002,0.0,1.0,1.0,0.093,477356.070681
1739883,IT,GB,FINAN,CONST,11.87,911551.345,5,5,911550.319,0.0,0.0,1.0,0.026,76794.553075
1810103,IT,WM,TEXTI,REALE,5.4,911541.075,6,6,911538.954,0.0,1.0,1.0,0.121,168803.902778
1668992,IT,ES,AIRTR,HEALT,0.99,911249.888,4,4,911249.859,0.0,0.0,0.0,0.029,920454.432323
1800226,IT,WE,PLAST,PRINT,1.91,911236.664,6,6,911234.571,0.0,1.0,1.0,0.093,477087.258639
1773736,IT,CH,ELEC1,TRAN1,0.13,911122.349,4,4,911122.292,0.0,0.0,0.0,0.057,7008633.453846
1811895,IT,WM,RUBBE,FABRI,3.02,911116.198,6,6,911114.115,0.0,1.0,1.0,0.083,301694.105298
1643368,IT,AT,RAILW,RESEA,6.09,910961.334,5,5,910955.293,0.0,0.0,6.0,0.041,149583.141872
1774143,IT,CH,WHOLE,INSUR,7.87,910678.298,6,6,910675.245,0.0,1.0,2.0,0.053,115715.158577
1732059,IT,SI,KEROS,EDUCA,1.35,910662.681,5,5,910661.607,0.0,0.0,1.0,0.074,674564.948889
1757693,IT,BR,HEAVY,CONST,1.47,910611.383,5,5,910610.31,0.0,0.0,1.0,0.073,619463.52585
1795233,IT,WL,GLASS,EDUCA,2.5,910602.206,6,6,910597.154,0.0,1.0,4.0,0.052,364240.8824
1640970,IT,AT,WOODW,FABRI,2.55,910565.572,6,6,910558.511,0.0,6.0,1.0,0.061,357084.538039
1793566,IT,WL,MEAT4,HOTEL,5.01,910488.414,6,6,910483.352,0.0,4.0,1.0,0.062,181734.214371
1686966,IT,HU,MACHI,SALEM,5.08,910364.709,6,6,910362.634,0.0,1.0,1.0,0.075,179205.651378
1789633,IT,WA,RUBBE,PRINT,3.02,910305.213,6,6,910303.13,0.0,1.0,1.0,0.083,301425.567219
1811485,IT,WM,PLAST,HOTEL,1.91,910292.811,6,6,910290.718,0.0,1.0,1.0,0.093,476593.094764
1738577,IT,GB,FABRI,BASIC,3.7,910224.788,6,6,910221.723,0.0,1.0,2.0,0.065,246006.699459
1685019,IT,HU,DAIRY,CROPS,3.7,910206.274,6,6,910199.212,0.0,6.0,1.0,0.062,246001.695676
1728481,IT,SE,LEATH,HEALT,6.52,910097.129,6,6,910089.972,0.0,6.0,1.0,0.157,139585.449233
1673536,IT,FR,LEATH,CONST,6.52,910076.296,6,6,910069.139,0.0,6.0,1.0,0.157,139582.253988
1755170,IT,KR,LEATH,FINAN,6.52,910025.896,6,6,910018.739,0.0,6.0,1.0,0.157,139574.523926
1813015,IT,WM,MACHI,SEACO,5.08,910015.664,6,6,910013.589,0.0,1.0,1.0,0.075,179136.941732
1658405,IT,DE,FABRI,TEXTI,3.7,909780.044,6,6,909776.979,0.0,1.0,2.0,0.065,245886.498378
1776495,IT,TR,MOTOR,RETA1,1.36,909736.132,5,5,909735.058,0.0,0.0,1.0,0.074,668923.626471
1749698,IT,CN,CHEM1,DISTR,1.9,909540.276,6,6,909538.177,0.0,1.0,1.0,0.099,478705.408421
1688696,IT,IE,CHEM1,ALUM1,1.9,909468.468,6,6,909466.369,0.0,1.0,1.0,0.099,478667.614737
1655336,IT,DE,VEGET,WHOLE,3.22,909375.237,5,5,909371.201,0.0,4.0,0.0,0.036,282414.669876
1810532,IT,WM,PAPER,CERAM,3.52,909049.656,6,6,909041.566,0.0,7.0,1.0,0.09,258252.743182
1672030,IT,FI,SEACO,PUBLI,0.92,908938.126,4,4,908938.11,0.0,0.0,0.0,0.016,987976.223913
1686796,IT,HU,FABRI,PAPER,3.7,908794.258,6,6,908791.193,0.0,1.0,2.0,0.065,245620.06973
1804556,IT,WF,HEAVY,CROPS,1.47,908791.217,5,5,908790.144,0.0,0.0,1.0,0.073,618225.317687
1772418,IT,CH,CHEM1,TRANS,1.9,908751.579,6,6,908749.48,0.0,1.0,1.0,0.099,478290.304737
1743712,IT,US,RAILW,BUSIN,6.08,908622.462,5,5,908616.421,0.0,0.0,6.0,0.041,149444.483882
1744870,IT,US,BUSIN,CRUDE,9.33,908244.287,6,6,908240.224,0.0,2.0,2.0,0.063,97346.654555
1775266,IT,CH,BUSIN,PRINT,9.33,908196.892,6,6,908192.829,0.0,2.0,2.0,0.063,97341.574705
1812852,IT,WM,FABRI,MACHI,3.7,907957.686,6,6,907954.621,0.0,1.0,2.0,0.065,245393.969189
1750539,IT,CN,MACHI,LANDT,5.06,907845.893,6,6,907843.818,0.0,1.0,1.0,0.075,179416.184387
1801716,IT,WE,ELEC1,BASIC,0.13,907810.29,4,4,907810.233,0.0,0.0,0.0,0.057,6983156.076923
1799121,IT,WE,WEARI,TEXTI,6.84,907566.456,6,6,907563.284,0.0,2.0,1.0,0.172,132685.154386
1764842,IT,MX,SEACO,WHOLE,0.92,907521.52,4,4,907521.504,0.0,0.0,0.0,0.016,986436.434783
1785856,IT,ZA,CHEM1,COMPU,1.9,907376.993,6,6,907374.894,0.0,1.0,1.0,0.099,477566.838421
1660048,IT,DE,AIRTR,WOODW,0.99,907161.165,4,4,907161.136,0.0,0.0,0.0,0.029,916324.409091
1755872,IT,KR,NONME,BASIC,1.83,907084.624,5,5,907082.524,0.0,0.0,2.0,0.1,495674.657923
1787967,IT,WA,TEXTI,VEGET,5.37,906882.875,6,6,906880.755,0.0,1.0,1.0,0.12,168879.492551
1722013,IT,PL,COMPU,COMPU,10.36,906825.564,6,6,906822.507,0.0,1.0,2.0,0.057,87531.425097
1769817,IT,AU,MACHI,POSTT,5.06,906785.253,6,6,906783.179,0.0,1.0,1.0,0.074,179206.571739
1766020,IT,RU,CHEM1,MOTO1,1.89,906723.765,6,6,906721.666,0.0,1.0,1.0,0.099,479748.02381
1768449,IT,AU,DAIRY,HOTEL,3.68,906668.614,6,6,906661.553,0.0,6.0,1.0,0.061,246377.340761
1809258,IT,WM,CRUDE,LEAD1,1.79,906635.249,6,6,906633.171,0.0,1.0,1.0,0.078,506500.139106
1764112,IT,MX,FABRI,PREC1,3.69,906508.548,6,6,906505.483,0.0,1.0,2.0,0.065,245666.273171
1674252,IT,FR,BITU1,KEROS,1.43,906506.97,5,5,906505.898,0.0,0.0,1.0,0.072,633920.958042
1742198,IT,US,GLASS,HOTEL,2.49,906495.102,6,6,906490.05,0.0,1.0,4.0,0.052,364054.257831
1788575,IT,WA,PAPER,FURNI,3.51,906390.74,6,6,906382.651,0.0,7.0,1.0,0.089,258230.980057
1741588,IT,US,GASDI,COLLE,1.35,906389.29,5,5,906388.216,0.0,0.0,1.0,0.074,671399.474074
1727128,IT,RO,LANDT,FABRI,5.85,906249.642,5,5,906248.599,0.0,0.0,1.0,0.043,154914.468718
1742731,IT,US,FABRI,BEVER,3.69,906238.346,6,6,906235.281,0.0,1.0,2.0,0.065,245593.047696
1675891,IT,FR,ELEC2,CEMEN,0.22,906167.582,4,4,906167.487,0.0,0.0,0.0,0.095,4118943.554545
1658042,IT,DE,PREC1,OFFIC,1.54,906097.175,6,6,906093.133,0.0,2.0,2.0,0.042,588374.788961
1649431,IT,BG,CHEM1,COPP1,1.89,906038.441,6,6,906036.342,0.0,1.0,1.0,0.099,479385.418519
1733770,IT,SI,LANDT,FABRI,5.84,905787.55,5,5,905786.507,0.0,0.0,1.0,0.043,155100.607877
1645456,IT,BE,NAPHT,PLAST,1.54,905620.762,6,6,905617.697,0.0,1.0,2.0,0.065,588065.42987
1769696,IT,AU,MACHI,WHEAT,5.05,904909.888,6,6,904907.814,0.0,1.0,1.0,0.074,179190.076832
1769784,IT,AU,MACHI,MEDIC,5.05,904669.015,6,6,904666.941,0.0,1.0,1.0,0.074,179142.379208
1800496,IT,WE,RUBBE,LEATH,3.0,904616.33,6,6,904614.248,0.0,1.0,1.0,0.082,301538.776667
1755671,IT,KR,RUBBE,OFFIC,3.0,904589.857,6,6,904587.775,0.0,1.0,1.0,0.082,301529.952333
1641011,IT,AT,PULP5,TOBAC,2.76,904558.274,6,6,904552.189,0.0,4.0,2.0,0.085,327738.505072
1785399,IT,ZA,PAPER,PRINT,3.5,904526.328,6,6,904518.239,0.0,7.0,1.0,0.089,258436.093714
1787429,IT,WA,STONE,ANIMA,2.93,904401.526,6,6,904349.485,0.0,1.0,51.0,0.041,308669.462799
1728894,IT,SE,CHEM1,TEXTI,1.89,904276.771,6,6,904274.672,0.0,1.0,1.0,0.099,478453.317989
1743650,IT,US,HOTEL,LANDT,6.55,904271.0,6,6,904267.932,0.0,2.0,1.0,0.068,138056.641221
1686105,IT,HU,RUBBE,TRANS,3.0,904208.83,6,6,904206.748,0.0,1.0,1.0,0.082,301402.943333
1741685,IT,US,HEAVY,STEAM,1.46,904030.968,5,5,904029.895,0.0,0.0,1.0,0.073,619199.293151
1689230,IT,IE,WHOLE,MEATC,7.81,903803.236,6,6,903800.184,0.0,1.0,2.0,0.052,115723.845839
1709521,IT,LT,LEATH,RETA1,6.47,903785.018,6,6,903777.862,0.0,6.0,1.0,0.156,139688.565379
1743865,IT,US,SEACO,WOODW,0.92,903759.645,4,4,903759.629,0.0,0.0,0.0,0.016,982347.440217
1742238,IT,US,CERAM,MOTO1,1.41,903659.934,5,5,903654.885,0.0,0.0,5.0,0.049,640893.570213
1761672,IT,IN,FABRI,TRANS,3.68,903624.067,6,6,903621.002,0.0,1.0,2.0,0.065,245550.018207
1646686,IT,BE,FURNI,CONST,2.88,903552.855,6,6,903547.777,0.0,3.0,2.0,0.078,313733.630208
1752178,IT,CN,PUBLI,COKEO,14.8,903527.502,6,6,903525.439,0.0,1.0,1.0,0.063,61049.155541
1800190,IT,WE,PLAST,BITUM,1.9,903492.892,6,6,903490.8,0.0,1.0,1.0,0.092,475522.574737
1771438,IT,CH,FOOD5,RECRE,4.34,903468.756,6,6,903463.675,0.0,4.0,1.0,0.081,208172.524424
1679756,IT,GR,BASIC,FURNI,1.04,903393.371,5,5,903392.314,0.0,0.0,1.0,0.057,868647.472115
1727816,IT,RO,BUSIN,OFFIC,9.28,903385.603,6,6,903381.541,0.0,2.0,2.0,0.062,97347.58653
1775083,IT,CH,RENTI,RESEA,5.4,903362.857,6,6,903360.806,0.0,1.0,1.0,0.051,167289.417963
1769188,IT,AU,CHEM1,WHOLE,1.89,903309.744,6,6,903307.645,0.0,1.0,1.0,0.099,477941.663492
1673564,IT,FR,WOODW,VEGET,2.53,903309.335,6,6,903302.274,0.0,6.0,1.0,0.061,357039.262846
1655514,IT,DE,CRUDE,WHOLE,1.78,903146.784,6,6,903144.706,0.0,1.0,1.0,0.078,507385.833708
1811096,IT,WM,HEAVY,POSTT,1.46,902966.166,5,5,902965.094,0.0,0.0,1.0,0.072,618469.976712
1752583,IT,CA,FISH5,FOOD5,3.79,902961.51,6,6,902957.046,0.0,3.0,1.0,0.464,238248.419525
1742567,IT,US,PREC1,WHOLE,1.53,902739.725,6,6,902735.683,0.0,2.0,2.0,0.042,590025.964052
1762993,IT,MX,FOOD5,FOOD5,4.34,902616.624,6,6,902611.543,0.0,4.0,1.0,0.081,207976.180645
1666757,IT,ES,RUBBE,BASIC,2.99,902541.174,6,6,902539.092,0.0,1.0,1.0,0.082,301853.235452
1774574,IT,CH,SEACO,PLAST,0.92,902479.716,4,4,902479.7,0.0,0.0,0.0,0.016,980956.213043
1812515,IT,WM,ALUM1,SUGA1,1.57,902437.925,6,6,902435.853,0.0,1.0,1.0,0.072,574801.226115
1732122,IT,SI,GASDI,FORES,1.34,902423.225,5,5,902422.152,0.0,0.0,1.0,0.073,673450.16791
1726976,IT,RO,HOTEL,MACHI,6.54,902203.946,6,6,902200.878,0.0,2.0,1.0,0.068,137951.6737
1723115,IT,PT,CHEM1,WHOLE,1.89,902034.283,6,6,902032.185,0.0,1.0,1.0,0.098,477266.816402
1648243,IT,BE,BUSIN,FINAN,9.26,901942.191,6,6,901938.129,0.0,2.0,2.0,0.062,97401.964471
1680407,IT,GR,ELEC2,HEALT,0.22,901880.733,4,4,901880.639,0.0,0.0,0.0,0.094,4099457.877273
1791999,IT,WA,SEACO,RESEA,0.92,901759.367,4,4,901759.351,0.0,0.0,0.0,0.016,980173.225
1788665,IT,WA,COKEO,SANDC,0.11,901308.211,4,4,901308.206,0.0,0.0,0.0,0.005,8193711.009091
1658288,IT,DE,COPP1,OFFIC,2.28,901293.718,6,6,901289.671,0.0,1.0,3.0,0.047,395304.262281
1712522,IT,LV,FABRI,CONST,3.67,901273.054,6,6,901269.989,0.0,1.0,2.0,0.065,245578.488828
1800466,IT,WE,RUBBE,BITUM,2.99,901076.491,6,6,901074.409,0.0,1.0,1.0,0.082,301363.374916
1688306,IT,IE,MEAT1,WHOLE,4.21,901072.491,6,6,901068.38,0.0,3.0,1.0,0.111,214031.470546
1648890,IT,BG,TEXTI,HOTEL,5.34,901062.872,6,6,901060.752,0.0,1.0,1.0,0.12,168738.365543
1774211,IT,CH,RETA1,RUBBE,9.41,901038.144,6,6,901035.085,0.0,2.0,1.0,0.059,95753.256536
1812446,IT,WM,PREC1,CERAM,1.53,900973.058,6,6,900969.017,0.0,2.0,2.0,0.041,588871.279739
1757808,IT,BR,PFERT,VEGET,0.4,900968.633,4,4,900968.489,0.0,0.0,0.0,0.144,2252421.5825
1809662,IT,WM,DAIRY,PUBLI,3.66,900917.686,6,6,900910.625,0.0,6.0,1.0,0.061,246152.373224
1653933,IT,CZ,MACHI,WHEAT,5.03,900875.92,6,6,900873.846,0.0,1.0,1.0,0.074,179100.580517
1811904,IT,WM,RUBBE,ELEC2,2.98,900874.259,6,6,900872.177,0.0,1.0,1.0,0.082,302306.798322
1752114,IT,CN,BUSIN,MACHI,9.25,900838.28,6,6,900834.218,0.0,2.0,2.0,0.062,97387.922162
1799477,IT,WE,PAPER,FABRI,3.49,900465.01,6,6,900456.921,0.0,7.0,1.0,0.089,258012.896848
1809161,IT,WM,CATTL,MEATC,1.96,900453.635,5,5,900432.574,0.0,21.0,0.0,0.061,459415.119898
1809339,IT,WM,STONE,HEALT,2.91,900388.355,6,6,900337.314,0.0,1.0,50.0,0.041,309411.805842
1743462,IT,US,WHOLE,BASIC,7.78,900332.048,6,6,900328.996,0.0,1.0,2.0,0.052,115723.913625
1813200,IT,WM,MOTO1,EDUCA,4.79,900286.878,6,6,900283.819,0.0,1.0,2.0,0.059,187951.331524
1644274,IT,BE,CROPS,WHOLE,7.13,900223.149,6,6,900221.1,0.0,1.0,1.0,0.049,126258.506171
1799668,IT,WE,MOTOR,ALUM1,1.34,899695.505,5,5,899694.432,0.0,0.0,1.0,0.073,671414.55597
1784125,IT,ID,PULP5,TOBAC,2.74,899683.721,6,6,899677.637,0.0,4.0,2.0,0.084,328351.722993
1735958,IT,SK,MOTO1,OFFIC,4.79,899664.126,6,6,899661.067,0.0,1.0,2.0,0.059,187821.320668
1789929,IT,WA,CEMEN,CHEM1,1.44,899569.395,5,5,899563.354,0.0,0.0,6.0,0.041,624700.96875
1774223,IT,CH,RETA1,MACHI,9.39,899548.533,6,6,899545.474,0.0,2.0,1.0,0.059,95798.565815
1788764,IT,WA,MOTOR,PUBLI,1.34,899471.916,5,5,899470.843,0.0,0.0,1.0,0.073,671247.698507
1778665,IT,TR,HOTEL,RETA1,6.52,899405.479,6,6,899402.411,0.0,2.0,1.0,0.068,137945.625613
1804975,IT,WF,PLAST,FISHF,1.89,899397.459,6,6,899395.368,0.0,1.0,1.0,0.091,475871.671429
1799068,IT,WE,TEXTI,REALE,5.33,899023.491,6,6,899021.372,0.0,1.0,1.0,0.119,168672.324765
1769934,IT,AU,MOTO1,LANDT,4.78,898783.29,6,6,898780.232,0.0,1.0,2.0,0.058,188029.976987
1748702,IT,CN,FOOD5,HOTEL,4.32,898716.794,6,6,898711.714,0.0,4.0,1.0,0.08,208036.294907
1748624,IT,CN,DAIRY,FISH5,3.65,898549.56,6,6,898542.499,0.0,6.0,1.0,0.061,246177.961644
1814609,IT,WM,BUSIN,HEALT,9.23,898530.088,6,6,898526.026,0.0,2.0,2.0,0.062,97348.871939
1801259,IT,WE,FABRI,93197,3.66,898478.765,6,6,898475.701,0.0,1.0,2.0,0.064,245486.001366
1804252,IT,WF,MOTOR,MEATA,1.34,898461.684,5,5,898460.611,0.0,0.0,1.0,0.073,670493.79403
1789312,IT,WA,CHEM1,SUGAR,1.88,898305.957,6,6,898303.859,0.0,1.0,1.0,0.098,477822.317553
1645587,IT,BE,CHEM1,PAPER,1.88,898256.777,6,6,898254.679,0.0,1.0,1.0,0.098,477796.157979
1677109,IT,FR,SUPPO,HEALT,6.46,898139.739,6,6,898136.695,0.0,1.0,2.0,0.044,139030.91935
1688484,IT,IE,LEATH,FISH5,6.43,898124.274,6,6,898117.119,0.0,6.0,1.0,0.155,139677.181026
1645303,IT,BE,KEROS,WHOLE,1.34,898053.799,5,5,898052.726,0.0,0.0,1.0,0.073,670189.402239
1642498,IT,AT,LEAD1,CONST,1.56,898000.397,6,6,897994.321,0.0,2.0,4.0,0.076,575641.280128
1725098,IT,RO,FISHF,FISH5,1.55,897984.872,4,4,897984.84,0.0,0.0,0.0,0.032,579345.07871
1754053,IT,CA,SEACO,SUPPO,0.91,897815.883,4,4,897815.867,0.0,0.0,0.0,0.016,986610.86044
1713777,IT,MT,MOTO1,RETA1,4.78,897776.865,6,6,897773.807,0.0,1.0,2.0,0.058,187819.427824
1683489,IT,HR,PREC1,CONST,1.52,897512.374,6,6,897508.333,0.0,2.0,2.0,0.041,590468.667105
1780132,IT,TW,HOTEL,HEAVY,6.5,897499.151,6,6,897496.083,0.0,2.0,1.0,0.068,138076.792462
1653281,IT,CZ,RUBBE,REALE,2.97,897481.988,6,6,897479.907,0.0,1.0,1.0,0.081,302182.487542
1750876,IT,CN,FURNI,FINAN,2.86,897214.129,6,6,897209.052,0.0,3.0,2.0,0.077,313711.233916
1804399,IT,WF,KEROS,WHOLE,1.33,896822.864,5,5,896821.791,0.0,0.0,1.0,0.073,674302.905263
1812481,IT,WM,PREC1,INSUR,1.52,896771.978,6,6,896767.937,0.0,2.0,2.0,0.041,589981.564474
1729594,IT,SE,NONF1,FABRI,0.2,896252.929,4,4,896252.924,0.0,0.0,0.0,0.005,4481264.645
1796669,IT,WL,HOTEL,REALE,6.5,896240.432,6,6,896237.364,0.0,2.0,1.0,0.068,137883.143385
1741690,IT,US,HEAVY,WHOLE,1.45,896130.434,5,5,896129.362,0.0,0.0,1.0,0.072,618020.988966
1805409,IT,WF,RUBBE,INSUR,2.97,896102.774,6,6,896100.693,0.0,1.0,1.0,0.081,301718.105724
1810858,IT,WM,KEROS,SALEM,1.33,895997.309,5,5,895996.236,0.0,0.0,1.0,0.073,673682.187218
1644757,IT,BE,FISH5,FOOD5,3.77,895921.149,6,6,895916.688,0.0,3.0,1.0,0.461,237644.867109
1810106,IT,WM,TEXTI,RESEA,5.31,895892.411,6,6,895890.292,0.0,1.0,1.0,0.119,168717.968173
1806319,IT,WF,OFFIC,OFFIC,2.78,895752.701,6,6,895750.636,0.0,1.0,1.0,0.065,322213.201799
1748557,IT,CN,VEGE1,FISH5,2.75,895694.072,6,6,895686.877,0.0,5.0,2.0,0.195,325706.935273
1653260,IT,CZ,RUBBE,TRANS,2.97,895406.78,6,6,895404.699,0.0,1.0,1.0,0.081,301483.76431
1685236,IT,HU,TEXTI,TEXTI,5.31,895380.401,6,6,895378.282,0.0,1.0,1.0,0.119,168621.544444
1758525,IT,BR,MACHI,SALEM,5.0,895347.371,6,6,895345.297,0.0,1.0,1.0,0.074,179069.4742
1757804,IT,BR,NFERT,PFERT,0.19,895063.537,4,4,895063.464,0.0,0.0,0.0,0.073,4710860.721053
1658406,IT,DE,FABRI,WEARI,3.64,895048.028,6,6,895044.964,0.0,1.0,2.0,0.064,245892.315385
1660916,IT,DE,BUSIN,MEATC,9.19,894933.82,6,6,894929.758,0.0,2.0,2.0,0.062,97381.264418
1810906,IT,WM,GASDI,WHEAT,1.33,894917.894,5,5,894916.821,0.0,0.0,1.0,0.073,672870.596992
1741907,IT,US,CHEM1,ADDIT,1.87,894391.73,6,6,894389.632,0.0,1.0,1.0,0.098,478284.347594
1810191,IT,WM,WEARI,EDUCA,6.74,894348.75,6,6,894345.58,0.0,2.0,1.0,0.17,132692.692878
1780940,IT,TW,BUSIN,ANIMA,9.18,894259.003,6,6,894254.941,0.0,2.0,2.0,0.062,97413.834749
1799625,IT,WE,MOTOR,DAIRY,1.34,894199.712,5,5,894198.639,0.0,0.0,1.0,0.073,667313.21791
1777368,IT,TR,GLASS,HEALT,2.45,894019.875,6,6,894014.824,0.0,1.0,4.0,0.051,364906.071429
1714521,IT,NL,CRUDE,NAPHT,1.76,894009.319,6,6,894007.242,0.0,1.0,1.0,0.077,507959.840341
1723068,IT,PT,CHEM1,WEARI,1.87,893996.793,6,6,893994.695,0.0,1.0,1.0,0.098,478073.151337
1747555,IT,JP,AIRTR,HEAVY,0.97,893920.732,4,4,893920.704,0.0,0.0,0.0,0.028,921567.764948
1810275,IT,WM,LEATH,CONST,6.4,893872.487,6,6,893865.332,0.0,6.0,1.0,0.155,139667.576094
1659799,IT,DE,LANDT,HEAVY,5.77,893755.746,5,5,893754.704,0.0,0.0,1.0,0.042,154897.009705
1722611,IT,PT,TEXTI,LEATH,5.3,893738.785,6,6,893736.666,0.0,1.0,1.0,0.119,168629.959434
1811639,IT,WM,CHEM1,CERAM,1.87,893593.17,6,6,893591.072,0.0,1.0,1.0,0.098,477857.31016
1674121,IT,FR,HEAVY,LIQUE,1.44,893522.244,5,5,893521.172,0.0,0.0,1.0,0.072,620501.558333
1679691,IT,GR,CERAM,COMPU,1.39,893491.542,5,5,893486.494,0.0,0.0,5.0,0.048,642799.670504
1655338,IT,DE,VEGET,HOTEL,3.16,893466.589,5,5,893462.554,0.0,4.0,0.0,0.035,282742.591456
1787636,IT,WA,MEAT4,CHEM1,4.92,893382.471,6,6,893377.41,0.0,4.0,1.0,0.061,181581.803049
1687163,IT,HU,FURNI,MOTO1,2.85,893353.367,6,6,893348.29,0.0,3.0,2.0,0.077,313457.321754
1654051,IT,CZ,MACHI,BUSIN,4.98,893257.984,6,6,893255.911,0.0,1.0,1.0,0.073,179369.073092
1642887,IT,AT,MOTO1,BUSIN,4.75,893241.385,6,6,893238.327,0.0,1.0,2.0,0.058,188050.817895
1720670,IT,PL,MOTO1,CONST,4.75,893034.362,6,6,893031.304,0.0,1.0,2.0,0.058,188007.234105
1741319,IT,US,PAPER,RETA1,3.46,892657.746,6,6,892649.658,0.0,7.0,1.0,0.088,257993.568208
1777026,IT,TR,CHEM1,PAPER,1.87,892590.874,6,6,892588.777,0.0,1.0,1.0,0.097,477321.322995
1777124,IT,TR,ADDIT,KEROS,2.07,892587.723,6,6,892578.653,0.0,7.0,2.0,0.07,431201.798551
1726393,IT,RO,NONF1,ELEC3,0.2,892556.843,4,4,892556.838,0.0,0.0,0.0,0.005,4462784.215
1735829,IT,SK,MACHI,WHOLE,4.98,892541.463,6,6,892539.39,0.0,1.0,1.0,0.073,179225.193373
1673215,IT,FR,BEVER,RECRE,3.8,892513.122,6,6,892510.065,0.0,2.0,1.0,0.057,234871.874211
1671252,IT,FI,BASIC,FOUND,1.03,892511.638,5,5,892510.582,0.0,0.0,1.0,0.056,866516.153398
1802945,IT,WF,WHEAT,CRUDE,0.68,892275.044,5,5,892269.022,0.0,6.0,0.0,0.022,1312169.182353
1811838,IT,WM,RUBBE,NATU1,2.96,892270.45,6,6,892268.369,0.0,1.0,1.0,0.081,301442.719595
1674359,IT,FR,CHEM1,GLASS,1.86,892215.936,6,6,892213.839,0.0,1.0,1.0,0.097,479685.987097
1658062,IT,DE,PREC1,DIST1,1.52,891999.819,6,6,891995.778,0.0,2.0,2.0,0.041,586841.986184
1780530,IT,TW,POSTT,PUBLI,14.69,891925.28,6,6,891923.212,0.0,1.0,1.0,0.068,60716.492852
1670415,IT,FI,FOOD5,FOOD5,4.28,891908.924,6,6,891903.844,0.0,4.0,1.0,0.08,208389.935514
1776940,IT,TR,PLAST,WHOLE,1.87,891830.142,6,6,891828.051,0.0,1.0,1.0,0.091,476914.514439
1769827,IT,AU,MACHI,HEALT,4.97,891718.67,6,6,891716.597,0.0,1.0,1.0,0.073,179420.255533
1737919,IT,GB,CHEM1,PULP5,1.86,891670.518,6,6,891668.421,0.0,1.0,1.0,0.097,479392.751613
1653389,IT,CZ,CERAM,CHEM1,1.39,891539.784,5,5,891534.736,0.0,0.0,5.0,0.048,641395.528058
1765980,IT,RU,CHEM1,PRINT,1.86,891023.255,6,6,891021.158,0.0,1.0,1.0,0.097,479044.760753
1727180,IT,RO,TRAN2,MOTOR,1.38,890880.668,5,5,890879.644,0.0,0.0,1.0,0.024,645565.701449
1666002,IT,ES,MOTOR,SUPPO,1.33,890860.598,5,5,890859.525,0.0,0.0,1.0,0.073,669819.998496
1739463,IT,GB,LANDT,NUCLE,5.75,890769.915,5,5,890768.873,0.0,0.0,1.0,0.042,154916.506957
1735888,IT,SK,OFFIC,MOTO1,2.76,890525.254,6,6,890523.19,0.0,1.0,1.0,0.064,322654.077536
1804959,IT,WF,PLAST,PADDY,1.87,890339.971,6,6,890337.88,0.0,1.0,1.0,0.091,476117.631551
1805384,IT,WF,RUBBE,FABRI,2.95,890333.244,6,6,890331.163,0.0,1.0,1.0,0.081,301807.879322
1743297,IT,US,FURNI,HOTEL,2.84,890110.072,6,6,890104.995,0.0,3.0,2.0,0.077,313419.039437
1809467,IT,WM,CHEMI,PUBLI,2.12,890069.669,6,6,890022.585,0.0,3.0,44.0,0.084,419844.183491
1799916,IT,WE,HEAVY,OILSE,1.44,889851.189,5,5,889850.118,0.0,0.0,1.0,0.071,617952.214583
1649083,IT,BG,PAPER,PAPER,3.45,889841.608,6,6,889833.52,0.0,7.0,1.0,0.088,257925.103768
1710993,IT,LU,CERAM,CONST,1.39,889762.2,5,5,889757.152,0.0,0.0,5.0,0.048,640116.690647
1767121,IT,RU,FURNI,RESEA,2.84,889716.399,6,6,889711.323,0.0,3.0,2.0,0.076,313280.422183
1677867,IT,FR,BUSIN,PRINT,9.14,889673.376,6,6,889669.315,0.0,2.0,2.0,0.061,97338.443764
1732047,IT,SI,KEROS,SEACO,1.32,889594.491,5,5,889593.419,0.0,0.0,1.0,0.072,673935.220455
1645521,IT,BE,PLAST,FABRI,1.87,889518.993,6,6,889516.903,0.0,1.0,1.0,0.09,475678.605882
1805528,IT,WF,CERAM,INSUR,1.39,889467.827,5,5,889462.779,0.0,0.0,5.0,0.048,639904.911511
1742071,IT,US,RUBBE,PAPER,2.95,889397.751,6,6,889395.67,0.0,1.0,1.0,0.081,301490.763051
1658612,IT,DE,MACHI,ELEC7,4.96,889276.048,6,6,889273.975,0.0,1.0,1.0,0.073,179289.525806
1682609,IT,HR,KEROS,BEVER,1.32,889182.268,5,5,889181.196,0.0,0.0,1.0,0.072,673622.930303
1679762,IT,GR,BASIC,WHOLE,1.02,889140.419,5,5,889139.363,0.0,0.0,1.0,0.056,871706.293137
1726038,IT,RO,CHEM1,WASTE,1.86,888967.813,6,6,888965.716,0.0,1.0,1.0,0.097,477939.684409
1657433,IT,DE,RUBBE,NONME,2.94,888746.834,6,6,888744.753,0.0,1.0,1.0,0.081,302294.841497
1769250,IT,AU,RUBBE,WOODW,2.94,888739.464,6,6,888737.383,0.0,1.0,1.0,0.081,302292.334694
1749936,IT,CN,GLASS,FURNI,2.44,888665.352,6,6,888660.301,0.0,1.0,4.0,0.051,364207.111475
1799717,IT,WE,MOTOR,RECRE,1.33,888644.541,5,5,888643.469,0.0,0.0,1.0,0.072,668153.790226
1800089,IT,WE,NAPHT,TOBAC,1.51,888407.859,6,6,888404.795,0.0,1.0,2.0,0.064,588349.575497
1673446,IT,FR,WEARI,RETA1,6.69,888166.713,6,6,888163.544,0.0,2.0,1.0,0.169,132760.34574
1765675,IT,RU,PAPER,LIQUE,3.44,888133.388,6,6,888125.3,0.0,7.0,1.0,0.088,258178.310465
1682655,IT,HR,KEROS,HOTEL,1.32,887794.848,5,5,887793.776,0.0,0.0,1.0,0.072,672571.854545
1773358,IT,CH,MACHI,SALEM,4.95,887483.82,6,6,887481.747,0.0,1.0,1.0,0.073,179289.660606
1741483,IT,US,MOTOR,BUSIN,1.33,887479.713,5,5,887478.641,0.0,0.0,1.0,0.072,667277.979699
1653901,IT,CZ,FABRI,WHOLE,3.61,887418.594,6,6,887415.53,0.0,1.0,2.0,0.064,245822.325208
1750241,IT,CN,COPP1,CHEM1,2.24,887224.818,6,6,887220.772,0.0,1.0,3.0,0.046,396082.508036
1770335,IT,AU,HOTEL,MEMBE,6.43,887222.91,6,6,887219.843,0.0,2.0,1.0,0.067,137981.790047
1780324,IT,TW,AIRTR,LEADZ,0.97,887125.018,4,4,887124.99,0.0,0.0,0.0,0.028,914561.874227
1657070,IT,DE,NONSP,GLASS,1.16,886984.53,5,5,886983.482,0.0,0.0,1.0,0.048,764641.836207
1787530,IT,WA,CHEMI,PFERT,2.11,886872.268,6,6,886825.185,0.0,3.0,44.0,0.083,420318.610427
1676560,IT,FR,HOTEL,PAPER,6.43,886741.2,6,6,886738.133,0.0,2.0,1.0,0.067,137906.874028
1744268,IT,US,POSTT,FINAN,14.6,886721.352,6,6,886719.284,0.0,1.0,1.0,0.068,60734.339178
1736958,IT,GB,OILSE,OILSE,0.64,886705.363,5,5,886699.322,0.0,6.0,0.0,0.041,1385477.129688
1811128,IT,WM,NAPHT,VEGE1,1.5,886326.077,6,6,886323.014,0.0,1.0,2.0,0.063,590884.051333
1728372,IT,SE,TEXTI,MOTO1,5.25,886297.0,6,6,886294.882,0.0,1.0,1.0,0.118,168818.47619
1788239,IT,WA,LEATH,MEATC,6.35,886223.759,6,6,886216.606,0.0,6.0,1.0,0.153,139562.796693
1790583,IT,WA,NONF1,RAILW,0.19,885805.614,4,4,885805.609,0.0,0.0,0.0,0.005,4662134.810526
1676705,IT,FR,RAILW,WHOLE,5.93,885755.756,5,5,885749.716,0.0,0.0,6.0,0.04,149368.592917
1726941,IT,RO,HOTEL,BEVER,6.42,885712.122,6,6,885709.055,0.0,2.0,1.0,0.067,137961.38972
1641596,IT,AT,NAPHT,GASDI,1.5,885269.082,6,6,885266.019,0.0,1.0,2.0,0.063,590179.388
1737946,IT,GB,CHEM1,GLASS,1.85,885240.36,6,6,885238.263,0.0,1.0,1.0,0.097,478508.302703
1740773,IT,US,MEAT4,HOTEL,4.87,885168.51,6,6,885163.45,0.0,4.0,1.0,0.06,181759.447639
1814591,IT,WM,BUSIN,RETA1,9.09,885136.557,6,6,885132.496,0.0,2.0,2.0,0.061,97374.758746
1786926,IT,ZA,AIRTR,SUPPO,0.96,884890.059,4,4,884890.031,0.0,0.0,0.0,0.028,921760.478125
1735023,IT,SK,PLAST,OFFIC,1.86,884864.629,6,6,884862.539,0.0,1.0,1.0,0.09,475733.671505
1652005,IT,CZ,VEGET,BEVER,3.13,884276.638,5,5,884272.603,0.0,4.0,0.0,0.035,282516.497764
1734849,IT,SK,PAPER,PAPER,3.43,884256.925,6,6,884248.838,0.0,7.0,1.0,0.087,257800.85277
1745288,IT,JP,MEAT4,FOOD5,4.87,884138.779,6,6,884133.719,0.0,4.0,1.0,0.06,181548.003901
1782806,IT,NO,HOTEL,SALEM,6.41,884036.01,6,6,884032.943,0.0,2.0,1.0,0.067,137915.134165
1747471,IT,JP,SEACO,PLAST,0.9,883887.856,4,4,883887.841,0.0,0.0,0.0,0.015,982097.617778
1769502,IT,AU,BASIC,WHOLE,1.02,883784.072,5,5,883783.016,0.0,0.0,1.0,0.056,866454.972549
1773049,IT,CH,ALUM1,SECO9,1.54,883571.908,6,6,883569.837,0.0,1.0,1.0,0.071,573747.992208
1803018,IT,WF,WHEAT,AUXIL,0.67,883542.854,5,5,883536.833,0.0,6.0,0.0,0.021,1318720.677612
1650908,IT,BG,SEACO,MOTOR,0.9,883389.852,4,4,883389.837,0.0,0.0,0.0,0.015,981544.28
1785322,IT,ZA,LEATH,MOTO1,6.33,883304.801,6,6,883297.648,0.0,6.0,1.0,0.153,139542.622591
1685951,IT,HU,CHEM1,93197,1.85,883197.36,6,6,883195.264,0.0,1.0,1.0,0.096,477403.978378
1723340,IT,PT,NONME,CEMEN,1.78,883082.232,5,5,883080.135,0.0,0.0,2.0,0.097,496113.613483
1729490,IT,SE,ALUM1,FABRI,1.53,883014.156,6,6,883012.085,0.0,1.0,1.0,0.071,577133.435294
1720413,IT,PL,MACHI,PULP5,4.93,882947.33,6,6,882945.257,0.0,1.0,1.0,0.073,179096.821501
1811611,IT,WM,CHEM1,WEARI,1.85,882935.771,6,6,882933.675,0.0,1.0,1.0,0.096,477262.578919
1813779,IT,WM,HOTEL,REALE,6.4,882744.925,6,6,882741.858,0.0,2.0,1.0,0.067,137928.894531
1758923,IT,BR,HOTEL,MEMBE,6.4,882683.197,6,6,882680.13,0.0,2.0,1.0,0.067,137919.249531
1658613,IT,DE,MACHI,ELEC8,4.92,882551.255,6,6,882549.182,0.0,1.0,1.0,0.073,179380.336382
1739498,IT,GB,LANDT,TRAN1,5.69,882531.499,5,5,882530.457,0.0,0.0,1.0,0.042,155102.196661
1657191,IT,DE,CHEM1,SANDC,1.84,882318.814,6,6,882316.718,0.0,1.0,1.0,0.096,479521.094565
1732164,IT,SI,GASDI,SALEM,1.31,882141.823,5,5,882140.751,0.0,0.0,1.0,0.072,673390.70458
1675728,IT,FR,FURNI,BEVER,2.82,881981.847,6,6,881976.771,0.0,3.0,2.0,0.076,312759.520213
1799828,IT,WE,GASDI,MEATP,1.31,881835.08,5,5,881834.008,0.0,0.0,1.0,0.072,673156.549618
1642201,IT,AT,CEMEN,NONME,1.41,881545.854,5,5,881540.814,0.0,0.0,5.0,0.04,625209.825532
1657154,IT,DE,PLAST,RENTI,1.85,881524.697,6,6,881522.607,0.0,1.0,1.0,0.09,476499.836216
1748096,IT,JP,BUSIN,RESEA,9.05,881396.63,6,6,881392.569,0.0,2.0,2.0,0.061,97391.892818
1658068,IT,DE,PREC1,HOTEL,1.5,881395.186,6,6,881391.145,0.0,2.0,2.0,0.041,587596.790667
1716098,IT,NL,BASIC,SECO9,1.01,881121.354,5,5,881120.298,0.0,0.0,1.0,0.056,872397.380198
1738333,IT,GB,BASIC,LANDT,1.01,881053.846,5,5,881052.79,0.0,0.0,1.0,0.056,872330.540594
1657610,IT,DE,GLASS,RENTI,2.42,880992.11,6,6,880988.06,0.0,1.0,3.0,0.05,364046.326446
1681715,IT,HR,FISHF,PAPER,1.52,880615.693,4,4,880615.662,0.0,0.0,0.0,0.031,579352.429605
1754868,IT,KR,FISH5,FISH5,3.7,880588.404,6,6,880583.951,0.0,3.0,1.0,0.453,237996.865946
1675191,IT,FR,NONF1,ELEC3,0.19,880373.056,4,4,880373.051,0.0,0.0,0.0,0.005,4633542.4
1797377,IT,WL,RENTI,COPP1,5.26,880133.8,6,6,880131.751,0.0,1.0,1.0,0.049,167325.81749
1667729,IT,ES,MACHI,PAPE4,4.91,880080.493,6,6,880078.421,0.0,1.0,1.0,0.072,179242.462933
1732382,IT,SI,PLAST,LEATH,1.85,880079.403,6,6,880077.313,0.0,1.0,1.0,0.09,475718.596216
1771268,IT,CH,VEGE1,PUBLI,2.71,880001.348,6,6,879995.157,0.0,5.0,1.0,0.191,324723.744649
1757332,IT,BR,TEXTI,WEARI,5.21,879914.248,6,6,879912.131,0.0,1.0,1.0,0.117,168889.490979
1771430,IT,CH,FOOD5,PUBLI,4.23,879905.386,6,6,879900.307,0.0,4.0,1.0,0.079,208015.457683
1661349,IT,DK,MEATC,HOTEL,2.94,879715.471,6,6,879701.415,0.0,13.0,1.0,0.056,299222.94932
1813093,IT,WM,MOTO1,VEGET,4.68,879528.545,6,6,879526.488,0.0,1.0,1.0,0.057,187933.449786
1648898,IT,BG,TEXTI,REALE,5.21,879487.89,6,6,879485.773,0.0,1.0,1.0,0.117,168807.65643
1789168,IT,WA,PLAST,VEGE1,1.85,879386.089,6,6,879384.0,0.0,1.0,1.0,0.089,475343.831892
1779060,IT,TR,AIRTR,HEALT,0.96,879302.009,4,4,879301.981,0.0,0.0,0.0,0.028,915939.592708
1756237,IT,KR,MACHI,AIRTR,4.91,879241.801,6,6,879239.729,0.0,1.0,1.0,0.072,179071.649898
1645856,IT,BE,GLASS,CHEM1,2.41,878796.731,6,6,878792.681,0.0,1.0,3.0,0.05,364645.946473
1675515,IT,FR,OFFIC,COMPU,2.72,878589.429,6,6,878587.366,0.0,1.0,1.0,0.063,323010.819485
1790168,IT,WA,BASIC,EDUCA,1.01,878502.542,5,5,878501.486,0.0,0.0,1.0,0.056,869804.49703
1641764,IT,AT,CHEM1,PULP5,1.84,878387.717,6,6,878385.621,0.0,1.0,1.0,0.096,477384.628804
1643453,IT,AT,LANDT,MOTO1,5.67,878314.837,5,5,878313.795,0.0,0.0,1.0,0.042,154905.614991
1723018,IT,PT,PLAST,CEMEN,1.84,878278.678,6,6,878276.589,0.0,1.0,1.0,0.089,477325.368478
1750520,IT,CN,MACHI,ELEC5,4.9,878271.933,6,6,878269.861,0.0,1.0,1.0,0.072,179239.17
1803662,IT,WF,FOOD5,HEALT,4.22,878169.2,6,6,878164.121,0.0,4.0,1.0,0.079,208096.966825
1726648,IT,RO,MOTO1,BUSIN,4.67,878160.122,6,6,878158.065,0.0,1.0,1.0,0.057,188042.852677
1811489,IT,WM,PLAST,SEACO,1.84,877729.515,6,6,877727.426,0.0,1.0,1.0,0.089,477026.910326
1758240,IT,BR,BASIC,TRANS,1.01,877716.857,5,5,877715.802,0.0,0.0,1.0,0.055,869026.591089
1656401,IT,DE,WOODW,RETA1,2.46,877643.482,6,6,877636.423,0.0,6.0,1.0,0.059,356765.643089
1730200,IT,SE,LANDT,CONST,5.66,877609.853,5,5,877608.812,0.0,0.0,1.0,0.041,155054.744346
1765912,IT,RU,PLAST,OFFIC,1.84,877557.548,6,6,877555.459,0.0,1.0,1.0,0.089,476933.45
1735781,IT,SK,MACHI,LEATH,4.9,877522.611,6,6,877520.539,0.0,1.0,1.0,0.072,179086.247143
1720466,IT,PL,MACHI,TRAN1,4.89,877390.568,6,6,877388.496,0.0,1.0,1.0,0.072,179425.474029
1800633,IT,WE,GLASS,HEALT,2.41,877340.851,6,6,877336.801,0.0,1.0,3.0,0.05,364041.846888
1720179,IT,PL,COPP1,OFFIC,2.22,877297.986,6,6,877293.941,0.0,1.0,3.0,0.045,395179.272973
1679723,IT,GR,NONME,CONST,1.77,877195.935,5,5,877193.839,0.0,0.0,2.0,0.096,495590.923729
1662067,IT,DK,CHEM1,RUBBE,1.83,876990.819,6,6,876988.723,0.0,1.0,1.0,0.096,479229.955738
1733852,IT,SI,TRAN2,SUPPO,1.35,876923.733,5,5,876922.709,0.0,0.0,1.0,0.024,649573.135556
1752503,IT,CA,FOOD5,DAIRY,4.21,876787.914,6,6,876782.836,0.0,4.0,1.0,0.078,208263.16247
1761425,IT,IN,BASIC,NONME,1.01,876783.379,5,5,876782.324,0.0,0.0,1.0,0.055,868102.355446
1713349,IT,MT,GASDI,CONST,1.3,876757.896,5,5,876756.825,0.0,0.0,1.0,0.071,674429.150769
1813782,IT,WM,HOTEL,BUSIN,6.35,876622.748,6,6,876619.682,0.0,2.0,1.0,0.066,138050.826457
1658626,IT,DE,MACHI,RETAI,4.89,876474.947,6,6,876472.875,0.0,1.0,1.0,0.072,179238.23047
1782572,IT,NO,TRANS,MOTO1,5.23,876383.95,6,6,876381.902,0.0,1.0,1.0,0.048,167568.632887
1746843,IT,JP,MACHI,SEACO,4.89,876369.344,6,6,876367.272,0.0,1.0,1.0,0.072,179216.634765
1658744,IT,DE,OFFIC,BUSIN,2.72,876309.946,6,6,876307.883,0.0,1.0,1.0,0.063,322172.774265
1751365,IT,CN,SEACO,NATUR,0.89,876111.082,4,4,876111.067,0.0,0.0,0.0,0.015,984394.474157
1753591,IT,CA,MACHI,DISTR,4.89,876048.64,6,6,876046.568,0.0,1.0,1.0,0.072,179151.051125
1741783,IT,US,NONSP,RESEA,1.15,876008.939,5,5,876007.892,0.0,0.0,1.0,0.047,761746.903478
1738685,IT,GB,MACHI,BASIC,4.89,875866.926,6,6,875864.854,0.0,1.0,1.0,0.072,179113.890798
1771229,IT,CH,VEGE1,PLAST,2.69,875849.793,6,6,875843.602,0.0,5.0,1.0,0.191,325594.718587
1713782,IT,MT,MOTO1,COMPU,4.66,875787.405,6,6,875785.348,0.0,1.0,1.0,0.057,187937.211373
1688307,IT,IE,MEAT1,93197,4.09,875760.062,6,6,875755.954,0.0,3.0,1.0,0.108,214122.264548
1735414,IT,SK,BASIC,TEXTI,1.01,875285.747,5,5,875284.692,0.0,0.0,1.0,0.055,866619.551485
1796135,IT,WL,TRANS,POSTT,5.22,875226.22,6,6,875224.172,0.0,1.0,1.0,0.048,167667.858238
1719839,IT,PL,BASIC,SALEM,1.01,875217.422,5,5,875216.367,0.0,0.0,1.0,0.055,866551.90297
1748044,IT,JP,BUSIN,BASIC,8.99,875158.964,6,6,875154.904,0.0,2.0,2.0,0.06,97348.049388
1682898,IT,HR,NAPHT,CEMEN,1.49,875105.308,6,6,875102.245,0.0,1.0,2.0,0.063,587318.998658
1806231,IT,WF,MACHI,WOODW,4.88,875024.681,6,6,875022.609,0.0,1.0,1.0,0.072,179308.33627
1644907,IT,BE,LEATH,MEDIC,6.27,874992.444,6,6,874985.293,0.0,6.0,1.0,0.151,139552.223923
1770974,IT,CH,VEGET,RETA1,3.1,874862.081,5,5,874858.047,0.0,4.0,0.0,0.034,282213.574516
1725343,IT,RO,TOBAC,ELEC1,3.44,874855.918,6,6,874850.863,0.0,4.0,1.0,0.055,254318.580814
1715542,IT,NL,GASDI,SUPPO,1.3,874692.538,5,5,874691.467,0.0,0.0,1.0,0.071,672840.413846
1763561,IT,MX,CHEM1,GLASS,1.83,874569.271,6,6,874567.176,0.0,1.0,1.0,0.095,477906.705464
1738425,IT,GB,ALUM1,BASIC,1.52,874501.43,6,6,874499.36,0.0,1.0,1.0,0.07,575329.888158
1812229,IT,WM,NONME,MACHI,1.77,874457.328,5,5,874455.232,0.0,0.0,2.0,0.096,494043.688136
1714808,IT,NL,FOOD5,DAIRY,4.2,874418.237,6,6,874413.159,0.0,4.0,1.0,0.078,208194.818333
1784556,IT,ID,MACHI,FISHF,4.88,874302.165,6,6,874300.093,0.0,1.0,1.0,0.072,179160.279713
1760466,IT,IN,TEXTI,WEARI,5.18,874105.105,6,6,874102.989,0.0,1.0,1.0,0.116,168746.159266
1750552,IT,CN,MACHI,RESEA,4.88,873876.352,6,6,873874.28,0.0,1.0,1.0,0.072,179073.022951
1778882,IT,TR,SEACO,STONE,0.89,873651.377,4,4,873651.362,0.0,0.0,0.0,0.015,981630.760674
1647916,IT,BE,REALE,WHOLE,36.9,873334.786,6,6,873331.729,0.0,1.0,2.0,0.057,23667.609377
1732857,IT,SI,BASIC,HOTEL,1.01,873236.91,5,5,873235.855,0.0,0.0,1.0,0.055,864591.0
1801253,IT,WE,FABRI,BUSIN,3.55,873167.37,6,6,873164.307,0.0,1.0,2.0,0.063,245962.639437
1742790,IT,US,FABRI,SALEM,3.55,873023.86,6,6,873020.797,0.0,1.0,2.0,0.063,245922.214085
1810737,IT,WM,MOTOR,RAILW,1.3,872959.316,5,5,872958.245,0.0,0.0,1.0,0.071,671507.166154
1749284,IT,CN,PAPER,HOTEL,3.38,872702.559,6,6,872694.473,0.0,7.0,1.0,0.086,258196.023373
1777099,IT,TR,CHEM1,RESEA,1.82,872700.736,6,6,872698.641,0.0,1.0,1.0,0.095,479505.898901
1728882,IT,SE,CHEM1,STONE,1.82,872651.669,6,6,872649.574,0.0,1.0,1.0,0.095,479478.939011
1676953,IT,FR,AIRTR,CHEM1,0.95,872570.994,4,4,872570.967,0.0,0.0,0.0,0.027,918495.783158
1718790,IT,PL,PAPER,PULP5,3.38,872457.209,6,6,872449.123,0.0,7.0,1.0,0.086,258123.434615
1729781,IT,SE,MACHI,SALEM,4.87,872262.939,6,6,872260.867,0.0,1.0,1.0,0.072,179109.43306
1788174,IT,WA,WEARI,SALEM,6.57,872163.236,6,6,872160.07,0.0,2.0,1.0,0.166,132749.350989
1732206,IT,SI,HEAVY,MEATC,1.41,871938.214,5,5,871937.144,0.0,0.0,1.0,0.07,618395.896454
1657857,IT,DE,NONME,93197,1.76,871890.855,5,5,871888.759,0.0,0.0,2.0,0.096,495392.53125
1806072,IT,WF,NONF1,REALE,0.19,871827.156,4,4,871827.151,0.0,0.0,0.0,0.005,4588563.978947
1806233,IT,WF,MACHI,PAPER,4.86,871776.745,6,6,871774.673,0.0,1.0,1.0,0.072,179377.93107
1670638,IT,FI,LEATH,FURNI,6.24,871610.791,6,6,871603.64,0.0,6.0,1.0,0.151,139681.216506
1677104,IT,FR,SUPPO,COMPU,6.27,871595.384,6,6,871593.341,0.0,1.0,1.0,0.043,139010.42807
1666806,IT,ES,RUBBE,EDUCA,2.89,871550.286,6,6,871548.207,0.0,1.0,1.0,0.079,301574.493426
1668982,IT,ES,AIRTR,FINAN,0.95,871492.289,4,4,871492.262,0.0,0.0,0.0,0.027,917360.304211
1799588,IT,WE,MOTOR,CEREA,1.3,871420.49,5,5,871419.419,0.0,0.0,1.0,0.071,670323.453846
1804909,IT,WF,BITU1,DIST1,1.37,871416.084,5,5,871415.015,0.0,0.0,1.0,0.069,636070.134307
1680946,IT,GR,SEACO,RADIO,0.89,871351.677,4,4,871351.662,0.0,0.0,0.0,0.015,979046.82809
1713130,IT,MT,BEVER,RADIO,3.7,871230.167,6,6,871227.111,0.0,2.0,1.0,0.056,235467.612703
1790854,IT,WA,MACHI,INSUR,4.86,871223.614,6,6,871221.542,0.0,1.0,1.0,0.072,179264.118107
1684155,IT,HR,LANDT,CHEM1,5.62,871045.452,5,5,871044.411,0.0,0.0,1.0,0.041,154990.29395
1727129,IT,RO,LANDT,MACHI,5.62,870857.013,5,5,870855.972,0.0,0.0,1.0,0.041,154956.763879
1648244,IT,BE,BUSIN,INSUR,8.94,870798.173,6,6,870794.113,0.0,2.0,2.0,0.06,97404.717338
1721055,IT,PL,HOTEL,MACHI,6.31,870687.751,6,6,870684.685,0.0,2.0,1.0,0.066,137985.380507
1642359,IT,AT,BASIC,SALEM,1.0,870650.238,5,5,870649.183,0.0,0.0,1.0,0.055,870650.238
1806255,IT,WF,MACHI,NONME,4.86,870518.828,6,6,870516.756,0.0,1.0,1.0,0.072,179119.100412
1805126,IT,WF,PFERT,RAWMI,0.38,870492.546,4,4,870492.407,0.0,0.0,0.0,0.139,2290769.857895
1791230,IT,WA,FURNI,DISTR,2.78,870296.588,6,6,870291.513,0.0,3.0,2.0,0.075,313056.326619
1776676,IT,TR,HEAVY,BITU1,1.41,870224.045,5,5,870222.975,0.0,0.0,1.0,0.07,617180.173759
1734386,IT,SK,VEGET,VEGET,3.08,869864.12,5,5,869860.086,0.0,4.0,0.0,0.034,282423.415584
1659792,IT,DE,LANDT,PULP5,5.61,869677.609,5,5,869676.568,0.0,0.0,1.0,0.041,155022.746702
1653581,IT,CZ,BASIC,SEWAG,1.0,869541.437,5,5,869540.382,0.0,0.0,1.0,0.055,869541.437
1780879,IT,TW,RESEA,KEROS,4.71,869434.394,6,6,869432.333,0.0,1.0,1.0,0.061,184593.289597
1773208,IT,CH,FABRI,RUBBE,3.54,869122.19,6,6,869119.128,0.0,1.0,2.0,0.062,245514.742938
1778958,IT,TR,SEACO,TRAN2,0.88,869117.837,4,4,869117.822,0.0,0.0,0.0,0.015,987633.905682
1813960,IT,WM,SEACO,NATUR,0.88,868991.463,4,4,868991.448,0.0,0.0,0.0,0.015,987490.298864
1666047,IT,ES,KEROS,RESEA,1.29,868756.478,5,5,868755.407,0.0,0.0,1.0,0.071,673454.634109
1804826,IT,WF,NAPHT,WHOLE,1.47,868701.084,6,6,868698.022,0.0,1.0,2.0,0.062,590953.118367
1769291,IT,AU,RUBBE,WHOLE,2.88,868633.123,6,6,868631.044,0.0,1.0,1.0,0.079,301608.723264
1739432,IT,GB,LANDT,MEAT1,5.6,868596.533,5,5,868595.492,0.0,0.0,1.0,0.041,155106.52375
1778247,IT,TR,FURNI,93197,2.77,868525.26,6,6,868520.185,0.0,3.0,2.0,0.075,313547.025271
1782216,IT,NO,BASIC,FURNI,1.0,868503.835,5,5,868502.78,0.0,0.0,1.0,0.055,868503.835
1743157,IT,US,MOTO1,POSTT,4.62,868477.064,6,6,868475.008,0.0,1.0,1.0,0.056,187982.048485
1764307,IT,MX,MACHI,RECRE,4.84,868298.632,6,6,868296.561,0.0,1.0,1.0,0.071,179400.543802
1719179,IT,PL,PLAST,CONST,1.82,868218.124,6,6,868216.036,0.0,1.0,1.0,0.088,477042.925275
1789619,IT,WA,RUBBE,VEGE1,2.88,868077.238,6,6,868075.159,0.0,1.0,1.0,0.079,301415.707639
1801399,IT,WE,OFFIC,OFFIC,2.69,867715.027,6,6,867712.964,0.0,1.0,1.0,0.063,322570.642007
1749020,IT,CN,LEATH,BASIC,6.21,867706.689,6,6,867699.539,0.0,6.0,1.0,0.15,139727.325121
1686786,IT,HU,FABRI,DAIRY,3.53,867206.645,6,6,867203.583,0.0,1.0,2.0,0.062,245667.604816
1739520,IT,GB,LANDT,RESEA,5.59,867188.266,5,5,867187.225,0.0,0.0,1.0,0.041,155132.069052
1804770,IT,WF,NAPHT,LEATH,1.47,866894.058,6,6,866890.996,0.0,1.0,2.0,0.062,589723.84898
1661003,IT,DE,BUSIN,RETAI,8.9,866680.863,6,6,866676.803,0.0,2.0,2.0,0.06,97379.872247
1784443,IT,ID,BASIC,RADIO,1.0,866454.22,5,5,866453.165,0.0,0.0,1.0,0.055,866454.22
1766786,IT,RU,MACHI,RUBBE,4.83,866291.486,6,6,866289.415,0.0,1.0,1.0,0.071,179356.415321
1677198,IT,FR,POSTT,RETA1,14.27,866187.699,6,6,866185.633,0.0,1.0,1.0,0.066,60699.90883
1738665,IT,GB,MACHI,PAPER,4.83,866012.419,6,6,866010.348,0.0,1.0,1.0,0.071,179298.637474
1747616,IT,JP,AIRTR,POSTT,0.94,865947.178,4,4,865947.151,0.0,0.0,0.0,0.027,921220.402128
1674524,IT,FR,RUBBE,FISH5,2.87,865919.012,6,6,865916.933,0.0,1.0,1.0,0.079,301713.941463
1738125,IT,GB,GLASS,FOOD5,2.38,865671.738,6,6,865667.688,0.0,1.0,3.0,0.05,363727.621008
1649343,IT,BG,PLAST,FABRI,1.82,865572.925,6,6,865570.837,0.0,1.0,1.0,0.088,475589.519231
1773121,IT,CH,COPP1,OFFIC,2.19,865425.301,6,6,865421.256,0.0,1.0,3.0,0.045,395171.37032
1665754,IT,ES,PAPER,FURNI,3.35,865050.36,6,6,865042.275,0.0,7.0,1.0,0.085,258223.98806
1753456,IT,CA,FABRI,BASIC,3.52,864992.458,6,6,864989.396,0.0,1.0,2.0,0.062,245736.49375
1653758,IT,CZ,COPP1,TRANS,2.19,864941.598,6,6,864937.553,0.0,1.0,3.0,0.045,394950.50137
1750500,IT,CN,MACHI,PREC1,4.83,864935.112,6,6,864933.041,0.0,1.0,1.0,0.071,179075.592547
1788306,IT,WA,LEATH,FURNI,6.19,864864.936,6,6,864857.786,0.0,6.0,1.0,0.15,139719.698869
1675847,IT,FR,ELEC1,WHOLE,0.12,864591.847,4,4,864591.793,0.0,0.0,0.0,0.054,7204932.058333
1794889,IT,WL,CHEM1,CROPS,1.81,864473.022,6,6,864470.928,0.0,1.0,1.0,0.094,477609.40442
1799457,IT,WE,PAPER,PLAST,3.35,864376.154,6,6,864368.069,0.0,7.0,1.0,0.085,258022.732537
1719562,IT,PL,GLASS,REALE,2.37,864354.952,6,6,864350.903,0.0,1.0,3.0,0.049,364706.730802
1735431,IT,SK,BASIC,ADDIT,0.99,864212.749,5,5,864211.694,0.0,0.0,1.0,0.055,872942.170707
1794557,IT,WL,HEAVY,PAPER,1.4,864183.118,5,5,864182.049,0.0,0.0,1.0,0.069,617273.655714
1730811,IT,SE,BUSIN,RETA1,8.88,864167.256,6,6,864163.196,0.0,2.0,2.0,0.06,97316.132432
1675206,IT,FR,FABRI,POULT,3.52,864141.352,6,6,864138.29,0.0,1.0,2.0,0.062,245494.702273
1757906,IT,BR,CHEM1,MOTO1,1.81,864088.453,6,6,864086.359,0.0,1.0,1.0,0.094,477396.935359
1761114,IT,IN,CHEM1,TOBAC,1.81,863912.651,6,6,863910.557,0.0,1.0,1.0,0.094,477299.807182
1686445,IT,HU,BASIC,SUPPO,0.99,863897.087,5,5,863896.032,0.0,0.0,1.0,0.055,872623.320202
1758290,IT,BR,ALUM1,MACHI,1.5,863768.696,6,6,863766.627,0.0,1.0,1.0,0.069,575845.797333
1779699,IT,TR,RESEA,BUSIN,4.68,863757.521,6,6,863755.461,0.0,1.0,1.0,0.06,184563.572863
1758535,IT,BR,MACHI,SUPPO,4.82,863643.797,6,6,863641.726,0.0,1.0,1.0,0.071,179179.210996
1644076,IT,AT,BUSIN,RETA1,8.87,863486.28,6,6,863482.22,0.0,2.0,2.0,0.06,97349.073281
1715969,IT,NL,CERAM,MACHI,1.34,863377.028,5,5,863372.981,0.0,0.0,4.0,0.047,644311.214925
1676952,IT,FR,AIRTR,PLAST,0.94,863330.553,4,4,863330.526,0.0,0.0,0.0,0.027,918436.758511
1682452,IT,HR,PAPER,RETA1,3.35,863287.171,6,6,863279.086,0.0,7.0,1.0,0.085,257697.662985
1659851,IT,DE,LANDT,DISTR,5.57,863213.675,5,5,863212.634,0.0,0.0,1.0,0.041,154975.525135
1756801,IT,KR,AIRTR,HEALT,0.94,862902.705,4,4,862902.678,0.0,0.0,0.0,0.027,917981.601064
1739804,IT,GB,POSTT,INSUR,14.21,862844.058,6,6,862841.992,0.0,1.0,1.0,0.066,60720.904856
1719538,IT,PL,GLASS,MOTO1,2.37,862824.059,6,6,862820.01,0.0,1.0,3.0,0.049,364060.784388
1643454,IT,AT,LANDT,TRANS,5.57,862752.407,5,5,862751.366,0.0,0.0,1.0,0.041,154892.712208
1738524,IT,GB,NONF1,HOTEL,0.19,862737.935,4,4,862737.93,0.0,0.0,0.0,0.005,4540725.973684
1810732,IT,WM,MOTOR,SALEM,1.29,862621.959,5,5,862620.889,0.0,0.0,1.0,0.07,668699.193023
1801328,IT,WE,MACHI,PFERT,4.81,862585.353,6,6,862583.282,0.0,1.0,1.0,0.071,179331.67422
1686968,IT,HU,MACHI,WHOLE,4.81,862486.022,6,6,862483.951,0.0,1.0,1.0,0.071,179311.023285
1732722,IT,SI,CEMEN,PLAST,1.38,862329.156,5,5,862324.117,0.0,0.0,5.0,0.039,624876.2
1646508,IT,BE,MACHI,REALE,4.81,862299.427,6,6,862297.356,0.0,1.0,1.0,0.071,179272.230146
1765329,IT,RU,FOOD5,BEVER,4.14,862156.673,6,6,862151.596,0.0,4.0,1.0,0.077,208250.404106
1675765,IT,FR,FURNI,ELEC3,2.75,862095.128,6,6,862091.054,0.0,2.0,2.0,0.074,313489.137455
1794000,IT,WL,WOODW,FURNI,2.41,861975.711,6,6,861969.653,0.0,5.0,1.0,0.058,357666.270124
1653221,IT,CZ,RUBBE,TEXTI,2.86,861936.294,6,6,861934.216,0.0,1.0,1.0,0.078,301376.326573
1774613,IT,CH,SEACO,POSTT,0.88,861917.876,4,4,861917.861,0.0,0.0,0.0,0.015,979452.131818
1740269,IT,GB,BUSIN,AUXIL,8.85,861787.23,6,6,861783.171,0.0,2.0,2.0,0.059,97377.088136
1801181,IT,WE,FABRI,WOODW,3.51,861438.508,6,6,861435.446,0.0,1.0,2.0,0.062,245424.076353
1671504,IT,FI,MACHI,FABRI,4.81,861351.689,6,6,861349.618,0.0,1.0,1.0,0.071,179075.195218
1772097,IT,CH,COKEO,CEMEN,0.11,861238.48,4,4,861238.476,0.0,0.0,0.0,0.004,7829440.727273
1788571,IT,WA,PAPER,OFFIC,3.34,861194.166,6,6,861186.081,0.0,7.0,1.0,0.085,257842.564671
1804262,IT,WF,MOTOR,NATU1,1.29,861095.862,5,5,861094.792,0.0,0.0,1.0,0.07,667516.172093
1649453,IT,BG,CHEM1,WHOLE,1.8,860919.615,6,6,860917.521,0.0,1.0,1.0,0.094,478288.675
1811278,IT,WM,BITU1,PRINT,1.36,860835.212,5,5,860834.143,0.0,0.0,1.0,0.069,632967.067647
1741616,IT,US,GASDI,RECRE,1.28,860732.449,5,5,860731.379,0.0,0.0,1.0,0.07,672447.225781
1781025,IT,TW,BUSIN,FINAN,8.84,860243.76,6,6,860239.701,0.0,2.0,2.0,0.059,97312.642534
1811441,IT,WM,PLAST,NFERT,1.8,860223.051,6,6,860220.964,0.0,1.0,1.0,0.087,477901.695
1665000,IT,ES,CHEMI,CHEM1,2.05,860209.553,6,6,860164.472,0.0,3.0,42.0,0.081,419614.416098
1792781,IT,WA,BUSIN,COMPU,8.83,860093.103,6,6,860089.044,0.0,2.0,2.0,0.059,97405.787429
1675736,IT,FR,FURNI,PRINT,2.75,859977.61,6,6,859973.536,0.0,2.0,2.0,0.074,312719.130909
1660856,IT,DE,COMPU,SUPPO,9.82,859929.223,6,6,859926.169,0.0,1.0,2.0,0.054,87569.167312
1798718,IT,WE,DAIRY,REALE,3.49,859713.615,6,6,859706.557,0.0,6.0,1.0,0.058,246336.27937
1654000,IT,CZ,MACHI,CEMEN,4.8,859680.886,6,6,859678.815,0.0,1.0,1.0,0.071,179100.184583
1786839,IT,ZA,HOTEL,PUBLI,6.23,859665.876,6,6,859662.811,0.0,2.0,1.0,0.065,137988.102087
1674528,IT,FR,RUBBE,LEATH,2.85,859350.846,6,6,859348.768,0.0,1.0,1.0,0.078,301526.612632
1730824,IT,SE,BUSIN,REALE,8.83,859259.024,6,6,859254.965,0.0,2.0,2.0,0.059,97311.327746
1748089,IT,JP,BUSIN,POSTT,8.82,859242.901,6,6,859238.842,0.0,2.0,2.0,0.059,97419.830045
1688470,IT,IE,WEARI,TRANS,6.48,859166.685,6,6,859163.522,0.0,2.0,1.0,0.163,132587.451389
1686071,IT,HU,RUBBE,WOODW,2.85,859049.395,6,6,859047.317,0.0,1.0,1.0,0.078,301420.840351
1806349,IT,WF,MOTO1,CRUDE,4.57,858924.309,6,6,858922.253,0.0,1.0,1.0,0.056,187948.426477
1672912,IT,FR,VEGE1,HEALT,2.64,858849.726,6,6,858843.539,0.0,5.0,1.0,0.187,325321.865909
1749657,IT,CN,CHEM1,PARAF,1.79,858740.068,6,6,858737.974,0.0,1.0,1.0,0.094,479743.054749
1675918,IT,FR,ELEC2,REALE,0.21,858725.695,4,4,858725.605,0.0,0.0,0.0,0.09,4089169.97619
1805042,IT,WF,PLAST,FURNI,1.8,858713.257,6,6,858711.17,0.0,1.0,1.0,0.087,477062.920556
1803769,IT,WF,TEXTI,RAWMI,5.09,858371.242,6,6,858369.128,0.0,1.0,1.0,0.114,168638.750884
1794931,IT,WL,CHEM1,KEROS,1.79,858331.844,6,6,858329.75,0.0,1.0,1.0,0.094,479514.996648
1657479,IT,DE,RUBBE,POSTT,2.84,858315.305,6,6,858313.227,0.0,1.0,1.0,0.078,302223.698944
1801533,IT,WE,MOTO1,EDUCA,4.57,858236.171,6,6,858234.115,0.0,1.0,1.0,0.056,187797.849234
1743935,IT,US,SEACO,FOOD3,0.87,858222.56,4,4,858222.545,0.0,0.0,0.0,0.015,986462.712644
1758413,IT,BR,FABRI,ELECT,3.49,858195.13,6,6,858192.068,0.0,1.0,2.0,0.062,245901.183381
1671583,IT,FI,MOTO1,LANDT,4.57,858162.141,6,6,858160.085,0.0,1.0,1.0,0.056,187781.650109
1679483,IT,GR,CHEM1,OFFIC,1.79,858038.522,6,6,858036.428,0.0,1.0,1.0,0.094,479351.129609
1777269,IT,TR,RUBBE,RETA1,2.84,857767.292,6,6,857765.214,0.0,1.0,1.0,0.078,302030.73662
1759131,IT,BR,AIRTR,BASIC,0.93,857446.163,4,4,857446.136,0.0,0.0,0.0,0.027,921985.121505
1775671,IT,TR,VEGET,FOOD5,3.04,857238.31,5,5,857234.276,0.0,4.0,0.0,0.034,281986.286184
1655854,IT,DE,VEGE1,PUBLI,2.64,857184.777,6,6,857178.591,0.0,5.0,1.0,0.186,324691.203409
1673183,IT,FR,BEVER,WHOLE,3.64,856818.418,6,6,856815.363,0.0,2.0,1.0,0.055,235389.675275
1795880,IT,WL,OFFIC,OFFIC,2.65,856744.537,6,6,856742.475,0.0,1.0,1.0,0.062,323299.825283
1641767,IT,AT,CHEM1,COKEO,1.79,856677.861,6,6,856675.767,0.0,1.0,1.0,0.094,478590.983799
1806229,IT,WF,MACHI,WEARI,4.78,856571.297,6,6,856569.227,0.0,1.0,1.0,0.07,179199.016109
1676674,IT,FR,RAILW,BEVER,5.73,856505.006,5,5,856498.967,0.0,0.0,6.0,0.039,149477.313438
1643237,IT,AT,HOTEL,MACHI,6.21,856261.382,6,6,856258.317,0.0,2.0,1.0,0.065,137884.280515
1731981,IT,SI,KEROS,CATTL,1.27,856180.126,5,5,856179.056,0.0,0.0,1.0,0.07,674157.579528
1678533,IT,GR,VEGET,MEATA,3.03,856166.278,5,5,856162.244,0.0,4.0,0.0,0.034,282563.128053
1741658,IT,US,HEAVY,PLAST,1.38,856135.721,5,5,856134.652,0.0,0.0,1.0,0.069,620388.203623
1799674,IT,WE,MOTOR,OFFIC,1.28,856106.834,5,5,856105.764,0.0,0.0,1.0,0.07,668833.464062
1644905,IT,BE,LEATH,ELECT,6.13,856097.576,6,6,856090.428,0.0,6.0,1.0,0.148,139657.02708
1789529,IT,WA,ADDIT,WHOLE,1.98,855951.772,6,6,855943.705,0.0,6.0,2.0,0.067,432298.874747
1741858,IT,US,CHEM1,RAWMI,1.79,855942.196,6,6,855940.103,0.0,1.0,1.0,0.093,478179.997765
1666788,IT,ES,RUBBE,RETA1,2.84,855880.96,6,6,855878.882,0.0,1.0,1.0,0.078,301366.535211
1653055,IT,CZ,PLAST,WHOLE,1.8,855708.177,6,6,855706.09,0.0,1.0,1.0,0.087,475393.431667
1741131,IT,US,WEARI,POSTT,6.45,855536.252,6,6,855533.089,0.0,2.0,1.0,0.163,132641.27938
1680048,IT,GR,MACHI,FABRI,4.77,855535.209,6,6,855533.139,0.0,1.0,1.0,0.07,179357.486164
1814023,IT,WM,SEACO,SALEM,0.87,855256.552,4,4,855256.537,0.0,0.0,0.0,0.015,983053.508046
1665895,IT,ES,COALT,KEROS,1.36,855082.304,5,5,855080.253,0.0,0.0,2.0,0.051,628736.988235
1755513,IT,KR,CHEM1,FOOD5,1.79,854918.305,6,6,854916.212,0.0,1.0,1.0,0.093,477607.99162
1667561,IT,ES,FABRI,RESEA,3.48,854912.061,6,6,854909.0,0.0,1.0,2.0,0.061,245664.385345
1748962,IT,CN,WEARI,EDUCA,6.44,854667.815,6,6,854664.653,0.0,2.0,1.0,0.162,132712.393634
1640972,IT,AT,WOODW,OFFIC,2.39,854624.462,6,6,854618.404,0.0,5.0,1.0,0.058,357583.456904
1795496,IT,WL,ALUM1,FOOD5,1.48,854594.104,6,6,854592.036,0.0,1.0,1.0,0.068,577428.448649
1675447,IT,FR,MACHI,OILHA,4.77,854577.903,6,6,854575.833,0.0,1.0,1.0,0.07,179156.793082
1649480,IT,BG,CHEM1,93197,1.79,854546.581,6,6,854544.488,0.0,1.0,1.0,0.093,477400.324581
1811379,IT,WM,PLAST,WHEAT,1.79,854351.304,6,6,854349.217,0.0,1.0,1.0,0.087,477291.231285
1804749,IT,WF,NAPHT,IRONO,1.45,854346.073,6,6,854343.012,0.0,1.0,2.0,0.061,589204.188276
1782604,IT,NO,FURNI,CONST,2.73,854221.236,6,6,854217.163,0.0,2.0,2.0,0.073,312901.551648
1801730,IT,WE,ELEC1,BUSIN,0.12,854126.398,4,4,854126.344,0.0,0.0,0.0,0.054,7117719.983333
1661006,IT,DE,BUSIN,HOTEL,8.77,854091.095,6,6,854087.036,0.0,2.0,2.0,0.059,97387.810148
1786572,IT,ZA,FURNI,POSTT,2.73,854032.085,6,6,854028.012,0.0,2.0,2.0,0.073,312832.265568
1680011,IT,GR,MACHI,FOOD5,4.76,853761.679,6,6,853759.609,0.0,1.0,1.0,0.07,179361.697269
1788883,IT,WA,GASDI,WHOLE,1.27,853737.169,5,5,853736.099,0.0,0.0,1.0,0.07,672233.991339
1800213,IT,WE,PLAST,DAIRY,1.79,853628.663,6,6,853626.576,0.0,1.0,1.0,0.087,476887.521229
1750296,IT,CN,NONF1,NONME,0.19,853608.036,4,4,853608.031,0.0,0.0,0.0,0.005,4492673.873684
1656019,IT,DE,FOOD5,REALE,4.1,853534.107,6,6,853529.031,0.0,4.0,1.0,0.076,208179.050488
1673859,IT,FR,PRINT,RESEA,8.19,853126.145,6,6,853123.08,0.0,2.0,1.0,0.065,104166.806471
1673431,IT,FR,WEARI,MOTO1,6.43,853038.809,6,6,853035.647,0.0,2.0,1.0,0.162,132665.444635
1791922,IT,WA,SEACO,MEATA,0.87,852960.142,4,4,852960.127,0.0,0.0,0.0,0.015,980413.956322
1673729,IT,FR,PAPER,CERAM,3.3,852839.706,6,6,852831.622,0.0,7.0,1.0,0.084,258436.274545
1730793,IT,SE,BUSIN,MOTO1,8.76,852795.919,6,6,852791.86,0.0,2.0,2.0,0.059,97351.132306
1755907,IT,KR,BASIC,NONME,0.98,852747.462,5,5,852746.408,0.0,0.0,1.0,0.054,870150.471429
1721296,IT,PL,LANDT,SUPPO,5.5,852645.749,5,5,852644.709,0.0,0.0,1.0,0.04,155026.499818
1788978,IT,WA,HEAVY,ELEC6,1.38,852599.852,5,5,852598.784,0.0,0.0,1.0,0.068,617825.97971
1713909,IT,MT,ELEC6,RENTI,0.13,852574.893,4,4,852574.757,0.0,0.0,0.0,0.136,6558268.407692
1753009,IT,CA,CHEM1,CHEM1,1.78,852552.262,6,6,852550.169,0.0,1.0,1.0,0.093,478961.944944
1804794,IT,WF,NAPHT,GLASS,1.45,852465.707,6,6,852462.646,0.0,1.0,2.0,0.061,587907.384138
1795637,IT,WL,FABRI,WOODW,3.47,852193.987,6,6,852190.926,0.0,1.0,2.0,0.061,245589.045245
1727160,IT,RO,LANDT,BUSIN,5.5,852159.472,5,5,852158.432,0.0,0.0,1.0,0.04,154938.085818
1790810,IT,WA,MACHI,NONME,4.75,852105.376,6,6,852103.306,0.0,1.0,1.0,0.07,179390.605474
1725666,IT,RO,PAPER,PAPER,3.3,852050.963,6,6,852042.879,0.0,7.0,1.0,0.084,258197.261515
1657806,IT,DE,NONME,FABRI,1.72,851861.206,5,5,851859.113,0.0,0.0,2.0,0.093,495268.143023
1771858,IT,CH,WOODW,WHOLE,2.38,851824.687,6,6,851818.629,0.0,5.0,1.0,0.058,357909.532353
1774560,IT,CH,SEACO,FOOD5,0.87,851710.465,4,4,851710.45,0.0,0.0,0.0,0.015,978977.545977
1732845,IT,SI,BASIC,ELEC3,0.98,851660.089,5,5,851659.035,0.0,0.0,1.0,0.054,869040.907143
1741315,IT,US,PAPER,CONST,3.3,851510.688,6,6,851502.604,0.0,7.0,1.0,0.084,258033.541818
1738518,IT,GB,NONF1,OFFIC,0.19,851415.609,4,4,851415.604,0.0,0.0,0.0,0.005,4481134.784211
1764475,IT,MX,FURNI,EDUCA,2.72,851274.295,6,6,851270.222,0.0,2.0,2.0,0.073,312968.490809
1811456,IT,WM,PLAST,NONF1,1.79,851252.526,6,6,851250.439,0.0,1.0,1.0,0.087,475560.070391
1665491,IT,ES,WEARI,OFFIC,6.41,851132.57,6,6,851129.408,0.0,2.0,1.0,0.162,132781.9922
1810174,IT,WM,WEARI,RETA1,6.41,851057.939,6,6,851054.777,0.0,2.0,1.0,0.162,132770.349298
1641506,IT,AT,HEAVY,VEGE1,1.37,850955.274,5,5,850954.206,0.0,0.0,1.0,0.068,621135.236496
1744960,IT,US,BUSIN,POSTT,8.74,850600.744,6,6,850596.685,0.0,2.0,2.0,0.059,97322.739588
1678769,IT,GR,FOOD5,RAWMI,4.09,850502.31,6,6,850497.234,0.0,4.0,1.0,0.076,207946.775061
1718776,IT,PL,PAPER,MEATP,3.29,850314.181,6,6,850306.097,0.0,7.0,1.0,0.084,258454.158359
1773188,IT,CH,FABRI,FOOD5,3.46,850248.311,6,6,850245.25,0.0,1.0,2.0,0.061,245736.506069
1777123,IT,TR,ADDIT,MOTOR,1.97,850132.274,6,6,850124.208,0.0,6.0,2.0,0.066,431539.225381
1750264,IT,CN,COPP1,FURNI,2.15,849947.429,6,6,849943.385,0.0,1.0,3.0,0.044,395324.385581
1777342,IT,TR,GLASS,FURNI,2.33,849805.096,6,6,849801.047,0.0,1.0,3.0,0.049,364723.217167
1742058,IT,US,RUBBE,MEAT1,2.82,849673.198,6,6,849671.121,0.0,1.0,1.0,0.077,301302.552482
1718194,IT,PL,DAIRY,LANDT,3.45,849621.382,6,6,849614.324,0.0,6.0,1.0,0.058,246267.067246
1793579,IT,WL,VEGE1,POULT,2.61,849617.275,6,6,849611.09,0.0,5.0,1.0,0.185,325523.860153
1758911,IT,BR,HOTEL,BUSIN,6.16,849603.955,6,6,849600.891,0.0,2.0,1.0,0.064,137922.719968
1661641,IT,DK,TEXTI,TEXTI,5.03,849551.955,6,6,849549.842,0.0,1.0,1.0,0.113,168897.008946
1747568,IT,JP,AIRTR,RUBBE,0.92,849545.863,4,4,849545.836,0.0,0.0,0.0,0.027,923419.416304
1741073,IT,US,TEXTI,CONST,5.03,849384.419,6,6,849382.306,0.0,1.0,1.0,0.113,168863.70159
1780359,IT,TW,AIRTR,BASIC,0.92,849338.227,4,4,849338.2,0.0,0.0,0.0,0.027,923193.725
1811608,IT,WM,CHEM1,FISH5,1.77,849300.947,6,6,849298.854,0.0,1.0,1.0,0.093,479831.043503
1660197,IT,DE,SUPPO,INLAN,6.1,848965.367,6,6,848963.325,0.0,1.0,1.0,0.042,139174.650328
1813311,IT,WM,TRANS,EDUCA,5.07,848872.023,6,6,848869.977,0.0,1.0,1.0,0.046,167430.37929
1656067,IT,DE,BEVER,BIODI,3.61,848814.226,6,6,848811.171,0.0,2.0,1.0,0.055,235128.59446
1649471,IT,BG,CHEM1,BUSIN,1.77,848766.324,6,6,848764.231,0.0,1.0,1.0,0.093,479528.99661
1666562,IT,ES,CHEM1,KEROS,1.77,848445.986,6,6,848443.893,0.0,1.0,1.0,0.093,479348.014689
1683532,IT,HR,ALUM1,MACHI,1.47,848393.213,6,6,848391.145,0.0,1.0,1.0,0.068,577138.240136
1804839,IT,WF,NAPHT,PUBLI,1.44,848207.909,6,6,848204.848,0.0,1.0,2.0,0.061,589033.270139
1723176,IT,PT,RUBBE,LEATH,2.81,848152.787,6,6,848150.71,0.0,1.0,1.0,0.077,301833.732028
1732867,IT,SI,BASIC,REALE,0.98,848000.482,5,5,847999.428,0.0,0.0,1.0,0.054,865306.614286
1798667,IT,WE,VEGE1,VEGE1,2.61,847978.541,6,6,847972.357,0.0,5.0,1.0,0.184,324895.99272
1658922,IT,DE,FURNI,TRANS,2.71,847946.437,6,6,847942.364,0.0,2.0,2.0,0.073,312895.364207
1780126,IT,TW,HOTEL,PAPER,6.15,847943.3,6,6,847940.236,0.0,2.0,1.0,0.064,137876.95935
1796089,IT,WL,TRANS,PFERT,5.06,847912.641,6,6,847910.595,0.0,1.0,1.0,0.046,167571.668182
1812987,IT,WM,MACHI,ELECT,4.73,847892.649,6,6,847890.579,0.0,1.0,1.0,0.07,179258.488161
1814164,IT,WM,AIRTR,93197,0.92,847643.47,4,4,847643.443,0.0,0.0,0.0,0.027,921351.597826
1657445,IT,DE,RUBBE,RADIO,2.81,847616.536,6,6,847614.459,0.0,1.0,1.0,0.077,301642.895374
1744006,IT,US,AIRTR,BASIC,0.92,847416.203,4,4,847416.176,0.0,0.0,0.0,0.027,921104.568478
1716395,IT,NL,MACHI,FURNI,4.73,847297.456,6,6,847295.386,0.0,1.0,1.0,0.07,179132.654545
1789260,IT,WA,PLAST,PUBLI,1.78,846910.217,6,6,846908.131,0.0,1.0,1.0,0.086,475792.256742
1721262,IT,PL,LANDT,MACHI,5.46,846809.827,5,5,846808.787,0.0,0.0,1.0,0.04,155093.374908
1798714,IT,WE,DAIRY,HOTEL,3.44,846793.723,6,6,846786.666,0.0,6.0,1.0,0.057,246160.965988
1713429,IT,MT,PLAST,RADIO,1.78,846778.674,6,6,846776.588,0.0,1.0,1.0,0.086,475718.35618
1752590,IT,CA,FISH5,HOTEL,3.56,846629.797,6,6,846626.362,0.0,2.0,1.0,0.435,237817.358708
1773564,IT,CH,MOTO1,SUPPO,4.51,846406.033,6,6,846403.978,0.0,1.0,1.0,0.055,187673.178049
1757383,IT,BR,LEATH,PREC1,6.06,846394.997,6,6,846387.851,0.0,6.0,1.0,0.146,139669.141419
1792182,IT,WA,SUPPO,WHOLE,6.08,846221.387,6,6,846219.345,0.0,1.0,1.0,0.042,139181.149178
1760934,IT,IN,HEAVY,PFERT,1.37,846091.884,5,5,846090.816,0.0,0.0,1.0,0.068,617585.316788
1754849,IT,KR,BEVER,RETA1,3.6,846027.442,6,6,846024.388,0.0,2.0,1.0,0.054,235007.622778
1753136,IT,CA,RUBBE,SALEM,2.8,845999.556,6,6,845997.479,0.0,1.0,1.0,0.077,302142.698571
1810126,IT,WM,WEARI,CRUDE,6.38,845953.7,6,6,845950.539,0.0,2.0,1.0,0.161,132594.623824
1642757,IT,AT,MACHI,FURNI,4.72,845940.603,6,6,845938.533,0.0,1.0,1.0,0.07,179224.704025
1791245,IT,WA,FURNI,SUPPO,2.7,845869.8,6,6,845865.727,0.0,2.0,2.0,0.073,313285.111111
1752635,IT,CA,TEXTI,MOTO1,5.01,845803.978,6,6,845801.866,0.0,1.0,1.0,0.112,168823.149301
1685364,IT,HU,LEATH,LEATH,6.06,845682.273,6,6,845675.127,0.0,6.0,1.0,0.146,139551.530198
1725114,IT,RO,SANDC,ALUM1,1.94,845444.416,5,5,845258.386,0.0,0.0,186.0,0.03,435796.090722
1714530,IT,NL,CRUDE,BIODI,1.66,845385.012,6,6,845382.939,0.0,1.0,1.0,0.073,509268.079518
1801344,IT,WE,MACHI,COPP1,4.72,845297.742,6,6,845295.673,0.0,1.0,1.0,0.069,179088.504661
1740152,IT,GB,COMPU,INSUR,9.65,845144.516,6,6,845142.463,0.0,1.0,1.0,0.053,87579.742591
1641555,IT,AT,HEAVY,HOTEL,1.37,845118.561,5,5,845117.493,0.0,0.0,1.0,0.068,616874.862044
1771947,IT,CH,PAPER,MACHI,3.27,845101.609,6,6,845093.526,0.0,7.0,1.0,0.083,258440.859021
1801108,IT,WE,NONF1,WEARI,0.18,844803.361,4,4,844803.356,0.0,0.0,0.0,0.005,4693352.005556
1649834,IT,BG,ALUM1,MACHI,1.47,844760.008,6,6,844757.94,0.0,1.0,1.0,0.068,574666.672109
1807334,IT,WF,POSTT,POSTT,13.91,844743.255,6,6,844741.191,0.0,1.0,1.0,0.064,60729.205967
1791985,IT,WA,SEACO,HOTEL,0.86,844597.646,4,4,844597.631,0.0,0.0,0.0,0.015,982090.286047
1720687,IT,PL,MOTO1,RESEA,4.5,844520.409,6,6,844518.354,0.0,1.0,1.0,0.055,187671.202
1804612,IT,WF,HEAVY,PFERT,1.36,844212.229,5,5,844211.161,0.0,0.0,1.0,0.068,620744.286029
1661780,IT,DK,LEATH,BUSIN,6.05,844047.393,6,6,844040.247,0.0,6.0,1.0,0.146,139511.965785
1747622,IT,JP,AIRTR,COMPU,0.92,843918.654,4,4,843918.627,0.0,0.0,0.0,0.027,917302.884783
1677038,IT,FR,SUPPO,WOODW,6.07,843702.389,6,6,843700.348,0.0,1.0,1.0,0.041,138995.451236
1743697,IT,US,RAILW,CONST,5.64,843685.603,5,5,843679.565,0.0,0.0,6.0,0.038,149589.645922
1765316,IT,RU,FOOD5,POULT,4.05,843637.205,6,6,843632.13,0.0,4.0,1.0,0.075,208305.482716
1799707,IT,WE,MOTOR,INSUR,1.26,843630.943,5,5,843629.874,0.0,0.0,1.0,0.069,669548.36746
1747165,IT,JP,CONST,FABRI,4.72,843583.433,6,6,843579.388,0.0,1.0,3.0,0.045,178725.303602
1759144,IT,BR,AIRTR,ELEC4,0.92,843560.454,4,4,843560.427,0.0,0.0,0.0,0.027,916913.536957
1645568,IT,BE,CHEM1,SANDC,1.76,843417.474,6,6,843415.382,0.0,1.0,1.0,0.092,479214.473864
1800035,IT,WE,HEAVY,HEALT,1.36,843403.696,5,5,843402.628,0.0,0.0,1.0,0.068,620149.776471
1804623,IT,WF,HEAVY,PREC1,1.36,843304.127,5,5,843303.059,0.0,0.0,1.0,0.068,620076.563971
1673632,IT,FR,WOODW,REALE,2.36,843264.299,6,6,843258.242,0.0,5.0,1.0,0.057,357315.380932
1650268,IT,BG,ELEC1,GASDI,0.12,843199.852,4,4,843199.799,0.0,0.0,0.0,0.053,7026665.433333
1662443,IT,DK,ALUM1,SUGA1,1.46,843069.231,6,6,843067.163,0.0,1.0,1.0,0.068,577444.678767
1805065,IT,WF,PLAST,AIRTR,1.77,843009.736,6,6,843007.65,0.0,1.0,1.0,0.086,476276.687006
1796139,IT,WL,TRANS,REALE,5.03,842968.629,6,6,842966.583,0.0,1.0,1.0,0.046,167588.19662
1795127,IT,WL,RUBBE,PFERT,2.79,842872.01,6,6,842869.934,0.0,1.0,1.0,0.076,302104.663082
1789859,IT,WA,CERAM,RADIO,1.31,842747.58,5,5,842743.534,0.0,0.0,4.0,0.046,643318.763359
1778902,IT,TR,SEACO,PRINT,0.86,842742.691,4,4,842742.676,0.0,0.0,0.0,0.015,979933.361628
1722039,IT,PL,RESEA,RESEA,4.57,842702.105,6,6,842700.046,0.0,1.0,1.0,0.059,184398.710066
1750288,IT,CN,NONF1,PLAST,0.18,842535.19,4,4,842535.185,0.0,0.0,0.0,0.005,4680751.055556
1657487,IT,DE,RUBBE,EDUCA,2.79,842415.311,6,6,842413.235,0.0,1.0,1.0,0.076,301940.971685
1660822,IT,DE,COMPU,MACHI,9.62,842308.397,6,6,842306.344,0.0,1.0,1.0,0.053,87558.045426
1673863,IT,FR,PRINT,HEALT,8.08,841945.81,6,6,841942.746,0.0,2.0,1.0,0.064,104201.214109
1641117,IT,AT,PAPER,CONST,3.26,841496.703,6,6,841488.62,0.0,7.0,1.0,0.083,258127.823006
1762292,IT,IN,AIRTR,DIST1,0.92,841307.752,4,4,841307.725,0.0,0.0,0.0,0.027,914464.947826
1721288,IT,PL,LANDT,WHOLE,5.43,841231.534,5,5,841230.494,0.0,0.0,1.0,0.04,154922.934438
1729904,IT,SE,TRANS,HEALT,5.02,841047.864,6,6,841045.818,0.0,1.0,1.0,0.046,167539.415139
1771378,IT,CH,FOOD5,POULT,4.04,840959.257,6,6,840954.182,0.0,4.0,1.0,0.075,208158.231931
1743642,IT,US,HOTEL,COLLE,6.09,840857.059,6,6,840853.996,0.0,2.0,1.0,0.063,138071.766667
1648063,IT,BE,COMPU,POSTT,9.6,840778.378,6,6,840776.325,0.0,1.0,1.0,0.053,87581.081042
1800277,IT,WE,PLAST,CONST,1.76,840674.927,6,6,840672.841,0.0,1.0,1.0,0.086,477656.208523
1780954,IT,TW,BUSIN,PROCE,8.63,840664.187,6,6,840660.129,0.0,2.0,2.0,0.058,97411.840904
1682469,IT,HR,PAPER,BUSIN,3.26,840533.313,6,6,840525.23,0.0,7.0,1.0,0.083,257832.304601
1672647,IT,FR,CRUDE,PLAST,1.66,840522.259,6,6,840520.187,0.0,1.0,1.0,0.072,506338.710241
1675830,IT,FR,ELEC1,CHEM1,0.12,840507.466,4,4,840507.413,0.0,0.0,0.0,0.053,7004228.883333
1688245,IT,IE,VEGET,FISH5,2.98,840487.261,5,5,840484.228,0.0,3.0,0.0,0.033,282042.705034
1812960,IT,WM,MACHI,NAPHT,4.69,840476.439,6,6,840474.37,0.0,1.0,1.0,0.069,179206.063753
1713551,IT,MT,CERAM,POSTT,1.31,840276.469,5,5,840272.423,0.0,0.0,4.0,0.046,641432.419084
1742812,IT,US,FABRI,EDUCA,3.42,840223.289,6,6,840220.229,0.0,1.0,2.0,0.06,245679.324269
1811394,IT,WM,PLAST,FISHF,1.76,839881.017,6,6,839878.932,0.0,1.0,1.0,0.085,477205.123295
1771377,IT,CH,FOOD5,PIGS9,4.03,839572.556,6,6,839567.481,0.0,4.0,1.0,0.075,208330.659057
1742459,IT,US,BASIC,PAPER,0.97,839265.819,5,5,839264.766,0.0,0.0,1.0,0.053,865222.493814
1733624,IT,SI,HOTEL,ALUM1,6.08,839125.608,6,6,839122.545,0.0,2.0,1.0,0.063,138014.080263
1746753,IT,JP,MACHI,VEGET,4.68,839045.633,6,6,839043.564,0.0,1.0,1.0,0.069,179283.254915
1738683,IT,GB,MACHI,CEMEN,4.68,838992.354,6,6,838990.285,0.0,1.0,1.0,0.069,179271.870513
1662336,IT,DK,BASIC,DAIRY,0.97,838962.581,5,5,838961.528,0.0,0.0,1.0,0.053,864909.87732
1640589,IT,AT,FOOD5,HEALT,4.03,838830.383,6,6,838825.308,0.0,4.0,1.0,0.075,208146.497022
1665993,IT,ES,MOTOR,SALEM,1.25,838811.857,5,5,838810.789,0.0,0.0,1.0,0.068,671049.4856
1752612,IT,CA,TEXTI,TEXTI,4.97,838638.156,6,6,838636.045,0.0,1.0,1.0,0.111,168740.07163
1744990,IT,US,BUSIN,RECRE,8.61,838580.196,6,6,838576.138,0.0,2.0,2.0,0.058,97396.073868
1801311,IT,WE,MACHI,PAPER,4.68,838503.634,6,6,838501.565,0.0,1.0,1.0,0.069,179167.443162
1688766,IT,IE,RUBBE,CHEM1,2.78,838449.064,6,6,838446.988,0.0,1.0,1.0,0.076,301600.382734
1767125,IT,RU,FURNI,HEALT,2.68,838391.358,6,6,838387.286,0.0,2.0,2.0,0.072,312832.596269
1790624,IT,WA,FABRI,MEAT4,3.41,838187.733,6,6,838184.673,0.0,1.0,2.0,0.06,245802.854252
1807207,IT,WF,AIRTR,RESEA,0.91,838172.472,4,4,838172.446,0.0,0.0,0.0,0.026,921068.650549
1714407,IT,NL,VEGET,BEVER,2.97,838001.228,5,5,837998.195,0.0,3.0,0.0,0.033,282155.295623
1751246,IT,CN,HOTEL,HOTEL,6.07,837647.153,6,6,837644.09,0.0,2.0,1.0,0.063,137997.883526
1658591,IT,DE,MACHI,ALUM1,4.67,837535.684,6,6,837533.615,0.0,1.0,1.0,0.069,179343.82955
1795684,IT,WL,FABRI,DISTR,3.41,837467.353,6,6,837464.293,0.0,1.0,2.0,0.06,245591.59912
1812986,IT,WM,MACHI,OFFIC,4.67,837381.669,6,6,837379.6,0.0,1.0,1.0,0.069,179310.849893
1751380,IT,CN,SEACO,CERAM,0.85,837144.237,4,4,837144.223,0.0,0.0,0.0,0.014,984875.572941
1811117,IT,WM,NAPHT,CRUDE,1.42,836885.195,6,6,836882.135,0.0,1.0,2.0,0.06,589355.771127
1782118,IT,NO,CERAM,WHOLE,1.3,836827.368,5,5,836823.323,0.0,0.0,4.0,0.045,643713.36
1767113,IT,RU,FURNI,AIRTR,2.67,836733.53,6,6,836729.458,0.0,2.0,2.0,0.072,313383.344569
1716118,IT,NL,PREC1,FORES,1.42,836636.088,6,6,836632.049,0.0,2.0,2.0,0.039,589180.343662
1805315,IT,WF,RUBBE,CEREA,2.77,836586.393,6,6,836584.317,0.0,1.0,1.0,0.076,302016.748375
1716489,IT,NL,OFFIC,CONST,2.59,836558.037,6,6,836555.977,0.0,1.0,1.0,0.06,322995.381081
1796038,IT,WL,TRANS,CATTL,4.99,836439.336,6,6,836437.291,0.0,1.0,1.0,0.045,167623.113427
1751372,IT,CN,SEACO,PAPER,0.85,836402.221,4,4,836402.207,0.0,0.0,0.0,0.014,984002.612941
1787455,IT,WA,STONE,LEAD1,2.71,836376.272,6,6,836328.234,0.0,1.0,47.0,0.038,308625.930627
1763688,IT,MX,RUBBE,FABRI,2.77,836341.944,6,6,836339.868,0.0,1.0,1.0,0.076,301928.499639
1766757,IT,RU,MACHI,BEVER,4.67,836237.464,6,6,836235.395,0.0,1.0,1.0,0.069,179065.838116
1648207,IT,BE,BUSIN,MACHI,8.59,836164.342,6,6,836160.284,0.0,2.0,2.0,0.058,97341.599767
1806197,IT,WF,MACHI,FORES,4.66,836042.563,6,6,836040.494,0.0,1.0,1.0,0.069,179408.275322
1785678,IT,ZA,HEAVY,BUSIN,1.35,835795.042,5,5,835793.975,0.0,0.0,1.0,0.067,619107.438519
1728317,IT,SE,BEVER,EDUCA,3.55,835761.378,6,6,835758.324,0.0,2.0,1.0,0.054,235425.740282
1727194,IT,RO,TRAN2,TRAN2,1.29,835377.943,5,5,835376.92,0.0,0.0,1.0,0.023,647579.800775
1660938,IT,DE,BUSIN,GASDI,8.58,835081.072,6,6,835077.014,0.0,2.0,2.0,0.058,97328.79627
1807034,IT,WF,TRAN2,CRUDE,1.29,834484.409,5,5,834483.386,0.0,0.0,1.0,0.023,646887.13876
1766427,IT,RU,BASIC,RAILW,0.96,834468.217,5,5,834467.164,0.0,0.0,1.0,0.053,869237.726042
1659655,IT,DE,HOTEL,COMPU,6.05,834383.261,6,6,834380.198,0.0,2.0,1.0,0.063,137914.588595
1646017,IT,BE,NONME,ALUM1,1.69,834274.092,5,5,834272.0,0.0,0.0,2.0,0.092,493653.308876
1756706,IT,KR,SEACO,TRANS,0.85,834236.731,4,4,834236.717,0.0,0.0,0.0,0.014,981454.977647
1789993,IT,WA,NONME,KEROS,1.69,834190.945,5,5,834188.853,0.0,0.0,2.0,0.092,493604.109467
1714517,IT,NL,CRUDE,HEAVY,1.64,834055.407,6,6,834053.335,0.0,1.0,1.0,0.072,508570.370122
1659043,IT,DE,ELEC2,HEALT,0.2,833802.789,4,4,833802.702,0.0,0.0,0.0,0.087,4169013.945
1641137,IT,AT,PAPER,PUBLI,3.23,833703.7,6,6,833695.618,0.0,7.0,1.0,0.082,258112.600619
1774402,IT,CH,HOTEL,93197,6.04,833689.246,6,6,833686.183,0.0,2.0,1.0,0.063,138028.020861
1745336,IT,JP,VEGE1,MOTOR,2.56,833601.67,6,6,833595.489,0.0,5.0,1.0,0.181,325625.652344
1743606,IT,US,HOTEL,CERAM,6.04,833354.703,6,6,833351.64,0.0,2.0,1.0,0.063,137972.632947
1801528,IT,WE,MOTO1,REALE,4.44,833262.181,6,6,833260.127,0.0,1.0,1.0,0.054,187671.662387
1715565,IT,NL,HEAVY,LIQUE,1.35,833154.74,5,5,833153.673,0.0,0.0,1.0,0.067,617151.659259
1675450,IT,FR,MACHI,SEWAG,4.65,833117.63,6,6,833115.562,0.0,1.0,1.0,0.068,179165.08172
1718401,IT,PL,BEVER,LANDT,3.54,833034.555,6,6,833031.501,0.0,2.0,1.0,0.054,235320.495763
1812490,IT,WM,PREC1,HEALT,1.41,832852.003,6,6,832847.965,0.0,2.0,2.0,0.038,590675.179433
1752115,IT,CN,BUSIN,OFFIC,8.55,832825.075,6,6,832821.018,0.0,2.0,2.0,0.057,97406.44152
1810663,IT,WM,MOTOR,SANDC,1.24,832787.735,5,5,832786.667,0.0,0.0,1.0,0.068,671603.012097
1684305,IT,HR,AIRTR,FOOD4,0.91,832767.159,4,4,832767.133,0.0,0.0,0.0,0.026,915128.746154
1657379,IT,DE,RUBBE,RAWMI,2.76,832749.152,6,6,832747.076,0.0,1.0,1.0,0.076,301720.707246
1682926,IT,HR,NAPHT,RESEA,1.41,832541.238,6,6,832539.178,0.0,1.0,1.0,0.06,590454.778723
1812603,IT,WM,LEAD1,CONST,1.45,832499.067,6,6,832492.997,0.0,2.0,4.0,0.07,574137.287586
1799989,IT,WE,HEAVY,CERAM,1.34,832492.626,5,5,832491.559,0.0,0.0,1.0,0.067,621263.153731
1774241,IT,CH,RETA1,RETA1,8.69,832395.718,6,6,832393.664,0.0,1.0,1.0,0.054,95787.76962
1797528,IT,WL,BUSIN,CONST,8.55,832353.731,6,6,832349.674,0.0,2.0,2.0,0.057,97351.313567
1804362,IT,WF,MOTOR,RECRE,1.24,832301.25,5,5,832300.182,0.0,0.0,1.0,0.068,671210.685484
1723420,IT,PT,BASIC,BUSIN,0.96,832280.466,5,5,832279.413,0.0,0.0,1.0,0.053,866958.81875
1742844,IT,US,MACHI,PIGS9,4.64,832008.829,6,6,832006.761,0.0,1.0,1.0,0.068,179312.247629
1743970,IT,US,AIRTR,DAIRY,0.91,831812.892,4,4,831812.866,0.0,0.0,0.0,0.026,914080.101099
1720236,IT,PL,NONF1,FABRI,0.18,831763.53,4,4,831763.525,0.0,0.0,0.0,0.005,4620908.5
1803005,IT,WF,WHEAT,CONST,0.63,831756.106,5,5,831750.086,0.0,6.0,0.0,0.02,1320247.787302
1766829,IT,RU,MACHI,LANDT,4.64,831502.807,6,6,831500.739,0.0,1.0,1.0,0.068,179203.191164
1746620,IT,JP,ALUM1,FOUND,1.44,831449.49,6,6,831447.423,0.0,1.0,1.0,0.067,577395.479167
1741660,IT,US,HEAVY,PFERT,1.34,831370.526,5,5,831369.459,0.0,0.0,1.0,0.067,620425.765672
1672860,IT,FR,VEGE1,FISH5,2.56,831324.65,6,6,831318.469,0.0,5.0,1.0,0.181,324736.191406
1729325,IT,SE,NONME,WHOLE,1.68,831274.753,5,5,831272.662,0.0,0.0,2.0,0.091,494806.400595
1746192,IT,JP,CHEM1,VEGET,1.74,831079.591,6,6,831077.5,0.0,1.0,1.0,0.091,477631.948851
1718835,IT,PL,PAPER,CONST,3.22,830763.3,6,6,830755.218,0.0,7.0,1.0,0.082,258001.024845
1719367,IT,PL,RUBBE,COPPE,2.75,830713.345,6,6,830711.27,0.0,1.0,1.0,0.075,302077.58
1757835,IT,BR,CHEM1,PIGS9,1.74,830331.602,6,6,830329.511,0.0,1.0,1.0,0.091,477202.070115
1674057,IT,FR,GASDI,SUPPO,1.24,830309.621,5,5,830308.553,0.0,0.0,1.0,0.068,669604.533065
1795031,IT,WL,ADDIT,HEAVY,1.92,830293.504,6,6,830285.439,0.0,6.0,2.0,0.065,432444.533333
1658555,IT,DE,MACHI,WOODW,4.63,830027.883,6,6,830025.815,0.0,1.0,1.0,0.068,179271.680994
1690137,IT,IE,COMPU,POSTT,9.48,829887.81,6,6,829885.758,0.0,1.0,1.0,0.052,87540.908228
1773242,IT,CH,FABRI,RETA1,3.38,829861.424,6,6,829858.364,0.0,1.0,2.0,0.06,245521.131361
1649568,IT,BG,RUBBE,RETA1,2.75,829806.822,6,6,829804.747,0.0,1.0,1.0,0.075,301747.935273
1741065,IT,US,TEXTI,MOTO1,4.91,829471.657,6,6,829469.547,0.0,1.0,1.0,0.11,168935.164358
1780185,IT,TW,HOTEL,BUSIN,6.01,829465.805,6,6,829462.743,0.0,2.0,1.0,0.062,138014.277038
1791117,IT,WA,TRANS,CONST,4.95,829418.801,6,6,829416.756,0.0,1.0,1.0,0.045,167559.353737
1751386,IT,CN,SEACO,ALUM1,0.84,829318.406,4,4,829318.392,0.0,0.0,0.0,0.014,987283.816667
1680958,IT,GR,SEACO,REALE,0.84,829172.516,4,4,829172.502,0.0,0.0,0.0,0.014,987110.138095
1720059,IT,PL,ALUM1,RETA1,1.44,829159.178,6,6,829157.112,0.0,1.0,1.0,0.066,575804.984722
1738694,IT,GB,MACHI,OFFIC,4.63,829157.604,6,6,829155.536,0.0,1.0,1.0,0.068,179083.715767
1791129,IT,WA,TRANS,SUPPO,4.95,829113.991,6,6,829111.946,0.0,1.0,1.0,0.045,167497.77596
1752159,IT,CN,BUSIN,PUBLI,8.51,829051.438,6,6,829047.381,0.0,2.0,2.0,0.057,97420.850529
1797540,IT,WL,BUSIN,INSUR,8.51,828969.839,6,6,828965.782,0.0,2.0,2.0,0.057,97411.261927
1662171,IT,DK,RUBBE,WHOLE,2.75,828903.582,6,6,828901.507,0.0,1.0,1.0,0.075,301419.484364
1649545,IT,BG,RUBBE,COPP1,2.75,828768.232,6,6,828766.157,0.0,1.0,1.0,0.075,301370.266182
1774259,IT,CH,RETA1,PUBLI,8.65,828627.554,6,6,828625.5,0.0,1.0,1.0,0.054,95795.092948
1737849,IT,GB,PLAST,PRINT,1.74,828597.017,6,6,828594.933,0.0,1.0,1.0,0.084,476205.182184
1668882,IT,ES,SEACO,CEMEN,0.84,828336.58,4,4,828336.566,0.0,0.0,0.0,0.014,986114.97619
1794014,IT,WL,WOODW,REALE,2.32,828200.881,6,6,828194.825,0.0,5.0,1.0,0.056,356983.138362
1748908,IT,CN,WEARI,NONME,6.24,828160.381,6,6,828157.224,0.0,2.0,1.0,0.157,132718.009776
1671521,IT,FI,MACHI,WHOLE,4.62,828146.206,6,6,828144.138,0.0,1.0,1.0,0.068,179252.425541
1739722,IT,GB,SUPPO,RAILW,5.95,827852.539,6,6,827850.498,0.0,1.0,1.0,0.041,139134.880504
1726730,IT,RO,FURNI,CONST,2.64,827753.98,6,6,827749.909,0.0,2.0,2.0,0.071,313543.174242
1804116,IT,WF,PAPER,FOOD5,3.21,827460.173,6,6,827452.091,0.0,7.0,1.0,0.082,257775.754829
1675204,IT,FR,FABRI,CATTL,3.37,827418.709,6,6,827415.65,0.0,1.0,2.0,0.059,245524.839466
1809664,IT,WM,DAIRY,HEALT,3.36,827277.214,6,6,827270.158,0.0,6.0,1.0,0.056,246213.456548
1670957,IT,FI,CHEM1,FURNI,1.73,827256.864,6,6,827254.774,0.0,1.0,1.0,0.09,478183.158382
1650518,IT,BG,ELEC6,WHOLE,0.12,827141.916,4,4,827141.784,0.0,0.0,0.0,0.132,6892849.3
1755481,IT,KR,PLAST,MEDIC,1.74,827107.837,6,6,827105.753,0.0,1.0,1.0,0.084,475349.331609
1773765,IT,CH,ELEC2,CHEM1,0.2,827089.442,4,4,827089.355,0.0,0.0,0.0,0.087,4135447.21
1674280,IT,FR,NONSP,PLAST,1.09,827009.88,5,5,827008.835,0.0,0.0,1.0,0.045,758724.66055
1807711,IT,WF,BUSIN,WHOLE,8.49,826934.805,6,6,826930.748,0.0,2.0,2.0,0.057,97401.037102
1683668,IT,HR,FABRI,RETA1,3.37,826893.267,6,6,826890.208,0.0,1.0,2.0,0.059,245368.921958
1685881,IT,HU,CHEM1,BASIC,1.73,826890.589,6,6,826888.499,0.0,1.0,1.0,0.09,477971.438728
1750070,IT,CN,BASIC,CERAM,0.95,826804.602,5,5,826803.55,0.0,0.0,1.0,0.052,870320.633684
1646402,IT,BE,FABRI,REALE,3.36,826770.435,6,6,826767.376,0.0,1.0,2.0,0.059,246062.629464
1680049,IT,GR,MACHI,MACHI,4.61,826733.376,6,6,826731.308,0.0,1.0,1.0,0.068,179334.78872
1809330,IT,WM,STONE,INSUR,2.67,826647.154,6,6,826600.116,0.0,1.0,46.0,0.038,309605.675655
1799951,IT,WE,HEAVY,VEGE1,1.33,826329.89,5,5,826328.824,0.0,0.0,1.0,0.066,621300.669173
1643442,IT,AT,LANDT,ALUM1,5.33,826201.241,5,5,826200.202,0.0,0.0,1.0,0.039,155009.613696
1745588,IT,JP,FISH5,HOTEL,3.47,826112.676,6,6,826109.251,0.0,2.0,1.0,0.425,238072.817291
1679926,IT,GR,FABRI,FOOD5,3.36,826055.917,6,6,826052.858,0.0,1.0,2.0,0.059,245849.975298
1755527,IT,KR,CHEM1,KEROS,1.73,825872.149,6,6,825870.059,0.0,1.0,1.0,0.09,477382.745087
1753137,IT,CA,RUBBE,WHOLE,2.74,825862.046,6,6,825859.971,0.0,1.0,1.0,0.075,301409.505839
1675864,IT,FR,ELEC2,VEGET,0.2,825810.892,4,4,825810.806,0.0,0.0,0.0,0.086,4129054.46
1805145,IT,WF,PFERT,CONST,0.36,825764.361,4,4,825764.229,0.0,0.0,0.0,0.132,2293789.891667
1743128,IT,US,MOTO1,OFFIC,4.4,825752.15,6,6,825750.096,0.0,1.0,1.0,0.054,187670.943182
1735463,IT,SK,BASIC,DIST1,0.95,825702.152,5,5,825701.1,0.0,0.0,1.0,0.052,869160.16
1756168,IT,KR,MACHI,PRINT,4.61,825694.111,6,6,825692.043,0.0,1.0,1.0,0.068,179109.351627
1666949,IT,ES,CERAM,ELECT,1.29,825680.347,5,5,825676.302,0.0,0.0,4.0,0.045,640062.284496
1675618,IT,FR,MOTO1,POSTT,4.39,825583.194,6,6,825581.14,0.0,1.0,1.0,0.054,188059.953075
1742224,IT,US,CERAM,PLAST,1.29,825564.302,5,5,825560.257,0.0,0.0,4.0,0.045,639972.327132
1743713,IT,US,RAILW,PUBLI,5.52,825416.265,5,5,825410.228,0.0,0.0,6.0,0.037,149531.932065
1804293,IT,WF,MOTOR,KEROS,1.23,825386.253,5,5,825385.186,0.0,0.0,1.0,0.067,671045.734146
1780390,IT,TW,AIRTR,AUXIL,0.9,825365.583,4,4,825365.557,0.0,0.0,0.0,0.026,917072.87
1662257,IT,DK,CERAM,OFFIC,1.29,825352.366,5,5,825348.321,0.0,0.0,4.0,0.045,639808.035659
1655960,IT,DE,FOOD5,VEGE1,3.97,825348.278,6,6,825343.204,0.0,4.0,1.0,0.074,207896.291688
1755526,IT,KR,CHEM1,MOTOR,1.72,825174.315,6,6,825172.225,0.0,1.0,1.0,0.09,479752.508721
1811749,IT,WM,ADDIT,NAPHT,1.91,825106.497,6,6,825098.433,0.0,6.0,2.0,0.064,431992.930366
1795403,IT,WL,BASIC,COPP1,0.95,825070.49,5,5,825069.438,0.0,0.0,1.0,0.052,868495.252632
1676773,IT,FR,LANDT,WOODW,5.32,824515.065,5,5,824514.026,0.0,0.0,1.0,0.039,154984.034774
1746941,IT,JP,MOTO1,OFFIC,4.39,824430.633,6,6,824428.579,0.0,1.0,1.0,0.054,187797.410706
1659720,IT,DE,RAILW,MOTO1,5.52,824373.111,5,5,824367.074,0.0,0.0,6.0,0.037,149342.954891
1685906,IT,HU,CHEM1,DISTR,1.72,824313.002,6,6,824310.912,0.0,1.0,1.0,0.09,479251.745349
1801106,IT,WE,NONF1,CRUDE,0.18,824274.696,4,4,824274.691,0.0,0.0,0.0,0.005,4579303.866667
1781281,IT,NO,MEAT4,MEAT4,4.54,824141.22,6,6,824136.164,0.0,4.0,1.0,0.056,181528.903084
1659645,IT,DE,HOTEL,SEACO,5.97,824025.928,6,6,824022.866,0.0,2.0,1.0,0.062,138027.793635
1780398,IT,TW,AIRTR,MEMBE,0.9,823942.555,4,4,823942.529,0.0,0.0,0.0,0.026,915491.727778
1804408,IT,WF,KEROS,POSTT,1.22,823901.173,5,5,823900.106,0.0,0.0,1.0,0.067,675328.830328
1731831,IT,SI,PAPER,BUSIN,3.19,823800.119,6,6,823792.038,0.0,7.0,1.0,0.081,258244.551411
1658009,IT,DE,PREC1,GASDI,1.4,823326.07,6,6,823322.032,0.0,2.0,2.0,0.038,588090.05
1800472,IT,WE,RUBBE,NATUR,2.73,823315.771,6,6,823313.696,0.0,1.0,1.0,0.075,301580.868498
1805971,IT,WF,COPP1,PRECI,2.08,823216.252,6,6,823212.209,0.0,1.0,3.0,0.043,395777.044231
1650305,IT,BG,ELEC2,LIGNI,0.2,823158.873,4,4,823158.787,0.0,0.0,0.0,0.086,4115794.365
1677032,IT,FR,SUPPO,FOOD5,5.92,823088.814,6,6,823086.774,0.0,1.0,1.0,0.04,139035.272635
1786345,IT,ZA,MACHI,HYDRO,4.59,823067.996,6,6,823065.928,0.0,1.0,1.0,0.068,179317.646187
1671426,IT,FI,FABRI,MACHI,3.35,822903.754,6,6,822900.695,0.0,1.0,2.0,0.059,245642.911642
1739581,IT,GB,SEACO,KERO1,0.84,822849.85,4,4,822849.836,0.0,0.0,0.0,0.014,979583.154762
1640962,IT,AT,WOODW,NONME,2.3,822626.918,6,6,822620.862,0.0,5.0,1.0,0.056,357663.877391
1649760,IT,BG,BASIC,MOTO1,0.95,822619.909,5,5,822618.857,0.0,0.0,1.0,0.052,865915.693684
1662660,IT,DK,MACHI,BASIC,4.59,822573.701,6,6,822571.633,0.0,1.0,1.0,0.068,179209.956645
1649835,IT,BG,ALUM1,OFFIC,1.43,822503.153,6,6,822501.087,0.0,1.0,1.0,0.066,575177.03007
1685502,IT,HU,PAPER,FOOD5,3.19,822287.169,6,6,822279.088,0.0,7.0,1.0,0.081,257770.272414
1810562,IT,WM,PAPER,LANDT,3.19,822260.531,6,6,822252.45,0.0,7.0,1.0,0.081,257761.921944
1647854,IT,BE,AUXIL,BUSIN,15.03,822249.474,6,6,822247.434,0.0,1.0,1.0,0.04,54707.217166
1776925,IT,TR,PLAST,MACHI,1.73,822197.357,6,6,822195.273,0.0,1.0,1.0,0.084,475258.587861
1674595,IT,FR,RUBBE,TRAN2,2.72,821986.914,6,6,821984.839,0.0,1.0,1.0,0.075,302201.071324
1800787,IT,WE,BASIC,LIGNI,0.95,821925.839,5,5,821924.787,0.0,0.0,1.0,0.052,865185.093684
1686193,IT,HU,GLASS,GLASS,2.26,821919.068,6,6,821915.021,0.0,1.0,3.0,0.047,363681.00354
1680360,IT,GR,ELEC2,BEVER,0.2,821916.862,4,4,821916.776,0.0,0.0,0.0,0.086,4109584.31
1794139,IT,WL,PAPER,RESEA,3.18,821882.721,6,6,821874.64,0.0,7.0,1.0,0.081,258453.685849
1755185,IT,KR,LEATH,RECRE,5.89,821790.104,6,6,821782.962,0.0,6.0,1.0,0.142,139522.937861
1764384,IT,MX,MOTO1,ELECT,4.37,821665.394,6,6,821663.341,0.0,1.0,1.0,0.053,188024.11762
1771479,IT,CH,BEVER,WHOLE,3.49,821608.173,6,6,821605.12,0.0,2.0,1.0,0.053,235417.814613
1666040,IT,ES,KEROS,RETA1,1.22,821445.438,5,5,821444.371,0.0,0.0,1.0,0.067,673315.932787
1640136,IT,AT,CEREA,FOOD5,1.34,821073.029,5,5,821067.982,0.0,5.0,0.0,0.047,612741.066418
1653557,IT,CZ,BASIC,SALEM,0.95,821054.388,5,5,821053.336,0.0,0.0,1.0,0.052,864267.776842
1800656,IT,WE,CERAM,CERAM,1.28,821052.595,5,5,821048.55,0.0,0.0,4.0,0.045,641447.339844
1794286,IT,WL,MOTOR,GASDI,1.23,820954.237,5,5,820953.17,0.0,0.0,1.0,0.067,667442.469106
1792553,IT,WA,RENTI,CHEM1,4.91,820939.054,6,6,820937.008,0.0,1.0,1.0,0.046,167197.36334
1804925,IT,WF,BITU1,PUBLI,1.29,820907.59,5,5,820906.525,0.0,0.0,1.0,0.065,636362.472868
1725972,IT,RO,CHEM1,PRINT,1.71,820569.601,6,6,820567.511,0.0,1.0,1.0,0.09,479865.263743
1809996,IT,WM,TEXTI,VEGET,4.86,820559.187,6,6,820557.078,0.0,1.0,1.0,0.109,168839.338889
1641727,IT,AT,PLAST,RESEA,1.72,820505.067,6,6,820502.984,0.0,1.0,1.0,0.083,477037.829651
1782483,IT,NO,MACHI,REALE,4.58,820384.639,6,6,820382.572,0.0,1.0,1.0,0.067,179123.283624
1769989,IT,AU,TRANS,PUBLI,4.9,820381.187,6,6,820379.142,0.0,1.0,1.0,0.045,167424.732041
1810990,IT,WM,GASDI,SALEM,1.22,820295.891,5,5,820294.824,0.0,0.0,1.0,0.067,672373.681148
1745672,IT,JP,TEXTI,HOTEL,4.86,820213.155,6,6,820211.046,0.0,1.0,1.0,0.109,168768.138889
1719596,IT,PL,CERAM,COALT,1.28,820199.96,5,5,820195.916,0.0,0.0,4.0,0.044,640781.21875
1716884,IT,NL,HOTEL,CONST,5.94,820188.321,6,6,820185.259,0.0,2.0,1.0,0.062,138078.841919
1657648,IT,DE,CERAM,CEMEN,1.28,820162.689,5,5,820158.645,0.0,0.0,4.0,0.044,640752.100781
1645762,IT,BE,RUBBE,PREC1,2.72,820103.05,6,6,820100.976,0.0,1.0,1.0,0.074,301508.474265
1746599,IT,JP,PREC1,RADIO,1.39,820090.312,6,6,820086.274,0.0,2.0,2.0,0.038,589993.030216
1721282,IT,PL,LANDT,DIST1,5.29,819827.626,5,5,819826.587,0.0,0.0,1.0,0.039,154976.866919
1777023,IT,TR,CHEM1,LEATH,1.71,819654.627,6,6,819652.538,0.0,1.0,1.0,0.089,479330.191228
1751462,IT,CN,AIRTR,MACHI,0.89,819458.313,4,4,819458.287,0.0,0.0,0.0,0.026,920739.677528
1773542,IT,CH,MOTO1,TRANS,4.36,819456.843,6,6,819454.79,0.0,1.0,1.0,0.053,187948.817202
1719452,IT,PL,RUBBE,REALE,2.72,819455.047,6,6,819452.973,0.0,1.0,1.0,0.074,301270.237868
1749625,IT,CN,CHEM1,MEATP,1.71,819314.013,6,6,819311.924,0.0,1.0,1.0,0.089,479131.001754
1680070,IT,GR,MACHI,WHOLE,4.57,819266.098,6,6,819264.031,0.0,1.0,1.0,0.067,179270.480963
1667160,IT,ES,BASIC,ELEC2,0.94,819170.996,5,5,819169.944,0.0,0.0,1.0,0.052,871458.506383
1677941,IT,FR,BUSIN,EDUCA,8.41,819009.236,6,6,819005.179,0.0,2.0,2.0,0.057,97385.164804
1794850,IT,WL,PLAST,93197,1.72,818917.712,6,6,818915.629,0.0,1.0,1.0,0.083,476114.948837
1675228,IT,FR,FABRI,WEARI,3.33,818883.276,6,6,818880.217,0.0,1.0,2.0,0.059,245910.893694
1641135,IT,AT,PAPER,RESEA,3.17,818780.954,6,6,818772.873,0.0,7.0,1.0,0.081,258290.521767
1763706,IT,MX,RUBBE,RETA1,2.71,818769.601,6,6,818767.527,0.0,1.0,1.0,0.074,302129.004059
1640523,IT,AT,FOOD5,PIGS9,3.93,818678.234,6,6,818673.161,0.0,4.0,1.0,0.073,208315.072265
1812983,IT,WM,MACHI,FOUND,4.57,818603.835,6,6,818601.768,0.0,1.0,1.0,0.067,179125.565646
1766587,IT,RU,NONF1,FURNI,0.18,818308.567,4,4,818308.562,0.0,0.0,0.0,0.005,4546158.705556
1682651,IT,HR,KEROS,SALEM,1.22,818295.143,5,5,818294.076,0.0,0.0,1.0,0.067,670733.72377
1806079,IT,WF,FABRI,CROPS,3.33,818190.506,6,6,818187.447,0.0,1.0,2.0,0.059,245702.854655
1758285,IT,BR,ALUM1,ALUM1,1.42,817921.701,6,6,817919.635,0.0,1.0,1.0,0.066,576001.197887
1641834,IT,AT,CHEM1,COMPU,1.71,817900.646,6,6,817898.557,0.0,1.0,1.0,0.089,478304.471345
1763853,IT,MX,NONME,GLASS,1.65,817835.335,5,5,817833.245,0.0,0.0,2.0,0.09,495657.778788
1683242,IT,HR,CERAM,OFFIC,1.27,817504.795,5,5,817500.751,0.0,0.0,4.0,0.044,643704.562992
1812552,IT,WM,ALUM1,MOTO1,1.42,817270.881,6,6,817268.816,0.0,1.0,1.0,0.065,575542.873944
1665345,IT,ES,FISH5,HOTEL,3.43,817195.338,6,6,817191.918,0.0,2.0,1.0,0.42,238249.369679
1732764,IT,SI,NONME,CEMEN,1.65,817170.405,5,5,817168.315,0.0,0.0,2.0,0.09,495254.790909
1747592,IT,JP,AIRTR,ELEC3,0.89,817089.457,4,4,817089.431,0.0,0.0,0.0,0.026,918078.041573
1770263,IT,AU,HOTEL,RUBBE,5.92,816992.635,6,6,816989.573,0.0,2.0,1.0,0.062,138005.512669
1756196,IT,KR,MACHI,NONME,4.56,816965.56,6,6,816963.493,0.0,1.0,1.0,0.067,179159.114035
1800090,IT,WE,NAPHT,TEXTI,1.39,816954.485,6,6,816952.427,0.0,1.0,1.0,0.058,587737.039568
1766220,IT,RU,GLASS,MOTO1,2.24,816941.822,6,6,816937.775,0.0,1.0,3.0,0.047,364706.170536
1657461,IT,DE,RUBBE,DISTR,2.71,816931.979,6,6,816929.905,0.0,1.0,1.0,0.074,301450.91476
1741155,IT,US,LEATH,PRINT,5.85,816813.403,6,6,816806.262,0.0,6.0,1.0,0.141,139626.222735
1720688,IT,PL,MOTO1,BUSIN,4.35,816689.431,6,6,816687.378,0.0,1.0,1.0,0.053,187744.696782
1766803,IT,RU,MACHI,RADIO,4.56,816565.04,6,6,816562.973,0.0,1.0,1.0,0.067,179071.280702
1801222,IT,WE,FABRI,TRANS,3.32,816561.72,6,6,816558.661,0.0,1.0,2.0,0.059,245952.325301
1739509,IT,GB,LANDT,LANDT,5.27,816523.724,5,5,816522.685,0.0,0.0,1.0,0.039,154938.088046
1775974,IT,TR,BEVER,HOTEL,3.47,816452.375,6,6,816449.323,0.0,2.0,1.0,0.052,235288.868876
1679516,IT,GR,CHEM1,PUBLI,1.71,816385.263,6,6,816383.174,0.0,1.0,1.0,0.089,477418.282456
1667712,IT,ES,MACHI,PUBLI,4.55,816355.786,6,6,816353.719,0.0,1.0,1.0,0.067,179418.854066
1772822,IT,CH,BASIC,CROPS,0.94,816067.935,5,5,816066.883,0.0,0.0,1.0,0.052,868157.37766
1657924,IT,DE,BASIC,NONME,0.94,815956.617,5,5,815955.565,0.0,0.0,1.0,0.052,868038.954255
1764260,IT,MX,MACHI,ELEC2,4.55,815821.666,6,6,815819.599,0.0,1.0,1.0,0.067,179301.465055
1674389,IT,FR,CHEM1,COLLE,1.7,815612.43,6,6,815610.341,0.0,1.0,1.0,0.089,479772.017647
1809603,IT,WM,VEGE1,EDUCA,2.51,815599.3,6,6,815593.123,0.0,5.0,1.0,0.177,324939.960159
1790348,IT,WA,ALUM1,WHOLE,1.42,815484.977,6,6,815482.912,0.0,1.0,1.0,0.065,574285.19507
1641387,IT,AT,KEROS,EDUCA,1.21,815458.239,5,5,815457.173,0.0,0.0,1.0,0.066,673932.428926
1710066,IT,LT,FABRI,KEROS,3.32,815238.905,6,6,815235.847,0.0,1.0,2.0,0.058,245553.887048
1745756,IT,JP,WEARI,TRANS,6.14,815019.732,6,6,815017.577,0.0,1.0,1.0,0.155,132739.370033
1750067,IT,CN,BASIC,CHEM1,0.94,815015.036,5,5,815013.984,0.0,0.0,1.0,0.052,867037.27234
1680601,IT,GR,CONST,FORES,4.56,814969.158,6,6,814965.114,0.0,1.0,3.0,0.044,178721.306579
1742432,IT,US,NONME,RECRE,1.65,814897.015,5,5,814894.926,0.0,0.0,2.0,0.089,493876.978788
1785811,IT,ZA,CHEM1,PULP5,1.7,814846.892,6,6,814844.803,0.0,1.0,1.0,0.089,479321.701176
1795758,IT,WL,MACHI,TEXTI,4.54,814560.877,6,6,814558.81,0.0,1.0,1.0,0.067,179418.695374
1667494,IT,ES,FABRI,WOODW,3.31,814560.662,6,6,814557.604,0.0,1.0,2.0,0.058,246090.834441
1655619,IT,DE,SANDC,CONST,1.87,814098.959,5,5,813919.93,0.0,0.0,179.0,0.029,435347.036898
1653162,IT,CZ,CHEM1,WHOLE,1.7,813674.674,6,6,813672.585,0.0,1.0,1.0,0.089,478632.161176
1679470,IT,GR,CHEM1,CHEM1,1.7,813581.056,6,6,813578.967,0.0,1.0,1.0,0.089,478577.091765
1643236,IT,AT,HOTEL,FABRI,5.9,813492.394,6,6,813489.333,0.0,2.0,1.0,0.061,137880.06678
1721223,IT,PL,LANDT,WOODW,5.25,813384.806,5,5,813383.768,0.0,0.0,1.0,0.038,154930.439238
1656035,IT,DE,BEVER,RAWMI,3.46,813355.013,6,6,813351.961,0.0,2.0,1.0,0.052,235073.703179
1713077,IT,MT,DAIRY,RADIO,3.3,813327.87,6,6,813320.815,0.0,6.0,1.0,0.055,246462.990909
1774577,IT,CH,SEACO,RUBBE,0.83,813183.337,4,4,813183.323,0.0,0.0,0.0,0.014,979738.960241
1712975,IT,MT,FISHF,HOTEL,1.4,813159.257,4,4,813159.228,0.0,0.0,0.0,0.029,580828.040714
1796203,IT,WL,FURNI,COPP1,2.6,813006.893,6,6,813002.823,0.0,2.0,2.0,0.07,312694.958846
1813177,IT,WM,MOTO1,CONST,4.33,812932.79,6,6,812930.737,0.0,1.0,1.0,0.053,187744.293303
1676361,IT,FR,WHOLE,DAIRY,7.02,812764.437,6,6,812761.39,0.0,1.0,2.0,0.047,115778.409829
1756798,IT,KR,AIRTR,RESEA,0.88,812633.709,4,4,812633.683,0.0,0.0,0.0,0.026,923447.396591
1772553,IT,CH,RUBBE,TRANS,2.69,812578.455,6,6,812576.381,0.0,1.0,1.0,0.074,302073.775093
1732207,IT,SI,HEAVY,MEATP,1.31,812525.132,5,5,812524.067,0.0,0.0,1.0,0.065,620248.192366
1785835,IT,ZA,CHEM1,MOTO1,1.7,812386.942,6,6,812384.853,0.0,1.0,1.0,0.089,477874.671765
1809934,IT,WM,BEVER,HEALT,3.45,812362.631,6,6,812359.579,0.0,2.0,1.0,0.052,235467.429275
1744155,IT,US,SUPPO,BUSIN,5.84,812095.543,6,6,812093.503,0.0,1.0,1.0,0.04,139057.455993
1755078,IT,KR,WEARI,HEALT,6.12,811723.562,6,6,811721.408,0.0,1.0,1.0,0.154,132634.568954
1653541,IT,CZ,BASIC,ELEC1,0.93,811686.58,5,5,811685.529,0.0,0.0,1.0,0.051,872781.268817
1774129,IT,CH,WHOLE,SALEM,7.01,811669.941,6,6,811666.894,0.0,1.0,2.0,0.047,115787.438088
1726490,IT,RO,FABRI,REALE,3.3,811642.588,6,6,811639.53,0.0,1.0,2.0,0.058,245952.299394
1740150,IT,GB,COMPU,POSTT,9.27,811623.181,6,6,811621.13,0.0,1.0,1.0,0.051,87553.741208
1763182,IT,MX,LEATH,MOTO1,5.81,811612.204,6,6,811605.064,0.0,6.0,1.0,0.14,139692.289845
1678757,IT,GR,SUGA1,FURNI,2.03,811512.129,6,6,811509.991,0.0,1.0,1.0,0.138,399759.669458
1749776,IT,CN,ADDIT,FABRI,1.88,811371.721,6,6,811363.658,0.0,6.0,2.0,0.063,431580.70266
1732767,IT,SI,NONME,ALUM1,1.64,811115.422,5,5,811113.333,0.0,0.0,2.0,0.089,494582.57439
1772569,IT,CH,RUBBE,HOTEL,2.69,810894.978,6,6,810892.904,0.0,1.0,1.0,0.074,301447.947212
1757896,IT,BR,CHEM1,ALUM1,1.69,810803.948,6,6,810801.859,0.0,1.0,1.0,0.089,479765.649704
1726732,IT,RO,FURNI,RETA1,2.59,810797.055,6,6,810792.985,0.0,2.0,2.0,0.07,313049.055985
1774743,IT,CH,SUPPO,SEACO,5.83,810795.651,6,6,810793.611,0.0,1.0,1.0,0.04,139073.010463
1660563,IT,DE,AUXIL,INSUR,14.82,810790.612,6,6,810788.572,0.0,1.0,1.0,0.04,54709.218084
1720486,IT,PL,MACHI,SUPPO,4.52,810671.343,6,6,810669.276,0.0,1.0,1.0,0.067,179352.067035
1640677,IT,AT,FISH5,FOOD5,3.41,810585.711,6,6,810582.294,0.0,2.0,1.0,0.417,237708.419648
1718248,IT,PL,FOOD5,PIGS9,3.89,810362.283,6,6,810357.211,0.0,4.0,1.0,0.072,208319.352956
1687542,IT,HU,LANDT,OFFIC,5.23,810246.517,5,5,810245.479,0.0,0.0,1.0,0.038,154922.852199
1712443,IT,LV,BASIC,CONST,0.93,810120.008,5,5,810118.957,0.0,0.0,1.0,0.051,871096.782796
1749759,IT,CN,ADDIT,PLAST,1.88,809936.347,6,6,809928.284,0.0,6.0,2.0,0.063,430817.205851
1805089,IT,WF,NFERT,CROPS,0.17,809882.846,4,4,809882.78,0.0,0.0,0.0,0.066,4764016.741176
1794887,IT,WL,CHEM1,SUGAR,1.69,809868.278,6,6,809866.19,0.0,1.0,1.0,0.088,479211.998817
1667191,IT,ES,BASIC,EDUCA,0.93,809709.165,5,5,809708.114,0.0,0.0,1.0,0.051,870655.016129
1776927,IT,TR,PLAST,ELECT,1.7,809625.643,6,6,809623.561,0.0,1.0,1.0,0.082,476250.378235
1645059,IT,BE,PAPER,CHEM1,3.14,809572.467,6,6,809564.387,0.0,7.0,1.0,0.08,257825.626433
1686738,IT,HU,COPP1,REALE,2.04,809427.503,6,6,809423.461,0.0,1.0,3.0,0.042,396778.187745
1741217,IT,US,WOODW,FABRI,2.26,809375.608,6,6,809369.553,0.0,5.0,1.0,0.055,358130.8
1810685,IT,WM,MOTOR,KERO1,1.21,809345.291,5,5,809344.225,0.0,0.0,1.0,0.066,668880.405785
1735087,IT,SK,CHEM1,ALUM1,1.69,809155.096,6,6,809153.008,0.0,1.0,1.0,0.088,478789.997633
1742683,IT,US,NONF1,OFFIC,0.18,809128.502,4,4,809128.497,0.0,0.0,0.0,0.005,4495158.344444
1689035,IT,IE,OFFIC,WHOLE,2.51,809102.324,6,6,809100.266,0.0,1.0,1.0,0.058,322351.523506
1668704,IT,ES,LANDT,TEXTI,5.22,809092.602,5,5,809091.564,0.0,0.0,1.0,0.038,154998.582759
1740142,IT,GB,COMPU,WHOLE,9.24,809080.091,6,6,809078.04,0.0,1.0,1.0,0.051,87562.780411
1769499,IT,AU,BASIC,DIST1,0.93,808986.28,5,5,808985.229,0.0,0.0,1.0,0.051,869877.72043
1814103,IT,WM,AIRTR,CHEM1,0.88,808412.451,4,4,808412.426,0.0,0.0,0.0,0.025,918650.5125
1805077,IT,WF,PLAST,HEALT,1.7,808403.654,6,6,808401.572,0.0,1.0,1.0,0.082,475531.561176
1677901,IT,FR,BUSIN,FABRI,8.3,808348.624,6,6,808344.568,0.0,2.0,2.0,0.056,97391.400482
1744745,IT,US,RESEA,FOOD5,4.38,808329.039,6,6,808326.982,0.0,1.0,1.0,0.057,184550.008904
1772646,IT,CH,GLASS,TRAN1,2.22,808312.514,6,6,808308.468,0.0,1.0,3.0,0.046,364104.736036
1673744,IT,FR,PAPER,ELEC3,3.13,808127.69,6,6,808119.61,0.0,7.0,1.0,0.08,258187.760383
1800215,IT,WE,PLAST,SUGA1,1.7,808049.57,6,6,808047.488,0.0,1.0,1.0,0.082,475323.276471
1668570,IT,ES,HOTEL,FINAN,5.86,808024.467,6,6,808021.406,0.0,2.0,1.0,0.061,137888.1343
1806251,IT,WF,MACHI,GLASS,4.51,807843.76,6,6,807841.694,0.0,1.0,1.0,0.066,179122.784922
1785812,IT,ZA,CHEM1,PAPER,1.69,807797.81,6,6,807795.722,0.0,1.0,1.0,0.088,477986.869822
1745749,IT,JP,WEARI,FABRI,6.09,807753.736,6,6,807751.583,0.0,1.0,1.0,0.153,132636.081445
1768553,IT,AU,FOOD5,PUBLI,3.88,807649.58,6,6,807644.508,0.0,4.0,1.0,0.072,208157.108247
1777989,IT,TR,MACHI,RESEA,4.5,807411.208,6,6,807409.142,0.0,1.0,1.0,0.066,179424.712889
1759158,IT,BR,AIRTR,HOTEL,0.88,806887.068,4,4,806887.043,0.0,0.0,0.0,0.025,916917.122727
1762303,IT,IN,AIRTR,POSTT,0.88,806705.74,4,4,806705.715,0.0,0.0,0.0,0.025,916711.068182
1667187,IT,ES,BASIC,COMPU,0.93,806663.4,5,5,806662.349,0.0,0.0,1.0,0.051,867380.0
1811986,IT,WM,GLASS,PFERT,2.21,806601.668,6,6,806597.622,0.0,1.0,3.0,0.046,364978.130317
1666976,IT,ES,CERAM,HEALT,1.26,806353.395,5,5,806349.351,0.0,0.0,4.0,0.044,639963.011905
1803509,IT,WF,VEGE1,MEAT4,2.48,806201.018,6,6,806194.843,0.0,5.0,1.0,0.175,325081.055645
1716687,IT,NL,WHOLE,MACHI,6.97,806162.231,6,6,806159.184,0.0,1.0,2.0,0.047,115661.726112
1763938,IT,MX,BASIC,FOUND,0.93,806025.979,5,5,806024.928,0.0,0.0,1.0,0.051,866694.601075
1741603,IT,US,GASDI,REALE,1.2,805918.37,5,5,805917.304,0.0,0.0,1.0,0.066,671598.641667
1662704,IT,DK,MACHI,RESEA,4.5,805867.862,6,6,805865.796,0.0,1.0,1.0,0.066,179081.747111
1650275,IT,BG,ELEC1,CEMEN,0.12,805791.706,4,4,805791.655,0.0,0.0,0.0,0.051,6714930.883333
1787840,IT,WA,FOOD5,VEGE1,3.87,805787.532,6,6,805782.46,0.0,4.0,1.0,0.072,208213.832558
1770267,IT,AU,HOTEL,CEMEN,5.84,805697.469,6,6,805694.408,0.0,2.0,1.0,0.061,137961.895377
1739546,IT,GB,TRAN2,CRUDE,1.24,805648.002,5,5,805646.98,0.0,0.0,1.0,0.022,649716.130645
1644471,IT,BE,VEGE1,HOTEL,2.48,805635.951,6,6,805629.776,0.0,5.0,1.0,0.175,324853.206048
1728952,IT,SE,CHEM1,SUPPO,1.68,805479.848,6,6,805477.76,0.0,1.0,1.0,0.088,479452.290476
1719778,IT,PL,BASIC,TEXTI,0.93,805305.079,5,5,805304.028,0.0,0.0,1.0,0.051,865919.439785
1723199,IT,PT,RUBBE,MACHI,2.67,805175.834,6,6,805173.761,0.0,1.0,1.0,0.073,301563.982772
1771417,IT,CH,FOOD5,WHOLE,3.87,805168.32,6,6,805163.248,0.0,4.0,1.0,0.072,208053.829457
1801046,IT,WE,COPP1,CRUDE,2.03,804998.193,6,6,804994.151,0.0,1.0,3.0,0.042,396550.83399
1673854,IT,FR,PRINT,INSUR,7.72,804986.185,6,6,804983.124,0.0,2.0,1.0,0.061,104272.821891
1752106,IT,CN,BUSIN,BASIC,8.27,804871.889,6,6,804867.833,0.0,2.0,2.0,0.056,97324.291294
1745325,IT,JP,VEGE1,DAIRY,2.48,804868.989,6,6,804862.814,0.0,5.0,1.0,0.175,324543.947177
1661245,IT,DK,VEGET,WEARI,2.85,804847.716,5,5,804844.684,0.0,3.0,0.0,0.032,282402.707368
1748917,IT,CN,WEARI,MACHI,6.07,804846.143,6,6,804843.99,0.0,1.0,1.0,0.153,132594.092751
1710084,IT,LT,FABRI,FABRI,3.28,804805.159,6,6,804802.101,0.0,1.0,2.0,0.058,245367.426524
1814599,IT,WM,BUSIN,FINAN,8.27,804771.32,6,6,804767.264,0.0,2.0,2.0,0.056,97312.130593
1784281,IT,ID,CHEM1,FABRI,1.68,804707.704,6,6,804705.616,0.0,1.0,1.0,0.088,478992.680952
1649401,IT,BG,CHEM1,TEXTI,1.68,804662.269,6,6,804660.181,0.0,1.0,1.0,0.088,478965.63631
1685434,IT,HU,WOODW,PULP5,2.25,804591.35,6,6,804585.296,0.0,5.0,1.0,0.054,357596.155556
1649783,IT,BG,BASIC,SUPPO,0.93,804499.296,5,5,804498.245,0.0,0.0,1.0,0.051,865053.006452
1791126,IT,WA,TRANS,SEACO,4.8,804437.024,6,6,804434.98,0.0,1.0,1.0,0.044,167591.046667
1776121,IT,TR,LEATH,TEXTI,5.76,804436.873,6,6,804429.734,0.0,6.0,1.0,0.139,139659.17934
1653421,IT,CZ,CEMEN,CONST,1.29,804236.298,5,5,804231.262,0.0,0.0,5.0,0.036,623438.990698
1789861,IT,WA,CERAM,FURNI,1.25,803966.77,5,5,803962.726,0.0,0.0,4.0,0.044,643173.416
1725193,IT,RO,DAIRY,BEVER,3.27,803917.501,6,6,803910.447,0.0,6.0,1.0,0.054,245846.330581
1743981,IT,US,AIRTR,PRINT,0.88,803865.615,4,4,803865.59,0.0,0.0,0.0,0.025,913483.653409
1791683,IT,WA,HOTEL,HOTEL,5.83,803829.042,6,6,803825.981,0.0,2.0,1.0,0.061,137878.051801
1777691,IT,TR,COPP1,BASIC,2.03,803759.23,6,6,803755.188,0.0,1.0,3.0,0.042,395940.507389
1746161,IT,JP,PLAST,CHEM1,1.69,803714.874,6,6,803712.792,0.0,1.0,1.0,0.082,475570.931361
1735274,IT,SK,GLASS,GLASS,2.21,803653.297,6,6,803649.251,0.0,1.0,3.0,0.046,363644.025792
1734619,IT,SK,TEXTI,WEARI,4.76,803472.149,6,6,803470.042,0.0,1.0,1.0,0.107,168796.669958
1772798,IT,CH,NONME,DIST1,1.62,803468.545,5,5,803466.457,0.0,0.0,2.0,0.088,495968.237654
1720305,IT,PL,FABRI,ALUM1,3.27,803388.163,6,6,803385.105,0.0,1.0,2.0,0.058,245684.453517
1735067,IT,SK,CHEM1,WOODW,1.68,803266.61,6,6,803264.522,0.0,1.0,1.0,0.088,478134.886905
1812670,IT,WM,COPP1,BASIC,2.03,803105.336,6,6,803101.294,0.0,1.0,3.0,0.042,395618.392118
1730312,IT,SE,AIRTR,SUPPO,0.87,803059.409,4,4,803059.384,0.0,0.0,0.0,0.025,923056.791954
1782608,IT,NO,FURNI,RETA1,2.56,802945.065,6,6,802940.996,0.0,2.0,2.0,0.069,313650.416016
1780344,IT,TW,AIRTR,GASDI,0.87,802905.661,4,4,802905.636,0.0,0.0,0.0,0.025,922880.070115
1732935,IT,SI,ALUM1,CHEM1,1.39,802813.93,6,6,802811.866,0.0,1.0,1.0,0.064,577563.978417
1660042,IT,DE,AIRTR,FOOD5,0.87,802542.259,4,4,802542.234,0.0,0.0,0.0,0.025,922462.366667
1725157,IT,RO,MEAT4,RECRE,4.42,802469.879,6,6,802465.824,0.0,3.0,1.0,0.055,181554.271267
1742210,IT,US,GLASS,PUBLI,2.2,802429.59,6,6,802425.544,0.0,1.0,3.0,0.046,364740.722727
1811922,IT,WM,RUBBE,TRAN2,2.66,802299.157,6,6,802297.084,0.0,1.0,1.0,0.073,301616.224436
1659656,IT,DE,HOTEL,RESEA,5.81,802167.051,6,6,802163.991,0.0,2.0,1.0,0.06,138066.618072
1801381,IT,WE,MACHI,FINAN,4.47,801754.822,6,6,801752.756,0.0,1.0,1.0,0.066,179363.494855
1781919,IT,NO,CHEM1,SALEM,1.68,801591.573,6,6,801589.485,0.0,1.0,1.0,0.088,477137.841071
1812100,IT,WM,CERAM,RENTI,1.25,801540.696,5,5,801536.653,0.0,0.0,4.0,0.043,641232.5568
1742353,IT,US,NONME,TOBAC,1.62,801539.774,5,5,801537.686,0.0,0.0,2.0,0.088,494777.638272
1739091,IT,GB,WHOLE,WEARI,6.93,801536.959,6,6,801533.913,0.0,1.0,2.0,0.046,115661.898846
1788948,IT,WA,HEAVY,LIQUE,1.29,801390.266,5,5,801389.202,0.0,0.0,1.0,0.064,621232.764341
1732029,IT,SI,KEROS,ELEC1,1.19,801156.297,5,5,801155.232,0.0,0.0,1.0,0.065,673240.585714
1678695,IT,GR,VEGE1,HOTEL,2.46,800947.66,6,6,800941.486,0.0,5.0,1.0,0.174,325588.479675
1640867,IT,AT,LEATH,MOTOR,5.73,800716.593,6,6,800709.454,0.0,6.0,1.0,0.139,139741.115707
1789759,IT,WA,GLASS,PFERT,2.2,800714.095,6,6,800710.049,0.0,1.0,3.0,0.046,363960.952273
1648233,IT,BE,BUSIN,RETA1,8.22,800694.057,6,6,800690.002,0.0,2.0,2.0,0.055,97408.036131
1723073,IT,PT,CHEM1,PRINT,1.67,800603.122,6,6,800601.035,0.0,1.0,1.0,0.087,479403.067066
1729509,IT,SE,ALUM1,BUSIN,1.39,800434.237,6,6,800432.173,0.0,1.0,1.0,0.064,575851.969065
1740887,IT,US,DAIRY,HEALT,3.25,800336.537,6,6,800329.483,0.0,6.0,1.0,0.054,246257.396
1714704,IT,NL,VEGE1,HOTEL,2.46,800297.558,6,6,800291.384,0.0,5.0,1.0,0.174,325324.210569
1775320,IT,CH,BUSIN,SEACO,8.22,800288.041,6,6,800283.986,0.0,2.0,2.0,0.055,97358.642457
1795360,IT,WL,NONME,EDUCA,1.62,800258.614,5,5,800256.526,0.0,0.0,2.0,0.088,493986.798765
1664470,IT,EE,OFFIC,OFFIC,2.48,800173.085,6,6,800171.027,0.0,1.0,1.0,0.058,322650.4375
1674274,IT,FR,PARAF,ELEC8,1.26,800160.154,6,6,800157.096,0.0,1.0,2.0,0.058,635047.74127
1809465,IT,WM,CHEMI,RESEA,1.91,800135.24,6,6,800093.165,0.0,3.0,39.0,0.075,418918.973822
1786144,IT,ZA,BASIC,RADIO,0.92,799944.34,5,5,799943.289,0.0,0.0,1.0,0.051,869504.717391
1748062,IT,JP,BUSIN,ELEC2,8.22,799903.234,6,6,799899.179,0.0,2.0,2.0,0.055,97311.828954
1796221,IT,WL,FURNI,SALEM,2.55,799902.605,6,6,799898.536,0.0,2.0,2.0,0.069,313687.296078
1723671,IT,PT,MACHI,FISH5,4.46,799878.413,6,6,799876.347,0.0,1.0,1.0,0.066,179344.93565
1719139,IT,PL,PLAST,PRINT,1.68,799865.521,6,6,799863.44,0.0,1.0,1.0,0.081,476110.429167
1812312,IT,WM,BASIC,PRINT,0.92,799685.462,5,5,799684.411,0.0,0.0,1.0,0.051,869223.328261
1800328,IT,WE,CHEM1,CATTL,1.67,799250.714,6,6,799248.627,0.0,1.0,1.0,0.087,478593.241916
1789349,IT,WA,CHEM1,FOOD5,1.67,799159.423,6,6,799157.336,0.0,1.0,1.0,0.087,478538.576647
1774330,IT,CH,HOTEL,NONME,5.79,798995.697,6,6,798992.637,0.0,2.0,1.0,0.06,137995.802591
1673509,IT,FR,LEATH,FISH5,5.72,798961.494,6,6,798954.356,0.0,6.0,1.0,0.138,139678.582867
1653258,IT,CZ,RUBBE,RADIO,2.65,798756.373,6,6,798754.301,0.0,1.0,1.0,0.072,301417.499245
1743108,IT,US,MOTO1,PLAST,4.25,798667.232,6,6,798665.18,0.0,1.0,1.0,0.052,187921.701647
1785523,IT,ZA,MOTOR,POSTT,1.19,798292.001,5,5,798290.936,0.0,0.0,1.0,0.065,670833.614286
1657172,IT,DE,CHEM1,SUGAR,1.67,798271.259,6,6,798269.172,0.0,1.0,1.0,0.087,478006.741916
1658560,IT,DE,MACHI,MOTOR,4.45,798216.298,6,6,798214.232,0.0,1.0,1.0,0.066,179374.448989
1751405,IT,CN,SEACO,SALEM,0.81,798171.471,4,4,798171.457,0.0,0.0,0.0,0.014,985396.877778
1646285,IT,BE,COPP1,FABRI,2.02,798139.71,6,6,798135.669,0.0,1.0,3.0,0.041,395118.668317
1668560,IT,ES,HOTEL,WHOLE,5.78,798123.141,6,6,798120.081,0.0,2.0,1.0,0.06,138083.588408
1800530,IT,WE,RUBBE,OFFIC,2.64,798073.172,6,6,798071.1,0.0,1.0,1.0,0.072,302300.443939
1751362,IT,CN,SEACO,CEREA,0.81,798030.657,4,4,798030.643,0.0,0.0,0.0,0.014,985223.033333
1788529,IT,WA,PAPER,VEGE1,3.09,798025.398,6,6,798018.319,0.0,6.0,1.0,0.079,258260.646602
1753040,IT,CA,CHEM1,WHOLE,1.67,798018.325,6,6,798016.238,0.0,1.0,1.0,0.087,477855.284431
1671027,IT,FI,RUBBE,DAIRY,2.64,797913.084,6,6,797911.012,0.0,1.0,1.0,0.072,302239.804545
1764452,IT,MX,FURNI,RADIO,2.55,797535.311,6,6,797531.242,0.0,2.0,2.0,0.069,312758.94549
1735207,IT,SK,RUBBE,CONST,2.64,797527.645,6,6,797525.573,0.0,1.0,1.0,0.072,302093.804924
1749012,IT,CN,LEATH,CHEM1,5.71,797425.996,6,6,797418.858,0.0,6.0,1.0,0.138,139654.290018
1791261,IT,WA,FURNI,PRIVA,2.55,797396.468,6,6,797392.399,0.0,2.0,2.0,0.069,312704.497255
1687051,IT,HU,MOTO1,LEATH,4.24,797268.507,6,6,797266.455,0.0,1.0,1.0,0.052,188035.025236
1742327,IT,US,CEMEN,BUSIN,1.28,797203.516,5,5,797198.48,0.0,0.0,5.0,0.036,622815.246875
1809046,IT,WM,VEGET,INSUR,2.82,797097.954,5,5,797094.923,0.0,3.0,0.0,0.031,282658.848936
1770927,IT,CH,CEREA,FOOD5,1.3,796982.484,5,5,796977.439,0.0,5.0,0.0,0.045,613063.449231
1772217,IT,CH,GASDI,PUBLI,1.19,796846.908,5,5,796845.843,0.0,0.0,1.0,0.065,669619.25042
1723044,IT,PT,CHEM1,VEGET,1.66,796618.084,6,6,796615.997,0.0,1.0,1.0,0.087,479890.412048
1717647,IT,NL,BUSIN,PRINT,8.18,796454.92,6,6,796451.865,0.0,2.0,1.0,0.055,97366.127139
1674632,IT,FR,GLASS,WHEAT,2.19,796223.905,6,6,796219.859,0.0,1.0,3.0,0.046,363572.559361
1753598,IT,CA,MACHI,RAILW,4.44,796064.436,6,6,796062.371,0.0,1.0,1.0,0.065,179293.791892
1642380,IT,AT,BASIC,INTER,0.92,796057.266,5,5,796056.216,0.0,0.0,1.0,0.05,865279.636957
1735675,IT,SK,FABRI,WEARI,3.24,796001.628,6,6,795998.571,0.0,1.0,2.0,0.057,245679.514815
1665713,IT,ES,PAPER,TEXTI,3.08,795919.178,6,6,795912.099,0.0,6.0,1.0,0.079,258415.317532
1675428,IT,FR,MACHI,AIRTR,4.44,795753.074,6,6,795751.009,0.0,1.0,1.0,0.065,179223.665315
1809418,IT,WM,CHEMI,CHEM1,1.9,795740.497,6,6,795698.422,0.0,3.0,39.0,0.075,418810.787895
1748846,IT,CN,TEXTI,BUSIN,4.72,795725.56,6,6,795723.454,0.0,1.0,1.0,0.106,168585.923729
1766094,IT,RU,RUBBE,FOOD5,2.64,795615.185,6,6,795613.113,0.0,1.0,1.0,0.072,301369.388258
1749084,IT,CN,WOODW,BITUM,2.23,795439.065,6,6,795433.011,0.0,5.0,1.0,0.054,356699.132287
1811253,IT,WM,BITU1,CRUDE,1.25,795421.268,5,5,795420.205,0.0,0.0,1.0,0.063,636337.0144
1764125,IT,MX,FABRI,TRANS,3.24,795297.407,6,6,795294.35,0.0,1.0,2.0,0.057,245462.162654
1669083,IT,ES,SUPPO,WHOLE,5.71,794934.178,6,6,794932.139,0.0,1.0,1.0,0.039,139217.894571
1796244,IT,WL,FURNI,RECRE,2.54,794793.399,6,6,794789.331,0.0,2.0,2.0,0.068,312910.787008
1805075,IT,WF,PLAST,PUBLI,1.67,794683.053,6,6,794680.972,0.0,1.0,1.0,0.081,475858.115569
1764217,IT,MX,MACHI,KEROS,4.43,794603.824,6,6,794601.759,0.0,1.0,1.0,0.065,179368.809029
1642013,IT,AT,RUBBE,RETA1,2.63,794551.638,6,6,794549.566,0.0,1.0,1.0,0.072,302110.888973
1810211,IT,WM,LEATH,CRUDE,5.69,794544.802,6,6,794537.665,0.0,6.0,1.0,0.137,139638.805272
1770355,IT,AU,RAILW,ELEC1,5.32,794526.349,5,5,794520.313,0.0,0.0,6.0,0.036,149347.058083
1662213,IT,DK,GLASS,WOODW,2.18,794497.545,6,6,794493.5,0.0,1.0,3.0,0.045,364448.415138
1645892,IT,BE,GLASS,BUSIN,2.18,794419.517,6,6,794415.472,0.0,1.0,3.0,0.045,364412.622477
1762781,IT,IN,BUSIN,REALE,8.16,794343.846,6,6,794340.791,0.0,2.0,1.0,0.055,97346.059559
1812430,IT,WM,PREC1,KEROS,1.35,794221.647,6,6,794218.61,0.0,1.0,2.0,0.037,588312.331111
1803661,IT,WF,FOOD5,EDUCA,3.82,794204.496,6,6,794199.425,0.0,4.0,1.0,0.071,207906.936126
1811421,IT,WM,PLAST,WOODW,1.67,794182.355,6,6,794180.274,0.0,1.0,1.0,0.081,475558.296407
1685914,IT,HU,CHEM1,WHOLE,1.66,793953.427,6,6,793951.34,0.0,1.0,1.0,0.087,478285.196988
1674855,IT,FR,NONME,BRICK,1.6,793910.081,5,5,793907.994,0.0,0.0,2.0,0.087,496193.800625
1732296,IT,SI,NAPHT,TEXTI,1.35,793633.845,5,5,793632.788,0.0,0.0,1.0,0.057,587876.922222
1651423,IT,CY,KEROS,PUBLI,1.18,793559.589,5,5,793558.524,0.0,0.0,1.0,0.065,672508.126271
1652181,IT,CZ,DAIRY,POULT,3.22,793504.598,6,6,793497.544,0.0,6.0,1.0,0.054,246429.999379
1750076,IT,CN,BASIC,ALUM1,0.91,793433.312,5,5,793432.262,0.0,0.0,1.0,0.05,871904.738462
1795283,IT,WL,CERAM,HEALT,1.24,793426.906,5,5,793422.863,0.0,0.0,4.0,0.043,639860.408065
1645572,IT,BE,CHEM1,MEAT1,1.66,793373.409,6,6,793371.322,0.0,1.0,1.0,0.087,477935.788554
1681858,IT,HR,VEGE1,STEAM,2.44,793202.206,6,6,793196.033,0.0,5.0,1.0,0.173,325082.871311
1750064,IT,CN,BASIC,PLAST,0.91,793200.049,5,5,793198.999,0.0,0.0,1.0,0.05,871648.405495
1790081,IT,WA,BASIC,MEATP,0.91,793090.42,5,5,793089.37,0.0,0.0,1.0,0.05,871527.934066
1659658,IT,DE,HOTEL,PUBLI,5.75,792988.074,6,6,792985.014,0.0,2.0,1.0,0.06,137910.969391
1813985,IT,WM,SEACO,KEROS,0.81,792907.738,4,4,792907.724,0.0,0.0,0.0,0.014,978898.441975
1666724,IT,ES,RUBBE,FISH5,2.63,792787.544,6,6,792785.472,0.0,1.0,1.0,0.072,301440.130798
1652280,IT,CZ,BEVER,RAWMI,3.37,792763.252,6,6,792760.201,0.0,2.0,1.0,0.051,235241.321068
1798455,IT,WE,NATUR,BASIC,1.11,792700.554,6,6,792698.502,0.0,1.0,1.0,0.052,714144.643243
1795107,IT,WL,RUBBE,FISH5,2.63,792596.944,6,6,792594.872,0.0,1.0,1.0,0.072,301367.659316
1813996,IT,WM,SEACO,CHEM1,0.81,792572.212,4,4,792572.198,0.0,0.0,0.0,0.014,978484.212346
1709952,IT,LT,BASIC,RAILW,0.91,792434.063,5,5,792433.013,0.0,0.0,1.0,0.05,870806.662637
1745524,IT,JP,FOOD5,HEALT,3.8,791846.141,6,6,791841.07,0.0,4.0,1.0,0.071,208380.563421
1787433,IT,WA,STONE,STONE,2.56,791775.614,6,6,791730.578,0.0,1.0,44.0,0.036,309287.349219
1812880,IT,WM,FABRI,SEACO,3.22,791734.012,6,6,791730.955,0.0,1.0,2.0,0.057,245880.12795
1761975,IT,IN,FURNI,EDUCA,2.53,791717.916,6,6,791713.848,0.0,2.0,2.0,0.068,312931.982609
1674018,IT,FR,GASDI,WHEAT,1.18,791487.433,5,5,791486.369,0.0,0.0,1.0,0.064,670752.061864
1673542,IT,FR,LEATH,SUPPO,5.67,791373.851,6,6,791366.714,0.0,6.0,1.0,0.137,139572.10776
1645565,IT,BE,CHEM1,FORES,1.65,791265.539,6,6,791263.453,0.0,1.0,1.0,0.086,479554.872121
1667610,IT,ES,MACHI,NICKE,4.41,791239.354,6,6,791237.289,0.0,1.0,1.0,0.065,179419.354649
1795221,IT,WL,GLASS,SALEM,2.17,791199.997,6,6,791195.952,0.0,1.0,3.0,0.045,364608.293548
1667070,IT,ES,NONME,MEDIC,1.6,791179.742,5,5,791177.655,0.0,0.0,2.0,0.087,494487.33875
1683251,IT,HR,CERAM,STEAM,1.23,791160.624,5,5,791156.581,0.0,0.0,4.0,0.043,643220.019512
1658361,IT,DE,NONF1,WHOLE,0.17,791070.32,4,4,791070.316,0.0,0.0,0.0,0.004,4653354.823529
1642089,IT,AT,GLASS,MACHI,2.17,790996.909,6,6,790992.864,0.0,1.0,3.0,0.045,364514.704608
1771987,IT,CH,PAPER,HEALT,3.07,790990.415,6,6,790983.337,0.0,6.0,1.0,0.078,257651.600977
1772439,IT,CH,CHEM1,SUPPO,1.65,790937.251,6,6,790935.165,0.0,1.0,1.0,0.086,479355.909697
1759117,IT,BR,AIRTR,PLAST,0.86,790821.008,4,4,790820.983,0.0,0.0,0.0,0.025,919559.311628
1654001,IT,CZ,MACHI,NONME,4.41,790818.552,6,6,790816.487,0.0,1.0,1.0,0.065,179323.934694
1642635,IT,AT,FABRI,FOUND,3.22,790586.402,6,6,790583.345,0.0,1.0,2.0,0.057,245523.727329
1646104,IT,BE,BASIC,RENTI,0.91,790501.576,5,5,790500.526,0.0,0.0,1.0,0.05,868683.050549
1671485,IT,FI,MACHI,WOODW,4.41,790445.16,6,6,790443.095,0.0,1.0,1.0,0.065,179239.265306
1812718,IT,WM,NONF1,SUGA1,0.17,790353.656,4,4,790353.652,0.0,0.0,0.0,0.004,4649139.152941
1645249,IT,BE,COALT,CONST,1.25,790148.93,5,5,790146.883,0.0,0.0,2.0,0.047,632119.144
1755597,IT,KR,CHEM1,EDUCA,1.65,790134.256,6,6,790132.17,0.0,1.0,1.0,0.086,478869.246061
1805263,IT,WF,CHEM1,BUSIN,1.65,790081.925,6,6,790079.839,0.0,1.0,1.0,0.086,478837.530303
1805348,IT,WF,RUBBE,FOOD5,2.62,790033.309,6,6,790031.237,0.0,1.0,1.0,0.072,301539.430916
1752156,IT,CN,BUSIN,COMPU,8.11,789951.874,6,6,789948.819,0.0,2.0,1.0,0.055,97404.670037
1735507,IT,SK,PREC1,FABRI,1.34,789752.71,6,6,789749.674,0.0,1.0,2.0,0.036,589367.69403
1791984,IT,WA,SEACO,RETA1,0.8,789706.511,4,4,789706.497,0.0,0.0,0.0,0.014,987133.13875
1786010,IT,ZA,GLASS,NONME,2.17,789687.74,6,6,789683.695,0.0,1.0,3.0,0.045,363911.400922
1746595,IT,JP,PREC1,FOUND,1.34,789589.424,6,6,789586.388,0.0,1.0,2.0,0.036,589245.838806
1644545,IT,BE,PROCE,FISH5,5.34,789447.949,6,6,789442.9,0.0,4.0,1.0,0.049,147836.694569
1755915,IT,KR,BASIC,ELECT,0.91,789380.717,5,5,789379.667,0.0,0.0,1.0,0.05,867451.337363
1751252,IT,CN,HOTEL,AIRTR,5.72,789240.955,6,6,789237.896,0.0,2.0,1.0,0.059,137979.187937
1753688,IT,CA,MOTO1,LANDT,4.2,789186.156,6,6,789184.105,0.0,1.0,1.0,0.051,187901.465714
1772910,IT,CH,BASIC,HEALT,0.91,788921.835,5,5,788920.785,0.0,0.0,1.0,0.05,866947.071429
1714115,IT,MT,SEACO,SUPPO,0.8,788895.621,4,4,788895.607,0.0,0.0,0.0,0.014,986119.52625
1736949,IT,GB,VEGET,FOOD5,2.79,788868.966,5,5,788865.935,0.0,3.0,0.0,0.031,282748.733333
1753141,IT,CA,RUBBE,LANDT,2.61,788662.404,6,6,788660.332,0.0,1.0,1.0,0.072,302169.503448
1645737,IT,BE,RUBBE,PRINT,2.61,788535.11,6,6,788533.039,0.0,1.0,1.0,0.071,302120.731801
1666715,IT,ES,RUBBE,MEATP,2.61,788416.94,6,6,788414.869,0.0,1.0,1.0,0.071,302075.455939
1772714,IT,CH,CERAM,PUBLI,1.23,788391.206,5,5,788387.163,0.0,0.0,4.0,0.043,640968.460163
1719307,IT,PL,CHEM1,SUPPO,1.65,788339.843,6,6,788337.757,0.0,1.0,1.0,0.086,477781.72303
1764714,IT,MX,HOTEL,CHEM1,5.71,788307.447,6,6,788304.388,0.0,2.0,1.0,0.059,138057.346235
1737664,IT,GB,PRINT,PRINT,7.56,788158.434,6,6,788156.374,0.0,1.0,1.0,0.06,104253.761111
1644368,IT,BE,CHEMI,TRANS,1.88,788026.588,6,6,787984.514,0.0,3.0,39.0,0.074,419163.078723
1744949,IT,US,BUSIN,RETAI,8.09,787978.932,6,6,787975.878,0.0,2.0,1.0,0.054,97401.598517
1785571,IT,ZA,GASDI,CATTL,1.17,787810.899,5,5,787809.835,0.0,0.0,1.0,0.064,673342.648718
1717067,IT,NL,LANDT,SUPPO,5.08,787619.718,5,5,787618.681,0.0,0.0,1.0,0.037,155043.251575
1753787,IT,CA,FURNI,EDUCA,2.51,787547.864,6,6,787543.796,0.0,2.0,2.0,0.068,313764.089243
1655930,IT,DE,PROCE,HOTEL,5.33,787528.63,6,6,787523.581,0.0,4.0,1.0,0.049,147753.964353
1717712,IT,NL,BUSIN,POSTT,8.09,787527.462,6,6,787524.408,0.0,2.0,1.0,0.054,97345.792583
1796974,IT,WL,AIRTR,PREC1,0.86,787360.139,4,4,787360.114,0.0,0.0,0.0,0.025,915535.045349
1716528,IT,NL,MOTO1,WHOLE,4.19,787324.181,6,6,787322.13,0.0,1.0,1.0,0.051,187905.532458
1723576,IT,PT,FABRI,WOODW,3.2,787207.306,6,6,787204.25,0.0,1.0,2.0,0.056,246002.283125
1667173,IT,ES,BASIC,RETA1,0.91,787202.662,5,5,787201.612,0.0,0.0,1.0,0.05,865057.87033
1676998,IT,FR,AIRTR,PUBLI,0.86,787148.237,4,4,787148.212,0.0,0.0,0.0,0.025,915288.647674
1743115,IT,US,MOTO1,RUBBE,4.19,787142.687,6,6,787140.636,0.0,1.0,1.0,0.051,187862.216468
1738844,IT,GB,MOTO1,PUBLI,4.19,787006.696,6,6,787004.645,0.0,1.0,1.0,0.051,187829.760382
1641533,IT,AT,HEAVY,COPP1,1.27,787005.981,5,5,787004.918,0.0,0.0,1.0,0.063,619689.748819
1806070,IT,WF,NONF1,NONF1,0.17,786974.153,4,4,786974.149,0.0,0.0,0.0,0.004,4629259.723529
1650277,IT,BG,ELEC1,ALUM1,0.11,786896.135,4,4,786896.085,0.0,0.0,0.0,0.05,7153601.227273
1669340,IT,ES,FINAN,FINAN,10.25,786866.523,4,4,786866.5,0.0,0.0,0.0,0.023,76767.465659
1764733,IT,MX,HOTEL,RADIO,5.7,786683.46,6,6,786680.401,0.0,2.0,1.0,0.059,138014.642105
1776307,IT,TR,PAPER,CERAM,3.05,786675.989,6,6,786668.911,0.0,6.0,1.0,0.078,257926.55377
1786888,IT,ZA,SEACO,SUPPO,0.8,786520.893,4,4,786520.879,0.0,0.0,0.0,0.014,983151.11625
1786824,IT,ZA,HOTEL,LANDT,5.7,786484.065,6,6,786481.006,0.0,2.0,1.0,0.059,137979.660526
1672605,IT,FR,FORES,WOODW,6.87,786473.352,5,5,786170.331,0.0,303.0,0.0,0.021,114479.381659
1785854,IT,ZA,CHEM1,REALE,1.64,786312.895,6,6,786310.809,0.0,1.0,1.0,0.086,479459.082317
1798748,IT,WE,FOOD5,MEATA,3.78,786150.783,6,6,786145.713,0.0,4.0,1.0,0.07,207976.397619
1749779,IT,CN,ADDIT,ELECT,1.82,786149.968,6,6,786141.907,0.0,6.0,2.0,0.061,431950.531868
1772652,IT,CH,GLASS,WHOLE,2.16,786095.403,5,5,786092.358,0.0,0.0,3.0,0.045,363933.056944
1677073,IT,FR,SUPPO,MACHI,5.65,786093.602,6,6,786091.563,0.0,1.0,1.0,0.039,139131.610973
1648877,IT,BG,TEXTI,OFFIC,4.66,786002.372,6,6,786000.268,0.0,1.0,1.0,0.104,168670.03691
1677885,IT,FR,BUSIN,CHEM1,8.07,785913.466,6,6,785910.412,0.0,2.0,1.0,0.054,97387.046592
1658486,IT,DE,FABRI,SUPPO,3.2,785867.168,6,6,785864.112,0.0,1.0,2.0,0.056,245583.49
1650272,IT,BG,ELEC1,CHEM1,0.11,785843.193,4,4,785843.143,0.0,0.0,0.0,0.05,7144029.027273
1748675,IT,CN,FOOD5,MEATA,3.77,785675.786,6,6,785670.716,0.0,4.0,1.0,0.07,208402.065252
1789247,IT,WA,PLAST,HOTEL,1.65,785655.652,6,6,785653.572,0.0,1.0,1.0,0.08,476154.940606
1785843,IT,ZA,CHEM1,WHOLE,1.64,785632.776,6,6,785630.69,0.0,1.0,1.0,0.086,479044.37561
1645880,IT,BE,GLASS,SALEM,2.16,785575.304,5,5,785572.259,0.0,0.0,3.0,0.045,363692.27037
1747466,IT,JP,SEACO,NAPHT,0.8,785548.102,4,4,785548.088,0.0,0.0,0.0,0.014,981935.1275
1779024,IT,TR,AIRTR,MOTO1,0.86,785512.87,4,4,785512.845,0.0,0.0,0.0,0.025,913387.05814
1743925,IT,US,SEACO,RENTI,0.8,785488.615,4,4,785488.601,0.0,0.0,0.0,0.014,981860.76875
1755179,IT,KR,LEATH,EDUCA,5.63,785466.902,6,6,785459.766,0.0,6.0,1.0,0.136,139514.547425
1764389,IT,MX,MOTO1,FURNI,4.18,785393.218,6,6,785391.167,0.0,1.0,1.0,0.051,187893.114354
1732901,IT,SI,PREC1,FOUND,1.33,785378.18,6,6,785375.144,0.0,1.0,2.0,0.036,590509.909774
1799638,IT,WE,MOTOR,PRINT,1.17,785250.407,5,5,785249.343,0.0,0.0,1.0,0.064,671154.194017
1771052,IT,CH,FISHF,TOBAC,1.35,785170.784,4,4,785170.756,0.0,0.0,0.0,0.028,581607.988148
1667866,IT,ES,OFFIC,93197,2.43,785017.402,6,6,785015.345,0.0,1.0,1.0,0.057,323052.428807
1804879,IT,WF,BITU1,HEAVY,1.24,784956.444,5,5,784955.381,0.0,0.0,1.0,0.063,633029.390323
1789668,IT,WA,RUBBE,RADIO,2.6,784556.617,6,6,784554.546,0.0,1.0,1.0,0.071,301752.545
1794833,IT,WL,PLAST,RETA1,1.65,784502.627,6,6,784500.547,0.0,1.0,1.0,0.08,475456.137576
1658481,IT,DE,FABRI,LANDT,3.19,784266.357,6,6,784263.301,0.0,1.0,2.0,0.056,245851.522571
1764172,IT,MX,MACHI,CATTL,4.37,783939.861,6,6,783937.797,0.0,1.0,1.0,0.064,179391.27254
1753408,IT,CA,NONF1,OILSE,0.17,783802.892,4,4,783802.888,0.0,0.0,0.0,0.004,4610605.247059
1774256,IT,CH,RETA1,COMPU,8.18,783497.109,6,6,783495.058,0.0,1.0,1.0,0.051,95782.042665
1662126,IT,DK,RUBBE,MEATP,2.6,783475.675,6,6,783473.604,0.0,1.0,1.0,0.071,301336.798077
1798263,IT,WE,OILSE,CRUDE,0.57,783466.513,5,5,783460.477,0.0,6.0,0.0,0.036,1374502.654386
1737889,IT,GB,PLAST,RESEA,1.64,783403.978,6,6,783401.898,0.0,1.0,1.0,0.08,477685.352439
1749821,IT,CN,RUBBE,WEARI,2.6,783392.549,6,6,783390.478,0.0,1.0,1.0,0.071,301304.826538
1788303,IT,WA,LEATH,MEDIC,5.61,783237.937,6,6,783230.801,0.0,6.0,1.0,0.136,139614.605526
1667275,IT,ES,ALUM1,PRINT,1.36,783210.619,6,6,783208.556,0.0,1.0,1.0,0.063,575890.161029
1660964,IT,DE,BUSIN,CEMEN,8.04,783164.655,6,6,783161.601,0.0,2.0,1.0,0.054,97408.539179
1655296,IT,DE,CEREA,FOOD5,1.28,783062.152,5,5,783057.108,0.0,5.0,0.0,0.044,611767.30625
1792114,IT,WA,AIRTR,REALE,0.85,782745.985,4,4,782745.96,0.0,0.0,0.0,0.025,920877.629412
1687559,IT,HU,LANDT,CONST,5.05,782494.079,5,5,782493.042,0.0,0.0,1.0,0.037,154949.322574
1773550,IT,CH,MOTO1,DIST1,4.16,782382.959,6,6,782380.908,0.0,1.0,1.0,0.051,188072.826683
1728922,IT,SE,CHEM1,MACHI,1.64,782380.243,6,6,782378.158,0.0,1.0,1.0,0.085,477061.12378
1778664,IT,TR,HOTEL,WHOLE,5.67,782375.094,6,6,782372.035,0.0,2.0,1.0,0.059,137985.025397
1713606,IT,MT,BASIC,FURNI,0.9,782284.837,5,5,782283.788,0.0,0.0,1.0,0.049,869205.374444
1805069,IT,WF,PLAST,INSUR,1.64,782221.306,6,6,782219.226,0.0,1.0,1.0,0.08,476964.210976
1741492,IT,US,MOTOR,FOOD3,1.17,782102.749,5,5,782101.685,0.0,0.0,1.0,0.064,668463.888034
1685927,IT,HU,CHEM1,RESEA,1.63,781838.144,6,6,781836.059,0.0,1.0,1.0,0.085,479655.303067
1794335,IT,WL,MOTOR,CONST,1.17,781651.147,5,5,781650.083,0.0,0.0,1.0,0.064,668077.903419
1675785,IT,FR,FURNI,FINAN,2.49,781568.452,6,6,781564.385,0.0,2.0,2.0,0.067,313882.91245
1804557,IT,WF,HEAVY,CATTL,1.26,781553.306,5,5,781552.243,0.0,0.0,1.0,0.063,620280.401587
1650324,IT,BG,ELEC2,WEARI,0.19,781481.933,4,4,781481.851,0.0,0.0,0.0,0.082,4113062.805263
1801376,IT,WE,MACHI,SEACO,4.36,781425.496,6,6,781423.432,0.0,1.0,1.0,0.064,179226.031193
1742521,IT,US,BASIC,PUBLI,0.9,781085.761,5,5,781084.712,0.0,0.0,1.0,0.049,867873.067778
1749761,IT,CN,ADDIT,PFERT,1.81,781001.495,6,6,780993.434,0.0,6.0,2.0,0.061,431492.538674
1675008,IT,FR,PREC1,RENTI,1.33,780937.779,6,6,780934.743,0.0,1.0,2.0,0.036,587171.262406
1673765,IT,FR,PAPER,POSTT,3.03,780809.588,6,6,780802.511,0.0,6.0,1.0,0.077,257692.933333
1656366,IT,DE,WOODW,PLAST,2.18,780530.82,6,6,780524.767,0.0,5.0,1.0,0.053,358041.66055
1648497,IT,BG,OILSE,WHOLE,0.56,780467.001,5,5,780461.965,0.0,5.0,0.0,0.036,1393691.073214
1645800,IT,BE,RUBBE,REALE,2.59,780401.942,6,6,780399.871,0.0,1.0,1.0,0.071,301313.49112
1767306,IT,RU,HOTEL,HOTEL,5.65,780222.813,6,6,780219.754,0.0,2.0,1.0,0.059,138092.533274
1794783,IT,WL,PLAST,LEATH,1.64,780196.011,6,6,780193.932,0.0,1.0,1.0,0.079,475729.275
1810759,IT,WM,MOTOR,RECRE,1.17,780023.294,5,5,780022.23,0.0,0.0,1.0,0.064,666686.576068
1785566,IT,ZA,GASDI,CEREA,1.16,779784.543,5,5,779783.48,0.0,0.0,1.0,0.063,672228.05431
1674574,IT,FR,RUBBE,ELEC3,2.58,779774.96,6,6,779772.889,0.0,1.0,1.0,0.071,302238.356589
1680381,IT,GR,ELEC2,FABRI,0.19,779736.988,4,4,779736.906,0.0,0.0,0.0,0.082,4103878.884211
1661002,IT,DE,BUSIN,SALEM,8.01,779735.024,6,6,779731.97,0.0,2.0,1.0,0.054,97345.196504
1765285,IT,RU,VEGE1,HOTEL,2.4,779707.679,6,6,779701.509,0.0,5.0,1.0,0.17,324878.199583
1747552,IT,JP,AIRTR,KEROS,0.85,779673.66,4,4,779673.635,0.0,0.0,0.0,0.025,917263.129412
1665040,IT,ES,MEATC,HOTEL,2.6,779577.239,6,6,779565.189,0.0,11.0,1.0,0.05,299837.399615
1800216,IT,WE,PLAST,FOOD5,1.64,779544.159,6,6,779542.08,0.0,1.0,1.0,0.079,475331.804268
1673332,IT,FR,TEXTI,FABRI,4.62,779522.306,6,6,779520.203,0.0,1.0,1.0,0.103,168727.771861
1728696,IT,SE,COKEO,BASIC,0.1,779510.591,4,4,779510.587,0.0,0.0,0.0,0.004,7795105.91
1666499,IT,ES,PLAST,FABRI,1.64,779429.116,6,6,779427.037,0.0,1.0,1.0,0.079,475261.656098
1725048,IT,RO,OILSE,OILSE,0.56,779187.681,5,5,779182.645,0.0,5.0,0.0,0.036,1391406.573214
1785396,IT,ZA,PAPER,WOODW,3.02,779101.033,6,6,779093.956,0.0,6.0,1.0,0.077,257980.474503
1811592,IT,WM,CHEM1,COPPE,1.63,779084.975,6,6,779082.89,0.0,1.0,1.0,0.085,477966.242331
1809463,IT,WM,CHEMI,REALE,1.86,778945.298,6,6,778904.225,0.0,3.0,38.0,0.073,418787.794624
1658191,IT,DE,LEAD1,FOOD5,1.35,778848.497,6,6,778843.431,0.0,2.0,3.0,0.066,576924.812593
1812762,IT,WM,NONF1,INSUR,0.17,778845.402,4,4,778845.398,0.0,0.0,0.0,0.004,4581443.541176
1805539,IT,WF,CERAM,93197,1.21,778636.962,5,5,778632.92,0.0,0.0,4.0,0.042,643501.621488
1725119,IT,RO,CHEMI,OILSE,1.86,778634.182,6,6,778593.109,0.0,3.0,38.0,0.073,418620.527957
1650376,IT,BG,ELEC2,REALE,0.19,778603.203,4,4,778603.122,0.0,0.0,0.0,0.081,4097911.594737
1800707,IT,WE,CEMEN,CEMEN,1.25,778468.445,5,5,778463.41,0.0,0.0,5.0,0.035,622774.756
1801081,IT,WE,COPP1,ELECT,1.97,778415.077,6,6,778411.037,0.0,1.0,3.0,0.04,395134.556853
1667506,IT,ES,FABRI,PLAST,3.17,778412.188,6,6,778409.132,0.0,1.0,2.0,0.056,245555.895268
1739899,IT,GB,FINAN,AUXIL,10.13,778266.019,4,4,778265.997,0.0,0.0,0.0,0.022,76827.83998
1658449,IT,DE,FABRI,ELECT,3.17,778215.733,6,6,778212.677,0.0,1.0,2.0,0.056,245493.922082
1773479,IT,CH,OFFIC,COMPU,2.41,778214.434,6,6,778212.378,0.0,1.0,1.0,0.056,322910.553527
1673971,IT,FR,KEROS,KEROS,1.16,778190.376,5,5,778189.313,0.0,0.0,1.0,0.063,670853.772414
1750882,IT,CN,FURNI,RESEA,2.48,778014.837,6,6,778010.77,0.0,2.0,2.0,0.067,313715.660081
1673768,IT,FR,PAPER,AUXIL,3.01,777975.085,6,6,777968.008,0.0,6.0,1.0,0.077,258463.483389
1675727,IT,FR,FURNI,FOOD5,2.48,777955.003,6,6,777950.936,0.0,2.0,2.0,0.067,313691.533468
1739621,IT,GB,SEACO,POSTT,0.79,777788.606,4,4,777788.593,0.0,0.0,0.0,0.013,984542.539241
1762786,IT,IN,BUSIN,PUBLI,7.99,777743.963,6,6,777740.909,0.0,2.0,1.0,0.054,97339.669962
1746283,IT,JP,CHEM1,SALEM,1.63,777629.511,6,6,777627.426,0.0,1.0,1.0,0.085,477073.319632
1799925,IT,WE,HEAVY,RAWMI,1.26,777588.544,5,5,777587.482,0.0,0.0,1.0,0.062,617133.765079
1794799,IT,WL,PLAST,PFERT,1.63,777539.493,6,6,777537.414,0.0,1.0,1.0,0.079,477018.093865
1812456,IT,WM,PREC1,ELECT,1.32,777237.05,6,6,777234.014,0.0,1.0,2.0,0.036,588815.94697
1746215,IT,JP,CHEM1,BEVER,1.62,777212.506,6,6,777210.421,0.0,1.0,1.0,0.085,479760.806173
1812097,IT,WM,CERAM,INSUR,1.21,777211.566,5,5,777207.524,0.0,0.0,4.0,0.042,642323.608264
1771959,IT,CH,PAPER,DISTR,3.01,777039.645,6,6,777032.568,0.0,6.0,1.0,0.077,258152.70598
1726275,IT,RO,BASIC,RUBBE,0.89,776950.926,5,5,776949.877,0.0,0.0,1.0,0.049,872978.568539
1807067,IT,WF,SEACO,CRUDE,0.79,776889.836,4,4,776889.823,0.0,0.0,0.0,0.013,983404.855696
1766739,IT,RU,MACHI,NATUR,4.33,776881.923,6,6,776879.859,0.0,1.0,1.0,0.064,179418.457968
1689276,IT,IE,WHOLE,RETA1,6.71,776763.474,6,6,776760.429,0.0,1.0,2.0,0.045,115762.06766
1732822,IT,SI,BASIC,CHEM1,0.89,776755.526,5,5,776754.477,0.0,0.0,1.0,0.049,872759.017978
1776357,IT,TR,PAPER,HEALT,3.01,776719.944,6,6,776712.867,0.0,6.0,1.0,0.077,258046.493023
1753315,IT,CA,BASIC,NONME,0.89,776696.247,5,5,776695.198,0.0,0.0,1.0,0.049,872692.41236
1749070,IT,CN,LEATH,BUSIN,5.56,776660.84,6,6,776654.706,0.0,5.0,1.0,0.134,139687.201439
1718666,IT,PL,WOODW,PULP5,2.17,776502.981,6,6,776496.929,0.0,5.0,1.0,0.052,357835.475115
1738937,IT,GB,FURNI,PUBLI,2.48,776212.681,6,6,776208.614,0.0,2.0,2.0,0.067,312988.984274
1723673,IT,PT,MACHI,TEXTI,4.33,776133.732,6,6,776131.668,0.0,1.0,1.0,0.064,179245.665589
1763043,IT,MX,TEXTI,WOODW,4.6,775785.353,6,6,775783.25,0.0,1.0,1.0,0.103,168648.989783
1795604,IT,WL,FABRI,CATTL,3.16,775765.454,6,6,775762.398,0.0,1.0,2.0,0.056,245495.396835
1667564,IT,ES,FABRI,EDUCA,3.16,775677.509,6,6,775674.453,0.0,1.0,2.0,0.056,245467.566139
1795748,IT,WL,MACHI,MEAT1,4.33,775620.377,6,6,775618.313,0.0,1.0,1.0,0.064,179127.107852
1729495,IT,SE,ALUM1,MOTO1,1.35,775587.144,6,6,775585.082,0.0,1.0,1.0,0.062,574508.995556
1719540,IT,PL,GLASS,FURNI,2.13,775566.37,5,5,775563.326,0.0,0.0,3.0,0.044,364115.666667
1758249,IT,BR,BASIC,REALE,0.89,775561.04,5,5,775559.991,0.0,0.0,1.0,0.049,871416.898876
1806183,IT,WF,MACHI,WHEAT,4.33,775418.819,6,6,775416.755,0.0,1.0,1.0,0.064,179080.558661
1645421,IT,BE,LIQUE,PLAST,1.36,775301.53,5,5,775300.468,0.0,0.0,1.0,0.062,570074.654412
1750261,IT,CN,COPP1,MEDIC,1.96,775251.223,6,6,775247.183,0.0,1.0,3.0,0.04,395536.338265
1760562,IT,IN,LEATH,MOTO1,5.55,775211.606,6,6,775205.472,0.0,5.0,1.0,0.134,139677.766847
1679927,IT,GR,FABRI,BEVER,3.15,775123.834,6,6,775120.778,0.0,1.0,2.0,0.056,246071.058413
1652859,IT,CZ,COKEO,FOUND,0.1,775030.12,4,4,775030.116,0.0,0.0,0.0,0.004,7750301.2
1790296,IT,WA,ALUM1,VEGE1,1.35,774925.594,6,6,774923.532,0.0,1.0,1.0,0.062,574018.958519
1813180,IT,WM,MOTO1,WHOLE,4.12,774567.337,6,6,774565.287,0.0,1.0,1.0,0.05,188001.780825
1740706,IT,US,CHEMI,CEMEN,1.85,774475.567,6,6,774434.494,0.0,3.0,38.0,0.073,418635.441622
1772204,IT,CH,GASDI,RAILW,1.15,774472.625,5,5,774471.562,0.0,0.0,1.0,0.063,673454.456522
1747545,IT,JP,AIRTR,WOODW,0.84,774452.848,4,4,774452.824,0.0,0.0,0.0,0.024,921967.67619
1789832,IT,WA,CERAM,KEROS,1.21,774249.265,5,5,774245.223,0.0,0.0,4.0,0.042,639875.42562
1739370,IT,GB,RAILW,MOTO1,5.18,773940.179,5,5,773935.144,0.0,0.0,5.0,0.035,149409.300965
1774680,IT,CH,AIRTR,BUSIN,0.84,773769.333,4,4,773769.309,0.0,0.0,0.0,0.024,921153.967857
1761242,IT,IN,RUBBE,TEXTI,2.56,773720.731,6,6,773718.661,0.0,1.0,1.0,0.07,302234.660547
1811463,IT,WM,PLAST,MEDIC,1.62,773616.454,6,6,773614.375,0.0,1.0,1.0,0.079,477541.020988
1674873,IT,FR,NONME,DIST1,1.56,773561.413,5,5,773559.328,0.0,0.0,2.0,0.085,495872.700641
1772334,IT,CH,PLAST,FURNI,1.62,773386.237,6,6,773384.158,0.0,1.0,1.0,0.079,477398.911728
1670264,IT,FI,VEGET,FOOD5,2.74,773383.211,5,5,773380.181,0.0,3.0,0.0,0.03,282256.64635
1688483,IT,IE,LEATH,FOOD5,5.54,773317.422,6,6,773311.288,0.0,5.0,1.0,0.134,139587.98231
1743091,IT,US,MOTO1,FOOD5,4.12,773270.624,6,6,773268.574,0.0,1.0,1.0,0.05,187687.04466
1766156,IT,RU,RUBBE,LANDT,2.56,773258.545,6,6,773256.475,0.0,1.0,1.0,0.07,302054.119141
1658007,IT,DE,PREC1,MOTOR,1.31,773238.825,6,6,773235.789,0.0,1.0,2.0,0.036,590258.645038
1679105,IT,GR,PAPER,WOODW,3.0,773179.98,6,6,773172.904,0.0,6.0,1.0,0.076,257726.66
1790845,IT,WA,MACHI,RAILW,4.31,773087.308,6,6,773085.244,0.0,1.0,1.0,0.064,179370.605104
1662674,IT,DK,MACHI,FURNI,4.31,773058.807,6,6,773056.743,0.0,1.0,1.0,0.064,179363.992343
1676970,IT,FR,AIRTR,MOTO1,0.84,773039.558,4,4,773039.534,0.0,0.0,0.0,0.024,920285.188095
1799351,IT,WE,WOODW,REALE,2.16,773039.408,6,6,773033.356,0.0,5.0,1.0,0.052,357888.614815
1750438,IT,CN,MACHI,POULT,4.31,772969.324,6,6,772967.26,0.0,1.0,1.0,0.064,179343.230626
1642783,IT,AT,MACHI,RENTI,4.31,772968.297,6,6,772966.233,0.0,1.0,1.0,0.064,179342.992343
1674105,IT,FR,HEAVY,FOOD5,1.25,772931.593,5,5,772930.531,0.0,0.0,1.0,0.062,618345.2744
1812840,IT,WM,FABRI,CERAM,3.15,772917.59,6,6,772914.535,0.0,1.0,2.0,0.055,245370.663492
1675188,IT,FR,NONF1,MOTO1,0.17,772817.178,4,4,772817.174,0.0,0.0,0.0,0.004,4545983.4
1732001,IT,SI,KEROS,BEVER,1.15,772734.236,5,5,772733.173,0.0,0.0,1.0,0.063,671942.813913
1683437,IT,HR,BASIC,REALE,0.89,772520.727,5,5,772519.678,0.0,0.0,1.0,0.049,868000.816854
1667925,IT,ES,MOTO1,RENTI,4.11,772442.735,6,6,772440.685,0.0,1.0,1.0,0.05,187942.27129
1719453,IT,PL,RUBBE,RENTI,2.56,772438.245,6,6,772436.175,0.0,1.0,1.0,0.07,301733.689453
1814039,IT,WM,SEACO,REALE,0.79,772307.136,4,4,772307.123,0.0,0.0,0.0,0.013,977603.96962
1803452,IT,WF,MEAT1,HOTEL,3.61,772294.415,6,6,772290.32,0.0,3.0,1.0,0.095,213931.970914
1811614,IT,WM,CHEM1,PULP5,1.61,772283.218,6,6,772281.134,0.0,1.0,1.0,0.084,479679.017391
1649744,IT,BG,BASIC,CHEM1,0.89,772205.12,5,5,772204.071,0.0,0.0,1.0,0.049,867646.202247
1658933,IT,DE,FURNI,HOTEL,2.46,772086.89,6,6,772082.824,0.0,2.0,2.0,0.066,313856.45935
1716347,IT,NL,FABRI,PUBLI,3.14,771956.494,6,6,771953.439,0.0,1.0,2.0,0.055,245846.017197
1812890,IT,WM,FABRI,COMPU,3.14,771919.432,6,6,771916.377,0.0,1.0,2.0,0.055,245834.214013
1796127,IT,WL,TRANS,HOTEL,4.61,771915.731,6,6,771913.689,0.0,1.0,1.0,0.042,167443.759436
1659275,IT,DE,SALEM,SUPPO,6.23,771643.161,6,6,771641.113,0.0,1.0,1.0,0.048,123859.255377
1673447,IT,FR,WEARI,HOTEL,5.82,771642.556,6,6,771640.409,0.0,1.0,1.0,0.147,132584.631615
1790915,IT,WA,OFFIC,OFFIC,2.39,771383.142,6,6,771381.086,0.0,1.0,1.0,0.056,322754.45272
1739447,IT,GB,LANDT,PAPER,4.98,771327.74,5,5,771326.704,0.0,0.0,1.0,0.036,154885.088353
1646594,IT,BE,MOTO1,MACHI,4.1,771176.004,6,6,771173.954,0.0,1.0,1.0,0.05,188091.708293
1803013,IT,WF,WHEAT,AIRTR,0.58,771115.963,5,5,771109.944,0.0,6.0,0.0,0.019,1329510.281034
1676982,IT,FR,AIRTR,HOTEL,0.84,771108.607,4,4,771108.583,0.0,0.0,0.0,0.024,917986.436905
1790847,IT,WA,MACHI,TRAN2,4.3,771107.413,6,6,771105.35,0.0,1.0,1.0,0.063,179327.305349
1749673,IT,CN,CHEM1,PREC1,1.61,771075.646,6,6,771073.562,0.0,1.0,1.0,0.084,478928.972671
1746970,IT,JP,MOTO1,SUPPO,4.1,770955.593,6,6,770953.543,0.0,1.0,1.0,0.05,188037.949512
1768948,IT,AU,PAPER,PRINT,2.99,770928.048,6,6,770920.972,0.0,6.0,1.0,0.076,257835.467559
1774681,IT,CH,AIRTR,PUBLI,0.84,770527.053,4,4,770527.029,0.0,0.0,0.0,0.024,917294.110714
1643284,IT,AT,HOTEL,HEALT,5.58,770495.062,6,6,770492.004,0.0,2.0,1.0,0.058,138081.55233
1683038,IT,HR,CHEM1,REALE,1.61,770414.633,6,6,770412.549,0.0,1.0,1.0,0.084,478518.40559
1742471,IT,US,BASIC,PFERT,0.89,770239.026,5,5,770237.977,0.0,0.0,1.0,0.049,865437.107865
1805009,IT,WF,PLAST,PRINT,1.62,770237.533,6,6,770235.455,0.0,1.0,1.0,0.078,475455.267284
1805707,IT,WF,BASIC,WOODW,0.89,770096.399,5,5,770095.35,0.0,0.0,1.0,0.049,865276.852809
1759790,IT,BR,BUSIN,SALEM,7.91,770017.504,6,6,770014.451,0.0,2.0,1.0,0.053,97347.345638
1677216,IT,FR,POSTT,PUBLI,12.68,769950.426,6,6,769948.367,0.0,1.0,1.0,0.059,60721.642429
1814102,IT,WM,AIRTR,PFERT,0.84,769868.496,4,4,769868.472,0.0,0.0,0.0,0.024,916510.114286
1801348,IT,WE,MACHI,OFFIC,4.29,769855.509,6,6,769853.446,0.0,1.0,1.0,0.063,179453.498601
1803946,IT,WF,WEARI,PUBLI,5.8,769767.564,6,6,769765.418,0.0,1.0,1.0,0.146,132718.545517
1796126,IT,WL,TRANS,RETA1,4.59,769670.319,6,6,769668.277,0.0,1.0,1.0,0.042,167684.165359
1781884,IT,NO,CHEM1,WOODW,1.61,769654.769,6,6,769652.685,0.0,1.0,1.0,0.084,478046.440373
1643238,IT,AT,HOTEL,OFFIC,5.58,769624.04,6,6,769620.982,0.0,2.0,1.0,0.058,137925.455197
1809146,IT,WM,CROPS,REALE,6.09,769540.598,6,6,769538.556,0.0,1.0,1.0,0.042,126361.346141
1799441,IT,WE,PAPER,FISH5,2.98,769461.177,6,6,769454.101,0.0,6.0,1.0,0.076,258208.448658
1690270,IT,IE,OILHA,WOODW,4.41,769303.884,6,6,769301.841,0.0,1.0,1.0,0.043,174445.32517
1666247,IT,ES,HEAVY,MOTO1,1.24,768814.586,5,5,768813.524,0.0,0.0,1.0,0.062,620011.762903
1735200,IT,SK,RUBBE,MOTO1,2.55,768663.941,6,6,768661.871,0.0,1.0,1.0,0.07,301436.839608
1784632,IT,ID,MACHI,AIRTR,4.29,768565.733,6,6,768563.67,0.0,1.0,1.0,0.063,179152.851515
1740271,IT,GB,BUSIN,RENTI,7.89,767991.284,6,6,767988.231,0.0,2.0,1.0,0.053,97337.298352
1676377,IT,FR,WHOLE,PLAST,6.64,767871.552,6,6,767869.507,0.0,1.0,1.0,0.045,115643.306024
1799920,IT,WE,HEAVY,CATTL,1.24,767804.723,5,5,767803.661,0.0,0.0,1.0,0.062,619197.357258
1805385,IT,WF,RUBBE,OFFIC,2.54,767612.119,6,6,767610.049,0.0,1.0,1.0,0.07,302209.495669
1719337,IT,PL,CHEM1,93197,1.6,767543.859,6,6,767541.775,0.0,1.0,1.0,0.084,479714.911875
1794862,IT,WL,PFERT,CATTL,0.34,767492.106,4,4,767491.983,0.0,0.0,0.0,0.123,2257329.723529
1657408,IT,DE,RUBBE,PRINT,2.54,767466.827,6,6,767464.757,0.0,1.0,1.0,0.07,302152.294094
1773133,IT,CH,COPP1,DIST1,1.94,767463.242,6,6,767460.202,0.0,1.0,2.0,0.04,395599.609278
1716388,IT,NL,MACHI,FABRI,4.28,767256.583,6,6,767254.52,0.0,1.0,1.0,0.063,179265.556776
1757366,IT,BR,WEARI,LANDT,5.78,767198.775,6,6,767196.629,0.0,1.0,1.0,0.146,132733.352076
1794146,IT,WL,PAPER,93197,2.97,767190.877,6,6,767183.801,0.0,6.0,1.0,0.076,258313.426599
1774503,IT,CH,LANDT,CONST,4.95,766840.428,5,5,766839.392,0.0,0.0,1.0,0.036,154917.258182
1769545,IT,AU,ALUM1,MACHI,1.33,766725.185,6,6,766723.124,0.0,1.0,1.0,0.061,576485.101504
1653072,IT,CZ,CHEM1,WHEAT,1.6,766692.705,6,6,766690.621,0.0,1.0,1.0,0.084,479182.940625
1811488,IT,WM,PLAST,TRAN2,1.61,766616.28,6,6,766614.202,0.0,1.0,1.0,0.078,476159.180124
1811148,IT,WM,NAPHT,HEAVY,1.3,766532.143,5,5,766531.088,0.0,0.0,1.0,0.055,589640.11
1656477,IT,DE,PAPER,MEATP,2.97,766481.857,6,6,766474.781,0.0,6.0,1.0,0.076,258074.699327
1780171,IT,TW,HOTEL,HOTEL,5.56,766470.8,6,6,766467.742,0.0,2.0,1.0,0.058,137854.460432
1679514,IT,GR,CHEM1,RESEA,1.6,766397.613,6,6,766395.529,0.0,1.0,1.0,0.084,478998.508125
1788024,IT,WA,TEXTI,PFERT,4.54,766274.489,6,6,766272.387,0.0,1.0,1.0,0.102,168782.927093
1683448,IT,HR,BASIC,PAPE4,0.88,766233.366,5,5,766232.318,0.0,0.0,1.0,0.048,870719.734091
1686791,IT,HU,FABRI,TEXTI,3.12,766103.162,6,6,766100.107,0.0,1.0,2.0,0.055,245545.885256
1805054,IT,WF,PLAST,CONST,1.61,766036.551,6,6,766034.473,0.0,1.0,1.0,0.078,475799.1
1813385,IT,WM,FURNI,MOTO1,2.45,766025.448,6,6,766021.382,0.0,2.0,2.0,0.066,312663.448163
1657081,IT,DE,NONSP,ELEC1,1.01,765861.943,5,5,765860.902,0.0,0.0,1.0,0.041,758279.151485
1796971,IT,WL,AIRTR,CEMEN,0.83,765784.334,4,4,765784.31,0.0,0.0,0.0,0.024,922631.727711
1800913,IT,WE,PREC1,FABRI,1.3,765686.242,6,6,765683.207,0.0,1.0,2.0,0.035,588989.416923
1720280,IT,PL,FABRI,PAPER,3.12,765666.441,6,6,765663.386,0.0,1.0,2.0,0.055,245405.910577
1662001,IT,DK,PLAST,FOOD5,1.61,765551.306,6,6,765549.228,0.0,1.0,1.0,0.078,475497.70559
1789798,IT,WA,GLASS,HEALT,2.1,765540.447,5,5,765537.403,0.0,0.0,3.0,0.044,364543.07
1653153,IT,CZ,CHEM1,DISTR,1.6,765452.493,6,6,765450.409,0.0,1.0,1.0,0.084,478407.808125
1798693,IT,WE,DAIRY,DAIRY,3.11,765329.894,6,6,765323.842,0.0,5.0,1.0,0.052,246086.782637
1653002,IT,CZ,PLAST,TEXTI,1.61,765148.665,6,6,765146.587,0.0,1.0,1.0,0.078,475247.618012
1811178,IT,WM,NAPHT,MOTO1,1.3,764839.771,5,5,764838.716,0.0,0.0,1.0,0.055,588338.285385
1728557,IT,SE,PAPER,WOODW,2.96,764815.717,6,6,764808.642,0.0,6.0,1.0,0.075,258383.688176
1809176,IT,WM,CATTL,EDUCA,1.67,764776.464,5,5,764758.413,0.0,18.0,0.0,0.051,457949.978443
1686438,IT,HU,BASIC,RETAI,0.88,764725.573,5,5,764724.525,0.0,0.0,1.0,0.048,869006.332955
1763829,IT,MX,CEMEN,CONST,1.22,764443.072,5,5,764438.038,0.0,0.0,5.0,0.034,626592.681967
1773376,IT,CH,MACHI,COMPU,4.26,764313.243,6,6,764311.18,0.0,1.0,1.0,0.063,179416.254225
1667185,IT,ES,BASIC,REALE,0.88,764257.12,5,5,764256.072,0.0,0.0,1.0,0.048,868474.0
1642026,IT,AT,RUBBE,COMPU,2.53,764239.125,6,6,764237.056,0.0,1.0,1.0,0.069,302070.800395
1762299,IT,IN,AIRTR,LANDT,0.83,764172.542,4,4,764172.518,0.0,0.0,0.0,0.024,920689.809639
1757832,IT,BR,CHEM1,PLANT,1.6,764139.363,6,6,764137.28,0.0,1.0,1.0,0.083,477587.101875
1799930,IT,WE,HEAVY,BITUM,1.23,764138.968,5,5,764137.907,0.0,0.0,1.0,0.061,621251.193496
1720475,IT,PL,MACHI,SALEM,4.26,764117.62,6,6,764115.557,0.0,1.0,1.0,0.063,179370.333333
1665118,IT,ES,DAIRY,PIGS9,3.1,764074.954,6,6,764068.902,0.0,5.0,1.0,0.052,246475.791613
1793675,IT,WL,FOOD5,PIGS9,3.67,764041.164,6,6,764036.096,0.0,4.0,1.0,0.068,208185.60327
1675851,IT,FR,ELEC1,LANDT,0.11,764037.193,4,4,764037.145,0.0,0.0,0.0,0.048,6945792.663636
1789737,IT,WA,GLASS,VEGE1,2.1,763878.62,5,5,763875.576,0.0,0.0,3.0,0.044,363751.72381
1773702,IT,CH,FURNI,HOTEL,2.44,763852.172,6,6,763848.106,0.0,2.0,2.0,0.066,313054.168852
1729421,IT,SE,BASIC,COMPU,0.88,763748.479,5,5,763747.431,0.0,0.0,1.0,0.048,867895.998864
1785575,IT,ZA,GASDI,RAWMI,1.14,763478.204,5,5,763477.142,0.0,0.0,1.0,0.062,669717.722807
1772319,IT,CH,PLAST,CHEM1,1.6,763333.867,6,6,763331.789,0.0,1.0,1.0,0.078,477083.666875
1749637,IT,CN,CHEM1,LEATH,1.59,763193.659,6,6,763191.576,0.0,1.0,1.0,0.083,479996.01195
1722726,IT,PT,WOODW,CONST,2.14,763142.254,6,6,763136.202,0.0,5.0,1.0,0.052,356608.529907
1643473,IT,AT,LANDT,RETA1,4.92,763025.086,5,5,763024.05,0.0,0.0,1.0,0.036,155086.399593
1649780,IT,BG,BASIC,LANDT,0.88,762736.968,5,5,762735.92,0.0,0.0,1.0,0.048,866746.554545
1762267,IT,IN,AIRTR,BASIC,0.83,762722.659,4,4,762722.635,0.0,0.0,0.0,0.024,918942.962651
1673184,IT,FR,BEVER,RETA1,3.24,762489.349,6,6,762486.3,0.0,2.0,1.0,0.049,235336.218827
1772834,IT,CH,BASIC,CHEMI,0.88,762437.47,5,5,762436.422,0.0,0.0,1.0,0.048,866406.215909
1749440,IT,CN,GASDI,CONST,1.13,762371.1,5,5,762370.038,0.0,0.0,1.0,0.062,674664.690265
1742379,IT,US,NONME,ALUM1,1.54,762325.96,5,5,762323.876,0.0,0.0,2.0,0.084,495016.857143
1733061,IT,SI,COPP1,CONST,1.93,762271.185,6,6,762268.146,0.0,1.0,2.0,0.039,394959.163212
1812055,IT,WM,CERAM,KEROS,1.19,762257.327,5,5,762253.286,0.0,0.0,4.0,0.041,640552.37563
1653133,IT,CZ,CHEM1,NONME,1.59,761795.487,6,6,761793.404,0.0,1.0,1.0,0.083,479116.658491
1810699,IT,WM,MOTOR,PFERT,1.14,761756.342,5,5,761755.28,0.0,0.0,1.0,0.062,668207.317544
1646390,IT,BE,FABRI,WHOLE,3.1,761753.718,6,6,761750.663,0.0,1.0,2.0,0.055,245727.005806
1742108,IT,US,RUBBE,TRANS,2.52,761613.383,6,6,761611.314,0.0,1.0,1.0,0.069,302227.532937
1719424,IT,PL,RUBBE,TRANS,2.52,761577.635,6,6,761575.566,0.0,1.0,1.0,0.069,302213.347222
1709549,IT,LT,WOODW,OFFIC,2.13,761508.356,6,6,761502.305,0.0,5.0,1.0,0.051,357515.660094
1660194,IT,DE,SUPPO,LANDT,5.47,761286.807,6,6,761284.77,0.0,1.0,1.0,0.037,139174.919013
1738163,IT,GB,GLASS,RETA1,2.09,761241.721,5,5,761238.677,0.0,0.0,3.0,0.044,364230.488517
1801593,IT,WE,TRANS,TRANS,4.54,760841.575,6,6,760839.534,0.0,1.0,1.0,0.041,167586.25
1812661,IT,WM,COPP1,PFERT,1.92,760783.225,6,6,760780.186,0.0,1.0,2.0,0.039,396241.263021
1796776,IT,WL,LANDT,WHOLE,4.91,760773.548,5,5,760772.512,0.0,0.0,1.0,0.036,154943.69613
1673458,IT,FR,WEARI,REALE,5.73,760702.872,6,6,760700.727,0.0,1.0,1.0,0.145,132757.918325
1677098,IT,FR,SUPPO,POSTT,5.47,760700.805,6,6,760698.768,0.0,1.0,1.0,0.037,139067.788848
1655801,IT,DE,VEGE1,MEAT1,2.34,760666.054,6,6,760659.889,0.0,5.0,1.0,0.165,325070.963248
1645881,IT,BE,GLASS,WHOLE,2.09,760582.595,5,5,760579.551,0.0,0.0,3.0,0.044,363915.117225
1751158,IT,CN,HOTEL,BITUM,5.51,760544.55,6,6,760541.493,0.0,2.0,1.0,0.057,138029.863884
1795028,IT,WL,ADDIT,KEROS,1.76,760536.085,6,6,760528.026,0.0,6.0,2.0,0.059,432122.775568
1731947,IT,SI,MOTOR,SEACO,1.14,760520.152,5,5,760519.09,0.0,0.0,1.0,0.062,667122.940351
1753021,IT,CA,CHEM1,LEAD1,1.59,760460.628,6,6,760458.545,0.0,1.0,1.0,0.083,478277.124528
1766095,IT,RU,RUBBE,BEVER,2.52,760414.363,6,6,760412.294,0.0,1.0,1.0,0.069,301751.731349
1667192,IT,ES,BASIC,RECRE,0.88,760276.944,5,5,760275.896,0.0,0.0,1.0,0.048,863951.072727
1743967,IT,US,AIRTR,MEATP,0.83,760251.772,4,4,760251.748,0.0,0.0,0.0,0.024,915965.990361
1750073,IT,CN,BASIC,NONME,0.88,760219.992,5,5,760218.944,0.0,0.0,1.0,0.048,863886.354545
1804732,IT,WF,LIQUE,EDUCA,1.33,760059.336,5,5,760058.275,0.0,0.0,1.0,0.061,571473.184962
1741795,IT,US,PLAST,PAPER,1.59,759963.706,6,6,759961.629,0.0,1.0,1.0,0.077,477964.594969
1725718,IT,RO,PAPER,PUBLI,2.94,759953.056,6,6,759945.981,0.0,6.0,1.0,0.075,258487.434014
1761769,IT,IN,MACHI,OFFIC,4.24,759929.989,6,6,759927.927,0.0,1.0,1.0,0.062,179228.770991
1662303,IT,DK,NONME,BASIC,1.54,759833.779,5,5,759831.696,0.0,0.0,2.0,0.083,493398.557792
1811142,IT,WM,NAPHT,PRINT,1.29,759777.178,5,5,759776.124,0.0,0.0,1.0,0.054,588974.556589
1666907,IT,ES,GLASS,HOTEL,2.09,759636.086,5,5,759633.043,0.0,0.0,3.0,0.043,363462.242105
1660823,IT,DE,COMPU,OFFIC,8.67,759537.188,6,6,759535.14,0.0,1.0,1.0,0.048,87605.211995
1746942,IT,JP,MOTO1,ELECT,4.04,759517.86,6,6,759515.811,0.0,1.0,1.0,0.049,187999.470297
1795498,IT,WL,ALUM1,FISH5,1.32,759516.001,6,6,759513.94,0.0,1.0,1.0,0.061,575390.909848
1687541,IT,HU,LANDT,MACHI,4.9,759488.97,5,5,759487.934,0.0,0.0,1.0,0.036,154997.74898
1779033,IT,TR,AIRTR,BLAST,0.83,759451.781,4,4,759451.757,0.0,0.0,0.0,0.024,915002.145783
1783879,IT,NO,WOOD2,CONST,4.12,759367.991,6,6,759364.942,0.0,1.0,2.0,0.049,184312.619175
1671080,IT,FI,RUBBE,LANDT,2.52,759112.874,6,6,759110.805,0.0,1.0,1.0,0.069,301235.26746
1683534,IT,HR,ALUM1,MOTO1,1.32,759086.213,6,6,759084.152,0.0,1.0,1.0,0.061,575065.312879
1752990,IT,CA,CHEM1,PAPER,1.59,759085.575,6,6,759083.492,0.0,1.0,1.0,0.083,477412.311321
1743614,IT,US,HOTEL,COPP1,5.5,759085.004,6,6,759081.947,0.0,2.0,1.0,0.057,138015.455273
1780115,IT,TW,HOTEL,DAIRY,5.5,758964.514,6,6,758961.457,0.0,2.0,1.0,0.057,137993.548
1686844,IT,HU,FABRI,WHOLE,3.09,758937.123,6,6,758934.069,0.0,1.0,2.0,0.054,245610.719417
1806549,IT,WF,FURNI,FURNI,2.42,758924.068,6,6,758920.003,0.0,2.0,2.0,0.065,313604.986777
1648160,IT,BE,BUSIN,FOOD5,7.79,758835.139,6,6,758832.087,0.0,2.0,1.0,0.052,97411.442747
1740930,IT,US,FOOD5,CHEM1,3.65,758788.665,6,6,758783.597,0.0,4.0,1.0,0.068,207887.305479
1758432,IT,BR,FABRI,HOTEL,3.09,758752.567,6,6,758749.513,0.0,1.0,2.0,0.054,245550.992557
1658537,IT,DE,MACHI,NATUR,4.23,758612.715,6,6,758610.653,0.0,1.0,1.0,0.062,179341.067376
1780856,IT,TW,COMPU,REALE,8.66,758597.95,6,6,758595.902,0.0,1.0,1.0,0.048,87597.915704
1733145,IT,SI,FABRI,WHOLE,3.09,758585.085,6,6,758582.031,0.0,1.0,2.0,0.054,245496.791262
1790049,IT,WA,NONME,PRIVA,1.53,758540.252,5,5,758538.169,0.0,0.0,2.0,0.083,495777.942484
1745910,IT,JP,LEATH,HEALT,5.43,758518.785,6,6,758512.654,0.0,5.0,1.0,0.131,139690.383978
1792776,IT,WA,BUSIN,FINAN,7.79,758481.507,6,6,758478.455,0.0,2.0,1.0,0.052,97366.047112
1733221,IT,SI,MACHI,FABRI,4.23,758451.638,6,6,758449.576,0.0,1.0,1.0,0.062,179302.987707
1772836,IT,CH,BASIC,MEATP,0.87,758416.325,5,5,758415.277,0.0,0.0,1.0,0.048,871742.902299
1796995,IT,WL,AIRTR,TRAN1,0.83,758406.838,4,4,758406.814,0.0,0.0,0.0,0.024,913743.178313
1794235,IT,WL,PRINT,EDUCA,7.28,758338.75,6,6,758336.692,0.0,1.0,1.0,0.058,104167.410714
1760602,IT,IN,WOODW,OFFIC,2.12,758269.663,6,6,758263.612,0.0,5.0,1.0,0.051,357674.36934
1770955,IT,CH,VEGET,CERAM,2.68,758139.468,5,5,758136.438,0.0,3.0,0.0,0.03,282887.861194
1754140,IT,CA,AIRTR,HEALT,0.83,758121.313,4,4,758121.289,0.0,0.0,0.0,0.024,913399.172289
1754967,IT,KR,TEXTI,CONST,4.49,757951.912,6,6,757949.811,0.0,1.0,1.0,0.101,168808.889087
1657173,IT,DE,CHEM1,CROPS,1.58,757918.895,6,6,757916.812,0.0,1.0,1.0,0.083,479695.503165
1757871,IT,BR,CHEM1,HEAVY,1.58,757894.906,6,6,757892.823,0.0,1.0,1.0,0.083,479680.320253
1771252,IT,CH,VEGE1,WHOLE,2.33,757847.071,6,6,757840.906,0.0,5.0,1.0,0.165,325256.253648
1642774,IT,AT,MACHI,RETA1,4.23,757702.437,6,6,757700.375,0.0,1.0,1.0,0.062,179125.871631
1654758,IT,CZ,AIRTR,AIRTR,0.82,757694.771,4,4,757694.747,0.0,0.0,0.0,0.024,924018.013415
1813079,IT,WM,OFFIC,COMPU,2.35,757594.836,6,6,757592.781,0.0,1.0,1.0,0.055,322380.781277
1795525,IT,WL,ALUM1,BASIC,1.32,757568.457,6,6,757566.396,0.0,1.0,1.0,0.061,573915.497727
1811094,IT,WM,HEAVY,SEACO,1.22,757400.688,5,5,757399.627,0.0,0.0,1.0,0.061,620820.236066
1785151,IT,ZA,FOOD5,CATTL,3.64,757362.969,6,6,757357.901,0.0,4.0,1.0,0.068,208066.749725
1806250,IT,WF,MACHI,RUBBE,4.23,757351.597,6,6,757349.535,0.0,1.0,1.0,0.062,179042.930733
1672638,IT,FR,CRUDE,LIQUE,1.49,757326.459,6,6,757324.394,0.0,1.0,1.0,0.065,508272.791275
1782374,IT,NO,FABRI,OFFIC,3.08,757315.791,6,6,757313.737,0.0,1.0,1.0,0.054,245881.750325
1753058,IT,CA,CHEM1,93197,1.58,757148.129,6,6,757146.046,0.0,1.0,1.0,0.083,479207.676582
1801346,IT,WE,MACHI,FOUND,4.22,757129.624,6,6,757127.562,0.0,1.0,1.0,0.062,179414.602844
1793867,IT,WL,TEXTI,HOTEL,4.49,757095.065,6,6,757092.965,0.0,1.0,1.0,0.1,168618.054566
1716032,IT,NL,NONME,BRICK,1.53,756905.588,5,5,756903.505,0.0,0.0,2.0,0.083,494709.534641
1726032,IT,RO,CHEM1,EDUCA,1.58,756767.33,6,6,756765.247,0.0,1.0,1.0,0.083,478966.664557
1681092,IT,GR,SUPPO,FABRI,5.44,756594.025,6,6,756591.988,0.0,1.0,1.0,0.037,139079.784007
1658002,IT,DE,PREC1,WOODW,1.29,756562.73,6,6,756559.695,0.0,1.0,2.0,0.035,586482.736434
1757930,IT,BR,CHEM1,EDUCA,1.58,756479.66,6,6,756477.577,0.0,1.0,1.0,0.083,478784.594937
1666379,IT,ES,NAPHT,NAPHT,1.28,756430.53,5,5,756429.476,0.0,0.0,1.0,0.054,590961.351562
1654178,IT,CZ,MOTO1,FURNI,4.03,756414.151,6,6,756412.102,0.0,1.0,1.0,0.049,187695.819107
1784459,IT,ID,ALUM1,FABRI,1.31,756349.893,6,6,756347.832,0.0,1.0,1.0,0.061,577366.330534
1737361,IT,GB,BEVER,HEALT,3.22,756342.082,6,6,756339.033,0.0,2.0,1.0,0.049,234888.845342
1805072,IT,WF,PLAST,COMPU,1.59,756256.844,6,6,756254.767,0.0,1.0,1.0,0.077,475633.23522
1813222,IT,WM,TRANS,FISHF,4.51,756242.73,6,6,756240.689,0.0,1.0,1.0,0.041,167681.314856
1769574,IT,AU,COPP1,COPP1,1.91,756180.334,6,6,756177.295,0.0,1.0,2.0,0.039,395905.934031
1746811,IT,JP,MACHI,OFFIC,4.22,755880.395,6,6,755878.333,0.0,1.0,1.0,0.062,179118.577014
1753569,IT,CA,MACHI,LEAD1,4.22,755733.156,6,6,755731.094,0.0,1.0,1.0,0.062,179083.686256
1641065,IT,AT,PAPER,BEVER,2.93,755728.331,6,6,755721.256,0.0,6.0,1.0,0.075,257927.75802
1810497,IT,WM,PAPER,MEAT4,2.93,755682.474,6,6,755675.399,0.0,6.0,1.0,0.075,257912.107167
1800071,IT,WE,NAPHT,FORES,1.28,755320.481,5,5,755319.427,0.0,0.0,1.0,0.054,590094.125781
1645238,IT,BE,COALT,BASIC,1.2,754987.776,5,5,754985.731,0.0,0.0,2.0,0.045,629156.48
1743037,IT,US,OFFIC,POSTT,2.34,754951.628,6,6,754949.574,0.0,1.0,1.0,0.054,322628.900855
1645801,IT,BE,RUBBE,RENTI,2.5,754846.155,6,6,754844.087,0.0,1.0,1.0,0.068,301938.462
1661017,IT,DE,BUSIN,AUXIL,7.75,754762.091,6,6,754759.039,0.0,2.0,1.0,0.052,97388.656903
1729942,IT,SE,FURNI,PUBLI,2.41,754617.991,6,6,754613.926,0.0,2.0,2.0,0.065,313119.49834
1803801,IT,WF,TEXTI,LEATH,4.47,754560.722,6,6,754558.622,0.0,1.0,1.0,0.1,168805.530649
1742262,IT,US,CERAM,EDUCA,1.18,754532.885,5,5,754528.844,0.0,0.0,4.0,0.041,639434.648305
1725893,IT,RO,HEAVY,STEAM,1.22,754443.469,5,5,754442.408,0.0,0.0,1.0,0.061,618396.286066
1803930,IT,WF,WEARI,RETA1,5.69,754435.225,6,6,754433.082,0.0,1.0,1.0,0.143,132589.670475
1716511,IT,NL,OFFIC,HEALT,2.34,754407.677,6,6,754405.623,0.0,1.0,1.0,0.054,322396.443162
1750762,IT,CN,TRANS,RETAI,4.5,754369.999,6,6,754367.958,0.0,1.0,1.0,0.041,167637.777556
1723675,IT,PT,MACHI,LEATH,4.21,754354.198,6,6,754352.136,0.0,1.0,1.0,0.062,179181.519715
1740220,IT,GB,BUSIN,RUBBE,7.75,754280.466,6,6,754277.414,0.0,2.0,1.0,0.052,97326.511742
1670864,IT,FI,PLAST,PAPER,1.58,754241.584,6,6,754239.507,0.0,1.0,1.0,0.077,477368.091139
1641756,IT,AT,CHEM1,FOOD5,1.58,754081.124,6,6,754079.042,0.0,1.0,1.0,0.082,477266.534177
1645681,IT,BE,CHEM1,FOOD2,1.58,753922.23,6,6,753920.148,0.0,1.0,1.0,0.082,477165.968354
1774586,IT,CH,SEACO,FABRI,0.77,753664.996,4,4,753664.983,0.0,0.0,0.0,0.013,978785.709091
1751396,IT,CN,SEACO,MEDIC,0.77,753555.359,4,4,753555.346,0.0,0.0,0.0,0.013,978643.323377
1739900,IT,GB,FINAN,REALE,9.81,753484.79,4,4,753484.768,0.0,0.0,0.0,0.022,76807.827727
1766768,IT,RU,MACHI,MOTOR,4.2,753472.637,6,6,753470.575,0.0,1.0,1.0,0.062,179398.246905
1646157,IT,BE,PREC1,FOOD3,1.28,753411.941,6,6,753408.906,0.0,1.0,2.0,0.035,588603.078906
1646268,IT,BE,LEAD1,WOOD1,1.31,753332.056,6,6,753326.993,0.0,2.0,3.0,0.063,575062.638168
1729393,IT,SE,BASIC,ELECT,0.87,753271.7,5,5,753270.652,0.0,0.0,1.0,0.048,865829.54023
1719905,IT,PL,PREC1,MOTOR,1.28,753195.084,6,6,753192.049,0.0,1.0,2.0,0.035,588433.659375
1805751,IT,WF,BASIC,RAILW,0.87,753185.479,5,5,753184.431,0.0,0.0,1.0,0.048,865730.435632
1685825,IT,HU,CHEM1,CROPS,1.57,753159.246,6,6,753157.164,0.0,1.0,1.0,0.082,479719.264968
1786898,IT,ZA,AIRTR,CATTL,0.82,753011.819,4,4,753011.795,0.0,0.0,0.0,0.024,918307.096341
1738497,IT,GB,COPP1,RESEA,1.9,752952.906,6,6,752949.867,0.0,1.0,2.0,0.039,396291.003158
1657403,IT,DE,RUBBE,WEARI,2.49,752858.203,6,6,752856.135,0.0,1.0,1.0,0.068,302352.691968
1804317,IT,WF,MOTOR,COPP1,1.12,752724.137,5,5,752723.076,0.0,0.0,1.0,0.061,672075.122321
1719268,IT,PL,CHEM1,CERAM,1.57,752670.574,6,6,752668.492,0.0,1.0,1.0,0.082,479408.008917
1728399,IT,SE,TEXTI,HEALT,4.46,752514.195,6,6,752512.095,0.0,1.0,1.0,0.1,168725.15583
1642090,IT,AT,GLASS,OFFIC,2.06,752169.258,5,5,752166.215,0.0,0.0,3.0,0.043,365130.707767
1674508,IT,FR,RUBBE,RAWMI,2.49,751804.404,6,6,751802.336,0.0,1.0,1.0,0.068,301929.479518
1773227,IT,CH,FABRI,TRANS,3.06,751710.297,6,6,751708.243,0.0,1.0,1.0,0.054,245656.959804
1772788,IT,CH,NONME,OFFIC,1.52,751709.395,5,5,751707.313,0.0,0.0,2.0,0.082,494545.654605
1771570,IT,CH,TEXTI,FURNI,4.45,751640.932,6,6,751638.832,0.0,1.0,1.0,0.1,168908.074607
1662056,IT,DK,CHEM1,TEXTI,1.57,751626.571,6,6,751624.489,0.0,1.0,1.0,0.082,478743.038854
1744931,IT,US,BUSIN,TRANS,7.72,751485.983,6,6,751483.931,0.0,1.0,1.0,0.052,97342.743912
1751423,IT,CN,SEACO,PUBLI,0.76,751373.698,4,4,751373.685,0.0,0.0,0.0,0.013,988649.602632
1686387,IT,HU,BASIC,TEXTI,0.86,751147.44,5,5,751146.393,0.0,0.0,1.0,0.047,873427.255814
1766694,IT,RU,FABRI,BUSIN,3.06,750740.991,6,6,750738.937,0.0,1.0,1.0,0.054,245340.193137
1743670,IT,US,HOTEL,PLAS1,5.44,750493.582,6,6,750490.525,0.0,2.0,1.0,0.057,137958.379044
1675873,IT,FR,ELEC2,FOOD5,0.18,750426.503,4,4,750426.424,0.0,0.0,0.0,0.079,4169036.127778
1640144,IT,AT,CEREA,HOTEL,1.22,750365.49,5,5,750361.447,0.0,4.0,0.0,0.043,615053.680328
1662628,IT,DK,MACHI,FISHF,4.19,750346.072,6,6,750344.01,0.0,1.0,1.0,0.062,179080.208115
1656400,IT,DE,WOODW,WHOLE,2.1,750339.559,6,6,750333.508,0.0,5.0,1.0,0.051,357304.551905
1796672,IT,WL,HOTEL,RESEA,5.44,750337.849,6,6,750335.792,0.0,1.0,1.0,0.057,137929.751654
1727002,IT,RO,HOTEL,SUPPO,5.44,750271.203,6,6,750269.146,0.0,1.0,1.0,0.057,137917.500551
1769474,IT,AU,BASIC,WOODW,0.86,750219.392,5,5,750218.345,0.0,0.0,1.0,0.047,872348.130233
1656753,IT,DE,KEROS,MOTOR,1.12,750171.791,5,5,750170.73,0.0,0.0,1.0,0.061,669796.241964
1774090,IT,CH,WHOLE,PRINT,6.48,750016.645,6,6,750014.602,0.0,1.0,1.0,0.043,115743.309414
1642634,IT,AT,FABRI,NONF1,3.05,749841.298,6,6,749839.244,0.0,1.0,1.0,0.054,245849.605902
1790778,IT,WA,MACHI,WOODW,4.18,749839.02,6,6,749836.958,0.0,1.0,1.0,0.062,179387.325359
1685451,IT,HU,WOODW,OFFIC,2.1,749785.289,6,6,749779.238,0.0,5.0,1.0,0.051,357040.61381
1749717,IT,CN,CHEM1,SUPPO,1.57,749759.036,6,6,749756.954,0.0,1.0,1.0,0.082,477553.526115
1683031,IT,HR,CHEM1,HOTEL,1.57,749653.319,6,6,749651.237,0.0,1.0,1.0,0.082,477486.190446
1753537,IT,CA,MACHI,PRINT,4.18,749483.37,6,6,749481.308,0.0,1.0,1.0,0.062,179302.241627
1772403,IT,CH,CHEM1,CEMEN,1.57,749392.742,6,6,749390.66,0.0,1.0,1.0,0.082,477320.217834
1685322,IT,HU,WEARI,MACHI,5.65,749325.059,6,6,749322.917,0.0,1.0,1.0,0.142,132623.904248
1746602,IT,JP,PREC1,FURNI,1.27,749323.93,6,6,749320.896,0.0,1.0,2.0,0.034,590018.84252
1741398,IT,US,PRINT,PUBLI,7.19,749162.948,6,6,749160.891,0.0,1.0,1.0,0.057,104195.124896
1709483,IT,LT,WEARI,GASDI,5.65,749146.75,6,6,749144.608,0.0,1.0,1.0,0.142,132592.345133
1667493,IT,ES,FABRI,LEATH,3.05,749108.257,6,6,749106.203,0.0,1.0,1.0,0.054,245609.26459
1679599,IT,GR,RUBBE,LANDT,2.48,748986.162,6,6,748984.094,0.0,1.0,1.0,0.068,302010.549194
1794993,IT,WL,CHEM1,SUPPO,1.57,748915.47,6,6,748913.388,0.0,1.0,1.0,0.082,477016.22293
1675186,IT,FR,NONF1,MACHI,0.16,748910.09,4,4,748910.086,0.0,0.0,0.0,0.004,4680688.0625
1748095,IT,JP,BUSIN,COMPU,7.69,748909.275,6,6,748907.223,0.0,1.0,1.0,0.052,97387.421977
1723464,IT,PT,ALUM1,CHEM1,1.3,748742.507,6,6,748740.447,0.0,1.0,1.0,0.06,575955.774615
1729409,IT,SE,BASIC,SALEM,0.86,748712.146,5,5,748711.099,0.0,0.0,1.0,0.047,870595.518605
1782486,IT,NO,MACHI,RESEA,4.18,748637.236,6,6,748635.174,0.0,1.0,1.0,0.062,179099.817225
1656693,IT,DE,COKEO,REALE,0.09,748619.141,4,4,748619.137,0.0,0.0,0.0,0.004,8317990.455556
1726039,IT,RO,CHEM1,FOOD4,1.56,748565.002,6,6,748562.92,0.0,1.0,1.0,0.082,479849.360256
1805886,IT,WF,ALUM1,ELECT,1.3,748556.408,6,6,748554.348,0.0,1.0,1.0,0.06,575812.621538
1787699,IT,WA,VEGE1,FISH5,2.3,748412.889,6,6,748406.726,0.0,5.0,1.0,0.163,325396.908261
1774145,IT,CH,WHOLE,REALE,6.47,748336.616,6,6,748334.573,0.0,1.0,1.0,0.043,115662.537249
1740913,IT,US,FOOD5,MEATP,3.59,748253.914,6,6,748249.847,0.0,3.0,1.0,0.067,208427.274095
1811319,IT,WM,BITU1,ELEC4,1.18,748243.15,5,5,748242.09,0.0,0.0,1.0,0.06,634104.364407
1672018,IT,FI,SEACO,HOTEL,0.76,748173.561,4,4,748173.548,0.0,0.0,0.0,0.013,984438.896053
1730827,IT,SE,BUSIN,RESEA,7.68,748134.7,6,6,748132.648,0.0,1.0,1.0,0.052,97413.372396
1672949,IT,FR,DAIRY,RETA1,3.04,748045.873,6,6,748039.822,0.0,5.0,1.0,0.051,246067.721382
1790855,IT,WA,MACHI,AUXIL,4.17,747987.952,6,6,747985.891,0.0,1.0,1.0,0.061,179373.609592
1669771,IT,ES,BUSIN,PLAST,7.68,747942.0,6,6,747939.948,0.0,1.0,1.0,0.052,97388.28125
1798481,IT,WE,NATUR,TRAN2,1.05,747876.658,6,6,747874.609,0.0,1.0,1.0,0.049,712263.48381
1795356,IT,WL,NONME,REALE,1.51,747867.703,5,5,747865.621,0.0,0.0,2.0,0.082,495276.624503
1655604,IT,DE,SANDC,ELEC3,1.72,747759.495,5,5,747595.468,0.0,0.0,164.0,0.027,434743.892442
1658336,IT,DE,NONF1,PLAST,0.16,747418.318,4,4,747418.314,0.0,0.0,0.0,0.004,4671364.4875
1779642,IT,TR,RESEA,TEXTI,4.05,747149.62,6,6,747147.568,0.0,1.0,1.0,0.052,184481.387654
1688690,IT,IE,CHEM1,BIODI,1.56,747133.391,6,6,747131.309,0.0,1.0,1.0,0.082,478931.660897
1803544,IT,WF,VEGE1,EDUCA,2.3,747046.751,6,6,747040.588,0.0,5.0,1.0,0.163,324802.935217
1683741,IT,HR,MACHI,OFFIC,4.17,747005.668,6,6,747003.607,0.0,1.0,1.0,0.061,179138.04988
1676610,IT,FR,HOTEL,COLLE,5.41,746999.439,6,6,746997.383,0.0,1.0,1.0,0.056,138077.530314
1684278,IT,HR,AIRTR,CHEM1,0.81,746919.631,4,4,746919.607,0.0,0.0,0.0,0.024,922123.001235
1745892,IT,JP,LEATH,RETA1,5.35,746876.725,6,6,746870.596,0.0,5.0,1.0,0.129,139603.126168
1649770,IT,BG,BASIC,DIST1,0.86,746767.476,5,5,746766.429,0.0,0.0,1.0,0.047,868334.274419
1743161,IT,US,MOTO1,RENTI,3.97,746252.907,6,6,746250.858,0.0,1.0,1.0,0.049,187973.024433
1772583,IT,CH,RUBBE,COMPU,2.47,746000.503,6,6,745998.435,0.0,1.0,1.0,0.068,302024.495142
1800531,IT,WE,RUBBE,ELECT,2.47,745966.945,6,6,745964.877,0.0,1.0,1.0,0.068,302010.908907
1787751,IT,WA,VEGE1,HEALT,2.29,745376.664,6,6,745370.502,0.0,5.0,1.0,0.162,325491.993013
1790119,IT,WA,BASIC,CERAM,0.86,745272.509,5,5,745271.462,0.0,0.0,1.0,0.047,866595.940698
1751379,IT,CN,SEACO,GLASS,0.76,745216.194,4,4,745216.181,0.0,0.0,0.0,0.013,980547.623684
1786577,IT,ZA,FURNI,COMPU,2.38,745060.209,6,6,745056.145,0.0,2.0,2.0,0.064,313050.507983
1791036,IT,WA,TRANS,MEATA,4.45,745002.595,6,6,745000.555,0.0,1.0,1.0,0.04,167416.313483
1764278,IT,MX,MACHI,HOTEL,4.16,744943.965,6,6,744941.904,0.0,1.0,1.0,0.061,179073.06851
1688622,IT,IE,PLAST,FISH5,1.56,744893.732,6,6,744891.656,0.0,1.0,1.0,0.076,477495.982051
1782222,IT,NO,BASIC,RETA1,0.86,744799.809,5,5,744798.762,0.0,0.0,1.0,0.047,866046.289535
1740828,IT,US,VEGE1,BIODI,2.29,744797.771,6,6,744791.609,0.0,5.0,1.0,0.162,325239.20131
1741812,IT,US,PLAST,FURNI,1.56,744728.031,6,6,744725.955,0.0,1.0,1.0,0.076,477389.763462
1656858,IT,DE,HEAVY,GASDI,1.2,744699.78,5,5,744698.72,0.0,0.0,1.0,0.06,620583.15
1788333,IT,WA,LEATH,FINAN,5.33,744669.846,6,6,744663.717,0.0,5.0,1.0,0.129,139712.916698
1790724,IT,WA,FABRI,93197,3.03,744660.214,6,6,744658.161,0.0,1.0,1.0,0.053,245762.446865
1683077,IT,HR,RUBBE,FOOD5,2.47,744600.872,6,6,744598.804,0.0,1.0,1.0,0.068,301457.842915
1757537,IT,BR,COKEO,BASIC,0.09,744524.968,4,4,744524.964,0.0,0.0,0.0,0.004,8272499.644444
1790641,IT,WA,FABRI,KEROS,3.03,744472.913,6,6,744470.86,0.0,1.0,1.0,0.053,245700.631353
1739519,IT,GB,LANDT,COMPU,4.8,744431.842,5,5,744430.807,0.0,0.0,1.0,0.035,155089.967083
1720301,IT,PL,FABRI,CEMEN,3.03,744330.414,6,6,744328.361,0.0,1.0,1.0,0.053,245653.60198
1642674,IT,AT,FABRI,COMPU,3.03,744239.224,6,6,744237.171,0.0,1.0,1.0,0.053,245623.506271
1731059,IT,SI,VEGET,FOOD5,2.63,743972.834,5,5,743969.805,0.0,3.0,0.0,0.029,282879.404563
1755523,IT,KR,CHEM1,PRINT,1.55,743851.073,6,6,743848.992,0.0,1.0,1.0,0.081,479903.918065
1679546,IT,GR,RUBBE,BEVER,2.46,743774.028,6,6,743771.961,0.0,1.0,1.0,0.067,302347.165854
1810786,IT,WM,KEROS,NATUR,1.11,743754.663,5,5,743753.602,0.0,0.0,1.0,0.061,670049.245946
1790828,IT,WA,MACHI,ELEC2,4.15,743670.048,6,6,743667.987,0.0,1.0,1.0,0.061,179197.601928
1712938,IT,MT,WHEAT,FOOD5,0.56,743511.337,5,5,743506.319,0.0,5.0,0.0,0.018,1327698.816071
1777862,IT,TR,FABRI,HEALT,3.03,743457.945,6,6,743455.892,0.0,1.0,1.0,0.053,245365.658416
1742845,IT,US,MACHI,POULT,4.15,743415.769,6,6,743413.708,0.0,1.0,1.0,0.061,179136.32988
1686573,IT,HU,ALUM1,TRANS,1.29,743404.847,6,6,743402.787,0.0,1.0,1.0,0.06,576282.827132
1812038,IT,WM,CERAM,CRUDE,1.16,743330.505,5,5,743326.465,0.0,0.0,4.0,0.04,640802.159483
1681007,IT,GR,AIRTR,LUBRI,0.81,743313.965,4,4,743313.942,0.0,0.0,0.0,0.023,917671.561728
1669746,IT,ES,BUSIN,FOOD5,7.63,743252.911,6,6,743250.86,0.0,1.0,1.0,0.051,97411.914941
1772326,IT,CH,PLAST,FABRI,1.56,743219.702,6,6,743217.626,0.0,1.0,1.0,0.076,476422.885897
1773622,IT,CH,TRANS,SEACO,4.43,743125.767,6,6,743123.727,0.0,1.0,1.0,0.04,167748.480135
1804458,IT,WF,GASDI,NATUR,1.11,743062.048,5,5,743060.987,0.0,0.0,1.0,0.061,669425.268468
1667545,IT,ES,FABRI,DIST1,3.02,743044.579,6,6,743042.526,0.0,1.0,1.0,0.053,246041.251325
1658634,IT,DE,MACHI,SUPPO,4.14,742962.917,6,6,742960.856,0.0,1.0,1.0,0.061,179459.641787
1804069,IT,WF,WOODW,EDUCA,2.08,742891.064,6,6,742885.014,0.0,5.0,1.0,0.05,357159.165385
1645614,IT,BE,CHEM1,BRICK,1.55,742803.594,6,6,742801.513,0.0,1.0,1.0,0.081,479228.125161
1790767,IT,WA,MACHI,VEGE1,4.14,742601.394,6,6,742599.333,0.0,1.0,1.0,0.061,179372.317391
1666800,IT,ES,RUBBE,REALE,2.46,742516.872,6,6,742514.805,0.0,1.0,1.0,0.067,301836.126829
1806252,IT,WF,MACHI,CERAM,4.14,742382.974,6,6,742380.913,0.0,1.0,1.0,0.061,179319.558937
1666557,IT,ES,CHEM1,PAPER,1.55,742366.381,6,6,742364.3,0.0,1.0,1.0,0.081,478946.052258
1726227,IT,RO,NONME,CEMEN,1.5,742351.385,5,5,742350.304,0.0,0.0,1.0,0.081,494900.923333
1720410,IT,PL,MACHI,WEARI,4.14,742303.776,6,6,742301.715,0.0,1.0,1.0,0.061,179300.428986
1662079,IT,DK,CHEM1,MACHI,1.55,742196.959,6,6,742194.878,0.0,1.0,1.0,0.081,478836.747742
1766305,IT,RU,NONME,FISHF,1.5,742126.718,5,5,742125.637,0.0,0.0,1.0,0.081,494751.145333
1657776,IT,DE,NONME,FOOD5,1.5,741767.345,5,5,741766.264,0.0,0.0,1.0,0.081,494511.563333
1673611,IT,FR,WOODW,FABRI,2.08,741719.773,6,6,741713.723,0.0,5.0,1.0,0.05,356596.044712
1772581,IT,CH,RUBBE,REALE,2.46,741713.277,6,6,741711.21,0.0,1.0,1.0,0.067,301509.462195
1771961,IT,CH,PAPER,DIST1,2.87,741453.772,6,6,741446.699,0.0,6.0,1.0,0.073,258346.262021
1737398,IT,GB,TEXTI,MOTO1,4.39,741230.152,6,6,741228.054,0.0,1.0,1.0,0.098,168845.13713
1722145,IT,PL,BUSIN,RETA1,7.61,741178.16,6,6,741176.109,0.0,1.0,1.0,0.051,97395.290407
1720348,IT,PL,FABRI,RESEA,3.02,741156.418,6,6,741154.365,0.0,1.0,1.0,0.053,245416.03245
1758337,IT,BR,NONF1,ALUM1,0.16,741123.445,4,4,741123.441,0.0,0.0,0.0,0.004,4632021.53125
1674949,IT,FR,BASIC,POSTT,0.85,741078.482,5,5,741077.435,0.0,0.0,1.0,0.047,871857.037647
1657083,IT,DE,NONSP,ELEC3,0.97,741075.433,5,5,741074.393,0.0,0.0,1.0,0.04,763995.291753
1768692,IT,AU,TEXTI,TRAN2,4.39,741014.505,6,6,741012.407,0.0,1.0,1.0,0.098,168796.014806
1798846,IT,WE,FOOD5,PUBLI,3.56,740734.866,6,6,740730.8,0.0,3.0,1.0,0.066,208071.591573
1795907,IT,WL,OFFIC,EDUCA,2.3,740653.61,6,6,740651.557,0.0,1.0,1.0,0.053,322023.308696
1666141,IT,ES,GASDI,COLLE,1.1,740501.736,5,5,740500.676,0.0,0.0,1.0,0.06,673183.396364
1813207,IT,WM,MOTO1,93197,3.94,740487.719,6,6,740485.671,0.0,1.0,1.0,0.048,187941.045431
1744271,IT,US,POSTT,REALE,12.19,740333.331,6,6,740331.275,0.0,1.0,1.0,0.056,60732.840935
1673103,IT,FR,FOOD5,PUBLI,3.56,740298.987,6,6,740294.921,0.0,3.0,1.0,0.066,207949.153652
1804549,IT,WF,HEAVY,PADDY,1.2,740273.502,5,5,740272.443,0.0,0.0,1.0,0.059,616894.585
1795198,IT,WL,GLASS,BEVER,2.03,740251.673,5,5,740248.631,0.0,0.0,3.0,0.042,364655.996552
1737938,IT,GB,CHEM1,NUCLE,1.55,740042.083,6,6,740040.002,0.0,1.0,1.0,0.081,477446.505161
1766811,IT,RU,MACHI,ELEC3,4.13,739891.717,6,6,739889.656,0.0,1.0,1.0,0.061,179150.536804
1763566,IT,MX,CHEM1,BASIC,1.55,739553.349,6,6,739551.268,0.0,1.0,1.0,0.081,477131.192903
1734939,IT,SK,KEROS,SUPPO,1.1,739502.058,5,5,739500.998,0.0,0.0,1.0,0.06,672274.598182
1665636,IT,ES,WOODW,FABRI,2.07,739477.682,6,6,739471.632,0.0,5.0,1.0,0.05,357235.595169
1677102,IT,FR,SUPPO,REALE,5.32,739438.699,6,6,739436.663,0.0,1.0,1.0,0.036,138992.236654
1718819,IT,PL,PAPER,MACHI,2.87,739399.606,6,6,739392.533,0.0,6.0,1.0,0.073,257630.524739
1658273,IT,DE,COPP1,RUBBE,1.87,739348.95,6,6,739345.912,0.0,1.0,2.0,0.038,395373.770053
1683395,IT,HR,BASIC,PLAST,0.85,739333.858,5,5,739332.811,0.0,0.0,1.0,0.047,869804.538824
1812010,IT,WM,GLASS,RETA1,2.03,739228.719,5,5,739225.677,0.0,0.0,3.0,0.042,364152.078325
1725376,IT,RO,TEXTI,WOODW,4.38,739124.729,6,6,739122.631,0.0,1.0,1.0,0.098,168749.938128
1741943,IT,US,CHEM1,DIST1,1.54,738978.428,6,6,738976.347,0.0,1.0,1.0,0.081,479856.122078
1667402,IT,ES,COPP1,MOTO1,1.87,738941.992,6,6,738938.954,0.0,1.0,2.0,0.038,395156.145455
1775756,IT,TR,CRUDE,LIQUE,1.46,738917.627,5,5,738916.563,0.0,0.0,1.0,0.064,506107.963699
1804273,IT,WF,MOTOR,MEATC,1.1,738582.19,5,5,738581.13,0.0,0.0,1.0,0.06,671438.354545
1669709,IT,ES,COMPU,COMPU,8.43,738559.412,6,6,738557.366,0.0,1.0,1.0,0.046,87610.843654
1710370,IT,LT,HOTEL,GASDI,5.35,738431.654,6,6,738429.598,0.0,1.0,1.0,0.056,138024.608224
1658606,IT,DE,MACHI,ELEC1,4.12,738408.771,6,6,738406.71,0.0,1.0,1.0,0.061,179225.429854
1789389,IT,WA,CHEM1,NONF1,1.54,738405.806,6,6,738403.725,0.0,1.0,1.0,0.081,479484.28961
1810514,IT,WM,PAPER,KEROS,2.86,738313.176,6,6,738306.103,0.0,6.0,1.0,0.073,258151.46014
1682176,IT,HR,TEXTI,RECRE,4.37,738291.404,6,6,738289.306,0.0,1.0,1.0,0.098,168945.401373
1747113,IT,JP,FURNI,HEALT,2.36,738228.382,6,6,738224.319,0.0,2.0,2.0,0.063,312808.636441
1735957,IT,SK,MOTO1,MACHI,3.93,738211.018,6,6,738208.97,0.0,1.0,1.0,0.048,187839.95369
1642532,IT,AT,COPP1,MOTO1,1.86,738013.937,6,6,738010.899,0.0,1.0,2.0,0.038,396781.686559
1811450,IT,WM,PLAST,NONME,1.55,737990.345,6,6,737988.27,0.0,1.0,1.0,0.075,476122.803226
1776648,IT,TR,GASDI,BUSIN,1.1,737768.017,5,5,737766.957,0.0,0.0,1.0,0.06,670698.197273
1790101,IT,WA,BASIC,KEROS,0.85,737589.333,5,5,737588.286,0.0,0.0,1.0,0.047,867752.156471
1646359,IT,BE,FABRI,CHEM1,3.0,737534.571,6,6,737532.518,0.0,1.0,1.0,0.053,245844.857
1711579,IT,LU,FINAN,RETA1,9.6,737520.085,4,4,737520.064,0.0,0.0,0.0,0.021,76825.008854
1662341,IT,DK,BASIC,TEXTI,0.85,737507.25,5,5,737506.203,0.0,0.0,1.0,0.047,867655.588235
1663833,IT,EE,TEXTI,WOODW,4.37,737498.199,6,6,737496.101,0.0,1.0,1.0,0.098,168763.889931
1719783,IT,PL,BASIC,PAPER,0.85,737246.247,5,5,737245.2,0.0,0.0,1.0,0.047,867348.525882
1647538,IT,BE,SUPPO,RAILW,5.3,737241.686,6,6,737239.65,0.0,1.0,1.0,0.036,139102.204906
1772389,IT,CH,CHEM1,GASDI,1.54,737141.763,6,6,737139.683,0.0,1.0,1.0,0.08,478663.482468
1671177,IT,FI,CERAM,BUSIN,1.15,737116.241,5,5,737112.201,0.0,0.0,4.0,0.04,640970.644348
1760626,IT,IN,PULP5,WOODW,2.25,737114.78,6,6,737109.711,0.0,4.0,1.0,0.069,327606.568889
1749421,IT,CN,KEROS,AIRTR,1.1,737072.545,5,5,737071.485,0.0,0.0,1.0,0.06,670065.95
1811175,IT,WM,NAPHT,ELECT,1.25,737013.227,5,5,737012.174,0.0,0.0,1.0,0.053,589610.5816
1755298,IT,KR,PAPER,WHOLE,2.86,736988.734,6,6,736981.661,0.0,6.0,1.0,0.073,257688.368531
1732043,IT,SI,KEROS,HOTEL,1.1,736949.756,5,5,736948.696,0.0,0.0,1.0,0.06,669954.323636
1645493,IT,BE,PLAST,TEXTI,1.55,736924.75,6,6,736922.675,0.0,1.0,1.0,0.075,475435.322581
1655840,IT,DE,VEGE1,WHOLE,2.27,736797.342,6,6,736792.182,0.0,4.0,1.0,0.16,324580.326872
1796143,IT,WL,TRANS,BUSIN,4.4,736750.39,6,6,736748.35,0.0,1.0,1.0,0.04,167443.270455
1732772,IT,SI,NONME,FABRI,1.49,736744.087,5,5,736743.006,0.0,0.0,1.0,0.081,494459.118792
1645796,IT,BE,RUBBE,POSTT,2.44,736715.32,6,6,736713.253,0.0,1.0,1.0,0.067,301932.508197
1660423,IT,DE,FINAN,BUSIN,9.59,736703.567,4,4,736703.546,0.0,0.0,0.0,0.021,76819.975704
1776510,IT,TR,MOTOR,PUBLI,1.1,736640.382,5,5,736639.322,0.0,0.0,1.0,0.06,669673.074545
1754065,IT,CA,AIRTR,OILSE,0.8,736638.886,4,4,736638.863,0.0,0.0,0.0,0.023,920798.6075
1641715,IT,AT,PLAST,MOTO1,1.55,736610.096,6,6,736608.021,0.0,1.0,1.0,0.075,475232.32
1714105,IT,MT,SEACO,CONST,0.75,736588.468,4,4,736588.455,0.0,0.0,0.0,0.013,982117.957333
1685497,IT,HU,PAPER,MEAT1,2.85,736425.436,6,6,736418.363,0.0,6.0,1.0,0.073,258394.889825
1759823,IT,BR,BUSIN,MEMBE,7.56,736421.909,6,6,736419.858,0.0,1.0,1.0,0.051,97410.305423
1763186,IT,MX,LEATH,CONST,5.27,736231.523,6,6,736225.396,0.0,5.0,1.0,0.127,139702.376281
1756775,IT,KR,AIRTR,ELEC3,0.8,736204.702,4,4,736204.679,0.0,0.0,0.0,0.023,920255.8775
1808921,IT,WM,CEREA,FOOD5,1.2,736123.66,5,5,736119.618,0.0,4.0,0.0,0.042,613436.383333
1809852,IT,WM,FOOD5,RECRE,3.54,736116.009,6,6,736111.943,0.0,3.0,1.0,0.066,207942.375424
1676578,IT,FR,HOTEL,BIOGA,5.33,735877.183,6,6,735875.128,0.0,1.0,1.0,0.055,138063.261351
1667924,IT,ES,MOTO1,REALE,3.92,735710.843,6,6,735708.795,0.0,1.0,1.0,0.048,187681.3375
1669830,IT,ES,BUSIN,REALE,7.56,735641.874,6,6,735639.823,0.0,1.0,1.0,0.051,97307.12619
1715669,IT,NL,NONSP,GASDI,0.97,735612.93,5,5,735611.89,0.0,0.0,1.0,0.04,758363.845361
1719270,IT,PL,CHEM1,CEMEN,1.54,735591.767,6,6,735589.687,0.0,1.0,1.0,0.08,477656.991558
1745659,IT,JP,TEXTI,TRANS,4.36,735545.584,6,6,735543.486,0.0,1.0,1.0,0.098,168703.115596
1811677,IT,WM,CHEM1,LANDT,1.54,735518.573,6,6,735516.493,0.0,1.0,1.0,0.08,477609.462987
1742197,IT,US,GLASS,RETA1,2.02,735509.104,5,5,735506.062,0.0,0.0,3.0,0.042,364113.417822
1795781,IT,WL,MACHI,PLAST,4.1,735430.99,6,6,735428.93,0.0,1.0,1.0,0.06,179373.412195
1676974,IT,FR,AIRTR,ELEC5,0.8,735417.508,4,4,735417.485,0.0,0.0,0.0,0.023,919271.885
1649927,IT,BG,FABRI,CHEM1,2.99,735211.012,6,6,735208.959,0.0,1.0,1.0,0.053,245889.970569
1790737,IT,WA,MACHI,MEATA,4.1,735208.834,6,6,735206.774,0.0,1.0,1.0,0.06,179319.227805
1713159,IT,MT,FISH5,MOTO1,3.09,735176.785,6,6,735173.407,0.0,2.0,1.0,0.378,237921.289644
1685893,IT,HU,CHEM1,MOTO1,1.54,734854.521,6,6,734852.441,0.0,1.0,1.0,0.08,477178.26039
1735367,IT,SK,NONME,CEMEN,1.48,734580.449,5,5,734579.368,0.0,0.0,1.0,0.081,496338.141216
1642627,IT,AT,FABRI,CEMEN,2.99,734571.442,6,6,734569.389,0.0,1.0,1.0,0.053,245676.067559
1765399,IT,RU,TOBAC,LEAD1,2.89,734568.09,6,6,734564.044,0.0,3.0,1.0,0.046,254175.809689
1677919,IT,FR,BUSIN,SALEM,7.54,734554.235,6,6,734552.184,0.0,1.0,1.0,0.051,97420.986074
1680522,IT,GR,ELEC7,DISTR,0.5,734380.289,5,5,734379.28,0.0,1.0,0.0,0.009,1468760.578
1641593,IT,AT,NAPHT,MOTOR,1.25,734273.017,5,5,734271.964,0.0,0.0,1.0,0.053,587418.4136
1641383,IT,AT,KEROS,COMPU,1.09,733978.563,5,5,733977.503,0.0,0.0,1.0,0.06,673374.82844
1813332,IT,WM,FURNI,NATUR,2.34,733925.189,6,6,733921.126,0.0,2.0,2.0,0.063,313643.243162
1732333,IT,SI,NAPHT,CONST,1.25,733592.733,5,5,733591.681,0.0,0.0,1.0,0.052,586874.1864
1675233,IT,FR,FABRI,PRINT,2.98,733421.11,6,6,733419.057,0.0,1.0,1.0,0.053,246114.466443
1749824,IT,CN,RUBBE,PAPER,2.43,733385.285,6,6,733383.219,0.0,1.0,1.0,0.066,301804.644033
1675040,IT,FR,ALUM1,BEVER,1.27,733117.619,6,6,733115.56,0.0,1.0,1.0,0.059,577257.967717
1804299,IT,WF,MOTOR,NAPHT,1.09,732969.1,5,5,732968.04,0.0,0.0,1.0,0.06,672448.715596
1752141,IT,CN,BUSIN,RETA1,7.53,732858.127,6,6,732856.076,0.0,1.0,1.0,0.051,97325.116467
1750888,IT,CN,FURNI,RECRE,2.34,732547.858,6,6,732543.795,0.0,2.0,2.0,0.063,313054.640171
1733003,IT,SI,LEAD1,FABRI,1.27,732422.058,6,6,732416.996,0.0,2.0,3.0,0.062,576710.28189
1794731,IT,WL,BITU1,CONST,1.15,732350.217,5,5,732349.159,0.0,0.0,1.0,0.058,636826.275652
1771963,IT,CH,PAPER,CONST,2.84,732278.068,6,6,732270.996,0.0,6.0,1.0,0.072,257844.390141
1759770,IT,BR,BUSIN,MACHI,7.52,732274.129,6,6,732272.078,0.0,1.0,1.0,0.051,97376.878856
1737879,IT,GB,PLAST,TRANS,1.54,732249.059,6,6,732246.985,0.0,1.0,1.0,0.074,475486.401948
1785807,IT,ZA,CHEM1,TEXTI,1.53,732188.213,6,6,732186.133,0.0,1.0,1.0,0.08,478554.387582
1749251,IT,CN,PAPER,BASIC,2.84,732129.912,6,6,732122.84,0.0,6.0,1.0,0.072,257792.222535
1761582,IT,IN,NONF1,NONME,0.16,732084.464,4,4,732084.46,0.0,0.0,0.0,0.004,4575527.9
1642427,IT,AT,ALUM1,PLAST,1.27,732073.617,6,6,732071.558,0.0,1.0,1.0,0.059,576435.918898
1674929,IT,FR,BASIC,NONME,0.84,732070.118,5,5,732069.072,0.0,0.0,1.0,0.046,871512.045238
1743219,IT,US,TRANS,COLLE,4.37,732066.4,6,6,732064.36,0.0,1.0,1.0,0.04,167520.915332
1668732,IT,ES,LANDT,RUBBE,4.72,732065.823,5,5,732064.788,0.0,0.0,1.0,0.035,155098.691314
1719855,IT,PL,BASIC,COMPU,0.84,732065.492,5,5,732064.446,0.0,0.0,1.0,0.046,871506.538095
1675177,IT,FR,NONF1,CERAM,0.16,731938.361,4,4,731938.357,0.0,0.0,0.0,0.004,4574614.75625
1719386,IT,PL,RUBBE,PULP5,2.43,731937.674,6,6,731935.608,0.0,1.0,1.0,0.066,301208.919342
1742609,IT,US,ALUM1,REALE,1.27,731752.107,6,6,731750.048,0.0,1.0,1.0,0.059,576182.761417
1675784,IT,FR,FURNI,POSTT,2.34,731626.169,6,6,731622.106,0.0,2.0,2.0,0.063,312660.755983
1800591,IT,WE,GLASS,BEVER,2.01,731624.997,5,5,731621.955,0.0,0.0,3.0,0.042,363992.535821
1766021,IT,RU,CHEM1,TRANS,1.53,731582.371,6,6,731580.291,0.0,1.0,1.0,0.08,478158.412418
1810192,IT,WM,WEARI,HEALT,5.51,731540.197,6,6,731538.058,0.0,1.0,1.0,0.139,132765.915971
1719403,IT,PL,RUBBE,BIODI,2.42,731531.024,6,6,731528.958,0.0,1.0,1.0,0.066,302285.547107
1749490,IT,CN,NAPHT,PLAST,1.24,731191.72,5,5,731190.668,0.0,0.0,1.0,0.052,589670.741935
1772073,IT,CH,PRINT,FINAN,7.01,731062.78,6,6,731060.724,0.0,1.0,1.0,0.056,104288.556348
1652288,IT,CZ,BEVER,FOOD5,3.11,731038.176,6,6,731035.129,0.0,2.0,1.0,0.047,235060.506752
1660114,IT,DE,AIRTR,REALE,0.8,730961.471,4,4,730961.448,0.0,0.0,0.0,0.023,913701.83875
1715828,IT,NL,RUBBE,CHEM1,2.42,730899.724,6,6,730897.658,0.0,1.0,1.0,0.066,302024.679339
1758657,IT,BR,FURNI,FURNI,2.33,730670.68,6,6,730666.617,0.0,2.0,2.0,0.063,313592.566524
1726357,IT,RO,LEAD1,WOODW,1.27,730647.388,6,6,730642.326,0.0,2.0,3.0,0.062,575312.903937
1790082,IT,WA,BASIC,MEAT1,0.84,730620.324,5,5,730619.278,0.0,0.0,1.0,0.046,869786.1
1733113,IT,SI,FABRI,RUBBE,2.97,730581.449,6,6,730579.397,0.0,1.0,1.0,0.052,245987.019865
1648541,IT,BG,CRUDE,FOOD5,1.44,730565.972,5,5,730564.909,0.0,0.0,1.0,0.063,507337.480556
1720442,IT,PL,MACHI,CEMEN,4.08,730458.366,6,6,730456.306,0.0,1.0,1.0,0.06,179033.913235
1646144,IT,BE,PREC1,WHOLE,1.24,730416.579,6,6,730413.545,0.0,1.0,2.0,0.034,589045.628226
1668937,IT,ES,AIRTR,KEROS,0.79,730193.67,4,4,730193.647,0.0,0.0,0.0,0.023,924295.78481
1668983,IT,ES,AIRTR,INSUR,0.79,730174.851,4,4,730174.828,0.0,0.0,0.0,0.023,924271.963291
1741885,IT,US,CHEM1,PRINT,1.53,730161.287,6,6,730159.207,0.0,1.0,1.0,0.08,477229.599346
1672911,IT,FR,VEGE1,EDUCA,2.25,730104.206,6,6,730099.047,0.0,4.0,1.0,0.159,324490.758222
1726480,IT,RO,FABRI,WHOLE,2.97,729876.274,6,6,729874.222,0.0,1.0,1.0,0.052,245749.587205
1754779,IT,KR,FOOD5,POULT,3.51,729875.867,6,6,729871.802,0.0,3.0,1.0,0.065,207941.84245
1657074,IT,DE,NONSP,NONME,0.96,729869.025,5,5,729867.986,0.0,0.0,1.0,0.039,760280.234375
1676994,IT,FR,AIRTR,RENTI,0.79,729806.409,4,4,729806.386,0.0,0.0,0.0,0.023,923805.581013
1659875,IT,DE,LANDT,REALE,4.71,729798.734,5,5,729797.699,0.0,0.0,1.0,0.035,154946.652654
1723709,IT,PT,MACHI,TRANS,4.07,729719.462,6,6,729717.402,0.0,1.0,1.0,0.06,179292.251106
1766817,IT,RU,MACHI,DISTR,4.07,729642.953,6,6,729640.893,0.0,1.0,1.0,0.06,179273.452826
1799597,IT,WE,MOTOR,MEATA,1.09,729583.554,5,5,729582.495,0.0,0.0,1.0,0.059,669342.710092
1663053,IT,DK,HOTEL,RENTI,5.29,729550.281,6,6,729548.226,0.0,1.0,1.0,0.055,137911.206238
1756191,IT,KR,MACHI,RUBBE,4.07,729333.319,6,6,729331.259,0.0,1.0,1.0,0.06,179197.375676
1668056,IT,ES,FURNI,RETA1,2.33,729272.155,6,6,729268.092,0.0,2.0,2.0,0.063,312992.341202
1689755,IT,IE,FINAN,RENTI,9.5,729254.192,4,4,729254.171,0.0,0.0,0.0,0.021,76763.599158
1796890,IT,WL,SEACO,SUPPO,0.74,729252.414,4,4,729252.401,0.0,0.0,0.0,0.013,985476.235135
1735300,IT,SK,GLASS,RETA1,2.0,729189.943,5,5,729186.901,0.0,0.0,3.0,0.042,364594.9715
1686059,IT,HU,RUBBE,MEAT1,2.42,729186.699,6,6,729184.633,0.0,1.0,1.0,0.066,301316.817769
1753326,IT,CA,BASIC,ELECT,0.84,729073.301,5,5,729072.255,0.0,0.0,1.0,0.046,867944.405952
1804751,IT,WF,NAPHT,NICKE,1.24,729006.666,5,5,729005.614,0.0,0.0,1.0,0.052,587908.601613
1709398,IT,LT,BEVER,BIODI,3.1,728866.45,6,6,728863.403,0.0,2.0,1.0,0.047,235118.209677
1794136,IT,WL,PAPER,REALE,2.82,728835.64,6,6,728828.568,0.0,6.0,1.0,0.072,258452.35461
1811378,IT,WM,PLAST,PADDY,1.53,728741.474,6,6,728739.4,0.0,1.0,1.0,0.074,476301.616993
1784262,IT,ID,CHEM1,PAPER,1.52,728729.466,6,6,728727.386,0.0,1.0,1.0,0.08,479427.280263
1659936,IT,DE,TRAN2,WHOLE,1.13,728686.358,4,4,728686.338,0.0,0.0,0.0,0.02,644855.184071
1765979,IT,RU,CHEM1,PAPER,1.52,728624.602,6,6,728622.522,0.0,1.0,1.0,0.08,479358.290789
1773976,IT,CH,SALEM,SUPPO,5.88,728622.376,6,6,728620.331,0.0,1.0,1.0,0.045,123915.370068
1774113,IT,CH,WHOLE,FABRI,6.3,728519.71,6,6,728517.668,0.0,1.0,1.0,0.042,115638.049206
1777524,IT,TR,BASIC,SALEM,0.84,728460.357,5,5,728459.311,0.0,0.0,1.0,0.046,867214.710714
1689222,IT,IE,WHOLE,RAWMI,6.29,728172.612,6,6,728170.57,0.0,1.0,1.0,0.042,115766.71097
1800038,IT,WE,HEAVY,93197,1.18,728161.178,5,5,728160.12,0.0,0.0,1.0,0.058,617085.744068
1667131,IT,ES,BASIC,PAPER,0.84,728138.799,5,5,728137.753,0.0,0.0,1.0,0.046,866831.903571
1805483,IT,WF,GLASS,HEALT,2.0,728118.473,5,5,728115.431,0.0,0.0,3.0,0.042,364059.2365
1655701,IT,DE,CHEMI,CONST,1.74,728029.849,6,6,727991.781,0.0,2.0,36.0,0.068,418407.959195
1746259,IT,JP,CHEM1,MACHI,1.52,728018.894,6,6,728016.815,0.0,1.0,1.0,0.079,478959.798684
1745752,IT,JP,WEARI,ELECT,5.49,727907.172,6,6,727905.034,0.0,1.0,1.0,0.138,132587.827322
1798847,IT,WE,FOOD5,EDUCA,3.5,727824.663,6,6,727820.598,0.0,3.0,1.0,0.065,207949.903714
1770269,IT,AU,HOTEL,BASIC,5.27,727764.068,6,6,727762.013,0.0,1.0,1.0,0.055,138095.648577
1785788,IT,ZA,CHEM1,CATTL,1.52,727707.483,6,6,727705.404,0.0,1.0,1.0,0.079,478754.923026
1769781,IT,AU,MACHI,OFFIC,4.06,727625.665,6,6,727623.605,0.0,1.0,1.0,0.06,179218.144089
1744621,IT,US,RENTI,INSUR,4.35,727553.701,6,6,727551.66,0.0,1.0,1.0,0.041,167253.724368
1755550,IT,KR,CHEM1,NONME,1.52,727439.174,6,6,727437.095,0.0,1.0,1.0,0.079,478578.403947
1656031,IT,DE,BEVER,PIGS9,3.09,727396.986,6,6,727393.939,0.0,2.0,1.0,0.047,235403.55534
1713043,IT,MT,MEAT4,PLAST,4.01,727305.285,6,6,727301.235,0.0,3.0,1.0,0.05,181372.889027
1766810,IT,RU,MACHI,ELEC2,4.06,727288.733,6,6,727286.673,0.0,1.0,1.0,0.06,179135.155911
1788661,IT,WA,COKEO,ANIMA,0.09,727134.674,4,4,727134.67,0.0,0.0,0.0,0.004,8079274.155556
1754551,IT,CA,BUSIN,REALE,7.47,727055.883,6,6,727053.833,0.0,1.0,1.0,0.05,97330.104819
1746285,IT,JP,CHEM1,RETA1,1.52,727051.997,6,6,727049.918,0.0,1.0,1.0,0.079,478323.682237
1741694,IT,US,HEAVY,SEACO,1.17,727003.504,5,5,727002.446,0.0,0.0,1.0,0.058,621370.516239
1736940,IT,GB,VEGET,VEGET,2.57,726880.282,5,5,726877.253,0.0,3.0,0.0,0.029,282832.794553
1713518,IT,MT,GLASS,MEATP,1.99,726565.05,5,5,726562.008,0.0,0.0,3.0,0.042,365108.065327
1712951,IT,MT,VEGET,POSTT,2.57,726520.205,5,5,726517.176,0.0,3.0,0.0,0.029,282692.68677
1766765,IT,RU,MACHI,PAPER,4.05,726476.664,6,6,726474.604,0.0,1.0,1.0,0.06,179376.954074
1745869,IT,JP,LEATH,TRANS,5.2,726341.3,6,6,726335.174,0.0,5.0,1.0,0.126,139681.019231
1812328,IT,WM,BASIC,PLAST,0.84,726094.995,5,5,726093.949,0.0,0.0,1.0,0.046,864398.803571
1772787,IT,CH,NONME,MACHI,1.47,726054.899,5,5,726053.819,0.0,0.0,1.0,0.08,493914.897279
1654820,IT,CZ,SUPPO,SUPPO,5.22,725691.573,6,6,725689.537,0.0,1.0,1.0,0.036,139021.374138
1759802,IT,BR,BUSIN,POSTT,7.45,725508.065,6,6,725506.015,0.0,1.0,1.0,0.05,97383.632886
1749617,IT,CN,CHEM1,FORES,1.52,725499.159,6,6,725497.08,0.0,1.0,1.0,0.079,477302.078289
1804905,IT,WF,BITU1,ELEC2,1.14,725321.586,5,5,725320.528,0.0,0.0,1.0,0.058,636247.005263
1733623,IT,SI,HOTEL,BASIC,5.26,725287.237,6,6,725285.182,0.0,1.0,1.0,0.055,137887.307414
1811870,IT,WM,RUBBE,HEAVY,2.4,725209.903,6,6,725207.837,0.0,1.0,1.0,0.066,302170.792917
1810298,IT,WM,LEATH,HEALT,5.19,725184.413,6,6,725178.288,0.0,5.0,1.0,0.125,139727.247206
1686541,IT,HU,ALUM1,WOODW,1.26,725128.338,6,6,725126.28,0.0,1.0,1.0,0.058,575498.680952
1646696,IT,BE,FURNI,AIRTR,2.31,724901.809,6,6,724897.747,0.0,2.0,2.0,0.062,313810.306926
1772513,IT,CH,RUBBE,BEVER,2.4,724859.446,6,6,724857.38,0.0,1.0,1.0,0.066,302024.769167
1776975,IT,TR,PFERT,VEGET,0.32,724825.562,4,4,724825.446,0.0,0.0,0.0,0.116,2265079.88125
1747626,IT,JP,AIRTR,EDUCA,0.79,724824.183,4,4,724824.16,0.0,0.0,0.0,0.023,917498.965823
1796652,IT,WL,HOTEL,CONST,5.25,724819.43,6,6,724817.375,0.0,1.0,1.0,0.055,138060.84381
1674959,IT,FR,BASIC,WOOD1,0.83,724784.538,5,5,724783.492,0.0,0.0,1.0,0.046,873234.383133
1782373,IT,NO,FABRI,MACHI,2.95,724652.649,6,6,724650.597,0.0,1.0,1.0,0.052,245644.965763
1731603,IT,SI,WEARI,MACHI,5.46,724423.896,6,6,724421.758,0.0,1.0,1.0,0.138,132678.369231
1743683,IT,US,HOTEL,INERT,5.25,724391.412,6,6,724389.357,0.0,1.0,1.0,0.055,137979.316571
1766771,IT,RU,MACHI,GASDI,4.04,724181.766,6,6,724179.707,0.0,1.0,1.0,0.059,179252.912376
1711004,IT,LU,CERAM,RECRE,1.13,724135.076,5,5,724131.037,0.0,0.0,4.0,0.039,640827.500885
1797548,IT,WL,BUSIN,EDUCA,7.44,724025.914,6,6,724023.864,0.0,1.0,1.0,0.05,97315.311022
1722470,IT,PT,DAIRY,HOTEL,2.94,723879.235,6,6,723873.186,0.0,5.0,1.0,0.049,246217.426871
1810879,IT,WM,KEROS,PUBLI,1.08,723835.861,5,5,723834.802,0.0,0.0,1.0,0.059,670218.389815
1665752,IT,ES,PAPER,MOTO1,2.8,723790.865,6,6,723783.794,0.0,6.0,1.0,0.071,258496.7375
1740202,IT,GB,BUSIN,PRINT,7.43,723736.198,6,6,723734.148,0.0,1.0,1.0,0.05,97407.294482
1814139,IT,WM,AIRTR,HOTEL,0.79,723581.484,4,4,723581.461,0.0,0.0,0.0,0.023,915925.929114
1642252,IT,AT,NONME,BRICK,1.46,723564.475,5,5,723563.396,0.0,0.0,1.0,0.079,495592.106164
1675574,IT,FR,MOTO1,NUCLE,3.85,723312.533,6,6,723310.486,0.0,1.0,1.0,0.047,187873.385195
1771599,IT,CH,TEXTI,RESEA,4.29,723311.886,6,6,723309.79,0.0,1.0,1.0,0.096,168604.169231
1745868,IT,JP,LEATH,MOTO1,5.18,723267.392,6,6,723261.267,0.0,5.0,1.0,0.125,139626.909653
1641537,IT,AT,HEAVY,MACHI,1.17,723227.94,5,5,723226.882,0.0,0.0,1.0,0.058,618143.538462
1782020,IT,NO,RUBBE,TRAN2,2.4,723198.804,6,6,723196.738,0.0,1.0,1.0,0.066,301332.835
1811928,IT,WM,RUBBE,FINAN,2.4,723140.826,6,6,723138.76,0.0,1.0,1.0,0.066,301308.6775
1641695,IT,AT,PLAST,PLAST,1.52,723088.085,6,6,723086.011,0.0,1.0,1.0,0.074,475715.845395
1731780,IT,SI,PAPER,PULP5,2.8,722957.516,6,6,722950.445,0.0,6.0,1.0,0.071,258199.112857
1789664,IT,WA,RUBBE,FABRI,2.39,722784.849,6,6,722782.783,0.0,1.0,1.0,0.066,302420.438912
1674137,IT,FR,HEAVY,CEMEN,1.17,722691.997,5,5,722690.939,0.0,0.0,1.0,0.058,617685.467521
1795805,IT,WL,MACHI,ELECT,4.03,722691.696,6,6,722689.637,0.0,1.0,1.0,0.059,179327.964268
1791244,IT,WA,FURNI,AIRTR,2.31,722674.191,6,6,722670.129,0.0,2.0,2.0,0.062,312845.97013
1792280,IT,WA,POSTT,WHOLE,11.9,722604.142,6,6,722602.087,0.0,1.0,1.0,0.055,60723.037143
1738277,IT,GB,NONME,MOTO1,1.46,722563.775,5,5,722562.696,0.0,0.0,1.0,0.079,494906.695205
1758238,IT,BR,BASIC,MEDIC,0.83,722477.53,5,5,722476.484,0.0,0.0,1.0,0.046,870454.855422
1657582,IT,DE,GLASS,TRANS,1.98,722438.064,5,5,722435.023,0.0,0.0,3.0,0.041,364867.709091
1770895,IT,AU,BUSIN,BUSIN,7.42,722427.674,6,6,722425.624,0.0,1.0,1.0,0.05,97362.220216
1777808,IT,TR,FABRI,CHEM1,2.94,722370.957,6,6,722368.905,0.0,1.0,1.0,0.052,245704.407143
1745849,IT,JP,LEATH,RUBBE,5.17,722363.14,6,6,722357.015,0.0,5.0,1.0,0.125,139722.077369
1785752,IT,ZA,PLAST,CHEM1,1.52,722264.854,6,6,722262.781,0.0,1.0,1.0,0.073,475174.246053
1676990,IT,FR,AIRTR,FINAN,0.79,722238.289,4,4,722238.266,0.0,0.0,0.0,0.023,914225.682278
1640736,IT,AT,TEXTI,RUBBE,4.28,722116.628,6,6,722114.532,0.0,1.0,1.0,0.096,168718.838318
1658266,IT,DE,COPP1,PLAST,1.82,722083.561,6,6,722080.524,0.0,1.0,2.0,0.037,396749.209341
1685876,IT,HU,CHEM1,GLASS,1.51,721977.735,6,6,721975.656,0.0,1.0,1.0,0.079,478130.950331
1653947,IT,CZ,MACHI,FORES,4.03,721976.217,6,6,721974.158,0.0,1.0,1.0,0.059,179150.426055
1789698,IT,WA,RUBBE,COMPU,2.39,721899.467,6,6,721897.402,0.0,1.0,1.0,0.065,302049.986192
1774836,IT,CH,POSTT,BUSIN,11.89,721853.277,6,6,721851.222,0.0,1.0,1.0,0.055,60710.956854
1649434,IT,BG,CHEM1,MACHI,1.51,721810.242,6,6,721808.163,0.0,1.0,1.0,0.079,478020.027815
1650320,IT,BG,ELEC2,FOOD5,0.17,721748.913,4,4,721748.837,0.0,0.0,0.0,0.076,4245581.841176
1746809,IT,JP,MACHI,FABRI,4.02,721433.681,6,6,721431.622,0.0,1.0,1.0,0.059,179461.114677
1786099,IT,ZA,NONME,MOTO1,1.46,721425.825,5,5,721424.746,0.0,0.0,1.0,0.079,494127.277397
1803756,IT,WF,TEXTI,PADDY,4.27,721371.791,6,6,721369.695,0.0,1.0,1.0,0.096,168939.529508
1773964,IT,CH,SALEM,CONST,5.82,721322.679,6,6,721320.634,0.0,1.0,1.0,0.045,123938.604639
1739435,IT,GB,LANDT,DAIRY,4.65,721243.863,5,5,721242.829,0.0,0.0,1.0,0.034,155106.207097
1731551,IT,SI,TEXTI,WEARI,4.27,721149.575,6,6,721147.479,0.0,1.0,1.0,0.096,168887.48829
1812011,IT,WM,GLASS,HOTEL,1.98,721070.213,5,5,721067.172,0.0,0.0,3.0,0.041,364176.875253
1785567,IT,ZA,GASDI,VEGET,1.07,721048.812,5,5,721047.753,0.0,0.0,1.0,0.059,673877.394393
1670983,IT,FI,CHEM1,BUSIN,1.51,721040.369,6,6,721038.29,0.0,1.0,1.0,0.079,477510.178146
1777944,IT,TR,MACHI,BASIC,4.02,720949.706,6,6,720947.647,0.0,1.0,1.0,0.059,179340.722886
1659782,IT,DE,LANDT,DAIRY,4.65,720930.229,5,5,720929.195,0.0,0.0,1.0,0.034,155038.758925
1804805,IT,WF,NAPHT,FOUND,1.22,720713.301,5,5,720712.249,0.0,0.0,1.0,0.052,590748.607377
1773783,IT,CH,ELEC2,RETA1,0.17,720695.985,4,4,720695.91,0.0,0.0,0.0,0.075,4239388.147059
1711098,IT,LU,ALUM1,COMPU,1.25,720691.306,6,6,720689.248,0.0,1.0,1.0,0.058,576553.0448
1729060,IT,SE,RUBBE,FABRI,2.39,720612.937,6,6,720610.872,0.0,1.0,1.0,0.065,301511.689121
1744791,IT,US,RESEA,MACHI,3.91,720405.754,6,6,720403.704,0.0,1.0,1.0,0.05,184246.995908
1645859,IT,BE,GLASS,RUBBE,1.98,720381.209,5,5,720378.168,0.0,0.0,3.0,0.041,363828.893434
1730467,IT,SE,POSTT,COMPU,11.86,720195.854,6,6,720193.799,0.0,1.0,1.0,0.055,60724.776897
1791682,IT,WA,HOTEL,RETA1,5.22,720114.111,6,6,720112.057,0.0,1.0,1.0,0.054,137952.894828
1683429,IT,HR,BASIC,RAILW,0.83,719947.529,5,5,719946.483,0.0,0.0,1.0,0.046,867406.661446
1746943,IT,JP,MOTO1,RADIO,3.83,719890.463,6,6,719888.416,0.0,1.0,1.0,0.047,187960.956397
1723081,IT,PT,CHEM1,GLASS,1.5,719876.171,6,6,719874.092,0.0,1.0,1.0,0.079,479917.447333
1805893,IT,WF,ALUM1,BIOG1,1.25,719854.319,6,6,719852.261,0.0,1.0,1.0,0.058,575883.4552
1758362,IT,BR,FABRI,CRUDE,2.93,719845.448,6,6,719843.396,0.0,1.0,1.0,0.052,245681.040273
1734895,IT,SK,PAPER,BUSIN,2.79,719844.116,6,6,719837.045,0.0,6.0,1.0,0.071,258008.643728
1675442,IT,FR,MACHI,PAPE1,4.02,719669.564,6,6,719667.505,0.0,1.0,1.0,0.059,179022.279602
1790787,IT,WA,MACHI,HEAVY,4.01,719549.174,6,6,719547.115,0.0,1.0,1.0,0.059,179438.696758
1741566,IT,US,GASDI,WOODW,1.07,719504.938,5,5,719503.879,0.0,0.0,1.0,0.059,672434.521495
1758626,IT,BR,TRANS,ELECT,4.29,719424.942,6,6,719422.903,0.0,1.0,1.0,0.039,167698.121678
1812516,IT,WM,ALUM1,FOOD5,1.25,719208.928,6,6,719206.87,0.0,1.0,1.0,0.058,575367.1424
1728280,IT,SE,BEVER,PLAST,3.06,719174.246,6,6,719171.2,0.0,2.0,1.0,0.046,235024.263399
1757539,IT,BR,COKEO,RESEA,0.09,719103.189,4,4,719103.185,0.0,0.0,0.0,0.004,7990035.433333
1772725,IT,CH,BRICK,CONST,1.08,719056.656,5,5,719052.61,0.0,0.0,4.0,0.046,665793.2
1674191,IT,FR,LIQUE,NUCLE,1.26,719000.914,5,5,718999.856,0.0,0.0,1.0,0.058,570635.646032
1666607,IT,ES,CHEM1,ELEC5,1.5,718986.809,6,6,718984.731,0.0,1.0,1.0,0.078,479324.539333
1804995,IT,WF,PLAST,VEGE1,1.51,718983.073,6,6,718981.0,0.0,1.0,1.0,0.073,476147.730464
1653005,IT,CZ,PLAST,WOODW,1.51,718915.432,6,6,718913.359,0.0,1.0,1.0,0.073,476102.935099
1674604,IT,FR,RUBBE,REALE,2.38,718863.158,6,6,718861.093,0.0,1.0,1.0,0.065,302043.343697
1743875,IT,US,SEACO,HEAVY,0.73,718770.254,4,4,718770.242,0.0,0.0,0.0,0.012,984616.786301
1720265,IT,PL,FABRI,MEATP,2.92,718642.68,6,6,718640.628,0.0,1.0,1.0,0.052,246110.506849
1757550,IT,BR,MOTOR,NAPHT,1.07,718605.158,5,5,718604.099,0.0,0.0,1.0,0.059,671593.605607
1772804,IT,CH,NONME,RETA1,1.45,718569.132,5,5,718568.053,0.0,0.0,1.0,0.079,495564.918621
1731802,IT,SI,PAPER,MOTO1,2.78,718422.85,6,6,718415.779,0.0,6.0,1.0,0.071,258425.485612
1653457,IT,CZ,NONME,CONST,1.45,718263.864,5,5,718262.785,0.0,0.0,1.0,0.079,495354.388966
1667556,IT,ES,FABRI,SUPPO,2.92,718235.906,6,6,718233.854,0.0,1.0,1.0,0.052,245971.200685
1784629,IT,ID,MACHI,TRAN2,4.01,718179.594,6,6,718177.535,0.0,1.0,1.0,0.059,179097.155611
1674872,IT,FR,NONME,DISTR,1.45,718164.248,5,5,718163.169,0.0,0.0,1.0,0.079,495285.688276
1741883,IT,US,CHEM1,PULP5,1.5,718113.56,6,6,718111.482,0.0,1.0,1.0,0.078,478742.373333
1759718,IT,BR,BUSIN,MEAT1,7.38,718097.993,6,6,718095.943,0.0,1.0,1.0,0.05,97303.251084
1662100,IT,DK,CHEM1,PUBLI,1.5,718077.213,6,6,718075.135,0.0,1.0,1.0,0.078,478718.142
1742120,IT,US,RUBBE,SALEM,2.38,718044.29,6,6,718042.225,0.0,1.0,1.0,0.065,301699.281513
1666807,IT,ES,RUBBE,HEALT,2.38,718021.997,6,6,718019.932,0.0,1.0,1.0,0.065,301689.914706
1746255,IT,JP,CHEM1,COPP1,1.5,717920.524,6,6,717918.446,0.0,1.0,1.0,0.078,478613.682667
1661428,IT,DK,DAIRY,PIGS9,2.92,717880.438,6,6,717874.389,0.0,5.0,1.0,0.049,245849.465068
1675783,IT,FR,FURNI,SUPPO,2.29,717781.231,6,6,717777.169,0.0,2.0,2.0,0.062,313441.58559
1732112,IT,SI,GASDI,CEREA,1.07,717656.593,5,5,717655.535,0.0,0.0,1.0,0.058,670707.096262
1686498,IT,HU,PREC1,FABRI,1.22,717350.353,6,6,717348.32,0.0,1.0,1.0,0.033,587992.092623
1799642,IT,WE,MOTOR,KEROS,1.07,717337.142,5,5,717336.084,0.0,0.0,1.0,0.058,670408.543925
1664419,IT,EE,MACHI,OFFIC,4.0,717191.071,6,6,717189.012,0.0,1.0,1.0,0.059,179297.76775
1749784,IT,CN,ADDIT,FURNI,1.66,717161.682,6,6,717155.626,0.0,5.0,1.0,0.056,432025.109639
1660385,IT,DE,FINAN,MOTO1,9.34,717060.343,4,4,717060.322,0.0,0.0,0.0,0.021,76773.055996
1751477,IT,CN,AIRTR,RAILW,0.78,716813.852,4,4,716813.829,0.0,0.0,0.0,0.023,918992.117949
1718689,IT,PL,WOODW,FURNI,2.01,716766.713,6,6,716760.665,0.0,5.0,1.0,0.048,356600.354726
1648206,IT,BE,BUSIN,FABRI,7.36,716715.849,6,6,716713.8,0.0,1.0,1.0,0.049,97379.870788
1671455,IT,FI,FABRI,BUSIN,2.92,716633.137,6,6,716631.086,0.0,1.0,1.0,0.051,245422.307192
1654727,IT,CZ,TRAN2,WOODW,1.11,716592.834,4,4,716592.814,0.0,0.0,0.0,0.02,645579.12973
1762250,IT,IN,AIRTR,TEXTI,0.78,716586.819,4,4,716586.796,0.0,0.0,0.0,0.023,918701.05
1748744,IT,CN,BEVER,WHOLE,3.05,716535.274,6,6,716532.228,0.0,2.0,1.0,0.046,234929.598033
1772778,IT,CH,NONME,GLASS,1.45,716453.67,5,5,716452.591,0.0,0.0,1.0,0.079,494105.97931
1737988,IT,GB,CHEM1,EDUCA,1.5,716406.795,6,6,716404.717,0.0,1.0,1.0,0.078,477604.53
1770295,IT,AU,HOTEL,DISTR,5.19,716313.995,6,6,716311.941,0.0,1.0,1.0,0.054,138018.11079
1721243,IT,PL,LANDT,PLAST,4.62,716305.505,5,5,716304.471,0.0,0.0,1.0,0.034,155044.481602
1709939,IT,LT,BASIC,FURNI,0.82,716296.65,5,5,716295.605,0.0,0.0,1.0,0.045,873532.5
1725958,IT,RO,CHEM1,MEATP,1.5,716260.28,6,6,716258.202,0.0,1.0,1.0,0.078,477506.853333
1724229,IT,PT,RAILW,OFFIC,4.79,716200.521,5,5,716195.489,0.0,0.0,5.0,0.032,149519.941754
1641784,IT,AT,CHEM1,BIODI,1.5,716125.301,6,6,716123.223,0.0,1.0,1.0,0.078,477416.867333
1813785,IT,WM,HOTEL,HEALT,5.19,716097.381,6,6,716095.327,0.0,1.0,1.0,0.054,137976.373988
1811482,IT,WM,PLAST,RETAI,1.5,716048.937,6,6,716046.864,0.0,1.0,1.0,0.073,477365.958
1728852,IT,SE,PLAST,WHOLE,1.5,716023.448,6,6,716021.375,0.0,1.0,1.0,0.073,477348.965333
1682349,IT,HR,WOODW,TRANS,2.0,715911.272,6,6,715905.224,0.0,5.0,1.0,0.048,357955.636
1735194,IT,SK,RUBBE,FABRI,2.37,715858.862,6,6,715856.797,0.0,1.0,1.0,0.065,302050.152743
1812434,IT,WM,PREC1,LIQUE,1.22,715814.173,6,6,715812.14,0.0,1.0,1.0,0.033,586732.928689
1811756,IT,WM,ADDIT,PFERT,1.66,715753.891,6,6,715747.835,0.0,5.0,1.0,0.056,431177.042771
1755743,IT,KR,GLASS,RADIO,1.96,715681.119,5,5,715678.078,0.0,0.0,3.0,0.041,365143.428061
1810657,IT,WM,MOTOR,NATU1,1.07,715553.369,5,5,715552.311,0.0,0.0,1.0,0.058,668741.466355
1710905,IT,LU,HEAVY,RUBBE,1.16,715385.033,5,5,715383.976,0.0,0.0,1.0,0.057,616711.235345
1728716,IT,SE,MOTOR,LANDT,1.07,715354.41,5,5,715353.352,0.0,0.0,1.0,0.058,668555.523364
1751384,IT,CN,SEACO,BASIC,0.73,715344.265,4,4,715344.253,0.0,0.0,0.0,0.012,979923.650685
1726625,IT,RO,MOTO1,OFFIC,3.81,715306.959,6,6,715304.912,0.0,1.0,1.0,0.047,187744.608661
1743120,IT,US,MOTO1,BASIC,3.81,715235.46,6,6,715233.413,0.0,1.0,1.0,0.047,187725.84252
1719939,IT,PL,PREC1,FURNI,1.21,715140.069,6,6,715138.036,0.0,1.0,1.0,0.033,591024.850413
1714044,IT,MT,HOTEL,HOTEL,5.18,715134.464,6,6,715132.41,0.0,1.0,1.0,0.054,138056.846332
1643421,IT,AT,LANDT,GASDI,4.61,715107.101,5,5,715106.067,0.0,0.0,1.0,0.034,155120.846204
1667832,IT,ES,OFFIC,SUPPO,2.22,715071.835,6,6,715069.783,0.0,1.0,1.0,0.052,322104.43018
1679790,IT,GR,PREC1,FURNI,1.21,715052.267,6,6,715050.234,0.0,1.0,1.0,0.033,590952.286777
1686064,IT,HU,RUBBE,FOOD5,2.37,714924.937,6,6,714922.872,0.0,1.0,1.0,0.065,301656.091561
1715267,IT,NL,PAPER,WOODW,2.77,714922.547,6,6,714915.476,0.0,6.0,1.0,0.071,258094.78231
1742456,IT,US,BASIC,TOBAC,0.82,714914.808,5,5,714913.763,0.0,0.0,1.0,0.045,871847.326829
1772406,IT,CH,CHEM1,PREC1,1.49,714825.884,6,6,714823.806,0.0,1.0,1.0,0.078,479748.915436
1790513,IT,WA,COPP1,WHOLE,1.81,714740.988,6,6,714737.951,0.0,1.0,2.0,0.037,394884.523757
1660562,IT,DE,AUXIL,FINAN,13.07,714727.133,6,6,714725.098,0.0,1.0,1.0,0.035,54684.554935
1785604,IT,ZA,GASDI,RAILW,1.06,714514.884,5,5,714513.826,0.0,0.0,1.0,0.058,674070.645283
1644942,IT,BE,WOODW,PULP5,2.0,714493.708,6,6,714487.66,0.0,5.0,1.0,0.048,357246.854
1776051,IT,TR,TEXTI,WHOLE,4.23,714450.57,6,6,714448.475,0.0,1.0,1.0,0.095,168900.843972
1713833,IT,MT,ELEC1,CERAM,0.1,714420.247,4,4,714420.202,0.0,0.0,0.0,0.045,7144202.47
1803879,IT,WF,WEARI,VEGET,5.38,714086.811,6,6,714084.675,0.0,1.0,1.0,0.136,132729.89052
1727060,IT,RO,RAILW,RAILW,4.78,713886.317,5,5,713881.285,0.0,0.0,5.0,0.032,149348.601883
1799670,IT,WE,MOTOR,COPP1,1.07,713848.368,5,5,713847.31,0.0,0.0,1.0,0.058,667148.007477
1673310,IT,FR,TEXTI,LEATH,4.23,713819.489,6,6,713817.394,0.0,1.0,1.0,0.095,168751.652246
1782162,IT,NO,NONME,PREC1,1.44,713710.614,5,5,713709.536,0.0,0.0,1.0,0.078,495632.370833
1811303,IT,WM,BITU1,BASIC,1.13,713677.082,5,5,713676.025,0.0,0.0,1.0,0.057,631572.638938
1789273,IT,WA,PLAST,PRIVA,1.5,713539.313,6,6,713537.24,0.0,1.0,1.0,0.073,475692.875333
1738195,IT,GB,CERAM,OFFIC,1.11,713491.515,5,5,713487.476,0.0,0.0,4.0,0.039,642785.148649
1756759,IT,KR,AIRTR,RUBBE,0.78,713346.069,4,4,713346.047,0.0,0.0,0.0,0.022,914546.242308
1790945,IT,WA,OFFIC,HEALT,2.21,713337.383,6,6,713335.332,0.0,1.0,1.0,0.051,322777.09638
1661870,IT,DK,PAPER,WHOLE,2.76,713307.495,6,6,713300.425,0.0,6.0,1.0,0.07,258444.744565
1738938,IT,GB,FURNI,EDUCA,2.28,713150.084,6,6,713146.023,0.0,2.0,2.0,0.061,312785.124561
1800180,IT,WE,PLAST,CATTL,1.5,713119.494,6,6,713117.421,0.0,1.0,1.0,0.073,475412.996
1738918,IT,GB,FURNI,CONST,2.28,712933.188,6,6,712929.127,0.0,2.0,2.0,0.061,312689.994737
1766136,IT,RU,RUBBE,TRANS,2.36,712794.834,6,6,712792.769,0.0,1.0,1.0,0.065,302031.709322
1804235,IT,WF,COKEO,RUBBE,0.09,712597.11,4,4,712597.106,0.0,0.0,0.0,0.004,7917745.666667
1727020,IT,RO,HOTEL,FOOD4,5.16,712499.619,6,6,712497.565,0.0,1.0,1.0,0.054,138081.321512
1745848,IT,JP,LEATH,CHEM1,5.1,712183.825,6,6,712177.702,0.0,5.0,1.0,0.123,139643.887255
1761764,IT,IN,MACHI,COPP1,3.97,712120.489,6,6,712118.43,0.0,1.0,1.0,0.059,179375.438035
1793861,IT,WL,TEXTI,FURNI,4.22,712080.735,6,6,712078.64,0.0,1.0,1.0,0.095,168739.510664
1666257,IT,ES,HEAVY,WHOLE,1.15,712026.884,5,5,712025.827,0.0,0.0,1.0,0.057,619153.812174
1745755,IT,JP,WEARI,MOTO1,5.36,711685.704,6,6,711683.569,0.0,1.0,1.0,0.135,132777.183582
1801681,IT,WE,FURNI,WHOLE,2.27,711573.094,6,6,711569.033,0.0,2.0,2.0,0.061,313468.323348
1722765,IT,PT,PAPER,MOTOR,2.76,711510.057,6,6,711502.987,0.0,6.0,1.0,0.07,257793.498913
1813037,IT,WM,OFFIC,CRUDE,2.2,711392.102,6,6,711390.051,0.0,1.0,1.0,0.051,323360.046364
1668752,IT,ES,LANDT,TRANS,4.59,711234.022,5,5,711232.988,0.0,0.0,1.0,0.034,154952.945969
1800693,IT,WE,BRICK,CONST,1.07,711193.575,5,5,711189.529,0.0,0.0,4.0,0.046,664666.892523
1743033,IT,US,OFFIC,RETA1,2.2,711033.952,6,6,711031.901,0.0,1.0,1.0,0.051,323197.250909
1673897,IT,FR,COKEO,MOTO1,0.09,710861.134,4,4,710861.13,0.0,0.0,0.0,0.004,7898457.044444
1799719,IT,WE,MOTOR,PRIVA,1.06,710777.822,5,5,710776.764,0.0,0.0,1.0,0.058,670545.115094
1737078,IT,GB,CHEMI,LEAD1,1.69,710668.922,6,6,710631.855,0.0,2.0,35.0,0.067,420514.15503
1804068,IT,WF,WOODW,PUBLI,1.99,710569.467,6,6,710563.419,0.0,5.0,1.0,0.048,357070.08392
1725963,IT,RO,CHEM1,FOOD5,1.48,710372.343,6,6,710370.265,0.0,1.0,1.0,0.078,479981.312838
1676837,IT,FR,LANDT,RAILW,4.58,710354.574,5,5,710353.54,0.0,0.0,1.0,0.034,155099.251965
1683529,IT,HR,ALUM1,ALUM1,1.23,710236.804,6,6,710234.747,0.0,1.0,1.0,0.057,577428.295935
1811490,IT,WM,PLAST,INLAN,1.49,710201.441,6,6,710199.369,0.0,1.0,1.0,0.072,476645.262416
1740794,IT,US,VEGE1,MEAT1,2.18,710157.006,6,6,710151.852,0.0,4.0,1.0,0.154,325760.094495
1770277,IT,AU,HOTEL,MACHI,5.15,710111.617,6,6,710109.563,0.0,1.0,1.0,0.054,137885.750874
1677107,IT,FR,SUPPO,PUBLI,5.1,710080.731,6,6,710078.696,0.0,1.0,1.0,0.035,139231.515882
1759307,IT,BR,POSTT,FINAN,11.69,710060.836,6,6,710058.782,0.0,1.0,1.0,0.054,60740.87562
1747489,IT,JP,SEACO,OFFIC,0.72,709684.998,4,4,709684.986,0.0,0.0,0.0,0.012,985673.608333
1767122,IT,RU,FURNI,BUSIN,2.27,709569.752,6,6,709565.691,0.0,2.0,2.0,0.061,312585.793833
1787276,IT,WA,VEGET,HOTEL,2.51,709562.406,5,5,709559.378,0.0,3.0,0.0,0.028,282694.185657
1677060,IT,FR,SUPPO,RUBBE,5.1,709465.936,6,6,709463.901,0.0,1.0,1.0,0.035,139110.967843
1761601,IT,IN,NONF1,ELEC3,0.16,709411.195,4,4,709411.191,0.0,0.0,0.0,0.004,4433819.96875
1713808,IT,MT,FURNI,FURNI,2.26,709158.31,6,6,709154.249,0.0,2.0,2.0,0.061,313786.862832
1751370,IT,CN,SEACO,WOODW,0.72,709034.527,4,4,709034.515,0.0,0.0,0.0,0.012,984770.176389
1732694,IT,SI,CERAM,HOTEL,1.1,708958.158,5,5,708954.12,0.0,0.0,4.0,0.038,644507.416364
1761513,IT,IN,ALUM1,OFFIC,1.23,708940.856,6,6,708938.799,0.0,1.0,1.0,0.057,576374.679675
1763534,IT,MX,CHEM1,TEXTI,1.48,708877.862,6,6,708875.785,0.0,1.0,1.0,0.077,478971.528378
1812009,IT,WM,GLASS,WHOLE,1.95,708788.657,5,5,708785.616,0.0,0.0,3.0,0.041,363481.362564
1782116,IT,NO,CERAM,SALEM,1.1,708734.848,5,5,708730.81,0.0,0.0,4.0,0.038,644304.407273
1666449,IT,ES,NONSP,GASDI,0.93,708515.897,5,5,708514.859,0.0,0.0,1.0,0.038,761845.050538
1738513,IT,GB,NONF1,COPP1,0.15,708498.25,4,4,708498.246,0.0,0.0,0.0,0.004,4723321.666667
1684824,IT,HU,FISHF,CONST,1.22,708365.284,4,4,708365.259,0.0,0.0,0.0,0.025,580627.281967
1643405,IT,AT,LANDT,FOOD5,4.57,708328.666,5,5,708327.633,0.0,0.0,1.0,0.033,154995.331729
1652996,IT,CZ,PLAST,MEAT1,1.49,708315.838,6,6,708313.766,0.0,1.0,1.0,0.072,475379.757047
1801299,IT,WE,MACHI,DAIRY,3.95,708304.575,6,6,708302.517,0.0,1.0,1.0,0.058,179317.613924
1783898,IT,NO,WOOD2,WASTE,3.84,708252.017,6,6,708249.971,0.0,1.0,1.0,0.046,184440.629427
1720181,IT,PL,COPP1,MOTO1,1.79,708185.885,6,6,708182.848,0.0,1.0,2.0,0.037,395634.572626
1719285,IT,PL,CHEM1,FURNI,1.48,708185.28,6,6,708183.203,0.0,1.0,1.0,0.077,478503.567568
1689338,IT,IE,RETA1,CHEM1,7.39,708170.448,6,6,708168.402,0.0,1.0,1.0,0.046,95828.206766
1728923,IT,SE,CHEM1,OFFIC,1.48,708102.664,6,6,708100.587,0.0,1.0,1.0,0.077,478447.745946
1718267,IT,PL,FOOD5,BEVER,3.4,708101.248,6,6,708097.185,0.0,3.0,1.0,0.063,208265.072941
1769198,IT,AU,CHEM1,REALE,1.48,707914.282,6,6,707912.205,0.0,1.0,1.0,0.077,478320.460811
1783985,IT,ID,FOOD5,POULT,3.4,707875.973,6,6,707871.91,0.0,3.0,1.0,0.063,208198.815588
1760676,IT,IN,PAPER,PRINT,2.74,707856.713,6,6,707849.643,0.0,6.0,1.0,0.07,258341.866058
1804876,IT,WF,BITU1,KEROS,1.12,707815.252,5,5,707814.196,0.0,0.0,1.0,0.056,631977.903571
1795213,IT,WL,GLASS,COPP1,1.94,707812.158,5,5,707809.117,0.0,0.0,3.0,0.041,364851.627835
1800259,IT,WE,PLAST,OFFIC,1.49,707784.73,6,6,707782.658,0.0,1.0,1.0,0.072,475023.308725
1812886,IT,WM,FABRI,INSUR,2.88,707775.566,6,6,707773.515,0.0,1.0,1.0,0.051,245755.404861
1671432,IT,FI,FABRI,FURNI,2.88,707657.946,6,6,707655.895,0.0,1.0,1.0,0.051,245714.564583
1812488,IT,WM,PREC1,PUBLI,1.2,707647.291,6,6,707645.258,0.0,1.0,1.0,0.033,589706.075833
1643625,IT,AT,AIRTR,MACHI,0.77,707633.107,4,4,707633.085,0.0,0.0,0.0,0.022,919004.035065
1658487,IT,DE,FABRI,POSTT,2.88,707508.94,6,6,707506.889,0.0,1.0,1.0,0.051,245662.826389
1685523,IT,HU,PAPER,RUBBE,2.74,707506.663,6,6,707499.593,0.0,6.0,1.0,0.07,258214.110584
1658153,IT,DE,ALUM1,ELEC1,1.23,707270.648,6,6,707268.591,0.0,1.0,1.0,0.057,575016.786992
1814615,IT,WM,PUBLI,PFERT,11.58,707199.148,6,6,707197.098,0.0,1.0,1.0,0.05,61070.738169
1665490,IT,ES,WEARI,MACHI,5.33,707190.268,6,6,707188.134,0.0,1.0,1.0,0.134,132681.100938
1812900,IT,WM,FABRI,RECRE,2.88,707147.528,6,6,707145.477,0.0,1.0,1.0,0.051,245537.336111
1785530,IT,ZA,MOTOR,PUBLI,1.06,707083.167,5,5,707082.109,0.0,0.0,1.0,0.058,667059.591509
1805202,IT,WF,CHEM1,PRINT,1.48,706992.186,6,6,706990.109,0.0,1.0,1.0,0.077,477697.422973
1675292,IT,FR,FABRI,TRAN2,2.88,706927.087,6,6,706925.036,0.0,1.0,1.0,0.051,245460.794097
1678709,IT,GR,DAIRY,DAIRY,2.87,706650.765,6,6,706644.717,0.0,5.0,1.0,0.048,246219.778746
1669837,IT,ES,BUSIN,HEALT,7.26,706614.455,6,6,706612.406,0.0,1.0,1.0,0.049,97329.814738
1748052,IT,JP,BUSIN,MACHI,7.26,706504.826,6,6,706502.777,0.0,1.0,1.0,0.049,97314.714325
1672909,IT,FR,VEGE1,BUSIN,2.17,706485.688,6,6,706480.534,0.0,4.0,1.0,0.154,325569.441475
1682415,IT,HR,PAPER,PRINT,2.74,706473.777,6,6,706466.707,0.0,6.0,1.0,0.07,257837.144891
1733834,IT,SI,TRAN2,GLASS,1.09,706401.406,4,4,706401.387,0.0,0.0,0.0,0.019,648074.684404
1676555,IT,FR,HOTEL,TEXTI,5.12,706236.312,6,6,706234.259,0.0,1.0,1.0,0.053,137936.779688
1721107,IT,PL,HOTEL,RECRE,5.12,706235.9,6,6,706233.847,0.0,1.0,1.0,0.053,137936.699219
1668578,IT,ES,HOTEL,PUBLI,5.12,706138.917,6,6,706136.864,0.0,1.0,1.0,0.053,137917.757227
1813989,IT,WM,SEACO,LIQUE,0.72,706071.303,4,4,706071.291,0.0,0.0,0.0,0.012,980654.5875
1777940,IT,TR,MACHI,CERAM,3.94,705783.567,6,6,705781.509,0.0,1.0,1.0,0.058,179132.885025
1749778,IT,CN,ADDIT,OFFIC,1.63,705622.554,6,6,705616.499,0.0,5.0,1.0,0.055,432897.272393
1650322,IT,BG,ELEC2,TOBAC,0.17,705569.303,4,4,705569.229,0.0,0.0,0.0,0.074,4150407.664706
1653909,IT,CZ,FABRI,REALE,2.87,705563.334,6,6,705561.283,0.0,1.0,1.0,0.051,245840.882927
1723911,IT,PT,FURNI,HOTEL,2.25,705560.695,6,6,705556.634,0.0,2.0,2.0,0.061,313582.531111
1640957,IT,AT,WOODW,RUBBE,1.97,705465.232,6,6,705460.184,0.0,4.0,1.0,0.048,358104.17868
1788267,IT,WA,LEATH,LIQUE,5.05,705423.99,6,6,705417.868,0.0,5.0,1.0,0.122,139687.918812
1810198,IT,WM,WEARI,93197,5.32,705357.936,6,6,705355.802,0.0,1.0,1.0,0.134,132586.078195
1776423,IT,TR,COKEO,FOOD5,0.09,705237.876,4,4,705237.872,0.0,0.0,0.0,0.004,7835976.4
1666920,IT,ES,GLASS,HEALT,1.94,705048.107,5,5,705045.067,0.0,0.0,3.0,0.04,363426.859278
1794400,IT,WL,KEROS,SUPPO,1.05,704985.635,5,5,704984.578,0.0,0.0,1.0,0.057,671414.890476
1661603,IT,DK,BEVER,HEALT,3.0,704914.21,6,6,704911.165,0.0,2.0,1.0,0.045,234971.403333
1772985,IT,CH,PREC1,RESEA,1.2,704910.32,6,6,704908.288,0.0,1.0,1.0,0.032,587425.266667
1785506,IT,ZA,MOTOR,CHEM1,1.05,704842.627,5,5,704841.57,0.0,0.0,1.0,0.057,671278.692381
1668745,IT,ES,LANDT,FABRI,4.55,704640.553,5,5,704639.52,0.0,0.0,1.0,0.033,154866.055604
1728208,IT,SE,FOOD5,FOOD5,3.38,704572.461,6,6,704568.398,0.0,3.0,1.0,0.063,208453.390828
1776781,IT,TR,NAPHT,SANDC,1.2,704505.287,5,5,704504.237,0.0,0.0,1.0,0.05,587087.739167
1729655,IT,SE,FABRI,OFFIC,2.87,704445.869,6,6,704443.818,0.0,1.0,1.0,0.051,245451.5223
1713806,IT,MT,FURNI,MOTO1,2.25,704395.551,6,6,704391.49,0.0,2.0,2.0,0.061,313064.689333
1715848,IT,NL,RUBBE,ELECT,2.33,704367.96,6,6,704365.896,0.0,1.0,1.0,0.064,302303.845494
1722158,IT,PL,BUSIN,REALE,7.23,704278.493,6,6,704276.444,0.0,1.0,1.0,0.049,97410.579945
1742635,IT,US,COPP1,WOODW,1.78,704192.655,6,6,704189.619,0.0,1.0,2.0,0.036,395613.851124
1761657,IT,IN,FABRI,NONME,2.87,704069.219,6,6,704067.168,0.0,1.0,1.0,0.051,245320.285366
1742973,IT,US,MACHI,INTER,3.93,704025.057,6,6,704022.999,0.0,1.0,1.0,0.058,179141.235878
1730451,IT,SE,POSTT,WHOLE,11.59,703943.809,6,6,703941.755,0.0,1.0,1.0,0.054,60737.170751
1785948,IT,ZA,RUBBE,RUBBE,2.33,703942.524,6,6,703940.46,0.0,1.0,1.0,0.064,302121.254936
1649752,IT,BG,BASIC,ALUM1,0.81,703933.852,5,5,703932.807,0.0,0.0,1.0,0.045,869054.138272
1769202,IT,AU,CHEM1,BUSIN,1.47,703905.006,6,6,703902.929,0.0,1.0,1.0,0.077,478846.942857
1781342,IT,NO,DAIRY,MEATP,2.86,703737.955,6,6,703731.907,0.0,5.0,1.0,0.048,246062.222028
1747631,IT,JP,AIRTR,RECRE,0.77,703690.292,4,4,703690.27,0.0,0.0,0.0,0.022,913883.496104
1641244,IT,AT,MOTOR,MEATP,1.05,703667.777,5,5,703666.72,0.0,0.0,1.0,0.057,670159.787619
1682940,IT,HR,PLAST,CEREA,1.48,703614.34,6,6,703612.268,0.0,1.0,1.0,0.072,475415.094595
1786146,IT,ZA,BASIC,MOTO1,0.81,703563.295,5,5,703562.251,0.0,0.0,1.0,0.044,868596.660494
1756232,IT,KR,MACHI,RAILW,3.93,703557.716,6,6,703555.658,0.0,1.0,1.0,0.058,179022.319593
1728936,IT,SE,CHEM1,TRAN1,1.47,703507.435,6,6,703505.358,0.0,1.0,1.0,0.077,478576.486395
1811138,IT,WM,NAPHT,LEATH,1.19,703175.777,5,5,703174.727,0.0,0.0,1.0,0.05,590904.014286
1681847,IT,HR,VEGE1,CHEM1,2.16,703147.878,6,6,703142.725,0.0,4.0,1.0,0.153,325531.425
1766278,IT,RU,CERAM,DIST1,1.1,703116.927,5,5,703112.889,0.0,0.0,4.0,0.038,639197.206364
1770191,IT,AU,HOTEL,WHEAT,5.1,702967.83,6,6,702965.777,0.0,1.0,1.0,0.053,137836.829412
1764759,IT,MX,HOTEL,AIRTR,5.09,702938.612,6,6,702936.559,0.0,1.0,1.0,0.053,138101.888409
1799999,IT,WE,HEAVY,FOUND,1.14,702746.284,5,5,702745.228,0.0,0.0,1.0,0.056,616444.108772
1743803,IT,US,LANDT,CONST,4.53,702693.915,5,5,702692.882,0.0,0.0,1.0,0.033,155120.069536
1801296,IT,WE,MACHI,MEAT1,3.92,702648.095,6,6,702646.037,0.0,1.0,1.0,0.058,179246.96301
1735068,IT,SK,CHEM1,PULP5,1.47,702633.322,6,6,702631.245,0.0,1.0,1.0,0.077,477981.851701
1774489,IT,CH,LANDT,OFFIC,4.53,702394.739,5,5,702393.706,0.0,0.0,1.0,0.033,155054.026269
1776883,IT,TR,PLAST,PRECI,1.47,702366.834,6,6,702364.763,0.0,1.0,1.0,0.071,477800.567347
1641946,IT,AT,RUBBE,MEATC,2.33,702283.333,6,6,702281.269,0.0,1.0,1.0,0.064,301409.155794
1735443,IT,SK,BASIC,LEAD1,0.81,702209.521,5,5,702208.477,0.0,0.0,1.0,0.044,866925.334568
1671225,IT,FI,BASIC,LEADZ,0.81,702137.124,5,5,702136.08,0.0,0.0,1.0,0.044,866835.955556
1758904,IT,BR,HOTEL,FINAN,5.09,702117.595,6,6,702115.542,0.0,1.0,1.0,0.053,137940.588409
1681035,IT,GR,AIRTR,HOTEL,0.76,702037.99,4,4,702037.968,0.0,0.0,0.0,0.022,923734.197368
1812351,IT,WM,BASIC,MEDIC,0.81,702015.41,5,5,702014.366,0.0,0.0,1.0,0.044,866685.691358
1761239,IT,IN,RUBBE,BEVER,2.33,701944.499,6,6,701942.435,0.0,1.0,1.0,0.064,301263.733476
1811349,IT,WM,BITU1,93197,1.11,701927.853,5,5,701926.797,0.0,0.0,1.0,0.056,632367.435135
1722766,IT,PT,PAPER,KEROS,2.72,701736.089,6,6,701729.02,0.0,6.0,1.0,0.069,257991.209191
1658460,IT,DE,FABRI,ELEC5,2.86,701689.099,6,6,701687.049,0.0,1.0,1.0,0.05,245345.838811
1663186,IT,DK,LANDT,CONST,4.53,701643.028,5,5,701641.995,0.0,0.0,1.0,0.033,154888.085651
1740192,IT,GB,BUSIN,FOOD5,7.21,701617.739,6,6,701615.691,0.0,1.0,1.0,0.048,97311.752982
1730829,IT,SE,BUSIN,PUBLI,7.2,701512.079,6,6,701510.031,0.0,1.0,1.0,0.048,97432.233194
1658445,IT,DE,FABRI,FOUND,2.85,701491.45,6,6,701489.4,0.0,1.0,1.0,0.05,246137.350877
1660803,IT,DE,COMPU,CHEM1,8.01,701472.689,6,6,701470.645,0.0,1.0,1.0,0.044,87574.617853
1730664,IT,SE,RENTI,BUSIN,4.19,701431.132,6,6,701429.093,0.0,1.0,1.0,0.039,167405.998091
1648542,IT,BG,CRUDE,BEVER,1.38,701394.014,5,5,701392.954,0.0,0.0,1.0,0.06,508256.531884
1690141,IT,IE,COMPU,REALE,8.01,701050.393,6,6,701048.349,0.0,1.0,1.0,0.044,87521.896754
1812023,IT,WM,GLASS,BUSIN,1.92,700962.501,5,5,700959.461,0.0,0.0,3.0,0.04,365084.635938
1810375,IT,WM,WOODW,POSTT,1.96,700939.324,6,6,700934.277,0.0,4.0,1.0,0.047,357622.104082
1779672,IT,TR,RESEA,RADIO,3.8,700917.964,6,6,700915.915,0.0,1.0,1.0,0.049,184452.095789
1737355,IT,GB,BEVER,REALE,2.98,700903.83,6,6,700900.785,0.0,2.0,1.0,0.045,235202.627517
1758336,IT,BR,NONF1,BASIC,0.15,700894.127,4,4,700894.123,0.0,0.0,0.0,0.004,4672627.513333
1726421,IT,RO,FABRI,BEVER,2.85,700876.13,6,6,700874.08,0.0,1.0,1.0,0.05,245921.449123
1758164,IT,BR,NONME,NONME,1.42,700603.813,5,5,700602.736,0.0,0.0,1.0,0.077,493382.966901
1671316,IT,FI,ALUM1,ALUM1,1.22,700574.169,6,6,700572.113,0.0,1.0,1.0,0.056,574241.122131
1770192,IT,AU,HOTEL,CEREA,5.08,700442.829,6,6,700440.776,0.0,1.0,1.0,0.053,137882.446654
1742330,IT,US,CEMEN,HEALT,1.12,700195.035,5,5,700191.003,0.0,0.0,4.0,0.032,625174.138393
1737848,IT,GB,PLAST,PAPER,1.47,700064.661,6,6,700062.59,0.0,1.0,1.0,0.071,476234.463265
1748079,IT,JP,BUSIN,WHOLE,7.19,699938.168,6,6,699936.12,0.0,1.0,1.0,0.048,97348.841168
1773720,IT,CH,FURNI,EDUCA,2.23,699934.766,6,6,699930.706,0.0,2.0,2.0,0.06,313872.092377
1672925,IT,FR,DAIRY,POULT,2.84,699827.463,6,6,699821.416,0.0,5.0,1.0,0.047,246418.120775
1790655,IT,WA,FABRI,PFERT,2.85,699791.523,6,6,699789.473,0.0,1.0,1.0,0.05,245540.885263
1772577,IT,CH,RUBBE,POSTT,2.32,699568.158,6,6,699566.095,0.0,1.0,1.0,0.063,301537.999138
1764082,IT,MX,FABRI,BEVER,2.85,699537.587,6,6,699535.537,0.0,1.0,1.0,0.05,245451.784912
1718306,IT,PL,FOOD5,WHOLE,3.36,699491.167,6,6,699487.104,0.0,3.0,1.0,0.063,208181.89494
1814127,IT,WM,AIRTR,ELEC2,0.76,699402.631,4,4,699402.609,0.0,0.0,0.0,0.022,920266.619737
1743336,IT,US,CONST,FOOD3,3.91,699399.21,6,6,699395.173,0.0,1.0,3.0,0.037,178874.478261
1721834,IT,PL,REALE,BASIC,29.55,699332.914,6,6,699329.868,0.0,1.0,2.0,0.046,23666.08846
1793379,IT,WL,VEGET,HOTEL,2.48,699314.301,5,5,699311.274,0.0,3.0,0.0,0.027,281981.572984
1646244,IT,BE,LEAD1,BASIC,1.22,699086.11,6,6,699081.051,0.0,2.0,3.0,0.059,573021.401639
1771914,IT,CH,PAPER,BEVER,2.71,699083.843,6,6,699076.774,0.0,6.0,1.0,0.069,257964.517712
1686338,IT,HU,NONME,MOTO1,1.41,698873.05,5,5,698871.973,0.0,0.0,1.0,0.077,495654.64539
1676854,IT,FR,LANDT,EDUCA,4.51,698859.601,5,5,698858.568,0.0,0.0,1.0,0.033,154957.782927
1766798,IT,RU,MACHI,FOUND,3.9,698651.204,6,6,698649.147,0.0,1.0,1.0,0.057,179141.334359
1741478,IT,US,MOTOR,INSUR,1.04,698346.221,5,5,698345.164,0.0,0.0,1.0,0.057,671486.750962
1806306,IT,WF,MACHI,RECRE,3.9,698198.93,6,6,698196.873,0.0,1.0,1.0,0.057,179025.366667
1675559,IT,FR,MOTO1,BEVER,3.72,698120.807,6,6,698118.762,0.0,1.0,1.0,0.045,187666.883602
1658832,IT,DE,MOTO1,CONST,3.72,698090.36,6,6,698088.315,0.0,1.0,1.0,0.045,187658.698925
1641279,IT,AT,MOTOR,CONST,1.04,698041.468,5,5,698040.411,0.0,0.0,1.0,0.057,671193.719231
1737588,IT,GB,PAPER,BEVER,2.7,697981.615,6,6,697974.546,0.0,6.0,1.0,0.069,258511.709259
1646314,IT,BE,NONF1,ALUM1,0.15,697979.505,4,4,697979.501,0.0,0.0,0.0,0.004,4653196.7
1713190,IT,MT,WEARI,MOTO1,5.26,697977.842,6,6,697975.709,0.0,1.0,1.0,0.133,132695.407224
1788302,IT,WA,LEATH,RADIO,5.0,697970.266,6,6,697964.145,0.0,5.0,1.0,0.121,139594.0532
1730791,IT,SE,BUSIN,MACHI,7.17,697828.989,6,6,697826.941,0.0,1.0,1.0,0.048,97326.218828
1660925,IT,DE,BUSIN,BEVER,7.17,697777.533,6,6,697775.485,0.0,1.0,1.0,0.048,97319.042259
1742103,IT,US,RUBBE,OFFIC,2.31,697742.699,6,6,697740.636,0.0,1.0,1.0,0.063,302053.11645
1647849,IT,BE,AUXIL,AUXIL,12.76,697644.945,6,6,697642.911,0.0,1.0,1.0,0.034,54674.36873
1795143,IT,WL,RUBBE,COPP1,2.31,697617.275,6,6,697615.212,0.0,1.0,1.0,0.063,301998.820346
1656137,IT,DE,FISH5,HOTEL,2.93,697555.286,6,6,697551.927,0.0,2.0,1.0,0.359,238073.476451
1713137,IT,MT,BEVER,POSTT,2.97,697494.654,6,6,697491.609,0.0,2.0,1.0,0.045,234846.684848
1748483,IT,CN,STONE,ELEC5,2.26,697462.982,5,5,697423.95,0.0,0.0,39.0,0.032,308611.938938
1673585,IT,FR,WOODW,BEVER,1.95,697444.479,6,6,697439.432,0.0,4.0,1.0,0.047,357663.835385
1739476,IT,GB,LANDT,BASIC,4.5,697428.125,5,5,697427.092,0.0,0.0,1.0,0.033,154984.027778
1720038,IT,PL,ALUM1,FOUND,1.21,697340.977,6,6,697338.921,0.0,1.0,1.0,0.056,576314.857025
1738657,IT,GB,MACHI,BEVER,3.89,697334.485,6,6,697332.428,0.0,1.0,1.0,0.057,179263.363753
1795713,IT,WL,FABRI,93197,2.84,697251.485,6,6,697249.435,0.0,1.0,1.0,0.05,245511.086268
1755480,IT,KR,PLAST,RADIO,1.46,697063.17,6,6,697061.099,0.0,1.0,1.0,0.071,477440.527397
1743767,IT,US,LANDT,CHEM1,4.5,696969.857,5,5,696968.824,0.0,0.0,1.0,0.033,154882.190444
1804327,IT,WF,MOTOR,FURNI,1.04,696954.127,5,5,696953.07,0.0,0.0,1.0,0.057,670148.199038
1804276,IT,WF,MOTOR,MEAT4,1.04,696945.591,5,5,696944.534,0.0,0.0,1.0,0.057,670139.991346
1773371,IT,CH,MACHI,FINAN,3.89,696939.617,6,6,696937.56,0.0,1.0,1.0,0.057,179161.85527
1735163,IT,SK,RUBBE,FOOD5,2.31,696898.149,6,6,696896.086,0.0,1.0,1.0,0.063,301687.51039
1753095,IT,CA,RUBBE,WOODW,2.31,696855.585,6,6,696853.522,0.0,1.0,1.0,0.063,301669.084416
1660054,IT,DE,AIRTR,KEROS,0.76,696756.757,4,4,696756.735,0.0,0.0,0.0,0.022,916785.206579
1812985,IT,WM,MACHI,MACHI,3.89,696577.943,6,6,696575.886,0.0,1.0,1.0,0.057,179068.879949
1743938,IT,US,SEACO,MEMBE,0.71,696483.437,4,4,696483.425,0.0,0.0,0.0,0.012,980962.587324
1777976,IT,TR,MACHI,RETA1,3.88,696351.417,6,6,696349.36,0.0,1.0,1.0,0.057,179472.014691
1642677,IT,AT,FABRI,PUBLI,2.83,696123.095,6,6,696121.045,0.0,1.0,1.0,0.05,245979.892226
1646938,IT,BE,WHOLE,RETA1,6.02,696077.603,6,6,696075.563,0.0,1.0,1.0,0.04,115627.508804
1801530,IT,WE,MOTO1,RESEA,3.7,696068.334,6,6,696066.289,0.0,1.0,1.0,0.045,188126.576757
1653956,IT,CZ,MACHI,SANDC,3.88,695961.684,6,6,695959.627,0.0,1.0,1.0,0.057,179371.568041
1784633,IT,ID,MACHI,SUPPO,3.88,695887.86,6,6,695885.803,0.0,1.0,1.0,0.057,179352.541237
1659674,IT,DE,HOTEL,MEMBE,5.04,695814.579,6,6,695812.527,0.0,1.0,1.0,0.052,138058.448214
1740973,IT,US,BEVER,FOOD5,2.96,695720.204,6,6,695717.159,0.0,2.0,1.0,0.045,235040.609459
1795728,IT,WL,MACHI,RAWMI,3.88,695705.163,6,6,695703.106,0.0,1.0,1.0,0.057,179305.454381
1737534,IT,GB,WOODW,WHOLE,1.95,695589.244,6,6,695584.197,0.0,4.0,1.0,0.047,356712.432821
1813767,IT,WM,HOTEL,WHOLE,5.04,695573.98,6,6,695571.928,0.0,1.0,1.0,0.052,138010.710317
1800986,IT,WE,ALUM1,TRANS,1.21,695569.06,6,6,695567.004,0.0,1.0,1.0,0.056,574850.46281
1789147,IT,WA,PLAST,FISHF,1.46,695516.187,6,6,695514.116,0.0,1.0,1.0,0.071,476380.95
1729576,IT,SE,COPP1,BUSIN,1.76,695463.836,6,6,695460.8,0.0,1.0,2.0,0.036,395149.906818
1742258,IT,US,CERAM,COMPU,1.08,695461.252,5,5,695457.214,0.0,0.0,4.0,0.038,643945.603704
1729712,IT,SE,MACHI,FORES,3.88,695447.515,6,6,695445.458,0.0,1.0,1.0,0.057,179239.050258
1807205,IT,WF,AIRTR,REALE,0.76,695422.046,4,4,695422.024,0.0,0.0,0.0,0.022,915029.007895
1741921,IT,US,CHEM1,COPP1,1.45,695291.364,6,6,695289.288,0.0,1.0,1.0,0.076,479511.285517
1679422,IT,GR,CHEM1,CEREA,1.45,695232.998,6,6,695230.922,0.0,1.0,1.0,0.076,479471.033103
1800283,IT,WE,PLAST,RAILW,1.46,695211.992,6,6,695209.921,0.0,1.0,1.0,0.071,476172.59726
1738317,IT,GB,BASIC,ALUM1,0.8,694854.611,5,5,694853.567,0.0,0.0,1.0,0.044,868568.26375
1678765,IT,GR,FOOD5,PIGS9,3.34,694846.945,6,6,694842.883,0.0,3.0,1.0,0.062,208038.007485
1812429,IT,WM,PREC1,MOTOR,1.18,694639.737,6,6,694637.705,0.0,1.0,1.0,0.032,588677.74322
1683430,IT,HR,BASIC,LANDT,0.8,694614.134,5,5,694613.09,0.0,0.0,1.0,0.044,868267.6675
1795146,IT,WL,RUBBE,FABRI,2.3,694590.468,6,6,694588.405,0.0,1.0,1.0,0.063,301995.855652
1812059,IT,WM,CERAM,LIQUE,1.08,694584.764,5,5,694580.726,0.0,0.0,4.0,0.038,643134.040741
1664896,IT,ES,CRUDE,KERO1,1.37,694515.183,5,5,694514.123,0.0,0.0,1.0,0.06,506945.389051
1711117,IT,LU,LEAD1,RETA1,1.21,694475.193,6,6,694470.134,0.0,2.0,3.0,0.059,573946.440496
1738156,IT,GB,GLASS,OFFIC,1.91,694441.004,5,5,694437.964,0.0,0.0,3.0,0.04,363581.677487
1674370,IT,FR,CHEM1,FOUND,1.45,694207.3,6,6,694205.224,0.0,1.0,1.0,0.076,478763.655172
1663263,IT,DK,SEACO,MACHI,0.71,694194.98,4,4,694194.968,0.0,0.0,0.0,0.012,977739.408451
1741892,IT,US,CHEM1,HEAVY,1.45,694182.456,6,6,694180.38,0.0,1.0,1.0,0.076,478746.521379
1788331,IT,WA,LEATH,SUPPO,4.97,694107.144,6,6,694101.024,0.0,5.0,1.0,0.12,139659.385111
1709932,IT,LT,BASIC,MACHI,0.8,694045.112,5,5,694044.068,0.0,0.0,1.0,0.044,867556.39
1754970,IT,KR,TEXTI,WHOLE,4.11,693882.594,6,6,693880.502,0.0,1.0,1.0,0.092,168827.881752
1762778,IT,IN,BUSIN,FINAN,7.13,693858.7,6,6,693856.652,0.0,1.0,1.0,0.048,97315.385694
1737403,IT,GB,TEXTI,WHOLE,4.11,693743.639,6,6,693741.547,0.0,1.0,1.0,0.092,168794.072749
1784620,IT,ID,MACHI,COLLE,3.87,693722.174,6,6,693720.117,0.0,1.0,1.0,0.057,179256.375711
1649833,IT,BG,ALUM1,FABRI,1.21,693705.524,6,6,693703.468,0.0,1.0,1.0,0.056,573310.350413
1659105,IT,DE,ELEC6,WOODW,0.1,693622.0,4,4,693621.889,0.0,0.0,0.0,0.111,6936220.0
1727784,IT,RO,BUSIN,WOODW,7.12,693594.4,6,6,693592.352,0.0,1.0,1.0,0.048,97414.94382
1654748,IT,CZ,AIRTR,FABRI,0.75,693471.325,4,4,693471.303,0.0,0.0,0.0,0.022,924628.433333
1810342,IT,WM,WOODW,PFERT,1.94,693442.308,6,6,693437.261,0.0,4.0,1.0,0.047,357444.48866
1748800,IT,CN,TEXTI,BASIC,4.11,693362.342,6,6,693360.25,0.0,1.0,1.0,0.092,168701.299757
1769928,IT,AU,MOTO1,CONST,3.69,693334.355,6,6,693332.31,0.0,1.0,1.0,0.045,187895.48916
1649429,IT,BG,CHEM1,ALUM1,1.45,693202.833,6,6,693200.757,0.0,1.0,1.0,0.076,478070.91931
1746623,IT,JP,ALUM1,OFFIC,1.2,693160.858,6,6,693158.802,0.0,1.0,1.0,0.056,577634.048333
1811174,IT,WM,NAPHT,OFFIC,1.18,693125.198,5,5,693124.148,0.0,0.0,1.0,0.05,587394.235593
1643280,IT,AT,HOTEL,RESEA,5.02,693077.498,6,6,693075.446,0.0,1.0,1.0,0.052,138063.246614
1641534,IT,AT,HEAVY,NONF1,1.12,693038.212,5,5,693037.156,0.0,0.0,1.0,0.056,618784.117857
1811329,IT,WM,BITU1,RETA1,1.09,693005.267,5,5,693004.212,0.0,0.0,1.0,0.055,635784.648624
1656022,IT,DE,FOOD5,RESEA,3.33,692964.314,6,6,692960.252,0.0,3.0,1.0,0.062,208097.391592
1789726,IT,WA,GLASS,CRUDE,1.9,692921.293,5,5,692918.253,0.0,0.0,3.0,0.04,364695.417368
1646204,IT,BE,ALUM1,CONST,1.2,692887.045,6,6,692884.989,0.0,1.0,1.0,0.056,577405.870833
1689084,IT,IE,FURNI,WHOLE,2.21,692875.669,6,6,692871.609,0.0,2.0,2.0,0.06,313518.402262
1798586,IT,WE,MEATC,WEARI,2.31,692835.655,6,6,692824.611,0.0,10.0,1.0,0.044,299928.854978
1745862,IT,JP,LEATH,FABRI,4.96,692753.676,6,6,692747.556,0.0,5.0,1.0,0.12,139668.079839
1769930,IT,AU,MOTO1,WHOLE,3.69,692588.415,6,6,692586.37,0.0,1.0,1.0,0.045,187693.337398
1640995,IT,AT,WOODW,RESEA,1.94,692498.456,6,6,692493.409,0.0,4.0,1.0,0.047,356957.96701
1739886,IT,GB,FINAN,WHOLE,9.02,692377.61,4,4,692377.59,0.0,0.0,0.0,0.02,76760.267184
1680362,IT,GR,ELEC2,WEARI,0.17,692245.704,4,4,692245.632,0.0,0.0,0.0,0.072,4072033.552941
1787678,IT,WA,VEGE1,MEATA,2.13,692214.14,6,6,692208.989,0.0,4.0,1.0,0.151,324983.164319
1741400,IT,US,PRINT,HEALT,6.64,691957.884,6,6,691955.831,0.0,1.0,1.0,0.053,104210.524699
1660998,IT,DE,BUSIN,DIST1,7.11,691881.918,6,6,691879.87,0.0,1.0,1.0,0.048,97311.099578
1813107,IT,WM,MOTO1,NATUR,3.68,691833.812,6,6,691831.767,0.0,1.0,1.0,0.045,187998.318478
1746707,IT,JP,FABRI,MACHI,2.81,691671.31,6,6,691669.26,0.0,1.0,1.0,0.05,246146.373665
1735961,IT,SK,MOTO1,FURNI,3.68,691638.855,6,6,691636.81,0.0,1.0,1.0,0.045,187945.341033
1719156,IT,PL,PLAST,CEMEN,1.45,691567.205,6,6,691565.135,0.0,1.0,1.0,0.07,476942.9
1716134,IT,NL,PREC1,FABRI,1.17,691540.553,6,6,691538.521,0.0,1.0,1.0,0.032,591060.301709
1738032,IT,GB,RUBBE,MEAT1,2.29,691492.57,6,6,691490.507,0.0,1.0,1.0,0.063,301961.820961
1813351,IT,WM,FURNI,WEARI,2.21,691486.858,6,6,691482.799,0.0,2.0,2.0,0.059,312889.980995
1674678,IT,FR,GLASS,BIOGA,1.9,691404.527,5,5,691401.487,0.0,0.0,3.0,0.04,363897.119474
1726230,IT,RO,NONME,ALUM1,1.4,691175.529,5,5,691174.453,0.0,0.0,1.0,0.076,493696.806429
1756699,IT,KR,SEACO,FABRI,0.7,690768.617,4,4,690768.605,0.0,0.0,0.0,0.012,986812.31
1731986,IT,SI,KEROS,RAWMI,1.03,690598.609,5,5,690597.553,0.0,0.0,1.0,0.056,670484.086408
1774309,IT,CH,HOTEL,WOODW,5.01,690550.612,6,6,690548.56,0.0,1.0,1.0,0.052,137834.453493
1779959,IT,TW,CONST,REALE,3.86,690540.212,6,6,690536.175,0.0,1.0,3.0,0.037,178896.427979
1756308,IT,KR,MOTO1,FURNI,3.67,690436.098,6,6,690434.053,0.0,1.0,1.0,0.045,188129.726975
1804357,IT,WF,MOTOR,BUSIN,1.03,690428.895,5,5,690427.839,0.0,0.0,1.0,0.056,670319.315534
1801439,IT,WE,MOTO1,CRUDE,3.67,690342.225,6,6,690340.18,0.0,1.0,1.0,0.045,188104.148501
1807208,IT,WF,AIRTR,BUSIN,0.75,690310.057,4,4,690310.035,0.0,0.0,0.0,0.022,920413.409333
1731785,IT,SI,PAPER,CHEM1,2.67,690270.865,6,6,690263.797,0.0,6.0,1.0,0.068,258528.413858
1795424,IT,WL,BASIC,SUPPO,0.79,690228.582,5,5,690227.538,0.0,0.0,1.0,0.044,873707.065823
1735659,IT,SK,FABRI,FORES,2.81,690121.599,6,6,690119.549,0.0,1.0,1.0,0.05,245594.875089
1747533,IT,JP,AIRTR,MEATC,0.75,690110.955,4,4,690110.933,0.0,0.0,0.0,0.022,920147.94
1762244,IT,IN,AIRTR,CRUDE,0.75,689985.248,4,4,689985.226,0.0,0.0,0.0,0.022,919980.330667
1779026,IT,TR,AIRTR,FURNI,0.75,689791.684,4,4,689791.662,0.0,0.0,0.0,0.022,919722.245333
1798905,IT,WE,BEVER,HEALT,2.93,689669.211,6,6,689666.167,0.0,2.0,1.0,0.044,235381.983276
1784575,IT,ID,MACHI,LEATH,3.85,689665.918,6,6,689663.861,0.0,1.0,1.0,0.057,179134.004675
1647848,IT,BE,AUXIL,INSUR,12.61,689575.542,6,6,689573.508,0.0,1.0,1.0,0.034,54684.816971
1728367,IT,SE,TEXTI,FABRI,4.09,689573.648,6,6,689571.556,0.0,1.0,1.0,0.092,168599.913936
1804352,IT,WF,MOTOR,INSUR,1.03,689544.129,5,5,689543.073,0.0,0.0,1.0,0.056,669460.319417
1755080,IT,KR,WEARI,RECRE,5.2,689541.783,6,6,689539.652,0.0,1.0,1.0,0.131,132604.189038
1801218,IT,WE,FABRI,ELECT,2.81,689439.505,6,6,689437.456,0.0,1.0,1.0,0.049,245352.137011
1646316,IT,BE,NONF1,NONF1,0.15,689413.618,4,4,689413.614,0.0,0.0,0.0,0.004,4596090.786667
1659879,IT,DE,LANDT,BUSIN,4.45,689324.86,5,5,689323.827,0.0,0.0,1.0,0.033,154904.462921
1657059,IT,DE,NONSP,GASDI,0.9,689267.519,5,5,689266.482,0.0,0.0,1.0,0.037,765852.798889
1661557,IT,DK,BEVER,WEARI,2.93,689085.606,6,6,689082.562,0.0,2.0,1.0,0.044,235182.800683
1777939,IT,TR,MACHI,GLASS,3.84,689074.669,6,6,689072.612,0.0,1.0,1.0,0.057,179446.528385
1801240,IT,WE,FABRI,LANDT,2.8,688962.074,6,6,688960.025,0.0,1.0,1.0,0.049,246057.883571
1803516,IT,WF,VEGE1,FISH5,2.12,688945.021,6,6,688939.871,0.0,4.0,1.0,0.15,324974.066509
1799449,IT,WE,PAPER,PRINT,2.67,688831.177,6,6,688824.109,0.0,6.0,1.0,0.068,257989.204869
1773059,IT,CH,ALUM1,SALEM,1.2,688502.73,6,6,688500.675,0.0,1.0,1.0,0.055,573752.275
1789869,IT,WA,CERAM,REALE,1.07,688496.158,5,5,688492.121,0.0,0.0,4.0,0.037,643454.353271
1660980,IT,DE,BUSIN,TRANS,7.07,688442.93,6,6,688440.882,0.0,1.0,1.0,0.048,97375.237624
1785909,IT,ZA,RUBBE,BITUM,2.28,688413.473,6,6,688411.411,0.0,1.0,1.0,0.062,301935.733772
1780857,IT,TW,COMPU,COMPU,7.86,688404.885,6,6,688402.842,0.0,1.0,1.0,0.043,87583.318702
1681079,IT,GR,SUPPO,PRINT,4.95,688271.309,6,6,688269.275,0.0,1.0,1.0,0.034,139044.708889
1777182,IT,TR,RUBBE,VEGET,2.28,688267.773,6,6,688265.711,0.0,1.0,1.0,0.062,301871.830263
1727340,IT,RO,POSTT,WHOLE,11.33,688254.536,6,6,688252.484,0.0,1.0,1.0,0.052,60746.207944
1735600,IT,SK,COPP1,MOTOR,1.74,687985.139,6,6,687982.103,0.0,1.0,2.0,0.036,395393.758046
1812054,IT,WM,CERAM,MOTOR,1.07,687941.487,5,5,687937.45,0.0,0.0,4.0,0.037,642935.969159
1646216,IT,BE,ALUM1,BUSIN,1.2,687843.729,6,6,687841.674,0.0,1.0,1.0,0.055,573203.1075
1745734,IT,JP,WEARI,PFERT,5.18,687715.66,6,6,687713.529,0.0,1.0,1.0,0.131,132763.640927
1750276,IT,CN,COPP1,SALEM,1.74,687470.421,6,6,687467.385,0.0,1.0,2.0,0.036,395097.943103
1800103,IT,WE,NAPHT,LIQUE,1.17,687392.733,5,5,687391.684,0.0,0.0,1.0,0.049,587515.15641
1641971,IT,AT,RUBBE,PLAST,2.28,687018.861,6,6,687016.799,0.0,1.0,1.0,0.062,301324.061842
1738798,IT,GB,OFFIC,EDUCA,2.13,686981.254,6,6,686979.204,0.0,1.0,1.0,0.05,322526.410329
1739315,IT,GB,HOTEL,POSTT,4.98,686923.556,6,6,686921.504,0.0,1.0,1.0,0.052,137936.457028
1685915,IT,HU,CHEM1,RETA1,1.44,686893.806,6,6,686891.731,0.0,1.0,1.0,0.075,477009.5875
1777101,IT,TR,CHEM1,PUBLI,1.44,686878.938,6,6,686876.863,0.0,1.0,1.0,0.075,476999.2625
1777984,IT,TR,MACHI,SUPPO,3.83,686791.454,6,6,686789.398,0.0,1.0,1.0,0.056,179318.917493
1713230,IT,MT,WOODW,BUSIN,1.92,686682.113,6,6,686677.067,0.0,4.0,1.0,0.046,357646.933854
1812523,IT,WM,ALUM1,PRINT,1.19,686603.431,6,6,686601.376,0.0,1.0,1.0,0.055,576977.673109
1772895,IT,CH,BASIC,SEACO,0.79,686476.053,5,5,686475.01,0.0,0.0,1.0,0.043,868957.029114
1746246,IT,JP,CHEM1,GLASS,1.43,686450.801,6,6,686448.726,0.0,1.0,1.0,0.075,480035.525175
1800806,IT,WE,BASIC,WEARI,0.79,686442.619,5,5,686441.576,0.0,0.0,1.0,0.043,868914.707595
1784442,IT,ID,BASIC,ELECT,0.79,686375.258,5,5,686374.215,0.0,0.0,1.0,0.043,868829.440506
1748923,IT,CN,WEARI,TRANS,5.17,686321.359,6,6,686319.229,0.0,1.0,1.0,0.13,132750.746422
1730472,IT,SE,POSTT,HEALT,11.3,686315.525,6,6,686313.473,0.0,1.0,1.0,0.052,60735.887168
1674920,IT,FR,BASIC,PLAST,0.79,686305.574,5,5,686304.531,0.0,0.0,1.0,0.043,868741.232911
1767930,IT,RU,RENTI,AIRTR,4.1,686276.268,6,6,686274.23,0.0,1.0,1.0,0.038,167384.45561
1744273,IT,US,POSTT,COMPU,11.3,686225.258,6,6,686223.206,0.0,1.0,1.0,0.052,60727.898938
1793390,IT,WL,CROPS,CATTL,5.43,686164.382,6,6,686162.344,0.0,1.0,1.0,0.038,126365.447882
1806170,IT,WF,FABRI,INSUR,2.79,686120.628,6,6,686118.579,0.0,1.0,1.0,0.049,245921.372043
1796665,IT,WL,HOTEL,POSTT,4.97,686098.646,6,6,686096.594,0.0,1.0,1.0,0.052,138048.017304
1659935,IT,DE,TRAN2,RETAI,1.06,686011.531,4,4,686011.512,0.0,0.0,0.0,0.019,647180.689623
1685950,IT,HU,CHEM1,RECRE,1.43,685841.231,6,6,685839.156,0.0,1.0,1.0,0.075,479609.252448
1750543,IT,CN,MACHI,AIRTR,3.83,685752.924,6,6,685750.868,0.0,1.0,1.0,0.056,179047.760836
1743587,IT,US,HOTEL,GASDI,4.97,685746.958,6,6,685744.906,0.0,1.0,1.0,0.052,137977.255131
1743574,IT,US,HOTEL,BEVER,4.97,685685.642,6,6,685683.59,0.0,1.0,1.0,0.052,137964.917907
1811415,IT,WM,PLAST,BEVER,1.44,685677.588,6,6,685675.518,0.0,1.0,1.0,0.07,476164.991667
1686938,IT,HU,MACHI,BASIC,3.82,685611.457,6,6,685609.401,0.0,1.0,1.0,0.056,179479.439005
1792083,IT,WA,AIRTR,OFFIC,0.75,685406.204,4,4,685406.182,0.0,0.0,0.0,0.022,913874.938667
1683334,IT,HR,NONME,CEMEN,1.38,685299.924,5,5,685298.849,0.0,0.0,1.0,0.075,496594.147826
1720776,IT,PL,TRANS,AIRTR,4.09,685284.36,6,6,685282.323,0.0,1.0,1.0,0.037,167551.188264
1795601,IT,WL,FABRI,VEGET,2.79,685254.936,6,6,685252.887,0.0,1.0,1.0,0.049,245611.088172
1642744,IT,AT,MACHI,ALUM1,3.82,685093.513,6,6,685091.457,0.0,1.0,1.0,0.056,179343.851571
1775363,IT,CH,PUBLI,DAIRY,11.22,685003.444,6,6,685001.396,0.0,1.0,1.0,0.048,61052.000357
1658382,IT,DE,FABRI,RAWMI,2.79,684996.545,6,6,684994.496,0.0,1.0,1.0,0.049,245518.47491
1743206,IT,US,TRANS,RADIO,4.09,684983.209,6,6,684981.172,0.0,1.0,1.0,0.037,167477.557213
1661845,IT,DK,PAPER,PAPER,2.65,684976.514,6,6,684969.446,0.0,6.0,1.0,0.068,258481.703396
1757654,IT,BR,HEAVY,WOODW,1.11,684958.188,5,5,684957.133,0.0,0.0,1.0,0.055,617079.448649
1713826,IT,MT,ELEC1,CROPS,0.1,684912.538,4,4,684912.495,0.0,0.0,0.0,0.043,6849125.38
1758167,IT,BR,NONME,FABRI,1.38,684896.766,5,5,684895.691,0.0,0.0,1.0,0.075,496302.004348
1799666,IT,WE,MOTOR,BASIC,1.02,684838.832,5,5,684837.776,0.0,0.0,1.0,0.056,671410.619608
1756174,IT,KR,MACHI,GASDI,3.82,684768.572,6,6,684766.516,0.0,1.0,1.0,0.056,179258.788482
1676805,IT,FR,LANDT,CEMEN,4.42,684762.332,5,5,684761.3,0.0,0.0,1.0,0.032,154923.604525
1812016,IT,WM,GLASS,POSTT,1.88,684544.031,5,5,684540.992,0.0,0.0,3.0,0.039,364119.165426
1712135,IT,LV,WEARI,DIST1,5.16,684503.141,6,6,684501.011,0.0,1.0,1.0,0.13,132655.647481
1756192,IT,KR,MACHI,GLASS,3.82,684467.177,6,6,684465.121,0.0,1.0,1.0,0.056,179179.889267
1647448,IT,BE,AIRTR,AUXIL,0.74,684379.826,4,4,684379.804,0.0,0.0,0.0,0.022,924837.602703
1764111,IT,MX,FABRI,BASIC,2.79,684364.655,6,6,684362.606,0.0,1.0,1.0,0.049,245291.991039
1675343,IT,FR,MACHI,FISHF,3.82,684354.961,6,6,684352.905,0.0,1.0,1.0,0.056,179150.513351
1769498,IT,AU,BASIC,FURNI,0.79,684311.223,5,5,684310.18,0.0,0.0,1.0,0.043,866216.737975
1788711,IT,WA,MOTOR,KEROS,1.02,684308.463,5,5,684307.407,0.0,0.0,1.0,0.056,670890.65
1645008,IT,BE,PULP5,PAPER,2.09,684299.909,6,6,684295.845,0.0,3.0,1.0,0.064,327416.224402
1798250,IT,WE,VEGET,REALE,2.42,684298.326,5,5,684295.299,0.0,3.0,0.0,0.027,282767.903306
1718174,IT,PL,DAIRY,FOOD5,2.78,684254.722,6,6,684248.676,0.0,5.0,1.0,0.046,246134.792086
1665790,IT,ES,PAPER,HEALT,2.65,684193.722,6,6,684186.655,0.0,6.0,1.0,0.067,258186.310189
1641744,IT,AT,CHEM1,IRONO,1.43,684070.742,6,6,684068.667,0.0,1.0,1.0,0.075,478371.148252
1662821,IT,DK,CONST,CONST,3.82,684066.367,6,6,684062.33,0.0,1.0,3.0,0.037,179074.965183
1729090,IT,SE,RUBBE,RENTI,2.27,683971.884,6,6,683969.822,0.0,1.0,1.0,0.062,301309.2
1733649,IT,SI,HOTEL,WHOLE,4.96,683853.517,6,6,683851.465,0.0,1.0,1.0,0.052,137873.692944
1814436,IT,WM,RENTI,PFERT,4.09,683822.791,6,6,683820.753,0.0,1.0,1.0,0.038,167193.83643
1794563,IT,WL,HEAVY,HEAVY,1.1,683820.54,5,5,683819.485,0.0,0.0,1.0,0.055,621655.036364
1800345,IT,WE,CHEM1,DAIRY,1.43,683617.533,6,6,683615.458,0.0,1.0,1.0,0.075,478054.218881
1642672,IT,AT,FABRI,REALE,2.78,683485.948,6,6,683483.899,0.0,1.0,1.0,0.049,245858.254676
1725410,IT,RO,TEXTI,RETA1,4.05,683424.967,6,6,683422.876,0.0,1.0,1.0,0.091,168746.905432
1675853,IT,FR,ELEC1,POSTT,0.1,683397.701,4,4,683397.658,0.0,0.0,0.0,0.043,6833977.01
1726122,IT,RO,RUBBE,TRAN2,2.26,683391.256,6,6,683389.194,0.0,1.0,1.0,0.062,302385.511504
1772436,IT,CH,CHEM1,SEACO,1.43,683370.936,6,6,683368.861,0.0,1.0,1.0,0.075,477881.773427
1690230,IT,IE,BUSIN,BUSIN,7.02,683344.295,6,6,683342.248,0.0,1.0,1.0,0.047,97342.492165
1648240,IT,BE,BUSIN,AIRTR,7.02,683288.972,6,6,683286.925,0.0,1.0,1.0,0.047,97334.611396
1746939,IT,JP,MOTO1,FABRI,3.64,683040.023,6,6,683037.979,0.0,1.0,1.0,0.044,187648.357967
1811850,IT,WM,RUBBE,MEAT4,2.26,682921.841,6,6,682919.779,0.0,1.0,1.0,0.062,302177.805752
1648704,IT,BG,FOOD5,FOOD5,3.28,682769.004,6,6,682764.943,0.0,3.0,1.0,0.061,208161.281707
1646388,IT,BE,FABRI,SALEM,2.78,682762.494,6,6,682760.445,0.0,1.0,1.0,0.049,245598.019424
1748672,IT,CN,FOOD5,CATTL,3.28,682700.951,6,6,682696.89,0.0,3.0,1.0,0.061,208140.533841
1784574,IT,ID,MACHI,WEARI,3.81,682696.41,6,6,682694.354,0.0,1.0,1.0,0.056,179185.409449
1742584,IT,US,ALUM1,WOODW,1.19,682675.791,6,6,682673.736,0.0,1.0,1.0,0.055,573677.135294
1653597,IT,CZ,PREC1,CHEM1,1.16,682638.092,6,6,682636.061,0.0,1.0,1.0,0.031,588481.113793
1661008,IT,DE,BUSIN,LANDT,7.01,682567.114,6,6,682565.067,0.0,1.0,1.0,0.047,97370.487019
1667400,IT,ES,COPP1,OFFIC,1.72,682559.792,6,6,682556.757,0.0,1.0,2.0,0.035,396837.088372
1659252,IT,DE,SALEM,MOTO1,5.51,682521.528,6,6,682519.486,0.0,1.0,1.0,0.042,123869.605808
1672985,IT,FR,PROCE,STONE,4.61,682314.011,6,6,682309.969,0.0,3.0,1.0,0.042,148007.377657
1656990,IT,DE,LIQUE,HEALT,1.19,682224.662,5,5,682223.607,0.0,0.0,1.0,0.055,573298.035294
1682734,IT,HR,GASDI,WHOLE,1.02,682222.97,5,5,682221.914,0.0,0.0,1.0,0.056,668846.04902
1675740,IT,FR,FURNI,NUCLE,2.18,682219.241,6,6,682215.182,0.0,2.0,2.0,0.059,312944.605963
1738123,IT,GB,GLASS,DAIRY,1.87,682131.181,5,5,682128.142,0.0,0.0,3.0,0.039,364776.03262
1650050,IT,BG,MACHI,COPP1,3.81,682040.889,6,6,682038.833,0.0,1.0,1.0,0.056,179013.356693
1805969,IT,WF,COPP1,COPPE,1.72,681957.451,6,6,681954.416,0.0,1.0,2.0,0.035,396486.890116
1726011,IT,RO,CHEM1,DISTR,1.43,681951.95,6,6,681949.876,0.0,1.0,1.0,0.074,476889.475524
1719937,IT,PL,PREC1,MOTO1,1.16,681877.444,6,6,681875.413,0.0,1.0,1.0,0.031,587825.382759
1771710,IT,CH,LEATH,CROPS,4.88,681872.644,6,6,681866.526,0.0,5.0,1.0,0.118,139728.00082
1742181,IT,US,GLASS,FABRI,1.87,681851.103,5,5,681848.064,0.0,0.0,3.0,0.039,364626.258289
1757614,IT,BR,GASDI,RAILW,1.01,681776.849,5,5,681775.793,0.0,0.0,1.0,0.056,675026.583168
1667973,IT,ES,TRANS,MACHI,4.07,681694.037,6,6,681692.0,0.0,1.0,1.0,0.037,167492.392383
1800286,IT,WE,PLAST,SEACO,1.43,681656.549,6,6,681654.48,0.0,1.0,1.0,0.069,476682.901399
1715268,IT,NL,PAPER,PULP5,2.64,681645.412,6,6,681639.345,0.0,5.0,1.0,0.067,258199.019697
1754105,IT,CA,AIRTR,MACHI,0.74,681562.079,4,4,681562.058,0.0,0.0,0.0,0.021,921029.836486
1805091,IT,WF,NFERT,POULT,0.14,681498.152,4,4,681498.096,0.0,0.0,0.0,0.056,4867843.942857
1788074,IT,WA,TEXTI,REALE,4.04,681486.095,6,6,681484.005,0.0,1.0,1.0,0.09,168684.67698
1805412,IT,WF,RUBBE,COMPU,2.26,681469.01,6,6,681466.948,0.0,1.0,1.0,0.062,301534.960177
1672963,IT,FR,DAIRY,RESEA,2.77,681452.285,6,6,681446.239,0.0,5.0,1.0,0.046,246011.655235
1751257,IT,CN,HOTEL,AUXIL,4.94,681415.265,6,6,681413.214,0.0,1.0,1.0,0.051,137938.312753
1723569,IT,PT,FABRI,FOOD5,2.77,681408.719,6,6,681406.67,0.0,1.0,1.0,0.049,245995.927437
1767437,IT,RU,LANDT,CONST,4.4,681395.279,5,5,681394.247,0.0,0.0,1.0,0.032,154862.563409
1791928,IT,WA,SEACO,CRUDE,0.69,681382.74,4,4,681382.728,0.0,0.0,0.0,0.012,987511.217391
1740909,IT,US,FOOD5,RAWMI,3.27,681381.707,6,6,681377.646,0.0,3.0,1.0,0.061,208373.610703
1787301,IT,WA,CROPS,MEATA,5.4,681330.99,6,6,681328.953,0.0,1.0,1.0,0.037,126172.405556
1718857,IT,PL,PAPER,PUBLI,2.64,681299.927,6,6,681293.86,0.0,5.0,1.0,0.067,258068.154167
1640691,IT,AT,FISH5,HOTEL,2.86,681266.847,6,6,681263.497,0.0,2.0,1.0,0.35,238205.191259
1673443,IT,FR,WEARI,SALEM,5.13,681154.26,6,6,681152.131,0.0,1.0,1.0,0.129,132778.608187
1662099,IT,DK,CHEM1,BUSIN,1.42,681082.066,6,6,681079.992,0.0,1.0,1.0,0.074,479635.257746
1666515,IT,ES,PLAST,WHOLE,1.43,681079.67,6,6,681077.601,0.0,1.0,1.0,0.069,476279.48951
1642329,IT,AT,BASIC,PREC1,0.78,680883.441,5,5,680882.398,0.0,0.0,1.0,0.043,872927.488462
1777830,IT,TR,FABRI,TRANS,2.77,680621.294,6,6,680619.245,0.0,1.0,1.0,0.049,245711.658484
1764382,IT,MX,MOTO1,MACHI,3.62,680499.497,6,6,680497.453,0.0,1.0,1.0,0.044,187983.286464
1755075,IT,KR,WEARI,BUSIN,5.13,680478.768,6,6,680476.639,0.0,1.0,1.0,0.129,132646.933333
1744715,IT,US,COMPU,BUSIN,7.77,680456.733,6,6,680454.69,0.0,1.0,1.0,0.043,87574.869112
1656986,IT,DE,LIQUE,RESEA,1.19,680332.227,5,5,680331.172,0.0,0.0,1.0,0.055,571707.753782
1658101,IT,DE,ALUM1,DAIRY,1.18,680322.481,6,6,680320.426,0.0,1.0,1.0,0.055,576544.475424
1792700,IT,WA,BUSIN,CRUDE,6.99,680295.649,6,6,680293.602,0.0,1.0,1.0,0.047,97324.127182
1777021,IT,TR,CHEM1,TEXTI,1.42,680235.822,6,6,680233.748,0.0,1.0,1.0,0.074,479039.311268
1686793,IT,HU,FABRI,LEATH,2.77,680056.698,6,6,680054.649,0.0,1.0,1.0,0.049,245507.833213
1737529,IT,GB,WOODW,OFFIC,1.9,680031.297,6,6,680026.251,0.0,4.0,1.0,0.046,357911.208947
1664418,IT,EE,MACHI,MACHI,3.79,680005.531,6,6,680003.475,0.0,1.0,1.0,0.056,179420.984433
1746846,IT,JP,MACHI,POSTT,3.79,679915.342,6,6,679913.286,0.0,1.0,1.0,0.056,179397.187863
1756017,IT,KR,NONF1,ALUM1,0.15,679835.781,4,4,679835.777,0.0,0.0,0.0,0.004,4532238.54
1811035,IT,WM,HEAVY,MEATP,1.1,679825.421,5,5,679824.366,0.0,0.0,1.0,0.055,618023.11
1660936,IT,DE,BUSIN,MOTOR,6.98,679594.213,6,6,679592.166,0.0,1.0,1.0,0.047,97363.067765
1813081,IT,WM,OFFIC,BUSIN,2.11,679411.911,6,6,679409.862,0.0,1.0,1.0,0.049,321996.166351
1678668,IT,GR,MEAT4,BEVER,3.74,679382.564,6,6,679378.518,0.0,3.0,1.0,0.046,181653.091979
1757800,IT,BR,PLAST,REALE,1.43,679374.123,6,6,679372.054,0.0,1.0,1.0,0.069,475086.799301
1658631,IT,DE,MACHI,LANDT,3.79,679324.061,6,6,679322.005,0.0,1.0,1.0,0.056,179241.177045
1752993,IT,CA,CHEM1,MOTOR,1.42,679272.176,6,6,679270.102,0.0,1.0,1.0,0.074,478360.687324
1810229,IT,WM,LEATH,WEARI,4.86,679215.047,6,6,679208.929,0.0,5.0,1.0,0.118,139756.18251
1765947,IT,RU,CHEM1,CATTL,1.42,679183.286,6,6,679181.212,0.0,1.0,1.0,0.074,478298.088732
1642456,IT,AT,ALUM1,STEAM,1.18,679076.777,6,6,679074.723,0.0,1.0,1.0,0.054,575488.794068
1657233,IT,DE,CHEM1,LIQUI,1.42,679038.165,6,6,679036.091,0.0,1.0,1.0,0.074,478195.890845
1796231,IT,WL,FURNI,POSTT,2.17,678982.138,6,6,678978.08,0.0,2.0,2.0,0.058,312894.99447
1655197,IT,CZ,BUSIN,BUSIN,6.97,678944.303,6,6,678942.256,0.0,1.0,1.0,0.047,97409.512626
1716662,IT,NL,WHOLE,FOOD5,5.87,678817.435,6,6,678815.396,0.0,1.0,1.0,0.039,115641.811755
1766152,IT,RU,RUBBE,WHOLE,2.25,678766.946,6,6,678764.884,0.0,1.0,1.0,0.062,301674.198222
1801345,IT,WE,MACHI,NONF1,3.79,678658.045,6,6,678655.989,0.0,1.0,1.0,0.056,179065.44723
1740914,IT,US,FOOD5,MEAT1,3.26,678649.863,6,6,678645.802,0.0,3.0,1.0,0.061,208174.804601
1658409,IT,DE,FABRI,PULP5,2.76,678536.881,6,6,678534.832,0.0,1.0,1.0,0.049,245846.696014
1742867,IT,US,MACHI,MEATP,3.78,678380.838,6,6,678378.782,0.0,1.0,1.0,0.056,179465.830159
1788877,IT,WA,GASDI,FURNI,1.01,678345.819,5,5,678344.764,0.0,0.0,1.0,0.055,671629.523762
1666139,IT,ES,GASDI,ELEC6,1.01,678344.457,5,5,678343.402,0.0,0.0,1.0,0.055,671628.175248
1666752,IT,ES,RUBBE,GLASS,2.25,678336.647,6,6,678334.585,0.0,1.0,1.0,0.062,301482.954222
1740957,IT,US,FOOD5,RESEA,3.26,678314.742,6,6,678310.681,0.0,3.0,1.0,0.061,208072.006748
1737843,IT,GB,PLAST,TEXTI,1.42,678270.316,6,6,678268.247,0.0,1.0,1.0,0.069,477655.152113
1784583,IT,ID,MACHI,GASDI,3.78,678172.365,6,6,678170.309,0.0,1.0,1.0,0.056,179410.678571
1753132,IT,CA,RUBBE,FURNI,2.25,678150.011,6,6,678147.95,0.0,1.0,1.0,0.061,301400.004889
1681002,IT,GR,AIRTR,GASDI,0.74,678122.491,4,4,678122.47,0.0,0.0,0.0,0.021,916381.744595
1686854,IT,HU,FABRI,REALE,2.76,678104.611,6,6,678102.562,0.0,1.0,1.0,0.049,245690.076449
1737471,IT,GB,LEATH,RETA1,4.86,677948.023,6,6,677941.906,0.0,5.0,1.0,0.117,139495.477984
1811806,IT,WM,ADDIT,PUBLI,1.57,677901.139,6,6,677895.086,0.0,5.0,1.0,0.053,431784.164968
1732930,IT,SI,ALUM1,WOODW,1.18,677822.624,6,6,677820.57,0.0,1.0,1.0,0.054,574425.952542
1730648,IT,SE,RENTI,WHOLE,4.05,677722.789,6,6,677720.751,0.0,1.0,1.0,0.038,167338.960247
1641471,IT,AT,GASDI,BUSIN,1.01,677666.527,5,5,677665.472,0.0,0.0,1.0,0.055,670956.957426
1719835,IT,PL,BASIC,DIST1,0.78,677626.295,5,5,677625.252,0.0,0.0,1.0,0.043,868751.660256
1668286,IT,ES,WHOLE,PLAST,5.85,677490.366,6,6,677488.327,0.0,1.0,1.0,0.039,115810.318974
1804596,IT,WF,HEAVY,WOODW,1.09,677434.111,5,5,677433.057,0.0,0.0,1.0,0.054,621499.184404
1675625,IT,FR,MOTO1,RESEA,3.61,677391.243,6,6,677389.199,0.0,1.0,1.0,0.044,187643.003601
1814529,IT,WM,RESEA,PUBLI,3.67,677388.642,6,6,677386.595,0.0,1.0,1.0,0.047,184574.561853
1672412,IT,FI,BUSIN,WHOLE,6.96,677382.231,6,6,677380.184,0.0,1.0,1.0,0.047,97325.03319
1780881,IT,TW,RESEA,HEAVY,3.67,677333.686,6,6,677331.639,0.0,1.0,1.0,0.047,184559.587466
1772535,IT,CH,RUBBE,GLASS,2.24,677290.659,6,6,677288.598,0.0,1.0,1.0,0.061,302361.901339
1749818,IT,CN,RUBBE,FISH5,2.24,677250.288,6,6,677248.227,0.0,1.0,1.0,0.061,302343.878571
1656641,IT,DE,PRINT,COMPU,6.5,676998.3,6,6,676996.248,0.0,1.0,1.0,0.052,104153.584615
1785130,IT,ZA,DAIRY,DAIRY,2.75,676986.106,6,6,676980.06,0.0,5.0,1.0,0.046,246176.765818
1749703,IT,CN,CHEM1,BIOG1,1.41,676923.387,6,6,676921.313,0.0,1.0,1.0,0.074,480087.508511
1754137,IT,CA,AIRTR,BUSIN,0.74,676770.322,4,4,676770.301,0.0,0.0,0.0,0.021,914554.489189
1727015,IT,RO,HOTEL,INTER,4.91,676757.892,6,6,676755.841,0.0,1.0,1.0,0.051,137832.564562
1677925,IT,FR,BUSIN,LANDT,6.95,676731.319,6,6,676729.272,0.0,1.0,1.0,0.047,97371.412806
1739114,IT,GB,WHOLE,FABRI,5.85,676671.441,6,6,676669.402,0.0,1.0,1.0,0.039,115670.331795
1659813,IT,DE,LANDT,CHEM1,4.36,676581.897,5,5,676580.865,0.0,0.0,1.0,0.032,155179.334174
1666611,IT,ES,CHEM1,TRAN1,1.41,676569.768,6,6,676567.694,0.0,1.0,1.0,0.074,479836.714894
1645645,IT,BE,CHEM1,DIST1,1.41,676490.892,6,6,676488.818,0.0,1.0,1.0,0.074,479780.774468
1771649,IT,CH,WEARI,CHEM1,5.1,676454.532,6,6,676452.403,0.0,1.0,1.0,0.129,132638.143529
1723567,IT,PT,FABRI,DAIRY,2.75,676436.766,6,6,676434.717,0.0,1.0,1.0,0.049,245977.005818
1733790,IT,SI,LANDT,CONST,4.36,676295.256,5,5,676294.224,0.0,0.0,1.0,0.032,155113.590826
1657928,IT,DE,BASIC,LEAD1,0.78,676051.736,5,5,676050.693,0.0,0.0,1.0,0.043,866732.994872
1746813,IT,JP,MACHI,RADIO,3.77,676043.603,6,6,676041.547,0.0,1.0,1.0,0.056,179321.91061
1673541,IT,FR,LEATH,HOTEL,4.84,676024.291,6,6,676018.174,0.0,5.0,1.0,0.117,139674.440289
1811656,IT,WM,CHEM1,MOTO1,1.41,675999.632,6,6,675997.558,0.0,1.0,1.0,0.074,479432.363121
1813198,IT,WM,MOTO1,BUSIN,3.6,675983.069,6,6,675981.025,0.0,1.0,1.0,0.044,187773.074722
1751407,IT,CN,SEACO,RETA1,0.69,675880.741,4,4,675880.729,0.0,0.0,0.0,0.012,979537.305797
1793683,IT,WL,FOOD5,MEATC,3.25,675852.673,6,6,675848.613,0.0,3.0,1.0,0.06,207954.668615
1661798,IT,DK,WOODW,WOODW,1.89,675846.493,6,6,675841.447,0.0,4.0,1.0,0.046,357590.737037
1712718,IT,LV,HOTEL,SUPPO,4.9,675807.739,6,6,675805.688,0.0,1.0,1.0,0.051,137919.946735
1749699,IT,CN,CHEM1,COKE1,1.41,675778.514,6,6,675776.44,0.0,1.0,1.0,0.074,479275.541844
1742374,IT,US,NONME,BRICK,1.37,675766.184,5,5,675765.11,0.0,0.0,1.0,0.074,493259.988321
1771418,IT,CH,FOOD5,RETA1,3.25,675746.118,6,6,675742.058,0.0,3.0,1.0,0.06,207921.882462
1676655,IT,FR,HOTEL,MEMBE,4.9,675657.522,6,6,675655.471,0.0,1.0,1.0,0.051,137889.290204
1686203,IT,HU,GLASS,MACHI,1.85,675567.65,5,5,675564.611,0.0,0.0,3.0,0.039,365171.702703
1720127,IT,PL,LEAD1,LANDT,1.17,675544.084,6,6,675539.027,0.0,2.0,3.0,0.057,577388.105983
1744965,IT,US,BUSIN,RENTI,6.94,675391.422,6,6,675389.375,0.0,1.0,1.0,0.047,97318.648703
1749826,IT,CN,RUBBE,COKEO,2.24,675217.953,6,6,675215.892,0.0,1.0,1.0,0.061,301436.586161
1746854,IT,JP,MACHI,BUSIN,3.77,674944.387,6,6,674942.332,0.0,1.0,1.0,0.055,179030.341379
1729083,IT,SE,RUBBE,LANDT,2.24,674827.65,6,6,674825.589,0.0,1.0,1.0,0.061,301262.34375
1669825,IT,ES,BUSIN,SUPPO,6.93,674724.787,6,6,674722.74,0.0,1.0,1.0,0.047,97362.884127
1810659,IT,WM,MOTOR,COPPE,1.01,674550.187,5,5,674549.132,0.0,0.0,1.0,0.055,667871.472277
1719335,IT,PL,CHEM1,MEMBE,1.41,674505.206,6,6,674503.132,0.0,1.0,1.0,0.074,478372.486525
1732414,IT,SI,PLAST,WHOLE,1.42,674439.268,6,6,674437.199,0.0,1.0,1.0,0.069,474957.230986
1771540,IT,CH,TEXTI,WOODW,4.0,674288.34,6,6,674286.25,0.0,1.0,1.0,0.09,168572.085
1658023,IT,DE,PREC1,ADDIT,1.15,674107.434,6,6,674105.403,0.0,1.0,1.0,0.031,586180.377391
1675907,IT,FR,ELEC2,SALEM,0.16,673878.391,4,4,673878.32,0.0,0.0,0.0,0.071,4211739.94375
1759808,IT,BR,BUSIN,COMPU,6.92,673737.058,6,6,673735.012,0.0,1.0,1.0,0.046,97360.846532
1801171,IT,WE,FABRI,DAIRY,2.74,673718.312,6,6,673716.264,0.0,1.0,1.0,0.048,245882.59562
1745785,IT,JP,WEARI,SUPPO,5.08,673660.676,6,6,673658.548,0.0,1.0,1.0,0.128,132610.369291
1738398,IT,GB,PREC1,REALE,1.14,673504.722,6,6,673502.691,0.0,1.0,1.0,0.031,590793.615789
1682521,IT,HR,COKEO,PRINT,0.08,673274.368,4,4,673274.365,0.0,0.0,0.0,0.003,8415929.6
1753267,IT,CA,CEMEN,NONME,1.08,673224.364,5,5,673220.334,0.0,0.0,4.0,0.03,623355.892593
1645692,IT,BE,ADDIT,MOTOR,1.56,672855.374,6,6,672849.322,0.0,5.0,1.0,0.052,431317.547436
1649708,IT,BG,NONME,SECO9,1.36,672758.719,5,5,672757.645,0.0,0.0,1.0,0.074,494675.528676
1780348,IT,TW,AIRTR,NAPHT,0.73,672711.008,4,4,672710.987,0.0,0.0,0.0,0.021,921521.928767
1742603,IT,US,ALUM1,FURNI,1.17,672699.591,6,6,672697.537,0.0,1.0,1.0,0.054,574956.915385
1757692,IT,BR,HEAVY,ELEC6,1.09,672620.141,5,5,672619.087,0.0,0.0,1.0,0.054,617082.698165
1748791,IT,CN,TEXTI,PFERT,3.98,672495.67,6,6,672493.581,0.0,1.0,1.0,0.089,168968.761307
1799907,IT,WE,GASDI,HEALT,1.0,672397.475,5,5,672396.42,0.0,0.0,1.0,0.055,672397.475
1646509,IT,BE,MACHI,RENTI,3.75,672388.541,6,6,672386.486,0.0,1.0,1.0,0.055,179303.610933
1743129,IT,US,MOTO1,ELECT,3.58,672377.112,6,6,672375.068,0.0,1.0,1.0,0.044,187814.835754
1811977,IT,WM,GLASS,GASDI,1.85,672354.131,5,5,672351.093,0.0,0.0,3.0,0.038,363434.665405
1806115,IT,WF,FABRI,WOODW,2.74,672351.051,6,6,672349.003,0.0,1.0,1.0,0.048,245383.595255
1787479,IT,WA,SANDC,CHEM1,1.54,672298.225,5,5,672150.201,0.0,0.0,148.0,0.024,436557.288961
1645112,IT,BE,PAPER,HEALT,2.6,672179.851,6,6,672173.785,0.0,5.0,1.0,0.066,258530.711923
1669221,IT,ES,POSTT,BUSIN,11.07,672079.31,6,6,672077.259,0.0,1.0,1.0,0.051,60711.771454
1719455,IT,PL,RUBBE,RESEA,2.23,671964.87,6,6,671962.809,0.0,1.0,1.0,0.061,301329.538117
1781692,IT,NO,WOODW,WOODW,1.88,671928.443,6,6,671923.398,0.0,4.0,1.0,0.045,357408.746277
1790544,IT,WA,NONF1,KEROS,0.15,671922.635,4,4,671922.631,0.0,0.0,0.0,0.004,4479484.233333
1772310,IT,CH,PLAST,PRINT,1.41,671894.98,6,6,671892.912,0.0,1.0,1.0,0.068,476521.262411
1784115,IT,ID,WOODW,CONST,1.88,671765.65,6,6,671760.605,0.0,4.0,1.0,0.045,357322.154255
1737891,IT,GB,PLAST,HEALT,1.41,671726.256,6,6,671724.188,0.0,1.0,1.0,0.068,476401.6
1732167,IT,SI,GASDI,RETA1,1.0,671558.385,5,5,671557.33,0.0,0.0,1.0,0.055,671558.385
1772446,IT,CH,CHEM1,COMPU,1.4,671528.969,6,6,671526.896,0.0,1.0,1.0,0.073,479663.549286
1735956,IT,SK,MOTO1,FABRI,3.57,671478.025,6,6,671475.981,0.0,1.0,1.0,0.044,188089.082633
1812311,IT,WM,BASIC,PAPER,0.77,671333.406,5,5,671332.364,0.0,0.0,1.0,0.042,871861.566234
1648596,IT,BG,MEATC,SECO9,2.24,671328.782,6,6,671317.739,0.0,10.0,1.0,0.043,299700.349107
1663056,IT,DK,HOTEL,BUSIN,4.87,671267.487,6,6,671265.436,0.0,1.0,1.0,0.051,137837.266324
1764158,IT,MX,FABRI,PUBLI,2.73,671260.982,6,6,671258.934,0.0,1.0,1.0,0.048,245883.14359
1810173,IT,WM,WEARI,WHOLE,5.06,671168.644,6,6,671166.516,0.0,1.0,1.0,0.128,132642.024506
1738003,IT,GB,ADDIT,MOTOR,1.55,671139.63,6,6,671133.578,0.0,5.0,1.0,0.052,432993.309677
1645048,IT,BE,PAPER,PULP5,2.6,671067.731,6,6,671061.665,0.0,5.0,1.0,0.066,258102.973462
1754989,IT,KR,TEXTI,PUBLI,3.98,671023.883,6,6,671021.794,0.0,1.0,1.0,0.089,168598.965578
1741090,IT,US,TEXTI,EDUCA,3.98,671007.461,6,6,671005.372,0.0,1.0,1.0,0.089,168594.839447
1649397,IT,BG,CHEM1,FOOD5,1.4,670870.513,6,6,670868.44,0.0,1.0,1.0,0.073,479193.223571
1645598,IT,BE,CHEM1,REFI1,1.4,670691.74,6,6,670689.667,0.0,1.0,1.0,0.073,479065.528571
1721071,IT,PL,HOTEL,CONST,4.86,670688.84,6,6,670686.789,0.0,1.0,1.0,0.051,138001.81893
1743677,IT,US,HOTEL,PAPE3,4.86,670633.419,6,6,670631.368,0.0,1.0,1.0,0.051,137990.415432
1722119,IT,PL,BUSIN,MACHI,6.89,670591.383,6,6,670589.337,0.0,1.0,1.0,0.046,97328.212337
1716889,IT,NL,HOTEL,HOTEL,4.86,670540.736,6,6,670538.685,0.0,1.0,1.0,0.051,137971.344856
1656610,IT,DE,PRINT,MOTO1,6.43,670520.585,6,6,670518.534,0.0,1.0,1.0,0.051,104280.028771
1666302,IT,ES,LIQUE,GASDI,1.17,670480.047,5,5,670478.993,0.0,0.0,1.0,0.054,573059.869231
1672545,IT,FR,CEREA,FOOD5,1.09,670451.795,5,5,670447.757,0.0,4.0,0.0,0.038,615093.389908
1683234,IT,HR,CERAM,CHEM1,1.04,670259.833,5,5,670256.797,0.0,0.0,3.0,0.036,644480.608654
1725996,IT,RO,CHEM1,LEAD1,1.4,670059.18,6,6,670057.107,0.0,1.0,1.0,0.073,478613.7
1777969,IT,TR,MACHI,DIST1,3.74,669907.307,6,6,669905.252,0.0,1.0,1.0,0.055,179119.600802
1678535,IT,GR,VEGET,RAWMI,2.37,669891.604,5,5,669888.578,0.0,3.0,0.0,0.026,282654.685232
1804727,IT,WF,LIQUE,REALE,1.17,669824.719,5,5,669823.665,0.0,0.0,1.0,0.054,572499.759829
1756717,IT,KR,SEACO,LANDT,0.68,669810.671,4,4,669810.659,0.0,0.0,0.0,0.012,985015.692647
1812536,IT,WM,ALUM1,CHEM1,1.16,669693.524,6,6,669691.47,0.0,1.0,1.0,0.054,577322.003448
1743484,IT,US,WHOLE,INSUR,5.79,669621.257,6,6,669619.218,0.0,1.0,1.0,0.039,115651.339724
1812333,IT,WM,BASIC,RUBBE,0.77,669597.227,5,5,669596.185,0.0,0.0,1.0,0.042,869606.788312
1726574,IT,RO,OFFIC,POSTT,2.07,669419.549,6,6,669417.501,0.0,1.0,1.0,0.048,323391.086473
1642917,IT,AT,TRANS,AIRTR,3.99,669382.592,6,6,669380.556,0.0,1.0,1.0,0.036,167765.060652
1744828,IT,US,RESEA,AUXIL,3.63,669170.851,6,6,669168.804,0.0,1.0,1.0,0.047,184344.587052
1725402,IT,RO,TEXTI,FURNI,3.96,669145.003,6,6,669142.914,0.0,1.0,1.0,0.089,168976.010859
1743318,IT,US,FURNI,RECRE,2.14,669138.402,6,6,669134.344,0.0,2.0,2.0,0.058,312681.496262
1770329,IT,AU,HOTEL,WASTE,4.85,669039.813,6,6,669037.763,0.0,1.0,1.0,0.05,137946.353196
1761541,IT,IN,LEAD1,FABRI,1.16,669033.6,6,6,669028.544,0.0,2.0,3.0,0.056,576753.103448
1647365,IT,BE,SEACO,SALEM,0.68,669020.191,4,4,669020.179,0.0,0.0,0.0,0.012,983853.222059
1648768,IT,BG,BEVER,FOOD5,2.84,669002.183,6,6,668999.14,0.0,2.0,1.0,0.043,235564.148944
1674223,IT,FR,LIQUE,BUSIN,1.17,668825.804,5,5,668824.75,0.0,0.0,1.0,0.054,571645.986325
1812505,IT,WM,ALUM1,ALUMI,1.16,668763.65,6,6,668761.596,0.0,1.0,1.0,0.054,576520.387931
1812095,IT,WM,CERAM,POSTT,1.04,668731.721,5,5,668728.685,0.0,0.0,3.0,0.036,643011.270192
1789185,IT,WA,PLAST,KEROS,1.4,668723.399,6,6,668721.331,0.0,1.0,1.0,0.068,477659.570714
1741816,IT,US,PLAST,WHOLE,1.4,668695.571,6,6,668693.503,0.0,1.0,1.0,0.068,477639.693571
1738085,IT,GB,RUBBE,HOTEL,2.22,668663.958,6,6,668661.897,0.0,1.0,1.0,0.061,301199.981081
1713664,IT,MT,COPP1,PLAST,1.69,668643.939,6,6,668640.904,0.0,1.0,2.0,0.035,395647.301183
1732888,IT,SI,PREC1,TEXTI,1.14,668595.937,6,6,668593.906,0.0,1.0,1.0,0.031,586487.664035
1749072,IT,CN,LEATH,EDUCA,4.79,668569.058,6,6,668562.942,0.0,5.0,1.0,0.116,139576.003758
1686068,IT,HU,RUBBE,TEXTI,2.21,668525.715,6,6,668523.654,0.0,1.0,1.0,0.061,302500.323529
1786364,IT,ZA,MACHI,FISH5,3.73,668441.619,6,6,668439.564,0.0,1.0,1.0,0.055,179206.868365
1773954,IT,CH,SALEM,TRANS,5.39,668256.782,6,6,668254.74,0.0,1.0,1.0,0.042,123980.850093
1798976,IT,WE,TOBAC,REALE,2.63,668202.174,6,6,668198.132,0.0,3.0,1.0,0.042,254069.267681
1759731,IT,BR,BUSIN,WOODW,6.86,668065.514,6,6,668063.468,0.0,1.0,1.0,0.046,97385.64344
1751989,IT,CN,RESEA,CHEM1,3.62,667959.097,6,6,667957.05,0.0,1.0,1.0,0.047,184519.087569
1741830,IT,US,NFERT,REALE,0.14,667908.511,4,4,667908.456,0.0,0.0,0.0,0.055,4770775.078571
1741665,IT,US,HEAVY,GLASS,1.08,667906.442,5,5,667905.388,0.0,0.0,1.0,0.054,618431.890741
1653199,IT,CZ,RUBBE,CROPS,2.21,667902.755,6,6,667900.694,0.0,1.0,1.0,0.061,302218.441176
1679886,IT,GR,COPP1,ELECT,1.69,667821.28,6,6,667818.245,0.0,1.0,2.0,0.035,395160.52071
1766657,IT,RU,FABRI,ELECT,2.72,667799.989,6,6,667797.941,0.0,1.0,1.0,0.048,245514.701838
1810518,IT,WM,PAPER,LIQUE,2.59,667559.073,6,6,667553.007,0.0,5.0,1.0,0.066,257744.81583
1811720,IT,WM,ADDIT,CRUDE,1.55,667549.424,6,6,667543.372,0.0,5.0,1.0,0.052,430677.047742
1774417,IT,CH,RAILW,OFFIC,4.47,667419.804,5,5,667414.774,0.0,0.0,5.0,0.03,149310.918121
1807398,IT,WF,FINAN,REALE,8.69,667389.235,4,4,667389.216,0.0,0.0,0.0,0.019,76799.681818
1753334,IT,CA,BASIC,WHOLE,0.77,667373.728,5,5,667372.686,0.0,0.0,1.0,0.042,866719.127273
1754264,IT,CA,POSTT,POSTT,10.99,667299.401,6,6,667297.35,0.0,1.0,1.0,0.051,60718.780801
1772942,IT,CH,PREC1,CERAM,1.13,667139.035,6,6,667137.004,0.0,1.0,1.0,0.031,590388.526549
1653097,IT,CZ,CHEM1,DAIRY,1.39,667125.091,6,6,667123.018,0.0,1.0,1.0,0.073,479946.108633
1742653,IT,US,COPP1,MOTO1,1.69,667039.428,6,6,667036.394,0.0,1.0,2.0,0.034,394697.886391
1748943,IT,CN,WEARI,WHOLE,5.03,666966.248,6,6,666964.121,0.0,1.0,1.0,0.127,132597.663618
1660111,IT,DE,AIRTR,FINAN,0.73,666964.625,4,4,666964.604,0.0,0.0,0.0,0.021,913650.171233
1741926,IT,US,CHEM1,OFFIC,1.39,666944.468,6,6,666942.395,0.0,1.0,1.0,0.073,479816.164029
1652030,IT,CZ,VEGET,HOTEL,2.36,666599.174,5,5,666596.148,0.0,3.0,0.0,0.026,282457.277119
1806264,IT,WF,MACHI,OFFIC,3.72,666595.369,6,6,666593.314,0.0,1.0,1.0,0.055,179192.303495
1669078,IT,ES,SUPPO,DIST1,4.79,666458.287,6,6,666456.254,0.0,1.0,1.0,0.033,139135.341754
1686883,IT,HU,MACHI,CROPS,3.72,666304.852,6,6,666302.797,0.0,1.0,1.0,0.055,179114.207527
1723164,IT,PT,RUBBE,MEATP,2.21,666273.592,6,6,666271.532,0.0,1.0,1.0,0.06,301481.263348
1806144,IT,WF,FABRI,OFFIC,2.71,666247.917,6,6,666245.869,0.0,1.0,1.0,0.048,245847.939852
1800258,IT,WE,PLAST,FABRI,1.4,666084.271,6,6,666082.203,0.0,1.0,1.0,0.068,475774.479286
1773670,IT,CH,FURNI,CHEM1,2.13,666011.169,6,6,666007.112,0.0,2.0,2.0,0.057,312681.3
1813984,IT,WM,SEACO,MOTOR,0.68,665930.219,4,4,665930.207,0.0,0.0,0.0,0.012,979309.145588
1654048,IT,CZ,MACHI,RENTI,3.71,665740.544,6,6,665738.489,0.0,1.0,1.0,0.055,179444.890566
1657237,IT,DE,CHEM1,BRICK,1.39,665739.975,6,6,665737.902,0.0,1.0,1.0,0.073,478949.622302
1750631,IT,CN,OFFIC,PUBLI,2.06,665647.918,6,6,665645.87,0.0,1.0,1.0,0.048,323130.057282
1673033,IT,FR,FOOD5,MEATP,3.2,665646.483,6,6,665642.423,0.0,3.0,1.0,0.06,208014.525938
1749797,IT,CN,RUBBE,VEGET,2.21,665601.682,6,6,665599.622,0.0,1.0,1.0,0.06,301177.231674
1769556,IT,AU,ALUM1,CONST,1.16,665571.812,6,6,665569.759,0.0,1.0,1.0,0.053,573768.803448
1748780,IT,CN,TEXTI,PAPER,3.94,665551.408,6,6,665549.32,0.0,1.0,1.0,0.088,168921.677157
1788326,IT,WA,LEATH,LANDT,4.77,665509.796,6,6,665503.681,0.0,5.0,1.0,0.115,139519.873375
1660867,IT,DE,COMPU,EDUCA,7.6,665498.886,6,6,665496.844,0.0,1.0,1.0,0.042,87565.642895
1647371,IT,BE,SEACO,SUPPO,0.68,665479.182,4,4,665479.17,0.0,0.0,0.0,0.012,978645.855882
1732116,IT,SI,GASDI,CATTL,0.99,665413.194,5,5,665412.14,0.0,0.0,1.0,0.054,672134.539394
1721267,IT,PL,LANDT,MOTO1,4.29,665350.798,5,5,665349.767,0.0,0.0,1.0,0.031,155093.426107
1747500,IT,JP,SEACO,CONST,0.68,665329.806,4,4,665329.794,0.0,0.0,0.0,0.012,978426.185294
1641459,IT,AT,GASDI,RAILW,0.99,665318.794,5,5,665317.74,0.0,0.0,1.0,0.054,672039.185859
1781031,IT,TW,BUSIN,BUSIN,6.83,665316.963,6,6,665314.917,0.0,1.0,1.0,0.046,97410.975549
1771955,IT,CH,PAPER,SECO9,2.58,665269.092,6,6,665263.026,0.0,5.0,1.0,0.066,257856.237209
1658366,IT,DE,NONF1,REALE,0.15,665224.962,4,4,665224.958,0.0,0.0,0.0,0.004,4434833.08
1796966,IT,WL,AIRTR,BIODI,0.72,665201.178,4,4,665201.157,0.0,0.0,0.0,0.021,923890.525
1660051,IT,DE,AIRTR,PRINT,0.72,665170.171,4,4,665170.15,0.0,0.0,0.0,0.021,923847.459722
1710179,IT,LT,MACHI,CONST,3.71,665149.128,6,6,665147.073,0.0,1.0,1.0,0.055,179285.479245
1750126,IT,CN,PREC1,CHEM1,1.13,665069.09,6,6,665067.059,0.0,1.0,1.0,0.031,588556.716814
1812567,IT,WM,ALUM1,REALE,1.16,665004.801,6,6,665002.748,0.0,1.0,1.0,0.053,573280.000862
1777410,IT,TR,CEMEN,CONST,1.06,664961.753,5,5,664957.723,0.0,0.0,4.0,0.03,627322.408491
1804963,IT,WF,PLAST,OILSE,1.4,664906.771,6,6,664904.703,0.0,1.0,1.0,0.068,474933.407857
1683760,IT,HR,MACHI,WHOLE,3.71,664825.268,6,6,664823.213,0.0,1.0,1.0,0.055,179198.185445
1721550,IT,PL,SUPPO,LANDT,4.78,664737.021,6,6,664734.988,0.0,1.0,1.0,0.033,139066.322385
1764204,IT,MX,MACHI,FISH5,3.71,664705.127,6,6,664703.072,0.0,1.0,1.0,0.055,179165.802426
1781922,IT,NO,CHEM1,RETA1,1.39,664670.611,6,6,664668.538,0.0,1.0,1.0,0.073,478180.295683
1811526,IT,WM,NFERT,REALE,0.14,664654.993,4,4,664654.939,0.0,0.0,0.0,0.054,4747535.664286
1642385,IT,AT,BASIC,FOOD2,0.77,664635.928,5,5,664634.886,0.0,0.0,1.0,0.042,863163.542857
1784000,IT,ID,FOOD5,HOTEL,3.19,664405.202,6,6,664401.143,0.0,3.0,1.0,0.059,208277.49279
1649911,IT,BG,FABRI,TEXTI,2.7,664383.42,6,6,664381.372,0.0,1.0,1.0,0.048,246067.933333
1756393,IT,KR,FURNI,CONST,2.12,664360.353,6,6,664356.296,0.0,2.0,2.0,0.057,313377.525
1750263,IT,CN,COPP1,TRANS,1.68,664300.355,6,6,664297.321,0.0,1.0,2.0,0.034,395416.877976
1795832,IT,WL,MACHI,SEACO,3.71,664293.719,6,6,664291.664,0.0,1.0,1.0,0.055,179054.910782
1717716,IT,NL,BUSIN,REALE,6.82,664146.783,6,6,664144.737,0.0,1.0,1.0,0.046,97382.226246
1657071,IT,DE,NONSP,CERAM,0.87,664144.677,5,5,664143.641,0.0,0.0,1.0,0.036,763384.686207
1642530,IT,AT,COPP1,MACHI,1.68,664141.026,6,6,664137.992,0.0,1.0,2.0,0.034,395322.039286
1642116,IT,AT,GLASS,RESEA,1.82,664126.143,5,5,664123.105,0.0,0.0,3.0,0.038,364904.474176
1811302,IT,WM,BITU1,NONME,1.05,664109.368,5,5,664108.315,0.0,0.0,1.0,0.053,632485.112381
1720443,IT,PL,MACHI,NONME,3.7,664057.514,6,6,664055.459,0.0,1.0,1.0,0.055,179475.003784
1711256,IT,LU,OFFIC,AUXIL,2.06,664024.355,6,6,664022.307,0.0,1.0,1.0,0.048,322341.919903
1689477,IT,IE,HOTEL,BUSIN,4.81,663995.175,6,6,663993.125,0.0,1.0,1.0,0.05,138044.734927
1764051,IT,MX,NONF1,FURNI,0.15,663988.013,4,4,663988.009,0.0,0.0,0.0,0.004,4426586.753333
1793361,IT,WL,VEGET,FOOD5,2.35,663730.379,5,5,663727.353,0.0,3.0,0.0,0.026,282438.459149
1750603,IT,CN,OFFIC,ELEC1,2.06,663659.669,6,6,663657.621,0.0,1.0,1.0,0.048,322164.887864
1672413,IT,FI,BUSIN,RETA1,6.81,663322.664,6,6,663320.618,0.0,1.0,1.0,0.046,97404.209104
1668573,IT,ES,HOTEL,REALE,4.81,663259.704,6,6,663257.654,0.0,1.0,1.0,0.05,137891.830353
1715991,IT,NL,BRICK,PREC1,0.99,663132.776,5,5,663129.733,0.0,0.0,3.0,0.043,669831.086869
1671258,IT,FI,BASIC,MOTO1,0.76,663120.529,5,5,663119.487,0.0,0.0,1.0,0.042,872527.011842
1666596,IT,ES,CHEM1,MACHI,1.39,663019.176,6,6,663017.104,0.0,1.0,1.0,0.072,476992.21295
1746842,IT,JP,MACHI,LANDT,3.7,663007.036,6,6,663004.982,0.0,1.0,1.0,0.054,179191.090811
1641714,IT,AT,PLAST,OFFIC,1.39,662985.071,6,6,662983.004,0.0,1.0,1.0,0.067,476967.676978
1798629,IT,WE,MEAT4,CRUDE,3.65,662930.665,6,6,662926.62,0.0,3.0,1.0,0.045,181624.839726
1642549,IT,AT,COPP1,RESEA,1.67,662884.082,6,6,662881.048,0.0,1.0,2.0,0.034,396936.576048
1790230,IT,WA,PREC1,CERAM,1.13,662853.583,6,6,662851.552,0.0,1.0,1.0,0.031,586596.09115
1661481,IT,DK,FOOD5,RAWMI,3.18,662815.32,6,6,662811.261,0.0,3.0,1.0,0.059,208432.490566
1788556,IT,WA,PAPER,PFERT,2.57,662801.061,6,6,662794.996,0.0,5.0,1.0,0.065,257899.245525
1756792,IT,KR,AIRTR,FINAN,0.72,662704.909,4,4,662704.888,0.0,0.0,0.0,0.021,920423.484722
1801537,IT,WE,MOTO1,93197,3.53,662698.2,6,6,662696.157,0.0,1.0,1.0,0.043,187733.201133
1650266,IT,BG,ELEC1,MOTOR,0.09,662690.93,4,4,662690.888,0.0,0.0,0.0,0.042,7363232.555556
1785681,IT,ZA,HEAVY,HEALT,1.07,662658.949,5,5,662657.896,0.0,0.0,1.0,0.053,619307.428972
1795668,IT,WL,FABRI,COPP1,2.7,662653.545,6,6,662651.497,0.0,1.0,1.0,0.048,245427.238889
1683533,IT,HR,ALUM1,OFFIC,1.15,662451.807,6,6,662449.754,0.0,1.0,1.0,0.053,576045.049565
1810513,IT,WM,PAPER,MOTOR,2.57,662425.373,6,6,662419.308,0.0,5.0,1.0,0.065,257753.063424
1803763,IT,WF,TEXTI,CROPS,3.92,662381.068,6,6,662378.98,0.0,1.0,1.0,0.088,168974.762245
1763462,IT,MX,PLAST,PLAST,1.39,662188.699,6,6,662186.632,0.0,1.0,1.0,0.067,476394.747482
1740819,IT,US,VEGE1,LUBRI,2.04,662001.061,6,6,661995.917,0.0,4.0,1.0,0.144,324510.32402
1732185,IT,SI,GASDI,EDUCA,0.99,661904.032,5,5,661902.978,0.0,0.0,1.0,0.054,668589.931313
1811024,IT,WM,HEAVY,VEGET,1.07,661742.785,5,5,661741.732,0.0,0.0,1.0,0.053,618451.200935
1652649,IT,CZ,WOODW,CONST,1.85,661540.216,6,6,661535.171,0.0,4.0,1.0,0.045,357589.305946
1799688,IT,WE,MOTOR,DISTR,0.99,661336.46,5,5,661335.406,0.0,0.0,1.0,0.054,668016.626263
1641064,IT,AT,PAPER,FOOD5,2.56,661217.044,6,6,661210.979,0.0,5.0,1.0,0.065,258287.907812
1663878,IT,EE,WEARI,ELEC6,4.98,661142.039,6,6,661139.913,0.0,1.0,1.0,0.126,132759.445582
1655342,IT,DE,VEGET,REALE,2.34,661078.577,5,5,661075.551,0.0,3.0,0.0,0.026,282512.212393
1641099,IT,AT,PAPER,MACHI,2.56,660973.658,6,6,660967.593,0.0,5.0,1.0,0.065,258192.835156
1728462,IT,SE,LEATH,ELEC3,4.73,660837.468,6,6,660831.354,0.0,5.0,1.0,0.114,139711.938266
1675441,IT,FR,MACHI,FOODW,3.69,660809.282,6,6,660807.228,0.0,1.0,1.0,0.054,179081.106233
1641806,IT,AT,CHEM1,TRANS,1.38,660751.66,6,6,660749.588,0.0,1.0,1.0,0.072,478805.550725
1795662,IT,WL,FABRI,CEMEN,2.69,660749.874,6,6,660747.827,0.0,1.0,1.0,0.047,245631.92342
1655280,IT,DE,WHEAT,EDUCA,0.5,660660.045,5,5,660655.029,0.0,5.0,0.0,0.016,1321320.09
1728070,IT,SE,MEAT4,FISHF,3.64,660556.408,6,6,660552.363,0.0,3.0,1.0,0.045,181471.540659
1786341,IT,ZA,MACHI,COKIN,3.69,660520.874,6,6,660518.82,0.0,1.0,1.0,0.054,179002.946883
1737927,IT,GB,CHEM1,HEAVY,1.38,660517.356,6,6,660515.284,0.0,1.0,1.0,0.072,478635.765217
1771389,IT,CH,FOOD5,DAIRY,3.17,660412.899,6,6,660408.84,0.0,3.0,1.0,0.059,208332.144795
1643873,IT,AT,REALE,PAPER,27.9,660286.564,6,6,660283.521,0.0,1.0,2.0,0.043,23666.18509
1771336,IT,CH,DAIRY,HEALT,2.68,660072.838,6,6,660066.793,0.0,5.0,1.0,0.045,246295.835075
1645597,IT,BE,CHEM1,LIQUE,1.38,660054.901,6,6,660052.829,0.0,1.0,1.0,0.072,478300.652899
1666505,IT,ES,PLAST,FURNI,1.38,659584.251,6,6,659582.184,0.0,1.0,1.0,0.067,477959.602174
1713436,IT,MT,PLAST,POSTT,1.38,659512.141,6,6,659510.074,0.0,1.0,1.0,0.067,477907.348551
1803288,IT,WF,FISHF,PRECI,1.14,659499.285,4,4,659499.261,0.0,0.0,0.0,0.024,578508.144737
1766783,IT,RU,MACHI,PFERT,3.68,659465.433,6,6,659463.379,0.0,1.0,1.0,0.054,179202.563315
1788078,IT,WA,TEXTI,BUSIN,3.91,659304.488,6,6,659302.4,0.0,1.0,1.0,0.088,168620.073657
1772973,IT,CH,PREC1,RETA1,1.12,659261.21,6,6,659259.18,0.0,1.0,1.0,0.03,588626.080357
1673793,IT,FR,PAPER,INERT,2.55,659238.85,6,6,659232.785,0.0,5.0,1.0,0.065,258525.039216
1812948,IT,WM,MACHI,PAPER,3.68,659163.488,6,6,659161.434,0.0,1.0,1.0,0.054,179120.513043
1680504,IT,GR,ELEC6,TRAN1,0.1,659129.939,4,4,659129.833,0.0,0.0,0.0,0.106,6591299.39
1743983,IT,US,AIRTR,KEROS,0.72,658887.209,4,4,658887.188,0.0,0.0,0.0,0.021,915121.123611
1784391,IT,ID,GLASS,CONST,1.81,658785.522,5,5,658782.484,0.0,0.0,3.0,0.038,363969.901657
1811684,IT,WM,CHEM1,FINAN,1.38,658735.798,6,6,658733.726,0.0,1.0,1.0,0.072,477344.781159
1666398,IT,ES,NAPHT,WHOLE,1.12,658730.074,5,5,658729.027,0.0,0.0,1.0,0.047,588151.851786
1645109,IT,BE,PAPER,BUSIN,2.55,658257.795,6,6,658251.73,0.0,5.0,1.0,0.065,258140.311765
1751226,IT,CN,HOTEL,FURNI,4.77,658212.887,6,6,658210.837,0.0,1.0,1.0,0.05,137990.123061
1677213,IT,FR,POSTT,COMPU,10.84,658148.761,6,6,658146.711,0.0,1.0,1.0,0.05,60714.830351
1757735,IT,BR,NAPHT,RETA1,1.12,658142.865,5,5,658141.818,0.0,0.0,1.0,0.047,587627.558036
1670423,IT,FI,FOOD5,PLAST,3.16,658112.232,6,6,658108.173,0.0,3.0,1.0,0.059,208263.364557
1801440,IT,WE,MOTO1,NATUR,3.5,657943.163,6,6,657941.12,0.0,1.0,1.0,0.043,187983.760857
1751211,IT,CN,HOTEL,BASIC,4.77,657651.382,6,6,657649.332,0.0,1.0,1.0,0.05,137872.407128
1744011,IT,US,AIRTR,FOUND,0.72,657606.421,4,4,657606.4,0.0,0.0,0.0,0.021,913342.251389
1753230,IT,CA,CERAM,NONF1,1.02,657404.559,5,5,657401.523,0.0,0.0,3.0,0.036,644514.273529
1766888,IT,RU,OFFIC,OFFIC,2.04,657381.839,6,6,657379.792,0.0,1.0,1.0,0.047,322245.99951
1674864,IT,FR,NONME,MOTO1,1.33,657267.553,5,5,657266.481,0.0,0.0,1.0,0.072,494186.130075
1725227,IT,RO,FOOD5,BEVER,3.16,657260.704,6,6,657256.645,0.0,3.0,1.0,0.059,207993.893671
1661540,IT,DK,BEVER,RAWMI,2.79,657249.34,6,6,657246.298,0.0,2.0,1.0,0.042,235573.240143
1659011,IT,DE,ELEC2,RUBBE,0.16,657213.928,4,4,657213.859,0.0,0.0,0.0,0.069,4107587.05
1813909,IT,WM,LANDT,SUPPO,4.24,657152.581,5,5,657151.55,0.0,0.0,1.0,0.031,154988.816274
1773782,IT,CH,ELEC2,WHOLE,0.16,657151.171,4,4,657151.102,0.0,0.0,0.0,0.069,4107194.81875
1677105,IT,FR,SUPPO,RESEA,4.72,657109.062,6,6,657107.03,0.0,1.0,1.0,0.032,139218.02161
1761155,IT,IN,CHEM1,FOUND,1.37,656941.243,6,6,656939.171,0.0,1.0,1.0,0.072,479519.155474
1770240,IT,AU,HOTEL,WOODW,4.76,656704.95,6,6,656702.901,0.0,1.0,1.0,0.049,137963.22479
1776339,IT,TR,PAPER,WHOLE,2.54,656643.586,6,6,656637.521,0.0,5.0,1.0,0.065,258521.09685
1789623,IT,WA,RUBBE,FOOD5,2.18,656619.834,6,6,656617.774,0.0,1.0,1.0,0.06,301201.758716
1663047,IT,DK,HOTEL,SUPPO,4.76,656579.349,6,6,656577.3,0.0,1.0,1.0,0.049,137936.838025
1661446,IT,DK,DAIRY,STEAM,2.67,656531.781,6,6,656525.737,0.0,5.0,1.0,0.044,245892.052809
1793456,IT,WL,STONE,CHEM1,2.12,656530.281,5,5,656493.251,0.0,0.0,37.0,0.03,309684.094811
1769228,IT,AU,RUBBE,BITUM,2.17,656445.002,6,6,656442.942,0.0,1.0,1.0,0.06,302509.217512
1810745,IT,WM,MOTOR,INSUR,0.98,656171.512,5,5,656170.459,0.0,0.0,1.0,0.053,669562.767347
1739306,IT,GB,HOTEL,WHOLE,4.76,656081.579,6,6,656079.53,0.0,1.0,1.0,0.049,137832.264496
1669796,IT,ES,BUSIN,TRANS,6.74,655826.475,6,6,655824.43,0.0,1.0,1.0,0.045,97303.631306
1657926,IT,DE,BASIC,PREC1,0.75,655818.334,5,5,655817.293,0.0,0.0,1.0,0.041,874424.445333
1742774,IT,US,FABRI,ELECT,2.67,655810.395,6,6,655808.348,0.0,1.0,1.0,0.047,245621.870787
1795769,IT,WL,MACHI,GASDI,3.66,655710.361,6,6,655708.307,0.0,1.0,1.0,0.054,179155.836339
1802801,IT,WE,BUSIN,PUBLI,6.73,655593.646,6,6,655591.601,0.0,1.0,1.0,0.045,97413.617533
1776290,IT,TR,PAPER,WEARI,2.54,655487.21,6,6,655481.145,0.0,5.0,1.0,0.065,258065.830709
1725458,IT,RO,WEARI,WEARI,4.94,655308.934,6,6,655306.809,0.0,1.0,1.0,0.125,132653.630364
1645295,IT,BE,KEROS,NAPHT,0.97,655265.75,5,5,655264.697,0.0,0.0,1.0,0.053,675531.701031
1745060,IT,US,PUBLI,FURNI,10.73,655255.617,6,6,655253.571,0.0,1.0,1.0,0.046,61067.62507
1729767,IT,SE,MACHI,TRANS,3.66,655238.588,6,6,655236.534,0.0,1.0,1.0,0.054,179026.936612
1777793,IT,TR,FABRI,LEATH,2.67,655230.443,6,6,655228.396,0.0,1.0,1.0,0.047,245404.6603
1649779,IT,BG,BASIC,RAILW,0.75,655217.366,5,5,655216.325,0.0,0.0,1.0,0.041,873623.154667
1809556,IT,WM,VEGE1,DAIRY,2.01,655159.939,6,6,655154.796,0.0,4.0,1.0,0.143,325950.218408
1669883,IT,ES,PUBLI,OFFIC,10.73,655116.58,6,6,655114.534,0.0,1.0,1.0,0.046,61054.667288
1782813,IT,NO,HOTEL,SEACO,4.75,655084.176,6,6,655082.127,0.0,1.0,1.0,0.049,137912.458105
1805736,IT,WF,BASIC,RADIO,0.75,655039.143,5,5,655038.102,0.0,0.0,1.0,0.041,873385.524
1741399,IT,US,PRINT,EDUCA,6.28,654951.227,6,6,654949.177,0.0,1.0,1.0,0.05,104291.596656
1756221,IT,KR,MACHI,TRAN1,3.65,654830.079,6,6,654828.025,0.0,1.0,1.0,0.054,179405.501096
1660641,IT,DE,REALE,WHOLE,27.66,654722.879,6,6,654719.836,0.0,1.0,2.0,0.043,23670.386081
1796940,IT,WL,AIRTR,BEVER,0.71,654509.201,4,4,654509.18,0.0,0.0,0.0,0.021,921843.94507
1718872,IT,PL,PAPER,RECRE,2.54,654443.663,6,6,654437.598,0.0,5.0,1.0,0.065,257654.985433
1767028,IT,RU,TRANS,AIRTR,3.91,654428.343,6,6,654426.307,0.0,1.0,1.0,0.036,167372.977749
1737866,IT,GB,PLAST,CEMEN,1.37,654341.735,6,6,654339.668,0.0,1.0,1.0,0.067,477621.70438
1686501,IT,HU,PREC1,MOTO1,1.11,654247.177,6,6,654245.147,0.0,1.0,1.0,0.03,589411.871171
1682522,IT,HR,COKEO,BRICK,0.08,654183.625,4,4,654183.622,0.0,0.0,0.0,0.003,8177295.3125
1767573,IT,RU,AIRTR,HEALT,0.71,654051.941,4,4,654051.92,0.0,0.0,0.0,0.021,921199.916901
1750353,IT,CN,FABRI,COKEO,2.66,653962.152,6,6,653960.105,0.0,1.0,1.0,0.047,245850.433083
1801217,IT,WE,FABRI,OFFIC,2.66,653857.778,6,6,653855.731,0.0,1.0,1.0,0.047,245811.194737
1645923,IT,BE,CERAM,REFI1,1.02,653596.673,5,5,653593.638,0.0,0.0,3.0,0.035,640781.051961
1712895,IT,LV,REALE,DIST1,27.61,653447.123,6,6,653444.08,0.0,1.0,2.0,0.043,23667.045382
1675039,IT,FR,ALUM1,FOOD5,1.14,653433.063,5,5,653432.011,0.0,0.0,1.0,0.052,573186.897368
1729763,IT,SE,MACHI,OFFIC,3.65,653420.15,6,6,653418.096,0.0,1.0,1.0,0.054,179019.219178
1801265,IT,WE,MACHI,OILSE,3.65,653357.157,6,6,653355.103,0.0,1.0,1.0,0.054,179001.960822
1741959,IT,US,CHEM1,INSUR,1.37,653245.55,6,6,653243.479,0.0,1.0,1.0,0.071,476821.569343
1752422,IT,CA,VEGE1,WHOLE,2.01,653200.213,6,6,653195.071,0.0,4.0,1.0,0.142,324975.230348
1788787,IT,WA,KEROS,HEAVY,0.97,653190.338,5,5,653189.285,0.0,0.0,1.0,0.053,673392.101031
1726303,IT,RO,PREC1,PLAST,1.11,653149.531,6,6,653147.501,0.0,1.0,1.0,0.03,588423.000901
1811002,IT,WM,GASDI,POSTT,0.97,653107.309,5,5,653106.256,0.0,0.0,1.0,0.053,673306.504124
1652224,IT,CZ,FOOD5,POULT,3.14,653062.559,6,6,653058.501,0.0,3.0,1.0,0.058,207981.706688
1672409,IT,FI,BUSIN,CONST,6.71,653055.993,6,6,653053.948,0.0,1.0,1.0,0.045,97325.781371
1760979,IT,IN,NAPHT,ELEC1,1.11,653011.166,5,5,653010.119,0.0,0.0,1.0,0.047,588298.347748
1783274,IT,NO,FOODW,PREC1,4.81,652802.821,6,6,652800.78,0.0,1.0,1.0,0.041,135717.842204
1810487,IT,WM,PAPER,NATUR,2.53,652766.586,6,6,652760.522,0.0,5.0,1.0,0.064,258010.5083
1675682,IT,FR,TRANS,AIRTR,3.89,652641.623,6,6,652639.588,0.0,1.0,1.0,0.035,167774.196144
1803929,IT,WF,WEARI,WHOLE,4.92,652637.272,6,6,652635.148,0.0,1.0,1.0,0.124,132649.852033
1771958,IT,CH,PAPER,TRAN1,2.53,652570.703,6,6,652564.639,0.0,5.0,1.0,0.064,257933.08419
1641605,IT,AT,NAPHT,CHEM1,1.11,652558.201,5,5,652557.154,0.0,0.0,1.0,0.047,587890.271171
1719413,IT,PL,RUBBE,ALUM1,2.16,652238.361,6,6,652236.302,0.0,1.0,1.0,0.059,301962.204167
1711430,IT,LU,HOTEL,BUSIN,4.73,652198.472,6,6,652196.423,0.0,1.0,1.0,0.049,137885.512051
1750845,IT,CN,FURNI,MEDIC,2.08,652188.211,6,6,652184.155,0.0,2.0,2.0,0.056,313552.024519
1745299,IT,JP,MEAT4,CHEM1,3.59,652146.911,6,6,652142.867,0.0,3.0,1.0,0.044,181656.52117
1772578,IT,CH,RUBBE,FINAN,2.16,652112.652,6,6,652110.593,0.0,1.0,1.0,0.059,301904.005556
1728931,IT,SE,CHEM1,ELEC3,1.36,651971.208,6,6,651969.137,0.0,1.0,1.0,0.071,479390.594118
1773361,IT,CH,MACHI,RETA1,3.64,651963.146,6,6,651961.092,0.0,1.0,1.0,0.054,179110.754396
1678878,IT,GR,FISH5,REALE,2.74,651948.352,6,6,651945.017,0.0,2.0,1.0,0.335,237937.354745
1732488,IT,SI,CHEM1,RESEA,1.36,651908.967,6,6,651906.896,0.0,1.0,1.0,0.071,479344.828676
1657667,IT,DE,CERAM,DISTR,1.02,651823.825,5,5,651820.79,0.0,0.0,3.0,0.035,639042.965686
1810751,IT,WM,MOTOR,BUSIN,0.97,651814.928,5,5,651813.875,0.0,0.0,1.0,0.053,671974.152577
1714398,IT,NL,VEGET,MEATC,2.31,651756.966,5,5,651753.94,0.0,3.0,0.0,0.026,282145.872727
1647435,IT,BE,AIRTR,WHOLE,0.71,651693.491,4,4,651693.47,0.0,0.0,0.0,0.021,917878.156338
1653950,IT,CZ,MACHI,BITUM,3.64,651652.756,6,6,651650.702,0.0,1.0,1.0,0.054,179025.482418
1804360,IT,WF,MOTOR,HEALT,0.97,651566.53,5,5,651565.477,0.0,0.0,1.0,0.053,671718.072165
1780370,IT,TW,AIRTR,TRANS,0.71,651386.888,4,4,651386.867,0.0,0.0,0.0,0.021,917446.321127
1668073,IT,ES,FURNI,HEALT,2.08,651375.001,6,6,651370.945,0.0,2.0,2.0,0.056,313161.058173
1742187,IT,US,GLASS,TRANS,1.79,651351.228,5,5,651348.191,0.0,0.0,3.0,0.037,363883.367598
1685929,IT,HU,CHEM1,PUBLI,1.36,651308.382,6,6,651306.311,0.0,1.0,1.0,0.071,478903.222059
1641951,IT,AT,RUBBE,DAIRY,2.16,651231.264,6,6,651229.205,0.0,1.0,1.0,0.059,301495.955556
1719536,IT,PL,GLASS,MACHI,1.79,651144.358,5,5,651141.321,0.0,0.0,3.0,0.037,363767.797765
1781745,IT,NO,PAPER,WHOLE,2.52,651136.368,6,6,651130.304,0.0,5.0,1.0,0.064,258387.447619
1656626,IT,DE,PRINT,RETA1,6.25,651021.159,6,6,651019.109,0.0,1.0,1.0,0.05,104163.38544
1657370,IT,DE,RUBBE,VEGET,2.16,650770.161,6,6,650768.102,0.0,1.0,1.0,0.059,301282.481944
1650369,IT,BG,ELEC2,RAILW,0.16,650761.822,4,4,650761.754,0.0,0.0,0.0,0.068,4067261.3875
1644089,IT,AT,BUSIN,COMPU,6.68,650723.71,6,6,650721.665,0.0,1.0,1.0,0.045,97413.729042
1656487,IT,DE,PAPER,TEXTI,2.52,650666.511,6,6,650660.447,0.0,5.0,1.0,0.064,258200.996429
1764000,IT,MX,ALUM1,ELECT,1.13,650385.552,5,5,650384.5,0.0,0.0,1.0,0.052,575562.435398
1758895,IT,BR,HOTEL,RETA1,4.71,650150.886,6,6,650148.837,0.0,1.0,1.0,0.049,138036.281529
1733208,IT,SI,MACHI,RUBBE,3.63,650140.487,6,6,650138.434,0.0,1.0,1.0,0.053,179102.062534
1732343,IT,SI,NAPHT,REALE,1.1,649993.232,5,5,649992.186,0.0,0.0,1.0,0.046,590902.938182
1658370,IT,DE,NONF1,BUSIN,0.14,649953.636,4,4,649953.632,0.0,0.0,0.0,0.004,4642525.971429
1800032,IT,WE,HEAVY,BUSIN,1.05,649953.092,5,5,649952.04,0.0,0.0,1.0,0.052,619002.944762
1761441,IT,IN,BASIC,FURNI,0.75,649930.985,5,5,649929.944,0.0,0.0,1.0,0.041,866574.646667
1800752,IT,WE,NONME,CEMEN,1.31,649924.745,5,5,649923.674,0.0,0.0,1.0,0.071,496125.759542
1641567,IT,AT,HEAVY,BUSIN,1.05,649911.363,5,5,649910.311,0.0,0.0,1.0,0.052,618963.202857
1719789,IT,PL,BASIC,KEROS,0.75,649879.809,5,5,649878.768,0.0,0.0,1.0,0.041,866506.412
1794830,IT,WL,PLAST,SALEM,1.36,649834.125,6,6,649832.059,0.0,1.0,1.0,0.066,477819.209559
1732951,IT,SI,ALUM1,OFFIC,1.13,649756.617,5,5,649755.565,0.0,0.0,1.0,0.052,575005.855752
1765978,IT,RU,CHEM1,PULP5,1.36,649712.605,6,6,649710.534,0.0,1.0,1.0,0.071,477729.856618
1750421,IT,CN,FABRI,BUSIN,2.64,649698.044,6,6,649695.997,0.0,1.0,1.0,0.047,246097.743939
1650505,IT,BG,ELEC6,PFERT,0.1,649693.488,4,4,649693.384,0.0,0.0,0.0,0.104,6496934.88
1790822,IT,WA,MACHI,RADIO,3.62,649677.699,6,6,649675.646,0.0,1.0,1.0,0.053,179468.977624
1661275,IT,DK,OILSE,FOOD5,0.47,649655.881,5,5,649650.851,0.0,5.0,0.0,0.03,1382246.555319
1750078,IT,CN,BASIC,COPP1,0.75,649623.424,5,5,649622.383,0.0,0.0,1.0,0.041,866164.565333
1675605,IT,FR,MOTO1,DIST1,3.46,649590.821,6,6,649588.779,0.0,1.0,1.0,0.042,187743.01185
1677011,IT,FR,AIRTR,RECRE,0.71,649388.786,4,4,649388.766,0.0,0.0,0.0,0.02,914632.092958
1672822,IT,FR,MEAT4,SUGA1,3.58,649360.709,6,6,649356.665,0.0,3.0,1.0,0.044,181385.672905
1759170,IT,BR,AIRTR,REALE,0.71,649346.391,4,4,649346.371,0.0,0.0,0.0,0.02,914572.38169
1806581,IT,WF,CONST,CONST,3.63,649342.747,6,6,649339.712,0.0,1.0,2.0,0.035,178882.299449
1739378,IT,GB,RAILW,RAILW,4.34,649325.223,5,5,649320.194,0.0,0.0,5.0,0.029,149614.106682
1646114,IT,BE,BASIC,FOOD2,0.75,649324.773,5,5,649323.732,0.0,0.0,1.0,0.041,865766.364
1789628,IT,WA,RUBBE,WEARI,2.15,649299.365,6,6,649297.306,0.0,1.0,1.0,0.059,301999.704651
1726636,IT,RO,MOTO1,CONST,3.46,649286.354,6,6,649284.312,0.0,1.0,1.0,0.042,187655.015607
1762249,IT,IN,AIRTR,TOBAC,0.71,649283.423,4,4,649283.403,0.0,0.0,0.0,0.02,914483.694366
1762430,IT,IN,POSTT,POSTT,10.69,649273.141,6,6,649271.092,0.0,1.0,1.0,0.049,60736.495884
1648106,IT,BE,RESEA,PLAST,3.52,649236.866,6,6,649234.821,0.0,1.0,1.0,0.045,184442.291477
1800924,IT,WE,PREC1,INSUR,1.1,649089.157,6,6,649087.127,0.0,1.0,1.0,0.03,590081.051818
1645759,IT,BE,RUBBE,CEMEN,2.15,649006.587,6,6,649004.528,0.0,1.0,1.0,0.059,301863.528837
1718307,IT,PL,FOOD5,RETA1,3.12,648888.463,6,6,648884.405,0.0,3.0,1.0,0.058,207977.071474
1763163,IT,MX,LEATH,PLAST,4.65,648884.462,6,6,648878.35,0.0,5.0,1.0,0.112,139545.045591
1674130,IT,FR,HEAVY,PLAST,1.05,648410.209,5,5,648409.157,0.0,0.0,1.0,0.052,617533.532381
1757981,IT,BR,RUBBE,MEAT1,2.15,648401.907,6,6,648399.848,0.0,1.0,1.0,0.059,301582.282326
1801244,IT,WE,FABRI,AIRTR,2.64,648360.962,6,6,648358.915,0.0,1.0,1.0,0.047,245591.273485
1690148,IT,IE,COMPU,HEALT,7.4,648357.686,6,6,648355.645,0.0,1.0,1.0,0.041,87615.903514
1726570,IT,RO,OFFIC,LANDT,2.01,648230.041,6,6,648227.994,0.0,1.0,1.0,0.047,322502.50796
1764212,IT,MX,MACHI,PRINT,3.62,648124.198,6,6,648122.145,0.0,1.0,1.0,0.053,179039.833702
1668747,IT,ES,LANDT,OFFIC,4.18,648034.698,5,5,648033.667,0.0,0.0,1.0,0.031,155032.224402
1653935,IT,CZ,MACHI,VEGET,3.61,647727.274,6,6,647725.221,0.0,1.0,1.0,0.053,179425.837673
1761395,IT,IN,NONME,CEMEN,1.31,647667.507,5,5,647666.436,0.0,0.0,1.0,0.071,494402.677099
1713112,IT,MT,FOOD5,HOTEL,3.11,647633.361,6,6,647629.303,0.0,3.0,1.0,0.058,208242.238264
1760151,IT,BR,WASTE,NATUR,2.05,647272.907,6,6,647270.872,0.0,1.0,1.0,0.035,315742.881463
1729189,IT,SE,CERAM,FORES,1.01,647097.353,5,5,647094.318,0.0,0.0,3.0,0.035,640690.448515
1643533,IT,AT,TRAN2,TRAN2,1.0,647095.02,4,4,647095.002,0.0,0.0,0.0,0.018,647095.02
1784602,IT,ID,MACHI,NONF1,3.61,646741.096,6,6,646739.043,0.0,1.0,1.0,0.053,179152.658172
1761957,IT,IN,FURNI,WHOLE,2.06,646722.21,6,6,646718.154,0.0,2.0,2.0,0.056,313942.820388
1679458,IT,GR,CHEM1,GASDI,1.35,646600.145,6,6,646598.074,0.0,1.0,1.0,0.071,478963.07037
1729077,IT,SE,RUBBE,SALEM,2.14,646508.377,6,6,646506.318,0.0,1.0,1.0,0.059,302106.718224
1814135,IT,WM,AIRTR,SALEM,0.7,646502.759,4,4,646502.739,0.0,0.0,0.0,0.02,923575.37
1735843,IT,SK,MACHI,BUSIN,3.61,646481.959,6,6,646479.906,0.0,1.0,1.0,0.053,179080.875069
1794105,IT,WL,PAPER,COPP1,2.5,646409.676,6,6,646403.612,0.0,5.0,1.0,0.064,258563.8704
1720034,IT,PL,ALUM1,PREC1,1.12,646355.386,5,5,646354.334,0.0,0.0,1.0,0.052,577103.023214
1750435,IT,CN,MACHI,CROPS,3.61,646345.968,6,6,646343.915,0.0,1.0,1.0,0.053,179043.204432
1676538,IT,FR,HOTEL,FISHF,4.68,646208.506,6,6,646206.457,0.0,1.0,1.0,0.049,138078.740598
1788008,IT,WA,TEXTI,PAPER,3.83,646065.829,6,6,646063.743,0.0,1.0,1.0,0.086,168685.595039
1719401,IT,PL,RUBBE,CHEM1,2.14,645979.134,6,6,645977.075,0.0,1.0,1.0,0.059,301859.408411
1644060,IT,AT,BUSIN,MOTO1,6.63,645872.422,6,6,645870.377,0.0,1.0,1.0,0.045,97416.654902
1741014,IT,US,FISH5,HOTEL,2.71,645814.367,6,6,645811.035,0.0,2.0,1.0,0.332,238307.884502
1800499,IT,WE,RUBBE,PAPER,2.14,645791.08,6,6,645789.021,0.0,1.0,1.0,0.059,301771.53271
1789776,IT,WA,GLASS,MOTO1,1.77,645758.098,5,5,645755.061,0.0,0.0,3.0,0.037,364835.083616
1790125,IT,WA,BASIC,ALUM1,0.74,645755.185,5,5,645754.144,0.0,0.0,1.0,0.041,872642.141892
1812405,IT,WM,PREC1,CRUDE,1.1,645729.981,6,6,645727.951,0.0,1.0,1.0,0.03,587027.255455
1666476,IT,ES,PLAST,PAPER,1.35,645611.304,6,6,645609.238,0.0,1.0,1.0,0.066,478230.595556
1794658,IT,WL,NAPHT,LEATH,1.1,645560.21,5,5,645559.164,0.0,0.0,1.0,0.046,586872.918182
1760809,IT,IN,COKEO,MACHI,0.08,645470.076,4,4,645470.073,0.0,0.0,0.0,0.003,8068375.95
1776079,IT,TR,WEARI,WEARI,4.86,645338.459,6,6,645336.336,0.0,1.0,1.0,0.123,132785.691152
1641229,IT,AT,COKEO,RESEA,0.08,645286.442,4,4,645286.439,0.0,0.0,0.0,0.003,8066080.525
1764291,IT,MX,MACHI,RENTI,3.6,645151.194,6,6,645149.141,0.0,1.0,1.0,0.053,179208.665
1725082,IT,RO,POULT,BUSIN,1.71,645051.166,5,5,645049.116,0.0,2.0,0.0,0.05,377222.904094
1759496,IT,BR,REALE,WOODW,27.25,644974.24,6,6,644971.198,0.0,1.0,2.0,0.042,23668.77945
1674341,IT,FR,CHEM1,TOBAC,1.35,644958.735,6,6,644956.665,0.0,1.0,1.0,0.07,477747.211111
1673724,IT,FR,PAPER,BIOGA,2.5,644907.652,6,6,644901.588,0.0,5.0,1.0,0.064,257963.0608
1783847,IT,NO,TEXT2,FURNI,4.65,644695.107,6,6,644692.067,0.0,1.0,2.0,0.04,138644.109032
1793929,IT,WL,LEATH,LEATH,4.62,644508.621,6,6,644502.509,0.0,5.0,1.0,0.112,139504.030519
1650375,IT,BG,ELEC2,POSTT,0.16,644502.571,4,4,644502.504,0.0,0.0,0.0,0.067,4028141.06875
1723664,IT,PT,MACHI,MEAT4,3.59,644380.411,6,6,644378.358,0.0,1.0,1.0,0.053,179493.150696
1744890,IT,US,BUSIN,PRINT,6.62,644314.461,6,6,644312.417,0.0,1.0,1.0,0.044,97328.468429
1675741,IT,FR,FURNI,PLAST,2.06,644264.474,6,6,644260.419,0.0,2.0,2.0,0.055,312749.74466
1813315,IT,WM,TRANS,93197,3.84,644246.251,6,6,644244.216,0.0,1.0,1.0,0.035,167772.461198
1652167,IT,CZ,VEGE1,FOOD5,1.98,644128.166,6,6,644123.026,0.0,4.0,1.0,0.14,325317.255556
1747605,IT,JP,AIRTR,SALEM,0.7,644080.165,4,4,644080.145,0.0,0.0,0.0,0.02,920114.521429
1785973,IT,ZA,RUBBE,RETA1,2.13,643988.439,6,6,643986.381,0.0,1.0,1.0,0.058,302341.990141
1677934,IT,FR,BUSIN,AUXIL,6.61,643964.518,6,6,643962.474,0.0,1.0,1.0,0.044,97422.771256
1779034,IT,TR,AIRTR,BIOG1,0.7,643908.126,4,4,643908.106,0.0,0.0,0.0,0.02,919868.751429
1673702,IT,FR,PAPER,WEARI,2.49,643868.502,6,6,643862.438,0.0,5.0,1.0,0.064,258581.727711
1721261,IT,PL,LANDT,FABRI,4.15,643836.251,5,5,643835.221,0.0,0.0,1.0,0.03,155141.265301
1643689,IT,AT,SUPPO,WOODW,4.63,643664.406,6,6,643662.374,0.0,1.0,1.0,0.032,139020.390065
1741732,IT,US,NAPHT,BIOGA,1.09,643609.485,5,5,643608.439,0.0,0.0,1.0,0.046,590467.417431
1811864,IT,WM,RUBBE,PAPER,2.13,643590.888,6,6,643588.83,0.0,1.0,1.0,0.058,302155.346479
1657400,IT,DE,RUBBE,FISH5,2.13,643369.867,6,6,643367.809,0.0,1.0,1.0,0.058,302051.580751
1685563,IT,HU,PAPER,BUSIN,2.49,643272.836,6,6,643266.773,0.0,5.0,1.0,0.063,258342.504418
1676995,IT,FR,AIRTR,COMPU,0.7,643269.297,4,4,643269.277,0.0,0.0,0.0,0.02,918956.138571
1648636,IT,BG,VEGE1,FOOD5,1.98,643133.072,6,6,643127.932,0.0,4.0,1.0,0.14,324814.682828
1811625,IT,WM,CHEM1,ETHAN,1.34,643121.338,6,6,643119.268,0.0,1.0,1.0,0.07,479941.297015
1642024,IT,AT,RUBBE,REALE,2.13,643055.685,6,6,643053.627,0.0,1.0,1.0,0.058,301904.077465
1730272,IT,SE,SEACO,MOTO1,0.65,643040.782,4,4,643040.771,0.0,0.0,0.0,0.011,989293.510769
1651641,IT,CY,BASIC,BASIC,0.74,642975.05,5,5,642974.009,0.0,0.0,1.0,0.041,868885.202703
1673767,IT,FR,PAPER,INSUR,2.49,642693.759,6,6,642687.696,0.0,5.0,1.0,0.063,258109.943373
1805059,IT,WF,PLAST,HOTEL,1.35,642673.801,6,6,642671.736,0.0,1.0,1.0,0.065,476054.667407
1785813,IT,ZA,CHEM1,PRINT,1.34,642517.403,6,6,642515.333,0.0,1.0,1.0,0.07,479490.599254
1742612,IT,US,ALUM1,RESEA,1.12,642500.397,5,5,642499.346,0.0,0.0,1.0,0.051,573661.06875
1644586,IT,BE,FOOD5,MEATC,3.09,642361.072,6,6,642357.015,0.0,3.0,1.0,0.057,207883.842071
1728875,IT,SE,CHEM1,FORES,1.34,642245.05,6,6,642242.98,0.0,1.0,1.0,0.07,479287.350746
1754029,IT,CA,SEACO,CERAM,0.65,642152.881,4,4,642152.87,0.0,0.0,0.0,0.011,987927.509231
1659640,IT,DE,HOTEL,RETA1,4.65,641918.032,6,6,641915.984,0.0,1.0,1.0,0.048,138046.888602
1809052,IT,WM,VEGET,PUBLI,2.27,641896.273,5,5,641893.248,0.0,3.0,0.0,0.025,282773.688546
1670886,IT,FI,PLAST,FURNI,1.35,641871.403,6,6,641869.338,0.0,1.0,1.0,0.065,475460.298519
1726430,IT,RO,FABRI,MOTOR,2.61,641869.107,6,6,641867.061,0.0,1.0,1.0,0.046,245926.86092
1714053,IT,MT,HOTEL,AUXIL,4.65,641825.681,6,6,641823.633,0.0,1.0,1.0,0.048,138027.028172
1764892,IT,MX,AIRTR,FURNI,0.7,641797.128,4,4,641797.108,0.0,0.0,0.0,0.02,916853.04
1742509,IT,US,BASIC,HOTEL,0.74,641754.486,5,5,641753.445,0.0,0.0,1.0,0.041,867235.791892
1721289,IT,PL,LANDT,RETA1,4.14,641744.826,5,5,641743.796,0.0,0.0,1.0,0.03,155010.827536
1801307,IT,WE,MACHI,WEARI,3.58,641714.157,6,6,641712.104,0.0,1.0,1.0,0.053,179249.764525
1717742,IT,NL,BUSIN,RECRE,6.59,641680.251,6,6,641678.207,0.0,1.0,1.0,0.044,97371.813505
1688621,IT,IE,PLAST,FOOD5,1.35,641572.041,6,6,641569.976,0.0,1.0,1.0,0.065,475238.548889
1795251,IT,WL,CERAM,CHEM1,1.0,641388.244,5,5,641385.209,0.0,0.0,3.0,0.035,641388.244
1744811,IT,US,RESEA,DIST1,3.48,641371.969,6,6,641369.924,0.0,1.0,1.0,0.045,184302.289943
1812463,IT,WM,PREC1,ELEC2,1.09,641268.808,6,6,641266.778,0.0,1.0,1.0,0.03,588320.007339
1739729,IT,GB,SUPPO,POSTT,4.61,641204.217,6,6,641202.185,0.0,1.0,1.0,0.032,139089.851844
1690085,IT,IE,RENTI,WHOLE,3.83,641132.163,6,6,641130.127,0.0,1.0,1.0,0.036,167397.431593
1683257,IT,HR,CERAM,RETA1,1.0,640977.623,5,5,640974.588,0.0,0.0,3.0,0.035,640977.623
1722118,IT,PL,BUSIN,FABRI,6.58,640938.267,6,6,640936.223,0.0,1.0,1.0,0.044,97407.031459
1753268,IT,CA,CEMEN,CONST,1.03,640881.253,5,5,640877.224,0.0,0.0,4.0,0.029,622214.808738
1779638,IT,TR,RESEA,FOOD5,3.47,640744.649,6,6,640742.604,0.0,1.0,1.0,0.045,184652.636599
1723170,IT,PT,RUBBE,FOOD5,2.12,640722.193,6,6,640720.135,0.0,1.0,1.0,0.058,302227.449528
1642094,IT,AT,GLASS,MOTO1,1.76,640718.639,5,5,640715.602,0.0,0.0,3.0,0.037,364044.68125
1752806,IT,CA,PAPER,WOODW,2.48,640654.96,6,6,640648.897,0.0,5.0,1.0,0.063,258328.612903
1665945,IT,ES,MOTOR,MOTOR,0.96,640651.371,5,5,640650.319,0.0,0.0,1.0,0.052,667345.178125
1679605,IT,GR,RUBBE,POSTT,2.12,640462.616,6,6,640460.558,0.0,1.0,1.0,0.058,302105.007547
1741525,IT,US,KEROS,SUPPO,0.95,640452.13,5,5,640451.078,0.0,0.0,1.0,0.052,674160.136842
1754122,IT,CA,AIRTR,RETA1,0.7,640410.931,4,4,640410.911,0.0,0.0,0.0,0.02,914872.758571
1786510,IT,ZA,TRANS,PLAST,3.82,640399.674,6,6,640397.639,0.0,1.0,1.0,0.035,167643.893717
1642113,IT,AT,GLASS,REALE,1.76,640365.316,5,5,640362.279,0.0,0.0,3.0,0.037,363843.929545
1753767,IT,CA,FURNI,MOTO1,2.04,640364.509,6,6,640360.454,0.0,2.0,2.0,0.055,313904.171078
1713081,IT,MT,DAIRY,POSTT,2.6,640349.233,6,6,640343.19,0.0,5.0,1.0,0.043,246288.166538
1657315,IT,DE,ADDIT,HEAVY,1.48,640343.415,6,6,640337.365,0.0,5.0,1.0,0.05,432664.469595
1675347,IT,FR,MACHI,MEATC,3.57,640296.976,6,6,640294.923,0.0,1.0,1.0,0.053,179354.895238
1647127,IT,BE,HOTEL,RAILW,4.64,640074.732,6,6,640072.684,0.0,1.0,1.0,0.048,137947.140517
1741696,IT,US,HEAVY,SUPPO,1.03,639897.286,5,5,639896.235,0.0,0.0,1.0,0.051,621259.500971
1752079,IT,CN,BUSIN,WOODW,6.57,639850.843,6,6,639848.799,0.0,1.0,1.0,0.044,97389.778234
1766511,IT,RU,COPP1,ANTHR,1.62,639769.917,6,6,639766.884,0.0,1.0,2.0,0.033,394919.701852
1765989,IT,RU,CHEM1,NAPHT,1.34,639765.433,6,6,639763.363,0.0,1.0,1.0,0.07,477436.890299
1743940,IT,US,SEACO,93197,0.65,639738.276,4,4,639738.265,0.0,0.0,0.0,0.011,984212.732308
1650321,IT,BG,ELEC2,BEVER,0.15,639627.548,4,4,639627.481,0.0,0.0,0.0,0.067,4264183.653333
1738531,IT,GB,NONF1,BUSIN,0.14,639521.947,4,4,639521.943,0.0,0.0,0.0,0.004,4568013.907143
1795426,IT,WL,BASIC,REALE,0.74,639438.07,5,5,639437.03,0.0,0.0,1.0,0.04,864105.5
1738488,IT,GB,COPP1,WHOLE,1.62,639398.325,6,6,639395.292,0.0,1.0,2.0,0.033,394690.324074
1741917,IT,US,CHEM1,BASIC,1.34,639311.458,6,6,639309.388,0.0,1.0,1.0,0.07,477098.102985
1745399,IT,JP,VEGE1,HEALT,1.97,639305.477,6,6,639300.338,0.0,4.0,1.0,0.139,324520.546701
1674988,IT,FR,PREC1,NUCLE,1.09,639300.431,6,6,639298.402,0.0,1.0,1.0,0.029,586514.156881
1728250,IT,SE,FOOD5,HEALT,3.07,639144.737,6,6,639140.68,0.0,3.0,1.0,0.057,208190.468078
1743244,IT,US,TRANS,RECRE,3.81,639087.0,6,6,639084.965,0.0,1.0,1.0,0.035,167739.370079
1781703,IT,NO,WOODW,CONST,1.79,638906.801,6,6,638901.758,0.0,4.0,1.0,0.043,356931.173743
1761129,IT,IN,CHEM1,LIQUE,1.34,638864.381,6,6,638862.311,0.0,1.0,1.0,0.07,476764.463433
1777216,IT,TR,RUBBE,WEARI,2.12,638732.187,6,6,638730.129,0.0,1.0,1.0,0.058,301288.767453
1807246,IT,WF,SUPPO,WHOLE,4.59,638695.627,6,6,638693.596,0.0,1.0,1.0,0.031,139149.374074
1752154,IT,CN,BUSIN,REALE,6.56,638611.88,6,6,638609.836,0.0,1.0,1.0,0.044,97349.371951
1647134,IT,BE,HOTEL,POSTT,4.63,638518.666,6,6,638516.618,0.0,1.0,1.0,0.048,137908.999136
1679464,IT,GR,CHEM1,LUBRI,1.33,638495.662,6,6,638493.592,0.0,1.0,1.0,0.07,480071.926316
1738055,IT,GB,RUBBE,PLAST,2.12,638455.047,6,6,638452.989,0.0,1.0,1.0,0.058,301158.041038
1772387,IT,CH,CHEM1,MOTOR,1.33,638392.222,6,6,638390.152,0.0,1.0,1.0,0.07,479994.15188
1667834,IT,ES,OFFIC,FINAN,1.98,638358.419,6,6,638356.373,0.0,1.0,1.0,0.046,322403.241919
1686742,IT,HU,COPP1,BUSIN,1.61,638335.906,6,6,638332.873,0.0,1.0,2.0,0.033,396481.929193
1763967,IT,MX,PREC1,SUGAR,1.08,638293.403,6,6,638291.374,0.0,1.0,1.0,0.029,591012.410185
1807726,IT,WF,BUSIN,PUBLI,6.55,637985.903,6,6,637983.859,0.0,1.0,1.0,0.044,97402.427939
1643413,IT,AT,LANDT,PULP5,4.12,637985.836,5,5,637984.806,0.0,0.0,1.0,0.03,154850.931068
1713760,IT,MT,OFFIC,SUPPO,1.98,637895.526,6,6,637893.48,0.0,1.0,1.0,0.046,322169.457576
1662339,IT,DK,BASIC,BEVER,0.73,637761.437,5,5,637760.397,0.0,0.0,1.0,0.04,873645.80411
1805068,IT,WF,PLAST,FINAN,1.34,637728.404,6,6,637726.339,0.0,1.0,1.0,0.065,475916.719403
1794351,IT,WL,MOTOR,REALE,0.95,637676.431,5,5,637675.379,0.0,0.0,1.0,0.052,671238.348421
1645795,IT,BE,RUBBE,SUPPO,2.11,637651.279,6,6,637649.221,0.0,1.0,1.0,0.058,302204.39763
1743547,IT,US,HOTEL,POULT,4.62,637602.505,6,6,637600.457,0.0,1.0,1.0,0.048,138009.200216
1687662,IT,HU,AIRTR,MACHI,0.69,637588.705,4,4,637588.685,0.0,0.0,0.0,0.02,924041.601449
1713158,IT,MT,FISH5,RADIO,2.68,637546.459,6,6,637543.131,0.0,2.0,1.0,0.328,237890.469776
1810907,IT,WM,GASDI,CEREA,0.95,637401.124,5,5,637400.072,0.0,0.0,1.0,0.052,670948.551579
1709434,IT,LT,TEXTI,WEARI,3.78,637400.458,6,6,637398.373,0.0,1.0,1.0,0.085,168624.459788
1728895,IT,SE,CHEM1,WEARI,1.33,637332.709,6,6,637330.639,0.0,1.0,1.0,0.07,479197.525564
1758366,IT,BR,FABRI,MEAT1,2.59,637306.892,6,6,637304.846,0.0,1.0,1.0,0.046,246064.437066
1677064,IT,FR,SUPPO,CEMEN,4.58,637262.524,6,6,637260.493,0.0,1.0,1.0,0.031,139140.289083
1654523,IT,CZ,HOTEL,MACHI,4.62,637258.181,6,6,637256.133,0.0,1.0,1.0,0.048,137934.671212
1753768,IT,CA,FURNI,TRANS,2.03,637183.824,6,6,637179.769,0.0,2.0,2.0,0.055,313883.657143
1790381,IT,WA,LEAD1,VEGE1,1.11,637088.445,6,6,637083.391,0.0,2.0,3.0,0.054,573953.554054
1682421,IT,HR,PAPER,CHEM1,2.47,637078.625,6,6,637072.562,0.0,5.0,1.0,0.063,257926.568826
1750058,IT,CN,BASIC,WOODW,0.73,637003.638,5,5,637002.598,0.0,0.0,1.0,0.04,872607.723288
1742211,IT,US,GLASS,EDUCA,1.75,636793.147,5,5,636790.111,0.0,0.0,3.0,0.036,363881.798286
1674639,IT,FR,GLASS,CATTL,1.75,636756.185,5,5,636753.149,0.0,0.0,3.0,0.036,363860.677143
1709749,IT,LT,CHEM1,HEALT,1.33,636735.638,6,6,636733.568,0.0,1.0,1.0,0.07,478748.6
1771564,IT,CH,TEXTI,OFFIC,3.77,636733.529,6,6,636731.444,0.0,1.0,1.0,0.085,168894.835279
1653543,IT,CZ,BASIC,ELEC3,0.73,636691.58,5,5,636690.54,0.0,0.0,1.0,0.04,872180.246575
1764888,IT,MX,AIRTR,RADIO,0.69,636641.666,4,4,636641.646,0.0,0.0,0.0,0.02,922669.081159
1720000,IT,PL,ALUM1,FOOD5,1.11,636641.299,5,5,636640.248,0.0,0.0,1.0,0.051,573550.71982
1757263,IT,BR,DAIRY,MEATP,2.59,636639.008,6,6,636632.965,0.0,5.0,1.0,0.043,245806.566795
1788664,IT,WA,COKEO,STONE,0.08,636569.514,4,4,636569.511,0.0,0.0,0.0,0.003,7957118.925
1719210,IT,PL,CHEM1,OILSE,1.33,636524.914,6,6,636522.845,0.0,1.0,1.0,0.069,478590.160902
1671241,IT,FI,BASIC,RUBBE,0.73,636492.006,5,5,636490.966,0.0,0.0,1.0,0.04,871906.857534
1658476,IT,DE,FABRI,RETAI,2.59,636485.996,6,6,636483.95,0.0,1.0,1.0,0.046,245747.488803
1689594,IT,IE,AIRTR,WHOLE,0.69,636471.113,4,4,636471.093,0.0,0.0,0.0,0.02,922421.902899
1748849,IT,CN,TEXTI,HEALT,3.77,636450.968,6,6,636448.884,0.0,1.0,1.0,0.084,168819.885411
1665131,IT,ES,DAIRY,FOOD5,2.58,636254.161,6,6,636248.118,0.0,5.0,1.0,0.043,246610.139922
1809163,IT,WM,CATTL,PFERT,1.39,636193.241,5,5,636178.198,0.0,15.0,0.0,0.043,457692.979137
1761027,IT,IN,PLAST,PRINT,1.33,635905.337,6,6,635903.272,0.0,1.0,1.0,0.065,478124.313534
1765926,IT,RU,PLAST,WHOLE,1.33,635874.211,6,6,635872.146,0.0,1.0,1.0,0.065,478100.910526
1803660,IT,WF,FOOD5,PUBLI,3.05,635824.347,6,6,635820.29,0.0,3.0,1.0,0.057,208466.999016
1683677,IT,HR,FABRI,FINAN,2.59,635710.368,6,6,635708.322,0.0,1.0,1.0,0.046,245448.018533
1739450,IT,GB,LANDT,MOTOR,4.1,635680.261,5,5,635679.231,0.0,0.0,1.0,0.03,155043.966098
1667609,IT,ES,MACHI,COPPE,3.55,635644.075,6,6,635642.023,0.0,1.0,1.0,0.052,179054.669014
1683127,IT,HR,RUBBE,FINAN,2.11,635643.183,6,6,635641.125,0.0,1.0,1.0,0.058,301252.693365
1793995,IT,WL,WOODW,COPP1,1.78,635524.686,6,6,635519.643,0.0,4.0,1.0,0.043,357036.340449
1790571,IT,WA,NONF1,ELECT,0.14,635483.937,4,4,635483.933,0.0,0.0,0.0,0.004,4539170.978571
1808511,IT,WF,FOOD4,93197,4.6,635465.172,6,6,635462.132,0.0,1.0,2.0,0.04,138144.602609
1666730,IT,ES,RUBBE,PULP5,2.11,635430.808,6,6,635428.75,0.0,1.0,1.0,0.058,301152.041706
1805237,IT,WF,CHEM1,ELEC2,1.33,635370.39,6,6,635368.321,0.0,1.0,1.0,0.069,477722.097744
1731796,IT,SI,PAPER,FABRI,2.46,635324.621,6,6,635318.558,0.0,5.0,1.0,0.063,258262.041057
1645776,IT,BE,RUBBE,FURNI,2.1,635306.308,6,6,635304.25,0.0,1.0,1.0,0.058,302526.813333
1675189,IT,FR,NONF1,TRANS,0.14,635304.598,4,4,635304.594,0.0,0.0,0.0,0.004,4537889.985714
1642399,IT,AT,PREC1,NONME,1.08,635293.652,6,6,635291.623,0.0,1.0,1.0,0.029,588234.862963
1813074,IT,WM,OFFIC,POSTT,1.97,635242.022,6,6,635239.976,0.0,1.0,1.0,0.046,322457.879188
1652756,IT,CZ,PAPER,HOTEL,2.46,635187.164,6,6,635181.101,0.0,5.0,1.0,0.063,258206.164228
1662561,IT,DK,FABRI,WOODW,2.58,635064.147,6,6,635062.101,0.0,1.0,1.0,0.046,246148.894186
1811289,IT,WM,BITU1,NAPHT,1.0,635051.749,5,5,635050.698,0.0,0.0,1.0,0.051,635051.749
1784019,IT,ID,TEXTI,TEXTI,3.76,635042.693,6,6,635040.609,0.0,1.0,1.0,0.084,168894.333245
1675096,IT,FR,ALUM1,INERT,1.1,635011.163,5,5,635010.112,0.0,0.0,1.0,0.051,577282.875455
1774746,IT,CH,SUPPO,SUPPO,4.56,634980.701,6,6,634978.67,0.0,1.0,1.0,0.031,139250.153728
1718826,IT,PL,PAPER,FURNI,2.46,634961.126,6,6,634955.063,0.0,5.0,1.0,0.063,258114.278862
1717058,IT,NL,LANDT,WHOLE,4.1,634914.003,5,5,634912.973,0.0,0.0,1.0,0.03,154857.073902
1685549,IT,HU,PAPER,WHOLE,2.46,634896.125,6,6,634890.062,0.0,5.0,1.0,0.063,258087.855691
1648872,IT,BG,TEXTI,COPP1,3.76,634731.672,6,6,634729.588,0.0,1.0,1.0,0.084,168811.614894
1739522,IT,GB,LANDT,PUBLI,4.09,634671.098,5,5,634670.068,0.0,0.0,1.0,0.03,155176.307579
1656199,IT,DE,TEXTI,FABRI,3.76,634605.609,6,6,634603.525,0.0,1.0,1.0,0.084,168778.0875
1659603,IT,DE,HOTEL,RUBBE,4.6,634597.741,6,6,634595.693,0.0,1.0,1.0,0.048,137956.030652
1770198,IT,AU,HOTEL,CATTL,4.6,634545.901,6,6,634543.853,0.0,1.0,1.0,0.048,137944.761087
1667807,IT,ES,OFFIC,FURNI,1.97,634518.025,6,6,634515.979,0.0,1.0,1.0,0.046,322090.36802
1803646,IT,WF,FOOD5,RETA1,3.05,634472.312,6,6,634468.255,0.0,3.0,1.0,0.057,208023.708852
1749700,IT,CN,CHEM1,BLAST,1.33,634431.347,6,6,634429.278,0.0,1.0,1.0,0.069,477016.050376
1800175,IT,WE,PLAST,VEGET,1.33,634397.528,6,6,634395.463,0.0,1.0,1.0,0.065,476990.622556
1777337,IT,TR,GLASS,ELECT,1.74,634386.034,5,5,634382.998,0.0,0.0,3.0,0.036,364589.674713
1674641,IT,FR,GLASS,POULT,1.74,634373.207,5,5,634370.171,0.0,0.0,3.0,0.036,364582.302874
1767091,IT,RU,FURNI,MOTO1,2.02,634316.694,6,6,634312.639,0.0,2.0,2.0,0.055,314018.165347
1799050,IT,WE,TEXTI,MOTO1,3.76,634134.52,6,6,634132.436,0.0,1.0,1.0,0.084,168652.797872
1656402,IT,DE,WOODW,HOTEL,1.77,634049.954,6,6,634044.911,0.0,4.0,1.0,0.043,358220.312994
1757869,IT,BR,CHEM1,KEROS,1.32,634006.627,6,6,634004.558,0.0,1.0,1.0,0.069,480308.050758
1673754,IT,FR,PAPER,RETAI,2.46,633863.264,6,6,633857.201,0.0,5.0,1.0,0.063,257667.993496
1791857,IT,WA,LANDT,WHOLE,4.09,633618.894,5,5,633617.864,0.0,0.0,1.0,0.03,154919.044988
1746949,IT,JP,MOTO1,ELEC1,3.37,633617.605,6,6,633615.564,0.0,1.0,1.0,0.041,188017.093472
1642309,IT,AT,BASIC,PULP5,0.73,633606.269,5,5,633605.229,0.0,0.0,1.0,0.04,867953.793151
1735289,IT,SK,GLASS,RADIO,1.74,633576.553,5,5,633573.517,0.0,0.0,3.0,0.036,364124.455747
1729396,IT,SE,BASIC,TRANS,0.73,633457.662,5,5,633456.622,0.0,0.0,1.0,0.04,867750.221918
1715547,IT,NL,GASDI,RENTI,0.94,633444.242,5,5,633443.19,0.0,0.0,1.0,0.052,673876.853191
1758341,IT,BR,NONF1,FABRI,0.14,633439.678,4,4,633439.674,0.0,0.0,0.0,0.004,4524569.128571
1717986,IT,PL,SANDC,CONST,1.45,633376.375,5,5,633237.352,0.0,0.0,139.0,0.023,436811.293103
1725950,IT,RO,CHEM1,CROPS,1.32,633199.156,6,6,633197.087,0.0,1.0,1.0,0.069,479696.330303
1812677,IT,WM,COPP1,ELECT,1.6,633196.554,6,6,633193.521,0.0,1.0,2.0,0.033,395747.84625
1715772,IT,NL,BIODI,NONME,1.31,633155.095,6,6,633153.026,0.0,1.0,1.0,0.069,483324.5
1804234,IT,WF,COKEO,PULP5,0.08,633137.918,4,4,633137.915,0.0,0.0,0.0,0.003,7914223.975
1685550,IT,HU,PAPER,RETA1,2.45,633117.563,6,6,633111.501,0.0,5.0,1.0,0.062,258415.331837
1666413,IT,ES,BITU1,KERO1,1.0,633057.31,5,5,633056.26,0.0,0.0,1.0,0.05,633057.31
1794980,IT,WL,CHEM1,DISTR,1.32,633047.803,6,6,633045.734,0.0,1.0,1.0,0.069,479581.668939
1765346,IT,RU,FOOD5,HOTEL,3.04,632897.501,6,6,632893.444,0.0,3.0,1.0,0.057,208189.967434
1751182,IT,CN,HOTEL,TEXTI,4.59,632702.452,6,6,632700.404,0.0,1.0,1.0,0.048,137843.67146
1735349,IT,SK,CEMEN,CONST,1.01,632693.023,5,5,632688.994,0.0,0.0,4.0,0.029,626428.735644
1686135,IT,HU,RUBBE,RESEA,2.1,632689.092,6,6,632687.035,0.0,1.0,1.0,0.057,301280.52
1656226,IT,DE,TEXTI,RESEA,3.75,632667.718,6,6,632665.634,0.0,1.0,1.0,0.084,168711.391467
1682470,IT,HR,PAPER,PUBLI,2.45,632639.046,6,6,632632.984,0.0,5.0,1.0,0.062,258220.018776
1652915,IT,CZ,KEROS,PUBLI,0.94,632635.618,5,5,632634.567,0.0,0.0,1.0,0.051,673016.614894
1814095,IT,WM,AIRTR,GASDI,0.69,632632.61,4,4,632632.59,0.0,0.0,0.0,0.02,916858.855072
1657038,IT,DE,PARAF,GASDI,1.0,632612.073,6,6,632609.027,0.0,1.0,2.0,0.046,632612.073
1784580,IT,ID,MACHI,MOTOR,3.53,632517.578,6,6,632515.526,0.0,1.0,1.0,0.052,179183.449858
1643662,IT,AT,AIRTR,HEALT,0.69,632507.622,4,4,632507.602,0.0,0.0,0.0,0.02,916677.713043
1771207,IT,CH,VEGE1,CATTL,1.94,632328.166,6,6,632323.028,0.0,4.0,1.0,0.138,325942.353608
1778962,IT,TR,SEACO,SUPPO,0.64,632235.223,4,4,632235.212,0.0,0.0,0.0,0.011,987867.535938
1771975,IT,CH,PAPER,SUPPO,2.45,632172.891,6,6,632166.829,0.0,5.0,1.0,0.062,258029.751429
1649776,IT,BG,BASIC,WHOLE,0.73,632138.068,5,5,632137.028,0.0,0.0,1.0,0.04,865942.558904
1790717,IT,WA,FABRI,HEALT,2.57,632082.84,6,6,632080.795,0.0,1.0,1.0,0.045,245946.63035
1759806,IT,BR,BUSIN,REALE,6.49,632011.664,6,6,632009.62,0.0,1.0,1.0,0.044,97382.382743
1731233,IT,SI,MEATC,RAILW,2.11,631935.618,6,6,631925.577,0.0,9.0,1.0,0.041,299495.553555
1687664,IT,HU,AIRTR,MOTO1,0.69,631803.242,4,4,631803.222,0.0,0.0,0.0,0.02,915656.872464
1655591,IT,DE,SANDC,BASIC,1.45,631758.502,5,5,631619.479,0.0,0.0,139.0,0.023,435695.518621
1757929,IT,BR,CHEM1,PUBLI,1.32,631639.537,6,6,631637.468,0.0,1.0,1.0,0.069,478514.800758
1669201,IT,ES,POSTT,CONST,10.4,631598.77,6,6,631596.722,0.0,1.0,1.0,0.048,60730.650962
1771600,IT,CH,TEXTI,BUSIN,3.74,631533.461,6,6,631531.377,0.0,1.0,1.0,0.084,168859.214171
1664293,IT,EE,ALUM1,FABRI,1.1,631513.31,5,5,631512.259,0.0,0.0,1.0,0.051,574103.009091
1793788,IT,WL,TOBAC,COPP1,2.49,631431.97,6,6,631427.93,0.0,3.0,1.0,0.04,253587.136546
1767289,IT,RU,HOTEL,TRANS,4.58,631429.176,6,6,631427.128,0.0,1.0,1.0,0.048,137866.632314
1674751,IT,FR,CERAM,MOTO1,0.98,631422.498,5,5,631419.464,0.0,0.0,3.0,0.034,644308.671429
1741699,IT,US,HEAVY,INSUR,1.02,631381.077,5,5,631380.026,0.0,0.0,1.0,0.051,619001.055882
1717222,IT,NL,SUPPO,SEACO,4.54,631063.416,6,6,631061.385,0.0,1.0,1.0,0.031,139000.752423
1657688,IT,DE,CERAM,HEALT,0.98,631018.963,5,5,631015.929,0.0,0.0,3.0,0.034,643896.90102
1804882,IT,WF,BITU1,NAPHT,0.99,630845.303,5,5,630844.253,0.0,0.0,1.0,0.05,637217.477778
1804604,IT,WF,HEAVY,HEAVY,1.02,630817.603,5,5,630816.552,0.0,0.0,1.0,0.051,618448.630392
1728558,IT,SE,PAPER,PAPER,2.44,630701.043,6,6,630694.981,0.0,5.0,1.0,0.062,258484.034016
1740591,IT,US,FORES,WOODW,5.51,630692.697,5,5,630449.68,0.0,243.0,0.0,0.017,114463.284392
1656949,IT,DE,LIQUE,BASIC,1.1,630624.863,5,5,630623.812,0.0,0.0,1.0,0.051,573295.33
1778887,IT,TR,SEACO,MEAT4,0.64,630609.714,4,4,630609.703,0.0,0.0,0.0,0.011,985327.678125
1687669,IT,HU,AIRTR,DIST1,0.69,630570.791,4,4,630570.771,0.0,0.0,0.0,0.02,913870.711594
1742646,IT,US,COPP1,FOUND,1.59,630452.719,6,6,630449.686,0.0,1.0,2.0,0.033,396511.144025
1755609,IT,KR,ADDIT,MOTOR,1.46,630343.657,6,6,630337.608,0.0,5.0,1.0,0.049,431742.230822
1769841,IT,AU,MACHI,93197,3.52,630302.979,6,6,630300.927,0.0,1.0,1.0,0.052,179063.346307
1675747,IT,FR,FURNI,RUBBE,2.01,630277.995,6,6,630273.941,0.0,2.0,2.0,0.054,313571.141791
1731482,IT,SI,BEVER,HOTEL,2.68,630103.325,6,6,630100.285,0.0,2.0,1.0,0.04,235113.18097
1657015,IT,DE,NAPHT,CHEM1,1.07,630089.261,5,5,630088.216,0.0,0.0,1.0,0.045,588868.468224
1660190,IT,DE,SUPPO,WHOLE,4.53,630088.494,6,6,630086.463,0.0,1.0,1.0,0.031,139092.382781
1747580,IT,JP,AIRTR,FABRI,0.69,629961.367,4,4,629961.347,0.0,0.0,0.0,0.02,912987.488406
1738440,IT,GB,ALUM1,HOTEL,1.09,629944.149,5,5,629943.099,0.0,0.0,1.0,0.05,577930.411927
1780122,IT,TW,HOTEL,WEARI,4.57,629870.212,6,6,629868.165,0.0,1.0,1.0,0.047,137827.179869
1666595,IT,ES,CHEM1,FABRI,1.32,629869.564,6,6,629867.495,0.0,1.0,1.0,0.069,477173.912121
1777283,IT,TR,RUBBE,BUSIN,2.09,629792.387,6,6,629790.33,0.0,1.0,1.0,0.057,301336.070335
1753575,IT,CA,MACHI,OFFIC,3.51,629775.79,6,6,629773.738,0.0,1.0,1.0,0.052,179423.301994
1677322,IT,FR,FINAN,AUXIL,8.2,629697.121,4,4,629697.103,0.0,0.0,0.0,0.018,76792.331829
1794611,IT,WL,HEAVY,POSTT,1.02,629671.689,5,5,629670.638,0.0,0.0,1.0,0.051,617325.185294
1641553,IT,AT,HEAVY,WHOLE,1.02,629653.642,5,5,629652.591,0.0,0.0,1.0,0.051,617307.492157
1659534,IT,DE,RETA1,POSTT,6.57,629621.192,6,6,629619.151,0.0,1.0,1.0,0.041,95832.753729
1680396,IT,GR,ELEC2,SEACO,0.15,629488.245,4,4,629488.179,0.0,0.0,0.0,0.066,4196588.3
1786828,IT,ZA,HOTEL,AIRTR,4.56,629456.992,6,6,629454.945,0.0,1.0,1.0,0.047,138038.814035
1773481,IT,CH,OFFIC,BUSIN,1.95,629440.265,6,6,629438.22,0.0,1.0,1.0,0.045,322789.879487
1674859,IT,FR,NONME,ALUM1,1.27,629422.689,5,5,629421.62,0.0,0.0,1.0,0.069,495608.416535
1741691,IT,US,HEAVY,RETA1,1.02,629346.263,5,5,629345.212,0.0,0.0,1.0,0.051,617006.140196
1746300,IT,JP,CHEM1,BUSIN,1.32,629327.535,6,6,629325.466,0.0,1.0,1.0,0.069,476763.284091
1723856,IT,PT,TRANS,TRANS,3.76,629309.0,6,6,629306.966,0.0,1.0,1.0,0.034,167369.414894
1674705,IT,FR,GLASS,LANDT,1.73,629261.601,5,5,629259.565,0.0,0.0,2.0,0.036,363735.02948
1719849,IT,PL,BASIC,SUPPO,0.72,629027.797,5,5,629026.757,0.0,0.0,1.0,0.04,873649.718056
1751242,IT,CN,HOTEL,SALEM,4.56,628976.883,6,6,628974.836,0.0,1.0,1.0,0.047,137933.526974
1756797,IT,KR,AIRTR,COMPU,0.68,628968.319,4,4,628968.299,0.0,0.0,0.0,0.02,924953.410294
1781848,IT,NO,PLAST,RETAI,1.32,628831.911,5,5,628830.847,0.0,0.0,1.0,0.064,476387.811364
1740318,IT,GB,PUBLI,TRANS,10.3,628673.275,6,6,628671.231,0.0,1.0,1.0,0.044,61036.240291
1654544,IT,CZ,HOTEL,HOTEL,4.55,628435.828,6,6,628433.781,0.0,1.0,1.0,0.047,138117.764396
1801697,IT,WE,FURNI,HEALT,2.01,628376.857,6,6,628372.803,0.0,2.0,2.0,0.054,312625.30199
1653523,IT,CZ,BASIC,CEMEN,0.72,628314.735,5,5,628313.695,0.0,0.0,1.0,0.04,872659.354167
1675287,IT,FR,FABRI,WHOLE,2.56,628130.705,6,6,628128.66,0.0,1.0,1.0,0.045,245363.556641
1744907,IT,US,BUSIN,CHEM1,6.45,628107.462,6,6,628105.419,0.0,1.0,1.0,0.043,97381.00186
1794781,IT,WL,PLAST,TEXTI,1.32,628103.187,5,5,628102.123,0.0,0.0,1.0,0.064,475835.747727
1649072,IT,BG,PAPER,VEGE1,2.43,628002.587,6,6,627996.525,0.0,5.0,1.0,0.062,258437.278601
1742990,IT,US,MACHI,93197,3.5,627856.045,6,6,627853.993,0.0,1.0,1.0,0.052,179387.441429
1666334,IT,ES,LIQUE,DISTR,1.1,627846.688,5,5,627845.637,0.0,0.0,1.0,0.051,570769.716364
1662693,IT,DK,MACHI,SEACO,3.5,627657.253,6,6,627655.201,0.0,1.0,1.0,0.052,179330.643714
1803022,IT,WF,WHEAT,BUSIN,0.47,627529.48,5,5,627524.465,0.0,5.0,0.0,0.015,1335169.106383
1760958,IT,IN,HEAVY,CONST,1.01,627491.223,5,5,627490.173,0.0,0.0,1.0,0.05,621278.438614
1738004,IT,GB,ADDIT,KEROS,1.45,627448.945,6,6,627442.896,0.0,5.0,1.0,0.049,432723.410345
1666500,IT,ES,PLAST,MACHI,1.32,627424.971,5,5,627423.907,0.0,0.0,1.0,0.064,475321.947727
1683542,IT,HR,ALUM1,WHOLE,1.09,627424.068,5,5,627423.018,0.0,0.0,1.0,0.05,575618.411009
1718824,IT,PL,PAPER,MOTO1,2.43,627355.252,6,6,627349.19,0.0,5.0,1.0,0.062,258170.885597
1811446,IT,WM,PLAST,GLASS,1.32,627323.973,5,5,627322.909,0.0,0.0,1.0,0.064,475245.434091
1714085,IT,MT,SEACO,MEAT4,0.64,627317.878,4,4,627317.867,0.0,0.0,0.0,0.011,980184.184375
1789244,IT,WA,PLAST,RETAI,1.32,627278.639,5,5,627277.575,0.0,0.0,1.0,0.064,475211.090152
1761297,IT,IN,RUBBE,LANDT,2.08,627186.75,6,6,627184.693,0.0,1.0,1.0,0.057,301532.091346
1748081,IT,JP,BUSIN,HOTEL,6.44,627182.309,6,6,627180.266,0.0,1.0,1.0,0.043,97388.557298
1657194,IT,DE,CHEM1,MEATP,1.31,627090.354,6,6,627088.286,0.0,1.0,1.0,0.068,478694.926718
1750102,IT,CN,BASIC,DIST1,0.72,626959.245,5,5,626958.205,0.0,0.0,1.0,0.04,870776.729167
1785619,IT,ZA,GASDI,EDUCA,0.93,626795.09,5,5,626794.039,0.0,0.0,1.0,0.051,673973.215054
1773681,IT,CH,FURNI,MACHI,2.0,626770.571,6,6,626766.517,0.0,2.0,2.0,0.054,313385.2855
1725403,IT,RO,TEXTI,ELEC1,3.71,626757.651,6,6,626755.568,0.0,1.0,1.0,0.083,168937.372237
1647890,IT,BE,REALE,NAPHT,26.48,626754.774,6,6,626751.733,0.0,1.0,2.0,0.041,23668.986934
1671066,IT,FI,RUBBE,FURNI,2.08,626754.583,6,6,626752.526,0.0,1.0,1.0,0.057,301324.31875
1643275,IT,AT,HOTEL,INSUR,4.54,626706.625,6,6,626704.578,0.0,1.0,1.0,0.047,138041.106828
1717128,IT,NL,SEACO,BUSIN,0.64,626685.529,4,4,626685.518,0.0,0.0,0.0,0.011,979196.139062
1653888,IT,CZ,FABRI,FURNI,2.55,626680.91,6,6,626678.865,0.0,1.0,1.0,0.045,245757.219608
1683428,IT,HR,BASIC,HOTEL,0.72,626658.695,5,5,626657.655,0.0,0.0,1.0,0.04,870359.298611
1735722,IT,SK,FABRI,WHOLE,2.55,626651.137,6,6,626649.092,0.0,1.0,1.0,0.045,245745.543922
1719438,IT,PL,RUBBE,SALEM,2.08,626623.432,6,6,626621.375,0.0,1.0,1.0,0.057,301261.265385
1790813,IT,WA,MACHI,ALUM1,3.5,626602.115,6,6,626600.064,0.0,1.0,1.0,0.051,179029.175714
1768490,IT,AU,FOOD5,RAWMI,3.01,626515.399,6,6,626511.343,0.0,3.0,1.0,0.056,208144.650831
1774329,IT,CH,HOTEL,CEMEN,4.54,626358.626,6,6,626356.579,0.0,1.0,1.0,0.047,137964.455066
1747030,IT,JP,TRANS,SEACO,3.74,626313.75,6,6,626311.716,0.0,1.0,1.0,0.034,167463.569519
1742153,IT,US,RUBBE,RECRE,2.08,626281.053,6,6,626278.996,0.0,1.0,1.0,0.057,301096.660096
1795098,IT,WL,RUBBE,MEATP,2.07,626263.207,6,6,626261.15,0.0,1.0,1.0,0.057,302542.612077
1650274,IT,BG,ELEC1,RUBBE,0.09,626248.251,4,4,626248.212,0.0,0.0,0.0,0.039,6958313.9
1659276,IT,DE,SALEM,POSTT,5.05,626186.856,6,6,626184.817,0.0,1.0,1.0,0.039,123997.397228
1716890,IT,NL,HOTEL,RAILW,4.54,626183.984,6,6,626181.937,0.0,1.0,1.0,0.047,137925.987665
1719116,IT,PL,PLAST,CROPS,1.31,626136.457,5,5,626135.393,0.0,0.0,1.0,0.064,477966.761069
1670720,IT,FI,PAPER,PAPER,2.43,626128.348,6,6,626122.286,0.0,5.0,1.0,0.062,257665.986831
1806558,IT,WF,FURNI,REALE,2.0,626082.768,6,6,626078.714,0.0,2.0,2.0,0.054,313041.384
1714099,IT,MT,SEACO,RADIO,0.64,626042.511,4,4,626042.5,0.0,0.0,0.0,0.011,978191.423438
1727019,IT,RO,HOTEL,WASTE,4.54,626016.08,6,6,626014.033,0.0,1.0,1.0,0.047,137889.004405
1642460,IT,AT,ALUM1,RETA1,1.09,625982.543,5,5,625981.493,0.0,0.0,1.0,0.05,574295.911009
1727124,IT,RO,LANDT,LEAD1,4.04,625947.561,5,5,625946.531,0.0,0.0,1.0,0.03,154937.515099
1649655,IT,BG,CERAM,FISH5,0.97,625726.038,5,5,625723.004,0.0,0.0,3.0,0.034,645078.389691
1806740,IT,WF,WHOLE,WHOLE,5.41,625707.932,6,6,625705.896,0.0,1.0,1.0,0.036,115657.65841
1661320,IT,DK,CHEMI,BRICK,1.49,625461.018,6,6,625427.959,0.0,2.0,31.0,0.059,419772.495302
1784596,IT,ID,MACHI,RUBBE,3.49,625439.369,6,6,625437.318,0.0,1.0,1.0,0.051,179208.988252
1744819,IT,US,RESEA,HOTEL,3.39,625423.849,6,6,625421.805,0.0,1.0,1.0,0.044,184490.810914
1797538,IT,WL,BUSIN,POSTT,6.42,625371.11,6,6,625369.067,0.0,1.0,1.0,0.043,97409.830218
1720420,IT,PL,MACHI,KEROS,3.49,625317.373,6,6,625315.322,0.0,1.0,1.0,0.051,179174.032378
1645330,IT,BE,GASDI,PLAST,0.93,625316.567,5,5,625315.516,0.0,0.0,1.0,0.051,672383.405376
1741710,IT,US,HEAVY,FOOD3,1.01,625292.118,5,5,625291.068,0.0,0.0,1.0,0.05,619101.106931
1652112,IT,CZ,CHEMI,PFERT,1.49,625208.849,6,6,625175.79,0.0,2.0,31.0,0.059,419603.254362
1762243,IT,IN,AIRTR,BITUM,0.68,625169.785,4,4,625169.765,0.0,0.0,0.0,0.02,919367.330882
1752959,IT,CA,CHEM1,OILSE,1.31,625101.831,6,6,625099.763,0.0,1.0,1.0,0.068,477176.970229
1753341,IT,CA,BASIC,REALE,0.72,625066.45,5,5,625065.41,0.0,0.0,1.0,0.04,868147.847222
1791046,IT,WA,TRANS,NATUR,3.73,625021.093,6,6,625019.059,0.0,1.0,1.0,0.034,167565.976676
1754888,IT,KR,TOBAC,GLASS,2.46,624971.88,6,6,624967.841,0.0,3.0,1.0,0.039,254053.609756
1646109,IT,BE,BASIC,INTER,0.72,624962.425,5,5,624961.385,0.0,0.0,1.0,0.04,868003.368056
1755596,IT,KR,CHEM1,PUBLI,1.31,624939.816,6,6,624937.748,0.0,1.0,1.0,0.068,477053.294656
1672689,IT,FR,STONE,CONST,2.02,624874.055,5,5,624839.027,0.0,0.0,35.0,0.028,309343.591584
1799866,IT,WE,GASDI,BASIC,0.93,624823.462,5,5,624822.411,0.0,0.0,1.0,0.051,671853.184946
1718449,IT,PL,TEXTI,CROPS,3.7,624821.252,6,6,624819.169,0.0,1.0,1.0,0.083,168870.608649
1746834,IT,JP,MACHI,DIST1,3.49,624814.085,6,6,624812.034,0.0,1.0,1.0,0.051,179029.823782
1777697,IT,TR,COPP1,MACHI,1.58,624796.09,6,6,624793.058,0.0,1.0,2.0,0.032,395440.563291
1674496,IT,FR,RUBBE,WHEAT,2.07,624576.084,6,6,624574.027,0.0,1.0,1.0,0.057,301727.576812
1652258,IT,CZ,FOOD5,STEAM,3.0,624416.615,6,6,624412.559,0.0,3.0,1.0,0.056,208138.871667
1682955,IT,HR,PLAST,RUBBE,1.31,624263.959,5,5,624262.896,0.0,0.0,1.0,0.063,476537.373282
1790726,IT,WA,MACHI,PADDY,3.48,624187.739,6,6,624185.688,0.0,1.0,1.0,0.051,179364.292816
1759716,IT,BR,BUSIN,MEATC,6.41,624137.625,6,6,624135.582,0.0,1.0,1.0,0.043,97369.364275
1710990,IT,LU,CERAM,CERAM,0.97,623807.587,5,5,623804.553,0.0,0.0,3.0,0.034,643100.605155
1794560,IT,WL,HEAVY,KEROS,1.01,623764.619,5,5,623763.569,0.0,0.0,1.0,0.05,617588.731683
1780109,IT,TW,HOTEL,SANDC,4.52,623736.065,6,6,623734.018,0.0,1.0,1.0,0.047,137994.704646
1730460,IT,SE,POSTT,SUPPO,10.27,623704.903,6,6,623702.855,0.0,1.0,1.0,0.048,60730.759786
1790093,IT,WA,BASIC,WEARI,0.72,623471.128,5,5,623470.089,0.0,0.0,1.0,0.039,865932.122222
1653913,IT,CZ,FABRI,BUSIN,2.54,623328.793,6,6,623326.748,0.0,1.0,1.0,0.045,245405.036614
1657675,IT,DE,CERAM,RETA1,0.97,623288.709,5,5,623285.675,0.0,0.0,3.0,0.034,642565.679381
1794298,IT,WL,MOTOR,PFERT,0.93,623280.785,5,5,623279.734,0.0,0.0,1.0,0.051,670194.392473
1671262,IT,FI,BASIC,ELEC1,0.72,623151.119,5,5,623150.08,0.0,0.0,1.0,0.039,865487.665278
1744845,IT,US,RESEA,FOOD3,3.38,622644.734,6,6,622642.69,0.0,1.0,1.0,0.044,184214.418343
1809073,IT,WM,CROPS,CATTL,4.93,622633.676,6,6,622631.642,0.0,1.0,1.0,0.034,126294.863286
1732567,IT,SI,RUBBE,RESEA,2.06,622625.64,6,6,622623.584,0.0,1.0,1.0,0.056,302245.456311
1671510,IT,FI,MACHI,TRANS,3.47,622566.576,6,6,622564.525,0.0,1.0,1.0,0.051,179413.998847
1790948,IT,WA,OFFIC,93197,1.93,622530.98,6,6,622528.935,0.0,1.0,1.0,0.045,322554.911917
1741271,IT,US,PAPER,TOBAC,2.41,622502.83,6,6,622496.769,0.0,5.0,1.0,0.061,258299.929461
1672783,IT,FR,MEATP,FOOD5,2.52,622385.617,6,6,622382.55,0.0,2.0,1.0,0.067,246978.419444
1672428,IT,FI,BUSIN,COMPU,6.39,622338.282,6,6,622336.239,0.0,1.0,1.0,0.043,97392.532394
1673761,IT,FR,PAPER,SEACO,2.41,622253.24,6,6,622247.179,0.0,5.0,1.0,0.061,258196.365145
1674592,IT,FR,RUBBE,HOTEL,2.06,622249.277,6,6,622247.221,0.0,1.0,1.0,0.056,302062.755825
1652532,IT,CZ,WEARI,HEALT,4.69,622217.542,6,6,622215.424,0.0,1.0,1.0,0.118,132668.985501
1735380,IT,SK,NONME,CONST,1.26,622177.397,5,5,622176.329,0.0,0.0,1.0,0.068,493791.584921
1805732,IT,WF,BASIC,NONF1,0.72,622170.064,5,5,622169.025,0.0,0.0,1.0,0.039,864125.088889
1719263,IT,PL,CHEM1,BIOGA,1.3,622126.443,6,6,622124.375,0.0,1.0,1.0,0.068,478558.802308
1782293,IT,NO,COPP1,COPP1,1.57,622047.811,6,6,622044.779,0.0,1.0,2.0,0.032,396208.796815
1673602,IT,FR,WOODW,CERAM,1.74,622045.762,6,6,622040.72,0.0,4.0,1.0,0.042,357497.564368
1778121,IT,TR,MOTO1,RESEA,3.31,622038.142,6,6,622036.102,0.0,1.0,1.0,0.04,187926.931118
1720498,IT,PL,MACHI,HEALT,3.47,622021.463,6,6,622019.412,0.0,1.0,1.0,0.051,179256.905764
1749731,IT,CN,CHEM1,RECRE,1.3,621861.567,6,6,621859.499,0.0,1.0,1.0,0.068,478355.051538
1809302,IT,WM,STONE,KEROS,2.01,621784.472,5,5,621749.444,0.0,0.0,35.0,0.028,309345.508458
1729187,IT,SE,CERAM,CROPS,0.97,621767.923,5,5,621764.889,0.0,0.0,3.0,0.034,640997.858763
1805044,IT,WF,PLAST,ELEC2,1.3,621742.159,5,5,621741.096,0.0,0.0,1.0,0.063,478263.199231
1773311,IT,CH,MACHI,WOODW,3.47,621678.67,6,6,621676.619,0.0,1.0,1.0,0.051,179158.118156
1676220,IT,FR,CONST,BUSIN,3.48,621641.352,6,6,621638.319,0.0,1.0,2.0,0.033,178632.572414
1683655,IT,HR,FABRI,TRANS,2.53,621634.205,6,6,621632.16,0.0,1.0,1.0,0.045,245705.219368
1809878,IT,WM,BEVER,BEVER,2.64,621605.251,6,6,621602.211,0.0,2.0,1.0,0.04,235456.53447
1758913,IT,BR,HOTEL,EDUCA,4.5,621558.147,6,6,621556.1,0.0,1.0,1.0,0.047,138124.032667
1665647,IT,ES,WOODW,WHOLE,1.74,621491.83,6,6,621486.788,0.0,4.0,1.0,0.042,357179.212644
1740802,IT,US,VEGE1,TOBAC,1.91,621436.71,6,6,621431.575,0.0,4.0,1.0,0.135,325359.534031
1810249,IT,WM,LEATH,CHEM1,4.45,621388.453,6,6,621383.345,0.0,4.0,1.0,0.108,139637.854607
1656676,IT,DE,COKEO,GLASS,0.08,621331.647,4,4,621331.644,0.0,0.0,0.0,0.003,7766645.5875
1667159,IT,ES,BASIC,ELEC1,0.72,621322.67,5,5,621321.631,0.0,0.0,1.0,0.039,862948.152778
1674521,IT,FR,RUBBE,SUGA1,2.06,621280.017,6,6,621277.961,0.0,1.0,1.0,0.056,301592.241262
1715851,IT,NL,RUBBE,TRANS,2.06,621250.502,6,6,621248.446,0.0,1.0,1.0,0.056,301577.913592
1738431,IT,GB,ALUM1,FOUND,1.08,621198.948,5,5,621197.898,0.0,0.0,1.0,0.05,575184.211111
1811562,IT,WM,PFERT,CONST,0.27,621185.022,4,4,621184.923,0.0,0.0,0.0,0.099,2300685.266667
1679452,IT,GR,CHEM1,PULP5,1.3,621115.417,6,6,621113.349,0.0,1.0,1.0,0.068,477781.09
1805050,IT,WF,PLAST,TRAN1,1.3,621106.323,5,5,621105.26,0.0,0.0,1.0,0.063,477774.094615
1788282,IT,WA,LEATH,CHARC,4.45,620942.37,6,6,620937.263,0.0,4.0,1.0,0.107,139537.611236
1747493,IT,JP,SEACO,MOTO1,0.63,620906.845,4,4,620906.834,0.0,0.0,0.0,0.011,985566.420635
1655956,IT,DE,FOOD5,MEATC,2.98,620870.305,6,6,620866.249,0.0,3.0,1.0,0.056,208345.739933
1712092,IT,LV,BEVER,REALE,2.64,620868.854,6,6,620865.814,0.0,2.0,1.0,0.04,235177.596212
1805153,IT,WF,CHEM1,WHEAT,1.3,620855.999,6,6,620853.931,0.0,1.0,1.0,0.068,477581.537692
1803355,IT,WF,SANDC,INSUR,1.42,620711.935,5,5,620575.913,0.0,0.0,136.0,0.022,437121.080986
1781865,IT,NO,CHEM1,FISHF,1.3,620658.245,6,6,620656.177,0.0,1.0,1.0,0.068,477429.419231
1799496,IT,WE,PAPER,WHOLE,2.4,620624.13,6,6,620618.069,0.0,5.0,1.0,0.061,258593.3875
1742491,IT,US,BASIC,OFFIC,0.71,620487.441,5,5,620486.402,0.0,0.0,1.0,0.039,873925.973239
1641963,IT,AT,RUBBE,PRINT,2.06,620444.988,6,6,620442.932,0.0,1.0,1.0,0.056,301186.887379
1804584,IT,WF,HEAVY,MEAT4,1.0,620383.593,5,5,620382.543,0.0,0.0,1.0,0.05,620383.593
1669031,IT,ES,SUPPO,GASDI,4.46,620047.896,6,6,620045.866,0.0,1.0,1.0,0.03,139024.191928
1729063,IT,SE,RUBBE,ELECT,2.05,619957.268,6,6,619955.212,0.0,1.0,1.0,0.056,302418.179512
1740692,IT,US,CHEMI,CRUDE,1.48,619877.738,6,6,619845.68,0.0,2.0,30.0,0.058,418836.309459
1668980,IT,ES,AIRTR,SUPPO,0.67,619848.511,4,4,619848.491,0.0,0.0,0.0,0.02,925147.031343
1658471,IT,DE,FABRI,DIST1,2.52,619781.32,6,6,619779.276,0.0,1.0,1.0,0.044,245944.968254
1750632,IT,CN,OFFIC,EDUCA,1.92,619731.607,6,6,619729.562,0.0,1.0,1.0,0.045,322776.878646
1756771,IT,KR,AIRTR,TRANS,0.67,619672.258,4,4,619672.238,0.0,0.0,0.0,0.02,924883.967164
1720414,IT,PL,MACHI,PAPER,3.46,619669.74,6,6,619667.689,0.0,1.0,1.0,0.051,179095.300578
1732742,IT,SI,CEMEN,RESEA,0.99,619495.434,5,5,619491.406,0.0,0.0,4.0,0.028,625752.963636
1674603,IT,FR,RUBBE,AUXIL,2.05,619304.821,6,6,619302.765,0.0,1.0,1.0,0.056,302099.912683
1743162,IT,US,MOTO1,COMPU,3.3,619239.521,6,6,619237.481,0.0,1.0,1.0,0.04,187648.339697
1800014,IT,WE,HEAVY,SALEM,1.0,619229.441,5,5,619228.391,0.0,0.0,1.0,0.05,619229.441
1771976,IT,CH,PAPER,POSTT,2.4,619210.775,6,6,619204.714,0.0,5.0,1.0,0.061,258004.489583
1800495,IT,WE,RUBBE,WEARI,2.05,619199.958,6,6,619197.902,0.0,1.0,1.0,0.056,302048.76
1714805,IT,NL,FOOD5,MEAT1,2.97,619094.925,6,6,619090.87,0.0,3.0,1.0,0.055,208449.469697
1743262,IT,US,FURNI,WEARI,1.98,619022.793,6,6,619018.74,0.0,2.0,2.0,0.053,312637.774242
1645906,IT,BE,CERAM,MEAT1,0.96,618970.182,5,5,618967.148,0.0,0.0,3.0,0.034,644760.60625
1677939,IT,FR,BUSIN,BUSIN,6.36,618937.28,6,6,618935.237,0.0,1.0,1.0,0.043,97317.18239
1718252,IT,PL,FOOD5,RAWMI,2.97,618920.13,6,6,618916.075,0.0,3.0,1.0,0.055,208390.616162
1790466,IT,WA,COPP1,MEAT4,1.56,618836.68,6,6,618833.648,0.0,1.0,2.0,0.032,396690.179487
1810898,IT,WM,KERO1,PFERT,0.89,618813.271,5,5,618812.22,0.0,0.0,1.0,0.051,695295.810112
1763941,IT,MX,BASIC,OFFIC,0.71,618800.752,5,5,618799.713,0.0,0.0,1.0,0.039,871550.35493
1805338,IT,WF,RUBBE,SANDC,2.05,618702.267,6,6,618700.211,0.0,1.0,1.0,0.056,301805.983902
1798871,IT,WE,BEVER,BEVER,2.63,618645.929,6,6,618642.889,0.0,2.0,1.0,0.04,235226.588973
1656696,IT,DE,COKEO,BUSIN,0.08,618626.523,4,4,618626.52,0.0,0.0,0.0,0.003,7732831.5375
1785617,IT,ZA,GASDI,BUSIN,0.92,618592.255,5,5,618591.205,0.0,0.0,1.0,0.05,672382.88587
1675924,IT,FR,ELEC2,EDUCA,0.15,618542.423,4,4,618542.358,0.0,0.0,0.0,0.065,4123616.153333
1749760,IT,CN,ADDIT,NFERT,1.43,618540.452,6,6,618534.404,0.0,5.0,1.0,0.048,432545.770629
1672940,IT,FR,DAIRY,BEVER,2.51,618417.836,6,6,618412.794,0.0,4.0,1.0,0.042,246381.607968
1666241,IT,ES,HEAVY,FOUND,1.0,618367.686,5,5,618366.636,0.0,0.0,1.0,0.05,618367.686
1657425,IT,DE,RUBBE,CHEM1,2.05,618349.33,6,6,618347.274,0.0,1.0,1.0,0.056,301633.819512
1799710,IT,WE,MOTOR,COMPU,0.92,618337.368,5,5,618336.318,0.0,0.0,1.0,0.05,672105.834783
1681979,IT,HR,FOOD5,WHOLE,2.97,618167.578,6,6,618163.523,0.0,3.0,1.0,0.055,208137.23165
1789210,IT,WA,PLAST,BASIC,1.3,618131.228,5,5,618130.165,0.0,0.0,1.0,0.063,475485.56
1725423,IT,RO,TEXTI,COMPU,3.66,618088.37,6,6,618086.288,0.0,1.0,1.0,0.082,168876.603825
1799590,IT,WE,MOTOR,OILSE,0.92,618053.233,5,5,618052.183,0.0,0.0,1.0,0.05,671796.992391
1749762,IT,CN,ADDIT,CHEM1,1.43,618052.897,6,6,618046.849,0.0,5.0,1.0,0.048,432204.823077
1647206,IT,BE,LANDT,DAIRY,3.99,617808.966,5,5,617807.937,0.0,0.0,1.0,0.029,154839.33985
1780360,IT,TW,AIRTR,ALUM1,0.67,617808.467,4,4,617808.448,0.0,0.0,0.0,0.019,922102.189552
1741548,IT,US,GASDI,OILSE,0.92,617801.619,5,5,617800.569,0.0,0.0,1.0,0.05,671523.498913
1742412,IT,US,NONME,RENTI,1.25,617771.589,5,5,617770.521,0.0,0.0,1.0,0.068,494217.2712
1731816,IT,SI,PAPER,WHOLE,2.39,617716.882,6,6,617710.821,0.0,5.0,1.0,0.061,258458.946444
1727001,IT,RO,HOTEL,AIRTR,4.48,617462.054,6,6,617460.007,0.0,1.0,1.0,0.047,137826.351339
1642466,IT,AT,ALUM1,RENTI,1.07,617451.512,5,5,617450.463,0.0,0.0,1.0,0.049,577057.48785
1769840,IT,AU,MACHI,RECRE,3.44,617174.776,6,6,617172.725,0.0,1.0,1.0,0.051,179411.272093
1719782,IT,PL,BASIC,PULP5,0.71,617156.301,5,5,617155.262,0.0,0.0,1.0,0.039,869234.226761
1799292,IT,WE,LEATH,POSTT,4.42,617069.42,6,6,617064.313,0.0,4.0,1.0,0.107,139608.466063
1717037,IT,NL,LANDT,OFFIC,3.98,616956.989,5,5,616955.96,0.0,0.0,1.0,0.029,155014.318844
1773556,IT,CH,MOTO1,RETA1,3.28,616912.907,6,6,616910.867,0.0,1.0,1.0,0.04,188083.203354
1799171,IT,WE,WEARI,SALEM,4.65,616885.233,6,6,616883.116,0.0,1.0,1.0,0.117,132663.490968
1758158,IT,BR,NONME,LIQUI,1.25,616875.939,5,5,616874.871,0.0,0.0,1.0,0.068,493500.7512
1804158,IT,WF,PAPER,FURNI,2.39,616853.169,6,6,616847.108,0.0,5.0,1.0,0.061,258097.560251
1796146,IT,WL,TRANS,HEALT,3.68,616775.977,6,6,616773.944,0.0,1.0,1.0,0.033,167602.167663
1764700,IT,MX,HOTEL,WEARI,4.47,616764.401,6,6,616762.355,0.0,1.0,1.0,0.046,137978.613199
1676700,IT,FR,RAILW,MOTO1,4.13,616764.262,5,5,616760.234,0.0,0.0,4.0,0.028,149337.593705
1755745,IT,KR,GLASS,MOTO1,1.69,616727.763,5,5,616725.728,0.0,0.0,2.0,0.035,364927.670414
1773349,IT,CH,MACHI,ELEC4,3.44,616658.927,6,6,616656.876,0.0,1.0,1.0,0.051,179261.315988
1682164,IT,HR,TEXTI,HEALT,3.65,616652.689,6,6,616650.607,0.0,1.0,1.0,0.082,168945.942192
1750060,IT,CN,BASIC,COKEO,0.71,616630.058,5,5,616629.019,0.0,0.0,1.0,0.039,868493.039437
1755995,IT,KR,LEAD1,LEAD1,1.07,616626.787,6,6,616621.735,0.0,2.0,3.0,0.052,576286.716822
1723531,IT,PT,COPP1,REALE,1.56,616605.474,6,6,616602.442,0.0,1.0,2.0,0.032,395259.919231
1772098,IT,CH,COKEO,NONME,0.08,616578.377,4,4,616578.374,0.0,0.0,0.0,0.003,7707229.7125
1657829,IT,DE,NONME,WHOLE,1.25,616439.858,5,5,616438.79,0.0,0.0,1.0,0.068,493151.8864
1772857,IT,CH,BASIC,CHEM1,0.71,616391.529,5,5,616390.49,0.0,0.0,1.0,0.039,868157.083099
1656271,IT,DE,WEARI,RECRE,4.65,616359.957,6,6,616357.84,0.0,1.0,1.0,0.117,132550.528387
1774644,IT,CH,AIRTR,CHEM1,0.67,616294.165,4,4,616294.146,0.0,0.0,0.0,0.019,919842.037313
1656673,IT,DE,COKEO,PLAST,0.08,616253.39,4,4,616253.387,0.0,0.0,0.0,0.003,7703167.375
1668888,IT,ES,SEACO,COPP1,0.63,616109.606,4,4,616109.595,0.0,0.0,0.0,0.011,977951.755556
1806481,IT,WF,TRANS,TRANS,3.68,616108.808,6,6,616106.775,0.0,1.0,1.0,0.033,167420.871739
1739736,IT,GB,SUPPO,BUSIN,4.43,616032.342,6,6,616030.312,0.0,1.0,1.0,0.03,139059.219413
1742908,IT,US,MACHI,GLASS,3.44,616019.917,6,6,616017.866,0.0,1.0,1.0,0.051,179075.557267
1812728,IT,WM,NONF1,HEAVY,0.13,615981.882,4,4,615981.879,0.0,0.0,0.0,0.003,4738322.169231
1727832,IT,RO,BUSIN,WHOLE,6.33,615926.23,6,6,615924.187,0.0,1.0,1.0,0.043,97302.721959
1777507,IT,TR,BASIC,RADIO,0.71,615895.161,5,5,615894.122,0.0,0.0,1.0,0.039,867457.973239
1746768,IT,JP,MACHI,SANDC,3.44,615894.608,6,6,615892.557,0.0,1.0,1.0,0.051,179039.130233
1762261,IT,IN,AIRTR,RUBBE,0.67,615790.749,4,4,615790.73,0.0,0.0,0.0,0.019,919090.670149
1795408,IT,WL,BASIC,ELECT,0.71,615744.914,5,5,615743.875,0.0,0.0,1.0,0.039,867246.357746
1745904,IT,JP,LEATH,RENTI,4.41,615606.036,6,6,615600.929,0.0,4.0,1.0,0.107,139593.205442
1721217,IT,PL,LANDT,BEVER,3.97,615540.544,5,5,615539.515,0.0,0.0,1.0,0.029,155047.99597
1758221,IT,BR,BASIC,RUBBE,0.71,615499.34,5,5,615498.301,0.0,0.0,1.0,0.039,866900.478873
1805770,IT,WF,BASIC,RECRE,0.71,615456.696,5,5,615455.657,0.0,0.0,1.0,0.039,866840.416901
1677902,IT,FR,BUSIN,MACHI,6.32,615443.984,6,6,615441.942,0.0,1.0,1.0,0.042,97380.377215
1769540,IT,AU,ALUM1,LEAD1,1.07,615403.183,5,5,615402.134,0.0,0.0,1.0,0.049,575143.161682
1795834,IT,WL,MACHI,AIRTR,3.43,615161.928,6,6,615159.877,0.0,1.0,1.0,0.051,179347.500875
1645653,IT,BE,CHEM1,HOTEL,1.29,615059.992,6,6,615057.925,0.0,1.0,1.0,0.067,476790.691473
1763695,IT,MX,RUBBE,TRANS,2.04,615032.25,6,6,615030.194,0.0,1.0,1.0,0.056,301486.397059
1813364,IT,WM,FURNI,PFERT,1.96,614951.981,6,6,614947.928,0.0,2.0,2.0,0.053,313751.010714
1655611,IT,DE,SANDC,TRAN1,1.41,614850.067,5,5,614715.045,0.0,0.0,135.0,0.022,436063.877305
1744930,IT,US,BUSIN,MOTO1,6.31,614839.512,6,6,614837.47,0.0,1.0,1.0,0.042,97438.908399
1805130,IT,WF,PFERT,NATUR,0.27,614832.905,4,4,614832.807,0.0,0.0,0.0,0.098,2277158.907407
1726008,IT,RO,CHEM1,ELEC4,1.28,614829.656,6,6,614827.589,0.0,1.0,1.0,0.067,480335.66875
1750071,IT,CN,BASIC,BRICK,0.71,614645.582,5,5,614644.543,0.0,0.0,1.0,0.039,865698.002817
1796668,IT,WL,HOTEL,AUXIL,4.45,614413.557,6,6,614411.511,0.0,1.0,1.0,0.046,138070.462247
1670888,IT,FI,PLAST,WHOLE,1.29,614340.859,5,5,614339.797,0.0,0.0,1.0,0.062,476233.224031
1746712,IT,JP,FABRI,MOTO1,2.5,614312.681,6,6,614310.637,0.0,1.0,1.0,0.044,245725.0724
1676364,IT,FR,WHOLE,FOOD5,5.31,614261.563,6,6,614259.527,0.0,1.0,1.0,0.036,115680.143691
1679505,IT,GR,CHEM1,SEACO,1.28,614242.347,6,6,614240.28,0.0,1.0,1.0,0.067,479876.833594
1686952,IT,HU,MACHI,FURNI,3.43,614115.04,6,6,614112.99,0.0,1.0,1.0,0.05,179042.285714
1741002,IT,US,BEVER,PUBLI,2.61,614077.504,6,6,614074.465,0.0,2.0,1.0,0.039,235278.737165
1753434,IT,CA,FABRI,WOODW,2.5,614045.287,6,6,614043.243,0.0,1.0,1.0,0.044,245618.1148
1812168,IT,WM,CEMEN,PUBLI,0.98,613943.288,5,5,613939.26,0.0,0.0,4.0,0.028,626472.742857
1690454,IT,IE,PAPE4,TEXTI,4.05,613927.005,5,5,613925.97,0.0,0.0,1.0,0.035,151586.914815
1675558,IT,FR,MOTO1,FOOD5,3.27,613883.166,6,6,613881.126,0.0,1.0,1.0,0.04,187731.855046
1741467,IT,US,MOTOR,WHOLE,0.92,613847.435,5,5,613846.385,0.0,0.0,1.0,0.05,667225.472826
1674659,IT,FR,GLASS,FISH5,1.68,613847.081,5,5,613845.046,0.0,0.0,2.0,0.035,365385.167262
1794971,IT,WL,CHEM1,MOTO1,1.28,613793.083,6,6,613791.016,0.0,1.0,1.0,0.067,479525.846094
1655683,IT,DE,CHEMI,MACHI,1.46,613625.657,6,6,613593.599,0.0,2.0,30.0,0.058,420291.54589
1811391,IT,WM,PLAST,RAWMI,1.29,613624.865,5,5,613623.803,0.0,0.0,1.0,0.062,475678.189922
1790254,IT,WA,PREC1,RETA1,1.04,613596.186,6,6,613594.158,0.0,1.0,1.0,0.028,589996.332692
1753599,IT,CA,MACHI,LANDT,3.42,613516.112,6,6,613514.062,0.0,1.0,1.0,0.05,179390.676023
1812103,IT,WM,CERAM,BUSIN,0.96,613484.958,5,5,613481.925,0.0,0.0,3.0,0.033,639046.83125
1801729,IT,WE,ELEC1,COMPU,0.09,613398.799,4,4,613398.76,0.0,0.0,0.0,0.039,6815542.211111
1725634,IT,RO,PULP5,BEVER,1.87,613381.962,6,6,613377.904,0.0,3.0,1.0,0.058,328011.744385
1773189,IT,CH,FABRI,BEVER,2.5,613342.698,6,6,613340.654,0.0,1.0,1.0,0.044,245337.0792
1781845,IT,NO,PLAST,TRANS,1.29,613238.01,5,5,613236.948,0.0,0.0,1.0,0.062,475378.302326
1752613,IT,CA,TEXTI,WEARI,3.63,613129.933,6,6,613127.852,0.0,1.0,1.0,0.081,168906.317631
1710878,IT,LU,COKEO,RADIO,0.08,613018.082,4,4,613018.079,0.0,0.0,0.0,0.003,7662726.025
1717657,IT,NL,BUSIN,PLAST,6.3,612966.979,6,6,612964.937,0.0,1.0,1.0,0.042,97296.345873
1643440,IT,AT,LANDT,BASIC,3.95,612799.242,5,5,612798.213,0.0,0.0,1.0,0.029,155139.048608
1812002,IT,WM,GLASS,FURNI,1.68,612629.3,5,5,612627.265,0.0,0.0,2.0,0.035,364660.297619
1757809,IT,BR,PFERT,OILSE,0.27,612509.506,4,4,612509.408,0.0,0.0,0.0,0.098,2268553.725926
1718808,IT,PL,PAPER,CERAM,2.37,612499.191,6,6,612493.131,0.0,5.0,1.0,0.06,258438.477215
1718818,IT,PL,PAPER,FABRI,2.37,612430.388,6,6,612424.328,0.0,5.0,1.0,0.06,258409.446414
1646105,IT,BE,BASIC,COMPU,0.7,612428.203,5,5,612427.164,0.0,0.0,1.0,0.039,874897.432857
1778086,IT,TR,MOTO1,RUBBE,3.26,612379.151,6,6,612377.111,0.0,1.0,1.0,0.04,187846.365337
1745555,IT,JP,BEVER,RETA1,2.6,612363.933,6,6,612360.894,0.0,2.0,1.0,0.039,235524.589615
1689252,IT,IE,WHOLE,PLAST,5.29,612192.372,6,6,612190.337,0.0,1.0,1.0,0.035,115726.346314
1682595,IT,HR,KEROS,MEATA,0.91,612119.9,5,5,612118.85,0.0,0.0,1.0,0.05,672659.230769
1796015,IT,WL,MOTO1,POSTT,3.26,612106.859,6,6,612104.819,0.0,1.0,1.0,0.04,187762.840184
1772892,IT,CH,BASIC,RAILW,0.7,612083.782,5,5,612082.743,0.0,0.0,1.0,0.039,874405.402857
1641298,IT,AT,MOTOR,PUBLI,0.91,612081.181,5,5,612080.131,0.0,0.0,1.0,0.05,672616.682418
1763593,IT,MX,CHEM1,RETA1,1.28,612048.313,6,6,612046.246,0.0,1.0,1.0,0.067,478162.744531
1757748,IT,BR,NONSP,MOTOR,0.8,612004.084,5,5,612003.051,0.0,0.0,1.0,0.033,765005.105
1740185,IT,GB,BUSIN,MEATC,6.29,612000.197,6,6,611998.155,0.0,1.0,1.0,0.042,97297.328617
1800311,IT,WE,PFERT,OILSE,0.27,611948.03,4,4,611947.932,0.0,0.0,0.0,0.098,2266474.185185
1657887,IT,DE,BASIC,FOOD5,0.7,611947.358,5,5,611946.319,0.0,0.0,1.0,0.039,874210.511429
1766759,IT,RU,MACHI,TOBAC,3.41,611825.704,6,6,611823.654,0.0,1.0,1.0,0.05,179421.027566
1675911,IT,FR,ELEC2,RAILW,0.15,611746.046,4,4,611745.982,0.0,0.0,0.0,0.064,4078306.973333
1801339,IT,WE,MACHI,NONME,3.41,611670.435,6,6,611668.385,0.0,1.0,1.0,0.05,179375.494135
1810885,IT,WM,KEROS,PRIVA,0.91,611488.979,5,5,611487.929,0.0,0.0,1.0,0.05,671965.910989
1814433,IT,WM,RENTI,CRUDE,3.66,611396.698,6,6,611394.664,0.0,1.0,1.0,0.034,167048.278142
1772398,IT,CH,CHEM1,CHEM1,1.28,611377.009,6,6,611374.942,0.0,1.0,1.0,0.067,477638.288281
1796040,IT,WL,TRANS,POULT,3.65,611341.717,6,6,611339.684,0.0,1.0,1.0,0.033,167490.88137
1761824,IT,IN,OFFIC,PUBLI,1.89,611130.411,6,6,611128.367,0.0,1.0,1.0,0.044,323349.42381
1741218,IT,US,WOODW,MACHI,1.71,611068.109,6,6,611063.068,0.0,4.0,1.0,0.041,357349.771345
1657706,IT,DE,BRICK,CONST,0.92,610992.123,5,5,610989.084,0.0,0.0,3.0,0.039,664121.872826
1761283,IT,IN,RUBBE,ELECT,2.02,610974.588,6,6,610972.533,0.0,1.0,1.0,0.055,302462.667327
1812752,IT,WM,NONF1,MOTO1,0.13,610965.51,4,4,610965.507,0.0,0.0,0.0,0.003,4699734.692308
1776994,IT,TR,CHEM1,RAWMI,1.28,610954.256,6,6,610952.189,0.0,1.0,1.0,0.067,477308.0125
1650282,IT,BG,ELEC1,OFFIC,0.09,610902.415,4,4,610902.377,0.0,0.0,0.0,0.038,6787804.611111
1796878,IT,WL,SEACO,CONST,0.62,610897.057,4,4,610897.046,0.0,0.0,0.0,0.011,985317.833871
1807722,IT,WF,BUSIN,REALE,6.27,610673.07,6,6,610671.028,0.0,1.0,1.0,0.042,97396.023923
1656213,IT,DE,TEXTI,WHOLE,3.62,610640.31,6,6,610638.229,0.0,1.0,1.0,0.081,168685.168508
1745893,IT,JP,LEATH,HOTEL,4.37,610580.798,6,6,610575.692,0.0,4.0,1.0,0.106,139721.006407
1743980,IT,US,AIRTR,PAPER,0.66,610574.884,4,4,610574.865,0.0,0.0,0.0,0.019,925113.460606
1740409,IT,GB,HEALT,HEALT,3.18,610548.222,4,4,610548.198,0.0,0.0,0.0,0.024,191996.296226
1649398,IT,BG,CHEM1,BEVER,1.28,610539.66,6,6,610537.593,0.0,1.0,1.0,0.067,476984.109375
1750523,IT,CN,MACHI,TRAN1,3.41,610536.871,6,6,610534.821,0.0,1.0,1.0,0.05,179043.070674
1731818,IT,SI,PAPER,HOTEL,2.37,610526.841,6,6,610520.781,0.0,5.0,1.0,0.06,257606.262025
1689849,IT,IE,INSUR,BUSIN,12.58,610488.22,6,6,610486.192,0.0,1.0,1.0,0.028,48528.475358
1776895,IT,TR,PLAST,WEARI,1.28,610487.703,5,5,610486.641,0.0,0.0,1.0,0.062,476943.517969
1774837,IT,CH,POSTT,PUBLI,10.05,610475.495,6,6,610473.448,0.0,1.0,1.0,0.047,60743.830348
1786549,IT,ZA,FURNI,MACHI,1.95,610442.275,6,6,610438.223,0.0,2.0,2.0,0.052,313047.320513
1753312,IT,CA,BASIC,RUBBE,0.7,610378.065,5,5,610377.026,0.0,0.0,1.0,0.039,871968.664286
1737632,IT,GB,PAPER,HOTEL,2.36,610236.138,6,6,610230.078,0.0,5.0,1.0,0.06,258574.634746
1800757,IT,WE,NONME,RADIO,1.23,610212.854,5,5,610211.787,0.0,0.0,1.0,0.067,496108.011382
1758392,IT,BR,FABRI,PFERT,2.48,610180.049,6,6,610178.005,0.0,1.0,1.0,0.044,246040.342339
1778896,IT,TR,SEACO,TEXTI,0.62,610133.587,4,4,610133.576,0.0,0.0,0.0,0.011,984086.430645
1739717,IT,GB,SUPPO,SALEM,4.39,610098.33,5,5,610097.3,0.0,0.0,1.0,0.03,138974.562642
1805070,IT,WF,PLAST,AUXIL,1.28,610097.821,5,5,610096.759,0.0,0.0,1.0,0.062,476638.922656
1662450,IT,DK,ALUM1,WOODW,1.06,610024.762,5,5,610023.713,0.0,0.0,1.0,0.049,575495.058491
1721120,IT,PL,RAILW,BEVER,4.08,610017.887,5,5,610013.86,0.0,0.0,4.0,0.027,149514.18799
1719406,IT,PL,RUBBE,GLASS,2.02,609996.627,6,6,609994.572,0.0,1.0,1.0,0.055,301978.528218
1795416,IT,WL,BASIC,SALEM,0.7,609959.353,5,5,609958.314,0.0,0.0,1.0,0.039,871370.504286
1796897,IT,WL,SEACO,RESEA,0.62,609902.867,4,4,609902.856,0.0,0.0,0.0,0.011,983714.301613
1774665,IT,CH,AIRTR,WHOLE,0.66,609891.106,4,4,609891.087,0.0,0.0,0.0,0.019,924077.433333
1812843,IT,WM,FABRI,NONME,2.48,609790.154,6,6,609788.11,0.0,1.0,1.0,0.044,245883.126613
1658049,IT,DE,PREC1,ELEC1,1.04,609738.958,6,6,609736.93,0.0,1.0,1.0,0.028,586287.459615
1765664,IT,RU,PAPER,FOOD5,2.36,609683.731,6,6,609677.671,0.0,5.0,1.0,0.06,258340.563983
1748662,IT,CN,DAIRY,EDUCA,2.48,609655.881,6,6,609650.84,0.0,4.0,1.0,0.041,245828.984274
1650512,IT,BG,ELEC6,COPP1,0.09,609655.329,4,4,609655.231,0.0,0.0,0.0,0.098,6773948.1
1811538,IT,WM,PFERT,PLANT,0.27,609609.483,4,4,609609.385,0.0,0.0,0.0,0.098,2257812.9
1768536,IT,AU,FOOD5,WHOLE,2.93,609568.195,6,6,609564.141,0.0,3.0,1.0,0.054,208043.75256
1744067,IT,US,AIRTR,MEMBE,0.66,609524.066,4,4,609524.047,0.0,0.0,0.0,0.019,923521.312121
1667081,IT,ES,NONME,WHOLE,1.23,609439.407,5,5,609438.34,0.0,0.0,1.0,0.067,495479.192683
1709482,IT,LT,WEARI,KEROS,4.59,609418.543,6,6,609416.427,0.0,1.0,1.0,0.116,132770.924401
1742714,IT,US,FABRI,RAWMI,2.48,609347.857,6,6,609345.813,0.0,1.0,1.0,0.044,245704.781048
1653585,IT,CZ,BASIC,FOOD4,0.7,609177.039,5,5,609176.0,0.0,0.0,1.0,0.039,870252.912857
1755548,IT,KR,CHEM1,CERAM,1.27,609157.849,6,6,609155.783,0.0,1.0,1.0,0.066,479651.849606
1649867,IT,BG,COPP1,DISTR,1.54,609153.648,6,6,609150.617,0.0,1.0,2.0,0.031,395554.316883
1810494,IT,WM,PAPER,MEATC,2.36,609151.018,6,6,609144.958,0.0,5.0,1.0,0.06,258114.838136
1748481,IT,CN,STONE,ELEC3,1.97,609133.944,5,5,609099.916,0.0,0.0,34.0,0.028,309205.047716
1755744,IT,KR,GLASS,MEDIC,1.67,609101.539,5,5,609099.504,0.0,0.0,2.0,0.035,364731.460479
1670474,IT,FI,BEVER,FOOD5,2.59,609008.449,6,6,609005.41,0.0,2.0,1.0,0.039,235138.397297
1763592,IT,MX,CHEM1,WHOLE,1.27,608941.355,6,6,608939.289,0.0,1.0,1.0,0.066,479481.38189
1754112,IT,CA,AIRTR,FURNI,0.66,608924.446,4,4,608924.427,0.0,0.0,0.0,0.019,922612.79697
1790742,IT,WA,MACHI,FISHF,3.4,608920.913,6,6,608918.863,0.0,1.0,1.0,0.05,179094.386176
1811386,IT,WM,PLAST,CATTL,1.28,608887.987,5,5,608886.925,0.0,0.0,1.0,0.062,475693.739844
1717076,IT,NL,LANDT,BUSIN,3.93,608880.508,5,5,608879.479,0.0,0.0,1.0,0.029,154931.426972
1805343,IT,WF,RUBBE,MEAT4,2.02,608846.795,6,6,608844.74,0.0,1.0,1.0,0.055,301409.304455
1640610,IT,AT,BEVER,BEVER,2.59,608839.249,6,6,608836.21,0.0,2.0,1.0,0.039,235073.069112
1746253,IT,JP,CHEM1,ALUM1,1.27,608753.01,6,6,608750.944,0.0,1.0,1.0,0.066,479333.07874
1751492,IT,CN,AIRTR,MEMBE,0.66,608643.193,4,4,608643.174,0.0,0.0,0.0,0.019,922186.656061
1761654,IT,IN,FABRI,RUBBE,2.48,608633.525,6,6,608631.481,0.0,1.0,1.0,0.044,245416.743952
1689006,IT,IE,MACHI,CONST,3.39,608492.714,6,6,608490.664,0.0,1.0,1.0,0.05,179496.375811
1672724,IT,FR,CHEMI,PLAST,1.45,608483.355,6,6,608451.298,0.0,2.0,30.0,0.057,419643.693103
1653746,IT,CZ,COPP1,BASIC,1.54,608458.701,6,6,608455.67,0.0,1.0,2.0,0.031,395103.052597
1785981,IT,ZA,RUBBE,SUPPO,2.02,608361.311,6,6,608359.256,0.0,1.0,1.0,0.055,301168.965842
1642661,IT,AT,FABRI,RETA1,2.48,608303.018,6,6,608300.974,0.0,1.0,1.0,0.044,245283.475
1653501,IT,CZ,BASIC,WOODW,0.7,608204.373,5,5,608203.335,0.0,0.0,1.0,0.038,868863.39
1676943,IT,FR,AIRTR,MOTOR,0.66,608149.995,4,4,608149.976,0.0,0.0,0.0,0.019,921439.386364
1652910,IT,CZ,KEROS,SUPPO,0.9,608056.795,5,5,608055.746,0.0,0.0,1.0,0.049,675618.661111
1792001,IT,WA,SEACO,PUBLI,0.62,607813.842,4,4,607813.831,0.0,0.0,0.0,0.011,980344.906452
1740883,IT,US,DAIRY,RESEA,2.47,607812.453,6,6,607807.412,0.0,4.0,1.0,0.041,246077.916194
1775209,IT,CH,RESEA,RAILW,3.29,607768.832,6,6,607766.789,0.0,1.0,1.0,0.043,184732.167781
1805520,IT,WF,CERAM,WHOLE,0.95,607522.859,5,5,607519.826,0.0,0.0,3.0,0.033,639497.746316
1653805,IT,CZ,NONF1,ALUM1,0.13,607491.094,4,4,607491.091,0.0,0.0,0.0,0.003,4673008.415385
1795008,IT,WL,CHEM1,PRIVA,1.27,607482.566,6,6,607480.5,0.0,1.0,1.0,0.066,478332.729134
1804443,IT,WF,GASDI,SUGAR,0.9,607340.097,5,5,607339.048,0.0,0.0,1.0,0.049,674822.33
1733161,IT,SI,FABRI,BUSIN,2.47,607179.372,6,6,607177.328,0.0,1.0,1.0,0.044,245821.608097
1759185,IT,BR,AIRTR,RECRE,0.66,607155.493,4,4,607155.474,0.0,0.0,0.0,0.019,919932.565152
1755640,IT,KR,RUBBE,WOODW,2.01,607124.049,6,6,607121.994,0.0,1.0,1.0,0.055,302051.765672
1645736,IT,BE,RUBBE,PAPER,2.01,607107.939,6,6,607105.884,0.0,1.0,1.0,0.055,302043.750746
1794339,IT,WL,MOTOR,RETA1,0.91,606918.741,5,5,606917.692,0.0,0.0,1.0,0.049,666943.671429
1685007,IT,HU,VEGE1,HOTEL,1.87,606769.607,6,6,606764.475,0.0,4.0,1.0,0.132,324475.725668
1659391,IT,DE,WHOLE,FOOD5,5.24,606579.107,6,6,606577.072,0.0,1.0,1.0,0.035,115759.371565
1742665,IT,US,COPP1,RESEA,1.53,606568.157,6,6,606565.126,0.0,1.0,2.0,0.031,396449.775817
1658648,IT,DE,MACHI,INTER,3.38,606528.966,6,6,606526.916,0.0,1.0,1.0,0.05,179446.439645
1650280,IT,BG,ELEC1,FABRI,0.09,606480.725,4,4,606480.687,0.0,0.0,0.0,0.038,6738674.722222
1716346,IT,NL,FABRI,BUSIN,2.47,606474.995,6,6,606472.951,0.0,1.0,1.0,0.044,245536.435223
1763574,IT,MX,CHEM1,MACHI,1.27,606419.16,6,6,606417.094,0.0,1.0,1.0,0.066,477495.401575
1740277,IT,GB,BUSIN,HEALT,6.23,606302.585,6,6,606300.543,0.0,1.0,1.0,0.042,97319.837079
1774834,IT,CH,POSTT,COMPU,9.98,606285.635,6,6,606283.589,0.0,1.0,1.0,0.046,60750.063627
1675302,IT,FR,FABRI,RESEA,2.47,606233.46,6,6,606231.417,0.0,1.0,1.0,0.043,245438.647773
1778898,IT,TR,SEACO,LEATH,0.62,606230.425,4,4,606230.415,0.0,0.0,0.0,0.01,977791.008065
1672928,IT,FR,DAIRY,RAWMI,2.46,606150.103,6,6,606145.062,0.0,4.0,1.0,0.041,246402.480894
1742855,IT,US,MACHI,SUBBI,3.38,606057.564,6,6,606055.514,0.0,1.0,1.0,0.05,179306.971598
1748712,IT,CN,BEVER,FISHF,2.58,606013.145,6,6,606010.106,0.0,2.0,1.0,0.039,234888.815891
1773062,IT,CH,ALUM1,RETA1,1.05,606012.471,5,5,606011.422,0.0,0.0,1.0,0.049,577154.734286
1796425,IT,WL,WHOLE,CONST,5.24,605978.465,6,6,605976.43,0.0,1.0,1.0,0.035,115644.745229
1713656,IT,MT,ALUM1,REALE,1.05,605955.763,5,5,605954.714,0.0,0.0,1.0,0.049,577100.726667
1718800,IT,PL,PAPER,PLAST,2.35,605925.6,6,6,605919.54,0.0,5.0,1.0,0.06,257840.680851
1750107,IT,CN,BASIC,WHOLE,0.7,605891.322,5,5,605890.284,0.0,0.0,1.0,0.038,865559.031429
1745088,IT,US,PUBLI,COMPU,9.92,605878.114,6,6,605876.071,0.0,1.0,1.0,0.043,61076.422782
1799599,IT,WE,MOTOR,RAWMI,0.91,605859.589,5,5,605858.54,0.0,0.0,1.0,0.049,665779.768132
1759159,IT,BR,AIRTR,RAILW,0.66,605814.092,4,4,605814.073,0.0,0.0,0.0,0.019,917900.139394
1729046,IT,SE,RUBBE,CHEM1,2.01,605668.471,6,6,605666.416,0.0,1.0,1.0,0.055,301327.597512
1803011,IT,WF,WHEAT,RAILW,0.46,605653.649,5,5,605649.634,0.0,4.0,0.0,0.015,1316638.367391
1655506,IT,DE,CRUDE,PLAST,1.19,605599.804,5,5,605598.752,0.0,0.0,1.0,0.052,508907.398319
1761754,IT,IN,MACHI,RUBBE,3.38,605548.503,6,6,605546.453,0.0,1.0,1.0,0.05,179156.361834
1726073,IT,RO,RUBBE,BEVER,2.01,605509.068,6,6,605507.013,0.0,1.0,1.0,0.055,301248.292537
1747488,IT,JP,SEACO,MACHI,0.62,605397.158,4,4,605397.148,0.0,0.0,0.0,0.01,976447.029032
1713189,IT,MT,WEARI,RADIO,4.56,605316.003,6,6,605313.888,0.0,1.0,1.0,0.115,132744.7375
1749688,IT,CN,CHEM1,SECO9,1.26,605304.092,6,6,605302.026,0.0,1.0,1.0,0.066,480400.073016
1732549,IT,SI,RUBBE,CONST,2.01,605269.701,6,6,605267.646,0.0,1.0,1.0,0.055,301129.204478
1803007,IT,WF,WHEAT,RETAI,0.46,605227.276,5,5,605223.261,0.0,4.0,0.0,0.015,1315711.469565
1666400,IT,ES,NAPHT,LANDT,1.03,605215.467,5,5,605214.424,0.0,0.0,1.0,0.043,587587.832039
1646133,IT,BE,PREC1,FABRI,1.03,605214.256,6,6,605212.228,0.0,1.0,1.0,0.028,587586.656311
1675881,IT,FR,ELEC2,MOTOR,0.15,605029.476,4,4,605029.413,0.0,0.0,0.0,0.063,4033529.84
1814211,IT,WM,SUPPO,SUPPO,4.35,605000.101,5,5,604999.071,0.0,0.0,1.0,0.03,139080.482989
1656856,IT,DE,HEAVY,MOTOR,0.98,604994.357,5,5,604993.308,0.0,0.0,1.0,0.049,617341.180612
1723635,IT,PT,FABRI,BUSIN,2.46,604945.776,6,6,604943.733,0.0,1.0,1.0,0.043,245912.917073
1682610,IT,HR,KEROS,TOBAC,0.9,604934.346,5,5,604933.297,0.0,0.0,1.0,0.049,672149.273333
1652428,IT,CZ,TEXTI,WHOLE,3.58,604825.415,6,6,604823.335,0.0,1.0,1.0,0.08,168945.646648
1789205,IT,WA,PLAST,GLASS,1.27,604741.166,5,5,604740.104,0.0,0.0,1.0,0.062,476174.146457
1711985,IT,LV,VEGET,WHOLE,2.14,604737.43,5,5,604735.406,0.0,2.0,0.0,0.024,282587.584112
1745339,IT,JP,VEGE1,GASDI,1.86,604696.424,6,6,604691.292,0.0,4.0,1.0,0.132,325105.604301
1790662,IT,WA,FABRI,CERAM,2.46,604670.85,6,6,604668.807,0.0,1.0,1.0,0.043,245801.158537
1805008,IT,WF,PLAST,PAPER,1.27,604631.077,5,5,604630.015,0.0,0.0,1.0,0.062,476087.462205
1658917,IT,DE,FURNI,MACHI,1.93,604615.491,6,6,604611.439,0.0,2.0,2.0,0.052,313272.27513
1640996,IT,AT,WOODW,BUSIN,1.69,604412.611,6,6,604407.57,0.0,4.0,1.0,0.041,357640.598225
1794603,IT,WL,HEAVY,RETA1,0.98,604353.656,5,5,604352.607,0.0,0.0,1.0,0.049,616687.404082
1754548,IT,CA,BUSIN,FINAN,6.21,604316.581,6,6,604314.539,0.0,1.0,1.0,0.042,97313.459098
1814203,IT,WM,SUPPO,WHOLE,4.34,604289.933,5,5,604288.903,0.0,0.0,1.0,0.03,139237.311751
1645841,IT,BE,GLASS,FOOD5,1.66,604223.956,5,5,604221.921,0.0,0.0,2.0,0.035,363990.33494
1813920,IT,WM,LANDT,EDUCA,3.9,604144.426,5,5,604143.397,0.0,0.0,1.0,0.029,154908.827179
1803857,IT,WF,TEXTI,SEACO,3.58,604126.542,6,6,604124.462,0.0,1.0,1.0,0.08,168750.430726
1751415,IT,CN,SEACO,POSTT,0.61,604010.543,4,4,604010.533,0.0,0.0,0.0,0.01,990181.218033
1719411,IT,PL,RUBBE,BASIC,2.0,603998.847,6,6,603996.792,0.0,1.0,1.0,0.055,301999.4235
1805236,IT,WF,CHEM1,FURNI,1.26,603946.297,6,6,603944.231,0.0,1.0,1.0,0.066,479322.457937
1785602,IT,ZA,GASDI,RETA1,0.9,603886.323,5,5,603885.274,0.0,0.0,1.0,0.049,670984.803333
1809540,IT,WM,VEGE1,CATTL,1.86,603729.513,6,6,603724.382,0.0,4.0,1.0,0.131,324585.759677
1788886,IT,WA,GASDI,RAILW,0.9,603723.821,5,5,603722.772,0.0,0.0,1.0,0.049,670804.245556
1742575,IT,US,PREC1,BUSIN,1.03,603580.913,6,6,603578.885,0.0,1.0,1.0,0.028,586000.886408
1775275,IT,CH,BUSIN,PLAST,6.2,603515.274,6,6,603513.232,0.0,1.0,1.0,0.042,97341.173226
1710023,IT,LT,COPP1,OILSE,1.52,603507.523,6,6,603504.492,0.0,1.0,2.0,0.031,397044.423026
1753491,IT,CA,FABRI,PUBLI,2.46,603351.933,6,6,603349.89,0.0,1.0,1.0,0.043,245265.013415
1809753,IT,WM,FOOD5,CRUDE,2.9,603291.648,6,6,603287.594,0.0,3.0,1.0,0.054,208031.602759
1812858,IT,WM,FABRI,TRANS,2.45,603006.272,6,6,603004.229,0.0,1.0,1.0,0.043,246125.00898
1660259,IT,DE,POSTT,MACHI,9.93,602983.932,6,6,602981.886,0.0,1.0,1.0,0.046,60723.457402
1796029,IT,WL,MOTO1,PRIVA,3.21,602983.11,6,6,602981.071,0.0,1.0,1.0,0.039,187845.205607
1668576,IT,ES,HOTEL,RESEA,4.37,602788.631,6,6,602786.586,0.0,1.0,1.0,0.045,137937.901831
1811646,IT,WM,CHEM1,LEAD1,1.26,602744.333,6,6,602742.267,0.0,1.0,1.0,0.066,478368.518254
1719457,IT,PL,RUBBE,PUBLI,2.0,602439.479,6,6,602437.424,0.0,1.0,1.0,0.055,301219.7395
1714729,IT,NL,DAIRY,FOOD5,2.45,602404.151,6,6,602399.11,0.0,4.0,1.0,0.041,245879.245306
1669834,IT,ES,BUSIN,BUSIN,6.19,602333.824,6,6,602331.782,0.0,1.0,1.0,0.042,97307.564459
1665405,IT,ES,TEXTI,FABRI,3.57,602228.997,6,6,602226.917,0.0,1.0,1.0,0.08,168691.595798
1719309,IT,PL,CHEM1,FINAN,1.26,602176.933,6,6,602174.867,0.0,1.0,1.0,0.066,477918.200794
1652277,IT,CZ,BEVER,POULT,2.56,602163.958,6,6,602160.919,0.0,2.0,1.0,0.039,235220.296094
1766388,IT,RU,BASIC,PFERT,0.69,602085.209,5,5,602084.171,0.0,0.0,1.0,0.038,872587.25942
1752524,IT,CA,FOOD5,CHEM1,2.89,602077.607,6,6,602073.553,0.0,3.0,1.0,0.054,208331.351903
1682991,IT,HR,CHEM1,FOOD5,1.26,602065.8,6,6,602063.734,0.0,1.0,1.0,0.066,477830.0
1753311,IT,CA,BASIC,CHEM1,0.69,602049.741,5,5,602048.703,0.0,0.0,1.0,0.038,872535.856522
1649831,IT,BG,ALUM1,COPP1,1.05,601972.399,5,5,601971.351,0.0,0.0,1.0,0.048,573307.046667
1652066,IT,CZ,FISHF,RECRE,1.04,601925.045,4,4,601925.024,0.0,0.0,0.0,0.021,578774.081731
1649548,IT,BG,RUBBE,FABRI,1.99,601895.684,6,6,601893.629,0.0,1.0,1.0,0.055,302460.142714
1740245,IT,GB,BUSIN,ELEC5,6.18,601863.111,6,6,601861.069,0.0,1.0,1.0,0.042,97388.852913
1675393,IT,FR,MACHI,ALUM1,3.36,601844.069,6,6,601842.02,0.0,1.0,1.0,0.049,179120.258631
1806214,IT,WF,MACHI,SANDC,3.36,601833.3,6,6,601831.251,0.0,1.0,1.0,0.049,179117.053571
1750594,IT,CN,OFFIC,MACHI,1.86,601819.57,6,6,601817.527,0.0,1.0,1.0,0.043,323558.908602
1811471,IT,WM,PLAST,ELEC6,1.26,601771.9,5,5,601770.839,0.0,0.0,1.0,0.061,477596.746032
1770212,IT,AU,HOTEL,NATUR,4.36,601529.476,6,6,601527.431,0.0,1.0,1.0,0.045,137965.476147
1739512,IT,GB,LANDT,AIRTR,3.88,601416.443,5,5,601415.415,0.0,0.0,1.0,0.028,155004.237887
1739796,IT,GB,POSTT,WHOLE,9.9,601377.341,6,6,601375.295,0.0,1.0,1.0,0.046,60745.18596
1801710,IT,WE,ELEC1,PAPER,0.09,601223.216,4,4,601223.178,0.0,0.0,0.0,0.038,6680257.955556
1746286,IT,JP,CHEM1,HOTEL,1.26,601186.468,6,6,601184.402,0.0,1.0,1.0,0.066,477132.11746
1681668,IT,HR,VEGET,STEAM,2.13,601159.305,5,5,601157.281,0.0,2.0,0.0,0.024,282234.415493
1646272,IT,BE,LEAD1,FOOD4,1.05,600951.699,6,6,600947.648,0.0,1.0,3.0,0.051,572334.951429
1810994,IT,WM,GASDI,HOTEL,0.89,600942.967,5,5,600941.918,0.0,0.0,1.0,0.049,675216.816854
1677328,IT,FR,FINAN,PUBLI,7.82,600942.288,4,4,600942.271,0.0,0.0,0.0,0.017,76846.839898
1773325,IT,CH,MACHI,RUBBE,3.35,600911.669,6,6,600909.62,0.0,1.0,1.0,0.049,179376.617612
1758461,IT,BR,MACHI,FORES,3.35,600803.917,6,6,600801.868,0.0,1.0,1.0,0.049,179344.452836
1739514,IT,GB,LANDT,POSTT,3.88,600783.679,5,5,600782.651,0.0,0.0,1.0,0.028,154841.154381
1742372,IT,US,NONME,GLASS,1.21,600780.737,5,5,600779.671,0.0,0.0,1.0,0.066,496513.005785
1662775,IT,DK,MOTO1,SALEM,3.2,600751.226,6,6,600749.187,0.0,1.0,1.0,0.039,187734.758125
1773028,IT,CH,ALUM1,GLASS,1.04,600750.531,5,5,600749.483,0.0,0.0,1.0,0.048,577644.741346
1646089,IT,BE,BASIC,TRANS,0.69,600743.064,5,5,600742.026,0.0,0.0,1.0,0.038,870642.121739
1737359,IT,GB,BEVER,BUSIN,2.55,600722.084,6,6,600719.045,0.0,2.0,1.0,0.039,235577.287843
1710369,IT,LT,HOTEL,KEROS,4.35,600701.994,6,6,600699.949,0.0,1.0,1.0,0.045,138092.412414
1673341,IT,FR,TEXTI,RETAI,3.56,600240.151,6,6,600238.071,0.0,1.0,1.0,0.08,168606.783989
1797002,IT,WL,AIRTR,RETAI,0.65,600237.994,4,4,600237.975,0.0,0.0,0.0,0.019,923443.067692
1800284,IT,WE,PLAST,LANDT,1.26,600194.298,5,5,600193.237,0.0,0.0,1.0,0.061,476344.680952
1667277,IT,ES,ALUM1,PLAST,1.04,600132.657,5,5,600131.609,0.0,0.0,1.0,0.048,577050.631731
1668977,IT,ES,AIRTR,HOTEL,0.65,599837.8,4,4,599837.781,0.0,0.0,0.0,0.019,922827.384615
1786048,IT,ZA,CERAM,REALE,0.93,599748.149,5,5,599745.116,0.0,0.0,3.0,0.033,644890.482796
1790493,IT,WA,COPP1,BASIC,1.51,599635.13,6,6,599632.099,0.0,1.0,2.0,0.031,397109.357616
1649941,IT,BG,FABRI,FOUND,2.44,599631.114,6,6,599629.071,0.0,1.0,1.0,0.043,245750.456557
1763568,IT,MX,CHEM1,ALUM1,1.25,599626.411,6,6,599624.346,0.0,1.0,1.0,0.065,479701.1288
1743679,IT,US,HOTEL,WASTE,4.35,599567.118,6,6,599565.073,0.0,1.0,1.0,0.045,137831.521379
1649405,IT,BG,CHEM1,PULP5,1.25,599461.246,6,6,599459.181,0.0,1.0,1.0,0.065,479568.9968
1801523,IT,WE,MOTO1,SUPPO,3.19,599446.954,6,6,599444.915,0.0,1.0,1.0,0.039,187914.405643
1782019,IT,NO,RUBBE,LANDT,1.99,599365.721,6,6,599363.667,0.0,1.0,1.0,0.054,301188.804523
1647409,IT,BE,AIRTR,CHEM1,0.65,599282.168,4,4,599282.149,0.0,0.0,0.0,0.019,921972.566154
1805066,IT,WF,PLAST,SUPPO,1.26,599184.975,5,5,599183.914,0.0,0.0,1.0,0.061,475543.630952
1720445,IT,PL,MACHI,PREC1,3.34,599090.781,6,6,599088.732,0.0,1.0,1.0,0.049,179368.497305
1759654,IT,BR,RESEA,MOTO1,3.25,599077.055,6,6,599075.013,0.0,1.0,1.0,0.042,184331.401538
1794994,IT,WL,CHEM1,POSTT,1.25,599012.897,6,6,599010.832,0.0,1.0,1.0,0.065,479210.3176
1680359,IT,GR,ELEC2,FOOD5,0.14,598977.613,4,4,598977.55,0.0,0.0,0.0,0.063,4278411.521429
1659880,IT,DE,LANDT,PUBLI,3.86,598863.819,5,5,598862.791,0.0,0.0,1.0,0.028,155146.067098
1756784,IT,KR,AIRTR,RETA1,0.65,598842.771,4,4,598842.752,0.0,0.0,0.0,0.019,921296.570769
1743581,IT,US,HOTEL,PULP5,4.34,598799.367,6,6,598797.322,0.0,1.0,1.0,0.045,137972.204378
1812152,IT,WM,CEMEN,PFERT,0.96,598664.671,5,5,598660.644,0.0,0.0,4.0,0.027,623609.032292
1648342,IT,BE,HEALT,PREC1,3.12,598550.863,4,4,598550.839,0.0,0.0,0.0,0.024,191843.225321
1653226,IT,CZ,RUBBE,PAPER,1.98,598531.241,6,6,598529.187,0.0,1.0,1.0,0.054,302288.505556
1756316,IT,KR,MOTO1,DIST1,3.19,598530.504,6,6,598528.465,0.0,1.0,1.0,0.039,187627.117241
1643541,IT,AT,SEACO,WOODW,0.61,598353.637,4,4,598353.627,0.0,0.0,0.0,0.01,980907.601639
1719614,IT,PL,CERAM,ELEC1,0.93,598325.076,5,5,598322.044,0.0,0.0,3.0,0.032,643360.296774
1741455,IT,US,MOTOR,ELEC4,0.89,598284.615,5,5,598283.566,0.0,0.0,1.0,0.049,672229.904494
1776680,IT,TR,HEAVY,PLAST,0.97,598282.703,5,5,598281.655,0.0,0.0,1.0,0.048,616786.291753
1769832,IT,AU,MACHI,WASTE,3.34,598135.201,6,6,598133.152,0.0,1.0,1.0,0.049,179082.395509
1812334,IT,WM,BASIC,GLASS,0.69,598001.425,5,5,598000.387,0.0,0.0,1.0,0.038,866668.731884
1744716,IT,US,COMPU,PUBLI,6.83,597874.371,6,6,597872.333,0.0,1.0,1.0,0.038,87536.511127
1799629,IT,WE,MOTOR,BEVER,0.89,597798.93,5,5,597797.881,0.0,0.0,1.0,0.049,671684.191011
1769605,IT,AU,FABRI,BITUM,2.43,597773.654,6,6,597771.611,0.0,1.0,1.0,0.043,245997.388477
1660402,IT,DE,FINAN,CONST,7.78,597771.925,4,4,597771.908,0.0,0.0,0.0,0.017,76834.437661
1741409,IT,US,MOTOR,CEREA,0.89,597749.326,5,5,597748.277,0.0,0.0,1.0,0.049,671628.45618
1805337,IT,WF,RUBBE,STONE,1.98,597718.693,6,6,597716.639,0.0,1.0,1.0,0.054,301878.127778
1804351,IT,WF,MOTOR,FINAN,0.89,597610.032,5,5,597608.983,0.0,0.0,1.0,0.049,671471.946067
1732880,IT,SI,BASIC,WASTE,0.69,597589.693,5,5,597588.655,0.0,0.0,1.0,0.038,866072.018841
1813224,IT,WM,TRANS,NATUR,3.57,597496.833,6,6,597494.801,0.0,1.0,1.0,0.032,167366.059664
1749990,IT,CN,CEMEN,CEMEN,0.96,597447.011,5,5,597442.984,0.0,0.0,4.0,0.027,622340.636458
1785825,IT,ZA,CHEM1,BASIC,1.25,597425.143,6,6,597423.078,0.0,1.0,1.0,0.065,477940.1144
1726412,IT,RO,FABRI,CRUDE,2.43,597421.228,6,6,597419.185,0.0,1.0,1.0,0.043,245852.357202
1772366,IT,CH,CHEM1,SANDC,1.25,597406.181,6,6,597404.116,0.0,1.0,1.0,0.065,477924.9448
1642975,IT,AT,ELEC1,DISTR,0.09,597350.626,4,4,597350.588,0.0,0.0,0.0,0.038,6637229.177778
1656692,IT,DE,COKEO,WHOLE,0.08,597284.424,4,4,597284.421,0.0,0.0,0.0,0.003,7466055.3
1729503,IT,SE,ALUM1,WHOLE,1.04,597202.997,5,5,597201.949,0.0,0.0,1.0,0.048,574233.650962
1654316,IT,CZ,ELEC2,BIOG1,0.14,597179.987,4,4,597179.925,0.0,0.0,0.0,0.062,4265571.335714
1726464,IT,RO,FABRI,TRANS,2.43,597168.999,6,6,597166.956,0.0,1.0,1.0,0.043,245748.559259
1655321,IT,DE,VEGET,PLAST,2.11,597149.41,5,5,597147.387,0.0,2.0,0.0,0.023,283009.199052
1772929,IT,CH,PREC1,WOODW,1.01,597113.222,6,6,597111.195,0.0,1.0,1.0,0.027,591201.209901
1734850,IT,SK,PAPER,PRINT,2.31,597064.448,6,6,597058.389,0.0,5.0,1.0,0.059,258469.458009
1789172,IT,WA,PLAST,FOOD5,1.25,597056.141,5,5,597055.08,0.0,0.0,1.0,0.061,477644.9128
1773375,IT,CH,MACHI,RENTI,3.33,596877.655,6,6,596875.606,0.0,1.0,1.0,0.049,179242.539039
1683170,IT,HR,GLASS,WOODW,1.64,596860.368,5,5,596858.334,0.0,0.0,2.0,0.034,363939.24878
1721253,IT,PL,LANDT,CEMEN,3.85,596775.439,5,5,596774.411,0.0,0.0,1.0,0.028,155006.607532
1686543,IT,HU,ALUM1,PAPER,1.04,596691.306,5,5,596690.258,0.0,0.0,1.0,0.048,573741.640385
1735796,IT,SK,MACHI,RUBBE,3.33,596653.061,6,6,596651.012,0.0,1.0,1.0,0.049,179175.093393
1804303,IT,WF,MOTOR,PFERT,0.89,596587.715,5,5,596586.666,0.0,0.0,1.0,0.049,670323.275281
1774146,IT,CH,WHOLE,RENTI,5.16,596566.001,6,6,596563.966,0.0,1.0,1.0,0.035,115613.566085
1740886,IT,US,DAIRY,EDUCA,2.42,596542.798,6,6,596537.758,0.0,4.0,1.0,0.04,246505.28843
1802940,IT,WF,WHEAT,RAWMI,0.45,596449.942,5,5,596445.928,0.0,4.0,0.0,0.014,1325444.315556
1685561,IT,HU,PAPER,COMPU,2.31,596395.041,6,6,596388.982,0.0,5.0,1.0,0.059,258179.671429
1679433,IT,GR,CHEM1,RAWMI,1.25,596360.175,6,6,596358.11,0.0,1.0,1.0,0.065,477088.14
1770507,IT,AU,AIRTR,WHOLE,0.65,596291.086,4,4,596291.067,0.0,0.0,0.0,0.019,917370.901538
1665188,IT,ES,FOOD5,MEAT1,2.86,596282.623,6,6,596278.57,0.0,3.0,1.0,0.053,208490.427622
1750183,IT,CN,ALUM1,FOUND,1.04,596263.767,5,5,596262.719,0.0,0.0,1.0,0.048,573330.545192
1754769,IT,KR,DAIRY,RECRE,2.42,596238.086,6,6,596233.046,0.0,4.0,1.0,0.04,246379.37438
1730819,IT,SE,BUSIN,SUPPO,6.12,596178.594,6,6,596176.553,0.0,1.0,1.0,0.041,97414.802941
1648242,IT,BE,BUSIN,POSTT,6.12,596146.836,6,6,596144.795,0.0,1.0,1.0,0.041,97409.613725
1784263,IT,ID,CHEM1,PRINT,1.25,596092.117,6,6,596090.052,0.0,1.0,1.0,0.065,476873.6936
1720874,IT,PL,CONST,ELECT,3.33,596035.142,6,6,596032.11,0.0,1.0,2.0,0.032,178989.532132
1790015,IT,WA,NONME,BASIC,1.2,595913.451,5,5,595912.386,0.0,0.0,1.0,0.065,496594.5425
1732113,IT,SI,GASDI,VEGET,0.89,595883.309,5,5,595882.26,0.0,0.0,1.0,0.049,669531.807865
1743522,IT,US,RETA1,INSUR,6.22,595710.817,6,6,595708.778,0.0,1.0,1.0,0.039,95773.443248
1794912,IT,WL,CHEM1,MEAT1,1.24,595669.707,6,6,595667.642,0.0,1.0,1.0,0.065,480378.795968
1779040,IT,TR,AIRTR,WHOLE,0.65,595641.36,4,4,595641.341,0.0,0.0,0.0,0.019,916371.323077
1729901,IT,SE,TRANS,BUSIN,3.55,595486.702,6,6,595484.67,0.0,1.0,1.0,0.032,167742.732958
1651306,IT,CY,TEXTI,SUPPO,3.53,595401.224,6,6,595399.145,0.0,1.0,1.0,0.079,168668.901983
1756800,IT,KR,AIRTR,PUBLI,0.65,595336.428,4,4,595336.409,0.0,0.0,0.0,0.019,915902.196923
1784644,IT,ID,MACHI,EDUCA,3.32,595279.007,6,6,595276.958,0.0,1.0,1.0,0.049,179300.905723
1761542,IT,IN,LEAD1,MACHI,1.04,595229.369,6,6,595225.319,0.0,1.0,3.0,0.05,572335.931731
1657113,IT,DE,PLAST,TEXTI,1.25,595219.765,5,5,595218.704,0.0,0.0,1.0,0.061,476175.812
1786498,IT,ZA,MOTO1,EDUCA,3.17,595183.766,6,6,595181.727,0.0,1.0,1.0,0.039,187755.13123
1674526,IT,FR,RUBBE,TEXTI,1.97,595097.257,6,6,595095.203,0.0,1.0,1.0,0.054,302079.825888
1812323,IT,WM,BASIC,NAPHT,0.69,595087.903,5,5,595086.865,0.0,0.0,1.0,0.038,862446.236232
1794217,IT,WL,PRINT,WHOLE,5.71,595020.16,6,6,595018.115,0.0,1.0,1.0,0.045,104206.683012
1719502,IT,PL,GLASS,FOOD5,1.63,594992.581,5,5,594990.547,0.0,0.0,2.0,0.034,365026.123313
1643418,IT,AT,LANDT,MOTOR,3.84,594902.102,5,5,594901.074,0.0,0.0,1.0,0.028,154922.422396
1649084,IT,BG,PAPER,PRINT,2.3,594782.215,6,6,594776.156,0.0,5.0,1.0,0.059,258600.963043
1642876,IT,AT,MOTO1,WHOLE,3.17,594723.056,6,6,594721.017,0.0,1.0,1.0,0.039,187609.796845
1811886,IT,WM,RUBBE,GLASS,1.97,594572.75,6,6,594570.696,0.0,1.0,1.0,0.054,301813.57868
1798771,IT,WE,FOOD5,DAIRY,2.86,594330.843,6,6,594326.79,0.0,3.0,1.0,0.053,207807.987063
1651622,IT,CY,CEMEN,CONST,0.95,594317.256,5,5,594313.229,0.0,0.0,4.0,0.027,625597.111579
1726019,IT,RO,CHEM1,HOTEL,1.24,594292.458,6,6,594290.393,0.0,1.0,1.0,0.065,479268.11129
1794818,IT,WL,PLAST,FABRI,1.25,594222.048,5,5,594220.988,0.0,0.0,1.0,0.06,475377.6384
1716506,IT,NL,OFFIC,COMPU,1.84,594047.557,6,6,594045.514,0.0,1.0,1.0,0.043,322851.933152
1799587,IT,WE,MOTOR,WHEAT,0.89,594018.88,5,5,594017.832,0.0,0.0,1.0,0.048,667436.94382
1653124,IT,CZ,CHEM1,CHEM1,1.24,593936.949,6,6,593934.884,0.0,1.0,1.0,0.065,478981.410484
1739451,IT,GB,LANDT,KEROS,3.83,593845.378,5,5,593844.35,0.0,0.0,1.0,0.028,155051.012533
1754831,IT,KR,FOOD5,HEALT,2.85,593826.294,6,6,593822.241,0.0,3.0,1.0,0.053,208360.103158
1726037,IT,RO,CHEM1,FOOD3,1.24,593811.825,6,6,593809.76,0.0,1.0,1.0,0.065,478880.504032
1773423,IT,CH,OFFIC,WOODW,1.84,593793.868,6,6,593791.825,0.0,1.0,1.0,0.043,322714.058696
1801029,IT,WE,LEAD1,CONST,1.03,593667.099,6,6,593663.049,0.0,1.0,3.0,0.05,576375.824272
1719552,IT,PL,GLASS,WHOLE,1.63,593658.912,5,5,593656.878,0.0,0.0,2.0,0.034,364207.921472
1765886,IT,RU,PLAST,LEATH,1.25,593625.876,5,5,593624.816,0.0,0.0,1.0,0.06,474900.7008
1770231,IT,AU,HOTEL,PROCE,4.3,593581.182,6,6,593579.137,0.0,1.0,1.0,0.045,138042.135349
1675280,IT,FR,FABRI,DISTR,2.42,593522.848,6,6,593520.805,0.0,1.0,1.0,0.043,245257.375207
1672022,IT,FI,SEACO,SUPPO,0.6,593322.56,4,4,593322.55,0.0,0.0,0.0,0.01,988870.933333
1794218,IT,WL,PRINT,RETA1,5.69,593312.756,6,6,593310.711,0.0,1.0,1.0,0.045,104272.892091
1766677,IT,RU,FABRI,WHOLE,2.41,593307.383,6,6,593305.34,0.0,1.0,1.0,0.043,246185.6361
1651707,IT,CY,FABRI,CONST,2.41,593246.773,6,6,593244.73,0.0,1.0,1.0,0.043,246160.486722
1667519,IT,ES,FABRI,ALUM1,2.41,593209.373,6,6,593207.33,0.0,1.0,1.0,0.043,246144.96805
1640857,IT,AT,LEATH,BEVER,4.25,593173.433,6,6,593168.33,0.0,4.0,1.0,0.103,139570.219529
1667666,IT,ES,MACHI,COPP1,3.31,592993.806,6,6,592991.757,0.0,1.0,1.0,0.049,179152.207251
1730119,IT,SE,HOTEL,REALE,4.3,592991.751,6,6,592989.706,0.0,1.0,1.0,0.045,137905.058372
1674563,IT,FR,RUBBE,FOUND,1.96,592914.439,6,6,592912.385,0.0,1.0,1.0,0.054,302507.366837
1762915,IT,MX,CHEMI,GLASS,1.41,592909.472,6,6,592878.416,0.0,2.0,29.0,0.056,420503.171631
1743094,IT,US,MOTO1,TOBAC,3.16,592900.868,6,6,592898.829,0.0,1.0,1.0,0.039,187626.856962
1757863,IT,BR,CHEM1,PULP5,1.24,592767.855,6,6,592765.79,0.0,1.0,1.0,0.065,478038.592742
1790518,IT,WA,COPP1,REALE,1.5,592764.979,6,6,592761.948,0.0,1.0,2.0,0.031,395176.652667
1743312,IT,US,FURNI,EDUCA,1.89,592753.889,6,6,592749.838,0.0,2.0,2.0,0.051,313626.396296
1658104,IT,DE,ALUM1,BEVER,1.03,592734.861,5,5,592733.814,0.0,0.0,1.0,0.047,575470.738835
1715062,IT,NL,TEXTI,HEALT,3.51,592711.442,6,6,592709.363,0.0,1.0,1.0,0.079,168863.658689
1719245,IT,PL,CHEM1,LEATH,1.24,592675.302,6,6,592673.237,0.0,1.0,1.0,0.065,477963.953226
1717004,IT,NL,LANDT,KEROS,3.82,592671.129,5,5,592670.101,0.0,0.0,1.0,0.028,155149.510209
1725688,IT,RO,PAPER,MOTO1,2.3,592664.75,6,6,592658.692,0.0,5.0,1.0,0.058,257680.326087
1748547,IT,CN,VEGE1,CATTL,1.82,592645.084,6,6,592639.955,0.0,4.0,1.0,0.129,325629.167033
1755479,IT,KR,PLAST,ELECT,1.24,592597.195,5,5,592596.135,0.0,0.0,1.0,0.06,477900.96371
1766840,IT,RU,MACHI,RENTI,3.3,592379.492,6,6,592377.443,0.0,1.0,1.0,0.049,179508.93697
1657269,IT,DE,CHEM1,DIST1,1.24,592272.687,6,6,592270.622,0.0,1.0,1.0,0.065,477639.26371
1789139,IT,WA,PLAST,VEGET,1.24,592256.208,5,5,592255.148,0.0,0.0,1.0,0.06,477625.974194
1667154,IT,ES,BASIC,ELECT,0.68,592108.394,5,5,592107.357,0.0,0.0,1.0,0.037,870747.638235
1718398,IT,PL,BEVER,RETA1,2.52,592087.982,6,6,592084.944,0.0,2.0,1.0,0.038,234955.548413
1767509,IT,RU,SEACO,CONST,0.6,592073.249,4,4,592073.239,0.0,0.0,0.0,0.01,986788.748333
1676851,IT,FR,LANDT,RESEA,3.82,592065.06,5,5,592064.032,0.0,0.0,1.0,0.028,154990.853403
1679597,IT,GR,RUBBE,HOTEL,1.96,592060.286,6,6,592058.232,0.0,1.0,1.0,0.054,302071.57449
1804597,IT,WF,HEAVY,PULP5,0.96,592041.495,5,5,592040.447,0.0,0.0,1.0,0.048,616709.890625
1810421,IT,WM,PULP5,PAPER,1.81,591999.267,6,6,591995.211,0.0,3.0,1.0,0.056,327071.418232
1776469,IT,TR,MOTOR,CHEM1,0.88,591990.407,5,5,591989.359,0.0,0.0,1.0,0.048,672716.371591
1794841,IT,WL,PLAST,REALE,1.24,591871.8,5,5,591870.74,0.0,0.0,1.0,0.06,477315.967742
1747474,IT,JP,SEACO,CHEM1,0.6,591662.637,4,4,591662.627,0.0,0.0,0.0,0.01,986104.395
1810744,IT,WM,MOTOR,FINAN,0.88,591650.236,5,5,591649.188,0.0,0.0,1.0,0.048,672329.813636
1640542,IT,AT,FOOD5,LEATH,2.84,591517.094,6,6,591513.041,0.0,3.0,1.0,0.053,208280.666901
1775894,IT,TR,PROCE,FOUND,4.0,591311.154,6,6,591307.117,0.0,3.0,1.0,0.037,147827.7885
1746600,IT,JP,PREC1,MEDIC,1.0,591310.348,6,6,591308.321,0.0,1.0,1.0,0.027,591310.348
1793722,IT,WL,FOOD5,EDUCA,2.84,591096.489,6,6,591092.436,0.0,3.0,1.0,0.053,208132.566549
1781409,IT,NO,FOOD5,MEATP,2.84,591046.591,6,6,591042.538,0.0,3.0,1.0,0.053,208114.996831
1671060,IT,FI,RUBBE,MACHI,1.96,590973.453,6,6,590971.399,0.0,1.0,1.0,0.054,301517.067857
1668640,IT,ES,RAILW,MOTO1,3.95,590968.56,5,5,590964.533,0.0,0.0,4.0,0.027,149612.293671
1761785,IT,IN,MACHI,DIST1,3.3,590964.642,6,6,590962.593,0.0,1.0,1.0,0.049,179080.194545
1763765,IT,MX,GLASS,FURNI,1.62,590655.058,5,5,590653.024,0.0,0.0,2.0,0.034,364601.887654
1805936,IT,WF,LEAD1,LEAD1,1.03,590635.093,6,6,590631.043,0.0,1.0,3.0,0.05,573432.129126
1649427,IT,BG,CHEM1,NONME,1.23,590619.239,6,6,590617.175,0.0,1.0,1.0,0.064,480178.243089
1784634,IT,ID,MACHI,POSTT,3.29,590597.304,6,6,590595.255,0.0,1.0,1.0,0.049,179512.858359
1804860,IT,WF,BITU1,SANDC,0.93,590559.136,5,5,590558.089,0.0,0.0,1.0,0.047,635009.823656
1755686,IT,KR,RUBBE,WHOLE,1.96,590553.0,6,6,590550.946,0.0,1.0,1.0,0.054,301302.55102
1654542,IT,CZ,HOTEL,WHOLE,4.28,590373.904,6,6,590371.86,0.0,1.0,1.0,0.044,137937.828037
1759781,IT,BR,BUSIN,ELEC4,6.06,590325.403,6,6,590323.362,0.0,1.0,1.0,0.041,97413.432838
1747460,IT,JP,SEACO,KERO1,0.6,590039.176,4,4,590039.166,0.0,0.0,0.0,0.01,983398.626667
1785790,IT,ZA,CHEM1,POULT,1.23,590032.723,6,6,590030.659,0.0,1.0,1.0,0.064,479701.400813
1667631,IT,ES,MACHI,PULP5,3.29,589937.448,6,6,589935.4,0.0,1.0,1.0,0.048,179312.294225
1799708,IT,WE,MOTOR,AUXIL,0.88,589936.499,5,5,589935.451,0.0,0.0,1.0,0.048,670382.385227
1799635,IT,WE,MOTOR,WOODW,0.88,589894.212,5,5,589893.164,0.0,0.0,1.0,0.048,670334.331818
1790636,IT,WA,FABRI,WOODW,2.4,589812.457,6,6,589810.415,0.0,1.0,1.0,0.042,245755.190417
1668753,IT,ES,LANDT,FURNI,3.8,589798.928,5,5,589797.9,0.0,0.0,1.0,0.028,155210.244211
1760628,IT,IN,PULP5,PRINT,1.8,589787.699,6,6,589783.644,0.0,3.0,1.0,0.055,327659.832778
1751429,IT,CN,AIRTR,PLANT,0.64,589485.449,4,4,589485.43,0.0,0.0,0.0,0.019,921071.014062
1719450,IT,PL,RUBBE,INSUR,1.95,589472.617,6,6,589470.564,0.0,1.0,1.0,0.053,302293.649744
1753752,IT,CA,FURNI,RUBBE,1.88,589461.605,6,6,589457.554,0.0,2.0,2.0,0.051,313543.406915
1757942,IT,BR,ADDIT,MOTOR,1.36,589450.114,6,6,589445.068,0.0,4.0,1.0,0.046,433419.201471
1656047,IT,DE,BEVER,FISH5,2.51,589309.799,6,6,589306.761,0.0,2.0,1.0,0.038,234784.780478
1780367,IT,TW,AIRTR,RADIO,0.64,589215.014,4,4,589214.995,0.0,0.0,0.0,0.019,920648.459375
1675590,IT,FR,MOTO1,FABRI,3.14,589143.223,6,6,589141.185,0.0,1.0,1.0,0.038,187625.230255
1640585,IT,AT,FOOD5,RESEA,2.83,589092.457,6,6,589088.404,0.0,3.0,1.0,0.053,208159.878799
1722898,IT,PT,MOTOR,GASDI,0.88,589085.095,5,5,589084.047,0.0,0.0,1.0,0.048,669414.880682
1792105,IT,WA,AIRTR,LANDT,0.64,589059.012,4,4,589058.993,0.0,0.0,0.0,0.019,920404.70625
1717843,IT,PL,VEGET,MEATC,2.09,589043.932,5,5,589041.909,0.0,2.0,0.0,0.023,281839.201914
1714957,IT,NL,FISH5,FOOD5,2.47,588845.201,6,6,588841.898,0.0,2.0,1.0,0.303,238398.866802
1645683,IT,BE,CHEM1,WASTE,1.23,588656.442,6,6,588654.378,0.0,1.0,1.0,0.064,478582.473171
1658519,IT,DE,MACHI,CEREA,3.28,588610.875,6,6,588608.827,0.0,1.0,1.0,0.048,179454.535061
1739103,IT,GB,WHOLE,RUBBE,5.09,588602.742,6,6,588600.708,0.0,1.0,1.0,0.034,115639.04558
1772904,IT,CH,BASIC,RENTI,0.68,588591.586,5,5,588590.549,0.0,0.0,1.0,0.037,865575.861765
1739126,IT,GB,WHOLE,POSTT,5.08,588399.638,6,6,588397.604,0.0,1.0,1.0,0.034,115826.700394
1806163,IT,WF,FABRI,TRAN2,2.39,588324.778,6,6,588322.736,0.0,1.0,1.0,0.042,246160.994979
1679768,IT,GR,BASIC,REALE,0.68,588291.236,5,5,588290.199,0.0,0.0,1.0,0.037,865134.170588
1649735,IT,BG,BASIC,TEXTI,0.68,588255.699,5,5,588254.662,0.0,0.0,1.0,0.037,865081.910294
1743621,IT,US,HOTEL,RADIO,4.26,588227.688,6,6,588225.644,0.0,1.0,1.0,0.044,138081.616901
1729089,IT,SE,RUBBE,REALE,1.95,588190.877,6,6,588188.824,0.0,1.0,1.0,0.053,301636.347179
1683091,IT,HR,RUBBE,CHEM1,1.95,588002.589,6,6,588000.536,0.0,1.0,1.0,0.053,301539.789231
1800923,IT,WE,PREC1,FINAN,1.0,587878.713,6,6,587876.686,0.0,1.0,1.0,0.027,587878.713
1771167,IT,CH,MEAT4,FOOD5,3.24,587847.108,6,6,587843.068,0.0,3.0,1.0,0.04,181434.292593
1710879,IT,LU,COKEO,REALE,0.07,587841.377,4,4,587841.374,0.0,0.0,0.0,0.003,8397733.957143
1675513,IT,FR,OFFIC,REALE,1.82,587817.747,6,6,587815.705,0.0,1.0,1.0,0.042,322976.784066
1781345,IT,NO,DAIRY,DAIRY,2.39,587757.001,6,6,587751.961,0.0,4.0,1.0,0.04,245923.431381
1812818,IT,WM,FABRI,PRINT,2.39,587638.601,6,6,587636.559,0.0,1.0,1.0,0.042,245873.891632
1715816,IT,NL,RUBBE,PULP5,1.95,587597.434,6,6,587595.381,0.0,1.0,1.0,0.053,301332.017436
1667419,IT,ES,COPP1,WHOLE,1.48,587475.778,6,6,587472.748,0.0,1.0,2.0,0.03,396943.093243
1761414,IT,IN,BASIC,CRUDE,0.68,587447.793,5,5,587446.756,0.0,0.0,1.0,0.037,863893.813235
1750053,IT,CN,BASIC,FISH5,0.68,587433.026,5,5,587431.989,0.0,0.0,1.0,0.037,863872.097059
1804176,IT,WF,PAPER,INSUR,2.28,587370.931,6,6,587364.873,0.0,5.0,1.0,0.058,257618.829386
1658706,IT,DE,OFFIC,FABRI,1.82,587308.77,6,6,587306.728,0.0,1.0,1.0,0.042,322697.126374
1715550,IT,NL,GASDI,BUSIN,0.87,587277.754,5,5,587276.706,0.0,0.0,1.0,0.048,675031.901149
1649415,IT,BG,CHEM1,PLAST,1.23,587211.767,6,6,587209.703,0.0,1.0,1.0,0.064,477407.94065
1660887,IT,DE,COMPU,RECRE,6.7,587103.601,6,6,587101.564,0.0,1.0,1.0,0.037,87627.403134
1772216,IT,CH,GASDI,BUSIN,0.87,587031.663,5,5,587030.615,0.0,0.0,1.0,0.048,674749.037931
1800935,IT,WE,PREC1,93197,1.0,587024.186,6,6,587022.159,0.0,1.0,1.0,0.027,587024.186
1806021,IT,WF,COPP1,FABRI,1.48,586997.585,6,6,586994.555,0.0,1.0,2.0,0.03,396619.989865
1812302,IT,WM,BASIC,FOOD5,0.68,586917.41,5,5,586916.373,0.0,0.0,1.0,0.037,863113.838235
1789786,IT,WA,GLASS,HOTEL,1.61,586904.633,5,5,586902.599,0.0,0.0,2.0,0.034,364537.03913
1642531,IT,AT,COPP1,OFFIC,1.48,586897.303,6,6,586894.273,0.0,1.0,2.0,0.03,396552.231757
1772000,IT,CH,PAPER,RECRE,2.27,586769.779,6,6,586763.721,0.0,5.0,1.0,0.058,258488.889427
1719191,IT,PL,PLAST,REALE,1.23,586707.688,5,5,586706.628,0.0,0.0,1.0,0.06,476998.120325
1768487,IT,AU,FOOD5,PIGS9,2.82,586687.153,6,6,586683.101,0.0,3.0,1.0,0.052,208045.089716
1683424,IT,HR,BASIC,SALEM,0.68,586667.981,5,5,586666.944,0.0,0.0,1.0,0.037,862747.030882
1776575,IT,TR,GASDI,RAWMI,0.87,586622.865,5,5,586621.817,0.0,0.0,1.0,0.048,674279.155172
1674064,IT,FR,GASDI,COMPU,0.87,586621.99,5,5,586620.942,0.0,0.0,1.0,0.048,674278.149425
1748909,IT,CN,WEARI,BASIC,4.42,586602.149,6,6,586600.038,0.0,1.0,1.0,0.111,132715.418326
1667051,IT,ES,NONME,PLAST,1.18,586515.431,5,5,586514.367,0.0,0.0,1.0,0.064,497046.975424
1666585,IT,ES,CHEM1,BRICK,1.23,586483.357,6,6,586481.293,0.0,1.0,1.0,0.064,476815.737398
1750129,IT,CN,PREC1,CERAM,1.0,586414.709,6,6,586412.682,0.0,1.0,1.0,0.027,586414.709
1657894,IT,DE,BASIC,PRINT,0.68,586401.524,5,5,586400.487,0.0,0.0,1.0,0.037,862355.182353
1799829,IT,WE,GASDI,MEAT1,0.87,586380.484,5,5,586379.436,0.0,0.0,1.0,0.048,674000.556322
1719388,IT,PL,RUBBE,PRINT,1.94,586336.737,6,6,586334.684,0.0,1.0,1.0,0.053,302235.431443
1777435,IT,TR,NONME,ALUM1,1.18,586229.924,5,5,586228.86,0.0,0.0,1.0,0.064,496805.020339
1812715,IT,WM,NONF1,ALUMI,0.13,586111.798,4,4,586111.795,0.0,0.0,0.0,0.003,4508552.292308
1725416,IT,RO,TEXTI,SUPPO,3.47,586018.531,6,6,586016.453,0.0,1.0,1.0,0.078,168881.421037
1755980,IT,KR,ALUM1,ELECT,1.02,585829.89,5,5,585828.843,0.0,0.0,1.0,0.047,574343.029412
1806240,IT,WF,MACHI,LIQUE,3.27,585726.548,6,6,585724.5,0.0,1.0,1.0,0.048,179121.268502
1712949,IT,MT,VEGET,HOTEL,2.07,585573.318,5,5,585571.295,0.0,2.0,0.0,0.023,282885.66087
1676945,IT,FR,AIRTR,GASDI,0.64,585502.431,4,4,585502.413,0.0,0.0,0.0,0.018,914847.548437
1662158,IT,DK,RUBBE,MACHI,1.94,585488.117,6,6,585486.064,0.0,1.0,1.0,0.053,301797.998454
1800288,IT,WE,PLAST,SUPPO,1.23,585481.658,5,5,585480.598,0.0,0.0,1.0,0.06,476001.347967
1763531,IT,MX,CHEM1,BEVER,1.22,585435.023,6,6,585432.959,0.0,1.0,1.0,0.064,479864.772951
1779669,IT,TR,RESEA,MACHI,3.17,585427.186,6,6,585425.145,0.0,1.0,1.0,0.041,184677.345741
1720674,IT,PL,MOTO1,RETA1,3.12,585396.476,6,6,585394.438,0.0,1.0,1.0,0.038,187627.075641
1658851,IT,DE,MOTO1,PUBLI,3.12,585391.787,6,6,585389.749,0.0,1.0,1.0,0.038,187625.572756
1765377,IT,RU,BEVER,HOTEL,2.49,585360.672,6,6,585357.634,0.0,2.0,1.0,0.038,235084.607229
1805367,IT,WF,RUBBE,PFERT,1.94,585132.073,6,6,585130.02,0.0,1.0,1.0,0.053,301614.470619
1768491,IT,AU,FOOD5,WOOLS,2.81,585093.009,6,6,585088.957,0.0,3.0,1.0,0.052,208218.152669
1800183,IT,WE,PLAST,MEATA,1.23,584729.579,5,5,584728.52,0.0,0.0,1.0,0.059,475389.901626
1810374,IT,WM,WOODW,SUPPO,1.64,584717.774,6,6,584712.735,0.0,4.0,1.0,0.039,356535.228049
1723082,IT,PT,CHEM1,CERAM,1.22,584684.72,6,6,584682.656,0.0,1.0,1.0,0.064,479249.770492
1675382,IT,FR,MACHI,BIOGA,3.26,584674.191,6,6,584672.143,0.0,1.0,1.0,0.048,179347.91135
1720331,IT,PL,FABRI,SALEM,2.38,584649.228,6,6,584647.186,0.0,1.0,1.0,0.042,245650.936134
1668561,IT,ES,HOTEL,RETA1,4.24,584523.813,6,6,584521.769,0.0,1.0,1.0,0.044,137859.389858
1666100,IT,ES,GASDI,KEROS,0.87,584344.111,5,5,584343.063,0.0,0.0,1.0,0.048,671659.897701
1723060,IT,PT,CHEM1,DAIRY,1.22,584323.548,6,6,584321.484,0.0,1.0,1.0,0.064,478953.727869
1665992,IT,ES,MOTOR,CONST,0.87,584294.169,5,5,584293.121,0.0,0.0,1.0,0.048,671602.493103
1646613,IT,BE,MOTO1,RESEA,3.11,584209.828,6,6,584207.79,0.0,1.0,1.0,0.038,187848.819293
1785480,IT,ZA,COKEO,RUBBE,0.07,584089.314,4,4,584089.311,0.0,0.0,0.0,0.003,8344133.057143
1659794,IT,DE,LANDT,PRINT,3.77,584079.097,5,5,584078.069,0.0,0.0,1.0,0.028,154928.14244
1762950,IT,MX,VEGE1,PLAST,1.8,584075.66,6,6,584070.533,0.0,4.0,1.0,0.127,324486.477778
1764219,IT,MX,MACHI,GASDI,3.26,584045.813,6,6,584043.765,0.0,1.0,1.0,0.048,179155.157362
1728281,IT,SE,BEVER,CHEM1,2.48,584029.333,6,6,584026.295,0.0,2.0,1.0,0.038,235495.69879
1729801,IT,SE,MACHI,HEALT,3.26,583976.853,6,6,583974.805,0.0,1.0,1.0,0.048,179134.003988
1670368,IT,FI,DAIRY,SEACO,2.37,583973.597,6,6,583968.557,0.0,4.0,1.0,0.04,246402.361603
1658621,IT,DE,MACHI,DIST1,3.26,583763.242,6,6,583761.194,0.0,1.0,1.0,0.048,179068.479141
1641773,IT,AT,CHEM1,HEAVY,1.22,583731.674,6,6,583729.61,0.0,1.0,1.0,0.064,478468.585246
1719476,IT,PL,RUBBE,RECRE,1.93,583721.186,6,6,583719.133,0.0,1.0,1.0,0.053,302446.210363
1671266,IT,FI,BASIC,BLAST,0.67,583719.283,5,5,583718.246,0.0,0.0,1.0,0.037,871222.810448
1741559,IT,US,GASDI,CRUDE,0.87,583714.787,5,5,583713.739,0.0,0.0,1.0,0.048,670936.536782
1809236,IT,WM,CRUDE,MEATP,1.15,583700.865,5,5,583699.815,0.0,0.0,1.0,0.05,507565.969565
1800698,IT,WE,CEMEN,CRUDE,0.93,583246.622,5,5,583242.596,0.0,0.0,4.0,0.026,627146.905376
1801310,IT,WE,MACHI,PULP5,3.25,583245.084,6,6,583243.036,0.0,1.0,1.0,0.048,179460.025846
1666044,IT,ES,KEROS,REALE,0.87,583233.376,5,5,583232.329,0.0,0.0,1.0,0.047,670383.190805
1682823,IT,HR,HEAVY,SEACO,0.94,583229.375,5,5,583228.328,0.0,0.0,1.0,0.047,620456.781915
1676923,IT,FR,INLAN,STEAM,0.94,583200.209,4,4,583200.169,0.0,0.0,0.0,0.04,620425.754255
1763310,IT,MX,PAPER,MOTO1,2.26,583166.135,6,6,583160.077,0.0,5.0,1.0,0.058,258038.112832
1685842,IT,HU,CHEM1,MEAT1,1.22,583164.785,6,6,583162.721,0.0,1.0,1.0,0.064,478003.922131
1771432,IT,CH,FOOD5,HEALT,2.8,583155.631,6,6,583151.579,0.0,3.0,1.0,0.052,208269.868214
1761729,IT,IN,MACHI,TEXTI,3.25,583124.209,6,6,583122.161,0.0,1.0,1.0,0.048,179422.833538
1673703,IT,FR,PAPER,LEATH,2.26,583078.935,6,6,583072.877,0.0,5.0,1.0,0.058,257999.528761
1643626,IT,AT,AIRTR,OFFIC,0.63,583008.733,4,4,583008.715,0.0,0.0,0.0,0.018,925410.687302
1719553,IT,PL,GLASS,RETA1,1.6,582866.46,5,5,582864.427,0.0,0.0,2.0,0.033,364291.5375
1722592,IT,PT,TOBAC,BASIC,2.29,582810.968,6,6,582807.931,0.0,2.0,1.0,0.037,254502.606114
1735042,IT,SK,CHEM1,CEREA,1.22,582792.648,6,6,582790.584,0.0,1.0,1.0,0.064,477698.891803
1814527,IT,WM,RESEA,RESEA,3.16,582732.749,6,6,582730.708,0.0,1.0,1.0,0.041,184409.097785
1641132,IT,AT,PAPER,REALE,2.26,582623.789,6,6,582617.732,0.0,5.0,1.0,0.057,257798.136726
1711028,IT,LU,NONME,RETA1,1.18,582615.493,5,5,582614.429,0.0,0.0,1.0,0.064,493741.94322
1746598,IT,JP,PREC1,ELECT,0.99,582523.965,6,6,582521.938,0.0,1.0,1.0,0.027,588408.045455
1675883,IT,FR,ELEC2,GASDI,0.14,582498.121,4,4,582498.06,0.0,0.0,0.0,0.061,4160700.864286
1728946,IT,SE,CHEM1,HOTEL,1.22,582473.508,6,6,582471.444,0.0,1.0,1.0,0.064,477437.301639
1752317,IT,CA,CHEMI,FURNI,1.39,582453.234,6,6,582422.179,0.0,2.0,29.0,0.055,419031.103597
1775977,IT,TR,BEVER,INSUR,2.48,582445.47,6,6,582442.433,0.0,2.0,1.0,0.037,234857.044355
1738337,IT,GB,BASIC,RENTI,0.67,582409.223,5,5,582408.186,0.0,0.0,1.0,0.037,869267.497015
1790936,IT,WA,OFFIC,FINAN,1.8,582324.843,6,6,582322.801,0.0,1.0,1.0,0.042,323513.801667
1686410,IT,HU,BASIC,NONME,0.67,582324.087,5,5,582323.05,0.0,0.0,1.0,0.037,869140.428358
1796295,IT,WL,CONST,REALE,3.26,582279.234,6,6,582276.203,0.0,1.0,2.0,0.031,178613.261963
1662375,IT,DK,BASIC,WHOLE,0.67,582231.276,5,5,582230.239,0.0,0.0,1.0,0.037,869001.904478
1739523,IT,GB,LANDT,EDUCA,3.76,582093.832,5,5,582092.804,0.0,0.0,1.0,0.028,154812.189362
1789604,IT,WA,RUBBE,NATUR,1.93,581804.37,6,6,581802.317,0.0,1.0,1.0,0.053,301453.041451
1741459,IT,US,MOTOR,TRAN1,0.87,581780.282,5,5,581779.235,0.0,0.0,1.0,0.047,668712.967816
1799182,IT,WE,WEARI,SUPPO,4.38,581756.514,6,6,581754.403,0.0,1.0,1.0,0.111,132821.121918
1675130,IT,FR,COPP1,PLAST,1.47,581732.98,6,6,581729.95,0.0,1.0,2.0,0.03,395736.721088
1806213,IT,WF,MACHI,STONE,3.25,581731.309,6,6,581729.261,0.0,1.0,1.0,0.048,178994.248923
1777536,IT,TR,BASIC,RENTI,0.67,581717.137,5,5,581716.1,0.0,0.0,1.0,0.037,868234.532836
1750515,IT,CN,MACHI,SECO9,3.25,581689.634,6,6,581687.586,0.0,1.0,1.0,0.048,178981.425846
1717595,IT,NL,COMPU,BUSIN,6.64,581605.404,6,6,581603.367,0.0,1.0,1.0,0.037,87591.175301
1660103,IT,DE,AIRTR,HOTEL,0.63,581599.778,4,4,581599.76,0.0,0.0,0.0,0.018,923174.250794
1743611,IT,US,HOTEL,PREC1,4.21,581534.184,6,6,581532.14,0.0,1.0,1.0,0.044,138131.635154
1794346,IT,WL,MOTOR,SUPPO,0.87,581508.869,5,5,581507.822,0.0,0.0,1.0,0.047,668400.998851
1743645,IT,US,HOTEL,RETAI,4.21,581417.9,6,6,581415.856,0.0,1.0,1.0,0.044,138104.014252
1658075,IT,DE,PREC1,COMPU,0.99,581298.582,6,6,581296.555,0.0,1.0,1.0,0.027,587170.284848
1752097,IT,CN,BUSIN,PFERT,5.97,581241.827,6,6,581239.787,0.0,1.0,1.0,0.04,97360.440034
1713906,IT,MT,ELEC6,TRAN1,0.09,581178.446,4,4,581178.353,0.0,0.0,0.0,0.093,6457538.288889
1655499,IT,DE,CRUDE,NAPHT,1.14,581125.805,5,5,581124.755,0.0,0.0,1.0,0.05,509759.47807
1757771,IT,BR,PLAST,PAPER,1.22,581050.926,5,5,581049.867,0.0,0.0,1.0,0.059,476271.25082
1729367,IT,SE,BASIC,WEARI,0.67,580954.207,5,5,580953.17,0.0,0.0,1.0,0.037,867095.831343
1799950,IT,WE,HEAVY,MEAT4,0.94,580920.173,5,5,580919.126,0.0,0.0,1.0,0.047,618000.184043
1641373,IT,AT,KEROS,LANDT,0.86,580909.013,5,5,580907.966,0.0,0.0,1.0,0.047,675475.596512
1800260,IT,WE,PLAST,ELECT,1.22,580758.486,5,5,580757.427,0.0,0.0,1.0,0.059,476031.545902
1763608,IT,MX,CHEM1,EDUCA,1.21,580697.671,6,6,580695.608,0.0,1.0,1.0,0.063,479915.430579
1754988,IT,KR,TEXTI,BUSIN,3.44,580463.992,6,6,580461.915,0.0,1.0,1.0,0.077,168739.532558
1673198,IT,FR,BEVER,RESEA,2.47,580363.31,6,6,580360.273,0.0,2.0,1.0,0.037,234964.902834
1805149,IT,WF,PFERT,REALE,0.26,580347.584,4,4,580347.491,0.0,0.0,0.0,0.093,2232106.092308
1799812,IT,WE,GASDI,BITUM,0.86,580334.94,5,5,580333.893,0.0,0.0,1.0,0.047,674808.069767
1675362,IT,FR,MACHI,PULP5,3.24,580252.909,6,6,580250.861,0.0,1.0,1.0,0.048,179090.404012
1781341,IT,NO,DAIRY,MEATC,2.36,580240.667,6,6,580235.628,0.0,4.0,1.0,0.039,245864.689407
1747611,IT,JP,AIRTR,LANDT,0.63,580147.455,4,4,580147.437,0.0,0.0,0.0,0.018,920868.97619
1661599,IT,DK,BEVER,RESEA,2.47,580128.264,6,6,580125.227,0.0,2.0,1.0,0.037,234869.74251
1745782,IT,JP,WEARI,SEACO,4.37,580110.92,6,6,580108.81,0.0,1.0,1.0,0.11,132748.494279
1668773,IT,ES,LANDT,RETA1,3.74,580092.869,5,5,580091.842,0.0,0.0,1.0,0.027,155105.045187
1727147,IT,RO,LANDT,LANDT,3.74,580076.132,5,5,580075.105,0.0,0.0,1.0,0.027,155100.570053
1812966,IT,WM,MACHI,PLAST,3.24,579935.35,6,6,579933.302,0.0,1.0,1.0,0.048,178992.391975
1658410,IT,DE,FABRI,PAPER,2.36,579792.124,6,6,579790.082,0.0,1.0,1.0,0.042,245674.628814
1791207,IT,WA,FURNI,CERAM,1.85,579791.49,6,6,579788.44,0.0,2.0,1.0,0.05,313400.805405
1756791,IT,KR,AIRTR,POSTT,0.63,579720.752,4,4,579720.734,0.0,0.0,0.0,0.018,920191.669841
1747505,IT,JP,SEACO,LANDT,0.59,579706.441,4,4,579706.431,0.0,0.0,0.0,0.01,982553.289831
1780380,IT,TW,AIRTR,RETA1,0.63,579654.662,4,4,579654.644,0.0,0.0,0.0,0.018,920086.765079
1775615,IT,CH,RECRE,BUSIN,7.37,579634.442,6,6,579632.4,0.0,1.0,1.0,0.042,78647.821167
1741045,IT,US,TEXTI,WEARI,3.43,579560.972,6,6,579558.895,0.0,1.0,1.0,0.077,168968.213411
1800005,IT,WE,HEAVY,MOTO1,0.94,579525.417,5,5,579524.37,0.0,0.0,1.0,0.047,616516.401064
1655849,IT,DE,VEGE1,REALE,1.78,579504.056,6,6,579498.93,0.0,4.0,1.0,0.126,325564.076404
1749724,IT,CN,CHEM1,COMPU,1.21,579488.025,6,6,579485.962,0.0,1.0,1.0,0.063,478915.72314
1653570,IT,CZ,BASIC,COMPU,0.67,579407.251,5,5,579406.214,0.0,0.0,1.0,0.037,864786.941791
1749108,IT,CN,WOODW,CERAM,1.62,579353.389,6,6,579348.35,0.0,4.0,1.0,0.039,357625.548765
1777117,IT,TR,CHEM1,93197,1.21,579220.814,6,6,579218.751,0.0,1.0,1.0,0.063,478694.887603
1709798,IT,LT,RUBBE,CHEM1,1.92,579174.951,6,6,579172.898,0.0,1.0,1.0,0.053,301653.620312
1782209,IT,NO,BASIC,NONF1,0.67,579173.079,5,5,579172.042,0.0,0.0,1.0,0.037,864437.431343
1659660,IT,DE,HOTEL,HEALT,4.2,579158.954,6,6,579156.91,0.0,1.0,1.0,0.044,137894.989048
1812306,IT,WM,BASIC,TEXTI,0.67,579147.263,5,5,579146.226,0.0,0.0,1.0,0.037,864398.9
1738113,IT,GB,GLASS,CRUDE,1.59,579097.51,5,5,579095.477,0.0,0.0,2.0,0.033,364212.27044
1768846,IT,AU,LEATH,CONST,4.15,579087.999,6,6,579082.899,0.0,4.0,1.0,0.1,139539.276867
1723002,IT,PT,PLAST,LEATH,1.22,579082.215,5,5,579081.156,0.0,0.0,1.0,0.059,474657.553279
1658727,IT,DE,OFFIC,WHOLE,1.79,579031.107,6,6,579029.065,0.0,1.0,1.0,0.042,323481.065363
1757661,IT,BR,HEAVY,HEAVY,0.94,578906.672,5,5,578905.626,0.0,0.0,1.0,0.046,615858.161702
1726444,IT,RO,FABRI,CHEM1,2.36,578761.154,6,6,578759.112,0.0,1.0,1.0,0.042,245237.777119
1766792,IT,RU,MACHI,BASIC,3.23,578744.032,6,6,578741.984,0.0,1.0,1.0,0.048,179177.718885
1745522,IT,JP,FOOD5,PUBLI,2.78,578720.109,6,6,578716.057,0.0,3.0,1.0,0.052,208172.701079
1719067,IT,PL,NAPHT,PLAST,0.98,578610.233,5,5,578609.192,0.0,0.0,1.0,0.041,590418.605102
1656686,IT,DE,COKEO,MOTO1,0.07,578569.882,4,4,578569.879,0.0,0.0,0.0,0.003,8265284.028571
1770515,IT,AU,AIRTR,POSTT,0.63,578549.36,4,4,578549.342,0.0,0.0,0.0,0.018,918332.31746
1641568,IT,AT,HEAVY,PUBLI,0.93,578471.595,5,5,578470.549,0.0,0.0,1.0,0.046,622012.467742
1746982,IT,JP,MOTO1,HEALT,3.08,578462.239,6,6,578460.201,0.0,1.0,1.0,0.038,187812.41526
1729520,IT,SE,LEAD1,LEAD1,1.01,578394.922,6,6,578390.873,0.0,1.0,3.0,0.049,572668.239604
1646214,IT,BE,ALUM1,COMPU,1.0,578292.344,5,5,578291.298,0.0,0.0,1.0,0.046,578292.344
1799095,IT,WE,WEARI,BITUM,4.36,578227.058,6,6,578224.948,0.0,1.0,1.0,0.11,132620.884862
1726676,IT,RO,TRANS,TRANS,3.45,578113.497,6,6,578111.466,0.0,1.0,1.0,0.031,167569.129565
1643658,IT,AT,AIRTR,RESEA,0.63,578057.661,4,4,578057.643,0.0,0.0,0.0,0.018,917551.842857
1738093,IT,GB,RUBBE,REALE,1.91,577933.158,6,6,577931.106,0.0,1.0,1.0,0.052,302582.805236
1735417,IT,SK,BASIC,WOODW,0.67,577919.595,5,5,577918.558,0.0,0.0,1.0,0.037,862566.559701
1741752,IT,US,BITU1,CONST,0.91,577913.184,5,5,577912.138,0.0,0.0,1.0,0.046,635069.432967
1689237,IT,IE,WHOLE,FOOD5,4.99,577878.64,6,6,577876.607,0.0,1.0,1.0,0.033,115807.342685
1719509,IT,PL,GLASS,PULP5,1.59,577872.384,5,5,577870.351,0.0,0.0,2.0,0.033,363441.750943
1674858,IT,FR,NONME,BASIC,1.17,577829.282,5,5,577828.219,0.0,0.0,1.0,0.063,493871.181197
1748615,IT,CN,DAIRY,FISHF,2.35,577771.266,6,6,577766.227,0.0,4.0,1.0,0.039,245860.113191
1673584,IT,FR,WOODW,FOOD5,1.62,577657.049,6,6,577652.01,0.0,4.0,1.0,0.039,356578.425309
1717704,IT,NL,BUSIN,HOTEL,5.93,577630.165,6,6,577628.125,0.0,1.0,1.0,0.04,97408.12226
1680999,IT,GR,AIRTR,MOTOR,0.63,577509.95,4,4,577509.932,0.0,0.0,0.0,0.018,916682.460317
1737652,IT,GB,PAPER,RECRE,2.24,577356.253,6,6,577350.196,0.0,5.0,1.0,0.057,257748.327232
1727052,IT,RO,RAILW,MOTO1,3.86,577311.193,5,5,577307.167,0.0,0.0,4.0,0.026,149562.485233
1668916,IT,ES,SEACO,EDUCA,0.59,577099.14,4,4,577099.13,0.0,0.0,0.0,0.01,978134.135593
1681074,IT,GR,SUPPO,WEARI,4.15,577071.959,5,5,577070.931,0.0,0.0,1.0,0.028,139053.484096
1732172,IT,SI,GASDI,SEACO,0.86,577036.562,5,5,577035.515,0.0,0.0,1.0,0.047,670972.746512
1665175,IT,ES,FOOD5,CATTL,2.77,576989.668,6,6,576985.616,0.0,3.0,1.0,0.052,208299.519134
1796905,IT,WL,AIRTR,PADDY,0.63,576981.23,4,4,576981.212,0.0,0.0,0.0,0.018,915843.222222
1720598,IT,PL,MOTO1,CROPS,3.07,576979.247,6,6,576977.209,0.0,1.0,1.0,0.038,187941.122801
1674235,IT,FR,LIQUE,RECRE,1.01,576934.815,5,5,576933.768,0.0,0.0,1.0,0.047,571222.589109
1763543,IT,MX,CHEM1,KEROS,1.21,576782.156,6,6,576780.093,0.0,1.0,1.0,0.063,476679.467769
1761271,IT,IN,RUBBE,CEMEN,1.91,576650.113,6,6,576648.061,0.0,1.0,1.0,0.052,301911.053927
1801335,IT,WE,MACHI,GLASS,3.22,576607.002,6,6,576604.955,0.0,1.0,1.0,0.047,179070.497516
1641058,IT,AT,PAPER,MEATP,2.23,576556.052,6,6,576549.995,0.0,5.0,1.0,0.057,258545.314798
1732552,IT,SI,RUBBE,WHOLE,1.91,576475.869,6,6,576473.817,0.0,1.0,1.0,0.052,301819.826702
1667456,IT,ES,NONF1,BUSIN,0.13,576278.445,4,4,576278.442,0.0,0.0,0.0,0.003,4432911.115385
1677927,IT,FR,BUSIN,SEACO,5.92,576267.357,6,6,576265.317,0.0,1.0,1.0,0.04,97342.458953
1806261,IT,WF,MACHI,NONF1,3.21,576248.475,6,6,576246.428,0.0,1.0,1.0,0.047,179516.658879
1806246,IT,WF,MACHI,PFERT,3.21,576197.031,6,6,576194.984,0.0,1.0,1.0,0.047,179500.63271
1799497,IT,WE,PAPER,RETA1,2.23,576186.013,6,6,576179.956,0.0,5.0,1.0,0.057,258379.378027
1750345,IT,CN,FABRI,FISH5,2.34,576164.733,6,6,576162.692,0.0,1.0,1.0,0.041,246224.244872
1811301,IT,WM,BITU1,CEMEN,0.91,576083.332,5,5,576082.286,0.0,0.0,1.0,0.046,633058.606593
1812467,IT,WM,PREC1,DISTR,0.98,576045.148,6,6,576043.121,0.0,1.0,1.0,0.027,587801.171429
1768502,IT,AU,FOOD5,PROCE,2.77,576012.772,6,6,576008.721,0.0,3.0,1.0,0.051,207946.849097
1689511,IT,IE,LANDT,WHOLE,3.72,576000.985,5,5,575999.958,0.0,0.0,1.0,0.027,154838.974462
1811681,IT,WM,CHEM1,AIRTR,1.2,575805.304,6,6,575803.241,0.0,1.0,1.0,0.063,479837.753333
1746706,IT,JP,FABRI,FABRI,2.34,575787.508,6,6,575785.467,0.0,1.0,1.0,0.041,246063.037607
1676776,IT,FR,LANDT,PRINT,3.71,575704.639,5,5,575703.612,0.0,0.0,1.0,0.027,155176.452561
1738843,IT,GB,MOTO1,BUSIN,3.06,575681.254,6,6,575679.217,0.0,1.0,1.0,0.037,188131.128758
1715836,IT,NL,RUBBE,CEMEN,1.91,575632.389,6,6,575630.337,0.0,1.0,1.0,0.052,301378.214136
1665387,IT,ES,TEXTI,PLAST,3.41,575627.565,6,6,575625.489,0.0,1.0,1.0,0.076,168805.737537
1744351,IT,US,FINAN,BUSIN,7.49,575512.422,4,4,575512.405,0.0,0.0,0.0,0.017,76837.439519
1741768,IT,US,NONSP,CHEM1,0.76,575389.175,5,5,575388.144,0.0,0.0,1.0,0.031,757091.019737
1761662,IT,IN,FABRI,COPP1,2.34,575294.08,6,6,575292.039,0.0,1.0,1.0,0.041,245852.17094
1741719,IT,US,NAPHT,FOOD5,0.98,575242.038,5,5,575240.997,0.0,0.0,1.0,0.041,586981.671429
1641716,IT,AT,PLAST,TRANS,1.21,575128.204,5,5,575127.145,0.0,0.0,1.0,0.059,475312.565289
1761784,IT,IN,MACHI,DISTR,3.21,575102.177,6,6,575100.13,0.0,1.0,1.0,0.047,179159.556698
1769668,IT,AU,FABRI,WHOLE,2.34,574996.707,6,6,574994.666,0.0,1.0,1.0,0.041,245725.088462
1785211,IT,ZA,BEVER,HOTEL,2.44,574945.086,6,6,574942.049,0.0,2.0,1.0,0.037,235633.231967
1780849,IT,TW,COMPU,HOTEL,6.56,574809.694,6,6,574807.658,0.0,1.0,1.0,0.036,87623.428963
1804999,IT,WF,PLAST,FOOD5,1.21,574787.224,5,5,574786.166,0.0,0.0,1.0,0.058,475030.763636
1780343,IT,TW,AIRTR,KEROS,0.63,574772.956,4,4,574772.938,0.0,0.0,0.0,0.018,912338.025397
1757796,IT,BR,PLAST,MOTO1,1.21,574758.15,5,5,574757.092,0.0,0.0,1.0,0.058,475006.735537
1732171,IT,SI,GASDI,TRAN2,0.86,574704.254,5,5,574703.207,0.0,0.0,1.0,0.047,668260.760465
1749633,IT,CN,CHEM1,FISH5,1.2,574689.291,6,6,574687.228,0.0,1.0,1.0,0.063,478907.7425
1744790,IT,US,RESEA,FABRI,3.12,574640.038,6,6,574637.998,0.0,1.0,1.0,0.04,184179.499359
1739727,IT,GB,SUPPO,AIRTR,4.13,574599.58,5,5,574598.552,0.0,0.0,1.0,0.028,139128.227603
1718192,IT,PL,DAIRY,HOTEL,2.33,574500.683,6,6,574495.644,0.0,4.0,1.0,0.039,246566.816738
1640138,IT,AT,CEREA,PLAST,0.94,574448.678,5,5,574445.645,0.0,3.0,0.0,0.033,611115.614894
1794923,IT,WL,CHEM1,WEARI,1.2,574411.016,6,6,574408.953,0.0,1.0,1.0,0.063,478675.846667
1800290,IT,WE,PLAST,FINAN,1.21,574409.081,5,5,574408.023,0.0,0.0,1.0,0.058,474718.24876
1811185,IT,WM,NAPHT,TRAN1,0.97,574317.754,5,5,574316.713,0.0,0.0,1.0,0.041,592080.158763
1674016,IT,FR,KEROS,MEMBE,0.85,574296.08,5,5,574295.033,0.0,0.0,1.0,0.047,675642.447059
1765665,IT,RU,PAPER,BEVER,2.23,574236.925,6,6,574230.868,0.0,5.0,1.0,0.057,257505.347534
1729643,IT,SE,FABRI,RUBBE,2.34,574139.615,6,6,574137.574,0.0,1.0,1.0,0.041,245358.809829
1720389,IT,PL,MACHI,NATUR,3.2,574095.042,6,6,574092.995,0.0,1.0,1.0,0.047,179404.700625
1777334,IT,TR,GLASS,FABRI,1.58,574023.619,5,5,574021.586,0.0,0.0,2.0,0.033,363306.087975
1812479,IT,WM,PREC1,POSTT,0.98,574014.317,6,6,574012.291,0.0,1.0,1.0,0.026,585728.894898
1789290,IT,WA,PFERT,CRUDE,0.25,573939.291,4,4,573939.199,0.0,0.0,0.0,0.092,2295757.164
1783973,IT,ID,VEGE1,HOTEL,1.76,573715.795,6,6,573710.67,0.0,4.0,1.0,0.125,325974.883523
1650377,IT,BG,ELEC2,RENTI,0.14,573615.089,4,4,573615.029,0.0,0.0,0.0,0.06,4097250.635714
1742136,IT,US,RUBBE,RENTI,1.9,573605.244,6,6,573603.192,0.0,1.0,1.0,0.052,301897.496842
1789209,IT,WA,PLAST,NONME,1.2,573535.408,5,5,573534.35,0.0,0.0,1.0,0.058,477946.173333
1743309,IT,US,FURNI,RESEA,1.83,573534.036,6,6,573530.987,0.0,2.0,1.0,0.049,313406.577049
1670681,IT,FI,WOODW,WOODW,1.6,573436.991,6,6,573431.952,0.0,4.0,1.0,0.039,358398.119375
1668701,IT,ES,LANDT,BEVER,3.7,573434.956,5,5,573433.929,0.0,0.0,1.0,0.027,154982.420541
1672872,IT,FR,VEGE1,CHEM1,1.76,573324.817,6,6,573320.692,0.0,3.0,1.0,0.125,325752.736932
1686593,IT,HU,ALUM1,COMPU,1.0,573313.279,5,5,573312.233,0.0,0.0,1.0,0.046,573313.279
1755314,IT,KR,PAPER,BUSIN,2.22,573310.6,6,6,573304.543,0.0,5.0,1.0,0.057,258248.018018
1666526,IT,ES,CHEM1,CEREA,1.2,573245.145,6,6,573243.082,0.0,1.0,1.0,0.063,477704.2875
1789422,IT,WA,CHEM1,SUPPO,1.2,573217.712,6,6,573215.649,0.0,1.0,1.0,0.063,477681.426667
1782015,IT,NO,RUBBE,WHOLE,1.9,573101.075,6,6,573099.023,0.0,1.0,1.0,0.052,301632.144737
1769212,IT,AU,CHEM1,93197,1.2,573096.818,6,6,573094.755,0.0,1.0,1.0,0.063,477580.681667
1743134,IT,US,MOTO1,FURNI,3.05,573052.781,6,6,573050.744,0.0,1.0,1.0,0.037,187886.157705
1681561,IT,GR,BUSIN,CONST,5.89,573045.694,6,6,573043.654,0.0,1.0,1.0,0.04,97291.289304
1642175,IT,AT,CERAM,REALE,0.89,573032.345,5,5,573029.314,0.0,0.0,3.0,0.031,643856.567416
1766844,IT,RU,MACHI,PUBLI,3.2,573003.626,6,6,573001.579,0.0,1.0,1.0,0.047,179063.633125
1772369,IT,CH,CHEM1,MEATP,1.2,572903.304,6,6,572901.241,0.0,1.0,1.0,0.063,477419.42
1742934,IT,US,MACHI,ELEC5,3.2,572748.665,6,6,572746.618,0.0,1.0,1.0,0.047,178983.957812
1804859,IT,WF,BITU1,STONE,0.9,572562.707,5,5,572561.661,0.0,0.0,1.0,0.046,636180.785556
1761171,IT,IN,CHEM1,RETA1,1.2,572529.322,6,6,572527.259,0.0,1.0,1.0,0.063,477107.768333
1684827,IT,HU,FISHF,HOTEL,0.99,572375.234,4,4,572375.214,0.0,0.0,0.0,0.02,578156.80202
1655549,IT,DE,STONE,ELEC5,1.85,572124.793,5,5,572092.767,0.0,0.0,32.0,0.026,309256.644865
1715980,IT,NL,CERAM,REALE,0.89,572121.312,5,5,572118.281,0.0,0.0,3.0,0.031,642832.934831
1667446,IT,ES,NONF1,MACHI,0.13,572083.502,4,4,572083.499,0.0,0.0,0.0,0.003,4400642.323077
1679517,IT,GR,CHEM1,EDUCA,1.2,571989.731,6,6,571987.669,0.0,1.0,1.0,0.062,476658.109167
1675205,IT,FR,FABRI,PIGS9,2.33,571891.804,6,6,571889.763,0.0,1.0,1.0,0.041,245447.12618
1647317,IT,BE,TRAN2,ELEC2,0.88,571828.258,4,4,571828.242,0.0,0.0,0.0,0.016,649804.838636
1673046,IT,FR,FOOD5,WOODW,2.75,571823.079,6,6,571819.028,0.0,3.0,1.0,0.051,207935.665091
1769552,IT,AU,ALUM1,FURNI,0.99,571810.133,5,5,571809.087,0.0,0.0,1.0,0.046,577585.992929
1679545,IT,GR,RUBBE,FOOD5,1.89,571784.753,6,6,571782.701,0.0,1.0,1.0,0.052,302531.615344
1769640,IT,AU,FABRI,BASIC,2.33,571772.418,6,6,571770.377,0.0,1.0,1.0,0.041,245395.887554
1733222,IT,SI,MACHI,MACHI,3.19,571770.146,6,6,571768.099,0.0,1.0,1.0,0.047,179238.290282
1673232,IT,FR,FISH5,BEVER,2.4,571765.474,6,6,571762.18,0.0,2.0,1.0,0.294,238235.614167
1777942,IT,TR,MACHI,CEMEN,3.19,571756.944,6,6,571754.897,0.0,1.0,1.0,0.047,179234.151724
1771096,IT,CH,NATUR,RESEA,0.8,571641.99,4,4,571641.953,0.0,0.0,0.0,0.037,714552.4875
1789591,IT,WA,RUBBE,CROPS,1.89,571519.679,6,6,571517.627,0.0,1.0,1.0,0.052,302391.36455
1688469,IT,IE,WEARI,MOTO1,4.31,571469.351,6,6,571467.242,0.0,1.0,1.0,0.109,132591.496752
1689286,IT,IE,WHOLE,RENTI,4.94,571459.675,6,6,571457.642,0.0,1.0,1.0,0.033,115680.096154
1801184,IT,WE,FABRI,PRINT,2.33,571422.112,6,6,571420.071,0.0,1.0,1.0,0.041,245245.541631
1737530,IT,GB,WOODW,MOTO1,1.6,571383.121,6,6,571378.082,0.0,4.0,1.0,0.039,357114.450625
1724434,IT,PT,AIRTR,CONST,0.62,571343.699,4,4,571343.681,0.0,0.0,0.0,0.018,921522.095161
1653237,IT,CZ,RUBBE,CHEM1,1.89,570923.411,6,6,570921.359,0.0,1.0,1.0,0.052,302075.878836
1654134,IT,CZ,MOTO1,RAWMI,3.04,570728.427,6,6,570726.39,0.0,1.0,1.0,0.037,187739.614145
1761394,IT,IN,NONME,BRICK,1.15,570714.67,5,5,570713.607,0.0,0.0,1.0,0.063,496273.626087
1799998,IT,WE,HEAVY,NONF1,0.92,570705.529,5,5,570704.483,0.0,0.0,1.0,0.046,620332.096739
1790502,IT,WA,COPP1,ELECT,1.44,570694.024,6,6,570690.994,0.0,1.0,2.0,0.03,396315.294444
1738597,IT,GB,FABRI,SALEM,2.32,570671.132,6,6,570669.091,0.0,1.0,1.0,0.041,245978.936207
1747547,IT,JP,AIRTR,PAPER,0.62,570660.642,4,4,570660.624,0.0,0.0,0.0,0.018,920420.390323
1794503,IT,WL,GASDI,SUPPO,0.85,570652.05,5,5,570651.004,0.0,0.0,1.0,0.046,671355.352941
1719380,IT,PL,RUBBE,BEVER,1.89,570616.572,6,6,570614.52,0.0,1.0,1.0,0.052,301913.530159
1765988,IT,RU,CHEM1,LIQUE,1.19,570603.701,6,6,570601.639,0.0,1.0,1.0,0.062,479498.908403
1775293,IT,CH,BUSIN,FABRI,5.86,570548.373,6,6,570546.334,0.0,1.0,1.0,0.039,97363.203584
1749781,IT,CN,ADDIT,MEDIC,1.32,570498.419,6,6,570493.375,0.0,4.0,1.0,0.044,432195.77197
1776071,IT,TR,TEXTI,93197,3.38,570393.929,6,6,570391.853,0.0,1.0,1.0,0.076,168755.600296
1644543,IT,BE,PROCE,FOOD5,3.86,570330.73,6,6,570326.695,0.0,3.0,1.0,0.035,147754.07513
1771392,IT,CH,FOOD5,BEVER,2.74,570211.364,6,6,570207.313,0.0,3.0,1.0,0.051,208106.337226
1781824,IT,NO,PLAST,CRUDE,1.2,570168.204,5,5,570167.146,0.0,0.0,1.0,0.058,475140.17
1654671,IT,CZ,LANDT,MACHI,3.68,570120.305,5,5,570119.278,0.0,0.0,1.0,0.027,154923.995924
1673099,IT,FR,FOOD5,RENTI,2.74,570057.747,6,6,570053.696,0.0,3.0,1.0,0.051,208050.272628
1762777,IT,IN,BUSIN,POSTT,5.85,569835.236,6,6,569833.197,0.0,1.0,1.0,0.039,97407.73265
1720479,IT,PL,MACHI,HOTEL,3.18,569745.749,6,6,569743.702,0.0,1.0,1.0,0.047,179165.329874
1805612,IT,WF,NONME,NATUR,1.15,569697.667,5,5,569696.604,0.0,0.0,1.0,0.063,495389.275652
1653645,IT,CZ,ALUM1,BASIC,0.99,569687.185,5,5,569686.139,0.0,0.0,1.0,0.046,575441.60101
1789341,IT,WA,CHEM1,MEATC,1.19,569592.512,6,6,569590.45,0.0,1.0,1.0,0.062,478649.169748
1749856,IT,CN,RUBBE,RADIO,1.89,569568.535,6,6,569566.483,0.0,1.0,1.0,0.052,301359.013228
1663250,IT,DK,SEACO,HEAVY,0.58,569566.594,4,4,569566.584,0.0,0.0,0.0,0.01,982011.368966
1667244,IT,ES,PREC1,WHOLE,0.97,569502.001,6,6,569499.975,0.0,1.0,1.0,0.026,587115.464948
1799435,IT,WE,PAPER,VEGE1,2.21,569479.884,6,6,569473.828,0.0,5.0,1.0,0.056,257683.20543
1769139,IT,AU,CHEM1,WOODW,1.19,569407.617,6,6,569405.555,0.0,1.0,1.0,0.062,478493.795798
1759598,IT,BR,COMPU,FINAN,6.5,569288.233,6,6,569286.197,0.0,1.0,1.0,0.036,87582.805077
1774618,IT,CH,SEACO,COMPU,0.58,569248.992,4,4,569248.982,0.0,0.0,0.0,0.01,981463.77931
1657510,IT,DE,RUBBE,93197,1.89,569071.144,6,6,569069.092,0.0,1.0,1.0,0.052,301095.843386
1766731,IT,RU,MACHI,FORES,3.17,568987.999,6,6,568985.952,0.0,1.0,1.0,0.047,179491.482334
1732604,IT,SI,GLASS,WOODW,1.56,568985.191,5,5,568983.158,0.0,0.0,2.0,0.033,364734.096795
1811567,IT,WM,PFERT,PUBLI,0.25,568946.519,4,4,568946.428,0.0,0.0,0.0,0.091,2275786.076
1728865,IT,SE,CHEM1,CEREA,1.19,568770.805,6,6,568768.743,0.0,1.0,1.0,0.062,477958.659664
1743232,IT,US,TRANS,REALE,3.39,568707.916,6,6,568705.885,0.0,1.0,1.0,0.031,167760.447198
1681651,IT,HR,VEGET,BEVER,2.01,568668.131,5,5,568666.109,0.0,2.0,0.0,0.022,282919.468159
1766846,IT,RU,MACHI,HEALT,3.17,568618.042,6,6,568615.995,0.0,1.0,1.0,0.047,179374.776656
1773862,IT,CH,ELEC6,NONF1,0.08,568593.038,4,4,568592.947,0.0,0.0,0.0,0.091,7107412.975
1771270,IT,CH,VEGE1,HEALT,1.75,568544.573,6,6,568540.449,0.0,3.0,1.0,0.124,324882.613143
1773712,IT,CH,FURNI,INSUR,1.81,568455.019,6,6,568451.97,0.0,2.0,1.0,0.049,314063.546409
1810654,IT,WM,MOTOR,FISHF,0.85,568272.616,5,5,568271.57,0.0,0.0,1.0,0.046,668556.018824
1713845,IT,MT,ELEC1,FOOD4,0.08,568240.761,4,4,568240.725,0.0,0.0,0.0,0.036,7103009.5125
1764177,IT,MX,MACHI,RAWMI,3.17,568206.39,6,6,568204.343,0.0,1.0,1.0,0.047,179244.917981
1682574,IT,HR,MOTOR,PUBLI,0.85,568171.484,5,5,568170.438,0.0,0.0,1.0,0.046,668437.04
1811896,IT,WM,RUBBE,MACHI,1.88,568114.277,6,6,568112.225,0.0,1.0,1.0,0.052,302188.445213
1731511,IT,SI,FISH5,PLAST,2.39,568082.092,6,6,568078.8,0.0,2.0,1.0,0.292,237691.251883
1750198,IT,CN,ALUM1,CONST,0.99,568059.211,5,5,568058.165,0.0,0.0,1.0,0.046,573797.182828
1666871,IT,ES,GLASS,BIODI,1.56,568024.092,5,5,568022.059,0.0,0.0,2.0,0.033,364118.007692
1667783,IT,ES,OFFIC,CHEM1,1.76,568020.318,6,6,568018.277,0.0,1.0,1.0,0.041,322738.817045
1686132,IT,HU,RUBBE,REALE,1.88,567989.671,6,6,567987.62,0.0,1.0,1.0,0.051,302122.165426
1659962,IT,DE,SEACO,KEROS,0.58,567947.975,4,4,567947.965,0.0,0.0,0.0,0.01,979220.646552
1813455,IT,WM,CONST,REALE,3.18,567928.375,6,6,567925.345,0.0,1.0,2.0,0.03,178593.828616
1812749,IT,WM,NONF1,ELECT,0.12,567923.187,4,4,567923.184,0.0,0.0,0.0,0.003,4732693.225
1641467,IT,AT,GASDI,REALE,0.85,567865.192,5,5,567864.146,0.0,0.0,1.0,0.046,668076.696471
1717968,IT,PL,SANDC,CEMEN,1.3,567827.957,5,5,567702.937,0.0,0.0,125.0,0.02,436790.736154
1719858,IT,PL,BASIC,PUBLI,0.65,567816.034,4,4,567815.998,0.0,0.0,0.0,0.036,873563.129231
1649631,IT,BG,GLASS,CONST,1.56,567811.288,5,5,567809.255,0.0,0.0,2.0,0.033,363981.594872
1673630,IT,FR,WOODW,POSTT,1.59,567570.927,6,6,567565.889,0.0,4.0,1.0,0.038,356962.84717
1727341,IT,RO,POSTT,RETA1,9.35,567480.479,6,6,567478.436,0.0,1.0,1.0,0.043,60693.099358
1725605,IT,RO,WOODW,WHOLE,1.59,567408.743,6,6,567403.705,0.0,4.0,1.0,0.038,356860.844654
1658584,IT,DE,MACHI,GLASS,3.17,567333.597,6,6,567331.55,0.0,1.0,1.0,0.047,178969.588959
1799163,IT,WE,WEARI,FURNI,4.28,567274.847,6,6,567272.739,0.0,1.0,1.0,0.108,132540.852103
1805064,IT,WF,PLAST,INLAN,1.19,567241.106,5,5,567240.048,0.0,0.0,1.0,0.058,476673.198319
1750365,IT,CN,FABRI,GLASS,2.31,567234.686,6,6,567232.645,0.0,1.0,1.0,0.041,245556.141126
1714627,IT,NL,MEATC,HOTEL,1.89,567219.438,6,6,567210.402,0.0,8.0,1.0,0.036,300116.104762
1755580,IT,KR,CHEM1,HOTEL,1.19,567215.876,5,5,567214.814,0.0,0.0,1.0,0.062,476651.996639
1804547,IT,WF,GASDI,93197,0.84,567164.31,5,5,567163.264,0.0,0.0,1.0,0.046,675195.607143
1773488,IT,CH,OFFIC,MEMBE,1.76,567149.718,6,6,567147.677,0.0,1.0,1.0,0.041,322244.157955
1785527,IT,ZA,MOTOR,COMPU,0.85,567144.75,5,5,567143.704,0.0,0.0,1.0,0.046,667229.117647
1666130,IT,ES,GASDI,MACHI,0.84,567143.478,5,5,567142.432,0.0,0.0,1.0,0.046,675170.807143
1654588,IT,CZ,RAILW,OFFIC,3.79,567115.2,5,5,567111.174,0.0,0.0,4.0,0.026,149634.617414
1728945,IT,SE,CHEM1,RETA1,1.19,567114.199,5,5,567113.137,0.0,0.0,1.0,0.062,476566.553782
1772576,IT,CH,RUBBE,SUPPO,1.88,567089.279,6,6,567087.228,0.0,1.0,1.0,0.051,301643.233511
1745485,IT,JP,FOOD5,PFERT,2.72,566901.848,6,6,566897.797,0.0,3.0,1.0,0.051,208419.797059
1813774,IT,WM,HOTEL,SUPPO,4.11,566865.681,6,6,566863.638,0.0,1.0,1.0,0.043,137923.523358
1669206,IT,ES,POSTT,HOTEL,9.34,566823.356,6,6,566821.313,0.0,1.0,1.0,0.043,60687.725482
1745754,IT,JP,WEARI,MEDIC,4.27,566766.22,6,6,566764.112,0.0,1.0,1.0,0.108,132732.135831
1753633,IT,CA,MACHI,RECRE,3.16,566765.597,6,6,566763.55,0.0,1.0,1.0,0.047,179356.201582
1727082,IT,RO,LANDT,VEGET,3.66,566754.404,5,5,566753.377,0.0,0.0,1.0,0.027,154850.930055
1674133,IT,FR,HEAVY,RUBBE,0.92,566748.591,5,5,566747.546,0.0,0.0,1.0,0.045,616031.077174
1812846,IT,WM,FABRI,ALUM1,2.31,566719.912,6,6,566717.871,0.0,1.0,1.0,0.041,245333.295238
1657875,IT,DE,BASIC,CRUDE,0.65,566715.836,4,4,566715.8,0.0,0.0,0.0,0.036,871870.516923
1755167,IT,KR,LEATH,AIRTR,4.06,566617.762,6,6,566612.664,0.0,4.0,1.0,0.098,139561.025123
1806404,IT,WF,MOTO1,POSTT,3.02,566563.295,6,6,566561.258,0.0,1.0,1.0,0.037,187603.740066
1805534,IT,WF,CERAM,PUBLI,0.88,566464.099,5,5,566461.068,0.0,0.0,3.0,0.031,643709.203409
1747159,IT,JP,CONST,BASIC,3.17,566389.348,6,6,566386.318,0.0,1.0,2.0,0.03,178671.718612
1667891,IT,ES,MOTO1,BASIC,3.01,566224.585,6,6,566222.548,0.0,1.0,1.0,0.037,188114.480066
1794854,IT,WL,NFERT,COPP1,0.12,566146.207,4,4,566146.161,0.0,0.0,0.0,0.046,4717885.058333
1682995,IT,HR,CHEM1,TEXTI,1.18,566134.883,5,5,566133.821,0.0,0.0,1.0,0.062,479775.324576
1722124,IT,PL,BUSIN,MOTO1,5.81,566046.521,6,6,566044.482,0.0,1.0,1.0,0.039,97426.251463
1773019,IT,CH,ALUM1,WOODW,0.98,566022.451,5,5,566021.406,0.0,0.0,1.0,0.045,577573.929592
1733646,IT,SI,HOTEL,CONST,4.1,565978.724,6,6,565976.681,0.0,1.0,1.0,0.043,138043.59122
1743705,IT,US,RAILW,POSTT,3.79,565880.094,5,5,565876.069,0.0,0.0,4.0,0.025,149308.731926
1660300,IT,DE,POSTT,PUBLI,9.32,565873.089,6,6,565871.046,0.0,1.0,1.0,0.043,60715.996674
1772665,IT,CH,GLASS,RESEA,1.55,565848.913,5,5,565846.881,0.0,0.0,2.0,0.032,365063.814839
1653481,IT,CZ,BASIC,RAWMI,0.65,565840.527,4,4,565840.491,0.0,0.0,0.0,0.036,870523.887692
1710037,IT,LT,COPP1,CONST,1.43,565828.771,6,6,565825.742,0.0,1.0,2.0,0.029,395684.455245
1662145,IT,DK,RUBBE,CHEM1,1.87,565711.547,6,6,565709.496,0.0,1.0,1.0,0.051,302519.54385
1734703,IT,SK,LEATH,GASDI,4.05,565627.943,6,6,565622.845,0.0,4.0,1.0,0.098,139661.220494
1776341,IT,TR,PAPER,HOTEL,2.19,565625.619,6,6,565619.563,0.0,5.0,1.0,0.056,258276.538356
1786587,IT,ZA,CONST,POULT,3.16,565565.137,6,6,565562.107,0.0,1.0,2.0,0.03,178976.309177
1763692,IT,MX,RUBBE,RADIO,1.87,565497.698,6,6,565495.647,0.0,1.0,1.0,0.051,302405.186096
1771734,IT,CH,LEATH,PRINT,4.05,565336.162,6,6,565331.064,0.0,4.0,1.0,0.098,139589.175802
1769746,IT,AU,MACHI,PAPER,3.15,565292.329,6,6,565290.283,0.0,1.0,1.0,0.046,179457.882222
1667792,IT,ES,OFFIC,BASIC,1.75,565289.703,6,6,565287.662,0.0,1.0,1.0,0.041,323022.687429
1790625,IT,WA,FABRI,VEGE1,2.3,565232.643,6,6,565230.602,0.0,1.0,1.0,0.041,245753.323043
1780080,IT,TW,WHOLE,SALEM,4.88,565191.662,6,6,565189.629,0.0,1.0,1.0,0.033,115817.963525
1640615,IT,AT,BEVER,LEATH,2.4,565146.85,6,6,565143.814,0.0,2.0,1.0,0.036,235477.854167
1739594,IT,GB,SEACO,NUCLE,0.57,564953.164,4,4,564953.154,0.0,0.0,0.0,0.01,991145.901754
1667981,IT,ES,TRANS,SALEM,3.37,564947.894,6,6,564945.863,0.0,1.0,1.0,0.031,167640.324629
1760719,IT,IN,PAPER,WHOLE,2.19,564893.456,6,6,564887.4,0.0,5.0,1.0,0.056,257942.217352
1679816,IT,GR,ALUM1,BEVER,0.98,564876.073,5,5,564875.028,0.0,0.0,1.0,0.045,576404.156122
1717613,IT,NL,BUSIN,VEGET,5.8,564820.258,6,6,564818.219,0.0,1.0,1.0,0.039,97382.803103
1756054,IT,KR,FABRI,WOODW,2.3,564767.082,6,6,564765.041,0.0,1.0,1.0,0.041,245550.905217
1789502,IT,WA,ADDIT,PFERT,1.31,564584.73,6,6,564579.686,0.0,4.0,1.0,0.044,430980.709924
1742014,IT,US,ADDIT,SUPPO,1.31,564570.049,6,6,564565.005,0.0,4.0,1.0,0.044,430969.503053
1738717,IT,GB,MACHI,LANDT,3.15,564552.285,6,6,564550.239,0.0,1.0,1.0,0.046,179222.947619
1807666,IT,WF,BUSIN,CRUDE,5.8,564488.961,6,6,564486.922,0.0,1.0,1.0,0.039,97325.682931
1788287,IT,WA,LEATH,CERAM,4.04,564468.934,6,6,564463.836,0.0,4.0,1.0,0.098,139720.033168
1812079,IT,WM,CERAM,RADIO,0.88,564389.744,5,5,564386.713,0.0,0.0,3.0,0.031,641351.981818
1750707,IT,CN,MOTO1,WHOLE,3.0,564328.836,6,6,564326.799,0.0,1.0,1.0,0.037,188109.612
1769724,IT,AU,MACHI,PRECI,3.15,564218.59,6,6,564216.544,0.0,1.0,1.0,0.046,179117.012698
1671401,IT,FI,FABRI,WOODW,2.3,564215.658,6,6,564213.618,0.0,1.0,1.0,0.04,245311.155652
1675109,IT,FR,LEAD1,BASIC,0.98,564194.197,6,6,564191.149,0.0,1.0,2.0,0.048,575708.364286
1746233,IT,JP,CHEM1,LIQUE,1.18,564177.815,5,5,564176.753,0.0,0.0,1.0,0.062,478116.792373
1744827,IT,US,RESEA,INSUR,3.06,564079.864,6,6,564077.824,0.0,1.0,1.0,0.04,184339.824837
1742796,IT,US,FABRI,LANDT,2.3,563946.972,6,6,563944.932,0.0,1.0,1.0,0.04,245194.335652
1803479,IT,WF,MEAT4,HOTEL,3.11,563925.688,6,6,563922.65,0.0,2.0,1.0,0.038,181326.587781
1811505,IT,WM,PLAST,MEMBE,1.18,563876.338,5,5,563875.281,0.0,0.0,1.0,0.057,477861.30339
1751412,IT,CN,SEACO,SEACO,0.57,563844.359,4,4,563844.349,0.0,0.0,0.0,0.01,989200.629825
1790821,IT,WA,MACHI,ELECT,3.15,563799.322,6,6,563797.276,0.0,1.0,1.0,0.046,178983.911746
1757979,IT,BR,RUBBE,MEATC,1.87,563732.212,6,6,563730.161,0.0,1.0,1.0,0.051,301461.075936
1798673,IT,WE,VEGE1,FISH5,1.73,563673.506,6,6,563669.383,0.0,3.0,1.0,0.123,325822.835838
1753292,IT,CA,NONME,PUBLI,1.14,563560.308,5,5,563559.246,0.0,0.0,1.0,0.062,494351.147368
1756689,IT,KR,SEACO,RUBBE,0.57,563530.686,4,4,563530.676,0.0,0.0,0.0,0.01,988650.326316
1801700,IT,WE,FURNI,93197,1.8,563467.331,6,6,563464.283,0.0,2.0,1.0,0.048,313037.406111
1810724,IT,WM,MOTOR,ELEC2,0.84,563422.942,5,5,563421.896,0.0,0.0,1.0,0.046,670741.597619
1737025,IT,GB,STONE,CEMEN,1.82,563390.35,5,5,563358.324,0.0,0.0,32.0,0.026,309555.137363
1726248,IT,RO,BASIC,VEGET,0.65,563364.815,4,4,563364.779,0.0,0.0,0.0,0.036,866715.1
1686084,IT,HU,RUBBE,CHEM1,1.87,563330.355,6,6,563328.304,0.0,1.0,1.0,0.051,301246.179144
1679837,IT,GR,ALUM1,MACHI,0.98,563265.118,5,5,563264.073,0.0,0.0,1.0,0.045,574760.32449
1785198,IT,ZA,BEVER,BEVER,2.4,563240.64,6,6,563237.604,0.0,2.0,1.0,0.036,234683.6
1656675,IT,DE,COKEO,RUBBE,0.07,563162.107,4,4,563162.104,0.0,0.0,0.0,0.003,8045172.957143
1796879,IT,WL,SEACO,SALEM,0.57,563142.739,4,4,563142.729,0.0,0.0,0.0,0.01,987969.717544
1809301,IT,WM,STONE,MOTOR,1.82,563069.705,5,5,563038.679,0.0,0.0,31.0,0.026,309378.958791
1681102,IT,GR,SUPPO,ELEC1,4.05,563041.958,5,5,563040.93,0.0,0.0,1.0,0.028,139022.705679
1771541,IT,CH,TEXTI,PAPER,3.34,562976.969,6,6,562974.894,0.0,1.0,1.0,0.075,168555.978743
1658308,IT,DE,COPP1,DIST1,1.42,562970.563,6,6,562967.534,0.0,1.0,2.0,0.029,396458.142958
1804059,IT,WF,WOODW,HOTEL,1.57,562856.151,6,6,562851.113,0.0,4.0,1.0,0.038,358507.102548
1646120,IT,BE,BASIC,INERT,0.65,562758.353,4,4,562758.317,0.0,0.0,0.0,0.036,865782.081538
1647628,IT,BE,POSTT,BUSIN,9.27,562644.949,6,6,562642.906,0.0,1.0,1.0,0.043,60695.248004
1671284,IT,FI,PREC1,FOUND,0.96,562600.054,6,6,562598.028,0.0,1.0,1.0,0.026,586041.722917
1738840,IT,GB,MOTO1,RENTI,2.99,562587.404,6,6,562585.367,0.0,1.0,1.0,0.037,188156.322408
1650292,IT,BG,ELEC1,LANDT,0.08,562568.084,4,4,562568.049,0.0,0.0,0.0,0.035,7032101.05
1751454,IT,CN,AIRTR,BASIC,0.61,562522.53,4,4,562522.512,0.0,0.0,0.0,0.018,922168.081967
1645696,IT,BE,ADDIT,HEAVY,1.3,562498.014,6,6,562492.97,0.0,4.0,1.0,0.044,432690.78
1653757,IT,CZ,COPP1,MOTO1,1.42,562442.595,6,6,562439.566,0.0,1.0,2.0,0.029,396086.334507
1789222,IT,WA,PLAST,MEDIC,1.18,562401.308,5,5,562400.251,0.0,0.0,1.0,0.057,476611.277966
1772419,IT,CH,CHEM1,FURNI,1.18,562336.159,5,5,562335.098,0.0,0.0,1.0,0.061,476556.066949
1646119,IT,BE,BASIC,PLAS2,0.65,562265.835,4,4,562265.799,0.0,0.0,0.0,0.036,865024.361538
1679476,IT,GR,CHEM1,CEMEN,1.17,562147.947,5,5,562146.886,0.0,0.0,1.0,0.061,480468.330769
1791698,IT,WA,HOTEL,BUSIN,4.07,562054.186,6,6,562052.144,0.0,1.0,1.0,0.042,138096.851597
1680878,IT,GR,LANDT,LUBRI,3.63,562046.019,5,5,562044.992,0.0,0.0,1.0,0.027,154833.61405
1750831,IT,CN,FURNI,CEMEN,1.79,562017.126,6,6,562014.078,0.0,2.0,1.0,0.048,313976.048045
1650929,IT,BG,SEACO,STEAM,0.57,561892.548,4,4,561892.538,0.0,0.0,0.0,0.01,985776.4
1785430,IT,ZA,PAPER,RETA1,2.18,561853.245,6,6,561847.19,0.0,5.0,1.0,0.055,257730.84633
1728201,IT,SE,FOOD5,MEATC,2.7,561796.425,6,6,561792.375,0.0,3.0,1.0,0.05,208072.75
1790111,IT,WA,BASIC,NFERT,0.65,561781.484,4,4,561781.448,0.0,0.0,0.0,0.036,864279.206154
1660893,IT,DE,RESEA,RESEA,3.05,561710.03,6,6,561707.991,0.0,1.0,1.0,0.039,184167.222951
1811987,IT,WM,GLASS,CHEM1,1.54,561691.754,5,5,561689.722,0.0,0.0,2.0,0.032,364734.905195
1650333,IT,BG,ELEC2,HEAVY,0.14,561614.588,4,4,561614.529,0.0,0.0,0.0,0.059,4011532.771429
1666654,IT,ES,CHEM1,93197,1.17,561538.69,5,5,561537.629,0.0,0.0,1.0,0.061,479947.598291
1777614,IT,TR,ALUM1,FOUND,0.98,561537.339,5,5,561536.294,0.0,0.0,1.0,0.045,572997.284694
1796428,IT,WL,WHOLE,WHOLE,4.85,561466.81,6,6,561464.777,0.0,1.0,1.0,0.033,115766.352577
1735844,IT,SK,MACHI,PUBLI,3.13,561394.759,6,6,561392.713,0.0,1.0,1.0,0.046,179359.347923
1664234,IT,EE,NONME,CEMEN,1.13,561245.082,5,5,561244.02,0.0,0.0,1.0,0.062,496677.063717
1812080,IT,WM,CERAM,FURNI,0.87,561151.262,5,5,561148.232,0.0,0.0,3.0,0.03,645001.450575
1741886,IT,US,CHEM1,COKEO,1.17,561051.506,5,5,561050.445,0.0,0.0,1.0,0.061,479531.201709
1800303,IT,WE,PLAST,PRIVA,1.18,560969.219,5,5,560968.162,0.0,0.0,1.0,0.057,475397.64322
1745089,IT,US,PUBLI,RESEA,9.19,560933.117,5,5,560932.078,0.0,0.0,1.0,0.039,61037.335909
1721450,IT,PL,AIRTR,MOTO1,0.61,560919.719,4,4,560919.701,0.0,0.0,0.0,0.018,919540.522951
1737124,IT,GB,MEAT4,FOOD5,3.09,560889.352,6,6,560886.314,0.0,2.0,1.0,0.038,181517.589644
1726098,IT,RO,RUBBE,BASIC,1.86,560864.968,6,6,560862.917,0.0,1.0,1.0,0.051,301540.305376
1642679,IT,AT,FABRI,HEALT,2.28,560800.368,6,6,560798.328,0.0,1.0,1.0,0.04,245965.073684
1775253,IT,CH,BUSIN,DAIRY,5.76,560694.876,6,6,560692.837,0.0,1.0,1.0,0.039,97342.860417
1788827,IT,WA,GASDI,VEGET,0.83,560682.35,5,5,560681.304,0.0,0.0,1.0,0.046,675520.903614
1686389,IT,HU,BASIC,LEATH,0.65,560557.675,4,4,560557.64,0.0,0.0,0.0,0.035,862396.423077
1641369,IT,AT,KEROS,WHOLE,0.83,560512.667,5,5,560511.621,0.0,0.0,1.0,0.046,675316.466265
1657057,IT,DE,NONSP,MOTOR,0.74,560446.336,5,5,560445.306,0.0,0.0,1.0,0.03,757359.913514
1735257,IT,SK,GLASS,FOOD5,1.54,560404.427,5,5,560402.395,0.0,0.0,2.0,0.032,363898.978571
1795224,IT,WL,GLASS,HOTEL,1.54,560382.206,5,5,560380.174,0.0,0.0,2.0,0.032,363884.549351
1731781,IT,SI,PAPER,PAPER,2.17,560241.599,6,6,560235.544,0.0,5.0,1.0,0.055,258175.852074
1652143,IT,CZ,MEAT4,FOOD5,3.09,560211.622,6,6,560208.584,0.0,2.0,1.0,0.038,181298.259547
1673699,IT,FR,PAPER,FISH5,2.17,560174.011,6,6,560167.956,0.0,5.0,1.0,0.055,258144.70553
1800497,IT,WE,RUBBE,WOODW,1.86,560131.588,6,6,560129.537,0.0,1.0,1.0,0.051,301146.015054
1812910,IT,WM,MACHI,CROPS,3.12,560130.001,6,6,560127.955,0.0,1.0,1.0,0.046,179528.846474
1643283,IT,AT,HOTEL,EDUCA,4.06,560102.938,6,6,560100.896,0.0,1.0,1.0,0.042,137956.38867
1794855,IT,WL,PFERT,PADDY,0.25,560096.106,4,4,560096.016,0.0,0.0,0.0,0.09,2240384.424
1725426,IT,RO,TEXTI,PUBLI,3.32,560075.149,5,5,560074.075,0.0,1.0,0.0,0.074,168697.334036
1735830,IT,SK,MACHI,RETA1,3.12,560014.6,6,6,560012.554,0.0,1.0,1.0,0.046,179491.858974
1759756,IT,BR,BUSIN,RUBBE,5.75,559958.256,6,6,559956.217,0.0,1.0,1.0,0.039,97384.044522
1656025,IT,DE,FOOD5,EDUCA,2.69,559793.445,6,6,559789.395,0.0,3.0,1.0,0.05,208101.652416
1657245,IT,DE,CHEM1,NONF1,1.17,559769.874,5,5,559768.813,0.0,0.0,1.0,0.061,478435.789744
1729162,IT,SE,GLASS,CONST,1.54,559766.696,5,5,559764.664,0.0,0.0,2.0,0.032,363484.867532
1807725,IT,WF,BUSIN,BUSIN,5.75,559733.031,6,6,559730.992,0.0,1.0,1.0,0.039,97344.874957
1661360,IT,DK,MEATC,WOOD1,1.87,559615.743,6,6,559606.707,0.0,8.0,1.0,0.036,299259.755615
1649550,IT,BG,RUBBE,OFFIC,1.85,559529.533,6,6,559527.482,0.0,1.0,1.0,0.051,302448.396216
1732859,IT,SI,BASIC,LANDT,0.64,559492.285,4,4,559492.25,0.0,0.0,0.0,0.035,874206.695312
1675829,IT,FR,ELEC1,PLAST,0.08,559439.093,4,4,559439.058,0.0,0.0,0.0,0.035,6992988.6625
1735346,IT,SK,CEMEN,CEMEN,0.9,559413.215,5,5,559410.19,0.0,0.0,3.0,0.025,621570.238889
1669827,IT,ES,BUSIN,FINAN,5.75,559391.507,6,6,559389.468,0.0,1.0,1.0,0.039,97285.479478
1654012,IT,CZ,MACHI,ELECT,3.12,559370.401,6,6,559368.355,0.0,1.0,1.0,0.046,179285.384936
1689364,IT,IE,RETA1,CONST,5.84,559273.867,6,6,559271.83,0.0,1.0,1.0,0.037,95766.073116
1685756,IT,HU,PLAST,FISH5,1.17,559177.091,5,5,559176.034,0.0,0.0,1.0,0.057,477929.137607
1728957,IT,SE,CHEM1,RENTI,1.17,559115.561,5,5,559114.5,0.0,0.0,1.0,0.061,477876.547863
1764106,IT,MX,FABRI,RUBBE,2.28,559096.782,6,6,559094.742,0.0,1.0,1.0,0.04,245217.886842
1671150,IT,FI,CERAM,FOOD5,0.87,559075.511,5,5,559072.481,0.0,0.0,3.0,0.03,642615.529885
1774674,IT,CH,AIRTR,FINAN,0.61,558972.585,4,4,558972.567,0.0,0.0,0.0,0.018,916348.5
1796653,IT,WL,HOTEL,SALEM,4.05,558949.022,6,6,558946.98,0.0,1.0,1.0,0.042,138012.104198
1744989,IT,US,BUSIN,MEMBE,5.74,558789.4,6,6,558787.361,0.0,1.0,1.0,0.039,97350.069686
1790309,IT,WA,ALUM1,PRINT,0.97,558734.222,5,5,558733.177,0.0,0.0,1.0,0.045,576014.661856
1722165,IT,PL,BUSIN,HEALT,5.74,558706.915,6,6,558704.876,0.0,1.0,1.0,0.039,97335.699477
1784346,IT,ID,RUBBE,RUBBE,1.85,558678.033,6,6,558675.982,0.0,1.0,1.0,0.051,301988.125946
1765419,IT,RU,TEXTI,WEARI,3.31,558620.842,5,5,558619.768,0.0,1.0,0.0,0.074,168767.625982
1662789,IT,DK,TRANS,CONST,3.33,558563.631,6,6,558561.601,0.0,1.0,1.0,0.03,167736.826126
1757734,IT,BR,NAPHT,WHOLE,0.95,558533.363,5,5,558532.323,0.0,0.0,1.0,0.04,587929.855789
1654235,IT,CZ,TRANS,MACHI,3.33,558484.924,6,6,558482.894,0.0,1.0,1.0,0.03,167713.19039
1755256,IT,KR,PAPER,PAPER,2.16,558283.79,6,6,558277.735,0.0,5.0,1.0,0.055,258464.717593
1809306,IT,WM,STONE,LIQUE,1.81,558164.727,5,5,558133.702,0.0,0.0,31.0,0.025,308378.30221
1724908,IT,PT,BUSIN,CONST,5.73,558157.123,6,6,558155.084,0.0,1.0,1.0,0.039,97409.62007
1728948,IT,SE,CHEM1,LANDT,1.17,558138.339,5,5,558137.278,0.0,0.0,1.0,0.061,477041.315385
1743681,IT,US,HOTEL,PAPE4,4.04,558091.372,6,6,558089.33,0.0,1.0,1.0,0.042,138141.428713
1800650,IT,WE,CERAM,WEARI,0.87,558028.89,5,5,558025.86,0.0,0.0,3.0,0.03,641412.517241
1760717,IT,IN,PAPER,CONST,2.16,558001.278,6,6,557996.223,0.0,4.0,1.0,0.055,258333.925
1749404,IT,CN,KEROS,CRUDE,0.83,557895.023,5,5,557893.978,0.0,0.0,1.0,0.045,672162.678313
1740267,IT,GB,BUSIN,FINAN,5.73,557852.252,6,6,557850.214,0.0,1.0,1.0,0.038,97356.413962
1758696,IT,BR,SALEM,SUPPO,4.5,557850.087,6,6,557848.052,0.0,1.0,1.0,0.035,123966.686
1805161,IT,WF,CHEM1,PIGS9,1.17,557796.97,5,5,557795.909,0.0,0.0,1.0,0.061,476749.547009
1677889,IT,FR,BUSIN,RUBBE,5.73,557780.362,6,6,557778.324,0.0,1.0,1.0,0.038,97343.867714
1780190,IT,TW,HOTEL,RECRE,4.04,557718.54,6,6,557716.498,0.0,1.0,1.0,0.042,138049.143564
1774741,IT,CH,SUPPO,LANDT,4.01,557670.449,5,5,557669.422,0.0,0.0,1.0,0.027,139069.937406
1669091,IT,ES,SUPPO,AIRTR,4.01,557600.069,5,5,557599.042,0.0,0.0,1.0,0.027,139052.386284
1764896,IT,MX,AIRTR,CONST,0.61,557525.845,4,4,557525.827,0.0,0.0,0.0,0.018,913976.795082
1726978,IT,RO,HOTEL,MOTO1,4.04,557491.812,6,6,557489.77,0.0,1.0,1.0,0.042,137993.022772
1716703,IT,NL,WHOLE,RETA1,4.82,557482.869,6,6,557480.837,0.0,1.0,1.0,0.032,115660.346266
1778917,IT,TR,SEACO,RUBBE,0.57,557480.096,4,4,557480.086,0.0,0.0,0.0,0.01,978035.25614
1727163,IT,RO,LANDT,HEALT,3.6,557465.557,5,5,557464.531,0.0,0.0,1.0,0.026,154851.543611
1667135,IT,ES,BASIC,CHEM1,0.64,557453.275,4,4,557453.24,0.0,0.0,0.0,0.035,871020.742188
1644668,IT,BE,BEVER,BEVER,2.37,557404.456,6,6,557401.42,0.0,2.0,1.0,0.036,235191.753586
1785946,IT,ZA,RUBBE,CHEM1,1.85,557385.242,6,6,557383.191,0.0,1.0,1.0,0.051,301289.32
1717036,IT,NL,LANDT,MACHI,3.6,557376.332,5,5,557375.306,0.0,0.0,1.0,0.026,154826.758889
1809002,IT,WM,VEGET,GASDI,1.97,557260.433,5,5,557258.411,0.0,2.0,0.0,0.022,282873.316244
1682406,IT,HR,PAPER,BEVER,2.16,557167.03,6,6,557161.975,0.0,4.0,1.0,0.055,257947.699074
1796942,IT,WL,AIRTR,TOBAC,0.61,556995.292,4,4,556995.274,0.0,0.0,0.0,0.018,913107.036066
1742933,IT,US,MACHI,ELEC4,3.11,556967.621,6,6,556965.575,0.0,1.0,1.0,0.046,179089.267203
1738155,IT,GB,GLASS,MACHI,1.53,556946.783,5,5,556944.751,0.0,0.0,2.0,0.032,364017.505229
1756703,IT,KR,SEACO,RADIO,0.57,556895.495,4,4,556895.485,0.0,0.0,0.0,0.01,977009.640351
1662471,IT,DK,ALUM1,MOTO1,0.97,556837.275,5,5,556836.23,0.0,0.0,1.0,0.045,574059.046392
1810691,IT,WM,MOTOR,ETHAN,0.83,556780.717,5,5,556779.672,0.0,0.0,1.0,0.045,670820.140964
1763165,IT,MX,LEATH,CHEM1,3.99,556682.108,6,6,556677.012,0.0,4.0,1.0,0.096,139519.325313
1663963,IT,EE,PAPER,PRINT,2.16,556628.552,6,6,556623.497,0.0,4.0,1.0,0.055,257698.403704
1743881,IT,US,SEACO,LUBRI,0.57,556621.502,4,4,556621.492,0.0,0.0,0.0,0.01,976528.950877
1772094,IT,CH,COKEO,GLASS,0.07,556607.005,4,4,556607.002,0.0,0.0,0.0,0.003,7951528.642857
1656987,IT,DE,LIQUE,BUSIN,0.97,556355.798,5,5,556354.753,0.0,0.0,1.0,0.045,573562.678351
1738270,IT,GB,NONME,CEMEN,1.12,556301.207,5,5,556300.146,0.0,0.0,1.0,0.061,496697.50625
1794495,IT,WL,GASDI,RETA1,0.83,556295.102,5,5,556294.057,0.0,0.0,1.0,0.045,670235.062651
1725926,IT,RO,PLAST,PLAST,1.17,556182.311,5,5,556181.254,0.0,0.0,1.0,0.057,475369.496581
1642428,IT,AT,ALUM1,CHEM1,0.97,556070.57,5,5,556069.525,0.0,0.0,1.0,0.045,573268.628866
1714681,IT,NL,VEGE1,DAIRY,1.71,556043.216,6,6,556039.095,0.0,3.0,1.0,0.121,325171.471345
1771682,IT,CH,WEARI,POSTT,4.19,555991.15,6,6,555989.044,0.0,1.0,1.0,0.106,132694.785203
1732309,IT,SI,NAPHT,BRICK,0.94,555932.906,5,5,555931.866,0.0,0.0,1.0,0.04,591417.985106
1732184,IT,SI,GASDI,PUBLI,0.83,555897.505,5,5,555896.46,0.0,0.0,1.0,0.045,669756.03012
1683118,IT,HR,RUBBE,RETA1,1.84,555829.81,6,6,555827.76,0.0,1.0,1.0,0.05,302081.418478
1666217,IT,ES,HEAVY,NAPHT,0.9,555674.075,5,5,555673.03,0.0,0.0,1.0,0.045,617415.638889
1743092,IT,US,MOTO1,BEVER,2.96,555549.624,6,6,555547.588,0.0,1.0,1.0,0.036,187685.683784
1681945,IT,HR,FOOD5,FOOD5,2.67,555478.557,6,6,555474.507,0.0,3.0,1.0,0.05,208044.403371
1784156,IT,ID,PAPER,PRINT,2.15,555421.767,6,6,555416.712,0.0,4.0,1.0,0.055,258335.705581
1782135,IT,NO,CEMEN,CONST,0.89,555382.963,5,5,555379.938,0.0,0.0,3.0,0.025,624025.801124
1746852,IT,JP,MACHI,COMPU,3.1,555270.22,6,6,555268.174,0.0,1.0,1.0,0.046,179119.425806
1741684,IT,US,HEAVY,DIST1,0.9,555249.79,5,5,555248.745,0.0,0.0,1.0,0.045,616944.211111
1749570,IT,CN,PLAST,MEDIC,1.17,555242.513,5,5,555241.457,0.0,0.0,1.0,0.056,474566.250427
1751991,IT,CN,RESEA,RUBBE,3.01,555092.342,6,6,555090.303,0.0,1.0,1.0,0.039,184416.060465
1782425,IT,NO,MACHI,FISHF,3.1,554831.677,6,6,554829.631,0.0,1.0,1.0,0.046,178977.960323
1741128,IT,US,WEARI,HOTEL,4.18,554743.554,6,6,554741.449,0.0,1.0,1.0,0.105,132713.7689
1710847,IT,LU,PAPER,BUSIN,2.15,554665.448,6,6,554660.393,0.0,4.0,1.0,0.055,257983.929302
1796972,IT,WL,AIRTR,NONME,0.6,554650.88,4,4,554650.863,0.0,0.0,0.0,0.017,924418.133333
1804660,IT,WF,HEAVY,EDUCA,0.9,554636.788,5,5,554635.743,0.0,0.0,1.0,0.045,616263.097778
1774344,IT,CH,HOTEL,TRANS,4.02,554605.103,6,6,554603.061,0.0,1.0,1.0,0.042,137961.468408
1789056,IT,WA,NAPHT,DIST1,0.94,554557.957,5,5,554556.917,0.0,0.0,1.0,0.04,589955.273404
1764771,IT,MX,HOTEL,EDUCA,4.02,554544.529,6,6,554542.487,0.0,1.0,1.0,0.042,137946.400249
1804601,IT,WF,HEAVY,KEROS,0.9,554501.102,5,5,554500.057,0.0,0.0,1.0,0.045,616112.335556
1756702,IT,KR,SEACO,ELECT,0.56,554441.78,4,4,554441.77,0.0,0.0,0.0,0.01,990074.607143
1755215,IT,KR,WOODW,FURNI,1.55,554285.875,6,6,554280.838,0.0,4.0,1.0,0.037,357603.790323
1759824,IT,BR,BUSIN,RECRE,5.69,554227.843,6,6,554225.805,0.0,1.0,1.0,0.038,97403.83884
1811862,IT,WM,RUBBE,WOODW,1.84,554194.278,6,6,554192.228,0.0,1.0,1.0,0.05,301192.542391
1738610,IT,GB,FABRI,COMPU,2.26,554146.769,6,6,554144.729,0.0,1.0,1.0,0.04,245197.685398
1674958,IT,FR,BASIC,TEXT1,0.64,554141.944,4,4,554141.909,0.0,0.0,0.0,0.035,865846.7875
1653206,IT,CZ,RUBBE,FORES,1.84,554037.112,6,6,554035.062,0.0,1.0,1.0,0.05,301107.126087
1739888,IT,GB,FINAN,HOTEL,7.21,554032.242,4,4,554032.226,0.0,0.0,0.0,0.016,76842.197226
1741328,IT,US,PAPER,FINAN,2.15,553590.835,6,6,553585.78,0.0,4.0,1.0,0.055,257484.109302
1760734,IT,IN,PAPER,EDUCA,2.14,553535.92,6,6,553530.865,0.0,4.0,1.0,0.055,258661.64486
1656945,IT,DE,LIQUE,CERAM,0.97,553531.458,5,5,553530.413,0.0,0.0,1.0,0.045,570650.987629
1786135,IT,ZA,BASIC,ALUM1,0.64,553502.757,4,4,553502.722,0.0,0.0,0.0,0.035,864848.057812
1656353,IT,DE,WOODW,FOOD5,1.55,553429.481,6,6,553424.444,0.0,4.0,1.0,0.037,357051.278065
1758364,IT,BR,FABRI,MEATC,2.25,553369.727,6,6,553367.687,0.0,1.0,1.0,0.04,245942.100889
1733259,IT,SI,MACHI,BUSIN,3.09,553369.072,6,6,553367.027,0.0,1.0,1.0,0.045,179083.842071
1794250,IT,WL,MOTOR,POULT,0.83,553351.205,5,5,553350.16,0.0,0.0,1.0,0.045,666688.198795
1743580,IT,US,HOTEL,WOODW,4.01,553237.063,6,6,553235.021,0.0,1.0,1.0,0.042,137964.354863
1657166,IT,DE,NFERT,PLAST,0.12,553202.686,4,4,553202.641,0.0,0.0,0.0,0.045,4610022.383333
1738543,IT,GB,FABRI,CRUDE,2.25,553021.088,6,6,553019.048,0.0,1.0,1.0,0.04,245787.150222
1746302,IT,JP,CHEM1,EDUCA,1.16,552985.51,5,5,552984.45,0.0,0.0,1.0,0.06,476711.646552
1797057,IT,WL,SUPPO,WHOLE,3.97,552821.635,5,5,552820.608,0.0,0.0,1.0,0.027,139249.782116
1758236,IT,BR,BASIC,ELECT,0.64,552721.263,4,4,552721.228,0.0,0.0,0.0,0.035,863626.973438
1673593,IT,FR,WOODW,PRINT,1.55,552712.622,6,6,552707.585,0.0,4.0,1.0,0.037,356588.788387
1801207,IT,WE,FABRI,CEMEN,2.25,552591.412,6,6,552589.372,0.0,1.0,1.0,0.04,245596.183111
1789259,IT,WA,PLAST,BUSIN,1.16,552568.918,5,5,552567.862,0.0,0.0,1.0,0.056,476352.515517
1766150,IT,RU,RUBBE,SALEM,1.83,552492.759,6,6,552490.709,0.0,1.0,1.0,0.05,301908.611475
1676881,IT,FR,TRAN2,HEAVY,0.85,552456.949,4,4,552456.934,0.0,0.0,0.0,0.015,649949.351765
1772259,IT,CH,NAPHT,SANDC,0.94,552451.803,5,5,552450.763,0.0,0.0,1.0,0.04,587714.684043
1670339,IT,FI,VEGE1,FOOD5,1.7,552449.937,6,6,552445.817,0.0,3.0,1.0,0.12,324970.551176
1682149,IT,HR,TEXTI,HOTEL,3.27,552445.964,5,5,552444.891,0.0,1.0,0.0,0.073,168943.719878
1756224,IT,KR,MACHI,DIST1,3.08,552376.799,6,6,552374.754,0.0,1.0,1.0,0.045,179343.116558
1716105,IT,NL,BASIC,REALE,0.64,552343.474,4,4,552343.439,0.0,0.0,0.0,0.035,863036.678125
1666371,IT,ES,NAPHT,MOTOR,0.94,552302.09,5,5,552301.05,0.0,0.0,1.0,0.04,587555.414894
1761140,IT,IN,CHEM1,CHARC,1.15,552252.202,5,5,552251.142,0.0,0.0,1.0,0.06,480219.306087
1713765,IT,MT,OFFIC,COMPU,1.71,552214.992,6,6,552212.952,0.0,1.0,1.0,0.04,322932.74386
1803087,IT,WF,CEREA,EDUCA,0.9,552014.352,5,5,552011.321,0.0,3.0,0.0,0.031,613349.28
1711002,IT,LU,CERAM,COMPU,0.86,551811.972,5,5,551808.942,0.0,0.0,3.0,0.03,641641.827907
1679161,IT,GR,PAPER,BUSIN,2.14,551657.629,6,6,551652.575,0.0,4.0,1.0,0.054,257783.938785
1641372,IT,AT,KEROS,RAILW,0.82,551576.94,5,5,551575.895,0.0,0.0,1.0,0.045,672654.804878
1813589,IT,WM,WHOLE,WHOLE,4.77,551494.587,6,6,551492.555,0.0,1.0,1.0,0.032,115617.313836
1745342,IT,JP,VEGE1,LIQUE,1.7,551485.328,6,6,551481.208,0.0,3.0,1.0,0.12,324403.134118
1675409,IT,FR,MACHI,ELEC5,3.08,551469.575,6,6,551467.53,0.0,1.0,1.0,0.045,179048.563312
1665231,IT,ES,FOOD5,BUSIN,2.65,551379.829,6,6,551375.78,0.0,3.0,1.0,0.049,208067.86
1788957,IT,WA,HEAVY,PFERT,0.89,551309.49,5,5,551308.446,0.0,0.0,1.0,0.044,619448.865169
1741231,IT,US,WOODW,WHOLE,1.54,551301.16,6,6,551296.123,0.0,4.0,1.0,0.037,357987.766234
1678766,IT,GR,FOOD5,POULT,2.65,551212.302,6,6,551208.253,0.0,3.0,1.0,0.049,208004.642264
1801534,IT,WE,MOTO1,HEALT,2.93,551169.81,6,6,551167.774,0.0,1.0,1.0,0.036,188112.56314
1743790,IT,US,LANDT,MOTO1,3.56,551161.952,5,5,551160.926,0.0,0.0,1.0,0.026,154820.773034
1675760,IT,FR,FURNI,ELECT,1.76,551116.273,6,6,551113.226,0.0,2.0,1.0,0.047,313134.246023
1665008,IT,ES,CHEMI,NONME,1.31,550912.53,6,6,550883.478,0.0,2.0,27.0,0.052,420543.916031
1805060,IT,WF,PLAST,RAILW,1.16,550900.202,5,5,550899.146,0.0,0.0,1.0,0.056,474913.967241
1652223,IT,CZ,FOOD5,PIGS9,2.65,550868.149,6,6,550864.1,0.0,3.0,1.0,0.049,207874.773208
1782277,IT,NO,LEAD1,LEAD1,0.96,550860.568,6,6,550857.522,0.0,1.0,2.0,0.046,573813.091667
1736290,IT,SK,HOTEL,TRANS,3.99,550826.438,6,6,550824.397,0.0,1.0,1.0,0.041,138051.738847
1764474,IT,MX,FURNI,PUBLI,1.76,550778.966,6,6,550775.919,0.0,2.0,1.0,0.047,312942.594318
1648157,IT,BE,BUSIN,DAIRY,5.66,550775.44,6,6,550773.402,0.0,1.0,1.0,0.038,97310.14841
1642254,IT,AT,NONME,NONME,1.11,550775.399,5,5,550774.339,0.0,0.0,1.0,0.06,496194.053153
1744926,IT,US,BUSIN,OFFIC,5.66,550716.888,6,6,550714.85,0.0,1.0,1.0,0.038,97299.803534
1647132,IT,BE,HOTEL,AIRTR,3.99,550658.921,6,6,550656.88,0.0,1.0,1.0,0.041,138009.754637
1658944,IT,DE,FURNI,BUSIN,1.76,550648.266,6,6,550645.219,0.0,2.0,1.0,0.047,312868.332955
1728736,IT,SE,KEROS,WHOLE,0.82,550615.51,5,5,550614.465,0.0,0.0,1.0,0.045,671482.329268
1646080,IT,BE,BASIC,NONF1,0.63,550563.817,4,4,550563.782,0.0,0.0,0.0,0.035,873910.820635
1686950,IT,HU,MACHI,MOTO1,3.07,550554.013,6,6,550551.968,0.0,1.0,1.0,0.045,179333.554723
1665882,IT,ES,PRINT,BUSIN,5.28,550471.378,6,6,550469.336,0.0,1.0,1.0,0.042,104255.942803
1784461,IT,ID,ALUM1,MOTO1,0.96,550436.539,5,5,550435.495,0.0,0.0,1.0,0.044,573371.394792
1772359,IT,CH,CHEM1,POULT,1.15,550355.432,5,5,550354.372,0.0,0.0,1.0,0.06,478569.94087
1795133,IT,WL,RUBBE,RUBBE,1.82,550310.743,6,6,550308.693,0.0,1.0,1.0,0.05,302368.54011
1806201,IT,WF,MACHI,BITUM,3.07,550268.073,6,6,550266.028,0.0,1.0,1.0,0.045,179240.414658
1647464,IT,BE,AIRTR,RECRE,0.6,550250.722,4,4,550250.705,0.0,0.0,0.0,0.017,917084.536667
1644197,IT,BE,VEGET,VEGET,1.95,550097.286,5,5,550095.264,0.0,2.0,0.0,0.022,282101.172308
1803539,IT,WF,VEGE1,REALE,1.69,550047.965,6,6,550043.845,0.0,3.0,1.0,0.12,325472.168639
1747587,IT,JP,AIRTR,TRANS,0.6,549984.276,4,4,549984.259,0.0,0.0,0.0,0.017,916640.46
1751363,IT,CN,SEACO,WOOLS,0.56,549924.006,4,4,549923.996,0.0,0.0,0.0,0.01,982007.153571
1674709,IT,FR,GLASS,POSTT,1.51,549827.369,5,5,549825.338,0.0,0.0,2.0,0.031,364124.08543
1738035,IT,GB,RUBBE,DAIRY,1.82,549825.258,6,6,549823.208,0.0,1.0,1.0,0.05,302101.79011
1674020,IT,FR,GASDI,VEGET,0.82,549782.877,5,5,549781.832,0.0,0.0,1.0,0.045,670466.923171
1641473,IT,AT,GASDI,EDUCA,0.82,549684.521,5,5,549683.476,0.0,0.0,1.0,0.045,670346.976829
1662189,IT,DK,RUBBE,HEALT,1.82,549613.045,6,6,549610.995,0.0,1.0,1.0,0.05,301985.18956
1798187,IT,WE,VEGET,VEGET,1.95,549581.978,5,5,549579.956,0.0,2.0,0.0,0.022,281836.911795
1666579,IT,ES,CHEM1,PFERT,1.15,549528.025,5,5,549526.965,0.0,0.0,1.0,0.06,477850.456522
1658907,IT,DE,FURNI,RUBBE,1.75,549498.877,6,6,549495.83,0.0,2.0,1.0,0.047,313999.358286
1683562,IT,HR,LEAD1,CONST,0.96,549496.748,6,6,549493.702,0.0,1.0,2.0,0.046,572392.445833
1801385,IT,WE,MACHI,COMPU,3.07,549427.278,6,6,549425.233,0.0,1.0,1.0,0.045,178966.540065
1753076,IT,CA,RUBBE,CRUDE,1.82,549418.649,6,6,549416.599,0.0,1.0,1.0,0.05,301878.378571
1766404,IT,RU,BASIC,MACHI,0.63,549396.402,4,4,549396.367,0.0,0.0,0.0,0.035,872057.780952
1809038,IT,WM,VEGET,RETA1,1.94,549349.298,5,5,549347.276,0.0,2.0,0.0,0.022,283169.741237
1764772,IT,MX,HOTEL,HEALT,3.98,549327.885,6,6,549325.844,0.0,1.0,1.0,0.041,138022.081658
1679533,IT,GR,RUBBE,VEGET,1.82,549325.121,6,6,549323.071,0.0,1.0,1.0,0.05,301826.98956
1795612,IT,WL,FABRI,BITUM,2.24,549293.961,6,6,549291.922,0.0,1.0,1.0,0.039,245220.518304
1761673,IT,IN,FABRI,FURNI,2.23,549051.258,6,6,549049.219,0.0,1.0,1.0,0.039,246211.326457
1680242,IT,GR,TRANS,HOTEL,3.28,548964.834,6,6,548962.804,0.0,1.0,1.0,0.03,167367.327439
1724452,IT,PT,AIRTR,BUSIN,0.6,548918.557,4,4,548918.54,0.0,0.0,0.0,0.017,914864.261667
1759108,IT,BR,AIRTR,GASDI,0.6,548879.173,4,4,548879.156,0.0,0.0,0.0,0.017,914798.621667
1642560,IT,AT,NONF1,COPP1,0.12,548862.138,4,4,548862.135,0.0,0.0,0.0,0.003,4573851.15
1789282,IT,WA,PFERT,PLANT,0.24,548848.703,4,4,548848.615,0.0,0.0,0.0,0.088,2286869.595833
1656485,IT,DE,PAPER,FISH5,2.13,548818.407,6,6,548813.353,0.0,4.0,1.0,0.054,257661.223944
1766169,IT,RU,RUBBE,BUSIN,1.82,548784.447,6,6,548782.397,0.0,1.0,1.0,0.05,301529.915934
1811447,IT,WM,PLAST,CERAM,1.15,548765.019,5,5,548763.963,0.0,0.0,1.0,0.056,477186.973043
1716901,IT,NL,HOTEL,REALE,3.98,548549.131,6,6,548547.09,0.0,1.0,1.0,0.041,137826.414824
1674321,IT,FR,CHEM1,POULT,1.15,548524.547,5,5,548523.487,0.0,0.0,1.0,0.06,476977.866957
1710115,IT,LT,MACHI,VEGET,3.06,548464.349,6,6,548462.304,0.0,1.0,1.0,0.045,179236.715359
1741611,IT,US,GASDI,FOOD3,0.82,548461.593,5,5,548460.548,0.0,0.0,1.0,0.045,668855.60122
1685258,IT,HU,TEXTI,MACHI,3.25,548380.864,5,5,548379.791,0.0,1.0,0.0,0.073,168732.573538
1660821,IT,DE,COMPU,FABRI,6.26,548332.196,6,6,548330.162,0.0,1.0,1.0,0.034,87593.002556
1766129,IT,RU,RUBBE,FABRI,1.82,548238.01,6,6,548235.96,0.0,1.0,1.0,0.05,301229.675824
1663021,IT,DK,HOTEL,OFFIC,3.97,548228.29,6,6,548226.249,0.0,1.0,1.0,0.041,138092.768262
1800131,IT,WE,NAPHT,CONST,0.93,548179.99,5,5,548178.951,0.0,0.0,1.0,0.039,589440.849462
1770316,IT,AU,HOTEL,INSUR,3.97,548143.601,6,6,548141.56,0.0,1.0,1.0,0.041,138071.43602
1673597,IT,FR,WOODW,PLAST,1.53,547963.352,6,6,547959.315,0.0,3.0,1.0,0.037,358145.981699
1789783,IT,WA,GLASS,SALEM,1.5,547778.352,5,5,547776.321,0.0,0.0,2.0,0.031,365185.568
1658434,IT,DE,FABRI,GLASS,2.23,547753.103,6,6,547751.064,0.0,1.0,1.0,0.039,245629.19417
1675246,IT,FR,FABRI,BIOGA,2.23,547740.473,6,6,547738.434,0.0,1.0,1.0,0.039,245623.530493
1681680,IT,HR,OILSE,FOOD5,0.4,547706.153,5,5,547702.128,0.0,4.0,0.0,0.025,1369265.3825
1813197,IT,WM,MOTO1,RESEA,2.92,547691.599,6,6,547689.563,0.0,1.0,1.0,0.036,187565.616096
1742530,IT,US,BASIC,SEWAG,0.63,547559.973,4,4,547559.938,0.0,0.0,0.0,0.035,869142.814286
1710269,IT,LT,MOTO1,SALEM,2.91,547551.159,6,6,547549.123,0.0,1.0,1.0,0.036,188161.910309
1750541,IT,CN,MACHI,SEACO,3.05,547465.764,6,6,547463.719,0.0,1.0,1.0,0.045,179496.971803
1805035,IT,WF,PLAST,FABRI,1.15,547387.084,5,5,547386.028,0.0,0.0,1.0,0.056,475988.768696
1728864,IT,SE,CHEM1,WHEAT,1.14,547300.263,5,5,547299.203,0.0,0.0,1.0,0.06,480087.95
1799910,IT,WE,GASDI,93197,0.81,547182.333,5,5,547181.288,0.0,0.0,1.0,0.045,675533.744444
1799664,IT,WE,MOTOR,CEMEN,0.82,547080.202,5,5,547079.157,0.0,0.0,1.0,0.045,667170.978049
1794287,IT,WL,MOTOR,HEAVY,0.82,547071.318,5,5,547070.273,0.0,0.0,1.0,0.045,667160.143902
1645300,IT,BE,KEROS,CHEM1,0.81,546980.165,5,5,546979.12,0.0,0.0,1.0,0.045,675284.154321
1793737,IT,WL,BEVER,BEVER,2.33,546962.048,6,6,546960.013,0.0,1.0,1.0,0.035,234747.660086
1767562,IT,RU,AIRTR,AIRTR,0.6,546925.052,4,4,546925.035,0.0,0.0,0.0,0.017,911541.753333
1790843,IT,WA,MACHI,RETA1,3.05,546785.534,6,6,546783.489,0.0,1.0,1.0,0.045,179273.945574
1765944,IT,RU,CHEM1,OILSE,1.14,546592.843,5,5,546591.783,0.0,0.0,1.0,0.06,479467.40614
1754135,IT,CA,AIRTR,COMPU,0.59,546585.059,4,4,546585.042,0.0,0.0,0.0,0.017,926415.354237
1650331,IT,BG,ELEC2,KEROS,0.13,546535.987,4,4,546535.93,0.0,0.0,0.0,0.057,4204122.976923
1756305,IT,KR,MOTO1,MEDIC,2.91,546525.804,6,6,546523.768,0.0,1.0,1.0,0.036,187809.554639
1745725,IT,JP,WEARI,PAPER,4.12,546434.311,6,6,546432.207,0.0,1.0,1.0,0.104,132629.687136
1803286,IT,WF,FISHF,COPPE,0.94,546332.694,4,4,546332.675,0.0,0.0,0.0,0.019,581204.993617
1686979,IT,HU,MACHI,REALE,3.05,546289.632,6,6,546287.587,0.0,1.0,1.0,0.045,179111.354754
1726004,IT,RO,CHEM1,TRANS,1.14,546205.664,5,5,546204.604,0.0,0.0,1.0,0.06,479127.775439
1658737,IT,DE,OFFIC,POSTT,1.69,546204.485,6,6,546202.446,0.0,1.0,1.0,0.039,323197.920118
1797487,IT,WL,BUSIN,CRUDE,5.61,545994.59,6,6,545992.552,0.0,1.0,1.0,0.038,97325.238859
1676542,IT,FR,HOTEL,SANDC,3.96,545990.151,6,6,545988.11,0.0,1.0,1.0,0.041,137876.300758
1763912,IT,MX,BASIC,WOODW,0.63,545988.227,4,4,545988.192,0.0,0.0,0.0,0.035,866647.979365
1644090,IT,AT,BUSIN,RESEA,5.61,545978.34,6,6,545976.302,0.0,1.0,1.0,0.038,97322.342246
1719157,IT,PL,PLAST,NONME,1.15,545911.36,5,5,545910.304,0.0,0.0,1.0,0.056,474705.530435
1761506,IT,IN,ALUM1,ALUM1,0.95,545853.353,5,5,545852.309,0.0,0.0,1.0,0.044,574582.476842
1801727,IT,WE,ELEC1,AUXIL,0.08,545788.397,4,4,545788.363,0.0,0.0,0.0,0.034,6822354.9625
1675788,IT,FR,FURNI,REALE,1.74,545763.297,6,6,545760.25,0.0,2.0,1.0,0.047,313657.067241
1753592,IT,CA,MACHI,COLLE,3.04,545711.432,6,6,545709.387,0.0,1.0,1.0,0.045,179510.339474
1778226,IT,TR,FURNI,HOTEL,1.74,545635.412,6,6,545632.365,0.0,2.0,1.0,0.047,313583.570115
1722120,IT,PL,BUSIN,OFFIC,5.6,545614.865,6,6,545612.827,0.0,1.0,1.0,0.038,97431.225893
1728606,IT,SE,PAPER,HEALT,2.11,545594.633,6,6,545589.579,0.0,4.0,1.0,0.054,258575.65545
1799805,IT,WE,GASDI,MEATA,0.81,545471.321,5,5,545470.277,0.0,0.0,1.0,0.044,673421.383951
1750546,IT,CN,MACHI,FINAN,3.04,545405.947,6,6,545403.902,0.0,1.0,1.0,0.045,179409.850987
1717421,IT,NL,INSUR,CONST,11.24,545399.542,6,6,545397.517,0.0,1.0,1.0,0.025,48523.090925
1761759,IT,IN,MACHI,NONME,3.04,545368.798,6,6,545366.753,0.0,1.0,1.0,0.045,179397.630921
1726034,IT,RO,CHEM1,INTER,1.14,545338.167,5,5,545337.107,0.0,0.0,1.0,0.06,478366.813158
1727102,IT,RO,LANDT,BEVER,3.52,545201.68,5,5,545200.654,0.0,0.0,1.0,0.026,154886.840909
1727841,IT,RO,BUSIN,SUPPO,5.6,545171.064,6,6,545169.026,0.0,1.0,1.0,0.038,97351.975714
1666244,IT,ES,HEAVY,OFFIC,0.88,545141.837,5,5,545140.793,0.0,0.0,1.0,0.044,619479.360227
1764168,IT,MX,MACHI,VEGET,3.04,545103.398,6,6,545101.353,0.0,1.0,1.0,0.045,179310.328289
1809037,IT,WM,VEGET,WHOLE,1.93,545068.38,5,5,545066.359,0.0,2.0,0.0,0.021,282418.849741
1810638,IT,WM,COKEO,FURNI,0.07,545036.398,4,4,545036.395,0.0,0.0,0.0,0.003,7786234.257143
1722154,IT,PL,BUSIN,POSTT,5.6,544998.006,6,6,544995.968,0.0,1.0,1.0,0.038,97321.0725
1739517,IT,GB,LANDT,REALE,3.52,544959.277,5,5,544958.251,0.0,0.0,1.0,0.026,154817.97642
1788962,IT,WA,HEAVY,GLASS,0.88,544816.434,5,5,544815.39,0.0,0.0,1.0,0.044,619109.584091
1735963,IT,SK,MOTO1,SALEM,2.9,544692.299,6,6,544690.264,0.0,1.0,1.0,0.035,187824.93069
1743626,IT,US,HOTEL,ELEC1,3.95,544672.498,6,6,544670.457,0.0,1.0,1.0,0.041,137891.771646
1781018,IT,TW,BUSIN,HOTEL,5.59,544657.598,6,6,544655.56,0.0,1.0,1.0,0.038,97434.275134
1671091,IT,FI,RUBBE,BUSIN,1.8,544636.862,6,6,544634.813,0.0,1.0,1.0,0.049,302576.034444
1682163,IT,HR,TEXTI,EDUCA,3.23,544624.329,5,5,544623.257,0.0,1.0,0.0,0.072,168614.343344
1805945,IT,WF,LEAD1,INSUR,0.95,544430.712,6,6,544427.666,0.0,1.0,2.0,0.046,573084.96
1779701,IT,TR,RESEA,HEALT,2.95,544356.502,6,6,544354.464,0.0,1.0,1.0,0.038,184527.627797
1746179,IT,JP,PLAST,MOTO1,1.14,544328.418,5,5,544327.363,0.0,0.0,1.0,0.055,477481.068421
1725485,IT,RO,WEARI,WHOLE,4.1,544302.778,6,6,544300.675,0.0,1.0,1.0,0.103,132756.775122
1737624,IT,GB,PAPER,OFFIC,2.11,544283.841,6,6,544278.787,0.0,4.0,1.0,0.054,257954.427014
1653273,IT,CZ,RUBBE,WHOLE,1.8,544216.792,6,6,544214.743,0.0,1.0,1.0,0.049,302342.662222
1665711,IT,ES,PAPER,FISH5,2.11,544205.049,6,6,544199.995,0.0,4.0,1.0,0.054,257917.084834
1789653,IT,WA,RUBBE,GLASS,1.8,544196.151,6,6,544194.102,0.0,1.0,1.0,0.049,302331.195
1667327,IT,ES,ALUM1,RESEA,0.95,544030.216,5,5,544029.172,0.0,0.0,1.0,0.044,572663.385263
1785569,IT,ZA,GASDI,SUGAR,0.81,544003.107,5,5,544002.063,0.0,0.0,1.0,0.044,671608.774074
1809624,IT,WM,DAIRY,FOOD5,2.21,543812.881,6,6,543807.844,0.0,4.0,1.0,0.037,246069.176923
1723570,IT,PT,FABRI,BEVER,2.21,543748.071,6,6,543746.032,0.0,1.0,1.0,0.039,246039.851131
1650922,IT,BG,SEACO,COPP1,0.55,543694.219,4,4,543694.21,0.0,0.0,0.0,0.009,988534.943636
1780984,IT,TW,BUSIN,RUBBE,5.58,543669.475,6,6,543667.437,0.0,1.0,1.0,0.038,97431.805556
1812393,IT,WM,BASIC,MEMBE,0.63,543442.747,4,4,543442.713,0.0,0.0,0.0,0.034,862607.534921
1774084,IT,CH,WHOLE,TEXTI,4.69,543271.786,6,6,543269.755,0.0,1.0,1.0,0.031,115836.201706
1788058,IT,WA,TEXTI,SALEM,3.22,543268.149,5,5,543267.077,0.0,1.0,0.0,0.072,168716.81646
1756804,IT,KR,AIRTR,RECRE,0.59,543257.139,4,4,543257.122,0.0,0.0,0.0,0.017,920774.811864
1789995,IT,WA,NONME,GASDI,1.1,543239.931,5,5,543238.871,0.0,0.0,1.0,0.06,493854.482727
1741443,IT,US,MOTOR,CHEM1,0.81,543207.03,5,5,543205.986,0.0,0.0,1.0,0.044,670625.962963
1718852,IT,PL,PAPER,REALE,2.1,543197.54,6,6,543192.486,0.0,4.0,1.0,0.054,258665.495238
1732044,IT,SI,KEROS,RAILW,0.81,543102.834,5,5,543101.79,0.0,0.0,1.0,0.044,670497.325926
1685878,IT,HU,CHEM1,BRICK,1.13,543100.468,5,5,543099.409,0.0,0.0,1.0,0.059,480619.883186
1747229,IT,JP,SALEM,MOTO1,4.38,543053.857,6,6,543051.823,0.0,1.0,1.0,0.034,123984.898858
1676683,IT,FR,RAILW,PLAST,3.63,543045.91,5,5,543041.886,0.0,0.0,4.0,0.024,149599.424242
1810754,IT,WM,MOTOR,HEALT,0.81,543041.205,5,5,543040.161,0.0,0.0,1.0,0.044,670421.240741
1782434,IT,NO,MACHI,PROCE,3.03,542750.884,6,6,542748.839,0.0,1.0,1.0,0.045,179125.70429
1643282,IT,AT,HOTEL,PUBLI,3.93,542724.765,6,6,542722.724,0.0,1.0,1.0,0.041,138097.90458
1641098,IT,AT,PAPER,FABRI,2.1,542638.866,6,6,542633.812,0.0,4.0,1.0,0.054,258399.46
1729567,IT,SE,COPP1,CONST,1.37,542589.801,6,6,542586.773,0.0,1.0,2.0,0.028,396050.949635
1748877,IT,CN,WEARI,FOOD5,4.09,542563.224,6,6,542561.121,0.0,1.0,1.0,0.103,132656.044988
1724455,IT,PT,AIRTR,HEALT,0.59,542537.122,4,4,542537.105,0.0,0.0,0.0,0.017,919554.444068
1680372,IT,GR,ELEC2,LUBRI,0.13,542457.801,4,4,542457.744,0.0,0.0,0.0,0.057,4172752.315385
1683029,IT,HR,CHEM1,WHOLE,1.13,542347.42,5,5,542346.361,0.0,0.0,1.0,0.059,479953.469027
1760926,IT,IN,HEAVY,TEXTI,0.88,542341.021,5,5,542339.977,0.0,0.0,1.0,0.044,616296.614773
1758161,IT,BR,NONME,CERAM,1.1,542311.295,5,5,542310.235,0.0,0.0,1.0,0.06,493010.268182
1813194,IT,WM,MOTO1,REALE,2.89,542272.628,6,6,542270.593,0.0,1.0,1.0,0.035,187637.587543
1767480,IT,RU,SEACO,WOODW,0.55,542247.625,4,4,542247.616,0.0,0.0,0.0,0.009,985904.772727
1744778,IT,US,RESEA,RUBBE,2.94,542241.041,6,6,542239.003,0.0,1.0,1.0,0.038,184435.728231
1789597,IT,WA,RUBBE,FISHF,1.8,542077.545,6,6,542075.496,0.0,1.0,1.0,0.049,301154.191667
1657920,IT,DE,BASIC,GLASS,0.62,542041.533,4,4,542041.499,0.0,0.0,0.0,0.034,874260.537097
1661542,IT,DK,BEVER,FISHF,2.3,541860.575,6,6,541858.54,0.0,1.0,1.0,0.035,235591.554348
1643358,IT,AT,RAILW,WHOLE,3.63,541842.931,5,5,541838.907,0.0,0.0,4.0,0.024,149268.025069
1668736,IT,ES,LANDT,CEMEN,3.5,541824.206,5,5,541823.18,0.0,0.0,1.0,0.026,154806.916
1777846,IT,TR,FABRI,WHOLE,2.2,541806.197,6,6,541804.158,0.0,1.0,1.0,0.039,246275.544091
1749782,IT,CN,ADDIT,MOTO1,1.25,541769.308,6,6,541764.266,0.0,4.0,1.0,0.042,433415.4464
1710650,IT,LU,MEAT4,RETA1,2.98,541635.376,6,6,541632.339,0.0,2.0,1.0,0.037,181756.837584
1665785,IT,ES,PAPER,COMPU,2.1,541498.053,6,6,541493.0,0.0,4.0,1.0,0.053,257856.215714
1686256,IT,HU,CERAM,MACHI,0.84,541479.696,5,5,541476.667,0.0,0.0,3.0,0.029,644618.685714
1812702,IT,WM,COPP1,RESEA,1.37,541410.602,6,6,541407.574,0.0,1.0,2.0,0.028,395190.220438
1644611,IT,BE,FOOD5,CHEM1,2.6,541399.166,6,6,541395.118,0.0,3.0,1.0,0.048,208230.448462
1667790,IT,ES,OFFIC,CEMEN,1.68,541330.762,6,6,541328.723,0.0,1.0,1.0,0.039,322220.691667
1671348,IT,FI,COPP1,BASIC,1.37,541239.212,6,6,541236.184,0.0,1.0,2.0,0.028,395065.118248
1766833,IT,RU,MACHI,AIRTR,3.02,541097.318,6,6,541095.274,0.0,1.0,1.0,0.044,179171.297351
1727178,IT,RO,TRAN2,CRUDE,0.84,541090.142,4,4,541090.127,0.0,0.0,0.0,0.015,644154.930952
1642575,IT,AT,FABRI,VEGET,2.2,541042.482,6,6,541040.443,0.0,1.0,1.0,0.039,245928.400909
1762260,IT,IN,AIRTR,CHEM1,0.59,541024.851,4,4,541024.834,0.0,0.0,0.0,0.017,916991.272881
1750186,IT,CN,ALUM1,OFFIC,0.94,540988.719,5,5,540987.676,0.0,0.0,1.0,0.043,575519.91383
1804336,IT,WF,MOTOR,DIST1,0.81,540978.953,5,5,540977.909,0.0,0.0,1.0,0.044,667875.250617
1795906,IT,WL,OFFIC,PUBLI,1.68,540902.889,6,6,540900.85,0.0,1.0,1.0,0.039,321966.005357
1799181,IT,WE,WEARI,AIRTR,4.08,540831.383,6,6,540829.28,0.0,1.0,1.0,0.103,132556.71152
1802946,IT,WF,WHEAT,NATUR,0.41,540821.26,5,5,540817.247,0.0,4.0,0.0,0.013,1319076.243902
1676797,IT,FR,LANDT,CHEM1,3.49,540810.757,5,5,540809.731,0.0,0.0,1.0,0.026,154960.102292
1776808,IT,TR,NAPHT,MACHI,0.92,540790.182,5,5,540789.143,0.0,0.0,1.0,0.039,587815.415217
1742685,IT,US,NONF1,RADIO,0.12,540765.622,4,4,540765.619,0.0,0.0,0.0,0.003,4506380.183333
1659598,IT,DE,HOTEL,CHEM1,3.92,540702.321,6,6,540700.28,0.0,1.0,1.0,0.041,137934.265561
1731938,IT,SI,MOTOR,CONST,0.81,540669.081,5,5,540668.037,0.0,0.0,1.0,0.044,667492.692593
1745845,IT,JP,LEATH,PLAST,3.87,540638.964,6,6,540633.87,0.0,4.0,1.0,0.094,139699.990698
1811578,IT,WM,CHEM1,CROPS,1.13,540629.117,5,5,540628.058,0.0,0.0,1.0,0.059,478432.846903
1778904,IT,TR,SEACO,MOTOR,0.55,540593.696,4,4,540593.687,0.0,0.0,0.0,0.009,982897.629091
1647451,IT,BE,AIRTR,COMPU,0.59,540585.705,4,4,540585.688,0.0,0.0,0.0,0.017,916246.957627
1782062,IT,NO,GLASS,WOODW,1.48,540578.387,5,5,540576.356,0.0,0.0,2.0,0.031,365255.666892
1749129,IT,CN,WOODW,STEAM,1.51,540550.954,6,6,540546.917,0.0,3.0,1.0,0.037,357980.764238
1723608,IT,PT,FABRI,FURNI,2.2,540543.557,6,6,540541.518,0.0,1.0,1.0,0.039,245701.616818
1749971,IT,CN,CERAM,WHOLE,0.84,540513.598,5,5,540510.569,0.0,0.0,3.0,0.029,643468.569048
1757847,IT,BR,CHEM1,MEATC,1.13,540512.877,5,5,540511.818,0.0,0.0,1.0,0.059,478329.979646
1717122,IT,NL,SEACO,SUPPO,0.55,540506.017,4,4,540506.008,0.0,0.0,0.0,0.009,982738.212727
1743118,IT,US,MOTO1,CEMEN,2.88,540501.926,6,6,540499.891,0.0,1.0,1.0,0.035,187674.279861
1800684,IT,WE,CERAM,93197,0.84,540482.158,5,5,540479.129,0.0,0.0,3.0,0.029,643431.140476
1734596,IT,SK,BEVER,LANDT,2.3,540464.963,6,6,540462.928,0.0,1.0,1.0,0.035,234984.766522
1648454,IT,BG,VEGET,VEGET,1.91,540387.257,5,5,540385.236,0.0,2.0,0.0,0.021,282925.265445
1804791,IT,WF,NAPHT,CHARC,0.92,540380.562,5,5,540379.523,0.0,0.0,1.0,0.039,587370.176087
1712061,IT,LV,BEVER,FOOD5,2.3,540263.744,6,6,540261.709,0.0,1.0,1.0,0.035,234897.28
1800590,IT,WE,GLASS,FOOD5,1.48,540252.841,5,5,540250.81,0.0,0.0,2.0,0.031,365035.703378
1732020,IT,SI,KEROS,FABRI,0.8,540247.031,5,5,540245.987,0.0,0.0,1.0,0.044,675308.78875
1647424,IT,BE,AIRTR,OFFIC,0.59,540105.818,4,4,540105.801,0.0,0.0,0.0,0.017,915433.589831
1748093,IT,JP,BUSIN,REALE,5.55,540037.853,6,6,540035.816,0.0,1.0,1.0,0.037,97304.117658
1665780,IT,ES,PAPER,FINAN,2.09,539943.953,6,6,539938.9,0.0,4.0,1.0,0.053,258346.388995
1805124,IT,WF,PFERT,POULT,0.24,539868.523,4,4,539868.437,0.0,0.0,0.0,0.086,2249452.179167
1787995,IT,WA,TEXTI,VEGE1,3.2,539819.767,5,5,539818.695,0.0,1.0,0.0,0.072,168693.677188
1804598,IT,WF,HEAVY,PAPER,0.87,539794.303,5,5,539793.26,0.0,0.0,1.0,0.043,620453.221839
1741599,IT,US,GASDI,SUPPO,0.8,539755.843,5,5,539754.799,0.0,0.0,1.0,0.044,674694.80375
1729062,IT,SE,RUBBE,OFFIC,1.79,539739.435,6,6,539737.386,0.0,1.0,1.0,0.049,301530.410615
1757959,IT,BR,ADDIT,WHOLE,1.25,539704.532,6,6,539699.49,0.0,4.0,1.0,0.042,431763.6256
1755042,IT,KR,WEARI,TRANS,4.07,539608.308,6,6,539606.205,0.0,1.0,1.0,0.103,132581.893857
1650290,IT,BG,ELEC1,HOTEL,0.08,539583.706,4,4,539583.672,0.0,0.0,0.0,0.034,6744796.325
1716888,IT,NL,HOTEL,RETA1,3.91,539463.091,6,6,539461.05,0.0,1.0,1.0,0.041,137970.1
1745280,IT,JP,MEATP,PUBLI,2.19,539419.663,6,6,539416.605,0.0,2.0,1.0,0.058,246310.348402
1657391,IT,DE,RUBBE,MEATC,1.79,539330.853,6,6,539328.804,0.0,1.0,1.0,0.049,301302.152514
1670571,IT,FI,TEXTI,CONST,3.2,539314.244,5,5,539313.172,0.0,1.0,0.0,0.072,168535.70125
1738006,IT,GB,ADDIT,GASDI,1.25,539275.937,6,6,539270.895,0.0,4.0,1.0,0.042,431420.7496
1675849,IT,FR,ELEC1,HOTEL,0.08,539269.162,4,4,539269.128,0.0,0.0,0.0,0.034,6740864.525
1767521,IT,RU,AIRTR,CRUDE,0.59,539244.657,4,4,539244.64,0.0,0.0,0.0,0.017,913973.994915
1744023,IT,US,AIRTR,ELEC3,0.59,539236.575,4,4,539236.558,0.0,0.0,0.0,0.017,913960.29661
1790730,IT,WA,MACHI,OILSE,3.01,539164.343,6,6,539162.299,0.0,1.0,1.0,0.044,179124.366445
1747596,IT,JP,AIRTR,ELEC8,0.59,539147.145,4,4,539147.128,0.0,0.0,0.0,0.017,913808.720339
1773796,IT,CH,ELEC2,BUSIN,0.13,539016.479,4,4,539016.423,0.0,0.0,0.0,0.056,4146280.607692
1764454,IT,MX,FURNI,MOTO1,1.72,538959.538,6,6,538956.492,0.0,2.0,1.0,0.046,313348.568605
1671638,IT,FI,FURNI,HEALT,1.72,538852.144,6,6,538849.098,0.0,2.0,1.0,0.046,313286.130233
1734626,IT,SK,TEXTI,RUBBE,3.19,538827.885,5,5,538826.813,0.0,1.0,0.0,0.072,168911.562696
1742095,IT,US,RUBBE,BASIC,1.78,538632.871,6,6,538630.822,0.0,1.0,1.0,0.049,302602.736517
1777116,IT,TR,CHEM1,RECRE,1.13,538565.253,5,5,538564.194,0.0,0.0,1.0,0.059,476606.418584
1795784,IT,WL,MACHI,CHEM1,3.0,538549.623,6,6,538547.579,0.0,1.0,1.0,0.044,179516.541
1666796,IT,ES,RUBBE,POSTT,1.78,538543.012,6,6,538540.963,0.0,1.0,1.0,0.049,302552.253933
1812981,IT,WM,MACHI,COPP1,3.0,538536.128,6,6,538534.084,0.0,1.0,1.0,0.044,179512.042667
1813069,IT,WM,OFFIC,WHOLE,1.67,538478.103,6,6,538476.064,0.0,1.0,1.0,0.039,322441.977844
1804510,IT,WF,GASDI,FOUND,0.8,538445.445,5,5,538444.401,0.0,0.0,1.0,0.044,673056.80625
1658362,IT,DE,NONF1,RETA1,0.12,538314.705,4,4,538314.702,0.0,0.0,0.0,0.003,4485955.875
1644038,IT,AT,BUSIN,PLAST,5.53,538204.684,6,6,538202.647,0.0,1.0,1.0,0.037,97324.535986
1814131,IT,WM,AIRTR,DISTR,0.59,538101.42,4,4,538101.403,0.0,0.0,0.0,0.017,912036.305085
1641792,IT,AT,CHEM1,BASIC,1.12,538081.772,5,5,538080.713,0.0,0.0,1.0,0.059,480430.153571
1802800,IT,WE,BUSIN,BUSIN,5.53,538018.812,6,6,538016.775,0.0,1.0,1.0,0.037,97290.924412
1674857,IT,FR,NONME,NONME,1.09,538008.308,5,5,538007.249,0.0,0.0,1.0,0.059,493585.60367
1810781,IT,WM,KEROS,FORES,0.8,537990.284,5,5,537989.24,0.0,0.0,1.0,0.044,672487.855
1675862,IT,FR,ELEC1,HEALT,0.08,537976.004,4,4,537975.97,0.0,0.0,0.0,0.034,6724700.05
1679455,IT,GR,CHEM1,MOTOR,1.12,537791.095,5,5,537790.036,0.0,0.0,1.0,0.059,480170.620536
1769981,IT,AU,TRANS,SUPPO,3.21,537756.854,6,6,537754.825,0.0,1.0,1.0,0.029,167525.499688
1803836,IT,WF,TEXTI,MOTO1,3.18,537434.355,5,5,537433.284,0.0,1.0,0.0,0.071,169004.514151
1756025,IT,KR,NONF1,ELECT,0.12,537394.651,4,4,537394.648,0.0,0.0,0.0,0.003,4478288.758333
1755610,IT,KR,ADDIT,KEROS,1.24,537367.162,6,6,537362.12,0.0,4.0,1.0,0.042,433360.614516
1677809,IT,FR,COMPU,BUSIN,6.14,537344.983,6,6,537342.949,0.0,1.0,1.0,0.034,87515.469544
1664065,IT,EE,CHEM1,PLAST,1.12,537295.421,5,5,537294.362,0.0,0.0,1.0,0.059,479728.054464
1803774,IT,WF,TEXTI,CRUDE,3.18,537207.383,5,5,537206.312,0.0,1.0,0.0,0.071,168933.139308
1795505,IT,WL,ALUM1,PRINT,0.93,537186.511,5,5,537185.468,0.0,0.0,1.0,0.043,577619.904301
1770238,IT,AU,HOTEL,WEARI,3.89,537125.226,6,6,537123.186,0.0,1.0,1.0,0.04,138078.464267
1642163,IT,AT,CERAM,DIST1,0.84,537096.057,5,5,537093.028,0.0,0.0,3.0,0.029,639400.067857
1643271,IT,AT,HOTEL,AIRTR,3.89,537006.106,6,6,537004.066,0.0,1.0,1.0,0.04,138047.842159
1746668,IT,JP,NONF1,RADIO,0.12,536986.211,4,4,536986.208,0.0,0.0,0.0,0.003,4474885.091667
1668973,IT,ES,AIRTR,CONST,0.58,536756.398,4,4,536756.381,0.0,0.0,0.0,0.017,925442.065517
1738196,IT,GB,CERAM,MOTO1,0.84,536754.925,5,5,536751.896,0.0,0.0,3.0,0.029,638993.958333
1804175,IT,WF,PAPER,FINAN,2.08,536740.397,6,6,536735.344,0.0,4.0,1.0,0.053,258048.267788
1719775,IT,PL,BASIC,FOOD5,0.62,536702.35,4,4,536702.316,0.0,0.0,0.0,0.034,865648.951613
1750502,IT,CN,MACHI,LEAD1,2.99,536626.947,6,6,536624.903,0.0,1.0,1.0,0.044,179473.895318
1785441,IT,ZA,PAPER,COMPU,2.08,536600.735,6,6,536595.682,0.0,4.0,1.0,0.053,257981.122596
1658127,IT,DE,ALUM1,ADDIT,0.93,536493.169,5,5,536492.126,0.0,0.0,1.0,0.043,576874.375269
1645761,IT,BE,RUBBE,BASIC,1.78,536278.481,6,6,536276.432,0.0,1.0,1.0,0.049,301280.045506
1742699,IT,US,NONF1,BUSIN,0.12,536248.252,4,4,536248.249,0.0,0.0,0.0,0.003,4468735.433333
1798691,IT,WE,DAIRY,CRUDE,2.18,536187.749,5,5,536183.713,0.0,4.0,0.0,0.036,245957.683028
1742833,IT,US,FABRI,RECRE,2.18,536171.995,6,6,536169.957,0.0,1.0,1.0,0.038,245950.456422
1813186,IT,WM,MOTO1,SEACO,2.85,536151.13,6,6,536149.095,0.0,1.0,1.0,0.035,188123.203509
1675143,IT,FR,COPP1,TRANS,1.35,536074.935,6,6,536071.907,0.0,1.0,2.0,0.028,397092.544444
1642867,IT,AT,MOTO1,TRANS,2.85,535999.786,6,6,535997.751,0.0,1.0,1.0,0.035,188070.100351
1801336,IT,WE,MACHI,CERAM,2.99,535995.221,6,6,535993.177,0.0,1.0,1.0,0.044,179262.615719
1714116,IT,MT,SEACO,POSTT,0.55,535919.549,4,4,535919.54,0.0,0.0,0.0,0.009,974399.18
1799015,IT,WE,TEXTI,PAPER,3.18,535885.095,5,5,535884.024,0.0,1.0,0.0,0.071,168517.325472
1668815,IT,ES,TRAN2,PADDY,0.83,535861.789,4,4,535861.774,0.0,0.0,0.0,0.015,645616.613253
1794774,IT,WL,PLAST,DAIRY,1.12,535805.805,5,5,535804.75,0.0,0.0,1.0,0.055,478398.040179
1803306,IT,WF,FISHF,HEALT,0.92,535732.651,4,4,535732.632,0.0,0.0,0.0,0.019,582318.098913
1675616,IT,FR,MOTO1,AIRTR,2.85,535655.774,6,6,535653.739,0.0,1.0,1.0,0.035,187949.394386
1674877,IT,FR,NONME,WHOLE,1.08,535608.402,5,5,535607.343,0.0,0.0,1.0,0.059,495933.705556
1740243,IT,GB,BUSIN,ELEC3,5.5,535554.862,6,6,535552.825,0.0,1.0,1.0,0.037,97373.611273
1715971,IT,NL,CERAM,ELECT,0.83,535430.916,5,5,535427.887,0.0,0.0,3.0,0.029,645097.489157
1658556,IT,DE,MACHI,PULP5,2.99,535291.715,6,6,535289.671,0.0,1.0,1.0,0.044,179027.329431
1811575,IT,WM,CHEM1,OILSE,1.12,535198.95,5,5,535197.892,0.0,0.0,1.0,0.058,477856.205357
1789527,IT,WA,ADDIT,SALEM,1.24,535188.647,6,6,535183.605,0.0,4.0,1.0,0.042,431603.747581
1791931,IT,WA,SEACO,MEATC,0.54,534891.215,4,4,534891.206,0.0,0.0,0.0,0.009,990539.287037
1790421,IT,WA,LEAD1,OFFIC,0.93,534812.476,6,6,534809.431,0.0,1.0,2.0,0.045,575067.178495
1813715,IT,WM,HOTEL,CRUDE,3.88,534765.558,6,6,534763.518,0.0,1.0,1.0,0.04,137826.174742
1673612,IT,FR,WOODW,MACHI,1.5,534723.966,6,6,534719.93,0.0,3.0,1.0,0.036,356482.644
1795632,IT,WL,FABRI,FISH5,2.18,534594.52,6,6,534592.482,0.0,1.0,1.0,0.038,245226.844037
1749553,IT,CN,PLAST,GLASS,1.12,534585.567,5,5,534584.513,0.0,0.0,1.0,0.054,477308.541964
1641358,IT,AT,KEROS,FURNI,0.79,534555.451,5,5,534554.407,0.0,0.0,1.0,0.044,676652.46962
1649430,IT,BG,CHEM1,LEAD1,1.12,534452.493,5,5,534451.435,0.0,0.0,1.0,0.058,477189.725893
1786411,IT,ZA,MACHI,SUPPO,2.98,534442.078,6,6,534440.034,0.0,1.0,1.0,0.044,179342.979195
1726290,IT,RO,BASIC,ELEC1,0.62,534425.705,4,4,534425.671,0.0,0.0,0.0,0.034,861976.943548
1812367,IT,WM,BASIC,RETAI,0.62,534398.122,4,4,534398.088,0.0,0.0,0.0,0.034,861932.454839
1810710,IT,WM,MOTOR,LEAD1,0.8,534360.744,4,4,534360.7,0.0,0.0,0.0,0.044,667950.93
1742342,IT,US,NONME,NATUR,1.08,534193.695,5,5,534192.636,0.0,0.0,1.0,0.059,494623.791667
1685770,IT,HU,PLAST,PLAST,1.12,533987.703,5,5,533986.649,0.0,0.0,1.0,0.054,476774.734821
1805349,IT,WF,RUBBE,BEVER,1.77,533879.57,6,6,533877.522,0.0,1.0,1.0,0.048,301626.875706
1765314,IT,RU,FOOD5,CATTL,2.56,533839.601,6,6,533836.553,0.0,2.0,1.0,0.048,208531.094141
1742693,IT,US,NONF1,CONST,0.12,533832.798,4,4,533832.795,0.0,0.0,0.0,0.003,4448606.65
1741066,IT,US,TEXTI,TRANS,3.16,533830.945,5,5,533829.874,0.0,1.0,0.0,0.071,168933.843354
1775333,IT,CH,BUSIN,EDUCA,5.48,533826.684,6,6,533824.647,0.0,1.0,1.0,0.037,97413.628467
1676771,IT,FR,LANDT,WEARI,3.44,533798.69,5,5,533797.665,0.0,0.0,1.0,0.025,155174.037791
1799301,IT,WE,LEATH,EDUCA,3.82,533761.142,6,6,533756.05,0.0,4.0,1.0,0.092,139728.047644
1800522,IT,WE,RUBBE,BASIC,1.77,533707.204,6,6,533705.156,0.0,1.0,1.0,0.048,301529.493785
1776928,IT,TR,PLAST,RADIO,1.12,533677.92,5,5,533676.866,0.0,0.0,1.0,0.054,476498.142857
1735309,IT,SK,GLASS,BUSIN,1.46,533670.019,5,5,533667.988,0.0,0.0,2.0,0.031,365527.410274
1788833,IT,WA,GASDI,PIGS9,0.79,533518.216,4,4,533518.173,0.0,0.0,0.0,0.043,675339.513924
1742970,IT,US,MACHI,FOODW,2.98,533469.016,6,6,533466.972,0.0,1.0,1.0,0.044,179016.448322
1796024,IT,WL,MOTO1,EDUCA,2.84,533441.708,6,6,533439.673,0.0,1.0,1.0,0.035,187831.587324
1801301,IT,WE,MACHI,SUGA1,2.98,533378.401,6,6,533376.357,0.0,1.0,1.0,0.044,178986.040604
1767571,IT,RU,AIRTR,PUBLI,0.58,533347.927,4,4,533347.91,0.0,0.0,0.0,0.017,919565.391379
1640191,IT,AT,OILSE,CHEM1,0.39,533307.921,5,5,533303.896,0.0,4.0,0.0,0.025,1367456.207692
1790155,IT,WA,BASIC,RAILW,0.61,533214.046,4,4,533214.012,0.0,0.0,0.0,0.034,874121.386885
1678667,IT,GR,MEAT4,FOOD5,2.94,533173.797,6,6,533170.761,0.0,2.0,1.0,0.036,181351.631633
1788043,IT,WA,TEXTI,OFFIC,3.16,533172.742,5,5,533171.671,0.0,1.0,0.0,0.071,168725.551266
1778479,IT,TR,WHOLE,HEALT,4.61,533128.181,6,6,533126.15,0.0,1.0,1.0,0.031,115646.026247
1791127,IT,WA,TRANS,INLAN,3.18,533124.586,6,6,533122.557,0.0,1.0,1.0,0.029,167649.240881
1800291,IT,WE,PLAST,INSUR,1.12,533106.707,5,5,533105.653,0.0,0.0,1.0,0.054,475988.13125
1763612,IT,MX,CHEM1,93197,1.11,533081.947,5,5,533080.889,0.0,0.0,1.0,0.058,480254.006306
1803027,IT,WF,WHEAT,RECRE,0.4,533081.851,5,5,533077.838,0.0,4.0,0.0,0.013,1332704.6275
1776835,IT,TR,BITU1,HYDRO,0.84,532986.702,5,5,532985.66,0.0,0.0,1.0,0.042,634507.978571
1715917,IT,NL,GLASS,WOODW,1.46,532904.359,5,5,532902.328,0.0,0.0,2.0,0.031,365002.985616
1810034,IT,WM,TEXTI,LEATH,3.16,532895.693,5,5,532894.622,0.0,1.0,0.0,0.071,168637.877532
1759097,IT,BR,AIRTR,TOBAC,0.58,532879.344,4,4,532879.327,0.0,0.0,0.0,0.017,918757.489655
1795746,IT,WL,MACHI,MEATC,2.97,532812.098,6,6,532810.054,0.0,1.0,1.0,0.044,179398.012795
1723508,IT,PT,COPP1,RUBBE,1.35,532810.932,6,6,532807.904,0.0,1.0,2.0,0.028,394674.764444
1745465,IT,JP,FOOD5,RAWMI,2.56,532660.987,6,6,532657.939,0.0,2.0,1.0,0.048,208070.698047
1796882,IT,WL,SEACO,RETA1,0.54,532439.054,4,4,532439.045,0.0,0.0,0.0,0.009,985998.248148
1805033,IT,WF,PLAST,NONF1,1.12,532409.041,5,5,532407.987,0.0,0.0,1.0,0.054,475365.215179
1803397,IT,WF,CHEMI,INSUR,1.27,532370.34,6,6,532342.29,0.0,2.0,26.0,0.05,419189.244094
1796989,IT,WL,AIRTR,ELEC2,0.58,532330.021,4,4,532330.004,0.0,0.0,0.0,0.017,917810.381034
1674368,IT,FR,CHEM1,COPP1,1.11,532231.569,5,5,532230.511,0.0,0.0,1.0,0.058,479487.9
1753125,IT,CA,RUBBE,MACHI,1.76,532181.507,6,6,532179.459,0.0,1.0,1.0,0.048,302375.85625
1775302,IT,CH,BUSIN,SECO9,5.47,532151.441,6,6,532149.404,0.0,1.0,1.0,0.037,97285.455393
1682414,IT,HR,PAPER,PAPER,2.06,532141.653,6,6,532136.601,0.0,4.0,1.0,0.052,258321.190777
1726967,IT,RO,HOTEL,CEMEN,3.86,532080.65,6,6,532078.61,0.0,1.0,1.0,0.04,137844.727979
1777590,IT,TR,ALUM1,WOODW,0.92,532068.325,5,5,532067.282,0.0,0.0,1.0,0.043,578335.13587
1641686,IT,AT,PLAST,WOODW,1.12,531996.712,5,5,531995.658,0.0,0.0,1.0,0.054,474997.064286
1759125,IT,BR,AIRTR,RUBBE,0.58,531814.99,4,4,531814.973,0.0,0.0,0.0,0.017,916922.396552
1686449,IT,HU,BASIC,RENTI,0.61,531776.046,4,4,531776.012,0.0,0.0,0.0,0.034,871764.009836
1784628,IT,ID,MACHI,LANDT,2.97,531735.944,6,6,531733.9,0.0,1.0,1.0,0.044,179035.67138
1673465,IT,FR,WEARI,HEALT,4.01,531658.584,6,6,531656.483,0.0,1.0,1.0,0.101,132583.18803
1658373,IT,DE,FABRI,VEGET,2.16,531522.757,6,6,531520.719,0.0,1.0,1.0,0.038,246075.350463
1727158,IT,RO,LANDT,COMPU,3.43,531521.623,5,5,531520.598,0.0,0.0,1.0,0.025,154962.572303
1794061,IT,WL,PAPER,MEATP,2.06,531500.775,6,6,531495.723,0.0,4.0,1.0,0.052,258010.084951
1769155,IT,AU,CHEM1,CHEM1,1.11,531388.966,5,5,531387.908,0.0,0.0,1.0,0.058,478728.798198
1765872,IT,RU,NONSP,CHEM1,0.7,531311.206,5,5,531310.177,0.0,0.0,1.0,0.029,759016.008571
1747094,IT,JP,FURNI,RETA1,1.7,531303.409,6,6,531300.363,0.0,2.0,1.0,0.046,312531.417059
1740987,IT,US,BEVER,RETA1,2.26,531263.03,6,6,531260.996,0.0,1.0,1.0,0.034,235072.137168
1785445,IT,ZA,PAPER,EDUCA,2.06,531259.404,6,6,531254.352,0.0,4.0,1.0,0.052,257892.914563
1788213,IT,WA,LEATH,MEATA,3.8,531179.772,6,6,531174.68,0.0,4.0,1.0,0.092,139784.150526
1781190,IT,NO,VEGET,DAIRY,1.88,531105.555,5,5,531103.534,0.0,2.0,0.0,0.021,282502.954787
1789854,IT,WA,CERAM,NONF1,0.83,531030.819,5,5,531027.79,0.0,0.0,3.0,0.029,639796.16747
1777233,IT,TR,RUBBE,GLASS,1.76,530920.305,6,6,530918.257,0.0,1.0,1.0,0.048,301659.264205
1765376,IT,RU,BEVER,RETA1,2.26,530919.237,6,6,530917.203,0.0,1.0,1.0,0.034,234920.016372
1641100,IT,AT,PAPER,OFFIC,2.06,530843.279,6,6,530838.227,0.0,4.0,1.0,0.052,257690.912136
1806056,IT,WF,COPP1,93197,1.34,530801.746,6,6,530798.719,0.0,1.0,2.0,0.027,396120.70597
1647897,IT,BE,REALE,CHEM1,22.42,530548.603,6,6,530546.568,0.0,1.0,1.0,0.035,23664.076851
1796227,IT,WL,FURNI,LANDT,1.69,530512.16,6,6,530509.114,0.0,2.0,1.0,0.046,313912.52071
1676744,IT,FR,LANDT,VEGET,3.42,530423.823,5,5,530422.798,0.0,0.0,1.0,0.025,155094.685088
1733629,IT,SI,HOTEL,FABRI,3.84,530378.848,6,6,530376.808,0.0,1.0,1.0,0.04,138119.491667
1659016,IT,DE,ELEC2,FABRI,0.13,530189.112,4,4,530189.057,0.0,0.0,0.0,0.055,4078377.784615
1766732,IT,RU,MACHI,FISHF,2.96,530142.946,6,6,530140.902,0.0,1.0,1.0,0.044,179102.346622
1766006,IT,RU,CHEM1,NONME,1.11,530066.533,5,5,530065.475,0.0,0.0,1.0,0.058,477537.417117
1725333,IT,RO,FISH5,GASDI,2.23,529964.927,6,6,529961.654,0.0,2.0,1.0,0.273,237652.433632
1809439,IT,WM,CHEMI,ELEC2,1.26,529930.202,6,6,529902.152,0.0,2.0,26.0,0.05,420579.525397
1805003,IT,WF,PLAST,TEXTI,1.11,529883.212,5,5,529882.158,0.0,0.0,1.0,0.054,477372.263063
1673379,IT,FR,TEXTI,RECRE,3.14,529879.347,5,5,529878.277,0.0,1.0,0.0,0.07,168751.384395
1687117,IT,HU,TRANS,TRANS,3.16,529798.943,6,6,529796.914,0.0,1.0,1.0,0.029,167657.893354
1679923,IT,GR,FABRI,DAIRY,2.16,529717.572,6,6,529715.534,0.0,1.0,1.0,0.038,245239.616667
1809290,IT,WM,STONE,CRUDE,1.71,529614.277,5,5,529584.253,0.0,0.0,30.0,0.024,309715.951462
1791701,IT,WA,HOTEL,HEALT,3.84,529557.989,6,6,529555.949,0.0,1.0,1.0,0.04,137905.726302
1797549,IT,WL,BUSIN,HEALT,5.44,529535.814,6,6,529533.777,0.0,1.0,1.0,0.037,97341.142279
1799923,IT,WE,HEAVY,MEATA,0.86,529471.174,5,5,529470.131,0.0,0.0,1.0,0.043,615664.155814
1805598,IT,WF,CEMEN,EDUCA,0.85,529430.768,5,5,529427.744,0.0,0.0,3.0,0.024,622859.727059
1777782,IT,TR,FABRI,MEAT1,2.15,529384.144,6,6,529382.106,0.0,1.0,1.0,0.038,246225.183256
1641791,IT,AT,CHEM1,NONME,1.11,529256.985,5,5,529255.927,0.0,0.0,1.0,0.058,476808.094595
1780373,IT,TW,AIRTR,ELEC2,0.58,529176.635,4,4,529176.618,0.0,0.0,0.0,0.017,912373.508621
1750537,IT,CN,MACHI,HOTEL,2.95,529149.088,6,6,529147.045,0.0,1.0,1.0,0.043,179372.572203
1714803,IT,NL,FOOD5,MEATC,2.54,529067.886,6,6,529064.839,0.0,2.0,1.0,0.047,208294.443307
1789235,IT,WA,PLAST,DISTR,1.11,529058.218,5,5,529057.164,0.0,0.0,1.0,0.054,476629.025225
1769201,IT,AU,CHEM1,RESEA,1.11,529052.385,5,5,529051.327,0.0,0.0,1.0,0.058,476623.77027
1801392,IT,WE,MACHI,RECRE,2.95,529049.582,6,6,529047.539,0.0,1.0,1.0,0.043,179338.841356
1719149,IT,PL,PLAST,CHEM1,1.11,528990.606,5,5,528989.552,0.0,0.0,1.0,0.054,476568.113514
1740235,IT,GB,BUSIN,OFFIC,5.43,528923.575,6,6,528921.539,0.0,1.0,1.0,0.036,97407.656538
1675461,IT,FR,MACHI,MEMBE,2.95,528907.812,6,6,528905.769,0.0,1.0,1.0,0.043,179290.783729
1641623,IT,AT,BITU1,KEROS,0.83,528880.372,5,5,528879.33,0.0,0.0,1.0,0.042,637205.26747
1781453,IT,NO,BEVER,BEVER,2.25,528855.024,6,6,528852.99,0.0,1.0,1.0,0.034,235046.677333
1686070,IT,HU,RUBBE,LEATH,1.75,528732.768,6,6,528730.72,0.0,1.0,1.0,0.048,302133.010286
1773726,IT,CH,FURNI,MEMBE,1.69,528707.392,6,6,528704.347,0.0,2.0,1.0,0.045,312844.610651
1800099,IT,WE,NAPHT,KEROS,0.9,528681.766,5,5,528680.728,0.0,0.0,1.0,0.038,587424.184444
1723021,IT,PT,PLAST,PREC1,1.11,528598.529,5,5,528597.475,0.0,0.0,1.0,0.054,476214.890991
1749535,IT,CN,NONSP,CONST,0.69,528595.394,5,5,528594.366,0.0,0.0,1.0,0.028,766080.281159
1788765,IT,WA,MOTOR,EDUCA,0.79,528450.554,4,4,528450.511,0.0,0.0,0.0,0.043,668924.751899
1648274,IT,BE,BUSIN,RECRE,5.43,528393.427,6,6,528391.391,0.0,1.0,1.0,0.036,97310.023389
1753570,IT,CA,MACHI,COPP1,2.95,528362.021,6,6,528359.978,0.0,1.0,1.0,0.043,179105.769831
1679508,IT,GR,CHEM1,SUPPO,1.1,528255.459,5,5,528254.401,0.0,0.0,1.0,0.058,480232.235455
1640761,IT,AT,TEXTI,DIST1,3.13,528183.435,5,5,528182.365,0.0,1.0,0.0,0.07,168748.701278
1646470,IT,BE,MACHI,RUBBE,2.95,528055.228,6,6,528053.185,0.0,1.0,1.0,0.043,179001.772203
1657375,IT,DE,RUBBE,PIGS9,1.75,528055.034,6,6,528052.986,0.0,1.0,1.0,0.048,301745.733714
1669790,IT,ES,BUSIN,MACHI,5.42,528042.409,6,6,528040.373,0.0,1.0,1.0,0.036,97424.798708
1651486,IT,CY,HEAVY,CEMEN,0.85,528004.569,5,5,528003.527,0.0,0.0,1.0,0.042,621181.845882
1746662,IT,JP,NONF1,COPP1,0.12,527967.749,4,4,527967.746,0.0,0.0,0.0,0.003,4399731.241667
1804569,IT,WF,HEAVY,NATU1,0.85,527862.004,5,5,527860.962,0.0,0.0,1.0,0.042,621014.122353
1786820,IT,ZA,HOTEL,WHOLE,3.83,527839.295,6,6,527837.255,0.0,1.0,1.0,0.04,137817.048303
1774114,IT,CH,WHOLE,MACHI,4.56,527782.531,6,6,527780.5,0.0,1.0,1.0,0.031,115741.783114
1686440,IT,HU,BASIC,RETA1,0.61,527737.159,4,4,527737.126,0.0,0.0,0.0,0.033,865142.883607
1664150,IT,EE,RUBBE,CONST,1.75,527712.689,6,6,527710.641,0.0,1.0,1.0,0.048,301550.108
1744959,IT,US,BUSIN,SUPPO,5.42,527703.428,6,6,527701.392,0.0,1.0,1.0,0.036,97362.256089
1761447,IT,IN,BASIC,WHOLE,0.61,527664.13,4,4,527664.097,0.0,0.0,0.0,0.033,865023.163934
1773863,IT,CH,ELEC6,TRAN1,0.08,527647.259,4,4,527647.175,0.0,0.0,0.0,0.084,6595590.7375
1645005,IT,BE,PULP5,FISH5,1.61,527576.06,6,6,527572.011,0.0,3.0,1.0,0.049,327686.993789
1658593,IT,DE,MACHI,COPP1,2.94,527560.279,6,6,527558.236,0.0,1.0,1.0,0.043,179442.271769
1735709,IT,SK,FABRI,FURNI,2.15,527358.704,6,6,527356.666,0.0,1.0,1.0,0.038,245283.11814
1759771,IT,BR,BUSIN,OFFIC,5.42,527261.483,6,6,527259.447,0.0,1.0,1.0,0.036,97280.716421
1773197,IT,CH,FABRI,PAPER,2.15,527129.786,6,6,527127.748,0.0,1.0,1.0,0.038,245176.644651
1773746,IT,CH,ELEC1,REALE,0.08,527035.74,4,4,527035.707,0.0,0.0,0.0,0.033,6587946.75
1686628,IT,HU,LEAD1,BASIC,0.92,527013.537,6,6,527010.493,0.0,1.0,2.0,0.044,572840.801087
1658518,IT,DE,MACHI,WHEAT,2.94,526954.613,6,6,526952.57,0.0,1.0,1.0,0.043,179236.262925
1641981,IT,AT,RUBBE,CEMEN,1.75,526929.103,6,6,526927.055,0.0,1.0,1.0,0.048,301102.344571
1800188,IT,WE,PLAST,FISHF,1.11,526926.305,5,5,526925.251,0.0,0.0,1.0,0.054,474708.382883
1648730,IT,BG,FOOD5,WHOLE,2.53,526877.186,6,6,526874.139,0.0,2.0,1.0,0.047,208251.852174
1713541,IT,MT,GLASS,BUSIN,1.45,526859.808,5,5,526857.778,0.0,0.0,2.0,0.03,363351.591724
1645790,IT,BE,RUBBE,LANDT,1.75,526852.442,6,6,526850.394,0.0,1.0,1.0,0.048,301058.538286
1742137,IT,US,RUBBE,COMPU,1.75,526822.705,6,6,526820.657,0.0,1.0,1.0,0.048,301041.545714
1658654,IT,DE,MACHI,SEWAG,2.94,526799.783,6,6,526797.74,0.0,1.0,1.0,0.043,179183.59966
1796678,IT,WL,HOTEL,RECRE,3.82,526681.321,6,6,526679.281,0.0,1.0,1.0,0.04,137874.691361
1778427,IT,TR,WHOLE,PRINT,4.55,526674.176,6,6,526672.145,0.0,1.0,1.0,0.031,115752.566154
1795428,IT,WL,BASIC,RESEA,0.61,526635.515,4,4,526635.482,0.0,0.0,0.0,0.033,863336.909836
1657782,IT,DE,NONME,PULP5,1.06,526619.645,5,5,526618.587,0.0,0.0,1.0,0.058,496810.985849
1660981,IT,DE,BUSIN,FURNI,5.41,526567.65,6,6,526565.614,0.0,1.0,1.0,0.036,97332.28281
1675794,IT,FR,FURNI,EDUCA,1.68,526422.751,6,6,526419.706,0.0,2.0,1.0,0.045,313346.875595
1732179,IT,SI,GASDI,REALE,0.78,526404.265,4,4,526404.222,0.0,0.0,0.0,0.043,674877.262821
1750290,IT,CN,NONF1,CHEM1,0.12,526400.567,4,4,526400.564,0.0,0.0,0.0,0.003,4386671.391667
1741923,IT,US,CHEM1,FOUND,1.1,526349.091,5,5,526348.034,0.0,0.0,1.0,0.057,478499.173636
1670913,IT,FI,CHEM1,DAIRY,1.1,526244.416,5,5,526243.359,0.0,0.0,1.0,0.057,478404.014545
1790677,IT,WA,FABRI,RADIO,2.14,526193.964,6,6,526191.926,0.0,1.0,1.0,0.038,245885.029907
1807708,IT,WF,BUSIN,CONST,5.4,526059.587,6,6,526057.551,0.0,1.0,1.0,0.036,97418.442037
1666206,IT,ES,HEAVY,PULP5,0.85,526011.816,5,5,526010.774,0.0,0.0,1.0,0.042,618837.430588
1787971,IT,WA,TEXTI,CROPS,3.12,525928.189,5,5,525927.119,0.0,1.0,0.0,0.07,168566.727244
1794019,IT,WL,WOODW,EDUCA,1.47,525808.561,6,6,525804.525,0.0,3.0,1.0,0.036,357692.898639
1657412,IT,DE,RUBBE,GASDI,1.74,525736.489,6,6,525734.441,0.0,1.0,1.0,0.048,302147.407471
1789691,IT,WA,RUBBE,SUPPO,1.74,525695.699,6,6,525693.651,0.0,1.0,1.0,0.048,302123.964943
1652221,IT,CZ,FOOD5,CEREA,2.53,525640.1,6,6,525637.053,0.0,2.0,1.0,0.047,207762.885375
1737217,IT,GB,PROCE,FOOD5,3.55,525616.495,6,6,525613.463,0.0,2.0,1.0,0.032,148060.984507
1783941,IT,ID,STONE,RETA1,1.7,525598.374,5,5,525569.35,0.0,0.0,29.0,0.024,309175.514118
1749546,IT,CN,PLAST,PRINT,1.1,525566.152,5,5,525565.099,0.0,0.0,1.0,0.053,477787.410909
1763930,IT,MX,BASIC,CEMEN,0.6,525480.58,4,4,525480.547,0.0,0.0,0.0,0.033,875800.966667
1714804,IT,NL,FOOD5,MEATP,2.52,525409.803,6,6,525406.756,0.0,2.0,1.0,0.047,208495.953571
1656635,IT,DE,PRINT,POSTT,5.04,525295.722,6,6,525293.682,0.0,1.0,1.0,0.04,104225.341667
1780100,IT,TW,HOTEL,VEGET,3.81,525258.283,6,6,525256.243,0.0,1.0,1.0,0.04,137863.066404
1753461,IT,CA,FABRI,NONF1,2.14,525200.639,5,5,525199.601,0.0,0.0,1.0,0.038,245420.859346
1673780,IT,FR,PAPER,INTER,2.04,525181.901,6,6,525176.849,0.0,4.0,1.0,0.052,257442.108333
1742710,IT,US,FABRI,CATTL,2.14,525157.046,5,5,525156.008,0.0,0.0,1.0,0.038,245400.488785
1793736,IT,WL,BEVER,FOOD5,2.23,525028.244,6,6,525026.21,0.0,1.0,1.0,0.034,235438.674439
1753720,IT,CA,TRANS,AIRTR,3.13,525021.34,6,6,525019.312,0.0,1.0,1.0,0.028,167738.447284
1643568,IT,AT,SEACO,WHOLE,0.53,524952.107,4,4,524952.098,0.0,0.0,0.0,0.009,990475.673585
1664790,IT,ES,VEGET,VEGET,1.86,524847.355,5,5,524845.334,0.0,2.0,0.0,0.021,282175.997312
1776601,IT,TR,GASDI,GASDI,0.78,524846.232,4,4,524846.189,0.0,0.0,0.0,0.043,672879.784615
1784512,IT,ID,FABRI,MACHI,2.14,524820.312,5,5,524819.274,0.0,0.0,1.0,0.038,245243.136449
1765815,IT,RU,GASDI,WOODW,0.78,524801.544,4,4,524801.501,0.0,0.0,0.0,0.043,672822.492308
1804645,IT,WF,HEAVY,HOTEL,0.85,524751.704,5,5,524750.662,0.0,0.0,1.0,0.042,617354.945882
1656101,IT,DE,BEVER,RESEA,2.23,524686.319,6,6,524684.285,0.0,1.0,1.0,0.034,235285.344843
1742578,IT,US,PREC1,RECRE,0.89,524503.779,6,6,524501.755,0.0,1.0,1.0,0.024,589330.088764
1656878,IT,DE,HEAVY,BASIC,0.85,524488.229,5,5,524487.187,0.0,0.0,1.0,0.042,617044.975294
1768481,IT,AU,FOOD5,VEGET,2.52,524322.751,6,6,524319.704,0.0,2.0,1.0,0.047,208064.58373
1797165,IT,WL,POSTT,WHOLE,8.63,524292.209,6,6,524290.169,0.0,1.0,1.0,0.04,60752.283778
1803359,IT,WF,SANDC,HEALT,1.2,524285.906,5,5,524170.887,0.0,0.0,115.0,0.019,436904.921667
1723864,IT,PT,TRANS,AIRTR,3.13,524258.874,6,6,524256.846,0.0,1.0,1.0,0.028,167494.847923
1688415,IT,IE,BEVER,CHEM1,2.23,524187.762,6,6,524185.728,0.0,1.0,1.0,0.034,235061.776682
1645376,IT,BE,HEAVY,CHEM1,0.85,524164.766,5,5,524163.724,0.0,0.0,1.0,0.042,616664.430588
1782618,IT,NO,FURNI,REALE,1.67,524125.115,6,6,524122.07,0.0,2.0,1.0,0.045,313847.374251
1681679,IT,HR,OILSE,VEGE1,0.38,523911.84,5,5,523907.816,0.0,4.0,0.0,0.024,1378715.368421
1796659,IT,WL,HOTEL,LANDT,3.8,523737.335,6,6,523735.296,0.0,1.0,1.0,0.039,137825.614474
1676187,IT,FR,CONST,OFFIC,2.93,523700.044,6,6,523697.016,0.0,1.0,2.0,0.028,178737.216382
1749658,IT,CN,CHEM1,PETRO,1.09,523651.068,5,5,523650.011,0.0,0.0,1.0,0.057,480413.823853
1646192,IT,BE,ALUM1,FOUND,0.91,523644.69,5,5,523643.648,0.0,0.0,1.0,0.042,575433.725275
1666756,IT,ES,RUBBE,NONME,1.73,523558.447,6,6,523556.4,0.0,1.0,1.0,0.047,302634.940462
1779027,IT,TR,AIRTR,ELEC1,0.57,523558.335,4,4,523558.319,0.0,0.0,0.0,0.016,918523.394737
1799422,IT,WE,PAPER,NATUR,2.03,523512.222,6,6,523507.17,0.0,4.0,1.0,0.052,257887.794089
1666233,IT,ES,HEAVY,CEMEN,0.85,523364.98,5,5,523363.938,0.0,0.0,1.0,0.042,615723.505882
1770525,IT,AU,AIRTR,EDUCA,0.57,523323.618,4,4,523323.602,0.0,0.0,0.0,0.016,918111.610526
1793862,IT,WL,TEXTI,CONST,3.1,523297.655,5,5,523296.586,0.0,1.0,0.0,0.069,168805.695161
1652262,IT,CZ,FOOD5,HOTEL,2.51,523285.593,6,6,523282.546,0.0,2.0,1.0,0.047,208480.315936
1728320,IT,SE,BEVER,RECRE,2.23,523282.981,6,6,523280.947,0.0,1.0,1.0,0.034,234656.045291
1653007,IT,CZ,PLAST,PAPER,1.1,523271.871,5,5,523270.818,0.0,0.0,1.0,0.053,475701.700909
1782225,IT,NO,BASIC,REALE,0.6,523092.914,4,4,523092.881,0.0,0.0,0.0,0.033,871821.523333
1727153,IT,RO,LANDT,POSTT,3.37,522909.269,5,5,522908.244,0.0,0.0,1.0,0.025,155165.955193
1653388,IT,CZ,CERAM,PFERT,0.81,522840.056,5,5,522837.028,0.0,0.0,3.0,0.028,645481.550617
1647436,IT,BE,AIRTR,RETA1,0.57,522760.79,4,4,522760.774,0.0,0.0,0.0,0.016,917124.192982
1715678,IT,NL,NONSP,PLAST,0.69,522645.045,5,5,522644.017,0.0,0.0,1.0,0.028,757456.586957
1674019,IT,FR,GASDI,CEREA,0.78,522638.349,4,4,522638.306,0.0,0.0,0.0,0.043,670049.165385
1757960,IT,BR,ADDIT,RETA1,1.21,522588.989,6,6,522583.948,0.0,4.0,1.0,0.041,431891.726446
1781898,IT,NO,CHEM1,CHEM1,1.09,522556.429,5,5,522555.372,0.0,0.0,1.0,0.057,479409.56789
1666963,IT,ES,CERAM,WHOLE,0.81,522548.607,5,5,522545.579,0.0,0.0,3.0,0.028,645121.737037
1785928,IT,ZA,RUBBE,FOOD5,1.73,522548.051,6,6,522546.004,0.0,1.0,1.0,0.047,302050.896532
1758511,IT,BR,MACHI,ELECT,2.92,522542.877,6,6,522540.834,0.0,1.0,1.0,0.043,178953.040068
1809626,IT,WM,DAIRY,FISH5,2.12,522480.137,5,5,522476.102,0.0,4.0,0.0,0.035,246452.894811
1790221,IT,WA,PREC1,PLAST,0.89,522443.895,6,6,522441.871,0.0,1.0,1.0,0.024,587015.61236
1689235,IT,IE,WHOLE,DAIRY,4.51,522438.989,6,6,522436.959,0.0,1.0,1.0,0.03,115840.130599
1752996,IT,CA,CHEM1,GASDI,1.09,522402.428,5,5,522401.371,0.0,0.0,1.0,0.057,479268.282569
1660426,IT,DE,FINAN,HEALT,6.8,522227.788,4,4,522227.773,0.0,0.0,0.0,0.015,76798.204118
1727846,IT,RO,BUSIN,REALE,5.36,522199.081,6,6,522197.045,0.0,1.0,1.0,0.036,97425.201679
1787465,IT,WA,STONE,RETA1,1.69,522075.64,5,5,522046.616,0.0,0.0,29.0,0.024,308920.497041
1654188,IT,CZ,MOTO1,CONST,2.78,521998.438,6,6,521996.404,0.0,1.0,1.0,0.034,187769.222302
1677895,IT,FR,BUSIN,BASIC,5.36,521943.695,6,6,521941.659,0.0,1.0,1.0,0.036,97377.555037
1775170,IT,CH,RESEA,GASDI,2.83,521818.709,6,6,521816.672,0.0,1.0,1.0,0.037,184388.236396
1729306,IT,SE,NONME,CEMEN,1.05,521808.614,5,5,521807.557,0.0,0.0,1.0,0.057,496960.584762
1667990,IT,ES,TRANS,SUPPO,3.11,521779.589,6,6,521777.561,0.0,1.0,1.0,0.028,167774.78746
1798193,IT,WE,VEGET,CRUDE,1.85,521764.476,5,5,521762.456,0.0,2.0,0.0,0.02,282034.851892
1743866,IT,US,SEACO,PULP5,0.53,521651.646,4,4,521651.637,0.0,0.0,0.0,0.009,984248.388679
1794132,IT,WL,PAPER,POSTT,2.02,521597.481,6,6,521592.43,0.0,4.0,1.0,0.051,258216.574752
1738402,IT,GB,PREC1,BUSIN,0.89,521581.216,6,6,521579.192,0.0,1.0,1.0,0.024,586046.310112
1795278,IT,WL,CERAM,REALE,0.81,521541.891,5,5,521538.863,0.0,0.0,3.0,0.028,643878.877778
1671268,IT,FI,BASIC,WHOLE,0.6,521498.063,4,4,521498.03,0.0,0.0,0.0,0.033,869163.438333
1780938,IT,TW,BUSIN,POULT,5.36,521489.451,6,6,521487.415,0.0,1.0,1.0,0.036,97292.808022
1796233,IT,WL,FURNI,INSUR,1.66,521459.497,6,6,521456.452,0.0,2.0,1.0,0.045,314132.227108
1731721,IT,SI,PULP5,PAPER,1.59,521393.465,6,6,521389.416,0.0,3.0,1.0,0.049,327920.418239
1657101,IT,DE,NONSP,RESEA,0.68,521378.6,5,5,521377.572,0.0,0.0,1.0,0.028,766733.235294
1773257,IT,CH,FABRI,COMPU,2.12,521302.477,5,5,521301.44,0.0,0.0,1.0,0.037,245897.394811
1735534,IT,SK,ALUM1,WEARI,0.91,521295.067,5,5,521294.025,0.0,0.0,1.0,0.042,572851.721978
1666169,IT,ES,GASDI,FOOD2,0.78,521149.205,4,4,521149.163,0.0,0.0,0.0,0.042,668140.00641
1725441,IT,RO,TEXTI,RECRE,3.09,521125.486,4,4,521125.417,0.0,0.0,0.0,0.069,168649.024595
1757401,IT,BR,WOODW,WOODW,1.46,521093.454,6,6,521089.419,0.0,3.0,1.0,0.035,356913.324658
1777227,IT,TR,RUBBE,PLAST,1.73,521076.808,6,6,521074.761,0.0,1.0,1.0,0.047,301200.467052
1811793,IT,WM,ADDIT,LANDT,1.21,520879.694,6,6,520874.653,0.0,4.0,1.0,0.041,430479.08595
1795931,IT,WL,MOTO1,CRUDE,2.77,520815.306,6,6,520813.272,0.0,1.0,1.0,0.034,188019.966065
1788459,IT,WA,PULP5,PFERT,1.59,520762.786,6,6,520759.737,0.0,2.0,1.0,0.049,327523.76478
1728347,IT,SE,TEXTI,TEXTI,3.09,520690.17,4,4,520690.101,0.0,0.0,0.0,0.069,168508.145631
1739628,IT,GB,SEACO,HEALT,0.53,520676.112,4,4,520676.103,0.0,0.0,0.0,0.009,982407.758491
1796579,IT,WL,HOTEL,CRUDE,3.77,520461.685,6,6,520459.646,0.0,1.0,1.0,0.039,138053.497347
1766772,IT,RU,MACHI,HEAVY,2.9,520445.757,6,6,520443.714,0.0,1.0,1.0,0.043,179464.054138
1805208,IT,WF,CHEM1,LIQUE,1.09,520382.809,5,5,520381.752,0.0,0.0,1.0,0.057,477415.421101
1649122,IT,BG,PAPER,CONST,2.02,520252.116,6,6,520247.065,0.0,4.0,1.0,0.051,257550.552475
1719803,IT,PL,BASIC,CHEM1,0.6,520114.607,4,4,520114.574,0.0,0.0,0.0,0.033,866857.678333
1688266,IT,IE,CROPS,FOOD5,4.12,520088.042,6,6,520086.013,0.0,1.0,1.0,0.029,126234.96165
1785232,IT,ZA,TEXTI,WEARI,3.08,520051.477,4,4,520051.408,0.0,0.0,0.0,0.069,168847.882143
1800063,IT,WE,LIQUE,REALE,0.91,519879.682,5,5,519878.64,0.0,0.0,1.0,0.042,571296.353846
1804342,IT,WF,MOTOR,HOTEL,0.78,519658.516,4,4,519658.474,0.0,0.0,0.0,0.042,666228.866667
1789842,IT,WA,CERAM,PLAST,0.81,519564.769,5,5,519561.741,0.0,0.0,3.0,0.028,641437.98642
1768596,IT,AU,BEVER,RETA1,2.21,519561.454,6,6,519559.421,0.0,1.0,1.0,0.033,235095.680543
1712337,IT,LV,RUBBE,DIST1,1.72,519494.367,6,6,519492.32,0.0,1.0,1.0,0.047,302031.608721
1646464,IT,BE,MACHI,PLAST,2.9,519485.43,6,6,519483.387,0.0,1.0,1.0,0.043,179132.906897
1757076,IT,KR,BUSIN,RETA1,5.33,519441.996,6,6,519439.96,0.0,1.0,1.0,0.036,97456.284428
1775138,IT,CH,COMPU,FINAN,5.93,519410.991,6,6,519408.958,0.0,1.0,1.0,0.033,87590.386341
1719605,IT,PL,CERAM,CERAM,0.81,519342.483,5,5,519339.455,0.0,0.0,3.0,0.028,641163.559259
1738827,IT,GB,MOTO1,FURNI,2.76,519341.455,6,6,519339.421,0.0,1.0,1.0,0.034,188167.193841
1675323,IT,FR,FABRI,INERT,2.11,519282.38,5,5,519281.343,0.0,0.0,1.0,0.037,246105.393365
1790483,IT,WA,COPP1,PFERT,1.31,519216.033,6,6,519213.006,0.0,1.0,2.0,0.027,396348.116794
1715674,IT,NL,NONSP,NAPHT,0.68,519170.991,5,5,519169.963,0.0,0.0,1.0,0.028,763486.751471
1805036,IT,WF,PLAST,OFFIC,1.09,519162.54,5,5,519161.487,0.0,0.0,1.0,0.053,476295.908257
1717849,IT,PL,VEGET,SUGA1,1.84,519091.15,5,5,519089.13,0.0,2.0,0.0,0.02,282114.755435
1729900,IT,SE,TRANS,RESEA,3.1,519051.256,6,6,519049.228,0.0,1.0,1.0,0.028,167435.889032
1671231,IT,FI,BASIC,WOODW,0.6,519029.508,4,4,519029.475,0.0,0.0,0.0,0.033,865049.18
1657492,IT,DE,RUBBE,INTER,1.72,519010.316,6,6,519008.269,0.0,1.0,1.0,0.047,301750.183721
1778955,IT,TR,SEACO,HOTEL,0.53,518981.847,4,4,518981.838,0.0,0.0,0.0,0.009,979211.032075
1790686,IT,WA,FABRI,DISTR,2.11,518980.26,5,5,518979.223,0.0,0.0,1.0,0.037,245962.208531
1719194,IT,PL,PLAST,RESEA,1.09,518967.299,5,5,518966.246,0.0,0.0,1.0,0.053,476116.788073
1763476,IT,MX,PLAST,FABRI,1.09,518884.028,5,5,518882.975,0.0,0.0,1.0,0.053,476040.392661
1719947,IT,PL,PREC1,CONST,0.88,518883.354,6,6,518881.33,0.0,1.0,1.0,0.024,589640.175
1788237,IT,WA,LEATH,SANDC,3.72,518836.659,6,6,518831.569,0.0,4.0,1.0,0.09,139472.220161
1761604,IT,IN,NONF1,TRAN1,0.11,518796.034,4,4,518796.031,0.0,0.0,0.0,0.003,4716327.581818
1656228,IT,DE,TEXTI,PUBLI,3.07,518794.752,4,4,518794.683,0.0,0.0,0.0,0.069,168988.518567
1729756,IT,SE,MACHI,ALUM1,2.89,518793.844,6,6,518791.801,0.0,1.0,1.0,0.043,179513.44083
1641614,IT,AT,NAPHT,WHOLE,0.88,518788.052,5,5,518787.015,0.0,0.0,1.0,0.037,589531.877273
1794809,IT,WL,PLAST,CEMEN,1.09,518728.543,5,5,518727.49,0.0,0.0,1.0,0.053,475897.745872
1741602,IT,US,GASDI,INSUR,0.77,518616.686,4,4,518616.644,0.0,0.0,0.0,0.042,673528.163636
1672871,IT,FR,VEGE1,PLAST,1.59,518596.925,6,6,518592.812,0.0,3.0,1.0,0.113,326161.58805
1812737,IT,WM,NONF1,CERAM,0.11,518572.262,4,4,518572.259,0.0,0.0,0.0,0.003,4714293.290909
1668569,IT,ES,HOTEL,POSTT,3.76,518547.854,6,6,518545.815,0.0,1.0,1.0,0.039,137911.663298
1769797,IT,AU,MACHI,DISTR,2.89,518535.971,6,6,518533.928,0.0,1.0,1.0,0.043,179424.211419
1660013,IT,DE,INLAN,STEAM,0.84,518512.555,4,4,518512.52,0.0,0.0,0.0,0.035,617276.85119
1811586,IT,WM,CHEM1,FISHF,1.08,518471.131,5,5,518470.074,0.0,0.0,1.0,0.057,480065.862037
1769697,IT,AU,MACHI,CEREA,2.89,518454.16,6,6,518452.117,0.0,1.0,1.0,0.043,179395.903114
1757849,IT,BR,CHEM1,MEAT1,1.08,518397.726,5,5,518396.669,0.0,0.0,1.0,0.057,479997.894444
1812480,IT,WM,PREC1,FINAN,0.88,518247.843,6,6,518245.819,0.0,1.0,1.0,0.024,588918.003409
1658407,IT,DE,FABRI,LEATH,2.11,518199.074,5,5,518198.037,0.0,0.0,1.0,0.037,245591.978199
1752119,IT,CN,BUSIN,MOTO1,5.32,518081.408,6,6,518079.372,0.0,1.0,1.0,0.036,97383.723308
1738672,IT,GB,MACHI,NUCLE,2.89,518022.023,6,6,518019.98,0.0,1.0,1.0,0.043,179246.37474
1729589,IT,SE,NONF1,ALUM1,0.11,517978.54,4,4,517978.537,0.0,0.0,0.0,0.003,4708895.818182
1673624,IT,FR,WOODW,RETA1,1.45,517976.623,6,6,517972.588,0.0,3.0,1.0,0.035,357225.257241
1724429,IT,PT,AIRTR,OFFIC,0.56,517965.703,4,4,517965.687,0.0,0.0,0.0,0.016,924938.755357
1746231,IT,JP,CHEM1,HEAVY,1.08,517779.267,5,5,517778.21,0.0,0.0,1.0,0.057,479425.247222
1717845,IT,PL,VEGET,MEAT1,1.83,517671.58,5,5,517669.56,0.0,2.0,0.0,0.02,282880.644809
1720123,IT,PL,LEAD1,CONST,0.9,517569.615,6,6,517566.571,0.0,1.0,2.0,0.044,575077.35
1716252,IT,NL,COPP1,MACHI,1.31,517531.92,6,6,517528.893,0.0,1.0,2.0,0.027,395062.534351
1790537,IT,WA,NONF1,FOOD5,0.11,517299.084,4,4,517299.081,0.0,0.0,0.0,0.003,4702718.945455
1805325,IT,WF,RUBBE,FISHF,1.71,517275.298,6,6,517273.251,0.0,1.0,1.0,0.047,302500.174269
1763705,IT,MX,RUBBE,WHOLE,1.71,517262.263,6,6,517260.216,0.0,1.0,1.0,0.047,302492.551462
1658517,IT,DE,FABRI,93197,2.1,517186.276,5,5,517185.239,0.0,0.0,1.0,0.037,246279.179048
1795282,IT,WL,CERAM,PUBLI,0.81,517128.003,5,5,517124.975,0.0,0.0,3.0,0.028,638429.633333
1675433,IT,FR,MACHI,REALE,2.88,517062.279,6,6,517060.237,0.0,1.0,1.0,0.042,179535.513542
1640980,IT,AT,WOODW,STEAM,1.45,517058.249,6,6,517054.214,0.0,3.0,1.0,0.035,356591.895862
1777102,IT,TR,CHEM1,EDUCA,1.08,517053.184,5,5,517052.128,0.0,0.0,1.0,0.056,478752.948148
1733844,IT,SI,TRAN2,RETAI,0.8,516967.826,4,4,516967.812,0.0,0.0,0.0,0.014,646209.7825
1801077,IT,WE,COPP1,BASIC,1.31,516864.899,6,6,516861.872,0.0,1.0,2.0,0.027,394553.358015
1667414,IT,ES,COPP1,DISTR,1.31,516834.071,6,6,516831.044,0.0,1.0,2.0,0.027,394529.825191
1726262,IT,RO,BASIC,KEROS,0.59,516791.446,4,4,516791.413,0.0,0.0,0.0,0.033,875917.705085
1748901,IT,CN,WEARI,CHEM1,3.89,516673.416,6,6,516671.318,0.0,1.0,1.0,0.098,132820.929563
1804348,IT,WF,MOTOR,AIRTR,0.77,516627.117,4,4,516627.075,0.0,0.0,0.0,0.042,670944.307792
1781913,IT,NO,CHEM1,MOTO1,1.08,516621.475,5,5,516620.419,0.0,0.0,1.0,0.056,478353.217593
1742513,IT,US,BASIC,POSTT,0.59,516544.557,4,4,516544.524,0.0,0.0,0.0,0.033,875499.249153
1809915,IT,WM,BEVER,WHOLE,2.2,516507.711,6,6,516505.678,0.0,1.0,1.0,0.033,234776.232273
1789632,IT,WA,RUBBE,PAPER,1.71,516436.665,6,6,516434.618,0.0,1.0,1.0,0.047,302009.745614
1796975,IT,WL,AIRTR,ALUM1,0.56,516386.067,4,4,516386.051,0.0,0.0,0.0,0.016,922117.976786
1750255,IT,CN,COPP1,FOUND,1.3,516355.842,6,6,516352.815,0.0,1.0,2.0,0.027,397196.801538
1738608,IT,GB,FABRI,REALE,2.1,516330.643,5,5,516329.606,0.0,0.0,1.0,0.037,245871.734762
1805354,IT,WF,RUBBE,LEATH,1.71,516320.162,6,6,516318.115,0.0,1.0,1.0,0.047,301941.615205
1652755,IT,CZ,PAPER,RETA1,2.0,516264.457,6,6,516259.406,0.0,4.0,1.0,0.051,258132.2285
1729749,IT,SE,MACHI,RUBBE,2.88,516263.894,6,6,516261.852,0.0,1.0,1.0,0.042,179258.296528
1735291,IT,SK,GLASS,MOTO1,1.42,516060.909,5,5,516058.879,0.0,0.0,2.0,0.03,363423.175352
1709800,IT,LT,RUBBE,RUBBE,1.71,516044.648,6,6,516042.601,0.0,1.0,1.0,0.047,301780.495906
1730831,IT,SE,BUSIN,HEALT,5.3,515972.166,6,6,515970.13,0.0,1.0,1.0,0.036,97353.238868
1645123,IT,BE,PAPER,PAPE4,2.0,515945.953,6,6,515940.902,0.0,4.0,1.0,0.051,257972.9765
1795112,IT,WL,RUBBE,WOODW,1.71,515886.555,6,6,515884.508,0.0,1.0,1.0,0.047,301688.04386
1684719,IT,HU,VEGET,FISH5,1.83,515881.423,5,5,515879.403,0.0,2.0,0.0,0.02,281902.41694
1790929,IT,WA,OFFIC,HOTEL,1.6,515872.791,5,5,515871.754,0.0,0.0,1.0,0.037,322420.494375
1790780,IT,WA,MACHI,PAPER,2.88,515844.628,6,6,515842.586,0.0,1.0,1.0,0.042,179112.718056
1677033,IT,FR,SUPPO,BEVER,3.71,515838.777,5,5,515837.752,0.0,0.0,1.0,0.025,139040.101617
1646510,IT,BE,MACHI,COMPU,2.88,515834.856,6,6,515832.814,0.0,1.0,1.0,0.042,179109.325
1666612,IT,ES,CHEM1,DIST1,1.08,515779.191,5,5,515778.135,0.0,0.0,1.0,0.056,477573.325
1741334,IT,US,PAPER,RESEA,2.0,515773.884,6,6,515768.833,0.0,4.0,1.0,0.051,257886.942
1790282,IT,WA,ALUM1,CRUDE,0.9,515606.807,5,5,515605.766,0.0,0.0,1.0,0.041,572896.452222
1682817,IT,HR,HEAVY,WHOLE,0.83,515585.457,5,5,515584.416,0.0,0.0,1.0,0.041,621187.29759
1688864,IT,IE,PREC1,DAIRY,0.88,515572.534,6,6,515570.51,0.0,1.0,1.0,0.024,585877.879545
1733106,IT,SI,FABRI,WOODW,2.1,515375.722,5,5,515374.685,0.0,0.0,1.0,0.037,245417.010476
1654026,IT,CZ,MACHI,TRAN1,2.87,515274.086,6,6,515272.044,0.0,1.0,1.0,0.042,179538.009059
1800794,IT,WE,BASIC,NONFE,0.59,515273.431,4,4,515273.398,0.0,0.0,0.0,0.033,873344.798305
1666137,IT,ES,GASDI,FURNI,0.77,515270.249,4,4,515270.207,0.0,0.0,0.0,0.042,669182.141558
1641310,IT,AT,MOTOR,RECRE,0.77,515264.153,4,4,515264.111,0.0,0.0,0.0,0.042,669174.224675
1798205,IT,WE,VEGET,FOOD5,1.82,515226.27,5,5,515224.25,0.0,2.0,0.0,0.02,283091.357143
1725529,IT,RO,LEATH,RUBBE,3.69,515150.266,6,6,515145.177,0.0,4.0,1.0,0.089,139607.118157
1810294,IT,WM,LEATH,RESEA,3.69,515108.271,6,6,515103.182,0.0,4.0,1.0,0.089,139595.737398
1717848,IT,PL,VEGET,DAIRY,1.82,515092.23,5,5,515090.21,0.0,2.0,0.0,0.02,283017.708791
1730241,IT,SE,SEACO,FORES,0.52,515050.24,4,4,515050.231,0.0,0.0,0.0,0.009,990481.230769
1657758,IT,DE,NONME,PIGS9,1.04,514965.994,5,5,514964.937,0.0,0.0,1.0,0.057,495159.609615
1685094,IT,HU,FOOD5,BEVER,2.47,514959.862,6,6,514956.816,0.0,2.0,1.0,0.046,208485.774089
1710164,IT,LT,MACHI,MACHI,2.87,514939.921,6,6,514937.879,0.0,1.0,1.0,0.042,179421.575261
1717609,IT,NL,RESEA,BUSIN,2.79,514915.609,6,6,514913.573,0.0,1.0,1.0,0.036,184557.56595
1791992,IT,WA,SEACO,SUPPO,0.52,514865.394,4,4,514865.385,0.0,0.0,0.0,0.009,990125.757692
1659031,IT,DE,ELEC2,LANDT,0.12,514859.809,4,4,514859.755,0.0,0.0,0.0,0.054,4290498.408333
1652399,IT,CZ,TEXTI,CHEM1,3.05,514833.858,4,4,514833.79,0.0,0.0,0.0,0.068,168797.98623
1800066,IT,WE,LIQUE,PUBLI,0.9,514807.283,4,4,514807.242,0.0,0.0,0.0,0.041,572008.092222
1643254,IT,AT,HOTEL,DISTR,3.73,514790.493,6,6,514788.454,0.0,1.0,1.0,0.039,138013.536997
1725994,IT,RO,CHEM1,BASIC,1.08,514756.881,5,5,514755.825,0.0,0.0,1.0,0.056,476626.741667
1741687,IT,US,HEAVY,CONST,0.83,514752.711,5,5,514751.67,0.0,0.0,1.0,0.041,620183.989157
1759124,IT,BR,AIRTR,LIQUI,0.56,514615.846,4,4,514615.83,0.0,0.0,0.0,0.016,918956.867857
1661234,IT,DK,VEGET,FISHF,1.82,514554.405,5,5,514552.385,0.0,2.0,0.0,0.02,282722.200549
1747588,IT,JP,AIRTR,FURNI,0.56,514552.473,4,4,514552.457,0.0,0.0,0.0,0.016,918843.701786
1789992,IT,WA,NONME,MOTOR,1.04,514482.616,5,5,514481.56,0.0,0.0,1.0,0.056,494694.823077
1792792,IT,WA,BUSIN,RECRE,5.28,514407.031,6,6,514404.996,0.0,1.0,1.0,0.035,97425.574053
1804242,IT,WF,MOTOR,WHEAT,0.77,514330.908,4,4,514330.866,0.0,0.0,0.0,0.042,667962.218182
1750191,IT,CN,ALUM1,TRANS,0.89,514298.997,5,5,514297.956,0.0,0.0,1.0,0.041,577864.041573
1803164,IT,WF,VEGET,93197,1.82,514254.5,5,5,514252.48,0.0,2.0,0.0,0.02,282557.417582
1679670,IT,GR,GLASS,REALE,1.41,514212.633,5,5,514210.604,0.0,0.0,2.0,0.029,364689.810638
1729659,IT,SE,FABRI,TRANS,2.09,514201.274,5,5,514200.237,0.0,0.0,1.0,0.037,246029.317703
1786415,IT,ZA,MACHI,RENTI,2.87,514134.878,6,6,514132.836,0.0,1.0,1.0,0.042,179141.072474
1746321,IT,JP,ADDIT,MOTOR,1.19,514119.539,6,6,514114.499,0.0,4.0,1.0,0.04,432033.22605
1671088,IT,FI,RUBBE,RENTI,1.7,513948.566,6,6,513946.519,0.0,1.0,1.0,0.047,302322.685882
1668898,IT,ES,SEACO,ELEC2,0.52,513664.405,4,4,513664.396,0.0,0.0,0.0,0.009,987816.163462
1750657,IT,CN,MOTO1,WOODW,2.73,513641.886,6,6,513639.853,0.0,1.0,1.0,0.033,188147.210989
1765991,IT,RU,CHEM1,LUBRI,1.07,513625.632,5,5,513624.576,0.0,0.0,1.0,0.056,480023.95514
1646250,IT,BE,LEAD1,FABRI,0.89,513622.956,6,6,513619.913,0.0,1.0,2.0,0.043,577104.444944
1790205,IT,WA,PREC1,WEARI,0.87,513612.544,6,6,513610.52,0.0,1.0,1.0,0.024,590359.245977
1683685,IT,HR,FABRI,PUBLI,2.09,513558.404,5,5,513557.367,0.0,0.0,1.0,0.037,245721.724402
1661981,IT,DK,PETRO,CERAM,0.86,513534.768,5,5,513533.728,0.0,0.0,1.0,0.04,597133.451163
1683260,IT,HR,CERAM,SUPPO,0.8,513510.219,5,5,513507.191,0.0,0.0,3.0,0.028,641887.77375
1776630,IT,TR,GASDI,SALEM,0.76,513494.236,4,4,513494.194,0.0,0.0,0.0,0.042,675650.310526
1776325,IT,TR,PAPER,FURNI,1.99,513486.098,6,6,513481.047,0.0,4.0,1.0,0.051,258033.215075
1720673,IT,PL,MOTO1,WHOLE,2.73,513466.075,6,6,513464.042,0.0,1.0,1.0,0.033,188082.811355
1729394,IT,SE,BASIC,RADIO,0.59,513461.193,4,4,513461.161,0.0,0.0,0.0,0.032,870273.208475
1747559,IT,JP,AIRTR,NAPHT,0.56,513439.128,4,4,513439.112,0.0,0.0,0.0,0.016,916855.585714
1720496,IT,PL,MACHI,PUBLI,2.86,513388.181,6,6,513386.139,0.0,1.0,1.0,0.042,179506.356993
1681660,IT,HR,VEGET,CHEM1,1.82,513384.017,5,5,513381.997,0.0,2.0,0.0,0.02,282079.13022
1738800,IT,GB,OFFIC,RECRE,1.59,513376.06,5,5,513375.023,0.0,0.0,1.0,0.037,322878.025157
1662455,IT,DK,ALUM1,RUBBE,0.89,513159.299,5,5,513158.258,0.0,0.0,1.0,0.041,576583.482022
1806142,IT,WF,FABRI,FOUND,2.09,512999.43,5,5,512998.393,0.0,0.0,1.0,0.037,245454.272727
1754063,IT,CA,AIRTR,WHEAT,0.56,512939.306,4,4,512939.29,0.0,0.0,0.0,0.016,915963.046429
1799177,IT,WE,WEARI,LANDT,3.87,512922.582,6,6,512920.485,0.0,1.0,1.0,0.097,132538.134884
1647375,IT,BE,SEACO,BUSIN,0.52,512878.59,4,4,512878.581,0.0,0.0,0.0,0.009,986304.980769
1715825,IT,NL,RUBBE,PLAST,1.7,512856.548,6,6,512854.501,0.0,1.0,1.0,0.047,301680.322353
1666231,IT,ES,HEAVY,CERAM,0.83,512852.976,5,5,512851.935,0.0,0.0,1.0,0.041,617895.151807
1680872,IT,GR,LANDT,GASDI,3.31,512730.697,5,5,512729.673,0.0,0.0,1.0,0.024,154903.533837
1659925,IT,DE,TRAN2,MOTO1,0.79,512718.842,4,4,512718.828,0.0,0.0,0.0,0.014,649011.192405
1758172,IT,BR,NONME,ELEC4,1.04,512669.496,5,5,512668.44,0.0,0.0,1.0,0.056,492951.438462
1741244,IT,US,WOODW,RESEA,1.43,512650.623,6,6,512646.588,0.0,3.0,1.0,0.035,358496.939161
1790789,IT,WA,MACHI,LIQUE,2.86,512646.867,6,6,512644.825,0.0,1.0,1.0,0.042,179247.156294
1755141,IT,KR,LEATH,OFFIC,3.67,512497.222,6,6,512492.133,0.0,4.0,1.0,0.089,139645.019619
1746391,IT,JP,RUBBE,RADIO,1.7,512287.379,6,6,512285.333,0.0,1.0,1.0,0.046,301345.517059
1709772,IT,LT,RUBBE,MEAT1,1.7,512262.766,6,6,512260.72,0.0,1.0,1.0,0.046,301331.038824
1776355,IT,TR,PAPER,PUBLI,1.98,512255.679,6,6,512250.628,0.0,4.0,1.0,0.051,258714.989394
1640496,IT,AT,PROCE,FORES,3.46,512183.592,6,6,512180.56,0.0,2.0,1.0,0.032,148029.939884
1761038,IT,IN,PLAST,PFERT,1.07,512166.617,5,5,512165.565,0.0,0.0,1.0,0.052,478660.38972
1786465,IT,ZA,MOTO1,CHEM1,2.73,512026.926,6,6,512024.893,0.0,1.0,1.0,0.033,187555.650549
1718810,IT,PL,PAPER,CEMEN,1.98,511988.164,6,6,511983.113,0.0,4.0,1.0,0.051,258579.880808
1674503,IT,FR,RUBBE,CATTL,1.7,511955.297,6,6,511953.251,0.0,1.0,1.0,0.046,301150.174706
1775197,IT,CH,RESEA,MOTO1,2.78,511954.736,6,6,511952.7,0.0,1.0,1.0,0.036,184156.379856
1657036,IT,DE,PARAF,MOTOR,0.81,511754.284,6,6,511751.247,0.0,1.0,2.0,0.037,631795.412346
1725673,IT,RO,PAPER,PFERT,1.98,511699.235,6,6,511694.185,0.0,4.0,1.0,0.05,258433.957071
1679515,IT,GR,CHEM1,BUSIN,1.07,511692.101,5,5,511691.045,0.0,0.0,1.0,0.056,478216.916822
1763335,IT,MX,PAPER,PUBLI,1.98,511650.775,6,6,511645.725,0.0,4.0,1.0,0.05,258409.482323
1656326,IT,DE,LEATH,RECRE,3.66,511647.007,6,6,511641.918,0.0,4.0,1.0,0.089,139794.264208
1814035,IT,WM,SEACO,POSTT,0.52,511572.563,4,4,511572.554,0.0,0.0,0.0,0.009,983793.390385
1675231,IT,FR,FABRI,PULP5,2.08,511559.289,5,5,511558.252,0.0,0.0,1.0,0.037,245941.965865
1676402,IT,FR,WHOLE,SUPPO,4.42,511519.42,6,6,511517.39,0.0,1.0,1.0,0.03,115728.375566
1810107,IT,WM,TEXTI,BUSIN,3.03,511419.393,4,4,511419.325,0.0,0.0,0.0,0.068,168785.278218
1645413,IT,BE,LIQUE,GASDI,0.9,511376.103,4,4,511376.062,0.0,0.0,0.0,0.041,568195.67
1792037,IT,WA,AIRTR,MEATP,0.56,511319.534,4,4,511319.518,0.0,0.0,0.0,0.016,913070.596429
1660849,IT,DE,COMPU,RETA1,5.84,511285.025,6,6,511282.993,0.0,1.0,1.0,0.032,87548.805651
1730465,IT,SE,POSTT,REALE,8.42,511268.724,6,6,511266.685,0.0,1.0,1.0,0.039,60720.751069
1806182,IT,WF,MACHI,PADDY,2.85,511226.704,6,6,511224.662,0.0,1.0,1.0,0.042,179377.790877
1771772,IT,CH,LEATH,RAILW,3.66,511093.41,6,6,511088.322,0.0,4.0,1.0,0.088,139643.008197
1683117,IT,HR,RUBBE,WHOLE,1.69,511050.3,6,6,511048.254,0.0,1.0,1.0,0.046,302396.627219
1764732,IT,MX,HOTEL,ELECT,3.7,511039.875,6,6,511037.836,0.0,1.0,1.0,0.039,138118.885135
1800914,IT,WE,PREC1,ELECT,0.87,510971.282,6,6,510969.258,0.0,1.0,1.0,0.024,587323.312644
1811412,IT,WM,PLAST,PROCE,1.07,510945.183,5,5,510944.131,0.0,0.0,1.0,0.052,477518.862617
1732451,IT,SI,CHEM1,PLAST,1.07,510923.252,5,5,510922.196,0.0,0.0,1.0,0.056,477498.366355
1792023,IT,WA,AIRTR,CATTL,0.56,510890.23,4,4,510890.214,0.0,0.0,0.0,0.016,912303.982143
1658423,IT,DE,FABRI,NUCLE,2.08,510886.162,5,5,510885.125,0.0,0.0,1.0,0.037,245618.347115
1653099,IT,CZ,CHEM1,FOOD5,1.07,510793.747,5,5,510792.691,0.0,0.0,1.0,0.056,477377.333645
1748649,IT,CN,DAIRY,WHOLE,2.07,510778.31,5,5,510774.275,0.0,4.0,0.0,0.035,246752.806763
1715027,IT,NL,TEXTI,WEARI,3.03,510768.789,4,4,510768.721,0.0,0.0,0.0,0.068,168570.557426
1760141,IT,BR,FOOD3,CONST,1.46,510763.277,5,5,510762.252,0.0,0.0,1.0,0.025,349837.860959
1734615,IT,SK,TEXTI,FOOD5,3.03,510712.008,4,4,510711.94,0.0,0.0,0.0,0.068,168551.817822
1739453,IT,GB,LANDT,GASDI,3.29,510690.425,5,5,510689.401,0.0,0.0,1.0,0.024,155225.053191
1733051,IT,SI,COPP1,MOTO1,1.29,510632.772,6,6,510629.746,0.0,1.0,2.0,0.026,395839.35814
1747613,IT,JP,AIRTR,SEACO,0.56,510594.261,4,4,510594.245,0.0,0.0,0.0,0.016,911775.466071
1658213,IT,DE,LEAD1,MOTO1,0.89,510538.203,6,6,510535.16,0.0,1.0,2.0,0.043,573638.430337
1681001,IT,GR,AIRTR,KEROS,0.56,510467.257,4,4,510467.241,0.0,0.0,0.0,0.016,911548.673214
1656679,IT,DE,COKEO,NONME,0.06,510432.018,4,4,510432.015,0.0,0.0,0.0,0.003,8507200.3
1655865,IT,DE,DAIRY,RAWMI,2.07,510243.382,5,5,510239.347,0.0,4.0,0.0,0.035,246494.38744
1799179,IT,WE,WEARI,SEACO,3.85,510239.411,6,6,510237.314,0.0,1.0,1.0,0.097,132529.717143
1812374,IT,WM,BASIC,SEACO,0.59,510166.784,4,4,510166.752,0.0,0.0,0.0,0.032,864689.464407
1653285,IT,CZ,RUBBE,BUSIN,1.69,510164.073,6,6,510162.027,0.0,1.0,1.0,0.046,301872.232544
1646514,IT,BE,MACHI,HEALT,2.85,510152.501,6,6,510150.459,0.0,1.0,1.0,0.042,179000.877544
1726481,IT,RO,FABRI,RETA1,2.08,510144.77,5,5,510143.733,0.0,0.0,1.0,0.037,245261.908654
1726299,IT,RO,BASIC,RESEA,0.59,510115.152,4,4,510115.12,0.0,0.0,0.0,0.032,864601.952542
1737049,IT,GB,SANDC,CEMEN,1.17,510110.138,5,5,509998.12,0.0,0.0,112.0,0.018,435991.57094
1671044,IT,FI,RUBBE,CHEM1,1.69,510105.643,6,6,510103.597,0.0,1.0,1.0,0.046,301837.65858
1772063,IT,CH,PRINT,RETA1,4.89,510010.276,6,6,510008.237,0.0,1.0,1.0,0.039,104296.579959
1749076,IT,CN,LEATH,93197,3.65,509966.75,6,6,509961.662,0.0,4.0,1.0,0.088,139716.917808
1790117,IT,WA,BASIC,RUBBE,0.59,509896.568,4,4,509896.536,0.0,0.0,0.0,0.032,864231.471186
1776649,IT,TR,GASDI,PUBLI,0.76,509894.339,4,4,509894.297,0.0,0.0,0.0,0.042,670913.603947
1678865,IT,GR,FISH5,BEVER,2.14,509833.838,6,6,509831.576,0.0,1.0,1.0,0.262,238240.111215
1645529,IT,BE,PLAST,FURNI,1.07,509829.968,5,5,509828.916,0.0,0.0,1.0,0.052,476476.605607
1749558,IT,CN,PLAST,BASIC,1.07,509642.107,5,5,509641.055,0.0,0.0,1.0,0.052,476301.034579
1744825,IT,US,RESEA,POSTT,2.76,509543.276,6,6,509541.24,0.0,1.0,1.0,0.036,184617.128986
1750026,IT,CN,NONME,ELECT,1.03,509398.12,5,5,509397.064,0.0,0.0,1.0,0.056,494561.281553
1745166,IT,US,PRIVA,CEREA,113.65,509318.254,6,6,509312.173,5.0,0.0,1.0,0.081,4481.46286
1738489,IT,GB,COPP1,HOTEL,1.29,509159.904,6,6,509156.878,0.0,1.0,2.0,0.026,394697.6
1719158,IT,PL,PLAST,BASIC,1.07,509149.243,5,5,509148.191,0.0,0.0,1.0,0.052,475840.414019
1748090,IT,JP,BUSIN,FINAN,5.23,508872.181,6,6,508870.146,0.0,1.0,1.0,0.035,97298.696176
1673759,IT,FR,PAPER,LANDT,1.97,508791.234,6,6,508786.184,0.0,4.0,1.0,0.05,258269.661929
1672043,IT,FI,AIRTR,CONST,0.55,508760.461,4,4,508760.445,0.0,0.0,0.0,0.016,925019.02
1790798,IT,WA,MACHI,PLAST,2.84,508611.607,6,6,508609.565,0.0,1.0,1.0,0.042,179088.594014
1710936,IT,LU,PLAST,BUSIN,1.07,508596.178,5,5,508595.126,0.0,0.0,1.0,0.052,475323.530841
1786347,IT,ZA,MACHI,IRONO,2.84,508571.526,6,6,508569.484,0.0,1.0,1.0,0.042,179074.480986
1758495,IT,BR,MACHI,RUBBE,2.84,508542.094,6,6,508540.052,0.0,1.0,1.0,0.042,179064.117606
1742229,IT,US,CERAM,CEMEN,0.79,508493.868,5,5,508490.84,0.0,0.0,3.0,0.028,643663.124051
1743038,IT,US,OFFIC,FINAN,1.58,508416.549,5,5,508415.512,0.0,0.0,1.0,0.037,321782.625949
1653876,IT,CZ,FABRI,ALUM1,2.07,508413.637,5,5,508412.601,0.0,0.0,1.0,0.036,245610.452657
1789242,IT,WA,PLAST,CONST,1.07,508373.257,5,5,508372.205,0.0,0.0,1.0,0.052,475115.193458
1792753,IT,WA,BUSIN,OFFIC,5.22,508311.235,6,6,508309.2,0.0,1.0,1.0,0.035,97377.631226
1661440,IT,DK,DAIRY,FISH5,2.06,508307.215,5,5,508303.181,0.0,4.0,0.0,0.034,246751.075243
1789834,IT,WA,CERAM,GASDI,0.79,508240.235,5,5,508237.207,0.0,0.0,3.0,0.028,643342.06962
1687420,IT,HU,HOTEL,BUSIN,3.68,508226.297,6,6,508224.259,0.0,1.0,1.0,0.038,138104.972011
1759137,IT,BR,AIRTR,RADIO,0.55,508218.653,4,4,508218.637,0.0,0.0,0.0,0.016,924033.914545
1673181,IT,FR,BEVER,CONST,2.16,508018.963,6,6,508016.93,0.0,1.0,1.0,0.033,235193.964352
1790103,IT,WA,BASIC,GASDI,0.58,507992.261,4,4,507992.229,0.0,0.0,0.0,0.032,875848.725862
1741140,IT,US,WEARI,HEALT,3.83,507873.398,6,6,507871.301,0.0,1.0,1.0,0.097,132604.020366
1742585,IT,US,ALUM1,PAPER,0.88,507866.29,5,5,507865.249,0.0,0.0,1.0,0.041,577120.784091
1732537,IT,SI,RUBBE,TRANS,1.68,507827.235,6,6,507825.189,0.0,1.0,1.0,0.046,302278.116071
1804806,IT,WF,NAPHT,FABRI,0.86,507775.912,5,5,507774.876,0.0,0.0,1.0,0.036,590437.106977
1758512,IT,BR,MACHI,RADIO,2.83,507773.489,6,6,507771.447,0.0,1.0,1.0,0.042,179425.261131
1664264,IT,EE,BASIC,MOTO1,0.58,507757.478,4,4,507757.446,0.0,0.0,0.0,0.032,875443.927586
1655347,IT,DE,VEGET,PUBLI,1.8,507752.594,5,5,507750.574,0.0,2.0,0.0,0.02,282084.774444
1746822,IT,JP,MACHI,ELEC4,2.83,507686.499,6,6,507684.457,0.0,1.0,1.0,0.042,179394.522615
1725942,IT,RO,NFERT,OILSE,0.11,507680.473,4,4,507680.431,0.0,0.0,0.0,0.042,4615277.027273
1665297,IT,ES,BEVER,WHOLE,2.16,507678.788,6,6,507676.755,0.0,1.0,1.0,0.033,235036.475926
1717871,IT,PL,VEGET,WHOLE,1.8,507663.746,5,5,507661.726,0.0,2.0,0.0,0.02,282035.414444
1734847,IT,SK,PAPER,WOODW,1.97,507633.119,6,6,507628.069,0.0,4.0,1.0,0.05,257681.786294
1810981,IT,WM,GASDI,MEDIC,0.76,507626.399,4,4,507626.358,0.0,0.0,0.0,0.041,667929.472368
1729267,IT,SE,CEMEN,CEMEN,0.81,507576.818,5,5,507573.795,0.0,0.0,3.0,0.023,626638.046914
1757873,IT,BR,CHEM1,LIQUE,1.06,507558.343,5,5,507557.288,0.0,0.0,1.0,0.055,478828.625472
1741006,IT,US,BEVER,MEMBE,2.16,507492.92,6,6,507490.887,0.0,1.0,1.0,0.033,234950.425926
1732347,IT,SI,NAPHT,BUSIN,0.86,507448.823,5,5,507447.787,0.0,0.0,1.0,0.036,590056.77093
1810783,IT,WM,KEROS,COKIN,0.75,507363.43,4,4,507363.389,0.0,0.0,0.0,0.041,676484.573333
1799694,IT,WE,MOTOR,RETAI,0.76,507257.615,4,4,507257.574,0.0,0.0,0.0,0.041,667444.230263
1788965,IT,WA,HEAVY,NONME,0.82,507203.803,5,5,507202.762,0.0,0.0,1.0,0.041,618541.223171
1804980,IT,WF,PLAST,NATU1,1.06,507133.197,5,5,507132.145,0.0,0.0,1.0,0.052,478427.54434
1804179,IT,WF,PAPER,COMPU,1.97,507115.943,6,6,507110.893,0.0,4.0,1.0,0.05,257419.260406
1749207,IT,CN,PAPER,VEGET,1.96,507086.83,6,6,507081.78,0.0,4.0,1.0,0.05,258717.770408
1672721,IT,FR,CHEMI,FOOD5,1.21,507024.178,6,6,506997.13,0.0,2.0,25.0,0.048,419028.246281
1658292,IT,DE,COPP1,TRANS,1.28,506972.21,6,6,506969.184,0.0,1.0,2.0,0.026,396072.039062
1674067,IT,FR,GASDI,PUBLI,0.75,506943.138,4,4,506943.097,0.0,0.0,0.0,0.041,675924.184
1805759,IT,WF,BASIC,FINAN,0.58,506907.236,4,4,506907.204,0.0,0.0,0.0,0.032,873977.993103
1667515,IT,ES,FABRI,CEMEN,2.06,506886.507,5,5,506885.471,0.0,0.0,1.0,0.036,246061.411165
1712449,IT,LV,BASIC,REALE,0.58,506866.666,4,4,506866.634,0.0,0.0,0.0,0.032,873908.044828
1752123,IT,CN,BUSIN,ELEC1,5.2,506767.827,6,6,506765.792,0.0,1.0,1.0,0.035,97455.351346
1758024,IT,BR,RUBBE,MACHI,1.68,506728.911,6,6,506726.865,0.0,1.0,1.0,0.046,301624.351786
1775280,IT,CH,BUSIN,RUBBE,5.2,506683.773,6,6,506681.738,0.0,1.0,1.0,0.035,97439.187115
1673582,IT,FR,WOODW,DAIRY,1.42,506648.652,6,6,506644.618,0.0,3.0,1.0,0.034,356794.825352
1794131,IT,WL,PAPER,SUPPO,1.96,506568.808,6,6,506563.758,0.0,4.0,1.0,0.05,258453.473469
1773792,IT,CH,ELEC2,REALE,0.12,506482.295,4,4,506482.242,0.0,0.0,0.0,0.053,4220685.791667
1738095,IT,GB,RUBBE,COMPU,1.68,506474.745,6,6,506472.699,0.0,1.0,1.0,0.046,301473.0625
1809113,IT,WM,CROPS,PFERT,4.01,506458.822,6,6,506456.794,0.0,1.0,1.0,0.028,126298.958105
1766037,IT,RU,CHEM1,RETA1,1.06,506416.674,5,5,506415.619,0.0,0.0,1.0,0.055,477751.579245
1798828,IT,WE,FOOD5,WHOLE,2.43,506368.359,6,6,506365.314,0.0,2.0,1.0,0.045,208382.040741
1662337,IT,DK,BASIC,SUGA1,0.58,506315.832,4,4,506315.8,0.0,0.0,0.0,0.032,872958.331034
1760417,IT,IN,FOOD5,POULT,2.43,506245.781,6,6,506242.736,0.0,2.0,1.0,0.045,208331.597119
1772521,IT,CH,RUBBE,PAPER,1.68,506197.735,6,6,506195.689,0.0,1.0,1.0,0.046,301308.175595
1712996,IT,MT,SANDC,CONST,1.16,506190.329,5,5,506079.311,0.0,0.0,111.0,0.018,436370.973276
1678548,IT,GR,VEGET,DIST1,1.79,506163.859,5,5,506161.839,0.0,2.0,0.0,0.02,282773.105587
1676991,IT,FR,AIRTR,INSUR,0.55,506154.733,4,4,506154.717,0.0,0.0,0.0,0.016,920281.332727
1805752,IT,WF,BASIC,LANDT,0.58,505957.338,4,4,505957.306,0.0,0.0,0.0,0.032,872340.237931
1799630,IT,WE,MOTOR,FISH5,0.76,505946.968,4,4,505946.927,0.0,0.0,0.0,0.041,665719.694737
1747548,IT,JP,AIRTR,PRINT,0.55,505831.912,4,4,505831.896,0.0,0.0,0.0,0.016,919694.385455
1650087,IT,BG,MACHI,COMPU,2.82,505819.251,6,6,505817.209,0.0,1.0,1.0,0.042,179368.528723
1726652,IT,RO,TRANS,CEREA,3.02,505763.411,6,6,505761.384,0.0,1.0,1.0,0.027,167471.328146
1814574,IT,WM,BUSIN,PFERT,5.19,505754.053,6,6,505752.018,0.0,1.0,1.0,0.035,97447.794412
1654100,IT,CZ,OFFIC,TRANS,1.57,505672.896,5,5,505671.86,0.0,0.0,1.0,0.036,322084.647134
1659029,IT,DE,ELEC2,HOTEL,0.12,505668.338,4,4,505668.285,0.0,0.0,0.0,0.053,4213902.816667
1730122,IT,SE,HOTEL,BUSIN,3.66,505643.261,6,6,505641.223,0.0,1.0,1.0,0.038,138153.896448
1761691,IT,IN,FABRI,PUBLI,2.06,505624.097,5,5,505623.061,0.0,0.0,1.0,0.036,245448.590777
1653351,IT,CZ,GLASS,MOTO1,1.39,505573.263,5,5,505571.234,0.0,0.0,2.0,0.029,363721.771942
1647452,IT,BE,AIRTR,RESEA,0.55,505569.9,4,4,505569.884,0.0,0.0,0.0,0.016,919218.0
1809877,IT,WM,BEVER,FOOD5,2.15,505479.295,6,6,505477.263,0.0,1.0,1.0,0.032,235106.648837
1743545,IT,US,HOTEL,CATTL,3.66,505418.567,6,6,505416.529,0.0,1.0,1.0,0.038,138092.504645
1659976,IT,DE,SEACO,BASIC,0.51,505367.729,4,4,505367.72,0.0,0.0,0.0,0.009,990917.115686
1725606,IT,RO,WOODW,RETA1,1.41,505359.454,6,6,505355.42,0.0,3.0,1.0,0.034,358410.960284
1777052,IT,TR,CHEM1,CEMEN,1.06,505191.57,5,5,505190.515,0.0,0.0,1.0,0.055,476595.820755
1778923,IT,TR,SEACO,BASIC,0.51,505052.278,4,4,505052.269,0.0,0.0,0.0,0.009,990298.584314
1659009,IT,DE,ELEC2,CHEM1,0.12,505030.336,4,4,505030.283,0.0,0.0,0.0,0.053,4208586.133333
1726193,IT,RO,CERAM,WHOLE,0.79,504976.143,5,5,504973.116,0.0,0.0,3.0,0.027,639210.307595
1744756,IT,US,RESEA,MOTOR,2.74,504965.122,6,6,504963.087,0.0,1.0,1.0,0.035,184293.840146
1642137,IT,AT,CERAM,LIQUE,0.79,504942.861,5,5,504939.834,0.0,0.0,3.0,0.027,639168.178481
1658680,IT,DE,OFFIC,WOODW,1.56,504929.547,5,5,504928.511,0.0,0.0,1.0,0.036,323672.786538
1755534,IT,KR,CHEM1,NAPHT,1.06,504927.577,5,5,504926.522,0.0,0.0,1.0,0.055,476346.770755
1682031,IT,HR,BEVER,HOTEL,2.15,504899.027,6,6,504896.995,0.0,1.0,1.0,0.032,234836.756744
1742606,IT,US,ALUM1,WHOLE,0.88,504850.118,5,5,504849.078,0.0,0.0,1.0,0.04,573693.315909
1640983,IT,AT,WOODW,WHOLE,1.41,504814.53,6,6,504810.496,0.0,3.0,1.0,0.034,358024.489362
1746978,IT,JP,MOTO1,RESEA,2.69,504704.645,6,6,504702.612,0.0,1.0,1.0,0.033,187622.54461
1673730,IT,FR,PAPER,BRICK,1.96,504655.288,6,6,504650.238,0.0,4.0,1.0,0.05,257477.187755
1769763,IT,AU,MACHI,CHEM1,2.81,504560.111,6,6,504558.07,0.0,1.0,1.0,0.041,179558.758363
1679487,IT,GR,CHEM1,MOTO1,1.05,504508.357,5,5,504507.302,0.0,0.0,1.0,0.055,480484.149524
1652696,IT,CZ,PAPER,DAIRY,1.95,504407.344,6,6,504402.294,0.0,4.0,1.0,0.05,258670.432821
1722485,IT,PT,FOOD5,PIGS9,2.42,504345.179,6,6,504342.134,0.0,2.0,1.0,0.045,208407.09876
1653563,IT,CZ,BASIC,LANDT,0.58,504197.532,4,4,504197.5,0.0,0.0,0.0,0.032,869306.089655
1749260,IT,CN,PAPER,OFFIC,1.95,504194.99,6,6,504189.94,0.0,4.0,1.0,0.05,258561.533333
1749872,IT,CN,RUBBE,STEAM,1.67,504174.509,6,6,504172.463,0.0,1.0,1.0,0.046,301900.903593
1794891,IT,WL,CHEM1,PIGS9,1.05,504165.338,5,5,504164.283,0.0,0.0,1.0,0.055,480157.464762
1775196,IT,CH,RESEA,MEDIC,2.73,504163.96,6,6,504161.925,0.0,1.0,1.0,0.035,184675.443223
1788755,IT,WA,MOTOR,POSTT,0.75,504088.779,4,4,504088.738,0.0,0.0,0.0,0.041,672118.372
1675816,IT,FR,FURNI,93197,1.61,504069.657,6,6,504067.614,0.0,1.0,1.0,0.043,313086.743478
1671322,IT,FI,ALUM1,MACHI,0.88,504007.002,5,5,504005.962,0.0,0.0,1.0,0.04,572735.229545
1666003,IT,ES,MOTOR,POSTT,0.75,503972.785,4,4,503972.744,0.0,0.0,0.0,0.041,671963.713333
1779214,IT,TR,POSTT,RETA1,8.3,503920.184,6,6,503918.146,0.0,1.0,1.0,0.038,60713.275181
1795399,IT,WL,BASIC,NONME,0.58,503912.653,4,4,503912.621,0.0,0.0,0.0,0.032,868814.918966
1642923,IT,AT,TRANS,RESEA,3.01,503900.519,6,6,503898.492,0.0,1.0,1.0,0.027,167408.810299
1685503,IT,HU,PAPER,BEVER,1.95,503883.013,6,6,503877.963,0.0,4.0,1.0,0.05,258401.545128
1756747,IT,KR,AIRTR,TEXTI,0.55,503875.306,4,4,503875.29,0.0,0.0,0.0,0.016,916136.92
1653694,IT,CZ,LEAD1,LEAD1,0.88,503858.65,6,6,503855.608,0.0,1.0,2.0,0.042,572566.647727
1776991,IT,TR,CHEM1,POULT,1.05,503811.56,5,5,503810.505,0.0,0.0,1.0,0.055,479820.533333
1665310,IT,ES,BEVER,HEALT,2.14,503755.987,6,6,503753.955,0.0,1.0,1.0,0.032,235399.993925
1807712,IT,WF,BUSIN,RETA1,5.17,503748.593,6,6,503746.558,0.0,1.0,1.0,0.035,97436.865184
1659866,IT,DE,LANDT,LANDT,3.25,503624.636,5,5,503623.612,0.0,0.0,1.0,0.024,154961.426462
1656386,IT,DE,WOODW,OFFIC,1.41,503569.687,6,6,503565.653,0.0,3.0,1.0,0.034,357141.621986
1650309,IT,BG,ELEC2,COPPE,0.12,503462.549,4,4,503462.496,0.0,0.0,0.0,0.053,4195521.241667
1789635,IT,WA,RUBBE,KEROS,1.67,503449.697,6,6,503447.651,0.0,1.0,1.0,0.046,301466.884431
1800492,IT,WE,RUBBE,FISH5,1.67,503445.278,6,6,503443.232,0.0,1.0,1.0,0.046,301464.238323
1803082,IT,WF,CEREA,REALE,0.82,503430.645,5,5,503427.616,0.0,3.0,0.0,0.029,613939.810976
1806166,IT,WF,FABRI,AIRTR,2.05,503317.326,5,5,503316.29,0.0,0.0,1.0,0.036,245520.646829
1670917,IT,FI,CHEM1,TEXTI,1.05,503278.103,5,5,503277.048,0.0,0.0,1.0,0.055,479312.479048
1737643,IT,GB,PAPER,COMPU,1.95,503254.82,6,6,503249.77,0.0,4.0,1.0,0.05,258079.394872
1795804,IT,WL,MACHI,OFFIC,2.81,503221.98,6,6,503219.939,0.0,1.0,1.0,0.041,179082.55516
1802288,IT,WE,LANDT,WHOLE,3.25,503097.984,5,5,503096.96,0.0,0.0,1.0,0.024,154799.379692
1760812,IT,IN,COKEO,FURNI,0.06,503085.29,4,4,503085.287,0.0,0.0,0.0,0.003,8384754.833333
1806195,IT,WF,MACHI,RAWMI,2.81,502984.89,6,6,502982.849,0.0,1.0,1.0,0.041,178998.181495
1686073,IT,HU,RUBBE,PAPER,1.67,502920.874,6,6,502918.828,0.0,1.0,1.0,0.046,301150.223952
1654546,IT,CZ,HOTEL,LANDT,3.64,502874.353,6,6,502872.315,0.0,1.0,1.0,0.038,138152.29478
1804968,IT,WF,PLAST,PIGS9,1.06,502850.032,5,5,502848.981,0.0,0.0,1.0,0.051,474386.822642
1738575,IT,GB,FABRI,CEMEN,2.05,502847.735,5,5,502846.699,0.0,0.0,1.0,0.036,245291.578049
1674505,IT,FR,RUBBE,POULT,1.67,502821.323,6,6,502819.277,0.0,1.0,1.0,0.046,301090.612575
1654032,IT,CZ,MACHI,STEAM,2.8,502754.271,6,6,502752.23,0.0,1.0,1.0,0.041,179555.096786
1766153,IT,RU,RUBBE,RETA1,1.67,502694.614,6,6,502692.568,0.0,1.0,1.0,0.046,301014.738922
1682693,IT,HR,GASDI,CEREA,0.75,502652.804,4,4,502652.763,0.0,0.0,0.0,0.041,670203.738667
1768461,IT,AU,DAIRY,HEALT,2.04,502630.136,5,5,502626.102,0.0,4.0,0.0,0.034,246387.321569
1728348,IT,SE,TEXTI,WEARI,2.98,502617.804,4,4,502617.737,0.0,0.0,0.0,0.067,168663.692617
1811166,IT,WM,NAPHT,NONME,0.85,502611.012,5,5,502609.976,0.0,0.0,1.0,0.036,591307.072941
1656695,IT,DE,COKEO,RESEA,0.06,502609.43,4,4,502609.427,0.0,0.0,0.0,0.003,8376823.833333
1805350,IT,WF,RUBBE,FISH5,1.66,502488.327,6,6,502486.281,0.0,1.0,1.0,0.046,302703.811446
1802788,IT,WE,BUSIN,WHOLE,5.16,502470.077,6,6,502468.042,0.0,1.0,1.0,0.035,97377.921899
1777065,IT,TR,CHEM1,RADIO,1.05,502425.03,5,5,502423.975,0.0,0.0,1.0,0.055,478500.028571
1748473,IT,CN,STONE,ELECT,1.63,502405.283,5,5,502377.26,0.0,0.0,28.0,0.023,308224.1
1658796,IT,DE,MOTO1,RUBBE,2.67,502369.569,6,6,502367.536,0.0,1.0,1.0,0.033,188153.396629
1662513,IT,DK,COPP1,MACHI,1.27,502278.214,6,6,502275.188,0.0,1.0,2.0,0.026,395494.656693
1683537,IT,HR,ALUM1,SECO9,0.87,502274.624,5,5,502273.584,0.0,0.0,1.0,0.04,577327.154023
1799987,IT,WE,HEAVY,RUBBE,0.81,502192.109,5,5,502191.069,0.0,0.0,1.0,0.04,619990.258025
1679239,IT,GR,KEROS,AIRTR,0.75,502145.845,4,4,502145.804,0.0,0.0,0.0,0.041,669527.793333
1811582,IT,WM,CHEM1,MEATA,1.05,502071.744,5,5,502070.689,0.0,0.0,1.0,0.055,478163.565714
1741087,IT,US,TEXTI,RESEA,2.97,502021.314,4,4,502021.247,0.0,0.0,0.0,0.067,169030.745455
1649375,IT,BG,CHEM1,OILSE,1.05,501967.521,5,5,501966.466,0.0,0.0,1.0,0.055,478064.305714
1813995,IT,WM,SEACO,PFERT,0.51,501904.061,4,4,501904.052,0.0,0.0,0.0,0.009,984125.609804
1798632,IT,WE,MEAT4,WEARI,2.76,501847.496,6,6,501844.462,0.0,2.0,1.0,0.034,181828.802899
1811889,IT,WM,RUBBE,CEMEN,1.66,501777.244,6,6,501775.199,0.0,1.0,1.0,0.045,302275.448193
1810852,IT,WM,KEROS,BLAST,0.75,501730.845,4,4,501730.804,0.0,0.0,0.0,0.041,668974.46
1721075,IT,PL,HOTEL,RETA1,3.64,501618.758,6,6,501616.72,0.0,1.0,1.0,0.038,137807.351099
1723803,IT,PT,OFFIC,COMPU,1.55,501599.245,5,5,501598.209,0.0,0.0,1.0,0.036,323612.416129
1778682,IT,TR,HOTEL,BUSIN,3.64,501559.327,6,6,501557.289,0.0,1.0,1.0,0.038,137791.023901
1712324,IT,LV,RUBBE,RUBBE,1.66,501559.064,6,6,501557.019,0.0,1.0,1.0,0.045,302144.014458
1714399,IT,NL,VEGET,MEATP,1.78,501463.945,5,5,501461.925,0.0,2.0,0.0,0.02,281721.317416
1812329,IT,WM,BASIC,NFERT,0.58,501440.64,4,4,501440.608,0.0,0.0,0.0,0.032,864552.827586
1733013,IT,SI,LEAD1,CONST,0.87,501406.035,6,6,501402.993,0.0,1.0,2.0,0.042,576328.775862
1742448,IT,US,BASIC,NATU1,0.58,501385.079,4,4,501385.047,0.0,0.0,0.0,0.032,864457.032759
1796002,IT,WL,MOTO1,CONST,2.67,501378.847,6,6,501376.814,0.0,1.0,1.0,0.033,187782.3397
1799620,IT,WE,MOTOR,MEATC,0.75,501321.426,4,4,501321.385,0.0,0.0,0.0,0.041,668428.568
1768839,IT,AU,LEATH,FURNI,3.59,501321.327,6,6,501316.24,0.0,4.0,1.0,0.087,139643.823677
1796430,IT,WL,WHOLE,HOTEL,4.33,501317.83,6,6,501315.801,0.0,1.0,1.0,0.029,115777.789838
1765838,IT,RU,HEAVY,WHEAT,0.81,501276.949,5,5,501275.909,0.0,0.0,1.0,0.04,618860.430864
1721400,IT,PL,SEACO,CONST,0.51,501183.994,4,4,501183.985,0.0,0.0,0.0,0.009,982713.713725
1746531,IT,JP,NONME,NONME,1.01,501150.606,5,5,501149.551,0.0,0.0,1.0,0.055,496188.718812
1794175,IT,WL,PRINT,PRINT,4.81,501104.872,6,6,501102.834,0.0,1.0,1.0,0.038,104179.807069
1645788,IT,BE,RUBBE,HOTEL,1.66,501102.978,6,6,501100.933,0.0,1.0,1.0,0.045,301869.263855
1812342,IT,WM,BASIC,LEAD1,0.58,501073.542,4,4,501073.51,0.0,0.0,0.0,0.032,863919.9
1790727,IT,WA,MACHI,WHEAT,2.79,500926.215,6,6,500924.174,0.0,1.0,1.0,0.041,179543.446237
1661406,IT,DK,VEGE1,WEARI,1.54,500924.474,6,6,500920.365,0.0,3.0,1.0,0.109,325275.632468
1673340,IT,FR,TEXTI,SALEM,2.97,500917.069,4,4,500917.003,0.0,0.0,0.0,0.066,168658.945791
1805168,IT,WF,CHEM1,FISHF,1.05,500886.542,5,5,500885.487,0.0,0.0,1.0,0.055,477034.801905
1784356,IT,ID,RUBBE,FURNI,1.66,500840.924,6,6,500838.879,0.0,1.0,1.0,0.045,301711.4
1668729,IT,ES,LANDT,CHEM1,3.23,500819.303,5,5,500818.279,0.0,0.0,1.0,0.024,155052.415789
1685782,IT,HU,PLAST,ALUM1,1.05,500807.79,5,5,500806.739,0.0,0.0,1.0,0.051,476959.8
1676403,IT,FR,WHOLE,POSTT,4.33,500764.516,6,6,500762.487,0.0,1.0,1.0,0.029,115650.003695
1748441,IT,CN,STONE,BITUM,1.62,500658.853,5,5,500630.83,0.0,0.0,28.0,0.023,309048.674691
1749491,IT,CN,NAPHT,PFERT,0.85,500639.596,5,5,500638.56,0.0,0.0,1.0,0.036,588987.76
1805973,IT,WF,COPP1,NONFE,1.26,500639.45,6,6,500636.424,0.0,1.0,2.0,0.026,397332.896825
1654050,IT,CZ,MACHI,RESEA,2.79,500636.621,6,6,500634.58,0.0,1.0,1.0,0.041,179439.649104
1671528,IT,FI,MACHI,COMPU,2.79,500586.25,6,6,500584.209,0.0,1.0,1.0,0.041,179421.594982
1794952,IT,WL,CHEM1,RUBBE,1.05,500536.369,5,5,500535.314,0.0,0.0,1.0,0.055,476701.30381
1660848,IT,DE,COMPU,WHOLE,5.71,500418.905,6,6,500416.874,0.0,1.0,1.0,0.031,87639.037653
1812358,IT,WM,BASIC,ELEC6,0.58,500351.822,4,4,500351.79,0.0,0.0,0.0,0.032,862675.555172
1655497,IT,DE,CRUDE,LIQUE,0.99,500307.185,5,5,500306.142,0.0,0.0,1.0,0.043,505360.792929
1688703,IT,IE,CHEM1,TRANS,1.05,500219.892,5,5,500218.837,0.0,0.0,1.0,0.055,476399.897143
1713162,IT,MT,FISH5,POSTT,2.1,500022.393,6,6,500020.136,0.0,1.0,1.0,0.257,238105.901429
1730942,IT,SE,INTER,RESEA,3.0,500008.58,5,5,500007.548,0.0,0.0,1.0,0.032,166669.526667
1685916,IT,HU,CHEM1,HOTEL,1.04,499989.728,5,5,499988.673,0.0,0.0,1.0,0.055,480759.353846
1794284,IT,WL,MOTOR,KEROS,0.75,499973.775,4,4,499973.734,0.0,0.0,0.0,0.041,666631.7
1714141,IT,MT,AIRTR,FINAN,0.54,499961.084,4,4,499961.068,0.0,0.0,0.0,0.016,925853.859259
1733793,IT,SI,LANDT,WHOLE,3.23,499933.536,5,5,499932.512,0.0,0.0,1.0,0.024,154778.18452
1720291,IT,PL,FABRI,PLAST,2.03,499885.371,5,5,499884.335,0.0,0.0,1.0,0.036,246248.951232
1765322,IT,RU,FOOD5,MEATP,2.4,499821.313,6,6,499818.268,0.0,2.0,1.0,0.045,208258.880417
1685930,IT,HU,CHEM1,EDUCA,1.04,499699.902,5,5,499698.847,0.0,0.0,1.0,0.055,480480.675
1710006,IT,LT,ALUM1,OFFIC,0.87,499657.58,5,5,499656.54,0.0,0.0,1.0,0.04,574319.057471
1722351,IT,PT,FISHF,FISH5,0.86,499657.229,4,4,499657.211,0.0,0.0,0.0,0.018,580996.777907
1657539,IT,DE,GLASS,BEVER,1.37,499551.501,5,5,499549.472,0.0,0.0,2.0,0.029,364636.132117
1790143,IT,WA,BASIC,DISTR,0.58,499548.433,4,4,499548.401,0.0,0.0,0.0,0.032,861290.401724
1679745,IT,GR,BASIC,ALUM1,0.57,499505.37,4,4,499505.338,0.0,0.0,0.0,0.032,876325.210526
1738920,IT,GB,FURNI,WHOLE,1.59,499476.86,6,6,499474.817,0.0,1.0,1.0,0.043,314136.389937
1709874,IT,LT,CERAM,MOTOR,0.78,499463.352,5,5,499460.325,0.0,0.0,3.0,0.027,640337.630769
1773466,IT,CH,OFFIC,RAILW,1.55,499457.117,5,5,499456.081,0.0,0.0,1.0,0.036,322230.398065
1673991,IT,FR,KEROS,POSTT,0.74,499446.76,4,4,499446.719,0.0,0.0,0.0,0.041,674928.054054
1738720,IT,GB,MACHI,SUPPO,2.79,499428.4,6,6,499426.359,0.0,1.0,1.0,0.041,179006.594982
1758243,IT,BR,BASIC,SALEM,0.57,499374.016,4,4,499373.984,0.0,0.0,0.0,0.032,876094.764912
1727021,IT,RO,HOTEL,PAPE4,3.62,499348.294,6,6,499346.256,0.0,1.0,1.0,0.038,137941.51768
1754553,IT,CA,BUSIN,COMPU,5.13,499325.797,6,6,499323.763,0.0,1.0,1.0,0.034,97334.463353
1689288,IT,IE,WHOLE,BUSIN,4.31,499271.294,6,6,499269.265,0.0,1.0,1.0,0.029,115840.207425
1658647,IT,DE,MACHI,PLAS1,2.78,499174.641,6,6,499172.6,0.0,1.0,1.0,0.041,179559.223381
1811669,IT,WM,CHEM1,COLLE,1.04,499116.564,5,5,499115.51,0.0,0.0,1.0,0.054,479919.773077
1807202,IT,WF,AIRTR,FINAN,0.54,499102.929,4,4,499102.913,0.0,0.0,0.0,0.016,924264.683333
1709817,IT,LT,RUBBE,CONST,1.65,499097.397,6,6,499095.352,0.0,1.0,1.0,0.045,302483.270909
1646113,IT,BE,BASIC,SEWAG,0.57,499037.708,4,4,499037.676,0.0,0.0,0.0,0.032,875504.750877
1728121,IT,SE,VEGE1,HOTEL,1.53,498914.118,6,6,498910.009,0.0,3.0,1.0,0.109,326087.658824
1771459,IT,CH,BEVER,CHEM1,2.12,498839.134,6,6,498837.102,0.0,1.0,1.0,0.032,235301.478302
1740783,IT,US,MEAT4,HEALT,2.75,498827.421,6,6,498824.387,0.0,2.0,1.0,0.034,181391.789455
1666089,IT,ES,GASDI,BEVER,0.74,498807.727,4,4,498807.686,0.0,0.0,0.0,0.041,674064.495946
1684717,IT,HU,VEGET,FOOD5,1.77,498709.47,5,5,498707.45,0.0,2.0,0.0,0.02,281756.762712
1652722,IT,CZ,PAPER,RUBBE,1.93,498703.725,6,6,498698.676,0.0,4.0,1.0,0.049,258395.712435
1796281,IT,WL,CONST,CONST,2.79,498688.006,6,6,498684.979,0.0,1.0,2.0,0.027,178741.220789
1675902,IT,FR,ELEC2,TRANS,0.12,498676.961,4,4,498676.909,0.0,0.0,0.0,0.052,4155641.341667
1801683,IT,WE,FURNI,HOTEL,1.59,498629.818,6,6,498627.775,0.0,1.0,1.0,0.043,313603.659119
1653972,IT,CZ,MACHI,WOODW,2.78,498615.729,6,6,498613.688,0.0,1.0,1.0,0.041,179358.175899
1725975,IT,RO,CHEM1,GASDI,1.04,498583.945,5,5,498582.891,0.0,0.0,1.0,0.054,479407.639423
1786257,IT,ZA,FABRI,BITUM,2.03,498530.224,5,5,498529.188,0.0,0.0,1.0,0.036,245581.391133
1757988,IT,BR,RUBBE,BEVER,1.65,498361.3,6,6,498359.255,0.0,1.0,1.0,0.045,302037.151515
1640563,IT,AT,FOOD5,OFFIC,2.39,498277.154,6,6,498274.109,0.0,2.0,1.0,0.045,208484.164854
1659933,IT,DE,TRAN2,DIST1,0.77,498266.95,4,4,498266.936,0.0,0.0,0.0,0.014,647099.935065
1713041,IT,MT,MEAT4,MEAT4,2.74,498130.432,6,6,498127.398,0.0,2.0,1.0,0.034,181799.427737
1804599,IT,WF,HEAVY,PRINT,0.8,498105.925,5,5,498104.885,0.0,0.0,1.0,0.04,622632.40625
1742325,IT,US,CEMEN,COMPU,0.8,497963.717,5,5,497960.695,0.0,0.0,3.0,0.022,622454.64625
1805056,IT,WF,PLAST,RETAI,1.04,497823.701,5,5,497822.65,0.0,0.0,1.0,0.051,478676.635577
1782203,IT,NO,BASIC,NONME,0.57,497751.913,4,4,497751.882,0.0,0.0,0.0,0.031,873248.970175
1672565,IT,FR,OILSE,SUGA1,0.36,497731.82,5,5,497727.797,0.0,4.0,0.0,0.023,1382588.388889
1772832,IT,CH,BASIC,STONE,0.57,497703.816,4,4,497703.785,0.0,0.0,0.0,0.031,873164.589474
1675494,IT,FR,OFFIC,MACHI,1.54,497690.939,5,5,497689.903,0.0,0.0,1.0,0.036,323175.934416
1657115,IT,DE,PLAST,WOODW,1.04,497648.321,5,5,497647.27,0.0,0.0,1.0,0.051,478508.000962
1799632,IT,WE,MOTOR,TEXTI,0.74,497624.598,4,4,497624.557,0.0,0.0,0.0,0.041,672465.672973
1809094,IT,WM,CROPS,FOOD5,3.94,497542.47,6,6,497540.443,0.0,1.0,1.0,0.027,126279.814721
1738126,IT,GB,GLASS,BEVER,1.37,497521.793,5,5,497519.765,0.0,0.0,2.0,0.028,363154.593431
1746280,IT,JP,CHEM1,DIST1,1.04,497357.376,5,5,497356.322,0.0,0.0,1.0,0.054,478228.246154
1780997,IT,TW,BUSIN,FABRI,5.11,497341.375,6,6,497339.341,0.0,1.0,1.0,0.034,97327.079256
1647322,IT,BE,TRAN2,INLAN,0.77,497245.939,4,4,497245.925,0.0,0.0,0.0,0.014,645773.946753
1679815,IT,GR,ALUM1,FOOD5,0.86,497135.026,5,5,497133.986,0.0,0.0,1.0,0.04,578063.983721
1788202,IT,WA,LEATH,PADDY,3.56,497096.723,6,6,497091.637,0.0,4.0,1.0,0.086,139633.910955
1812373,IT,WM,BASIC,TRAN2,0.57,497093.043,4,4,497093.012,0.0,0.0,0.0,0.031,872093.057895
1744339,IT,US,FINAN,SEACO,6.47,497036.344,4,4,497036.33,0.0,0.0,0.0,0.014,76821.691499
1671431,IT,FI,FABRI,TRANS,2.02,497031.19,5,5,497030.154,0.0,0.0,1.0,0.036,246055.044554
1646103,IT,BE,BASIC,REALE,0.57,496993.699,4,4,496993.668,0.0,0.0,0.0,0.031,871918.770175
1649710,IT,BG,NONME,CONST,1.0,496972.447,5,5,496971.392,0.0,0.0,1.0,0.055,496972.447
1739319,IT,GB,HOTEL,REALE,3.6,496926.175,6,6,496924.138,0.0,1.0,1.0,0.037,138035.048611
1787866,IT,WA,FOOD5,RESEA,2.39,496890.654,6,6,496887.61,0.0,2.0,1.0,0.044,207904.039331
1710192,IT,LT,MACHI,RENTI,2.77,496828.311,6,6,496826.27,0.0,1.0,1.0,0.041,179360.401083
1779042,IT,TR,AIRTR,HOTEL,0.54,496661.654,4,4,496661.638,0.0,0.0,0.0,0.016,919743.803704
1649232,IT,BG,KEROS,AIRTR,0.74,496638.051,4,4,496638.011,0.0,0.0,0.0,0.04,671132.501351
1669814,IT,ES,BUSIN,SALEM,5.1,496571.663,6,6,496569.629,0.0,1.0,1.0,0.034,97366.992745
1756261,IT,KR,MACHI,PRIVA,2.77,496566.405,6,6,496564.364,0.0,1.0,1.0,0.041,179265.850181
1804333,IT,WF,MOTOR,DISTR,0.74,496516.339,4,4,496516.299,0.0,0.0,0.0,0.04,670968.025676
1688709,IT,IE,CHEM1,ELEC5,1.04,496511.134,5,5,496510.08,0.0,0.0,1.0,0.054,477414.551923
1674358,IT,FR,CHEM1,PFERT,1.04,496408.513,5,5,496407.459,0.0,0.0,1.0,0.054,477315.877885
1732074,IT,SI,KEROS,RECRE,0.74,496261.823,4,4,496261.783,0.0,0.0,0.0,0.04,670624.085135
1675198,IT,FR,FABRI,CEREA,2.02,496248.648,5,5,496247.612,0.0,0.0,1.0,0.036,245667.647525
1794089,IT,WL,PAPER,PFERT,1.92,496209.109,6,6,496204.06,0.0,4.0,1.0,0.049,258442.244271
1719299,IT,PL,CHEM1,SALEM,1.04,496202.663,5,5,496201.609,0.0,0.0,1.0,0.054,477117.945192
1742654,IT,US,COPP1,TRANS,1.25,496176.365,6,6,496173.339,0.0,1.0,2.0,0.026,396941.092
1680368,IT,GR,ELEC2,GASDI,0.12,496156.881,4,4,496156.829,0.0,0.0,0.0,0.052,4134640.675
1809045,IT,WM,VEGET,FINAN,1.76,496125.794,5,5,496123.775,0.0,2.0,0.0,0.019,281889.655682
1796062,IT,WL,TRANS,DAIRY,2.96,496116.702,6,6,496114.675,0.0,1.0,1.0,0.027,167606.993919
1682735,IT,HR,GASDI,RETA1,0.74,496052.094,4,4,496052.054,0.0,0.0,0.0,0.04,670340.667568
1652739,IT,CZ,PAPER,MOTO1,1.92,496005.696,6,6,496000.647,0.0,4.0,1.0,0.049,258336.3
1768016,IT,RU,BUSIN,CRUDE,5.09,495994.092,6,6,495992.058,0.0,1.0,1.0,0.034,97444.811788
1645622,IT,BE,CHEM1,NONF1,1.04,495986.011,5,5,495984.957,0.0,0.0,1.0,0.054,476909.625962
1667770,IT,ES,OFFIC,WOODW,1.54,495980.82,5,5,495979.784,0.0,0.0,1.0,0.036,322065.467532
1677108,IT,FR,SUPPO,EDUCA,3.57,495923.081,5,5,495922.057,0.0,0.0,1.0,0.024,138914.028291
1812750,IT,WM,NONF1,RADIO,0.11,495809.436,4,4,495809.433,0.0,0.0,0.0,0.003,4507358.509091
1788199,IT,WA,WEARI,RECRE,3.74,495770.679,6,6,495768.585,0.0,1.0,1.0,0.094,132559.00508
1809836,IT,WM,FOOD5,SUPPO,2.38,495767.889,6,6,495764.845,0.0,2.0,1.0,0.044,208305.835714
1750020,IT,CN,NONME,ALUM1,1.0,495745.658,5,5,495744.604,0.0,0.0,1.0,0.054,495745.658
1655557,IT,DE,STONE,DIST1,1.6,495745.572,5,5,495717.549,0.0,0.0,28.0,0.023,309840.9825
1720992,IT,PL,RETA1,RETA1,5.18,495684.013,6,6,495681.981,0.0,1.0,1.0,0.032,95691.894402
1650360,IT,BG,ELEC2,DISTR,0.12,495673.202,4,4,495673.15,0.0,0.0,0.0,0.052,4130610.016667
1662053,IT,DK,CHEM1,FOOD5,1.04,495651.177,5,5,495650.123,0.0,0.0,1.0,0.054,476587.670192
1769400,IT,AU,CERAM,REALE,0.77,495646.069,5,5,495643.042,0.0,0.0,3.0,0.027,643696.193506
1788743,IT,WA,MOTOR,CONST,0.74,495509.874,4,4,495509.834,0.0,0.0,0.0,0.04,669607.937838
1719709,IT,PL,NONME,COPP1,1.0,495477.696,5,5,495476.642,0.0,0.0,1.0,0.054,495477.696
1667772,IT,ES,OFFIC,PAPER,1.54,495475.476,5,5,495474.44,0.0,0.0,1.0,0.036,321737.322078
1724433,IT,PT,AIRTR,DIST1,0.54,495401.9,4,4,495401.884,0.0,0.0,0.0,0.016,917410.925926
1737514,IT,GB,WOODW,RUBBE,1.39,495360.961,6,6,495356.928,0.0,3.0,1.0,0.033,356374.792086
1780933,IT,TW,BUSIN,VEGET,5.09,495311.122,6,6,495309.088,0.0,1.0,1.0,0.034,97310.633006
1652626,IT,CZ,WOODW,CHEM1,1.39,495294.754,6,6,495290.721,0.0,3.0,1.0,0.033,356327.161151
1683619,IT,HR,FABRI,DAIRY,2.02,495248.01,5,5,495246.974,0.0,0.0,1.0,0.036,245172.282178
1796667,IT,WL,HOTEL,INSUR,3.59,495211.761,6,6,495209.724,0.0,1.0,1.0,0.037,137941.994708
1726343,IT,RO,ALUM1,BASIC,0.86,495203.889,5,5,495202.849,0.0,0.0,1.0,0.04,575818.475581
1686559,IT,HU,ALUM1,CEMEN,0.86,495149.173,5,5,495148.133,0.0,0.0,1.0,0.04,575754.852326
1739003,IT,GB,SALEM,CONST,4.0,495129.873,6,6,495127.842,0.0,1.0,1.0,0.031,123782.46825
1734591,IT,SK,BEVER,MOTO1,2.11,495064.383,6,6,495062.351,0.0,1.0,1.0,0.032,234627.669668
1728512,IT,SE,WOODW,CONST,1.39,495053.96,6,6,495049.927,0.0,3.0,1.0,0.033,356153.928058
1761651,IT,IN,FABRI,CHEM1,2.01,495053.349,5,5,495052.313,0.0,0.0,1.0,0.036,246295.198507
1766675,IT,RU,FABRI,SALEM,2.01,495018.747,5,5,495017.711,0.0,0.0,1.0,0.036,246277.983582
1804586,IT,WF,HEAVY,DAIRY,0.8,495004.798,5,5,495003.758,0.0,0.0,1.0,0.04,618755.9975
1811930,IT,WM,RUBBE,AUXIL,1.64,494880.4,6,6,494878.355,0.0,1.0,1.0,0.045,301756.341463
1685115,IT,HU,FOOD5,OFFIC,2.38,494811.916,6,6,494808.872,0.0,2.0,1.0,0.044,207904.166387
1653064,IT,CZ,PLAST,BUSIN,1.04,494781.283,5,5,494780.233,0.0,0.0,1.0,0.05,475751.233654
1713053,IT,MT,MEAT4,SUPPO,2.72,494739.214,6,6,494736.18,0.0,2.0,1.0,0.034,181889.416912
1742987,IT,US,MACHI,WOOD2,2.76,494730.159,6,6,494728.118,0.0,1.0,1.0,0.041,179250.057609
1795796,IT,WL,MACHI,PREC1,2.76,494685.354,6,6,494683.313,0.0,1.0,1.0,0.041,179233.823913
1810789,IT,WM,KEROS,IRONO,0.74,494615.878,4,4,494615.838,0.0,0.0,0.0,0.04,668399.835135
1659964,IT,DE,SEACO,HEAVY,0.5,494551.8,4,4,494551.791,0.0,0.0,0.0,0.009,989103.6
1799803,IT,WE,GASDI,PIGS9,0.74,494507.078,4,4,494507.038,0.0,0.0,0.0,0.04,668252.808108
1795694,IT,WL,FABRI,TRAN2,2.01,494478.263,5,5,494477.228,0.0,0.0,1.0,0.035,246009.08607
1686956,IT,HU,MACHI,ELEC3,2.76,494447.967,6,6,494445.926,0.0,1.0,1.0,0.041,179147.81413
1686650,IT,HU,LEAD1,REALE,0.86,494257.105,6,6,494254.063,0.0,1.0,2.0,0.042,574717.563953
1793486,IT,WL,CHEMI,FISH5,1.18,494221.149,6,6,494195.103,0.0,2.0,24.0,0.046,418831.482203
1714769,IT,NL,PROCE,FISHF,3.34,494156.396,6,6,494153.365,0.0,2.0,1.0,0.031,147951.016766
1797539,IT,WL,BUSIN,FINAN,5.07,494106.706,6,6,494104.672,0.0,1.0,1.0,0.034,97456.943984
1742522,IT,US,BASIC,EDUCA,0.57,493969.202,4,4,493969.171,0.0,0.0,0.0,0.031,866612.635088
1758178,IT,BR,NONME,RETA1,1.0,493929.477,5,5,493928.423,0.0,0.0,1.0,0.054,493929.477
1666553,IT,ES,CHEM1,WEARI,1.03,493919.485,5,5,493918.431,0.0,0.0,1.0,0.054,479533.480583
1789355,IT,WA,CHEM1,LEATH,1.03,493899.698,5,5,493898.644,0.0,0.0,1.0,0.054,479514.269903
1664921,IT,ES,CRUDE,BUSIN,0.97,493872.752,5,5,493871.71,0.0,0.0,1.0,0.042,509147.16701
1801167,IT,WE,FABRI,MEATP,2.01,493787.87,5,5,493786.835,0.0,0.0,1.0,0.035,245665.606965
1769204,IT,AU,CHEM1,EDUCA,1.03,493786.076,5,5,493785.022,0.0,0.0,1.0,0.054,479403.957282
1666605,IT,ES,CHEM1,ELEC3,1.03,493755.273,5,5,493754.219,0.0,0.0,1.0,0.054,479374.051456
1735209,IT,SK,RUBBE,WHOLE,1.64,493742.446,6,6,493740.401,0.0,1.0,1.0,0.045,301062.467073
1800273,IT,WE,PLAST,DISTR,1.04,493679.391,5,5,493678.341,0.0,0.0,1.0,0.05,474691.722115
1713532,IT,MT,GLASS,CONST,1.35,493654.661,5,5,493652.633,0.0,0.0,2.0,0.028,365670.119259
1675084,IT,FR,ALUM1,INTER,0.86,493552.917,5,5,493551.877,0.0,0.0,1.0,0.04,573898.740698
1678609,IT,GR,FISHF,FURNI,0.85,493531.622,4,4,493531.604,0.0,0.0,0.0,0.018,580625.437647
1784299,IT,ID,CHEM1,WHOLE,1.03,493407.816,5,5,493406.762,0.0,0.0,1.0,0.054,479036.714563
1726975,IT,RO,HOTEL,FABRI,3.58,493384.072,6,6,493382.035,0.0,1.0,1.0,0.037,137816.779888
1675357,IT,FR,MACHI,FISH5,2.75,493284.267,6,6,493282.226,0.0,1.0,1.0,0.041,179376.097091
1716500,IT,NL,OFFIC,POSTT,1.53,493091.438,5,5,493090.402,0.0,0.0,1.0,0.036,322281.985621
1674553,IT,FR,RUBBE,GLASS,1.63,493070.247,6,6,493068.202,0.0,1.0,1.0,0.045,302497.084049
1674243,IT,FR,NAPHT,BIOGA,0.84,492984.177,5,5,492983.142,0.0,0.0,1.0,0.035,586885.925
1673934,IT,FR,MOTOR,RENTI,0.74,492977.78,4,4,492977.74,0.0,0.0,0.0,0.04,666186.189189
1743785,IT,US,LANDT,MACHI,3.18,492971.334,5,5,492970.311,0.0,0.0,1.0,0.023,155022.432075
1673516,IT,FR,LEATH,PRINT,3.53,492953.503,6,6,492949.418,0.0,3.0,1.0,0.085,139646.884703
1647552,IT,BE,SUPPO,RESEA,3.54,492927.51,5,5,492926.486,0.0,0.0,1.0,0.024,139245.059322
1796666,IT,WL,HOTEL,FINAN,3.57,492874.2,6,6,492872.163,0.0,1.0,1.0,0.037,138060.0
1680510,IT,GR,ELEC6,PAPE4,0.07,492721.287,4,4,492721.208,0.0,0.0,0.0,0.079,7038875.528571
1746932,IT,JP,MOTO1,BASIC,2.62,492712.927,6,6,492710.895,0.0,1.0,1.0,0.032,188058.369084
1795080,IT,WL,RUBBE,CATTL,1.63,492662.109,6,6,492660.064,0.0,1.0,1.0,0.045,302246.692638
1648864,IT,BG,TEXTI,RUBBE,2.92,492649.845,4,4,492649.78,0.0,0.0,0.0,0.065,168715.700342
1741075,IT,US,TEXTI,RETAI,2.92,492571.057,4,4,492570.992,0.0,0.0,0.0,0.065,168688.718151
1803978,IT,WF,LEATH,LEATH,3.53,492547.295,6,6,492543.21,0.0,3.0,1.0,0.085,139531.811615
1755561,IT,KR,CHEM1,ELECT,1.03,492490.131,5,5,492489.077,0.0,0.0,1.0,0.054,478145.758252
1810774,IT,WM,KEROS,CATTL,0.73,492469.644,4,4,492469.604,0.0,0.0,0.0,0.04,674615.950685
1739088,IT,GB,WHOLE,FOOD5,4.26,492445.704,6,6,492443.675,0.0,1.0,1.0,0.029,115597.583099
1663727,IT,EE,DAIRY,DAIRY,2.0,492228.929,5,5,492225.896,0.0,3.0,0.0,0.033,246114.4645
1674997,IT,FR,PREC1,CERAM,0.84,492181.472,6,6,492179.449,0.0,1.0,1.0,0.023,585930.32381
1665244,IT,ES,BEVER,RAWMI,2.09,492170.546,6,6,492168.514,0.0,1.0,1.0,0.032,235488.299522
1801357,IT,WE,MACHI,ELEC3,2.75,492151.737,6,6,492149.697,0.0,1.0,1.0,0.04,178964.268
1690369,IT,IE,WASTE,BEVER,1.56,492104.889,5,5,492103.862,0.0,0.0,1.0,0.027,315451.851923
1784150,IT,ID,PAPER,TOBAC,1.91,492065.266,6,6,492060.217,0.0,4.0,1.0,0.049,257625.793717
1683446,IT,HR,BASIC,WASTE,0.57,492057.444,4,4,492057.413,0.0,0.0,0.0,0.031,863258.673684
1775757,IT,TR,CRUDE,REFI1,0.97,492028.159,5,5,492027.117,0.0,0.0,1.0,0.042,507245.524742
1741477,IT,US,MOTOR,FINAN,0.73,491964.84,4,4,491964.8,0.0,0.0,0.0,0.04,673924.438356
1811003,IT,WM,GASDI,FINAN,0.73,491956.999,4,4,491956.959,0.0,0.0,0.0,0.04,673913.69726
1719258,IT,PL,CHEM1,PLAST,1.03,491954.141,5,5,491953.087,0.0,0.0,1.0,0.054,477625.379612
1666906,IT,ES,GLASS,RETA1,1.35,491950.555,5,5,491948.527,0.0,0.0,2.0,0.028,364407.818519
1791019,IT,WA,MOTO1,PUBLI,2.62,491851.188,6,6,491849.156,0.0,1.0,1.0,0.032,187729.461069
1723344,IT,PT,NONME,LEAD1,0.99,491826.565,5,5,491825.511,0.0,0.0,1.0,0.054,496794.510101
1667889,IT,ES,MOTO1,CEMEN,2.62,491813.766,6,6,491811.734,0.0,1.0,1.0,0.032,187715.177863
1766034,IT,RU,CHEM1,SALEM,1.03,491692.847,5,5,491691.793,0.0,0.0,1.0,0.054,477371.696117
1726170,IT,RO,GLASS,MOTO1,1.35,491662.682,5,5,491660.654,0.0,0.0,2.0,0.028,364194.579259
1648193,IT,BE,BUSIN,RUBBE,5.05,491525.422,6,6,491523.388,0.0,1.0,1.0,0.034,97331.766733
1653346,IT,CZ,GLASS,FABRI,1.35,491514.867,5,5,491512.839,0.0,0.0,2.0,0.028,364085.086667
1641536,IT,AT,HEAVY,FABRI,0.79,491512.124,5,5,491511.085,0.0,0.0,1.0,0.039,622167.24557
1796137,IT,WL,TRANS,INSUR,2.93,491479.477,6,6,491477.45,0.0,1.0,1.0,0.027,167740.435836
1722621,IT,PT,TEXTI,RUBBE,2.91,491407.561,4,4,491407.496,0.0,0.0,0.0,0.065,168868.577663
1800554,IT,WE,RUBBE,FINAN,1.63,491366.86,6,6,491364.815,0.0,1.0,1.0,0.045,301452.06135
1766062,IT,RU,CHEM1,RECRE,1.03,491357.768,5,5,491356.714,0.0,0.0,1.0,0.054,477046.376699
1787933,IT,WA,BEVER,HEALT,2.09,491331.631,6,6,491329.599,0.0,1.0,1.0,0.032,235086.904785
1737953,IT,GB,CHEM1,ALUM1,1.03,491317.464,5,5,491316.41,0.0,0.0,1.0,0.054,477007.246602
1669811,IT,ES,BUSIN,DIST1,5.05,491226.495,6,6,491224.461,0.0,1.0,1.0,0.034,97272.573267
1732692,IT,SI,CERAM,WHOLE,0.77,491219.897,5,5,491216.87,0.0,0.0,3.0,0.027,637947.918182
1809047,IT,WM,VEGET,AUXIL,1.74,491211.857,5,5,491209.838,0.0,2.0,0.0,0.019,282305.664943
1738953,IT,GB,FURNI,RECRE,1.57,491083.757,6,6,491081.715,0.0,1.0,1.0,0.042,312792.201911
1717677,IT,NL,BUSIN,MACHI,5.04,491083.751,6,6,491081.717,0.0,1.0,1.0,0.034,97437.252183
1718849,IT,PL,PAPER,FINAN,1.9,491041.227,6,6,491036.179,0.0,4.0,1.0,0.048,258442.751053
1682641,IT,HR,KEROS,TRANS,0.73,491018.596,4,4,491018.556,0.0,0.0,0.0,0.04,672628.213699
1721210,IT,PL,LANDT,MEATP,3.17,490990.959,5,5,490989.936,0.0,0.0,1.0,0.023,154886.737855
1658932,IT,DE,FURNI,RETA1,1.57,490877.976,6,6,490875.934,0.0,1.0,1.0,0.042,312661.13121
1723373,IT,PT,BASIC,PAPER,0.56,490787.276,4,4,490787.245,0.0,0.0,0.0,0.031,876405.85
1667386,IT,ES,COPP1,RUBBE,1.24,490743.391,6,6,490740.366,0.0,1.0,2.0,0.025,395760.799194
1804606,IT,WF,HEAVY,NAPHT,0.79,490690.833,5,5,490689.794,0.0,0.0,1.0,0.039,621127.636709
1713643,IT,MT,ALUM1,FABRI,0.85,490685.805,5,5,490684.766,0.0,0.0,1.0,0.039,577277.417647
1764233,IT,MX,MACHI,PFERT,2.74,490575.134,6,6,490573.094,0.0,1.0,1.0,0.04,179042.019708
1774506,IT,CH,LANDT,WHOLE,3.16,490562.803,5,5,490561.78,0.0,0.0,1.0,0.023,155241.393354
1790643,IT,WA,FABRI,GASDI,2.0,490512.73,5,5,490511.695,0.0,0.0,1.0,0.035,245256.365
1713704,IT,MT,FABRI,AIRTR,2.0,490360.646,5,5,490359.611,0.0,0.0,1.0,0.035,245180.323
1753471,IT,CA,FABRI,FURNI,2.0,490295.86,5,5,490294.825,0.0,0.0,1.0,0.035,245147.93
1805045,IT,WF,PLAST,ELEC4,1.03,490265.593,5,5,490264.543,0.0,0.0,1.0,0.05,475986.012621
1749632,IT,CN,CHEM1,BEVER,1.02,490238.057,5,5,490237.003,0.0,0.0,1.0,0.054,480625.546078
1778255,IT,TR,CONST,CONST,2.74,490228.646,6,6,490225.62,0.0,1.0,2.0,0.026,178915.564234
1681093,IT,GR,SUPPO,MACHI,3.52,490204.16,5,5,490203.136,0.0,0.0,1.0,0.024,139262.545455
1686534,IT,HU,ALUM1,FOOD5,0.85,490153.256,5,5,490152.217,0.0,0.0,1.0,0.039,576650.889412
1678940,IT,GR,TEXTI,HOTEL,2.9,490013.09,4,4,490013.025,0.0,0.0,0.0,0.065,168970.031034
1642449,IT,AT,ALUM1,FURNI,0.85,489828.226,5,5,489827.187,0.0,0.0,1.0,0.039,576268.501176
1675890,IT,FR,ELEC2,RUBBE,0.12,489810.456,4,4,489810.405,0.0,0.0,0.0,0.051,4081753.8
1652717,IT,CZ,PAPER,PFERT,1.9,489787.113,6,6,489782.065,0.0,4.0,1.0,0.048,257782.691053
1799500,IT,WE,PAPER,LANDT,1.9,489750.266,6,6,489745.218,0.0,4.0,1.0,0.048,257763.297895
1744814,IT,US,RESEA,CONST,2.65,489688.06,6,6,489686.026,0.0,1.0,1.0,0.034,184787.94717
1811089,IT,WM,HEAVY,RETA1,0.79,489663.696,5,5,489662.657,0.0,0.0,1.0,0.039,619827.463291
1751144,IT,CN,HOTEL,VEGET,3.55,489550.678,6,6,489548.641,0.0,1.0,1.0,0.037,137901.599437
1810010,IT,WM,TEXTI,CRUDE,2.9,489515.792,4,4,489515.727,0.0,0.0,0.0,0.065,168798.548966
1812717,IT,WM,NONF1,PROCE,0.11,489444.525,4,4,489444.522,0.0,0.0,0.0,0.003,4449495.681818
1792034,IT,WA,AIRTR,NATUR,0.53,489420.842,4,4,489420.827,0.0,0.0,0.0,0.015,923435.550943
1790584,IT,WA,NONF1,REALE,0.11,489395.505,4,4,489395.502,0.0,0.0,0.0,0.003,4449050.045455
1679387,IT,GR,PLAST,REALE,1.03,489358.261,5,5,489357.211,0.0,0.0,1.0,0.05,475105.107767
1728891,IT,SE,CHEM1,FOOD5,1.02,489290.33,5,5,489289.277,0.0,0.0,1.0,0.053,479696.401961
1666147,IT,ES,GASDI,HOTEL,0.73,489281.218,4,4,489281.178,0.0,0.0,0.0,0.04,670248.243836
1656687,IT,DE,COKEO,FURNI,0.06,489214.188,4,4,489214.185,0.0,0.0,0.0,0.003,8153569.8
1790924,IT,WA,OFFIC,CONST,1.52,489108.543,5,5,489107.508,0.0,0.0,1.0,0.035,321781.936184
1753244,IT,CA,CERAM,HOTEL,0.76,489081.7,5,5,489078.673,0.0,0.0,3.0,0.027,643528.552632
1654694,IT,CZ,LANDT,CONST,3.15,489052.223,5,5,489051.2,0.0,0.0,1.0,0.023,155254.673968
1811861,IT,WM,RUBBE,LEATH,1.62,489023.336,6,6,489021.292,0.0,1.0,1.0,0.044,301866.25679
1750360,IT,CN,FABRI,PLAST,1.99,489006.013,5,5,489004.978,0.0,0.0,1.0,0.035,245731.664824
1756422,IT,KR,CONST,NICKE,2.73,488981.237,6,6,488978.211,0.0,1.0,2.0,0.026,179114.006227
1674647,IT,FR,GLASS,SANDC,1.34,488935.519,5,5,488933.491,0.0,0.0,2.0,0.028,364877.252985
1663221,IT,DK,TRAN2,CRUDE,0.76,488897.282,4,4,488897.269,0.0,0.0,0.0,0.013,643285.897368
1649876,IT,BG,NONF1,COPP1,0.11,488848.21,4,4,488848.207,0.0,0.0,0.0,0.003,4444074.636364
1789378,IT,WA,CHEM1,RUBBE,1.02,488826.344,5,5,488825.291,0.0,0.0,1.0,0.053,479241.513725
1794875,IT,WL,PFERT,COPP1,0.22,488756.109,4,4,488756.031,0.0,0.0,0.0,0.078,2221618.677273
1748861,IT,CN,WEARI,POULT,3.68,488753.816,6,6,488751.723,0.0,1.0,1.0,0.093,132813.536957
1775207,IT,CH,RESEA,RETA1,2.65,488632.749,6,6,488630.715,0.0,1.0,1.0,0.034,184389.716604
1667806,IT,ES,OFFIC,TRANS,1.51,488557.447,5,5,488556.412,0.0,0.0,1.0,0.035,323547.978146
1805081,IT,WF,PLAST,PRIVA,1.02,488468.379,5,5,488467.329,0.0,0.0,1.0,0.05,478890.567647
1771563,IT,CH,TEXTI,MACHI,2.89,488441.056,4,4,488440.991,0.0,0.0,0.0,0.065,169010.746021
1641457,IT,AT,GASDI,RETA1,0.73,488274.172,4,4,488274.132,0.0,0.0,0.0,0.04,668868.728767
1794876,IT,WL,PFERT,CONST,0.21,488272.406,4,4,488272.328,0.0,0.0,0.0,0.078,2325106.695238
1751969,IT,CN,RESEA,TEXTI,2.65,488248.45,6,6,488246.416,0.0,1.0,1.0,0.034,184244.698113
1761294,IT,IN,RUBBE,WHOLE,1.62,488214.877,6,6,488212.833,0.0,1.0,1.0,0.044,301367.208025
1675359,IT,FR,MACHI,WEARI,2.72,488214.579,6,6,488212.539,0.0,1.0,1.0,0.04,179490.654044
1640609,IT,AT,BEVER,FOOD5,2.08,488171.246,6,6,488169.215,0.0,1.0,1.0,0.031,234697.714423
1661884,IT,DK,PAPER,HEALT,1.89,488139.41,6,6,488134.362,0.0,4.0,1.0,0.048,258274.820106
1813919,IT,WM,LANDT,PUBLI,3.15,488113.76,5,5,488112.737,0.0,0.0,1.0,0.023,154956.749206
1657213,IT,DE,CHEM1,KEROS,1.02,488108.418,5,5,488107.365,0.0,0.0,1.0,0.053,478537.664706
1674344,IT,FR,CHEM1,LEATH,1.02,488083.15,5,5,488082.097,0.0,0.0,1.0,0.053,478512.892157
1811577,IT,WM,CHEM1,PLANT,1.02,488071.591,5,5,488070.538,0.0,0.0,1.0,0.053,478501.559804
1747031,IT,JP,TRANS,AIRTR,2.91,488057.369,6,6,488055.343,0.0,1.0,1.0,0.026,167717.308935
1688851,IT,IE,BASIC,MACHI,0.56,487956.558,4,4,487956.527,0.0,0.0,0.0,0.031,871350.996429
1772445,IT,CH,CHEM1,RENTI,1.02,487903.702,5,5,487902.649,0.0,0.0,1.0,0.053,478336.962745
1813768,IT,WM,HOTEL,RETA1,3.54,487863.496,6,6,487861.459,0.0,1.0,1.0,0.037,137814.546893
1739446,IT,GB,LANDT,PULP5,3.15,487816.181,5,5,487815.158,0.0,0.0,1.0,0.023,154862.279683
1756768,IT,KR,AIRTR,RADIO,0.53,487705.268,4,4,487705.253,0.0,0.0,0.0,0.015,920198.618868
1723005,IT,PT,PLAST,PAPER,1.02,487681.88,5,5,487680.83,0.0,0.0,1.0,0.05,478119.490196
1810728,IT,WM,MOTOR,DISTR,0.73,487520.661,4,4,487520.621,0.0,0.0,0.0,0.04,667836.521918
1781408,IT,NO,FOOD5,MEATC,2.34,487476.915,6,6,487473.871,0.0,2.0,1.0,0.044,208323.467949
1672029,IT,FI,SEACO,BUSIN,0.5,487364.919,4,4,487364.911,0.0,0.0,0.0,0.008,974729.838
1644446,IT,BE,VEGE1,BEVER,1.5,487322.659,6,6,487318.553,0.0,3.0,1.0,0.106,324881.772667
1810505,IT,WM,PAPER,TOBAC,1.89,487311.181,6,6,487306.133,0.0,4.0,1.0,0.048,257836.603704
1795664,IT,WL,FABRI,BASIC,1.98,487294.041,5,5,487293.006,0.0,0.0,1.0,0.035,246108.101515
1741461,IT,US,MOTOR,DIST1,0.73,487281.173,4,4,487281.133,0.0,0.0,0.0,0.04,667508.456164
1678938,IT,GR,TEXTI,WHOLE,2.89,487245.113,4,4,487245.048,0.0,0.0,0.0,0.065,168596.924913
1754838,IT,KR,BEVER,BEVER,2.07,487220.461,6,6,487218.43,0.0,1.0,1.0,0.031,235372.203382
1667279,IT,ES,ALUM1,CHEM1,0.85,487217.146,5,5,487216.107,0.0,0.0,1.0,0.039,573196.642353
1670760,IT,FI,PAPER,BUSIN,1.89,487191.404,6,6,487186.356,0.0,4.0,1.0,0.048,257773.22963
1751228,IT,CN,HOTEL,ELEC1,3.53,487176.325,6,6,487174.288,0.0,1.0,1.0,0.037,138010.290368
1687687,IT,HU,AIRTR,PUBLI,0.53,487170.37,4,4,487170.355,0.0,0.0,0.0,0.015,919189.377358
1665885,IT,ES,PRINT,HEALT,4.67,487075.58,6,6,487073.543,0.0,1.0,1.0,0.037,104298.8394
1675063,IT,FR,ALUM1,BRICK,0.85,486913.253,5,5,486912.214,0.0,0.0,1.0,0.039,572839.121176
1730411,IT,SE,POSTT,PRINT,8.02,486880.28,5,5,486879.243,0.0,0.0,1.0,0.037,60708.264339
1768106,IT,RU,BUSIN,REALE,5.0,486833.786,6,6,486831.752,0.0,1.0,1.0,0.034,97366.7572
1788193,IT,WA,WEARI,BUSIN,3.67,486763.66,6,6,486761.568,0.0,1.0,1.0,0.092,132633.149864
1803721,IT,WF,FISH5,POULT,2.05,486739.032,6,6,486736.782,0.0,1.0,1.0,0.25,237433.674146
1733124,IT,SI,FABRI,FOUND,1.98,486729.741,5,5,486728.706,0.0,0.0,1.0,0.035,245823.101515
1660282,IT,DE,POSTT,WHOLE,8.01,486551.232,5,5,486550.195,0.0,0.0,1.0,0.037,60742.975281
1794070,IT,WL,PAPER,FISH5,1.89,486541.636,6,6,486536.588,0.0,4.0,1.0,0.048,257429.437037
1814604,IT,WM,BUSIN,COMPU,5.0,486536.064,6,6,486534.03,0.0,1.0,1.0,0.034,97307.2128
1779053,IT,TR,AIRTR,REALE,0.53,486490.844,4,4,486490.829,0.0,0.0,0.0,0.015,917907.25283
1643403,IT,AT,LANDT,DAIRY,3.14,486455.841,5,5,486454.818,0.0,0.0,1.0,0.023,154922.242357
1722160,IT,PL,BUSIN,COMPU,5.0,486360.143,6,6,486358.109,0.0,1.0,1.0,0.034,97272.0286
1788533,IT,WA,PAPER,FOOD5,1.88,486324.786,6,6,486319.738,0.0,4.0,1.0,0.048,258683.396809
1649214,IT,BG,MOTOR,LANDT,0.73,486288.757,4,4,486288.717,0.0,0.0,0.0,0.04,666148.982192
1741243,IT,US,WOODW,COMPU,1.36,486256.634,6,6,486252.601,0.0,3.0,1.0,0.033,357541.642647
1748111,IT,JP,BUSIN,RECRE,4.99,486222.804,6,6,486220.77,0.0,1.0,1.0,0.034,97439.439679
1772666,IT,CH,GLASS,BUSIN,1.33,486174.561,5,5,486172.533,0.0,0.0,2.0,0.028,365544.782707
1800220,IT,WE,PLAST,TEXTI,1.02,486036.015,5,5,486034.966,0.0,0.0,1.0,0.049,476505.897059
1658890,IT,DE,TRANS,BUSIN,2.9,485947.829,6,6,485945.803,0.0,1.0,1.0,0.026,167568.216897
1749712,IT,CN,CHEM1,RAILW,1.02,485940.531,5,5,485939.478,0.0,0.0,1.0,0.053,476412.285294
1801382,IT,WE,MACHI,INSUR,2.71,485926.253,6,6,485924.213,0.0,1.0,1.0,0.04,179308.580443
1794676,IT,WL,NAPHT,CHARC,0.82,485894.3,5,5,485893.265,0.0,0.0,1.0,0.035,592554.02439
1752757,IT,CA,WOODW,PAPER,1.36,485884.309,6,6,485880.276,0.0,3.0,1.0,0.033,357267.874265
1674792,IT,FR,BRICK,BRICK,0.73,485818.399,5,5,485815.368,0.0,0.0,3.0,0.031,665504.656164
1788433,IT,WA,PULP5,MEATP,1.48,485805.555,6,6,485802.509,0.0,2.0,1.0,0.046,328246.996622
1750422,IT,CN,FABRI,PUBLI,1.98,485751.023,5,5,485749.988,0.0,0.0,1.0,0.035,245328.799495
1772588,IT,CH,RUBBE,HEALT,1.61,485666.387,6,6,485664.343,0.0,1.0,1.0,0.044,301656.140994
1674049,IT,FR,GASDI,SALEM,0.72,485632.741,4,4,485632.701,0.0,0.0,0.0,0.04,674489.918056
1643248,IT,AT,HOTEL,ELEC4,3.52,485630.514,6,6,485628.477,0.0,1.0,1.0,0.037,137963.214205
1640751,IT,AT,TEXTI,OFFIC,2.88,485629.598,4,4,485629.534,0.0,0.0,0.0,0.064,168621.388194
1749966,IT,CN,CERAM,ELECT,0.76,485616.494,5,5,485613.468,0.0,0.0,3.0,0.026,638969.071053
1732423,IT,SI,PLAST,RESEA,1.02,485580.444,5,5,485579.395,0.0,0.0,1.0,0.049,476059.258824
1728106,IT,SE,VEGE1,BEVER,1.49,485561.365,6,6,485557.259,0.0,3.0,1.0,0.106,325880.110738
1686293,IT,HU,CEMEN,CEMEN,0.78,485368.044,5,5,485365.022,0.0,0.0,3.0,0.022,622266.723077
1731285,IT,SI,MEAT4,RESEA,2.67,485351.892,6,6,485348.859,0.0,2.0,1.0,0.033,181779.734831
1795725,IT,WL,MACHI,POULT,2.71,485325.168,6,6,485323.128,0.0,1.0,1.0,0.04,179086.77786
1643455,IT,AT,LANDT,FURNI,3.13,485263.964,5,5,485262.941,0.0,0.0,1.0,0.023,155036.410224
1667483,IT,ES,FABRI,VEGE1,1.97,485156.305,5,5,485155.27,0.0,0.0,1.0,0.035,246272.236041
1752113,IT,CN,BUSIN,FABRI,4.98,485143.552,6,6,485141.519,0.0,1.0,1.0,0.033,97418.383936
1801211,IT,WE,FABRI,ALUM1,1.97,485110.316,5,5,485109.281,0.0,0.0,1.0,0.035,246248.891371
1797598,IT,WL,HEALT,EDUCA,2.53,485058.061,4,4,485058.042,0.0,0.0,0.0,0.019,191722.553755
1660987,IT,DE,BUSIN,ELEC5,4.98,484981.586,6,6,484979.553,0.0,1.0,1.0,0.033,97385.860643
1673450,IT,FR,WEARI,SEACO,3.65,484818.294,6,6,484816.202,0.0,1.0,1.0,0.092,132826.929863
1810777,IT,WM,KEROS,MEATA,0.72,484787.784,4,4,484787.745,0.0,0.0,0.0,0.039,673316.366667
1675139,IT,FR,COPP1,FOUND,1.22,484766.107,6,6,484763.082,0.0,1.0,2.0,0.025,397349.268033
1812527,IT,WM,ALUM1,GASDI,0.84,484657.985,5,5,484656.946,0.0,0.0,1.0,0.039,576973.791667
1782261,IT,NO,ALUM1,MOTO1,0.84,484646.495,5,5,484645.456,0.0,0.0,1.0,0.039,576960.113095
1788089,IT,WA,TEXTI,RECRE,2.87,484476.3,4,4,484476.236,0.0,0.0,0.0,0.064,168807.073171
1663286,IT,DK,SEACO,BUSIN,0.49,484440.04,4,4,484440.032,0.0,0.0,0.0,0.008,988653.142857
1744345,IT,US,FINAN,INSUR,6.31,484433.64,4,4,484433.626,0.0,0.0,0.0,0.014,76772.36767
1688815,IT,IE,CERAM,CONST,0.75,484422.92,5,5,484419.894,0.0,0.0,3.0,0.026,645897.226667
1771693,IT,CH,WEARI,HEALT,3.65,484391.496,6,6,484389.404,0.0,1.0,1.0,0.092,132709.998904
1645308,IT,BE,KEROS,SUPPO,0.72,484355.224,4,4,484355.185,0.0,0.0,0.0,0.039,672715.588889
1729091,IT,SE,RUBBE,COMPU,1.6,484326.595,6,6,484324.551,0.0,1.0,1.0,0.044,302704.121875
1810386,IT,WM,WOODW,HEALT,1.35,484145.811,6,6,484141.778,0.0,3.0,1.0,0.033,358626.526667
1683522,IT,HR,ALUM1,RUBBE,0.84,484059.941,5,5,484058.902,0.0,0.0,1.0,0.039,576261.834524
1679577,IT,GR,RUBBE,FABRI,1.6,483979.117,6,6,483977.073,0.0,1.0,1.0,0.044,302486.948125
1803034,IT,WF,CEREA,RAWMI,0.79,483956.748,5,5,483953.721,0.0,3.0,0.0,0.027,612603.478481
1773346,IT,CH,MACHI,FURNI,2.7,483921.969,6,6,483919.929,0.0,1.0,1.0,0.04,179230.358889
1645633,IT,BE,CHEM1,ELEC3,1.01,483869.036,5,5,483867.983,0.0,0.0,1.0,0.053,479078.253465
1750648,IT,CN,MOTO1,BITUM,2.58,483861.712,6,6,483859.681,0.0,1.0,1.0,0.031,187543.299225
1754928,IT,KR,TEXTI,PAPER,2.87,483815.792,4,4,483815.728,0.0,0.0,0.0,0.064,168576.93101
1814069,IT,WM,AIRTR,NATU1,0.53,483814.264,4,4,483814.249,0.0,0.0,0.0,0.015,912857.101887
1656098,IT,DE,BEVER,REALE,2.06,483808.597,6,6,483806.566,0.0,1.0,1.0,0.031,234858.542233
1740782,IT,US,MEAT4,PUBLI,2.66,483760.984,6,6,483757.951,0.0,2.0,1.0,0.033,181865.031579
1683579,IT,HR,COPP1,FABRI,1.22,483730.021,6,6,483726.996,0.0,1.0,2.0,0.025,396500.017213
1755381,IT,KR,KEROS,MOTOR,0.72,483655.045,4,4,483655.006,0.0,0.0,0.0,0.039,671743.118056
1726722,IT,RO,FURNI,MOTO1,1.54,483647.183,6,6,483645.141,0.0,1.0,1.0,0.042,314056.612338
1777740,IT,TR,NONF1,COPP1,0.11,483600.695,4,4,483600.692,0.0,0.0,0.0,0.003,4396369.954545
1719313,IT,PL,CHEM1,RENTI,1.01,483561.607,5,5,483560.554,0.0,0.0,1.0,0.053,478773.868317
1665984,IT,ES,MOTOR,ELEC3,0.72,483540.496,4,4,483540.457,0.0,0.0,0.0,0.039,671584.022222
1758894,IT,BR,HOTEL,WHOLE,3.5,483479.556,6,6,483477.52,0.0,1.0,1.0,0.036,138137.016
1710730,IT,LU,BEVER,FOOD5,2.06,483474.964,6,6,483472.933,0.0,1.0,1.0,0.031,234696.584466
1641554,IT,AT,HEAVY,RETA1,0.78,483384.362,5,5,483383.323,0.0,0.0,1.0,0.039,619723.541026
1761789,IT,IN,MACHI,WHOLE,2.7,483368.47,6,6,483366.43,0.0,1.0,1.0,0.04,179025.359259
1641728,IT,AT,PLAST,BUSIN,1.01,483222.6,5,5,483221.551,0.0,0.0,1.0,0.049,478438.217822
1711745,IT,LU,BUSIN,RENTI,4.96,483215.719,6,6,483213.686,0.0,1.0,1.0,0.033,97422.523992
1713194,IT,MT,WEARI,POSTT,3.64,483196.732,6,6,483194.64,0.0,1.0,1.0,0.092,132746.354945
1739132,IT,GB,WHOLE,RECRE,4.18,483145.516,6,6,483143.488,0.0,1.0,1.0,0.028,115585.051675
1811105,IT,WM,HEAVY,EDUCA,0.78,483114.612,5,5,483113.573,0.0,0.0,1.0,0.039,619377.707692
1685928,IT,HU,CHEM1,BUSIN,1.01,483003.059,5,5,483002.006,0.0,0.0,1.0,0.053,478220.850495
1801242,IT,WE,FABRI,SEACO,1.97,482995.903,5,5,482994.868,0.0,0.0,1.0,0.035,245175.585279
1788298,IT,WA,LEATH,FABRI,3.46,482980.968,6,6,482976.884,0.0,3.0,1.0,0.084,139589.875145
1806737,IT,WF,WHOLE,CONST,4.17,482958.125,6,6,482956.097,0.0,1.0,1.0,0.028,115817.296163
1726256,IT,RO,BASIC,NATUR,0.56,482948.266,4,4,482948.235,0.0,0.0,0.0,0.031,862407.617857
1679371,IT,GR,PLAST,FABRI,1.01,482934.54,5,5,482933.491,0.0,0.0,1.0,0.049,478153.009901
1772698,IT,CH,CERAM,DIST1,0.75,482901.722,5,5,482898.696,0.0,0.0,3.0,0.026,643868.962667
1743879,IT,US,SEACO,NAPHT,0.49,482879.577,4,4,482879.569,0.0,0.0,0.0,0.008,985468.52449
1731426,IT,SI,FOOD5,WHOLE,2.32,482836.931,6,6,482833.888,0.0,2.0,1.0,0.043,208119.36681
1658147,IT,DE,ALUM1,ELECT,0.84,482804.568,5,5,482803.529,0.0,0.0,1.0,0.039,574767.342857
1651504,IT,CY,NAPHT,CHEM1,0.82,482774.062,5,5,482773.027,0.0,0.0,1.0,0.035,588748.856098
1716140,IT,NL,PREC1,CONST,0.82,482610.162,6,6,482608.14,0.0,1.0,1.0,0.022,588548.978049
1640877,IT,AT,LEATH,PLAST,3.46,482593.412,6,6,482589.328,0.0,3.0,1.0,0.084,139477.86474
1761124,IT,IN,CHEM1,KEROS,1.01,482564.207,5,5,482563.154,0.0,0.0,1.0,0.053,477786.343564
1789831,IT,WA,CERAM,MOTOR,0.75,482558.681,5,5,482555.655,0.0,0.0,3.0,0.026,643411.574667
1737704,IT,GB,KEROS,MOTOR,0.72,482554.389,4,4,482554.35,0.0,0.0,0.0,0.039,670214.429167
1711120,IT,LU,LEAD1,RENTI,0.84,482531.085,6,6,482528.044,0.0,1.0,2.0,0.041,574441.767857
1665896,IT,ES,COALT,KERO1,0.77,482508.102,5,5,482507.073,0.0,0.0,1.0,0.029,626633.898701
1794233,IT,WL,PRINT,BUSIN,4.63,482499.385,6,6,482497.348,0.0,1.0,1.0,0.037,104211.530238
1657796,IT,DE,NONME,RUBBE,0.97,482351.908,5,5,482350.855,0.0,0.0,1.0,0.053,497270.008247
1670523,IT,FI,BEVER,BUSIN,2.05,482232.752,6,6,482230.721,0.0,1.0,1.0,0.031,235235.48878
1649110,IT,BG,PAPER,OFFIC,1.87,482136.108,6,6,482131.06,0.0,4.0,1.0,0.048,257826.795722
1799302,IT,WE,LEATH,HEALT,3.45,482117.493,6,6,482113.41,0.0,3.0,1.0,0.083,139744.20087
1800858,IT,WE,BASIC,REALE,0.55,482035.521,4,4,482035.491,0.0,0.0,0.0,0.03,876428.22
1733828,IT,SI,TRAN2,OILSE,0.74,482029.521,4,4,482029.508,0.0,0.0,0.0,0.013,651391.244595
1750085,IT,CN,BASIC,RADIO,0.55,481994.067,4,4,481994.037,0.0,0.0,0.0,0.03,876352.849091
1741469,IT,US,MOTOR,HOTEL,0.72,481841.097,4,4,481841.058,0.0,0.0,0.0,0.039,669223.745833
1644206,IT,BE,VEGET,BEVER,1.71,481806.761,5,5,481804.742,0.0,2.0,0.0,0.019,281758.339766
1713100,IT,MT,FOOD5,MEAT4,2.31,481667.516,6,6,481664.473,0.0,2.0,1.0,0.043,208514.07619
1751460,IT,CN,AIRTR,FOUND,0.52,481547.074,4,4,481547.059,0.0,0.0,0.0,0.015,926052.065385
1774137,IT,CH,WHOLE,SEACO,4.16,481493.913,6,6,481491.885,0.0,1.0,1.0,0.028,115743.729087
1761287,IT,IN,RUBBE,TRANS,1.6,481448.217,6,6,481446.173,0.0,1.0,1.0,0.044,300905.135625
1658458,IT,DE,FABRI,ELEC3,1.96,481409.87,5,5,481408.835,0.0,0.0,1.0,0.035,245617.280612
1728236,IT,SE,FOOD5,WHOLE,2.31,481343.696,6,6,481340.653,0.0,2.0,1.0,0.043,208373.894372
1641720,IT,AT,PLAST,WHOLE,1.01,481272.006,5,5,481270.957,0.0,0.0,1.0,0.049,476506.936634
1807013,IT,WF,LANDT,RETA1,3.1,481145.566,5,5,481144.543,0.0,0.0,1.0,0.023,155208.247097
1687562,IT,HU,LANDT,WHOLE,3.1,481095.434,5,5,481094.411,0.0,0.0,1.0,0.023,155192.075484
1665550,IT,ES,LEATH,WEARI,3.45,481093.708,6,6,481089.625,0.0,3.0,1.0,0.083,139447.451594
1770284,IT,AU,HOTEL,FURNI,3.49,481010.707,6,6,481008.671,0.0,1.0,1.0,0.036,137825.417479
1762235,IT,IN,AIRTR,VEGET,0.52,480986.569,4,4,480986.554,0.0,0.0,0.0,0.015,924974.171154
1785531,IT,ZA,MOTOR,EDUCA,0.72,480970.956,4,4,480970.917,0.0,0.0,0.0,0.039,668015.216667
1747537,IT,JP,AIRTR,PROCE,0.52,480930.775,4,4,480930.76,0.0,0.0,0.0,0.015,924866.875
1799438,IT,WE,PAPER,SUGA1,1.86,480889.572,6,6,480884.525,0.0,4.0,1.0,0.047,258542.780645
1801099,IT,WE,COPP1,PUBLI,1.21,480795.833,6,6,480792.808,0.0,1.0,2.0,0.025,397351.928099
1658643,IT,DE,MACHI,EDUCA,2.68,480781.238,6,6,480779.199,0.0,1.0,1.0,0.039,179395.984328
1674192,IT,FR,LIQUE,PLAST,0.84,480743.364,4,4,480743.325,0.0,0.0,0.0,0.039,572313.528571
1773369,IT,CH,MACHI,SUPPO,2.68,480720.616,6,6,480718.577,0.0,1.0,1.0,0.039,179373.364179
1742690,IT,US,NONF1,ELEC3,0.11,480582.422,4,4,480582.419,0.0,0.0,0.0,0.003,4368931.109091
1681819,IT,HR,MEAT4,SEACO,2.65,480539.459,6,6,480536.426,0.0,2.0,1.0,0.033,181335.644906
1773784,IT,CH,ELEC2,HOTEL,0.12,480531.583,4,4,480531.533,0.0,0.0,0.0,0.05,4004429.858333
1785976,IT,ZA,RUBBE,LANDT,1.59,480530.518,6,6,480528.474,0.0,1.0,1.0,0.044,302220.451572
1656476,IT,DE,PAPER,MEATC,1.86,480483.413,6,6,480478.366,0.0,4.0,1.0,0.047,258324.415591
1768865,IT,AU,LEATH,HEALT,3.44,480429.156,6,6,480425.073,0.0,3.0,1.0,0.083,139659.638372
1783478,IT,NO,WOOD1,CONST,3.27,480411.96,5,5,480410.93,0.0,0.0,1.0,0.03,146914.972477
1754971,IT,KR,TEXTI,RETA1,2.85,480338.068,4,4,480338.004,0.0,0.0,0.0,0.064,168539.672982
1794425,IT,WL,GASDI,OILSE,0.71,480321.545,4,4,480321.506,0.0,0.0,0.0,0.039,676509.21831
1772635,IT,CH,GLASS,MACHI,1.32,480305.011,5,5,480302.984,0.0,0.0,2.0,0.027,363867.432576
1771496,IT,CH,BEVER,PUBLI,2.04,480256.509,6,6,480254.478,0.0,1.0,1.0,0.031,235419.857353
1674025,IT,FR,GASDI,POULT,0.71,480231.834,4,4,480231.795,0.0,0.0,0.0,0.039,676382.864789
1804559,IT,WF,HEAVY,POULT,0.78,480221.175,5,5,480220.136,0.0,0.0,1.0,0.039,615668.173077
1745787,IT,JP,WEARI,FINAN,3.62,480208.812,6,6,480206.721,0.0,1.0,1.0,0.091,132654.367956
1788325,IT,WA,LEATH,RAILW,3.44,480197.193,6,6,480193.11,0.0,3.0,1.0,0.083,139592.207267
1740153,IT,GB,COMPU,AUXIL,5.48,480166.905,6,6,480164.875,0.0,1.0,1.0,0.03,87621.697993
1790739,IT,WA,MACHI,RAWMI,2.68,480144.985,6,6,480142.946,0.0,1.0,1.0,0.039,179158.576493
1813346,IT,WM,FURNI,FOOD5,1.53,480008.462,6,6,480006.421,0.0,1.0,1.0,0.041,313731.020915
1685811,IT,HU,PLAST,BUSIN,1.01,479959.793,4,4,479959.744,0.0,0.0,0.0,0.049,475207.715842
1682126,IT,HR,TEXTI,CEMEN,2.84,479921.1,4,4,479921.036,0.0,0.0,0.0,0.064,168986.302817
1668967,IT,ES,AIRTR,MOTO1,0.52,479907.204,4,4,479907.189,0.0,0.0,0.0,0.015,922898.469231
1743882,IT,US,SEACO,BITU1,0.49,479902.797,4,4,479902.789,0.0,0.0,0.0,0.008,979393.463265
1792297,IT,WA,POSTT,PUBLI,7.9,479891.024,5,5,479889.987,0.0,0.0,1.0,0.037,60745.699241
1745365,IT,JP,VEGE1,MACHI,1.48,479843.056,6,6,479838.952,0.0,3.0,1.0,0.104,324218.281081
1649875,IT,BG,NONF1,LEAD1,0.1,479826.94,4,4,479826.937,0.0,0.0,0.0,0.003,4798269.4
1757659,IT,BR,HEAVY,KEROS,0.78,479812.248,5,5,479811.209,0.0,0.0,1.0,0.039,615143.907692
1785715,IT,ZA,NAPHT,ELECT,0.81,479747.139,5,5,479746.105,0.0,0.0,1.0,0.034,592280.418519
1675761,IT,FR,FURNI,RADIO,1.53,479742.02,6,6,479739.979,0.0,1.0,1.0,0.041,313556.875817
1751484,IT,CN,AIRTR,INSUR,0.52,479730.485,4,4,479730.47,0.0,0.0,0.0,0.015,922558.625
1761756,IT,IN,MACHI,CERAM,2.68,479670.091,6,6,479668.052,0.0,1.0,1.0,0.039,178981.377239
1773962,IT,CH,SALEM,DIST1,3.87,479669.593,6,6,479667.563,0.0,1.0,1.0,0.03,123945.631266
1813288,IT,WM,TRANS,CONST,2.86,479645.339,6,6,479643.313,0.0,1.0,1.0,0.026,167708.16049
1763944,IT,MX,BASIC,MEDIC,0.55,479598.085,4,4,479598.055,0.0,0.0,0.0,0.03,871996.518182
1672920,IT,FR,VEGE1,RECRE,1.47,479562.636,6,6,479558.532,0.0,3.0,1.0,0.104,326233.085714
1810998,IT,WM,GASDI,SEACO,0.71,479522.222,4,4,479522.183,0.0,0.0,0.0,0.039,675383.411268
1753597,IT,CA,MACHI,HOTEL,2.68,479509.26,6,6,479507.221,0.0,1.0,1.0,0.039,178921.365672
1787662,IT,WA,MEAT4,HEALT,2.64,479506.422,6,6,479503.389,0.0,2.0,1.0,0.033,181631.220455
1718647,IT,PL,WOODW,CROPS,1.34,479468.56,6,6,479464.528,0.0,3.0,1.0,0.032,357812.358209
1726457,IT,RO,FABRI,COPP1,1.95,479397.105,5,5,479396.071,0.0,0.0,1.0,0.034,245844.669231
1740315,IT,GB,PUBLI,MACHI,7.85,479392.753,5,5,479391.719,0.0,0.0,1.0,0.034,61069.14051
1799892,IT,WE,GASDI,TRAN2,0.71,479325.196,4,4,479325.157,0.0,0.0,0.0,0.039,675105.909859
1766038,IT,RU,CHEM1,HOTEL,1.0,479280.14,5,5,479279.088,0.0,0.0,1.0,0.052,479280.14
1790088,IT,WA,BASIC,FOOD5,0.55,479218.864,4,4,479218.834,0.0,0.0,0.0,0.03,871307.025455
1731261,IT,SI,MEATP,WHOLE,1.94,479091.543,6,6,479088.491,0.0,2.0,1.0,0.052,246954.403608
1668505,IT,ES,HOTEL,GASDI,3.47,479044.622,6,6,479042.586,0.0,1.0,1.0,0.036,138053.205187
1799595,IT,WE,MOTOR,PIGS9,0.72,479016.289,4,4,479016.25,0.0,0.0,0.0,0.039,665300.401389
1657868,IT,DE,BASIC,RAWMI,0.55,479012.18,4,4,479012.15,0.0,0.0,0.0,0.03,870931.236364
1679415,IT,GR,NFERT,PAPE4,0.1,478998.779,4,4,478998.74,0.0,0.0,0.0,0.039,4789987.79
1666151,IT,ES,GASDI,SEACO,0.71,478927.227,4,4,478927.188,0.0,0.0,0.0,0.039,674545.390141
1726075,IT,RO,RUBBE,WEARI,1.59,478878.878,6,6,478876.835,0.0,1.0,1.0,0.043,301181.684277
1810287,IT,WM,LEATH,POSTT,3.43,478840.532,6,6,478836.449,0.0,3.0,1.0,0.083,139603.653644
1653776,IT,CZ,COPP1,WHOLE,1.21,478832.394,6,6,478829.369,0.0,1.0,2.0,0.025,395729.25124
1722540,IT,PT,BEVER,FOOD5,2.04,478788.972,6,6,478786.941,0.0,1.0,1.0,0.031,234700.476471
1741864,IT,US,CHEM1,NATU1,1.0,478658.566,5,5,478657.514,0.0,0.0,1.0,0.052,478658.566
1776459,IT,TR,MOTOR,HEAVY,0.71,478605.979,4,4,478605.94,0.0,0.0,0.0,0.039,674092.928169
1726428,IT,RO,FABRI,PAPER,1.95,478605.243,5,5,478604.209,0.0,0.0,1.0,0.034,245438.586154
1765942,IT,RU,CHEM1,CEREA,1.0,478588.426,5,5,478587.374,0.0,0.0,1.0,0.052,478588.426
1800733,IT,WE,NONME,CRUDE,0.97,478535.102,5,5,478534.049,0.0,0.0,1.0,0.053,493335.156701
1741576,IT,US,GASDI,CEMEN,0.71,478502.318,4,4,478502.279,0.0,0.0,0.0,0.039,673946.926761
1642719,IT,AT,MACHI,WOODW,2.67,478490.098,6,6,478488.059,0.0,1.0,1.0,0.039,179209.774532
1785674,IT,ZA,HEAVY,REALE,0.77,478438.634,4,4,478438.596,0.0,0.0,0.0,0.038,621348.875325
1727105,IT,RO,LANDT,TEXTI,3.09,478313.771,5,5,478312.748,0.0,0.0,1.0,0.023,154794.100647
1772614,IT,CH,GLASS,BEVER,1.31,478243.219,5,5,478241.192,0.0,0.0,2.0,0.027,365071.159542
1782930,IT,NO,AIRTR,PAPER,0.52,478191.468,4,4,478191.453,0.0,0.0,0.0,0.015,919598.976923
1800781,IT,WE,BASIC,ANIMA,0.55,478191.198,4,4,478191.168,0.0,0.0,0.0,0.03,869438.541818
1781928,IT,NO,CHEM1,AIRTR,1.0,478132.292,5,5,478131.24,0.0,0.0,1.0,0.052,478132.292
1805092,IT,WF,NFERT,MEATA,0.1,478023.942,4,4,478023.903,0.0,0.0,0.0,0.039,4780239.42
1795425,IT,WL,BASIC,POSTT,0.55,478023.543,4,4,478023.513,0.0,0.0,0.0,0.03,869133.714545
1789187,IT,WA,PLAST,GASDI,1.0,477935.643,4,4,477935.594,0.0,0.0,0.0,0.049,477935.643
1779021,IT,TR,AIRTR,ELECT,0.52,477760.501,4,4,477760.486,0.0,0.0,0.0,0.015,918770.194231
1738666,IT,GB,MACHI,PRINT,2.67,477719.836,6,6,477717.797,0.0,1.0,1.0,0.039,178921.286891
1769551,IT,AU,ALUM1,TRANS,0.83,477697.46,5,5,477696.422,0.0,0.0,1.0,0.038,575539.108434
1799284,IT,WE,LEATH,HOTEL,3.42,477670.343,6,6,477666.26,0.0,3.0,1.0,0.083,139669.690936
1747109,IT,JP,FURNI,RESEA,1.52,477647.294,6,6,477645.253,0.0,1.0,1.0,0.041,314241.640789
1672516,IT,FR,WHEAT,CATTL,0.36,477598.501,5,5,477595.489,0.0,3.0,0.0,0.012,1326662.502778
1651511,IT,CY,PLAST,CHEM1,1.0,477509.222,4,4,477509.173,0.0,0.0,0.0,0.049,477509.222
1656184,IT,DE,TEXTI,CHEM1,2.83,477496.434,4,4,477496.371,0.0,0.0,0.0,0.063,168726.655124
1773571,IT,CH,MOTO1,COMPU,2.54,477440.145,6,6,477438.114,0.0,1.0,1.0,0.031,187968.561024
1681643,IT,HR,VEGET,FISHF,1.69,477388.118,5,5,477386.099,0.0,2.0,0.0,0.019,282478.176331
1810171,IT,WM,WEARI,CONST,3.6,477351.3,6,6,477349.209,0.0,1.0,1.0,0.091,132597.583333
1787303,IT,WA,CROPS,RAWMI,3.78,477347.68,6,6,477345.654,0.0,1.0,1.0,0.026,126282.455026
1662078,IT,DK,CHEM1,FABRI,1.0,477312.397,5,5,477311.345,0.0,0.0,1.0,0.052,477312.397
1646200,IT,BE,ALUM1,TRANS,0.83,477270.84,5,5,477269.802,0.0,0.0,1.0,0.038,575025.108434
1668907,IT,ES,SEACO,SEACO,0.49,477155.583,4,4,477155.575,0.0,0.0,0.0,0.008,973786.904082
1811601,IT,WM,CHEM1,MEAT4,1.0,477095.931,5,5,477094.879,0.0,0.0,1.0,0.052,477095.931
1740613,IT,US,FISHF,FISH5,0.82,477076.517,4,4,477076.5,0.0,0.0,0.0,0.017,581800.630488
1779032,IT,TR,AIRTR,COKE1,0.52,477050.439,4,4,477050.424,0.0,0.0,0.0,0.015,917404.690385
1723710,IT,PT,MACHI,FURNI,2.66,476938.511,6,6,476936.472,0.0,1.0,1.0,0.039,179300.192105
1749597,IT,CN,PFERT,CRUDE,0.21,476924.828,4,4,476924.752,0.0,0.0,0.0,0.076,2271070.609524
1781037,IT,TW,BUSIN,93197,4.9,476910.114,6,6,476908.081,0.0,1.0,1.0,0.033,97328.594694
1686905,IT,HU,MACHI,FOOD5,2.66,476889.426,6,6,476887.387,0.0,1.0,1.0,0.039,179281.739098
1774818,IT,CH,POSTT,WHOLE,7.85,476857.834,5,5,476856.798,0.0,0.0,1.0,0.036,60746.220892
1683761,IT,HR,MACHI,RETA1,2.66,476855.342,6,6,476853.303,0.0,1.0,1.0,0.039,179268.925564
1814093,IT,WM,AIRTR,KEROS,0.52,476853.545,4,4,476853.53,0.0,0.0,0.0,0.015,917026.048077
1773239,IT,CH,FABRI,SALEM,1.94,476768.006,5,5,476766.972,0.0,0.0,1.0,0.034,245756.704124
1805972,IT,WF,COPP1,LEADZ,1.2,476755.353,6,6,476752.328,0.0,1.0,2.0,0.025,397296.1275
1812944,IT,WM,MACHI,WEARI,2.66,476664.088,6,6,476662.049,0.0,1.0,1.0,0.039,179197.025564
1794336,IT,WL,MOTOR,SALEM,0.71,476659.589,4,4,476659.55,0.0,0.0,0.0,0.039,671351.533803
1663241,IT,DK,SEACO,FISH5,0.48,476655.891,4,4,476655.883,0.0,0.0,0.0,0.008,993033.10625
1810052,IT,WM,TEXTI,CHEM1,2.82,476581.608,4,4,476581.545,0.0,0.0,0.0,0.063,169000.570213
1804553,IT,WF,HEAVY,OILSE,0.77,476569.738,4,4,476569.7,0.0,0.0,0.0,0.038,618921.737662
1721255,IT,PL,LANDT,BASIC,3.07,476533.121,5,5,476532.098,0.0,0.0,1.0,0.023,155222.514984
1790072,IT,WA,BASIC,COPPE,0.55,476521.631,4,4,476521.601,0.0,0.0,0.0,0.03,866402.965455
1782957,IT,NO,AIRTR,AIRTR,0.52,476454.34,4,4,476454.325,0.0,0.0,0.0,0.015,916258.346154
1711241,IT,LU,MACHI,EDUCA,2.66,476435.46,6,6,476433.421,0.0,1.0,1.0,0.039,179111.075188
1688231,IT,IE,CEREA,CATTL,0.78,476402.38,5,5,476399.353,0.0,3.0,0.0,0.027,610772.282051
1721214,IT,PL,LANDT,DAIRY,3.07,476122.984,5,5,476121.961,0.0,0.0,1.0,0.023,155088.91987
1806198,IT,WF,MACHI,FISHF,2.66,476109.658,6,6,476107.619,0.0,1.0,1.0,0.039,178988.593233
1690362,IT,IE,WASTE,MEATP,1.51,475999.605,5,5,475998.579,0.0,0.0,1.0,0.026,315231.52649
1749931,IT,CN,GLASS,ELECT,1.31,475974.232,5,5,475972.205,0.0,0.0,2.0,0.027,363339.108397
1790242,IT,WA,PREC1,RADIO,0.81,475956.4,6,6,475954.378,0.0,1.0,1.0,0.022,587600.493827
1799990,IT,WE,HEAVY,BRICK,0.77,475904.153,4,4,475904.115,0.0,0.0,0.0,0.038,618057.341558
1801308,IT,WE,MACHI,LEATH,2.65,475894.582,6,6,475892.543,0.0,1.0,1.0,0.039,179582.861132
1788788,IT,WA,KEROS,LIQUE,0.71,475837.291,4,4,475837.252,0.0,0.0,0.0,0.039,670193.367606
1672520,IT,FR,WHEAT,RAWMI,0.36,475800.309,5,5,475797.298,0.0,3.0,0.0,0.011,1321667.525
1764695,IT,MX,HOTEL,FOOD5,3.45,475747.582,6,6,475745.546,0.0,1.0,1.0,0.036,137897.849855
1727833,IT,RO,BUSIN,RETA1,4.89,475744.513,6,6,475742.48,0.0,1.0,1.0,0.033,97289.266462
1786401,IT,ZA,MACHI,COLLE,2.65,475706.794,6,6,475704.755,0.0,1.0,1.0,0.039,179511.997736
1723272,IT,PT,GLASS,MOTO1,1.31,475693.755,5,5,475691.728,0.0,0.0,2.0,0.027,363125.003817
1673069,IT,FR,FOOD5,OFFIC,2.29,475672.566,6,6,475669.523,0.0,2.0,1.0,0.043,207717.277729
1715263,IT,NL,PAPER,TOBAC,1.84,475607.041,6,6,475601.994,0.0,4.0,1.0,0.047,258482.0875
1663831,IT,EE,TEXTI,WEARI,2.82,475582.712,4,4,475582.649,0.0,0.0,0.0,0.063,168646.351773
1713499,IT,MT,RUBBE,FURNI,1.58,475526.993,6,6,475524.95,0.0,1.0,1.0,0.043,300966.451266
1809541,IT,WM,VEGE1,POULT,1.46,475466.116,6,6,475462.013,0.0,3.0,1.0,0.103,325661.723288
1788595,IT,WA,PAPER,REALE,1.84,475453.382,6,6,475448.335,0.0,4.0,1.0,0.047,258398.577174
1772813,IT,CH,NONME,PUBLI,0.96,475450.454,5,5,475449.402,0.0,0.0,1.0,0.052,495260.889583
1750874,IT,CN,FURNI,SUPPO,1.52,475331.281,6,6,475329.24,0.0,1.0,1.0,0.041,312717.948026
1810534,IT,WM,PAPER,CEMEN,1.84,475325.225,6,6,475320.178,0.0,4.0,1.0,0.047,258328.92663
1739869,IT,GB,FINAN,MOTO1,6.19,475289.572,4,4,475289.558,0.0,0.0,0.0,0.014,76783.452666
1652642,IT,CZ,WOODW,MOTO1,1.33,475276.754,6,6,475272.722,0.0,3.0,1.0,0.032,357350.942857
1734768,IT,SK,WOODW,PULP5,1.33,475195.117,6,6,475191.085,0.0,3.0,1.0,0.032,357289.561654
1741248,IT,US,WOODW,HEALT,1.33,475056.248,6,6,475052.216,0.0,3.0,1.0,0.032,357185.148872
1737899,IT,GB,CHEM1,CRUDE,0.99,475040.924,5,5,475039.872,0.0,0.0,1.0,0.052,479839.317172
1654002,IT,CZ,MACHI,BASIC,2.65,475028.24,6,6,475026.201,0.0,1.0,1.0,0.039,179255.939623
1683762,IT,HR,MACHI,HOTEL,2.65,474954.13,6,6,474952.091,0.0,1.0,1.0,0.039,179227.973585
1763498,IT,MX,PFERT,VEGET,0.21,474949.885,4,4,474949.809,0.0,0.0,0.0,0.076,2261666.119048
1792002,IT,WA,SEACO,EDUCA,0.48,474923.378,4,4,474923.37,0.0,0.0,0.0,0.008,989423.704167
1750850,IT,CN,FURNI,ELEC1,1.52,474916.766,6,6,474914.725,0.0,1.0,1.0,0.041,312445.240789
1795189,IT,WL,GLASS,CRUDE,1.3,474784.692,5,5,474782.665,0.0,0.0,2.0,0.027,365218.993846
1760732,IT,IN,PAPER,BUSIN,1.84,474692.747,6,6,474687.7,0.0,4.0,1.0,0.047,257985.188587
1811179,IT,WM,NAPHT,TRANS,0.81,474682.653,5,5,474681.619,0.0,0.0,1.0,0.034,586027.966667
1784477,IT,ID,NONF1,NONF1,0.1,474681.862,4,4,474681.859,0.0,0.0,0.0,0.003,4746818.62
1812234,IT,WM,NONME,FURNI,0.96,474637.408,5,5,474636.356,0.0,0.0,1.0,0.052,494413.966667
1754099,IT,CA,AIRTR,PREC1,0.52,474636.805,4,4,474636.79,0.0,0.0,0.0,0.015,912763.086538
1679240,IT,GR,KEROS,SUPPO,0.71,474622.54,4,4,474622.501,0.0,0.0,0.0,0.039,668482.450704
1650281,IT,BG,ELEC1,MACHI,0.07,474596.336,4,4,474596.306,0.0,0.0,0.0,0.03,6779947.657143
1723113,IT,PT,CHEM1,SALEM,0.99,474586.135,5,5,474585.083,0.0,0.0,1.0,0.052,479379.934343
1750722,IT,CN,MOTO1,BUSIN,2.53,474558.832,6,6,474556.801,0.0,1.0,1.0,0.031,187572.66087
1674908,IT,FR,BASIC,SANDC,0.55,474545.872,4,4,474545.842,0.0,0.0,0.0,0.03,862810.676364
1652186,IT,CZ,DAIRY,DAIRY,1.93,474364.314,5,5,474361.282,0.0,3.0,0.0,0.032,245784.618653
1641557,IT,AT,HEAVY,LANDT,0.77,474221.765,4,4,474221.727,0.0,0.0,0.0,0.038,615872.422078
1722441,IT,PT,VEGE1,FOOD5,1.46,474207.152,6,6,474203.049,0.0,3.0,1.0,0.103,324799.419178
1680043,IT,GR,MACHI,BASIC,2.65,474197.531,6,6,474195.492,0.0,1.0,1.0,0.039,178942.464528
1756772,IT,KR,AIRTR,FURNI,0.52,474182.151,4,4,474182.136,0.0,0.0,0.0,0.015,911888.751923
1687977,IT,HU,RENTI,MACHI,2.83,474043.889,6,6,474041.862,0.0,1.0,1.0,0.027,167506.674558
1766827,IT,RU,MACHI,HOTEL,2.64,473999.379,6,6,473997.34,0.0,1.0,1.0,0.039,179545.219318
1668971,IT,ES,AIRTR,DIST1,0.52,473996.552,4,4,473996.537,0.0,0.0,0.0,0.015,911531.830769
1679024,IT,GR,WOODW,PULP5,1.33,473843.96,6,6,473839.928,0.0,3.0,1.0,0.032,356273.654135
1682810,IT,HR,HEAVY,TRANS,0.77,473807.562,4,4,473807.524,0.0,0.0,0.0,0.038,615334.496104
1743487,IT,US,WHOLE,COMPU,4.09,473695.935,6,6,473693.908,0.0,1.0,1.0,0.027,115818.077017
1711095,IT,LU,ALUM1,SUPPO,0.82,473603.845,5,5,473602.807,0.0,0.0,1.0,0.038,577565.664634
1647354,IT,BE,SEACO,COPP1,0.48,473569.241,4,4,473569.233,0.0,0.0,0.0,0.008,986602.585417
1781017,IT,TW,BUSIN,RETA1,4.86,473471.215,6,6,473469.182,0.0,1.0,1.0,0.033,97422.0607
1682743,IT,HR,GASDI,SUPPO,0.7,473390.55,4,4,473390.511,0.0,0.0,0.0,0.039,676272.214286
1709944,IT,LT,BASIC,STEAM,0.54,473364.617,4,4,473364.587,0.0,0.0,0.0,0.03,876601.142593
1811899,IT,WM,RUBBE,RADIO,1.57,473362.521,6,6,473360.478,0.0,1.0,1.0,0.043,301504.790446
1685046,IT,HU,DAIRY,HOTEL,1.92,473354.546,5,5,473351.514,0.0,3.0,0.0,0.032,246538.826042
1719101,IT,PL,NONSP,ELECT,0.62,473287.043,4,4,473287.018,0.0,0.0,0.0,0.025,763366.198387
1781016,IT,TW,BUSIN,WHOLE,4.86,473271.329,6,6,473269.296,0.0,1.0,1.0,0.033,97380.931893
1749604,IT,CN,CHEM1,CEREA,0.99,473248.559,5,5,473247.507,0.0,0.0,1.0,0.052,478028.847475
1753508,IT,CA,MACHI,COKIN,2.64,473208.24,6,6,473206.201,0.0,1.0,1.0,0.039,179245.545455
1764269,IT,MX,MACHI,DISTR,2.64,473173.236,6,6,473171.197,0.0,1.0,1.0,0.039,179232.286364
1652754,IT,CZ,PAPER,WHOLE,1.83,473119.924,6,6,473114.877,0.0,4.0,1.0,0.047,258535.477596
1648132,IT,BE,RESEA,RENTI,2.56,473025.349,6,6,473023.316,0.0,1.0,1.0,0.033,184775.526953
1725923,IT,RO,PLAST,WOODW,0.99,473016.466,4,4,473016.418,0.0,0.0,0.0,0.048,477794.410101
1800329,IT,WE,CHEM1,PIGS9,0.99,473004.769,5,5,473003.717,0.0,0.0,1.0,0.052,477782.594949
1681033,IT,GR,AIRTR,WHOLE,0.51,472964.706,4,4,472964.691,0.0,0.0,0.0,0.015,927381.776471
1668875,IT,ES,SEACO,CHEM1,0.48,472948.151,4,4,472948.143,0.0,0.0,0.0,0.008,985308.647917
1675451,IT,FR,MACHI,FOOD2,2.64,472905.648,6,6,472903.609,0.0,1.0,1.0,0.039,179130.927273
1800249,IT,WE,PLAST,CEMEN,0.99,472898.252,4,4,472898.204,0.0,0.0,0.0,0.048,477675.00202
1668975,IT,ES,AIRTR,WHOLE,0.51,472875.587,4,4,472875.572,0.0,0.0,0.0,0.015,927207.033333
1795710,IT,WL,FABRI,HEALT,1.92,472868.335,5,5,472867.301,0.0,0.0,1.0,0.034,246285.591146
1670226,IT,ES,RECRE,RECRE,6.01,472812.728,6,6,472810.694,0.0,1.0,1.0,0.034,78671.002995
1749009,IT,CN,LEATH,PLAST,3.39,472733.557,6,6,472729.475,0.0,3.0,1.0,0.082,139449.426844
1676044,IT,FR,ELEC6,RETA1,0.07,472670.225,4,4,472670.149,0.0,0.0,0.0,0.076,6752431.785714
1667004,IT,ES,CEMEN,MEDIC,0.76,472664.651,5,5,472661.63,0.0,0.0,3.0,0.021,621927.172368
1740905,IT,US,FOOD5,CATTL,2.27,472650.157,6,6,472647.115,0.0,2.0,1.0,0.042,208215.928194
1738910,IT,GB,FURNI,MOTO1,1.51,472630.017,6,6,472627.976,0.0,1.0,1.0,0.041,313000.011258
1750376,IT,CN,FABRI,FOUND,1.92,472588.154,5,5,472587.12,0.0,0.0,1.0,0.034,246139.663542
1799868,IT,WE,GASDI,ALUM1,0.7,472305.011,4,4,472304.973,0.0,0.0,0.0,0.038,674721.444286
1645271,IT,BE,MOTOR,PLAST,0.71,472286.758,4,4,472286.72,0.0,0.0,0.0,0.038,665192.616901
1641333,IT,AT,KEROS,BEVER,0.7,472167.53,4,4,472167.492,0.0,0.0,0.0,0.038,674525.042857
1655888,IT,DE,DAIRY,WHOLE,1.92,472120.412,5,5,472117.38,0.0,3.0,0.0,0.032,245896.047917
1730289,IT,SE,SEACO,BUSIN,0.48,472082.65,4,4,472082.642,0.0,0.0,0.0,0.008,983505.520833
1787977,IT,WA,TEXTI,RAWMI,2.8,472049.621,4,4,472049.558,0.0,0.0,0.0,0.063,168589.150357
1732879,IT,SI,BASIC,FOOD3,0.54,472034.052,4,4,472034.022,0.0,0.0,0.0,0.03,874137.133333
1712681,IT,LV,HOTEL,FORES,3.42,472023.628,6,6,472021.592,0.0,1.0,1.0,0.036,138018.604678
1809752,IT,WM,FOOD5,FISHF,2.27,471968.519,6,6,471965.477,0.0,2.0,1.0,0.042,207915.647137
1804400,IT,WF,KEROS,RETA1,0.7,471923.78,4,4,471923.742,0.0,0.0,0.0,0.038,674176.828571
1660931,IT,DE,BUSIN,WOODW,4.85,471893.852,6,6,471891.819,0.0,1.0,1.0,0.033,97297.701443
1749844,IT,CN,RUBBE,NONME,1.56,471850.884,6,6,471848.841,0.0,1.0,1.0,0.043,302468.515385
1720346,IT,PL,FABRI,RENTI,1.92,471800.729,5,5,471799.695,0.0,0.0,1.0,0.034,245729.546354
1650065,IT,BG,MACHI,DISTR,2.63,471741.058,6,6,471739.019,0.0,1.0,1.0,0.039,179369.223574
1800251,IT,WE,PLAST,BASIC,0.99,471573.746,4,4,471573.698,0.0,0.0,0.0,0.048,476337.117172
1764222,IT,MX,MACHI,LIQUE,2.63,471496.493,6,6,471494.454,0.0,1.0,1.0,0.039,179276.23308
1666542,IT,ES,CHEM1,MEATP,0.99,471439.784,5,5,471438.733,0.0,0.0,1.0,0.051,476201.80202
1732827,IT,SI,BASIC,CEMEN,0.54,471310.108,4,4,471310.078,0.0,0.0,0.0,0.03,872796.496296
1675506,IT,FR,OFFIC,RETA1,1.46,471227.558,5,5,471226.524,0.0,0.0,1.0,0.034,322758.60137
1645639,IT,BE,CHEM1,TRAN1,0.98,471188.703,5,5,471187.652,0.0,0.0,1.0,0.051,480804.79898
1660380,IT,DE,FINAN,MACHI,6.14,471186.097,4,4,471186.083,0.0,0.0,0.0,0.014,76740.406678
1763594,IT,MX,CHEM1,HOTEL,0.98,471088.643,5,5,471087.592,0.0,0.0,1.0,0.051,480702.696939
1772848,IT,CH,BASIC,PAPER,0.54,471085.477,4,4,471085.447,0.0,0.0,0.0,0.03,872380.512963
1679459,IT,GR,CHEM1,HEAVY,0.98,470896.812,5,5,470895.761,0.0,0.0,1.0,0.051,480506.95102
1661024,IT,DE,BUSIN,EDUCA,4.84,470878.12,6,6,470876.088,0.0,1.0,1.0,0.032,97288.867769
1714934,IT,NL,BEVER,HEALT,2.0,470817.983,6,6,470815.953,0.0,1.0,1.0,0.03,235408.9915
1733318,IT,SI,MOTO1,LANDT,2.51,470681.85,6,6,470679.819,0.0,1.0,1.0,0.031,187522.649402
1734579,IT,SK,BEVER,FOOD5,2.0,470634.927,6,6,470632.897,0.0,1.0,1.0,0.03,235317.4635
1680391,IT,GR,ELEC2,WHOLE,0.11,470620.106,4,4,470620.057,0.0,0.0,0.0,0.049,4278364.6
1675408,IT,FR,MACHI,ELEC4,2.63,470573.333,6,6,470571.294,0.0,1.0,1.0,0.039,178925.221673
1750382,IT,CN,FABRI,MEDIC,1.91,470457.543,5,5,470456.509,0.0,0.0,1.0,0.034,246312.849738
1642167,IT,AT,CERAM,WHOLE,0.73,470413.911,5,5,470411.886,0.0,0.0,2.0,0.025,644402.617808
1671029,IT,FI,RUBBE,FOOD5,1.56,470318.491,6,6,470316.448,0.0,1.0,1.0,0.043,301486.212179
1643624,IT,AT,AIRTR,FABRI,0.51,470206.064,4,4,470206.049,0.0,0.0,0.0,0.015,921972.67451
1715761,IT,NL,BIODI,DAIRY,0.97,470136.681,5,5,470135.63,0.0,0.0,1.0,0.051,484676.990722
1666964,IT,ES,CERAM,RETA1,0.73,470075.484,5,5,470073.459,0.0,0.0,2.0,0.025,643939.019178
1669882,IT,ES,PUBLI,MACHI,7.7,470035.154,5,5,470034.121,0.0,0.0,1.0,0.033,61043.526494
1809362,IT,WM,SANDC,EDUCA,1.08,470032.177,5,5,469929.16,0.0,0.0,103.0,0.017,435214.978704
1812889,IT,WM,FABRI,RENTI,1.91,469986.18,5,5,469985.146,0.0,0.0,1.0,0.034,246066.062827
1673600,IT,FR,WOODW,RUBBE,1.31,469919.771,6,6,469915.739,0.0,3.0,1.0,0.032,358717.382443
1740944,IT,US,FOOD5,WHOLE,2.26,469912.031,6,6,469908.989,0.0,2.0,1.0,0.042,207925.677434
1673629,IT,FR,WOODW,SUPPO,1.31,469853.466,6,6,469849.434,0.0,3.0,1.0,0.032,358666.767939
1645100,IT,BE,PAPER,SUPPO,1.82,469848.417,6,6,469843.371,0.0,4.0,1.0,0.046,258158.470879
1716322,IT,NL,FABRI,FURNI,1.91,469847.367,5,5,469846.333,0.0,0.0,1.0,0.034,245993.385864
1657498,IT,DE,RUBBE,SEWAG,1.56,469846.733,6,6,469844.69,0.0,1.0,1.0,0.043,301183.803205
1672031,IT,FI,SEACO,EDUCA,0.48,469810.658,4,4,469810.65,0.0,0.0,0.0,0.008,978772.204167
1785824,IT,ZA,CHEM1,NONME,0.98,469770.665,5,5,469769.614,0.0,0.0,1.0,0.051,479357.821429
1710275,IT,LT,MOTO1,LANDT,2.5,469758.196,6,6,469756.165,0.0,1.0,1.0,0.031,187903.2784
1658742,IT,DE,OFFIC,COMPU,1.46,469730.699,5,5,469729.665,0.0,0.0,1.0,0.034,321733.355479
1751445,IT,CN,AIRTR,COKEO,0.51,469698.361,4,4,469698.346,0.0,0.0,0.0,0.015,920977.178431
1681003,IT,GR,AIRTR,HEAVY,0.51,469617.996,4,4,469617.981,0.0,0.0,0.0,0.015,920819.6
1723277,IT,PT,GLASS,WHOLE,1.29,469616.64,5,5,469614.613,0.0,0.0,2.0,0.027,364043.906977
1731703,IT,SI,WOODW,RESEA,1.31,469596.649,6,6,469592.617,0.0,3.0,1.0,0.032,358470.724427
1770242,IT,AU,HOTEL,PRINT,3.4,469418.361,6,6,469416.326,0.0,1.0,1.0,0.035,138064.223824
1810622,IT,WM,PRINT,EDUCA,4.5,469417.865,6,6,469415.829,0.0,1.0,1.0,0.036,104315.081111
1714620,IT,NL,MEATC,FOOD5,1.57,469384.492,6,6,469376.462,0.0,7.0,1.0,0.03,298971.014013
1806592,IT,WF,CONST,REALE,2.62,469239.469,6,6,469236.444,0.0,1.0,2.0,0.025,179099.033969
1750086,IT,CN,BASIC,MEDIC,0.54,469231.402,4,4,469231.372,0.0,0.0,0.0,0.03,868947.040741
1800223,IT,WE,PLAST,WOODW,0.98,469204.506,4,4,469204.458,0.0,0.0,0.0,0.048,478780.108163
1653600,IT,CZ,PREC1,PREC1,0.8,469185.093,6,6,469183.071,0.0,1.0,1.0,0.022,586481.36625
1750317,IT,CN,NONF1,ELEC5,0.1,469184.16,4,4,469184.157,0.0,0.0,0.0,0.003,4691841.6
1646605,IT,BE,MOTO1,LANDT,2.5,469031.504,6,6,469029.473,0.0,1.0,1.0,0.031,187612.6016
1807912,IT,WF,PLAS1,CRUDE,1.68,468957.261,5,5,468956.229,0.0,0.0,1.0,0.032,279141.226786
1790816,IT,WA,MACHI,NONF1,2.62,468956.61,6,6,468954.571,0.0,1.0,1.0,0.039,178991.072519
1649955,IT,BG,FABRI,DISTR,1.91,468951.641,5,5,468950.607,0.0,0.0,1.0,0.034,245524.419372
1742444,IT,US,BASIC,BITUM,0.54,468947.355,4,4,468947.325,0.0,0.0,0.0,0.03,868421.027778
1814048,IT,WM,SEACO,93197,0.48,468905.087,4,4,468905.079,0.0,0.0,0.0,0.008,976885.597917
1717220,IT,NL,SUPPO,LANDT,3.37,468888.799,5,5,468887.776,0.0,0.0,1.0,0.023,139136.142136
1749896,IT,CN,RUBBE,HEALT,1.55,468812.614,6,6,468810.571,0.0,1.0,1.0,0.043,302459.750968
1653108,IT,CZ,CHEM1,PRINT,0.98,468812.411,5,5,468811.36,0.0,0.0,1.0,0.051,478380.011224
1772442,IT,CH,CHEM1,INSUR,0.98,468707.165,5,5,468706.114,0.0,0.0,1.0,0.051,478272.617347
1804346,IT,WF,MOTOR,SEACO,0.7,468699.063,4,4,468699.025,0.0,0.0,0.0,0.038,669570.09
1810383,IT,WM,WOODW,BUSIN,1.31,468678.186,6,6,468674.154,0.0,3.0,1.0,0.032,357769.607634
1802973,IT,WF,WHEAT,PRINT,0.35,468629.2,5,5,468626.189,0.0,3.0,0.0,0.011,1338940.571429
1679321,IT,GR,NAPHT,LUBRI,0.8,468610.776,5,5,468609.742,0.0,0.0,1.0,0.034,585763.47
1735462,IT,SK,BASIC,DISTR,0.54,468604.762,4,4,468604.732,0.0,0.0,0.0,0.03,867786.596296
1732653,IT,SI,GLASS,RESEA,1.29,468572.208,5,5,468570.181,0.0,0.0,2.0,0.027,363234.269767
1776356,IT,TR,PAPER,EDUCA,1.82,468557.468,6,6,468552.422,0.0,4.0,1.0,0.046,257449.158242
1750844,IT,CN,FURNI,RADIO,1.5,468542.121,6,6,468540.081,0.0,1.0,1.0,0.04,312361.414
1722720,IT,PT,WOODW,OFFIC,1.31,468533.926,6,6,468529.894,0.0,3.0,1.0,0.032,357659.485496
1652735,IT,CZ,PAPER,MACHI,1.82,468518.869,6,6,468513.823,0.0,4.0,1.0,0.046,257427.95
1755673,IT,KR,RUBBE,RADIO,1.55,468456.16,6,6,468454.118,0.0,1.0,1.0,0.042,302229.780645
1742303,IT,US,CEMEN,RUBBE,0.75,468392.897,5,5,468389.876,0.0,0.0,3.0,0.021,624523.862667
1720471,IT,PL,MACHI,DIST1,2.61,468344.753,6,6,468342.715,0.0,1.0,1.0,0.038,179442.4341
1663249,IT,DK,SEACO,GASDI,0.48,468330.424,4,4,468330.416,0.0,0.0,0.0,0.008,975688.383333
1673783,IT,FR,PAPER,OILHA,1.81,468284.392,6,6,468279.346,0.0,4.0,1.0,0.046,258720.658564
1751331,IT,CN,LANDT,OFFIC,3.02,468273.147,5,5,468272.125,0.0,0.0,1.0,0.022,155057.333444
1809982,IT,WM,FISH5,EDUCA,1.97,468241.225,6,6,468238.984,0.0,1.0,1.0,0.241,237685.901015
1793752,IT,WL,BEVER,RETA1,1.99,468239.219,6,6,468237.189,0.0,1.0,1.0,0.03,235296.08995
1682666,IT,HR,KEROS,COMPU,0.7,468222.788,4,4,468222.75,0.0,0.0,0.0,0.038,668889.697143
1761735,IT,IN,MACHI,COKEO,2.61,468185.366,6,6,468183.328,0.0,1.0,1.0,0.038,179381.366284
1794134,IT,WL,PAPER,INSUR,1.81,468144.128,6,6,468139.082,0.0,4.0,1.0,0.046,258643.164641
1729508,IT,SE,ALUM1,RESEA,0.81,468142.776,5,5,468141.738,0.0,0.0,1.0,0.038,577954.044444
1803029,IT,WF,WHEAT,PRIVA,0.35,468137.208,5,5,468134.197,0.0,3.0,0.0,0.011,1337534.88
1650107,IT,BG,OFFIC,OFFIC,1.45,468136.977,5,5,468135.943,0.0,0.0,1.0,0.034,322853.087586
1743917,IT,US,SEACO,SEACO,0.48,468113.603,4,4,468113.595,0.0,0.0,0.0,0.008,975236.672917
1716922,IT,NL,HOTEL,RECRE,3.39,468046.772,6,6,468044.737,0.0,1.0,1.0,0.035,138066.894395
1647678,IT,BE,FINAN,FINAN,6.09,467987.2,4,4,467987.186,0.0,0.0,0.0,0.014,76845.188834
1656311,IT,DE,LEATH,CONST,3.35,467868.939,6,6,467864.858,0.0,3.0,1.0,0.081,139662.369851
1811383,IT,WM,PLAST,SUGAR,0.98,467855.825,4,4,467855.777,0.0,0.0,0.0,0.048,477403.903061
1641251,IT,AT,MOTOR,KEROS,0.7,467843.624,4,4,467843.586,0.0,0.0,0.0,0.038,668348.034286
1658046,IT,DE,PREC1,TRANS,0.79,467824.433,6,6,467822.411,0.0,1.0,1.0,0.022,592182.826582
1812094,IT,WM,CERAM,SUPPO,0.73,467767.949,5,5,467765.924,0.0,0.0,2.0,0.025,640778.012329
1650053,IT,BG,MACHI,FABRI,2.61,467721.308,6,6,467719.27,0.0,1.0,1.0,0.038,179203.566284
1769332,IT,AU,GLASS,GLASS,1.28,467703.612,5,5,467701.585,0.0,0.0,2.0,0.027,365393.446875
1677858,IT,FR,BUSIN,BEVER,4.8,467665.265,6,6,467663.233,0.0,1.0,1.0,0.032,97430.263542
1790414,IT,WA,LEAD1,BASIC,0.81,467449.68,6,6,467446.641,0.0,1.0,2.0,0.039,577098.37037
1732399,IT,SI,PLAST,FABRI,0.98,467415.661,4,4,467415.613,0.0,0.0,0.0,0.048,476954.756122
1686391,IT,HU,BASIC,PULP5,0.54,467393.659,4,4,467393.629,0.0,0.0,0.0,0.03,865543.812963
1771778,IT,CH,LEATH,SUPPO,3.35,467278.433,6,6,467274.352,0.0,3.0,1.0,0.081,139486.099403
1810779,IT,WM,KEROS,RAWMI,0.69,467247.074,4,4,467247.036,0.0,0.0,0.0,0.038,677169.672464
1668987,IT,ES,AIRTR,COMPU,0.51,467199.526,4,4,467199.511,0.0,0.0,0.0,0.015,916077.501961
1786399,IT,ZA,MACHI,DISTR,2.61,467143.404,6,6,467141.366,0.0,1.0,1.0,0.038,178982.147126
1722376,IT,PT,CHEMI,SANDC,1.11,467131.241,6,6,467106.197,0.0,2.0,23.0,0.044,420838.955856
1763807,IT,MX,CERAM,FURNI,0.73,467122.626,5,5,467120.601,0.0,0.0,2.0,0.025,639894.008219
1811536,IT,WM,PFERT,OILSE,0.21,467051.848,4,4,467051.773,0.0,0.0,0.0,0.075,2224056.419048
1801103,IT,WE,COPP1,93197,1.18,467033.911,6,6,467030.887,0.0,1.0,2.0,0.024,395791.45
1657836,IT,DE,NONME,REALE,0.94,467008.74,5,5,467007.689,0.0,0.0,1.0,0.051,496817.808511
1804764,IT,WF,NAPHT,FOOD5,0.79,466998.122,5,5,466997.089,0.0,0.0,1.0,0.033,591136.863291
1792711,IT,WA,BUSIN,MEAT4,4.8,466971.182,6,6,466969.15,0.0,1.0,1.0,0.032,97285.662917
1784316,IT,ID,CHEM1,PUBLI,0.98,466966.69,5,5,466965.639,0.0,0.0,1.0,0.051,476496.622449
1745736,IT,JP,WEARI,RUBBE,3.52,466882.192,6,6,466880.103,0.0,1.0,1.0,0.089,132636.986364
1683669,IT,HR,FABRI,HOTEL,1.9,466877.524,5,5,466876.491,0.0,0.0,1.0,0.033,245725.012632
1674515,IT,FR,RUBBE,MEATP,1.55,466870.837,6,6,466868.795,0.0,1.0,1.0,0.042,301206.991613
1655750,IT,DE,MEATC,PUBLI,1.56,466805.435,6,6,466797.405,0.0,7.0,1.0,0.03,299234.253205
1719297,IT,PL,CHEM1,COLLE,0.98,466590.818,5,5,466589.767,0.0,0.0,1.0,0.051,476113.079592
1739708,IT,GB,SUPPO,MACHI,3.35,466581.53,5,5,466580.507,0.0,0.0,1.0,0.023,139278.068657
1794820,IT,WL,PLAST,OFFIC,0.98,466574.54,4,4,466574.493,0.0,0.0,0.0,0.047,476096.469388
1722499,IT,PT,FOOD5,BEVER,2.24,466569.187,6,6,466566.145,0.0,2.0,1.0,0.042,208289.815625
1679955,IT,GR,FABRI,BASIC,1.9,466552.223,5,5,466551.19,0.0,0.0,1.0,0.033,245553.801579
1806393,IT,WF,MOTO1,CONST,2.48,466523.037,6,6,466521.007,0.0,1.0,1.0,0.03,188114.127823
1763596,IT,MX,CHEM1,LANDT,0.97,466449.596,5,5,466448.545,0.0,0.0,1.0,0.051,480875.872165
1682115,IT,HR,TEXTI,HEAVY,2.76,466435.053,4,4,466434.991,0.0,0.0,0.0,0.062,168998.207609
1798904,IT,WE,BEVER,EDUCA,1.98,466383.376,6,6,466381.346,0.0,1.0,1.0,0.03,235547.159596
1763738,IT,MX,GLASS,BEVER,1.28,466341.319,5,5,466339.292,0.0,0.0,2.0,0.027,364329.155469
1713821,IT,MT,FURNI,COMPU,1.49,466305.827,6,6,466303.787,0.0,1.0,1.0,0.04,312956.930872
1748834,IT,CN,TEXTI,HOTEL,2.76,466297.948,4,4,466297.886,0.0,0.0,0.0,0.062,168948.531884
1786326,IT,ZA,MACHI,CEREA,2.6,466108.012,6,6,466105.974,0.0,1.0,1.0,0.038,179272.312308
1662697,IT,DK,MACHI,POSTT,2.6,466005.818,6,6,466003.78,0.0,1.0,1.0,0.038,179233.006923
1800694,IT,WE,BRICK,REALE,0.7,465994.803,5,5,465992.773,0.0,0.0,2.0,0.03,665706.861429
1665029,IT,ES,CHEMI,BUSIN,1.11,465993.146,6,6,465968.102,0.0,2.0,23.0,0.044,419813.645045
1658651,IT,DE,MACHI,OILHA,2.6,465930.449,6,6,465928.411,0.0,1.0,1.0,0.038,179204.018846
1642782,IT,AT,MACHI,REALE,2.6,465929.798,6,6,465927.76,0.0,1.0,1.0,0.038,179203.768462
1710004,IT,LT,ALUM1,FABRI,0.81,465924.238,5,5,465923.201,0.0,0.0,1.0,0.037,575215.108642
1811417,IT,WM,PLAST,TOBAC,0.98,465896.983,4,4,465896.936,0.0,0.0,0.0,0.047,475405.084694
1674650,IT,FR,GLASS,MEATP,1.28,465846.547,5,5,465844.52,0.0,0.0,2.0,0.027,363942.614844
1747164,IT,JP,CONST,FOUND,2.6,465691.301,6,6,465688.276,0.0,1.0,2.0,0.025,179112.038846
1761952,IT,IN,FURNI,DISTR,1.49,465665.187,6,6,465663.147,0.0,1.0,1.0,0.04,312526.971141
1755840,IT,KR,CEMEN,CEMEN,0.75,465640.981,5,5,465637.96,0.0,0.0,3.0,0.021,620854.641333
1645589,IT,BE,CHEM1,COKEO,0.97,465561.49,5,5,465560.439,0.0,0.0,1.0,0.051,479960.298969
1666027,IT,ES,MOTOR,RECRE,0.7,465519.424,4,4,465519.386,0.0,0.0,0.0,0.038,665027.748571
1668770,IT,ES,LANDT,SALEM,3.0,465502.777,5,5,465501.755,0.0,0.0,1.0,0.022,155167.592333
1732622,IT,SI,GLASS,FABRI,1.28,465492.692,5,5,465490.665,0.0,0.0,2.0,0.027,363666.165625
1646339,IT,BE,FABRI,FOOD5,1.89,465443.263,5,5,465442.23,0.0,0.0,1.0,0.033,246266.27672
1756707,IT,KR,SEACO,FURNI,0.47,465422.627,4,4,465422.619,0.0,0.0,0.0,0.008,990260.908511
1657491,IT,DE,RUBBE,PLAS1,1.54,465387.558,6,6,465385.516,0.0,1.0,1.0,0.042,302199.712987
1809369,IT,WM,CHEMI,VEGET,1.11,465372.754,6,6,465347.71,0.0,2.0,23.0,0.044,419254.733333
1739681,IT,GB,SUPPO,FOOD5,3.35,465347.327,5,5,465346.304,0.0,0.0,1.0,0.023,138909.649851
1720109,IT,PL,LEAD1,BASIC,0.81,465343.296,6,6,465340.257,0.0,1.0,2.0,0.039,574497.896296
1795471,IT,WL,PREC1,WHOLE,0.79,465278.821,6,6,465276.8,0.0,1.0,1.0,0.021,588960.532911
1709951,IT,LT,BASIC,HOTEL,0.54,465238.208,4,4,465238.179,0.0,0.0,0.0,0.029,861552.237037
1650499,IT,BG,ELEC6,WOODW,0.07,465150.057,4,4,465149.983,0.0,0.0,0.0,0.074,6645000.814286
1755448,IT,KR,NONSP,PLAST,0.61,465130.635,4,4,465130.61,0.0,0.0,0.0,0.025,762509.237705
1809231,IT,WM,CRUDE,CRUDE,0.92,465103.269,5,5,465102.229,0.0,0.0,1.0,0.04,505547.031522
1761444,IT,IN,BASIC,DIST1,0.54,465051.316,4,4,465051.287,0.0,0.0,0.0,0.029,861206.140741
1791218,IT,WA,FURNI,FABRI,1.48,465043.283,6,6,465041.243,0.0,1.0,1.0,0.04,314218.434459
1674550,IT,FR,RUBBE,BIODI,1.54,464866.423,6,6,464864.381,0.0,1.0,1.0,0.042,301861.313636
1798583,IT,WE,MEATC,CRUDE,1.55,464771.533,6,6,464763.503,0.0,7.0,1.0,0.03,299852.601935
1804763,IT,WF,NAPHT,SUGA1,0.79,464702.6,5,5,464701.567,0.0,0.0,1.0,0.033,588231.139241
1686175,IT,HU,GLASS,FOOD5,1.28,464700.142,5,5,464698.115,0.0,0.0,2.0,0.027,363046.985937
1657876,IT,DE,BASIC,NATUR,0.53,464681.161,4,4,464681.132,0.0,0.0,0.0,0.029,876756.907547
1763321,IT,MX,PAPER,RETA1,1.8,464604.297,6,6,464599.251,0.0,4.0,1.0,0.046,258113.498333
1734508,IT,SK,VEGE1,FOOD5,1.43,464571.947,6,6,464567.846,0.0,3.0,1.0,0.101,324875.487413
1792741,IT,WA,BUSIN,PFERT,4.77,464542.292,6,6,464540.26,0.0,1.0,1.0,0.032,97388.321174
1667664,IT,ES,MACHI,ALUM1,2.59,464539.141,6,6,464537.103,0.0,1.0,1.0,0.038,179358.741699
1762286,IT,IN,AIRTR,TRAN1,0.51,464481.263,4,4,464481.248,0.0,0.0,0.0,0.015,910747.57451
1723269,IT,PT,GLASS,FABRI,1.27,464475.948,5,5,464473.921,0.0,0.0,2.0,0.027,365729.092913
1796534,IT,WL,RETA1,CONST,4.85,464473.261,6,6,464471.231,0.0,1.0,1.0,0.03,95767.68268
1667686,IT,ES,MACHI,ELEC8,2.59,464461.801,6,6,464459.763,0.0,1.0,1.0,0.038,179328.880695
1735884,IT,SK,OFFIC,MACHI,1.44,464430.343,5,5,464429.31,0.0,0.0,1.0,0.033,322521.071528
1656677,IT,DE,COKEO,CERAM,0.06,464394.244,4,4,464394.242,0.0,0.0,0.0,0.002,7739904.066667
1647137,IT,BE,HOTEL,AUXIL,3.37,464393.371,6,6,464391.336,0.0,1.0,1.0,0.035,137802.18724
1764045,IT,MX,NONF1,FABRI,0.1,464338.175,4,4,464338.172,0.0,0.0,0.0,0.003,4643381.75
1731404,IT,SI,FOOD5,ALUM1,2.23,464332.254,6,6,464329.212,0.0,2.0,1.0,0.042,208220.741704
1654527,IT,CZ,HOTEL,MOTO1,3.37,464328.337,6,6,464326.302,0.0,1.0,1.0,0.035,137782.889318
1685875,IT,HU,CHEM1,RUBBE,0.97,464304.117,5,5,464303.066,0.0,0.0,1.0,0.051,478664.038144
1793469,IT,WL,SANDC,COPP1,1.06,464177.798,5,5,464075.781,0.0,0.0,102.0,0.017,437903.583019
1794784,IT,WL,PLAST,WOODW,0.97,463983.492,4,4,463983.445,0.0,0.0,0.0,0.047,478333.496907
1736483,IT,SK,TRAN2,TRAN2,0.72,463981.215,4,4,463981.202,0.0,0.0,0.0,0.013,644418.354167
1776163,IT,TR,LEATH,RETA1,3.32,463970.997,6,6,463966.917,0.0,3.0,1.0,0.08,139750.300301
1676035,IT,FR,ELEC6,BASIC,0.07,463932.509,4,4,463932.435,0.0,0.0,0.0,0.074,6627607.271429
1747473,IT,JP,SEACO,PFERT,0.47,463845.52,4,4,463845.512,0.0,0.0,0.0,0.008,986905.361702
1675153,IT,FR,COPP1,RESEA,1.17,463782.833,6,6,463780.809,0.0,1.0,1.0,0.024,396395.583761
1810311,IT,WM,WOODW,CRUDE,1.3,463756.535,6,6,463752.504,0.0,3.0,1.0,0.031,356735.796154
1794911,IT,WL,CHEM1,MEATP,0.97,463710.776,5,5,463709.725,0.0,0.0,1.0,0.051,478052.346392
1764388,IT,MX,MOTO1,TRANS,2.47,463675.79,6,6,463673.76,0.0,1.0,1.0,0.03,187722.991903
1785808,IT,ZA,CHEM1,WEARI,0.97,463631.055,5,5,463630.004,0.0,0.0,1.0,0.051,477970.159794
1722354,IT,PT,FISHF,RADIO,0.8,463563.511,4,4,463563.494,0.0,0.0,0.0,0.017,579454.38875
1690560,IT,IE,RECRE,INSUR,5.89,463556.988,6,6,463554.954,0.0,1.0,1.0,0.034,78702.374873
1741847,IT,US,CHEM1,WHEAT,0.97,463546.899,5,5,463545.848,0.0,0.0,1.0,0.051,477883.401031
1753477,IT,CA,FABRI,WHOLE,1.89,463521.053,5,5,463520.02,0.0,0.0,1.0,0.033,245249.234392
1717160,IT,NL,AIRTR,OFFIC,0.5,463512.915,4,4,463512.9,0.0,0.0,0.0,0.015,927025.83
1743110,IT,US,MOTO1,PFERT,2.47,463509.219,6,6,463507.189,0.0,1.0,1.0,0.03,187655.554251
1758034,IT,BR,RUBBE,SALEM,1.54,463389.177,6,6,463387.135,0.0,1.0,1.0,0.042,300902.062987
1776502,IT,TR,MOTOR,SUPPO,0.69,463250.723,4,4,463250.685,0.0,0.0,0.0,0.038,671377.85942
1777315,IT,TR,GLASS,WOODW,1.27,463245.599,5,5,463243.572,0.0,0.0,2.0,0.027,364760.314173
1642064,IT,AT,GLASS,WOODW,1.27,463175.9,5,5,463173.873,0.0,0.0,2.0,0.027,364705.433071
1794071,IT,WL,PAPER,TOBAC,1.79,463173.23,6,6,463168.184,0.0,4.0,1.0,0.046,258755.994413
1811598,IT,WM,CHEM1,MEATC,0.97,463143.279,5,5,463142.228,0.0,0.0,1.0,0.051,477467.297938
1657266,IT,DE,CHEM1,DISTR,0.97,463097.993,5,5,463096.942,0.0,0.0,1.0,0.051,477420.61134
1723343,IT,PT,NONME,ALUM1,0.94,463096.8,5,5,463095.749,0.0,0.0,1.0,0.051,492656.170213
1803408,IT,WF,CHEMI,93197,1.1,462946.663,6,6,462921.619,0.0,2.0,23.0,0.044,420860.602727
1723023,IT,PT,PLAST,FABRI,0.97,462934.459,4,4,462934.412,0.0,0.0,0.0,0.047,477252.019588
1663281,IT,DK,SEACO,POSTT,0.47,462932.384,4,4,462932.376,0.0,0.0,0.0,0.008,984962.519149
1720453,IT,PL,MACHI,ELECT,2.58,462892.22,6,6,462890.182,0.0,1.0,1.0,0.038,179415.589147
1766836,IT,RU,MACHI,FINAN,2.58,462841.785,6,6,462839.747,0.0,1.0,1.0,0.038,179396.040698
1641983,IT,AT,RUBBE,BASIC,1.53,462760.55,6,6,462758.508,0.0,1.0,1.0,0.042,302457.875817
1735521,IT,SK,PREC1,RESEA,0.79,462754.227,6,6,462752.206,0.0,1.0,1.0,0.021,585764.844304
1644579,IT,BE,FOOD5,PIGS9,2.22,462673.588,6,6,462670.547,0.0,2.0,1.0,0.041,208411.526126
1788983,IT,WA,HEAVY,WHOLE,0.75,462638.906,4,4,462638.869,0.0,0.0,0.0,0.037,616851.874667
1766487,IT,RU,ALUM1,FABRI,0.8,462537.715,5,5,462536.678,0.0,0.0,1.0,0.037,578172.14375
1766268,IT,RU,CERAM,RADIO,0.72,462517.678,5,5,462515.653,0.0,0.0,2.0,0.025,642385.663889
1749590,IT,CN,PFERT,SUGAR,0.2,462476.763,4,4,462476.689,0.0,0.0,0.0,0.074,2312383.815
1670519,IT,FI,BEVER,REALE,1.97,462312.725,6,6,462310.695,0.0,1.0,1.0,0.03,234676.510152
1646563,IT,BE,OFFIC,WHOLE,1.43,462267.49,5,5,462266.457,0.0,0.0,1.0,0.033,323263.979021
1641220,IT,AT,COKEO,PLAST,0.06,462223.614,4,4,462223.612,0.0,0.0,0.0,0.002,7703726.9
1660096,IT,DE,AIRTR,DIST1,0.5,462083.264,4,4,462083.249,0.0,0.0,0.0,0.015,924166.528
1777990,IT,TR,MACHI,BUSIN,2.58,462050.36,6,6,462048.322,0.0,1.0,1.0,0.038,179089.286822
1723022,IT,PT,PLAST,COPP1,0.97,461992.332,4,4,461992.285,0.0,0.0,0.0,0.047,476280.754639
1739725,IT,GB,SUPPO,SEACO,3.32,461969.76,5,5,461968.737,0.0,0.0,1.0,0.023,139147.518072
1756319,IT,KR,MOTO1,SALEM,2.46,461962.026,6,6,461959.996,0.0,1.0,1.0,0.03,187789.441463
1803493,IT,WF,VEGE1,MEATA,1.42,461938.723,6,6,461934.623,0.0,3.0,1.0,0.1,325308.959859
1753654,IT,CA,OFFIC,PUBLI,1.43,461888.023,5,5,461886.99,0.0,0.0,1.0,0.033,322998.617483
1653526,IT,CZ,BASIC,PREC1,0.53,461854.247,4,4,461854.218,0.0,0.0,0.0,0.029,871423.107547
1813368,IT,WM,FURNI,CERAM,1.47,461775.449,6,6,461773.409,0.0,1.0,1.0,0.04,314132.958503
1649832,IT,BG,ALUM1,FOUND,0.8,461676.127,5,5,461675.09,0.0,0.0,1.0,0.037,577095.15875
1674712,IT,FR,GLASS,COMPU,1.27,461628.564,5,5,461626.538,0.0,0.0,2.0,0.026,363487.058268
1810922,IT,WM,GASDI,NATUR,0.69,461529.472,4,4,461529.434,0.0,0.0,0.0,0.038,668883.292754
1673674,IT,FR,PAPER,VEGET,1.79,461501.805,6,6,461496.759,0.0,4.0,1.0,0.046,257822.23743
1790848,IT,WA,MACHI,SEACO,2.57,461427.828,6,6,461425.79,0.0,1.0,1.0,0.038,179543.901946
1733893,IT,SI,SEACO,REALE,0.47,461420.932,4,4,461420.924,0.0,0.0,0.0,0.008,981746.66383
1725220,IT,RO,FOOD5,MEATP,2.22,461410.063,6,6,461407.022,0.0,2.0,1.0,0.041,207842.370721
1759762,IT,BR,BUSIN,BASIC,4.74,461382.423,6,6,461380.391,0.0,1.0,1.0,0.032,97338.063924
1653751,IT,CZ,COPP1,FOUND,1.17,461338.162,6,6,461336.138,0.0,1.0,1.0,0.024,394306.121368
1791202,IT,WA,FURNI,CHEM1,1.47,461294.664,6,6,461292.624,0.0,1.0,1.0,0.04,313805.893878
1680420,IT,GR,ELEC2,MEMBE,0.11,461277.365,4,4,461277.317,0.0,0.0,0.0,0.048,4193430.590909
1650201,IT,BG,TRANS,TRANS,2.75,461181.963,6,6,461179.938,0.0,1.0,1.0,0.025,167702.532
1654238,IT,CZ,TRANS,TRANS,2.75,461170.445,6,6,461168.42,0.0,1.0,1.0,0.025,167698.343636
1813776,IT,WM,HOTEL,FINAN,3.34,461164.809,6,6,461162.774,0.0,1.0,1.0,0.035,138073.296108
1757187,IT,BR,MEAT4,SUGA1,2.54,461158.206,6,6,461155.175,0.0,2.0,1.0,0.031,181558.348819
1761599,IT,IN,NONF1,ELEC1,0.1,461152.599,4,4,461152.596,0.0,0.0,0.0,0.003,4611525.99
1751487,IT,CN,AIRTR,RENTI,0.5,461143.726,4,4,461143.711,0.0,0.0,0.0,0.015,922287.452
1749292,IT,CN,PAPER,FINAN,1.79,461134.911,6,6,461129.866,0.0,4.0,1.0,0.045,257617.268715
1665916,IT,ES,COALT,ELEC1,0.73,461101.658,5,5,461100.631,0.0,0.0,1.0,0.027,631646.106849
1677319,IT,FR,FINAN,SUPPO,6.0,461012.083,4,4,461012.07,0.0,0.0,0.0,0.013,76835.347167
1772074,IT,CH,PRINT,INSUR,4.42,460887.493,6,6,460885.458,0.0,1.0,1.0,0.035,104273.188462
1784469,IT,ID,COPP1,COPP1,1.16,460873.671,6,6,460871.647,0.0,1.0,1.0,0.024,397304.888793
1668905,IT,ES,SEACO,LANDT,0.47,460718.631,4,4,460718.623,0.0,0.0,0.0,0.008,980252.406383
1774653,IT,CH,AIRTR,OFFIC,0.5,460656.601,4,4,460656.586,0.0,0.0,0.0,0.015,921313.202
1735041,IT,SK,CHEM1,WHEAT,0.96,460583.738,5,5,460582.688,0.0,0.0,1.0,0.05,479774.727083
1785237,IT,ZA,TEXTI,MOTOR,2.73,460580.376,4,4,460580.315,0.0,0.0,0.0,0.061,168710.76044
1804468,IT,WF,GASDI,MEATC,0.69,460551.258,4,4,460551.22,0.0,0.0,0.0,0.038,667465.591304
1682948,IT,HR,PLAST,LEATH,0.97,460538.964,4,4,460538.917,0.0,0.0,0.0,0.047,474782.437113
1811859,IT,WM,RUBBE,TEXTI,1.53,460511.696,6,6,460509.654,0.0,1.0,1.0,0.042,300988.036601
1653912,IT,CZ,FABRI,RESEA,1.87,460438.75,5,5,460437.717,0.0,0.0,1.0,0.033,246223.930481
1642740,IT,AT,MACHI,CEMEN,2.57,460393.078,6,6,460391.04,0.0,1.0,1.0,0.038,179141.275486
1659785,IT,DE,LANDT,BEVER,2.97,460388.023,5,5,460387.001,0.0,0.0,1.0,0.022,155012.802357
1729516,IT,SE,LEAD1,STONE,0.8,460381.734,6,6,460378.695,0.0,1.0,2.0,0.039,575477.1675
1773968,IT,CH,SALEM,RETA1,3.72,460356.135,5,5,460355.106,0.0,0.0,1.0,0.029,123751.649194
1730269,IT,SE,SEACO,FABRI,0.47,460344.802,4,4,460344.794,0.0,0.0,0.0,0.008,979457.025532
1658163,IT,DE,ALUM1,DISTR,0.8,460290.233,5,5,460289.196,0.0,0.0,1.0,0.037,575362.79125
1667186,IT,ES,BASIC,RENTI,0.53,460090.272,4,4,460090.243,0.0,0.0,0.0,0.029,868094.85283
1740924,IT,US,FOOD5,WOODW,2.21,460089.512,6,6,460086.471,0.0,2.0,1.0,0.041,208185.299548
1801739,IT,WE,ELEC2,TOBAC,0.11,460062.323,4,4,460062.275,0.0,0.0,0.0,0.048,4182384.754545
1644730,IT,BE,BEVER,RESEA,1.96,459989.507,6,6,459987.477,0.0,1.0,1.0,0.03,234688.52398
1687015,IT,HU,OFFIC,BASIC,1.43,459962.551,5,5,459961.518,0.0,0.0,1.0,0.033,321652.133566
1788929,IT,WA,HEAVY,MEAT4,0.74,459926.881,4,4,459926.844,0.0,0.0,0.0,0.037,621522.812162
1729796,IT,SE,MACHI,COMPU,2.57,459836.84,6,6,459834.802,0.0,1.0,1.0,0.038,178924.840467
1809932,IT,WM,BEVER,PUBLI,1.96,459806.803,6,6,459804.773,0.0,1.0,1.0,0.03,234595.307653
1800558,IT,WE,RUBBE,COMPU,1.52,459779.953,6,6,459777.911,0.0,1.0,1.0,0.042,302486.811184
1758417,IT,BR,FABRI,TRANS,1.87,459751.583,5,5,459750.55,0.0,0.0,1.0,0.033,245856.461497
1645600,IT,BE,CHEM1,WHITE,0.96,459745.284,5,5,459744.234,0.0,0.0,1.0,0.05,478901.3375
1720232,IT,PL,NONF1,PREC1,0.1,459727.541,4,4,459727.538,0.0,0.0,0.0,0.003,4597275.41
1760182,IT,BR,FOOD4,CONST,3.33,459700.625,5,5,459699.596,0.0,0.0,1.0,0.029,138048.235736
1757885,IT,BR,CHEM1,BIOGA,0.96,459652.508,5,5,459651.458,0.0,0.0,1.0,0.05,478804.695833
1648053,IT,BE,COMPU,WHOLE,5.25,459648.872,6,6,459646.843,0.0,1.0,1.0,0.029,87552.166095
1689037,IT,IE,OFFIC,COMPU,1.42,459588.685,5,5,459587.652,0.0,0.0,1.0,0.033,323654.003521
1677212,IT,FR,POSTT,RENTI,7.57,459537.159,5,5,459536.124,0.0,0.0,1.0,0.035,60705.040819
1743431,IT,US,RETAI,RETA1,3.61,459470.428,6,6,459468.398,0.0,1.0,1.0,0.03,127277.12687
1649549,IT,BG,RUBBE,MACHI,1.52,459450.207,6,6,459448.165,0.0,1.0,1.0,0.042,302269.873026
1688720,IT,IE,CHEM1,REALE,0.96,459315.477,5,5,459314.427,0.0,0.0,1.0,0.05,478453.621875
1749750,IT,CN,ADDIT,LIQUE,1.06,459313.241,6,6,459309.205,0.0,3.0,1.0,0.036,433314.378302
1789150,IT,WA,PLAST,BITUM,0.96,459244.317,4,4,459244.27,0.0,0.0,0.0,0.047,478379.496875
1683330,IT,HR,NONME,CHEM1,0.93,459188.557,5,5,459187.507,0.0,0.0,1.0,0.05,493751.136559
1722359,IT,PT,FISHF,HOTEL,0.79,459164.67,4,4,459164.654,0.0,0.0,0.0,0.016,581221.101266
1657421,IT,DE,RUBBE,NUCLE,1.52,459162.687,6,6,459160.645,0.0,1.0,1.0,0.042,302080.715132
1643257,IT,AT,HOTEL,DIST1,3.33,459160.639,6,6,459158.604,0.0,1.0,1.0,0.035,137886.077778
1743653,IT,US,HOTEL,INLAN,3.33,459135.365,6,6,459133.33,0.0,1.0,1.0,0.035,137878.487988
1789959,IT,WA,CEMEN,PRIVA,0.73,459059.627,5,5,459056.606,0.0,0.0,3.0,0.021,628848.80411
1810531,IT,WM,PAPER,GLASS,1.78,458924.675,6,6,458919.63,0.0,4.0,1.0,0.045,257822.851124
1800217,IT,WE,PLAST,BEVER,0.96,458874.851,4,4,458874.804,0.0,0.0,0.0,0.047,477994.636458
1653261,IT,CZ,RUBBE,FURNI,1.52,458754.578,6,6,458752.536,0.0,1.0,1.0,0.042,301812.222368
1805413,IT,WF,RUBBE,RESEA,1.52,458722.196,6,6,458720.154,0.0,1.0,1.0,0.042,301790.918421
1788889,IT,WA,GASDI,SEACO,0.68,458544.327,4,4,458544.29,0.0,0.0,0.0,0.037,674329.892647
1654560,IT,CZ,HOTEL,PUBLI,3.32,458470.039,6,6,458468.004,0.0,1.0,1.0,0.035,138093.385241
1680323,IT,GR,ELEC1,VEGET,0.07,458397.319,4,4,458397.29,0.0,0.0,0.0,0.029,6548533.128571
1751220,IT,CN,HOTEL,OFFIC,3.32,458344.669,6,6,458342.634,0.0,1.0,1.0,0.035,138055.623193
1763050,IT,MX,TEXTI,RUBBE,2.72,458259.655,4,4,458259.594,0.0,0.0,0.0,0.061,168477.814338
1653113,IT,CZ,CHEM1,GASDI,0.96,458219.1,5,5,458218.05,0.0,0.0,1.0,0.05,477311.5625
1811019,IT,WM,GASDI,93197,0.68,458215.599,4,4,458215.562,0.0,0.0,0.0,0.037,673846.469118
1641230,IT,AT,COKEO,BUSIN,0.06,458180.442,4,4,458180.44,0.0,0.0,0.0,0.002,7636340.7
1709904,IT,LT,NONME,ELEC5,0.93,458167.795,5,5,458166.745,0.0,0.0,1.0,0.05,492653.543011
1719317,IT,PL,CHEM1,PUBLI,0.96,458088.375,5,5,458087.325,0.0,0.0,1.0,0.05,477175.390625
1813078,IT,WM,OFFIC,REALE,1.42,457908.011,5,5,457906.978,0.0,0.0,1.0,0.033,322470.430282
1770318,IT,AU,HOTEL,REALE,3.32,457883.747,6,6,457881.713,0.0,1.0,1.0,0.034,137916.791265
1725371,IT,RO,TEXTI,BEVER,2.71,457733.439,4,4,457733.378,0.0,0.0,0.0,0.061,168905.328044
1733771,IT,SI,LANDT,MACHI,2.95,457709.916,5,5,457708.894,0.0,0.0,1.0,0.022,155155.903729
1770245,IT,AU,HOTEL,MOTOR,3.32,457694.762,6,6,457692.728,0.0,1.0,1.0,0.034,137859.868072
1681906,IT,HR,DAIRY,HOTEL,1.86,457682.928,5,5,457679.897,0.0,3.0,0.0,0.031,246066.090323
1790640,IT,WA,FABRI,MOTOR,1.86,457668.607,5,5,457667.574,0.0,0.0,1.0,0.033,246058.39086
1684764,IT,HU,OILSE,WHOLE,0.33,457665.82,5,5,457662.799,0.0,3.0,0.0,0.021,1386866.121212
1726979,IT,RO,HOTEL,TRANS,3.32,457603.173,6,6,457601.139,0.0,1.0,1.0,0.034,137832.281024
1759777,IT,BR,BUSIN,FURNI,4.7,457549.16,6,6,457547.128,0.0,1.0,1.0,0.032,97350.885106
1742202,IT,US,GLASS,FINAN,1.26,457487.487,5,5,457485.461,0.0,0.0,2.0,0.026,363085.307143
1681980,IT,HR,FOOD5,RETA1,2.2,457372.881,6,6,457369.84,0.0,2.0,1.0,0.041,207896.764091
1725384,IT,RO,TEXTI,PFERT,2.71,457288.775,4,4,457288.714,0.0,0.0,0.0,0.061,168741.245387
1675390,IT,FR,MACHI,NONME,2.55,457258.151,6,6,457256.113,0.0,1.0,1.0,0.038,179316.921961
1683857,IT,HR,MOTO1,LANDT,2.43,457120.645,6,6,457118.615,0.0,1.0,1.0,0.03,188115.49177
1757881,IT,BR,CHEM1,NFERT,0.96,457100.314,5,5,457099.264,0.0,0.0,1.0,0.05,476146.160417
1762297,IT,IN,AIRTR,HOTEL,0.5,457082.557,4,4,457082.543,0.0,0.0,0.0,0.014,914165.114
1789617,IT,WA,RUBBE,MEAT1,1.51,457076.722,6,6,457074.681,0.0,1.0,1.0,0.041,302699.815894
1735001,IT,SK,PLAST,LEATH,0.96,457061.185,4,4,457061.139,0.0,0.0,0.0,0.046,476105.401042
1726397,IT,RO,NONF1,DISTR,0.1,457056.747,4,4,457056.744,0.0,0.0,0.0,0.003,4570567.47
1798439,IT,WE,NATUR,GASDI,0.64,457006.841,4,4,457006.811,0.0,0.0,0.0,0.03,714073.189062
1784284,IT,ID,CHEM1,ELECT,0.96,457006.765,5,5,457005.715,0.0,0.0,1.0,0.05,476048.713542
1726040,IT,RO,CHEM1,PAPE4,0.95,456936.112,5,5,456935.062,0.0,0.0,1.0,0.05,480985.381053
1729891,IT,SE,TRANS,SEACO,2.73,456910.196,6,6,456908.171,0.0,1.0,1.0,0.025,167366.372161
1811521,IT,WM,NFERT,ELEC2,0.1,456878.964,4,4,456878.927,0.0,0.0,0.0,0.037,4568789.64
1766068,IT,RU,RUBBE,VEGET,1.51,456704.766,6,6,456702.725,0.0,1.0,1.0,0.041,302453.487417
1754538,IT,CA,BUSIN,RETA1,4.69,456668.327,6,6,456666.295,0.0,1.0,1.0,0.032,97370.645416
1801709,IT,WE,ELEC1,LEATH,0.07,456650.147,4,4,456650.118,0.0,0.0,0.0,0.029,6523573.528571
1765949,IT,RU,CHEM1,POULT,0.95,456612.622,5,5,456611.572,0.0,0.0,1.0,0.05,480644.865263
1723726,IT,PT,MACHI,HOTEL,2.55,456539.069,6,6,456537.031,0.0,1.0,1.0,0.038,179034.92902
1752009,IT,CN,RESEA,FURNI,2.47,456530.875,5,5,456529.843,0.0,0.0,1.0,0.032,184830.313765
1788918,IT,WA,HEAVY,CRUDE,0.74,456422.026,4,4,456421.989,0.0,0.0,0.0,0.037,616786.521622
1679457,IT,GR,CHEM1,KEROS,0.95,456353.341,5,5,456352.291,0.0,0.0,1.0,0.05,480371.937895
1673937,IT,FR,MOTOR,BUSIN,0.68,456235.864,4,4,456235.827,0.0,0.0,0.0,0.037,670935.094118
1787510,IT,WA,CHEMI,MEAT4,1.09,456202.914,6,6,456178.871,0.0,2.0,22.0,0.043,418534.783486
1671114,IT,FI,GLASS,WOODW,1.25,456194.031,5,5,456192.005,0.0,0.0,2.0,0.026,364955.2248
1758294,IT,BR,ALUM1,MOTO1,0.79,456073.01,5,5,456071.973,0.0,0.0,1.0,0.037,577307.607595
1782567,IT,NO,TRANS,CHEM1,2.72,456036.573,6,6,456034.548,0.0,1.0,1.0,0.025,167660.504779
1740671,IT,US,STONE,CONST,1.48,455990.163,5,5,455965.142,0.0,0.0,25.0,0.021,308101.461486
1653271,IT,CZ,RUBBE,SALEM,1.51,455939.784,6,6,455937.743,0.0,1.0,1.0,0.041,301946.876821
1660014,IT,DE,INLAN,CONST,0.74,455937.062,4,4,455937.031,0.0,0.0,0.0,0.031,616131.164865
1800208,IT,WE,PLAST,MEATC,0.96,455826.436,4,4,455826.39,0.0,0.0,0.0,0.046,474819.204167
1776788,IT,TR,NAPHT,WOODW,0.77,455802.438,5,5,455801.405,0.0,0.0,1.0,0.033,591951.218182
1751205,IT,CN,HOTEL,RUBBE,3.3,455767.637,6,6,455765.603,0.0,1.0,1.0,0.034,138111.405152
1768997,IT,AU,PAPER,BUSIN,1.77,455714.197,6,6,455709.152,0.0,4.0,1.0,0.045,257465.648023
1725079,IT,RO,POULT,MEAT1,1.21,455620.049,5,5,455619.013,0.0,1.0,0.0,0.036,376545.495041
1767563,IT,RU,AIRTR,SUPPO,0.5,455579.096,4,4,455579.082,0.0,0.0,0.0,0.014,911158.192
1809331,IT,WM,STONE,AUXIL,1.47,455573.886,5,5,455548.865,0.0,0.0,25.0,0.021,309914.208163
1766656,IT,RU,FABRI,OFFIC,1.85,455509.371,5,5,455508.338,0.0,0.0,1.0,0.033,246221.281622
1710165,IT,LT,MACHI,OFFIC,2.54,455461.231,6,6,455459.194,0.0,1.0,1.0,0.037,179315.445276
1796021,IT,WL,MOTO1,RESEA,2.42,455456.902,6,6,455454.872,0.0,1.0,1.0,0.03,188205.331405
1738908,IT,GB,FURNI,MACHI,1.45,455430.951,6,6,455428.912,0.0,1.0,1.0,0.039,314090.311034
1649698,IT,BG,NONME,CEMEN,0.92,455380.974,5,5,455379.924,0.0,0.0,1.0,0.05,494979.319565
1794513,IT,WL,GASDI,EDUCA,0.68,455360.974,4,4,455360.937,0.0,0.0,0.0,0.037,669648.491176
1772741,IT,CH,CEMEN,SALEM,0.73,455340.703,5,5,455337.682,0.0,0.0,3.0,0.021,623754.387671
1752774,IT,CA,WOODW,FURNI,1.27,455331.737,6,6,455327.706,0.0,3.0,1.0,0.031,358528.926772
1663830,IT,EE,TEXTI,TEXTI,2.7,455321.759,4,4,455321.699,0.0,0.0,0.0,0.06,168637.688519
1651501,IT,CY,HEAVY,REALE,0.74,455254.409,4,4,455254.372,0.0,0.0,0.0,0.037,615208.660811
1771356,IT,CH,PROCE,RETAI,3.08,455178.803,6,6,455175.775,0.0,2.0,1.0,0.028,147785.325649
1781433,IT,NO,FOOD5,HOTEL,2.19,455175.029,6,6,455171.988,0.0,2.0,1.0,0.041,207842.478995
1765972,IT,RU,CHEM1,FISH5,0.95,455170.551,5,5,455169.501,0.0,0.0,1.0,0.05,479126.895789
1812492,IT,WM,PREC1,RECRE,0.77,455160.841,6,6,455158.82,0.0,1.0,1.0,0.021,591117.975325
1649244,IT,BG,GASDI,LANDT,0.68,455133.072,4,4,455133.035,0.0,0.0,0.0,0.037,669313.341176
1666131,IT,ES,GASDI,OFFIC,0.68,455069.096,4,4,455069.059,0.0,0.0,0.0,0.037,669219.258824
1641712,IT,AT,PLAST,FABRI,0.95,455047.927,4,4,455047.881,0.0,0.0,0.0,0.046,478997.817895
1664695,IT,EE,AIRTR,OFFIC,0.5,455030.194,4,4,455030.18,0.0,0.0,0.0,0.014,910060.388
1717179,IT,NL,AIRTR,PUBLI,0.5,454971.246,4,4,454971.232,0.0,0.0,0.0,0.014,909942.492
1727018,IT,RO,HOTEL,FOOD3,3.3,454930.835,6,6,454928.801,0.0,1.0,1.0,0.034,137857.828788
1727817,IT,RO,BUSIN,MOTO1,4.67,454840.999,6,6,454838.968,0.0,1.0,1.0,0.031,97396.359529
1653492,IT,CZ,BASIC,CHEMI,0.52,454835.469,4,4,454835.44,0.0,0.0,0.0,0.029,874683.594231
1769550,IT,AU,ALUM1,MOTO1,0.79,454777.348,5,5,454776.312,0.0,0.0,1.0,0.036,575667.529114
1791472,IT,WA,WHOLE,HOTEL,3.93,454751.078,6,6,454749.052,0.0,1.0,1.0,0.026,115712.742494
1739810,IT,GB,POSTT,BUSIN,7.49,454728.551,5,5,454727.516,0.0,0.0,1.0,0.035,60711.422029
1745796,IT,JP,WEARI,EDUCA,3.43,454720.565,6,6,454718.479,0.0,1.0,1.0,0.086,132571.593294
1664828,IT,ES,OILSE,WHOLE,0.33,454716.462,5,5,454713.441,0.0,3.0,0.0,0.021,1377928.672727
1776637,IT,TR,GASDI,SEACO,0.68,454707.944,4,4,454707.907,0.0,0.0,0.0,0.037,668688.152941
1799994,IT,WE,HEAVY,PREC1,0.73,454660.301,4,4,454660.265,0.0,0.0,0.0,0.036,622822.330137
1641299,IT,AT,MOTOR,EDUCA,0.68,454648.954,4,4,454648.917,0.0,0.0,0.0,0.037,668601.402941
1799624,IT,WE,MOTOR,VEGE1,0.68,454610.326,4,4,454610.289,0.0,0.0,0.0,0.037,668544.597059
1787714,IT,WA,VEGE1,PFERT,1.4,454482.238,6,6,454478.139,0.0,3.0,1.0,0.099,324630.17
1732160,IT,SI,GASDI,DIST1,0.68,454481.647,4,4,454481.61,0.0,0.0,0.0,0.037,668355.363235
1686257,IT,HU,CERAM,OFFIC,0.71,454466.692,5,5,454464.667,0.0,0.0,2.0,0.025,640093.932394
1790750,IT,WA,MACHI,NATU1,2.53,454380.199,6,6,454378.162,0.0,1.0,1.0,0.037,179596.916601
1766812,IT,RU,MACHI,ELEC4,2.53,454277.085,6,6,454275.048,0.0,1.0,1.0,0.037,179556.160079
1673786,IT,FR,PAPER,SEWAG,1.76,454247.321,6,6,454242.276,0.0,4.0,1.0,0.045,258095.06875
1768554,IT,AU,FOOD5,EDUCA,2.18,454236.888,6,6,454233.847,0.0,2.0,1.0,0.041,208365.544954
1641472,IT,AT,GASDI,PUBLI,0.68,454218.386,4,4,454218.349,0.0,0.0,0.0,0.037,667968.214706
1806561,IT,WF,FURNI,PUBLI,1.45,454138.976,6,6,454136.937,0.0,1.0,1.0,0.039,313199.293793
1756730,IT,KR,SEACO,BUSIN,0.46,454124.277,4,4,454124.269,0.0,0.0,0.0,0.008,987226.68913
1719537,IT,PL,GLASS,OFFIC,1.25,454082.94,5,5,454080.914,0.0,0.0,2.0,0.026,363266.352
1775855,IT,TR,DAIRY,MEAT1,1.84,454009.889,5,5,454006.858,0.0,3.0,0.0,0.031,246744.504891
1655712,IT,DE,CHEMI,BUSIN,1.08,453898.93,6,6,453874.887,0.0,2.0,22.0,0.043,420276.787037
1749929,IT,CN,GLASS,MACHI,1.25,453831.768,5,5,453829.742,0.0,0.0,2.0,0.026,363065.4144
1794512,IT,WL,GASDI,PUBLI,0.68,453699.654,4,4,453699.617,0.0,0.0,0.0,0.037,667205.373529
1805357,IT,WF,RUBBE,PAPER,1.5,453681.97,6,6,453679.929,0.0,1.0,1.0,0.041,302454.646667
1780937,IT,TW,BUSIN,PIGS9,4.66,453621.667,6,6,453619.636,0.0,1.0,1.0,0.031,97343.705365
1723472,IT,PT,ALUM1,BASIC,0.79,453618.193,5,5,453617.157,0.0,0.0,1.0,0.036,574200.244304
1790336,IT,WA,ALUM1,ELECT,0.79,453580.981,5,5,453579.945,0.0,0.0,1.0,0.036,574153.140506
1782322,IT,NO,NONF1,MOTO1,0.1,453571.648,4,4,453571.645,0.0,0.0,0.0,0.003,4535716.48
1806149,IT,WF,FABRI,TRANS,1.85,453569.638,5,5,453568.605,0.0,0.0,1.0,0.033,245172.777297
1797028,IT,WL,AIRTR,PRIVA,0.49,453525.294,4,4,453525.28,0.0,0.0,0.0,0.014,925561.82449
1722960,IT,PT,HEAVY,ELEC6,0.73,453433.998,4,4,453433.962,0.0,0.0,0.0,0.036,621142.463014
1763567,IT,MX,CHEM1,PREC1,0.95,453322.893,5,5,453321.844,0.0,0.0,1.0,0.049,477181.992632
1792785,IT,WA,BUSIN,EDUCA,4.65,453199.51,6,6,453197.479,0.0,1.0,1.0,0.031,97462.260215
1721305,IT,PL,LANDT,BUSIN,2.92,453118.572,5,5,453117.551,0.0,0.0,1.0,0.021,155177.593151
1715652,IT,NL,NAPHT,DIST1,0.77,452995.79,5,5,452994.758,0.0,0.0,1.0,0.032,588306.220779
1775854,IT,TR,DAIRY,MEATC,1.84,452970.269,5,5,452967.238,0.0,3.0,0.0,0.031,246179.494022
1645811,IT,BE,RUBBE,INTER,1.5,452940.795,6,6,452938.754,0.0,1.0,1.0,0.041,301960.53
1810509,IT,WM,PAPER,WOODW,1.75,452893.802,6,6,452888.757,0.0,4.0,1.0,0.045,258796.458286
1749418,IT,CN,KEROS,TRANS,0.67,452885.625,4,4,452885.588,0.0,0.0,0.0,0.037,675948.69403
1658646,IT,DE,MACHI,PAPE1,2.53,452852.145,6,6,452850.108,0.0,1.0,1.0,0.037,178992.942688
1759753,IT,BR,BUSIN,BIOGA,4.65,452755.738,6,6,452753.707,0.0,1.0,1.0,0.031,97366.825376
1803177,IT,WF,CROPS,CATTL,3.59,452736.936,6,6,452734.911,0.0,1.0,1.0,0.025,126110.567131
1771731,IT,CH,LEATH,WOODW,3.24,452719.396,6,6,452715.318,0.0,3.0,1.0,0.078,139728.208642
1812253,IT,WM,NONME,RENTI,0.91,452645.886,5,5,452644.836,0.0,0.0,1.0,0.05,497413.061538
1686550,IT,HU,ALUM1,PLAST,0.79,452593.319,5,5,452592.283,0.0,0.0,1.0,0.036,572902.935443
1688852,IT,IE,BASIC,OFFIC,0.52,452578.315,4,4,452578.286,0.0,0.0,0.0,0.029,870342.913462
1741958,IT,US,CHEM1,FINAN,0.95,452509.95,5,5,452508.901,0.0,0.0,1.0,0.049,476326.263158
1717168,IT,NL,AIRTR,LANDT,0.49,452496.661,4,4,452496.647,0.0,0.0,0.0,0.014,923462.573469
1754535,IT,CA,BUSIN,SALEM,4.65,452440.256,6,6,452438.225,0.0,1.0,1.0,0.031,97298.979785
1683291,IT,HR,CEMEN,CEMEN,0.72,452426.899,5,5,452423.879,0.0,0.0,3.0,0.02,628370.693056
1742986,IT,US,MACHI,TEXT2,2.52,452423.948,6,6,452421.911,0.0,1.0,1.0,0.037,179533.312698
1752991,IT,CA,CHEM1,PRINT,0.95,452389.9,5,5,452388.851,0.0,0.0,1.0,0.049,476199.894737
1769203,IT,AU,CHEM1,PUBLI,0.95,452336.77,5,5,452335.721,0.0,0.0,1.0,0.049,476143.968421
1720435,IT,PL,MACHI,CHEM1,2.52,452321.599,6,6,452319.562,0.0,1.0,1.0,0.037,179492.698016
1792369,IT,WA,FINAN,REALE,5.89,452292.696,4,4,452292.683,0.0,0.0,0.0,0.013,76789.931409
1761771,IT,IN,MACHI,RADIO,2.52,452206.882,6,6,452204.845,0.0,1.0,1.0,0.037,179447.175397
1723353,IT,PT,NONME,WHOLE,0.91,452200.335,5,5,452199.285,0.0,0.0,1.0,0.05,496923.445055
1726222,IT,RO,NONME,PLAST,0.91,452181.458,5,5,452180.408,0.0,0.0,1.0,0.05,496902.701099
1790098,IT,WA,BASIC,PRINT,0.52,452172.387,4,4,452172.358,0.0,0.0,0.0,0.029,869562.282692
1758537,IT,BR,MACHI,FINAN,2.52,452095.954,6,6,452093.917,0.0,1.0,1.0,0.037,179403.156349
1800174,IT,WE,PLAST,CEREA,0.95,452027.661,4,4,452027.615,0.0,0.0,0.0,0.046,475818.590526
1739495,IT,GB,LANDT,ELEC5,2.92,452016.439,5,5,452015.418,0.0,0.0,1.0,0.021,154800.150342
1642953,IT,AT,FURNI,MOTO1,1.44,452000.328,6,6,451998.289,0.0,1.0,1.0,0.039,313889.116667
1729768,IT,SE,MACHI,FURNI,2.52,451979.541,6,6,451977.504,0.0,1.0,1.0,0.037,179356.960714
1788291,IT,WA,LEATH,BASIC,3.24,451872.998,6,6,451868.92,0.0,3.0,1.0,0.078,139466.974691
1796321,IT,WL,SALEM,LANDT,3.65,451872.268,5,5,451871.24,0.0,0.0,1.0,0.028,123800.62137
1791138,IT,WA,TRANS,BUSIN,2.7,451851.381,6,6,451849.356,0.0,1.0,1.0,0.025,167352.363333
1769783,IT,AU,MACHI,RADIO,2.52,451838.495,6,6,451836.458,0.0,1.0,1.0,0.037,179300.990079
1804237,IT,WF,COKEO,LEAD1,0.06,451835.556,4,4,451835.554,0.0,0.0,0.0,0.002,7530592.6
1770319,IT,AU,HOTEL,RENTI,3.27,451827.459,6,6,451825.425,0.0,1.0,1.0,0.034,138173.534862
1789885,IT,WA,BRICK,CHEM1,0.68,451795.886,5,5,451793.857,0.0,0.0,2.0,0.029,664405.714706
1812850,IT,WM,FABRI,FOUND,1.84,451788.749,5,5,451787.717,0.0,0.0,1.0,0.032,245537.363587
1649345,IT,BG,PLAST,OFFIC,0.95,451781.576,4,4,451781.53,0.0,0.0,0.0,0.046,475559.553684
1800296,IT,WE,PLAST,BUSIN,0.95,451731.373,4,4,451731.327,0.0,0.0,0.0,0.046,475506.708421
1659838,IT,DE,LANDT,TRANS,2.91,451727.119,5,5,451726.098,0.0,0.0,1.0,0.021,155232.686942
1727108,IT,RO,LANDT,WOODW,2.91,451669.845,5,5,451668.824,0.0,0.0,1.0,0.021,155213.005155
1761618,IT,IN,FABRI,CRUDE,1.84,451652.825,5,5,451651.793,0.0,0.0,1.0,0.032,245463.491848
1676684,IT,FR,RAILW,CHEM1,3.02,451651.505,5,5,451648.485,0.0,0.0,3.0,0.02,149553.478477
1790680,IT,WA,FABRI,TRANS,1.84,451593.451,5,5,451592.419,0.0,0.0,1.0,0.032,245431.22337
1686402,IT,HU,BASIC,CHEM1,0.52,451589.551,4,4,451589.522,0.0,0.0,0.0,0.029,868441.444231
1794921,IT,WL,CHEM1,TOBAC,0.94,451582.526,5,5,451581.477,0.0,0.0,1.0,0.049,480406.942553
1800225,IT,WE,PLAST,PAPER,0.95,451537.031,4,4,451536.985,0.0,0.0,0.0,0.046,475302.137895
1774193,IT,CH,RETA1,BEVER,4.71,451528.152,6,6,451526.122,0.0,1.0,1.0,0.03,95865.849682
1804744,IT,WF,NAPHT,BITUM,0.77,451486.142,5,5,451485.11,0.0,0.0,1.0,0.032,586345.638961
1794115,IT,WL,PAPER,FURNI,1.75,451484.112,6,6,451479.067,0.0,4.0,1.0,0.045,257990.921143
1749969,IT,CN,CERAM,FURNI,0.7,451410.395,5,5,451408.371,0.0,0.0,2.0,0.024,644871.992857
1758283,IT,BR,ALUM1,BASIC,0.78,451392.673,5,5,451391.637,0.0,0.0,1.0,0.036,578708.555128
1789524,IT,WA,ADDIT,DIST1,1.04,451287.265,6,6,451283.23,0.0,3.0,1.0,0.035,433930.0625
1745093,IT,US,PUBLI,HEALT,7.39,451185.037,5,5,451184.005,0.0,0.0,1.0,0.032,61053.455616
1737705,IT,GB,KEROS,KEROS,0.67,451140.181,4,4,451140.144,0.0,0.0,0.0,0.037,673343.553731
1813902,IT,WM,LANDT,RETA1,2.91,451117.644,5,5,451116.623,0.0,0.0,1.0,0.021,155023.245361
1761739,IT,IN,MACHI,GASDI,2.52,451117.412,6,6,451115.375,0.0,1.0,1.0,0.037,179014.846032
1809472,IT,WM,CHEMI,93197,1.08,451111.221,6,6,451087.179,0.0,2.0,22.0,0.042,417695.575
1734742,IT,SK,LEATH,BUSIN,3.23,451070.926,6,6,451066.848,0.0,3.0,1.0,0.078,139650.441486
1777796,IT,TR,FABRI,PAPER,1.84,450992.837,5,5,450991.805,0.0,0.0,1.0,0.032,245104.802717
1657093,IT,DE,NONSP,CONST,0.59,450940.287,4,4,450940.263,0.0,0.0,0.0,0.024,764305.571186
1799665,IT,WE,MOTOR,NONME,0.67,450916.586,4,4,450916.549,0.0,0.0,0.0,0.037,673009.829851
1805728,IT,WF,BASIC,PREC1,0.52,450908.514,4,4,450908.485,0.0,0.0,0.0,0.029,867131.757692
1677916,IT,FR,BUSIN,DIST1,4.63,450877.615,6,6,450875.584,0.0,1.0,1.0,0.031,97381.774298
1658112,IT,DE,ALUM1,MOTOR,0.78,450850.571,5,5,450849.535,0.0,0.0,1.0,0.036,578013.552564
1715670,IT,NL,NONSP,HEAVY,0.59,450760.965,4,4,450760.941,0.0,0.0,0.0,0.024,764001.635593
1651619,IT,CY,CEMEN,CEMEN,0.72,450736.11,5,5,450733.09,0.0,0.0,3.0,0.02,626022.375
1646012,IT,BE,NONME,BRICK,0.91,450642.212,5,5,450641.163,0.0,0.0,1.0,0.049,495211.221978
1810571,IT,WM,PAPER,AUXIL,1.75,450635.6,6,6,450630.556,0.0,4.0,1.0,0.044,257506.057143
1657685,IT,DE,CERAM,BUSIN,0.7,450622.67,5,5,450620.646,0.0,0.0,2.0,0.024,643746.671429
1803153,IT,WF,VEGET,INSUR,1.6,450617.699,5,5,450615.681,0.0,2.0,0.0,0.018,281636.061875
1742006,IT,US,ADDIT,CONST,1.04,450601.404,6,6,450597.369,0.0,3.0,1.0,0.035,433270.580769
1750326,IT,CN,FABRI,VEGET,1.83,450580.95,5,5,450579.918,0.0,0.0,1.0,0.032,246219.098361
1719791,IT,PL,BASIC,HEAVY,0.52,450561.398,4,4,450561.37,0.0,0.0,0.0,0.028,866464.226923
1659019,IT,DE,ELEC2,MOTO1,0.11,450557.544,4,4,450557.497,0.0,0.0,0.0,0.047,4095977.672727
1750517,IT,CN,MACHI,ELEC2,2.51,450533.338,6,6,450531.301,0.0,1.0,1.0,0.037,179495.353785
1720415,IT,PL,MACHI,PRINT,2.51,450508.299,6,6,450506.262,0.0,1.0,1.0,0.037,179485.378088
1675057,IT,FR,ALUM1,BIOGA,0.78,450498.409,5,5,450497.373,0.0,0.0,1.0,0.036,577562.062821
1773548,IT,CH,MOTO1,DISTR,2.4,450477.194,5,5,450476.165,0.0,0.0,1.0,0.029,187698.830833
1769828,IT,AU,MACHI,FOOD1,2.51,450465.875,6,6,450463.838,0.0,1.0,1.0,0.037,179468.476096
1795791,IT,WL,MACHI,CERAM,2.51,450463.924,6,6,450461.887,0.0,1.0,1.0,0.037,179467.698805
1663927,IT,EE,WOODW,WOODW,1.26,450353.758,6,6,450349.728,0.0,3.0,1.0,0.03,357423.61746
1750887,IT,CN,FURNI,MEMBE,1.44,450350.844,6,6,450348.805,0.0,1.0,1.0,0.039,312743.641667
1745769,IT,JP,WEARI,DISTR,3.39,450339.484,6,6,450337.398,0.0,1.0,1.0,0.086,132843.505605
1670816,IT,FI,KEROS,AIRTR,0.67,450316.06,4,4,450316.023,0.0,0.0,0.0,0.037,672113.522388
1748677,IT,CN,FOOD5,RAWMI,2.16,450290.584,6,6,450287.544,0.0,2.0,1.0,0.04,208467.862963
1683009,IT,HR,CHEM1,CEMEN,0.94,450245.433,5,5,450244.384,0.0,0.0,1.0,0.049,478984.503191
1746228,IT,JP,CHEM1,KEROS,0.94,450173.783,5,5,450172.734,0.0,0.0,1.0,0.049,478908.279787
1728303,IT,SE,BEVER,WHOLE,1.91,450125.296,6,6,450123.267,0.0,1.0,1.0,0.029,235667.694241
1667526,IT,ES,FABRI,OFFIC,1.83,450115.486,5,5,450114.454,0.0,0.0,1.0,0.032,245964.746448
1732975,IT,SI,ALUM1,REALE,0.78,449969.006,5,5,449967.97,0.0,0.0,1.0,0.036,576883.341026
1773544,IT,CH,MOTO1,SECO9,2.39,449864.762,5,5,449863.733,0.0,0.0,1.0,0.029,188227.933891
1738687,IT,GB,MACHI,ALUM1,2.51,449795.915,6,6,449793.878,0.0,1.0,1.0,0.037,179201.559761
1680415,IT,GR,ELEC2,PAPE4,0.11,449743.717,4,4,449743.67,0.0,0.0,0.0,0.047,4088579.245455
1785646,IT,ZA,HEAVY,PLAST,0.73,449692.132,4,4,449692.096,0.0,0.0,0.0,0.036,616016.619178
1647100,IT,BE,HOTEL,PREC1,3.26,449670.994,6,6,449668.96,0.0,1.0,1.0,0.034,137935.88773
1790164,IT,WA,BASIC,COMPU,0.52,449642.272,4,4,449642.244,0.0,0.0,0.0,0.028,864696.676923
1719094,IT,PL,NONSP,PLAST,0.59,449607.219,4,4,449607.195,0.0,0.0,0.0,0.024,762046.133898
1647346,IT,BE,SEACO,PLAST,0.46,449605.592,4,4,449605.584,0.0,0.0,0.0,0.008,977403.46087
1672855,IT,FR,VEGE1,DAIRY,1.38,449479.231,6,6,449475.133,0.0,3.0,1.0,0.098,325709.587681
1747475,IT,JP,SEACO,RUBBE,0.46,449388.102,4,4,449388.094,0.0,0.0,0.0,0.008,976930.656522
1806910,IT,WF,HOTEL,PUBLI,3.26,449385.571,6,6,449383.537,0.0,1.0,1.0,0.034,137848.334663
1780848,IT,TW,COMPU,RETA1,5.13,449364.175,6,6,449362.147,0.0,1.0,1.0,0.028,87595.35575
1800619,IT,WE,GLASS,SALEM,1.23,449249.937,5,5,449247.911,0.0,0.0,2.0,0.026,365243.85122
1687094,IT,HU,MOTO1,BUSIN,2.39,449239.942,5,5,449238.913,0.0,0.0,1.0,0.029,187966.502929
1750232,IT,CN,COPP1,BITUM,1.13,449232.857,6,6,449230.834,0.0,1.0,1.0,0.023,397551.200885
1641456,IT,AT,GASDI,WHOLE,0.67,449219.159,4,4,449219.122,0.0,0.0,0.0,0.037,670476.356716
1731052,IT,SI,VEGET,VEGET,1.59,449168.547,5,5,449166.529,0.0,2.0,0.0,0.018,282495.941509
1709953,IT,LT,BASIC,LANDT,0.52,449130.361,4,4,449130.333,0.0,0.0,0.0,0.028,863712.232692
1673326,IT,FR,TEXTI,BASIC,2.66,449051.097,4,4,449051.037,0.0,0.0,0.0,0.06,168816.20188
1813988,IT,WM,SEACO,HEAVY,0.46,449042.183,4,4,449042.175,0.0,0.0,0.0,0.008,976178.658696
1687392,IT,HU,HOTEL,TRANS,3.25,449031.06,6,6,449029.026,0.0,1.0,1.0,0.034,138163.403077
1648181,IT,BE,BUSIN,NAPHT,4.61,448987.964,6,6,448985.933,0.0,1.0,1.0,0.031,97394.352278
1791934,IT,WA,SEACO,MEAT4,0.46,448972.429,4,4,448972.421,0.0,0.0,0.0,0.008,976027.019565
1658378,IT,DE,FABRI,PIGS9,1.83,448942.186,5,5,448941.154,0.0,0.0,1.0,0.032,245323.598907
1804562,IT,WF,HEAVY,RAWMI,0.73,448903.862,4,4,448903.826,0.0,0.0,0.0,0.036,614936.79726
1658190,IT,DE,LEAD1,CROPS,0.78,448903.402,6,6,448900.364,0.0,1.0,2.0,0.038,575517.182051
1790100,IT,WA,BASIC,MOTOR,0.52,448893.113,4,4,448893.085,0.0,0.0,0.0,0.028,863255.986538
1761083,IT,IN,PFERT,GASDI,0.2,448848.006,4,4,448847.934,0.0,0.0,0.0,0.072,2244240.03
1789627,IT,WA,RUBBE,TEXTI,1.49,448817.234,6,6,448815.193,0.0,1.0,1.0,0.041,301219.620134
1793866,IT,WL,TEXTI,RETA1,2.66,448730.311,4,4,448730.251,0.0,0.0,0.0,0.06,168695.605639
1658114,IT,DE,ALUM1,GASDI,0.78,448675.803,5,5,448674.767,0.0,0.0,1.0,0.036,575225.388462
1735676,IT,SK,FABRI,LEATH,1.83,448669.129,5,5,448668.097,0.0,0.0,1.0,0.032,245174.387432
1780044,IT,TW,WHOLE,FOOD5,3.88,448655.429,6,6,448653.403,0.0,1.0,1.0,0.026,115632.842526
1779029,IT,TR,AIRTR,ELEC4,0.49,448644.901,4,4,448644.887,0.0,0.0,0.0,0.014,915601.838776
1658350,IT,DE,NONF1,TRANS,0.1,448597.27,4,4,448597.267,0.0,0.0,0.0,0.003,4485972.7
1709433,IT,LT,TEXTI,TEXTI,2.66,448514.748,4,4,448514.688,0.0,0.0,0.0,0.06,168614.566917
1683256,IT,HR,CERAM,WHOLE,0.7,448447.002,5,5,448444.978,0.0,0.0,2.0,0.024,640638.574286
1745329,IT,JP,VEGE1,FISH5,1.38,448422.438,6,6,448418.34,0.0,3.0,1.0,0.098,324943.795652
1737972,IT,GB,CHEM1,RETA1,0.94,448416.667,5,5,448415.618,0.0,0.0,1.0,0.049,477039.007447
1748055,IT,JP,BUSIN,RADIO,4.6,448367.751,6,6,448365.72,0.0,1.0,1.0,0.031,97471.250217
1760972,IT,IN,NAPHT,NFERT,0.76,448329.624,5,5,448328.592,0.0,0.0,1.0,0.032,589907.4
1782902,IT,NO,SEACO,CONST,0.46,448301.331,4,4,448301.323,0.0,0.0,0.0,0.008,974568.11087
1658771,IT,DE,MOTO1,RAWMI,2.39,448282.017,5,5,448280.988,0.0,0.0,1.0,0.029,187565.69749
1783495,IT,NO,WOOD1,WASTE,3.05,448192.445,5,5,448191.417,0.0,0.0,1.0,0.028,146948.342623
1809544,IT,WM,VEGE1,RAWMI,1.38,448171.244,6,6,448167.146,0.0,3.0,1.0,0.098,324761.771014
1715998,IT,NL,BRICK,STEAM,0.67,448163.133,5,5,448161.104,0.0,0.0,2.0,0.029,668900.198507
1761750,IT,IN,MACHI,PFERT,2.5,448158.88,6,6,448156.843,0.0,1.0,1.0,0.037,179263.552
1789495,IT,WA,ADDIT,NAPHT,1.04,448143.351,6,6,448139.316,0.0,3.0,1.0,0.035,430907.068269
1776503,IT,TR,MOTOR,POSTT,0.67,448115.218,4,4,448115.181,0.0,0.0,0.0,0.037,668828.683582
1738714,IT,GB,MACHI,RETA1,2.5,448028.522,6,6,448026.485,0.0,1.0,1.0,0.037,179211.4088
1802764,IT,WE,BUSIN,CRUDE,4.6,448017.257,6,6,448015.226,0.0,1.0,1.0,0.031,97395.05587
1755543,IT,KR,CHEM1,ADDIT,0.94,448015.654,5,5,448014.605,0.0,0.0,1.0,0.049,476612.397872
1650287,IT,BG,ELEC1,CONST,0.06,447975.846,4,4,447975.818,0.0,0.0,0.0,0.028,7466264.1
1742118,IT,US,RUBBE,COLLE,1.48,447902.932,6,6,447900.891,0.0,1.0,1.0,0.041,302637.116216
1750848,IT,CN,FURNI,FURNI,1.43,447861.913,6,6,447859.874,0.0,1.0,1.0,0.039,313190.148951
1800892,IT,WE,PREC1,PAPER,0.76,447839.202,6,6,447837.181,0.0,1.0,1.0,0.021,589262.107895
1649454,IT,BG,CHEM1,RETA1,0.94,447818.184,5,5,447817.135,0.0,0.0,1.0,0.049,476402.323404
1769787,IT,AU,MACHI,FURNI,2.5,447815.968,6,6,447813.931,0.0,1.0,1.0,0.037,179126.3872
1780345,IT,TW,AIRTR,HEAVY,0.49,447777.123,4,4,447777.109,0.0,0.0,0.0,0.014,913830.863265
1755766,IT,KR,GLASS,REALE,1.23,447775.353,5,5,447773.327,0.0,0.0,2.0,0.026,364045.002439
1749142,IT,CN,WOODW,REALE,1.25,447662.729,6,6,447658.699,0.0,3.0,1.0,0.03,358130.1832
1726169,IT,RO,GLASS,OFFIC,1.23,447661.633,5,5,447659.607,0.0,0.0,2.0,0.026,363952.547154
1785759,IT,ZA,PLAST,PREC1,0.94,447622.004,4,4,447621.958,0.0,0.0,0.0,0.046,476193.621277
1719195,IT,PL,PLAST,BUSIN,0.94,447616.227,4,4,447616.181,0.0,0.0,0.0,0.046,476187.475532
1782815,IT,NO,HOTEL,SUPPO,3.24,447596.957,6,6,447594.923,0.0,1.0,1.0,0.034,138147.208951
1807019,IT,WF,LANDT,SUPPO,2.89,447562.248,5,5,447561.227,0.0,0.0,1.0,0.021,154865.829758
1648680,IT,BG,SUGA1,SECO9,1.12,447525.159,4,4,447525.083,0.0,0.0,0.0,0.076,399576.034821
1785966,IT,ZA,RUBBE,FURNI,1.48,447479.598,6,6,447477.557,0.0,1.0,1.0,0.041,302351.07973
1800665,IT,WE,CERAM,WHOLE,0.7,447398.63,5,5,447396.606,0.0,0.0,2.0,0.024,639140.9
1646187,IT,BE,ALUM1,PREC1,0.78,447276.507,5,5,447275.471,0.0,0.0,1.0,0.036,573431.419231
1645765,IT,BE,RUBBE,COPP1,1.48,447222.084,6,6,447220.043,0.0,1.0,1.0,0.041,302177.083784
1757957,IT,BR,ADDIT,SALEM,1.04,447137.146,6,6,447133.111,0.0,3.0,1.0,0.035,429939.563462
1800945,IT,WE,ALUM1,NONFE,0.78,447079.72,5,5,447078.684,0.0,0.0,1.0,0.036,573179.128205
1795429,IT,WL,BASIC,BUSIN,0.51,447055.834,4,4,447055.806,0.0,0.0,0.0,0.028,876580.066667
1794500,IT,WL,GASDI,SEACO,0.67,447051.605,4,4,447051.569,0.0,0.0,0.0,0.036,667241.201493
1749030,IT,CN,LEATH,ELECT,3.2,447046.821,6,6,447042.744,0.0,3.0,1.0,0.077,139702.131562
1688850,IT,IE,BASIC,FABRI,0.51,447040.691,4,4,447040.663,0.0,0.0,0.0,0.028,876550.37451
1665432,IT,ES,TEXTI,REALE,2.65,446986.98,4,4,446986.921,0.0,0.0,0.0,0.059,168674.332075
1660958,IT,DE,BUSIN,BIODI,4.59,446945.678,6,6,446943.647,0.0,1.0,1.0,0.031,97373.786057
1762769,IT,IN,BUSIN,RETA1,4.59,446867.804,6,6,446865.773,0.0,1.0,1.0,0.031,97356.820044
1668709,IT,ES,LANDT,PAPER,2.88,446842.139,5,5,446841.118,0.0,0.0,1.0,0.021,155153.520486
1717844,IT,PL,VEGET,MEATP,1.58,446841.362,5,5,446839.344,0.0,2.0,0.0,0.018,282810.988608
1710188,IT,LT,MACHI,SUPPO,2.49,446839.622,6,6,446837.585,0.0,1.0,1.0,0.037,179453.663454
1732858,IT,SI,BASIC,RAILW,0.51,446770.611,4,4,446770.583,0.0,0.0,0.0,0.028,876020.805882
1685078,IT,HU,FOOD5,PIGS9,2.15,446675.92,6,6,446672.88,0.0,2.0,1.0,0.04,207756.24186
1666456,IT,ES,NONSP,PLAST,0.59,446673.929,4,4,446673.905,0.0,0.0,0.0,0.024,757074.455932
1658415,IT,DE,FABRI,GASDI,1.82,446637.547,5,5,446636.515,0.0,0.0,1.0,0.032,245405.245604
1797246,IT,WL,FINAN,REALE,5.81,446591.182,4,4,446591.169,0.0,0.0,0.0,0.013,76865.952151
1658210,IT,DE,LEAD1,FABRI,0.78,446590.065,6,6,446587.027,0.0,1.0,2.0,0.038,572551.365385
1739356,IT,GB,RAILW,CHEM1,2.99,446571.476,5,5,446568.456,0.0,0.0,3.0,0.02,149355.008696
1687531,IT,HU,LANDT,RUBBE,2.88,446555.267,5,5,446554.246,0.0,0.0,1.0,0.021,155053.912153
1731949,IT,SI,MOTOR,SUPPO,0.67,446507.255,4,4,446507.219,0.0,0.0,0.0,0.036,666428.738806
1726381,IT,RO,COPP1,REALE,1.13,446506.963,6,6,446504.94,0.0,1.0,1.0,0.023,395138.90531
1653658,IT,CZ,ALUM1,FURNI,0.78,446463.943,5,5,446462.907,0.0,0.0,1.0,0.036,572389.670513
1667919,IT,ES,MOTO1,HOTEL,2.38,446456.94,5,5,446455.911,0.0,0.0,1.0,0.029,187586.94958
1727137,IT,RO,LANDT,ELEC8,2.88,446435.247,5,5,446434.226,0.0,0.0,1.0,0.021,155012.238542
1645365,IT,BE,HEAVY,PULP5,0.72,446382.905,4,4,446382.869,0.0,0.0,0.0,0.036,619976.256944
1653073,IT,CZ,CHEM1,CEREA,0.93,446316.837,5,5,446315.788,0.0,0.0,1.0,0.049,479910.577419
1792765,IT,WA,BUSIN,SALEM,4.58,446285.867,6,6,446283.836,0.0,1.0,1.0,0.031,97442.329039
1642604,IT,AT,FABRI,TEXTI,1.82,446256.407,5,5,446255.375,0.0,0.0,1.0,0.032,245195.828022
1763656,IT,MX,RUBBE,FISH5,1.48,446252.981,6,6,446250.941,0.0,1.0,1.0,0.04,301522.284459
1801723,IT,WE,ELEC1,HOTEL,0.06,446070.959,4,4,446070.931,0.0,0.0,0.0,0.028,7434515.983333
1798445,IT,WE,NATUR,PLAST,0.62,446057.207,4,4,446057.178,0.0,0.0,0.0,0.029,719447.108065
1723171,IT,PT,RUBBE,BEVER,1.48,446028.991,6,6,446026.951,0.0,1.0,1.0,0.04,301370.939865
1800511,IT,WE,RUBBE,PFERT,1.48,445981.754,6,6,445979.714,0.0,1.0,1.0,0.04,301339.022973
1718858,IT,PL,PAPER,EDUCA,1.73,445915.164,6,6,445910.12,0.0,4.0,1.0,0.044,257754.430058
1789811,IT,WA,CERAM,ALUMI,0.69,445880.519,5,5,445878.495,0.0,0.0,2.0,0.024,646203.650725
1688677,IT,IE,CHEM1,PRINT,0.93,445844.424,5,5,445843.375,0.0,0.0,1.0,0.049,479402.606452
1770281,IT,AU,HOTEL,MEDIC,3.23,445841.568,6,6,445839.534,0.0,1.0,1.0,0.034,138031.445201
1689577,IT,IE,AIRTR,CEMEN,0.49,445841.188,4,4,445841.174,0.0,0.0,0.0,0.014,909879.97551
1658450,IT,DE,FABRI,RADIO,1.81,445814.396,5,5,445813.364,0.0,0.0,1.0,0.032,246306.296133
1667161,IT,ES,BASIC,ELEC3,0.51,445762.789,4,4,445762.761,0.0,0.0,0.0,0.028,874044.684314
1661744,IT,DK,LEATH,WEARI,3.19,445743.831,6,6,445739.754,0.0,3.0,1.0,0.077,139731.608464
1716424,IT,NL,MACHI,PUBLI,2.49,445724.112,6,6,445722.075,0.0,1.0,1.0,0.037,179005.66747
1760976,IT,IN,NAPHT,MOTO1,0.76,445644.88,5,5,445643.848,0.0,0.0,1.0,0.032,586374.842105
1788181,IT,WA,WEARI,SEACO,3.36,445633.834,6,6,445631.749,0.0,1.0,1.0,0.085,132629.117262
1769161,IT,AU,CHEM1,BASIC,0.93,445399.578,5,5,445398.529,0.0,0.0,1.0,0.049,478924.277419
1775808,IT,TR,CHEMI,CHEM1,1.06,445376.119,6,6,445352.077,0.0,2.0,22.0,0.042,420166.15
1658588,IT,DE,MACHI,NONME,2.48,445362.445,6,6,445360.408,0.0,1.0,1.0,0.037,179581.631048
1772983,IT,CH,PREC1,RENTI,0.76,445350.561,6,6,445348.541,0.0,1.0,1.0,0.02,585987.580263
1749608,IT,CN,CHEM1,PLANT,0.93,445295.744,5,5,445294.695,0.0,0.0,1.0,0.049,478812.627957
1776043,IT,TR,TEXTI,MOTO1,2.64,445231.916,4,4,445231.857,0.0,0.0,0.0,0.059,168648.45303
1794360,IT,WL,MOTOR,93197,0.67,445171.806,4,4,445171.77,0.0,0.0,0.0,0.036,664435.531343
1735105,IT,SK,CHEM1,WHOLE,0.93,445141.704,5,5,445140.655,0.0,0.0,1.0,0.049,478646.993548
1665954,IT,ES,MOTOR,WHITE,0.66,445086.737,4,4,445086.701,0.0,0.0,0.0,0.036,674373.843939
1719400,IT,PL,RUBBE,PFERT,1.47,445073.947,6,6,445071.907,0.0,1.0,1.0,0.04,302771.392517
1745926,IT,JP,LEATH,93197,3.19,445041.521,6,6,445037.444,0.0,3.0,1.0,0.077,139511.448589
1723823,IT,PT,MOTO1,OFFIC,2.37,445030.831,5,5,445029.802,0.0,0.0,1.0,0.029,187776.721941
1643327,IT,AT,RAILW,PLAST,2.98,445020.418,5,5,445017.398,0.0,0.0,3.0,0.02,149335.710738
1795243,IT,WL,CERAM,FISH5,0.69,445019.926,5,5,445017.902,0.0,0.0,2.0,0.024,644956.414493
1657890,IT,DE,BASIC,TEXTI,0.51,444965.937,4,4,444965.909,0.0,0.0,0.0,0.028,872482.229412
1773477,IT,CH,OFFIC,REALE,1.38,444937.183,5,5,444936.151,0.0,0.0,1.0,0.032,322418.248551
1719624,IT,PL,CERAM,HOTEL,0.69,444865.321,5,5,444863.297,0.0,0.0,2.0,0.024,644732.349275
1782290,IT,NO,COPP1,GLASS,1.12,444849.922,6,6,444847.899,0.0,1.0,1.0,0.023,397187.430357
1649762,IT,BG,BASIC,FURNI,0.51,444834.217,4,4,444834.189,0.0,0.0,0.0,0.028,872223.954902
1676556,IT,FR,HOTEL,WEARI,3.22,444797.122,6,6,444795.088,0.0,1.0,1.0,0.034,138135.752174
1771980,IT,CH,PAPER,REALE,1.72,444777.926,6,6,444772.882,0.0,4.0,1.0,0.044,258591.817442
1775194,IT,CH,RESEA,ELECT,2.41,444680.884,5,5,444679.853,0.0,0.0,1.0,0.031,184514.889627
1656223,IT,DE,TEXTI,REALE,2.63,444600.14,4,4,444600.081,0.0,0.0,0.0,0.059,169049.48289
1798721,IT,WE,DAIRY,PUBLI,1.81,444547.959,5,5,444544.929,0.0,3.0,0.0,0.03,245606.607182
1766655,IT,RU,FABRI,MACHI,1.81,444507.033,5,5,444506.001,0.0,0.0,1.0,0.032,245583.996133
1675735,IT,FR,FURNI,PAPER,1.42,444493.316,6,6,444491.278,0.0,1.0,1.0,0.038,313023.461972
1735734,IT,SK,FABRI,BUSIN,1.81,444456.976,5,5,444455.944,0.0,0.0,1.0,0.032,245556.340331
1735044,IT,SK,CHEM1,OILSE,0.93,444454.447,5,5,444453.398,0.0,0.0,1.0,0.049,477908.007527
1673922,IT,FR,MOTOR,RETA1,0.66,444369.992,4,4,444369.956,0.0,0.0,0.0,0.036,673287.866667
1651322,IT,CY,LEATH,SUPPO,3.18,444319.154,6,6,444315.077,0.0,3.0,1.0,0.077,139723.004403
1759733,IT,BR,BUSIN,PAPER,4.56,444301.856,6,6,444299.825,0.0,1.0,1.0,0.031,97434.617544
1801819,IT,WE,ELEC6,TOBAC,0.07,444301.419,4,4,444301.348,0.0,0.0,0.0,0.071,6347163.128571
1766520,IT,RU,COPP1,WOODW,1.12,444239.78,6,6,444237.757,0.0,1.0,1.0,0.023,396642.660714
1797595,IT,WL,HEALT,RESEA,2.31,444116.214,4,4,444116.196,0.0,0.0,0.0,0.018,192258.101299
1807190,IT,WF,AIRTR,SALEM,0.48,444106.163,4,4,444106.149,0.0,0.0,0.0,0.014,925221.172917
1801304,IT,WE,MACHI,FISH5,2.48,443938.866,6,6,443936.83,0.0,1.0,1.0,0.036,179007.607258
1801383,IT,WE,MACHI,AUXIL,2.48,443936.392,6,6,443934.356,0.0,1.0,1.0,0.036,179006.609677
1719459,IT,PL,RUBBE,HEALT,1.47,443897.037,6,6,443894.997,0.0,1.0,1.0,0.04,301970.773469
1807203,IT,WF,AIRTR,INSUR,0.48,443890.305,4,4,443890.291,0.0,0.0,0.0,0.014,924771.46875
1726945,IT,RO,HOTEL,WEARI,3.22,443845.931,6,6,443843.898,0.0,1.0,1.0,0.033,137840.351242
1775620,IT,CH,RECRE,RECRE,5.64,443814.072,6,6,443812.04,0.0,1.0,1.0,0.032,78690.438298
1771677,IT,CH,WEARI,LANDT,3.34,443772.136,6,6,443770.052,0.0,1.0,1.0,0.084,132865.908982
1809841,IT,WM,FOOD5,REALE,2.13,443742.374,6,6,443739.334,0.0,2.0,1.0,0.04,208329.753052
1737929,IT,GB,CHEM1,LIQUE,0.93,443715.048,5,5,443714.0,0.0,0.0,1.0,0.048,477112.954839
1763936,IT,MX,BASIC,COPP1,0.51,443707.58,4,4,443707.552,0.0,0.0,0.0,0.028,870014.862745
1741153,IT,US,LEATH,WOODW,3.18,443692.857,6,6,443688.78,0.0,3.0,1.0,0.077,139526.05566
1760399,IT,IN,DAIRY,RETAI,1.8,443682.781,5,5,443679.751,0.0,3.0,0.0,0.03,246490.433889
1686118,IT,HU,RUBBE,SALEM,1.47,443657.482,6,6,443655.442,0.0,1.0,1.0,0.04,301807.810884
1804367,IT,WF,AVIAT,AIRTR,1.04,443650.86,6,6,443648.828,0.0,1.0,1.0,0.032,426587.365385
1800615,IT,WE,GLASS,MOTO1,1.22,443606.115,5,5,443604.09,0.0,0.0,2.0,0.025,363611.569672
1799676,IT,WE,MOTOR,RADIO,0.66,443605.481,4,4,443605.445,0.0,0.0,0.0,0.036,672129.516667
1717040,IT,NL,LANDT,MOTO1,2.86,443544.183,5,5,443543.162,0.0,0.0,1.0,0.021,155085.378671
1800555,IT,WE,RUBBE,INSUR,1.47,443509.155,6,6,443507.115,0.0,1.0,1.0,0.04,301706.908163
1658315,IT,DE,COPP1,RETA1,1.12,443500.551,6,6,443498.528,0.0,1.0,1.0,0.023,395982.634821
1774593,IT,CH,SEACO,TRANS,0.45,443440.228,4,4,443440.22,0.0,0.0,0.0,0.008,985422.728889
1812740,IT,WM,NONF1,NONME,0.1,443412.215,4,4,443412.213,0.0,0.0,0.0,0.002,4434122.15
1660115,IT,DE,AIRTR,RENTI,0.48,443393.576,4,4,443393.562,0.0,0.0,0.0,0.014,923736.616667
1789184,IT,WA,PLAST,MOTOR,0.93,443378.69,4,4,443378.645,0.0,0.0,0.0,0.045,476751.27957
1788335,IT,WA,LEATH,AUXIL,3.18,443378.315,6,6,443374.238,0.0,3.0,1.0,0.077,139427.143082
1784441,IT,ID,BASIC,OFFIC,0.51,443349.675,4,4,443349.647,0.0,0.0,0.0,0.028,869313.088235
1726731,IT,RO,FURNI,WHOLE,1.42,443343.911,6,6,443341.873,0.0,1.0,1.0,0.038,312214.021831
1799634,IT,WE,MOTOR,LEATH,0.66,443278.934,4,4,443278.898,0.0,0.0,0.0,0.036,671634.748485
1686396,IT,HU,BASIC,GASDI,0.51,443277.309,4,4,443277.281,0.0,0.0,0.0,0.028,869171.194118
1743680,IT,US,HOTEL,FOOD4,3.21,443204.416,6,6,443202.383,0.0,1.0,1.0,0.033,138069.911526
1656436,IT,DE,PULP5,PLAST,1.35,443164.815,6,6,443161.773,0.0,2.0,1.0,0.042,328270.233333
1675283,IT,FR,FABRI,COLLE,1.8,443157.98,5,5,443156.948,0.0,0.0,1.0,0.032,246198.877778
1761777,IT,IN,MACHI,ELEC1,2.47,443074.452,6,6,443072.416,0.0,1.0,1.0,0.036,179382.369231
1674399,IT,FR,CHEM1,AIRTR,0.93,443029.487,5,5,443028.439,0.0,0.0,1.0,0.048,476375.792473
1793712,IT,WL,FOOD5,RETA1,2.13,443004.359,6,6,443001.319,0.0,2.0,1.0,0.04,207983.267136
1668706,IT,ES,LANDT,LEATH,2.86,443000.845,5,5,442999.824,0.0,0.0,1.0,0.021,154895.40035
1726959,IT,RO,HOTEL,CHEM1,3.21,442987.176,6,6,442985.143,0.0,1.0,1.0,0.033,138002.235514
1746785,IT,JP,MACHI,PRINT,2.47,442972.52,6,6,442970.484,0.0,1.0,1.0,0.036,179341.101215
1811272,IT,WM,BITU1,TOBAC,0.7,442963.399,4,4,442963.364,0.0,0.0,0.0,0.035,632804.855714
1771209,IT,CH,VEGE1,RAWMI,1.36,442953.626,6,6,442949.53,0.0,3.0,1.0,0.096,325701.195588
1727848,IT,RO,BUSIN,COMPU,4.55,442925.163,6,6,442923.132,0.0,1.0,1.0,0.031,97346.18967
1741995,IT,US,ADDIT,NATU1,1.03,442922.92,6,6,442918.885,0.0,3.0,1.0,0.035,430022.252427
1731060,IT,SI,VEGET,BEVER,1.57,442872.1,5,5,442870.083,0.0,2.0,0.0,0.017,282084.140127
1760733,IT,IN,PAPER,PUBLI,1.72,442841.503,6,6,442836.459,0.0,4.0,1.0,0.044,257465.990116
1729590,IT,SE,NONF1,LEAD1,0.1,442791.521,4,4,442791.519,0.0,0.0,0.0,0.002,4427915.21
1674640,IT,FR,GLASS,PIGS9,1.22,442773.088,5,5,442771.063,0.0,0.0,2.0,0.025,362928.760656
1676549,IT,FR,HOTEL,DAIRY,3.21,442679.662,6,6,442677.629,0.0,1.0,1.0,0.033,137906.43676
1735065,IT,SK,CHEM1,WEARI,0.93,442675.155,5,5,442674.107,0.0,0.0,1.0,0.048,475994.790323
1641766,IT,AT,CHEM1,PRINT,0.93,442660.546,5,5,442659.498,0.0,0.0,1.0,0.048,475979.08172
1810369,IT,WM,WOODW,RAILW,1.24,442647.354,6,6,442643.324,0.0,3.0,1.0,0.03,356973.672581
1792125,IT,WA,AIRTR,93197,0.48,442631.238,4,4,442631.224,0.0,0.0,0.0,0.014,922148.4125
1801033,IT,WE,LEAD1,REALE,0.77,442618.167,6,6,442615.13,0.0,1.0,2.0,0.037,574828.788312
1811576,IT,WM,CHEM1,SUGAR,0.92,442605.921,5,5,442604.873,0.0,0.0,1.0,0.048,481093.392391
1715441,IT,NL,MOTOR,SUPPO,0.66,442534.444,4,4,442534.408,0.0,0.0,0.0,0.036,670506.733333
1728979,IT,SE,CHEM1,RECRE,0.92,442506.37,5,5,442505.322,0.0,0.0,1.0,0.048,480985.184783
1811679,IT,WM,CHEM1,SEACO,0.92,442487.523,5,5,442486.475,0.0,0.0,1.0,0.048,480964.698913
1800535,IT,WE,RUBBE,TRANS,1.47,442485.314,6,6,442483.274,0.0,1.0,1.0,0.04,301010.417687
1772522,IT,CH,RUBBE,PRINT,1.47,442425.947,6,6,442423.907,0.0,1.0,1.0,0.04,300970.031973
1810918,IT,WM,GASDI,RAWMI,0.66,442414.634,4,4,442414.598,0.0,0.0,0.0,0.036,670325.20303
1790076,IT,WA,BASIC,NONFE,0.51,442402.701,4,4,442402.673,0.0,0.0,0.0,0.028,867456.276471
1776052,IT,TR,TEXTI,RETA1,2.62,442392.982,4,4,442392.923,0.0,0.0,0.0,0.059,168852.283206
1769295,IT,AU,RUBBE,LANDT,1.47,442352.216,6,6,442350.176,0.0,1.0,1.0,0.04,300919.87483
1763659,IT,MX,RUBBE,LEATH,1.46,442164.949,6,6,442162.909,0.0,1.0,1.0,0.04,302852.704795
1809335,IT,WM,STONE,RESEA,1.43,442093.504,5,5,442068.484,0.0,0.0,25.0,0.02,309156.296503
1657464,IT,DE,RUBBE,DIST1,1.46,442080.923,6,6,442078.883,0.0,1.0,1.0,0.04,302795.15274
1668715,IT,ES,LANDT,HEAVY,2.85,442058.787,5,5,442057.766,0.0,0.0,1.0,0.021,155108.346316
1782350,IT,NO,FABRI,WOODW,1.8,442054.342,5,5,442053.31,0.0,0.0,1.0,0.032,245585.745556
1667415,IT,ES,COPP1,DIST1,1.12,442044.338,6,6,442042.315,0.0,1.0,1.0,0.023,394682.444643
1771935,IT,CH,PAPER,GLASS,1.71,441987.825,6,6,441982.781,0.0,4.0,1.0,0.044,258472.412281
1672533,IT,FR,CEREA,CATTL,0.72,441877.683,5,5,441874.658,0.0,3.0,0.0,0.025,613719.004167
1680235,IT,GR,TRANS,TRANS,2.64,441796.585,6,6,441794.561,0.0,1.0,1.0,0.024,167347.191288
1678813,IT,GR,BEVER,RAWMI,1.88,441746.827,6,6,441744.799,0.0,1.0,1.0,0.028,234971.716489
1716420,IT,NL,MACHI,RENTI,2.46,441716.119,6,6,441714.083,0.0,1.0,1.0,0.036,179559.397967
1718840,IT,PL,PAPER,HOTEL,1.71,441665.318,6,6,441660.274,0.0,4.0,1.0,0.044,258283.811696
1766984,IT,RU,MOTO1,LANDT,2.35,441663.04,5,5,441662.011,0.0,0.0,1.0,0.029,187941.719149
1780388,IT,TW,AIRTR,FINAN,0.48,441644.326,4,4,441644.312,0.0,0.0,0.0,0.014,920092.345833
1806145,IT,WF,FABRI,ELECT,1.8,441616.016,5,5,441614.984,0.0,0.0,1.0,0.032,245342.231111
1656413,IT,DE,WOODW,RESEA,1.24,441570.337,6,6,441566.307,0.0,3.0,1.0,0.03,356105.110484
1773790,IT,CH,ELEC2,FINAN,0.11,441531.52,4,4,441531.474,0.0,0.0,0.0,0.046,4013922.909091
1760580,IT,IN,WOODW,WOODW,1.24,441481.129,6,6,441477.099,0.0,3.0,1.0,0.03,356033.168548
1668781,IT,ES,LANDT,POSTT,2.85,441477.478,5,5,441476.457,0.0,0.0,1.0,0.021,154904.378246
1805061,IT,WF,PLAST,LANDT,0.93,441443.372,4,4,441443.327,0.0,0.0,0.0,0.045,474670.292473
1657915,IT,DE,BASIC,ADDIT,0.51,441408.857,4,4,441408.829,0.0,0.0,0.0,0.028,865507.562745
1731941,IT,SI,MOTOR,WHOLE,0.66,441318.802,4,4,441318.766,0.0,0.0,0.0,0.036,668664.851515
1746625,IT,JP,ALUM1,RADIO,0.77,441268.855,5,5,441267.82,0.0,0.0,1.0,0.035,573076.435065
1666973,IT,ES,CERAM,BUSIN,0.69,441244.604,5,5,441242.58,0.0,0.0,2.0,0.024,639484.933333
1676754,IT,FR,LANDT,RAWMI,2.85,441157.941,5,5,441156.92,0.0,0.0,1.0,0.021,154792.26
1746174,IT,JP,PLAST,MACHI,0.93,441107.343,4,4,441107.298,0.0,0.0,0.0,0.045,474308.970968
1743552,IT,US,HOTEL,FORES,3.2,441100.615,6,6,441098.582,0.0,1.0,1.0,0.033,137843.942187
1672851,IT,FR,VEGE1,MEATP,1.36,441083.017,6,6,441078.921,0.0,3.0,1.0,0.096,324325.747794
1794496,IT,WL,GASDI,HOTEL,0.66,440999.853,4,4,440999.817,0.0,0.0,0.0,0.036,668181.595455
1731677,IT,SI,WOODW,FABRI,1.23,440976.946,6,6,440972.916,0.0,3.0,1.0,0.03,358517.842276
1681935,IT,HR,FOOD5,RAWMI,2.12,440939.419,6,6,440936.38,0.0,2.0,1.0,0.039,207990.291981
1794777,IT,WL,PLAST,FOOD5,0.93,440903.61,4,4,440903.565,0.0,0.0,0.0,0.045,474089.903226
1800840,IT,WE,BASIC,RADIO,0.51,440894.91,4,4,440894.882,0.0,0.0,0.0,0.028,864499.823529
1788254,IT,WA,LEATH,WOODW,3.16,440881.929,6,6,440877.853,0.0,3.0,1.0,0.076,139519.597785
1753152,IT,CA,RUBBE,BUSIN,1.46,440868.143,6,6,440866.103,0.0,1.0,1.0,0.04,301964.481507
1782195,IT,NO,BASIC,PLAST,0.51,440844.74,4,4,440844.712,0.0,0.0,0.0,0.028,864401.45098
1715566,IT,NL,HEAVY,REFI1,0.71,440824.83,4,4,440824.795,0.0,0.0,0.0,0.035,620880.042254
1742801,IT,US,FABRI,SUPPO,1.79,440682.413,5,5,440681.381,0.0,0.0,1.0,0.032,246191.292179
1762620,IT,IN,REALE,RADIO,18.62,440666.632,6,6,440664.603,0.0,1.0,1.0,0.029,23666.306767
1769822,IT,AU,MACHI,COMPU,2.46,440626.37,6,6,440624.334,0.0,1.0,1.0,0.036,179116.410569
1806225,IT,WF,MACHI,BEVER,2.46,440567.244,6,6,440565.208,0.0,1.0,1.0,0.036,179092.37561
1767325,IT,RU,HOTEL,HEALT,3.19,440525.224,6,6,440523.191,0.0,1.0,1.0,0.033,138095.681505
1733308,IT,SI,MOTO1,ELEC3,2.34,440518.973,5,5,440517.944,0.0,0.0,1.0,0.029,188255.971368
1801520,IT,WE,MOTO1,SEACO,2.34,440517.803,5,5,440516.774,0.0,0.0,1.0,0.029,188255.471368
1688996,IT,IE,MACHI,MACHI,2.46,440475.742,6,6,440473.706,0.0,1.0,1.0,0.036,179055.179675
1751225,IT,CN,HOTEL,TRANS,3.19,440408.407,6,6,440406.374,0.0,1.0,1.0,0.033,138059.061755
1749200,IT,CN,PULP5,RETAI,1.34,440391.261,6,6,440388.22,0.0,2.0,1.0,0.041,328650.194776
1779657,IT,TR,RESEA,RUBBE,2.39,440281.552,5,5,440280.521,0.0,0.0,1.0,0.031,184218.222594
1719295,IT,PL,CHEM1,DIST1,0.92,440254.58,5,5,440253.532,0.0,0.0,1.0,0.048,478537.586957
1801605,IT,WE,TRANS,RAILW,2.63,440229.738,6,6,440227.714,0.0,1.0,1.0,0.024,167387.73308
1653586,IT,CZ,BASIC,PAPE4,0.51,440214.76,4,4,440214.732,0.0,0.0,0.0,0.028,863166.196078
1658431,IT,DE,FABRI,BIODI,1.79,440063.731,5,5,440062.699,0.0,0.0,1.0,0.032,245845.659777
1789711,IT,WA,RUBBE,RECRE,1.46,440043.298,6,6,440041.258,0.0,1.0,1.0,0.04,301399.519178
1788713,IT,WA,MOTOR,GASDI,0.66,440006.136,4,4,440006.1,0.0,0.0,0.0,0.036,666675.963636
1780962,IT,TW,BUSIN,WOODW,4.52,439923.625,6,6,439921.595,0.0,1.0,1.0,0.03,97328.235619
1656015,IT,DE,FOOD5,SEACO,2.11,439917.669,6,6,439914.63,0.0,2.0,1.0,0.039,208491.786256
1776430,IT,TR,COKEO,FABRI,0.06,439912.713,4,4,439912.711,0.0,0.0,0.0,0.002,7331878.55
1756031,IT,KR,NONF1,ELEC3,0.1,439895.611,4,4,439895.609,0.0,0.0,0.0,0.002,4398956.11
1732033,IT,SI,KEROS,TRAN1,0.65,439844.591,4,4,439844.555,0.0,0.0,0.0,0.036,676683.986154
1718355,IT,PL,BEVER,FISH5,1.87,439839.42,6,6,439837.392,0.0,1.0,1.0,0.028,235208.245989
1731345,IT,SI,DAIRY,HOTEL,1.79,439837.017,5,5,439833.987,0.0,3.0,0.0,0.03,245719.003911
1714812,IT,NL,FOOD5,BEVER,2.11,439812.801,6,6,439809.762,0.0,2.0,1.0,0.039,208442.085782
1800341,IT,WE,CHEM1,MEATP,0.92,439789.511,5,5,439788.463,0.0,0.0,1.0,0.048,478032.077174
1781003,IT,TW,BUSIN,TRANS,4.52,439721.549,6,6,439719.519,0.0,1.0,1.0,0.03,97283.52854
1760608,IT,IN,WOODW,FURNI,1.23,439689.142,6,6,439685.112,0.0,3.0,1.0,0.03,357470.847154
1732765,IT,SI,NONME,NONME,0.89,439651.036,5,5,439649.988,0.0,0.0,1.0,0.048,493989.92809
1775322,IT,CH,BUSIN,AIRTR,4.51,439583.125,6,6,439581.095,0.0,1.0,1.0,0.03,97468.542129
1799633,IT,WE,MOTOR,WEARI,0.66,439571.985,4,4,439571.949,0.0,0.0,0.0,0.036,666018.159091
1803545,IT,WF,VEGE1,HEALT,1.35,439386.384,6,6,439382.288,0.0,3.0,1.0,0.096,325471.395556
1763602,IT,MX,CHEM1,REALE,0.92,439365.582,5,5,439364.534,0.0,0.0,1.0,0.048,477571.284783
1761432,IT,IN,BASIC,FOUND,0.51,439356.343,4,4,439356.315,0.0,0.0,0.0,0.028,861483.02549
1657072,IT,DE,NONSP,BRICK,0.58,439318.219,4,4,439318.195,0.0,0.0,0.0,0.024,757445.205172
1676826,IT,FR,LANDT,DISTR,2.83,439195.488,5,5,439194.467,0.0,0.0,1.0,0.021,155192.751943
1747566,IT,JP,AIRTR,PFERT,0.48,439160.622,4,4,439160.608,0.0,0.0,0.0,0.014,914917.9625
1732300,IT,SI,NAPHT,PULP5,0.75,439046.531,5,5,439045.5,0.0,0.0,1.0,0.031,585395.374667
1659028,IT,DE,ELEC2,RETA1,0.11,439026.332,4,4,439026.286,0.0,0.0,0.0,0.046,3991148.472727
1644791,IT,BE,TOBAC,WHOLE,1.73,439015.082,5,5,439013.054,0.0,2.0,0.0,0.028,253765.943353
1789969,IT,WA,NONME,NATUR,0.89,439000.941,5,5,438999.893,0.0,0.0,1.0,0.048,493259.48427
1768346,IT,AU,MEAT4,MEAT4,2.42,438952.052,6,6,438949.022,0.0,2.0,1.0,0.03,181385.145455
1667267,IT,ES,ALUM1,FOOD5,0.76,438948.598,5,5,438947.563,0.0,0.0,1.0,0.035,577563.944737
1686814,IT,HU,FABRI,CEMEN,1.79,438832.376,5,5,438831.345,0.0,0.0,1.0,0.031,245157.751955
1719566,IT,PL,GLASS,BUSIN,1.2,438805.891,5,5,438803.866,0.0,0.0,2.0,0.025,365671.575833
1642142,IT,AT,CERAM,CERAM,0.68,438770.941,5,5,438768.917,0.0,0.0,2.0,0.024,645251.383824
1796978,IT,WL,AIRTR,NONF1,0.48,438743.443,4,4,438743.429,0.0,0.0,0.0,0.014,914048.839583
1737623,IT,GB,PAPER,MACHI,1.7,438707.431,6,6,438702.388,0.0,4.0,1.0,0.043,258063.194706
1720013,IT,PL,ALUM1,GASDI,0.76,438704.4,5,5,438703.365,0.0,0.0,1.0,0.035,577242.631579
1722144,IT,PL,BUSIN,WHOLE,4.51,438663.204,6,6,438661.174,0.0,1.0,1.0,0.03,97264.568514
1753378,IT,CA,ALUM1,FABRI,0.76,438658.358,5,5,438657.323,0.0,0.0,1.0,0.035,577182.05
1784301,IT,ID,CHEM1,HOTEL,0.92,438637.887,5,5,438636.839,0.0,0.0,1.0,0.048,476780.311957
1760730,IT,IN,PAPER,COMPU,1.7,438606.328,6,6,438601.285,0.0,4.0,1.0,0.043,258003.722353
1800631,IT,WE,GLASS,PUBLI,1.2,438595.704,5,5,438593.679,0.0,0.0,2.0,0.025,365496.42
1659845,IT,DE,LANDT,ELEC5,2.83,438448.311,5,5,438447.29,0.0,0.0,1.0,0.021,154928.731802
1781184,IT,NO,WHEAT,FOOD5,0.33,438422.461,5,5,438419.45,0.0,3.0,0.0,0.011,1328552.912121
1811975,IT,WM,GLASS,KEROS,1.2,438271.404,5,5,438269.379,0.0,0.0,2.0,0.025,365226.17
1767313,IT,RU,HOTEL,SUPPO,3.18,438206.539,6,6,438204.506,0.0,1.0,1.0,0.033,137800.798428
1811244,IT,WM,BITU1,VEGET,0.69,438199.392,4,4,438199.357,0.0,0.0,0.0,0.035,635071.582609
1793885,IT,WL,TEXTI,HEALT,2.6,438166.584,4,4,438166.526,0.0,0.0,0.0,0.058,168525.609231
1797276,IT,WL,INSUR,CHEM1,9.03,438066.165,5,5,438065.145,0.0,1.0,0.0,0.02,48512.310631
1813080,IT,WM,OFFIC,RESEA,1.36,438041.057,5,5,438040.025,0.0,0.0,1.0,0.032,322089.0125
1774303,IT,CH,HOTEL,BEVER,3.17,438018.337,6,6,438016.304,0.0,1.0,1.0,0.033,138176.131546
1805029,IT,WF,PLAST,PREC1,0.92,438010.467,4,4,438010.422,0.0,0.0,0.0,0.045,476098.333696
1654171,IT,CZ,MOTO1,FABRI,2.33,438005.799,5,5,438004.771,0.0,0.0,1.0,0.028,187985.321459
1738833,IT,GB,MOTO1,HOTEL,2.33,437996.305,5,5,437995.277,0.0,0.0,1.0,0.028,187981.246781
1746821,IT,JP,MACHI,ELEC3,2.44,437989.025,6,6,437986.989,0.0,1.0,1.0,0.036,179503.69877
1753020,IT,CA,CHEM1,ALUM1,0.92,437963.537,5,5,437962.489,0.0,0.0,1.0,0.048,476047.322826
1640547,IT,AT,FOOD5,PLAST,2.1,437889.215,6,6,437886.176,0.0,2.0,1.0,0.039,208518.67381
1688712,IT,IE,CHEM1,DISTR,0.91,437826.682,5,5,437825.634,0.0,0.0,1.0,0.048,481128.221978
1673562,IT,FR,WOODW,WHEAT,1.23,437815.783,6,6,437811.753,0.0,3.0,1.0,0.03,355947.791057
1766161,IT,RU,RUBBE,SUPPO,1.45,437805.549,6,6,437803.509,0.0,1.0,1.0,0.04,301934.861379
1813961,IT,WM,SEACO,NATU1,0.45,437726.024,4,4,437726.016,0.0,0.0,0.0,0.008,972724.497778
1645093,IT,BE,PAPER,RETA1,1.7,437725.291,6,6,437720.248,0.0,4.0,1.0,0.043,257485.465294
1762317,IT,IN,AIRTR,MEMBE,0.48,437704.314,4,4,437704.3,0.0,0.0,0.0,0.014,911883.9875
1749120,IT,CN,WOODW,MACHI,1.22,437696.107,6,6,437692.077,0.0,3.0,1.0,0.03,358767.30082
1766695,IT,RU,FABRI,PUBLI,1.78,437674.844,5,5,437673.813,0.0,0.0,1.0,0.031,245884.74382
1795770,IT,WL,MACHI,HEAVY,2.44,437674.439,6,6,437672.403,0.0,1.0,1.0,0.036,179374.770082
1676965,IT,FR,AIRTR,FABRI,0.48,437650.37,4,4,437650.356,0.0,0.0,0.0,0.014,911771.604167
1757549,IT,BR,MOTOR,REFI1,0.65,437617.666,4,4,437617.63,0.0,0.0,0.0,0.036,673257.947692
1655560,IT,DE,STONE,CONST,1.42,437588.041,5,5,437564.021,0.0,0.0,24.0,0.02,308160.592254
1806266,IT,WF,MACHI,RADIO,2.44,437528.427,6,6,437526.391,0.0,1.0,1.0,0.036,179314.929098
1678864,IT,GR,FISH5,FOOD5,1.84,437485.762,6,6,437483.537,0.0,1.0,1.0,0.225,237764.001087
1804515,IT,WF,GASDI,MEDIC,0.65,437458.116,4,4,437458.08,0.0,0.0,0.0,0.036,673012.486154
1810343,IT,WM,WOODW,CHEM1,1.22,437377.87,6,6,437373.84,0.0,3.0,1.0,0.03,358506.45082
1689030,IT,IE,OFFIC,OFFIC,1.36,437344.918,5,5,437343.886,0.0,0.0,1.0,0.032,321577.145588
1676692,IT,FR,RAILW,BASIC,2.93,437287.352,5,5,437284.332,0.0,0.0,3.0,0.02,149244.830034
1690088,IT,IE,RENTI,SUPPO,2.61,437249.268,5,5,437248.244,0.0,0.0,1.0,0.024,167528.455172
1773425,IT,CH,OFFIC,PAPER,1.35,437238.53,5,5,437237.498,0.0,0.0,1.0,0.032,323880.392593
1802584,IT,WE,FINAN,REALE,5.69,437219.713,4,4,437219.7,0.0,0.0,0.0,0.013,76840.019859
1790561,IT,WA,NONF1,NONME,0.1,437153.449,4,4,437153.447,0.0,0.0,0.0,0.002,4371534.49
1778159,IT,TR,TRANS,COMPU,2.61,437075.844,5,5,437074.82,0.0,0.0,1.0,0.024,167462.009195
1795173,IT,WL,RUBBE,INSUR,1.45,437075.686,6,6,437073.646,0.0,1.0,1.0,0.04,301431.507586
1788208,IT,WA,LEATH,PLANT,3.13,437060.434,6,6,437056.358,0.0,3.0,1.0,0.076,139635.921406
1713244,IT,MT,PAPER,PRINT,1.69,437059.359,6,6,437054.316,0.0,4.0,1.0,0.043,258615.005325
1769056,IT,AU,PLAST,BITUM,0.92,436931.364,4,4,436931.32,0.0,0.0,0.0,0.044,474925.395652
1716957,IT,NL,RAILW,RAILW,2.92,436843.882,5,5,436840.862,0.0,0.0,3.0,0.02,149604.069178
1742130,IT,US,RUBBE,SUPPO,1.45,436837.6,6,6,436835.56,0.0,1.0,1.0,0.04,301267.310345
1809952,IT,WM,FISH5,FOOD5,1.84,436789.016,6,6,436786.791,0.0,1.0,1.0,0.225,237385.334783
1715477,IT,NL,KEROS,DIST1,0.65,436721.699,4,4,436721.663,0.0,0.0,0.0,0.036,671879.536923
1794745,IT,WL,NONSP,CHEM1,0.57,436717.345,4,4,436717.321,0.0,0.0,0.0,0.024,766170.780702
1680869,IT,GR,LANDT,MOTOR,2.82,436673.43,5,5,436672.409,0.0,0.0,1.0,0.021,154848.734043
1795147,IT,WL,RUBBE,OFFIC,1.45,436648.795,6,6,436646.755,0.0,1.0,1.0,0.04,301137.1
1728778,IT,SE,HEAVY,GASDI,0.71,436574.481,4,4,436574.446,0.0,0.0,0.0,0.035,614893.635211
1742512,IT,US,BASIC,SUPPO,0.5,436549.688,4,4,436549.66,0.0,0.0,0.0,0.028,873099.376
1812930,IT,WM,MACHI,SANDC,2.44,436495.853,6,6,436493.817,0.0,1.0,1.0,0.036,178891.743033
1654073,IT,CZ,MACHI,RECRE,2.44,436470.695,6,6,436468.659,0.0,1.0,1.0,0.036,178881.432377
1794619,IT,WL,HEAVY,PUBLI,0.7,436261.811,4,4,436261.776,0.0,0.0,0.0,0.035,623231.158571
1812662,IT,WM,COPP1,CHEM1,1.1,436231.527,6,6,436229.504,0.0,1.0,1.0,0.023,396574.115455
1796065,IT,WL,TRANS,FOOD5,2.6,436091.757,5,5,436090.733,0.0,0.0,1.0,0.024,167727.598846
1805476,IT,WF,GLASS,INSUR,1.2,436087.331,5,5,436085.306,0.0,0.0,2.0,0.025,363406.109167
1653320,IT,CZ,GLASS,TEXTI,1.2,436055.727,5,5,436053.702,0.0,0.0,2.0,0.025,363379.7725
1676844,IT,FR,LANDT,POSTT,2.81,436012.763,5,5,436011.742,0.0,0.0,1.0,0.021,155164.684342
1798414,IT,WE,NATUR,CRUDE,0.61,435996.139,4,4,435996.11,0.0,0.0,0.0,0.029,714747.768852
1671338,IT,FI,ALUM1,BUSIN,0.76,435986.783,5,5,435985.748,0.0,0.0,1.0,0.035,573666.819737
1794556,IT,WL,HEAVY,PULP5,0.7,435976.665,4,4,435976.63,0.0,0.0,0.0,0.035,622823.807143
1791082,IT,WA,TRANS,PFERT,2.6,435958.278,5,5,435957.254,0.0,0.0,1.0,0.024,167676.260769
1800494,IT,WE,RUBBE,TEXTI,1.44,435940.319,6,6,435938.279,0.0,1.0,1.0,0.04,302736.332639
1782296,IT,NO,COPP1,FABRI,1.1,435918.373,6,6,435916.35,0.0,1.0,1.0,0.023,396289.43
1709809,IT,LT,RUBBE,OFFIC,1.44,435887.678,6,6,435885.638,0.0,1.0,1.0,0.04,302699.776389
1772856,IT,CH,BASIC,NFERT,0.5,435819.244,4,4,435819.216,0.0,0.0,0.0,0.028,871638.488
1812277,IT,WM,BASIC,MEATA,0.5,435817.903,4,4,435817.875,0.0,0.0,0.0,0.028,871635.806
1812300,IT,WM,BASIC,PROCE,0.5,435817.671,4,4,435817.643,0.0,0.0,0.0,0.028,871635.342
1746597,IT,JP,PREC1,MACHI,0.74,435772.895,6,6,435770.875,0.0,1.0,1.0,0.02,588882.290541
1776572,IT,TR,GASDI,CATTL,0.65,435735.207,4,4,435735.172,0.0,0.0,0.0,0.035,670361.856923
1743893,IT,US,SEACO,PREC1,0.44,435730.275,4,4,435730.267,0.0,0.0,0.0,0.008,990296.079545
1674226,IT,FR,LIQUE,HEALT,0.76,435517.461,4,4,435517.426,0.0,0.0,0.0,0.035,573049.290789
1786847,IT,ZA,HOTEL,PRIVA,3.16,435460.786,6,6,435458.753,0.0,1.0,1.0,0.033,137804.046203
1649627,IT,BG,GLASS,ELEC1,1.2,435410.597,5,5,435408.572,0.0,0.0,2.0,0.025,362842.164167
1764680,IT,MX,HOTEL,CRUDE,3.16,435299.814,6,6,435297.781,0.0,1.0,1.0,0.033,137753.105696
1809133,IT,WM,CROPS,CONST,3.45,435293.025,6,6,435291.001,0.0,1.0,1.0,0.024,126171.891304
1732008,IT,SI,KEROS,PRINT,0.65,435280.405,4,4,435280.37,0.0,0.0,0.0,0.035,669662.161538
1813305,IT,WM,TRANS,REALE,2.6,435273.837,5,5,435272.813,0.0,0.0,1.0,0.024,167413.014231
1729202,IT,SE,CERAM,WOODW,0.68,435196.623,5,5,435194.599,0.0,0.0,2.0,0.024,639995.033824
1647550,IT,BE,SUPPO,RENTI,3.13,435044.953,5,5,435043.932,0.0,0.0,1.0,0.021,138991.997764
1742316,IT,US,CEMEN,RETAI,0.7,435041.218,5,5,435038.198,0.0,0.0,3.0,0.02,621487.454286
1811546,IT,WM,PFERT,NATUR,0.19,435028.421,4,4,435028.351,0.0,0.0,0.0,0.07,2289623.268421
1753470,IT,CA,FABRI,TRANS,1.77,435016.223,5,5,435015.192,0.0,0.0,1.0,0.031,245771.877401
1795892,IT,WL,OFFIC,WHOLE,1.35,434951.467,5,5,434950.436,0.0,0.0,1.0,0.031,322186.271852
1798266,IT,WE,OILSE,WEARI,0.31,434911.042,5,5,434908.022,0.0,3.0,0.0,0.02,1402938.845161
1645693,IT,BE,ADDIT,KEROS,1.01,434891.616,6,6,434887.582,0.0,3.0,1.0,0.034,430585.758416
1672965,IT,FR,DAIRY,PUBLI,1.77,434881.38,5,5,434878.351,0.0,3.0,0.0,0.029,245695.694915
1661576,IT,DK,BEVER,ELECT,1.85,434843.95,5,5,434842.922,0.0,1.0,0.0,0.028,235050.783784
1763312,IT,MX,PAPER,FURNI,1.68,434819.6,6,6,434814.557,0.0,4.0,1.0,0.043,258821.190476
1645538,IT,BE,PLAST,RESEA,0.91,434762.928,4,4,434762.884,0.0,0.0,0.0,0.044,477761.459341
1745781,IT,JP,WEARI,LANDT,3.28,434712.407,6,6,434710.324,0.0,1.0,1.0,0.083,132534.270427
1754070,IT,CA,AIRTR,FORES,0.47,434627.524,4,4,434627.51,0.0,0.0,0.0,0.014,924739.412766
1685641,IT,HU,KEROS,MACHI,0.65,434624.575,4,4,434624.54,0.0,0.0,0.0,0.035,668653.192308
1763509,IT,MX,CHEM1,POULT,0.91,434608.7,5,5,434607.653,0.0,0.0,1.0,0.047,477591.978022
1751993,IT,CN,RESEA,CERAM,2.36,434602.39,5,5,434601.36,0.0,0.0,1.0,0.03,184153.555085
1806517,IT,WF,TRANS,PRIVA,2.59,434556.794,5,5,434555.77,0.0,0.0,1.0,0.024,167782.545946
1773709,IT,CH,FURNI,SUPPO,1.39,434555.059,6,6,434553.022,0.0,1.0,1.0,0.037,312629.538849
1681062,IT,GR,SUPPO,FISHF,3.12,434535.462,5,5,434534.441,0.0,0.0,1.0,0.021,139274.186538
1647450,IT,BE,AIRTR,RENTI,0.47,434521.741,4,4,434521.727,0.0,0.0,0.0,0.014,924514.342553
1777013,IT,TR,CHEM1,MEAT4,0.91,434504.781,5,5,434503.734,0.0,0.0,1.0,0.047,477477.781319
1798891,IT,WE,BEVER,WHOLE,1.85,434487.674,5,5,434486.646,0.0,1.0,0.0,0.028,234858.202162
1766659,IT,RU,FABRI,MEDIC,1.77,434430.04,5,5,434429.009,0.0,0.0,1.0,0.031,245440.700565
1666802,IT,ES,RUBBE,COMPU,1.44,434420.733,6,6,434418.694,0.0,1.0,1.0,0.039,301681.064583
1650935,IT,BG,SEACO,LANDT,0.44,434368.268,4,4,434368.26,0.0,0.0,0.0,0.008,987200.609091
1720246,IT,PL,FABRI,CROPS,1.77,434329.276,5,5,434328.245,0.0,0.0,1.0,0.031,245383.771751
1652227,IT,CZ,FOOD5,RAWMI,2.09,434256.198,6,6,434253.159,0.0,2.0,1.0,0.039,207778.085167
1795539,IT,WL,ALUM1,WHOLE,0.75,434240.928,5,5,434239.893,0.0,0.0,1.0,0.035,578987.904
1805968,IT,WF,COPP1,IRONO,1.1,434108.81,6,6,434106.788,0.0,1.0,1.0,0.022,394644.372727
1718122,IT,PL,VEGE1,BEVER,1.33,433958.214,6,6,433954.12,0.0,3.0,1.0,0.094,326284.371429
1780116,IT,TW,HOTEL,PROCE,3.15,433953.859,6,6,433951.826,0.0,1.0,1.0,0.033,137763.129841
1640145,IT,AT,CEREA,RAILW,0.71,433944.371,5,5,433941.346,0.0,3.0,0.0,0.025,611189.25493
1738600,IT,GB,FABRI,RETA1,1.77,433844.745,5,5,433843.714,0.0,0.0,1.0,0.031,245110.025424
1779643,IT,TR,RESEA,WEARI,2.35,433838.645,5,5,433837.615,0.0,0.0,1.0,0.03,184612.189362
1790241,IT,WA,PREC1,ELECT,0.74,433794.723,6,6,433792.703,0.0,1.0,1.0,0.02,586209.085135
1779051,IT,TR,AIRTR,FINAN,0.47,433778.907,4,4,433778.893,0.0,0.0,0.0,0.014,922933.844681
1806336,IT,WF,OFFIC,PUBLI,1.34,433577.704,5,5,433576.673,0.0,0.0,1.0,0.031,323565.450746
1653703,IT,CZ,LEAD1,RESEA,0.75,433533.691,6,6,433530.654,0.0,1.0,2.0,0.037,578044.921333
1725940,IT,RO,NFERT,CEREA,0.09,433532.407,4,4,433532.372,0.0,0.0,0.0,0.035,4817026.744444
1779801,IT,TR,BUSIN,HEALT,4.45,433449.816,6,6,433447.786,0.0,1.0,1.0,0.03,97404.453034
1812487,IT,WM,PREC1,BUSIN,0.74,433344.99,6,6,433342.97,0.0,1.0,1.0,0.02,585601.337838
1679593,IT,GR,RUBBE,SALEM,1.44,433323.721,6,6,433321.682,0.0,1.0,1.0,0.039,300919.250694
1753224,IT,CA,CERAM,CERAM,0.67,433274.622,5,5,433272.599,0.0,0.0,2.0,0.023,646678.540299
1755622,IT,KR,ADDIT,CHEM1,1.0,433257.726,6,6,433253.692,0.0,3.0,1.0,0.034,433257.726
1749125,IT,CN,WOODW,MOTO1,1.21,433255.78,6,6,433251.751,0.0,3.0,1.0,0.029,358062.628099
1776018,IT,TR,TEXTI,WOODW,2.57,433226.453,4,4,433226.395,0.0,0.0,0.0,0.058,168570.60428
1642177,IT,AT,CERAM,COMPU,0.67,433187.299,5,5,433185.276,0.0,0.0,2.0,0.023,646548.207463
1725167,IT,RO,VEGE1,FOOD5,1.33,433045.736,6,6,433041.642,0.0,3.0,1.0,0.094,325598.297744
1658438,IT,DE,FABRI,NONME,1.76,433039.019,5,5,433037.988,0.0,0.0,1.0,0.031,246044.897159
1763540,IT,MX,CHEM1,PRINT,0.9,432977.679,5,5,432976.632,0.0,0.0,1.0,0.047,481086.31
1659920,IT,DE,TRAN2,PLAST,0.67,432929.89,4,4,432929.878,0.0,0.0,0.0,0.012,646164.014925
1667687,IT,ES,MACHI,ELEC9,2.41,432796.312,6,6,432794.276,0.0,1.0,1.0,0.036,179583.53195
1794834,IT,WL,PLAST,HOTEL,0.91,432762.624,4,4,432762.58,0.0,0.0,0.0,0.044,475563.323077
1662634,IT,DK,MACHI,MEATP,2.41,432747.109,6,6,432745.073,0.0,1.0,1.0,0.036,179563.115768
1653323,IT,CZ,GLASS,WOODW,1.19,432717.977,5,5,432715.952,0.0,0.0,2.0,0.025,363628.552101
1673938,IT,FR,MOTOR,PUBLI,0.65,432674.833,4,4,432674.798,0.0,0.0,0.0,0.035,665653.589231
1763691,IT,MX,RUBBE,ELECT,1.43,432671.415,6,6,432669.376,0.0,1.0,1.0,0.039,302567.423077
1798447,IT,WE,NATUR,PFERT,0.61,432581.774,4,4,432581.746,0.0,0.0,0.0,0.028,709150.44918
1656944,IT,DE,LIQUE,GLASS,0.76,432536.511,4,4,432536.476,0.0,0.0,0.0,0.035,569126.988158
1672941,IT,FR,DAIRY,FISH5,1.76,432509.275,5,5,432506.246,0.0,3.0,0.0,0.029,245743.90625
1675920,IT,FR,ELEC2,COMPU,0.1,432431.702,4,4,432431.657,0.0,0.0,0.0,0.045,4324317.02
1788214,IT,WA,LEATH,ANIMA,3.1,432422.331,6,6,432418.256,0.0,3.0,1.0,0.075,139491.074516
1726944,IT,RO,HOTEL,TEXTI,3.13,432393.492,6,6,432391.459,0.0,1.0,1.0,0.033,138144.885623
1789115,IT,WA,NONSP,KEROS,0.57,432380.605,4,4,432380.582,0.0,0.0,0.0,0.023,758562.464912
1805419,IT,WF,RUBBE,RECRE,1.43,432362.178,6,6,432360.139,0.0,1.0,1.0,0.039,302351.173427
1759093,IT,BR,AIRTR,SUGA1,0.47,432309.359,4,4,432309.345,0.0,0.0,0.0,0.014,919807.146809
1795720,IT,WL,MACHI,SUGAR,2.41,432161.975,6,6,432159.939,0.0,1.0,1.0,0.036,179320.321577
1788351,IT,WA,LEATH,MEMBE,3.1,432143.848,6,6,432139.773,0.0,3.0,1.0,0.075,139401.24129
1655487,IT,DE,CRUDE,ANTHR,0.85,432099.489,5,5,432098.452,0.0,0.0,1.0,0.037,508352.34
1785127,IT,ZA,VEGE1,HEALT,1.33,432087.657,6,6,432083.563,0.0,3.0,1.0,0.094,324877.937594
1768981,IT,AU,PAPER,WHOLE,1.67,432036.287,6,6,432032.244,0.0,3.0,1.0,0.043,258704.363473
1771433,IT,CH,FOOD5,PAPE1,2.07,431876.245,6,6,431873.206,0.0,2.0,1.0,0.039,208635.86715
1688010,IT,HU,RENTI,COMPU,2.58,431820.824,5,5,431819.8,0.0,0.0,1.0,0.024,167372.412403
1737582,IT,GB,PAPER,MEAT1,1.67,431816.7,6,6,431812.657,0.0,3.0,1.0,0.043,258572.874251
1811565,IT,WM,PFERT,REALE,0.19,431796.816,4,4,431796.747,0.0,0.0,0.0,0.069,2272614.821053
1805255,IT,WF,CHEM1,SUPPO,0.9,431749.517,5,5,431748.47,0.0,0.0,1.0,0.047,479721.685556
1659017,IT,DE,ELEC2,MACHI,0.1,431713.933,4,4,431713.888,0.0,0.0,0.0,0.045,4317139.33
1653107,IT,CZ,CHEM1,PAPER,0.9,431708.239,5,5,431707.192,0.0,0.0,1.0,0.047,479675.821111
1795293,IT,WL,CEMEN,CHEM1,0.69,431647.978,5,5,431644.959,0.0,0.0,3.0,0.019,625576.77971
1812299,IT,WM,BASIC,DAIRY,0.5,431620.83,4,4,431620.803,0.0,0.0,0.0,0.027,863241.66
1750630,IT,CN,OFFIC,BUSIN,1.34,431588.602,5,5,431587.571,0.0,0.0,1.0,0.031,322081.046269
1727120,IT,RO,LANDT,CEMEN,2.78,431568.032,5,5,431567.012,0.0,0.0,1.0,0.02,155240.299281
1777311,IT,TR,GLASS,FOOD5,1.18,431510.663,5,5,431508.638,0.0,0.0,2.0,0.025,365687.002542
1762787,IT,IN,BUSIN,EDUCA,4.43,431471.046,6,6,431469.016,0.0,1.0,1.0,0.03,97397.527314
1657541,IT,DE,GLASS,TEXTI,1.18,431451.99,5,5,431449.965,0.0,0.0,2.0,0.025,365637.279661
1748813,IT,CN,TEXTI,MOTO1,2.56,431450.182,4,4,431450.125,0.0,0.0,0.0,0.057,168535.227344
1732902,IT,SI,PREC1,FABRI,0.73,431442.901,6,6,431440.881,0.0,1.0,1.0,0.02,591017.672603
1759090,IT,BR,AIRTR,MEAT1,0.47,431435.092,4,4,431435.078,0.0,0.0,0.0,0.014,917947.004255
1766593,IT,RU,FABRI,VEGET,1.76,431418.264,5,5,431417.233,0.0,0.0,1.0,0.031,245124.013636
1647123,IT,BE,HOTEL,RETAI,3.13,431334.206,6,6,431332.174,0.0,1.0,1.0,0.032,137806.455591
1788185,IT,WA,WEARI,POSTT,3.25,431312.218,6,6,431310.136,0.0,1.0,1.0,0.082,132711.451692
1756244,IT,KR,MACHI,RENTI,2.41,431234.664,6,6,431232.629,0.0,1.0,1.0,0.035,178935.545228
1799785,IT,WE,KERO1,MEAT1,0.62,431166.073,4,4,431166.038,0.0,0.0,0.0,0.035,695429.15
1766448,IT,RU,BASIC,PAPE4,0.5,431130.06,4,4,431130.033,0.0,0.0,0.0,0.027,862260.12
1772691,IT,CH,CERAM,OFFIC,0.67,431036.056,5,5,431034.033,0.0,0.0,2.0,0.023,643337.397015
1792063,IT,WA,AIRTR,PFERT,0.47,431010.525,4,4,431010.511,0.0,0.0,0.0,0.014,917043.670213
1749748,IT,CN,ADDIT,HEAVY,1.0,430909.778,6,6,430905.744,0.0,3.0,1.0,0.034,430909.778
1659430,IT,DE,WHOLE,ELEC5,3.72,430902.916,6,6,430900.891,0.0,1.0,1.0,0.025,115834.117204
1771001,IT,CH,OILSE,WHOLE,0.31,430899.744,5,5,430896.724,0.0,3.0,0.0,0.02,1389999.174194
1647454,IT,BE,AIRTR,PUBLI,0.47,430772.109,4,4,430772.095,0.0,0.0,0.0,0.014,916536.402128
1646406,IT,BE,FABRI,BUSIN,1.75,430724.172,5,5,430723.141,0.0,0.0,1.0,0.031,246128.098286
1686328,IT,HU,NONME,NONME,0.87,430719.252,5,5,430718.205,0.0,0.0,1.0,0.047,495079.6
1675725,IT,FR,FURNI,DAIRY,1.37,430688.913,6,6,430686.876,0.0,1.0,1.0,0.037,314371.469343
1746926,IT,JP,MOTO1,RUBBE,2.29,430681.064,5,5,430680.036,0.0,0.0,1.0,0.028,188070.333624
1748263,IT,JP,MEMBE,WOODW,5.02,430624.158,6,6,430622.128,0.0,1.0,1.0,0.03,85781.704781
1809000,IT,WM,VEGET,KEROS,1.52,430567.991,5,5,430565.974,0.0,2.0,0.0,0.017,283268.415132
1756673,IT,KR,SEACO,FOOD5,0.44,430560.583,4,4,430560.576,0.0,0.0,0.0,0.007,978546.779545
1745684,IT,JP,TEXTI,PUBLI,2.55,430474.147,4,4,430474.09,0.0,0.0,0.0,0.057,168813.39098
1777492,IT,TR,BASIC,GLASS,0.5,430433.927,4,4,430433.9,0.0,0.0,0.0,0.027,860867.854
1730678,IT,SE,RENTI,RECRE,2.57,430413.74,5,5,430412.716,0.0,0.0,1.0,0.024,167476.163424
1782372,IT,NO,FABRI,FABRI,1.75,430401.469,5,5,430400.438,0.0,0.0,1.0,0.031,245943.696571
1666129,IT,ES,GASDI,FABRI,0.64,430368.389,4,4,430368.354,0.0,0.0,0.0,0.035,672450.607812
1771986,IT,CH,PAPER,EDUCA,1.67,430366.405,6,6,430362.363,0.0,3.0,1.0,0.042,257704.434132
1781847,IT,NO,PLAST,SALEM,0.9,430336.674,4,4,430336.63,0.0,0.0,0.0,0.044,478151.86
1812035,IT,WM,CERAM,CROPS,0.67,430295.948,5,5,430293.925,0.0,0.0,2.0,0.023,642232.758209
1774260,IT,CH,RETA1,EDUCA,4.49,430291.761,6,6,430289.733,0.0,1.0,1.0,0.028,95833.354343
1646213,IT,BE,ALUM1,RENTI,0.75,430289.284,5,5,430288.25,0.0,0.0,1.0,0.034,573719.045333
1722106,IT,PL,BUSIN,RUBBE,4.42,430272.301,6,6,430270.271,0.0,1.0,1.0,0.03,97346.674434
1642117,IT,AT,GLASS,BUSIN,1.18,430211.993,5,5,430209.968,0.0,0.0,2.0,0.025,364586.434746
1679706,IT,GR,NONME,FOOD5,0.87,430201.505,5,5,430200.458,0.0,0.0,1.0,0.047,494484.488506
1813898,IT,WM,LANDT,CONST,2.77,430159.11,5,5,430158.09,0.0,0.0,1.0,0.02,155292.097473
1665506,IT,ES,WEARI,WHOLE,3.24,430131.935,6,6,430129.853,0.0,1.0,1.0,0.082,132756.770062
1741805,IT,US,PLAST,FABRI,0.9,430100.398,4,4,430100.354,0.0,0.0,0.0,0.044,477889.331111
1741395,IT,US,PRINT,COMPU,4.13,430065.205,6,6,430063.172,0.0,1.0,1.0,0.033,104132.010896
1750404,IT,CN,FABRI,WHOLE,1.75,430010.907,5,5,430009.876,0.0,0.0,1.0,0.031,245720.518286
1775807,IT,TR,CHEMI,PFERT,1.03,430004.145,6,6,429982.105,0.0,1.0,21.0,0.04,417479.752427
1780341,IT,TW,AIRTR,COKEO,0.47,429914.427,4,4,429914.413,0.0,0.0,0.0,0.014,914711.546809
1682423,IT,HR,PAPER,RUBBE,1.67,429810.838,6,6,429806.796,0.0,3.0,1.0,0.042,257371.759281
1640493,IT,AT,DAIRY,HEALT,1.75,429801.612,5,5,429798.583,0.0,3.0,0.0,0.029,245600.921143
1682989,IT,HR,CHEM1,DAIRY,0.9,429762.614,5,5,429761.567,0.0,0.0,1.0,0.047,477514.015556
1737829,IT,GB,PARAF,ELEC6,0.68,429702.226,6,6,429700.195,0.0,1.0,1.0,0.031,631915.038235
1768614,IT,AU,BEVER,RECRE,1.83,429664.411,5,5,429663.383,0.0,1.0,0.0,0.028,234789.295628
1784655,IT,ID,OFFIC,OFFIC,1.33,429638.585,5,5,429637.554,0.0,0.0,1.0,0.031,323036.530075
1750869,IT,CN,FURNI,LANDT,1.37,429619.923,6,6,429617.886,0.0,1.0,1.0,0.037,313591.184672
1769988,IT,AU,TRANS,BUSIN,2.56,429549.396,5,5,429548.373,0.0,0.0,1.0,0.023,167792.732812
1742368,IT,US,NONME,CHEM1,0.87,429537.89,5,5,429536.843,0.0,0.0,1.0,0.047,493721.712644
1759794,IT,BR,BUSIN,HOTEL,4.41,429501.329,6,6,429499.299,0.0,1.0,1.0,0.03,97392.59161
1640949,IT,AT,WOODW,PAPER,1.2,429371.717,6,6,429367.688,0.0,3.0,1.0,0.029,357809.764167
1796987,IT,WL,AIRTR,FURNI,0.47,429369.412,4,4,429369.398,0.0,0.0,0.0,0.014,913551.940426
1755669,IT,KR,RUBBE,FABRI,1.42,429349.535,6,6,429347.496,0.0,1.0,1.0,0.039,302358.827465
1742328,IT,US,CEMEN,PUBLI,0.69,429337.921,5,5,429334.902,0.0,0.0,3.0,0.019,622228.871014
1660046,IT,DE,AIRTR,TEXTI,0.47,429329.716,4,4,429329.702,0.0,0.0,0.0,0.014,913467.480851
1790501,IT,WA,COPP1,OFFIC,1.08,429292.99,6,6,429290.968,0.0,1.0,1.0,0.022,397493.509259
1672015,IT,FI,SEACO,SALEM,0.44,429289.878,4,4,429289.871,0.0,0.0,0.0,0.007,975658.813636
1768947,IT,AU,PAPER,PAPER,1.66,429268.197,6,6,429264.155,0.0,3.0,1.0,0.042,258595.299398
1650293,IT,BG,ELEC1,SUPPO,0.06,429243.581,4,4,429243.554,0.0,0.0,0.0,0.027,7154059.683333
1657410,IT,DE,RUBBE,MOTOR,1.42,429205.693,6,6,429203.654,0.0,1.0,1.0,0.039,302257.530282
1757086,IT,KR,BUSIN,FINAN,4.41,429130.977,6,6,429128.947,0.0,1.0,1.0,0.03,97308.611565
1741531,IT,US,KERO1,ELEC1,0.61,429098.84,4,4,429098.805,0.0,0.0,0.0,0.035,703440.721311
1723696,IT,PT,MACHI,CEMEN,2.39,428994.229,6,6,428992.194,0.0,1.0,1.0,0.035,179495.493305
1784573,IT,ID,MACHI,TEXTI,2.39,428984.825,6,6,428982.79,0.0,1.0,1.0,0.035,179491.558577
1721549,IT,PL,SUPPO,RAILW,3.08,428970.792,5,5,428969.771,0.0,0.0,1.0,0.021,139276.231169
1742704,IT,US,FABRI,CEREA,1.75,428965.611,5,5,428964.58,0.0,0.0,1.0,0.031,245123.206286
1812433,IT,WM,PREC1,HEAVY,0.73,428860.097,6,6,428858.077,0.0,1.0,1.0,0.02,587479.584932
1644731,IT,BE,BEVER,BUSIN,1.82,428783.024,5,5,428781.996,0.0,1.0,0.0,0.028,235595.068132
1726496,IT,RO,FABRI,RECRE,1.74,428694.302,5,5,428693.271,0.0,0.0,1.0,0.031,246376.035632
1762957,IT,MX,VEGE1,HOTEL,1.32,428587.161,6,6,428583.068,0.0,3.0,1.0,0.093,324687.243182
1804544,IT,WF,GASDI,HEALT,0.64,428586.819,4,4,428586.784,0.0,0.0,0.0,0.035,669666.904688
1769710,IT,AU,MACHI,FORES,2.39,428378.717,6,6,428376.682,0.0,1.0,1.0,0.035,179237.956904
1647545,IT,BE,SUPPO,POSTT,3.08,428316.144,5,5,428315.123,0.0,0.0,1.0,0.021,139063.683117
1726088,IT,RO,RUBBE,PFERT,1.42,428310.329,6,6,428308.29,0.0,1.0,1.0,0.039,301626.992254
1766790,IT,RU,MACHI,CEMEN,2.39,428250.088,6,6,428248.053,0.0,1.0,1.0,0.035,179184.137238
1719232,IT,PL,CHEM1,MEATC,0.89,428248.466,5,5,428247.419,0.0,0.0,1.0,0.047,481178.051685
1728027,IT,SE,CHEMI,CHEM1,1.02,428220.912,6,6,428198.872,0.0,1.0,21.0,0.04,419824.423529
1657686,IT,DE,CERAM,PUBLI,0.67,428218.903,5,5,428216.88,0.0,0.0,2.0,0.023,639132.691045
1807253,IT,WF,SUPPO,SUPPO,3.08,428211.887,5,5,428210.866,0.0,0.0,1.0,0.021,139029.833442
1801247,IT,WE,FABRI,FINAN,1.74,428206.825,5,5,428205.794,0.0,0.0,1.0,0.031,246095.876437
1794521,IT,WL,HEAVY,VEGET,0.69,428193.77,4,4,428193.736,0.0,0.0,0.0,0.034,620570.681159
1814097,IT,WM,AIRTR,LIQUE,0.47,428142.583,4,4,428142.57,0.0,0.0,0.0,0.013,910941.665957
1718850,IT,PL,PAPER,INSUR,1.66,428115.285,6,6,428111.243,0.0,3.0,1.0,0.042,257900.774096
1713123,IT,MT,BEVER,FISHF,1.82,428054.879,5,5,428053.851,0.0,1.0,0.0,0.028,235194.988462
1716135,IT,NL,PREC1,MACHI,0.73,428018.856,6,6,428016.836,0.0,1.0,1.0,0.02,586327.2
1733305,IT,SI,MOTO1,TRANS,2.28,427992.035,5,5,427991.007,0.0,0.0,1.0,0.028,187715.804825
1772980,IT,CH,PREC1,FINAN,0.73,427964.5,6,6,427962.48,0.0,1.0,1.0,0.02,586252.739726
1725961,IT,RO,CHEM1,DAIRY,0.89,427959.77,5,5,427958.723,0.0,0.0,1.0,0.047,480853.674157
1711592,IT,LU,FINAN,COMPU,5.57,427809.64,4,4,427809.628,0.0,0.0,0.0,0.012,76806.039497
1752095,IT,CN,BUSIN,PLAST,4.39,427790.619,6,6,427788.589,0.0,1.0,1.0,0.03,97446.610251
1720405,IT,PL,MACHI,FOOD5,2.39,427754.046,6,6,427752.011,0.0,1.0,1.0,0.035,178976.588285
1737975,IT,GB,CHEM1,LANDT,0.89,427730.834,5,5,427729.787,0.0,0.0,1.0,0.047,480596.442697
1785618,IT,ZA,GASDI,PUBLI,0.64,427724.623,4,4,427724.588,0.0,0.0,0.0,0.035,668319.723438
1748484,IT,CN,STONE,TRAN1,1.38,427658.206,5,5,427634.186,0.0,0.0,24.0,0.02,309897.250725
1670265,IT,FI,VEGET,BEVER,1.51,427627.83,5,5,427625.813,0.0,2.0,0.0,0.017,283197.238411
1659008,IT,DE,ELEC2,PLAST,0.1,427584.143,4,4,427584.098,0.0,0.0,0.0,0.045,4275841.43
1663082,IT,DK,RAILW,TEXTI,2.86,427540.897,5,5,427537.878,0.0,0.0,3.0,0.019,149489.824126
1729916,IT,SE,FURNI,FABRI,1.36,427519.837,6,6,427517.8,0.0,1.0,1.0,0.037,314352.821324
1679316,IT,GR,NAPHT,GASDI,0.73,427452.091,5,5,427451.06,0.0,0.0,1.0,0.031,585550.809589
1744925,IT,US,BUSIN,MACHI,4.39,427430.63,6,6,427428.601,0.0,1.0,1.0,0.029,97364.6082
1773873,IT,CH,ELEC7,COPP1,0.29,427428.901,4,4,427428.896,0.0,0.0,0.0,0.005,1473892.762069
1774354,IT,CH,HOTEL,DISTR,3.1,427410.254,6,6,427408.222,0.0,1.0,1.0,0.032,137874.275484
1777936,IT,TR,MACHI,CHEM1,2.38,427391.532,6,6,427389.497,0.0,1.0,1.0,0.035,179576.27395
1725295,IT,RO,BEVER,WOODW,1.82,427287.735,5,5,427286.708,0.0,1.0,0.0,0.027,234773.480769
1666135,IT,ES,GASDI,MOTO1,0.64,427269.464,4,4,427269.429,0.0,0.0,0.0,0.035,667608.5375
1746979,IT,JP,MOTO1,BUSIN,2.27,427266.12,5,5,427265.092,0.0,0.0,1.0,0.028,188222.960352
1709958,IT,LT,BASIC,REALE,0.49,427235.809,4,4,427235.782,0.0,0.0,0.0,0.027,871909.814286
1785568,IT,ZA,GASDI,OILSE,0.64,427223.926,4,4,427223.891,0.0,0.0,0.0,0.035,667537.384375
1784630,IT,ID,MACHI,SEACO,2.38,427208.342,6,6,427206.307,0.0,1.0,1.0,0.035,179499.303361
1771593,IT,CH,TEXTI,FINAN,2.53,427144.286,4,4,427144.229,0.0,0.0,0.0,0.057,168831.733597
1719622,IT,PL,CERAM,WHOLE,0.67,427108.689,5,5,427106.666,0.0,0.0,2.0,0.023,637475.655224
1710131,IT,LT,MACHI,MEAT1,2.38,427043.968,6,6,427041.933,0.0,1.0,1.0,0.035,179430.238655
1743682,IT,US,HOTEL,PLAS2,3.09,426964.426,6,6,426962.394,0.0,1.0,1.0,0.032,138176.189644
1653443,IT,CZ,NONME,CERAM,0.86,426949.056,5,5,426948.009,0.0,0.0,1.0,0.047,496452.390698
1712435,IT,LV,BASIC,MACHI,0.49,426895.573,4,4,426895.546,0.0,0.0,0.0,0.027,871215.455102
1764394,IT,MX,MOTO1,SALEM,2.27,426868.777,5,5,426867.749,0.0,0.0,1.0,0.028,188047.919383
1795379,IT,WL,BASIC,WOODW,0.49,426833.598,4,4,426833.571,0.0,0.0,0.0,0.027,871088.97551
1678837,IT,GR,BEVER,SEACO,1.81,426708.146,5,5,426707.119,0.0,1.0,0.0,0.027,235750.356906
1671446,IT,FI,FABRI,SUPPO,1.74,426652.157,5,5,426651.126,0.0,0.0,1.0,0.031,245202.38908
1650211,IT,BG,TRANS,RAILW,2.55,426571.636,5,5,426570.613,0.0,0.0,1.0,0.023,167282.99451
1767146,IT,RU,SALEM,SALEM,3.44,426564.536,5,5,426563.509,0.0,0.0,1.0,0.027,124001.318605
1721391,IT,PL,SEACO,FABRI,0.43,426502.898,4,4,426502.891,0.0,0.0,0.0,0.007,991867.204651
1660284,IT,DE,POSTT,HOTEL,7.02,426470.702,5,5,426469.669,0.0,0.0,1.0,0.033,60750.812251
1777008,IT,TR,CHEM1,STONE,0.89,426442.674,5,5,426441.627,0.0,0.0,1.0,0.047,479149.07191
1756318,IT,KR,MOTO1,CONST,2.27,426427.671,5,5,426426.643,0.0,0.0,1.0,0.028,187853.599559
1675649,IT,FR,MOTO1,MEMBE,2.27,426400.726,5,5,426399.698,0.0,0.0,1.0,0.028,187841.729515
1811294,IT,WM,BITU1,PLAST,0.67,426397.611,4,4,426397.577,0.0,0.0,0.0,0.034,636414.344776
1750387,IT,CN,FABRI,ELEC1,1.74,426372.124,5,5,426371.093,0.0,0.0,1.0,0.031,245041.450575
1780973,IT,TW,BUSIN,LIQUE,4.38,426343.309,6,6,426341.28,0.0,1.0,1.0,0.029,97338.655023
1752039,IT,CN,RESEA,EDUCA,2.31,426311.695,5,5,426310.665,0.0,0.0,1.0,0.03,184550.517316
1675898,IT,FR,ELEC2,MACHI,0.1,426303.826,4,4,426303.781,0.0,0.0,0.0,0.045,4263038.26
1757886,IT,BR,CHEM1,BIODI,0.89,426261.701,5,5,426260.654,0.0,0.0,1.0,0.047,478945.731461
1749752,IT,CN,ADDIT,NAPHT,0.99,426166.528,6,6,426162.495,0.0,3.0,1.0,0.033,430471.240404
1745721,IT,JP,WEARI,WEARI,3.21,426159.999,6,6,426157.918,0.0,1.0,1.0,0.081,132760.124299
1790545,IT,WA,NONF1,GASDI,0.09,426059.529,4,4,426059.527,0.0,0.0,0.0,0.002,4733994.766667
1747599,IT,JP,AIRTR,TRAN1,0.46,426043.205,4,4,426043.192,0.0,0.0,0.0,0.013,926180.880435
1790324,IT,WA,ALUM1,GLASS,0.74,426042.998,5,5,426041.964,0.0,0.0,1.0,0.034,575733.781081
1785620,IT,ZA,GASDI,HEALT,0.63,426034.906,4,4,426034.871,0.0,0.0,0.0,0.035,676245.88254
1750402,IT,CN,FABRI,SALEM,1.73,426030.211,5,5,426029.18,0.0,0.0,1.0,0.031,246260.237572
1739570,IT,GB,SEACO,NATUR,0.43,426010.287,4,4,426010.28,0.0,0.0,0.0,0.007,990721.597674
1777959,IT,TR,MACHI,FURNI,2.38,425975.473,6,6,425973.438,0.0,1.0,1.0,0.035,178981.291176
1799127,IT,WE,WEARI,PRINT,3.21,425971.776,6,6,425969.695,0.0,1.0,1.0,0.081,132701.48785
1730650,IT,SE,RENTI,HOTEL,2.55,425969.464,5,5,425968.44,0.0,0.0,1.0,0.024,167046.848627
1738646,IT,GB,MACHI,NATUR,2.38,425961.307,6,6,425959.272,0.0,1.0,1.0,0.035,178975.339076
1682527,IT,HR,COKEO,MOTO1,0.05,425886.168,4,4,425886.166,0.0,0.0,0.0,0.002,8517723.36
1812040,IT,WM,CERAM,LEADZ,0.66,425868.262,5,5,425866.239,0.0,0.0,2.0,0.023,645254.942424
1750683,IT,CN,MOTO1,FABRI,2.27,425862.126,5,5,425861.098,0.0,0.0,1.0,0.028,187604.460793
1646573,IT,BE,OFFIC,COMPU,1.32,425840.139,5,5,425839.108,0.0,0.0,1.0,0.031,322606.165909
1742087,IT,US,RUBBE,BIOGA,1.41,425830.194,6,6,425828.155,0.0,1.0,1.0,0.039,302007.229787
1675690,IT,FR,TRANS,BUSIN,2.54,425772.488,5,5,425771.465,0.0,0.0,1.0,0.023,167626.96378
1764088,IT,MX,FABRI,WOODW,1.73,425770.768,5,5,425769.737,0.0,0.0,1.0,0.031,246110.27052
1773370,IT,CH,MACHI,POSTT,2.38,425746.654,6,6,425744.619,0.0,1.0,1.0,0.035,178885.148739
1688717,IT,IE,CHEM1,RETA1,0.89,425742.909,5,5,425741.863,0.0,0.0,1.0,0.046,478362.819101
1794234,IT,WL,PRINT,PUBLI,4.08,425717.769,6,6,425715.737,0.0,1.0,1.0,0.032,104342.590441
1761602,IT,IN,NONF1,ELEC4,0.09,425717.675,4,4,425717.673,0.0,0.0,0.0,0.002,4730196.388889
1769157,IT,AU,CHEM1,RUBBE,0.89,425714.699,5,5,425713.653,0.0,0.0,1.0,0.046,478331.122472
1754466,IT,CA,BUSIN,CRUDE,4.37,425685.344,6,6,425683.315,0.0,1.0,1.0,0.029,97410.833867
1662032,IT,DK,PLAST,BUSIN,0.89,425680.611,4,4,425680.568,0.0,0.0,0.0,0.043,478292.821348
1745839,IT,JP,LEATH,PAPER,3.05,425668.385,6,6,425664.311,0.0,3.0,1.0,0.074,139563.404918
1776916,IT,TR,PLAST,NONME,0.89,425667.402,4,4,425667.359,0.0,0.0,0.0,0.043,478277.979775
1756004,IT,KR,COPP1,ELECT,1.08,425615.661,6,6,425613.639,0.0,1.0,1.0,0.022,394088.575
1776914,IT,TR,PLAST,BRICK,0.89,425604.639,4,4,425604.596,0.0,0.0,0.0,0.043,478207.459551
1756687,IT,KR,SEACO,PFERT,0.43,425566.792,4,4,425566.785,0.0,0.0,0.0,0.007,989690.213953
1659531,IT,DE,RETA1,SEACO,4.44,425546.789,6,6,425544.761,0.0,1.0,1.0,0.028,95843.871396
1733758,IT,SI,LANDT,RUBBE,2.74,425506.056,5,5,425505.036,0.0,0.0,1.0,0.02,155294.181022
1675860,IT,FR,ELEC1,PUBLI,0.06,425444.522,4,4,425444.495,0.0,0.0,0.0,0.027,7090742.033333
1713500,IT,MT,RUBBE,CONST,1.41,425385.72,6,6,425383.681,0.0,1.0,1.0,0.039,301692.0
1777844,IT,TR,FABRI,SALEM,1.73,425361.388,5,5,425360.357,0.0,0.0,1.0,0.031,245873.634682
1806403,IT,WF,MOTO1,SUPPO,2.26,425345.242,5,5,425344.214,0.0,0.0,1.0,0.028,188205.859292
1723665,IT,PT,MACHI,VEGE1,2.37,425336.439,6,6,425334.404,0.0,1.0,1.0,0.035,179466.851899
1804816,IT,WF,NAPHT,ELEC6,0.72,425291.012,5,5,425289.982,0.0,0.0,1.0,0.03,590681.961111
1682998,IT,HR,CHEM1,WOODW,0.89,425278.348,5,5,425277.302,0.0,0.0,1.0,0.046,477840.840449
1741672,IT,US,HEAVY,FABRI,0.69,425220.103,4,4,425220.069,0.0,0.0,0.0,0.034,616261.018841
1781970,IT,NO,RUBBE,CRUDE,1.41,425169.839,6,6,425167.8,0.0,1.0,1.0,0.039,301538.892908
1718620,IT,PL,LEATH,FURNI,3.04,425110.889,6,6,425106.815,0.0,3.0,1.0,0.074,139839.108224
1774087,IT,CH,WHOLE,WOODW,3.67,425109.323,6,6,425107.298,0.0,1.0,1.0,0.025,115833.602997
1653640,IT,CZ,ALUM1,RUBBE,0.74,425085.226,5,5,425084.192,0.0,0.0,1.0,0.034,574439.494595
1800024,IT,WE,HEAVY,SUPPO,0.69,424959.535,4,4,424959.501,0.0,0.0,0.0,0.034,615883.384058
1644883,IT,BE,LEATH,BEVER,3.04,424936.269,6,6,424932.195,0.0,3.0,1.0,0.074,139781.667434
1722330,IT,PT,FORES,PULP5,3.71,424899.639,5,5,424736.628,0.0,163.0,0.0,0.011,114528.204582
1749928,IT,CN,GLASS,FABRI,1.17,424888.001,5,5,424885.977,0.0,0.0,2.0,0.024,363152.137607
1812977,IT,WM,MACHI,BASIC,2.37,424865.62,6,6,424863.585,0.0,1.0,1.0,0.035,179268.194093
1762307,IT,IN,AIRTR,REALE,0.46,424865.303,4,4,424865.29,0.0,0.0,0.0,0.013,923620.223913
1767554,IT,RU,AIRTR,CONST,0.46,424857.316,4,4,424857.303,0.0,0.0,0.0,0.013,923602.86087
1772336,IT,CH,PLAST,CONST,0.89,424802.912,4,4,424802.869,0.0,0.0,0.0,0.043,477306.642697
1738273,IT,GB,NONME,ALUM1,0.86,424765.359,5,5,424764.312,0.0,0.0,1.0,0.047,493913.20814
1763928,IT,MX,BASIC,GLASS,0.49,424716.599,4,4,424716.572,0.0,0.0,0.0,0.027,866768.569388
1671481,IT,FI,MACHI,SANDC,2.37,424689.013,6,6,424686.978,0.0,1.0,1.0,0.035,179193.676371
1680793,IT,GR,HOTEL,MEMBE,3.08,424669.824,6,6,424667.792,0.0,1.0,1.0,0.032,137879.812987
1755943,IT,KR,PREC1,PULP5,0.72,424667.813,6,6,424665.793,0.0,1.0,1.0,0.02,589816.406944
1719785,IT,PL,BASIC,COKEO,0.49,424667.329,4,4,424667.302,0.0,0.0,0.0,0.027,866668.018367
1742835,IT,US,MACHI,PADDY,2.37,424665.886,6,6,424663.851,0.0,1.0,1.0,0.035,179183.918143
1749690,IT,CN,CHEM1,ELEC2,0.89,424655.056,5,5,424654.01,0.0,0.0,1.0,0.046,477140.51236
1813379,IT,WM,FURNI,FABRI,1.36,424619.226,6,6,424617.189,0.0,1.0,1.0,0.037,312220.019118
1737886,IT,GB,PLAST,REALE,0.89,424601.779,4,4,424601.736,0.0,0.0,0.0,0.043,477080.650562
1793571,IT,WL,MEAT4,EDUCA,2.34,424593.836,5,5,424591.807,0.0,2.0,0.0,0.029,181450.357265
1747617,IT,JP,AIRTR,FINAN,0.46,424550.955,4,4,424550.942,0.0,0.0,0.0,0.013,922936.858696
1758291,IT,BR,ALUM1,ELECT,0.74,424514.492,5,5,424513.458,0.0,0.0,1.0,0.034,573668.232432
1641787,IT,AT,CHEM1,GLASS,0.89,424496.563,5,5,424495.517,0.0,0.0,1.0,0.046,476962.430337
1788881,IT,WA,GASDI,SALEM,0.63,424473.08,4,4,424473.045,0.0,0.0,0.0,0.035,673766.793651
1812110,IT,WM,CERAM,RECRE,0.66,424471.144,5,5,424469.121,0.0,0.0,2.0,0.023,643138.09697
1650327,IT,BG,ELEC2,PULP5,0.1,424457.31,4,4,424457.266,0.0,0.0,0.0,0.044,4244573.1
1809604,IT,WM,VEGE1,HEALT,1.31,424399.196,6,6,424395.104,0.0,3.0,1.0,0.092,323968.851908
1731197,IT,SI,CHEMI,CHEM1,1.01,424388.846,6,6,424366.806,0.0,1.0,21.0,0.04,420186.976238
1665565,IT,ES,LEATH,MOTO1,3.04,424332.495,6,6,424328.422,0.0,3.0,1.0,0.073,139583.057566
1740622,IT,US,CRUDE,KEROS,0.84,424294.881,5,5,424293.845,0.0,0.0,1.0,0.036,505112.953571
1683376,IT,HR,BASIC,RAWMI,0.49,424288.379,4,4,424288.352,0.0,0.0,0.0,0.027,865894.65102
1805472,IT,WF,GLASS,HOTEL,1.16,424274.822,5,5,424272.798,0.0,0.0,2.0,0.024,365754.156897
1656685,IT,DE,COKEO,MACHI,0.05,424271.136,4,4,424271.134,0.0,0.0,0.0,0.002,8485422.72
1670719,IT,FI,PAPER,WOODW,1.64,424225.477,6,6,424221.435,0.0,3.0,1.0,0.042,258674.071341
1765427,IT,RU,TEXTI,RUBBE,2.51,424205.055,4,4,424204.999,0.0,0.0,0.0,0.056,169005.998008
1725720,IT,RO,PAPER,HEALT,1.64,424202.793,6,6,424198.751,0.0,3.0,1.0,0.042,258660.239634
1812953,IT,WM,MACHI,KERO1,2.37,424122.954,6,6,424120.919,0.0,1.0,1.0,0.035,178954.832911
1777618,IT,TR,ALUM1,ELECT,0.74,423988.915,5,5,423987.881,0.0,0.0,1.0,0.034,572957.993243
1763871,IT,MX,NONME,FURNI,0.86,423922.475,5,5,423921.428,0.0,0.0,1.0,0.047,492933.110465
1641062,IT,AT,PAPER,DAIRY,1.64,423876.021,6,6,423871.979,0.0,3.0,1.0,0.042,258460.988415
1733312,IT,SI,MOTO1,SALEM,2.26,423873.664,5,5,423872.636,0.0,0.0,1.0,0.028,187554.718584
1643751,IT,AT,SUPPO,BUSIN,3.05,423872.513,5,5,423871.492,0.0,0.0,1.0,0.021,138974.594426
1675310,IT,FR,FABRI,INTER,1.72,423865.575,5,5,423864.545,0.0,0.0,1.0,0.03,246433.473837
1805957,IT,WF,COPP1,VEGET,1.07,423852.489,6,6,423850.467,0.0,1.0,1.0,0.022,396123.821495
1653584,IT,CZ,BASIC,WASTE,0.49,423811.889,4,4,423811.862,0.0,0.0,0.0,0.027,864922.222449
1738219,IT,GB,BRICK,BRICK,0.64,423803.346,5,5,423801.319,0.0,0.0,2.0,0.027,662192.728125
1799947,IT,WE,HEAVY,MEATC,0.68,423670.17,4,4,423670.136,0.0,0.0,0.0,0.034,623044.367647
1782625,IT,NO,FURNI,HEALT,1.35,423668.767,6,6,423666.731,0.0,1.0,1.0,0.036,313828.716296
1688948,IT,IE,FABRI,WHOLE,1.72,423558.193,5,5,423557.163,0.0,0.0,1.0,0.03,246254.763372
1771954,IT,CH,PAPER,FURNI,1.64,423512.438,6,6,423508.396,0.0,3.0,1.0,0.042,258239.291463
1658403,IT,DE,FABRI,BEVER,1.72,423491.712,5,5,423490.682,0.0,0.0,1.0,0.03,246216.111628
1736298,IT,SK,HOTEL,HOTEL,3.07,423472.889,6,6,423470.857,0.0,1.0,1.0,0.032,137939.051792
1654506,IT,CZ,HOTEL,PLAST,3.07,423422.026,6,6,423419.994,0.0,1.0,1.0,0.032,137922.484039
1746371,IT,JP,RUBBE,PLAST,1.4,423350.502,6,6,423348.464,0.0,1.0,1.0,0.038,302393.215714
1801229,IT,WE,FABRI,DISTR,1.72,423303.569,5,5,423302.539,0.0,0.0,1.0,0.03,246106.726163
1725289,IT,RO,BEVER,FOOD5,1.8,423298.331,5,5,423297.304,0.0,1.0,0.0,0.027,235165.739444
1641565,IT,AT,HEAVY,COMPU,0.68,423272.04,4,4,423272.006,0.0,0.0,0.0,0.034,622458.882353
1727113,IT,RO,LANDT,PFERT,2.73,423145.601,5,5,423144.581,0.0,0.0,1.0,0.02,154998.388645
1763657,IT,MX,RUBBE,TEXTI,1.4,423069.162,6,6,423067.124,0.0,1.0,1.0,0.038,302192.258571
1771117,IT,CH,SANDC,CONST,0.97,422984.471,5,5,422891.456,0.0,0.0,93.0,0.015,436066.464948
1760475,IT,IN,TEXTI,CHEM1,2.51,422932.308,4,4,422932.252,0.0,0.0,0.0,0.056,168498.92749
1763545,IT,MX,CHEM1,GASDI,0.88,422916.387,5,5,422915.341,0.0,0.0,1.0,0.046,480586.803409
1789375,IT,WA,CHEM1,CHARC,0.88,422909.032,5,5,422907.986,0.0,0.0,1.0,0.046,480578.445455
1761640,IT,IN,FABRI,GASDI,1.72,422871.284,5,5,422870.254,0.0,0.0,1.0,0.03,245855.397674
1709765,IT,LT,RUBBE,RAWMI,1.4,422816.156,6,6,422814.118,0.0,1.0,1.0,0.038,302011.54
1740707,IT,US,CHEMI,NONME,1.01,422808.027,6,6,422785.987,0.0,1.0,21.0,0.04,418621.808911
1794770,IT,WL,PLAST,MEATP,0.89,422805.296,4,4,422805.253,0.0,0.0,0.0,0.043,475062.130337
1787932,IT,WA,BEVER,EDUCA,1.8,422714.888,5,5,422713.861,0.0,1.0,0.0,0.027,234841.604444
1766154,IT,RU,RUBBE,HOTEL,1.4,422682.489,6,6,422680.451,0.0,1.0,1.0,0.038,301916.063571
1729064,IT,SE,RUBBE,RADIO,1.4,422589.754,6,6,422587.716,0.0,1.0,1.0,0.038,301849.824286
1760365,IT,IN,CHEMI,CONST,1.01,422526.041,6,6,422504.001,0.0,1.0,21.0,0.04,418342.614851
1781343,IT,NO,DAIRY,MEAT1,1.72,422522.913,5,5,422519.884,0.0,3.0,0.0,0.029,245652.856395
1718807,IT,PL,PAPER,GLASS,1.64,422516.447,6,6,422512.405,0.0,3.0,1.0,0.042,257631.979878
1680366,IT,GR,ELEC2,MOTOR,0.1,422392.04,4,4,422391.996,0.0,0.0,0.0,0.044,4223920.4
1811419,IT,WM,PLAST,WEARI,0.89,422348.764,4,4,422348.721,0.0,0.0,0.0,0.043,474549.173034
1665887,IT,ES,PRINT,RECRE,4.05,422313.547,6,6,422311.515,0.0,1.0,1.0,0.032,104274.949877
1788678,IT,WA,COKEO,RETA1,0.05,422294.644,4,4,422294.642,0.0,0.0,0.0,0.002,8445892.88
1665921,IT,ES,COALT,BUSIN,0.67,422281.764,5,5,422280.739,0.0,0.0,1.0,0.025,630271.289552
1677434,IT,FR,INSUR,INSUR,8.7,422237.967,5,5,422236.947,0.0,1.0,0.0,0.02,48533.099655
1657783,IT,DE,NONME,PAPER,0.85,422177.863,5,5,422176.817,0.0,0.0,1.0,0.046,496679.838824
1777273,IT,TR,RUBBE,TRAN2,1.4,422164.735,6,6,422162.697,0.0,1.0,1.0,0.038,301546.239286
1686336,IT,HU,NONME,MACHI,0.85,422135.067,5,5,422134.021,0.0,0.0,1.0,0.046,496629.490588
1814091,IT,WM,AIRTR,PRINT,0.46,422119.661,4,4,422119.648,0.0,0.0,0.0,0.013,917651.436957
1789822,IT,WA,CERAM,FOOD5,0.66,422041.7,5,5,422039.677,0.0,0.0,2.0,0.023,639457.121212
1804619,IT,WF,HEAVY,BRICK,0.68,421971.357,4,4,421971.323,0.0,0.0,0.0,0.034,620546.113235
1749599,IT,CN,PFERT,PLAST,0.19,421923.145,4,4,421923.077,0.0,0.0,0.0,0.068,2220648.131579
1767132,IT,RU,FURNI,RECRE,1.35,421883.375,6,6,421881.339,0.0,1.0,1.0,0.036,312506.203704
1673442,IT,FR,WEARI,CONST,3.18,421878.969,6,6,421876.889,0.0,1.0,1.0,0.08,132666.342453
1804403,IT,WF,KEROS,LANDT,0.63,421876.527,4,4,421876.493,0.0,0.0,0.0,0.034,669645.280952
1645265,IT,BE,MOTOR,GASDI,0.63,421874.944,4,4,421874.91,0.0,0.0,0.0,0.034,669642.768254
1803379,IT,WF,CHEMI,PFERT,1.01,421873.736,6,6,421851.696,0.0,1.0,21.0,0.04,417696.768317
1670268,IT,FI,VEGET,HOTEL,1.49,421678.795,5,5,421676.778,0.0,2.0,0.0,0.017,283005.902685
1739616,IT,GB,SEACO,HOTEL,0.43,421676.018,4,4,421676.011,0.0,0.0,0.0,0.007,980641.902326
1742194,IT,US,GLASS,SALEM,1.16,421674.893,5,5,421672.869,0.0,0.0,2.0,0.024,363512.838793
1660260,IT,DE,POSTT,OFFIC,6.94,421633.218,5,5,421632.186,0.0,0.0,1.0,0.032,60754.065994
1814356,IT,WM,FINAN,FINAN,5.49,421605.559,4,4,421605.547,0.0,0.0,0.0,0.012,76795.183789
1685474,IT,HU,PULP5,PAPER,1.29,421565.627,6,6,421562.587,0.0,2.0,1.0,0.04,326795.05969
1688027,IT,HU,RENTI,RECRE,2.52,421560.456,5,5,421559.432,0.0,0.0,1.0,0.024,167285.895238
1777018,IT,TR,CHEM1,BEVER,0.88,421506.904,5,5,421505.858,0.0,0.0,1.0,0.046,478985.118182
1681046,IT,GR,AIRTR,PUBLI,0.46,421358.233,4,4,421358.22,0.0,0.0,0.0,0.013,915996.158696
1657645,IT,DE,CERAM,GLASS,0.66,421253.398,5,5,421251.375,0.0,0.0,2.0,0.023,638262.724242
1647280,IT,BE,LANDT,POSTT,2.72,421231.575,5,5,421230.555,0.0,0.0,1.0,0.02,154864.549632
1662332,IT,DK,BASIC,MEATP,0.48,421101.263,4,4,421101.236,0.0,0.0,0.0,0.027,877294.297917
1755544,IT,KR,CHEM1,BIODI,0.88,421094.03,5,5,421092.984,0.0,0.0,1.0,0.046,478515.943182
1773795,IT,CH,ELEC2,RESEA,0.1,421090.408,4,4,421090.364,0.0,0.0,0.0,0.044,4210904.08
1662139,IT,DK,RUBBE,WOODW,1.39,421000.454,6,6,420998.416,0.0,1.0,1.0,0.038,302878.02446
1774132,IT,CH,WHOLE,RETA1,3.64,420953.583,6,6,420951.559,0.0,1.0,1.0,0.024,115646.588736
1668915,IT,ES,SEACO,PUBLI,0.43,420884.987,4,4,420884.98,0.0,0.0,0.0,0.007,978802.295349
1775063,IT,CH,RENTI,MACHI,2.52,420882.782,5,5,420881.758,0.0,0.0,1.0,0.024,167016.976984
1664045,IT,EE,PLAST,HOTEL,0.88,420880.486,4,4,420880.443,0.0,0.0,0.0,0.043,478273.279545
1722484,IT,PT,FOOD5,CATTL,2.02,420859.398,6,6,420856.36,0.0,2.0,1.0,0.038,208346.236634
1804097,IT,WF,PAPER,NATUR,1.63,420853.461,6,6,420849.419,0.0,3.0,1.0,0.042,258192.307362
1763456,IT,MX,PLAST,LEATH,0.88,420847.087,4,4,420847.044,0.0,0.0,0.0,0.043,478235.326136
1732610,IT,SI,GLASS,RUBBE,1.16,420841.753,5,5,420839.729,0.0,0.0,2.0,0.024,362794.614655
1764187,IT,MX,MACHI,COPPE,2.35,420813.136,6,6,420811.101,0.0,1.0,1.0,0.035,179069.419574
1679242,IT,GR,KEROS,PUBLI,0.63,420768.602,4,4,420768.568,0.0,0.0,0.0,0.034,667886.669841
1668774,IT,ES,LANDT,HOTEL,2.71,420698.396,5,5,420697.376,0.0,0.0,1.0,0.02,155239.260517
1742405,IT,US,NONME,LANDT,0.85,420694.385,5,5,420693.339,0.0,0.0,1.0,0.046,494934.570588
1800294,IT,WE,PLAST,COMPU,0.88,420664.93,4,4,420664.887,0.0,0.0,0.0,0.043,478028.329545
1793383,IT,WL,VEGET,EDUCA,1.49,420631.811,5,5,420629.794,0.0,2.0,0.0,0.017,282303.228859
1728603,IT,SE,PAPER,BUSIN,1.63,420580.526,6,6,420576.485,0.0,3.0,1.0,0.041,258024.862577
1742706,IT,US,FABRI,OILSE,1.71,420556.978,5,5,420555.948,0.0,0.0,1.0,0.03,245939.753216
1644906,IT,BE,LEATH,RADIO,3.01,420551.051,6,6,420546.978,0.0,3.0,1.0,0.073,139717.957143
1658743,IT,DE,OFFIC,RESEA,1.3,420531.776,5,5,420530.746,0.0,0.0,1.0,0.03,323485.981538
1742621,IT,US,ALUM1,RECRE,0.73,420483.267,5,5,420482.233,0.0,0.0,1.0,0.034,576004.475342
1671274,IT,FI,BASIC,RESEA,0.48,420478.379,4,4,420478.352,0.0,0.0,0.0,0.027,875996.622917
1774135,IT,CH,WHOLE,LANDT,3.63,420422.872,6,6,420420.848,0.0,1.0,1.0,0.024,115818.973003
1785639,IT,ZA,HEAVY,SANDC,0.68,420338.516,4,4,420338.482,0.0,0.0,0.0,0.034,618144.876471
1788669,IT,WA,COKEO,RUBBE,0.05,420258.252,4,4,420258.25,0.0,0.0,0.0,0.002,8405165.04
1796171,IT,WL,FURNI,FISH5,1.34,420236.225,6,6,420234.189,0.0,1.0,1.0,0.036,313609.123134
1661243,IT,DK,VEGET,BEVER,1.49,420102.555,5,5,420100.538,0.0,2.0,0.0,0.017,281948.02349
1806068,IT,WF,NONF1,ALUM1,0.09,420092.372,4,4,420092.37,0.0,0.0,0.0,0.002,4667693.022222
1772435,IT,CH,CHEM1,LANDT,0.88,420082.317,5,5,420081.271,0.0,0.0,1.0,0.046,477366.269318
1795137,IT,WL,RUBBE,CEMEN,1.39,420066.11,6,6,420064.072,0.0,1.0,1.0,0.038,302205.834532
1719881,IT,PL,BASIC,93197,0.48,420041.722,4,4,420041.695,0.0,0.0,0.0,0.027,875086.920833
1650323,IT,BG,ELEC2,TEXTI,0.1,420015.635,4,4,420015.591,0.0,0.0,0.0,0.044,4200156.35
1715060,IT,NL,TEXTI,PUBLI,2.49,420011.543,4,4,420011.487,0.0,0.0,0.0,0.056,168679.334538
1659025,IT,DE,ELEC2,CONST,0.1,420005.952,4,4,420005.908,0.0,0.0,0.0,0.044,4200059.52
1744718,IT,US,COMPU,HEALT,4.8,419979.547,6,6,419977.521,0.0,1.0,1.0,0.026,87495.738958
1654539,IT,CZ,HOTEL,CONST,3.04,419969.88,6,6,419967.848,0.0,1.0,1.0,0.032,138147.986842
1660858,IT,DE,COMPU,FINAN,4.79,419886.495,6,6,419884.469,0.0,1.0,1.0,0.026,87658.975992
1666154,IT,ES,GASDI,POSTT,0.62,419845.881,4,4,419845.847,0.0,0.0,0.0,0.034,677170.775806
1662703,IT,DK,MACHI,COMPU,2.34,419832.023,6,6,419829.989,0.0,1.0,1.0,0.034,179415.394444
1649076,IT,BG,PAPER,FISH5,1.63,419816.077,6,6,419812.036,0.0,3.0,1.0,0.041,257555.87546
1739007,IT,GB,SALEM,RETA1,3.39,419801.44,5,5,419800.414,0.0,0.0,1.0,0.026,123835.233038
1788710,IT,WA,MOTOR,MOTOR,0.63,419800.378,4,4,419800.344,0.0,0.0,0.0,0.034,666349.806349
1662475,IT,DK,ALUM1,CONST,0.73,419774.856,5,5,419773.822,0.0,0.0,1.0,0.034,575034.049315
1730849,IT,SE,BUSIN,RECRE,4.31,419773.731,6,6,419771.702,0.0,1.0,1.0,0.029,97395.297216
1653514,IT,CZ,BASIC,PFERT,0.48,419749.653,4,4,419749.626,0.0,0.0,0.0,0.027,874478.44375
1790340,IT,WA,ALUM1,TRANS,0.73,419727.259,5,5,419726.225,0.0,0.0,1.0,0.034,574968.847945
1811725,IT,WM,ADDIT,SANDC,0.97,419674.689,6,6,419670.656,0.0,3.0,1.0,0.033,432654.318557
1749665,IT,CN,CHEM1,BIODI,0.88,419605.032,5,5,419603.986,0.0,0.0,1.0,0.046,476823.9
1673696,IT,FR,PAPER,SUGA1,1.63,419587.565,6,6,419583.524,0.0,3.0,1.0,0.041,257415.684049
1747573,IT,JP,AIRTR,NONME,0.46,419487.425,4,4,419487.412,0.0,0.0,0.0,0.013,911929.184783
1673024,IT,FR,FOOD5,MEATA,2.01,419418.794,6,6,419415.757,0.0,2.0,1.0,0.037,208666.066667
1745925,IT,JP,LEATH,RECRE,3.0,419418.139,6,6,419414.066,0.0,3.0,1.0,0.073,139806.046333
1750793,IT,CN,FURNI,CRUDE,1.34,419399.159,6,6,419397.123,0.0,1.0,1.0,0.036,312984.447015
1810855,IT,WM,KEROS,BIOG1,0.62,419308.17,4,4,419308.136,0.0,0.0,0.0,0.034,676303.5
1726181,IT,RO,GLASS,REALE,1.15,419158.929,5,5,419156.905,0.0,0.0,2.0,0.024,364486.025217
1799842,IT,WE,GASDI,WOODW,0.62,419126.034,4,4,419126.0,0.0,0.0,0.0,0.034,676009.732258
1674428,IT,FR,CHEM1,INERT,0.88,419111.723,5,5,419110.677,0.0,0.0,1.0,0.046,476263.321591
1741533,IT,US,KERO1,ELEC5,0.6,419082.427,4,4,419082.393,0.0,0.0,0.0,0.034,698470.711667
1724921,IT,PT,BUSIN,POSTT,4.3,419048.92,6,6,419046.891,0.0,1.0,1.0,0.029,97453.237209
1794534,IT,WL,HEAVY,FISHF,0.68,419005.54,4,4,419005.506,0.0,0.0,0.0,0.034,616184.617647
1645029,IT,BE,PAPER,FORES,1.62,419005.031,6,6,419000.99,0.0,3.0,1.0,0.041,258645.080864
1649435,IT,BG,CHEM1,OFFIC,0.88,418992.677,5,5,418991.631,0.0,0.0,1.0,0.046,476128.042045
1787874,IT,WA,BEVER,CATTL,1.78,418980.133,5,5,418979.106,0.0,1.0,0.0,0.027,235382.097191
1777091,IT,TR,CHEM1,SUPPO,0.88,418968.618,5,5,418967.572,0.0,0.0,1.0,0.046,476100.702273
1777913,IT,TR,MACHI,TEXTI,2.34,418957.408,6,6,418955.374,0.0,1.0,1.0,0.034,179041.62735
1669219,IT,ES,POSTT,COMPU,6.9,418949.062,5,5,418948.03,0.0,0.0,1.0,0.032,60717.255362
1717703,IT,NL,BUSIN,RETA1,4.3,418919.882,6,6,418917.853,0.0,1.0,1.0,0.029,97423.228372
1729855,IT,SE,MOTO1,WHOLE,2.23,418909.489,5,5,418908.462,0.0,0.0,1.0,0.027,187851.788789
1662157,IT,DK,RUBBE,FABRI,1.39,418908.347,6,6,418906.309,0.0,1.0,1.0,0.038,301372.911511
1717593,IT,NL,COMPU,COMPU,4.78,418878.775,6,6,418876.749,0.0,1.0,1.0,0.026,87631.542887
1719122,IT,PL,PLAST,COPPE,0.88,418816.613,4,4,418816.57,0.0,0.0,0.0,0.043,475927.969318
1715655,IT,NL,NAPHT,RENTI,0.71,418773.152,5,5,418772.122,0.0,0.0,1.0,0.03,589821.340845
1723575,IT,PT,FABRI,LEATH,1.7,418771.633,5,5,418770.603,0.0,0.0,1.0,0.03,246336.254706
1778431,IT,TR,WHOLE,RUBBE,3.62,418751.427,6,6,418749.403,0.0,1.0,1.0,0.024,115677.189779
1800613,IT,WE,GLASS,RADIO,1.15,418674.011,5,5,418671.987,0.0,0.0,2.0,0.024,364064.357391
1723621,IT,PT,FABRI,HOTEL,1.7,418620.04,5,5,418619.01,0.0,0.0,1.0,0.03,246247.082353
1788744,IT,WA,MOTOR,SALEM,0.63,418607.576,4,4,418607.542,0.0,0.0,0.0,0.034,664456.469841
1746281,IT,JP,CHEM1,COLLE,0.87,418568.042,5,5,418566.996,0.0,0.0,1.0,0.046,481112.691954
1759133,IT,BR,AIRTR,FABRI,0.46,418518.161,4,4,418518.148,0.0,0.0,0.0,0.013,909822.08913
1791122,IT,WA,TRANS,HOTEL,2.5,418426.123,5,5,418425.1,0.0,0.0,1.0,0.023,167370.4492
1727350,IT,RO,POSTT,POSTT,6.89,418380.118,5,5,418379.086,0.0,0.0,1.0,0.032,60722.803774
1768436,IT,AU,DAIRY,FOOD5,1.7,418339.648,5,5,418336.62,0.0,3.0,0.0,0.028,246082.145882
1779044,IT,TR,AIRTR,LANDT,0.46,418337.016,4,4,418337.003,0.0,0.0,0.0,0.013,909428.295652
1676054,IT,FR,ELEC6,RECRE,0.06,418318.899,4,4,418318.832,0.0,0.0,0.0,0.067,6971981.65
1652734,IT,CZ,PAPER,FABRI,1.62,418305.114,6,6,418301.073,0.0,3.0,1.0,0.041,258213.033333
1709935,IT,LT,BASIC,RADIO,0.48,418288.774,4,4,418288.748,0.0,0.0,0.0,0.026,871434.945833
1715253,IT,NL,PAPER,MEATP,1.62,418282.664,6,6,418278.623,0.0,3.0,1.0,0.041,258199.175309
1656410,IT,DE,WOODW,REALE,1.17,418240.45,6,6,418236.422,0.0,3.0,1.0,0.028,357470.470085
1740807,IT,US,VEGE1,PAPER,1.29,418181.738,6,6,418177.647,0.0,3.0,1.0,0.091,324171.889922
1726456,IT,RO,FABRI,LEAD1,1.7,418144.755,5,5,418143.725,0.0,0.0,1.0,0.03,245967.502941
1790378,IT,WA,LEAD1,MEATP,0.73,418122.997,6,6,418119.962,0.0,1.0,2.0,0.035,572771.228767
1682992,IT,HR,CHEM1,BEVER,0.87,418120.412,5,5,418119.366,0.0,0.0,1.0,0.046,480598.174713
1777098,IT,TR,CHEM1,COMPU,0.87,418098.166,5,5,418097.12,0.0,0.0,1.0,0.046,480572.604598
1721366,IT,PL,SEACO,FOOD5,0.43,418067.297,4,4,418067.29,0.0,0.0,0.0,0.007,972249.527907
1662385,IT,DK,BASIC,COMPU,0.48,418058.41,4,4,418058.384,0.0,0.0,0.0,0.026,870955.020833
1727156,IT,RO,LANDT,REALE,2.7,418008.825,5,5,418007.805,0.0,0.0,1.0,0.02,154818.083333
1655687,IT,DE,CHEMI,FURNI,1.0,417996.206,6,6,417974.167,0.0,1.0,21.0,0.039,417996.206
1750690,IT,CN,MOTO1,TRANS,2.22,417992.661,5,5,417991.634,0.0,0.0,1.0,0.027,188284.982432
1764462,IT,MX,FURNI,RETA1,1.33,417991.351,6,6,417989.315,0.0,1.0,1.0,0.036,314279.211278
1752622,IT,CA,TEXTI,RUBBE,2.48,417967.327,4,4,417967.272,0.0,0.0,0.0,0.055,168535.2125
1762291,IT,IN,AIRTR,BIOG1,0.45,417945.324,4,4,417945.311,0.0,0.0,0.0,0.013,928767.386667
1745762,IT,JP,WEARI,ELEC4,3.15,417889.803,6,6,417887.724,0.0,1.0,1.0,0.079,132663.429524
1802988,IT,WF,WHEAT,CEMEN,0.32,417886.131,5,5,417883.121,0.0,3.0,0.0,0.01,1305894.159375
1738400,IT,GB,PREC1,COMPU,0.71,417882.191,6,6,417880.172,0.0,1.0,1.0,0.019,588566.466197
1657495,IT,DE,RUBBE,OILHA,1.38,417858.437,6,6,417856.399,0.0,1.0,1.0,0.038,302795.968841
1723619,IT,PT,FABRI,WHOLE,1.7,417836.051,5,5,417835.021,0.0,0.0,1.0,0.03,245785.912353
1786204,IT,ZA,ALUM1,BASIC,0.73,417733.884,5,5,417732.851,0.0,0.0,1.0,0.033,572238.19726
1768867,IT,AU,LEATH,RECRE,2.99,417721.755,6,6,417717.683,0.0,3.0,1.0,0.072,139706.272575
1666088,IT,ES,GASDI,FOOD5,0.62,417674.712,4,4,417674.678,0.0,0.0,0.0,0.034,673668.890323
1679967,IT,GR,FABRI,FURNI,1.7,417632.448,5,5,417631.418,0.0,0.0,1.0,0.03,245666.145882
1764737,IT,MX,HOTEL,FURNI,3.03,417631.452,6,6,417629.421,0.0,1.0,1.0,0.031,137832.162376
1718053,IT,PL,MEATC,POSTT,1.39,417630.42,5,5,417624.393,0.0,6.0,0.0,0.027,300453.539568
1646125,IT,BE,PREC1,PLAST,0.71,417588.471,6,6,417586.452,0.0,1.0,1.0,0.019,588152.776056
1714058,IT,MT,HOTEL,BUSIN,3.03,417535.287,6,6,417533.256,0.0,1.0,1.0,0.031,137800.424752
1742890,IT,US,MACHI,HEAVY,2.33,417483.39,6,6,417481.356,0.0,1.0,1.0,0.034,179177.420601
1809056,IT,WM,VEGET,RECRE,1.48,417420.862,5,5,417418.846,0.0,2.0,0.0,0.016,282041.122973
1805386,IT,WF,RUBBE,ELECT,1.38,417406.018,6,6,417403.98,0.0,1.0,1.0,0.038,302468.128986
1774671,IT,CH,AIRTR,AIRTR,0.45,417388.591,4,4,417388.578,0.0,0.0,0.0,0.013,927530.202222
1813291,IT,WM,TRANS,WHOLE,2.49,417311.945,5,5,417310.922,0.0,0.0,1.0,0.023,167595.158635
1796959,IT,WL,AIRTR,PLAST,0.45,417259.488,4,4,417259.475,0.0,0.0,0.0,0.013,927243.306667
1793888,IT,WL,TEXTI,93197,2.47,417192.999,4,4,417192.944,0.0,0.0,0.0,0.055,168904.048178
1727143,IT,RO,LANDT,SALEM,2.69,417164.663,5,5,417163.643,0.0,0.0,1.0,0.02,155079.800372
1742724,IT,US,FABRI,MEAT1,1.7,417159.234,5,5,417158.204,0.0,0.0,1.0,0.03,245387.784706
1656504,IT,DE,PAPER,BIODI,1.62,417109.652,6,6,417105.611,0.0,3.0,1.0,0.041,257475.093827
1686464,IT,HU,BASIC,FOOD4,0.48,417101.693,4,4,417101.667,0.0,0.0,0.0,0.026,868961.860417
1725226,IT,RO,FOOD5,FOOD5,2.0,417051.514,6,6,417048.477,0.0,2.0,1.0,0.037,208525.757
1715445,IT,NL,MOTOR,RENTI,0.62,417046.809,4,4,417046.775,0.0,0.0,0.0,0.034,672656.143548
1773228,IT,CH,FABRI,FURNI,1.7,416972.835,5,5,416971.805,0.0,0.0,1.0,0.03,245278.138235
1774305,IT,CH,HOTEL,TOBAC,3.02,416922.45,6,6,416920.419,0.0,1.0,1.0,0.031,138053.791391
1679489,IT,GR,CHEM1,FURNI,0.87,416922.035,5,5,416920.989,0.0,0.0,1.0,0.046,479220.729885
1791211,IT,WA,FURNI,BASIC,1.33,416817.181,6,6,416815.145,0.0,1.0,1.0,0.036,313396.376692
1760982,IT,IN,NAPHT,ELEC4,0.71,416774.304,5,5,416773.274,0.0,0.0,1.0,0.03,587006.061972
1755465,IT,KR,PLAST,CHEM1,0.87,416702.992,4,4,416702.95,0.0,0.0,0.0,0.042,478968.956322
1653404,IT,CZ,CERAM,RETA1,0.65,416504.224,5,5,416502.201,0.0,0.0,2.0,0.023,640775.729231
1738045,IT,GB,RUBBE,PULP5,1.38,416476.766,6,6,416474.728,0.0,1.0,1.0,0.038,301794.757971
1749716,IT,CN,CHEM1,AIRTR,0.87,416453.128,5,5,416452.083,0.0,0.0,1.0,0.045,478681.756322
1666146,IT,ES,GASDI,RETA1,0.62,416431.835,4,4,416431.801,0.0,0.0,0.0,0.034,671664.25
1741738,IT,US,NAPHT,WHOLE,0.71,416406.237,5,5,416405.207,0.0,0.0,1.0,0.03,586487.657746
1799305,IT,WE,LEATH,93197,2.98,416399.868,6,6,416395.796,0.0,3.0,1.0,0.072,139731.499329
1679450,IT,GR,CHEM1,LEATH,0.87,416335.836,5,5,416334.791,0.0,0.0,1.0,0.045,478546.937931
1795089,IT,WL,RUBBE,BITUM,1.38,416251.164,6,6,416249.126,0.0,1.0,1.0,0.038,301631.278261
1799101,IT,WE,WEARI,NATUR,3.14,416218.942,6,6,416216.863,0.0,1.0,1.0,0.079,132553.803185
1659272,IT,DE,SALEM,LANDT,3.36,416207.73,5,5,416206.704,0.0,0.0,1.0,0.026,123871.348214
1811365,IT,WM,NONSP,GASDI,0.55,416115.351,4,4,416115.329,0.0,0.0,0.0,0.022,756573.365455
1745480,IT,JP,FOOD5,PAPER,2.0,416111.998,6,6,416108.961,0.0,2.0,1.0,0.037,208055.999
1769648,IT,AU,FABRI,MACHI,1.69,416085.659,5,5,416084.629,0.0,0.0,1.0,0.03,246204.531953
1667763,IT,ES,OFFIC,FOOD5,1.29,416074.976,5,5,416073.946,0.0,0.0,1.0,0.03,322538.741085
1682923,IT,HR,NAPHT,RETA1,0.71,416060.433,5,5,416059.403,0.0,0.0,1.0,0.03,586000.609859
1664241,IT,EE,NONME,CONST,0.84,416046.416,5,5,416045.37,0.0,0.0,1.0,0.046,495293.352381
1646500,IT,BE,MACHI,LANDT,2.32,416041.112,6,6,416039.078,0.0,1.0,1.0,0.034,179328.065517
1768092,IT,RU,BUSIN,WHOLE,4.27,416027.634,6,6,416025.605,0.0,1.0,1.0,0.029,97430.359251
1674863,IT,FR,NONME,OFFIC,0.84,415930.863,5,5,415929.817,0.0,0.0,1.0,0.046,495155.789286
1674224,IT,FR,LIQUE,PUBLI,0.73,415886.029,4,4,415885.995,0.0,0.0,0.0,0.034,569706.889041
1654031,IT,CZ,MACHI,DIST1,2.32,415864.473,6,6,415862.439,0.0,1.0,1.0,0.034,179251.928017
1782029,IT,NO,RUBBE,BUSIN,1.38,415768.299,6,6,415766.261,0.0,1.0,1.0,0.038,301281.376087
1767331,IT,RU,HOTEL,RECRE,3.01,415647.491,6,6,415645.46,0.0,1.0,1.0,0.031,138088.867442
1761412,IT,IN,NONME,WHOLE,0.84,415610.918,5,5,415609.872,0.0,0.0,1.0,0.046,494774.902381
1682215,IT,HR,WEARI,RETA1,3.13,415603.604,6,6,415601.525,0.0,1.0,1.0,0.079,132780.704153
1805206,IT,WF,CHEM1,GASDI,0.87,415598.534,5,5,415597.489,0.0,0.0,1.0,0.045,477699.464368
1797567,IT,WL,PUBLI,COPP1,6.81,415577.132,5,5,415576.103,0.0,0.0,1.0,0.029,61024.542144
1748452,IT,CN,STONE,PLAST,1.34,415542.01,5,5,415518.991,0.0,0.0,23.0,0.019,310105.977612
1799671,IT,WE,MOTOR,NONF1,0.62,415525.844,4,4,415525.81,0.0,0.0,0.0,0.034,670202.974194
1802207,IT,WE,HOTEL,PUBLI,3.01,415485.319,6,6,415483.288,0.0,1.0,1.0,0.031,138034.989701
1801198,IT,WE,FABRI,PFERT,1.69,415374.384,5,5,415373.354,0.0,0.0,1.0,0.03,245783.659172
1659876,IT,DE,LANDT,RENTI,2.68,415337.123,5,5,415336.103,0.0,0.0,1.0,0.02,154976.538433
1657840,IT,DE,NONME,BUSIN,0.84,415319.873,5,5,415318.827,0.0,0.0,1.0,0.046,494428.420238
1796968,IT,WL,AIRTR,GLASS,0.45,415309.21,4,4,415309.197,0.0,0.0,0.0,0.013,922909.355556
1641384,IT,AT,KEROS,RESEA,0.62,415302.632,4,4,415302.598,0.0,0.0,0.0,0.034,669842.954839
1649700,IT,BG,NONME,ALUM1,0.84,415301.779,5,5,415300.733,0.0,0.0,1.0,0.046,494406.879762
1720783,IT,PL,TRANS,RESEA,2.48,415227.918,5,5,415226.895,0.0,0.0,1.0,0.023,167430.612097
1752342,IT,CA,MEAT4,FOOD5,2.29,415136.631,5,5,415134.603,0.0,2.0,0.0,0.028,181282.371616
1772801,IT,CH,NONME,SALEM,0.84,415106.07,5,5,415105.024,0.0,0.0,1.0,0.046,494173.892857
1809791,IT,WM,FOOD5,PFERT,1.99,415101.197,6,6,415098.16,0.0,2.0,1.0,0.037,208593.566332
1757866,IT,BR,CHEM1,COKEO,0.87,415041.466,5,5,415040.421,0.0,0.0,1.0,0.045,477059.156322
1749037,IT,CN,LEATH,ELEC1,2.97,414994.077,6,6,414990.005,0.0,3.0,1.0,0.072,139728.645455
1651593,IT,CY,GLASS,CONST,1.14,414955.826,5,5,414953.802,0.0,0.0,2.0,0.024,363996.338596
1726047,IT,RO,ADDIT,GASDI,0.96,414924.639,6,6,414920.607,0.0,3.0,1.0,0.032,432213.165625
1667053,IT,ES,NONME,CHEM1,0.84,414876.428,5,5,414875.382,0.0,0.0,1.0,0.046,493900.509524
1716088,IT,NL,BASIC,NONF1,0.48,414851.558,4,4,414851.532,0.0,0.0,0.0,0.026,864274.079167
1665495,IT,ES,WEARI,MOTO1,3.13,414845.748,6,6,414843.669,0.0,1.0,1.0,0.079,132538.577636
1757848,IT,BR,CHEM1,MEATP,0.87,414841.387,5,5,414840.342,0.0,0.0,1.0,0.045,476829.18046
1811013,IT,WM,GASDI,HEALT,0.62,414803.503,4,4,414803.469,0.0,0.0,0.0,0.034,669037.908065
1769747,IT,AU,MACHI,PRINT,2.31,414786.987,6,6,414784.953,0.0,1.0,1.0,0.034,179561.466234
1683265,IT,HR,CERAM,PUBLI,0.65,414760.787,5,5,414758.765,0.0,0.0,2.0,0.022,638093.518462
1668938,IT,ES,AIRTR,KERO1,0.45,414743.767,4,4,414743.754,0.0,0.0,0.0,0.013,921652.815556
1643398,IT,AT,LANDT,MEATC,2.68,414726.952,5,5,414725.932,0.0,0.0,1.0,0.02,154748.862687
1730790,IT,SE,BUSIN,FABRI,4.26,414688.56,6,6,414686.531,0.0,1.0,1.0,0.029,97344.732394
1739518,IT,GB,LANDT,RENTI,2.68,414671.645,5,5,414670.625,0.0,0.0,1.0,0.02,154728.225746
1657490,IT,DE,RUBBE,PAPE1,1.37,414664.154,6,6,414662.116,0.0,1.0,1.0,0.038,302674.564964
1757496,IT,BR,PAPER,BUSIN,1.61,414593.133,6,6,414589.092,0.0,3.0,1.0,0.041,257511.262733
1674862,IT,FR,NONME,MACHI,0.84,414509.226,5,5,414508.181,0.0,0.0,1.0,0.045,493463.364286
1805037,IT,WF,PLAST,ELECT,0.87,414483.153,4,4,414483.111,0.0,0.0,0.0,0.042,476417.417241
1757575,IT,BR,GASDI,CRUDE,0.62,414468.779,4,4,414468.745,0.0,0.0,0.0,0.034,668498.030645
1750766,IT,CN,TRANS,RAILW,2.47,414466.047,5,5,414465.025,0.0,0.0,1.0,0.022,167800.019028
1675683,IT,FR,TRANS,SUPPO,2.47,414322.906,5,5,414321.884,0.0,0.0,1.0,0.022,167742.067206
1795759,IT,WL,MACHI,WEARI,2.31,414321.833,6,6,414319.799,0.0,1.0,1.0,0.034,179360.100866
1761130,IT,IN,CHEM1,NAPHT,0.87,414285.318,5,5,414284.273,0.0,0.0,1.0,0.045,476190.02069
1746503,IT,JP,CERAM,HOTEL,0.65,414280.614,5,5,414278.592,0.0,0.0,2.0,0.022,637354.790769
1640621,IT,AT,BEVER,PLAST,1.76,414259.458,5,5,414258.431,0.0,1.0,0.0,0.027,235374.692045
1645998,IT,BE,NONME,FOOD5,0.84,414227.73,5,5,414226.685,0.0,0.0,1.0,0.045,493128.25
1645364,IT,BE,HEAVY,WOODW,0.67,414193.764,4,4,414193.731,0.0,0.0,0.0,0.033,618199.647761
1723174,IT,PT,RUBBE,TEXTI,1.37,414146.929,6,6,414144.891,0.0,1.0,1.0,0.038,302297.028467
1742183,IT,US,GLASS,ELECT,1.14,414102.712,5,5,414100.688,0.0,0.0,2.0,0.024,363247.992982
1735479,IT,SK,BASIC,RESEA,0.48,414096.665,4,4,414096.639,0.0,0.0,0.0,0.026,862701.385417
1762279,IT,IN,AIRTR,TRANS,0.45,414082.148,4,4,414082.135,0.0,0.0,0.0,0.013,920182.551111
1790809,IT,WA,MACHI,CEMEN,2.31,414040.547,6,6,414038.513,0.0,1.0,1.0,0.034,179238.332035
1812058,IT,WM,CERAM,HEAVY,0.64,414020.521,5,5,414018.499,0.0,0.0,2.0,0.022,646907.064062
1726963,IT,RO,HOTEL,RUBBE,3.0,414017.893,6,6,414015.862,0.0,1.0,1.0,0.031,138005.964333
1799894,IT,WE,GASDI,INLAN,0.62,413919.075,4,4,413919.041,0.0,0.0,0.0,0.034,667611.41129
1728350,IT,SE,TEXTI,WOODW,2.45,413887.098,4,4,413887.043,0.0,0.0,0.0,0.055,168933.509388
1682818,IT,HR,HEAVY,RETA1,0.67,413879.113,4,4,413879.08,0.0,0.0,0.0,0.033,617730.019403
1742705,IT,US,FABRI,VEGET,1.68,413871.33,5,5,413870.3,0.0,0.0,1.0,0.03,246351.982143
1718457,IT,PL,TEXTI,COPPE,2.45,413868.561,4,4,413868.506,0.0,0.0,0.0,0.055,168925.943265
1644642,IT,BE,FOOD5,BUSIN,1.99,413860.365,5,5,413858.328,0.0,2.0,0.0,0.037,207970.032663
1658759,IT,DE,OFFIC,93197,1.28,413860.054,5,5,413859.024,0.0,0.0,1.0,0.03,323328.167188
1794967,IT,WL,CHEM1,OFFIC,0.86,413822.308,5,5,413821.263,0.0,0.0,1.0,0.045,481188.730233
1657296,IT,DE,CHEM1,PAPE1,0.86,413820.847,5,5,413819.802,0.0,0.0,1.0,0.045,481187.031395
1670437,IT,FI,FOOD5,HOTEL,1.99,413799.111,5,5,413797.074,0.0,2.0,0.0,0.037,207939.251759
1667713,IT,ES,MACHI,EDUCA,2.31,413668.389,6,6,413666.355,0.0,1.0,1.0,0.034,179077.224675
1682332,IT,HR,WOODW,PULP5,1.16,413578.056,6,6,413574.028,0.0,3.0,1.0,0.028,356532.806897
1667496,IT,ES,FABRI,PAPER,1.68,413533.895,5,5,413532.865,0.0,0.0,1.0,0.03,246151.127976
1739808,IT,GB,POSTT,COMPU,6.81,413516.403,5,5,413515.371,0.0,0.0,1.0,0.032,60721.938767
1772409,IT,CH,CHEM1,COPP1,0.86,413503.923,5,5,413502.878,0.0,0.0,1.0,0.045,480818.515116
1749403,IT,CN,KEROS,BITUM,0.61,413438.932,4,4,413438.898,0.0,0.0,0.0,0.034,677768.740984
1800003,IT,WE,HEAVY,RADIO,0.67,413414.543,4,4,413414.51,0.0,0.0,0.0,0.033,617036.631343
1711071,IT,LU,PREC1,CONST,0.7,413347.09,6,6,413345.071,0.0,1.0,1.0,0.019,590495.842857
1774275,IT,CH,RETA1,MEMBE,4.32,413320.739,6,6,413318.712,0.0,1.0,1.0,0.027,95676.096991
1745680,IT,JP,TEXTI,RENTI,2.45,413291.554,4,4,413291.499,0.0,0.0,0.0,0.055,168690.430204
1773731,IT,CH,ELEC1,CHEM1,0.06,413263.573,4,4,413263.547,0.0,0.0,0.0,0.026,6887726.216667
1718783,IT,PL,PAPER,BEVER,1.6,413136.299,6,6,413132.258,0.0,3.0,1.0,0.041,258210.186875
1789514,IT,WA,ADDIT,MACHI,0.96,413134.511,6,6,413130.479,0.0,3.0,1.0,0.032,430348.448958
1791249,IT,WA,FURNI,AUXIL,1.32,413121.636,6,6,413119.6,0.0,1.0,1.0,0.036,312970.936364
1795800,IT,WL,MACHI,NONF1,2.3,413120.353,6,6,413118.319,0.0,1.0,1.0,0.034,179617.544783
1709523,IT,LT,LEATH,LANDT,2.96,413010.68,6,6,413006.609,0.0,3.0,1.0,0.071,139530.635135
1800181,IT,WE,PLAST,PIGS9,0.87,413010.025,4,4,413009.983,0.0,0.0,0.0,0.042,474724.166667
1810746,IT,WM,MOTOR,AUXIL,0.62,412992.533,4,4,412992.499,0.0,0.0,0.0,0.034,666116.98871
1714102,IT,MT,SEACO,FURNI,0.42,412876.007,4,4,412876.0,0.0,0.0,0.0,0.007,983038.111905
1645527,IT,BE,PLAST,MOTO1,0.87,412842.859,4,4,412842.817,0.0,0.0,0.0,0.042,474532.021839
1748867,IT,CN,WEARI,FISHF,3.11,412809.026,6,6,412806.948,0.0,1.0,1.0,0.078,132736.021222
1799082,IT,WE,WEARI,VEGET,3.11,412781.279,6,6,412779.201,0.0,1.0,1.0,0.078,132727.099357
1680388,IT,GR,ELEC2,DIST1,0.1,412707.346,4,4,412707.303,0.0,0.0,0.0,0.043,4127073.46
1716904,IT,NL,HOTEL,RESEA,2.99,412672.68,6,6,412670.649,0.0,1.0,1.0,0.031,138017.618729
1731798,IT,SI,PAPER,OFFIC,1.6,412642.882,6,6,412638.841,0.0,3.0,1.0,0.041,257901.80125
1796132,IT,WL,TRANS,INLAN,2.46,412597.192,5,5,412596.17,0.0,0.0,1.0,0.022,167722.435772
1735723,IT,SK,FABRI,RETA1,1.68,412567.233,5,5,412566.203,0.0,0.0,1.0,0.03,245575.733929
1729888,IT,SE,TRANS,RAILW,2.46,412549.37,5,5,412548.348,0.0,0.0,1.0,0.022,167702.995935
1730118,IT,SE,HOTEL,SUPPO,2.99,412543.695,6,6,412541.664,0.0,1.0,1.0,0.031,137974.479933
1800185,IT,WE,PLAST,RAWMI,0.87,412422.113,4,4,412422.071,0.0,0.0,0.0,0.042,474048.405747
1649540,IT,BG,RUBBE,CEMEN,1.37,412407.133,6,6,412405.096,0.0,1.0,1.0,0.037,301027.10438
1651645,IT,CY,BASIC,MACHI,0.47,412375.625,4,4,412375.599,0.0,0.0,0.0,0.026,877394.946809
1723066,IT,PT,CHEM1,TOBAC,0.86,412342.449,5,5,412341.404,0.0,0.0,1.0,0.045,479467.963953
1738822,IT,GB,MOTO1,FABRI,2.19,412335.488,5,5,412334.461,0.0,0.0,1.0,0.027,188281.044749
1755382,IT,KR,KEROS,KEROS,0.61,412315.393,4,4,412315.359,0.0,0.0,0.0,0.034,675926.87377
1775300,IT,CH,BUSIN,TRANS,4.23,412277.983,6,6,412275.955,0.0,1.0,1.0,0.028,97465.244208
1665239,IT,ES,BEVER,CATTL,1.75,412273.33,5,5,412272.304,0.0,1.0,0.0,0.026,235584.76
1669513,IT,ES,AUXIL,INSUR,7.54,412231.102,5,5,412230.082,0.0,0.0,1.0,0.02,54672.559947
1673728,IT,FR,PAPER,GLASS,1.6,412131.675,6,6,412127.634,0.0,3.0,1.0,0.041,257582.296875
1799864,IT,WE,GASDI,CEMEN,0.61,412092.344,4,4,412092.31,0.0,0.0,0.0,0.034,675561.219672
1765330,IT,RU,FOOD5,FISH5,1.98,412070.048,5,5,412068.011,0.0,2.0,0.0,0.037,208116.185859
1794349,IT,WL,MOTOR,INSUR,0.62,412048.596,4,4,412048.562,0.0,0.0,0.0,0.034,664594.509677
1789313,IT,WA,CHEM1,PLANT,0.86,412007.759,5,5,412006.714,0.0,0.0,1.0,0.045,479078.789535
1719623,IT,PL,CERAM,RETA1,0.64,412007.542,5,5,412005.52,0.0,0.0,2.0,0.022,643761.784375
1720072,IT,PL,ALUM1,BUSIN,0.72,411975.771,5,5,411974.738,0.0,0.0,1.0,0.033,572188.570833
1759136,IT,BR,AIRTR,ELECT,0.45,411970.959,4,4,411970.946,0.0,0.0,0.0,0.013,915491.02
1666484,IT,ES,PLAST,CHEM1,0.86,411969.955,4,4,411969.913,0.0,0.0,0.0,0.042,479034.831395
1680936,IT,GR,TRAN2,LUBRI,0.64,411943.591,4,4,411943.58,0.0,0.0,0.0,0.011,643661.860938
1793354,IT,WL,VEGET,VEGET,1.46,411923.792,5,5,411921.776,0.0,2.0,0.0,0.016,282139.583562
1679813,IT,GR,ALUM1,DAIRY,0.72,411919.407,5,5,411918.374,0.0,0.0,1.0,0.033,572110.2875
1750291,IT,CN,NONF1,RUBBE,0.09,411864.899,4,4,411864.897,0.0,0.0,0.0,0.002,4576276.655556
1727829,IT,RO,BUSIN,CONST,4.23,411861.665,6,6,411859.637,0.0,1.0,1.0,0.028,97366.823877
1784519,IT,ID,FABRI,FURNI,1.68,411805.189,5,5,411804.159,0.0,0.0,1.0,0.03,245122.13631
1727842,IT,RO,BUSIN,POSTT,4.23,411773.09,6,6,411771.062,0.0,1.0,1.0,0.028,97345.884161
1748715,IT,CN,BEVER,BEVER,1.75,411767.231,5,5,411766.205,0.0,1.0,0.0,0.026,235295.560571
1772085,IT,CH,PRINT,MEMBE,3.95,411715.344,6,6,411713.313,0.0,1.0,1.0,0.031,104231.732658
1653106,IT,CZ,CHEM1,PULP5,0.86,411711.14,5,5,411710.095,0.0,0.0,1.0,0.045,478733.883721
1665956,IT,ES,MOTOR,BITU1,0.62,411708.235,4,4,411708.201,0.0,0.0,0.0,0.034,664045.540323
1806136,IT,WF,FABRI,BASIC,1.68,411703.716,5,5,411702.686,0.0,0.0,1.0,0.03,245061.735714
1666539,IT,ES,CHEM1,SANDC,0.86,411675.591,5,5,411674.546,0.0,0.0,1.0,0.045,478692.547674
1769585,IT,AU,COPP1,CONST,1.04,411674.434,6,6,411672.413,0.0,1.0,1.0,0.021,395840.801923
1679585,IT,GR,RUBBE,FURNI,1.36,411627.883,6,6,411625.846,0.0,1.0,1.0,0.037,302667.561029
1733363,IT,SI,TRANS,WHOLE,2.46,411577.869,5,5,411576.847,0.0,0.0,1.0,0.022,167308.076829
1746380,IT,JP,RUBBE,BASIC,1.36,411575.028,6,6,411572.991,0.0,1.0,1.0,0.037,302628.697059
1762750,IT,IN,BUSIN,MOTO1,4.23,411559.745,6,6,411557.717,0.0,1.0,1.0,0.028,97295.447991
1811742,IT,WM,ADDIT,KERO1,0.95,411552.344,6,6,411548.312,0.0,3.0,1.0,0.032,433212.993684
1737020,IT,GB,STONE,DAIRY,1.33,411548.493,5,5,411525.474,0.0,0.0,23.0,0.019,309434.957143
1651639,IT,CY,BASIC,CEMEN,0.47,411530.751,4,4,411530.725,0.0,0.0,0.0,0.026,875597.342553
1738158,IT,GB,GLASS,TRANS,1.13,411458.768,5,5,411456.744,0.0,0.0,2.0,0.024,364122.80354
1797006,IT,WL,AIRTR,RAILW,0.45,411456.281,4,4,411456.268,0.0,0.0,0.0,0.013,914347.291111
1672854,IT,FR,VEGE1,VEGE1,1.27,411425.99,6,6,411421.9,0.0,3.0,1.0,0.09,323957.472441
1763805,IT,MX,CERAM,MOTO1,0.64,411418.814,5,5,411416.792,0.0,0.0,2.0,0.022,642841.896875
1664221,IT,EE,BRICK,CONST,0.62,411392.793,5,5,411390.767,0.0,0.0,2.0,0.026,663536.762903
1646513,IT,BE,MACHI,PUBLI,2.3,411375.2,6,6,411373.166,0.0,1.0,1.0,0.034,178858.782609
1809172,IT,WM,CATTL,REALE,0.9,411339.783,5,5,411329.755,0.0,10.0,0.0,0.028,457044.203333
1763236,IT,MX,WOODW,MOTO1,1.15,411331.467,6,6,411327.439,0.0,3.0,1.0,0.028,357679.536522
1667655,IT,ES,MACHI,BIODI,2.29,411241.841,6,6,411239.807,0.0,1.0,1.0,0.034,179581.589956
1720487,IT,PL,MACHI,POSTT,2.29,411186.28,6,6,411184.246,0.0,1.0,1.0,0.034,179557.327511
1675061,IT,FR,ALUM1,GLASS,0.71,411140.298,5,5,411139.265,0.0,0.0,1.0,0.033,579070.842254
1673606,IT,FR,WOODW,BASIC,1.15,411107.205,6,6,411103.177,0.0,3.0,1.0,0.028,357484.526087
1786212,IT,ZA,ALUM1,ELECT,0.71,411068.444,5,5,411067.411,0.0,0.0,1.0,0.033,578969.639437
1722413,IT,PT,MEAT1,GASDI,1.92,411044.827,6,6,411042.776,0.0,1.0,1.0,0.051,214085.847396
1790337,IT,WA,ALUM1,RADIO,0.71,410998.532,5,5,410997.499,0.0,0.0,1.0,0.033,578871.171831
1804110,IT,WF,PAPER,MEAT1,1.59,410946.569,6,6,410942.528,0.0,3.0,1.0,0.041,258456.961635
1753476,IT,CA,FABRI,SALEM,1.67,410943.655,5,5,410942.626,0.0,0.0,1.0,0.029,246074.04491
1788835,IT,WA,GASDI,MEATA,0.61,410917.988,4,4,410917.955,0.0,0.0,0.0,0.033,673636.045902
1791679,IT,WA,HOTEL,SALEM,2.98,410912.932,6,6,410910.901,0.0,1.0,1.0,0.031,137890.245638
1647140,IT,BE,HOTEL,COMPU,2.98,410901.062,6,6,410899.031,0.0,1.0,1.0,0.031,137886.262416
1669222,IT,ES,POSTT,PUBLI,6.77,410882.217,5,5,410881.186,0.0,0.0,1.0,0.031,60691.612555
1750381,IT,CN,FABRI,RADIO,1.67,410877.581,5,5,410876.552,0.0,0.0,1.0,0.029,246034.479641
1737246,IT,GB,FOOD5,MEATP,1.97,410836.14,5,5,410834.103,0.0,2.0,0.0,0.037,208546.263959
1716505,IT,NL,OFFIC,RENTI,1.27,410793.453,5,5,410792.423,0.0,0.0,1.0,0.03,323459.411811
1805074,IT,WF,PLAST,BUSIN,0.86,410793.399,4,4,410793.357,0.0,0.0,0.0,0.042,477666.743023
1679033,IT,GR,WOODW,NFERT,1.15,410729.062,6,6,410725.034,0.0,3.0,1.0,0.028,357155.706087
1713311,IT,MT,MOTOR,RENTI,0.61,410719.05,4,4,410719.017,0.0,0.0,0.0,0.033,673309.918033
1689598,IT,IE,AIRTR,SUPPO,0.45,410683.216,4,4,410683.203,0.0,0.0,0.0,0.013,912629.368889
1807718,IT,WF,BUSIN,POSTT,4.22,410655.586,6,6,410653.558,0.0,1.0,1.0,0.028,97311.750237
1760822,IT,IN,MOTOR,MOTOR,0.61,410637.057,4,4,410637.024,0.0,0.0,0.0,0.033,673175.503279
1648549,IT,BG,CRUDE,HEAVY,0.81,410611.779,4,4,410611.744,0.0,0.0,0.0,0.035,506928.122222
1741592,IT,US,GASDI,WHOLE,0.61,410594.424,4,4,410594.391,0.0,0.0,0.0,0.033,673105.613115
1798723,IT,WE,DAIRY,HEALT,1.67,410534.041,5,5,410531.013,0.0,3.0,0.0,0.028,245828.767066
1809532,IT,WM,MEAT4,EDUCA,2.26,410461.296,5,5,410459.268,0.0,2.0,0.0,0.028,181620.042478
1763857,IT,MX,NONME,NONME,0.83,410419.891,5,5,410418.846,0.0,0.0,1.0,0.045,494481.796386
1746501,IT,JP,CERAM,WHOLE,0.64,410386.132,5,5,410384.11,0.0,0.0,2.0,0.022,641228.33125
1744567,IT,US,REALE,RESEA,17.33,410214.105,6,6,410212.078,0.0,1.0,1.0,0.027,23670.750433
1688452,IT,IE,TEXTI,WHOLE,2.43,410182.818,4,4,410182.764,0.0,0.0,0.0,0.054,168799.51358
1749228,IT,CN,PAPER,WOODW,1.59,410166.912,6,6,410162.872,0.0,3.0,1.0,0.04,257966.611321
1656206,IT,DE,TEXTI,TRANS,2.43,410151.748,4,4,410151.694,0.0,0.0,0.0,0.054,168786.727572
1645581,IT,BE,CHEM1,TOBAC,0.86,410139.704,5,5,410138.659,0.0,0.0,1.0,0.045,476906.632558
1746829,IT,JP,MACHI,DISTR,2.29,410072.137,6,6,410070.103,0.0,1.0,1.0,0.034,179070.802183
1642188,IT,AT,BRICK,CONST,0.62,410026.065,5,5,410024.039,0.0,0.0,2.0,0.026,661332.362903
1728316,IT,SE,BEVER,PUBLI,1.74,410020.518,5,5,410019.492,0.0,1.0,0.0,0.026,235643.975862
1683272,IT,HR,CERAM,93197,0.64,409971.065,5,5,409969.043,0.0,0.0,2.0,0.022,640579.789062
1799280,IT,WE,LEATH,SALEM,2.94,409843.781,6,6,409839.71,0.0,3.0,1.0,0.071,139402.646599
1667636,IT,ES,MACHI,KEROS,2.29,409832.184,6,6,409830.15,0.0,1.0,1.0,0.034,178966.019214
1803645,IT,WF,FOOD5,WHOLE,1.97,409765.822,5,5,409763.785,0.0,2.0,0.0,0.037,208002.95533
1748088,IT,JP,BUSIN,SUPPO,4.21,409729.026,6,6,409726.998,0.0,1.0,1.0,0.028,97322.809026
1776028,IT,TR,TEXTI,RUBBE,2.43,409696.671,4,4,409696.617,0.0,0.0,0.0,0.054,168599.453086
1748916,IT,CN,WEARI,FABRI,3.09,409682.535,6,6,409680.457,0.0,1.0,1.0,0.078,132583.34466
1648212,IT,BE,BUSIN,MOTO1,4.21,409639.095,6,6,409637.067,0.0,1.0,1.0,0.028,97301.447743
1675921,IT,FR,ELEC2,RESEA,0.1,409592.491,4,4,409592.448,0.0,0.0,0.0,0.043,4095924.91
1773250,IT,CH,FABRI,SUPPO,1.67,409545.17,5,5,409544.141,0.0,0.0,1.0,0.029,245236.628743
1686594,IT,HU,ALUM1,RESEA,0.71,409488.648,5,5,409487.615,0.0,0.0,1.0,0.033,576744.574648
1809391,IT,WM,CHEMI,MEAT1,0.98,409484.786,6,6,409463.748,0.0,1.0,20.0,0.038,417841.618367
1640778,IT,AT,TEXTI,RESEA,2.43,409482.959,4,4,409482.905,0.0,0.0,0.0,0.054,168511.505761
1689020,IT,IE,MACHI,PUBLI,2.28,409452.426,6,6,409450.392,0.0,1.0,1.0,0.034,179584.397368
1735846,IT,SK,MACHI,HEALT,2.28,409420.129,6,6,409418.095,0.0,1.0,1.0,0.034,179570.232018
1670655,IT,FI,LEATH,BUSIN,2.93,409409.374,6,6,409405.303,0.0,3.0,1.0,0.071,139730.161775
1677864,IT,FR,BUSIN,WOODW,4.2,409400.337,6,6,409398.309,0.0,1.0,1.0,0.028,97476.270714
1777087,IT,TR,CHEM1,LANDT,0.86,409391.257,5,5,409390.212,0.0,0.0,1.0,0.045,476036.345349
1653335,IT,CZ,GLASS,CHEM1,1.12,409381.319,5,5,409379.296,0.0,0.0,2.0,0.023,365519.034821
1642841,IT,AT,OFFIC,HEALT,1.27,409331.153,5,5,409330.123,0.0,0.0,1.0,0.03,322307.994488
1788963,IT,WA,HEAVY,CERAM,0.66,409264.003,4,4,409263.97,0.0,0.0,0.0,0.033,620096.974242
1811380,IT,WM,PLAST,CEREA,0.86,409200.678,4,4,409200.636,0.0,0.0,0.0,0.042,475814.74186
1814291,IT,WM,POSTT,PUBLI,6.74,409169.86,5,5,409168.829,0.0,0.0,1.0,0.031,60707.694362
1799880,IT,WE,GASDI,FURNI,0.61,409056.755,4,4,409056.722,0.0,0.0,0.0,0.033,670584.844262
1771319,IT,CH,DAIRY,RETA1,1.66,409027.108,5,5,409024.08,0.0,3.0,0.0,0.028,246401.872289
1712396,IT,LV,CERAM,CEMEN,0.64,409009.304,5,5,409007.282,0.0,0.0,2.0,0.022,639077.0375
1737245,IT,GB,FOOD5,MEATC,1.96,408982.112,5,5,408980.075,0.0,2.0,0.0,0.037,208664.342857
1766425,IT,RU,BASIC,RETA1,0.47,408961.538,4,4,408961.512,0.0,0.0,0.0,0.026,870130.931915
1780372,IT,TW,AIRTR,ELEC1,0.45,408934.669,4,4,408934.656,0.0,0.0,0.0,0.013,908743.708889
1772685,IT,CH,CERAM,CERAM,0.64,408926.658,5,5,408924.636,0.0,0.0,2.0,0.022,638947.903125
1757699,IT,BR,HEAVY,SEACO,0.66,408857.177,4,4,408857.144,0.0,0.0,0.0,0.033,619480.571212
1657605,IT,DE,GLASS,LANDT,1.12,408815.614,5,5,408813.591,0.0,0.0,2.0,0.023,365013.941071
1717223,IT,NL,SUPPO,INLAN,2.94,408787.991,5,5,408786.971,0.0,0.0,1.0,0.02,139043.534354
1726077,IT,RO,RUBBE,WOODW,1.35,408778.905,6,6,408776.868,0.0,1.0,1.0,0.037,302799.188889
1743505,IT,US,RETA1,MACHI,4.27,408724.606,6,6,408722.579,0.0,1.0,1.0,0.027,95720.048244
1721224,IT,PL,LANDT,PULP5,2.64,408717.144,5,5,408716.125,0.0,0.0,1.0,0.019,154817.1
1780165,IT,TW,HOTEL,TRANS,2.96,408686.828,6,6,408684.797,0.0,1.0,1.0,0.031,138069.874324
1729858,IT,SE,MOTO1,LANDT,2.17,408626.596,5,5,408625.569,0.0,0.0,1.0,0.027,188307.187097
1750372,IT,CN,FABRI,ALUM1,1.66,408618.117,5,5,408617.088,0.0,0.0,1.0,0.029,246155.492169
1798282,IT,WE,OILSE,93197,0.3,408521.07,5,5,408518.051,0.0,3.0,0.0,0.019,1361736.9
1667691,IT,ES,MACHI,DIST1,2.28,408516.154,6,6,408514.12,0.0,1.0,1.0,0.034,179173.751754
1781211,IT,NO,VEGET,HOTEL,1.45,408504.564,5,5,408502.548,0.0,2.0,0.0,0.016,281727.285517
1755563,IT,KR,CHEM1,MEDIC,0.85,408446.131,5,5,408445.086,0.0,0.0,1.0,0.045,480524.86
1800960,IT,WE,ALUM1,PAPER,0.71,408429.342,5,5,408428.309,0.0,0.0,1.0,0.033,575252.594366
1749697,IT,CN,CHEM1,TRAN1,0.85,408420.415,5,5,408419.37,0.0,0.0,1.0,0.045,480494.605882
1755874,IT,KR,NONME,FABRI,0.83,408382.184,5,5,408381.139,0.0,0.0,1.0,0.045,492026.727711
1662019,IT,DK,PLAST,FABRI,0.86,408329.458,4,4,408329.416,0.0,0.0,0.0,0.042,474801.695349
1806118,IT,WF,FABRI,PRINT,1.66,408293.275,5,5,408292.246,0.0,0.0,1.0,0.029,245959.804217
1798470,IT,WE,NATUR,ELEC2,0.57,408265.294,4,4,408265.267,0.0,0.0,0.0,0.027,716254.901754
1728441,IT,SE,WEARI,BUSIN,3.08,408244.044,6,6,408241.966,0.0,1.0,1.0,0.078,132546.767532
1688874,IT,IE,ALUM1,FISH5,0.71,408188.521,5,5,408187.488,0.0,0.0,1.0,0.033,574913.409859
1795128,IT,WL,RUBBE,CHEM1,1.35,408184.904,6,6,408182.867,0.0,1.0,1.0,0.037,302359.188148
1756238,IT,KR,MACHI,SUPPO,2.28,408170.829,6,6,408168.795,0.0,1.0,1.0,0.034,179022.293421
1668574,IT,ES,HOTEL,RENTI,2.96,408070.629,6,6,408068.598,0.0,1.0,1.0,0.031,137861.698986
1653488,IT,CZ,BASIC,ALUMI,0.47,408059.81,4,4,408059.784,0.0,0.0,0.0,0.026,868212.361702
1658295,IT,DE,COPP1,ELEC1,1.03,408037.444,6,6,408035.423,0.0,1.0,1.0,0.021,396152.858252
1755143,IT,KR,LEATH,RADIO,2.92,407998.32,6,6,407994.249,0.0,3.0,1.0,0.071,139725.452055
1806413,IT,WF,MOTO1,EDUCA,2.17,407915.37,5,5,407914.343,0.0,0.0,1.0,0.027,187979.43318
1649753,IT,BG,BASIC,LEAD1,0.47,407892.637,4,4,407892.611,0.0,0.0,0.0,0.026,867856.674468
1769525,IT,AU,ALUM1,WOODW,0.71,407887.25,5,5,407886.217,0.0,0.0,1.0,0.033,574489.084507
1750540,IT,CN,MACHI,TRAN2,2.28,407872.861,6,6,407870.827,0.0,1.0,1.0,0.034,178891.605702
1761519,IT,IN,ALUM1,FURNI,0.71,407799.777,5,5,407798.744,0.0,0.0,1.0,0.033,574365.883099
1777891,IT,TR,MACHI,CRUDE,2.27,407771.746,6,6,407769.712,0.0,1.0,1.0,0.034,179635.130396
1687391,IT,HU,HOTEL,MOTO1,2.96,407742.226,6,6,407740.195,0.0,1.0,1.0,0.031,137750.752027
1749825,IT,CN,RUBBE,PRINT,1.35,407708.551,6,6,407706.514,0.0,1.0,1.0,0.037,302006.334074
1766641,IT,RU,FABRI,RUBBE,1.66,407704.319,5,5,407703.29,0.0,0.0,1.0,0.029,245605.011446
1668519,IT,ES,HOTEL,CHEM1,2.95,407701.158,6,6,407699.127,0.0,1.0,1.0,0.031,138203.782373
1746001,IT,JP,PAPER,PAPER,1.58,407619.737,6,6,407615.697,0.0,3.0,1.0,0.04,257987.175316
1732640,IT,SI,GLASS,WHOLE,1.12,407566.86,5,5,407564.837,0.0,0.0,2.0,0.023,363898.982143
1786829,IT,ZA,HOTEL,SUPPO,2.95,407439.689,6,6,407437.658,0.0,1.0,1.0,0.031,138115.148814
1682113,IT,HR,TEXTI,KEROS,2.41,407431.957,4,4,407431.903,0.0,0.0,0.0,0.054,169058.90332
1656147,IT,DE,FISH5,HEALT,1.71,407431.478,6,6,407429.268,0.0,1.0,1.0,0.21,238264.022222
1673573,IT,FR,WOODW,RAWMI,1.14,407402.755,6,6,407398.727,0.0,3.0,1.0,0.028,357370.837719
1738469,IT,GB,COPP1,RUBBE,1.03,407386.875,6,6,407384.854,0.0,1.0,1.0,0.021,395521.237864
1657469,IT,DE,RUBBE,RETAI,1.35,407307.879,6,6,407305.842,0.0,1.0,1.0,0.037,301709.54
1657455,IT,DE,RUBBE,ELEC5,1.35,407295.19,6,6,407293.153,0.0,1.0,1.0,0.037,301700.140741
1751436,IT,CN,AIRTR,SUGA1,0.44,407294.092,4,4,407294.079,0.0,0.0,0.0,0.013,925668.390909
1771689,IT,CH,WEARI,RESEA,3.07,407290.238,6,6,407288.161,0.0,1.0,1.0,0.077,132667.829967
1746317,IT,JP,CHEM1,RECRE,0.85,407259.287,5,5,407258.243,0.0,0.0,1.0,0.044,479128.572941
1793674,IT,WL,FOOD5,CATTL,1.96,407258.712,5,5,407256.676,0.0,2.0,0.0,0.036,207785.057143
1658337,IT,DE,NONF1,CHEM1,0.09,407257.668,4,4,407257.666,0.0,0.0,0.0,0.002,4525085.2
1780032,IT,TW,RETAI,STONE,3.2,407232.242,6,6,407230.216,0.0,1.0,1.0,0.026,127260.075625
1741285,IT,US,PAPER,PFERT,1.58,407121.804,6,6,407117.764,0.0,3.0,1.0,0.04,257672.027848
1805481,IT,WF,GLASS,PUBLI,1.12,407112.982,5,5,407110.959,0.0,0.0,2.0,0.023,363493.733929
1721809,IT,PL,REALE,NATUR,17.2,407070.135,6,6,407068.108,0.0,1.0,1.0,0.027,23666.868314
1683684,IT,HR,FABRI,BUSIN,1.66,407013.275,5,5,407012.246,0.0,0.0,1.0,0.029,245188.71988
1806140,IT,WF,FABRI,COPP1,1.66,406987.186,5,5,406986.157,0.0,0.0,1.0,0.029,245173.003614
1800532,IT,WE,RUBBE,RADIO,1.35,406969.963,6,6,406967.926,0.0,1.0,1.0,0.037,301459.231852
1777433,IT,TR,NONME,NONME,0.82,406961.481,5,5,406960.436,0.0,0.0,1.0,0.045,496294.489024
1646132,IT,BE,PREC1,FOUND,0.69,406906.65,6,6,406904.631,0.0,1.0,1.0,0.019,589719.782609
1809792,IT,WM,FOOD5,CHEM1,1.95,406902.701,5,5,406900.665,0.0,2.0,0.0,0.036,208668.051795
1773715,IT,CH,FURNI,RENTI,1.3,406893.183,6,6,406891.148,0.0,1.0,1.0,0.035,312994.756154
1682969,IT,HR,PLAST,RAILW,0.85,406857.747,4,4,406857.706,0.0,0.0,0.0,0.041,478656.172941
1646096,IT,BE,BASIC,SALEM,0.47,406828.294,4,4,406828.268,0.0,0.0,0.0,0.026,865592.114894
1735609,IT,SK,COPP1,PLAST,1.03,406821.192,6,6,406819.171,0.0,1.0,1.0,0.021,394972.031068
1667668,IT,ES,MACHI,FOUND,2.27,406729.312,6,6,406727.279,0.0,1.0,1.0,0.033,179175.90837
1750723,IT,CN,MOTO1,PUBLI,2.16,406728.666,5,5,406727.64,0.0,0.0,1.0,0.026,188300.308333
1750124,IT,CN,PREC1,PLAST,0.69,406630.001,6,6,406627.982,0.0,1.0,1.0,0.019,589318.842029
1674438,IT,FR,ADDIT,HEAVY,0.94,406613.464,6,6,406609.432,0.0,3.0,1.0,0.032,432567.514894
1710005,IT,LT,ALUM1,MACHI,0.71,406541.128,5,5,406540.095,0.0,0.0,1.0,0.033,572593.138028
1655897,IT,DE,DAIRY,REALE,1.65,406395.703,5,5,406392.675,0.0,3.0,0.0,0.028,246300.426061
1667736,IT,ES,MACHI,93197,2.27,406313.822,6,6,406311.789,0.0,1.0,1.0,0.033,178992.873128
1721074,IT,PL,HOTEL,WHOLE,2.94,406297.372,6,6,406295.341,0.0,1.0,1.0,0.031,138196.385034
1728892,IT,SE,CHEM1,BEVER,0.85,406287.397,5,5,406286.353,0.0,0.0,1.0,0.044,477985.172941
1785851,IT,ZA,CHEM1,SUPPO,0.85,406261.301,5,5,406260.257,0.0,0.0,1.0,0.044,477954.471765
1796048,IT,WL,TRANS,BITUM,2.42,406213.931,5,5,406212.909,0.0,0.0,1.0,0.022,167856.996281
1798386,IT,WE,CRUDE,MOTOR,0.8,406179.531,4,4,406179.496,0.0,0.0,0.0,0.035,507724.41375
1673896,IT,FR,COKEO,OFFIC,0.05,406171.168,4,4,406171.166,0.0,0.0,0.0,0.002,8123423.36
1682557,IT,HR,MOTOR,CONST,0.61,406132.741,4,4,406132.708,0.0,0.0,0.0,0.033,665791.378689
1719705,IT,PL,NONME,NONME,0.82,406065.941,5,5,406064.896,0.0,0.0,1.0,0.045,495202.367073
1661553,IT,DK,BEVER,BEVER,1.73,406040.521,5,5,406039.495,0.0,1.0,0.0,0.026,234705.503468
1772835,IT,CH,BASIC,MEATC,0.47,406031.204,4,4,406031.178,0.0,0.0,0.0,0.026,863896.178723
1772841,IT,CH,BASIC,FOOD5,0.47,406029.576,4,4,406029.55,0.0,0.0,0.0,0.026,863892.714894
1671374,IT,FI,NONF1,NONF1,0.09,406026.296,4,4,406026.294,0.0,0.0,0.0,0.002,4511403.288889
1645655,IT,BE,CHEM1,LANDT,0.85,406019.419,5,5,406018.375,0.0,0.0,1.0,0.044,477669.904706
1729038,IT,SE,RUBBE,PAPER,1.35,406018.516,6,6,406016.479,0.0,1.0,1.0,0.037,300754.456296
1756023,IT,KR,NONF1,MACHI,0.09,405769.563,4,4,405769.561,0.0,0.0,0.0,0.002,4508550.7
1741642,IT,US,HEAVY,PRINT,0.66,405755.89,4,4,405755.857,0.0,0.0,0.0,0.033,614781.651515
1653887,IT,CZ,FABRI,TRANS,1.65,405710.319,5,5,405709.29,0.0,0.0,1.0,0.029,245885.041818
1676944,IT,FR,AIRTR,KEROS,0.44,405709.132,4,4,405709.119,0.0,0.0,0.0,0.013,922066.209091
1649406,IT,BG,CHEM1,PAPER,0.85,405665.556,5,5,405664.512,0.0,0.0,1.0,0.044,477253.595294
1758496,IT,BR,MACHI,GLASS,2.26,405610.517,6,6,405608.484,0.0,1.0,1.0,0.033,179473.680088
1658928,IT,DE,FURNI,CONST,1.29,405579.797,6,6,405577.762,0.0,1.0,1.0,0.035,314402.943411
1640187,IT,AT,OILSE,FOOD5,0.29,405568.639,5,5,405565.62,0.0,3.0,0.0,0.019,1398512.548276
1641529,IT,AT,HEAVY,BASIC,0.66,405484.924,4,4,405484.891,0.0,0.0,0.0,0.033,614371.09697
1723245,IT,PT,GLASS,MEATC,1.11,405411.566,5,5,405409.543,0.0,0.0,2.0,0.023,365235.645045
1755730,IT,KR,GLASS,CHEM1,1.11,405386.476,5,5,405384.453,0.0,0.0,2.0,0.023,365213.041441
1796067,IT,WL,TRANS,FISH5,2.42,405375.052,5,5,405374.03,0.0,0.0,1.0,0.022,167510.352066
1780123,IT,TW,HOTEL,LEATH,2.94,405354.237,6,6,405352.206,0.0,1.0,1.0,0.031,137875.590816
1645081,IT,BE,PAPER,TRANS,1.57,405350.605,6,6,405346.565,0.0,3.0,1.0,0.04,258185.098726
1807214,IT,WF,AIRTR,93197,0.44,405311.796,4,4,405311.783,0.0,0.0,0.0,0.013,921163.172727
1737631,IT,GB,PAPER,RETA1,1.57,405265.372,6,6,405261.332,0.0,3.0,1.0,0.04,258130.810191
1725971,IT,RO,CHEM1,PAPER,0.85,405249.142,5,5,405248.098,0.0,0.0,1.0,0.044,476763.696471
1808974,IT,WM,VEGET,CRUDE,1.43,405208.588,5,5,405206.572,0.0,2.0,0.0,0.016,283362.648951
1798521,IT,WE,STONE,CEMEN,1.31,405180.344,5,5,405157.326,0.0,0.0,23.0,0.018,309297.972519
1720682,IT,PL,MOTO1,FINAN,2.16,405110.587,5,5,405109.561,0.0,0.0,1.0,0.026,187551.197685
1813586,IT,WM,WHOLE,CONST,3.5,405105.337,6,6,405103.314,0.0,1.0,1.0,0.023,115744.382
1672535,IT,FR,CEREA,POULT,0.66,405010.807,5,5,405008.784,0.0,2.0,0.0,0.023,613652.737879
1790846,IT,WA,MACHI,LANDT,2.26,405007.935,6,6,405005.902,0.0,1.0,1.0,0.033,179207.050885
1794492,IT,WL,GASDI,SALEM,0.6,404985.043,4,4,404985.01,0.0,0.0,0.0,0.033,674975.071667
1776201,IT,TR,WOODW,WOODW,1.13,404920.859,6,6,404916.832,0.0,3.0,1.0,0.027,358337.043363
1711031,IT,LU,NONME,RENTI,0.82,404919.459,5,5,404918.415,0.0,0.0,1.0,0.044,493804.218293
1805087,IT,WF,NFERT,SUGAR,0.08,404877.578,4,4,404877.545,0.0,0.0,0.0,0.033,5060969.725
1671628,IT,FI,FURNI,AIRTR,1.29,404865.125,6,6,404863.09,0.0,1.0,1.0,0.035,313848.934109
1748742,IT,CN,BEVER,CONST,1.72,404799.148,5,5,404798.122,0.0,1.0,0.0,0.026,235348.34186
1686386,IT,HU,BASIC,FISH5,0.47,404773.491,4,4,404773.465,0.0,0.0,0.0,0.026,861220.193617
1688691,IT,IE,CHEM1,RUBBE,0.85,404731.381,5,5,404730.337,0.0,0.0,1.0,0.044,476154.565882
1659644,IT,DE,HOTEL,TRAN2,2.93,404703.883,6,6,404701.853,0.0,1.0,1.0,0.03,138124.19215
1662215,IT,DK,GLASS,PAPER,1.11,404660.686,5,5,404658.663,0.0,0.0,2.0,0.023,364559.176577
1794926,IT,WL,CHEM1,PULP5,0.85,404619.6,5,5,404618.556,0.0,0.0,1.0,0.044,476023.058824
1762968,IT,MX,DAIRY,FISH5,1.64,404610.195,5,5,404607.168,0.0,3.0,0.0,0.027,246713.533537
1798961,IT,WE,TOBAC,CRUDE,1.59,404583.535,5,5,404581.51,0.0,2.0,0.0,0.025,254455.053459
1731958,IT,SI,MOTOR,PUBLI,0.6,404521.239,4,4,404521.206,0.0,0.0,0.0,0.033,674202.065
1794804,IT,WL,PLAST,BIODI,0.85,404472.948,4,4,404472.907,0.0,0.0,0.0,0.041,475850.527059
1760547,IT,IN,LEATH,RUBBE,2.9,404446.549,6,6,404442.479,0.0,3.0,1.0,0.07,139464.327241
1745281,IT,JP,MEATP,HEALT,1.64,404424.248,5,5,404423.204,0.0,1.0,0.0,0.044,246600.15122
1800218,IT,WE,PLAST,FISH5,0.85,404416.933,4,4,404416.892,0.0,0.0,0.0,0.041,475784.627059
1645763,IT,BE,RUBBE,ALUM1,1.34,404402.765,6,6,404400.728,0.0,1.0,1.0,0.037,301793.108209
1658465,IT,DE,FABRI,TRAN1,1.65,404351.822,5,5,404350.793,0.0,0.0,1.0,0.029,245061.710303
1790543,IT,WA,NONF1,MOTOR,0.09,404348.568,4,4,404348.566,0.0,0.0,0.0,0.002,4492761.866667
1726334,IT,RO,ALUM1,PLAST,0.7,404304.48,5,5,404303.448,0.0,0.0,1.0,0.032,577577.828571
1812854,IT,WM,FABRI,ELECT,1.65,404272.5,5,5,404271.471,0.0,0.0,1.0,0.029,245013.636364
1751451,IT,CN,AIRTR,BRICK,0.44,404219.967,4,4,404219.954,0.0,0.0,0.0,0.013,918681.743182
1744799,IT,US,RESEA,ELEC1,2.19,404203.089,5,5,404202.061,0.0,0.0,1.0,0.028,184567.620548
1744954,IT,US,BUSIN,LANDT,4.15,404085.945,6,6,404083.917,0.0,1.0,1.0,0.028,97370.107229
1728859,IT,SE,PLAST,BUSIN,0.85,404081.424,4,4,404081.383,0.0,0.0,0.0,0.041,475389.910588
1662568,IT,DK,FABRI,RUBBE,1.64,404045.336,5,5,404044.307,0.0,0.0,1.0,0.029,246369.107317
1672528,IT,FR,WHEAT,BEVER,0.31,404008.05,5,5,404005.04,0.0,3.0,0.0,0.01,1303251.774194
1791182,IT,WA,FURNI,MEAT4,1.29,403968.942,6,6,403966.907,0.0,1.0,1.0,0.035,313154.218605
1748388,IT,CN,CROPS,FOOD5,3.2,403771.308,6,6,403769.286,0.0,1.0,1.0,0.022,126178.53375
1646176,IT,BE,ALUM1,PLAST,0.7,403733.54,5,5,403732.508,0.0,0.0,1.0,0.032,576762.2
1675882,IT,FR,ELEC2,KEROS,0.1,403627.371,4,4,403627.329,0.0,0.0,0.0,0.042,4036273.71
1641797,IT,AT,CHEM1,NONF1,0.84,403602.385,5,5,403601.341,0.0,0.0,1.0,0.044,480479.029762
1714110,IT,MT,SEACO,HOTEL,0.41,403551.116,4,4,403551.109,0.0,0.0,0.0,0.007,984271.014634
1659637,IT,DE,HOTEL,SALEM,2.92,403537.841,5,5,403536.811,0.0,1.0,0.0,0.03,138197.890753
1667132,IT,ES,BASIC,PRINT,0.46,403473.577,4,4,403473.551,0.0,0.0,0.0,0.026,877116.471739
1737883,IT,GB,PLAST,HOTEL,0.85,403292.929,4,4,403292.888,0.0,0.0,0.0,0.041,474462.269412
1647455,IT,BE,AIRTR,EDUCA,0.44,403289.6,4,4,403289.587,0.0,0.0,0.0,0.013,916567.272727
1811790,IT,WM,ADDIT,RETA1,0.93,403200.363,6,6,403196.332,0.0,3.0,1.0,0.031,433548.777419
1795757,IT,WL,MACHI,TOBAC,2.25,403178.082,6,6,403176.049,0.0,1.0,1.0,0.033,179190.258667
1652856,IT,CZ,COKEO,STONE,0.05,403111.891,4,4,403111.889,0.0,0.0,0.0,0.002,8062237.82
1773754,IT,CH,ELEC2,FISHF,0.1,403109.526,4,4,403109.484,0.0,0.0,0.0,0.042,4031095.26
1796908,IT,WL,AIRTR,VEGET,0.44,403041.26,4,4,403041.247,0.0,0.0,0.0,0.013,916002.863636
1645674,IT,BE,CHEM1,INTER,0.84,403012.112,5,5,403011.068,0.0,0.0,1.0,0.044,479776.32381
1771388,IT,CH,FOOD5,VEGE1,1.94,403011.824,5,5,403009.788,0.0,2.0,0.0,0.036,207738.053608
1802803,IT,WE,BUSIN,HEALT,4.14,402962.778,6,6,402960.75,0.0,1.0,1.0,0.028,97334.004348
1810556,IT,WM,PAPER,SALEM,1.56,402936.321,6,6,402932.281,0.0,3.0,1.0,0.04,258292.513462
1662641,IT,DK,MACHI,BEVER,2.25,402910.763,6,6,402908.73,0.0,1.0,1.0,0.033,179071.450222
1810289,IT,WM,LEATH,INSUR,2.89,402894.147,6,6,402890.077,0.0,3.0,1.0,0.07,139409.739446
1802968,IT,WF,WHEAT,WEARI,0.3,402849.389,5,5,402846.379,0.0,3.0,0.0,0.01,1342831.296667
1722355,IT,PT,FISHF,MEDIC,0.69,402791.219,4,4,402791.205,0.0,0.0,0.0,0.014,583755.389855
1784245,IT,ID,CHEM1,BITUM,0.84,402790.064,5,5,402789.02,0.0,0.0,1.0,0.044,479511.980952
1782485,IT,NO,MACHI,COMPU,2.25,402781.341,6,6,402779.308,0.0,1.0,1.0,0.033,179013.929333
1755458,IT,KR,PLAST,PAPER,0.84,402726.88,4,4,402726.839,0.0,0.0,0.0,0.041,479436.761905
1794548,IT,WL,HEAVY,FOOD5,0.65,402701.221,4,4,402701.189,0.0,0.0,0.0,0.032,619540.34
1668867,IT,ES,SEACO,PAPER,0.41,402631.119,4,4,402631.112,0.0,0.0,0.0,0.007,982027.119512
1731533,IT,SI,FISH5,RESEA,1.69,402607.629,6,6,402605.422,0.0,1.0,1.0,0.207,238229.366272
1757859,IT,BR,CHEM1,TEXTI,0.84,402594.737,5,5,402593.693,0.0,0.0,1.0,0.044,479279.44881
1714049,IT,MT,HOTEL,SUPPO,2.92,402565.584,5,5,402564.554,0.0,1.0,0.0,0.03,137864.926027
1809424,IT,WM,CHEMI,NONME,0.96,402504.987,6,6,402483.949,0.0,1.0,20.0,0.038,419276.028125
1796058,IT,WL,TRANS,MEATP,2.4,402497.504,5,5,402496.482,0.0,0.0,1.0,0.022,167707.293333
1790128,IT,WA,BASIC,NONF1,0.46,402490.808,4,4,402490.783,0.0,0.0,0.0,0.025,874980.017391
1674265,IT,FR,PARAF,MOTOR,0.63,402490.262,6,6,402488.233,0.0,1.0,1.0,0.029,638873.431746
1806169,IT,WF,FABRI,FINAN,1.64,402478.819,5,5,402477.79,0.0,0.0,1.0,0.029,245413.914024
1750351,IT,CN,FABRI,PAPER,1.64,402438.671,5,5,402437.642,0.0,0.0,1.0,0.029,245389.433537
1812303,IT,WM,BASIC,BEVER,0.46,402389.399,4,4,402389.374,0.0,0.0,0.0,0.025,874759.563043
1750262,IT,CN,COPP1,MOTO1,1.02,402360.301,6,6,402358.28,0.0,1.0,1.0,0.021,394470.883333
1647107,IT,BE,HOTEL,OFFIC,2.92,402346.226,5,5,402345.196,0.0,1.0,0.0,0.03,137789.803425
1672893,IT,FR,VEGE1,WHOLE,1.24,402257.479,6,6,402254.391,0.0,2.0,1.0,0.088,324401.192742
1658836,IT,DE,MOTO1,RETA1,2.14,402153.44,5,5,402152.414,0.0,0.0,1.0,0.026,187922.168224
1762296,IT,IN,AIRTR,RETA1,0.44,402148.975,4,4,402148.962,0.0,0.0,0.0,0.013,913974.943182
1809352,IT,WM,SANDC,PFERT,0.92,402107.603,5,5,402019.589,0.0,0.0,88.0,0.014,437073.481522
1731403,IT,SI,FOOD5,BASIC,1.93,402046.192,5,5,402044.156,0.0,2.0,0.0,0.036,208314.089119
1796347,IT,WL,RETAI,COPP1,3.16,402036.434,6,6,402034.408,0.0,1.0,1.0,0.026,127226.71962
1787298,IT,WA,CROPS,CATTL,3.18,402023.291,6,6,402021.269,0.0,1.0,1.0,0.022,126422.418553
1753124,IT,CA,RUBBE,FABRI,1.33,401985.277,6,6,401983.241,0.0,1.0,1.0,0.036,302244.569173
1751183,IT,CN,HOTEL,WEARI,2.91,401957.344,5,5,401956.314,0.0,1.0,0.0,0.03,138129.671478
1735021,IT,SK,PLAST,FABRI,0.84,401955.973,4,4,401955.932,0.0,0.0,0.0,0.041,478519.015476
1801274,IT,WE,MACHI,RAWMI,2.24,401952.677,6,6,401950.644,0.0,1.0,1.0,0.033,179443.159375
1719569,IT,PL,GLASS,HEALT,1.1,401935.923,5,5,401933.9,0.0,0.0,2.0,0.023,365396.293636
1715228,IT,NL,WOODW,BUSIN,1.12,401866.5,6,6,401862.473,0.0,3.0,1.0,0.027,358809.375
1718997,IT,PL,MOTOR,LANDT,0.6,401844.765,4,4,401844.732,0.0,0.0,0.0,0.033,669741.275
1794526,IT,WL,HEAVY,CATTL,0.65,401837.973,4,4,401837.941,0.0,0.0,0.0,0.032,618212.266154
1768458,IT,AU,DAIRY,BUSIN,1.63,401825.462,5,5,401822.435,0.0,3.0,0.0,0.027,246518.688344
1648788,IT,BG,BEVER,WHOLE,1.71,401753.617,5,5,401752.591,0.0,1.0,0.0,0.026,234943.635673
1788538,IT,WA,PAPER,WEARI,1.56,401742.242,6,6,401738.202,0.0,3.0,1.0,0.04,257527.078205
1677802,IT,FR,COMPU,FINAN,4.59,401711.979,6,6,401709.954,0.0,1.0,1.0,0.025,87518.949673
1794595,IT,WL,HEAVY,MEDIC,0.65,401610.287,4,4,401610.255,0.0,0.0,0.0,0.032,617861.98
1667914,IT,ES,MOTO1,CONST,2.14,401578.763,5,5,401577.737,0.0,0.0,1.0,0.026,187653.62757
1716076,IT,NL,BASIC,PLAST,0.46,401576.549,4,4,401576.524,0.0,0.0,0.0,0.025,872992.497826
1750474,IT,CN,MACHI,MOTOR,2.24,401531.55,6,6,401529.517,0.0,1.0,1.0,0.033,179255.15625
1726398,IT,RO,NONF1,CONST,0.09,401528.517,4,4,401528.515,0.0,0.0,0.0,0.002,4461427.966667
1784035,IT,ID,TEXTI,RADIO,2.38,401504.063,4,4,401504.01,0.0,0.0,0.0,0.053,168699.186134
1721332,IT,PL,TRAN2,GASDI,0.62,401376.77,4,4,401376.759,0.0,0.0,0.0,0.011,647381.887097
1675329,IT,FR,MACHI,WHEAT,2.24,401354.311,6,6,401352.278,0.0,1.0,1.0,0.033,179176.031696
1677214,IT,FR,POSTT,RESEA,6.61,401331.261,5,5,401330.23,0.0,0.0,1.0,0.031,60715.773222
1769405,IT,AU,CERAM,EDUCA,0.63,401309.917,5,5,401307.895,0.0,0.0,2.0,0.022,636999.868254
1785785,IT,ZA,CHEM1,VEGET,0.84,401294.692,5,5,401293.648,0.0,0.0,1.0,0.044,477731.77619
1811979,IT,WM,GLASS,LIQUE,1.1,401281.788,5,5,401279.765,0.0,0.0,2.0,0.023,364801.625455
1675424,IT,FR,MACHI,LANDT,2.24,401276.074,6,6,401274.041,0.0,1.0,1.0,0.033,179141.104464
1649937,IT,BG,FABRI,ALUM1,1.63,401247.429,5,5,401246.4,0.0,0.0,1.0,0.029,246164.066871
1687161,IT,HU,FURNI,MACHI,1.28,401242.718,6,6,401240.684,0.0,1.0,1.0,0.034,313470.873438
1667974,IT,ES,TRANS,OFFIC,2.39,401240.933,5,5,401239.911,0.0,0.0,1.0,0.022,167883.235565
1744030,IT,US,AIRTR,COLLE,0.44,401225.937,4,4,401225.924,0.0,0.0,0.0,0.013,911877.129545
1679960,IT,GR,FABRI,MACHI,1.63,401219.588,5,5,401218.559,0.0,0.0,1.0,0.029,246146.986503
1653803,IT,CZ,NONF1,CHEM1,0.09,401217.664,4,4,401217.662,0.0,0.0,0.0,0.002,4457974.044444
1719917,IT,PL,PREC1,PLAST,0.68,401180.199,6,6,401178.181,0.0,1.0,1.0,0.018,589970.880882
1659040,IT,DE,ELEC2,BUSIN,0.1,401166.973,4,4,401166.931,0.0,0.0,0.0,0.042,4011669.73
1657651,IT,DE,CERAM,FABRI,0.62,401163.204,5,5,401161.182,0.0,0.0,2.0,0.022,647037.425806
1742282,IT,US,BRICK,CONST,0.6,401148.813,5,5,401146.787,0.0,0.0,2.0,0.026,668581.355
1803290,IT,WF,FISHF,NONFE,0.69,401071.751,4,4,401071.737,0.0,0.0,0.0,0.014,581263.407246
1759737,IT,BR,BUSIN,MOTOR,4.12,401051.148,6,6,401049.12,0.0,1.0,1.0,0.028,97342.51165
1745855,IT,JP,LEATH,BASIC,2.87,400971.72,6,6,400967.651,0.0,3.0,1.0,0.069,139711.400697
1810276,IT,WM,LEATH,SALEM,2.87,400961.61,6,6,400957.541,0.0,3.0,1.0,0.069,139707.878049
1799958,IT,WE,HEAVY,TOBAC,0.65,400881.612,4,4,400881.58,0.0,0.0,0.0,0.032,616740.941538
1741452,IT,US,MOTOR,ELEC1,0.6,400790.816,4,4,400790.783,0.0,0.0,0.0,0.033,667984.693333
1742351,IT,US,NONME,FOOD5,0.81,400774.041,5,5,400772.997,0.0,0.0,1.0,0.044,494782.766667
1686982,IT,HU,MACHI,RESEA,2.24,400764.061,6,6,400762.028,0.0,1.0,1.0,0.033,178912.527232
1750369,IT,CN,FABRI,NONME,1.63,400760.218,5,5,400759.189,0.0,0.0,1.0,0.029,245865.164417
1726694,IT,RO,TRANS,93197,2.39,400758.663,5,5,400757.641,0.0,0.0,1.0,0.022,167681.448954
1805763,IT,WF,BASIC,COMPU,0.46,400755.158,4,4,400755.133,0.0,0.0,0.0,0.025,871206.865217
1741139,IT,US,WEARI,EDUCA,3.02,400748.298,6,6,400746.222,0.0,1.0,1.0,0.076,132698.111921
1799117,IT,WE,WEARI,FOOD5,3.02,400744.844,6,6,400742.768,0.0,1.0,1.0,0.076,132696.968212
1761762,IT,IN,MACHI,ALUM1,2.24,400744.742,6,6,400742.709,0.0,1.0,1.0,0.033,178903.902679
1642229,IT,AT,NONME,NATUR,0.81,400728.955,5,5,400727.911,0.0,0.0,1.0,0.044,494727.104938
1782316,IT,NO,NONF1,LEAD1,0.09,400658.724,4,4,400658.722,0.0,0.0,0.0,0.002,4451763.6
1757331,IT,BR,TEXTI,TEXTI,2.37,400599.375,4,4,400599.322,0.0,0.0,0.0,0.053,169029.272152
1805408,IT,WF,RUBBE,FINAN,1.33,400572.461,6,6,400570.425,0.0,1.0,1.0,0.036,301182.301504
1727910,IT,SE,VEGET,FISHF,1.42,400500.418,5,5,400498.402,0.0,2.0,0.0,0.016,282042.547887
1804795,IT,WF,NAPHT,CERAM,0.68,400480.741,5,5,400479.712,0.0,0.0,1.0,0.029,588942.266176
1722755,IT,PT,PAPER,BEVER,1.55,400426.721,6,6,400422.682,0.0,3.0,1.0,0.039,258339.82
1810517,IT,WM,PAPER,HEAVY,1.55,400232.075,6,6,400228.036,0.0,3.0,1.0,0.039,258214.241935
1719637,IT,PL,CERAM,HEALT,0.62,400227.096,5,5,400225.074,0.0,0.0,2.0,0.022,645527.574194
1801434,IT,WE,MOTO1,BITUM,2.13,400217.925,5,5,400216.899,0.0,0.0,1.0,0.026,187895.739437
1761937,IT,IN,FURNI,MACHI,1.28,400178.398,6,6,400176.364,0.0,1.0,1.0,0.034,312639.373438
1721382,IT,PL,SEACO,RUBBE,0.41,400174.235,4,4,400174.228,0.0,0.0,0.0,0.007,976034.719512
1688819,IT,IE,BRICK,MACHI,0.6,400164.295,5,5,400162.269,0.0,0.0,2.0,0.026,666940.491667
1789030,IT,WA,NAPHT,NAPHT,0.68,400150.041,5,5,400149.012,0.0,0.0,1.0,0.029,588455.942647
1809383,IT,WM,CHEMI,CRUDE,0.95,400119.771,6,6,400098.733,0.0,1.0,20.0,0.038,421178.706316
1764762,IT,MX,HOTEL,FINAN,2.9,400033.821,5,5,400032.791,0.0,1.0,0.0,0.03,137942.696897
1679427,IT,GR,CHEM1,CROPS,0.84,399974.866,5,5,399973.822,0.0,0.0,1.0,0.044,476160.554762
1750243,IT,CN,COPP1,RUBBE,1.01,399938.612,6,6,399936.591,0.0,1.0,1.0,0.021,395978.823762
1799431,IT,WE,PAPER,MEATC,1.55,399911.29,6,6,399907.251,0.0,3.0,1.0,0.039,258007.283871
1813967,IT,WM,SEACO,MEAT1,0.41,399902.7,4,4,399902.693,0.0,0.0,0.0,0.007,975372.439024
1787762,IT,WA,DAIRY,RAWMI,1.62,399851.22,5,5,399848.193,0.0,3.0,0.0,0.027,246821.740741
1763955,IT,MX,BASIC,RETA1,0.46,399824.878,4,4,399824.853,0.0,0.0,0.0,0.025,869184.517391
1800565,IT,WE,RUBBE,RECRE,1.32,399743.629,6,6,399741.593,0.0,1.0,1.0,0.036,302836.082576
1675839,IT,FR,ELEC1,OFFIC,0.06,399717.208,4,4,399717.183,0.0,0.0,0.0,0.025,6661953.466667
1772346,IT,CH,PLAST,PUBLI,0.84,399715.898,4,4,399715.857,0.0,0.0,0.0,0.041,475852.259524
1762273,IT,IN,AIRTR,MACHI,0.44,399712.992,4,4,399712.979,0.0,0.0,0.0,0.013,908438.618182
1806509,IT,WF,TRANS,RESEA,2.39,399695.999,5,5,399694.977,0.0,0.0,1.0,0.022,167236.819665
1794361,IT,WL,MOTOR,PRIVA,0.6,399692.609,4,4,399692.576,0.0,0.0,0.0,0.033,666154.348333
1745421,IT,JP,DAIRY,CHEM1,1.62,399690.479,5,5,399687.452,0.0,3.0,0.0,0.027,246722.517901
1680501,IT,GR,ELEC6,BASIC,0.06,399666.052,4,4,399665.988,0.0,0.0,0.0,0.064,6661100.866667
1767321,IT,RU,HOTEL,RESEA,2.9,399654.858,5,5,399653.828,0.0,1.0,0.0,0.03,137812.02
1772572,IT,CH,RUBBE,TRAN2,1.32,399652.87,6,6,399650.834,0.0,1.0,1.0,0.036,302767.325758
1784511,IT,ID,FABRI,FABRI,1.63,399650.266,5,5,399649.237,0.0,0.0,1.0,0.029,245184.21227
1796946,IT,WL,AIRTR,WOODW,0.44,399633.276,4,4,399633.263,0.0,0.0,0.0,0.013,908257.445455
1741757,IT,US,NONSP,KEROS,0.52,399534.021,4,4,399533.999,0.0,0.0,0.0,0.022,768334.655769
1648547,IT,BG,CRUDE,KEROS,0.79,399464.758,4,4,399464.724,0.0,0.0,0.0,0.034,505651.592405
1668536,IT,ES,HOTEL,MACHI,2.9,399433.145,5,5,399432.115,0.0,1.0,0.0,0.03,137735.567241
1749068,IT,CN,LEATH,COMPU,2.86,399432.082,6,6,399428.013,0.0,3.0,1.0,0.069,139661.567133
1810553,IT,WM,PAPER,DISTR,1.55,399404.702,6,6,399400.663,0.0,3.0,1.0,0.039,257680.452903
1766551,IT,RU,COPP1,MEDIC,1.01,399376.078,6,6,399374.057,0.0,1.0,1.0,0.021,395421.859406
1644414,IT,BE,MEAT1,ALUM1,1.87,399370.518,6,6,399368.469,0.0,1.0,1.0,0.049,213567.121925
1681100,IT,GR,SUPPO,FURNI,2.87,399351.319,5,5,399350.299,0.0,0.0,1.0,0.02,139146.801045
1801277,IT,WE,MACHI,FISHF,2.23,399345.826,6,6,399343.793,0.0,1.0,1.0,0.033,179078.84574
1644978,IT,BE,WOODW,DISTR,1.12,399326.932,6,6,399322.905,0.0,3.0,1.0,0.027,356541.903571
1655547,IT,DE,STONE,ELEC3,1.29,399193.802,5,5,399171.784,0.0,0.0,22.0,0.018,309452.55969
1801055,IT,WE,COPP1,WEARI,1.01,399124.645,6,6,399122.624,0.0,1.0,1.0,0.021,395172.915842
1641685,IT,AT,PLAST,LEATH,0.84,399091.503,4,4,399091.462,0.0,0.0,0.0,0.041,475108.932143
1790154,IT,WA,BASIC,HOTEL,0.46,399069.192,4,4,399069.167,0.0,0.0,0.0,0.025,867541.721739
1760103,IT,BR,FOOD2,NATUR,2.32,399011.96,5,5,399010.934,0.0,0.0,1.0,0.026,171987.913793
1743221,IT,US,TRANS,SALEM,2.38,398989.012,5,5,398987.99,0.0,0.0,1.0,0.022,167642.442017
1683085,IT,HR,RUBBE,PAPER,1.32,398985.052,6,6,398983.016,0.0,1.0,1.0,0.036,302261.40303
1749442,IT,CN,GASDI,LANDT,0.59,398930.764,4,4,398930.732,0.0,0.0,0.0,0.032,676153.837288
1782121,IT,NO,CERAM,SEACO,0.62,398929.775,5,5,398927.753,0.0,0.0,2.0,0.022,643435.120968
1745083,IT,US,PUBLI,FINAN,6.53,398900.143,5,5,398899.115,0.0,0.0,1.0,0.028,61087.311332
1713620,IT,MT,PREC1,PLAST,0.68,398871.335,6,6,398869.317,0.0,1.0,1.0,0.018,586575.492647
1661492,IT,DK,FOOD5,FOOD5,1.92,398854.232,5,5,398852.196,0.0,2.0,0.0,0.036,207736.579167
1644748,IT,BE,FISH5,PIGS9,1.68,398847.591,6,6,398845.386,0.0,1.0,1.0,0.205,237409.280357
1662254,IT,DK,CERAM,ALUM1,0.62,398821.442,5,5,398819.42,0.0,0.0,2.0,0.022,643260.390323
1777262,IT,TR,RUBBE,DIST1,1.32,398741.473,6,6,398739.437,0.0,1.0,1.0,0.036,302076.873485
1751613,IT,CN,POSTT,POSTT,6.56,398609.25,5,5,398608.22,0.0,0.0,1.0,0.03,60763.605183
1665740,IT,ES,PAPER,BASIC,1.54,398591.245,6,6,398587.206,0.0,3.0,1.0,0.039,258825.483766
1794976,IT,WL,CHEM1,ELEC4,0.83,398564.38,5,5,398563.336,0.0,0.0,1.0,0.044,480198.048193
1676345,IT,FR,WHOLE,VEGET,3.44,398544.081,6,6,398542.058,0.0,1.0,1.0,0.023,115855.8375
1644984,IT,BE,WOODW,WHOLE,1.11,398454.199,6,6,398450.172,0.0,3.0,1.0,0.027,358967.746847
1683332,IT,HR,NONME,RUBBE,0.81,398452.894,5,5,398451.85,0.0,0.0,1.0,0.044,491917.153086
1802789,IT,WE,BUSIN,RETA1,4.09,398417.704,6,6,398415.677,0.0,1.0,1.0,0.027,97412.641565
1640971,IT,AT,WOODW,MACHI,1.11,398407.383,6,6,398403.356,0.0,3.0,1.0,0.027,358925.57027
1769762,IT,AU,MACHI,PFERT,2.22,398395.586,6,6,398393.553,0.0,1.0,1.0,0.033,179457.471171
1788691,IT,WA,MOTOR,FISHF,0.6,398363.33,4,4,398363.298,0.0,0.0,0.0,0.032,663938.883333
1717108,IT,NL,SEACO,WEARI,0.41,398362.478,4,4,398362.471,0.0,0.0,0.0,0.007,971615.8
1683410,IT,HR,BASIC,COPP1,0.46,398349.649,4,4,398349.624,0.0,0.0,0.0,0.025,865977.497826
1796885,IT,WL,SEACO,LANDT,0.41,398344.078,4,4,398344.071,0.0,0.0,0.0,0.007,971570.921951
1686829,IT,HU,FABRI,TRANS,1.62,398335.051,5,5,398334.022,0.0,0.0,1.0,0.029,245885.833951
1656428,IT,DE,WOODW,93197,1.11,398310.138,6,6,398306.111,0.0,3.0,1.0,0.027,358837.962162
1656970,IT,DE,LIQUE,DISTR,0.7,398233.056,4,4,398233.024,0.0,0.0,0.0,0.032,568904.365714
1731623,IT,SI,LEATH,LEATH,2.85,398215.022,6,6,398210.953,0.0,3.0,1.0,0.069,139724.569123
1755233,IT,KR,PULP5,PAPER,1.21,398204.488,6,6,398201.451,0.0,2.0,1.0,0.037,329094.618182
1789714,IT,WA,GLASS,VEGET,1.09,398147.715,5,5,398145.692,0.0,0.0,2.0,0.023,365273.133028
1676770,IT,FR,LANDT,TEXTI,2.57,398128.073,5,5,398127.054,0.0,0.0,1.0,0.019,154913.647082
1811435,IT,WM,PLAST,NAPHT,0.84,398095.97,4,4,398095.93,0.0,0.0,0.0,0.04,473923.77381
1780313,IT,TW,SEACO,RESEA,0.4,398066.116,4,4,398066.109,0.0,0.0,0.0,0.007,995165.29
1782950,IT,NO,AIRTR,SALEM,0.43,398065.092,4,4,398065.079,0.0,0.0,0.0,0.013,925732.772093
1720437,IT,PL,MACHI,BIODI,2.22,397828.606,6,6,397826.573,0.0,1.0,1.0,0.033,179202.074775
1800929,IT,WE,PREC1,BUSIN,0.68,397797.531,6,6,397795.513,0.0,1.0,1.0,0.018,584996.369118
1720473,IT,PL,MACHI,COLLE,2.22,397749.374,6,6,397747.341,0.0,1.0,1.0,0.033,179166.384685
1675532,IT,FR,OFFIC,RECRE,1.23,397705.431,5,5,397704.402,0.0,0.0,1.0,0.029,323337.74878
1649761,IT,BG,BASIC,TRANS,0.46,397605.36,4,4,397605.335,0.0,0.0,0.0,0.025,864359.478261
1805026,IT,WF,PLAST,CEMEN,0.83,397497.126,4,4,397497.086,0.0,0.0,0.0,0.04,478912.2
1646598,IT,BE,MOTO1,FURNI,2.12,397442.768,5,5,397441.742,0.0,0.0,1.0,0.026,187473.003774
1770270,IT,AU,HOTEL,PREC1,2.88,397439.22,5,5,397438.19,0.0,1.0,0.0,0.03,137999.729167
1655540,IT,DE,STONE,FOUND,1.29,397434.502,5,5,397412.484,0.0,0.0,22.0,0.018,308088.76124
1774603,IT,CH,SEACO,SALEM,0.4,397434.122,4,4,397434.115,0.0,0.0,0.0,0.007,993585.305
1761801,IT,IN,MACHI,RENTI,2.22,397418.668,6,6,397416.635,0.0,1.0,1.0,0.033,179017.418018
1777196,IT,TR,RUBBE,CRUDE,1.32,397414.924,6,6,397412.888,0.0,1.0,1.0,0.036,301071.912121
1732626,IT,SI,GLASS,TRANS,1.09,397353.297,5,5,397351.274,0.0,0.0,2.0,0.023,364544.309174
1749119,IT,CN,WOODW,FABRI,1.11,397346.044,6,6,397342.017,0.0,3.0,1.0,0.027,357969.409009
1794902,IT,WL,CHEM1,NATUR,0.83,397303.429,5,5,397302.386,0.0,0.0,1.0,0.043,478678.83012
1669224,IT,ES,POSTT,HEALT,6.54,397267.219,5,5,397266.189,0.0,0.0,1.0,0.03,60744.223089
1676050,IT,FR,ELEC6,BUSIN,0.06,397241.58,4,4,397241.516,0.0,0.0,0.0,0.064,6620693.0
1735518,IT,SK,PREC1,HOTEL,0.67,397221.832,6,6,397219.814,0.0,1.0,1.0,0.018,592868.40597
1686589,IT,HU,ALUM1,LANDT,0.69,397216.965,5,5,397215.933,0.0,0.0,1.0,0.032,575676.76087
1776900,IT,TR,PLAST,PRINT,0.83,397172.251,4,4,397172.211,0.0,0.0,0.0,0.04,478520.784337
1744798,IT,US,RESEA,FURNI,2.15,397149.791,5,5,397148.763,0.0,0.0,1.0,0.028,184720.833023
1716142,IT,NL,PREC1,WHOLE,0.67,397126.495,6,6,397124.477,0.0,1.0,1.0,0.018,592726.11194
1773132,IT,CH,COPP1,DISTR,1.0,396991.764,6,6,396989.743,0.0,1.0,1.0,0.021,396991.764
1743791,IT,US,LANDT,TRANS,2.56,396976.889,5,5,396975.87,0.0,0.0,1.0,0.019,155069.097266
1743558,IT,US,HOTEL,NATU1,2.88,396955.857,5,5,396954.827,0.0,1.0,0.0,0.03,137831.894792
1727354,IT,RO,POSTT,REALE,6.54,396933.913,5,5,396932.883,0.0,0.0,1.0,0.03,60693.258869
1763954,IT,MX,BASIC,WHOLE,0.46,396882.336,4,4,396882.311,0.0,0.0,0.0,0.025,862787.686957
1720272,IT,PL,FABRI,BEVER,1.62,396870.819,5,5,396869.791,0.0,0.0,1.0,0.028,244981.987037
1659027,IT,DE,ELEC2,WHOLE,0.1,396866.175,4,4,396866.133,0.0,0.0,0.0,0.042,3968661.75
1737753,IT,GB,HEAVY,ALUM1,0.64,396751.287,4,4,396751.255,0.0,0.0,0.0,0.032,619923.885938
1750167,IT,CN,ALUM1,PRINT,0.69,396623.711,5,5,396622.679,0.0,0.0,1.0,0.032,574816.972464
1814027,IT,WM,SEACO,HOTEL,0.4,396550.662,4,4,396550.655,0.0,0.0,0.0,0.007,991376.655
1764245,IT,MX,MACHI,LEAD1,2.21,396528.429,6,6,396526.396,0.0,1.0,1.0,0.033,179424.628507
1789796,IT,WA,GLASS,PUBLI,1.09,396457.331,5,5,396455.308,0.0,0.0,2.0,0.023,363722.322018
1730765,IT,SE,BUSIN,PRINT,4.07,396416.184,6,6,396414.157,0.0,1.0,1.0,0.027,97399.553808
1764885,IT,MX,AIRTR,MACHI,0.43,396412.72,4,4,396412.708,0.0,0.0,0.0,0.012,921890.046512
1686222,IT,HU,GLASS,REALE,1.09,396374.438,5,5,396372.415,0.0,0.0,2.0,0.023,363646.273394
1739659,IT,GB,AIRTR,POSTT,0.43,396294.513,4,4,396294.501,0.0,0.0,0.0,0.012,921615.146512
1660852,IT,DE,COMPU,LANDT,4.52,396203.169,6,6,396201.144,0.0,1.0,1.0,0.025,87655.568363
1743242,IT,US,TRANS,FOOD3,2.36,396132.864,5,5,396131.842,0.0,0.0,1.0,0.022,167852.908475
1719481,IT,PL,GLASS,CROPS,1.09,396125.379,5,5,396123.356,0.0,0.0,2.0,0.023,363417.778899
1751340,IT,CN,LANDT,CONST,2.56,396082.875,5,5,396081.856,0.0,0.0,1.0,0.019,154719.873047
1799898,IT,WE,GASDI,FINAN,0.59,396069.321,4,4,396069.289,0.0,0.0,0.0,0.032,671303.933898
1805256,IT,WF,CHEM1,POSTT,0.83,396063.557,5,5,396062.514,0.0,0.0,1.0,0.043,477185.008434
1782025,IT,NO,RUBBE,REALE,1.31,396007.75,6,6,396005.714,0.0,1.0,1.0,0.036,302295.992366
1812988,IT,WM,MACHI,RADIO,2.21,396006.463,6,6,396004.43,0.0,1.0,1.0,0.033,179188.444796
1777636,IT,TR,ALUM1,WHOLE,0.69,395971.977,5,5,395970.945,0.0,0.0,1.0,0.032,573872.430435
1797025,IT,WL,AIRTR,MEMBE,0.43,395937.431,4,4,395937.419,0.0,0.0,0.0,0.012,920784.723256
1775920,IT,TR,FOOD5,SUGA1,1.9,395897.988,5,5,395895.953,0.0,2.0,0.0,0.035,208367.362105
1646275,IT,BE,COPP1,PLAST,1.0,395896.594,6,6,395894.574,0.0,1.0,1.0,0.02,395896.594
1730656,IT,SE,RENTI,SUPPO,2.37,395880.772,5,5,395879.75,0.0,0.0,1.0,0.022,167038.300422
1728396,IT,SE,TEXTI,BUSIN,2.35,395817.012,4,4,395816.959,0.0,0.0,0.0,0.053,168432.771064
1803863,IT,WF,TEXTI,INSUR,2.35,395758.855,4,4,395758.802,0.0,0.0,0.0,0.053,168408.023404
1716106,IT,NL,BASIC,RENTI,0.46,395684.034,4,4,395684.009,0.0,0.0,0.0,0.025,860182.682609
1710661,IT,LU,VEGE1,FOOD5,1.22,395563.435,6,6,395560.349,0.0,2.0,1.0,0.086,324232.32377
1798396,IT,WE,CRUDE,CHEM1,0.78,395544.831,4,4,395544.797,0.0,0.0,0.0,0.034,507108.757692
1754732,IT,KR,DAIRY,FOOD5,1.61,395542.507,5,5,395539.48,0.0,3.0,0.0,0.027,245678.575776
1656307,IT,DE,LEATH,MOTO1,2.83,395522.751,6,6,395518.683,0.0,3.0,1.0,0.068,139760.689399
1801717,IT,WE,ELEC1,ALUM1,0.06,395508.569,4,4,395508.544,0.0,0.0,0.0,0.025,6591809.483333
1682145,IT,HR,TEXTI,SALEM,2.34,395488.108,4,4,395488.056,0.0,0.0,0.0,0.052,169012.011966
1761775,IT,IN,MACHI,FURNI,2.21,395474.785,6,6,395472.753,0.0,1.0,1.0,0.032,178947.866516
1720659,IT,PL,MOTO1,TRANS,2.1,395404.62,5,5,395403.594,0.0,0.0,1.0,0.026,188287.914286
1785613,IT,ZA,GASDI,REALE,0.59,395384.92,4,4,395384.888,0.0,0.0,0.0,0.032,670143.932203
1773706,IT,CH,FURNI,SEACO,1.26,395343.6,6,6,395341.566,0.0,1.0,1.0,0.034,313764.761905
1789140,IT,WA,PLAST,OILSE,0.83,395284.613,4,4,395284.573,0.0,0.0,0.0,0.04,476246.521687
1738673,IT,GB,MACHI,PLAST,2.21,395276.373,6,6,395274.341,0.0,1.0,1.0,0.032,178858.08733
1687386,IT,HU,HOTEL,MACHI,2.86,395271.169,5,5,395270.139,0.0,1.0,0.0,0.03,138206.702448
1727948,IT,SE,OILSE,WHOLE,0.29,395252.825,5,5,395249.807,0.0,3.0,0.0,0.018,1362940.775862
1656507,IT,DE,PAPER,GLASS,1.53,395167.719,6,6,395163.68,0.0,3.0,1.0,0.039,258279.554902
1717126,IT,NL,SEACO,COMPU,0.4,395036.309,4,4,395036.302,0.0,0.0,0.0,0.007,987590.7725
1772885,IT,CH,BASIC,COLLE,0.45,395029.856,4,4,395029.831,0.0,0.0,0.0,0.025,877844.124444
1760559,IT,IN,LEATH,ELECT,2.83,394997.142,6,6,394993.074,0.0,3.0,1.0,0.068,139574.961837
1683770,IT,HR,MACHI,FINAN,2.2,394934.526,6,6,394932.494,0.0,1.0,1.0,0.032,179515.693636
1666582,IT,ES,CHEM1,RUBBE,0.83,394926.434,5,5,394925.391,0.0,0.0,1.0,0.043,475814.980723
1673778,IT,FR,PAPER,PAPE1,1.53,394913.517,6,6,394909.478,0.0,3.0,1.0,0.039,258113.409804
1782619,IT,NO,FURNI,RENTI,1.26,394869.996,6,6,394867.962,0.0,1.0,1.0,0.034,313388.885714
1655653,IT,DE,CHEMI,FOOD5,0.94,394862.53,6,6,394842.493,0.0,1.0,19.0,0.037,420066.521277
1790156,IT,WA,BASIC,LANDT,0.45,394735.96,4,4,394735.935,0.0,0.0,0.0,0.025,877191.022222
1722896,IT,PT,MOTOR,MOTOR,0.59,394731.279,4,4,394731.247,0.0,0.0,0.0,0.032,669036.066102
1802970,IT,WF,WHEAT,WOODW,0.3,394635.197,5,5,394632.187,0.0,3.0,0.0,0.01,1315450.656667
1657558,IT,DE,GLASS,ADDIT,1.08,394596.302,5,5,394594.279,0.0,0.0,2.0,0.023,365366.946296
1774119,IT,CH,WHOLE,TRANS,3.41,394585.806,6,6,394583.783,0.0,1.0,1.0,0.023,115714.31261
1724367,IT,PT,SEACO,ELEC2,0.4,394577.284,4,4,394577.277,0.0,0.0,0.0,0.007,986443.21
1644228,IT,BE,OILSE,PLAST,0.28,394559.409,5,5,394556.391,0.0,3.0,0.0,0.018,1409140.746429
1737790,IT,GB,NAPHT,MOTOR,0.67,394420.472,5,5,394419.444,0.0,0.0,1.0,0.028,588687.271642
1645756,IT,BE,RUBBE,GLASS,1.31,394415.042,6,6,394413.006,0.0,1.0,1.0,0.036,301080.184733
1733801,IT,SI,LANDT,SUPPO,2.54,394387.247,5,5,394386.228,0.0,0.0,1.0,0.019,155270.569685
1776650,IT,TR,GASDI,EDUCA,0.59,394374.035,4,4,394374.003,0.0,0.0,0.0,0.032,668430.567797
1777570,IT,TR,PREC1,CONST,0.67,394352.569,6,6,394350.551,0.0,1.0,1.0,0.018,588585.923881
1682471,IT,HR,PAPER,EDUCA,1.53,394304.67,6,6,394300.631,0.0,3.0,1.0,0.039,257715.470588
1725474,IT,RO,WEARI,MOTO1,2.97,394296.569,6,6,394294.494,0.0,1.0,1.0,0.075,132759.787542
1774679,IT,CH,AIRTR,RESEA,0.43,394254.712,4,4,394254.7,0.0,0.0,0.0,0.012,916871.423256
1654033,IT,CZ,MACHI,COLLE,2.2,394247.38,6,6,394245.348,0.0,1.0,1.0,0.032,179203.354545
1788294,IT,WA,LEATH,LEAD1,2.82,394240.798,6,6,394236.73,0.0,3.0,1.0,0.068,139801.701418
1761680,IT,IN,FABRI,WHOLE,1.6,394211.967,5,5,394210.939,0.0,0.0,1.0,0.028,246382.479375
1766017,IT,RU,CHEM1,ELECT,0.82,394203.629,5,5,394202.586,0.0,0.0,1.0,0.043,480736.132927
1712087,IT,LV,BEVER,HOTEL,1.68,394171.317,5,5,394170.292,0.0,1.0,0.0,0.025,234625.783929
1802998,IT,WF,WHEAT,OFFIC,0.3,394055.733,5,5,394052.724,0.0,3.0,0.0,0.009,1313519.11
1813353,IT,WM,FURNI,WOODW,1.26,394052.65,6,6,394050.616,0.0,1.0,1.0,0.034,312740.198413
1715713,IT,NL,PLAST,CHEM1,0.83,394035.828,4,4,394035.788,0.0,0.0,0.0,0.04,474741.961446
1653969,IT,CZ,MACHI,TEXTI,2.2,393993.782,6,6,393991.75,0.0,1.0,1.0,0.032,179088.082727
1763334,IT,MX,PAPER,BUSIN,1.53,393993.018,6,6,393988.979,0.0,3.0,1.0,0.039,257511.776471
1729094,IT,SE,RUBBE,PUBLI,1.31,393968.585,6,6,393966.549,0.0,1.0,1.0,0.036,300739.377863
1748442,IT,CN,STONE,CRUDE,1.27,393896.937,5,5,393874.919,0.0,0.0,22.0,0.018,310155.068504
1675867,IT,FR,ELEC2,POULT,0.09,393863.064,4,4,393863.023,0.0,0.0,0.0,0.041,4376256.266667
1678524,IT,GR,CEREA,STONE,0.64,393840.198,5,5,393838.176,0.0,2.0,0.0,0.022,615375.309375
1748077,IT,JP,BUSIN,SALEM,4.04,393780.159,6,6,393778.132,0.0,1.0,1.0,0.027,97470.336386
1652222,IT,CZ,FOOD5,CATTL,1.89,393743.479,5,5,393741.444,0.0,2.0,0.0,0.035,208329.883069
1781006,IT,TW,BUSIN,ELEC2,4.04,393731.092,6,6,393729.065,0.0,1.0,1.0,0.027,97458.191089
1775665,IT,TR,CEREA,PAPER,0.64,393721.969,5,5,393719.947,0.0,2.0,0.0,0.022,615190.576562
1656706,IT,DE,MOTOR,PLAST,0.59,393719.069,4,4,393719.037,0.0,0.0,0.0,0.032,667320.455932
1737627,IT,GB,PAPER,FURNI,1.53,393688.171,6,6,393684.132,0.0,3.0,1.0,0.039,257312.530065
1782463,IT,NO,MACHI,FURNI,2.2,393642.14,6,6,393640.108,0.0,1.0,1.0,0.032,178928.245455
1665867,IT,ES,PRINT,WHOLE,3.78,393618.492,6,6,393616.462,0.0,1.0,1.0,0.03,104131.87619
1675780,IT,FR,FURNI,LANDT,1.26,393587.291,6,6,393585.257,0.0,1.0,1.0,0.034,312370.865873
1647366,IT,BE,SEACO,WHOLE,0.4,393567.163,4,4,393567.156,0.0,0.0,0.0,0.007,983917.9075
1807986,IT,WF,PLAS1,FINAN,1.41,393478.746,4,4,393478.72,0.0,0.0,0.0,0.026,279062.940426
1689543,IT,IE,SEACO,SUPPO,0.4,393474.047,4,4,393474.04,0.0,0.0,0.0,0.007,983685.1175
1665377,IT,ES,TEXTI,WOODW,2.33,393462.821,4,4,393462.769,0.0,0.0,0.0,0.052,168868.163519
1679056,IT,GR,WOODW,CONST,1.1,393440.976,6,6,393436.949,0.0,3.0,1.0,0.027,357673.614545
1732954,IT,SI,ALUM1,FURNI,0.68,393427.405,5,5,393426.373,0.0,0.0,1.0,0.032,578569.713235
1750319,IT,CN,NONF1,TRAN1,0.09,393369.582,4,4,393369.58,0.0,0.0,0.0,0.002,4370773.133333
1764083,IT,MX,FABRI,FISH5,1.6,393325.919,5,5,393324.891,0.0,0.0,1.0,0.028,245828.699375
1740214,IT,GB,BUSIN,PLAST,4.04,393316.307,6,6,393314.28,0.0,1.0,1.0,0.027,97355.521535
1746502,IT,JP,CERAM,RETA1,0.61,393252.079,5,5,393250.058,0.0,0.0,2.0,0.021,644675.539344
1729080,IT,SE,RUBBE,RETA1,1.3,393223.855,6,6,393221.819,0.0,1.0,1.0,0.036,302479.888462
1643470,IT,AT,LANDT,SALEM,2.54,393201.357,5,5,393200.338,0.0,0.0,1.0,0.019,154803.683858
1782160,IT,NO,NONME,NONME,0.79,393190.537,5,5,393189.494,0.0,0.0,1.0,0.043,497709.540506
1655096,IT,CZ,COMPU,COMPU,4.49,393178.305,6,6,393176.28,0.0,1.0,1.0,0.025,87567.551225
1772210,IT,CH,GASDI,FINAN,0.59,393174.687,4,4,393174.655,0.0,0.0,0.0,0.032,666397.774576
1719287,IT,PL,CHEM1,ELEC1,0.82,393138.504,5,5,393137.461,0.0,0.0,1.0,0.043,479437.2
1656899,IT,DE,HEAVY,RESEA,0.64,393115.325,4,4,393115.293,0.0,0.0,0.0,0.032,614242.695312
1771873,IT,CH,WOODW,BUSIN,1.1,393100.123,6,6,393096.096,0.0,3.0,1.0,0.027,357363.748182
1724430,IT,PT,AIRTR,MOTO1,0.43,393092.863,4,4,393092.851,0.0,0.0,0.0,0.012,914169.448837
1788450,IT,WA,PULP5,PRINT,1.2,392992.697,6,6,392989.66,0.0,2.0,1.0,0.037,327493.914167
1766044,IT,RU,CHEM1,SUPPO,0.82,392978.198,5,5,392977.155,0.0,0.0,1.0,0.043,479241.704878
1776773,IT,TR,LIQUE,PUBLI,0.69,392946.959,4,4,392946.927,0.0,0.0,0.0,0.032,569488.346377
1650273,IT,BG,ELEC1,BIODI,0.06,392938.814,4,4,392938.789,0.0,0.0,0.0,0.025,6548980.233333
1749647,IT,CN,CHEM1,KERO1,0.82,392903.77,5,5,392902.727,0.0,0.0,1.0,0.043,479150.939024
1753138,IT,CA,RUBBE,RETA1,1.3,392850.887,6,6,392848.851,0.0,1.0,1.0,0.036,302192.99
1773445,IT,CH,OFFIC,FABRI,1.22,392819.813,5,5,392818.785,0.0,0.0,1.0,0.028,321983.453279
1762728,IT,IN,BUSIN,PFERT,4.03,392711.491,6,6,392709.464,0.0,1.0,1.0,0.027,97447.020099
1678957,IT,GR,WEARI,WEARI,2.96,392699.262,6,6,392697.187,0.0,1.0,1.0,0.075,132668.669595
1773374,IT,CH,MACHI,REALE,2.19,392681.123,6,6,392679.091,0.0,1.0,1.0,0.032,179306.448858
1811974,IT,WM,GLASS,MOTOR,1.08,392677.146,5,5,392675.124,0.0,0.0,2.0,0.022,363589.95
1773126,IT,CH,COPP1,TRANS,0.99,392655.653,6,6,392653.633,0.0,1.0,1.0,0.02,396621.871717
1643510,IT,AT,TRAN2,NATUR,0.61,392596.064,4,4,392596.053,0.0,0.0,0.0,0.011,643600.104918
1812098,IT,WM,CERAM,AUXIL,0.61,392574.503,5,5,392572.482,0.0,0.0,2.0,0.021,643564.759016
1667125,IT,ES,BASIC,BEVER,0.45,392562.901,4,4,392562.876,0.0,0.0,0.0,0.025,872362.002222
1653446,IT,CZ,NONME,NONME,0.79,392514.66,5,5,392513.617,0.0,0.0,1.0,0.043,496854.0
1796230,IT,WL,FURNI,SUPPO,1.25,392437.294,6,6,392435.26,0.0,1.0,1.0,0.034,313949.8352
1684758,IT,HU,OILSE,FOOD5,0.28,392433.206,5,5,392430.188,0.0,3.0,0.0,0.018,1401547.164286
1799661,IT,WE,MOTOR,GLASS,0.59,392392.206,4,4,392392.174,0.0,0.0,0.0,0.032,665071.535593
1677041,IT,FR,SUPPO,PRINT,2.82,392391.176,5,5,392390.157,0.0,0.0,1.0,0.019,139145.807092
1666437,IT,ES,PARAF,GASDI,0.62,392360.375,6,6,392358.346,0.0,1.0,1.0,0.029,632839.314516
1794678,IT,WL,NAPHT,BIOGA,0.67,392353.83,5,5,392352.802,0.0,0.0,1.0,0.028,585602.731343
1742413,IT,US,NONME,COMPU,0.79,392329.405,5,5,392328.362,0.0,0.0,1.0,0.043,496619.5
1810303,IT,WM,LEATH,RECRE,2.81,392294.574,6,6,392290.506,0.0,3.0,1.0,0.068,139606.609964
1670862,IT,FI,PLAST,WOODW,0.82,392217.39,4,4,392217.35,0.0,0.0,0.0,0.04,478313.890244
1748606,IT,CN,VEGE1,PUBLI,1.21,392207.029,6,6,392203.944,0.0,2.0,1.0,0.085,324138.040496
1810787,IT,WM,KEROS,NATU1,0.58,392161.618,4,4,392161.586,0.0,0.0,0.0,0.032,676140.72069
1786243,IT,ZA,FABRI,VEGET,1.6,392124.91,5,5,392123.882,0.0,0.0,1.0,0.028,245078.06875
1790013,IT,WA,NONME,CEMEN,0.79,392117.691,5,5,392116.648,0.0,0.0,1.0,0.043,496351.507595
1658482,IT,DE,FABRI,TRAN2,1.6,392060.293,5,5,392059.265,0.0,0.0,1.0,0.028,245037.683125
1794962,IT,WL,CHEM1,COPP1,0.82,391987.206,5,5,391986.163,0.0,0.0,1.0,0.043,478033.178049
1804802,IT,WF,NAPHT,LEAD1,0.67,391983.456,5,5,391982.428,0.0,0.0,1.0,0.028,585049.934328
1732856,IT,SI,BASIC,RETA1,0.45,391970.151,4,4,391970.126,0.0,0.0,0.0,0.025,871044.78
1744759,IT,US,RESEA,GASDI,2.12,391936.486,5,5,391935.459,0.0,0.0,1.0,0.027,184875.700943
1725564,IT,RO,LEATH,PUBLI,2.81,391923.002,6,6,391918.934,0.0,3.0,1.0,0.068,139474.377936
1664198,IT,EE,CERAM,RAWMI,0.61,391921.221,5,5,391919.2,0.0,0.0,2.0,0.021,642493.804918
1798254,IT,WE,VEGET,PUBLI,1.39,391916.132,5,5,391914.117,0.0,2.0,0.0,0.015,281954.051799
1749428,IT,CN,KEROS,MEMBE,0.58,391820.988,4,4,391820.956,0.0,0.0,0.0,0.032,675553.427586
1801737,IT,WE,ELEC2,FORES,0.09,391787.59,4,4,391787.549,0.0,0.0,0.0,0.041,4353195.444444
1739984,IT,GB,AUXIL,BUSIN,7.16,391781.84,4,4,391781.821,0.0,0.0,0.0,0.019,54718.134078
1668055,IT,ES,FURNI,WHOLE,1.25,391774.042,6,6,391772.008,0.0,1.0,1.0,0.034,313419.2336
1735965,IT,SK,MOTO1,RETA1,2.09,391762.756,5,5,391761.731,0.0,0.0,1.0,0.025,187446.294737
1805708,IT,WF,BASIC,PULP5,0.45,391759.813,4,4,391759.788,0.0,0.0,0.0,0.025,870577.362222
1747503,IT,JP,SEACO,RETA1,0.4,391751.842,4,4,391751.835,0.0,0.0,0.0,0.007,979379.605
1790941,IT,WA,OFFIC,RESEA,1.21,391716.46,5,5,391715.432,0.0,0.0,1.0,0.028,323732.61157
1735546,IT,SK,ALUM1,RUBBE,0.68,391685.445,5,5,391684.414,0.0,0.0,1.0,0.031,576008.007353
1672052,IT,FI,AIRTR,SUPPO,0.43,391649.725,4,4,391649.713,0.0,0.0,0.0,0.012,910813.313953
1750559,IT,CN,MACHI,93197,2.18,391648.036,6,6,391646.004,0.0,1.0,1.0,0.032,179655.062385
1782755,IT,NO,HOTEL,CRUDE,2.84,391639.899,5,5,391638.869,0.0,1.0,0.0,0.03,137901.372887
1787790,IT,WA,DAIRY,EDUCA,1.59,391627.233,5,5,391624.206,0.0,3.0,0.0,0.027,246306.435849
1799857,IT,WE,GASDI,CHEM1,0.58,391602.279,4,4,391602.247,0.0,0.0,0.0,0.032,675176.343103
1745578,IT,JP,FISH5,FISH5,1.65,391556.586,6,6,391554.385,0.0,1.0,1.0,0.201,237307.021818
1760196,IT,BR,PAPE4,CONST,2.58,391550.433,5,5,391549.41,0.0,0.0,1.0,0.023,151763.733721
1812864,IT,WM,FABRI,TRAN1,1.59,391548.881,5,5,391547.853,0.0,0.0,1.0,0.028,246257.157862
1769292,IT,AU,RUBBE,RETA1,1.3,391543.383,6,6,391541.347,0.0,1.0,1.0,0.036,301187.217692
1777353,IT,TR,GLASS,SALEM,1.07,391539.685,5,5,391537.663,0.0,0.0,2.0,0.022,365924.939252
1729212,IT,SE,CERAM,ELECT,0.61,391513.202,5,5,391511.181,0.0,0.0,2.0,0.021,641824.921311
1738775,IT,GB,OFFIC,MACHI,1.21,391446.313,5,5,391445.285,0.0,0.0,1.0,0.028,323509.349587
1772582,IT,CH,RUBBE,RENTI,1.3,391376.625,6,6,391374.59,0.0,1.0,1.0,0.035,301058.942308
1758064,IT,BR,GLASS,VEGET,1.07,391357.19,5,5,391355.168,0.0,0.0,2.0,0.022,365754.383178
1661432,IT,DK,DAIRY,RAWMI,1.59,391334.725,5,5,391331.699,0.0,3.0,0.0,0.026,246122.468553
1801351,IT,WE,MACHI,MEDIC,2.18,391306.984,6,6,391304.952,0.0,1.0,1.0,0.032,179498.616514
1806502,IT,WF,TRANS,SUPPO,2.33,391195.21,5,5,391194.189,0.0,0.0,1.0,0.021,167894.939914
1796014,IT,WL,MOTO1,SUPPO,2.08,391191.234,5,5,391190.209,0.0,0.0,1.0,0.025,188072.708654
1732221,IT,SI,HEAVY,RETA1,0.63,391088.358,4,4,391088.327,0.0,0.0,0.0,0.031,620775.171429
1736294,IT,SK,HOTEL,CONST,2.83,391082.913,5,5,391081.884,0.0,1.0,0.0,0.029,138191.842049
1655809,IT,DE,VEGE1,FISH5,1.2,391076.243,6,6,391073.158,0.0,2.0,1.0,0.085,325896.869167
1776889,IT,TR,PLAST,MEATC,0.82,391062.887,4,4,391062.847,0.0,0.0,0.0,0.04,476905.959756
1730652,IT,SE,RENTI,LANDT,2.34,391039.948,5,5,391038.926,0.0,0.0,1.0,0.022,167111.088889
1686331,IT,HU,NONME,ALUM1,0.79,390963.337,5,5,390962.294,0.0,0.0,1.0,0.043,494890.3
1682529,IT,HR,COKEO,WHOLE,0.05,390924.776,4,4,390924.774,0.0,0.0,0.0,0.002,7818495.52
1749894,IT,CN,RUBBE,PUBLI,1.3,390917.787,6,6,390915.752,0.0,1.0,1.0,0.035,300705.99
1806337,IT,WF,OFFIC,EDUCA,1.21,390803.729,5,5,390802.701,0.0,0.0,1.0,0.028,322978.28843
1756275,IT,KR,OFFIC,COMPU,1.21,390784.739,5,5,390783.711,0.0,0.0,1.0,0.028,322962.594215
1741586,IT,US,GASDI,DIST1,0.58,390784.337,4,4,390784.305,0.0,0.0,0.0,0.032,673766.098276
1731898,IT,SI,COKEO,ALUM1,0.05,390680.322,4,4,390680.32,0.0,0.0,0.0,0.002,7813606.44
1645110,IT,BE,PAPER,PUBLI,1.51,390622.166,6,6,390618.127,0.0,3.0,1.0,0.039,258690.176159
1755676,IT,KR,RUBBE,TRANS,1.29,390541.737,6,6,390539.702,0.0,1.0,1.0,0.035,302745.532558
1754106,IT,CA,AIRTR,OFFIC,0.43,390539.89,4,4,390539.878,0.0,0.0,0.0,0.012,908232.302326
1659912,IT,DE,TRAN2,NAPHT,0.6,390528.919,4,4,390528.908,0.0,0.0,0.0,0.011,650881.531667
1674360,IT,FR,CHEM1,CERAM,0.82,390474.521,5,5,390473.478,0.0,0.0,1.0,0.043,476188.440244
1756753,IT,KR,AIRTR,COKEO,0.43,390466.493,4,4,390466.481,0.0,0.0,0.0,0.012,908061.611628
1790817,IT,WA,MACHI,FOUND,2.18,390369.031,6,6,390366.999,0.0,1.0,1.0,0.032,179068.362844
1773243,IT,CH,FABRI,HOTEL,1.59,390357.347,5,5,390356.319,0.0,0.0,1.0,0.028,245507.765409
1781634,IT,NO,LEATH,MEATC,2.79,390235.066,6,6,390230.998,0.0,3.0,1.0,0.068,139869.199283
1681813,IT,HR,MEAT4,MEAT4,2.15,390228.731,5,5,390226.704,0.0,2.0,0.0,0.027,181501.735349
1811898,IT,WM,RUBBE,ELECT,1.29,390165.449,6,6,390163.414,0.0,1.0,1.0,0.035,302453.836434
1753356,IT,CA,PREC1,PREC1,0.66,390106.135,6,6,390104.117,0.0,1.0,1.0,0.018,591069.901515
1777489,IT,TR,BASIC,CHEM1,0.45,390081.447,4,4,390081.422,0.0,0.0,0.0,0.025,866847.66
1640469,IT,AT,DAIRY,FOOD5,1.58,390054.351,5,5,390051.325,0.0,3.0,0.0,0.026,246869.842405
1667067,IT,ES,NONME,MACHI,0.79,390002.038,5,5,390000.995,0.0,0.0,1.0,0.043,493673.465823
1665924,IT,ES,MOTOR,VEGET,0.58,390001.3,4,4,390001.268,0.0,0.0,0.0,0.032,672416.034483
1749661,IT,CN,CHEM1,NFERT,0.82,389995.241,5,5,389994.198,0.0,0.0,1.0,0.043,475603.952439
1766512,IT,RU,COPP1,COKIN,0.99,389959.8,6,6,389957.78,0.0,1.0,1.0,0.02,393898.787879
1728900,IT,SE,CHEM1,PRINT,0.81,389910.249,5,5,389909.206,0.0,0.0,1.0,0.043,481370.677778
1732180,IT,SI,GASDI,RENTI,0.58,389857.29,4,4,389857.258,0.0,0.0,0.0,0.032,672167.741379
1790018,IT,WA,NONME,NONF1,0.79,389827.752,5,5,389826.709,0.0,0.0,1.0,0.043,493452.850633
1767505,IT,RU,SEACO,MOTO1,0.4,389808.648,4,4,389808.641,0.0,0.0,0.0,0.007,974521.62
1774745,IT,CH,SUPPO,AIRTR,2.8,389792.06,5,5,389791.041,0.0,0.0,1.0,0.019,139211.45
1751494,IT,CN,AIRTR,93197,0.42,389689.519,4,4,389689.507,0.0,0.0,0.0,0.012,927832.188095
1756105,IT,KR,FABRI,WHOLE,1.59,389687.567,5,5,389686.539,0.0,0.0,1.0,0.028,245086.520126
1653884,IT,CZ,FABRI,ELECT,1.59,389673.945,5,5,389672.917,0.0,0.0,1.0,0.028,245077.95283
1680377,IT,GR,ELEC2,CEMEN,0.09,389650.004,4,4,389649.963,0.0,0.0,0.0,0.041,4329444.488889
1687993,IT,HU,RENTI,CONST,2.33,389623.402,5,5,389622.38,0.0,0.0,1.0,0.022,167220.344206
1666749,IT,ES,RUBBE,BIOGA,1.29,389620.361,6,6,389618.326,0.0,1.0,1.0,0.035,302031.287597
1798899,IT,WE,BEVER,REALE,1.66,389579.289,5,5,389578.264,0.0,1.0,0.0,0.025,234686.318675
1679421,IT,GR,CHEM1,WHEAT,0.81,389572.797,5,5,389571.754,0.0,0.0,1.0,0.043,480954.07037
1776306,IT,TR,PAPER,GLASS,1.51,389507.214,6,6,389503.176,0.0,3.0,1.0,0.038,257951.797351
1655947,IT,DE,FOOD5,CATTL,1.87,389445.881,5,5,389443.846,0.0,2.0,0.0,0.035,208259.829412
1655346,IT,DE,VEGET,BUSIN,1.38,389434.83,5,5,389432.815,0.0,2.0,0.0,0.015,282199.152174
1738305,IT,GB,BASIC,PLAST,0.45,389433.004,4,4,389432.979,0.0,0.0,0.0,0.025,865406.675556
1674085,IT,FR,GASDI,RECRE,0.58,389429.699,4,4,389429.667,0.0,0.0,0.0,0.032,671430.515517
1799408,IT,WE,PAPER,CATTL,1.51,389390.297,6,6,389386.259,0.0,3.0,1.0,0.038,257874.368874
1641807,IT,AT,CHEM1,FURNI,0.81,389378.345,5,5,389377.302,0.0,0.0,1.0,0.043,480714.006173
1744035,IT,US,AIRTR,RETA1,0.42,389362.248,4,4,389362.236,0.0,0.0,0.0,0.012,927052.971429
1772090,IT,CH,COKEO,DAIRY,0.05,389352.949,4,4,389352.947,0.0,0.0,0.0,0.002,7787058.98
1675840,IT,FR,ELEC1,MOTO1,0.06,389348.142,4,4,389348.117,0.0,0.0,0.0,0.025,6489135.7
1719517,IT,PL,GLASS,PLAST,1.07,389166.889,5,5,389164.867,0.0,0.0,2.0,0.022,363707.372897
1722897,IT,PT,MOTOR,KEROS,0.58,389147.955,4,4,389147.923,0.0,0.0,0.0,0.032,670944.75
1789143,IT,WA,PLAST,CROPS,0.82,389132.269,4,4,389132.229,0.0,0.0,0.0,0.04,474551.547561
1742084,IT,US,RUBBE,PFERT,1.29,389131.235,6,6,389129.2,0.0,1.0,1.0,0.035,301652.120155
1726016,IT,RO,CHEM1,SALEM,0.81,389103.556,5,5,389102.514,0.0,0.0,1.0,0.042,480374.760494
1660056,IT,DE,AIRTR,HEAVY,0.42,389065.172,4,4,389065.16,0.0,0.0,0.0,0.012,926345.647619
1790026,IT,WA,NONME,FURNI,0.79,389031.353,5,5,389030.31,0.0,0.0,1.0,0.043,492444.750633
1800753,IT,WE,NONME,NONME,0.79,389026.25,5,5,389025.207,0.0,0.0,1.0,0.043,492438.291139
1665786,IT,ES,PAPER,RESEA,1.51,389017.657,6,6,389013.619,0.0,3.0,1.0,0.038,257627.587417
1674979,IT,FR,PREC1,MOTOR,0.66,389007.426,6,6,389005.408,0.0,1.0,1.0,0.018,589405.190909
1800292,IT,WE,PLAST,AUXIL,0.82,388985.026,4,4,388984.986,0.0,0.0,0.0,0.04,474371.982927
1755300,IT,KR,PAPER,HOTEL,1.51,388981.186,6,6,388977.148,0.0,3.0,1.0,0.038,257603.434437
1801516,IT,WE,MOTO1,HOTEL,2.07,388880.372,5,5,388879.347,0.0,0.0,1.0,0.025,187864.91401
1810661,IT,WM,MOTOR,NONFE,0.58,388839.539,4,4,388839.507,0.0,0.0,0.0,0.032,670412.998276
1756016,IT,KR,NONF1,BASIC,0.09,388824.479,4,4,388824.477,0.0,0.0,0.0,0.002,4320271.988889
1729224,IT,SE,CERAM,BLAST,0.61,388817.541,5,5,388815.52,0.0,0.0,2.0,0.021,637405.804918
1805221,IT,WF,CHEM1,NONME,0.81,388718.803,5,5,388717.761,0.0,0.0,1.0,0.042,479899.75679
1683894,IT,HR,TRANS,PUBLI,2.32,388667.045,5,5,388666.024,0.0,0.0,1.0,0.021,167528.898707
1662662,IT,DK,MACHI,ALUM1,2.17,388638.893,6,6,388636.861,0.0,1.0,1.0,0.032,179096.264055
1737041,IT,GB,STONE,EDUCA,1.26,388551.445,5,5,388529.427,0.0,0.0,22.0,0.018,308374.162698
1810913,IT,WM,GASDI,CATTL,0.58,388542.359,4,4,388542.327,0.0,0.0,0.0,0.032,669900.618966
1778891,IT,TR,SEACO,SUGA1,0.4,388485.464,4,4,388485.457,0.0,0.0,0.0,0.007,971213.66
1799071,IT,WE,TEXTI,BUSIN,2.3,388446.464,4,4,388446.412,0.0,0.0,0.0,0.052,168889.766957
1739086,IT,GB,WHOLE,CHEMI,3.36,388445.44,6,6,388443.417,0.0,1.0,1.0,0.023,115608.761905
1798243,IT,WE,VEGET,HOTEL,1.37,388334.334,5,5,388332.319,0.0,2.0,0.0,0.015,283455.718248
1756714,IT,KR,SEACO,RETA1,0.39,388318.471,4,4,388318.464,0.0,0.0,0.0,0.007,995688.387179
1713604,IT,MT,BASIC,MOTO1,0.45,388281.777,4,4,388281.752,0.0,0.0,0.0,0.025,862848.393333
1811444,IT,WM,PLAST,CHARC,0.81,388278.291,4,4,388278.252,0.0,0.0,0.0,0.039,479355.914815
1722306,IT,PT,VEGET,VEGET,1.37,388267.916,5,5,388265.901,0.0,2.0,0.0,0.015,283407.237956
1739322,IT,GB,HOTEL,RESEA,2.81,388238.721,5,5,388237.692,0.0,1.0,0.0,0.029,138163.245907
1741991,IT,US,ADDIT,BITUM,0.9,388213.145,6,6,388209.115,0.0,3.0,1.0,0.03,431347.938889
1798870,IT,WE,BEVER,FOOD5,1.65,388135.184,5,5,388134.159,0.0,1.0,0.0,0.025,235233.444848
1759297,IT,BR,POSTT,RETA1,6.39,387995.481,5,5,387994.451,0.0,0.0,1.0,0.03,60719.167606
1755870,IT,KR,NONME,CEMEN,0.78,387955.614,5,5,387954.571,0.0,0.0,1.0,0.043,497378.992308
1741914,IT,US,CHEM1,BRICK,0.81,387910.573,5,5,387909.531,0.0,0.0,1.0,0.042,478901.941975
1641523,IT,AT,HEAVY,RUBBE,0.63,387901.655,4,4,387901.624,0.0,0.0,0.0,0.031,615716.912698
1774366,IT,CH,HOTEL,TRAN2,2.81,387897.987,5,5,387896.958,0.0,1.0,0.0,0.029,138041.988256
1685113,IT,HU,FOOD5,FABRI,1.86,387892.475,5,5,387890.44,0.0,2.0,0.0,0.035,208544.341398
1646877,IT,BE,WHOLE,FOOD5,3.35,387876.775,6,6,387874.753,0.0,1.0,1.0,0.022,115784.11194
1675536,IT,FR,MOTO1,VEGET,2.06,387837.732,5,5,387836.707,0.0,0.0,1.0,0.025,188270.743689
1667202,IT,ES,PREC1,WOODW,0.66,387811.452,6,6,387809.434,0.0,1.0,1.0,0.018,587593.109091
1737707,IT,GB,KEROS,GASDI,0.58,387743.284,4,4,387743.252,0.0,0.0,0.0,0.032,668522.903448
1723257,IT,PT,GLASS,WOODW,1.06,387730.424,5,5,387728.402,0.0,0.0,2.0,0.022,365783.418868
1656508,IT,DE,PAPER,CERAM,1.5,387666.394,6,6,387662.356,0.0,3.0,1.0,0.038,258444.262667
1799924,IT,WE,HEAVY,ANIMA,0.63,387614.511,4,4,387614.48,0.0,0.0,0.0,0.031,615261.128571
1683682,IT,HR,FABRI,COMPU,1.58,387583.19,5,5,387582.162,0.0,0.0,1.0,0.028,245305.816456
1791697,IT,WA,HOTEL,RESEA,2.81,387545.218,5,5,387544.189,0.0,1.0,0.0,0.029,137916.447687
1641957,IT,AT,RUBBE,TEXTI,1.28,387515.559,6,6,387513.524,0.0,1.0,1.0,0.035,302746.530469
1728138,IT,SE,DAIRY,FISHF,1.57,387512.902,5,5,387509.876,0.0,3.0,0.0,0.026,246823.504459
1674267,IT,FR,PARAF,GASDI,0.61,387501.561,6,6,387499.533,0.0,1.0,1.0,0.028,635248.460656
1686246,IT,HU,CERAM,CERAM,0.6,387490.584,5,5,387488.563,0.0,0.0,2.0,0.021,645817.64
1749155,IT,CN,PULP5,CRUDE,1.18,387470.202,6,6,387467.166,0.0,2.0,1.0,0.036,328364.577966
1713607,IT,MT,BASIC,CONST,0.45,387449.275,4,4,387449.251,0.0,0.0,0.0,0.024,860998.388889
1789625,IT,WA,RUBBE,FISH5,1.28,387397.444,6,6,387395.409,0.0,1.0,1.0,0.035,302654.253125
1777066,IT,TR,CHEM1,MEDIC,0.81,387389.715,5,5,387388.673,0.0,0.0,1.0,0.042,478258.907407
1675624,IT,FR,MOTO1,COMPU,2.06,387382.002,5,5,387380.977,0.0,0.0,1.0,0.025,188049.515534
1774673,IT,CH,AIRTR,POSTT,0.42,387337.418,4,4,387337.406,0.0,0.0,0.0,0.012,922231.947619
1759088,IT,BR,AIRTR,MEATC,0.42,387329.603,4,4,387329.591,0.0,0.0,0.0,0.012,922213.340476
1729452,IT,SE,PREC1,FOUND,0.66,387299.862,6,6,387297.844,0.0,1.0,1.0,0.018,586817.972727
1709771,IT,LT,RUBBE,MEATP,1.28,387269.565,6,6,387267.53,0.0,1.0,1.0,0.035,302554.347656
1789546,IT,WA,ADDIT,PUBLI,0.9,387252.031,6,6,387248.001,0.0,3.0,1.0,0.03,430280.034444
1649093,IT,BG,PAPER,PFERT,1.5,387232.758,6,6,387228.72,0.0,3.0,1.0,0.038,258155.172
1732346,IT,SI,NAPHT,RESEA,0.66,387211.42,5,5,387210.392,0.0,0.0,1.0,0.028,586683.969697
1716139,IT,NL,PREC1,FURNI,0.66,387117.307,6,6,387115.289,0.0,1.0,1.0,0.018,586541.374242
1683543,IT,HR,ALUM1,RETA1,0.67,387108.57,5,5,387107.539,0.0,0.0,1.0,0.031,577773.985075
1742912,IT,US,MACHI,NONME,2.16,387060.853,6,6,387058.821,0.0,1.0,1.0,0.032,179194.839352
1787609,IT,WA,MEAT1,HOTEL,1.81,387015.736,6,6,387013.688,0.0,1.0,1.0,0.048,213820.848619
1735975,IT,SK,MOTO1,RESEA,2.06,386902.489,5,5,386901.464,0.0,0.0,1.0,0.025,187816.742233
1731167,IT,SI,SANDC,COPP1,0.89,386896.912,5,5,386811.898,0.0,0.0,85.0,0.014,434715.631461
1756795,IT,KR,AIRTR,REALE,0.42,386892.83,4,4,386892.818,0.0,0.0,0.0,0.012,921173.404762
1646116,IT,BE,BASIC,WASTE,0.45,386828.802,4,4,386828.778,0.0,0.0,0.0,0.024,859619.56
1814075,IT,WM,AIRTR,MEAT1,0.42,386724.994,4,4,386724.982,0.0,0.0,0.0,0.012,920773.795238
1728053,IT,SE,MEATC,HOTEL,1.29,386689.865,5,5,386683.84,0.0,6.0,0.0,0.025,299759.585271
1723116,IT,PT,CHEM1,RETA1,0.81,386672.076,5,5,386671.034,0.0,0.0,1.0,0.042,477372.933333
1709447,IT,LT,TEXTI,CHEM1,2.29,386611.102,4,4,386611.051,0.0,0.0,0.0,0.051,168825.808734
1805172,IT,WF,CHEM1,NATU1,0.81,386605.678,5,5,386604.636,0.0,0.0,1.0,0.042,477290.960494
1768348,IT,AU,MEAT4,SUGA1,2.13,386572.481,5,5,386570.455,0.0,2.0,0.0,0.026,181489.4277
1793581,IT,WL,VEGE1,RAWMI,1.19,386532.72,6,6,386529.636,0.0,2.0,1.0,0.084,324817.411765
1803861,IT,WF,TEXTI,POSTT,2.29,386469.692,4,4,386469.641,0.0,0.0,0.0,0.051,168764.057642
1731658,IT,SI,WOODW,WEARI,1.08,386417.866,6,6,386414.84,0.0,2.0,1.0,0.026,357794.32037
1765780,IT,RU,MOTOR,COKEO,0.58,386393.741,4,4,386393.71,0.0,0.0,0.0,0.031,666196.105172
1758503,IT,BR,MACHI,ALUM1,2.16,386351.346,6,6,386349.314,0.0,1.0,1.0,0.032,178866.363889
1717231,IT,NL,SUPPO,BUSIN,2.78,386349.066,5,5,386348.047,0.0,0.0,1.0,0.019,138974.484173
1642076,IT,AT,GLASS,GLASS,1.06,386335.097,5,5,386333.075,0.0,0.0,2.0,0.022,364467.072642
1800617,IT,WE,GLASS,FURNI,1.06,386333.783,5,5,386331.761,0.0,0.0,2.0,0.022,364465.833019
1645142,IT,BE,PRINT,PRINT,3.71,386185.034,6,6,386183.005,0.0,1.0,1.0,0.029,104093.001078
1812047,IT,WM,CERAM,PROCE,0.6,386146.104,5,5,386144.083,0.0,0.0,2.0,0.021,643576.84
1760721,IT,IN,PAPER,HOTEL,1.5,386110.095,6,6,386106.057,0.0,3.0,1.0,0.038,257406.73
1711045,IT,LU,BASIC,RADIO,0.44,386093.018,4,4,386092.994,0.0,0.0,0.0,0.024,877484.131818
1679950,IT,GR,FABRI,RUBBE,1.57,386088.894,5,5,386087.866,0.0,0.0,1.0,0.028,245916.492994
1751420,IT,CN,SEACO,COMPU,0.39,386081.81,4,4,386081.803,0.0,0.0,0.0,0.007,989953.358974
1656741,IT,DE,MOTOR,PUBLI,0.58,386050.793,4,4,386050.762,0.0,0.0,0.0,0.031,665604.815517
1712987,IT,MT,STONE,CONST,1.25,386022.271,5,5,386000.253,0.0,0.0,22.0,0.018,308817.8168
1774678,IT,CH,AIRTR,COMPU,0.42,385994.329,4,4,385994.317,0.0,0.0,0.0,0.012,919034.116667
1680871,IT,GR,LANDT,KEROS,2.49,385964.138,5,5,385963.12,0.0,0.0,1.0,0.018,155005.677912
1741431,IT,US,MOTOR,KEROS,0.58,385927.842,4,4,385927.811,0.0,0.0,0.0,0.031,665392.831034
1773664,IT,CH,FURNI,PRINT,1.23,385890.012,6,6,385887.979,0.0,1.0,1.0,0.033,313731.717073
1713726,IT,MT,MACHI,CONST,2.15,385873.469,6,6,385871.437,0.0,1.0,1.0,0.032,179476.032093
1780953,IT,TW,BUSIN,DAIRY,3.96,385780.825,6,6,385778.798,0.0,1.0,1.0,0.027,97419.400253
1720970,IT,PL,WHOLE,WHOLE,3.33,385761.913,6,6,385759.891,0.0,1.0,1.0,0.022,115844.418318
1810816,IT,WM,KEROS,REFI1,0.57,385697.582,4,4,385697.551,0.0,0.0,0.0,0.031,676662.424561
1747553,IT,JP,AIRTR,KERO1,0.42,385686.933,4,4,385686.921,0.0,0.0,0.0,0.012,918302.221429
1731115,IT,SI,FISHF,HOTEL,0.66,385599.918,4,4,385599.904,0.0,0.0,0.0,0.014,584242.3
1642369,IT,AT,BASIC,POSTT,0.44,385553.86,4,4,385553.836,0.0,0.0,0.0,0.024,876258.772727
1742182,IT,US,GLASS,MACHI,1.06,385548.094,5,5,385546.072,0.0,0.0,2.0,0.022,363724.616981
1738065,IT,GB,RUBBE,CEMEN,1.28,385541.271,6,6,385539.236,0.0,1.0,1.0,0.035,301204.117969
1679568,IT,GR,RUBBE,RUBBE,1.28,385521.755,6,6,385519.72,0.0,1.0,1.0,0.035,301188.871094
1713452,IT,MT,CHEM1,PLAST,0.81,385482.824,5,5,385481.782,0.0,0.0,1.0,0.042,475904.720988
1811662,IT,WM,CHEM1,TRAN1,0.81,385478.922,5,5,385477.88,0.0,0.0,1.0,0.042,475899.903704
1766402,IT,RU,BASIC,FOUND,0.44,385468.846,4,4,385468.822,0.0,0.0,0.0,0.024,876065.559091
1735222,IT,SK,RUBBE,BUSIN,1.28,385333.291,6,6,385331.256,0.0,1.0,1.0,0.035,301041.633594
1761568,IT,IN,COPP1,OFFIC,0.97,385322.808,6,6,385320.788,0.0,1.0,1.0,0.02,397240.008247
1752160,IT,CN,BUSIN,EDUCA,3.96,385262.448,6,6,385260.421,0.0,1.0,1.0,0.027,97288.49697
1755975,IT,KR,ALUM1,ALUM1,0.67,385246.698,5,5,385245.667,0.0,0.0,1.0,0.031,574995.071642
1659491,IT,DE,RETA1,GLASS,4.02,385222.866,6,6,385220.841,0.0,1.0,1.0,0.025,95826.583582
1803405,IT,WF,CHEMI,HEALT,0.92,385209.063,6,6,385189.027,0.0,1.0,19.0,0.036,418705.503261
1804353,IT,WF,MOTOR,AUXIL,0.58,385150.542,4,4,385150.511,0.0,0.0,0.0,0.031,664052.658621
1664356,IT,EE,FABRI,CONST,1.57,385148.394,5,5,385147.366,0.0,0.0,1.0,0.028,245317.448408
1761073,IT,IN,PLAST,93197,0.81,385138.158,4,4,385138.119,0.0,0.0,0.0,0.039,475479.207407
1757663,IT,BR,HEAVY,LIQUE,0.62,385130.014,4,4,385129.983,0.0,0.0,0.0,0.031,621177.441935
1794004,IT,WL,WOODW,WHOLE,1.08,385053.497,6,6,385050.471,0.0,2.0,1.0,0.026,356531.015741
1806219,IT,WF,MACHI,MEAT4,2.15,385032.14,6,6,385030.108,0.0,1.0,1.0,0.032,179084.716279
1811786,IT,WM,ADDIT,CONST,0.89,385012.05,6,6,385008.02,0.0,3.0,1.0,0.03,432597.808989
1675151,IT,FR,COPP1,RENTI,0.97,384972.373,6,6,384970.353,0.0,1.0,1.0,0.02,396878.735052
1775171,IT,CH,RESEA,HEAVY,2.09,384936.681,5,5,384935.654,0.0,0.0,1.0,0.027,184180.230144
1720422,IT,PL,MACHI,HEAVY,2.15,384899.749,6,6,384897.717,0.0,1.0,1.0,0.032,179023.13907
1805952,IT,WF,LEAD1,HEALT,0.67,384886.343,6,6,384883.311,0.0,1.0,2.0,0.032,574457.228358
1739880,IT,GB,FINAN,DISTR,5.01,384886.176,4,4,384886.165,0.0,0.0,0.0,0.011,76823.588024
1800026,IT,WE,HEAVY,FINAN,0.62,384780.866,4,4,384780.835,0.0,0.0,0.0,0.031,620614.3
1773365,IT,CH,MACHI,TRAN2,2.15,384776.039,6,6,384774.007,0.0,1.0,1.0,0.032,178965.599535
1809560,IT,WM,VEGE1,BEVER,1.18,384768.596,6,6,384765.512,0.0,2.0,1.0,0.084,326075.081356
1809004,IT,WM,VEGET,LIQUE,1.36,384737.133,5,5,384735.118,0.0,2.0,0.0,0.015,282894.950735
1655349,IT,DE,VEGET,HEALT,1.36,384650.519,5,5,384648.504,0.0,2.0,0.0,0.015,282831.263971
1666270,IT,ES,HEAVY,RESEA,0.62,384629.382,4,4,384629.351,0.0,0.0,0.0,0.031,620369.970968
1749857,IT,CN,RUBBE,MEDIC,1.27,384603.78,6,6,384601.745,0.0,1.0,1.0,0.035,302837.622047
1675914,IT,FR,ELEC2,SUPPO,0.09,384562.69,4,4,384562.65,0.0,0.0,0.0,0.04,4272918.777778
1686408,IT,HU,BASIC,BRICK,0.44,384546.806,4,4,384546.782,0.0,0.0,0.0,0.024,873970.013636
1764308,IT,MX,MACHI,93197,2.15,384534.95,6,6,384532.918,0.0,1.0,1.0,0.032,178853.465116
1659006,IT,DE,ELEC2,GASDI,0.09,384502.9,4,4,384502.86,0.0,0.0,0.0,0.04,4272254.444444
1773469,IT,CH,OFFIC,SEACO,1.19,384452.671,5,5,384451.643,0.0,0.0,1.0,0.028,323069.471429
1810238,IT,WM,LEATH,GASDI,2.75,384433.502,6,6,384429.435,0.0,3.0,1.0,0.067,139794.000727
1795184,IT,WL,RUBBE,RECRE,1.27,384404.104,6,6,384402.069,0.0,1.0,1.0,0.035,302680.39685
1789208,IT,WA,PLAST,CEMEN,0.81,384348.203,4,4,384348.164,0.0,0.0,0.0,0.039,474503.954321
1641470,IT,AT,GASDI,RESEA,0.57,384266.543,4,4,384266.512,0.0,0.0,0.0,0.031,674151.829825
1752161,IT,CN,BUSIN,HEALT,3.95,384264.446,6,6,384262.419,0.0,1.0,1.0,0.027,97282.138228
1790541,IT,WA,NONF1,WOODW,0.08,384232.577,4,4,384232.575,0.0,0.0,0.0,0.002,4802907.2125
1690213,IT,IE,BUSIN,WHOLE,3.95,384232.471,6,6,384230.444,0.0,1.0,1.0,0.027,97274.043291
1785203,IT,ZA,BEVER,MACHI,1.63,384129.261,5,5,384128.236,0.0,1.0,0.0,0.025,235662.123313
1796797,IT,WL,TRAN2,CRUDE,0.59,384116.217,4,4,384116.206,0.0,0.0,0.0,0.011,651044.435593
1795366,IT,WL,BASIC,NATUR,0.44,384107.287,4,4,384107.263,0.0,0.0,0.0,0.024,872971.106818
1773281,IT,CH,MACHI,VEGET,2.14,384006.07,6,6,384004.038,0.0,1.0,1.0,0.032,179442.088785
1803668,IT,WF,BEVER,CATTL,1.63,383987.105,5,5,383986.08,0.0,1.0,0.0,0.025,235574.911043
1804550,IT,WF,HEAVY,WHEAT,0.62,383976.676,4,4,383976.645,0.0,0.0,0.0,0.031,619317.219355
1682530,IT,HR,COKEO,RETA1,0.05,383928.881,4,4,383928.879,0.0,0.0,0.0,0.002,7678577.62
1804813,IT,WF,NAPHT,ELEC1,0.65,383903.56,5,5,383902.533,0.0,0.0,1.0,0.027,590620.861538
1755142,IT,KR,LEATH,ELECT,2.75,383898.605,6,6,383894.539,0.0,3.0,1.0,0.066,139599.492727
1812772,IT,WM,NONF1,RECRE,0.08,383885.109,4,4,383885.107,0.0,0.0,0.0,0.002,4798563.8625
1713915,IT,MT,ELEC7,COMPU,0.26,383867.111,4,4,383867.106,0.0,0.0,0.0,0.005,1476411.965385
1667536,IT,ES,FABRI,ELEC3,1.56,383839.674,5,5,383838.646,0.0,0.0,1.0,0.028,246051.073077
1670361,IT,FI,DAIRY,DAIRY,1.56,383832.556,5,5,383829.53,0.0,3.0,0.0,0.026,246046.510256
1776754,IT,TR,LIQUE,TRAN1,0.67,383787.763,4,4,383787.732,0.0,0.0,0.0,0.031,572817.556716
1785792,IT,ZA,CHEM1,RAWMI,0.8,383768.245,5,5,383767.203,0.0,0.0,1.0,0.042,479710.30625
1646112,IT,BE,BASIC,OILHA,0.44,383723.279,4,4,383723.255,0.0,0.0,0.0,0.024,872098.361364
1813905,IT,WM,LANDT,LANDT,2.47,383641.339,5,5,383640.321,0.0,0.0,1.0,0.018,155320.380162
1665773,IT,ES,PAPER,RETA1,1.49,383629.185,6,6,383625.147,0.0,3.0,1.0,0.038,257469.251678
1729492,IT,SE,ALUM1,OFFIC,0.67,383610.867,5,5,383609.836,0.0,0.0,1.0,0.031,572553.532836
1656634,IT,DE,PRINT,SUPPO,3.68,383603.012,6,6,383600.983,0.0,1.0,1.0,0.029,104239.948913
1650075,IT,BG,MACHI,RAILW,2.14,383562.747,6,6,383560.715,0.0,1.0,1.0,0.032,179234.928505
1794920,IT,WL,CHEM1,FISH5,0.8,383561.474,5,5,383560.432,0.0,0.0,1.0,0.042,479451.8425
1780958,IT,TW,BUSIN,TOBAC,3.94,383532.046,6,6,383530.02,0.0,1.0,1.0,0.026,97343.158883
1676891,IT,FR,TRAN2,RETAI,0.59,383450.16,4,4,383450.149,0.0,0.0,0.0,0.011,649915.525424
1737913,IT,GB,CHEM1,FISH5,0.8,383410.554,5,5,383409.512,0.0,0.0,1.0,0.042,479263.1925
1640984,IT,AT,WOODW,RETA1,1.07,383406.708,6,6,383403.682,0.0,2.0,1.0,0.026,358324.026168
1675823,IT,FR,ELEC1,BEVER,0.05,383398.058,4,4,383398.034,0.0,0.0,0.0,0.024,7667961.16
1718491,IT,PL,TEXTI,FABRI,2.27,383387.386,4,4,383387.335,0.0,0.0,0.0,0.051,168893.121586
1806224,IT,WF,MACHI,FOOD5,2.14,383357.385,6,6,383355.354,0.0,1.0,1.0,0.031,179138.964953
1711594,IT,LU,FINAN,BUSIN,4.99,383233.806,4,4,383233.795,0.0,0.0,0.0,0.011,76800.361924
1772208,IT,CH,GASDI,SUPPO,0.57,383226.825,4,4,383226.794,0.0,0.0,0.0,0.031,672327.763158
1752077,IT,CN,BUSIN,WEARI,3.94,383188.921,6,6,383186.895,0.0,1.0,1.0,0.026,97256.07132
1731662,IT,SI,WOODW,PAPER,1.07,383151.881,6,6,383148.855,0.0,2.0,1.0,0.026,358085.870093
1805955,IT,WF,LEAD1,93197,0.67,383121.619,6,6,383118.587,0.0,1.0,2.0,0.032,571823.31194
1748881,IT,CN,WEARI,LEATH,2.89,383074.676,6,6,383072.603,0.0,1.0,1.0,0.073,132551.791003
1777335,IT,TR,GLASS,MACHI,1.05,383072.88,5,5,383070.858,0.0,0.0,2.0,0.022,364831.314286
1772681,IT,CH,CERAM,WOODW,0.6,383063.351,5,5,383061.33,0.0,0.0,2.0,0.021,638438.918333
1774663,IT,CH,AIRTR,CONST,0.42,383040.893,4,4,383040.881,0.0,0.0,0.0,0.012,912002.12619
1774488,IT,CH,LANDT,MACHI,2.47,383039.367,5,5,383038.349,0.0,0.0,1.0,0.018,155076.666802
1669773,IT,ES,BUSIN,CHEM1,3.93,383018.397,6,6,383016.371,0.0,1.0,1.0,0.026,97460.151908
1678902,IT,GR,TEXTI,TEXTI,2.27,383009.535,4,4,383009.484,0.0,0.0,0.0,0.051,168726.667401
1791227,IT,WA,FURNI,ELEC2,1.22,383006.095,6,6,383004.062,0.0,1.0,1.0,0.033,313939.422131
1798259,IT,WE,VEGET,93197,1.36,382971.252,5,5,382969.237,0.0,2.0,0.0,0.015,281596.508824
1813778,IT,WM,HOTEL,AUXIL,2.78,382912.406,5,5,382911.377,0.0,1.0,0.0,0.029,137738.27554
1654204,IT,CZ,MOTO1,BUSIN,2.04,382908.568,5,5,382907.543,0.0,0.0,1.0,0.025,187700.278431
1755289,IT,KR,PAPER,FURNI,1.48,382893.795,6,6,382889.757,0.0,3.0,1.0,0.038,258712.023649
1792038,IT,WA,AIRTR,MEAT1,0.42,382878.626,4,4,382878.614,0.0,0.0,0.0,0.012,911615.77619
1772634,IT,CH,GLASS,FABRI,1.05,382872.93,5,5,382870.908,0.0,0.0,2.0,0.022,364640.885714
1805203,IT,WF,CHEM1,MOTOR,0.8,382861.396,5,5,382860.354,0.0,0.0,1.0,0.042,478576.745
1717983,IT,PL,SANDC,DISTR,0.88,382834.118,5,5,382750.104,0.0,0.0,84.0,0.014,435038.770455
1776938,IT,TR,PLAST,SALEM,0.8,382831.925,4,4,382831.886,0.0,0.0,0.0,0.039,478539.90625
1755804,IT,KR,CERAM,MOTO1,0.6,382829.978,5,5,382827.957,0.0,0.0,2.0,0.021,638049.963333
1767308,IT,RU,HOTEL,LANDT,2.77,382595.619,5,5,382594.59,0.0,1.0,0.0,0.029,138121.162094
1807194,IT,WF,AIRTR,HOTEL,0.42,382589.85,4,4,382589.838,0.0,0.0,0.0,0.012,910928.214286
1804229,IT,WF,PRINT,EDUCA,3.67,382547.914,6,6,382545.885,0.0,1.0,1.0,0.029,104236.488828
1739906,IT,GB,FINAN,EDUCA,4.98,382544.535,4,4,382544.524,0.0,0.0,0.0,0.011,76816.171687
1772552,IT,CH,RUBBE,MOTO1,1.27,382537.714,6,6,382535.679,0.0,1.0,1.0,0.035,301210.798425
1795767,IT,WL,MACHI,KEROS,2.13,382515.551,5,5,382514.52,0.0,0.0,1.0,0.031,179584.765728
1650278,IT,BG,ELEC1,LEAD1,0.05,382514.289,4,4,382514.265,0.0,0.0,0.0,0.024,7650285.78
1758636,IT,BR,TRANS,RAILW,2.28,382503.968,5,5,382502.947,0.0,0.0,1.0,0.021,167764.898246
1802995,IT,WF,WHEAT,NONF1,0.29,382496.397,5,5,382493.388,0.0,3.0,0.0,0.009,1318953.093103
1650362,IT,BG,ELEC2,COLLE,0.09,382439.441,4,4,382439.401,0.0,0.0,0.0,0.04,4249327.122222
1640180,IT,AT,VEGET,RESEA,1.35,382345.7,5,5,382343.685,0.0,2.0,0.0,0.015,283219.037037
1794325,IT,WL,MOTOR,ELEC2,0.57,382323.032,4,4,382323.001,0.0,0.0,0.0,0.031,670742.161404
1745330,IT,JP,VEGE1,TEXTI,1.18,382265.572,6,6,382262.489,0.0,2.0,1.0,0.083,323953.874576
1809156,IT,WM,CROPS,93197,3.03,382264.757,6,6,382262.736,0.0,1.0,1.0,0.021,126159.985809
1758372,IT,BR,FABRI,BEVER,1.56,382221.316,5,5,382220.289,0.0,0.0,1.0,0.027,245013.664103
1796969,IT,WL,AIRTR,CERAM,0.42,382126.426,4,4,382126.414,0.0,0.0,0.0,0.012,909824.82381
1805224,IT,WF,CHEM1,ALUM1,0.8,382120.891,5,5,382119.849,0.0,0.0,1.0,0.042,477651.11375
1654190,IT,CZ,MOTO1,RETAI,2.03,382112.773,5,5,382111.748,0.0,0.0,1.0,0.025,188232.893103
1763564,IT,MX,CHEM1,CEMEN,0.8,382095.452,5,5,382094.41,0.0,0.0,1.0,0.042,477619.315
1663142,IT,DK,LANDT,MEATP,2.46,382075.882,5,5,382074.864,0.0,0.0,1.0,0.018,155315.399187
1811454,IT,WM,PLAST,LEAD1,0.8,381996.444,4,4,381996.405,0.0,0.0,0.0,0.039,477495.555
1803289,IT,WF,FISHF,LEADZ,0.66,381940.147,4,4,381940.133,0.0,0.0,0.0,0.014,578697.192424
1644645,IT,BE,FOOD5,HEALT,1.83,381900.082,5,5,381898.048,0.0,2.0,0.0,0.034,208688.569399
1675150,IT,FR,COPP1,SALEM,0.96,381790.646,5,5,381789.626,0.0,0.0,1.0,0.02,397698.589583
1709681,IT,LT,PLAST,OFFIC,0.8,381769.792,4,4,381769.753,0.0,0.0,0.0,0.039,477212.24
1805353,IT,WF,RUBBE,WEARI,1.26,381765.644,6,6,381763.609,0.0,1.0,1.0,0.035,302988.606349
1766015,IT,RU,CHEM1,MACHI,0.8,381761.275,5,5,381760.233,0.0,0.0,1.0,0.042,477201.59375
1749934,IT,CN,GLASS,MOTO1,1.05,381740.188,5,5,381738.166,0.0,0.0,2.0,0.022,363562.08381
1728988,IT,SE,ADDIT,LANDT,0.88,381707.752,6,6,381703.722,0.0,3.0,1.0,0.03,433758.809091
1724996,IT,PT,HEALT,DIST1,1.99,381703.506,4,4,381703.491,0.0,0.0,0.0,0.015,191810.807035
1689586,IT,IE,AIRTR,OFFIC,0.42,381698.333,4,4,381698.321,0.0,0.0,0.0,0.012,908805.554762
1728312,IT,SE,BEVER,RENTI,1.62,381670.008,5,5,381668.983,0.0,1.0,0.0,0.025,235598.77037
1737528,IT,GB,WOODW,MACHI,1.07,381645.238,6,6,381642.212,0.0,2.0,1.0,0.026,356677.792523
1805329,IT,WF,RUBBE,NATU1,1.26,381630.173,6,6,381628.138,0.0,1.0,1.0,0.035,302881.089683
1738515,IT,GB,NONF1,FOUND,0.08,381560.662,4,4,381560.66,0.0,0.0,0.0,0.002,4769508.275
1795402,IT,WL,BASIC,ALUM1,0.44,381499.865,4,4,381499.841,0.0,0.0,0.0,0.024,867045.147727
1786417,IT,ZA,MACHI,RESEA,2.13,381475.804,5,5,381474.773,0.0,0.0,1.0,0.031,179096.621596
1686442,IT,HU,BASIC,RAILW,0.44,381452.15,4,4,381452.126,0.0,0.0,0.0,0.024,866936.704545
1645593,IT,BE,CHEM1,KERO1,0.8,381440.616,5,5,381439.574,0.0,0.0,1.0,0.042,476800.77
1742292,IT,US,CEMEN,CRUDE,0.61,381404.764,5,5,381402.747,0.0,0.0,2.0,0.017,625253.711475
1656546,IT,DE,PAPER,RENTI,1.48,381400.245,6,6,381396.207,0.0,3.0,1.0,0.038,257702.868243
1671314,IT,FI,ALUM1,BASIC,0.66,381397.151,5,5,381396.12,0.0,0.0,1.0,0.031,577874.471212
1799667,IT,WE,MOTOR,PREC1,0.57,381369.136,4,4,381369.105,0.0,0.0,0.0,0.031,669068.659649
1785443,IT,ZA,PAPER,BUSIN,1.48,381317.243,6,6,381313.205,0.0,3.0,1.0,0.038,257646.785811
1725700,IT,RO,PAPER,SALEM,1.48,381263.865,6,6,381259.827,0.0,3.0,1.0,0.038,257610.719595
1805229,IT,WF,CHEM1,FABRI,0.8,381241.669,5,5,381240.627,0.0,0.0,1.0,0.042,476552.08625
1753198,IT,CA,GLASS,MOTO1,1.05,381161.405,5,5,381159.383,0.0,0.0,2.0,0.022,363010.861905
1812549,IT,WM,ALUM1,ELECT,0.66,381157.417,5,5,381156.386,0.0,0.0,1.0,0.031,577511.237879
1649963,IT,BG,FABRI,RETA1,1.55,381092.897,5,5,381091.87,0.0,0.0,1.0,0.027,245866.385161
1709791,IT,LT,RUBBE,HEAVY,1.26,381091.041,6,6,381089.006,0.0,1.0,1.0,0.035,302453.207143
1796900,IT,WL,SEACO,EDUCA,0.39,381089.267,4,4,381089.26,0.0,0.0,0.0,0.007,977151.966667
1720611,IT,PL,MOTO1,COPPE,2.03,381033.701,5,5,381032.676,0.0,0.0,1.0,0.025,187701.330542
1810051,IT,WM,TEXTI,PFERT,2.26,380995.417,4,4,380995.366,0.0,0.0,0.0,0.051,168582.04292
1720374,IT,PL,MACHI,SUGAR,2.12,380889.905,5,5,380888.874,0.0,0.0,1.0,0.031,179665.049528
1768534,IT,AU,FOOD5,CONST,1.83,380859.008,5,5,380856.974,0.0,2.0,0.0,0.034,208119.676503
1757984,IT,BR,RUBBE,DAIRY,1.26,380853.074,6,6,380851.039,0.0,1.0,1.0,0.035,302264.344444
1643415,IT,AT,LANDT,PRINT,2.46,380852.375,4,4,380852.357,0.0,0.0,0.0,0.018,154818.038618
1766434,IT,RU,BASIC,RESEA,0.44,380847.567,4,4,380847.543,0.0,0.0,0.0,0.024,865562.652273
1675259,IT,FR,FABRI,COPP1,1.55,380837.553,5,5,380836.526,0.0,0.0,1.0,0.027,245701.647097
1734808,IT,SK,PULP5,PAPER,1.16,380827.943,6,6,380824.907,0.0,2.0,1.0,0.036,328299.950862
1762284,IT,IN,AIRTR,ELEC4,0.41,380812.79,4,4,380812.778,0.0,0.0,0.0,0.012,928811.682927
1723793,IT,PT,OFFIC,WHOLE,1.18,380762.659,4,4,380762.632,0.0,0.0,0.0,0.027,322680.219492
1743538,IT,US,HOTEL,WHEAT,2.76,380757.428,5,5,380756.399,0.0,1.0,0.0,0.029,137955.589855
1736417,IT,SK,LANDT,FABRI,2.46,380711.92,4,4,380711.902,0.0,0.0,0.0,0.018,154760.943089
1648769,IT,BG,BEVER,BEVER,1.62,380678.539,5,5,380677.515,0.0,1.0,0.0,0.024,234986.752469
1660290,IT,DE,POSTT,SUPPO,6.27,380665.084,5,5,380664.055,0.0,0.0,1.0,0.029,60712.134609
1784317,IT,ID,CHEM1,EDUCA,0.8,380637.551,5,5,380636.509,0.0,0.0,1.0,0.042,475796.93875
1789503,IT,WA,ADDIT,CHEM1,0.88,380621.711,6,6,380617.681,0.0,3.0,1.0,0.03,432524.671591
1788209,IT,WA,LEATH,CROPS,2.73,380616.535,6,6,380612.469,0.0,3.0,1.0,0.066,139419.97619
1803611,IT,WF,FOOD5,MEATC,1.83,380610.849,5,5,380608.815,0.0,2.0,0.0,0.034,207984.070492
1777806,IT,TR,FABRI,PLAST,1.55,380570.443,5,5,380569.416,0.0,0.0,1.0,0.027,245529.318065
1642152,IT,AT,CERAM,MACHI,0.59,380505.142,5,5,380503.121,0.0,0.0,2.0,0.021,644923.969492
1675868,IT,FR,ELEC2,RAWMI,0.09,380496.777,4,4,380496.737,0.0,0.0,0.0,0.04,4227741.966667
1663660,IT,DK,BUSIN,COMPU,3.91,380427.805,6,6,380425.779,0.0,1.0,1.0,0.026,97296.113811
1754111,IT,CA,AIRTR,TRANS,0.41,380407.946,4,4,380407.934,0.0,0.0,0.0,0.012,927824.258537
1656625,IT,DE,PRINT,WHOLE,3.65,380402.701,6,6,380400.672,0.0,1.0,1.0,0.029,104219.918082
1653849,IT,CZ,FABRI,PAPER,1.55,380397.56,5,5,380396.533,0.0,0.0,1.0,0.027,245417.780645
1800870,IT,WE,PREC1,CROPS,0.65,380343.164,6,6,380341.146,0.0,1.0,1.0,0.018,585143.329231
1809554,IT,WM,VEGE1,MEAT4,1.17,380287.514,6,6,380284.431,0.0,2.0,1.0,0.083,325032.063248
1662354,IT,DK,BASIC,CEMEN,0.44,380282.161,4,4,380282.137,0.0,0.0,0.0,0.024,864277.638636
1806109,IT,WF,FABRI,BEVER,1.55,380273.752,5,5,380272.725,0.0,0.0,1.0,0.027,245337.904516
1810009,IT,WM,TEXTI,FISHF,2.25,380259.797,4,4,380259.747,0.0,0.0,0.0,0.05,169004.354222
1811654,IT,WM,CHEM1,RADIO,0.79,380213.405,5,5,380212.363,0.0,0.0,1.0,0.042,481282.791139
1776701,IT,TR,HEAVY,WHOLE,0.61,380183.413,4,4,380183.382,0.0,0.0,0.0,0.031,623251.496721
1751224,IT,CN,HOTEL,MOTO1,2.75,380095.369,5,5,380094.34,0.0,1.0,0.0,0.029,138216.497818
1812210,IT,WM,NONME,NAPHT,0.77,380076.971,5,5,380075.929,0.0,0.0,1.0,0.042,493606.455844
1689923,IT,IE,AUXIL,INSUR,6.95,380028.746,4,4,380028.727,0.0,0.0,0.0,0.019,54680.395108
1746840,IT,JP,MACHI,HOTEL,2.12,380023.891,5,5,380022.86,0.0,0.0,1.0,0.031,179256.552358
1779933,IT,TW,CONST,BASIC,2.12,380009.196,5,5,380008.176,0.0,0.0,1.0,0.02,179249.620755
1749474,IT,CN,HEAVY,CONST,0.61,379890.502,4,4,379890.472,0.0,0.0,0.0,0.03,622771.314754
1654096,IT,CZ,OFFIC,MACHI,1.18,379846.828,4,4,379846.801,0.0,0.0,0.0,0.027,321904.091525
1799637,IT,WE,MOTOR,PAPER,0.57,379666.846,4,4,379666.815,0.0,0.0,0.0,0.031,666082.185965
1799482,IT,WE,PAPER,MOTO1,1.47,379575.912,6,6,379571.875,0.0,3.0,1.0,0.037,258214.906122
1773020,IT,CH,ALUM1,PAPER,0.66,379569.027,5,5,379567.997,0.0,0.0,1.0,0.03,575104.586364
1672744,IT,FR,MEATC,MEATC,1.27,379559.777,5,5,379553.753,0.0,6.0,0.0,0.024,298865.966142
1792782,IT,WA,BUSIN,RESEA,3.9,379554.746,6,6,379552.72,0.0,1.0,1.0,0.026,97321.729744
1806238,IT,WF,MACHI,GASDI,2.12,379531.176,5,5,379530.145,0.0,0.0,1.0,0.031,179024.139623
1785988,IT,ZA,RUBBE,BUSIN,1.26,379526.799,6,6,379524.765,0.0,1.0,1.0,0.034,301211.745238
1657088,IT,DE,NONSP,ELEC8,0.5,379521.077,4,4,379521.057,0.0,0.0,0.0,0.02,759042.154
1747621,IT,JP,AIRTR,RENTI,0.41,379483.413,4,4,379483.401,0.0,0.0,0.0,0.012,925569.3
1668976,IT,ES,AIRTR,RETA1,0.41,379351.832,4,4,379351.82,0.0,0.0,0.0,0.012,925248.370732
1757750,IT,BR,NONSP,GASDI,0.5,379348.16,4,4,379348.14,0.0,0.0,0.0,0.02,758696.32
1644587,IT,BE,FOOD5,MEATP,1.82,379293.992,5,5,379291.958,0.0,2.0,0.0,0.034,208403.292308
1788413,IT,WA,WOODW,EDUCA,1.06,379293.794,6,6,379290.768,0.0,2.0,1.0,0.026,357824.333962
1771034,IT,CH,FORES,WOODW,3.31,379245.699,5,5,379099.689,0.0,146.0,0.0,0.01,114575.739879
1715208,IT,NL,WOODW,OFFIC,1.06,379232.533,6,6,379229.507,0.0,2.0,1.0,0.026,357766.540566
1802961,IT,WF,WHEAT,PROCE,0.29,379163.916,5,5,379160.907,0.0,3.0,0.0,0.009,1307461.77931
1788901,IT,WA,GASDI,EDUCA,0.56,379122.914,4,4,379122.883,0.0,0.0,0.0,0.031,677005.203571
1763613,IT,MX,ADDIT,MOTOR,0.88,379108.014,6,6,379103.984,0.0,3.0,1.0,0.03,430804.561364
1791467,IT,WA,WHOLE,CONST,3.28,379070.546,6,6,379068.524,0.0,1.0,1.0,0.022,115570.288415
1645957,IT,BE,CERAM,POSTT,0.59,378995.404,5,5,378993.383,0.0,0.0,2.0,0.021,642365.091525
1737137,IT,GB,VEGE1,MEATC,1.17,378950.05,6,6,378946.968,0.0,2.0,1.0,0.082,323888.931624
1782016,IT,NO,RUBBE,RETA1,1.26,378909.413,6,6,378907.379,0.0,1.0,1.0,0.034,300721.756349
1810820,IT,WM,KEROS,CHEM1,0.56,378892.913,4,4,378892.882,0.0,0.0,0.0,0.031,676594.4875
1807206,IT,WF,AIRTR,COMPU,0.41,378826.435,4,4,378826.423,0.0,0.0,0.0,0.012,923966.914634
1658024,IT,DE,PREC1,BIOGA,0.64,378765.455,6,6,378763.438,0.0,1.0,1.0,0.017,591821.023438
1790379,IT,WA,LEAD1,MEAT1,0.66,378759.999,6,6,378756.967,0.0,1.0,2.0,0.032,573878.786364
1812071,IT,WM,CERAM,CEMEN,0.59,378722.236,5,5,378720.215,0.0,0.0,2.0,0.021,641902.094915
1726475,IT,RO,FABRI,DIST1,1.54,378712.04,5,5,378711.013,0.0,0.0,1.0,0.027,245916.909091
1666162,IT,ES,GASDI,HEALT,0.56,378687.374,4,4,378687.343,0.0,0.0,0.0,0.031,676227.453571
1655984,IT,DE,FOOD5,BIODI,1.82,378627.918,5,5,378625.884,0.0,2.0,0.0,0.034,208037.317582
1751222,IT,CN,HOTEL,RADIO,2.74,378554.259,5,5,378553.23,0.0,1.0,0.0,0.029,138158.488686
1669789,IT,ES,BUSIN,FABRI,3.89,378505.634,6,6,378503.608,0.0,1.0,1.0,0.026,97302.219537
1751180,IT,CN,HOTEL,FISH5,2.74,378482.066,5,5,378481.037,0.0,1.0,0.0,0.029,138132.140876
1784300,IT,ID,CHEM1,RETA1,0.79,378433.61,5,5,378432.569,0.0,0.0,1.0,0.041,479029.886076
1801315,IT,WE,MACHI,MOTOR,2.11,378424.586,5,5,378423.555,0.0,0.0,1.0,0.031,179348.145024
1677051,IT,FR,SUPPO,PLAST,2.72,378411.826,5,5,378410.807,0.0,0.0,1.0,0.019,139121.994853
1649126,IT,BG,PAPER,RETA1,1.47,378384.208,6,6,378380.171,0.0,3.0,1.0,0.037,257404.223129
1747577,IT,JP,AIRTR,COPP1,0.41,378346.073,4,4,378346.061,0.0,0.0,0.0,0.012,922795.3
1679477,IT,GR,CHEM1,NONME,0.79,378322.366,5,5,378321.325,0.0,0.0,1.0,0.041,478889.070886
1796947,IT,WL,AIRTR,PULP5,0.41,378278.899,4,4,378278.887,0.0,0.0,0.0,0.012,922631.460976
1667181,IT,ES,BASIC,POSTT,0.44,378271.117,4,4,378271.093,0.0,0.0,0.0,0.024,859707.084091
1657860,IT,DE,BASIC,VEGET,0.44,378185.457,4,4,378185.433,0.0,0.0,0.0,0.024,859512.402273
1761628,IT,IN,FABRI,FISH5,1.54,378155.243,5,5,378154.216,0.0,0.0,1.0,0.027,245555.352597
1731238,IT,SI,MEATC,RESEA,1.26,378148.819,5,5,378142.795,0.0,6.0,0.0,0.024,300118.110317
1790224,IT,WA,PREC1,CHEM1,0.64,378135.733,6,6,378133.716,0.0,1.0,1.0,0.017,590837.082812
1719751,IT,PL,BASIC,PIGS9,0.44,378134.867,4,4,378134.843,0.0,0.0,0.0,0.024,859397.425
1807057,IT,WF,SEACO,VEGET,0.38,378131.419,4,4,378131.412,0.0,0.0,0.0,0.007,995082.681579
1656362,IT,DE,WOODW,PAPER,1.06,378129.319,6,6,378126.293,0.0,2.0,1.0,0.026,356725.772642
1794757,IT,WL,PLAST,SUGAR,0.79,378123.494,4,4,378123.456,0.0,0.0,0.0,0.038,478637.334177
1805199,IT,WF,CHEM1,WOODW,0.79,378040.555,5,5,378039.514,0.0,0.0,1.0,0.041,478532.348101
1680262,IT,GR,FURNI,VEGET,1.21,378011.337,6,6,378009.305,0.0,1.0,1.0,0.032,312406.063636
1660620,IT,DE,REALE,MACHI,15.97,377977.271,5,5,377976.246,0.0,0.0,1.0,0.025,23667.956857
1794497,IT,WL,GASDI,RAILW,0.56,377947.617,4,4,377947.586,0.0,0.0,0.0,0.031,674906.458929
1776912,IT,TR,PLAST,GLASS,0.79,377939.0,4,4,377938.962,0.0,0.0,0.0,0.038,478403.797468
1761617,IT,IN,FABRI,BITUM,1.54,377938.662,5,5,377937.635,0.0,0.0,1.0,0.027,245414.715584
1801818,IT,WE,ELEC6,FORES,0.06,377917.993,4,4,377917.932,0.0,0.0,0.0,0.061,6298633.216667
1774540,IT,CH,TRAN2,TRAN2,0.58,377868.295,4,4,377868.285,0.0,0.0,0.0,0.01,651497.060345
1763866,IT,MX,NONME,ELECT,0.76,377864.033,5,5,377862.992,0.0,0.0,1.0,0.041,497189.517105
1743302,IT,US,FURNI,POSTT,1.21,377851.24,6,6,377849.208,0.0,1.0,1.0,0.032,312273.752066
1807009,IT,WF,LANDT,CONST,2.44,377850.094,4,4,377850.076,0.0,0.0,0.0,0.018,154856.595902
1790594,IT,WA,FABRI,CROPS,1.54,377818.381,5,5,377817.354,0.0,0.0,1.0,0.027,245336.611039
1796188,IT,WL,FURNI,PFERT,1.21,377739.789,6,6,377737.757,0.0,1.0,1.0,0.032,312181.643802
1784320,IT,ID,CHEM1,93197,0.79,377723.929,5,5,377722.888,0.0,0.0,1.0,0.041,478131.555696
1744039,IT,US,AIRTR,SUPPO,0.41,377714.933,4,4,377714.921,0.0,0.0,0.0,0.012,921255.934146
1752040,IT,CN,RESEA,HEALT,2.05,377700.932,5,5,377699.906,0.0,0.0,1.0,0.026,184244.357073
1789043,IT,WA,NAPHT,NONF1,0.64,377685.45,5,5,377684.423,0.0,0.0,1.0,0.027,590133.515625
1780801,IT,TW,COMPU,PROCE,4.31,377643.126,6,6,377641.102,0.0,1.0,1.0,0.024,87620.214849
1759795,IT,BR,BUSIN,RAILW,3.88,377513.312,6,6,377511.286,0.0,1.0,1.0,0.026,97297.245361
1644514,IT,BE,DAIRY,WHOLE,1.53,377512.184,5,5,377509.158,0.0,3.0,0.0,0.026,246739.989542
1725421,IT,RO,TEXTI,REALE,2.24,377502.234,4,4,377502.184,0.0,0.0,0.0,0.05,168527.783036
1763076,IT,MX,TEXTI,RETA1,2.24,377475.375,4,4,377475.325,0.0,0.0,0.0,0.05,168515.792411
1661527,IT,DK,FOOD5,RESEA,1.81,377450.474,5,5,377448.44,0.0,2.0,0.0,0.034,208536.173481
1777015,IT,TR,CHEM1,DAIRY,0.79,377445.866,5,5,377444.825,0.0,0.0,1.0,0.041,477779.577215
1773475,IT,CH,OFFIC,INSUR,1.17,377437.211,4,4,377437.184,0.0,0.0,0.0,0.027,322595.906838
1689289,IT,IE,WHOLE,PUBLI,3.26,377421.872,6,6,377419.85,0.0,1.0,1.0,0.022,115773.580368
1735424,IT,SK,BASIC,GASDI,0.43,377391.063,4,4,377391.039,0.0,0.0,0.0,0.024,877653.634884
1736313,IT,SK,HOTEL,PUBLI,2.74,377371.427,5,5,377370.399,0.0,1.0,0.0,0.028,137726.798175
1798725,IT,WE,DAIRY,93197,1.53,377340.338,5,5,377337.312,0.0,3.0,0.0,0.026,246627.671895
1652350,IT,CZ,FISH5,FOOD5,1.59,377274.658,5,5,377273.464,0.0,1.0,0.0,0.194,237279.659119
1800509,IT,WE,RUBBE,PLAST,1.25,377260.811,6,6,377258.777,0.0,1.0,1.0,0.034,301808.6488
1729794,IT,SE,MACHI,REALE,2.1,377161.088,5,5,377160.057,0.0,0.0,1.0,0.031,179600.518095
1683519,IT,HR,ALUM1,PRINT,0.66,377003.337,5,5,377002.307,0.0,0.0,1.0,0.03,571217.177273
1800279,IT,WE,PLAST,RETAI,0.79,376977.847,4,4,376977.809,0.0,0.0,0.0,0.038,477187.148101
1731910,IT,SI,MOTOR,RAWMI,0.56,376954.327,4,4,376954.296,0.0,0.0,0.0,0.031,673132.726786
1688591,IT,IE,PRINT,RENTI,3.62,376881.817,6,6,376879.788,0.0,1.0,1.0,0.029,104110.999171
1809043,IT,WM,VEGET,SUPPO,1.33,376850.411,5,5,376848.396,0.0,2.0,0.0,0.015,283346.173684
1788022,IT,WA,TEXTI,PLAST,2.23,376828.718,4,4,376828.668,0.0,0.0,0.0,0.05,168981.487892
1641713,IT,AT,PLAST,MACHI,0.79,376821.711,4,4,376821.673,0.0,0.0,0.0,0.038,476989.507595
1797529,IT,WL,BUSIN,SALEM,3.87,376814.812,6,6,376812.786,0.0,1.0,1.0,0.026,97368.168475
1814092,IT,WM,AIRTR,MOTOR,0.41,376795.396,4,4,376795.384,0.0,0.0,0.0,0.012,919013.160976
1656010,IT,DE,FOOD5,RETA1,1.81,376775.751,5,5,376773.717,0.0,2.0,0.0,0.034,208163.398343
1656378,IT,DE,WOODW,BASIC,1.05,376763.56,6,6,376760.535,0.0,2.0,1.0,0.025,358822.438095
1674028,IT,FR,GASDI,RAWMI,0.56,376716.079,4,4,376716.048,0.0,0.0,0.0,0.031,672707.283929
1727009,IT,RO,HOTEL,COMPU,2.73,376639.349,5,5,376638.321,0.0,1.0,0.0,0.028,137963.131502
1684724,IT,HU,VEGET,RUBBE,1.33,376631.654,5,5,376629.639,0.0,2.0,0.0,0.015,283181.694737
1741552,IT,US,GASDI,CATTL,0.56,376469.759,4,4,376469.728,0.0,0.0,0.0,0.031,672267.426786
1723028,IT,PT,PLAST,FURNI,0.79,376359.053,4,4,376359.015,0.0,0.0,0.0,0.038,476403.864557
1769809,IT,AU,MACHI,HOTEL,2.1,376335.142,5,5,376334.111,0.0,0.0,1.0,0.031,179207.210476
1811599,IT,WM,CHEM1,MEATP,0.79,376303.335,5,5,376302.294,0.0,0.0,1.0,0.041,476333.335443
1813775,IT,WM,HOTEL,POSTT,2.73,376273.036,5,5,376272.008,0.0,1.0,0.0,0.028,137828.950916
1781866,IT,NO,CHEM1,CRUDE,0.79,376233.42,5,5,376232.379,0.0,0.0,1.0,0.041,476244.835443
1667242,IT,ES,PREC1,DIST1,0.64,376228.186,6,6,376226.169,0.0,1.0,1.0,0.017,587856.540625
1673144,IT,FR,BEVER,FISH5,1.6,376216.472,5,5,376215.448,0.0,1.0,0.0,0.024,235135.295
1801420,IT,WE,MOTO1,VEGET,2.0,376207.768,5,5,376206.744,0.0,0.0,1.0,0.024,188103.884
1685835,IT,HU,CHEM1,NATU1,0.79,376140.47,5,5,376139.429,0.0,0.0,1.0,0.041,476127.177215
1765296,IT,RU,VEGE1,HEALT,1.16,376120.649,6,6,376117.567,0.0,2.0,1.0,0.082,324241.938793
1665626,IT,ES,WOODW,RUBBE,1.05,376048.633,6,6,376045.608,0.0,2.0,1.0,0.025,358141.555238
1755272,IT,KR,PAPER,RUBBE,1.46,375986.791,6,6,375982.754,0.0,3.0,1.0,0.037,257525.199315
1745638,IT,JP,TEXTI,CHEM1,2.23,375984.873,4,4,375984.823,0.0,0.0,0.0,0.05,168603.082063
1675413,IT,FR,MACHI,TRAN1,2.1,375961.284,5,5,375960.253,0.0,0.0,1.0,0.031,179029.182857
1710653,IT,LU,MEAT4,RENTI,2.07,375924.926,5,5,375922.9,0.0,2.0,0.0,0.026,181606.244444
1777358,IT,TR,GLASS,LANDT,1.03,375920.383,5,5,375919.361,0.0,0.0,1.0,0.022,364971.245631
1791987,IT,WA,SEACO,LANDT,0.38,375917.307,4,4,375917.3,0.0,0.0,0.0,0.007,989256.071053
1643261,IT,AT,HOTEL,SALEM,2.72,375893.831,5,5,375892.803,0.0,1.0,0.0,0.028,138196.261397
1795652,IT,WL,FABRI,PFERT,1.53,375810.893,5,5,375809.866,0.0,0.0,1.0,0.027,245628.034641
1796110,IT,WL,TRANS,OFFIC,2.24,375807.661,5,5,375806.641,0.0,0.0,1.0,0.02,167771.277232
1742623,IT,US,LEAD1,BASIC,0.65,375801.265,6,6,375798.233,0.0,1.0,2.0,0.032,578155.792308
1659560,IT,DE,RETA1,93197,3.92,375768.06,6,6,375766.035,0.0,1.0,1.0,0.025,95859.19898
1669835,IT,ES,BUSIN,PUBLI,3.86,375766.277,6,6,375764.251,0.0,1.0,1.0,0.026,97348.776425
1735286,IT,SK,GLASS,MACHI,1.03,375761.989,5,5,375760.967,0.0,0.0,1.0,0.022,364817.465049
1799479,IT,WE,PAPER,ELECT,1.46,375680.931,6,6,375676.894,0.0,3.0,1.0,0.037,257315.706164
1744746,IT,US,RESEA,BEVER,2.04,375663.401,5,5,375662.375,0.0,0.0,1.0,0.026,184148.72598
1726940,IT,RO,HOTEL,FOOD5,2.72,375658.544,5,5,375657.516,0.0,1.0,0.0,0.028,138109.758824
1788434,IT,WA,PULP5,MEAT1,1.15,375656.778,6,6,375653.743,0.0,2.0,1.0,0.035,326658.067826
1747491,IT,JP,SEACO,RADIO,0.38,375656.166,4,4,375656.159,0.0,0.0,0.0,0.007,988568.857895
1770286,IT,AU,HOTEL,ELEC1,2.72,375647.364,5,5,375646.336,0.0,1.0,0.0,0.028,138105.648529
1719500,IT,PL,GLASS,DAIRY,1.03,375638.604,5,5,375637.582,0.0,0.0,1.0,0.022,364697.673786
1647438,IT,BE,AIRTR,RAILW,0.41,375612.669,4,4,375612.657,0.0,0.0,0.0,0.012,916128.460976
1680931,IT,GR,TRAN2,GASDI,0.58,375571.673,4,4,375571.663,0.0,0.0,0.0,0.01,647537.367241
1652574,IT,CZ,LEATH,MACHI,2.69,375571.301,6,6,375567.236,0.0,3.0,1.0,0.065,139617.584015
1711052,IT,LU,BASIC,REALE,0.43,375504.113,4,4,375504.089,0.0,0.0,0.0,0.024,873265.37907
1665714,IT,ES,PAPER,WEARI,1.45,375467.977,6,6,375463.94,0.0,3.0,1.0,0.037,258943.432414
1712338,IT,LV,RUBBE,CONST,1.24,375462.688,6,6,375460.654,0.0,1.0,1.0,0.034,302792.490323
1773252,IT,CH,FABRI,FINAN,1.53,375364.282,5,5,375363.255,0.0,0.0,1.0,0.027,245336.132026
1776245,IT,TR,PULP5,WOODW,1.14,375363.007,6,6,375359.972,0.0,2.0,1.0,0.035,329265.795614
1658557,IT,DE,MACHI,PAPER,2.09,375355.765,5,5,375354.734,0.0,0.0,1.0,0.031,179596.059809
1792113,IT,WA,AIRTR,AUXIL,0.41,375340.729,4,4,375340.717,0.0,0.0,0.0,0.012,915465.192683
1751425,IT,CN,SEACO,HEALT,0.38,375336.439,4,4,375336.433,0.0,0.0,0.0,0.006,987727.471053
1659477,IT,DE,RETA1,TOBAC,3.92,375320.7,6,6,375318.675,0.0,1.0,1.0,0.025,95745.076531
1654562,IT,CZ,HOTEL,HEALT,2.72,375294.769,5,5,375293.741,0.0,1.0,0.0,0.028,137976.018015
1746168,IT,JP,PLAST,BASIC,0.79,375191.122,4,4,375191.084,0.0,0.0,0.0,0.038,474925.470886
1804228,IT,WF,PRINT,PUBLI,3.6,375187.378,6,6,375185.349,0.0,1.0,1.0,0.029,104218.716111
1760700,IT,IN,PAPER,OFFIC,1.45,375178.2,6,6,375174.163,0.0,3.0,1.0,0.037,258743.586207
1711731,IT,LU,BUSIN,WHOLE,3.85,375159.973,6,6,375157.947,0.0,1.0,1.0,0.026,97444.148831
1664825,IT,ES,OILSE,PLAST,0.27,375147.171,5,5,375144.154,0.0,3.0,0.0,0.017,1389433.966667
1735708,IT,SK,FABRI,TRANS,1.53,375120.342,5,5,375119.315,0.0,0.0,1.0,0.027,245176.694118
1711635,IT,LU,REALE,BUSIN,15.85,375111.949,5,5,375110.924,0.0,0.0,1.0,0.025,23666.369022
1765736,IT,RU,PRINT,PRINT,3.6,375070.051,6,6,375068.022,0.0,1.0,1.0,0.029,104186.125278
1763479,IT,MX,PLAST,ELECT,0.79,375063.188,4,4,375063.15,0.0,0.0,0.0,0.038,474763.529114
1799212,IT,WE,LEATH,BITUM,2.69,374995.806,6,6,374991.741,0.0,3.0,1.0,0.065,139403.645353
1649106,IT,BG,PAPER,COPP1,1.45,374982.392,6,6,374978.355,0.0,3.0,1.0,0.037,258608.546207
1773547,IT,CH,MOTO1,TRAN1,2.0,374855.015,5,5,374853.991,0.0,0.0,1.0,0.024,187427.5075
1720777,IT,PL,TRANS,SUPPO,2.24,374826.361,5,5,374825.341,0.0,0.0,1.0,0.02,167333.196875
1646567,IT,BE,OFFIC,POSTT,1.16,374821.423,4,4,374821.396,0.0,0.0,0.0,0.027,323121.916379
1801213,IT,WE,FABRI,COPP1,1.53,374813.551,5,5,374812.524,0.0,0.0,1.0,0.027,244976.177124
1738690,IT,GB,MACHI,NONF1,2.09,374811.15,5,5,374810.119,0.0,0.0,1.0,0.031,179335.478469
1718854,IT,PL,PAPER,COMPU,1.45,374809.491,6,6,374805.454,0.0,3.0,1.0,0.037,258489.304138
1726124,IT,RO,RUBBE,SUPPO,1.24,374700.314,6,6,374698.28,0.0,1.0,1.0,0.034,302177.672581
1742842,IT,US,MACHI,CROPS,2.09,374695.205,5,5,374694.174,0.0,0.0,1.0,0.031,179280.002392
1769750,IT,AU,MACHI,MOTOR,2.09,374598.898,5,5,374597.867,0.0,0.0,1.0,0.031,179233.922488
1677210,IT,FR,POSTT,AUXIL,6.17,374596.703,5,5,374595.674,0.0,0.0,1.0,0.029,60712.593679
1731786,IT,SI,PAPER,RUBBE,1.45,374547.161,6,6,374543.124,0.0,3.0,1.0,0.037,258308.386897
1674981,IT,FR,PREC1,GASDI,0.64,374520.827,6,6,374518.81,0.0,1.0,1.0,0.017,585188.792187
1719241,IT,PL,CHEM1,FISH5,0.78,374507.826,5,5,374506.785,0.0,0.0,1.0,0.041,480138.238462
1790051,IT,WA,BASIC,VEGET,0.43,374491.755,4,4,374491.731,0.0,0.0,0.0,0.024,870911.05814
1713338,IT,MT,GASDI,FISHF,0.56,374455.26,4,4,374455.23,0.0,0.0,0.0,0.03,668670.107143
1645977,IT,BE,CEMEN,CEMEN,0.6,374450.268,5,5,374448.251,0.0,0.0,2.0,0.017,624083.78
1793723,IT,WL,FOOD5,HEALT,1.8,374440.94,5,5,374438.907,0.0,2.0,0.0,0.033,208022.744444
1682829,IT,HR,HEAVY,REALE,0.6,374398.605,4,4,374398.575,0.0,0.0,0.0,0.03,623997.675
1751389,IT,CN,SEACO,NONF1,0.38,374383.67,4,4,374383.664,0.0,0.0,0.0,0.006,985220.184211
1755316,IT,KR,PAPER,EDUCA,1.45,374365.182,6,6,374361.145,0.0,3.0,1.0,0.037,258182.884138
1673924,IT,FR,MOTOR,RAILW,0.56,374346.113,4,4,374346.083,0.0,0.0,0.0,0.03,668475.201786
1795639,IT,WL,FABRI,PAPER,1.52,374299.821,5,5,374298.794,0.0,0.0,1.0,0.027,246249.882237
1732479,IT,SI,CHEM1,WHOLE,0.78,374296.925,5,5,374295.884,0.0,0.0,1.0,0.041,479867.852564
1741269,IT,US,PAPER,BEVER,1.45,374243.252,6,6,374239.215,0.0,3.0,1.0,0.037,258098.794483
1655498,IT,DE,CRUDE,REFI1,0.74,374218.832,4,4,374218.8,0.0,0.0,0.0,0.032,505701.124324
1812275,IT,WM,BASIC,PIGS9,0.43,374193.847,4,4,374193.823,0.0,0.0,0.0,0.024,870218.248837
1755740,IT,KR,GLASS,MACHI,1.03,374145.059,5,5,374144.038,0.0,0.0,1.0,0.021,363247.630097
1796671,IT,WL,HOTEL,COMPU,2.71,374136.586,5,5,374135.558,0.0,1.0,0.0,0.028,138057.780812
1755077,IT,KR,WEARI,EDUCA,2.82,374097.954,6,6,374095.883,0.0,1.0,1.0,0.071,132658.848936
1809044,IT,WM,VEGET,POSTT,1.32,374085.566,5,5,374083.551,0.0,2.0,0.0,0.015,283398.156061
1716421,IT,NL,MACHI,COMPU,2.09,374073.209,5,5,374072.178,0.0,0.0,1.0,0.031,178982.396651
1814207,IT,WM,SUPPO,LANDT,2.69,374047.101,5,5,374046.083,0.0,0.0,1.0,0.018,139050.966914
1797166,IT,WL,POSTT,RETA1,6.16,374044.269,5,5,374043.24,0.0,0.0,1.0,0.029,60721.47224
1760692,IT,IN,PAPER,CEMEN,1.45,374012.908,6,6,374008.871,0.0,3.0,1.0,0.037,257939.936552
1646059,IT,BE,BASIC,WOODW,0.43,373926.192,4,4,373926.168,0.0,0.0,0.0,0.024,869595.795349
1747014,IT,JP,TRANS,MACHI,2.23,373898.158,5,5,373897.138,0.0,0.0,1.0,0.02,167667.335426
1710086,IT,LT,FABRI,OFFIC,1.52,373840.354,5,5,373839.327,0.0,0.0,1.0,0.027,245947.601316
1812457,IT,WM,PREC1,RADIO,0.63,373744.197,6,6,373742.18,0.0,1.0,1.0,0.017,593244.757143
1669440,IT,ES,INSUR,INSUR,7.7,373707.27,4,4,373707.253,0.0,0.0,0.0,0.017,48533.411688
1780189,IT,TW,HOTEL,MEMBE,2.71,373689.919,5,5,373688.891,0.0,1.0,0.0,0.028,137892.959041
1642311,IT,AT,BASIC,PRINT,0.43,373686.663,4,4,373686.639,0.0,0.0,0.0,0.024,869038.751163
1739588,IT,GB,SEACO,NAPHT,0.38,373647.631,4,4,373647.625,0.0,0.0,0.0,0.006,983283.239474
1675291,IT,FR,FABRI,LANDT,1.52,373635.786,5,5,373634.759,0.0,0.0,1.0,0.027,245813.017105
1666588,IT,ES,CHEM1,BASIC,0.78,373595.549,5,5,373594.508,0.0,0.0,1.0,0.041,478968.652564
1777035,IT,TR,CHEM1,LIQUE,0.78,373595.507,5,5,373594.466,0.0,0.0,1.0,0.041,478968.598718
1689541,IT,IE,SEACO,WHOLE,0.38,373577.761,4,4,373577.755,0.0,0.0,0.0,0.006,983099.371053
1640166,IT,AT,VEGET,PLAST,1.32,373556.748,5,5,373554.733,0.0,2.0,0.0,0.015,282997.536364
1773750,IT,CH,ELEC1,PUBLI,0.05,373552.358,4,4,373552.334,0.0,0.0,0.0,0.024,7471047.16
1749376,IT,CN,PRINT,BUSIN,3.58,373548.149,6,6,373546.121,0.0,1.0,1.0,0.028,104343.05838
1778209,IT,TR,FURNI,FABRI,1.19,373546.891,6,6,373544.859,0.0,1.0,1.0,0.032,313904.95042
1710980,IT,LU,GLASS,RETA1,1.03,373543.406,5,5,373542.385,0.0,0.0,1.0,0.021,362663.500971
1643278,IT,AT,HOTEL,RENTI,2.71,373492.397,5,5,373491.369,0.0,1.0,0.0,0.028,137820.072694
1799767,IT,WE,KEROS,POSTT,0.56,373476.437,4,4,373476.407,0.0,0.0,0.0,0.03,666922.208929
1796982,IT,WL,AIRTR,OFFIC,0.41,373340.058,4,4,373340.046,0.0,0.0,0.0,0.012,910585.507317
1709937,IT,LT,BASIC,MOTO1,0.43,373335.848,4,4,373335.824,0.0,0.0,0.0,0.024,868222.902326
1682656,IT,HR,KEROS,RAILW,0.55,373299.193,4,4,373299.163,0.0,0.0,0.0,0.03,678725.805455
1760262,IT,IN,VEGET,FOOD5,1.32,373229.017,5,5,373227.002,0.0,2.0,0.0,0.015,282749.255303
1731071,IT,SI,VEGET,WHOLE,1.32,373208.201,5,5,373206.186,0.0,2.0,0.0,0.015,282733.485606
1658441,IT,DE,FABRI,ALUM1,1.52,373194.823,5,5,373193.796,0.0,0.0,1.0,0.027,245522.909868
1782220,IT,NO,BASIC,RETAI,0.43,373178.843,4,4,373178.819,0.0,0.0,0.0,0.024,867857.774419
1809443,IT,WM,CHEMI,DISTR,0.89,373169.573,6,6,373150.538,0.0,1.0,18.0,0.035,419291.655056
1715878,IT,NL,RUBBE,REALE,1.24,373161.964,6,6,373159.93,0.0,1.0,1.0,0.034,300937.067742
1811081,IT,WM,HEAVY,MEDIC,0.6,373086.378,4,4,373086.348,0.0,0.0,0.0,0.03,621810.63
1652621,IT,CZ,WOODW,PAPER,1.04,373071.359,6,6,373068.334,0.0,2.0,1.0,0.025,358722.460577
1686475,IT,HU,PREC1,MEATP,0.63,373037.887,6,6,373035.87,0.0,1.0,1.0,0.017,592123.630159
1811698,IT,WM,CHEM1,MEMBE,0.78,373032.388,5,5,373031.347,0.0,0.0,1.0,0.041,478246.651282
1810871,IT,WM,KEROS,FINAN,0.55,373004.672,4,4,373004.642,0.0,0.0,0.0,0.03,678190.312727
1662059,IT,DK,CHEM1,WOODW,0.78,372947.935,5,5,372946.894,0.0,0.0,1.0,0.041,478138.378205
1754643,IT,KR,STONE,TRANS,1.21,372943.153,5,5,372922.136,0.0,0.0,21.0,0.017,308217.481818
1746324,IT,JP,ADDIT,GASDI,0.86,372940.244,6,6,372936.215,0.0,3.0,1.0,0.029,433651.446512
1801119,IT,WE,NONF1,ELECT,0.08,372902.671,4,4,372902.669,0.0,0.0,0.0,0.002,4661283.3875
1720480,IT,PL,MACHI,RAILW,2.08,372882.388,5,5,372881.357,0.0,0.0,1.0,0.031,179270.378846
1787858,IT,WA,FOOD5,HOTEL,1.79,372867.684,5,5,372865.651,0.0,2.0,0.0,0.033,208305.968715
1749061,IT,CN,LEATH,SUPPO,2.67,372788.62,6,6,372784.555,0.0,3.0,1.0,0.065,139621.205993
1680367,IT,GR,ELEC2,KEROS,0.09,372765.872,4,4,372765.833,0.0,0.0,0.0,0.039,4141843.022222
1804330,IT,WF,MOTOR,ELEC4,0.56,372749.231,4,4,372749.201,0.0,0.0,0.0,0.03,665623.626786
1736438,IT,SK,LANDT,CONST,2.4,372747.34,4,4,372747.322,0.0,0.0,0.0,0.018,155311.391667
1676999,IT,FR,AIRTR,EDUCA,0.41,372726.252,4,4,372726.24,0.0,0.0,0.0,0.012,909088.419512
1716201,IT,NL,ALUM1,WHOLE,0.65,372720.285,5,5,372719.255,0.0,0.0,1.0,0.03,573415.823077
1649373,IT,BG,CHEM1,CEREA,0.78,372679.642,5,5,372678.601,0.0,0.0,1.0,0.041,477794.412821
1769283,IT,AU,RUBBE,FURNI,1.23,372652.341,6,6,372650.307,0.0,1.0,1.0,0.034,302969.382927
1675455,IT,FR,MACHI,FOOD4,2.08,372548.409,5,5,372547.378,0.0,0.0,1.0,0.031,179109.812019
1753519,IT,CA,MACHI,PRECI,2.08,372450.438,5,5,372449.407,0.0,0.0,1.0,0.031,179062.710577
1657430,IT,DE,RUBBE,CERAM,1.23,372404.66,6,6,372402.626,0.0,1.0,1.0,0.034,302768.01626
1753410,IT,CA,NONF1,ALUM1,0.08,372403.889,4,4,372403.887,0.0,0.0,0.0,0.002,4655048.6125
1739442,IT,GB,LANDT,TEXTI,2.4,372270.129,4,4,372270.111,0.0,0.0,0.0,0.018,155112.55375
1653754,IT,CZ,COPP1,OFFIC,0.94,372225.527,5,5,372224.508,0.0,0.0,1.0,0.019,395984.603191
1766132,IT,RU,RUBBE,ELECT,1.23,372210.313,6,6,372208.279,0.0,1.0,1.0,0.034,302610.010569
1757683,IT,BR,HEAVY,ALUM1,0.6,372205.121,4,4,372205.091,0.0,0.0,0.0,0.03,620341.868333
1665986,IT,ES,MOTOR,ELEC5,0.56,372193.407,4,4,372193.377,0.0,0.0,0.0,0.03,664631.083929
1729085,IT,SE,RUBBE,SUPPO,1.23,372167.954,6,6,372165.92,0.0,1.0,1.0,0.034,302575.572358
1788838,IT,WA,GASDI,CRUDE,0.55,372166.463,4,4,372166.433,0.0,0.0,0.0,0.03,676666.296364
1805117,IT,WF,PFERT,CEREA,0.16,372103.927,4,4,372103.867,0.0,0.0,0.0,0.06,2325649.54375
1795375,IT,WL,BASIC,FISH5,0.43,372090.978,4,4,372090.954,0.0,0.0,0.0,0.024,865327.855814
1719878,IT,PL,BASIC,WOOD2,0.43,372066.868,4,4,372066.844,0.0,0.0,0.0,0.024,865271.786047
1734789,IT,SK,WOODW,CONST,1.04,372063.466,6,6,372060.441,0.0,2.0,1.0,0.025,357753.332692
1800301,IT,WE,PLAST,RECRE,0.78,372000.365,4,4,372000.327,0.0,0.0,0.0,0.038,476923.544872
1743231,IT,US,TRANS,INSUR,2.22,371989.848,5,5,371988.828,0.0,0.0,1.0,0.02,167562.994595
1798921,IT,WE,FISH5,FOOD5,1.56,371968.264,5,5,371967.073,0.0,1.0,0.0,0.191,238441.194872
1658305,IT,DE,COPP1,DISTR,0.94,371925.354,5,5,371924.335,0.0,0.0,1.0,0.019,395665.270213
1663644,IT,DK,BUSIN,WHOLE,3.82,371873.718,6,6,371871.692,0.0,1.0,1.0,0.026,97349.140838
1748966,IT,CN,WEARI,93197,2.8,371839.322,6,6,371837.251,0.0,1.0,1.0,0.071,132799.757857
1717096,IT,NL,TRAN2,MOTOR,0.57,371825.886,4,4,371825.876,0.0,0.0,0.0,0.01,652326.115789
1681141,IT,GR,SUPPO,MEMBE,2.67,371811.902,5,5,371810.884,0.0,0.0,1.0,0.018,139255.394007
1791696,IT,WA,HOTEL,COMPU,2.69,371756.343,5,5,371755.315,0.0,1.0,0.0,0.028,138199.384015
1782232,IT,NO,BASIC,HEALT,0.43,371739.939,4,4,371739.915,0.0,0.0,0.0,0.024,864511.486047
1670936,IT,FI,CHEM1,LIQUI,0.78,371716.475,5,5,371715.434,0.0,0.0,1.0,0.041,476559.583333
1782836,IT,NO,LANDT,MEATC,2.4,371676.885,4,4,371676.867,0.0,0.0,0.0,0.018,154865.36875
1662185,IT,DK,RUBBE,RESEA,1.23,371621.037,6,6,371619.003,0.0,1.0,1.0,0.034,302130.92439
1666172,IT,ES,GASDI,FOOD4,0.55,371583.994,4,4,371583.964,0.0,0.0,0.0,0.03,675607.261818
1672361,IT,FI,BUSIN,WOODW,3.82,371544.089,6,6,371542.063,0.0,1.0,1.0,0.026,97262.850524
1798676,IT,WE,VEGE1,WEARI,1.14,371491.029,6,6,371487.948,0.0,2.0,1.0,0.081,325869.323684
1667124,IT,ES,BASIC,FOOD5,0.43,371399.144,4,4,371399.121,0.0,0.0,0.0,0.023,863718.939535
1688660,IT,IE,CHEM1,NATUR,0.78,371387.316,5,5,371386.275,0.0,0.0,1.0,0.041,476137.584615
1748663,IT,CN,DAIRY,HEALT,1.51,371354.501,5,5,371351.476,0.0,3.0,0.0,0.025,245930.133113
1766686,IT,RU,FABRI,SUPPO,1.51,371341.969,5,5,371340.942,0.0,0.0,1.0,0.027,245921.833775
1720516,IT,PL,MACHI,RECRE,2.07,371235.723,5,5,371234.693,0.0,0.0,1.0,0.03,179340.928986
1799089,IT,WE,WEARI,POULT,2.8,371232.092,6,6,371230.021,0.0,1.0,1.0,0.071,132582.89
1806895,IT,WF,HOTEL,WHOLE,2.69,371210.407,5,5,371209.379,0.0,1.0,0.0,0.028,137996.433829
1792688,IT,WA,RESEA,RESEA,2.01,371174.697,5,5,371173.671,0.0,0.0,1.0,0.026,184664.028358
1674951,IT,FR,BASIC,COMPU,0.43,371160.852,4,4,371160.829,0.0,0.0,0.0,0.023,863164.772093
1723440,IT,PT,PREC1,PREC1,0.63,371160.474,6,6,371158.457,0.0,1.0,1.0,0.017,589143.609524
1645554,IT,BE,CHEM1,WHEAT,0.78,371106.949,5,5,371105.908,0.0,0.0,1.0,0.041,475778.139744
1749173,IT,CN,PULP5,RUBBE,1.13,371098.362,6,6,371095.327,0.0,2.0,1.0,0.035,328405.630088
1643657,IT,AT,AIRTR,COMPU,0.4,371093.976,4,4,371093.964,0.0,0.0,0.0,0.012,927734.94
1796317,IT,WL,SALEM,SALEM,3.0,371077.666,4,4,371077.643,0.0,0.0,0.0,0.023,123692.555333
1666538,IT,ES,CHEM1,STONE,0.78,371076.586,5,5,371075.545,0.0,0.0,1.0,0.041,475739.212821
1669791,IT,ES,BUSIN,OFFIC,3.81,371061.389,6,6,371059.363,0.0,1.0,1.0,0.026,97391.440682
1795431,IT,WL,BASIC,EDUCA,0.43,371060.907,4,4,371060.884,0.0,0.0,0.0,0.023,862932.34186
1746593,IT,JP,PREC1,PREC1,0.63,371051.232,6,6,371049.215,0.0,1.0,1.0,0.017,588970.209524
1721547,IT,PL,SUPPO,RETA1,2.67,371020.6,5,5,371019.582,0.0,0.0,1.0,0.018,138959.026217
1751938,IT,CN,COMPU,WHOLE,4.24,371005.501,6,6,371003.478,0.0,1.0,1.0,0.023,87501.297406
1713654,IT,MT,ALUM1,INLAN,0.64,370976.633,5,5,370975.603,0.0,0.0,1.0,0.03,579650.989062
1771594,IT,CH,TEXTI,INSUR,2.2,370929.982,4,4,370929.933,0.0,0.0,0.0,0.049,168604.537273
1804535,IT,WF,GASDI,FINAN,0.55,370896.467,4,4,370896.437,0.0,0.0,0.0,0.03,674357.212727
1681583,IT,GR,BUSIN,HEALT,3.81,370895.701,6,6,370893.675,0.0,1.0,1.0,0.026,97347.953018
1738654,IT,GB,MACHI,DAIRY,2.07,370855.622,5,5,370854.592,0.0,0.0,1.0,0.03,179157.305314
1803004,IT,WF,WHEAT,FURNI,0.28,370827.946,5,5,370824.937,0.0,3.0,0.0,0.009,1324385.521429
1716563,IT,NL,CONST,CONST,2.07,370804.496,5,5,370803.476,0.0,0.0,1.0,0.02,179132.606763
1777005,IT,TR,CHEM1,PRECI,0.77,370743.193,5,5,370742.153,0.0,0.0,1.0,0.04,481484.666234
1680955,IT,GR,SEACO,SUPPO,0.38,370715.012,4,4,370715.006,0.0,0.0,0.0,0.006,975565.821053
1809340,IT,WM,STONE,RECRE,1.2,370698.656,5,5,370677.639,0.0,0.0,21.0,0.017,308915.546667
1750428,IT,CN,MACHI,PADDY,2.07,370665.048,5,5,370664.018,0.0,0.0,1.0,0.03,179065.24058
1662686,IT,DK,MACHI,SALEM,2.07,370531.898,5,5,370530.868,0.0,0.0,1.0,0.03,179000.916908
1784315,IT,ID,CHEM1,BUSIN,0.77,370520.282,5,5,370519.242,0.0,0.0,1.0,0.04,481195.171429
1730318,IT,SE,AIRTR,BUSIN,0.4,370478.347,4,4,370478.335,0.0,0.0,0.0,0.012,926195.8675
1805970,IT,WF,COPP1,NICKE,0.94,370421.676,5,5,370420.657,0.0,0.0,1.0,0.019,394065.612766
1802989,IT,WF,WHEAT,NONME,0.28,370421.508,5,5,370418.499,0.0,3.0,0.0,0.009,1322933.957143
1801531,IT,WE,MOTO1,BUSIN,1.97,370420.228,5,5,370419.204,0.0,0.0,1.0,0.024,188030.572589
1756746,IT,KR,AIRTR,TOBAC,0.4,370358.597,4,4,370358.585,0.0,0.0,0.0,0.012,925896.4925
1772438,IT,CH,CHEM1,AIRTR,0.77,370307.085,5,5,370306.045,0.0,0.0,1.0,0.04,480918.292208
1671240,IT,FI,BASIC,CHEM1,0.43,370296.843,4,4,370296.82,0.0,0.0,0.0,0.023,861155.448837
1776340,IT,TR,PAPER,RETA1,1.43,370278.22,6,6,370274.183,0.0,3.0,1.0,0.037,258935.818182
1675227,IT,FR,FABRI,TEXTI,1.51,370242.084,5,5,370241.057,0.0,0.0,1.0,0.027,245193.433113
1794599,IT,WL,HEAVY,CONST,0.6,370233.561,4,4,370233.531,0.0,0.0,0.0,0.03,617055.935
1738160,IT,GB,GLASS,CONST,1.02,370206.856,5,5,370205.835,0.0,0.0,1.0,0.021,362947.898039
1666604,IT,ES,CHEM1,ELEC2,0.77,370177.731,5,5,370176.691,0.0,0.0,1.0,0.04,480750.3
1760920,IT,IN,HEAVY,CRUDE,0.6,370093.85,4,4,370093.82,0.0,0.0,0.0,0.03,616823.083333
1657475,IT,DE,RUBBE,TRAN2,1.23,370071.0,6,6,370068.966,0.0,1.0,1.0,0.034,300870.731707
1810780,IT,WM,KEROS,WOOLS,0.55,370043.566,4,4,370043.536,0.0,0.0,0.0,0.03,672806.483636
1730468,IT,SE,POSTT,RESEA,6.09,369957.86,5,5,369956.832,0.0,0.0,1.0,0.028,60748.417077
1642633,IT,AT,FABRI,COPP1,1.51,369816.649,5,5,369815.622,0.0,0.0,1.0,0.027,244911.688079
1658383,IT,DE,FABRI,FORES,1.5,369812.523,5,5,369811.496,0.0,0.0,1.0,0.027,246541.682
1813973,IT,WM,SEACO,FOOD5,0.38,369713.332,4,4,369713.326,0.0,0.0,0.0,0.006,972929.821053
1756677,IT,KR,SEACO,TEXTI,0.38,369697.211,4,4,369697.205,0.0,0.0,0.0,0.006,972887.397368
1772628,IT,CH,GLASS,RUBBE,1.01,369692.505,5,5,369691.484,0.0,0.0,1.0,0.021,366032.183168
1779917,IT,TW,CONST,MOTOR,2.07,369688.301,5,5,369687.281,0.0,0.0,1.0,0.02,178593.382126
1661150,IT,DE,RECRE,BUSIN,4.7,369679.709,6,6,369677.682,0.0,1.0,1.0,0.027,78655.257234
1788900,IT,WA,GASDI,PUBLI,0.55,369646.588,4,4,369646.558,0.0,0.0,0.0,0.03,672084.705455
1710444,IT,LT,LANDT,MOTOR,2.38,369633.224,4,4,369633.207,0.0,0.0,0.0,0.017,155308.077311
1788092,IT,WA,WEARI,PADDY,2.79,369558.632,6,6,369556.562,0.0,1.0,1.0,0.07,132458.291039
1657094,IT,DE,NONSP,WHOLE,0.49,369511.617,4,4,369511.597,0.0,0.0,0.0,0.02,754105.340816
1789908,IT,WA,CEMEN,NATUR,0.59,369492.199,5,5,369490.182,0.0,0.0,2.0,0.017,626257.964407
1789304,IT,WA,PFERT,CONST,0.16,369469.606,4,4,369469.547,0.0,0.0,0.0,0.059,2309185.0375
1807213,IT,WF,AIRTR,RECRE,0.4,369460.929,4,4,369460.917,0.0,0.0,0.0,0.012,923652.3225
1812225,IT,WM,NONME,BASIC,0.75,369458.269,5,5,369457.228,0.0,0.0,1.0,0.041,492611.025333
1742701,IT,US,NONF1,RECRE,0.08,369434.585,4,4,369434.583,0.0,0.0,0.0,0.002,4617932.3125
1729734,IT,SE,MACHI,PAPER,2.06,369385.828,5,5,369384.798,0.0,0.0,1.0,0.03,179313.508738
1750024,IT,CN,NONME,MACHI,0.75,369360.816,5,5,369359.775,0.0,0.0,1.0,0.041,492481.088
1801734,IT,WE,ELEC1,RECRE,0.05,369310.109,4,4,369310.086,0.0,0.0,0.0,0.023,7386202.18
1805597,IT,WF,CEMEN,PUBLI,0.59,369299.172,5,5,369297.155,0.0,0.0,2.0,0.017,625930.8
1760814,IT,IN,COKEO,RENTI,0.05,369284.815,4,4,369284.813,0.0,0.0,0.0,0.002,7385696.3
1672414,IT,FI,BUSIN,HOTEL,3.79,369268.624,6,6,369266.599,0.0,1.0,1.0,0.025,97432.354617
1653980,IT,CZ,MACHI,GASDI,2.06,369216.901,5,5,369215.871,0.0,0.0,1.0,0.03,179231.50534
1809051,IT,WM,VEGET,BUSIN,1.31,369208.662,5,5,369206.647,0.0,2.0,0.0,0.015,281838.673282
1805405,IT,WF,RUBBE,AIRTR,1.22,369191.611,6,6,369189.578,0.0,1.0,1.0,0.033,302616.07459
1657301,IT,DE,CHEM1,OILHA,0.77,369182.736,5,5,369181.696,0.0,0.0,1.0,0.04,479458.098701
1790113,IT,WA,BASIC,CHEM1,0.42,369114.004,4,4,369113.981,0.0,0.0,0.0,0.023,878842.866667
1653038,IT,CZ,PLAST,ELECT,0.77,369084.516,4,4,369084.478,0.0,0.0,0.0,0.038,479330.54026
1657330,IT,DE,ADDIT,WHOLE,0.85,369076.048,6,6,369072.019,0.0,3.0,1.0,0.029,434207.115294
1656954,IT,DE,LIQUE,FABRI,0.65,369058.533,4,4,369058.503,0.0,0.0,0.0,0.03,567782.358462
1688186,IT,HU,BUSIN,BUSIN,3.79,369021.016,6,6,369018.991,0.0,1.0,1.0,0.025,97367.022691
1731681,IT,SI,WOODW,TRANS,1.03,368990.343,6,6,368987.318,0.0,2.0,1.0,0.025,358243.051456
1777792,IT,TR,FABRI,WEARI,1.5,368985.047,5,5,368984.021,0.0,0.0,1.0,0.026,245990.031333
1749878,IT,CN,RUBBE,HOTEL,1.22,368945.125,6,6,368943.092,0.0,1.0,1.0,0.033,302414.036885
1764902,IT,MX,AIRTR,AIRTR,0.4,368920.956,4,4,368920.944,0.0,0.0,0.0,0.012,922302.39
1761232,IT,IN,RUBBE,BITUM,1.22,368909.788,6,6,368907.755,0.0,1.0,1.0,0.033,302385.072131
1688832,IT,IE,NONME,CONST,0.75,368889.304,5,5,368888.264,0.0,0.0,1.0,0.04,491852.405333
1800212,IT,WE,PLAST,VEGE1,0.77,368881.976,4,4,368881.938,0.0,0.0,0.0,0.038,479067.501299
1749809,IT,CN,RUBBE,CRUDE,1.22,368870.803,6,6,368868.77,0.0,1.0,1.0,0.033,302353.117213
1793758,IT,WL,BEVER,EDUCA,1.57,368783.337,5,5,368782.313,0.0,1.0,0.0,0.024,234893.845223
1716085,IT,NL,BASIC,ALUM1,0.42,368730.753,4,4,368730.73,0.0,0.0,0.0,0.023,877930.364286
1671576,IT,FI,MOTO1,MACHI,1.96,368694.35,5,5,368693.326,0.0,0.0,1.0,0.024,188109.362245
1667403,IT,ES,COPP1,TRANS,0.93,368669.157,5,5,368668.138,0.0,0.0,1.0,0.019,396418.448387
1758091,IT,BR,GLASS,GLASS,1.01,368659.428,5,5,368658.407,0.0,0.0,1.0,0.021,365009.334653
1718416,IT,PL,BEVER,HEALT,1.57,368649.302,5,5,368648.278,0.0,1.0,0.0,0.024,234808.472611
1760564,IT,IN,LEATH,FURNI,2.64,368608.891,6,6,368604.827,0.0,3.0,1.0,0.064,139624.579924
1773738,IT,CH,ELEC1,CONST,0.05,368584.037,4,4,368584.014,0.0,0.0,0.0,0.023,7371680.74
1650328,IT,BG,ELEC2,PAPER,0.09,368583.757,4,4,368583.718,0.0,0.0,0.0,0.039,4095375.077778
1648211,IT,BE,BUSIN,MEDIC,3.79,368546.982,6,6,368544.957,0.0,1.0,1.0,0.025,97241.947757
1772135,IT,CH,MOTOR,PUBLI,0.55,368506.363,4,4,368506.333,0.0,0.0,0.0,0.03,670011.569091
1666430,IT,ES,BITU1,DIST1,0.58,368505.88,4,4,368505.851,0.0,0.0,0.0,0.029,635354.965517
1655274,IT,DE,WHEAT,HOTEL,0.28,368505.107,5,5,368502.098,0.0,3.0,0.0,0.009,1316089.667857
1741634,IT,US,HEAVY,FOOD5,0.6,368405.277,4,4,368405.247,0.0,0.0,0.0,0.03,614008.795
1662886,IT,DK,WHOLE,OFFIC,3.18,368351.384,6,6,368349.363,0.0,1.0,1.0,0.021,115833.768553
1737791,IT,GB,NAPHT,KEROS,0.63,368347.377,5,5,368346.351,0.0,0.0,1.0,0.026,584678.37619
1673777,IT,FR,PAPER,FOODW,1.43,368332.714,6,6,368328.678,0.0,3.0,1.0,0.036,257575.324476
1726116,IT,RO,RUBBE,SALEM,1.22,368301.942,6,6,368299.909,0.0,1.0,1.0,0.033,301886.837705
1800037,IT,WE,HEAVY,RECRE,0.59,368264.56,4,4,368264.53,0.0,0.0,0.0,0.03,624177.220339
1723000,IT,PT,PLAST,TEXTI,0.77,368218.901,4,4,368218.864,0.0,0.0,0.0,0.037,478206.364935
1763507,IT,MX,CHEM1,CATTL,0.77,368217.701,5,5,368216.661,0.0,0.0,1.0,0.04,478204.806494
1731899,IT,SI,COKEO,FOUND,0.05,368215.98,4,4,368215.978,0.0,0.0,0.0,0.002,7364319.6
1809555,IT,WM,VEGE1,VEGE1,1.13,368191.13,6,6,368188.05,0.0,2.0,1.0,0.08,325832.858407
1641621,IT,AT,NAPHT,BUSIN,0.62,368190.879,5,5,368189.853,0.0,0.0,1.0,0.026,593856.256452
1763905,IT,MX,BASIC,VEGE1,0.42,368171.264,4,4,368171.241,0.0,0.0,0.0,0.023,876598.247619
1813773,IT,WM,HOTEL,AIRTR,2.67,368107.735,5,5,368106.707,0.0,1.0,0.0,0.028,137868.065543
1643644,IT,AT,AIRTR,RETA1,0.4,368107.43,4,4,368107.418,0.0,0.0,0.0,0.012,920268.575
1809329,IT,WM,STONE,FINAN,1.19,368096.067,5,5,368075.05,0.0,0.0,21.0,0.017,309324.42605
1676934,IT,FR,AIRTR,BEVER,0.4,368093.091,4,4,368093.079,0.0,0.0,0.0,0.012,920232.7275
1719710,IT,PL,NONME,FABRI,0.74,368086.232,5,5,368085.192,0.0,0.0,1.0,0.04,497413.827027
1717006,IT,NL,LANDT,GASDI,2.37,368021.131,4,4,368021.114,0.0,0.0,0.0,0.017,155283.177637
1787860,IT,WA,FOOD5,SEACO,1.77,367929.238,5,5,367927.205,0.0,2.0,0.0,0.033,207869.625989
1782473,IT,NO,MACHI,RETA1,2.05,367916.038,5,5,367915.008,0.0,0.0,1.0,0.03,179471.238049
1765963,IT,RU,CHEM1,MEATP,0.77,367915.221,5,5,367914.181,0.0,0.0,1.0,0.04,477811.975325
1748457,IT,CN,STONE,RUBBE,1.19,367852.499,5,5,367831.482,0.0,0.0,21.0,0.017,309119.747059
1656637,IT,DE,PRINT,INSUR,3.53,367805.837,6,6,367803.809,0.0,1.0,1.0,0.028,104194.288102
1756186,IT,KR,MACHI,PFERT,2.05,367775.88,5,5,367774.85,0.0,0.0,1.0,0.03,179402.868293
1791678,IT,WA,HOTEL,CONST,2.67,367720.502,5,5,367719.474,0.0,1.0,0.0,0.028,137723.034457
1641325,IT,AT,KEROS,FORES,0.55,367709.375,4,4,367709.345,0.0,0.0,0.0,0.03,668562.5
1715423,IT,NL,MOTOR,OFFIC,0.55,367699.458,4,4,367699.428,0.0,0.0,0.0,0.03,668544.469091
1751432,IT,CN,AIRTR,FISHF,0.4,367600.907,4,4,367600.895,0.0,0.0,0.0,0.012,919002.2675
1661047,IT,DE,BUSIN,93197,3.77,367554.263,6,6,367552.238,0.0,1.0,1.0,0.025,97494.499469
1755026,IT,KR,WEARI,PFERT,2.77,367546.504,6,6,367544.434,0.0,1.0,1.0,0.07,132688.268592
1812839,IT,WM,FABRI,GLASS,1.5,367524.12,5,5,367523.094,0.0,0.0,1.0,0.026,245016.08
1729354,IT,SE,BASIC,RAWMI,0.42,367498.48,4,4,367498.457,0.0,0.0,0.0,0.023,874996.380952
1749290,IT,CN,PAPER,SUPPO,1.42,367447.625,6,6,367443.589,0.0,3.0,1.0,0.036,258765.933099
1671255,IT,FI,BASIC,OFFIC,0.42,367444.716,4,4,367444.693,0.0,0.0,0.0,0.023,874868.371429
1769304,IT,AU,RUBBE,BUSIN,1.22,367420.689,6,6,367418.656,0.0,1.0,1.0,0.033,301164.49918
1800006,IT,WE,HEAVY,TRANS,0.59,367420.418,4,4,367420.389,0.0,0.0,0.0,0.029,622746.471186
1790432,IT,WA,LEAD1,WHOLE,0.64,367417.738,6,6,367414.707,0.0,1.0,2.0,0.031,574090.215625
1782386,IT,NO,FABRI,WHOLE,1.5,367406.844,5,5,367405.818,0.0,0.0,1.0,0.026,244937.896
1791170,IT,WA,FURNI,NATUR,1.17,367367.24,6,6,367365.208,0.0,1.0,1.0,0.032,313989.094017
1755579,IT,KR,CHEM1,RETA1,0.77,367200.235,5,5,367199.195,0.0,0.0,1.0,0.04,476883.422078
1812091,IT,WM,CERAM,LANDT,0.57,367156.012,5,5,367153.992,0.0,0.0,2.0,0.02,644133.354386
1759140,IT,BR,AIRTR,TRANS,0.4,367098.153,4,4,367098.141,0.0,0.0,0.0,0.012,917745.3825
1716198,IT,NL,ALUM1,FURNI,0.64,367092.482,5,5,367091.453,0.0,0.0,1.0,0.029,573582.003125
1777787,IT,TR,FABRI,FOOD5,1.49,367024.829,5,5,367023.803,0.0,0.0,1.0,0.026,246325.388591
1656065,IT,DE,BEVER,ADDIT,1.56,367021.077,5,5,367020.053,0.0,1.0,0.0,0.024,235269.921154
1731088,IT,SI,OILSE,STONE,0.27,366990.789,5,5,366987.772,0.0,3.0,0.0,0.017,1359225.144444
1805038,IT,WF,PLAST,RADIO,0.77,366943.472,4,4,366943.435,0.0,0.0,0.0,0.037,476549.963636
1690571,IT,IE,93197,MACHI,2.47,366914.65,4,4,366914.617,0.0,0.0,0.0,0.033,148548.441296
1773471,IT,CH,OFFIC,AIRTR,1.14,366905.384,4,4,366905.358,0.0,0.0,0.0,0.026,321846.82807
1782007,IT,NO,RUBBE,TRANS,1.22,366882.117,6,6,366880.084,0.0,1.0,1.0,0.033,300723.046721
1740826,IT,US,VEGE1,ADDIT,1.13,366878.844,6,6,366875.764,0.0,2.0,1.0,0.08,324671.543363
1719219,IT,PL,CHEM1,FORES,0.77,366861.49,5,5,366860.45,0.0,0.0,1.0,0.04,476443.493506
1716507,IT,NL,OFFIC,RESEA,1.14,366853.802,4,4,366853.776,0.0,0.0,0.0,0.026,321801.580702
1669205,IT,ES,POSTT,RETA1,6.04,366851.343,5,5,366850.315,0.0,0.0,1.0,0.028,60736.977318
1666406,IT,ES,NAPHT,RESEA,0.62,366821.56,5,5,366820.534,0.0,0.0,1.0,0.026,591647.677419
1760440,IT,IN,FOOD5,HOTEL,1.76,366799.049,5,5,366797.016,0.0,2.0,0.0,0.033,208408.550568
1752641,IT,CA,TEXTI,WHOLE,2.17,366792.326,4,4,366792.277,0.0,0.0,0.0,0.049,169028.721659
1813333,IT,WM,FURNI,NATU1,1.17,366776.834,6,6,366774.802,0.0,1.0,1.0,0.032,313484.473504
1754547,IT,CA,BUSIN,POSTT,3.77,366732.613,6,6,366730.588,0.0,1.0,1.0,0.025,97276.555172
1679603,IT,GR,RUBBE,AIRTR,1.21,366652.711,6,6,366650.678,0.0,1.0,1.0,0.033,303018.769421
1732186,IT,SI,GASDI,HEALT,0.55,366651.573,4,4,366651.543,0.0,0.0,0.0,0.03,666639.223636
1777135,IT,TR,ADDIT,CHEM1,0.85,366624.31,6,6,366620.281,0.0,3.0,1.0,0.029,431322.717647
1745472,IT,JP,FOOD5,DAIRY,1.76,366569.972,5,5,366567.939,0.0,2.0,0.0,0.033,208278.393182
1794823,IT,WL,PLAST,MEDIC,0.77,366552.444,4,4,366552.407,0.0,0.0,0.0,0.037,476042.135065
1735964,IT,SK,MOTO1,WHOLE,1.95,366507.144,5,5,366506.12,0.0,0.0,1.0,0.024,187952.381538
1646362,IT,BE,FABRI,RUBBE,1.49,366485.617,5,5,366484.591,0.0,0.0,1.0,0.026,245963.501342
1642247,IT,AT,NONME,NFERT,0.74,366479.8,5,5,366478.76,0.0,0.0,1.0,0.04,495242.972973
1674181,IT,FR,LIQUE,BEVER,0.64,366463.673,4,4,366463.643,0.0,0.0,0.0,0.03,572599.489062
1788236,IT,WA,LEATH,STONE,2.62,366420.161,6,6,366416.098,0.0,3.0,1.0,0.063,139855.023282
1673094,IT,FR,FOOD5,POSTT,1.76,366414.093,5,5,366412.06,0.0,2.0,0.0,0.033,208189.825568
1667782,IT,ES,OFFIC,PLAST,1.14,366398.38,4,4,366398.354,0.0,0.0,0.0,0.026,321402.087719
1812704,IT,WM,COPP1,PUBLI,0.93,366392.696,5,5,366391.677,0.0,0.0,1.0,0.019,393970.64086
1713327,IT,MT,KERO1,FOOD5,0.53,366357.545,4,4,366357.515,0.0,0.0,0.0,0.03,691240.650943
1720378,IT,PL,MACHI,PIGS9,2.04,366319.349,5,5,366318.319,0.0,0.0,1.0,0.03,179568.308333
1645343,IT,BE,GASDI,LANDT,0.55,366220.475,4,4,366220.445,0.0,0.0,0.0,0.03,665855.409091
1656833,IT,DE,GASDI,BUSIN,0.55,366216.623,4,4,366216.593,0.0,0.0,0.0,0.03,665848.405455
1685581,IT,HU,PRINT,PRINT,3.51,366133.675,6,6,366131.647,0.0,1.0,1.0,0.028,104311.588319
1797513,IT,WL,BUSIN,CHEM1,3.76,366110.57,6,6,366108.545,0.0,1.0,1.0,0.025,97369.832447
1733231,IT,SI,MACHI,ELEC3,2.04,366068.553,5,5,366067.523,0.0,0.0,1.0,0.03,179445.369118
1804485,IT,WF,GASDI,PAPER,0.54,365967.162,4,4,365967.132,0.0,0.0,0.0,0.03,677716.966667
1766784,IT,RU,MACHI,CHEM1,2.04,365917.617,5,5,365916.587,0.0,0.0,1.0,0.03,179371.380882
1766371,IT,RU,BASIC,SUGA1,0.42,365912.994,4,4,365912.971,0.0,0.0,0.0,0.023,871221.414286
1752809,IT,CA,PAPER,PRINT,1.42,365906.833,6,6,365902.797,0.0,3.0,1.0,0.036,257680.86831
1809669,IT,WM,DAIRY,93197,1.49,365895.716,5,5,365892.691,0.0,3.0,0.0,0.025,245567.594631
1719866,IT,PL,BASIC,OILHA,0.42,365855.882,4,4,365855.859,0.0,0.0,0.0,0.023,871085.433333
1764042,IT,MX,NONF1,LEAD1,0.08,365793.12,4,4,365793.118,0.0,0.0,0.0,0.002,4572414.0
1683101,IT,HR,RUBBE,FABRI,1.21,365789.645,6,6,365787.612,0.0,1.0,1.0,0.033,302305.491736
1789045,IT,WA,NAPHT,MACHI,0.62,365782.32,5,5,365781.294,0.0,0.0,1.0,0.026,589971.483871
1790540,IT,WA,NONF1,LEATH,0.08,365776.256,4,4,365776.254,0.0,0.0,0.0,0.002,4572203.2
1780378,IT,TW,AIRTR,SALEM,0.4,365769.917,4,4,365769.905,0.0,0.0,0.0,0.012,914424.7925
1757944,IT,BR,ADDIT,GASDI,0.85,365761.074,6,6,365757.045,0.0,3.0,1.0,0.029,430307.145882
1656222,IT,DE,TEXTI,POSTT,2.17,365733.384,4,4,365733.335,0.0,0.0,0.0,0.049,168540.729954
1794424,IT,WL,GASDI,VEGET,0.54,365689.066,4,4,365689.036,0.0,0.0,0.0,0.03,677201.974074
1774249,IT,CH,RETA1,SUPPO,3.82,365654.361,6,6,365652.337,0.0,1.0,1.0,0.024,95721.036911
1672389,IT,FI,BUSIN,MACHI,3.76,365621.435,6,6,365619.41,0.0,1.0,1.0,0.025,97239.743351
1747304,IT,JP,WHOLE,WHOLE,3.16,365601.453,6,6,365599.432,0.0,1.0,1.0,0.021,115696.662342
1791156,IT,WA,FURNI,CROPS,1.17,365591.122,6,6,365589.091,0.0,1.0,1.0,0.031,312471.044444
1643337,IT,AT,RAILW,BASIC,2.45,365583.481,5,5,365580.465,0.0,0.0,3.0,0.016,149217.747347
1757940,IT,BR,CHEM1,93197,0.76,365561.08,5,5,365560.04,0.0,0.0,1.0,0.04,481001.421053
1658880,IT,DE,TRANS,RETA1,2.18,365556.065,5,5,365555.045,0.0,0.0,1.0,0.02,167686.268349
1785331,IT,ZA,LEATH,HEALT,2.62,365496.397,6,6,365492.334,0.0,3.0,1.0,0.063,139502.441603
1761117,IT,IN,CHEM1,LEATH,0.76,365475.901,5,5,365474.861,0.0,0.0,1.0,0.04,480889.343421
1662101,IT,DK,CHEM1,EDUCA,0.76,365455.447,5,5,365454.407,0.0,0.0,1.0,0.04,480862.430263
1656030,IT,DE,BEVER,CATTL,1.55,365419.482,5,5,365418.459,0.0,1.0,0.0,0.023,235754.504516
1777475,IT,TR,BASIC,TEXTI,0.42,365400.295,4,4,365400.272,0.0,0.0,0.0,0.023,870000.702381
1763860,IT,MX,NONME,ALUM1,0.74,365314.566,5,5,365313.526,0.0,0.0,1.0,0.04,493668.332432
1683078,IT,HR,RUBBE,BEVER,1.21,365310.233,6,6,365308.2,0.0,1.0,1.0,0.033,301909.283471
1772427,IT,CH,CHEM1,COLLE,0.76,365269.865,5,5,365268.825,0.0,0.0,1.0,0.04,480618.243421
1650055,IT,BG,MACHI,OFFIC,2.04,365255.254,5,5,365254.224,0.0,0.0,1.0,0.03,179046.693137
1649456,IT,BG,CHEM1,RAILW,0.76,365253.147,5,5,365252.107,0.0,0.0,1.0,0.04,480596.246053
1720586,IT,PL,OFFIC,HEALT,1.13,365219.561,4,4,365219.535,0.0,0.0,0.0,0.026,323203.151327
1786425,IT,ZA,MACHI,RECRE,2.04,365193.28,5,5,365192.25,0.0,0.0,1.0,0.03,179016.313725
1784219,IT,ID,PLAST,LEATH,0.77,365171.073,4,4,365171.036,0.0,0.0,0.0,0.037,474248.146753
1755746,IT,KR,GLASS,TRANS,1.0,365092.664,5,5,365091.643,0.0,0.0,1.0,0.021,365092.664
1689261,IT,IE,WHOLE,FABRI,3.15,365077.248,6,6,365075.227,0.0,1.0,1.0,0.021,115897.539048
1765666,IT,RU,PAPER,FISH5,1.41,365076.462,6,6,365072.426,0.0,3.0,1.0,0.036,258919.476596
1813947,IT,WM,SEACO,VEGET,0.37,365055.455,4,4,365055.449,0.0,0.0,0.0,0.006,986636.364865
1782122,IT,NO,CERAM,SUPPO,0.57,365050.131,5,5,365048.111,0.0,0.0,2.0,0.02,640438.826316
1662653,IT,DK,MACHI,CHEM1,2.04,365034.411,5,5,365033.381,0.0,0.0,1.0,0.03,178938.436765
1665380,IT,ES,TEXTI,PRINT,2.16,365034.291,4,4,365034.243,0.0,0.0,0.0,0.048,168997.356944
1780268,IT,TW,LANDT,NONME,2.35,365018.788,4,4,365018.771,0.0,0.0,0.0,0.017,155327.14383
1776019,IT,TR,TEXTI,PAPER,2.16,364980.239,4,4,364980.191,0.0,0.0,0.0,0.048,168972.33287
1752151,IT,CN,BUSIN,FINAN,3.75,364957.771,6,6,364955.746,0.0,1.0,1.0,0.025,97322.072267
1771930,IT,CH,PAPER,PLAST,1.41,364929.249,6,6,364925.213,0.0,3.0,1.0,0.036,258815.070213
1719198,IT,PL,PLAST,HEALT,0.77,364928.073,4,4,364928.036,0.0,0.0,0.0,0.037,473932.562338
1646366,IT,BE,FABRI,CEMEN,1.49,364927.632,5,5,364926.606,0.0,0.0,1.0,0.026,244917.873826
1657509,IT,DE,RUBBE,RECRE,1.21,364926.175,6,6,364924.142,0.0,1.0,1.0,0.033,301591.880165
1685131,IT,HU,FOOD5,LANDT,1.75,364904.963,5,5,364902.93,0.0,2.0,0.0,0.033,208517.121714
1805062,IT,WF,PLAST,TRAN2,0.77,364880.387,4,4,364880.35,0.0,0.0,0.0,0.037,473870.632468
1813380,IT,WM,FURNI,MACHI,1.16,364849.203,6,6,364847.172,0.0,1.0,1.0,0.031,314525.175
1743565,IT,US,HOTEL,MEATC,2.64,364823.173,5,5,364822.146,0.0,1.0,0.0,0.027,138190.595833
1655949,IT,DE,FOOD5,POULT,1.75,364756.841,5,5,364754.808,0.0,2.0,0.0,0.033,208432.480571
1683631,IT,HR,FABRI,PAPER,1.48,364753.482,5,5,364752.456,0.0,0.0,1.0,0.026,246455.055405
1689277,IT,IE,WHOLE,HOTEL,3.15,364731.42,6,6,364729.399,0.0,1.0,1.0,0.021,115787.752381
1761596,IT,IN,NONF1,MOTO1,0.08,364715.093,4,4,364715.091,0.0,0.0,0.0,0.002,4558938.6625
1799737,IT,WE,KEROS,WEARI,0.54,364653.955,4,4,364653.925,0.0,0.0,0.0,0.03,675285.101852
1715802,IT,NL,RUBBE,MEATP,1.21,364610.648,6,6,364608.615,0.0,1.0,1.0,0.033,301331.11405
1641624,IT,AT,BITU1,GASDI,0.57,364604.459,4,4,364604.43,0.0,0.0,0.0,0.029,639656.945614
1739006,IT,GB,SALEM,WHOLE,2.94,364568.075,4,4,364568.052,0.0,0.0,0.0,0.023,124002.746599
1755162,IT,KR,LEATH,HOTEL,2.61,364485.206,6,6,364481.143,0.0,3.0,1.0,0.063,139649.504215
1784269,IT,ID,CHEM1,GLASS,0.76,364431.695,5,5,364430.655,0.0,0.0,1.0,0.04,479515.388158
1744033,IT,US,AIRTR,RETAI,0.4,364427.955,4,4,364427.944,0.0,0.0,0.0,0.011,911069.8875
1782129,IT,NO,CERAM,HEALT,0.57,364384.898,5,5,364382.878,0.0,0.0,2.0,0.02,639271.750877
1732401,IT,SI,PLAST,OFFIC,0.76,364362.511,4,4,364362.474,0.0,0.0,0.0,0.037,479424.356579
1792701,IT,WA,BUSIN,NATUR,3.74,364358.986,6,6,364356.961,0.0,1.0,1.0,0.025,97422.18877
1766172,IT,RU,RUBBE,HEALT,1.21,364351.647,6,6,364349.614,0.0,1.0,1.0,0.033,301117.063636
1677728,IT,FR,RENTI,RESEA,2.18,364322.398,5,5,364321.378,0.0,0.0,1.0,0.02,167120.366055
1795670,IT,WL,FABRI,FOUND,1.48,364232.056,5,5,364231.03,0.0,0.0,1.0,0.026,246102.740541
1777062,IT,TR,CHEM1,MACHI,0.76,364165.732,5,5,364164.692,0.0,0.0,1.0,0.04,479165.436842
1751207,IT,CN,HOTEL,CERAM,2.64,364145.345,5,5,364144.318,0.0,1.0,0.0,0.027,137933.842803
1790437,IT,WA,LEAD1,REALE,0.63,364106.885,6,6,364103.854,0.0,1.0,2.0,0.031,577947.436508
1796539,IT,WL,RETA1,HOTEL,3.8,364106.554,6,6,364104.53,0.0,1.0,1.0,0.024,95817.514211
1679542,IT,GR,RUBBE,DAIRY,1.21,364103.257,6,6,364101.224,0.0,1.0,1.0,0.033,300911.782645
1673126,IT,FR,BEVER,CATTL,1.55,364092.078,5,5,364091.055,0.0,1.0,0.0,0.023,234898.114839
1777791,IT,TR,FABRI,TEXTI,1.48,364080.779,5,5,364079.753,0.0,0.0,1.0,0.026,246000.526351
1797544,IT,WL,BUSIN,COMPU,3.74,364071.365,6,6,364069.34,0.0,1.0,1.0,0.025,97345.284759
1679313,IT,GR,NAPHT,MOTOR,0.62,364039.193,5,5,364038.167,0.0,0.0,1.0,0.026,587159.98871
1805387,IT,WF,RUBBE,RADIO,1.21,364017.769,6,6,364015.736,0.0,1.0,1.0,0.033,300841.131405
1676369,IT,FR,WHOLE,WOODW,3.15,363997.013,6,6,363994.992,0.0,1.0,1.0,0.021,115554.607302
1720721,IT,PL,TRANS,BITUM,2.17,363826.298,5,5,363825.278,0.0,0.0,1.0,0.02,167661.888479
1643080,IT,AT,WHOLE,WEARI,3.14,363816.366,6,6,363814.345,0.0,1.0,1.0,0.021,115865.084713
1776973,IT,TR,PFERT,WHEAT,0.16,363751.46,4,4,363751.402,0.0,0.0,0.0,0.058,2273446.625
1661983,IT,DK,PETRO,CEMEN,0.61,363746.267,5,5,363745.239,0.0,0.0,1.0,0.028,596305.355738
1771253,IT,CH,VEGE1,RETA1,1.12,363736.682,6,6,363733.603,0.0,2.0,1.0,0.079,324764.894643
1669809,IT,ES,BUSIN,DISTR,3.74,363707.645,6,6,363705.62,0.0,1.0,1.0,0.025,97248.033422
1757915,IT,BR,CHEM1,RETA1,0.76,363578.995,5,5,363577.955,0.0,0.0,1.0,0.04,478393.414474
1682048,IT,HR,FISH5,MEAT4,1.53,363577.326,5,5,363576.139,0.0,1.0,0.0,0.187,237632.239216
1647229,IT,BE,LANDT,PLAST,2.35,363531.231,4,4,363531.214,0.0,0.0,0.0,0.017,154694.140851
1737987,IT,GB,CHEM1,PUBLI,0.76,363467.139,5,5,363466.099,0.0,0.0,1.0,0.04,478246.235526
1730820,IT,SE,BUSIN,POSTT,3.73,363457.708,6,6,363455.683,0.0,1.0,1.0,0.025,97441.744772
1810354,IT,WM,WOODW,MACHI,1.02,363433.738,6,6,363430.713,0.0,2.0,1.0,0.025,356307.586275
1745652,IT,JP,TEXTI,FABRI,2.15,363420.156,4,4,363420.108,0.0,0.0,0.0,0.048,169032.630698
1730257,IT,SE,SEACO,GASDI,0.37,363364.628,4,4,363364.622,0.0,0.0,0.0,0.006,982066.562162
1810329,IT,WM,WOODW,PULP5,1.02,363354.136,6,6,363351.111,0.0,2.0,1.0,0.025,356229.545098
1766720,IT,RU,MACHI,OILSE,2.03,363326.854,5,5,363325.824,0.0,0.0,1.0,0.03,178978.745813
1804725,IT,WF,LIQUE,INSUR,0.64,363277.698,4,4,363277.669,0.0,0.0,0.0,0.029,567621.403125
1739500,IT,GB,LANDT,DIST1,2.34,363264.182,4,4,363264.165,0.0,0.0,0.0,0.017,155241.103419
1805721,IT,WF,BASIC,RUBBE,0.42,363263.929,4,4,363263.906,0.0,0.0,0.0,0.023,864914.116667
1738307,IT,GB,BASIC,CHEM1,0.42,363250.817,4,4,363250.794,0.0,0.0,0.0,0.023,864882.897619
1740564,IT,US,OILSE,OILSE,0.26,363210.073,5,5,363207.056,0.0,3.0,0.0,0.017,1396961.819231
1794340,IT,WL,MOTOR,HOTEL,0.54,363209.836,4,4,363209.806,0.0,0.0,0.0,0.03,672610.807407
1647752,IT,BE,INSUR,INSUR,7.49,363203.57,4,4,363203.553,0.0,0.0,0.0,0.017,48491.798398
1791130,IT,WA,TRANS,POSTT,2.17,363194.302,5,5,363193.282,0.0,0.0,1.0,0.02,167370.646083
1715292,IT,NL,PAPER,MOTO1,1.41,363185.555,6,6,363181.519,0.0,3.0,1.0,0.036,257578.407801
1656705,IT,DE,MOTOR,NUCLE,0.54,363155.032,4,4,363155.002,0.0,0.0,0.0,0.03,672509.318519
1685925,IT,HU,CHEM1,RENTI,0.76,363146.848,5,5,363145.808,0.0,0.0,1.0,0.04,477824.8
1757982,IT,BR,RUBBE,MEAT4,1.2,363135.523,6,6,363133.49,0.0,1.0,1.0,0.033,302612.935833
1772938,IT,CH,PREC1,PLAST,0.62,363014.472,6,6,363012.455,0.0,1.0,1.0,0.017,585507.212903
1755952,IT,KR,PREC1,FOUND,0.62,363003.051,6,6,363001.034,0.0,1.0,1.0,0.017,585488.791935
1779002,IT,TR,AIRTR,WEARI,0.4,362965.223,4,4,362965.212,0.0,0.0,0.0,0.011,907413.0575
1640351,IT,AT,MEATC,TOBAC,1.21,362947.137,5,5,362942.114,0.0,5.0,0.0,0.023,299956.31157
1654308,IT,CZ,ELEC2,OFFIC,0.09,362910.884,4,4,362910.846,0.0,0.0,0.0,0.038,4032343.155556
1712810,IT,LV,AIRTR,SUPPO,0.4,362890.626,4,4,362890.615,0.0,0.0,0.0,0.011,907226.565
1800176,IT,WE,PLAST,OILSE,0.76,362873.971,4,4,362873.934,0.0,0.0,0.0,0.037,477465.751316
1647523,IT,BE,SUPPO,MACHI,2.61,362822.058,5,5,362821.04,0.0,0.0,1.0,0.018,139012.282759
1666209,IT,ES,HEAVY,MOTOR,0.59,362817.72,4,4,362817.691,0.0,0.0,0.0,0.029,614945.288136
1660985,IT,DE,BUSIN,ELEC3,3.73,362793.924,6,6,362791.899,0.0,1.0,1.0,0.025,97263.786595
1658630,IT,DE,MACHI,RAILW,2.02,362715.913,5,5,362714.883,0.0,0.0,1.0,0.03,179562.333168
1811163,IT,WM,NAPHT,CERAM,0.62,362685.819,5,5,362684.793,0.0,0.0,1.0,0.026,584977.127419
1788824,IT,WA,GASDI,PADDY,0.54,362670.486,4,4,362670.456,0.0,0.0,0.0,0.03,671612.011111
1760726,IT,IN,PAPER,FINAN,1.41,362609.124,6,6,362605.088,0.0,3.0,1.0,0.036,257169.591489
1741828,IT,US,NFERT,CONST,0.08,362600.313,4,4,362600.283,0.0,0.0,0.0,0.03,4532503.9125
1790705,IT,WA,FABRI,SUPPO,1.48,362587.983,5,5,362586.957,0.0,0.0,1.0,0.026,244991.880405
1794659,IT,WL,NAPHT,WOODW,0.62,362574.343,5,5,362573.317,0.0,0.0,1.0,0.026,584797.327419
1721231,IT,PL,LANDT,KEROS,2.34,362539.311,4,4,362539.294,0.0,0.0,0.0,0.017,154931.329487
1804736,IT,WF,LIQUE,93197,0.63,362516.244,4,4,362516.215,0.0,0.0,0.0,0.029,575422.609524
1814221,IT,WM,SUPPO,EDUCA,2.61,362437.744,5,5,362436.726,0.0,0.0,1.0,0.018,138865.036015
1720784,IT,PL,TRANS,BUSIN,2.16,362410.866,5,5,362409.846,0.0,0.0,1.0,0.02,167782.808333
1675837,IT,FR,ELEC1,FABRI,0.05,362408.215,4,4,362408.192,0.0,0.0,0.0,0.023,7248164.3
1770219,IT,AU,HOTEL,PRECI,2.63,362395.239,5,5,362394.212,0.0,1.0,0.0,0.027,137792.86654
1742494,IT,US,BASIC,MEDIC,0.42,362340.7,4,4,362340.677,0.0,0.0,0.0,0.023,862715.952381
1675674,IT,FR,TRANS,RETAI,2.16,362334.094,5,5,362333.074,0.0,0.0,1.0,0.02,167747.265741
1749557,IT,CN,PLAST,NONME,0.76,362330.623,4,4,362330.586,0.0,0.0,0.0,0.037,476750.819737
1772351,IT,CH,PLAST,93197,0.76,362317.677,4,4,362317.64,0.0,0.0,0.0,0.037,476733.785526
1770230,IT,AU,HOTEL,DAIRY,2.63,362303.401,5,5,362302.374,0.0,1.0,0.0,0.027,137757.947148
1812548,IT,WM,ALUM1,OFFIC,0.63,362258.4,5,5,362257.371,0.0,0.0,1.0,0.029,575013.333333
1674633,IT,FR,GLASS,CEREA,0.99,362249.692,5,5,362248.671,0.0,0.0,1.0,0.021,365908.779798
1762946,IT,MX,VEGE1,FOOD5,1.11,362228.516,6,6,362225.437,0.0,2.0,1.0,0.079,326331.996396
1761702,IT,IN,MACHI,VEGET,2.02,362209.83,5,5,362208.8,0.0,0.0,1.0,0.03,179311.79703
1640286,IT,AT,SANDC,FOOD5,0.83,362185.222,5,5,362105.209,0.0,0.0,80.0,0.013,436367.737349
1795234,IT,WL,GLASS,HEALT,0.99,362179.276,5,5,362178.255,0.0,0.0,1.0,0.021,365837.652525
1749841,IT,CN,RUBBE,CERAM,1.2,362165.549,6,6,362163.516,0.0,1.0,1.0,0.033,301804.624167
1804655,IT,WF,HEAVY,REALE,0.58,362040.062,4,4,362040.033,0.0,0.0,0.0,0.029,624207.003448
1655862,IT,DE,DAIRY,POULT,1.47,362027.75,5,5,362024.725,0.0,3.0,0.0,0.025,246277.380952
1720006,IT,PL,ALUM1,WOODW,0.63,361954.577,5,5,361953.548,0.0,0.0,1.0,0.029,574531.074603
1666603,IT,ES,CHEM1,ELEC1,0.76,361759.281,5,5,361758.242,0.0,0.0,1.0,0.039,475999.053947
1728168,IT,SE,DAIRY,HEALT,1.47,361750.51,5,5,361747.486,0.0,3.0,0.0,0.024,246088.782313
1768999,IT,AU,PAPER,EDUCA,1.4,361733.376,6,6,361729.34,0.0,3.0,1.0,0.036,258380.982857
1791292,IT,WA,CONST,CONST,2.02,361638.289,5,5,361637.27,0.0,0.0,1.0,0.019,179028.855941
1773710,IT,CH,FURNI,POSTT,1.15,361609.796,6,6,361607.765,0.0,1.0,1.0,0.031,314443.30087
1686551,IT,HU,ALUM1,CHEM1,0.63,361593.814,5,5,361592.785,0.0,0.0,1.0,0.029,573958.434921
1667071,IT,ES,NONME,MOTO1,0.73,361537.471,5,5,361536.431,0.0,0.0,1.0,0.04,495256.809589
1674206,IT,FR,LIQUE,MOTO1,0.63,361497.651,4,4,361497.622,0.0,0.0,0.0,0.029,573805.795238
1775653,IT,CH,93197,PUBLI,2.43,361466.525,4,4,361466.492,0.0,0.0,0.0,0.033,148751.656379
1688639,IT,IE,PLAST,WHOLE,0.76,361442.662,4,4,361442.625,0.0,0.0,0.0,0.037,475582.45
1668813,IT,ES,LANDT,RECRE,2.33,361382.895,4,4,361382.878,0.0,0.0,0.0,0.017,155099.954936
1757807,IT,BR,PFERT,CEREA,0.16,361313.669,4,4,361313.611,0.0,0.0,0.0,0.058,2258210.43125
1660264,IT,DE,POSTT,MOTO1,5.95,361266.91,5,5,361265.882,0.0,0.0,1.0,0.028,60717.127731
1814210,IT,WM,SUPPO,AIRTR,2.6,361262.292,5,5,361261.274,0.0,0.0,1.0,0.018,138947.035385
1804895,IT,WF,BITU1,COPP1,0.57,361191.2,4,4,361191.171,0.0,0.0,0.0,0.029,633668.77193
1736304,IT,SK,HOTEL,SUPPO,2.62,361120.187,5,5,361119.16,0.0,1.0,0.0,0.027,137832.132443
1675087,IT,FR,ALUM1,OILHA,0.63,361114.599,5,5,361113.57,0.0,0.0,1.0,0.029,573197.77619
1809758,IT,WM,FOOD5,STONE,1.73,361084.591,5,5,361082.559,0.0,2.0,0.0,0.032,208719.416763
1717637,IT,NL,BUSIN,FOOD5,3.71,361052.744,6,6,361050.719,0.0,1.0,1.0,0.025,97318.798922
1806350,IT,WF,MOTO1,NATUR,1.92,361051.319,5,5,361050.296,0.0,0.0,1.0,0.023,188047.561979
1777914,IT,TR,MACHI,WEARI,2.01,360977.59,5,5,360976.56,0.0,0.0,1.0,0.03,179590.840796
1685897,IT,HU,CHEM1,ELEC1,0.75,360958.818,5,5,360957.779,0.0,0.0,1.0,0.039,481278.424
1774652,IT,CH,AIRTR,MACHI,0.39,360956.462,4,4,360956.451,0.0,0.0,0.0,0.011,925529.389744
1713846,IT,MT,ELEC1,PAPE4,0.05,360901.852,4,4,360901.829,0.0,0.0,0.0,0.023,7218037.04
1750308,IT,CN,NONF1,RADIO,0.08,360898.5,4,4,360898.498,0.0,0.0,0.0,0.002,4511231.25
1659523,IT,DE,RETA1,SALEM,3.77,360885.107,6,6,360883.083,0.0,1.0,1.0,0.024,95725.492573
1810621,IT,WM,PRINT,PUBLI,3.46,360798.779,6,6,360796.752,0.0,1.0,1.0,0.027,104277.103757
1786481,IT,ZA,MOTO1,SALEM,1.92,360754.834,5,5,360753.811,0.0,0.0,1.0,0.023,187893.142708
1668649,IT,ES,RAILW,RAILW,2.41,360693.251,5,5,360690.235,0.0,0.0,3.0,0.016,149665.249378
1710883,IT,LU,MOTOR,DIST1,0.54,360690.513,4,4,360690.484,0.0,0.0,0.0,0.029,667945.394444
1744628,IT,US,RENTI,PUBLI,2.16,360670.518,5,5,360669.498,0.0,0.0,1.0,0.02,166977.091667
1674736,IT,FR,GLASS,RECRE,0.99,360649.158,5,5,360648.137,0.0,0.0,1.0,0.021,364292.078788
1745521,IT,JP,FOOD5,BUSIN,1.73,360637.958,5,5,360635.926,0.0,2.0,0.0,0.032,208461.247399
1732849,IT,SI,BASIC,DIST1,0.42,360627.321,4,4,360627.298,0.0,0.0,0.0,0.023,858636.478571
1756027,IT,KR,NONF1,MOTO1,0.08,360625.765,4,4,360625.763,0.0,0.0,0.0,0.002,4507822.0625
1807127,IT,WF,AIRTR,NATUR,0.39,360601.437,4,4,360601.426,0.0,0.0,0.0,0.011,924619.069231
1813024,IT,WM,MACHI,RENTI,2.01,360570.065,5,5,360569.035,0.0,0.0,1.0,0.03,179388.09204
1745520,IT,JP,FOOD5,RESEA,1.73,360450.427,5,5,360448.395,0.0,2.0,0.0,0.032,208352.847977
1804668,IT,WF,LIQUE,CRUDE,0.63,360448.765,4,4,360448.736,0.0,0.0,0.0,0.029,572140.896825
1658413,IT,DE,FABRI,MOTOR,1.47,360388.603,5,5,360387.577,0.0,0.0,1.0,0.026,245162.314966
1748037,IT,JP,BUSIN,CHEM1,3.7,360277.992,6,6,360275.967,0.0,1.0,1.0,0.025,97372.43027
1659558,IT,DE,RETA1,MEMBE,3.76,360276.113,6,6,360274.089,0.0,1.0,1.0,0.024,95818.11516
1741190,IT,US,LEATH,HEALT,2.58,360178.347,6,6,360174.285,0.0,3.0,1.0,0.062,139604.010465
1797010,IT,WL,AIRTR,INLAN,0.39,360149.781,4,4,360149.77,0.0,0.0,0.0,0.011,923460.976923
1675386,IT,FR,MACHI,GLASS,2.01,360141.098,5,5,360140.068,0.0,0.0,1.0,0.03,179174.675622
1654016,IT,CZ,MACHI,FURNI,2.01,360132.555,5,5,360131.525,0.0,0.0,1.0,0.03,179170.425373
1748907,IT,CN,WEARI,CEMEN,2.71,360052.715,6,6,360050.647,0.0,1.0,1.0,0.068,132860.780443
1682110,IT,HR,TEXTI,PRINT,2.13,360030.919,4,4,360030.871,0.0,0.0,0.0,0.048,169028.600469
1726350,IT,RO,ALUM1,TRANS,0.63,360007.734,5,5,360006.705,0.0,0.0,1.0,0.029,571440.847619
1685517,IT,HU,PAPER,PLAST,1.39,359976.261,6,6,359972.225,0.0,3.0,1.0,0.036,258975.727338
1761472,IT,IN,PREC1,BASIC,0.61,359958.335,6,6,359956.318,0.0,1.0,1.0,0.017,590095.631148
1672530,IT,FR,WHEAT,HOTEL,0.27,359916.56,5,5,359913.551,0.0,3.0,0.0,0.009,1333024.296296
1727122,IT,RO,LANDT,BASIC,2.32,359904.442,4,4,359904.425,0.0,0.0,0.0,0.017,155131.225
1730762,IT,SE,BUSIN,WOODW,3.7,359774.503,6,6,359772.478,0.0,1.0,1.0,0.025,97236.352162
1738394,IT,GB,PREC1,LANDT,0.61,359685.916,6,6,359683.899,0.0,1.0,1.0,0.017,589649.042623
1686072,IT,HU,RUBBE,PULP5,1.19,359667.285,6,6,359665.252,0.0,1.0,1.0,0.033,302241.415966
1776347,IT,TR,PAPER,FINAN,1.39,359656.566,6,6,359652.531,0.0,3.0,1.0,0.035,258745.730935
1778224,IT,TR,FURNI,WHOLE,1.15,359653.927,6,6,359651.896,0.0,1.0,1.0,0.031,312742.545217
1674631,IT,FR,RUBBE,93197,1.19,359653.099,6,6,359651.066,0.0,1.0,1.0,0.033,302229.494958
1750172,IT,CN,ALUM1,GLASS,0.62,359648.424,5,5,359647.395,0.0,0.0,1.0,0.029,580078.103226
1643609,IT,AT,AIRTR,PLAST,0.39,359641.453,4,4,359641.442,0.0,0.0,0.0,0.011,922157.571795
1789405,IT,WA,CHEM1,DISTR,0.75,359604.915,5,5,359603.876,0.0,0.0,1.0,0.039,479473.22
1642563,IT,AT,NONF1,FABRI,0.08,359559.431,4,4,359559.429,0.0,0.0,0.0,0.002,4494492.8875
1764141,IT,MX,FABRI,RETA1,1.46,359548.754,5,5,359547.728,0.0,0.0,1.0,0.026,246266.269863
1661282,IT,DK,OILSE,BUSIN,0.26,359534.746,5,5,359531.729,0.0,3.0,0.0,0.017,1382825.946154
1757787,IT,BR,PLAST,BASIC,0.75,359517.099,4,4,359517.062,0.0,0.0,0.0,0.037,479356.132
1793589,IT,WL,VEGE1,DAIRY,1.11,359504.923,6,6,359501.845,0.0,2.0,1.0,0.078,323878.309009
1676537,IT,FR,HOTEL,FORES,2.61,359459.042,5,5,359458.015,0.0,1.0,0.0,0.027,137723.770881
1682751,IT,HR,GASDI,BUSIN,0.53,359392.854,4,4,359392.825,0.0,0.0,0.0,0.029,678099.724528
1753632,IT,CA,MACHI,MEMBE,2.0,359375.38,5,5,359374.35,0.0,0.0,1.0,0.03,179687.69
1798389,IT,WE,CRUDE,HEAVY,0.71,359369.459,4,4,359369.428,0.0,0.0,0.0,0.031,506154.167606
1662186,IT,DK,RUBBE,BUSIN,1.19,359311.307,6,6,359309.274,0.0,1.0,1.0,0.033,301942.27479
1642346,IT,AT,BASIC,ELEC2,0.41,359279.525,4,4,359279.502,0.0,0.0,0.0,0.023,876291.52439
1741792,IT,US,PLAST,TEXTI,0.75,359272.893,4,4,359272.856,0.0,0.0,0.0,0.037,479030.524
1735429,IT,SK,BASIC,PLAST,0.41,359246.863,4,4,359246.84,0.0,0.0,0.0,0.023,876211.860976
1649407,IT,BG,CHEM1,PRINT,0.75,359236.828,5,5,359235.789,0.0,0.0,1.0,0.039,478982.437333
1777024,IT,TR,CHEM1,WOODW,0.75,359225.372,5,5,359224.333,0.0,0.0,1.0,0.039,478967.162667
1737890,IT,GB,PLAST,BUSIN,0.75,359192.964,4,4,359192.927,0.0,0.0,0.0,0.037,478923.952
1715756,IT,NL,BIODI,CHEMI,0.74,359187.732,5,5,359186.693,0.0,0.0,1.0,0.039,485388.827027
1725324,IT,RO,BEVER,HEALT,1.53,359186.844,5,5,359185.821,0.0,1.0,0.0,0.023,234762.643137
1804757,IT,WF,NAPHT,CHEMI,0.61,359169.226,5,5,359168.2,0.0,0.0,1.0,0.026,588802.009836
1719298,IT,PL,CHEM1,CONST,0.75,359162.035,5,5,359160.996,0.0,0.0,1.0,0.039,478882.713333
1789795,IT,WA,GLASS,BUSIN,0.99,359158.118,5,5,359157.097,0.0,0.0,1.0,0.021,362785.977778
1796035,IT,WL,TRANS,SUGAR,2.14,359102.998,5,5,359101.979,0.0,0.0,1.0,0.019,167805.139252
1789148,IT,WA,PLAST,ANTHR,0.75,359096.957,4,4,359096.92,0.0,0.0,0.0,0.037,478795.942667
1739978,IT,GB,AUXIL,INSUR,6.56,359055.492,4,4,359055.474,0.0,0.0,0.0,0.018,54734.068902
1719370,IT,PL,RUBBE,STONE,1.19,359051.9,6,6,359049.867,0.0,1.0,1.0,0.033,301724.285714
1723087,IT,PT,CHEM1,ALUM1,0.75,359050.583,5,5,359049.544,0.0,0.0,1.0,0.039,478734.110667
1709962,IT,LT,BASIC,BUSIN,0.41,358999.568,4,4,358999.545,0.0,0.0,0.0,0.023,875608.702439
1681398,IT,GR,REALE,DIST1,15.17,358999.261,5,5,358998.237,0.0,0.0,1.0,0.024,23665.079829
1678538,IT,GR,VEGET,BEVER,1.27,358976.142,5,5,358975.128,0.0,1.0,0.0,0.014,282658.379528
1731443,IT,SI,FOOD5,EDUCA,1.72,358937.121,5,5,358935.089,0.0,2.0,0.0,0.032,208684.372674
1648209,IT,BE,BUSIN,ELECT,3.69,358912.658,6,6,358910.633,0.0,1.0,1.0,0.025,97266.302981
1810189,IT,WM,WEARI,BUSIN,2.7,358874.878,6,6,358872.81,0.0,1.0,1.0,0.068,132916.621481
1649839,IT,BG,ALUM1,SECO9,0.62,358851.981,5,5,358850.952,0.0,0.0,1.0,0.029,578793.517742
1751160,IT,CN,HOTEL,CRUDE,2.6,358851.841,5,5,358850.814,0.0,1.0,0.0,0.027,138019.938846
1643522,IT,AT,TRAN2,NFERT,0.55,358812.692,4,4,358812.682,0.0,0.0,0.0,0.01,652386.712727
1676525,IT,FR,HOTEL,VEGET,2.6,358760.535,5,5,358759.508,0.0,1.0,0.0,0.027,137984.821154
1683739,IT,HR,MACHI,FABRI,2.0,358749.599,5,5,358748.57,0.0,0.0,1.0,0.029,179374.7995
1680348,IT,GR,ELEC1,SUPPO,0.05,358717.557,4,4,358717.534,0.0,0.0,0.0,0.023,7174351.14
1648110,IT,BE,RESEA,BIOGA,1.94,358712.302,5,5,358711.277,0.0,0.0,1.0,0.025,184903.248454
1796219,IT,WL,FURNI,DISTR,1.15,358697.177,6,6,358695.146,0.0,1.0,1.0,0.031,311910.588696
1790467,IT,WA,COPP1,VEGE1,0.91,358598.442,5,5,358597.423,0.0,0.0,1.0,0.019,394064.221978
1648236,IT,BE,BUSIN,LANDT,3.68,358579.483,6,6,358577.458,0.0,1.0,1.0,0.025,97440.076902
1804706,IT,WF,LIQUE,FURNI,0.63,358577.323,4,4,358577.294,0.0,0.0,0.0,0.029,569170.353968
1794789,IT,WL,PLAST,MOTOR,0.75,358568.832,4,4,358568.796,0.0,0.0,0.0,0.036,478091.776
1753297,IT,CA,BASIC,HYDRO,0.41,358561.094,4,4,358561.071,0.0,0.0,0.0,0.023,874539.253659
1642182,IT,AT,CERAM,HEALT,0.56,358544.186,5,5,358542.167,0.0,0.0,2.0,0.019,640257.475
1725411,IT,RO,TEXTI,HOTEL,2.12,358476.061,4,4,358476.013,0.0,0.0,0.0,0.048,169092.481604
1735535,IT,SK,ALUM1,LEATH,0.62,358433.16,5,5,358432.131,0.0,0.0,1.0,0.029,578118.0
1664686,IT,EE,SEACO,SUPPO,0.36,358420.681,4,4,358420.675,0.0,0.0,0.0,0.006,995613.002778
1747598,IT,JP,AIRTR,ELE12,0.39,358407.024,4,4,358407.013,0.0,0.0,0.0,0.011,918992.369231
1740798,IT,US,VEGE1,PROCE,1.1,358377.383,6,6,358374.305,0.0,2.0,1.0,0.078,325797.620909
1686936,IT,HU,MACHI,CEMEN,2.0,358356.249,5,5,358355.22,0.0,0.0,1.0,0.029,179178.1245
1742975,IT,US,MACHI,WOOD1,2.0,358313.926,5,5,358312.897,0.0,0.0,1.0,0.029,179156.963
1733428,IT,SI,ELEC6,BEVER,0.05,358306.294,4,4,358306.237,0.0,0.0,0.0,0.057,7166125.88
1672996,IT,FR,PROCE,FISH5,2.42,358237.578,5,5,358235.556,0.0,2.0,0.0,0.022,148032.057025
1711044,IT,LU,BASIC,MACHI,0.41,358232.611,4,4,358232.588,0.0,0.0,0.0,0.023,873738.07561
1741107,IT,US,TEXTI,93197,2.12,358231.295,4,4,358231.247,0.0,0.0,0.0,0.048,168977.025943
1812501,IT,WM,ALUM1,NATUR,0.62,358217.181,5,5,358216.152,0.0,0.0,1.0,0.029,577769.646774
1730286,IT,SE,SEACO,RENTI,0.36,358154.295,4,4,358154.289,0.0,0.0,0.0,0.006,994873.041667
1769730,IT,AU,MACHI,MEATC,2.0,358134.385,5,5,358133.356,0.0,0.0,1.0,0.029,179067.1925
1743063,IT,US,MOTO1,CEREA,1.91,358106.519,5,5,358105.496,0.0,0.0,1.0,0.023,187490.324084
1780042,IT,TW,WHOLE,DAIRY,3.09,358064.257,6,6,358062.236,0.0,1.0,1.0,0.021,115878.400324
1790712,IT,WA,FABRI,COMPU,1.46,358056.143,5,5,358055.117,0.0,0.0,1.0,0.026,245243.933562
1669343,IT,ES,FINAN,REALE,4.66,358021.901,4,4,358021.891,0.0,0.0,0.0,0.01,76828.73412
1813208,IT,WM,MOTO1,PRIVA,1.91,357996.278,5,5,357995.255,0.0,0.0,1.0,0.023,187432.606283
1734838,IT,SK,PAPER,DAIRY,1.39,357982.873,6,6,357978.838,0.0,3.0,1.0,0.035,257541.635252
1670866,IT,FI,PLAST,PLAST,0.75,357947.397,4,4,357947.361,0.0,0.0,0.0,0.036,477263.196
1718247,IT,PL,FOOD5,CATTL,1.72,357847.717,5,5,357845.685,0.0,2.0,0.0,0.032,208050.998256
1749919,IT,CN,GLASS,RUBBE,0.98,357823.624,5,5,357822.604,0.0,0.0,1.0,0.02,365126.146939
1737250,IT,GB,FOOD5,DAIRY,1.72,357775.599,5,5,357773.567,0.0,2.0,0.0,0.032,208009.069186
1657250,IT,DE,CHEM1,ELECT,0.75,357768.555,5,5,357767.516,0.0,0.0,1.0,0.039,477024.74
1669760,IT,ES,BUSIN,GASDI,3.67,357729.94,6,6,357727.915,0.0,1.0,1.0,0.025,97474.098093
1801350,IT,WE,MACHI,RADIO,2.0,357717.007,5,5,357715.978,0.0,0.0,1.0,0.029,178858.5035
1726744,IT,RO,FURNI,HEALT,1.14,357713.885,6,6,357711.854,0.0,1.0,1.0,0.031,313784.109649
1679933,IT,GR,FABRI,WOODW,1.46,357688.488,5,5,357687.462,0.0,0.0,1.0,0.026,244992.115068
1790071,IT,WA,BASIC,NATU1,0.41,357687.517,4,4,357687.494,0.0,0.0,0.0,0.023,872408.578049
1766733,IT,RU,MACHI,ANTHR,2.0,357647.551,5,5,357646.522,0.0,0.0,1.0,0.029,178823.7755
1757094,IT,KR,BUSIN,PUBLI,3.67,357642.257,6,6,357640.232,0.0,1.0,1.0,0.025,97450.206267
1728552,IT,SE,PAPER,FOOD5,1.39,357629.5,6,6,357625.465,0.0,3.0,1.0,0.035,257287.410072
1726327,IT,RO,ALUM1,FOOD5,0.62,357579.508,5,5,357578.479,0.0,0.0,1.0,0.029,576741.141935
1647268,IT,BE,LANDT,SALEM,2.31,357579.195,4,4,357579.178,0.0,0.0,0.0,0.017,154796.188312
1747504,IT,JP,SEACO,HOTEL,0.36,357561.774,4,4,357561.768,0.0,0.0,0.0,0.006,993227.15
1713557,IT,MT,CEMEN,CHEM1,0.57,357518.118,5,5,357516.102,0.0,0.0,2.0,0.016,627224.768421
1652529,IT,CZ,WEARI,BUSIN,2.69,357462.182,6,6,357460.114,0.0,1.0,1.0,0.068,132885.569517
1742126,IT,US,RUBBE,LANDT,1.18,357452.994,6,6,357450.962,0.0,1.0,1.0,0.032,302926.266102
1742386,IT,US,NONME,OFFIC,0.72,357408.174,5,5,357407.135,0.0,0.0,1.0,0.039,496400.241667
1735116,IT,SK,CHEM1,BUSIN,0.75,357406.298,5,5,357405.259,0.0,0.0,1.0,0.039,476541.730667
1642678,IT,AT,FABRI,EDUCA,1.45,357387.935,5,5,357386.909,0.0,0.0,1.0,0.026,246474.437931
1718871,IT,PL,PAPER,MEMBE,1.38,357381.011,6,6,357376.976,0.0,3.0,1.0,0.035,258971.747101
1656032,IT,DE,BEVER,POULT,1.52,357331.622,5,5,357330.599,0.0,1.0,0.0,0.023,235086.593421
1675906,IT,FR,ELEC2,CONST,0.09,357314.373,4,4,357314.336,0.0,0.0,0.0,0.037,3970159.7
1761730,IT,IN,MACHI,WEARI,1.99,357253.424,5,5,357252.395,0.0,0.0,1.0,0.029,179524.333668
1746181,IT,JP,PLAST,FURNI,0.75,357164.769,4,4,357164.733,0.0,0.0,0.0,0.036,476219.692
1665875,IT,ES,PRINT,FINAN,3.43,357146.295,6,6,357144.268,0.0,1.0,1.0,0.027,104124.284257
1795460,IT,WL,PREC1,FABRI,0.61,357125.457,6,6,357123.441,0.0,1.0,1.0,0.016,585451.568852
1658339,IT,DE,NONF1,RUBBE,0.08,357095.324,4,4,357095.322,0.0,0.0,0.0,0.002,4463691.55
1765661,IT,RU,PAPER,DAIRY,1.38,357061.62,6,6,357057.585,0.0,3.0,1.0,0.035,258740.304348
1767315,IT,RU,HOTEL,FINAN,2.59,357054.46,5,5,357053.433,0.0,1.0,0.0,0.027,137858.864865
1774594,IT,CH,SEACO,FURNI,0.36,356973.085,4,4,356973.079,0.0,0.0,0.0,0.006,991591.902778
1752916,IT,CA,NAPHT,CHEM1,0.61,356969.808,5,5,356968.782,0.0,0.0,1.0,0.026,585196.406557
1650552,IT,BG,ELEC7,COPP1,0.24,356960.22,4,4,356960.216,0.0,0.0,0.0,0.004,1487334.25
1741881,IT,US,CHEM1,LEATH,0.75,356932.755,5,5,356931.716,0.0,0.0,1.0,0.039,475910.34
1750106,IT,CN,BASIC,SALEM,0.41,356931.642,4,4,356931.619,0.0,0.0,0.0,0.023,870564.980488
1744800,IT,US,RESEA,ELEC2,1.93,356921.212,5,5,356920.187,0.0,0.0,1.0,0.025,184933.270466
1665190,IT,ES,FOOD5,VEGE1,1.71,356878.48,5,5,356876.448,0.0,2.0,0.0,0.032,208700.865497
1674504,IT,FR,RUBBE,PIGS9,1.18,356852.352,6,6,356850.32,0.0,1.0,1.0,0.032,302417.247458
1773363,IT,CH,MACHI,RAILW,1.99,356845.537,5,5,356844.508,0.0,0.0,1.0,0.029,179319.365327
1812155,IT,WM,CEMEN,NONME,0.57,356842.021,5,5,356840.005,0.0,0.0,2.0,0.016,626038.633333
1743615,IT,US,HOTEL,NONF1,2.59,356841.837,5,5,356840.81,0.0,1.0,0.0,0.027,137776.771042
1741178,IT,US,LEATH,HOTEL,2.56,356758.496,6,6,356754.434,0.0,3.0,1.0,0.062,139358.7875
1804413,IT,WF,KEROS,COMPU,0.53,356747.79,4,4,356747.761,0.0,0.0,0.0,0.029,673109.037736
1734529,IT,SK,DAIRY,LANDT,1.45,356716.996,5,5,356713.972,0.0,3.0,0.0,0.024,246011.721379
1766856,IT,RU,MACHI,FOOD4,1.99,356703.319,5,5,356702.29,0.0,0.0,1.0,0.029,179247.898995
1764279,IT,MX,MACHI,RAILW,1.99,356694.728,5,5,356693.699,0.0,0.0,1.0,0.029,179243.58191
1724888,IT,PT,BUSIN,OFFIC,3.66,356693.275,6,6,356691.25,0.0,1.0,1.0,0.025,97457.178962
1764241,IT,MX,MACHI,NONME,1.99,356582.799,5,5,356581.77,0.0,0.0,1.0,0.029,179187.336181
1752101,IT,CN,BUSIN,GLASS,3.66,356567.235,6,6,356565.21,0.0,1.0,1.0,0.025,97422.741803
1758562,IT,BR,OFFIC,OFFIC,1.1,356537.464,4,4,356537.438,0.0,0.0,0.0,0.026,324124.967273
1723286,IT,PT,GLASS,BUSIN,0.98,356535.068,5,5,356534.048,0.0,0.0,1.0,0.02,363811.293878
1759100,IT,BR,AIRTR,LEATH,0.39,356488.838,4,4,356488.827,0.0,0.0,0.0,0.011,914073.94359
1766018,IT,RU,CHEM1,RADIO,0.74,356471.562,5,5,356470.523,0.0,0.0,1.0,0.039,481718.327027
1743884,IT,US,SEACO,PETRO,0.36,356435.039,4,4,356435.033,0.0,0.0,0.0,0.006,990097.330556
1679440,IT,GR,CHEM1,VEGE1,0.74,356409.464,5,5,356408.425,0.0,0.0,1.0,0.039,481634.410811
1785606,IT,ZA,GASDI,TRAN2,0.53,356344.631,4,4,356344.602,0.0,0.0,0.0,0.029,672348.360377
1738303,IT,GB,BASIC,PRINT,0.41,356335.394,4,4,356335.371,0.0,0.0,0.0,0.023,869110.717073
1675821,IT,FR,ELEC1,DAIRY,0.05,356306.692,4,4,356306.67,0.0,0.0,0.0,0.022,7126133.84
1652658,IT,CZ,WOODW,REALE,1.0,356193.684,6,6,356190.66,0.0,2.0,1.0,0.024,356193.684
1740891,IT,US,DAIRY,RECRE,1.45,356193.582,5,5,356190.558,0.0,3.0,0.0,0.024,245650.746207
1643227,IT,AT,HOTEL,CEMEN,2.58,356155.388,5,5,356154.361,0.0,1.0,0.0,0.027,138044.724031
1662172,IT,DK,RUBBE,RETA1,1.18,356144.935,6,6,356142.903,0.0,1.0,1.0,0.032,301817.741525
1814037,IT,WM,SEACO,INSUR,0.36,356130.508,4,4,356130.502,0.0,0.0,0.0,0.006,989251.411111
1805006,IT,WF,PLAST,WOODW,0.75,356128.703,4,4,356128.667,0.0,0.0,0.0,0.036,474838.270667
1766389,IT,RU,BASIC,CHEM1,0.41,356127.018,4,4,356126.995,0.0,0.0,0.0,0.023,868602.482927
1673323,IT,FR,TEXTI,GLASS,2.11,356114.988,4,4,356114.941,0.0,0.0,0.0,0.047,168774.875829
1674286,IT,FR,PLAST,LEATH,0.75,356108.937,4,4,356108.901,0.0,0.0,0.0,0.036,474811.916
1679803,IT,GR,PREC1,PAPE4,0.6,356094.282,6,6,356092.266,0.0,1.0,1.0,0.016,593490.47
1647124,IT,BE,HOTEL,WHOLE,2.58,356066.598,5,5,356065.571,0.0,1.0,0.0,0.027,138010.309302
1772246,IT,CH,HEAVY,FURNI,0.58,355986.52,4,4,355986.491,0.0,0.0,0.0,0.029,613769.862069
1666549,IT,ES,CHEM1,FOOD5,0.74,355977.296,5,5,355976.257,0.0,0.0,1.0,0.039,481050.4
1772555,IT,CH,RUBBE,SECO9,1.18,355974.226,6,6,355972.194,0.0,1.0,1.0,0.032,301673.072881
1750075,IT,CN,BASIC,PREC1,0.41,355883.895,4,4,355883.872,0.0,0.0,0.0,0.023,868009.5
1674419,IT,FR,CHEM1,OILHA,0.74,355877.497,5,5,355876.458,0.0,0.0,1.0,0.039,480915.536486
1772033,IT,CH,PRINT,CHEM1,3.41,355856.697,6,6,355854.67,0.0,1.0,1.0,0.027,104356.802639
1799977,IT,WE,HEAVY,BITU1,0.57,355854.478,4,4,355854.449,0.0,0.0,0.0,0.029,624306.101754
1744146,IT,US,SUPPO,AIRTR,2.56,355830.251,5,5,355829.234,0.0,0.0,1.0,0.017,138996.191797
1682741,IT,HR,GASDI,INLAN,0.53,355766.063,4,4,355766.034,0.0,0.0,0.0,0.029,671256.722642
1660859,IT,DE,COMPU,INSUR,4.06,355763.487,5,5,355762.465,0.0,0.0,1.0,0.022,87626.474631
1741326,IT,US,PAPER,SUPPO,1.38,355763.269,6,6,355759.234,0.0,3.0,1.0,0.035,257799.47029
1672847,IT,FR,VEGE1,RAWMI,1.09,355716.82,6,6,355713.743,0.0,2.0,1.0,0.077,326345.706422
1782540,IT,NO,OFFIC,BUSIN,1.1,355683.621,4,4,355683.595,0.0,0.0,0.0,0.026,323348.746364
1733896,IT,SI,SEACO,RESEA,0.36,355681.463,4,4,355681.457,0.0,0.0,0.0,0.006,988004.063889
1748057,IT,JP,BUSIN,MOTO1,3.65,355658.669,6,6,355656.644,0.0,1.0,1.0,0.025,97440.731233
1665020,IT,ES,CHEMI,CONST,0.85,355628.652,6,6,355610.619,0.0,1.0,17.0,0.033,418386.649412
1743203,IT,US,TRANS,MACHI,2.12,355614.673,5,5,355613.654,0.0,0.0,1.0,0.019,167742.770283
1769281,IT,AU,RUBBE,MOTO1,1.18,355601.532,6,6,355599.5,0.0,1.0,1.0,0.032,301357.230508
1672430,IT,FI,BUSIN,BUSIN,3.65,355552.995,6,6,355550.97,0.0,1.0,1.0,0.025,97411.779452
1733845,IT,SI,TRAN2,WHOLE,0.55,355519.101,4,4,355519.091,0.0,0.0,0.0,0.01,646398.365455
1792712,IT,WA,BUSIN,VEGE1,3.65,355492.047,6,6,355490.022,0.0,1.0,1.0,0.025,97395.08137
1794540,IT,WL,HEAVY,MEATC,0.57,355385.474,4,4,355385.445,0.0,0.0,0.0,0.029,623483.287719
1764244,IT,MX,MACHI,ALUM1,1.98,355326.299,5,5,355325.27,0.0,0.0,1.0,0.029,179457.726768
1720463,IT,PL,MACHI,ELEC5,1.98,355318.928,5,5,355317.899,0.0,0.0,1.0,0.029,179454.00404
1770248,IT,AU,HOTEL,GASDI,2.58,355318.805,5,5,355317.778,0.0,1.0,0.0,0.027,137720.467054
1742072,IT,US,RUBBE,PRINT,1.18,355236.339,6,6,355234.307,0.0,1.0,1.0,0.032,301047.744915
1645807,IT,BE,RUBBE,HEALT,1.18,355185.392,6,6,355183.36,0.0,1.0,1.0,0.032,301004.569492
1675305,IT,FR,FABRI,EDUCA,1.45,355167.386,5,5,355166.361,0.0,0.0,1.0,0.025,244943.024828
1807904,IT,WF,PLAS1,CATTL,1.27,355155.803,4,4,355155.779,0.0,0.0,0.0,0.024,279650.238583
1806173,IT,WF,FABRI,COMPU,1.45,355152.61,5,5,355151.585,0.0,0.0,1.0,0.025,244932.834483
1749616,IT,CN,CHEM1,WOOLS,0.74,355145.368,5,5,355144.329,0.0,0.0,1.0,0.039,479926.172973
1781410,IT,NO,FOOD5,MEAT1,1.71,355093.827,5,5,355091.795,0.0,2.0,0.0,0.032,207657.208772
1811777,IT,WM,ADDIT,FURNI,0.82,355093.615,6,6,355089.587,0.0,3.0,1.0,0.028,433040.993902
1680873,IT,GR,LANDT,HEAVY,2.29,355026.976,4,4,355026.959,0.0,0.0,0.0,0.017,155033.613974
1741794,IT,US,PLAST,WOODW,0.74,354994.069,4,4,354994.033,0.0,0.0,0.0,0.036,479721.714865
1748929,IT,CN,WEARI,ELEC4,2.68,354951.573,6,6,354949.506,0.0,1.0,1.0,0.067,132444.616791
1812000,IT,WM,GLASS,MOTO1,0.97,354942.483,5,5,354941.463,0.0,0.0,1.0,0.02,365920.085567
1806235,IT,WF,MACHI,MOTOR,1.98,354938.069,5,5,354937.04,0.0,0.0,1.0,0.029,179261.65101
1766206,IT,RU,GLASS,CHEM1,0.97,354925.006,5,5,354923.986,0.0,0.0,1.0,0.02,365902.068041
1759773,IT,BR,BUSIN,RADIO,3.64,354850.327,6,6,354848.303,0.0,1.0,1.0,0.024,97486.353571
1790605,IT,WA,FABRI,BITUM,1.44,354836.41,5,5,354835.385,0.0,0.0,1.0,0.025,246414.173611
1741262,IT,US,PAPER,MEATP,1.37,354765.24,6,6,354761.205,0.0,3.0,1.0,0.035,258952.729927
1768688,IT,AU,TEXTI,RETA1,2.1,354759.526,4,4,354759.479,0.0,0.0,0.0,0.047,168933.107619
1642905,IT,AT,TRANS,MOTO1,2.12,354718.317,5,5,354717.298,0.0,0.0,1.0,0.019,167319.960849
1752098,IT,CN,BUSIN,CHEM1,3.64,354642.722,6,6,354640.698,0.0,1.0,1.0,0.024,97429.319231
1644012,IT,AT,BUSIN,MEATP,3.64,354640.974,6,6,354638.95,0.0,1.0,1.0,0.024,97428.839011
1776497,IT,TR,MOTOR,RAILW,0.53,354589.886,4,4,354589.857,0.0,0.0,0.0,0.029,669037.520755
1757776,IT,BR,PLAST,PLAST,0.74,354582.69,4,4,354582.654,0.0,0.0,0.0,0.036,479165.797297
1811422,IT,WM,PLAST,PULP5,0.74,354555.378,4,4,354555.342,0.0,0.0,0.0,0.036,479128.889189
1732532,IT,SI,RUBBE,FABRI,1.17,354547.523,6,6,354545.491,0.0,1.0,1.0,0.032,303032.07094
1685026,IT,HU,DAIRY,DAIRY,1.44,354546.201,5,5,354543.177,0.0,3.0,0.0,0.024,246212.639583
1742762,IT,US,FABRI,CEMEN,1.44,354376.742,5,5,354375.717,0.0,0.0,1.0,0.025,246094.959722
1804498,IT,WF,GASDI,RUBBE,0.53,354366.369,4,4,354366.34,0.0,0.0,0.0,0.029,668615.790566
1789630,IT,WA,RUBBE,WOODW,1.17,354326.859,6,6,354324.827,0.0,1.0,1.0,0.032,302843.469231
1667057,IT,ES,NONME,GLASS,0.72,354310.333,5,5,354309.294,0.0,0.0,1.0,0.039,492097.684722
1796777,IT,WL,LANDT,RETA1,2.29,354284.657,4,4,354284.64,0.0,0.0,0.0,0.017,154709.457205
1728858,IT,SE,PLAST,RESEA,0.74,354272.846,4,4,354272.81,0.0,0.0,0.0,0.036,478747.089189
1735176,IT,SK,RUBBE,PLAST,1.17,354191.953,6,6,354189.921,0.0,1.0,1.0,0.032,302728.164957
1726527,IT,RO,MACHI,SUPPO,1.98,354171.553,5,5,354170.524,0.0,0.0,1.0,0.029,178874.521717
1769159,IT,AU,CHEM1,CEMEN,0.74,354158.683,5,5,354157.644,0.0,0.0,1.0,0.039,478592.814865
1740872,IT,US,DAIRY,WHOLE,1.44,354157.078,5,5,354154.054,0.0,3.0,0.0,0.024,245942.415278
1750439,IT,CN,MACHI,MEATA,1.98,354088.271,5,5,354087.242,0.0,0.0,1.0,0.029,178832.460101
1646517,IT,BE,MACHI,PLAS1,1.98,354056.799,5,5,354055.77,0.0,0.0,1.0,0.029,178816.565152
1742807,IT,US,FABRI,RENTI,1.44,354053.903,5,5,354052.878,0.0,0.0,1.0,0.025,245870.765972
1790829,IT,WA,MACHI,ELEC4,1.97,354006.352,5,5,354005.323,0.0,0.0,1.0,0.029,179698.655838
1733772,IT,SI,LANDT,OFFIC,2.28,354001.295,4,4,354001.278,0.0,0.0,0.0,0.017,155263.725877
1728776,IT,SE,HEAVY,MOTOR,0.57,353954.465,4,4,353954.437,0.0,0.0,0.0,0.028,620972.745614
1806134,IT,WF,FABRI,CEMEN,1.44,353841.065,5,5,353840.04,0.0,0.0,1.0,0.025,245722.961806
1737080,IT,GB,CHEMI,FOUND,0.84,353840.497,6,6,353822.464,0.0,1.0,17.0,0.033,421238.686905
1665659,IT,ES,WOODW,BUSIN,0.99,353800.506,6,6,353797.482,0.0,2.0,1.0,0.024,357374.248485
1730270,IT,SE,SEACO,MACHI,0.36,353704.377,4,4,353704.371,0.0,0.0,0.0,0.006,982512.158333
1812449,IT,WM,PREC1,NONME,0.6,353682.513,6,6,353680.497,0.0,1.0,1.0,0.016,589470.855
1786834,IT,ZA,HOTEL,REALE,2.56,353617.507,5,5,353616.48,0.0,1.0,0.0,0.027,138131.838672
1799354,IT,WE,WOODW,PUBLI,0.99,353607.816,6,6,353604.792,0.0,2.0,1.0,0.024,357179.612121
1712217,IT,LV,PAPER,PRINT,1.37,353584.137,6,6,353580.102,0.0,3.0,1.0,0.035,258090.610949
1726031,IT,RO,CHEM1,PUBLI,0.74,353583.928,5,5,353582.889,0.0,0.0,1.0,0.039,477816.118919
1812925,IT,WM,MACHI,COPPE,1.97,353555.362,5,5,353554.333,0.0,0.0,1.0,0.029,179469.726904
1642571,IT,AT,NONF1,RESEA,0.08,353519.376,4,4,353519.374,0.0,0.0,0.0,0.002,4418992.2
1795732,IT,WL,MACHI,COKIN,1.97,353503.032,5,5,353502.003,0.0,0.0,1.0,0.029,179443.163452
1640740,IT,AT,TEXTI,CEMEN,2.09,353460.407,4,4,353460.36,0.0,0.0,0.0,0.047,169119.811962
1738084,IT,GB,RUBBE,RETA1,1.17,353457.077,6,6,353455.045,0.0,1.0,1.0,0.032,302100.065812
1734524,IT,SK,DAIRY,MOTO1,1.44,353454.015,5,5,353450.991,0.0,3.0,0.0,0.024,245454.177083
1752144,IT,CN,BUSIN,LANDT,3.63,353445.232,6,6,353443.208,0.0,1.0,1.0,0.024,97367.832507
1735549,IT,SK,ALUM1,BASIC,0.61,353391.436,5,5,353390.408,0.0,0.0,1.0,0.028,579330.222951
1741901,IT,US,CHEM1,PETRO,0.74,353382.729,5,5,353381.69,0.0,0.0,1.0,0.039,477544.228378
1644072,IT,AT,BUSIN,CONST,3.63,353382.093,6,6,353380.069,0.0,1.0,1.0,0.024,97350.438843
1752004,IT,CN,RESEA,FABRI,1.92,353381.471,5,5,353380.446,0.0,0.0,1.0,0.025,184052.849479
1731286,IT,SI,MEAT4,BUSIN,1.95,353324.38,5,5,353322.356,0.0,2.0,0.0,0.024,181191.989744
1659410,IT,DE,WHOLE,CEMEN,3.05,353310.643,5,5,353309.623,0.0,0.0,1.0,0.02,115839.555082
1746515,IT,JP,CEMEN,NONME,0.57,353306.087,5,5,353304.071,0.0,0.0,2.0,0.016,619835.240351
1666746,IT,ES,RUBBE,PFERT,1.17,353297.449,6,6,353295.417,0.0,1.0,1.0,0.032,301963.631624
1743210,IT,US,TRANS,FURNI,2.11,353291.67,5,5,353290.651,0.0,0.0,1.0,0.019,167436.810427
1665523,IT,ES,WEARI,HEALT,2.66,353264.538,6,6,353262.471,0.0,1.0,1.0,0.067,132806.217293
1733147,IT,SI,FABRI,HOTEL,1.44,353262.451,5,5,353261.426,0.0,0.0,1.0,0.025,245321.146528
1757890,IT,BR,CHEM1,CERAM,0.74,353260.662,5,5,353259.623,0.0,0.0,1.0,0.039,477379.272973
1652860,IT,CZ,COKEO,FABRI,0.04,353240.831,4,4,353240.829,0.0,0.0,0.0,0.002,8831020.775
1659015,IT,DE,ELEC2,ALUM1,0.09,353211.548,4,4,353211.511,0.0,0.0,0.0,0.037,3924572.755556
1763804,IT,MX,CERAM,RADIO,0.55,353177.457,5,5,353175.438,0.0,0.0,2.0,0.019,642140.830909
1786575,IT,ZA,FURNI,REALE,1.13,353137.523,6,6,353135.493,0.0,1.0,1.0,0.03,312511.082301
1790777,IT,WA,MACHI,LEATH,1.97,353031.636,5,5,353030.607,0.0,0.0,1.0,0.029,179203.876142
1791858,IT,WA,LANDT,RETA1,2.28,353017.072,4,4,353017.055,0.0,0.0,0.0,0.017,154832.049123
1738568,IT,GB,FABRI,CHEM1,1.44,353015.77,5,5,353014.745,0.0,0.0,1.0,0.025,245149.840278
1668541,IT,ES,HOTEL,MOTO1,2.56,352990.608,5,5,352989.581,0.0,1.0,0.0,0.027,137886.95625
1679849,IT,GR,ALUM1,WHOLE,0.61,352979.243,5,5,352978.215,0.0,0.0,1.0,0.028,578654.496721
1659493,IT,DE,RETA1,BASIC,3.68,352865.96,5,5,352864.937,0.0,1.0,0.0,0.023,95887.48913
1666856,IT,ES,GLASS,PAPER,0.97,352827.664,5,5,352826.644,0.0,0.0,1.0,0.02,363739.859794
1812916,IT,WM,MACHI,RAWMI,1.97,352779.586,5,5,352778.557,0.0,0.0,1.0,0.029,179075.93198
1758036,IT,BR,RUBBE,RETA1,1.17,352757.065,6,6,352755.033,0.0,1.0,1.0,0.032,301501.764957
1744004,IT,US,AIRTR,CEMEN,0.38,352718.034,4,4,352718.023,0.0,0.0,0.0,0.011,928205.352632
1743512,IT,US,RETA1,TRAN1,3.68,352688.414,5,5,352687.391,0.0,1.0,0.0,0.023,95839.242935
1682752,IT,HR,GASDI,PUBLI,0.52,352663.411,4,4,352663.382,0.0,0.0,0.0,0.029,678198.867308
1790305,IT,WA,ALUM1,WEARI,0.61,352648.418,5,5,352647.39,0.0,0.0,1.0,0.028,578112.160656
1728352,IT,SE,TEXTI,PAPER,2.09,352576.557,4,4,352576.51,0.0,0.0,0.0,0.047,168696.917225
1720712,IT,PL,TRANS,CROPS,2.1,352565.072,5,5,352564.053,0.0,0.0,1.0,0.019,167888.129524
1718785,IT,PL,PAPER,TOBAC,1.37,352452.869,6,6,352448.834,0.0,3.0,1.0,0.035,257264.867883
1726489,IT,RO,FABRI,POSTT,1.43,352438.78,5,5,352437.755,0.0,0.0,1.0,0.025,246460.685315
1685795,IT,HU,PLAST,DIST1,0.74,352427.592,4,4,352427.556,0.0,0.0,0.0,0.036,476253.502703
1723483,IT,PT,ALUM1,CONST,0.61,352420.17,5,5,352419.142,0.0,0.0,1.0,0.028,577737.983607
1688873,IT,IE,ALUM1,FOOD5,0.61,352400.9,5,5,352399.872,0.0,0.0,1.0,0.028,577706.393443
1643431,IT,AT,LANDT,CHEM1,2.27,352397.239,4,4,352397.222,0.0,0.0,0.0,0.017,155241.074449
1686134,IT,HU,RUBBE,COMPU,1.17,352392.886,6,6,352390.854,0.0,1.0,1.0,0.032,301190.500855
1667312,IT,ES,ALUM1,DIST1,0.61,352342.788,5,5,352341.76,0.0,0.0,1.0,0.028,577611.127869
1729730,IT,SE,MACHI,WEARI,1.97,352334.614,5,5,352333.585,0.0,0.0,1.0,0.029,178850.057868
1796028,IT,WL,MOTO1,93197,1.87,352254.303,5,5,352253.28,0.0,0.0,1.0,0.023,188371.285027
1761069,IT,IN,PLAST,PUBLI,0.74,352239.596,4,4,352239.56,0.0,0.0,0.0,0.036,475999.454054
1776505,IT,TR,MOTOR,REALE,0.53,352196.81,4,4,352196.781,0.0,0.0,0.0,0.029,664522.283019
1804471,IT,WF,GASDI,MEAT4,0.52,352135.654,4,4,352135.625,0.0,0.0,0.0,0.029,677183.95
1804453,IT,WF,GASDI,FORES,0.52,352122.362,4,4,352122.333,0.0,0.0,0.0,0.029,677158.388462
1656108,IT,DE,BEVER,93197,1.5,352106.473,5,5,352105.45,0.0,1.0,0.0,0.023,234737.648667
1809575,IT,WM,VEGE1,PFERT,1.08,352091.983,6,6,352088.906,0.0,2.0,1.0,0.077,326011.09537
1685784,IT,HU,PLAST,FABRI,0.74,352061.134,4,4,352061.098,0.0,0.0,0.0,0.036,475758.289189
1794935,IT,WL,CHEM1,LIQUE,0.74,352049.722,5,5,352048.684,0.0,0.0,1.0,0.038,475742.867568
1763088,IT,MX,TEXTI,HEALT,2.09,352009.442,4,4,352009.395,0.0,0.0,0.0,0.047,168425.570335
1682358,IT,HR,WOODW,RETA1,0.98,351997.338,6,6,351994.314,0.0,2.0,1.0,0.024,359180.957143
1661257,IT,DK,VEGET,HOTEL,1.25,351997.084,5,5,351996.07,0.0,1.0,0.0,0.014,281597.6672
1796148,IT,WL,TRANS,RECRE,2.1,351991.229,5,5,351990.21,0.0,0.0,1.0,0.019,167614.870952
1687516,IT,HU,LANDT,GASDI,2.27,351973.939,4,4,351973.922,0.0,0.0,0.0,0.017,155054.598678
1774165,IT,CH,WHOLE,MEMBE,3.04,351936.565,5,5,351935.545,0.0,0.0,1.0,0.02,115768.606908
1709825,IT,LT,RUBBE,SUPPO,1.17,351922.028,6,6,351919.996,0.0,1.0,1.0,0.032,300788.05812
1775317,IT,CH,BUSIN,RAILW,3.61,351892.294,6,6,351890.27,0.0,1.0,1.0,0.024,97477.089751
1640921,IT,AT,LEATH,HEALT,2.52,351808.72,6,6,351805.659,0.0,2.0,1.0,0.061,139606.634921
1659659,IT,DE,HOTEL,EDUCA,2.55,351681.317,5,5,351680.291,0.0,1.0,0.0,0.026,137914.241961
1640795,IT,AT,WEARI,WEARI,2.65,351654.295,6,6,351652.228,0.0,1.0,1.0,0.067,132699.733962
1656605,IT,DE,PRINT,MACHI,3.37,351544.214,6,6,351542.187,0.0,1.0,1.0,0.027,104315.790504
1726010,IT,RO,CHEM1,TRAN1,0.73,351478.657,5,5,351477.619,0.0,0.0,1.0,0.038,481477.612329
1737531,IT,GB,WOODW,TRANS,0.98,351412.319,6,6,351409.295,0.0,2.0,1.0,0.024,358583.99898
1790553,IT,WA,NONF1,CHARC,0.08,351406.415,4,4,351406.413,0.0,0.0,0.0,0.002,4392580.1875
1763459,IT,MX,PLAST,PAPER,0.74,351376.411,4,4,351376.375,0.0,0.0,0.0,0.036,474832.987838
1653949,IT,CZ,MACHI,COKIN,1.96,351369.986,5,5,351368.957,0.0,0.0,1.0,0.029,179270.40102
1746373,IT,JP,RUBBE,CHEM1,1.16,351298.235,6,6,351296.203,0.0,1.0,1.0,0.032,302843.306034
1667163,IT,ES,BASIC,ELEC5,0.4,351286.715,4,4,351286.693,0.0,0.0,0.0,0.022,878216.7875
1740964,IT,US,FOOD5,MEMBE,1.69,351278.818,5,5,351276.787,0.0,2.0,0.0,0.031,207857.288757
1673357,IT,FR,TEXTI,BUSIN,2.08,351235.023,4,4,351234.976,0.0,0.0,0.0,0.047,168862.991827
1778473,IT,TR,WHOLE,POSTT,3.03,351197.961,5,5,351196.941,0.0,0.0,1.0,0.02,115906.917822
1777858,IT,TR,FABRI,RESEA,1.43,351149.972,5,5,351148.947,0.0,0.0,1.0,0.025,245559.420979
1670425,IT,FI,FOOD5,CHEM1,1.69,351127.695,5,5,351125.664,0.0,2.0,0.0,0.031,207767.866864
1721164,IT,PL,RAILW,RAILW,2.35,351125.896,5,5,351123.88,0.0,0.0,2.0,0.016,149415.274894
1774626,IT,CH,SEACO,RECRE,0.36,351112.697,4,4,351112.691,0.0,0.0,0.0,0.006,975313.047222
1665943,IT,ES,MOTOR,PAPER,0.52,351108.768,4,4,351108.739,0.0,0.0,0.0,0.029,675209.169231
1653442,IT,CZ,NONME,GLASS,0.71,351107.393,5,5,351106.354,0.0,0.0,1.0,0.039,494517.45493
1801318,IT,WE,MACHI,HEAVY,1.96,351065.441,5,5,351064.412,0.0,0.0,1.0,0.029,179115.020918
1675454,IT,FR,MACHI,WASTE,1.96,351060.844,5,5,351059.815,0.0,0.0,1.0,0.029,179112.67551
1657279,IT,DE,CHEM1,LANDT,0.73,351057.398,5,5,351056.36,0.0,0.0,1.0,0.038,480900.545205
1660316,IT,DE,POSTT,RECRE,5.78,351050.449,5,5,351049.422,0.0,0.0,1.0,0.027,60735.371799
1763477,IT,MX,PLAST,MACHI,0.74,351018.64,4,4,351018.604,0.0,0.0,0.0,0.036,474349.513514
1777068,IT,TR,CHEM1,TRANS,0.73,351017.186,5,5,351016.148,0.0,0.0,1.0,0.038,480845.460274
1812439,IT,WM,PREC1,PLAST,0.6,350997.254,6,6,350995.238,0.0,1.0,1.0,0.016,584995.423333
1660845,IT,DE,COMPU,CONST,4.01,350958.685,5,5,350957.663,0.0,0.0,1.0,0.022,87520.869077
1674201,IT,FR,LIQUE,FABRI,0.61,350954.95,4,4,350954.922,0.0,0.0,0.0,0.028,575335.983607
1721292,IT,PL,LANDT,LANDT,2.26,350853.422,4,4,350853.405,0.0,0.0,0.0,0.017,155244.876991
1752138,IT,CN,BUSIN,SALEM,3.6,350848.126,6,6,350846.102,0.0,1.0,1.0,0.024,97457.812778
1663059,IT,DK,HOTEL,HEALT,2.54,350813.302,5,5,350812.276,0.0,1.0,0.0,0.026,138115.473228
1750871,IT,CN,FURNI,SEACO,1.12,350790.474,6,6,350788.444,0.0,1.0,1.0,0.03,313205.780357
1656690,IT,DE,COKEO,DIST1,0.04,350783.013,4,4,350783.011,0.0,0.0,0.0,0.002,8769575.325
1646614,IT,BE,MOTO1,BUSIN,1.87,350772.032,5,5,350771.009,0.0,0.0,1.0,0.023,187578.626738
1740602,IT,US,FORES,RUBBE,3.06,350749.459,5,5,350614.45,0.0,135.0,0.0,0.009,114624.006209
1785517,IT,ZA,MOTOR,RETA1,0.52,350745.543,4,4,350745.514,0.0,0.0,0.0,0.029,674510.659615
1769706,IT,AU,MACHI,MEATA,1.96,350733.766,5,5,350732.737,0.0,0.0,1.0,0.029,178945.79898
1656269,IT,DE,WEARI,HEALT,2.64,350672.118,6,6,350670.051,0.0,1.0,1.0,0.067,132830.347727
1804117,IT,WF,PAPER,BEVER,1.36,350658.86,6,6,350654.825,0.0,3.0,1.0,0.035,257837.397059
1753639,IT,CA,OFFIC,OFFIC,1.09,350607.204,4,4,350607.179,0.0,0.0,0.0,0.025,321657.985321
1798279,IT,WE,OILSE,PUBLI,0.25,350593.158,5,5,350591.142,0.0,2.0,0.0,0.016,1402372.632
1739599,IT,GB,SEACO,BASIC,0.36,350558.027,4,4,350558.021,0.0,0.0,0.0,0.006,973772.297222
1788142,IT,WA,WEARI,PFERT,2.64,350508.467,6,6,350506.4,0.0,1.0,1.0,0.067,132768.358712
1746002,IT,JP,PAPER,PRINT,1.36,350461.137,6,6,350457.102,0.0,3.0,1.0,0.035,257692.0125
1758182,IT,BR,NONME,REALE,0.71,350369.42,5,5,350368.382,0.0,0.0,1.0,0.038,493478.056338
1674763,IT,FR,CERAM,SEACO,0.55,350367.626,5,5,350365.607,0.0,0.0,2.0,0.019,637032.047273
1666381,IT,ES,NAPHT,LUBRI,0.59,350307.037,5,5,350306.012,0.0,0.0,1.0,0.025,593740.740678
1720231,IT,PL,NONF1,BASIC,0.08,350257.008,4,4,350257.006,0.0,0.0,0.0,0.002,4378212.6
1746519,IT,JP,NONME,FORES,0.71,350247.384,5,5,350246.346,0.0,0.0,1.0,0.038,493306.174648
1726096,IT,RO,RUBBE,CEMEN,1.16,350221.912,6,6,350219.88,0.0,1.0,1.0,0.032,301915.441379
1776702,IT,TR,HEAVY,RETA1,0.57,350176.149,4,4,350176.121,0.0,0.0,0.0,0.028,614344.121053
1753031,IT,CA,CHEM1,TRANS,0.73,350147.718,5,5,350146.68,0.0,0.0,1.0,0.038,479654.408219
1653844,IT,CZ,FABRI,TEXTI,1.42,350132.841,5,5,350131.816,0.0,0.0,1.0,0.025,246572.423239
1772797,IT,CH,NONME,DISTR,0.71,350103.029,5,5,350101.991,0.0,0.0,1.0,0.038,493102.857746
1682737,IT,HR,GASDI,RAILW,0.52,350097.495,4,4,350097.466,0.0,0.0,0.0,0.029,673264.413462
1676782,IT,FR,LANDT,HEAVY,2.26,350096.587,4,4,350096.57,0.0,0.0,0.0,0.017,154909.994248
1726177,IT,RO,GLASS,LANDT,0.96,350084.885,5,5,350083.865,0.0,0.0,1.0,0.02,364671.755208
1643444,IT,AT,LANDT,COPP1,2.26,350062.623,4,4,350062.606,0.0,0.0,0.0,0.017,154894.965929
1805466,IT,WF,GLASS,MOTO1,0.96,350040.683,5,5,350039.663,0.0,0.0,1.0,0.02,364625.711458
1675443,IT,FR,MACHI,PLAS1,1.95,350013.949,5,5,350012.92,0.0,0.0,1.0,0.029,179494.332821
1686192,IT,HU,GLASS,RUBBE,0.96,349987.062,5,5,349986.042,0.0,0.0,1.0,0.02,364569.85625
1712156,IT,LV,LEATH,DAIRY,2.51,349970.351,6,6,349967.29,0.0,2.0,1.0,0.061,139430.418725
1690366,IT,IE,WASTE,DAIRY,1.11,349904.417,5,5,349903.398,0.0,0.0,1.0,0.019,315229.204505
1761517,IT,IN,ALUM1,MOTO1,0.61,349866.25,5,5,349865.222,0.0,0.0,1.0,0.028,573551.229508
1665005,IT,ES,CHEMI,CERAM,0.83,349768.52,6,6,349750.487,0.0,1.0,17.0,0.033,421407.855422
1654106,IT,CZ,OFFIC,WHOLE,1.08,349749.98,4,4,349749.955,0.0,0.0,0.0,0.025,323842.574074
1745726,IT,JP,WEARI,PRINT,2.64,349735.85,6,6,349733.784,0.0,1.0,1.0,0.066,132475.700758
1754123,IT,CA,AIRTR,HOTEL,0.38,349717.935,4,4,349717.924,0.0,0.0,0.0,0.011,920310.355263
1666855,IT,ES,GLASS,PULP5,0.96,349710.75,5,5,349709.73,0.0,0.0,1.0,0.02,364282.03125
1793547,IT,WL,MEAT4,FOOD5,1.93,349689.206,5,5,349687.182,0.0,2.0,0.0,0.024,181186.117098
1812596,IT,WM,LEAD1,LEAD1,0.61,349680.439,6,6,349677.41,0.0,1.0,2.0,0.029,573246.621311
1658729,IT,DE,OFFIC,HOTEL,1.08,349638.246,4,4,349638.221,0.0,0.0,0.0,0.025,323739.116667
1785991,IT,ZA,RUBBE,HEALT,1.16,349612.738,6,6,349610.706,0.0,1.0,1.0,0.032,301390.291379
1782013,IT,NO,RUBBE,SALEM,1.16,349589.364,6,6,349587.332,0.0,1.0,1.0,0.032,301370.141379
1774348,IT,CH,HOTEL,ELEC3,2.53,349586.814,5,5,349585.788,0.0,1.0,0.0,0.026,138176.606324
1728940,IT,SE,CHEM1,COLLE,0.73,349525.96,5,5,349524.922,0.0,0.0,1.0,0.038,478802.684932
1675689,IT,FR,TRANS,RESEA,2.09,349512.39,5,5,349511.371,0.0,0.0,1.0,0.019,167230.808612
1725861,IT,RO,GASDI,LANDT,0.52,349479.91,4,4,349479.882,0.0,0.0,0.0,0.028,672076.75
1791304,IT,WA,CONST,REALE,1.95,349417.401,5,5,349416.382,0.0,0.0,1.0,0.019,179188.410769
1680086,IT,GR,MACHI,EDUCA,1.95,349343.463,5,5,349342.434,0.0,0.0,1.0,0.029,179150.493846
1673426,IT,FR,WEARI,FABRI,2.63,349339.979,6,6,349337.913,0.0,1.0,1.0,0.066,132828.889354
1688702,IT,IE,CHEM1,MOTO1,0.73,349243.144,5,5,349242.106,0.0,0.0,1.0,0.038,478415.265753
1755310,IT,KR,PAPER,REALE,1.35,349196.415,6,6,349192.381,0.0,3.0,1.0,0.034,258664.011111
1645775,IT,BE,RUBBE,TRANS,1.16,349190.327,6,6,349188.295,0.0,1.0,1.0,0.032,301026.143966
1654315,IT,CZ,ELEC2,GASWO,0.08,349154.108,4,4,349154.071,0.0,0.0,0.0,0.037,4364426.35
1683030,IT,HR,CHEM1,RETA1,0.73,349135.529,5,5,349134.491,0.0,0.0,1.0,0.038,478267.847945
1658762,IT,DE,MOTO1,VEGET,1.86,349102.732,5,5,349101.709,0.0,0.0,1.0,0.023,187689.64086
1645876,IT,BE,GLASS,TRANS,0.96,349083.09,5,5,349082.07,0.0,0.0,1.0,0.02,363628.21875
1758040,IT,BR,RUBBE,TRAN2,1.16,349022.573,6,6,349020.541,0.0,1.0,1.0,0.032,300881.528448
1653130,IT,CZ,CHEM1,CERAM,0.73,349016.073,5,5,349015.035,0.0,0.0,1.0,0.038,478104.209589
1814592,IT,WM,BUSIN,HOTEL,3.58,348961.51,6,6,348959.486,0.0,1.0,1.0,0.024,97475.282123
1741622,IT,US,HEAVY,NATUR,0.56,348959.064,4,4,348959.036,0.0,0.0,0.0,0.028,623141.185714
1736426,IT,SK,LANDT,ELEC3,2.25,348892.994,4,4,348892.978,0.0,0.0,0.0,0.016,155063.552889
1722714,IT,PT,WOODW,GLASS,0.98,348850.403,6,6,348847.379,0.0,2.0,1.0,0.024,355969.79898
1788478,IT,WA,PULP5,OFFIC,1.06,348827.852,6,6,348824.819,0.0,2.0,1.0,0.033,329082.879245
1654658,IT,CZ,LANDT,RUBBE,2.25,348797.89,4,4,348797.874,0.0,0.0,0.0,0.016,155021.284444
1657774,IT,DE,NONME,DAIRY,0.7,348784.467,5,5,348783.429,0.0,0.0,1.0,0.038,498263.524286
1657087,IT,DE,NONSP,ELEC7,0.46,348751.78,4,4,348751.761,0.0,0.0,0.0,0.019,758156.043478
1774339,IT,CH,HOTEL,OFFIC,2.53,348677.189,5,5,348676.163,0.0,1.0,0.0,0.026,137817.070751
1679079,IT,GR,PULP5,WHOLE,1.06,348637.2,6,6,348634.167,0.0,2.0,1.0,0.033,328903.018868
1772081,IT,CH,PRINT,EDUCA,3.34,348598.961,6,6,348596.934,0.0,1.0,1.0,0.027,104370.946407
1738080,IT,GB,RUBBE,CONST,1.15,348587.917,6,6,348585.885,0.0,1.0,1.0,0.032,303119.927826
1739090,IT,GB,WHOLE,TEXTI,3.01,348518.751,5,5,348517.731,0.0,0.0,1.0,0.02,115786.960465
1801313,IT,WE,MACHI,COKEO,1.94,348429.158,5,5,348428.129,0.0,0.0,1.0,0.029,179602.658763
1776828,IT,TR,NAPHT,RESEA,0.59,348417.95,5,5,348416.925,0.0,0.0,1.0,0.025,590538.898305
1774349,IT,CH,HOTEL,ELEC4,2.53,348393.335,5,5,348392.309,0.0,1.0,0.0,0.026,137704.875494
1765533,IT,RU,LEATH,NATU1,2.5,348352.251,6,6,348349.191,0.0,2.0,1.0,0.06,139340.9004
1809461,IT,WM,CHEMI,INSUR,0.83,348321.899,6,6,348303.866,0.0,1.0,17.0,0.033,419664.938554
1763671,IT,MX,RUBBE,PLAST,1.15,348284.056,6,6,348282.024,0.0,1.0,1.0,0.032,302855.70087
1685868,IT,HU,CHEM1,PLAST,0.73,348265.011,5,5,348263.973,0.0,0.0,1.0,0.038,477075.357534
1658230,IT,DE,LEAD1,HOTEL,0.61,348242.103,6,6,348239.074,0.0,1.0,2.0,0.029,570888.693443
1786497,IT,ZA,MOTO1,PUBLI,1.85,348227.855,5,5,348226.832,0.0,0.0,1.0,0.023,188231.272973
1718684,IT,PL,WOODW,FABRI,0.97,348215.4,6,6,348212.376,0.0,2.0,1.0,0.024,358984.948454
1773304,IT,CH,MACHI,FOOD5,1.94,348202.558,5,5,348201.529,0.0,0.0,1.0,0.029,179485.854639
1796374,IT,WL,WHOLE,FOOD5,3.01,348202.456,5,5,348201.436,0.0,0.0,1.0,0.02,115681.87907
1723215,IT,PT,RUBBE,RETA1,1.15,348176.97,6,6,348174.938,0.0,1.0,1.0,0.032,302762.582609
1714553,IT,NL,CRUDE,WHOLE,0.69,348137.45,4,4,348137.42,0.0,0.0,0.0,0.03,504547.028986
1761543,IT,IN,LEAD1,OFFIC,0.61,348124.324,6,6,348121.295,0.0,1.0,2.0,0.029,570695.613115
1789645,IT,WA,RUBBE,PLAST,1.15,348107.886,6,6,348105.854,0.0,1.0,1.0,0.032,302702.509565
1669836,IT,ES,BUSIN,EDUCA,3.57,348075.375,6,6,348073.351,0.0,1.0,1.0,0.024,97500.105042
1649016,IT,BG,WOODW,WOODW,0.97,348055.637,6,6,348052.613,0.0,2.0,1.0,0.024,358820.24433
1721403,IT,PL,SEACO,WHOLE,0.35,348042.836,4,4,348042.83,0.0,0.0,0.0,0.006,994408.102857
1795809,IT,WL,MACHI,TRANS,1.94,348023.962,5,5,348022.933,0.0,0.0,1.0,0.029,179393.794845
1741942,IT,US,CHEM1,DISTR,0.73,348012.364,5,5,348011.326,0.0,0.0,1.0,0.038,476729.265753
1716301,IT,NL,FABRI,CHEM1,1.42,347989.994,5,5,347988.969,0.0,0.0,1.0,0.025,245063.376056
1738202,IT,GB,CERAM,RETA1,0.54,347988.377,5,5,347986.358,0.0,0.0,2.0,0.019,644422.92037
1753430,IT,CA,FABRI,BEVER,1.42,347984.734,5,5,347983.709,0.0,0.0,1.0,0.025,245059.671831
1736076,IT,SK,FURNI,HEALT,1.11,347932.004,6,6,347929.974,0.0,1.0,1.0,0.03,313452.255856
1777252,IT,TR,RUBBE,TRANS,1.15,347850.73,6,6,347848.698,0.0,1.0,1.0,0.032,302478.895652
1803285,IT,WF,FISHF,IRONO,0.6,347775.595,4,4,347775.583,0.0,0.0,0.0,0.012,579625.991667
1724920,IT,PT,BUSIN,SUPPO,3.57,347765.669,6,6,347763.645,0.0,1.0,1.0,0.024,97413.352661
1760704,IT,IN,PAPER,MOTO1,1.35,347765.024,6,6,347760.99,0.0,3.0,1.0,0.034,257603.721481
1645602,IT,BE,CHEM1,NONSP,0.73,347742.993,5,5,347741.955,0.0,0.0,1.0,0.038,476360.264384
1774244,IT,CH,RETA1,LANDT,3.63,347733.873,5,5,347732.85,0.0,1.0,0.0,0.023,95794.455372
1728314,IT,SE,BEVER,RESEA,1.48,347733.353,5,5,347732.331,0.0,1.0,0.0,0.022,234954.968243
1641733,IT,AT,CHEM1,VEGET,0.73,347730.613,5,5,347729.575,0.0,0.0,1.0,0.038,476343.305479
1650548,IT,BG,ELEC7,CEMEN,0.24,347699.092,4,4,347699.088,0.0,0.0,0.0,0.004,1448746.216667
1743467,IT,US,WHOLE,OFFIC,3.0,347596.29,5,5,347595.27,0.0,0.0,1.0,0.02,115865.43
1726584,IT,RO,OFFIC,HEALT,1.08,347567.33,4,4,347567.305,0.0,0.0,0.0,0.025,321821.601852
1766564,IT,RU,COPP1,CONST,0.88,347549.453,5,5,347548.435,0.0,0.0,1.0,0.018,394942.560227
1780176,IT,TW,HOTEL,AIRTR,2.52,347540.297,5,5,347539.271,0.0,1.0,0.0,0.026,137912.81627
1760675,IT,IN,PAPER,PAPER,1.35,347467.239,6,6,347463.205,0.0,3.0,1.0,0.034,257383.14
1665187,IT,ES,FOOD5,MEATP,1.67,347448.472,5,5,347446.441,0.0,2.0,0.0,0.031,208052.977246
1801412,IT,WE,OFFIC,PUBLI,1.08,347427.948,4,4,347427.923,0.0,0.0,0.0,0.025,321692.544444
1657006,IT,DE,NAPHT,GASDI,0.59,347386.133,5,5,347385.108,0.0,0.0,1.0,0.025,588790.055932
1810862,IT,WM,KEROS,HOTEL,0.52,347327.629,4,4,347327.601,0.0,0.0,0.0,0.028,667937.748077
1788070,IT,WA,TEXTI,POSTT,2.06,347315.034,4,4,347314.988,0.0,0.0,0.0,0.046,168599.531068
1742162,IT,US,GLASS,TEXTI,0.95,347310.355,5,5,347309.335,0.0,0.0,1.0,0.02,365589.847368
1794558,IT,WL,HEAVY,PRINT,0.56,347267.945,4,4,347267.917,0.0,0.0,0.0,0.028,620121.330357
1659536,IT,DE,RETA1,INSUR,3.63,347239.16,5,5,347238.137,0.0,1.0,0.0,0.023,95658.170799
1776433,IT,TR,MOTOR,VEGET,0.52,347238.48,4,4,347238.452,0.0,0.0,0.0,0.028,667766.307692
1771705,IT,CH,WEARI,MEMBE,2.62,347200.563,6,6,347198.497,0.0,1.0,1.0,0.066,132519.298855
1640755,IT,AT,TEXTI,MOTO1,2.06,347186.624,4,4,347186.578,0.0,0.0,0.0,0.046,168537.196117
1813309,IT,WM,TRANS,BUSIN,2.07,347168.859,5,5,347167.84,0.0,0.0,1.0,0.019,167714.424638
1657393,IT,DE,RUBBE,MEAT1,1.15,347168.777,6,6,347166.746,0.0,1.0,1.0,0.031,301885.893043
1788979,IT,WA,HEAVY,DIST1,0.56,347116.096,4,4,347116.068,0.0,0.0,0.0,0.028,619850.171429
1750805,IT,CN,FURNI,LEATH,1.11,347101.871,6,6,347099.841,0.0,1.0,1.0,0.03,312704.388288
1659826,IT,DE,LANDT,ALUM1,2.24,347083.488,4,4,347083.472,0.0,0.0,0.0,0.016,154947.985714
1740958,IT,US,FOOD5,BUSIN,1.67,347044.147,5,5,347042.116,0.0,2.0,0.0,0.031,207810.866467
1810874,IT,WM,KEROS,REALE,0.52,346941.789,4,4,346941.761,0.0,0.0,0.0,0.028,667195.748077
1777530,IT,TR,BASIC,LANDT,0.4,346904.201,4,4,346904.179,0.0,0.0,0.0,0.022,867260.5025
1811067,IT,WM,HEAVY,PFERT,0.56,346894.61,4,4,346894.582,0.0,0.0,0.0,0.028,619454.660714
1663284,IT,DK,SEACO,COMPU,0.35,346858.218,4,4,346858.212,0.0,0.0,0.0,0.006,991023.48
1659990,IT,DE,SEACO,RAILW,0.35,346749.061,4,4,346749.055,0.0,0.0,0.0,0.006,990711.602857
1763611,IT,MX,CHEM1,RECRE,0.72,346712.922,5,5,346711.884,0.0,0.0,1.0,0.038,481545.725
1673882,IT,FR,PRINT,MEMBE,3.33,346699.065,6,6,346697.039,0.0,1.0,1.0,0.026,104113.833333
1729053,IT,SE,RUBBE,CEMEN,1.15,346657.207,6,6,346655.176,0.0,1.0,1.0,0.031,301441.049565
1728695,IT,SE,COKEO,MEAT1,0.04,346631.796,4,4,346631.794,0.0,0.0,0.0,0.002,8665794.9
1674068,IT,FR,GASDI,EDUCA,0.52,346624.758,4,4,346624.73,0.0,0.0,0.0,0.028,666586.073077
1681012,IT,GR,AIRTR,CHEM1,0.38,346617.918,4,4,346617.907,0.0,0.0,0.0,0.011,912152.415789
1807728,IT,WF,BUSIN,HEALT,3.56,346607.041,6,6,346605.017,0.0,1.0,1.0,0.024,97361.528371
1650931,IT,BG,SEACO,WHOLE,0.35,346567.32,4,4,346567.314,0.0,0.0,0.0,0.006,990192.342857
1644091,IT,AT,BUSIN,BUSIN,3.56,346567.151,6,6,346565.127,0.0,1.0,1.0,0.024,97350.323315
1801766,IT,WE,ELEC2,RECRE,0.08,346543.438,4,4,346543.402,0.0,0.0,0.0,0.036,4331792.975
1748808,IT,CN,TEXTI,MACHI,2.05,346527.838,4,4,346527.792,0.0,0.0,0.0,0.046,169037.969756
1812763,IT,WM,NONF1,AUXIL,0.08,346522.384,4,4,346522.382,0.0,0.0,0.0,0.002,4331529.8
1759769,IT,BR,BUSIN,FABRI,3.56,346510.984,6,6,346508.96,0.0,1.0,1.0,0.024,97334.546067
1649947,IT,BG,FABRI,FURNI,1.41,346509.976,5,5,346508.951,0.0,0.0,1.0,0.025,245751.756028
1777097,IT,TR,CHEM1,RENTI,0.72,346509.922,5,5,346508.884,0.0,0.0,1.0,0.038,481263.780556
1727007,IT,RO,HOTEL,REALE,2.51,346481.86,5,5,346480.834,0.0,1.0,0.0,0.026,138040.581673
1745784,IT,JP,WEARI,AIRTR,2.61,346469.032,6,6,346466.966,0.0,1.0,1.0,0.066,132746.755556
1665910,IT,ES,COALT,CHEM1,0.55,346454.615,5,5,346453.594,0.0,0.0,1.0,0.021,629917.481818
1788951,IT,WA,HEAVY,NAPHT,0.56,346430.142,4,4,346430.114,0.0,0.0,0.0,0.028,618625.253571
1813108,IT,WM,MOTO1,NATU1,1.84,346318.263,5,5,346317.24,0.0,0.0,1.0,0.023,188216.447283
1666829,IT,ES,RUBBE,93197,1.15,346262.354,6,6,346260.323,0.0,1.0,1.0,0.031,301097.69913
1749294,IT,CN,PAPER,REALE,1.34,346227.142,6,6,346223.108,0.0,3.0,1.0,0.034,258378.464179
1650298,IT,BG,ELEC1,HEALT,0.05,346214.769,4,4,346214.747,0.0,0.0,0.0,0.022,6924295.38
1649423,IT,BG,CHEM1,GLASS,0.72,346202.909,5,5,346201.871,0.0,0.0,1.0,0.038,480837.373611
1683637,IT,HR,FABRI,CHEM1,1.41,346197.035,5,5,346196.01,0.0,0.0,1.0,0.025,245529.812057
1744892,IT,US,BUSIN,MOTOR,3.56,346155.107,6,6,346153.083,0.0,1.0,1.0,0.024,97234.580618
1657031,IT,DE,NAPHT,RESEA,0.59,346104.691,5,5,346103.666,0.0,0.0,1.0,0.025,586618.120339
1687646,IT,HU,AIRTR,GASDI,0.38,346084.536,4,4,346084.525,0.0,0.0,0.0,0.011,910748.778947
1645278,IT,BE,MOTOR,LANDT,0.52,346077.454,4,4,346077.426,0.0,0.0,0.0,0.028,665533.565385
1800080,IT,WE,NAPHT,MEATP,0.59,346036.337,5,5,346035.312,0.0,0.0,1.0,0.025,586502.266102
1741286,IT,US,PAPER,CHEM1,1.34,346029.633,6,6,346025.599,0.0,3.0,1.0,0.034,258231.069403
1794033,IT,WL,PULP5,CHEM1,1.06,346023.012,6,6,346019.98,0.0,2.0,1.0,0.032,326436.803774
1801051,IT,WE,COPP1,FOOD5,0.87,346005.192,5,5,346004.174,0.0,0.0,1.0,0.018,397707.117241
1769275,IT,AU,RUBBE,FABRI,1.15,345952.593,6,6,345950.562,0.0,1.0,1.0,0.031,300828.341739
1761630,IT,IN,FABRI,TEXTI,1.41,345926.367,5,5,345925.342,0.0,0.0,1.0,0.025,245337.848936
1658050,IT,DE,PREC1,ELEC2,0.59,345916.119,6,6,345914.103,0.0,1.0,1.0,0.016,586298.50678
1649228,IT,BG,KEROS,DIST1,0.51,345908.08,4,4,345908.052,0.0,0.0,0.0,0.028,678251.137255
1655903,IT,DE,DAIRY,EDUCA,1.41,345868.625,5,5,345866.602,0.0,2.0,0.0,0.023,245296.897163
1728962,IT,SE,CHEM1,EDUCA,0.72,345853.219,5,5,345852.181,0.0,0.0,1.0,0.038,480351.693056
1735508,IT,SK,PREC1,MACHI,0.59,345831.055,6,6,345829.039,0.0,1.0,1.0,0.016,586154.330508
1773535,IT,CH,MOTO1,FABRI,1.84,345822.281,5,5,345821.259,0.0,0.0,1.0,0.022,187946.891848
1794434,IT,WL,GASDI,RAWMI,0.51,345786.873,4,4,345786.845,0.0,0.0,0.0,0.028,678013.476471
1795430,IT,WL,BASIC,PUBLI,0.4,345770.367,4,4,345770.345,0.0,0.0,0.0,0.022,864425.9175
1686880,IT,HU,MACHI,VEGET,1.93,345735.622,5,5,345734.594,0.0,0.0,1.0,0.028,179137.627979
1732642,IT,SI,GLASS,HOTEL,0.95,345721.651,5,5,345720.631,0.0,0.0,1.0,0.02,363917.527368
1662776,IT,DK,MOTO1,LANDT,1.84,345719.735,5,5,345718.713,0.0,0.0,1.0,0.022,187891.160326
1671223,IT,FI,BASIC,NICKE,0.4,345695.226,4,4,345695.204,0.0,0.0,0.0,0.022,864238.065
1794049,IT,WL,PAPER,VEGET,1.34,345666.087,6,6,345662.053,0.0,3.0,1.0,0.034,257959.766418
1805865,IT,WF,ALUM1,PRINT,0.6,345662.741,4,4,345662.713,0.0,0.0,0.0,0.028,576104.568333
1690126,IT,IE,COMPU,CONST,3.95,345637.314,5,5,345636.292,0.0,0.0,1.0,0.022,87503.117468
1756752,IT,KR,AIRTR,PRINT,0.38,345622.963,4,4,345622.952,0.0,0.0,0.0,0.011,909534.113158
1791694,IT,WA,HOTEL,REALE,2.5,345595.434,5,5,345594.408,0.0,1.0,0.0,0.026,138238.1736
1644561,IT,BE,PROCE,HOTEL,2.34,345590.921,5,5,345588.9,0.0,2.0,0.0,0.021,147688.427778
1791001,IT,WA,MOTO1,CONST,1.84,345570.434,5,5,345569.412,0.0,0.0,1.0,0.022,187810.018478
1799687,IT,WE,MOTOR,TRAN1,0.52,345561.0,4,4,345560.972,0.0,0.0,0.0,0.028,664540.384615
1719510,IT,PL,GLASS,PAPER,0.95,345511.122,5,5,345510.102,0.0,0.0,1.0,0.02,363695.917895
1686928,IT,HU,MACHI,CHEM1,1.93,345471.078,5,5,345470.05,0.0,0.0,1.0,0.028,179000.558549
1686794,IT,HU,FABRI,WOODW,1.41,345437.825,5,5,345436.8,0.0,0.0,1.0,0.025,244991.365248
1725147,IT,RO,MEATP,FOOD5,1.4,345416.64,5,5,345415.603,0.0,1.0,0.0,0.037,246726.171429
1766008,IT,RU,CHEM1,PREC1,0.72,345365.063,5,5,345364.025,0.0,0.0,1.0,0.038,479673.698611
1741928,IT,US,CHEM1,RADIO,0.72,345346.75,5,5,345345.712,0.0,0.0,1.0,0.038,479648.263889
1812281,IT,WM,BASIC,FISHF,0.4,345342.823,4,4,345342.801,0.0,0.0,0.0,0.022,863357.0575
1683097,IT,HR,RUBBE,NONME,1.14,345318.597,6,6,345316.566,0.0,1.0,1.0,0.031,302911.05
1646916,IT,BE,WHOLE,FABRI,2.98,345295.649,5,5,345294.629,0.0,0.0,1.0,0.02,115871.023154
1800407,IT,WE,CHEM1,HEALT,0.72,345266.528,5,5,345265.49,0.0,0.0,1.0,0.038,479536.844444
1805500,IT,WF,CERAM,SANDC,0.54,345236.165,5,5,345234.146,0.0,0.0,2.0,0.019,639326.231481
1663247,IT,DK,SEACO,MOTOR,0.35,345182.439,4,4,345182.433,0.0,0.0,0.0,0.006,986235.54
1713257,IT,MT,PAPER,AIRTR,1.34,345154.226,6,6,345150.192,0.0,3.0,1.0,0.034,257577.780597
1725417,IT,RO,TEXTI,POSTT,2.05,345139.931,4,4,345139.885,0.0,0.0,0.0,0.046,168360.941951
1658972,IT,DE,ELEC1,BASIC,0.05,345114.853,4,4,345114.831,0.0,0.0,0.0,0.022,6902297.06
1764729,IT,MX,HOTEL,FABRI,2.5,345060.053,5,5,345059.027,0.0,1.0,0.0,0.026,138024.0212
1675835,IT,FR,ELEC1,ALUM1,0.05,344997.623,4,4,344997.601,0.0,0.0,0.0,0.022,6899952.46
1732118,IT,SI,GASDI,POULT,0.51,344983.091,4,4,344983.063,0.0,0.0,0.0,0.028,676437.433333
1731911,IT,SI,MOTOR,FORES,0.52,344980.196,4,4,344980.168,0.0,0.0,0.0,0.028,663423.453846
1774252,IT,CH,RETA1,INSUR,3.6,344940.147,5,5,344939.124,0.0,1.0,0.0,0.023,95816.7075
1755654,IT,KR,RUBBE,CHEM1,1.14,344889.867,5,5,344888.836,0.0,1.0,0.0,0.031,302534.971053
1673100,IT,FR,FOOD5,COMPU,1.66,344847.189,5,5,344845.158,0.0,2.0,0.0,0.031,207739.270482
1755935,IT,KR,BASIC,REALE,0.4,344845.29,4,4,344845.268,0.0,0.0,0.0,0.022,862113.225
1786380,IT,ZA,MACHI,ALUM1,1.92,344779.404,5,5,344778.376,0.0,0.0,1.0,0.028,179572.60625
1732817,IT,SI,BASIC,PULP5,0.4,344748.042,4,4,344748.02,0.0,0.0,0.0,0.022,861870.105
1799759,IT,WE,KEROS,WHOLE,0.51,344733.491,4,4,344733.463,0.0,0.0,0.0,0.028,675948.021569
1795167,IT,WL,RUBBE,TRAN2,1.14,344732.866,5,5,344731.835,0.0,1.0,0.0,0.031,302397.250877
1757554,IT,BR,MOTOR,NONSP,0.51,344648.743,4,4,344648.715,0.0,0.0,0.0,0.028,675781.84902
1650104,IT,BG,OFFIC,COPP1,1.07,344582.123,4,4,344582.098,0.0,0.0,0.0,0.025,322039.36729
1729539,IT,SE,COPP1,KEROS,0.87,344545.288,5,5,344544.27,0.0,0.0,1.0,0.018,396029.066667
1796232,IT,WL,FURNI,FINAN,1.1,344527.636,6,6,344525.606,0.0,1.0,1.0,0.03,313206.941818
1771477,IT,CH,BEVER,CONST,1.47,344514.211,5,5,344513.189,0.0,1.0,0.0,0.022,234363.408844
1732400,IT,SI,PLAST,MACHI,0.72,344501.021,4,4,344500.986,0.0,0.0,0.0,0.035,478473.640278
1670967,IT,FI,CHEM1,DIST1,0.72,344469.061,5,5,344468.023,0.0,0.0,1.0,0.038,478429.251389
1671076,IT,FI,RUBBE,WHOLE,1.14,344459.109,5,5,344458.078,0.0,1.0,0.0,0.031,302157.113158
1735695,IT,SK,FABRI,BASIC,1.4,344411.687,5,5,344410.662,0.0,0.0,1.0,0.025,246008.347857
1712180,IT,LV,WOODW,WOODW,0.96,344364.276,6,6,344361.253,0.0,2.0,1.0,0.023,358712.7875
1782822,IT,NO,HOTEL,BUSIN,2.5,344347.74,5,5,344346.714,0.0,1.0,0.0,0.026,137739.096
1661938,IT,DK,MOTOR,FOOD5,0.51,344270.701,4,4,344270.673,0.0,0.0,0.0,0.028,675040.590196
1814482,IT,WM,RESEA,CRUDE,1.87,344263.48,5,5,344262.456,0.0,0.0,1.0,0.024,184098.117647
1729549,IT,SE,COPP1,PLAST,0.87,344257.643,5,5,344256.625,0.0,0.0,1.0,0.018,395698.44023
1642016,IT,AT,RUBBE,LANDT,1.14,344230.165,5,5,344229.134,0.0,1.0,0.0,0.031,301956.285088
1753655,IT,CA,OFFIC,EDUCA,1.07,344193.313,4,4,344193.288,0.0,0.0,0.0,0.025,321675.993458
1809928,IT,WM,BEVER,REALE,1.46,344181.381,5,5,344180.359,0.0,1.0,0.0,0.022,235740.671918
1811860,IT,WM,RUBBE,WEARI,1.14,344180.38,5,5,344179.349,0.0,1.0,0.0,0.031,301912.614035
1806527,IT,WF,FURNI,CRUDE,1.1,344095.711,6,6,344093.681,0.0,1.0,1.0,0.03,312814.282727
1796932,IT,WL,AIRTR,MEATP,0.37,344080.281,4,4,344080.27,0.0,0.0,0.0,0.011,929946.705405
1725941,IT,RO,NFERT,VEGET,0.07,344018.27,4,4,344018.242,0.0,0.0,0.0,0.028,4914546.714286
1730622,IT,SE,RENTI,PRINT,2.06,343991.987,4,4,343991.968,0.0,0.0,0.0,0.019,166986.401456
1808361,IT,WF,FOOD3,PUBLI,0.98,343924.668,5,5,343923.651,0.0,0.0,1.0,0.017,350943.538776
1715290,IT,NL,PAPER,MACHI,1.33,343915.241,6,6,343911.207,0.0,3.0,1.0,0.034,258582.88797
1666156,IT,ES,GASDI,RENTI,0.51,343866.735,4,4,343866.707,0.0,0.0,0.0,0.028,674248.5
1803313,IT,WF,STONE,PRECI,1.11,343854.241,5,5,343835.225,0.0,0.0,19.0,0.016,309778.595495
1811970,IT,WM,GLASS,WOODW,0.94,343821.905,5,5,343820.885,0.0,0.0,1.0,0.02,365767.984043
1803161,IT,WF,VEGET,HEALT,1.22,343696.562,5,5,343695.549,0.0,1.0,0.0,0.013,281718.493443
1641776,IT,AT,CHEM1,NAPHT,0.72,343692.012,4,4,343691.974,0.0,0.0,0.0,0.038,477350.016667
1682214,IT,HR,WEARI,WHOLE,2.59,343627.722,6,6,343625.657,0.0,1.0,1.0,0.065,132674.796139
1774375,IT,CH,HOTEL,REALE,2.49,343607.307,5,5,343606.281,0.0,1.0,0.0,0.026,137994.90241
1680369,IT,GR,ELEC2,HEAVY,0.08,343588.13,4,4,343588.094,0.0,0.0,0.0,0.036,4294851.625
1772618,IT,CH,GLASS,PULP5,0.94,343583.516,5,5,343582.496,0.0,0.0,1.0,0.02,365514.378723
1786149,IT,ZA,BASIC,ELEC1,0.4,343454.146,4,4,343454.124,0.0,0.0,0.0,0.022,858635.365
1685238,IT,HU,TEXTI,LEATH,2.03,343428.359,4,4,343428.313,0.0,0.0,0.0,0.046,169176.531527
1687563,IT,HU,LANDT,RETA1,2.22,343401.254,4,4,343401.238,0.0,0.0,0.0,0.016,154685.24955
1804933,IT,WF,NONSP,CRUDE,0.45,343346.43,4,4,343346.412,0.0,0.0,0.0,0.018,762992.066667
1644059,IT,AT,BUSIN,OFFIC,3.53,343267.106,6,6,343265.082,0.0,1.0,1.0,0.024,97242.806232
1656411,IT,DE,WOODW,RENTI,0.96,343207.21,6,6,343204.187,0.0,2.0,1.0,0.023,357507.510417
1806226,IT,WF,MACHI,FISH5,1.91,343189.902,5,5,343188.874,0.0,0.0,1.0,0.028,179680.576963
1748463,IT,CN,STONE,BASIC,1.11,343169.399,5,5,343150.383,0.0,0.0,19.0,0.016,309161.620721
1678547,IT,GR,VEGET,FURNI,1.21,343121.3,5,5,343120.287,0.0,1.0,0.0,0.013,283571.322314
1742559,IT,US,PREC1,RADIO,0.58,343091.24,6,6,343089.224,0.0,1.0,1.0,0.016,591536.62069
1761089,IT,IN,PFERT,CHEM1,0.15,343066.178,4,4,343066.123,0.0,0.0,0.0,0.055,2287107.853333
1673066,IT,FR,FOOD5,BASIC,1.65,343066.063,5,5,343064.032,0.0,2.0,0.0,0.031,207918.826061
1801148,IT,WE,FABRI,COKIN,1.4,343039.053,5,5,343038.028,0.0,0.0,1.0,0.025,245027.895
1729045,IT,SE,RUBBE,PLAST,1.14,343028.674,5,5,343027.643,0.0,1.0,0.0,0.031,300902.345614
1662055,IT,DK,CHEM1,FISH5,0.72,343027.621,4,4,343027.584,0.0,0.0,0.0,0.037,476427.251389
1800250,IT,WE,PLAST,NONME,0.72,343009.07,4,4,343009.035,0.0,0.0,0.0,0.035,476401.486111
1735210,IT,SK,RUBBE,RETA1,1.14,342993.69,5,5,342992.659,0.0,1.0,0.0,0.031,300871.657895
1724439,IT,PT,AIRTR,HOTEL,0.37,342983.029,4,4,342983.018,0.0,0.0,0.0,0.011,926981.159459
1678553,IT,GR,OILSE,FOOD5,0.25,342952.864,5,5,342950.848,0.0,2.0,0.0,0.016,1371811.456
1728863,IT,SE,NFERT,FORES,0.07,342899.78,4,4,342899.752,0.0,0.0,0.0,0.028,4898568.285714
1755419,IT,KR,HEAVY,GASDI,0.55,342884.311,4,4,342884.283,0.0,0.0,0.0,0.028,623426.02
1751480,IT,CN,AIRTR,SEACO,0.37,342861.622,4,4,342861.611,0.0,0.0,0.0,0.011,926653.032432
1730381,IT,SE,POSTT,WHEAT,5.65,342836.195,5,5,342835.169,0.0,0.0,1.0,0.026,60678.972566
1810899,IT,WM,KERO1,CHEM1,0.49,342787.511,4,4,342787.483,0.0,0.0,0.0,0.028,699566.34898
1757592,IT,BR,GASDI,HEAVY,0.51,342719.52,4,4,342719.492,0.0,0.0,0.0,0.028,671999.058824
1646609,IT,BE,MOTO1,SUPPO,1.82,342699.381,5,5,342698.359,0.0,0.0,1.0,0.022,188296.363187
1658535,IT,DE,MACHI,BKBPE,1.91,342678.126,5,5,342677.098,0.0,0.0,1.0,0.028,179412.631414
1680339,IT,GR,ELEC1,ALUM1,0.05,342613.532,4,4,342613.51,0.0,0.0,0.0,0.022,6852270.64
1737502,IT,GB,WOODW,FISH5,0.96,342601.749,6,6,342598.726,0.0,2.0,1.0,0.023,356876.821875
1736142,IT,SK,CONST,BUSIN,1.92,342547.566,5,5,342546.548,0.0,0.0,1.0,0.018,178410.190625
1658943,IT,DE,FURNI,RESEA,1.09,342493.548,6,6,342491.519,0.0,1.0,1.0,0.029,314214.26422
1812259,IT,WM,NONME,HEALT,0.69,342396.31,5,5,342395.272,0.0,0.0,1.0,0.038,496226.536232
1682664,IT,HR,KEROS,REALE,0.51,342396.051,4,4,342396.023,0.0,0.0,0.0,0.028,671364.805882
1664126,IT,EE,RUBBE,HEAVY,1.13,342390.093,5,5,342389.062,0.0,1.0,0.0,0.031,303000.082301
1640417,IT,AT,VEGE1,MEATC,1.05,342326.865,6,6,342323.791,0.0,2.0,1.0,0.074,326025.585714
1751408,IT,CN,SEACO,HOTEL,0.35,342153.819,4,4,342153.813,0.0,0.0,0.0,0.006,977582.34
1805355,IT,WF,RUBBE,WOODW,1.13,342143.473,5,5,342142.442,0.0,1.0,0.0,0.031,302781.834513
1646199,IT,BE,ALUM1,MOTO1,0.59,342105.189,4,4,342105.162,0.0,0.0,0.0,0.027,579839.30339
1804595,IT,WF,HEAVY,LEATH,0.55,342097.025,4,4,342096.998,0.0,0.0,0.0,0.027,621994.590909
1803723,IT,WF,FISH5,RAWMI,1.44,342078.846,5,5,342077.67,0.0,1.0,0.0,0.176,237554.754167
1718786,IT,PL,PAPER,TEXTI,1.33,342038.736,6,6,342034.702,0.0,3.0,1.0,0.034,257171.981955
1660862,IT,DE,COMPU,RENTI,3.91,341993.663,5,5,341992.641,0.0,0.0,1.0,0.022,87466.409974
1765441,IT,RU,TEXTI,MOTO1,2.03,341986.054,4,4,341986.009,0.0,0.0,0.0,0.045,168466.036453
1738366,IT,GB,PREC1,PLAST,0.58,341985.257,6,6,341983.241,0.0,1.0,1.0,0.016,589629.753448
1801637,IT,WE,FURNI,CRUDE,1.09,341970.928,6,6,341968.899,0.0,1.0,1.0,0.029,313734.79633
1715881,IT,NL,RUBBE,RESEA,1.13,341934.365,5,5,341933.334,0.0,1.0,0.0,0.031,302596.783186
1786817,IT,ZA,HOTEL,CONST,2.48,341903.404,5,5,341902.378,0.0,1.0,0.0,0.026,137864.275806
1709948,IT,LT,BASIC,RETAI,0.39,341899.107,4,4,341899.085,0.0,0.0,0.0,0.022,876664.376923
1720325,IT,PL,FABRI,DISTR,1.39,341896.456,5,5,341895.431,0.0,0.0,1.0,0.025,245968.673381
1765941,IT,RU,CHEM1,WHEAT,0.71,341831.186,4,4,341831.149,0.0,0.0,0.0,0.037,481452.374648
1675431,IT,FR,MACHI,FINAN,1.91,341777.573,5,5,341776.545,0.0,0.0,1.0,0.028,178941.137696
1640320,IT,AT,CHEMI,WOODW,0.81,341777.194,6,6,341759.162,0.0,1.0,17.0,0.032,421947.153086
1663073,IT,DK,HOTEL,RECRE,2.48,341766.547,5,5,341765.521,0.0,1.0,0.0,0.026,137809.091532
1737329,IT,GB,BEVER,CHEM1,1.45,341726.267,5,5,341725.245,0.0,1.0,0.0,0.022,235673.287586
1655609,IT,DE,SANDC,ELEC8,0.78,341683.036,5,5,341608.024,0.0,0.0,75.0,0.012,438055.174359
1652559,IT,CZ,LEATH,LEATH,2.45,341668.606,6,6,341665.547,0.0,2.0,1.0,0.059,139456.573878
1741234,IT,US,WOODW,RAILW,0.96,341652.634,6,6,341649.611,0.0,2.0,1.0,0.023,355888.160417
1730821,IT,SE,BUSIN,FINAN,3.51,341555.797,6,6,341553.773,0.0,1.0,1.0,0.024,97309.343875
1663046,IT,DK,HOTEL,AIRTR,2.48,341550.823,5,5,341549.797,0.0,1.0,0.0,0.026,137722.106048
1804355,IT,WF,MOTOR,COMPU,0.51,341468.358,4,4,341468.33,0.0,0.0,0.0,0.028,669545.8
1775257,IT,CH,BUSIN,BEVER,3.51,341398.586,6,6,341396.562,0.0,1.0,1.0,0.024,97264.554416
1763547,IT,MX,CHEM1,LIQUE,0.71,341355.36,4,4,341355.323,0.0,0.0,0.0,0.037,480782.197183
1661404,IT,DK,VEGE1,FISH5,1.05,341329.089,6,6,341326.015,0.0,2.0,1.0,0.074,325075.322857
1798522,IT,WE,STONE,NONME,1.1,341313.193,5,5,341294.177,0.0,0.0,19.0,0.016,310284.720909
1680246,IT,GR,TRANS,INLAN,2.04,341301.784,5,5,341300.765,0.0,0.0,1.0,0.019,167304.796078
1673200,IT,FR,BEVER,PUBLI,1.45,341264.451,5,5,341263.429,0.0,1.0,0.0,0.022,235354.793793
1794332,IT,WL,MOTOR,DISTR,0.51,341253.055,4,4,341253.027,0.0,0.0,0.0,0.028,669123.637255
1675215,IT,FR,FABRI,MEATC,1.39,341245.346,5,5,341244.322,0.0,0.0,1.0,0.024,245500.248921
1799187,IT,WE,WEARI,REALE,2.57,341194.686,6,6,341192.621,0.0,1.0,1.0,0.065,132760.57821
1796138,IT,WL,TRANS,AUXIL,2.04,341166.943,5,5,341165.924,0.0,0.0,1.0,0.019,167238.697549
1674413,IT,FR,CHEM1,FOODW,0.71,341092.328,4,4,341092.291,0.0,0.0,0.0,0.037,480411.729577
1813765,IT,WM,HOTEL,CONST,2.47,341074.262,5,5,341073.236,0.0,1.0,0.0,0.026,138086.745749
1734403,IT,SK,VEGET,HEAVY,1.21,341066.425,5,5,341065.412,0.0,1.0,0.0,0.013,281873.078512
1767366,IT,RU,LANDT,CEREA,2.2,341051.604,4,4,341051.588,0.0,0.0,0.0,0.016,155023.456364
1644732,IT,BE,BEVER,PUBLI,1.45,341024.587,5,5,341023.565,0.0,1.0,0.0,0.022,235189.370345
1786822,IT,ZA,HOTEL,HOTEL,2.47,340978.738,5,5,340977.712,0.0,1.0,0.0,0.026,138048.072065
1657243,IT,DE,CHEM1,LEAD1,0.71,340921.226,4,4,340921.189,0.0,0.0,0.0,0.037,480170.740845
1803868,IT,WF,TEXTI,BUSIN,2.02,340908.745,4,4,340908.7,0.0,0.0,0.0,0.045,168766.705446
1767033,IT,RU,TRANS,RESEA,2.03,340907.003,5,5,340905.984,0.0,0.0,1.0,0.019,167934.484236
1787432,IT,WA,STONE,PRECI,1.1,340895.585,5,5,340876.569,0.0,0.0,19.0,0.016,309905.077273
1752688,IT,CA,WEARI,HEALT,2.57,340894.566,6,6,340892.501,0.0,1.0,1.0,0.065,132643.8
1649571,IT,BG,RUBBE,LANDT,1.13,340877.865,5,5,340876.834,0.0,1.0,0.0,0.031,301661.827434
1727864,IT,RO,BUSIN,RECRE,3.5,340866.829,6,6,340864.805,0.0,1.0,1.0,0.024,97390.522571
1733653,IT,SI,HOTEL,LANDT,2.47,340859.651,5,5,340858.625,0.0,1.0,0.0,0.026,137999.858704
1775143,IT,CH,COMPU,COMPU,3.89,340840.894,5,5,340839.873,0.0,0.0,1.0,0.021,87619.767095
1804447,IT,WF,GASDI,PIGS9,0.51,340812.849,4,4,340812.821,0.0,0.0,0.0,0.028,668260.488235
1780045,IT,TW,WHOLE,BEVER,2.94,340788.626,5,5,340787.606,0.0,0.0,1.0,0.02,115914.498639
1740723,IT,US,CHEMI,RESEA,0.81,340779.857,6,6,340761.825,0.0,1.0,17.0,0.032,420715.87284
1687671,IT,HU,AIRTR,CONST,0.37,340746.771,4,4,340746.76,0.0,0.0,0.0,0.011,920937.218919
1755060,IT,KR,WEARI,HOTEL,2.57,340684.531,6,6,340682.466,0.0,1.0,1.0,0.065,132562.074319
1713839,IT,MT,ELEC1,COMPU,0.05,340587.868,4,4,340587.847,0.0,0.0,0.0,0.021,6811757.36
1673684,IT,FR,PAPER,RAWMI,1.32,340554.781,6,6,340550.747,0.0,3.0,1.0,0.034,257996.046212
1804214,IT,WF,PRINT,WHOLE,3.27,340552.344,6,6,340550.318,0.0,1.0,1.0,0.026,104144.447706
1746254,IT,JP,CHEM1,LEAD1,0.71,340548.659,4,4,340548.622,0.0,0.0,0.0,0.037,479645.998592
1804168,IT,WF,PAPER,LANDT,1.32,340529.316,6,6,340525.282,0.0,3.0,1.0,0.034,257976.754545
1813201,IT,WM,MOTO1,HEALT,1.81,340496.649,5,5,340495.627,0.0,0.0,1.0,0.022,188119.69558
1773032,IT,CH,ALUM1,NONME,0.59,340436.265,4,4,340436.238,0.0,0.0,0.0,0.027,577010.618644
1766601,IT,RU,FABRI,FISHF,1.39,340406.395,5,5,340405.371,0.0,0.0,1.0,0.024,244896.68705
1715774,IT,NL,BIODI,CONST,0.7,340380.068,4,4,340380.031,0.0,0.0,0.0,0.037,486257.24
1772883,IT,CH,BASIC,BIOG1,0.39,340334.861,4,4,340334.839,0.0,0.0,0.0,0.022,872653.489744
1685209,IT,HU,FISH5,MACHI,1.43,340286.253,5,5,340285.078,0.0,1.0,0.0,0.175,237962.414685
1713574,IT,MT,CEMEN,REALE,0.54,340268.261,5,5,340266.246,0.0,0.0,2.0,0.015,630126.409259
1735304,IT,SK,GLASS,TRAN2,0.93,340238.713,5,5,340237.694,0.0,0.0,1.0,0.019,365848.078495
1732027,IT,SI,KEROS,TRANS,0.51,340218.212,4,4,340218.184,0.0,0.0,0.0,0.028,667094.533333
1781192,IT,NO,VEGET,BEVER,1.2,340216.944,5,5,340215.931,0.0,1.0,0.0,0.013,283514.12
1676849,IT,FR,LANDT,RENTI,2.19,340175.699,4,4,340175.683,0.0,0.0,0.0,0.016,155331.369406
1660419,IT,DE,FINAN,REALE,4.43,340147.249,4,4,340147.239,0.0,0.0,0.0,0.01,76782.674718
1720319,IT,PL,FABRI,ELEC1,1.38,340146.33,5,5,340145.306,0.0,0.0,1.0,0.024,246482.847826
1656682,IT,DE,COKEO,LEAD1,0.04,340124.981,4,4,340124.979,0.0,0.0,0.0,0.002,8503124.525
1690271,IT,IE,OILHA,PULP5,1.95,340121.383,5,5,340120.364,0.0,0.0,1.0,0.019,174421.222051
1767114,IT,RU,FURNI,SUPPO,1.09,340040.724,6,6,340038.695,0.0,1.0,1.0,0.029,311963.966972
1737138,IT,GB,VEGE1,MEATP,1.05,340036.61,6,6,340033.536,0.0,2.0,1.0,0.074,323844.390476
1726635,IT,RO,MOTO1,DIST1,1.81,339991.331,5,5,339990.309,0.0,0.0,1.0,0.022,187840.514365
1732042,IT,SI,KEROS,RETA1,0.51,339942.573,4,4,339942.545,0.0,0.0,0.0,0.028,666554.064706
1811723,IT,WM,ADDIT,COPPE,0.79,339933.103,6,6,339929.076,0.0,3.0,1.0,0.027,430295.067089
1735083,IT,SK,CHEM1,CEMEN,0.71,339931.118,4,4,339931.081,0.0,0.0,0.0,0.037,478776.222535
1803758,IT,WF,TEXTI,CEREA,2.01,339876.349,4,4,339876.304,0.0,0.0,0.0,0.045,169092.710945
1721088,IT,PL,HOTEL,COMPU,2.46,339869.834,5,5,339868.808,0.0,1.0,0.0,0.026,138158.469106
1722181,IT,PL,BUSIN,RECRE,3.49,339812.154,6,6,339810.131,0.0,1.0,1.0,0.023,97367.37937
1641910,IT,AT,BIODI,LANDT,0.7,339804.63,4,4,339804.593,0.0,0.0,0.0,0.037,485435.185714
1668903,IT,ES,SEACO,RETA1,0.35,339804.451,4,4,339804.445,0.0,0.0,0.0,0.006,970869.86
1666084,IT,ES,GASDI,SANDC,0.51,339789.9,4,4,339789.872,0.0,0.0,0.0,0.028,666254.705882
1761280,IT,IN,RUBBE,FABRI,1.13,339779.117,5,5,339778.086,0.0,1.0,0.0,0.031,300689.484071
1766450,IT,RU,BASIC,INERT,0.39,339770.188,4,4,339770.167,0.0,0.0,0.0,0.021,871205.610256
1647288,IT,BE,LANDT,BUSIN,2.19,339765.903,4,4,339765.887,0.0,0.0,0.0,0.016,155144.247945
1675295,IT,FR,FABRI,AIRTR,1.38,339764.414,5,5,339763.39,0.0,0.0,1.0,0.024,246206.097101
1658945,IT,DE,FURNI,PUBLI,1.08,339752.303,6,6,339750.274,0.0,1.0,1.0,0.029,314585.465741
1785830,IT,ZA,CHEM1,FABRI,0.71,339693.611,4,4,339693.574,0.0,0.0,0.0,0.037,478441.705634
1739611,IT,GB,SEACO,ELEC6,0.35,339650.951,4,4,339650.945,0.0,0.0,0.0,0.006,970431.288571
1778111,IT,TR,MOTO1,WHOLE,1.81,339643.911,5,5,339642.889,0.0,0.0,1.0,0.022,187648.569613
1798660,IT,WE,VEGE1,RAWMI,1.04,339636.061,6,6,339632.987,0.0,2.0,1.0,0.074,326573.135577
1658080,IT,DE,PREC1,93197,0.58,339635.724,6,6,339633.708,0.0,1.0,1.0,0.016,585578.834483
1753321,IT,CA,BASIC,NONF1,0.39,339627.678,4,4,339627.657,0.0,0.0,0.0,0.021,870840.2
1790665,IT,WA,FABRI,NONME,1.38,339627.426,5,5,339626.402,0.0,0.0,1.0,0.024,246106.830435
1647529,IT,BE,SUPPO,TRANS,2.44,339521.383,5,5,339520.366,0.0,0.0,1.0,0.017,139148.107787
1656688,IT,DE,COKEO,ELEC1,0.04,339477.054,4,4,339477.052,0.0,0.0,0.0,0.002,8486926.35
1641542,IT,AT,HEAVY,MOTO1,0.55,339451.343,4,4,339451.316,0.0,0.0,0.0,0.027,617184.26
1763676,IT,MX,RUBBE,GLASS,1.12,339444.032,5,5,339443.001,0.0,1.0,0.0,0.031,303075.028571
1667346,IT,ES,LEAD1,FABRI,0.59,339417.133,6,6,339415.104,0.0,1.0,1.0,0.029,575283.276271
1665637,IT,ES,WOODW,MACHI,0.95,339413.362,6,6,339410.339,0.0,2.0,1.0,0.023,357277.223158
1645107,IT,BE,PAPER,COMPU,1.32,339394.991,6,6,339390.958,0.0,3.0,1.0,0.033,257117.417424
1652250,IT,CZ,FOOD5,CEMEN,1.63,339363.005,5,5,339360.975,0.0,2.0,0.0,0.03,208198.162577
1761512,IT,IN,ALUM1,MACHI,0.59,339326.954,4,4,339326.927,0.0,0.0,0.0,0.027,575130.430508
1768863,IT,AU,LEATH,PUBLI,2.43,339320.36,6,6,339317.301,0.0,2.0,1.0,0.059,139638.00823
1716885,IT,NL,HOTEL,SALEM,2.46,339307.401,5,5,339306.375,0.0,1.0,0.0,0.026,137929.837805
1643345,IT,AT,RAILW,MACHI,2.27,339271.42,5,5,339269.405,0.0,0.0,2.0,0.015,149458.77533
1749793,IT,CN,ADDIT,RENTI,0.79,339264.644,6,6,339260.618,0.0,3.0,1.0,0.026,429448.916456
1776985,IT,TR,CHEM1,VEGET,0.71,339194.392,4,4,339194.355,0.0,0.0,0.0,0.037,477738.580282
1679351,IT,GR,PLAST,LEATH,0.71,339179.388,4,4,339179.353,0.0,0.0,0.0,0.035,477717.447887
1663289,IT,DK,SEACO,HEALT,0.34,339084.086,4,4,339084.08,0.0,0.0,0.0,0.006,997306.135294
1742847,IT,US,MACHI,ANIMA,1.89,339081.794,5,5,339080.766,0.0,0.0,1.0,0.028,179408.356614
1742564,IT,US,PREC1,CONST,0.58,339008.416,6,6,339006.4,0.0,1.0,1.0,0.016,584497.268966
1710920,IT,LU,NAPHT,DIST1,0.58,338988.933,5,5,338987.909,0.0,0.0,1.0,0.024,584463.677586
1714090,IT,MT,SEACO,PRINT,0.34,338972.562,4,4,338972.556,0.0,0.0,0.0,0.006,996978.123529
1801746,IT,WE,ELEC2,GASDI,0.08,338969.002,4,4,338968.967,0.0,0.0,0.0,0.035,4237112.525
1794268,IT,WL,MOTOR,DAIRY,0.51,338945.36,4,4,338945.332,0.0,0.0,0.0,0.028,664598.745098
1799856,IT,WE,GASDI,PFERT,0.5,338932.73,4,4,338932.702,0.0,0.0,0.0,0.028,677865.46
1810185,IT,WM,WEARI,REALE,2.55,338846.379,6,6,338844.315,0.0,1.0,1.0,0.064,132880.932941
1772716,IT,CH,CERAM,HEALT,0.53,338838.963,5,5,338836.945,0.0,0.0,2.0,0.018,639318.798113
1799845,IT,WE,GASDI,PRINT,0.5,338741.404,4,4,338741.376,0.0,0.0,0.0,0.028,677482.808
1789234,IT,WA,PLAST,TRAN1,0.71,338722.06,4,4,338722.026,0.0,0.0,0.0,0.034,477073.323944
1748847,IT,CN,TEXTI,PUBLI,2.01,338713.777,4,4,338713.732,0.0,0.0,0.0,0.045,168514.316915
1727335,IT,RO,POSTT,DIST1,5.58,338709.892,5,5,338708.866,0.0,0.0,1.0,0.026,60700.697491
1804658,IT,WF,HEAVY,BUSIN,0.55,338699.027,4,4,338699.0,0.0,0.0,0.0,0.027,615816.412727
1798995,IT,WE,TEXTI,CRUDE,2.01,338689.758,4,4,338689.713,0.0,0.0,0.0,0.045,168502.367164
1785980,IT,ZA,RUBBE,AIRTR,1.12,338680.079,5,5,338679.048,0.0,1.0,0.0,0.031,302392.927679
1797009,IT,WL,AIRTR,SEACO,0.37,338636.02,4,4,338636.009,0.0,0.0,0.0,0.011,915232.486486
1749918,IT,CN,GLASS,CHEM1,0.93,338635.443,5,5,338634.424,0.0,0.0,1.0,0.019,364124.132258
1746395,IT,JP,RUBBE,FURNI,1.12,338593.669,5,5,338592.638,0.0,1.0,0.0,0.031,302315.775893
1656231,IT,DE,TEXTI,MEMBE,2.01,338591.145,4,4,338591.1,0.0,0.0,0.0,0.045,168453.30597
1746650,IT,JP,COPP1,RADIO,0.86,338504.938,5,5,338503.92,0.0,0.0,1.0,0.018,393610.393023
1746923,IT,JP,MOTO1,PLAST,1.8,338478.551,5,5,338477.529,0.0,0.0,1.0,0.022,188043.639444
1768759,IT,AU,WEARI,CONST,2.55,338474.103,6,6,338472.039,0.0,1.0,1.0,0.064,132734.942353
1653018,IT,CZ,PLAST,PFERT,0.71,338440.356,4,4,338440.322,0.0,0.0,0.0,0.034,476676.557746
1789466,IT,WA,ADDIT,CRUDE,0.78,338426.497,6,6,338422.471,0.0,3.0,1.0,0.026,433880.124359
1682899,IT,HR,NAPHT,NONME,0.57,338401.13,5,5,338400.106,0.0,0.0,1.0,0.024,593686.192982
1674361,IT,FR,CHEM1,BRICK,0.71,338390.091,4,4,338390.054,0.0,0.0,0.0,0.037,476605.761972
1777479,IT,TR,BASIC,PAPER,0.39,338323.69,4,4,338323.669,0.0,0.0,0.0,0.021,867496.641026
1645410,IT,BE,LIQUE,MOTOR,0.59,338262.369,4,4,338262.342,0.0,0.0,0.0,0.027,573326.049153
1775655,IT,CH,93197,HEALT,2.27,338141.566,4,4,338141.536,0.0,0.0,0.0,0.03,148961.042291
1641510,IT,AT,HEAVY,BEVER,0.55,338123.154,4,4,338123.127,0.0,0.0,0.0,0.027,614769.370909
1763810,IT,MX,CERAM,WHOLE,0.53,338111.563,5,5,338109.545,0.0,0.0,2.0,0.018,637946.345283
1658132,IT,DE,ALUM1,GLASS,0.59,338106.152,4,4,338106.125,0.0,0.0,0.0,0.027,573061.274576
1715277,IT,NL,PAPER,RUBBE,1.31,338104.618,6,6,338100.585,0.0,3.0,1.0,0.033,258095.128244
1738522,IT,GB,NONF1,CONST,0.07,338086.882,4,4,338086.88,0.0,0.0,0.0,0.002,4829812.6
1738299,IT,GB,BASIC,LEATH,0.39,338010.006,4,4,338009.985,0.0,0.0,0.0,0.021,866692.323077
1747111,IT,JP,FURNI,PUBLI,1.08,337919.109,6,6,337917.08,0.0,1.0,1.0,0.029,312888.063889
1672381,IT,FI,BUSIN,BASIC,3.47,337829.31,6,6,337827.287,0.0,1.0,1.0,0.023,97357.149856
1800754,IT,WE,NONME,BASIC,0.68,337800.18,5,5,337799.143,0.0,0.0,1.0,0.037,496764.970588
1716036,IT,NL,NONME,ALUM1,0.68,337774.583,5,5,337773.546,0.0,0.0,1.0,0.037,496727.327941
1789864,IT,WA,CERAM,WHOLE,0.53,337738.378,5,5,337736.36,0.0,0.0,2.0,0.018,637242.222642
1710182,IT,LT,MACHI,WHOLE,1.88,337736.901,5,5,337735.873,0.0,0.0,1.0,0.028,179647.287766
1649141,IT,BG,PAPER,COMPU,1.31,337667.931,6,6,337663.898,0.0,3.0,1.0,0.033,257761.779389
1782458,IT,NO,MACHI,FABRI,1.88,337625.853,5,5,337624.825,0.0,0.0,1.0,0.028,179588.219681
1788832,IT,WA,GASDI,CATTL,0.5,337584.229,4,4,337584.202,0.0,0.0,0.0,0.027,675168.458
1645805,IT,BE,RUBBE,PUBLI,1.12,337579.01,5,5,337577.979,0.0,1.0,0.0,0.031,301409.830357
1764140,IT,MX,FABRI,WHOLE,1.37,337464.27,5,5,337463.246,0.0,0.0,1.0,0.024,246324.284672
1666017,IT,ES,MOTOR,FOOD2,0.5,337448.042,4,4,337448.015,0.0,0.0,0.0,0.027,674896.084
1667986,IT,ES,TRANS,RAILW,2.01,337440.128,5,5,337439.11,0.0,0.0,1.0,0.018,167880.660697
1647139,IT,BE,HOTEL,RENTI,2.45,337422.895,5,5,337421.87,0.0,1.0,0.0,0.025,137723.630612
1654701,IT,CZ,LANDT,LANDT,2.18,337386.027,4,4,337386.011,0.0,0.0,0.0,0.016,154764.232569
1642263,IT,AT,NONME,MACHI,0.68,337361.88,5,5,337360.843,0.0,0.0,1.0,0.037,496120.411765
1757856,IT,BR,CHEM1,BEVER,0.7,337332.72,4,4,337332.683,0.0,0.0,0.0,0.037,481903.885714
1732381,IT,SI,PLAST,TEXTI,0.71,337227.913,4,4,337227.879,0.0,0.0,0.0,0.034,474968.891549
1761633,IT,IN,FABRI,WOODW,1.37,337227.784,5,5,337226.76,0.0,0.0,1.0,0.024,246151.667153
1781804,IT,NO,BITU1,MEATA,0.53,337205.902,4,4,337205.875,0.0,0.0,0.0,0.027,636237.550943
1653710,IT,CZ,COPP1,IRONO,0.85,337199.43,5,5,337198.413,0.0,0.0,1.0,0.017,396705.211765
1714684,IT,NL,VEGE1,BEVER,1.04,337168.98,6,6,337165.907,0.0,2.0,1.0,0.073,324200.942308
1811452,IT,WM,PLAST,PREC1,0.71,337151.885,4,4,337151.851,0.0,0.0,0.0,0.034,474861.809859
1657644,IT,DE,CERAM,RUBBE,0.53,337143.271,5,5,337141.253,0.0,0.0,2.0,0.018,636119.379245
1790169,IT,WA,BASIC,HEALT,0.39,337118.445,4,4,337118.424,0.0,0.0,0.0,0.021,864406.269231
1780399,IT,TW,AIRTR,RECRE,0.37,337103.967,4,4,337103.956,0.0,0.0,0.0,0.011,911091.802703
1782398,IT,NO,FABRI,BUSIN,1.37,337102.21,5,5,337101.186,0.0,0.0,1.0,0.024,246060.007299
1658324,IT,DE,COPP1,COMPU,0.85,337090.298,5,5,337089.281,0.0,0.0,1.0,0.017,396576.821176
1774196,IT,CH,RETA1,TEXTI,3.52,337058.114,5,5,337057.092,0.0,1.0,0.0,0.022,95755.146023
1658179,IT,DE,ALUM1,SUPPO,0.59,337044.625,4,4,337044.598,0.0,0.0,0.0,0.027,571262.076271
1726130,IT,RO,RUBBE,COMPU,1.12,336972.705,5,5,336971.674,0.0,1.0,0.0,0.031,300868.486607
1790512,IT,WA,COPP1,SALEM,0.85,336972.374,5,5,336971.357,0.0,0.0,1.0,0.017,396438.087059
1764049,IT,MX,NONF1,MOTO1,0.07,336972.366,4,4,336972.364,0.0,0.0,0.0,0.002,4813890.942857
1787559,IT,WA,CHEMI,PUBLI,0.8,336937.744,6,6,336919.712,0.0,1.0,17.0,0.032,421172.18
1771750,IT,CH,LEATH,FABRI,2.41,336922.248,6,6,336919.19,0.0,2.0,1.0,0.058,139801.762656
1777434,IT,TR,NONME,BASIC,0.68,336874.962,5,5,336873.925,0.0,0.0,1.0,0.037,495404.355882
1649472,IT,BG,CHEM1,PUBLI,0.7,336868.16,4,4,336868.123,0.0,0.0,0.0,0.037,481240.228571
1720011,IT,PL,ALUM1,MOTOR,0.59,336786.965,4,4,336786.938,0.0,0.0,0.0,0.027,570825.364407
1651700,IT,CY,FABRI,FABRI,1.37,336756.611,5,5,336755.587,0.0,0.0,1.0,0.024,245807.745255
1662446,IT,DK,ALUM1,FISH5,0.59,336752.932,4,4,336752.905,0.0,0.0,0.0,0.027,570767.681356
1665427,IT,ES,TEXTI,SUPPO,2.0,336724.146,4,4,336724.101,0.0,0.0,0.0,0.045,168362.073
1642748,IT,AT,MACHI,FOUND,1.88,336697.39,5,5,336696.362,0.0,0.0,1.0,0.028,179094.356383
1737888,IT,GB,PLAST,COMPU,0.71,336639.297,4,4,336639.263,0.0,0.0,0.0,0.034,474139.85493
1752927,IT,CA,PLAST,LEATH,0.71,336626.43,4,4,336626.396,0.0,0.0,0.0,0.034,474121.732394
1663055,IT,DK,HOTEL,RESEA,2.44,336584.087,5,5,336583.062,0.0,1.0,0.0,0.025,137944.297951
1657175,IT,DE,CHEM1,PIGS9,0.7,336560.676,4,4,336560.639,0.0,0.0,0.0,0.037,480800.965714
1713359,IT,MT,GASDI,SUPPO,0.5,336502.506,4,4,336502.479,0.0,0.0,0.0,0.027,673005.012
1735022,IT,SK,PLAST,MACHI,0.71,336492.968,4,4,336492.934,0.0,0.0,0.0,0.034,473933.757746
1810295,IT,WM,LEATH,BUSIN,2.41,336424.363,6,6,336421.305,0.0,2.0,1.0,0.058,139595.171369
1674414,IT,FR,CHEM1,PAPE1,0.7,336404.281,4,4,336404.244,0.0,0.0,0.0,0.037,480577.544286
1659910,IT,DE,TRAN2,LIQUE,0.52,336382.225,4,4,336382.216,0.0,0.0,0.0,0.009,646888.894231
1716094,IT,NL,BASIC,RADIO,0.39,336359.341,4,4,336359.32,0.0,0.0,0.0,0.021,862459.848718
1810330,IT,WM,WOODW,PAPER,0.94,336336.469,6,6,336333.446,0.0,2.0,1.0,0.023,357804.754255
1760935,IT,IN,HEAVY,CHEM1,0.54,336317.799,4,4,336317.772,0.0,0.0,0.0,0.027,622810.738889
1666175,IT,ES,GASDI,INERT,0.5,336311.904,4,4,336311.877,0.0,0.0,0.0,0.027,672623.808
1665715,IT,ES,PAPER,LEATH,1.3,336310.395,6,6,336306.362,0.0,3.0,1.0,0.033,258700.303846
1725331,IT,RO,FISH5,MOTOR,1.41,336286.345,5,5,336285.172,0.0,1.0,0.0,0.173,238500.953901
1653111,IT,CZ,CHEM1,MOTOR,0.7,336281.004,4,4,336280.967,0.0,0.0,0.0,0.037,480401.434286
1737001,IT,GB,FORES,WOODW,2.94,336276.471,5,5,336147.462,0.0,129.0,0.0,0.009,114379.752041
1806152,IT,WF,FABRI,ELEC4,1.37,336252.209,5,5,336251.185,0.0,0.0,1.0,0.024,245439.568613
1666380,IT,ES,NAPHT,WHITE,0.57,336222.313,5,5,336221.289,0.0,0.0,1.0,0.024,589863.707018
1786408,IT,ZA,MACHI,TRAN2,1.88,336213.163,5,5,336212.135,0.0,0.0,1.0,0.028,178836.78883
1662514,IT,DK,COPP1,OFFIC,0.85,336187.166,5,5,336186.149,0.0,0.0,1.0,0.017,395514.312941
1795125,IT,WL,RUBBE,PLAST,1.11,336160.466,5,5,336159.436,0.0,1.0,0.0,0.03,302847.266667
1780112,IT,TW,HOTEL,MEAT1,2.44,336148.435,5,5,336147.41,0.0,1.0,0.0,0.025,137765.752049
1743518,IT,US,RETA1,RETA1,3.51,336103.044,5,5,336102.022,0.0,1.0,0.0,0.022,95755.852991
1662511,IT,DK,COPP1,COPP1,0.85,336092.769,5,5,336091.752,0.0,0.0,1.0,0.017,395403.257647
1686046,IT,HU,RUBBE,CROPS,1.11,336080.739,5,5,336079.709,0.0,1.0,0.0,0.03,302775.440541
1749904,IT,CN,GLASS,BITUM,0.92,336018.992,5,5,336017.973,0.0,0.0,1.0,0.019,365238.034783
1675493,IT,FR,OFFIC,FABRI,1.04,336007.294,4,4,336007.27,0.0,0.0,0.0,0.024,323083.936538
1644992,IT,BE,WOODW,RESEA,0.94,335979.048,6,6,335976.025,0.0,2.0,1.0,0.023,357424.519149
1668821,IT,ES,TRAN2,KEROS,0.52,335949.738,4,4,335949.729,0.0,0.0,0.0,0.009,646057.188462
1713609,IT,MT,BASIC,SEACO,0.39,335947.872,4,4,335947.851,0.0,0.0,0.0,0.021,861404.8
1809305,IT,WM,STONE,HEAVY,1.09,335898.267,5,5,335879.252,0.0,0.0,19.0,0.015,308163.547706
1804315,IT,WF,MOTOR,ALUM1,0.5,335895.045,4,4,335895.018,0.0,0.0,0.0,0.027,671790.09
1676966,IT,FR,AIRTR,MACHI,0.37,335883.945,4,4,335883.934,0.0,0.0,0.0,0.011,907794.445946
1777237,IT,TR,RUBBE,NONME,1.11,335839.791,5,5,335838.761,0.0,1.0,0.0,0.03,302558.37027
1766769,IT,RU,MACHI,KEROS,1.87,335832.457,5,5,335831.429,0.0,0.0,1.0,0.028,179589.549198
1763497,IT,MX,PFERT,CEREA,0.15,335765.581,4,4,335765.527,0.0,0.0,0.0,0.054,2238437.206667
1723617,IT,PT,FABRI,SALEM,1.37,335733.532,5,5,335732.508,0.0,0.0,1.0,0.024,245060.972263
1738447,IT,GB,ALUM1,BUSIN,0.58,335721.632,4,4,335721.605,0.0,0.0,0.0,0.027,578830.4
1798255,IT,WE,VEGET,EDUCA,1.19,335666.737,5,5,335665.724,0.0,1.0,0.0,0.013,282072.888235
1808999,IT,WM,VEGET,MOTOR,1.19,335619.48,5,5,335618.467,0.0,1.0,0.0,0.013,282033.176471
1674254,IT,FR,BITU1,HEAVY,0.53,335560.965,4,4,335560.938,0.0,0.0,0.0,0.027,633133.896226
1742436,IT,US,BASIC,CEREA,0.39,335536.811,4,4,335536.79,0.0,0.0,0.0,0.021,860350.797436
1716128,IT,NL,PREC1,RUBBE,0.57,335528.549,6,6,335526.534,0.0,1.0,1.0,0.015,588646.577193
1806180,IT,WF,FABRI,RECRE,1.37,335488.306,5,5,335487.282,0.0,0.0,1.0,0.024,244881.975182
1739318,IT,GB,HOTEL,AUXIL,2.43,335471.558,5,5,335470.533,0.0,1.0,0.0,0.025,138054.139095
1764220,IT,MX,MACHI,HEAVY,1.87,335433.91,5,5,335432.882,0.0,0.0,1.0,0.028,179376.42246
1748757,IT,CN,BEVER,EDUCA,1.43,335411.677,5,5,335410.655,0.0,1.0,0.0,0.022,234553.62028
1673453,IT,FR,WEARI,SUPPO,2.53,335390.813,5,5,335389.749,0.0,1.0,0.0,0.064,132565.538735
1720488,IT,PL,MACHI,FINAN,1.87,335374.097,5,5,335373.069,0.0,0.0,1.0,0.028,179344.436898
1728961,IT,SE,CHEM1,PUBLI,0.7,335372.74,4,4,335372.703,0.0,0.0,0.0,0.037,479103.914286
1689381,IT,IE,RETA1,COMPU,3.5,335343.735,5,5,335342.713,0.0,1.0,0.0,0.022,95812.495714
1762248,IT,IN,AIRTR,BEVER,0.36,335303.52,4,4,335303.509,0.0,0.0,0.0,0.011,931398.666667
1790728,IT,WA,MACHI,CEREA,1.87,335294.71,5,5,335293.682,0.0,0.0,1.0,0.028,179301.983957
1689004,IT,IE,MACHI,DISTR,1.87,335237.608,5,5,335236.58,0.0,0.0,1.0,0.028,179271.448128
1674998,IT,FR,PREC1,BRICK,0.57,335235.402,6,6,335233.387,0.0,1.0,1.0,0.015,588132.284211
1779001,IT,TR,AIRTR,TEXTI,0.36,335222.473,4,4,335222.462,0.0,0.0,0.0,0.011,931173.536111
1812400,IT,WM,PREC1,PIGS9,0.57,335124.86,6,6,335122.845,0.0,1.0,1.0,0.015,587938.350877
1763683,IT,MX,RUBBE,ALUM1,1.11,335108.298,5,5,335107.268,0.0,1.0,0.0,0.03,301899.367568
1716300,IT,NL,FABRI,PLAST,1.36,335099.168,5,5,335098.144,0.0,0.0,1.0,0.024,246396.447059
1663777,IT,EE,BEVER,BEVER,1.42,335084.833,5,5,335083.811,0.0,1.0,0.0,0.022,235975.234507
1735031,IT,SK,PLAST,WHOLE,0.7,335062.325,4,4,335062.291,0.0,0.0,0.0,0.034,478660.464286
1654655,IT,CZ,LANDT,PFERT,2.16,335039.831,4,4,335039.815,0.0,0.0,0.0,0.016,155111.03287
1681671,IT,HR,VEGET,WHOLE,1.19,335011.392,5,5,335010.379,0.0,1.0,0.0,0.013,281522.178151
1738159,IT,GB,GLASS,FURNI,0.92,334962.722,5,5,334961.703,0.0,0.0,1.0,0.019,364089.915217
1722782,IT,PT,PAPER,GLASS,1.3,334951.379,6,6,334947.346,0.0,3.0,1.0,0.033,257654.906923
1672961,IT,FR,DAIRY,RENTI,1.36,334914.079,5,5,334912.056,0.0,2.0,0.0,0.023,246260.352206
1730825,IT,SE,BUSIN,RENTI,3.44,334906.913,6,6,334904.89,0.0,1.0,1.0,0.023,97356.660756
1745082,IT,US,PUBLI,POSTT,5.49,334901.625,5,5,334900.602,0.0,0.0,1.0,0.023,61002.117486
1666501,IT,ES,PLAST,OFFIC,0.7,334875.357,4,4,334875.323,0.0,0.0,0.0,0.034,478393.367143
1682440,IT,HR,PAPER,TRANS,1.3,334874.444,6,6,334870.411,0.0,3.0,1.0,0.033,257595.726154
1753111,IT,CA,RUBBE,CHEM1,1.11,334847.318,5,5,334846.288,0.0,1.0,0.0,0.03,301664.25045
1752121,IT,CN,BUSIN,FURNI,3.44,334845.397,6,6,334843.374,0.0,1.0,1.0,0.023,97338.778198
1641823,IT,AT,CHEM1,HOTEL,0.7,334825.377,4,4,334825.34,0.0,0.0,0.0,0.037,478321.967143
1773131,IT,CH,COPP1,TRAN1,0.85,334772.676,5,5,334771.659,0.0,0.0,1.0,0.017,393850.207059
1718397,IT,PL,BEVER,WHOLE,1.42,334757.289,5,5,334756.267,0.0,1.0,0.0,0.022,235744.569718
1653666,IT,CZ,ALUM1,CONST,0.58,334751.625,4,4,334751.598,0.0,0.0,0.0,0.027,577157.974138
1806138,IT,WF,FABRI,ALUM1,1.36,334749.229,5,5,334748.205,0.0,0.0,1.0,0.024,246139.138971
1805499,IT,WF,CERAM,STONE,0.52,334729.231,5,5,334727.213,0.0,0.0,2.0,0.018,643710.059615
1660193,IT,DE,SUPPO,RAILW,2.41,334719.583,5,5,334718.567,0.0,0.0,1.0,0.016,138887.793776
1722970,IT,PT,NAPHT,GASDI,0.57,334653.719,5,5,334652.695,0.0,0.0,1.0,0.024,587111.787719
1771770,IT,CH,LEATH,RETA1,2.4,334636.506,6,6,334633.448,0.0,2.0,1.0,0.058,139431.8775
1812855,IT,WM,FABRI,RADIO,1.36,334628.407,5,5,334627.383,0.0,0.0,1.0,0.024,246050.299265
1722314,IT,PT,VEGET,FOOD5,1.18,334622.094,5,5,334621.081,0.0,1.0,0.0,0.013,283578.045763
1662622,IT,DK,MACHI,CROPS,1.87,334567.388,5,5,334566.361,0.0,0.0,1.0,0.027,178913.041711
1794657,IT,WL,NAPHT,WEARI,0.57,334559.668,5,5,334558.644,0.0,0.0,1.0,0.024,586946.785965
1776949,IT,TR,PLAST,RESEA,0.7,334556.065,4,4,334556.031,0.0,0.0,0.0,0.034,477937.235714
1718336,IT,PL,BEVER,POULT,1.42,334555.849,5,5,334554.827,0.0,1.0,0.0,0.022,235602.710563
1734881,IT,SK,PAPER,WHOLE,1.3,334548.163,6,6,334544.13,0.0,3.0,1.0,0.033,257344.740769
1713615,IT,MT,BASIC,RENTI,0.39,334541.732,4,4,334541.711,0.0,0.0,0.0,0.021,857799.312821
1644970,IT,BE,WOODW,TRANS,0.94,334530.871,6,6,334527.848,0.0,2.0,1.0,0.023,355883.905319
1673671,IT,FR,PULP5,AUXIL,1.02,334524.63,6,6,334521.599,0.0,2.0,1.0,0.031,327965.323529
1779009,IT,TR,AIRTR,CHEM1,0.36,334498.931,4,4,334498.92,0.0,0.0,0.0,0.011,929163.697222
1664866,IT,ES,FORES,WOODW,2.92,334391.191,5,5,334262.182,0.0,129.0,0.0,0.009,114517.531164
1773214,IT,CH,FABRI,PREC1,1.36,334380.487,5,5,334379.463,0.0,0.0,1.0,0.024,245868.005147
1761772,IT,IN,MACHI,MEDIC,1.87,334373.814,5,5,334372.787,0.0,0.0,1.0,0.027,178809.526203
1786202,IT,ZA,ALUM1,CHEM1,0.58,334359.682,4,4,334359.655,0.0,0.0,0.0,0.027,576482.210345
1796931,IT,WL,AIRTR,MEATC,0.36,334318.938,4,4,334318.927,0.0,0.0,0.0,0.011,928663.716667
1768978,IT,AU,PAPER,CONST,1.3,334290.438,6,6,334286.405,0.0,3.0,1.0,0.033,257146.490769
1737637,IT,GB,PAPER,SUPPO,1.3,334278.209,6,6,334274.176,0.0,3.0,1.0,0.033,257137.083846
1796099,IT,WL,TRANS,CEMEN,1.99,334274.906,5,5,334273.888,0.0,0.0,1.0,0.018,167977.339698
1750619,IT,CN,OFFIC,LANDT,1.04,334271.137,4,4,334271.113,0.0,0.0,0.0,0.024,321414.554808
1687689,IT,HU,AIRTR,HEALT,0.36,334243.483,4,4,334243.472,0.0,0.0,0.0,0.011,928454.119444
1793950,IT,WL,LEATH,WHOLE,2.39,334241.863,6,6,334238.805,0.0,2.0,1.0,0.058,139850.151883
1645057,IT,BE,PAPER,PLAST,1.29,334198.74,6,6,334194.707,0.0,3.0,1.0,0.033,259068.790698
1646369,IT,BE,FABRI,PREC1,1.36,334168.818,5,5,334167.794,0.0,0.0,1.0,0.024,245712.366176
1713578,IT,MT,CEMEN,BUSIN,0.53,334123.706,5,5,334121.691,0.0,0.0,2.0,0.015,630422.086792
1682618,IT,HR,KEROS,KEROS,0.5,334122.223,4,4,334122.196,0.0,0.0,0.0,0.027,668244.446
1735572,IT,SK,ALUM1,WHOLE,0.58,334115.229,4,4,334115.202,0.0,0.0,0.0,0.027,576060.739655
1805842,IT,WF,ALUM1,PRECI,0.58,334045.06,4,4,334045.033,0.0,0.0,0.0,0.027,575939.758621
1686741,IT,HU,COPP1,RESEA,0.84,334042.78,5,5,334041.763,0.0,0.0,1.0,0.017,397669.97619
1745692,IT,JP,TEXTI,RECRE,1.98,334038.227,4,4,334038.183,0.0,0.0,0.0,0.044,168706.175253
1766573,IT,RU,COPP1,REALE,0.84,334031.6,5,5,334030.583,0.0,0.0,1.0,0.017,397656.666667
1658110,IT,DE,ALUM1,PRINT,0.58,334011.37,4,4,334011.343,0.0,0.0,0.0,0.027,575881.672414
1742158,IT,US,GLASS,DAIRY,0.92,334010.561,5,5,334009.542,0.0,0.0,1.0,0.019,363054.957609
1641282,IT,AT,MOTOR,WHOLE,0.5,334001.961,4,4,334001.934,0.0,0.0,0.0,0.027,668003.922
1686096,IT,HU,RUBBE,ALUM1,1.11,333991.102,5,5,333990.072,0.0,1.0,0.0,0.03,300892.884685
1750835,IT,CN,FURNI,ALUM1,1.07,333984.191,6,6,333982.162,0.0,1.0,1.0,0.029,312134.757944
1710962,IT,LU,RUBBE,BUSIN,1.11,333973.633,5,5,333972.603,0.0,1.0,0.0,0.03,300877.146847
1780368,IT,TW,AIRTR,MEDIC,0.36,333940.864,4,4,333940.853,0.0,0.0,0.0,0.011,927613.511111
1746214,IT,JP,CHEM1,FOOD5,0.7,333927.582,4,4,333927.546,0.0,0.0,0.0,0.036,477039.402857
1780943,IT,TW,BUSIN,COPPE,3.43,333919.572,6,6,333917.549,0.0,1.0,1.0,0.023,97352.644898
1789227,IT,WA,PLAST,ELEC2,0.7,333917.48,4,4,333917.446,0.0,0.0,0.0,0.034,477024.971429
1727946,IT,SE,OILSE,NONME,0.24,333904.137,5,5,333902.122,0.0,2.0,0.0,0.015,1391267.2375
1656323,IT,DE,LEATH,PUBLI,2.39,333876.664,6,6,333873.606,0.0,2.0,1.0,0.058,139697.348954
1777514,IT,TR,BASIC,ELEC2,0.38,333873.254,4,4,333873.233,0.0,0.0,0.0,0.021,878613.826316
1795291,IT,WL,CEMEN,FISH5,0.53,333818.626,5,5,333816.611,0.0,0.0,2.0,0.015,629846.464151
1713567,IT,MT,CEMEN,MOTO1,0.53,333792.049,5,5,333790.034,0.0,0.0,2.0,0.015,629796.318868
1716869,IT,NL,HOTEL,OFFIC,2.42,333724.712,5,5,333723.687,0.0,1.0,0.0,0.025,137902.773554
1717144,IT,NL,INLAN,WHOLE,0.54,333716.793,4,4,333716.77,0.0,0.0,0.0,0.023,617994.061111
1678492,IT,FR,RECRE,BUSIN,4.24,333665.845,6,6,333663.821,0.0,1.0,1.0,0.024,78694.774764
1770521,IT,AU,AIRTR,COMPU,0.36,333645.154,4,4,333645.143,0.0,0.0,0.0,0.011,926792.094444
1671511,IT,FI,MACHI,FURNI,1.86,333603.938,5,5,333602.911,0.0,0.0,1.0,0.027,179356.955914
1758673,IT,BR,FURNI,EDUCA,1.06,333590.633,6,6,333588.604,0.0,1.0,1.0,0.029,314708.14434
1718904,IT,PL,PRINT,PRINT,3.2,333578.684,6,6,333576.659,0.0,1.0,1.0,0.025,104243.33875
1794331,IT,WL,MOTOR,TRAN1,0.5,333525.996,4,4,333525.969,0.0,0.0,0.0,0.027,667051.992
1646944,IT,BE,WHOLE,SUPPO,2.88,333490.127,5,5,333489.108,0.0,0.0,1.0,0.019,115795.182986
1642713,IT,AT,MACHI,BEVER,1.86,333429.505,5,5,333428.478,0.0,0.0,1.0,0.027,179263.174731
1741601,IT,US,GASDI,FINAN,0.5,333299.898,4,4,333299.871,0.0,0.0,0.0,0.027,666599.796
1674337,IT,FR,CHEM1,SUGA1,0.7,333215.188,4,4,333215.152,0.0,0.0,0.0,0.036,476021.697143
1770508,IT,AU,AIRTR,RETA1,0.36,333201.989,4,4,333201.979,0.0,0.0,0.0,0.01,925561.080556
1738795,IT,GB,OFFIC,RESEA,1.03,333178.334,4,4,333178.31,0.0,0.0,0.0,0.024,323474.11068
1662331,IT,DK,BASIC,MEATC,0.38,333164.495,4,4,333164.474,0.0,0.0,0.0,0.021,876748.671053
1685757,IT,HU,PLAST,TEXTI,0.7,333126.107,4,4,333126.073,0.0,0.0,0.0,0.034,475894.438571
1721392,IT,PL,SEACO,MACHI,0.34,333119.97,4,4,333119.964,0.0,0.0,0.0,0.006,979764.617647
1805100,IT,WF,NFERT,PRECI,0.07,333110.49,4,4,333110.463,0.0,0.0,0.0,0.027,4758721.285714
1774307,IT,CH,HOTEL,WEARI,2.41,333088.369,5,5,333087.344,0.0,1.0,0.0,0.025,138210.941494
1665705,IT,ES,PAPER,VEGE1,1.29,333083.27,6,6,333079.237,0.0,3.0,1.0,0.033,258204.085271
1796937,IT,WL,AIRTR,PROCE,0.36,333075.096,4,4,333075.086,0.0,0.0,0.0,0.01,925208.6
1799975,IT,WE,HEAVY,NAPHT,0.54,333030.479,4,4,333030.452,0.0,0.0,0.0,0.027,616723.109259
1719151,IT,PL,PLAST,BIODI,0.7,332957.757,4,4,332957.723,0.0,0.0,0.0,0.034,475653.938571
1675015,IT,FR,PREC1,INTER,0.57,332938.213,6,6,332936.198,0.0,1.0,1.0,0.015,584102.12807
1653063,IT,CZ,PLAST,RESEA,0.7,332930.321,4,4,332930.287,0.0,0.0,0.0,0.034,475614.744286
1777918,IT,TR,MACHI,PAPER,1.86,332926.952,5,5,332925.925,0.0,0.0,1.0,0.027,178992.984946
1674745,IT,FR,CERAM,CEMEN,0.52,332914.732,5,5,332912.714,0.0,0.0,2.0,0.018,640220.638462
1750477,IT,CN,MACHI,GASDI,1.86,332907.497,5,5,332906.47,0.0,0.0,1.0,0.027,178982.525269
1754990,IT,KR,TEXTI,EDUCA,1.97,332898.954,4,4,332898.91,0.0,0.0,0.0,0.044,168984.240609
1783937,IT,ID,STONE,NONME,1.08,332885.839,5,5,332866.824,0.0,0.0,19.0,0.015,308227.628704
1651329,IT,CY,WOODW,WOODW,0.93,332862.521,6,6,332859.499,0.0,2.0,1.0,0.022,357916.689247
1738161,IT,GB,GLASS,SALEM,0.91,332856.605,5,5,332855.586,0.0,0.0,1.0,0.019,365776.489011
1812629,IT,WM,COPP1,CRUDE,0.84,332848.998,5,5,332847.981,0.0,0.0,1.0,0.017,396248.807143
1800722,IT,WE,CEMEN,PUBLI,0.53,332846.668,5,5,332844.653,0.0,0.0,2.0,0.015,628012.581132
1773801,IT,CH,ELEC2,RECRE,0.08,332819.263,4,4,332819.228,0.0,0.0,0.0,0.035,4160240.7875
1800043,IT,WE,LIQUE,CRUDE,0.58,332792.275,4,4,332792.248,0.0,0.0,0.0,0.027,573779.784483
1721330,IT,PL,TRAN2,MOTOR,0.51,332777.428,4,4,332777.419,0.0,0.0,0.0,0.009,652504.760784
1722794,IT,PT,PAPER,OFFIC,1.29,332730.411,6,6,332726.378,0.0,3.0,1.0,0.033,257930.551163
1749186,IT,CN,PULP5,MACHI,1.01,332727.338,6,6,332724.307,0.0,2.0,1.0,0.031,329433.007921
1721308,IT,PL,LANDT,HEALT,2.15,332726.67,4,4,332726.654,0.0,0.0,0.0,0.016,154756.590698
1719189,IT,PL,PLAST,SUPPO,0.7,332691.565,4,4,332691.531,0.0,0.0,0.0,0.034,475273.664286
1757983,IT,BR,RUBBE,VEGE1,1.1,332666.602,5,5,332665.572,0.0,1.0,0.0,0.03,302424.183636
1810784,IT,WM,KEROS,BITUM,0.49,332632.305,4,4,332632.278,0.0,0.0,0.0,0.027,678841.438776
1795111,IT,WL,RUBBE,LEATH,1.1,332621.007,5,5,332619.977,0.0,1.0,0.0,0.03,302382.733636
1741186,IT,US,LEATH,RESEA,2.38,332615.951,6,6,332612.893,0.0,2.0,1.0,0.058,139754.601261
1801394,IT,WE,MACHI,PRIVA,1.86,332588.26,5,5,332587.233,0.0,0.0,1.0,0.027,178810.892473
1757216,IT,BR,VEGE1,PIGS9,1.02,332493.696,6,6,332490.624,0.0,2.0,1.0,0.072,325974.211765
1733029,IT,SI,COPP1,FOOD5,0.84,332488.207,5,5,332487.19,0.0,0.0,1.0,0.017,395819.294048
1676709,IT,FR,RAILW,LANDT,2.22,332445.806,5,5,332443.791,0.0,0.0,2.0,0.015,149750.363063
1755393,IT,KR,KEROS,CHEM1,0.49,332436.265,4,4,332436.238,0.0,0.0,0.0,0.027,678441.357143
1797372,IT,WL,RENTI,CHEM1,1.99,332393.717,4,4,332393.698,0.0,0.0,0.0,0.019,167032.018593
1655861,IT,DE,DAIRY,PIGS9,1.35,332387.959,5,5,332385.936,0.0,2.0,0.0,0.023,246213.302963
1722315,IT,PT,VEGET,BEVER,1.18,332372.024,5,5,332371.011,0.0,1.0,0.0,0.013,281671.20678
1642095,IT,AT,GLASS,TRANS,0.91,332341.429,5,5,332340.41,0.0,0.0,1.0,0.019,365210.361538
1742598,IT,US,ALUM1,ELECT,0.58,332310.656,4,4,332310.629,0.0,0.0,0.0,0.027,572949.406897
1795673,IT,WL,FABRI,OFFIC,1.35,332290.598,5,5,332289.574,0.0,0.0,1.0,0.024,246141.183704
1766410,IT,RU,BASIC,TRANS,0.38,332245.961,4,4,332245.94,0.0,0.0,0.0,0.021,874331.476316
1774202,IT,CH,RETA1,PRINT,3.47,332215.142,5,5,332214.12,0.0,1.0,0.0,0.022,95739.234006
1687892,IT,HU,REALE,OFFIC,14.04,332203.782,5,5,332202.76,0.0,0.0,1.0,0.022,23661.238034
1667003,IT,ES,CEMEN,ELECT,0.53,332193.568,5,5,332191.553,0.0,0.0,2.0,0.015,626780.316981
1770310,IT,AU,HOTEL,SEACO,2.41,332173.004,5,5,332171.979,0.0,1.0,0.0,0.025,137831.121992
1772071,IT,CH,PRINT,SUPPO,3.19,332108.027,6,6,332106.002,0.0,1.0,1.0,0.025,104109.099373
1730431,IT,SE,POSTT,MACHI,5.47,332061.16,5,5,332060.135,0.0,0.0,1.0,0.025,60705.879342
1644327,IT,BE,STONE,CONST,1.07,332035.932,5,5,332016.917,0.0,0.0,19.0,0.015,310313.95514
1757414,IT,BR,WOODW,CONST,0.93,331975.612,5,5,331973.59,0.0,2.0,0.0,0.022,356963.023656
1738347,IT,GB,BASIC,FOOD2,0.38,331901.216,4,4,331901.195,0.0,0.0,0.0,0.021,873424.252632
1784298,IT,ID,CHEM1,SALEM,0.69,331880.967,4,4,331880.931,0.0,0.0,0.0,0.036,480986.908696
1788436,IT,WA,PULP5,VEGE1,1.01,331864.113,6,6,331861.082,0.0,2.0,1.0,0.031,328578.329703
1775177,IT,CH,RESEA,PFERT,1.8,331857.627,4,4,331857.604,0.0,0.0,0.0,0.023,184365.348333
1763565,IT,MX,CHEM1,NONME,0.69,331817.463,4,4,331817.427,0.0,0.0,0.0,0.036,480894.873913
1812194,IT,WM,NONME,SUGA1,0.67,331810.136,5,5,331809.1,0.0,0.0,1.0,0.036,495239.008955
1750272,IT,CN,COPP1,DISTR,0.84,331794.921,5,5,331793.904,0.0,0.0,1.0,0.017,394993.953571
1673313,IT,FR,TEXTI,PRINT,1.97,331710.158,4,4,331710.114,0.0,0.0,0.0,0.044,168380.790863
1725993,IT,RO,CHEM1,NONME,0.69,331703.048,4,4,331703.012,0.0,0.0,0.0,0.036,480729.055072
1716318,IT,NL,FABRI,ELECT,1.35,331658.895,5,5,331657.871,0.0,0.0,1.0,0.024,245673.255556
1666101,IT,ES,GASDI,KERO1,0.49,331622.709,4,4,331622.682,0.0,0.0,0.0,0.027,676781.038776
1721448,IT,PL,AIRTR,OFFIC,0.36,331602.95,4,4,331602.94,0.0,0.0,0.0,0.01,921119.305556
1729472,IT,SE,ALUM1,WEARI,0.58,331593.061,4,4,331593.034,0.0,0.0,0.0,0.027,571712.174138
1795640,IT,WL,FABRI,PRINT,1.35,331542.78,5,5,331541.756,0.0,0.0,1.0,0.024,245587.244444
1738554,IT,GB,FABRI,BEVER,1.35,331512.009,5,5,331510.985,0.0,0.0,1.0,0.024,245564.451111
1733226,IT,SI,MACHI,TRANS,1.85,331501.219,5,5,331500.192,0.0,0.0,1.0,0.027,179189.848108
1649410,IT,BG,CHEM1,GASDI,0.69,331296.383,4,4,331296.347,0.0,0.0,0.0,0.036,480139.685507
1735976,IT,SK,MOTO1,BUSIN,1.76,331277.455,5,5,331276.433,0.0,0.0,1.0,0.022,188225.826705
1647144,IT,BE,HOTEL,EDUCA,2.4,331260.997,5,5,331259.972,0.0,1.0,0.0,0.025,138025.415417
1745741,IT,JP,WEARI,NONME,2.5,331209.252,5,5,331208.189,0.0,1.0,0.0,0.063,132483.7008
1753584,IT,CA,MACHI,ELEC3,1.85,331202.256,5,5,331201.229,0.0,0.0,1.0,0.027,179028.246486
1644025,IT,AT,BUSIN,WOODW,3.4,331195.57,6,6,331193.547,0.0,1.0,1.0,0.023,97410.461765
1680351,IT,GR,ELEC1,HEALT,0.05,331144.226,4,4,331144.205,0.0,0.0,0.0,0.021,6622884.52
1755198,IT,KR,WOODW,PAPER,0.93,331141.865,5,5,331139.843,0.0,2.0,0.0,0.022,356066.521505
1793655,IT,WL,DAIRY,EDUCA,1.34,331077.334,5,5,331075.312,0.0,2.0,0.0,0.022,247072.637313
1750597,IT,CN,OFFIC,RADIO,1.03,331061.744,4,4,331061.72,0.0,0.0,0.0,0.024,321419.168932
1776600,IT,TR,GASDI,KEROS,0.49,331052.074,4,4,331052.047,0.0,0.0,0.0,0.027,675616.477551
1673434,IT,FR,WEARI,ELEC3,2.5,331051.636,5,5,331050.573,0.0,1.0,0.0,0.063,132420.6544
1659609,IT,DE,HOTEL,BASIC,2.4,331044.648,5,5,331043.623,0.0,1.0,0.0,0.025,137935.27
1653409,IT,CZ,CERAM,REALE,0.52,331036.965,5,5,331034.947,0.0,0.0,2.0,0.018,636609.548077
1664397,IT,EE,MACHI,WOODW,1.85,331035.084,5,5,331034.057,0.0,0.0,1.0,0.027,178937.883243
1752230,IT,CA,VEGET,VEGET,1.17,331011.789,5,5,331010.776,0.0,1.0,0.0,0.013,282916.058974
1738922,IT,GB,FURNI,HOTEL,1.06,330997.376,6,6,330995.348,0.0,1.0,1.0,0.028,312261.675472
1665758,IT,ES,PAPER,ELEC3,1.28,330944.324,6,6,330940.291,0.0,3.0,1.0,0.033,258550.253125
1749462,IT,CN,HEAVY,ALUM1,0.53,330937.355,4,4,330937.328,0.0,0.0,0.0,0.027,624410.103774
1728315,IT,SE,BEVER,BUSIN,1.41,330934.355,5,5,330933.334,0.0,1.0,0.0,0.021,234705.216312
1805027,IT,WF,PLAST,NONME,0.69,330906.817,4,4,330906.783,0.0,0.0,0.0,0.034,479575.097101
1656404,IT,DE,WOODW,LANDT,0.93,330906.167,5,5,330904.145,0.0,2.0,0.0,0.022,355813.082796
1811260,IT,WM,BITU1,SANDC,0.52,330900.391,4,4,330900.365,0.0,0.0,0.0,0.026,636346.905769
1689605,IT,IE,AIRTR,COMPU,0.36,330885.976,4,4,330885.966,0.0,0.0,0.0,0.01,919127.711111
1732833,IT,SI,BASIC,COPP1,0.38,330882.083,4,4,330882.062,0.0,0.0,0.0,0.021,870742.323684
1666559,IT,ES,CHEM1,COKEO,0.69,330871.155,4,4,330871.119,0.0,0.0,0.0,0.036,479523.413043
1752150,IT,CN,BUSIN,POSTT,3.4,330802.356,6,6,330800.333,0.0,1.0,1.0,0.023,97294.810588
1795177,IT,WL,RUBBE,COMPU,1.1,330792.78,4,4,330792.75,0.0,0.0,0.0,0.03,300720.709091
1782336,IT,NO,FABRI,NATUR,1.35,330790.616,5,5,330789.592,0.0,0.0,1.0,0.024,245030.085926
1750101,IT,CN,BASIC,BIOG1,0.38,330788.748,4,4,330788.727,0.0,0.0,0.0,0.021,870496.705263
1675833,IT,FR,ELEC1,CEMEN,0.05,330768.275,4,4,330768.254,0.0,0.0,0.0,0.021,6615365.5
1725871,IT,RO,HEAVY,VEGE1,0.53,330743.503,4,4,330743.476,0.0,0.0,0.0,0.027,624044.345283
1667430,IT,ES,COPP1,REALE,0.84,330686.099,5,5,330685.082,0.0,0.0,1.0,0.017,393673.927381
1725661,IT,RO,PAPER,BEVER,1.28,330671.861,6,6,330667.828,0.0,3.0,1.0,0.033,258337.391406
1657921,IT,DE,BASIC,CERAM,0.38,330666.334,4,4,330666.313,0.0,0.0,0.0,0.021,870174.563158
1768484,IT,AU,FOOD5,PLANT,1.59,330655.341,5,5,330653.311,0.0,2.0,0.0,0.03,207959.333962
1665391,IT,ES,TEXTI,BIODI,1.96,330502.414,4,4,330502.37,0.0,0.0,0.0,0.044,168623.680612
1674021,IT,FR,GASDI,OILSE,0.49,330470.227,4,4,330470.2,0.0,0.0,0.0,0.027,674429.034694
1682089,IT,HR,TEXTI,NATUR,1.96,330441.816,4,4,330441.772,0.0,0.0,0.0,0.044,168592.763265
1761101,IT,IN,CHEM1,BITUM,0.69,330353.611,4,4,330353.575,0.0,0.0,0.0,0.036,478773.349275
1656588,IT,DE,PRINT,CHEM1,3.17,330305.87,6,6,330303.845,0.0,1.0,1.0,0.025,104197.435331
1657913,IT,DE,BASIC,PFERT,0.38,330284.807,4,4,330284.786,0.0,0.0,0.0,0.021,869170.544737
1803814,IT,WF,TEXTI,PFERT,1.96,330283.938,4,4,330283.894,0.0,0.0,0.0,0.044,168512.213265
1659877,IT,DE,LANDT,COMPU,2.13,330280.561,4,4,330280.545,0.0,0.0,0.0,0.016,155061.296244
1773366,IT,CH,MACHI,SEACO,1.84,330229.299,5,5,330228.272,0.0,0.0,1.0,0.027,179472.445109
1650073,IT,BG,MACHI,RETA1,1.84,330191.34,5,5,330190.313,0.0,0.0,1.0,0.027,179451.815217
1774499,IT,CH,LANDT,DISTR,2.13,330158.466,4,4,330158.45,0.0,0.0,0.0,0.016,155003.974648
1652383,IT,CZ,TEXTI,WEARI,1.96,330140.741,4,4,330140.697,0.0,0.0,0.0,0.044,168439.153571
1659803,IT,DE,LANDT,NAPHT,2.13,330135.308,4,4,330135.292,0.0,0.0,0.0,0.016,154993.102347
1729429,IT,SE,BASIC,INTER,0.38,330133.645,4,4,330133.624,0.0,0.0,0.0,0.021,868772.75
1738680,IT,GB,MACHI,GLASS,1.84,330128.233,5,5,330127.206,0.0,0.0,1.0,0.027,179417.517935
1791250,IT,WA,FURNI,REALE,1.05,330110.762,6,6,330108.734,0.0,1.0,1.0,0.028,314391.201905
1794883,IT,WL,CHEM1,WHEAT,0.69,330069.073,4,4,330069.037,0.0,0.0,0.0,0.036,478360.975362
1671320,IT,FI,ALUM1,FOUND,0.57,330008.041,4,4,330008.015,0.0,0.0,0.0,0.026,578961.475439
1777072,IT,TR,CHEM1,ELEC2,0.69,329958.26,4,4,329958.224,0.0,0.0,0.0,0.036,478200.376812
1782823,IT,NO,HOTEL,PUBLI,2.39,329933.21,5,5,329932.185,0.0,1.0,0.0,0.025,138047.368201
1811100,IT,WM,HEAVY,REALE,0.53,329878.437,4,4,329878.411,0.0,0.0,0.0,0.026,622412.145283
1676956,IT,FR,AIRTR,RUBBE,0.36,329864.656,4,4,329864.646,0.0,0.0,0.0,0.01,916290.711111
1761588,IT,IN,NONF1,NONF1,0.07,329836.954,4,4,329836.952,0.0,0.0,0.0,0.002,4711956.485714
1778232,IT,TR,FURNI,FINAN,1.05,329803.704,6,6,329801.676,0.0,1.0,1.0,0.028,314098.765714
1666916,IT,ES,GLASS,RESEA,0.91,329759.409,5,5,329758.39,0.0,0.0,1.0,0.019,362372.976923
1750368,IT,CN,FABRI,CEMEN,1.34,329743.209,5,5,329742.185,0.0,0.0,1.0,0.024,246077.021642
1812709,IT,WM,COPP1,93197,0.83,329733.598,5,5,329732.581,0.0,0.0,1.0,0.017,397269.395181
1642143,IT,AT,CERAM,CEMEN,0.51,329696.474,5,5,329694.456,0.0,0.0,2.0,0.018,646463.67451
1725580,IT,RO,WOODW,PAPER,0.92,329658.205,5,5,329656.183,0.0,2.0,0.0,0.022,358324.13587
1745817,IT,JP,LEATH,CROPS,2.36,329635.425,5,5,329633.368,0.0,2.0,0.0,0.057,139676.027542
1665979,IT,ES,MOTOR,MOTO1,0.49,329602.274,4,4,329602.247,0.0,0.0,0.0,0.027,672657.702041
1719443,IT,PL,RUBBE,RAILW,1.09,329593.006,4,4,329592.976,0.0,0.0,0.0,0.03,302378.904587
1753023,IT,CA,CHEM1,NONF1,0.69,329570.249,4,4,329570.213,0.0,0.0,0.0,0.036,477638.042029
1784619,IT,ID,MACHI,DISTR,1.84,329550.249,5,5,329549.222,0.0,0.0,1.0,0.027,179103.396196
1666052,IT,ES,KERO1,KEROS,0.47,329517.361,4,4,329517.334,0.0,0.0,0.0,0.027,701100.768085
1774572,IT,CH,SEACO,HEAVY,0.34,329491.649,4,4,329491.643,0.0,0.0,0.0,0.006,969093.085294
1657663,IT,DE,CERAM,ELEC5,0.51,329488.775,5,5,329486.757,0.0,0.0,2.0,0.018,646056.421569
1653678,IT,CZ,ALUM1,BUSIN,0.57,329468.259,4,4,329468.233,0.0,0.0,0.0,0.026,578014.489474
1740800,IT,US,VEGE1,BEVER,1.01,329466.568,6,6,329463.496,0.0,2.0,1.0,0.072,326204.522772
1714405,IT,NL,VEGET,SUGA1,1.17,329451.16,5,5,329450.147,0.0,1.0,0.0,0.013,281582.188034
1739649,IT,GB,AIRTR,TRANS,0.36,329424.601,4,4,329424.591,0.0,0.0,0.0,0.01,915068.336111
1660814,IT,DE,COMPU,BASIC,3.76,329421.709,5,5,329420.688,0.0,0.0,1.0,0.021,87612.156649
1813781,IT,WM,HOTEL,RESEA,2.39,329388.774,5,5,329387.749,0.0,1.0,0.0,0.025,137819.570711
1686433,IT,HU,BASIC,DIST1,0.38,329321.016,4,4,329320.995,0.0,0.0,0.0,0.021,866634.252632
1806565,IT,WF,FURNI,93197,1.05,329303.918,6,6,329301.89,0.0,1.0,1.0,0.028,313622.779048
1783968,IT,ID,VEGE1,FISH5,1.01,329226.707,6,6,329223.635,0.0,2.0,1.0,0.072,325967.036634
1811410,IT,WM,PLAST,VEGE1,0.69,329215.92,4,4,329215.887,0.0,0.0,0.0,0.033,477124.521739
1792926,IT,WA,HEALT,HEALT,1.71,329211.426,4,4,329211.413,0.0,0.0,0.0,0.013,192521.301754
1777019,IT,TR,CHEM1,FISH5,0.69,329194.26,4,4,329194.224,0.0,0.0,0.0,0.036,477093.130435
1654670,IT,CZ,LANDT,FABRI,2.12,329147.65,4,4,329147.634,0.0,0.0,0.0,0.016,155258.325472
1748020,IT,JP,BUSIN,PRINT,3.38,329075.189,6,6,329073.166,0.0,1.0,1.0,0.023,97359.523373
1682636,IT,HR,KEROS,OFFIC,0.49,329057.199,4,4,329057.172,0.0,0.0,0.0,0.027,671545.304082
1724912,IT,PT,BUSIN,RETA1,3.38,329037.509,6,6,329035.486,0.0,1.0,1.0,0.023,97348.375444
1746587,IT,JP,PREC1,CHEM1,0.56,329026.335,6,6,329024.32,0.0,1.0,1.0,0.015,587547.026786
1732737,IT,SI,CEMEN,HOTEL,0.53,329023.119,5,5,329021.104,0.0,0.0,2.0,0.015,620798.337736
1789637,IT,WA,RUBBE,GASDI,1.09,329021.575,4,4,329021.545,0.0,0.0,0.0,0.03,301854.655963
1665612,IT,ES,WOODW,FOOD5,0.92,329021.41,5,5,329019.388,0.0,2.0,0.0,0.022,357631.967391
1644930,IT,BE,WOODW,FORES,0.92,328992.893,5,5,328990.871,0.0,2.0,0.0,0.022,357600.970652
1803492,IT,WF,VEGE1,POULT,1.01,328943.149,6,6,328940.077,0.0,2.0,1.0,0.072,325686.286139
1765705,IT,RU,PAPER,CONST,1.27,328878.429,6,6,328874.397,0.0,3.0,1.0,0.032,258959.392913
1801248,IT,WE,FABRI,INSUR,1.34,328869.742,5,5,328868.718,0.0,0.0,1.0,0.024,245425.180597
1673041,IT,FR,FOOD5,FISH5,1.58,328868.497,5,5,328866.468,0.0,2.0,0.0,0.029,208144.618354
1650347,IT,BG,ELEC2,BASIC,0.08,328861.992,4,4,328861.958,0.0,0.0,0.0,0.034,4110774.9
1805345,IT,WF,RUBBE,DAIRY,1.09,328859.608,4,4,328859.578,0.0,0.0,0.0,0.03,301706.062385
1712064,IT,LV,BEVER,TEXTI,1.4,328827.092,5,5,328826.071,0.0,1.0,0.0,0.021,234876.494286
1720373,IT,PL,MACHI,OILSE,1.83,328797.755,5,5,328796.728,0.0,0.0,1.0,0.027,179670.904372
1640548,IT,AT,FOOD5,CHEM1,1.58,328694.261,5,5,328692.232,0.0,2.0,0.0,0.029,208034.342405
1723482,IT,PT,ALUM1,FURNI,0.57,328689.187,4,4,328689.161,0.0,0.0,0.0,0.026,576647.696491
1792054,IT,WA,AIRTR,PRINT,0.36,328634.066,4,4,328634.056,0.0,0.0,0.0,0.01,912872.405556
1646398,IT,BE,FABRI,POSTT,1.34,328621.448,5,5,328620.424,0.0,0.0,1.0,0.024,245239.886567
1673845,IT,FR,PRINT,RETA1,3.15,328582.689,5,5,328581.664,0.0,1.0,0.0,0.025,104311.964762
1811609,IT,WM,CHEM1,TOBAC,0.69,328563.006,4,4,328562.97,0.0,0.0,0.0,0.036,476178.269565
1665769,IT,ES,PAPER,CONST,1.27,328537.357,6,6,328533.325,0.0,3.0,1.0,0.032,258690.832283
1661879,IT,DK,PAPER,COMPU,1.27,328504.059,6,6,328500.027,0.0,3.0,1.0,0.032,258664.613386
1678760,IT,GR,SUGA1,HOTEL,0.82,328482.162,4,4,328482.106,0.0,0.0,0.0,0.056,400588.002439
1738582,IT,GB,FABRI,NONF1,1.34,328409.972,5,5,328408.948,0.0,0.0,1.0,0.024,245082.068657
1743111,IT,US,MOTO1,CHEM1,1.75,328390.708,5,5,328389.687,0.0,0.0,1.0,0.021,187651.833143
1720338,IT,PL,FABRI,TRAN2,1.34,328356.233,5,5,328355.209,0.0,0.0,1.0,0.024,245041.964925
1646405,IT,BE,FABRI,RESEA,1.34,328312.115,5,5,328311.091,0.0,0.0,1.0,0.024,245009.041045
1782428,IT,NO,MACHI,NATU1,1.83,328295.251,5,5,328294.224,0.0,0.0,1.0,0.027,179396.312022
1730663,IT,SE,RENTI,RESEA,1.96,328290.581,4,4,328290.563,0.0,0.0,0.0,0.018,167495.194388
1651412,IT,CY,KEROS,TRANS,0.49,328289.554,4,4,328289.527,0.0,0.0,0.0,0.027,669978.681633
1812485,IT,WM,PREC1,COMPU,0.56,328268.76,6,6,328266.745,0.0,1.0,1.0,0.015,586194.214286
1650072,IT,BG,MACHI,WHOLE,1.83,328260.109,5,5,328259.082,0.0,0.0,1.0,0.027,179377.108743
1655553,IT,DE,STONE,TRAN1,1.06,328240.557,5,5,328222.542,0.0,0.0,18.0,0.015,309660.90283
1764189,IT,MX,MACHI,PRECI,1.83,328200.259,5,5,328199.232,0.0,0.0,1.0,0.027,179344.403825
1685059,IT,HU,PROCE,FORES,2.22,328194.704,5,5,328193.684,0.0,1.0,0.0,0.02,147835.452252
1729227,IT,SE,CERAM,BIOG1,0.51,328193.331,5,5,328191.313,0.0,0.0,2.0,0.018,643516.335294
1678764,IT,GR,FOOD5,CATTL,1.58,328136.934,5,5,328134.905,0.0,2.0,0.0,0.029,207681.603797
1660564,IT,DE,AUXIL,AUXIL,6.0,328038.119,4,4,328038.103,0.0,0.0,0.0,0.016,54673.019833
1806132,IT,WF,FABRI,CERAM,1.33,328031.927,5,5,328030.903,0.0,0.0,1.0,0.024,246640.546617
1756793,IT,KR,AIRTR,INSUR,0.36,327999.353,4,4,327999.343,0.0,0.0,0.0,0.01,911109.313889
1675614,IT,FR,MOTO1,SEACO,1.75,327962.295,5,5,327961.274,0.0,0.0,1.0,0.021,187407.025714
1760544,IT,IN,LEATH,CHEM1,2.35,327943.448,5,5,327941.391,0.0,2.0,0.0,0.057,139550.403404
1653090,IT,CZ,CHEM1,SANDC,0.69,327935.495,4,4,327935.459,0.0,0.0,0.0,0.036,475268.833333
1810961,IT,WM,GASDI,CHEM1,0.49,327915.798,4,4,327915.771,0.0,0.0,0.0,0.027,669215.914286
1789215,IT,WA,PLAST,NONF1,0.69,327902.842,4,4,327902.809,0.0,0.0,0.0,0.033,475221.510145
1774582,IT,CH,SEACO,PREC1,0.33,327861.213,4,4,327861.207,0.0,0.0,0.0,0.006,993518.827273
1780335,IT,TW,AIRTR,TOBAC,0.36,327855.446,4,4,327855.436,0.0,0.0,0.0,0.01,910709.572222
1740815,IT,US,VEGE1,LIQUE,1.01,327851.116,6,6,327848.045,0.0,2.0,1.0,0.071,324605.065347
1719273,IT,PL,CHEM1,PREC1,0.69,327803.877,4,4,327803.841,0.0,0.0,0.0,0.036,475078.082609
1732763,IT,SI,NONME,BRICK,0.66,327791.604,5,5,327790.568,0.0,0.0,1.0,0.036,496653.945455
1803804,IT,WF,TEXTI,PAPER,1.94,327778.194,4,4,327778.15,0.0,0.0,0.0,0.044,168957.831959
1667538,IT,ES,FABRI,ELEC5,1.33,327765.812,5,5,327764.788,0.0,0.0,1.0,0.024,246440.46015
1714676,IT,NL,VEGE1,MEATC,1.01,327755.263,6,6,327752.192,0.0,2.0,1.0,0.071,324510.161386
1709340,IT,LT,VEGE1,INERT,1.01,327741.19,6,6,327738.119,0.0,2.0,1.0,0.071,324496.227723
1645576,IT,BE,CHEM1,PROCE,0.68,327646.26,4,4,327646.224,0.0,0.0,0.0,0.036,481832.735294
1799343,IT,WE,WOODW,RETA1,0.92,327629.666,5,5,327627.644,0.0,2.0,0.0,0.022,356119.202174
1745084,IT,US,PUBLI,INSUR,5.37,327618.651,5,5,327617.628,0.0,0.0,1.0,0.023,61009.059777
1672336,IT,FI,RESEA,RESEA,1.78,327589.376,4,4,327589.353,0.0,0.0,0.0,0.023,184038.975281
1734840,IT,SK,PAPER,FOOD5,1.27,327584.724,6,6,327580.692,0.0,3.0,1.0,0.032,257940.727559
1744356,IT,US,FINAN,MEMBE,4.27,327575.763,4,4,327575.754,0.0,0.0,0.0,0.009,76715.635363
1793711,IT,WL,FOOD5,WHOLE,1.57,327551.519,5,5,327549.49,0.0,2.0,0.0,0.029,208631.540764
1762746,IT,IN,BUSIN,OFFIC,3.36,327440.192,6,6,327438.169,0.0,1.0,1.0,0.023,97452.438095
1750881,IT,CN,FURNI,COMPU,1.05,327430.067,6,6,327428.039,0.0,1.0,1.0,0.028,311838.159048
1764453,IT,MX,FURNI,MEDIC,1.05,327381.887,6,6,327379.859,0.0,1.0,1.0,0.028,311792.273333
1777535,IT,TR,BASIC,REALE,0.38,327326.061,4,4,327326.04,0.0,0.0,0.0,0.021,861384.371053
1766449,IT,RU,BASIC,PLAS2,0.38,327270.351,4,4,327270.33,0.0,0.0,0.0,0.021,861237.765789
1675342,IT,FR,MACHI,FORES,1.83,327251.576,5,5,327250.549,0.0,0.0,1.0,0.027,178825.997814
1735066,IT,SK,CHEM1,LEATH,0.68,327237.414,4,4,327237.378,0.0,0.0,0.0,0.036,481231.491176
1658105,IT,DE,ALUM1,FISH5,0.57,327229.494,4,4,327229.468,0.0,0.0,0.0,0.026,574086.831579
1685857,IT,HU,CHEM1,PRINT,0.68,327209.383,4,4,327209.347,0.0,0.0,0.0,0.036,481190.269118
1666155,IT,ES,GASDI,REALE,0.49,327149.293,4,4,327149.266,0.0,0.0,0.0,0.027,667651.618367
1723278,IT,PT,GLASS,RETA1,0.9,327125.312,5,5,327124.293,0.0,0.0,1.0,0.019,363472.568889
1685911,IT,HU,CHEM1,CONST,0.68,327116.404,4,4,327116.368,0.0,0.0,0.0,0.036,481053.535294
1752022,IT,CN,RESEA,CONST,1.77,327108.442,4,4,327108.419,0.0,0.0,0.0,0.023,184807.029379
1725706,IT,RO,PAPER,LANDT,1.27,327012.452,6,6,327008.42,0.0,3.0,1.0,0.032,257490.119685
1646945,IT,BE,WHOLE,POSTT,2.83,327011.399,5,5,327010.38,0.0,0.0,1.0,0.019,115551.731095
1716422,IT,NL,MACHI,RESEA,1.82,326973.351,5,5,326972.324,0.0,0.0,1.0,0.027,179655.687363
1790639,IT,WA,FABRI,PRINT,1.33,326933.356,5,5,326932.333,0.0,0.0,1.0,0.023,245814.553383
1805705,IT,WF,BASIC,WEARI,0.38,326899.686,4,4,326899.665,0.0,0.0,0.0,0.021,860262.331579
1749275,IT,CN,PAPER,DISTR,1.27,326876.791,6,6,326872.759,0.0,3.0,1.0,0.032,257383.3
1805737,IT,WF,BASIC,MEDIC,0.38,326874.058,4,4,326874.037,0.0,0.0,0.0,0.021,860194.889474
1775231,IT,CH,RESEA,93197,1.77,326815.493,4,4,326815.47,0.0,0.0,0.0,0.023,184641.521469
1730268,IT,SE,SEACO,COPP1,0.33,326798.951,4,4,326798.945,0.0,0.0,0.0,0.006,990299.851515
1657102,IT,DE,NONSP,BUSIN,0.43,326778.58,4,4,326778.562,0.0,0.0,0.0,0.018,759950.186047
1726304,IT,RO,PREC1,CHEM1,0.56,326714.2,6,6,326712.185,0.0,1.0,1.0,0.015,583418.214286
1642523,IT,AT,COPP1,BASIC,0.83,326707.137,5,5,326706.12,0.0,0.0,1.0,0.017,393623.056627
1766821,IT,RU,MACHI,COLLE,1.82,326697.888,5,5,326696.861,0.0,0.0,1.0,0.027,179504.334066
1720685,IT,PL,MOTO1,RENTI,1.74,326613.639,5,5,326612.618,0.0,0.0,1.0,0.021,187708.987931
1646179,IT,BE,ALUM1,BIODI,0.57,326606.899,4,4,326606.873,0.0,0.0,0.0,0.026,572994.559649
1642644,IT,AT,FABRI,FURNI,1.33,326579.366,5,5,326578.343,0.0,0.0,1.0,0.023,245548.395489
1799459,IT,WE,PAPER,PFERT,1.27,326568.536,6,6,326564.504,0.0,3.0,1.0,0.032,257140.579528
1746567,IT,JP,BASIC,MOTO1,0.38,326551.911,4,4,326551.89,0.0,0.0,0.0,0.021,859347.134211
1644915,IT,BE,LEATH,WHOLE,2.34,326542.346,5,5,326540.289,0.0,2.0,0.0,0.057,139548.011111
1810488,IT,WM,PAPER,NATU1,1.27,326488.346,6,6,326484.314,0.0,3.0,1.0,0.032,257077.437795
1689323,IT,IE,RETA1,FOOD5,3.41,326463.941,5,5,326462.92,0.0,1.0,0.0,0.021,95737.2261
1676933,IT,FR,AIRTR,FOOD5,0.36,326438.224,4,4,326438.214,0.0,0.0,0.0,0.01,906772.844444
1642816,IT,AT,OFFIC,MACHI,1.01,326392.891,4,4,326392.867,0.0,0.0,0.0,0.024,323161.278218
1686789,IT,HU,FABRI,BEVER,1.33,326377.655,5,5,326376.632,0.0,0.0,1.0,0.023,245396.733083
1659505,IT,DE,RETA1,TRANS,3.41,326373.659,5,5,326372.638,0.0,1.0,0.0,0.021,95710.75044
1762760,IT,IN,BUSIN,DISTR,3.35,326365.015,6,6,326362.992,0.0,1.0,1.0,0.023,97422.392537
1771003,IT,CH,OILSE,HOTEL,0.24,326349.57,5,5,326347.555,0.0,2.0,0.0,0.015,1359789.875
1806108,IT,WF,FABRI,FOOD5,1.33,326323.286,5,5,326322.263,0.0,0.0,1.0,0.023,245355.854135
1679604,IT,GR,RUBBE,SUPPO,1.08,326319.11,4,4,326319.08,0.0,0.0,0.0,0.03,302147.324074
1766824,IT,RU,MACHI,RETAI,1.82,326302.453,5,5,326301.426,0.0,0.0,1.0,0.027,179287.062088
1769558,IT,AU,ALUM1,WHOLE,0.57,326276.951,4,4,326276.925,0.0,0.0,0.0,0.026,572415.703509
1724202,IT,PT,HOTEL,HOTEL,2.36,326227.411,5,5,326226.386,0.0,1.0,0.0,0.025,138231.953814
1728842,IT,SE,PLAST,MACHI,0.68,326226.664,4,4,326226.631,0.0,0.0,0.0,0.033,479745.094118
1677893,IT,FR,BUSIN,CEMEN,3.35,326056.672,6,6,326054.65,0.0,1.0,1.0,0.022,97330.349851
1741521,IT,US,KEROS,ELEC5,0.48,326049.513,4,4,326049.486,0.0,0.0,0.0,0.027,679269.81875
1679863,IT,GR,LEAD1,SANDC,0.57,326026.197,6,6,326024.17,0.0,1.0,1.0,0.027,571975.784211
1759748,IT,BR,BUSIN,PLAST,3.35,325988.681,6,6,325986.659,0.0,1.0,1.0,0.022,97310.05403
1641297,IT,AT,MOTOR,BUSIN,0.49,325974.409,4,4,325974.382,0.0,0.0,0.0,0.027,665253.895918
1751187,IT,CN,HOTEL,PRINT,2.36,325955.55,5,5,325954.525,0.0,1.0,0.0,0.025,138116.758475
1767549,IT,RU,AIRTR,TRANS,0.35,325932.903,4,4,325932.893,0.0,0.0,0.0,0.01,931236.865714
1772821,IT,CH,BASIC,VEGET,0.38,325930.579,4,4,325930.558,0.0,0.0,0.0,0.021,857712.05
1752011,IT,CN,RESEA,ELEC1,1.77,325866.367,4,4,325866.344,0.0,0.0,0.0,0.023,184105.29209
1641569,IT,AT,HEAVY,EDUCA,0.53,325750.209,4,4,325750.183,0.0,0.0,0.0,0.026,614623.035849
1663231,IT,DK,SEACO,CRUDE,0.33,325710.995,4,4,325710.989,0.0,0.0,0.0,0.006,987003.015152
1655928,IT,DE,PROCE,WHOLE,2.2,325681.943,5,5,325680.923,0.0,1.0,0.0,0.02,148037.246818
1772950,IT,CH,PREC1,FOUND,0.55,325668.3,6,6,325666.285,0.0,1.0,1.0,0.015,592124.181818
1653274,IT,CZ,RUBBE,RETA1,1.08,325663.822,4,4,325663.792,0.0,0.0,0.0,0.03,301540.575926
1678514,IT,GR,WHEAT,FURNI,0.25,325660.132,5,5,325658.124,0.0,2.0,0.0,0.008,1302640.528
1796933,IT,WL,AIRTR,MEAT1,0.35,325615.513,4,4,325615.503,0.0,0.0,0.0,0.01,930330.037143
1806563,IT,WF,FURNI,HEALT,1.04,325606.234,6,6,325604.206,0.0,1.0,1.0,0.028,313082.917308
1741896,IT,US,CHEM1,NAPHT,0.68,325534.881,4,4,325534.845,0.0,0.0,0.0,0.036,478727.766176
1812470,IT,WM,PREC1,SALEM,0.55,325532.948,6,6,325530.933,0.0,1.0,1.0,0.015,591878.087273
1781545,IT,NO,TEXTI,SEACO,1.93,325458.986,4,4,325458.943,0.0,0.0,0.0,0.043,168631.598964
1643515,IT,AT,TRAN2,KEROS,0.5,325446.077,4,4,325446.068,0.0,0.0,0.0,0.009,650892.154
1669820,IT,ES,BUSIN,LANDT,3.34,325421.768,6,6,325419.746,0.0,1.0,1.0,0.022,97431.667066
1675027,IT,FR,PREC1,INERT,0.55,325402.448,6,6,325400.433,0.0,1.0,1.0,0.015,591640.814545
1773440,IT,CH,OFFIC,PREC1,1.01,325387.689,4,4,325387.666,0.0,0.0,0.0,0.023,322166.028713
1682784,IT,HR,HEAVY,BEVER,0.53,325369.741,4,4,325369.715,0.0,0.0,0.0,0.026,613905.171698
1728901,IT,SE,CHEM1,COKEO,0.68,325362.805,4,4,325362.769,0.0,0.0,0.0,0.036,478474.713235
1753097,IT,CA,RUBBE,PAPER,1.08,325345.933,4,4,325345.904,0.0,0.0,0.0,0.029,301246.234259
1789177,IT,WA,PLAST,WEARI,0.68,325334.491,4,4,325334.458,0.0,0.0,0.0,0.033,478433.075
1672828,IT,FR,MEAT4,HOTEL,1.79,325298.395,5,5,325297.373,0.0,1.0,0.0,0.022,181730.946927
1675472,IT,FR,OFFIC,WOODW,1.01,325288.252,4,4,325288.229,0.0,0.0,0.0,0.023,322067.576238
1752730,IT,CA,LEATH,RETA1,2.33,325081.268,5,5,325079.212,0.0,2.0,0.0,0.056,139519.857511
1746685,IT,JP,FABRI,WOODW,1.32,325050.99,5,5,325049.967,0.0,0.0,1.0,0.023,246250.75
1775353,IT,CH,BUSIN,93197,3.34,325000.433,6,6,324998.411,0.0,1.0,1.0,0.022,97305.518862
1813777,IT,WM,HOTEL,INSUR,2.36,324986.116,5,5,324985.092,0.0,1.0,0.0,0.024,137705.981356
1666121,IT,ES,GASDI,CEMEN,0.48,324873.004,4,4,324872.978,0.0,0.0,0.0,0.026,676818.758333
1806267,IT,WF,MACHI,MEDIC,1.81,324845.769,5,5,324844.742,0.0,0.0,1.0,0.027,179472.800552
1738319,IT,GB,BASIC,COPP1,0.37,324835.781,4,4,324835.76,0.0,0.0,0.0,0.021,877934.543243
1670980,IT,FI,CHEM1,RENTI,0.68,324824.282,4,4,324824.247,0.0,0.0,0.0,0.035,477682.767647
1799537,IT,WE,PRINT,PRINT,3.12,324812.515,5,5,324811.49,0.0,1.0,0.0,0.025,104106.575321
1804215,IT,WF,PRINT,RETA1,3.12,324805.215,5,5,324804.19,0.0,1.0,0.0,0.025,104104.235577
1686269,IT,HU,CERAM,HOTEL,0.51,324656.828,5,5,324654.81,0.0,0.0,2.0,0.018,636582.015686
1719811,IT,PL,BASIC,NONME,0.37,324577.19,4,4,324577.169,0.0,0.0,0.0,0.021,877235.648649
1798903,IT,WE,BEVER,PUBLI,1.38,324565.201,5,5,324564.18,0.0,1.0,0.0,0.021,235192.174638
1673625,IT,FR,WOODW,HOTEL,0.91,324560.727,5,5,324558.705,0.0,2.0,0.0,0.022,356660.13956
1659649,IT,DE,HOTEL,POSTT,2.35,324540.978,5,5,324539.954,0.0,1.0,0.0,0.024,138102.54383
1658354,IT,DE,NONF1,ELEC3,0.07,324528.049,4,4,324528.047,0.0,0.0,0.0,0.002,4636114.985714
1741110,IT,US,WEARI,WEARI,2.45,324457.321,5,5,324456.259,0.0,1.0,0.0,0.062,132431.559592
1752064,IT,CN,BUSIN,CRUDE,3.33,324421.474,6,6,324419.452,0.0,1.0,1.0,0.022,97423.866066
1810880,IT,WM,KEROS,EDUCA,0.48,324393.933,4,4,324393.907,0.0,0.0,0.0,0.026,675820.69375
1665435,IT,ES,TEXTI,RESEA,1.92,324390.376,4,4,324390.333,0.0,0.0,0.0,0.043,168953.320833
1664681,IT,EE,SEACO,OFFIC,0.33,324366.559,4,4,324366.553,0.0,0.0,0.0,0.006,982928.966667
1807496,IT,WF,RENTI,CRUDE,1.94,324343.403,4,4,324343.385,0.0,0.0,0.0,0.018,167187.321134
1682088,IT,HR,TEXTI,CRUDE,1.92,324276.853,4,4,324276.81,0.0,0.0,0.0,0.043,168894.194271
1717660,IT,NL,BUSIN,CHEM1,3.33,324196.702,6,6,324194.68,0.0,1.0,1.0,0.022,97356.366967
1649518,IT,BG,RUBBE,TEXTI,1.07,324189.169,4,4,324189.14,0.0,0.0,0.0,0.029,302980.531776
1643595,IT,AT,AIRTR,BEVER,0.35,324184.247,4,4,324184.237,0.0,0.0,0.0,0.01,926240.705714
1775800,IT,TR,CHEMI,GASDI,0.77,324137.178,6,6,324120.148,0.0,1.0,16.0,0.03,420957.374026
1685106,IT,HU,FOOD5,RUBBE,1.56,324101.823,5,5,324099.794,0.0,2.0,0.0,0.029,207757.578846
1715160,IT,NL,LEATH,PUBLI,2.32,324054.466,5,5,324052.41,0.0,2.0,0.0,0.056,139678.649138
1789742,IT,WA,GLASS,WEARI,0.89,324035.179,5,5,324034.16,0.0,0.0,1.0,0.019,364084.470787
1729500,IT,SE,ALUM1,CONST,0.56,324012.247,4,4,324012.221,0.0,0.0,0.0,0.026,578593.298214
1794510,IT,WL,GASDI,RESEA,0.48,324003.184,4,4,324003.158,0.0,0.0,0.0,0.026,675006.633333
1812297,IT,WM,BASIC,MEAT4,0.37,323942.38,4,4,323942.36,0.0,0.0,0.0,0.02,875519.945946
1766283,IT,RU,CERAM,HOTEL,0.5,323937.784,5,5,323935.766,0.0,0.0,2.0,0.018,647875.568
1657522,IT,DE,GLASS,RAWMI,0.89,323921.577,5,5,323920.558,0.0,0.0,1.0,0.019,363956.82809
1753411,IT,CA,NONF1,LEAD1,0.07,323920.821,4,4,323920.819,0.0,0.0,0.0,0.002,4627440.3
1668886,IT,ES,SEACO,ALUM1,0.33,323908.81,4,4,323908.804,0.0,0.0,0.0,0.006,981541.848485
1791193,IT,WA,FURNI,WOODW,1.03,323884.148,6,6,323882.12,0.0,1.0,1.0,0.028,314450.629126
1741245,IT,US,WOODW,BUSIN,0.91,323880.472,5,5,323878.45,0.0,2.0,0.0,0.022,355912.606593
1682232,IT,HR,WEARI,HEALT,2.44,323853.773,5,5,323852.711,0.0,1.0,0.0,0.062,132726.956148
1810665,IT,WM,MOTOR,MEATP,0.48,323829.757,4,4,323829.731,0.0,0.0,0.0,0.026,674645.327083
1728742,IT,SE,KEROS,RESEA,0.48,323818.199,4,4,323818.173,0.0,0.0,0.0,0.026,674621.247917
1798256,IT,WE,VEGET,HEALT,1.15,323817.07,5,5,323816.057,0.0,1.0,0.0,0.013,281580.06087
1658711,IT,DE,OFFIC,MOTO1,1.0,323788.705,4,4,323788.682,0.0,0.0,0.0,0.023,323788.705
1738788,IT,GB,OFFIC,AIRTR,1.0,323783.624,4,4,323783.601,0.0,0.0,0.0,0.023,323783.624
1675505,IT,FR,OFFIC,WHOLE,1.0,323774.43,4,4,323774.407,0.0,0.0,0.0,0.023,323774.43
1675678,IT,FR,TRANS,RAILW,1.93,323772.266,5,5,323771.248,0.0,0.0,1.0,0.018,167757.650777
1792767,IT,WA,BUSIN,WHOLE,3.32,323727.009,6,6,323724.987,0.0,1.0,1.0,0.022,97508.135241
1641703,IT,AT,PLAST,CEMEN,0.68,323685.103,4,4,323685.07,0.0,0.0,0.0,0.033,476007.504412
1787408,IT,WA,FISHF,PFERT,0.56,323638.593,4,4,323638.581,0.0,0.0,0.0,0.012,577926.058929
1775145,IT,CH,COMPU,BUSIN,3.7,323628.45,5,5,323627.43,0.0,0.0,1.0,0.02,87467.148649
1686121,IT,HU,RUBBE,RETA1,1.07,323625.405,4,4,323625.376,0.0,0.0,0.0,0.029,302453.649533
1657874,IT,DE,BASIC,BKBPE,0.37,323617.177,4,4,323617.157,0.0,0.0,0.0,0.02,874641.018919
1747539,IT,JP,AIRTR,BEVER,0.35,323610.361,4,4,323610.351,0.0,0.0,0.0,0.01,924601.031429
1728958,IT,SE,CHEM1,COMPU,0.68,323605.124,4,4,323605.089,0.0,0.0,0.0,0.035,475889.888235
1642860,IT,AT,MOTO1,FABRI,1.72,323601.69,5,5,323600.669,0.0,0.0,1.0,0.021,188140.517442
1766114,IT,RU,RUBBE,PFERT,1.07,323600.092,4,4,323600.063,0.0,0.0,0.0,0.029,302429.992523
1723547,IT,PT,FABRI,VEGET,1.32,323570.972,5,5,323569.949,0.0,0.0,1.0,0.023,245129.524242
1730812,IT,SE,BUSIN,HOTEL,3.32,323541.486,6,6,323539.464,0.0,1.0,1.0,0.022,97452.254819
1771777,IT,CH,LEATH,AIRTR,2.32,323520.376,5,5,323518.32,0.0,2.0,0.0,0.056,139448.437931
1674087,IT,FR,HEAVY,WHEAT,0.52,323476.486,4,4,323476.46,0.0,0.0,0.0,0.026,622070.165385
1790503,IT,WA,COPP1,RADIO,0.82,323441.46,5,5,323440.443,0.0,0.0,1.0,0.017,394440.804878
1767164,IT,RU,WHOLE,LEATH,2.79,323430.554,5,5,323429.535,0.0,0.0,1.0,0.019,115924.929749
1788006,IT,WA,TEXTI,WOODW,1.92,323377.527,4,4,323377.484,0.0,0.0,0.0,0.043,168425.795312
1745670,IT,JP,TEXTI,WHOLE,1.92,323371.58,4,4,323371.537,0.0,0.0,0.0,0.043,168422.697917
1655841,IT,DE,VEGE1,RETA1,0.99,323339.421,6,6,323336.351,0.0,2.0,1.0,0.07,326605.475758
1790823,IT,WA,MACHI,MEDIC,1.8,323292.504,5,5,323291.477,0.0,0.0,1.0,0.027,179606.946667
1654742,IT,CZ,AIRTR,TOBAC,0.35,323268.086,4,4,323268.076,0.0,0.0,0.0,0.01,923623.102857
1661393,IT,DK,VEGE1,FISHF,0.99,323250.456,6,6,323247.386,0.0,2.0,1.0,0.07,326515.612121
1734162,IT,SI,REALE,FOOD5,13.66,323247.543,5,5,323246.522,0.0,0.0,1.0,0.021,23663.802562
1810827,IT,WM,KEROS,BASIC,0.48,323236.281,4,4,323236.255,0.0,0.0,0.0,0.026,673408.91875
1738089,IT,GB,RUBBE,SUPPO,1.07,323215.443,4,4,323215.414,0.0,0.0,0.0,0.029,302070.507477
1813769,IT,WM,HOTEL,HOTEL,2.34,323144.672,5,5,323143.648,0.0,1.0,0.0,0.024,138096.013675
1689082,IT,IE,FURNI,CONST,1.03,323135.951,6,6,323133.923,0.0,1.0,1.0,0.028,313724.224272
1776908,IT,TR,PLAST,PFERT,0.68,323082.795,4,4,323082.762,0.0,0.0,0.0,0.033,475121.757353
1796629,IT,WL,HOTEL,COPP1,2.34,323080.833,5,5,323079.809,0.0,1.0,0.0,0.024,138068.732051
1735816,IT,SK,MACHI,FURNI,1.8,323068.399,5,5,323067.372,0.0,0.0,1.0,0.027,179482.443889
1662345,IT,DK,BASIC,PULP5,0.37,323056.654,4,4,323056.634,0.0,0.0,0.0,0.02,873126.091892
1790771,IT,WA,MACHI,FOOD5,1.8,323055.978,5,5,323054.951,0.0,0.0,1.0,0.027,179475.543333
1804964,IT,WF,PLAST,SUGAR,0.68,323018.011,4,4,323017.978,0.0,0.0,0.0,0.033,475026.486765
1641252,IT,AT,MOTOR,GASDI,0.48,323007.67,4,4,323007.644,0.0,0.0,0.0,0.026,672932.645833
1674322,IT,FR,CHEM1,MEATA,0.67,322986.847,4,4,322986.812,0.0,0.0,0.0,0.035,482069.920896
1771446,IT,CH,BEVER,FOOD5,1.37,322816.818,5,5,322815.797,0.0,1.0,0.0,0.021,235632.713869
1666837,IT,ES,GLASS,STONE,0.89,322815.645,5,5,322814.627,0.0,0.0,1.0,0.018,362714.207865
1730254,IT,SE,SEACO,COKEO,0.33,322800.945,4,4,322800.939,0.0,0.0,0.0,0.006,978184.681818
1745356,IT,JP,VEGE1,NONME,0.99,322790.417,6,6,322787.347,0.0,2.0,1.0,0.07,326050.926263
1757089,IT,KR,BUSIN,REALE,3.32,322788.246,6,6,322786.224,0.0,1.0,1.0,0.022,97225.375301
1801687,IT,WE,FURNI,POSTT,1.03,322768.423,6,6,322766.395,0.0,1.0,1.0,0.028,313367.400971
1673499,IT,FR,LEATH,MEATC,2.31,322636.727,5,5,322634.671,0.0,2.0,0.0,0.056,139669.578788
1794431,IT,WL,GASDI,POULT,0.48,322632.162,4,4,322632.136,0.0,0.0,0.0,0.026,672150.3375
1655875,IT,DE,DAIRY,PLAST,1.31,322595.836,5,5,322593.814,0.0,2.0,0.0,0.022,246256.363359
1803849,IT,WF,TEXTI,SALEM,1.91,322575.948,4,4,322575.905,0.0,0.0,0.0,0.043,168887.93089
1743031,IT,US,OFFIC,RETAI,1.0,322477.647,4,4,322477.624,0.0,0.0,0.0,0.023,322477.647
1744266,IT,US,POSTT,SUPPO,5.31,322456.886,5,5,322455.861,0.0,0.0,1.0,0.025,60726.343879
1729387,IT,SE,BASIC,COPP1,0.37,322432.687,4,4,322432.667,0.0,0.0,0.0,0.02,871439.694595
1717171,IT,NL,AIRTR,POSTT,0.35,322415.558,4,4,322415.548,0.0,0.0,0.0,0.01,921187.308571
1673690,IT,FR,PAPER,MEATP,1.25,322382.737,6,6,322378.705,0.0,3.0,1.0,0.032,257906.1896
1737585,IT,GB,PAPER,DAIRY,1.25,322373.864,6,6,322369.832,0.0,3.0,1.0,0.032,257899.0912
1656775,IT,DE,KEROS,COMPU,0.48,322372.273,4,4,322372.247,0.0,0.0,0.0,0.026,671608.902083
1811282,IT,WM,BITU1,KERO1,0.51,322363.472,4,4,322363.446,0.0,0.0,0.0,0.026,632085.239216
1677929,IT,FR,BUSIN,AIRTR,3.31,322352.974,6,6,322350.952,0.0,1.0,1.0,0.022,97387.605438
1715778,IT,NL,BIODI,RENTI,0.67,322297.788,4,4,322297.753,0.0,0.0,0.0,0.035,481041.474627
1715472,IT,NL,KEROS,PLAST,0.48,322287.993,4,4,322287.967,0.0,0.0,0.0,0.026,671433.31875
1795701,IT,WL,FABRI,INSUR,1.31,322277.662,5,5,322276.639,0.0,0.0,1.0,0.023,246013.482443
1742298,IT,US,CEMEN,WOODW,0.52,322274.327,5,5,322272.312,0.0,0.0,2.0,0.015,619758.321154
1722640,IT,PT,TEXTI,WHOLE,1.91,322162.658,4,4,322162.615,0.0,0.0,0.0,0.043,168671.548691
1644306,IT,BE,FISHF,PLAST,0.56,322158.975,4,4,322158.964,0.0,0.0,0.0,0.011,575283.883929
1796212,IT,WL,FURNI,MOTO1,1.03,322140.616,6,6,322138.588,0.0,1.0,1.0,0.028,312757.879612
1765355,IT,RU,FOOD5,HEALT,1.55,322126.209,5,5,322125.18,0.0,1.0,0.0,0.029,207823.360645
1662585,IT,DK,FABRI,MOTO1,1.31,322113.787,5,5,322112.764,0.0,0.0,1.0,0.023,245888.387023
1774081,IT,CH,WHOLE,BEVER,2.78,322103.837,5,5,322102.818,0.0,0.0,1.0,0.019,115864.689568
1800702,IT,WE,CEMEN,WEARI,0.52,322095.215,5,5,322093.2,0.0,0.0,2.0,0.015,619413.875
1665985,IT,ES,MOTOR,ELEC4,0.48,322084.73,4,4,322084.704,0.0,0.0,0.0,0.026,671009.854167
1755532,IT,KR,CHEM1,LIQUE,0.67,322077.783,4,4,322077.748,0.0,0.0,0.0,0.035,480713.108955
1812947,IT,WM,MACHI,PULP5,1.8,322073.455,5,5,322072.429,0.0,0.0,1.0,0.026,178929.697222
1718859,IT,PL,PAPER,HEALT,1.25,322052.663,6,6,322048.631,0.0,3.0,1.0,0.032,257642.1304
1641832,IT,AT,CHEM1,REALE,0.67,322047.505,4,4,322047.47,0.0,0.0,0.0,0.035,480667.91791
1756395,IT,KR,FURNI,WHOLE,1.03,322036.083,6,6,322034.055,0.0,1.0,1.0,0.028,312656.391262
1673570,IT,FR,WOODW,POULT,0.9,321945.633,5,5,321943.611,0.0,2.0,0.0,0.022,357717.37
1646014,IT,BE,NONME,NONME,0.65,321938.384,5,5,321937.349,0.0,0.0,1.0,0.035,495289.821538
1744894,IT,US,BUSIN,GASDI,3.31,321881.704,6,6,321879.682,0.0,1.0,1.0,0.022,97245.227795
1729680,IT,SE,FABRI,RENTI,1.31,321871.108,5,5,321870.085,0.0,0.0,1.0,0.023,245703.135878
1722155,IT,PL,BUSIN,FINAN,3.31,321867.251,6,6,321865.229,0.0,1.0,1.0,0.022,97240.861329
1679315,IT,GR,NAPHT,KEROS,0.55,321803.801,5,5,321802.778,0.0,0.0,1.0,0.023,585097.82
1809449,IT,WM,CHEMI,WHOLE,0.77,321749.169,6,6,321732.139,0.0,1.0,16.0,0.03,417856.063636
1655852,IT,DE,VEGE1,RESEA,0.99,321740.297,6,6,321737.227,0.0,2.0,1.0,0.07,324990.19899
1813075,IT,WM,OFFIC,FINAN,1.0,321738.284,4,4,321738.261,0.0,0.0,0.0,0.023,321738.284
1682011,IT,HR,BEVER,WOODW,1.37,321681.751,5,5,321680.73,0.0,1.0,0.0,0.021,234804.19781
1656478,IT,DE,PAPER,MEAT1,1.25,321662.429,6,6,321658.397,0.0,3.0,1.0,0.032,257329.9432
1724927,IT,PT,BUSIN,COMPU,3.3,321645.653,6,6,321643.631,0.0,1.0,1.0,0.022,97468.379697
1800262,IT,WE,PLAST,MEDIC,0.67,321600.281,4,4,321600.248,0.0,0.0,0.0,0.033,480000.419403
1733765,IT,SI,LANDT,ALUM1,2.07,321566.57,4,4,321566.555,0.0,0.0,0.0,0.015,155346.169082
1744912,IT,US,BUSIN,RUBBE,3.3,321548.145,6,6,321546.123,0.0,1.0,1.0,0.022,97438.831818
1712768,IT,LV,LANDT,DIST1,2.07,321525.561,4,4,321525.546,0.0,0.0,0.0,0.015,155326.357971
1802986,IT,WF,WHEAT,GLASS,0.24,321501.694,5,5,321499.686,0.0,2.0,0.0,0.008,1339590.391667
1742024,IT,US,ADDIT,PUBLI,0.74,321395.338,6,6,321392.313,0.0,2.0,1.0,0.025,434318.024324
1671213,IT,FI,NONME,CONST,0.65,321246.431,5,5,321245.396,0.0,0.0,1.0,0.035,494225.278462
1788241,IT,WA,LEATH,MEAT1,2.3,321241.199,5,5,321239.143,0.0,2.0,0.0,0.056,139670.086522
1740830,IT,US,VEGE1,RUBBE,0.99,321238.762,6,6,321235.692,0.0,2.0,1.0,0.07,324483.59798
1714140,IT,MT,AIRTR,POSTT,0.35,321220.673,4,4,321220.663,0.0,0.0,0.0,0.01,917773.351429
1653205,IT,CZ,RUBBE,RAWMI,1.06,321198.757,4,4,321198.728,0.0,0.0,0.0,0.029,303017.695283
1763900,IT,MX,BASIC,COPPE,0.37,321194.974,4,4,321194.954,0.0,0.0,0.0,0.02,868094.524324
1738603,IT,GB,FABRI,LANDT,1.31,321124.436,5,5,321123.413,0.0,0.0,1.0,0.023,245133.157252
1788317,IT,WA,LEATH,DIST1,2.3,321116.805,5,5,321114.749,0.0,2.0,0.0,0.056,139616.002174
1784246,IT,ID,CHEM1,SUBBI,0.67,321059.977,4,4,321059.942,0.0,0.0,0.0,0.035,479193.995522
1746817,IT,JP,MACHI,FURNI,1.79,321018.308,5,5,321017.282,0.0,0.0,1.0,0.026,179339.836872
1755795,IT,KR,CERAM,BASIC,0.5,321004.907,5,5,321002.89,0.0,0.0,2.0,0.017,642009.814
1748965,IT,CN,WEARI,RECRE,2.42,320964.162,5,5,320963.101,0.0,1.0,0.0,0.061,132629.819008
1725686,IT,RO,PAPER,MACHI,1.24,320908.83,6,6,320904.798,0.0,3.0,1.0,0.032,258797.443548
1739884,IT,GB,FINAN,SALEM,4.18,320896.327,4,4,320896.318,0.0,0.0,0.0,0.009,76769.45622
1674292,IT,FR,PLAST,CHEM1,0.67,320884.214,4,4,320884.181,0.0,0.0,0.0,0.033,478931.662687
1740022,IT,GB,RENTI,CRUDE,1.92,320784.574,4,4,320784.556,0.0,0.0,0.0,0.018,167075.298958
1790917,IT,WA,OFFIC,RADIO,0.99,320783.556,4,4,320783.533,0.0,0.0,0.0,0.023,324023.793939
1760345,IT,IN,SANDC,CONST,0.74,320752.179,5,5,320682.168,0.0,0.0,70.0,0.011,433448.890541
1715107,IT,NL,WEARI,BUSIN,2.42,320741.046,5,5,320739.985,0.0,1.0,0.0,0.061,132537.622314
1812780,IT,WM,FABRI,CROPS,1.31,320739.207,5,5,320738.184,0.0,0.0,1.0,0.023,244839.089313
1683381,IT,HR,BASIC,CHEMI,0.37,320693.567,4,4,320693.547,0.0,0.0,0.0,0.02,866739.37027
1749382,IT,CN,COKEO,BASIC,0.04,320688.009,4,4,320688.007,0.0,0.0,0.0,0.002,8017200.225
1736950,IT,GB,VEGET,BEVER,1.14,320683.712,5,5,320682.699,0.0,1.0,0.0,0.013,281301.501754
1800256,IT,WE,PLAST,NONF1,0.67,320660.539,4,4,320660.506,0.0,0.0,0.0,0.033,478597.819403
1797599,IT,WL,HEALT,HEALT,1.67,320612.365,4,4,320612.352,0.0,0.0,0.0,0.013,191983.452096
1768109,IT,RU,BUSIN,RESEA,3.29,320542.925,6,6,320540.903,0.0,1.0,1.0,0.022,97429.460486
1657202,IT,DE,CHEM1,FISH5,0.67,320540.715,4,4,320540.68,0.0,0.0,0.0,0.035,478418.977612
1757914,IT,BR,CHEM1,WHOLE,0.67,320523.029,4,4,320522.994,0.0,0.0,0.0,0.035,478392.580597
1773774,IT,CH,ELEC2,OFFIC,0.08,320515.216,4,4,320515.182,0.0,0.0,0.0,0.034,4006440.2
1669824,IT,ES,BUSIN,AIRTR,3.29,320499.748,6,6,320497.726,0.0,1.0,1.0,0.022,97416.336778
1800027,IT,WE,HEAVY,INSUR,0.52,320422.834,4,4,320422.808,0.0,0.0,0.0,0.026,616197.757692
1653560,IT,CZ,BASIC,RETA1,0.37,320394.036,4,4,320394.016,0.0,0.0,0.0,0.02,865929.827027
1669907,IT,ES,PUBLI,BUSIN,5.25,320386.527,5,5,320385.505,0.0,0.0,1.0,0.022,61026.005143
1649902,IT,BG,FABRI,MEAT1,1.3,320376.797,5,5,320375.774,0.0,0.0,1.0,0.023,246443.69
1796980,IT,WL,AIRTR,FABRI,0.35,320356.726,4,4,320356.716,0.0,0.0,0.0,0.01,915304.931429
1776599,IT,TR,GASDI,MOTOR,0.48,320351.097,4,4,320351.071,0.0,0.0,0.0,0.026,667398.11875
1658691,IT,DE,OFFIC,CHEM1,0.99,320347.316,4,4,320347.293,0.0,0.0,0.0,0.023,323583.147475
1683746,IT,HR,MACHI,TRANS,1.79,320333.997,5,5,320332.971,0.0,0.0,1.0,0.026,178957.540223
1761141,IT,IN,CHEM1,BIOGA,0.67,320330.482,4,4,320330.447,0.0,0.0,0.0,0.035,478105.197015
1736449,IT,SK,LANDT,SUPPO,2.07,320327.629,4,4,320327.614,0.0,0.0,0.0,0.015,154747.64686
1657193,IT,DE,CHEM1,MEATC,0.67,320321.917,4,4,320321.882,0.0,0.0,0.0,0.035,478092.413433
1682418,IT,HR,PAPER,PLAST,1.24,320318.86,6,6,320314.828,0.0,3.0,1.0,0.032,258321.66129
1685728,IT,HU,NONSP,PLAST,0.42,320258.755,4,4,320258.738,0.0,0.0,0.0,0.017,762520.845238
1643439,IT,AT,LANDT,NONME,2.07,320257.548,4,4,320257.533,0.0,0.0,0.0,0.015,154713.791304
1672548,IT,FR,CEREA,HOTEL,0.52,320195.967,5,5,320193.949,0.0,2.0,0.0,0.018,615761.475
1656301,IT,DE,LEATH,FABRI,2.29,320188.175,5,5,320186.12,0.0,2.0,0.0,0.055,139820.163755
1743308,IT,US,FURNI,COMPU,1.02,320142.037,6,6,320140.009,0.0,1.0,1.0,0.028,313864.742157
1723099,IT,PT,CHEM1,TRANS,0.67,320132.015,4,4,320131.98,0.0,0.0,0.0,0.035,477808.977612
1725858,IT,RO,GASDI,WHOLE,0.48,320127.734,4,4,320127.708,0.0,0.0,0.0,0.026,666932.779167
1741934,IT,US,CHEM1,ELEC2,0.67,320126.827,4,4,320126.792,0.0,0.0,0.0,0.035,477801.234328
1737847,IT,GB,PLAST,PULP5,0.67,320095.966,4,4,320095.933,0.0,0.0,0.0,0.033,477755.173134
1736071,IT,SK,FURNI,COMPU,1.02,320080.812,6,6,320078.784,0.0,1.0,1.0,0.028,313804.717647
1767304,IT,RU,HOTEL,WHOLE,2.32,320074.289,5,5,320073.265,0.0,1.0,0.0,0.024,137963.055603
1769679,IT,AU,FABRI,REALE,1.3,320026.31,5,5,320025.287,0.0,0.0,1.0,0.023,246174.084615
1719497,IT,PL,GLASS,MEATP,0.88,320008.736,5,5,320007.718,0.0,0.0,1.0,0.018,363646.290909
1745570,IT,JP,BEVER,HEALT,1.36,319980.741,5,5,319979.72,0.0,1.0,0.0,0.021,235279.956618
1741648,IT,US,HEAVY,HEAVY,0.52,319951.811,4,4,319951.785,0.0,0.0,0.0,0.026,615291.944231
1685380,IT,HU,LEATH,FABRI,2.29,319903.934,5,5,319901.879,0.0,2.0,0.0,0.055,139696.041048
1680928,IT,GR,TRAN2,MOTOR,0.49,319894.917,4,4,319894.908,0.0,0.0,0.0,0.009,652846.769388
1716833,IT,NL,HOTEL,FOOD5,2.32,319870.68,5,5,319869.656,0.0,1.0,0.0,0.024,137875.293103
1743669,IT,US,HOTEL,PAPE1,2.32,319831.269,5,5,319830.245,0.0,1.0,0.0,0.024,137858.305603
1794232,IT,WL,PRINT,RESEA,3.07,319806.716,5,5,319805.692,0.0,1.0,0.0,0.024,104171.56873
1652276,IT,CZ,BEVER,PIGS9,1.36,319797.118,5,5,319796.097,0.0,1.0,0.0,0.021,235144.939706
1806171,IT,WF,FABRI,AUXIL,1.3,319736.586,5,5,319735.563,0.0,0.0,1.0,0.023,245951.22
1773229,IT,CH,FABRI,SECO9,1.3,319720.539,5,5,319719.516,0.0,0.0,1.0,0.023,245938.876154
1711749,IT,LU,BUSIN,PUBLI,3.28,319703.401,6,6,319701.379,0.0,1.0,1.0,0.022,97470.549085
1712512,IT,LV,FABRI,FABRI,1.3,319633.551,5,5,319632.528,0.0,0.0,1.0,0.023,245871.962308
1675584,IT,FR,MOTO1,CEMEN,1.7,319592.624,5,5,319591.603,0.0,0.0,1.0,0.021,187995.661176
1684958,IT,HU,MEAT4,FORES,1.76,319540.091,5,5,319539.069,0.0,1.0,0.0,0.022,181556.869886
1656662,IT,DE,PRINT,MEMBE,3.07,319533.287,5,5,319532.263,0.0,1.0,0.0,0.024,104082.503909
1810506,IT,WM,PAPER,TEXTI,1.24,319499.204,6,6,319495.172,0.0,3.0,1.0,0.032,257660.648387
1777238,IT,TR,RUBBE,BASIC,1.06,319446.742,4,4,319446.713,0.0,0.0,0.0,0.029,301364.850943
1807325,IT,WF,POSTT,WHOLE,5.26,319442.468,5,5,319441.444,0.0,0.0,1.0,0.024,60730.507224
1726678,IT,RO,TRANS,ELEC1,1.91,319428.335,5,5,319427.318,0.0,0.0,1.0,0.017,167239.965969
1643409,IT,AT,LANDT,TEXTI,2.06,319426.299,4,4,319426.284,0.0,0.0,0.0,0.015,155061.310194
1795663,IT,WL,FABRI,NONME,1.3,319402.482,5,5,319401.459,0.0,0.0,1.0,0.023,245694.216923
1728967,IT,SE,CHEM1,INTER,0.67,319398.773,4,4,319398.738,0.0,0.0,0.0,0.035,476714.586567
1658496,IT,DE,FABRI,HEALT,1.3,319339.277,5,5,319338.254,0.0,0.0,1.0,0.023,245645.597692
1657176,IT,DE,CHEM1,POULT,0.67,319289.909,4,4,319289.874,0.0,0.0,0.0,0.035,476552.102985
1804140,IT,WF,PAPER,CERAM,1.24,319286.33,6,6,319282.299,0.0,3.0,1.0,0.031,257488.975806
1763720,IT,MX,RUBBE,PUBLI,1.06,319261.332,4,4,319261.303,0.0,0.0,0.0,0.029,301189.935849
1773128,IT,CH,COPP1,SECO9,0.81,319254.535,5,5,319253.518,0.0,0.0,1.0,0.017,394141.401235
1785865,IT,ZA,CHEM1,RECRE,0.67,319249.95,4,4,319249.915,0.0,0.0,0.0,0.035,476492.462687
1659392,IT,DE,WHOLE,BEVER,2.76,319203.619,5,5,319202.6,0.0,0.0,1.0,0.019,115653.485145
1666888,IT,ES,GLASS,ELECT,0.88,319171.663,5,5,319170.645,0.0,0.0,1.0,0.018,362695.071591
1753241,IT,CA,CERAM,SALEM,0.5,319129.054,5,5,319127.037,0.0,0.0,2.0,0.017,638258.108
1767511,IT,RU,SEACO,WHOLE,0.32,319099.03,4,4,319099.024,0.0,0.0,0.0,0.006,997184.46875
1666791,IT,ES,RUBBE,LANDT,1.06,319093.681,4,4,319093.652,0.0,0.0,0.0,0.029,301031.774528
1811890,IT,WM,RUBBE,NONME,1.06,319030.352,4,4,319030.323,0.0,0.0,0.0,0.029,300972.030189
1765186,IT,MX,BUSIN,CONST,3.28,319026.075,6,6,319024.053,0.0,1.0,1.0,0.022,97264.047256
1748953,IT,CN,WEARI,FINAN,2.4,318996.632,5,5,318995.571,0.0,1.0,0.0,0.061,132915.263333
1726362,IT,RO,LEAD1,CONST,0.55,318991.48,6,6,318989.453,0.0,1.0,1.0,0.027,579984.509091
1671899,IT,FI,HOTEL,PUBLI,2.31,318987.213,5,5,318986.189,0.0,1.0,0.0,0.024,138089.702597
1803847,IT,WF,TEXTI,DIST1,1.89,318987.055,4,4,318987.013,0.0,0.0,0.0,0.042,168776.219577
1794133,IT,WL,PAPER,FINAN,1.24,318920.264,6,6,318916.233,0.0,3.0,1.0,0.031,257193.76129
1659538,IT,DE,RETA1,REALE,3.33,318869.429,5,5,318868.408,0.0,1.0,0.0,0.021,95756.585285
1795695,IT,WL,FABRI,SEACO,1.3,318836.708,5,5,318835.685,0.0,0.0,1.0,0.023,245259.006154
1659529,IT,DE,RETA1,LANDT,3.33,318827.027,5,5,318826.006,0.0,1.0,0.0,0.021,95743.851952
1733969,IT,SI,SUPPO,RAILW,2.29,318809.521,5,5,318808.505,0.0,0.0,1.0,0.016,139218.131441
1767225,IT,RU,RETA1,RESEA,3.33,318807.767,5,5,318806.746,0.0,1.0,0.0,0.021,95738.068168
1667433,IT,ES,COPP1,RESEA,0.81,318719.731,5,5,318718.715,0.0,0.0,1.0,0.016,393481.149383
1674653,IT,FR,GLASS,VEGE1,0.87,318715.077,5,5,318714.059,0.0,0.0,1.0,0.018,366339.168966
1655473,IT,DE,FISHF,WHOLE,0.55,318712.339,4,4,318712.328,0.0,0.0,0.0,0.011,579476.98
1741148,IT,US,LEATH,MEAT1,2.28,318667.202,5,5,318665.147,0.0,2.0,0.0,0.055,139766.316667
1641765,IT,AT,CHEM1,PAPER,0.67,318650.095,4,4,318650.06,0.0,0.0,0.0,0.035,475597.156716
1761660,IT,IN,FABRI,ALUM1,1.3,318623.26,5,5,318622.237,0.0,0.0,1.0,0.023,245094.815385
1736296,IT,SK,HOTEL,WHOLE,2.31,318586.182,5,5,318585.158,0.0,1.0,0.0,0.024,137916.096104
1774311,IT,CH,HOTEL,PAPER,2.31,318578.841,5,5,318577.817,0.0,1.0,0.0,0.024,137912.918182
1763320,IT,MX,PAPER,WHOLE,1.23,318560.588,6,6,318556.557,0.0,3.0,1.0,0.031,258992.347967
1656667,IT,DE,COKEO,FOOD5,0.04,318559.128,4,4,318559.126,0.0,0.0,0.0,0.002,7963978.2
1651624,IT,CY,NONME,VEGE1,0.64,318549.988,5,5,318548.953,0.0,0.0,1.0,0.035,497734.35625
1769467,IT,AU,BASIC,NATUR,0.37,318496.84,4,4,318496.82,0.0,0.0,0.0,0.02,860802.27027
1729030,IT,SE,RUBBE,FOOD5,1.06,318490.99,4,4,318490.961,0.0,0.0,0.0,0.029,300463.198113
1774343,IT,CH,HOTEL,MOTO1,2.31,318467.235,5,5,318466.211,0.0,1.0,0.0,0.024,137864.603896
1686435,IT,HU,BASIC,COLLE,0.37,318459.826,4,4,318459.806,0.0,0.0,0.0,0.02,860702.232432
1771283,IT,CH,DAIRY,MEATP,1.29,318455.096,5,5,318453.074,0.0,2.0,0.0,0.022,246864.415504
1812525,IT,WM,ALUM1,KEROS,0.55,318448.142,4,4,318448.116,0.0,0.0,0.0,0.026,578996.621818
1749669,IT,CN,CHEM1,BRICK,0.67,318447.725,4,4,318447.69,0.0,0.0,0.0,0.035,475295.11194
1660104,IT,DE,AIRTR,RAILW,0.35,318436.566,4,4,318436.556,0.0,0.0,0.0,0.01,909818.76
1794822,IT,WL,PLAST,RADIO,0.67,318423.325,4,4,318423.293,0.0,0.0,0.0,0.032,475258.69403
1723359,IT,PT,NONME,BUSIN,0.64,318391.583,5,5,318390.548,0.0,0.0,1.0,0.035,497486.848437
1646033,IT,BE,NONME,RAILW,0.64,318381.966,5,5,318380.931,0.0,0.0,1.0,0.035,497471.821875
1641370,IT,AT,KEROS,RETA1,0.47,318367.598,4,4,318367.572,0.0,0.0,0.0,0.026,677377.868085
1794583,IT,WL,HEAVY,CEMEN,0.51,318347.283,4,4,318347.257,0.0,0.0,0.0,0.026,624210.358824
1657148,IT,DE,PLAST,CONST,0.67,318347.105,4,4,318347.073,0.0,0.0,0.0,0.032,475144.932836
1737226,IT,GB,PROCE,HOTEL,2.15,318279.545,5,5,318278.525,0.0,1.0,0.0,0.02,148036.997674
1759103,IT,BR,AIRTR,PAPER,0.35,318265.723,4,4,318265.713,0.0,0.0,0.0,0.01,909330.637143
1811027,IT,WM,HEAVY,PIGS9,0.51,318244.953,4,4,318244.927,0.0,0.0,0.0,0.026,624009.711765
1785943,IT,ZA,RUBBE,PLAST,1.05,318223.651,4,4,318223.622,0.0,0.0,0.0,0.029,303070.14381
1799700,IT,WE,MOTOR,TRAN2,0.48,318205.753,4,4,318205.727,0.0,0.0,0.0,0.026,662928.652083
1781538,IT,NO,TEXTI,CONST,1.89,318199.937,4,4,318199.895,0.0,0.0,0.0,0.042,168359.755026
1642442,IT,AT,ALUM1,NONF1,0.55,318185.429,4,4,318185.404,0.0,0.0,0.0,0.025,578518.961818
1742954,IT,US,MACHI,TRAN2,1.78,318172.053,5,5,318171.027,0.0,0.0,1.0,0.026,178748.344382
1799835,IT,WE,GASDI,FOOD5,0.47,318121.161,4,4,318121.135,0.0,0.0,0.0,0.026,676853.534043
1672363,IT,FI,BUSIN,PAPER,3.27,318104.965,6,6,318102.943,0.0,1.0,1.0,0.022,97279.80581
1782004,IT,NO,RUBBE,MACHI,1.05,318074.299,4,4,318074.27,0.0,0.0,0.0,0.029,302927.90381
1750346,IT,CN,FABRI,TEXTI,1.29,318071.59,5,5,318070.567,0.0,0.0,1.0,0.023,246567.124031
1712351,IT,LV,RUBBE,REALE,1.05,318071.357,4,4,318071.328,0.0,0.0,0.0,0.029,302925.101905
1795807,IT,WL,MACHI,MEDIC,1.77,318001.691,5,5,318000.665,0.0,0.0,1.0,0.026,179661.972316
1719889,IT,PL,PREC1,NATUR,0.54,317978.939,6,6,317976.924,0.0,1.0,1.0,0.015,588849.887037
1683632,IT,HR,FABRI,PRINT,1.29,317971.849,5,5,317970.826,0.0,0.0,1.0,0.023,246489.805426
1653218,IT,CZ,RUBBE,FOOD5,1.05,317970.847,4,4,317970.818,0.0,0.0,0.0,0.029,302829.378095
1662306,IT,DK,NONME,MACHI,0.64,317970.492,5,5,317969.457,0.0,0.0,1.0,0.035,496828.89375
1788972,IT,WA,HEAVY,MACHI,0.51,317963.992,4,4,317963.966,0.0,0.0,0.0,0.026,623458.807843
1795730,IT,WL,MACHI,FORES,1.77,317938.484,5,5,317937.458,0.0,0.0,1.0,0.026,179626.262147
1763562,IT,MX,CHEM1,CERAM,0.66,317915.401,4,4,317915.366,0.0,0.0,0.0,0.035,481690.001515
1665738,IT,ES,PAPER,CEMEN,1.23,317913.965,6,6,317909.934,0.0,3.0,1.0,0.031,258466.638211
1735457,IT,SK,BASIC,ELEC4,0.37,317901.08,4,4,317901.06,0.0,0.0,0.0,0.02,859192.108108
1718655,IT,PL,WOODW,COPPE,0.89,317889.306,5,5,317887.285,0.0,2.0,0.0,0.021,357178.995506
1792793,IT,WA,BUSIN,93197,3.26,317886.193,6,6,317884.171,0.0,1.0,1.0,0.022,97511.102147
1786152,IT,ZA,BASIC,DISTR,0.37,317879.227,4,4,317879.207,0.0,0.0,0.0,0.02,859133.045946
1666840,IT,ES,GLASS,MEATC,0.87,317857.492,5,5,317856.474,0.0,0.0,1.0,0.018,365353.43908
1720627,IT,PL,MOTO1,WOODW,1.69,317839.76,5,5,317838.739,0.0,0.0,1.0,0.021,188070.863905
1741593,IT,US,GASDI,RETA1,0.47,317831.357,4,4,317831.331,0.0,0.0,0.0,0.026,676236.929787
1794999,IT,WL,CHEM1,COMPU,0.66,317785.448,4,4,317785.413,0.0,0.0,0.0,0.035,481493.10303
1689606,IT,IE,AIRTR,RESEA,0.35,317781.096,4,4,317781.086,0.0,0.0,0.0,0.01,907945.988571
1792407,IT,WA,INSUR,NONF1,6.55,317774.969,4,4,317774.954,0.0,0.0,0.0,0.015,48515.262443
1729432,IT,SE,BASIC,OILHA,0.37,317743.669,4,4,317743.649,0.0,0.0,0.0,0.02,858766.672973
1649342,IT,BG,PLAST,COPP1,0.67,317737.971,4,4,317737.939,0.0,0.0,0.0,0.032,474235.777612
1801749,IT,WE,ELEC2,CHEM1,0.08,317724.933,4,4,317724.9,0.0,0.0,0.0,0.033,3971561.6625
1656172,IT,DE,TEXTI,FOOD5,1.88,317703.267,4,4,317703.225,0.0,0.0,0.0,0.042,168991.099468
1785694,IT,ZA,NAPHT,KEROS,0.54,317688.669,5,5,317687.646,0.0,0.0,1.0,0.023,588312.35
1657674,IT,DE,CERAM,WHOLE,0.49,317685.306,5,5,317683.289,0.0,0.0,2.0,0.017,648337.359184
1729630,IT,SE,FABRI,WOODW,1.29,317682.589,5,5,317681.566,0.0,0.0,1.0,0.023,246265.572868
1710130,IT,LT,MACHI,MEATP,1.77,317677.195,5,5,317676.169,0.0,0.0,1.0,0.026,179478.641243
1654291,IT,CZ,ELEC1,TRAN1,0.05,317668.466,4,4,317668.446,0.0,0.0,0.0,0.02,6353369.32
1737691,IT,GB,PRINT,COMPU,3.05,317652.689,5,5,317651.665,0.0,1.0,0.0,0.024,104148.422623
1650318,IT,BG,ELEC2,DAIRY,0.08,317620.275,4,4,317620.242,0.0,0.0,0.0,0.033,3970253.4375
1738508,IT,GB,NONF1,RUBBE,0.07,317585.83,4,4,317585.828,0.0,0.0,0.0,0.002,4536940.428571
1777009,IT,TR,CHEM1,SANDC,0.66,317578.665,4,4,317578.63,0.0,0.0,0.0,0.035,481179.795455
1646317,IT,BE,NONF1,FABRI,0.07,317572.036,4,4,317572.034,0.0,0.0,0.0,0.002,4536743.371429
1800520,IT,WE,RUBBE,CEMEN,1.05,317551.848,4,4,317551.819,0.0,0.0,0.0,0.029,302430.331429
1749103,IT,CN,WOODW,PLAST,0.89,317523.864,5,5,317521.843,0.0,2.0,0.0,0.021,356768.386517
1675577,IT,FR,MOTO1,CHEM1,1.69,317515.72,5,5,317514.699,0.0,0.0,1.0,0.021,187879.12426
1769818,IT,AU,MACHI,FINAN,1.77,317463.285,5,5,317462.259,0.0,0.0,1.0,0.026,179357.788136
1785315,IT,ZA,LEATH,CHEM1,2.27,317293.575,5,5,317291.52,0.0,2.0,0.0,0.055,139776.905286
1683445,IT,HR,BASIC,FOOD3,0.37,317284.373,4,4,317284.353,0.0,0.0,0.0,0.02,857525.332432
1770526,IT,AU,AIRTR,HEALT,0.35,317283.024,4,4,317283.014,0.0,0.0,0.0,0.01,906522.925714
1667612,IT,ES,MACHI,STONE,1.77,317241.855,5,5,317240.829,0.0,0.0,1.0,0.026,179232.686441
1653971,IT,CZ,MACHI,LEATH,1.77,317213.65,5,5,317212.624,0.0,0.0,1.0,0.026,179216.751412
1671352,IT,FI,COPP1,FABRI,0.8,317204.081,5,5,317203.065,0.0,0.0,1.0,0.016,396505.10125
1764085,IT,MX,FABRI,TEXTI,1.29,317201.137,5,5,317200.114,0.0,0.0,1.0,0.023,245892.354264
1756412,IT,KR,FURNI,EDUCA,1.01,317184.493,6,6,317182.466,0.0,1.0,1.0,0.027,314044.052475
1773773,IT,CH,ELEC2,MACHI,0.08,317175.005,4,4,317174.972,0.0,0.0,0.0,0.033,3964687.5625
1657295,IT,DE,CHEM1,FOODW,0.66,317163.076,4,4,317163.041,0.0,0.0,0.0,0.035,480550.115152
1777991,IT,TR,MACHI,PUBLI,1.77,317147.006,5,5,317145.98,0.0,0.0,1.0,0.026,179179.099435
1686842,IT,HU,FABRI,SALEM,1.29,317114.144,5,5,317113.121,0.0,0.0,1.0,0.023,245824.917829
1789281,IT,WA,PFERT,SUGAR,0.14,317088.12,4,4,317088.069,0.0,0.0,0.0,0.051,2264915.142857
1642401,IT,AT,PREC1,FOUND,0.54,317074.737,6,6,317072.722,0.0,1.0,1.0,0.015,587175.438889
1735492,IT,SK,PREC1,TOBAC,0.54,317069.017,6,6,317067.002,0.0,1.0,1.0,0.015,587164.846296
1772413,IT,CH,CHEM1,MACHI,0.66,316945.383,4,4,316945.348,0.0,0.0,0.0,0.035,480220.277273
1759152,IT,BR,AIRTR,DIST1,0.34,316910.17,4,4,316910.16,0.0,0.0,0.0,0.01,932088.735294
1796189,IT,WL,FURNI,CHEM1,1.01,316895.788,6,6,316893.761,0.0,1.0,1.0,0.027,313758.205941
1747486,IT,JP,SEACO,FOUND,0.32,316877.451,4,4,316877.446,0.0,0.0,0.0,0.005,990242.034375
1812733,IT,WM,NONF1,NFERT,0.07,316788.873,4,4,316788.871,0.0,0.0,0.0,0.002,4525555.328571
1809423,IT,WM,CHEMI,CEMEN,0.76,316780.57,6,6,316763.54,0.0,1.0,16.0,0.03,416816.539474
1737793,IT,GB,NAPHT,GASDI,0.54,316780.521,5,5,316779.498,0.0,0.0,1.0,0.023,586630.594444
1749777,IT,CN,ADDIT,MACHI,0.73,316736.326,6,6,316733.301,0.0,2.0,1.0,0.025,433885.378082
1799623,IT,WE,MOTOR,MEAT4,0.47,316719.064,4,4,316719.038,0.0,0.0,0.0,0.026,673870.348936
1804610,IT,WF,HEAVY,PLAST,0.51,316662.56,4,4,316662.535,0.0,0.0,0.0,0.025,620906.980392
1805201,IT,WF,CHEM1,PAPER,0.66,316640.597,4,4,316640.562,0.0,0.0,0.0,0.035,479758.480303
1810093,IT,WM,TEXTI,LANDT,1.88,316594.555,4,4,316594.513,0.0,0.0,0.0,0.042,168401.359043
1765914,IT,RU,PLAST,RADIO,0.66,316505.696,4,4,316505.664,0.0,0.0,0.0,0.032,479554.084848
1741626,IT,US,HEAVY,COPPE,0.51,316436.689,4,4,316436.664,0.0,0.0,0.0,0.025,620464.096078
1725973,IT,RO,CHEM1,MOTOR,0.66,316373.93,4,4,316373.895,0.0,0.0,0.0,0.035,479354.439394
1743217,IT,US,TRANS,DIST1,1.89,316367.958,5,5,316366.941,0.0,0.0,1.0,0.017,167390.453968
1769739,IT,AU,MACHI,BEVER,1.76,316362.598,5,5,316361.572,0.0,0.0,1.0,0.026,179751.476136
1773865,IT,CH,ELEC6,CONST,0.05,316336.27,4,4,316336.219,0.0,0.0,0.0,0.051,6326725.4
1812538,IT,WM,ALUM1,GLASS,0.55,316309.787,4,4,316309.762,0.0,0.0,0.0,0.025,575108.703636
1755663,IT,KR,RUBBE,BASIC,1.05,316284.621,4,4,316284.592,0.0,0.0,0.0,0.029,301223.448571
1650927,IT,BG,SEACO,ELEC1,0.32,316279.672,4,4,316279.667,0.0,0.0,0.0,0.005,988373.975
1773112,IT,CH,COPP1,CHEM1,0.8,316266.112,5,5,316265.096,0.0,0.0,1.0,0.016,395332.64
1796663,IT,WL,HOTEL,AIRTR,2.29,316260.228,5,5,316259.204,0.0,1.0,0.0,0.024,138104.903057
1800173,IT,WE,PLAST,WHEAT,0.66,316246.671,4,4,316246.639,0.0,0.0,0.0,0.032,479161.622727
1752700,IT,CA,LEATH,LEATH,2.26,316230.409,5,5,316228.354,0.0,2.0,0.0,0.055,139924.959735
1679747,IT,GR,BASIC,COPP1,0.36,316169.872,4,4,316169.852,0.0,0.0,0.0,0.02,878249.644444
1659543,IT,DE,RETA1,EDUCA,3.3,316133.145,5,5,316132.124,0.0,1.0,0.0,0.021,95797.922727
1790575,IT,WA,NONF1,TRANS,0.07,316103.19,4,4,316103.188,0.0,0.0,0.0,0.002,4515759.857143
1810197,IT,WM,WEARI,RECRE,2.38,316091.244,5,5,316090.184,0.0,1.0,0.0,0.06,132811.447059
1670912,IT,FI,CHEM1,VEGE1,0.66,316091.054,4,4,316091.019,0.0,0.0,0.0,0.035,478925.839394
1784714,IT,ID,FURNI,CONST,1.01,316082.017,6,6,316079.99,0.0,1.0,1.0,0.027,312952.492079
1796973,IT,WL,AIRTR,BASIC,0.34,316078.847,4,4,316078.837,0.0,0.0,0.0,0.01,929643.667647
1659539,IT,DE,RETA1,RENTI,3.3,316053.111,5,5,316052.09,0.0,1.0,0.0,0.021,95773.67
1683103,IT,HR,RUBBE,OFFIC,1.05,316051.525,4,4,316051.496,0.0,0.0,0.0,0.029,301001.452381
1650306,IT,BG,ELEC2,BKBPE,0.08,316029.979,4,4,316029.946,0.0,0.0,0.0,0.033,3950374.7375
1796169,IT,WL,FURNI,FOOD5,1.01,316027.662,6,6,316025.635,0.0,1.0,1.0,0.027,312898.675248
1717723,IT,NL,BUSIN,HEALT,3.25,316000.461,6,6,315998.439,0.0,1.0,1.0,0.022,97230.911077
1715879,IT,NL,RUBBE,RENTI,1.05,315966.117,4,4,315966.088,0.0,0.0,0.0,0.029,300920.111429
1758340,IT,BR,NONF1,NONF1,0.07,315924.489,4,4,315924.487,0.0,0.0,0.0,0.002,4513206.985714
1672924,IT,FR,DAIRY,PIGS9,1.28,315917.04,5,5,315915.019,0.0,2.0,0.0,0.021,246810.1875
1725486,IT,RO,WEARI,RETA1,2.38,315891.323,5,5,315890.263,0.0,1.0,0.0,0.06,132727.446639
1709876,IT,LT,CERAM,GASDI,0.49,315852.62,5,5,315850.603,0.0,0.0,2.0,0.017,644597.183673
1650503,IT,BG,ELEC6,GASDI,0.05,315817.147,4,4,315817.096,0.0,0.0,0.0,0.051,6316342.94
1675018,IT,FR,PREC1,OILHA,0.54,315800.196,6,6,315798.181,0.0,1.0,1.0,0.015,584815.177778
1781886,IT,NO,CHEM1,PAPER,0.66,315794.414,4,4,315794.38,0.0,0.0,0.0,0.034,478476.384848
1786371,IT,ZA,MACHI,PRINT,1.76,315768.984,5,5,315767.958,0.0,0.0,1.0,0.026,179414.195455
1773077,IT,CH,ALUM1,PUBLI,0.55,315717.923,4,4,315717.898,0.0,0.0,0.0,0.025,574032.587273
1686366,IT,HU,BASIC,CROPS,0.36,315705.511,4,4,315705.491,0.0,0.0,0.0,0.02,876959.752778
1756234,IT,KR,MACHI,TRAN2,1.76,315705.093,5,5,315704.067,0.0,0.0,1.0,0.026,179377.89375
1673196,IT,FR,BEVER,RENTI,1.34,315696.412,5,5,315695.392,0.0,1.0,0.0,0.02,235594.337313
1743823,IT,US,LANDT,BUSIN,2.04,315688.378,4,4,315688.363,0.0,0.0,0.0,0.015,154749.204902
1746257,IT,JP,CHEM1,FOUND,0.66,315686.47,4,4,315686.436,0.0,0.0,0.0,0.034,478312.833333
1719238,IT,PL,CHEM1,SUGA1,0.66,315619.599,4,4,315619.565,0.0,0.0,0.0,0.034,478211.513636
1811880,IT,WM,RUBBE,PLAST,1.05,315609.164,4,4,315609.135,0.0,0.0,0.0,0.029,300580.15619
1715728,IT,NL,PLAST,WHOLE,0.66,315607.454,4,4,315607.422,0.0,0.0,0.0,0.032,478193.112121
1756171,IT,KR,MACHI,MOTOR,1.76,315599.488,5,5,315598.462,0.0,0.0,1.0,0.026,179317.890909
1812458,IT,WM,PREC1,MEDIC,0.54,315505.588,6,6,315503.573,0.0,1.0,1.0,0.015,584269.607407
1809598,IT,WM,VEGE1,REALE,0.97,315445.991,6,6,315442.922,0.0,2.0,1.0,0.069,325202.052577
1789937,IT,WA,CEMEN,NONF1,0.5,315435.081,5,5,315433.067,0.0,0.0,2.0,0.014,630870.162
1676496,IT,FR,RETA1,POSTT,3.29,315426.866,5,5,315425.845,0.0,1.0,0.0,0.021,95874.427356
1801141,IT,WE,FABRI,POULT,1.28,315422.849,5,5,315421.826,0.0,0.0,1.0,0.023,246424.100781
1676043,IT,FR,ELEC6,WHOLE,0.05,315409.432,4,4,315409.382,0.0,0.0,0.0,0.05,6308188.64
1741382,IT,US,PRINT,WHOLE,3.02,315244.361,5,5,315243.337,0.0,1.0,0.0,0.024,104385.55
1672894,IT,FR,VEGE1,RETA1,0.97,315225.95,6,6,315222.881,0.0,2.0,1.0,0.069,324975.206186
1805084,IT,WF,NFERT,CEREA,0.07,315202.426,4,4,315202.4,0.0,0.0,0.0,0.026,4502891.8
1754994,IT,KR,TEXTI,RECRE,1.87,315167.69,4,4,315167.648,0.0,0.0,0.0,0.042,168538.871658
1747204,IT,JP,CONST,BUSIN,1.76,315164.181,5,5,315163.164,0.0,0.0,1.0,0.017,179070.557386
1771569,IT,CH,TEXTI,TRANS,1.87,315151.268,4,4,315151.226,0.0,0.0,0.0,0.042,168530.08984
1805827,IT,WF,PREC1,93197,0.54,315072.214,6,6,315070.199,0.0,1.0,1.0,0.015,583467.062963
1798547,IT,WE,SANDC,REALE,0.72,314987.15,5,5,314918.139,0.0,0.0,69.0,0.011,437482.152778
1658258,IT,DE,COPP1,GASDI,0.8,314976.702,5,5,314975.686,0.0,0.0,1.0,0.016,393720.8775
1810741,IT,WM,MOTOR,AIRTR,0.47,314967.068,4,4,314967.042,0.0,0.0,0.0,0.026,670142.697872
1684734,IT,HU,VEGET,DIST1,1.12,314942.781,5,5,314941.769,0.0,1.0,0.0,0.012,281198.911607
1668849,IT,ES,TRAN2,PAPE2,0.49,314927.846,4,4,314927.837,0.0,0.0,0.0,0.009,642709.889796
1719410,IT,PL,RUBBE,NONME,1.04,314913.582,4,4,314913.553,0.0,0.0,0.0,0.029,302801.521154
1673461,IT,FR,WEARI,RESEA,2.37,314842.993,5,5,314841.933,0.0,1.0,0.0,0.06,132845.144726
1673084,IT,FR,FOOD5,RETAI,1.51,314800.589,5,5,314799.561,0.0,1.0,0.0,0.028,208477.211258
1683525,IT,HR,ALUM1,BRICK,0.55,314772.093,4,4,314772.068,0.0,0.0,0.0,0.025,572312.896364
1723338,IT,PT,NONME,CERAM,0.64,314740.578,5,5,314739.543,0.0,0.0,1.0,0.035,491782.153125
1720260,IT,PL,FABRI,COPPE,1.28,314705.577,5,5,314704.554,0.0,0.0,1.0,0.023,245863.732031
1679961,IT,GR,FABRI,OFFIC,1.28,314704.923,5,5,314703.9,0.0,0.0,1.0,0.023,245863.221094
1802771,IT,WE,BUSIN,WEARI,3.23,314694.454,6,6,314692.432,0.0,1.0,1.0,0.022,97428.623529
1660242,IT,DE,POSTT,CHEM1,5.18,314669.553,5,5,314668.529,0.0,0.0,1.0,0.024,60747.017954
1658645,IT,DE,MACHI,FOODW,1.76,314661.415,5,5,314660.389,0.0,0.0,1.0,0.026,178784.894886
1662618,IT,DK,MACHI,CEREA,1.76,314655.181,5,5,314654.155,0.0,0.0,1.0,0.026,178781.352841
1677130,IT,FR,SUPPO,93197,2.26,314625.063,5,5,314624.048,0.0,0.0,1.0,0.015,139214.629646
1800533,IT,WE,RUBBE,MEDIC,1.04,314604.423,4,4,314604.394,0.0,0.0,0.0,0.029,302504.252885
1642977,IT,AT,ELEC2,DISTR,0.08,314603.099,4,4,314603.066,0.0,0.0,0.0,0.033,3932538.7375
1801088,IT,WE,COPP1,WHOLE,0.79,314587.629,5,5,314586.613,0.0,0.0,1.0,0.016,398212.188608
1656943,IT,DE,LIQUE,RUBBE,0.55,314574.565,4,4,314574.54,0.0,0.0,0.0,0.025,571953.754545
1774424,IT,CH,RAILW,DISTR,2.1,314538.172,5,5,314536.158,0.0,0.0,2.0,0.014,149780.081905
1674646,IT,FR,GLASS,STONE,0.86,314511.474,5,5,314510.456,0.0,0.0,1.0,0.018,365711.016279
1729297,IT,SE,NONME,WOODW,0.64,314493.059,5,5,314492.024,0.0,0.0,1.0,0.035,491395.404688
1810666,IT,WM,MOTOR,MEAT1,0.47,314490.6,4,4,314490.574,0.0,0.0,0.0,0.026,669128.93617
1755121,IT,KR,LEATH,PFERT,2.25,314458.612,5,5,314456.558,0.0,2.0,0.0,0.054,139759.383111
1795702,IT,WL,FABRI,AUXIL,1.28,314437.273,5,5,314436.25,0.0,0.0,1.0,0.023,245654.119531
1775082,IT,CH,RENTI,REALE,1.88,314394.318,4,4,314394.3,0.0,0.0,0.0,0.018,167231.020213
1741151,IT,US,LEATH,WEARI,2.25,314360.587,5,5,314358.533,0.0,2.0,0.0,0.054,139715.816444
1765889,IT,RU,PLAST,PAPER,0.66,314339.621,4,4,314339.589,0.0,0.0,0.0,0.032,476272.15303
1804856,IT,WF,BITU1,PRECI,0.5,314292.896,4,4,314292.871,0.0,0.0,0.0,0.025,628585.792
1814054,IT,WM,AIRTR,VEGET,0.34,314287.7,4,4,314287.69,0.0,0.0,0.0,0.01,924375.588235
1766816,IT,RU,MACHI,TRAN1,1.75,314259.988,5,5,314258.962,0.0,0.0,1.0,0.026,179577.136
1733846,IT,SI,TRAN2,RETA1,0.49,314248.056,4,4,314248.047,0.0,0.0,0.0,0.009,641322.563265
1659347,IT,DE,RETAI,POSTT,2.47,314240.035,4,4,314240.015,0.0,0.0,0.0,0.02,127222.686235
1813070,IT,WM,OFFIC,RETA1,0.97,314173.479,4,4,314173.456,0.0,0.0,0.0,0.023,323890.184536
1740729,IT,US,MEATP,MEATP,1.27,314170.082,5,5,314169.048,0.0,1.0,0.0,0.034,247378.017323
1733303,IT,SI,MOTO1,OFFIC,1.67,314151.554,5,5,314150.534,0.0,0.0,1.0,0.02,188114.702994
1774139,IT,CH,WHOLE,AIRTR,2.71,314129.409,5,5,314128.391,0.0,0.0,1.0,0.018,115914.91107
1786124,IT,ZA,BASIC,WOODW,0.36,314068.515,4,4,314068.495,0.0,0.0,0.0,0.02,872412.541667
1805125,IT,WF,PFERT,MEATA,0.14,314066.478,4,4,314066.428,0.0,0.0,0.0,0.05,2243331.985714
1789206,IT,WA,PLAST,CERAM,0.66,314066.14,4,4,314066.108,0.0,0.0,0.0,0.032,475857.787879
1689380,IT,IE,RETA1,RENTI,3.28,314049.594,5,5,314048.573,0.0,1.0,0.0,0.021,95746.827439
1650311,IT,BG,ELEC2,LEADZ,0.08,314048.551,4,4,314048.518,0.0,0.0,0.0,0.033,3925606.8875
1746968,IT,JP,MOTO1,SEACO,1.67,313999.881,5,5,313998.861,0.0,0.0,1.0,0.02,188023.880838
1805017,IT,WF,PLAST,NFERT,0.66,313973.001,4,4,313972.969,0.0,0.0,0.0,0.032,475716.668182
1716111,IT,NL,BASIC,EDUCA,0.36,313950.89,4,4,313950.87,0.0,0.0,0.0,0.02,872085.805556
1659119,IT,DE,ELEC7,TRAN1,0.22,313936.176,4,4,313936.172,0.0,0.0,0.0,0.004,1426982.618182
1658758,IT,DE,OFFIC,RECRE,0.97,313887.202,4,4,313887.179,0.0,0.0,0.0,0.023,323595.053608
1809523,IT,WM,MEAT4,HOTEL,1.73,313789.298,5,5,313788.277,0.0,1.0,0.0,0.021,181381.09711
1736348,IT,SK,RAILW,RETA1,2.1,313776.255,5,5,313774.241,0.0,0.0,2.0,0.014,149417.264286
1780836,IT,TW,COMPU,MOTO1,3.58,313768.815,5,5,313767.795,0.0,0.0,1.0,0.02,87644.920391
1653140,IT,CZ,CHEM1,FABRI,0.66,313760.506,4,4,313760.472,0.0,0.0,0.0,0.034,475394.706061
1718847,IT,PL,PAPER,SUPPO,1.22,313739.122,6,6,313735.091,0.0,3.0,1.0,0.031,257163.214754
1771443,IT,CH,BEVER,MEATP,1.33,313737.633,5,5,313736.613,0.0,1.0,0.0,0.02,235892.957143
1653811,IT,CZ,NONF1,OFFIC,0.07,313733.716,4,4,313733.714,0.0,0.0,0.0,0.002,4481910.228571
1656976,IT,DE,LIQUE,WHOLE,0.55,313723.607,4,4,313723.582,0.0,0.0,0.0,0.025,570406.558182
1743625,IT,US,HOTEL,FURNI,2.27,313704.077,5,5,313703.053,0.0,1.0,0.0,0.024,138195.628634
1804467,IT,WF,GASDI,SANDC,0.47,313587.122,4,4,313587.096,0.0,0.0,0.0,0.026,667206.642553
1722541,IT,PT,BEVER,BEVER,1.33,313561.735,5,5,313560.715,0.0,1.0,0.0,0.02,235760.703008
1795407,IT,WL,BASIC,OFFIC,0.36,313524.723,4,4,313524.703,0.0,0.0,0.0,0.02,870902.008333
1754273,IT,CA,POSTT,PUBLI,5.16,313503.888,4,4,313503.864,0.0,0.0,0.0,0.024,60756.567442
1782805,IT,NO,HOTEL,CONST,2.27,313453.589,5,5,313452.565,0.0,1.0,0.0,0.024,138085.281498
1675855,IT,FR,ELEC1,REALE,0.04,313451.089,4,4,313451.069,0.0,0.0,0.0,0.02,7836277.225
1674178,IT,FR,LIQUE,DAIRY,0.55,313432.488,4,4,313432.463,0.0,0.0,0.0,0.025,569877.250909
1735164,IT,SK,RUBBE,BEVER,1.04,313415.373,4,4,313415.345,0.0,0.0,0.0,0.028,301360.935577
1645933,IT,BE,CERAM,PREC1,0.49,313398.608,5,5,313396.591,0.0,0.0,2.0,0.017,639588.995918
1810073,IT,WM,TEXTI,MOTO1,1.86,313398.409,4,4,313398.367,0.0,0.0,0.0,0.042,168493.76828
1812096,IT,WM,CERAM,FINAN,0.49,313391.236,5,5,313389.219,0.0,0.0,2.0,0.017,639573.95102
1723339,IT,PT,NONME,BRICK,0.63,313362.985,5,5,313361.951,0.0,0.0,1.0,0.034,497401.563492
1719259,IT,PL,CHEM1,NFERT,0.65,313351.135,4,4,313351.101,0.0,0.0,0.0,0.034,482078.669231
1784124,IT,ID,PULP5,PROCE,0.96,313325.934,6,6,313322.905,0.0,2.0,1.0,0.029,326381.18125
1673717,IT,FR,PAPER,NUCLE,1.21,313314.665,6,6,313310.634,0.0,3.0,1.0,0.031,258937.739669
1660801,IT,DE,COMPU,PLAST,3.58,313311.828,5,5,313310.808,0.0,0.0,1.0,0.02,87517.270391
1806084,IT,WF,FABRI,RAWMI,1.28,313309.881,5,5,313308.859,0.0,0.0,1.0,0.022,244773.344531
1771071,IT,CH,NATUR,CHEM1,0.44,313292.6,4,4,313292.579,0.0,0.0,0.0,0.021,712028.636364
1640623,IT,AT,BEVER,CHEM1,1.33,313225.593,5,5,313224.573,0.0,1.0,0.0,0.02,235507.964662
1756002,IT,KR,COPP1,FABRI,0.79,313217.551,5,5,313216.535,0.0,0.0,1.0,0.016,396477.912658
1771859,IT,CH,WOODW,RETA1,0.88,313153.566,5,5,313151.545,0.0,2.0,0.0,0.021,355856.325
1686082,IT,HU,RUBBE,PLAST,1.04,313148.294,4,4,313148.266,0.0,0.0,0.0,0.028,301104.128846
1722138,IT,PL,BUSIN,DIST1,3.22,313115.906,6,6,313113.884,0.0,1.0,1.0,0.022,97240.964596
1649479,IT,BG,CHEM1,RECRE,0.65,313083.032,4,4,313082.998,0.0,0.0,0.0,0.034,481666.203077
1758483,IT,BR,MACHI,PAPER,1.75,313074.183,5,5,313073.157,0.0,0.0,1.0,0.026,178899.533143
1719208,IT,PL,PLAST,RECRE,0.66,313018.542,4,4,313018.51,0.0,0.0,0.0,0.032,474270.518182
1788487,IT,WA,PULP5,RETAI,0.95,313012.405,6,6,313009.376,0.0,2.0,1.0,0.029,329486.742105
1722599,IT,PT,TEXTI,ANIMA,1.85,313003.062,4,4,313003.02,0.0,0.0,0.0,0.042,169190.844324
1799342,IT,WE,WOODW,WHOLE,0.88,312990.6,5,5,312988.579,0.0,2.0,0.0,0.021,355671.136364
1797500,IT,WL,BUSIN,FISH5,3.21,312976.079,6,6,312974.057,0.0,1.0,1.0,0.022,97500.336137
1713561,IT,MT,CEMEN,NONME,0.5,312950.648,5,5,312948.634,0.0,0.0,2.0,0.014,625901.296
1643197,IT,AT,HOTEL,BEVER,2.27,312906.904,5,5,312905.88,0.0,1.0,0.0,0.024,137844.451101
1689386,IT,IE,RETA1,HEALT,3.27,312879.173,5,5,312878.153,0.0,1.0,0.0,0.02,95681.704281
1743753,IT,US,LANDT,KEROS,2.02,312866.232,4,4,312866.217,0.0,0.0,0.0,0.015,154884.273267
1806417,IT,WF,MOTO1,93197,1.66,312791.175,5,5,312790.155,0.0,0.0,1.0,0.02,188428.418675
1648468,IT,BG,VEGET,OFFIC,1.11,312781.684,5,5,312780.672,0.0,1.0,0.0,0.012,281785.300901
1773483,IT,CH,OFFIC,EDUCA,0.97,312761.247,4,4,312761.224,0.0,0.0,0.0,0.023,322434.275258
1743186,IT,US,MOTO1,MEMBE,1.66,312760.954,5,5,312759.934,0.0,0.0,1.0,0.02,188410.213253
1650562,IT,BG,ELEC7,LANDT,0.21,312726.022,4,4,312726.018,0.0,0.0,0.0,0.004,1489171.533333
1654297,IT,CZ,ELEC2,WOODW,0.08,312669.541,4,4,312669.508,0.0,0.0,0.0,0.033,3908369.2625
1663653,IT,DK,BUSIN,SUPPO,3.21,312636.489,6,6,312634.467,0.0,1.0,1.0,0.022,97394.54486
1679018,IT,GR,WOODW,BEVER,0.87,312612.891,5,5,312610.87,0.0,2.0,0.0,0.021,359325.162069
1726392,IT,RO,NONF1,MOTO1,0.07,312610.982,4,4,312610.98,0.0,0.0,0.0,0.002,4465871.171429
1690354,IT,IE,FOOD3,BUSIN,0.89,312587.408,5,5,312586.393,0.0,0.0,1.0,0.015,351221.806742
1807657,IT,WF,RESEA,PUBLI,1.69,312485.047,4,4,312485.025,0.0,0.0,0.0,0.022,184902.394675
1790212,IT,WA,PREC1,KEROS,0.53,312480.194,6,6,312478.18,0.0,1.0,1.0,0.014,589585.271698
1795032,IT,WL,ADDIT,LIQUE,0.72,312456.61,6,6,312453.586,0.0,2.0,1.0,0.024,433967.513889
1657639,IT,DE,CERAM,PLAST,0.49,312443.704,5,5,312441.687,0.0,0.0,2.0,0.017,637640.212245
1654816,IT,CZ,SUPPO,LANDT,2.25,312404.792,5,5,312403.777,0.0,0.0,1.0,0.015,138846.574222
1640358,IT,AT,MEATC,HOTEL,1.04,312363.864,5,5,312358.844,0.0,5.0,0.0,0.02,300349.869231
1752390,IT,CA,VEGE1,VEGE1,0.96,312355.626,6,6,312352.558,0.0,2.0,1.0,0.068,325370.44375
1748549,IT,CN,VEGE1,RAWMI,0.96,312350.441,6,6,312347.373,0.0,2.0,1.0,0.068,325365.042708
1809296,IT,WM,STONE,PROCE,1.01,312343.555,5,5,312326.541,0.0,0.0,17.0,0.014,309251.044554
1737663,IT,GB,PRINT,PAPER,3.0,312329.252,5,5,312328.228,0.0,1.0,0.0,0.024,104109.750667
1723065,IT,PT,CHEM1,FISH5,0.65,312314.043,4,4,312314.009,0.0,0.0,0.0,0.034,480483.143077
1641462,IT,AT,GASDI,SUPPO,0.46,312280.524,4,4,312280.499,0.0,0.0,0.0,0.025,678870.704348
1789245,IT,WA,PLAST,WHOLE,0.66,312258.188,4,4,312258.156,0.0,0.0,0.0,0.032,473118.466667
1646368,IT,BE,FABRI,BASIC,1.27,312236.568,5,5,312235.546,0.0,0.0,1.0,0.022,245855.565354
1804401,IT,WF,KEROS,HOTEL,0.46,312191.602,4,4,312191.577,0.0,0.0,0.0,0.025,678677.395652
1725663,IT,RO,PAPER,WEARI,1.21,312184.987,6,6,312180.956,0.0,3.0,1.0,0.031,258004.121488
1686951,IT,HU,MACHI,TRANS,1.74,312146.188,5,5,312145.162,0.0,0.0,1.0,0.026,179394.36092
1681653,IT,HR,VEGET,TOBAC,1.1,312055.191,5,5,312054.179,0.0,1.0,0.0,0.012,283686.537273
1644184,IT,BE,CEREA,PIGS9,0.51,312051.022,5,5,312049.004,0.0,2.0,0.0,0.018,611864.74902
1686517,IT,HU,ALUM1,CROPS,0.54,312025.632,4,4,312025.607,0.0,0.0,0.0,0.025,577825.244444
1658500,IT,DE,FABRI,INTER,1.27,312021.394,5,5,312020.372,0.0,0.0,1.0,0.022,245686.137008
1672771,IT,FR,MEATC,HEALT,1.04,311995.328,5,5,311990.308,0.0,5.0,0.0,0.02,299995.507692
1726990,IT,RO,HOTEL,CONST,2.26,311924.764,5,5,311923.74,0.0,1.0,0.0,0.024,138019.80708
1793593,IT,WL,VEGE1,BEVER,0.96,311904.56,6,6,311901.492,0.0,2.0,1.0,0.068,324900.583333
1659004,IT,DE,ELEC2,MOTOR,0.08,311892.191,4,4,311892.158,0.0,0.0,0.0,0.033,3898652.3875
1805403,IT,WF,RUBBE,TRAN2,1.03,311867.004,4,4,311866.976,0.0,0.0,0.0,0.028,302783.499029
1653146,IT,CZ,CHEM1,ELEC1,0.65,311807.549,4,4,311807.515,0.0,0.0,0.0,0.034,479703.921538
1788270,IT,WA,LEATH,NAPHT,2.23,311797.806,5,5,311795.752,0.0,2.0,0.0,0.054,139819.643946
1771687,IT,CH,WEARI,RENTI,2.35,311769.242,5,5,311768.183,0.0,1.0,0.0,0.059,132667.762553
1793970,IT,WL,WOODW,FISH5,0.87,311764.926,5,5,311762.905,0.0,2.0,0.0,0.021,358350.489655
1795401,IT,WL,BASIC,PREC1,0.36,311754.536,4,4,311754.516,0.0,0.0,0.0,0.02,865984.822222
1723786,IT,PT,OFFIC,MACHI,0.97,311749.079,4,4,311749.057,0.0,0.0,0.0,0.022,321390.803093
1788396,IT,WA,WOODW,CONST,0.87,311738.234,5,5,311736.213,0.0,2.0,0.0,0.021,358319.809195
1718249,IT,PL,FOOD5,POULT,1.5,311703.149,5,5,311702.121,0.0,1.0,0.0,0.028,207802.099333
1781927,IT,NO,CHEM1,SEACO,0.65,311685.507,4,4,311685.473,0.0,0.0,0.0,0.034,479516.164615
1789284,IT,WA,PFERT,CATTL,0.14,311648.612,4,4,311648.562,0.0,0.0,0.0,0.05,2226061.514286
1785312,IT,ZA,LEATH,LEATH,2.23,311641.659,5,5,311639.605,0.0,2.0,0.0,0.054,139749.62287
1764036,IT,MX,COPP1,CONST,0.79,311634.072,5,5,311633.056,0.0,0.0,1.0,0.016,394473.508861
1669756,IT,ES,BUSIN,PRINT,3.2,311624.027,6,6,311622.005,0.0,1.0,1.0,0.022,97382.508438
1789339,IT,WA,CHEM1,SANDC,0.65,311619.608,4,4,311619.574,0.0,0.0,0.0,0.034,479414.781538
1662390,IT,DK,BASIC,HEALT,0.36,311599.67,4,4,311599.65,0.0,0.0,0.0,0.02,865554.638889
1770529,IT,AU,AIRTR,RECRE,0.34,311595.091,4,4,311595.081,0.0,0.0,0.0,0.01,916456.15
1800710,IT,WE,CEMEN,RADIO,0.5,311583.783,5,5,311581.769,0.0,0.0,2.0,0.014,623167.566
1666382,IT,ES,NAPHT,BITU1,0.53,311576.256,5,5,311575.234,0.0,0.0,1.0,0.022,587879.728302
1726074,IT,RO,RUBBE,TEXTI,1.03,311571.499,4,4,311571.471,0.0,0.0,0.0,0.028,302496.600971
1665111,IT,ES,VEGE1,BUSIN,0.96,311569.975,6,6,311566.907,0.0,2.0,1.0,0.068,324552.057292
1653588,IT,CZ,BASIC,INERT,0.36,311524.796,4,4,311524.776,0.0,0.0,0.0,0.02,865346.655556
1791121,IT,WA,TRANS,RETA1,1.86,311499.373,5,5,311498.356,0.0,0.0,1.0,0.017,167472.781183
1645654,IT,BE,CHEM1,RAILW,0.65,311400.649,4,4,311400.615,0.0,0.0,0.0,0.034,479077.921538
1787642,IT,WA,MEAT4,NONF1,1.71,311377.33,5,5,311376.309,0.0,1.0,0.0,0.021,182092.005848
1686732,IT,HU,COPP1,WHOLE,0.79,311367.168,5,5,311366.152,0.0,0.0,1.0,0.016,394135.655696
1780960,IT,TW,BUSIN,WEARI,3.2,311317.627,6,6,311315.606,0.0,1.0,1.0,0.021,97286.758437
1757723,IT,BR,NAPHT,LIQUI,0.53,311312.704,5,5,311311.682,0.0,0.0,1.0,0.022,587382.460377
1809446,IT,WM,CHEMI,CONST,0.74,311263.856,6,6,311247.827,0.0,1.0,15.0,0.029,420626.832432
1806839,IT,WF,RETA1,CONST,3.25,311253.936,5,5,311252.916,0.0,1.0,0.0,0.02,95770.441846
1769395,IT,AU,CERAM,WHOLE,0.48,311246.614,5,5,311244.597,0.0,0.0,2.0,0.017,648430.445833
1789634,IT,WA,RUBBE,MOTOR,1.03,311245.592,4,4,311245.564,0.0,0.0,0.0,0.028,302180.186408
1812877,IT,WM,FABRI,RAILW,1.27,311242.385,5,5,311241.363,0.0,0.0,1.0,0.022,245072.744094
1810335,IT,WM,WOODW,GASDI,0.87,311237.187,5,5,311235.166,0.0,2.0,0.0,0.021,357743.893103
1774089,IT,CH,WHOLE,PAPER,2.69,311224.936,5,5,311223.918,0.0,0.0,1.0,0.018,115697.00223
1687064,IT,HU,MOTO1,CEMEN,1.66,311215.108,5,5,311214.088,0.0,0.0,1.0,0.02,187478.980723
1664434,IT,EE,MACHI,CONST,1.74,311210.921,5,5,311209.895,0.0,0.0,1.0,0.026,178856.851149
1676607,IT,FR,HOTEL,DISTR,2.26,311174.036,5,5,311173.013,0.0,1.0,0.0,0.023,137687.626549
1653669,IT,CZ,ALUM1,WHOLE,0.54,311165.055,4,4,311165.03,0.0,0.0,0.0,0.025,576231.583333
1723214,IT,PT,RUBBE,WHOLE,1.03,311104.853,4,4,311104.825,0.0,0.0,0.0,0.028,302043.546602
1785644,IT,ZA,HEAVY,PULP5,0.5,311076.674,4,4,311076.649,0.0,0.0,0.0,0.025,622153.348
1780847,IT,TW,COMPU,WHOLE,3.55,311060.52,5,5,311059.5,0.0,0.0,1.0,0.02,87622.68169
1782905,IT,NO,SEACO,WHOLE,0.32,311009.187,4,4,311009.182,0.0,0.0,0.0,0.005,971903.709375
1712111,IT,LV,TEXTI,OFFIC,1.84,310985.618,4,4,310985.577,0.0,0.0,0.0,0.041,169013.922826
1716410,IT,NL,MACHI,RETA1,1.73,310964.418,5,5,310963.392,0.0,0.0,1.0,0.026,179748.218497
1643745,IT,AT,SUPPO,SUPPO,2.24,310962.258,5,5,310961.243,0.0,0.0,1.0,0.015,138822.436607
1642853,IT,AT,MOTO1,RUBBE,1.66,310952.252,5,5,310951.232,0.0,0.0,1.0,0.02,187320.633735
1773146,IT,CH,COPP1,REALE,0.79,310932.572,5,5,310931.556,0.0,0.0,1.0,0.016,393585.534177
1802289,IT,WE,LANDT,RETA1,2.01,310906.873,4,4,310906.858,0.0,0.0,0.0,0.015,154680.036318
1775259,IT,CH,BUSIN,TOBAC,3.19,310897.858,6,6,310895.837,0.0,1.0,1.0,0.021,97460.143574
1741824,IT,US,NFERT,PLAST,0.06,310883.863,4,4,310883.838,0.0,0.0,0.0,0.025,5181397.716667
1726394,IT,RO,NONF1,ELEC4,0.07,310839.137,4,4,310839.135,0.0,0.0,0.0,0.002,4440559.1
1740617,IT,US,CRUDE,NATUR,0.61,310813.874,4,4,310813.847,0.0,0.0,0.0,0.027,509530.940984
1753131,IT,CA,RUBBE,TRANS,1.03,310809.378,4,4,310809.35,0.0,0.0,0.0,0.028,301756.67767
1755734,IT,KR,GLASS,RUBBE,0.85,310786.703,5,5,310785.685,0.0,0.0,1.0,0.018,365631.415294
1748945,IT,CN,WEARI,HOTEL,2.34,310760.647,5,5,310759.588,0.0,1.0,0.0,0.059,132803.695299
1810952,IT,WM,GASDI,GASDI,0.46,310671.376,4,4,310671.351,0.0,0.0,0.0,0.025,675372.556522
1794271,IT,WL,MOTOR,FOOD5,0.46,310666.819,4,4,310666.794,0.0,0.0,0.0,0.025,675362.65
1689585,IT,IE,AIRTR,MACHI,0.34,310633.131,4,4,310633.121,0.0,0.0,0.0,0.01,913626.855882
1741468,IT,US,MOTOR,RETA1,0.46,310596.94,4,4,310596.915,0.0,0.0,0.0,0.025,675210.73913
1656555,IT,DE,PAPER,93197,1.2,310543.151,6,6,310539.12,0.0,3.0,1.0,0.031,258785.959167
1811304,IT,WM,BITU1,ALUM1,0.49,310535.553,4,4,310535.528,0.0,0.0,0.0,0.025,633746.026531
1719749,IT,PL,BASIC,CROPS,0.36,310528.005,4,4,310527.985,0.0,0.0,0.0,0.02,862577.791667
1735622,IT,SK,COPP1,MOTO1,0.78,310507.111,5,5,310506.095,0.0,0.0,1.0,0.016,398086.039744
1652233,IT,CZ,FOOD5,DAIRY,1.49,310494.378,5,5,310493.35,0.0,1.0,0.0,0.028,208385.488591
1685877,IT,HU,CHEM1,CERAM,0.65,310489.031,4,4,310488.997,0.0,0.0,0.0,0.034,477675.432308
1722486,IT,PT,FOOD5,POULT,1.49,310450.483,5,5,310449.455,0.0,1.0,0.0,0.028,208356.028859
1742613,IT,US,ALUM1,BUSIN,0.54,310350.044,4,4,310350.019,0.0,0.0,0.0,0.025,574722.303704
1766294,IT,RU,CERAM,HEALT,0.48,310349.901,5,5,310347.884,0.0,0.0,2.0,0.017,646562.29375
1725859,IT,RO,GASDI,RETA1,0.46,310290.301,4,4,310290.276,0.0,0.0,0.0,0.025,674544.132609
1800740,IT,WE,NONME,WEARI,0.63,310280.151,5,5,310279.117,0.0,0.0,1.0,0.034,492508.17619
1667382,IT,ES,COPP1,PLAST,0.78,310270.67,5,5,310269.654,0.0,0.0,1.0,0.016,397782.910256
1769167,IT,AU,CHEM1,FABRI,0.65,310269.927,4,4,310269.893,0.0,0.0,0.0,0.034,477338.349231
1753526,IT,CA,MACHI,MEAT4,1.73,310259.157,5,5,310258.132,0.0,0.0,1.0,0.025,179340.553179
1752149,IT,CN,BUSIN,SUPPO,3.19,310236.691,6,6,310234.67,0.0,1.0,1.0,0.021,97252.881191
1648199,IT,BE,BUSIN,BASIC,3.19,310236.085,6,6,310234.064,0.0,1.0,1.0,0.021,97252.691223
1754104,IT,CA,AIRTR,FABRI,0.34,310110.918,4,4,310110.908,0.0,0.0,0.0,0.01,912090.935294
1725154,IT,RO,MEAT1,WHOLE,1.45,310110.077,5,5,310109.039,0.0,1.0,0.0,0.038,213869.018621
1753605,IT,CA,MACHI,POSTT,1.73,310109.89,5,5,310108.865,0.0,0.0,1.0,0.025,179254.271676
1769300,IT,AU,RUBBE,REALE,1.03,310024.017,4,4,310023.989,0.0,0.0,0.0,0.028,300994.191262
1716179,IT,NL,ALUM1,RUBBE,0.54,310022.545,4,4,310022.52,0.0,0.0,0.0,0.025,574115.824074
1769946,IT,AU,MOTO1,PUBLI,1.65,309989.81,5,5,309988.79,0.0,0.0,1.0,0.02,187872.612121
1667661,IT,ES,MACHI,NONME,1.73,309946.843,5,5,309945.818,0.0,0.0,1.0,0.025,179160.024855
1731627,IT,SI,LEATH,RUBBE,2.22,309917.979,5,5,309915.925,0.0,2.0,0.0,0.054,139602.693243
1812305,IT,WM,BASIC,TOBAC,0.36,309917.371,4,4,309917.351,0.0,0.0,0.0,0.02,860881.586111
1742770,IT,US,FABRI,FOUND,1.26,309900.054,5,5,309899.032,0.0,0.0,1.0,0.022,245952.42381
1774501,IT,CH,LANDT,DIST1,2.0,309890.059,4,4,309890.044,0.0,0.0,0.0,0.015,154945.0295
1676559,IT,FR,HOTEL,PULP5,2.25,309757.062,5,5,309756.039,0.0,1.0,0.0,0.023,137669.805333
1713160,IT,MT,FISH5,HOTEL,1.3,309737.969,5,5,309736.81,0.0,1.0,0.0,0.159,238259.976154
1791570,IT,WA,RETA1,HOTEL,3.23,309720.201,5,5,309719.181,0.0,1.0,0.0,0.02,95888.607121
1756073,IT,KR,FABRI,RUBBE,1.26,309714.147,5,5,309713.125,0.0,0.0,1.0,0.022,245804.878571
1753110,IT,CA,RUBBE,PFERT,1.03,309702.245,4,4,309702.217,0.0,0.0,0.0,0.028,300681.791262
1803790,IT,WF,TEXTI,MEAT4,1.84,309696.499,4,4,309696.458,0.0,0.0,0.0,0.041,168313.314674
1729081,IT,SE,RUBBE,HOTEL,1.03,309694.79,4,4,309694.762,0.0,0.0,0.0,0.028,300674.553398
1790661,IT,WA,FABRI,GLASS,1.26,309668.961,5,5,309667.939,0.0,0.0,1.0,0.022,245769.016667
1780245,IT,TW,LANDT,CHEMI,2.0,309596.046,4,4,309596.031,0.0,0.0,0.0,0.015,154798.023
1668950,IT,ES,AIRTR,PLAST,0.34,309570.544,4,4,309570.534,0.0,0.0,0.0,0.01,910501.6
1713559,IT,MT,CEMEN,CERAM,0.5,309565.941,5,5,309563.927,0.0,0.0,2.0,0.014,619131.882
1660134,IT,DE,AIRTR,93197,0.34,309553.906,4,4,309553.896,0.0,0.0,0.0,0.01,910452.664706
1774077,IT,CH,WHOLE,DAIRY,2.67,309470.8,5,5,309469.782,0.0,0.0,1.0,0.018,115906.666667
1794387,IT,WL,KEROS,TRANS,0.46,309467.0,4,4,309466.975,0.0,0.0,0.0,0.025,672754.347826
1663875,IT,EE,WEARI,HEAVY,2.33,309448.392,5,5,309447.333,0.0,1.0,0.0,0.059,132810.46867
1714551,IT,NL,CRUDE,DIST1,0.61,309408.767,4,4,309408.74,0.0,0.0,0.0,0.027,507227.486885
1710503,IT,LT,SEACO,LANDT,0.31,309310.401,4,4,309310.396,0.0,0.0,0.0,0.005,997775.487097
1800594,IT,WE,GLASS,WEARI,0.85,309283.342,5,5,309282.324,0.0,0.0,1.0,0.018,363862.755294
1658202,IT,DE,LEAD1,CHEM1,0.54,309257.305,6,6,309255.279,0.0,1.0,1.0,0.026,572698.712963
1743278,IT,US,FURNI,FABRI,0.99,309241.213,6,6,309239.186,0.0,1.0,1.0,0.027,312364.861616
1746971,IT,JP,MOTO1,POSTT,1.65,309201.451,5,5,309200.431,0.0,0.0,1.0,0.02,187394.818788
1723003,IT,PT,PLAST,WOODW,0.65,309179.033,4,4,309179.002,0.0,0.0,0.0,0.031,475660.050769
1719384,IT,PL,RUBBE,LEATH,1.02,309169.382,4,4,309169.354,0.0,0.0,0.0,0.028,303107.237255
1762672,IT,IN,RESEA,MOTO1,1.68,309159.146,4,4,309159.124,0.0,0.0,0.0,0.022,184023.30119
1771946,IT,CH,PAPER,FABRI,1.2,309154.877,6,6,309151.847,0.0,2.0,1.0,0.03,257629.064167
1747108,IT,JP,FURNI,COMPU,0.99,309132.202,6,6,309130.175,0.0,1.0,1.0,0.027,312254.749495
1784579,IT,ID,MACHI,PRINT,1.72,309120.823,5,5,309119.798,0.0,0.0,1.0,0.025,179721.408721
1717113,IT,NL,SEACO,MACHI,0.31,309024.943,4,4,309024.938,0.0,0.0,0.0,0.005,996854.654839
1649730,IT,BG,BASIC,MEAT1,0.36,309020.208,4,4,309020.188,0.0,0.0,0.0,0.02,858389.466667
1796179,IT,WL,FURNI,PRINT,0.99,309014.819,6,6,309012.792,0.0,1.0,1.0,0.027,312136.180808
1646593,IT,BE,MOTO1,FABRI,1.64,308991.929,5,5,308990.909,0.0,0.0,1.0,0.02,188409.712805
1796007,IT,WL,MOTO1,HOTEL,1.64,308988.846,5,5,308987.826,0.0,0.0,1.0,0.02,188407.832927
1663776,IT,EE,BEVER,FOOD5,1.31,308985.501,5,5,308984.481,0.0,1.0,0.0,0.02,235866.794656
1746663,IT,JP,NONF1,NONF1,0.07,308898.06,4,4,308898.058,0.0,0.0,0.0,0.002,4412829.428571
1761958,IT,IN,FURNI,RETA1,0.99,308871.782,6,6,308869.755,0.0,1.0,1.0,0.027,311991.69899
1645652,IT,BE,CHEM1,RETA1,0.65,308857.203,4,4,308857.169,0.0,0.0,0.0,0.034,475164.927692
1737362,IT,GB,BEVER,MEMBE,1.31,308830.741,5,5,308829.721,0.0,1.0,0.0,0.02,235748.657252
1748381,IT,CN,CROPS,POULT,2.45,308829.703,5,5,308828.686,0.0,0.0,1.0,0.017,126052.94
1766830,IT,RU,MACHI,TRAN2,1.72,308782.497,5,5,308781.472,0.0,0.0,1.0,0.025,179524.707558
1739897,IT,GB,FINAN,FINAN,4.02,308751.037,4,4,308751.028,0.0,0.0,0.0,0.009,76803.740547
1801220,IT,WE,FABRI,MEDIC,1.26,308689.135,5,5,308688.113,0.0,0.0,1.0,0.022,244991.376984
1761448,IT,IN,BASIC,POSTT,0.36,308685.807,4,4,308685.787,0.0,0.0,0.0,0.02,857460.575
1809149,IT,WM,CROPS,RESEA,2.44,308679.652,5,5,308678.635,0.0,0.0,1.0,0.017,126508.054098
1644989,IT,BE,WOODW,REALE,0.86,308672.272,5,5,308670.251,0.0,2.0,0.0,0.021,358921.246512
1641563,IT,AT,HEAVY,REALE,0.5,308643.901,4,4,308643.876,0.0,0.0,0.0,0.025,617287.802
1650506,IT,BG,ELEC6,CHEM1,0.05,308628.551,4,4,308628.502,0.0,0.0,0.0,0.049,6172571.02
1763719,IT,MX,RUBBE,BUSIN,1.02,308572.54,4,4,308572.512,0.0,0.0,0.0,0.028,302522.098039
1682084,IT,HR,TEXTI,POULT,1.83,308558.048,4,4,308558.007,0.0,0.0,0.0,0.041,168610.955191
1645496,IT,BE,PLAST,PULP5,0.65,308547.005,4,4,308546.974,0.0,0.0,0.0,0.031,474687.7
1686634,IT,HU,LEAD1,MOTO1,0.54,308533.789,6,6,308531.763,0.0,1.0,1.0,0.026,571358.868519
1652135,IT,CZ,MEATP,RECRE,1.25,308515.831,5,5,308514.798,0.0,1.0,0.0,0.033,246812.6648
1801269,IT,WE,MACHI,CATTL,1.72,308508.349,5,5,308507.324,0.0,0.0,1.0,0.025,179365.319186
1795504,IT,WL,ALUM1,PAPER,0.54,308494.349,4,4,308494.324,0.0,0.0,0.0,0.025,571285.831481
1753271,IT,CA,NONME,CRUDE,0.62,308477.777,5,5,308476.743,0.0,0.0,1.0,0.034,497544.801613
1685162,IT,HU,BEVER,FOOD5,1.31,308379.106,5,5,308378.086,0.0,1.0,0.0,0.02,235403.89771
1650932,IT,BG,SEACO,RETA1,0.31,308345.243,4,4,308345.238,0.0,0.0,0.0,0.005,994662.074194
1773313,IT,CH,MACHI,PAPER,1.72,308338.158,5,5,308337.133,0.0,0.0,1.0,0.025,179266.37093
1777562,IT,TR,PREC1,FOUND,0.52,308309.628,6,6,308307.614,0.0,1.0,1.0,0.014,592903.130769
1723218,IT,PT,RUBBE,LANDT,1.02,308282.037,4,4,308282.009,0.0,0.0,0.0,0.028,302237.291176
1739577,IT,GB,SEACO,COKEO,0.31,308279.132,4,4,308279.127,0.0,0.0,0.0,0.005,994448.812903
1807211,IT,WF,AIRTR,HEALT,0.34,308264.304,4,4,308264.294,0.0,0.0,0.0,0.01,906659.717647
1757453,IT,BR,PAPER,PLAST,1.19,308222.589,6,6,308219.559,0.0,2.0,1.0,0.03,259010.578992
1646239,IT,BE,LEAD1,CHEM1,0.54,308218.875,6,6,308216.849,0.0,1.0,1.0,0.026,570775.694444
1748756,IT,CN,BEVER,PUBLI,1.31,308207.345,5,5,308206.325,0.0,1.0,0.0,0.02,235272.782443
1643223,IT,AT,HOTEL,RUBBE,2.23,308201.16,5,5,308200.137,0.0,1.0,0.0,0.023,138206.798206
1785814,IT,ZA,CHEM1,PLAST,0.64,308133.452,4,4,308133.418,0.0,0.0,0.0,0.034,481458.51875
1764176,IT,MX,MACHI,ANIMA,1.72,308096.021,5,5,308094.996,0.0,0.0,1.0,0.025,179125.593605
1782916,IT,NO,SEACO,BUSIN,0.31,308058.398,4,4,308058.393,0.0,0.0,0.0,0.005,993736.767742
1777082,IT,TR,CHEM1,RETAI,0.64,308049.213,4,4,308049.179,0.0,0.0,0.0,0.034,481326.895312
1776536,IT,TR,KEROS,SUPPO,0.46,308046.573,4,4,308046.548,0.0,0.0,0.0,0.025,669666.463043
1749521,IT,CN,NONSP,MOTOR,0.4,308028.514,4,4,308028.497,0.0,0.0,0.0,0.017,770071.285
1648111,IT,BE,RESEA,BIODI,1.67,307939.664,4,4,307939.642,0.0,0.0,0.0,0.022,184395.008383
1772903,IT,CH,BASIC,REALE,0.35,307937.631,4,4,307937.612,0.0,0.0,0.0,0.019,879821.802857
1764463,IT,MX,FURNI,HOTEL,0.98,307935.862,6,6,307933.836,0.0,1.0,1.0,0.026,314220.267347
1732313,IT,SI,NAPHT,ALUM1,0.52,307910.02,5,5,307908.998,0.0,0.0,1.0,0.022,592134.653846
1741702,IT,US,HEAVY,COMPU,0.5,307883.198,4,4,307883.173,0.0,0.0,0.0,0.025,615766.396
1807978,IT,WF,PLAS1,HOTEL,1.1,307874.263,4,4,307874.242,0.0,0.0,0.0,0.021,279885.693636
1755672,IT,KR,RUBBE,ELECT,1.02,307806.583,4,4,307806.555,0.0,0.0,0.0,0.028,301771.159804
1804865,IT,WF,BITU1,MEAT4,0.49,307796.023,4,4,307795.998,0.0,0.0,0.0,0.025,628155.14898
1737838,IT,GB,PLAST,CRUDE,0.65,307701.401,4,4,307701.37,0.0,0.0,0.0,0.031,473386.770769
1679784,IT,GR,PREC1,MACHI,0.52,307675.821,6,6,307673.807,0.0,1.0,1.0,0.014,591684.271154
1668571,IT,ES,HOTEL,INSUR,2.23,307668.11,5,5,307667.087,0.0,1.0,0.0,0.023,137967.762332
1709936,IT,LT,BASIC,MEDIC,0.35,307657.836,4,4,307657.817,0.0,0.0,0.0,0.019,879022.388571
1721396,IT,PL,SEACO,TRANS,0.31,307629.27,4,4,307629.265,0.0,0.0,0.0,0.005,992352.483871
1763722,IT,MX,RUBBE,HEALT,1.02,307564.469,4,4,307564.441,0.0,0.0,0.0,0.028,301533.793137
1800057,IT,WE,LIQUE,BASIC,0.54,307535.364,4,4,307535.339,0.0,0.0,0.0,0.025,569509.933333
1798331,IT,WE,CROPS,REALE,2.44,307489.681,4,4,307489.664,0.0,0.0,0.0,0.017,126020.361066
1642997,IT,AT,CONST,TOBAC,1.72,307478.284,5,5,307477.268,0.0,0.0,1.0,0.016,178766.444186
1667836,IT,ES,OFFIC,AUXIL,0.95,307470.746,4,4,307470.724,0.0,0.0,0.0,0.022,323653.416842
1769144,IT,AU,CHEM1,MOTOR,0.64,307444.89,4,4,307444.856,0.0,0.0,0.0,0.034,480382.640625
1810099,IT,WM,TEXTI,POSTT,1.82,307338.268,4,4,307338.227,0.0,0.0,0.0,0.041,168867.18022
1645231,IT,BE,COALT,CHEM1,0.49,307322.178,5,5,307321.16,0.0,0.0,1.0,0.018,627188.118367
1664249,IT,EE,NONME,INERT,0.62,307254.003,5,5,307252.969,0.0,0.0,1.0,0.034,495570.972581
1652412,IT,CZ,TEXTI,FABRI,1.82,307253.114,4,4,307253.073,0.0,0.0,0.0,0.041,168820.392308
1672064,IT,FI,AIRTR,HEALT,0.33,307221.739,4,4,307221.729,0.0,0.0,0.0,0.01,930974.966667
1640418,IT,AT,VEGE1,MEATP,0.94,307205.276,6,6,307202.209,0.0,2.0,1.0,0.067,326814.123404
1776429,IT,TR,COKEO,FOUND,0.04,307181.667,4,4,307181.665,0.0,0.0,0.0,0.002,7679541.675
1801215,IT,WE,FABRI,FOUND,1.25,307137.076,5,5,307136.054,0.0,0.0,1.0,0.022,245709.6608
1669442,IT,ES,INSUR,REALE,6.33,307120.074,4,4,307120.06,0.0,0.0,0.0,0.014,48518.179147
1748071,IT,JP,BUSIN,DISTR,3.15,307102.383,6,6,307100.362,0.0,1.0,1.0,0.021,97492.82
1767625,IT,RU,SUPPO,SUPPO,2.21,307091.275,5,5,307090.26,0.0,0.0,1.0,0.015,138955.328054
1672807,IT,FR,MEAT1,BEVER,1.44,307087.606,5,5,307086.568,0.0,1.0,0.0,0.038,213255.281944
1745891,IT,JP,LEATH,WHOLE,2.2,307069.566,5,5,307067.513,0.0,2.0,0.0,0.053,139577.075455
1656678,IT,DE,COKEO,BRICK,0.04,307019.411,4,4,307019.409,0.0,0.0,0.0,0.002,7675485.275
1801168,IT,WE,FABRI,MEAT1,1.25,307002.611,5,5,307001.589,0.0,0.0,1.0,0.022,245602.0888
1777968,IT,TR,MACHI,DISTR,1.71,306940.568,4,4,306940.543,0.0,0.0,0.0,0.025,179497.408187
1726692,IT,RO,TRANS,AIRTR,1.83,306837.342,5,5,306836.325,0.0,0.0,1.0,0.017,167670.678689
1809764,IT,WM,FOOD5,VEGE1,1.47,306823.423,5,5,306822.396,0.0,1.0,0.0,0.027,208723.417007
1777126,IT,TR,ADDIT,HEAVY,0.71,306808.353,6,6,306805.329,0.0,2.0,1.0,0.024,432124.440845
1769813,IT,AU,MACHI,SEACO,1.71,306796.16,4,4,306796.135,0.0,0.0,0.0,0.025,179412.959064
1648477,IT,BG,OILSE,OILSE,0.22,306765.952,5,5,306763.938,0.0,2.0,0.0,0.014,1394390.690909
1739095,IT,GB,WHOLE,PAPER,2.65,306725.943,5,5,306724.925,0.0,0.0,1.0,0.018,115745.638868
1678810,IT,GR,BEVER,POULT,1.3,306666.036,5,5,306665.016,0.0,1.0,0.0,0.02,235896.950769
1729648,IT,SE,FABRI,BASIC,1.25,306665.584,5,5,306664.562,0.0,0.0,1.0,0.022,245332.4672
1722100,IT,PL,BUSIN,PLAST,3.15,306639.007,6,6,306636.986,0.0,1.0,1.0,0.021,97345.716508
1790135,IT,WA,BASIC,MEDIC,0.35,306628.413,4,4,306628.394,0.0,0.0,0.0,0.019,876081.18
1676033,IT,FR,ELEC6,CHEM1,0.05,306623.273,4,4,306623.224,0.0,0.0,0.0,0.049,6132465.46
1723177,IT,PT,RUBBE,WOODW,1.02,306621.856,4,4,306621.828,0.0,0.0,0.0,0.028,300609.662745
1642426,IT,AT,ALUM1,PRINT,0.53,306600.818,4,4,306600.793,0.0,0.0,0.0,0.025,578492.109434
1755299,IT,KR,PAPER,RETA1,1.19,306567.3,6,6,306564.27,0.0,2.0,1.0,0.03,257619.579832
1657160,IT,DE,PLAST,93197,0.64,306531.75,4,4,306531.719,0.0,0.0,0.0,0.031,478955.859375
1752100,IT,CN,BUSIN,RUBBE,3.15,306426.2,6,6,306424.179,0.0,1.0,1.0,0.021,97278.15873
1742692,IT,US,NONF1,DISTR,0.07,306404.418,4,4,306404.416,0.0,0.0,0.0,0.002,4377205.971429
1673919,IT,FR,MOTOR,CONST,0.46,306400.343,4,4,306400.318,0.0,0.0,0.0,0.025,666087.702174
1729489,IT,SE,ALUM1,FOUND,0.53,306356.22,4,4,306356.195,0.0,0.0,0.0,0.025,578030.603774
1774368,IT,CH,HOTEL,INLAN,2.22,306338.378,5,5,306337.355,0.0,1.0,0.0,0.023,137990.26036
1758421,IT,BR,FABRI,ELEC4,1.25,306313.966,5,5,306312.944,0.0,0.0,1.0,0.022,245051.1728
1804186,IT,WF,PAPER,RECRE,1.19,306293.381,6,6,306290.351,0.0,2.0,1.0,0.03,257389.395798
1667900,IT,ES,MOTO1,OFFIC,1.63,306282.805,5,5,306281.785,0.0,0.0,1.0,0.02,187903.56135
1772368,IT,CH,CHEM1,MEATC,0.64,306257.524,4,4,306257.491,0.0,0.0,0.0,0.033,478527.38125
1641833,IT,AT,CHEM1,RENTI,0.64,306243.668,4,4,306243.635,0.0,0.0,0.0,0.033,478505.73125
1643749,IT,AT,SUPPO,COMPU,2.2,306234.056,5,5,306233.041,0.0,0.0,1.0,0.015,139197.298182
1720434,IT,PL,MACHI,PFERT,1.71,306223.554,4,4,306223.529,0.0,0.0,0.0,0.025,179078.101754
1681048,IT,GR,AIRTR,MEMBE,0.33,306208.711,4,4,306208.701,0.0,0.0,0.0,0.01,927905.184848
1733197,IT,SI,MACHI,TEXTI,1.71,306197.155,4,4,306197.13,0.0,0.0,0.0,0.025,179062.663743
1730362,IT,SE,SUPPO,SUPPO,2.2,306190.889,5,5,306189.874,0.0,0.0,1.0,0.015,139177.676818
1687540,IT,HU,LANDT,FABRI,1.98,306178.417,4,4,306178.403,0.0,0.0,0.0,0.014,154635.564141
1767290,IT,RU,HOTEL,FURNI,2.22,306129.743,5,5,306128.72,0.0,1.0,0.0,0.023,137896.280631
1794426,IT,WL,GASDI,SUGAR,0.46,306100.317,4,4,306100.292,0.0,0.0,0.0,0.025,665435.471739
1765205,IT,MX,BUSIN,BUSIN,3.14,306100.014,6,6,306097.993,0.0,1.0,1.0,0.021,97484.080892
1778166,IT,TR,FURNI,VEGET,0.98,306071.587,6,6,306069.561,0.0,1.0,1.0,0.026,312317.945918
1799662,IT,WE,MOTOR,CERAM,0.46,306045.587,4,4,306045.562,0.0,0.0,0.0,0.025,665316.493478
1641382,IT,AT,KEROS,RENTI,0.45,306039.075,4,4,306039.05,0.0,0.0,0.0,0.025,680086.833333
1773604,IT,CH,TRANS,MACHI,1.83,305980.73,5,5,305979.713,0.0,0.0,1.0,0.017,167202.584699
1689542,IT,IE,SEACO,SEACO,0.31,305966.387,4,4,305966.382,0.0,0.0,0.0,0.005,986988.345161
1645802,IT,BE,RUBBE,COMPU,1.01,305959.83,4,4,305959.802,0.0,0.0,0.0,0.028,302930.524752
1804731,IT,WF,LIQUE,PUBLI,0.54,305942.038,4,4,305942.013,0.0,0.0,0.0,0.025,566559.32963
1786129,IT,ZA,BASIC,CHEM1,0.35,305913.126,4,4,305913.107,0.0,0.0,0.0,0.019,874037.502857
1720078,IT,PL,ALUM1,INTER,0.53,305912.046,4,4,305912.021,0.0,0.0,0.0,0.025,577192.539623
1731797,IT,SI,PAPER,MACHI,1.19,305882.446,6,6,305879.416,0.0,2.0,1.0,0.03,257044.072269
1765910,IT,RU,PLAST,FABRI,0.64,305854.825,4,4,305854.794,0.0,0.0,0.0,0.031,477898.164062
1748543,IT,CN,MEAT4,WEARI,1.68,305843.642,5,5,305842.621,0.0,1.0,0.0,0.021,182049.786905
1665406,IT,ES,TEXTI,MACHI,1.81,305841.116,4,4,305841.075,0.0,0.0,0.0,0.041,168972.992265
1809360,IT,WM,SANDC,REALE,0.7,305832.788,5,5,305765.777,0.0,0.0,67.0,0.011,436903.982857
1673601,IT,FR,WOODW,GLASS,0.86,305828.507,5,5,305826.486,0.0,2.0,0.0,0.021,355614.543023
1721297,IT,PL,LANDT,POSTT,1.97,305810.728,4,4,305810.714,0.0,0.0,0.0,0.014,155233.872081
1709950,IT,LT,BASIC,RETA1,0.35,305774.077,4,4,305774.058,0.0,0.0,0.0,0.019,873640.22
1681121,IT,GR,SUPPO,FINAN,2.2,305756.418,5,5,305755.403,0.0,0.0,1.0,0.015,138980.19
1796936,IT,WL,AIRTR,DAIRY,0.33,305753.602,4,4,305753.592,0.0,0.0,0.0,0.01,926526.066667
1671283,IT,FI,PREC1,PREC1,0.52,305745.435,6,6,305743.421,0.0,1.0,1.0,0.014,587971.990385
1736435,IT,SK,LANDT,DIST1,1.97,305700.72,4,4,305700.706,0.0,0.0,0.0,0.014,155178.030457
1743526,IT,US,RETA1,COMPU,3.19,305675.638,5,5,305674.618,0.0,1.0,0.0,0.02,95823.084013
1801101,IT,WE,COPP1,HEALT,0.77,305674.284,5,5,305673.268,0.0,0.0,1.0,0.016,396979.58961
1746655,IT,JP,COPP1,CONST,0.77,305664.415,5,5,305663.399,0.0,0.0,1.0,0.016,396966.772727
1773860,IT,CH,ELEC6,WOODW,0.04,305643.637,4,4,305643.588,0.0,0.0,0.0,0.049,7641090.925
1795530,IT,WL,ALUM1,ELECT,0.53,305638.765,4,4,305638.741,0.0,0.0,0.0,0.024,576676.915094
1657955,IT,DE,BASIC,BIOG1,0.35,305591.252,4,4,305591.233,0.0,0.0,0.0,0.019,873117.862857
1686086,IT,HU,RUBBE,BIOGA,1.01,305588.119,4,4,305588.091,0.0,0.0,0.0,0.028,302562.494059
1657155,IT,DE,PLAST,COMPU,0.64,305577.067,4,4,305577.036,0.0,0.0,0.0,0.031,477464.167188
1753452,IT,CA,FABRI,RUBBE,1.24,305569.275,5,5,305568.253,0.0,0.0,1.0,0.022,246426.834677
1715435,IT,NL,MOTOR,WHOLE,0.46,305548.167,4,4,305548.142,0.0,0.0,0.0,0.025,664235.145652
1779674,IT,TR,RESEA,MOTO1,1.66,305537.245,4,4,305537.224,0.0,0.0,0.0,0.021,184058.581325
1788917,IT,WA,HEAVY,FISHF,0.49,305536.266,4,4,305536.241,0.0,0.0,0.0,0.025,623543.4
1742104,IT,US,RUBBE,ELECT,1.01,305525.254,4,4,305525.226,0.0,0.0,0.0,0.028,302500.251485
1801258,IT,WE,FABRI,RECRE,1.24,305525.048,5,5,305524.026,0.0,0.0,1.0,0.022,246391.167742
1641469,IT,AT,GASDI,COMPU,0.45,305521.34,4,4,305521.315,0.0,0.0,0.0,0.025,678936.311111
1658154,IT,DE,ALUM1,ELEC2,0.53,305514.806,4,4,305514.782,0.0,0.0,0.0,0.024,576443.030189
1662472,IT,DK,ALUM1,TRANS,0.53,305496.091,4,4,305496.067,0.0,0.0,0.0,0.024,576407.718868
1731223,IT,SI,CHEMI,OILHA,0.73,305494.776,6,6,305478.747,0.0,1.0,15.0,0.029,418485.994521
1742169,IT,US,GLASS,PLAST,0.84,305477.652,5,5,305476.635,0.0,0.0,1.0,0.017,363663.871429
1649658,IT,BG,CERAM,RUBBE,0.48,305476.715,5,5,305474.698,0.0,0.0,2.0,0.017,636409.822917
1647418,IT,BE,AIRTR,PREC1,0.33,305467.449,4,4,305467.439,0.0,0.0,0.0,0.01,925658.936364
1779919,IT,TW,CONST,GASDI,1.71,305456.046,5,5,305455.03,0.0,0.0,1.0,0.016,178629.266667
1748997,IT,CN,LEATH,PRINT,2.19,305428.664,5,5,305426.611,0.0,2.0,0.0,0.053,139465.143379
1753507,IT,CA,MACHI,FISHF,1.7,305428.348,4,4,305428.323,0.0,0.0,0.0,0.025,179663.734118
1766729,IT,RU,MACHI,RAWMI,1.7,305360.127,4,4,305360.102,0.0,0.0,0.0,0.025,179623.604118
1790723,IT,WA,FABRI,RECRE,1.24,305352.625,5,5,305351.603,0.0,0.0,1.0,0.022,246252.116935
1764173,IT,MX,MACHI,PIGS9,1.7,305351.272,4,4,305351.247,0.0,0.0,0.0,0.025,179618.395294
1751965,IT,CN,RESEA,CRUDE,1.66,305349.037,4,4,305349.016,0.0,0.0,0.0,0.021,183945.203012
1774662,IT,CH,AIRTR,DIST1,0.33,305346.782,4,4,305346.772,0.0,0.0,0.0,0.01,925293.278788
1680080,IT,GR,MACHI,REALE,1.7,305334.17,4,4,305334.145,0.0,0.0,0.0,0.025,179608.335294
1666353,IT,ES,LIQUE,HEALT,0.53,305284.822,4,4,305284.797,0.0,0.0,0.0,0.025,576009.098113
1761349,IT,IN,GLASS,MOTO1,0.84,305269.477,5,5,305268.46,0.0,0.0,1.0,0.017,363416.044048
1674907,IT,FR,BASIC,STONE,0.35,305255.501,4,4,305255.482,0.0,0.0,0.0,0.019,872158.574286
1741081,IT,US,TEXTI,POSTT,1.81,305244.809,4,4,305244.768,0.0,0.0,0.0,0.041,168643.540884
1782627,IT,NO,FURNI,RECRE,0.97,305241.724,6,6,305239.698,0.0,1.0,1.0,0.026,314682.189691
1757793,IT,BR,PLAST,ELECT,0.64,305190.764,4,4,305190.733,0.0,0.0,0.0,0.031,476860.56875
1750292,IT,CN,NONF1,GLASS,0.07,305184.63,4,4,305184.628,0.0,0.0,0.0,0.002,4359780.428571
1683119,IT,HR,RUBBE,HOTEL,1.01,305178.621,4,4,305178.593,0.0,0.0,0.0,0.028,302157.050495
1741880,IT,US,CHEM1,WEARI,0.64,305147.515,4,4,305147.482,0.0,0.0,0.0,0.033,476792.992188
1737762,IT,GB,HEAVY,HOTEL,0.49,305130.472,4,4,305130.448,0.0,0.0,0.0,0.024,622715.24898
1650310,IT,BG,ELEC2,PRECI,0.07,305114.368,4,4,305114.336,0.0,0.0,0.0,0.032,4358776.685714
1745227,IT,JP,FISHF,FISH5,0.53,305090.718,4,4,305090.707,0.0,0.0,0.0,0.011,575642.864151
1726291,IT,RO,BASIC,BLAST,0.35,304998.272,4,4,304998.253,0.0,0.0,0.0,0.019,871423.634286
1810290,IT,WM,LEATH,AUXIL,2.18,304994.098,5,5,304992.045,0.0,2.0,0.0,0.053,139905.549541
1785982,IT,ZA,RUBBE,POSTT,1.01,304956.519,4,4,304956.491,0.0,0.0,0.0,0.028,301937.147525
1724913,IT,PT,BUSIN,HOTEL,3.13,304953.312,6,6,304951.291,0.0,1.0,1.0,0.021,97429.173163
1656089,IT,DE,BEVER,WHOLE,1.3,304947.671,5,5,304946.651,0.0,1.0,0.0,0.02,234575.131538
1671064,IT,FI,RUBBE,MOTO1,1.01,304944.25,4,4,304944.222,0.0,0.0,0.0,0.028,301925.0
1740572,IT,US,CROPS,TOBAC,2.41,304937.437,4,4,304937.42,0.0,0.0,0.0,0.017,126530.056846
1732035,IT,SI,KEROS,DIST1,0.45,304864.672,4,4,304864.647,0.0,0.0,0.0,0.025,677477.048889
1781476,IT,NO,BEVER,WHOLE,1.3,304860.761,5,5,304859.741,0.0,1.0,0.0,0.02,234508.277692
1773799,IT,CH,ELEC2,HEALT,0.07,304859.063,4,4,304859.031,0.0,0.0,0.0,0.032,4355129.471429
1743822,IT,US,LANDT,RESEA,1.97,304802.308,4,4,304802.294,0.0,0.0,0.0,0.014,154721.983756
1807029,IT,WF,LANDT,EDUCA,1.97,304791.424,4,4,304791.41,0.0,0.0,0.0,0.014,154716.458883
1641521,IT,AT,HEAVY,PLAST,0.49,304779.65,4,4,304779.626,0.0,0.0,0.0,0.024,621999.285714
1745720,IT,JP,WEARI,TEXTI,2.3,304749.441,5,5,304748.383,0.0,1.0,0.0,0.058,132499.756957
1788692,IT,WA,MOTOR,CRUDE,0.46,304747.077,4,4,304747.052,0.0,0.0,0.0,0.025,662493.645652
1800252,IT,WE,PLAST,PREC1,0.64,304728.374,4,4,304728.343,0.0,0.0,0.0,0.031,476138.084375
1682139,IT,HR,TEXTI,FURNI,1.81,304702.398,4,4,304702.358,0.0,0.0,0.0,0.04,168343.866298
1672729,IT,FR,CHEMI,BIOGA,0.73,304665.983,6,6,304649.954,0.0,1.0,15.0,0.029,417350.661644
1743633,IT,US,HOTEL,ELEC8,2.21,304660.572,5,5,304659.549,0.0,1.0,0.0,0.023,137855.462443
1686782,IT,HU,FABRI,MEATP,1.24,304647.016,5,5,304645.994,0.0,0.0,1.0,0.022,245683.077419
1798286,IT,WE,CROPS,RAWMI,2.41,304610.752,4,4,304610.735,0.0,0.0,0.0,0.017,126394.502905
1801724,IT,WE,ELEC1,POSTT,0.04,304605.207,4,4,304605.188,0.0,0.0,0.0,0.019,7615130.175
1715432,IT,NL,MOTOR,CONST,0.46,304595.767,4,4,304595.742,0.0,0.0,0.0,0.025,662164.71087
1720448,IT,PL,MACHI,COPP1,1.7,304565.852,4,4,304565.827,0.0,0.0,0.0,0.025,179156.383529
1642877,IT,AT,MOTO1,RETA1,1.62,304528.307,5,5,304527.287,0.0,0.0,1.0,0.02,187980.43642
1640765,IT,AT,TEXTI,WHOLE,1.8,304523.808,4,4,304523.768,0.0,0.0,0.0,0.04,169179.893333
1749719,IT,CN,CHEM1,FINAN,0.64,304520.952,4,4,304520.919,0.0,0.0,0.0,0.033,475813.9875
1675714,IT,FR,FURNI,CROPS,0.97,304510.591,6,6,304508.565,0.0,1.0,1.0,0.026,313928.44433
1737759,IT,GB,HEAVY,CONST,0.49,304467.615,4,4,304467.591,0.0,0.0,0.0,0.024,621362.479592
1796945,IT,WL,AIRTR,LEATH,0.33,304416.469,4,4,304416.459,0.0,0.0,0.0,0.01,922474.148485
1801251,IT,WE,FABRI,COMPU,1.24,304410.019,5,5,304408.997,0.0,0.0,1.0,0.022,245491.950806
1714402,IT,NL,VEGET,VEGE1,1.08,304404.612,5,5,304403.6,0.0,1.0,0.0,0.012,281856.122222
1754926,IT,KR,TEXTI,LEATH,1.8,304393.865,4,4,304393.825,0.0,0.0,0.0,0.04,169107.702778
1784129,IT,ID,PULP5,PLAST,0.93,304380.573,6,6,304378.544,0.0,1.0,1.0,0.029,327290.93871
1719833,IT,PL,BASIC,DISTR,0.35,304357.28,4,4,304357.261,0.0,0.0,0.0,0.019,869592.228571
1735277,IT,SK,GLASS,CEMEN,0.84,304304.889,5,5,304303.872,0.0,0.0,1.0,0.017,362267.725
1768886,IT,AU,WOODW,PAPER,0.85,304301.813,5,5,304299.792,0.0,2.0,0.0,0.021,358002.132941
1781005,IT,TW,BUSIN,ELEC1,3.12,304266.145,6,6,304264.124,0.0,1.0,1.0,0.021,97521.200321
1718667,IT,PL,WOODW,PAPER,0.85,304250.557,5,5,304248.536,0.0,2.0,0.0,0.021,357941.831765
1794951,IT,WL,CHEM1,BIODI,0.64,304224.884,4,4,304224.851,0.0,0.0,0.0,0.033,475351.38125
1732967,IT,SI,ALUM1,HOTEL,0.53,304213.75,4,4,304213.726,0.0,0.0,0.0,0.024,573988.207547
1689459,IT,IE,HOTEL,WHOLE,2.2,304128.283,5,5,304127.26,0.0,1.0,0.0,0.023,138240.128636
1763515,IT,MX,CHEM1,CRUDE,0.64,304095.996,4,4,304095.963,0.0,0.0,0.0,0.033,475149.99375
1667764,IT,ES,OFFIC,BEVER,0.94,304094.845,4,4,304094.823,0.0,0.0,0.0,0.022,323505.154255
1733705,IT,SI,RAILW,RAILW,2.03,304084.034,5,5,304082.02,0.0,0.0,2.0,0.014,149795.09064
1729199,IT,SE,CERAM,BEVER,0.47,304074.903,5,5,304072.887,0.0,0.0,2.0,0.016,646967.878723
1684050,IT,HR,HOTEL,CHEM1,2.2,304064.295,5,5,304063.272,0.0,1.0,0.0,0.023,138211.043182
1758533,IT,BR,MACHI,SEACO,1.7,304048.953,4,4,304048.928,0.0,0.0,0.0,0.025,178852.325294
1778661,IT,TR,HOTEL,CONST,2.2,304045.567,5,5,304044.544,0.0,1.0,0.0,0.023,138202.530455
1679451,IT,GR,CHEM1,WOODW,0.64,304017.486,4,4,304017.453,0.0,0.0,0.0,0.033,475027.321875
1658271,IT,DE,COPP1,BIODI,0.77,303988.21,5,5,303987.194,0.0,0.0,1.0,0.016,394789.883117
1649912,IT,BG,FABRI,WEARI,1.24,303982.655,5,5,303981.633,0.0,0.0,1.0,0.022,245147.302419
1789171,IT,WA,PLAST,SUGA1,0.64,303961.695,4,4,303961.664,0.0,0.0,0.0,0.031,474940.148438
1782183,IT,NO,BASIC,FISHF,0.35,303917.218,4,4,303917.199,0.0,0.0,0.0,0.019,868334.908571
1717722,IT,NL,BUSIN,EDUCA,3.12,303911.797,6,6,303909.776,0.0,1.0,1.0,0.021,97407.627244
1795762,IT,WL,MACHI,PULP5,1.7,303891.337,4,4,303891.312,0.0,0.0,0.0,0.025,178759.61
1804466,IT,WF,GASDI,STONE,0.45,303889.787,4,4,303889.762,0.0,0.0,0.0,0.025,675310.637778
1764104,IT,MX,FABRI,CHEM1,1.24,303875.55,5,5,303874.528,0.0,0.0,1.0,0.022,245060.927419
1655271,IT,DE,WHEAT,BEVER,0.23,303856.291,5,5,303854.284,0.0,2.0,0.0,0.007,1321114.308696
1657215,IT,DE,CHEM1,HEAVY,0.63,303776.337,4,4,303776.304,0.0,0.0,0.0,0.033,482184.661905
1811261,IT,WM,BITU1,MEATC,0.48,303766.84,4,4,303766.816,0.0,0.0,0.0,0.024,632847.583333
1785926,IT,ZA,RUBBE,DAIRY,1.01,303761.962,4,4,303761.934,0.0,0.0,0.0,0.028,300754.417822
1800261,IT,WE,PLAST,RADIO,0.64,303719.888,4,4,303719.857,0.0,0.0,0.0,0.031,474562.325
1809035,IT,WM,VEGET,SALEM,1.08,303714.784,5,5,303713.772,0.0,1.0,0.0,0.012,281217.392593
1773680,IT,CH,FURNI,FABRI,0.97,303685.211,6,6,303683.185,0.0,1.0,1.0,0.026,313077.537113
1752966,IT,CA,CHEM1,FORES,0.63,303655.055,4,4,303655.022,0.0,0.0,0.0,0.033,481992.150794
1650509,IT,BG,ELEC6,CEMEN,0.04,303652.894,4,4,303652.845,0.0,0.0,0.0,0.049,7591322.35
1746714,IT,JP,FABRI,FURNI,1.24,303608.807,5,5,303607.785,0.0,0.0,1.0,0.022,244845.812097
1791912,IT,WA,SEACO,PADDY,0.31,303547.343,4,4,303547.338,0.0,0.0,0.0,0.005,979184.977419
1641654,IT,AT,PETRO,KEROS,0.51,303539.384,4,4,303539.36,0.0,0.0,0.0,0.024,595175.262745
1713582,IT,MT,NONME,CHEM1,0.61,303522.74,5,5,303521.707,0.0,0.0,1.0,0.033,497578.262295
1673012,IT,FR,SUGA1,HOTEL,0.76,303504.992,4,4,303504.94,0.0,0.0,0.0,0.052,399348.673684
1809049,IT,WM,VEGET,COMPU,1.07,303443.366,5,5,303442.354,0.0,1.0,0.0,0.012,283591.930841
1722153,IT,PL,BUSIN,SUPPO,3.12,303429.251,6,6,303427.23,0.0,1.0,1.0,0.021,97252.965064
1643726,IT,AT,SUPPO,FURNI,2.18,303399.819,5,5,303398.804,0.0,0.0,1.0,0.015,139174.228899
1799673,IT,WE,MOTOR,FABRI,0.45,303399.484,4,4,303399.459,0.0,0.0,0.0,0.025,674221.075556
1746944,IT,JP,MOTO1,MEDIC,1.61,303352.153,5,5,303351.133,0.0,0.0,1.0,0.02,188417.486335
1804072,IT,WF,WOODW,93197,0.85,303339.539,5,5,303337.519,0.0,2.0,0.0,0.02,356870.045882
1741000,IT,US,BEVER,RESEA,1.29,303307.296,5,5,303306.277,0.0,1.0,0.0,0.019,235121.934884
1796116,IT,WL,TRANS,FURNI,1.81,303305.708,5,5,303304.692,0.0,0.0,1.0,0.016,167572.214365
1799678,IT,WE,MOTOR,MOTO1,0.45,303298.472,4,4,303298.447,0.0,0.0,0.0,0.025,673996.604444
1754956,IT,KR,TEXTI,MACHI,1.8,303268.551,4,4,303268.511,0.0,0.0,0.0,0.04,168482.528333
1761465,IT,IN,PREC1,CHEM1,0.52,303198.216,6,6,303196.202,0.0,1.0,1.0,0.014,583073.492308
1746152,IT,JP,PLAST,PRINT,0.64,303176.78,4,4,303176.749,0.0,0.0,0.0,0.031,473713.71875
1755573,IT,KR,CHEM1,DISTR,0.63,303152.196,4,4,303152.163,0.0,0.0,0.0,0.033,481193.961905
1745792,IT,JP,WEARI,COMPU,2.28,303136.978,5,5,303135.92,0.0,1.0,0.0,0.058,132954.814912
1725685,IT,RO,PAPER,FABRI,1.17,303116.01,5,5,303113.98,0.0,2.0,0.0,0.03,259073.512821
1734426,IT,SK,VEGET,HEALT,1.07,303103.317,5,5,303102.305,0.0,1.0,0.0,0.012,283274.128037
1743158,IT,US,MOTO1,FINAN,1.61,303087.037,5,5,303086.017,0.0,0.0,1.0,0.02,188252.818012
1711464,IT,LU,LANDT,FINAN,1.96,303067.984,4,4,303067.97,0.0,0.0,0.0,0.014,154626.522449
1715976,IT,NL,CERAM,WHOLE,0.47,303015.913,5,5,303013.897,0.0,0.0,2.0,0.016,644714.708511
1666851,IT,ES,GLASS,TEXTI,0.83,302999.574,5,5,302998.557,0.0,0.0,1.0,0.017,365059.727711
1790094,IT,WA,BASIC,LEATH,0.35,302957.757,4,4,302957.738,0.0,0.0,0.0,0.019,865593.591429
1655873,IT,DE,DAIRY,BEVER,1.23,302937.234,5,5,302935.213,0.0,2.0,0.0,0.021,246290.434146
1786273,IT,ZA,FABRI,WOODW,1.23,302931.886,5,5,302930.864,0.0,0.0,1.0,0.022,246286.086179
1809459,IT,WM,CHEMI,POSTT,0.72,302926.532,6,6,302910.504,0.0,1.0,15.0,0.028,420731.294444
1646806,IT,BE,SALEM,SALEM,2.44,302827.475,4,4,302827.456,0.0,0.0,0.0,0.019,124109.620902
1764113,IT,MX,FABRI,ALUM1,1.23,302823.536,5,5,302822.514,0.0,0.0,1.0,0.022,246197.996748
1642327,IT,AT,BASIC,NONME,0.35,302821.572,4,4,302821.553,0.0,0.0,0.0,0.019,865204.491429
1763911,IT,MX,BASIC,LEATH,0.35,302747.391,4,4,302747.372,0.0,0.0,0.0,0.019,864992.545714
1679486,IT,GR,CHEM1,MEDIC,0.63,302732.953,4,4,302732.92,0.0,0.0,0.0,0.033,480528.496825
1742948,IT,US,MACHI,RETAI,1.69,302688.536,4,4,302688.511,0.0,0.0,0.0,0.025,179105.642604
1733351,IT,SI,TRANS,OFFIC,1.81,302672.367,5,5,302671.351,0.0,0.0,1.0,0.016,167222.30221
1720233,IT,PL,NONF1,ALUM1,0.07,302627.247,4,4,302627.245,0.0,0.0,0.0,0.002,4323246.385714
1666020,IT,ES,MOTOR,FOOD4,0.45,302613.403,4,4,302613.378,0.0,0.0,0.0,0.025,672474.228889
1678767,IT,GR,FOOD5,MEATA,1.45,302602.14,5,5,302601.113,0.0,1.0,0.0,0.027,208691.131034
1788991,IT,WA,HEAVY,POSTT,0.49,302583.503,4,4,302583.479,0.0,0.0,0.0,0.024,617517.353061
1673427,IT,FR,WEARI,MACHI,2.28,302499.668,5,5,302498.611,0.0,1.0,0.0,0.057,132675.292982
1799721,IT,WE,AVIAT,AIRTR,0.71,302496.373,5,5,302495.351,0.0,0.0,1.0,0.022,426051.229577
1641622,IT,AT,BITU1,MOTOR,0.48,302416.253,4,4,302416.229,0.0,0.0,0.0,0.024,630033.860417
1737125,IT,GB,MEAT4,BEVER,1.67,302388.301,5,5,302387.28,0.0,1.0,0.0,0.021,181070.838922
1725221,IT,RO,FOOD5,MEAT1,1.45,302378.466,5,5,302377.439,0.0,1.0,0.0,0.027,208536.873103
1641227,IT,AT,COKEO,WHOLE,0.04,302359.787,4,4,302359.785,0.0,0.0,0.0,0.002,7558994.675
1807180,IT,WF,AIRTR,TRANS,0.33,302343.36,4,4,302343.35,0.0,0.0,0.0,0.01,916192.0
1795134,IT,WL,RUBBE,GLASS,1.0,302331.043,4,4,302331.016,0.0,0.0,0.0,0.027,302331.043
1689566,IT,IE,AIRTR,MOTOR,0.33,302320.857,4,4,302320.847,0.0,0.0,0.0,0.01,916123.809091
1653528,IT,CZ,BASIC,LEAD1,0.35,302309.101,4,4,302309.082,0.0,0.0,0.0,0.019,863740.288571
1650250,IT,BG,ELEC1,LIGNI,0.04,302298.782,4,4,302298.763,0.0,0.0,0.0,0.019,7557469.55
1657356,IT,DE,BIODI,CONST,0.62,302243.185,4,4,302243.152,0.0,0.0,0.0,0.033,487489.008065
1722642,IT,PT,TEXTI,HOTEL,1.79,302222.329,4,4,302222.289,0.0,0.0,0.0,0.04,168839.289944
1804318,IT,WF,MOTOR,NONF1,0.45,302189.687,4,4,302189.662,0.0,0.0,0.0,0.025,671532.637778
1687678,IT,HU,AIRTR,AIRTR,0.33,302174.002,4,4,302173.992,0.0,0.0,0.0,0.01,915678.793939
1680358,IT,GR,ELEC2,DAIRY,0.07,302148.065,4,4,302148.033,0.0,0.0,0.0,0.032,4316400.928571
1744881,IT,US,BUSIN,FOOD5,3.1,302145.428,6,6,302143.407,0.0,1.0,1.0,0.021,97466.267097
1710163,IT,LT,MACHI,FABRI,1.69,302138.404,4,4,302138.379,0.0,0.0,0.0,0.025,178780.12071
1716190,IT,NL,ALUM1,FOUND,0.52,302136.626,4,4,302136.602,0.0,0.0,0.0,0.024,581031.973077
1742832,IT,US,FABRI,MEMBE,1.23,302102.019,5,5,302100.997,0.0,0.0,1.0,0.022,245611.397561
1723034,IT,PT,PLAST,WHOLE,0.63,302094.527,4,4,302094.496,0.0,0.0,0.0,0.031,479515.122222
1723251,IT,PT,GLASS,FOOD5,0.83,302082.048,5,5,302081.031,0.0,0.0,1.0,0.017,363954.274699
1711237,IT,LU,MACHI,RENTI,1.69,302073.393,4,4,302073.368,0.0,0.0,0.0,0.025,178741.652663
1733216,IT,SI,MACHI,ALUM1,1.69,302057.524,4,4,302057.499,0.0,0.0,0.0,0.025,178732.262722
1791854,IT,WA,LANDT,CONST,1.95,302000.284,4,4,302000.27,0.0,0.0,0.0,0.014,154871.940513
1641357,IT,AT,KEROS,TRANS,0.45,301999.251,4,4,301999.226,0.0,0.0,0.0,0.025,671109.446667
1659699,IT,DE,RAILW,PLAST,2.02,301997.979,5,5,301995.965,0.0,0.0,2.0,0.014,149503.95
1760303,IT,IN,FISHF,FOOD3,0.52,301988.636,4,4,301988.625,0.0,0.0,0.0,0.011,580747.376923
1760304,IT,IN,FISHF,WASTE,0.52,301988.624,4,4,301988.613,0.0,0.0,0.0,0.011,580747.353846
1763580,IT,MX,CHEM1,TRANS,0.63,301986.981,4,4,301986.948,0.0,0.0,0.0,0.033,479344.414286
1760301,IT,IN,FISHF,SECO9,0.52,301980.219,4,4,301980.208,0.0,0.0,0.0,0.011,580731.190385
1804947,IT,WF,NONSP,LIQUE,0.4,301917.062,4,4,301917.046,0.0,0.0,0.0,0.016,754792.655
1757609,IT,BR,GASDI,CONST,0.45,301890.772,4,4,301890.747,0.0,0.0,0.0,0.025,670868.382222
1790003,IT,WA,NONME,PLAST,0.61,301869.284,5,5,301868.251,0.0,0.0,1.0,0.033,494867.678689
1744853,IT,US,RESEA,MEMBE,1.64,301869.092,4,4,301869.071,0.0,0.0,0.0,0.021,184066.519512
1753531,IT,CA,MACHI,TEXTI,1.68,301816.177,4,4,301816.152,0.0,0.0,0.0,0.025,179652.48631
1683240,IT,HR,CERAM,FABRI,0.47,301801.534,5,5,301799.518,0.0,0.0,2.0,0.016,642130.923404
1680327,IT,GR,ELEC1,BEVER,0.04,301784.129,4,4,301784.11,0.0,0.0,0.0,0.019,7544603.225
1744274,IT,US,POSTT,RESEA,4.97,301778.745,4,4,301778.722,0.0,0.0,0.0,0.023,60720.069416
1651359,IT,CY,PAPER,TRAN1,1.17,301757.585,5,5,301755.555,0.0,2.0,0.0,0.03,257912.465812
1740105,IT,GB,COMPU,PRINT,3.45,301738.431,5,5,301737.412,0.0,0.0,1.0,0.019,87460.414783
1710994,IT,LU,CERAM,SALEM,0.47,301733.784,5,5,301731.768,0.0,0.0,2.0,0.016,641986.774468
1812980,IT,WM,MACHI,LEAD1,1.68,301711.448,4,4,301711.423,0.0,0.0,0.0,0.025,179590.147619
1794314,IT,WL,MOTOR,COPP1,0.45,301694.493,4,4,301694.468,0.0,0.0,0.0,0.025,670432.206667
1761540,IT,IN,LEAD1,FOUND,0.52,301682.421,6,6,301680.396,0.0,1.0,1.0,0.025,580158.501923
1804592,IT,WF,HEAVY,TOBAC,0.49,301678.763,4,4,301678.739,0.0,0.0,0.0,0.024,615670.944898
1677035,IT,FR,SUPPO,TEXTI,2.17,301660.014,5,5,301658.999,0.0,0.0,1.0,0.015,139013.831336
1720197,IT,PL,COPP1,RETA1,0.76,301644.798,5,5,301643.782,0.0,0.0,1.0,0.016,396901.05
1741698,IT,US,HEAVY,FINAN,0.49,301600.524,4,4,301600.5,0.0,0.0,0.0,0.024,615511.273469
1770211,IT,AU,HOTEL,CRUDE,2.19,301534.01,5,5,301532.987,0.0,1.0,0.0,0.023,137686.762557
1645606,IT,BE,CHEM1,PFERT,0.63,301518.463,4,4,301518.43,0.0,0.0,0.0,0.033,478600.734921
1685259,IT,HU,TEXTI,OFFIC,1.79,301503.287,4,4,301503.247,0.0,0.0,0.0,0.04,168437.590503
1754943,IT,KR,TEXTI,CHEM1,1.79,301486.288,4,4,301486.248,0.0,0.0,0.0,0.04,168428.093855
1640904,IT,AT,LEATH,RETA1,2.16,301471.54,5,5,301469.488,0.0,2.0,0.0,0.052,139570.157407
1801272,IT,WE,MACHI,MEATA,1.68,301454.037,4,4,301454.012,0.0,0.0,0.0,0.025,179436.926786
1675817,IT,FR,ELEC1,VEGET,0.04,301436.564,4,4,301436.545,0.0,0.0,0.0,0.019,7535914.1
1790127,IT,WA,BASIC,COPP1,0.35,301424.912,4,4,301424.893,0.0,0.0,0.0,0.019,861214.034286
1682462,IT,HR,PAPER,FINAN,1.17,301422.441,5,5,301420.411,0.0,2.0,0.0,0.03,257626.017949
1779030,IT,TR,AIRTR,TRAN1,0.33,301414.346,4,4,301414.337,0.0,0.0,0.0,0.009,913376.806061
1685300,IT,HU,TEXTI,93197,1.79,301379.304,4,4,301379.264,0.0,0.0,0.0,0.04,168368.326257
1787660,IT,WA,MEAT4,PUBLI,1.66,301340.875,5,5,301339.854,0.0,1.0,0.0,0.021,181530.64759
1666753,IT,ES,RUBBE,CERAM,1.0,301322.642,4,4,301322.615,0.0,0.0,0.0,0.027,301322.642
1719779,IT,PL,BASIC,WEARI,0.35,301316.435,4,4,301316.416,0.0,0.0,0.0,0.019,860904.1
1738445,IT,GB,ALUM1,COMPU,0.52,301287.092,4,4,301287.068,0.0,0.0,0.0,0.024,579398.253846
1711215,IT,LU,MACHI,MACHI,1.68,301259.029,4,4,301259.004,0.0,0.0,0.0,0.025,179320.850595
1786294,IT,ZA,FABRI,MOTO1,1.23,301246.943,5,5,301245.921,0.0,0.0,1.0,0.022,244916.213821
1756745,IT,KR,AIRTR,FISH5,0.33,301230.56,4,4,301230.551,0.0,0.0,0.0,0.009,912819.878788
1685399,IT,HU,LEATH,LANDT,2.16,301204.82,5,5,301202.768,0.0,2.0,0.0,0.052,139446.675926
1810037,IT,WM,TEXTI,PAPER,1.78,301190.662,4,4,301190.622,0.0,0.0,0.0,0.04,169208.237079
1647143,IT,BE,HOTEL,PUBLI,2.18,301164.296,5,5,301163.273,0.0,1.0,0.0,0.023,138148.759633
1725375,IT,RO,TEXTI,LEATH,1.78,301129.814,4,4,301129.774,0.0,0.0,0.0,0.04,169174.052809
1659972,IT,DE,SEACO,PLAST,0.31,301127.967,4,4,301127.962,0.0,0.0,0.0,0.005,971380.53871
1768274,IT,AU,VEGET,FOOD5,1.07,301125.375,5,5,301124.363,0.0,1.0,0.0,0.012,281425.584112
1805718,IT,WF,BASIC,PFERT,0.35,301011.854,4,4,301011.835,0.0,0.0,0.0,0.019,860033.868571
1788898,IT,WA,GASDI,RESEA,0.45,301002.583,4,4,301002.558,0.0,0.0,0.0,0.025,668894.628889
1803926,IT,WF,WEARI,CONST,2.27,300997.538,5,5,300996.481,0.0,1.0,0.0,0.057,132598.034361
1673798,IT,FR,PAPER,93197,1.17,300962.745,5,5,300960.715,0.0,2.0,0.0,0.03,257233.115385
1713381,IT,MT,LIQUE,CHEM1,0.53,300956.959,4,4,300956.935,0.0,0.0,0.0,0.024,567843.318868
1726924,IT,RO,HOTEL,NATUR,2.18,300929.855,5,5,300928.832,0.0,1.0,0.0,0.023,138041.21789
1674305,IT,FR,NFERT,OILSE,0.06,300929.648,4,4,300929.623,0.0,0.0,0.0,0.025,5015494.133333
1682524,IT,HR,COKEO,NONME,0.04,300919.383,4,4,300919.381,0.0,0.0,0.0,0.002,7522984.575
1729426,IT,SE,BASIC,FOODW,0.35,300919.262,4,4,300919.243,0.0,0.0,0.0,0.019,859769.32
1799580,IT,WE,PRINT,EDUCA,2.89,300905.199,5,5,300904.176,0.0,1.0,0.0,0.023,104119.446021
1658561,IT,DE,MACHI,KEROS,1.68,300862.421,4,4,300862.396,0.0,0.0,0.0,0.025,179084.774405
1729427,IT,SE,BASIC,PAPE1,0.35,300829.696,4,4,300829.677,0.0,0.0,0.0,0.019,859513.417143
1658632,IT,DE,MACHI,TRAN2,1.68,300802.077,4,4,300802.052,0.0,0.0,0.0,0.025,179048.855357
1665004,IT,ES,CHEMI,GLASS,0.72,300799.808,6,6,300783.78,0.0,1.0,15.0,0.028,417777.511111
1814575,IT,WM,BUSIN,CHEM1,3.09,300790.045,6,6,300788.024,0.0,1.0,1.0,0.021,97343.056634
1690084,IT,IE,RENTI,CONST,1.8,300784.94,4,4,300784.923,0.0,0.0,0.0,0.017,167102.744444
1741238,IT,US,WOODW,POSTT,0.84,300776.34,5,5,300774.32,0.0,2.0,0.0,0.02,358067.071429
1729233,IT,SE,CERAM,HOTEL,0.47,300700.271,5,5,300698.255,0.0,0.0,2.0,0.016,639787.810638
1740260,IT,GB,BUSIN,LANDT,3.09,300667.113,6,6,300665.092,0.0,1.0,1.0,0.021,97303.272816
1784216,IT,ID,PLAST,BITUM,0.63,300649.106,4,4,300649.075,0.0,0.0,0.0,0.031,477220.803175
1668104,IT,ES,CONST,ELECT,1.68,300620.751,5,5,300619.735,0.0,0.0,1.0,0.016,178940.923214
1794958,IT,WL,CHEM1,BASIC,0.63,300618.519,4,4,300618.486,0.0,0.0,0.0,0.033,477172.252381
1658128,IT,DE,ALUM1,BIOGA,0.52,300608.867,4,4,300608.843,0.0,0.0,0.0,0.024,578093.975
1685371,IT,HU,LEATH,RUBBE,2.15,300588.35,5,5,300586.298,0.0,2.0,0.0,0.052,139808.534884
1810772,IT,WM,KEROS,PLANT,0.45,300569.747,4,4,300569.723,0.0,0.0,0.0,0.024,667932.771111
1726266,IT,RO,BASIC,LIQUE,0.35,300568.479,4,4,300568.46,0.0,0.0,0.0,0.019,858767.082857
1743145,IT,US,MOTO1,COLLE,1.6,300566.535,5,5,300565.515,0.0,0.0,1.0,0.02,187854.084375
1782119,IT,NO,CERAM,RETA1,0.47,300558.09,5,5,300556.074,0.0,0.0,2.0,0.016,639485.297872
1794359,IT,WL,MOTOR,RECRE,0.45,300510.789,4,4,300510.765,0.0,0.0,0.0,0.024,667801.753333
1801693,IT,WE,FURNI,RESEA,0.96,300476.966,6,6,300474.94,0.0,1.0,1.0,0.026,312996.839583
1813685,IT,WM,RETA1,CONST,3.14,300451.354,5,5,300450.334,0.0,1.0,0.0,0.02,95685.144586
1674770,IT,FR,CERAM,EDUCA,0.47,300446.504,5,5,300444.488,0.0,0.0,2.0,0.016,639247.880851
1723187,IT,PT,RUBBE,GLASS,1.0,300436.935,4,4,300436.908,0.0,0.0,0.0,0.027,300436.935
1799504,IT,WE,PAPER,AIRTR,1.16,300330.797,5,5,300328.767,0.0,2.0,0.0,0.03,258905.859483
1793751,IT,WL,BEVER,WHOLE,1.28,300272.659,5,5,300271.64,0.0,1.0,0.0,0.019,234588.014844
1744027,IT,US,AIRTR,TRAN1,0.33,300262.597,4,4,300262.588,0.0,0.0,0.0,0.009,909886.657576
1713475,IT,MT,CHEM1,HEALT,0.63,300260.318,4,4,300260.285,0.0,0.0,0.0,0.033,476603.679365
1714945,IT,NL,BEVER,RECRE,1.28,300248.102,5,5,300247.083,0.0,1.0,0.0,0.019,234568.829688
1764043,IT,MX,NONF1,COPP1,0.07,300247.23,4,4,300247.228,0.0,0.0,0.0,0.002,4289246.142857
1738062,IT,GB,RUBBE,GLASS,0.99,300206.551,4,4,300206.524,0.0,0.0,0.0,0.027,303238.940404
1794845,IT,WL,PLAST,PUBLI,0.63,300163.268,4,4,300163.237,0.0,0.0,0.0,0.031,476449.631746
1715679,IT,NL,NONSP,CHEM1,0.39,300159.525,4,4,300159.509,0.0,0.0,0.0,0.016,769639.807692
1723203,IT,PT,RUBBE,FURNI,0.99,300155.639,4,4,300155.612,0.0,0.0,0.0,0.027,303187.514141
1645536,IT,BE,PLAST,RENTI,0.63,300118.123,4,4,300118.092,0.0,0.0,0.0,0.031,476377.973016
1641284,IT,AT,MOTOR,HOTEL,0.45,300095.836,4,4,300095.812,0.0,0.0,0.0,0.024,666879.635556
1679978,IT,GR,FABRI,WHOLE,1.22,300074.096,5,5,300073.074,0.0,0.0,1.0,0.022,245962.37377
1813225,IT,WM,TRANS,NATU1,1.79,300055.296,5,5,300054.28,0.0,0.0,1.0,0.016,167628.656983
1737053,IT,GB,SANDC,COPP1,0.69,300039.915,5,5,299973.904,0.0,0.0,66.0,0.011,434840.456522
1736877,IT,SK,BUSIN,MOTO1,3.08,299999.881,6,6,299997.86,0.0,1.0,1.0,0.021,97402.558766
1657205,IT,DE,CHEM1,WEARI,0.63,299967.344,4,4,299967.311,0.0,0.0,0.0,0.033,476138.64127
1669747,IT,ES,BUSIN,BEVER,3.08,299956.213,6,6,299954.192,0.0,1.0,1.0,0.021,97388.380844
1795716,IT,WL,MACHI,WHEAT,1.67,299944.73,4,4,299944.705,0.0,0.0,0.0,0.025,179607.622754
1645468,IT,BE,NAPHT,RESEA,0.51,299888.55,5,5,299887.529,0.0,0.0,1.0,0.021,588016.764706
1690242,IT,IE,PUBLI,CONST,4.91,299844.225,4,4,299844.204,0.0,0.0,0.0,0.021,61068.070265
1809410,IT,WM,CHEMI,GASDI,0.71,299820.024,6,6,299803.996,0.0,1.0,15.0,0.028,422281.723944
1794056,IT,WL,PAPER,CRUDE,1.16,299780.754,5,5,299778.724,0.0,2.0,0.0,0.03,258431.684483
1643575,IT,AT,SEACO,BUSIN,0.3,299720.021,4,4,299720.016,0.0,0.0,0.0,0.005,999066.736667
1674065,IT,FR,GASDI,RESEA,0.45,299720.01,4,4,299719.986,0.0,0.0,0.0,0.024,666044.466667
1765775,IT,RU,MOTOR,BITUM,0.45,299716.33,4,4,299716.306,0.0,0.0,0.0,0.024,666036.288889
1685079,IT,HU,FOOD5,POULT,1.44,299655.215,5,5,299654.188,0.0,1.0,0.0,0.027,208093.899306
1785212,IT,ZA,BEVER,RAILW,1.27,299624.367,5,5,299623.348,0.0,1.0,0.0,0.019,235924.698425
1689038,IT,IE,OFFIC,RESEA,0.93,299592.819,4,4,299592.797,0.0,0.0,0.0,0.022,322142.816129
1812474,IT,WM,PREC1,HOTEL,0.51,299566.08,6,6,299564.066,0.0,1.0,1.0,0.014,587384.470588
1779019,IT,TR,AIRTR,MACHI,0.33,299523.521,4,4,299523.512,0.0,0.0,0.0,0.009,907647.033333
1757875,IT,BR,CHEM1,NAPHT,0.63,299515.55,4,4,299515.517,0.0,0.0,0.0,0.033,475421.507937
1771829,IT,CH,WOODW,CHEM1,0.84,299498.402,5,5,299496.382,0.0,2.0,0.0,0.02,356545.716667
1686558,IT,HU,ALUM1,BRICK,0.52,299443.72,4,4,299443.696,0.0,0.0,0.0,0.024,575853.307692
1773877,IT,CH,ELEC7,DISTR,0.21,299434.463,4,4,299434.459,0.0,0.0,0.0,0.004,1425878.395238
1719776,IT,PL,BASIC,BEVER,0.34,299432.289,4,4,299432.27,0.0,0.0,0.0,0.019,880683.202941
1786161,IT,ZA,BASIC,POSTT,0.34,299430.297,4,4,299430.278,0.0,0.0,0.0,0.019,880677.344118
1657098,IT,DE,NONSP,REALE,0.39,299370.393,4,4,299370.377,0.0,0.0,0.0,0.016,767616.392308
1675313,IT,FR,FABRI,OILHA,1.22,299351.748,5,5,299350.727,0.0,0.0,1.0,0.021,245370.285246
1674281,IT,FR,NONSP,CHEM1,0.39,299292.089,4,4,299292.073,0.0,0.0,0.0,0.016,767415.612821
1666007,IT,ES,MOTOR,RESEA,0.45,299251.015,4,4,299250.991,0.0,0.0,0.0,0.024,665002.255556
1783939,IT,ID,STONE,CONST,0.97,299242.383,5,5,299225.369,0.0,0.0,17.0,0.014,308497.302062
1675200,IT,FR,FABRI,OILSE,1.22,299194.814,5,5,299193.793,0.0,0.0,1.0,0.021,245241.65082
1753793,IT,CA,FURNI,MEMBE,0.96,299168.468,6,6,299166.442,0.0,1.0,1.0,0.026,311633.820833
1718618,IT,PL,LEATH,MOTO1,2.14,299149.575,5,5,299147.523,0.0,2.0,0.0,0.052,139789.521028
1800246,IT,WE,PLAST,GLASS,0.63,299141.602,4,4,299141.572,0.0,0.0,0.0,0.03,474827.939683
1664130,IT,EE,RUBBE,RUBBE,0.99,299074.264,4,4,299074.237,0.0,0.0,0.0,0.027,302095.216162
1684062,IT,HR,HOTEL,OFFIC,2.17,299051.238,5,5,299050.215,0.0,1.0,0.0,0.023,137811.630415
1719034,IT,PL,HEAVY,GASDI,0.48,299046.569,4,4,299046.545,0.0,0.0,0.0,0.024,623013.685417
1776820,IT,TR,NAPHT,RETA1,0.51,299040.439,5,5,299039.418,0.0,0.0,1.0,0.021,586353.801961
1756214,IT,KR,MACHI,ELEC1,1.67,298969.606,4,4,298969.581,0.0,0.0,0.0,0.025,179023.716168
1814081,IT,WM,AIRTR,FOOD5,0.33,298961.269,4,4,298961.26,0.0,0.0,0.0,0.009,905943.239394
1805023,IT,WF,PLAST,GLASS,0.63,298948.034,4,4,298948.004,0.0,0.0,0.0,0.03,474520.688889
1766619,IT,RU,FABRI,BEVER,1.22,298906.535,5,5,298905.514,0.0,0.0,1.0,0.021,245005.356557
1648903,IT,BG,TEXTI,PUBLI,1.77,298879.474,4,4,298879.434,0.0,0.0,0.0,0.04,168858.459887
1640522,IT,AT,FOOD5,CATTL,1.44,298873.893,5,5,298872.866,0.0,1.0,0.0,0.027,207551.314583
1799579,IT,WE,PRINT,PUBLI,2.87,298857.881,5,5,298856.858,0.0,1.0,0.0,0.023,104131.665854
1806290,IT,WF,MACHI,SEACO,1.67,298834.507,4,4,298834.482,0.0,0.0,0.0,0.025,178942.818563
1742326,IT,US,CEMEN,RESEA,0.48,298825.676,5,5,298823.663,0.0,0.0,2.0,0.013,622553.491667
1763293,IT,MX,PAPER,RUBBE,1.16,298776.28,5,5,298774.251,0.0,2.0,0.0,0.029,257565.758621
1794779,IT,WL,PLAST,FISH5,0.63,298765.126,4,4,298765.096,0.0,0.0,0.0,0.03,474230.35873
1796022,IT,WL,MOTO1,BUSIN,1.59,298759.949,5,5,298758.93,0.0,0.0,1.0,0.019,187899.338994
1753051,IT,CA,CHEM1,RESEA,0.62,298706.12,4,4,298706.087,0.0,0.0,0.0,0.033,481784.064516
1786130,IT,ZA,BASIC,RUBBE,0.34,298702.477,4,4,298702.458,0.0,0.0,0.0,0.019,878536.697059
1761216,IT,IN,ADDIT,TRANS,0.69,298628.097,6,6,298625.074,0.0,2.0,1.0,0.023,432794.343478
1658435,IT,DE,FABRI,CERAM,1.22,298609.525,5,5,298608.504,0.0,0.0,1.0,0.021,244761.905738
1740541,IT,GB,93197,PUBLI,2.01,298605.277,4,4,298605.25,0.0,0.0,0.0,0.027,148559.839303
1771575,IT,CH,TEXTI,DISTR,1.77,298590.976,4,4,298590.936,0.0,0.0,0.0,0.04,168695.466667
1658990,IT,DE,ELEC1,HEALT,0.04,298540.407,4,4,298540.388,0.0,0.0,0.0,0.019,7463510.175
1650127,IT,BG,OFFIC,COMPU,0.93,298528.365,4,4,298528.343,0.0,0.0,0.0,0.022,320998.241935
1682596,IT,HR,KEROS,ANIMA,0.44,298481.659,4,4,298481.635,0.0,0.0,0.0,0.024,678367.406818
1750097,IT,CN,BASIC,DISTR,0.34,298468.671,4,4,298468.652,0.0,0.0,0.0,0.019,877849.032353
1814073,IT,WM,AIRTR,MEATC,0.32,298410.453,4,4,298410.444,0.0,0.0,0.0,0.009,932532.665625
1786128,IT,ZA,BASIC,PLAST,0.34,298374.784,4,4,298374.765,0.0,0.0,0.0,0.019,877572.894118
1709346,IT,LT,DAIRY,WHOLE,1.21,298365.646,5,5,298363.626,0.0,2.0,0.0,0.02,246583.178512
1807196,IT,WF,AIRTR,LANDT,0.32,298353.176,4,4,298353.167,0.0,0.0,0.0,0.009,932353.675
1761751,IT,IN,MACHI,CHEM1,1.66,298285.543,4,4,298285.518,0.0,0.0,0.0,0.025,179690.086145
1667143,IT,ES,BASIC,NONME,0.34,298273.164,4,4,298273.145,0.0,0.0,0.0,0.019,877274.011765
1809502,IT,WM,MEAT4,MEAT4,1.64,298258.548,5,5,298257.528,0.0,1.0,0.0,0.02,181864.968293
1794763,IT,WL,PLAST,BITUM,0.63,298252.383,4,4,298252.353,0.0,0.0,0.0,0.03,473416.480952
1690361,IT,IE,WASTE,MEATC,0.95,298242.713,5,5,298241.697,0.0,0.0,1.0,0.016,313939.697895
1676495,IT,FR,RETA1,SUPPO,3.11,298210.596,5,5,298209.576,0.0,1.0,0.0,0.02,95887.651447
1667996,IT,ES,TRANS,RENTI,1.78,298185.947,4,4,298185.931,0.0,0.0,0.0,0.016,167520.194944
1763508,IT,MX,CHEM1,PIGS9,0.62,298121.27,4,4,298121.237,0.0,0.0,0.0,0.033,480840.758065
1672908,IT,FR,VEGE1,RESEA,0.92,298106.137,6,6,298103.072,0.0,2.0,1.0,0.065,324028.409783
1751916,IT,CN,COMPU,MACHI,3.4,298100.09,5,5,298099.071,0.0,0.0,1.0,0.019,87676.497059
1749190,IT,CN,PULP5,MEDIC,0.91,297997.767,6,6,297995.739,0.0,1.0,1.0,0.028,327470.073626
1725850,IT,RO,GASDI,WOODW,0.44,297978.016,4,4,297977.992,0.0,0.0,0.0,0.024,677222.763636
1719269,IT,PL,CHEM1,BRICK,0.62,297973.414,4,4,297973.381,0.0,0.0,0.0,0.033,480602.280645
1792726,IT,WA,BUSIN,PRINT,3.06,297960.969,6,6,297958.948,0.0,1.0,1.0,0.021,97372.865686
1807188,IT,WF,AIRTR,DIST1,0.32,297959.543,4,4,297959.534,0.0,0.0,0.0,0.009,931123.571875
1772202,IT,CH,GASDI,RETA1,0.44,297939.742,4,4,297939.718,0.0,0.0,0.0,0.024,677135.777273
1754867,IT,KR,FISH5,FOOD5,1.25,297931.333,5,5,297930.18,0.0,1.0,0.0,0.153,238345.0664
1802192,IT,WE,HOTEL,WHOLE,2.16,297914.533,5,5,297913.511,0.0,1.0,0.0,0.022,137923.394907
1671132,IT,FI,GLASS,FABRI,0.82,297905.507,5,5,297904.49,0.0,0.0,1.0,0.017,363299.39878
1748085,IT,JP,BUSIN,SEACO,3.06,297891.581,6,6,297889.56,0.0,1.0,1.0,0.021,97350.189869
1716087,IT,NL,BASIC,COPP1,0.34,297884.687,4,4,297884.668,0.0,0.0,0.0,0.019,876131.432353
1652429,IT,CZ,TEXTI,RETA1,1.76,297851.918,4,4,297851.878,0.0,0.0,0.0,0.04,169234.044318
1761104,IT,IN,CHEM1,MEATC,0.62,297851.156,4,4,297851.123,0.0,0.0,0.0,0.033,480405.090323
1757218,IT,BR,VEGE1,RAWMI,0.92,297814.571,6,6,297811.506,0.0,2.0,1.0,0.065,323711.490217
1741953,IT,US,CHEM1,LANDT,0.62,297804.668,4,4,297804.635,0.0,0.0,0.0,0.033,480330.109677
1804414,IT,WF,KEROS,RESEA,0.44,297795.456,4,4,297795.432,0.0,0.0,0.0,0.024,676807.854545
1647179,IT,BE,RAILW,RAILW,1.99,297788.108,5,5,297786.095,0.0,0.0,2.0,0.013,149642.265327
1676358,IT,FR,WHOLE,MEATC,2.57,297728.932,5,5,297727.915,0.0,0.0,1.0,0.017,115847.833463
1805773,IT,WF,PREC1,VEGET,0.51,297720.497,6,6,297718.483,0.0,1.0,1.0,0.014,583765.680392
1742013,IT,US,ADDIT,TRAN2,0.69,297701.968,6,6,297698.945,0.0,2.0,1.0,0.023,431452.127536
1687679,IT,HU,AIRTR,SUPPO,0.32,297678.466,4,4,297678.457,0.0,0.0,0.0,0.009,930245.20625
1813135,IT,WM,MOTO1,GASDI,1.58,297666.366,5,5,297665.347,0.0,0.0,1.0,0.019,188396.434177
1642105,IT,AT,GLASS,WHOLE,0.82,297640.015,5,5,297638.998,0.0,0.0,1.0,0.017,362975.628049
1748802,IT,CN,TEXTI,ALUM1,1.76,297637.031,4,4,297636.991,0.0,0.0,0.0,0.04,169111.949432
1765409,IT,RU,TEXTI,FISHF,1.76,297606.665,4,4,297606.625,0.0,0.0,0.0,0.04,169094.696023
1725232,IT,RO,FOOD5,WOODW,1.43,297593.719,5,5,297592.692,0.0,1.0,0.0,0.027,208107.495804
1806915,IT,WF,HOTEL,93197,2.16,297513.314,5,5,297512.292,0.0,1.0,0.0,0.022,137737.64537
1805750,IT,WF,BASIC,HOTEL,0.34,297512.484,4,4,297512.465,0.0,0.0,0.0,0.019,875036.717647
1733243,IT,SI,MACHI,RETA1,1.66,297509.405,4,4,297509.381,0.0,0.0,0.0,0.024,179222.533133
1777730,IT,TR,NONF1,WOODW,0.07,297473.093,4,4,297473.091,0.0,0.0,0.0,0.002,4249615.614286
1798773,IT,WE,FOOD5,SUGA1,1.43,297464.993,5,5,297463.966,0.0,1.0,0.0,0.027,208017.477622
1749056,IT,CN,LEATH,HOTEL,2.13,297400.685,5,5,297398.634,0.0,2.0,0.0,0.051,139624.734742
1743546,IT,US,HOTEL,PIGS9,2.16,297388.015,5,5,297386.993,0.0,1.0,0.0,0.022,137679.636574
1660236,IT,DE,POSTT,PRINT,4.9,297330.323,4,4,297330.3,0.0,0.0,0.0,0.023,60679.657755
1716898,IT,NL,HOTEL,FINAN,2.15,297322.526,5,5,297321.504,0.0,1.0,0.0,0.022,138289.546977
1673753,IT,FR,PAPER,SALEM,1.15,297321.905,5,5,297319.876,0.0,2.0,0.0,0.029,258540.786957
1673092,IT,FR,FOOD5,AIRTR,1.43,297261.318,5,5,297260.291,0.0,1.0,0.0,0.027,207875.047552
1796649,IT,WL,HOTEL,DISTR,2.15,297254.328,5,5,297253.306,0.0,1.0,0.0,0.022,138257.826977
1755616,IT,KR,ADDIT,NAPHT,0.69,297235.588,6,6,297232.565,0.0,2.0,1.0,0.023,430776.214493
1742821,IT,US,FABRI,SEWAG,1.21,297204.991,5,5,297203.97,0.0,0.0,1.0,0.021,245623.959504
1666095,IT,ES,GASDI,WOODW,0.44,297188.953,4,4,297188.929,0.0,0.0,0.0,0.024,675429.438636
1780173,IT,TW,HOTEL,LANDT,2.15,297187.486,5,5,297186.464,0.0,1.0,0.0,0.022,138226.737674
1673996,IT,FR,KEROS,BUSIN,0.44,297150.648,4,4,297150.624,0.0,0.0,0.0,0.024,675342.381818
1656096,IT,DE,BEVER,AIRTR,1.26,297146.404,5,5,297145.385,0.0,1.0,0.0,0.019,235830.479365
1773588,IT,CH,MOTO1,RECRE,1.58,297122.811,4,4,297122.792,0.0,0.0,0.0,0.019,188052.412025
1744616,IT,US,RENTI,RETA1,1.78,297110.891,4,4,297110.874,0.0,0.0,0.0,0.017,166916.230899
1800314,IT,WE,PFERT,POULT,0.13,297038.782,4,4,297038.734,0.0,0.0,0.0,0.048,2284913.707692
1722712,IT,PT,WOODW,CHEM1,0.83,297032.312,5,5,297030.292,0.0,2.0,0.0,0.02,357870.255422
1789533,IT,WA,ADDIT,LANDT,0.69,297004.804,6,6,297001.781,0.0,2.0,1.0,0.023,430441.744928
1742642,IT,US,COPP1,PREC1,0.75,296991.676,5,5,296990.661,0.0,0.0,1.0,0.015,395988.901333
1676850,IT,FR,LANDT,COMPU,1.92,296989.924,4,4,296989.91,0.0,0.0,0.0,0.014,154682.252083
1666239,IT,ES,HEAVY,COPP1,0.48,296986.313,4,4,296986.289,0.0,0.0,0.0,0.024,618721.485417
1747158,IT,JP,CONST,NONME,1.66,296966.279,5,5,296965.263,0.0,0.0,1.0,0.016,178895.348795
1812918,IT,WM,MACHI,FISHF,1.66,296953.274,4,4,296953.25,0.0,0.0,0.0,0.024,178887.514458
1685510,IT,HU,PAPER,PULP5,1.15,296903.433,5,5,296901.404,0.0,2.0,0.0,0.029,258176.898261
1736297,IT,SK,HOTEL,RETA1,2.15,296889.53,5,5,296888.508,0.0,1.0,0.0,0.022,138088.153488
1675316,IT,FR,FABRI,SEWAG,1.21,296861.046,5,5,296860.025,0.0,0.0,1.0,0.021,245339.707438
1741929,IT,US,CHEM1,MEDIC,0.62,296837.733,4,4,296837.701,0.0,0.0,0.0,0.032,478770.537097
1657298,IT,DE,CHEM1,INTER,0.62,296836.328,4,4,296836.296,0.0,0.0,0.0,0.032,478768.270968
1665880,IT,ES,PRINT,COMPU,2.85,296781.288,5,5,296780.265,0.0,1.0,0.0,0.023,104133.785263
1729646,IT,SE,FABRI,CEMEN,1.21,296773.803,5,5,296772.782,0.0,0.0,1.0,0.021,245267.605785
1746176,IT,JP,PLAST,ELECT,0.62,296759.789,4,4,296759.759,0.0,0.0,0.0,0.03,478644.820968
1803287,IT,WF,FISHF,NICKE,0.51,296754.767,4,4,296754.756,0.0,0.0,0.0,0.011,581872.092157
1790325,IT,WA,ALUM1,CERAM,0.52,296736.241,4,4,296736.217,0.0,0.0,0.0,0.024,570646.617308
1729021,IT,SE,RUBBE,STONE,0.98,296734.339,4,4,296734.312,0.0,0.0,0.0,0.027,302790.141837
1741453,IT,US,MOTOR,ELEC2,0.44,296701.264,4,4,296701.24,0.0,0.0,0.0,0.024,674321.054545
1657669,IT,DE,CERAM,DIST1,0.46,296646.677,5,5,296644.661,0.0,0.0,2.0,0.016,644884.080435
1649581,IT,BG,RUBBE,BUSIN,0.98,296642.138,4,4,296642.111,0.0,0.0,0.0,0.027,302696.059184
1641403,IT,AT,GASDI,VEGET,0.44,296601.599,4,4,296601.575,0.0,0.0,0.0,0.024,674094.543182
1806408,IT,WF,MOTO1,REALE,1.58,296590.17,4,4,296590.151,0.0,0.0,0.0,0.019,187715.297468
1724334,IT,PT,TRAN2,MEMBE,0.46,296550.456,4,4,296550.448,0.0,0.0,0.0,0.008,644674.904348
1657865,IT,DE,BASIC,PIGS9,0.34,296549.809,4,4,296549.79,0.0,0.0,0.0,0.019,872205.320588
1761802,IT,IN,MACHI,COMPU,1.65,296527.579,4,4,296527.555,0.0,0.0,0.0,0.024,179713.684242
1788998,IT,WA,HEAVY,PUBLI,0.48,296508.447,4,4,296508.423,0.0,0.0,0.0,0.024,617725.93125
1712383,IT,LV,GLASS,CONST,0.81,296485.83,5,5,296484.813,0.0,0.0,1.0,0.017,366031.888889
1750114,IT,CN,BASIC,BUSIN,0.34,296485.349,4,4,296485.33,0.0,0.0,0.0,0.019,872015.732353
1686879,IT,HU,MACHI,CEREA,1.65,296482.093,4,4,296482.069,0.0,0.0,0.0,0.024,179686.11697
1762951,IT,MX,VEGE1,CHEM1,0.91,296454.968,5,5,296452.904,0.0,2.0,0.0,0.064,325774.69011
1792281,IT,WA,POSTT,RETA1,4.88,296444.371,4,4,296444.348,0.0,0.0,0.0,0.023,60746.797336
1794989,IT,WL,CHEM1,LANDT,0.62,296437.825,4,4,296437.793,0.0,0.0,0.0,0.032,478125.524194
1690533,IT,IE,WOOD2,CONST,1.61,296435.6,5,5,296434.581,0.0,0.0,1.0,0.019,184121.490683
1750251,IT,CN,COPP1,ALUM1,0.75,296393.09,5,5,296392.075,0.0,0.0,1.0,0.015,395190.786667
1804627,IT,WF,HEAVY,NONF1,0.48,296374.321,4,4,296374.297,0.0,0.0,0.0,0.024,617446.502083
1686717,IT,HU,COPP1,FURNI,0.75,296355.805,5,5,296354.79,0.0,0.0,1.0,0.015,395141.073333
1804162,IT,WF,PAPER,SALEM,1.15,296353.195,5,5,296351.166,0.0,2.0,0.0,0.029,257698.430435
1641531,IT,AT,HEAVY,ALUM1,0.48,296328.665,4,4,296328.641,0.0,0.0,0.0,0.024,617351.385417
1726387,IT,RO,NONF1,COPP1,0.06,296302.267,4,4,296302.265,0.0,0.0,0.0,0.002,4938371.116667
1778675,IT,TR,HOTEL,FINAN,2.15,296277.962,5,5,296276.94,0.0,1.0,0.0,0.022,137803.703256
1680406,IT,GR,ELEC2,EDUCA,0.07,296261.229,4,4,296261.198,0.0,0.0,0.0,0.031,4232303.271429
1665974,IT,ES,MOTOR,FABRI,0.44,296207.969,4,4,296207.945,0.0,0.0,0.0,0.024,673199.929545
1779700,IT,TR,RESEA,EDUCA,1.61,296155.864,4,4,296155.843,0.0,0.0,0.0,0.021,183947.741615
1644077,IT,AT,BUSIN,HOTEL,3.04,296153.295,6,6,296151.275,0.0,1.0,1.0,0.02,97418.847039
1752756,IT,CA,WOODW,PULP5,0.83,296107.26,5,5,296105.24,0.0,2.0,0.0,0.02,356755.73494
1657823,IT,DE,NONME,DISTR,0.6,296106.195,5,5,296105.163,0.0,0.0,1.0,0.032,493510.325
1646499,IT,BE,MACHI,RAILW,1.65,296078.058,4,4,296078.034,0.0,0.0,0.0,0.024,179441.247273
1777286,IT,TR,RUBBE,HEALT,0.98,296064.108,4,4,296064.081,0.0,0.0,0.0,0.027,302106.232653
1813965,IT,WM,SEACO,MEATC,0.3,296060.442,4,4,296060.437,0.0,0.0,0.0,0.005,986868.14
1741899,IT,US,CHEM1,BITU1,0.62,296050.206,4,4,296050.174,0.0,0.0,0.0,0.032,477500.332258
1750171,IT,CN,ALUM1,RUBBE,0.51,296045.322,4,4,296045.298,0.0,0.0,0.0,0.024,580481.023529
1786387,IT,ZA,MACHI,RADIO,1.65,296034.257,4,4,296034.233,0.0,0.0,0.0,0.024,179414.701212
1746235,IT,JP,CHEM1,NAPHT,0.62,296033.023,4,4,296032.991,0.0,0.0,0.0,0.032,477472.617742
1686274,IT,HU,CERAM,REALE,0.46,296032.146,5,5,296030.13,0.0,0.0,2.0,0.016,643548.143478
1682117,IT,HR,TEXTI,LIQUE,1.75,296021.472,4,4,296021.433,0.0,0.0,0.0,0.039,169155.126857
1781556,IT,NO,TEXTI,HEALT,1.75,296017.476,4,4,296017.437,0.0,0.0,0.0,0.039,169152.843429
1679317,IT,GR,NAPHT,HEAVY,0.5,296014.313,5,5,296013.292,0.0,0.0,1.0,0.021,592028.626
1651453,IT,CY,GASDI,LANDT,0.44,295999.473,4,4,295999.449,0.0,0.0,0.0,0.024,672726.075
1640524,IT,AT,FOOD5,POULT,1.42,295933.869,5,5,295932.843,0.0,1.0,0.0,0.026,208404.133099
1642956,IT,AT,FURNI,CONST,0.94,295932.374,6,6,295930.349,0.0,1.0,1.0,0.025,314821.674468
1757307,IT,BR,FOOD5,HOTEL,1.42,295916.505,5,5,295915.479,0.0,1.0,0.0,0.026,208391.90493
1728559,IT,SE,PAPER,PRINT,1.15,295902.546,5,5,295900.517,0.0,2.0,0.0,0.029,257306.561739
1766315,IT,RU,NONME,PFERT,0.6,295896.828,5,5,295895.796,0.0,0.0,1.0,0.032,493161.38
1659596,IT,DE,HOTEL,PLAST,2.14,295890.196,5,5,295889.174,0.0,1.0,0.0,0.022,138266.446729
1765228,IT,RU,CROPS,TOBAC,2.34,295868.593,4,4,295868.577,0.0,0.0,0.0,0.016,126439.569658
1763337,IT,MX,PAPER,HEALT,1.15,295817.113,5,5,295815.084,0.0,2.0,0.0,0.029,257232.272174
1761569,IT,IN,COPP1,ELECT,0.75,295812.368,5,5,295811.353,0.0,0.0,1.0,0.015,394416.490667
1665883,IT,ES,PRINT,PUBLI,2.84,295811.179,5,5,295810.156,0.0,1.0,0.0,0.023,104158.865845
1719708,IT,PL,NONME,ALUM1,0.6,295808.223,5,5,295807.191,0.0,0.0,1.0,0.032,493013.705
1653144,IT,CZ,CHEM1,TRANS,0.62,295807.163,4,4,295807.131,0.0,0.0,0.0,0.032,477108.327419
1805079,IT,WF,PLAST,RECRE,0.62,295805.935,4,4,295805.905,0.0,0.0,0.0,0.03,477106.346774
1771275,IT,CH,VEGE1,RECRE,0.91,295790.475,5,5,295788.411,0.0,2.0,0.0,0.064,325044.478022
1809389,IT,WM,CHEMI,MEATC,0.71,295789.001,6,6,295772.973,0.0,1.0,15.0,0.028,416604.226761
1726272,IT,RO,BASIC,PLAST,0.34,295785.983,4,4,295785.964,0.0,0.0,0.0,0.019,869958.773529
1743607,IT,US,HOTEL,BRICK,2.14,295785.453,5,5,295784.431,0.0,1.0,0.0,0.022,138217.501402
1640782,IT,AT,TEXTI,HEALT,1.75,295779.18,4,4,295779.141,0.0,0.0,0.0,0.039,169016.674286
1743576,IT,US,HOTEL,TOBAC,2.14,295765.635,5,5,295764.613,0.0,1.0,0.0,0.022,138208.240654
1812283,IT,WM,BASIC,CRUDE,0.34,295758.852,4,4,295758.833,0.0,0.0,0.0,0.019,869878.976471
1719988,IT,PL,ALUM1,BITUM,0.51,295724.7,4,4,295724.676,0.0,0.0,0.0,0.024,579852.352941
1666158,IT,ES,GASDI,RESEA,0.44,295701.812,4,4,295701.788,0.0,0.0,0.0,0.024,672049.572727
1785650,IT,ZA,HEAVY,RUBBE,0.48,295676.431,4,4,295676.407,0.0,0.0,0.0,0.024,615992.564583
1719600,IT,PL,CERAM,CHEM1,0.46,295660.995,5,5,295658.979,0.0,0.0,2.0,0.016,642741.293478
1657830,IT,DE,NONME,RETA1,0.6,295656.944,5,5,295655.912,0.0,0.0,1.0,0.032,492761.573333
1789903,IT,WA,CEMEN,MEATA,0.47,295647.586,5,5,295645.573,0.0,0.0,2.0,0.013,629037.417021
1730661,IT,SE,RENTI,RENTI,1.77,295606.046,4,4,295606.029,0.0,0.0,0.0,0.017,167009.065537
1742360,IT,US,NONME,GASDI,0.6,295553.788,5,5,295552.756,0.0,0.0,1.0,0.032,492589.646667
1716988,IT,NL,LANDT,DAIRY,1.91,295549.27,4,4,295549.256,0.0,0.0,0.0,0.014,154737.837696
1668862,IT,ES,SEACO,FISH5,0.3,295520.333,4,4,295520.328,0.0,0.0,0.0,0.005,985067.776667
1793362,IT,WL,VEGET,BEVER,1.05,295437.561,5,5,295436.549,0.0,1.0,0.0,0.012,281369.105714
1796899,IT,WL,SEACO,PUBLI,0.3,295385.556,4,4,295385.551,0.0,0.0,0.0,0.005,984618.52
1710782,IT,LU,WEARI,BUSIN,2.23,295231.198,5,5,295230.142,0.0,1.0,0.0,0.056,132390.671749
1814616,IT,WM,PUBLI,CHEM1,4.84,295216.481,4,4,295216.46,0.0,0.0,0.0,0.021,60995.140702
1665085,IT,ES,VEGE1,VEGE1,0.91,295198.613,5,5,295196.549,0.0,2.0,0.0,0.064,324394.08022
1812529,IT,WM,ALUM1,LIQUE,0.51,295105.234,4,4,295105.21,0.0,0.0,0.0,0.024,578637.713725
1663235,IT,DK,SEACO,MEATP,0.3,295093.462,4,4,295093.457,0.0,0.0,0.0,0.005,983644.873333
1664114,IT,EE,RUBBE,DAIRY,0.98,295030.176,4,4,295030.149,0.0,0.0,0.0,0.027,301051.2
1777622,IT,TR,ALUM1,TRANS,0.51,295024.345,4,4,295024.321,0.0,0.0,0.0,0.024,578479.107843
1793688,IT,WL,FOOD5,DAIRY,1.42,295018.817,5,5,295017.791,0.0,1.0,0.0,0.026,207759.730282
1649878,IT,BG,FABRI,WHEAT,1.2,295002.415,5,5,295001.394,0.0,0.0,1.0,0.021,245835.345833
1653152,IT,CZ,CHEM1,TRAN1,0.62,294963.963,4,4,294963.931,0.0,0.0,0.0,0.032,475748.327419
1686092,IT,HU,RUBBE,CEMEN,0.98,294950.756,4,4,294950.729,0.0,0.0,0.0,0.027,300970.159184
1794545,IT,WL,HEAVY,DAIRY,0.48,294941.341,4,4,294941.317,0.0,0.0,0.0,0.024,614461.127083
1658411,IT,DE,FABRI,PRINT,1.2,294923.581,5,5,294922.56,0.0,0.0,1.0,0.021,245769.650833
1660961,IT,DE,BUSIN,GLASS,3.03,294915.5,6,6,294913.48,0.0,1.0,1.0,0.02,97331.848185
1748918,IT,CN,WEARI,OFFIC,2.22,294905.391,5,5,294904.335,0.0,1.0,0.0,0.056,132840.266216
1728947,IT,SE,CHEM1,RAILW,0.62,294891.101,4,4,294891.069,0.0,0.0,0.0,0.032,475630.808065
1646631,IT,BE,TRANS,TRANS,1.76,294886.793,4,4,294886.777,0.0,0.0,0.0,0.016,167549.314205
1741309,IT,US,PAPER,FURNI,1.14,294825.694,5,5,294823.665,0.0,2.0,0.0,0.029,258619.029825
1779213,IT,TR,POSTT,WHOLE,4.86,294814.809,4,4,294814.787,0.0,0.0,0.0,0.022,60661.483333
1774941,IT,CH,INSUR,INSUR,6.08,294760.506,4,4,294760.492,0.0,0.0,0.0,0.014,48480.346382
1650510,IT,BG,ELEC6,ALUM1,0.04,294728.813,4,4,294728.766,0.0,0.0,0.0,0.047,7368220.325
1673285,IT,FR,TEXTI,VEGET,1.75,294714.735,4,4,294714.696,0.0,0.0,0.0,0.039,168408.42
1759772,IT,BR,BUSIN,ELECT,3.03,294683.839,6,6,294681.819,0.0,1.0,1.0,0.02,97255.392409
1773786,IT,CH,ELEC2,LANDT,0.07,294662.13,4,4,294662.099,0.0,0.0,0.0,0.031,4209459.0
1794879,IT,WL,PFERT,REALE,0.13,294577.481,4,4,294577.434,0.0,0.0,0.0,0.047,2265980.623077
1761699,IT,IN,MACHI,PADDY,1.64,294538.176,4,4,294538.152,0.0,0.0,0.0,0.024,179596.44878
1800666,IT,WE,CERAM,RETA1,0.46,294529.245,5,5,294527.229,0.0,0.0,2.0,0.016,640280.967391
1766053,IT,RU,CHEM1,EDUCA,0.62,294509.3,4,4,294509.268,0.0,0.0,0.0,0.032,475015.0
1762210,IT,IN,SEACO,MACHI,0.3,294476.599,4,4,294476.594,0.0,0.0,0.0,0.005,981588.663333
1670935,IT,FI,CHEM1,BIODI,0.62,294469.322,4,4,294469.29,0.0,0.0,0.0,0.032,474950.519355
1799716,IT,WE,MOTOR,MEMBE,0.44,294443.555,4,4,294443.531,0.0,0.0,0.0,0.024,669189.897727
1648779,IT,BG,BEVER,RUBBE,1.25,294422.108,5,5,294421.089,0.0,1.0,0.0,0.019,235537.6864
1799921,IT,WE,HEAVY,PIGS9,0.48,294386.203,4,4,294386.179,0.0,0.0,0.0,0.024,613304.589583
1760621,IT,IN,PULP5,PROCE,0.9,294371.229,6,6,294369.201,0.0,1.0,1.0,0.028,327079.143333
1719192,IT,PL,PLAST,RENTI,0.62,294332.333,4,4,294332.303,0.0,0.0,0.0,0.03,474729.569355
1648216,IT,BE,BUSIN,ELEC3,3.02,294286.998,6,6,294284.978,0.0,1.0,1.0,0.02,97446.025828
1667190,IT,ES,BASIC,PUBLI,0.34,294283.767,4,4,294283.748,0.0,0.0,0.0,0.019,865540.491176
1650061,IT,BG,MACHI,ELEC3,1.64,294278.261,4,4,294278.237,0.0,0.0,0.0,0.024,179437.964024
1753351,IT,CA,PREC1,PRECI,0.5,294271.919,6,6,294269.905,0.0,1.0,1.0,0.014,588543.838
1730255,IT,SE,SEACO,MOTOR,0.3,294268.326,4,4,294268.321,0.0,0.0,0.0,0.005,980894.42
1677218,IT,FR,POSTT,HEALT,4.85,294243.252,4,4,294243.23,0.0,0.0,0.0,0.022,60668.711753
1641732,IT,AT,CHEM1,CEREA,0.61,294211.848,4,4,294211.816,0.0,0.0,0.0,0.032,482314.504918
1673347,IT,FR,TEXTI,SEACO,1.74,294190.691,4,4,294190.652,0.0,0.0,0.0,0.039,169075.10977
1675586,IT,FR,MOTO1,BASIC,1.57,294189.484,4,4,294189.465,0.0,0.0,0.0,0.019,187381.836943
1725680,IT,RO,PAPER,CEMEN,1.14,294163.838,5,5,294161.809,0.0,2.0,0.0,0.029,258038.454386
1745071,IT,US,PUBLI,CONST,4.82,294153.025,4,4,294153.004,0.0,0.0,0.0,0.021,61027.598548
1811932,IT,WM,RUBBE,RENTI,0.97,294072.331,4,4,294072.304,0.0,0.0,0.0,0.027,303167.351546
1657940,IT,DE,BASIC,SECO9,0.34,294068.276,4,4,294068.257,0.0,0.0,0.0,0.019,864906.694118
1806200,IT,WF,MACHI,COKIN,1.64,293996.619,4,4,293996.595,0.0,0.0,0.0,0.024,179266.231098
1773739,IT,CH,ELEC1,WHOLE,0.04,293943.725,4,4,293943.706,0.0,0.0,0.0,0.019,7348593.125
1773055,IT,CH,ALUM1,BIOG1,0.51,293901.185,4,4,293901.161,0.0,0.0,0.0,0.024,576276.833333
1662134,IT,DK,RUBBE,FISH5,0.97,293891.95,4,4,293891.923,0.0,0.0,0.0,0.027,302981.391753
1742915,IT,US,MACHI,ALUM1,1.64,293838.461,4,4,293838.437,0.0,0.0,0.0,0.024,179169.793293
1735285,IT,SK,GLASS,FABRI,0.81,293794.514,5,5,293793.497,0.0,0.0,1.0,0.017,362709.276543
1806555,IT,WF,FURNI,HOTEL,0.94,293764.398,6,6,293762.373,0.0,1.0,1.0,0.025,312515.317021
1772128,IT,CH,MOTOR,POSTT,0.44,293752.757,4,4,293752.733,0.0,0.0,0.0,0.024,667619.902273
1663278,IT,DK,SEACO,TRAN2,0.3,293713.477,4,4,293713.472,0.0,0.0,0.0,0.005,979044.923333
1713366,IT,MT,GASDI,BUSIN,0.44,293694.395,4,4,293694.371,0.0,0.0,0.0,0.024,667487.261364
1663318,IT,DK,AIRTR,MOTO1,0.32,293663.874,4,4,293663.865,0.0,0.0,0.0,0.009,917699.60625
1810391,IT,WM,WOODW,RECRE,0.82,293620.716,5,5,293618.696,0.0,2.0,0.0,0.02,358074.043902
1642017,IT,AT,RUBBE,TRAN2,0.97,293590.182,4,4,293590.155,0.0,0.0,0.0,0.027,302670.290722
1809937,IT,WM,BEVER,93197,1.25,293586.994,5,5,293585.975,0.0,1.0,0.0,0.019,234869.5952
1759606,IT,BR,COMPU,PUBLI,3.35,293556.477,5,5,293555.459,0.0,0.0,1.0,0.018,87628.799104
1800725,IT,WE,CEMEN,93197,0.47,293540.484,5,5,293538.471,0.0,0.0,2.0,0.013,624554.221277
1755606,IT,KR,CHEM1,RECRE,0.61,293425.059,4,4,293425.027,0.0,0.0,0.0,0.032,481024.686885
1741872,IT,US,CHEM1,VEGE1,0.61,293335.34,4,4,293335.308,0.0,0.0,0.0,0.032,480877.606557
1682783,IT,HR,HEAVY,FOOD5,0.47,293298.665,4,4,293298.641,0.0,0.0,0.0,0.024,624039.712766
1814045,IT,WM,SEACO,HEALT,0.3,293282.274,4,4,293282.269,0.0,0.0,0.0,0.005,977607.58
1643348,IT,AT,RAILW,MOTO1,1.96,293214.621,5,5,293212.608,0.0,0.0,2.0,0.013,149599.296429
1813406,IT,WM,FURNI,SEACO,0.94,293193.303,6,6,293191.278,0.0,1.0,1.0,0.025,311907.769149
1753259,IT,CA,CEMEN,MOTOR,0.47,293181.625,5,5,293179.612,0.0,0.0,2.0,0.013,623790.691489
1741456,IT,US,MOTOR,ELEC5,0.44,293171.322,4,4,293171.298,0.0,0.0,0.0,0.024,666298.459091
1655674,IT,DE,CHEMI,GLASS,0.7,293120.302,6,6,293105.274,0.0,1.0,14.0,0.028,418743.288571
1806232,IT,WF,MACHI,PULP5,1.64,293093.694,4,4,293093.67,0.0,0.0,0.0,0.024,178715.667073
1746665,IT,JP,NONF1,MACHI,0.06,293080.042,4,4,293080.04,0.0,0.0,0.0,0.002,4884667.366667
1656734,IT,DE,MOTOR,SUPPO,0.44,293067.534,4,4,293067.51,0.0,0.0,0.0,0.024,666062.577273
1810115,IT,WM,TEXTI,RECRE,1.74,293045.354,4,4,293045.315,0.0,0.0,0.0,0.039,168416.870115
1801179,IT,WE,FABRI,WEARI,1.19,293027.122,5,5,293026.101,0.0,0.0,1.0,0.021,246241.278992
1788203,IT,WA,LEATH,WHEAT,2.1,293021.971,5,5,293019.92,0.0,2.0,0.0,0.051,139534.271905
1814275,IT,WM,POSTT,WHOLE,4.83,293006.136,4,4,293006.114,0.0,0.0,0.0,0.022,60663.796273
1729799,IT,SE,MACHI,PUBLI,1.63,292985.473,4,4,292985.449,0.0,0.0,0.0,0.024,179745.688957
1728185,IT,SE,PROCE,HOTEL,1.98,292961.041,5,5,292960.023,0.0,1.0,0.0,0.018,147960.121717
1664898,IT,ES,CRUDE,HEAVY,0.58,292944.699,4,4,292944.674,0.0,0.0,0.0,0.025,505077.067241
1657473,IT,DE,RUBBE,RAILW,0.97,292868.984,4,4,292868.957,0.0,0.0,0.0,0.027,301926.787629
1661029,IT,DE,BUSIN,INTER,3.01,292827.385,6,6,292825.365,0.0,1.0,1.0,0.02,97284.845515
1750670,IT,CN,MOTO1,RUBBE,1.56,292816.03,4,4,292816.011,0.0,0.0,0.0,0.019,187702.583333
1803121,IT,WF,VEGET,PFERT,1.04,292795.213,5,5,292794.201,0.0,1.0,0.0,0.012,281533.858654
1669076,IT,ES,SUPPO,DISTR,2.1,292767.525,4,4,292767.511,0.0,0.0,0.0,0.014,139413.107143
1648064,IT,BE,COMPU,FINAN,3.34,292764.904,5,5,292763.886,0.0,0.0,1.0,0.018,87654.162874
1685299,IT,HU,TEXTI,RECRE,1.73,292735.529,4,4,292735.49,0.0,0.0,0.0,0.039,169211.288439
1737109,IT,GB,MEATP,FOOD5,1.19,292724.88,5,5,292723.848,0.0,1.0,0.0,0.032,245987.294118
1790827,IT,WA,MACHI,ELEC1,1.63,292717.408,4,4,292717.384,0.0,0.0,0.0,0.024,179581.231902
1666350,IT,ES,LIQUE,BUSIN,0.51,292707.894,4,4,292707.87,0.0,0.0,0.0,0.024,573937.047059
1737821,IT,GB,BITU1,RAILW,0.46,292660.719,4,4,292660.696,0.0,0.0,0.0,0.023,636218.954348
1657001,IT,DE,LIQUE,93197,0.51,292634.085,4,4,292634.061,0.0,0.0,0.0,0.024,573792.323529
1781597,IT,NO,WEARI,FURNI,2.21,292587.053,5,5,292585.997,0.0,1.0,0.0,0.056,132392.331674
1682472,IT,HR,PAPER,HEALT,1.13,292564.665,5,5,292562.636,0.0,2.0,0.0,0.029,258906.783186
1744069,IT,US,AIRTR,93197,0.32,292556.906,4,4,292556.897,0.0,0.0,0.0,0.009,914240.33125
1648159,IT,BE,BUSIN,SUGA1,3.0,292533.333,6,6,292531.313,0.0,1.0,1.0,0.02,97511.111
1662460,IT,DK,ALUM1,BASIC,0.51,292531.033,4,4,292531.01,0.0,0.0,0.0,0.023,573590.260784
1777974,IT,TR,MACHI,RETAI,1.63,292529.521,4,4,292529.497,0.0,0.0,0.0,0.024,179465.963804
1738164,IT,GB,GLASS,HOTEL,0.8,292517.355,5,5,292516.338,0.0,0.0,1.0,0.017,365646.69375
1668572,IT,ES,HOTEL,AUXIL,2.12,292511.791,5,5,292510.769,0.0,1.0,0.0,0.022,137977.259906
1722768,IT,PT,PAPER,HEAVY,1.13,292507.554,5,5,292505.525,0.0,2.0,0.0,0.029,258856.242478
1660714,IT,DE,RENTI,MACHI,1.75,292441.986,4,4,292441.97,0.0,0.0,0.0,0.016,167109.706286
1742974,IT,US,MACHI,TEXT1,1.63,292386.07,4,4,292386.046,0.0,0.0,0.0,0.024,179377.957055
1719703,IT,PL,NONME,BRICK,0.59,292334.028,5,5,292332.996,0.0,0.0,1.0,0.032,495481.40339
1811004,IT,WM,GASDI,INSUR,0.44,292317.633,4,4,292317.609,0.0,0.0,0.0,0.024,664358.256818
1741673,IT,US,HEAVY,MACHI,0.47,292310.667,4,4,292310.644,0.0,0.0,0.0,0.023,621937.589362
1685894,IT,HU,CHEM1,TRANS,0.61,292299.054,4,4,292299.022,0.0,0.0,0.0,0.032,479178.777049
1729195,IT,SE,CERAM,NONFE,0.46,292240.727,5,5,292238.711,0.0,0.0,2.0,0.016,635305.928261
1664831,IT,ES,OILSE,BUSIN,0.21,292189.545,5,5,292187.531,0.0,2.0,0.0,0.014,1391378.785714
1765708,IT,RU,PAPER,WHOLE,1.13,292176.383,5,5,292174.354,0.0,2.0,0.0,0.029,258563.170796
1718146,IT,PL,VEGE1,HOTEL,0.9,292106.8,5,5,292104.736,0.0,2.0,0.0,0.064,324563.111111
1786090,IT,ZA,NONME,CHEM1,0.59,292062.754,5,5,292061.722,0.0,0.0,1.0,0.032,495021.616949
1757460,IT,BR,PAPER,RUBBE,1.13,292027.938,5,5,292025.909,0.0,2.0,0.0,0.029,258431.80354
1812959,IT,WM,MACHI,ETHAN,1.63,291970.701,4,4,291970.677,0.0,0.0,0.0,0.024,179123.129448
1751261,IT,CN,HOTEL,RESEA,2.12,291944.672,5,5,291943.65,0.0,1.0,0.0,0.022,137709.750943
1652501,IT,CZ,WEARI,MOTO1,2.2,291916.76,5,5,291915.705,0.0,1.0,0.0,0.055,132689.436364
1784230,IT,ID,PLAST,ELECT,0.61,291913.463,4,4,291913.433,0.0,0.0,0.0,0.03,478546.660656
1656550,IT,DE,PAPER,PUBLI,1.13,291902.88,5,5,291900.851,0.0,2.0,0.0,0.029,258321.132743
1798492,IT,WE,NATUR,PUBLI,0.41,291849.844,4,4,291849.825,0.0,0.0,0.0,0.019,711828.887805
1741302,IT,US,PAPER,MACHI,1.13,291779.424,5,5,291777.395,0.0,2.0,0.0,0.029,258211.879646
1682474,IT,HR,PAPER,RECRE,1.13,291748.135,5,5,291746.106,0.0,2.0,0.0,0.029,258184.190265
1720382,IT,PL,MACHI,RAWMI,1.63,291727.489,4,4,291727.465,0.0,0.0,0.0,0.024,178973.919632
1785240,IT,ZA,TEXTI,GASDI,1.73,291673.312,4,4,291673.273,0.0,0.0,0.0,0.039,168597.290173
1805622,IT,WF,NONME,SANDC,0.59,291671.928,5,5,291670.896,0.0,0.0,1.0,0.032,494359.2
1682922,IT,HR,NAPHT,WHOLE,0.49,291607.929,5,5,291606.908,0.0,0.0,1.0,0.021,595118.222449
1675880,IT,FR,ELEC2,PRINT,0.07,291546.869,4,4,291546.838,0.0,0.0,0.0,0.031,4164955.271429
1680243,IT,GR,TRANS,RAILW,1.74,291513.23,4,4,291513.214,0.0,0.0,0.0,0.016,167536.33908
1682333,IT,HR,WOODW,PAPER,0.82,291499.494,5,5,291497.474,0.0,2.0,0.0,0.02,355487.187805
1789382,IT,WA,CHEM1,CEMEN,0.61,291473.63,4,4,291473.598,0.0,0.0,0.0,0.032,477825.622951
1721386,IT,PL,SEACO,BASIC,0.3,291470.291,4,4,291470.286,0.0,0.0,0.0,0.005,971567.636667
1746410,IT,JP,RUBBE,RETA1,0.97,291448.79,4,4,291448.764,0.0,0.0,0.0,0.026,300462.670103
1745450,IT,JP,DAIRY,HEALT,1.18,291445.504,5,5,291443.484,0.0,2.0,0.0,0.02,246987.715254
1662219,IT,DK,GLASS,GLASS,0.8,291423.18,5,5,291422.163,0.0,0.0,1.0,0.017,364278.975
1811539,IT,WM,PFERT,CROPS,0.13,291415.289,4,4,291415.242,0.0,0.0,0.0,0.047,2241656.069231
1716900,IT,NL,HOTEL,AUXIL,2.11,291378.331,5,5,291377.309,0.0,1.0,0.0,0.022,138093.995735
1801694,IT,WE,FURNI,BUSIN,0.93,291209.602,6,6,291207.577,0.0,1.0,1.0,0.025,313128.604301
1723301,IT,PT,CERAM,HOTEL,0.45,291182.977,5,5,291180.961,0.0,0.0,2.0,0.016,647073.282222
1649914,IT,BG,FABRI,WOODW,1.18,291148.128,5,5,291147.107,0.0,0.0,1.0,0.021,246735.701695
1720243,IT,PL,FABRI,VEGET,1.18,291146.659,5,5,291145.638,0.0,0.0,1.0,0.021,246734.45678
1760946,IT,IN,HEAVY,MACHI,0.47,291131.106,4,4,291131.083,0.0,0.0,0.0,0.023,619427.885106
1805352,IT,WF,RUBBE,TEXTI,0.96,291109.972,4,4,291109.946,0.0,0.0,0.0,0.026,303239.554167
1800610,IT,WE,GLASS,FABRI,0.8,291108.04,5,5,291107.023,0.0,0.0,1.0,0.017,363885.05
1670475,IT,FI,BEVER,BEVER,1.24,291099.867,5,5,291098.848,0.0,1.0,0.0,0.019,234757.957258
1794075,IT,WL,PAPER,WOODW,1.13,291027.526,5,5,291025.497,0.0,2.0,0.0,0.029,257546.483186
1805890,IT,WF,ALUM1,TRANS,0.51,291026.382,4,4,291026.359,0.0,0.0,0.0,0.023,570639.964706
1758540,IT,BR,MACHI,REALE,1.62,291023.324,4,4,291023.3,0.0,0.0,0.0,0.024,179644.02716
1798654,IT,WE,MEAT4,93197,1.6,291003.869,5,5,291002.849,0.0,1.0,0.0,0.02,181877.418125
1646383,IT,BE,FABRI,FURNI,1.18,290998.848,5,5,290997.827,0.0,0.0,1.0,0.021,246609.19322
1752072,IT,CN,BUSIN,FOOD5,2.99,290992.626,6,6,290990.606,0.0,1.0,1.0,0.02,97321.948495
1653172,IT,CZ,CHEM1,RESEA,0.61,290941.122,4,4,290941.09,0.0,0.0,0.0,0.032,476952.659016
1653520,IT,CZ,BASIC,GLASS,0.33,290922.137,4,4,290922.119,0.0,0.0,0.0,0.018,881582.233333
1675751,IT,FR,FURNI,CEMEN,0.93,290917.27,6,6,290915.245,0.0,1.0,1.0,0.025,312814.268817
1666892,IT,ES,GLASS,FURNI,0.8,290891.462,5,5,290890.445,0.0,0.0,1.0,0.017,363614.3275
1769752,IT,AU,MACHI,GASDI,1.62,290887.002,4,4,290886.978,0.0,0.0,0.0,0.024,179559.877778
1755131,IT,KR,LEATH,NONME,2.08,290870.93,5,5,290868.88,0.0,2.0,0.0,0.05,139841.793269
1678847,IT,GR,BEVER,HEALT,1.24,290818.407,5,5,290817.388,0.0,1.0,0.0,0.019,234530.973387
1768611,IT,AU,BEVER,EDUCA,1.24,290802.939,5,5,290801.92,0.0,1.0,0.0,0.019,234518.499194
1687194,IT,HU,CONST,GASDI,1.63,290725.909,5,5,290724.893,0.0,0.0,1.0,0.016,178359.453374
1723496,IT,PT,LEAD1,LEAD1,0.51,290707.615,6,6,290705.59,0.0,1.0,1.0,0.025,570014.931373
1671123,IT,FI,GLASS,GLASS,0.8,290690.925,5,5,290689.908,0.0,0.0,1.0,0.017,363363.65625
1759282,IT,BR,POSTT,MOTO1,4.79,290658.967,4,4,290658.945,0.0,0.0,0.0,0.022,60680.368894
1814132,IT,WM,AIRTR,DIST1,0.32,290650.472,4,4,290650.463,0.0,0.0,0.0,0.009,908282.725
1688860,IT,IE,BASIC,COMPU,0.33,290645.514,4,4,290645.496,0.0,0.0,0.0,0.018,880743.981818
1791690,IT,WA,HOTEL,POSTT,2.11,290644.198,5,5,290643.176,0.0,1.0,0.0,0.022,137746.065403
1738234,IT,GB,CEMEN,RUBBE,0.46,290499.793,5,5,290497.78,0.0,0.0,2.0,0.013,631521.28913
1759608,IT,BR,COMPU,HEALT,3.32,290493.025,5,5,290492.007,0.0,0.0,1.0,0.018,87497.899096
1790316,IT,WA,ALUM1,PLAST,0.5,290482.45,4,4,290482.427,0.0,0.0,0.0,0.023,580964.9
1671187,IT,FI,CEMEN,CONST,0.46,290479.728,5,5,290477.715,0.0,0.0,2.0,0.013,631477.669565
1711275,IT,LU,TRANS,AIRTR,1.73,290428.73,4,4,290428.714,0.0,0.0,0.0,0.016,167877.878613
1674114,IT,FR,HEAVY,PRINT,0.47,290419.411,4,4,290419.388,0.0,0.0,0.0,0.023,617913.640426
1766819,IT,RU,MACHI,DIST1,1.62,290327.113,4,4,290327.089,0.0,0.0,0.0,0.024,179214.267284
1773569,IT,CH,MOTO1,REALE,1.55,290308.734,4,4,290308.715,0.0,0.0,0.0,0.019,187295.957419
1791057,IT,WA,TRANS,VEGE1,1.73,290305.401,4,4,290305.385,0.0,0.0,0.0,0.016,167806.590173
1773161,IT,CH,NONF1,TRANS,0.06,290301.346,4,4,290301.344,0.0,0.0,0.0,0.002,4838355.766667
1799464,IT,WE,PAPER,RUBBE,1.12,290300.822,5,5,290298.793,0.0,2.0,0.0,0.029,259197.1625
1744887,IT,US,BUSIN,WOODW,2.98,290289.259,6,6,290287.239,0.0,1.0,1.0,0.02,97412.50302
1648703,IT,BG,FOOD5,DAIRY,1.39,290280.399,5,5,290279.373,0.0,1.0,0.0,0.026,208834.819424
1650045,IT,BG,MACHI,CEMEN,1.62,290274.999,4,4,290274.975,0.0,0.0,0.0,0.024,179182.098148
1799978,IT,WE,HEAVY,NONSP,0.47,290233.709,4,4,290233.686,0.0,0.0,0.0,0.023,617518.529787
1761438,IT,IN,BASIC,MEDIC,0.33,290163.485,4,4,290163.467,0.0,0.0,0.0,0.018,879283.287879
1642173,IT,AT,CERAM,SUPPO,0.45,290128.866,5,5,290126.85,0.0,0.0,2.0,0.016,644730.813333
1805399,IT,WF,RUBBE,RETA1,0.96,290127.56,4,4,290127.534,0.0,0.0,0.0,0.026,302216.208333
1776026,IT,TR,TEXTI,CHEM1,1.72,290075.72,4,4,290075.681,0.0,0.0,0.0,0.039,168648.674419
1751210,IT,CN,HOTEL,NONME,2.1,290075.381,5,5,290074.359,0.0,1.0,0.0,0.022,138131.13381
1713568,IT,MT,CEMEN,TRANS,0.46,290051.384,5,5,290049.371,0.0,0.0,2.0,0.013,630546.486957
1677100,IT,FR,SUPPO,INSUR,2.08,289989.028,4,4,289989.014,0.0,0.0,0.0,0.014,139417.801923
1683678,IT,HR,FABRI,INSUR,1.18,289979.273,5,5,289978.252,0.0,0.0,1.0,0.021,245745.14661
1677440,IT,FR,INSUR,BUSIN,5.98,289976.304,4,4,289976.291,0.0,0.0,0.0,0.013,48491.020736
1652751,IT,CZ,PAPER,CONST,1.12,289888.722,5,5,289886.693,0.0,2.0,0.0,0.029,258829.216071
1665076,IT,ES,VEGE1,PIGS9,0.89,289866.154,5,5,289864.091,0.0,2.0,0.0,0.063,325692.307865
1766005,IT,RU,CHEM1,CEMEN,0.61,289844.179,4,4,289844.147,0.0,0.0,0.0,0.032,475154.391803
1685832,IT,HU,CHEM1,FORES,0.61,289778.981,4,4,289778.949,0.0,0.0,0.0,0.032,475047.509836
1795789,IT,WL,MACHI,RUBBE,1.62,289772.053,4,4,289772.029,0.0,0.0,0.0,0.024,178871.637654
1668764,IT,ES,LANDT,DISTR,1.87,289722.582,4,4,289722.568,0.0,0.0,0.0,0.014,154931.862032
1790260,IT,WA,PREC1,REALE,0.49,289718.33,6,6,289716.317,0.0,1.0,1.0,0.013,591261.897959
1786304,IT,ZA,FABRI,WHOLE,1.18,289702.202,5,5,289701.181,0.0,0.0,1.0,0.021,245510.340678
1666525,IT,ES,CHEM1,WHEAT,0.61,289686.333,4,4,289686.301,0.0,0.0,0.0,0.032,474895.627869
1665733,IT,ES,PAPER,BIODI,1.12,289679.499,5,5,289677.47,0.0,2.0,0.0,0.029,258642.409821
1649716,IT,BG,NONME,BUSIN,0.59,289678.403,5,5,289677.371,0.0,0.0,1.0,0.032,490980.344068
1746261,IT,JP,CHEM1,ELECT,0.61,289594.93,4,4,289594.898,0.0,0.0,0.0,0.032,474745.786885
1649575,IT,BG,RUBBE,SUPPO,0.96,289587.38,4,4,289587.354,0.0,0.0,0.0,0.026,301653.520833
1667255,IT,ES,PREC1,RESEA,0.49,289562.52,6,6,289560.507,0.0,1.0,1.0,0.013,590943.918367
1790629,IT,WA,FABRI,FOOD5,1.18,289554.765,5,5,289553.744,0.0,0.0,1.0,0.021,245385.394068
1661987,IT,DK,PETRO,FURNI,0.49,289545.466,4,4,289545.443,0.0,0.0,0.0,0.023,590909.114286
1673568,IT,FR,WOODW,CATTL,0.81,289542.315,5,5,289540.295,0.0,2.0,0.0,0.02,357459.648148
1641528,IT,AT,HEAVY,NONME,0.47,289502.973,4,4,289502.95,0.0,0.0,0.0,0.023,615963.77234
1683128,IT,HR,RUBBE,INSUR,0.96,289495.073,4,4,289495.047,0.0,0.0,0.0,0.026,301557.367708
1675110,IT,FR,LEAD1,LEAD1,0.5,289482.168,6,6,289480.144,0.0,1.0,1.0,0.024,578964.336
1640871,IT,AT,LEATH,HEAVY,2.07,289470.124,5,5,289468.074,0.0,2.0,0.0,0.05,139840.639614
1772440,IT,CH,CHEM1,POSTT,0.6,289466.247,4,4,289466.215,0.0,0.0,0.0,0.032,482443.745
1750610,IT,CN,OFFIC,DISTR,0.9,289455.915,4,4,289455.894,0.0,0.0,0.0,0.021,321617.683333
1666390,IT,ES,NAPHT,BIODI,0.49,289392.487,5,5,289391.466,0.0,0.0,1.0,0.021,590596.912245
1813005,IT,WM,MACHI,COLLE,1.61,289387.443,4,4,289387.419,0.0,0.0,0.0,0.024,179743.753416
1772796,IT,CH,NONME,TRAN1,0.58,289358.8,5,5,289357.768,0.0,0.0,1.0,0.032,498894.482759
1804405,IT,WF,KEROS,INLAN,0.43,289309.905,4,4,289309.881,0.0,0.0,0.0,0.024,672813.732558
1806230,IT,WF,MACHI,LEATH,1.61,289291.204,4,4,289291.18,0.0,0.0,0.0,0.024,179683.97764
1745864,IT,JP,LEATH,OFFIC,2.07,289288.507,5,5,289286.457,0.0,2.0,0.0,0.05,139752.901932
1641378,IT,AT,KEROS,POSTT,0.43,289198.918,4,4,289198.894,0.0,0.0,0.0,0.024,672555.623256
1641962,IT,AT,RUBBE,PAPER,0.96,289131.901,4,4,289131.875,0.0,0.0,0.0,0.026,301179.063542
1656824,IT,DE,GASDI,LANDT,0.43,289117.687,4,4,289117.663,0.0,0.0,0.0,0.024,672366.713953
1758048,IT,BR,RUBBE,REALE,0.96,289107.451,4,4,289107.425,0.0,0.0,0.0,0.026,301153.594792
1778106,IT,TR,MOTO1,FURNI,1.54,289090.858,4,4,289090.839,0.0,0.0,0.0,0.019,187721.336364
1670942,IT,FI,CHEM1,NONME,0.6,289078.069,4,4,289078.037,0.0,0.0,0.0,0.032,481796.781667
1800658,IT,WE,CERAM,BASIC,0.45,289054.847,5,5,289053.831,0.0,0.0,1.0,0.016,642344.104444
1800512,IT,WE,RUBBE,CHEM1,0.96,289051.34,4,4,289051.314,0.0,0.0,0.0,0.026,301095.145833
1729149,IT,SE,GLASS,FABRI,0.79,289000.098,5,5,288999.081,0.0,0.0,1.0,0.017,365822.908861
1664341,IT,EE,FABRI,BASIC,1.18,288969.285,5,5,288968.264,0.0,0.0,1.0,0.021,244889.224576
1749011,IT,CN,LEATH,PFERT,2.07,288919.162,5,5,288917.112,0.0,2.0,0.0,0.05,139574.474396
1718339,IT,PL,BEVER,RAWMI,1.23,288912.119,5,5,288911.1,0.0,1.0,0.0,0.019,234887.901626
1794245,IT,WL,MOTOR,SUGAR,0.43,288854.134,4,4,288854.11,0.0,0.0,0.0,0.024,671753.8
1770463,IT,AU,AIRTR,BITUM,0.31,288843.137,4,4,288843.128,0.0,0.0,0.0,0.009,931752.054839
1717846,IT,PL,VEGET,MEAT4,1.02,288811.45,5,5,288810.439,0.0,1.0,0.0,0.011,283148.480392
1746804,IT,JP,MACHI,ALUM1,1.61,288792.004,4,4,288791.98,0.0,0.0,0.0,0.024,179373.915528
1800990,IT,WE,ALUM1,WHOLE,0.5,288731.725,4,4,288731.702,0.0,0.0,0.0,0.023,577463.45
1669204,IT,ES,POSTT,WHOLE,4.76,288731.156,4,4,288731.134,0.0,0.0,0.0,0.022,60657.805882
1757501,IT,BR,PAPER,WASTE,1.12,288712.951,5,5,288710.923,0.0,2.0,0.0,0.028,257779.420536
1680421,IT,GR,ELEC2,RECRE,0.07,288698.875,4,4,288698.845,0.0,0.0,0.0,0.03,4124269.642857
1755530,IT,KR,CHEM1,HEAVY,0.6,288697.72,4,4,288697.688,0.0,0.0,0.0,0.032,481162.866667
1801525,IT,WE,MOTO1,FINAN,1.54,288690.844,4,4,288690.825,0.0,0.0,0.0,0.019,187461.587013
1670367,IT,FI,DAIRY,HOTEL,1.17,288680.362,5,5,288678.342,0.0,2.0,0.0,0.02,246735.352137
1773744,IT,CH,ELEC1,FINAN,0.04,288659.664,4,4,288659.646,0.0,0.0,0.0,0.018,7216491.6
1767474,IT,RU,SEACO,FOOD5,0.29,288638.258,4,4,288638.253,0.0,0.0,0.0,0.005,995304.337931
1750110,IT,CN,BASIC,INLAN,0.33,288633.876,4,4,288633.858,0.0,0.0,0.0,0.018,874648.109091
1811835,IT,WM,RUBBE,FISHF,0.96,288589.073,4,4,288589.047,0.0,0.0,0.0,0.026,300613.617708
1710731,IT,LU,BEVER,BEVER,1.23,288586.221,5,5,288585.202,0.0,1.0,0.0,0.019,234622.943902
1774192,IT,CH,RETA1,FOOD5,3.01,288525.058,5,5,288524.039,0.0,1.0,0.0,0.019,95855.500997
1746256,IT,JP,CHEM1,NONF1,0.6,288482.251,4,4,288482.22,0.0,0.0,0.0,0.031,480803.751667
1801702,IT,WE,ELEC1,CROPS,0.04,288473.826,4,4,288473.808,0.0,0.0,0.0,0.018,7211845.65
1749812,IT,CN,RUBBE,MEATP,0.96,288394.843,4,4,288394.817,0.0,0.0,0.0,0.026,300411.294792
1723153,IT,PT,RUBBE,VEGET,0.96,288371.662,4,4,288371.636,0.0,0.0,0.0,0.026,300387.147917
1790030,IT,WA,NONME,WHOLE,0.58,288344.883,5,5,288343.851,0.0,0.0,1.0,0.032,497146.35
1801006,IT,WE,ALUM1,93197,0.5,288337.066,4,4,288337.043,0.0,0.0,0.0,0.023,576674.132
1772095,IT,CH,COKEO,CERAM,0.04,288300.902,3,3,288300.902,0.0,0.0,0.0,0.0,7207522.55
1736414,IT,SK,LANDT,COPP1,1.86,288294.139,4,4,288294.125,0.0,0.0,0.0,0.014,154996.848925
1728866,IT,SE,CHEM1,VEGET,0.6,288275.355,4,4,288275.324,0.0,0.0,0.0,0.031,480458.925
1730623,IT,SE,RENTI,PLAST,1.72,288256.375,4,4,288256.359,0.0,0.0,0.0,0.016,167590.915698
1777924,IT,TR,MACHI,GASDI,1.61,288234.922,4,4,288234.898,0.0,0.0,0.0,0.024,179027.901863
1773698,IT,CH,FURNI,SALEM,0.92,288203.868,6,6,288201.843,0.0,1.0,1.0,0.025,313265.073913
1813295,IT,WM,TRANS,LANDT,1.72,288192.436,4,4,288192.42,0.0,0.0,0.0,0.016,167553.74186
1676593,IT,FR,HOTEL,FOUND,2.09,288186.262,5,5,288185.24,0.0,1.0,0.0,0.022,137888.163636
1658757,IT,DE,OFFIC,MEMBE,0.89,288078.244,4,4,288078.223,0.0,0.0,0.0,0.021,323683.420225
1689350,IT,IE,RETA1,OFFIC,3.01,288077.334,5,5,288076.315,0.0,1.0,0.0,0.019,95706.755482
1673973,IT,FR,KEROS,HEAVY,0.43,288062.06,4,4,288062.037,0.0,0.0,0.0,0.023,669911.767442
1737344,IT,GB,BEVER,WHOLE,1.22,288045.957,5,5,288044.938,0.0,1.0,0.0,0.019,236103.243443
1814597,IT,WM,BUSIN,SUPPO,2.96,288036.72,6,6,288034.7,0.0,1.0,1.0,0.02,97309.702703
1658767,IT,DE,MOTO1,PIGS9,1.53,288029.17,4,4,288029.151,0.0,0.0,0.0,0.019,188254.359477
1800307,IT,WE,PFERT,PADDY,0.13,287988.555,4,4,287988.509,0.0,0.0,0.0,0.046,2215296.576923
1654880,IT,CZ,POSTT,POSTT,4.74,287976.185,4,4,287976.163,0.0,0.0,0.0,0.022,60754.469409
1645596,IT,BE,CHEM1,REFIN,0.6,287949.038,4,4,287949.007,0.0,0.0,0.0,0.031,479915.063333
1779187,IT,TR,POSTT,FOUND,4.74,287932.159,4,4,287932.137,0.0,0.0,0.0,0.022,60745.181224
1771588,IT,CH,TEXTI,SEACO,1.71,287866.753,4,4,287866.715,0.0,0.0,0.0,0.038,168343.130409
1801176,IT,WE,FABRI,FISH5,1.17,287820.043,5,5,287819.022,0.0,0.0,1.0,0.021,246000.036752
1802433,IT,WE,AIRTR,AIRTR,0.31,287796.576,4,4,287796.567,0.0,0.0,0.0,0.009,928376.051613
1804416,IT,WF,KEROS,PUBLI,0.43,287781.771,4,4,287781.748,0.0,0.0,0.0,0.023,669259.932558
1751424,IT,CN,SEACO,EDUCA,0.29,287672.64,4,4,287672.635,0.0,0.0,0.0,0.005,991974.62069
1683408,IT,HR,BASIC,ALUM1,0.33,287671.623,4,4,287671.605,0.0,0.0,0.0,0.018,871732.190909
1653242,IT,CZ,RUBBE,GLASS,0.95,287621.746,4,4,287621.72,0.0,0.0,0.0,0.026,302759.732632
1668790,IT,ES,LANDT,PUBLI,1.86,287611.244,4,4,287611.23,0.0,0.0,0.0,0.014,154629.701075
1642550,IT,AT,COPP1,BUSIN,0.73,287497.566,5,5,287496.551,0.0,0.0,1.0,0.015,393832.282192
1686465,IT,HU,BASIC,PAPE4,0.33,287465.525,4,4,287465.507,0.0,0.0,0.0,0.018,871107.651515
1741670,IT,US,HEAVY,BASIC,0.46,287438.528,4,4,287438.505,0.0,0.0,0.0,0.023,624866.365217
1794323,IT,WL,MOTOR,FURNI,0.43,287436.903,4,4,287436.88,0.0,0.0,0.0,0.023,668457.913953
1719372,IT,PL,RUBBE,MEATC,0.95,287421.424,4,4,287421.398,0.0,0.0,0.0,0.026,302548.867368
1799874,IT,WE,GASDI,OFFIC,0.43,287418.613,4,4,287418.59,0.0,0.0,0.0,0.023,668415.37907
1651446,IT,CY,GASDI,CONST,0.43,287370.248,4,4,287370.225,0.0,0.0,0.0,0.023,668302.902326
1793549,IT,WL,MEAT4,FISH5,1.58,287349.284,5,5,287348.264,0.0,1.0,0.0,0.02,181866.635443
1813365,IT,WM,FURNI,CHEM1,0.92,287342.7,6,6,287340.675,0.0,1.0,1.0,0.025,312329.021739
1729684,IT,SE,FABRI,PUBLI,1.17,287340.233,5,5,287339.212,0.0,0.0,1.0,0.021,245589.942735
1715977,IT,NL,CERAM,HOTEL,0.45,287305.187,5,5,287304.171,0.0,0.0,1.0,0.016,638455.971111
1678067,IT,FR,HEALT,FOOD5,1.5,287301.284,4,4,287301.273,0.0,0.0,0.0,0.011,191534.189333
1795205,IT,WL,GLASS,CHEM1,0.79,287289.579,5,5,287288.563,0.0,0.0,1.0,0.016,363657.694937
1807727,IT,WF,BUSIN,EDUCA,2.95,287269.282,6,6,287267.262,0.0,1.0,1.0,0.02,97379.417627
1805618,IT,WF,NONME,PRECI,0.58,287233.792,5,5,287232.76,0.0,0.0,1.0,0.032,495230.675862
1718060,IT,PL,MEATP,MEATP,1.16,287224.293,5,5,287223.262,0.0,1.0,0.0,0.031,247607.149138
1745111,IT,US,PUBLI,RECRE,4.7,287211.311,4,4,287211.291,0.0,0.0,0.0,0.02,61108.789574
1772776,IT,CH,NONME,CHEM1,0.58,287180.118,5,5,287179.086,0.0,0.0,1.0,0.032,495138.134483
1748064,IT,JP,BUSIN,ELEC4,2.95,287159.394,6,6,287157.374,0.0,1.0,1.0,0.02,97342.167458
1733879,IT,SI,SEACO,TRANS,0.29,287123.859,4,4,287123.854,0.0,0.0,0.0,0.005,990082.272414
1750417,IT,CN,FABRI,REALE,1.17,287113.783,5,5,287112.762,0.0,0.0,1.0,0.021,245396.395726
1797550,IT,WL,BUSIN,RECRE,2.95,287088.134,6,6,287086.114,0.0,1.0,1.0,0.02,97318.011525
1649396,IT,BG,CHEM1,DAIRY,0.6,287084.978,4,4,287084.947,0.0,0.0,0.0,0.031,478474.963333
1786406,IT,ZA,MACHI,RAILW,1.6,287050.891,4,4,287050.867,0.0,0.0,0.0,0.024,179406.806875
1788251,IT,WA,LEATH,TEXTI,2.06,287028.967,5,5,287026.917,0.0,2.0,0.0,0.05,139334.45
1720021,IT,PL,ALUM1,PLAST,0.5,287008.639,4,4,287008.616,0.0,0.0,0.0,0.023,574017.278
1650262,IT,BG,ELEC1,WEARI,0.04,286993.244,4,4,286993.226,0.0,0.0,0.0,0.018,7174831.1
1774097,IT,CH,WHOLE,PLAST,2.48,286957.608,5,5,286956.591,0.0,0.0,1.0,0.017,115708.712903
1771602,IT,CH,TEXTI,EDUCA,1.7,286927.541,4,4,286927.503,0.0,0.0,0.0,0.038,168780.906471
1758559,IT,BR,MACHI,93197,1.6,286919.371,4,4,286919.347,0.0,0.0,0.0,0.024,179324.606875
1748494,IT,CN,STONE,RECRE,0.93,286877.269,5,5,286861.256,0.0,0.0,16.0,0.013,308470.18172
1777736,IT,TR,NONF1,NONME,0.06,286857.887,4,4,286857.885,0.0,0.0,0.0,0.002,4780964.783333
1674869,IT,FR,NONME,ELEC5,0.58,286831.137,5,5,286830.106,0.0,0.0,1.0,0.031,494536.443103
1749261,IT,CN,PAPER,ELECT,1.11,286814.233,5,5,286812.205,0.0,2.0,0.0,0.028,258391.200901
1795905,IT,WL,OFFIC,BUSIN,0.89,286799.953,4,4,286799.932,0.0,0.0,0.0,0.021,322247.138202
1648603,IT,BG,MEATC,BUSIN,0.96,286758.411,5,5,286754.393,0.0,4.0,0.0,0.018,298706.678125
1657271,IT,DE,CHEM1,COLLE,0.6,286730.743,4,4,286730.712,0.0,0.0,0.0,0.031,477884.571667
1753345,IT,CA,BASIC,BUSIN,0.33,286722.401,4,4,286722.383,0.0,0.0,0.0,0.018,868855.760606
1776484,IT,TR,MOTOR,FURNI,0.43,286688.005,4,4,286687.982,0.0,0.0,0.0,0.023,666716.290698
1674497,IT,FR,RUBBE,CEREA,0.95,286681.691,4,4,286681.665,0.0,0.0,0.0,0.026,301770.201053
1768687,IT,AU,TEXTI,WHOLE,1.7,286680.043,4,4,286680.005,0.0,0.0,0.0,0.038,168635.319412
1689561,IT,IE,AIRTR,FISH5,0.31,286656.026,4,4,286656.017,0.0,0.0,0.0,0.009,924696.858065
1800673,IT,WE,CERAM,FINAN,0.45,286644.151,5,5,286643.135,0.0,0.0,1.0,0.016,636987.002222
1667491,IT,ES,FABRI,TEXTI,1.17,286612.772,5,5,286611.751,0.0,0.0,1.0,0.021,244968.181197
1810893,IT,WM,KERO1,GASDI,0.41,286612.402,4,4,286612.379,0.0,0.0,0.0,0.023,699054.639024
1726372,IT,RO,COPP1,BASIC,0.72,286604.841,5,5,286603.826,0.0,0.0,1.0,0.015,398062.279167
1742337,IT,US,CEMEN,RECRE,0.46,286579.125,5,5,286577.112,0.0,0.0,2.0,0.013,622998.097826
1748477,IT,CN,STONE,FURNI,0.93,286460.751,5,5,286444.738,0.0,0.0,16.0,0.013,308022.312903
1649223,IT,BG,KEROS,ALUM1,0.43,286414.928,4,4,286414.905,0.0,0.0,0.0,0.023,666081.227907
1790906,IT,WA,OFFIC,CHEM1,0.89,286406.09,4,4,286406.069,0.0,0.0,0.0,0.021,321804.595506
1763662,IT,MX,RUBBE,PAPER,0.95,286395.046,4,4,286395.02,0.0,0.0,0.0,0.026,301468.469474
1782395,IT,NO,FABRI,RENTI,1.17,286366.72,5,5,286365.699,0.0,0.0,1.0,0.021,244757.880342
1674548,IT,FR,RUBBE,ADDIT,0.95,286356.297,4,4,286356.271,0.0,0.0,0.0,0.026,301427.681053
1729719,IT,SE,MACHI,STONE,1.6,286350.618,4,4,286350.594,0.0,0.0,0.0,0.024,178969.13625
1665195,IT,ES,FOOD5,BEVER,1.38,286341.614,5,5,286340.588,0.0,1.0,0.0,0.026,207493.923188
1722146,IT,PL,BUSIN,HOTEL,2.94,286339.674,6,6,286337.654,0.0,1.0,1.0,0.02,97394.446939
1748833,IT,CN,TEXTI,RETA1,1.7,286329.451,4,4,286329.413,0.0,0.0,0.0,0.038,168429.088824
1796237,IT,WL,FURNI,COMPU,0.91,286289.96,6,6,286287.935,0.0,1.0,1.0,0.025,314604.351648
1772933,IT,CH,PREC1,KEROS,0.49,286261.438,6,6,286259.425,0.0,1.0,1.0,0.013,584207.016327
1759605,IT,BR,COMPU,BUSIN,3.27,286255.707,4,4,286255.689,0.0,0.0,0.0,0.018,87539.97156
1681581,IT,GR,BUSIN,PUBLI,2.94,286117.556,6,6,286115.536,0.0,1.0,1.0,0.02,97318.896599
1729924,IT,SE,FURNI,CONST,0.91,286109.989,6,6,286107.964,0.0,1.0,1.0,0.025,314406.581319
1792558,IT,WA,RENTI,NONF1,1.71,286075.698,4,4,286075.682,0.0,0.0,0.0,0.016,167295.729825
1799460,IT,WE,PAPER,CHEM1,1.11,286067.654,5,5,286065.626,0.0,2.0,0.0,0.028,257718.607207
1769154,IT,AU,CHEM1,PFERT,0.6,286013.936,4,4,286013.905,0.0,0.0,0.0,0.031,476689.893333
1685840,IT,HU,CHEM1,MEATC,0.6,285983.124,4,4,285983.093,0.0,0.0,0.0,0.031,476638.54
1680340,IT,GR,ELEC1,FABRI,0.04,285964.854,4,4,285964.836,0.0,0.0,0.0,0.018,7149121.35
1650295,IT,BG,ELEC1,REALE,0.04,285933.382,4,4,285933.364,0.0,0.0,0.0,0.018,7148334.55
1795806,IT,WL,MACHI,RADIO,1.6,285919.167,4,4,285919.144,0.0,0.0,0.0,0.023,178699.479375
1645555,IT,BE,CHEM1,CEREA,0.6,285912.585,4,4,285912.554,0.0,0.0,0.0,0.031,476520.975
1802193,IT,WE,HOTEL,RETA1,2.07,285885.464,5,5,285884.442,0.0,1.0,0.0,0.022,138108.919807
1672569,IT,FR,OILSE,HOTEL,0.21,285885.057,5,5,285883.044,0.0,2.0,0.0,0.013,1361357.414286
1671012,IT,FI,RUBBE,VEGET,0.95,285883.82,4,4,285883.794,0.0,0.0,0.0,0.026,300930.336842
1783972,IT,ID,VEGE1,WHOLE,0.88,285794.938,5,5,285792.876,0.0,2.0,0.0,0.062,324766.975
1724373,IT,PT,SEACO,SEACO,0.29,285788.796,4,4,285788.791,0.0,0.0,0.0,0.005,985478.606897
1720489,IT,PL,MACHI,INSUR,1.59,285678.822,4,4,285678.799,0.0,0.0,0.0,0.023,179672.215094
1812241,IT,WM,NONME,WHOLE,0.58,285678.516,5,5,285677.485,0.0,0.0,1.0,0.031,492549.165517
1721018,IT,PL,HOTEL,FOOD5,2.07,285630.65,5,5,285629.628,0.0,1.0,0.0,0.022,137985.821256
1760603,IT,IN,WOODW,ELECT,0.8,285608.016,5,5,285605.997,0.0,2.0,0.0,0.019,357010.02
1753043,IT,CA,CHEM1,LANDT,0.6,285603.969,4,4,285603.938,0.0,0.0,0.0,0.031,476006.615
1767118,IT,RU,FURNI,REALE,0.91,285588.705,6,6,285586.68,0.0,1.0,1.0,0.025,313833.741758
1814437,IT,WM,RENTI,CHEM1,1.71,285585.822,4,4,285585.806,0.0,0.0,0.0,0.016,167009.252632
1765915,IT,RU,PLAST,MEDIC,0.6,285575.163,4,4,285575.134,0.0,0.0,0.0,0.029,475958.605
1728795,IT,SE,NAPHT,GASDI,0.48,285565.546,5,5,285564.526,0.0,0.0,1.0,0.02,594928.220833
1729067,IT,SE,RUBBE,FURNI,0.95,285551.453,4,4,285551.427,0.0,0.0,0.0,0.026,300580.476842
1791604,IT,WA,HOTEL,MEATA,2.07,285549.14,5,5,285548.118,0.0,1.0,0.0,0.022,137946.444444
1714394,IT,NL,VEGET,CROPS,1.01,285546.573,5,5,285545.562,0.0,1.0,0.0,0.011,282719.379208
1785529,IT,ZA,MOTOR,BUSIN,0.43,285536.515,4,4,285536.492,0.0,0.0,0.0,0.023,664038.406977
1747620,IT,JP,AIRTR,REALE,0.31,285526.181,4,4,285526.172,0.0,0.0,0.0,0.009,921052.196774
1667896,IT,ES,MOTO1,NONF1,1.52,285491.345,4,4,285491.326,0.0,0.0,0.0,0.019,187823.253289
1688838,IT,IE,BASIC,WOODW,0.33,285488.48,4,4,285488.462,0.0,0.0,0.0,0.018,865116.606061
1683133,IT,HR,RUBBE,RESEA,0.95,285485.371,4,4,285485.345,0.0,0.0,0.0,0.026,300510.916842
1794264,IT,WL,MOTOR,MEATP,0.43,285422.245,4,4,285422.222,0.0,0.0,0.0,0.023,663772.662791
1812426,IT,WM,PREC1,WOODW,0.48,285409.076,6,6,285407.063,0.0,1.0,1.0,0.013,594602.241667
1756731,IT,KR,SEACO,PUBLI,0.29,285403.594,4,4,285403.589,0.0,0.0,0.0,0.005,984150.324138
1669635,IT,ES,RENTI,RENTI,1.71,285383.896,4,4,285383.88,0.0,0.0,0.0,0.016,166891.167251
1648222,IT,BE,BUSIN,DISTR,2.93,285337.924,6,6,285335.904,0.0,1.0,1.0,0.02,97384.956997
1722489,IT,PT,FOOD5,RAWMI,1.37,285317.417,5,5,285316.391,0.0,1.0,0.0,0.026,208260.888321
1683199,IT,HR,GLASS,RETA1,0.78,285301.593,5,5,285300.577,0.0,0.0,1.0,0.016,365771.273077
1776177,IT,TR,LEATH,PUBLI,2.04,285290.838,5,5,285288.789,0.0,2.0,0.0,0.049,139848.45
1799653,IT,WE,MOTOR,NFERT,0.43,285275.534,4,4,285275.511,0.0,0.0,0.0,0.023,663431.474419
1679145,IT,GR,PAPER,RETA1,1.11,285250.067,5,5,285248.039,0.0,2.0,0.0,0.028,256982.042342
1664253,IT,EE,BASIC,PULP5,0.33,285220.471,4,4,285220.453,0.0,0.0,0.0,0.018,864304.457576
1780154,IT,TW,HOTEL,ALUM1,2.07,285171.61,5,5,285170.589,0.0,1.0,0.0,0.021,137764.062802
1813301,IT,WM,TRANS,POSTT,1.7,285165.738,4,4,285165.723,0.0,0.0,0.0,0.015,167744.551765
1726686,IT,RO,TRANS,WHOLE,1.7,285135.363,4,4,285135.348,0.0,0.0,0.0,0.015,167726.684118
1661837,IT,DK,PAPER,FOOD5,1.1,285123.49,5,5,285121.462,0.0,2.0,0.0,0.028,259203.172727
1643031,IT,AT,CONST,HOTEL,1.59,285114.242,5,5,285113.227,0.0,0.0,1.0,0.015,179317.133333
1711974,IT,LV,VEGET,FOOD5,1.01,285102.957,5,5,285101.946,0.0,1.0,0.0,0.011,282280.155446
1743178,IT,US,MOTO1,FOOD3,1.52,285082.876,4,4,285082.857,0.0,0.0,0.0,0.019,187554.523684
1738297,IT,GB,BASIC,TEXTI,0.33,285074.06,4,4,285074.042,0.0,0.0,0.0,0.018,863860.787879
1762982,IT,MX,FOOD5,POULT,1.37,285067.63,5,5,285066.605,0.0,1.0,0.0,0.025,208078.562044
1648461,IT,BG,VEGET,FOOD5,1.01,285055.275,5,5,285054.264,0.0,1.0,0.0,0.011,282232.945545
1751431,IT,CN,AIRTR,FORES,0.31,285043.835,4,4,285043.826,0.0,0.0,0.0,0.009,919496.241935
1777284,IT,TR,RUBBE,PUBLI,0.94,285033.611,4,4,285033.585,0.0,0.0,0.0,0.026,303227.245745
1677963,IT,FR,BUSIN,93197,2.93,285032.775,6,6,285030.755,0.0,1.0,1.0,0.02,97280.81058
1673893,IT,FR,COKEO,FOUND,0.04,285012.004,3,3,285012.004,0.0,0.0,0.0,0.0,7125300.1
1750434,IT,CN,MACHI,PLANT,1.59,284986.829,4,4,284986.806,0.0,0.0,0.0,0.023,179236.999371
1652415,IT,CZ,TEXTI,ELECT,1.69,284985.044,4,4,284985.006,0.0,0.0,0.0,0.038,168630.20355
1787878,IT,WA,BEVER,RAWMI,1.21,284978.327,5,5,284977.309,0.0,1.0,0.0,0.018,235519.278512
1737315,IT,GB,BEVER,FISH5,1.21,284976.74,5,5,284975.722,0.0,1.0,0.0,0.018,235517.966942
1683505,IT,HR,ALUM1,VEGET,0.5,284968.974,4,4,284968.951,0.0,0.0,0.0,0.023,569937.948
1804733,IT,WF,LIQUE,HEALT,0.5,284905.618,4,4,284905.595,0.0,0.0,0.0,0.023,569811.236
1728206,IT,SE,FOOD5,DAIRY,1.37,284881.715,5,5,284880.69,0.0,1.0,0.0,0.025,207942.857664
1648975,IT,BG,LEATH,LEATH,2.04,284851.136,5,5,284849.087,0.0,2.0,0.0,0.049,139632.909804
1803311,IT,WF,STONE,COPPE,0.92,284850.932,5,5,284834.919,0.0,0.0,16.0,0.013,309620.578261
1756803,IT,KR,AIRTR,MEMBE,0.31,284836.5,4,4,284836.491,0.0,0.0,0.0,0.009,918827.419355
1772306,IT,CH,PLAST,LEATH,0.6,284801.233,4,4,284801.204,0.0,0.0,0.0,0.029,474668.721667
1796136,IT,WL,TRANS,FINAN,1.7,284777.741,4,4,284777.726,0.0,0.0,0.0,0.015,167516.318235
1763855,IT,MX,NONME,BRICK,0.58,284771.633,5,5,284770.602,0.0,0.0,1.0,0.031,490985.574138
1733666,IT,SI,HOTEL,BUSIN,2.06,284756.055,5,5,284755.034,0.0,1.0,0.0,0.021,138231.09466
1728827,IT,SE,PLAST,WOODW,0.6,284699.969,4,4,284699.94,0.0,0.0,0.0,0.029,474499.948333
1745058,IT,US,PUBLI,MOTO1,4.66,284696.61,4,4,284696.59,0.0,0.0,0.0,0.02,61093.693133
1772653,IT,CH,GLASS,RETA1,0.78,284685.68,5,5,284684.664,0.0,0.0,1.0,0.016,364981.641026
1653895,IT,CZ,FABRI,DIST1,1.16,284632.117,5,5,284631.097,0.0,0.0,1.0,0.02,245372.514655
1710772,IT,LU,TEXTI,BUSIN,1.69,284610.156,4,4,284610.118,0.0,0.0,0.0,0.038,168408.376331
1660381,IT,DE,FINAN,OFFIC,3.71,284577.743,4,4,284577.735,0.0,0.0,0.0,0.008,76705.591105
1805702,IT,WF,BASIC,FISH5,0.33,284576.105,4,4,284576.087,0.0,0.0,0.0,0.018,862351.833333
1792028,IT,WA,AIRTR,RAWMI,0.31,284570.921,4,4,284570.912,0.0,0.0,0.0,0.009,917970.712903
1673488,IT,FR,LEATH,VEGET,2.04,284553.904,5,5,284551.855,0.0,2.0,0.0,0.049,139487.207843
1726980,IT,RO,HOTEL,FURNI,2.06,284550.971,5,5,284549.95,0.0,1.0,0.0,0.021,138131.53932
1656834,IT,DE,GASDI,PUBLI,0.42,284543.351,4,4,284543.328,0.0,0.0,0.0,0.023,677484.169048
1743543,IT,US,HOTEL,PLANT,2.06,284543.268,5,5,284542.247,0.0,1.0,0.0,0.021,138127.8
1657489,IT,DE,RUBBE,FOODW,0.94,284513.813,4,4,284513.787,0.0,0.0,0.0,0.026,302674.269149
1787919,IT,WA,BEVER,WHOLE,1.21,284496.286,5,5,284495.268,0.0,1.0,0.0,0.018,235120.897521
1714146,IT,MT,AIRTR,BUSIN,0.31,284474.543,4,4,284474.534,0.0,0.0,0.0,0.009,917659.816129
1676979,IT,FR,AIRTR,SALEM,0.31,284430.103,4,4,284430.094,0.0,0.0,0.0,0.009,917516.46129
1644081,IT,AT,BUSIN,AIRTR,2.92,284374.626,6,6,284372.606,0.0,1.0,1.0,0.02,97388.570548
1809650,IT,WM,DAIRY,RETA1,1.16,284365.959,5,5,284363.94,0.0,2.0,0.0,0.019,245143.068103
1812653,IT,WM,COPP1,GASDI,0.72,284329.81,5,5,284328.795,0.0,0.0,1.0,0.015,394902.513889
1760538,IT,IN,LEATH,WOODW,2.04,284303.789,5,5,284301.74,0.0,2.0,0.0,0.049,139364.602451
1799478,IT,WE,PAPER,OFFIC,1.1,284289.09,5,5,284287.062,0.0,2.0,0.0,0.028,258444.627273
1720206,IT,PL,COPP1,REALE,0.72,284274.023,5,5,284273.008,0.0,0.0,1.0,0.015,394825.031944
1800995,IT,WE,ALUM1,INSUR,0.49,284260.583,4,4,284260.56,0.0,0.0,0.0,0.023,580123.638776
1659801,IT,DE,LANDT,LIQUE,1.83,284254.525,4,4,284254.512,0.0,0.0,0.0,0.013,155330.34153
1809897,IT,WM,BEVER,PFERT,1.21,284202.964,5,5,284201.946,0.0,1.0,0.0,0.018,234878.482645
1802942,IT,WF,WHEAT,FISHF,0.22,284182.631,5,5,284180.624,0.0,2.0,0.0,0.007,1291739.231818
1769592,IT,AU,NONF1,NONF1,0.06,284173.649,4,4,284173.647,0.0,0.0,0.0,0.002,4736227.483333
1672820,IT,FR,MEAT4,DAIRY,1.56,284168.266,5,5,284167.247,0.0,1.0,0.0,0.019,182159.144872
1757590,IT,BR,GASDI,KEROS,0.42,284167.581,4,4,284167.558,0.0,0.0,0.0,0.023,676589.478571
1763322,IT,MX,PAPER,HOTEL,1.1,284132.53,5,5,284130.502,0.0,2.0,0.0,0.028,258302.3
1682882,IT,HR,NAPHT,TEXTI,0.48,284122.783,5,5,284121.763,0.0,0.0,1.0,0.02,591922.464583
1796976,IT,WL,AIRTR,LEAD1,0.31,284116.936,4,4,284116.927,0.0,0.0,0.0,0.009,916506.245161
1762994,IT,MX,FOOD5,BEVER,1.36,284111.395,5,5,284110.37,0.0,1.0,0.0,0.025,208905.4375
1774522,IT,CH,LANDT,PUBLI,1.83,284074.062,4,4,284074.049,0.0,0.0,0.0,0.013,155231.727869
1795614,IT,WL,FABRI,NATUR,1.16,284073.751,5,5,284072.731,0.0,0.0,1.0,0.02,244891.164655
1762215,IT,IN,SEACO,FURNI,0.29,284021.441,4,4,284021.436,0.0,0.0,0.0,0.005,979384.27931
1727005,IT,RO,HOTEL,INSUR,2.06,283904.459,5,5,283903.438,0.0,1.0,0.0,0.021,137817.698544
1671430,IT,FI,FABRI,MOTO1,1.16,283899.563,5,5,283898.543,0.0,0.0,1.0,0.02,244741.002586
1796151,IT,WL,FURNI,VEGET,0.91,283870.287,6,6,283868.263,0.0,1.0,1.0,0.024,311945.37033
1775760,IT,TR,CRUDE,BITU1,0.56,283828.474,4,4,283828.45,0.0,0.0,0.0,0.024,506836.560714
1715215,IT,NL,WOODW,WHOLE,0.79,283809.407,5,5,283807.388,0.0,2.0,0.0,0.019,359252.413924
1682587,IT,HR,KEROS,WHEAT,0.42,283761.54,4,4,283761.517,0.0,0.0,0.0,0.023,675622.714286
1788361,IT,WA,WOODW,PIGS9,0.79,283755.336,5,5,283753.317,0.0,2.0,0.0,0.019,359183.96962
1793369,IT,WL,VEGET,CHEM1,1.0,283739.865,5,5,283738.854,0.0,1.0,0.0,0.011,283739.865
1679098,IT,GR,PAPER,FOOD5,1.1,283729.894,5,5,283727.866,0.0,2.0,0.0,0.028,257936.267273
1718027,IT,PL,CHEMI,ELEC2,0.68,283723.462,6,6,283708.435,0.0,1.0,14.0,0.027,417240.385294
1657453,IT,DE,RUBBE,ELEC3,0.94,283717.572,4,4,283717.546,0.0,0.0,0.0,0.026,301827.204255
1761966,IT,IN,FURNI,POSTT,0.91,283695.498,6,6,283693.474,0.0,1.0,1.0,0.024,311753.294505
1658650,IT,DE,MACHI,WOOD1,1.58,283663.964,4,4,283663.941,0.0,0.0,0.0,0.023,179534.15443
1793883,IT,WL,TEXTI,PUBLI,1.68,283630.047,4,4,283630.009,0.0,0.0,0.0,0.038,168827.408929
1683015,IT,HR,CHEM1,FABRI,0.59,283628.451,4,4,283628.42,0.0,0.0,0.0,0.031,480726.188136
1777603,IT,TR,ALUM1,GLASS,0.49,283624.169,4,4,283624.146,0.0,0.0,0.0,0.023,578824.834694
1728829,IT,SE,PLAST,PAPER,0.6,283617.016,4,4,283616.987,0.0,0.0,0.0,0.029,472695.026667
1641079,IT,AT,PAPER,PLAST,1.1,283609.371,5,5,283607.343,0.0,2.0,0.0,0.028,257826.700909
1715538,IT,NL,GASDI,RAILW,0.42,283598.174,4,4,283598.151,0.0,0.0,0.0,0.023,675233.747619
1726993,IT,RO,HOTEL,WHOLE,2.06,283596.845,5,5,283595.824,0.0,1.0,0.0,0.021,137668.371359
1753018,IT,CA,CHEM1,BASIC,0.59,283575.228,4,4,283575.197,0.0,0.0,0.0,0.031,480635.979661
1656754,IT,DE,KEROS,KEROS,0.42,283563.206,4,4,283563.183,0.0,0.0,0.0,0.023,675150.490476
1731073,IT,SI,VEGET,HOTEL,1.0,283507.651,5,5,283506.64,0.0,1.0,0.0,0.011,283507.651
1737218,IT,GB,PROCE,BEVER,1.92,283464.043,5,5,283463.025,0.0,1.0,0.0,0.018,147637.522396
1755981,IT,KR,ALUM1,RADIO,0.49,283451.655,4,4,283451.632,0.0,0.0,0.0,0.023,578472.765306
1771675,IT,CH,WEARI,HOTEL,2.14,283439.878,5,5,283438.824,0.0,1.0,0.0,0.054,132448.541121
1686591,IT,HU,ALUM1,REALE,0.49,283419.274,4,4,283419.251,0.0,0.0,0.0,0.023,578406.681633
1801199,IT,WE,FABRI,CHEM1,1.15,283385.709,5,5,283384.689,0.0,0.0,1.0,0.02,246422.355652
1776301,IT,TR,PAPER,PLAST,1.1,283355.792,5,5,283353.764,0.0,2.0,0.0,0.028,257596.174545
1679350,IT,GR,PLAST,TEXTI,0.59,283341.454,4,4,283341.425,0.0,0.0,0.0,0.029,480239.752542
1643630,IT,AT,AIRTR,MOTO1,0.31,283332.696,4,4,283332.687,0.0,0.0,0.0,0.009,913976.43871
1643645,IT,AT,AIRTR,HOTEL,0.31,283324.599,4,4,283324.59,0.0,0.0,0.0,0.009,913950.319355
1715630,IT,NL,NAPHT,LIQUE,0.48,283304.383,5,5,283303.363,0.0,0.0,1.0,0.02,590217.464583
1643989,IT,AT,COMPU,RESEA,3.24,283303.801,4,4,283303.783,0.0,0.0,0.0,0.018,87439.444753
1689608,IT,IE,AIRTR,PUBLI,0.31,283297.35,4,4,283297.341,0.0,0.0,0.0,0.009,913862.419355
1737595,IT,GB,PAPER,PULP5,1.1,283271.484,5,5,283269.456,0.0,2.0,0.0,0.028,257519.530909
1740240,IT,GB,BUSIN,FURNI,2.91,283269.459,6,6,283267.439,0.0,1.0,1.0,0.02,97343.456701
1812524,IT,WM,ALUM1,MOTOR,0.49,283268.82,4,4,283268.797,0.0,0.0,0.0,0.023,578099.632653
1710600,IT,LU,OILSE,BUSIN,0.2,283262.949,5,5,283260.936,0.0,2.0,0.0,0.013,1416314.745
1657004,IT,DE,NAPHT,MOTOR,0.48,283256.403,5,5,283255.383,0.0,0.0,1.0,0.02,590117.50625
1746873,IT,JP,MACHI,RECRE,1.58,283238.353,4,4,283238.33,0.0,0.0,0.0,0.023,179264.78038
1682608,IT,HR,KEROS,FOOD5,0.42,283205.27,4,4,283205.247,0.0,0.0,0.0,0.023,674298.261905
1794821,IT,WL,PLAST,ELECT,0.59,283155.039,4,4,283155.01,0.0,0.0,0.0,0.029,479923.794915
1750390,IT,CN,FABRI,ELEC4,1.15,283153.782,5,5,283152.762,0.0,0.0,1.0,0.02,246220.68
1667586,IT,ES,FABRI,RECRE,1.15,283141.338,5,5,283140.318,0.0,0.0,1.0,0.02,246209.85913
1773704,IT,CH,FURNI,LANDT,0.9,283139.705,6,6,283137.681,0.0,1.0,1.0,0.024,314599.672222
1744818,IT,US,RESEA,RETA1,1.53,283116.551,4,4,283116.531,0.0,0.0,0.0,0.02,185043.497386
1811537,IT,WM,PFERT,SUGAR,0.12,283079.562,4,4,283079.517,0.0,0.0,0.0,0.045,2358996.35
1800674,IT,WE,CERAM,INSUR,0.44,283075.602,5,5,283074.587,0.0,0.0,1.0,0.015,643353.640909
1785847,IT,ZA,CHEM1,LANDT,0.59,283070.107,4,4,283070.076,0.0,0.0,0.0,0.031,479779.842373
1684182,IT,HR,LANDT,CONST,1.83,283044.975,4,4,283044.962,0.0,0.0,0.0,0.013,154669.385246
1738172,IT,GB,GLASS,BUSIN,0.78,283015.214,5,5,283014.198,0.0,0.0,1.0,0.016,362840.017949
1730934,IT,SE,INTER,WHOLE,1.7,283004.844,5,5,283003.826,0.0,0.0,1.0,0.018,166473.437647
1686906,IT,HU,MACHI,BEVER,1.58,282989.244,4,4,282989.221,0.0,0.0,0.0,0.023,179107.116456
1647149,IT,BE,HOTEL,INTER,2.05,282958.802,5,5,282957.781,0.0,1.0,0.0,0.021,138028.683902
1811902,IT,WM,RUBBE,TRANS,0.94,282898.956,4,4,282898.93,0.0,0.0,0.0,0.026,300956.33617
1799566,IT,WE,PRINT,RETA1,2.71,282898.418,5,5,282897.396,0.0,1.0,0.0,0.022,104390.560148
1680930,IT,GR,TRAN2,KEROS,0.44,282834.267,4,4,282834.259,0.0,0.0,0.0,0.008,642805.152273
1676884,IT,FR,TRAN2,NAPHT,0.44,282811.069,4,4,282811.061,0.0,0.0,0.0,0.008,642752.429545
1714884,IT,NL,BEVER,BEVER,1.2,282809.492,5,5,282808.474,0.0,1.0,0.0,0.018,235674.576667
1805621,IT,WF,NONME,STONE,0.57,282795.811,5,5,282794.78,0.0,0.0,1.0,0.031,496133.001754
1793381,IT,WL,VEGET,REALE,1.0,282789.945,5,5,282788.934,0.0,1.0,0.0,0.011,282789.945
1789954,IT,WA,CEMEN,RESEA,0.45,282767.738,5,5,282765.725,0.0,0.0,2.0,0.013,628372.751111
1664141,IT,EE,RUBBE,OFFIC,0.94,282741.758,4,4,282741.732,0.0,0.0,0.0,0.026,300789.104255
1676769,IT,FR,LANDT,FISH5,1.82,282737.184,4,4,282737.171,0.0,0.0,0.0,0.013,155350.101099
1685407,IT,HU,LEATH,BUSIN,2.03,282736.227,5,5,282734.178,0.0,2.0,0.0,0.049,139278.929557
1805589,IT,WF,CEMEN,HOTEL,0.45,282726.969,5,5,282724.956,0.0,0.0,2.0,0.013,628282.153333
1748619,IT,CN,DAIRY,MEAT1,1.15,282716.904,5,5,282714.885,0.0,2.0,0.0,0.019,245840.786087
1645108,IT,BE,PAPER,RESEA,1.1,282707.3,5,5,282705.272,0.0,2.0,0.0,0.028,257006.636364
1760632,IT,IN,PULP5,PLAST,0.86,282701.073,5,5,282700.046,0.0,1.0,0.0,0.027,328722.177907
1668707,IT,ES,LANDT,WOODW,1.82,282665.199,4,4,282665.186,0.0,0.0,0.0,0.013,155310.548901
1812570,IT,WM,ALUM1,RESEA,0.49,282585.582,4,4,282585.559,0.0,0.0,0.0,0.023,576705.269388
1643600,IT,AT,AIRTR,WOODW,0.31,282536.152,4,4,282536.143,0.0,0.0,0.0,0.009,911406.941935
1755400,IT,KR,KEROS,PUBLI,0.42,282525.653,4,4,282525.63,0.0,0.0,0.0,0.023,672680.12619
1731239,IT,SI,MEATC,BUSIN,0.94,282513.053,5,5,282509.035,0.0,4.0,0.0,0.018,300545.801064
1680078,IT,GR,MACHI,SUPPO,1.58,282497.508,4,4,282497.485,0.0,0.0,0.0,0.023,178795.891139
1661577,IT,DK,BEVER,RADIO,1.2,282494.32,5,5,282493.302,0.0,1.0,0.0,0.018,235411.933333
1668675,IT,ES,LANDT,VEGET,1.82,282465.905,4,4,282465.892,0.0,0.0,0.0,0.013,155201.046703
1796019,IT,WL,MOTO1,REALE,1.5,282462.132,4,4,282462.114,0.0,0.0,0.0,0.018,188308.088
1731690,IT,SI,WOODW,WHOLE,0.79,282436.405,5,5,282434.386,0.0,2.0,0.0,0.019,357514.436709
1641289,IT,AT,MOTOR,SUPPO,0.42,282433.997,4,4,282433.974,0.0,0.0,0.0,0.023,672461.897619
1794864,IT,WL,PFERT,RAWMI,0.12,282419.112,4,4,282419.067,0.0,0.0,0.0,0.045,2353492.6
1758118,IT,BR,CERAM,CERAM,0.44,282386.731,5,5,282385.716,0.0,0.0,1.0,0.015,641788.025
1672388,IT,FI,BUSIN,FABRI,2.9,282363.956,6,6,282361.937,0.0,1.0,1.0,0.019,97366.881379
1719949,IT,PL,PREC1,WHOLE,0.48,282349.858,6,6,282347.845,0.0,1.0,1.0,0.013,588228.870833
1758054,IT,BR,RUBBE,HEALT,0.94,282304.453,4,4,282304.427,0.0,0.0,0.0,0.026,300323.88617
1643474,IT,AT,LANDT,HOTEL,1.82,282300.189,4,4,282300.176,0.0,0.0,0.0,0.013,155109.993956
1752397,IT,CA,VEGE1,LEATH,0.87,282291.995,5,5,282289.934,0.0,2.0,0.0,0.061,324473.557471
1689739,IT,IE,FINAN,CONST,3.68,282284.26,4,4,282284.252,0.0,0.0,0.0,0.008,76707.679348
1667019,IT,ES,CEMEN,BUSIN,0.45,282244.643,5,5,282242.63,0.0,0.0,2.0,0.013,627210.317778
1728452,IT,SE,LEATH,LEATH,2.02,282213.75,5,5,282211.701,0.0,2.0,0.0,0.049,139709.777228
1731683,IT,SI,WOODW,SECO9,0.79,282192.183,5,5,282190.164,0.0,2.0,0.0,0.019,357205.294937
1757566,IT,BR,GASDI,SUGAR,0.42,282173.193,4,4,282173.17,0.0,0.0,0.0,0.023,671840.935714
1777221,IT,TR,RUBBE,PRINT,0.93,282109.766,4,4,282109.74,0.0,0.0,0.0,0.026,303343.834409
1794145,IT,WL,PAPER,RECRE,1.09,282098.63,5,5,282096.602,0.0,2.0,0.0,0.028,258806.082569
1775265,IT,CH,BUSIN,PAPER,2.9,282094.459,6,6,282092.44,0.0,1.0,1.0,0.019,97273.951379
1660414,IT,DE,FINAN,SUPPO,3.67,282083.408,4,4,282083.4,0.0,0.0,0.0,0.008,76861.964033
1715924,IT,NL,GLASS,GLASS,0.77,282078.288,5,5,282077.272,0.0,0.0,1.0,0.016,366335.438961
1677716,IT,FR,RENTI,RETA1,1.69,282059.828,4,4,282059.812,0.0,0.0,0.0,0.016,166899.306509
1667451,IT,ES,NONF1,ELEC3,0.06,281996.657,4,4,281996.655,0.0,0.0,0.0,0.002,4699944.283333
1801501,IT,WE,MOTO1,FURNI,1.5,281994.6,4,4,281994.582,0.0,0.0,0.0,0.018,187996.4
1742803,IT,US,FABRI,FINAN,1.15,281988.563,5,5,281987.543,0.0,0.0,1.0,0.02,245207.446087
1790118,IT,WA,BASIC,GLASS,0.32,281973.978,4,4,281973.96,0.0,0.0,0.0,0.018,881168.68125
1655799,IT,DE,VEGE1,RAWMI,0.87,281973.056,5,5,281970.995,0.0,2.0,0.0,0.061,324106.96092
1668930,IT,ES,AIRTR,WEARI,0.31,281948.042,4,4,281948.033,0.0,0.0,0.0,0.009,909509.812903
1740863,IT,US,DAIRY,BEVER,1.15,281942.465,5,5,281940.446,0.0,2.0,0.0,0.019,245167.36087
1786821,IT,ZA,HOTEL,RETA1,2.04,281937.808,5,5,281936.787,0.0,1.0,0.0,0.021,138204.807843
1741307,IT,US,PAPER,MOTO1,1.09,281908.784,5,5,281906.756,0.0,2.0,0.0,0.028,258631.911927
1641309,IT,AT,MOTOR,MEMBE,0.42,281886.475,4,4,281886.452,0.0,0.0,0.0,0.023,671158.27381
1814140,IT,WM,AIRTR,RAILW,0.31,281853.531,4,4,281853.522,0.0,0.0,0.0,0.009,909204.93871
1796043,IT,WL,TRANS,RAWMI,1.68,281837.793,4,4,281837.778,0.0,0.0,0.0,0.015,167760.591071
1776755,IT,TR,LIQUE,DISTR,0.49,281813.594,4,4,281813.571,0.0,0.0,0.0,0.023,575129.783673
1753409,IT,CA,NONF1,CHEM1,0.06,281802.985,4,4,281802.983,0.0,0.0,0.0,0.002,4696716.416667
1780804,IT,TW,COMPU,TEXTI,3.22,281795.362,4,4,281795.344,0.0,0.0,0.0,0.018,87514.087578
1729478,IT,SE,ALUM1,PLAST,0.49,281738.988,4,4,281738.965,0.0,0.0,0.0,0.023,574977.526531
1761013,IT,IN,PLAST,CRUDE,0.59,281725.398,4,4,281725.369,0.0,0.0,0.0,0.029,477500.674576
1749172,IT,CN,PULP5,CHEM1,0.86,281718.642,5,5,281717.616,0.0,1.0,0.0,0.026,327579.816279
1773789,IT,CH,ELEC2,POSTT,0.07,281696.017,4,4,281695.988,0.0,0.0,0.0,0.029,4024228.814286
1761806,IT,IN,MACHI,EDUCA,1.57,281690.009,4,4,281689.986,0.0,0.0,0.0,0.023,179420.387898
1742481,IT,US,BASIC,NONME,0.32,281689.147,4,4,281689.129,0.0,0.0,0.0,0.018,880278.584375
1805394,IT,WF,RUBBE,DISTR,0.93,281688.502,4,4,281688.476,0.0,0.0,0.0,0.026,302890.862366
1712272,IT,LV,PLAST,DIST1,0.59,281609.904,4,4,281609.875,0.0,0.0,0.0,0.029,477304.922034
1668558,IT,ES,HOTEL,SALEM,2.04,281598.691,5,5,281597.67,0.0,1.0,0.0,0.021,138038.57402
1772905,IT,CH,BASIC,COMPU,0.32,281582.474,4,4,281582.456,0.0,0.0,0.0,0.018,879945.23125
1667116,IT,ES,BASIC,NICKE,0.32,281570.858,4,4,281570.84,0.0,0.0,0.0,0.018,879908.93125
1645414,IT,BE,LIQUE,HEAVY,0.49,281553.883,4,4,281553.86,0.0,0.0,0.0,0.023,574599.761224
1751621,IT,CN,POSTT,BUSIN,4.64,281550.545,4,4,281550.524,0.0,0.0,0.0,0.021,60678.996767
1644826,IT,BE,TEXTI,TRANS,1.67,281491.727,4,4,281491.69,0.0,0.0,0.0,0.037,168557.920359
1689262,IT,IE,WHOLE,MACHI,2.43,281483.506,5,5,281482.49,0.0,0.0,1.0,0.016,115836.833745
1649354,IT,BG,PLAST,WHOLE,0.59,281468.605,4,4,281468.576,0.0,0.0,0.0,0.029,477065.432203
1709592,IT,LT,PAPER,MOTOR,1.09,281447.311,5,5,281445.283,0.0,2.0,0.0,0.028,258208.542202
1774057,IT,CH,WHOLE,VEGET,2.43,281414.535,5,5,281413.519,0.0,0.0,1.0,0.016,115808.450617
1661732,IT,DK,LEATH,FISHF,2.02,281411.294,5,5,281409.245,0.0,2.0,0.0,0.049,139312.521782
1660049,IT,DE,AIRTR,PULP5,0.31,281379.622,4,4,281379.613,0.0,0.0,0.0,0.009,907676.2
1718468,IT,PL,TEXTI,LEATH,1.67,281370.382,4,4,281370.345,0.0,0.0,0.0,0.037,168485.258683
1646577,IT,BE,OFFIC,HEALT,0.87,281364.004,4,4,281363.984,0.0,0.0,0.0,0.02,323406.901149
1795199,IT,WL,GLASS,FISH5,0.77,281345.244,5,5,281344.228,0.0,0.0,1.0,0.016,365383.433766
1659864,IT,DE,LANDT,HOTEL,1.81,281336.094,4,4,281336.081,0.0,0.0,0.0,0.013,155434.306077
1804539,IT,WF,GASDI,COMPU,0.42,281325.496,4,4,281325.473,0.0,0.0,0.0,0.023,669822.609524
1808307,IT,WF,FOOD2,PUBLI,1.64,281301.341,5,5,281300.323,0.0,0.0,1.0,0.018,171525.207927
1765918,IT,RU,PLAST,FURNI,0.59,281269.184,4,4,281269.155,0.0,0.0,0.0,0.029,476727.430508
1777236,IT,TR,RUBBE,CEMEN,0.93,281248.557,4,4,281248.531,0.0,0.0,0.0,0.026,302417.803226
1722938,IT,PT,GASDI,LANDT,0.42,281247.991,4,4,281247.968,0.0,0.0,0.0,0.023,669638.07381
1683526,IT,HR,ALUM1,CEMEN,0.49,281235.994,4,4,281235.971,0.0,0.0,0.0,0.023,573951.008163
1666066,IT,ES,GASDI,CEREA,0.42,281229.702,4,4,281229.679,0.0,0.0,0.0,0.023,669594.528571
1677870,IT,FR,BUSIN,MOTOR,2.89,281199.713,6,6,281197.694,0.0,1.0,1.0,0.019,97300.938754
1755484,IT,KR,PLAST,FURNI,0.59,281194.482,4,4,281194.453,0.0,0.0,0.0,0.029,476600.816949
1785846,IT,ZA,CHEM1,RAILW,0.59,281183.265,4,4,281183.234,0.0,0.0,0.0,0.031,476581.805085
1772690,IT,CH,CERAM,MACHI,0.44,281158.881,5,5,281157.866,0.0,0.0,1.0,0.015,638997.456818
1732424,IT,SI,PLAST,BUSIN,0.59,281132.723,4,4,281132.694,0.0,0.0,0.0,0.029,476496.140678
1741667,IT,US,HEAVY,BRICK,0.45,281112.123,4,4,281112.1,0.0,0.0,0.0,0.023,624693.606667
1662479,IT,DK,ALUM1,RESEA,0.49,281100.567,4,4,281100.544,0.0,0.0,0.0,0.023,573674.626531
1660921,IT,DE,BUSIN,DAIRY,2.89,281079.154,6,6,281077.135,0.0,1.0,1.0,0.019,97259.222837
1686337,IT,HU,NONME,OFFIC,0.57,281077.546,5,5,281076.515,0.0,0.0,1.0,0.031,493118.501754
1773245,IT,CH,FABRI,LANDT,1.14,280973.203,5,5,280972.183,0.0,0.0,1.0,0.02,246467.72193
1721447,IT,PL,AIRTR,MACHI,0.31,280933.387,4,4,280933.378,0.0,0.0,0.0,0.009,906236.732258
1675456,IT,FR,MACHI,PAPE4,1.57,280914.947,4,4,280914.924,0.0,0.0,0.0,0.023,178926.717834
1647433,IT,BE,AIRTR,SALEM,0.31,280913.468,4,4,280913.459,0.0,0.0,0.0,0.009,906172.477419
1799919,IT,WE,HEAVY,CROPS,0.45,280873.216,4,4,280873.193,0.0,0.0,0.0,0.023,624162.702222
1813381,IT,WM,FURNI,OFFIC,0.9,280865.079,6,6,280863.055,0.0,1.0,1.0,0.024,312072.31
1804070,IT,WF,WOODW,HEALT,0.79,280840.945,5,5,280838.926,0.0,2.0,0.0,0.019,355494.867089
1775154,IT,CH,RESEA,CHEMI,1.52,280829.79,4,4,280829.77,0.0,0.0,0.0,0.02,184756.440789
1648732,IT,BG,FOOD5,HOTEL,1.35,280798.284,5,5,280797.259,0.0,1.0,0.0,0.025,207998.728889
1788762,IT,WA,MOTOR,RESEA,0.42,280753.215,4,4,280753.192,0.0,0.0,0.0,0.023,668460.035714
1667700,IT,ES,MACHI,LANDT,1.57,280739.736,4,4,280739.713,0.0,0.0,0.0,0.023,178815.118471
1646392,IT,BE,FABRI,HOTEL,1.14,280731.013,5,5,280729.993,0.0,0.0,1.0,0.02,246255.274561
1805157,IT,WF,CHEM1,SUGAR,0.59,280707.116,4,4,280707.085,0.0,0.0,0.0,0.031,475774.772881
1730487,IT,SE,POSTT,RECRE,4.62,280662.722,4,4,280662.701,0.0,0.0,0.0,0.021,60749.506926
1762772,IT,IN,BUSIN,LANDT,2.88,280633.809,6,6,280631.79,0.0,1.0,1.0,0.019,97442.294792
1681490,IT,GR,RESEA,BUSIN,1.52,280620.718,4,4,280620.698,0.0,0.0,0.0,0.02,184618.893421
1811748,IT,WM,ADDIT,ETHAN,0.65,280583.763,6,6,280580.741,0.0,2.0,1.0,0.022,431667.327692
1766841,IT,RU,MACHI,COMPU,1.57,280528.13,4,4,280528.107,0.0,0.0,0.0,0.023,178680.33758
1666477,IT,ES,PLAST,PRINT,0.59,280522.065,4,4,280522.036,0.0,0.0,0.0,0.029,475461.127119
1775640,IT,CH,93197,HOTEL,1.89,280489.29,4,4,280489.265,0.0,0.0,0.0,0.025,148407.031746
1792282,IT,WA,POSTT,HOTEL,4.62,280488.644,4,4,280488.623,0.0,0.0,0.0,0.021,60711.827706
1662586,IT,DK,FABRI,TRANS,1.14,280470.028,5,5,280469.008,0.0,0.0,1.0,0.02,246026.340351
1799683,IT,WE,MOTOR,ELEC3,0.42,280440.203,4,4,280440.18,0.0,0.0,0.0,0.023,667714.769048
1659465,IT,DE,RETA1,FORES,2.93,280364.107,5,5,280363.089,0.0,1.0,0.0,0.018,95687.408532
1719764,IT,PL,BASIC,COPPE,0.32,280328.898,4,4,280328.88,0.0,0.0,0.0,0.018,876027.80625
1679094,IT,GR,PAPER,MEAT4,1.09,280328.1,5,5,280326.072,0.0,2.0,0.0,0.028,257181.743119
1812293,IT,WM,BASIC,SANDC,0.32,280326.483,4,4,280326.465,0.0,0.0,0.0,0.018,876020.259375
1744793,IT,US,RESEA,ELECT,1.52,280314.846,4,4,280314.826,0.0,0.0,0.0,0.02,184417.661842
1741088,IT,US,TEXTI,BUSIN,1.66,280292.834,4,4,280292.797,0.0,0.0,0.0,0.037,168851.104819
1814096,IT,WM,AIRTR,HEAVY,0.31,280291.107,4,4,280291.098,0.0,0.0,0.0,0.009,904164.86129
1769466,IT,AU,BASIC,CRUDE,0.32,280253.572,4,4,280253.554,0.0,0.0,0.0,0.018,875792.4125
1798592,IT,WE,MEATC,HOTEL,0.94,280252.146,5,5,280248.128,0.0,4.0,0.0,0.018,298140.580851
1771872,IT,CH,WOODW,RESEA,0.78,280237.699,5,5,280235.68,0.0,2.0,0.0,0.019,359279.101282
1675037,IT,FR,ALUM1,DAIRY,0.49,280236.482,4,4,280236.46,0.0,0.0,0.0,0.022,571911.187755
1761111,IT,IN,CHEM1,FOOD5,0.59,280230.389,4,4,280230.358,0.0,0.0,0.0,0.031,474966.761017
1648705,IT,BG,FOOD5,BEVER,1.35,280225.03,5,5,280224.005,0.0,1.0,0.0,0.025,207574.096296
1771165,IT,CH,MEAT4,MEAT4,1.54,280208.689,5,5,280207.67,0.0,1.0,0.0,0.019,181953.694156
1780323,IT,TW,AIRTR,PRECI,0.31,280205.338,4,4,280205.329,0.0,0.0,0.0,0.009,903888.187097
1753153,IT,CA,RUBBE,PUBLI,0.93,280202.935,4,4,280202.91,0.0,0.0,0.0,0.025,301293.478495
1785505,IT,ZA,MOTOR,PFERT,0.42,280190.665,4,4,280190.642,0.0,0.0,0.0,0.023,667120.630952
1770228,IT,AU,HOTEL,MEAT4,2.03,280175.146,5,5,280174.125,0.0,1.0,0.0,0.021,138017.3133
1777261,IT,TR,RUBBE,DISTR,0.93,280173.821,4,4,280173.796,0.0,0.0,0.0,0.025,301262.173118
1742604,IT,US,ALUM1,CONST,0.49,280160.877,4,4,280160.855,0.0,0.0,0.0,0.022,571756.891837
1729370,IT,SE,BASIC,PAPER,0.32,280148.09,4,4,280148.072,0.0,0.0,0.0,0.018,875462.78125
1728479,IT,SE,LEATH,PUBLI,2.01,280096.982,5,5,280094.934,0.0,2.0,0.0,0.048,139351.732338
1773381,IT,CH,MACHI,HEALT,1.56,280090.315,4,4,280090.292,0.0,0.0,0.0,0.023,179545.073718
1642331,IT,AT,BASIC,LEAD1,0.32,280089.703,4,4,280089.685,0.0,0.0,0.0,0.018,875280.321875
1741105,IT,US,TEXTI,MEMBE,1.66,280072.224,4,4,280072.187,0.0,0.0,0.0,0.037,168718.207229
1775230,IT,CH,RESEA,RECRE,1.52,280052.69,4,4,280052.67,0.0,0.0,0.0,0.02,184245.190789
1772779,IT,CH,NONME,CERAM,0.57,280044.01,5,5,280042.979,0.0,0.0,1.0,0.031,491305.280702
1804256,IT,WF,MOTOR,FORES,0.42,280039.827,4,4,280039.804,0.0,0.0,0.0,0.023,666761.492857
1767188,IT,RU,WHOLE,COMPU,2.42,280002.55,5,5,280001.534,0.0,0.0,1.0,0.016,115703.533058
1782387,IT,NO,FABRI,RETA1,1.14,280001.178,5,5,280000.158,0.0,0.0,1.0,0.02,245615.068421
1785640,IT,ZA,HEAVY,CHEMI,0.45,279992.409,4,4,279992.387,0.0,0.0,0.0,0.022,622205.353333
1811254,IT,WM,BITU1,NATUR,0.44,279989.679,4,4,279989.657,0.0,0.0,0.0,0.022,636340.179545
1667558,IT,ES,FABRI,REALE,1.14,279983.16,5,5,279982.14,0.0,0.0,1.0,0.02,245599.263158
1650857,IT,BG,LANDT,DISTR,1.81,279980.24,4,4,279980.227,0.0,0.0,0.0,0.013,154685.21547
1812316,IT,WM,BASIC,KERO1,0.32,279972.027,4,4,279972.009,0.0,0.0,0.0,0.018,874912.584375
1674327,IT,FR,CHEM1,STONE,0.59,279943.288,4,4,279943.257,0.0,0.0,0.0,0.031,474480.149153
1669776,IT,ES,BUSIN,RUBBE,2.88,279931.256,6,6,279929.237,0.0,1.0,1.0,0.019,97198.352778
1666313,IT,ES,LIQUE,CERAM,0.49,279919.945,4,4,279919.922,0.0,0.0,0.0,0.023,571265.193878
1780366,IT,TW,AIRTR,ELECT,0.3,279899.805,4,4,279899.796,0.0,0.0,0.0,0.009,932999.35
1666563,IT,ES,CHEM1,KERO1,0.58,279879.175,4,4,279879.144,0.0,0.0,0.0,0.031,482550.301724
1745173,IT,JP,VEGET,FOOD5,0.99,279878.623,5,5,279877.612,0.0,1.0,0.0,0.011,282705.679798
1805253,IT,WF,CHEM1,SEACO,0.58,279864.173,4,4,279864.142,0.0,0.0,0.0,0.031,482524.436207
1801011,IT,WE,LEAD1,CRUDE,0.49,279820.851,6,6,279818.827,0.0,1.0,1.0,0.024,571062.961224
1686926,IT,HU,MACHI,PLAST,1.56,279820.192,4,4,279820.169,0.0,0.0,0.0,0.023,179371.917949
1731771,IT,SI,PAPER,DAIRY,1.08,279818.481,5,5,279816.453,0.0,2.0,0.0,0.028,259091.186111
1666045,IT,ES,KEROS,RENTI,0.42,279816.539,4,4,279816.516,0.0,0.0,0.0,0.023,666229.854762
1722043,IT,PL,RESEA,HEALT,1.52,279792.677,4,4,279792.657,0.0,0.0,0.0,0.02,184074.129605
1667658,IT,ES,MACHI,CERAM,1.56,279787.008,4,4,279786.985,0.0,0.0,0.0,0.023,179350.646154
1814564,IT,WM,BUSIN,GASDI,2.87,279784.612,6,6,279782.593,0.0,1.0,1.0,0.019,97485.927526
1785984,IT,ZA,RUBBE,REALE,0.93,279716.624,4,4,279716.599,0.0,0.0,0.0,0.025,300770.563441
1644018,IT,AT,BUSIN,FOOD5,2.87,279677.579,6,6,279675.56,0.0,1.0,1.0,0.019,97448.633798
1650519,IT,BG,ELEC6,RETA1,0.04,279668.728,4,4,279668.683,0.0,0.0,0.0,0.045,6991718.2
1758891,IT,BR,HOTEL,CONST,2.03,279646.678,5,5,279645.657,0.0,1.0,0.0,0.021,137756.984236
1748099,IT,JP,BUSIN,EDUCA,2.87,279627.433,6,6,279625.414,0.0,1.0,1.0,0.019,97431.161324
1760688,IT,IN,PAPER,RUBBE,1.08,279617.654,5,5,279615.626,0.0,2.0,0.0,0.028,258905.235185
1774197,IT,CH,RETA1,WEARI,2.92,279601.605,5,5,279600.587,0.0,1.0,0.0,0.018,95753.974315
1801721,IT,WE,ELEC1,WHOLE,0.04,279593.144,4,4,279593.126,0.0,0.0,0.0,0.018,6989828.6
1812856,IT,WM,FABRI,MEDIC,1.14,279565.91,5,5,279564.89,0.0,0.0,1.0,0.02,245233.254386
1812153,IT,WM,CEMEN,CHEM1,0.45,279535.273,5,5,279533.26,0.0,0.0,2.0,0.013,621189.495556
1659041,IT,DE,ELEC2,PUBLI,0.07,279524.482,4,4,279524.453,0.0,0.0,0.0,0.029,3993206.885714
1771874,IT,CH,WOODW,PUBLI,0.78,279513.178,5,5,279511.159,0.0,2.0,0.0,0.019,358350.228205
1666578,IT,ES,CHEM1,NFERT,0.58,279466.288,4,4,279466.257,0.0,0.0,0.0,0.031,481838.427586
1652138,IT,CZ,MEAT4,ANIMA,1.54,279465.761,5,5,279464.742,0.0,1.0,0.0,0.019,181471.273377
1796011,IT,WL,MOTO1,SEACO,1.49,279461.703,4,4,279461.685,0.0,0.0,0.0,0.018,187558.189933
1735161,IT,SK,RUBBE,DAIRY,0.93,279352.078,4,4,279352.053,0.0,0.0,0.0,0.025,300378.578495
1674310,IT,FR,NFERT,PLAST,0.06,279306.136,4,4,279306.113,0.0,0.0,0.0,0.023,4655102.266667
1769945,IT,AU,MOTO1,BUSIN,1.49,279240.449,4,4,279240.431,0.0,0.0,0.0,0.018,187409.697315
1642287,IT,AT,NONME,RESEA,0.56,279180.981,5,5,279179.95,0.0,0.0,1.0,0.031,498537.466071
1653028,IT,CZ,PLAST,BASIC,0.59,279127.965,4,4,279127.937,0.0,0.0,0.0,0.028,473098.245763
1738217,IT,GB,BRICK,GLASS,0.42,279114.997,5,5,279113.979,0.0,0.0,1.0,0.018,664559.516667
1804966,IT,WF,PLAST,CROPS,0.59,279104.35,4,4,279104.322,0.0,0.0,0.0,0.028,473058.220339
1672061,IT,FI,AIRTR,BUSIN,0.3,279078.165,4,4,279078.156,0.0,0.0,0.0,0.009,930260.55
1732054,IT,SI,KEROS,RENTI,0.41,279060.536,4,4,279060.513,0.0,0.0,0.0,0.023,680635.453659
1658506,IT,DE,FABRI,SEWAG,1.14,279054.753,5,5,279053.733,0.0,0.0,1.0,0.02,244784.871053
1723654,IT,PT,MACHI,CATTL,1.56,279045.09,4,4,279045.067,0.0,0.0,0.0,0.023,178875.057692
1726950,IT,RO,HOTEL,PRINT,2.02,279014.027,5,5,279013.006,0.0,1.0,0.0,0.021,138125.755941
1805178,IT,WF,CHEM1,PRECI,0.58,279010.976,4,4,279010.946,0.0,0.0,0.0,0.03,481053.406897
1743001,IT,US,OFFIC,PRINT,0.86,279002.501,4,4,279002.481,0.0,0.0,0.0,0.02,324421.512791
1802443,IT,WE,AIRTR,PUBLI,0.3,278983.196,4,4,278983.187,0.0,0.0,0.0,0.009,929943.986667
1672599,IT,FR,MEATA,FOOD5,1.52,278965.95,5,5,278963.907,0.0,2.0,0.0,0.043,183530.230263
1765767,IT,RU,PRINT,BUSIN,2.68,278942.761,5,5,278941.74,0.0,1.0,0.0,0.021,104083.119776
1765997,IT,RU,CHEM1,NFERT,0.58,278928.999,4,4,278928.969,0.0,0.0,0.0,0.03,480912.067241
1660112,IT,DE,AIRTR,INSUR,0.3,278900.333,4,4,278900.324,0.0,0.0,0.0,0.009,929667.776667
1790947,IT,WA,OFFIC,RECRE,0.86,278865.352,4,4,278865.332,0.0,0.0,0.0,0.02,324262.037209
1672816,IT,FR,MEAT4,MEATP,1.54,278860.011,5,5,278858.992,0.0,1.0,0.0,0.019,181077.929221
1747074,IT,JP,FURNI,MACHI,0.89,278845.649,6,6,278843.625,0.0,1.0,1.0,0.024,313309.717978
1762318,IT,IN,AIRTR,RECRE,0.3,278828.89,4,4,278828.881,0.0,0.0,0.0,0.009,929429.633333
1645728,IT,BE,RUBBE,BEVER,0.92,278807.421,4,4,278807.396,0.0,0.0,0.0,0.025,303051.544565
1675546,IT,FR,MOTO1,RAWMI,1.48,278794.15,4,4,278794.132,0.0,0.0,0.0,0.018,188374.425676
1676047,IT,FR,ELEC6,LANDT,0.04,278726.359,4,4,278726.314,0.0,0.0,0.0,0.045,6968158.975
1719211,IT,PL,CHEM1,SUGAR,0.58,278720.878,4,4,278720.848,0.0,0.0,0.0,0.03,480553.237931
1794099,IT,WL,PAPER,CEMEN,1.08,278687.718,5,5,278685.691,0.0,2.0,0.0,0.027,258044.183333
1777229,IT,TR,RUBBE,PFERT,0.92,278623.95,4,4,278623.925,0.0,0.0,0.0,0.025,302852.119565
1642733,IT,AT,MACHI,CHEM1,1.55,278615.357,4,4,278615.334,0.0,0.0,0.0,0.023,179751.843226
1720071,IT,PL,ALUM1,RESEA,0.48,278597.483,4,4,278597.461,0.0,0.0,0.0,0.022,580411.422917
1736441,IT,SK,LANDT,WHOLE,1.8,278589.035,4,4,278589.022,0.0,0.0,0.0,0.013,154771.686111
1810876,IT,WM,KEROS,COMPU,0.41,278581.889,4,4,278581.866,0.0,0.0,0.0,0.023,679468.021951
1742378,IT,US,NONME,PREC1,0.56,278560.963,5,5,278559.932,0.0,0.0,1.0,0.031,497430.291071
1794542,IT,WL,HEAVY,MEAT1,0.45,278552.986,4,4,278552.964,0.0,0.0,0.0,0.022,619006.635556
1681972,IT,HR,FOOD5,TRANS,1.34,278552.845,5,5,278551.82,0.0,1.0,0.0,0.025,207875.257463
1766168,IT,RU,RUBBE,RESEA,0.92,278535.09,4,4,278535.065,0.0,0.0,0.0,0.025,302755.532609
1790894,IT,WA,OFFIC,MEAT4,0.86,278511.647,4,4,278511.627,0.0,0.0,0.0,0.02,323850.752326
1755282,IT,KR,PAPER,MACHI,1.08,278501.63,5,5,278499.603,0.0,2.0,0.0,0.027,257871.87963
1748550,IT,CN,VEGE1,FISHF,0.86,278479.269,5,5,278477.208,0.0,2.0,0.0,0.061,323813.103488
1777519,IT,TR,BASIC,DISTR,0.32,278476.062,4,4,278476.044,0.0,0.0,0.0,0.018,870237.69375
1774498,IT,CH,LANDT,TRAN1,1.8,278425.885,4,4,278425.872,0.0,0.0,0.0,0.013,154681.047222
1644704,IT,BE,BEVER,MEDIC,1.18,278388.425,5,5,278387.407,0.0,1.0,0.0,0.018,235922.394068
1788299,IT,WA,LEATH,MACHI,1.99,278380.644,5,5,278378.596,0.0,2.0,0.0,0.048,139889.770854
1652320,IT,CZ,BEVER,RETA1,1.18,278336.356,5,5,278335.338,0.0,1.0,0.0,0.018,235878.267797
1801477,IT,WE,MOTO1,PFERT,1.48,278320.957,4,4,278320.939,0.0,0.0,0.0,0.018,188054.700676
1644057,IT,AT,BUSIN,FABRI,2.86,278287.777,6,6,278285.758,0.0,1.0,1.0,0.019,97303.418531
1727802,IT,RO,BUSIN,RUBBE,2.86,278265.702,6,6,278263.683,0.0,1.0,1.0,0.019,97295.7
1738332,IT,GB,BASIC,RAILW,0.32,278255.648,4,4,278255.63,0.0,0.0,0.0,0.018,869548.9
1683369,IT,HR,BASIC,VEGET,0.32,278243.745,4,4,278243.727,0.0,0.0,0.0,0.018,869511.703125
1667454,IT,ES,NONF1,CONST,0.06,278238.715,4,4,278238.713,0.0,0.0,0.0,0.002,4637311.916667
1813378,IT,WM,FURNI,FOUND,0.89,278231.325,6,6,278229.301,0.0,1.0,1.0,0.024,312619.466292
1643079,IT,AT,WHOLE,TEXTI,2.4,278184.945,5,5,278183.929,0.0,0.0,1.0,0.016,115910.39375
1797064,IT,WL,SUPPO,SUPPO,2.0,278165.17,4,4,278165.156,0.0,0.0,0.0,0.014,139082.585
1645262,IT,BE,MOTOR,MOTOR,0.42,278154.672,4,4,278154.649,0.0,0.0,0.0,0.023,662273.028571
1771773,IT,CH,LEATH,LANDT,1.99,278136.93,5,5,278134.882,0.0,2.0,0.0,0.048,139767.301508
1757855,IT,BR,CHEM1,FOOD5,0.58,278022.965,4,4,278022.935,0.0,0.0,0.0,0.03,479349.939655
1759697,IT,BR,BUSIN,POULT,2.86,278002.173,6,6,278000.154,0.0,1.0,1.0,0.019,97203.556993
1794273,IT,WL,MOTOR,FISH5,0.42,277977.324,4,4,277977.301,0.0,0.0,0.0,0.023,661850.771429
1709763,IT,LT,RUBBE,POULT,0.92,277967.374,4,4,277967.349,0.0,0.0,0.0,0.025,302138.45
1760155,IT,BR,WASTE,LIQUE,0.88,277927.598,4,4,277927.583,0.0,0.0,0.0,0.015,315826.815909
1789116,IT,WA,NONSP,GASDI,0.36,277920.174,4,4,277920.159,0.0,0.0,0.0,0.015,772000.483333
1645787,IT,BE,RUBBE,RETA1,0.92,277900.354,4,4,277900.329,0.0,0.0,0.0,0.025,302065.602174
1762770,IT,IN,BUSIN,HOTEL,2.85,277882.224,6,6,277880.205,0.0,1.0,1.0,0.019,97502.534737
1735699,IT,SK,FABRI,COPP1,1.13,277853.222,5,5,277852.202,0.0,0.0,1.0,0.02,245887.80708
1658148,IT,DE,ALUM1,RADIO,0.48,277799.828,4,4,277799.806,0.0,0.0,0.0,0.022,578749.641667
1763969,IT,MX,PREC1,PREC1,0.47,277768.456,6,6,277766.443,0.0,1.0,1.0,0.013,590996.714894
1747299,IT,JP,WHOLE,FURNI,2.4,277758.786,5,5,277757.77,0.0,0.0,1.0,0.016,115732.8275
1644669,IT,BE,BEVER,FISH5,1.18,277756.719,5,5,277755.701,0.0,1.0,0.0,0.018,235387.05
1763150,IT,MX,LEATH,WEARI,1.99,277746.822,5,5,277744.774,0.0,2.0,0.0,0.048,139571.267337
1787430,IT,WA,STONE,FORES,0.9,277727.354,5,5,277711.341,0.0,0.0,16.0,0.013,308585.948889
1673928,IT,FR,MOTOR,SUPPO,0.41,277581.157,4,4,277581.134,0.0,0.0,0.0,0.023,677027.212195
1673887,IT,FR,COKEO,BEVER,0.03,277573.335,3,3,277573.335,0.0,0.0,0.0,0.0,9252444.5
1810525,IT,WM,PAPER,PLAST,1.08,277559.956,5,5,277557.929,0.0,2.0,0.0,0.027,256999.959259
1723179,IT,PT,RUBBE,PAPER,0.92,277548.331,4,4,277548.306,0.0,0.0,0.0,0.025,301682.968478
1799672,IT,WE,MOTOR,FOUND,0.41,277543.755,4,4,277543.732,0.0,0.0,0.0,0.023,676935.987805
1760604,IT,IN,WOODW,RADIO,0.78,277532.269,5,5,277530.25,0.0,2.0,0.0,0.019,355810.601282
1641848,IT,AT,CHEM1,93197,0.58,277524.904,4,4,277524.874,0.0,0.0,0.0,0.03,478491.213793
1790634,IT,WA,FABRI,WEARI,1.13,277510.965,5,5,277509.945,0.0,0.0,1.0,0.02,245584.924779
1795898,IT,WL,OFFIC,POSTT,0.86,277474.584,4,4,277474.564,0.0,0.0,0.0,0.02,322644.865116
1813914,IT,WM,LANDT,REALE,1.79,277467.197,4,4,277467.184,0.0,0.0,0.0,0.013,155009.607263
1814601,IT,WM,BUSIN,AUXIL,2.85,277454.348,6,6,277452.329,0.0,1.0,1.0,0.019,97352.402807
1751373,IT,CN,SEACO,PRINT,0.28,277378.485,4,4,277378.48,0.0,0.0,0.0,0.005,990637.446429
1647551,IT,BE,SUPPO,COMPU,1.99,277370.511,4,4,277370.497,0.0,0.0,0.0,0.014,139382.166332
1804412,IT,WF,KEROS,REALE,0.41,277349.346,4,4,277349.323,0.0,0.0,0.0,0.023,676461.819512
1798242,IT,WE,VEGET,RETA1,0.98,277347.701,5,5,277346.69,0.0,1.0,0.0,0.011,283007.858163
1785534,IT,ZA,MOTOR,RECRE,0.41,277329.796,4,4,277329.773,0.0,0.0,0.0,0.023,676414.136585
1795893,IT,WL,OFFIC,RETA1,0.86,277307.642,4,4,277307.622,0.0,0.0,0.0,0.02,322450.746512
1755126,IT,KR,LEATH,RUBBE,1.99,277306.679,5,5,277304.631,0.0,2.0,0.0,0.048,139350.08995
1725959,IT,RO,CHEM1,MEAT1,0.58,277306.25,4,4,277306.22,0.0,0.0,0.0,0.03,478114.224138
1811031,IT,WM,HEAVY,NATUR,0.45,277288.879,4,4,277288.857,0.0,0.0,0.0,0.022,616197.508889
1719242,IT,PL,CHEM1,TOBAC,0.58,277270.385,4,4,277270.355,0.0,0.0,0.0,0.03,478052.387931
1790603,IT,WA,FABRI,ANTHR,1.13,277263.339,5,5,277262.319,0.0,0.0,1.0,0.02,245365.786726
1794860,IT,WL,PFERT,PLANT,0.12,277260.58,4,4,277260.536,0.0,0.0,0.0,0.044,2310504.833333
1756026,IT,KR,NONF1,RADIO,0.06,277243.763,4,4,277243.761,0.0,0.0,0.0,0.002,4620729.383333
1754557,IT,CA,BUSIN,EDUCA,2.85,277235.296,6,6,277233.277,0.0,1.0,1.0,0.019,97275.542456
1777789,IT,TR,FABRI,FISH5,1.13,277208.041,5,5,277207.021,0.0,0.0,1.0,0.02,245316.850442
1775884,IT,TR,PROCE,FOOD5,1.87,277197.461,5,5,277196.444,0.0,1.0,0.0,0.017,148233.936364
1643647,IT,AT,AIRTR,LANDT,0.3,277197.302,4,4,277197.293,0.0,0.0,0.0,0.009,923991.006667
1788836,IT,WA,GASDI,RAWMI,0.41,277151.042,4,4,277151.019,0.0,0.0,0.0,0.023,675978.15122
1718221,IT,PL,PROCE,FOOD5,1.87,277131.851,5,5,277130.834,0.0,1.0,0.0,0.017,148198.850802
1749106,IT,CN,WOODW,RUBBE,0.78,277113.858,5,5,277111.839,0.0,2.0,0.0,0.019,355274.176923
1759056,IT,BR,SEACO,PFERT,0.28,277102.332,4,4,277102.327,0.0,0.0,0.0,0.005,989651.185714
1670003,IT,ES,HEALT,TRANS,1.44,277070.477,4,4,277070.466,0.0,0.0,0.0,0.011,192410.053472
1669829,IT,ES,BUSIN,AUXIL,2.84,276913.782,6,6,276911.763,0.0,1.0,1.0,0.019,97504.852817
1646266,IT,BE,LEAD1,BUSIN,0.48,276876.775,6,6,276874.752,0.0,1.0,1.0,0.023,576826.614583
1809602,IT,WM,VEGE1,PUBLI,0.85,276852.684,5,5,276850.624,0.0,2.0,0.0,0.06,325709.04
1788563,IT,WA,PAPER,CERAM,1.07,276847.658,5,5,276845.631,0.0,2.0,0.0,0.027,258736.128972
1645708,IT,BE,ADDIT,BUSIN,0.64,276835.339,6,6,276832.317,0.0,2.0,1.0,0.022,432555.217188
1777529,IT,TR,BASIC,RAILW,0.32,276818.964,4,4,276818.946,0.0,0.0,0.0,0.018,865059.2625
1670914,IT,FI,CHEM1,FOOD5,0.58,276800.785,4,4,276800.755,0.0,0.0,0.0,0.03,477242.732759
1744824,IT,US,RESEA,SUPPO,1.5,276727.752,4,4,276727.733,0.0,0.0,0.0,0.019,184485.168
1805839,IT,WF,ALUM1,COPPE,0.48,276724.868,4,4,276724.846,0.0,0.0,0.0,0.022,576510.141667
1739655,IT,GB,AIRTR,HOTEL,0.3,276708.607,4,4,276708.598,0.0,0.0,0.0,0.009,922362.023333
1772667,IT,CH,GLASS,PUBLI,0.76,276577.512,5,5,276576.496,0.0,0.0,1.0,0.016,363917.778947
1723190,IT,PT,RUBBE,CEMEN,0.92,276547.671,4,4,276547.646,0.0,0.0,0.0,0.025,300595.294565
1783679,IT,NO,WASTE,RENTI,0.88,276541.641,4,4,276541.626,0.0,0.0,0.0,0.015,314251.864773
1757792,IT,BR,PLAST,MACHI,0.58,276517.109,4,4,276517.081,0.0,0.0,0.0,0.028,476753.636207
1777213,IT,TR,RUBBE,FISH5,0.92,276512.535,4,4,276512.51,0.0,0.0,0.0,0.025,300557.103261
1713852,IT,MT,ELEC2,FURNI,0.07,276497.743,4,4,276497.714,0.0,0.0,0.0,0.029,3949967.757143
1683675,IT,HR,FABRI,SUPPO,1.13,276460.541,5,5,276459.521,0.0,0.0,1.0,0.02,244655.346018
1784138,IT,ID,PULP5,AUXIL,0.84,276458.635,5,5,276457.609,0.0,1.0,0.0,0.026,329117.422619
1773347,IT,CH,MACHI,SECO9,1.54,276446.909,4,4,276446.886,0.0,0.0,0.0,0.023,179510.97987
1802996,IT,WF,WHEAT,FOUND,0.21,276351.486,5,5,276349.479,0.0,2.0,0.0,0.007,1315959.457143
1656983,IT,DE,LIQUE,REALE,0.48,276350.731,4,4,276350.709,0.0,0.0,0.0,0.022,575730.689583
1743304,IT,US,FURNI,INSUR,0.88,276308.592,6,6,276306.568,0.0,1.0,1.0,0.024,313987.036364
1790678,IT,WA,FABRI,MEDIC,1.12,276291.955,5,5,276290.935,0.0,0.0,1.0,0.02,246689.245536
1764903,IT,MX,AIRTR,SUPPO,0.3,276287.226,4,4,276287.217,0.0,0.0,0.0,0.009,920957.42
1810175,IT,WM,WEARI,HOTEL,2.08,276267.476,5,5,276266.424,0.0,1.0,0.0,0.052,132820.901923
1710540,IT,LT,SUPPO,SUPPO,1.99,276264.951,4,4,276264.937,0.0,0.0,0.0,0.014,138826.608543
1797498,IT,WL,BUSIN,FOOD5,2.84,276216.673,6,6,276214.654,0.0,1.0,1.0,0.019,97259.391901
1774606,IT,CH,SEACO,HOTEL,0.28,276216.086,4,4,276216.081,0.0,0.0,0.0,0.005,986486.021429
1668717,IT,ES,LANDT,LIQUE,1.78,276213.589,4,4,276213.576,0.0,0.0,0.0,0.013,155176.173596
1803525,IT,WF,VEGE1,PREC1,0.85,276191.567,5,5,276189.507,0.0,2.0,0.0,0.06,324931.255294
1768761,IT,AU,WEARI,WHOLE,2.08,276182.867,5,5,276181.815,0.0,1.0,0.0,0.052,132780.224519
1791565,IT,WA,RETA1,CONST,2.88,276180.899,4,4,276180.881,0.0,0.0,0.0,0.018,95896.145486
1678990,IT,GR,LEATH,LEATH,1.98,276155.367,5,5,276153.319,0.0,2.0,0.0,0.048,139472.407576
1784642,IT,ID,MACHI,BUSIN,1.54,276124.962,4,4,276124.939,0.0,0.0,0.0,0.023,179301.923377
1734842,IT,SK,PAPER,FISH5,1.07,276080.001,5,5,276077.974,0.0,2.0,0.0,0.027,258018.692523
1645814,IT,BE,RUBBE,OILHA,0.91,276071.108,4,4,276071.083,0.0,0.0,0.0,0.025,303374.843956
1662587,IT,DK,FABRI,FURNI,1.12,276061.039,5,5,276060.019,0.0,0.0,1.0,0.02,246483.070536
1721554,IT,PL,SUPPO,AIRTR,1.98,276022.711,4,4,276022.697,0.0,0.0,0.0,0.014,139405.409596
1755184,IT,KR,LEATH,MEMBE,1.98,276020.872,5,5,276018.824,0.0,2.0,0.0,0.048,139404.480808
1723369,IT,PT,BASIC,TEXTI,0.32,276007.147,4,4,276007.13,0.0,0.0,0.0,0.017,862522.334375
1805098,IT,WF,NFERT,COPPE,0.06,275962.04,4,4,275962.017,0.0,0.0,0.0,0.023,4599367.333333
1772101,IT,CH,COKEO,FURNI,0.03,275959.231,3,3,275959.231,0.0,0.0,0.0,0.0,9198641.033333
1749031,IT,CN,LEATH,RADIO,1.98,275934.181,5,5,275932.133,0.0,2.0,0.0,0.048,139360.697475
1811085,IT,WM,HEAVY,CONST,0.45,275929.287,4,4,275929.265,0.0,0.0,0.0,0.022,613176.193333
1776807,IT,TR,NAPHT,FABRI,0.47,275924.074,4,4,275924.054,0.0,0.0,0.0,0.02,587072.497872
1790391,IT,WA,LEAD1,WOODW,0.48,275907.373,6,6,275905.35,0.0,1.0,1.0,0.023,574807.027083
1761094,IT,IN,CHEM1,VEGET,0.58,275835.079,4,4,275835.049,0.0,0.0,0.0,0.03,475577.722414
1643660,IT,AT,AIRTR,PUBLI,0.3,275821.813,4,4,275821.804,0.0,0.0,0.0,0.009,919406.043333
1800272,IT,WE,PLAST,TRAN1,0.58,275815.683,4,4,275815.655,0.0,0.0,0.0,0.028,475544.281034
1719240,IT,PL,CHEM1,BEVER,0.58,275799.975,4,4,275799.945,0.0,0.0,0.0,0.03,475517.198276
1809114,IT,WM,CROPS,CHEM1,2.18,275765.047,4,4,275765.032,0.0,0.0,0.0,0.015,126497.727982
1653725,IT,CZ,COPP1,KEROS,0.7,275736.731,5,5,275735.717,0.0,0.0,1.0,0.014,393909.615714
1653392,IT,CZ,CERAM,BIODI,0.43,275735.617,5,5,275734.602,0.0,0.0,1.0,0.015,641245.62093
1748358,IT,CN,OILSE,VEGE1,0.2,275730.971,5,5,275728.958,0.0,2.0,0.0,0.013,1378654.855
1675307,IT,FR,FABRI,FOODW,1.12,275726.809,5,5,275725.789,0.0,0.0,1.0,0.02,246184.650893
1683527,IT,HR,ALUM1,NONME,0.48,275714.307,4,4,275714.285,0.0,0.0,0.0,0.022,574404.80625
1805978,IT,WF,COPP1,MEAT4,0.7,275713.571,5,5,275712.557,0.0,0.0,1.0,0.014,393876.53
1718580,IT,PL,LEATH,CROPS,1.97,275683.505,5,5,275681.457,0.0,2.0,0.0,0.048,139940.865482
1642421,IT,AT,ALUM1,TEXTI,0.48,275662.977,4,4,275662.955,0.0,0.0,0.0,0.022,574297.86875
1659198,IT,DE,CONST,REALE,1.54,275642.446,5,5,275641.431,0.0,0.0,1.0,0.015,178988.601299
1664847,IT,ES,MEATA,MEAT4,1.5,275613.697,5,5,275611.654,0.0,2.0,0.0,0.043,183742.464667
1788030,IT,WA,TEXTI,GLASS,1.63,275611.384,4,4,275611.347,0.0,0.0,0.0,0.037,169086.73865
1758430,IT,BR,FABRI,WHOLE,1.12,275587.124,5,5,275586.104,0.0,0.0,1.0,0.02,246059.932143
1729946,IT,SE,FURNI,RECRE,0.88,275580.284,6,6,275578.26,0.0,1.0,1.0,0.024,313159.413636
1799980,IT,WE,HEAVY,NFERT,0.45,275573.592,4,4,275573.57,0.0,0.0,0.0,0.022,612385.76
1714425,IT,NL,OILSE,FOOD5,0.2,275501.965,5,5,275499.952,0.0,2.0,0.0,0.013,1377509.825
1784440,IT,ID,BASIC,MACHI,0.32,275498.206,4,4,275498.189,0.0,0.0,0.0,0.017,860931.89375
1812989,IT,WM,MACHI,MEDIC,1.54,275478.6,4,4,275478.577,0.0,0.0,0.0,0.023,178882.207792
1779007,IT,TR,AIRTR,PLAST,0.3,275471.573,4,4,275471.564,0.0,0.0,0.0,0.009,918238.576667
1722411,IT,PT,MEAT1,MOTOR,1.29,275451.849,5,5,275450.815,0.0,1.0,0.0,0.034,213528.565116
1811600,IT,WM,CHEM1,MEAT1,0.58,275437.794,4,4,275437.764,0.0,0.0,0.0,0.03,474892.748276
1780301,IT,TW,LANDT,HEALT,1.78,275435.719,4,4,275435.706,0.0,0.0,0.0,0.013,154739.167978
1746615,IT,JP,ALUM1,BASIC,0.48,275397.998,4,4,275397.976,0.0,0.0,0.0,0.022,573745.829167
1731508,IT,SI,FISH5,FOOD5,1.16,275396.707,5,5,275395.565,0.0,1.0,0.0,0.142,237410.95431
1732445,IT,SI,CHEM1,TEXTI,0.58,275386.912,4,4,275386.882,0.0,0.0,0.0,0.03,474805.02069
1784174,IT,ID,PAPER,ELE11,1.07,275386.437,5,5,275384.41,0.0,2.0,0.0,0.027,257370.501869
1652214,IT,CZ,PROCE,FOOD5,1.86,275369.705,5,5,275368.688,0.0,1.0,0.0,0.017,148048.228495
1799794,IT,WE,GASDI,PADDY,0.41,275352.927,4,4,275352.905,0.0,0.0,0.0,0.022,671592.504878
1689274,IT,IE,WHOLE,SALEM,2.38,275311.666,5,5,275310.65,0.0,0.0,1.0,0.016,115677.170588
1660808,IT,DE,COMPU,RUBBE,3.14,275292.5,4,4,275292.483,0.0,0.0,0.0,0.017,87672.770701
1686407,IT,HU,BASIC,CERAM,0.32,275290.543,4,4,275290.526,0.0,0.0,0.0,0.017,860282.946875
1745076,IT,US,PUBLI,HOTEL,4.51,275288.027,4,4,275288.008,0.0,0.0,0.0,0.019,61039.473836
1688715,IT,IE,CHEM1,CONST,0.58,275269.005,4,4,275268.975,0.0,0.0,0.0,0.03,474601.732759
1663319,IT,DK,AIRTR,TRANS,0.3,275236.765,4,4,275236.756,0.0,0.0,0.0,0.009,917455.883333
1803224,IT,WF,CROPS,EDUCA,2.18,275199.931,4,4,275199.916,0.0,0.0,0.0,0.015,126238.500459
1728150,IT,SE,DAIRY,GLASS,1.12,275114.805,5,5,275112.786,0.0,2.0,0.0,0.019,245638.21875
1813443,IT,WM,CONST,CONST,1.54,275113.314,5,5,275112.299,0.0,0.0,1.0,0.015,178645.009091
1804345,IT,WF,MOTOR,TRAN2,0.41,275095.158,4,4,275095.136,0.0,0.0,0.0,0.022,670963.8
1798844,IT,WE,FOOD5,RESEA,1.32,275083.662,5,5,275082.637,0.0,1.0,0.0,0.025,208396.713636
1763820,IT,MX,CERAM,PUBLI,0.43,275058.107,5,5,275057.092,0.0,0.0,1.0,0.015,639670.016279
1660992,IT,DE,BUSIN,TRAN1,2.82,275027.133,6,6,275025.114,0.0,1.0,1.0,0.019,97527.352128
1788930,IT,WA,HEAVY,VEGE1,0.44,275026.845,4,4,275026.823,0.0,0.0,0.0,0.022,625061.011364
1787828,IT,WA,FOOD5,MEATA,1.32,274996.751,5,5,274995.726,0.0,1.0,0.0,0.025,208330.87197
1813780,IT,WM,HOTEL,COMPU,1.99,274995.596,5,5,274994.575,0.0,1.0,0.0,0.021,138188.741709
1755010,IT,KR,WEARI,WEARI,2.07,274987.562,5,5,274986.51,0.0,1.0,0.0,0.052,132844.23285
1745340,IT,JP,VEGE1,HEAVY,0.85,274929.424,5,5,274927.364,0.0,2.0,0.0,0.06,323446.381176
1789694,IT,WA,RUBBE,INSUR,0.91,274873.629,4,4,274873.604,0.0,0.0,0.0,0.025,302058.932967
1723736,IT,PT,MACHI,COMPU,1.53,274868.857,4,4,274868.834,0.0,0.0,0.0,0.023,179652.847712
1744948,IT,US,BUSIN,SALEM,2.82,274867.399,6,6,274865.38,0.0,1.0,1.0,0.019,97470.708865
1798698,IT,WE,DAIRY,WEARI,1.12,274866.796,5,5,274864.777,0.0,2.0,0.0,0.019,245416.782143
1680376,IT,GR,ELEC2,RUBBE,0.07,274845.783,4,4,274845.754,0.0,0.0,0.0,0.029,3926368.328571
1758121,IT,BR,CERAM,BASIC,0.43,274828.371,5,5,274827.356,0.0,0.0,1.0,0.015,639135.746512
1781445,IT,NO,BEVER,FISHF,1.17,274779.359,5,5,274778.341,0.0,1.0,0.0,0.018,234854.152991
1741786,IT,US,NONSP,HEALT,0.36,274774.515,4,4,274774.5,0.0,0.0,0.0,0.015,763262.541667
1803572,IT,WF,DAIRY,EDUCA,1.12,274721.196,5,5,274719.177,0.0,2.0,0.0,0.019,245286.782143
1654318,IT,CZ,ELEC2,CONST,0.07,274700.176,4,4,274700.147,0.0,0.0,0.0,0.029,3924288.228571
1755720,IT,KR,GLASS,BEVER,0.75,274693.239,5,5,274692.223,0.0,0.0,1.0,0.016,366257.652
1799636,IT,WE,MOTOR,PULP5,0.41,274672.337,4,4,274672.315,0.0,0.0,0.0,0.022,669932.529268
1794604,IT,WL,HEAVY,HOTEL,0.44,274657.501,4,4,274657.479,0.0,0.0,0.0,0.022,624221.593182
1654329,IT,CZ,ELEC2,PUBLI,0.07,274618.893,4,4,274618.864,0.0,0.0,0.0,0.029,3923127.042857
1798252,IT,WE,VEGET,RESEA,0.97,274584.935,5,5,274583.924,0.0,1.0,0.0,0.011,283077.252577
1807138,IT,WF,AIRTR,MEAT4,0.3,274555.097,4,4,274555.088,0.0,0.0,0.0,0.009,915183.656667
1729862,IT,SE,MOTO1,RENTI,1.46,274538.056,4,4,274538.038,0.0,0.0,0.0,0.018,188039.764384
1761594,IT,IN,NONF1,RADIO,0.06,274529.926,4,4,274529.924,0.0,0.0,0.0,0.002,4575498.766667
1742457,IT,US,BASIC,TEXTI,0.32,274504.199,4,4,274504.182,0.0,0.0,0.0,0.017,857825.621875
1774830,IT,CH,POSTT,INSUR,4.52,274501.049,4,4,274501.028,0.0,0.0,0.0,0.021,60730.320575
1652236,IT,CZ,FOOD5,BEVER,1.32,274480.617,5,5,274479.592,0.0,1.0,0.0,0.025,207939.861364
1762314,IT,IN,AIRTR,HEALT,0.3,274465.815,4,4,274465.806,0.0,0.0,0.0,0.009,914886.05
1720327,IT,PL,FABRI,DIST1,1.12,274404.304,5,5,274403.284,0.0,0.0,1.0,0.02,245003.842857
1761686,IT,IN,FABRI,REALE,1.12,274377.662,5,5,274376.642,0.0,0.0,1.0,0.02,244980.055357
1758230,IT,BR,BASIC,COPP1,0.32,274374.514,4,4,274374.497,0.0,0.0,0.0,0.017,857420.35625
1789435,IT,WA,CHEM1,PAPE1,0.57,274325.989,4,4,274325.959,0.0,0.0,0.0,0.03,481273.664912
1789395,IT,WA,CHEM1,MEDIC,0.57,274283.763,4,4,274283.733,0.0,0.0,0.0,0.03,481199.584211
1745676,IT,JP,TEXTI,SEACO,1.63,274262.685,4,4,274262.649,0.0,0.0,0.0,0.036,168259.315951
1802794,IT,WE,BUSIN,FINAN,2.82,274245.771,6,6,274243.752,0.0,1.0,1.0,0.019,97250.273404
1744059,IT,US,AIRTR,FOOD3,0.3,274237.697,4,4,274237.688,0.0,0.0,0.0,0.009,914125.656667
1775849,IT,TR,VEGE1,HOTEL,0.84,274233.496,5,5,274231.436,0.0,2.0,0.0,0.06,326468.447619
1788290,IT,WA,LEATH,NONME,1.96,274219.894,5,5,274217.847,0.0,2.0,0.0,0.047,139908.109184
1729789,IT,SE,MACHI,SUPPO,1.53,274210.133,4,4,274210.11,0.0,0.0,0.0,0.023,179222.30915
1688707,IT,IE,CHEM1,ELEC2,0.57,274198.933,4,4,274198.903,0.0,0.0,0.0,0.03,481050.759649
1773329,IT,CH,MACHI,CEMEN,1.53,274192.776,4,4,274192.753,0.0,0.0,0.0,0.023,179210.964706
1674163,IT,FR,LIQUE,WHEAT,0.48,274146.055,4,4,274146.033,0.0,0.0,0.0,0.022,571137.614583
1802427,IT,WE,AIRTR,WHOLE,0.3,274129.68,4,4,274129.671,0.0,0.0,0.0,0.009,913765.6
1729679,IT,SE,FABRI,REALE,1.12,274101.114,5,5,274100.094,0.0,0.0,1.0,0.02,244733.1375
1788663,IT,WA,COKEO,PRECI,0.03,274072.512,3,3,274072.512,0.0,0.0,0.0,0.0,9135750.4
1658499,IT,DE,FABRI,PLAS1,1.12,274058.469,5,5,274057.449,0.0,0.0,1.0,0.02,244695.061607
1685852,IT,HU,CHEM1,WEARI,0.57,274046.083,4,4,274046.053,0.0,0.0,0.0,0.03,480782.601754
1737768,IT,GB,HEAVY,REALE,0.44,274013.062,4,4,274013.04,0.0,0.0,0.0,0.022,622756.959091
1739534,IT,GB,LANDT,FOOD2,1.77,273999.871,4,4,273999.858,0.0,0.0,0.0,0.013,154802.187006
1814613,IT,WM,BUSIN,RECRE,2.81,273989.645,6,6,273987.626,0.0,1.0,1.0,0.019,97505.211744
1769481,IT,AU,BASIC,CEMEN,0.32,273981.212,4,4,273981.195,0.0,0.0,0.0,0.017,856191.2875
1675822,IT,FR,ELEC1,FOOD5,0.04,273919.84,4,4,273919.823,0.0,0.0,0.0,0.017,6847996.0
1685500,IT,HU,PAPER,DAIRY,1.06,273899.74,5,5,273897.713,0.0,2.0,0.0,0.027,258395.981132
1784261,IT,ID,CHEM1,PULP5,0.57,273890.01,4,4,273889.98,0.0,0.0,0.0,0.03,480508.789474
1644041,IT,AT,BUSIN,CHEM1,2.81,273874.73,6,6,273872.711,0.0,1.0,1.0,0.019,97464.316726
1743986,IT,US,AIRTR,LIQUE,0.3,273872.317,4,4,273872.308,0.0,0.0,0.0,0.009,912907.723333
1711585,IT,LU,FINAN,SUPPO,3.57,273855.812,4,4,273855.804,0.0,0.0,0.0,0.008,76710.311485
1664575,IT,EE,HOTEL,MOTO1,1.98,273849.265,5,5,273848.244,0.0,1.0,0.0,0.021,138307.709596
1787715,IT,WA,VEGE1,CHEM1,0.84,273831.327,5,5,273829.267,0.0,2.0,0.0,0.06,325989.675
1801239,IT,WE,FABRI,RAILW,1.11,273800.594,5,5,273799.574,0.0,0.0,1.0,0.02,246667.201802
1735032,IT,SK,PLAST,RETA1,0.57,273765.152,4,4,273765.124,0.0,0.0,0.0,0.028,480289.740351
1672575,IT,FR,CROPS,RAWMI,2.17,273750.893,4,4,273750.878,0.0,0.0,0.0,0.015,126152.485253
1653740,IT,CZ,COPP1,BIODI,0.69,273734.138,5,5,273733.124,0.0,0.0,1.0,0.014,396716.142029
1770522,IT,AU,AIRTR,RESEA,0.3,273644.285,4,4,273644.276,0.0,0.0,0.0,0.009,912147.616667
1744154,IT,US,SUPPO,RESEA,1.97,273625.708,4,4,273625.695,0.0,0.0,0.0,0.013,138896.298477
1662031,IT,DK,PLAST,RESEA,0.57,273600.057,4,4,273600.029,0.0,0.0,0.0,0.028,480000.1
1689005,IT,IE,MACHI,DIST1,1.53,273554.677,4,4,273554.655,0.0,0.0,0.0,0.022,178793.906536
1785758,IT,ZA,PLAST,BASIC,0.57,273552.784,4,4,273552.756,0.0,0.0,0.0,0.028,479917.164912
1666877,IT,ES,GLASS,NONME,0.75,273513.578,5,5,273512.562,0.0,0.0,1.0,0.016,364684.770667
1671271,IT,FI,BASIC,REALE,0.31,273504.296,4,4,273504.279,0.0,0.0,0.0,0.017,882271.922581
1789319,IT,WA,CHEM1,ANIMA,0.57,273462.782,4,4,273462.752,0.0,0.0,0.0,0.03,479759.266667
1720689,IT,PL,MOTO1,PUBLI,1.46,273449.405,4,4,273449.387,0.0,0.0,0.0,0.018,187294.113014
1642059,IT,AT,GLASS,BEVER,0.75,273417.224,5,5,273416.208,0.0,0.0,1.0,0.016,364556.298667
1719922,IT,PL,PREC1,RUBBE,0.46,273414.174,6,6,273412.161,0.0,1.0,1.0,0.013,594378.63913
1735008,IT,SK,PLAST,PLAST,0.57,273361.655,4,4,273361.627,0.0,0.0,0.0,0.028,479581.850877
1781306,IT,NO,VEGE1,FISH5,0.84,273357.163,5,5,273355.104,0.0,2.0,0.0,0.059,325425.194048
1806896,IT,WF,HOTEL,RETA1,1.98,273347.91,5,5,273346.889,0.0,1.0,0.0,0.021,138054.5
1810878,IT,WM,KEROS,BUSIN,0.41,273269.709,4,4,273269.687,0.0,0.0,0.0,0.022,666511.485366
1745760,IT,JP,WEARI,ELEC2,2.06,273248.079,5,5,273247.027,0.0,1.0,0.0,0.052,132644.698544
1650520,IT,BG,ELEC6,HOTEL,0.04,273189.985,4,4,273189.941,0.0,0.0,0.0,0.044,6829749.625
1667230,IT,ES,PREC1,MOTO1,0.46,273181.533,6,6,273179.52,0.0,1.0,1.0,0.013,593872.897826
1741933,IT,US,CHEM1,ELEC1,0.57,273125.872,4,4,273125.842,0.0,0.0,0.0,0.03,479168.196491
1718507,IT,PL,TEXTI,WHOLE,1.62,273070.523,4,4,273070.487,0.0,0.0,0.0,0.036,168562.051235
1788653,IT,WA,PRINT,BUSIN,2.62,273023.582,5,5,273022.561,0.0,1.0,0.0,0.021,104207.474046
1789667,IT,WA,RUBBE,ELECT,0.9,273022.163,4,4,273022.138,0.0,0.0,0.0,0.025,303357.958889
1766430,IT,RU,BASIC,SUPPO,0.31,273007.031,4,4,273007.014,0.0,0.0,0.0,0.017,880667.841935
1718695,IT,PL,WOODW,RETA1,0.76,272976.742,5,5,272974.724,0.0,2.0,0.0,0.018,359179.923684
1811005,IT,WM,GASDI,AUXIL,0.41,272912.973,4,4,272912.951,0.0,0.0,0.0,0.022,665641.397561
1683549,IT,HR,ALUM1,RESEA,0.47,272798.487,4,4,272798.465,0.0,0.0,0.0,0.022,580422.312766
1659045,IT,DE,ELEC2,93197,0.07,272777.836,4,4,272777.807,0.0,0.0,0.0,0.029,3896826.228571
1645817,IT,BE,RUBBE,FOOD2,0.9,272767.706,4,4,272767.681,0.0,0.0,0.0,0.025,303075.228889
1671201,IT,FI,NONME,CEMEN,0.55,272702.662,5,5,272701.632,0.0,0.0,1.0,0.03,495823.021818
1665258,IT,ES,BEVER,FISH5,1.16,272661.706,5,5,272660.688,0.0,1.0,0.0,0.018,235053.194828
1652398,IT,CZ,TEXTI,PFERT,1.62,272646.968,4,4,272646.932,0.0,0.0,0.0,0.036,168300.597531
1796909,IT,WL,AIRTR,OILSE,0.3,272588.885,4,4,272588.876,0.0,0.0,0.0,0.009,908629.616667
1773289,IT,CH,MACHI,ANIMA,1.52,272587.296,4,4,272587.274,0.0,0.0,0.0,0.022,179333.747368
1734793,IT,SK,WOODW,HOTEL,0.76,272540.154,5,5,272538.136,0.0,2.0,0.0,0.018,358605.465789
1679674,IT,GR,GLASS,HEALT,0.75,272528.193,5,5,272527.177,0.0,0.0,1.0,0.016,363370.924
1654085,IT,CZ,OFFIC,PLAST,0.84,272410.187,4,4,272410.167,0.0,0.0,0.0,0.02,324297.841667
1777961,IT,TR,MACHI,ELEC1,1.52,272408.62,4,4,272408.598,0.0,0.0,0.0,0.022,179216.197368
1768657,IT,AU,TEXTI,TEXTI,1.61,272321.786,4,4,272321.75,0.0,0.0,0.0,0.036,169143.96646
1656636,IT,DE,PRINT,FINAN,2.61,272313.699,5,5,272312.678,0.0,1.0,0.0,0.021,104334.750575
1683560,IT,HR,LEAD1,TRAN1,0.47,272253.526,6,6,272251.503,0.0,1.0,1.0,0.023,579262.821277
1716389,IT,NL,MACHI,MACHI,1.52,272252.677,4,4,272252.655,0.0,0.0,0.0,0.022,179113.603289
1666083,IT,ES,GASDI,STONE,0.41,272251.352,4,4,272251.33,0.0,0.0,0.0,0.022,664027.687805
1672431,IT,FI,BUSIN,PUBLI,2.8,272239.385,6,6,272237.366,0.0,1.0,1.0,0.019,97228.351786
1764354,IT,MX,MOTO1,VEGE1,1.45,272239.288,4,4,272239.27,0.0,0.0,0.0,0.018,187751.233103
1658900,IT,DE,FURNI,WOODW,0.87,272226.802,6,6,272224.779,0.0,1.0,1.0,0.023,312904.370115
1735301,IT,SK,GLASS,HOTEL,0.75,272137.749,5,5,272136.733,0.0,0.0,1.0,0.016,362850.332
1789342,IT,WA,CHEM1,MEATP,0.57,272088.047,4,4,272088.017,0.0,0.0,0.0,0.03,477347.450877
1668483,IT,ES,HOTEL,CHEMI,1.97,272079.964,5,5,272078.944,0.0,1.0,0.0,0.02,138111.656853
1711695,IT,LU,BUSIN,TOBAC,2.79,272052.834,6,6,272050.815,0.0,1.0,1.0,0.019,97509.976344
1660405,IT,DE,FINAN,WHOLE,3.54,272022.915,4,4,272022.907,0.0,0.0,0.0,0.008,76842.631356
1746841,IT,JP,MACHI,RAILW,1.52,272022.104,4,4,272022.082,0.0,0.0,0.0,0.022,178961.910526
1721091,IT,PL,HOTEL,PUBLI,1.97,271994.453,5,5,271993.433,0.0,1.0,0.0,0.02,138068.250254
1644702,IT,BE,BEVER,ELECT,1.16,271981.541,5,5,271980.524,0.0,1.0,0.0,0.017,234466.84569
1653042,IT,CZ,PLAST,FURNI,0.57,271972.915,4,4,271972.887,0.0,0.0,0.0,0.028,477145.464912
1788192,IT,WA,WEARI,RESEA,2.05,271968.637,4,4,271968.585,0.0,0.0,0.0,0.052,132667.627805
1764184,IT,MX,MACHI,NATUR,1.52,271967.952,4,4,271967.93,0.0,0.0,0.0,0.022,178926.284211
1653547,IT,CZ,BASIC,TRAN1,0.31,271963.239,4,4,271963.222,0.0,0.0,0.0,0.017,877300.770968
1763812,IT,MX,CERAM,HOTEL,0.42,271929.282,5,5,271928.267,0.0,0.0,1.0,0.015,647450.671429
1683390,IT,HR,BASIC,WOODW,0.31,271923.456,4,4,271923.439,0.0,0.0,0.0,0.017,877172.43871
1814541,IT,WM,BUSIN,NATUR,2.79,271914.107,6,6,271912.088,0.0,1.0,1.0,0.019,97460.253405
1762227,IT,IN,SEACO,EDUCA,0.28,271872.082,4,4,271872.077,0.0,0.0,0.0,0.005,970971.721429
1777916,IT,TR,MACHI,WOODW,1.52,271820.259,4,4,271820.237,0.0,0.0,0.0,0.022,178829.117763
1809469,IT,WM,CHEMI,HEALT,0.65,271800.501,6,6,271786.475,0.0,1.0,13.0,0.026,418154.616923
1789774,IT,WA,GLASS,RADIO,0.75,271795.164,5,5,271794.148,0.0,0.0,1.0,0.016,362393.552
1805184,IT,WF,CHEM1,MEATC,0.57,271764.048,4,4,271764.018,0.0,0.0,0.0,0.03,476779.031579
1673149,IT,FR,BEVER,WOODW,1.16,271748.844,5,5,271747.827,0.0,1.0,0.0,0.017,234266.244828
1655893,IT,DE,DAIRY,SEACO,1.1,271732.422,5,5,271730.404,0.0,2.0,0.0,0.018,247029.474545
1727011,IT,RO,HOTEL,BUSIN,1.97,271727.334,5,5,271726.314,0.0,1.0,0.0,0.02,137932.656853
1683665,IT,HR,FABRI,SALEM,1.11,271720.886,5,5,271719.867,0.0,0.0,1.0,0.019,244793.590991
1813790,IT,WM,HOTEL,RECRE,1.97,271718.956,5,5,271717.936,0.0,1.0,0.0,0.02,137928.404061
1659577,IT,DE,HOTEL,FOOD5,1.97,271694.357,5,5,271693.337,0.0,1.0,0.0,0.02,137915.917259
1665955,IT,ES,MOTOR,LUBRI,0.41,271679.466,4,4,271679.444,0.0,0.0,0.0,0.022,662632.843902
1805119,IT,WF,PFERT,OILSE,0.12,271634.844,4,4,271634.801,0.0,0.0,0.0,0.043,2263623.7
1674739,IT,FR,CERAM,WOODW,0.42,271590.18,5,5,271589.165,0.0,0.0,1.0,0.015,646643.285714
1805004,IT,WF,PLAST,WEARI,0.57,271580.027,4,4,271579.999,0.0,0.0,0.0,0.028,476456.187719
1736506,IT,SK,INLAN,TRAN2,0.44,271578.849,4,4,271578.831,0.0,0.0,0.0,0.018,617224.656818
1664274,IT,EE,BASIC,SUPPO,0.31,271578.165,4,4,271578.148,0.0,0.0,0.0,0.017,876058.596774
1731833,IT,SI,PAPER,EDUCA,1.05,271573.535,5,5,271571.508,0.0,2.0,0.0,0.027,258641.461905
1722412,IT,PT,MEAT1,KEROS,1.27,271546.178,5,5,271545.145,0.0,1.0,0.0,0.033,213815.888189
1720196,IT,PL,COPP1,WHOLE,0.69,271535.79,5,5,271534.776,0.0,0.0,1.0,0.014,393530.130435
1725970,IT,RO,CHEM1,PULP5,0.57,271483.645,4,4,271483.615,0.0,0.0,0.0,0.03,476287.096491
1726229,IT,RO,NONME,BASIC,0.55,271482.377,5,5,271481.347,0.0,0.0,1.0,0.03,493604.321818
1652002,IT,CZ,VEGET,DAIRY,0.96,271462.706,5,5,271461.695,0.0,1.0,0.0,0.011,282773.652083
1752392,IT,CA,VEGE1,SUGA1,0.83,271454.281,5,5,271452.222,0.0,2.0,0.0,0.059,327053.350602
1720860,IT,PL,FURNI,EDUCA,0.87,271442.432,6,6,271440.409,0.0,1.0,1.0,0.023,312002.795402
1791010,IT,WA,MOTO1,POSTT,1.44,271393.798,4,4,271393.78,0.0,0.0,0.0,0.018,188467.915278
1740233,IT,GB,BUSIN,FABRI,2.79,271350.45,6,6,271348.431,0.0,1.0,1.0,0.019,97258.225806
1749185,IT,CN,PULP5,FABRI,0.83,271325.11,5,5,271324.085,0.0,1.0,0.0,0.025,326897.722892
1804827,IT,WF,NAPHT,RETA1,0.46,271316.577,4,4,271316.558,0.0,0.0,0.0,0.019,589818.645652
1774306,IT,CH,HOTEL,TEXTI,1.97,271294.907,5,5,271293.887,0.0,1.0,0.0,0.02,137713.150761
1728601,IT,SE,PAPER,COMPU,1.05,271270.943,5,5,271268.916,0.0,2.0,0.0,0.027,258353.279048
1745018,IT,US,PUBLI,PAPER,4.44,271270.257,4,4,271270.238,0.0,0.0,0.0,0.019,61096.90473
1740912,IT,US,FOOD5,MEATC,1.3,271269.122,5,5,271268.098,0.0,1.0,0.0,0.024,208668.555385
1798770,IT,WE,FOOD5,VEGE1,1.3,271259.979,5,5,271258.955,0.0,1.0,0.0,0.024,208661.522308
1722826,IT,PT,PAPER,BUSIN,1.05,271248.269,5,5,271246.242,0.0,2.0,0.0,0.027,258331.684762
1659788,IT,DE,LANDT,TEXTI,1.75,271242.82,4,4,271242.807,0.0,0.0,0.0,0.013,154995.897143
1682207,IT,HR,WEARI,TRANS,2.04,271215.454,4,4,271215.402,0.0,0.0,0.0,0.052,132948.751961
1642995,IT,AT,CONST,FOOD5,1.52,271201.189,5,5,271200.174,0.0,0.0,1.0,0.015,178421.834868
1735842,IT,SK,MACHI,RESEA,1.51,271166.014,4,4,271165.992,0.0,0.0,0.0,0.022,179580.141722
1675753,IT,FR,FURNI,BASIC,0.87,271138.176,6,6,271136.153,0.0,1.0,1.0,0.023,311653.075862
1810077,IT,WM,TEXTI,ELEC2,1.61,271119.799,4,4,271119.763,0.0,0.0,0.0,0.036,168397.390683
1645690,IT,BE,CHEM1,RECRE,0.57,271103.921,4,4,271103.891,0.0,0.0,0.0,0.03,475620.914035
1798353,IT,WE,POULT,REALE,0.72,271055.198,5,5,271054.177,0.0,1.0,0.0,0.021,376465.552778
1774280,IT,CH,HOTEL,VEGET,1.96,270979.079,5,5,270978.059,0.0,1.0,0.0,0.02,138254.632143
1806512,IT,WF,TRANS,EDUCA,1.62,270959.433,4,4,270959.418,0.0,0.0,0.0,0.015,167258.909259
1767236,IT,RU,HOTEL,CRUDE,1.96,270921.566,5,5,270920.546,0.0,1.0,0.0,0.02,138225.288776
1720497,IT,PL,MACHI,EDUCA,1.51,270896.193,4,4,270896.171,0.0,0.0,0.0,0.022,179401.452318
1710785,IT,LU,LEATH,WHOLE,1.94,270885.602,5,5,270883.555,0.0,2.0,0.0,0.047,139631.753608
1795747,IT,WL,MACHI,MEATP,1.51,270846.416,4,4,270846.394,0.0,0.0,0.0,0.022,179368.487417
1804919,IT,WF,BITU1,SUPPO,0.43,270823.068,4,4,270823.046,0.0,0.0,0.0,0.022,629821.088372
1760936,IT,IN,HEAVY,RUBBE,0.44,270805.882,4,4,270805.86,0.0,0.0,0.0,0.022,615467.913636
1788909,IT,WA,HEAVY,VEGET,0.44,270803.858,4,4,270803.836,0.0,0.0,0.0,0.022,615463.313636
1763908,IT,MX,BASIC,BEVER,0.31,270790.813,4,4,270790.796,0.0,0.0,0.0,0.017,873518.751613
1766469,IT,RU,PREC1,WHOLE,0.46,270774.958,5,5,270773.946,0.0,0.0,1.0,0.012,588641.213043
1641371,IT,AT,KEROS,HOTEL,0.4,270759.739,4,4,270759.717,0.0,0.0,0.0,0.022,676899.3475
1716165,IT,NL,ALUM1,FORES,0.47,270751.762,4,4,270751.74,0.0,0.0,0.0,0.022,576067.578723
1756172,IT,KR,MACHI,KEROS,1.51,270748.782,4,4,270748.76,0.0,0.0,0.0,0.022,179303.829139
1756692,IT,KR,SEACO,CEMEN,0.28,270745.814,4,4,270745.809,0.0,0.0,0.0,0.005,966949.335714
1659650,IT,DE,HOTEL,FINAN,1.96,270729.449,5,5,270728.429,0.0,1.0,0.0,0.02,138127.269898
1677872,IT,FR,BUSIN,GASDI,2.78,270727.884,6,6,270725.865,0.0,1.0,1.0,0.019,97384.130935
1731902,IT,SI,MOTOR,CEREA,0.4,270704.712,4,4,270704.69,0.0,0.0,0.0,0.022,676761.78
1754064,IT,CA,AIRTR,CEREA,0.29,270693.535,4,4,270693.526,0.0,0.0,0.0,0.009,933425.982759
1792040,IT,WA,AIRTR,VEGE1,0.29,270689.171,4,4,270689.162,0.0,0.0,0.0,0.009,933410.934483
1719995,IT,PL,ALUM1,MEATP,0.47,270666.55,4,4,270666.528,0.0,0.0,0.0,0.022,575886.276596
1806911,IT,WF,HOTEL,EDUCA,1.96,270663.911,5,5,270662.891,0.0,1.0,0.0,0.02,138093.832143
1778101,IT,TR,MOTO1,ELECT,1.44,270651.134,4,4,270651.116,0.0,0.0,0.0,0.018,187952.176389
1814130,IT,WM,AIRTR,TRAN1,0.29,270630.463,4,4,270630.454,0.0,0.0,0.0,0.009,933208.493103
1774222,IT,CH,RETA1,FABRI,2.83,270618.301,4,4,270618.283,0.0,0.0,0.0,0.018,95624.841343
1812294,IT,WM,BASIC,MEATC,0.31,270614.704,4,4,270614.687,0.0,0.0,0.0,0.017,872950.658065
1722961,IT,PT,HEAVY,CONST,0.44,270610.278,4,4,270610.256,0.0,0.0,0.0,0.022,615023.359091
1775176,IT,CH,RESEA,PLAST,1.47,270584.497,4,4,270584.478,0.0,0.0,0.0,0.019,184071.086395
1729294,IT,SE,NONME,FOOD5,0.55,270556.323,5,5,270555.293,0.0,0.0,1.0,0.03,491920.587273
1643612,IT,AT,AIRTR,RUBBE,0.29,270530.417,4,4,270530.408,0.0,0.0,0.0,0.009,932863.506897
1744991,IT,US,BUSIN,93197,2.78,270523.669,6,6,270521.65,0.0,1.0,1.0,0.019,97310.672302
1674180,IT,FR,LIQUE,FOOD5,0.47,270436.745,4,4,270436.723,0.0,0.0,0.0,0.022,575397.329787
1742460,IT,US,BASIC,PRINT,0.31,270427.379,4,4,270427.362,0.0,0.0,0.0,0.017,872346.383871
1753578,IT,CA,MACHI,MEDIC,1.51,270387.826,4,4,270387.804,0.0,0.0,0.0,0.022,179064.78543
1803531,IT,WF,VEGE1,WHOLE,0.83,270380.004,5,5,270377.945,0.0,2.0,0.0,0.059,325759.040964
1645401,IT,BE,HEAVY,RESEA,0.44,270346.332,4,4,270346.31,0.0,0.0,0.0,0.022,614423.481818
1789424,IT,WA,CHEM1,FINAN,0.56,270343.425,4,4,270343.395,0.0,0.0,0.0,0.03,482756.116071
1734539,IT,SK,PROCE,HOTEL,1.83,270341.521,5,5,270340.504,0.0,1.0,0.0,0.017,147727.607104
1643367,IT,AT,RAILW,COMPU,1.81,270297.944,5,5,270295.932,0.0,0.0,2.0,0.012,149335.880663
1653978,IT,CZ,MACHI,MOTOR,1.51,270282.797,4,4,270282.775,0.0,0.0,0.0,0.022,178995.229801
1656302,IT,DE,LEATH,MACHI,1.94,270281.554,5,5,270279.507,0.0,2.0,0.0,0.047,139320.38866
1790773,IT,WA,MACHI,FISH5,1.51,270247.416,4,4,270247.394,0.0,0.0,0.0,0.022,178971.798675
1810960,IT,WM,GASDI,PFERT,0.4,270229.089,4,4,270229.067,0.0,0.0,0.0,0.022,675572.7225
1679920,IT,GR,FABRI,MEAT1,1.1,270192.433,5,5,270191.414,0.0,0.0,1.0,0.019,245629.484545
1719434,IT,PL,RUBBE,DIST1,0.9,270165.236,4,4,270165.212,0.0,0.0,0.0,0.024,300183.595556
1742050,IT,US,RUBBE,BITUM,0.9,270162.485,4,4,270162.461,0.0,0.0,0.0,0.024,300180.538889
1734407,IT,SK,VEGET,NAPHT,0.96,270150.791,5,5,270149.78,0.0,1.0,0.0,0.011,281407.073958
1715492,IT,NL,KERO1,MOTOR,0.39,270115.18,4,4,270115.158,0.0,0.0,0.0,0.022,692603.025641
1740069,IT,GB,RENTI,EDUCA,1.61,270112.646,4,4,270112.631,0.0,0.0,0.0,0.015,167771.829814
1668501,IT,ES,HOTEL,PRINT,1.96,270109.949,5,5,270108.929,0.0,1.0,0.0,0.02,137811.198469
1682366,IT,HR,WOODW,REALE,0.76,270101.576,5,5,270099.558,0.0,2.0,0.0,0.018,355396.810526
1739310,IT,GB,HOTEL,LANDT,1.96,270101.067,5,5,270100.047,0.0,1.0,0.0,0.02,137806.666837
1809912,IT,WM,BEVER,CONST,1.15,270046.267,5,5,270045.25,0.0,1.0,0.0,0.017,234822.84087
1788885,IT,WA,GASDI,HOTEL,0.4,270029.877,4,4,270029.855,0.0,0.0,0.0,0.022,675074.6925
1761074,IT,IN,PFERT,PADDY,0.12,270024.204,4,4,270024.161,0.0,0.0,0.0,0.043,2250201.7
1650355,IT,BG,ELEC2,MOTO1,0.07,270018.45,4,4,270018.422,0.0,0.0,0.0,0.028,3857406.428571
1737863,IT,GB,PLAST,GLASS,0.57,270003.099,4,4,270003.072,0.0,0.0,0.0,0.027,473689.647368
1738878,IT,GB,TRANS,RESEA,1.61,270000.797,4,4,270000.782,0.0,0.0,0.0,0.015,167702.358385
1782163,IT,NO,NONME,ALUM1,0.55,269954.588,5,5,269953.558,0.0,0.0,1.0,0.03,490826.523636
1741846,IT,US,CHEM1,PADDY,0.56,269953.795,4,4,269953.766,0.0,0.0,0.0,0.029,482060.348214
1682528,IT,HR,COKEO,CONST,0.03,269884.783,3,3,269884.783,0.0,0.0,0.0,0.0,8996159.433333
1766035,IT,RU,CHEM1,RETAI,0.56,269882.302,4,4,269882.273,0.0,0.0,0.0,0.029,481932.682143
1681069,IT,GR,SUPPO,DAIRY,1.94,269820.554,4,4,269820.541,0.0,0.0,0.0,0.013,139082.759794
1807655,IT,WF,RESEA,RESEA,1.46,269783.87,4,4,269783.851,0.0,0.0,0.0,0.019,184783.472603
1665649,IT,ES,WOODW,HOTEL,0.75,269779.549,5,5,269777.531,0.0,2.0,0.0,0.018,359706.065333
1731976,IT,SI,KEROS,WHEAT,0.4,269767.576,4,4,269767.554,0.0,0.0,0.0,0.022,674418.94
1668062,IT,ES,FURNI,POSTT,0.86,269739.224,6,6,269737.201,0.0,1.0,1.0,0.023,313650.260465
1719153,IT,PL,PLAST,GLASS,0.57,269724.44,4,4,269724.413,0.0,0.0,0.0,0.027,473200.77193
1644968,IT,BE,WOODW,MEDIC,0.75,269679.014,5,5,269676.996,0.0,2.0,0.0,0.018,359572.018667
1658731,IT,DE,OFFIC,LANDT,0.84,269660.397,4,4,269660.378,0.0,0.0,0.0,0.019,321024.282143
1741498,IT,US,MOTOR,MEMBE,0.4,269655.398,4,4,269655.376,0.0,0.0,0.0,0.022,674138.495
1811363,IT,WM,NONSP,KEROS,0.35,269641.652,4,4,269641.637,0.0,0.0,0.0,0.015,770404.72
1775074,IT,CH,RENTI,SALEM,1.61,269633.498,4,4,269633.483,0.0,0.0,0.0,0.015,167474.22236
1757047,IT,KR,BUSIN,BASIC,2.77,269571.018,6,6,269568.999,0.0,1.0,1.0,0.019,97318.05704
1641360,IT,AT,KEROS,ELEC4,0.4,269553.414,4,4,269553.392,0.0,0.0,0.0,0.022,673883.535
1725987,IT,RO,CHEM1,BIODI,0.56,269542.357,4,4,269542.328,0.0,0.0,0.0,0.029,481325.6375
1653049,IT,CZ,PLAST,DIST1,0.57,269500.097,4,4,269500.07,0.0,0.0,0.0,0.027,472807.187719
1757085,IT,KR,BUSIN,POSTT,2.77,269495.507,6,6,269493.488,0.0,1.0,1.0,0.019,97290.796751
1756235,IT,KR,MACHI,SEACO,1.5,269475.44,4,4,269475.418,0.0,0.0,0.0,0.022,179650.293333
1766063,IT,RU,CHEM1,93197,0.56,269469.155,4,4,269469.126,0.0,0.0,0.0,0.029,481194.919643
1800211,IT,WE,PLAST,MEAT4,0.57,269461.185,4,4,269461.158,0.0,0.0,0.0,0.027,472738.921053
1740065,IT,GB,RENTI,RENTI,1.61,269459.318,4,4,269459.303,0.0,0.0,0.0,0.015,167366.036025
1753566,IT,CA,MACHI,BASIC,1.5,269441.994,4,4,269441.972,0.0,0.0,0.0,0.022,179627.996
1720183,IT,PL,COPP1,FURNI,0.68,269411.687,5,5,269410.673,0.0,0.0,1.0,0.014,396193.657353
1794121,IT,WL,PAPER,SALEM,1.04,269397.645,5,5,269395.618,0.0,2.0,0.0,0.027,259036.197115
1718842,IT,PL,PAPER,LANDT,1.04,269345.538,5,5,269343.511,0.0,2.0,0.0,0.027,258986.094231
1793628,IT,WL,DAIRY,FOOD5,1.09,269343.557,5,5,269341.539,0.0,2.0,0.0,0.018,247104.180734
1801000,IT,WE,ALUM1,BUSIN,0.47,269329.883,4,4,269329.861,0.0,0.0,0.0,0.022,573042.304255
1794508,IT,WL,GASDI,REALE,0.4,269300.495,4,4,269300.473,0.0,0.0,0.0,0.022,673251.2375
1649291,IT,BG,NAPHT,PFERT,0.46,269262.511,4,4,269262.492,0.0,0.0,0.0,0.019,585353.284783
1744776,IT,US,RESEA,BIODI,1.46,269246.735,4,4,269246.716,0.0,0.0,0.0,0.019,184415.571918
1789963,IT,WA,NONME,PIGS9,0.54,269236.041,5,5,269235.011,0.0,0.0,1.0,0.03,498585.261111
1656121,IT,DE,FISH5,BEVER,1.13,269151.756,5,5,269150.618,0.0,1.0,0.0,0.138,238187.39469
1689560,IT,IE,AIRTR,FOOD5,0.29,269151.005,4,4,269150.997,0.0,0.0,0.0,0.008,928106.913793
1711486,IT,LU,AIRTR,BUSIN,0.29,269109.839,4,4,269109.831,0.0,0.0,0.0,0.008,927964.962069
1738529,IT,GB,NONF1,COMPU,0.06,269108.845,4,4,269108.843,0.0,0.0,0.0,0.002,4485147.416667
1757552,IT,BR,MOTOR,BITU1,0.4,269098.715,4,4,269098.693,0.0,0.0,0.0,0.022,672746.7875
1728914,IT,SE,CHEM1,BASIC,0.56,269053.215,4,4,269053.186,0.0,0.0,0.0,0.029,480452.169643
1662060,IT,DK,CHEM1,PULP5,0.56,269048.903,4,4,269048.874,0.0,0.0,0.0,0.029,480444.469643
1809164,IT,WM,CATTL,CHEM1,0.59,269022.522,5,5,269016.504,0.0,6.0,0.0,0.018,455970.376271
1646574,IT,BE,OFFIC,RESEA,0.83,268998.231,4,4,268998.212,0.0,0.0,0.0,0.019,324094.254217
1650041,IT,BG,MACHI,RUBBE,1.5,268983.87,4,4,268983.848,0.0,0.0,0.0,0.022,179322.58
1749890,IT,CN,RUBBE,REALE,0.89,268969.781,4,4,268969.757,0.0,0.0,0.0,0.024,302213.237079
1727933,IT,SE,VEGET,HEALT,0.95,268951.809,5,5,268950.798,0.0,1.0,0.0,0.011,283107.167368
1812828,IT,WM,FABRI,NAPHT,1.09,268825.016,5,5,268823.997,0.0,0.0,1.0,0.019,246628.455046
1680375,IT,GR,ELEC2,CHEM1,0.06,268823.012,4,4,268822.984,0.0,0.0,0.0,0.028,4480383.533333
1760890,IT,IN,GASDI,CONST,0.4,268819.173,4,4,268819.151,0.0,0.0,0.0,0.022,672047.9325
1785803,IT,ZA,CHEM1,FOOD5,0.56,268801.115,4,4,268801.086,0.0,0.0,0.0,0.029,480001.991071
1731971,IT,SI,MOTOR,RECRE,0.4,268774.356,4,4,268774.334,0.0,0.0,0.0,0.022,671935.89
1812620,IT,WM,LEAD1,EDUCA,0.47,268772.25,6,6,268770.227,0.0,1.0,1.0,0.023,571855.851064
1738498,IT,GB,COPP1,BUSIN,0.68,268703.702,5,5,268702.688,0.0,0.0,1.0,0.014,395152.502941
1709793,IT,LT,RUBBE,LIQUE,0.89,268674.08,4,4,268674.056,0.0,0.0,0.0,0.024,301880.988764
1715607,IT,NL,LIQUE,CONST,0.47,268673.438,4,4,268673.416,0.0,0.0,0.0,0.022,571645.612766
1789760,IT,WA,GLASS,CHEM1,0.74,268585.873,5,5,268584.858,0.0,0.0,1.0,0.015,362953.882432
1763336,IT,MX,PAPER,EDUCA,1.04,268566.914,5,5,268564.888,0.0,2.0,0.0,0.026,258237.417308
1666204,IT,ES,HEAVY,LEATH,0.43,268550.87,4,4,268550.848,0.0,0.0,0.0,0.022,624536.906977
1760426,IT,IN,FOOD5,BEVER,1.29,268542.888,5,5,268541.864,0.0,1.0,0.0,0.024,208172.781395
1674266,IT,FR,PARAF,KEROS,0.42,268509.04,5,5,268508.02,0.0,0.0,1.0,0.02,639307.238095
1744037,IT,US,AIRTR,LANDT,0.29,268490.092,4,4,268490.084,0.0,0.0,0.0,0.008,925827.903448
1680061,IT,GR,MACHI,ELEC5,1.5,268483.4,4,4,268483.378,0.0,0.0,0.0,0.022,178988.933333
1716843,IT,NL,HOTEL,PRINT,1.95,268479.244,5,5,268478.224,0.0,1.0,0.0,0.02,137681.66359
1715206,IT,NL,WOODW,FABRI,0.75,268445.743,5,5,268443.725,0.0,2.0,0.0,0.018,357927.657333
1759305,IT,BR,POSTT,SUPPO,4.42,268443.677,4,4,268443.657,0.0,0.0,0.0,0.02,60733.863575
1812418,IT,WM,PREC1,PROCE,0.46,268432.769,5,5,268431.757,0.0,0.0,1.0,0.012,583549.497826
1787291,IT,WA,OILSE,VEGE1,0.19,268431.563,5,5,268429.551,0.0,2.0,0.0,0.012,1412797.7
1659824,IT,DE,LANDT,BASIC,1.73,268430.779,4,4,268430.766,0.0,0.0,0.0,0.013,155162.3
1668951,IT,ES,AIRTR,CHEM1,0.29,268424.312,4,4,268424.304,0.0,0.0,0.0,0.008,925601.075862
1812553,IT,WM,ALUM1,TRANS,0.47,268423.596,4,4,268423.574,0.0,0.0,0.0,0.022,571114.034043
1788128,IT,WA,WEARI,TEXTI,2.02,268414.011,4,4,268413.96,0.0,0.0,0.0,0.051,132878.223267
1812767,IT,WM,NONF1,BUSIN,0.06,268413.293,4,4,268413.291,0.0,0.0,0.0,0.002,4473554.883333
1732929,IT,SI,ALUM1,LEATH,0.47,268412.856,4,4,268412.834,0.0,0.0,0.0,0.022,571091.182979
1641250,IT,AT,MOTOR,MOTOR,0.4,268390.858,4,4,268390.836,0.0,0.0,0.0,0.022,670977.145
1750347,IT,CN,FABRI,WEARI,1.09,268343.957,5,5,268342.938,0.0,0.0,1.0,0.019,246187.116514
1665952,IT,ES,MOTOR,REFI1,0.4,268327.719,4,4,268327.697,0.0,0.0,0.0,0.022,670819.2975
1715465,IT,NL,KEROS,LIQUE,0.4,268318.234,4,4,268318.212,0.0,0.0,0.0,0.022,670795.585
1812296,IT,WM,BASIC,MEAT1,0.31,268254.26,4,4,268254.243,0.0,0.0,0.0,0.017,865336.322581
1680299,IT,GR,FURNI,SUPPO,0.86,268238.685,6,6,268236.662,0.0,1.0,1.0,0.023,311905.447674
1801377,IT,WE,MACHI,INLAN,1.5,268224.84,4,4,268224.818,0.0,0.0,0.0,0.022,178816.56
1723687,IT,PT,MACHI,PLAST,1.5,268186.615,4,4,268186.593,0.0,0.0,0.0,0.022,178791.076667
1787982,IT,WA,TEXTI,CRUDE,1.59,268169.095,4,4,268169.059,0.0,0.0,0.0,0.036,168659.808176
1729451,IT,SE,PREC1,NONF1,0.46,268162.726,5,5,268161.714,0.0,0.0,1.0,0.012,582962.447826
1751216,IT,CN,HOTEL,NONF1,1.94,268127.24,5,5,268126.22,0.0,1.0,0.0,0.02,138209.917526
1646578,IT,BE,OFFIC,FOOD2,0.83,268096.686,4,4,268096.667,0.0,0.0,0.0,0.019,323008.055422
1811686,IT,WM,CHEM1,AUXIL,0.56,268060.682,4,4,268060.653,0.0,0.0,0.0,0.029,478679.789286
1801719,IT,WE,ELEC1,TRAN1,0.04,268052.432,4,4,268052.415,0.0,0.0,0.0,0.017,6701310.8
1811256,IT,WM,BITU1,COPPE,0.42,268025.721,4,4,268025.7,0.0,0.0,0.0,0.021,638156.478571
1658701,IT,DE,OFFIC,BASIC,0.83,267991.178,4,4,267991.159,0.0,0.0,0.0,0.019,322880.937349
1741187,IT,US,LEATH,BUSIN,1.92,267969.801,5,5,267967.755,0.0,2.0,0.0,0.046,139567.604688
1781477,IT,NO,BEVER,RETA1,1.14,267941.342,5,5,267940.325,0.0,1.0,0.0,0.017,235036.264912
1680041,IT,GR,MACHI,CEMEN,1.49,267930.772,4,4,267930.75,0.0,0.0,0.0,0.022,179819.310067
1796050,IT,WL,TRANS,NATUR,1.6,267900.749,4,4,267900.734,0.0,0.0,0.0,0.015,167437.968125
1794620,IT,WL,HEAVY,EDUCA,0.43,267893.89,4,4,267893.868,0.0,0.0,0.0,0.022,623009.046512
1789658,IT,WA,RUBBE,BASIC,0.89,267888.624,4,4,267888.6,0.0,0.0,0.0,0.024,300998.453933
1772339,IT,CH,PLAST,RETA1,0.56,267883.58,4,4,267883.553,0.0,0.0,0.0,0.027,478363.535714
1722163,IT,PL,BUSIN,PUBLI,2.75,267873.774,6,6,267871.756,0.0,1.0,1.0,0.018,97408.645091
1743826,IT,US,LANDT,HEALT,1.73,267870.133,4,4,267870.12,0.0,0.0,0.0,0.013,154838.227168
1719784,IT,PL,BASIC,PRINT,0.31,267839.373,4,4,267839.356,0.0,0.0,0.0,0.017,863997.977419
1656447,IT,DE,PULP5,WHOLE,0.82,267834.212,5,5,267833.187,0.0,1.0,0.0,0.025,326627.087805
1668517,IT,ES,HOTEL,PLAST,1.94,267800.383,5,5,267799.363,0.0,1.0,0.0,0.02,138041.434536
1805761,IT,WF,BASIC,AUXIL,0.31,267773.288,4,4,267773.271,0.0,0.0,0.0,0.017,863784.8
1764408,IT,MX,MOTO1,PUBLI,1.43,267766.236,4,4,267766.219,0.0,0.0,0.0,0.017,187249.116084
1720067,IT,PL,ALUM1,AUXIL,0.47,267762.153,4,4,267762.132,0.0,0.0,0.0,0.021,569706.708511
1780354,IT,TW,AIRTR,CHEM1,0.29,267750.548,4,4,267750.54,0.0,0.0,0.0,0.008,923277.751724
1760971,IT,IN,NAPHT,PLAST,0.45,267739.393,4,4,267739.374,0.0,0.0,0.0,0.019,594976.428889
1686759,IT,HU,NONF1,ALUM1,0.06,267729.665,4,4,267729.663,0.0,0.0,0.0,0.002,4462161.083333
1801092,IT,WE,COPP1,FINAN,0.68,267668.81,5,5,267667.796,0.0,0.0,1.0,0.014,393630.602941
1750671,IT,CN,MOTO1,GLASS,1.42,267643.584,4,4,267643.567,0.0,0.0,0.0,0.017,188481.397183
1665298,IT,ES,BEVER,RETA1,1.14,267638.55,5,5,267637.533,0.0,1.0,0.0,0.017,234770.657895
1770241,IT,AU,HOTEL,PAPER,1.94,267574.424,5,5,267573.404,0.0,1.0,0.0,0.02,137924.960825
1658201,IT,DE,LEAD1,PLAST,0.47,267557.104,6,6,267555.081,0.0,1.0,1.0,0.023,569270.434043
1766131,IT,RU,RUBBE,OFFIC,0.89,267555.312,4,4,267555.288,0.0,0.0,0.0,0.024,300623.946067
1710041,IT,LT,COPP1,SUPPO,0.68,267550.735,5,5,267549.721,0.0,0.0,1.0,0.014,393456.963235
1790600,IT,WA,FABRI,RAWMI,1.09,267527.56,5,5,267526.541,0.0,0.0,1.0,0.019,245438.12844
1791093,IT,WA,TRANS,BASIC,1.6,267520.162,4,4,267520.147,0.0,0.0,0.0,0.015,167200.10125
1641283,IT,AT,MOTOR,RETA1,0.4,267482.044,4,4,267482.022,0.0,0.0,0.0,0.022,668705.11
1668705,IT,ES,LANDT,WEARI,1.73,267475.63,4,4,267475.617,0.0,0.0,0.0,0.013,154610.190751
1735806,IT,SK,MACHI,COPP1,1.49,267408.138,4,4,267408.116,0.0,0.0,0.0,0.022,179468.548993
1713653,IT,MT,ALUM1,SEACO,0.46,267346.738,4,4,267346.717,0.0,0.0,0.0,0.021,581188.56087
1640600,IT,AT,BEVER,NATUR,1.14,267314.356,5,5,267313.339,0.0,1.0,0.0,0.017,234486.277193
1658367,IT,DE,NONF1,RENTI,0.06,267271.805,4,4,267271.803,0.0,0.0,0.0,0.002,4454530.083333
1731068,IT,SI,VEGET,DIST1,0.95,267253.429,5,5,267252.419,0.0,1.0,0.0,0.01,281319.398947
1801180,IT,WE,FABRI,LEATH,1.09,267206.236,5,5,267205.217,0.0,0.0,1.0,0.019,245143.33578
1670329,IT,FI,MEAT4,SEACO,1.47,267136.594,5,5,267135.576,0.0,1.0,0.0,0.018,181725.57415
1748094,IT,JP,BUSIN,RENTI,2.74,267128.175,6,6,267126.157,0.0,1.0,1.0,0.018,97492.034672
1642594,IT,AT,FABRI,MEATP,1.09,267125.325,5,5,267124.306,0.0,0.0,1.0,0.019,245069.105505
1739667,IT,GB,AIRTR,PUBLI,0.29,267106.918,4,4,267106.91,0.0,0.0,0.0,0.008,921058.337931
1662048,IT,DK,CHEM1,MEATP,0.56,267083.619,4,4,267083.59,0.0,0.0,0.0,0.029,476935.033929
1799832,IT,WE,GASDI,DAIRY,0.4,267075.446,4,4,267075.424,0.0,0.0,0.0,0.022,667688.615
1647528,IT,BE,SUPPO,MOTO1,1.92,267055.395,4,4,267055.382,0.0,0.0,0.0,0.013,139091.351563
1671250,IT,FI,BASIC,COPP1,0.31,267039.587,4,4,267039.57,0.0,0.0,0.0,0.017,861418.022581
1710265,IT,LT,MOTO1,MOTO1,1.42,267030.658,4,4,267030.641,0.0,0.0,0.0,0.017,188049.759155
1664998,IT,ES,CHEMI,PLAST,0.64,266933.675,6,6,266919.65,0.0,1.0,13.0,0.025,417083.867188
1769543,IT,AU,ALUM1,FOUND,0.46,266926.31,4,4,266926.289,0.0,0.0,0.0,0.021,580274.586957
1649034,IT,BG,WOODW,CONST,0.75,266907.232,5,5,266905.214,0.0,2.0,0.0,0.018,355876.309333
1778838,IT,TR,LANDT,EDUCA,1.72,266903.836,4,4,266903.823,0.0,0.0,0.0,0.013,155176.648837
1685534,IT,HU,PAPER,FABRI,1.03,266899.215,5,5,266897.189,0.0,2.0,0.0,0.026,259125.451456
1811713,IT,WM,ADDIT,ANIMA,0.62,266876.46,6,6,266873.439,0.0,2.0,1.0,0.021,430445.903226
1729213,IT,SE,CERAM,RADIO,0.42,266871.608,5,5,266870.594,0.0,0.0,1.0,0.014,635408.590476
1807204,IT,WF,AIRTR,AUXIL,0.29,266870.41,4,4,266870.402,0.0,0.0,0.0,0.008,920242.793103
1788545,IT,WA,PAPER,KEROS,1.03,266857.265,5,5,266855.239,0.0,2.0,0.0,0.026,259084.723301
1777079,IT,TR,CHEM1,COLLE,0.56,266852.849,4,4,266852.82,0.0,0.0,0.0,0.029,476522.944643
1763811,IT,MX,CERAM,RETA1,0.42,266842.736,5,5,266841.722,0.0,0.0,1.0,0.014,635339.847619
1728249,IT,SE,FOOD5,EDUCA,1.28,266800.805,5,5,266799.781,0.0,1.0,0.0,0.024,208438.128906
1741605,IT,US,GASDI,COMPU,0.4,266799.314,4,4,266799.292,0.0,0.0,0.0,0.022,666998.285
1789600,IT,WA,RUBBE,BITUM,0.88,266799.161,4,4,266799.137,0.0,0.0,0.0,0.024,303180.864773
1726654,IT,RO,TRANS,CROPS,1.59,266705.332,4,4,266705.318,0.0,0.0,0.0,0.014,167739.202516
1740143,IT,GB,COMPU,RETA1,3.05,266664.681,4,4,266664.664,0.0,0.0,0.0,0.017,87431.042951
1733794,IT,SI,LANDT,RETA1,1.72,266651.537,4,4,266651.524,0.0,0.0,0.0,0.013,155029.963372
1729933,IT,SE,FURNI,SUPPO,0.85,266617.724,6,6,266615.701,0.0,1.0,1.0,0.023,313667.910588
1726314,IT,RO,PREC1,MACHI,0.45,266608.983,5,5,266607.971,0.0,0.0,1.0,0.012,592464.406667
1785626,IT,ZA,HEAVY,VEGET,0.43,266600.242,4,4,266600.221,0.0,0.0,0.0,0.021,620000.562791
1798280,IT,WE,OILSE,HEALT,0.19,266585.451,5,5,266583.439,0.0,2.0,0.0,0.012,1403081.321053
1761852,IT,IN,MOTO1,LANDT,1.42,266578.282,4,4,266578.265,0.0,0.0,0.0,0.017,187731.184507
1737760,IT,GB,HEAVY,WHOLE,0.43,266536.267,4,4,266536.246,0.0,0.0,0.0,0.021,619851.783721
1660302,IT,DE,POSTT,HEALT,4.39,266534.261,4,4,266534.241,0.0,0.0,0.0,0.02,60713.95467
1760836,IT,IN,MOTOR,TRAN1,0.4,266487.673,4,4,266487.651,0.0,0.0,0.0,0.022,666219.1825
1761191,IT,IN,ADDIT,GASDI,0.62,266467.042,6,6,266464.021,0.0,2.0,1.0,0.021,429785.551613
1738967,IT,GB,CONST,INSUR,1.49,266455.308,5,5,266454.294,0.0,0.0,1.0,0.014,178829.065772
1795666,IT,WL,FABRI,ALUM1,1.08,266446.702,5,5,266445.683,0.0,0.0,1.0,0.019,246709.909259
1656048,IT,DE,BEVER,TEXTI,1.13,266442.409,5,5,266441.392,0.0,1.0,0.0,0.017,235789.742478
1732147,IT,SI,GASDI,MACHI,0.4,266441.232,4,4,266441.21,0.0,0.0,0.0,0.022,666103.08
1775284,IT,CH,BUSIN,CEMEN,2.74,266406.408,6,6,266404.39,0.0,1.0,1.0,0.018,97228.616058
1793824,IT,WL,TEXTI,PAPER,1.58,266368.264,4,4,266368.229,0.0,0.0,0.0,0.035,168587.508861
1774346,IT,CH,HOTEL,SECO9,1.93,266354.969,5,5,266353.949,0.0,1.0,0.0,0.02,138007.755959
1741414,IT,US,MOTOR,CATTL,0.4,266334.967,4,4,266334.945,0.0,0.0,0.0,0.022,665837.4175
1686806,IT,HU,FABRI,CHEM1,1.08,266311.745,5,5,266310.726,0.0,0.0,1.0,0.019,246584.949074
1810288,IT,WM,LEATH,FINAN,1.91,266301.751,5,5,266299.705,0.0,2.0,0.0,0.046,139425.000524
1676240,IT,FR,CONST,RECRE,1.49,266282.649,5,5,266281.635,0.0,0.0,1.0,0.014,178713.187248
1660286,IT,DE,POSTT,LANDT,4.39,266272.525,4,4,266272.505,0.0,0.0,0.0,0.02,60654.333713
1684683,IT,HU,CEREA,RAWMI,0.43,266269.235,5,5,266267.22,0.0,2.0,0.0,0.015,619230.77907
1764107,IT,MX,FABRI,GLASS,1.08,266202.849,5,5,266201.83,0.0,0.0,1.0,0.019,246484.119444
1710074,IT,LT,FABRI,CHEM1,1.08,266196.758,5,5,266195.739,0.0,0.0,1.0,0.019,246478.47963
1776279,IT,TR,PAPER,MEATC,1.03,266190.794,5,5,266188.768,0.0,2.0,0.0,0.026,258437.664078
1655917,IT,DE,PROCE,PLAST,1.8,266161.654,5,5,266160.638,0.0,1.0,0.0,0.016,147867.585556
1658189,IT,DE,ALUM1,93197,0.46,266131.44,4,4,266131.419,0.0,0.0,0.0,0.021,578546.608696
1656090,IT,DE,BEVER,RETA1,1.13,266089.218,5,5,266088.201,0.0,1.0,0.0,0.017,235477.184071
1778478,IT,TR,WHOLE,EDUCA,2.3,266069.196,5,5,266068.181,0.0,0.0,1.0,0.015,115682.25913
1810269,IT,WM,LEATH,MOTO1,1.91,265991.115,5,5,265989.069,0.0,2.0,0.0,0.046,139262.363874
1763280,IT,MX,PAPER,WOODW,1.03,265985.327,5,5,265983.301,0.0,2.0,0.0,0.026,258238.181553
1674416,IT,FR,CHEM1,INTER,0.56,265900.236,4,4,265900.207,0.0,0.0,0.0,0.029,474821.85
1772093,IT,CH,COKEO,TOBAC,0.03,265874.77,3,3,265874.77,0.0,0.0,0.0,0.0,8862492.333333
1662804,IT,DK,FURNI,CONST,0.85,265835.86,6,6,265833.837,0.0,1.0,1.0,0.023,312748.070588
1755317,IT,KR,PAPER,HEALT,1.03,265828.346,5,5,265826.32,0.0,2.0,0.0,0.026,258085.772816
1764123,IT,MX,FABRI,MEDIC,1.08,265821.332,5,5,265820.313,0.0,0.0,1.0,0.019,246130.862963
1723697,IT,PT,MACHI,NONME,1.48,265784.091,4,4,265784.069,0.0,0.0,0.0,0.022,179583.84527
1682826,IT,HR,HEAVY,SUPPO,0.43,265765.292,4,4,265765.271,0.0,0.0,0.0,0.021,618058.818605
1774199,IT,CH,RETA1,WOODW,2.78,265761.087,4,4,265761.07,0.0,0.0,0.0,0.017,95597.513309
1737509,IT,GB,WOODW,PRINT,0.74,265756.33,5,5,265754.312,0.0,2.0,0.0,0.018,359130.175676
1774423,IT,CH,RAILW,TRAN1,1.78,265756.134,5,5,265754.122,0.0,0.0,2.0,0.012,149301.198876
1719494,IT,PL,GLASS,COPPE,0.73,265742.485,5,5,265741.47,0.0,0.0,1.0,0.015,364030.80137
1791691,IT,WA,HOTEL,FINAN,1.93,265692.466,5,5,265691.446,0.0,1.0,0.0,0.02,137664.490155
1659036,IT,DE,ELEC2,REALE,0.06,265687.848,4,4,265687.82,0.0,0.0,0.0,0.028,4428130.8
1714921,IT,NL,BEVER,RETA1,1.13,265675.408,5,5,265674.391,0.0,1.0,0.0,0.017,235110.980531
1809138,IT,WM,CROPS,HOTEL,2.1,265670.863,4,4,265670.848,0.0,0.0,0.0,0.015,126509.934762
1758501,IT,BR,MACHI,BASIC,1.48,265649.338,4,4,265649.316,0.0,0.0,0.0,0.022,179492.795946
1772214,IT,CH,GASDI,COMPU,0.4,265597.486,4,4,265597.464,0.0,0.0,0.0,0.022,663993.715
1642353,IT,AT,BASIC,DISTR,0.31,265590.654,4,4,265590.637,0.0,0.0,0.0,0.017,856744.045161
1782311,IT,NO,NONF1,CHEM1,0.06,265589.739,3,3,265589.739,0.0,0.0,0.0,0.0,4426495.65
1788321,IT,WA,LEATH,RETAI,1.9,265514.356,5,5,265512.31,0.0,2.0,0.0,0.046,139744.397895
1641597,IT,AT,NAPHT,HEAVY,0.45,265495.622,4,4,265495.603,0.0,0.0,0.0,0.019,589990.271111
1722629,IT,PT,TEXTI,MACHI,1.57,265494.719,4,4,265494.684,0.0,0.0,0.0,0.035,169104.916561
1656927,IT,DE,LIQUE,FOOD5,0.46,265490.198,4,4,265490.177,0.0,0.0,0.0,0.021,577152.604348
1720391,IT,PL,MACHI,COPPE,1.48,265473.167,4,4,265473.145,0.0,0.0,0.0,0.022,179373.761486
1741333,IT,US,PAPER,COMPU,1.03,265470.441,5,5,265468.415,0.0,2.0,0.0,0.026,257738.292233
1671603,IT,FI,TRANS,RESEA,1.58,265434.141,4,4,265434.127,0.0,0.0,0.0,0.014,167996.291772
1789114,IT,WA,NONSP,MOTOR,0.35,265417.04,4,4,265417.026,0.0,0.0,0.0,0.014,758334.4
1661045,IT,DE,BUSIN,MEMBE,2.73,265394.997,5,5,265393.979,0.0,1.0,0.0,0.018,97214.284615
1660069,IT,DE,AIRTR,BIODI,0.29,265382.899,4,4,265382.891,0.0,0.0,0.0,0.008,915113.444828
1757889,IT,BR,CHEM1,GLASS,0.55,265342.284,4,4,265342.255,0.0,0.0,0.0,0.029,482440.516364
1793240,IT,WA,PRIVA,MEATC,59.21,265318.818,5,5,265315.776,3.0,0.0,0.0,0.042,4480.979868
1686913,IT,HU,MACHI,PULP5,1.48,265302.254,4,4,265302.232,0.0,0.0,0.0,0.022,179258.27973
1673529,IT,FR,LEATH,FABRI,1.9,265269.68,5,5,265267.634,0.0,2.0,0.0,0.046,139615.621053
1644019,IT,AT,BUSIN,BEVER,2.72,265257.294,5,5,265256.276,0.0,1.0,0.0,0.018,97521.063971
1789846,IT,WA,CERAM,CHARC,0.41,265237.683,5,5,265236.669,0.0,0.0,1.0,0.014,646921.178049
1687996,IT,HU,RENTI,WHOLE,1.59,265203.159,4,4,265203.144,0.0,0.0,0.0,0.015,166794.439623
1803665,IT,WF,FOOD5,93197,1.27,265195.546,5,5,265194.522,0.0,1.0,0.0,0.024,208815.390551
1723850,IT,PT,TRANS,CHEM1,1.58,265182.984,4,4,265182.97,0.0,0.0,0.0,0.014,167837.331646
1765260,IT,RU,VEGE1,PIGS9,0.82,265172.53,5,5,265170.472,0.0,2.0,0.0,0.058,323381.134146
1783788,IT,NO,PLAS2,CONST,2.2,265157.946,5,5,265156.929,0.0,0.0,1.0,0.017,120526.339091
1683656,IT,HR,FABRI,FURNI,1.08,265157.586,5,5,265156.567,0.0,0.0,1.0,0.019,245516.283333
1684992,IT,HU,VEGE1,BEVER,0.82,265101.196,5,5,265099.138,0.0,2.0,0.0,0.058,323294.141463
1743771,IT,US,LANDT,RUBBE,1.71,265092.912,4,4,265092.899,0.0,0.0,0.0,0.013,155025.094737
1753013,IT,CA,CHEM1,GLASS,0.55,265078.902,4,4,265078.873,0.0,0.0,0.0,0.029,481961.64
1722361,IT,PT,FISHF,RESEA,0.46,265072.871,4,4,265072.862,0.0,0.0,0.0,0.009,576245.371739
1749107,IT,CN,WOODW,GLASS,0.74,265067.508,5,5,265065.49,0.0,2.0,0.0,0.018,358199.335135
1650258,IT,BG,ELEC1,FOOD5,0.04,265056.733,4,4,265056.716,0.0,0.0,0.0,0.017,6626418.325
1660932,IT,DE,BUSIN,PULP5,2.72,265041.861,5,5,265040.843,0.0,1.0,0.0,0.018,97441.860662
1806553,IT,WF,FURNI,WHOLE,0.85,265019.673,6,6,265017.65,0.0,1.0,1.0,0.023,311787.850588
1658359,IT,DE,NONF1,DIST1,0.06,265010.716,3,3,265010.716,0.0,0.0,0.0,0.0,4416845.266667
1766409,IT,RU,BASIC,MOTO1,0.31,265007.477,4,4,265007.46,0.0,0.0,0.0,0.017,854862.829032
1809034,IT,WM,VEGET,CONST,0.94,264969.346,5,5,264968.336,0.0,1.0,0.0,0.01,281882.282979
1764716,IT,MX,HOTEL,RUBBE,1.92,264945.727,5,5,264944.707,0.0,1.0,0.0,0.02,137992.566146
1675556,IT,FR,MOTO1,DAIRY,1.41,264922.304,4,4,264922.287,0.0,0.0,0.0,0.017,187888.158865
1801093,IT,WE,COPP1,INSUR,0.67,264906.895,5,5,264905.881,0.0,0.0,1.0,0.014,395383.425373
1745035,IT,US,PUBLI,CHEM1,4.34,264890.935,4,4,264890.916,0.0,0.0,0.0,0.019,61034.77765
1722164,IT,PL,BUSIN,EDUCA,2.72,264890.875,5,5,264889.857,0.0,1.0,0.0,0.018,97386.351103
1763803,IT,MX,CERAM,ELECT,0.41,264859.0,5,5,264857.986,0.0,0.0,1.0,0.014,645997.560976
1773563,IT,CH,MOTO1,AIRTR,1.41,264851.324,4,4,264851.307,0.0,0.0,0.0,0.017,187837.81844
1729366,IT,SE,BASIC,TEXTI,0.3,264850.136,4,4,264850.119,0.0,0.0,0.0,0.017,882833.786667
1642155,IT,AT,CERAM,TRANS,0.41,264824.73,5,5,264823.716,0.0,0.0,1.0,0.014,645913.97561
1768417,IT,AU,VEGE1,EDUCA,0.81,264786.37,5,5,264784.312,0.0,2.0,0.0,0.058,326896.753086
1658008,IT,DE,PREC1,KEROS,0.45,264762.309,5,5,264761.297,0.0,0.0,1.0,0.012,588360.686667
1737956,IT,GB,CHEM1,NONF1,0.55,264733.038,4,4,264733.009,0.0,0.0,0.0,0.029,481332.796364
1742878,IT,US,MACHI,TEXTI,1.48,264727.901,4,4,264727.879,0.0,0.0,0.0,0.022,178870.203378
1645932,IT,BE,CERAM,BASIC,0.41,264722.997,5,5,264721.983,0.0,0.0,1.0,0.014,645665.846341
1787750,IT,WA,VEGE1,EDUCA,0.81,264706.922,5,5,264704.864,0.0,2.0,0.0,0.058,326798.669136
1795682,IT,WL,FABRI,ELEC4,1.08,264668.803,5,5,264667.784,0.0,0.0,1.0,0.019,245063.706481
1719706,IT,PL,NONME,BASIC,0.53,264640.403,5,5,264639.374,0.0,0.0,1.0,0.029,499321.515094
1810101,IT,WM,TEXTI,INSUR,1.57,264618.235,4,4,264618.2,0.0,0.0,0.0,0.035,168546.646497
1726110,IT,RO,RUBBE,ELEC1,0.88,264609.806,4,4,264609.782,0.0,0.0,0.0,0.024,300692.961364
1757928,IT,BR,CHEM1,BUSIN,0.55,264597.553,4,4,264597.524,0.0,0.0,0.0,0.029,481086.46
1659651,IT,DE,HOTEL,INSUR,1.92,264561.904,5,5,264560.884,0.0,1.0,0.0,0.02,137792.658333
1805197,IT,WF,CHEM1,WEARI,0.55,264558.298,4,4,264558.269,0.0,0.0,0.0,0.029,481015.087273
1649721,IT,BG,BASIC,CROPS,0.3,264480.415,4,4,264480.398,0.0,0.0,0.0,0.017,881601.383333
1743397,IT,US,SALEM,INSUR,2.13,264477.237,4,4,264477.221,0.0,0.0,0.0,0.016,124167.716901
1666415,IT,ES,BITU1,HEAVY,0.42,264463.055,4,4,264463.034,0.0,0.0,0.0,0.021,629673.940476
1642541,IT,AT,COPP1,WHOLE,0.67,264439.601,5,5,264438.587,0.0,0.0,1.0,0.014,394685.971642
1806005,IT,WF,COPP1,NFERT,0.67,264398.429,5,5,264397.415,0.0,0.0,1.0,0.014,394624.520896
1769714,IT,AU,MACHI,SUBBI,1.47,264319.851,4,4,264319.829,0.0,0.0,0.0,0.022,179809.422449
1653019,IT,CZ,PLAST,CHEM1,0.55,264284.935,4,4,264284.908,0.0,0.0,0.0,0.027,480518.063636
1677854,IT,FR,BUSIN,DAIRY,2.71,264275.641,5,5,264274.623,0.0,1.0,0.0,0.018,97518.686716
1777055,IT,TR,CHEM1,PREC1,0.55,264259.223,4,4,264259.194,0.0,0.0,0.0,0.029,480471.314545
1666472,IT,ES,PLAST,TEXTI,0.55,264254.926,4,4,264254.899,0.0,0.0,0.0,0.027,480463.501818
1791134,IT,WA,TRANS,REALE,1.58,264252.918,4,4,264252.904,0.0,0.0,0.0,0.014,167248.682278
1715320,IT,NL,PAPER,PUBLI,1.02,264233.706,5,5,264231.68,0.0,2.0,0.0,0.026,259052.652941
1653779,IT,CZ,COPP1,RAILW,0.67,264208.682,5,5,264207.668,0.0,0.0,1.0,0.014,394341.316418
1657681,IT,DE,CERAM,REALE,0.41,264140.379,5,5,264139.365,0.0,0.0,1.0,0.014,644244.826829
1663195,IT,DK,LANDT,SUPPO,1.7,264133.72,4,4,264133.708,0.0,0.0,0.0,0.012,155372.776471
1806280,IT,WF,MACHI,DIST1,1.47,264095.619,4,4,264095.597,0.0,0.0,0.0,0.022,179656.883673
1807995,IT,WF,PLAS1,HEALT,0.95,264081.352,4,4,264081.334,0.0,0.0,0.0,0.018,277980.370526
1643247,IT,AT,HOTEL,ELEC2,1.91,264072.139,5,5,264071.119,0.0,1.0,0.0,0.02,138257.664398
1752957,IT,CA,CHEM1,CEREA,0.55,264026.214,4,4,264026.185,0.0,0.0,0.0,0.029,480047.661818
1788240,IT,WA,LEATH,MEATP,1.89,264024.036,5,5,264021.99,0.0,2.0,0.0,0.046,139695.257143
1810620,IT,WM,PRINT,BUSIN,2.53,264023.138,4,4,264023.118,0.0,0.0,0.0,0.02,104356.971542
1749075,IT,CN,LEATH,RECRE,1.89,264017.837,5,5,264015.791,0.0,2.0,0.0,0.046,139691.977249
1656415,IT,DE,WOODW,PUBLI,0.74,264013.975,5,5,264011.957,0.0,2.0,0.0,0.018,356775.641892
1761786,IT,IN,MACHI,COLLE,1.47,264006.438,4,4,264006.416,0.0,0.0,0.0,0.022,179596.216327
1771615,IT,CH,TEXTI,RECRE,1.56,263996.699,4,4,263996.664,0.0,0.0,0.0,0.035,169228.653205
1741821,IT,US,NFERT,CEREA,0.06,263959.422,4,4,263959.4,0.0,0.0,0.0,0.022,4399323.7
1646934,IT,BE,WHOLE,CONST,2.28,263925.297,5,5,263924.282,0.0,0.0,1.0,0.015,115756.709211
1677237,IT,FR,POSTT,RECRE,4.35,263923.042,4,4,263923.022,0.0,0.0,0.0,0.02,60671.963678
1776280,IT,TR,PAPER,MEAT1,1.02,263912.938,5,5,263910.912,0.0,2.0,0.0,0.026,258738.17451
1723216,IT,PT,RUBBE,HOTEL,0.87,263866.752,4,4,263866.728,0.0,0.0,0.0,0.024,303295.117241
1812222,IT,WM,NONME,BRICK,0.53,263865.522,5,5,263864.493,0.0,0.0,1.0,0.029,497859.475472
1721209,IT,PL,LANDT,MEATC,1.7,263864.746,4,4,263864.734,0.0,0.0,0.0,0.012,155214.556471
1804926,IT,WF,BITU1,EDUCA,0.42,263860.471,4,4,263860.45,0.0,0.0,0.0,0.021,628239.216667
1644966,IT,BE,WOODW,ELECT,0.74,263847.208,5,5,263845.19,0.0,2.0,0.0,0.018,356550.281081
1656079,IT,DE,BEVER,MEDIC,1.12,263808.484,5,5,263807.467,0.0,1.0,0.0,0.017,235543.289286
1801114,IT,WE,NONF1,LEAD1,0.06,263770.037,3,3,263770.037,0.0,0.0,0.0,0.0,4396167.283333
1803620,IT,WF,FOOD5,BEVER,1.27,263766.51,5,5,263765.486,0.0,1.0,0.0,0.024,207690.165354
1802208,IT,WE,HOTEL,EDUCA,1.91,263762.443,5,5,263761.423,0.0,1.0,0.0,0.02,138095.519895
1759695,IT,BR,BUSIN,CATTL,2.71,263750.698,5,5,263749.68,0.0,1.0,0.0,0.018,97324.980812
1687650,IT,HU,AIRTR,PLAST,0.29,263734.085,4,4,263734.077,0.0,0.0,0.0,0.008,909427.87931
1647135,IT,BE,HOTEL,FINAN,1.91,263731.902,5,5,263730.882,0.0,1.0,0.0,0.02,138079.529843
1775301,IT,CH,BUSIN,FURNI,2.71,263674.673,5,5,263673.655,0.0,1.0,0.0,0.018,97296.927306
1675963,IT,FR,ELEC4,DISTR,4.2,263644.432,5,5,263643.415,0.0,0.0,1.0,0.017,62772.48381
1761761,IT,IN,MACHI,PREC1,1.47,263641.924,4,4,263641.902,0.0,0.0,0.0,0.022,179348.247619
1796948,IT,WL,AIRTR,PAPER,0.29,263629.434,4,4,263629.426,0.0,0.0,0.0,0.008,909067.013793
1650911,IT,BG,SEACO,HEAVY,0.27,263624.585,4,4,263624.58,0.0,0.0,0.0,0.005,976387.351852
1738527,IT,GB,NONF1,REALE,0.06,263606.997,3,3,263606.997,0.0,0.0,0.0,0.0,4393449.95
1648273,IT,BE,BUSIN,MEMBE,2.71,263577.701,5,5,263576.683,0.0,1.0,0.0,0.018,97261.14428
1732868,IT,SI,BASIC,RENTI,0.3,263566.444,4,4,263566.427,0.0,0.0,0.0,0.017,878554.813333
1746289,IT,JP,CHEM1,SEACO,0.55,263559.888,4,4,263559.859,0.0,0.0,0.0,0.029,479199.796364
1800994,IT,WE,ALUM1,FINAN,0.46,263521.741,4,4,263521.72,0.0,0.0,0.0,0.021,572873.35
1688930,IT,IE,FABRI,CHEM1,1.07,263444.111,5,5,263443.092,0.0,0.0,1.0,0.019,246209.449533
1798284,IT,WE,CROPS,CATTL,2.09,263438.566,4,4,263438.552,0.0,0.0,0.0,0.014,126047.160766
1716345,IT,NL,FABRI,RESEA,1.07,263373.899,5,5,263372.88,0.0,0.0,1.0,0.019,246143.830841
1775658,IT,CH,93197,93197,1.77,263348.972,4,4,263348.948,0.0,0.0,0.0,0.024,148784.729944
1795811,IT,WL,MACHI,ELEC1,1.47,263324.052,4,4,263324.03,0.0,0.0,0.0,0.022,179132.008163
1809640,IT,WM,DAIRY,PFERT,1.07,263314.803,5,5,263312.785,0.0,2.0,0.0,0.018,246088.600935
1783965,IT,ID,VEGE1,VEGE1,0.81,263293.065,5,5,263291.008,0.0,2.0,0.0,0.057,325053.166667
1726045,IT,RO,ADDIT,MOTOR,0.61,263289.329,6,6,263286.308,0.0,2.0,1.0,0.021,431621.85082
1656325,IT,DE,LEATH,HEALT,1.89,263282.326,5,5,263280.28,0.0,2.0,0.0,0.046,139302.817989
1806135,IT,WF,FABRI,NONME,1.07,263265.65,5,5,263264.631,0.0,0.0,1.0,0.019,246042.663551
1765808,IT,RU,KEROS,SUPPO,0.39,263239.914,4,4,263239.893,0.0,0.0,0.0,0.021,674974.138462
1755653,IT,KR,RUBBE,PFERT,0.87,263217.02,4,4,263216.996,0.0,0.0,0.0,0.024,302548.298851
1726565,IT,RO,OFFIC,CONST,0.82,263215.211,4,4,263215.192,0.0,0.0,0.0,0.019,320994.159756
1752038,IT,CN,RESEA,BUSIN,1.43,263213.193,4,4,263213.175,0.0,0.0,0.0,0.018,184065.16993
1666065,IT,ES,GASDI,WHEAT,0.39,263161.993,4,4,263161.972,0.0,0.0,0.0,0.021,674774.341026
1799425,IT,WE,PAPER,PRECI,1.02,263152.365,5,5,263150.339,0.0,2.0,0.0,0.026,257992.514706
1799201,IT,WE,LEATH,VEGET,1.88,263110.711,5,5,263108.665,0.0,2.0,0.0,0.046,139952.505851
1683509,IT,HR,ALUM1,CHEMI,0.46,263103.566,4,4,263103.545,0.0,0.0,0.0,0.021,571964.273913
1730188,IT,SE,LANDT,MOTO1,1.7,263077.538,4,4,263077.526,0.0,0.0,0.0,0.012,154751.492941
1672770,IT,FR,MEATC,EDUCA,0.88,263070.35,5,5,263066.333,0.0,4.0,0.0,0.017,298943.579545
1656627,IT,DE,PRINT,HOTEL,2.52,263064.778,4,4,263064.758,0.0,0.0,0.0,0.02,104390.784921
1812228,IT,WM,NONME,FABRI,0.53,263057.409,5,5,263056.38,0.0,0.0,1.0,0.029,496334.733962
1805296,IT,WF,ADDIT,WHOLE,0.61,263020.209,6,6,263017.188,0.0,2.0,1.0,0.021,431180.670492
1663645,IT,DK,BUSIN,RETA1,2.7,263016.181,5,5,263015.163,0.0,1.0,0.0,0.018,97413.40037
1773211,IT,CH,FABRI,CEMEN,1.07,263015.515,5,5,263014.496,0.0,0.0,1.0,0.019,245808.892523
1685912,IT,HU,CHEM1,SALEM,0.55,263009.043,4,4,263009.014,0.0,0.0,0.0,0.029,478198.26
1737350,IT,GB,BEVER,SUPPO,1.12,263001.572,5,5,263000.555,0.0,1.0,0.0,0.017,234822.832143
1642014,IT,AT,RUBBE,HOTEL,0.87,262995.703,4,4,262995.679,0.0,0.0,0.0,0.024,302293.911494
1658655,IT,DE,MACHI,FOOD2,1.47,262974.432,4,4,262974.41,0.0,0.0,0.0,0.022,178894.171429
1790092,IT,WA,BASIC,TEXTI,0.3,262926.881,4,4,262926.864,0.0,0.0,0.0,0.017,876422.936667
1776819,IT,TR,NAPHT,WHOLE,0.45,262917.522,4,4,262917.503,0.0,0.0,0.0,0.019,584261.16
1673890,IT,FR,COKEO,CEMEN,0.03,262916.661,3,3,262916.661,0.0,0.0,0.0,0.0,8763888.7
1768834,IT,AU,LEATH,ELECT,1.88,262896.172,5,5,262894.127,0.0,2.0,0.0,0.045,139838.389362
1757905,IT,BR,CHEM1,MEDIC,0.55,262875.428,4,4,262875.399,0.0,0.0,0.0,0.029,477955.323636
1748518,IT,CN,CHEMI,PFERT,0.63,262871.147,6,6,262857.122,0.0,1.0,13.0,0.025,417255.788889
1787991,IT,WA,TEXTI,MEATC,1.56,262865.677,4,4,262865.642,0.0,0.0,0.0,0.035,168503.639103
1650863,IT,BG,LANDT,WHOLE,1.7,262864.154,4,4,262864.142,0.0,0.0,0.0,0.012,154625.972941
1642534,IT,AT,COPP1,FURNI,0.66,262795.324,5,5,262794.31,0.0,0.0,1.0,0.014,398174.733333
1777282,IT,TR,RUBBE,RESEA,0.87,262786.741,4,4,262786.717,0.0,0.0,0.0,0.024,302053.725287
1685895,IT,HU,CHEM1,FURNI,0.55,262785.274,4,4,262785.245,0.0,0.0,0.0,0.029,477791.407273
1778061,IT,TR,OFFIC,RESEA,0.81,262781.888,4,4,262781.869,0.0,0.0,0.0,0.019,324422.083951
1811103,IT,WM,HEAVY,BUSIN,0.42,262778.094,4,4,262778.073,0.0,0.0,0.0,0.021,625662.128571
1642294,IT,AT,BASIC,STONE,0.3,262776.984,4,4,262776.967,0.0,0.0,0.0,0.017,875923.28
1648170,IT,BE,BUSIN,PRINT,2.7,262767.676,5,5,262766.658,0.0,1.0,0.0,0.018,97321.361481
1679099,IT,GR,PAPER,BEVER,1.02,262762.461,5,5,262760.435,0.0,2.0,0.0,0.026,257610.255882
1749714,IT,CN,CHEM1,SEACO,0.55,262755.604,4,4,262755.575,0.0,0.0,0.0,0.029,477737.461818
1669212,IT,ES,POSTT,SUPPO,4.33,262709.665,4,4,262709.645,0.0,0.0,0.0,0.02,60671.97806
1747264,IT,JP,WHOLE,MOTOR,2.27,262692.629,5,5,262691.614,0.0,0.0,1.0,0.015,115723.62511
1792278,IT,WA,POSTT,SALEM,4.33,262660.453,4,4,262660.433,0.0,0.0,0.0,0.02,60660.612702
1792003,IT,WA,SEACO,HEALT,0.27,262629.205,4,4,262629.2,0.0,0.0,0.0,0.005,972700.759259
1664417,IT,EE,MACHI,FABRI,1.47,262619.457,4,4,262619.435,0.0,0.0,0.0,0.022,178652.691837
1719293,IT,PL,CHEM1,DISTR,0.55,262614.333,4,4,262614.304,0.0,0.0,0.0,0.029,477480.605455
1803091,IT,WF,CEREA,93197,0.43,262607.256,5,5,262605.241,0.0,2.0,0.0,0.015,610714.548837
1735536,IT,SK,ALUM1,WOODW,0.46,262590.45,4,4,262590.429,0.0,0.0,0.0,0.021,570848.804348
1799184,IT,WE,WEARI,FINAN,1.98,262586.432,4,4,262586.382,0.0,0.0,0.0,0.05,132619.410101
1743065,IT,US,MOTO1,OILSE,1.4,262583.28,4,4,262583.263,0.0,0.0,0.0,0.017,187559.485714
1785929,IT,ZA,RUBBE,BEVER,0.87,262567.94,4,4,262567.916,0.0,0.0,0.0,0.024,301802.229885
1773364,IT,CH,MACHI,LANDT,1.46,262521.15,4,4,262521.128,0.0,0.0,0.0,0.022,179809.006849
1660379,IT,DE,FINAN,FABRI,3.42,262489.198,4,4,262489.19,0.0,0.0,0.0,0.008,76751.227485
1789671,IT,WA,RUBBE,TRANS,0.87,262465.818,4,4,262465.794,0.0,0.0,0.0,0.024,301684.848276
1772934,IT,CH,PREC1,GASDI,0.45,262404.508,5,5,262403.496,0.0,0.0,1.0,0.012,583121.128889
1745075,IT,US,PUBLI,RETA1,4.3,262379.168,4,4,262379.15,0.0,0.0,0.0,0.018,61018.411163
1668535,IT,ES,HOTEL,FABRI,1.9,262373.829,5,5,262372.809,0.0,1.0,0.0,0.02,138091.488947
1785784,IT,ZA,CHEM1,CEREA,0.55,262372.375,4,4,262372.346,0.0,0.0,0.0,0.029,477040.681818
1757710,IT,BR,NAPHT,SUGA1,0.45,262348.126,4,4,262348.107,0.0,0.0,0.0,0.019,582995.835556
1710985,IT,LU,GLASS,RENTI,0.72,262314.187,5,5,262313.172,0.0,0.0,1.0,0.015,364325.259722
1806110,IT,WF,FABRI,FISH5,1.07,262311.321,5,5,262310.302,0.0,0.0,1.0,0.019,245150.76729
1661035,IT,DE,BUSIN,SEWAG,2.69,262311.268,5,5,262310.25,0.0,1.0,0.0,0.018,97513.482528
1689373,IT,IE,RETA1,AIRTR,2.74,262278.65,4,4,262278.633,0.0,0.0,0.0,0.017,95722.135036
1776152,IT,TR,LEATH,FURNI,1.88,262277.36,5,5,262275.315,0.0,2.0,0.0,0.045,139509.234043
1714973,IT,NL,FISH5,HOTEL,1.1,262261.193,5,5,262260.058,0.0,1.0,0.0,0.135,238419.266364
1658443,IT,DE,FABRI,COPP1,1.07,262240.753,5,5,262239.734,0.0,0.0,1.0,0.019,245084.815888
1685148,IT,HU,BEVER,CATTL,1.12,262235.951,5,5,262234.934,0.0,1.0,0.0,0.017,234139.241964
1712063,IT,LV,BEVER,FISH5,1.12,262206.714,5,5,262205.697,0.0,1.0,0.0,0.017,234113.1375
1811847,IT,WM,RUBBE,MEATC,0.87,262176.656,4,4,262176.632,0.0,0.0,0.0,0.024,301352.478161
1743889,IT,US,SEACO,BIOGA,0.27,262149.052,4,4,262149.047,0.0,0.0,0.0,0.005,970922.414815
1805467,IT,WF,GLASS,FURNI,0.72,262147.382,5,5,262146.367,0.0,0.0,1.0,0.015,364093.586111
1686631,IT,HU,LEAD1,FABRI,0.46,262129.119,6,6,262127.097,0.0,1.0,1.0,0.022,569845.91087
1665959,IT,ES,MOTOR,NONSP,0.39,262082.596,4,4,262082.575,0.0,0.0,0.0,0.021,672006.65641
1792018,IT,WA,AIRTR,VEGET,0.29,262064.81,4,4,262064.802,0.0,0.0,0.0,0.008,903671.758621
1737278,IT,GB,FOOD5,RETA1,1.26,262057.542,5,5,262056.519,0.0,1.0,0.0,0.023,207982.17619
1658886,IT,DE,TRANS,REALE,1.56,262054.739,4,4,262054.725,0.0,0.0,0.0,0.014,167983.807051
1665760,IT,ES,PAPER,ELEC5,1.02,261977.871,5,5,261975.845,0.0,2.0,0.0,0.026,256841.05
1729431,IT,SE,BASIC,WOOD1,0.3,261974.294,4,4,261974.277,0.0,0.0,0.0,0.017,873247.646667
1654228,IT,CZ,TRANS,CHEM1,1.56,261954.391,4,4,261954.377,0.0,0.0,0.0,0.014,167919.48141
1805880,IT,WF,ALUM1,BASIC,0.46,261942.148,4,4,261942.127,0.0,0.0,0.0,0.021,569439.452174
1687601,IT,HU,TRAN2,GASDI,0.4,261886.368,4,4,261886.361,0.0,0.0,0.0,0.007,654715.92
1659039,IT,DE,ELEC2,RESEA,0.06,261872.656,4,4,261872.629,0.0,0.0,0.0,0.027,4364544.266667
1650090,IT,BG,MACHI,PUBLI,1.46,261868.509,4,4,261868.487,0.0,0.0,0.0,0.022,179361.992466
1732976,IT,SI,ALUM1,RENTI,0.46,261867.359,4,4,261867.338,0.0,0.0,0.0,0.021,569276.867391
1671556,IT,FI,OFFIC,BUSIN,0.81,261851.689,4,4,261851.67,0.0,0.0,0.0,0.019,323273.690123
1715789,IT,NL,RUBBE,VEGET,0.87,261846.577,4,4,261846.553,0.0,0.0,0.0,0.024,300973.077011
1679017,IT,GR,WOODW,FOOD5,0.73,261835.97,5,5,261833.952,0.0,2.0,0.0,0.018,358679.410959
1748871,IT,CN,WEARI,CRUDE,1.97,261807.436,4,4,261807.386,0.0,0.0,0.0,0.05,132897.175635
1656978,IT,DE,LIQUE,HOTEL,0.46,261798.245,4,4,261798.224,0.0,0.0,0.0,0.021,569126.619565
1668897,IT,ES,SEACO,FURNI,0.27,261781.807,4,4,261781.802,0.0,0.0,0.0,0.005,969562.248148
1667497,IT,ES,FABRI,PRINT,1.07,261781.759,5,5,261780.74,0.0,0.0,1.0,0.019,244655.849533
1648200,IT,BE,BUSIN,PREC1,2.69,261755.724,5,5,261754.706,0.0,1.0,0.0,0.018,97306.960595
1764157,IT,MX,FABRI,BUSIN,1.07,261751.359,5,5,261750.34,0.0,0.0,1.0,0.019,244627.438318
1680082,IT,GR,MACHI,COMPU,1.46,261720.431,4,4,261720.409,0.0,0.0,0.0,0.022,179260.569178
1792015,IT,WA,AIRTR,PADDY,0.28,261712.175,4,4,261712.167,0.0,0.0,0.0,0.008,934686.339286
1647341,IT,BE,SEACO,GASDI,0.27,261684.116,4,4,261684.111,0.0,0.0,0.0,0.005,969200.42963
1669833,IT,ES,BUSIN,RESEA,2.69,261682.768,5,5,261681.75,0.0,1.0,0.0,0.018,97279.839405
1717117,IT,NL,SEACO,RETA1,0.27,261623.468,4,4,261623.463,0.0,0.0,0.0,0.005,968975.807407
1646231,IT,BE,LEAD1,DAIRY,0.45,261611.193,6,6,261609.171,0.0,1.0,1.0,0.022,581358.206667
1723292,IT,PT,CERAM,CERAM,0.41,261603.253,5,5,261602.239,0.0,0.0,1.0,0.014,638056.714634
1791689,IT,WA,HOTEL,SUPPO,1.9,261588.27,5,5,261587.25,0.0,1.0,0.0,0.02,137678.036842
1649372,IT,BG,CHEM1,WHEAT,0.55,261587.612,4,4,261587.583,0.0,0.0,0.0,0.029,475613.84
1781479,IT,NO,BEVER,SEACO,1.11,261572.882,5,5,261571.865,0.0,1.0,0.0,0.017,235651.245045
1789922,IT,WA,CEMEN,KEROS,0.42,261531.14,5,5,261529.128,0.0,0.0,2.0,0.012,622693.190476
1726986,IT,RO,HOTEL,DISTR,1.9,261487.236,5,5,261486.216,0.0,1.0,0.0,0.02,137624.861053
1668036,IT,ES,FURNI,MACHI,0.83,261462.954,6,6,261460.932,0.0,1.0,1.0,0.022,315015.607229
1665307,IT,ES,BEVER,BUSIN,1.11,261441.849,5,5,261440.832,0.0,1.0,0.0,0.017,235533.197297
1741910,IT,US,CHEM1,LIQUI,0.55,261422.118,4,4,261422.089,0.0,0.0,0.0,0.029,475312.941818
1768998,IT,AU,PAPER,PUBLI,1.01,261375.051,5,5,261373.025,0.0,2.0,0.0,0.026,258787.179208
1729240,IT,SE,CERAM,COMPU,0.41,261347.944,5,5,261346.93,0.0,0.0,1.0,0.014,637434.009756
1642277,IT,AT,NONME,WHOLE,0.53,261324.261,5,5,261323.232,0.0,0.0,1.0,0.029,493064.643396
1649569,IT,BG,RUBBE,HOTEL,0.87,261283.213,4,4,261283.189,0.0,0.0,0.0,0.024,300325.532184
1657567,IT,DE,GLASS,NONME,0.72,261241.077,5,5,261240.062,0.0,0.0,1.0,0.015,362834.829167
1742560,IT,US,PREC1,MEDIC,0.44,261223.701,5,5,261222.689,0.0,0.0,1.0,0.012,593690.229545
1726120,IT,RO,RUBBE,RAILW,0.87,261221.166,4,4,261221.142,0.0,0.0,0.0,0.024,300254.213793
1640252,IT,AT,FISHF,BUSIN,0.45,261190.296,4,4,261190.287,0.0,0.0,0.0,0.009,580422.88
1796234,IT,WL,FURNI,AUXIL,0.83,261162.828,6,6,261160.806,0.0,1.0,1.0,0.022,314654.009639
1756227,IT,KR,MACHI,SALEM,1.46,261162.334,4,4,261162.313,0.0,0.0,0.0,0.021,178878.310959
1805104,IT,WF,NFERT,MEAT4,0.05,261158.693,4,4,261158.672,0.0,0.0,0.0,0.021,5223173.86
1688664,IT,IE,CHEM1,MEATC,0.55,261127.965,4,4,261127.936,0.0,0.0,0.0,0.029,474778.118182
1660657,IT,DE,REALE,BUSIN,11.03,261093.027,5,5,261092.01,0.0,0.0,1.0,0.017,23671.171985
1778983,IT,TR,SEACO,MEMBE,0.27,261079.52,4,4,261079.515,0.0,0.0,0.0,0.005,966961.185185
1710219,IT,LT,OFFIC,OFFIC,0.81,261076.498,4,4,261076.479,0.0,0.0,0.0,0.019,322316.664198
1682957,IT,HR,PLAST,NONME,0.55,261075.519,4,4,261075.492,0.0,0.0,0.0,0.027,474682.761818
1804381,IT,WF,KEROS,BASIC,0.39,261008.755,4,4,261008.734,0.0,0.0,0.0,0.021,669253.217949
1771964,IT,CH,PAPER,SALEM,1.01,260974.632,5,5,260972.606,0.0,2.0,0.0,0.026,258390.724752
1743629,IT,US,HOTEL,ELEC4,1.89,260949.678,5,5,260948.658,0.0,1.0,0.0,0.02,138068.612698
1796783,IT,WL,LANDT,SUPPO,1.68,260930.182,4,4,260930.17,0.0,0.0,0.0,0.012,155315.584524
1667214,IT,ES,PREC1,BIODI,0.44,260902.916,5,5,260901.904,0.0,0.0,1.0,0.012,592961.172727
1733207,IT,SI,MACHI,CHEM1,1.46,260817.02,4,4,260816.999,0.0,0.0,0.0,0.021,178641.794521
1777591,IT,TR,ALUM1,PAPER,0.45,260792.392,4,4,260792.371,0.0,0.0,0.0,0.021,579538.648889
1741481,IT,US,MOTOR,COMPU,0.39,260785.8,4,4,260785.779,0.0,0.0,0.0,0.021,668681.538462
1658358,IT,DE,NONF1,DISTR,0.06,260764.826,3,3,260764.826,0.0,0.0,0.0,0.0,4346080.433333
1655467,IT,DE,FISHF,PLAST,0.45,260755.612,4,4,260755.603,0.0,0.0,0.0,0.009,579456.915556
1667510,IT,ES,FABRI,BIODI,1.06,260755.446,5,5,260754.427,0.0,0.0,1.0,0.019,245995.703774
1777977,IT,TR,MACHI,HOTEL,1.45,260672.294,4,4,260672.273,0.0,0.0,0.0,0.021,179773.995862
1774536,IT,CH,TRAN2,DIST1,0.4,260606.859,4,4,260606.852,0.0,0.0,0.0,0.007,651517.1475
1776673,IT,TR,HEAVY,NAPHT,0.42,260599.137,4,4,260599.116,0.0,0.0,0.0,0.021,620474.135714
1657757,IT,DE,NONME,CATTL,0.53,260576.209,5,5,260575.18,0.0,0.0,1.0,0.029,491653.224528
1755793,IT,KR,CERAM,CERAM,0.41,260560.826,5,5,260559.812,0.0,0.0,1.0,0.014,635514.209756
1747023,IT,JP,TRANS,SALEM,1.55,260555.953,4,4,260555.939,0.0,0.0,0.0,0.014,168100.614839
1711043,IT,LU,BASIC,FABRI,0.3,260551.857,4,4,260551.841,0.0,0.0,0.0,0.016,868506.19
1772956,IT,CH,PREC1,MEDIC,0.44,260548.667,5,5,260547.655,0.0,0.0,1.0,0.012,592156.061364
1749457,IT,CN,HEAVY,CERAM,0.42,260538.503,4,4,260538.482,0.0,0.0,0.0,0.021,620329.769048
1749767,IT,CN,ADDIT,CEMEN,0.6,260488.971,6,6,260485.951,0.0,2.0,1.0,0.02,434148.285
1807252,IT,WF,SUPPO,AIRTR,1.87,260485.106,4,4,260485.093,0.0,0.0,0.0,0.013,139296.848128
1755315,IT,KR,PAPER,PUBLI,1.01,260459.999,5,5,260457.973,0.0,2.0,0.0,0.026,257881.187129
1767079,IT,RU,FURNI,BASIC,0.83,260450.21,6,6,260448.188,0.0,1.0,1.0,0.022,313795.433735
1649127,IT,BG,PAPER,HOTEL,1.01,260401.204,5,5,260399.178,0.0,2.0,0.0,0.026,257822.974257
1657494,IT,DE,RUBBE,WOOD1,0.86,260396.476,4,4,260396.452,0.0,0.0,0.0,0.024,302786.6
1686173,IT,HU,GLASS,DAIRY,0.71,260383.314,5,5,260382.299,0.0,0.0,1.0,0.015,366737.061972
1804854,IT,WF,BITU1,COPPE,0.41,260362.11,4,4,260362.089,0.0,0.0,0.0,0.021,635029.536585
1712563,IT,LV,MACHI,RUBBE,1.45,260361.146,4,4,260361.125,0.0,0.0,0.0,0.021,179559.411034
1741527,IT,US,KEROS,COMPU,0.39,260337.313,4,4,260337.292,0.0,0.0,0.0,0.021,667531.571795
1713079,IT,MT,DAIRY,HOTEL,1.06,260315.563,5,5,260313.545,0.0,2.0,0.0,0.018,245580.719811
1683102,IT,HR,RUBBE,MACHI,0.86,260293.623,4,4,260293.599,0.0,0.0,0.0,0.024,302667.003488
1718504,IT,PL,TEXTI,CONST,1.54,260289.01,4,4,260288.975,0.0,0.0,0.0,0.035,169018.837662
1750734,IT,CN,TRANS,BITUM,1.55,260271.253,4,4,260271.239,0.0,0.0,0.0,0.014,167916.937419
1657957,IT,DE,BASIC,STEAM,0.3,260262.378,4,4,260262.362,0.0,0.0,0.0,0.016,867541.26
1654356,IT,CZ,ELEC6,DIST1,0.04,260253.317,4,4,260253.275,0.0,0.0,0.0,0.042,6506332.925
1652716,IT,CZ,PAPER,NFERT,1.01,260248.827,5,5,260246.801,0.0,2.0,0.0,0.026,257672.105941
1753328,IT,CA,BASIC,MEDIC,0.3,260241.912,4,4,260241.896,0.0,0.0,0.0,0.016,867473.04
1768900,IT,AU,WOODW,FURNI,0.73,260231.931,5,5,260229.913,0.0,2.0,0.0,0.018,356482.09726
1793684,IT,WL,FOOD5,MEATP,1.25,260210.717,5,5,260209.694,0.0,1.0,0.0,0.023,208168.5736
1665676,IT,ES,PULP5,PLAST,0.79,260188.536,5,5,260187.512,0.0,1.0,0.0,0.024,329352.577215
1690343,IT,IE,FOOD3,FOOD5,0.74,260182.425,4,4,260182.412,0.0,0.0,0.0,0.013,351597.871622
1785508,IT,ZA,MOTOR,BASIC,0.39,260159.947,4,4,260159.926,0.0,0.0,0.0,0.021,667076.787179
1727006,IT,RO,HOTEL,AUXIL,1.89,260150.602,5,5,260149.582,0.0,1.0,0.0,0.02,137645.821164
1667883,IT,ES,MOTO1,PFERT,1.38,260136.662,4,4,260136.645,0.0,0.0,0.0,0.017,188504.827536
1662556,IT,DK,FABRI,FISH5,1.06,260113.163,5,5,260112.144,0.0,0.0,1.0,0.019,245389.776415
1750708,IT,CN,MOTO1,RETA1,1.38,260102.31,4,4,260102.293,0.0,0.0,0.0,0.017,188479.934783
1789542,IT,WA,ADDIT,RENTI,0.6,260095.675,6,6,260092.655,0.0,2.0,1.0,0.02,433492.791667
1672819,IT,FR,MEAT4,VEGE1,1.43,260093.066,5,5,260092.048,0.0,1.0,0.0,0.018,181883.262937
1774150,IT,CH,WHOLE,EDUCA,2.25,260077.637,5,5,260076.622,0.0,0.0,1.0,0.015,115590.060889
1720069,IT,PL,ALUM1,RENTI,0.45,260071.358,4,4,260071.337,0.0,0.0,0.0,0.021,577936.351111
1673787,IT,FR,PAPER,FOOD2,1.01,260058.879,5,5,260056.853,0.0,2.0,0.0,0.026,257484.038614
1741390,IT,US,PRINT,FINAN,2.5,260050.089,4,4,260050.069,0.0,0.0,0.0,0.02,104020.0356
1680932,IT,GR,TRAN2,HEAVY,0.4,260010.688,4,4,260010.681,0.0,0.0,0.0,0.007,650026.72
1775607,IT,CH,RECRE,POSTT,3.3,260000.99,6,6,259998.971,0.0,1.0,1.0,0.019,78788.178788
1682663,IT,HR,KEROS,FINAN,0.39,260000.228,4,4,260000.207,0.0,0.0,0.0,0.021,666667.251282
1688566,IT,IE,PRINT,CHEM1,2.49,260000.113,4,4,260000.093,0.0,0.0,0.0,0.02,104417.716064
1749250,IT,CN,PAPER,NONME,1.01,259979.939,5,5,259977.913,0.0,2.0,0.0,0.026,257405.880198
1782251,IT,NO,ALUM1,CHEM1,0.45,259975.164,4,4,259975.143,0.0,0.0,0.0,0.021,577722.586667
1796979,IT,WL,AIRTR,FOUND,0.28,259969.554,4,4,259969.546,0.0,0.0,0.0,0.008,928462.692857
1726389,IT,RO,NONF1,FABRI,0.06,259967.797,3,3,259967.797,0.0,0.0,0.0,0.0,4332796.616667
1810280,IT,WM,LEATH,HOTEL,1.86,259949.809,5,5,259947.764,0.0,2.0,0.0,0.045,139757.961828
1750109,IT,CN,BASIC,RAILW,0.3,259939.814,4,4,259939.798,0.0,0.0,0.0,0.016,866466.046667
1723417,IT,PT,BASIC,RENTI,0.3,259928.471,4,4,259928.455,0.0,0.0,0.0,0.016,866428.236667
1788884,IT,WA,GASDI,RETA1,0.39,259926.631,4,4,259926.61,0.0,0.0,0.0,0.021,666478.541026
1722812,IT,PT,PAPER,WHOLE,1.01,259920.72,5,5,259918.694,0.0,2.0,0.0,0.026,257347.247525
1791124,IT,WA,TRANS,LANDT,1.55,259917.011,4,4,259916.997,0.0,0.0,0.0,0.014,167688.394194
1748665,IT,CN,DAIRY,RECRE,1.06,259897.912,5,5,259895.894,0.0,2.0,0.0,0.018,245186.709434
1709440,IT,LT,TEXTI,HEAVY,1.54,259883.282,4,4,259883.248,0.0,0.0,0.0,0.034,168755.377922
1664306,IT,EE,COPP1,FABRI,0.66,259834.699,5,5,259833.686,0.0,0.0,1.0,0.013,393688.937879
1713825,IT,MT,FURNI,HEALT,0.83,259821.806,6,6,259819.784,0.0,1.0,1.0,0.022,313038.320482
1654555,IT,CZ,HOTEL,REALE,1.88,259803.282,5,5,259802.262,0.0,1.0,0.0,0.02,138193.235106
1675782,IT,FR,FURNI,AIRTR,0.83,259791.233,6,6,259789.211,0.0,1.0,1.0,0.022,313001.485542
1760827,IT,IN,MOTOR,LIQUE,0.39,259787.993,4,4,259787.972,0.0,0.0,0.0,0.021,666123.058974
1787614,IT,WA,MEAT4,MEATA,1.43,259734.262,5,5,259733.244,0.0,1.0,0.0,0.018,181632.351049
1773682,IT,CH,FURNI,OFFIC,0.83,259731.83,6,6,259729.808,0.0,1.0,1.0,0.022,312929.915663
1757903,IT,BR,CHEM1,ELECT,0.54,259720.206,4,4,259720.178,0.0,0.0,0.0,0.028,480963.344444
1801487,IT,WE,MOTO1,BASIC,1.38,259719.797,4,4,259719.78,0.0,0.0,0.0,0.017,188202.751449
1649077,IT,BG,PAPER,TOBAC,1.01,259647.612,5,5,259645.586,0.0,2.0,0.0,0.026,257076.843564
1710668,IT,LU,VEGE1,HOTEL,0.8,259605.612,5,5,259603.556,0.0,2.0,0.0,0.056,324507.015
1804583,IT,WF,HEAVY,MEAT1,0.42,259556.414,4,4,259556.393,0.0,0.0,0.0,0.021,617991.461905
1675021,IT,FR,PREC1,FOOD2,0.44,259535.839,5,5,259534.827,0.0,0.0,1.0,0.012,589854.179545
1770984,IT,CH,VEGET,RESEA,0.92,259524.201,5,5,259523.191,0.0,1.0,0.0,0.01,282091.522826
1674980,IT,FR,PREC1,KEROS,0.44,259514.368,5,5,259513.356,0.0,0.0,1.0,0.012,589805.381818
1769684,IT,AU,FABRI,PUBLI,1.06,259455.748,5,5,259454.729,0.0,0.0,1.0,0.019,244769.573585
1657297,IT,DE,CHEM1,PLAS1,0.54,259454.26,4,4,259454.232,0.0,0.0,0.0,0.028,480470.851852
1803860,IT,WF,TEXTI,SUPPO,1.54,259431.559,4,4,259431.525,0.0,0.0,0.0,0.034,168462.051299
1672750,IT,FR,MEATC,SUGA1,0.87,259406.295,5,5,259402.278,0.0,4.0,0.0,0.017,298168.155172
1799834,IT,WE,GASDI,SUGA1,0.39,259393.485,4,4,259393.464,0.0,0.0,0.0,0.021,665111.5
1803844,IT,WF,TEXTI,DISTR,1.54,259390.501,4,4,259390.467,0.0,0.0,0.0,0.034,168435.39026
1655382,IT,DE,CROPS,BEVER,2.05,259366.959,4,4,259366.945,0.0,0.0,0.0,0.014,126520.467805
1735106,IT,SK,CHEM1,RETA1,0.54,259320.699,4,4,259320.671,0.0,0.0,0.0,0.028,480223.516667
1672014,IT,FI,SEACO,CONST,0.26,259307.891,4,4,259307.887,0.0,0.0,0.0,0.004,997338.042308
1783983,IT,ID,FOOD5,CATTL,1.25,259280.042,5,5,259279.019,0.0,1.0,0.0,0.023,207424.0336
1805372,IT,WF,RUBBE,GLASS,0.86,259246.664,4,4,259246.64,0.0,0.0,0.0,0.024,301449.609302
1799313,IT,WE,WOODW,CRUDE,0.73,259235.256,5,5,259233.238,0.0,2.0,0.0,0.018,355116.789041
1723436,IT,PT,PREC1,CHEM1,0.44,259231.772,5,5,259230.76,0.0,0.0,1.0,0.012,589163.118182
1802987,IT,WF,WHEAT,CERAM,0.2,259201.035,5,5,259199.029,0.0,2.0,0.0,0.006,1296005.175
1667650,IT,ES,MACHI,NUCLE,1.45,259189.549,4,4,259189.528,0.0,0.0,0.0,0.021,178751.413103
1672355,IT,FI,BUSIN,FOOD5,2.66,259188.607,5,5,259187.589,0.0,1.0,0.0,0.018,97439.32594
1690087,IT,IE,RENTI,AIRTR,1.55,259172.264,4,4,259172.25,0.0,0.0,0.0,0.014,167207.912258
1665544,IT,ES,WEARI,93197,1.95,259165.718,4,4,259165.669,0.0,0.0,0.0,0.049,132905.49641
1795903,IT,WL,OFFIC,COMPU,0.8,259158.468,4,4,259158.449,0.0,0.0,0.0,0.019,323948.085
1650260,IT,BG,ELEC1,TOBAC,0.04,259114.897,4,4,259114.881,0.0,0.0,0.0,0.016,6477872.425
1723181,IT,PT,RUBBE,PLAST,0.86,259111.518,4,4,259111.495,0.0,0.0,0.0,0.023,301292.462791
1656606,IT,DE,PRINT,OFFIC,2.49,259026.849,4,4,259026.829,0.0,0.0,0.0,0.02,104026.846988
1738320,IT,GB,BASIC,NONF1,0.3,258965.114,4,4,258965.098,0.0,0.0,0.0,0.016,863217.046667
1773614,IT,CH,TRANS,SALEM,1.55,258964.825,4,4,258964.811,0.0,0.0,0.0,0.014,167074.080645
1677101,IT,FR,SUPPO,AUXIL,1.86,258954.803,4,4,258954.79,0.0,0.0,0.0,0.013,139223.012366
1799786,IT,WE,KERO1,MEAT4,0.37,258921.34,4,4,258921.319,0.0,0.0,0.0,0.021,699787.405405
1655573,IT,DE,SANDC,SANDC,0.59,258917.669,5,5,258860.66,0.0,0.0,57.0,0.009,438843.50678
1720347,IT,PL,FABRI,COMPU,1.05,258909.925,5,5,258908.906,0.0,0.0,1.0,0.019,246580.880952
1737604,IT,GB,PAPER,PLAST,1.0,258881.188,5,5,258879.162,0.0,2.0,0.0,0.026,258881.188
1738060,IT,GB,RUBBE,BIODI,0.86,258846.358,4,4,258846.335,0.0,0.0,0.0,0.023,300984.137209
1749063,IT,CN,LEATH,FINAN,1.85,258835.192,5,5,258833.147,0.0,2.0,0.0,0.045,139910.914595
1685759,IT,HU,PLAST,LEATH,0.54,258827.271,4,4,258827.245,0.0,0.0,0.0,0.026,479309.761111
1723310,IT,PT,CEMEN,CEMEN,0.41,258811.995,5,5,258809.983,0.0,0.0,2.0,0.012,631248.768293
1750238,IT,CN,COPP1,PRINT,0.65,258801.783,5,5,258800.77,0.0,0.0,1.0,0.013,398156.589231
1738660,IT,GB,MACHI,TEXTI,1.44,258784.756,4,4,258784.735,0.0,0.0,0.0,0.021,179711.636111
1711091,IT,LU,ALUM1,WHOLE,0.45,258748.324,4,4,258748.303,0.0,0.0,0.0,0.021,574996.275556
1750309,IT,CN,NONF1,MEDIC,0.06,258743.047,3,3,258743.047,0.0,0.0,0.0,0.0,4312384.116667
1799401,IT,WE,PAPER,WHEAT,1.0,258730.934,5,5,258728.908,0.0,2.0,0.0,0.026,258730.934
1785532,IT,ZA,MOTOR,HEALT,0.39,258725.738,4,4,258725.717,0.0,0.0,0.0,0.021,663399.328205
1799591,IT,WE,MOTOR,SUGAR,0.39,258678.223,4,4,258678.202,0.0,0.0,0.0,0.021,663277.494872
1714881,IT,NL,BEVER,DAIRY,1.1,258671.435,5,5,258670.418,0.0,1.0,0.0,0.017,235155.85
1750455,IT,CN,MACHI,MEATP,1.44,258671.182,4,4,258671.161,0.0,0.0,0.0,0.021,179632.765278
1712144,IT,LV,WEARI,REALE,1.95,258650.313,4,4,258650.264,0.0,0.0,0.0,0.049,132641.186154
1757455,IT,BR,PAPER,PFERT,1.0,258609.143,5,5,258607.117,0.0,2.0,0.0,0.026,258609.143
1757797,IT,BR,PLAST,FURNI,0.54,258609.0,4,4,258608.974,0.0,0.0,0.0,0.026,478905.555556
1686202,IT,HU,GLASS,FABRI,0.71,258600.713,5,5,258599.698,0.0,0.0,1.0,0.015,364226.356338
1767324,IT,RU,HOTEL,EDUCA,1.87,258594.875,5,5,258593.856,0.0,1.0,0.0,0.019,138286.029412
1811828,IT,WM,RUBBE,CROPS,0.86,258588.282,4,4,258588.259,0.0,0.0,0.0,0.023,300684.048837
1780162,IT,TW,HOTEL,RADIO,1.87,258587.495,5,5,258586.476,0.0,1.0,0.0,0.019,138282.082888
1726910,IT,RO,HOTEL,VEGET,1.87,258585.993,5,5,258584.974,0.0,1.0,0.0,0.019,138281.279679
1807092,IT,WF,SEACO,WHOLE,0.26,258563.398,4,4,258563.394,0.0,0.0,0.0,0.004,994474.607692
1796429,IT,WL,WHOLE,RETA1,2.23,258553.633,5,5,258552.618,0.0,0.0,1.0,0.015,115943.333184
1667444,IT,ES,NONF1,FOUND,0.06,258542.188,3,3,258542.188,0.0,0.0,0.0,0.0,4309036.466667
1755053,IT,KR,WEARI,DISTR,1.95,258533.526,4,4,258533.477,0.0,0.0,0.0,0.049,132581.295385
1662305,IT,DK,NONME,FABRI,0.52,258526.442,5,5,258525.414,0.0,0.0,1.0,0.028,497166.234615
1726677,IT,RO,TRANS,FURNI,1.54,258512.912,4,4,258512.898,0.0,0.0,0.0,0.014,167865.527273
1657684,IT,DE,CERAM,RESEA,0.4,258505.672,5,5,258504.658,0.0,0.0,1.0,0.014,646264.18
1661881,IT,DK,PAPER,BUSIN,1.0,258503.953,5,5,258501.928,0.0,2.0,0.0,0.025,258503.953
1662444,IT,DK,ALUM1,FOOD5,0.45,258492.1,4,4,258492.079,0.0,0.0,0.0,0.021,574426.888889
1790389,IT,WA,LEAD1,WEARI,0.45,258467.326,6,6,258465.304,0.0,1.0,1.0,0.022,574371.835556
1642425,IT,AT,ALUM1,PAPER,0.45,258425.926,4,4,258425.905,0.0,0.0,0.0,0.021,574279.835556
1715317,IT,NL,PAPER,COMPU,1.0,258372.52,5,5,258370.495,0.0,2.0,0.0,0.025,258372.52
1751870,IT,CN,COMPU,BITUM,2.95,258348.858,4,4,258348.842,0.0,0.0,0.0,0.016,87575.884068
1652698,IT,CZ,PAPER,FOOD5,1.0,258332.557,5,5,258330.532,0.0,2.0,0.0,0.025,258332.557
1667952,IT,ES,MOTO1,RECRE,1.37,258313.031,4,4,258313.014,0.0,0.0,0.0,0.017,188549.657664
1739898,IT,GB,FINAN,INSUR,3.36,258308.036,4,4,258308.029,0.0,0.0,0.0,0.007,76877.391667
1792690,IT,WA,RESEA,PUBLI,1.4,258303.528,4,4,258303.51,0.0,0.0,0.0,0.018,184502.52
1812448,IT,WM,PREC1,CEMEN,0.44,258302.85,5,5,258301.838,0.0,0.0,1.0,0.012,587051.931818
1808986,IT,WM,VEGET,DAIRY,0.91,258275.783,5,5,258274.773,0.0,1.0,0.0,0.01,283819.541758
1645938,IT,BE,CERAM,OFFIC,0.4,258266.741,5,5,258265.727,0.0,0.0,1.0,0.014,645666.8525
1802040,IT,WE,WHOLE,WHOLE,2.23,258266.625,5,5,258265.61,0.0,0.0,1.0,0.015,115814.630045
1756777,IT,KR,AIRTR,TRAN1,0.28,258233.277,4,4,258233.269,0.0,0.0,0.0,0.008,922261.703571
1755169,IT,KR,LEATH,POSTT,1.85,258198.299,5,5,258196.254,0.0,2.0,0.0,0.045,139566.648108
1739167,IT,GB,RETA1,PAPER,2.7,258166.172,4,4,258166.155,0.0,0.0,0.0,0.017,95617.100741
1665507,IT,ES,WEARI,RETA1,1.95,258135.65,4,4,258135.601,0.0,0.0,0.0,0.049,132377.25641
1809701,IT,WM,PROCE,HOTEL,1.75,258100.108,5,5,258099.092,0.0,1.0,0.0,0.016,147485.776
1673334,IT,FR,TEXTI,ELECT,1.53,258050.981,4,4,258050.947,0.0,0.0,0.0,0.034,168660.771895
1679500,IT,GR,CHEM1,RETA1,0.54,258048.748,4,4,258048.72,0.0,0.0,0.0,0.028,477868.051852
1665010,IT,ES,CHEMI,FABRI,0.62,258015.207,6,6,258001.183,0.0,1.0,13.0,0.024,416153.559677
1754783,IT,KR,FOOD5,FISHF,1.24,258014.039,5,5,258013.016,0.0,1.0,0.0,0.023,208075.837903
1776645,IT,TR,GASDI,RENTI,0.38,258013.344,4,4,258013.323,0.0,0.0,0.0,0.021,678982.484211
1775917,IT,TR,FOOD5,MEAT4,1.24,258012.606,5,5,258011.583,0.0,1.0,0.0,0.023,208074.682258
1809408,IT,WM,CHEMI,KEROS,0.62,258007.003,6,6,257992.979,0.0,1.0,13.0,0.024,416140.327419
1740852,IT,US,VEGE1,EDUCA,0.79,257988.482,5,5,257986.426,0.0,2.0,0.0,0.056,326567.698734
1733314,IT,SI,MOTO1,WHOLE,1.37,257986.746,4,4,257986.729,0.0,0.0,0.0,0.017,188311.493431
1810905,IT,WM,GASDI,PADDY,0.38,257956.304,4,4,257956.283,0.0,0.0,0.0,0.021,678832.378947
1657611,IT,DE,GLASS,COMPU,0.71,257945.872,5,5,257944.857,0.0,0.0,1.0,0.015,363304.04507
1661028,IT,DE,BUSIN,PLAS1,2.65,257929.556,5,5,257928.538,0.0,1.0,0.0,0.018,97331.907925
1648545,IT,BG,CRUDE,PAPER,0.51,257920.913,4,4,257920.891,0.0,0.0,0.0,0.022,505727.280392
1776176,IT,TR,LEATH,BUSIN,1.85,257897.174,5,5,257895.129,0.0,2.0,0.0,0.045,139403.877838
1683507,IT,HR,ALUM1,STONE,0.45,257894.863,4,4,257894.842,0.0,0.0,0.0,0.021,573099.695556
1672570,IT,FR,CROPS,CATTL,2.04,257832.979,4,4,257832.965,0.0,0.0,0.0,0.014,126388.715196
1661871,IT,DK,PAPER,RETA1,1.0,257800.039,5,5,257798.014,0.0,2.0,0.0,0.025,257800.039
1676749,IT,FR,LANDT,CATTL,1.66,257774.774,4,4,257774.762,0.0,0.0,0.0,0.012,155286.008434
1657869,IT,DE,BASIC,FORES,0.3,257751.634,4,4,257751.618,0.0,0.0,0.0,0.016,859172.113333
1801370,IT,WE,MACHI,WHOLE,1.44,257730.518,4,4,257730.497,0.0,0.0,0.0,0.021,178979.526389
1812903,IT,WM,MACHI,PADDY,1.44,257706.19,4,4,257706.169,0.0,0.0,0.0,0.021,178962.631944
1777234,IT,TR,RUBBE,CERAM,0.85,257700.57,4,4,257700.547,0.0,0.0,0.0,0.023,303177.141176
1644044,IT,AT,BUSIN,RUBBE,2.65,257697.628,5,5,257696.61,0.0,1.0,0.0,0.018,97244.387925
1810928,IT,WM,GASDI,NONFE,0.38,257663.354,4,4,257663.333,0.0,0.0,0.0,0.021,678061.457895
1728589,IT,SE,PAPER,WHOLE,1.0,257650.333,5,5,257648.308,0.0,2.0,0.0,0.025,257650.333
1798448,IT,WE,NATUR,CHEM1,0.36,257646.305,4,4,257646.288,0.0,0.0,0.0,0.017,715684.180556
1745698,IT,JP,WEARI,CROPS,1.94,257637.56,4,4,257637.511,0.0,0.0,0.0,0.049,132802.865979
1798851,IT,WE,FOOD5,93197,1.24,257629.58,5,5,257628.557,0.0,1.0,0.0,0.023,207765.790323
1658108,IT,DE,ALUM1,PULP5,0.45,257628.626,4,4,257628.605,0.0,0.0,0.0,0.021,572508.057778
1654754,IT,CZ,AIRTR,WHOLE,0.28,257618.973,4,4,257618.965,0.0,0.0,0.0,0.008,920067.760714
1766652,IT,RU,FABRI,NONF1,1.05,257617.507,5,5,257616.489,0.0,0.0,1.0,0.018,245350.006667
1786410,IT,ZA,MACHI,AIRTR,1.44,257591.229,4,4,257591.208,0.0,0.0,0.0,0.021,178882.797917
1739390,IT,GB,RAILW,BUSIN,1.72,257539.078,5,5,257537.066,0.0,0.0,2.0,0.012,149732.022093
1811384,IT,WM,PLAST,PLANT,0.54,257502.675,4,4,257502.649,0.0,0.0,0.0,0.026,476856.805556
1784826,IT,ID,HOTEL,PUBLI,1.87,257492.87,5,5,257491.851,0.0,1.0,0.0,0.019,137696.721925
1744342,IT,US,FINAN,SUPPO,3.35,257452.922,4,4,257452.915,0.0,0.0,0.0,0.007,76851.618507
1752440,IT,CA,DAIRY,LEATH,1.05,257448.612,5,5,257446.595,0.0,2.0,0.0,0.017,245189.154286
1677099,IT,FR,SUPPO,FINAN,1.85,257445.901,4,4,257445.888,0.0,0.0,0.0,0.013,139159.946486
1772957,IT,CH,PREC1,MOTO1,0.44,257434.487,5,5,257433.475,0.0,0.0,1.0,0.012,585078.379545
1717011,IT,NL,LANDT,NAPHT,1.66,257405.949,4,4,257405.937,0.0,0.0,0.0,0.012,155063.824699
1674147,IT,FR,HEAVY,TRANS,0.42,257396.65,4,4,257396.629,0.0,0.0,0.0,0.021,612849.166667
1649951,IT,BG,FABRI,ELEC3,1.05,257365.258,5,5,257364.24,0.0,0.0,1.0,0.018,245109.769524
1659537,IT,DE,RETA1,AUXIL,2.69,257353.943,4,4,257353.926,0.0,0.0,0.0,0.017,95670.610781
1727152,IT,RO,LANDT,SUPPO,1.66,257313.647,4,4,257313.635,0.0,0.0,0.0,0.012,155008.221084
1807720,IT,WF,BUSIN,INSUR,2.64,257235.355,5,5,257234.337,0.0,1.0,0.0,0.018,97437.63447
1771801,IT,CH,LEATH,MEMBE,1.84,257172.725,5,5,257170.68,0.0,2.0,0.0,0.045,139767.785326
1803697,IT,WF,BEVER,RETA1,1.09,257129.079,5,5,257128.062,0.0,1.0,0.0,0.017,235898.237615
1766753,IT,RU,MACHI,DAIRY,1.43,257128.608,4,4,257128.587,0.0,0.0,0.0,0.021,179810.215385
1806146,IT,WF,FABRI,RADIO,1.05,257103.511,5,5,257102.493,0.0,0.0,1.0,0.018,244860.486667
1719357,IT,PL,RUBBE,ANIMA,0.85,257094.99,4,4,257094.967,0.0,0.0,0.0,0.023,302464.694118
1797480,IT,WL,RESEA,RESEA,1.39,257084.799,4,4,257084.781,0.0,0.0,0.0,0.018,184953.092806
1660406,IT,DE,FINAN,RETA1,3.35,257070.528,4,4,257070.521,0.0,0.0,0.0,0.007,76737.471045
1774083,IT,CH,WHOLE,TOBAC,2.22,257067.28,4,4,257067.265,0.0,0.0,0.0,0.015,115796.072072
1679120,IT,GR,PAPER,RUBBE,1.0,256963.862,5,5,256961.837,0.0,2.0,0.0,0.025,256963.862
1652332,IT,CZ,BEVER,HEALT,1.09,256961.482,5,5,256960.465,0.0,1.0,0.0,0.017,235744.478899
1709875,IT,LT,CERAM,KEROS,0.4,256940.121,5,5,256939.107,0.0,0.0,1.0,0.014,642350.3025
1655360,IT,DE,OILSE,CHEM1,0.19,256903.951,5,5,256901.939,0.0,2.0,0.0,0.012,1352126.057895
1797008,IT,WL,AIRTR,TRAN2,0.28,256888.856,4,4,256888.848,0.0,0.0,0.0,0.008,917460.2
1685519,IT,HU,PAPER,CHEM1,1.0,256870.41,5,5,256868.385,0.0,2.0,0.0,0.025,256870.41
1646228,IT,BE,LEAD1,MEAT1,0.45,256870.301,6,6,256868.279,0.0,1.0,1.0,0.022,570822.891111
1807713,IT,WF,BUSIN,HOTEL,2.64,256844.683,5,5,256843.665,0.0,1.0,0.0,0.018,97289.652652
1686062,IT,HU,RUBBE,DAIRY,0.85,256772.367,4,4,256772.344,0.0,0.0,0.0,0.023,302085.137647
1724047,IT,PT,WHOLE,LEATH,2.22,256754.944,4,4,256754.929,0.0,0.0,0.0,0.015,115655.38018
1658695,IT,DE,OFFIC,RUBBE,0.8,256751.837,4,4,256751.818,0.0,0.0,0.0,0.019,320939.79625
1723840,IT,PT,MOTO1,RESEA,1.37,256735.83,4,4,256735.813,0.0,0.0,0.0,0.017,187398.416058
1804582,IT,WF,HEAVY,MEATP,0.41,256728.094,4,4,256728.073,0.0,0.0,0.0,0.021,626166.082927
1809450,IT,WM,CHEMI,RETA1,0.61,256718.747,6,6,256704.723,0.0,1.0,13.0,0.024,420850.404918
1689533,IT,IE,SEACO,CHEM1,0.26,256673.045,4,4,256673.041,0.0,0.0,0.0,0.004,987204.019231
1716680,IT,NL,WHOLE,PREC1,2.22,256667.867,4,4,256667.852,0.0,0.0,0.0,0.015,115616.156306
1645789,IT,BE,RUBBE,RAILW,0.85,256643.024,4,4,256643.001,0.0,0.0,0.0,0.023,301932.969412
1679405,IT,GR,NFERT,MACHI,0.05,256634.101,4,4,256634.08,0.0,0.0,0.0,0.021,5132682.02
1760892,IT,IN,GASDI,WHOLE,0.38,256610.509,4,4,256610.488,0.0,0.0,0.0,0.021,675290.813158
1746708,IT,JP,FABRI,OFFIC,1.04,256610.079,5,5,256609.061,0.0,0.0,1.0,0.018,246740.460577
1646126,IT,BE,PREC1,CHEM1,0.44,256605.668,5,5,256604.656,0.0,0.0,1.0,0.012,583194.7
1732152,IT,SI,GASDI,MOTO1,0.38,256532.643,4,4,256532.622,0.0,0.0,0.0,0.021,675085.902632
1641072,IT,AT,PAPER,PULP5,0.99,256520.302,5,5,256518.277,0.0,2.0,0.0,0.025,259111.416162
1739695,IT,GB,SUPPO,CHEM1,1.84,256511.068,4,4,256511.055,0.0,0.0,0.0,0.013,139408.18913
1728590,IT,SE,PAPER,RETA1,0.99,256509.24,5,5,256507.215,0.0,2.0,0.0,0.025,259100.242424
1650909,IT,BG,SEACO,KEROS,0.26,256501.506,4,4,256501.502,0.0,0.0,0.0,0.004,986544.253846
1793783,IT,WL,TOBAC,CHEM1,1.01,256478.705,5,5,256477.689,0.0,1.0,0.0,0.016,253939.311881
1786229,IT,ZA,COPP1,FABRI,0.65,256449.25,5,5,256448.237,0.0,0.0,1.0,0.013,394537.307692
1761057,IT,IN,PLAST,OFFIC,0.54,256447.036,4,4,256447.01,0.0,0.0,0.0,0.026,474901.918519
1738841,IT,GB,MOTO1,COMPU,1.36,256443.812,4,4,256443.795,0.0,0.0,0.0,0.017,188561.626471
1807933,IT,WF,PLAS1,WEARI,0.92,256415.114,4,4,256415.097,0.0,0.0,0.0,0.017,278712.080435
1750374,IT,CN,FABRI,COPP1,1.04,256402.053,5,5,256401.035,0.0,0.0,1.0,0.018,246540.435577
1794564,IT,WL,HEAVY,LIQUE,0.41,256396.549,4,4,256396.528,0.0,0.0,0.0,0.021,625357.436585
1642516,IT,AT,COPP1,PLAST,0.65,256391.888,5,5,256390.875,0.0,0.0,1.0,0.013,394449.058462
1680884,IT,GR,LANDT,CHEM1,1.65,256377.355,4,4,256377.343,0.0,0.0,0.0,0.012,155380.215152
1674404,IT,FR,CHEM1,AUXIL,0.54,256301.098,4,4,256301.07,0.0,0.0,0.0,0.028,474631.662963
1788811,IT,WA,KEROS,SUPPO,0.38,256246.912,4,4,256246.891,0.0,0.0,0.0,0.021,674333.978947
1761976,IT,IN,FURNI,HEALT,0.82,256239.584,6,6,256237.562,0.0,1.0,1.0,0.022,312487.297561
1735445,IT,SK,BASIC,NONF1,0.29,256217.308,4,4,256217.292,0.0,0.0,0.0,0.016,883507.958621
1738292,IT,GB,BASIC,NATUR,0.29,256209.98,4,4,256209.964,0.0,0.0,0.0,0.016,883482.689655
1713941,IT,MT,CONST,REALE,1.43,256208.08,5,5,256207.066,0.0,0.0,1.0,0.014,179166.48951
1729238,IT,SE,CERAM,REALE,0.4,256169.281,5,5,256168.267,0.0,0.0,1.0,0.014,640423.2025
1653521,IT,CZ,BASIC,CERAM,0.29,256150.162,4,4,256150.146,0.0,0.0,0.0,0.016,883276.42069
1671623,IT,FI,FURNI,CONST,0.82,256129.421,6,6,256127.399,0.0,1.0,1.0,0.022,312352.952439
1683191,IT,HR,GLASS,TRANS,0.7,256118.961,5,5,256117.946,0.0,0.0,1.0,0.015,365884.23
1717715,IT,NL,BUSIN,AUXIL,2.63,256113.142,5,5,256112.124,0.0,1.0,0.0,0.018,97381.422814
1753596,IT,CA,MACHI,RETA1,1.43,256108.733,4,4,256108.712,0.0,0.0,0.0,0.021,179097.016084
1653992,IT,CZ,MACHI,CHEM1,1.43,256100.68,4,4,256100.659,0.0,0.0,0.0,0.021,179091.384615
1792296,IT,WA,POSTT,BUSIN,4.22,256093.887,4,4,256093.867,0.0,0.0,0.0,0.02,60685.755213
1810791,IT,WM,KEROS,NONFE,0.38,256079.334,4,4,256079.313,0.0,0.0,0.0,0.021,673892.984211
1728760,IT,SE,GASDI,LANDT,0.38,256079.053,4,4,256079.032,0.0,0.0,0.0,0.021,673892.244737
1715642,IT,NL,NAPHT,BIODI,0.43,256022.7,4,4,256022.682,0.0,0.0,0.0,0.018,595401.627907
1804506,IT,WF,GASDI,ALUM1,0.38,255970.102,4,4,255970.081,0.0,0.0,0.0,0.021,673605.531579
1796951,IT,WL,AIRTR,MOTOR,0.28,255957.546,4,4,255957.538,0.0,0.0,0.0,0.008,914134.092857
1651634,IT,CY,BASIC,WOODW,0.29,255935.921,4,4,255935.905,0.0,0.0,0.0,0.016,882537.658621
1800224,IT,WE,PLAST,PULP5,0.54,255933.195,4,4,255933.169,0.0,0.0,0.0,0.026,473950.361111
1658473,IT,DE,FABRI,COLLE,1.04,255925.188,5,5,255924.17,0.0,0.0,1.0,0.018,246081.911538
1779923,IT,TW,CONST,NAPHT,1.43,255925.18,5,5,255924.166,0.0,0.0,1.0,0.014,178968.657343
1731953,IT,SI,MOTOR,REALE,0.38,255895.387,4,4,255895.366,0.0,0.0,0.0,0.021,673408.913158
1777544,IT,TR,BASIC,FOOD4,0.29,255884.182,4,4,255884.166,0.0,0.0,0.0,0.016,882359.248276
1711732,IT,LU,BUSIN,RETA1,2.63,255876.944,5,5,255875.926,0.0,1.0,0.0,0.018,97291.613688
1773794,IT,CH,ELEC2,COMPU,0.06,255830.32,4,4,255830.293,0.0,0.0,0.0,0.027,4263838.666667
1811457,IT,WM,PLAST,FOUND,0.54,255786.471,4,4,255786.445,0.0,0.0,0.0,0.026,473678.65
1660937,IT,DE,BUSIN,KEROS,2.63,255768.838,5,5,255767.82,0.0,1.0,0.0,0.018,97250.508745
1760279,IT,IN,CROPS,RADIO,2.03,255757.162,4,4,255757.148,0.0,0.0,0.0,0.014,125988.749754
1746444,IT,JP,GLASS,CHEM1,0.7,255749.95,5,5,255748.935,0.0,0.0,1.0,0.015,365357.071429
1802434,IT,WE,AIRTR,SUPPO,0.28,255745.155,4,4,255745.147,0.0,0.0,0.0,0.008,913375.553571
1716280,IT,NL,FABRI,MEATP,1.04,255736.997,5,5,255735.979,0.0,0.0,1.0,0.018,245900.958654
1685828,IT,HU,CHEM1,POULT,0.53,255715.794,4,4,255715.766,0.0,0.0,0.0,0.028,482482.630189
1810234,IT,WM,LEATH,PRINT,1.83,255712.704,5,5,255710.66,0.0,2.0,0.0,0.044,139733.718033
1799799,IT,WE,GASDI,SUGAR,0.38,255706.07,4,4,255706.049,0.0,0.0,0.0,0.021,672910.710526
1665119,IT,ES,DAIRY,POULT,1.04,255705.367,5,5,255703.35,0.0,2.0,0.0,0.017,245870.545192
1812169,IT,WM,CEMEN,EDUCA,0.41,255686.609,5,5,255684.597,0.0,0.0,2.0,0.012,623625.87561
1718855,IT,PL,PAPER,RESEA,0.99,255668.083,5,5,255666.058,0.0,2.0,0.0,0.025,258250.588889
1681959,IT,HR,FOOD5,CHEM1,1.23,255646.668,5,5,255645.645,0.0,1.0,0.0,0.023,207842.819512
1676172,IT,FR,CONST,NUCLE,1.43,255641.323,5,5,255640.309,0.0,0.0,1.0,0.014,178770.155944
1657878,IT,DE,BASIC,STONE,0.29,255636.326,4,4,255636.31,0.0,0.0,0.0,0.016,881504.572414
1714106,IT,MT,SEACO,SALEM,0.26,255633.901,4,4,255633.897,0.0,0.0,0.0,0.004,983207.311538
1764006,IT,MX,ALUM1,CONST,0.44,255626.28,4,4,255626.26,0.0,0.0,0.0,0.02,580968.818182
1658594,IT,DE,MACHI,NONF1,1.43,255587.68,4,4,255587.659,0.0,0.0,0.0,0.021,178732.643357
1745040,IT,US,PUBLI,RUBBE,4.19,255581.678,4,4,255581.66,0.0,0.0,0.0,0.018,60998.013842
1768716,IT,AU,WEARI,BITUM,1.93,255573.881,4,4,255573.832,0.0,0.0,0.0,0.049,132421.7
1715914,IT,NL,GLASS,FOOD5,0.7,255549.074,5,5,255548.059,0.0,0.0,1.0,0.015,365070.105714
1722710,IT,PT,WOODW,PULP5,0.72,255536.258,5,5,255534.241,0.0,2.0,0.0,0.017,354911.469444
1653524,IT,CZ,BASIC,NONME,0.29,255505.931,4,4,255505.915,0.0,0.0,0.0,0.016,881054.934483
1732068,IT,SI,KEROS,PAPE4,0.38,255500.281,4,4,255500.26,0.0,0.0,0.0,0.021,672369.160526
1720406,IT,PL,MACHI,BEVER,1.43,255498.699,4,4,255498.678,0.0,0.0,0.0,0.021,178670.418881
1719846,IT,PL,BASIC,TRAN2,0.29,255494.009,4,4,255493.993,0.0,0.0,0.0,0.016,881013.824138
1768275,IT,AU,VEGET,BEVER,0.9,255473.104,5,5,255472.094,0.0,1.0,0.0,0.01,283859.004444
1789789,IT,WA,GLASS,POSTT,0.7,255452.669,5,5,255451.654,0.0,0.0,1.0,0.015,364932.384286
1789669,IT,WA,RUBBE,MEDIC,0.85,255427.809,4,4,255427.786,0.0,0.0,0.0,0.023,300503.304706
1732449,IT,SI,CHEM1,PULP5,0.53,255398.201,4,4,255398.173,0.0,0.0,0.0,0.028,481883.398113
1641796,IT,AT,CHEM1,COPP1,0.53,255386.158,4,4,255386.13,0.0,0.0,0.0,0.028,481860.675472
1749523,IT,CN,NONSP,GASDI,0.34,255385.173,4,4,255385.159,0.0,0.0,0.0,0.014,751132.861765
1730645,IT,SE,RENTI,CONST,1.53,255371.651,4,4,255371.637,0.0,0.0,0.0,0.014,166909.575817
1773136,IT,CH,COPP1,WHOLE,0.65,255363.871,5,5,255362.858,0.0,0.0,1.0,0.013,392867.493846
1721092,IT,PL,HOTEL,EDUCA,1.85,255355.267,5,5,255354.248,0.0,1.0,0.0,0.019,138029.874054
1790582,IT,WA,NONF1,RETA1,0.06,255320.309,3,3,255320.309,0.0,0.0,0.0,0.0,4255338.483333
1720481,IT,PL,MACHI,LANDT,1.42,255318.127,4,4,255318.106,0.0,0.0,0.0,0.021,179801.497887
1750847,IT,CN,FURNI,TRANS,0.81,255282.763,6,6,255280.741,0.0,1.0,1.0,0.022,315163.904938
1810095,IT,WM,TEXTI,SEACO,1.51,255205.538,4,4,255205.504,0.0,0.0,0.0,0.034,169010.290066
1750558,IT,CN,MACHI,RECRE,1.42,255197.587,4,4,255197.566,0.0,0.0,0.0,0.021,179716.610563
1804793,IT,WF,NAPHT,RUBBE,0.43,255172.374,4,4,255172.356,0.0,0.0,0.0,0.018,593424.125581
1770279,IT,AU,HOTEL,ELECT,1.85,255165.713,5,5,255164.694,0.0,1.0,0.0,0.019,137927.412432
1687153,IT,HU,FURNI,RUBBE,0.81,255136.614,6,6,255134.592,0.0,1.0,1.0,0.022,314983.474074
1745053,IT,US,PUBLI,MACHI,4.18,255123.539,4,4,255123.521,0.0,0.0,0.0,0.018,61034.339474
1762745,IT,IN,BUSIN,MACHI,2.62,255110.938,5,5,255109.92,0.0,1.0,0.0,0.018,97370.587023
1641612,IT,AT,NAPHT,FURNI,0.43,255057.623,4,4,255057.605,0.0,0.0,0.0,0.018,593157.262791
1785641,IT,ZA,HEAVY,VEGE1,0.41,255056.877,4,4,255056.857,0.0,0.0,0.0,0.02,622089.943902
1805217,IT,WF,CHEM1,GLASS,0.53,255037.861,4,4,255037.833,0.0,0.0,0.0,0.028,481203.511321
1741246,IT,US,WOODW,PUBLI,0.71,255036.421,5,5,255034.404,0.0,2.0,0.0,0.017,359206.226761
1794661,IT,WL,NAPHT,PAPER,0.43,255009.596,4,4,255009.578,0.0,0.0,0.0,0.018,593045.572093
1790300,IT,WA,ALUM1,FOOD5,0.44,254952.207,4,4,254952.187,0.0,0.0,0.0,0.02,579436.834091
1778012,IT,TR,OFFIC,CHEMI,0.79,254939.689,4,4,254939.671,0.0,0.0,0.0,0.018,322708.467089
1790207,IT,WA,PREC1,WOODW,0.43,254937.053,5,5,254936.041,0.0,0.0,1.0,0.012,592876.867442
1785446,IT,ZA,PAPER,HEALT,0.99,254915.08,5,5,254913.055,0.0,2.0,0.0,0.025,257489.979798
1774207,IT,CH,RETA1,PLAST,2.66,254900.484,4,4,254900.467,0.0,0.0,0.0,0.017,95827.249624
1647463,IT,BE,AIRTR,MEMBE,0.28,254897.023,4,4,254897.015,0.0,0.0,0.0,0.008,910346.510714
1769942,IT,AU,MOTO1,RENTI,1.36,254885.017,4,4,254885.0,0.0,0.0,0.0,0.017,187415.453676
1750796,IT,CN,FURNI,MEATP,0.81,254883.321,6,6,254881.299,0.0,1.0,1.0,0.022,314670.766667
1801526,IT,WE,MOTO1,INSUR,1.36,254882.373,4,4,254882.356,0.0,0.0,0.0,0.017,187413.509559
1640215,IT,AT,FORES,PULP5,2.23,254850.597,5,5,254752.59,0.0,98.0,0.0,0.007,114282.778924
1734717,IT,SK,LEATH,FABRI,1.83,254811.457,5,5,254809.413,0.0,2.0,0.0,0.044,139241.233333
1662605,IT,DK,FABRI,RESEA,1.04,254801.564,5,5,254800.546,0.0,0.0,1.0,0.018,245001.503846
1652548,IT,CZ,WEARI,RECRE,1.92,254799.913,4,4,254799.865,0.0,0.0,0.0,0.048,132708.288021
1800030,IT,WE,HEAVY,COMPU,0.41,254762.052,4,4,254762.032,0.0,0.0,0.0,0.02,621370.858537
1649844,IT,BG,ALUM1,CONST,0.44,254747.421,4,4,254747.401,0.0,0.0,0.0,0.02,578971.411364
1811994,IT,WM,GLASS,FABRI,0.7,254727.006,5,5,254725.991,0.0,0.0,1.0,0.015,363895.722857
1728476,IT,SE,LEATH,COMPU,1.82,254701.306,5,5,254699.262,0.0,2.0,0.0,0.044,139945.772527
1801151,IT,WE,FABRI,LIGNI,1.04,254648.648,5,5,254647.63,0.0,0.0,1.0,0.018,244854.469231
1773247,IT,CH,FABRI,SEACO,1.04,254618.087,5,5,254617.069,0.0,0.0,1.0,0.018,244825.083654
1760720,IT,IN,PAPER,RETA1,0.99,254613.647,5,5,254611.622,0.0,2.0,0.0,0.025,257185.50202
1773708,IT,CH,FURNI,AIRTR,0.81,254582.968,6,6,254580.946,0.0,1.0,1.0,0.022,314299.960494
1730807,IT,SE,BUSIN,CONST,2.61,254555.727,5,5,254554.709,0.0,1.0,0.0,0.018,97530.929885
1778006,IT,TR,MACHI,RECRE,1.42,254531.383,4,4,254531.362,0.0,0.0,0.0,0.021,179247.452817
1733676,IT,SI,HOTEL,RECRE,1.84,254513.156,5,5,254512.137,0.0,1.0,0.0,0.019,138322.367391
1737142,IT,GB,VEGE1,DAIRY,0.78,254495.862,5,5,254493.807,0.0,2.0,0.0,0.055,326276.746154
1785844,IT,ZA,CHEM1,RETA1,0.53,254479.413,4,4,254479.385,0.0,0.0,0.0,0.028,480149.835849
1812817,IT,WM,FABRI,PAPER,1.04,254476.767,5,5,254475.749,0.0,0.0,1.0,0.018,244689.199038
1759138,IT,BR,AIRTR,MEDIC,0.28,254471.168,4,4,254471.16,0.0,0.0,0.0,0.008,908825.6
1685537,IT,HU,PAPER,MOTO1,0.99,254448.474,5,5,254446.449,0.0,2.0,0.0,0.025,257018.660606
1645682,IT,BE,CHEM1,FOOD3,0.53,254438.605,4,4,254438.577,0.0,0.0,0.0,0.028,480072.839623
1641809,IT,AT,CHEM1,ELEC1,0.53,254433.65,4,4,254433.622,0.0,0.0,0.0,0.028,480063.490566
1712912,IT,LV,REALE,REALE,10.75,254409.859,5,5,254408.842,0.0,0.0,1.0,0.017,23666.033395
1794006,IT,WL,WOODW,HOTEL,0.71,254407.854,5,5,254405.837,0.0,2.0,0.0,0.017,358320.921127
1658529,IT,DE,MACHI,RAWMI,1.42,254389.42,4,4,254389.399,0.0,0.0,0.0,0.021,179147.478873
1662349,IT,DK,BASIC,CHEM1,0.29,254331.264,4,4,254331.248,0.0,0.0,0.0,0.016,877004.358621
1668522,IT,ES,HOTEL,RUBBE,1.84,254323.069,5,5,254322.05,0.0,1.0,0.0,0.019,138219.059239
1662702,IT,DK,MACHI,RENTI,1.42,254318.969,4,4,254318.948,0.0,0.0,0.0,0.021,179097.865493
1742411,IT,US,NONME,REALE,0.51,254282.237,5,5,254281.209,0.0,0.0,1.0,0.028,498592.621569
1806061,IT,WF,NONF1,PRECI,0.06,254277.1,3,3,254277.1,0.0,0.0,0.0,0.0,4237951.666667
1682326,IT,HR,WOODW,BEVER,0.71,254265.116,5,5,254263.099,0.0,2.0,0.0,0.017,358119.88169
1755940,IT,KR,BASIC,FOODW,0.29,254258.154,4,4,254258.138,0.0,0.0,0.0,0.016,876752.255172
1680329,IT,GR,ELEC1,WEARI,0.04,254243.624,4,4,254243.608,0.0,0.0,0.0,0.016,6356090.6
1670991,IT,FI,CHEM1,OILHA,0.53,254243.24,4,4,254243.212,0.0,0.0,0.0,0.028,479704.226415
1725534,IT,RO,LEATH,BASIC,1.82,254205.912,5,5,254203.868,0.0,2.0,0.0,0.044,139673.578022
1752585,IT,CA,FISH5,FISH5,1.07,254180.038,5,5,254178.907,0.0,1.0,0.0,0.131,237551.437383
1659828,IT,DE,LANDT,COPP1,1.64,254150.806,4,4,254150.794,0.0,0.0,0.0,0.012,154970.003659
1669250,IT,ES,FINAN,VEGET,3.31,254144.042,4,4,254144.035,0.0,0.0,0.0,0.007,76780.677341
1652289,IT,CZ,BEVER,BEVER,1.08,254136.905,5,5,254135.889,0.0,1.0,0.0,0.016,235311.949074
1758405,IT,BR,FABRI,ALUM1,1.03,254110.932,5,5,254109.914,0.0,0.0,1.0,0.018,246709.642718
1794303,IT,WL,MOTOR,BIODI,0.38,254109.427,4,4,254109.406,0.0,0.0,0.0,0.021,668709.018421
1746288,IT,JP,CHEM1,LANDT,0.53,254105.729,4,4,254105.701,0.0,0.0,0.0,0.028,479444.771698
1769653,IT,AU,FABRI,MOTO1,1.03,254066.479,5,5,254065.461,0.0,0.0,1.0,0.018,246666.484466
1733764,IT,SI,LANDT,BASIC,1.64,254063.573,4,4,254063.561,0.0,0.0,0.0,0.012,154916.812805
1743963,IT,US,AIRTR,NATUR,0.28,254032.005,4,4,254031.997,0.0,0.0,0.0,0.008,907257.160714
1812688,IT,WM,COPP1,SALEM,0.64,253987.913,5,5,253986.9,0.0,0.0,1.0,0.013,396856.114062
1719906,IT,PL,PREC1,KEROS,0.43,253976.425,5,5,253975.413,0.0,0.0,1.0,0.012,590642.848837
1759160,IT,BR,AIRTR,LANDT,0.28,253958.583,4,4,253958.575,0.0,0.0,0.0,0.008,906994.939286
1675330,IT,FR,MACHI,CEREA,1.42,253951.587,4,4,253951.566,0.0,0.0,0.0,0.021,178839.145775
1756195,IT,KR,MACHI,CEMEN,1.42,253936.247,4,4,253936.226,0.0,0.0,0.0,0.021,178828.342958
1735917,IT,SK,OFFIC,HEALT,0.79,253932.413,4,4,253932.395,0.0,0.0,0.0,0.018,321433.434177
1756697,IT,KR,SEACO,COPP1,0.26,253929.723,4,4,253929.719,0.0,0.0,0.0,0.004,976652.780769
1725034,IT,RO,CEREA,BUSIN,0.41,253890.534,5,5,253888.52,0.0,2.0,0.0,0.014,619245.204878
1723262,IT,PT,GLASS,CHEM1,0.7,253873.33,5,5,253872.315,0.0,0.0,1.0,0.015,362676.185714
1747454,IT,JP,SEACO,PAPER,0.26,253866.085,4,4,253866.081,0.0,0.0,0.0,0.004,976408.019231
1720352,IT,PL,FABRI,HEALT,1.03,253842.545,5,5,253841.527,0.0,0.0,1.0,0.018,246449.072816
1713874,IT,MT,ELEC4,COLLE,4.04,253836.146,4,4,253836.13,0.0,0.0,0.0,0.016,62830.729208
1757651,IT,BR,HEAVY,TEXTI,0.41,253822.829,4,4,253822.809,0.0,0.0,0.0,0.02,619080.070732
1776743,IT,TR,LIQUE,CERAM,0.44,253814.79,4,4,253814.77,0.0,0.0,0.0,0.02,576851.795455
1688631,IT,IE,PLAST,RUBBE,0.53,253809.076,4,4,253809.05,0.0,0.0,0.0,0.026,478885.049057
1786338,IT,ZA,MACHI,FORES,1.42,253800.638,4,4,253800.617,0.0,0.0,0.0,0.021,178732.843662
1810915,IT,WM,GASDI,POULT,0.38,253780.144,4,4,253780.123,0.0,0.0,0.0,0.021,667842.484211
1800579,IT,WE,GLASS,CRUDE,0.7,253774.259,5,5,253773.244,0.0,0.0,1.0,0.015,362534.655714
1796114,IT,WL,TRANS,MOTO1,1.51,253724.716,4,4,253724.702,0.0,0.0,0.0,0.014,168029.613245
1682256,IT,HR,LEATH,WEARI,1.82,253689.236,5,5,253687.192,0.0,2.0,0.0,0.044,139389.69011
1810228,IT,WM,LEATH,TEXTI,1.82,253669.487,5,5,253667.443,0.0,2.0,0.0,0.044,139378.839011
1805234,IT,WF,CHEM1,MOTO1,0.53,253650.717,4,4,253650.689,0.0,0.0,0.0,0.028,478586.258491
1811900,IT,WM,RUBBE,MEDIC,0.84,253636.972,4,4,253636.949,0.0,0.0,0.0,0.023,301948.77619
1805666,IT,WF,NONME,RECRE,0.51,253603.489,5,5,253602.461,0.0,0.0,1.0,0.028,497261.743137
1800464,IT,WE,RUBBE,FISHF,0.84,253566.15,4,4,253566.127,0.0,0.0,0.0,0.023,301864.464286
1735570,IT,SK,ALUM1,CONST,0.44,253546.439,4,4,253546.419,0.0,0.0,0.0,0.02,576241.906818
1645630,IT,BE,CHEM1,TRANS,0.53,253531.421,4,4,253531.393,0.0,0.0,0.0,0.028,478361.171698
1674854,IT,FR,NONME,CERAM,0.51,253526.656,5,5,253525.628,0.0,0.0,1.0,0.028,497111.090196
1731957,IT,SI,MOTOR,BUSIN,0.38,253518.875,4,4,253518.854,0.0,0.0,0.0,0.021,667154.934211
1730264,IT,SE,SEACO,CEMEN,0.26,253516.519,4,4,253516.515,0.0,0.0,0.0,0.004,975063.534615
1725264,IT,RO,FOOD5,HEALT,1.22,253489.905,5,5,253488.882,0.0,1.0,0.0,0.023,207778.610656
1804536,IT,WF,GASDI,INSUR,0.38,253462.346,4,4,253462.325,0.0,0.0,0.0,0.021,667006.173684
1801001,IT,WE,ALUM1,PUBLI,0.44,253437.705,4,4,253437.685,0.0,0.0,0.0,0.02,575994.784091
1790886,IT,WA,OFFIC,NATUR,0.79,253405.23,4,4,253405.212,0.0,0.0,0.0,0.018,320766.113924
1661953,IT,DK,HEAVY,SEACO,0.41,253386.983,4,4,253386.963,0.0,0.0,0.0,0.02,618017.031707
1790178,IT,WA,BASIC,RECRE,0.29,253336.415,4,4,253336.399,0.0,0.0,0.0,0.016,873573.844828
1656671,IT,DE,COKEO,GASDI,0.03,253320.679,3,3,253320.679,0.0,0.0,0.0,0.0,8444022.633333
1685167,IT,HU,BEVER,PULP5,1.08,253305.133,5,5,253304.117,0.0,1.0,0.0,0.016,234541.789815
1771208,IT,CH,VEGE1,PIGS9,0.78,253263.825,5,5,253261.77,0.0,2.0,0.0,0.055,324697.211538
1798274,IT,WE,OILSE,INSUR,0.18,253202.35,5,5,253200.338,0.0,2.0,0.0,0.012,1406679.722222
1788225,IT,WA,LEATH,NATUR,1.81,253186.018,5,5,253183.974,0.0,2.0,0.0,0.044,139881.777901
1736060,IT,SK,FURNI,CONST,0.81,253183.202,6,6,253181.18,0.0,1.0,1.0,0.022,312571.854321
1726157,IT,RO,GLASS,BEVER,0.69,253166.599,5,5,253165.585,0.0,0.0,1.0,0.014,366908.114493
1656029,IT,DE,FOOD5,93197,1.22,253120.281,5,5,253119.258,0.0,1.0,0.0,0.023,207475.640164
1673885,IT,FR,COKEO,DAIRY,0.03,253090.868,3,3,253090.868,0.0,0.0,0.0,0.0,8436362.266667
1646015,IT,BE,NONME,BASIC,0.51,253085.275,5,5,253084.247,0.0,0.0,1.0,0.028,496245.637255
1727139,IT,RO,LANDT,DISTR,1.63,253083.929,4,4,253083.917,0.0,0.0,0.0,0.012,155266.21411
1805486,IT,WF,GLASS,93197,0.69,253073.025,5,5,253072.011,0.0,0.0,1.0,0.014,366772.5
1804417,IT,WF,KEROS,EDUCA,0.38,253040.161,4,4,253040.14,0.0,0.0,0.0,0.021,665895.160526
1728879,IT,SE,CHEM1,PRECI,0.53,253013.101,4,4,253013.073,0.0,0.0,0.0,0.028,477383.209434
1788837,IT,WA,GASDI,FISHF,0.38,253011.057,4,4,253011.036,0.0,0.0,0.0,0.021,665818.571053
1776283,IT,TR,PAPER,DAIRY,0.98,253005.872,5,5,253003.847,0.0,2.0,0.0,0.025,258169.257143
1772092,IT,CH,COKEO,BEVER,0.03,252960.885,3,3,252960.885,0.0,0.0,0.0,0.0,8432029.5
1673538,IT,FR,LEATH,RETAI,1.81,252950.921,5,5,252948.877,0.0,2.0,0.0,0.044,139751.890055
1789530,IT,WA,ADDIT,RETA1,0.59,252938.003,6,6,252934.983,0.0,2.0,1.0,0.02,428708.479661
1732203,IT,SI,HEAVY,ANIMA,0.41,252801.482,4,4,252801.462,0.0,0.0,0.0,0.02,616588.980488
1756715,IT,KR,SEACO,HOTEL,0.26,252789.478,4,4,252789.474,0.0,0.0,0.0,0.004,972267.223077
1685621,IT,HU,MOTOR,GASDI,0.38,252758.721,4,4,252758.7,0.0,0.0,0.0,0.021,665154.528947
1759974,IT,BR,PLAS1,FOOD4,0.91,252751.526,4,4,252751.509,0.0,0.0,0.0,0.017,277748.92967
1677731,IT,FR,RENTI,HEALT,1.51,252728.559,4,4,252728.545,0.0,0.0,0.0,0.014,167369.906623
1796141,IT,WL,TRANS,COMPU,1.51,252681.377,4,4,252681.363,0.0,0.0,0.0,0.014,167338.660265
1782229,IT,NO,BASIC,BUSIN,0.29,252629.278,4,4,252629.262,0.0,0.0,0.0,0.016,871135.441379
1794954,IT,WL,CHEM1,CERAM,0.53,252619.9,4,4,252619.872,0.0,0.0,0.0,0.028,476641.320755
1655666,IT,DE,CHEMI,PLAST,0.6,252611.238,6,6,252598.214,0.0,1.0,12.0,0.024,421018.73
1717872,IT,PL,VEGET,RETA1,0.89,252611.148,5,5,252610.138,0.0,1.0,0.0,0.01,283832.750562
1726627,IT,RO,MOTO1,TRANS,1.34,252609.061,4,4,252609.045,0.0,0.0,0.0,0.016,188514.224627
1809649,IT,WM,DAIRY,WHOLE,1.03,252583.804,5,5,252581.787,0.0,2.0,0.0,0.017,245226.994175
1725895,IT,RO,NAPHT,PLAST,0.43,252565.842,4,4,252565.824,0.0,0.0,0.0,0.018,587362.423256
1811767,IT,WM,ADDIT,LEAD1,0.58,252527.353,6,6,252524.333,0.0,2.0,1.0,0.02,435391.987931
1721446,IT,PL,AIRTR,FABRI,0.27,252519.671,4,4,252519.663,0.0,0.0,0.0,0.008,935258.040741
1684756,IT,HU,OILSE,VEGE1,0.18,252495.443,5,5,252493.431,0.0,2.0,0.0,0.012,1402752.461111
1785231,IT,ZA,TEXTI,TEXTI,1.5,252459.623,4,4,252459.589,0.0,0.0,0.0,0.034,168306.415333
1650092,IT,BG,MACHI,HEALT,1.41,252453.109,4,4,252453.088,0.0,0.0,0.0,0.021,179044.758156
1645613,IT,BE,CHEM1,CERAM,0.53,252428.666,4,4,252428.638,0.0,0.0,0.0,0.028,476280.501887
1761173,IT,IN,CHEM1,SUPPO,0.53,252404.19,4,4,252404.162,0.0,0.0,0.0,0.028,476234.320755
1732067,IT,SI,KEROS,FOOD4,0.38,252399.454,4,4,252399.433,0.0,0.0,0.0,0.021,664209.089474
1741823,IT,US,NFERT,FOOD5,0.05,252397.703,4,4,252397.682,0.0,0.0,0.0,0.021,5047954.06
1655198,IT,CZ,BUSIN,PUBLI,2.59,252388.475,5,5,252387.458,0.0,1.0,0.0,0.017,97447.287645
1765449,IT,RU,TEXTI,WHOLE,1.5,252371.381,4,4,252371.347,0.0,0.0,0.0,0.034,168247.587333
1801147,IT,WE,FABRI,FISHF,1.03,252353.529,4,4,252353.511,0.0,0.0,0.0,0.018,245003.426214
1665083,IT,ES,VEGE1,MEAT1,0.78,252330.558,5,5,252328.503,0.0,2.0,0.0,0.055,323500.715385
1738361,IT,GB,PREC1,LEATH,0.43,252293.709,5,5,252292.697,0.0,0.0,1.0,0.012,586729.555814
1786160,IT,ZA,BASIC,SUPPO,0.29,252286.533,4,4,252286.517,0.0,0.0,0.0,0.016,869953.562069
1738494,IT,GB,COPP1,REALE,0.64,252281.232,5,5,252280.219,0.0,0.0,1.0,0.013,394189.425
1809003,IT,WM,VEGET,HEAVY,0.89,252265.778,5,5,252264.768,0.0,1.0,0.0,0.01,283444.694382
1809158,IT,WM,CATTL,CATTL,0.55,252193.893,5,5,252187.876,0.0,6.0,0.0,0.017,458534.350909
1805192,IT,WF,CHEM1,FOOD5,0.53,252191.947,4,4,252191.919,0.0,0.0,0.0,0.028,475833.862264
1803594,IT,WF,FOOD5,CATTL,1.21,252182.887,5,5,252181.864,0.0,1.0,0.0,0.023,208415.609091
1714677,IT,NL,VEGE1,MEATP,0.78,252179.881,5,5,252177.826,0.0,2.0,0.0,0.055,323307.539744
1736312,IT,SK,HOTEL,BUSIN,1.83,252167.156,5,5,252166.137,0.0,1.0,0.0,0.019,137796.260109
1641468,IT,AT,GASDI,RENTI,0.38,252140.791,4,4,252140.77,0.0,0.0,0.0,0.021,663528.397368
1781027,IT,TW,BUSIN,AUXIL,2.59,252117.866,5,5,252116.849,0.0,1.0,0.0,0.017,97342.805405
1720769,IT,PL,TRANS,RETA1,1.5,252110.973,4,4,252110.959,0.0,0.0,0.0,0.014,168073.982
1811696,IT,WM,CHEM1,FOOD4,0.53,252108.15,4,4,252108.122,0.0,0.0,0.0,0.028,475675.754717
1741633,IT,US,HEAVY,DAIRY,0.41,252103.558,4,4,252103.538,0.0,0.0,0.0,0.02,614886.726829
1666614,IT,ES,CHEM1,CONST,0.53,252099.88,4,4,252099.852,0.0,0.0,0.0,0.028,475660.150943
1814033,IT,WM,SEACO,AIRTR,0.26,252066.724,4,4,252066.72,0.0,0.0,0.0,0.004,969487.4
1813330,IT,WM,FURNI,FISHF,0.8,252048.896,6,6,252046.874,0.0,1.0,1.0,0.022,315061.12
1642746,IT,AT,MACHI,COPP1,1.41,252014.517,4,4,252014.496,0.0,0.0,0.0,0.021,178733.7
1786388,IT,ZA,MACHI,MEDIC,1.41,251977.142,4,4,251977.121,0.0,0.0,0.0,0.021,178707.192908
1735441,IT,SK,BASIC,PREC1,0.29,251960.242,4,4,251960.226,0.0,0.0,0.0,0.016,868828.42069
1813084,IT,WM,OFFIC,HEALT,0.78,251957.099,4,4,251957.081,0.0,0.0,0.0,0.018,323021.921795
1753042,IT,CA,CHEM1,HOTEL,0.53,251945.326,4,4,251945.298,0.0,0.0,0.0,0.028,475368.539623
1768483,IT,AU,FOOD5,SUGAR,1.21,251916.916,5,5,251915.893,0.0,1.0,0.0,0.023,208195.798347
1741681,IT,US,HEAVY,ELEC2,0.41,251909.911,4,4,251909.891,0.0,0.0,0.0,0.02,614414.417073
1777312,IT,TR,GLASS,BEVER,0.69,251887.968,5,5,251886.954,0.0,0.0,1.0,0.014,365055.026087
1774072,IT,CH,WHOLE,MEATC,2.18,251883.794,4,4,251883.779,0.0,0.0,0.0,0.015,115543.024771
1810545,IT,WM,PAPER,OFFIC,0.98,251870.247,5,5,251868.222,0.0,2.0,0.0,0.025,257010.456122
1805641,IT,WF,NONME,CERAM,0.51,251864.19,5,5,251863.162,0.0,0.0,1.0,0.028,493851.352941
1686818,IT,HU,FABRI,ALUM1,1.02,251860.081,4,4,251860.063,0.0,0.0,0.0,0.018,246921.648039
1761793,IT,IN,MACHI,TRAN2,1.41,251842.071,4,4,251842.05,0.0,0.0,0.0,0.021,178611.397872
1769098,IT,AU,PLAST,WHOLE,0.53,251818.949,4,4,251818.923,0.0,0.0,0.0,0.026,475130.092453
1657306,IT,DE,CHEM1,WASTE,0.53,251812.284,4,4,251812.257,0.0,0.0,0.0,0.027,475117.516981
1743784,IT,US,LANDT,FABRI,1.62,251800.133,4,4,251800.121,0.0,0.0,0.0,0.012,155432.180864
1760685,IT,IN,PAPER,CHEM1,0.98,251766.008,5,5,251763.983,0.0,2.0,0.0,0.025,256904.089796
1749768,IT,CN,ADDIT,NONME,0.58,251753.717,6,6,251750.697,0.0,2.0,1.0,0.02,434058.132759
1726072,IT,RO,RUBBE,FOOD5,0.83,251732.068,4,4,251732.045,0.0,0.0,0.0,0.023,303291.648193
1782922,IT,NO,AIRTR,PIGS9,0.27,251682.516,4,4,251682.508,0.0,0.0,0.0,0.008,932157.466667
1642025,IT,AT,RUBBE,RENTI,0.83,251641.59,4,4,251641.567,0.0,0.0,0.0,0.023,303182.638554
1798273,IT,WE,OILSE,FINAN,0.18,251597.969,5,5,251595.957,0.0,2.0,0.0,0.012,1397766.494444
1665991,IT,ES,MOTOR,COLLE,0.38,251597.027,4,4,251597.007,0.0,0.0,0.0,0.02,662097.439474
1793556,IT,WL,MEAT4,CHEM1,1.39,251592.195,5,5,251591.178,0.0,1.0,0.0,0.017,181001.579137
1757091,IT,KR,BUSIN,COMPU,2.58,251573.69,5,5,251572.673,0.0,1.0,0.0,0.017,97509.182171
1684693,IT,HU,CEREA,CONST,0.41,251551.799,5,5,251549.785,0.0,2.0,0.0,0.014,613540.973171
1658521,IT,DE,MACHI,OILSE,1.4,251536.984,4,4,251536.963,0.0,0.0,0.0,0.021,179669.274286
1669100,IT,ES,SUPPO,BUSIN,1.81,251448.879,4,4,251448.867,0.0,0.0,0.0,0.012,138922.032597
1733038,IT,SI,COPP1,CHEM1,0.64,251412.915,5,5,251411.902,0.0,0.0,1.0,0.013,392832.679688
1804773,IT,WF,NAPHT,PAPER,0.43,251406.697,4,4,251406.679,0.0,0.0,0.0,0.018,584666.737209
1771476,IT,CH,BEVER,DIST1,1.07,251383.768,5,5,251382.752,0.0,1.0,0.0,0.016,234938.100935
1732917,IT,SI,PREC1,RESEA,0.43,251354.784,5,5,251353.772,0.0,0.0,1.0,0.012,584546.009302
1655697,IT,DE,CHEMI,DISTR,0.6,251334.763,6,6,251321.739,0.0,1.0,12.0,0.024,418891.271667
1733062,IT,SI,COPP1,WHOLE,0.63,251329.003,5,5,251327.99,0.0,0.0,1.0,0.013,398934.925397
1649322,IT,BG,PLAST,LEATH,0.53,251328.263,4,4,251328.237,0.0,0.0,0.0,0.026,474204.269811
1773256,IT,CH,FABRI,RENTI,1.02,251279.846,4,4,251279.828,0.0,0.0,0.0,0.018,246352.790196
1786289,IT,ZA,FABRI,MACHI,1.02,251279.39,4,4,251279.372,0.0,0.0,0.0,0.018,246352.343137
1794005,IT,WL,WOODW,RETA1,0.7,251271.464,5,5,251269.447,0.0,2.0,0.0,0.017,358959.234286
1813414,IT,WM,FURNI,REALE,0.8,251268.775,6,6,251266.753,0.0,1.0,1.0,0.022,314085.96875
1749967,IT,CN,CERAM,RADIO,0.39,251263.911,5,5,251262.897,0.0,0.0,1.0,0.014,644266.438462
1659911,IT,DE,TRAN2,REFI1,0.39,251246.141,4,4,251246.134,0.0,0.0,0.0,0.007,644220.874359
1673319,IT,FR,TEXTI,BIOGA,1.49,251145.065,4,4,251145.032,0.0,0.0,0.0,0.033,168553.734899
1662452,IT,DK,ALUM1,PAPER,0.44,251143.112,4,4,251143.092,0.0,0.0,0.0,0.02,570779.8
1720568,IT,PL,OFFIC,RETA1,0.78,251100.451,4,4,251100.433,0.0,0.0,0.0,0.018,321923.655128
1788698,IT,WA,MOTOR,MEAT4,0.38,251097.268,4,4,251097.248,0.0,0.0,0.0,0.02,660782.284211
1665737,IT,ES,PAPER,BRICK,0.97,251091.327,5,5,251089.302,0.0,2.0,0.0,0.025,258857.038144
1796869,IT,WL,SEACO,COPP1,0.26,251089.952,4,4,251089.948,0.0,0.0,0.0,0.004,965730.584615
1647434,IT,BE,AIRTR,RETAI,0.27,251086.48,4,4,251086.472,0.0,0.0,0.0,0.008,929949.925926
1795712,IT,WL,FABRI,RECRE,1.02,251080.278,4,4,251080.26,0.0,0.0,0.0,0.018,246157.135294
1745176,IT,JP,VEGET,HOTEL,0.89,251059.857,5,5,251058.847,0.0,1.0,0.0,0.01,282089.726966
1773065,IT,CH,ALUM1,LANDT,0.44,251056.494,4,4,251056.474,0.0,0.0,0.0,0.02,570582.940909
1773561,IT,CH,MOTO1,SEACO,1.34,251036.229,4,4,251036.213,0.0,0.0,0.0,0.016,187340.469403
1795642,IT,WL,FABRI,MOTOR,1.02,251034.286,4,4,251034.268,0.0,0.0,0.0,0.018,246112.045098
1716066,IT,NL,BASIC,TEXTI,0.29,251014.503,4,4,251014.487,0.0,0.0,0.0,0.016,865567.251724
1732842,IT,SI,BASIC,SECO9,0.29,251011.987,4,4,251011.971,0.0,0.0,0.0,0.016,865558.575862
1741798,IT,US,PLAST,CHEM1,0.53,251001.059,4,4,251001.033,0.0,0.0,0.0,0.026,473586.903774
1713631,IT,MT,PREC1,INLAN,0.43,250998.236,5,5,250997.224,0.0,0.0,1.0,0.012,583716.827907
1742148,IT,US,RUBBE,FOOD3,0.83,250984.613,4,4,250984.59,0.0,0.0,0.0,0.023,302391.1
1675598,IT,FR,MOTO1,ELEC3,1.34,250961.3,4,4,250961.284,0.0,0.0,0.0,0.016,187284.552239
1765667,IT,RU,PAPER,TOBAC,0.97,250911.598,5,5,250909.573,0.0,2.0,0.0,0.025,258671.750515
1677194,IT,FR,POSTT,CONST,4.13,250891.039,4,4,250891.02,0.0,0.0,0.0,0.019,60748.435593
1762216,IT,IN,SEACO,ELEC2,0.26,250867.272,4,4,250867.268,0.0,0.0,0.0,0.004,964874.123077
1772600,IT,CH,RUBBE,RECRE,0.83,250830.266,4,4,250830.243,0.0,0.0,0.0,0.023,302205.139759
1753772,IT,CA,FURNI,SALEM,0.8,250830.263,6,6,250828.241,0.0,1.0,1.0,0.022,313537.82875
1726420,IT,RO,FABRI,FOOD5,1.02,250827.029,4,4,250827.011,0.0,0.0,0.0,0.018,245908.851961
1779011,IT,TR,AIRTR,RUBBE,0.27,250803.166,4,4,250803.158,0.0,0.0,0.0,0.008,928900.614815
1656820,IT,DE,GASDI,WHOLE,0.37,250792.452,4,4,250792.432,0.0,0.0,0.0,0.02,677817.437838
1812775,IT,WM,FABRI,WHEAT,1.02,250773.663,4,4,250773.645,0.0,0.0,0.0,0.018,245856.532353
1648161,IT,BE,BUSIN,BEVER,2.58,250748.444,4,4,250748.427,0.0,0.0,0.0,0.017,97189.31938
1644610,IT,BE,FOOD5,PLAST,1.2,250736.046,5,5,250735.024,0.0,1.0,0.0,0.022,208946.705
1785716,IT,ZA,NAPHT,TRANS,0.43,250735.387,4,4,250735.369,0.0,0.0,0.0,0.018,583105.551163
1642072,IT,AT,GLASS,CHEM1,0.69,250718.281,5,5,250717.267,0.0,0.0,1.0,0.014,363359.827536
1673621,IT,FR,WOODW,SALEM,0.7,250695.508,5,5,250693.491,0.0,2.0,0.0,0.017,358136.44
1640779,IT,AT,TEXTI,BUSIN,1.49,250694.557,4,4,250694.524,0.0,0.0,0.0,0.033,168251.380537
1788064,IT,WA,TEXTI,LANDT,1.49,250681.557,4,4,250681.524,0.0,0.0,0.0,0.033,168242.655705
1720097,IT,PL,LEAD1,NATUR,0.44,250678.831,6,6,250676.81,0.0,1.0,1.0,0.021,569724.615909
1804113,IT,WF,PAPER,DAIRY,0.97,250665.853,5,5,250663.828,0.0,2.0,0.0,0.025,258418.405155
1730471,IT,SE,POSTT,EDUCA,4.13,250656.79,4,4,250656.771,0.0,0.0,0.0,0.019,60691.716707
1743923,IT,US,SEACO,AUXIL,0.25,250643.147,4,4,250643.143,0.0,0.0,0.0,0.004,1002572.588
1727957,IT,SE,OILSE,HEALT,0.18,250643.061,5,5,250641.049,0.0,2.0,0.0,0.012,1392461.45
1810155,IT,WM,WEARI,PFERT,1.89,250610.777,4,4,250610.729,0.0,0.0,0.0,0.048,132598.294709
1773294,IT,CH,MACHI,SANDC,1.4,250605.976,4,4,250605.955,0.0,0.0,0.0,0.021,179004.268571
1683379,IT,HR,BASIC,STONE,0.29,250600.798,4,4,250600.782,0.0,0.0,0.0,0.016,864140.682759
1675064,IT,FR,ALUM1,NONME,0.44,250564.757,4,4,250564.737,0.0,0.0,0.0,0.02,569465.356818
1761883,IT,IN,TRANS,SEACO,1.5,250537.947,4,4,250537.933,0.0,0.0,0.0,0.014,167025.298
1740741,IT,US,MEAT4,MEAT4,1.38,250508.465,5,5,250507.448,0.0,1.0,0.0,0.017,181527.873188
1668960,IT,ES,AIRTR,BASIC,0.27,250506.585,4,4,250506.577,0.0,0.0,0.0,0.008,927802.166667
1681316,IT,GR,INSUR,LUBRI,5.16,250502.448,4,4,250502.436,0.0,0.0,0.0,0.012,48546.986047
1666616,IT,ES,CHEM1,RETA1,0.52,250493.734,4,4,250493.707,0.0,0.0,0.0,0.027,481718.719231
1731600,IT,SI,WEARI,ALUM1,1.89,250480.275,4,4,250480.227,0.0,0.0,0.0,0.048,132529.246032
1760701,IT,IN,PAPER,ELECT,0.97,250468.374,5,5,250466.349,0.0,2.0,0.0,0.025,258214.818557
1657513,IT,DE,GLASS,VEGET,0.69,250461.822,5,5,250460.808,0.0,0.0,1.0,0.014,362988.147826
1763546,IT,MX,CHEM1,HEAVY,0.52,250459.576,4,4,250459.549,0.0,0.0,0.0,0.027,481653.030769
1805687,IT,WF,BASIC,PRECI,0.29,250458.561,4,4,250458.545,0.0,0.0,0.0,0.016,863650.210345
1652432,IT,CZ,TEXTI,LANDT,1.48,250393.734,4,4,250393.701,0.0,0.0,0.0,0.033,169184.955405
1809458,IT,WM,CHEMI,SUPPO,0.6,250374.563,6,6,250361.539,0.0,1.0,12.0,0.024,417290.938333
1731906,IT,SI,MOTOR,CATTL,0.37,250343.151,4,4,250343.131,0.0,0.0,0.0,0.02,676603.110811
1788447,IT,WA,PULP5,WOODW,0.76,250337.947,5,5,250336.924,0.0,1.0,0.0,0.023,329392.035526
1740986,IT,US,BEVER,WHOLE,1.06,250296.861,5,5,250295.845,0.0,1.0,0.0,0.016,236129.114151
1749223,IT,CN,PAPER,FISH5,0.97,250294.477,5,5,250292.452,0.0,2.0,0.0,0.025,258035.543299
1761669,IT,IN,FABRI,RADIO,1.02,250270.498,4,4,250270.48,0.0,0.0,0.0,0.018,245363.233333
1754058,IT,CA,SEACO,BUSIN,0.25,250262.14,4,4,250262.136,0.0,0.0,0.0,0.004,1001048.56
1763901,IT,MX,BASIC,PRECI,0.29,250234.514,4,4,250234.498,0.0,0.0,0.0,0.016,862877.634483
1805034,IT,WF,PLAST,FOUND,0.52,250199.797,4,4,250199.772,0.0,0.0,0.0,0.025,481153.455769
1814425,IT,WM,REALE,REALE,10.57,250197.412,5,5,250196.396,0.0,0.0,1.0,0.016,23670.521476
1679884,IT,GR,COPP1,MACHI,0.63,250196.986,5,5,250195.973,0.0,0.0,1.0,0.013,397138.073016
1760977,IT,IN,NAPHT,TRANS,0.42,250163.378,4,4,250163.36,0.0,0.0,0.0,0.018,595627.090476
1755519,IT,KR,CHEM1,LEATH,0.52,250163.301,4,4,250163.274,0.0,0.0,0.0,0.027,481083.271154
1667527,IT,ES,FABRI,ELECT,1.02,250160.482,4,4,250160.464,0.0,0.0,0.0,0.018,245255.37451
1737620,IT,GB,PAPER,NONF1,0.97,250159.975,5,5,250157.95,0.0,2.0,0.0,0.025,257896.881443
1791228,IT,WA,FURNI,ELEC4,0.8,250146.296,6,6,250144.274,0.0,1.0,1.0,0.022,312682.87
1665975,IT,ES,MOTOR,MACHI,0.37,250126.131,4,4,250126.111,0.0,0.0,0.0,0.02,676016.57027
1679771,IT,GR,BASIC,RESEA,0.29,250125.776,4,4,250125.76,0.0,0.0,0.0,0.016,862502.675862
1757902,IT,BR,CHEM1,MACHI,0.52,250124.979,4,4,250124.952,0.0,0.0,0.0,0.027,481009.575
1675916,IT,FR,ELEC2,FINAN,0.06,250121.14,4,4,250121.114,0.0,0.0,0.0,0.026,4168685.666667
1766207,IT,RU,GLASS,RUBBE,0.69,250111.209,5,5,250110.195,0.0,0.0,1.0,0.014,362480.013043
1738963,IT,GB,CONST,CONST,1.4,250097.288,5,5,250096.275,0.0,0.0,1.0,0.013,178640.92
1654326,IT,CZ,ELEC2,REALE,0.06,250097.204,4,4,250097.178,0.0,0.0,0.0,0.026,4168286.733333
1783364,IT,NO,PLAS1,ALUM1,0.9,250096.244,4,4,250096.227,0.0,0.0,0.0,0.017,277884.715556
1660040,IT,DE,AIRTR,DAIRY,0.27,250088.577,4,4,250088.569,0.0,0.0,0.0,0.008,926253.988889
1803537,IT,WF,VEGE1,INSUR,0.77,250080.124,5,5,250078.07,0.0,2.0,0.0,0.054,324779.381818
1741979,IT,US,CHEM1,WASTE,0.52,250061.278,4,4,250061.251,0.0,0.0,0.0,0.027,480887.073077
1800221,IT,WE,PLAST,WEARI,0.52,250057.664,4,4,250057.639,0.0,0.0,0.0,0.025,480880.123077
1662772,IT,DK,MOTO1,MOTO1,1.33,250053.695,4,4,250053.679,0.0,0.0,0.0,0.016,188010.296992
1647555,IT,BE,SUPPO,EDUCA,1.8,250005.979,4,4,250005.967,0.0,0.0,0.0,0.012,138892.210556
1716391,IT,NL,MACHI,ELECT,1.39,249992.354,4,4,249992.333,0.0,0.0,0.0,0.021,179850.614388
1757412,IT,BR,WOODW,FURNI,0.7,249990.856,5,5,249988.839,0.0,2.0,0.0,0.017,357129.794286
1757656,IT,BR,HEAVY,PAPER,0.4,249988.648,4,4,249988.628,0.0,0.0,0.0,0.02,624971.62
1686394,IT,HU,BASIC,MOTOR,0.29,249986.435,4,4,249986.419,0.0,0.0,0.0,0.016,862022.189655
1679038,IT,GR,WOODW,CERAM,0.7,249940.194,5,5,249938.177,0.0,2.0,0.0,0.017,357057.42
1744918,IT,US,BUSIN,BASIC,2.57,249930.911,4,4,249930.894,0.0,0.0,0.0,0.017,97249.381712
1712504,IT,LV,FABRI,WOODW,1.02,249906.029,4,4,249906.011,0.0,0.0,0.0,0.018,245005.910784
1811344,IT,WM,BITU1,PUBLI,0.39,249863.913,4,4,249863.893,0.0,0.0,0.0,0.02,640676.7
1813417,IT,WM,FURNI,RESEA,0.8,249835.801,6,6,249833.78,0.0,1.0,1.0,0.021,312294.75125
1640816,IT,AT,WEARI,CONST,1.88,249786.248,4,4,249786.201,0.0,0.0,0.0,0.047,132865.025532
1667998,IT,ES,TRANS,RESEA,1.49,249773.121,4,4,249773.107,0.0,0.0,0.0,0.014,167632.967114
1654697,IT,CZ,LANDT,WHOLE,1.61,249727.485,4,4,249727.473,0.0,0.0,0.0,0.012,155110.23913
1773226,IT,CH,FABRI,MOTO1,1.02,249711.713,4,4,249711.695,0.0,0.0,0.0,0.018,244815.404902
1812796,IT,WM,FABRI,LEADZ,1.02,249708.888,4,4,249708.87,0.0,0.0,0.0,0.018,244812.635294
1774614,IT,CH,SEACO,FINAN,0.25,249689.17,4,4,249689.166,0.0,0.0,0.0,0.004,998756.68
1666649,IT,ES,CHEM1,INERT,0.52,249681.905,4,4,249681.878,0.0,0.0,0.0,0.027,480157.509615
1810722,IT,WM,MOTOR,FURNI,0.37,249669.993,4,4,249669.973,0.0,0.0,0.0,0.02,674783.764865
1684098,IT,HR,HOTEL,BUSIN,1.81,249641.093,4,4,249641.074,0.0,0.0,0.0,0.019,137923.255801
1655279,IT,DE,WHEAT,PUBLI,0.19,249633.797,5,5,249631.791,0.0,2.0,0.0,0.006,1313862.089474
1774085,IT,CH,WHOLE,WEARI,2.16,249607.75,4,4,249607.736,0.0,0.0,0.0,0.014,115559.143519
1769246,IT,AU,RUBBE,BEVER,0.83,249595.559,4,4,249595.536,0.0,0.0,0.0,0.023,300717.540964
1747585,IT,JP,AIRTR,MEDIC,0.27,249584.206,4,4,249584.198,0.0,0.0,0.0,0.008,924385.948148
1792062,IT,WA,AIRTR,NFERT,0.27,249576.123,4,4,249576.115,0.0,0.0,0.0,0.008,924356.011111
1793982,IT,WL,WOODW,CHEM1,0.7,249550.451,5,5,249548.434,0.0,2.0,0.0,0.017,356500.644286
1728605,IT,SE,PAPER,EDUCA,0.97,249504.63,5,5,249502.605,0.0,2.0,0.0,0.025,257221.268041
1754093,IT,CA,AIRTR,RUBBE,0.27,249489.21,4,4,249489.202,0.0,0.0,0.0,0.008,924034.111111
1749639,IT,CN,CHEM1,PULP5,0.52,249445.779,4,4,249445.752,0.0,0.0,0.0,0.027,479703.421154
1807028,IT,WF,LANDT,PUBLI,1.61,249440.175,4,4,249440.163,0.0,0.0,0.0,0.012,154931.785714
1794253,IT,WL,MOTOR,RAWMI,0.37,249403.965,4,4,249403.945,0.0,0.0,0.0,0.02,674064.77027
1740055,IT,GB,RENTI,WHOLE,1.49,249402.849,4,4,249402.835,0.0,0.0,0.0,0.014,167384.462416
1755251,IT,KR,PAPER,TOBAC,0.97,249395.123,5,5,249393.098,0.0,2.0,0.0,0.025,257108.374227
1775798,IT,TR,CHEMI,MOTOR,0.59,249393.394,6,6,249380.371,0.0,1.0,12.0,0.023,422700.667797
1727181,IT,RO,TRAN2,KEROS,0.39,249392.569,4,4,249392.562,0.0,0.0,0.0,0.007,639468.125641
1788009,IT,WA,TEXTI,PRINT,1.48,249372.736,4,4,249372.703,0.0,0.0,0.0,0.033,168495.091892
1743100,IT,US,MOTO1,PRINT,1.33,249366.004,4,4,249365.988,0.0,0.0,0.0,0.016,187493.23609
1763858,IT,MX,NONME,BASIC,0.5,249353.983,5,5,249352.956,0.0,0.0,1.0,0.027,498707.966
1676048,IT,FR,ELEC6,POSTT,0.04,249308.482,4,4,249308.442,0.0,0.0,0.0,0.04,6232712.05
1737472,IT,GB,LEATH,HOTEL,1.79,249298.728,5,5,249296.685,0.0,2.0,0.0,0.043,139273.032402
1783793,IT,NO,PLAS2,WASTE,2.07,249248.11,5,5,249247.094,0.0,0.0,1.0,0.016,120409.714976
1687504,IT,HU,LANDT,FOOD5,1.61,249232.746,4,4,249232.734,0.0,0.0,0.0,0.012,154802.947826
1653988,IT,CZ,MACHI,NUCLE,1.39,249227.504,4,4,249227.484,0.0,0.0,0.0,0.02,179300.36259
1642019,IT,AT,RUBBE,SUPPO,0.83,249222.53,4,4,249222.507,0.0,0.0,0.0,0.023,300268.108434
1641224,IT,AT,COKEO,MOTO1,0.03,249219.44,3,3,249219.44,0.0,0.0,0.0,0.0,8307314.666667
1794810,IT,WL,PLAST,NONME,0.52,249163.174,4,4,249163.149,0.0,0.0,0.0,0.025,479159.95
1774195,IT,CH,RETA1,TOBAC,2.6,249160.143,4,4,249160.127,0.0,0.0,0.0,0.016,95830.824231
1717624,IT,NL,BUSIN,NATUR,2.56,249136.972,4,4,249136.955,0.0,0.0,0.0,0.017,97319.129688
1763290,IT,MX,PAPER,PLAST,0.97,249074.37,5,5,249072.345,0.0,2.0,0.0,0.025,256777.701031
1757470,IT,BR,PAPER,FABRI,0.97,249060.995,5,5,249058.97,0.0,2.0,0.0,0.025,256763.912371
1790151,IT,WA,BASIC,RETAI,0.29,249053.44,4,4,249053.424,0.0,0.0,0.0,0.016,858804.965517
1645523,IT,BE,PLAST,OFFIC,0.52,249038.098,4,4,249038.073,0.0,0.0,0.0,0.025,478919.419231
1688414,IT,IE,BEVER,PLAST,1.06,248996.819,5,5,248995.803,0.0,1.0,0.0,0.016,234902.659434
1648790,IT,BG,BEVER,HOTEL,1.06,248967.854,5,5,248966.838,0.0,1.0,0.0,0.016,234875.333962
1714062,IT,MT,HOTEL,RECRE,1.8,248960.134,4,4,248960.115,0.0,0.0,0.0,0.019,138311.185556
1683341,IT,HR,NONME,OFFIC,0.5,248953.196,5,5,248952.169,0.0,0.0,1.0,0.027,497906.392
1811651,IT,WM,CHEM1,MACHI,0.52,248932.5,4,4,248932.473,0.0,0.0,0.0,0.027,478716.346154
1743205,IT,US,TRANS,ELECT,1.49,248926.138,4,4,248926.124,0.0,0.0,0.0,0.014,167064.522148
1670933,IT,FI,CHEM1,PFERT,0.52,248886.995,4,4,248886.968,0.0,0.0,0.0,0.027,478628.836538
1664662,IT,EE,LANDT,SUPPO,1.61,248857.714,4,4,248857.702,0.0,0.0,0.0,0.012,154570.008696
1669288,IT,ES,FINAN,PLAST,3.24,248847.694,4,4,248847.687,0.0,0.0,0.0,0.007,76804.843827
1755132,IT,KR,LEATH,BASIC,1.78,248838.241,5,5,248836.198,0.0,2.0,0.0,0.043,139796.764607
1810834,IT,WM,KEROS,FABRI,0.37,248823.297,4,4,248823.277,0.0,0.0,0.0,0.02,672495.397297
1655479,IT,DE,FISHF,REALE,0.43,248809.197,4,4,248809.188,0.0,0.0,0.0,0.009,578626.039535
1725412,IT,RO,TEXTI,LANDT,1.47,248756.88,4,4,248756.847,0.0,0.0,0.0,0.033,169222.367347
1659850,IT,DE,LANDT,TRAN1,1.6,248731.763,4,4,248731.751,0.0,0.0,0.0,0.012,155457.351875
1803855,IT,WF,TEXTI,LANDT,1.47,248703.413,4,4,248703.38,0.0,0.0,0.0,0.033,169185.995238
1733017,IT,SI,LEAD1,RAILW,0.43,248697.562,6,6,248695.541,0.0,1.0,1.0,0.021,578366.423256
1738438,IT,GB,ALUM1,CONST,0.43,248692.066,4,4,248692.046,0.0,0.0,0.0,0.02,578353.64186
1789058,IT,WA,NAPHT,WHOLE,0.42,248685.305,4,4,248685.287,0.0,0.0,0.0,0.018,592107.869048
1746669,IT,JP,NONF1,MOTO1,0.05,248681.824,3,3,248681.824,0.0,0.0,0.0,0.0,4973636.48
1775928,IT,TR,FOOD5,PAPER,1.19,248679.522,5,5,248678.5,0.0,1.0,0.0,0.022,208974.388235
1641422,IT,AT,GASDI,WOODW,0.37,248676.921,4,4,248676.901,0.0,0.0,0.0,0.02,672099.786486
1686499,IT,HU,PREC1,MACHI,0.42,248675.661,5,5,248674.65,0.0,0.0,1.0,0.011,592084.907143
1777600,IT,TR,ALUM1,CHEM1,0.43,248643.222,4,4,248643.202,0.0,0.0,0.0,0.02,578240.051163
1802969,IT,WF,WHEAT,LEATH,0.19,248641.995,5,5,248639.989,0.0,2.0,0.0,0.006,1308642.078947
1675308,IT,FR,FABRI,PAPE1,1.01,248635.303,4,4,248635.285,0.0,0.0,0.0,0.018,246173.567327
1648889,IT,BG,TEXTI,RETA1,1.47,248635.116,4,4,248635.083,0.0,0.0,0.0,0.033,169139.534694
1812863,IT,WM,FABRI,ELEC6,1.01,248608.471,4,4,248608.453,0.0,0.0,0.0,0.018,246147.00099
1790097,IT,WA,BASIC,PAPER,0.29,248599.775,4,4,248599.759,0.0,0.0,0.0,0.016,857240.603448
1805039,IT,WF,PLAST,MEDIC,0.52,248598.878,4,4,248598.853,0.0,0.0,0.0,0.025,478074.765385
1778964,IT,TR,SEACO,REALE,0.25,248583.663,4,4,248583.659,0.0,0.0,0.0,0.004,994334.652
1767570,IT,RU,AIRTR,BUSIN,0.27,248576.07,4,4,248576.062,0.0,0.0,0.0,0.008,920652.111111
1801909,IT,WE,CONST,REALE,1.39,248575.962,5,5,248574.949,0.0,0.0,1.0,0.013,178831.627338
1801369,IT,WE,MACHI,RETAI,1.39,248555.715,4,4,248555.695,0.0,0.0,0.0,0.02,178817.061151
1771574,IT,CH,TEXTI,TRAN1,1.47,248553.456,4,4,248553.423,0.0,0.0,0.0,0.033,169083.983673
1745080,IT,US,PUBLI,AIRTR,4.07,248544.889,4,4,248544.872,0.0,0.0,0.0,0.017,61067.540295
1688853,IT,IE,BASIC,MOTO1,0.29,248542.48,4,4,248542.464,0.0,0.0,0.0,0.016,857043.034483
1766398,IT,RU,BASIC,ALUM1,0.29,248533.69,4,4,248533.674,0.0,0.0,0.0,0.016,857012.724138
1787734,IT,WA,VEGE1,WHOLE,0.76,248519.273,5,5,248517.219,0.0,2.0,0.0,0.054,326999.043421
1806073,IT,WF,NONF1,HEALT,0.05,248501.708,3,3,248501.708,0.0,0.0,0.0,0.0,4970034.16
1797442,IT,WL,COMPU,PUBLI,2.84,248493.439,4,4,248493.423,0.0,0.0,0.0,0.016,87497.689789
1641985,IT,AT,RUBBE,ALUM1,0.82,248486.814,4,4,248486.791,0.0,0.0,0.0,0.023,303032.7
1774277,IT,CH,RETA1,93197,2.59,248484.902,4,4,248484.886,0.0,0.0,0.0,0.016,95940.116602
1812428,IT,WM,PREC1,PRINT,0.42,248481.174,5,5,248480.163,0.0,0.0,1.0,0.011,591621.842857
1712431,IT,LV,BASIC,BASIC,0.29,248475.426,4,4,248475.41,0.0,0.0,0.0,0.016,856811.813793
1811513,IT,WM,NFERT,CATTL,0.05,248460.483,4,4,248460.463,0.0,0.0,0.0,0.02,4969209.66
1674202,IT,FR,LIQUE,MACHI,0.44,248458.273,4,4,248458.253,0.0,0.0,0.0,0.02,564677.893182
1660360,IT,DE,FINAN,PLAST,3.23,248445.973,4,4,248445.966,0.0,0.0,0.0,0.007,76918.257895
1774460,IT,CH,LANDT,FOOD5,1.6,248417.598,4,4,248417.586,0.0,0.0,0.0,0.012,155260.99875
1712036,IT,LV,FOOD5,WOODW,1.19,248407.445,5,5,248406.423,0.0,1.0,0.0,0.022,208745.752101
1810236,IT,WM,LEATH,KEROS,1.78,248395.129,5,5,248393.086,0.0,2.0,0.0,0.043,139547.825281
1778007,IT,TR,MACHI,93197,1.39,248388.458,4,4,248388.438,0.0,0.0,0.0,0.02,178696.732374
1656669,IT,DE,COKEO,MOTOR,0.03,248383.099,3,3,248383.099,0.0,0.0,0.0,0.0,8279436.633333
1722159,IT,PL,BUSIN,RENTI,2.55,248376.611,4,4,248376.594,0.0,0.0,0.0,0.017,97402.592549
1719449,IT,PL,RUBBE,FINAN,0.82,248371.74,4,4,248371.717,0.0,0.0,0.0,0.023,302892.365854
1682914,IT,HR,NAPHT,DISTR,0.42,248370.085,4,4,248370.067,0.0,0.0,0.0,0.018,591357.345238
1799679,IT,WE,MOTOR,TRANS,0.37,248261.976,4,4,248261.956,0.0,0.0,0.0,0.02,670978.313514
1685535,IT,HU,PAPER,MACHI,0.96,248260.971,5,5,248258.947,0.0,2.0,0.0,0.024,258605.178125
1749029,IT,CN,LEATH,OFFIC,1.78,248256.773,5,5,248254.73,0.0,2.0,0.0,0.043,139470.097191
1725536,IT,RO,LEATH,FABRI,1.78,248243.662,5,5,248241.619,0.0,2.0,0.0,0.043,139462.731461
1771301,IT,CH,DAIRY,CHEM1,1.01,248226.941,5,5,248224.924,0.0,2.0,0.0,0.017,245769.248515
1773075,IT,CH,ALUM1,RESEA,0.43,248212.399,4,4,248212.379,0.0,0.0,0.0,0.02,577238.137209
1735420,IT,SK,BASIC,PRINT,0.29,248209.769,4,4,248209.753,0.0,0.0,0.0,0.016,855895.755172
1650501,IT,BG,ELEC6,MOTOR,0.04,248208.249,4,4,248208.209,0.0,0.0,0.0,0.04,6205206.225
1800418,IT,WE,ADDIT,GASDI,0.57,248207.709,6,6,248204.69,0.0,2.0,1.0,0.019,435452.121053
1721081,IT,PL,HOTEL,SUPPO,1.8,248169.543,4,4,248169.524,0.0,0.0,0.0,0.019,137871.968333
1782189,IT,NO,BASIC,PROCE,0.29,248148.149,4,4,248148.133,0.0,0.0,0.0,0.016,855683.272414
1658503,IT,DE,FABRI,OILHA,1.01,248112.43,4,4,248112.412,0.0,0.0,0.0,0.018,245655.871287
1772570,IT,CH,RUBBE,RAILW,0.82,248092.921,4,4,248092.899,0.0,0.0,0.0,0.022,302552.342683
1809437,IT,WM,CHEMI,FURNI,0.59,248082.06,6,6,248069.037,0.0,1.0,12.0,0.023,420478.067797
1680356,IT,GR,ELEC2,MEAT4,0.06,248049.666,4,4,248049.64,0.0,0.0,0.0,0.026,4134161.1
1714240,IT,MT,REALE,FINAN,10.48,248023.813,5,5,248022.797,0.0,0.0,1.0,0.016,23666.39437
1768905,IT,AU,WOODW,WHOLE,0.69,248019.75,5,5,248017.733,0.0,2.0,0.0,0.017,359448.913043
1661354,IT,DK,MEATC,COMPU,0.83,248015.757,5,5,248011.741,0.0,4.0,0.0,0.016,298814.16506
1789748,IT,WA,GLASS,KEROS,0.68,248008.593,5,5,248007.579,0.0,0.0,1.0,0.014,364718.519118
1780832,IT,TW,COMPU,OFFIC,2.83,247995.332,4,4,247995.316,0.0,0.0,0.0,0.016,87630.859364
1810775,IT,WM,KEROS,PIGS9,0.37,247985.591,4,4,247985.571,0.0,0.0,0.0,0.02,670231.327027
1799684,IT,WE,MOTOR,ELEC4,0.37,247961.226,4,4,247961.206,0.0,0.0,0.0,0.02,670165.475676
1789770,IT,WA,GLASS,FABRI,0.68,247957.408,5,5,247956.394,0.0,0.0,1.0,0.014,364643.247059
1809336,IT,WM,STONE,BUSIN,0.8,247938.91,5,5,247924.899,0.0,0.0,14.0,0.011,309923.6375
1719032,IT,PL,HEAVY,MOTOR,0.4,247926.149,4,4,247926.129,0.0,0.0,0.0,0.02,619815.3725
1786063,IT,ZA,CEMEN,CEMEN,0.4,247921.417,5,5,247919.406,0.0,0.0,2.0,0.011,619803.5425
1672788,IT,FR,MEATP,HOTEL,1.0,247908.254,5,5,247907.227,0.0,1.0,0.0,0.027,247908.254
1746925,IT,JP,MOTO1,CHEM1,1.32,247882.992,4,4,247882.976,0.0,0.0,0.0,0.016,187790.145455
1649769,IT,BG,BASIC,DISTR,0.29,247815.016,4,4,247815.0,0.0,0.0,0.0,0.016,854534.537931
1742486,IT,US,BASIC,COPP1,0.29,247813.303,4,4,247813.287,0.0,0.0,0.0,0.016,854528.631034
1765568,IT,RU,LEATH,CONST,1.77,247808.88,5,5,247806.837,0.0,2.0,0.0,0.043,140005.016949
1648619,IT,BG,MEAT4,SECO9,1.36,247790.045,5,5,247789.028,0.0,1.0,0.0,0.017,182198.5625
1655933,IT,DE,PROCE,REALE,1.68,247781.05,5,5,247780.035,0.0,1.0,0.0,0.015,147488.720238
1719865,IT,PL,BASIC,WOOD1,0.29,247744.456,4,4,247744.44,0.0,0.0,0.0,0.016,854291.227586
1813527,IT,WM,WHOLE,CRUDE,2.14,247711.531,4,4,247711.517,0.0,0.0,0.0,0.014,115753.051869
1805024,IT,WF,PLAST,CERAM,0.52,247705.583,4,4,247705.558,0.0,0.0,0.0,0.025,476356.890385
1647408,IT,BE,AIRTR,PLAST,0.27,247657.413,4,4,247657.405,0.0,0.0,0.0,0.008,917249.677778
1684970,IT,HU,MEAT4,HOTEL,1.36,247643.414,5,5,247642.397,0.0,1.0,0.0,0.017,182090.745588
1763439,IT,MX,NONSP,MOTOR,0.33,247634.746,4,4,247634.733,0.0,0.0,0.0,0.013,750408.321212
1801249,IT,WE,FABRI,AUXIL,1.01,247601.955,4,4,247601.937,0.0,0.0,0.0,0.018,245150.450495
1795391,IT,WL,BASIC,CHEM1,0.29,247595.342,4,4,247595.326,0.0,0.0,0.0,0.016,853777.041379
1682364,IT,HR,WOODW,SUPPO,0.69,247594.727,5,5,247592.71,0.0,2.0,0.0,0.017,358832.937681
1739478,IT,GB,LANDT,ALUM1,1.6,247594.678,4,4,247594.666,0.0,0.0,0.0,0.012,154746.67375
1666218,IT,ES,HEAVY,WHITE,0.4,247575.756,4,4,247575.736,0.0,0.0,0.0,0.02,618939.39
1801298,IT,WE,MACHI,VEGE1,1.38,247560.931,4,4,247560.911,0.0,0.0,0.0,0.02,179391.978986
1803219,IT,WF,CROPS,REALE,1.96,247558.442,4,4,247558.428,0.0,0.0,0.0,0.014,126305.327551
1789417,IT,WA,CHEM1,LANDT,0.52,247492.166,4,4,247492.139,0.0,0.0,0.0,0.027,475946.473077
1774524,IT,CH,LANDT,HEALT,1.6,247479.906,4,4,247479.894,0.0,0.0,0.0,0.012,154674.94125
1689569,IT,IE,AIRTR,GASDI,0.27,247453.23,4,4,247453.222,0.0,0.0,0.0,0.008,916493.444444
1732940,IT,SI,ALUM1,CEMEN,0.43,247443.5,4,4,247443.48,0.0,0.0,0.0,0.02,575450.0
1657326,IT,DE,ADDIT,PLAST,0.57,247413.008,6,6,247409.989,0.0,2.0,1.0,0.019,434057.908772
1688013,IT,HU,RENTI,PUBLI,1.48,247405.988,4,4,247405.974,0.0,0.0,0.0,0.014,167166.208108
1728913,IT,SE,CHEM1,NONME,0.52,247386.769,4,4,247386.742,0.0,0.0,0.0,0.027,475743.786538
1742905,IT,US,MACHI,BIODI,1.38,247385.12,4,4,247385.1,0.0,0.0,0.0,0.02,179264.57971
1675080,IT,FR,ALUM1,BUSIN,0.43,247383.262,4,4,247383.242,0.0,0.0,0.0,0.02,575309.911628
1672427,IT,FI,BUSIN,RENTI,2.54,247347.949,4,4,247347.932,0.0,0.0,0.0,0.017,97381.082283
1751170,IT,CN,HOTEL,SANDC,1.79,247336.192,4,4,247336.173,0.0,0.0,0.0,0.019,138176.643575
1740546,IT,US,WHEAT,FOOD5,0.19,247324.096,5,5,247322.09,0.0,2.0,0.0,0.006,1301705.768421
1747484,IT,JP,SEACO,COPP1,0.25,247317.006,4,4,247317.002,0.0,0.0,0.0,0.004,989268.024
1723341,IT,PT,NONME,NONME,0.5,247302.677,4,4,247302.65,0.0,0.0,0.0,0.027,494605.354
1726358,IT,RO,LEAD1,PULP5,0.43,247299.96,6,6,247297.939,0.0,1.0,1.0,0.021,575116.186047
1649292,IT,BG,NAPHT,CHEM1,0.42,247298.174,4,4,247298.156,0.0,0.0,0.0,0.018,588805.17619
1642831,IT,AT,OFFIC,AIRTR,0.77,247296.568,4,4,247296.55,0.0,0.0,0.0,0.018,321164.374026
1657431,IT,DE,RUBBE,BRICK,0.82,247294.444,4,4,247294.422,0.0,0.0,0.0,0.022,301578.590244
1787264,IT,WA,VEGET,OFFIC,0.88,247285.244,5,5,247284.234,0.0,1.0,0.0,0.01,281005.959091
1813034,IT,WM,MACHI,MEMBE,1.38,247237.935,4,4,247237.915,0.0,0.0,0.0,0.02,179157.923913
1754054,IT,CA,SEACO,POSTT,0.25,247233.713,4,4,247233.709,0.0,0.0,0.0,0.004,988934.852
1799073,IT,WE,TEXTI,EDUCA,1.46,247226.884,4,4,247226.851,0.0,0.0,0.0,0.033,169333.482192
1730830,IT,SE,BUSIN,EDUCA,2.54,247217.19,4,4,247217.173,0.0,0.0,0.0,0.017,97329.602362
1792089,IT,WA,AIRTR,FURNI,0.27,247213.297,4,4,247213.289,0.0,0.0,0.0,0.008,915604.803704
1667448,IT,ES,NONF1,MOTO1,0.05,247194.102,3,3,247194.102,0.0,0.0,0.0,0.0,4943882.04
1759164,IT,BR,AIRTR,AIRTR,0.27,247173.895,4,4,247173.887,0.0,0.0,0.0,0.008,915458.87037
1788158,IT,WA,WEARI,OFFIC,1.86,247141.713,4,4,247141.666,0.0,0.0,0.0,0.047,132871.88871
1749297,IT,CN,PAPER,RESEA,0.96,247140.694,5,5,247138.67,0.0,2.0,0.0,0.024,257438.222917
1659478,IT,DE,RETA1,LEATH,2.58,247131.638,4,4,247131.622,0.0,0.0,0.0,0.016,95787.456589
1733352,IT,SI,TRANS,MOTO1,1.47,247081.778,4,4,247081.765,0.0,0.0,0.0,0.013,168082.842177
1771970,IT,CH,PAPER,LANDT,0.96,247038.305,5,5,247036.281,0.0,2.0,0.0,0.024,257331.567708
1785330,IT,ZA,LEATH,EDUCA,1.77,246990.475,5,5,246988.432,0.0,2.0,0.0,0.043,139542.641243
1761485,IT,IN,PREC1,MOTO1,0.42,246984.943,5,5,246983.932,0.0,0.0,1.0,0.011,588059.388095
1784635,IT,ID,MACHI,FINAN,1.38,246983.745,4,4,246983.725,0.0,0.0,0.0,0.02,178973.728261
1689431,IT,IE,HOTEL,CHEM1,1.79,246958.518,4,4,246958.499,0.0,0.0,0.0,0.019,137965.652514
1753593,IT,CA,MACHI,SALEM,1.38,246954.905,4,4,246954.885,0.0,0.0,0.0,0.02,178952.82971
1793686,IT,WL,FOOD5,MEAT4,1.19,246946.323,5,5,246945.301,0.0,1.0,0.0,0.022,207517.918487
1766019,IT,RU,CHEM1,MEDIC,0.52,246942.633,4,4,246942.606,0.0,0.0,0.0,0.027,474889.678846
1725644,IT,RO,PAPER,VEGET,0.96,246933.914,5,5,246931.89,0.0,2.0,0.0,0.024,257222.827083
1810042,IT,WM,TEXTI,GASDI,1.46,246920.785,4,4,246920.752,0.0,0.0,0.0,0.033,169123.825342
1735697,IT,SK,FABRI,ALUM1,1.0,246890.766,4,4,246890.748,0.0,0.0,0.0,0.018,246890.766
1810727,IT,WM,MOTOR,TRAN1,0.37,246879.13,4,4,246879.11,0.0,0.0,0.0,0.02,667240.891892
1745611,IT,JP,TEXTI,CROPS,1.46,246873.735,4,4,246873.702,0.0,0.0,0.0,0.033,169091.599315
1666157,IT,ES,GASDI,COMPU,0.37,246854.061,4,4,246854.041,0.0,0.0,0.0,0.02,667173.137838
1769683,IT,AU,FABRI,BUSIN,1.0,246849.619,4,4,246849.601,0.0,0.0,0.0,0.018,246849.619
1649457,IT,BG,CHEM1,LANDT,0.52,246827.144,4,4,246827.117,0.0,0.0,0.0,0.027,474667.584615
1796970,IT,WL,AIRTR,BRICK,0.27,246808.952,4,4,246808.944,0.0,0.0,0.0,0.008,914107.22963
1646562,IT,BE,OFFIC,SALEM,0.76,246787.971,4,4,246787.953,0.0,0.0,0.0,0.018,324721.014474
1709673,IT,LT,PLAST,BIODI,0.52,246784.453,4,4,246784.428,0.0,0.0,0.0,0.025,474585.486538
1796482,IT,WL,RETA1,FOOD5,2.58,246744.66,4,4,246744.644,0.0,0.0,0.0,0.016,95637.465116
1751168,IT,CN,HOTEL,NONFE,1.79,246741.403,4,4,246741.384,0.0,0.0,0.0,0.019,137844.359218
1735914,IT,SK,OFFIC,BUSIN,0.76,246729.889,4,4,246729.871,0.0,0.0,0.0,0.018,324644.590789
1725188,IT,RO,DAIRY,VEGE1,1.0,246720.868,5,5,246718.851,0.0,2.0,0.0,0.017,246720.868
1745052,IT,US,PUBLI,FABRI,4.04,246688.25,4,4,246688.233,0.0,0.0,0.0,0.017,61061.44802
1772270,IT,CH,NAPHT,PFERT,0.42,246655.116,4,4,246655.098,0.0,0.0,0.0,0.018,587274.085714
1750433,IT,CN,MACHI,SUGAR,1.38,246607.032,4,4,246607.012,0.0,0.0,0.0,0.02,178700.747826
1715931,IT,NL,GLASS,OFFIC,0.68,246603.76,5,5,246602.746,0.0,0.0,1.0,0.014,362652.588235
1769232,IT,AU,RUBBE,NATUR,0.82,246601.311,4,4,246601.289,0.0,0.0,0.0,0.022,300733.306098
1791919,IT,WA,SEACO,CATTL,0.25,246583.377,4,4,246583.373,0.0,0.0,0.0,0.004,986333.508
1805533,IT,WF,CERAM,BUSIN,0.38,246582.281,5,5,246581.268,0.0,0.0,1.0,0.013,648900.739474
1659540,IT,DE,RETA1,COMPU,2.57,246569.445,4,4,246569.429,0.0,0.0,0.0,0.016,95941.418288
1656182,IT,DE,TEXTI,PLAST,1.46,246566.582,4,4,246566.549,0.0,0.0,0.0,0.033,168881.220548
1743553,IT,US,HOTEL,FISHF,1.79,246563.175,4,4,246563.156,0.0,0.0,0.0,0.019,137744.790503
1795219,IT,WL,GLASS,FURNI,0.68,246536.038,5,5,246535.024,0.0,0.0,1.0,0.014,362552.997059
1802757,IT,WE,RESEA,PUBLI,1.34,246498.539,4,4,246498.522,0.0,0.0,0.0,0.017,183954.133582
1754091,IT,CA,AIRTR,PFERT,0.27,246471.109,4,4,246471.101,0.0,0.0,0.0,0.008,912855.959259
1804996,IT,WF,PLAST,DAIRY,0.52,246442.359,4,4,246442.334,0.0,0.0,0.0,0.025,473927.613462
1649408,IT,BG,CHEM1,MOTOR,0.51,246426.837,4,4,246426.81,0.0,0.0,0.0,0.027,483189.876471
1755450,IT,KR,NONSP,ELE12,0.32,246424.806,4,4,246424.793,0.0,0.0,0.0,0.013,770077.51875
1674787,IT,FR,CERAM,INERT,0.38,246380.47,5,5,246379.457,0.0,0.0,1.0,0.013,648369.657895
1802294,IT,WE,LANDT,SUPPO,1.59,246378.474,4,4,246378.462,0.0,0.0,0.0,0.012,154955.015094
1658017,IT,DE,PREC1,PETRO,0.42,246368.0,5,5,246366.989,0.0,0.0,1.0,0.011,586590.47619
1766130,IT,RU,RUBBE,MACHI,0.82,246330.119,4,4,246330.097,0.0,0.0,0.0,0.022,300402.584146
1796793,IT,WL,LANDT,EDUCA,1.59,246311.308,4,4,246311.296,0.0,0.0,0.0,0.012,154912.772327
1683108,IT,HR,RUBBE,TRANS,0.82,246268.26,4,4,246268.238,0.0,0.0,0.0,0.022,300327.146341
1641089,IT,AT,PAPER,CEMEN,0.95,246265.931,5,5,246263.907,0.0,2.0,0.0,0.024,259227.295789
1803180,IT,WF,CROPS,RAWMI,1.95,246253.27,4,4,246253.256,0.0,0.0,0.0,0.014,126283.728205
1667068,IT,ES,NONME,OFFIC,0.5,246232.682,4,4,246232.655,0.0,0.0,0.0,0.027,492465.364
1672850,IT,FR,VEGE1,MEATC,0.76,246218.746,5,5,246216.692,0.0,2.0,0.0,0.054,323972.034211
1748598,IT,CN,VEGE1,WHOLE,0.76,246210.695,5,5,246208.641,0.0,2.0,0.0,0.054,323961.440789
1641293,IT,AT,MOTOR,REALE,0.37,246185.447,4,4,246185.427,0.0,0.0,0.0,0.02,665366.072973
1758487,IT,BR,MACHI,REFI1,1.37,246125.153,4,4,246125.133,0.0,0.0,0.0,0.02,179653.39635
1790931,IT,WA,OFFIC,LANDT,0.76,246123.418,4,4,246123.4,0.0,0.0,0.0,0.018,323846.602632
1780326,IT,TW,AIRTR,SANDC,0.27,246094.253,4,4,246094.245,0.0,0.0,0.0,0.008,911460.196296
1794348,IT,WL,MOTOR,FINAN,0.37,246090.588,4,4,246090.568,0.0,0.0,0.0,0.02,665109.697297
1810739,IT,WM,MOTOR,TRAN2,0.37,246071.104,4,4,246071.084,0.0,0.0,0.0,0.02,665057.037838
1812185,IT,WM,NONME,ALUMI,0.5,245987.98,4,4,245987.953,0.0,0.0,0.0,0.027,491975.96
1720402,IT,PL,MACHI,DAIRY,1.37,245980.159,4,4,245980.139,0.0,0.0,0.0,0.02,179547.561314
1675846,IT,FR,ELEC1,SALEM,0.04,245978.333,4,4,245978.318,0.0,0.0,0.0,0.015,6149458.325
1788689,IT,WA,MOTOR,MEATA,0.37,245919.658,4,4,245919.638,0.0,0.0,0.0,0.02,664647.724324
1731773,IT,SI,PAPER,FOOD5,0.95,245864.391,5,5,245862.367,0.0,2.0,0.0,0.024,258804.622105
1715162,IT,NL,LEATH,HEALT,1.76,245821.178,5,5,245819.135,0.0,2.0,0.0,0.043,139671.123864
1710976,IT,LU,GLASS,CONST,0.67,245793.209,5,5,245792.195,0.0,0.0,1.0,0.014,366855.535821
1673405,IT,FR,WEARI,WOODW,1.85,245782.351,4,4,245782.304,0.0,0.0,0.0,0.047,132855.324865
1800023,IT,WE,HEAVY,INLAN,0.4,245765.227,4,4,245765.207,0.0,0.0,0.0,0.02,614413.0675
1752436,IT,CA,DAIRY,FOOD5,1.0,245711.666,5,5,245709.649,0.0,2.0,0.0,0.017,245711.666
1682446,IT,HR,PAPER,STEAM,0.95,245679.577,5,5,245677.553,0.0,2.0,0.0,0.024,258610.081053
1801208,IT,WE,FABRI,NONME,1.0,245643.643,4,4,245643.625,0.0,0.0,0.0,0.018,245643.643
1809398,IT,WM,CHEMI,FISH5,0.59,245620.155,6,6,245607.132,0.0,1.0,12.0,0.023,416305.347458
1682976,IT,HR,CHEM1,CEREA,0.51,245617.487,4,4,245617.46,0.0,0.0,0.0,0.027,481602.915686
1718117,IT,PL,VEGE1,VEGE1,0.76,245615.233,5,5,245614.18,0.0,1.0,0.0,0.053,323177.938158
1743579,IT,US,HOTEL,LEATH,1.78,245613.131,4,4,245613.112,0.0,0.0,0.0,0.019,137984.905056
1755168,IT,KR,LEATH,SUPPO,1.76,245574.15,5,5,245572.108,0.0,2.0,0.0,0.042,139530.767045
1737726,IT,GB,GASDI,LANDT,0.37,245571.423,4,4,245571.403,0.0,0.0,0.0,0.02,663706.548649
1711100,IT,LU,ALUM1,BUSIN,0.43,245561.401,4,4,245561.381,0.0,0.0,0.0,0.02,571073.025581
1649420,IT,BG,CHEM1,BIOGA,0.51,245543.482,4,4,245543.455,0.0,0.0,0.0,0.027,481457.807843
1689468,IT,IE,HOTEL,SUPPO,1.78,245537.825,4,4,245537.807,0.0,0.0,0.0,0.018,137942.598315
1769044,IT,AU,KEROS,AIRTR,0.37,245531.464,4,4,245531.444,0.0,0.0,0.0,0.02,663598.551351
1664964,IT,ES,SANDC,LEAD1,0.56,245521.371,5,5,245467.362,0.0,0.0,54.0,0.009,438431.019643
1726533,IT,RO,OFFIC,VEGET,0.76,245507.811,4,4,245507.793,0.0,0.0,0.0,0.018,323036.593421
1809058,IT,WM,VEGET,PRIVA,0.87,245463.827,5,5,245462.817,0.0,1.0,0.0,0.01,282142.329885
1798842,IT,WE,FOOD5,REALE,1.18,245458.96,5,5,245457.938,0.0,1.0,0.0,0.022,208016.067797
1796925,IT,WL,AIRTR,NATUR,0.27,245453.574,4,4,245453.566,0.0,0.0,0.0,0.008,909087.311111
1656683,IT,DE,COKEO,FOUND,0.03,245426.818,3,3,245426.818,0.0,0.0,0.0,0.0,8180893.933333
1759130,IT,BR,AIRTR,NONME,0.27,245352.263,4,4,245352.255,0.0,0.0,0.0,0.008,908712.085185
1739977,IT,GB,AUXIL,FINAN,4.49,245349.825,4,4,245349.813,0.0,0.0,0.0,0.012,54643.613586
1675749,IT,FR,FURNI,CERAM,0.78,245308.518,6,6,245306.497,0.0,1.0,1.0,0.021,314498.1
1715880,IT,NL,RUBBE,COMPU,0.81,245297.49,4,4,245297.468,0.0,0.0,0.0,0.022,302836.407407
1726946,IT,RO,HOTEL,LEATH,1.78,245295.426,4,4,245295.408,0.0,0.0,0.0,0.018,137806.419101
1737016,IT,GB,NATUR,ELEC2,0.34,245291.965,4,4,245291.949,0.0,0.0,0.0,0.016,721446.955882
1654099,IT,CZ,OFFIC,MOTO1,0.76,245291.239,4,4,245291.221,0.0,0.0,0.0,0.018,322751.630263
1658498,IT,DE,FABRI,PAPE1,1.0,245248.907,4,4,245248.889,0.0,0.0,0.0,0.018,245248.907
1715375,IT,NL,PRINT,CONST,2.35,245191.532,4,4,245191.513,0.0,0.0,0.0,0.019,104336.822128
1673498,IT,FR,LEATH,RAWMI,1.76,245184.381,5,5,245182.339,0.0,2.0,0.0,0.042,139309.307386
1749057,IT,CN,LEATH,RAILW,1.76,245173.318,5,5,245171.276,0.0,2.0,0.0,0.042,139303.021591
1641961,IT,AT,RUBBE,PULP5,0.81,245148.526,4,4,245148.504,0.0,0.0,0.0,0.022,302652.501235
1685872,IT,HU,CHEM1,ADDIT,0.51,245135.843,4,4,245135.816,0.0,0.0,0.0,0.027,480658.515686
1722073,IT,PL,BUSIN,DAIRY,2.52,245109.969,4,4,245109.952,0.0,0.0,0.0,0.017,97265.860714
1655678,IT,DE,CHEMI,NONME,0.58,245100.763,6,6,245087.74,0.0,1.0,12.0,0.023,422587.522414
1726606,IT,RO,MOTO1,WOODW,1.3,245081.932,4,4,245081.916,0.0,0.0,0.0,0.016,188524.563077
1784593,IT,ID,MACHI,CHEM1,1.37,245067.718,4,4,245067.698,0.0,0.0,0.0,0.02,178881.545985
1653387,IT,CZ,CERAM,NFERT,0.38,245053.127,5,5,245052.114,0.0,0.0,1.0,0.013,644876.65
1680361,IT,GR,ELEC2,TEXTI,0.06,245037.52,4,4,245037.494,0.0,0.0,0.0,0.026,4083958.666667
1653529,IT,CZ,BASIC,COPP1,0.28,245018.869,4,4,245018.854,0.0,0.0,0.0,0.015,875067.389286
1794979,IT,WL,CHEM1,TRAN1,0.51,244979.421,4,4,244979.394,0.0,0.0,0.0,0.027,480351.805882
1642620,IT,AT,FABRI,CHEM1,1.0,244927.03,4,4,244927.012,0.0,0.0,0.0,0.018,244927.03
1773524,IT,CH,MOTO1,CHEM1,1.3,244916.801,4,4,244916.785,0.0,0.0,0.0,0.016,188397.539231
1739206,IT,GB,RETA1,DISTR,2.56,244896.691,4,4,244896.675,0.0,0.0,0.0,0.016,95662.769922
1802209,IT,WE,HOTEL,HEALT,1.77,244872.579,4,4,244872.561,0.0,0.0,0.0,0.018,138346.089831
1656227,IT,DE,TEXTI,BUSIN,1.45,244852.463,4,4,244852.43,0.0,0.0,0.0,0.033,168863.767586
1782756,IT,NO,HOTEL,NATUR,1.77,244851.309,4,4,244851.291,0.0,0.0,0.0,0.018,138334.072881
1801219,IT,WE,FABRI,RADIO,1.0,244847.945,4,4,244847.927,0.0,0.0,0.0,0.018,244847.945
1771571,IT,CH,TEXTI,SECO9,1.45,244835.522,4,4,244835.489,0.0,0.0,0.0,0.033,168852.084138
1725168,IT,RO,VEGE1,BEVER,0.75,244832.694,5,5,244831.641,0.0,1.0,0.0,0.053,326443.592
1757098,IT,KR,BUSIN,RECRE,2.51,244823.709,4,4,244823.692,0.0,0.0,0.0,0.017,97539.326295
1804743,IT,WF,NAPHT,COKIN,0.42,244775.683,4,4,244775.665,0.0,0.0,0.0,0.018,582799.245238
1753450,IT,CA,FABRI,CHEM1,1.0,244760.618,4,4,244760.6,0.0,0.0,0.0,0.018,244760.618
1689214,IT,IE,WHOLE,CEREA,2.11,244748.61,4,4,244748.596,0.0,0.0,0.0,0.014,115994.601896
1776511,IT,TR,MOTOR,EDUCA,0.37,244743.12,4,4,244743.1,0.0,0.0,0.0,0.02,661467.891892
1674868,IT,FR,NONME,ELEC4,0.49,244722.193,4,4,244722.166,0.0,0.0,0.0,0.027,499433.046939
1653974,IT,CZ,MACHI,PAPER,1.37,244721.305,4,4,244721.285,0.0,0.0,0.0,0.02,178628.689781
1761586,IT,IN,NONF1,LEAD1,0.05,244715.101,3,3,244715.101,0.0,0.0,0.0,0.0,4894302.02
1724552,IT,PT,POSTT,POSTT,4.03,244711.412,4,4,244711.393,0.0,0.0,0.0,0.019,60722.434739
1753310,IT,CA,BASIC,PFERT,0.28,244686.432,4,4,244686.417,0.0,0.0,0.0,0.015,873880.114286
1813258,IT,WM,TRANS,PFERT,1.46,244675.604,4,4,244675.591,0.0,0.0,0.0,0.013,167586.030137
1675387,IT,FR,MACHI,CERAM,1.36,244661.715,4,4,244661.695,0.0,0.0,0.0,0.02,179898.319853
1782903,IT,NO,SEACO,SALEM,0.25,244656.232,4,4,244656.228,0.0,0.0,0.0,0.004,978624.928
1794090,IT,WL,PAPER,CHEM1,0.95,244633.285,5,5,244631.261,0.0,2.0,0.0,0.024,257508.721053
1801183,IT,WE,FABRI,PAPER,1.0,244617.312,4,4,244617.294,0.0,0.0,0.0,0.018,244617.312
1809658,IT,WM,DAIRY,REALE,0.99,244606.784,5,5,244604.767,0.0,2.0,0.0,0.017,247077.559596
1795653,IT,WL,FABRI,CHEM1,1.0,244599.058,4,4,244599.04,0.0,0.0,0.0,0.018,244599.058
1743160,IT,US,MOTO1,REALE,1.3,244596.666,4,4,244596.65,0.0,0.0,0.0,0.016,188151.281538
1732000,IT,SI,KEROS,FOOD5,0.36,244587.735,4,4,244587.715,0.0,0.0,0.0,0.02,679410.375
1713023,IT,MT,MEATP,MEATP,0.99,244553.11,5,5,244552.084,0.0,1.0,0.0,0.026,247023.343434
1773728,IT,CH,FURNI,93197,0.78,244544.367,6,6,244542.346,0.0,1.0,1.0,0.021,313518.419231
1664423,IT,EE,MACHI,MOTO1,1.36,244536.988,4,4,244536.968,0.0,0.0,0.0,0.02,179806.608824
1659435,IT,DE,WHOLE,TRAN1,2.11,244522.55,4,4,244522.536,0.0,0.0,0.0,0.014,115887.464455
1781930,IT,NO,CHEM1,REALE,0.51,244501.398,4,4,244501.371,0.0,0.0,0.0,0.027,479414.505882
1669979,IT,ES,EDUCA,COMPU,6.1,244479.57,4,4,244479.552,0.0,0.0,0.0,0.018,40078.618033
1719875,IT,PL,BASIC,PLAS2,0.28,244453.713,4,4,244453.698,0.0,0.0,0.0,0.015,873048.975
1662010,IT,DK,PLAST,CHEM1,0.51,244426.806,4,4,244426.781,0.0,0.0,0.0,0.025,479268.247059
1723574,IT,PT,FABRI,WEARI,0.99,244419.867,4,4,244419.849,0.0,0.0,0.0,0.018,246888.754545
1798954,IT,WE,FISH5,HEALT,1.03,244406.948,5,5,244405.822,0.0,1.0,0.0,0.126,237288.299029
1667672,IT,ES,MACHI,ELECT,1.36,244389.781,4,4,244389.761,0.0,0.0,0.0,0.02,179698.368382
1720686,IT,PL,MOTO1,COMPU,1.3,244384.418,4,4,244384.402,0.0,0.0,0.0,0.016,187988.013846
1778888,IT,TR,SEACO,VEGE1,0.25,244329.882,4,4,244329.878,0.0,0.0,0.0,0.004,977319.528
1685926,IT,HU,CHEM1,COMPU,0.51,244328.688,4,4,244328.661,0.0,0.0,0.0,0.027,479075.858824
1674999,IT,FR,PREC1,NONME,0.42,244326.942,5,5,244325.931,0.0,0.0,1.0,0.011,581730.814286
1811362,IT,WM,NONSP,MOTOR,0.32,244271.457,4,4,244271.444,0.0,0.0,0.0,0.013,763348.303125
1683582,IT,HR,COPP1,MOTO1,0.62,244212.627,5,5,244211.614,0.0,0.0,1.0,0.013,393891.333871
1726947,IT,RO,HOTEL,WOODW,1.77,244210.73,4,4,244210.712,0.0,0.0,0.0,0.018,137972.163842
1800789,IT,WE,BASIC,PEAT2,0.28,244205.782,4,4,244205.767,0.0,0.0,0.0,0.015,872163.507143
1777512,IT,TR,BASIC,SECO9,0.28,244198.694,4,4,244198.679,0.0,0.0,0.0,0.015,872138.192857
1640622,IT,AT,BEVER,NFERT,1.04,244142.378,5,5,244141.362,0.0,1.0,0.0,0.016,234752.286538
1766079,IT,RU,RUBBE,BITUM,0.81,244135.333,4,4,244135.311,0.0,0.0,0.0,0.022,301401.645679
1742397,IT,US,NONME,COLLE,0.49,244107.036,4,4,244107.009,0.0,0.0,0.0,0.027,498177.62449
1713612,IT,MT,BASIC,SUPPO,0.28,244096.446,4,4,244096.431,0.0,0.0,0.0,0.015,871773.021429
1811086,IT,WM,HEAVY,SALEM,0.39,244068.151,4,4,244068.131,0.0,0.0,0.0,0.02,625815.771795
1678523,IT,GR,CEREA,RAWMI,0.4,244063.35,5,5,244062.336,0.0,1.0,0.0,0.014,610158.375
1763216,IT,MX,WOODW,PAPER,0.68,244062.774,5,5,244060.758,0.0,2.0,0.0,0.016,358915.844118
1678685,IT,GR,VEGE1,BEVER,0.75,244061.162,5,5,244060.109,0.0,1.0,0.0,0.053,325414.882667
1716484,IT,NL,OFFIC,MOTO1,0.76,244053.24,4,4,244053.222,0.0,0.0,0.0,0.018,321122.684211
1689232,IT,IE,WHOLE,MEAT1,2.11,244034.703,4,4,244034.689,0.0,0.0,0.0,0.014,115656.257346
1718775,IT,PL,PAPER,MEATC,0.95,244025.79,5,5,244023.766,0.0,2.0,0.0,0.024,256869.252632
1760211,IT,BR,INERT,NATUR,1.79,243982.595,5,5,243981.579,0.0,0.0,1.0,0.016,136303.125698
1792728,IT,WA,BUSIN,KEROS,2.51,243976.776,4,4,243976.759,0.0,0.0,0.0,0.017,97201.902789
1745324,IT,JP,VEGE1,VEGE1,0.75,243950.553,5,5,243949.5,0.0,1.0,0.0,0.053,325267.404
1722075,IT,PL,BUSIN,FOOD5,2.51,243907.045,4,4,243907.028,0.0,0.0,0.0,0.017,97174.121514
1800247,IT,WE,PLAST,CERAM,0.51,243870.24,4,4,243870.215,0.0,0.0,0.0,0.025,478176.941176
1767282,IT,RU,HOTEL,FABRI,1.77,243853.643,4,4,243853.625,0.0,0.0,0.0,0.018,137770.419774
1754539,IT,CA,BUSIN,HOTEL,2.5,243842.58,4,4,243842.563,0.0,0.0,0.0,0.017,97537.032
1811920,IT,WM,RUBBE,RAILW,0.81,243841.161,4,4,243841.139,0.0,0.0,0.0,0.022,301038.47037
1742188,IT,US,GLASS,FURNI,0.67,243833.307,5,5,243832.293,0.0,0.0,1.0,0.014,363930.308955
1722148,IT,PL,BUSIN,LANDT,2.5,243817.714,4,4,243817.697,0.0,0.0,0.0,0.017,97527.0856
1794881,IT,WL,PFERT,PUBLI,0.11,243779.243,4,4,243779.204,0.0,0.0,0.0,0.039,2216174.936364
1738556,IT,GB,FABRI,TEXTI,0.99,243735.706,4,4,243735.689,0.0,0.0,0.0,0.017,246197.682828
1723713,IT,PT,MACHI,ELEC2,1.36,243731.3,4,4,243731.28,0.0,0.0,0.0,0.02,179214.191176
1686069,IT,HU,RUBBE,WEARI,0.81,243730.386,4,4,243730.364,0.0,0.0,0.0,0.022,300901.711111
1673128,IT,FR,BEVER,POULT,1.04,243720.971,5,5,243719.955,0.0,1.0,0.0,0.016,234347.0875
1760313,IT,IN,STONE,CERAM,0.79,243696.486,5,5,243682.475,0.0,0.0,14.0,0.011,308476.564557
1646078,IT,BE,BASIC,LEAD1,0.28,243695.183,4,4,243695.168,0.0,0.0,0.0,0.015,870339.939286
1669245,IT,ES,POSTT,RECRE,4.01,243686.198,4,4,243686.179,0.0,0.0,0.0,0.019,60769.625436
1690497,IT,IE,PLAS2,CONST,2.02,243672.557,5,5,243671.542,0.0,0.0,1.0,0.015,120629.978713
1781325,IT,NO,VEGE1,HOTEL,0.75,243649.197,5,5,243648.144,0.0,1.0,0.0,0.053,324865.596
1751338,IT,CN,LANDT,STEAM,1.57,243636.014,4,4,243636.002,0.0,0.0,0.0,0.012,155182.174522
1791258,IT,WA,FURNI,MEMBE,0.78,243600.218,6,6,243598.197,0.0,1.0,1.0,0.021,312307.971795
1747875,IT,JP,RENTI,FURNI,1.46,243597.941,4,4,243597.927,0.0,0.0,0.0,0.014,166847.904795
1751206,IT,CN,HOTEL,GLASS,1.77,243546.971,4,4,243546.953,0.0,0.0,0.0,0.018,137597.158757
1752567,IT,CA,BEVER,AIRTR,1.04,243532.73,5,5,243531.714,0.0,1.0,0.0,0.016,234166.086538
1720275,IT,PL,FABRI,TEXTI,0.99,243522.836,4,4,243522.819,0.0,0.0,0.0,0.017,245982.662626
1722112,IT,PL,BUSIN,BASIC,2.5,243497.581,4,4,243497.564,0.0,0.0,0.0,0.017,97399.0324
1733404,IT,SI,ELEC2,DISTR,0.06,243491.067,4,4,243491.042,0.0,0.0,0.0,0.025,4058184.45
1810640,IT,WM,MOTOR,WHEAT,0.36,243478.801,4,4,243478.781,0.0,0.0,0.0,0.02,676330.002778
1683644,IT,HR,FABRI,BASIC,0.99,243450.692,4,4,243450.675,0.0,0.0,0.0,0.017,245909.789899
1752083,IT,CN,BUSIN,COKEO,2.5,243448.676,4,4,243448.659,0.0,0.0,0.0,0.017,97379.4704
1670582,IT,FI,TEXTI,BUSIN,1.44,243448.588,4,4,243448.556,0.0,0.0,0.0,0.032,169061.519444
1717719,IT,NL,BUSIN,RESEA,2.5,243439.859,4,4,243439.842,0.0,0.0,0.0,0.017,97375.9436
1714775,IT,NL,PROCE,FOOD5,1.65,243413.657,5,5,243412.642,0.0,1.0,0.0,0.015,147523.428485
1800306,IT,WE,NFERT,WEARI,0.05,243412.143,4,4,243412.123,0.0,0.0,0.0,0.02,4868242.86
1716092,IT,NL,BASIC,OFFIC,0.28,243390.313,4,4,243390.298,0.0,0.0,0.0,0.015,869251.117857
1753203,IT,CA,GLASS,WHOLE,0.67,243386.169,5,5,243385.155,0.0,0.0,1.0,0.014,363262.938806
1674023,IT,FR,GASDI,CATTL,0.36,243377.105,4,4,243377.085,0.0,0.0,0.0,0.02,676047.513889
1789387,IT,WA,CHEM1,LEAD1,0.51,243348.3,4,4,243348.273,0.0,0.0,0.0,0.027,477153.529412
1777742,IT,TR,NONF1,FOUND,0.05,243278.244,3,3,243278.244,0.0,0.0,0.0,0.0,4865564.88
1661528,IT,DK,FOOD5,BUSIN,1.17,243238.847,5,5,243237.825,0.0,1.0,0.0,0.022,207896.450427
1719950,IT,PL,PREC1,RETA1,0.41,243192.162,5,5,243191.151,0.0,0.0,1.0,0.011,593151.614634
1749847,IT,CN,RUBBE,ALUM1,0.81,243165.459,4,4,243165.437,0.0,0.0,0.0,0.022,300204.27037
1677209,IT,FR,POSTT,INSUR,4.0,243147.407,4,4,243147.388,0.0,0.0,0.0,0.019,60786.85175
1801703,IT,WE,ELEC1,FISHF,0.03,243143.094,4,4,243143.079,0.0,0.0,0.0,0.015,8104769.8
1728257,IT,SE,BEVER,RAWMI,1.03,243121.783,5,5,243120.767,0.0,1.0,0.0,0.016,236040.566019
1668652,IT,ES,RAILW,SUPPO,1.63,243111.777,5,5,243109.766,0.0,0.0,2.0,0.011,149148.329448
1674331,IT,FR,CHEM1,MEATP,0.51,243104.505,4,4,243104.478,0.0,0.0,0.0,0.027,476675.5
1745780,IT,JP,WEARI,RAILW,1.83,243103.156,4,4,243103.11,0.0,0.0,0.0,0.046,132843.254645
1688169,IT,HU,BUSIN,WHOLE,2.5,243086.771,4,4,243086.754,0.0,0.0,0.0,0.017,97234.7084
1741106,IT,US,TEXTI,RECRE,1.44,243085.991,4,4,243085.959,0.0,0.0,0.0,0.032,168809.715972
1793884,IT,WL,TEXTI,EDUCA,1.44,243060.776,4,4,243060.744,0.0,0.0,0.0,0.032,168792.205556
1642179,IT,AT,CERAM,BUSIN,0.38,243012.511,5,5,243011.498,0.0,0.0,1.0,0.013,639506.607895
1784638,IT,ID,MACHI,REALE,1.36,243002.705,4,4,243002.685,0.0,0.0,0.0,0.02,178678.459559
1729100,IT,SE,RUBBE,INTER,0.81,242985.511,4,4,242985.489,0.0,0.0,0.0,0.022,299982.112346
1673733,IT,FR,PAPER,BASIC,0.94,242952.922,5,5,242950.898,0.0,2.0,0.0,0.024,258460.555319
1710114,IT,LT,MACHI,CEREA,1.36,242924.34,4,4,242924.32,0.0,0.0,0.0,0.02,178620.838235
1771335,IT,CH,DAIRY,EDUCA,0.99,242876.498,5,5,242874.482,0.0,2.0,0.0,0.016,245329.79596
1728378,IT,SE,TEXTI,CONST,1.44,242876.275,4,4,242876.243,0.0,0.0,0.0,0.032,168664.079861
1763822,IT,MX,CERAM,HEALT,0.38,242851.26,5,5,242850.247,0.0,0.0,1.0,0.013,639082.263158
1771597,IT,CH,TEXTI,RENTI,1.44,242839.984,4,4,242839.952,0.0,0.0,0.0,0.032,168638.877778
1741986,IT,US,CHEM1,MEMBE,0.51,242832.271,4,4,242832.244,0.0,0.0,0.0,0.027,476141.707843
1735027,IT,SK,PLAST,FURNI,0.51,242830.848,4,4,242830.823,0.0,0.0,0.0,0.025,476138.917647
1765294,IT,RU,VEGE1,PUBLI,0.75,242806.655,5,5,242805.602,0.0,1.0,0.0,0.053,323742.206667
1661487,IT,DK,FOOD5,MEATP,1.17,242801.845,5,5,242800.823,0.0,1.0,0.0,0.022,207522.944444
1647101,IT,BE,HOTEL,ALUM1,1.76,242763.465,4,4,242763.447,0.0,0.0,0.0,0.018,137933.786932
1646692,IT,BE,FURNI,LANDT,0.77,242744.838,6,6,242742.817,0.0,1.0,1.0,0.021,315253.036364
1729880,IT,SE,TRANS,OFFIC,1.45,242708.631,4,4,242708.618,0.0,0.0,0.0,0.013,167385.262759
1675346,IT,FR,MACHI,CHEMI,1.35,242678.202,4,4,242678.182,0.0,0.0,0.0,0.02,179761.631111
1647505,IT,BE,SUPPO,PLAST,1.74,242655.04,4,4,242655.028,0.0,0.0,0.0,0.012,139456.91954
1677087,IT,FR,SUPPO,COLLE,1.74,242644.481,4,4,242644.469,0.0,0.0,0.0,0.012,139450.851149
1807977,IT,WF,PLAS1,RETA1,0.87,242637.183,4,4,242637.167,0.0,0.0,0.0,0.016,278893.313793
1738691,IT,GB,MACHI,FOUND,1.35,242610.301,4,4,242610.281,0.0,0.0,0.0,0.02,179711.334074
1667268,IT,ES,ALUM1,BEVER,0.42,242601.502,4,4,242601.483,0.0,0.0,0.0,0.019,577622.62381
1799631,IT,WE,MOTOR,TOBAC,0.36,242545.726,4,4,242545.706,0.0,0.0,0.0,0.02,673738.127778
1675646,IT,FR,MOTO1,INERT,1.29,242544.962,4,4,242544.946,0.0,0.0,0.0,0.016,188019.350388
1674069,IT,FR,GASDI,HEALT,0.36,242524.128,4,4,242524.108,0.0,0.0,0.0,0.02,673678.133333
1790243,IT,WA,PREC1,MEDIC,0.41,242517.576,5,5,242516.565,0.0,0.0,1.0,0.011,591506.282927
1803080,IT,WF,CEREA,INSUR,0.4,242512.518,5,5,242511.504,0.0,1.0,0.0,0.014,606281.295
1784460,IT,ID,ALUM1,MACHI,0.42,242497.149,4,4,242497.13,0.0,0.0,0.0,0.019,577374.164286
1680075,IT,GR,MACHI,TRAN2,1.35,242483.476,4,4,242483.456,0.0,0.0,0.0,0.02,179617.38963
1727924,IT,SE,VEGET,HOTEL,0.86,242476.274,5,5,242475.264,0.0,1.0,0.0,0.01,281949.155814
1682345,IT,HR,WOODW,FABRI,0.68,242473.76,5,5,242471.744,0.0,2.0,0.0,0.016,356579.058824
1780062,IT,TW,WHOLE,PLAST,2.09,242424.987,4,4,242424.973,0.0,0.0,0.0,0.014,115992.816746
1668710,IT,ES,LANDT,PRINT,1.56,242413.883,4,4,242413.872,0.0,0.0,0.0,0.011,155393.514744
1790090,IT,WA,BASIC,FISH5,0.28,242409.26,4,4,242409.245,0.0,0.0,0.0,0.015,865747.357143
1755173,IT,KR,LEATH,REALE,1.74,242401.39,5,5,242399.348,0.0,2.0,0.0,0.042,139311.143678
1645917,IT,BE,CERAM,MOTOR,0.38,242390.459,5,5,242389.446,0.0,0.0,1.0,0.013,637869.628947
1770215,IT,AU,HOTEL,IRONO,1.76,242383.651,4,4,242383.633,0.0,0.0,0.0,0.018,137717.983523
1665998,IT,ES,MOTOR,RAILW,0.36,242377.651,4,4,242377.631,0.0,0.0,0.0,0.02,673271.252778
1656416,IT,DE,WOODW,EDUCA,0.68,242356.34,5,5,242354.324,0.0,2.0,0.0,0.016,356406.382353
1775281,IT,CH,BUSIN,GLASS,2.49,242325.96,4,4,242325.943,0.0,0.0,0.0,0.017,97319.662651
1802941,IT,WF,WHEAT,FORES,0.18,242324.705,5,5,242322.699,0.0,2.0,0.0,0.006,1346248.361111
1794127,IT,WL,PAPER,LANDT,0.94,242280.933,5,5,242278.909,0.0,2.0,0.0,0.024,257745.673404
1667383,IT,ES,COPP1,CHEM1,0.61,242278.053,5,5,242277.04,0.0,0.0,1.0,0.013,397177.136066
1758043,IT,BR,RUBBE,AIRTR,0.8,242262.89,4,4,242262.868,0.0,0.0,0.0,0.022,302828.6125
1797184,IT,WL,POSTT,PUBLI,3.99,242240.738,4,4,242240.72,0.0,0.0,0.0,0.018,60711.964411
1652876,IT,CZ,COALT,BASIC,0.38,242235.529,5,5,242234.515,0.0,0.0,1.0,0.014,637461.918421
1666351,IT,ES,LIQUE,PUBLI,0.42,242233.216,4,4,242233.196,0.0,0.0,0.0,0.02,576745.752381
1800067,IT,WE,LIQUE,HEALT,0.42,242206.85,4,4,242206.83,0.0,0.0,0.0,0.02,576682.97619
1682803,IT,HR,HEAVY,FABRI,0.39,242186.395,4,4,242186.376,0.0,0.0,0.0,0.019,620990.75641
1675081,IT,FR,ALUM1,FOODW,0.42,242162.333,4,4,242162.314,0.0,0.0,0.0,0.019,576576.983333
1660191,IT,DE,SUPPO,RETA1,1.74,242156.004,4,4,242155.992,0.0,0.0,0.0,0.012,139170.117241
1734870,IT,SK,PAPER,MOTO1,0.94,242138.926,5,5,242136.902,0.0,2.0,0.0,0.024,257594.602128
1790402,IT,WA,LEAD1,NFERT,0.42,242132.324,6,6,242130.304,0.0,1.0,1.0,0.02,576505.533333
1711538,IT,LU,POSTT,AUXIL,3.99,242123.65,4,4,242123.632,0.0,0.0,0.0,0.018,60682.619048
1790357,IT,WA,ALUM1,RESEA,0.42,242098.041,4,4,242098.022,0.0,0.0,0.0,0.019,576423.907143
1752985,IT,CA,CHEM1,TEXTI,0.51,242084.637,4,4,242084.611,0.0,0.0,0.0,0.026,474675.758824
1793721,IT,WL,FOOD5,PUBLI,1.16,242081.647,5,5,242080.625,0.0,1.0,0.0,0.022,208691.075
1784649,IT,ID,MACHI,93197,1.35,242079.104,4,4,242079.084,0.0,0.0,0.0,0.02,179317.854815
1675787,IT,FR,FURNI,AUXIL,0.77,242059.742,6,6,242057.721,0.0,1.0,1.0,0.021,314363.301299
1665633,IT,ES,WOODW,PREC1,0.68,242035.457,5,5,242033.441,0.0,2.0,0.0,0.016,355934.495588
1791619,IT,WA,HOTEL,MEAT4,1.75,242035.364,4,4,242035.346,0.0,0.0,0.0,0.018,138305.922286
1776980,IT,TR,PFERT,FOOD5,0.11,242030.754,4,4,242030.715,0.0,0.0,0.0,0.039,2200279.581818
1653066,IT,CZ,PLAST,HEALT,0.51,241998.131,4,4,241998.106,0.0,0.0,0.0,0.025,474506.139216
1731666,IT,SI,WOODW,RUBBE,0.68,241980.681,5,5,241978.665,0.0,2.0,0.0,0.016,355853.942647
1714544,IT,NL,CRUDE,MEDIC,0.48,241961.883,4,4,241961.862,0.0,0.0,0.0,0.021,504087.25625
1743293,IT,US,FURNI,SALEM,0.77,241949.73,6,6,241947.709,0.0,1.0,1.0,0.021,314220.428571
1810920,IT,WM,GASDI,FISHF,0.36,241939.015,4,4,241938.995,0.0,0.0,0.0,0.02,672052.819444
1747456,IT,JP,SEACO,COKEO,0.25,241904.636,4,4,241904.632,0.0,0.0,0.0,0.004,967618.544
1675905,IT,FR,ELEC2,COLLE,0.06,241893.518,4,4,241893.493,0.0,0.0,0.0,0.025,4031558.633333
1750522,IT,CN,MACHI,ELEC8,1.35,241841.486,4,4,241841.466,0.0,0.0,0.0,0.02,179141.841481
1809983,IT,WM,FISH5,HEALT,1.02,241823.332,5,5,241822.208,0.0,1.0,0.0,0.124,237081.698039
1719214,IT,PL,CHEM1,PIGS9,0.51,241795.328,4,4,241795.302,0.0,0.0,0.0,0.026,474108.486275
1773655,IT,CH,FURNI,FOOD5,0.77,241792.059,6,6,241790.038,0.0,1.0,1.0,0.021,314015.661039
1773452,IT,CH,OFFIC,TRANS,0.75,241779.45,4,4,241779.433,0.0,0.0,0.0,0.017,322372.6
1675919,IT,FR,ELEC2,RENTI,0.06,241767.746,4,4,241767.721,0.0,0.0,0.0,0.025,4029462.433333
1653786,IT,CZ,COPP1,RESEA,0.61,241760.379,5,5,241759.367,0.0,0.0,1.0,0.012,396328.490164
1732161,IT,SI,GASDI,STEAM,0.36,241754.97,4,4,241754.95,0.0,0.0,0.0,0.02,671541.583333
1742667,IT,US,COPP1,PUBLI,0.61,241753.623,5,5,241752.611,0.0,0.0,1.0,0.012,396317.414754
1674424,IT,FR,CHEM1,WASTE,0.51,241748.542,4,4,241748.516,0.0,0.0,0.0,0.026,474016.74902
1752033,IT,CN,RESEA,FINAN,1.31,241743.403,4,4,241743.386,0.0,0.0,0.0,0.017,184536.948855
1760850,IT,IN,MOTOR,PUBLI,0.36,241733.608,4,4,241733.588,0.0,0.0,0.0,0.02,671482.244444
1799498,IT,WE,PAPER,HOTEL,0.94,241727.041,5,5,241725.017,0.0,2.0,0.0,0.024,257156.426596
1641837,IT,AT,CHEM1,PUBLI,0.51,241700.769,4,4,241700.743,0.0,0.0,0.0,0.026,473923.076471
1745840,IT,JP,LEATH,PRINT,1.73,241673.047,5,5,241671.005,0.0,2.0,0.0,0.042,139695.40289
1659810,IT,DE,LANDT,NUCLE,1.56,241657.545,4,4,241657.534,0.0,0.0,0.0,0.011,154908.682692
1789815,IT,WA,CERAM,SANDC,0.38,241654.9,5,5,241653.887,0.0,0.0,1.0,0.013,635933.947368
1801133,IT,WE,FABRI,CEREA,0.98,241628.628,4,4,241628.611,0.0,0.0,0.0,0.017,246559.82449
1719959,IT,PL,PREC1,RESEA,0.41,241615.9,5,5,241614.889,0.0,0.0,1.0,0.011,589307.073171
1723494,IT,PT,LEAD1,STONE,0.42,241609.85,6,6,241607.83,0.0,1.0,1.0,0.02,575261.547619
1742740,IT,US,FABRI,PRINT,0.98,241600.231,4,4,241600.214,0.0,0.0,0.0,0.017,246530.847959
1658671,IT,DE,OFFIC,SANDC,0.75,241588.031,4,4,241588.014,0.0,0.0,0.0,0.017,322117.374667
1777014,IT,TR,CHEM1,VEGE1,0.5,241542.181,4,4,241542.155,0.0,0.0,0.0,0.026,483084.362
1739019,IT,GB,SALEM,BUSIN,1.95,241516.09,4,4,241516.075,0.0,0.0,0.0,0.015,123854.405128
1656733,IT,DE,MOTOR,LANDT,0.36,241512.816,4,4,241512.796,0.0,0.0,0.0,0.02,670868.933333
1771201,IT,CH,MEAT4,PUBLI,1.33,241508.524,5,5,241507.508,0.0,1.0,0.0,0.016,181585.356391
1680065,IT,GR,MACHI,DISTR,1.35,241471.959,4,4,241471.939,0.0,0.0,0.0,0.02,178868.117778
1807994,IT,WF,PLAS1,EDUCA,0.87,241466.204,4,4,241466.188,0.0,0.0,0.0,0.016,277547.36092
1711996,IT,LV,SUGAR,FOOD5,0.39,241452.938,5,5,241451.916,0.0,1.0,0.0,0.022,619110.097436
1796944,IT,WL,AIRTR,WEARI,0.26,241414.351,4,4,241414.343,0.0,0.0,0.0,0.008,928516.734615
1800020,IT,WE,HEAVY,LANDT,0.39,241403.222,4,4,241403.203,0.0,0.0,0.0,0.019,618982.620513
1681063,IT,GR,SUPPO,SANDC,1.74,241399.482,4,4,241399.47,0.0,0.0,0.0,0.012,138735.334483
1790707,IT,WA,FABRI,FINAN,0.98,241391.26,4,4,241391.243,0.0,0.0,0.0,0.017,246317.612245
1666447,IT,ES,NONSP,KEROS,0.32,241358.898,4,4,241358.885,0.0,0.0,0.0,0.013,754246.55625
1752887,IT,CA,KEROS,LANDT,0.36,241339.868,4,4,241339.848,0.0,0.0,0.0,0.02,670388.522222
1757096,IT,KR,BUSIN,HEALT,2.48,241338.588,4,4,241338.571,0.0,0.0,0.0,0.017,97313.946774
1725709,IT,RO,PAPER,SUPPO,0.94,241333.956,5,5,241331.932,0.0,2.0,0.0,0.024,256738.251064
1784557,IT,ID,MACHI,COKIN,1.35,241287.794,4,4,241287.774,0.0,0.0,0.0,0.02,178731.699259
1806275,IT,WF,MACHI,TRAN1,1.35,241260.395,4,4,241260.375,0.0,0.0,0.0,0.02,178711.403704
1665362,IT,ES,TEXTI,FISHF,1.43,241248.146,4,4,241248.114,0.0,0.0,0.0,0.032,168704.997203
1778822,IT,TR,LANDT,WHOLE,1.56,241206.933,4,4,241206.922,0.0,0.0,0.0,0.011,154619.828846
1770511,IT,AU,AIRTR,LANDT,0.26,241202.346,4,4,241202.338,0.0,0.0,0.0,0.008,927701.330769
1773344,IT,CH,MACHI,MOTO1,1.35,241189.737,4,4,241189.717,0.0,0.0,0.0,0.02,178659.064444
1647532,IT,BE,SUPPO,CONST,1.73,241187.726,4,4,241187.714,0.0,0.0,0.0,0.012,139414.87052
1656891,IT,DE,HEAVY,WHOLE,0.39,241181.321,4,4,241181.302,0.0,0.0,0.0,0.019,618413.64359
1785977,IT,ZA,RUBBE,TRAN2,0.8,241170.317,4,4,241170.295,0.0,0.0,0.0,0.022,301462.89625
1805605,IT,WF,NONME,CATTL,0.49,241145.816,4,4,241145.79,0.0,0.0,0.0,0.026,492134.318367
1776432,IT,TR,COKEO,WHOLE,0.03,241124.851,3,3,241124.851,0.0,0.0,0.0,0.0,8037495.033333
1653016,IT,CZ,PLAST,PLAST,0.51,241113.157,4,4,241113.132,0.0,0.0,0.0,0.025,472770.896078
1788527,IT,WA,PAPER,MEAT1,0.93,241099.903,5,5,241097.879,0.0,2.0,0.0,0.024,259247.207527
1740264,IT,GB,BUSIN,AIRTR,2.48,241070.637,4,4,241070.62,0.0,0.0,0.0,0.017,97205.902016
1778966,IT,TR,SEACO,COMPU,0.25,241055.865,4,4,241055.861,0.0,0.0,0.0,0.004,964223.46
1812173,IT,WM,NONME,CROPS,0.49,241020.049,4,4,241020.023,0.0,0.0,0.0,0.026,491877.65102
1749885,IT,CN,RUBBE,SUPPO,0.8,241018.78,4,4,241018.758,0.0,0.0,0.0,0.022,301273.475
1675686,IT,FR,TRANS,REALE,1.44,241003.093,4,4,241003.08,0.0,0.0,0.0,0.013,167363.259028
1740157,IT,GB,COMPU,RESEA,2.75,240990.873,4,4,240990.858,0.0,0.0,0.0,0.015,87633.044727
1649450,IT,BG,CHEM1,CONST,0.5,240980.344,4,4,240980.318,0.0,0.0,0.0,0.026,481960.688
1684825,IT,HU,FISHF,WHOLE,0.42,240976.419,4,4,240976.41,0.0,0.0,0.0,0.009,573753.378571
1658000,IT,DE,PREC1,FISH5,0.41,240965.371,4,4,240965.36,0.0,0.0,0.0,0.011,587720.417073
1761565,IT,IN,COPP1,FOUND,0.61,240965.107,5,5,240964.095,0.0,0.0,1.0,0.012,395024.765574
1799760,IT,WE,KEROS,RETA1,0.36,240946.808,4,4,240946.788,0.0,0.0,0.0,0.02,669296.688889
1732507,IT,SI,RUBBE,DAIRY,0.8,240942.548,4,4,240942.526,0.0,0.0,0.0,0.022,301178.185
1807395,IT,WF,FINAN,FINAN,3.14,240924.439,4,4,240924.432,0.0,0.0,0.0,0.007,76727.528344
1794909,IT,WL,CHEM1,SANDC,0.5,240921.117,4,4,240921.091,0.0,0.0,0.0,0.026,481842.234
1751387,IT,CN,SEACO,LEAD1,0.25,240916.065,4,4,240916.061,0.0,0.0,0.0,0.004,963664.26
1789996,IT,WA,NONME,HEAVY,0.49,240908.084,4,4,240908.058,0.0,0.0,0.0,0.026,491649.15102
1677324,IT,FR,FINAN,RENTI,3.14,240907.939,4,4,240907.932,0.0,0.0,0.0,0.007,76722.273567
1647145,IT,BE,HOTEL,HEALT,1.75,240903.437,4,4,240903.419,0.0,0.0,0.0,0.018,137659.106857
1747518,IT,JP,SEACO,HEALT,0.24,240882.532,4,4,240882.528,0.0,0.0,0.0,0.004,1003677.216667
1671418,IT,FI,FABRI,BASIC,0.98,240880.085,4,4,240880.068,0.0,0.0,0.0,0.017,245796.005102
1788676,IT,WA,COKEO,MEDIC,0.03,240849.923,3,3,240849.923,0.0,0.0,0.0,0.0,8028330.766667
1786051,IT,ZA,CERAM,BUSIN,0.38,240835.093,5,5,240834.08,0.0,0.0,1.0,0.013,633776.560526
1649346,IT,BG,PLAST,MOTO1,0.51,240818.691,4,4,240818.667,0.0,0.0,0.0,0.024,472193.511765
1727387,IT,RO,FINAN,WOODW,3.14,240812.579,4,4,240812.572,0.0,0.0,0.0,0.007,76691.90414
1661429,IT,DK,DAIRY,POULT,0.98,240741.123,5,5,240739.107,0.0,2.0,0.0,0.016,245654.207143
1723741,IT,PT,MACHI,HEALT,1.34,240722.333,4,4,240722.313,0.0,0.0,0.0,0.02,179643.53209
1812466,IT,WM,PREC1,TRAN1,0.41,240719.631,4,4,240719.62,0.0,0.0,0.0,0.011,587121.05122
1803026,IT,WF,WHEAT,MEMBE,0.18,240688.562,5,5,240686.556,0.0,2.0,0.0,0.006,1337158.677778
1681110,IT,GR,SUPPO,COLLE,1.73,240664.224,4,4,240664.212,0.0,0.0,0.0,0.012,139112.268208
1683372,IT,HR,BASIC,CATTL,0.28,240643.979,4,4,240643.964,0.0,0.0,0.0,0.015,859442.782143
1773788,IT,CH,ELEC2,SUPPO,0.06,240642.665,4,4,240642.64,0.0,0.0,0.0,0.025,4010711.083333
1730633,IT,SE,RENTI,MACHI,1.44,240615.406,4,4,240615.393,0.0,0.0,0.0,0.013,167094.031944
1679520,IT,GR,CHEM1,RECRE,0.5,240614.835,4,4,240614.809,0.0,0.0,0.0,0.026,481229.67
1743731,IT,US,LANDT,CRUDE,1.55,240610.513,4,4,240610.502,0.0,0.0,0.0,0.011,155232.589032
1732933,IT,SI,ALUM1,PRINT,0.42,240576.729,4,4,240576.71,0.0,0.0,0.0,0.019,572801.735714
1750215,IT,CN,LEAD1,FABRI,0.42,240575.009,6,6,240572.989,0.0,1.0,1.0,0.02,572797.640476
1663770,IT,EE,BEVER,FORES,1.02,240571.299,5,5,240570.284,0.0,1.0,0.0,0.015,235854.214706
1786378,IT,ZA,MACHI,BASIC,1.34,240545.746,4,4,240545.726,0.0,0.0,0.0,0.02,179511.750746
1730981,IT,SE,OILHA,MEATC,1.38,240525.191,4,4,240525.178,0.0,0.0,0.0,0.013,174293.616667
1812186,IT,WM,NONME,LEADZ,0.49,240495.771,4,4,240495.745,0.0,0.0,0.0,0.026,490807.695918
1800238,IT,WE,PLAST,NFERT,0.5,240485.533,4,4,240485.509,0.0,0.0,0.0,0.024,480971.066
1775195,IT,CH,RESEA,RADIO,1.3,240482.192,4,4,240482.175,0.0,0.0,0.0,0.017,184986.301538
1679446,IT,GR,CHEM1,FISH5,0.5,240474.592,4,4,240474.566,0.0,0.0,0.0,0.026,480949.184
1723050,IT,PT,CHEM1,ANIMA,0.5,240456.567,4,4,240456.541,0.0,0.0,0.0,0.026,480913.134
1770473,IT,AU,AIRTR,WOODW,0.26,240400.867,4,4,240400.859,0.0,0.0,0.0,0.008,924618.719231
1805593,IT,WF,CEMEN,INSUR,0.38,240354.291,5,5,240353.28,0.0,0.0,1.0,0.011,632511.292105
1727830,IT,RO,BUSIN,SALEM,2.47,240345.191,4,4,240345.174,0.0,0.0,0.0,0.017,97305.745344
1679578,IT,GR,RUBBE,MACHI,0.8,240255.438,4,4,240255.416,0.0,0.0,0.0,0.022,300319.2975
1642730,IT,AT,MACHI,PLAST,1.34,240250.735,4,4,240250.715,0.0,0.0,0.0,0.02,179291.593284
1811367,IT,WM,NONSP,LIQUE,0.32,240244.751,4,4,240244.738,0.0,0.0,0.0,0.013,750764.846875
1657873,IT,DE,BASIC,LIGNI,0.28,240219.466,4,4,240219.451,0.0,0.0,0.0,0.015,857926.664286
1673008,IT,FR,SUGA1,BEVER,0.6,240195.778,4,4,240195.737,0.0,0.0,0.0,0.041,400326.296667
1738220,IT,GB,BRICK,CEMEN,0.36,240171.665,5,5,240170.65,0.0,0.0,1.0,0.015,667143.513889
1740682,IT,US,SANDC,CONST,0.55,240112.936,5,5,240059.927,0.0,0.0,53.0,0.009,436568.974545
1813392,IT,WM,FURNI,TRAN1,0.77,240066.927,6,6,240064.906,0.0,1.0,1.0,0.021,311775.22987
1745337,IT,JP,VEGE1,KEROS,0.74,239984.25,5,5,239983.198,0.0,1.0,0.0,0.052,324303.040541
1735185,IT,SK,RUBBE,CEMEN,0.8,239981.747,4,4,239981.725,0.0,0.0,0.0,0.022,299977.18375
1675082,IT,FR,ALUM1,PAPE1,0.42,239978.3,4,4,239978.281,0.0,0.0,0.0,0.019,571376.904762
1812267,IT,WM,BASIC,WHEAT,0.28,239972.893,4,4,239972.878,0.0,0.0,0.0,0.015,857046.046429
1667816,IT,ES,OFFIC,DISTR,0.74,239971.253,4,4,239971.236,0.0,0.0,0.0,0.017,324285.477027
1682192,IT,HR,WEARI,PRINT,1.81,239946.177,4,4,239946.131,0.0,0.0,0.0,0.046,132566.948619
1718044,IT,PL,MEATC,FOOD5,0.8,239909.662,5,5,239905.647,0.0,4.0,0.0,0.015,299887.0775
1672891,IT,FR,VEGE1,CONST,0.74,239897.236,5,5,239896.184,0.0,1.0,0.0,0.052,324185.454054
1686969,IT,HU,MACHI,RETA1,1.34,239889.882,4,4,239889.862,0.0,0.0,0.0,0.02,179022.3
1795058,IT,WL,ADDIT,WHOLE,0.56,239883.155,5,5,239881.136,0.0,2.0,0.0,0.019,428362.776786
1729939,IT,SE,FURNI,COMPU,0.77,239874.602,6,6,239872.581,0.0,1.0,1.0,0.021,311525.457143
1794350,IT,WL,MOTOR,AUXIL,0.36,239862.001,4,4,239861.981,0.0,0.0,0.0,0.02,666283.336111
1681039,IT,GR,AIRTR,SUPPO,0.26,239861.227,4,4,239861.219,0.0,0.0,0.0,0.008,922543.180769
1679734,IT,GR,BASIC,WEARI,0.28,239835.036,4,4,239835.021,0.0,0.0,0.0,0.015,856553.7
1717073,IT,NL,LANDT,RENTI,1.55,239818.992,4,4,239818.981,0.0,0.0,0.0,0.011,154721.930323
1771495,IT,CH,BEVER,BUSIN,1.02,239815.409,5,5,239814.394,0.0,1.0,0.0,0.015,235113.146078
1801243,IT,WE,FABRI,INLAN,0.98,239806.192,4,4,239806.175,0.0,0.0,0.0,0.017,244700.195918
1718968,IT,PL,PRINT,HEALT,2.3,239788.721,4,4,239788.703,0.0,0.0,0.0,0.018,104255.965652
1807263,IT,WF,SUPPO,EDUCA,1.72,239761.331,4,4,239761.319,0.0,0.0,0.0,0.012,139396.122674
1814036,IT,WM,SEACO,FINAN,0.24,239758.907,4,4,239758.903,0.0,0.0,0.0,0.004,998995.445833
1761072,IT,IN,PLAST,MEMBE,0.5,239750.152,4,4,239750.128,0.0,0.0,0.0,0.024,479500.304
1663308,IT,DK,AIRTR,FISH5,0.26,239732.181,4,4,239732.173,0.0,0.0,0.0,0.008,922046.85
1656955,IT,DE,LIQUE,MACHI,0.42,239723.074,4,4,239723.055,0.0,0.0,0.0,0.019,570769.22381
1685905,IT,HU,CHEM1,TRAN1,0.5,239676.275,4,4,239676.249,0.0,0.0,0.0,0.026,479352.55
1720085,IT,PL,ALUM1,FOOD4,0.42,239675.855,4,4,239675.836,0.0,0.0,0.0,0.019,570656.797619
1759105,IT,BR,AIRTR,COKEO,0.26,239672.154,4,4,239672.146,0.0,0.0,0.0,0.008,921815.976923
1784217,IT,ID,PLAST,SUBBI,0.5,239645.024,4,4,239645.0,0.0,0.0,0.0,0.024,479290.048
1668792,IT,ES,LANDT,HEALT,1.55,239620.867,4,4,239620.856,0.0,0.0,0.0,0.011,154594.107742
1715110,IT,NL,WEARI,HEALT,1.81,239599.28,4,4,239599.234,0.0,0.0,0.0,0.046,132375.292818
1757865,IT,BR,CHEM1,PRINT,0.5,239599.215,4,4,239599.189,0.0,0.0,0.0,0.026,479198.43
1675053,IT,FR,ALUM1,NUCLE,0.42,239548.281,4,4,239548.262,0.0,0.0,0.0,0.019,570353.05
1784231,IT,ID,PLAST,RADIO,0.5,239545.089,4,4,239545.065,0.0,0.0,0.0,0.024,479090.178
1792051,IT,WA,AIRTR,WOODW,0.26,239530.537,4,4,239530.529,0.0,0.0,0.0,0.008,921271.296154
1781825,IT,NO,PLAST,NATUR,0.5,239507.53,4,4,239507.506,0.0,0.0,0.0,0.024,479015.06
1672768,IT,FR,MEATC,BUSIN,0.8,239493.905,5,5,239489.89,0.0,4.0,0.0,0.015,299367.38125
1644226,IT,BE,OILSE,WEARI,0.17,239485.067,5,5,239483.056,0.0,2.0,0.0,0.011,1408735.688235
1660298,IT,DE,POSTT,RESEA,3.94,239482.174,4,4,239482.156,0.0,0.0,0.0,0.018,60782.277665
1772016,IT,CH,PRINT,FOOD5,2.3,239447.872,4,4,239447.854,0.0,0.0,0.0,0.018,104107.770435
1685771,IT,HU,PLAST,CHEM1,0.5,239436.183,4,4,239436.159,0.0,0.0,0.0,0.024,478872.366
1745417,IT,JP,DAIRY,PAPER,0.97,239425.503,5,5,239423.487,0.0,2.0,0.0,0.016,246830.415464
1810353,IT,WM,WOODW,FABRI,0.67,239408.054,5,5,239406.038,0.0,2.0,0.0,0.016,357325.453731
1811448,IT,WM,PLAST,BRICK,0.5,239364.539,4,4,239364.515,0.0,0.0,0.0,0.024,478729.078
1640392,IT,AT,MEAT4,NATUR,1.32,239360.403,5,5,239359.387,0.0,1.0,0.0,0.016,181333.638636
1809442,IT,WM,CHEMI,TRAN1,0.57,239348.843,6,6,239335.821,0.0,1.0,12.0,0.022,419910.250877
1780338,IT,TW,AIRTR,LEATH,0.26,239336.861,4,4,239336.853,0.0,0.0,0.0,0.008,920526.388462
1767167,IT,RU,WHOLE,PRINT,2.07,239326.4,4,4,239326.386,0.0,0.0,0.0,0.014,115616.618357
1662234,IT,DK,GLASS,CONST,0.66,239278.204,5,5,239277.19,0.0,0.0,1.0,0.014,362542.733333
1726147,IT,RO,RUBBE,RECRE,0.79,239247.937,4,4,239247.915,0.0,0.0,0.0,0.022,302845.489873
1715108,IT,NL,WEARI,PUBLI,1.8,239247.872,4,4,239247.827,0.0,0.0,0.0,0.045,132915.484444
1687167,IT,HU,FURNI,CONST,0.76,239215.513,6,6,239213.492,0.0,1.0,1.0,0.021,314757.253947
1753022,IT,CA,CHEM1,COPP1,0.5,239198.747,4,4,239198.721,0.0,0.0,0.0,0.026,478397.494
1772845,IT,CH,BASIC,TEXTI,0.28,239160.87,4,4,239160.855,0.0,0.0,0.0,0.015,854145.964286
1772305,IT,CH,PLAST,TEXTI,0.5,239125.968,4,4,239125.944,0.0,0.0,0.0,0.024,478251.936
1725554,IT,RO,LEATH,RAILW,1.71,239125.37,5,5,239123.329,0.0,2.0,0.0,0.041,139839.397661
1800841,IT,WE,BASIC,MEDIC,0.28,239121.82,4,4,239121.805,0.0,0.0,0.0,0.015,854006.5
1765943,IT,RU,CHEM1,VEGET,0.5,239119.245,4,4,239119.219,0.0,0.0,0.0,0.026,478238.49
1739605,IT,GB,SEACO,FABRI,0.24,239115.075,4,4,239115.071,0.0,0.0,0.0,0.004,996312.8125
1745357,IT,JP,VEGE1,BASIC,0.74,239092.563,5,5,239091.511,0.0,1.0,0.0,0.052,323098.058108
1667450,IT,ES,NONF1,FURNI,0.05,239091.57,3,3,239091.57,0.0,0.0,0.0,0.0,4781831.4
1681992,IT,HR,FOOD5,EDUCA,1.15,239073.131,5,5,239072.11,0.0,1.0,0.0,0.021,207889.67913
1741283,IT,US,PAPER,PLAST,0.93,239063.817,5,5,239061.793,0.0,2.0,0.0,0.024,257057.867742
1665788,IT,ES,PAPER,PUBLI,0.93,239062.648,5,5,239060.624,0.0,2.0,0.0,0.024,257056.610753
1729129,IT,SE,GLASS,DAIRY,0.66,239061.262,5,5,239060.248,0.0,0.0,1.0,0.014,362214.033333
1729424,IT,SE,BASIC,PUBLI,0.28,239038.371,4,4,239038.356,0.0,0.0,0.0,0.015,853708.467857
1766835,IT,RU,MACHI,POSTT,1.33,239036.515,4,4,239036.495,0.0,0.0,0.0,0.02,179726.703008
1742133,IT,US,RUBBE,INSUR,0.79,239001.976,4,4,239001.954,0.0,0.0,0.0,0.022,302534.146835
1755182,IT,KR,LEATH,PAPE1,1.71,238997.091,5,5,238995.05,0.0,2.0,0.0,0.041,139764.380702
1650291,IT,BG,ELEC1,RAILW,0.03,238987.373,4,4,238987.358,0.0,0.0,0.0,0.015,7966245.766667
1645294,IT,BE,KEROS,REFI1,0.36,238961.584,4,4,238961.565,0.0,0.0,0.0,0.019,663782.177778
1793243,IT,WA,PRIVA,MEAT4,53.32,238955.241,5,5,238953.203,2.0,0.0,0.0,0.038,4481.531152
1794308,IT,WL,MOTOR,CEMEN,0.36,238950.969,4,4,238950.95,0.0,0.0,0.0,0.019,663752.691667
1733258,IT,SI,MACHI,RESEA,1.33,238927.944,4,4,238927.924,0.0,0.0,0.0,0.02,179645.070677
1799862,IT,WE,GASDI,CERAM,0.36,238915.978,4,4,238915.959,0.0,0.0,0.0,0.019,663655.494444
1728215,IT,SE,FOOD5,PLAST,1.15,238869.825,5,5,238868.804,0.0,1.0,0.0,0.021,207712.891304
1761295,IT,IN,RUBBE,RETA1,0.79,238855.316,4,4,238855.294,0.0,0.0,0.0,0.022,302348.501266
1744732,IT,US,RESEA,NATUR,1.29,238851.712,4,4,238851.695,0.0,0.0,0.0,0.017,185156.365891
1657640,IT,DE,CERAM,CHEM1,0.37,238797.253,5,5,238796.24,0.0,0.0,1.0,0.013,645397.981081
1758440,IT,BR,FABRI,REALE,0.97,238775.896,4,4,238775.879,0.0,0.0,0.0,0.017,246160.717526
1641442,IT,AT,GASDI,OFFIC,0.36,238715.657,4,4,238715.638,0.0,0.0,0.0,0.019,663099.047222
1728209,IT,SE,FOOD5,BEVER,1.15,238682.704,5,5,238681.683,0.0,1.0,0.0,0.021,207550.177391
1659700,IT,DE,RAILW,CHEM1,1.6,238681.243,5,5,238679.232,0.0,0.0,2.0,0.011,149175.776875
1640994,IT,AT,WOODW,COMPU,0.67,238681.105,5,5,238679.089,0.0,2.0,0.0,0.016,356240.455224
1677793,IT,FR,COMPU,WHOLE,2.73,238656.461,4,4,238656.446,0.0,0.0,0.0,0.015,87419.949084
1660043,IT,DE,AIRTR,BEVER,0.26,238638.535,4,4,238638.527,0.0,0.0,0.0,0.008,917840.519231
1768681,IT,AU,TEXTI,ELEC1,1.41,238633.625,4,4,238633.593,0.0,0.0,0.0,0.032,169243.705674
1733398,IT,SI,ELEC2,ALUM1,0.06,238623.714,4,4,238623.689,0.0,0.0,0.0,0.025,3977061.9
1777396,IT,TR,CERAM,LANDT,0.37,238622.793,5,5,238621.78,0.0,0.0,1.0,0.013,644926.467568
1661502,IT,DK,FOOD5,CHEM1,1.15,238589.748,5,5,238588.727,0.0,1.0,0.0,0.021,207469.346087
1689913,IT,IE,AUXIL,WHOLE,4.36,238578.51,4,4,238578.498,0.0,0.0,0.0,0.012,54719.841743
1718853,IT,PL,PAPER,RENTI,0.92,238569.052,5,5,238567.028,0.0,2.0,0.0,0.024,259314.186957
1719365,IT,PL,RUBBE,NATUR,0.79,238566.003,4,4,238565.981,0.0,0.0,0.0,0.022,301982.282278
1728918,IT,SE,CHEM1,COPP1,0.5,238559.829,4,4,238559.803,0.0,0.0,0.0,0.026,477119.658
1788515,IT,WA,PAPER,CRUDE,0.92,238558.864,5,5,238556.84,0.0,2.0,0.0,0.024,259303.113043
1739443,IT,GB,LANDT,WEARI,1.54,238556.322,4,4,238556.311,0.0,0.0,0.0,0.011,154906.702597
1715415,IT,NL,MOTOR,PLAST,0.36,238542.898,4,4,238542.879,0.0,0.0,0.0,0.019,662619.161111
1740760,IT,US,MEAT4,BIOGA,1.31,238530.788,5,5,238529.772,0.0,1.0,0.0,0.016,182084.570992
1657000,IT,DE,LIQUE,RECRE,0.42,238529.504,4,4,238529.485,0.0,0.0,0.0,0.019,567927.390476
1710712,IT,LU,FOOD5,BEVER,1.15,238497.765,5,5,238496.744,0.0,1.0,0.0,0.021,207389.36087
1640918,IT,AT,LEATH,BUSIN,1.71,238496.267,5,5,238494.226,0.0,2.0,0.0,0.041,139471.50117
1658312,IT,DE,COPP1,SALEM,0.6,238485.971,5,5,238484.959,0.0,0.0,1.0,0.012,397476.618333
1782868,IT,NO,SEACO,CRUDE,0.24,238473.03,4,4,238473.026,0.0,0.0,0.0,0.004,993637.625
1646180,IT,BE,ALUM1,RUBBE,0.41,238436.817,4,4,238436.798,0.0,0.0,0.0,0.019,581553.212195
1810181,IT,WM,WEARI,POSTT,1.8,238400.466,4,4,238400.421,0.0,0.0,0.0,0.045,132444.703333
1796991,IT,WL,AIRTR,ELEC4,0.26,238389.828,4,4,238389.82,0.0,0.0,0.0,0.008,916883.953846
1771562,IT,CH,TEXTI,FABRI,1.41,238388.067,4,4,238388.035,0.0,0.0,0.0,0.032,169069.551064
1806035,IT,WF,COPP1,CONST,0.6,238373.376,5,5,238372.364,0.0,0.0,1.0,0.012,397288.96
1685449,IT,HU,WOODW,FABRI,0.67,238371.079,5,5,238369.063,0.0,2.0,0.0,0.016,355777.729851
1755906,IT,KR,BASIC,CEMEN,0.27,238308.667,4,4,238308.652,0.0,0.0,0.0,0.015,882624.692593
1763203,IT,MX,LEATH,RECRE,1.71,238294.202,5,5,238292.161,0.0,2.0,0.0,0.041,139353.334503
1656041,IT,DE,BEVER,MEAT4,1.01,238287.179,5,5,238286.164,0.0,1.0,0.0,0.015,235927.9
1658393,IT,DE,FABRI,SANDC,0.97,238261.67,4,4,238261.653,0.0,0.0,0.0,0.017,245630.587629
1784645,IT,ID,MACHI,HEALT,1.33,238257.306,4,4,238257.286,0.0,0.0,0.0,0.02,179140.831579
1777137,IT,TR,ADDIT,NONF1,0.55,238254.986,5,5,238252.967,0.0,2.0,0.0,0.019,433190.883636
1800556,IT,WE,RUBBE,AUXIL,0.79,238254.974,4,4,238254.952,0.0,0.0,0.0,0.022,301588.574684
1732843,IT,SI,BASIC,ELEC1,0.27,238207.89,4,4,238207.875,0.0,0.0,0.0,0.015,882251.444444
1669338,IT,ES,FINAN,SUPPO,3.1,238195.042,4,4,238195.035,0.0,0.0,0.0,0.007,76837.110323
1679628,IT,GR,GLASS,BEVER,0.65,238191.132,5,5,238190.118,0.0,0.0,1.0,0.014,366447.895385
1672087,IT,FI,SUPPO,SUPPO,1.71,238188.804,4,4,238188.792,0.0,0.0,0.0,0.012,139291.698246
1662745,IT,DK,OFFIC,CONST,0.74,238171.567,4,4,238171.55,0.0,0.0,0.0,0.017,321853.468919
1811978,IT,WM,GLASS,HEAVY,0.65,238154.088,5,5,238153.074,0.0,0.0,1.0,0.014,366390.904615
1666565,IT,ES,CHEM1,HEAVY,0.5,238144.591,4,4,238144.565,0.0,0.0,0.0,0.026,476289.182
1781746,IT,NO,PAPER,RETA1,0.92,238142.575,5,5,238140.552,0.0,2.0,0.0,0.023,258850.625
1685323,IT,HU,WEARI,OFFIC,1.79,238130.002,4,4,238129.957,0.0,0.0,0.0,0.045,133033.52067
1807159,IT,WF,AIRTR,PFERT,0.26,238117.765,4,4,238117.757,0.0,0.0,0.0,0.008,915837.557692
1727023,IT,RO,HOTEL,INERT,1.73,238051.639,4,4,238051.621,0.0,0.0,0.0,0.018,137602.103468
1676721,IT,FR,RAILW,PUBLI,1.59,238039.047,5,5,238037.036,0.0,0.0,2.0,0.011,149710.092453
1687399,IT,HU,HOTEL,CONST,1.73,238030.784,4,4,238030.766,0.0,0.0,0.0,0.018,137590.048555
1776135,IT,TR,LEATH,CERAM,1.7,238011.428,5,5,238009.387,0.0,2.0,0.0,0.041,140006.722353
1714289,IT,MT,BUSIN,BUSIN,2.44,237983.003,4,4,237982.987,0.0,0.0,0.0,0.016,97534.017623
1799784,IT,WE,KERO1,MEATP,0.34,237954.764,4,4,237954.745,0.0,0.0,0.0,0.019,699866.952941
1673004,IT,FR,SUGA1,STONE,0.6,237951.357,4,4,237951.316,0.0,0.0,0.0,0.041,396585.595
1710669,IT,LU,VEGE1,TRAN2,0.73,237949.433,5,5,237948.381,0.0,1.0,0.0,0.052,325958.127397
1805615,IT,WF,NONME,COPPE,0.48,237945.353,4,4,237945.327,0.0,0.0,0.0,0.026,495719.485417
1784177,IT,ID,PAPER,WHOLE,0.92,237941.248,5,5,237939.225,0.0,2.0,0.0,0.023,258631.791304
1668991,IT,ES,AIRTR,EDUCA,0.26,237925.686,4,4,237925.679,0.0,0.0,0.0,0.007,915098.792308
1803635,IT,WF,FOOD5,PREC1,1.14,237919.114,5,5,237918.093,0.0,1.0,0.0,0.021,208700.977193
1717847,IT,PL,VEGET,VEGE1,0.84,237912.767,5,5,237911.758,0.0,1.0,0.0,0.009,283229.484524
1769146,IT,AU,CHEM1,GASDI,0.5,237898.387,4,4,237898.361,0.0,0.0,0.0,0.026,475796.774
1803873,IT,WF,TEXTI,RECRE,1.41,237878.759,4,4,237878.727,0.0,0.0,0.0,0.032,168708.339716
1756088,IT,KR,FABRI,ELECT,0.97,237855.202,4,4,237855.185,0.0,0.0,0.0,0.017,245211.548454
1804945,IT,WF,NONSP,GASDI,0.31,237852.239,4,4,237852.226,0.0,0.0,0.0,0.013,767265.287097
1662311,IT,DK,NONME,CONST,0.48,237849.354,4,4,237849.328,0.0,0.0,0.0,0.026,495519.4875
1809096,IT,WM,CROPS,TOBAC,1.88,237840.427,4,4,237840.414,0.0,0.0,0.0,0.013,126510.865426
1725921,IT,RO,PLAST,TEXTI,0.5,237823.985,4,4,237823.961,0.0,0.0,0.0,0.024,475647.97
1791141,IT,WA,TRANS,HEALT,1.42,237797.165,4,4,237797.152,0.0,0.0,0.0,0.013,167462.792254
1715586,IT,NL,LIQUE,PLAST,0.42,237797.09,4,4,237797.071,0.0,0.0,0.0,0.019,566183.547619
1651459,IT,CY,GASDI,REALE,0.35,237792.721,4,4,237792.702,0.0,0.0,0.0,0.019,679407.774286
1798194,IT,WE,VEGET,NATUR,0.84,237789.259,5,5,237788.25,0.0,1.0,0.0,0.009,283082.45119
1777010,IT,TR,CHEM1,CHEMI,0.5,237783.051,4,4,237783.025,0.0,0.0,0.0,0.026,475566.102
1731817,IT,SI,PAPER,RETA1,0.92,237749.389,5,5,237747.366,0.0,2.0,0.0,0.023,258423.248913
1665221,IT,ES,FOOD5,WHOLE,1.14,237746.398,5,5,237745.377,0.0,1.0,0.0,0.021,208549.47193
1682941,IT,HR,PLAST,RAWMI,0.5,237736.607,4,4,237736.583,0.0,0.0,0.0,0.024,475473.214
1771739,IT,CH,LEATH,RUBBE,1.7,237734.157,5,5,237732.116,0.0,2.0,0.0,0.041,139843.621765
1646903,IT,BE,WHOLE,RUBBE,2.05,237698.226,4,4,237698.212,0.0,0.0,0.0,0.014,115950.354146
1723168,IT,PT,RUBBE,DAIRY,0.79,237686.542,4,4,237686.52,0.0,0.0,0.0,0.022,300869.040506
1730716,IT,SE,COMPU,COMPU,2.71,237683.251,4,4,237683.236,0.0,0.0,0.0,0.015,87705.996679
1742037,IT,US,RUBBE,CEREA,0.79,237672.142,4,4,237672.12,0.0,0.0,0.0,0.022,300850.812658
1744272,IT,US,POSTT,RENTI,3.91,237659.107,4,4,237659.089,0.0,0.0,0.0,0.018,60782.380307
1776317,IT,TR,PAPER,FABRI,0.92,237609.101,5,5,237607.078,0.0,2.0,0.0,0.023,258270.761957
1687696,IT,HU,AIRTR,RECRE,0.26,237606.93,4,4,237606.923,0.0,0.0,0.0,0.007,913872.807692
1786840,IT,ZA,HOTEL,EDUCA,1.72,237592.562,4,4,237592.544,0.0,0.0,0.0,0.018,138135.210465
1762692,IT,IN,BUSIN,BITUM,2.44,237577.076,4,4,237577.06,0.0,0.0,0.0,0.016,97367.654098
1795109,IT,WL,RUBBE,TEXTI,0.79,237574.336,4,4,237574.314,0.0,0.0,0.0,0.022,300727.007595
1772251,IT,CH,HEAVY,WHOLE,0.38,237574.205,4,4,237574.186,0.0,0.0,0.0,0.019,625195.276316
1653173,IT,CZ,CHEM1,BUSIN,0.5,237524.19,4,4,237524.164,0.0,0.0,0.0,0.026,475048.38
1805480,IT,WF,GLASS,BUSIN,0.65,237513.067,5,5,237512.053,0.0,0.0,1.0,0.014,365404.718462
1658235,IT,DE,LEAD1,RESEA,0.41,237457.812,6,6,237455.792,0.0,1.0,1.0,0.02,579165.395122
1775319,IT,CH,BUSIN,TRAN2,2.44,237446.607,4,4,237446.591,0.0,0.0,0.0,0.016,97314.183197
1674926,IT,FR,BASIC,CERAM,0.27,237438.396,4,4,237438.381,0.0,0.0,0.0,0.015,879401.466667
1666646,IT,ES,CHEM1,FOOD4,0.5,237419.804,4,4,237419.778,0.0,0.0,0.0,0.026,474839.608
1804123,IT,WF,PAPER,WOODW,0.92,237414.397,5,5,237412.374,0.0,2.0,0.0,0.023,258059.127174
1744946,IT,US,BUSIN,COLLE,2.44,237410.372,4,4,237410.356,0.0,0.0,0.0,0.016,97299.332787
1652498,IT,CZ,WEARI,OFFIC,1.79,237401.313,4,4,237401.268,0.0,0.0,0.0,0.045,132626.431844
1786064,IT,ZA,CEMEN,NONME,0.38,237389.594,5,5,237388.583,0.0,0.0,1.0,0.011,624709.457895
1786288,IT,ZA,FABRI,FABRI,0.97,237368.376,4,4,237368.359,0.0,0.0,0.0,0.017,244709.665979
1810866,IT,WM,KEROS,SEACO,0.35,237367.483,4,4,237367.464,0.0,0.0,0.0,0.019,678192.808571
1661958,IT,DK,LIQUE,NUCLE,0.42,237365.174,4,4,237365.155,0.0,0.0,0.0,0.019,565155.17619
1737536,IT,GB,WOODW,HOTEL,0.66,237360.475,5,5,237358.459,0.0,2.0,0.0,0.016,359637.083333
1671094,IT,FI,RUBBE,HEALT,0.79,237351.589,4,4,237351.567,0.0,0.0,0.0,0.022,300445.049367
1772829,IT,CH,BASIC,FORES,0.27,237321.975,4,4,237321.96,0.0,0.0,0.0,0.015,878970.277778
1743741,IT,US,LANDT,FOOD5,1.53,237306.271,4,4,237306.26,0.0,0.0,0.0,0.011,155102.137908
1657901,IT,DE,BASIC,LIQUE,0.27,237301.196,4,4,237301.181,0.0,0.0,0.0,0.015,878893.318519
1653905,IT,CZ,FABRI,LANDT,0.97,237265.753,4,4,237265.736,0.0,0.0,0.0,0.017,244603.869072
1811326,IT,WM,BITU1,SALEM,0.37,237203.183,4,4,237203.164,0.0,0.0,0.0,0.019,641089.683784
1732192,IT,SI,GASDI,FOOD4,0.35,237196.825,4,4,237196.806,0.0,0.0,0.0,0.019,677705.214286
1686971,IT,HU,MACHI,RAILW,1.32,237164.245,4,4,237164.226,0.0,0.0,0.0,0.019,179669.882576
1656666,IT,DE,COKEO,DAIRY,0.03,237153.5,3,3,237153.5,0.0,0.0,0.0,0.0,7905116.666667
1657319,IT,DE,ADDIT,NAPHT,0.55,237092.309,5,5,237090.291,0.0,2.0,0.0,0.018,431076.925455
1811685,IT,WM,CHEM1,INSUR,0.5,237090.141,4,4,237090.115,0.0,0.0,0.0,0.026,474180.282
1782028,IT,NO,RUBBE,RESEA,0.79,237089.675,4,4,237089.654,0.0,0.0,0.0,0.021,300113.512658
1678619,IT,GR,SANDC,CHEMI,0.54,237081.851,5,5,237029.843,0.0,0.0,52.0,0.008,439040.464815
1672853,IT,FR,VEGE1,MEAT4,0.73,237079.648,5,5,237078.596,0.0,1.0,0.0,0.052,324766.641096
1667066,IT,ES,NONME,FABRI,0.48,237049.177,4,4,237049.151,0.0,0.0,0.0,0.026,493852.452083
1738168,IT,GB,GLASS,REALE,0.65,237048.694,5,5,237047.68,0.0,0.0,1.0,0.014,364690.298462
1663054,IT,DK,HOTEL,COMPU,1.72,237042.878,4,4,237042.86,0.0,0.0,0.0,0.018,137815.626744
1738707,IT,GB,MACHI,TRAN1,1.32,237041.598,4,4,237041.579,0.0,0.0,0.0,0.019,179576.968182
1649616,IT,BG,GLASS,GLASS,0.65,237009.707,5,5,237008.693,0.0,0.0,1.0,0.014,364630.318462
1643274,IT,AT,HOTEL,FINAN,1.72,236983.517,4,4,236983.499,0.0,0.0,0.0,0.018,137781.114535
1667453,IT,ES,NONF1,DISTR,0.05,236983.27,3,3,236983.27,0.0,0.0,0.0,0.0,4739665.4
1679482,IT,GR,CHEM1,MACHI,0.5,236945.12,4,4,236945.094,0.0,0.0,0.0,0.026,473890.24
1657717,IT,DE,CEMEN,NFERT,0.38,236937.166,5,5,236936.155,0.0,0.0,1.0,0.011,623518.857895
1725774,IT,RO,PRINT,MOTO1,2.27,236932.681,4,4,236932.663,0.0,0.0,0.0,0.018,104375.630396
1667864,IT,ES,OFFIC,MEMBE,0.73,236915.568,4,4,236915.551,0.0,0.0,0.0,0.017,324541.873973
1808586,IT,WF,PAPE4,PUBLI,1.56,236902.09,5,5,236901.076,0.0,0.0,1.0,0.014,151860.314103
1754035,IT,CA,SEACO,FABRI,0.24,236833.164,4,4,236833.16,0.0,0.0,0.0,0.004,986804.85
1762211,IT,IN,SEACO,OFFIC,0.24,236826.956,4,4,236826.952,0.0,0.0,0.0,0.004,986778.983333
1675274,IT,FR,FABRI,ELEC5,0.96,236800.099,4,4,236800.082,0.0,0.0,0.0,0.017,246666.769792
1657679,IT,DE,CERAM,SUPPO,0.37,236787.817,5,5,236786.804,0.0,0.0,1.0,0.013,639967.072973
1720088,IT,PL,ALUM1,INERT,0.41,236770.002,4,4,236769.983,0.0,0.0,0.0,0.019,577487.809756
1719314,IT,PL,CHEM1,COMPU,0.49,236756.382,4,4,236756.356,0.0,0.0,0.0,0.026,483176.289796
1748693,IT,CN,FOOD5,PAPER,1.14,236743.873,5,5,236742.852,0.0,1.0,0.0,0.021,207670.064035
1722911,IT,PT,KEROS,OFFIC,0.35,236719.746,4,4,236719.727,0.0,0.0,0.0,0.019,676342.131429
1662226,IT,DK,GLASS,MACHI,0.65,236697.16,5,5,236696.146,0.0,0.0,1.0,0.014,364149.476923
1800679,IT,WE,CERAM,BUSIN,0.37,236692.542,5,5,236691.529,0.0,0.0,1.0,0.013,639709.572973
1650294,IT,BG,ELEC1,POSTT,0.03,236688.626,4,4,236688.611,0.0,0.0,0.0,0.015,7889620.866667
1683042,IT,HR,CHEM1,BUSIN,0.49,236684.586,4,4,236684.56,0.0,0.0,0.0,0.026,483029.767347
1723202,IT,PT,RUBBE,TRANS,0.78,236678.365,4,4,236678.344,0.0,0.0,0.0,0.021,303433.801282
1737641,IT,GB,PAPER,REALE,0.92,236665.961,5,5,236663.938,0.0,2.0,0.0,0.023,257245.609783
1812030,IT,WM,GLASS,RECRE,0.65,236661.242,5,5,236660.228,0.0,0.0,1.0,0.014,364094.218462
1689367,IT,IE,RETA1,RETA1,2.47,236661.011,4,4,236660.996,0.0,0.0,0.0,0.015,95814.174494
1657460,IT,DE,RUBBE,TRAN1,0.78,236651.89,4,4,236651.869,0.0,0.0,0.0,0.021,303399.858974
1715207,IT,NL,WOODW,MACHI,0.66,236641.486,5,5,236639.47,0.0,2.0,0.0,0.016,358547.706061
1805710,IT,WF,BASIC,PRINT,0.27,236630.094,4,4,236630.079,0.0,0.0,0.0,0.015,876407.755556
1804758,IT,WF,NAPHT,MEATC,0.4,236629.558,4,4,236629.541,0.0,0.0,0.0,0.017,591573.895
1684252,IT,HR,SEACO,WHOLE,0.24,236625.793,4,4,236625.789,0.0,0.0,0.0,0.004,985940.804167
1679741,IT,GR,BASIC,RUBBE,0.27,236603.895,4,4,236603.88,0.0,0.0,0.0,0.015,876310.722222
1768610,IT,AU,BEVER,PUBLI,1.01,236598.498,5,5,236597.483,0.0,1.0,0.0,0.015,234255.938614
1681190,IT,GR,POSTT,HOTEL,3.9,236587.22,4,4,236587.202,0.0,0.0,0.0,0.018,60663.389744
1749955,IT,CN,CERAM,TEXTI,0.37,236518.793,5,5,236517.78,0.0,0.0,1.0,0.013,639239.981081
1813192,IT,WM,MOTO1,INSUR,1.26,236504.877,4,4,236504.862,0.0,0.0,0.0,0.015,187702.283333
1782091,IT,NO,GLASS,REALE,0.65,236504.122,5,5,236503.108,0.0,0.0,1.0,0.014,363852.495385
1673349,IT,FR,TEXTI,AIRTR,1.4,236498.285,4,4,236498.254,0.0,0.0,0.0,0.031,168927.346429
1733810,IT,SI,LANDT,BUSIN,1.53,236458.057,4,4,236458.046,0.0,0.0,0.0,0.011,154547.749673
1643861,IT,AT,AUXIL,AUXIL,4.32,236455.375,4,4,236455.363,0.0,0.0,0.0,0.012,54735.040509
1688780,IT,IE,RUBBE,RETA1,0.78,236440.142,4,4,236440.121,0.0,0.0,0.0,0.021,303128.387179
1746965,IT,JP,MOTO1,HOTEL,1.26,236411.769,4,4,236411.754,0.0,0.0,0.0,0.015,187628.388095
1801196,IT,WE,FABRI,PLAST,0.96,236388.949,4,4,236388.932,0.0,0.0,0.0,0.017,246238.488542
1782399,IT,NO,FABRI,PUBLI,0.96,236386.288,4,4,236386.271,0.0,0.0,0.0,0.017,246235.716667
1753091,IT,CA,RUBBE,BEVER,0.78,236342.838,4,4,236342.817,0.0,0.0,0.0,0.021,303003.638462
1747140,IT,JP,CONST,PAPER,1.32,236315.489,5,5,236314.476,0.0,0.0,1.0,0.013,179026.885606
1813762,IT,WM,HOTEL,DISTR,1.71,236308.93,4,4,236308.912,0.0,0.0,0.0,0.018,138192.356725
1752989,IT,CA,CHEM1,PULP5,0.49,236285.792,4,4,236285.766,0.0,0.0,0.0,0.026,482215.902041
1780382,IT,TW,AIRTR,RAILW,0.26,236269.37,4,4,236269.363,0.0,0.0,0.0,0.007,908728.346154
1767995,IT,RU,COMPU,COMPU,2.7,236256.739,4,4,236256.724,0.0,0.0,0.0,0.015,87502.495926
1782014,IT,NO,RUBBE,RETAI,0.78,236248.531,4,4,236248.51,0.0,0.0,0.0,0.021,302882.732051
1725401,IT,RO,TEXTI,TRANS,1.4,236235.845,4,4,236235.814,0.0,0.0,0.0,0.031,168739.889286
1764081,IT,MX,FABRI,FOOD5,0.96,236181.43,4,4,236181.413,0.0,0.0,0.0,0.017,246022.322917
1756722,IT,KR,SEACO,POSTT,0.24,236157.78,4,4,236157.776,0.0,0.0,0.0,0.004,983990.75
1799494,IT,WE,PAPER,SALEM,0.92,236136.765,5,5,236134.742,0.0,2.0,0.0,0.023,256670.396739
1758343,IT,BR,NONF1,ELECT,0.05,236130.759,3,3,236130.759,0.0,0.0,0.0,0.0,4722615.18
1658352,IT,DE,NONF1,ELEC1,0.05,236102.598,3,3,236102.598,0.0,0.0,0.0,0.0,4722051.96
1796102,IT,WL,TRANS,PREC1,1.41,236089.336,4,4,236089.323,0.0,0.0,0.0,0.013,167439.24539
1657086,IT,DE,NONSP,ELEC6,0.31,236080.346,4,4,236080.333,0.0,0.0,0.0,0.013,761549.503226
1812706,IT,WM,COPP1,HEALT,0.6,236053.913,5,5,236052.901,0.0,0.0,1.0,0.012,393423.188333
1713617,IT,MT,BASIC,BUSIN,0.27,236047.418,4,4,236047.403,0.0,0.0,0.0,0.015,874249.696296
1751364,IT,CN,SEACO,FORES,0.24,236012.801,4,4,236012.797,0.0,0.0,0.0,0.004,983386.670833
1781413,IT,NO,FOOD5,DAIRY,1.13,235959.347,5,5,235958.326,0.0,1.0,0.0,0.021,208813.581416
1684259,IT,HR,SEACO,SUPPO,0.24,235957.908,4,4,235957.904,0.0,0.0,0.0,0.004,983157.95
1738222,IT,GB,BRICK,CONST,0.35,235950.848,5,5,235949.833,0.0,0.0,1.0,0.015,674145.28
1643936,IT,AT,COMPU,PRINT,2.69,235950.093,4,4,235950.078,0.0,0.0,0.0,0.015,87713.789219
1675090,IT,FR,ALUM1,FOOD2,0.41,235925.724,4,4,235925.705,0.0,0.0,0.0,0.019,575428.595122
1657309,IT,DE,CHEM1,MEMBE,0.49,235893.852,4,4,235893.826,0.0,0.0,0.0,0.026,481416.02449
1809936,IT,WM,BEVER,RECRE,1.0,235892.354,5,5,235891.339,0.0,1.0,0.0,0.015,235892.354
1727106,IT,RO,LANDT,WEARI,1.52,235855.973,4,4,235855.962,0.0,0.0,0.0,0.011,155168.403289
1734639,IT,SK,TEXTI,TRANS,1.4,235853.475,4,4,235853.444,0.0,0.0,0.0,0.031,168466.767857
1749764,IT,CN,ADDIT,RUBBE,0.55,235842.006,5,5,235839.988,0.0,2.0,0.0,0.018,428803.647273
1655159,IT,CZ,BUSIN,OFFIC,2.42,235801.5,4,4,235801.484,0.0,0.0,0.0,0.016,97438.636364
1798264,IT,WE,OILSE,VEGE1,0.17,235801.476,5,5,235799.465,0.0,2.0,0.0,0.011,1387067.505882
1725484,IT,RO,WEARI,SALEM,1.78,235779.676,4,4,235779.631,0.0,0.0,0.0,0.045,132460.492135
1685473,IT,HU,PULP5,WOODW,0.72,235779.299,5,5,235778.277,0.0,1.0,0.0,0.022,327471.248611
1757477,IT,BR,PAPER,FURNI,0.91,235742.674,5,5,235740.651,0.0,2.0,0.0,0.023,259057.883516
1785155,IT,ZA,FOOD5,RAWMI,1.13,235687.182,5,5,235686.161,0.0,1.0,0.0,0.021,208572.727434
1749843,IT,CN,RUBBE,CEMEN,0.78,235648.96,4,4,235648.939,0.0,0.0,0.0,0.021,302114.051282
1719877,IT,PL,BASIC,TEXT2,0.27,235569.341,4,4,235569.326,0.0,0.0,0.0,0.015,872479.040741
1718440,IT,PL,TOBAC,RESEA,0.93,235567.4,5,5,235566.385,0.0,1.0,0.0,0.015,253298.27957
1766752,IT,RU,MACHI,VEGE1,1.31,235563.512,4,4,235563.493,0.0,0.0,0.0,0.019,179819.474809
1809460,IT,WM,CHEMI,FINAN,0.56,235540.389,6,6,235527.367,0.0,1.0,12.0,0.022,420607.8375
1766640,IT,RU,FABRI,CHEM1,0.96,235530.623,4,4,235530.606,0.0,0.0,0.0,0.017,245344.398958
1764144,IT,MX,FABRI,LANDT,0.96,235520.788,4,4,235520.771,0.0,0.0,0.0,0.017,245334.154167
1684583,IT,HR,BUSIN,BUSIN,2.42,235507.311,4,4,235507.295,0.0,0.0,0.0,0.016,97317.070661
1799870,IT,WE,GASDI,COPP1,0.35,235488.575,4,4,235488.556,0.0,0.0,0.0,0.019,672824.5
1759725,IT,BR,BUSIN,BEVER,2.42,235472.14,4,4,235472.124,0.0,0.0,0.0,0.016,97302.53719
1753250,IT,CA,CERAM,BUSIN,0.37,235471.616,5,5,235470.603,0.0,0.0,1.0,0.013,636409.772973
1664384,IT,EE,MACHI,FORES,1.31,235470.9,4,4,235470.881,0.0,0.0,0.0,0.019,179748.778626
1715475,IT,NL,KEROS,OFFIC,0.35,235465.716,4,4,235465.697,0.0,0.0,0.0,0.019,672759.188571
1715406,IT,NL,COKEO,WEARI,0.03,235449.821,3,3,235449.821,0.0,0.0,0.0,0.0,7848327.366667
1657578,IT,DE,GLASS,ELECT,0.65,235434.18,5,5,235433.167,0.0,0.0,1.0,0.013,362206.430769
1738926,IT,GB,FURNI,AIRTR,0.75,235400.435,6,6,235398.415,0.0,1.0,1.0,0.02,313867.246667
1719899,IT,PL,PREC1,WOODW,0.4,235373.98,4,4,235373.969,0.0,0.0,0.0,0.011,588434.95
1641402,IT,AT,GASDI,CEREA,0.35,235321.423,4,4,235321.404,0.0,0.0,0.0,0.019,672346.922857
1810543,IT,WM,PAPER,FABRI,0.91,235307.671,5,5,235305.648,0.0,2.0,0.0,0.023,258579.858242
1770031,IT,AU,FURNI,HEALT,0.75,235305.378,6,6,235303.358,0.0,1.0,1.0,0.02,313740.504
1721278,IT,PL,LANDT,DISTR,1.52,235303.459,4,4,235303.448,0.0,0.0,0.0,0.011,154804.907237
1658970,IT,DE,ELEC1,RUBBE,0.03,235290.453,4,4,235290.438,0.0,0.0,0.0,0.015,7843015.1
1803862,IT,WF,TEXTI,FINAN,1.39,235284.804,4,4,235284.773,0.0,0.0,0.0,0.031,169269.643165
1746874,IT,JP,MACHI,93197,1.31,235256.475,4,4,235256.456,0.0,0.0,0.0,0.019,179585.09542
1730940,IT,SE,INTER,RENTI,1.41,235254.144,5,5,235253.129,0.0,0.0,1.0,0.015,166846.910638
1686335,IT,HU,NONME,FABRI,0.48,235240.42,4,4,235240.394,0.0,0.0,0.0,0.026,490084.208333
1655680,IT,DE,CHEMI,PREC1,0.56,235237.983,6,6,235224.961,0.0,1.0,12.0,0.022,420067.826786
1656727,IT,DE,MOTOR,CONST,0.35,235237.391,4,4,235237.372,0.0,0.0,0.0,0.019,672106.831429
1763864,IT,MX,NONME,MACHI,0.48,235207.019,4,4,235206.993,0.0,0.0,0.0,0.026,490014.622917
1805981,IT,WF,COPP1,SUGA1,0.59,235184.214,5,5,235183.202,0.0,0.0,1.0,0.012,398617.311864
1746409,IT,JP,RUBBE,WHOLE,0.78,235174.856,4,4,235174.835,0.0,0.0,0.0,0.021,301506.225641
1709969,IT,LT,BASIC,INERT,0.27,235168.61,4,4,235168.595,0.0,0.0,0.0,0.015,870994.851852
1745727,IT,JP,WEARI,COKEO,1.77,235167.28,4,4,235167.235,0.0,0.0,0.0,0.045,132862.870056
1666220,IT,ES,HEAVY,BITU1,0.38,235138.984,4,4,235138.965,0.0,0.0,0.0,0.019,618786.8
1761675,IT,IN,FABRI,DIST1,0.96,235134.909,4,4,235134.892,0.0,0.0,0.0,0.017,244932.196875
1814042,IT,WM,SEACO,BUSIN,0.24,235073.348,4,4,235073.344,0.0,0.0,0.0,0.004,979472.283333
1689032,IT,IE,OFFIC,TRANS,0.73,235057.729,4,4,235057.712,0.0,0.0,0.0,0.017,321996.889041
1739382,IT,GB,RAILW,SUPPO,1.57,235032.471,5,5,235030.46,0.0,0.0,2.0,0.011,149702.210828
1712312,IT,LV,RUBBE,DAIRY,0.78,234988.001,4,4,234987.98,0.0,0.0,0.0,0.021,301266.667949
1720294,IT,PL,FABRI,CHEM1,0.96,234924.452,4,4,234924.435,0.0,0.0,0.0,0.017,244712.970833
1650259,IT,BG,ELEC1,BEVER,0.03,234898.292,4,4,234898.277,0.0,0.0,0.0,0.015,7829943.066667
1774411,IT,CH,RAILW,CHEM1,1.57,234890.929,5,5,234888.918,0.0,0.0,2.0,0.011,149612.056688
1666580,IT,ES,CHEM1,CHEM1,0.49,234874.097,4,4,234874.071,0.0,0.0,0.0,0.026,479334.891837
1813350,IT,WM,FURNI,TEXTI,0.75,234861.03,6,6,234859.01,0.0,1.0,1.0,0.02,313148.04
1802944,IT,WF,WHEAT,BITUM,0.18,234855.971,5,5,234853.965,0.0,2.0,0.0,0.006,1304755.394444
1732128,IT,SI,GASDI,FOOD5,0.35,234846.878,4,4,234846.859,0.0,0.0,0.0,0.019,670991.08
1672620,IT,FR,FISHF,CONST,0.4,234843.203,4,4,234843.195,0.0,0.0,0.0,0.008,587108.0075
1652230,IT,CZ,FOOD5,MEAT1,1.13,234838.92,5,5,234837.899,0.0,1.0,0.0,0.021,207822.053097
1777955,IT,TR,MACHI,RADIO,1.31,234772.814,4,4,234772.795,0.0,0.0,0.0,0.019,179215.88855
1771981,IT,CH,PAPER,RENTI,0.91,234765.816,5,5,234763.793,0.0,2.0,0.0,0.023,257984.413187
1724951,IT,PT,BUSIN,RECRE,2.41,234750.314,4,4,234750.298,0.0,0.0,0.0,0.016,97406.769295
1738526,IT,GB,NONF1,LANDT,0.05,234730.482,3,3,234730.482,0.0,0.0,0.0,0.0,4694609.64
1803596,IT,WF,FOOD5,POULT,1.13,234716.968,5,5,234715.947,0.0,1.0,0.0,0.021,207714.130973
1678575,IT,GR,CATTL,MEATC,0.51,234716.812,5,5,234711.796,0.0,5.0,0.0,0.016,460229.043137
1771839,IT,CH,WOODW,MACHI,0.66,234709.018,5,5,234708.002,0.0,1.0,0.0,0.016,355619.724242
1780183,IT,TW,HOTEL,COMPU,1.7,234708.314,4,4,234708.296,0.0,0.0,0.0,0.018,138063.714118
1650513,IT,BG,ELEC6,FABRI,0.03,234705.363,4,4,234705.325,0.0,0.0,0.0,0.038,7823512.1
1684253,IT,HR,SEACO,RETA1,0.24,234700.396,4,4,234700.392,0.0,0.0,0.0,0.004,977918.316667
1714056,IT,MT,HOTEL,COMPU,1.7,234686.357,4,4,234686.339,0.0,0.0,0.0,0.018,138050.798235
1786043,IT,ZA,CERAM,WHOLE,0.37,234683.031,5,5,234682.018,0.0,0.0,1.0,0.013,634278.462162
1741742,IT,US,BITU1,MOTOR,0.37,234678.38,4,4,234678.361,0.0,0.0,0.0,0.019,634265.891892
1745019,IT,US,PUBLI,PRINT,3.84,234677.206,4,4,234677.19,0.0,0.0,0.0,0.016,61113.855729
1777528,IT,TR,BASIC,HOTEL,0.27,234676.926,4,4,234676.911,0.0,0.0,0.0,0.015,869173.8
1720724,IT,PL,TRANS,COPPE,1.4,234666.505,4,4,234666.492,0.0,0.0,0.0,0.013,167618.932143
1809844,IT,WM,FOOD5,BUSIN,1.13,234622.308,5,5,234621.287,0.0,1.0,0.0,0.021,207630.361062
1663048,IT,DK,HOTEL,POSTT,1.7,234601.074,4,4,234601.056,0.0,0.0,0.0,0.018,138000.631765
1812572,IT,WM,ALUM1,PUBLI,0.41,234553.677,4,4,234553.658,0.0,0.0,0.0,0.019,572082.139024
1688676,IT,IE,CHEM1,PAPER,0.49,234548.705,4,4,234548.679,0.0,0.0,0.0,0.026,478670.826531
1791471,IT,WA,WHOLE,RETA1,2.03,234539.384,4,4,234539.37,0.0,0.0,0.0,0.014,115536.642365
1714859,IT,NL,FOOD5,HEALT,1.13,234537.209,5,5,234536.188,0.0,1.0,0.0,0.021,207555.052212
1645394,IT,BE,HEAVY,CONST,0.38,234506.433,4,4,234506.414,0.0,0.0,0.0,0.019,617122.192105
1641413,IT,AT,GASDI,FORES,0.35,234491.46,4,4,234491.441,0.0,0.0,0.0,0.019,669975.6
1663264,IT,DK,SEACO,OFFIC,0.24,234482.542,4,4,234482.538,0.0,0.0,0.0,0.004,977010.591667
1777978,IT,TR,MACHI,RAILW,1.31,234461.163,4,4,234461.144,0.0,0.0,0.0,0.019,178977.987023
1801316,IT,WE,MACHI,KEROS,1.31,234431.933,4,4,234431.914,0.0,0.0,0.0,0.019,178955.674046
1653159,IT,CZ,CHEM1,COLLE,0.49,234397.633,4,4,234397.607,0.0,0.0,0.0,0.026,478362.516327
1743671,IT,US,HOTEL,INTER,1.7,234387.837,4,4,234387.819,0.0,0.0,0.0,0.018,137875.198235
1804912,IT,WF,BITU1,WHOLE,0.37,234386.733,4,4,234386.714,0.0,0.0,0.0,0.019,633477.656757
1800813,IT,WE,BASIC,KEROS,0.27,234372.326,4,4,234372.311,0.0,0.0,0.0,0.015,868045.651852
1656818,IT,DE,GASDI,SALEM,0.35,234356.976,4,4,234356.957,0.0,0.0,0.0,0.019,669591.36
1645007,IT,BE,PULP5,WOODW,0.71,234347.083,5,5,234346.061,0.0,1.0,0.0,0.022,330066.314085
1710507,IT,LT,AIRTR,AIRTR,0.26,234342.04,4,4,234342.033,0.0,0.0,0.0,0.007,901315.538462
1759739,IT,BR,BUSIN,GASDI,2.41,234307.691,4,4,234307.675,0.0,0.0,0.0,0.016,97223.108299
1779018,IT,TR,AIRTR,FABRI,0.26,234273.688,4,4,234273.681,0.0,0.0,0.0,0.007,901052.646154
1787483,IT,WA,SANDC,NONF1,0.54,234272.913,5,5,234221.905,0.0,0.0,51.0,0.008,433838.727778
1679998,IT,GR,FABRI,RECRE,0.95,234202.776,4,4,234202.759,0.0,0.0,0.0,0.017,246529.237895
1813144,IT,WM,MOTO1,PFERT,1.25,234147.662,4,4,234147.647,0.0,0.0,0.0,0.015,187318.1296
1681136,IT,GR,SUPPO,PAPE4,1.68,234135.256,4,4,234135.244,0.0,0.0,0.0,0.012,139366.22381
1795700,IT,WL,FABRI,FINAN,0.95,234131.502,4,4,234131.485,0.0,0.0,0.0,0.017,246454.212632
1792778,IT,WA,BUSIN,AUXIL,2.4,234070.618,4,4,234070.602,0.0,0.0,0.0,0.016,97529.424167
1809153,IT,WM,CROPS,HEALT,1.85,234058.275,4,4,234058.262,0.0,0.0,0.0,0.013,126517.986486
1799996,IT,WE,HEAVY,LEAD1,0.38,234057.231,4,4,234057.212,0.0,0.0,0.0,0.019,615940.081579
1732533,IT,SI,RUBBE,MACHI,0.78,234049.797,4,4,234049.776,0.0,0.0,0.0,0.021,300063.842308
1801740,IT,WE,ELEC2,TEXTI,0.06,234014.386,4,4,234014.362,0.0,0.0,0.0,0.024,3900239.766667
1682357,IT,HR,WOODW,WHOLE,0.65,233946.617,5,5,233945.601,0.0,1.0,0.0,0.016,359917.872308
1729927,IT,SE,FURNI,WHOLE,0.75,233937.824,6,6,233935.804,0.0,1.0,1.0,0.02,311917.098667
1663037,IT,DK,HOTEL,CONST,1.7,233919.366,4,4,233919.348,0.0,0.0,0.0,0.018,137599.627059
1653787,IT,CZ,COPP1,BUSIN,0.59,233918.97,5,5,233917.958,0.0,0.0,1.0,0.012,396472.830508
1776162,IT,TR,LEATH,WHOLE,1.68,233912.513,5,5,233910.473,0.0,2.0,0.0,0.04,139233.63869
1796108,IT,WL,TRANS,FABRI,1.4,233893.813,4,4,233893.8,0.0,0.0,0.0,0.013,167067.009286
1648234,IT,BE,BUSIN,HOTEL,2.4,233877.706,4,4,233877.69,0.0,0.0,0.0,0.016,97449.044167
1798650,IT,WE,MEAT4,PUBLI,1.29,233846.149,5,5,233845.133,0.0,1.0,0.0,0.016,181276.084496
1687684,IT,HU,AIRTR,COMPU,0.25,233812.074,4,4,233812.067,0.0,0.0,0.0,0.007,935248.296
1715818,IT,NL,RUBBE,PRINT,0.77,233799.815,4,4,233799.794,0.0,0.0,0.0,0.021,303636.123377
1726483,IT,RO,FABRI,RAILW,0.95,233790.291,4,4,233790.274,0.0,0.0,0.0,0.017,246095.043158
1748832,IT,CN,TEXTI,WHOLE,1.39,233789.725,4,4,233789.694,0.0,0.0,0.0,0.031,168194.046763
1741961,IT,US,CHEM1,RENTI,0.49,233758.172,4,4,233758.146,0.0,0.0,0.0,0.026,477057.493878
1710446,IT,LT,LANDT,GASDI,1.51,233750.053,4,4,233750.042,0.0,0.0,0.0,0.011,154801.359603
1652772,IT,CZ,PAPER,HEALT,0.91,233738.489,5,5,233736.466,0.0,2.0,0.0,0.023,256855.482418
1810664,IT,WM,MOTOR,MEATC,0.35,233733.228,4,4,233733.209,0.0,0.0,0.0,0.019,667809.222857
1758557,IT,BR,MACHI,MEMBE,1.3,233713.503,4,4,233713.484,0.0,0.0,0.0,0.019,179779.617692
1671059,IT,FI,RUBBE,FABRI,0.77,233711.294,4,4,233711.273,0.0,0.0,0.0,0.021,303521.161039
1779232,IT,TR,POSTT,PUBLI,3.85,233706.928,4,4,233706.91,0.0,0.0,0.0,0.018,60703.098182
1685827,IT,HU,CHEM1,PIGS9,0.49,233649.115,4,4,233649.089,0.0,0.0,0.0,0.026,476834.928571
1772853,IT,CH,BASIC,HEAVY,0.27,233622.32,4,4,233622.305,0.0,0.0,0.0,0.015,865267.851852
1670999,IT,FI,CHEM1,INERT,0.49,233620.06,4,4,233620.034,0.0,0.0,0.0,0.026,476775.632653
1747449,IT,JP,SEACO,BEVER,0.24,233614.66,4,4,233614.656,0.0,0.0,0.0,0.004,973394.416667
1650080,IT,BG,MACHI,SUPPO,1.3,233607.053,4,4,233607.034,0.0,0.0,0.0,0.019,179697.733077
1657916,IT,DE,BASIC,BIOGA,0.27,233600.821,4,4,233600.806,0.0,0.0,0.0,0.015,865188.225926
1801413,IT,WE,OFFIC,EDUCA,0.72,233590.432,4,4,233590.415,0.0,0.0,0.0,0.017,324431.155556
1679016,IT,GR,WOODW,DAIRY,0.65,233521.815,5,5,233520.799,0.0,1.0,0.0,0.016,359264.330769
1658010,IT,DE,PREC1,HEAVY,0.4,233486.216,4,4,233486.205,0.0,0.0,0.0,0.011,583715.54
1768942,IT,AU,PAPER,BEVER,0.9,233476.905,5,5,233474.882,0.0,2.0,0.0,0.023,259418.783333
1656868,IT,DE,HEAVY,CHEM1,0.38,233464.739,4,4,233464.72,0.0,0.0,0.0,0.019,614380.892105
1719442,IT,PL,RUBBE,HOTEL,0.77,233464.56,4,4,233464.539,0.0,0.0,0.0,0.021,303200.727273
1813975,IT,WM,SEACO,FISH5,0.24,233453.306,4,4,233453.302,0.0,0.0,0.0,0.004,972722.108333
1801522,IT,WE,MOTO1,AIRTR,1.24,233451.522,4,4,233451.507,0.0,0.0,0.0,0.015,188267.356452
1738454,IT,GB,LEAD1,LEAD1,0.41,233444.885,6,6,233442.865,0.0,1.0,1.0,0.02,569377.768293
1657903,IT,DE,BASIC,NAPHT,0.27,233443.465,4,4,233443.45,0.0,0.0,0.0,0.015,864605.425926
1761138,IT,IN,CHEM1,PFERT,0.49,233442.394,4,4,233442.369,0.0,0.0,0.0,0.025,476413.04898
1752840,IT,CA,PAPER,BUSIN,0.9,233437.232,5,5,233435.209,0.0,2.0,0.0,0.023,259374.702222
1672583,IT,FR,CROPS,FOOD5,1.85,233429.877,4,4,233429.864,0.0,0.0,0.0,0.013,126178.311892
1745682,IT,JP,TEXTI,RESEA,1.38,233427.335,4,4,233427.304,0.0,0.0,0.0,0.031,169150.242754
1776634,IT,TR,GASDI,HOTEL,0.35,233422.639,4,4,233422.62,0.0,0.0,0.0,0.019,666921.825714
1659823,IT,DE,LANDT,NONME,1.51,233405.437,4,4,233405.426,0.0,0.0,0.0,0.011,154573.137086
1754546,IT,CA,BUSIN,SUPPO,2.4,233390.693,4,4,233390.677,0.0,0.0,0.0,0.016,97246.122083
1733214,IT,SI,MACHI,BASIC,1.3,233381.723,4,4,233381.704,0.0,0.0,0.0,0.019,179524.402308
1766526,IT,RU,COPP1,GASDI,0.59,233338.657,5,5,233337.645,0.0,0.0,1.0,0.012,395489.249153
1757644,IT,BR,HEAVY,DAIRY,0.38,233332.725,4,4,233332.706,0.0,0.0,0.0,0.019,614033.486842
1748856,IT,CN,WEARI,VEGET,1.76,233301.444,4,4,233301.4,0.0,0.0,0.0,0.044,132557.638636
1777644,IT,TR,ALUM1,RESEA,0.41,233296.537,4,4,233296.518,0.0,0.0,0.0,0.019,569015.943902
1728079,IT,SE,MEAT4,BEVER,1.28,233295.156,5,5,233294.14,0.0,1.0,0.0,0.016,182261.840625
1754502,IT,CA,BUSIN,PFERT,2.4,233284.461,4,4,233284.445,0.0,0.0,0.0,0.016,97201.85875
1646258,IT,BE,LEAD1,WHOLE,0.41,233271.499,6,6,233269.479,0.0,1.0,1.0,0.02,568954.87561
1810923,IT,WM,GASDI,NATU1,0.35,233266.881,4,4,233266.862,0.0,0.0,0.0,0.019,666476.802857
1661032,IT,DE,BUSIN,OILHA,2.4,233244.575,4,4,233244.559,0.0,0.0,0.0,0.016,97185.239583
1794948,IT,WL,CHEM1,CHARC,0.49,233230.418,4,4,233230.393,0.0,0.0,0.0,0.025,475980.444898
1794138,IT,WL,PAPER,COMPU,0.9,233227.809,5,5,233225.786,0.0,2.0,0.0,0.023,259142.01
1657369,IT,DE,RUBBE,CEREA,0.77,233217.77,4,4,233217.749,0.0,0.0,0.0,0.021,302880.220779
1757277,IT,BR,PROCE,SUGA1,1.58,233216.049,5,5,233215.035,0.0,1.0,0.0,0.014,147605.094304
1666944,IT,ES,CERAM,CEMEN,0.36,233213.263,5,5,233212.25,0.0,0.0,1.0,0.013,647814.619444
1768492,IT,AU,FOOD5,FISHF,1.12,233210.352,5,5,233209.331,0.0,1.0,0.0,0.021,208223.528571
1776697,IT,TR,HEAVY,FURNI,0.38,233205.899,4,4,233205.88,0.0,0.0,0.0,0.019,613699.734211
1778965,IT,TR,SEACO,RENTI,0.24,233195.246,4,4,233195.242,0.0,0.0,0.0,0.004,971646.858333
1790055,IT,WA,BASIC,CROPS,0.27,233191.681,4,4,233191.666,0.0,0.0,0.0,0.015,863672.892593
1800971,IT,WE,ALUM1,CHEM1,0.41,233187.462,4,4,233187.443,0.0,0.0,0.0,0.019,568749.907317
1757551,IT,BR,MOTOR,LUBRI,0.35,233181.056,4,4,233181.037,0.0,0.0,0.0,0.019,666231.588571
1721472,IT,PL,AIRTR,BUSIN,0.25,233175.035,4,4,233175.028,0.0,0.0,0.0,0.007,932700.14
1752142,IT,CN,BUSIN,HOTEL,2.39,233155.032,4,4,233155.016,0.0,0.0,0.0,0.016,97554.406695
1782906,IT,NO,SEACO,RETA1,0.24,233131.046,4,4,233131.042,0.0,0.0,0.0,0.004,971379.358333
1773661,IT,CH,FURNI,WOODW,0.74,233123.824,6,6,233121.804,0.0,1.0,1.0,0.02,315032.194595
1732056,IT,SI,KEROS,RESEA,0.35,233106.512,4,4,233106.493,0.0,0.0,0.0,0.019,666018.605714
1667767,IT,ES,OFFIC,TEXTI,0.72,233069.184,4,4,233069.167,0.0,0.0,0.0,0.017,323707.2
1746511,IT,JP,CERAM,HEALT,0.36,233068.624,5,5,233067.611,0.0,0.0,1.0,0.013,647412.844444
1805268,IT,WF,CHEM1,RECRE,0.49,233033.454,4,4,233033.429,0.0,0.0,0.0,0.025,475578.477551
1723822,IT,PT,MOTO1,MACHI,1.24,233032.141,4,4,233032.126,0.0,0.0,0.0,0.015,187929.145968
1744943,IT,US,BUSIN,DISTR,2.39,233021.367,4,4,233021.351,0.0,0.0,0.0,0.016,97498.479916
1685024,IT,HU,DAIRY,SANDC,0.95,233010.399,5,5,233008.383,0.0,2.0,0.0,0.016,245274.104211
1725252,IT,RO,FOOD5,HOTEL,1.12,232999.35,5,5,232998.329,0.0,1.0,0.0,0.021,208035.133929
1784677,IT,ID,MOTO1,TRANS,1.24,232970.71,4,4,232970.695,0.0,0.0,0.0,0.015,187879.604839
1641138,IT,AT,PAPER,EDUCA,0.9,232950.301,5,5,232948.278,0.0,2.0,0.0,0.023,258833.667778
1735760,IT,SK,MACHI,FORES,1.3,232926.448,4,4,232926.429,0.0,0.0,0.0,0.019,179174.190769
1661438,IT,DK,DAIRY,FOOD5,0.95,232913.755,5,5,232911.739,0.0,2.0,0.0,0.016,245172.373684
1772611,IT,CH,GLASS,DAIRY,0.64,232877.419,5,5,232876.406,0.0,0.0,1.0,0.013,363870.967188
1813771,IT,WM,HOTEL,LANDT,1.69,232821.549,4,4,232821.531,0.0,0.0,0.0,0.018,137764.230178
1788186,IT,WA,WEARI,FINAN,1.75,232814.574,4,4,232814.53,0.0,0.0,0.0,0.044,133036.899429
1742886,IT,US,MACHI,MOTOR,1.3,232797.541,4,4,232797.522,0.0,0.0,0.0,0.019,179075.031538
1659526,IT,DE,RETA1,RETA1,2.43,232758.624,4,4,232758.609,0.0,0.0,0.0,0.015,95785.441975
1739440,IT,GB,LANDT,FISH5,1.5,232742.729,4,4,232742.718,0.0,0.0,0.0,0.011,155161.819333
1790902,IT,WA,OFFIC,PRINT,0.72,232721.687,4,4,232721.67,0.0,0.0,0.0,0.017,323224.565278
1778214,IT,TR,FURNI,MOTO1,0.74,232707.143,6,6,232705.123,0.0,1.0,1.0,0.02,314469.112162
1655586,IT,DE,SANDC,GLASS,0.53,232665.408,5,5,232614.4,0.0,0.0,51.0,0.008,438991.335849
1742539,IT,US,BASIC,MEMBE,0.27,232655.261,4,4,232655.246,0.0,0.0,0.0,0.015,861686.151852
1643209,IT,AT,HOTEL,MOTOR,1.69,232647.1,4,4,232647.082,0.0,0.0,0.0,0.018,137661.005917
1662321,IT,DK,BASIC,CROPS,0.27,232603.964,4,4,232603.949,0.0,0.0,0.0,0.015,861496.162963
1791199,IT,WA,FURNI,PLAST,0.74,232575.069,6,6,232573.049,0.0,1.0,1.0,0.02,314290.633784
1643594,IT,AT,AIRTR,FOOD5,0.25,232559.587,4,4,232559.58,0.0,0.0,0.0,0.007,930238.348
1801341,IT,WE,MACHI,PREC1,1.3,232495.141,4,4,232495.122,0.0,0.0,0.0,0.019,178842.416154
1658157,IT,DE,ALUM1,ELEC5,0.4,232494.703,4,4,232494.684,0.0,0.0,0.0,0.019,581236.7575
1726388,IT,RO,NONF1,NONF1,0.05,232483.944,3,3,232483.944,0.0,0.0,0.0,0.0,4649678.88
1658142,IT,DE,ALUM1,NONF1,0.4,232476.34,4,4,232476.321,0.0,0.0,0.0,0.019,581190.85
1687419,IT,HU,HOTEL,RESEA,1.68,232474.371,4,4,232474.353,0.0,0.0,0.0,0.018,138377.601786
1753088,IT,CA,RUBBE,DAIRY,0.77,232444.732,4,4,232444.711,0.0,0.0,0.0,0.021,301876.275325
1645266,IT,BE,MOTOR,HEAVY,0.35,232441.124,4,4,232441.105,0.0,0.0,0.0,0.019,664117.497143
1743792,IT,US,LANDT,FURNI,1.5,232433.369,4,4,232433.358,0.0,0.0,0.0,0.011,154955.579333
1744981,IT,US,BUSIN,FOOD3,2.39,232389.518,4,4,232389.502,0.0,0.0,0.0,0.016,97234.10795
1733745,IT,SI,LANDT,FOOD5,1.5,232388.411,4,4,232388.4,0.0,0.0,0.0,0.011,154925.607333
1667171,IT,ES,BASIC,SALEM,0.27,232385.929,4,4,232385.914,0.0,0.0,0.0,0.015,860688.625926
1644221,IT,BE,OILSE,VEGE1,0.17,232358.258,5,5,232356.247,0.0,2.0,0.0,0.011,1366813.282353
1790481,IT,WA,COPP1,PLAST,0.59,232354.46,5,5,232353.448,0.0,0.0,1.0,0.012,393821.118644
1642357,IT,AT,BASIC,COLLE,0.27,232337.876,4,4,232337.861,0.0,0.0,0.0,0.015,860510.651852
1751908,IT,CN,COMPU,BASIC,2.65,232306.132,4,4,232306.117,0.0,0.0,0.0,0.015,87662.691321
1741952,IT,US,CHEM1,RAILW,0.49,232233.665,4,4,232233.64,0.0,0.0,0.0,0.025,473946.255102
1795005,IT,WL,CHEM1,MEMBE,0.49,232231.397,4,4,232231.372,0.0,0.0,0.0,0.025,473941.626531
1643651,IT,AT,AIRTR,POSTT,0.25,232216.372,4,4,232216.365,0.0,0.0,0.0,0.007,928865.488
1778768,IT,TR,LANDT,FOOD5,1.5,232209.219,4,4,232209.208,0.0,0.0,0.0,0.011,154806.146
1664936,IT,ES,STONE,CEMEN,0.75,232196.08,5,5,232183.069,0.0,0.0,13.0,0.011,309594.773333
1813145,IT,WM,MOTO1,CHEM1,1.24,232131.776,4,4,232131.761,0.0,0.0,0.0,0.015,187203.045161
1676989,IT,FR,AIRTR,POSTT,0.25,232118.025,4,4,232118.018,0.0,0.0,0.0,0.007,928472.1
1794511,IT,WL,GASDI,BUSIN,0.35,232110.134,4,4,232110.115,0.0,0.0,0.0,0.019,663171.811429
1757059,IT,KR,BUSIN,MOTO1,2.38,232110.011,4,4,232109.995,0.0,0.0,0.0,0.016,97525.214706
1774121,IT,CH,WHOLE,SECO9,2.01,232095.895,4,4,232095.882,0.0,0.0,0.0,0.013,115470.594527
1812934,IT,WM,MACHI,MEAT4,1.29,232046.814,4,4,232046.795,0.0,0.0,0.0,0.019,179881.251163
1657753,IT,DE,NONME,VEGET,0.47,232032.884,4,4,232032.859,0.0,0.0,0.0,0.025,493686.987234
1800902,IT,WE,PREC1,CHEM1,0.39,232007.435,4,4,232007.424,0.0,0.0,0.0,0.011,594890.858974
1640527,IT,AT,FOOD5,RAWMI,1.11,232004.841,5,5,232003.82,0.0,1.0,0.0,0.021,209013.37027
1761392,IT,IN,NONME,GLASS,0.47,232001.266,4,4,232001.241,0.0,0.0,0.0,0.025,493619.714894
1788831,IT,WA,GASDI,CROPS,0.35,231994.487,4,4,231994.468,0.0,0.0,0.0,0.019,662841.391429
1779005,IT,TR,AIRTR,PAPER,0.25,231983.372,4,4,231983.365,0.0,0.0,0.0,0.007,927933.488
1645082,IT,BE,PAPER,FURNI,0.9,231983.248,5,5,231981.225,0.0,2.0,0.0,0.023,257759.164444
1755687,IT,KR,RUBBE,RETA1,0.77,231977.876,4,4,231977.855,0.0,0.0,0.0,0.021,301269.968831
1768776,IT,AU,WEARI,PUBLI,1.75,231967.859,4,4,231967.815,0.0,0.0,0.0,0.044,132553.062286
1674112,IT,FR,HEAVY,PULP5,0.37,231944.601,4,4,231944.582,0.0,0.0,0.0,0.019,626877.3
1757442,IT,BR,PAPER,TOBAC,0.9,231939.158,5,5,231937.135,0.0,2.0,0.0,0.023,257710.175556
1740338,IT,GB,PUBLI,RESEA,3.8,231917.745,4,4,231917.729,0.0,0.0,0.0,0.016,61030.985526
1724930,IT,PT,BUSIN,PUBLI,2.38,231907.145,4,4,231907.129,0.0,0.0,0.0,0.016,97439.976891
1789397,IT,WA,CHEM1,TRANS,0.48,231893.768,4,4,231893.743,0.0,0.0,0.0,0.025,483112.016667
1664910,IT,ES,CRUDE,CHEM1,0.46,231878.529,4,4,231878.509,0.0,0.0,0.0,0.02,504083.758696
1671070,IT,FI,RUBBE,DISTR,0.77,231845.867,4,4,231845.846,0.0,0.0,0.0,0.021,301098.528571
1794839,IT,WL,PLAST,POSTT,0.49,231831.421,4,4,231831.397,0.0,0.0,0.0,0.024,473125.34898
1755718,IT,KR,GLASS,CHEMI,0.64,231829.287,5,5,231828.274,0.0,0.0,1.0,0.013,362233.260938
1680347,IT,GR,ELEC1,SEACO,0.03,231799.739,4,4,231799.724,0.0,0.0,0.0,0.015,7726657.966667
1667146,IT,ES,BASIC,ALUM1,0.27,231788.653,4,4,231788.638,0.0,0.0,0.0,0.015,858476.492593
1806147,IT,WF,FABRI,MEDIC,0.94,231770.003,4,4,231769.986,0.0,0.0,0.0,0.017,246563.832979
1804063,IT,WF,WOODW,INSUR,0.65,231768.953,5,5,231767.937,0.0,1.0,0.0,0.016,356567.62
1774326,IT,CH,HOTEL,GLASS,1.68,231745.961,4,4,231745.944,0.0,0.0,0.0,0.017,137944.024405
1718521,IT,PL,TEXTI,RESEA,1.37,231731.913,4,4,231731.882,0.0,0.0,0.0,0.031,169147.381752
1748051,IT,JP,BUSIN,FABRI,2.38,231707.794,4,4,231707.778,0.0,0.0,0.0,0.016,97356.215966
1682781,IT,HR,HEAVY,DAIRY,0.37,231672.009,4,4,231671.99,0.0,0.0,0.0,0.019,626140.564865
1804402,IT,WF,KEROS,RAILW,0.34,231659.865,4,4,231659.846,0.0,0.0,0.0,0.019,681352.544118
1729569,IT,SE,COPP1,WHOLE,0.59,231613.344,5,5,231612.332,0.0,0.0,1.0,0.012,392564.989831
1747075,IT,JP,FURNI,OFFIC,0.74,231580.915,6,6,231578.895,0.0,1.0,1.0,0.02,312947.182432
1744254,IT,US,POSTT,CONST,3.81,231577.166,4,4,231577.148,0.0,0.0,0.0,0.018,60781.408399
1790201,IT,WA,PREC1,FOOD5,0.39,231565.735,4,4,231565.724,0.0,0.0,0.0,0.011,593758.294872
1656427,IT,DE,WOODW,RECRE,0.65,231551.972,5,5,231550.956,0.0,1.0,0.0,0.016,356233.803077
1782377,IT,NO,FABRI,FURNI,0.94,231549.767,4,4,231549.75,0.0,0.0,0.0,0.017,246329.539362
1642608,IT,AT,FABRI,PULP5,0.94,231548.567,4,4,231548.55,0.0,0.0,0.0,0.017,246328.262766
1728793,IT,SE,NAPHT,MOTOR,0.39,231528.103,4,4,231528.086,0.0,0.0,0.0,0.017,593661.802564
1800315,IT,WE,PFERT,CHEMI,0.1,231524.561,4,4,231524.524,0.0,0.0,0.0,0.037,2315245.61
1749267,IT,CN,PAPER,SECO9,0.9,231490.645,5,5,231488.622,0.0,2.0,0.0,0.023,257211.827778
1668865,IT,ES,SEACO,WOODW,0.24,231468.834,4,4,231468.83,0.0,0.0,0.0,0.004,964453.475
1718087,IT,PL,MEAT4,RADIO,1.27,231464.071,5,5,231463.055,0.0,1.0,0.0,0.016,182255.174016
1760861,IT,IN,GASDI,PADDY,0.34,231437.499,4,4,231437.48,0.0,0.0,0.0,0.019,680698.526471
1740154,IT,GB,COMPU,REALE,2.64,231430.554,4,4,231430.539,0.0,0.0,0.0,0.015,87663.088636
1761804,IT,IN,MACHI,BUSIN,1.29,231389.363,4,4,231389.344,0.0,0.0,0.0,0.019,179371.599225
1778912,IT,TR,SEACO,PLAST,0.24,231388.204,4,4,231388.2,0.0,0.0,0.0,0.004,964117.516667
1812233,IT,WM,NONME,MOTO1,0.47,231382.163,4,4,231382.138,0.0,0.0,0.0,0.025,492302.474468
1723080,IT,PT,CHEM1,RUBBE,0.48,231379.857,4,4,231379.832,0.0,0.0,0.0,0.025,482041.36875
1741856,IT,US,CHEM1,POULT,0.48,231311.453,4,4,231311.428,0.0,0.0,0.0,0.025,481898.860417
1668964,IT,ES,AIRTR,FABRI,0.25,231296.862,4,4,231296.855,0.0,0.0,0.0,0.007,925187.448
1731942,IT,SI,MOTOR,RETA1,0.35,231295.089,4,4,231295.07,0.0,0.0,0.0,0.019,660843.111429
1648467,IT,BG,VEGET,COPP1,0.82,231290.292,5,5,231289.283,0.0,1.0,0.0,0.009,282061.331707
1750004,IT,CN,NONME,WOODW,0.47,231289.871,4,4,231289.846,0.0,0.0,0.0,0.025,492106.108511
1751459,IT,CN,AIRTR,NONF1,0.25,231223.096,4,4,231223.089,0.0,0.0,0.0,0.007,924892.384
1764031,IT,MX,COPP1,ELECT,0.58,231211.452,5,5,231210.44,0.0,0.0,1.0,0.012,398640.434483
1761890,IT,IN,TRANS,PUBLI,1.38,231206.758,4,4,231206.745,0.0,0.0,0.0,0.013,167541.128986
1754468,IT,CA,BUSIN,HYDRO,2.37,231204.404,4,4,231204.388,0.0,0.0,0.0,0.016,97554.600844
1641819,IT,AT,CHEM1,SALEM,0.48,231184.606,4,4,231184.581,0.0,0.0,0.0,0.025,481634.595833
1721369,IT,PL,SEACO,TEXTI,0.24,231173.249,4,4,231173.245,0.0,0.0,0.0,0.004,963221.870833
1713099,IT,MT,FOOD5,MEAT1,1.11,231159.171,5,5,231158.15,0.0,1.0,0.0,0.021,208251.505405
1805175,IT,WF,CHEM1,COPPE,0.48,231143.578,4,4,231143.553,0.0,0.0,0.0,0.025,481549.120833
1681097,IT,GR,SUPPO,MEDIC,1.66,231140.486,4,4,231140.475,0.0,0.0,0.0,0.011,139241.256627
1794423,IT,WL,GASDI,CEREA,0.34,231138.443,4,4,231138.424,0.0,0.0,0.0,0.019,679818.95
1773163,IT,CH,NONF1,ELEC3,0.05,231115.632,3,3,231115.632,0.0,0.0,0.0,0.0,4622312.64
1666173,IT,ES,GASDI,PAPE4,0.34,231038.63,4,4,231038.611,0.0,0.0,0.0,0.019,679525.382353
1645344,IT,BE,GASDI,SEACO,0.34,230990.747,4,4,230990.728,0.0,0.0,0.0,0.019,679384.55
1813089,IT,WM,OFFIC,93197,0.72,230970.429,4,4,230970.412,0.0,0.0,0.0,0.017,320792.2625
1670464,IT,FI,BEVER,PRECI,0.98,230963.729,5,5,230962.714,0.0,1.0,0.0,0.015,235677.27449
1730288,IT,SE,SEACO,RESEA,0.23,230951.569,4,4,230951.565,0.0,0.0,0.0,0.004,1004137.256522
1665958,IT,ES,MOTOR,PETRO,0.34,230891.053,4,4,230891.034,0.0,0.0,0.0,0.019,679091.332353
1742075,IT,US,RUBBE,GASDI,0.76,230847.322,4,4,230847.301,0.0,0.0,0.0,0.021,303746.476316
1761659,IT,IN,FABRI,PREC1,0.94,230832.978,4,4,230832.961,0.0,0.0,0.0,0.017,245566.997872
1646555,IT,BE,OFFIC,MACHI,0.72,230825.207,4,4,230825.19,0.0,0.0,0.0,0.017,320590.565278
1798573,IT,WE,CHEMI,REALE,0.55,230823.771,6,6,230811.749,0.0,1.0,11.0,0.022,419679.583636
1729244,IT,SE,CERAM,HEALT,0.36,230776.1,5,5,230775.087,0.0,0.0,1.0,0.013,641044.722222
1768111,IT,RU,BUSIN,PUBLI,2.37,230773.256,4,4,230773.24,0.0,0.0,0.0,0.016,97372.681857
1645705,IT,BE,ADDIT,WHOLE,0.53,230764.382,5,5,230762.364,0.0,2.0,0.0,0.018,435404.49434
1662384,IT,DK,BASIC,RENTI,0.27,230761.198,4,4,230761.183,0.0,0.0,0.0,0.015,854671.103704
1771125,IT,CH,SANDC,PUBLI,0.53,230759.666,5,5,230708.658,0.0,0.0,51.0,0.008,435395.596226
1723677,IT,PT,MACHI,PULP5,1.29,230759.448,4,4,230759.429,0.0,0.0,0.0,0.019,178883.293023
1733122,IT,SI,FABRI,COPP1,0.94,230752.436,4,4,230752.419,0.0,0.0,0.0,0.017,245481.314894
1667637,IT,ES,MACHI,KERO1,1.29,230686.423,4,4,230686.404,0.0,0.0,0.0,0.019,178826.684496
1738238,IT,GB,CEMEN,MACHI,0.37,230667.937,5,5,230666.927,0.0,0.0,1.0,0.01,623426.856757
1754272,IT,CA,POSTT,BUSIN,3.8,230659.366,4,4,230659.348,0.0,0.0,0.0,0.018,60699.833158
1684565,IT,HR,BUSIN,WHOLE,2.37,230647.812,4,4,230647.796,0.0,0.0,0.0,0.016,97319.751899
1772954,IT,CH,PREC1,ELECT,0.39,230646.062,4,4,230646.051,0.0,0.0,0.0,0.011,591400.158974
1643253,IT,AT,HOTEL,TRAN1,1.67,230644.214,4,4,230644.197,0.0,0.0,0.0,0.017,138110.307784
1800861,IT,WE,BASIC,BUSIN,0.27,230642.055,4,4,230642.04,0.0,0.0,0.0,0.015,854229.833333
1688687,IT,IE,CHEM1,PFERT,0.48,230641.388,4,4,230641.363,0.0,0.0,0.0,0.025,480502.891667
1661027,IT,DE,BUSIN,PAPE1,2.37,230603.939,4,4,230603.923,0.0,0.0,0.0,0.016,97301.240084
1660917,IT,DE,BUSIN,MEATP,2.37,230563.746,4,4,230563.73,0.0,0.0,0.0,0.016,97284.281013
1661860,IT,DK,PAPER,OFFIC,0.89,230560.323,5,5,230558.3,0.0,2.0,0.0,0.023,259056.542697
1812574,IT,WM,ALUM1,HEALT,0.4,230541.354,4,4,230541.336,0.0,0.0,0.0,0.018,576353.385
1757791,IT,BR,PLAST,FABRI,0.48,230533.549,4,4,230533.526,0.0,0.0,0.0,0.023,480278.227083
1679453,IT,GR,CHEM1,PAPER,0.48,230525.852,4,4,230525.827,0.0,0.0,0.0,0.025,480262.191667
1742943,IT,US,MACHI,DIST1,1.29,230460.086,4,4,230460.067,0.0,0.0,0.0,0.019,178651.229457
1749766,IT,CN,ADDIT,CERAM,0.53,230449.621,5,5,230447.603,0.0,2.0,0.0,0.018,434810.60566
1741600,IT,US,GASDI,POSTT,0.34,230445.675,4,4,230445.656,0.0,0.0,0.0,0.019,677781.397059
1738300,IT,GB,BASIC,WOODW,0.27,230434.509,4,4,230434.494,0.0,0.0,0.0,0.015,853461.144444
1739148,IT,GB,RETA1,CRUDE,2.41,230420.824,4,4,230420.809,0.0,0.0,0.0,0.015,95610.300415
1641798,IT,AT,CHEM1,FOUND,0.48,230413.079,4,4,230413.054,0.0,0.0,0.0,0.025,480027.247917
1713152,IT,MT,FISH5,MEAT4,0.97,230363.799,5,5,230362.681,0.0,1.0,0.0,0.118,237488.452577
1776780,IT,TR,NAPHT,STONE,0.39,230362.771,4,4,230362.755,0.0,0.0,0.0,0.016,590673.771795
1745074,IT,US,PUBLI,WHOLE,3.77,230330.228,4,4,230330.212,0.0,0.0,0.0,0.016,61095.551194
1722110,IT,PL,BUSIN,CEMEN,2.37,230324.915,4,4,230324.899,0.0,0.0,0.0,0.016,97183.508439
1765967,IT,RU,CHEM1,DAIRY,0.48,230311.089,4,4,230311.064,0.0,0.0,0.0,0.025,479814.76875
1648113,IT,BE,RESEA,RUBBE,1.25,230310.36,4,4,230310.344,0.0,0.0,0.0,0.016,184248.288
1789061,IT,WA,NAPHT,RENTI,0.39,230283.263,4,4,230283.247,0.0,0.0,0.0,0.016,590469.905128
1773400,IT,CH,MACHI,RECRE,1.28,230273.883,4,4,230273.864,0.0,0.0,0.0,0.019,179901.471094
1736073,IT,SK,FURNI,BUSIN,0.73,230242.589,6,6,230240.569,0.0,1.0,1.0,0.02,315400.806849
1649074,IT,BG,PAPER,FOOD5,0.89,230164.257,5,5,230162.234,0.0,2.0,0.0,0.023,258611.524719
1735170,IT,SK,RUBBE,WOODW,0.76,230161.822,4,4,230161.801,0.0,0.0,0.0,0.021,302844.502632
1657440,IT,DE,RUBBE,FOUND,0.76,230153.221,4,4,230153.2,0.0,0.0,0.0,0.021,302833.185526
1689474,IT,IE,HOTEL,RENTI,1.67,230153.053,4,4,230153.036,0.0,0.0,0.0,0.017,137816.199401
1679454,IT,GR,CHEM1,PRINT,0.48,230126.013,4,4,230125.988,0.0,0.0,0.0,0.025,479429.19375
1795201,IT,WL,GLASS,WOODW,0.63,230123.154,5,5,230122.141,0.0,0.0,1.0,0.013,365274.847619
1751925,IT,CN,COMPU,ELEC1,2.63,230116.012,4,4,230115.998,0.0,0.0,0.0,0.014,87496.58251
1757852,IT,BR,CHEM1,DAIRY,0.48,230107.667,4,4,230107.642,0.0,0.0,0.0,0.025,479390.972917
1721372,IT,PL,SEACO,WOODW,0.23,230092.572,4,4,230092.568,0.0,0.0,0.0,0.004,1000402.486957
1773282,IT,CH,MACHI,OILSE,1.28,230065.161,4,4,230065.142,0.0,0.0,0.0,0.019,179738.407031
1801320,IT,WE,MACHI,LIQUE,1.28,230057.687,4,4,230057.668,0.0,0.0,0.0,0.019,179732.567969
1684748,IT,HU,VEGET,BUSIN,0.81,230036.311,5,5,230035.302,0.0,1.0,0.0,0.009,283995.445679
1753590,IT,CA,MACHI,TRAN1,1.28,230034.888,4,4,230034.869,0.0,0.0,0.0,0.019,179714.75625
1725943,IT,RO,NFERT,CROPS,0.05,230023.451,4,4,230023.432,0.0,0.0,0.0,0.019,4600469.02
1763742,IT,MX,GLASS,WOODW,0.63,230002.429,5,5,230001.416,0.0,0.0,1.0,0.013,365083.220635
1797354,IT,WL,REALE,REALE,9.72,229989.595,5,5,229988.58,0.0,0.0,1.0,0.015,23661.480967
1758038,IT,BR,RUBBE,RAILW,0.76,229986.212,4,4,229986.191,0.0,0.0,0.0,0.021,302613.436842
1735677,IT,SK,FABRI,WOODW,0.94,229986.202,4,4,229986.186,0.0,0.0,0.0,0.016,244666.17234
1764763,IT,MX,HOTEL,INSUR,1.67,229973.548,4,4,229973.531,0.0,0.0,0.0,0.017,137708.711377
1640314,IT,AT,CHEMI,NATUR,0.55,229972.992,6,6,229960.97,0.0,1.0,11.0,0.022,418132.712727
1735643,IT,SK,NONF1,ALUM1,0.05,229959.358,3,3,229959.358,0.0,0.0,0.0,0.0,4599187.16
1683638,IT,HR,FABRI,RUBBE,0.94,229945.983,4,4,229945.967,0.0,0.0,0.0,0.016,244623.38617
1688340,IT,IE,DAIRY,DAIRY,0.93,229942.646,5,5,229940.63,0.0,2.0,0.0,0.016,247250.156989
1777468,IT,TR,BASIC,CHEMI,0.26,229928.386,4,4,229928.371,0.0,0.0,0.0,0.015,884339.946154
1769768,IT,AU,MACHI,CERAM,1.28,229923.681,4,4,229923.662,0.0,0.0,0.0,0.019,179627.875781
1774353,IT,CH,HOTEL,TRAN1,1.67,229918.458,4,4,229918.441,0.0,0.0,0.0,0.017,137675.723353
1762199,IT,IN,SEACO,RUBBE,0.23,229887.932,4,4,229887.928,0.0,0.0,0.0,0.004,999512.747826
1657662,IT,DE,CERAM,ELEC3,0.36,229881.348,5,5,229880.336,0.0,0.0,1.0,0.012,638559.3
1743602,IT,US,HOTEL,BIODI,1.67,229879.827,4,4,229879.81,0.0,0.0,0.0,0.017,137652.591018
1640335,IT,AT,CHEMI,FOUND,0.55,229854.757,6,6,229842.735,0.0,1.0,11.0,0.022,417917.74
1785697,IT,ZA,NAPHT,HEAVY,0.39,229808.891,4,4,229808.875,0.0,0.0,0.0,0.016,589253.566667
1742659,IT,US,COPP1,CONST,0.58,229804.097,5,5,229803.085,0.0,0.0,1.0,0.012,396213.960345
1650515,IT,BG,ELEC6,OFFIC,0.03,229753.936,4,4,229753.899,0.0,0.0,0.0,0.037,7658464.533333
1676742,IT,FR,LANDT,WHEAT,1.48,229747.596,4,4,229747.585,0.0,0.0,0.0,0.011,155234.862162
1788539,IT,WA,PAPER,LEATH,0.89,229739.061,5,5,229737.038,0.0,2.0,0.0,0.023,258133.776404
1753193,IT,CA,GLASS,FABRI,0.63,229730.601,5,5,229729.588,0.0,0.0,1.0,0.013,364651.747619
1799865,IT,WE,GASDI,NONME,0.34,229693.384,4,4,229693.365,0.0,0.0,0.0,0.019,675568.776471
1682853,IT,HR,LIQUE,ELEC4,0.4,229689.111,4,4,229689.092,0.0,0.0,0.0,0.019,574222.7775
1653863,IT,CZ,FABRI,PFERT,0.93,229680.884,4,4,229680.868,0.0,0.0,0.0,0.016,246968.692473
1679564,IT,GR,RUBBE,NFERT,0.76,229678.717,4,4,229678.696,0.0,0.0,0.0,0.021,302208.838158
1742589,IT,US,ALUM1,BASIC,0.4,229667.829,4,4,229667.811,0.0,0.0,0.0,0.018,574169.5725
1769436,IT,AU,NONME,BRICK,0.46,229634.974,4,4,229634.949,0.0,0.0,0.0,0.025,499206.465217
1727192,IT,RO,TRAN2,DIST1,0.35,229615.479,4,4,229615.473,0.0,0.0,0.0,0.006,656044.225714
1805538,IT,WF,CERAM,RECRE,0.36,229554.945,5,5,229553.933,0.0,0.0,1.0,0.012,637652.625
1786008,IT,ZA,GLASS,GLASS,0.63,229553.398,5,5,229552.385,0.0,0.0,1.0,0.013,364370.473016
1650557,IT,BG,ELEC7,CONST,0.16,229543.196,4,4,229543.193,0.0,0.0,0.0,0.003,1434644.975
1733015,IT,SI,LEAD1,RETA1,0.4,229527.934,6,6,229525.915,0.0,1.0,1.0,0.019,573819.835
1709591,IT,LT,PAPER,PRINT,0.89,229501.174,5,5,229499.151,0.0,2.0,0.0,0.023,257866.48764
1709819,IT,LT,RUBBE,WHOLE,0.76,229500.584,4,4,229500.563,0.0,0.0,0.0,0.021,301974.452632
1683454,IT,HR,PREC1,VEGET,0.39,229495.645,4,4,229495.634,0.0,0.0,0.0,0.011,588450.371795
1741257,IT,US,PAPER,VEGET,0.89,229494.169,5,5,229492.146,0.0,2.0,0.0,0.023,257858.616854
1794354,IT,WL,MOTOR,BUSIN,0.34,229457.696,4,4,229457.677,0.0,0.0,0.0,0.019,674875.576471
1721054,IT,PL,HOTEL,FABRI,1.66,229435.778,4,4,229435.761,0.0,0.0,0.0,0.017,138214.324096
1805723,IT,WF,BASIC,CERAM,0.26,229427.265,4,4,229427.25,0.0,0.0,0.0,0.015,882412.557692
1794853,IT,WL,NFERT,CHEM1,0.05,229418.686,4,4,229418.667,0.0,0.0,0.0,0.019,4588373.72
1677924,IT,FR,BUSIN,RAILW,2.36,229411.002,4,4,229410.986,0.0,0.0,0.0,0.016,97208.051695
1796918,IT,WL,AIRTR,RAWMI,0.25,229407.223,4,4,229407.216,0.0,0.0,0.0,0.007,917628.892
1735804,IT,SK,MACHI,ALUM1,1.28,229396.073,4,4,229396.054,0.0,0.0,0.0,0.019,179215.682031
1657180,IT,DE,CHEM1,FORES,0.48,229359.123,4,4,229359.098,0.0,0.0,0.0,0.025,477831.50625
1719769,IT,PL,BASIC,MEATP,0.26,229358.296,4,4,229358.281,0.0,0.0,0.0,0.015,882147.292308
1671308,IT,FI,ALUM1,RUBBE,0.4,229352.98,4,4,229352.962,0.0,0.0,0.0,0.018,573382.45
1794812,IT,WL,PLAST,PREC1,0.48,229348.78,4,4,229348.757,0.0,0.0,0.0,0.023,477809.958333
1654328,IT,CZ,ELEC2,BUSIN,0.06,229347.199,4,4,229347.175,0.0,0.0,0.0,0.024,3822453.316667
1711046,IT,LU,BASIC,MOTO1,0.26,229300.233,4,4,229300.219,0.0,0.0,0.0,0.014,881923.973077
1764261,IT,MX,MACHI,ELEC3,1.28,229289.485,4,4,229289.466,0.0,0.0,0.0,0.019,179132.410156
1672661,IT,FR,CRUDE,FURNI,0.45,229272.504,4,4,229272.484,0.0,0.0,0.0,0.02,509494.453333
1749739,IT,CN,ADDIT,TEXTI,0.53,229262.276,5,5,229260.258,0.0,2.0,0.0,0.018,432570.332075
1748789,IT,CN,TEXTI,PLAST,1.36,229212.016,4,4,229211.986,0.0,0.0,0.0,0.03,168538.247059
1789434,IT,WA,CHEM1,FOODW,0.48,229196.937,4,4,229196.912,0.0,0.0,0.0,0.025,477493.61875
1776250,IT,TR,PULP5,CHEM1,0.7,229192.872,5,5,229191.85,0.0,1.0,0.0,0.022,327418.388571
1809412,IT,WM,CHEMI,LIQUE,0.55,229139.327,6,6,229127.305,0.0,1.0,11.0,0.022,416616.958182
1653445,IT,CZ,NONME,CEMEN,0.46,229139.079,4,4,229139.054,0.0,0.0,0.0,0.025,498128.432609
1689654,IT,IE,POSTT,FISH5,3.77,229122.265,4,4,229122.248,0.0,0.0,0.0,0.017,60775.136605
1686074,IT,HU,RUBBE,PRINT,0.76,229121.435,4,4,229121.414,0.0,0.0,0.0,0.021,301475.572368
1811162,IT,WM,NAPHT,GLASS,0.39,229074.28,4,4,229074.264,0.0,0.0,0.0,0.016,587369.948718
1686137,IT,HU,RUBBE,HEALT,0.76,229069.585,4,4,229069.564,0.0,0.0,0.0,0.021,301407.348684
1728397,IT,SE,TEXTI,PUBLI,1.36,229056.887,4,4,229056.857,0.0,0.0,0.0,0.03,168424.181618
1673401,IT,FR,WEARI,BEVER,1.73,229051.573,4,4,229051.529,0.0,0.0,0.0,0.044,132399.753179
1648191,IT,BE,BUSIN,BIODI,2.35,229019.067,4,4,229019.051,0.0,0.0,0.0,0.016,97454.922128
1747549,IT,JP,AIRTR,COKEO,0.25,228985.236,4,4,228985.229,0.0,0.0,0.0,0.007,915940.944
1768076,IT,RU,BUSIN,TRANS,2.35,228970.791,4,4,228970.775,0.0,0.0,0.0,0.016,97434.379149
1732061,IT,SI,KEROS,INTER,0.34,228950.602,4,4,228950.583,0.0,0.0,0.0,0.019,673384.123529
1805679,IT,WF,BASIC,BITUM,0.26,228940.59,4,4,228940.576,0.0,0.0,0.0,0.014,880540.730769
1722427,IT,PT,MEAT4,ALUM1,1.26,228882.533,5,5,228881.517,0.0,1.0,0.0,0.016,181652.803968
1746666,IT,JP,NONF1,OFFIC,0.05,228844.095,3,3,228844.095,0.0,0.0,0.0,0.0,4576881.9
1645583,IT,BE,CHEM1,WEARI,0.48,228790.216,4,4,228790.191,0.0,0.0,0.0,0.025,476646.283333
1772082,IT,CH,PRINT,HEALT,2.2,228769.414,4,4,228769.397,0.0,0.0,0.0,0.017,103986.097273
1656510,IT,DE,PAPER,CEMEN,0.89,228757.234,5,5,228755.211,0.0,2.0,0.0,0.023,257030.6
1749146,IT,CN,WOODW,BUSIN,0.64,228748.511,5,5,228747.496,0.0,1.0,0.0,0.015,357419.548437
1791403,IT,WA,WHOLE,PIGS9,1.98,228717.579,4,4,228717.566,0.0,0.0,0.0,0.013,115513.928788
1714561,IT,NL,CRUDE,SUPPO,0.45,228717.04,4,4,228717.02,0.0,0.0,0.0,0.02,508260.088889
1754984,IT,KR,TEXTI,REALE,1.36,228715.498,4,4,228715.468,0.0,0.0,0.0,0.03,168173.160294
1645720,IT,BE,RUBBE,MEATC,0.76,228711.896,4,4,228711.875,0.0,0.0,0.0,0.021,300936.705263
1683777,IT,HR,MACHI,BUSIN,1.28,228678.556,4,4,228678.537,0.0,0.0,0.0,0.019,178655.121875
1686760,IT,HU,NONF1,FABRI,0.05,228656.412,3,3,228656.412,0.0,0.0,0.0,0.0,4573128.24
1715866,IT,NL,RUBBE,RETA1,0.76,228612.953,4,4,228612.932,0.0,0.0,0.0,0.021,300806.517105
1647889,IT,BE,REALE,REFI1,9.66,228592.014,5,5,228590.999,0.0,0.0,1.0,0.015,23663.769565
1796613,IT,WL,HOTEL,PFERT,1.66,228588.09,4,4,228588.073,0.0,0.0,0.0,0.017,137703.668675
1757730,IT,BR,NAPHT,ELECT,0.39,228567.351,4,4,228567.335,0.0,0.0,0.0,0.016,586070.130769
1757593,IT,BR,GASDI,LIQUE,0.34,228537.918,4,4,228537.899,0.0,0.0,0.0,0.019,672170.347059
1657682,IT,DE,CERAM,RENTI,0.36,228534.477,5,5,228533.465,0.0,0.0,1.0,0.012,634817.991667
1682678,IT,HR,KEROS,FOOD4,0.34,228532.95,4,4,228532.931,0.0,0.0,0.0,0.019,672155.735294
1751952,IT,CN,COMPU,EDUCA,2.61,228521.146,4,4,228521.132,0.0,0.0,0.0,0.014,87555.994636
1663192,IT,DK,LANDT,LANDT,1.47,228500.711,4,4,228500.7,0.0,0.0,0.0,0.011,155442.660544
1772944,IT,CH,PREC1,CEMEN,0.39,228497.345,4,4,228497.334,0.0,0.0,0.0,0.011,585890.628205
1785573,IT,ZA,GASDI,POULT,0.34,228491.015,4,4,228490.996,0.0,0.0,0.0,0.019,672032.397059
1717970,IT,PL,SANDC,BASIC,0.52,228490.545,5,5,228440.537,0.0,0.0,50.0,0.008,439404.894231
1653975,IT,CZ,MACHI,PRINT,1.27,228476.763,4,4,228476.744,0.0,0.0,0.0,0.019,179902.962992
1675170,IT,FR,COPP1,INERT,0.58,228471.445,5,5,228470.433,0.0,0.0,1.0,0.012,393916.284483
1796124,IT,WL,TRANS,RETAI,1.36,228463.415,4,4,228463.403,0.0,0.0,0.0,0.012,167987.805147
1803931,IT,WF,WEARI,HOTEL,1.72,228457.972,4,4,228457.929,0.0,0.0,0.0,0.043,132824.402326
1644768,IT,BE,FISH5,HOTEL,0.96,228457.18,5,5,228456.063,0.0,1.0,0.0,0.117,237976.229167
1681310,IT,GR,INSUR,GASDI,4.71,228451.127,4,4,228451.116,0.0,0.0,0.0,0.011,48503.423992
1814038,IT,WM,SEACO,AUXIL,0.23,228431.812,4,4,228431.808,0.0,0.0,0.0,0.004,993181.791304
1641221,IT,AT,COKEO,RUBBE,0.03,228407.082,3,3,228407.082,0.0,0.0,0.0,0.0,7613569.4
1746909,IT,JP,MOTO1,PAPER,1.22,228404.18,4,4,228404.165,0.0,0.0,0.0,0.015,187216.540984
1734719,IT,SK,LEATH,OFFIC,1.64,228373.974,5,5,228371.934,0.0,2.0,0.0,0.04,139252.423171
1671437,IT,FI,FABRI,DISTR,0.93,228357.76,4,4,228357.744,0.0,0.0,0.0,0.016,245545.978495
1666005,IT,ES,MOTOR,RENTI,0.34,228317.312,4,4,228317.293,0.0,0.0,0.0,0.019,671521.505882
1788609,IT,WA,PAPER,RECRE,0.88,228308.876,5,5,228306.853,0.0,2.0,0.0,0.023,259441.904545
1650763,IT,BG,HOTEL,RECRE,1.65,228299.141,4,4,228299.124,0.0,0.0,0.0,0.017,138363.115758
1667162,IT,ES,BASIC,ELEC4,0.26,228295.059,4,4,228295.045,0.0,0.0,0.0,0.014,878057.919231
1765190,IT,MX,BUSIN,RETA1,2.34,228286.273,4,4,228286.257,0.0,0.0,0.0,0.016,97558.236325
1786279,IT,ZA,FABRI,CHEM1,0.93,228271.621,4,4,228271.605,0.0,0.0,0.0,0.016,245453.355914
1772103,IT,CH,COKEO,WHOLE,0.03,228255.503,3,3,228255.503,0.0,0.0,0.0,0.0,7608516.766667
1805591,IT,WF,CEMEN,POSTT,0.37,228227.2,5,5,228226.19,0.0,0.0,1.0,0.01,616830.27027
1723878,IT,PT,FURNI,WEARI,0.73,228210.429,6,6,228208.409,0.0,1.0,1.0,0.02,312617.026027
1725719,IT,RO,PAPER,EDUCA,0.88,228166.741,5,5,228164.718,0.0,2.0,0.0,0.023,259280.3875
1755521,IT,KR,CHEM1,PULP5,0.48,228164.04,4,4,228164.015,0.0,0.0,0.0,0.025,475341.75
1654728,IT,CZ,TRAN2,PULP5,0.35,228148.081,4,4,228148.075,0.0,0.0,0.0,0.006,651851.66
1809222,IT,WM,FISHF,FISH5,0.39,228143.047,4,4,228143.039,0.0,0.0,0.0,0.008,584982.171795
1809576,IT,WM,VEGE1,CHEM1,0.7,228140.579,5,5,228139.529,0.0,1.0,0.0,0.05,325915.112857
1713090,IT,MT,SUGA1,RAILW,0.57,228134.069,4,4,228134.03,0.0,0.0,0.0,0.039,400235.208772
1648885,IT,BG,TEXTI,CONST,1.35,228071.243,4,4,228071.213,0.0,0.0,0.0,0.03,168941.661481
1755388,IT,KR,KEROS,NAPHT,0.34,228065.131,4,4,228065.112,0.0,0.0,0.0,0.019,670779.797059
1718083,IT,PL,MEAT4,FOOD5,1.26,228042.33,5,5,228041.314,0.0,1.0,0.0,0.016,180985.97619
1656857,IT,DE,HEAVY,KEROS,0.37,228023.522,4,4,228023.504,0.0,0.0,0.0,0.018,616279.789189
1731903,IT,SI,MOTOR,VEGET,0.34,227986.127,4,4,227986.108,0.0,0.0,0.0,0.019,670547.432353
1791024,IT,WA,MOTO1,PRIVA,1.21,227978.573,4,4,227978.558,0.0,0.0,0.0,0.015,188412.043802
1671004,IT,FI,CHEM1,93197,0.48,227971.732,4,4,227971.707,0.0,0.0,0.0,0.025,474941.108333
1814007,IT,WM,SEACO,COPP1,0.23,227968.492,4,4,227968.488,0.0,0.0,0.0,0.004,991167.356522
1717125,IT,NL,SEACO,RENTI,0.23,227966.896,4,4,227966.892,0.0,0.0,0.0,0.004,991160.417391
1769307,IT,AU,RUBBE,HEALT,0.76,227948.674,4,4,227948.653,0.0,0.0,0.0,0.021,299932.465789
1659001,IT,DE,ELEC2,PULP5,0.05,227932.112,4,4,227932.088,0.0,0.0,0.0,0.024,4558642.24
1659843,IT,DE,LANDT,ELEC3,1.47,227912.28,4,4,227912.269,0.0,0.0,0.0,0.011,155042.367347
1783962,IT,ID,VEGE1,CATTL,0.7,227888.37,5,5,227887.32,0.0,1.0,0.0,0.05,325554.814286
1754942,IT,KR,TEXTI,PFERT,1.35,227886.699,4,4,227886.669,0.0,0.0,0.0,0.03,168804.962222
1795731,IT,WL,MACHI,FISHF,1.27,227880.409,4,4,227880.39,0.0,0.0,0.0,0.019,179433.392913
1809017,IT,WM,VEGET,CEMEN,0.81,227869.092,5,5,227868.083,0.0,1.0,0.0,0.009,281319.866667
1646025,IT,BE,NONME,MOTO1,0.46,227840.25,4,4,227840.225,0.0,0.0,0.0,0.025,495304.891304
1667447,IT,ES,NONF1,OFFIC,0.05,227829.196,3,3,227829.196,0.0,0.0,0.0,0.0,4556583.92
1765487,IT,RU,WEARI,WOODW,1.72,227819.411,4,4,227819.368,0.0,0.0,0.0,0.043,132453.14593
1728276,IT,SE,BEVER,WOODW,0.97,227814.07,5,5,227813.055,0.0,1.0,0.0,0.015,234859.865979
1641294,IT,AT,MOTOR,RENTI,0.34,227811.709,4,4,227811.69,0.0,0.0,0.0,0.019,670034.438235
1810177,IT,WM,WEARI,LANDT,1.72,227796.7,4,4,227796.657,0.0,0.0,0.0,0.043,132439.94186
1777988,IT,TR,MACHI,COMPU,1.27,227770.797,4,4,227770.778,0.0,0.0,0.0,0.019,179347.084252
1715989,IT,NL,BRICK,BRICK,0.34,227759.146,5,5,227758.131,0.0,0.0,1.0,0.015,669879.841176
1650522,IT,BG,ELEC6,LANDT,0.03,227743.902,4,4,227743.866,0.0,0.0,0.0,0.036,7591463.4
1722085,IT,PL,BUSIN,PRINT,2.34,227724.562,4,4,227724.546,0.0,0.0,0.0,0.016,97318.188889
1647125,IT,BE,HOTEL,RETA1,1.65,227714.226,4,4,227714.209,0.0,0.0,0.0,0.017,138008.621818
1754558,IT,CA,BUSIN,HEALT,2.34,227711.71,4,4,227711.694,0.0,0.0,0.0,0.016,97312.696581
1799189,IT,WE,WEARI,RESEA,1.72,227695.723,4,4,227695.68,0.0,0.0,0.0,0.043,132381.234302
1794844,IT,WL,PLAST,BUSIN,0.48,227689.832,4,4,227689.809,0.0,0.0,0.0,0.023,474353.816667
1738579,IT,GB,FABRI,ALUM1,0.93,227668.183,4,4,227668.167,0.0,0.0,0.0,0.016,244804.497849
1740791,IT,US,VEGE1,RAWMI,0.7,227639.035,5,5,227637.985,0.0,1.0,0.0,0.05,325198.621429
1720237,IT,PL,NONF1,MACHI,0.05,227638.308,3,3,227638.308,0.0,0.0,0.0,0.0,4552766.16
1755741,IT,KR,GLASS,OFFIC,0.62,227557.271,5,5,227556.258,0.0,0.0,1.0,0.013,367027.856452
1685525,IT,HU,PAPER,CERAM,0.88,227549.739,5,5,227547.717,0.0,2.0,0.0,0.022,258579.248864
1774477,IT,CH,LANDT,CHEM1,1.47,227534.818,4,4,227534.807,0.0,0.0,0.0,0.011,154785.590476
1809396,IT,WM,CHEMI,FOOD5,0.54,227522.211,6,6,227510.19,0.0,1.0,11.0,0.021,421337.427778
1666300,IT,ES,LIQUE,KEROS,0.4,227512.612,4,4,227512.594,0.0,0.0,0.0,0.018,568781.53
1750872,IT,CN,FURNI,INLAN,0.73,227512.07,6,6,227510.05,0.0,1.0,1.0,0.02,311660.369863
1811276,IT,WM,BITU1,WOODW,0.36,227511.698,4,4,227511.68,0.0,0.0,0.0,0.018,631976.938889
1784025,IT,ID,TEXTI,PFERT,1.35,227473.985,4,4,227473.955,0.0,0.0,0.0,0.03,168499.248148
1755492,IT,KR,PFERT,PADDY,0.1,227424.231,4,4,227424.195,0.0,0.0,0.0,0.036,2274242.31
1655337,IT,DE,VEGET,RETA1,0.81,227415.664,5,5,227414.655,0.0,1.0,0.0,0.009,280760.079012
1720867,IT,PL,FURNI,RECRE,0.73,227399.442,6,6,227397.422,0.0,1.0,1.0,0.02,311506.084932
1776512,IT,TR,MOTOR,HEALT,0.34,227338.206,4,4,227338.187,0.0,0.0,0.0,0.019,668641.782353
1722353,IT,PT,FISHF,ELECT,0.39,227322.876,4,4,227322.868,0.0,0.0,0.0,0.008,582879.169231
1743966,IT,US,AIRTR,MEATC,0.25,227322.587,4,4,227322.58,0.0,0.0,0.0,0.007,909290.348
1643328,IT,AT,RAILW,CHEM1,1.52,227316.203,5,5,227314.193,0.0,0.0,2.0,0.01,149550.133553
1729031,IT,SE,RUBBE,BEVER,0.75,227269.899,4,4,227269.878,0.0,0.0,0.0,0.021,303026.532
1802525,IT,WE,POSTT,POSTT,3.74,227261.844,4,4,227261.827,0.0,0.0,0.0,0.017,60765.19893
1715762,IT,NL,BIODI,PROCE,0.47,227253.643,4,4,227253.618,0.0,0.0,0.0,0.025,483518.389362
1769938,IT,AU,MOTO1,SUPPO,1.21,227227.912,4,4,227227.897,0.0,0.0,0.0,0.015,187791.66281
1685616,IT,HU,COKEO,BASIC,0.03,227199.176,3,3,227199.176,0.0,0.0,0.0,0.0,7573305.866667
1649295,IT,BG,NAPHT,BIODI,0.39,227195.987,4,4,227195.971,0.0,0.0,0.0,0.016,582553.812821
1647122,IT,BE,HOTEL,SALEM,1.65,227186.506,4,4,227186.489,0.0,0.0,0.0,0.017,137688.791515
1667546,IT,ES,FABRI,COLLE,0.92,227186.193,4,4,227186.177,0.0,0.0,0.0,0.016,246941.51413
1735879,IT,SK,OFFIC,RUBBE,0.7,227156.565,4,4,227156.549,0.0,0.0,0.0,0.016,324509.378571
1769711,IT,AU,MACHI,FISHF,1.27,227122.484,4,4,227122.465,0.0,0.0,0.0,0.019,178836.601575
1640304,IT,AT,SANDC,HOTEL,0.52,227119.188,5,5,227069.18,0.0,0.0,50.0,0.008,436767.669231
1669831,IT,ES,BUSIN,RENTI,2.33,227109.657,4,4,227109.641,0.0,0.0,0.0,0.016,97471.955794
1661340,IT,DK,MEATC,FOOD5,0.76,227079.13,5,5,227076.115,0.0,3.0,0.0,0.015,298788.328947
1662995,IT,DK,HOTEL,WOODW,1.65,227069.142,4,4,227069.125,0.0,0.0,0.0,0.017,137617.661818
1790104,IT,WA,BASIC,HEAVY,0.26,227055.321,4,4,227055.307,0.0,0.0,0.0,0.014,873289.696154
1812288,IT,WM,BASIC,COPPE,0.26,227049.327,4,4,227049.313,0.0,0.0,0.0,0.014,873266.642308
1799016,IT,WE,TEXTI,PRINT,1.35,227002.387,4,4,227002.357,0.0,0.0,0.0,0.03,168149.916296
1730896,IT,SE,PLAS1,MEATC,0.81,226971.948,4,4,226971.933,0.0,0.0,0.0,0.015,280212.281481
1804943,IT,WF,NONSP,MOTOR,0.3,226888.723,4,4,226888.711,0.0,0.0,0.0,0.012,756295.743333
1669084,IT,ES,SUPPO,RETA1,1.63,226878.668,4,4,226878.657,0.0,0.0,0.0,0.011,139189.366871
1642618,IT,AT,FABRI,PLAST,0.92,226875.565,4,4,226875.549,0.0,0.0,0.0,0.016,246603.875
1805527,IT,WF,CERAM,FINAN,0.35,226868.193,5,5,226867.181,0.0,0.0,1.0,0.012,648194.837143
1755287,IT,KR,PAPER,MOTO1,0.88,226844.333,5,5,226842.311,0.0,2.0,0.0,0.022,257777.651136
1735169,IT,SK,RUBBE,LEATH,0.75,226840.758,4,4,226840.737,0.0,0.0,0.0,0.021,302454.344
1796087,IT,WL,TRANS,PLAST,1.35,226826.573,4,4,226826.561,0.0,0.0,0.0,0.012,168019.683704
1749492,IT,CN,NAPHT,CHEM1,0.38,226760.812,4,4,226760.796,0.0,0.0,0.0,0.016,596738.978947
1732039,IT,SI,KEROS,SALEM,0.34,226755.801,4,4,226755.783,0.0,0.0,0.0,0.018,666928.826471
1679930,IT,GR,FABRI,TEXTI,0.92,226739.865,4,4,226739.849,0.0,0.0,0.0,0.016,246456.375
1653338,IT,CZ,GLASS,RUBBE,0.62,226730.874,5,5,226729.861,0.0,0.0,1.0,0.013,365694.958065
1733192,IT,SI,MACHI,DAIRY,1.26,226685.931,4,4,226685.912,0.0,0.0,0.0,0.019,179909.469048
1795157,IT,WL,RUBBE,DISTR,0.75,226648.482,4,4,226648.461,0.0,0.0,0.0,0.021,302197.976
1788363,IT,WA,WOODW,MEATA,0.63,226641.356,5,5,226640.341,0.0,1.0,0.0,0.015,359748.184127
1794765,IT,WL,PLAST,NATUR,0.48,226640.816,4,4,226640.793,0.0,0.0,0.0,0.023,472168.366667
1710709,IT,LU,FOOD5,DAIRY,1.09,226634.304,5,5,226633.284,0.0,1.0,0.0,0.02,207921.379817
1750055,IT,CN,BASIC,TEXTI,0.26,226627.057,4,4,226627.043,0.0,0.0,0.0,0.014,871642.526923
1805764,IT,WF,BASIC,RESEA,0.26,226623.075,4,4,226623.061,0.0,0.0,0.0,0.014,871627.211538
1799123,IT,WE,WEARI,LEATH,1.71,226593.148,4,4,226593.105,0.0,0.0,0.0,0.043,132510.612865
1776421,IT,TR,COKEO,MEATC,0.03,226591.879,3,3,226591.879,0.0,0.0,0.0,0.0,7553062.633333
1747516,IT,JP,SEACO,PUBLI,0.23,226549.703,4,4,226549.699,0.0,0.0,0.0,0.004,984998.708696
1742399,IT,US,NONME,SALEM,0.46,226542.315,4,4,226542.29,0.0,0.0,0.0,0.025,492483.293478
1760837,IT,IN,MOTOR,DISTR,0.34,226495.316,4,4,226495.298,0.0,0.0,0.0,0.018,666162.694118
1791921,IT,WA,SEACO,POULT,0.23,226476.515,4,4,226476.511,0.0,0.0,0.0,0.004,984680.5
1656224,IT,DE,TEXTI,RENTI,1.34,226459.0,4,4,226458.97,0.0,0.0,0.0,0.03,168999.253731
1651475,IT,CY,HEAVY,DAIRY,0.37,226446.38,4,4,226446.362,0.0,0.0,0.0,0.018,612017.243243
1790319,IT,WA,ALUM1,CHEM1,0.39,226445.015,4,4,226444.997,0.0,0.0,0.0,0.018,580628.24359
1796100,IT,WL,TRANS,NONME,1.35,226444.965,4,4,226444.953,0.0,0.0,0.0,0.012,167737.011111
1735501,IT,SK,PREC1,ADDIT,0.38,226423.059,4,4,226423.049,0.0,0.0,0.0,0.01,595850.155263
1721563,IT,PL,SUPPO,BUSIN,1.63,226413.388,4,4,226413.377,0.0,0.0,0.0,0.011,138903.919018
1726413,IT,RO,FABRI,NATUR,0.92,226393.026,4,4,226393.01,0.0,0.0,0.0,0.016,246079.376087
1717889,IT,PL,OILSE,FOOD5,0.16,226390.532,5,5,226388.522,0.0,2.0,0.0,0.01,1414940.825
1641517,IT,AT,HEAVY,PULP5,0.37,226365.761,4,4,226365.743,0.0,0.0,0.0,0.018,611799.354054
1745847,IT,JP,LEATH,PFERT,1.62,226293.11,5,5,226291.071,0.0,2.0,0.0,0.039,139687.104938
1658463,IT,DE,FABRI,ELEC8,0.92,226292.07,4,4,226292.054,0.0,0.0,0.0,0.016,245969.641304
1774740,IT,CH,SUPPO,RAILW,1.63,226271.007,4,4,226270.996,0.0,0.0,0.0,0.011,138816.568712
1759791,IT,BR,BUSIN,RETAI,2.32,226268.106,4,4,226268.09,0.0,0.0,0.0,0.016,97529.356034
1649108,IT,BG,PAPER,FABRI,0.88,226265.569,5,5,226263.547,0.0,2.0,0.0,0.022,257119.964773
1790385,IT,WA,LEAD1,FOOD5,0.39,226258.889,6,6,226256.87,0.0,1.0,1.0,0.019,580150.997436
1644530,IT,BE,DAIRY,HEALT,0.92,226254.4,5,5,226252.385,0.0,2.0,0.0,0.015,245928.695652
1774521,IT,CH,LANDT,BUSIN,1.46,226249.22,4,4,226249.209,0.0,0.0,0.0,0.011,154965.219178
1805582,IT,WF,CEMEN,NONME,0.36,226245.636,5,5,226244.626,0.0,0.0,1.0,0.01,628460.1
1666850,IT,ES,GLASS,FISH5,0.62,226239.683,5,5,226238.67,0.0,0.0,1.0,0.013,364902.714516
1656439,IT,DE,PULP5,CERAM,0.69,226234.261,5,5,226233.24,0.0,1.0,0.0,0.021,327875.74058
1667115,IT,ES,BASIC,COPPE,0.26,226199.587,4,4,226199.573,0.0,0.0,0.0,0.014,869998.411538
1755144,IT,KR,LEATH,MEDIC,1.62,226189.647,5,5,226187.608,0.0,2.0,0.0,0.039,139623.238889
1757976,IT,BR,RUBBE,CRUDE,0.75,226188.525,4,4,226188.504,0.0,0.0,0.0,0.021,301584.7
1664294,IT,EE,ALUM1,MACHI,0.39,226176.616,4,4,226176.598,0.0,0.0,0.0,0.018,579940.041026
1769276,IT,AU,RUBBE,MACHI,0.75,226154.262,4,4,226154.241,0.0,0.0,0.0,0.021,301539.016
1773671,IT,CH,FURNI,RUBBE,0.72,226142.388,6,6,226140.369,0.0,1.0,1.0,0.019,314086.65
1755277,IT,KR,PAPER,NONME,0.88,226125.86,5,5,226123.838,0.0,2.0,0.0,0.022,256961.204545
1782394,IT,NO,FABRI,REALE,0.92,226118.32,4,4,226118.304,0.0,0.0,0.0,0.016,245780.782609
1721301,IT,PL,LANDT,REALE,1.46,226107.499,4,4,226107.488,0.0,0.0,0.0,0.011,154868.15
1742505,IT,US,BASIC,SALEM,0.26,226088.2,4,4,226088.186,0.0,0.0,0.0,0.014,869570.0
1746194,IT,JP,CHEM1,CROPS,0.47,226050.061,4,4,226050.036,0.0,0.0,0.0,0.025,480957.576596
1658724,IT,DE,OFFIC,CONST,0.7,226041.483,4,4,226041.467,0.0,0.0,0.0,0.016,322916.404286
1680056,IT,GR,MACHI,FURNI,1.26,226029.307,4,4,226029.288,0.0,0.0,0.0,0.019,179388.338889
1648629,IT,BG,VEGE1,COPPE,0.7,226016.046,5,5,226014.997,0.0,1.0,0.0,0.049,322880.065714
1723543,IT,PT,NONF1,NONF1,0.05,226002.715,3,3,226002.715,0.0,0.0,0.0,0.0,4520054.3
1686666,IT,HU,LEAD1,FOOD4,0.39,226000.111,6,6,225998.092,0.0,1.0,1.0,0.019,579487.464103
1736020,IT,SK,TRANS,COMPU,1.35,225990.538,4,4,225990.526,0.0,0.0,0.0,0.012,167400.398519
1805642,IT,WF,NONME,BRICK,0.46,225980.244,4,4,225980.219,0.0,0.0,0.0,0.025,491261.4
1666117,IT,ES,GASDI,RUBBE,0.34,225966.76,4,4,225966.742,0.0,0.0,0.0,0.018,664608.117647
1764052,IT,MX,NONF1,CONST,0.05,225941.476,3,3,225941.476,0.0,0.0,0.0,0.0,4518829.52
1788095,IT,WA,WEARI,VEGET,1.7,225939.81,4,4,225939.767,0.0,0.0,0.0,0.043,132905.770588
1743878,IT,US,SEACO,ETHAN,0.23,225930.707,4,4,225930.703,0.0,0.0,0.0,0.004,982307.421739
1811063,IT,WM,HEAVY,BITU1,0.36,225912.946,4,4,225912.928,0.0,0.0,0.0,0.018,627535.961111
1741669,IT,US,HEAVY,NONME,0.36,225898.487,4,4,225898.469,0.0,0.0,0.0,0.018,627495.797222
1774616,IT,CH,SEACO,REALE,0.23,225864.621,4,4,225864.617,0.0,0.0,0.0,0.004,982020.091304
1647291,IT,BE,LANDT,HEALT,1.46,225862.805,4,4,225862.794,0.0,0.0,0.0,0.011,154700.55137
1772900,IT,CH,BASIC,FINAN,0.26,225849.71,4,4,225849.696,0.0,0.0,0.0,0.014,868652.730769
1786563,IT,ZA,FURNI,WHOLE,0.72,225843.787,6,6,225841.768,0.0,1.0,1.0,0.019,313671.926389
1805001,IT,WF,PLAST,FISH5,0.47,225838.183,4,4,225838.16,0.0,0.0,0.0,0.023,480506.77234
1805082,IT,WF,NFERT,PADDY,0.05,225816.005,4,4,225815.987,0.0,0.0,0.0,0.018,4516320.1
1781969,IT,NO,RUBBE,FISHF,0.75,225815.814,4,4,225815.794,0.0,0.0,0.0,0.02,301087.752
1805390,IT,WF,RUBBE,TRANS,0.75,225793.004,4,4,225792.984,0.0,0.0,0.0,0.02,301057.338667
1675861,IT,FR,ELEC1,EDUCA,0.03,225779.66,4,4,225779.646,0.0,0.0,0.0,0.014,7525988.666667
1743080,IT,US,MOTO1,NATUR,1.2,225744.036,4,4,225744.021,0.0,0.0,0.0,0.015,188120.03
1673844,IT,FR,PRINT,WHOLE,2.17,225730.427,4,4,225730.41,0.0,0.0,0.0,0.017,104023.238249
1746291,IT,JP,CHEM1,SUPPO,0.47,225729.387,4,4,225729.362,0.0,0.0,0.0,0.025,480275.291489
1676720,IT,FR,RAILW,BUSIN,1.51,225715.127,5,5,225713.117,0.0,0.0,2.0,0.01,149480.216556
1799652,IT,WE,MOTOR,PLAST,0.34,225659.904,4,4,225659.886,0.0,0.0,0.0,0.018,663705.6
1785684,IT,ZA,HEAVY,RECRE,0.36,225640.973,4,4,225640.955,0.0,0.0,0.0,0.018,626780.480556
1662708,IT,DK,MACHI,HEALT,1.26,225623.985,4,4,225623.966,0.0,0.0,0.0,0.019,179066.654762
1674403,IT,FR,CHEM1,INSUR,0.47,225620.938,4,4,225620.913,0.0,0.0,0.0,0.025,480044.548936
1680060,IT,GR,MACHI,ELEC4,1.26,225613.864,4,4,225613.845,0.0,0.0,0.0,0.019,179058.622222
1730750,IT,SE,BUSIN,MEAT1,2.32,225577.818,4,4,225577.802,0.0,0.0,0.0,0.016,97231.818103
1745081,IT,US,PUBLI,SUPPO,3.69,225563.94,4,4,225563.924,0.0,0.0,0.0,0.016,61128.439024
1720501,IT,PL,MACHI,INTER,1.26,225562.143,4,4,225562.124,0.0,0.0,0.0,0.019,179017.57381
1749974,IT,CN,CERAM,LANDT,0.35,225561.448,5,5,225560.436,0.0,0.0,1.0,0.012,644461.28
1655966,IT,DE,FOOD5,FISH5,1.08,225560.888,5,5,225559.868,0.0,1.0,0.0,0.02,208852.674074
1735287,IT,SK,GLASS,OFFIC,0.62,225545.886,5,5,225544.873,0.0,0.0,1.0,0.013,363783.687097
1674685,IT,FR,GLASS,NONME,0.62,225495.353,5,5,225494.34,0.0,0.0,1.0,0.013,363702.182258
1770225,IT,AU,HOTEL,MEATC,1.63,225462.482,4,4,225462.465,0.0,0.0,0.0,0.017,138320.541104
1795533,IT,WL,ALUM1,MOTO1,0.39,225456.86,4,4,225456.842,0.0,0.0,0.0,0.018,578094.512821
1794693,IT,WL,NAPHT,FABRI,0.38,225454.664,4,4,225454.648,0.0,0.0,0.0,0.016,593301.747368
1679152,IT,GR,PAPER,SUPPO,0.87,225454.592,5,5,225452.57,0.0,2.0,0.0,0.022,259143.209195
1675257,IT,FR,FABRI,ALUM1,0.92,225441.404,4,4,225441.388,0.0,0.0,0.0,0.016,245045.004348
1679471,IT,GR,CHEM1,BIODI,0.47,225437.24,4,4,225437.215,0.0,0.0,0.0,0.025,479653.702128
1748608,IT,CN,VEGE1,HEALT,0.69,225436.375,5,5,225435.326,0.0,1.0,0.0,0.049,326719.384058
1769494,IT,AU,BASIC,RADIO,0.26,225434.339,4,4,225434.325,0.0,0.0,0.0,0.014,867055.15
1805694,IT,WF,BASIC,MEATP,0.26,225408.634,4,4,225408.62,0.0,0.0,0.0,0.014,866956.284615
1785487,IT,ZA,MOTOR,VEGET,0.34,225403.579,4,4,225403.561,0.0,0.0,0.0,0.018,662951.702941
1658879,IT,DE,TRANS,WHOLE,1.35,225389.698,4,4,225389.686,0.0,0.0,0.0,0.012,166955.331852
1685087,IT,HU,FOOD5,MEAT1,1.08,225382.416,5,5,225381.396,0.0,1.0,0.0,0.02,208687.422222
1660422,IT,DE,FINAN,RESEA,2.93,225335.753,4,4,225335.746,0.0,0.0,0.0,0.007,76906.400341
1737026,IT,GB,STONE,NONME,0.73,225292.764,5,5,225279.754,0.0,0.0,13.0,0.01,308620.224658
1784716,IT,ID,FURNI,WHOLE,0.72,225235.604,6,6,225233.585,0.0,1.0,1.0,0.019,312827.227778
1798964,IT,WE,TOBAC,WEARI,0.89,225231.478,5,5,225230.464,0.0,1.0,0.0,0.014,253069.076404
1810235,IT,WM,LEATH,MOTOR,1.61,225221.96,5,5,225219.921,0.0,2.0,0.0,0.039,139889.416149
1729314,IT,SE,NONME,MOTO1,0.45,225189.672,4,4,225189.647,0.0,0.0,0.0,0.025,500421.493333
1780384,IT,TW,AIRTR,TRAN2,0.25,225143.944,4,4,225143.937,0.0,0.0,0.0,0.007,900575.776
1813398,IT,WM,FURNI,SALEM,0.72,225123.877,6,6,225121.858,0.0,1.0,1.0,0.019,312672.051389
1782605,IT,NO,FURNI,SALEM,0.72,225119.166,6,6,225117.147,0.0,1.0,1.0,0.019,312665.508333
1777487,IT,TR,BASIC,PLAST,0.26,225118.438,4,4,225118.424,0.0,0.0,0.0,0.014,865840.146154
1671247,IT,FI,BASIC,PREC1,0.26,225094.441,4,4,225094.427,0.0,0.0,0.0,0.014,865747.85
1804960,IT,WF,PLAST,WHEAT,0.47,225081.162,4,4,225081.139,0.0,0.0,0.0,0.023,478896.089362
1730448,IT,SE,POSTT,CONST,3.71,225074.532,4,4,225074.515,0.0,0.0,0.0,0.017,60666.989757
1787129,IT,ZA,BUSIN,BUSIN,2.31,225047.24,4,4,225047.224,0.0,0.0,0.0,0.016,97423.047619
1799899,IT,WE,GASDI,INSUR,0.33,225038.611,4,4,225038.593,0.0,0.0,0.0,0.018,681935.184848
1776684,IT,TR,HEAVY,RUBBE,0.36,225017.597,4,4,225017.579,0.0,0.0,0.0,0.018,625048.880556
1752956,IT,CA,CHEM1,WHEAT,0.47,225004.421,4,4,225004.396,0.0,0.0,0.0,0.025,478732.810638
1775944,IT,TR,FOOD5,WHOLE,1.08,224999.732,5,5,224998.712,0.0,1.0,0.0,0.02,208333.085185
1652765,IT,CZ,PAPER,REALE,0.87,224995.431,5,5,224993.409,0.0,2.0,0.0,0.022,258615.437931
1670950,IT,FI,CHEM1,FABRI,0.47,224979.484,4,4,224979.459,0.0,0.0,0.0,0.025,478679.753191
1799514,IT,WE,PAPER,PUBLI,0.87,224967.217,5,5,224965.195,0.0,2.0,0.0,0.022,258583.008046
1741653,IT,US,HEAVY,LUBRI,0.36,224954.929,4,4,224954.911,0.0,0.0,0.0,0.018,624874.802778
1753261,IT,CA,CEMEN,GASDI,0.36,224947.001,5,5,224945.991,0.0,0.0,1.0,0.01,624852.780556
1720304,IT,PL,FABRI,PREC1,0.92,224943.898,4,4,224943.882,0.0,0.0,0.0,0.016,244504.236957
1765206,IT,MX,BUSIN,PUBLI,2.31,224943.548,4,4,224943.532,0.0,0.0,0.0,0.016,97378.159307
1667292,IT,ES,ALUM1,COPP1,0.39,224925.979,4,4,224925.961,0.0,0.0,0.0,0.018,576733.279487
1666767,IT,ES,RUBBE,ELECT,0.75,224919.33,4,4,224919.31,0.0,0.0,0.0,0.02,299892.44
1765420,IT,RU,TEXTI,LEATH,1.33,224894.503,4,4,224894.473,0.0,0.0,0.0,0.03,169093.611278
1771688,IT,CH,WEARI,COMPU,1.69,224857.041,4,4,224856.998,0.0,0.0,0.0,0.043,133051.50355
1677330,IT,FR,FINAN,HEALT,2.93,224849.531,4,4,224849.525,0.0,0.0,0.0,0.006,76740.454266
1760670,IT,IN,PAPER,TEXTI,0.87,224840.609,5,5,224838.587,0.0,2.0,0.0,0.022,258437.481609
1805565,IT,WF,CEMEN,NATUR,0.36,224824.844,5,5,224823.834,0.0,0.0,1.0,0.01,624513.455556
1789835,IT,WA,CERAM,HEAVY,0.35,224801.728,5,5,224800.716,0.0,0.0,1.0,0.012,642290.651429
1717183,IT,NL,AIRTR,RECRE,0.24,224797.178,4,4,224797.171,0.0,0.0,0.0,0.007,936654.908333
1807135,IT,WF,AIRTR,MEATC,0.24,224780.56,4,4,224780.553,0.0,0.0,0.0,0.007,936585.666667
1743714,IT,US,RAILW,HEALT,1.5,224740.051,5,5,224738.041,0.0,0.0,2.0,0.01,149826.700667
1812164,IT,WM,CEMEN,POSTT,0.36,224714.841,5,5,224713.831,0.0,0.0,1.0,0.01,624207.891667
1738831,IT,GB,MOTO1,WHOLE,1.2,224700.016,4,4,224700.001,0.0,0.0,0.0,0.015,187250.013333
1755613,IT,KR,ADDIT,HEAVY,0.52,224695.69,5,5,224693.672,0.0,2.0,0.0,0.018,432107.096154
1674089,IT,FR,HEAVY,VEGET,0.36,224693.061,4,4,224693.043,0.0,0.0,0.0,0.018,624147.391667
1814165,IT,WM,AIRTR,PRIVA,0.24,224688.806,4,4,224688.799,0.0,0.0,0.0,0.007,936203.358333
1767312,IT,RU,HOTEL,AIRTR,1.63,224680.733,4,4,224680.716,0.0,0.0,0.0,0.017,137840.940491
1662751,IT,DK,OFFIC,SEACO,0.7,224646.055,4,4,224646.039,0.0,0.0,0.0,0.016,320922.935714
1673335,IT,FR,TEXTI,RADIO,1.33,224631.47,4,4,224631.44,0.0,0.0,0.0,0.03,168895.842105
1786197,IT,ZA,ALUM1,PAPER,0.39,224624.423,4,4,224624.405,0.0,0.0,0.0,0.018,575960.058974
1750615,IT,CN,OFFIC,WHOLE,0.7,224615.227,4,4,224615.211,0.0,0.0,0.0,0.016,320878.895714
1752014,IT,CN,RESEA,ELEC4,1.22,224571.349,4,4,224571.333,0.0,0.0,0.0,0.016,184074.87623
1803240,IT,WF,CATTL,REALE,0.49,224558.666,5,5,224553.651,0.0,5.0,0.0,0.015,458282.991837
1656313,IT,DE,LEATH,RETA1,1.61,224541.53,5,5,224539.491,0.0,2.0,0.0,0.039,139466.78882
1751259,IT,CN,HOTEL,RENTI,1.63,224531.982,4,4,224531.965,0.0,0.0,0.0,0.017,137749.682209
1802471,IT,WE,SUPPO,WHOLE,1.61,224531.55,4,4,224531.539,0.0,0.0,0.0,0.011,139460.590062
1809462,IT,WM,CHEMI,AUXIL,0.54,224476.484,6,6,224464.463,0.0,1.0,11.0,0.021,415697.192593
1718113,IT,PL,VEGE1,MEATC,0.69,224465.792,5,5,224464.743,0.0,1.0,0.0,0.049,325312.742029
1738443,IT,GB,ALUM1,REALE,0.39,224440.145,4,4,224440.127,0.0,0.0,0.0,0.018,575487.551282
1730660,IT,SE,RENTI,REALE,1.34,224431.584,4,4,224431.571,0.0,0.0,0.0,0.013,167486.256716
1790837,IT,WA,MACHI,DIST1,1.25,224423.675,4,4,224423.657,0.0,0.0,0.0,0.018,179538.94
1729406,IT,SE,BASIC,STEAM,0.26,224414.094,4,4,224414.08,0.0,0.0,0.0,0.014,863131.130769
1784810,IT,ID,HOTEL,CONST,1.63,224409.83,4,4,224409.813,0.0,0.0,0.0,0.017,137674.742331
1785689,IT,ZA,NAPHT,HYDRO,0.38,224398.244,4,4,224398.228,0.0,0.0,0.0,0.016,590521.694737
1643516,IT,AT,TRAN2,GASDI,0.35,224396.959,4,4,224396.953,0.0,0.0,0.0,0.006,641134.168571
1743148,IT,US,MOTO1,RETAI,1.19,224394.777,4,4,224394.762,0.0,0.0,0.0,0.015,188567.039496
1673982,IT,FR,KEROS,COLLE,0.33,224338.081,4,4,224338.063,0.0,0.0,0.0,0.018,679812.366667
1665315,IT,ES,FISH5,PIGS9,0.94,224328.305,5,5,224327.19,0.0,1.0,0.0,0.115,238647.132979
1715195,IT,NL,WOODW,BIODI,0.63,224323.485,5,5,224322.47,0.0,1.0,0.0,0.015,356069.02381
1670973,IT,FI,CHEM1,WHOLE,0.47,224322.429,4,4,224322.405,0.0,0.0,0.0,0.024,477281.76383
1773464,IT,CH,OFFIC,RETA1,0.7,224311.885,4,4,224311.869,0.0,0.0,0.0,0.016,320445.55
1733757,IT,SI,LANDT,CHEM1,1.45,224296.574,4,4,224296.563,0.0,0.0,0.0,0.011,154687.292414
1794584,IT,WL,HEAVY,NONME,0.36,224281.436,4,4,224281.418,0.0,0.0,0.0,0.018,623003.988889
1722968,IT,PT,NAPHT,MOTOR,0.38,224259.772,4,4,224259.756,0.0,0.0,0.0,0.016,590157.294737
1732386,IT,SI,PLAST,PLAST,0.47,224239.781,4,4,224239.758,0.0,0.0,0.0,0.023,477105.917021
1646201,IT,BE,ALUM1,FURNI,0.39,224227.784,4,4,224227.766,0.0,0.0,0.0,0.018,574943.035897
1799565,IT,WE,PRINT,WHOLE,2.15,224219.901,4,4,224219.884,0.0,0.0,0.0,0.017,104288.326047
1758924,IT,BR,HOTEL,RECRE,1.62,224192.748,4,4,224192.731,0.0,0.0,0.0,0.017,138390.585185
1810240,IT,WM,LEATH,LIQUE,1.61,224192.101,5,5,224190.062,0.0,2.0,0.0,0.039,139249.752174
1673059,IT,FR,FOOD5,BIOGA,1.08,224191.16,5,5,224190.14,0.0,1.0,0.0,0.02,207584.407407
1772302,IT,CH,NONSP,DIST1,0.29,224171.606,4,4,224171.594,0.0,0.0,0.0,0.012,773005.537931
1747073,IT,JP,FURNI,FABRI,0.72,224169.804,6,6,224167.785,0.0,1.0,1.0,0.019,311346.95
1811708,IT,WM,ADDIT,CROPS,0.52,224167.798,5,5,224165.781,0.0,2.0,0.0,0.017,431091.919231
1738280,IT,GB,NONME,CONST,0.45,224133.976,4,4,224133.951,0.0,0.0,0.0,0.025,498075.502222
1814292,IT,WM,POSTT,EDUCA,3.69,224126.421,4,4,224126.404,0.0,0.0,0.0,0.017,60738.86748
1673170,IT,FR,BEVER,OFFIC,0.95,224108.026,5,5,224107.012,0.0,1.0,0.0,0.014,235903.185263
1749895,IT,CN,RUBBE,EDUCA,0.74,224107.038,4,4,224107.018,0.0,0.0,0.0,0.02,302847.348649
1641822,IT,AT,CHEM1,RETA1,0.47,224100.588,4,4,224100.564,0.0,0.0,0.0,0.024,476809.761702
1734405,IT,SK,VEGET,LIQUE,0.79,224072.587,5,5,224071.578,0.0,1.0,0.0,0.009,283636.186076
1715321,IT,NL,PAPER,EDUCA,0.87,224069.688,5,5,224067.666,0.0,2.0,0.0,0.022,257551.365517
1771087,IT,CH,NATUR,RETA1,0.31,224058.293,4,4,224058.278,0.0,0.0,0.0,0.015,722768.687097
1746387,IT,JP,RUBBE,FABRI,0.74,224042.15,4,4,224042.13,0.0,0.0,0.0,0.02,302759.662162
1800285,IT,WE,PLAST,TRAN2,0.47,224026.764,4,4,224026.741,0.0,0.0,0.0,0.023,476652.689362
1721233,IT,PL,LANDT,HEAVY,1.45,224021.143,4,4,224021.132,0.0,0.0,0.0,0.011,154497.34
1723242,IT,PT,GLASS,RAWMI,0.61,224020.51,5,5,224019.497,0.0,0.0,1.0,0.013,367246.737705
1782477,IT,NO,MACHI,TRAN2,1.25,224017.118,4,4,224017.1,0.0,0.0,0.0,0.018,179213.6944
1753117,IT,CA,RUBBE,NONME,0.74,223998.706,4,4,223998.686,0.0,0.0,0.0,0.02,302700.954054
1688437,IT,IE,FISH5,WHOLE,0.94,223981.301,5,5,223980.186,0.0,1.0,0.0,0.115,238277.979787
1674593,IT,FR,RUBBE,RAILW,0.74,223975.156,4,4,223975.136,0.0,0.0,0.0,0.02,302669.12973
1658746,IT,DE,OFFIC,EDUCA,0.69,223926.932,4,4,223926.916,0.0,0.0,0.0,0.016,324531.785507
1777294,IT,TR,RUBBE,93197,0.74,223913.404,4,4,223913.384,0.0,0.0,0.0,0.02,302585.681081
1786296,IT,ZA,FABRI,FURNI,0.91,223879.652,4,4,223879.636,0.0,0.0,0.0,0.016,246021.595604
1741331,IT,US,PAPER,REALE,0.87,223873.922,5,5,223871.9,0.0,2.0,0.0,0.022,257326.347126
1728909,IT,SE,CHEM1,GLASS,0.47,223858.132,4,4,223858.108,0.0,0.0,0.0,0.024,476293.897872
1688280,IT,IE,ANIMA,RUBBE,0.88,223830.474,5,5,223829.463,0.0,1.0,0.0,0.011,254352.811364
1814083,IT,WM,AIRTR,FISH5,0.24,223792.098,4,4,223792.091,0.0,0.0,0.0,0.007,932467.075
1726391,IT,RO,NONF1,OFFIC,0.05,223764.702,3,3,223764.702,0.0,0.0,0.0,0.0,4475294.04
1644655,IT,BE,BEVER,PIGS9,0.95,223752.952,5,5,223751.938,0.0,1.0,0.0,0.014,235529.423158
1725476,IT,RO,WEARI,FURNI,1.69,223747.794,4,4,223747.751,0.0,0.0,0.0,0.043,132395.144379
1744766,IT,US,RESEA,LUBRI,1.21,223732.278,4,4,223732.262,0.0,0.0,0.0,0.016,184902.709091
1750216,IT,CN,LEAD1,MACHI,0.39,223728.415,6,6,223726.396,0.0,1.0,1.0,0.019,573662.602564
1788252,IT,WA,LEATH,WEARI,1.6,223695.254,5,5,223693.215,0.0,2.0,0.0,0.039,139809.53375
1800915,IT,WE,PREC1,TRANS,0.38,223660.685,4,4,223660.675,0.0,0.0,0.0,0.01,588580.75
1807089,IT,WF,SEACO,CONST,0.23,223628.805,4,4,223628.801,0.0,0.0,0.0,0.004,972299.152174
1805887,IT,WF,ALUM1,RADIO,0.39,223626.759,4,4,223626.741,0.0,0.0,0.0,0.018,573401.946154
1754047,IT,CA,SEACO,SALEM,0.23,223622.99,4,4,223622.986,0.0,0.0,0.0,0.004,972273.869565
1711741,IT,LU,BUSIN,POSTT,2.3,223622.321,4,4,223622.306,0.0,0.0,0.0,0.015,97227.096087
1730775,IT,SE,BUSIN,CHEM1,2.3,223612.456,4,4,223612.441,0.0,0.0,0.0,0.015,97222.806957
1785850,IT,ZA,CHEM1,AIRTR,0.47,223606.383,4,4,223606.359,0.0,0.0,0.0,0.024,475758.261702
1686804,IT,HU,FABRI,PLAST,0.91,223562.891,4,4,223562.875,0.0,0.0,0.0,0.016,245673.506593
1725678,IT,RO,PAPER,CERAM,0.87,223552.463,5,5,223550.441,0.0,2.0,0.0,0.022,256956.854023
1739733,IT,GB,SUPPO,RENTI,1.61,223546.042,4,4,223546.031,0.0,0.0,0.0,0.011,138848.473292
1758296,IT,BR,ALUM1,FURNI,0.39,223535.106,4,4,223535.088,0.0,0.0,0.0,0.018,573166.938462
1650899,IT,BG,SEACO,VEGE1,0.23,223533.413,4,4,223533.409,0.0,0.0,0.0,0.004,971884.404348
1719772,IT,PL,BASIC,DAIRY,0.26,223515.36,4,4,223515.346,0.0,0.0,0.0,0.014,859674.461538
1742660,IT,US,COPP1,WHOLE,0.56,223513.09,5,5,223512.078,0.0,0.0,1.0,0.012,399130.517857
1777619,IT,TR,ALUM1,RADIO,0.39,223509.779,4,4,223509.761,0.0,0.0,0.0,0.018,573101.997436
1805574,IT,WF,CEMEN,SANDC,0.36,223504.837,5,5,223503.827,0.0,0.0,1.0,0.01,620846.769444
1738197,IT,GB,CERAM,TRANS,0.35,223488.692,5,5,223487.68,0.0,0.0,1.0,0.012,638539.12
1717007,IT,NL,LANDT,HEAVY,1.44,223488.416,4,4,223488.405,0.0,0.0,0.0,0.011,155200.288889
1728850,IT,SE,PLAST,SALEM,0.47,223477.874,4,4,223477.851,0.0,0.0,0.0,0.023,475484.838298
1785515,IT,ZA,MOTOR,CONST,0.33,223474.479,4,4,223474.461,0.0,0.0,0.0,0.018,677195.390909
1681893,IT,HR,DAIRY,PAPER,0.91,223448.213,5,5,223446.198,0.0,2.0,0.0,0.015,245547.486813
1741583,IT,US,GASDI,ELEC2,0.33,223421.646,4,4,223421.628,0.0,0.0,0.0,0.018,677035.290909
1717917,IT,PL,FISHF,NFERT,0.38,223379.789,4,4,223379.781,0.0,0.0,0.0,0.008,587841.55
1810950,IT,WM,GASDI,KEROS,0.33,223376.909,4,4,223376.891,0.0,0.0,0.0,0.018,676899.724242
1663614,IT,DK,BUSIN,CHEM1,2.29,223361.178,4,4,223361.163,0.0,0.0,0.0,0.015,97537.632314
1814078,IT,WM,AIRTR,DAIRY,0.24,223348.283,4,4,223348.276,0.0,0.0,0.0,0.007,930617.845833
1788662,IT,WA,COKEO,FORES,0.03,223328.609,3,3,223328.609,0.0,0.0,0.0,0.0,7444286.966667
1803852,IT,WF,TEXTI,RETA1,1.32,223314.246,4,4,223314.216,0.0,0.0,0.0,0.03,169177.459091
1743319,IT,US,FURNI,93197,0.71,223303.803,6,6,223301.784,0.0,1.0,1.0,0.019,314512.398592
1675850,IT,FR,ELEC1,RAILW,0.03,223298.855,4,4,223298.841,0.0,0.0,0.0,0.014,7443295.166667
1682667,IT,HR,KEROS,RESEA,0.33,223223.621,4,4,223223.603,0.0,0.0,0.0,0.018,676435.215152
1659269,IT,DE,SALEM,RETA1,1.8,223223.353,4,4,223223.339,0.0,0.0,0.0,0.014,124012.973889
1653657,IT,CZ,ALUM1,TRANS,0.39,223214.198,4,4,223214.18,0.0,0.0,0.0,0.018,572344.097436
1791157,IT,WA,FURNI,CATTL,0.71,223205.68,6,6,223203.661,0.0,1.0,1.0,0.019,314374.197183
1745020,IT,US,PUBLI,MOTOR,3.66,223195.782,4,4,223195.766,0.0,0.0,0.0,0.016,60982.454098
1764046,IT,MX,NONF1,MACHI,0.05,223184.361,3,3,223184.361,0.0,0.0,0.0,0.0,4463687.22
1646403,IT,BE,FABRI,RENTI,0.91,223150.578,4,4,223150.562,0.0,0.0,0.0,0.016,245220.415385
1812848,IT,WM,FABRI,COPP1,0.91,223139.598,4,4,223139.582,0.0,0.0,0.0,0.016,245208.349451
1739902,IT,GB,FINAN,COMPU,2.91,223130.345,4,4,223130.339,0.0,0.0,0.0,0.006,76677.094502
1750045,IT,CN,BASIC,VEGET,0.26,223124.55,4,4,223124.536,0.0,0.0,0.0,0.014,858171.346154
1798861,IT,WE,BEVER,CRUDE,0.95,223119.563,5,5,223118.549,0.0,1.0,0.0,0.014,234862.697895
1743202,IT,US,TRANS,FABRI,1.33,223118.82,4,4,223118.808,0.0,0.0,0.0,0.012,167758.511278
1789164,IT,WA,PLAST,MEATC,0.47,223103.856,4,4,223103.833,0.0,0.0,0.0,0.023,474689.055319
1738991,IT,GB,SALEM,OFFIC,1.8,223096.155,4,4,223096.141,0.0,0.0,0.0,0.014,123942.308333
1682736,IT,HR,GASDI,HOTEL,0.33,223088.521,4,4,223088.503,0.0,0.0,0.0,0.018,676025.821212
1678795,IT,GR,FOOD5,SEACO,1.07,223085.658,5,5,223084.638,0.0,1.0,0.0,0.02,208491.269159
1779814,IT,TR,BUSIN,RECRE,2.29,223081.695,4,4,223081.68,0.0,0.0,0.0,0.015,97415.587336
1738553,IT,GB,FABRI,FOOD5,0.91,223081.165,4,4,223081.149,0.0,0.0,0.0,0.016,245144.137363
1660895,IT,DE,RESEA,EDUCA,1.21,223045.96,4,4,223045.944,0.0,0.0,0.0,0.016,184335.504132
1723734,IT,PT,MACHI,REALE,1.24,223041.052,4,4,223041.034,0.0,0.0,0.0,0.018,179871.816129
1769382,IT,AU,CERAM,BASIC,0.35,222995.986,5,5,222994.974,0.0,0.0,1.0,0.012,637131.388571
1675628,IT,FR,MOTO1,EDUCA,1.19,222968.786,4,4,222968.771,0.0,0.0,0.0,0.015,187368.727731
1663679,IT,DK,BUSIN,RECRE,2.29,222958.971,4,4,222958.956,0.0,0.0,0.0,0.015,97361.99607
1790700,IT,WA,FABRI,LANDT,0.91,222956.717,4,4,222956.701,0.0,0.0,0.0,0.016,245007.381319
1718702,IT,PL,WOODW,REALE,0.62,222954.577,5,5,222953.562,0.0,1.0,0.0,0.015,359604.156452
1745374,IT,JP,VEGE1,ELEC1,0.69,222935.53,5,5,222934.481,0.0,1.0,0.0,0.049,323094.971014
1740931,IT,US,FOOD5,CEMEN,1.07,222923.832,5,5,222922.812,0.0,1.0,0.0,0.02,208340.029907
1685417,IT,HU,WOODW,CROPS,0.62,222903.872,5,5,222902.857,0.0,1.0,0.0,0.015,359522.374194
1731054,IT,SI,VEGET,FORES,0.79,222890.492,5,5,222889.483,0.0,1.0,0.0,0.009,282139.863291
1648203,IT,BE,BUSIN,COPP1,2.29,222879.888,4,4,222879.873,0.0,0.0,0.0,0.015,97327.462009
1750343,IT,CN,FABRI,FOOD5,0.91,222869.556,4,4,222869.54,0.0,0.0,0.0,0.016,244911.6
1728495,IT,SE,WOODW,PAPER,0.62,222850.319,5,5,222849.304,0.0,1.0,0.0,0.015,359435.998387
1749514,IT,CN,PETRO,FURNI,0.37,222841.036,4,4,222841.019,0.0,0.0,0.0,0.017,602273.07027
1777607,IT,TR,ALUM1,NONME,0.39,222840.011,4,4,222839.993,0.0,0.0,0.0,0.018,571384.64359
1758019,IT,BR,RUBBE,ALUM1,0.74,222839.997,4,4,222839.977,0.0,0.0,0.0,0.02,301135.131081
1807187,IT,WF,AIRTR,DISTR,0.24,222799.526,4,4,222799.519,0.0,0.0,0.0,0.007,928331.358333
1682929,IT,HR,BITU1,DIST1,0.35,222780.405,4,4,222780.387,0.0,0.0,0.0,0.018,636515.442857
1757633,IT,BR,HEAVY,CATTL,0.36,222776.795,4,4,222776.777,0.0,0.0,0.0,0.018,618824.430556
1657518,IT,DE,GLASS,PIGS9,0.61,222750.349,5,5,222749.336,0.0,0.0,1.0,0.013,365164.506557
1753567,IT,CA,MACHI,PREC1,1.24,222702.216,4,4,222702.198,0.0,0.0,0.0,0.018,179598.56129
1757095,IT,KR,BUSIN,EDUCA,2.29,222700.378,4,4,222700.363,0.0,0.0,0.0,0.015,97249.073362
1663659,IT,DK,BUSIN,RENTI,2.29,222696.926,4,4,222696.911,0.0,0.0,0.0,0.015,97247.565939
1690136,IT,IE,COMPU,SUPPO,2.54,222684.52,4,4,222684.506,0.0,0.0,0.0,0.014,87671.070866
1648180,IT,BE,BUSIN,REFI1,2.29,222672.031,4,4,222672.016,0.0,0.0,0.0,0.015,97236.69476
1720172,IT,PL,COPP1,PREC1,0.56,222648.15,5,5,222647.138,0.0,0.0,1.0,0.012,397585.982143
1740950,IT,US,FOOD5,AIRTR,1.07,222630.13,5,5,222629.11,0.0,1.0,0.0,0.02,208065.542056
1720008,IT,PL,ALUM1,PAPER,0.39,222589.54,4,4,222589.522,0.0,0.0,0.0,0.018,570742.410256
1790792,IT,WA,MACHI,NAPHT,1.24,222579.716,4,4,222579.698,0.0,0.0,0.0,0.018,179499.770968
1811516,IT,WM,NFERT,RAWMI,0.05,222569.965,4,4,222569.947,0.0,0.0,0.0,0.018,4451399.3
1719702,IT,PL,NONME,CERAM,0.45,222561.018,4,4,222560.994,0.0,0.0,0.0,0.024,494580.04
1729943,IT,SE,FURNI,EDUCA,0.71,222555.277,6,6,222553.258,0.0,1.0,1.0,0.019,313458.13662
1783638,IT,NO,FOOD3,RENTI,0.63,222543.914,4,4,222543.903,0.0,0.0,0.0,0.011,353244.307937
1803152,IT,WF,VEGET,FINAN,0.79,222542.32,5,5,222541.311,0.0,1.0,0.0,0.009,281699.139241
1686065,IT,HU,RUBBE,BEVER,0.74,222541.161,4,4,222541.141,0.0,0.0,0.0,0.02,300731.298649
1760558,IT,IN,LEATH,OFFIC,1.59,222532.67,5,5,222530.631,0.0,2.0,0.0,0.039,139957.654088
1807326,IT,WF,POSTT,RETA1,3.66,222529.957,4,4,222529.94,0.0,0.0,0.0,0.017,60800.534699
1810098,IT,WM,TEXTI,SUPPO,1.32,222509.299,4,4,222509.269,0.0,0.0,0.0,0.03,168567.650758
1657477,IT,DE,RUBBE,AIRTR,0.74,222507.863,4,4,222507.843,0.0,0.0,0.0,0.02,300686.301351
1756089,IT,KR,FABRI,RADIO,0.91,222502.677,4,4,222502.661,0.0,0.0,0.0,0.016,244508.436264
1747093,IT,JP,FURNI,WHOLE,0.71,222502.357,6,6,222500.338,0.0,1.0,1.0,0.019,313383.601408
1672371,IT,FI,BUSIN,PLAST,2.29,222497.923,4,4,222497.908,0.0,0.0,0.0,0.015,97160.665066
1681790,IT,HR,MEATC,FOOD5,0.74,222480.739,5,5,222477.725,0.0,3.0,0.0,0.014,300649.647297
1746229,IT,JP,CHEM1,KERO1,0.46,222422.048,4,4,222422.024,0.0,0.0,0.0,0.024,483526.191304
1715224,IT,NL,WOODW,REALE,0.62,222401.173,5,5,222400.158,0.0,1.0,0.0,0.015,358711.569355
1679077,IT,GR,PULP5,RUBBE,0.68,222386.528,5,5,222385.507,0.0,1.0,0.0,0.021,327039.011765
1722134,IT,PL,BUSIN,DISTR,2.28,222378.507,4,4,222378.492,0.0,0.0,0.0,0.015,97534.432895
1746667,IT,JP,NONF1,ELECT,0.05,222350.202,3,3,222350.202,0.0,0.0,0.0,0.0,4447004.04
1794938,IT,WL,CHEM1,NAPHT,0.46,222338.052,4,4,222338.028,0.0,0.0,0.0,0.024,483343.591304
1776920,IT,TR,PLAST,LEAD1,0.47,222324.366,4,4,222324.343,0.0,0.0,0.0,0.023,473030.565957
1746649,IT,JP,COPP1,ELECT,0.56,222323.272,5,5,222322.261,0.0,0.0,1.0,0.011,397005.842857
1788747,IT,WA,MOTOR,RETA1,0.33,222305.763,4,4,222305.745,0.0,0.0,0.0,0.018,673653.827273
1713501,IT,MT,RUBBE,WHOLE,0.74,222302.51,4,4,222302.49,0.0,0.0,0.0,0.02,300408.797297
1777036,IT,TR,CHEM1,REFI1,0.46,222299.341,4,4,222299.317,0.0,0.0,0.0,0.024,483259.436957
1738927,IT,GB,FURNI,SUPPO,0.71,222297.161,6,6,222295.142,0.0,1.0,1.0,0.019,313094.592958
1657499,IT,DE,RUBBE,FOOD2,0.74,222291.458,4,4,222291.438,0.0,0.0,0.0,0.02,300393.862162
1809588,IT,WM,VEGE1,WHOLE,0.68,222283.887,5,5,222282.839,0.0,1.0,0.0,0.048,326888.069118
1767548,IT,RU,AIRTR,MOTO1,0.24,222276.635,4,4,222276.628,0.0,0.0,0.0,0.007,926152.645833
1682520,IT,HR,COKEO,FISH5,0.03,222274.223,3,3,222274.223,0.0,0.0,0.0,0.0,7409140.766667
1758444,IT,BR,FABRI,PUBLI,0.9,222250.577,4,4,222250.561,0.0,0.0,0.0,0.016,246945.085556
1765570,IT,RU,LEATH,WHOLE,1.59,222228.761,5,5,222226.723,0.0,2.0,0.0,0.038,139766.516352
1671840,IT,FI,RETA1,SUPPO,2.32,222211.406,4,4,222211.391,0.0,0.0,0.0,0.015,95780.778448
1801205,IT,WE,FABRI,CERAM,0.9,222191.199,4,4,222191.183,0.0,0.0,0.0,0.016,246879.11
1723737,IT,PT,MACHI,RESEA,1.24,222182.5,4,4,222182.482,0.0,0.0,0.0,0.018,179179.435484
1653277,IT,CZ,RUBBE,LANDT,0.74,222155.452,4,4,222155.432,0.0,0.0,0.0,0.02,300210.07027
1769575,IT,AU,COPP1,FABRI,0.56,222136.994,5,5,222135.983,0.0,0.0,1.0,0.011,396673.203571
1745032,IT,US,PUBLI,PLAST,3.64,222129.823,4,4,222129.807,0.0,0.0,0.0,0.016,61024.676648
1737518,IT,GB,WOODW,CEMEN,0.62,222104.467,5,5,222103.452,0.0,1.0,0.0,0.015,358233.01129
1721215,IT,PL,LANDT,SUGA1,1.43,222089.415,4,4,222089.404,0.0,0.0,0.0,0.011,155307.283217
1775799,IT,TR,CHEMI,KEROS,0.53,222069.967,6,6,222057.946,0.0,1.0,11.0,0.021,418999.937736
1766097,IT,RU,RUBBE,TOBAC,0.74,222068.717,4,4,222068.697,0.0,0.0,0.0,0.02,300092.860811
1680784,IT,GR,HOTEL,SUPPO,1.61,222068.709,4,4,222068.692,0.0,0.0,0.0,0.017,137930.875155
1756161,IT,KR,MACHI,TOBAC,1.24,222052.551,4,4,222052.533,0.0,0.0,0.0,0.018,179074.637903
1744826,IT,US,RESEA,FINAN,1.2,222051.047,4,4,222051.031,0.0,0.0,0.0,0.016,185042.539167
1657559,IT,DE,GLASS,BIOGA,0.61,222045.029,5,5,222044.016,0.0,0.0,1.0,0.013,364008.244262
1673295,IT,FR,TEXTI,RAWMI,1.32,222041.946,4,4,222041.917,0.0,0.0,0.0,0.029,168213.595455
1772243,IT,CH,HEAVY,NONME,0.36,222001.67,4,4,222001.652,0.0,0.0,0.0,0.018,616671.305556
1766527,IT,RU,COPP1,HEAVY,0.56,221981.913,5,5,221980.902,0.0,0.0,1.0,0.011,396396.273214
1653914,IT,CZ,FABRI,PUBLI,0.9,221977.412,4,4,221977.396,0.0,0.0,0.0,0.016,246641.568889
1795760,IT,WL,MACHI,LEATH,1.24,221970.809,4,4,221970.791,0.0,0.0,0.0,0.018,179008.716935
1772842,IT,CH,BASIC,BEVER,0.26,221949.235,4,4,221949.221,0.0,0.0,0.0,0.014,853650.903846
1667069,IT,ES,NONME,ELECT,0.45,221940.555,4,4,221940.531,0.0,0.0,0.0,0.024,493201.233333
1659730,IT,DE,RAILW,WHOLE,1.48,221932.044,5,5,221930.034,0.0,0.0,2.0,0.01,149954.083784
1651339,IT,CY,WOODW,CONST,0.62,221926.538,5,5,221925.523,0.0,1.0,0.0,0.015,357946.029032
1670522,IT,FI,BEVER,RESEA,0.94,221911.895,5,5,221910.881,0.0,1.0,0.0,0.014,236076.484043
1813425,IT,WM,FURNI,MEMBE,0.71,221911.254,6,6,221909.235,0.0,1.0,1.0,0.019,312551.061972
1653561,IT,CZ,BASIC,HOTEL,0.26,221866.777,4,4,221866.763,0.0,0.0,0.0,0.014,853333.757692
1811288,IT,WM,BITU1,ETHAN,0.35,221864.286,4,4,221864.268,0.0,0.0,0.0,0.018,633897.96
1801173,IT,WE,FABRI,SUGA1,0.9,221862.282,4,4,221862.266,0.0,0.0,0.0,0.016,246513.646667
1789057,IT,WA,NAPHT,CONST,0.38,221853.54,4,4,221853.524,0.0,0.0,0.0,0.016,583825.105263
1804977,IT,WF,PLAST,BITUM,0.47,221844.728,4,4,221844.705,0.0,0.0,0.0,0.023,472010.059574
1785975,IT,ZA,RUBBE,RAILW,0.74,221839.492,4,4,221839.472,0.0,0.0,0.0,0.02,299783.097297
1675158,IT,FR,COPP1,INTER,0.56,221826.916,5,5,221825.905,0.0,0.0,1.0,0.011,396119.492857
1807258,IT,WF,SUPPO,REALE,1.59,221819.733,4,4,221819.722,0.0,0.0,0.0,0.011,139509.266038
1686406,IT,HU,BASIC,GLASS,0.26,221778.987,4,4,221778.973,0.0,0.0,0.0,0.014,852996.103846
1804647,IT,WF,HEAVY,LANDT,0.36,221768.931,4,4,221768.913,0.0,0.0,0.0,0.018,616024.808333
1749973,IT,CN,CERAM,HOTEL,0.35,221755.12,5,5,221754.108,0.0,0.0,1.0,0.012,633586.057143
1786486,IT,ZA,MOTO1,LANDT,1.18,221745.256,4,4,221745.242,0.0,0.0,0.0,0.014,187919.708475
1688675,IT,IE,CHEM1,PULP5,0.46,221729.499,4,4,221729.475,0.0,0.0,0.0,0.024,482020.65
1745509,IT,JP,FOOD5,WHOLE,1.07,221716.883,5,5,221715.863,0.0,1.0,0.0,0.02,207212.040187
1681073,IT,GR,SUPPO,TEXTI,1.59,221715.109,4,4,221715.098,0.0,0.0,0.0,0.011,139443.46478
1683164,IT,HR,GLASS,FOOD5,0.61,221701.021,5,5,221700.008,0.0,0.0,1.0,0.013,363444.296721
1732534,IT,SI,RUBBE,OFFIC,0.73,221680.442,4,4,221680.422,0.0,0.0,0.0,0.02,303671.838356
1680008,IT,GR,MACHI,DAIRY,1.24,221633.465,4,4,221633.447,0.0,0.0,0.0,0.018,178736.665323
1744923,IT,US,BUSIN,FOUND,2.28,221622.988,4,4,221622.973,0.0,0.0,0.0,0.015,97203.064912
1656531,IT,DE,PAPER,DIST1,0.86,221619.086,5,5,221617.064,0.0,2.0,0.0,0.022,257696.611628
1719505,IT,PL,GLASS,TEXTI,0.61,221615.872,5,5,221614.859,0.0,0.0,1.0,0.013,363304.708197
1719490,IT,PL,GLASS,BITUM,0.61,221548.959,5,5,221547.946,0.0,0.0,1.0,0.013,363195.014754
1686372,IT,HU,BASIC,FORES,0.26,221525.23,4,4,221525.216,0.0,0.0,0.0,0.014,852020.115385
1802936,IT,WF,WHEAT,PIGS9,0.17,221476.439,5,5,221474.434,0.0,2.0,0.0,0.005,1302802.582353
1784883,IT,ID,AIRTR,SUPPO,0.24,221459.319,4,4,221459.312,0.0,0.0,0.0,0.007,922747.1625
1720156,IT,PL,COPP1,GASDI,0.56,221448.909,5,5,221447.898,0.0,0.0,1.0,0.011,395444.480357
1727131,IT,RO,LANDT,TRANS,1.43,221412.044,4,4,221412.034,0.0,0.0,0.0,0.01,154833.597203
1799413,IT,WE,PAPER,RAWMI,0.86,221366.045,5,5,221364.023,0.0,2.0,0.0,0.022,257402.377907
1771754,IT,CH,LEATH,TRANS,1.59,221357.143,5,5,221355.105,0.0,2.0,0.0,0.038,139218.328931
1770014,IT,AU,FURNI,FURNI,0.71,221330.664,6,6,221328.645,0.0,1.0,1.0,0.019,311733.329577
1663780,IT,EE,BEVER,WOODW,0.94,221314.598,5,5,221313.584,0.0,1.0,0.0,0.014,235441.061702
1758051,IT,BR,RUBBE,BUSIN,0.73,221242.225,4,4,221242.205,0.0,0.0,0.0,0.02,303071.541096
1772785,IT,CH,NONME,ALUM1,0.45,221220.489,4,4,221220.465,0.0,0.0,0.0,0.024,491601.086667
1720447,IT,PL,MACHI,LEAD1,1.23,221211.486,4,4,221211.468,0.0,0.0,0.0,0.018,179846.736585
1642836,IT,AT,OFFIC,COMPU,0.69,221191.255,4,4,221191.239,0.0,0.0,0.0,0.016,320567.036232
1674058,IT,FR,GASDI,POSTT,0.33,221180.264,4,4,221180.246,0.0,0.0,0.0,0.018,670243.224242
1742743,IT,US,FABRI,GASDI,0.9,221177.033,4,4,221177.017,0.0,0.0,0.0,0.016,245752.258889
1677313,IT,FR,FINAN,RAILW,2.88,221174.733,4,4,221174.727,0.0,0.0,0.0,0.006,76796.782292
1727358,IT,RO,POSTT,BUSIN,3.64,221155.651,4,4,221155.634,0.0,0.0,0.0,0.017,60757.046978
1657152,IT,DE,PLAST,HOTEL,0.46,221155.261,4,4,221155.239,0.0,0.0,0.0,0.022,480772.306522
1784555,IT,ID,MACHI,FORES,1.23,221154.756,4,4,221154.738,0.0,0.0,0.0,0.018,179800.614634
1799481,IT,WE,PAPER,MEDIC,0.86,221140.886,5,5,221138.864,0.0,2.0,0.0,0.022,257140.565116
1809954,IT,WM,FISH5,FISH5,0.93,221126.895,5,5,221125.781,0.0,1.0,0.0,0.114,237770.854839
1795117,IT,WL,RUBBE,MOTOR,0.73,221106.219,4,4,221106.199,0.0,0.0,0.0,0.02,302885.231507
1722969,IT,PT,NAPHT,KEROS,0.38,221078.52,4,4,221078.504,0.0,0.0,0.0,0.016,581785.578947
1806190,IT,WF,MACHI,CATTL,1.23,221051.588,4,4,221051.57,0.0,0.0,0.0,0.018,179716.738211
1715291,IT,NL,PAPER,OFFIC,0.86,220983.663,5,5,220981.641,0.0,2.0,0.0,0.022,256957.747674
1723295,IT,PT,CERAM,FABRI,0.34,220915.572,5,5,220914.56,0.0,0.0,1.0,0.012,649751.682353
1804227,IT,WF,PRINT,BUSIN,2.12,220856.909,4,4,220856.892,0.0,0.0,0.0,0.017,104177.787264
1730449,IT,SE,POSTT,SALEM,3.64,220856.256,4,4,220856.239,0.0,0.0,0.0,0.017,60674.795604
1675826,IT,FR,ELEC1,MOTOR,0.03,220847.181,4,4,220847.167,0.0,0.0,0.0,0.014,7361572.7
1745594,IT,JP,FISH5,HEALT,0.93,220838.111,5,5,220836.997,0.0,1.0,0.0,0.114,237460.334409
1713353,IT,MT,GASDI,HOTEL,0.33,220828.282,4,4,220828.264,0.0,0.0,0.0,0.018,669176.612121
1798993,IT,WE,TEXTI,FISHF,1.31,220818.47,4,4,220818.441,0.0,0.0,0.0,0.029,168563.717557
1741232,IT,US,WOODW,RETA1,0.62,220779.927,5,5,220778.912,0.0,1.0,0.0,0.015,356096.656452
1681617,IT,GR,HEALT,RAILW,1.15,220775.487,4,4,220775.478,0.0,0.0,0.0,0.009,191978.684348
1735261,IT,SK,GLASS,TEXTI,0.61,220755.323,5,5,220754.31,0.0,0.0,1.0,0.013,361893.972131
1790602,IT,WA,FABRI,FISHF,0.9,220754.359,4,4,220754.343,0.0,0.0,0.0,0.016,245282.621111
1645677,IT,BE,CHEM1,OILHA,0.46,220743.426,4,4,220743.402,0.0,0.0,0.0,0.024,479877.013043
1796592,IT,WL,HOTEL,FOOD5,1.6,220741.207,4,4,220741.19,0.0,0.0,0.0,0.017,137963.254375
1688987,IT,IE,MACHI,RUBBE,1.23,220732.358,4,4,220732.34,0.0,0.0,0.0,0.018,179457.201626
1759135,IT,BR,AIRTR,OFFIC,0.24,220701.394,4,4,220701.387,0.0,0.0,0.0,0.007,919589.141667
1649980,IT,BG,FABRI,BUSIN,0.9,220692.545,4,4,220692.529,0.0,0.0,0.0,0.016,245213.938889
1685458,IT,HU,WOODW,RETAI,0.62,220672.916,5,5,220671.901,0.0,1.0,0.0,0.015,355924.058065
1810910,IT,WM,GASDI,SUGAR,0.33,220662.568,4,4,220662.55,0.0,0.0,0.0,0.018,668674.448485
1715239,IT,NL,PULP5,PAPER,0.67,220660.5,5,5,220659.479,0.0,1.0,0.0,0.021,329344.029851
1730969,IT,SE,WOOD1,MEATC,1.5,220610.626,4,4,220610.612,0.0,0.0,0.0,0.014,147073.750667
1643919,IT,AT,RENTI,AIRTR,1.32,220587.913,4,4,220587.901,0.0,0.0,0.0,0.012,167112.055303
1736981,IT,GB,MEATA,PLAST,1.2,220538.126,5,5,220537.092,0.0,1.0,0.0,0.034,183781.771667
1801820,IT,WE,ELEC6,TEXTI,0.03,220536.2,4,4,220536.165,0.0,0.0,0.0,0.035,7351206.666667
1654323,IT,CZ,ELEC2,LANDT,0.05,220529.759,4,4,220529.736,0.0,0.0,0.0,0.023,4410595.18
1756751,IT,KR,AIRTR,PAPER,0.24,220507.43,4,4,220507.423,0.0,0.0,0.0,0.007,918780.958333
1756365,IT,KR,TRANS,PUBLI,1.32,220505.914,4,4,220505.902,0.0,0.0,0.0,0.012,167049.934848
1755914,IT,KR,BASIC,OFFIC,0.25,220505.26,4,4,220505.246,0.0,0.0,0.0,0.014,882021.04
1788975,IT,WA,HEAVY,MEDIC,0.36,220486.387,4,4,220486.369,0.0,0.0,0.0,0.018,612462.186111
1668692,IT,ES,LANDT,MEATC,1.42,220443.489,4,4,220443.479,0.0,0.0,0.0,0.01,155241.893662
1658829,IT,DE,MOTO1,DIST1,1.17,220442.569,4,4,220442.555,0.0,0.0,0.0,0.014,188412.452137
1810749,IT,WM,MOTOR,COMPU,0.33,220440.505,4,4,220440.487,0.0,0.0,0.0,0.018,668001.530303
1758901,IT,BR,HOTEL,AIRTR,1.6,220417.532,4,4,220417.515,0.0,0.0,0.0,0.017,137760.9575
1648213,IT,BE,BUSIN,TRANS,2.26,220392.726,4,4,220392.711,0.0,0.0,0.0,0.015,97518.90531
1678684,IT,GR,VEGE1,FOOD5,0.68,220390.289,5,5,220389.241,0.0,1.0,0.0,0.048,324103.366176
1668965,IT,ES,AIRTR,MACHI,0.24,220377.228,4,4,220377.221,0.0,0.0,0.0,0.007,918238.45
1729482,IT,SE,ALUM1,RUBBE,0.38,220362.281,4,4,220362.263,0.0,0.0,0.0,0.018,579900.739474
1766773,IT,RU,MACHI,LIQUE,1.23,220357.347,4,4,220357.329,0.0,0.0,0.0,0.018,179152.314634
1727125,IT,RO,LANDT,COPP1,1.42,220352.06,4,4,220352.05,0.0,0.0,0.0,0.01,155177.507042
1754766,IT,KR,DAIRY,EDUCA,0.9,220351.131,5,5,220349.116,0.0,2.0,0.0,0.015,244834.59
1809076,IT,WM,CROPS,MEATA,1.75,220350.058,4,4,220350.046,0.0,0.0,0.0,0.012,125914.318857
1804537,IT,WF,GASDI,AUXIL,0.33,220330.695,4,4,220330.677,0.0,0.0,0.0,0.018,667668.772727
1739131,IT,GB,WHOLE,BUSIN,1.9,220323.101,4,4,220323.088,0.0,0.0,0.0,0.013,115959.526842
1689741,IT,IE,FINAN,WHOLE,2.87,220287.503,4,4,220287.497,0.0,0.0,0.0,0.006,76755.227526
1763471,IT,MX,PLAST,PREC1,0.46,220280.659,4,4,220280.637,0.0,0.0,0.0,0.022,478870.997826
1649437,IT,BG,CHEM1,TRANS,0.46,220268.374,4,4,220268.35,0.0,0.0,0.0,0.024,478844.291304
1661416,IT,DK,VEGE1,HOTEL,0.68,220240.227,5,5,220239.179,0.0,1.0,0.0,0.048,323882.686765
1786038,IT,ZA,CERAM,CERAM,0.34,220198.826,5,5,220197.814,0.0,0.0,1.0,0.012,647643.605882
1728841,IT,SE,PLAST,FABRI,0.46,220154.285,4,4,220154.263,0.0,0.0,0.0,0.022,478596.271739
1723412,IT,PT,BASIC,HOTEL,0.25,220147.434,4,4,220147.42,0.0,0.0,0.0,0.014,880589.736
1759095,IT,BR,AIRTR,BEVER,0.24,220100.679,4,4,220100.672,0.0,0.0,0.0,0.007,917086.1625
1789338,IT,WA,CHEM1,STONE,0.46,220084.571,4,4,220084.547,0.0,0.0,0.0,0.024,478444.719565
1741845,IT,US,PFERT,RESEA,0.1,220078.694,4,4,220078.659,0.0,0.0,0.0,0.035,2200786.94
1650336,IT,BG,ELEC2,NAPHT,0.05,220067.374,4,4,220067.351,0.0,0.0,0.0,0.023,4401347.48
1794778,IT,WL,PLAST,BEVER,0.46,220053.318,4,4,220053.296,0.0,0.0,0.0,0.022,478376.778261
1731959,IT,SI,MOTOR,EDUCA,0.33,220002.797,4,4,220002.779,0.0,0.0,0.0,0.018,666675.142424
1810763,IT,WM,AVIAT,AIRTR,0.51,219986.263,5,5,219985.247,0.0,0.0,1.0,0.016,431345.613725
1680326,IT,GR,ELEC1,FOOD5,0.03,219927.098,4,4,219927.084,0.0,0.0,0.0,0.014,7330903.266667
1809031,IT,WM,VEGET,FURNI,0.78,219913.27,5,5,219912.261,0.0,1.0,0.0,0.009,281940.089744
1797061,IT,WL,SUPPO,LANDT,1.58,219876.818,4,4,219876.807,0.0,0.0,0.0,0.011,139162.543038
1674635,IT,FR,GLASS,OILSE,0.6,219870.594,5,5,219869.581,0.0,0.0,1.0,0.013,366450.99
1657389,IT,DE,RUBBE,SANDC,0.73,219861.097,4,4,219861.077,0.0,0.0,0.0,0.02,301179.584932
1719863,IT,PL,BASIC,PLAS1,0.25,219838.032,4,4,219838.018,0.0,0.0,0.0,0.014,879352.128
1687184,IT,HU,FURNI,HEALT,0.7,219836.785,6,6,219834.766,0.0,1.0,1.0,0.019,314052.55
1742866,IT,US,MACHI,MEATC,1.23,219832.606,4,4,219832.588,0.0,0.0,0.0,0.018,178725.695935
1711078,IT,LU,PREC1,WASTE,0.37,219828.447,4,4,219828.437,0.0,0.0,0.0,0.01,594130.937838
1763786,IT,MX,CERAM,COPPE,0.34,219807.105,5,5,219806.093,0.0,0.0,1.0,0.012,646491.485294
1650508,IT,BG,ELEC6,RUBBE,0.03,219795.151,4,4,219795.116,0.0,0.0,0.0,0.035,7326505.033333
1714127,IT,MT,SEACO,RECRE,0.22,219756.991,4,4,219756.987,0.0,0.0,0.0,0.004,998895.413636
1723249,IT,PT,GLASS,DAIRY,0.6,219756.869,5,5,219755.856,0.0,0.0,1.0,0.013,366261.448333
1786238,IT,ZA,NONF1,BASIC,0.05,219730.434,3,3,219730.434,0.0,0.0,0.0,0.0,4394608.68
1796075,IT,WL,TRANS,PRINT,1.31,219727.829,4,4,219727.817,0.0,0.0,0.0,0.012,167731.167176
1752120,IT,CN,BUSIN,TRANS,2.26,219726.1,4,4,219726.085,0.0,0.0,0.0,0.015,97223.938053
1723578,IT,PT,FABRI,PAPER,0.89,219712.776,4,4,219712.76,0.0,0.0,0.0,0.016,246868.28764
1725989,IT,RO,CHEM1,GLASS,0.46,219664.377,4,4,219664.353,0.0,0.0,0.0,0.024,477531.254348
1644922,IT,BE,LEATH,RENTI,1.57,219656.307,5,5,219654.269,0.0,2.0,0.0,0.038,139908.475796
1688421,IT,IE,BEVER,HOTEL,0.93,219576.392,5,5,219575.378,0.0,1.0,0.0,0.014,236103.647312
1739493,IT,GB,LANDT,ELEC3,1.42,219572.197,4,4,219572.187,0.0,0.0,0.0,0.01,154628.307746
1788123,IT,WA,WEARI,VEGE1,1.65,219560.572,4,4,219560.53,0.0,0.0,0.0,0.042,133067.013333
1732702,IT,SI,CERAM,BUSIN,0.34,219554.21,5,5,219553.198,0.0,0.0,1.0,0.012,645747.676471
1664973,IT,ES,SANDC,WHOLE,0.5,219553.654,5,5,219505.646,0.0,0.0,48.0,0.008,439107.308
1726335,IT,RO,ALUM1,CHEM1,0.38,219522.93,4,4,219522.912,0.0,0.0,0.0,0.018,577691.921053
1675895,IT,FR,ELEC2,COPP1,0.05,219515.7,4,4,219515.677,0.0,0.0,0.0,0.023,4390314.0
1665234,IT,ES,FOOD5,HEALT,1.05,219513.041,5,5,219512.021,0.0,1.0,0.0,0.02,209060.039048
1790635,IT,WA,FABRI,LEATH,0.89,219496.228,4,4,219496.212,0.0,0.0,0.0,0.016,246624.975281
1680015,IT,GR,MACHI,TEXTI,1.22,219485.457,4,4,219485.439,0.0,0.0,0.0,0.018,179906.112295
1800485,IT,WE,RUBBE,MEAT4,0.73,219469.986,4,4,219469.966,0.0,0.0,0.0,0.02,300643.816438
1769425,IT,AU,NONME,BITUM,0.44,219461.918,4,4,219461.894,0.0,0.0,0.0,0.024,498777.086364
1743529,IT,US,RETA1,PUBLI,2.29,219440.453,4,4,219440.439,0.0,0.0,0.0,0.014,95825.525328
1672600,IT,FR,ANIMA,LEATH,0.86,219402.196,5,5,219401.185,0.0,1.0,0.0,0.011,255118.832558
1651626,IT,CY,NONME,CEMEN,0.44,219382.33,4,4,219382.306,0.0,0.0,0.0,0.024,498596.204545
1674557,IT,FR,RUBBE,NONME,0.73,219366.996,4,4,219366.976,0.0,0.0,0.0,0.02,300502.734247
1800821,IT,WE,BASIC,CHEM1,0.25,219356.008,4,4,219355.994,0.0,0.0,0.0,0.014,877424.032
1791875,IT,WA,LANDT,EDUCA,1.42,219345.779,4,4,219345.769,0.0,0.0,0.0,0.01,154468.858451
1680600,IT,GR,CONST,CROPS,1.23,219315.975,5,5,219314.963,0.0,0.0,1.0,0.012,178305.670732
1806768,IT,WF,RETA1,VEGET,2.29,219307.205,4,4,219307.191,0.0,0.0,0.0,0.014,95767.338428
1804202,IT,WF,PRINT,PRINT,2.1,219292.941,4,4,219292.924,0.0,0.0,0.0,0.017,104425.21
1730918,IT,SE,INTER,BASIC,1.32,219278.204,5,5,219277.19,0.0,0.0,1.0,0.014,166119.851515
1771429,IT,CH,FOOD5,BUSIN,1.05,219277.618,5,5,219276.598,0.0,1.0,0.0,0.02,208835.826667
1680401,IT,GR,ELEC2,REALE,0.05,219255.61,4,4,219255.587,0.0,0.0,0.0,0.023,4385112.2
1792025,IT,WA,AIRTR,POULT,0.24,219249.287,4,4,219249.28,0.0,0.0,0.0,0.007,913538.695833
1738921,IT,GB,FURNI,RETA1,0.7,219235.678,6,6,219233.659,0.0,1.0,1.0,0.019,313193.825714
1761273,IT,IN,RUBBE,BASIC,0.73,219230.086,4,4,219230.066,0.0,0.0,0.0,0.02,300315.186301
1766483,IT,RU,ALUM1,BASIC,0.38,219229.198,4,4,219229.18,0.0,0.0,0.0,0.018,576918.942105
1728381,IT,SE,TEXTI,WHOLE,1.3,219199.886,4,4,219199.857,0.0,0.0,0.0,0.029,168615.296923
1795044,IT,WL,ADDIT,CHEM1,0.51,219193.528,5,5,219191.511,0.0,2.0,0.0,0.017,429791.231373
1715305,IT,NL,PAPER,HOTEL,0.85,219179.814,5,5,219177.792,0.0,2.0,0.0,0.022,257858.604706
1747494,IT,JP,SEACO,TRANS,0.22,219176.021,4,4,219176.017,0.0,0.0,0.0,0.004,996254.640909
1674453,IT,FR,BIODI,VEGET,0.45,219167.719,4,4,219167.695,0.0,0.0,0.0,0.024,487039.375556
1645920,IT,BE,CERAM,GASDI,0.34,219163.138,5,5,219162.126,0.0,0.0,1.0,0.012,644597.464706
1728878,IT,SE,CHEM1,COPPE,0.46,219159.471,4,4,219159.447,0.0,0.0,0.0,0.024,476433.632609
1724911,IT,PT,BUSIN,WHOLE,2.25,219153.558,4,4,219153.543,0.0,0.0,0.0,0.015,97401.581333
1811547,IT,WM,PFERT,NATU1,0.1,219146.044,4,4,219146.009,0.0,0.0,0.0,0.035,2191460.44
1658844,IT,DE,MOTO1,POSTT,1.17,219120.811,4,4,219120.797,0.0,0.0,0.0,0.014,187282.744444
1769120,IT,AU,CHEM1,BITUM,0.46,219050.656,4,4,219050.632,0.0,0.0,0.0,0.024,476197.078261
1733762,IT,SI,LANDT,CEMEN,1.41,219044.067,4,4,219044.057,0.0,0.0,0.0,0.01,155350.402128
1807719,IT,WF,BUSIN,FINAN,2.25,219031.862,4,4,219031.847,0.0,0.0,0.0,0.015,97347.494222
1808906,IT,WM,CEREA,CEREA,0.36,219030.617,5,5,219029.605,0.0,1.0,0.0,0.012,608418.380556
1665869,IT,ES,PRINT,HOTEL,2.1,219003.318,4,4,219003.301,0.0,0.0,0.0,0.017,104287.294286
1713768,IT,MT,OFFIC,RECRE,0.68,218995.009,4,4,218994.993,0.0,0.0,0.0,0.016,322051.483824
1658664,IT,DE,MACHI,MEMBE,1.22,218990.118,4,4,218990.1,0.0,0.0,0.0,0.018,179500.096721
1761584,IT,IN,NONF1,PREC1,0.05,218962.509,3,3,218962.509,0.0,0.0,0.0,0.0,4379250.18
1757665,IT,BR,HEAVY,NAPHT,0.35,218911.086,4,4,218911.068,0.0,0.0,0.0,0.018,625460.245714
1766281,IT,RU,CERAM,WHOLE,0.34,218842.771,5,5,218841.759,0.0,0.0,1.0,0.012,643655.208824
1758098,IT,BR,GLASS,MOTO1,0.6,218841.448,5,5,218840.435,0.0,0.0,1.0,0.013,364735.746667
1730275,IT,SE,SEACO,CONST,0.22,218783.676,4,4,218783.672,0.0,0.0,0.0,0.004,994471.254545
1715765,IT,NL,BIODI,FISH5,0.45,218781.513,4,4,218781.489,0.0,0.0,0.0,0.024,486181.14
1713018,IT,MT,MEATC,HOTEL,0.73,218755.181,5,5,218752.167,0.0,3.0,0.0,0.014,299664.631507
1788537,IT,WA,PAPER,TEXTI,0.85,218747.63,5,5,218745.608,0.0,2.0,0.0,0.022,257350.152941
1761471,IT,IN,PREC1,NONME,0.37,218724.077,4,4,218724.067,0.0,0.0,0.0,0.01,591146.154054
1661679,IT,DK,TEXTI,HEALT,1.3,218688.716,4,4,218688.687,0.0,0.0,0.0,0.029,168222.089231
1736011,IT,SK,TRANS,HOTEL,1.31,218682.438,4,4,218682.426,0.0,0.0,0.0,0.012,166933.158779
1640398,IT,AT,MEAT4,NFERT,1.2,218677.472,5,5,218676.457,0.0,1.0,0.0,0.015,182231.226667
1687661,IT,HU,AIRTR,FABRI,0.24,218670.759,4,4,218670.752,0.0,0.0,0.0,0.007,911128.1625
1714747,IT,NL,DAIRY,WHOLE,0.89,218666.659,5,5,218664.644,0.0,2.0,0.0,0.015,245692.875281
1779918,IT,TW,CONST,KEROS,1.22,218665.918,5,5,218664.906,0.0,0.0,1.0,0.012,179234.359016
1806429,IT,WF,TRANS,NATUR,1.3,218640.895,4,4,218640.883,0.0,0.0,0.0,0.012,168185.303846
1664986,IT,ES,CHEMI,FOOD5,0.52,218619.411,6,6,218607.39,0.0,1.0,11.0,0.021,420421.944231
1687418,IT,HU,HOTEL,COMPU,1.58,218617.131,4,4,218617.115,0.0,0.0,0.0,0.016,138365.272785
1805672,IT,WF,BASIC,CATTL,0.25,218584.66,4,4,218584.646,0.0,0.0,0.0,0.014,874338.64
1676993,IT,FR,AIRTR,REALE,0.24,218582.744,4,4,218582.737,0.0,0.0,0.0,0.007,910761.433333
1757987,IT,BR,RUBBE,FOOD5,0.72,218582.127,4,4,218582.107,0.0,0.0,0.0,0.02,303586.2875
1743630,IT,US,HOTEL,ELEC5,1.58,218577.609,4,4,218577.593,0.0,0.0,0.0,0.016,138340.258861
1751953,IT,CN,COMPU,HEALT,2.5,218573.865,4,4,218573.851,0.0,0.0,0.0,0.014,87429.546
1725103,IT,RO,STONE,WHEAT,0.71,218568.261,5,5,218556.251,0.0,0.0,12.0,0.01,307842.621127
1746705,IT,JP,FABRI,FOUND,0.89,218564.181,4,4,218564.165,0.0,0.0,0.0,0.016,245577.731461
1799836,IT,WE,GASDI,BEVER,0.33,218523.72,4,4,218523.702,0.0,0.0,0.0,0.018,662193.090909
1743854,IT,US,SEACO,SUBBI,0.22,218523.305,4,4,218523.301,0.0,0.0,0.0,0.004,993287.75
1649003,IT,BG,WOODW,CROPS,0.61,218513.985,5,5,218512.97,0.0,1.0,0.0,0.015,358219.647541
1735868,IT,SK,OFFIC,FOOD5,0.68,218493.669,4,4,218493.653,0.0,0.0,0.0,0.016,321314.219118
1767394,IT,RU,LANDT,WOODW,1.41,218487.043,4,4,218487.033,0.0,0.0,0.0,0.01,154955.349645
1674884,IT,FR,NONME,EDUCA,0.44,218480.126,4,4,218480.102,0.0,0.0,0.0,0.024,496545.740909
1764764,IT,MX,HOTEL,AUXIL,1.58,218478.042,4,4,218478.026,0.0,0.0,0.0,0.016,138277.241772
1686856,IT,HU,FABRI,COMPU,0.89,218451.036,4,4,218451.02,0.0,0.0,0.0,0.016,245450.602247
1657300,IT,DE,CHEM1,WOOD1,0.46,218391.744,4,4,218391.72,0.0,0.0,0.0,0.024,474764.66087
1745723,IT,JP,WEARI,WOODW,1.65,218374.556,4,4,218374.515,0.0,0.0,0.0,0.041,132348.215758
1675254,IT,FR,FABRI,NONME,0.89,218368.663,4,4,218368.647,0.0,0.0,0.0,0.016,245358.048315
1689471,IT,IE,HOTEL,INSUR,1.58,218356.818,4,4,218356.802,0.0,0.0,0.0,0.016,138200.517722
1658899,IT,DE,FURNI,WEARI,0.7,218298.744,6,6,218296.725,0.0,1.0,1.0,0.019,311855.348571
1682433,IT,HR,PAPER,FABRI,0.85,218286.938,5,5,218284.916,0.0,2.0,0.0,0.022,256808.162353
1645411,IT,BE,LIQUE,KEROS,0.38,218274.119,4,4,218274.101,0.0,0.0,0.0,0.018,574405.576316
1711686,IT,LU,BUSIN,MEATC,2.24,218271.513,4,4,218271.498,0.0,0.0,0.0,0.015,97442.639732
1748377,IT,CN,PLANT,WOODW,0.5,218240.75,5,5,218236.728,0.0,4.0,0.0,0.022,436481.5
1749977,IT,CN,CERAM,SUPPO,0.34,218193.38,5,5,218192.368,0.0,0.0,1.0,0.012,641745.235294
1732654,IT,SI,GLASS,BUSIN,0.6,218180.636,5,5,218179.624,0.0,0.0,1.0,0.012,363634.393333
1726638,IT,RO,MOTO1,WHOLE,1.16,218127.662,4,4,218127.648,0.0,0.0,0.0,0.014,188041.087931
1643234,IT,AT,HOTEL,NONF1,1.58,218123.158,4,4,218123.142,0.0,0.0,0.0,0.016,138052.631646
1744932,IT,US,BUSIN,FURNI,2.24,218114.029,4,4,218114.014,0.0,0.0,0.0,0.015,97372.334375
1674901,IT,FR,NONME,INERT,0.44,218111.615,4,4,218111.591,0.0,0.0,0.0,0.024,495708.215909
1805410,IT,WF,RUBBE,AUXIL,0.72,218103.301,4,4,218103.281,0.0,0.0,0.0,0.02,302921.251389
1653759,IT,CZ,COPP1,FURNI,0.55,218059.079,5,5,218058.068,0.0,0.0,1.0,0.011,396471.052727
1666519,IT,ES,PLAST,RESEA,0.46,218042.334,4,4,218042.312,0.0,0.0,0.0,0.022,474005.073913
1744255,IT,US,POSTT,SALEM,3.59,218001.96,4,4,218001.943,0.0,0.0,0.0,0.017,60724.779944
1682798,IT,HR,HEAVY,CEMEN,0.35,217997.564,4,4,217997.546,0.0,0.0,0.0,0.018,622850.182857
1659793,IT,DE,LANDT,PAPER,1.41,217989.763,4,4,217989.753,0.0,0.0,0.0,0.01,154602.668794
1780532,IT,TW,POSTT,HEALT,3.59,217974.289,4,4,217974.272,0.0,0.0,0.0,0.017,60717.072145
1728933,IT,SE,CHEM1,ELEC5,0.46,217968.932,4,4,217968.908,0.0,0.0,0.0,0.024,473845.504348
1667311,IT,ES,ALUM1,DISTR,0.38,217967.815,4,4,217967.798,0.0,0.0,0.0,0.017,573599.513158
1727950,IT,SE,OILSE,HOTEL,0.16,217960.31,5,5,217958.3,0.0,2.0,0.0,0.01,1362251.9375
1802795,IT,WE,BUSIN,INSUR,2.24,217949.934,4,4,217949.919,0.0,0.0,0.0,0.015,97299.077679
1738244,IT,GB,CEMEN,WHOLE,0.35,217926.221,5,5,217925.211,0.0,0.0,1.0,0.01,622646.345714
1674626,IT,FR,RUBBE,INERT,0.72,217917.508,4,4,217917.488,0.0,0.0,0.0,0.02,302663.205556
1773767,IT,CH,ELEC2,GLASS,0.05,217914.839,4,4,217914.816,0.0,0.0,0.0,0.023,4358296.78
1653583,IT,CZ,BASIC,FOOD3,0.25,217907.051,4,4,217907.037,0.0,0.0,0.0,0.014,871628.204
1667657,IT,ES,MACHI,GLASS,1.22,217891.646,4,4,217891.628,0.0,0.0,0.0,0.018,178599.709836
1686702,IT,HU,COPP1,RUBBE,0.55,217871.361,5,5,217870.35,0.0,0.0,1.0,0.011,396129.747273
1720620,IT,PL,MOTO1,FOOD5,1.16,217862.542,4,4,217862.528,0.0,0.0,0.0,0.014,187812.536207
1728904,IT,SE,CHEM1,NUCLE,0.46,217849.928,4,4,217849.904,0.0,0.0,0.0,0.024,473586.8
1766734,IT,RU,MACHI,COKIN,1.22,217847.027,4,4,217847.009,0.0,0.0,0.0,0.018,178563.136885
1662160,IT,DK,RUBBE,ELECT,0.72,217825.83,4,4,217825.81,0.0,0.0,0.0,0.02,302535.875
1672564,IT,FR,OILSE,DAIRY,0.16,217814.417,5,5,217812.407,0.0,2.0,0.0,0.01,1361340.10625
1716485,IT,NL,OFFIC,TRANS,0.67,217810.954,4,4,217810.938,0.0,0.0,0.0,0.016,325090.976119
1750285,IT,CN,NONF1,TEXTI,0.05,217800.871,3,3,217800.871,0.0,0.0,0.0,0.0,4356017.42
1790644,IT,WA,FABRI,HEAVY,0.89,217788.95,4,4,217788.934,0.0,0.0,0.0,0.016,244706.685393
1671261,IT,FI,BASIC,SECO9,0.25,217749.133,4,4,217749.119,0.0,0.0,0.0,0.014,870996.532
1755232,IT,KR,PULP5,TEXTI,0.66,217746.214,5,5,217745.194,0.0,1.0,0.0,0.02,329918.506061
1656604,IT,DE,PRINT,FABRI,2.09,217713.903,4,4,217713.886,0.0,0.0,0.0,0.017,104169.331579
1719168,IT,PL,PLAST,TRANS,0.46,217693.484,4,4,217693.462,0.0,0.0,0.0,0.022,473246.704348
1788285,IT,WA,LEATH,RUBBE,1.56,217678.545,5,5,217676.507,0.0,2.0,0.0,0.038,139537.528846
1640889,IT,AT,LEATH,FABRI,1.56,217672.973,5,5,217670.935,0.0,2.0,0.0,0.038,139533.957051
1782385,IT,NO,FABRI,RETAI,0.89,217609.909,4,4,217609.893,0.0,0.0,0.0,0.016,244505.51573
1796855,IT,WL,SEACO,PFERT,0.22,217594.784,4,4,217594.78,0.0,0.0,0.0,0.004,989067.2
1791963,IT,WA,SEACO,BASIC,0.22,217579.215,4,4,217579.211,0.0,0.0,0.0,0.004,988996.431818
1785659,IT,ZA,HEAVY,ELEC3,0.35,217571.282,4,4,217571.265,0.0,0.0,0.0,0.017,621632.234286
1651391,IT,CY,MOTOR,LANDT,0.33,217567.966,4,4,217567.948,0.0,0.0,0.0,0.018,659296.866667
1791359,IT,WA,SALEM,SALEM,1.76,217559.64,4,4,217559.626,0.0,0.0,0.0,0.014,123613.431818
1743047,IT,US,OFFIC,EDUCA,0.67,217557.705,4,4,217557.689,0.0,0.0,0.0,0.016,324712.992537
1679792,IT,GR,PREC1,CONST,0.37,217523.339,4,4,217523.329,0.0,0.0,0.0,0.01,587900.916216
1662005,IT,DK,PLAST,WEARI,0.46,217522.206,4,4,217522.184,0.0,0.0,0.0,0.022,472874.36087
1732148,IT,SI,GASDI,OFFIC,0.32,217498.755,4,4,217498.737,0.0,0.0,0.0,0.018,679683.609375
1674126,IT,FR,HEAVY,BITU1,0.35,217490.654,4,4,217490.637,0.0,0.0,0.0,0.017,621401.868571
1658872,IT,DE,TRANS,MACHI,1.3,217490.316,4,4,217490.304,0.0,0.0,0.0,0.012,167300.243077
1744317,IT,US,FINAN,FABRI,2.83,217488.327,4,4,217488.321,0.0,0.0,0.0,0.006,76850.99894
1716417,IT,NL,MACHI,POSTT,1.21,217393.007,4,4,217392.989,0.0,0.0,0.0,0.018,179663.642149
1722524,IT,PT,FOOD5,HEALT,1.04,217374.62,5,5,217373.601,0.0,1.0,0.0,0.019,209014.057692
1766332,IT,RU,NONME,MOTO1,0.44,217371.89,4,4,217371.866,0.0,0.0,0.0,0.024,494027.022727
1687402,IT,HU,HOTEL,WHOLE,1.58,217370.378,4,4,217370.362,0.0,0.0,0.0,0.016,137576.188608
1657092,IT,DE,NONSP,COLLE,0.29,217366.05,4,4,217366.038,0.0,0.0,0.0,0.012,749538.103448
1777712,IT,TR,COPP1,DIST1,0.55,217358.043,5,5,217357.032,0.0,0.0,1.0,0.011,395196.441818
1737294,IT,GB,FOOD5,HEALT,1.04,217329.949,5,5,217328.93,0.0,1.0,0.0,0.019,208971.104808
1762255,IT,IN,AIRTR,PRINT,0.24,217324.505,4,4,217324.498,0.0,0.0,0.0,0.007,905518.770833
1777987,IT,TR,MACHI,RENTI,1.21,217313.443,4,4,217313.425,0.0,0.0,0.0,0.018,179597.886777
1756693,IT,KR,SEACO,NONME,0.22,217278.968,4,4,217278.964,0.0,0.0,0.0,0.004,987631.672727
1641665,IT,AT,PETRO,CEMEN,0.37,217263.155,4,4,217263.138,0.0,0.0,0.0,0.017,587197.716216
1806253,IT,WF,MACHI,BRICK,1.21,217258.957,4,4,217258.939,0.0,0.0,0.0,0.018,179552.857025
1811512,IT,WM,NFERT,SUGAR,0.05,217250.102,4,4,217250.084,0.0,0.0,0.0,0.018,4345002.04
1743122,IT,US,MOTO1,ALUM1,1.16,217244.969,4,4,217244.955,0.0,0.0,0.0,0.014,187280.14569
1739199,IT,GB,RETA1,TRANS,2.27,217238.273,4,4,217238.259,0.0,0.0,0.0,0.014,95699.679736
1800352,IT,WE,CHEM1,WEARI,0.45,217237.738,4,4,217237.714,0.0,0.0,0.0,0.024,482750.528889
1766013,IT,RU,CHEM1,FOUND,0.45,217231.006,4,4,217230.982,0.0,0.0,0.0,0.024,482735.568889
1744175,IT,US,SUPPO,RECRE,1.56,217230.198,4,4,217230.187,0.0,0.0,0.0,0.011,139250.126923
1674533,IT,FR,RUBBE,MOTOR,0.72,217196.039,4,4,217196.019,0.0,0.0,0.0,0.02,301661.165278
1653810,IT,CZ,NONF1,MACHI,0.05,217186.402,3,3,217186.402,0.0,0.0,0.0,0.0,4343728.04
1723825,IT,PT,MOTO1,RADIO,1.16,217160.859,4,4,217160.845,0.0,0.0,0.0,0.014,187207.637069
1763614,IT,MX,ADDIT,KEROS,0.5,217160.703,5,5,217158.686,0.0,2.0,0.0,0.017,434321.406
1786210,IT,ZA,ALUM1,MACHI,0.38,217152.775,4,4,217152.758,0.0,0.0,0.0,0.017,571454.671053
1666620,IT,ES,CHEM1,AIRTR,0.45,217141.574,4,4,217141.55,0.0,0.0,0.0,0.024,482536.831111
1756744,IT,KR,AIRTR,BEVER,0.24,217139.676,4,4,217139.669,0.0,0.0,0.0,0.007,904748.65
1716907,IT,NL,HOTEL,EDUCA,1.57,217136.627,4,4,217136.611,0.0,0.0,0.0,0.016,138303.584076
1679693,IT,GR,CERAM,HEALT,0.34,217120.809,5,5,217119.797,0.0,0.0,1.0,0.012,638590.614706
1709755,IT,LT,RUBBE,WHEAT,0.72,217116.127,4,4,217116.107,0.0,0.0,0.0,0.02,301550.176389
1725715,IT,RO,PAPER,COMPU,0.84,217110.298,5,5,217108.277,0.0,2.0,0.0,0.021,258464.640476
1774167,IT,CH,WHOLE,93197,1.88,217096.734,4,4,217096.721,0.0,0.0,0.0,0.013,115476.98617
1738684,IT,GB,MACHI,NONME,1.21,217079.52,4,4,217079.502,0.0,0.0,0.0,0.018,179404.561983
1764734,IT,MX,HOTEL,MEDIC,1.57,217066.724,4,4,217066.708,0.0,0.0,0.0,0.016,138259.059873
1728755,IT,SE,GASDI,CONST,0.32,217064.991,4,4,217064.973,0.0,0.0,0.0,0.018,678328.096875
1717035,IT,NL,LANDT,FABRI,1.4,217036.702,4,4,217036.692,0.0,0.0,0.0,0.01,155026.215714
1731829,IT,SI,PAPER,COMPU,0.84,217026.225,5,5,217024.204,0.0,2.0,0.0,0.021,258364.553571
1762833,IT,IN,PUBLI,ELEC2,3.55,217024.133,4,4,217024.118,0.0,0.0,0.0,0.015,61133.558592
1649920,IT,BG,FABRI,GASDI,0.88,217017.563,4,4,217017.547,0.0,0.0,0.0,0.016,246610.867045
1643655,IT,AT,AIRTR,REALE,0.24,216976.401,4,4,216976.394,0.0,0.0,0.0,0.007,904068.3375
1799917,IT,WE,HEAVY,SUGAR,0.35,216941.368,4,4,216941.351,0.0,0.0,0.0,0.017,619832.48
1662813,IT,DK,FURNI,HEALT,0.69,216921.751,6,6,216919.732,0.0,1.0,1.0,0.019,314379.349275
1658802,IT,DE,MOTO1,BASIC,1.15,216899.746,4,4,216899.732,0.0,0.0,0.0,0.014,188608.474783
1804313,IT,WF,MOTOR,BASIC,0.32,216898.296,4,4,216898.278,0.0,0.0,0.0,0.018,677807.175
1800630,IT,WE,GLASS,BUSIN,0.6,216885.186,5,5,216884.174,0.0,0.0,1.0,0.012,361475.31
1750048,IT,CN,BASIC,COKIN,0.25,216862.274,4,4,216862.26,0.0,0.0,0.0,0.014,867449.096
1784114,IT,ID,WOODW,FURNI,0.61,216854.727,5,5,216853.712,0.0,1.0,0.0,0.015,355499.552459
1643300,IT,AT,HOTEL,RECRE,1.57,216849.856,4,4,216849.84,0.0,0.0,0.0,0.016,138120.927389
1679426,IT,GR,CHEM1,PLANT,0.45,216846.044,4,4,216846.02,0.0,0.0,0.0,0.024,481880.097778
1746446,IT,JP,GLASS,GLASS,0.6,216841.859,5,5,216840.847,0.0,0.0,1.0,0.012,361403.098333
1764288,IT,MX,MACHI,INSUR,1.21,216790.221,4,4,216790.203,0.0,0.0,0.0,0.018,179165.471901
1654522,IT,CZ,HOTEL,FABRI,1.57,216787.887,4,4,216787.871,0.0,0.0,0.0,0.016,138081.456688
1806049,IT,WF,COPP1,RESEA,0.55,216774.544,5,5,216773.533,0.0,0.0,1.0,0.011,394135.534545
1675446,IT,FR,MACHI,WOOD1,1.21,216773.015,4,4,216772.997,0.0,0.0,0.0,0.018,179151.252066
1754556,IT,CA,BUSIN,PUBLI,2.23,216768.816,4,4,216768.801,0.0,0.0,0.0,0.015,97205.747085
1796773,IT,WL,LANDT,CONST,1.4,216766.755,4,4,216766.745,0.0,0.0,0.0,0.01,154833.396429
1738583,IT,GB,FABRI,FOUND,0.88,216758.219,4,4,216758.203,0.0,0.0,0.0,0.016,246316.157955
1785832,IT,ZA,CHEM1,ELECT,0.45,216738.271,4,4,216738.247,0.0,0.0,0.0,0.024,481640.602222
1739303,IT,GB,HOTEL,CONST,1.57,216726.774,4,4,216726.758,0.0,0.0,0.0,0.016,138042.53121
1770307,IT,AU,HOTEL,RAILW,1.57,216723.377,4,4,216723.361,0.0,0.0,0.0,0.016,138040.367516
1805573,IT,WF,CEMEN,STONE,0.35,216697.34,5,5,216696.33,0.0,0.0,1.0,0.01,619135.257143
1651206,IT,BG,BUSIN,WHOLE,2.23,216645.661,4,4,216645.646,0.0,0.0,0.0,0.015,97150.520628
1712575,IT,LV,MACHI,DISTR,1.21,216643.842,4,4,216643.824,0.0,0.0,0.0,0.018,179044.497521
1664028,IT,EE,PLAST,WOODW,0.45,216630.91,4,4,216630.888,0.0,0.0,0.0,0.022,481402.022222
1769718,IT,AU,MACHI,NATU1,1.21,216592.106,4,4,216592.088,0.0,0.0,0.0,0.018,179001.740496
1781305,IT,NO,VEGE1,FOOD5,0.67,216590.79,5,5,216589.743,0.0,1.0,0.0,0.047,323269.835821
1796033,IT,WL,TRANS,VEGET,1.29,216581.06,4,4,216581.048,0.0,0.0,0.0,0.012,167892.294574
1684352,IT,HR,SUPPO,LANDT,1.56,216511.787,4,4,216511.776,0.0,0.0,0.0,0.011,138789.607051
1753041,IT,CA,CHEM1,RETA1,0.45,216502.567,4,4,216502.543,0.0,0.0,0.0,0.024,481116.815556
1710480,IT,LT,LANDT,SUPPO,1.4,216501.658,4,4,216501.648,0.0,0.0,0.0,0.01,154644.041429
1799359,IT,WE,WOODW,93197,0.61,216498.737,5,5,216497.722,0.0,1.0,0.0,0.015,354915.962295
1810507,IT,WM,PAPER,WEARI,0.84,216467.52,5,5,216465.499,0.0,2.0,0.0,0.021,257699.428571
1764837,IT,MX,SEACO,TRANS,0.22,216426.74,4,4,216426.736,0.0,0.0,0.0,0.004,983757.909091
1775829,IT,TR,MEAT4,MEAT4,1.19,216417.886,5,5,216416.871,0.0,1.0,0.0,0.015,181863.769748
1765679,IT,RU,PAPER,RUBBE,0.84,216416.438,5,5,216414.417,0.0,2.0,0.0,0.021,257638.616667
1782808,IT,NO,HOTEL,WHOLE,1.57,216408.245,4,4,216408.229,0.0,0.0,0.0,0.016,137839.646497
1777985,IT,TR,MACHI,POSTT,1.21,216407.935,4,4,216407.917,0.0,0.0,0.0,0.018,178849.533058
1645216,IT,BE,COKEO,RESEA,0.03,216405.19,3,3,216405.19,0.0,0.0,0.0,0.0,7213506.333333
1812899,IT,WM,FABRI,MEMBE,0.88,216404.359,4,4,216404.343,0.0,0.0,0.0,0.016,245914.044318
1742755,IT,US,FABRI,BIOGA,0.88,216387.113,4,4,216387.097,0.0,0.0,0.0,0.016,245894.446591
1711704,IT,LU,BUSIN,RUBBE,2.22,216310.512,4,4,216310.497,0.0,0.0,0.0,0.015,97437.167568
1752306,IT,CA,CHEMI,PFERT,0.52,216304.775,6,6,216292.755,0.0,1.0,11.0,0.02,415970.721154
1773262,IT,CH,FABRI,HEALT,0.88,216297.599,4,4,216297.583,0.0,0.0,0.0,0.016,245792.726136
1790934,IT,WA,OFFIC,SUPPO,0.67,216290.668,4,4,216290.652,0.0,0.0,0.0,0.016,322821.892537
1645369,IT,BE,HEAVY,GASDI,0.35,216281.574,4,4,216281.557,0.0,0.0,0.0,0.017,617947.354286
1801178,IT,WE,FABRI,TEXTI,0.88,216239.374,4,4,216239.358,0.0,0.0,0.0,0.016,245726.561364
1744904,IT,US,BUSIN,PLAST,2.22,216205.534,4,4,216205.519,0.0,0.0,0.0,0.015,97389.88018
1800953,IT,WE,ALUM1,FOOD5,0.38,216169.191,4,4,216169.174,0.0,0.0,0.0,0.017,568866.292105
1689093,IT,IE,FURNI,RENTI,0.69,216162.416,6,6,216160.397,0.0,1.0,1.0,0.019,313278.863768
1787399,IT,WA,FISHF,FISH5,0.37,216154.167,4,4,216154.159,0.0,0.0,0.0,0.008,584200.451351
1766311,IT,RU,NONME,FISH5,0.44,216147.983,4,4,216147.959,0.0,0.0,0.0,0.024,491245.415909
1752126,IT,CN,BUSIN,ELEC4,2.22,216143.354,4,4,216143.339,0.0,0.0,0.0,0.015,97361.871171
1663019,IT,DK,HOTEL,FABRI,1.57,216140.515,4,4,216140.499,0.0,0.0,0.0,0.016,137669.117834
1812307,IT,WM,BASIC,WEARI,0.25,216078.021,4,4,216078.007,0.0,0.0,0.0,0.014,864312.084
1643196,IT,AT,HOTEL,FOOD5,1.57,216073.208,4,4,216073.192,0.0,0.0,0.0,0.016,137626.247134
1731599,IT,SI,WEARI,BASIC,1.63,216066.999,4,4,216066.958,0.0,0.0,0.0,0.041,132556.441104
1654119,IT,CZ,OFFIC,BUSIN,0.67,216022.298,4,4,216022.282,0.0,0.0,0.0,0.016,322421.340299
1675328,IT,FR,FABRI,93197,0.88,215983.518,4,4,215983.503,0.0,0.0,0.0,0.015,245435.815909
1719879,IT,PL,BASIC,MEMBE,0.25,215975.701,4,4,215975.687,0.0,0.0,0.0,0.014,863902.804
1795434,IT,WL,BASIC,93197,0.25,215975.41,4,4,215975.396,0.0,0.0,0.0,0.014,863901.64
1774255,IT,CH,RETA1,RENTI,2.26,215975.05,4,4,215975.036,0.0,0.0,0.0,0.014,95564.181416
1666631,IT,ES,CHEM1,EDUCA,0.45,215963.685,4,4,215963.661,0.0,0.0,0.0,0.024,479919.3
1675207,IT,FR,FABRI,MEATA,0.88,215954.346,4,4,215954.331,0.0,0.0,0.0,0.015,245402.665909
1799206,IT,WE,LEATH,POULT,1.55,215916.021,5,5,215913.984,0.0,2.0,0.0,0.037,139300.65871
1770216,IT,AU,HOTEL,COPPE,1.56,215904.67,4,4,215904.654,0.0,0.0,0.0,0.016,138400.429487
1761019,IT,IN,PLAST,BEVER,0.45,215892.783,4,4,215892.761,0.0,0.0,0.0,0.022,479761.74
1716868,IT,NL,HOTEL,MACHI,1.56,215852.717,4,4,215852.701,0.0,0.0,0.0,0.016,138367.126282
1676900,IT,FR,SEACO,COKEO,0.22,215847.797,4,4,215847.793,0.0,0.0,0.0,0.004,981126.35
1784640,IT,ID,MACHI,COMPU,1.2,215836.086,4,4,215836.068,0.0,0.0,0.0,0.018,179863.405
1814216,IT,WM,SUPPO,REALE,1.55,215821.398,4,4,215821.387,0.0,0.0,0.0,0.011,139239.611613
1742216,IT,US,GLASS,RECRE,0.59,215794.645,5,5,215793.633,0.0,0.0,1.0,0.012,365753.635593
1665970,IT,ES,MOTOR,BASIC,0.32,215786.797,4,4,215786.779,0.0,0.0,0.0,0.018,674333.740625
1805715,IT,WF,BASIC,LIQUE,0.25,215762.258,4,4,215762.244,0.0,0.0,0.0,0.014,863049.032
1767499,IT,RU,SEACO,FABRI,0.22,215759.988,4,4,215759.984,0.0,0.0,0.0,0.004,980727.218182
1811305,IT,WM,BITU1,LEAD1,0.34,215749.902,4,4,215749.885,0.0,0.0,0.0,0.017,634558.535294
1657568,IT,DE,GLASS,BASIC,0.59,215749.346,5,5,215748.334,0.0,0.0,1.0,0.012,365676.857627
1777016,IT,TR,CHEM1,SUGA1,0.45,215745.295,4,4,215745.271,0.0,0.0,0.0,0.024,479433.988889
1684718,IT,HU,VEGET,BEVER,0.76,215730.483,5,5,215729.475,0.0,1.0,0.0,0.008,283855.898684
1662374,IT,DK,BASIC,SALEM,0.25,215723.242,4,4,215723.228,0.0,0.0,0.0,0.014,862892.968
1784021,IT,ID,TEXTI,LEATH,1.28,215721.831,4,4,215721.802,0.0,0.0,0.0,0.029,168532.680469
1676774,IT,FR,LANDT,PULP5,1.39,215705.825,4,4,215705.815,0.0,0.0,0.0,0.01,155184.046763
1776310,IT,TR,PAPER,NONME,0.84,215695.31,5,5,215693.289,0.0,2.0,0.0,0.021,256780.130952
1715572,IT,NL,HEAVY,NONSP,0.35,215663.219,4,4,215663.202,0.0,0.0,0.0,0.017,616180.625714
1720241,IT,PL,FABRI,WHEAT,0.88,215660.038,4,4,215660.023,0.0,0.0,0.0,0.015,245068.225
1800517,IT,WE,RUBBE,GLASS,0.71,215658.454,4,4,215658.434,0.0,0.0,0.0,0.02,303744.301408
1768778,IT,AU,WEARI,HEALT,1.63,215647.139,4,4,215647.098,0.0,0.0,0.0,0.041,132298.858282
1646293,IT,BE,COPP1,CONST,0.54,215639.05,5,5,215638.039,0.0,0.0,1.0,0.011,399331.574074
1803032,IT,WF,CEREA,POULT,0.35,215630.833,5,5,215629.821,0.0,1.0,0.0,0.012,616088.094286
1676591,IT,FR,HOTEL,COPP1,1.56,215612.382,4,4,215612.366,0.0,0.0,0.0,0.016,138213.065385
1795172,IT,WL,RUBBE,FINAN,0.71,215607.462,4,4,215607.442,0.0,0.0,0.0,0.02,303672.48169
1758080,IT,BR,GLASS,BEVER,0.59,215580.812,5,5,215579.8,0.0,0.0,1.0,0.012,365391.20678
1805365,IT,WF,RUBBE,PLAST,0.71,215574.045,4,4,215574.025,0.0,0.0,0.0,0.02,303625.415493
1673550,IT,FR,LEATH,HEALT,1.54,215573.464,5,5,215571.427,0.0,2.0,0.0,0.037,139982.768831
1712436,IT,LV,BASIC,OFFIC,0.25,215570.468,4,4,215570.454,0.0,0.0,0.0,0.014,862281.872
1685090,IT,HU,FOOD5,DAIRY,1.04,215559.808,5,5,215558.789,0.0,1.0,0.0,0.019,207269.046154
1774238,IT,CH,RETA1,SALEM,2.25,215558.168,4,4,215558.154,0.0,0.0,0.0,0.014,95803.630222
1681356,IT,GR,INSUR,REALE,4.44,215557.378,4,4,215557.368,0.0,0.0,0.0,0.01,48548.959009
1671413,IT,FI,FABRI,RUBBE,0.88,215552.256,4,4,215552.241,0.0,0.0,0.0,0.015,244945.745455
1685844,IT,HU,CHEM1,VEGE1,0.45,215549.752,4,4,215549.728,0.0,0.0,0.0,0.024,478999.448889
1776460,IT,TR,MOTOR,LIQUE,0.32,215541.524,4,4,215541.506,0.0,0.0,0.0,0.018,673567.2625
1813391,IT,WM,FURNI,ELEC6,0.69,215517.115,6,6,215515.096,0.0,1.0,1.0,0.019,312343.644928
1811339,IT,WM,BITU1,REALE,0.34,215509.741,4,4,215509.724,0.0,0.0,0.0,0.017,633852.179412
1800316,IT,WE,PFERT,WEARI,0.09,215466.217,4,4,215466.183,0.0,0.0,0.0,0.034,2394069.077778
1769512,IT,AU,PREC1,PREC1,0.37,215442.251,4,4,215442.241,0.0,0.0,0.0,0.01,582276.354054
1648238,IT,BE,BUSIN,SEACO,2.21,215435.563,4,4,215435.548,0.0,0.0,0.0,0.015,97482.155204
1747542,IT,JP,AIRTR,TEXTI,0.23,215411.251,4,4,215411.244,0.0,0.0,0.0,0.007,936570.656522
1647330,IT,BE,SEACO,FOOD5,0.22,215409.398,4,4,215409.394,0.0,0.0,0.0,0.004,979133.627273
1688439,IT,IE,FISH5,93197,0.91,215407.426,5,5,215406.315,0.0,1.0,0.0,0.111,236711.457143
1758126,IT,BR,CERAM,HOTEL,0.34,215375.54,5,5,215374.528,0.0,0.0,1.0,0.012,633457.470588
1759122,IT,BR,AIRTR,BIOGA,0.23,215370.477,4,4,215370.47,0.0,0.0,0.0,0.007,936393.378261
1804629,IT,WF,HEAVY,FABRI,0.35,215367.441,4,4,215367.424,0.0,0.0,0.0,0.017,615335.545714
1765326,IT,RU,FOOD5,DAIRY,1.03,215340.005,5,5,215338.986,0.0,1.0,0.0,0.019,209067.966019
1774661,IT,CH,AIRTR,DISTR,0.23,215338.888,4,4,215338.881,0.0,0.0,0.0,0.007,936256.034783
1781346,IT,NO,DAIRY,FOOD5,0.87,215330.096,5,5,215328.081,0.0,2.0,0.0,0.015,247505.857471
1760699,IT,IN,PAPER,MACHI,0.83,215318.455,5,5,215316.434,0.0,2.0,0.0,0.021,259419.825301
1747487,IT,JP,SEACO,FABRI,0.22,215306.51,4,4,215306.506,0.0,0.0,0.0,0.004,978665.954545
1640571,IT,AT,FOOD5,WHOLE,1.03,215294.14,5,5,215293.121,0.0,1.0,0.0,0.019,209023.436893
1800028,IT,WE,HEAVY,AUXIL,0.35,215293.284,4,4,215293.267,0.0,0.0,0.0,0.017,615123.668571
1740295,IT,GB,BUSIN,MEMBE,2.21,215291.053,4,4,215291.038,0.0,0.0,0.0,0.015,97416.766063
1719148,IT,PL,PLAST,PFERT,0.45,215264.12,4,4,215264.098,0.0,0.0,0.0,0.022,478364.711111
1787756,IT,WA,VEGE1,PRIVA,0.66,215241.02,5,5,215239.973,0.0,1.0,0.0,0.047,326122.757576
1731774,IT,SI,PAPER,BEVER,0.83,215230.591,5,5,215228.57,0.0,2.0,0.0,0.021,259313.96506
1725991,IT,RO,CHEM1,BRICK,0.45,215213.348,4,4,215213.325,0.0,0.0,0.0,0.023,478251.884444
1804799,IT,WF,NAPHT,BASIC,0.37,215187.424,4,4,215187.409,0.0,0.0,0.0,0.015,581587.632432
1711082,IT,LU,ALUM1,BASIC,0.37,215158.258,4,4,215158.241,0.0,0.0,0.0,0.017,581508.805405
1797541,IT,WL,BUSIN,AUXIL,2.21,215157.464,4,4,215157.449,0.0,0.0,0.0,0.015,97356.318552
1790676,IT,WA,FABRI,ELECT,0.88,215149.943,4,4,215149.928,0.0,0.0,0.0,0.015,244488.571591
1720234,IT,PL,NONF1,LEAD1,0.05,215146.599,3,3,215146.599,0.0,0.0,0.0,0.0,4302931.98
1641590,IT,AT,NAPHT,BEVER,0.37,215131.54,4,4,215131.525,0.0,0.0,0.0,0.015,581436.594595
1797185,IT,WL,POSTT,EDUCA,3.54,215115.534,4,4,215115.518,0.0,0.0,0.0,0.016,60767.1
1672956,IT,FR,DAIRY,POSTT,0.87,215101.665,5,5,215099.65,0.0,2.0,0.0,0.015,247243.293103
1810087,IT,WM,TEXTI,SALEM,1.27,215100.824,4,4,215100.795,0.0,0.0,0.0,0.029,169370.727559
1795980,IT,WL,MOTO1,COPP1,1.14,215056.709,4,4,215056.695,0.0,0.0,0.0,0.014,188646.235965
1718123,IT,PL,VEGE1,FISH5,0.66,215033.552,5,5,215032.505,0.0,1.0,0.0,0.047,325808.412121
1806325,IT,WF,OFFIC,WHOLE,0.67,214993.432,4,4,214993.416,0.0,0.0,0.0,0.016,320885.719403
1768482,IT,AU,FOOD5,OILSE,1.03,214985.556,5,5,214984.537,0.0,1.0,0.0,0.019,208723.840777
1674906,IT,FR,BASIC,FORES,0.25,214971.1,4,4,214971.086,0.0,0.0,0.0,0.014,859884.4
1646057,IT,BE,BASIC,TEXTI,0.25,214960.276,4,4,214960.262,0.0,0.0,0.0,0.014,859841.104
1814162,IT,WM,AIRTR,MEMBE,0.23,214957.612,4,4,214957.605,0.0,0.0,0.0,0.007,934598.313043
1795848,IT,WL,MACHI,MEMBE,1.2,214937.36,4,4,214937.342,0.0,0.0,0.0,0.018,179114.466667
1813182,IT,WM,MOTO1,HOTEL,1.14,214930.017,4,4,214930.003,0.0,0.0,0.0,0.014,188535.102632
1809317,IT,WM,STONE,NONME,0.7,214929.789,5,5,214917.779,0.0,0.0,12.0,0.01,307042.555714
1689602,IT,IE,AIRTR,AUXIL,0.23,214927.569,4,4,214927.562,0.0,0.0,0.0,0.007,934467.691304
1773735,IT,CH,ELEC1,OFFIC,0.03,214915.15,4,4,214915.136,0.0,0.0,0.0,0.014,7163838.333333
1670300,IT,FI,CHEMI,CHEM1,0.51,214913.348,6,6,214901.328,0.0,1.0,11.0,0.02,421398.721569
1648021,IT,BE,COMPU,CHEM1,2.45,214911.577,4,4,214911.563,0.0,0.0,0.0,0.014,87719.01102
1646372,IT,BE,FABRI,COPP1,0.87,214900.388,4,4,214900.373,0.0,0.0,0.0,0.015,247011.94023
1737027,IT,GB,STONE,FOUND,0.7,214899.868,5,5,214887.858,0.0,0.0,12.0,0.01,306999.811429
1735461,IT,SK,BASIC,TRAN1,0.25,214882.343,4,4,214882.329,0.0,0.0,0.0,0.014,859529.372
1719539,IT,PL,GLASS,TRANS,0.59,214882.088,5,5,214881.076,0.0,0.0,1.0,0.012,364206.928814
1657117,IT,DE,PLAST,PAPER,0.45,214867.237,4,4,214867.215,0.0,0.0,0.0,0.022,477482.748889
1763690,IT,MX,RUBBE,OFFIC,0.71,214849.634,4,4,214849.615,0.0,0.0,0.0,0.019,302605.11831
1777505,IT,TR,BASIC,OFFIC,0.25,214841.953,4,4,214841.939,0.0,0.0,0.0,0.014,859367.812
1642240,IT,AT,NONME,WOODW,0.43,214837.495,4,4,214837.471,0.0,0.0,0.0,0.024,499622.081395
1750853,IT,CN,FURNI,ELEC4,0.69,214822.82,6,6,214820.802,0.0,1.0,1.0,0.018,311337.42029
1682435,IT,HR,PAPER,OFFIC,0.83,214802.891,5,5,214800.87,0.0,2.0,0.0,0.021,258798.663855
1813485,IT,WM,SALEM,LANDT,1.73,214796.307,4,4,214796.294,0.0,0.0,0.0,0.013,124159.715029
1785901,IT,ZA,RUBBE,VEGET,0.71,214786.622,4,4,214786.603,0.0,0.0,0.0,0.019,302516.369014
1670592,IT,FI,WEARI,CROPS,1.62,214776.674,4,4,214776.633,0.0,0.0,0.0,0.041,132578.193827
1725109,IT,RO,STONE,CONST,0.69,214774.008,5,5,214761.998,0.0,0.0,12.0,0.01,311266.678261
1648114,IT,BE,RESEA,GLASS,1.16,214717.166,4,4,214717.151,0.0,0.0,0.0,0.015,185101.005172
1739212,IT,GB,RETA1,WHOLE,2.24,214703.469,4,4,214703.455,0.0,0.0,0.0,0.014,95849.762946
1733035,IT,SI,COPP1,PULP5,0.54,214586.425,5,5,214585.414,0.0,0.0,1.0,0.011,397382.268519
1791705,IT,WA,HOTEL,RECRE,1.56,214579.673,4,4,214579.657,0.0,0.0,0.0,0.016,137551.072436
1716479,IT,NL,OFFIC,FABRI,0.66,214562.596,4,4,214562.581,0.0,0.0,0.0,0.015,325094.842424
1658495,IT,DE,FABRI,EDUCA,0.87,214533.453,4,4,214533.438,0.0,0.0,0.0,0.015,246590.175862
1777734,IT,TR,NONF1,CERAM,0.05,214518.33,3,3,214518.33,0.0,0.0,0.0,0.0,4290366.6
1720605,IT,PL,MOTO1,FORES,1.14,214493.804,4,4,214493.79,0.0,0.0,0.0,0.014,188152.459649
1754914,IT,KR,TEXTI,FISHF,1.27,214483.749,4,4,214483.721,0.0,0.0,0.0,0.028,168884.841732
1726938,IT,RO,HOTEL,DAIRY,1.55,214459.689,4,4,214459.673,0.0,0.0,0.0,0.016,138361.089677
1754889,IT,KR,TOBAC,BRICK,0.84,214451.833,5,5,214450.82,0.0,1.0,0.0,0.013,255299.80119
1678499,IT,FR,93197,LEATH,1.44,214414.939,4,4,214414.92,0.0,0.0,0.0,0.019,148899.263194
1679106,IT,GR,PAPER,PULP5,0.83,214410.569,5,5,214408.548,0.0,2.0,0.0,0.021,258325.986747
1715943,IT,NL,GLASS,REALE,0.59,214409.032,5,5,214408.02,0.0,0.0,1.0,0.012,363405.138983
1784581,IT,ID,MACHI,KEROS,1.2,214407.152,4,4,214407.134,0.0,0.0,0.0,0.018,178672.626667
1653315,IT,CZ,GLASS,DAIRY,0.59,214400.636,5,5,214399.624,0.0,0.0,1.0,0.012,363390.908475
1796066,IT,WL,TRANS,BEVER,1.28,214395.649,4,4,214395.637,0.0,0.0,0.0,0.012,167496.600781
1719701,IT,PL,NONME,GLASS,0.43,214380.188,4,4,214380.164,0.0,0.0,0.0,0.024,498558.576744
1660865,IT,DE,COMPU,BUSIN,2.45,214338.84,4,4,214338.827,0.0,0.0,0.0,0.013,87485.240816
1790355,IT,WA,ALUM1,REALE,0.37,214329.641,4,4,214329.624,0.0,0.0,0.0,0.017,579269.3
1749473,IT,CN,HEAVY,STEAM,0.35,214320.744,4,4,214320.727,0.0,0.0,0.0,0.017,612344.982857
1772121,IT,CH,MOTOR,WHOLE,0.32,214304.289,4,4,214304.272,0.0,0.0,0.0,0.017,669700.903125
1738269,IT,GB,NONME,BRICK,0.43,214299.007,4,4,214298.983,0.0,0.0,0.0,0.024,498369.783721
1750789,IT,CN,FURNI,FISHF,0.68,214271.43,6,6,214269.412,0.0,1.0,1.0,0.018,315105.044118
1801297,IT,WE,MACHI,MEAT4,1.2,214229.04,4,4,214229.022,0.0,0.0,0.0,0.018,178524.2
1785959,IT,ZA,RUBBE,MACHI,0.71,214221.461,4,4,214221.442,0.0,0.0,0.0,0.019,301720.367606
1642780,IT,AT,MACHI,POSTT,1.2,214220.157,4,4,214220.139,0.0,0.0,0.0,0.018,178516.7975
1739227,IT,GB,RETA1,EDUCA,2.24,214166.621,4,4,214166.607,0.0,0.0,0.0,0.014,95610.098661
1688009,IT,HU,RENTI,RENTI,1.28,214132.603,4,4,214132.591,0.0,0.0,0.0,0.012,167291.096094
1810535,IT,WM,PAPER,NONME,0.83,214129.281,5,5,214127.26,0.0,2.0,0.0,0.021,257987.085542
1645205,IT,BE,COKEO,FOOD5,0.03,214121.917,3,3,214121.917,0.0,0.0,0.0,0.0,7137397.233333
1811151,IT,WM,NAPHT,NAPHT,0.36,214112.023,4,4,214112.008,0.0,0.0,0.0,0.015,594755.619444
1724922,IT,PT,BUSIN,FINAN,2.2,214068.172,4,4,214068.157,0.0,0.0,0.0,0.015,97303.714545
1739609,IT,GB,SEACO,TRANS,0.22,214058.987,4,4,214058.983,0.0,0.0,0.0,0.004,972995.395455
1723486,IT,PT,ALUM1,WHOLE,0.37,214056.218,4,4,214056.201,0.0,0.0,0.0,0.017,578530.318919
1773246,IT,CH,FABRI,TRAN2,0.87,214003.975,4,4,214003.96,0.0,0.0,0.0,0.015,245981.58046
1738377,IT,GB,PREC1,BASIC,0.36,213984.114,4,4,213984.104,0.0,0.0,0.0,0.01,594400.316667
1673007,IT,FR,SUGA1,FOOD5,0.54,213942.315,4,4,213942.279,0.0,0.0,0.0,0.036,396189.472222
1722932,IT,PT,GASDI,CONST,0.32,213931.373,4,4,213931.356,0.0,0.0,0.0,0.017,668535.540625
1801450,IT,WE,MOTO1,MEATP,1.14,213895.862,4,4,213895.848,0.0,0.0,0.0,0.014,187627.949123
1762708,IT,IN,BUSIN,TEXTI,2.2,213879.386,4,4,213879.371,0.0,0.0,0.0,0.015,97217.902727
1735478,IT,SK,BASIC,COMPU,0.25,213874.437,4,4,213874.423,0.0,0.0,0.0,0.014,855497.748
1658534,IT,DE,MACHI,LIGNI,1.19,213873.705,4,4,213873.687,0.0,0.0,0.0,0.018,179725.802521
1687527,IT,HU,LANDT,PLAST,1.38,213872.984,4,4,213872.974,0.0,0.0,0.0,0.01,154980.423188
1674122,IT,FR,HEAVY,REFI1,0.35,213865.219,4,4,213865.202,0.0,0.0,0.0,0.017,611043.482857
1658635,IT,DE,MACHI,POSTT,1.19,213844.735,4,4,213844.717,0.0,0.0,0.0,0.018,179701.457983
1667336,IT,ES,LEAD1,GASDI,0.37,213831.659,6,6,213829.641,0.0,1.0,1.0,0.018,577923.402703
1719448,IT,PL,RUBBE,POSTT,0.71,213818.908,4,4,213818.889,0.0,0.0,0.0,0.019,301153.391549
1665121,IT,ES,DAIRY,RAWMI,0.87,213797.114,5,5,213795.1,0.0,2.0,0.0,0.014,245743.809195
1777402,IT,TR,CERAM,HEALT,0.33,213795.397,5,5,213794.385,0.0,0.0,1.0,0.012,647864.839394
1757092,IT,KR,BUSIN,RESEA,2.2,213791.696,4,4,213791.681,0.0,0.0,0.0,0.015,97178.043636
1804689,IT,WF,LIQUE,PFERT,0.37,213787.942,4,4,213787.925,0.0,0.0,0.0,0.017,577805.248649
1641392,IT,AT,KEROS,RECRE,0.32,213786.139,4,4,213786.122,0.0,0.0,0.0,0.017,668081.684375
1726988,IT,RO,HOTEL,DIST1,1.55,213781.127,4,4,213781.111,0.0,0.0,0.0,0.016,137923.307742
1712103,IT,LV,TEXTI,TEXTI,1.27,213780.067,4,4,213780.039,0.0,0.0,0.0,0.028,168330.761417
1657368,IT,DE,RUBBE,WHEAT,0.71,213779.629,4,4,213779.61,0.0,0.0,0.0,0.019,301098.069014
1738059,IT,GB,RUBBE,BIOGA,0.71,213752.843,4,4,213752.824,0.0,0.0,0.0,0.019,301060.342254
1672560,IT,FR,OILSE,MEATP,0.15,213745.673,5,5,213743.663,0.0,2.0,0.0,0.01,1424971.153333
1686912,IT,HU,MACHI,WOODW,1.19,213721.672,4,4,213721.654,0.0,0.0,0.0,0.018,179598.043697
1675870,IT,FR,ELEC2,MEATC,0.05,213685.38,4,4,213685.358,0.0,0.0,0.0,0.022,4273707.6
1795825,IT,WL,MACHI,RETAI,1.19,213682.518,4,4,213682.5,0.0,0.0,0.0,0.018,179565.141176
1688808,IT,IE,GLASS,WHOLE,0.59,213678.191,5,5,213677.179,0.0,0.0,1.0,0.012,362166.425424
1809394,IT,WM,CHEMI,DAIRY,0.51,213653.442,6,6,213642.422,0.0,1.0,10.0,0.02,418928.317647
1767302,IT,RU,HOTEL,SALEM,1.55,213650.31,4,4,213650.294,0.0,0.0,0.0,0.016,137838.909677
1643422,IT,AT,LANDT,HEAVY,1.38,213625.714,4,4,213625.704,0.0,0.0,0.0,0.01,154801.242029
1657540,IT,DE,GLASS,FISH5,0.59,213624.272,5,5,213623.26,0.0,0.0,1.0,0.012,362075.037288
1674088,IT,FR,HEAVY,CEREA,0.35,213599.639,4,4,213599.622,0.0,0.0,0.0,0.017,610284.682857
1771591,IT,CH,TEXTI,SUPPO,1.27,213589.99,4,4,213589.962,0.0,0.0,0.0,0.028,168181.094488
1750857,IT,CN,FURNI,DISTR,0.68,213575.234,6,6,213573.216,0.0,1.0,1.0,0.018,314081.226471
1679202,IT,GR,COKEO,PAPE4,0.03,213567.756,3,3,213567.756,0.0,0.0,0.0,0.0,7118925.2
1805674,IT,WF,BASIC,MEATA,0.25,213563.566,4,4,213563.552,0.0,0.0,0.0,0.014,854254.264
1682554,IT,HR,MOTOR,DISTR,0.32,213520.516,4,4,213520.499,0.0,0.0,0.0,0.017,667251.6125
1682887,IT,HR,NAPHT,MOTOR,0.36,213491.71,4,4,213491.695,0.0,0.0,0.0,0.015,593032.527778
1727101,IT,RO,LANDT,FOOD5,1.38,213476.126,4,4,213476.116,0.0,0.0,0.0,0.01,154692.844928
1789351,IT,WA,CHEM1,FISH5,0.45,213474.152,4,4,213474.129,0.0,0.0,0.0,0.023,474387.004444
1791915,IT,WA,SEACO,VEGET,0.22,213470.91,4,4,213470.906,0.0,0.0,0.0,0.004,970322.318182
1642665,IT,AT,FABRI,TRAN2,0.87,213457.45,4,4,213457.435,0.0,0.0,0.0,0.015,245353.390805
1680395,IT,GR,ELEC2,LANDT,0.05,213457.4,4,4,213457.378,0.0,0.0,0.0,0.022,4269148.0
1729771,IT,SE,MACHI,ELEC3,1.19,213437.493,4,4,213437.475,0.0,0.0,0.0,0.018,179359.237815
1689096,IT,IE,FURNI,BUSIN,0.68,213437.283,6,6,213435.265,0.0,1.0,1.0,0.018,313878.357353
1807118,IT,WF,AIRTR,VEGET,0.23,213430.528,4,4,213430.521,0.0,0.0,0.0,0.007,927958.817391
1735070,IT,SK,CHEM1,PRINT,0.45,213398.155,4,4,213398.132,0.0,0.0,0.0,0.023,474218.122222
1742467,IT,US,BASIC,BITU1,0.25,213397.759,4,4,213397.746,0.0,0.0,0.0,0.013,853591.036
1661588,IT,DK,BEVER,WHOLE,0.91,213378.882,5,5,213377.868,0.0,1.0,0.0,0.014,234482.287912
1734853,IT,SK,PAPER,PLAST,0.83,213378.465,5,5,213376.444,0.0,2.0,0.0,0.021,257082.487952
1729602,IT,SE,NONF1,BUSIN,0.05,213354.115,3,3,213354.115,0.0,0.0,0.0,0.0,4267082.3
1756159,IT,KR,MACHI,BEVER,1.19,213344.933,4,4,213344.915,0.0,0.0,0.0,0.018,179281.456303
1756070,IT,KR,FABRI,CHEM1,0.87,213342.23,4,4,213342.215,0.0,0.0,0.0,0.015,245220.954023
1664225,IT,EE,CEMEN,CONST,0.34,213328.71,5,5,213327.7,0.0,0.0,1.0,0.01,627437.382353
1763306,IT,MX,PAPER,OFFIC,0.83,213302.58,5,5,213300.559,0.0,2.0,0.0,0.021,256991.060241
1646286,IT,BE,COPP1,MACHI,0.54,213272.94,5,5,213271.929,0.0,0.0,1.0,0.011,394949.888889
1774487,IT,CH,LANDT,FABRI,1.38,213262.851,4,4,213262.841,0.0,0.0,0.0,0.01,154538.297826
1679325,IT,GR,NAPHT,CHEM1,0.36,213247.785,4,4,213247.77,0.0,0.0,0.0,0.015,592354.958333
1647252,IT,BE,LANDT,MOTO1,1.38,213194.628,4,4,213194.618,0.0,0.0,0.0,0.01,154488.86087
1677856,IT,FR,BUSIN,SUGA1,2.19,213193.509,4,4,213193.494,0.0,0.0,0.0,0.015,97348.634247
1764730,IT,MX,HOTEL,MACHI,1.55,213168.609,4,4,213168.593,0.0,0.0,0.0,0.016,137528.134839
1743125,IT,US,MOTO1,FOUND,1.13,213142.624,4,4,213142.61,0.0,0.0,0.0,0.014,188621.79115
1779231,IT,TR,POSTT,BUSIN,3.51,213126.913,4,4,213126.897,0.0,0.0,0.0,0.016,60719.918234
1687535,IT,HU,LANDT,CEMEN,1.37,213071.039,4,4,213071.029,0.0,0.0,0.0,0.01,155526.305839
1713322,IT,MT,KEROS,RENTI,0.32,213069.709,4,4,213069.692,0.0,0.0,0.0,0.017,665842.840625
1685781,IT,HU,PLAST,BASIC,0.45,213055.012,4,4,213054.99,0.0,0.0,0.0,0.022,473455.582222
1737644,IT,GB,PAPER,RESEA,0.83,213049.516,5,5,213047.495,0.0,2.0,0.0,0.021,256686.163855
1676530,IT,FR,HOTEL,CATTL,1.54,213031.596,4,4,213031.58,0.0,0.0,0.0,0.016,138332.205195
1795149,IT,WL,RUBBE,RADIO,0.71,213002.818,4,4,213002.799,0.0,0.0,0.0,0.019,300003.969014
1784232,IT,ID,PLAST,MEDIC,0.45,212989.082,4,4,212989.06,0.0,0.0,0.0,0.022,473309.071111
1715059,IT,NL,TEXTI,BUSIN,1.26,212978.455,4,4,212978.427,0.0,0.0,0.0,0.028,169030.519841
1792298,IT,WA,POSTT,EDUCA,3.51,212924.116,4,4,212924.1,0.0,0.0,0.0,0.016,60662.141311
1685496,IT,HU,PAPER,MEATP,0.83,212918.445,5,5,212916.424,0.0,2.0,0.0,0.021,256528.246988
1795148,IT,WL,RUBBE,ELECT,0.71,212903.428,4,4,212903.409,0.0,0.0,0.0,0.019,299863.983099
1683353,IT,HR,NONME,RETA1,0.43,212878.388,4,4,212878.365,0.0,0.0,0.0,0.023,495066.018605
1711692,IT,LU,BUSIN,FOOD5,2.19,212853.547,4,4,212853.532,0.0,0.0,0.0,0.015,97193.400457
1683227,IT,HR,CERAM,BEVER,0.33,212847.942,5,5,212846.93,0.0,0.0,1.0,0.012,644993.763636
1781838,IT,NO,PLAST,RUBBE,0.45,212837.894,4,4,212837.872,0.0,0.0,0.0,0.022,472973.097778
1664730,IT,EE,SUPPO,SUPPO,1.53,212820.943,4,4,212820.933,0.0,0.0,0.0,0.01,139098.655556
1773382,IT,CH,MACHI,FOODW,1.19,212812.314,4,4,212812.297,0.0,0.0,0.0,0.017,178833.877311
1777300,IT,TR,GLASS,PRECI,0.58,212791.898,5,5,212790.886,0.0,0.0,1.0,0.012,366882.582759
1743973,IT,US,AIRTR,BEVER,0.23,212771.928,4,4,212771.921,0.0,0.0,0.0,0.007,925095.33913
1676270,IT,FR,SALEM,POSTT,1.72,212760.065,4,4,212760.052,0.0,0.0,0.0,0.013,123697.712209
1718959,IT,PL,PRINT,INSUR,2.04,212756.115,4,4,212756.099,0.0,0.0,0.0,0.016,104292.213235
1665877,IT,ES,PRINT,AUXIL,2.04,212743.545,4,4,212743.529,0.0,0.0,0.0,0.016,104286.051471
1676751,IT,FR,LANDT,POULT,1.37,212719.589,4,4,212719.579,0.0,0.0,0.0,0.01,155269.772993
1797424,IT,WL,COMPU,WHOLE,2.43,212716.815,4,4,212716.802,0.0,0.0,0.0,0.013,87537.783951
1773975,IT,CH,SALEM,AIRTR,1.72,212673.755,4,4,212673.742,0.0,0.0,0.0,0.013,123647.531977
1659033,IT,DE,ELEC2,POSTT,0.05,212648.258,4,4,212648.236,0.0,0.0,0.0,0.022,4252965.16
1732454,IT,SI,CHEM1,RUBBE,0.44,212646.748,4,4,212646.725,0.0,0.0,0.0,0.023,483288.063636
1676759,IT,FR,LANDT,MEATC,1.37,212641.49,4,4,212641.48,0.0,0.0,0.0,0.01,155212.766423
1659802,IT,DE,LANDT,REFI1,1.37,212630.127,4,4,212630.117,0.0,0.0,0.0,0.01,155204.472263
1675828,IT,FR,ELEC1,GASDI,0.03,212622.81,4,4,212622.797,0.0,0.0,0.0,0.013,7087427.0
1772388,IT,CH,CHEM1,KEROS,0.44,212615.71,4,4,212615.687,0.0,0.0,0.0,0.023,483217.522727
1794243,IT,WL,MOTOR,VEGET,0.32,212596.734,4,4,212596.717,0.0,0.0,0.0,0.017,664364.79375
1753057,IT,CA,CHEM1,RECRE,0.44,212577.802,4,4,212577.779,0.0,0.0,0.0,0.023,483131.368182
1796176,IT,WL,FURNI,WOODW,0.68,212568.214,6,6,212566.196,0.0,1.0,1.0,0.018,312600.314706
1741597,IT,US,GASDI,SEACO,0.32,212526.485,4,4,212526.468,0.0,0.0,0.0,0.017,664145.265625
1769290,IT,AU,RUBBE,SALEM,0.7,212520.77,4,4,212520.751,0.0,0.0,0.0,0.019,303601.1
1647423,IT,BE,AIRTR,MACHI,0.23,212496.638,4,4,212496.631,0.0,0.0,0.0,0.007,923898.426087
1764386,IT,MX,MOTO1,MEDIC,1.13,212477.949,4,4,212477.935,0.0,0.0,0.0,0.014,188033.583186
1654734,IT,CZ,TRAN2,TRAN2,0.33,212466.562,4,4,212466.556,0.0,0.0,0.0,0.006,643838.066667
1746624,IT,JP,ALUM1,ELECT,0.37,212465.953,4,4,212465.936,0.0,0.0,0.0,0.017,574232.305405
1799826,IT,WE,GASDI,CHEMI,0.32,212463.633,4,4,212463.616,0.0,0.0,0.0,0.017,663948.853125
1641148,IT,AT,PAPER,RECRE,0.82,212434.71,5,5,212432.689,0.0,2.0,0.0,0.021,259066.719512
1677718,IT,FR,RENTI,LANDT,1.27,212433.891,4,4,212433.879,0.0,0.0,0.0,0.012,167270.780315
1665486,IT,ES,WEARI,BASIC,1.6,212396.574,4,4,212396.534,0.0,0.0,0.0,0.04,132747.85875
1793881,IT,WL,TEXTI,RESEA,1.26,212380.922,4,4,212380.894,0.0,0.0,0.0,0.028,168556.287302
1778807,IT,TR,LANDT,FURNI,1.37,212376.947,4,4,212376.937,0.0,0.0,0.0,0.01,155019.669343
1782574,IT,NO,TRANS,FURNI,1.27,212354.916,4,4,212354.904,0.0,0.0,0.0,0.012,167208.595276
1764458,IT,MX,FURNI,CONST,0.68,212353.044,6,6,212351.026,0.0,1.0,1.0,0.018,312283.888235
1645753,IT,BE,RUBBE,BIODI,0.7,212340.827,4,4,212340.808,0.0,0.0,0.0,0.019,303344.038571
1723841,IT,PT,MOTO1,BUSIN,1.13,212305.808,4,4,212305.794,0.0,0.0,0.0,0.014,187881.246018
1673331,IT,FR,TEXTI,FOUND,1.26,212295.43,4,4,212295.402,0.0,0.0,0.0,0.028,168488.436508
1812803,IT,WM,FABRI,MEAT4,0.86,212288.769,4,4,212288.754,0.0,0.0,0.0,0.015,246847.405814
1773882,IT,CH,ELEC7,REALE,0.15,212280.491,4,4,212280.488,0.0,0.0,0.0,0.003,1415203.273333
1791616,IT,WA,HOTEL,MEATC,1.54,212267.643,4,4,212267.627,0.0,0.0,0.0,0.016,137836.131818
1757231,IT,BR,VEGE1,FOOD5,0.65,212264.51,5,5,212263.464,0.0,1.0,0.0,0.046,326560.784615
1807342,IT,WF,POSTT,PUBLI,3.5,212256.016,4,4,212256.0,0.0,0.0,0.0,0.016,60644.576
1747632,IT,JP,AIRTR,93197,0.23,212247.048,4,4,212247.041,0.0,0.0,0.0,0.007,922813.252174
1785789,IT,ZA,CHEM1,PIGS9,0.44,212245.02,4,4,212244.997,0.0,0.0,0.0,0.023,482375.045455
1771821,IT,CH,WOODW,PULP5,0.59,212193.627,5,5,212192.613,0.0,1.0,0.0,0.014,359650.215254
1751470,IT,CN,AIRTR,COLLE,0.23,212160.781,4,4,212160.774,0.0,0.0,0.0,0.007,922438.178261
1773277,IT,CH,FABRI,RECRE,0.86,212154.967,4,4,212154.952,0.0,0.0,0.0,0.015,246691.822093
1795302,IT,WL,CEMEN,REALE,0.34,212148.731,5,5,212147.721,0.0,0.0,1.0,0.01,623966.855882
1756260,IT,KR,MACHI,93197,1.18,212139.98,4,4,212139.963,0.0,0.0,0.0,0.017,179779.644068
1732252,IT,SI,LIQUE,FABRI,0.37,212128.866,4,4,212128.849,0.0,0.0,0.0,0.017,573321.259459
1800984,IT,WE,ALUM1,MEDIC,0.37,212116.024,4,4,212116.007,0.0,0.0,0.0,0.017,573286.551351
1725924,IT,RO,PLAST,PAPER,0.45,212115.873,4,4,212115.851,0.0,0.0,0.0,0.022,471368.606667
1741947,IT,US,CHEM1,SALEM,0.44,212101.974,4,4,212101.951,0.0,0.0,0.0,0.023,482049.940909
1744646,IT,US,RENTI,93197,1.27,212062.957,4,4,212062.945,0.0,0.0,0.0,0.012,166978.706299
1644003,IT,AT,RESEA,RESEA,1.15,212054.087,4,4,212054.072,0.0,0.0,0.0,0.015,184394.858261
1640325,IT,AT,CHEMI,NFERT,0.51,212034.003,6,6,212022.983,0.0,1.0,10.0,0.02,415752.947059
1655729,IT,DE,MEATC,BEVER,0.71,212021.316,5,5,212018.302,0.0,3.0,0.0,0.014,298621.571831
1685037,IT,HU,DAIRY,RUBBE,0.86,212004.613,5,5,212002.599,0.0,2.0,0.0,0.014,246516.99186
1656977,IT,DE,LIQUE,RETA1,0.37,211987.442,4,4,211987.425,0.0,0.0,0.0,0.017,572939.032432
1810736,IT,WM,MOTOR,HOTEL,0.32,211975.666,4,4,211975.649,0.0,0.0,0.0,0.017,662423.95625
1753601,IT,CA,MACHI,SEACO,1.18,211973.497,4,4,211973.48,0.0,0.0,0.0,0.017,179638.55678
1656069,IT,DE,BEVER,RUBBE,0.9,211972.042,5,5,211971.028,0.0,1.0,0.0,0.014,235524.491111
1753788,IT,CA,FURNI,HEALT,0.68,211949.757,6,6,211947.739,0.0,1.0,1.0,0.018,311690.819118
1805388,IT,WF,RUBBE,MEDIC,0.7,211942.097,4,4,211942.078,0.0,0.0,0.0,0.019,302774.424286
1756406,IT,KR,FURNI,REALE,0.68,211938.117,6,6,211936.099,0.0,1.0,1.0,0.018,311673.701471
1746713,IT,JP,FABRI,TRANS,0.86,211932.716,4,4,211932.701,0.0,0.0,0.0,0.015,246433.390698
1671841,IT,FI,RETA1,POSTT,2.21,211928.54,4,4,211928.526,0.0,0.0,0.0,0.014,95895.266968
1774813,IT,CH,POSTT,DIST1,3.49,211911.849,4,4,211911.833,0.0,0.0,0.0,0.016,60719.727507
1725118,IT,RO,SANDC,CONST,0.49,211865.411,5,5,211818.403,0.0,0.0,47.0,0.008,432378.389796
1751184,IT,CN,HOTEL,LEATH,1.54,211836.589,4,4,211836.573,0.0,0.0,0.0,0.016,137556.226623
1809151,IT,WM,CROPS,PUBLI,1.68,211827.104,4,4,211827.092,0.0,0.0,0.0,0.012,126087.561905
1791504,IT,WA,RETA1,PIGS9,2.21,211820.303,4,4,211820.289,0.0,0.0,0.0,0.014,95846.29095
1715724,IT,NL,PLAST,MOTO1,0.44,211818.922,4,4,211818.9,0.0,0.0,0.0,0.022,481406.640909
1805599,IT,WF,CEMEN,HEALT,0.34,211816.975,5,5,211815.965,0.0,0.0,1.0,0.01,622991.102941
1738807,IT,GB,MOTO1,WOODW,1.13,211773.724,4,4,211773.71,0.0,0.0,0.0,0.014,187410.375221
1673345,IT,FR,TEXTI,LANDT,1.25,211770.615,4,4,211770.587,0.0,0.0,0.0,0.028,169416.492
1744318,IT,US,FINAN,MACHI,2.76,211764.003,4,4,211763.997,0.0,0.0,0.0,0.006,76726.088043
1643484,IT,AT,LANDT,REALE,1.37,211756.082,4,4,211756.072,0.0,0.0,0.0,0.01,154566.483212
1679984,IT,GR,FABRI,SEACO,0.86,211751.507,4,4,211751.492,0.0,0.0,0.0,0.015,246222.682558
1647158,IT,BE,HOTEL,RECRE,1.53,211677.99,4,4,211677.974,0.0,0.0,0.0,0.016,138351.627451
1750170,IT,CN,ALUM1,CHEM1,0.37,211672.078,4,4,211672.061,0.0,0.0,0.0,0.017,572086.697297
1720379,IT,PL,MACHI,POULT,1.18,211670.296,4,4,211670.279,0.0,0.0,0.0,0.017,179381.60678
1742562,IT,US,PREC1,TRANS,0.36,211660.661,4,4,211660.651,0.0,0.0,0.0,0.01,587946.280556
1682410,IT,HR,PAPER,WEARI,0.82,211638.691,5,5,211636.67,0.0,2.0,0.0,0.021,258095.964634
1720398,IT,PL,MACHI,MEATP,1.18,211637.598,4,4,211637.581,0.0,0.0,0.0,0.017,179353.89661
1760386,IT,IN,VEGE1,HOTEL,0.65,211634.517,5,5,211633.471,0.0,1.0,0.0,0.046,325591.564615
1801467,IT,WE,MOTO1,PRINT,1.13,211625.128,4,4,211625.114,0.0,0.0,0.0,0.014,187278.874336
1711060,IT,LU,BASIC,WASTE,0.24,211621.669,4,4,211621.656,0.0,0.0,0.0,0.013,881756.954167
1803171,IT,WF,OILSE,EDUCA,0.15,211612.196,5,5,211611.186,0.0,1.0,0.0,0.01,1410747.973333
1741851,IT,US,CHEM1,SUGAR,0.44,211599.434,4,4,211599.411,0.0,0.0,0.0,0.023,480907.804545
1729893,IT,SE,TRANS,AIRTR,1.26,211591.659,4,4,211591.648,0.0,0.0,0.0,0.011,167929.888095
1681125,IT,GR,SUPPO,RENTI,1.52,211581.898,4,4,211581.888,0.0,0.0,0.0,0.01,139198.617105
1761451,IT,IN,BASIC,FOOD3,0.24,211544.703,4,4,211544.69,0.0,0.0,0.0,0.013,881436.2625
1761655,IT,IN,FABRI,GLASS,0.86,211481.561,4,4,211481.546,0.0,0.0,0.0,0.015,245908.79186
1802981,IT,WF,WHEAT,NFERT,0.16,211480.814,5,5,211478.809,0.0,2.0,0.0,0.005,1321755.0875
1656502,IT,DE,PAPER,ADDIT,0.82,211475.534,5,5,211473.513,0.0,2.0,0.0,0.021,257896.992683
1653148,IT,CZ,CHEM1,ELEC3,0.44,211475.333,4,4,211475.31,0.0,0.0,0.0,0.023,480625.756818
1804664,IT,WF,HEAVY,93197,0.34,211436.626,4,4,211436.609,0.0,0.0,0.0,0.017,621872.429412
1786881,IT,ZA,SEACO,WHOLE,0.22,211419.004,4,4,211419.0,0.0,0.0,0.0,0.004,960995.472727
1794244,IT,WL,MOTOR,OILSE,0.32,211407.718,4,4,211407.701,0.0,0.0,0.0,0.017,660649.11875
1765598,IT,RU,WOODW,BEVER,0.59,211398.697,5,5,211397.683,0.0,1.0,0.0,0.014,358302.876271
1764731,IT,MX,HOTEL,OFFIC,1.53,211379.793,4,4,211379.777,0.0,0.0,0.0,0.016,138156.727451
1640423,IT,AT,VEGE1,SUGA1,0.65,211355.745,5,5,211354.699,0.0,1.0,0.0,0.046,325162.684615
1771592,IT,CH,TEXTI,POSTT,1.25,211354.618,4,4,211354.59,0.0,0.0,0.0,0.028,169083.6944
1758318,IT,BR,COPP1,ELECT,0.53,211347.559,5,5,211346.548,0.0,0.0,1.0,0.011,398768.979245
1641543,IT,AT,HEAVY,TRANS,0.34,211336.059,4,4,211336.042,0.0,0.0,0.0,0.017,621576.644118
1676269,IT,FR,SALEM,SUPPO,1.71,211319.033,4,4,211319.02,0.0,0.0,0.0,0.013,123578.381871
1723620,IT,PT,FABRI,RETA1,0.86,211313.724,4,4,211313.709,0.0,0.0,0.0,0.015,245713.632558
1761452,IT,IN,BASIC,WASTE,0.24,211272.492,4,4,211272.479,0.0,0.0,0.0,0.013,880302.05
1776247,IT,TR,PULP5,PRINT,0.64,211264.786,5,5,211263.766,0.0,1.0,0.0,0.02,330101.228125
1719251,IT,PL,CHEM1,COALT,0.44,211264.478,4,4,211264.455,0.0,0.0,0.0,0.023,480146.540909
1780392,IT,TW,AIRTR,COMPU,0.23,211242.541,4,4,211242.534,0.0,0.0,0.0,0.007,918445.830435
1766764,IT,RU,MACHI,PULP5,1.18,211213.123,4,4,211213.106,0.0,0.0,0.0,0.017,178994.172034
1673306,IT,FR,TEXTI,BEVER,1.25,211201.176,4,4,211201.148,0.0,0.0,0.0,0.028,168960.9408
1805742,IT,WF,BASIC,ELEC4,0.24,211180.432,4,4,211180.419,0.0,0.0,0.0,0.013,879918.466667
1738839,IT,GB,MOTO1,REALE,1.12,211167.65,4,4,211167.636,0.0,0.0,0.0,0.014,188542.544643
1657885,IT,DE,BASIC,DAIRY,0.24,211163.787,4,4,211163.774,0.0,0.0,0.0,0.013,879849.1125
1732735,IT,SI,CEMEN,WHOLE,0.34,211156.56,5,5,211155.55,0.0,0.0,1.0,0.01,621048.705882
1745398,IT,JP,VEGE1,PUBLI,0.65,211136.633,5,5,211135.587,0.0,1.0,0.0,0.046,324825.589231
1654041,IT,CZ,MACHI,LANDT,1.18,211133.091,4,4,211133.074,0.0,0.0,0.0,0.017,178926.348305
1770467,IT,AU,AIRTR,CHEMI,0.23,211128.069,4,4,211128.062,0.0,0.0,0.0,0.007,917948.126087
1731680,IT,SI,WOODW,MOTO1,0.59,211127.328,5,5,211126.314,0.0,1.0,0.0,0.014,357842.928814
1675889,IT,FR,ELEC2,BIOGA,0.05,211119.74,4,4,211119.718,0.0,0.0,0.0,0.022,4222394.8
1668779,IT,ES,LANDT,AIRTR,1.36,211117.826,4,4,211117.816,0.0,0.0,0.0,0.01,155233.695588
1719886,IT,PL,PREC1,RAWMI,0.36,211071.585,4,4,211071.575,0.0,0.0,0.0,0.01,586309.958333
1686181,IT,HU,GLASS,WOODW,0.58,211070.132,5,5,211069.12,0.0,0.0,1.0,0.012,363914.02069
1800845,IT,WE,BASIC,CONST,0.24,211068.456,4,4,211068.443,0.0,0.0,0.0,0.013,879451.9
1689159,IT,IE,SALEM,RENTI,1.7,211052.563,4,4,211052.55,0.0,0.0,0.0,0.013,124148.566471
1657058,IT,DE,NONSP,KEROS,0.28,211050.376,4,4,211050.365,0.0,0.0,0.0,0.011,753751.342857
1687685,IT,HU,AIRTR,RESEA,0.23,211047.736,4,4,211047.729,0.0,0.0,0.0,0.007,917598.852174
1642365,IT,AT,BASIC,LANDT,0.24,211047.155,4,4,211047.142,0.0,0.0,0.0,0.013,879363.145833
1681127,IT,GR,SUPPO,RESEA,1.52,211033.03,4,4,211033.02,0.0,0.0,0.0,0.01,138837.519737
1719378,IT,PL,RUBBE,SUGA1,0.7,211028.477,4,4,211028.458,0.0,0.0,0.0,0.019,301469.252857
1653513,IT,CZ,BASIC,NFERT,0.24,211003.389,4,4,211003.376,0.0,0.0,0.0,0.013,879180.7875
1761307,IT,IN,RUBBE,BUSIN,0.7,210982.733,4,4,210982.714,0.0,0.0,0.0,0.019,301403.904286
1663272,IT,DK,SEACO,CONST,0.21,210974.941,4,4,210974.937,0.0,0.0,0.0,0.004,1004642.57619
1769960,IT,AU,TRANS,BITUM,1.26,210962.157,4,4,210962.146,0.0,0.0,0.0,0.011,167430.283333
1756165,IT,KR,MACHI,WOODW,1.18,210959.487,4,4,210959.47,0.0,0.0,0.0,0.017,178779.226271
1722647,IT,PT,TEXTI,BUSIN,1.25,210946.298,4,4,210946.27,0.0,0.0,0.0,0.028,168757.0384
1801500,IT,WE,MOTO1,TRANS,1.12,210922.641,4,4,210922.627,0.0,0.0,0.0,0.014,188323.786607
1763075,IT,MX,TEXTI,WHOLE,1.25,210901.728,4,4,210901.7,0.0,0.0,0.0,0.028,168721.3824
1795368,IT,WL,BASIC,IRONO,0.24,210897.994,4,4,210897.981,0.0,0.0,0.0,0.013,878741.641667
1676929,IT,FR,AIRTR,SANDC,0.23,210893.769,4,4,210893.762,0.0,0.0,0.0,0.007,916929.430435
1643739,IT,AT,SUPPO,RETA1,1.52,210874.346,4,4,210874.336,0.0,0.0,0.0,0.01,138733.122368
1782949,IT,NO,AIRTR,CONST,0.23,210873.409,4,4,210873.402,0.0,0.0,0.0,0.007,916840.908696
1668338,IT,ES,WHOLE,BUSIN,1.82,210858.291,4,4,210858.279,0.0,0.0,0.0,0.012,115856.203846
1764117,IT,MX,FABRI,FOUND,0.86,210824.019,4,4,210824.004,0.0,0.0,0.0,0.015,245144.20814
1803573,IT,WF,DAIRY,HEALT,0.86,210820.519,5,5,210819.505,0.0,1.0,0.0,0.014,245140.138372
1805724,IT,WF,BASIC,BRICK,0.24,210815.289,4,4,210815.276,0.0,0.0,0.0,0.013,878397.0375
1722464,IT,PT,DAIRY,ALUM1,0.86,210813.331,5,5,210812.317,0.0,1.0,0.0,0.014,245131.780233
1745316,IT,JP,MEAT4,EDUCA,1.16,210807.813,5,5,210806.799,0.0,1.0,0.0,0.014,181730.873276
1753190,IT,CA,GLASS,NONME,0.58,210770.417,5,5,210769.405,0.0,0.0,1.0,0.012,363397.27069
1728905,IT,SE,CHEM1,PLAST,0.44,210762.156,4,4,210762.133,0.0,0.0,0.0,0.023,479004.9
1759734,IT,BR,BUSIN,PRINT,2.16,210759.203,4,4,210759.188,0.0,0.0,0.0,0.015,97573.705093
1685127,IT,HU,FOOD5,WHOLE,1.01,210726.319,5,5,210725.3,0.0,1.0,0.0,0.019,208639.919802
1681143,IT,GR,SUPPO,93197,1.51,210724.211,4,4,210724.201,0.0,0.0,0.0,0.01,139552.457616
1760645,IT,IN,PULP5,FURNI,0.64,210690.153,5,5,210689.133,0.0,1.0,0.0,0.02,329203.364062
1650296,IT,BG,ELEC1,RENTI,0.03,210663.87,4,4,210663.857,0.0,0.0,0.0,0.013,7022129.0
1806493,IT,WF,TRANS,WHOLE,1.26,210654.943,4,4,210654.932,0.0,0.0,0.0,0.011,167186.462698
1792008,IT,WA,SEACO,PRIVA,0.21,210649.007,4,4,210649.003,0.0,0.0,0.0,0.004,1003090.509524
1806059,IT,WF,NONF1,COPPE,0.05,210644.505,3,3,210644.505,0.0,0.0,0.0,0.0,4212890.1
1794460,IT,WL,GASDI,MOTOR,0.31,210620.777,4,4,210620.76,0.0,0.0,0.0,0.017,679421.86129
1682697,IT,HR,GASDI,RAWMI,0.31,210599.568,4,4,210599.551,0.0,0.0,0.0,0.017,679353.445161
1734763,IT,SK,WOODW,TOBAC,0.59,210596.011,5,5,210594.997,0.0,1.0,0.0,0.014,356942.391525
1800387,IT,WE,CHEM1,CONST,0.44,210594.485,4,4,210594.462,0.0,0.0,0.0,0.023,478623.829545
1754043,IT,CA,SEACO,FURNI,0.21,210593.724,4,4,210593.72,0.0,0.0,0.0,0.004,1002827.257143
1676652,IT,FR,HOTEL,INERT,1.53,210589.537,4,4,210589.521,0.0,0.0,0.0,0.016,137640.220261
1779038,IT,TR,AIRTR,SALEM,0.23,210561.594,4,4,210561.587,0.0,0.0,0.0,0.007,915485.191304
1773251,IT,CH,FABRI,POSTT,0.86,210558.468,4,4,210558.453,0.0,0.0,0.0,0.015,244835.427907
1759825,IT,BR,BUSIN,93197,2.16,210540.749,4,4,210540.734,0.0,0.0,0.0,0.015,97472.568981
1789526,IT,WA,ADDIT,CONST,0.49,210530.547,5,5,210528.531,0.0,2.0,0.0,0.016,429654.177551
1666628,IT,ES,CHEM1,COMPU,0.44,210528.557,4,4,210528.534,0.0,0.0,0.0,0.023,478473.993182
1787507,IT,WA,CHEMI,MEATC,0.5,210522.35,6,6,210511.33,0.0,1.0,10.0,0.02,421044.7
1803169,IT,WF,OILSE,REALE,0.15,210516.439,5,5,210515.429,0.0,1.0,0.0,0.01,1403442.926667
1754027,IT,CA,SEACO,RUBBE,0.21,210514.236,4,4,210514.232,0.0,0.0,0.0,0.004,1002448.742857
1754563,IT,CA,BUSIN,RECRE,2.16,210498.945,4,4,210498.93,0.0,0.0,0.0,0.015,97453.215278
1640997,IT,AT,WOODW,PUBLI,0.59,210492.646,5,5,210491.632,0.0,1.0,0.0,0.014,356767.19661
1782272,IT,NO,LEAD1,CRUDE,0.37,210472.504,6,6,210470.486,0.0,1.0,1.0,0.018,568844.605405
1755268,IT,KR,PAPER,CHEM1,0.82,210471.881,5,5,210469.86,0.0,2.0,0.0,0.021,256673.02561
1644882,IT,BE,LEATH,SUGA1,1.51,210465.932,5,5,210464.896,0.0,1.0,0.0,0.036,139381.411921
1752655,IT,CA,TEXTI,93197,1.25,210464.356,4,4,210464.328,0.0,0.0,0.0,0.028,168371.4848
1813289,IT,WM,TRANS,SALEM,1.26,210458.013,4,4,210458.002,0.0,0.0,0.0,0.011,167030.169048
1811062,IT,WM,HEAVY,LUBRI,0.34,210409.63,4,4,210409.613,0.0,0.0,0.0,0.017,618851.852941
1761180,IT,IN,CHEM1,FOOD3,0.44,210389.697,4,4,210389.674,0.0,0.0,0.0,0.023,478158.402273
1777915,IT,TR,MACHI,LEATH,1.17,210388.985,4,4,210388.968,0.0,0.0,0.0,0.017,179819.645299
1657091,IT,DE,NONSP,STEAM,0.28,210382.321,4,4,210382.31,0.0,0.0,0.0,0.011,751365.432143
1680390,IT,GR,ELEC2,CONST,0.05,210348.871,4,4,210348.849,0.0,0.0,0.0,0.022,4206977.42
1806216,IT,WF,MACHI,MEATC,1.17,210346.39,4,4,210346.373,0.0,0.0,0.0,0.017,179783.239316
1669029,IT,ES,SUPPO,KEROS,1.51,210320.746,4,4,210320.736,0.0,0.0,0.0,0.01,139285.262252
1748807,IT,CN,TEXTI,FABRI,1.25,210307.276,4,4,210307.248,0.0,0.0,0.0,0.028,168245.8208
1747095,IT,JP,FURNI,HOTEL,0.67,210305.84,6,6,210303.822,0.0,1.0,1.0,0.018,313889.313433
1659860,IT,DE,LANDT,SALEM,1.36,210297.583,4,4,210297.573,0.0,0.0,0.0,0.01,154630.575735
1765464,IT,RU,TEXTI,HEALT,1.25,210285.281,4,4,210285.253,0.0,0.0,0.0,0.028,168228.2248
1775685,IT,TR,CROPS,FOOD5,1.67,210275.484,4,4,210275.472,0.0,0.0,0.0,0.012,125913.463473
1651371,IT,CY,PAPER,RENTI,0.81,210268.566,5,5,210266.545,0.0,2.0,0.0,0.021,259590.822222
1792061,IT,WA,AIRTR,PLAST,0.23,210264.791,4,4,210264.784,0.0,0.0,0.0,0.007,914194.743478
1740865,IT,US,DAIRY,CHEM1,0.85,210247.332,5,5,210246.318,0.0,1.0,0.0,0.014,247349.802353
1804329,IT,WF,MOTOR,ELEC2,0.31,210228.864,4,4,210228.847,0.0,0.0,0.0,0.017,678157.625806
1774073,IT,CH,WHOLE,MEATP,1.82,210224.491,4,4,210224.479,0.0,0.0,0.0,0.012,115507.962088
1710794,IT,LU,WOODW,RAILW,0.59,210205.581,5,5,210204.567,0.0,1.0,0.0,0.014,356280.645763
1673679,IT,FR,PAPER,CATTL,0.81,210197.693,5,5,210195.672,0.0,2.0,0.0,0.021,259503.324691
1788088,IT,WA,TEXTI,MEMBE,1.25,210179.597,4,4,210179.569,0.0,0.0,0.0,0.028,168143.6776
1732786,IT,SI,NONME,RETA1,0.42,210166.194,4,4,210166.171,0.0,0.0,0.0,0.023,500395.7
1748528,IT,CN,CHEMI,FURNI,0.5,210151.277,6,6,210140.257,0.0,1.0,10.0,0.02,420302.554
1772104,IT,CH,COKEO,RETA1,0.03,210144.675,3,3,210144.675,0.0,0.0,0.0,0.0,7004822.5
1683112,IT,HR,RUBBE,STEAM,0.7,210138.412,4,4,210138.393,0.0,0.0,0.0,0.019,300197.731429
1761181,IT,IN,CHEM1,WASTE,0.44,210118.973,4,4,210118.95,0.0,0.0,0.0,0.023,477543.120455
1801126,IT,WE,NONF1,INSUR,0.05,210117.624,3,3,210117.624,0.0,0.0,0.0,0.0,4202352.48
1728790,IT,SE,HEAVY,SEACO,0.34,210109.182,4,4,210109.165,0.0,0.0,0.0,0.017,617968.182353
1688505,IT,IE,WOODW,FOOD5,0.59,210104.117,5,5,210103.103,0.0,1.0,0.0,0.014,356108.672881
1806071,IT,WF,NONF1,FABRI,0.05,210100.074,3,3,210100.074,0.0,0.0,0.0,0.0,4202001.48
1712464,IT,LV,ALUM1,FABRI,0.37,210099.685,4,4,210099.668,0.0,0.0,0.0,0.017,567836.986486
1671288,IT,FI,PREC1,FURNI,0.36,210059.544,4,4,210059.534,0.0,0.0,0.0,0.01,583498.733333
1778799,IT,TR,LANDT,FABRI,1.36,210046.478,4,4,210046.468,0.0,0.0,0.0,0.01,154445.939706
1739146,IT,GB,RETA1,FISHF,2.19,210044.698,4,4,210044.684,0.0,0.0,0.0,0.014,95910.821005
1683457,IT,HR,PREC1,CHEMI,0.36,209990.232,4,4,209990.222,0.0,0.0,0.0,0.01,583306.2
1781206,IT,NO,VEGET,CONST,0.74,209983.108,5,5,209982.1,0.0,1.0,0.0,0.008,283760.956757
1777794,IT,TR,FABRI,WOODW,0.85,209974.991,4,4,209974.976,0.0,0.0,0.0,0.015,247029.401176
1758030,IT,BR,RUBBE,TRANS,0.7,209964.849,4,4,209964.83,0.0,0.0,0.0,0.019,299949.784286
1785605,IT,ZA,GASDI,LANDT,0.31,209958.226,4,4,209958.209,0.0,0.0,0.0,0.017,677284.6
1719477,IT,PL,RUBBE,93197,0.7,209954.139,4,4,209954.12,0.0,0.0,0.0,0.019,299934.484286
1800817,IT,WE,BASIC,NONSP,0.24,209952.972,4,4,209952.959,0.0,0.0,0.0,0.013,874804.05
1753583,IT,CA,MACHI,ELEC2,1.17,209923.482,4,4,209923.465,0.0,0.0,0.0,0.017,179421.779487
1763849,IT,MX,NONME,PLAST,0.42,209915.484,4,4,209915.461,0.0,0.0,0.0,0.023,499798.771429
1800689,IT,WE,BRICK,WEARI,0.31,209902.233,5,5,209901.22,0.0,0.0,1.0,0.013,677103.977419
1766820,IT,RU,MACHI,STEAM,1.17,209862.388,4,4,209862.371,0.0,0.0,0.0,0.017,179369.562393
1812615,IT,WM,LEAD1,REALE,0.36,209831.774,6,6,209829.756,0.0,1.0,1.0,0.018,582866.038889
1803571,IT,WF,DAIRY,PUBLI,0.85,209824.019,5,5,209823.005,0.0,1.0,0.0,0.014,246851.787059
1757637,IT,BR,HEAVY,RAWMI,0.34,209820.485,4,4,209820.468,0.0,0.0,0.0,0.017,617119.073529
1723038,IT,PT,PLAST,BUSIN,0.44,209787.478,4,4,209787.457,0.0,0.0,0.0,0.021,476789.722727
1731495,IT,SI,BEVER,EDUCA,0.89,209766.483,5,5,209765.47,0.0,1.0,0.0,0.013,235692.677528
1800257,IT,WE,PLAST,FOUND,0.44,209712.818,4,4,209712.797,0.0,0.0,0.0,0.021,476620.040909
1762782,IT,IN,BUSIN,RENTI,2.15,209711.779,4,4,209711.765,0.0,0.0,0.0,0.014,97540.362326
1714638,IT,NL,MEATP,FISHF,0.85,209683.214,5,5,209682.191,0.0,1.0,0.0,0.023,246686.134118
1688842,IT,IE,BASIC,LIQUE,0.24,209676.229,4,4,209676.216,0.0,0.0,0.0,0.013,873650.954167
1804339,IT,WF,MOTOR,RETAI,0.31,209642.251,4,4,209642.234,0.0,0.0,0.0,0.017,676265.325806
1688008,IT,HU,RENTI,REALE,1.25,209626.631,4,4,209626.619,0.0,0.0,0.0,0.012,167701.3048
1758300,IT,BR,ALUM1,RETA1,0.36,209605.316,4,4,209605.299,0.0,0.0,0.0,0.017,582236.988889
1653554,IT,CZ,BASIC,STEAM,0.24,209573.134,4,4,209573.121,0.0,0.0,0.0,0.013,873221.391667
1740503,IT,GB,MEMBE,PLAST,2.44,209565.55,4,4,209565.536,0.0,0.0,0.0,0.014,85887.520492
1794227,IT,WL,PRINT,INSUR,2.01,209564.147,4,4,209564.131,0.0,0.0,0.0,0.016,104260.769652
1798982,IT,WE,TOBAC,93197,0.82,209554.81,5,5,209553.797,0.0,1.0,0.0,0.013,255554.646341
1749596,IT,CN,PFERT,BITUM,0.09,209544.572,4,4,209544.538,0.0,0.0,0.0,0.034,2328273.022222
1673790,IT,FR,PAPER,FOOD4,0.81,209527.53,5,5,209525.509,0.0,2.0,0.0,0.021,258675.962963
1663312,IT,DK,AIRTR,RUBBE,0.23,209498.87,4,4,209498.863,0.0,0.0,0.0,0.007,910864.652174
1766649,IT,RU,FABRI,ALUM1,0.85,209477.68,4,4,209477.665,0.0,0.0,0.0,0.015,246444.329412
1731777,IT,SI,PAPER,WEARI,0.81,209476.24,5,5,209474.219,0.0,2.0,0.0,0.021,258612.641975
1769073,IT,AU,PLAST,PLAST,0.44,209475.594,4,4,209475.573,0.0,0.0,0.0,0.021,476080.895455
1714798,IT,NL,FOOD5,PIGS9,1.01,209466.259,5,5,209465.24,0.0,1.0,0.0,0.019,207392.335644
1726042,IT,RO,CHEM1,INERT,0.44,209457.385,4,4,209457.362,0.0,0.0,0.0,0.023,476039.511364
1721440,IT,PL,AIRTR,RUBBE,0.23,209442.489,4,4,209442.482,0.0,0.0,0.0,0.007,910619.517391
1791468,IT,WA,WHOLE,SALEM,1.81,209439.278,4,4,209439.266,0.0,0.0,0.0,0.012,115712.308287
1761423,IT,IN,BASIC,GLASS,0.24,209431.549,4,4,209431.536,0.0,0.0,0.0,0.013,872631.454167
1789188,IT,WA,PLAST,HEAVY,0.44,209430.536,4,4,209430.515,0.0,0.0,0.0,0.021,475978.490909
1709757,IT,LT,RUBBE,VEGET,0.69,209414.834,4,4,209414.815,0.0,0.0,0.0,0.019,303499.75942
1731399,IT,SI,FOOD5,CHEM1,1.01,209403.782,5,5,209402.763,0.0,1.0,0.0,0.019,207330.477228
1805965,IT,WF,COPP1,BITUM,0.53,209397.171,5,5,209396.16,0.0,0.0,1.0,0.011,395089.001887
1641988,IT,AT,RUBBE,NONF1,0.69,209396.216,4,4,209396.197,0.0,0.0,0.0,0.019,303472.776812
1681975,IT,HR,FOOD5,STEAM,1.01,209379.275,5,5,209378.256,0.0,1.0,0.0,0.019,207306.212871
1725499,IT,RO,WEARI,RECRE,1.58,209360.664,4,4,209360.624,0.0,0.0,0.0,0.04,132506.749367
1761036,IT,IN,PLAST,PLAST,0.44,209356.228,4,4,209356.207,0.0,0.0,0.0,0.021,475809.609091
1739430,IT,GB,LANDT,MEATC,1.35,209354.647,4,4,209354.637,0.0,0.0,0.0,0.01,155077.516296
1788891,IT,WA,GASDI,SUPPO,0.31,209346.624,4,4,209346.607,0.0,0.0,0.0,0.017,675311.690323
1723109,IT,PT,CHEM1,DIST1,0.44,209311.202,4,4,209311.179,0.0,0.0,0.0,0.023,475707.277273
1789438,IT,WA,CHEM1,MEMBE,0.44,209303.462,4,4,209303.439,0.0,0.0,0.0,0.023,475689.686364
1717466,IT,NL,AUXIL,FINAN,3.83,209295.933,4,4,209295.923,0.0,0.0,0.0,0.01,54646.457702
1661000,IT,DE,BUSIN,COLLE,2.15,209290.371,4,4,209290.357,0.0,0.0,0.0,0.014,97344.358605
1659535,IT,DE,RETA1,FINAN,2.19,209289.744,4,4,209289.73,0.0,0.0,0.0,0.014,95566.093151
1676487,IT,FR,RETA1,RETA1,2.19,209285.691,4,4,209285.677,0.0,0.0,0.0,0.014,95564.242466
1742464,IT,US,BASIC,HEAVY,0.24,209281.813,4,4,209281.8,0.0,0.0,0.0,0.013,872007.554167
1710899,IT,LU,KEROS,BUSIN,0.31,209267.081,4,4,209267.064,0.0,0.0,0.0,0.017,675055.1
1641655,IT,AT,PETRO,GASDI,0.35,209257.193,4,4,209257.177,0.0,0.0,0.0,0.016,597877.694286
1713914,IT,MT,ELEC7,RENTI,0.14,209230.318,4,4,209230.315,0.0,0.0,0.0,0.003,1494502.271429
1645215,IT,BE,COKEO,COMPU,0.03,209216.24,3,3,209216.24,0.0,0.0,0.0,0.0,6973874.666667
1660933,IT,DE,BUSIN,PAPER,2.15,209210.251,4,4,209210.237,0.0,0.0,0.0,0.014,97307.093488
1812539,IT,WM,ALUM1,CERAM,0.36,209181.86,4,4,209181.843,0.0,0.0,0.0,0.017,581060.722222
1683262,IT,HR,CERAM,REALE,0.33,209171.852,5,5,209170.841,0.0,0.0,1.0,0.011,633854.09697
1654117,IT,CZ,OFFIC,COMPU,0.65,209162.052,4,4,209162.037,0.0,0.0,0.0,0.015,321787.772308
1803805,IT,WF,TEXTI,PRINT,1.24,209143.481,4,4,209143.453,0.0,0.0,0.0,0.028,168664.097581
1804574,IT,WF,HEAVY,ALUMI,0.34,209127.71,4,4,209127.693,0.0,0.0,0.0,0.017,615081.5
1793437,IT,WL,FORES,CHEM1,1.83,209125.119,5,5,209045.113,0.0,80.0,0.0,0.006,114276.021311
1803315,IT,WF,STONE,NONFE,0.68,209113.975,5,5,209101.965,0.0,0.0,12.0,0.01,307520.551471
1674535,IT,FR,RUBBE,GASDI,0.69,209107.637,4,4,209107.618,0.0,0.0,0.0,0.019,303054.546377
1714096,IT,MT,SEACO,FABRI,0.21,209106.838,4,4,209106.834,0.0,0.0,0.0,0.004,995746.847619
1731950,IT,SI,MOTOR,POSTT,0.31,209102.171,4,4,209102.154,0.0,0.0,0.0,0.017,674523.132258
1785593,IT,ZA,GASDI,BASIC,0.31,209094.792,4,4,209094.775,0.0,0.0,0.0,0.017,674499.329032
1784679,IT,ID,MOTO1,SALEM,1.11,209072.647,4,4,209072.633,0.0,0.0,0.0,0.014,188353.736036
1759186,IT,BR,AIRTR,93197,0.23,209051.346,4,4,209051.339,0.0,0.0,0.0,0.007,908918.895652
1644073,IT,AT,BUSIN,SALEM,2.15,209050.87,4,4,209050.856,0.0,0.0,0.0,0.014,97232.962791
1773186,IT,CH,FABRI,DAIRY,0.85,209049.513,4,4,209049.498,0.0,0.0,0.0,0.015,245940.603529
1725616,IT,RO,WOODW,BUSIN,0.58,209030.479,5,5,209029.465,0.0,1.0,0.0,0.014,360397.377586
1772878,IT,CH,BASIC,ELEC3,0.24,209017.84,4,4,209017.827,0.0,0.0,0.0,0.013,870907.666667
1786792,IT,ZA,HOTEL,RUBBE,1.51,208980.835,4,4,208980.819,0.0,0.0,0.0,0.016,138397.903974
1683017,IT,HR,CHEM1,OFFIC,0.44,208965.069,4,4,208965.046,0.0,0.0,0.0,0.023,474920.611364
1677575,IT,FR,REALE,WOODW,8.83,208924.981,5,5,208923.967,0.0,0.0,1.0,0.014,23660.81325
1750348,IT,CN,FABRI,LEATH,0.85,208912.542,4,4,208912.527,0.0,0.0,0.0,0.015,245779.461176
1654306,IT,CZ,ELEC2,FABRI,0.05,208911.405,4,4,208911.383,0.0,0.0,0.0,0.022,4178228.1
1689239,IT,IE,WHOLE,FISH5,1.81,208893.662,4,4,208893.65,0.0,0.0,0.0,0.012,115410.862983
1689802,IT,IE,INSUR,PLAST,4.3,208859.038,4,4,208859.028,0.0,0.0,0.0,0.01,48571.869302
1788754,IT,WA,MOTOR,SUPPO,0.31,208850.903,4,4,208850.886,0.0,0.0,0.0,0.017,673712.590323
1683691,IT,HR,FABRI,RECRE,0.85,208850.084,4,4,208850.069,0.0,0.0,0.0,0.015,245705.981176
1772601,IT,CH,RUBBE,93197,0.69,208830.132,4,4,208830.113,0.0,0.0,0.0,0.019,302652.365217
1763757,IT,MX,GLASS,FABRI,0.57,208804.591,5,5,208803.579,0.0,0.0,1.0,0.012,366323.84386
1812844,IT,WM,FABRI,BASIC,0.85,208803.173,4,4,208803.158,0.0,0.0,0.0,0.015,245650.791765
1669797,IT,ES,BUSIN,FURNI,2.14,208793.179,4,4,208793.165,0.0,0.0,0.0,0.014,97566.906075
1772648,IT,CH,GLASS,DIST1,0.57,208790.846,5,5,208789.834,0.0,0.0,1.0,0.012,366299.729825
1743041,IT,US,OFFIC,REALE,0.65,208781.668,4,4,208781.653,0.0,0.0,0.0,0.015,321202.566154
1749225,IT,CN,PAPER,TEXTI,0.81,208780.886,5,5,208778.865,0.0,2.0,0.0,0.021,257754.180247
1750079,IT,CN,BASIC,NONF1,0.24,208777.227,4,4,208777.214,0.0,0.0,0.0,0.013,869905.1125
1670526,IT,FI,BEVER,HEALT,0.89,208769.907,5,5,208768.894,0.0,1.0,0.0,0.013,234572.929213
1801367,IT,WE,MACHI,CONST,1.16,208767.172,4,4,208767.155,0.0,0.0,0.0,0.017,179971.7
1745059,IT,US,PUBLI,TRANS,3.42,208764.285,4,4,208764.27,0.0,0.0,0.0,0.015,61042.188596
1804112,IT,WF,PAPER,VEGE1,0.81,208730.222,5,5,208728.201,0.0,2.0,0.0,0.021,257691.632099
1799013,IT,WE,TEXTI,WOODW,1.24,208724.606,4,4,208724.578,0.0,0.0,0.0,0.028,168326.295161
1754951,IT,KR,TEXTI,NONME,1.24,208711.435,4,4,208711.407,0.0,0.0,0.0,0.028,168315.673387
1789598,IT,WA,RUBBE,ANTHR,0.69,208669.267,4,4,208669.248,0.0,0.0,0.0,0.019,302419.227536
1812698,IT,WM,COPP1,INSUR,0.53,208651.424,5,5,208650.413,0.0,0.0,1.0,0.011,393681.932075
1766486,IT,RU,ALUM1,FOUND,0.36,208634.994,4,4,208634.977,0.0,0.0,0.0,0.017,579541.65
1643642,IT,AT,AIRTR,SALEM,0.23,208617.47,4,4,208617.463,0.0,0.0,0.0,0.007,907032.478261
1777859,IT,TR,FABRI,BUSIN,0.85,208611.28,4,4,208611.265,0.0,0.0,0.0,0.015,245425.035294
1804459,IT,WF,GASDI,NATU1,0.31,208601.915,4,4,208601.898,0.0,0.0,0.0,0.017,672909.403226
1771266,IT,CH,VEGE1,RESEA,0.64,208598.419,5,5,208597.374,0.0,1.0,0.0,0.045,325935.029688
1679945,IT,GR,FABRI,PLAST,0.85,208592.013,4,4,208591.998,0.0,0.0,0.0,0.015,245402.368235
1732489,IT,SI,CHEM1,BUSIN,0.44,208561.665,4,4,208561.642,0.0,0.0,0.0,0.023,474003.784091
1720182,IT,PL,COPP1,TRANS,0.53,208524.614,5,5,208523.603,0.0,0.0,1.0,0.011,393442.667925
1724442,IT,PT,AIRTR,AIRTR,0.23,208496.983,4,4,208496.976,0.0,0.0,0.0,0.007,906508.621739
1665811,IT,ES,PAPER,RECRE,0.81,208448.253,5,5,208446.232,0.0,2.0,0.0,0.021,257343.522222
1728867,IT,SE,CHEM1,OILSE,0.44,208429.775,4,4,208429.752,0.0,0.0,0.0,0.023,473704.034091
1789229,IT,WA,PLAST,ELEC4,0.44,208426.994,4,4,208426.973,0.0,0.0,0.0,0.021,473697.713636
1713832,IT,MT,ELEC1,RUBBE,0.03,208425.728,4,4,208425.715,0.0,0.0,0.0,0.013,6947524.266667
1655355,IT,DE,OILSE,VEGE1,0.15,208414.876,5,5,208413.866,0.0,1.0,0.0,0.01,1389432.506667
1655408,IT,DE,MEATA,PFERT,1.13,208398.01,5,5,208396.978,0.0,1.0,0.0,0.032,184423.017699
1742177,IT,US,GLASS,NONME,0.57,208344.245,5,5,208343.233,0.0,0.0,1.0,0.012,365516.219298
1756763,IT,KR,AIRTR,NONME,0.23,208339.283,4,4,208339.276,0.0,0.0,0.0,0.007,905822.969565
1748541,IT,CN,MEAT4,MEAT4,1.15,208338.185,5,5,208337.171,0.0,1.0,0.0,0.014,181163.63913
1658585,IT,DE,MACHI,CERAM,1.16,208332.25,4,4,208332.233,0.0,0.0,0.0,0.017,179596.767241
1649451,IT,BG,CHEM1,SALEM,0.44,208294.33,4,4,208294.307,0.0,0.0,0.0,0.023,473396.204545
1810081,IT,WM,TEXTI,DISTR,1.23,208285.208,4,4,208285.18,0.0,0.0,0.0,0.028,169337.56748
1804811,IT,WF,NAPHT,MOTO1,0.35,208282.141,4,4,208282.126,0.0,0.0,0.0,0.015,595091.831429
1657376,IT,DE,RUBBE,POULT,0.69,208275.951,4,4,208275.932,0.0,0.0,0.0,0.019,301849.204348
1801360,IT,WE,MACHI,TRAN1,1.16,208255.394,4,4,208255.377,0.0,0.0,0.0,0.017,179530.512069
1728856,IT,SE,PLAST,RENTI,0.44,208246.918,4,4,208246.897,0.0,0.0,0.0,0.021,473288.45
1756123,IT,KR,FABRI,BUSIN,0.85,208245.373,4,4,208245.358,0.0,0.0,0.0,0.015,244994.556471
1789946,IT,WA,CEMEN,WHOLE,0.33,208158.324,5,5,208157.315,0.0,0.0,1.0,0.009,630782.8
1674441,IT,FR,ADDIT,NAPHT,0.48,208151.535,5,5,208149.519,0.0,2.0,0.0,0.016,433649.03125
1755875,IT,KR,NONME,MACHI,0.42,208112.287,4,4,208112.264,0.0,0.0,0.0,0.023,495505.445238
1782401,IT,NO,FABRI,HEALT,0.85,208109.07,4,4,208109.055,0.0,0.0,0.0,0.015,244834.2
1799032,IT,WE,TEXTI,RUBBE,1.23,208105.623,4,4,208105.595,0.0,0.0,0.0,0.028,169191.563415
1719613,IT,PL,CERAM,FURNI,0.32,208096.142,5,5,208095.131,0.0,0.0,1.0,0.011,650300.44375
1762717,IT,IN,BUSIN,GASDI,2.14,208060.024,4,4,208060.01,0.0,0.0,0.0,0.014,97224.31028
1656623,IT,DE,PRINT,SALEM,2.0,208058.057,4,4,208058.041,0.0,0.0,0.0,0.016,104029.0285
1648998,IT,BG,LEATH,RECRE,1.49,208055.847,5,5,208054.811,0.0,1.0,0.0,0.036,139634.796644
1809377,IT,WM,CHEMI,MEATA,0.5,208035.45,6,6,208024.43,0.0,1.0,10.0,0.02,416070.9
1763707,IT,MX,RUBBE,HOTEL,0.69,208031.52,4,4,208031.501,0.0,0.0,0.0,0.019,301494.956522
1681934,IT,HR,FOOD5,ANIMA,1.0,208023.421,5,5,208022.402,0.0,1.0,0.0,0.019,208023.421
1642288,IT,AT,NONME,BUSIN,0.42,207999.546,4,4,207999.523,0.0,0.0,0.0,0.023,495237.014286
1662110,IT,DK,CHEM1,93197,0.43,207988.082,4,4,207988.059,0.0,0.0,0.0,0.023,483693.213953
1734473,IT,SK,SANDC,PREC1,0.48,207981.291,5,5,207935.284,0.0,0.0,46.0,0.007,433294.35625
1675453,IT,FR,MACHI,FOOD3,1.16,207977.998,4,4,207977.981,0.0,0.0,0.0,0.017,179291.377586
1792186,IT,WA,SUPPO,LANDT,1.5,207976.966,4,4,207976.956,0.0,0.0,0.0,0.01,138651.310667
1784311,IT,ID,CHEM1,REALE,0.43,207963.617,4,4,207963.594,0.0,0.0,0.0,0.023,483636.318605
1812786,IT,WM,FABRI,RAWMI,0.85,207928.528,4,4,207928.513,0.0,0.0,0.0,0.015,244621.797647
1643656,IT,AT,AIRTR,RENTI,0.23,207919.995,4,4,207919.988,0.0,0.0,0.0,0.007,903999.978261
1665422,IT,ES,TEXTI,RETA1,1.23,207902.951,4,4,207902.923,0.0,0.0,0.0,0.028,169026.789431
1768982,IT,AU,PAPER,RETA1,0.81,207882.918,5,5,207880.897,0.0,2.0,0.0,0.021,256645.577778
1751161,IT,CN,HOTEL,NATUR,1.51,207867.228,4,4,207867.212,0.0,0.0,0.0,0.016,137660.415894
1674530,IT,FR,RUBBE,PULP5,0.69,207846.618,4,4,207846.599,0.0,0.0,0.0,0.019,301226.982609
1801144,IT,WE,FABRI,RAWMI,0.85,207787.587,4,4,207787.572,0.0,0.0,0.0,0.015,244455.984706
1772064,IT,CH,PRINT,HOTEL,1.99,207785.243,4,4,207785.227,0.0,0.0,0.0,0.016,104414.694975
1640939,IT,AT,WOODW,SANDC,0.58,207772.407,5,5,207771.393,0.0,1.0,0.0,0.014,358228.287931
1666841,IT,ES,GLASS,MEATP,0.57,207741.021,5,5,207740.009,0.0,0.0,1.0,0.012,364457.931579
1681188,IT,GR,POSTT,WHOLE,3.42,207712.62,4,4,207712.604,0.0,0.0,0.0,0.016,60734.684211
1805684,IT,WF,BASIC,COPPE,0.24,207708.107,4,4,207708.094,0.0,0.0,0.0,0.013,865450.445833
1734708,IT,SK,LEATH,GLASS,1.49,207694.43,5,5,207693.394,0.0,1.0,0.0,0.036,139392.234899
1768460,IT,AU,DAIRY,EDUCA,0.84,207645.395,5,5,207644.381,0.0,1.0,0.0,0.014,247196.89881
1653508,IT,CZ,BASIC,GASDI,0.24,207642.438,4,4,207642.425,0.0,0.0,0.0,0.013,865176.825
1807985,IT,WF,PLAS1,POSTT,0.74,207640.659,4,4,207640.645,0.0,0.0,0.0,0.014,280595.485135
1667397,IT,ES,COPP1,FOUND,0.52,207609.974,5,5,207608.963,0.0,0.0,1.0,0.011,399249.95
1741693,IT,US,HEAVY,LANDT,0.34,207600.893,4,4,207600.876,0.0,0.0,0.0,0.017,610590.861765
1814049,IT,WM,SEACO,PRIVA,0.21,207584.856,4,4,207584.852,0.0,0.0,0.0,0.004,988499.314286
1652620,IT,CZ,WOODW,PULP5,0.58,207583.387,5,5,207582.373,0.0,1.0,0.0,0.014,357902.391379
1678809,IT,GR,BEVER,PIGS9,0.88,207536.465,5,5,207535.452,0.0,1.0,0.0,0.013,235836.892045
1671251,IT,FI,BASIC,NONF1,0.24,207531.573,4,4,207531.56,0.0,0.0,0.0,0.013,864714.8875
1648700,IT,BG,FOOD5,MEAT1,1.0,207529.957,5,5,207528.938,0.0,1.0,0.0,0.019,207529.957
1650517,IT,BG,ELEC6,CONST,0.03,207528.019,4,4,207527.986,0.0,0.0,0.0,0.033,6917600.633333
1718469,IT,PL,TEXTI,WOODW,1.23,207519.506,4,4,207519.478,0.0,0.0,0.0,0.028,168715.045528
1643667,IT,AT,AIRTR,RECRE,0.23,207476.48,4,4,207476.473,0.0,0.0,0.0,0.007,902071.652174
1723593,IT,PT,FABRI,CEMEN,0.84,207458.046,4,4,207458.031,0.0,0.0,0.0,0.015,246973.864286
1747543,IT,JP,AIRTR,WEARI,0.23,207456.924,4,4,207456.917,0.0,0.0,0.0,0.007,901986.626087
1756788,IT,KR,AIRTR,SEACO,0.23,207413.543,4,4,207413.536,0.0,0.0,0.0,0.007,901798.013043
1788424,IT,WA,PULP5,CRUDE,0.63,207408.492,5,5,207407.473,0.0,1.0,0.0,0.019,329219.828571
1810916,IT,WM,GASDI,MEATA,0.31,207386.839,4,4,207386.822,0.0,0.0,0.0,0.017,668989.803226
1739119,IT,GB,WHOLE,FURNI,1.79,207371.1,4,4,207371.088,0.0,0.0,0.0,0.012,115849.776536
1720752,IT,PL,TRANS,MACHI,1.24,207320.528,4,4,207320.517,0.0,0.0,0.0,0.011,167193.974194
1728179,IT,SE,PROCE,FOOD5,1.4,207317.922,5,5,207316.909,0.0,1.0,0.0,0.013,148084.23
1677521,IT,FR,AUXIL,POSTT,3.79,207271.085,4,4,207271.075,0.0,0.0,0.0,0.01,54688.940633
1746506,IT,JP,CERAM,SUPPO,0.32,207258.275,5,5,207257.264,0.0,0.0,1.0,0.011,647682.109375
1711610,IT,LU,AUXIL,INSUR,3.79,207255.216,4,4,207255.206,0.0,0.0,0.0,0.01,54684.753562
1810954,IT,WM,GASDI,LIQUE,0.31,207250.818,4,4,207250.801,0.0,0.0,0.0,0.017,668551.025806
1756415,IT,KR,FURNI,RECRE,0.66,207242.518,6,6,207240.5,0.0,1.0,1.0,0.018,314003.815152
1715986,IT,NL,CERAM,HEALT,0.32,207241.49,5,5,207240.479,0.0,0.0,1.0,0.011,647629.65625
1772212,IT,CH,GASDI,REALE,0.31,207237.363,4,4,207237.346,0.0,0.0,0.0,0.017,668507.622581
1734882,IT,SK,PAPER,RETA1,0.8,207226.303,5,5,207224.283,0.0,2.0,0.0,0.02,259032.87875
1667241,IT,ES,PREC1,DISTR,0.35,207214.208,4,4,207214.198,0.0,0.0,0.0,0.01,592040.594286
1764153,IT,MX,FABRI,REALE,0.84,207201.373,4,4,207201.358,0.0,0.0,0.0,0.015,246668.30119
1782798,IT,NO,HOTEL,MACHI,1.5,207199.363,4,4,207199.347,0.0,0.0,0.0,0.016,138132.908667
1643616,IT,AT,AIRTR,CEMEN,0.23,207181.753,4,4,207181.746,0.0,0.0,0.0,0.007,900790.230435
1672426,IT,FI,BUSIN,REALE,2.13,207168.462,4,4,207168.448,0.0,0.0,0.0,0.014,97262.188732
1676848,IT,FR,LANDT,REALE,1.34,207156.156,4,4,207156.146,0.0,0.0,0.0,0.01,154594.146269
1658941,IT,DE,FURNI,RENTI,0.66,207152.746,6,6,207150.728,0.0,1.0,1.0,0.018,313867.79697
1641228,IT,AT,COKEO,COMPU,0.03,207132.641,3,3,207132.641,0.0,0.0,0.0,0.0,6904421.366667
1726345,IT,RO,ALUM1,FOUND,0.36,207127.829,4,4,207127.812,0.0,0.0,0.0,0.017,575355.080556
1653454,IT,CZ,NONME,TRANS,0.42,207125.744,4,4,207125.721,0.0,0.0,0.0,0.023,493156.533333
1653567,IT,CZ,BASIC,SUPPO,0.24,207121.229,4,4,207121.216,0.0,0.0,0.0,0.013,863005.120833
1649960,IT,BG,FABRI,SALEM,0.84,207099.005,4,4,207098.99,0.0,0.0,0.0,0.015,246546.434524
1660965,IT,DE,BUSIN,NONME,2.13,207094.075,4,4,207094.061,0.0,0.0,0.0,0.014,97227.265258
1791929,IT,WA,SEACO,NATUR,0.21,207089.77,4,4,207089.766,0.0,0.0,0.0,0.004,986141.761905
1781756,IT,NO,PAPER,BUSIN,0.8,207066.699,5,5,207064.679,0.0,2.0,0.0,0.02,258833.37375
1644285,IT,BE,MEATA,PIGS9,1.13,207064.701,5,5,207063.669,0.0,1.0,0.0,0.032,183243.09823
1810114,IT,WM,TEXTI,MEMBE,1.23,207047.652,4,4,207047.625,0.0,0.0,0.0,0.027,168331.42439
1670978,IT,FI,CHEM1,SUPPO,0.43,207028.756,4,4,207028.733,0.0,0.0,0.0,0.023,481462.223256
1665141,IT,ES,DAIRY,WHOLE,0.84,207020.901,5,5,207019.887,0.0,1.0,0.0,0.014,246453.453571
1723920,IT,PT,FURNI,BUSIN,0.66,207001.073,6,6,206999.055,0.0,1.0,1.0,0.018,313637.989394
1717881,IT,PL,VEGET,BUSIN,0.73,206995.772,5,5,206994.764,0.0,1.0,0.0,0.008,283555.852055
1670989,IT,FI,CHEM1,INTER,0.43,206965.661,4,4,206965.638,0.0,0.0,0.0,0.023,481315.490698
1653808,IT,CZ,NONF1,FOUND,0.05,206965.132,3,3,206965.132,0.0,0.0,0.0,0.0,4139302.64
1722157,IT,PL,BUSIN,AUXIL,2.13,206961.344,4,4,206961.33,0.0,0.0,0.0,0.014,97164.950235
1796068,IT,WL,TRANS,TOBAC,1.24,206961.243,4,4,206961.232,0.0,0.0,0.0,0.011,166904.228226
1794673,IT,WL,NAPHT,NFERT,0.35,206957.549,4,4,206957.534,0.0,0.0,0.0,0.015,591307.282857
1738091,IT,GB,RUBBE,FINAN,0.69,206948.025,4,4,206948.006,0.0,0.0,0.0,0.019,299924.673913
1683455,IT,HR,PREC1,STONE,0.35,206939.453,4,4,206939.443,0.0,0.0,0.0,0.01,591255.58
1811008,IT,WM,GASDI,COMPU,0.31,206925.769,4,4,206925.752,0.0,0.0,0.0,0.017,667502.480645
1725408,IT,RO,TEXTI,CONST,1.23,206925.179,4,4,206925.152,0.0,0.0,0.0,0.027,168231.852846
1656805,IT,DE,GASDI,NUCLE,0.31,206920.079,4,4,206920.062,0.0,0.0,0.0,0.017,667484.125806
1673400,IT,FR,WEARI,FOOD5,1.56,206913.059,4,4,206913.02,0.0,0.0,0.0,0.039,132636.576282
1724427,IT,PT,AIRTR,FABRI,0.23,206904.861,4,4,206904.854,0.0,0.0,0.0,0.007,899586.352174
1659012,IT,DE,ELEC2,CEMEN,0.05,206899.43,4,4,206899.408,0.0,0.0,0.0,0.022,4137988.6
1671165,IT,FI,CERAM,TRAN1,0.32,206880.466,5,5,206879.455,0.0,0.0,1.0,0.011,646501.45625
1796217,IT,WL,FURNI,ELEC4,0.66,206874.225,6,6,206872.207,0.0,1.0,1.0,0.018,313445.795455
1654557,IT,CZ,HOTEL,COMPU,1.5,206855.766,4,4,206855.75,0.0,0.0,0.0,0.016,137903.844
1761927,IT,IN,FURNI,RUBBE,0.66,206839.492,6,6,206837.474,0.0,1.0,1.0,0.018,313393.169697
1664291,IT,EE,ALUM1,BASIC,0.36,206816.781,4,4,206816.764,0.0,0.0,0.0,0.017,574491.058333
1769975,IT,AU,TRANS,RAILW,1.23,206806.628,4,4,206806.617,0.0,0.0,0.0,0.011,168135.469919
1739133,IT,GB,WHOLE,93197,1.79,206788.036,4,4,206788.024,0.0,0.0,0.0,0.012,115524.042458
1776941,IT,TR,PLAST,RETA1,0.43,206773.558,4,4,206773.537,0.0,0.0,0.0,0.021,480868.739535
1713385,IT,MT,LIQUE,DISTR,0.36,206744.881,4,4,206744.864,0.0,0.0,0.0,0.017,574291.336111
1656066,IT,DE,BEVER,BIOGA,0.88,206736.954,5,5,206735.941,0.0,1.0,0.0,0.013,234928.356818
1775657,IT,CH,93197,RECRE,1.39,206728.105,4,4,206728.086,0.0,0.0,0.0,0.019,148725.255396
1788416,IT,WA,PULP5,PADDY,0.63,206710.768,5,5,206709.749,0.0,1.0,0.0,0.019,328112.330159
1738271,IT,GB,NONME,NONME,0.42,206699.795,4,4,206699.772,0.0,0.0,0.0,0.023,492142.369048
1806516,IT,WF,TRANS,93197,1.23,206693.012,4,4,206693.001,0.0,0.0,0.0,0.011,168043.099187
1753344,IT,CA,BASIC,RESEA,0.24,206676.155,4,4,206676.142,0.0,0.0,0.0,0.013,861150.645833
1716377,IT,NL,MACHI,WOODW,1.15,206664.637,4,4,206664.62,0.0,0.0,0.0,0.017,179708.38
1671178,IT,FI,CERAM,HEALT,0.32,206644.796,5,5,206643.785,0.0,0.0,1.0,0.011,645764.9875
1684255,IT,HR,SEACO,LANDT,0.21,206641.156,4,4,206641.152,0.0,0.0,0.0,0.004,984005.504762
1788804,IT,WA,KEROS,DIST1,0.31,206637.637,4,4,206637.62,0.0,0.0,0.0,0.017,666573.022581
1683267,IT,HR,CERAM,HEALT,0.32,206621.089,5,5,206620.078,0.0,0.0,1.0,0.011,645690.903125
1652519,IT,CZ,WEARI,RETA1,1.56,206599.564,4,4,206599.525,0.0,0.0,0.0,0.039,132435.617949
1732111,IT,SI,GASDI,WHEAT,0.31,206597.897,4,4,206597.88,0.0,0.0,0.0,0.017,666444.829032
1744337,IT,US,FINAN,RAILW,2.69,206595.328,4,4,206595.322,0.0,0.0,0.0,0.006,76801.237175
1748717,IT,CN,BEVER,WOODW,0.88,206592.905,5,5,206591.892,0.0,1.0,0.0,0.013,234764.664773
1710094,IT,LT,FABRI,CONST,0.84,206574.546,4,4,206574.531,0.0,0.0,0.0,0.015,245922.078571
1746797,IT,JP,MACHI,GLASS,1.15,206569.025,4,4,206569.008,0.0,0.0,0.0,0.017,179625.23913
1733752,IT,SI,LANDT,PULP5,1.33,206558.494,4,4,206558.484,0.0,0.0,0.0,0.01,155307.138346
1721084,IT,PL,HOTEL,INSUR,1.5,206554.591,4,4,206554.575,0.0,0.0,0.0,0.016,137703.060667
1658935,IT,DE,FURNI,LANDT,0.66,206546.062,6,6,206544.044,0.0,1.0,1.0,0.018,312948.578788
1724352,IT,PT,SEACO,CEMEN,0.21,206541.933,4,4,206541.929,0.0,0.0,0.0,0.004,983533.014286
1757112,IT,BR,VEGET,BEVER,0.73,206507.743,5,5,206506.735,0.0,1.0,0.0,0.008,282887.319178
1650315,IT,BG,ELEC2,MEATP,0.05,206491.043,4,4,206491.021,0.0,0.0,0.0,0.022,4129820.86
1718761,IT,PL,PAPER,CROPS,0.8,206485.817,5,5,206483.797,0.0,2.0,0.0,0.02,258107.27125
1750408,IT,CN,FABRI,LANDT,0.84,206484.569,4,4,206484.554,0.0,0.0,0.0,0.015,245814.963095
1768369,IT,AU,MEAT4,RETA1,1.14,206472.339,5,5,206471.325,0.0,1.0,0.0,0.014,181116.086842
1813465,IT,WM,SALEM,CRUDE,1.67,206461.549,4,4,206461.536,0.0,0.0,0.0,0.013,123629.67006
1719381,IT,PL,RUBBE,FISH5,0.68,206458.713,4,4,206458.694,0.0,0.0,0.0,0.019,303615.754412
1801494,IT,WE,MOTO1,FABRI,1.1,206448.771,4,4,206448.758,0.0,0.0,0.0,0.013,187680.700909
1661471,IT,DK,PROCE,FISH5,1.4,206447.894,5,5,206446.881,0.0,1.0,0.0,0.013,147462.781429
1810637,IT,WM,COKEO,LEAD1,0.03,206398.288,3,3,206398.288,0.0,0.0,0.0,0.0,6879942.933333
1749930,IT,CN,GLASS,OFFIC,0.57,206359.116,5,5,206358.104,0.0,0.0,1.0,0.012,362033.536842
1668866,IT,ES,SEACO,PULP5,0.21,206351.219,4,4,206351.215,0.0,0.0,0.0,0.004,982624.852381
1730884,IT,SE,PAPE1,MEATC,1.45,206333.584,4,4,206333.571,0.0,0.0,0.0,0.013,142299.023448
1738087,IT,GB,RUBBE,LANDT,0.68,206333.523,4,4,206333.504,0.0,0.0,0.0,0.019,303431.651471
1717041,IT,NL,LANDT,TRANS,1.33,206324.895,4,4,206324.885,0.0,0.0,0.0,0.01,155131.5
1645635,IT,BE,CHEM1,ELEC5,0.43,206290.461,4,4,206290.438,0.0,0.0,0.0,0.023,479745.25814
1753455,IT,CA,FABRI,NONME,0.84,206268.664,4,4,206268.649,0.0,0.0,0.0,0.015,245557.933333
1669000,IT,ES,AIRTR,RECRE,0.22,206262.725,4,4,206262.719,0.0,0.0,0.0,0.006,937557.840909
1650269,IT,BG,ELEC1,HEAVY,0.03,206248.649,4,4,206248.636,0.0,0.0,0.0,0.013,6874954.966667
1769722,IT,AU,MACHI,NICKE,1.15,206245.496,4,4,206245.479,0.0,0.0,0.0,0.017,179343.909565
1746408,IT,JP,RUBBE,SALEM,0.68,206226.93,4,4,206226.911,0.0,0.0,0.0,0.019,303274.897059
1767440,IT,RU,LANDT,WHOLE,1.33,206225.957,4,4,206225.947,0.0,0.0,0.0,0.01,155057.110526
1798645,IT,WE,MEAT4,INSUR,1.14,206209.291,5,5,206208.277,0.0,1.0,0.0,0.014,180885.342982
1799902,IT,WE,GASDI,COMPU,0.31,206203.76,4,4,206203.743,0.0,0.0,0.0,0.017,665173.419355
1759077,IT,BR,SEACO,SEACO,0.21,206199.157,4,4,206199.153,0.0,0.0,0.0,0.004,981900.747619
1671216,IT,FI,NONME,RENTI,0.42,206184.18,4,4,206184.157,0.0,0.0,0.0,0.023,490914.714286
1652681,IT,CZ,PAPER,PLANT,0.8,206138.512,5,5,206136.492,0.0,2.0,0.0,0.02,257673.14
1726400,IT,RO,FABRI,CEREA,0.84,206110.377,4,4,206110.362,0.0,0.0,0.0,0.015,245369.496429
1765624,IT,RU,WOODW,FURNI,0.58,206095.055,5,5,206094.041,0.0,1.0,0.0,0.014,355336.301724
1720302,IT,PL,FABRI,NONME,0.84,206077.763,4,4,206077.748,0.0,0.0,0.0,0.015,245330.670238
1720001,IT,PL,ALUM1,BEVER,0.36,206056.232,4,4,206056.215,0.0,0.0,0.0,0.017,572378.422222
1756230,IT,KR,MACHI,RETA1,1.15,206024.658,4,4,206024.641,0.0,0.0,0.0,0.017,179151.876522
1800771,IT,WE,NONME,PUBLI,0.42,205991.2,4,4,205991.177,0.0,0.0,0.0,0.023,490455.238095
1796895,IT,WL,SEACO,REALE,0.21,205988.99,4,4,205988.986,0.0,0.0,0.0,0.004,980899.952381
1793759,IT,WL,BEVER,HEALT,0.88,205972.237,5,5,205971.224,0.0,1.0,0.0,0.013,234059.360227
1745086,IT,US,PUBLI,REALE,3.37,205925.257,4,4,205925.243,0.0,0.0,0.0,0.014,61105.417507
1794950,IT,WL,CHEM1,BIOGA,0.43,205884.079,4,4,205884.057,0.0,0.0,0.0,0.022,478800.183721
1813625,IT,WM,RETA1,CRUDE,2.15,205881.471,4,4,205881.458,0.0,0.0,0.0,0.013,95758.823721
1785961,IT,ZA,RUBBE,ELECT,0.68,205873.647,4,4,205873.628,0.0,0.0,0.0,0.019,302755.363235
1756307,IT,KR,MOTO1,TRANS,1.1,205872.782,4,4,205872.769,0.0,0.0,0.0,0.013,187157.074545
1681783,IT,HR,CHEMI,WOOD2,0.49,205839.128,6,6,205828.109,0.0,1.0,10.0,0.019,420079.853061
1728359,IT,SE,TEXTI,RUBBE,1.22,205822.642,4,4,205822.615,0.0,0.0,0.0,0.027,168707.083607
1811192,IT,WM,NAPHT,WHOLE,0.35,205811.751,4,4,205811.736,0.0,0.0,0.0,0.015,588033.574286
1801713,IT,WE,ELEC1,GASDI,0.03,205809.235,4,4,205809.222,0.0,0.0,0.0,0.013,6860307.833333
1770509,IT,AU,AIRTR,HOTEL,0.22,205801.061,4,4,205801.055,0.0,0.0,0.0,0.006,935459.368182
1719180,IT,PL,PLAST,SALEM,0.43,205774.108,4,4,205774.087,0.0,0.0,0.0,0.021,478544.437209
1671506,IT,FI,MACHI,OFFIC,1.15,205759.157,4,4,205759.14,0.0,0.0,0.0,0.017,178921.006087
1649686,IT,BG,CEMEN,CONST,0.33,205757.946,5,5,205756.937,0.0,0.0,1.0,0.009,623508.927273
1711965,IT,LV,VEGET,VEGET,0.73,205751.206,5,5,205750.198,0.0,1.0,0.0,0.008,281850.967123
1667983,IT,ES,TRANS,WHOLE,1.23,205750.25,4,4,205750.239,0.0,0.0,0.0,0.011,167276.626016
1683018,IT,HR,CHEM1,MOTO1,0.43,205730.838,4,4,205730.816,0.0,0.0,0.0,0.022,478443.809302
1649736,IT,BG,BASIC,WEARI,0.24,205719.755,4,4,205719.742,0.0,0.0,0.0,0.013,857165.645833
1766222,IT,RU,GLASS,FURNI,0.56,205717.249,5,5,205716.237,0.0,0.0,1.0,0.012,367352.230357
1666474,IT,ES,PLAST,WOODW,0.43,205715.939,4,4,205715.918,0.0,0.0,0.0,0.021,478409.160465
1654054,IT,CZ,MACHI,HEALT,1.15,205691.336,4,4,205691.319,0.0,0.0,0.0,0.017,178862.031304
1756119,IT,KR,FABRI,REALE,0.84,205679.352,4,4,205679.337,0.0,0.0,0.0,0.015,244856.371429
1806901,IT,WF,HOTEL,SUPPO,1.49,205651.814,4,4,205651.799,0.0,0.0,0.0,0.015,138021.351678
1656953,IT,DE,LIQUE,FOUND,0.36,205646.556,4,4,205646.539,0.0,0.0,0.0,0.017,571240.433333
1809930,IT,WM,BEVER,RESEA,0.87,205617.426,5,5,205616.413,0.0,1.0,0.0,0.013,236341.868966
1782226,IT,NO,BASIC,RENTI,0.24,205613.162,4,4,205613.149,0.0,0.0,0.0,0.013,856721.508333
1747501,IT,JP,SEACO,SALEM,0.21,205607.457,4,4,205607.453,0.0,0.0,0.0,0.004,979083.128571
1742588,IT,US,ALUM1,RUBBE,0.36,205547.121,4,4,205547.105,0.0,0.0,0.0,0.016,570964.225
1762253,IT,IN,AIRTR,WOODW,0.22,205538.323,4,4,205538.317,0.0,0.0,0.0,0.006,934265.104545
1758809,IT,BR,RETA1,HOTEL,2.15,205532.925,4,4,205532.912,0.0,0.0,0.0,0.013,95596.709302
1809825,IT,WM,FOOD5,SALEM,0.99,205491.133,5,5,205490.115,0.0,1.0,0.0,0.018,207566.80101
1687502,IT,HU,LANDT,DAIRY,1.33,205463.157,4,4,205463.147,0.0,0.0,0.0,0.01,154483.576692
1814287,IT,WM,POSTT,REALE,3.38,205450.828,4,4,205450.812,0.0,0.0,0.0,0.016,60784.268639
1640422,IT,AT,VEGE1,DAIRY,0.63,205446.477,5,5,205445.432,0.0,1.0,0.0,0.045,326105.519048
1794288,IT,WL,MOTOR,LIQUE,0.31,205445.828,4,4,205445.811,0.0,0.0,0.0,0.017,662728.477419
1663173,IT,DK,LANDT,OFFIC,1.33,205441.22,4,4,205441.21,0.0,0.0,0.0,0.01,154467.082707
1769437,IT,AU,NONME,CEMEN,0.42,205432.683,4,4,205432.66,0.0,0.0,0.0,0.023,489125.435714
1723354,IT,PT,NONME,RETA1,0.42,205413.848,4,4,205413.825,0.0,0.0,0.0,0.023,489080.590476
1785493,IT,ZA,MOTOR,POULT,0.31,205409.515,4,4,205409.498,0.0,0.0,0.0,0.017,662611.33871
1809948,IT,WM,FISH5,MEAT4,0.86,205374.641,5,5,205373.535,0.0,1.0,0.0,0.106,238807.722093
1681571,IT,GR,BUSIN,SUPPO,2.11,205373.196,4,4,205373.182,0.0,0.0,0.0,0.014,97333.268246
1801023,IT,WE,LEAD1,LEAD1,0.36,205363.695,6,6,205361.678,0.0,1.0,1.0,0.017,570454.708333
1643578,IT,AT,INLAN,FOOD5,0.33,205352.464,4,4,205352.45,0.0,0.0,0.0,0.014,622280.193939
1804661,IT,WF,HEAVY,HEALT,0.33,205344.12,4,4,205344.104,0.0,0.0,0.0,0.016,622254.909091
1795138,IT,WL,RUBBE,NONME,0.68,205332.78,4,4,205332.761,0.0,0.0,0.0,0.019,301959.970588
1757126,IT,BR,VEGET,HOTEL,0.73,205325.35,5,5,205324.342,0.0,1.0,0.0,0.008,281267.60274
1671030,IT,FI,RUBBE,BEVER,0.68,205304.51,4,4,205304.491,0.0,0.0,0.0,0.019,301918.397059
1749291,IT,CN,PAPER,POSTT,0.8,205302.282,5,5,205300.262,0.0,2.0,0.0,0.02,256627.8525
1757057,IT,KR,BUSIN,RADIO,2.11,205295.308,4,4,205295.294,0.0,0.0,0.0,0.014,97296.354502
1781877,IT,NO,CHEM1,VEGE1,0.43,205279.788,4,4,205279.766,0.0,0.0,0.0,0.022,477394.855814
1641367,IT,AT,KEROS,SALEM,0.31,205232.063,4,4,205232.046,0.0,0.0,0.0,0.017,662038.912903
1785616,IT,ZA,GASDI,RESEA,0.31,205223.026,4,4,205223.009,0.0,0.0,0.0,0.017,662009.76129
1687674,IT,HU,AIRTR,RETA1,0.22,205194.597,4,4,205194.591,0.0,0.0,0.0,0.006,932702.713636
1788791,IT,WA,KEROS,NAPHT,0.31,205184.447,4,4,205184.43,0.0,0.0,0.0,0.017,661885.312903
1751939,IT,CN,COMPU,RETA1,2.34,205178.02,4,4,205178.007,0.0,0.0,0.0,0.013,87682.91453
1768848,IT,AU,LEATH,WHOLE,1.47,205155.218,5,5,205154.182,0.0,1.0,0.0,0.036,139561.372789
1769620,IT,AU,FABRI,BEVER,0.83,205140.859,4,4,205140.844,0.0,0.0,0.0,0.015,247157.661446
1655502,IT,DE,CRUDE,BITU1,0.4,205134.456,4,4,205134.438,0.0,0.0,0.0,0.018,512836.14
1674832,IT,FR,NONME,SANDC,0.41,205129.923,4,4,205129.9,0.0,0.0,0.0,0.023,500316.885366
1805007,IT,WF,PLAST,PULP5,0.43,205124.226,4,4,205124.205,0.0,0.0,0.0,0.021,477033.083721
1764259,IT,MX,MACHI,ELEC1,1.14,205099.481,4,4,205099.464,0.0,0.0,0.0,0.017,179911.825439
1650056,IT,BG,MACHI,MOTO1,1.14,205095.364,4,4,205095.347,0.0,0.0,0.0,0.017,179908.214035
1742611,IT,US,ALUM1,COMPU,0.36,205095.081,4,4,205095.065,0.0,0.0,0.0,0.016,569708.558333
1757022,IT,KR,BUSIN,PRINT,2.11,205091.527,4,4,205091.513,0.0,0.0,0.0,0.014,97199.775829
1746779,IT,JP,MACHI,TEXTI,1.14,205085.197,4,4,205085.18,0.0,0.0,0.0,0.017,179899.295614
1726025,IT,RO,CHEM1,FINAN,0.43,205080.618,4,4,205080.596,0.0,0.0,0.0,0.022,476931.669767
1788484,IT,WA,PULP5,FURNI,0.63,205049.749,5,5,205048.73,0.0,1.0,0.0,0.019,325475.792063
1777270,IT,TR,RUBBE,HOTEL,0.68,205039.866,4,4,205039.847,0.0,0.0,0.0,0.019,301529.214706
1756326,IT,KR,MOTO1,AIRTR,1.09,205031.826,4,4,205031.813,0.0,0.0,0.0,0.013,188102.592661
1645855,IT,BE,GLASS,PLAST,0.56,205030.128,5,5,205029.116,0.0,0.0,1.0,0.012,366125.228571
1772313,IT,CH,PLAST,GASDI,0.43,205023.627,4,4,205023.606,0.0,0.0,0.0,0.021,476799.132558
1739627,IT,GB,SEACO,PUBLI,0.21,205023.338,4,4,205023.334,0.0,0.0,0.0,0.004,976301.609524
1728469,IT,SE,LEATH,RETA1,1.47,205010.85,5,5,205009.815,0.0,1.0,0.0,0.035,139463.163265
1782825,IT,NO,HOTEL,HEALT,1.49,204995.112,4,4,204995.097,0.0,0.0,0.0,0.015,137580.612081
1649521,IT,BG,RUBBE,WOODW,0.68,204992.258,4,4,204992.239,0.0,0.0,0.0,0.019,301459.202941
1807101,IT,WF,SEACO,SUPPO,0.21,204990.871,4,4,204990.867,0.0,0.0,0.0,0.004,976147.004762
1803396,IT,WF,CHEMI,FINAN,0.49,204985.219,6,6,204974.2,0.0,1.0,10.0,0.019,418337.181633
1653128,IT,CZ,CHEM1,RUBBE,0.43,204970.919,4,4,204970.897,0.0,0.0,0.0,0.022,476676.555814
1813420,IT,WM,FURNI,EDUCA,0.65,204951.823,6,6,204949.805,0.0,1.0,1.0,0.018,315310.496923
1742788,IT,US,FABRI,COLLE,0.83,204938.821,4,4,204938.806,0.0,0.0,0.0,0.015,246914.242169
1766134,IT,RU,RUBBE,MEDIC,0.68,204924.199,4,4,204924.18,0.0,0.0,0.0,0.019,301359.116176
1773619,IT,CH,TRANS,RAILW,1.22,204921.831,4,4,204921.82,0.0,0.0,0.0,0.011,167968.713934
1777271,IT,TR,RUBBE,RAILW,0.68,204917.473,4,4,204917.454,0.0,0.0,0.0,0.019,301349.225
1656177,IT,DE,TEXTI,LEATH,1.21,204902.864,4,4,204902.837,0.0,0.0,0.0,0.027,169341.209917
1764887,IT,MX,AIRTR,ELECT,0.22,204899.022,4,4,204899.016,0.0,0.0,0.0,0.006,931359.190909
1657759,IT,DE,NONME,POULT,0.41,204895.455,4,4,204895.433,0.0,0.0,0.0,0.022,499745.012195
1794528,IT,WL,HEAVY,POULT,0.33,204882.755,4,4,204882.739,0.0,0.0,0.0,0.016,620856.833333
1665036,IT,ES,MEATC,FOOD5,0.68,204882.106,5,5,204879.093,0.0,3.0,0.0,0.013,301297.214706
1772579,IT,CH,RUBBE,INSUR,0.68,204848.24,4,4,204848.221,0.0,0.0,0.0,0.019,301247.411765
1788164,IT,WA,WEARI,FURNI,1.54,204843.199,4,4,204843.16,0.0,0.0,0.0,0.039,133015.064286
1641359,IT,AT,KEROS,ELEC2,0.3,204819.549,4,4,204819.532,0.0,0.0,0.0,0.017,682731.83
1668633,IT,ES,RAILW,BASIC,1.37,204810.813,5,5,204809.804,0.0,0.0,1.0,0.009,149496.943796
1809036,IT,WM,VEGET,RETAI,0.73,204808.655,5,5,204807.647,0.0,1.0,0.0,0.008,280559.80137
1733911,IT,SI,AIRTR,SUPPO,0.22,204791.335,4,4,204791.329,0.0,0.0,0.0,0.006,930869.704545
1665996,IT,ES,MOTOR,RETA1,0.31,204778.686,4,4,204778.669,0.0,0.0,0.0,0.017,660576.406452
1669045,IT,ES,SUPPO,CHEM1,1.47,204762.57,4,4,204762.56,0.0,0.0,0.0,0.01,139294.265306
1723386,IT,PT,BASIC,ALUM1,0.24,204760.502,4,4,204760.489,0.0,0.0,0.0,0.013,853168.758333
1731171,IT,SI,SANDC,CONST,0.47,204718.17,5,5,204673.163,0.0,0.0,45.0,0.007,435570.574468
1738562,IT,GB,FABRI,PRINT,0.83,204714.669,4,4,204714.654,0.0,0.0,0.0,0.015,246644.179518
1812849,IT,WM,FABRI,NONF1,0.83,204635.495,4,4,204635.48,0.0,0.0,0.0,0.015,246548.789157
1671315,IT,FI,ALUM1,PREC1,0.36,204630.366,4,4,204630.35,0.0,0.0,0.0,0.016,568417.683333
1680251,IT,GR,TRANS,REALE,1.22,204618.221,4,4,204618.21,0.0,0.0,0.0,0.011,167719.853279
1806333,IT,WF,OFFIC,COMPU,0.63,204592.359,4,4,204592.344,0.0,0.0,0.0,0.015,324749.77619
1761716,IT,IN,MACHI,NATUR,1.14,204591.149,4,4,204591.132,0.0,0.0,0.0,0.017,179465.920175
1769479,IT,AU,BASIC,RUBBE,0.24,204539.707,4,4,204539.694,0.0,0.0,0.0,0.013,852248.779167
1749593,IT,CN,PFERT,POULT,0.09,204532.244,4,4,204532.211,0.0,0.0,0.0,0.033,2272580.488889
1773200,IT,CH,FABRI,KEROS,0.83,204512.062,4,4,204512.047,0.0,0.0,0.0,0.015,246400.074699
1759312,IT,BR,POSTT,COMPU,3.37,204487.09,4,4,204487.074,0.0,0.0,0.0,0.016,60678.661721
1733751,IT,SI,LANDT,WOODW,1.32,204477.071,4,4,204477.061,0.0,0.0,0.0,0.01,154906.87197
1812686,IT,WM,COPP1,DISTR,0.52,204475.471,5,5,204474.46,0.0,0.0,1.0,0.011,393222.059615
1666782,IT,ES,RUBBE,DIST1,0.68,204448.402,4,4,204448.383,0.0,0.0,0.0,0.019,300659.414706
1814143,IT,WM,AIRTR,SEACO,0.22,204436.145,4,4,204436.139,0.0,0.0,0.0,0.006,929255.204545
1657374,IT,DE,RUBBE,CATTL,0.68,204413.181,4,4,204413.162,0.0,0.0,0.0,0.019,300607.619118
1661007,IT,DE,BUSIN,RAILW,2.1,204412.172,4,4,204412.158,0.0,0.0,0.0,0.014,97339.129524
1642056,IT,AT,GLASS,DAIRY,0.56,204405.02,5,5,204404.008,0.0,0.0,1.0,0.012,365008.964286
1766091,IT,RU,RUBBE,DAIRY,0.68,204396.643,4,4,204396.624,0.0,0.0,0.0,0.019,300583.298529
1684080,IT,HR,HOTEL,WHOLE,1.48,204392.741,4,4,204392.726,0.0,0.0,0.0,0.015,138103.203378
1643631,IT,AT,AIRTR,TRANS,0.22,204344.611,4,4,204344.605,0.0,0.0,0.0,0.006,928839.140909
1810333,IT,WM,WOODW,KEROS,0.57,204343.044,5,5,204342.03,0.0,1.0,0.0,0.014,358496.568421
1665155,IT,ES,DAIRY,RECRE,0.83,204332.93,5,5,204331.916,0.0,1.0,0.0,0.014,246184.253012
1685883,IT,HU,CHEM1,ALUM1,0.43,204306.183,4,4,204306.161,0.0,0.0,0.0,0.022,475130.65814
1727112,IT,RO,LANDT,PLAST,1.32,204296.566,4,4,204296.556,0.0,0.0,0.0,0.01,154770.125758
1720253,IT,PL,FABRI,FORES,0.83,204294.894,4,4,204294.879,0.0,0.0,0.0,0.015,246138.426506
1768102,IT,RU,BUSIN,POSTT,2.1,204294.061,4,4,204294.047,0.0,0.0,0.0,0.014,97282.88619
1681047,IT,GR,AIRTR,HEALT,0.22,204242.745,4,4,204242.739,0.0,0.0,0.0,0.006,928376.113636
1662473,IT,DK,ALUM1,FURNI,0.35,204241.185,4,4,204241.169,0.0,0.0,0.0,0.016,583546.242857
1732906,IT,SI,PREC1,TRANS,0.35,204237.409,4,4,204237.4,0.0,0.0,0.0,0.009,583535.454286
1748692,IT,CN,FOOD5,WOODW,0.98,204226.934,5,5,204225.916,0.0,1.0,0.0,0.018,208394.830612
1778935,IT,TR,SEACO,MEDIC,0.21,204204.901,4,4,204204.897,0.0,0.0,0.0,0.004,972404.290476
1669828,IT,ES,BUSIN,INSUR,2.1,204190.846,4,4,204190.832,0.0,0.0,0.0,0.014,97233.73619
1660592,IT,DE,REALE,WOODW,8.63,204190.098,5,5,204189.085,0.0,0.0,1.0,0.013,23660.49803
1742097,IT,US,RUBBE,ALUM1,0.68,204151.65,4,4,204151.631,0.0,0.0,0.0,0.019,300223.014706
1719957,IT,PL,PREC1,RENTI,0.35,204148.696,4,4,204148.687,0.0,0.0,0.0,0.009,583281.988571
1731983,IT,SI,KEROS,POULT,0.3,204097.789,4,4,204097.772,0.0,0.0,0.0,0.017,680325.963333
1676032,IT,FR,ELEC6,PLAST,0.03,204087.475,4,4,204087.442,0.0,0.0,0.0,0.033,6802915.833333
1744021,IT,US,AIRTR,ELEC1,0.22,204078.47,4,4,204078.464,0.0,0.0,0.0,0.006,927629.409091
1713647,IT,MT,ALUM1,MOTO1,0.35,204042.774,4,4,204042.758,0.0,0.0,0.0,0.016,582979.354286
1744821,IT,US,RESEA,LANDT,1.11,204029.132,4,4,204029.118,0.0,0.0,0.0,0.014,183810.028829
1656324,IT,DE,LEATH,EDUCA,1.46,204024.227,5,5,204023.192,0.0,1.0,0.0,0.035,139742.621233
1657317,IT,DE,ADDIT,LIQUE,0.47,204024.118,5,5,204022.102,0.0,2.0,0.0,0.016,434093.868085
1714542,IT,NL,CRUDE,MACHI,0.4,204021.239,4,4,204021.221,0.0,0.0,0.0,0.018,510053.0975
1773009,IT,CH,ALUM1,MEATP,0.35,204020.96,4,4,204020.944,0.0,0.0,0.0,0.016,582917.028571
1791107,IT,WA,TRANS,FURNI,1.22,204002.155,4,4,204002.144,0.0,0.0,0.0,0.011,167214.881148
1754830,IT,KR,FOOD5,EDUCA,0.98,203999.163,5,5,203998.145,0.0,1.0,0.0,0.018,208162.411224
1766831,IT,RU,MACHI,SEACO,1.14,203998.173,4,4,203998.156,0.0,0.0,0.0,0.017,178945.765789
1656629,IT,DE,PRINT,LANDT,1.96,203991.194,4,4,203991.178,0.0,0.0,0.0,0.016,104077.139796
1675161,IT,FR,COPP1,OILHA,0.52,203964.116,5,5,203963.105,0.0,0.0,1.0,0.011,392238.684615
1686903,IT,HU,MACHI,DAIRY,1.14,203960.207,4,4,203960.19,0.0,0.0,0.0,0.017,178912.462281
1792721,IT,WA,BUSIN,WEARI,2.09,203954.335,4,4,203954.321,0.0,0.0,0.0,0.014,97585.80622
1665898,IT,ES,COALT,HEAVY,0.32,203952.957,5,5,203951.945,0.0,0.0,1.0,0.012,637352.990625
1740726,IT,US,CHEMI,HEALT,0.49,203892.74,6,6,203881.721,0.0,1.0,10.0,0.019,416107.632653
1790140,IT,WA,BASIC,ELEC2,0.23,203892.222,4,4,203892.209,0.0,0.0,0.0,0.013,886487.921739
1807535,IT,WF,RENTI,CONST,1.22,203836.902,4,4,203836.891,0.0,0.0,0.0,0.011,167079.427869
1680038,IT,GR,MACHI,RUBBE,1.14,203832.784,4,4,203832.767,0.0,0.0,0.0,0.017,178800.687719
1760582,IT,IN,WOODW,PAPER,0.57,203819.809,5,5,203818.795,0.0,1.0,0.0,0.014,357578.612281
1662187,IT,DK,RUBBE,PUBLI,0.68,203816.113,4,4,203816.095,0.0,0.0,0.0,0.018,299729.577941
1674602,IT,FR,RUBBE,INSUR,0.68,203790.092,4,4,203790.074,0.0,0.0,0.0,0.018,299691.311765
1645391,IT,BE,HEAVY,MEDIC,0.33,203761.392,4,4,203761.376,0.0,0.0,0.0,0.016,617458.763636
1641879,IT,AT,BIODI,WOODW,0.42,203751.054,4,4,203751.032,0.0,0.0,0.0,0.022,485121.557143
1776573,IT,TR,GASDI,POULT,0.3,203737.819,4,4,203737.802,0.0,0.0,0.0,0.017,679126.063333
1680063,IT,GR,MACHI,ELEC8,1.14,203727.79,4,4,203727.773,0.0,0.0,0.0,0.017,178708.587719
1668061,IT,ES,FURNI,SUPPO,0.65,203698.178,6,6,203696.16,0.0,1.0,1.0,0.018,313381.812308
1668984,IT,ES,AIRTR,AUXIL,0.22,203697.402,4,4,203697.396,0.0,0.0,0.0,0.006,925897.281818
1652423,IT,CZ,TEXTI,DIST1,1.21,203677.595,4,4,203677.568,0.0,0.0,0.0,0.027,168328.590909
1657251,IT,DE,CHEM1,RADIO,0.43,203669.281,4,4,203669.259,0.0,0.0,0.0,0.022,473649.490698
1659018,IT,DE,ELEC2,OFFIC,0.05,203662.091,4,4,203662.07,0.0,0.0,0.0,0.021,4073241.82
1796594,IT,WL,HOTEL,FISH5,1.48,203659.485,4,4,203659.47,0.0,0.0,0.0,0.015,137607.760135
1739159,IT,GB,RETA1,FOOD5,2.13,203654.954,4,4,203654.941,0.0,0.0,0.0,0.013,95612.65446
1795422,IT,WL,BASIC,LANDT,0.23,203598.32,4,4,203598.307,0.0,0.0,0.0,0.013,885210.086957
1659516,IT,DE,RETA1,DISTR,2.13,203593.393,4,4,203593.38,0.0,0.0,0.0,0.013,95583.752582
1667211,IT,ES,PREC1,PFERT,0.35,203591.31,4,4,203591.301,0.0,0.0,0.0,0.009,581689.457143
1792044,IT,WA,AIRTR,FOOD5,0.22,203586.922,4,4,203586.916,0.0,0.0,0.0,0.006,925395.1
1662072,IT,DK,CHEM1,NONME,0.43,203583.402,4,4,203583.38,0.0,0.0,0.0,0.022,473449.772093
1672962,IT,FR,DAIRY,COMPU,0.83,203580.804,5,5,203579.79,0.0,1.0,0.0,0.014,245278.077108
1771720,IT,CH,LEATH,MEATP,1.46,203548.988,5,5,203547.953,0.0,1.0,0.0,0.035,139417.115068
1731141,IT,SI,NATUR,WHOLE,0.28,203535.995,4,4,203535.982,0.0,0.0,0.0,0.013,726914.267857
1791008,IT,WA,MOTO1,SEACO,1.08,203526.68,4,4,203526.667,0.0,0.0,0.0,0.013,188450.62963
1687677,IT,HU,AIRTR,LANDT,0.22,203509.728,4,4,203509.722,0.0,0.0,0.0,0.006,925044.218182
1743236,IT,US,TRANS,BUSIN,1.21,203503.114,4,4,203503.103,0.0,0.0,0.0,0.011,168184.391736
1726108,IT,RO,RUBBE,TRANS,0.67,203496.541,4,4,203496.523,0.0,0.0,0.0,0.018,303726.180597
1709734,IT,LT,CHEM1,SALEM,0.43,203490.312,4,4,203490.29,0.0,0.0,0.0,0.022,473233.283721
1763428,IT,MX,NAPHT,PLAST,0.35,203464.574,4,4,203464.559,0.0,0.0,0.0,0.015,581327.354286
1646407,IT,BE,FABRI,PUBLI,0.83,203449.878,4,4,203449.863,0.0,0.0,0.0,0.015,245120.33494
1794898,IT,WL,CHEM1,FISHF,0.43,203425.158,4,4,203425.136,0.0,0.0,0.0,0.022,473081.762791
1764047,IT,MX,NONF1,ELECT,0.04,203390.979,3,3,203390.979,0.0,0.0,0.0,0.0,5084774.475
1806310,IT,WF,OFFIC,CRUDE,0.63,203380.033,4,4,203380.018,0.0,0.0,0.0,0.015,322825.449206
1667427,IT,ES,COPP1,SUPPO,0.51,203377.943,5,5,203376.932,0.0,0.0,1.0,0.011,398780.280392
1778813,IT,TR,LANDT,TRAN1,1.31,203374.267,4,4,203374.257,0.0,0.0,0.0,0.01,155247.532061
1772170,IT,CH,GASDI,RAWMI,0.3,203365.34,4,4,203365.323,0.0,0.0,0.0,0.017,677884.466667
1673346,IT,FR,TEXTI,TRAN2,1.2,203353.108,4,4,203353.081,0.0,0.0,0.0,0.027,169460.923333
1745791,IT,JP,WEARI,RENTI,1.53,203295.019,4,4,203294.98,0.0,0.0,0.0,0.039,132872.561438
1732070,IT,SI,KEROS,INERT,0.3,203294.827,4,4,203294.81,0.0,0.0,0.0,0.017,677649.423333
1798757,IT,WE,FOOD5,CRUDE,0.98,203294.772,5,5,203293.754,0.0,1.0,0.0,0.018,207443.644898
1726991,IT,RO,HOTEL,SALEM,1.47,203282.106,4,4,203282.091,0.0,0.0,0.0,0.015,138287.146939
1804332,IT,WF,MOTOR,TRAN1,0.3,203258.48,4,4,203258.463,0.0,0.0,0.0,0.017,677528.266667
1739573,IT,GB,SEACO,FOOD5,0.21,203236.291,4,4,203236.287,0.0,0.0,0.0,0.004,967791.861905
1722090,IT,PL,BUSIN,GASDI,2.09,203230.405,4,4,203230.391,0.0,0.0,0.0,0.014,97239.42823
1666794,IT,ES,RUBBE,AIRTR,0.67,203222.896,4,4,203222.878,0.0,0.0,0.0,0.018,303317.755224
1653214,IT,CZ,RUBBE,MEAT1,0.67,203209.96,4,4,203209.942,0.0,0.0,0.0,0.018,303298.447761
1645065,IT,BE,PAPER,BRICK,0.79,203193.142,5,5,203191.122,0.0,2.0,0.0,0.02,257206.508861
1683476,IT,HR,PREC1,FABRI,0.35,203176.941,4,4,203176.932,0.0,0.0,0.0,0.009,580505.545714
1794852,IT,WL,NFERT,PFERT,0.04,203160.122,4,4,203160.105,0.0,0.0,0.0,0.017,5079003.05
1683452,IT,HR,BASIC,WOOD2,0.23,203153.787,4,4,203153.774,0.0,0.0,0.0,0.013,883277.334783
1805844,IT,WF,ALUM1,NONFE,0.35,203148.556,4,4,203148.54,0.0,0.0,0.0,0.016,580424.445714
1758231,IT,BR,BASIC,NONF1,0.23,203124.168,4,4,203124.155,0.0,0.0,0.0,0.013,883148.556522
1792190,IT,WA,SUPPO,SUPPO,1.46,203099.699,4,4,203099.689,0.0,0.0,0.0,0.01,139109.382877
1653100,IT,CZ,CHEM1,BEVER,0.42,203076.749,4,4,203076.727,0.0,0.0,0.0,0.022,483516.069048
1679574,IT,GR,RUBBE,BASIC,0.67,203075.063,4,4,203075.045,0.0,0.0,0.0,0.018,303097.108955
1714810,IT,NL,FOOD5,SUGA1,0.98,203063.608,5,5,203062.59,0.0,1.0,0.0,0.018,207207.763265
1746825,IT,JP,MACHI,ELEC8,1.13,203062.339,4,4,203062.322,0.0,0.0,0.0,0.017,179701.184956
1738039,IT,GB,RUBBE,FISH5,0.67,203061.116,4,4,203061.098,0.0,0.0,0.0,0.018,303076.292537
1657163,IT,DE,NFERT,VEGET,0.04,203011.993,4,4,203011.976,0.0,0.0,0.0,0.017,5075299.825
1771835,IT,CH,WOODW,BASIC,0.57,203001.052,5,5,203000.038,0.0,1.0,0.0,0.014,356142.196491
1686058,IT,HU,RUBBE,MEATP,0.67,203000.413,4,4,203000.395,0.0,0.0,0.0,0.018,302985.691045
1804118,IT,WF,PAPER,FISH5,0.79,202992.039,5,5,202990.019,0.0,2.0,0.0,0.02,256951.948101
1781815,IT,NO,BITU1,SECO9,0.32,202988.456,4,4,202988.44,0.0,0.0,0.0,0.016,634338.925
1758165,IT,BR,NONME,BASIC,0.41,202988.303,4,4,202988.281,0.0,0.0,0.0,0.022,495093.421951
1784243,IT,ID,CHEM1,FISHF,0.42,202955.39,4,4,202955.368,0.0,0.0,0.0,0.022,483227.119048
1806741,IT,WF,WHOLE,RETA1,1.75,202927.716,4,4,202927.704,0.0,0.0,0.0,0.012,115958.694857
1666378,IT,ES,NAPHT,REFI1,0.34,202922.406,4,4,202922.391,0.0,0.0,0.0,0.015,596830.605882
1728196,IT,SE,FOOD5,RAWMI,0.97,202849.88,5,5,202848.862,0.0,1.0,0.0,0.018,209123.587629
1813970,IT,WM,SEACO,DAIRY,0.21,202841.148,4,4,202841.144,0.0,0.0,0.0,0.004,965910.228571
1673672,IT,FR,PAPER,WHEAT,0.79,202812.007,5,5,202809.987,0.0,2.0,0.0,0.02,256724.059494
1732060,IT,SI,KEROS,HEALT,0.3,202770.36,4,4,202770.343,0.0,0.0,0.0,0.017,675901.2
1660700,IT,DE,RENTI,PLAST,1.21,202766.448,4,4,202766.437,0.0,0.0,0.0,0.011,167575.57686
1743946,IT,US,INLAN,TRANS,0.33,202746.969,4,4,202746.955,0.0,0.0,0.0,0.014,614384.754545
1657902,IT,DE,BASIC,REFI1,0.23,202728.788,4,4,202728.775,0.0,0.0,0.0,0.013,881429.513043
1674382,IT,FR,CHEM1,ELEC6,0.42,202700.513,4,4,202700.491,0.0,0.0,0.0,0.022,482620.269048
1802203,IT,WE,HOTEL,REALE,1.47,202686.985,4,4,202686.97,0.0,0.0,0.0,0.015,137882.302721
1741193,IT,US,LEATH,MEMBE,1.45,202654.006,5,5,202652.971,0.0,1.0,0.0,0.035,139761.383448
1729754,IT,SE,MACHI,BASIC,1.13,202652.086,4,4,202652.069,0.0,0.0,0.0,0.017,179338.129204
1686429,IT,HU,BASIC,ELEC3,0.23,202636.192,4,4,202636.179,0.0,0.0,0.0,0.013,881026.921739
1688630,IT,IE,PLAST,CHEM1,0.43,202620.82,4,4,202620.799,0.0,0.0,0.0,0.021,471211.209302
1807723,IT,WF,BUSIN,COMPU,2.08,202616.065,4,4,202616.051,0.0,0.0,0.0,0.014,97411.569712
1803148,IT,WF,VEGET,HOTEL,0.72,202605.367,5,5,202604.359,0.0,1.0,0.0,0.008,281396.343056
1673886,IT,FR,COKEO,FOOD5,0.03,202600.004,3,3,202600.004,0.0,0.0,0.0,0.0,6753333.466667
1655630,IT,DE,SANDC,PUBLI,0.46,202585.429,5,5,202541.422,0.0,0.0,44.0,0.007,440403.106522
1673688,IT,FR,PAPER,CHEMI,0.78,202584.733,5,5,202582.713,0.0,2.0,0.0,0.02,259724.016667
1805102,IT,WF,NFERT,NONFE,0.04,202581.217,4,4,202581.2,0.0,0.0,0.0,0.017,5064530.425
1789326,IT,WA,CHEM1,BITUM,0.42,202562.202,4,4,202562.18,0.0,0.0,0.0,0.022,482290.957143
1790653,IT,WA,FABRI,PLAST,0.82,202560.5,4,4,202560.485,0.0,0.0,0.0,0.015,247025.0
1676145,IT,FR,CONST,CROPS,1.13,202550.017,5,5,202549.006,0.0,0.0,1.0,0.011,179247.802655
1723455,IT,PT,ALUM1,BEVER,0.35,202506.608,4,4,202506.592,0.0,0.0,0.0,0.016,578590.308571
1685086,IT,HU,FOOD5,MEATP,0.97,202505.681,5,5,202504.663,0.0,1.0,0.0,0.018,208768.743299
1656368,IT,DE,WOODW,CHEM1,0.57,202479.946,5,5,202478.932,0.0,1.0,0.0,0.014,355227.975439
1718428,IT,PL,FISH5,CATTL,0.85,202451.609,5,5,202450.505,0.0,1.0,0.0,0.104,238178.363529
1743750,IT,US,LANDT,PAPER,1.31,202418.854,4,4,202418.844,0.0,0.0,0.0,0.01,154518.20916
1791136,IT,WA,TRANS,COMPU,1.21,202409.752,4,4,202409.741,0.0,0.0,0.0,0.011,167280.786777
1739222,IT,GB,RETA1,REALE,2.11,202389.735,4,4,202389.722,0.0,0.0,0.0,0.013,95919.305687
1735883,IT,SK,OFFIC,FABRI,0.63,202389.293,4,4,202389.278,0.0,0.0,0.0,0.015,321252.846032
1752298,IT,CA,CHEMI,CRUDE,0.48,202385.655,6,6,202374.636,0.0,1.0,10.0,0.019,421636.78125
1642673,IT,AT,FABRI,RENTI,0.82,202380.947,4,4,202380.932,0.0,0.0,0.0,0.015,246806.032927
1789825,IT,WA,CERAM,TEXTI,0.32,202375.786,5,5,202374.775,0.0,0.0,1.0,0.011,632424.33125
1664916,IT,ES,CRUDE,WHOLE,0.4,202375.754,4,4,202375.737,0.0,0.0,0.0,0.017,505939.385
1672784,IT,FR,MEATP,BEVER,0.82,202364.712,5,5,202363.69,0.0,1.0,0.0,0.022,246786.234146
1712429,IT,LV,BASIC,CEMEN,0.23,202363.787,4,4,202363.774,0.0,0.0,0.0,0.013,879842.552174
1766208,IT,RU,GLASS,GLASS,0.56,202355.604,5,5,202354.592,0.0,0.0,1.0,0.012,361349.292857
1745938,IT,JP,WOODW,PULP5,0.57,202352.538,5,5,202351.524,0.0,1.0,0.0,0.014,355004.452632
1741913,IT,US,CHEM1,CERAM,0.42,202346.18,4,4,202346.158,0.0,0.0,0.0,0.022,481776.619048
1763464,IT,MX,PLAST,CHEM1,0.42,202345.013,4,4,202344.992,0.0,0.0,0.0,0.021,481773.840476
1753545,IT,CA,MACHI,LIQUE,1.13,202326.538,4,4,202326.521,0.0,0.0,0.0,0.017,179050.033628
1749243,IT,CN,PAPER,PFERT,0.78,202324.391,5,5,202322.371,0.0,2.0,0.0,0.02,259390.244872
1679908,IT,GR,NONF1,ALUM1,0.04,202300.319,3,3,202300.319,0.0,0.0,0.0,0.0,5057507.975
1660297,IT,DE,POSTT,COMPU,3.33,202285.391,4,4,202285.376,0.0,0.0,0.0,0.015,60746.363664
1751394,IT,CN,SEACO,ELECT,0.21,202279.179,4,4,202279.175,0.0,0.0,0.0,0.004,963234.185714
1652968,IT,CZ,NAPHT,NFERT,0.34,202274.961,4,4,202274.947,0.0,0.0,0.0,0.014,594926.355882
1790819,IT,WA,MACHI,MACHI,1.13,202262.523,4,4,202262.506,0.0,0.0,0.0,0.017,178993.383186
1792294,IT,WA,POSTT,COMPU,3.33,202180.022,4,4,202180.007,0.0,0.0,0.0,0.015,60714.721321
1772761,IT,CH,NONME,SANDC,0.41,202179.416,4,4,202179.394,0.0,0.0,0.0,0.022,493120.526829
1800268,IT,WE,PLAST,ELEC3,0.42,202176.264,4,4,202176.243,0.0,0.0,0.0,0.021,481372.057143
1796988,IT,WL,AIRTR,ELEC1,0.22,202153.976,4,4,202153.97,0.0,0.0,0.0,0.006,918881.709091
1646037,IT,BE,NONME,REALE,0.41,202148.247,4,4,202148.225,0.0,0.0,0.0,0.022,493044.504878
1809321,IT,WM,STONE,FURNI,0.65,202143.658,5,5,202132.649,0.0,0.0,11.0,0.009,310990.243077
1659187,IT,DE,CONST,CONST,1.13,202104.456,5,5,202103.445,0.0,0.0,1.0,0.011,178853.500885
1675273,IT,FR,FABRI,ELEC4,0.82,202097.013,4,4,202096.999,0.0,0.0,0.0,0.014,246459.771951
1790114,IT,WA,BASIC,CHARC,0.23,202071.91,4,4,202071.897,0.0,0.0,0.0,0.013,878573.521739
1641296,IT,AT,MOTOR,RESEA,0.3,202067.235,4,4,202067.219,0.0,0.0,0.0,0.016,673557.45
1686981,IT,HU,MACHI,COMPU,1.13,202065.595,4,4,202065.578,0.0,0.0,0.0,0.017,178819.110619
1642368,IT,AT,BASIC,SUPPO,0.23,202014.143,4,4,202014.13,0.0,0.0,0.0,0.013,878322.36087
1774683,IT,CH,AIRTR,HEALT,0.22,202011.23,4,4,202011.224,0.0,0.0,0.0,0.006,918232.863636
1641696,IT,AT,PLAST,CHEM1,0.42,202009.714,4,4,202009.693,0.0,0.0,0.0,0.021,480975.509524
1794873,IT,WL,PFERT,CHEM1,0.09,201997.009,4,4,201996.977,0.0,0.0,0.0,0.032,2244411.211111
1791855,IT,WA,LANDT,SALEM,1.3,201995.19,4,4,201995.18,0.0,0.0,0.0,0.01,155380.915385
1679627,IT,GR,GLASS,FOOD5,0.55,201986.944,5,5,201985.932,0.0,0.0,1.0,0.012,367248.989091
1724368,IT,PT,SEACO,CONST,0.21,201982.153,4,4,201982.15,0.0,0.0,0.0,0.003,961819.77619
1723607,IT,PT,FABRI,TRANS,0.82,201945.042,4,4,201945.028,0.0,0.0,0.0,0.014,246274.441463
1772539,IT,CH,RUBBE,BASIC,0.67,201944.671,4,4,201944.653,0.0,0.0,0.0,0.018,301409.956716
1725613,IT,RO,WOODW,REALE,0.57,201939.694,5,5,201938.68,0.0,1.0,0.0,0.014,354280.164912
1790311,IT,WA,ALUM1,KEROS,0.35,201935.629,4,4,201935.613,0.0,0.0,0.0,0.016,576958.94
1778081,IT,TR,MOTO1,TEXTI,1.07,201933.666,4,4,201933.653,0.0,0.0,0.0,0.013,188723.052336
1646382,IT,BE,FABRI,TRANS,0.82,201929.408,4,4,201929.394,0.0,0.0,0.0,0.014,246255.37561
1761908,IT,IN,FURNI,TEXTI,0.64,201912.297,6,6,201910.28,0.0,1.0,1.0,0.017,315487.964062
1802212,IT,WE,HOTEL,93197,1.46,201911.096,4,4,201911.081,0.0,0.0,0.0,0.015,138295.271233
1716348,IT,NL,FABRI,EDUCA,0.82,201879.326,4,4,201879.312,0.0,0.0,0.0,0.014,246194.3
1790080,IT,WA,BASIC,MEATC,0.23,201873.973,4,4,201873.96,0.0,0.0,0.0,0.013,877712.926087
1813133,IT,WM,MOTO1,KEROS,1.07,201859.357,4,4,201859.344,0.0,0.0,0.0,0.013,188653.604673
1672842,IT,FR,VEGE1,CATTL,0.62,201857.868,5,5,201856.824,0.0,1.0,0.0,0.044,325577.206452
1759721,IT,BR,BUSIN,DAIRY,2.07,201830.758,4,4,201830.744,0.0,0.0,0.0,0.014,97502.781643
1812559,IT,WM,ALUM1,RETA1,0.35,201826.612,4,4,201826.596,0.0,0.0,0.0,0.016,576647.462857
1797537,IT,WL,BUSIN,SUPPO,2.07,201798.828,4,4,201798.814,0.0,0.0,0.0,0.014,97487.356522
1663916,IT,EE,LEATH,AUXIL,1.45,201764.216,5,5,201763.181,0.0,1.0,0.0,0.035,139147.735172
1773332,IT,CH,MACHI,PREC1,1.13,201692.042,4,4,201692.025,0.0,0.0,0.0,0.017,178488.532743
1771723,IT,CH,LEATH,DAIRY,1.44,201684.347,5,5,201683.312,0.0,1.0,0.0,0.035,140058.574306
1751900,IT,CN,COMPU,CHEM1,2.3,201681.006,4,4,201680.993,0.0,0.0,0.0,0.013,87687.393913
1653654,IT,CZ,ALUM1,ELECT,0.35,201673.395,4,4,201673.379,0.0,0.0,0.0,0.016,576209.7
1658563,IT,DE,MACHI,HEAVY,1.12,201630.551,4,4,201630.534,0.0,0.0,0.0,0.017,180027.277679
1733795,IT,SI,LANDT,HOTEL,1.3,201617.542,4,4,201617.532,0.0,0.0,0.0,0.01,155090.416923
1672410,IT,FI,BUSIN,SALEM,2.07,201575.703,4,4,201575.689,0.0,0.0,0.0,0.014,97379.566667
1781817,IT,NO,BITU1,CONST,0.32,201557.398,4,4,201557.382,0.0,0.0,0.0,0.016,629866.86875
1799763,IT,WE,KEROS,LANDT,0.3,201540.461,4,4,201540.445,0.0,0.0,0.0,0.016,671801.536667
1676482,IT,FR,RETA1,DIST1,2.1,201534.343,4,4,201534.33,0.0,0.0,0.0,0.013,95968.734762
1671395,IT,FI,FABRI,FOOD5,0.82,201527.08,4,4,201527.066,0.0,0.0,0.0,0.014,245764.731707
1777933,IT,TR,MACHI,PLAST,1.12,201518.353,4,4,201518.336,0.0,0.0,0.0,0.017,179927.100893
1776492,IT,TR,MOTOR,SALEM,0.3,201517.937,4,4,201517.921,0.0,0.0,0.0,0.016,671726.456667
1767085,IT,RU,FURNI,FABRI,0.64,201511.497,6,6,201509.48,0.0,1.0,1.0,0.017,314861.714062
1743764,IT,US,LANDT,PLAST,1.3,201485.587,4,4,201485.577,0.0,0.0,0.0,0.01,154988.913077
1723124,IT,PT,CHEM1,RESEA,0.42,201483.226,4,4,201483.204,0.0,0.0,0.0,0.022,479721.966667
1648190,IT,BE,BUSIN,BIOGA,2.07,201481.871,4,4,201481.857,0.0,0.0,0.0,0.014,97334.237198
1643610,IT,AT,AIRTR,CHEM1,0.22,201440.814,4,4,201440.808,0.0,0.0,0.0,0.006,915640.063636
1804250,IT,WF,MOTOR,PIGS9,0.3,201440.653,4,4,201440.637,0.0,0.0,0.0,0.016,671468.843333
1772190,IT,CH,GASDI,OFFIC,0.3,201434.583,4,4,201434.567,0.0,0.0,0.0,0.016,671448.61
1756292,IT,KR,MOTO1,RUBBE,1.07,201395.98,4,4,201395.967,0.0,0.0,0.0,0.013,188220.542056
1762280,IT,IN,AIRTR,FURNI,0.22,201392.372,4,4,201392.366,0.0,0.0,0.0,0.006,915419.872727
1755514,IT,KR,CHEM1,BEVER,0.42,201379.468,4,4,201379.446,0.0,0.0,0.0,0.022,479474.92381
1671233,IT,FI,BASIC,PAPER,0.23,201374.592,4,4,201374.579,0.0,0.0,0.0,0.013,875541.704348
1811524,IT,WM,NFERT,RETA1,0.04,201360.283,4,4,201360.267,0.0,0.0,0.0,0.016,5034007.075
1765278,IT,RU,VEGE1,CHEM1,0.62,201356.444,5,5,201355.4,0.0,1.0,0.0,0.044,324768.458065
1768447,IT,AU,DAIRY,WHOLE,0.82,201353.816,5,5,201352.802,0.0,1.0,0.0,0.014,245553.434146
1683352,IT,HR,NONME,WHOLE,0.41,201351.196,4,4,201351.174,0.0,0.0,0.0,0.022,491100.478049
1709844,IT,LT,GLASS,CEREA,0.55,201349.264,5,5,201348.252,0.0,0.0,1.0,0.012,366089.570909
1810172,IT,WM,WEARI,SALEM,1.52,201326.589,4,4,201326.551,0.0,0.0,0.0,0.038,132451.703289
1688370,IT,IE,SUGA1,WHOLE,0.5,201324.984,4,4,201324.95,0.0,0.0,0.0,0.034,402649.968
1641526,IT,AT,HEAVY,BRICK,0.33,201322.598,4,4,201322.582,0.0,0.0,0.0,0.016,610068.478788
1656917,IT,DE,LIQUE,RAWMI,0.35,201321.838,4,4,201321.822,0.0,0.0,0.0,0.016,575205.251429
1656965,IT,DE,LIQUE,ELEC5,0.35,201313.542,4,4,201313.526,0.0,0.0,0.0,0.016,575181.548571
1733651,IT,SI,HOTEL,HOTEL,1.46,201301.87,4,4,201301.855,0.0,0.0,0.0,0.015,137877.993151
1717060,IT,NL,LANDT,HOTEL,1.3,201271.932,4,4,201271.922,0.0,0.0,0.0,0.01,154824.563077
1747448,IT,JP,SEACO,FOOD5,0.2,201271.701,4,4,201271.698,0.0,0.0,0.0,0.003,1006358.505
1657614,IT,DE,GLASS,PUBLI,0.55,201269.544,5,5,201268.532,0.0,0.0,1.0,0.012,365944.625455
1782032,IT,NO,RUBBE,HEALT,0.67,201249.68,4,4,201249.662,0.0,0.0,0.0,0.018,300372.656716
1744997,IT,US,PUBLI,CRUDE,3.3,201245.715,4,4,201245.701,0.0,0.0,0.0,0.014,60983.55
1662646,IT,DK,MACHI,WOODW,1.12,201169.809,4,4,201169.792,0.0,0.0,0.0,0.017,179615.900893
1719780,IT,PL,BASIC,LEATH,0.23,201164.205,4,4,201164.192,0.0,0.0,0.0,0.013,874626.978261
1804275,IT,WF,MOTOR,MEAT1,0.3,201139.279,4,4,201139.263,0.0,0.0,0.0,0.016,670464.263333
1794900,IT,WL,CHEM1,BITUM,0.42,201123.033,4,4,201123.011,0.0,0.0,0.0,0.022,478864.364286
1660928,IT,DE,BUSIN,TEXTI,2.07,201104.795,4,4,201104.781,0.0,0.0,0.0,0.014,97152.074879
1801711,IT,WE,ELEC1,PRINT,0.03,201100.21,4,4,201100.197,0.0,0.0,0.0,0.013,6703340.333333
1657888,IT,DE,BASIC,BEVER,0.23,201084.573,4,4,201084.56,0.0,0.0,0.0,0.013,874280.752174
1800177,IT,WE,PLAST,SUGAR,0.42,201069.39,4,4,201069.37,0.0,0.0,0.0,0.02,478736.642857
1754056,IT,CA,SEACO,COMPU,0.2,201054.245,4,4,201054.242,0.0,0.0,0.0,0.003,1005271.225
1768054,IT,RU,BUSIN,PFERT,2.06,201052.75,4,4,201052.736,0.0,0.0,0.0,0.014,97598.42233
1730792,IT,SE,BUSIN,OFFIC,2.06,201051.354,4,4,201051.34,0.0,0.0,0.0,0.014,97597.74466
1809040,IT,WM,VEGET,RAILW,0.71,201049.584,5,5,201048.576,0.0,1.0,0.0,0.008,283168.428169
1675388,IT,FR,MACHI,BRICK,1.12,201043.061,4,4,201043.044,0.0,0.0,0.0,0.017,179502.733036
1657616,IT,DE,GLASS,HEALT,0.55,201031.908,5,5,201030.896,0.0,0.0,1.0,0.012,365512.56
1685843,IT,HU,CHEM1,MEAT4,0.42,201008.457,4,4,201008.435,0.0,0.0,0.0,0.022,478591.564286
1745706,IT,JP,WEARI,FISHF,1.51,200989.088,4,4,200989.05,0.0,0.0,0.0,0.038,133105.356291
1809353,IT,WM,SANDC,CHEM1,0.46,200984.441,5,5,200940.434,0.0,0.0,44.0,0.007,436922.697826
1678636,IT,GR,MEATC,TRANS,0.67,200977.636,5,5,200974.623,0.0,3.0,0.0,0.013,299966.620896
1812157,IT,WM,CEMEN,MACHI,0.32,200959.543,5,5,200958.534,0.0,0.0,1.0,0.009,627998.571875
1654639,IT,CZ,LANDT,WOODW,1.3,200958.954,4,4,200958.944,0.0,0.0,0.0,0.01,154583.810769
1678966,IT,GR,WEARI,WHOLE,1.51,200930.842,4,4,200930.804,0.0,0.0,0.0,0.038,133066.782781
1726377,IT,RO,COPP1,MOTO1,0.51,200915.96,5,5,200914.95,0.0,0.0,1.0,0.01,393952.862745
1814189,IT,WM,SUPPO,PFERT,1.44,200840.7,4,4,200840.69,0.0,0.0,0.0,0.01,139472.708333
1761169,IT,IN,CHEM1,SALEM,0.42,200837.305,4,4,200837.283,0.0,0.0,0.0,0.022,478184.059524
1654074,IT,CZ,MACHI,93197,1.12,200837.247,4,4,200837.23,0.0,0.0,0.0,0.017,179318.970536
1756738,IT,KR,AIRTR,VEGET,0.22,200836.852,4,4,200836.846,0.0,0.0,0.0,0.006,912894.781818
1682673,IT,HR,KEROS,OILHA,0.3,200835.741,4,4,200835.725,0.0,0.0,0.0,0.016,669452.47
1763512,IT,MX,CHEM1,RAWMI,0.42,200811.572,4,4,200811.55,0.0,0.0,0.0,0.022,478122.790476
1714042,IT,MT,HOTEL,WHOLE,1.46,200807.751,4,4,200807.736,0.0,0.0,0.0,0.015,137539.555479
1665781,IT,ES,PAPER,INSUR,0.78,200805.714,5,5,200803.694,0.0,2.0,0.0,0.02,257443.223077
1752234,IT,CA,VEGET,BEVER,0.71,200799.733,5,5,200798.725,0.0,1.0,0.0,0.008,282816.525352
1664813,IT,ES,VEGET,BUSIN,0.71,200799.236,5,5,200798.228,0.0,1.0,0.0,0.008,282815.825352
1665322,IT,ES,FISH5,MEAT1,0.84,200795.962,5,5,200794.859,0.0,1.0,0.0,0.103,239042.811905
1777847,IT,TR,FABRI,RETA1,0.82,200793.665,4,4,200793.651,0.0,0.0,0.0,0.014,244870.323171
1719761,IT,PL,BASIC,CRUDE,0.23,200778.294,4,4,200778.281,0.0,0.0,0.0,0.013,872949.104348
1729506,IT,SE,ALUM1,RENTI,0.35,200730.284,4,4,200730.268,0.0,0.0,0.0,0.016,573515.097143
1683491,IT,HR,PREC1,WHOLE,0.34,200713.521,4,4,200713.512,0.0,0.0,0.0,0.009,590333.885294
1650267,IT,BG,ELEC1,KEROS,0.03,200711.149,4,4,200711.136,0.0,0.0,0.0,0.013,6690371.633333
1756802,IT,KR,AIRTR,WASTE,0.22,200710.022,4,4,200710.016,0.0,0.0,0.0,0.006,912318.281818
1814119,IT,WM,AIRTR,OFFIC,0.22,200701.624,4,4,200701.618,0.0,0.0,0.0,0.006,912280.109091
1715395,IT,NL,PRINT,PUBLI,1.93,200698.246,4,4,200698.231,0.0,0.0,0.0,0.015,103988.728497
1652850,IT,CZ,PRINT,BUSIN,1.93,200697.154,4,4,200697.139,0.0,0.0,0.0,0.015,103988.162694
1713216,IT,MT,WOODW,CHEM1,0.56,200694.137,5,5,200693.123,0.0,1.0,0.0,0.014,358382.3875
1747590,IT,JP,AIRTR,ELEC1,0.22,200690.832,4,4,200690.826,0.0,0.0,0.0,0.006,912231.054545
1759123,IT,BR,AIRTR,BIODI,0.22,200683.007,4,4,200683.001,0.0,0.0,0.0,0.006,912195.486364
1786348,IT,ZA,MACHI,COPPE,1.12,200645.621,4,4,200645.605,0.0,0.0,0.0,0.016,179147.875893
1738897,IT,GB,FURNI,CHEM1,0.64,200620.995,6,6,200618.978,0.0,1.0,1.0,0.017,313470.304688
1741384,IT,US,PRINT,HOTEL,1.92,200614.909,4,4,200614.894,0.0,0.0,0.0,0.015,104486.931771
1643871,IT,AT,REALE,WOODW,8.48,200608.902,5,5,200607.889,0.0,0.0,1.0,0.013,23656.710142
1752699,IT,CA,LEATH,WEARI,1.44,200606.697,5,5,200605.662,0.0,1.0,0.0,0.035,139310.20625
1714126,IT,MT,SEACO,HEALT,0.2,200605.064,4,4,200605.061,0.0,0.0,0.0,0.003,1003025.32
1762298,IT,IN,AIRTR,RAILW,0.22,200604.852,4,4,200604.846,0.0,0.0,0.0,0.006,911840.236364
1744731,IT,US,RESEA,CRUDE,1.09,200585.505,4,4,200585.491,0.0,0.0,0.0,0.014,184023.399083
1679752,IT,GR,BASIC,RADIO,0.23,200534.899,4,4,200534.886,0.0,0.0,0.0,0.013,871890.865217
1790214,IT,WA,PREC1,GASDI,0.34,200516.436,4,4,200516.427,0.0,0.0,0.0,0.009,589754.223529
1806018,IT,WF,COPP1,LEAD1,0.51,200493.201,5,5,200492.191,0.0,0.0,1.0,0.01,393123.923529
1666265,IT,ES,HEAVY,SUPPO,0.32,200492.66,4,4,200492.644,0.0,0.0,0.0,0.016,626539.5625
1670881,IT,FI,PLAST,FABRI,0.42,200488.057,4,4,200488.037,0.0,0.0,0.0,0.02,477352.516667
1790573,IT,WA,NONF1,MEDIC,0.04,200450.044,3,3,200450.044,0.0,0.0,0.0,0.0,5011251.1
1731813,IT,SI,PAPER,CONST,0.78,200442.502,5,5,200440.482,0.0,2.0,0.0,0.02,256977.566667
1800231,IT,WE,PLAST,GASDI,0.42,200442.031,4,4,200442.011,0.0,0.0,0.0,0.02,477242.930952
1813259,IT,WM,TRANS,CHEM1,1.2,200431.087,4,4,200431.076,0.0,0.0,0.0,0.011,167025.905833
1756249,IT,KR,MACHI,EDUCA,1.12,200420.979,4,4,200420.963,0.0,0.0,0.0,0.016,178947.302679
1791018,IT,WA,MOTO1,BUSIN,1.07,200418.063,4,4,200418.05,0.0,0.0,0.0,0.013,187306.600935
1772240,IT,CH,HEAVY,GLASS,0.32,200412.962,4,4,200412.946,0.0,0.0,0.0,0.016,626290.50625
1790157,IT,WA,BASIC,AIRTR,0.23,200376.341,4,4,200376.328,0.0,0.0,0.0,0.013,871201.482609
1795705,IT,WL,FABRI,COMPU,0.82,200344.734,4,4,200344.72,0.0,0.0,0.0,0.014,244322.846341
1798644,IT,WE,MEAT4,FINAN,1.1,200323.069,5,5,200322.055,0.0,1.0,0.0,0.014,182111.880909
1781347,IT,NO,DAIRY,FISH5,0.81,200312.579,5,5,200311.565,0.0,1.0,0.0,0.014,247299.480247
1747110,IT,JP,FURNI,BUSIN,0.64,200283.417,6,6,200281.4,0.0,1.0,1.0,0.017,312942.839062
1642838,IT,AT,OFFIC,BUSIN,0.62,200253.123,4,4,200253.109,0.0,0.0,0.0,0.014,322988.908065
1646918,IT,BE,WHOLE,OFFIC,1.73,200214.96,4,4,200214.948,0.0,0.0,0.0,0.012,115731.190751
1763003,IT,MX,FOOD5,HOTEL,0.96,200207.145,5,5,200206.127,0.0,1.0,0.0,0.018,208549.109375
1796206,IT,WL,FURNI,FABRI,0.64,200202.305,6,6,200200.288,0.0,1.0,1.0,0.017,312816.101562
1775850,IT,TR,VEGE1,INSUR,0.62,200189.348,5,5,200188.304,0.0,1.0,0.0,0.044,322886.045161
1764004,IT,MX,ALUM1,TRANS,0.35,200183.575,4,4,200183.559,0.0,0.0,0.0,0.016,571953.071429
1788995,IT,WA,HEAVY,RENTI,0.32,200179.127,4,4,200179.111,0.0,0.0,0.0,0.016,625559.771875
1785638,IT,ZA,HEAVY,NICKE,0.32,200178.037,4,4,200178.021,0.0,0.0,0.0,0.016,625556.365625
1808418,IT,WF,FOOD4,VEGET,1.45,200174.675,5,5,200173.662,0.0,0.0,1.0,0.013,138051.5
1718310,IT,PL,FOOD5,LANDT,0.96,200164.886,5,5,200163.868,0.0,1.0,0.0,0.018,208505.089583
1640501,IT,AT,PROCE,FOOD5,1.35,200162.98,5,5,200161.968,0.0,1.0,0.0,0.012,148268.874074
1758035,IT,BR,RUBBE,WHOLE,0.66,200117.488,4,4,200117.47,0.0,0.0,0.0,0.018,303208.315152
1743808,IT,US,LANDT,HOTEL,1.29,200111.245,4,4,200111.236,0.0,0.0,0.0,0.009,155124.996124
1663005,IT,DK,HOTEL,NUCLE,1.45,200101.923,4,4,200101.908,0.0,0.0,0.0,0.015,138001.326207
1726687,IT,RO,TRANS,RETA1,1.19,200101.111,4,4,200101.1,0.0,0.0,0.0,0.011,168152.194118
1752643,IT,CA,TEXTI,HOTEL,1.19,200098.896,4,4,200098.869,0.0,0.0,0.0,0.027,168150.332773
1734727,IT,SK,LEATH,CONST,1.43,200085.07,5,5,200084.035,0.0,1.0,0.0,0.035,139919.629371
1644354,IT,BE,CHEMI,PLAST,0.48,200072.812,6,6,200061.793,0.0,1.0,10.0,0.019,416818.358333
1686463,IT,HU,BASIC,WASTE,0.23,200071.378,4,4,200071.365,0.0,0.0,0.0,0.013,869875.556522
1742895,IT,US,MACHI,LUBRI,1.12,200063.902,4,4,200063.886,0.0,0.0,0.0,0.016,178628.483929
1672563,IT,FR,OILSE,VEGE1,0.14,200042.963,5,5,200041.954,0.0,1.0,0.0,0.009,1428878.307143
1642264,IT,AT,NONME,OFFIC,0.4,200042.318,4,4,200042.296,0.0,0.0,0.0,0.022,500105.795
1683165,IT,HR,GLASS,BEVER,0.55,200037.759,5,5,200036.748,0.0,0.0,1.0,0.011,363705.016364
1756682,IT,KR,SEACO,PAPER,0.2,200017.799,4,4,200017.796,0.0,0.0,0.0,0.003,1000088.995
1750394,IT,CN,FABRI,DISTR,0.81,200017.403,4,4,200017.389,0.0,0.0,0.0,0.014,246935.065432
1710501,IT,LT,SEACO,WHOLE,0.2,200014.124,4,4,200014.121,0.0,0.0,0.0,0.003,1000070.62
1751942,IT,CN,COMPU,LANDT,2.28,200012.965,4,4,200012.952,0.0,0.0,0.0,0.013,87724.984649
1749203,IT,CN,PULP5,TRAN2,0.61,200001.098,5,5,200000.079,0.0,1.0,0.0,0.019,327870.652459
1774297,IT,CH,HOTEL,MEAT4,1.45,199994.238,4,4,199994.223,0.0,0.0,0.0,0.015,137927.06069
1732195,IT,SI,GASDI,INERT,0.3,199978.077,4,4,199978.061,0.0,0.0,0.0,0.016,666593.59
1760805,IT,IN,COKEO,CHEM1,0.03,199972.433,3,3,199972.433,0.0,0.0,0.0,0.0,6665747.766667
1806193,IT,WF,MACHI,MEATA,1.12,199951.717,4,4,199951.701,0.0,0.0,0.0,0.016,178528.31875
1754034,IT,CA,SEACO,NONF1,0.2,199935.089,4,4,199935.086,0.0,0.0,0.0,0.003,999675.445
1730808,IT,SE,BUSIN,SALEM,2.05,199934.122,4,4,199934.108,0.0,0.0,0.0,0.014,97528.84
1794662,IT,WL,NAPHT,PRINT,0.34,199912.146,4,4,199912.132,0.0,0.0,0.0,0.014,587976.9
1657649,IT,DE,CERAM,NONME,0.31,199897.946,5,5,199896.935,0.0,0.0,1.0,0.011,644832.083871
1651847,IT,CY,SEACO,LANDT,0.2,199893.645,4,4,199893.642,0.0,0.0,0.0,0.003,999468.225
1807247,IT,WF,SUPPO,RETA1,1.44,199880.131,4,4,199880.121,0.0,0.0,0.0,0.01,138805.646528
1647231,IT,BE,LANDT,CHEM1,1.29,199862.134,4,4,199862.125,0.0,0.0,0.0,0.009,154931.886822
1772860,IT,CH,BASIC,CERAM,0.23,199854.45,4,4,199854.437,0.0,0.0,0.0,0.013,868932.391304
1770516,IT,AU,AIRTR,FINAN,0.22,199852.247,4,4,199852.241,0.0,0.0,0.0,0.006,908419.304545
1643735,IT,AT,SUPPO,CONST,1.44,199847.016,4,4,199847.006,0.0,0.0,0.0,0.01,138782.65
1813842,IT,WM,LANDT,CRUDE,1.29,199839.932,4,4,199839.923,0.0,0.0,0.0,0.009,154914.675969
1676839,IT,FR,LANDT,TRAN2,1.29,199836.782,4,4,199836.773,0.0,0.0,0.0,0.009,154912.234109
1798390,IT,WE,CRUDE,LIQUE,0.39,199810.869,4,4,199810.852,0.0,0.0,0.0,0.017,512335.561538
1758138,IT,BR,CEMEN,CONST,0.32,199806.757,5,5,199805.748,0.0,0.0,1.0,0.009,624396.115625
1726564,IT,RO,OFFIC,DIST1,0.62,199788.297,4,4,199788.283,0.0,0.0,0.0,0.014,322239.18871
1780161,IT,TW,HOTEL,ELECT,1.45,199786.515,4,4,199786.5,0.0,0.0,0.0,0.015,137783.803448
1807738,IT,WF,PUBLI,PRECI,3.27,199776.313,4,4,199776.299,0.0,0.0,0.0,0.014,61093.6737
1750029,IT,CN,NONME,MOTO1,0.4,199775.478,4,4,199775.456,0.0,0.0,0.0,0.022,499438.695
1680334,IT,GR,ELEC1,LUBRI,0.03,199752.056,4,4,199752.043,0.0,0.0,0.0,0.013,6658401.866667
1734807,IT,SK,PULP5,WOODW,0.61,199742.704,5,5,199741.685,0.0,1.0,0.0,0.019,327447.055738
1737288,IT,GB,FOOD5,REALE,0.96,199729.523,5,5,199728.505,0.0,1.0,0.0,0.018,208051.586458
1651335,IT,CY,WOODW,FABRI,0.56,199694.216,5,5,199693.203,0.0,1.0,0.0,0.013,356596.814286
1689085,IT,IE,FURNI,RETA1,0.64,199686.692,6,6,199684.675,0.0,1.0,1.0,0.017,312010.45625
1755974,IT,KR,ALUM1,BASIC,0.35,199683.152,4,4,199683.136,0.0,0.0,0.0,0.016,570523.291429
1666970,IT,ES,CERAM,RENTI,0.31,199678.223,5,5,199677.212,0.0,0.0,1.0,0.011,644123.3
1643527,IT,AT,TRAN2,DIST1,0.31,199674.255,4,4,199674.25,0.0,0.0,0.0,0.005,644110.5
1651451,IT,CY,GASDI,HOTEL,0.3,199668.294,4,4,199668.278,0.0,0.0,0.0,0.016,665560.98
1810761,IT,WM,MOTOR,PRIVA,0.3,199648.783,4,4,199648.767,0.0,0.0,0.0,0.016,665495.943333
1677312,IT,FR,FINAN,HOTEL,2.6,199638.656,4,4,199638.65,0.0,0.0,0.0,0.006,76784.098462
1803866,IT,WF,TEXTI,COMPU,1.18,199635.528,4,4,199635.501,0.0,0.0,0.0,0.027,169182.650847
1660120,IT,DE,AIRTR,EDUCA,0.22,199634.664,4,4,199634.658,0.0,0.0,0.0,0.006,907430.290909
1749693,IT,CN,CHEM1,ELEC5,0.42,199624.079,4,4,199624.057,0.0,0.0,0.0,0.022,475295.42619
1781405,IT,NO,FOOD5,FISHF,0.96,199598.678,5,5,199597.66,0.0,1.0,0.0,0.018,207915.289583
1673751,IT,FR,PAPER,COLLE,0.77,199585.397,5,5,199583.377,0.0,2.0,0.0,0.02,259201.814286
1794806,IT,WL,PLAST,GLASS,0.42,199564.602,4,4,199564.582,0.0,0.0,0.0,0.02,475153.814286
1655761,IT,DE,MEATP,HOTEL,0.81,199529.587,5,5,199528.565,0.0,1.0,0.0,0.022,246332.823457
1794831,IT,WL,PLAST,RETAI,0.42,199499.418,4,4,199499.398,0.0,0.0,0.0,0.02,474998.614286
1750209,IT,CN,LEAD1,CERAM,0.35,199477.309,5,5,199476.292,0.0,0.0,1.0,0.017,569935.168571
1679755,IT,GR,BASIC,TRANS,0.23,199465.363,4,4,199465.35,0.0,0.0,0.0,0.013,867240.708696
1797870,IT,WL,FOOD3,COPP1,0.57,199460.591,4,4,199460.581,0.0,0.0,0.0,0.01,349930.861404
1749734,IT,CN,ADDIT,CHEMI,0.46,199456.072,5,5,199454.056,0.0,2.0,0.0,0.016,433600.156522
1662563,IT,DK,FABRI,PAPER,0.81,199454.113,4,4,199454.099,0.0,0.0,0.0,0.014,246239.645679
1771936,IT,CH,PAPER,CERAM,0.77,199441.775,5,5,199439.755,0.0,2.0,0.0,0.02,259015.292208
1788987,IT,WA,HEAVY,LANDT,0.32,199430.37,4,4,199430.354,0.0,0.0,0.0,0.016,623219.90625
1667513,IT,ES,FABRI,CERAM,0.81,199421.181,4,4,199421.167,0.0,0.0,0.0,0.014,246198.988889
1787826,IT,WA,FOOD5,CATTL,0.96,199410.853,5,5,199409.835,0.0,1.0,0.0,0.018,207719.638542
1715534,IT,NL,GASDI,RETAI,0.3,199406.78,4,4,199406.764,0.0,0.0,0.0,0.016,664689.266667
1654108,IT,CZ,OFFIC,HOTEL,0.62,199357.967,4,4,199357.953,0.0,0.0,0.0,0.014,321545.108065
1659900,IT,DE,TRAN2,CRUDE,0.31,199310.324,4,4,199310.319,0.0,0.0,0.0,0.005,642936.529032
1740855,IT,US,VEGE1,RECRE,0.61,199290.654,5,5,199289.611,0.0,1.0,0.0,0.043,326705.990164
1780082,IT,TW,WHOLE,WHOLE,1.72,199280.004,4,4,199279.992,0.0,0.0,0.0,0.012,115860.467442
1673789,IT,FR,PAPER,WASTE,0.77,199243.848,5,5,199241.828,0.0,2.0,0.0,0.02,258758.244156
1776053,IT,TR,TEXTI,HOTEL,1.18,199233.39,4,4,199233.364,0.0,0.0,0.0,0.026,168841.855932
1761218,IT,IN,ADDIT,COLLE,0.46,199229.133,5,5,199227.117,0.0,2.0,0.0,0.016,433106.81087
1764175,IT,MX,MACHI,MEATA,1.11,199220.085,4,4,199220.069,0.0,0.0,0.0,0.016,179477.554054
1673569,IT,FR,WOODW,PIGS9,0.56,199219.005,5,5,199217.992,0.0,1.0,0.0,0.013,355748.223214
1759800,IT,BR,BUSIN,AIRTR,2.05,199211.645,4,4,199211.631,0.0,0.0,0.0,0.014,97176.412195
1645389,IT,BE,HEAVY,ELECT,0.32,199200.384,4,4,199200.368,0.0,0.0,0.0,0.016,622501.2
1756199,IT,KR,MACHI,ALUM1,1.11,199195.729,4,4,199195.713,0.0,0.0,0.0,0.016,179455.611712
1729407,IT,SE,BASIC,COLLE,0.23,199171.918,4,4,199171.905,0.0,0.0,0.0,0.013,865964.86087
1655434,IT,DE,FORES,PULP5,1.74,199157.308,5,5,199080.303,0.0,77.0,0.0,0.005,114458.222989
1803314,IT,WF,STONE,LEADZ,0.64,199138.558,5,5,199127.549,0.0,0.0,11.0,0.009,311153.996875
1728278,IT,SE,BEVER,PAPER,0.85,199068.946,5,5,199067.933,0.0,1.0,0.0,0.013,234198.76
1676828,IT,FR,LANDT,BIOG1,1.28,199037.482,4,4,199037.473,0.0,0.0,0.0,0.009,155498.032812
1643217,IT,AT,HOTEL,PLAST,1.44,199027.232,4,4,199027.217,0.0,0.0,0.0,0.015,138213.355556
1806566,IT,WF,CONST,CRUDE,1.11,199026.24,5,5,199025.229,0.0,0.0,1.0,0.011,179302.918919
1726226,IT,RO,NONME,BRICK,0.4,199024.328,4,4,199024.306,0.0,0.0,0.0,0.022,497560.82
1750015,IT,CN,NONME,BRICK,0.4,199007.152,4,4,199007.13,0.0,0.0,0.0,0.022,497517.88
1796923,IT,WL,AIRTR,BITUM,0.22,199004.578,4,4,199004.572,0.0,0.0,0.0,0.006,904566.263636
1748933,IT,CN,WEARI,DISTR,1.5,198981.242,4,4,198981.204,0.0,0.0,0.0,0.038,132654.161333
1735472,IT,SK,BASIC,RAILW,0.23,198980.81,4,4,198980.797,0.0,0.0,0.0,0.013,865133.956522
1644252,IT,BE,CROPS,FOOD5,1.58,198980.566,4,4,198980.555,0.0,0.0,0.0,0.011,125937.067089
1753490,IT,CA,FABRI,BUSIN,0.81,198976.845,4,4,198976.831,0.0,0.0,0.0,0.014,245650.425926
1731312,IT,SI,VEGE1,HOTEL,0.61,198956.367,5,5,198955.324,0.0,1.0,0.0,0.043,326157.978689
1679074,IT,GR,PULP5,PAPER,0.61,198931.857,5,5,198930.838,0.0,1.0,0.0,0.019,326117.798361
1750475,IT,CN,MACHI,KEROS,1.11,198928.372,4,4,198928.356,0.0,0.0,0.0,0.016,179214.74955
1642548,IT,AT,COPP1,COMPU,0.5,198923.554,5,5,198922.544,0.0,0.0,1.0,0.01,397847.108
1648197,IT,BE,BUSIN,CEMEN,2.04,198919.904,4,4,198919.89,0.0,0.0,0.0,0.014,97509.756863
1662075,IT,DK,CHEM1,ALUM1,0.42,198919.452,4,4,198919.43,0.0,0.0,0.0,0.022,473617.742857
1769000,IT,AU,PAPER,HEALT,0.77,198905.355,5,5,198903.335,0.0,2.0,0.0,0.02,258318.642857
1745577,IT,JP,FISH5,FOOD5,0.84,198902.427,5,5,198901.325,0.0,1.0,0.0,0.102,236788.603571
1757053,IT,KR,BUSIN,FABRI,2.04,198894.788,4,4,198894.774,0.0,0.0,0.0,0.014,97497.445098
1804509,IT,WF,GASDI,NONF1,0.3,198891.829,4,4,198891.813,0.0,0.0,0.0,0.016,662972.763333
1657991,IT,DE,BASIC,RECRE,0.23,198878.822,4,4,198878.809,0.0,0.0,0.0,0.013,864690.530435
1770446,IT,AU,SEACO,SEACO,0.2,198877.265,4,4,198877.262,0.0,0.0,0.0,0.003,994386.325
1772203,IT,CH,GASDI,HOTEL,0.3,198850.751,4,4,198850.735,0.0,0.0,0.0,0.016,662835.836667
1640535,IT,AT,FOOD5,DAIRY,0.96,198830.349,5,5,198829.331,0.0,1.0,0.0,0.018,207114.946875
1795715,IT,WL,MACHI,PADDY,1.11,198828.067,4,4,198828.051,0.0,0.0,0.0,0.016,179124.384685
1789250,IT,WA,PLAST,TRAN2,0.42,198825.294,4,4,198825.274,0.0,0.0,0.0,0.02,473393.557143
1759728,IT,BR,BUSIN,TEXTI,2.04,198808.375,4,4,198808.361,0.0,0.0,0.0,0.014,97455.085784
1774835,IT,CH,POSTT,RESEA,3.27,198737.789,4,4,198737.774,0.0,0.0,0.0,0.015,60776.082263
1792366,IT,WA,FINAN,FINAN,2.59,198729.212,4,4,198729.206,0.0,0.0,0.0,0.006,76729.425483
1652430,IT,CZ,TEXTI,HOTEL,1.18,198720.308,4,4,198720.282,0.0,0.0,0.0,0.026,168407.040678
1757778,IT,BR,PLAST,PFERT,0.42,198702.039,4,4,198702.019,0.0,0.0,0.0,0.02,473100.092857
1665628,IT,ES,WOODW,CERAM,0.56,198671.0,5,5,198669.987,0.0,1.0,0.0,0.013,354769.642857
1714657,IT,NL,MEAT4,FOOD5,1.09,198658.576,5,5,198657.562,0.0,1.0,0.0,0.014,182255.574312
1753232,IT,CA,CERAM,MACHI,0.31,198647.999,5,5,198646.988,0.0,0.0,1.0,0.011,640799.996774
1715272,IT,NL,PAPER,PLAST,0.77,198636.026,5,5,198634.006,0.0,2.0,0.0,0.02,257968.864935
1777354,IT,TR,GLASS,WHOLE,0.55,198616.349,5,5,198615.338,0.0,0.0,1.0,0.011,361120.634545
1645623,IT,BE,CHEM1,FOUND,0.42,198607.829,4,4,198607.807,0.0,0.0,0.0,0.022,472875.783333
1645464,IT,BE,NAPHT,MEDIC,0.34,198589.857,4,4,198589.843,0.0,0.0,0.0,0.014,584087.814706
1656984,IT,DE,LIQUE,RENTI,0.35,198589.135,4,4,198589.119,0.0,0.0,0.0,0.016,567397.528571
1781225,IT,NO,VEGET,HEALT,0.7,198587.935,5,5,198586.927,0.0,1.0,0.0,0.008,283697.05
1761736,IT,IN,MACHI,MOTOR,1.11,198584.867,4,4,198584.851,0.0,0.0,0.0,0.016,178905.285586
1807250,IT,WF,SUPPO,LANDT,1.43,198575.35,4,4,198575.34,0.0,0.0,0.0,0.01,138863.881119
1813347,IT,WM,FURNI,BEVER,0.63,198564.262,6,6,198562.245,0.0,1.0,1.0,0.017,315181.368254
1725497,IT,RO,WEARI,HEALT,1.5,198557.973,4,4,198557.935,0.0,0.0,0.0,0.038,132371.982
1657195,IT,DE,CHEM1,MEAT1,0.41,198547.065,4,4,198547.043,0.0,0.0,0.0,0.022,484261.134146
1741651,IT,US,HEAVY,NAPHT,0.32,198528.666,4,4,198528.65,0.0,0.0,0.0,0.016,620402.08125
1790307,IT,WA,ALUM1,WOODW,0.34,198525.335,4,4,198525.319,0.0,0.0,0.0,0.016,583898.044118
1674125,IT,FR,HEAVY,LUBRI,0.32,198524.874,4,4,198524.858,0.0,0.0,0.0,0.016,620390.23125
1795674,IT,WL,FABRI,ELECT,0.81,198523.069,4,4,198523.055,0.0,0.0,0.0,0.014,245090.208642
1746844,IT,JP,MACHI,AIRTR,1.11,198513.234,4,4,198513.218,0.0,0.0,0.0,0.016,178840.751351
1814605,IT,WM,BUSIN,RESEA,2.04,198511.731,4,4,198511.717,0.0,0.0,0.0,0.014,97309.672059
1788623,IT,WA,PRINT,PRINT,1.9,198511.164,4,4,198511.149,0.0,0.0,0.0,0.015,104479.56
1643349,IT,AT,RAILW,TRANS,1.33,198509.727,5,5,198508.718,0.0,0.0,1.0,0.009,149255.433835
1752924,IT,CA,PLAST,FOOD5,0.42,198497.426,4,4,198497.406,0.0,0.0,0.0,0.02,472612.919048
1756688,IT,KR,SEACO,CHEM1,0.2,198484.52,4,4,198484.517,0.0,0.0,0.0,0.003,992422.6
1687514,IT,HU,LANDT,MOTOR,1.28,198444.848,4,4,198444.839,0.0,0.0,0.0,0.009,155035.0375
1744043,IT,US,AIRTR,AUXIL,0.22,198433.645,4,4,198433.639,0.0,0.0,0.0,0.006,901971.113636
1730161,IT,SE,LANDT,WOODW,1.28,198427.864,4,4,198427.855,0.0,0.0,0.0,0.009,155021.76875
1754571,IT,KR,VEGET,FOOD5,0.7,198372.105,5,5,198371.097,0.0,1.0,0.0,0.008,283388.721429
1674775,IT,FR,CERAM,INTER,0.31,198371.218,5,5,198370.207,0.0,0.0,1.0,0.011,639907.154839
1735560,IT,SK,ALUM1,TRANS,0.34,198371.07,4,4,198371.054,0.0,0.0,0.0,0.016,583444.323529
1666913,IT,ES,GLASS,REALE,0.54,198360.204,5,5,198359.193,0.0,0.0,1.0,0.011,367333.711111
1747618,IT,JP,AIRTR,INSUR,0.22,198351.057,4,4,198351.051,0.0,0.0,0.0,0.006,901595.713636
1737144,IT,GB,VEGE1,SUGA1,0.61,198346.575,5,5,198345.532,0.0,1.0,0.0,0.043,325158.319672
1790007,IT,WA,NONME,CHARC,0.4,198336.526,4,4,198336.504,0.0,0.0,0.0,0.022,495841.315
1655501,IT,DE,CRUDE,LUBRI,0.39,198298.877,4,4,198298.86,0.0,0.0,0.0,0.017,508458.658974
1737296,IT,GB,FOOD5,RECRE,0.95,198295.766,5,5,198294.748,0.0,1.0,0.0,0.018,208732.385263
1814614,IT,WM,BUSIN,93197,2.04,198270.341,4,4,198270.327,0.0,0.0,0.0,0.014,97191.343627
1719020,IT,PL,GASDI,CONST,0.3,198252.951,4,4,198252.935,0.0,0.0,0.0,0.016,660843.17
1712962,IT,MT,POULT,MEAT1,0.53,198224.327,5,5,198223.312,0.0,1.0,0.0,0.015,374008.164151
1812833,IT,WM,FABRI,PLAST,0.81,198218.904,4,4,198218.89,0.0,0.0,0.0,0.014,244714.696296
1769067,IT,AU,PLAST,WOODW,0.42,198201.057,4,4,198201.037,0.0,0.0,0.0,0.02,471907.278571
1788562,IT,WA,PAPER,GLASS,0.77,198199.347,5,5,198197.327,0.0,2.0,0.0,0.02,257401.749351
1715849,IT,NL,RUBBE,RADIO,0.66,198182.754,4,4,198182.736,0.0,0.0,0.0,0.018,300276.9
1689231,IT,IE,WHOLE,MEATP,1.71,198175.454,4,4,198175.443,0.0,0.0,0.0,0.011,115892.078363
1769450,IT,AU,NONME,WHOLE,0.4,198161.89,4,4,198161.868,0.0,0.0,0.0,0.022,495404.725
1722058,IT,PL,BUSIN,BITUM,2.04,198147.417,4,4,198147.403,0.0,0.0,0.0,0.014,97131.086765
1640992,IT,AT,WOODW,REALE,0.55,198133.332,5,5,198132.319,0.0,1.0,0.0,0.013,360242.421818
1748926,IT,CN,WEARI,ELEC1,1.49,198130.413,4,4,198130.375,0.0,0.0,0.0,0.038,132973.431544
1689652,IT,IE,POSTT,FOOD5,3.26,198114.909,4,4,198114.894,0.0,0.0,0.0,0.015,60771.444479
1671456,IT,FI,FABRI,PUBLI,0.81,198114.877,4,4,198114.863,0.0,0.0,0.0,0.014,244586.267901
1768570,IT,AU,BEVER,MEATC,0.84,198109.599,5,5,198108.586,0.0,1.0,0.0,0.013,235844.760714
1800002,IT,WE,HEAVY,ELECT,0.32,198106.902,4,4,198106.886,0.0,0.0,0.0,0.016,619084.06875
1806113,IT,WF,FABRI,WEARI,0.81,198080.244,4,4,198080.23,0.0,0.0,0.0,0.014,244543.511111
1663253,IT,DK,SEACO,CHEM1,0.2,198077.568,4,4,198077.565,0.0,0.0,0.0,0.003,990387.84
1808984,IT,WM,VEGET,MEAT4,0.7,198063.741,5,5,198062.733,0.0,1.0,0.0,0.008,282948.201429
1763327,IT,MX,PAPER,FINAN,0.77,198063.035,5,5,198061.015,0.0,2.0,0.0,0.02,257224.720779
1778666,IT,TR,HOTEL,HOTEL,1.44,198060.604,4,4,198060.589,0.0,0.0,0.0,0.015,137542.086111
1746353,IT,JP,RUBBE,BEVER,0.66,198053.815,4,4,198053.797,0.0,0.0,0.0,0.018,300081.537879
1666385,IT,ES,NAPHT,NONSP,0.34,198051.564,4,4,198051.55,0.0,0.0,0.0,0.014,582504.6
1788091,IT,WA,TEXTI,PRIVA,1.17,198049.021,4,4,198048.995,0.0,0.0,0.0,0.026,169272.667521
1649143,IT,BG,PAPER,BUSIN,0.77,198044.67,5,5,198042.65,0.0,2.0,0.0,0.02,257200.87013
1749723,IT,CN,CHEM1,RENTI,0.41,197999.311,4,4,197999.289,0.0,0.0,0.0,0.022,482925.14878
1758237,IT,BR,BASIC,RADIO,0.23,197989.536,4,4,197989.523,0.0,0.0,0.0,0.013,860824.069565
1664080,IT,EE,CHEM1,OFFIC,0.41,197984.416,4,4,197984.394,0.0,0.0,0.0,0.022,482888.819512
1762272,IT,IN,AIRTR,FABRI,0.22,197977.673,4,4,197977.667,0.0,0.0,0.0,0.006,899898.513636
1729269,IT,SE,CEMEN,ELECT,0.32,197970.665,5,5,197969.656,0.0,0.0,1.0,0.009,618658.328125
1689152,IT,IE,SALEM,WHOLE,1.6,197901.399,4,4,197901.387,0.0,0.0,0.0,0.012,123688.374375
1762736,IT,IN,BUSIN,NONME,2.03,197888.984,4,4,197888.97,0.0,0.0,0.0,0.014,97482.258128
1666023,IT,ES,MOTOR,INERT,0.3,197876.553,4,4,197876.537,0.0,0.0,0.0,0.016,659588.51
1687178,IT,HU,FURNI,REALE,0.63,197875.392,6,6,197873.375,0.0,1.0,1.0,0.017,314087.92381
1683885,IT,HR,TRANS,TRANS,1.18,197869.284,4,4,197869.273,0.0,0.0,0.0,0.011,167685.833898
1683162,IT,HR,GLASS,DAIRY,0.54,197833.692,5,5,197832.681,0.0,0.0,1.0,0.011,366358.688889
1809515,IT,WM,MEAT4,PFERT,1.09,197795.782,5,5,197794.769,0.0,1.0,0.0,0.013,181464.020183
1735962,IT,SK,MOTO1,CONST,1.05,197795.732,4,4,197795.719,0.0,0.0,0.0,0.013,188376.887619
1718120,IT,PL,VEGE1,SUGA1,0.61,197790.795,5,5,197789.752,0.0,1.0,0.0,0.043,324247.204918
1653472,IT,CZ,BASIC,CEREA,0.23,197752.082,4,4,197752.069,0.0,0.0,0.0,0.013,859791.66087
1671272,IT,FI,BASIC,RENTI,0.23,197751.566,4,4,197751.553,0.0,0.0,0.0,0.013,859789.417391
1802303,IT,WE,LANDT,PUBLI,1.28,197734.563,4,4,197734.554,0.0,0.0,0.0,0.009,154480.127344
1758023,IT,BR,RUBBE,FABRI,0.66,197723.68,4,4,197723.662,0.0,0.0,0.0,0.018,299581.333333
1730466,IT,SE,POSTT,RENTI,3.26,197719.077,4,4,197719.062,0.0,0.0,0.0,0.015,60650.02362
1644825,IT,BE,TEXTI,MOTO1,1.17,197710.505,4,4,197710.479,0.0,0.0,0.0,0.026,168983.337607
1770501,IT,AU,AIRTR,DISTR,0.22,197683.77,4,4,197683.764,0.0,0.0,0.0,0.006,898562.590909
1709490,IT,LT,WEARI,CHEM1,1.49,197665.097,4,4,197665.059,0.0,0.0,0.0,0.038,132661.138926
1771002,IT,CH,OILSE,RETA1,0.14,197644.485,5,5,197643.476,0.0,1.0,0.0,0.009,1411746.321429
1746791,IT,JP,MACHI,LIQUE,1.1,197640.085,4,4,197640.069,0.0,0.0,0.0,0.016,179672.804545
1772264,IT,CH,NAPHT,GASDI,0.34,197627.885,4,4,197627.871,0.0,0.0,0.0,0.014,581258.485294
1715793,IT,NL,RUBBE,PIGS9,0.65,197587.722,4,4,197587.704,0.0,0.0,0.0,0.018,303981.110769
1660372,IT,DE,FINAN,BASIC,2.57,197584.644,4,4,197584.638,0.0,0.0,0.0,0.006,76881.184436
1711543,IT,LU,POSTT,BUSIN,3.25,197580.616,4,4,197580.601,0.0,0.0,0.0,0.015,60794.035692
1715448,IT,NL,MOTOR,BUSIN,0.3,197571.651,4,4,197571.635,0.0,0.0,0.0,0.016,658572.17
1749562,IT,CN,PLAST,COPP1,0.41,197568.674,4,4,197568.654,0.0,0.0,0.0,0.02,481874.814634
1722493,IT,PT,FOOD5,MEAT1,0.95,197554.787,5,5,197553.769,0.0,1.0,0.0,0.018,207952.407368
1679766,IT,GR,BASIC,SUPPO,0.23,197516.483,4,4,197516.471,0.0,0.0,0.0,0.012,858767.317391
1799872,IT,WE,GASDI,FOUND,0.29,197507.663,4,4,197507.647,0.0,0.0,0.0,0.016,681060.906897
1762206,IT,IN,SEACO,PREC1,0.2,197499.528,4,4,197499.525,0.0,0.0,0.0,0.003,987497.64
1784614,IT,ID,MACHI,ELEC2,1.1,197499.286,4,4,197499.27,0.0,0.0,0.0,0.016,179544.805455
1738152,IT,GB,GLASS,NONF1,0.54,197494.066,5,5,197493.055,0.0,0.0,1.0,0.011,365729.751852
1655508,IT,DE,CRUDE,CHEM1,0.39,197487.936,4,4,197487.919,0.0,0.0,0.0,0.017,506379.323077
1779061,IT,TR,AIRTR,MEMBE,0.21,197483.903,4,4,197483.897,0.0,0.0,0.0,0.006,940399.538095
1649551,IT,BG,RUBBE,MOTO1,0.65,197471.85,4,4,197471.832,0.0,0.0,0.0,0.018,303802.846154
1719527,IT,PL,GLASS,CEMEN,0.54,197443.981,5,5,197442.97,0.0,0.0,1.0,0.011,365637.001852
1761081,IT,IN,PFERT,MOTOR,0.09,197430.224,4,4,197430.192,0.0,0.0,0.0,0.032,2193669.155556
1658887,IT,DE,TRANS,RENTI,1.18,197424.624,4,4,197424.613,0.0,0.0,0.0,0.011,167309.00339
1675251,IT,FR,FABRI,CERAM,0.8,197416.776,4,4,197416.762,0.0,0.0,0.0,0.014,246770.97
1787384,IT,WA,FORES,CHEM1,1.72,197394.774,5,5,197318.769,0.0,76.0,0.0,0.005,114764.403488
1723907,IT,PT,FURNI,CONST,0.63,197388.474,6,6,197386.457,0.0,1.0,1.0,0.017,313315.038095
1737861,IT,GB,PLAST,BIODI,0.41,197375.269,4,4,197375.249,0.0,0.0,0.0,0.02,481403.095122
1672546,IT,FR,CEREA,BEVER,0.32,197369.065,5,5,197368.054,0.0,1.0,0.0,0.011,616778.328125
1808910,IT,WM,CEREA,RAWMI,0.32,197358.287,5,5,197357.276,0.0,1.0,0.0,0.011,616744.646875
1718115,IT,PL,VEGE1,MEAT1,0.61,197340.104,5,5,197339.061,0.0,1.0,0.0,0.043,323508.367213
1641930,IT,AT,RUBBE,VEGET,0.65,197323.6,4,4,197323.582,0.0,0.0,0.0,0.018,303574.769231
1771916,IT,CH,PAPER,TOBAC,0.76,197317.643,5,5,197315.624,0.0,2.0,0.0,0.019,259628.477632
1689285,IT,IE,WHOLE,REALE,1.7,197271.978,4,4,197271.967,0.0,0.0,0.0,0.011,116042.34
1650750,IT,BG,HOTEL,SUPPO,1.43,197271.31,4,4,197271.295,0.0,0.0,0.0,0.015,137951.965035
1729428,IT,SE,BASIC,PLAS1,0.23,197265.357,4,4,197265.345,0.0,0.0,0.0,0.012,857675.465217
1652788,IT,CZ,PAPER,RECRE,0.76,197253.449,5,5,197251.43,0.0,2.0,0.0,0.019,259544.011842
1656926,IT,DE,LIQUE,DAIRY,0.35,197236.611,4,4,197236.595,0.0,0.0,0.0,0.016,563533.174286
1795441,IT,WL,PREC1,FISH5,0.34,197235.941,4,4,197235.932,0.0,0.0,0.0,0.009,580105.708824
1720765,IT,PL,TRANS,CONST,1.18,197234.03,4,4,197234.019,0.0,0.0,0.0,0.011,167147.483051
1793395,IT,WL,CROPS,RAWMI,1.56,197230.916,4,4,197230.905,0.0,0.0,0.0,0.011,126430.074359
1674768,IT,FR,CERAM,BUSIN,0.31,197199.194,5,5,197198.183,0.0,0.0,1.0,0.011,636126.432258
1758225,IT,BR,BASIC,NONME,0.23,197172.932,4,4,197172.92,0.0,0.0,0.0,0.012,857273.617391
1744263,IT,US,POSTT,SEACO,3.25,197169.31,4,4,197169.295,0.0,0.0,0.0,0.015,60667.48
1801273,IT,WE,MACHI,ANIMA,1.1,197148.656,4,4,197148.64,0.0,0.0,0.0,0.016,179226.050909
1728041,IT,SE,CHEMI,WASTE,0.47,197140.21,6,6,197129.191,0.0,1.0,10.0,0.019,419447.255319
1718386,IT,PL,BEVER,OFFIC,0.84,197138.537,5,5,197137.524,0.0,1.0,0.0,0.013,234688.734524
1671090,IT,FI,RUBBE,RESEA,0.65,197098.211,4,4,197098.193,0.0,0.0,0.0,0.018,303228.016923
1795174,IT,WL,RUBBE,AUXIL,0.65,197096.702,4,4,197096.684,0.0,0.0,0.0,0.018,303225.695385
1667441,IT,ES,NONF1,LEAD1,0.04,197094.215,3,3,197094.215,0.0,0.0,0.0,0.0,4927355.375
1756760,IT,KR,AIRTR,GLASS,0.21,197059.935,4,4,197059.929,0.0,0.0,0.0,0.006,938380.642857
1734938,IT,SK,KEROS,AIRTR,0.29,197027.495,4,4,197027.479,0.0,0.0,0.0,0.016,679405.155172
1743488,IT,US,WHOLE,RESEA,1.7,196999.154,4,4,196999.143,0.0,0.0,0.0,0.011,115881.855294
1671183,IT,FI,BRICK,CONST,0.3,196978.111,5,5,196977.098,0.0,0.0,1.0,0.013,656593.703333
1722008,IT,PL,COMPU,FINAN,2.25,196976.836,4,4,196976.824,0.0,0.0,0.0,0.012,87545.260444
1813954,IT,WM,SEACO,MEATA,0.2,196962.222,4,4,196962.219,0.0,0.0,0.0,0.003,984811.11
1667139,IT,ES,BASIC,GLASS,0.23,196952.542,4,4,196952.53,0.0,0.0,0.0,0.012,856315.4
1780134,IT,TW,HOTEL,LIQUE,1.43,196946.98,4,4,196946.965,0.0,0.0,0.0,0.015,137725.160839
1660742,IT,DE,RENTI,RENTI,1.18,196925.61,4,4,196925.599,0.0,0.0,0.0,0.011,166886.110169
1726068,IT,RO,RUBBE,MEATP,0.65,196910.865,4,4,196910.847,0.0,0.0,0.0,0.018,302939.792308
1738862,IT,GB,TRANS,MOTO1,1.17,196886.824,4,4,196886.813,0.0,0.0,0.0,0.011,168279.336752
1657116,IT,DE,PLAST,PULP5,0.41,196864.829,4,4,196864.809,0.0,0.0,0.0,0.02,480158.119512
1773956,IT,CH,SALEM,SECO9,1.59,196864.036,4,4,196864.024,0.0,0.0,0.0,0.012,123813.859119
1721211,IT,PL,LANDT,MEAT1,1.27,196854.522,4,4,196854.513,0.0,0.0,0.0,0.009,155003.56063
1813170,IT,WM,MOTO1,ELEC2,1.05,196843.033,4,4,196843.02,0.0,0.0,0.0,0.013,187469.555238
1795597,IT,WL,NONF1,REALE,0.04,196841.483,3,3,196841.483,0.0,0.0,0.0,0.0,4921037.075
1718071,IT,PL,MEAT1,MEAT1,0.92,196822.113,5,5,196821.089,0.0,1.0,0.0,0.024,213937.079348
1714846,IT,NL,FOOD5,WHOLE,0.95,196810.224,5,5,196809.206,0.0,1.0,0.0,0.018,207168.656842
1811029,IT,WM,HEAVY,FISHF,0.32,196795.631,4,4,196795.615,0.0,0.0,0.0,0.016,614986.346875
1814125,IT,WM,AIRTR,FURNI,0.21,196781.767,4,4,196781.761,0.0,0.0,0.0,0.006,937056.033333
1720238,IT,PL,NONF1,OFFIC,0.04,196759.209,3,3,196759.209,0.0,0.0,0.0,0.0,4918980.225
1655787,IT,DE,MEAT4,HOTEL,1.08,196756.845,5,5,196755.832,0.0,1.0,0.0,0.013,182182.263889
1727008,IT,RO,HOTEL,RENTI,1.43,196739.063,4,4,196739.048,0.0,0.0,0.0,0.015,137579.764336
1710881,IT,LU,COKEO,WASTE,0.02,196735.743,3,3,196735.743,0.0,0.0,0.0,0.0,9836787.15
1676045,IT,FR,ELEC6,HOTEL,0.03,196729.335,4,4,196729.304,0.0,0.0,0.0,0.031,6557644.5
1747216,IT,JP,CONST,RECRE,1.1,196705.38,5,5,196704.369,0.0,0.0,1.0,0.011,178823.072727
1748626,IT,CN,DAIRY,WOODW,0.8,196700.856,5,5,196699.843,0.0,1.0,0.0,0.013,245876.07
1686930,IT,HU,MACHI,BIOGA,1.1,196691.453,4,4,196691.437,0.0,0.0,0.0,0.016,178810.411818
1739732,IT,GB,SUPPO,REALE,1.41,196690.202,4,4,196690.192,0.0,0.0,0.0,0.01,139496.597163
1728216,IT,SE,FOOD5,CHEM1,0.94,196688.189,5,5,196687.171,0.0,1.0,0.0,0.018,209242.754255
1640370,IT,AT,MEATP,TOBAC,0.8,196671.822,5,5,196670.801,0.0,1.0,0.0,0.021,245839.7775
1814889,IT,WM,PRIVA,CRUDE,43.88,196647.131,5,5,196645.1,2.0,0.0,0.0,0.031,4481.475182
1766679,IT,RU,FABRI,HOTEL,0.8,196625.806,4,4,196625.792,0.0,0.0,0.0,0.014,245782.2575
1757484,IT,BR,PAPER,HOTEL,0.76,196602.222,5,5,196600.203,0.0,2.0,0.0,0.019,258687.134211
1709934,IT,LT,BASIC,ELECT,0.23,196592.642,4,4,196592.63,0.0,0.0,0.0,0.012,854750.617391
1658826,IT,DE,MOTO1,DISTR,1.05,196589.609,4,4,196589.596,0.0,0.0,0.0,0.013,187228.199048
1743542,IT,US,HOTEL,SUGAR,1.42,196572.429,4,4,196572.414,0.0,0.0,0.0,0.015,138431.288028
1646479,IT,BE,MACHI,COPP1,1.1,196570.957,4,4,196570.941,0.0,0.0,0.0,0.016,178700.87
1802435,IT,WE,AIRTR,POSTT,0.21,196569.453,4,4,196569.447,0.0,0.0,0.0,0.006,936045.014286
1806742,IT,WF,WHOLE,HOTEL,1.7,196561.327,4,4,196561.316,0.0,0.0,0.0,0.011,115624.31
1773689,IT,CH,FURNI,SECO9,0.63,196547.438,6,6,196545.421,0.0,1.0,1.0,0.017,311980.060317
1735748,IT,SK,MACHI,WHEAT,1.1,196534.77,4,4,196534.754,0.0,0.0,0.0,0.016,178667.972727
1758012,IT,BR,RUBBE,GLASS,0.65,196524.865,4,4,196524.847,0.0,0.0,0.0,0.018,302345.946154
1728368,IT,SE,TEXTI,MACHI,1.16,196513.779,4,4,196513.753,0.0,0.0,0.0,0.026,169408.430172
1785791,IT,ZA,CHEM1,MEATA,0.41,196484.724,4,4,196484.703,0.0,0.0,0.0,0.021,479231.034146
1711113,IT,LU,LEAD1,CONST,0.34,196483.058,5,5,196482.041,0.0,0.0,1.0,0.017,577891.347059
1738935,IT,GB,FURNI,RESEA,0.63,196440.767,6,6,196438.75,0.0,1.0,1.0,0.017,311810.74127
1813609,IT,WM,WHOLE,HEALT,1.7,196423.1,4,4,196423.089,0.0,0.0,0.0,0.011,115543.0
1641133,IT,AT,PAPER,RENTI,0.76,196416.897,5,5,196414.878,0.0,2.0,0.0,0.019,258443.285526
1812268,IT,WM,BASIC,CEREA,0.23,196414.649,4,4,196414.637,0.0,0.0,0.0,0.012,853976.734783
1796034,IT,WL,TRANS,OILSE,1.17,196412.192,4,4,196412.181,0.0,0.0,0.0,0.011,167873.668376
1796935,IT,WL,AIRTR,VEGE1,0.21,196405.723,4,4,196405.717,0.0,0.0,0.0,0.006,935265.347619
1811309,IT,WM,BITU1,MACHI,0.31,196400.008,4,4,196399.992,0.0,0.0,0.0,0.016,633548.412903
1646698,IT,BE,FURNI,POSTT,0.63,196398.227,6,6,196396.21,0.0,1.0,1.0,0.017,311743.21746
1672422,IT,FI,BUSIN,POSTT,2.02,196389.264,4,4,196389.25,0.0,0.0,0.0,0.014,97222.407921
1811177,IT,WM,NAPHT,MEDIC,0.33,196385.116,4,4,196385.102,0.0,0.0,0.0,0.014,595106.412121
1761606,IT,IN,NONF1,DIST1,0.04,196368.071,3,3,196368.071,0.0,0.0,0.0,0.0,4909201.775
1807016,IT,WF,LANDT,LANDT,1.27,196360.638,4,4,196360.629,0.0,0.0,0.0,0.009,154614.675591
1731069,IT,SI,VEGET,STEAM,0.7,196341.355,5,5,196340.347,0.0,1.0,0.0,0.008,280487.65
1648135,IT,BE,RESEA,BUSIN,1.06,196329.205,4,4,196329.191,0.0,0.0,0.0,0.014,185216.231132
1752994,IT,CA,CHEM1,KEROS,0.41,196323.827,4,4,196323.806,0.0,0.0,0.0,0.021,478838.602439
1732556,IT,SI,RUBBE,LANDT,0.65,196323.369,4,4,196323.351,0.0,0.0,0.0,0.018,302035.952308
1796986,IT,WL,AIRTR,MOTO1,0.21,196299.729,4,4,196299.723,0.0,0.0,0.0,0.006,934760.614286
1679965,IT,GR,FABRI,MOTO1,0.8,196286.833,4,4,196286.819,0.0,0.0,0.0,0.014,245358.54125
1688861,IT,IE,BASIC,RESEA,0.23,196283.316,4,4,196283.304,0.0,0.0,0.0,0.012,853405.721739
1647355,IT,BE,SEACO,FABRI,0.2,196279.183,4,4,196279.18,0.0,0.0,0.0,0.003,981395.915
1674094,IT,FR,HEAVY,POULT,0.32,196268.31,4,4,196268.294,0.0,0.0,0.0,0.016,613338.46875
1670539,IT,FI,TEXTI,TEXTI,1.16,196265.787,4,4,196265.761,0.0,0.0,0.0,0.026,169194.643966
1745317,IT,JP,MEAT4,HEALT,1.08,196261.199,5,5,196260.186,0.0,1.0,0.0,0.013,181723.332407
1676053,IT,FR,ELEC6,HEALT,0.03,196257.583,4,4,196257.552,0.0,0.0,0.0,0.031,6541919.433333
1747062,IT,JP,FURNI,RUBBE,0.63,196251.735,6,6,196249.718,0.0,1.0,1.0,0.017,311510.690476
1641225,IT,AT,COKEO,SECO9,0.02,196251.203,3,3,196251.203,0.0,0.0,0.0,0.0,9812560.15
1735422,IT,SK,BASIC,MOTOR,0.23,196242.841,4,4,196242.829,0.0,0.0,0.0,0.012,853229.743478
1790959,IT,WA,MOTO1,CRUDE,1.04,196230.849,4,4,196230.836,0.0,0.0,0.0,0.013,188683.508654
1769709,IT,AU,MACHI,WOOLS,1.09,196207.265,4,4,196207.249,0.0,0.0,0.0,0.016,180006.665138
1782172,IT,NO,NONME,CONST,0.4,196206.894,4,4,196206.872,0.0,0.0,0.0,0.022,490517.235
1766681,IT,RU,FABRI,LANDT,0.8,196181.642,4,4,196181.628,0.0,0.0,0.0,0.014,245227.0525
1766007,IT,RU,CHEM1,BASIC,0.41,196172.93,4,4,196172.909,0.0,0.0,0.0,0.021,478470.560976
1768093,IT,RU,BUSIN,RETA1,2.01,196172.735,4,4,196172.721,0.0,0.0,0.0,0.014,97598.375622
1733843,IT,SI,TRAN2,CONST,0.3,196162.278,4,4,196162.273,0.0,0.0,0.0,0.005,653874.26
1753170,IT,CA,GLASS,LEATH,0.54,196159.385,5,5,196158.374,0.0,0.0,1.0,0.011,363258.12037
1809316,IT,WM,STONE,CEMEN,0.63,196151.874,5,5,196140.865,0.0,0.0,11.0,0.009,311352.180952
1794574,IT,WL,HEAVY,PFERT,0.32,196136.749,4,4,196136.733,0.0,0.0,0.0,0.016,612927.340625
1683184,IT,HR,GLASS,FABRI,0.54,196127.331,5,5,196126.32,0.0,0.0,1.0,0.011,363198.761111
1814061,IT,WM,AIRTR,MEATA,0.21,196119.35,4,4,196119.344,0.0,0.0,0.0,0.006,933901.666667
1797504,IT,WL,BUSIN,PRINT,2.01,196106.885,4,4,196106.871,0.0,0.0,0.0,0.014,97565.614428
1709742,IT,LT,CHEM1,SUPPO,0.41,196099.171,4,4,196099.15,0.0,0.0,0.0,0.021,478290.660976
1790530,IT,WA,NONF1,NONFE,0.04,196064.256,3,3,196064.256,0.0,0.0,0.0,0.0,4901606.4
1719311,IT,PL,CHEM1,AUXIL,0.41,196063.365,4,4,196063.344,0.0,0.0,0.0,0.021,478203.329268
1772367,IT,CH,CHEM1,CHEMI,0.41,196050.624,4,4,196050.603,0.0,0.0,0.0,0.021,478172.253659
1788714,IT,WA,MOTOR,HEAVY,0.29,196014.973,4,4,196014.957,0.0,0.0,0.0,0.016,675913.7
1721454,IT,PL,AIRTR,CONST,0.21,195989.025,4,4,195989.019,0.0,0.0,0.0,0.006,933281.071429
1767115,IT,RU,FURNI,POSTT,0.63,195986.639,6,6,195984.622,0.0,1.0,1.0,0.017,311089.903175
1661847,IT,DK,PAPER,CHEM1,0.76,195963.546,5,5,195961.527,0.0,2.0,0.0,0.019,257846.771053
1801358,IT,WE,MACHI,ELEC4,1.09,195963.073,4,4,195963.057,0.0,0.0,0.0,0.016,179782.63578
1677520,IT,FR,AUXIL,SUPPO,3.58,195961.043,4,4,195961.033,0.0,0.0,0.0,0.01,54737.721508
1769293,IT,AU,RUBBE,HOTEL,0.65,195942.234,4,4,195942.216,0.0,0.0,0.0,0.018,301449.590769
1777028,IT,TR,CHEM1,COKEO,0.41,195934.132,4,4,195934.111,0.0,0.0,0.0,0.021,477888.126829
1738716,IT,GB,MACHI,RAILW,1.09,195910.145,4,4,195910.129,0.0,0.0,0.0,0.016,179734.077982
1798854,IT,WE,BEVER,CATTL,0.83,195892.167,5,5,195891.154,0.0,1.0,0.0,0.013,236014.659036
1688807,IT,IE,GLASS,CONST,0.54,195889.585,5,5,195888.574,0.0,0.0,1.0,0.011,362758.490741
1718983,IT,PL,COKEO,PLAST,0.02,195881.407,3,3,195881.407,0.0,0.0,0.0,0.0,9794070.35
1725856,IT,RO,GASDI,CONST,0.29,195875.819,4,4,195875.803,0.0,0.0,0.0,0.016,675433.858621
1665521,IT,ES,WEARI,PUBLI,1.48,195855.182,4,4,195855.145,0.0,0.0,0.0,0.037,132334.582432
1718265,IT,PL,FOOD5,SUGA1,0.94,195840.846,5,5,195839.828,0.0,1.0,0.0,0.018,208341.325532
1812187,IT,WM,NONME,SANDC,0.4,195778.054,4,4,195778.033,0.0,0.0,0.0,0.021,489445.135
1779050,IT,TR,AIRTR,POSTT,0.21,195774.361,4,4,195774.355,0.0,0.0,0.0,0.006,932258.861905
1810709,IT,WM,MOTOR,ALUM1,0.29,195754.215,4,4,195754.199,0.0,0.0,0.0,0.016,675014.534483
1658666,IT,DE,MACHI,93197,1.09,195748.154,4,4,195748.138,0.0,0.0,0.0,0.016,179585.462385
1719794,IT,PL,BASIC,NAPHT,0.23,195722.484,4,4,195722.472,0.0,0.0,0.0,0.012,850967.321739
1690127,IT,IE,COMPU,SALEM,2.23,195675.018,4,4,195675.006,0.0,0.0,0.0,0.012,87746.644843
1761690,IT,IN,FABRI,BUSIN,0.8,195626.595,4,4,195626.581,0.0,0.0,0.0,0.014,244533.24375
1732138,IT,SI,GASDI,RUBBE,0.29,195625.156,4,4,195625.14,0.0,0.0,0.0,0.016,674569.503448
1752664,IT,CA,WEARI,WEARI,1.47,195612.118,4,4,195612.081,0.0,0.0,0.0,0.037,133069.468027
1766618,IT,RU,FABRI,FOOD5,0.8,195608.422,4,4,195608.408,0.0,0.0,0.0,0.014,244510.5275
1798206,IT,WE,VEGET,BEVER,0.69,195597.864,5,5,195596.856,0.0,1.0,0.0,0.008,283475.165217
1645661,IT,BE,CHEM1,POSTT,0.41,195596.411,4,4,195596.39,0.0,0.0,0.0,0.021,477064.417073
1642363,IT,AT,BASIC,HOTEL,0.23,195594.296,4,4,195594.284,0.0,0.0,0.0,0.012,850409.982609
1760796,IT,IN,PRINT,COMPU,1.88,195582.558,4,4,195582.543,0.0,0.0,0.0,0.015,104033.275532
1679072,IT,GR,PULP5,FOOD5,0.6,195580.236,5,5,195579.218,0.0,1.0,0.0,0.018,325967.06
1674871,IT,FR,NONME,TRAN1,0.4,195580.02,4,4,195579.999,0.0,0.0,0.0,0.021,488950.05
1643701,IT,AT,SUPPO,PLAST,1.41,195550.953,4,4,195550.943,0.0,0.0,0.0,0.01,138688.619149
1650834,IT,BG,LANDT,RUBBE,1.26,195539.022,4,4,195539.013,0.0,0.0,0.0,0.009,155189.7
1660956,IT,DE,BUSIN,ADDIT,2.01,195535.549,4,4,195535.536,0.0,0.0,0.0,0.013,97281.367662
1718118,IT,PL,VEGE1,DAIRY,0.6,195531.631,5,5,195530.588,0.0,1.0,0.0,0.043,325886.051667
1774201,IT,CH,RETA1,PAPER,2.04,195525.472,4,4,195525.459,0.0,0.0,0.0,0.013,95845.819608
1804500,IT,WF,GASDI,CERAM,0.29,195515.743,4,4,195515.727,0.0,0.0,0.0,0.016,674192.217241
1772384,IT,CH,CHEM1,PULP5,0.41,195502.02,4,4,195501.999,0.0,0.0,0.0,0.021,476834.195122
1655481,IT,DE,FISHF,RESEA,0.34,195500.493,4,4,195500.486,0.0,0.0,0.0,0.007,575001.45
1798209,IT,WE,VEGET,WEARI,0.69,195489.817,5,5,195488.809,0.0,1.0,0.0,0.008,283318.575362
1785406,IT,ZA,PAPER,CHEM1,0.76,195486.126,5,5,195484.107,0.0,2.0,0.0,0.019,257218.586842
1747880,IT,JP,RENTI,HOTEL,1.17,195476.349,4,4,195476.338,0.0,0.0,0.0,0.011,167073.802564
1769348,IT,AU,GLASS,CONST,0.54,195475.329,5,5,195474.318,0.0,0.0,1.0,0.011,361991.35
1665770,IT,ES,PAPER,SALEM,0.76,195470.8,5,5,195468.781,0.0,2.0,0.0,0.019,257198.421053
1713603,IT,MT,BASIC,RADIO,0.23,195468.245,4,4,195468.233,0.0,0.0,0.0,0.012,849861.934783
1678555,IT,GR,OILSE,PFERT,0.14,195464.161,5,5,195463.152,0.0,1.0,0.0,0.009,1396172.578571
1648746,IT,BG,FOOD5,HEALT,0.94,195463.145,5,5,195462.128,0.0,1.0,0.0,0.017,207939.515957
1735701,IT,SK,FABRI,FOUND,0.8,195459.766,4,4,195459.752,0.0,0.0,0.0,0.014,244324.7075
1658236,IT,DE,LEAD1,BUSIN,0.34,195452.658,5,5,195451.642,0.0,0.0,1.0,0.016,574860.758824
1769211,IT,AU,CHEM1,RECRE,0.41,195449.031,4,4,195449.01,0.0,0.0,0.0,0.021,476704.953659
1739488,IT,GB,LANDT,MOTO1,1.26,195437.18,4,4,195437.171,0.0,0.0,0.0,0.009,155108.873016
1779512,IT,TR,RENTI,POSTT,1.17,195433.325,4,4,195433.314,0.0,0.0,0.0,0.011,167037.029915
1812471,IT,WM,PREC1,RETAI,0.33,195433.008,4,4,195432.999,0.0,0.0,0.0,0.009,592221.236364
1725676,IT,RO,PAPER,RUBBE,0.76,195432.974,5,5,195430.955,0.0,2.0,0.0,0.019,257148.65
1777912,IT,TR,MACHI,TOBAC,1.09,195425.912,4,4,195425.896,0.0,0.0,0.0,0.016,179289.827523
1731407,IT,SI,FOOD5,FABRI,0.94,195386.184,5,5,195385.167,0.0,1.0,0.0,0.017,207857.642553
1740182,IT,GB,BUSIN,NATUR,2.01,195384.519,4,4,195384.506,0.0,0.0,0.0,0.013,97206.228358
1761296,IT,IN,RUBBE,HOTEL,0.65,195382.904,4,4,195382.886,0.0,0.0,0.0,0.018,300589.083077
1769142,IT,AU,CHEM1,PRINT,0.41,195352.432,4,4,195352.411,0.0,0.0,0.0,0.021,476469.346341
1767425,IT,RU,LANDT,MOTO1,1.26,195350.58,4,4,195350.571,0.0,0.0,0.0,0.009,155040.142857
1812301,IT,WM,BASIC,SUGA1,0.22,195339.701,4,4,195339.689,0.0,0.0,0.0,0.012,887907.731818
1657162,IT,DE,NFERT,CEREA,0.04,195333.195,4,4,195333.179,0.0,0.0,0.0,0.016,4883329.875
1774578,IT,CH,SEACO,GLASS,0.2,195304.636,4,4,195304.633,0.0,0.0,0.0,0.003,976523.18
1677217,IT,FR,POSTT,EDUCA,3.22,195302.777,4,4,195302.762,0.0,0.0,0.0,0.015,60653.036335
1675962,IT,FR,ELEC4,TRAN1,3.11,195300.526,4,4,195300.514,0.0,0.0,0.0,0.012,62797.596785
1660415,IT,DE,FINAN,POSTT,2.54,195286.881,4,4,195286.875,0.0,0.0,0.0,0.006,76884.598819
1790272,IT,WA,ALUM1,VEGET,0.34,195278.931,4,4,195278.915,0.0,0.0,0.0,0.016,574349.797059
1730321,IT,SE,AIRTR,HEALT,0.21,195259.536,4,4,195259.53,0.0,0.0,0.0,0.006,929807.314286
1687644,IT,HU,AIRTR,MOTOR,0.21,195240.09,4,4,195240.084,0.0,0.0,0.0,0.006,929714.714286
1685679,IT,HU,HEAVY,CONST,0.32,195210.922,4,4,195210.906,0.0,0.0,0.0,0.016,610034.13125
1658658,IT,DE,MACHI,WASTE,1.09,195198.323,4,4,195198.307,0.0,0.0,0.0,0.016,179081.030275
1761603,IT,IN,NONF1,ELEC5,0.04,195185.52,3,3,195185.52,0.0,0.0,0.0,0.0,4879638.0
1796030,IT,WL,TRANS,PADDY,1.16,195159.986,4,4,195159.975,0.0,0.0,0.0,0.011,168241.367241
1811701,IT,WM,CHEM1,PRIVA,0.41,195117.435,4,4,195117.414,0.0,0.0,0.0,0.021,475896.182927
1772909,IT,CH,BASIC,EDUCA,0.22,195078.421,4,4,195078.409,0.0,0.0,0.0,0.012,886720.095455
1789807,IT,WA,CERAM,ANIMA,0.3,195059.721,5,5,195058.71,0.0,0.0,1.0,0.011,650199.07
1728831,IT,SE,PLAST,PLAST,0.41,195049.476,4,4,195049.456,0.0,0.0,0.0,0.02,475730.429268
1742116,IT,US,RUBBE,DIST1,0.65,195048.526,4,4,195048.508,0.0,0.0,0.0,0.018,300074.655385
1682555,IT,HR,MOTOR,DIST1,0.29,195046.506,4,4,195046.49,0.0,0.0,0.0,0.016,672574.158621
1666072,IT,ES,GASDI,PIGS9,0.29,195042.719,4,4,195042.703,0.0,0.0,0.0,0.016,672561.1
1766749,IT,RU,MACHI,MEATP,1.09,195018.573,4,4,195018.557,0.0,0.0,0.0,0.016,178916.122018
1732055,IT,SI,KEROS,COMPU,0.29,195003.737,4,4,195003.721,0.0,0.0,0.0,0.016,672426.67931
1645712,IT,BE,RUBBE,CROPS,0.65,194970.812,4,4,194970.794,0.0,0.0,0.0,0.018,299955.095385
1725148,IT,RO,MEATP,BEVER,0.79,194970.107,5,5,194969.086,0.0,1.0,0.0,0.021,246797.603797
1642970,IT,AT,FURNI,BUSIN,0.62,194917.476,6,6,194915.459,0.0,1.0,1.0,0.017,314383.025806
1812812,IT,WM,FABRI,TEXTI,0.79,194899.148,4,4,194899.134,0.0,0.0,0.0,0.014,246707.782278
1710377,IT,LT,HOTEL,CHEM1,1.41,194892.477,4,4,194892.462,0.0,0.0,0.0,0.015,138221.614894
1665419,IT,ES,TEXTI,SALEM,1.15,194891.565,4,4,194891.539,0.0,0.0,0.0,0.026,169470.926087
1800365,IT,WE,CHEM1,RUBBE,0.41,194882.846,4,4,194882.825,0.0,0.0,0.0,0.021,475324.014634
1653129,IT,CZ,CHEM1,GLASS,0.41,194877.419,4,4,194877.398,0.0,0.0,0.0,0.021,475310.778049
1809473,IT,WM,CHEMI,PRIVA,0.46,194868.945,6,6,194857.927,0.0,1.0,10.0,0.018,423628.141304
1785519,IT,ZA,MOTOR,RAILW,0.29,194819.504,4,4,194819.488,0.0,0.0,0.0,0.016,671791.393103
1658323,IT,DE,COPP1,RENTI,0.49,194812.851,5,5,194811.841,0.0,0.0,1.0,0.01,397577.246939
1740545,IT,US,WHEAT,WHEAT,0.15,194800.097,5,5,194799.092,0.0,1.0,0.0,0.005,1298667.313333
1648129,IT,BE,RESEA,WHOLE,1.06,194784.411,4,4,194784.397,0.0,0.0,0.0,0.014,183758.878302
1744323,IT,US,FINAN,MOTO1,2.54,194777.42,4,4,194777.414,0.0,0.0,0.0,0.006,76684.023622
1801688,IT,WE,FURNI,FINAN,0.62,194775.145,6,6,194773.128,0.0,1.0,1.0,0.017,314153.459677
1744119,IT,US,SUPPO,MACHI,1.4,194761.399,4,4,194761.389,0.0,0.0,0.0,0.01,139115.285
1805188,IT,WF,CHEM1,VEGE1,0.41,194749.202,4,4,194749.181,0.0,0.0,0.0,0.021,474998.053659
1805273,IT,WF,ADDIT,VEGET,0.45,194746.451,5,5,194745.436,0.0,1.0,0.0,0.015,432769.891111
1675075,IT,FR,ALUM1,SALEM,0.34,194741.782,4,4,194741.766,0.0,0.0,0.0,0.016,572769.947059
1809457,IT,WM,CHEMI,AIRTR,0.46,194735.24,6,6,194724.222,0.0,1.0,10.0,0.018,423337.478261
1642400,IT,AT,PREC1,PREC1,0.33,194733.441,4,4,194733.432,0.0,0.0,0.0,0.009,590101.336364
1668788,IT,ES,LANDT,RESEA,1.26,194684.613,4,4,194684.604,0.0,0.0,0.0,0.009,154511.597619
1765901,IT,RU,PLAST,CHEM1,0.41,194673.359,4,4,194673.339,0.0,0.0,0.0,0.02,474813.070732
1803864,IT,WF,TEXTI,AUXIL,1.15,194663.336,4,4,194663.31,0.0,0.0,0.0,0.026,169272.466087
1721397,IT,PL,SEACO,FURNI,0.2,194649.912,4,4,194649.909,0.0,0.0,0.0,0.003,973249.56
1683172,IT,HR,GLASS,PAPER,0.53,194649.14,5,5,194648.129,0.0,0.0,1.0,0.011,367262.528302
1759049,IT,BR,SEACO,PAPER,0.2,194642.788,4,4,194642.785,0.0,0.0,0.0,0.003,973213.94
1683130,IT,HR,RUBBE,REALE,0.64,194635.862,4,4,194635.844,0.0,0.0,0.0,0.018,304118.534375
1709766,IT,LT,RUBBE,FORES,0.64,194604.871,4,4,194604.853,0.0,0.0,0.0,0.018,304070.110938
1777592,IT,TR,ALUM1,PRINT,0.34,194595.736,4,4,194595.72,0.0,0.0,0.0,0.016,572340.4
1663316,IT,DK,AIRTR,OFFIC,0.21,194573.138,4,4,194573.132,0.0,0.0,0.0,0.006,926538.752381
1681307,IT,GR,INSUR,MOTOR,4.01,194571.824,4,4,194571.815,0.0,0.0,0.0,0.009,48521.65187
1662355,IT,DK,BASIC,NONME,0.22,194542.977,4,4,194542.965,0.0,0.0,0.0,0.012,884286.259091
1656540,IT,DE,PAPER,LANDT,0.75,194520.59,5,5,194518.571,0.0,2.0,0.0,0.019,259360.786667
1715689,IT,NL,NONSP,CONST,0.26,194517.227,4,4,194517.217,0.0,0.0,0.0,0.01,748143.180769
1812478,IT,WM,PREC1,SUPPO,0.33,194508.883,4,4,194508.874,0.0,0.0,0.0,0.009,589420.857576
1739225,IT,GB,RETA1,RESEA,2.03,194507.459,4,4,194507.446,0.0,0.0,0.0,0.013,95816.482266
1767512,IT,RU,SEACO,RETA1,0.2,194497.852,4,4,194497.849,0.0,0.0,0.0,0.003,972489.26
1775146,IT,CH,COMPU,PUBLI,2.22,194497.724,4,4,194497.712,0.0,0.0,0.0,0.012,87611.587387
1772261,IT,CH,NAPHT,WOODW,0.33,194492.933,4,4,194492.919,0.0,0.0,0.0,0.014,589372.524242
1810583,IT,WM,PAPER,MEMBE,0.75,194465.529,5,5,194463.51,0.0,2.0,0.0,0.019,259287.372
1733878,IT,SI,SEACO,MOTO1,0.2,194462.586,4,4,194462.583,0.0,0.0,0.0,0.003,972312.93
1688371,IT,IE,SUGA1,93197,0.49,194450.381,4,4,194450.348,0.0,0.0,0.0,0.033,396837.512245
1770986,IT,CH,VEGET,PUBLI,0.69,194434.859,5,5,194433.851,0.0,1.0,0.0,0.008,281789.650725
1790831,IT,WA,MACHI,TRAN1,1.08,194432.686,4,4,194432.67,0.0,0.0,0.0,0.016,180030.264815
1720248,IT,PL,FABRI,PIGS9,0.79,194404.093,4,4,194404.079,0.0,0.0,0.0,0.014,246081.13038
1728466,IT,SE,LEATH,SALEM,1.39,194347.234,5,5,194346.2,0.0,1.0,0.0,0.034,139818.153957
1735733,IT,SK,FABRI,RESEA,0.79,194341.843,4,4,194341.829,0.0,0.0,0.0,0.014,246002.332911
1788457,IT,WA,PULP5,PLAST,0.59,194338.042,5,5,194337.024,0.0,1.0,0.0,0.018,329386.511864
1795035,IT,WL,ADDIT,NAPHT,0.45,194296.686,5,5,194295.671,0.0,1.0,0.0,0.015,431770.413333
1742152,IT,US,RUBBE,MEMBE,0.64,194293.417,4,4,194293.399,0.0,0.0,0.0,0.018,303583.464062
1741688,IT,US,HEAVY,SALEM,0.31,194268.646,4,4,194268.63,0.0,0.0,0.0,0.016,626673.051613
1719244,IT,PL,CHEM1,WEARI,0.41,194251.144,4,4,194251.123,0.0,0.0,0.0,0.021,473783.278049
1791253,IT,WA,FURNI,BUSIN,0.62,194239.019,6,6,194237.002,0.0,1.0,1.0,0.017,313288.740323
1763042,IT,MX,TEXTI,LEATH,1.15,194226.058,4,4,194226.032,0.0,0.0,0.0,0.026,168892.224348
1641559,IT,AT,HEAVY,SUPPO,0.31,194203.661,4,4,194203.645,0.0,0.0,0.0,0.016,626463.422581
1742672,IT,US,NONF1,BITU1,0.04,194203.112,3,3,194203.112,0.0,0.0,0.0,0.0,4855077.8
1729790,IT,SE,MACHI,POSTT,1.08,194201.526,4,4,194201.51,0.0,0.0,0.0,0.016,179816.227778
1760947,IT,IN,HEAVY,OFFIC,0.31,194200.636,4,4,194200.62,0.0,0.0,0.0,0.016,626453.664516
1681933,IT,HR,FOOD5,MEATA,0.93,194197.192,5,5,194196.175,0.0,1.0,0.0,0.017,208814.184946
1774108,IT,CH,WHOLE,PREC1,1.68,194192.011,4,4,194192.0,0.0,0.0,0.0,0.011,115590.482738
1772125,IT,CH,MOTOR,SEACO,0.29,194180.609,4,4,194180.593,0.0,0.0,0.0,0.016,669588.306897
1772538,IT,CH,RUBBE,NONME,0.64,194116.176,4,4,194116.158,0.0,0.0,0.0,0.018,303306.525
1667551,IT,ES,FABRI,RETA1,0.79,194115.211,4,4,194115.197,0.0,0.0,0.0,0.014,245715.456962
1646262,IT,BE,LEAD1,REALE,0.34,194104.264,5,5,194103.248,0.0,0.0,1.0,0.016,570894.894118
1659032,IT,DE,ELEC2,SUPPO,0.05,194090.506,4,4,194090.486,0.0,0.0,0.0,0.02,3881810.12
1806490,IT,WF,TRANS,CONST,1.16,194089.337,4,4,194089.326,0.0,0.0,0.0,0.011,167318.393966
1680322,IT,GR,FURNI,RECRE,0.62,194080.177,6,6,194078.16,0.0,1.0,1.0,0.017,313032.543548
1795964,IT,WL,MOTO1,PFERT,1.03,194075.889,4,4,194075.876,0.0,0.0,0.0,0.013,188423.193204
1790546,IT,WA,NONF1,HEAVY,0.04,194070.777,3,3,194070.777,0.0,0.0,0.0,0.0,4851769.425
1649462,IT,BG,CHEM1,SUPPO,0.41,194032.795,4,4,194032.774,0.0,0.0,0.0,0.021,473250.719512
1666189,IT,ES,HEAVY,SANDC,0.31,194032.55,4,4,194032.534,0.0,0.0,0.0,0.016,625911.451613
1674913,IT,FR,BASIC,BEVER,0.22,194023.745,4,4,194023.733,0.0,0.0,0.0,0.012,881926.113636
1763520,IT,MX,CHEM1,LEADZ,0.41,194018.085,4,4,194018.064,0.0,0.0,0.0,0.021,473214.841463
1744772,IT,US,RESEA,PFERT,1.05,194002.658,4,4,194002.644,0.0,0.0,0.0,0.014,184764.43619
1673045,IT,FR,FOOD5,LEATH,0.93,193988.208,5,5,193987.191,0.0,1.0,0.0,0.017,208589.470968
1732775,IT,SI,NONME,MOTO1,0.39,193986.491,4,4,193986.47,0.0,0.0,0.0,0.021,497401.258974
1755281,IT,KR,PAPER,FABRI,0.75,193941.199,5,5,193939.18,0.0,2.0,0.0,0.019,258588.265333
1676750,IT,FR,LANDT,PIGS9,1.25,193935.467,4,4,193935.458,0.0,0.0,0.0,0.009,155148.3736
1800161,IT,WE,NONSP,GASDI,0.25,193919.163,4,4,193919.153,0.0,0.0,0.0,0.01,775676.652
1762209,IT,IN,SEACO,FABRI,0.2,193913.204,4,4,193913.201,0.0,0.0,0.0,0.003,969566.02
1731386,IT,SI,FOOD5,MEATC,0.93,193913.169,5,5,193912.152,0.0,1.0,0.0,0.017,208508.783871
1646497,IT,BE,MACHI,RETA1,1.08,193902.003,4,4,193901.987,0.0,0.0,0.0,0.016,179538.891667
1687456,IT,HU,RAILW,MOTO1,1.3,193898.454,5,5,193897.445,0.0,0.0,1.0,0.009,149152.656923
1775764,IT,TR,CRUDE,PLAST,0.38,193893.961,4,4,193893.944,0.0,0.0,0.0,0.017,510247.265789
1737425,IT,GB,WEARI,WHOLE,1.46,193893.214,4,4,193893.177,0.0,0.0,0.0,0.037,132803.571233
1645462,IT,BE,NAPHT,ELECT,0.33,193879.457,4,4,193879.443,0.0,0.0,0.0,0.014,587513.506061
1657708,IT,DE,CEMEN,CROPS,0.31,193876.807,5,5,193875.798,0.0,0.0,1.0,0.009,625409.054839
1753676,IT,CA,MOTO1,MACHI,1.03,193875.544,4,4,193875.531,0.0,0.0,0.0,0.013,188228.683495
1722507,IT,PT,FOOD5,PLAST,0.93,193874.39,5,5,193873.373,0.0,1.0,0.0,0.017,208467.086022
1755297,IT,KR,PAPER,CONST,0.75,193872.274,5,5,193870.255,0.0,2.0,0.0,0.019,258496.365333
1720242,IT,PL,FABRI,CEREA,0.79,193869.497,4,4,193869.483,0.0,0.0,0.0,0.014,245404.426582
1797534,IT,WL,BUSIN,LANDT,1.99,193865.098,4,4,193865.085,0.0,0.0,0.0,0.013,97419.647236
1640750,IT,AT,TEXTI,MACHI,1.15,193862.321,4,4,193862.295,0.0,0.0,0.0,0.026,168575.931304
1796780,IT,WL,LANDT,LANDT,1.25,193857.544,4,4,193857.535,0.0,0.0,0.0,0.009,155086.0352
1804974,IT,WF,PLAST,FORES,0.41,193839.15,4,4,193839.13,0.0,0.0,0.0,0.02,472778.414634
1800820,IT,WE,BASIC,PFERT,0.22,193835.184,4,4,193835.172,0.0,0.0,0.0,0.012,881069.018182
1666119,IT,ES,GASDI,CERAM,0.29,193832.386,4,4,193832.37,0.0,0.0,0.0,0.016,668387.537931
1712062,IT,LV,BEVER,BEVER,0.82,193819.823,5,5,193818.811,0.0,1.0,0.0,0.012,236365.637805
1642058,IT,AT,GLASS,FOOD5,0.53,193810.857,5,5,193809.846,0.0,0.0,1.0,0.011,365680.862264
1726479,IT,RO,FABRI,SALEM,0.79,193751.718,4,4,193751.704,0.0,0.0,0.0,0.014,245255.339241
1797167,IT,WL,POSTT,HOTEL,3.19,193748.503,4,4,193748.488,0.0,0.0,0.0,0.015,60736.207837
1683083,IT,HR,RUBBE,WOODW,0.64,193748.47,4,4,193748.452,0.0,0.0,0.0,0.018,302731.984375
1676223,IT,FR,CONST,HEALT,1.08,193735.107,5,5,193734.097,0.0,0.0,1.0,0.01,179384.358333
1764206,IT,MX,MACHI,TEXTI,1.08,193730.146,4,4,193730.13,0.0,0.0,0.0,0.016,179379.764815
1759755,IT,BR,BUSIN,LIQUI,1.99,193705.967,4,4,193705.954,0.0,0.0,0.0,0.013,97339.68191
1714759,IT,NL,DAIRY,HEALT,0.79,193698.407,5,5,193697.394,0.0,1.0,0.0,0.013,245187.856962
1798979,IT,WE,TOBAC,PUBLI,0.76,193676.4,5,5,193675.388,0.0,1.0,0.0,0.012,254837.368421
1734595,IT,SK,BEVER,HOTEL,0.82,193634.464,5,5,193633.452,0.0,1.0,0.0,0.012,236139.590244
1720886,IT,PL,CONST,REALE,1.08,193631.379,5,5,193630.369,0.0,0.0,1.0,0.01,179288.313889
1758753,IT,BR,WHOLE,FINAN,1.67,193625.472,4,4,193625.461,0.0,0.0,0.0,0.011,115943.396407
1655281,IT,DE,WHEAT,HEALT,0.15,193620.941,5,5,193619.936,0.0,1.0,0.0,0.005,1290806.273333
1792289,IT,WA,POSTT,FINAN,3.19,193584.04,4,4,193584.025,0.0,0.0,0.0,0.015,60684.652038
1666125,IT,ES,GASDI,ALUM1,0.29,193582.846,4,4,193582.83,0.0,0.0,0.0,0.016,667527.055172
1745626,IT,JP,TEXTI,LEATH,1.15,193578.41,4,4,193578.384,0.0,0.0,0.0,0.026,168329.052174
1790801,IT,WA,MACHI,CHEM1,1.08,193572.489,4,4,193572.473,0.0,0.0,0.0,0.016,179233.786111
1809250,IT,WM,CRUDE,BITU1,0.38,193566.364,4,4,193566.347,0.0,0.0,0.0,0.017,509385.168421
1814276,IT,WM,POSTT,RETA1,3.19,193554.152,4,4,193554.137,0.0,0.0,0.0,0.015,60675.282759
1810100,IT,WM,TEXTI,FINAN,1.15,193510.48,4,4,193510.454,0.0,0.0,0.0,0.026,168269.982609
1789330,IT,WA,CHEM1,NATU1,0.4,193510.462,4,4,193510.441,0.0,0.0,0.0,0.021,483776.155
1758232,IT,BR,BASIC,FOUND,0.22,193497.451,4,4,193497.439,0.0,0.0,0.0,0.012,879533.868182
1658683,IT,DE,OFFIC,PRINT,0.6,193496.514,4,4,193496.5,0.0,0.0,0.0,0.014,322494.19
1658316,IT,DE,COPP1,HOTEL,0.49,193493.123,5,5,193492.113,0.0,0.0,1.0,0.01,394883.92449
1813874,IT,WM,LANDT,PFERT,1.25,193485.335,4,4,193485.326,0.0,0.0,0.0,0.009,154788.268
1736476,IT,SK,TRAN2,MOTO1,0.3,193476.344,4,4,193476.339,0.0,0.0,0.0,0.005,644921.146667
1805843,IT,WF,ALUM1,LEADZ,0.34,193457.727,4,4,193457.712,0.0,0.0,0.0,0.015,568993.314706
1657037,IT,DE,PARAF,KEROS,0.3,193442.017,5,5,193441.003,0.0,0.0,1.0,0.014,644806.723333
1803875,IT,WF,TEXTI,PRIVA,1.15,193431.689,4,4,193431.663,0.0,0.0,0.0,0.026,168201.468696
1749626,IT,CN,CHEM1,MEAT1,0.4,193428.624,4,4,193428.603,0.0,0.0,0.0,0.021,483571.56
1772931,IT,CH,PREC1,PRINT,0.33,193416.851,4,4,193416.842,0.0,0.0,0.0,0.009,586111.669697
1784279,IT,ID,CHEM1,NONF1,0.4,193414.407,4,4,193414.386,0.0,0.0,0.0,0.021,483536.0175
1811602,IT,WM,CHEM1,VEGE1,0.4,193410.655,4,4,193410.634,0.0,0.0,0.0,0.021,483526.6375
1668816,IT,ES,TRAN2,ANIMA,0.3,193400.477,4,4,193400.472,0.0,0.0,0.0,0.005,644668.256667
1652448,IT,CZ,TEXTI,RECRE,1.15,193387.701,4,4,193387.675,0.0,0.0,0.0,0.026,168163.218261
1683443,IT,HR,BASIC,SEWAG,0.22,193385.169,4,4,193385.157,0.0,0.0,0.0,0.012,879023.495455
1773295,IT,CH,MACHI,CHEMI,1.08,193377.43,4,4,193377.414,0.0,0.0,0.0,0.016,179053.175926
1754788,IT,KR,FOOD5,DAIRY,0.93,193353.014,5,5,193351.997,0.0,1.0,0.0,0.017,207906.466667
1670982,IT,FI,CHEM1,RESEA,0.4,193351.671,4,4,193351.65,0.0,0.0,0.0,0.021,483379.1775
1766435,IT,RU,BASIC,BUSIN,0.22,193351.397,4,4,193351.385,0.0,0.0,0.0,0.012,878869.986364
1794549,IT,WL,HEAVY,BEVER,0.31,193350.402,4,4,193350.386,0.0,0.0,0.0,0.016,623710.974194
1804531,IT,WF,GASDI,INLAN,0.29,193334.504,4,4,193334.488,0.0,0.0,0.0,0.016,666670.703448
1757767,IT,BR,PLAST,TEXTI,0.41,193300.731,4,4,193300.711,0.0,0.0,0.0,0.02,471465.197561
1799578,IT,WE,PRINT,BUSIN,1.85,193299.158,4,4,193299.143,0.0,0.0,0.0,0.015,104486.031351
1754664,IT,KR,CHEMI,FOOD5,0.46,193277.783,6,6,193267.765,0.0,1.0,9.0,0.018,420169.093478
1753251,IT,CA,BRICK,CONST,0.29,193260.487,5,5,193259.475,0.0,0.0,1.0,0.012,666415.472414
1760693,IT,IN,PAPER,NONME,0.75,193258.165,5,5,193256.146,0.0,2.0,0.0,0.019,257677.553333
1685118,IT,HU,FOOD5,FURNI,0.93,193250.413,5,5,193249.396,0.0,1.0,0.0,0.017,207796.143011
1772750,IT,CH,CEMEN,MEMBE,0.31,193248.368,5,5,193247.359,0.0,0.0,1.0,0.009,623381.832258
1675633,IT,FR,MOTO1,INTER,1.03,193228.253,4,4,193228.24,0.0,0.0,0.0,0.013,187600.245631
1764912,IT,MX,AIRTR,HEALT,0.21,193212.873,4,4,193212.867,0.0,0.0,0.0,0.006,920061.3
1652196,IT,CZ,DAIRY,HOTEL,0.78,193206.341,5,5,193205.328,0.0,1.0,0.0,0.013,247700.437179
1718492,IT,PL,TEXTI,MACHI,1.14,193185.097,4,4,193185.071,0.0,0.0,0.0,0.026,169460.611404
1672433,IT,FI,BUSIN,HEALT,1.98,193182.483,4,4,193182.47,0.0,0.0,0.0,0.013,97566.910606
1722776,IT,PT,PAPER,PLAST,0.75,193163.709,5,5,193161.69,0.0,2.0,0.0,0.019,257551.612
1739548,IT,GB,TRAN2,MEAT1,0.3,193162.722,4,4,193162.717,0.0,0.0,0.0,0.005,643875.74
1682381,IT,HR,PAPER,WHEAT,0.75,193152.885,5,5,193150.866,0.0,2.0,0.0,0.019,257537.18
1806666,IT,WF,WHOLE,VEGET,1.67,193145.991,4,4,193145.98,0.0,0.0,0.0,0.011,115656.282036
1742766,IT,US,FABRI,ALUM1,0.79,193100.538,4,4,193100.524,0.0,0.0,0.0,0.014,244431.060759
1733255,IT,SI,MACHI,REALE,1.08,193035.65,4,4,193035.634,0.0,0.0,0.0,0.016,178736.712963
1746242,IT,JP,CHEM1,NFERT,0.4,193031.923,4,4,193031.902,0.0,0.0,0.0,0.021,482579.8075
1758431,IT,BR,FABRI,RETA1,0.79,193026.482,4,4,193026.468,0.0,0.0,0.0,0.014,244337.318987
1754045,IT,CA,SEACO,ELEC2,0.2,193020.431,4,4,193020.428,0.0,0.0,0.0,0.003,965102.155
1763450,IT,MX,PLAST,CRUDE,0.4,193016.769,4,4,193016.749,0.0,0.0,0.0,0.02,482541.9225
1744029,IT,US,AIRTR,DIST1,0.21,192980.408,4,4,192980.402,0.0,0.0,0.0,0.006,918954.32381
1757060,IT,KR,BUSIN,TRANS,1.98,192949.966,4,4,192949.953,0.0,0.0,0.0,0.013,97449.477778
1800304,IT,WE,NFERT,WHEAT,0.04,192935.226,4,4,192935.21,0.0,0.0,0.0,0.016,4823380.65
1805101,IT,WF,NFERT,LEADZ,0.04,192916.475,4,4,192916.459,0.0,0.0,0.0,0.016,4822911.875
1731697,IT,SI,WOODW,AIRTR,0.54,192905.729,5,5,192904.716,0.0,1.0,0.0,0.013,357232.831481
1794706,IT,WL,NAPHT,WHOLE,0.33,192877.16,4,4,192877.146,0.0,0.0,0.0,0.014,584476.242424
1798246,IT,WE,VEGET,POSTT,0.68,192874.072,5,5,192873.064,0.0,1.0,0.0,0.008,283638.341176
1748499,IT,CN,SANDC,CERAM,0.44,192869.907,5,5,192827.9,0.0,0.0,42.0,0.007,438340.697727
1718729,IT,PL,PULP5,PLAST,0.59,192865.867,5,5,192864.849,0.0,1.0,0.0,0.018,326891.3
1643704,IT,AT,SUPPO,CHEM1,1.39,192857.672,4,4,192857.663,0.0,0.0,0.0,0.009,138746.526619
1778153,IT,TR,TRANS,RAILW,1.15,192834.547,4,4,192834.537,0.0,0.0,0.0,0.01,167682.214783
1660050,IT,DE,AIRTR,PAPER,0.21,192834.436,4,4,192834.43,0.0,0.0,0.0,0.006,918259.219048
1788066,IT,WA,TEXTI,SEACO,1.14,192825.925,4,4,192825.899,0.0,0.0,0.0,0.026,169145.548246
1762948,IT,MX,VEGE1,FISH5,0.59,192819.078,5,5,192818.036,0.0,1.0,0.0,0.042,326811.99661
1775045,IT,CH,RENTI,PRINT,1.15,192799.29,4,4,192799.279,0.0,0.0,0.0,0.011,167651.556522
1778894,IT,TR,SEACO,FISH5,0.2,192767.005,4,4,192767.002,0.0,0.0,0.0,0.003,963835.025
1795904,IT,WL,OFFIC,RESEA,0.6,192724.922,4,4,192724.908,0.0,0.0,0.0,0.014,321208.203333
1779786,IT,TR,BUSIN,LANDT,1.98,192714.4,4,4,192714.387,0.0,0.0,0.0,0.013,97330.505051
1809824,IT,WM,FOOD5,CONST,0.93,192710.335,5,5,192709.318,0.0,1.0,0.0,0.017,207215.413978
1777499,IT,TR,BASIC,ALUM1,0.22,192700.236,4,4,192700.224,0.0,0.0,0.0,0.012,875910.163636
1776784,IT,TR,NAPHT,FOOD5,0.33,192677.149,4,4,192677.135,0.0,0.0,0.0,0.014,583870.148485
1712262,IT,LV,KEROS,CONST,0.29,192670.943,4,4,192670.927,0.0,0.0,0.0,0.016,664382.562069
1661461,IT,DK,DAIRY,WOOD1,0.78,192666.399,5,5,192665.386,0.0,1.0,0.0,0.013,247008.203846
1807024,IT,WF,LANDT,REALE,1.24,192633.416,4,4,192633.407,0.0,0.0,0.0,0.009,155349.529032
1658429,IT,DE,FABRI,ADDIT,0.78,192633.127,4,4,192633.113,0.0,0.0,0.0,0.014,246965.547436
1732869,IT,SI,BASIC,COMPU,0.22,192626.488,4,4,192626.476,0.0,0.0,0.0,0.012,875574.945455
1805281,IT,WF,ADDIT,CRUDE,0.45,192623.229,5,5,192622.214,0.0,1.0,0.0,0.015,428051.62
1735406,IT,SK,BASIC,MEAT1,0.22,192587.732,4,4,192587.72,0.0,0.0,0.0,0.012,875398.781818
1798652,IT,WE,MEAT4,HEALT,1.06,192578.046,5,5,192577.033,0.0,1.0,0.0,0.013,181677.401887
1647261,IT,BE,LANDT,DISTR,1.24,192577.844,4,4,192577.835,0.0,0.0,0.0,0.009,155304.712903
1766221,IT,RU,GLASS,TRANS,0.53,192561.406,5,5,192560.395,0.0,0.0,1.0,0.011,363323.407547
1796096,IT,WL,TRANS,GLASS,1.15,192556.164,4,4,192556.154,0.0,0.0,0.0,0.01,167440.142609
1677722,IT,FR,RENTI,POSTT,1.15,192552.513,4,4,192552.502,0.0,0.0,0.0,0.011,167436.967826
1750077,IT,CN,BASIC,LEAD1,0.22,192545.862,4,4,192545.85,0.0,0.0,0.0,0.012,875208.463636
1814108,IT,WM,AIRTR,CEMEN,0.21,192542.338,4,4,192542.332,0.0,0.0,0.0,0.006,916868.27619
1660736,IT,DE,RENTI,SUPPO,1.15,192535.996,4,4,192535.985,0.0,0.0,0.0,0.011,167422.605217
1688501,IT,IE,WOODW,CROPS,0.54,192522.56,5,5,192521.547,0.0,1.0,0.0,0.013,356523.259259
1747117,IT,JP,FURNI,RECRE,0.61,192510.725,5,5,192509.708,0.0,1.0,0.0,0.017,315591.352459
1777207,IT,TR,RUBBE,MEAT4,0.64,192500.933,4,4,192500.916,0.0,0.0,0.0,0.017,300782.707812
1716209,IT,NL,ALUM1,RESEA,0.33,192496.936,4,4,192496.921,0.0,0.0,0.0,0.015,583324.048485
1645221,IT,BE,COALT,BITUM,0.31,192490.494,5,5,192489.483,0.0,0.0,1.0,0.011,620937.077419
1682222,IT,HR,WEARI,SUPPO,1.45,192487.408,4,4,192487.371,0.0,0.0,0.0,0.037,132749.936552
1790587,IT,WA,NONF1,HEALT,0.04,192469.616,3,3,192469.616,0.0,0.0,0.0,0.0,4811740.4
1793465,IT,WL,SANDC,CHEM1,0.44,192425.23,5,5,192383.223,0.0,0.0,42.0,0.007,437330.068182
1800849,IT,WE,BASIC,RETA1,0.22,192404.687,4,4,192404.675,0.0,0.0,0.0,0.012,874566.759091
1718999,IT,PL,KEROS,ALUM1,0.29,192394.499,4,4,192394.483,0.0,0.0,0.0,0.016,663429.306897
1736342,IT,SK,RAILW,MOTO1,1.29,192344.732,5,5,192343.723,0.0,0.0,1.0,0.009,149104.443411
1746428,IT,JP,RUBBE,HEALT,0.64,192343.432,4,4,192343.415,0.0,0.0,0.0,0.017,300536.6125
1714138,IT,MT,AIRTR,HOTEL,0.21,192315.489,4,4,192315.483,0.0,0.0,0.0,0.006,915788.042857
1787650,IT,WA,MEAT4,WHOLE,1.06,192310.899,5,5,192309.886,0.0,1.0,0.0,0.013,181425.376415
1682819,IT,HR,HEAVY,HOTEL,0.31,192287.295,4,4,192287.28,0.0,0.0,0.0,0.015,620281.596774
1766552,IT,RU,COPP1,MOTO1,0.49,192237.862,5,5,192236.852,0.0,0.0,1.0,0.01,392322.167347
1664026,IT,EE,PLAST,FORES,0.4,192230.533,4,4,192230.513,0.0,0.0,0.0,0.02,480576.3325
1679367,IT,GR,PLAST,NONME,0.4,192228.75,4,4,192228.73,0.0,0.0,0.0,0.02,480571.875
1671042,IT,FI,RUBBE,PLAST,0.64,192217.361,4,4,192217.344,0.0,0.0,0.0,0.017,300339.626562
1778684,IT,TR,HOTEL,EDUCA,1.39,192195.489,4,4,192195.475,0.0,0.0,0.0,0.014,138270.135971
1814530,IT,WM,RESEA,EDUCA,1.04,192192.057,4,4,192192.044,0.0,0.0,0.0,0.013,184800.054808
1716197,IT,NL,ALUM1,TRANS,0.33,192189.349,4,4,192189.334,0.0,0.0,0.0,0.015,582391.966667
1789287,IT,WA,PFERT,RAWMI,0.08,192171.689,4,4,192171.658,0.0,0.0,0.0,0.031,2402146.1125
1642273,IT,AT,NONME,DIST1,0.39,192155.949,4,4,192155.928,0.0,0.0,0.0,0.021,492707.561538
1759047,IT,BR,SEACO,WOODW,0.2,192115.157,4,4,192115.154,0.0,0.0,0.0,0.003,960575.785
1665186,IT,ES,FOOD5,MEATC,0.92,192114.664,5,5,192113.647,0.0,1.0,0.0,0.017,208820.286957
1656106,IT,DE,BEVER,MEMBE,0.82,192110.698,5,5,192109.686,0.0,1.0,0.0,0.012,234281.339024
1776207,IT,TR,WOODW,CHEM1,0.54,192070.013,5,5,192069.0,0.0,1.0,0.0,0.013,355685.209259
1789088,IT,WA,BITU1,CHEM1,0.3,192065.73,4,4,192065.715,0.0,0.0,0.0,0.015,640219.1
1812651,IT,WM,COPP1,KEROS,0.49,192063.748,5,5,192062.738,0.0,0.0,1.0,0.01,391966.832653
1813602,IT,WM,WHOLE,REALE,1.66,192045.449,4,4,192045.438,0.0,0.0,0.0,0.011,115690.029518
1750496,IT,CN,MACHI,BRICK,1.07,192038.316,4,4,192038.3,0.0,0.0,0.0,0.016,179475.061682
1721220,IT,PL,LANDT,TEXTI,1.24,192020.667,4,4,192020.658,0.0,0.0,0.0,0.009,154855.376613
1784256,IT,ID,CHEM1,FISH5,0.4,192004.433,4,4,192004.412,0.0,0.0,0.0,0.021,480011.0825
1659941,IT,DE,TRAN2,TRAN2,0.3,191999.109,4,4,191999.104,0.0,0.0,0.0,0.005,639997.03
1644103,IT,AT,BUSIN,RECRE,1.97,191976.754,4,4,191976.741,0.0,0.0,0.0,0.013,97450.128934
1645760,IT,BE,RUBBE,NONME,0.64,191965.35,4,4,191965.333,0.0,0.0,0.0,0.017,299945.859375
1740255,IT,GB,BUSIN,RETAI,1.97,191908.246,4,4,191908.233,0.0,0.0,0.0,0.013,97415.353299
1795079,IT,WL,RUBBE,CROPS,0.64,191907.95,4,4,191907.933,0.0,0.0,0.0,0.017,299856.171875
1644061,IT,AT,BUSIN,TRANS,1.97,191889.822,4,4,191889.809,0.0,0.0,0.0,0.013,97406.001015
1728600,IT,SE,PAPER,RENTI,0.74,191883.127,5,5,191881.108,0.0,2.0,0.0,0.019,259301.522973
1674715,IT,FR,GLASS,PUBLI,0.53,191866.756,5,5,191865.745,0.0,0.0,1.0,0.011,362012.74717
1728928,IT,SE,CHEM1,FURNI,0.4,191866.408,4,4,191866.387,0.0,0.0,0.0,0.021,479666.02
1685137,IT,HU,FOOD5,BUSIN,0.92,191850.19,5,5,191849.173,0.0,1.0,0.0,0.017,208532.815217
1759796,IT,BR,BUSIN,LANDT,1.97,191822.163,4,4,191822.15,0.0,0.0,0.0,0.013,97371.656345
1794903,IT,WL,CHEM1,NATU1,0.4,191732.706,4,4,191732.685,0.0,0.0,0.0,0.021,479331.765
1803977,IT,WF,LEATH,WEARI,1.37,191727.112,5,5,191726.079,0.0,1.0,0.0,0.033,139946.79708
1720062,IT,PL,ALUM1,LANDT,0.33,191725.302,4,4,191725.287,0.0,0.0,0.0,0.015,580985.763636
1646595,IT,BE,MOTO1,OFFIC,1.02,191716.347,4,4,191716.335,0.0,0.0,0.0,0.012,187957.202941
1767100,IT,RU,FURNI,DISTR,0.61,191710.159,5,5,191709.143,0.0,1.0,0.0,0.016,314278.94918
1647150,IT,BE,HOTEL,OILHA,1.39,191677.374,4,4,191677.36,0.0,0.0,0.0,0.014,137897.391367
1739216,IT,GB,RETA1,LANDT,2.0,191672.766,4,4,191672.753,0.0,0.0,0.0,0.013,95836.383
1685385,IT,HU,LEATH,FURNI,1.37,191670.028,5,5,191668.995,0.0,1.0,0.0,0.033,139905.129927
1805769,IT,WF,BASIC,MEMBE,0.22,191664.891,4,4,191664.879,0.0,0.0,0.0,0.012,871204.05
1790709,IT,WA,FABRI,AUXIL,0.78,191633.479,4,4,191633.465,0.0,0.0,0.0,0.014,245683.947436
1761503,IT,IN,ALUM1,NONME,0.33,191628.79,4,4,191628.775,0.0,0.0,0.0,0.015,580693.30303
1811308,IT,WM,BITU1,FABRI,0.3,191627.652,4,4,191627.637,0.0,0.0,0.0,0.015,638758.84
1810040,IT,WM,TEXTI,KEROS,1.14,191620.349,4,4,191620.324,0.0,0.0,0.0,0.025,168088.025439
1735775,IT,SK,MACHI,FOOD5,1.07,191618.185,4,4,191618.169,0.0,0.0,0.0,0.016,179082.415888
1733797,IT,SI,LANDT,LANDT,1.24,191585.996,4,4,191585.987,0.0,0.0,0.0,0.009,154504.835484
1728602,IT,SE,PAPER,RESEA,0.74,191585.258,5,5,191583.239,0.0,2.0,0.0,0.019,258898.997297
1768425,IT,AU,DAIRY,CROPS,0.78,191578.798,5,5,191577.785,0.0,1.0,0.0,0.013,245613.84359
1812927,IT,WM,MACHI,LEADZ,1.07,191574.82,4,4,191574.804,0.0,0.0,0.0,0.016,179041.88785
1801529,IT,WE,MOTO1,COMPU,1.02,191572.899,4,4,191572.887,0.0,0.0,0.0,0.012,187816.567647
1737811,IT,GB,BITU1,MOTOR,0.3,191564.224,4,4,191564.209,0.0,0.0,0.0,0.015,638547.413333
1650316,IT,BG,ELEC2,MEAT1,0.05,191561.167,4,4,191561.147,0.0,0.0,0.0,0.02,3831223.34
1764847,IT,MX,SEACO,POSTT,0.19,191528.455,4,4,191528.452,0.0,0.0,0.0,0.003,1008044.5
1757318,IT,BR,BEVER,BEVER,0.81,191528.211,5,5,191527.199,0.0,1.0,0.0,0.012,236454.581481
1805378,IT,WF,RUBBE,PREC1,0.63,191484.302,4,4,191484.285,0.0,0.0,0.0,0.017,303943.336508
1800264,IT,WE,PLAST,TRANS,0.4,191463.312,4,4,191463.293,0.0,0.0,0.0,0.019,478658.28
1665712,IT,ES,PAPER,TOBAC,0.74,191457.297,5,5,191455.278,0.0,2.0,0.0,0.019,258726.077027
1792414,IT,WA,INSUR,WHOLE,3.95,191454.727,4,4,191454.718,0.0,0.0,0.0,0.009,48469.551139
1770274,IT,AU,HOTEL,NONF1,1.39,191450.889,4,4,191450.875,0.0,0.0,0.0,0.014,137734.452518
1719554,IT,PL,GLASS,HOTEL,0.53,191446.187,5,5,191445.176,0.0,0.0,1.0,0.011,361219.220755
1809751,IT,WM,FOOD5,FORES,0.92,191442.803,5,5,191441.786,0.0,1.0,0.0,0.017,208090.003261
1758800,IT,BR,RETA1,MOTO1,2.0,191435.374,4,4,191435.361,0.0,0.0,0.0,0.013,95717.687
1788191,IT,WA,WEARI,COMPU,1.44,191433.676,4,4,191433.64,0.0,0.0,0.0,0.036,132940.052778
1741680,IT,US,HEAVY,ELEC1,0.31,191403.947,4,4,191403.932,0.0,0.0,0.0,0.015,617432.087097
1790631,IT,WA,FABRI,FISH5,0.78,191395.141,4,4,191395.127,0.0,0.0,0.0,0.014,245378.385897
1641162,IT,AT,PRINT,PRINT,1.84,191331.81,4,4,191331.795,0.0,0.0,0.0,0.015,103984.679348
1738318,IT,GB,BASIC,LEAD1,0.22,191318.76,4,4,191318.748,0.0,0.0,0.0,0.012,869630.727273
1757117,IT,BR,VEGET,BIOGA,0.68,191318.7,5,5,191317.692,0.0,1.0,0.0,0.008,281351.029412
1801098,IT,WE,COPP1,BUSIN,0.48,191302.278,5,5,191301.268,0.0,0.0,1.0,0.01,398546.4125
1653074,IT,CZ,CHEM1,VEGET,0.4,191287.169,4,4,191287.148,0.0,0.0,0.0,0.021,478217.9225
1656914,IT,DE,LIQUE,PIGS9,0.33,191278.318,4,4,191278.303,0.0,0.0,0.0,0.015,579631.266667
1782333,IT,NO,FABRI,FISHF,0.78,191272.171,4,4,191272.157,0.0,0.0,0.0,0.014,245220.732051
1761755,IT,IN,MACHI,GLASS,1.07,191269.809,4,4,191269.793,0.0,0.0,0.0,0.016,178756.830841
1789180,IT,WA,PLAST,PULP5,0.4,191268.934,4,4,191268.915,0.0,0.0,0.0,0.019,478172.335
1653899,IT,CZ,FABRI,SALEM,0.78,191253.268,4,4,191253.254,0.0,0.0,0.0,0.014,245196.497436
1720252,IT,PL,FABRI,RAWMI,0.78,191188.324,4,4,191188.31,0.0,0.0,0.0,0.014,245113.235897
1674059,IT,FR,GASDI,FINAN,0.28,191188.216,4,4,191188.2,0.0,0.0,0.0,0.016,682815.057143
1665082,IT,ES,VEGE1,MEATP,0.59,191183.476,5,5,191182.434,0.0,1.0,0.0,0.042,324039.789831
1776136,IT,TR,LEATH,BRICK,1.37,191179.04,5,5,191178.007,0.0,1.0,0.0,0.033,139546.744526
1661800,IT,DK,WOODW,PAPER,0.53,191156.63,5,5,191155.617,0.0,1.0,0.0,0.013,360672.886792
1653449,IT,CZ,NONME,ALUM1,0.39,191155.415,4,4,191155.394,0.0,0.0,0.0,0.021,490142.089744
1648687,IT,BG,SUGA1,BUSIN,0.48,191138.316,4,4,191138.283,0.0,0.0,0.0,0.033,398204.825
1804858,IT,WF,BITU1,NONFE,0.3,191135.92,4,4,191135.905,0.0,0.0,0.0,0.015,637119.733333
1809859,IT,WM,BEVER,POULT,0.81,191126.527,5,5,191125.515,0.0,1.0,0.0,0.012,235958.675309
1804398,IT,WF,KEROS,RETAI,0.28,191120.78,4,4,191120.764,0.0,0.0,0.0,0.016,682574.214286
1797593,IT,WL,HEALT,INSUR,1.0,191112.413,4,4,191112.405,0.0,0.0,0.0,0.008,191112.413
1653489,IT,CZ,BASIC,NONFE,0.22,191098.337,4,4,191098.325,0.0,0.0,0.0,0.012,868628.804545
1650077,IT,BG,MACHI,TRAN2,1.07,191093.686,4,4,191093.67,0.0,0.0,0.0,0.016,178592.229907
1658483,IT,DE,FABRI,SEACO,0.78,191086.764,4,4,191086.75,0.0,0.0,0.0,0.014,244983.030769
1643220,IT,AT,HOTEL,CHEM1,1.38,191070.131,4,4,191070.117,0.0,0.0,0.0,0.014,138456.616667
1647352,IT,BE,SEACO,PREC1,0.19,191041.091,4,4,191041.088,0.0,0.0,0.0,0.003,1005479.426316
1735523,IT,SK,ALUM1,FORES,0.33,191024.745,4,4,191024.73,0.0,0.0,0.0,0.015,578862.863636
1715128,IT,NL,LEATH,WEARI,1.37,191023.977,5,5,191022.944,0.0,1.0,0.0,0.033,139433.559854
1734401,IT,SK,VEGET,KEROS,0.68,191021.613,5,5,191020.605,0.0,1.0,0.0,0.008,280914.136765
1803802,IT,WF,TEXTI,WOODW,1.13,191013.577,4,4,191013.552,0.0,0.0,0.0,0.025,169038.563717
1811875,IT,WM,RUBBE,NAPHT,0.63,191011.223,4,4,191011.206,0.0,0.0,0.0,0.017,303192.41746
1755221,IT,KR,WOODW,REALE,0.53,191007.147,5,5,191006.134,0.0,1.0,0.0,0.013,360390.843396
1755955,IT,KR,PREC1,ELECT,0.32,191000.737,4,4,191000.728,0.0,0.0,0.0,0.009,596877.303125
1790211,IT,WA,PREC1,MOTOR,0.32,190995.328,4,4,190995.319,0.0,0.0,0.0,0.009,596860.4
1684081,IT,HR,HOTEL,RETA1,1.38,190989.521,4,4,190989.507,0.0,0.0,0.0,0.014,138398.203623
1668822,IT,ES,TRAN2,KERO1,0.29,190974.262,4,4,190974.257,0.0,0.0,0.0,0.005,658531.937931
1751949,IT,CN,COMPU,REALE,2.18,190971.14,4,4,190971.128,0.0,0.0,0.0,0.012,87601.440367
1749741,IT,CN,ADDIT,PULP5,0.44,190960.151,5,5,190959.136,0.0,1.0,0.0,0.015,434000.343182
1768316,IT,AU,CHEMI,BITUM,0.46,190947.381,6,6,190937.363,0.0,1.0,9.0,0.018,415103.002174
1667786,IT,ES,OFFIC,RUBBE,0.59,190896.69,4,4,190896.676,0.0,0.0,0.0,0.014,323553.711864
1660099,IT,DE,AIRTR,SALEM,0.21,190863.565,4,4,190863.559,0.0,0.0,0.0,0.006,908874.119048
1744992,IT,US,PUBLI,ANIMA,3.13,190861.884,4,4,190861.871,0.0,0.0,0.0,0.013,60978.2377
1729669,IT,SE,FABRI,SALEM,0.78,190845.014,4,4,190845.0,0.0,0.0,0.0,0.014,244673.094872
1757874,IT,BR,CHEM1,REFI1,0.4,190831.546,4,4,190831.525,0.0,0.0,0.0,0.021,477078.865
1714332,IT,MT,HEALT,SEACO,0.99,190819.137,4,4,190819.129,0.0,0.0,0.0,0.008,192746.60303
1768266,IT,RU,RECRE,RECRE,2.43,190799.265,4,4,190799.251,0.0,0.0,0.0,0.014,78518.216049
1803615,IT,WF,FOOD5,VEGE1,0.92,190779.757,5,5,190778.74,0.0,1.0,0.0,0.017,207369.301087
1773740,IT,CH,ELEC1,RETA1,0.03,190773.461,4,4,190773.449,0.0,0.0,0.0,0.012,6359115.366667
1766977,IT,RU,MOTO1,CONST,1.02,190754.484,4,4,190754.472,0.0,0.0,0.0,0.012,187014.2
1767517,IT,RU,SEACO,RENTI,0.19,190733.478,4,4,190733.475,0.0,0.0,0.0,0.003,1003860.410526
1732157,IT,SI,GASDI,ELEC4,0.28,190728.733,4,4,190728.717,0.0,0.0,0.0,0.016,681174.046429
1640698,IT,AT,FISH5,BUSIN,0.8,190648.722,5,5,190647.624,0.0,1.0,0.0,0.098,238310.9025
1673707,IT,FR,PAPER,MOTOR,0.74,190647.781,5,5,190645.762,0.0,2.0,0.0,0.019,257632.136486
1735258,IT,SK,GLASS,BEVER,0.52,190630.688,5,5,190629.677,0.0,0.0,1.0,0.011,366597.476923
1722634,IT,PT,TEXTI,FURNI,1.13,190628.277,4,4,190628.252,0.0,0.0,0.0,0.025,168697.590265
1714519,IT,NL,CRUDE,LIQUE,0.38,190605.322,4,4,190605.306,0.0,0.0,0.0,0.016,501592.952632
1727938,IT,SE,OILSE,FISHF,0.14,190601.597,5,5,190600.588,0.0,1.0,0.0,0.009,1361439.978571
1747267,IT,JP,WHOLE,GASDI,1.65,190595.31,4,4,190595.299,0.0,0.0,0.0,0.011,115512.309091
1661883,IT,DK,PAPER,EDUCA,0.74,190594.268,5,5,190592.249,0.0,2.0,0.0,0.019,257559.821622
1771498,IT,CH,BEVER,HEALT,0.81,190580.902,5,5,190579.89,0.0,1.0,0.0,0.012,235285.064198
1774579,IT,CH,SEACO,CEMEN,0.19,190579.887,4,4,190579.884,0.0,0.0,0.0,0.003,1003052.036842
1813553,IT,WM,WHOLE,GASDI,1.65,190562.971,4,4,190562.96,0.0,0.0,0.0,0.011,115492.709697
1748810,IT,CN,TEXTI,ELECT,1.13,190550.309,4,4,190550.284,0.0,0.0,0.0,0.025,168628.592035
1798247,IT,WE,VEGET,FINAN,0.67,190536.581,5,5,190535.574,0.0,1.0,0.0,0.007,284382.956716
1642132,IT,AT,CERAM,WOODW,0.3,190525.282,5,5,190524.272,0.0,0.0,1.0,0.01,635084.273333
1728383,IT,SE,TEXTI,HOTEL,1.13,190499.416,4,4,190499.391,0.0,0.0,0.0,0.025,168583.553982
1675651,IT,FR,MOTO1,93197,1.01,190473.064,4,4,190473.052,0.0,0.0,0.0,0.012,188587.192079
1788308,IT,WA,LEATH,ELEC2,1.36,190470.965,5,5,190469.932,0.0,1.0,0.0,0.033,140052.180147
1789657,IT,WA,RUBBE,NONME,0.63,190470.137,4,4,190470.12,0.0,0.0,0.0,0.017,302333.550794
1720383,IT,PL,MACHI,FORES,1.06,190446.223,4,4,190446.207,0.0,0.0,0.0,0.016,179666.248113
1674165,IT,FR,LIQUE,VEGET,0.33,190427.184,4,4,190427.169,0.0,0.0,0.0,0.015,577052.072727
1674052,IT,FR,GASDI,HOTEL,0.28,190408.73,4,4,190408.714,0.0,0.0,0.0,0.016,680031.178571
1795232,IT,WL,GLASS,PUBLI,0.52,190399.912,5,5,190398.901,0.0,0.0,1.0,0.011,366153.676923
1727667,IT,RO,RENTI,SUPPO,1.14,190389.618,4,4,190389.607,0.0,0.0,0.0,0.011,167008.436842
1764699,IT,MX,HOTEL,TEXTI,1.38,190343.783,4,4,190343.769,0.0,0.0,0.0,0.014,137930.277536
1776651,IT,TR,GASDI,HEALT,0.28,190334.637,4,4,190334.622,0.0,0.0,0.0,0.015,679766.560714
1682328,IT,HR,WOODW,TEXTI,0.53,190324.754,5,5,190323.741,0.0,1.0,0.0,0.013,359103.309434
1777732,IT,TR,NONF1,RUBBE,0.04,190321.661,3,3,190321.661,0.0,0.0,0.0,0.0,4758041.525
1733366,IT,SI,TRANS,RAILW,1.14,190299.868,4,4,190299.858,0.0,0.0,0.0,0.01,166929.708772
1660417,IT,DE,FINAN,INSUR,2.48,190286.549,4,4,190286.544,0.0,0.0,0.0,0.005,76728.447177
1641149,IT,AT,PAPER,93197,0.74,190280.055,5,5,190278.036,0.0,2.0,0.0,0.019,257135.209459
1732514,IT,SI,RUBBE,WOODW,0.63,190273.162,4,4,190273.145,0.0,0.0,0.0,0.017,302020.892063
1678808,IT,GR,BEVER,CATTL,0.81,190260.823,5,5,190259.811,0.0,1.0,0.0,0.012,234889.904938
1761098,IT,IN,CHEM1,RAWMI,0.4,190254.092,4,4,190254.071,0.0,0.0,0.0,0.021,475635.23
1719980,IT,PL,ALUM1,CROPS,0.33,190242.458,4,4,190242.443,0.0,0.0,0.0,0.015,576492.29697
1787789,IT,WA,DAIRY,PUBLI,0.77,190238.847,5,5,190237.834,0.0,1.0,0.0,0.013,247063.437662
1809144,IT,WM,CROPS,INSUR,1.51,190213.407,4,4,190213.397,0.0,0.0,0.0,0.01,125969.143709
1650427,IT,BG,ELEC4,SECO9,3.03,190198.3,4,4,190198.288,0.0,0.0,0.0,0.012,62771.716172
1806411,IT,WF,MOTO1,BUSIN,1.01,190187.463,4,4,190187.451,0.0,0.0,0.0,0.012,188304.418812
1686286,IT,HU,BRICK,CONST,0.29,190170.367,5,5,190169.355,0.0,0.0,1.0,0.012,655759.886207
1710445,IT,LT,LANDT,KEROS,1.23,190151.701,4,4,190151.692,0.0,0.0,0.0,0.009,154594.878862
1804641,IT,WF,HEAVY,SALEM,0.31,190149.853,4,4,190149.838,0.0,0.0,0.0,0.015,613386.622581
1732818,IT,SI,BASIC,PAPER,0.22,190149.33,4,4,190149.318,0.0,0.0,0.0,0.012,864315.136364
1741209,IT,US,WOODW,PFERT,0.53,190144.838,5,5,190143.825,0.0,1.0,0.0,0.013,358763.845283
1728924,IT,SE,CHEM1,ELECT,0.4,190119.472,4,4,190119.451,0.0,0.0,0.0,0.021,475298.68
1772311,IT,CH,PLAST,MOTOR,0.4,190115.722,4,4,190115.703,0.0,0.0,0.0,0.019,475289.305
1791210,IT,WA,FURNI,NONME,0.61,190104.111,5,5,190103.095,0.0,1.0,0.0,0.016,311646.083607
1804820,IT,WF,NAPHT,OXYGE,0.32,190098.004,4,4,190097.99,0.0,0.0,0.0,0.014,594056.2625
1725916,IT,RO,NONSP,ELEC3,0.25,190095.017,4,4,190095.007,0.0,0.0,0.0,0.01,760380.068
1665294,IT,ES,BEVER,DIST1,0.81,190094.394,5,5,190093.382,0.0,1.0,0.0,0.012,234684.437037
1670984,IT,FI,CHEM1,PUBLI,0.4,190087.73,4,4,190087.709,0.0,0.0,0.0,0.021,475219.325
1657190,IT,DE,CHEM1,STONE,0.4,190080.275,4,4,190080.254,0.0,0.0,0.0,0.021,475200.6875
1752008,IT,CN,RESEA,MEDIC,1.03,190057.057,4,4,190057.044,0.0,0.0,0.0,0.013,184521.414563
1773625,IT,CH,TRANS,SUPPO,1.13,190048.691,4,4,190048.681,0.0,0.0,0.0,0.01,168184.682301
1760689,IT,IN,PAPER,GLASS,0.74,190030.561,5,5,190028.542,0.0,2.0,0.0,0.019,256798.055405
1786157,IT,ZA,BASIC,LANDT,0.22,190022.343,4,4,190022.331,0.0,0.0,0.0,0.012,863737.922727
1646433,IT,BE,MACHI,FORES,1.06,190020.225,4,4,190020.209,0.0,0.0,0.0,0.016,179264.363208
1810337,IT,WM,WOODW,LIQUE,0.53,190014.36,5,5,190013.347,0.0,1.0,0.0,0.013,358517.660377
1767818,IT,RU,AUXIL,VEGET,3.47,190014.244,4,4,190014.235,0.0,0.0,0.0,0.009,54759.148127
1753774,IT,CA,FURNI,RETA1,0.61,190013.129,5,5,190012.113,0.0,1.0,0.0,0.016,311496.932787
1735038,IT,SK,PLAST,BUSIN,0.4,190012.369,4,4,190012.35,0.0,0.0,0.0,0.019,475030.9225
1742952,IT,US,MACHI,RAILW,1.06,189994.675,4,4,189994.659,0.0,0.0,0.0,0.016,179240.259434
1658372,IT,DE,FABRI,CEREA,0.77,189978.118,4,4,189978.104,0.0,0.0,0.0,0.014,246724.828571
1726969,IT,RO,HOTEL,BASIC,1.38,189970.011,4,4,189969.997,0.0,0.0,0.0,0.014,137659.428261
1790672,IT,WA,FABRI,FOUND,0.77,189968.908,4,4,189968.894,0.0,0.0,0.0,0.014,246712.867532
1749564,IT,CN,PLAST,FOUND,0.4,189967.076,4,4,189967.057,0.0,0.0,0.0,0.019,474917.69
1737247,IT,GB,FOOD5,MEAT1,0.91,189966.123,5,5,189965.106,0.0,1.0,0.0,0.017,208753.981319
1713351,IT,MT,GASDI,WHOLE,0.28,189964.513,4,4,189964.498,0.0,0.0,0.0,0.015,678444.689286
1782958,IT,NO,AIRTR,SUPPO,0.21,189961.317,4,4,189961.311,0.0,0.0,0.0,0.006,904577.7
1642846,IT,AT,MOTO1,SANDC,1.01,189959.347,4,4,189959.335,0.0,0.0,0.0,0.012,188078.561386
1737098,IT,GB,MEATC,HOTEL,0.63,189947.335,5,5,189944.323,0.0,3.0,0.0,0.012,301503.706349
1665822,IT,ES,PRINT,FOOD5,1.82,189943.661,4,4,189943.647,0.0,0.0,0.0,0.014,104364.648901
1776509,IT,TR,MOTOR,BUSIN,0.28,189937.923,4,4,189937.908,0.0,0.0,0.0,0.015,678349.725
1674100,IT,FR,HEAVY,MEATC,0.31,189931.942,4,4,189931.927,0.0,0.0,0.0,0.015,612683.683871
1788593,IT,WA,PAPER,INSUR,0.74,189931.027,5,5,189929.008,0.0,2.0,0.0,0.019,256663.55
1812753,IT,WM,NONF1,TRANS,0.04,189919.448,3,3,189919.448,0.0,0.0,0.0,0.0,4747986.2
1750686,IT,CN,MOTO1,ELECT,1.01,189918.626,4,4,189918.614,0.0,0.0,0.0,0.012,188038.243564
1769771,IT,AU,MACHI,NONME,1.06,189917.478,4,4,189917.462,0.0,0.0,0.0,0.016,179167.432075
1642249,IT,AT,NONME,RUBBE,0.38,189894.092,4,4,189894.071,0.0,0.0,0.0,0.021,499721.294737
1795937,IT,WL,MOTO1,MEAT1,1.01,189885.56,4,4,189885.548,0.0,0.0,0.0,0.012,188005.50495
1709828,IT,LT,RUBBE,REALE,0.63,189864.427,4,4,189864.41,0.0,0.0,0.0,0.017,301372.106349
1664344,IT,EE,FABRI,MACHI,0.77,189837.116,4,4,189837.102,0.0,0.0,0.0,0.014,246541.709091
1781014,IT,TW,BUSIN,SALEM,1.95,189826.771,4,4,189826.758,0.0,0.0,0.0,0.013,97347.062051
1778986,IT,TR,AIRTR,VEGET,0.21,189807.795,4,4,189807.789,0.0,0.0,0.0,0.006,903846.642857
1728804,IT,SE,NAPHT,CONST,0.32,189801.545,4,4,189801.531,0.0,0.0,0.0,0.014,593129.828125
1658974,IT,DE,ELEC1,FABRI,0.03,189772.574,4,4,189772.562,0.0,0.0,0.0,0.012,6325752.466667
1659830,IT,DE,LANDT,FOUND,1.22,189762.748,4,4,189762.739,0.0,0.0,0.0,0.009,155543.236066
1658937,IT,DE,FURNI,AIRTR,0.61,189757.167,5,5,189756.151,0.0,1.0,0.0,0.016,311077.322951
1804382,IT,WF,KEROS,PREC1,0.28,189700.359,4,4,189700.344,0.0,0.0,0.0,0.015,677501.282143
1644048,IT,AT,BUSIN,CEMEN,1.95,189696.433,4,4,189696.42,0.0,0.0,0.0,0.013,97280.222051
1667714,IT,ES,MACHI,HEALT,1.06,189683.93,4,4,189683.914,0.0,0.0,0.0,0.016,178947.103774
1791932,IT,WA,SEACO,MEATP,0.19,189676.017,4,4,189676.014,0.0,0.0,0.0,0.003,998294.826316
1812203,IT,WM,NONME,KERO1,0.38,189661.63,4,4,189661.609,0.0,0.0,0.0,0.021,499109.552632
1679157,IT,GR,PAPER,REALE,0.73,189660.015,5,5,189657.996,0.0,2.0,0.0,0.019,259808.239726
1788385,IT,WA,WOODW,CHEM1,0.53,189650.61,5,5,189649.597,0.0,1.0,0.0,0.013,357831.339623
1737360,IT,GB,BEVER,EDUCA,0.81,189643.13,5,5,189642.118,0.0,1.0,0.0,0.012,234127.320988
1768864,IT,AU,LEATH,EDUCA,1.36,189603.99,5,5,189602.957,0.0,1.0,0.0,0.033,139414.698529
1716840,IT,NL,HOTEL,WOODW,1.37,189567.804,4,4,189567.79,0.0,0.0,0.0,0.014,138370.659854
1800300,IT,WE,PLAST,MEMBE,0.4,189536.821,4,4,189536.802,0.0,0.0,0.0,0.019,473842.0525
1661882,IT,DK,PAPER,PUBLI,0.73,189522.386,5,5,189520.367,0.0,2.0,0.0,0.019,259619.706849
1802581,IT,WE,FINAN,FINAN,2.47,189515.437,4,4,189515.432,0.0,0.0,0.0,0.005,76726.897571
1748903,IT,CN,WEARI,RUBBE,1.43,189511.104,4,4,189511.068,0.0,0.0,0.0,0.036,132525.247552
1655278,IT,DE,WHEAT,BUSIN,0.14,189508.848,5,5,189507.843,0.0,1.0,0.0,0.005,1353634.628571
1748391,IT,CN,CROPS,WOODW,1.5,189506.387,4,4,189506.377,0.0,0.0,0.0,0.01,126337.591333
1756269,IT,KR,OFFIC,WHOLE,0.59,189503.537,4,4,189503.523,0.0,0.0,0.0,0.014,321192.435593
1750837,IT,CN,FURNI,COPP1,0.6,189493.802,5,5,189492.786,0.0,1.0,0.0,0.016,315823.003333
1687576,IT,HU,LANDT,BUSIN,1.22,189478.214,4,4,189478.205,0.0,0.0,0.0,0.009,155310.011475
1732393,IT,SI,PLAST,CEMEN,0.4,189469.392,4,4,189469.373,0.0,0.0,0.0,0.019,473673.48
1777922,IT,TR,MACHI,MOTOR,1.06,189460.629,4,4,189460.613,0.0,0.0,0.0,0.016,178736.442453
1647412,IT,BE,AIRTR,RUBBE,0.21,189451.815,4,4,189451.809,0.0,0.0,0.0,0.006,902151.5
1667393,IT,ES,COPP1,ALUM1,0.48,189446.441,5,5,189445.431,0.0,0.0,1.0,0.01,394680.085417
1734867,IT,SK,PAPER,OFFIC,0.73,189430.627,5,5,189428.608,0.0,2.0,0.0,0.019,259494.009589
1789039,IT,WA,NAPHT,CHARC,0.32,189402.923,4,4,189402.909,0.0,0.0,0.0,0.014,591884.134375
1646160,IT,BE,ALUM1,NONFE,0.33,189397.705,4,4,189397.69,0.0,0.0,0.0,0.015,573932.439394
1689383,IT,IE,RETA1,BUSIN,1.98,189382.451,4,4,189382.439,0.0,0.0,0.0,0.012,95647.702525
1726035,IT,RO,CHEM1,OILHA,0.4,189357.734,4,4,189357.713,0.0,0.0,0.0,0.021,473394.335
1791692,IT,WA,HOTEL,INSUR,1.37,189354.058,4,4,189354.044,0.0,0.0,0.0,0.014,138214.640876
1653784,IT,CZ,COPP1,REALE,0.48,189339.17,5,5,189338.16,0.0,0.0,1.0,0.01,394456.604167
1753684,IT,CA,MOTO1,CONST,1.01,189329.615,4,4,189329.603,0.0,0.0,0.0,0.012,187455.064356
1742493,IT,US,BASIC,RADIO,0.22,189304.542,4,4,189304.53,0.0,0.0,0.0,0.012,860475.190909
1788799,IT,WA,KEROS,MACHI,0.28,189275.628,4,4,189275.613,0.0,0.0,0.0,0.015,675984.385714
1643194,IT,AT,HOTEL,DAIRY,1.37,189275.163,4,4,189275.149,0.0,0.0,0.0,0.014,138157.053285
1758246,IT,BR,BASIC,RETA1,0.22,189268.162,4,4,189268.15,0.0,0.0,0.0,0.012,860309.827273
1673927,IT,FR,MOTOR,INLAN,0.28,189203.644,4,4,189203.629,0.0,0.0,0.0,0.015,675727.3
1667963,IT,ES,TRANS,PFERT,1.13,189199.575,4,4,189199.565,0.0,0.0,0.0,0.01,167433.252212
1689538,IT,IE,SEACO,OFFIC,0.19,189193.989,4,4,189193.986,0.0,0.0,0.0,0.003,995757.836842
1738346,IT,GB,BASIC,SEWAG,0.22,189150.944,4,4,189150.932,0.0,0.0,0.0,0.012,859777.018182
1814594,IT,WM,BUSIN,LANDT,1.94,189150.452,4,4,189150.439,0.0,0.0,0.0,0.013,97500.23299
1657666,IT,DE,CERAM,TRAN1,0.29,189133.442,5,5,189132.432,0.0,0.0,1.0,0.01,652184.282759
1737248,IT,GB,FOOD5,MEAT4,0.91,189123.671,5,5,189122.654,0.0,1.0,0.0,0.017,207828.20989
1687020,IT,HU,OFFIC,TRANS,0.59,189117.832,4,4,189117.818,0.0,0.0,0.0,0.014,320538.698305
1645193,IT,BE,PRINT,BUSIN,1.81,189096.882,4,4,189096.868,0.0,0.0,0.0,0.014,104473.41547
1644469,IT,BE,VEGE1,WHOLE,0.58,189096.652,5,5,189095.611,0.0,1.0,0.0,0.041,326028.710345
1765176,IT,MX,BUSIN,MOTO1,1.94,189047.062,4,4,189047.049,0.0,0.0,0.0,0.013,97446.939175
1773766,IT,CH,ELEC2,RUBBE,0.05,189040.2,4,4,189040.18,0.0,0.0,0.0,0.02,3780804.0
1727349,IT,RO,POSTT,SUPPO,3.11,189023.446,4,4,189023.432,0.0,0.0,0.0,0.014,60779.243087
1646173,IT,BE,ALUM1,PAPER,0.33,189021.017,4,4,189021.002,0.0,0.0,0.0,0.015,572790.960606
1661460,IT,DK,DAIRY,HEALT,0.77,189014.632,5,5,189013.619,0.0,1.0,0.0,0.013,245473.548052
1657157,IT,DE,PLAST,BUSIN,0.4,188979.644,4,4,188979.625,0.0,0.0,0.0,0.019,472449.11
1811647,IT,WM,CHEM1,COPP1,0.39,188948.022,4,4,188948.001,0.0,0.0,0.0,0.021,484482.107692
1801462,IT,WE,MOTO1,WEARI,1.01,188946.956,4,4,188946.944,0.0,0.0,0.0,0.012,187076.194059
1653728,IT,CZ,COPP1,LIQUE,0.48,188942.076,5,5,188941.066,0.0,0.0,1.0,0.01,393629.325
1653827,IT,CZ,FABRI,BITUM,0.77,188937.966,4,4,188937.952,0.0,0.0,0.0,0.014,245373.981818
1682515,IT,HR,COKEO,SANDC,0.02,188937.257,3,3,188937.257,0.0,0.0,0.0,0.0,9446862.85
1800004,IT,WE,HEAVY,MEDIC,0.31,188920.053,4,4,188920.038,0.0,0.0,0.0,0.015,609419.525806
1788906,IT,WA,HEAVY,PADDY,0.31,188918.354,4,4,188918.339,0.0,0.0,0.0,0.015,609414.045161
1724925,IT,PT,BUSIN,REALE,1.94,188907.234,4,4,188907.221,0.0,0.0,0.0,0.013,97374.862887
1783723,IT,NO,FOOD4,RENTI,1.37,188901.038,5,5,188900.026,0.0,0.0,1.0,0.012,137883.969343
1744296,IT,US,POSTT,RECRE,3.11,188882.556,4,4,188882.542,0.0,0.0,0.0,0.014,60733.940836
1652909,IT,CZ,KEROS,AIRTR,0.28,188881.372,4,4,188881.357,0.0,0.0,0.0,0.015,674576.328571
1653989,IT,CZ,MACHI,PLAST,1.05,188881.121,4,4,188881.105,0.0,0.0,0.0,0.016,179886.781905
1806329,IT,WF,OFFIC,POSTT,0.59,188857.795,4,4,188857.781,0.0,0.0,0.0,0.014,320097.957627
1813415,IT,WM,FURNI,RENTI,0.6,188857.098,5,5,188856.082,0.0,1.0,0.0,0.016,314761.83
1713555,IT,MT,CEMEN,STONE,0.3,188845.045,5,5,188844.036,0.0,0.0,1.0,0.009,629483.483333
1777323,IT,TR,GLASS,CHEM1,0.52,188822.577,5,5,188821.566,0.0,0.0,1.0,0.011,363120.340385
1751213,IT,CN,HOTEL,ALUM1,1.37,188822.152,4,4,188822.138,0.0,0.0,0.0,0.014,137826.388321
1775645,IT,CH,93197,SUPPO,1.27,188816.821,4,4,188816.804,0.0,0.0,0.0,0.017,148674.662205
1689545,IT,IE,SEACO,COMPU,0.19,188792.46,4,4,188792.457,0.0,0.0,0.0,0.003,993644.526316
1717642,IT,NL,BUSIN,WEARI,1.94,188790.735,4,4,188790.722,0.0,0.0,0.0,0.013,97314.811856
1809227,IT,WM,FISHF,PFERT,0.33,188776.516,4,4,188776.509,0.0,0.0,0.0,0.007,572050.048485
1667130,IT,ES,BASIC,PULP5,0.22,188775.909,4,4,188775.897,0.0,0.0,0.0,0.012,858072.313636
1660860,IT,DE,COMPU,AUXIL,2.16,188741.177,4,4,188741.165,0.0,0.0,0.0,0.012,87380.174537
1723279,IT,PT,GLASS,HOTEL,0.52,188739.65,5,5,188738.639,0.0,0.0,1.0,0.011,362960.865385
1648062,IT,BE,COMPU,SUPPO,2.16,188730.588,4,4,188730.576,0.0,0.0,0.0,0.012,87375.272222
1782259,IT,NO,ALUM1,MACHI,0.33,188715.952,4,4,188715.937,0.0,0.0,0.0,0.015,571866.521212
1656909,IT,DE,LIQUE,VEGET,0.33,188711.235,4,4,188711.22,0.0,0.0,0.0,0.015,571852.227273
1732508,IT,SI,RUBBE,FOOD5,0.63,188701.662,4,4,188701.645,0.0,0.0,0.0,0.017,299526.447619
1679115,IT,GR,PAPER,PLAST,0.73,188693.281,5,5,188691.262,0.0,2.0,0.0,0.019,258483.946575
1723826,IT,PT,MOTO1,MEDIC,1.0,188691.485,4,4,188691.473,0.0,0.0,0.0,0.012,188691.485
1794617,IT,WL,HEAVY,RESEA,0.3,188658.135,4,4,188658.12,0.0,0.0,0.0,0.015,628860.45
1732022,IT,SI,KEROS,OFFIC,0.28,188648.746,4,4,188648.731,0.0,0.0,0.0,0.015,673745.521429
1768983,IT,AU,PAPER,HOTEL,0.73,188647.416,5,5,188645.397,0.0,2.0,0.0,0.019,258421.117808
1682865,IT,HR,LIQUE,PUBLI,0.33,188644.655,4,4,188644.64,0.0,0.0,0.0,0.015,571650.469697
1739000,IT,GB,SALEM,DISTR,1.52,188638.537,4,4,188638.525,0.0,0.0,0.0,0.012,124104.300658
1720583,IT,PL,OFFIC,BUSIN,0.58,188633.822,4,4,188633.808,0.0,0.0,0.0,0.014,325230.727586
1657595,IT,DE,GLASS,DIST1,0.52,188633.648,5,5,188632.637,0.0,0.0,1.0,0.011,362757.015385
1740393,IT,GB,HEALT,OFFIC,0.98,188595.882,4,4,188595.874,0.0,0.0,0.0,0.008,192444.777551
1804495,IT,WF,GASDI,PFERT,0.28,188586.031,4,4,188586.016,0.0,0.0,0.0,0.015,673521.539286
1683294,IT,HR,CEMEN,OFFIC,0.3,188542.295,5,5,188541.286,0.0,0.0,1.0,0.009,628474.316667
1647680,IT,BE,FINAN,AUXIL,2.45,188540.278,4,4,188540.273,0.0,0.0,0.0,0.005,76955.21551
1719160,IT,PL,PLAST,ALUM1,0.4,188539.133,4,4,188539.114,0.0,0.0,0.0,0.019,471347.8325
1684250,IT,HR,SEACO,CONST,0.19,188538.174,4,4,188538.171,0.0,0.0,0.0,0.003,992306.178947
1813206,IT,WM,MOTO1,RECRE,1.0,188535.793,4,4,188535.781,0.0,0.0,0.0,0.012,188535.793
1746456,IT,JP,GLASS,MOTO1,0.52,188533.472,5,5,188532.461,0.0,0.0,1.0,0.011,362564.369231
1770280,IT,AU,HOTEL,RADIO,1.37,188515.427,4,4,188515.413,0.0,0.0,0.0,0.014,137602.50146
1765446,IT,RU,TEXTI,CONST,1.12,188498.359,4,4,188498.334,0.0,0.0,0.0,0.025,168302.10625
1737904,IT,GB,CHEM1,MEATC,0.39,188487.167,4,4,188487.146,0.0,0.0,0.0,0.021,483300.428205
1670450,IT,FI,FOOD5,BUSIN,0.91,188487.023,5,5,188486.006,0.0,1.0,0.0,0.017,207128.596703
1809179,IT,WM,CATTL,93197,0.41,188462.805,5,5,188458.792,0.0,4.0,0.0,0.013,459665.378049
1751997,IT,CN,RESEA,BASIC,1.02,188453.718,4,4,188453.705,0.0,0.0,0.0,0.013,184758.547059
1709820,IT,LT,RUBBE,RETA1,0.62,188442.0,4,4,188441.983,0.0,0.0,0.0,0.017,303938.709677
1746568,IT,JP,BASIC,TRANS,0.22,188434.15,4,4,188434.138,0.0,0.0,0.0,0.012,856518.863636
1715912,IT,NL,GLASS,DAIRY,0.52,188431.782,5,5,188430.771,0.0,0.0,1.0,0.011,362368.811538
1784518,IT,ID,FABRI,TRANS,0.77,188428.678,4,4,188428.664,0.0,0.0,0.0,0.014,244712.568831
1811697,IT,WM,CHEM1,INERT,0.39,188422.033,4,4,188422.012,0.0,0.0,0.0,0.021,483133.417949
1735831,IT,SK,MACHI,HOTEL,1.05,188402.858,4,4,188402.843,0.0,0.0,0.0,0.015,179431.293333
1741654,IT,US,HEAVY,BITU1,0.3,188400.58,4,4,188400.565,0.0,0.0,0.0,0.015,628001.933333
1805167,IT,WF,CHEM1,FORES,0.39,188374.723,4,4,188374.702,0.0,0.0,0.0,0.021,483012.110256
1791216,IT,WA,FURNI,NONF1,0.6,188361.462,5,5,188360.446,0.0,1.0,0.0,0.016,313935.77
1710290,IT,LT,TRANS,OFFIC,1.12,188358.99,4,4,188358.98,0.0,0.0,0.0,0.01,168177.669643
1649029,IT,BG,WOODW,OFFIC,0.53,188344.564,5,5,188343.551,0.0,1.0,0.0,0.013,355367.101887
1784359,IT,ID,RUBBE,WHOLE,0.62,188344.165,4,4,188344.148,0.0,0.0,0.0,0.017,303780.91129
1673182,IT,FR,BEVER,RETAI,0.8,188338.469,5,5,188337.457,0.0,1.0,0.0,0.012,235423.08625
1811307,IT,WM,BITU1,FOUND,0.3,188335.555,4,4,188335.54,0.0,0.0,0.0,0.015,627785.183333
1784331,IT,ID,RUBBE,PROCE,0.62,188333.261,4,4,188333.244,0.0,0.0,0.0,0.017,303763.324194
1657118,IT,DE,PLAST,PRINT,0.4,188325.705,4,4,188325.686,0.0,0.0,0.0,0.019,470814.2625
1799663,IT,WE,MOTOR,BRICK,0.28,188324.775,4,4,188324.76,0.0,0.0,0.0,0.015,672588.482143
1784276,IT,ID,CHEM1,ALUM1,0.39,188312.996,4,4,188312.975,0.0,0.0,0.0,0.021,482853.835897
1743188,IT,US,MOTO1,93197,1.0,188308.819,4,4,188308.807,0.0,0.0,0.0,0.012,188308.819
1714568,IT,NL,CRUDE,PUBLI,0.37,188296.099,4,4,188296.083,0.0,0.0,0.0,0.016,508908.375676
1715796,IT,NL,RUBBE,RAWMI,0.62,188289.745,4,4,188289.728,0.0,0.0,0.0,0.017,303693.137097
1788890,IT,WA,GASDI,INLAN,0.28,188288.276,4,4,188288.261,0.0,0.0,0.0,0.015,672458.128571
1657161,IT,DE,NFERT,WHEAT,0.04,188286.247,4,4,188286.232,0.0,0.0,0.0,0.015,4707156.175
1717287,IT,NL,POSTT,COMPU,3.1,188284.912,4,4,188284.898,0.0,0.0,0.0,0.014,60737.068387
1688635,IT,IE,PLAST,OFFIC,0.4,188277.081,4,4,188277.062,0.0,0.0,0.0,0.019,470692.7025
1799764,IT,WE,KEROS,INLAN,0.28,188251.694,4,4,188251.679,0.0,0.0,0.0,0.015,672327.478571
1725629,IT,RO,PULP5,VEGE1,0.57,188244.679,5,5,188243.661,0.0,1.0,0.0,0.018,330253.822807
1735473,IT,SK,BASIC,LANDT,0.22,188231.732,4,4,188231.72,0.0,0.0,0.0,0.012,855598.781818
1746451,IT,JP,GLASS,MACHI,0.52,188226.942,5,5,188225.931,0.0,0.0,1.0,0.011,361974.888462
1687683,IT,HU,AIRTR,RENTI,0.2,188202.516,4,4,188202.51,0.0,0.0,0.0,0.006,941012.58
1676494,IT,FR,RETA1,AIRTR,1.97,188200.284,4,4,188200.272,0.0,0.0,0.0,0.012,95533.139086
1658996,IT,DE,ELEC2,DAIRY,0.05,188172.359,4,4,188172.339,0.0,0.0,0.0,0.02,3763447.18
1653317,IT,CZ,GLASS,FOOD5,0.52,188153.506,5,5,188152.495,0.0,0.0,1.0,0.011,361833.665385
1676174,IT,FR,CONST,CHEM1,1.05,188145.61,5,5,188144.6,0.0,0.0,1.0,0.01,179186.295238
1803292,IT,WF,FISHF,SUGA1,0.32,188140.515,4,4,188140.508,0.0,0.0,0.0,0.007,587939.109375
1749654,IT,CN,CHEM1,WHITE,0.39,188135.732,4,4,188135.711,0.0,0.0,0.0,0.021,482399.312821
1658215,IT,DE,LEAD1,FURNI,0.33,188134.791,5,5,188133.775,0.0,0.0,1.0,0.016,570105.427273
1657284,IT,DE,CHEM1,SUPPO,0.39,188124.986,4,4,188124.965,0.0,0.0,0.0,0.021,482371.758974
1810380,IT,WM,WOODW,RENTI,0.53,188123.892,5,5,188122.879,0.0,1.0,0.0,0.013,354950.739623
1650842,IT,BG,LANDT,LEAD1,1.21,188083.271,4,4,188083.262,0.0,0.0,0.0,0.009,155440.719835
1688641,IT,IE,PLAST,COMPU,0.39,188071.285,4,4,188071.266,0.0,0.0,0.0,0.019,482234.064103
1731954,IT,SI,MOTOR,RENTI,0.28,188048.134,4,4,188048.119,0.0,0.0,0.0,0.015,671600.478571
1786334,IT,ZA,MACHI,POULT,1.05,188046.488,4,4,188046.473,0.0,0.0,0.0,0.015,179091.893333
1685363,IT,HU,LEATH,WEARI,1.35,188044.308,5,5,188043.275,0.0,1.0,0.0,0.033,139292.08
1810117,IT,WM,TEXTI,PRIVA,1.11,188043.724,4,4,188043.699,0.0,0.0,0.0,0.025,169408.76036
1754782,IT,KR,FOOD5,RAWMI,0.9,188040.573,5,5,188039.556,0.0,1.0,0.0,0.017,208933.97
1750674,IT,CN,MOTO1,CEMEN,1.0,188036.229,4,4,188036.217,0.0,0.0,0.0,0.012,188036.229
1658299,IT,DE,COPP1,ELEC5,0.48,188031.873,5,5,188030.863,0.0,0.0,1.0,0.01,391733.06875
1647364,IT,BE,SEACO,CONST,0.19,188006.077,4,4,188006.074,0.0,0.0,0.0,0.003,989505.668421
1772209,IT,CH,GASDI,POSTT,0.28,187968.691,4,4,187968.676,0.0,0.0,0.0,0.015,671316.753571
1645564,IT,BE,CHEM1,RAWMI,0.39,187958.647,4,4,187958.626,0.0,0.0,0.0,0.021,481945.248718
1672910,IT,FR,VEGE1,PUBLI,0.58,187958.179,5,5,187957.138,0.0,1.0,0.0,0.041,324065.825862
1812322,IT,WM,BASIC,ETHAN,0.22,187926.07,4,4,187926.058,0.0,0.0,0.0,0.012,854209.409091
1743885,IT,US,SEACO,NONSP,0.19,187925.869,4,4,187925.866,0.0,0.0,0.0,0.003,989083.521053
1779659,IT,TR,RESEA,CERAM,1.02,187910.268,4,4,187910.255,0.0,0.0,0.0,0.013,184225.752941
1761076,IT,IN,PFERT,VEGET,0.08,187902.325,4,4,187902.295,0.0,0.0,0.0,0.03,2348779.0625
1667480,IT,ES,FABRI,MEATP,0.76,187889.704,4,4,187889.691,0.0,0.0,0.0,0.013,247223.294737
1732605,IT,SI,GLASS,PULP5,0.52,187851.962,5,5,187850.951,0.0,0.0,1.0,0.011,361253.773077
1647201,IT,BE,LANDT,CHEMI,1.21,187824.012,4,4,187824.003,0.0,0.0,0.0,0.009,155226.456198
1789693,IT,WA,RUBBE,FINAN,0.62,187810.647,4,4,187810.63,0.0,0.0,0.0,0.017,302920.398387
1655180,IT,CZ,BUSIN,WHOLE,1.93,187808.537,4,4,187808.524,0.0,0.0,0.0,0.013,97310.122798
1647437,IT,BE,AIRTR,HOTEL,0.2,187807.157,4,4,187807.151,0.0,0.0,0.0,0.006,939035.785
1756163,IT,KR,MACHI,WEARI,1.05,187799.71,4,4,187799.695,0.0,0.0,0.0,0.015,178856.866667
1804386,IT,WF,KEROS,NONF1,0.28,187782.878,4,4,187782.863,0.0,0.0,0.0,0.015,670653.135714
1778936,IT,TR,SEACO,MOTO1,0.19,187771.643,4,4,187771.64,0.0,0.0,0.0,0.003,988271.805263
1789739,IT,WA,GLASS,FOOD5,0.52,187761.173,5,5,187760.162,0.0,0.0,1.0,0.011,361079.178846
1654095,IT,CZ,OFFIC,FABRI,0.58,187754.708,4,4,187754.694,0.0,0.0,0.0,0.014,323715.013793
1712215,IT,LV,PAPER,WOODW,0.73,187736.436,5,5,187734.417,0.0,2.0,0.0,0.019,257173.2
1649136,IT,BG,PAPER,FINAN,0.73,187735.699,5,5,187733.68,0.0,2.0,0.0,0.019,257172.190411
1811316,IT,WM,BITU1,FURNI,0.3,187732.21,4,4,187732.195,0.0,0.0,0.0,0.015,625774.033333
1676501,IT,FR,RETA1,COMPU,1.96,187685.48,4,4,187685.468,0.0,0.0,0.0,0.012,95757.897959
1803481,IT,WF,MEAT4,REALE,1.03,187675.085,5,5,187674.072,0.0,1.0,0.0,0.013,182208.820388
1686505,IT,HU,PREC1,CONST,0.32,187664.622,4,4,187664.613,0.0,0.0,0.0,0.009,586451.94375
1782258,IT,NO,ALUM1,FABRI,0.33,187663.379,4,4,187663.364,0.0,0.0,0.0,0.015,568676.906061
1667022,IT,ES,NONME,SANDC,0.38,187663.331,4,4,187663.31,0.0,0.0,0.0,0.021,493850.871053
1661943,IT,DK,KEROS,FOOD5,0.28,187659.819,4,4,187659.804,0.0,0.0,0.0,0.015,670213.639286
1645293,IT,BE,KEROS,LIQUE,0.28,187658.506,4,4,187658.491,0.0,0.0,0.0,0.015,670208.95
1714807,IT,NL,FOOD5,VEGE1,0.9,187624.382,5,5,187623.365,0.0,1.0,0.0,0.017,208471.535556
1677871,IT,FR,BUSIN,KEROS,1.93,187592.668,4,4,187592.655,0.0,0.0,0.0,0.013,97198.273575
1681838,IT,HR,VEGE1,BEVER,0.58,187570.325,5,5,187569.284,0.0,1.0,0.0,0.041,323397.112069
1640767,IT,AT,TEXTI,HOTEL,1.11,187560.653,4,4,187560.628,0.0,0.0,0.0,0.025,168973.561261
1717077,IT,NL,LANDT,PUBLI,1.21,187539.798,4,4,187539.789,0.0,0.0,0.0,0.009,154991.568595
1748455,IT,CN,STONE,CHEM1,0.61,187537.292,5,5,187527.283,0.0,0.0,10.0,0.009,307438.183607
1729681,IT,SE,FABRI,COMPU,0.76,187534.996,4,4,187534.983,0.0,0.0,0.0,0.013,246756.573684
1780961,IT,TW,BUSIN,LEATH,1.93,187513.473,4,4,187513.46,0.0,0.0,0.0,0.013,97157.239896
1711668,IT,LU,COMPU,AUXIL,2.14,187511.289,4,4,187511.277,0.0,0.0,0.0,0.012,87622.097664
1811637,IT,WM,CHEM1,RUBBE,0.39,187501.481,4,4,187501.461,0.0,0.0,0.0,0.02,480773.028205
1688546,IT,IE,PAPER,RENTI,0.73,187501.147,5,5,187499.129,0.0,2.0,0.0,0.018,256850.886301
1801536,IT,WE,MOTO1,RECRE,1.0,187496.25,4,4,187496.238,0.0,0.0,0.0,0.012,187496.25
1806217,IT,WF,MACHI,MEATP,1.05,187475.988,4,4,187475.973,0.0,0.0,0.0,0.015,178548.56
1769183,IT,AU,CHEM1,DISTR,0.39,187453.03,4,4,187453.01,0.0,0.0,0.0,0.02,480648.794872
1754365,IT,CA,INSUR,REALE,3.86,187432.905,4,4,187432.896,0.0,0.0,0.0,0.009,48557.747409
1757736,IT,BR,NAPHT,REALE,0.32,187424.087,4,4,187424.074,0.0,0.0,0.0,0.013,585700.271875
1741111,IT,US,WEARI,PRINT,1.41,187423.7,4,4,187423.664,0.0,0.0,0.0,0.036,132924.609929
1729940,IT,SE,FURNI,RESEA,0.6,187423.464,5,5,187422.448,0.0,1.0,0.0,0.016,312372.44
1810758,IT,WM,MOTOR,MEMBE,0.28,187415.172,4,4,187415.157,0.0,0.0,0.0,0.015,669339.9
1804719,IT,WF,LIQUE,HOTEL,0.33,187414.837,4,4,187414.822,0.0,0.0,0.0,0.015,567923.748485
1794756,IT,WL,PLAST,OILSE,0.39,187405.412,4,4,187405.393,0.0,0.0,0.0,0.019,480526.697436
1783450,IT,NO,TEXT1,CONST,1.41,187404.367,4,4,187404.355,0.0,0.0,0.0,0.012,132910.898582
1735968,IT,SK,MOTO1,LANDT,1.0,187402.98,4,4,187402.968,0.0,0.0,0.0,0.012,187402.98
1739610,IT,GB,SEACO,FURNI,0.19,187372.971,4,4,187372.968,0.0,0.0,0.0,0.003,986173.531579
1663226,IT,DK,TRAN2,TRAN2,0.29,187359.854,4,4,187359.849,0.0,0.0,0.0,0.005,646068.462069
1739209,IT,GB,RETA1,CONST,1.96,187358.224,4,4,187358.212,0.0,0.0,0.0,0.012,95590.930612
1649111,IT,BG,PAPER,MOTO1,0.73,187355.616,5,5,187353.598,0.0,2.0,0.0,0.018,256651.528767
1809010,IT,WM,VEGET,NFERT,0.66,187344.087,5,5,187343.08,0.0,1.0,0.0,0.007,283854.677273
1667522,IT,ES,FABRI,NONF1,0.76,187339.683,4,4,187339.67,0.0,0.0,0.0,0.013,246499.582895
1723379,IT,PT,BASIC,GLASS,0.22,187335.567,4,4,187335.555,0.0,0.0,0.0,0.012,851525.304545
1675142,IT,FR,COPP1,MOTO1,0.47,187320.998,5,5,187319.988,0.0,0.0,1.0,0.01,398555.314894
1666053,IT,ES,KERO1,KERO1,0.27,187317.887,4,4,187317.872,0.0,0.0,0.0,0.015,693769.951852
1761692,IT,IN,FABRI,EDUCA,0.76,187304.947,4,4,187304.934,0.0,0.0,0.0,0.013,246453.877632
1769083,IT,AU,PLAST,FABRI,0.39,187295.185,4,4,187295.166,0.0,0.0,0.0,0.019,480244.064103
1761637,IT,IN,FABRI,MOTOR,0.76,187282.588,4,4,187282.575,0.0,0.0,0.0,0.013,246424.457895
1772363,IT,CH,CHEM1,FORES,0.39,187279.81,4,4,187279.79,0.0,0.0,0.0,0.02,480204.641026
1743737,IT,US,LANDT,MEAT1,1.21,187275.179,4,4,187275.17,0.0,0.0,0.0,0.009,154772.875207
1683642,IT,HR,FABRI,CEMEN,0.76,187272.818,4,4,187272.805,0.0,0.0,0.0,0.013,246411.602632
1745503,IT,JP,FOOD5,ELE12,0.9,187271.36,5,5,187270.343,0.0,1.0,0.0,0.017,208079.288889
1653440,IT,CZ,NONME,CHEM1,0.38,187266.363,4,4,187266.342,0.0,0.0,0.0,0.021,492806.218421
1771004,IT,CH,OILSE,RESEA,0.14,187248.184,5,5,187247.175,0.0,1.0,0.0,0.009,1337487.028571
1795150,IT,WL,RUBBE,MEDIC,0.62,187239.655,4,4,187239.638,0.0,0.0,0.0,0.017,301999.443548
1683421,IT,HR,BASIC,DIST1,0.22,187225.421,4,4,187225.409,0.0,0.0,0.0,0.012,851024.640909
1794256,IT,WL,MOTOR,FISHF,0.28,187213.495,4,4,187213.48,0.0,0.0,0.0,0.015,668619.625
1683121,IT,HR,RUBBE,LANDT,0.62,187211.889,4,4,187211.872,0.0,0.0,0.0,0.017,301954.659677
1812031,IT,WM,GLASS,93197,0.51,187194.745,5,5,187193.734,0.0,0.0,1.0,0.011,367048.519608
1812945,IT,WM,MACHI,LEATH,1.04,187189.112,4,4,187189.097,0.0,0.0,0.0,0.015,179989.530769
1748981,IT,CN,LEATH,CRUDE,1.34,187179.002,5,5,187177.97,0.0,1.0,0.0,0.032,139685.822388
1647478,IT,BE,SUPPO,DAIRY,1.35,187172.329,4,4,187172.32,0.0,0.0,0.0,0.009,138646.16963
1742176,IT,US,GLASS,CEMEN,0.51,187170.339,5,5,187169.328,0.0,0.0,1.0,0.011,367000.664706
1726065,IT,RO,RUBBE,CRUDE,0.62,187156.073,4,4,187156.056,0.0,0.0,0.0,0.017,301864.633871
1755815,IT,KR,CERAM,RETA1,0.29,187124.889,5,5,187123.879,0.0,0.0,1.0,0.01,645258.237931
1798241,IT,WE,VEGET,WHOLE,0.66,187118.577,5,5,187117.57,0.0,1.0,0.0,0.007,283512.995455
1798453,IT,WE,NATUR,CEMEN,0.26,187100.771,4,4,187100.759,0.0,0.0,0.0,0.012,719618.35
1671447,IT,FI,FABRI,POSTT,0.76,187091.253,4,4,187091.24,0.0,0.0,0.0,0.013,246172.701316
1646279,IT,BE,COPP1,BASIC,0.47,187089.745,5,5,187088.735,0.0,0.0,1.0,0.01,398063.287234
1800983,IT,WE,ALUM1,RADIO,0.33,187081.434,4,4,187081.419,0.0,0.0,0.0,0.015,566913.436364
1676486,IT,FR,RETA1,WHOLE,1.95,187069.181,4,4,187069.169,0.0,0.0,0.0,0.012,95932.913333
1771057,IT,CH,FISHF,FURNI,0.32,187044.767,4,4,187044.76,0.0,0.0,0.0,0.007,584514.896875
1689325,IT,IE,RETA1,FISH5,1.95,187043.818,4,4,187043.806,0.0,0.0,0.0,0.012,95919.906667
1753123,IT,CA,RUBBE,NONF1,0.62,187012.307,4,4,187012.29,0.0,0.0,0.0,0.017,301632.753226
1640762,IT,AT,TEXTI,CONST,1.11,186978.715,4,4,186978.69,0.0,0.0,0.0,0.025,168449.292793
1665002,IT,ES,CHEMI,BIODI,0.45,186935.505,6,6,186925.487,0.0,1.0,9.0,0.018,415412.233333
1769735,IT,AU,MACHI,DAIRY,1.04,186932.603,4,4,186932.588,0.0,0.0,0.0,0.015,179742.8875
1801616,IT,WE,TRANS,REALE,1.12,186894.879,4,4,186894.869,0.0,0.0,0.0,0.01,166870.427679
1729897,IT,SE,TRANS,REALE,1.12,186892.43,4,4,186892.42,0.0,0.0,0.0,0.01,166868.241071
1736408,IT,SK,LANDT,CEMEN,1.21,186854.184,4,4,186854.175,0.0,0.0,0.0,0.009,154424.945455
1745022,IT,US,PUBLI,GASDI,3.06,186847.942,4,4,186847.929,0.0,0.0,0.0,0.013,61061.418954
1643485,IT,AT,LANDT,RENTI,1.21,186844.296,4,4,186844.287,0.0,0.0,0.0,0.009,154416.773554
1730637,IT,SE,RENTI,MOTO1,1.12,186833.882,4,4,186833.872,0.0,0.0,0.0,0.01,166815.966071
1658983,IT,DE,ELEC1,HOTEL,0.03,186830.814,4,4,186830.802,0.0,0.0,0.0,0.012,6227693.8
1666758,IT,ES,RUBBE,PREC1,0.62,186819.025,4,4,186819.008,0.0,0.0,0.0,0.017,301321.008065
1745188,IT,JP,CROPS,TOBAC,1.48,186802.381,4,4,186802.371,0.0,0.0,0.0,0.01,126217.825
1770294,IT,AU,HOTEL,TRAN1,1.35,186796.906,4,4,186796.892,0.0,0.0,0.0,0.014,138368.078519
1673779,IT,FR,PAPER,PLAS1,0.72,186793.201,5,5,186791.183,0.0,2.0,0.0,0.018,259435.001389
1750405,IT,CN,FABRI,RETA1,0.76,186762.435,4,4,186762.422,0.0,0.0,0.0,0.013,245740.046053
1810649,IT,WM,MOTOR,MEATA,0.28,186753.946,4,4,186753.931,0.0,0.0,0.0,0.015,666978.378571
1661477,IT,DK,FOOD5,CATTL,0.9,186747.513,5,5,186746.496,0.0,1.0,0.0,0.017,207497.236667
1680939,IT,GR,TRAN2,CHEM1,0.29,186745.296,4,4,186745.291,0.0,0.0,0.0,0.005,643949.296552
1673191,IT,FR,BEVER,POSTT,0.79,186742.84,5,5,186741.828,0.0,1.0,0.0,0.012,236383.341772
1754955,IT,KR,TEXTI,FABRI,1.11,186734.294,4,4,186734.269,0.0,0.0,0.0,0.025,168229.093694
1762776,IT,IN,BUSIN,SUPPO,1.92,186717.291,4,4,186717.278,0.0,0.0,0.0,0.013,97248.589062
1751996,IT,CN,RESEA,NONME,1.01,186702.213,4,4,186702.2,0.0,0.0,0.0,0.013,184853.676238
1804373,IT,WF,KEROS,MEAT4,0.28,186695.437,4,4,186695.422,0.0,0.0,0.0,0.015,666769.417857
1765578,IT,RU,LEATH,REALE,1.34,186688.083,5,5,186687.051,0.0,1.0,0.0,0.032,139319.464925
1754846,IT,KR,BEVER,CONST,0.79,186686.648,5,5,186685.636,0.0,1.0,0.0,0.012,236312.212658
1668839,IT,ES,TRAN2,RETAI,0.29,186685.901,4,4,186685.896,0.0,0.0,0.0,0.005,643744.486207
1801608,IT,WE,TRANS,SEACO,1.11,186679.764,4,4,186679.754,0.0,0.0,0.0,0.01,168179.967568
1740667,IT,US,STONE,SUBBI,0.6,186665.947,5,5,186655.938,0.0,0.0,10.0,0.009,311109.911667
1679931,IT,GR,FABRI,WEARI,0.76,186651.192,4,4,186651.179,0.0,0.0,0.0,0.013,245593.673684
1718144,IT,PL,VEGE1,WHOLE,0.57,186611.074,5,5,186610.033,0.0,1.0,0.0,0.041,327387.849123
1751975,IT,CN,RESEA,COKEO,1.01,186605.111,4,4,186605.098,0.0,0.0,0.0,0.013,184757.535644
1789093,IT,WA,BITU1,CONST,0.29,186588.31,4,4,186588.295,0.0,0.0,0.0,0.015,643407.965517
1775528,IT,CH,WASTE,FOUND,0.59,186586.615,4,4,186586.605,0.0,0.0,0.0,0.01,316248.5
1658969,IT,DE,ELEC1,CHEM1,0.03,186565.792,4,4,186565.78,0.0,0.0,0.0,0.012,6218859.733333
1720647,IT,PL,MOTO1,BASIC,0.99,186557.666,4,4,186557.654,0.0,0.0,0.0,0.012,188442.086869
1754987,IT,KR,TEXTI,RESEA,1.11,186551.771,4,4,186551.746,0.0,0.0,0.0,0.025,168064.658559
1805158,IT,WF,CHEM1,PLANT,0.39,186537.557,4,4,186537.537,0.0,0.0,0.0,0.02,478301.428205
1643466,IT,AT,LANDT,DIST1,1.2,186533.192,4,4,186533.183,0.0,0.0,0.0,0.009,155444.326667
1686226,IT,HU,GLASS,BUSIN,0.51,186515.745,5,5,186514.734,0.0,0.0,1.0,0.011,365717.147059
1658211,IT,DE,LEAD1,MACHI,0.32,186507.314,5,5,186506.298,0.0,0.0,1.0,0.016,582835.35625
1786472,IT,ZA,MOTO1,ELECT,0.99,186492.584,4,4,186492.572,0.0,0.0,0.0,0.012,188376.347475
1730797,IT,SE,BUSIN,ELEC3,1.92,186486.737,4,4,186486.724,0.0,0.0,0.0,0.013,97128.508854
1673563,IT,FR,WOODW,CEREA,0.52,186486.726,5,5,186485.713,0.0,1.0,0.0,0.013,358628.319231
1806554,IT,WF,FURNI,RETA1,0.6,186444.019,5,5,186443.003,0.0,1.0,0.0,0.016,310740.031667
1735573,IT,SK,ALUM1,RETA1,0.32,186428.109,4,4,186428.094,0.0,0.0,0.0,0.015,582587.840625
1737948,IT,GB,CHEM1,BRICK,0.39,186393.937,4,4,186393.917,0.0,0.0,0.0,0.02,477933.171795
1767237,IT,RU,HOTEL,NATUR,1.35,186346.222,4,4,186346.208,0.0,0.0,0.0,0.014,138034.238519
1650359,IT,BG,ELEC2,TRAN1,0.04,186342.941,4,4,186342.922,0.0,0.0,0.0,0.019,4658573.525
1712319,IT,LV,RUBBE,WOODW,0.62,186335.669,4,4,186335.652,0.0,0.0,0.0,0.017,300541.401613
1810022,IT,WM,TEXTI,MEAT1,1.1,186332.419,4,4,186332.394,0.0,0.0,0.0,0.025,169393.108182
1771838,IT,CH,WOODW,FABRI,0.52,186315.136,5,5,186314.123,0.0,1.0,0.0,0.013,358298.338462
1755739,IT,KR,GLASS,FABRI,0.51,186309.527,5,5,186308.516,0.0,0.0,1.0,0.011,365312.798039
1804145,IT,WF,PAPER,PREC1,0.72,186291.0,5,5,186288.982,0.0,2.0,0.0,0.018,258737.5
1756384,IT,KR,FURNI,MACHI,0.59,186287.583,5,5,186286.567,0.0,1.0,0.0,0.016,315741.666102
1657566,IT,DE,GLASS,CEMEN,0.51,186286.615,5,5,186285.604,0.0,0.0,1.0,0.011,365267.872549
1806897,IT,WF,HOTEL,HOTEL,1.35,186270.011,4,4,186269.997,0.0,0.0,0.0,0.014,137977.785926
1760507,IT,IN,WEARI,TEXTI,1.4,186256.924,4,4,186256.889,0.0,0.0,0.0,0.035,133040.66
1659283,IT,DE,SALEM,PUBLI,1.5,186255.535,4,4,186255.523,0.0,0.0,0.0,0.012,124170.356667
1718471,IT,PL,TEXTI,PAPER,1.1,186250.308,4,4,186250.283,0.0,0.0,0.0,0.025,169318.461818
1663665,IT,DK,BUSIN,HEALT,1.91,186242.344,4,4,186242.331,0.0,0.0,0.0,0.013,97509.080628
1813312,IT,WM,TRANS,HEALT,1.11,186230.316,4,4,186230.306,0.0,0.0,0.0,0.01,167775.059459
1654313,IT,CZ,ELEC2,COKE1,0.04,186226.895,4,4,186226.876,0.0,0.0,0.0,0.019,4655672.375
1743285,IT,US,FURNI,TRANS,0.59,186222.634,5,5,186221.618,0.0,1.0,0.0,0.016,315631.583051
1674652,IT,FR,GLASS,MEAT4,0.51,186211.43,5,5,186210.419,0.0,0.0,1.0,0.011,365120.45098
1654017,IT,CZ,MACHI,SECO9,1.04,186146.591,4,4,186146.576,0.0,0.0,0.0,0.015,178987.106731
1653741,IT,CZ,COPP1,RUBBE,0.47,186142.766,5,5,186141.756,0.0,0.0,1.0,0.01,396048.438298
1733107,IT,SI,FABRI,PULP5,0.76,186141.985,4,4,186141.972,0.0,0.0,0.0,0.013,244923.664474
1790668,IT,WA,FABRI,ALUM1,0.76,186110.521,4,4,186110.508,0.0,0.0,0.0,0.013,244882.264474
1643514,IT,AT,TRAN2,MOTOR,0.29,186096.747,4,4,186096.742,0.0,0.0,0.0,0.005,641712.92069
1781879,IT,NO,CHEM1,FOOD5,0.39,186087.124,4,4,186087.104,0.0,0.0,0.0,0.02,477146.471795
1740570,IT,US,CROPS,FOOD5,1.47,186060.143,4,4,186060.133,0.0,0.0,0.0,0.01,126571.52585
1801646,IT,WE,FURNI,WEARI,0.59,186043.917,5,5,186042.901,0.0,1.0,0.0,0.016,315328.672881
1775299,IT,CH,BUSIN,MOTO1,1.91,186025.428,4,4,186025.415,0.0,0.0,0.0,0.013,97395.512042
1676712,IT,FR,RAILW,SUPPO,1.24,186021.949,5,5,186020.941,0.0,0.0,1.0,0.008,150017.700806
1684254,IT,HR,SEACO,HOTEL,0.19,186021.336,4,4,186021.333,0.0,0.0,0.0,0.003,979059.663158
1782554,IT,NO,MOTO1,RETA1,0.99,186006.728,4,4,186006.716,0.0,0.0,0.0,0.012,187885.583838
1673305,IT,FR,TEXTI,FOOD5,1.1,185981.669,4,4,185981.644,0.0,0.0,0.0,0.025,169074.244545
1727865,IT,RO,BUSIN,93197,1.91,185969.373,4,4,185969.36,0.0,0.0,0.0,0.013,97366.163874
1657099,IT,DE,NONSP,RENTI,0.24,185959.014,4,4,185959.004,0.0,0.0,0.0,0.01,774829.225
1762204,IT,IN,SEACO,NONME,0.19,185897.405,4,4,185897.402,0.0,0.0,0.0,0.003,978407.394737
1778833,IT,TR,LANDT,REALE,1.2,185885.662,4,4,185885.653,0.0,0.0,0.0,0.009,154904.718333
1794357,IT,WL,MOTOR,HEALT,0.28,185863.929,4,4,185863.914,0.0,0.0,0.0,0.015,663799.746429
1654571,IT,CZ,HOTEL,RECRE,1.35,185857.116,4,4,185857.102,0.0,0.0,0.0,0.014,137671.937778
1755688,IT,KR,RUBBE,HOTEL,0.62,185841.763,4,4,185841.746,0.0,0.0,0.0,0.017,299744.779032
1770465,IT,AU,AIRTR,NATUR,0.2,185777.808,4,4,185777.802,0.0,0.0,0.0,0.006,928889.04
1805230,IT,WF,CHEM1,OFFIC,0.39,185755.836,4,4,185755.816,0.0,0.0,0.0,0.02,476297.015385
1683766,IT,HR,MACHI,SEACO,1.04,185748.761,4,4,185748.746,0.0,0.0,0.0,0.015,178604.577885
1745717,IT,JP,WEARI,BEVER,1.4,185742.017,4,4,185741.982,0.0,0.0,0.0,0.035,132672.869286
1755811,IT,KR,CERAM,DISTR,0.29,185733.197,5,5,185732.187,0.0,0.0,1.0,0.01,640459.3
1780942,IT,TW,BUSIN,IRONO,1.91,185726.385,4,4,185726.372,0.0,0.0,0.0,0.013,97238.945026
1725713,IT,RO,PAPER,REALE,0.72,185715.707,5,5,185714.689,0.0,1.0,0.0,0.018,257938.481944
1810891,IT,WM,KERO1,KEROS,0.27,185700.947,4,4,185700.932,0.0,0.0,0.0,0.015,687781.285185
1750623,IT,CN,OFFIC,FINAN,0.58,185694.96,4,4,185694.947,0.0,0.0,0.0,0.013,320163.724138
1777923,IT,TR,MACHI,KEROS,1.04,185691.629,4,4,185691.614,0.0,0.0,0.0,0.015,178549.643269
1738664,IT,GB,MACHI,PULP5,1.04,185691.362,4,4,185691.347,0.0,0.0,0.0,0.015,178549.386538
1683135,IT,HR,RUBBE,PUBLI,0.62,185663.792,4,4,185663.775,0.0,0.0,0.0,0.017,299457.729032
1754092,IT,CA,AIRTR,CHEM1,0.2,185661.948,4,4,185661.942,0.0,0.0,0.0,0.006,928309.74
1738442,IT,GB,ALUM1,LANDT,0.32,185658.586,4,4,185658.571,0.0,0.0,0.0,0.015,580183.08125
1674994,IT,FR,PREC1,BIODI,0.32,185644.531,4,4,185644.522,0.0,0.0,0.0,0.009,580139.159375
1645966,IT,BE,CERAM,INTER,0.29,185638.247,5,5,185637.237,0.0,0.0,1.0,0.01,640131.886207
1758488,IT,BR,MACHI,NAPHT,1.04,185623.037,4,4,185623.022,0.0,0.0,0.0,0.015,178483.689423
1773151,IT,CH,COPP1,PUBLI,0.47,185609.725,5,5,185608.715,0.0,0.0,1.0,0.01,394914.308511
1745937,IT,JP,WOODW,WOODW,0.52,185583.227,5,5,185582.214,0.0,1.0,0.0,0.013,356890.821154
1719123,IT,PL,PLAST,STONE,0.39,185581.511,4,4,185581.492,0.0,0.0,0.0,0.019,475850.028205
1729559,IT,SE,COPP1,MACHI,0.47,185578.787,5,5,185577.777,0.0,0.0,1.0,0.01,394848.482979
1735693,IT,SK,FABRI,CEMEN,0.76,185564.402,4,4,185564.389,0.0,0.0,0.0,0.013,244163.686842
1735644,IT,SK,NONF1,LEAD1,0.04,185552.455,3,3,185552.455,0.0,0.0,0.0,0.0,4638811.375
1725130,IT,RO,MEATC,FOOD5,0.62,185542.41,5,5,185539.398,0.0,3.0,0.0,0.012,299261.951613
1641433,IT,AT,GASDI,CEMEN,0.28,185539.396,4,4,185539.381,0.0,0.0,0.0,0.015,662640.7
1747138,IT,JP,CONST,WOODW,1.04,185529.02,5,5,185528.01,0.0,0.0,1.0,0.01,178393.288462
1641919,IT,AT,BIODI,RESEA,0.38,185471.767,4,4,185471.747,0.0,0.0,0.0,0.02,488083.597368
1741744,IT,US,BITU1,GASDI,0.29,185441.345,4,4,185441.33,0.0,0.0,0.0,0.015,639452.913793
1737500,IT,GB,WOODW,FOOD5,0.52,185439.272,5,5,185438.259,0.0,1.0,0.0,0.013,356613.984615
1738002,IT,GB,CHEM1,93197,0.39,185437.826,4,4,185437.806,0.0,0.0,0.0,0.02,475481.605128
1675519,IT,FR,OFFIC,EDUCA,0.57,185435.269,4,4,185435.256,0.0,0.0,0.0,0.013,325325.033333
1687566,IT,HU,LANDT,LANDT,1.2,185426.403,4,4,185426.394,0.0,0.0,0.0,0.009,154522.0025
1752537,IT,CA,FOOD5,RETA1,0.89,185419.979,5,5,185418.962,0.0,1.0,0.0,0.017,208337.055056
1732199,IT,SI,GASDI,RECRE,0.28,185400.423,4,4,185400.408,0.0,0.0,0.0,0.015,662144.367857
1787931,IT,WA,BEVER,PUBLI,0.79,185381.61,5,5,185380.598,0.0,1.0,0.0,0.012,234660.265823
1800486,IT,WE,RUBBE,VEGE1,0.61,185346.885,4,4,185346.868,0.0,0.0,0.0,0.017,303847.352459
1648651,IT,BG,DAIRY,FOOD5,0.75,185344.726,5,5,185343.713,0.0,1.0,0.0,0.013,247126.301333
1715036,IT,NL,TEXTI,RUBBE,1.1,185317.908,4,4,185317.883,0.0,0.0,0.0,0.025,168470.825455
1673732,IT,FR,PAPER,NONME,0.72,185312.38,5,5,185311.362,0.0,1.0,0.0,0.018,257378.305556
1722586,IT,PT,FISH5,HOTEL,0.78,185310.255,5,5,185309.16,0.0,1.0,0.0,0.095,237577.25
1767204,IT,RU,RETA1,MACHI,1.93,185305.169,4,4,185305.157,0.0,0.0,0.0,0.012,96013.040933
1662454,IT,DK,ALUM1,CHEM1,0.32,185304.919,4,4,185304.904,0.0,0.0,0.0,0.015,579077.871875
1798715,IT,WE,DAIRY,FINAN,0.75,185276.75,5,5,185275.737,0.0,1.0,0.0,0.013,247035.666667
1754522,IT,CA,BUSIN,MOTO1,1.9,185270.444,4,4,185270.431,0.0,0.0,0.0,0.013,97510.76
1688847,IT,IE,BASIC,CEMEN,0.21,185255.159,4,4,185255.147,0.0,0.0,0.0,0.012,882167.42381
1715316,IT,NL,PAPER,RENTI,0.72,185243.82,5,5,185242.802,0.0,1.0,0.0,0.018,257283.083333
1794969,IT,WL,CHEM1,RADIO,0.39,185221.974,4,4,185221.954,0.0,0.0,0.0,0.02,474928.138462
1757729,IT,BR,NAPHT,MACHI,0.31,185218.151,4,4,185218.138,0.0,0.0,0.0,0.013,597477.906452
1769163,IT,AU,CHEM1,ALUM1,0.39,185208.324,4,4,185208.304,0.0,0.0,0.0,0.02,474893.138462
1680535,IT,GR,ELEC7,PAPE4,0.13,185199.942,4,4,185199.94,0.0,0.0,0.0,0.002,1424614.938462
1718458,IT,PL,TEXTI,STONE,1.1,185199.164,4,4,185199.139,0.0,0.0,0.0,0.025,168362.876364
1800219,IT,WE,PLAST,TOBAC,0.39,185188.888,4,4,185188.869,0.0,0.0,0.0,0.019,474843.302564
1652510,IT,CZ,WEARI,DISTR,1.4,185184.848,4,4,185184.813,0.0,0.0,0.0,0.035,132274.891429
1720337,IT,PL,FABRI,LANDT,0.75,185178.402,4,4,185178.389,0.0,0.0,0.0,0.013,246904.536
1718335,IT,PL,BEVER,PIGS9,0.79,185166.609,5,5,185165.597,0.0,1.0,0.0,0.012,234388.112658
1742963,IT,US,MACHI,REALE,1.03,185152.503,4,4,185152.488,0.0,0.0,0.0,0.015,179759.71165
1677727,IT,FR,RENTI,COMPU,1.11,185140.514,4,4,185140.504,0.0,0.0,0.0,0.01,166793.255856
1805261,IT,WF,CHEM1,COMPU,0.39,185136.683,4,4,185136.663,0.0,0.0,0.0,0.02,474709.44359
1674609,IT,FR,RUBBE,EDUCA,0.61,185110.649,4,4,185110.632,0.0,0.0,0.0,0.017,303460.080328
1808694,IT,WF,INERT,PUBLI,1.36,185105.42,5,5,185104.408,0.0,0.0,1.0,0.012,136106.926471
1811964,IT,WM,GLASS,DAIRY,0.51,185069.556,5,5,185068.545,0.0,0.0,1.0,0.011,362881.482353
1787690,IT,WA,VEGE1,MEATP,0.57,185054.039,5,5,185052.999,0.0,1.0,0.0,0.04,324656.208772
1736390,IT,SK,LANDT,TEXTI,1.19,185045.421,4,4,185045.412,0.0,0.0,0.0,0.009,155500.353782
1747535,IT,JP,AIRTR,MEAT1,0.2,185045.319,4,4,185045.313,0.0,0.0,0.0,0.006,925226.595
1671393,IT,FI,FABRI,DAIRY,0.75,184954.095,4,4,184954.082,0.0,0.0,0.0,0.013,246605.46
1662359,IT,DK,BASIC,LEAD1,0.21,184951.945,4,4,184951.933,0.0,0.0,0.0,0.012,880723.547619
1785112,IT,ZA,MEAT4,EDUCA,1.02,184947.6,5,5,184946.587,0.0,1.0,0.0,0.013,181321.176471
1669217,IT,ES,POSTT,REALE,3.05,184940.38,4,4,184940.366,0.0,0.0,0.0,0.014,60636.190164
1804291,IT,WF,MOTOR,PRINT,0.28,184933.137,4,4,184933.122,0.0,0.0,0.0,0.015,660475.489286
1686654,IT,HU,LEAD1,BUSIN,0.32,184925.923,5,5,184924.907,0.0,0.0,1.0,0.016,577893.509375
1675213,IT,FR,FABRI,SANDC,0.75,184914.042,4,4,184914.029,0.0,0.0,0.0,0.013,246552.056
1687675,IT,HU,AIRTR,HOTEL,0.2,184901.066,4,4,184901.06,0.0,0.0,0.0,0.006,924505.33
1679911,IT,GR,NONF1,MACHI,0.04,184896.668,3,3,184896.668,0.0,0.0,0.0,0.0,4622416.7
1650252,IT,BG,ELEC1,COPPE,0.03,184892.416,4,4,184892.404,0.0,0.0,0.0,0.012,6163080.533333
1738561,IT,GB,FABRI,PAPER,0.75,184877.454,4,4,184877.441,0.0,0.0,0.0,0.013,246503.272
1723193,IT,PT,RUBBE,PREC1,0.61,184877.185,4,4,184877.168,0.0,0.0,0.0,0.017,303077.352459
1790527,IT,WA,NONF1,COPPE,0.04,184875.456,3,3,184875.456,0.0,0.0,0.0,0.0,4621886.4
1752504,IT,CA,FOOD5,SUGA1,0.89,184869.753,5,5,184868.736,0.0,1.0,0.0,0.017,207718.823596
1799149,IT,WE,WEARI,BASIC,1.39,184862.466,4,4,184862.431,0.0,0.0,0.0,0.035,132994.579856
1740988,IT,US,BEVER,HOTEL,0.79,184860.921,4,4,184860.909,0.0,0.0,0.0,0.012,234001.165823
1788984,IT,WA,HEAVY,RETA1,0.3,184823.872,4,4,184823.857,0.0,0.0,0.0,0.015,616079.573333
1685334,IT,HU,WEARI,LANDT,1.39,184805.39,4,4,184805.355,0.0,0.0,0.0,0.035,132953.517986
1649533,IT,BG,RUBBE,CHEM1,0.61,184791.492,4,4,184791.475,0.0,0.0,0.0,0.017,302936.872131
1766554,IT,RU,COPP1,FURNI,0.47,184777.216,5,5,184776.206,0.0,0.0,1.0,0.01,393143.012766
1654741,IT,CZ,AIRTR,FOOD5,0.2,184762.317,4,4,184762.311,0.0,0.0,0.0,0.006,923811.585
1685266,IT,HU,TEXTI,CONST,1.09,184715.615,4,4,184715.59,0.0,0.0,0.0,0.025,169463.866972
1780634,IT,TW,INSUR,REALE,3.81,184704.105,4,4,184704.096,0.0,0.0,0.0,0.009,48478.767717
1685440,IT,HU,WOODW,RUBBE,0.52,184701.927,5,5,184700.915,0.0,1.0,0.0,0.012,355196.013462
1686975,IT,HU,MACHI,SUPPO,1.03,184664.377,4,4,184664.362,0.0,0.0,0.0,0.015,179285.802913
1794225,IT,WL,PRINT,POSTT,1.77,184645.485,4,4,184645.471,0.0,0.0,0.0,0.014,104319.483051
1642180,IT,AT,CERAM,PUBLI,0.29,184642.495,5,5,184641.485,0.0,0.0,1.0,0.01,636698.258621
1733853,IT,SI,TRAN2,REALE,0.29,184641.115,4,4,184641.11,0.0,0.0,0.0,0.005,636693.5
1715687,IT,NL,NONSP,DIST1,0.24,184640.076,4,4,184640.066,0.0,0.0,0.0,0.01,769333.65
1755128,IT,KR,LEATH,CERAM,1.32,184639.704,5,5,184638.672,0.0,1.0,0.0,0.032,139878.563636
1753046,IT,CA,CHEM1,SUPPO,0.39,184633.76,4,4,184633.74,0.0,0.0,0.0,0.02,473419.897436
1814204,IT,WM,SUPPO,RETA1,1.33,184627.339,4,4,184627.33,0.0,0.0,0.0,0.009,138817.54812
1769082,IT,AU,PLAST,BASIC,0.39,184624.036,4,4,184624.017,0.0,0.0,0.0,0.019,473394.964103
1805961,IT,WF,COPP1,MEATA,0.47,184621.967,5,5,184620.957,0.0,0.0,1.0,0.01,392812.695745
1779059,IT,TR,AIRTR,EDUCA,0.2,184619.269,4,4,184619.263,0.0,0.0,0.0,0.006,923096.345
1737483,IT,GB,LEATH,BUSIN,1.32,184584.76,5,5,184583.728,0.0,1.0,0.0,0.032,139836.939394
1743534,IT,US,RETA1,MEMBE,1.93,184568.873,4,4,184568.861,0.0,0.0,0.0,0.012,95631.540415
1770519,IT,AU,AIRTR,REALE,0.2,184560.509,4,4,184560.503,0.0,0.0,0.0,0.006,922802.545
1642115,IT,AT,GLASS,COMPU,0.51,184549.365,5,5,184548.354,0.0,0.0,1.0,0.011,361861.5
1716077,IT,NL,BASIC,CHEM1,0.21,184546.27,4,4,184546.258,0.0,0.0,0.0,0.012,878791.761905
1812308,IT,WM,BASIC,LEATH,0.21,184543.509,4,4,184543.497,0.0,0.0,0.0,0.012,878778.614286
1762885,IT,MX,STONE,CEMEN,0.6,184540.387,5,5,184530.379,0.0,0.0,10.0,0.008,307567.311667
1784597,IT,ID,MACHI,BASIC,1.03,184539.773,4,4,184539.758,0.0,0.0,0.0,0.015,179164.828155
1758335,IT,BR,NONF1,NONME,0.04,184533.299,3,3,184533.299,0.0,0.0,0.0,0.0,4613332.475
1765937,IT,RU,PLAST,HEALT,0.39,184532.691,4,4,184532.672,0.0,0.0,0.0,0.019,473160.746154
1755916,IT,KR,BASIC,RADIO,0.21,184532.576,4,4,184532.564,0.0,0.0,0.0,0.012,878726.552381
1811069,IT,WM,HEAVY,RUBBE,0.3,184528.662,4,4,184528.647,0.0,0.0,0.0,0.015,615095.54
1646612,IT,BE,MOTO1,COMPU,0.98,184525.955,4,4,184525.943,0.0,0.0,0.0,0.012,188291.790816
1755559,IT,KR,CHEM1,MACHI,0.39,184525.381,4,4,184525.361,0.0,0.0,0.0,0.02,473142.002564
1805974,IT,WF,COPP1,CHEMI,0.47,184504.8,5,5,184503.79,0.0,0.0,1.0,0.01,392563.404255
1679742,IT,GR,BASIC,CEMEN,0.21,184502.513,4,4,184502.501,0.0,0.0,0.0,0.012,878583.395238
1790638,IT,WA,FABRI,PAPER,0.75,184465.094,4,4,184465.081,0.0,0.0,0.0,0.013,245953.458667
1709770,IT,LT,RUBBE,MEATC,0.61,184446.821,4,4,184446.804,0.0,0.0,0.0,0.017,302371.837705
1748996,IT,CN,LEATH,PAPER,1.32,184431.249,5,5,184430.217,0.0,1.0,0.0,0.032,139720.643182
1759597,IT,BR,COMPU,POSTT,2.11,184427.271,4,4,184427.259,0.0,0.0,0.0,0.012,87406.289573
1718781,IT,PL,PAPER,SUGA1,0.71,184419.223,5,5,184418.205,0.0,1.0,0.0,0.018,259745.384507
1742541,IT,US,BASIC,93197,0.21,184419.145,4,4,184419.133,0.0,0.0,0.0,0.012,878186.404762
1685411,IT,HU,LEATH,RECRE,1.32,184386.242,5,5,184385.21,0.0,1.0,0.0,0.032,139686.54697
1786382,IT,ZA,MACHI,NONF1,1.03,184381.924,4,4,184381.909,0.0,0.0,0.0,0.015,179011.576699
1661949,IT,DK,GASDI,SEACO,0.27,184352.701,4,4,184352.686,0.0,0.0,0.0,0.015,682787.781481
1689475,IT,IE,HOTEL,COMPU,1.34,184350.755,4,4,184350.741,0.0,0.0,0.0,0.014,137575.190299
1658984,IT,DE,ELEC1,LANDT,0.03,184342.695,4,4,184342.683,0.0,0.0,0.0,0.012,6144756.5
1672643,IT,FR,CRUDE,BITU1,0.36,184339.2,4,4,184339.184,0.0,0.0,0.0,0.016,512053.333333
1719998,IT,PL,ALUM1,DAIRY,0.32,184322.322,4,4,184322.307,0.0,0.0,0.0,0.015,576007.25625
1795110,IT,WL,RUBBE,WEARI,0.61,184321.991,4,4,184321.974,0.0,0.0,0.0,0.017,302167.198361
1716063,IT,NL,BASIC,FORES,0.21,184314.695,4,4,184314.683,0.0,0.0,0.0,0.012,877689.02381
1792183,IT,WA,SUPPO,RETA1,1.32,184290.697,4,4,184290.688,0.0,0.0,0.0,0.009,139614.164394
1769242,IT,AU,RUBBE,DAIRY,0.61,184284.042,4,4,184284.025,0.0,0.0,0.0,0.017,302104.986885
1741619,IT,US,HEAVY,BITUM,0.3,184281.888,4,4,184281.873,0.0,0.0,0.0,0.015,614272.96
1745092,IT,US,PUBLI,EDUCA,3.02,184257.297,4,4,184257.284,0.0,0.0,0.0,0.013,61012.35
1799909,IT,WE,GASDI,RECRE,0.27,184256.447,4,4,184256.432,0.0,0.0,0.0,0.015,682431.285185
1720509,IT,PL,MACHI,FOOD4,1.03,184244.463,4,4,184244.448,0.0,0.0,0.0,0.015,178878.119417
1747538,IT,JP,AIRTR,FOOD5,0.2,184217.154,4,4,184217.148,0.0,0.0,0.0,0.006,921085.77
1688166,IT,HU,BUSIN,CONST,1.89,184182.003,4,4,184181.99,0.0,0.0,0.0,0.013,97450.795238
1773687,IT,CH,FURNI,TRANS,0.59,184179.341,5,5,184178.325,0.0,1.0,0.0,0.016,312168.374576
1664068,IT,EE,CHEM1,RUBBE,0.38,184178.103,4,4,184178.083,0.0,0.0,0.0,0.02,484679.218421
1658946,IT,DE,FURNI,EDUCA,0.59,184169.833,5,5,184168.817,0.0,1.0,0.0,0.016,312152.259322
1682652,IT,HR,KEROS,RETAI,0.27,184161.966,4,4,184161.951,0.0,0.0,0.0,0.015,682081.355556
1727852,IT,RO,BUSIN,HEALT,1.89,184161.417,4,4,184161.404,0.0,0.0,0.0,0.013,97439.903175
1741396,IT,US,PRINT,RESEA,1.77,184157.661,4,4,184157.647,0.0,0.0,0.0,0.014,104043.876271
1791023,IT,WA,MOTO1,93197,0.98,184155.724,4,4,184155.712,0.0,0.0,0.0,0.012,187914.004082
1806271,IT,WF,MACHI,ELEC1,1.03,184149.961,4,4,184149.946,0.0,0.0,0.0,0.015,178786.369903
1757861,IT,BR,CHEM1,LEATH,0.38,184126.775,4,4,184126.755,0.0,0.0,0.0,0.02,484544.144737
1731939,IT,SI,MOTOR,SALEM,0.28,184116.873,4,4,184116.858,0.0,0.0,0.0,0.015,657560.260714
1795367,IT,WL,BASIC,NATU1,0.21,184111.837,4,4,184111.825,0.0,0.0,0.0,0.012,876723.033333
1737139,IT,GB,VEGE1,MEAT1,0.57,184079.041,5,5,184078.001,0.0,1.0,0.0,0.04,322945.685965
1762792,IT,IN,BUSIN,RECRE,1.89,184055.775,4,4,184055.762,0.0,0.0,0.0,0.013,97384.007937
1796174,IT,WL,FURNI,WEARI,0.59,184047.152,5,5,184046.136,0.0,1.0,0.0,0.016,311944.325424
1688938,IT,IE,FABRI,OFFIC,0.75,184045.843,4,4,184045.83,0.0,0.0,0.0,0.013,245394.457333
1812920,IT,WM,MACHI,CRUDE,1.03,184035.457,4,4,184035.442,0.0,0.0,0.0,0.015,178675.200971
1791874,IT,WA,LANDT,PUBLI,1.19,184024.122,4,4,184024.113,0.0,0.0,0.0,0.009,154642.119328
1768810,IT,AU,LEATH,TEXTI,1.32,184018.521,5,5,184017.489,0.0,1.0,0.0,0.032,139407.970455
1665941,IT,ES,MOTOR,WOODW,0.27,183973.18,4,4,183973.165,0.0,0.0,0.0,0.015,681382.148148
1656735,IT,DE,MOTOR,POSTT,0.27,183961.426,4,4,183961.411,0.0,0.0,0.0,0.015,681338.614815
1738224,IT,GB,CEMEN,CRUDE,0.29,183927.721,5,5,183926.713,0.0,0.0,1.0,0.008,634233.52069
1648538,IT,BG,CRUDE,MEAT4,0.36,183924.727,4,4,183924.711,0.0,0.0,0.0,0.016,510902.019444
1689382,IT,IE,RETA1,RESEA,1.92,183921.831,4,4,183921.819,0.0,0.0,0.0,0.012,95792.620312
1803343,IT,WF,SANDC,PRECI,0.42,183914.046,5,5,183874.039,0.0,0.0,40.0,0.007,437890.585714
1686188,IT,HU,GLASS,CHEM1,0.5,183907.289,5,5,183906.278,0.0,0.0,1.0,0.011,367814.578
1720645,IT,PL,MOTO1,CEMEN,0.98,183889.048,4,4,183889.036,0.0,0.0,0.0,0.012,187641.885714
1726569,IT,RO,OFFIC,RAILW,0.57,183886.92,4,4,183886.907,0.0,0.0,0.0,0.013,322608.631579
1680985,IT,GR,INLAN,INLAN,0.3,183882.484,4,4,183882.472,0.0,0.0,0.0,0.012,612941.613333
1748448,IT,CN,STONE,COKEO,0.59,183868.225,5,5,183858.217,0.0,0.0,10.0,0.008,311641.059322
1660968,IT,DE,BUSIN,ALUM1,1.89,183844.384,4,4,183844.371,0.0,0.0,0.0,0.013,97272.160847
1685908,IT,HU,CHEM1,DIST1,0.38,183822.887,4,4,183822.867,0.0,0.0,0.0,0.02,483744.439474
1809407,IT,WM,CHEMI,MOTOR,0.44,183810.437,6,6,183800.42,0.0,1.0,9.0,0.017,417750.993182
1798687,IT,WE,VEGE1,REALE,0.57,183804.804,5,5,183803.764,0.0,1.0,0.0,0.04,322464.568421
1776913,IT,TR,PLAST,CERAM,0.39,183790.778,4,4,183790.759,0.0,0.0,0.0,0.019,471258.405128
1804121,IT,WF,PAPER,WEARI,0.71,183781.884,5,5,183780.866,0.0,1.0,0.0,0.018,258847.723944
1660839,IT,DE,COMPU,DISTR,2.1,183769.311,4,4,183769.299,0.0,0.0,0.0,0.012,87509.195714
1657619,IT,DE,GLASS,93197,0.5,183764.118,5,5,183763.107,0.0,0.0,1.0,0.011,367528.236
1755637,IT,KR,RUBBE,TEXTI,0.61,183739.986,4,4,183739.969,0.0,0.0,0.0,0.017,301213.091803
1754050,IT,CA,SEACO,HOTEL,0.19,183721.791,4,4,183721.788,0.0,0.0,0.0,0.003,966956.794737
1652771,IT,CZ,PAPER,EDUCA,0.71,183706.602,5,5,183705.584,0.0,1.0,0.0,0.018,258741.692958
1725390,IT,RO,TEXTI,GLASS,1.09,183694.702,4,4,183694.678,0.0,0.0,0.0,0.024,168527.249541
1755187,IT,KR,LEATH,PRIVA,1.32,183674.401,5,5,183673.369,0.0,1.0,0.0,0.032,139147.273485
1772213,IT,CH,GASDI,RENTI,0.27,183666.866,4,4,183666.851,0.0,0.0,0.0,0.015,680247.651852
1777879,IT,TR,MACHI,VEGET,1.02,183659.267,4,4,183659.252,0.0,0.0,0.0,0.015,180058.104902
1645346,IT,BE,GASDI,SUPPO,0.27,183655.904,4,4,183655.889,0.0,0.0,0.0,0.015,680207.051852
1773587,IT,CH,MOTO1,MEMBE,0.98,183655.598,4,4,183655.586,0.0,0.0,0.0,0.012,187403.671429
1662706,IT,DK,MACHI,PUBLI,1.02,183653.098,4,4,183653.083,0.0,0.0,0.0,0.015,180052.056863
1722907,IT,PT,MOTOR,LANDT,0.27,183650.062,4,4,183650.047,0.0,0.0,0.0,0.015,680185.414815
1790124,IT,WA,BASIC,PREC1,0.21,183648.162,4,4,183648.15,0.0,0.0,0.0,0.012,874515.057143
1744749,IT,US,RESEA,TEXTI,1.0,183610.617,4,4,183610.604,0.0,0.0,0.0,0.013,183610.617
1801699,IT,WE,FURNI,RECRE,0.59,183606.017,5,5,183605.001,0.0,1.0,0.0,0.016,311196.638983
1797182,IT,WL,POSTT,RESEA,3.02,183593.126,4,4,183593.112,0.0,0.0,0.0,0.014,60792.425828
1722082,IT,PL,BUSIN,WOODW,1.89,183571.715,4,4,183571.702,0.0,0.0,0.0,0.013,97127.891534
1647141,IT,BE,HOTEL,RESEA,1.33,183554.687,4,4,183554.673,0.0,0.0,0.0,0.014,138011.042857
1673709,IT,FR,PAPER,GASDI,0.71,183547.113,5,5,183546.095,0.0,1.0,0.0,0.018,258517.060563
1800394,IT,WE,CHEM1,SEACO,0.38,183545.25,4,4,183545.23,0.0,0.0,0.0,0.02,483013.815789
1741545,IT,US,GASDI,WHEAT,0.27,183543.882,4,4,183543.867,0.0,0.0,0.0,0.015,679792.155556
1746977,IT,JP,MOTO1,COMPU,0.98,183537.527,4,4,183537.515,0.0,0.0,0.0,0.012,187283.190816
1765259,IT,RU,VEGE1,CATTL,0.56,183526.07,5,5,183525.03,0.0,1.0,0.0,0.04,327725.125
1751622,IT,CN,POSTT,PUBLI,3.02,183525.635,4,4,183525.621,0.0,0.0,0.0,0.014,60770.077815
1725546,IT,RO,LEATH,DIST1,1.31,183519.153,5,5,183518.121,0.0,1.0,0.0,0.032,140090.956489
1805028,IT,WF,PLAST,BASIC,0.39,183516.284,4,4,183516.265,0.0,0.0,0.0,0.019,470554.574359
1725312,IT,RO,BEVER,HOTEL,0.78,183514.051,4,4,183514.039,0.0,0.0,0.0,0.012,235274.424359
1806507,IT,WF,TRANS,REALE,1.09,183474.725,4,4,183474.715,0.0,0.0,0.0,0.01,168325.43578
1664471,IT,EE,OFFIC,MOTO1,0.57,183471.852,4,4,183471.839,0.0,0.0,0.0,0.013,321880.442105
1681099,IT,GR,SUPPO,TRANS,1.32,183466.613,4,4,183466.604,0.0,0.0,0.0,0.009,138989.858333
1646370,IT,BE,FABRI,ALUM1,0.75,183458.56,4,4,183458.547,0.0,0.0,0.0,0.013,244611.413333
1667302,IT,ES,ALUM1,SECO9,0.32,183452.786,4,4,183452.771,0.0,0.0,0.0,0.015,573289.95625
1787757,IT,WA,DAIRY,PADDY,0.75,183432.337,5,5,183431.325,0.0,1.0,0.0,0.012,244576.449333
1786925,IT,ZA,AIRTR,AIRTR,0.2,183422.68,4,4,183422.674,0.0,0.0,0.0,0.006,917113.4
1648441,IT,BG,WHEAT,WHEAT,0.14,183421.739,5,5,183420.735,0.0,1.0,0.0,0.004,1310155.278571
1671273,IT,FI,BASIC,COMPU,0.21,183406.542,4,4,183406.53,0.0,0.0,0.0,0.012,873364.485714
1725990,IT,RO,CHEM1,CERAM,0.38,183405.444,4,4,183405.424,0.0,0.0,0.0,0.02,482645.905263
1763569,IT,MX,CHEM1,LEAD1,0.38,183398.769,4,4,183398.749,0.0,0.0,0.0,0.02,482628.339474
1719329,IT,PL,CHEM1,FOOD4,0.38,183394.836,4,4,183394.816,0.0,0.0,0.0,0.02,482617.989474
1749886,IT,CN,RUBBE,POSTT,0.61,183377.719,4,4,183377.702,0.0,0.0,0.0,0.017,300619.211475
1798289,IT,WE,CROPS,CRUDE,1.45,183363.557,4,4,183363.547,0.0,0.0,0.0,0.01,126457.625517
1743592,IT,US,HOTEL,LUBRI,1.33,183357.99,4,4,183357.976,0.0,0.0,0.0,0.014,137863.150376
1790708,IT,WA,FABRI,INSUR,0.75,183356.156,4,4,183356.143,0.0,0.0,0.0,0.013,244474.874667
1803489,IT,WF,VEGE1,CROPS,0.56,183323.213,5,5,183322.173,0.0,1.0,0.0,0.04,327362.880357
1649514,IT,BG,RUBBE,FOOD5,0.61,183299.335,4,4,183299.318,0.0,0.0,0.0,0.017,300490.713115
1752104,IT,CN,BUSIN,CEMEN,1.88,183297.004,4,4,183296.991,0.0,0.0,0.0,0.013,97498.406383
1769305,IT,AU,RUBBE,PUBLI,0.61,183295.439,4,4,183295.422,0.0,0.0,0.0,0.017,300484.32623
1670941,IT,FI,CHEM1,CEMEN,0.38,183279.223,4,4,183279.203,0.0,0.0,0.0,0.02,482313.744737
1711178,IT,LU,FABRI,EDUCA,0.75,183264.439,4,4,183264.426,0.0,0.0,0.0,0.013,244352.585333
1732209,IT,SI,HEAVY,MEAT4,0.3,183261.088,4,4,183261.073,0.0,0.0,0.0,0.015,610870.293333
1759761,IT,BR,BUSIN,NONME,1.88,183249.468,4,4,183249.455,0.0,0.0,0.0,0.013,97473.121277
1741472,IT,US,MOTOR,SEACO,0.27,183241.162,4,4,183241.147,0.0,0.0,0.0,0.015,678670.97037
1709442,IT,LT,TEXTI,LIQUE,1.09,183222.015,4,4,183221.991,0.0,0.0,0.0,0.024,168093.591743
1731989,IT,SI,KEROS,LIGNI,0.27,183202.317,4,4,183202.302,0.0,0.0,0.0,0.015,678527.1
1765443,IT,RU,TEXTI,FURNI,1.09,183182.231,4,4,183182.207,0.0,0.0,0.0,0.024,168057.092661
1648771,IT,BG,BEVER,TEXTI,0.78,183182.137,4,4,183182.125,0.0,0.0,0.0,0.012,234848.89359
1738701,IT,GB,MACHI,ELEC3,1.02,183176.398,4,4,183176.383,0.0,0.0,0.0,0.015,179584.703922
1652760,IT,CZ,PAPER,SUPPO,0.71,183148.289,5,5,183147.271,0.0,1.0,0.0,0.018,257955.33662
1739475,IT,GB,LANDT,NONME,1.18,183132.964,4,4,183132.955,0.0,0.0,0.0,0.009,155197.427119
1800019,IT,WE,HEAVY,RAILW,0.3,183126.443,4,4,183126.428,0.0,0.0,0.0,0.015,610421.476667
1763126,IT,MX,WEARI,BUSIN,1.38,183115.785,4,4,183115.75,0.0,0.0,0.0,0.035,132692.597826
1645066,IT,BE,PAPER,CEMEN,0.71,183043.567,5,5,183042.549,0.0,1.0,0.0,0.018,257807.840845
1748058,IT,JP,BUSIN,TRANS,1.88,183035.105,4,4,183035.092,0.0,0.0,0.0,0.013,97359.098404
1773286,IT,CH,MACHI,PIGS9,1.02,183030.36,4,4,183030.345,0.0,0.0,0.0,0.015,179441.529412
1668060,IT,ES,FURNI,AIRTR,0.58,182999.953,5,5,182998.937,0.0,1.0,0.0,0.016,315517.160345
1725549,IT,RO,LEATH,SALEM,1.31,182980.927,5,5,182979.895,0.0,1.0,0.0,0.032,139680.096947
1772300,IT,CH,PETRO,DIST1,0.31,182974.149,4,4,182974.135,0.0,0.0,0.0,0.014,590239.190323
1645960,IT,BE,CERAM,COMPU,0.29,182965.774,5,5,182964.764,0.0,0.0,1.0,0.01,630916.462069
1770237,IT,AU,HOTEL,TEXTI,1.33,182965.022,4,4,182965.008,0.0,0.0,0.0,0.014,137567.685714
1675332,IT,FR,MACHI,OILSE,1.02,182953.412,4,4,182953.397,0.0,0.0,0.0,0.015,179366.090196
1724361,IT,PT,SEACO,MACHI,0.19,182924.834,4,4,182924.831,0.0,0.0,0.0,0.003,962762.284211
1798248,IT,WE,VEGET,INSUR,0.65,182885.706,5,5,182884.699,0.0,1.0,0.0,0.007,281362.624615
1711214,IT,LU,MACHI,FABRI,1.02,182868.566,4,4,182868.551,0.0,0.0,0.0,0.015,179282.907843
1762309,IT,IN,AIRTR,COMPU,0.2,182861.968,4,4,182861.962,0.0,0.0,0.0,0.006,914309.84
1688693,IT,IE,CHEM1,CEMEN,0.38,182856.77,4,4,182856.75,0.0,0.0,0.0,0.02,481202.026316
1786267,IT,ZA,FABRI,BEVER,0.74,182852.931,4,4,182852.918,0.0,0.0,0.0,0.013,247098.555405
1720082,IT,PL,ALUM1,FOOD2,0.32,182847.013,4,4,182846.998,0.0,0.0,0.0,0.015,571396.915625
1665613,IT,ES,WOODW,BEVER,0.51,182841.919,5,5,182840.907,0.0,1.0,0.0,0.012,358513.566667
1674849,IT,FR,NONME,PLAST,0.37,182839.223,4,4,182839.203,0.0,0.0,0.0,0.02,494160.062162
1660293,IT,DE,POSTT,INSUR,3.01,182826.279,4,4,182826.265,0.0,0.0,0.0,0.014,60739.627575
1789813,IT,WA,CERAM,NONFE,0.28,182814.59,5,5,182813.58,0.0,0.0,1.0,0.01,652909.25
1757437,IT,BR,PAPER,DAIRY,0.71,182802.996,5,5,182801.978,0.0,1.0,0.0,0.018,257469.008451
1718587,IT,PL,LEATH,COPPE,1.31,182795.345,5,5,182794.313,0.0,1.0,0.0,0.032,139538.431298
1677794,IT,FR,COMPU,RETA1,2.09,182794.319,4,4,182794.308,0.0,0.0,0.0,0.011,87461.396651
1733668,IT,SI,HOTEL,EDUCA,1.32,182785.796,4,4,182785.782,0.0,0.0,0.0,0.014,138474.087879
1781718,IT,NO,PAPER,FISHF,0.71,182780.051,5,5,182779.033,0.0,1.0,0.0,0.018,257436.691549
1722655,IT,PT,WEARI,TEXTI,1.38,182768.653,4,4,182768.618,0.0,0.0,0.0,0.035,132441.052899
1794135,IT,WL,PAPER,AUXIL,0.71,182766.887,5,5,182765.869,0.0,1.0,0.0,0.018,257418.150704
1711150,IT,LU,FABRI,FABRI,0.74,182758.212,4,4,182758.199,0.0,0.0,0.0,0.013,246970.556757
1673750,IT,FR,PAPER,DIST1,0.71,182755.542,5,5,182754.524,0.0,1.0,0.0,0.018,257402.171831
1799669,IT,WE,MOTOR,LEAD1,0.27,182731.906,4,4,182731.891,0.0,0.0,0.0,0.015,676784.837037
1788110,IT,WA,WEARI,CRUDE,1.38,182719.093,4,4,182719.058,0.0,0.0,0.0,0.035,132405.139855
1808362,IT,WF,FOOD3,EDUCA,0.52,182710.835,4,4,182710.826,0.0,0.0,0.0,0.009,351366.990385
1680332,IT,GR,ELEC1,GASDI,0.03,182701.394,4,4,182701.382,0.0,0.0,0.0,0.012,6090046.466667
1733006,IT,SI,LEAD1,MOTO1,0.32,182696.673,5,5,182695.658,0.0,0.0,1.0,0.015,570927.103125
1810332,IT,WM,WOODW,MOTOR,0.51,182658.853,5,5,182657.841,0.0,1.0,0.0,0.012,358154.613725
1777430,IT,TR,NONME,CERAM,0.37,182657.984,4,4,182657.964,0.0,0.0,0.0,0.02,493670.227027
1656452,IT,DE,PULP5,REALE,0.56,182654.157,5,5,182653.14,0.0,1.0,0.0,0.017,326168.1375
1752932,IT,CA,PLAST,LIQUE,0.38,182651.483,4,4,182651.464,0.0,0.0,0.0,0.019,480661.797368
1749022,IT,CN,LEATH,ALUM1,1.31,182649.183,5,5,182648.151,0.0,1.0,0.0,0.032,139426.857252
1801707,IT,WE,ELEC1,TEXTI,0.03,182625.252,4,4,182625.24,0.0,0.0,0.0,0.012,6087508.4
1794443,IT,WL,GASDI,MEATC,0.27,182589.147,4,4,182589.132,0.0,0.0,0.0,0.015,676256.1
1722552,IT,PT,BEVER,FOUND,0.78,182587.011,4,4,182586.999,0.0,0.0,0.0,0.012,234085.911538
1791387,IT,WA,RETAI,CHEM1,1.43,182576.897,4,4,182576.885,0.0,0.0,0.0,0.012,127676.151748
1670894,IT,FI,PLAST,BUSIN,0.38,182573.823,4,4,182573.804,0.0,0.0,0.0,0.019,480457.428947
1741556,IT,US,GASDI,RAWMI,0.27,182563.263,4,4,182563.248,0.0,0.0,0.0,0.015,676160.233333
1718163,IT,PL,DAIRY,RAWMI,0.74,182562.346,5,5,182561.334,0.0,1.0,0.0,0.012,246705.872973
1778683,IT,TR,HOTEL,PUBLI,1.32,182561.101,4,4,182561.087,0.0,0.0,0.0,0.014,138303.864394
1720512,IT,PL,MACHI,INERT,1.02,182552.098,4,4,182552.083,0.0,0.0,0.0,0.015,178972.645098
1780861,IT,TW,COMPU,EDUCA,2.08,182545.967,4,4,182545.956,0.0,0.0,0.0,0.011,87762.484135
1722125,IT,PL,BUSIN,TRANS,1.87,182532.514,4,4,182532.501,0.0,0.0,0.0,0.013,97610.970053
1725370,IT,RO,TEXTI,FOOD5,1.08,182526.198,4,4,182526.174,0.0,0.0,0.0,0.024,169005.738889
1770036,IT,AU,CONST,PREC1,1.02,182525.645,5,5,182524.635,0.0,0.0,1.0,0.01,178946.710784
1658581,IT,DE,MACHI,BIODI,1.02,182523.032,4,4,182523.017,0.0,0.0,0.0,0.015,178944.14902
1688837,IT,IE,BASIC,STONE,0.21,182507.017,4,4,182507.005,0.0,0.0,0.0,0.012,869081.033333
1778929,IT,TR,SEACO,FOUND,0.19,182481.327,4,4,182481.324,0.0,0.0,0.0,0.003,960428.036842
1800331,IT,WE,CHEM1,MEATA,0.38,182462.634,4,4,182462.614,0.0,0.0,0.0,0.02,480164.826316
1729543,IT,SE,COPP1,LIQUE,0.46,182452.58,5,5,182451.571,0.0,0.0,1.0,0.009,396636.043478
1744889,IT,US,BUSIN,PAPER,1.87,182434.907,4,4,182434.894,0.0,0.0,0.0,0.013,97558.773797
1759126,IT,BR,AIRTR,GLASS,0.2,182413.431,4,4,182413.425,0.0,0.0,0.0,0.006,912067.155
1767297,IT,RU,HOTEL,DISTR,1.32,182410.347,4,4,182410.333,0.0,0.0,0.0,0.014,138189.656818
1737817,IT,GB,BITU1,ELEC4,0.29,182391.47,4,4,182391.455,0.0,0.0,0.0,0.015,628936.103448
1671082,IT,FI,RUBBE,SUPPO,0.6,182385.937,4,4,182385.92,0.0,0.0,0.0,0.017,303976.561667
1808844,IT,WF,PRIVA,PRECI,40.69,182363.719,5,5,182361.69,2.0,0.0,0.0,0.029,4481.782232
1722365,IT,PT,STONE,SANDC,0.59,182353.558,5,5,182343.55,0.0,0.0,10.0,0.008,309073.827119
1764033,IT,MX,COPP1,MOTO1,0.46,182348.667,5,5,182347.658,0.0,0.0,1.0,0.009,396410.145652
1774120,IT,CH,WHOLE,FURNI,1.58,182344.702,4,4,182344.691,0.0,0.0,0.0,0.011,115408.039241
1645869,IT,BE,GLASS,FABRI,0.5,182337.906,5,5,182336.896,0.0,0.0,1.0,0.01,364675.812
1773473,IT,CH,OFFIC,POSTT,0.57,182337.326,4,4,182337.313,0.0,0.0,0.0,0.013,319890.045614
1655551,IT,DE,STONE,ELEC8,0.59,182301.473,5,5,182291.465,0.0,0.0,10.0,0.008,308985.547458
1790701,IT,WA,FABRI,TRAN2,0.74,182291.152,4,4,182291.139,0.0,0.0,0.0,0.013,246339.394595
1786391,IT,ZA,MACHI,FURNI,1.02,182281.756,4,4,182281.741,0.0,0.0,0.0,0.015,178707.603922
1642924,IT,AT,TRANS,BUSIN,1.09,182266.913,4,4,182266.903,0.0,0.0,0.0,0.01,167217.351376
1777328,IT,TR,GLASS,NONME,0.5,182263.752,5,5,182262.742,0.0,0.0,1.0,0.01,364527.504
1783417,IT,NO,INTER,OFFIC,1.09,182262.407,4,4,182262.395,0.0,0.0,0.0,0.012,167213.217431
1812577,IT,WM,ALUM1,93197,0.32,182256.881,4,4,182256.866,0.0,0.0,0.0,0.015,569552.753125
1685328,IT,HU,WEARI,CONST,1.37,182254.933,4,4,182254.898,0.0,0.0,0.0,0.035,133032.79781
1788041,IT,WA,TEXTI,FABRI,1.08,182248.282,4,4,182248.258,0.0,0.0,0.0,0.024,168748.409259
1809782,IT,WM,FOOD5,GASDI,0.88,182237.106,5,5,182236.09,0.0,1.0,0.0,0.016,207087.620455
1774712,IT,CH,SUPPO,CHEM1,1.31,182224.883,4,4,182224.874,0.0,0.0,0.0,0.009,139102.964122
1730287,IT,SE,SEACO,COMPU,0.19,182220.603,4,4,182220.6,0.0,0.0,0.0,0.003,959055.805263
1790937,IT,WA,OFFIC,INSUR,0.56,182219.462,4,4,182219.449,0.0,0.0,0.0,0.013,325391.896429
1669066,IT,ES,SUPPO,FURNI,1.31,182217.067,4,4,182217.058,0.0,0.0,0.0,0.009,139096.99771
1787726,IT,WA,VEGE1,OFFIC,0.56,182214.63,5,5,182213.59,0.0,1.0,0.0,0.04,325383.267857
1813356,IT,WM,FURNI,PRINT,0.58,182204.783,5,5,182203.767,0.0,1.0,0.0,0.016,314146.177586
1812459,IT,WM,PREC1,MOTO1,0.31,182187.41,4,4,182187.402,0.0,0.0,0.0,0.008,587701.322581
1715685,IT,NL,NONSP,ELEC6,0.24,182180.706,4,4,182180.696,0.0,0.0,0.0,0.01,759086.275
1759807,IT,BR,BUSIN,RENTI,1.87,182179.611,4,4,182179.598,0.0,0.0,0.0,0.013,97422.251872
1755171,IT,KR,LEATH,INSUR,1.3,182172.498,5,5,182171.466,0.0,1.0,0.0,0.032,140132.690769
1749655,IT,CN,CHEM1,LUBRI,0.38,182168.381,4,4,182168.361,0.0,0.0,0.0,0.02,479390.476316
1759171,IT,BR,AIRTR,RENTI,0.2,182162.331,4,4,182162.325,0.0,0.0,0.0,0.006,910811.655
1813137,IT,WM,MOTO1,LIQUE,0.97,182159.695,4,4,182159.683,0.0,0.0,0.0,0.012,187793.5
1728586,IT,SE,PAPER,CONST,0.71,182152.534,5,5,182151.516,0.0,1.0,0.0,0.018,256552.864789
1646346,IT,BE,FABRI,WOODW,0.74,182138.613,4,4,182138.6,0.0,0.0,0.0,0.013,246133.260811
1664900,IT,ES,CRUDE,LIQUE,0.36,182126.932,4,4,182126.916,0.0,0.0,0.0,0.016,505908.144444
1717024,IT,NL,LANDT,RUBBE,1.17,182112.407,4,4,182112.398,0.0,0.0,0.0,0.009,155651.629915
1658997,IT,DE,ELEC2,FOOD5,0.04,182108.169,4,4,182108.15,0.0,0.0,0.0,0.019,4552704.225
1673995,IT,FR,KEROS,RESEA,0.27,182107.836,4,4,182107.821,0.0,0.0,0.0,0.015,674473.466667
1723037,IT,PT,PLAST,RESEA,0.38,182106.851,4,4,182106.832,0.0,0.0,0.0,0.019,479228.555263
1807709,IT,WF,BUSIN,SALEM,1.87,182089.272,4,4,182089.259,0.0,0.0,0.0,0.013,97373.942246
1662020,IT,DK,PLAST,MACHI,0.38,182080.398,4,4,182080.379,0.0,0.0,0.0,0.019,479158.942105
1729764,IT,SE,MACHI,ELECT,1.02,182077.925,4,4,182077.91,0.0,0.0,0.0,0.015,178507.769608
1723094,IT,PT,CHEM1,OFFIC,0.38,182064.881,4,4,182064.861,0.0,0.0,0.0,0.02,479118.107895
1781836,IT,NO,PLAST,PLAST,0.38,182053.891,4,4,182053.872,0.0,0.0,0.0,0.019,479089.186842
1676882,IT,FR,TRAN2,LIQUE,0.28,182044.203,4,4,182044.198,0.0,0.0,0.0,0.005,650157.867857
1758224,IT,BR,BASIC,CEMEN,0.21,182043.341,4,4,182043.329,0.0,0.0,0.0,0.012,866873.052381
1650285,IT,BG,ELEC1,DISTR,0.03,182032.181,4,4,182032.17,0.0,0.0,0.0,0.011,6067739.366667
1675841,IT,FR,ELEC1,TRANS,0.03,182026.504,4,4,182026.493,0.0,0.0,0.0,0.011,6067550.133333
1804857,IT,WF,BITU1,LEADZ,0.29,182018.542,4,4,182018.528,0.0,0.0,0.0,0.014,627650.144828
1720753,IT,PL,TRANS,OFFIC,1.09,182011.194,4,4,182011.184,0.0,0.0,0.0,0.01,166982.746789
1729745,IT,SE,MACHI,CHEM1,1.02,181985.591,4,4,181985.576,0.0,0.0,0.0,0.015,178417.246078
1790981,IT,WA,MOTO1,PFERT,0.97,181982.179,4,4,181982.167,0.0,0.0,0.0,0.012,187610.493814
1801679,IT,WE,FURNI,SALEM,0.58,181979.434,5,5,181978.418,0.0,1.0,0.0,0.016,313757.644828
1683581,IT,HR,COPP1,OFFIC,0.46,181971.502,5,5,181970.493,0.0,0.0,1.0,0.009,395590.221739
1645395,IT,BE,HEAVY,WHOLE,0.29,181965.457,4,4,181965.442,0.0,0.0,0.0,0.015,627467.093103
1766128,IT,RU,RUBBE,FOUND,0.6,181964.723,4,4,181964.707,0.0,0.0,0.0,0.016,303274.538333
1771830,IT,CH,WOODW,RUBBE,0.51,181963.43,5,5,181962.418,0.0,1.0,0.0,0.012,356791.039216
1769141,IT,AU,CHEM1,PAPER,0.38,181946.639,4,4,181946.619,0.0,0.0,0.0,0.02,478806.944737
1745773,IT,JP,WEARI,COLLE,1.37,181933.205,4,4,181933.17,0.0,0.0,0.0,0.035,132797.959854
1808907,IT,WM,CEREA,CATTL,0.3,181923.848,5,5,181922.838,0.0,1.0,0.0,0.01,606412.826667
1762729,IT,IN,BUSIN,CHEM1,1.87,181906.373,4,4,181906.36,0.0,0.0,0.0,0.013,97276.135294
1719960,IT,PL,PREC1,BUSIN,0.31,181895.806,4,4,181895.798,0.0,0.0,0.0,0.008,586760.664516
1761253,IT,IN,RUBBE,GASDI,0.6,181868.445,4,4,181868.429,0.0,0.0,0.0,0.016,303114.075
1644578,IT,BE,FOOD5,CATTL,0.87,181865.25,5,5,181864.234,0.0,1.0,0.0,0.016,209040.517241
1646475,IT,BE,MACHI,BASIC,1.01,181853.979,4,4,181853.964,0.0,0.0,0.0,0.015,180053.444554
1652037,IT,CZ,VEGET,BUSIN,0.64,181844.012,5,5,181843.005,0.0,1.0,0.0,0.007,284131.26875
1685321,IT,HU,WEARI,FABRI,1.37,181836.796,4,4,181836.761,0.0,0.0,0.0,0.035,132727.588321
1737773,IT,GB,HEAVY,PUBLI,0.29,181834.765,4,4,181834.75,0.0,0.0,0.0,0.015,627016.431034
1718948,IT,PL,PRINT,RETA1,1.74,181825.305,4,4,181825.291,0.0,0.0,0.0,0.014,104497.301724
1796883,IT,WL,SEACO,HOTEL,0.18,181800.88,4,4,181800.877,0.0,0.0,0.0,0.003,1010004.888889
1666878,IT,ES,GLASS,BASIC,0.5,181781.414,5,5,181780.404,0.0,0.0,1.0,0.01,363562.828
1675012,IT,FR,PREC1,FOODW,0.31,181766.896,4,4,181766.888,0.0,0.0,0.0,0.008,586344.825806
1662417,IT,DK,PREC1,FABRI,0.31,181750.611,4,4,181750.603,0.0,0.0,0.0,0.008,586292.293548
1641401,IT,AT,GASDI,WHEAT,0.27,181735.347,4,4,181735.332,0.0,0.0,0.0,0.015,673093.877778
1747695,IT,JP,POSTT,POSTT,2.99,181731.009,4,4,181730.995,0.0,0.0,0.0,0.014,60779.601672
1756758,IT,KR,AIRTR,PFERT,0.2,181711.437,4,4,181711.431,0.0,0.0,0.0,0.006,908557.185
1800938,IT,WE,ALUM1,CROPS,0.32,181706.909,4,4,181706.894,0.0,0.0,0.0,0.015,567834.090625
1677199,IT,FR,POSTT,HOTEL,2.99,181695.362,4,4,181695.348,0.0,0.0,0.0,0.014,60767.679599
1726681,IT,RO,TRANS,DIST1,1.08,181694.062,4,4,181694.052,0.0,0.0,0.0,0.01,168235.242593
1643320,IT,AT,RAILW,KEROS,1.22,181672.82,5,5,181671.812,0.0,0.0,1.0,0.008,148912.147541
1812123,IT,WM,BRICK,MACHI,0.27,181646.593,5,5,181645.581,0.0,0.0,1.0,0.012,672765.159259
1653008,IT,CZ,PLAST,PRINT,0.38,181628.463,4,4,181628.445,0.0,0.0,0.0,0.018,477969.639474
1686267,IT,HU,CERAM,WHOLE,0.28,181625.764,5,5,181624.754,0.0,0.0,1.0,0.01,648663.442857
1785657,IT,ZA,HEAVY,FURNI,0.29,181597.145,4,4,181597.13,0.0,0.0,0.0,0.015,626197.051724
1679591,IT,GR,RUBBE,DIST1,0.6,181591.743,4,4,181591.727,0.0,0.0,0.0,0.016,302652.905
1786156,IT,ZA,BASIC,RAILW,0.21,181585.87,4,4,181585.859,0.0,0.0,0.0,0.011,864694.619048
1641630,IT,AT,BITU1,PLAST,0.29,181578.989,4,4,181578.975,0.0,0.0,0.0,0.014,626134.444828
1654301,IT,CZ,ELEC2,RUBBE,0.04,181573.51,4,4,181573.491,0.0,0.0,0.0,0.019,4539337.75
1764875,IT,MX,AIRTR,RUBBE,0.2,181567.195,4,4,181567.189,0.0,0.0,0.0,0.006,907835.975
1674663,IT,FR,GLASS,PULP5,0.5,181565.186,5,5,181564.176,0.0,0.0,1.0,0.01,363130.372
1679096,IT,GR,PAPER,DAIRY,0.7,181555.786,5,5,181554.768,0.0,1.0,0.0,0.018,259365.408571
1666763,IT,ES,RUBBE,FOUND,0.6,181539.796,4,4,181539.78,0.0,0.0,0.0,0.016,302566.326667
1797443,IT,WL,COMPU,EDUCA,2.07,181528.264,4,4,181528.253,0.0,0.0,0.0,0.011,87694.813527
1736412,IT,SK,LANDT,ALUM1,1.17,181518.857,4,4,181518.848,0.0,0.0,0.0,0.009,155144.322222
1643268,IT,AT,HOTEL,TRAN2,1.32,181511.704,4,4,181511.69,0.0,0.0,0.0,0.014,137508.866667
1803389,IT,WF,CHEMI,DISTR,0.43,181504.72,6,6,181494.703,0.0,1.0,9.0,0.017,422104.0
1717857,IT,PL,VEGET,PLAST,0.64,181502.925,5,5,181501.918,0.0,1.0,0.0,0.007,283598.320312
1806909,IT,WF,HOTEL,BUSIN,1.32,181501.303,4,4,181501.289,0.0,0.0,0.0,0.014,137500.987121
1742892,IT,US,MACHI,LIQUE,1.01,181500.857,4,4,181500.842,0.0,0.0,0.0,0.015,179703.818812
1674212,IT,FR,LIQUE,CONST,0.32,181431.22,4,4,181431.205,0.0,0.0,0.0,0.015,566972.5625
1774660,IT,CH,AIRTR,TRAN1,0.2,181421.511,4,4,181421.505,0.0,0.0,0.0,0.006,907107.555
1716120,IT,NL,PREC1,WOODW,0.31,181421.249,4,4,181421.241,0.0,0.0,0.0,0.008,585229.835484
1810782,IT,WM,KEROS,FISHF,0.27,181406.641,4,4,181406.626,0.0,0.0,0.0,0.015,671876.448148
1748804,IT,CN,TEXTI,COPP1,1.07,181405.768,4,4,181405.744,0.0,0.0,0.0,0.024,169538.100935
1755816,IT,KR,CERAM,HOTEL,0.28,181402.501,5,5,181401.491,0.0,0.0,1.0,0.01,647866.075
1783388,IT,NO,PLAS1,INTER,0.65,181393.192,4,4,181393.18,0.0,0.0,0.0,0.012,279066.449231
1803742,IT,WF,FISH5,RETA1,0.76,181386.725,5,5,181385.632,0.0,1.0,0.0,0.093,238666.743421
1802198,IT,WE,HOTEL,SUPPO,1.31,181382.186,4,4,181382.172,0.0,0.0,0.0,0.014,138459.683969
1750091,IT,CN,BASIC,ELEC1,0.21,181378.725,4,4,181378.714,0.0,0.0,0.0,0.011,863708.214286
1807608,IT,WF,RESEA,CRUDE,0.98,181347.04,4,4,181347.027,0.0,0.0,0.0,0.013,185048.0
1770953,IT,CH,VEGET,RUBBE,0.64,181329.735,5,5,181328.728,0.0,1.0,0.0,0.007,283327.710938
1803310,IT,WF,STONE,IRONO,0.59,181325.594,5,5,181315.586,0.0,0.0,10.0,0.008,307331.515254
1645687,IT,BE,CHEM1,INERT,0.38,181324.117,4,4,181324.097,0.0,0.0,0.0,0.02,477168.728947
1786317,IT,ZA,FABRI,BUSIN,0.74,181307.628,4,4,181307.615,0.0,0.0,0.0,0.013,245010.308108
1649964,IT,BG,FABRI,HOTEL,0.74,181298.983,4,4,181298.97,0.0,0.0,0.0,0.013,244998.625676
1683339,IT,HR,NONME,FABRI,0.37,181280.794,4,4,181280.774,0.0,0.0,0.0,0.02,489948.091892
1672639,IT,FR,CRUDE,REFI1,0.36,181266.38,4,4,181266.364,0.0,0.0,0.0,0.016,503517.722222
1750879,IT,CN,FURNI,REALE,0.58,181262.868,5,5,181261.852,0.0,1.0,0.0,0.016,312522.186207
1808506,IT,WF,FOOD4,PUBLI,1.31,181259.949,4,4,181259.938,0.0,0.0,0.0,0.011,138366.373282
1651221,IT,BG,BUSIN,COMPU,1.86,181258.447,4,4,181258.434,0.0,0.0,0.0,0.013,97450.777957
1686795,IT,HU,FABRI,PULP5,0.74,181235.44,4,4,181235.427,0.0,0.0,0.0,0.013,244912.756757
1641105,IT,AT,PAPER,TRANS,0.7,181231.837,5,5,181230.819,0.0,1.0,0.0,0.018,258902.624286
1784257,IT,ID,CHEM1,TOBAC,0.38,181216.934,4,4,181216.914,0.0,0.0,0.0,0.02,476886.668421
1729752,IT,SE,MACHI,CEMEN,1.01,181215.185,4,4,181215.17,0.0,0.0,0.0,0.015,179420.975248
1666594,IT,ES,CHEM1,FOUND,0.38,181213.449,4,4,181213.429,0.0,0.0,0.0,0.02,476877.497368
1679922,IT,GR,FABRI,VEGE1,0.74,181182.564,4,4,181182.551,0.0,0.0,0.0,0.013,244841.302703
1803828,IT,WF,TEXTI,COPP1,1.07,181173.272,4,4,181173.248,0.0,0.0,0.0,0.024,169320.814953
1791167,IT,WA,FURNI,BITUM,0.58,181169.527,5,5,181168.511,0.0,1.0,0.0,0.016,312361.253448
1773144,IT,CH,COPP1,FINAN,0.46,181138.753,5,5,181137.744,0.0,0.0,1.0,0.009,393779.897826
1738365,IT,GB,PREC1,PRINT,0.31,181132.74,4,4,181132.732,0.0,0.0,0.0,0.008,584299.16129
1810346,IT,WM,WOODW,CERAM,0.51,181127.195,5,5,181126.183,0.0,1.0,0.0,0.012,355151.362745
1736457,IT,SK,LANDT,BUSIN,1.17,181118.659,4,4,181118.65,0.0,0.0,0.0,0.009,154802.27265
1674024,IT,FR,GASDI,PIGS9,0.27,181099.602,4,4,181099.587,0.0,0.0,0.0,0.015,670739.266667
1779046,IT,TR,AIRTR,SEACO,0.2,181089.679,4,4,181089.673,0.0,0.0,0.0,0.006,905448.395
1726423,IT,RO,FABRI,TEXTI,0.74,181070.23,4,4,181070.217,0.0,0.0,0.0,0.013,244689.5
1741060,IT,US,TEXTI,MACHI,1.07,181062.429,4,4,181062.405,0.0,0.0,0.0,0.024,169217.223364
1666043,IT,ES,KEROS,POSTT,0.27,181054.592,4,4,181054.577,0.0,0.0,0.0,0.015,670572.562963
1735841,IT,SK,MACHI,COMPU,1.01,181051.738,4,4,181051.723,0.0,0.0,0.0,0.015,179259.146535
1803154,IT,WF,VEGET,AUXIL,0.64,181039.998,5,5,181038.991,0.0,1.0,0.0,0.007,282874.996875
1674164,IT,FR,LIQUE,CEREA,0.32,181025.518,4,4,181025.503,0.0,0.0,0.0,0.015,565704.74375
1744341,IT,US,FINAN,AIRTR,2.36,180995.407,4,4,180995.402,0.0,0.0,0.0,0.005,76692.969068
1680305,IT,GR,FURNI,BUSIN,0.58,180985.731,5,5,180984.715,0.0,1.0,0.0,0.016,312044.363793
1810180,IT,WM,WEARI,SUPPO,1.36,180962.884,4,4,180962.85,0.0,0.0,0.0,0.034,133060.944118
1663813,IT,EE,FISH5,DAIRY,0.76,180954.908,5,5,180953.815,0.0,1.0,0.0,0.093,238098.563158
1782613,IT,NO,FURNI,SEACO,0.58,180932.516,5,5,180931.5,0.0,1.0,0.0,0.016,311952.613793
1653053,IT,CZ,PLAST,SALEM,0.38,180923.195,4,4,180923.177,0.0,0.0,0.0,0.018,476113.671053
1685470,IT,HU,WOODW,BUSIN,0.51,180907.198,5,5,180906.186,0.0,1.0,0.0,0.012,354719.996078
1673889,IT,FR,COKEO,PLAST,0.02,180899.766,3,3,180899.766,0.0,0.0,0.0,0.0,9044988.3
1805602,IT,WF,CEMEN,93197,0.29,180899.303,5,5,180898.295,0.0,0.0,1.0,0.008,623790.7
1690229,IT,IE,BUSIN,RESEA,1.86,180887.075,4,4,180887.063,0.0,0.0,0.0,0.012,97251.115591
1677128,IT,FR,SUPPO,MEMBE,1.3,180877.626,4,4,180877.617,0.0,0.0,0.0,0.009,139136.635385
1641726,IT,AT,PLAST,COMPU,0.38,180871.132,4,4,180871.114,0.0,0.0,0.0,0.018,475976.663158
1805447,IT,WF,GLASS,BEVER,0.5,180855.027,5,5,180854.017,0.0,0.0,1.0,0.01,361710.054
1743212,IT,US,TRANS,ELEC2,1.08,180851.994,4,4,180851.984,0.0,0.0,0.0,0.01,167455.55
1660421,IT,DE,FINAN,COMPU,2.35,180843.961,4,4,180843.956,0.0,0.0,0.0,0.005,76954.877021
1799745,IT,WE,KEROS,PREC1,0.27,180834.932,4,4,180834.917,0.0,0.0,0.0,0.015,669759.007407
1724633,IT,PT,FINAN,REALE,2.35,180834.275,4,4,180834.27,0.0,0.0,0.0,0.005,76950.755319
1772537,IT,CH,RUBBE,CEMEN,0.6,180833.564,4,4,180833.548,0.0,0.0,0.0,0.016,301389.273333
1684947,IT,HU,MEATP,WHOLE,0.73,180830.28,5,5,180829.26,0.0,1.0,0.0,0.02,247712.712329
1646358,IT,BE,FABRI,PLAST,0.74,180827.804,4,4,180827.791,0.0,0.0,0.0,0.013,244361.897297
1644925,IT,BE,LEATH,BUSIN,1.29,180794.787,5,5,180793.756,0.0,1.0,0.0,0.031,140150.997674
1787674,IT,WA,VEGE1,CROPS,0.56,180785.074,5,5,180784.035,0.0,1.0,0.0,0.039,322830.489286
1673681,IT,FR,PAPER,POULT,0.7,180777.989,5,5,180776.971,0.0,1.0,0.0,0.018,258254.27
1735900,IT,SK,OFFIC,RETA1,0.56,180716.745,4,4,180716.732,0.0,0.0,0.0,0.013,322708.473214
1642907,IT,AT,TRANS,FURNI,1.08,180710.798,4,4,180710.788,0.0,0.0,0.0,0.01,167324.812963
1772613,IT,CH,GLASS,FOOD5,0.5,180680.862,5,5,180679.852,0.0,0.0,1.0,0.01,361361.724
1809249,IT,WM,CRUDE,LUBRI,0.36,180655.305,4,4,180655.289,0.0,0.0,0.0,0.016,501820.291667
1809420,IT,WM,CHEMI,GLASS,0.43,180650.282,6,6,180640.265,0.0,1.0,9.0,0.017,420116.934884
1726578,IT,RO,OFFIC,REALE,0.56,180643.477,4,4,180643.464,0.0,0.0,0.0,0.013,322577.6375
1666704,IT,ES,RUBBE,PIGS9,0.6,180641.794,4,4,180641.778,0.0,0.0,0.0,0.016,301069.656667
1643446,IT,AT,LANDT,FOUND,1.17,180628.077,4,4,180628.068,0.0,0.0,0.0,0.009,154382.971795
1667537,IT,ES,FABRI,ELEC4,0.74,180624.821,4,4,180624.808,0.0,0.0,0.0,0.013,244087.595946
1689009,IT,IE,MACHI,RETA1,1.01,180624.025,4,4,180624.01,0.0,0.0,0.0,0.015,178835.668317
1787689,IT,WA,VEGE1,MEATC,0.56,180614.108,5,5,180613.069,0.0,1.0,0.0,0.039,322525.192857
1652173,IT,CZ,VEGE1,HOTEL,0.56,180613.409,5,5,180612.37,0.0,1.0,0.0,0.039,322523.944643
1766401,IT,RU,BASIC,NONF1,0.21,180602.198,4,4,180602.187,0.0,0.0,0.0,0.011,860010.466667
1683771,IT,HR,MACHI,INSUR,1.01,180600.807,4,4,180600.792,0.0,0.0,0.0,0.015,178812.680198
1741301,IT,US,PAPER,FABRI,0.7,180596.809,5,5,180595.791,0.0,1.0,0.0,0.018,257995.441429
1798907,IT,WE,BEVER,93197,0.77,180594.535,4,4,180594.523,0.0,0.0,0.0,0.012,234538.357143
1746801,IT,JP,MACHI,NONME,1.01,180576.944,4,4,180576.929,0.0,0.0,0.0,0.015,178789.053465
1646882,IT,BE,WHOLE,WEARI,1.56,180576.204,4,4,180576.194,0.0,0.0,0.0,0.01,115753.976923
1723638,IT,PT,FABRI,HEALT,0.73,180573.723,4,4,180573.71,0.0,0.0,0.0,0.013,247361.264384
1656039,IT,DE,BEVER,MEATP,0.77,180567.855,4,4,180567.843,0.0,0.0,0.0,0.012,234503.707792
1668925,IT,ES,AIRTR,FOOD5,0.2,180551.671,4,4,180551.665,0.0,0.0,0.0,0.006,902758.355
1725912,IT,RO,PARAF,LANDT,0.28,180536.624,5,5,180535.611,0.0,0.0,1.0,0.013,644773.657143
1762203,IT,IN,SEACO,CEMEN,0.18,180536.585,4,4,180536.582,0.0,0.0,0.0,0.003,1002981.027778
1744650,IT,US,COMPU,CRUDE,2.06,180534.855,4,4,180534.844,0.0,0.0,0.0,0.011,87638.279126
1735401,IT,SK,BASIC,IRONO,0.21,180530.107,4,4,180530.096,0.0,0.0,0.0,0.011,859667.17619
1672534,IT,FR,CEREA,PIGS9,0.29,180526.326,5,5,180525.316,0.0,1.0,0.0,0.01,622504.572414
1661494,IT,DK,FOOD5,FISH5,0.87,180507.835,5,5,180506.819,0.0,1.0,0.0,0.016,207480.270115
1672261,IT,FI,REALE,RESEA,7.63,180484.769,4,4,180484.757,0.0,0.0,0.0,0.012,23654.622412
1755674,IT,KR,RUBBE,MEDIC,0.6,180482.724,4,4,180482.708,0.0,0.0,0.0,0.016,300804.54
1776869,IT,TR,NONSP,HYDRO,0.24,180462.165,4,4,180462.155,0.0,0.0,0.0,0.01,751925.6875
1760800,IT,IN,PRINT,EDUCA,1.73,180450.65,4,4,180450.636,0.0,0.0,0.0,0.014,104306.734104
1786239,IT,ZA,NONF1,FABRI,0.04,180420.936,3,3,180420.936,0.0,0.0,0.0,0.0,4510523.4
1715157,IT,NL,LEATH,COMPU,1.29,180412.479,5,5,180411.448,0.0,1.0,0.0,0.031,139854.634884
1661995,IT,DK,PLAST,MEATC,0.38,180391.689,4,4,180391.671,0.0,0.0,0.0,0.018,474714.971053
1789853,IT,WA,CERAM,LEAD1,0.28,180387.132,5,5,180386.122,0.0,0.0,1.0,0.01,644239.757143
1723237,IT,PT,GLASS,CATTL,0.5,180375.289,5,5,180374.279,0.0,0.0,1.0,0.01,360750.578
1750714,IT,CN,MOTO1,SUPPO,0.96,180362.512,4,4,180362.5,0.0,0.0,0.0,0.012,187877.616667
1798380,IT,WE,FISHF,BLAST,0.31,180345.408,4,4,180345.402,0.0,0.0,0.0,0.006,581759.380645
1668966,IT,ES,AIRTR,OFFIC,0.2,180341.322,4,4,180341.316,0.0,0.0,0.0,0.006,901706.61
1719503,IT,PL,GLASS,BEVER,0.49,180333.133,5,5,180332.123,0.0,0.0,1.0,0.01,368026.802041
1655345,IT,DE,VEGET,RESEA,0.64,180325.811,5,5,180324.804,0.0,1.0,0.0,0.007,281759.079687
1732851,IT,SI,BASIC,COLLE,0.21,180317.635,4,4,180317.624,0.0,0.0,0.0,0.011,858655.404762
1806123,IT,WF,FABRI,LIQUE,0.73,180275.247,4,4,180275.234,0.0,0.0,0.0,0.013,246952.393151
1814562,IT,WM,BUSIN,KEROS,1.85,180264.565,4,4,180264.553,0.0,0.0,0.0,0.012,97440.305405
1760872,IT,IN,GASDI,CRUDE,0.27,180253.349,4,4,180253.334,0.0,0.0,0.0,0.015,667604.996296
1759977,IT,BR,PLAS1,INERT,0.65,180252.336,4,4,180252.324,0.0,0.0,0.0,0.012,277311.286154
1675729,IT,FR,FURNI,FISH5,0.58,180244.002,5,5,180242.987,0.0,1.0,0.0,0.015,310765.52069
1798437,IT,WE,NATUR,MOTOR,0.25,180232.142,4,4,180232.13,0.0,0.0,0.0,0.012,720928.568
1668083,IT,ES,FURNI,93197,0.58,180199.79,5,5,180198.775,0.0,1.0,0.0,0.015,310689.293103
1655874,IT,DE,DAIRY,FISH5,0.73,180180.612,5,5,180179.6,0.0,1.0,0.0,0.012,246822.756164
1681540,IT,GR,BUSIN,BASIC,1.85,180180.384,4,4,180180.372,0.0,0.0,0.0,0.012,97394.802162
1686460,IT,HU,BASIC,SEWAG,0.21,180170.023,4,4,180170.012,0.0,0.0,0.0,0.011,857952.490476
1661783,IT,DK,LEATH,HEALT,1.29,180165.456,5,5,180164.425,0.0,1.0,0.0,0.031,139663.144186
1666930,IT,ES,CERAM,CHEMI,0.28,180149.198,5,5,180148.188,0.0,0.0,1.0,0.01,643389.992857
1810102,IT,WM,TEXTI,AUXIL,1.07,180144.176,4,4,180144.152,0.0,0.0,0.0,0.024,168359.042991
1676400,IT,FR,WHOLE,SEACO,1.56,180125.14,4,4,180125.13,0.0,0.0,0.0,0.01,115464.833333
1733289,IT,SI,OFFIC,COMPU,0.56,180104.599,4,4,180104.586,0.0,0.0,0.0,0.013,321615.355357
1786355,IT,ZA,MACHI,CHEMI,1.0,180104.185,4,4,180104.17,0.0,0.0,0.0,0.015,180104.185
1749077,IT,CN,WOODW,VEGET,0.5,180094.367,5,5,180093.355,0.0,1.0,0.0,0.012,360188.734
1676503,IT,FR,RETA1,EDUCA,1.88,180077.124,4,4,180077.112,0.0,0.0,0.0,0.012,95785.704255
1812590,IT,WM,LEAD1,PFERT,0.31,180070.927,5,5,180069.912,0.0,0.0,1.0,0.015,580873.958065
1652679,IT,CZ,PAPER,VEGET,0.7,180065.164,5,5,180064.146,0.0,1.0,0.0,0.018,257235.948571
1725213,IT,RO,FOOD5,PIGS9,0.86,180047.521,5,5,180046.505,0.0,1.0,0.0,0.016,209357.582558
1664269,IT,EE,BASIC,WHOLE,0.21,180033.651,4,4,180033.64,0.0,0.0,0.0,0.011,857303.1
1757553,IT,BR,MOTOR,PETRO,0.27,180028.553,4,4,180028.538,0.0,0.0,0.0,0.015,666772.418519
1716452,IT,NL,OFFIC,FOOD5,0.56,180022.777,4,4,180022.764,0.0,0.0,0.0,0.013,321469.244643
1768702,IT,AU,TEXTI,PUBLI,1.07,180011.432,4,4,180011.408,0.0,0.0,0.0,0.024,168234.983178
1674135,IT,FR,HEAVY,CERAM,0.29,180008.988,4,4,180008.974,0.0,0.0,0.0,0.014,620720.648276
1732969,IT,SI,ALUM1,LANDT,0.31,179982.194,4,4,179982.18,0.0,0.0,0.0,0.014,580587.722581
1770439,IT,AU,SEACO,CONST,0.18,179969.009,4,4,179969.006,0.0,0.0,0.0,0.003,999827.827778
1650514,IT,BG,ELEC6,MACHI,0.03,179968.912,4,4,179968.883,0.0,0.0,0.0,0.029,5998963.733333
1780957,IT,TW,BUSIN,FISH5,1.85,179941.293,4,4,179941.281,0.0,0.0,0.0,0.012,97265.563784
1789155,IT,WA,PLAST,NATU1,0.38,179918.856,4,4,179918.838,0.0,0.0,0.0,0.018,473470.673684
1715057,IT,NL,TEXTI,COMPU,1.07,179918.646,4,4,179918.622,0.0,0.0,0.0,0.024,168148.26729
1657241,IT,DE,CHEM1,PREC1,0.38,179907.113,4,4,179907.093,0.0,0.0,0.0,0.02,473439.771053
1656354,IT,DE,WOODW,BEVER,0.5,179903.991,5,5,179902.979,0.0,1.0,0.0,0.012,359807.982
1747044,IT,JP,FURNI,CROPS,0.57,179866.521,5,5,179865.506,0.0,1.0,0.0,0.015,315555.3
1710737,IT,LU,BEVER,HOTEL,0.76,179840.664,4,4,179840.652,0.0,0.0,0.0,0.012,236632.452632
1812502,IT,WM,ALUM1,NATU1,0.31,179812.243,4,4,179812.229,0.0,0.0,0.0,0.014,580039.493548
1769270,IT,AU,RUBBE,BASIC,0.6,179801.024,4,4,179801.008,0.0,0.0,0.0,0.016,299668.373333
1723632,IT,PT,FABRI,RENTI,0.73,179790.596,4,4,179790.583,0.0,0.0,0.0,0.013,246288.487671
1641454,IT,AT,GASDI,SALEM,0.27,179774.42,4,4,179774.405,0.0,0.0,0.0,0.015,665831.185185
1720859,IT,PL,FURNI,PUBLI,0.57,179766.674,5,5,179765.659,0.0,1.0,0.0,0.015,315380.129825
1647372,IT,BE,SEACO,RENTI,0.18,179765.782,4,4,179765.779,0.0,0.0,0.0,0.003,998698.788889
1682787,IT,HR,HEAVY,TEXTI,0.29,179755.864,4,4,179755.85,0.0,0.0,0.0,0.014,619847.806897
1675360,IT,FR,MACHI,LEATH,1.0,179744.88,4,4,179744.865,0.0,0.0,0.0,0.015,179744.88
1645263,IT,BE,MOTOR,KEROS,0.27,179736.756,4,4,179736.741,0.0,0.0,0.0,0.015,665691.688889
1677881,IT,FR,BUSIN,NUCLE,1.85,179730.859,4,4,179730.847,0.0,0.0,0.0,0.012,97151.815676
1654314,IT,CZ,ELEC2,BLAST,0.04,179720.875,4,4,179720.856,0.0,0.0,0.0,0.019,4493021.875
1650237,IT,BG,FURNI,HOTEL,0.57,179719.934,5,5,179718.919,0.0,1.0,0.0,0.015,315298.129825
1723252,IT,PT,GLASS,BEVER,0.49,179703.305,5,5,179702.295,0.0,0.0,1.0,0.01,366741.438776
1726431,IT,RO,FABRI,KEROS,0.73,179684.071,4,4,179684.058,0.0,0.0,0.0,0.013,246142.563014
1802206,IT,WE,HOTEL,BUSIN,1.3,179676.422,4,4,179676.408,0.0,0.0,0.0,0.014,138212.632308
1809207,IT,WM,ANIMA,PFERT,0.71,179648.159,5,5,179647.15,0.0,1.0,0.0,0.009,253025.576056
1719807,IT,PL,BASIC,GLASS,0.21,179638.105,4,4,179638.094,0.0,0.0,0.0,0.011,855419.547619
1795676,IT,WL,FABRI,MEDIC,0.73,179625.917,4,4,179625.904,0.0,0.0,0.0,0.013,246062.9
1737040,IT,GB,STONE,BUSIN,0.58,179624.243,5,5,179614.235,0.0,0.0,10.0,0.008,309696.97069
1755062,IT,KR,WEARI,LANDT,1.35,179623.3,4,4,179623.266,0.0,0.0,0.0,0.034,133054.296296
1686384,IT,HU,BASIC,FOOD5,0.21,179623.281,4,4,179623.27,0.0,0.0,0.0,0.011,855348.957143
1801125,IT,WE,NONF1,FINAN,0.04,179600.113,3,3,179600.113,0.0,0.0,0.0,0.0,4490002.825
1711151,IT,LU,FABRI,MACHI,0.73,179598.641,4,4,179598.628,0.0,0.0,0.0,0.013,246025.535616
1795056,IT,WL,ADDIT,SALEM,0.42,179587.438,5,5,179586.424,0.0,1.0,0.0,0.014,427589.138095
1750157,IT,CN,ALUM1,BITUM,0.31,179585.499,4,4,179585.485,0.0,0.0,0.0,0.014,579308.06129
1806039,IT,WF,COPP1,RETA1,0.45,179569.15,5,5,179568.141,0.0,0.0,1.0,0.009,399042.555556
1788221,IT,WA,LEATH,BITUM,1.29,179561.807,5,5,179560.776,0.0,1.0,0.0,0.031,139195.199225
1657206,IT,DE,CHEM1,LEATH,0.38,179558.85,4,4,179558.83,0.0,0.0,0.0,0.02,472523.289474
1794842,IT,WL,PLAST,COMPU,0.38,179552.731,4,4,179552.713,0.0,0.0,0.0,0.018,472507.186842
1749634,IT,CN,CHEM1,TOBAC,0.38,179542.87,4,4,179542.85,0.0,0.0,0.0,0.02,472481.236842
1788493,IT,WA,PULP5,AUXIL,0.55,179542.595,5,5,179541.578,0.0,1.0,0.0,0.017,326441.081818
1772642,IT,CH,GLASS,FURNI,0.49,179540.301,5,5,179539.291,0.0,0.0,1.0,0.01,366408.777551
1745678,IT,JP,TEXTI,SUPPO,1.06,179535.086,4,4,179535.062,0.0,0.0,0.0,0.024,169372.722642
1795665,IT,WL,FABRI,PREC1,0.73,179517.101,4,4,179517.088,0.0,0.0,0.0,0.013,245913.836986
1799861,IT,WE,GASDI,GLASS,0.27,179511.33,4,4,179511.315,0.0,0.0,0.0,0.015,664856.777778
1713630,IT,MT,PREC1,SEACO,0.3,179504.99,4,4,179504.982,0.0,0.0,0.0,0.008,598349.966667
1647888,IT,BE,REALE,LIQUE,7.58,179502.51,4,4,179502.498,0.0,0.0,0.0,0.012,23681.069921
1667169,IT,ES,BASIC,COLLE,0.21,179496.872,4,4,179496.861,0.0,0.0,0.0,0.011,854747.009524
1740387,IT,GB,HEALT,BIODI,0.93,179489.674,4,4,179489.667,0.0,0.0,0.0,0.007,192999.649462
1781565,IT,NO,TEXTI,RECRE,1.06,179460.233,4,4,179460.209,0.0,0.0,0.0,0.024,169302.106604
1655193,IT,CZ,BUSIN,REALE,1.84,179458.502,4,4,179458.49,0.0,0.0,0.0,0.012,97531.794565
1653486,IT,CZ,BASIC,BKBPE,0.21,179450.918,4,4,179450.907,0.0,0.0,0.0,0.011,854528.180952
1804410,IT,WF,KEROS,INSUR,0.27,179449.435,4,4,179449.42,0.0,0.0,0.0,0.015,664627.537037
1770290,IT,AU,HOTEL,ELEC6,1.3,179440.126,4,4,179440.112,0.0,0.0,0.0,0.014,138030.866154
1725679,IT,RO,PAPER,BRICK,0.7,179433.768,5,5,179432.75,0.0,1.0,0.0,0.018,256333.954286
1734866,IT,SK,PAPER,MACHI,0.7,179433.624,5,5,179432.606,0.0,1.0,0.0,0.018,256333.748571
1711158,IT,LU,FABRI,CONST,0.73,179424.785,4,4,179424.772,0.0,0.0,0.0,0.013,245787.376712
1677849,IT,FR,BUSIN,MEATC,1.84,179421.702,4,4,179421.69,0.0,0.0,0.0,0.012,97511.794565
1711397,IT,LU,RETA1,AUXIL,1.87,179416.024,4,4,179416.012,0.0,0.0,0.0,0.012,95944.397861
1781583,IT,NO,WEARI,PLAST,1.35,179413.452,4,4,179413.418,0.0,0.0,0.0,0.034,132898.853333
1667466,IT,ES,FABRI,PIGS9,0.73,179412.603,4,4,179412.59,0.0,0.0,0.0,0.013,245770.689041
1740625,IT,US,CRUDE,LIQUE,0.35,179385.968,4,4,179385.953,0.0,0.0,0.0,0.015,512531.337143
1773314,IT,CH,MACHI,PRINT,1.0,179381.819,4,4,179381.804,0.0,0.0,0.0,0.015,179381.819
1770018,IT,AU,FURNI,CONST,0.57,179381.092,5,5,179380.077,0.0,1.0,0.0,0.015,314703.670175
1799603,IT,WE,MOTOR,COKIN,0.27,179375.708,4,4,179375.693,0.0,0.0,0.0,0.015,664354.474074
1647568,IT,BE,SUPPO,MEMBE,1.29,179372.008,4,4,179371.999,0.0,0.0,0.0,0.009,139048.068217
1733244,IT,SI,MACHI,HOTEL,1.0,179367.127,4,4,179367.112,0.0,0.0,0.0,0.015,179367.127
1777280,IT,TR,RUBBE,RENTI,0.59,179357.384,4,4,179357.368,0.0,0.0,0.0,0.016,303995.566102
1741427,IT,US,MOTOR,WOODW,0.27,179355.341,4,4,179355.326,0.0,0.0,0.0,0.015,664279.040741
1726560,IT,RO,OFFIC,MACHI,0.56,179306.534,4,4,179306.521,0.0,0.0,0.0,0.013,320190.239286
1798716,IT,WE,DAIRY,INSUR,0.73,179304.701,5,5,179303.689,0.0,1.0,0.0,0.012,245622.878082
1737714,IT,GB,KEROS,REALE,0.27,179287.231,4,4,179287.216,0.0,0.0,0.0,0.015,664026.781481
1675317,IT,FR,FABRI,FOOD2,0.73,179272.161,4,4,179272.148,0.0,0.0,0.0,0.013,245578.30274
1729632,IT,SE,FABRI,PAPER,0.73,179269.601,4,4,179269.588,0.0,0.0,0.0,0.013,245574.79589
1681006,IT,GR,AIRTR,NAPHT,0.2,179267.616,4,4,179267.61,0.0,0.0,0.0,0.006,896338.08
1730655,IT,SE,RENTI,AIRTR,1.07,179254.504,4,4,179254.494,0.0,0.0,0.0,0.01,167527.573832
1666171,IT,ES,GASDI,WASTE,0.27,179235.908,4,4,179235.893,0.0,0.0,0.0,0.015,663836.696296
1654008,IT,CZ,MACHI,FOUND,1.0,179223.988,4,4,179223.973,0.0,0.0,0.0,0.015,179223.988
1676786,IT,FR,LANDT,NAPHT,1.16,179219.737,4,4,179219.729,0.0,0.0,0.0,0.008,154499.773276
1729941,IT,SE,FURNI,BUSIN,0.57,179204.143,5,5,179203.128,0.0,1.0,0.0,0.015,314393.233333
1761800,IT,IN,MACHI,REALE,1.0,179193.213,4,4,179193.198,0.0,0.0,0.0,0.015,179193.213
1665868,IT,ES,PRINT,RETA1,1.72,179189.043,4,4,179189.029,0.0,0.0,0.0,0.014,104179.676163
1810949,IT,WM,GASDI,MOTOR,0.27,179168.427,4,4,179168.412,0.0,0.0,0.0,0.015,663586.766667
1761160,IT,IN,CHEM1,RADIO,0.37,179159.776,4,4,179159.756,0.0,0.0,0.0,0.02,484215.610811
1771442,IT,CH,BEVER,MEATC,0.76,179153.392,4,4,179153.38,0.0,0.0,0.0,0.012,235728.147368
1651616,IT,CY,BRICK,CONST,0.27,179143.555,5,5,179142.544,0.0,0.0,1.0,0.011,663494.648148
1753229,IT,CA,CERAM,LEAD1,0.28,179140.777,5,5,179139.767,0.0,0.0,1.0,0.01,639788.489286
1653902,IT,CZ,FABRI,RETA1,0.73,179128.445,4,4,179128.432,0.0,0.0,0.0,0.013,245381.431507
1760983,IT,IN,NAPHT,ELEC5,0.3,179122.19,4,4,179122.177,0.0,0.0,0.0,0.013,597073.966667
1757996,IT,BR,RUBBE,PAPER,0.59,179118.988,4,4,179118.972,0.0,0.0,0.0,0.016,303591.505085
1796837,IT,WL,SEACO,FOOD5,0.18,179114.312,4,4,179114.309,0.0,0.0,0.0,0.003,995079.511111
1732370,IT,SI,PETRO,CONST,0.3,179112.15,4,4,179112.136,0.0,0.0,0.0,0.014,597040.5
1775168,IT,CH,RESEA,MOTOR,0.97,179099.452,4,4,179099.439,0.0,0.0,0.0,0.013,184638.610309
1737812,IT,GB,BITU1,KEROS,0.28,179093.424,4,4,179093.41,0.0,0.0,0.0,0.014,639619.371429
1795608,IT,WL,FABRI,RAWMI,0.73,179072.079,4,4,179072.066,0.0,0.0,0.0,0.013,245304.217808
1803775,IT,WF,TEXTI,NATUR,1.06,179064.505,4,4,179064.481,0.0,0.0,0.0,0.024,168928.778302
1753647,IT,CA,OFFIC,LANDT,0.55,179022.484,4,4,179022.471,0.0,0.0,0.0,0.013,325495.425455
1671518,IT,FI,MACHI,COLLE,1.0,179005.166,4,4,179005.151,0.0,0.0,0.0,0.015,179005.166
1737867,IT,GB,PLAST,NONME,0.38,178989.585,4,4,178989.567,0.0,0.0,0.0,0.018,471025.223684
1744750,IT,US,RESEA,WEARI,0.97,178985.97,4,4,178985.957,0.0,0.0,0.0,0.013,184521.618557
1772599,IT,CH,RUBBE,MEMBE,0.59,178980.667,4,4,178980.651,0.0,0.0,0.0,0.016,303357.062712
1714117,IT,MT,SEACO,INSUR,0.18,178949.343,4,4,178949.34,0.0,0.0,0.0,0.003,994163.016667
1679855,IT,GR,ALUM1,REALE,0.31,178931.533,4,4,178931.519,0.0,0.0,0.0,0.014,577198.493548
1742100,IT,US,RUBBE,FOUND,0.59,178901.905,4,4,178901.889,0.0,0.0,0.0,0.016,303223.567797
1711983,IT,LV,VEGET,MOTO1,0.63,178880.277,5,5,178879.27,0.0,1.0,0.0,0.007,283936.947619
1749060,IT,CN,LEATH,AIRTR,1.28,178877.86,5,5,178876.829,0.0,1.0,0.0,0.031,139748.328125
1811109,IT,WM,HEAVY,93197,0.29,178870.141,4,4,178870.127,0.0,0.0,0.0,0.014,616793.589655
1689044,IT,IE,MOTO1,SALEM,0.95,178864.882,4,4,178864.87,0.0,0.0,0.0,0.012,188278.823158
1769767,IT,AU,MACHI,GLASS,1.0,178835.608,4,4,178835.593,0.0,0.0,0.0,0.015,178835.608
1751921,IT,CN,COMPU,MOTO1,2.04,178826.927,4,4,178826.916,0.0,0.0,0.0,0.011,87660.258333
1753200,IT,CA,GLASS,FURNI,0.49,178814.333,5,5,178813.323,0.0,0.0,1.0,0.01,364927.210204
1729473,IT,SE,ALUM1,WOODW,0.31,178804.497,4,4,178804.483,0.0,0.0,0.0,0.014,576788.7
1676490,IT,FR,RETA1,LANDT,1.87,178796.826,4,4,178796.814,0.0,0.0,0.0,0.012,95613.275936
1675832,IT,FR,ELEC1,RUBBE,0.03,178790.062,4,4,178790.051,0.0,0.0,0.0,0.011,5959668.733333
1682106,IT,HR,TEXTI,LEATH,1.06,178774.528,4,4,178774.504,0.0,0.0,0.0,0.024,168655.215094
1731621,IT,SI,LEATH,TEXTI,1.28,178751.779,5,5,178750.748,0.0,1.0,0.0,0.031,139649.827344
1728978,IT,SE,CHEM1,MEMBE,0.37,178751.242,4,4,178751.222,0.0,0.0,0.0,0.02,483111.464865
1642652,IT,AT,FABRI,DISTR,0.73,178746.562,4,4,178746.549,0.0,0.0,0.0,0.013,244858.30411
1772697,IT,CH,CERAM,DISTR,0.28,178736.407,5,5,178735.397,0.0,0.0,1.0,0.01,638344.310714
1750173,IT,CN,ALUM1,CERAM,0.31,178722.186,4,4,178722.172,0.0,0.0,0.0,0.014,576523.180645
1769497,IT,AU,BASIC,TRANS,0.21,178718.18,4,4,178718.169,0.0,0.0,0.0,0.011,851038.952381
1812659,IT,WM,COPP1,PLAST,0.45,178707.436,5,5,178706.427,0.0,0.0,1.0,0.009,397127.635556
1753188,IT,CA,GLASS,RUBBE,0.49,178698.911,5,5,178697.901,0.0,0.0,1.0,0.01,364691.655102
1661848,IT,DK,PAPER,RUBBE,0.69,178696.725,5,5,178695.707,0.0,1.0,0.0,0.018,258980.76087
1656475,IT,DE,PAPER,CHEMI,0.69,178681.918,5,5,178680.9,0.0,1.0,0.0,0.018,258959.301449
1766002,IT,RU,CHEM1,GLASS,0.37,178642.618,4,4,178642.598,0.0,0.0,0.0,0.02,482817.886486
1653368,IT,CZ,GLASS,REALE,0.49,178631.784,5,5,178630.774,0.0,0.0,1.0,0.01,364554.661224
1675062,IT,FR,ALUM1,CERAM,0.31,178609.169,4,4,178609.155,0.0,0.0,0.0,0.014,576158.609677
1653870,IT,CZ,FABRI,CERAM,0.73,178600.243,4,4,178600.23,0.0,0.0,0.0,0.013,244657.867123
1777563,IT,TR,PREC1,FABRI,0.3,178573.36,4,4,178573.352,0.0,0.0,0.0,0.008,595244.533333
1758545,IT,BR,MACHI,PUBLI,1.0,178561.653,4,4,178561.638,0.0,0.0,0.0,0.015,178561.653
1654173,IT,CZ,MOTO1,OFFIC,0.95,178549.54,4,4,178549.528,0.0,0.0,0.0,0.012,187946.884211
1788256,IT,WA,LEATH,PAPER,1.28,178534.157,5,5,178533.126,0.0,1.0,0.0,0.031,139479.810156
1749614,IT,CN,CHEM1,ANIMA,0.37,178528.235,4,4,178528.216,0.0,0.0,0.0,0.019,482508.743243
1642817,IT,AT,OFFIC,OFFIC,0.55,178504.85,4,4,178504.837,0.0,0.0,0.0,0.013,324554.272727
1671584,IT,FI,MOTO1,SUPPO,0.95,178488.39,4,4,178488.378,0.0,0.0,0.0,0.012,187882.515789
1672589,IT,FR,CROPS,HOTEL,1.41,178461.603,4,4,178461.593,0.0,0.0,0.0,0.01,126568.512766
1801618,IT,WE,TRANS,RESEA,1.06,178447.195,4,4,178447.185,0.0,0.0,0.0,0.01,168346.410377
1753139,IT,CA,RUBBE,HOTEL,0.59,178435.268,4,4,178435.252,0.0,0.0,0.0,0.016,302432.657627
1813191,IT,WM,MOTO1,FINAN,0.95,178430.526,4,4,178430.514,0.0,0.0,0.0,0.012,187821.606316
1669816,IT,ES,BUSIN,WHOLE,1.83,178406.567,4,4,178406.555,0.0,0.0,0.0,0.012,97489.927322
1788440,IT,WA,PULP5,FOOD5,0.54,178399.397,5,5,178398.38,0.0,1.0,0.0,0.017,330369.253704
1750622,IT,CN,OFFIC,POSTT,0.55,178399.284,4,4,178399.271,0.0,0.0,0.0,0.013,324362.334545
1775285,IT,CH,BUSIN,NONME,1.83,178399.087,4,4,178399.075,0.0,0.0,0.0,0.012,97485.839891
1774246,IT,CH,RETA1,SEACO,1.86,178389.325,4,4,178389.313,0.0,0.0,0.0,0.012,95908.239247
1719560,IT,PL,GLASS,FINAN,0.49,178374.136,5,5,178373.126,0.0,0.0,1.0,0.01,364028.84898
1674842,IT,FR,NONME,WOODW,0.36,178364.492,4,4,178364.472,0.0,0.0,0.0,0.02,495456.922222
1685680,IT,HU,HEAVY,WHOLE,0.29,178353.183,4,4,178353.169,0.0,0.0,0.0,0.014,615010.975862
1799900,IT,WE,GASDI,AUXIL,0.27,178325.587,4,4,178325.572,0.0,0.0,0.0,0.015,660465.137037
1720624,IT,PL,MOTO1,TEXTI,0.95,178323.977,4,4,178323.965,0.0,0.0,0.0,0.012,187709.449474
1652408,IT,CZ,TEXTI,BASIC,1.06,178323.853,4,4,178323.829,0.0,0.0,0.0,0.024,168230.05
1806678,IT,WF,WHOLE,CRUDE,1.54,178310.571,4,4,178310.561,0.0,0.0,0.0,0.01,115786.085065
1659525,IT,DE,RETA1,WHOLE,1.86,178296.78,4,4,178296.768,0.0,0.0,0.0,0.012,95858.483871
1783664,IT,NO,WASTE,ALUM1,0.57,178286.087,4,4,178286.077,0.0,0.0,0.0,0.01,312782.608772
1711036,IT,LU,BASIC,RUBBE,0.21,178285.865,4,4,178285.854,0.0,0.0,0.0,0.011,848980.309524
1729570,IT,SE,COPP1,HOTEL,0.45,178272.317,5,5,178271.308,0.0,0.0,1.0,0.009,396160.704444
1654654,IT,CZ,LANDT,NFERT,1.15,178259.036,4,4,178259.028,0.0,0.0,0.0,0.008,155007.857391
1743807,IT,US,LANDT,RETA1,1.15,178257.928,4,4,178257.92,0.0,0.0,0.0,0.008,155006.893913
1729917,IT,SE,FURNI,MACHI,0.57,178239.179,5,5,178238.164,0.0,1.0,0.0,0.015,312700.314035
1779663,IT,TR,RESEA,BASIC,0.97,178226.628,4,4,178226.616,0.0,0.0,0.0,0.012,183738.791753
1773733,IT,CH,ELEC1,LEAD1,0.03,178224.987,4,4,178224.976,0.0,0.0,0.0,0.011,5940832.9
1744755,IT,US,RESEA,PRINT,0.97,178224.663,4,4,178224.651,0.0,0.0,0.0,0.012,183736.765979
1675612,IT,FR,MOTO1,HOTEL,0.95,178220.316,4,4,178220.304,0.0,0.0,0.0,0.012,187600.332632
1785577,IT,ZA,GASDI,FORES,0.27,178165.096,4,4,178165.081,0.0,0.0,0.0,0.015,659870.725926
1674672,IT,FR,GLASS,NUCLE,0.49,178155.855,5,5,178154.845,0.0,0.0,1.0,0.01,363583.377551
1745630,IT,JP,TEXTI,PRINT,1.06,178147.41,4,4,178147.386,0.0,0.0,0.0,0.024,168063.59434
1673993,IT,FR,KEROS,REALE,0.26,178144.007,4,4,178143.993,0.0,0.0,0.0,0.014,685169.257692
1786933,IT,ZA,AIRTR,PUBLI,0.19,178137.192,4,4,178137.186,0.0,0.0,0.0,0.006,937564.168421
1751311,IT,CN,LANDT,POULT,1.15,178089.254,4,4,178089.246,0.0,0.0,0.0,0.008,154860.22087
1798419,IT,WE,NATUR,MEATP,0.25,178088.706,4,4,178088.694,0.0,0.0,0.0,0.012,712354.824
1752500,IT,CA,FOOD5,MEAT1,0.86,178077.696,5,5,178076.68,0.0,1.0,0.0,0.016,207067.088372
1789393,IT,WA,CHEM1,ELECT,0.37,178057.481,4,4,178057.462,0.0,0.0,0.0,0.019,481236.435135
1756049,IT,KR,FABRI,BEVER,0.72,178043.982,4,4,178043.969,0.0,0.0,0.0,0.013,247283.308333
1717921,IT,PL,FISHF,WHOLE,0.31,178043.154,4,4,178043.148,0.0,0.0,0.0,0.006,574332.754839
1791688,IT,WA,HOTEL,AIRTR,1.29,178012.447,4,4,178012.434,0.0,0.0,0.0,0.013,137994.144961
1683096,IT,HR,RUBBE,CEMEN,0.59,178008.502,4,4,178008.486,0.0,0.0,0.0,0.016,301709.325424
1655538,IT,DE,STONE,CEMEN,0.58,177983.893,5,5,177973.885,0.0,0.0,10.0,0.008,306868.781034
1709594,IT,LT,PAPER,GASDI,0.69,177982.446,5,5,177981.428,0.0,1.0,0.0,0.018,257945.573913
1763483,IT,MX,PLAST,TRANS,0.37,177980.775,4,4,177980.757,0.0,0.0,0.0,0.018,481029.121622
1715048,IT,NL,TEXTI,WHOLE,1.05,177970.497,4,4,177970.473,0.0,0.0,0.0,0.024,169495.711429
1761700,IT,IN,MACHI,WHEAT,0.99,177946.473,4,4,177946.458,0.0,0.0,0.0,0.015,179743.912121
1656180,IT,DE,TEXTI,PAPER,1.05,177938.148,4,4,177938.124,0.0,0.0,0.0,0.024,169464.902857
1645313,IT,BE,KEROS,PUBLI,0.26,177937.109,4,4,177937.095,0.0,0.0,0.0,0.014,684373.496154
1730203,IT,SE,LANDT,WHOLE,1.15,177933.28,4,4,177933.272,0.0,0.0,0.0,0.008,154724.591304
1742804,IT,US,FABRI,INSUR,0.72,177930.5,4,4,177930.487,0.0,0.0,0.0,0.013,247125.694444
1652718,IT,CZ,PAPER,CHEM1,0.69,177924.445,5,5,177923.427,0.0,1.0,0.0,0.018,257861.514493
1720084,IT,PL,ALUM1,WASTE,0.31,177913.852,4,4,177913.838,0.0,0.0,0.0,0.014,573915.651613
1686783,IT,HU,FABRI,MEAT1,0.72,177892.819,4,4,177892.806,0.0,0.0,0.0,0.013,247073.359722
1676942,IT,FR,AIRTR,PRINT,0.19,177875.015,4,4,177875.009,0.0,0.0,0.0,0.006,936184.289474
1804151,IT,WF,PAPER,FABRI,0.69,177853.33,5,5,177852.312,0.0,1.0,0.0,0.018,257758.449275
1659987,IT,DE,SEACO,CONST,0.18,177829.976,4,4,177829.973,0.0,0.0,0.0,0.003,987944.311111
1812298,IT,WM,BASIC,VEGE1,0.2,177798.037,4,4,177798.026,0.0,0.0,0.0,0.011,888990.185
1741835,IT,US,PFERT,CEREA,0.08,177796.555,4,4,177796.527,0.0,0.0,0.0,0.028,2222456.9375
1799159,IT,WE,WEARI,RADIO,1.34,177792.931,4,4,177792.897,0.0,0.0,0.0,0.034,132681.291791
1780877,IT,TW,RESEA,COKEO,0.96,177791.547,4,4,177791.535,0.0,0.0,0.0,0.012,185199.528125
1739193,IT,GB,RETA1,FABRI,1.86,177791.225,4,4,177791.213,0.0,0.0,0.0,0.012,95586.680108
1663654,IT,DK,BUSIN,POSTT,1.83,177790.692,4,4,177790.68,0.0,0.0,0.0,0.012,97153.383607
1685853,IT,HU,CHEM1,LEATH,0.37,177779.746,4,4,177779.727,0.0,0.0,0.0,0.019,480485.8
1685594,IT,HU,PRINT,OFFIC,1.71,177773.715,4,4,177773.701,0.0,0.0,0.0,0.014,103961.236842
1685701,IT,HU,NAPHT,PLAST,0.3,177771.775,4,4,177771.762,0.0,0.0,0.0,0.013,592572.583333
1745172,IT,JP,VEGET,VEGET,0.63,177756.365,5,5,177755.358,0.0,1.0,0.0,0.007,282152.960317
1682721,IT,HR,GASDI,OFFIC,0.26,177755.532,4,4,177755.518,0.0,0.0,0.0,0.014,683675.123077
1710068,IT,LT,FABRI,HEAVY,0.72,177744.797,4,4,177744.784,0.0,0.0,0.0,0.013,246867.773611
1729434,IT,SE,BASIC,FOOD2,0.2,177744.202,4,4,177744.191,0.0,0.0,0.0,0.011,888721.01
1649954,IT,BG,FABRI,TRAN1,0.72,177713.009,4,4,177712.996,0.0,0.0,0.0,0.013,246823.623611
1765800,IT,RU,MOTOR,AIRTR,0.27,177684.287,4,4,177684.273,0.0,0.0,0.0,0.014,658089.951852
1761161,IT,IN,CHEM1,MEDIC,0.37,177682.464,4,4,177682.445,0.0,0.0,0.0,0.019,480222.875676
1810971,IT,WM,GASDI,ALUM1,0.26,177682.333,4,4,177682.319,0.0,0.0,0.0,0.014,683393.588462
1672993,IT,FR,PROCE,SUGA1,1.2,177678.847,5,5,177677.836,0.0,1.0,0.0,0.011,148065.705833
1740251,IT,GB,BUSIN,DIST1,1.82,177678.377,4,4,177678.365,0.0,0.0,0.0,0.012,97625.481868
1683010,IT,HR,CHEM1,NONME,0.37,177666.808,4,4,177666.789,0.0,0.0,0.0,0.019,480180.562162
1653939,IT,CZ,MACHI,CROPS,0.99,177654.38,4,4,177654.365,0.0,0.0,0.0,0.015,179448.868687
1800133,IT,WE,NAPHT,WHOLE,0.3,177645.2,4,4,177645.187,0.0,0.0,0.0,0.013,592150.666667
1806869,IT,WF,HOTEL,CRUDE,1.29,177630.556,4,4,177630.543,0.0,0.0,0.0,0.013,137698.105426
1651293,IT,CY,BEVER,HOTEL,0.76,177577.578,4,4,177577.567,0.0,0.0,0.0,0.011,233654.707895
1772575,IT,CH,RUBBE,AIRTR,0.59,177560.092,4,4,177560.076,0.0,0.0,0.0,0.016,300949.308475
1738933,IT,GB,FURNI,RENTI,0.57,177558.471,5,5,177557.456,0.0,1.0,0.0,0.015,311506.089474
1710183,IT,LT,MACHI,RETA1,0.99,177555.581,4,4,177555.566,0.0,0.0,0.0,0.015,179349.071717
1767107,IT,RU,FURNI,RETA1,0.57,177533.74,5,5,177532.725,0.0,1.0,0.0,0.015,311462.701754
1718612,IT,PL,LEATH,NONME,1.27,177525.678,5,5,177524.647,0.0,1.0,0.0,0.031,139783.998425
1728459,IT,SE,LEATH,MACHI,1.27,177520.193,5,5,177519.162,0.0,1.0,0.0,0.031,139779.679528
1682409,IT,HR,PAPER,TEXTI,0.69,177511.917,5,5,177510.899,0.0,1.0,0.0,0.018,257263.647826
1654307,IT,CZ,ELEC2,MACHI,0.04,177501.858,4,4,177501.839,0.0,0.0,0.0,0.019,4437546.45
1643518,IT,AT,TRAN2,LIQUE,0.27,177495.525,4,4,177495.52,0.0,0.0,0.0,0.005,657390.833333
1721546,IT,PL,SUPPO,WHOLE,1.28,177483.895,4,4,177483.886,0.0,0.0,0.0,0.009,138659.292969
1686043,IT,HU,RUBBE,CEREA,0.59,177452.073,4,4,177452.057,0.0,0.0,0.0,0.016,300766.225424
1650064,IT,BG,MACHI,TRAN1,0.99,177449.121,4,4,177449.106,0.0,0.0,0.0,0.015,179241.536364
1740130,IT,GB,COMPU,MOTO1,2.03,177441.037,4,4,177441.026,0.0,0.0,0.0,0.011,87409.377833
1771341,IT,CH,DAIRY,93197,0.72,177439.488,5,5,177438.476,0.0,1.0,0.0,0.012,246443.733333
1720424,IT,PL,MACHI,LIQUE,0.99,177435.494,4,4,177435.479,0.0,0.0,0.0,0.015,179227.771717
1807892,IT,WF,PAPE1,PUBLI,1.24,177427.556,4,4,177427.545,0.0,0.0,0.0,0.011,143086.73871
1759752,IT,BR,BUSIN,CHARC,1.82,177419.012,4,4,177419.0,0.0,0.0,0.0,0.012,97482.973626
1663041,IT,DK,HOTEL,HOTEL,1.29,177363.822,4,4,177363.809,0.0,0.0,0.0,0.013,137491.334884
1761797,IT,IN,MACHI,POSTT,0.99,177347.348,4,4,177347.333,0.0,0.0,0.0,0.015,179138.735354
1772911,IT,CH,BASIC,FOODW,0.2,177323.988,4,4,177323.977,0.0,0.0,0.0,0.011,886619.94
1738194,IT,GB,CERAM,MACHI,0.28,177322.6,5,5,177321.59,0.0,0.0,1.0,0.01,633295.0
1711222,IT,LU,MACHI,CONST,0.99,177307.35,4,4,177307.335,0.0,0.0,0.0,0.015,179098.333333
1741465,IT,US,MOTOR,SALEM,0.26,177306.865,4,4,177306.851,0.0,0.0,0.0,0.014,681949.480769
1743668,IT,US,HOTEL,FOODW,1.29,177300.522,4,4,177300.509,0.0,0.0,0.0,0.013,137442.265116
1796602,IT,WL,HOTEL,PRINT,1.29,177299.186,4,4,177299.173,0.0,0.0,0.0,0.013,137441.229457
1775613,IT,CH,RECRE,COMPU,2.25,177235.758,4,4,177235.745,0.0,0.0,0.0,0.013,78771.448
1773330,IT,CH,MACHI,NONME,0.99,177227.833,4,4,177227.818,0.0,0.0,0.0,0.015,179018.013131
1671677,IT,FI,CONST,RENTI,0.99,177224.229,5,5,177223.22,0.0,0.0,1.0,0.009,179014.372727
1667787,IT,ES,OFFIC,GLASS,0.55,177224.137,4,4,177224.124,0.0,0.0,0.0,0.013,322225.703636
1719176,IT,PL,PLAST,DIST1,0.37,177220.628,4,4,177220.61,0.0,0.0,0.0,0.018,478974.67027
1801203,IT,WE,FABRI,RUBBE,0.72,177210.584,4,4,177210.571,0.0,0.0,0.0,0.013,246125.811111
1710734,IT,LU,BEVER,DISTR,0.75,177188.761,4,4,177188.75,0.0,0.0,0.0,0.011,236251.681333
1809075,IT,WM,CROPS,POULT,1.4,177159.003,4,4,177158.993,0.0,0.0,0.0,0.01,126542.145
1713096,IT,MT,FOOD5,FISHF,0.85,177149.98,5,5,177148.964,0.0,1.0,0.0,0.016,208411.741176
1755929,IT,KR,BASIC,WHOLE,0.2,177125.273,4,4,177125.262,0.0,0.0,0.0,0.011,885626.365
1784305,IT,ID,CHEM1,AIRTR,0.37,177108.818,4,4,177108.799,0.0,0.0,0.0,0.019,478672.481081
1804135,IT,WF,PAPER,PFERT,0.69,177102.109,5,5,177101.092,0.0,1.0,0.0,0.017,256669.723188
1676488,IT,FR,RETA1,HOTEL,1.85,177085.569,4,4,177085.557,0.0,0.0,0.0,0.012,95721.929189
1784637,IT,ID,MACHI,AUXIL,0.99,177076.677,4,4,177076.662,0.0,0.0,0.0,0.015,178865.330303
1769760,IT,AU,MACHI,PLAST,0.99,177070.232,4,4,177070.217,0.0,0.0,0.0,0.015,178858.820202
1789976,IT,WA,NONME,SANDC,0.36,177027.059,4,4,177027.04,0.0,0.0,0.0,0.019,491741.830556
1728599,IT,SE,PAPER,REALE,0.69,177026.049,5,5,177025.032,0.0,1.0,0.0,0.017,256559.491304
1659265,IT,DE,SALEM,CONST,1.43,177024.838,4,4,177024.827,0.0,0.0,0.0,0.011,123793.593007
1725321,IT,RO,BEVER,BUSIN,0.75,177009.467,4,4,177009.456,0.0,0.0,0.0,0.011,236012.622667
1738137,IT,GB,GLASS,PLAST,0.49,177000.755,5,5,176999.745,0.0,0.0,1.0,0.01,361226.030612
1746361,IT,JP,RUBBE,PAPER,0.59,176981.832,4,4,176981.816,0.0,0.0,0.0,0.016,299969.20678
1740248,IT,GB,BUSIN,ELEC8,1.82,176971.153,4,4,176971.141,0.0,0.0,0.0,0.012,97236.897253
1711666,IT,LU,COMPU,FINAN,2.02,176969.054,4,4,176969.043,0.0,0.0,0.0,0.011,87608.442574
1645729,IT,BE,RUBBE,FISH5,0.59,176951.316,4,4,176951.3,0.0,0.0,0.0,0.016,299917.484746
1810824,IT,WM,KEROS,BRICK,0.26,176944.744,4,4,176944.73,0.0,0.0,0.0,0.014,680556.707692
1750233,IT,CN,COPP1,TEXTI,0.45,176942.056,5,5,176941.047,0.0,0.0,1.0,0.009,393204.568889
1662376,IT,DK,BASIC,RETA1,0.2,176925.592,4,4,176925.581,0.0,0.0,0.0,0.011,884627.96
1772940,IT,CH,PREC1,RUBBE,0.3,176918.851,4,4,176918.843,0.0,0.0,0.0,0.008,589729.503333
1719908,IT,PL,PREC1,HEAVY,0.3,176907.047,4,4,176907.039,0.0,0.0,0.0,0.008,589690.156667
1766262,IT,RU,CERAM,CERAM,0.28,176893.077,5,5,176892.067,0.0,0.0,1.0,0.01,631760.989286
1725040,IT,RO,VEGET,VEGE1,0.63,176885.819,5,5,176884.812,0.0,1.0,0.0,0.007,280771.14127
1772917,IT,CH,BASIC,RECRE,0.2,176881.772,4,4,176881.761,0.0,0.0,0.0,0.011,884408.86
1660407,IT,DE,FINAN,HOTEL,2.3,176880.394,4,4,176880.389,0.0,0.0,0.0,0.005,76904.51913
1810672,IT,WM,MOTOR,FOOD5,0.26,176874.333,4,4,176874.319,0.0,0.0,0.0,0.014,680285.896154
1670683,IT,FI,WOODW,PAPER,0.49,176856.038,5,5,176855.026,0.0,1.0,0.0,0.012,360930.689796
1794522,IT,WL,HEAVY,OILSE,0.29,176835.458,4,4,176835.444,0.0,0.0,0.0,0.014,609777.441379
1780389,IT,TW,AIRTR,INSUR,0.19,176833.766,4,4,176833.76,0.0,0.0,0.0,0.006,930704.031579
1650030,IT,BG,MACHI,GASDI,0.99,176830.669,4,4,176830.654,0.0,0.0,0.0,0.015,178616.837374
1777812,IT,TR,FABRI,CERAM,0.72,176813.505,4,4,176813.492,0.0,0.0,0.0,0.013,245574.3125
1801672,IT,WE,FURNI,MOTO1,0.56,176798.509,5,5,176797.494,0.0,1.0,0.0,0.015,315711.623214
1772849,IT,CH,BASIC,PRINT,0.2,176789.655,4,4,176789.644,0.0,0.0,0.0,0.011,883948.275
1660366,IT,DE,FINAN,RUBBE,2.3,176786.476,4,4,176786.471,0.0,0.0,0.0,0.005,76863.685217
1721271,IT,PL,LANDT,ELEC1,1.14,176781.707,4,4,176781.699,0.0,0.0,0.0,0.008,155071.672807
1739734,IT,GB,SUPPO,COMPU,1.27,176770.278,4,4,176770.269,0.0,0.0,0.0,0.009,139189.195276
1689922,IT,IE,AUXIL,FINAN,3.23,176730.828,4,4,176730.819,0.0,0.0,0.0,0.009,54715.426625
1719617,IT,PL,CERAM,DIST1,0.28,176729.057,5,5,176728.047,0.0,0.0,1.0,0.01,631175.203571
1801517,IT,WE,MOTO1,RAILW,0.94,176724.822,4,4,176724.811,0.0,0.0,0.0,0.011,188005.129787
1714796,IT,NL,FOOD5,CROPS,0.85,176721.145,5,5,176720.129,0.0,1.0,0.0,0.016,207907.229412
1773741,IT,CH,ELEC1,HOTEL,0.03,176714.941,4,4,176714.93,0.0,0.0,0.0,0.011,5890498.033333
1756124,IT,KR,FABRI,PUBLI,0.72,176708.913,4,4,176708.9,0.0,0.0,0.0,0.013,245429.045833
1682606,IT,HR,KEROS,DAIRY,0.26,176704.481,4,4,176704.467,0.0,0.0,0.0,0.014,679632.619231
1734841,IT,SK,PAPER,BEVER,0.68,176702.395,5,5,176701.378,0.0,1.0,0.0,0.017,259856.463235
1807667,IT,WF,BUSIN,NATUR,1.81,176680.063,4,4,176680.051,0.0,0.0,0.0,0.012,97613.294475
1653217,IT,CZ,RUBBE,DAIRY,0.59,176649.84,4,4,176649.824,0.0,0.0,0.0,0.016,299406.508475
1781931,IT,NO,CHEM1,RENTI,0.37,176647.671,4,4,176647.652,0.0,0.0,0.0,0.019,477426.137838
1741918,IT,US,CHEM1,PREC1,0.37,176619.306,4,4,176619.287,0.0,0.0,0.0,0.019,477349.475676
1755248,IT,KR,PAPER,FOOD5,0.68,176592.835,5,5,176591.818,0.0,1.0,0.0,0.017,259695.345588
1671147,IT,FI,GLASS,BUSIN,0.48,176579.275,5,5,176578.265,0.0,0.0,1.0,0.01,367873.489583
1800723,IT,WE,CEMEN,HEALT,0.28,176572.725,5,5,176571.717,0.0,0.0,1.0,0.008,630616.875
1727144,IT,RO,LANDT,RETA1,1.14,176570.884,4,4,176570.876,0.0,0.0,0.0,0.008,154886.740351
1780163,IT,TW,HOTEL,MEDIC,1.28,176567.373,4,4,176567.36,0.0,0.0,0.0,0.013,137943.260156
1788981,IT,WA,HEAVY,CONST,0.29,176554.66,4,4,176554.646,0.0,0.0,0.0,0.014,608809.172414
1710897,IT,LU,KEROS,SUPPO,0.26,176548.149,4,4,176548.135,0.0,0.0,0.0,0.014,679031.342308
1747058,IT,JP,FURNI,PAPER,0.56,176533.122,5,5,176532.107,0.0,1.0,0.0,0.015,315237.717857
1725353,IT,RO,TEXTI,VEGET,1.05,176532.511,4,4,176532.488,0.0,0.0,0.0,0.023,168126.200952
1642885,IT,AT,MOTO1,COMPU,0.94,176519.264,4,4,176519.253,0.0,0.0,0.0,0.011,187786.451064
1791158,IT,WA,FURNI,PIGS9,0.56,176510.679,5,5,176509.664,0.0,1.0,0.0,0.015,315197.641071
1794229,IT,WL,PRINT,REALE,1.69,176510.397,4,4,176510.384,0.0,0.0,0.0,0.013,104444.021893
1642450,IT,AT,ALUM1,SECO9,0.31,176494.21,4,4,176494.196,0.0,0.0,0.0,0.014,569336.16129
1685307,IT,HU,WEARI,WEARI,1.33,176493.098,4,4,176493.064,0.0,0.0,0.0,0.034,132701.577444
1811341,IT,WM,BITU1,COMPU,0.28,176474.945,4,4,176474.931,0.0,0.0,0.0,0.014,630267.660714
1687997,IT,HU,RENTI,RETA1,1.05,176469.509,4,4,176469.499,0.0,0.0,0.0,0.01,168066.199048
1776422,IT,TR,COKEO,MEAT1,0.02,176447.416,3,3,176447.416,0.0,0.0,0.0,0.0,8822370.8
1814028,IT,WM,SEACO,RAILW,0.18,176428.915,4,4,176428.912,0.0,0.0,0.0,0.003,980160.638889
1752833,IT,CA,PAPER,WHOLE,0.68,176424.997,5,5,176423.98,0.0,1.0,0.0,0.017,259448.525
1666857,IT,ES,GLASS,PRINT,0.48,176415.607,5,5,176414.597,0.0,0.0,1.0,0.01,367532.514583
1677057,IT,FR,SUPPO,BIOGA,1.27,176412.372,4,4,176412.363,0.0,0.0,0.0,0.009,138907.379528
1740327,IT,GB,PUBLI,WHOLE,2.89,176409.619,4,4,176409.607,0.0,0.0,0.0,0.012,61041.390657
1720880,IT,PL,CONST,CONST,0.99,176406.929,5,5,176405.92,0.0,0.0,1.0,0.009,178188.817172
1755307,IT,KR,PAPER,FINAN,0.68,176389.063,5,5,176388.046,0.0,1.0,0.0,0.017,259395.680882
1675676,IT,FR,TRANS,RETA1,1.05,176354.608,4,4,176354.598,0.0,0.0,0.0,0.01,167956.769524
1665753,IT,ES,PAPER,TRANS,0.68,176351.465,5,5,176350.448,0.0,1.0,0.0,0.017,259340.389706
1720506,IT,PL,MACHI,FOOD2,0.98,176346.53,4,4,176346.516,0.0,0.0,0.0,0.014,179945.438776
1683403,IT,HR,BASIC,BRICK,0.2,176345.325,4,4,176345.314,0.0,0.0,0.0,0.011,881726.625
1711281,IT,LU,CONST,AUXIL,0.99,176309.215,5,5,176308.206,0.0,0.0,1.0,0.009,178090.116162
1809018,IT,WM,VEGET,NONME,0.62,176302.974,5,5,176301.967,0.0,1.0,0.0,0.007,284359.635484
1733400,IT,SI,ELEC2,MACHI,0.04,176281.304,4,4,176281.286,0.0,0.0,0.0,0.018,4407032.6
1769891,IT,AU,MOTO1,BITUM,0.94,176279.909,4,4,176279.898,0.0,0.0,0.0,0.011,187531.818085
1657714,IT,DE,CEMEN,GASDI,0.28,176260.809,5,5,176259.801,0.0,0.0,1.0,0.008,629502.889286
1777741,IT,TR,NONF1,NONF1,0.04,176258.87,3,3,176258.87,0.0,0.0,0.0,0.0,4406471.75
1732985,IT,SI,ALUM1,WASTE,0.31,176231.516,4,4,176231.502,0.0,0.0,0.0,0.014,568488.76129
1726573,IT,RO,OFFIC,SUPPO,0.55,176217.344,4,4,176217.331,0.0,0.0,0.0,0.013,320395.170909
1801260,IT,WE,FABRI,PRIVA,0.72,176202.144,4,4,176202.131,0.0,0.0,0.0,0.013,244725.2
1802971,IT,WF,WHEAT,PULP5,0.13,176201.879,5,5,176200.875,0.0,1.0,0.0,0.004,1355399.069231
1778920,IT,TR,SEACO,BRICK,0.18,176200.991,4,4,176200.988,0.0,0.0,0.0,0.003,978894.394444
1687079,IT,HU,MOTO1,CONST,0.94,176195.876,4,4,176195.865,0.0,0.0,0.0,0.011,187442.421277
1666805,IT,ES,RUBBE,PUBLI,0.58,176195.253,4,4,176195.237,0.0,0.0,0.0,0.016,303784.918966
1647169,IT,BE,RAILW,COPP1,1.18,176183.049,5,5,176182.041,0.0,0.0,1.0,0.008,149307.668644
1642375,IT,AT,BASIC,PUBLI,0.2,176170.094,4,4,176170.083,0.0,0.0,0.0,0.011,880850.47
1719328,IT,PL,CHEM1,WASTE,0.37,176156.109,4,4,176156.09,0.0,0.0,0.0,0.019,476097.591892
1806912,IT,WF,HOTEL,HEALT,1.28,176154.505,4,4,176154.492,0.0,0.0,0.0,0.013,137620.707031
1805838,IT,WF,ALUM1,IRONO,0.31,176152.913,4,4,176152.899,0.0,0.0,0.0,0.014,568235.203226
1757448,IT,BR,PAPER,PRINT,0.68,176152.713,5,5,176151.696,0.0,1.0,0.0,0.017,259048.107353
1712939,IT,MT,WHEAT,HOTEL,0.13,176149.424,5,5,176148.42,0.0,1.0,0.0,0.004,1354995.569231
1666097,IT,ES,GASDI,PAPER,0.26,176119.484,4,4,176119.47,0.0,0.0,0.0,0.014,677382.630769
1648210,IT,BE,BUSIN,RADIO,1.81,176100.889,4,4,176100.877,0.0,0.0,0.0,0.012,97293.30884
1662163,IT,DK,RUBBE,MOTO1,0.58,176097.721,4,4,176097.705,0.0,0.0,0.0,0.016,303616.760345
1805826,IT,WF,PREC1,RECRE,0.3,176094.325,4,4,176094.317,0.0,0.0,0.0,0.008,586981.083333
1761146,IT,IN,CHEM1,BRICK,0.37,176093.131,4,4,176093.112,0.0,0.0,0.0,0.019,475927.381081
1656665,IT,DE,COKEO,SANDC,0.02,176092.191,3,3,176092.191,0.0,0.0,0.0,0.0,8804609.55
1781020,IT,TW,BUSIN,LANDT,1.81,176087.457,4,4,176087.445,0.0,0.0,0.0,0.012,97285.887845
1809839,IT,WM,FOOD5,INSUR,0.85,176069.74,5,5,176068.724,0.0,1.0,0.0,0.016,207140.870588
1751468,IT,CN,AIRTR,FURNI,0.19,176062.923,4,4,176062.917,0.0,0.0,0.0,0.006,926646.963158
1772650,IT,CH,GLASS,SALEM,0.48,176044.494,5,5,176043.484,0.0,0.0,1.0,0.01,366759.3625
1746413,IT,JP,RUBBE,LANDT,0.58,176012.114,4,4,176012.098,0.0,0.0,0.0,0.016,303469.162069
1774228,IT,CH,RETA1,TRANS,1.84,176011.357,4,4,176011.345,0.0,0.0,0.0,0.012,95658.346196
1778668,IT,TR,HOTEL,LANDT,1.28,175996.559,4,4,175996.546,0.0,0.0,0.0,0.013,137497.311719
1738993,IT,GB,SALEM,TRANS,1.42,175978.556,4,4,175978.545,0.0,0.0,0.0,0.011,123928.560563
1787451,IT,WA,STONE,RUBBE,0.57,175936.147,5,5,175926.139,0.0,0.0,10.0,0.008,308659.907018
1675636,IT,FR,MOTO1,OILHA,0.94,175924.7,4,4,175924.689,0.0,0.0,0.0,0.011,187153.93617
1772059,IT,CH,PRINT,CONST,1.69,175910.419,4,4,175910.406,0.0,0.0,0.0,0.013,104089.005325
1786134,IT,ZA,BASIC,PREC1,0.2,175906.651,4,4,175906.64,0.0,0.0,0.0,0.011,879533.255
1774617,IT,CH,SEACO,RENTI,0.18,175906.624,4,4,175906.621,0.0,0.0,0.0,0.003,977259.022222
1659471,IT,DE,RETA1,SANDC,1.84,175904.324,4,4,175904.312,0.0,0.0,0.0,0.012,95600.176087
1755755,IT,KR,GLASS,HOTEL,0.48,175891.961,5,5,175890.951,0.0,0.0,1.0,0.01,366441.585417
1675211,IT,FR,FABRI,FISHF,0.72,175874.933,4,4,175874.92,0.0,0.0,0.0,0.013,244270.740278
1676822,IT,FR,LANDT,ELEC5,1.13,175843.552,4,4,175843.544,0.0,0.0,0.0,0.008,155613.762832
1782241,IT,NO,ALUM1,CRUDE,0.31,175831.349,4,4,175831.335,0.0,0.0,0.0,0.014,567197.9
1645929,IT,BE,CERAM,CERAM,0.27,175822.835,5,5,175821.825,0.0,0.0,1.0,0.01,651195.685185
1774568,IT,CH,SEACO,PRINT,0.18,175810.92,4,4,175810.917,0.0,0.0,0.0,0.003,976727.333333
1795788,IT,WL,MACHI,BIODI,0.98,175796.124,4,4,175796.11,0.0,0.0,0.0,0.014,179383.8
1776655,IT,TR,GASDI,93197,0.26,175794.28,4,4,175794.266,0.0,0.0,0.0,0.014,676131.846154
1740167,IT,GB,COMPU,RECRE,2.01,175779.785,4,4,175779.774,0.0,0.0,0.0,0.011,87452.629353
1661151,IT,DE,RECRE,PUBLI,2.23,175766.969,4,4,175766.956,0.0,0.0,0.0,0.013,78819.26861
1644088,IT,AT,BUSIN,RENTI,1.81,175766.676,4,4,175766.664,0.0,0.0,0.0,0.012,97108.660773
1661356,IT,DK,MEATC,BUSIN,0.59,175749.392,5,5,175746.381,0.0,3.0,0.0,0.011,297880.325424
1786225,IT,ZA,COPP1,BASIC,0.44,175743.384,5,5,175742.375,0.0,0.0,1.0,0.009,399416.781818
1790532,IT,WA,NONF1,SANDC,0.04,175728.336,3,3,175728.336,0.0,0.0,0.0,0.0,4393208.4
1764884,IT,MX,AIRTR,FABRI,0.19,175721.86,4,4,175721.854,0.0,0.0,0.0,0.006,924851.894737
1755283,IT,KR,PAPER,OFFIC,0.68,175712.884,5,5,175711.867,0.0,1.0,0.0,0.017,258401.3
1771060,IT,CH,FISHF,HOTEL,0.3,175684.879,4,4,175684.873,0.0,0.0,0.0,0.006,585616.263333
1761430,IT,IN,BASIC,COPP1,0.2,175661.081,4,4,175661.07,0.0,0.0,0.0,0.011,878305.405
1805097,IT,WF,NFERT,IRONO,0.04,175660.083,4,4,175660.069,0.0,0.0,0.0,0.014,4391502.075
1643572,IT,AT,SEACO,RENTI,0.18,175659.617,4,4,175659.614,0.0,0.0,0.0,0.003,975886.761111
1656586,IT,DE,PRINT,PLAST,1.69,175644.235,4,4,175644.222,0.0,0.0,0.0,0.013,103931.5
1741480,IT,US,MOTOR,RENTI,0.26,175643.64,4,4,175643.626,0.0,0.0,0.0,0.014,675552.461538
1801170,IT,WE,FABRI,VEGE1,0.71,175635.763,4,4,175635.75,0.0,0.0,0.0,0.013,247374.314085
1748019,IT,JP,BUSIN,PAPER,1.8,175635.521,4,4,175635.509,0.0,0.0,0.0,0.012,97575.289444
1656229,IT,DE,TEXTI,EDUCA,1.04,175633.651,4,4,175633.628,0.0,0.0,0.0,0.023,168878.510577
1794995,IT,WL,CHEM1,FINAN,0.37,175613.789,4,4,175613.77,0.0,0.0,0.0,0.019,474631.862162
1709733,IT,LT,CHEM1,CONST,0.37,175602.152,4,4,175602.133,0.0,0.0,0.0,0.019,474600.410811
1776148,IT,TR,LEATH,RADIO,1.26,175574.158,5,5,175573.128,0.0,1.0,0.0,0.03,139344.569841
1730462,IT,SE,POSTT,FINAN,2.89,175571.382,4,4,175571.369,0.0,0.0,0.0,0.013,60751.343253
1683482,IT,HR,PREC1,SECO9,0.3,175553.006,4,4,175552.998,0.0,0.0,0.0,0.008,585176.686667
1809837,IT,WM,FOOD5,POSTT,0.84,175511.97,5,5,175510.954,0.0,1.0,0.0,0.016,208942.821429
1732021,IT,SI,KEROS,MACHI,0.26,175490.172,4,4,175490.158,0.0,0.0,0.0,0.014,674962.2
1791685,IT,WA,HOTEL,LANDT,1.27,175481.594,4,4,175481.581,0.0,0.0,0.0,0.013,138174.483465
1719936,IT,PL,PREC1,OFFIC,0.3,175470.482,4,4,175470.474,0.0,0.0,0.0,0.008,584901.606667
1686851,IT,HU,FABRI,SUPPO,0.71,175468.057,4,4,175468.044,0.0,0.0,0.0,0.013,247138.108451
1717676,IT,NL,BUSIN,FABRI,1.8,175461.02,4,4,175461.008,0.0,0.0,0.0,0.012,97478.344444
1738256,IT,GB,NONME,CRUDE,0.35,175460.171,4,4,175460.152,0.0,0.0,0.0,0.019,501314.774286
1657095,IT,DE,NONSP,RETA1,0.23,175454.631,4,4,175454.622,0.0,0.0,0.0,0.009,762846.221739
1755156,IT,KR,LEATH,COLLE,1.26,175454.388,5,5,175453.358,0.0,1.0,0.0,0.03,139249.514286
1658800,IT,DE,MOTO1,CEMEN,0.93,175454.309,4,4,175454.298,0.0,0.0,0.0,0.011,188660.547312
1744782,IT,US,RESEA,CEMEN,0.95,175442.584,4,4,175442.572,0.0,0.0,0.0,0.012,184676.404211
1750127,IT,CN,PREC1,RUBBE,0.3,175442.214,4,4,175442.206,0.0,0.0,0.0,0.008,584807.38
1671326,IT,FI,ALUM1,MOTO1,0.3,175415.835,4,4,175415.821,0.0,0.0,0.0,0.014,584719.45
1804508,IT,WF,GASDI,COPP1,0.26,175406.919,4,4,175406.905,0.0,0.0,0.0,0.014,674641.996154
1711578,IT,LU,FINAN,WHOLE,2.28,175403.894,4,4,175403.889,0.0,0.0,0.0,0.005,76931.532456
1683820,IT,HR,OFFIC,HEALT,0.54,175402.558,4,4,175402.545,0.0,0.0,0.0,0.013,324819.551852
1658522,IT,DE,MACHI,SUGAR,0.98,175395.227,4,4,175395.213,0.0,0.0,0.0,0.014,178974.721429
1687017,IT,HU,OFFIC,MACHI,0.54,175354.885,4,4,175354.872,0.0,0.0,0.0,0.013,324731.268519
1791146,IT,WA,TRANS,RECRE,1.05,175327.169,4,4,175327.159,0.0,0.0,0.0,0.01,166978.25619
1733662,IT,SI,HOTEL,REALE,1.27,175312.173,4,4,175312.16,0.0,0.0,0.0,0.013,138041.081102
1764101,IT,MX,FABRI,PLAST,0.71,175307.038,4,4,175307.025,0.0,0.0,0.0,0.013,246911.321127
1755704,IT,KR,RUBBE,BUSIN,0.58,175302.555,4,4,175302.539,0.0,0.0,0.0,0.016,302245.784483
1740193,IT,GB,BUSIN,BEVER,1.8,175291.945,4,4,175291.933,0.0,0.0,0.0,0.012,97384.413889
1645106,IT,BE,PAPER,RENTI,0.68,175290.259,5,5,175289.242,0.0,1.0,0.0,0.017,257779.792647
1724290,IT,PT,LANDT,MOTO1,1.13,175283.591,4,4,175283.583,0.0,0.0,0.0,0.008,155118.222124
1788337,IT,WA,LEATH,RENTI,1.26,175258.563,5,5,175257.533,0.0,1.0,0.0,0.03,139094.097619
1761792,IT,IN,MACHI,LANDT,0.98,175255.908,4,4,175255.894,0.0,0.0,0.0,0.014,178832.559184
1774105,IT,CH,WHOLE,CEMEN,1.51,175253.232,4,4,175253.222,0.0,0.0,0.0,0.01,116061.743046
1784827,IT,ID,HOTEL,EDUCA,1.27,175251.4,4,4,175251.387,0.0,0.0,0.0,0.013,137993.228346
1812731,IT,WM,NONF1,NAPHT,0.04,175243.19,3,3,175243.19,0.0,0.0,0.0,0.0,4381079.75
1758295,IT,BR,ALUM1,TRANS,0.3,175199.078,4,4,175199.064,0.0,0.0,0.0,0.014,583996.926667
1671371,IT,FI,NONF1,BASIC,0.04,175169.521,3,3,175169.521,0.0,0.0,0.0,0.0,4379238.025
1763308,IT,MX,PAPER,RADIO,0.68,175166.005,5,5,175164.988,0.0,1.0,0.0,0.017,257597.066176
1646276,IT,BE,COPP1,CHEM1,0.44,175161.226,5,5,175160.217,0.0,0.0,1.0,0.009,398093.695455
1738072,IT,GB,RUBBE,NONF1,0.58,175158.893,4,4,175158.877,0.0,0.0,0.0,0.016,301998.091379
1769262,IT,AU,RUBBE,CHEM1,0.58,175151.409,4,4,175151.393,0.0,0.0,0.0,0.016,301985.187931
1771513,IT,CH,FISH5,HOTEL,0.74,175149.18,5,5,175148.09,0.0,1.0,0.0,0.09,236688.081081
1739682,IT,GB,SUPPO,BEVER,1.26,175128.878,4,4,175128.869,0.0,0.0,0.0,0.009,138991.173016
1653017,IT,CZ,PLAST,NFERT,0.37,175121.285,4,4,175121.267,0.0,0.0,0.0,0.018,473300.77027
1741677,IT,US,HEAVY,MOTO1,0.28,175112.8,4,4,175112.786,0.0,0.0,0.0,0.014,625402.857143
1795334,IT,WL,NONME,CERAM,0.35,175097.884,4,4,175097.865,0.0,0.0,0.0,0.019,500279.668571
1667627,IT,ES,MACHI,TEXTI,0.98,175073.749,4,4,175073.735,0.0,0.0,0.0,0.014,178646.682653
1655855,IT,DE,VEGE1,EDUCA,0.54,175069.923,5,5,175068.885,0.0,1.0,0.0,0.038,324203.561111
1649087,IT,BG,PAPER,GASDI,0.68,175067.174,5,5,175066.157,0.0,1.0,0.0,0.017,257451.726471
1729145,IT,SE,GLASS,GLASS,0.48,175060.811,5,5,175059.801,0.0,0.0,1.0,0.01,364710.022917
1660258,IT,DE,POSTT,FABRI,2.88,175046.204,4,4,175046.191,0.0,0.0,0.0,0.013,60779.931944
1759764,IT,BR,BUSIN,ALUM1,1.8,175042.615,4,4,175042.603,0.0,0.0,0.0,0.012,97245.897222
1715873,IT,NL,RUBBE,SUPPO,0.58,175038.078,4,4,175038.062,0.0,0.0,0.0,0.016,301789.789655
1795218,IT,WL,GLASS,MOTO1,0.48,175029.265,5,5,175028.255,0.0,0.0,1.0,0.01,364644.302083
1672017,IT,FI,SEACO,RETA1,0.18,175008.479,4,4,175008.476,0.0,0.0,0.0,0.003,972269.327778
1688719,IT,IE,CHEM1,AIRTR,0.37,175005.121,4,4,175005.102,0.0,0.0,0.0,0.019,472986.813514
1682878,IT,HR,NAPHT,DAIRY,0.3,175000.672,4,4,175000.659,0.0,0.0,0.0,0.013,583335.573333
1764225,IT,MX,MACHI,NAPHT,0.98,174993.254,4,4,174993.24,0.0,0.0,0.0,0.014,178564.544898
1739479,IT,GB,LANDT,LEAD1,1.13,174988.1,4,4,174988.092,0.0,0.0,0.0,0.008,154856.725664
1735319,IT,SK,CERAM,FOOD5,0.27,174963.484,5,5,174962.475,0.0,0.0,1.0,0.009,648012.903704
1732550,IT,SI,RUBBE,SALEM,0.58,174950.659,4,4,174950.643,0.0,0.0,0.0,0.016,301639.067241
1755917,IT,KR,BASIC,MEDIC,0.2,174946.727,4,4,174946.716,0.0,0.0,0.0,0.011,874733.635
1719802,IT,PL,BASIC,PFERT,0.2,174943.491,4,4,174943.48,0.0,0.0,0.0,0.011,874717.455
1681507,IT,GR,BUSIN,FOOD5,1.8,174930.486,4,4,174930.474,0.0,0.0,0.0,0.012,97183.603333
1759729,IT,BR,BUSIN,WEARI,1.8,174902.825,4,4,174902.813,0.0,0.0,0.0,0.012,97168.236111
1763591,IT,MX,CHEM1,SALEM,0.37,174896.086,4,4,174896.067,0.0,0.0,0.0,0.019,472692.124324
1669148,IT,ES,POSTT,GASDI,2.88,174885.881,4,4,174885.868,0.0,0.0,0.0,0.013,60724.264236
1678688,IT,GR,VEGE1,PULP5,0.54,174878.611,5,5,174877.573,0.0,1.0,0.0,0.038,323849.27963
1813132,IT,WM,MOTO1,MOTOR,0.93,174862.483,4,4,174862.472,0.0,0.0,0.0,0.011,188024.175269
1658396,IT,DE,FABRI,MEATP,0.71,174860.391,4,4,174860.378,0.0,0.0,0.0,0.013,246282.240845
1652770,IT,CZ,PAPER,PUBLI,0.68,174846.687,5,5,174845.67,0.0,1.0,0.0,0.017,257127.480882
1787297,IT,WA,CROPS,CROPS,1.38,174839.93,4,4,174839.92,0.0,0.0,0.0,0.01,126695.601449
1648803,IT,BG,BEVER,HEALT,0.74,174837.324,4,4,174837.313,0.0,0.0,0.0,0.011,236266.654054
1778836,IT,TR,LANDT,RESEA,1.13,174836.482,4,4,174836.474,0.0,0.0,0.0,0.008,154722.550442
1783464,IT,NO,TEXT1,WASTE,1.32,174836.087,4,4,174836.075,0.0,0.0,0.0,0.012,132451.581061
1742171,IT,US,GLASS,CHEM1,0.48,174832.352,5,5,174831.342,0.0,0.0,1.0,0.01,364234.066667
1744147,IT,US,SUPPO,SUPPO,1.26,174828.451,4,4,174828.442,0.0,0.0,0.0,0.009,138752.738889
1801432,IT,WE,MOTO1,FISHF,0.93,174825.545,4,4,174825.534,0.0,0.0,0.0,0.011,187984.456989
1762285,IT,IN,AIRTR,ELEC5,0.19,174820.11,4,4,174820.104,0.0,0.0,0.0,0.006,920105.842105
1794871,IT,WL,PFERT,FISH5,0.08,174811.105,4,4,174811.077,0.0,0.0,0.0,0.028,2185138.8125
1785677,IT,ZA,HEAVY,RESEA,0.28,174809.819,4,4,174809.805,0.0,0.0,0.0,0.014,624320.782143
1674889,IT,FR,NONME,INTER,0.35,174795.637,4,4,174795.618,0.0,0.0,0.0,0.019,499416.105714
1657466,IT,DE,RUBBE,COLLE,0.58,174778.167,4,4,174778.151,0.0,0.0,0.0,0.016,301341.667241
1666352,IT,ES,LIQUE,EDUCA,0.31,174771.795,4,4,174771.781,0.0,0.0,0.0,0.014,563779.983871
1793981,IT,WL,WOODW,PFERT,0.49,174770.671,5,5,174769.659,0.0,1.0,0.0,0.012,356674.838776
1723147,IT,PT,CHEM1,RECRE,0.37,174769.187,4,4,174769.168,0.0,0.0,0.0,0.019,472349.154054
1723585,IT,PT,FABRI,PLAST,0.71,174759.404,4,4,174759.391,0.0,0.0,0.0,0.013,246140.005634
1729618,IT,SE,FABRI,MEATC,0.71,174742.082,4,4,174742.069,0.0,0.0,0.0,0.013,246115.608451
1674835,IT,FR,NONME,DAIRY,0.35,174726.608,4,4,174726.589,0.0,0.0,0.0,0.019,499218.88
1649101,IT,BG,PAPER,CEMEN,0.68,174699.779,5,5,174698.762,0.0,1.0,0.0,0.017,256911.439706
1641989,IT,AT,RUBBE,FOUND,0.58,174695.661,4,4,174695.645,0.0,0.0,0.0,0.016,301199.415517
1805620,IT,WF,NONME,NONFE,0.35,174679.55,4,4,174679.531,0.0,0.0,0.0,0.019,499084.428571
1765975,IT,RU,CHEM1,WEARI,0.37,174679.215,4,4,174679.196,0.0,0.0,0.0,0.019,472105.986486
1661456,IT,DK,DAIRY,RESEA,0.71,174674.857,5,5,174673.845,0.0,1.0,0.0,0.012,246020.925352
1666234,IT,ES,HEAVY,NONME,0.28,174663.165,4,4,174663.151,0.0,0.0,0.0,0.014,623797.017857
1809376,IT,WM,CHEMI,POULT,0.42,174651.898,6,6,174641.882,0.0,1.0,9.0,0.016,415837.852381
1672954,IT,FR,DAIRY,AIRTR,0.71,174631.92,5,5,174630.908,0.0,1.0,0.0,0.012,245960.450704
1683252,IT,HR,CERAM,COLLE,0.27,174630.238,5,5,174629.229,0.0,0.0,1.0,0.009,646778.659259
1782505,IT,NO,MACHI,RECRE,0.97,174591.447,4,4,174591.433,0.0,0.0,0.0,0.014,179991.182474
1755493,IT,KR,PFERT,VEGET,0.08,174579.822,4,4,174579.794,0.0,0.0,0.0,0.028,2182247.775
1711126,IT,LU,COPP1,COPP1,0.44,174576.633,5,5,174575.624,0.0,0.0,1.0,0.009,396765.075
1674614,IT,FR,RUBBE,INTER,0.58,174574.046,4,4,174574.03,0.0,0.0,0.0,0.016,300989.734483
1814980,IT,WM,PRIVA,REALE,38.95,174568.669,5,5,174566.641,2.0,0.0,0.0,0.028,4481.8657
1769703,IT,AU,MACHI,CATTL,0.97,174542.252,4,4,174542.238,0.0,0.0,0.0,0.014,179940.465979
1792056,IT,WA,AIRTR,KEROS,0.19,174540.663,4,4,174540.658,0.0,0.0,0.0,0.005,918635.068421
1802835,IT,WE,HEALT,REALE,0.91,174528.326,4,4,174528.319,0.0,0.0,0.0,0.007,191789.369231
1810674,IT,WM,MOTOR,FISH5,0.26,174520.517,4,4,174520.503,0.0,0.0,0.0,0.014,671232.757692
1790633,IT,WA,FABRI,TEXTI,0.71,174500.571,4,4,174500.558,0.0,0.0,0.0,0.013,245775.452113
1660726,IT,DE,RENTI,CONST,1.04,174494.017,4,4,174494.007,0.0,0.0,0.0,0.01,167782.708654
1673070,IT,FR,FOOD5,MOTO1,0.84,174488.269,5,5,174487.253,0.0,1.0,0.0,0.016,207724.129762
1720273,IT,PL,FABRI,FISH5,0.71,174487.046,4,4,174487.033,0.0,0.0,0.0,0.013,245756.402817
1795043,IT,WL,ADDIT,PFERT,0.4,174479.578,5,5,174478.564,0.0,1.0,0.0,0.014,436198.945
1677326,IT,FR,FINAN,RESEA,2.27,174472.468,4,4,174472.463,0.0,0.0,0.0,0.005,76860.118062
1720173,IT,PL,COPP1,ALUM1,0.44,174456.726,5,5,174455.717,0.0,0.0,1.0,0.009,396492.559091
1749229,IT,CN,PAPER,PAPER,0.68,174443.255,5,5,174442.238,0.0,1.0,0.0,0.017,256534.198529
1792561,IT,WA,RENTI,WHOLE,1.04,174442.589,4,4,174442.579,0.0,0.0,0.0,0.01,167733.258654
1789997,IT,WA,NONME,LIQUE,0.35,174431.103,4,4,174431.084,0.0,0.0,0.0,0.019,498374.58
1777025,IT,TR,CHEM1,PULP5,0.36,174420.318,4,4,174420.299,0.0,0.0,0.0,0.019,484500.883333
1751469,IT,CN,AIRTR,SECO9,0.19,174401.656,4,4,174401.651,0.0,0.0,0.0,0.005,917903.452632
1648835,IT,BG,TEXTI,COPPE,1.03,174391.337,4,4,174391.314,0.0,0.0,0.0,0.023,169311.97767
1720825,IT,PL,FURNI,FABRI,0.56,174391.298,5,5,174390.283,0.0,1.0,0.0,0.015,311413.032143
1682999,IT,HR,CHEM1,PULP5,0.36,174391.251,4,4,174391.232,0.0,0.0,0.0,0.019,484420.141667
1730835,IT,SE,BUSIN,INTER,1.79,174390.734,4,4,174390.722,0.0,0.0,0.0,0.012,97424.991061
1675460,IT,FR,MACHI,WOOD2,0.97,174387.899,4,4,174387.885,0.0,0.0,0.0,0.014,179781.339175
1654299,IT,CZ,ELEC2,PFERT,0.04,174381.744,4,4,174381.726,0.0,0.0,0.0,0.018,4359543.6
1674499,IT,FR,RUBBE,OILSE,0.58,174378.049,4,4,174378.033,0.0,0.0,0.0,0.016,300651.808621
1735171,IT,SK,RUBBE,PULP5,0.58,174377.368,4,4,174377.352,0.0,0.0,0.0,0.016,300650.634483
1779792,IT,TR,BUSIN,POSTT,1.79,174370.548,4,4,174370.536,0.0,0.0,0.0,0.012,97413.713966
1729309,IT,SE,NONME,ALUM1,0.35,174337.239,4,4,174337.22,0.0,0.0,0.0,0.019,498106.397143
1666384,IT,ES,NAPHT,PETRO,0.3,174325.717,4,4,174325.705,0.0,0.0,0.0,0.012,581085.723333
1642854,IT,AT,MOTO1,BASIC,0.93,174306.645,4,4,174306.634,0.0,0.0,0.0,0.011,187426.5
1750638,IT,CN,MOTO1,VEGET,0.93,174296.359,4,4,174296.348,0.0,0.0,0.0,0.011,187415.439785
1653580,IT,CZ,BASIC,OILHA,0.2,174285.354,4,4,174285.343,0.0,0.0,0.0,0.011,871426.77
1732133,IT,SI,GASDI,WOODW,0.26,174259.008,4,4,174258.994,0.0,0.0,0.0,0.014,670226.953846
1794752,IT,WL,PLAST,PADDY,0.37,174257.206,4,4,174257.188,0.0,0.0,0.0,0.018,470965.421622
1670938,IT,FI,CHEM1,GLASS,0.36,174257.108,4,4,174257.089,0.0,0.0,0.0,0.019,484047.522222
1655629,IT,DE,SANDC,BUSIN,0.4,174253.456,5,5,174215.45,0.0,0.0,38.0,0.006,435633.64
1810914,IT,WM,GASDI,PIGS9,0.26,174253.221,4,4,174253.207,0.0,0.0,0.0,0.014,670204.696154
1672703,IT,FR,SANDC,CEMEN,0.4,174236.113,5,5,174198.107,0.0,0.0,38.0,0.006,435590.2825
1760383,IT,IN,VEGE1,FISH5,0.54,174225.771,5,5,174224.733,0.0,1.0,0.0,0.038,322640.316667
1678497,IT,FR,RECRE,RECRE,2.21,174206.059,4,4,174206.046,0.0,0.0,0.0,0.013,78826.271041
1794755,IT,WL,PLAST,VEGET,0.37,174201.817,4,4,174201.799,0.0,0.0,0.0,0.018,470815.721622
1676939,IT,FR,AIRTR,WOODW,0.19,174201.563,4,4,174201.558,0.0,0.0,0.0,0.005,916850.331579
1800269,IT,WE,PLAST,ELEC4,0.37,174159.187,4,4,174159.169,0.0,0.0,0.0,0.018,470700.505405
1713814,IT,MT,FURNI,INLAN,0.56,174118.502,5,5,174117.487,0.0,1.0,0.0,0.015,310925.896429
1749691,IT,CN,CHEM1,ELEC3,0.36,174118.367,4,4,174118.348,0.0,0.0,0.0,0.019,483662.130556
1770278,IT,AU,HOTEL,OFFIC,1.26,174104.319,4,4,174104.306,0.0,0.0,0.0,0.013,138178.030952
1641984,IT,AT,RUBBE,PREC1,0.58,174082.517,4,4,174082.501,0.0,0.0,0.0,0.016,300142.27069
1643768,IT,AT,POSTT,CHEM1,2.87,174074.534,4,4,174074.521,0.0,0.0,0.0,0.013,60653.147735
1790815,IT,WA,MACHI,COPP1,0.97,174062.225,4,4,174062.211,0.0,0.0,0.0,0.014,179445.592784
1686553,IT,HU,ALUM1,BIOGA,0.3,174054.248,4,4,174054.234,0.0,0.0,0.0,0.014,580180.826667
1814047,IT,WM,SEACO,RECRE,0.18,174048.973,4,4,174048.97,0.0,0.0,0.0,0.003,966938.738889
1649402,IT,BG,CHEM1,WEARI,0.36,174039.763,4,4,174039.744,0.0,0.0,0.0,0.019,483443.786111
1658371,IT,DE,FABRI,WHEAT,0.71,174023.852,4,4,174023.84,0.0,0.0,0.0,0.012,245104.016901
1767387,IT,RU,LANDT,FOOD5,1.12,173999.626,4,4,173999.618,0.0,0.0,0.0,0.008,155356.808929
1667489,IT,ES,FABRI,FISH5,0.71,173992.61,4,4,173992.598,0.0,0.0,0.0,0.012,245060.014085
1648214,IT,BE,BUSIN,FURNI,1.79,173990.299,4,4,173990.287,0.0,0.0,0.0,0.012,97201.284358
1742425,IT,US,NONME,FOOD3,0.35,173988.45,4,4,173988.431,0.0,0.0,0.0,0.019,497109.857143
1748886,IT,CN,WEARI,COKEO,1.31,173974.603,4,4,173974.57,0.0,0.0,0.0,0.033,132805.040458
1675541,IT,FR,MOTO1,CATTL,0.93,173973.167,4,4,173973.156,0.0,0.0,0.0,0.011,187067.921505
1809081,IT,WM,CROPS,CRUDE,1.38,173970.589,4,4,173970.579,0.0,0.0,0.0,0.01,126065.644203
1739923,IT,GB,FINAN,RECRE,2.26,173950.317,4,4,173950.312,0.0,0.0,0.0,0.005,76969.166814
1736972,IT,GB,CROPS,FOOD5,1.38,173945.663,4,4,173945.653,0.0,0.0,0.0,0.01,126047.581884
1753478,IT,CA,FABRI,RETA1,0.71,173911.021,4,4,173911.009,0.0,0.0,0.0,0.012,244945.1
1804344,IT,WF,MOTOR,LANDT,0.26,173901.51,4,4,173901.496,0.0,0.0,0.0,0.014,668851.961538
1785990,IT,ZA,RUBBE,EDUCA,0.58,173886.577,4,4,173886.561,0.0,0.0,0.0,0.016,299804.443103
1686560,IT,HU,ALUM1,NONME,0.3,173885.441,4,4,173885.427,0.0,0.0,0.0,0.014,579618.136667
1742634,IT,US,COPP1,TOBAC,0.44,173876.766,5,5,173875.757,0.0,0.0,1.0,0.009,395174.468182
1661601,IT,DK,BEVER,PUBLI,0.74,173872.71,4,4,173872.699,0.0,0.0,0.0,0.011,234963.121622
1659786,IT,DE,LANDT,FISH5,1.12,173870.016,4,4,173870.008,0.0,0.0,0.0,0.008,155241.085714
1671302,IT,FI,ALUM1,PAPER,0.3,173851.112,4,4,173851.098,0.0,0.0,0.0,0.014,579503.706667
1716496,IT,NL,OFFIC,SEACO,0.54,173847.52,4,4,173847.507,0.0,0.0,0.0,0.013,321939.851852
1760933,IT,IN,HEAVY,NFERT,0.28,173831.012,4,4,173830.998,0.0,0.0,0.0,0.014,620825.042857
1794851,IT,WL,NFERT,CATTL,0.04,173822.986,4,4,173822.972,0.0,0.0,0.0,0.014,4345574.65
1743503,IT,US,RETA1,BASIC,1.81,173781.504,4,4,173781.493,0.0,0.0,0.0,0.011,96011.880663
1812336,IT,WM,BASIC,BRICK,0.2,173769.033,4,4,173769.022,0.0,0.0,0.0,0.011,868845.165
1729598,IT,SE,NONF1,CONST,0.04,173765.325,3,3,173765.325,0.0,0.0,0.0,0.0,4344133.125
1748011,IT,JP,BUSIN,BEVER,1.78,173753.064,4,4,173753.052,0.0,0.0,0.0,0.012,97614.080899
1763910,IT,MX,BASIC,WEARI,0.2,173742.311,4,4,173742.3,0.0,0.0,0.0,0.011,868711.555
1782490,IT,NO,MACHI,HEALT,0.97,173736.248,4,4,173736.234,0.0,0.0,0.0,0.014,179109.534021
1675099,IT,FR,ALUM1,RECRE,0.3,173733.943,4,4,173733.929,0.0,0.0,0.0,0.014,579113.143333
1762703,IT,IN,BUSIN,PROCE,1.78,173713.655,4,4,173713.643,0.0,0.0,0.0,0.012,97591.941011
1763480,IT,MX,PLAST,RADIO,0.36,173684.386,4,4,173684.368,0.0,0.0,0.0,0.018,482456.627778
1790410,IT,WA,LEAD1,CERAM,0.3,173659.373,5,5,173658.358,0.0,0.0,1.0,0.015,578864.576667
1734791,IT,SK,WOODW,WHOLE,0.49,173656.793,5,5,173655.781,0.0,1.0,0.0,0.012,354401.618367
1661300,IT,DK,FISHF,FOOD5,0.3,173645.237,4,4,173645.231,0.0,0.0,0.0,0.006,578817.456667
1666727,IT,ES,RUBBE,WEARI,0.58,173630.031,4,4,173630.015,0.0,0.0,0.0,0.016,299362.122414
1774651,IT,CH,AIRTR,FABRI,0.19,173625.899,4,4,173625.894,0.0,0.0,0.0,0.005,913820.521053
1668940,IT,ES,AIRTR,HEAVY,0.19,173619.989,4,4,173619.984,0.0,0.0,0.0,0.005,913789.415789
1647339,IT,BE,SEACO,MOTOR,0.18,173598.602,4,4,173598.599,0.0,0.0,0.0,0.003,964436.677778
1667174,IT,ES,BASIC,HOTEL,0.2,173597.288,4,4,173597.277,0.0,0.0,0.0,0.011,867986.44
1814040,IT,WM,SEACO,COMPU,0.18,173597.195,4,4,173597.192,0.0,0.0,0.0,0.003,964428.861111
1813374,IT,WM,FURNI,ALUM1,0.55,173594.876,5,5,173593.861,0.0,1.0,0.0,0.015,315627.047273
1653224,IT,CZ,RUBBE,WOODW,0.58,173591.56,4,4,173591.544,0.0,0.0,0.0,0.016,299295.793103
1641653,IT,AT,PETRO,MOTOR,0.29,173565.558,4,4,173565.544,0.0,0.0,0.0,0.014,598501.924138
1655796,IT,DE,VEGE1,PIGS9,0.53,173558.721,5,5,173557.683,0.0,1.0,0.0,0.038,327469.284906
1679609,IT,GR,RUBBE,COMPU,0.58,173555.002,4,4,173554.986,0.0,0.0,0.0,0.016,299232.762069
1726167,IT,RO,GLASS,FABRI,0.48,173544.845,5,5,173543.835,0.0,0.0,1.0,0.01,361551.760417
1812375,IT,WM,BASIC,INLAN,0.2,173544.091,4,4,173544.08,0.0,0.0,0.0,0.011,867720.455
1673043,IT,FR,FOOD5,TEXTI,0.83,173537.993,5,5,173536.977,0.0,1.0,0.0,0.016,209081.919277
1645891,IT,BE,GLASS,RESEA,0.48,173535.576,5,5,173534.566,0.0,0.0,1.0,0.01,361532.45
1719415,IT,PL,RUBBE,COPP1,0.57,173532.342,4,4,173532.326,0.0,0.0,0.0,0.016,304442.705263
1674853,IT,FR,NONME,GLASS,0.35,173526.152,4,4,173526.133,0.0,0.0,0.0,0.019,495789.005714
1757675,IT,BR,HEAVY,RUBBE,0.28,173523.089,4,4,173523.075,0.0,0.0,0.0,0.014,619725.317857
1731480,IT,SI,BEVER,WHOLE,0.74,173510.022,4,4,173510.011,0.0,0.0,0.0,0.011,234473.002703
1741137,IT,US,WEARI,BUSIN,1.31,173497.112,4,4,173497.079,0.0,0.0,0.0,0.033,132440.543511
1686940,IT,HU,MACHI,ALUM1,0.97,173484.923,4,4,173484.909,0.0,0.0,0.0,0.014,178850.436082
1754265,IT,CA,POSTT,FINAN,2.86,173483.885,4,4,173483.872,0.0,0.0,0.0,0.013,60658.701049
1641388,IT,AT,KEROS,HEALT,0.26,173482.434,4,4,173482.42,0.0,0.0,0.0,0.014,667240.130769
1812528,IT,WM,ALUM1,HEAVY,0.3,173464.487,4,4,173464.473,0.0,0.0,0.0,0.014,578214.956667
1682567,IT,HR,MOTOR,SUPPO,0.26,173439.712,4,4,173439.698,0.0,0.0,0.0,0.014,667075.815385
1796017,IT,WL,MOTO1,INSUR,0.92,173427.496,4,4,173427.485,0.0,0.0,0.0,0.011,188508.147826
1802805,IT,WE,BUSIN,93197,1.78,173373.446,4,4,173373.434,0.0,0.0,0.0,0.012,97400.81236
1687978,IT,HU,RENTI,OFFIC,1.04,173373.108,4,4,173373.098,0.0,0.0,0.0,0.01,166704.911538
1647215,IT,BE,LANDT,WOODW,1.12,173363.655,4,4,173363.647,0.0,0.0,0.0,0.008,154788.977679
1683248,IT,HR,CERAM,FURNI,0.27,173358.209,5,5,173357.2,0.0,0.0,1.0,0.009,642067.440741
1660730,IT,DE,RENTI,RETA1,1.04,173345.916,4,4,173345.906,0.0,0.0,0.0,0.01,166678.765385
1763570,IT,MX,CHEM1,COPP1,0.36,173338.533,4,4,173338.514,0.0,0.0,0.0,0.019,481495.925
1689233,IT,IE,WHOLE,MEAT4,1.5,173337.607,4,4,173337.597,0.0,0.0,0.0,0.01,115558.404667
1756245,IT,KR,MACHI,COMPU,0.97,173336.775,4,4,173336.761,0.0,0.0,0.0,0.014,178697.706186
1776431,IT,TR,COKEO,ELEC2,0.02,173320.97,3,3,173320.97,0.0,0.0,0.0,0.0,8666048.5
1800046,IT,WE,LIQUE,WEARI,0.3,173315.888,4,4,173315.874,0.0,0.0,0.0,0.014,577719.626667
1782315,IT,NO,NONF1,BASIC,0.04,173304.455,3,3,173304.455,0.0,0.0,0.0,0.0,4332611.375
1788547,IT,WA,PAPER,GASDI,0.67,173299.387,5,5,173298.37,0.0,1.0,0.0,0.017,258655.801493
1759975,IT,BR,PLAS1,PAPE4,0.62,173290.967,4,4,173290.955,0.0,0.0,0.0,0.012,279501.559677
1801109,IT,WE,NONF1,PAPER,0.04,173251.039,3,3,173251.039,0.0,0.0,0.0,0.0,4331275.975
1667128,IT,ES,BASIC,LEATH,0.2,173247.001,4,4,173246.99,0.0,0.0,0.0,0.011,866235.005
1766774,IT,RU,MACHI,NAPHT,0.97,173235.148,4,4,173235.134,0.0,0.0,0.0,0.014,178592.936082
1667401,IT,ES,COPP1,ELECT,0.44,173234.254,5,5,173233.245,0.0,0.0,1.0,0.009,393714.213636
1741789,IT,US,NUCLE,RUBBE,0.36,173227.251,4,4,173227.238,0.0,0.0,0.0,0.013,481186.808333
1800717,IT,WE,CEMEN,INSUR,0.28,173225.447,5,5,173224.439,0.0,0.0,1.0,0.008,618662.310714
1721408,IT,PL,SEACO,TRAN2,0.18,173221.959,4,4,173221.956,0.0,0.0,0.0,0.003,962344.216667
1802299,IT,WE,LANDT,REALE,1.12,173188.474,4,4,173188.466,0.0,0.0,0.0,0.008,154632.566071
1811612,IT,WM,CHEM1,LEATH,0.36,173178.103,4,4,173178.084,0.0,0.0,0.0,0.019,481050.286111
1687659,IT,HU,AIRTR,BASIC,0.19,173164.501,4,4,173164.496,0.0,0.0,0.0,0.005,911392.110526
1803055,IT,WF,CEREA,PFERT,0.28,173155.795,5,5,173154.785,0.0,1.0,0.0,0.01,618413.553571
1666769,IT,ES,RUBBE,MEDIC,0.57,173148.563,4,4,173148.547,0.0,0.0,0.0,0.016,303769.408772
1641321,IT,AT,KEROS,CATTL,0.26,173132.735,4,4,173132.721,0.0,0.0,0.0,0.014,665895.134615
1757801,IT,BR,NFERT,OILSE,0.04,173113.992,4,4,173113.978,0.0,0.0,0.0,0.014,4327849.8
1723228,IT,PT,RUBBE,HEALT,0.57,173100.564,4,4,173100.548,0.0,0.0,0.0,0.016,303685.2
1766863,IT,RU,MACHI,RECRE,0.97,173053.931,4,4,173053.917,0.0,0.0,0.0,0.014,178406.114433
1682231,IT,HR,WEARI,EDUCA,1.3,173015.594,4,4,173015.561,0.0,0.0,0.0,0.033,133088.918462
1680393,IT,GR,ELEC2,HOTEL,0.04,173004.178,4,4,173004.16,0.0,0.0,0.0,0.018,4325104.45
1777909,IT,TR,MACHI,FOOD5,0.97,172989.002,4,4,172988.988,0.0,0.0,0.0,0.014,178339.17732
1654122,IT,CZ,OFFIC,HEALT,0.54,172963.271,4,4,172963.259,0.0,0.0,0.0,0.012,320302.353704
1801117,IT,WE,NONF1,FOUND,0.04,172940.188,3,3,172940.188,0.0,0.0,0.0,0.0,4323504.7
1674912,IT,FR,BASIC,FOOD5,0.2,172934.982,4,4,172934.971,0.0,0.0,0.0,0.011,864674.91
1666317,IT,ES,LIQUE,BASIC,0.3,172909.742,4,4,172909.728,0.0,0.0,0.0,0.014,576365.806667
1667748,IT,ES,OFFIC,FISHF,0.54,172900.97,4,4,172900.958,0.0,0.0,0.0,0.012,320186.981481
1645675,IT,BE,CHEM1,TEXT1,0.36,172896.764,4,4,172896.745,0.0,0.0,0.0,0.019,480268.788889
1670868,IT,FI,PLAST,CHEM1,0.36,172878.441,4,4,172878.423,0.0,0.0,0.0,0.018,480217.891667
1642245,IT,AT,NONME,LIQUE,0.35,172873.854,4,4,172873.835,0.0,0.0,0.0,0.019,493925.297143
1750430,IT,CN,MACHI,CEREA,0.96,172873.144,4,4,172873.13,0.0,0.0,0.0,0.014,180076.191667
1755068,IT,KR,WEARI,FINAN,1.3,172866.41,4,4,172866.377,0.0,0.0,0.0,0.033,132974.161538
1788012,IT,WA,TEXTI,KEROS,1.02,172860.456,4,4,172860.433,0.0,0.0,0.0,0.023,169471.035294
1794780,IT,WL,PLAST,TOBAC,0.36,172853.031,4,4,172853.013,0.0,0.0,0.0,0.018,480147.308333
1709871,IT,LT,GLASS,REALE,0.47,172832.572,5,5,172831.562,0.0,0.0,1.0,0.01,367728.876596
1644062,IT,AT,BUSIN,FURNI,1.77,172812.309,4,4,172812.297,0.0,0.0,0.0,0.012,97634.072881
1771733,IT,CH,LEATH,PAPER,1.24,172810.851,5,5,172809.821,0.0,1.0,0.0,0.03,139363.589516
1730216,IT,SE,LANDT,BUSIN,1.11,172803.927,4,4,172803.919,0.0,0.0,0.0,0.008,155679.213514
1659372,IT,DE,WHOLE,VEGET,1.49,172800.372,4,4,172800.362,0.0,0.0,0.0,0.01,115973.404027
1748714,IT,CN,BEVER,FOOD5,0.73,172787.811,4,4,172787.8,0.0,0.0,0.0,0.011,236695.631507
1725222,IT,RO,FOOD5,MEAT4,0.83,172764.579,5,5,172763.564,0.0,1.0,0.0,0.015,208150.095181
1812655,IT,WM,COPP1,LIQUE,0.44,172762.811,5,5,172761.802,0.0,0.0,1.0,0.009,392642.752273
1682141,IT,HR,TEXTI,TRAN1,1.02,172762.47,4,4,172762.447,0.0,0.0,0.0,0.023,169374.970588
1761087,IT,IN,PFERT,NFERT,0.08,172757.247,4,4,172757.219,0.0,0.0,0.0,0.028,2159465.5875
1641828,IT,AT,CHEM1,SUPPO,0.36,172738.128,4,4,172738.109,0.0,0.0,0.0,0.019,479828.133333
1677024,IT,FR,SUPPO,MEATC,1.24,172737.818,4,4,172737.81,0.0,0.0,0.0,0.008,139304.691935
1641365,IT,AT,KEROS,COLLE,0.26,172735.283,4,4,172735.269,0.0,0.0,0.0,0.014,664366.473077
1801485,IT,WE,MOTO1,CEMEN,0.92,172733.619,4,4,172733.608,0.0,0.0,0.0,0.011,187753.933696
1655580,IT,DE,SANDC,PLAST,0.4,172719.905,5,5,172681.899,0.0,0.0,38.0,0.006,431799.7625
1717155,IT,NL,AIRTR,VEGET,0.19,172711.094,4,4,172711.089,0.0,0.0,0.0,0.005,909005.757895
1782553,IT,NO,MOTO1,RETAI,0.92,172703.157,4,4,172703.146,0.0,0.0,0.0,0.011,187720.822826
1796101,IT,WL,TRANS,BASIC,1.03,172702.813,4,4,172702.804,0.0,0.0,0.0,0.009,167672.633981
1748898,IT,CN,WEARI,PLAST,1.3,172700.346,4,4,172700.313,0.0,0.0,0.0,0.033,132846.42
1735990,IT,SK,TRANS,TOBAC,1.03,172687.008,4,4,172686.999,0.0,0.0,0.0,0.009,167657.28932
1659546,IT,DE,RETA1,PLAS1,1.8,172676.667,4,4,172676.656,0.0,0.0,0.0,0.011,95931.481667
1739806,IT,GB,POSTT,REALE,2.84,172668.268,4,4,172668.255,0.0,0.0,0.0,0.013,60798.685915
1680345,IT,GR,ELEC1,WHOLE,0.02,172649.888,4,4,172649.877,0.0,0.0,0.0,0.011,8632494.4
1654305,IT,CZ,ELEC2,ALUM1,0.04,172646.856,4,4,172646.838,0.0,0.0,0.0,0.018,4316171.4
1750676,IT,CN,MOTO1,BASIC,0.92,172641.335,4,4,172641.324,0.0,0.0,0.0,0.011,187653.625
1749559,IT,CN,PLAST,PREC1,0.36,172633.955,4,4,172633.937,0.0,0.0,0.0,0.018,479538.763889
1650838,IT,BG,LANDT,CEMEN,1.11,172632.232,4,4,172632.224,0.0,0.0,0.0,0.008,155524.533333
1663661,IT,DK,BUSIN,RESEA,1.77,172618.209,4,4,172618.197,0.0,0.0,0.0,0.012,97524.411864
1667443,IT,ES,NONF1,NONF1,0.04,172614.561,3,3,172614.561,0.0,0.0,0.0,0.0,4315364.025
1768666,IT,AU,TEXTI,RUBBE,1.02,172607.452,4,4,172607.429,0.0,0.0,0.0,0.023,169222.992157
1666987,IT,ES,BRICK,CONST,0.26,172606.873,5,5,172605.862,0.0,0.0,1.0,0.011,663872.588462
1656554,IT,DE,PAPER,RECRE,0.67,172583.857,5,5,172582.84,0.0,1.0,0.0,0.017,257587.846269
1776124,IT,TR,LEATH,WOODW,1.24,172576.194,5,5,172575.164,0.0,1.0,0.0,0.03,139174.35
1662426,IT,DK,PREC1,CONST,0.29,172559.664,4,4,172559.656,0.0,0.0,0.0,0.008,595033.324138
1682689,IT,HR,KERO1,CHEM1,0.25,172553.668,4,4,172553.654,0.0,0.0,0.0,0.014,690214.672
1686500,IT,HU,PREC1,OFFIC,0.29,172537.883,4,4,172537.875,0.0,0.0,0.0,0.008,594958.217241
1719882,IT,PL,PREC1,CROPS,0.29,172537.152,4,4,172537.144,0.0,0.0,0.0,0.008,594955.696552
1727176,IT,RO,LANDT,RECRE,1.11,172528.259,4,4,172528.251,0.0,0.0,0.0,0.008,155430.863964
1654024,IT,CZ,MACHI,ELEC8,0.96,172514.135,4,4,172514.121,0.0,0.0,0.0,0.014,179702.223958
1738190,IT,GB,CERAM,CERAM,0.27,172512.816,5,5,172511.807,0.0,0.0,1.0,0.009,638936.355556
1723670,IT,PT,MACHI,BEVER,0.96,172511.22,4,4,172511.206,0.0,0.0,0.0,0.014,179699.1875
1803088,IT,WF,CEREA,HEALT,0.28,172502.133,5,5,172501.123,0.0,1.0,0.0,0.01,616079.046429
1648834,IT,BG,TEXTI,HYDRO,1.02,172499.894,4,4,172499.871,0.0,0.0,0.0,0.023,169117.543137
1792299,IT,WA,POSTT,HEALT,2.84,172486.722,4,4,172486.709,0.0,0.0,0.0,0.013,60734.761268
1759294,IT,BR,POSTT,SALEM,2.84,172481.974,4,4,172481.961,0.0,0.0,0.0,0.013,60733.089437
1742700,IT,US,NONF1,PUBLI,0.04,172479.07,3,3,172479.07,0.0,0.0,0.0,0.0,4311976.75
1750069,IT,CN,BASIC,GLASS,0.2,172478.187,4,4,172478.176,0.0,0.0,0.0,0.011,862390.935
1676343,IT,FR,WHOLE,WHEAT,1.49,172465.973,4,4,172465.963,0.0,0.0,0.0,0.01,115748.975168
1654698,IT,CZ,LANDT,RETA1,1.11,172433.336,4,4,172433.328,0.0,0.0,0.0,0.008,155345.347748
1755385,IT,KR,KEROS,HEAVY,0.26,172406.384,4,4,172406.37,0.0,0.0,0.0,0.014,663101.476923
1810028,IT,WM,TEXTI,FOOD5,1.02,172403.879,4,4,172403.856,0.0,0.0,0.0,0.023,169023.410784
1653692,IT,CZ,LEAD1,STONE,0.3,172389.625,5,5,172388.61,0.0,0.0,1.0,0.015,574632.083333
1713425,IT,MT,PLAST,RUBBE,0.36,172388.976,4,4,172388.958,0.0,0.0,0.0,0.018,478858.266667
1674425,IT,FR,CHEM1,FOOD4,0.36,172366.746,4,4,172366.727,0.0,0.0,0.0,0.019,478796.516667
1716291,IT,NL,FABRI,PULP5,0.7,172354.84,4,4,172354.828,0.0,0.0,0.0,0.012,246221.2
1666039,IT,ES,KEROS,CONST,0.26,172342.364,4,4,172342.35,0.0,0.0,0.0,0.014,662855.246154
1675164,IT,FR,COPP1,FOOD2,0.44,172329.913,5,5,172328.904,0.0,0.0,1.0,0.009,391658.893182
1728393,IT,SE,TEXTI,RENTI,1.02,172321.292,4,4,172321.269,0.0,0.0,0.0,0.023,168942.443137
1764210,IT,MX,MACHI,PULP5,0.96,172304.621,4,4,172304.607,0.0,0.0,0.0,0.014,179483.980208
1669081,IT,ES,SUPPO,SALEM,1.24,172303.441,4,4,172303.433,0.0,0.0,0.0,0.008,138954.387903
1646074,IT,BE,BASIC,NONME,0.2,172297.188,4,4,172297.177,0.0,0.0,0.0,0.011,861485.94
1720439,IT,PL,MACHI,GLASS,0.96,172284.563,4,4,172284.549,0.0,0.0,0.0,0.014,179463.086458
1683081,IT,HR,RUBBE,WEARI,0.57,172267.298,4,4,172267.282,0.0,0.0,0.0,0.016,302223.329825
1688607,IT,IE,PARAF,ELEC6,0.27,172248.54,5,5,172247.527,0.0,0.0,1.0,0.013,637957.555556
1777815,IT,TR,FABRI,NONME,0.7,172229.075,4,4,172229.063,0.0,0.0,0.0,0.012,246041.535714
1734857,IT,SK,PAPER,RUBBE,0.67,172224.029,5,5,172223.012,0.0,1.0,0.0,0.017,257050.789552
1812279,IT,WM,BASIC,RAWMI,0.2,172215.798,4,4,172215.787,0.0,0.0,0.0,0.011,861078.99
1791923,IT,WA,SEACO,RAWMI,0.18,172209.962,4,4,172209.959,0.0,0.0,0.0,0.003,956722.011111
1756003,IT,KR,COPP1,MACHI,0.44,172203.225,5,5,172202.216,0.0,0.0,1.0,0.009,391370.965909
1785686,IT,ZA,LIQUE,BASIC,0.3,172200.437,4,4,172200.423,0.0,0.0,0.0,0.014,574001.456667
1761733,IT,IN,MACHI,PAPER,0.96,172192.588,4,4,172192.574,0.0,0.0,0.0,0.014,179367.279167
1719392,IT,PL,RUBBE,GASDI,0.57,172186.364,4,4,172186.348,0.0,0.0,0.0,0.016,302081.340351
1763993,IT,MX,ALUM1,ALUM1,0.3,172184.11,4,4,172184.096,0.0,0.0,0.0,0.014,573947.033333
1659454,IT,DE,WHOLE,BUSIN,1.49,172174.005,4,4,172173.995,0.0,0.0,0.0,0.01,115553.02349
1770418,IT,AU,TRAN2,TRAN2,0.27,172165.627,4,4,172165.622,0.0,0.0,0.0,0.005,637650.47037
1709807,IT,LT,RUBBE,FABRI,0.57,172158.016,4,4,172158.0,0.0,0.0,0.0,0.016,302031.607018
1715254,IT,NL,PAPER,MEAT1,0.67,172153.652,5,5,172152.635,0.0,1.0,0.0,0.017,256945.749254
1686855,IT,HU,FABRI,RENTI,0.7,172147.797,4,4,172147.785,0.0,0.0,0.0,0.012,245925.424286
1673272,IT,FR,FISH5,HEALT,0.72,172141.426,5,5,172140.337,0.0,1.0,0.0,0.089,239085.313889
1789013,IT,WA,NAPHT,SANDC,0.29,172135.71,4,4,172135.698,0.0,0.0,0.0,0.012,593571.413793
1655554,IT,DE,STONE,DISTR,0.56,172130.753,5,5,172120.745,0.0,0.0,10.0,0.008,307376.344643
1795380,IT,WL,BASIC,PAPER,0.2,172129.565,4,4,172129.554,0.0,0.0,0.0,0.011,860647.825
1655889,IT,DE,DAIRY,RETA1,0.7,172122.838,5,5,172121.826,0.0,1.0,0.0,0.012,245889.768571
1727135,IT,RO,LANDT,ELEC4,1.11,172119.524,4,4,172119.516,0.0,0.0,0.0,0.008,155062.634234
1804139,IT,WF,PAPER,GLASS,0.67,172108.612,5,5,172107.595,0.0,1.0,0.0,0.017,256878.525373
1641118,IT,AT,PAPER,SALEM,0.67,172084.361,5,5,172083.344,0.0,1.0,0.0,0.017,256842.329851
1746110,IT,JP,PRINT,BUSIN,1.65,172063.302,4,4,172063.289,0.0,0.0,0.0,0.013,104280.789091
1647460,IT,BE,AIRTR,INTER,0.19,172059.457,4,4,172059.452,0.0,0.0,0.0,0.005,905576.089474
1726178,IT,RO,GLASS,POSTT,0.47,172058.599,5,5,172057.589,0.0,0.0,1.0,0.01,366082.125532
1794096,IT,WL,PAPER,GLASS,0.67,172054.117,5,5,172053.1,0.0,1.0,0.0,0.017,256797.189552
1681861,IT,HR,VEGE1,WHOLE,0.53,172052.512,5,5,172051.475,0.0,1.0,0.0,0.037,324627.381132
1651669,IT,CY,ALUM1,FABRI,0.3,172036.352,4,4,172036.338,0.0,0.0,0.0,0.014,573454.506667
1776318,IT,TR,PAPER,MACHI,0.67,172033.01,5,5,172031.993,0.0,1.0,0.0,0.017,256765.686567
1681309,IT,GR,INSUR,KEROS,3.55,172009.014,4,4,172009.006,0.0,0.0,0.0,0.008,48453.24338
1710028,IT,LT,COPP1,FABRI,0.43,172008.647,5,5,172007.638,0.0,0.0,1.0,0.009,400020.109302
1801495,IT,WE,MOTO1,OFFIC,0.92,172005.167,4,4,172005.156,0.0,0.0,0.0,0.011,186962.138043
1665622,IT,ES,WOODW,PLAST,0.48,172004.691,5,5,172003.679,0.0,1.0,0.0,0.012,358343.10625
1769231,IT,AU,RUBBE,CRUDE,0.57,171998.52,4,4,171998.504,0.0,0.0,0.0,0.016,301751.789474
1741322,IT,US,PAPER,LANDT,0.67,171998.11,5,5,171997.093,0.0,1.0,0.0,0.017,256713.597015
1805086,IT,WF,NFERT,OILSE,0.04,171986.246,4,4,171986.232,0.0,0.0,0.0,0.014,4299656.15
1722460,IT,PT,DAIRY,FOOD5,0.7,171984.151,5,5,171983.139,0.0,1.0,0.0,0.012,245691.644286
1810044,IT,WM,TEXTI,LIQUE,1.02,171962.215,4,4,171962.192,0.0,0.0,0.0,0.023,168590.406863
1768408,IT,AU,VEGE1,CHEM1,0.53,171960.696,5,5,171959.659,0.0,1.0,0.0,0.037,324454.143396
1742677,IT,US,NONF1,LEAD1,0.04,171956.116,3,3,171956.116,0.0,0.0,0.0,0.0,4298902.9
1673460,IT,FR,WEARI,COMPU,1.3,171948.329,4,4,171948.296,0.0,0.0,0.0,0.033,132267.945385
1800814,IT,WE,BASIC,GASDI,0.2,171946.328,4,4,171946.317,0.0,0.0,0.0,0.011,859731.64
1795489,IT,WL,ALUM1,NONFE,0.3,171942.758,4,4,171942.744,0.0,0.0,0.0,0.014,573142.526667
1757826,IT,BR,CHEM1,PADDY,0.36,171938.071,4,4,171938.052,0.0,0.0,0.0,0.019,477605.752778
1710061,IT,LT,FABRI,WOODW,0.7,171937.587,4,4,171937.575,0.0,0.0,0.0,0.012,245625.124286
1750031,IT,CN,NONME,FURNI,0.35,171931.45,4,4,171931.431,0.0,0.0,0.0,0.019,491232.714286
1760823,IT,IN,MOTOR,KEROS,0.26,171924.815,4,4,171924.801,0.0,0.0,0.0,0.014,661249.288462
1658368,IT,DE,NONF1,COMPU,0.04,171922.113,3,3,171922.113,0.0,0.0,0.0,0.0,4298052.825
1748683,IT,CN,FOOD5,MEATP,0.83,171913.985,5,5,171912.97,0.0,1.0,0.0,0.015,207125.283133
1641507,IT,AT,HEAVY,DAIRY,0.28,171906.791,4,4,171906.777,0.0,0.0,0.0,0.014,613952.825
1754037,IT,CA,SEACO,OFFIC,0.17,171900.945,4,4,171900.942,0.0,0.0,0.0,0.003,1011182.029412
1793951,IT,WL,LEATH,RETA1,1.23,171852.461,5,5,171851.431,0.0,1.0,0.0,0.03,139717.447967
1740553,IT,US,VEGET,BEVER,0.61,171850.82,5,5,171849.813,0.0,1.0,0.0,0.007,281722.655738
1658377,IT,DE,FABRI,CATTL,0.7,171843.503,4,4,171843.491,0.0,0.0,0.0,0.012,245490.718571
1799912,IT,WE,HEAVY,PADDY,0.28,171842.648,4,4,171842.634,0.0,0.0,0.0,0.014,613723.742857
1803156,IT,WF,VEGET,COMPU,0.61,171836.108,5,5,171835.101,0.0,1.0,0.0,0.007,281698.537705
1788540,IT,WA,PAPER,WOODW,0.67,171831.389,5,5,171830.372,0.0,1.0,0.0,0.017,256464.759701
1720264,IT,PL,FABRI,MEATC,0.7,171803.791,4,4,171803.779,0.0,0.0,0.0,0.012,245433.987143
1769501,IT,AU,BASIC,SALEM,0.2,171785.392,4,4,171785.381,0.0,0.0,0.0,0.011,858926.96
1674257,IT,FR,BITU1,NAPHT,0.27,171778.733,4,4,171778.719,0.0,0.0,0.0,0.014,636217.52963
1685838,IT,HU,CHEM1,SANDC,0.36,171771.452,4,4,171771.433,0.0,0.0,0.0,0.019,477142.922222
1740789,IT,US,VEGE1,PIGS9,0.53,171750.512,5,5,171749.475,0.0,1.0,0.0,0.037,324057.569811
1811172,IT,WM,NAPHT,FOUND,0.29,171748.398,4,4,171748.386,0.0,0.0,0.0,0.012,592235.855172
1642950,IT,AT,FURNI,FABRI,0.55,171728.88,4,4,171728.865,0.0,0.0,0.0,0.015,312234.327273
1782021,IT,NO,RUBBE,SEACO,0.57,171722.841,4,4,171722.825,0.0,0.0,0.0,0.016,301268.142105
1644311,IT,BE,FISHF,HOTEL,0.3,171721.834,4,4,171721.828,0.0,0.0,0.0,0.006,572406.113333
1642347,IT,AT,BASIC,ELEC4,0.2,171715.452,4,4,171715.441,0.0,0.0,0.0,0.011,858577.26
1680495,IT,GR,ELEC6,VEGET,0.03,171692.8,4,4,171692.773,0.0,0.0,0.0,0.027,5723093.333333
1687688,IT,HU,AIRTR,EDUCA,0.19,171686.902,4,4,171686.897,0.0,0.0,0.0,0.005,903615.273684
1742073,IT,US,RUBBE,MOTOR,0.57,171676.995,4,4,171676.979,0.0,0.0,0.0,0.016,301187.710526
1773301,IT,CH,MACHI,DAIRY,0.96,171673.292,4,4,171673.278,0.0,0.0,0.0,0.014,178826.345833
1676168,IT,FR,CONST,PRINT,0.96,171671.123,5,5,171670.114,0.0,0.0,1.0,0.009,178824.086458
1809447,IT,WM,CHEMI,SALEM,0.41,171629.412,6,6,171620.396,0.0,1.0,8.0,0.016,418608.321951
1642168,IT,AT,CERAM,RETA1,0.27,171609.338,5,5,171608.329,0.0,0.0,1.0,0.009,635590.140741
1776849,IT,TR,BITU1,NONF1,0.27,171578.882,4,4,171578.868,0.0,0.0,0.0,0.014,635477.340741
1657634,IT,DE,CERAM,TEXTI,0.27,171565.44,5,5,171564.431,0.0,0.0,1.0,0.009,635427.555556
1773042,IT,CH,ALUM1,OFFIC,0.3,171559.431,4,4,171559.417,0.0,0.0,0.0,0.014,571864.77
1716426,IT,NL,MACHI,HEALT,0.96,171535.171,4,4,171535.157,0.0,0.0,0.0,0.014,178682.469792
1758044,IT,BR,RUBBE,SUPPO,0.57,171501.446,4,4,171501.43,0.0,0.0,0.0,0.016,300879.729825
1689535,IT,IE,SEACO,ALUM1,0.17,171493.213,4,4,171493.21,0.0,0.0,0.0,0.003,1008783.605882
1729599,IT,SE,NONF1,WHOLE,0.04,171473.409,3,3,171473.409,0.0,0.0,0.0,0.0,4286835.225
1650830,IT,BG,LANDT,PFERT,1.11,171470.31,4,4,171470.302,0.0,0.0,0.0,0.008,154477.756757
1654354,IT,CZ,ELEC6,TRAN1,0.03,171467.091,4,4,171467.064,0.0,0.0,0.0,0.027,5715569.7
1814209,IT,WM,SUPPO,SEACO,1.23,171443.608,4,4,171443.6,0.0,0.0,0.0,0.008,139385.047154
1804090,IT,WF,PAPER,CROPS,0.66,171443.21,5,5,171442.193,0.0,1.0,0.0,0.017,259762.439394
1673067,IT,FR,FOOD5,FABRI,0.82,171427.362,5,5,171426.347,0.0,1.0,0.0,0.015,209057.758537
1729816,IT,SE,MACHI,RECRE,0.96,171416.152,4,4,171416.138,0.0,0.0,0.0,0.014,178558.491667
1682855,IT,HR,LIQUE,DISTR,0.3,171415.828,4,4,171415.814,0.0,0.0,0.0,0.014,571386.093333
1674289,IT,FR,PLAST,PRINT,0.36,171415.035,4,4,171415.018,0.0,0.0,0.0,0.017,476152.875
1725939,IT,RO,PLAST,HEALT,0.36,171405.76,4,4,171405.743,0.0,0.0,0.0,0.017,476127.111111
1681564,IT,GR,BUSIN,WHOLE,1.76,171405.438,4,4,171405.426,0.0,0.0,0.0,0.012,97389.453409
1661966,IT,DK,PETRO,SANDC,0.29,171400.018,4,4,171400.005,0.0,0.0,0.0,0.013,591034.544828
1810669,IT,WM,MOTOR,DAIRY,0.26,171397.893,4,4,171397.879,0.0,0.0,0.0,0.014,659222.665385
1677020,IT,FR,SUPPO,FISHF,1.23,171387.594,4,4,171387.586,0.0,0.0,0.0,0.008,139339.507317
1769931,IT,AU,MOTO1,RETA1,0.91,171384.244,4,4,171384.233,0.0,0.0,0.0,0.011,188334.334066
1793630,IT,WL,DAIRY,FISH5,0.7,171382.161,5,5,171381.149,0.0,1.0,0.0,0.012,244831.658571
1723405,IT,PT,BASIC,DIST1,0.2,171361.954,4,4,171361.943,0.0,0.0,0.0,0.011,856809.77
1795943,IT,WL,MOTO1,FOOD5,0.91,171348.958,4,4,171348.947,0.0,0.0,0.0,0.011,188295.558242
1757703,IT,BR,HEAVY,REALE,0.28,171343.449,4,4,171343.435,0.0,0.0,0.0,0.014,611940.889286
1760108,IT,BR,FOOD2,LIQUE,1.0,171333.922,4,4,171333.911,0.0,0.0,0.0,0.011,171333.922
1789972,IT,WA,NONME,ALUMI,0.35,171329.747,4,4,171329.728,0.0,0.0,0.0,0.019,489513.562857
1771327,IT,CH,DAIRY,FINAN,0.7,171323.628,5,5,171322.616,0.0,1.0,0.0,0.012,244748.04
1738094,IT,GB,RUBBE,RENTI,0.57,171320.111,4,4,171320.095,0.0,0.0,0.0,0.016,300561.598246
1771203,IT,CH,MEAT4,HEALT,0.94,171260.515,5,5,171259.503,0.0,1.0,0.0,0.012,182192.037234
1811942,IT,WM,RUBBE,MEMBE,0.57,171251.441,4,4,171251.425,0.0,0.0,0.0,0.016,300441.124561
1674778,IT,FR,CERAM,OILHA,0.27,171248.465,5,5,171247.456,0.0,0.0,1.0,0.009,634253.574074
1763787,IT,MX,CERAM,PRECI,0.27,171242.937,5,5,171241.928,0.0,0.0,1.0,0.009,634233.1
1785185,IT,ZA,FOOD5,COMPU,0.82,171229.525,5,5,171228.51,0.0,1.0,0.0,0.015,208816.493902
1675105,IT,FR,LEAD1,CHEM1,0.3,171219.009,5,5,171217.995,0.0,0.0,1.0,0.014,570730.03
1748796,IT,CN,TEXTI,GLASS,1.01,171216.392,4,4,171216.369,0.0,0.0,0.0,0.023,169521.180198
1662633,IT,DK,MACHI,MEATC,0.96,171210.894,4,4,171210.88,0.0,0.0,0.0,0.014,178344.68125
1735342,IT,SK,CEMEN,DAIRY,0.27,171210.553,5,5,171209.545,0.0,0.0,1.0,0.008,634113.159259
1800254,IT,WE,PLAST,LEAD1,0.36,171195.629,4,4,171195.612,0.0,0.0,0.0,0.017,475543.413889
1682589,IT,HR,KEROS,VEGET,0.25,171193.688,4,4,171193.674,0.0,0.0,0.0,0.014,684774.752
1710618,IT,LU,CHEMI,KEROS,0.41,171191.854,6,6,171182.838,0.0,1.0,8.0,0.016,417541.107317
1755066,IT,KR,WEARI,SUPPO,1.29,171183.31,4,4,171183.277,0.0,0.0,0.0,0.033,132700.24031
1813581,IT,WM,WHOLE,ELEC2,1.48,171174.304,4,4,171174.294,0.0,0.0,0.0,0.01,115658.313514
1763401,IT,MX,PRINT,EDUCA,1.64,171173.38,4,4,171173.367,0.0,0.0,0.0,0.013,104374.012195
1660717,IT,DE,RENTI,TRANS,1.02,171163.118,4,4,171163.108,0.0,0.0,0.0,0.01,167806.978431
1743640,IT,US,HOTEL,DIST1,1.24,171161.37,4,4,171161.357,0.0,0.0,0.0,0.013,138033.362903
1665881,IT,ES,PRINT,RESEA,1.64,171144.324,4,4,171144.311,0.0,0.0,0.0,0.013,104356.295122
1797058,IT,WL,SUPPO,RETA1,1.23,171140.371,4,4,171140.363,0.0,0.0,0.0,0.008,139138.513008
1658251,IT,DE,COPP1,WOODW,0.43,171137.571,5,5,171136.562,0.0,0.0,1.0,0.009,397994.351163
1810883,IT,WM,KEROS,RECRE,0.25,171134.39,4,4,171134.376,0.0,0.0,0.0,0.014,684537.56
1766321,IT,RU,NONME,CEMEN,0.35,171129.059,4,4,171129.04,0.0,0.0,0.0,0.019,488940.168571
1686583,IT,HU,ALUM1,SALEM,0.3,171118.91,4,4,171118.896,0.0,0.0,0.0,0.014,570396.366667
1738651,IT,GB,MACHI,MEAT1,0.95,171117.425,4,4,171117.411,0.0,0.0,0.0,0.014,180123.605263
1652184,IT,CZ,DAIRY,RAWMI,0.7,171086.394,5,5,171085.382,0.0,1.0,0.0,0.012,244409.134286
1758264,IT,BR,PREC1,CONST,0.29,171077.014,4,4,171077.006,0.0,0.0,0.0,0.008,589920.737931
1659480,IT,DE,RETA1,PAPER,1.79,171074.342,4,4,171074.331,0.0,0.0,0.0,0.011,95572.258101
1653134,IT,CZ,CHEM1,BASIC,0.36,171051.32,4,4,171051.301,0.0,0.0,0.0,0.019,475142.555556
1812440,IT,WM,PREC1,NFERT,0.29,171030.31,4,4,171030.302,0.0,0.0,0.0,0.008,589759.689655
1675534,IT,FR,MOTO1,WHEAT,0.91,171024.963,4,4,171024.952,0.0,0.0,0.0,0.011,187939.51978
1719700,IT,PL,NONME,RUBBE,0.35,171018.953,4,4,171018.934,0.0,0.0,0.0,0.019,488625.58
1642104,IT,AT,GLASS,SALEM,0.47,171008.585,5,5,171007.575,0.0,0.0,1.0,0.01,363848.053191
1787612,IT,WA,MEAT4,PIGS9,0.94,170973.038,5,5,170972.026,0.0,1.0,0.0,0.012,181886.210638
1764247,IT,MX,MACHI,NONF1,0.95,170972.49,4,4,170972.476,0.0,0.0,0.0,0.014,179971.042105
1752465,IT,CA,DAIRY,WHOLE,0.69,170970.481,5,5,170969.469,0.0,1.0,0.0,0.012,247783.305797
1741582,IT,US,GASDI,ELEC1,0.25,170966.815,4,4,170966.801,0.0,0.0,0.0,0.014,683867.26
1727016,IT,RO,HOTEL,OILHA,1.24,170961.763,4,4,170961.75,0.0,0.0,0.0,0.013,137872.389516
1720277,IT,PL,FABRI,LEATH,0.7,170945.024,4,4,170945.012,0.0,0.0,0.0,0.012,244207.177143
1810854,IT,WM,KEROS,GASWO,0.25,170943.745,4,4,170943.731,0.0,0.0,0.0,0.014,683774.98
1795108,IT,WL,RUBBE,TOBAC,0.57,170920.394,4,4,170920.379,0.0,0.0,0.0,0.015,299860.340351
1789124,IT,WA,NONSP,CHEM1,0.22,170909.852,4,4,170909.843,0.0,0.0,0.0,0.009,776862.963636
1688694,IT,IE,CHEM1,NONME,0.36,170906.997,4,4,170906.978,0.0,0.0,0.0,0.019,474741.658333
1781885,IT,NO,CHEM1,PULP5,0.36,170904.734,4,4,170904.715,0.0,0.0,0.0,0.019,474735.372222
1798766,IT,WE,FOOD5,MEATC,0.82,170901.016,5,5,170900.001,0.0,1.0,0.0,0.015,208415.873171
1812907,IT,WM,MACHI,OILSE,0.95,170899.714,4,4,170899.7,0.0,0.0,0.0,0.014,179894.435789
1675639,IT,FR,MOTO1,SEWAG,0.91,170889.858,4,4,170889.847,0.0,0.0,0.0,0.011,187791.052747
1812932,IT,WM,MACHI,MEATP,0.95,170863.939,4,4,170863.925,0.0,0.0,0.0,0.014,179856.777895
1800716,IT,WE,CEMEN,FINAN,0.27,170859.434,5,5,170858.426,0.0,0.0,1.0,0.008,632812.718519
1643529,IT,AT,TRAN2,RETAI,0.26,170858.135,4,4,170858.13,0.0,0.0,0.0,0.005,657146.673077
1804404,IT,WF,KEROS,TRAN2,0.25,170851.079,4,4,170851.065,0.0,0.0,0.0,0.014,683404.316
1648068,IT,BE,COMPU,RENTI,1.95,170844.373,4,4,170844.362,0.0,0.0,0.0,0.011,87612.498974
1808959,IT,WM,CEREA,EDUCA,0.28,170842.316,5,5,170841.306,0.0,1.0,0.0,0.01,610151.128571
1709911,IT,LT,BASIC,CROPS,0.2,170823.363,4,4,170823.352,0.0,0.0,0.0,0.011,854116.815
1670007,IT,ES,HEALT,WHOLE,0.89,170811.452,4,4,170811.445,0.0,0.0,0.0,0.007,191922.979775
1685392,IT,HU,LEATH,CONST,1.22,170805.759,5,5,170804.729,0.0,1.0,0.0,0.03,140004.720492
1729937,IT,SE,FURNI,REALE,0.55,170784.786,4,4,170784.771,0.0,0.0,0.0,0.015,310517.792727
1745298,IT,JP,MEAT4,PFERT,0.94,170782.848,5,5,170781.836,0.0,1.0,0.0,0.012,181683.880851
1727000,IT,RO,HOTEL,INLAN,1.24,170772.309,4,4,170772.296,0.0,0.0,0.0,0.013,137719.604032
1807010,IT,WF,LANDT,SALEM,1.1,170765.733,4,4,170765.725,0.0,0.0,0.0,0.008,155241.575455
1805112,IT,WF,NFERT,RETA1,0.04,170757.237,4,4,170757.223,0.0,0.0,0.0,0.014,4268930.925
1769415,IT,AU,CEMEN,CEMEN,0.27,170739.67,5,5,170738.662,0.0,0.0,1.0,0.008,632369.148148
1681774,IT,HR,CHEMI,FOOD5,0.41,170734.643,6,6,170725.627,0.0,1.0,8.0,0.016,416425.958537
1772057,IT,CH,PRINT,DIST1,1.64,170701.012,4,4,170700.999,0.0,0.0,0.0,0.013,104085.982927
1811328,IT,WM,BITU1,WHOLE,0.27,170687.353,4,4,170687.339,0.0,0.0,0.0,0.014,632175.381481
1813917,IT,WM,LANDT,RESEA,1.1,170670.052,4,4,170670.044,0.0,0.0,0.0,0.008,155154.592727
1789814,IT,WA,CERAM,STONE,0.27,170668.515,5,5,170667.506,0.0,0.0,1.0,0.009,632105.611111
1687682,IT,HU,AIRTR,REALE,0.19,170666.367,4,4,170666.362,0.0,0.0,0.0,0.005,898244.036842
1801204,IT,WE,FABRI,GLASS,0.69,170662.629,4,4,170662.617,0.0,0.0,0.0,0.012,247337.143478
1805241,IT,WF,CHEM1,DISTR,0.36,170660.916,4,4,170660.897,0.0,0.0,0.0,0.019,474058.1
1753024,IT,CA,CHEM1,FOUND,0.36,170644.813,4,4,170644.794,0.0,0.0,0.0,0.019,474013.369444
1683397,IT,HR,BASIC,PFERT,0.2,170638.727,4,4,170638.716,0.0,0.0,0.0,0.011,853193.635
1781708,IT,NO,WOODW,REALE,0.48,170623.704,5,5,170622.692,0.0,1.0,0.0,0.012,355466.05
1745835,IT,JP,LEATH,WEARI,1.22,170612.575,5,5,170611.545,0.0,1.0,0.0,0.03,139846.372951
1759649,IT,BR,RESEA,MACHI,0.92,170607.675,4,4,170607.663,0.0,0.0,0.0,0.012,185443.125
1666762,IT,ES,RUBBE,NONF1,0.57,170578.712,4,4,170578.697,0.0,0.0,0.0,0.015,299260.898246
1801241,IT,WE,FABRI,TRAN2,0.69,170578.33,4,4,170578.318,0.0,0.0,0.0,0.012,247214.971014
1779784,IT,TR,BUSIN,HOTEL,1.75,170563.081,4,4,170563.069,0.0,0.0,0.0,0.012,97464.617714
1667560,IT,ES,FABRI,COMPU,0.69,170560.727,4,4,170560.715,0.0,0.0,0.0,0.012,247189.45942
1736521,IT,SK,AIRTR,SUPPO,0.19,170540.172,4,4,170540.167,0.0,0.0,0.0,0.005,897579.852632
1803613,IT,WF,FOOD5,MEAT1,0.82,170539.693,5,5,170538.678,0.0,1.0,0.0,0.015,207975.235366
1682526,IT,HR,COKEO,FABRI,0.02,170534.887,3,3,170534.887,0.0,0.0,0.0,0.0,8526744.35
1663199,IT,DK,LANDT,RENTI,1.1,170492.48,4,4,170492.472,0.0,0.0,0.0,0.008,154993.163636
1757119,IT,BR,VEGET,LIQUI,0.6,170491.825,5,5,170490.818,0.0,1.0,0.0,0.007,284153.041667
1743847,IT,US,SEACO,PLANT,0.17,170474.284,4,4,170474.281,0.0,0.0,0.0,0.003,1002789.905882
1669711,IT,ES,COMPU,BUSIN,1.95,170473.835,4,4,170473.824,0.0,0.0,0.0,0.011,87422.479487
1648133,IT,BE,RESEA,COMPU,0.92,170470.185,4,4,170470.173,0.0,0.0,0.0,0.012,185293.679348
1770203,IT,AU,HOTEL,RAWMI,1.24,170447.264,4,4,170447.251,0.0,0.0,0.0,0.013,137457.470968
1640875,IT,AT,LEATH,NAPHT,1.22,170434.309,5,5,170433.28,0.0,1.0,0.0,0.029,139700.253279
1773368,IT,CH,MACHI,AIRTR,0.95,170429.567,4,4,170429.553,0.0,0.0,0.0,0.014,179399.544211
1682448,IT,HR,PAPER,CONST,0.66,170427.986,5,5,170426.969,0.0,1.0,0.0,0.017,258224.221212
1806257,IT,WF,MACHI,PREC1,0.95,170404.879,4,4,170404.865,0.0,0.0,0.0,0.014,179373.556842
1658296,IT,DE,COPP1,ELEC2,0.43,170396.783,5,5,170395.774,0.0,0.0,1.0,0.009,396271.588372
1710170,IT,LT,MACHI,FURNI,0.95,170390.831,4,4,170390.817,0.0,0.0,0.0,0.014,179358.769474
1746996,IT,JP,MOTO1,RECRE,0.91,170368.549,4,4,170368.538,0.0,0.0,0.0,0.011,187218.185714
1775270,IT,CH,BUSIN,HEAVY,1.75,170355.782,4,4,170355.77,0.0,0.0,0.0,0.012,97346.161143
1779920,IT,TW,CONST,HEAVY,0.95,170352.0,5,5,170350.991,0.0,0.0,1.0,0.009,179317.894737
1785866,IT,ZA,CHEM1,93197,0.36,170345.569,4,4,170345.55,0.0,0.0,0.0,0.019,473182.136111
1809505,IT,WM,MEAT4,FOOD5,0.94,170342.593,5,5,170341.581,0.0,1.0,0.0,0.012,181215.524468
1656351,IT,DE,WOODW,DAIRY,0.48,170340.924,5,5,170339.912,0.0,1.0,0.0,0.012,354876.925
1715929,IT,NL,GLASS,FABRI,0.47,170328.969,5,5,170327.959,0.0,0.0,1.0,0.01,362402.061702
1686321,IT,HU,NONME,CHEM1,0.34,170324.903,4,4,170324.884,0.0,0.0,0.0,0.019,500955.597059
1792533,IT,WA,REALE,REALE,7.2,170319.857,4,4,170319.846,0.0,0.0,0.0,0.011,23655.535694
1743786,IT,US,LANDT,OFFIC,1.1,170302.92,4,4,170302.912,0.0,0.0,0.0,0.008,154820.836364
1657025,IT,DE,NAPHT,WHOLE,0.29,170302.744,4,4,170302.732,0.0,0.0,0.0,0.012,587250.841379
1690144,IT,IE,COMPU,RESEA,1.94,170289.009,4,4,170288.998,0.0,0.0,0.0,0.011,87777.839691
1672774,IT,FR,MEATC,RECRE,0.57,170286.587,5,5,170283.576,0.0,3.0,0.0,0.011,298748.398246
1659623,IT,DE,HOTEL,TRANS,1.23,170273.352,4,4,170273.339,0.0,0.0,0.0,0.013,138433.619512
1800750,IT,WE,NONME,CERAM,0.34,170273.027,4,4,170273.008,0.0,0.0,0.0,0.019,500803.020588
1670585,IT,FI,TEXTI,HEALT,1.01,170266.668,4,4,170266.645,0.0,0.0,0.0,0.023,168580.859406
1675094,IT,FR,ALUM1,PAPE4,0.3,170264.654,4,4,170264.64,0.0,0.0,0.0,0.014,567548.846667
1718114,IT,PL,VEGE1,MEATP,0.52,170253.511,5,5,170252.474,0.0,1.0,0.0,0.037,327410.598077
1789923,IT,WA,CEMEN,GASDI,0.27,170251.185,5,5,170250.177,0.0,0.0,1.0,0.008,630559.944444
1794863,IT,WL,PFERT,POULT,0.07,170248.018,4,4,170247.991,0.0,0.0,0.0,0.027,2432114.542857
1772839,IT,CH,BASIC,DAIRY,0.2,170236.834,4,4,170236.823,0.0,0.0,0.0,0.011,851184.17
1723522,IT,PT,COPP1,FURNI,0.43,170233.946,5,5,170232.937,0.0,0.0,1.0,0.009,395892.897674
1809271,IT,WM,CRUDE,WHOLE,0.34,170190.007,4,4,170189.992,0.0,0.0,0.0,0.015,500558.844118
1720154,IT,PL,COPP1,MOTOR,0.43,170168.842,5,5,170167.833,0.0,0.0,1.0,0.009,395741.493023
1745468,IT,JP,FOOD5,MEATC,0.82,170161.442,5,5,170160.427,0.0,1.0,0.0,0.015,207513.953659
1667740,IT,ES,OFFIC,VEGET,0.53,170130.431,4,4,170130.419,0.0,0.0,0.0,0.012,321000.813208
1728881,IT,SE,CHEM1,NONFE,0.36,170129.28,4,4,170129.261,0.0,0.0,0.0,0.019,472581.333333
1767514,IT,RU,SEACO,SEACO,0.17,170103.084,4,4,170103.081,0.0,0.0,0.0,0.003,1000606.376471
1766562,IT,RU,COPP1,STEAM,0.43,170100.606,5,5,170099.597,0.0,0.0,1.0,0.009,395582.804651
1805788,IT,WF,PREC1,MEAT4,0.29,170095.588,4,4,170095.58,0.0,0.0,0.0,0.008,586536.510345
1804281,IT,WF,MOTOR,FOOD5,0.25,170095.168,4,4,170095.154,0.0,0.0,0.0,0.014,680380.672
1685713,IT,HU,PARAF,PLAST,0.27,170087.73,5,5,170086.718,0.0,0.0,1.0,0.012,629954.555556
1741493,IT,US,MOTOR,WASTE,0.25,170081.228,4,4,170081.214,0.0,0.0,0.0,0.014,680324.912
1658712,IT,DE,OFFIC,TRANS,0.53,170068.523,4,4,170068.511,0.0,0.0,0.0,0.012,320884.00566
1679443,IT,GR,CHEM1,SUGA1,0.36,170035.803,4,4,170035.784,0.0,0.0,0.0,0.019,472321.675
1814290,IT,WM,POSTT,BUSIN,2.8,170033.099,4,4,170033.086,0.0,0.0,0.0,0.013,60726.106786
1748904,IT,CN,WEARI,GLASS,1.28,170026.216,4,4,170026.184,0.0,0.0,0.0,0.032,132832.98125
1735544,IT,SK,ALUM1,ADDIT,0.3,170009.887,4,4,170009.873,0.0,0.0,0.0,0.014,566699.623333
1642572,IT,AT,NONF1,BUSIN,0.04,170008.96,3,3,170008.96,0.0,0.0,0.0,0.0,4250224.0
1773310,IT,CH,MACHI,LEATH,0.95,170007.768,4,4,170007.754,0.0,0.0,0.0,0.014,178955.545263
1718415,IT,PL,BEVER,EDUCA,0.72,170006.522,4,4,170006.511,0.0,0.0,0.0,0.011,236120.169444
1799884,IT,WE,GASDI,CONST,0.25,170001.826,4,4,170001.812,0.0,0.0,0.0,0.014,680007.304
1798576,IT,WE,CHEMI,PUBLI,0.41,169992.903,6,6,169983.887,0.0,1.0,8.0,0.016,414616.836585
1798165,IT,WE,WHEAT,REALE,0.13,169978.483,5,5,169977.479,0.0,1.0,0.0,0.004,1307526.792308
1796447,IT,WL,WHOLE,EDUCA,1.47,169965.181,4,4,169965.171,0.0,0.0,0.0,0.01,115622.572109
1656887,IT,DE,HEAVY,ELEC6,0.27,169955.853,4,4,169955.839,0.0,0.0,0.0,0.014,629466.122222
1674512,IT,FR,RUBBE,SANDC,0.56,169947.299,4,4,169947.284,0.0,0.0,0.0,0.015,303477.319643
1773730,IT,CH,ELEC1,KEROS,0.02,169930.2,4,4,169930.189,0.0,0.0,0.0,0.011,8496510.0
1650742,IT,BG,HOTEL,WHOLE,1.23,169928.993,4,4,169928.98,0.0,0.0,0.0,0.013,138153.652846
1801825,IT,WE,ELEC7,CROPS,0.12,169925.341,4,4,169925.339,0.0,0.0,0.0,0.002,1416044.508333
1809851,IT,WM,FOOD5,MEMBE,0.82,169919.438,5,5,169918.423,0.0,1.0,0.0,0.015,207218.826829
1726385,IT,RO,NONF1,ALUM1,0.04,169910.212,3,3,169910.212,0.0,0.0,0.0,0.0,4247755.3
1725514,IT,RO,LEATH,WEARI,1.22,169898.915,5,5,169897.886,0.0,1.0,0.0,0.029,139261.405738
1682966,IT,HR,PLAST,WHOLE,0.36,169887.308,4,4,169887.291,0.0,0.0,0.0,0.017,471909.188889
1764889,IT,MX,AIRTR,MEDIC,0.18,169879.623,4,4,169879.618,0.0,0.0,0.0,0.005,943775.683333
1766566,IT,RU,COPP1,WHOLE,0.43,169873.489,5,5,169872.48,0.0,0.0,1.0,0.009,395054.625581
1646554,IT,BE,OFFIC,FABRI,0.53,169821.36,4,4,169821.348,0.0,0.0,0.0,0.012,320417.660377
1642765,IT,AT,MACHI,DISTR,0.95,169816.669,4,4,169816.655,0.0,0.0,0.0,0.014,178754.388421
1792357,IT,WA,FINAN,WHOLE,2.21,169810.657,4,4,169810.652,0.0,0.0,0.0,0.005,76837.401357
1808409,IT,WF,WASTE,PUBLI,0.54,169773.397,4,4,169773.388,0.0,0.0,0.0,0.009,314395.17963
1665047,IT,ES,MEATC,WOOD2,0.57,169758.744,5,5,169756.733,0.0,2.0,0.0,0.011,297822.357895
1688153,IT,HU,BUSIN,MOTO1,1.74,169745.534,4,4,169745.522,0.0,0.0,0.0,0.012,97554.904598
1790507,IT,WA,COPP1,FURNI,0.43,169742.951,5,5,169741.942,0.0,0.0,1.0,0.009,394751.048837
1754108,IT,CA,AIRTR,RADIO,0.18,169738.561,4,4,169738.556,0.0,0.0,0.0,0.005,942992.005556
1759279,IT,BR,POSTT,ELECT,2.79,169705.804,4,4,169705.791,0.0,0.0,0.0,0.013,60826.453047
1778105,IT,TR,MOTO1,TRANS,0.9,169690.644,4,4,169690.633,0.0,0.0,0.0,0.011,188545.16
1769609,IT,AU,FABRI,NATUR,0.69,169687.198,4,4,169687.186,0.0,0.0,0.0,0.012,245923.475362
1805180,IT,WF,CHEM1,NONFE,0.35,169685.266,4,4,169685.247,0.0,0.0,0.0,0.019,484815.045714
1710704,IT,LU,FOOD5,MEATC,0.82,169662.257,5,5,169661.242,0.0,1.0,0.0,0.015,206905.191463
1666720,IT,ES,RUBBE,PROCE,0.56,169648.236,4,4,169648.221,0.0,0.0,0.0,0.015,302943.278571
1801718,IT,WE,ELEC1,TRANS,0.02,169642.249,4,4,169642.238,0.0,0.0,0.0,0.011,8482112.45
1721076,IT,PL,HOTEL,HOTEL,1.23,169629.349,4,4,169629.336,0.0,0.0,0.0,0.013,137910.039837
1677707,IT,FR,RENTI,ELEC3,1.01,169628.084,4,4,169628.075,0.0,0.0,0.0,0.009,167948.59802
1644807,IT,BE,TEXTI,WEARI,1.01,169622.126,4,4,169622.103,0.0,0.0,0.0,0.023,167942.69901
1751456,IT,CN,AIRTR,ALUM1,0.18,169621.432,4,4,169621.427,0.0,0.0,0.0,0.005,942341.288889
1795231,IT,WL,GLASS,BUSIN,0.47,169615.186,5,5,169614.176,0.0,0.0,1.0,0.01,360883.374468
1775054,IT,CH,RENTI,RUBBE,1.01,169610.035,4,4,169610.026,0.0,0.0,0.0,0.009,167930.727723
1714484,IT,NL,FISHF,WHOLE,0.29,169599.182,4,4,169599.176,0.0,0.0,0.0,0.006,584824.765517
1742388,IT,US,NONME,RADIO,0.34,169593.807,4,4,169593.788,0.0,0.0,0.0,0.019,498805.314706
1803667,IT,WF,BEVER,VEGET,0.72,169575.024,4,4,169575.013,0.0,0.0,0.0,0.011,235520.866667
1746325,IT,JP,ADDIT,HEAVY,0.39,169562.4,5,5,169561.387,0.0,1.0,0.0,0.013,434775.384615
1649765,IT,BG,BASIC,ELEC3,0.2,169555.42,4,4,169555.409,0.0,0.0,0.0,0.011,847777.1
1731978,IT,SI,KEROS,VEGET,0.25,169551.497,4,4,169551.483,0.0,0.0,0.0,0.014,678205.988
1803927,IT,WF,WEARI,SALEM,1.28,169527.463,4,4,169527.431,0.0,0.0,0.0,0.032,132443.330469
1812455,IT,WM,PREC1,OFFIC,0.29,169520.185,4,4,169520.177,0.0,0.0,0.0,0.008,584552.362069
1668786,IT,ES,LANDT,RENTI,1.09,169512.679,4,4,169512.671,0.0,0.0,0.0,0.008,155516.219266
1674645,IT,FR,GLASS,FISHF,0.47,169508.968,5,5,169507.958,0.0,0.0,1.0,0.01,360657.378723
1729800,IT,SE,MACHI,EDUCA,0.95,169491.459,4,4,169491.445,0.0,0.0,0.0,0.014,178412.062105
1775973,IT,TR,BEVER,RETA1,0.72,169473.017,4,4,169473.006,0.0,0.0,0.0,0.011,235379.190278
1778198,IT,TR,FURNI,CHEM1,0.54,169469.675,4,4,169469.66,0.0,0.0,0.0,0.015,313832.731481
1752027,IT,CN,RESEA,LANDT,0.92,169469.445,4,4,169469.433,0.0,0.0,0.0,0.012,184205.918478
1785389,IT,ZA,PAPER,FOOD5,0.66,169439.664,5,5,169438.647,0.0,1.0,0.0,0.017,256726.763636
1657683,IT,DE,CERAM,COMPU,0.26,169408.697,5,5,169407.688,0.0,0.0,1.0,0.009,651571.911538
1744830,IT,US,RESEA,RENTI,0.92,169394.121,4,4,169394.109,0.0,0.0,0.0,0.012,184124.044565
1745072,IT,US,PUBLI,SALEM,2.77,169382.048,4,4,169382.036,0.0,0.0,0.0,0.012,61148.753791
1746394,IT,JP,RUBBE,TRANS,0.56,169379.731,4,4,169379.716,0.0,0.0,0.0,0.015,302463.805357
1748350,IT,CN,VEGET,HOTEL,0.6,169373.545,5,5,169372.538,0.0,1.0,0.0,0.007,282289.241667
1680352,IT,GR,ELEC1,MEMBE,0.02,169367.558,4,4,169367.547,0.0,0.0,0.0,0.011,8468377.9
1787935,IT,WA,BEVER,RECRE,0.72,169361.831,4,4,169361.82,0.0,0.0,0.0,0.011,235224.765278
1712393,IT,LV,CERAM,FORES,0.26,169357.631,5,5,169356.622,0.0,0.0,1.0,0.009,651375.503846
1735167,IT,SK,RUBBE,TEXTI,0.56,169336.078,4,4,169336.063,0.0,0.0,0.0,0.015,302385.853571
1720613,IT,PL,MOTO1,STONE,0.9,169332.996,4,4,169332.985,0.0,0.0,0.0,0.011,188147.773333
1791491,IT,WA,WHOLE,HEALT,1.46,169295.992,4,4,169295.982,0.0,0.0,0.0,0.01,115956.158904
1743443,IT,US,WHOLE,RAWMI,1.46,169293.727,4,4,169293.717,0.0,0.0,0.0,0.01,115954.607534
1731935,IT,SI,MOTOR,DIST1,0.25,169289.201,4,4,169289.187,0.0,0.0,0.0,0.014,677156.804
1726396,IT,RO,NONF1,TRAN1,0.04,169286.591,3,3,169286.591,0.0,0.0,0.0,0.0,4232164.775
1763841,IT,MX,NONME,FOOD5,0.34,169222.931,4,4,169222.912,0.0,0.0,0.0,0.019,497714.502941
1780900,IT,TW,RESEA,FABRI,0.92,169220.36,4,4,169220.348,0.0,0.0,0.0,0.012,183935.173913
1662998,IT,DK,HOTEL,PRINT,1.23,169218.461,4,4,169218.448,0.0,0.0,0.0,0.013,137575.984553
1656622,IT,DE,PRINT,CONST,1.62,169204.922,4,4,169204.909,0.0,0.0,0.0,0.013,104447.482716
1777754,IT,TR,NONF1,WHOLE,0.04,169194.127,3,3,169194.127,0.0,0.0,0.0,0.0,4229853.175
1656023,IT,DE,FOOD5,BUSIN,0.81,169111.997,5,5,169110.982,0.0,1.0,0.0,0.015,208780.24321
1649337,IT,BG,PLAST,CEMEN,0.35,169100.7,4,4,169100.683,0.0,0.0,0.0,0.017,483144.857143
1773751,IT,CH,ELEC1,HEALT,0.02,169098.371,4,4,169098.36,0.0,0.0,0.0,0.011,8454918.55
1659044,IT,DE,ELEC2,RECRE,0.04,169095.301,4,4,169095.283,0.0,0.0,0.0,0.018,4227382.525
1769086,IT,AU,PLAST,ELECT,0.35,169094.436,4,4,169094.419,0.0,0.0,0.0,0.017,483126.96
1718675,IT,PL,WOODW,RUBBE,0.47,169093.852,5,5,169092.841,0.0,1.0,0.0,0.011,359774.153191
1757799,IT,BR,PLAST,RETA1,0.35,169066.24,4,4,169066.223,0.0,0.0,0.0,0.017,483046.4
1743806,IT,US,LANDT,WHOLE,1.09,169056.181,4,4,169056.173,0.0,0.0,0.0,0.008,155097.413761
1745837,IT,JP,LEATH,WOODW,1.21,169052.308,5,5,169051.279,0.0,1.0,0.0,0.029,139712.65124
1778900,IT,TR,SEACO,PULP5,0.17,169052.19,4,4,169052.187,0.0,0.0,0.0,0.003,994424.647059
1737625,IT,GB,PAPER,MOTO1,0.66,169036.399,5,5,169035.382,0.0,1.0,0.0,0.017,256115.756061
1668072,IT,ES,FURNI,EDUCA,0.54,169031.231,4,4,169031.216,0.0,0.0,0.0,0.015,313020.798148
1799417,IT,WE,PAPER,BITUM,0.65,169021.866,5,5,169020.849,0.0,1.0,0.0,0.017,260033.64
1686127,IT,HU,RUBBE,SUPPO,0.56,168984.155,4,4,168984.14,0.0,0.0,0.0,0.015,301757.419643
1770395,IT,AU,LANDT,CONST,1.09,168970.295,4,4,168970.287,0.0,0.0,0.0,0.008,155018.619266
1784073,IT,ID,LEATH,BEVER,1.21,168912.204,5,5,168911.175,0.0,1.0,0.0,0.029,139596.86281
1747169,IT,JP,CONST,RADIO,0.94,168890.034,5,5,168889.025,0.0,0.0,1.0,0.009,179670.248936
1716343,IT,NL,FABRI,RENTI,0.69,168874.475,4,4,168874.463,0.0,0.0,0.0,0.012,244745.615942
1739471,IT,GB,LANDT,GLASS,1.09,168854.691,4,4,168854.683,0.0,0.0,0.0,0.008,154912.56055
1777051,IT,TR,CHEM1,BRICK,0.35,168841.024,4,4,168841.006,0.0,0.0,0.0,0.018,482402.925714
1793975,IT,WL,WOODW,PAPER,0.47,168835.468,5,5,168834.457,0.0,1.0,0.0,0.011,359224.4
1806421,IT,WF,TRANS,VEGET,1.01,168829.079,4,4,168829.07,0.0,0.0,0.0,0.009,167157.50396
1731375,IT,SI,FOOD5,CATTL,0.81,168823.627,5,5,168822.612,0.0,1.0,0.0,0.015,208424.230864
1645094,IT,BE,PAPER,HOTEL,0.65,168818.847,5,5,168817.83,0.0,1.0,0.0,0.017,259721.303077
1772211,IT,CH,GASDI,INSUR,0.25,168816.188,4,4,168816.174,0.0,0.0,0.0,0.014,675264.752
1786430,IT,ZA,OFFIC,MACHI,0.52,168813.974,4,4,168813.962,0.0,0.0,0.0,0.012,324642.257692
1728010,IT,SE,SANDC,HOTEL,0.39,168810.099,5,5,168773.093,0.0,0.0,37.0,0.006,432846.407692
1658497,IT,DE,FABRI,FOODW,0.69,168802.784,4,4,168802.772,0.0,0.0,0.0,0.012,244641.715942
1719758,IT,PL,BASIC,COKIN,0.19,168792.122,4,4,168792.111,0.0,0.0,0.0,0.011,888379.589474
1777770,IT,TR,FABRI,CRUDE,0.69,168779.932,4,4,168779.92,0.0,0.0,0.0,0.012,244608.597101
1750295,IT,CN,NONF1,CEMEN,0.04,168766.003,3,3,168766.003,0.0,0.0,0.0,0.0,4219150.075
1652006,IT,CZ,VEGET,WEARI,0.6,168755.689,5,5,168754.682,0.0,1.0,0.0,0.007,281259.481667
1740639,IT,US,CRUDE,RUBBE,0.33,168753.524,4,4,168753.509,0.0,0.0,0.0,0.015,511374.315152
1768684,IT,AU,TEXTI,CONST,1.0,168714.137,4,4,168714.115,0.0,0.0,0.0,0.022,168714.137
1718784,IT,PL,PAPER,FISH5,0.65,168693.632,5,5,168692.615,0.0,1.0,0.0,0.017,259528.664615
1640294,IT,AT,SANDC,CEMEN,0.39,168686.147,5,5,168649.141,0.0,0.0,37.0,0.006,432528.582051
1663960,IT,EE,PAPER,WOODW,0.65,168684.522,5,5,168683.505,0.0,1.0,0.0,0.017,259514.649231
1654712,IT,CZ,LANDT,BUSIN,1.09,168678.865,4,4,168678.857,0.0,0.0,0.0,0.008,154751.252294
1681087,IT,GR,SUPPO,BASIC,1.21,168673.036,4,4,168673.028,0.0,0.0,0.0,0.008,139399.203306
1798856,IT,WE,BEVER,POULT,0.72,168670.484,4,4,168670.473,0.0,0.0,0.0,0.011,234264.561111
1679083,IT,GR,PULP5,FINAN,0.51,168667.024,5,5,168666.008,0.0,1.0,0.0,0.016,330719.654902
1748360,IT,CN,OILSE,TEXTI,0.12,168658.137,5,5,168657.129,0.0,1.0,0.0,0.008,1405484.475
1788695,IT,WA,MOTOR,MEATC,0.25,168657.725,4,4,168657.711,0.0,0.0,0.0,0.014,674630.9
1645699,IT,BE,ADDIT,NAPHT,0.39,168654.627,5,5,168653.614,0.0,1.0,0.0,0.013,432447.761538
1741389,IT,US,PRINT,POSTT,1.62,168651.03,4,4,168651.017,0.0,0.0,0.0,0.013,104105.574074
1645074,IT,BE,PAPER,FABRI,0.65,168634.793,5,5,168633.776,0.0,1.0,0.0,0.017,259438.143077
1730764,IT,SE,BUSIN,PAPER,1.73,168620.08,4,4,168620.068,0.0,0.0,0.0,0.012,97468.254335
1640910,IT,AT,LEATH,SUPPO,1.21,168606.134,5,5,168605.105,0.0,1.0,0.0,0.029,139343.912397
1728779,IT,SE,HEAVY,HEAVY,0.27,168605.872,4,4,168605.858,0.0,0.0,0.0,0.014,624466.192593
1712071,IT,LV,BEVER,BIODI,0.72,168594.677,4,4,168594.666,0.0,0.0,0.0,0.011,234159.273611
1790505,IT,WA,COPP1,MOTO1,0.43,168583.618,5,5,168582.609,0.0,0.0,1.0,0.009,392054.925581
1720296,IT,PL,FABRI,BIODI,0.69,168581.353,4,4,168581.341,0.0,0.0,0.0,0.012,244320.801449
1683535,IT,HR,ALUM1,TRANS,0.29,168575.645,4,4,168575.631,0.0,0.0,0.0,0.014,581295.327586
1794311,IT,WL,MOTOR,PREC1,0.25,168569.112,4,4,168569.098,0.0,0.0,0.0,0.014,674276.448
1763863,IT,MX,NONME,FABRI,0.34,168564.927,4,4,168564.909,0.0,0.0,0.0,0.018,495779.197059
1643211,IT,AT,HOTEL,GASDI,1.22,168560.775,4,4,168560.762,0.0,0.0,0.0,0.013,138164.569672
1673093,IT,FR,FOOD5,SUPPO,0.81,168558.017,5,5,168557.002,0.0,1.0,0.0,0.015,208096.317284
1660403,IT,DE,FINAN,SALEM,2.19,168552.278,4,4,168552.273,0.0,0.0,0.0,0.005,76964.510502
1777209,IT,TR,RUBBE,DAIRY,0.56,168545.832,4,4,168545.817,0.0,0.0,0.0,0.015,300974.7
1665918,IT,ES,COALT,WHOLE,0.27,168541.567,4,4,168541.557,0.0,0.0,0.0,0.01,624228.025926
1738221,IT,GB,BRICK,NONME,0.25,168535.675,5,5,168534.664,0.0,0.0,1.0,0.011,674142.7
1763992,IT,MX,ALUM1,PREC1,0.29,168511.581,4,4,168511.567,0.0,0.0,0.0,0.014,581074.417241
1642262,IT,AT,NONME,FABRI,0.34,168499.048,4,4,168499.03,0.0,0.0,0.0,0.018,495585.435294
1646602,IT,BE,MOTO1,WHOLE,0.9,168498.431,4,4,168498.42,0.0,0.0,0.0,0.011,187220.478889
1792292,IT,WA,POSTT,REALE,2.77,168494.305,4,4,168494.292,0.0,0.0,0.0,0.013,60828.268953
1725553,IT,RO,LEATH,HOTEL,1.21,168471.674,5,5,168470.645,0.0,1.0,0.0,0.029,139232.78843
1641618,IT,AT,NAPHT,RENTI,0.29,168464.657,4,4,168464.645,0.0,0.0,0.0,0.012,580912.610345
1771539,IT,CH,TEXTI,LEATH,1.0,168460.504,4,4,168460.482,0.0,0.0,0.0,0.022,168460.504
1746545,IT,JP,NONME,ELEC2,0.34,168458.403,4,4,168458.385,0.0,0.0,0.0,0.018,495465.891176
1750269,IT,CN,COPP1,ELEC4,0.43,168444.083,5,5,168443.074,0.0,0.0,1.0,0.009,391730.425581
1766791,IT,RU,MACHI,NONME,0.94,168441.979,4,4,168441.965,0.0,0.0,0.0,0.014,179193.594681
1756300,IT,KR,MOTO1,FABRI,0.9,168441.016,4,4,168441.005,0.0,0.0,0.0,0.011,187156.684444
1749134,IT,CN,WOODW,WHOLE,0.47,168431.803,5,5,168430.792,0.0,1.0,0.0,0.011,358365.538298
1749627,IT,CN,CHEM1,MEAT4,0.35,168431.768,4,4,168431.75,0.0,0.0,0.0,0.018,481233.622857
1794882,IT,WL,CHEM1,PADDY,0.35,168430.48,4,4,168430.462,0.0,0.0,0.0,0.018,481229.942857
1669208,IT,ES,POSTT,LANDT,2.77,168422.25,4,4,168422.237,0.0,0.0,0.0,0.013,60802.256318
1739748,IT,GB,SUPPO,FOOD2,1.21,168411.921,4,4,168411.913,0.0,0.0,0.0,0.008,139183.405785
1640453,IT,AT,VEGE1,BUSIN,0.52,168397.895,5,5,168396.858,0.0,1.0,0.0,0.037,323842.105769
1806188,IT,WF,MACHI,PLANT,0.94,168390.668,4,4,168390.654,0.0,0.0,0.0,0.014,179139.008511
1792759,IT,WA,BUSIN,FURNI,1.73,168385.238,4,4,168385.226,0.0,0.0,0.0,0.012,97332.507514
1808489,IT,WF,FOOD4,WHOLE,1.22,168370.477,4,4,168370.466,0.0,0.0,0.0,0.011,138008.587705
1780177,IT,TW,HOTEL,SUPPO,1.22,168359.718,4,4,168359.705,0.0,0.0,0.0,0.013,137999.768852
1665755,IT,ES,PAPER,SECO9,0.65,168358.668,5,5,168357.651,0.0,1.0,0.0,0.017,259013.335385
1806006,IT,WF,COPP1,PFERT,0.43,168356.458,5,5,168355.449,0.0,0.0,1.0,0.009,391526.646512
1746627,IT,JP,ALUM1,MOTO1,0.29,168353.119,4,4,168353.106,0.0,0.0,0.0,0.013,580527.996552
1761945,IT,IN,FURNI,ELEC1,0.54,168340.953,4,4,168340.939,0.0,0.0,0.0,0.014,311742.505556
1665735,IT,ES,PAPER,GLASS,0.65,168335.375,5,5,168334.358,0.0,1.0,0.0,0.017,258977.5
1761682,IT,IN,FABRI,HOTEL,0.69,168332.594,4,4,168332.582,0.0,0.0,0.0,0.012,243960.281159
1788397,IT,WA,WOODW,SALEM,0.47,168330.621,5,5,168329.61,0.0,1.0,0.0,0.011,358150.257447
1678811,IT,GR,BEVER,MEATA,0.72,168329.239,4,4,168329.228,0.0,0.0,0.0,0.011,233790.609722
1654013,IT,CZ,MACHI,RADIO,0.94,168305.347,4,4,168305.333,0.0,0.0,0.0,0.014,179048.241489
1801621,IT,WE,TRANS,EDUCA,1.0,168305.081,4,4,168305.072,0.0,0.0,0.0,0.009,168305.081
1642286,IT,AT,NONME,COMPU,0.34,168273.088,4,4,168273.07,0.0,0.0,0.0,0.018,494920.847059
1672642,IT,FR,CRUDE,LUBRI,0.33,168264.318,4,4,168264.304,0.0,0.0,0.0,0.014,509891.872727
1677040,IT,FR,SUPPO,PAPER,1.21,168264.313,4,4,168264.305,0.0,0.0,0.0,0.008,139061.415702
1810890,IT,WM,KERO1,MOTOR,0.24,168263.252,4,4,168263.238,0.0,0.0,0.0,0.014,701096.883333
1686441,IT,HU,BASIC,HOTEL,0.19,168257.388,4,4,168257.377,0.0,0.0,0.0,0.011,885565.2
1778037,IT,TR,OFFIC,OFFIC,0.52,168219.219,4,4,168219.207,0.0,0.0,0.0,0.012,323498.498077
1805226,IT,WF,CHEM1,COPP1,0.35,168215.88,4,4,168215.862,0.0,0.0,0.0,0.018,480616.8
1643491,IT,AT,LANDT,HEALT,1.09,168211.436,4,4,168211.428,0.0,0.0,0.0,0.008,154322.418349
1658058,IT,DE,PREC1,DISTR,0.29,168210.232,4,4,168210.224,0.0,0.0,0.0,0.008,580035.282759
1777586,IT,TR,ALUM1,FOOD5,0.29,168209.555,4,4,168209.542,0.0,0.0,0.0,0.013,580032.948276
1807152,IT,WF,AIRTR,PRINT,0.18,168208.7,4,4,168208.695,0.0,0.0,0.0,0.005,934492.777778
1660828,IT,DE,COMPU,TRANS,1.92,168190.79,4,4,168190.779,0.0,0.0,0.0,0.011,87599.369792
1656714,IT,DE,MOTOR,MOTO1,0.25,168166.329,4,4,168166.315,0.0,0.0,0.0,0.014,672665.316
1721268,IT,PL,LANDT,TRANS,1.08,168165.887,4,4,168165.879,0.0,0.0,0.0,0.008,155709.15463
1644052,IT,AT,BUSIN,ALUM1,1.73,168124.097,4,4,168124.085,0.0,0.0,0.0,0.012,97181.55896
1768813,IT,AU,LEATH,WOODW,1.2,168121.643,5,5,168120.614,0.0,1.0,0.0,0.029,140101.369167
1798953,IT,WE,FISH5,EDUCA,0.71,168120.222,4,4,168120.136,0.0,0.0,0.0,0.086,236789.04507
1667149,IT,ES,BASIC,NONF1,0.19,168116.439,4,4,168116.428,0.0,0.0,0.0,0.011,884823.363158
1804916,IT,WF,BITU1,LANDT,0.27,168113.471,4,4,168113.458,0.0,0.0,0.0,0.013,622642.485185
1720240,IT,PL,NONF1,CONST,0.04,168094.853,3,3,168094.853,0.0,0.0,0.0,0.0,4202371.325
1710508,IT,LT,AIRTR,SUPPO,0.18,168082.367,4,4,168082.362,0.0,0.0,0.0,0.005,933790.927778
1645934,IT,BE,CERAM,ALUM1,0.26,168078.987,5,5,168077.978,0.0,0.0,1.0,0.009,646457.642308
1674780,IT,FR,CERAM,SEWAG,0.26,168067.727,5,5,168066.718,0.0,0.0,1.0,0.009,646414.334615
1759162,IT,BR,AIRTR,SEACO,0.18,168064.387,4,4,168064.382,0.0,0.0,0.0,0.005,933691.038889
1775159,IT,CH,RESEA,FOOD5,0.91,168021.039,4,4,168021.027,0.0,0.0,0.0,0.012,184638.504396
1719433,IT,PL,RUBBE,DISTR,0.56,168014.817,4,4,168014.802,0.0,0.0,0.0,0.015,300026.458929
1648701,IT,BG,FOOD5,MEAT4,0.81,168012.636,5,5,168011.621,0.0,1.0,0.0,0.015,207423.007407
1744156,IT,US,SUPPO,PUBLI,1.21,167998.982,4,4,167998.974,0.0,0.0,0.0,0.008,138842.133884
1746147,IT,JP,PLAST,TEXTI,0.35,167982.796,4,4,167982.779,0.0,0.0,0.0,0.017,479950.845714
1748951,IT,CN,WEARI,SUPPO,1.27,167979.079,4,4,167979.047,0.0,0.0,0.0,0.032,132266.991339
1764115,IT,MX,FABRI,COPP1,0.68,167960.823,4,4,167960.811,0.0,0.0,0.0,0.012,247001.210294
1736315,IT,SK,HOTEL,HEALT,1.22,167957.533,4,4,167957.52,0.0,0.0,0.0,0.013,137670.109016
1685452,IT,HU,WOODW,MOTO1,0.47,167954.432,5,5,167953.421,0.0,1.0,0.0,0.011,357349.855319
1668542,IT,ES,HOTEL,TRANS,1.22,167926.286,4,4,167926.273,0.0,0.0,0.0,0.013,137644.496721
1666754,IT,ES,RUBBE,BRICK,0.56,167921.457,4,4,167921.442,0.0,0.0,0.0,0.015,299859.744643
1749126,IT,CN,WOODW,TRANS,0.47,167902.826,5,5,167901.815,0.0,1.0,0.0,0.011,357240.055319
1800824,IT,WE,BASIC,RUBBE,0.19,167899.752,4,4,167899.741,0.0,0.0,0.0,0.011,883682.905263
1648264,IT,BE,BUSIN,FOOD2,1.72,167896.952,4,4,167896.94,0.0,0.0,0.0,0.012,97614.506977
1666208,IT,ES,HEAVY,PRINT,0.27,167881.696,4,4,167881.683,0.0,0.0,0.0,0.013,621784.059259
1727337,IT,RO,POSTT,CONST,2.76,167881.495,4,4,167881.482,0.0,0.0,0.0,0.013,60826.628623
1800788,IT,WE,BASIC,BKBPE,0.19,167866.675,4,4,167866.664,0.0,0.0,0.0,0.011,883508.815789
1683590,IT,HR,COPP1,WHOLE,0.42,167862.436,5,5,167861.427,0.0,0.0,1.0,0.009,399672.466667
1675499,IT,FR,OFFIC,TRANS,0.52,167861.936,4,4,167861.924,0.0,0.0,0.0,0.012,322811.415385
1723528,IT,PT,COPP1,WHOLE,0.42,167836.637,5,5,167835.628,0.0,0.0,1.0,0.009,399611.040476
1687966,IT,HU,RENTI,RUBBE,1.0,167831.622,4,4,167831.613,0.0,0.0,0.0,0.009,167831.622
1790550,IT,WA,NONF1,NFERT,0.04,167823.34,3,3,167823.34,0.0,0.0,0.0,0.0,4195583.5
1731980,IT,SI,KEROS,CROPS,0.25,167812.313,4,4,167812.299,0.0,0.0,0.0,0.014,671249.252
1673603,IT,FR,WOODW,BRICK,0.47,167802.085,5,5,167801.074,0.0,1.0,0.0,0.011,357025.712766
1709808,IT,LT,RUBBE,MACHI,0.56,167787.342,4,4,167787.327,0.0,0.0,0.0,0.015,299620.253571
1749718,IT,CN,CHEM1,POSTT,0.35,167778.198,4,4,167778.18,0.0,0.0,0.0,0.018,479366.28
1762741,IT,IN,BUSIN,COPP1,1.72,167775.879,4,4,167775.867,0.0,0.0,0.0,0.012,97544.115698
1674577,IT,FR,RUBBE,ELEC6,0.56,167773.892,4,4,167773.877,0.0,0.0,0.0,0.015,299596.235714
1787409,IT,WA,FISHF,CHEM1,0.29,167764.606,4,4,167764.6,0.0,0.0,0.0,0.006,578498.641379
1747193,IT,JP,CONST,SEACO,0.94,167758.47,5,5,167757.461,0.0,0.0,1.0,0.009,178466.457447
1676639,IT,FR,HOTEL,INTER,1.22,167752.084,4,4,167752.071,0.0,0.0,0.0,0.013,137501.708197
1686736,IT,HU,COPP1,LANDT,0.42,167751.932,5,5,167750.923,0.0,0.0,1.0,0.009,399409.361905
1759120,IT,BR,AIRTR,CHEM1,0.18,167748.046,4,4,167748.041,0.0,0.0,0.0,0.005,931933.588889
1805856,IT,WF,ALUM1,BEVER,0.29,167745.921,4,4,167745.908,0.0,0.0,0.0,0.013,578434.210345
1677721,IT,FR,RENTI,SUPPO,1.0,167744.069,4,4,167744.06,0.0,0.0,0.0,0.009,167744.069
1717682,IT,NL,BUSIN,MOTO1,1.72,167737.993,4,4,167737.981,0.0,0.0,0.0,0.012,97522.088953
1666232,IT,ES,HEAVY,BRICK,0.27,167733.465,4,4,167733.452,0.0,0.0,0.0,0.013,621235.055556
1738782,IT,GB,OFFIC,WHOLE,0.52,167729.686,4,4,167729.674,0.0,0.0,0.0,0.012,322557.088462
1773326,IT,CH,MACHI,GLASS,0.94,167728.067,4,4,167728.053,0.0,0.0,0.0,0.014,178434.11383
1785721,IT,ZA,NAPHT,RENTI,0.28,167711.964,4,4,167711.952,0.0,0.0,0.0,0.012,598971.3
1738496,IT,GB,COPP1,COMPU,0.42,167706.788,5,5,167705.779,0.0,0.0,1.0,0.009,399301.87619
1718365,IT,PL,BEVER,GASDI,0.71,167703.849,4,4,167703.838,0.0,0.0,0.0,0.011,236202.604225
1805713,IT,WF,BASIC,GASDI,0.19,167703.598,4,4,167703.587,0.0,0.0,0.0,0.011,882650.515789
1665296,IT,ES,BEVER,CONST,0.71,167680.666,4,4,167680.655,0.0,0.0,0.0,0.011,236169.952113
1762751,IT,IN,BUSIN,TRANS,1.72,167672.686,4,4,167672.674,0.0,0.0,0.0,0.012,97484.119767
1743880,IT,US,SEACO,WHITE,0.17,167615.925,4,4,167615.922,0.0,0.0,0.0,0.003,985976.029412
1814001,IT,WM,SEACO,CEMEN,0.17,167613.133,4,4,167613.13,0.0,0.0,0.0,0.003,985959.605882
1811996,IT,WM,GLASS,OFFIC,0.46,167611.854,5,5,167610.844,0.0,0.0,1.0,0.01,364373.595652
1665309,IT,ES,BEVER,EDUCA,0.71,167611.063,4,4,167611.052,0.0,0.0,0.0,0.011,236071.919718
1645558,IT,BE,CHEM1,SUGAR,0.35,167586.384,4,4,167586.366,0.0,0.0,0.0,0.018,478818.24
1799296,IT,WE,LEATH,REALE,1.2,167582.346,5,5,167581.317,0.0,1.0,0.0,0.029,139651.955
1683516,IT,HR,ALUM1,WOODW,0.29,167578.152,4,4,167578.139,0.0,0.0,0.0,0.013,577855.696552
1740297,IT,GB,BUSIN,93197,1.72,167539.574,4,4,167539.562,0.0,0.0,0.0,0.012,97406.72907
1677723,IT,FR,RENTI,FINAN,1.0,167537.949,4,4,167537.94,0.0,0.0,0.0,0.009,167537.949
1650361,IT,BG,ELEC2,DIST1,0.04,167522.584,4,4,167522.566,0.0,0.0,0.0,0.018,4188064.6
1779671,IT,TR,RESEA,ELECT,0.91,167508.055,4,4,167508.043,0.0,0.0,0.0,0.012,184074.785714
1667801,IT,ES,OFFIC,OFFIC,0.52,167491.449,4,4,167491.437,0.0,0.0,0.0,0.012,322098.940385
1662335,IT,DK,BASIC,VEGE1,0.19,167481.009,4,4,167480.998,0.0,0.0,0.0,0.011,881478.994737
1809269,IT,WM,CRUDE,SALEM,0.33,167470.827,4,4,167470.813,0.0,0.0,0.0,0.014,507487.354545
1677299,IT,FR,FINAN,ELEC3,2.18,167466.414,4,4,167466.409,0.0,0.0,0.0,0.005,76819.455963
1733019,IT,SI,LEAD1,REALE,0.29,167456.304,5,5,167455.29,0.0,0.0,1.0,0.014,577435.531034
1689568,IT,IE,AIRTR,KERO1,0.18,167443.07,4,4,167443.065,0.0,0.0,0.0,0.005,930239.277778
1754833,IT,KR,FOOD5,RECRE,0.8,167439.848,5,5,167438.833,0.0,1.0,0.0,0.015,209299.81
1722496,IT,PT,FOOD5,DAIRY,0.8,167421.841,5,5,167420.826,0.0,1.0,0.0,0.015,209277.30125
1653558,IT,CZ,BASIC,RETAI,0.19,167415.942,4,4,167415.931,0.0,0.0,0.0,0.011,881136.536842
1795915,IT,WL,MOTO1,VEGET,0.89,167411.842,4,4,167411.831,0.0,0.0,0.0,0.011,188103.193258
1762694,IT,IN,BUSIN,CRUDE,1.72,167403.469,4,4,167403.457,0.0,0.0,0.0,0.012,97327.598256
1667179,IT,ES,BASIC,AIRTR,0.19,167403.281,4,4,167403.27,0.0,0.0,0.0,0.011,881069.9
1682125,IT,HR,TEXTI,BRICK,0.99,167392.146,4,4,167392.124,0.0,0.0,0.0,0.022,169082.975758
1658364,IT,DE,NONF1,LANDT,0.04,167375.635,3,3,167375.635,0.0,0.0,0.0,0.0,4184390.875
1646115,IT,BE,BASIC,FOOD3,0.19,167372.497,4,4,167372.486,0.0,0.0,0.0,0.011,880907.878947
1659114,IT,DE,ELEC7,WOODW,0.11,167371.091,4,4,167371.089,0.0,0.0,0.0,0.002,1521555.372727
1680073,IT,GR,MACHI,RAILW,0.93,167364.411,4,4,167364.397,0.0,0.0,0.0,0.014,179961.732258
1722088,IT,PL,BUSIN,MOTOR,1.72,167343.192,4,4,167343.18,0.0,0.0,0.0,0.012,97292.553488
1778160,IT,TR,TRANS,RESEA,1.0,167332.007,4,4,167331.998,0.0,0.0,0.0,0.009,167332.007
1766678,IT,RU,FABRI,RETA1,0.68,167321.027,4,4,167321.015,0.0,0.0,0.0,0.012,246060.333824
1812650,IT,WM,COPP1,MOTOR,0.42,167316.014,5,5,167315.005,0.0,0.0,1.0,0.009,398371.461905
1730405,IT,SE,POSTT,TEXTI,2.76,167307.546,4,4,167307.533,0.0,0.0,0.0,0.013,60618.676087
1651440,IT,CY,GASDI,CEMEN,0.25,167307.491,4,4,167307.477,0.0,0.0,0.0,0.014,669229.964
1736442,IT,SK,LANDT,RETA1,1.08,167304.581,4,4,167304.573,0.0,0.0,0.0,0.008,154911.649074
1652982,IT,CZ,PLAST,WHEAT,0.35,167289.648,4,4,167289.631,0.0,0.0,0.0,0.017,477970.422857
1729033,IT,SE,RUBBE,TEXTI,0.55,167282.443,4,4,167282.428,0.0,0.0,0.0,0.015,304149.896364
1687948,IT,HU,RENTI,FOOD5,1.0,167278.078,4,4,167278.069,0.0,0.0,0.0,0.009,167278.078
1683768,IT,HR,MACHI,SUPPO,0.93,167250.184,4,4,167250.17,0.0,0.0,0.0,0.014,179838.907527
1759621,IT,BR,RESEA,CRUDE,0.91,167231.067,4,4,167231.055,0.0,0.0,0.0,0.012,183770.403297
1757245,IT,BR,VEGE1,LIQUI,0.51,167223.639,5,5,167222.603,0.0,1.0,0.0,0.036,327889.488235
1810648,IT,WM,MOTOR,POULT,0.25,167180.684,4,4,167180.67,0.0,0.0,0.0,0.014,668722.736
1676212,IT,FR,CONST,POSTT,0.93,167168.304,5,5,167167.295,0.0,0.0,1.0,0.009,179750.864516
1641998,IT,AT,RUBBE,FURNI,0.55,167151.603,4,4,167151.588,0.0,0.0,0.0,0.015,303912.005455
1737371,IT,GB,FISH5,FOOD5,0.7,167149.766,4,4,167149.68,0.0,0.0,0.0,0.086,238785.38
1685612,IT,HU,PRINT,EDUCA,1.6,167121.089,4,4,167121.076,0.0,0.0,0.0,0.013,104450.680625
1684694,IT,HU,CEREA,WHOLE,0.27,167118.84,5,5,167117.831,0.0,1.0,0.0,0.009,618958.666667
1765925,IT,RU,PLAST,RETAI,0.35,167116.579,4,4,167116.562,0.0,0.0,0.0,0.017,477475.94
1785491,IT,ZA,MOTOR,CATTL,0.25,167115.992,4,4,167115.978,0.0,0.0,0.0,0.014,668463.968
1785607,IT,ZA,GASDI,SEACO,0.25,167097.454,4,4,167097.44,0.0,0.0,0.0,0.014,668389.816
1671370,IT,FI,COPP1,BUSIN,0.42,167095.643,5,5,167094.634,0.0,0.0,1.0,0.009,397846.769048
1785838,IT,ZA,CHEM1,ELEC1,0.35,167061.483,4,4,167061.465,0.0,0.0,0.0,0.018,477318.522857
1806038,IT,WF,COPP1,WHOLE,0.42,167053.053,5,5,167052.044,0.0,0.0,1.0,0.009,397745.364286
1752421,IT,CA,VEGE1,DIST1,0.51,167046.419,5,5,167045.383,0.0,1.0,0.0,0.036,327541.998039
1772401,IT,CH,CHEM1,CERAM,0.35,167033.497,4,4,167033.479,0.0,0.0,0.0,0.018,477238.562857
1656392,IT,DE,WOODW,ELEC7,0.47,167032.689,5,5,167031.678,0.0,1.0,0.0,0.011,355388.7
1672707,IT,FR,SANDC,FABRI,0.38,167028.438,5,5,166991.432,0.0,0.0,37.0,0.006,439548.521053
1761345,IT,IN,GLASS,OFFIC,0.46,167017.624,5,5,167016.614,0.0,0.0,1.0,0.01,363081.791304
1740788,IT,US,VEGE1,CATTL,0.51,167014.843,5,5,167013.807,0.0,1.0,0.0,0.036,327480.084314
1719556,IT,PL,GLASS,LANDT,0.46,167005.568,5,5,167004.558,0.0,0.0,1.0,0.01,363055.582609
1773035,IT,CH,ALUM1,ALUM1,0.29,166991.499,4,4,166991.486,0.0,0.0,0.0,0.013,575832.755172
1779662,IT,TR,RESEA,NONME,0.91,166980.591,4,4,166980.579,0.0,0.0,0.0,0.012,183495.154945
1675878,IT,FR,ELEC2,PULP5,0.04,166980.297,4,4,166980.28,0.0,0.0,0.0,0.017,4174507.425
1794312,IT,WL,MOTOR,ALUM1,0.25,166969.045,4,4,166969.031,0.0,0.0,0.0,0.014,667876.18
1663288,IT,DK,SEACO,EDUCA,0.17,166963.695,4,4,166963.692,0.0,0.0,0.0,0.003,982139.382353
1752546,IT,CA,FOOD5,BUSIN,0.8,166951.261,5,5,166950.246,0.0,1.0,0.0,0.015,208689.07625
1754552,IT,CA,BUSIN,RENTI,1.71,166930.705,4,4,166930.693,0.0,0.0,0.0,0.012,97620.295322
1751485,IT,CN,AIRTR,AUXIL,0.18,166929.484,4,4,166929.479,0.0,0.0,0.0,0.005,927386.022222
1766589,IT,RU,NONF1,ELEC6,0.04,166925.164,3,3,166925.164,0.0,0.0,0.0,0.0,4173129.1
1811548,IT,WM,PFERT,HYDRO,0.07,166924.221,4,4,166924.194,0.0,0.0,0.0,0.027,2384631.728571
1765404,IT,RU,TOBAC,BUSIN,0.66,166921.543,5,5,166920.533,0.0,1.0,0.0,0.01,252911.428788
1679246,IT,GR,GASDI,VEGET,0.25,166920.971,4,4,166920.957,0.0,0.0,0.0,0.014,667683.884
1641101,IT,AT,PAPER,ELECT,0.65,166913.607,5,5,166912.591,0.0,1.0,0.0,0.016,256790.164615
1788602,IT,WA,PAPER,HEALT,0.65,166897.187,5,5,166896.171,0.0,1.0,0.0,0.016,256764.903077
1732875,IT,SI,BASIC,INTER,0.19,166887.741,4,4,166887.73,0.0,0.0,0.0,0.011,878356.531579
1781797,IT,NO,KEROS,AIRTR,0.25,166878.554,4,4,166878.54,0.0,0.0,0.0,0.014,667514.216
1722182,IT,PL,BUSIN,93197,1.71,166856.864,4,4,166856.852,0.0,0.0,0.0,0.012,97577.11345
1731900,IT,SI,COKEO,FABRI,0.02,166851.984,3,3,166851.984,0.0,0.0,0.0,0.0,8342599.2
1759127,IT,BR,AIRTR,CERAM,0.18,166836.637,4,4,166836.632,0.0,0.0,0.0,0.005,926870.205556
1711821,IT,LU,HEALT,BUSIN,0.87,166809.416,4,4,166809.409,0.0,0.0,0.0,0.007,191734.96092
1772705,IT,CH,CERAM,LANDT,0.26,166805.164,5,5,166804.155,0.0,0.0,1.0,0.009,641558.323077
1773478,IT,CH,OFFIC,RENTI,0.52,166802.359,4,4,166802.347,0.0,0.0,0.0,0.012,320773.767308
1762266,IT,IN,AIRTR,NONME,0.18,166796.095,4,4,166796.09,0.0,0.0,0.0,0.005,926644.972222
1799911,IT,WE,GASDI,PRIVA,0.25,166791.263,4,4,166791.249,0.0,0.0,0.0,0.014,667165.052
1730803,IT,SE,BUSIN,DISTR,1.71,166771.572,4,4,166771.56,0.0,0.0,0.0,0.012,97527.235088
1809898,IT,WM,BEVER,CHEM1,0.71,166738.83,4,4,166738.819,0.0,0.0,0.0,0.011,234843.422535
1798278,IT,WE,OILSE,BUSIN,0.12,166734.418,5,5,166733.41,0.0,1.0,0.0,0.008,1389453.483333
1761595,IT,IN,NONF1,MEDIC,0.04,166705.401,3,3,166705.401,0.0,0.0,0.0,0.0,4167635.025
1758245,IT,BR,BASIC,WHOLE,0.19,166704.556,4,4,166704.545,0.0,0.0,0.0,0.011,877392.4
1784274,IT,ID,CHEM1,BASIC,0.35,166702.594,4,4,166702.576,0.0,0.0,0.0,0.018,476293.125714
1784350,IT,ID,RUBBE,MACHI,0.55,166689.666,4,4,166689.651,0.0,0.0,0.0,0.015,303072.12
1759034,IT,BR,SEACO,CRUDE,0.17,166682.06,4,4,166682.057,0.0,0.0,0.0,0.003,980482.705882
1662603,IT,DK,FABRI,RENTI,0.68,166679.45,4,4,166679.438,0.0,0.0,0.0,0.012,245116.838235
1677500,IT,FR,AUXIL,ELEC3,3.05,166671.271,4,4,166671.263,0.0,0.0,0.0,0.008,54646.318361
1811469,IT,WM,PLAST,ELEC4,0.35,166663.509,4,4,166663.492,0.0,0.0,0.0,0.017,476181.454286
1765677,IT,RU,PAPER,PFERT,0.65,166641.73,5,5,166640.714,0.0,1.0,0.0,0.016,256371.892308
1677320,IT,FR,FINAN,POSTT,2.17,166600.651,4,4,166600.646,0.0,0.0,0.0,0.005,76774.493548
1759298,IT,BR,POSTT,HOTEL,2.74,166590.753,4,4,166590.74,0.0,0.0,0.0,0.013,60799.544891
1768537,IT,AU,FOOD5,RETA1,0.8,166586.697,5,5,166585.682,0.0,1.0,0.0,0.015,208233.37125
1685910,IT,HU,CHEM1,COLLE,0.35,166562.846,4,4,166562.828,0.0,0.0,0.0,0.018,475893.845714
1732231,IT,SI,HEAVY,RESEA,0.27,166557.434,4,4,166557.421,0.0,0.0,0.0,0.013,616879.385185
1741152,IT,US,LEATH,LEATH,1.19,166554.232,5,5,166553.203,0.0,1.0,0.0,0.029,139961.539496
1795659,IT,WL,FABRI,GLASS,0.68,166539.771,4,4,166539.759,0.0,0.0,0.0,0.012,244911.427941
1725483,IT,RO,WEARI,CONST,1.26,166535.16,4,4,166535.128,0.0,0.0,0.0,0.032,132170.761905
1777604,IT,TR,ALUM1,CERAM,0.29,166523.839,4,4,166523.826,0.0,0.0,0.0,0.013,574220.134483
1659978,IT,DE,SEACO,COPP1,0.17,166521.311,4,4,166521.308,0.0,0.0,0.0,0.003,979537.123529
1711024,IT,LU,NONME,CONST,0.34,166519.157,4,4,166519.139,0.0,0.0,0.0,0.018,489762.226471
1753335,IT,CA,BASIC,RETA1,0.19,166497.55,4,4,166497.539,0.0,0.0,0.0,0.011,876302.894737
1801714,IT,WE,ELEC1,PFERT,0.02,166477.516,4,4,166477.506,0.0,0.0,0.0,0.01,8323875.8
1729544,IT,SE,COPP1,REFI1,0.42,166469.671,5,5,166468.662,0.0,0.0,1.0,0.009,396356.359524
1667791,IT,ES,OFFIC,NONME,0.52,166436.928,4,4,166436.916,0.0,0.0,0.0,0.012,320071.015385
1779630,IT,TR,RESEA,CRUDE,0.9,166423.486,4,4,166423.474,0.0,0.0,0.0,0.012,184914.984444
1814284,IT,WM,POSTT,FINAN,2.74,166416.207,4,4,166416.194,0.0,0.0,0.0,0.013,60735.841971
1761790,IT,IN,MACHI,RETA1,0.93,166403.36,4,4,166403.346,0.0,0.0,0.0,0.014,178928.344086
1812881,IT,WM,FABRI,INLAN,0.68,166402.679,4,4,166402.667,0.0,0.0,0.0,0.012,244709.822059
1796072,IT,WL,TRANS,WOODW,0.99,166402.305,4,4,166402.296,0.0,0.0,0.0,0.009,168083.136364
1681386,IT,GR,REALE,BEVER,7.03,166399.48,4,4,166399.469,0.0,0.0,0.0,0.011,23669.911807
1738030,IT,GB,RUBBE,MEATC,0.55,166380.458,4,4,166380.443,0.0,0.0,0.0,0.015,302509.923636
1676390,IT,FR,WHOLE,FOUND,1.44,166364.083,4,4,166364.073,0.0,0.0,0.0,0.01,115530.613194
1789307,IT,WA,PFERT,PUBLI,0.07,166361.456,4,4,166361.429,0.0,0.0,0.0,0.027,2376592.228571
1805619,IT,WF,NONME,LEADZ,0.34,166347.034,4,4,166347.016,0.0,0.0,0.0,0.018,489255.982353
1687162,IT,HU,FURNI,OFFIC,0.53,166344.867,4,4,166344.853,0.0,0.0,0.0,0.014,313858.239623
1674171,IT,FR,LIQUE,POULT,0.29,166337.233,4,4,166337.22,0.0,0.0,0.0,0.013,573576.665517
1789123,IT,WA,NONSP,PFERT,0.22,166331.093,4,4,166331.084,0.0,0.0,0.0,0.009,756050.422727
1761961,IT,IN,FURNI,LANDT,0.53,166311.644,4,4,166311.63,0.0,0.0,0.0,0.014,313795.554717
1642520,IT,AT,COPP1,RUBBE,0.42,166277.344,5,5,166276.335,0.0,0.0,1.0,0.009,395898.438095
1720552,IT,PL,OFFIC,FABRI,0.52,166266.617,4,4,166266.605,0.0,0.0,0.0,0.012,319743.494231
1732026,IT,SI,KEROS,MOTO1,0.25,166264.203,4,4,166264.189,0.0,0.0,0.0,0.014,665056.812
1764090,IT,MX,FABRI,PAPER,0.68,166234.23,4,4,166234.218,0.0,0.0,0.0,0.012,244462.102941
1653869,IT,CZ,FABRI,GLASS,0.68,166233.313,4,4,166233.301,0.0,0.0,0.0,0.012,244460.754412
1782320,IT,NO,NONF1,FABRI,0.04,166230.717,3,3,166230.717,0.0,0.0,0.0,0.0,4155767.925
1713296,IT,MT,MOTOR,FURNI,0.25,166214.138,4,4,166214.124,0.0,0.0,0.0,0.014,664856.552
1716419,IT,NL,MACHI,REALE,0.93,166195.657,4,4,166195.643,0.0,0.0,0.0,0.014,178705.007527
1642585,IT,AT,FABRI,FORES,0.68,166176.552,4,4,166176.54,0.0,0.0,0.0,0.012,244377.282353
1656357,IT,DE,WOODW,TEXTI,0.46,166172.745,5,5,166171.734,0.0,1.0,0.0,0.011,361245.097826
1743530,IT,US,RETA1,EDUCA,1.73,166155.305,4,4,166155.294,0.0,0.0,0.0,0.011,96043.528902
1805131,IT,WF,PFERT,NATU1,0.07,166147.038,4,4,166147.011,0.0,0.0,0.0,0.027,2373529.114286
1790338,IT,WA,ALUM1,MEDIC,0.29,166120.984,4,4,166120.971,0.0,0.0,0.0,0.013,572830.97931
1806008,IT,WF,COPP1,CHARC,0.42,166110.409,5,5,166109.4,0.0,0.0,1.0,0.009,395500.97381
1745077,IT,US,PUBLI,LANDT,2.72,166105.773,4,4,166105.761,0.0,0.0,0.0,0.012,61068.298897
1645177,IT,BE,PRINT,WHOLE,1.59,166102.434,4,4,166102.421,0.0,0.0,0.0,0.013,104466.939623
1653722,IT,CZ,COPP1,COKEO,0.42,166087.53,5,5,166086.521,0.0,0.0,1.0,0.009,395446.5
1719991,IT,PL,ALUM1,NATUR,0.29,166087.095,4,4,166087.082,0.0,0.0,0.0,0.013,572714.12069
1723805,IT,PT,OFFIC,BUSIN,0.51,166084.647,4,4,166084.635,0.0,0.0,0.0,0.012,325656.170588
1812550,IT,WM,ALUM1,RADIO,0.29,166070.565,4,4,166070.552,0.0,0.0,0.0,0.013,572657.12069
1798858,IT,WE,BEVER,RAWMI,0.71,166049.354,4,4,166049.343,0.0,0.0,0.0,0.011,233872.329577
1716064,IT,NL,BASIC,SANDC,0.19,166048.641,4,4,166048.631,0.0,0.0,0.0,0.01,873940.215789
1791993,IT,WA,SEACO,POSTT,0.17,166035.236,4,4,166035.233,0.0,0.0,0.0,0.003,976677.858824
1675320,IT,FR,FABRI,FOOD4,0.68,166032.621,4,4,166032.609,0.0,0.0,0.0,0.012,244165.619118
1758324,IT,BR,COPP1,ELEC6,0.42,166016.534,5,5,166015.525,0.0,0.0,1.0,0.009,395277.461905
1665966,IT,ES,MOTOR,RUBBE,0.25,166012.94,4,4,166012.926,0.0,0.0,0.0,0.014,664051.76
1713098,IT,MT,FOOD5,MEATP,0.8,165996.309,5,5,165995.294,0.0,1.0,0.0,0.015,207495.38625
1758955,IT,BR,RAILW,RAILW,1.11,165995.719,5,5,165994.712,0.0,0.0,1.0,0.007,149545.692793
1646322,IT,BE,NONF1,WASTE,0.04,165974.731,3,3,165974.731,0.0,0.0,0.0,0.0,4149368.275
1759075,IT,BR,SEACO,LANDT,0.17,165965.647,4,4,165965.644,0.0,0.0,0.0,0.003,976268.511765
1789270,IT,WA,PLAST,MEMBE,0.35,165958.425,4,4,165958.408,0.0,0.0,0.0,0.017,474166.928571
1677810,IT,FR,COMPU,PUBLI,1.89,165925.724,4,4,165925.714,0.0,0.0,0.0,0.01,87791.38836
1740199,IT,GB,BUSIN,WOODW,1.7,165891.544,4,4,165891.533,0.0,0.0,0.0,0.011,97583.261176
1779062,IT,TR,AIRTR,RECRE,0.18,165888.596,4,4,165888.591,0.0,0.0,0.0,0.005,921603.311111
1729208,IT,SE,CERAM,CERAM,0.26,165883.861,5,5,165882.852,0.0,0.0,1.0,0.009,638014.85
1689828,IT,IE,INSUR,DISTR,3.42,165870.672,4,4,165870.664,0.0,0.0,0.0,0.008,48500.196491
1672844,IT,FR,VEGE1,POULT,0.51,165864.028,5,5,165862.992,0.0,1.0,0.0,0.036,325223.584314
1813073,IT,WM,OFFIC,SUPPO,0.51,165860.007,4,4,165859.995,0.0,0.0,0.0,0.012,325215.7
1736350,IT,SK,RAILW,RAILW,1.11,165850.624,5,5,165849.617,0.0,0.0,1.0,0.007,149414.976577
1810895,IT,WM,KERO1,LIQUE,0.24,165849.383,4,4,165849.369,0.0,0.0,0.0,0.014,691039.095833
1766726,IT,RU,MACHI,POULT,0.93,165836.63,4,4,165836.616,0.0,0.0,0.0,0.014,178318.956989
1642562,IT,AT,NONF1,FOUND,0.04,165818.23,3,3,165818.23,0.0,0.0,0.0,0.0,4145455.75
1780083,IT,TW,WHOLE,RETA1,1.43,165815.571,4,4,165815.561,0.0,0.0,0.0,0.01,115954.944755
1778183,IT,TR,FURNI,FOOD5,0.53,165788.373,4,4,165788.359,0.0,0.0,0.0,0.014,312808.250943
1732181,IT,SI,GASDI,COMPU,0.25,165785.433,4,4,165785.42,0.0,0.0,0.0,0.013,663141.732
1739121,IT,GB,WHOLE,WHOLE,1.43,165782.105,4,4,165782.095,0.0,0.0,0.0,0.01,115931.541958
1674769,IT,FR,CERAM,PUBLI,0.26,165779.054,5,5,165778.045,0.0,0.0,1.0,0.009,637611.746154
1641816,IT,AT,CHEM1,STEAM,0.35,165775.263,4,4,165775.245,0.0,0.0,0.0,0.018,473643.608571
1757670,IT,BR,HEAVY,PLAST,0.27,165762.86,4,4,165762.847,0.0,0.0,0.0,0.013,613936.518519
1788312,IT,WA,LEATH,DISTR,1.19,165758.801,5,5,165757.772,0.0,1.0,0.0,0.029,139293.110084
1726575,IT,RO,OFFIC,FINAN,0.51,165757.745,4,4,165757.733,0.0,0.0,0.0,0.012,325015.186275
1679549,IT,GR,RUBBE,TEXTI,0.55,165755.416,4,4,165755.401,0.0,0.0,0.0,0.015,301373.483636
1652576,IT,CZ,LEATH,ELECT,1.19,165752.872,5,5,165751.843,0.0,1.0,0.0,0.029,139288.127731
1722781,IT,PT,PAPER,RUBBE,0.64,165744.597,5,5,165743.581,0.0,1.0,0.0,0.016,258975.932813
1804853,IT,WF,BITU1,IRONO,0.26,165736.959,4,4,165736.946,0.0,0.0,0.0,0.013,637449.842308
1749242,IT,CN,PAPER,PLAST,0.64,165736.428,5,5,165735.412,0.0,1.0,0.0,0.016,258963.16875
1643750,IT,AT,SUPPO,RESEA,1.19,165728.94,4,4,165728.932,0.0,0.0,0.0,0.008,139268.016807
1807595,IT,WF,COMPU,PUBLI,1.89,165719.059,4,4,165719.049,0.0,0.0,0.0,0.01,87682.041799
1748919,IT,CN,WEARI,ELECT,1.25,165706.752,4,4,165706.721,0.0,0.0,0.0,0.031,132565.4016
1754689,IT,KR,VEGE1,FISH5,0.51,165691.92,5,5,165690.884,0.0,1.0,0.0,0.036,324886.117647
1714682,IT,NL,VEGE1,SUGA1,0.51,165669.941,5,5,165668.905,0.0,1.0,0.0,0.036,324843.021569
1755808,IT,KR,CERAM,ELEC2,0.26,165663.839,5,5,165662.83,0.0,0.0,1.0,0.009,637168.611538
1761308,IT,IN,RUBBE,PUBLI,0.55,165654.746,4,4,165654.731,0.0,0.0,0.0,0.015,301190.447273
1711125,IT,LU,LEAD1,RECRE,0.29,165645.502,5,5,165644.488,0.0,0.0,1.0,0.014,571191.386207
1645952,IT,BE,CERAM,HOTEL,0.26,165620.315,5,5,165619.306,0.0,0.0,1.0,0.009,637001.211538
1801552,IT,WE,TRANS,CRUDE,0.99,165612.641,4,4,165612.632,0.0,0.0,0.0,0.009,167285.49596
1647382,IT,BE,INLAN,MEATP,0.27,165595.928,4,4,165595.917,0.0,0.0,0.0,0.011,613318.251852
1675411,IT,FR,MACHI,ELEC8,0.92,165582.655,4,4,165582.641,0.0,0.0,0.0,0.014,179981.146739
1674124,IT,FR,HEAVY,WHITE,0.27,165578.545,4,4,165578.532,0.0,0.0,0.0,0.013,613253.87037
1755633,IT,KR,RUBBE,FOOD5,0.55,165575.745,4,4,165575.73,0.0,0.0,0.0,0.015,301046.809091
1802194,IT,WE,HOTEL,HOTEL,1.2,165571.9,4,4,165571.888,0.0,0.0,0.0,0.012,137976.583333
1790664,IT,WA,FABRI,CEMEN,0.67,165570.213,4,4,165570.201,0.0,0.0,0.0,0.012,247119.720896
1759061,IT,BR,SEACO,BASIC,0.17,165553.559,4,4,165553.556,0.0,0.0,0.0,0.003,973844.464706
1680127,IT,GR,OFFIC,OFFIC,0.51,165548.248,4,4,165548.236,0.0,0.0,0.0,0.012,324604.407843
1800927,IT,WE,PREC1,COMPU,0.28,165543.853,4,4,165543.845,0.0,0.0,0.0,0.008,591228.046429
1722322,IT,PT,OILSE,FOOD5,0.12,165543.773,5,5,165542.765,0.0,1.0,0.0,0.008,1379531.441667
1737846,IT,GB,PLAST,WOODW,0.35,165539.679,4,4,165539.662,0.0,0.0,0.0,0.017,472970.511429
1674642,IT,FR,GLASS,MEATA,0.45,165531.346,5,5,165530.337,0.0,0.0,1.0,0.009,367847.435556
1658728,IT,DE,OFFIC,RETA1,0.51,165528.666,4,4,165528.654,0.0,0.0,0.0,0.012,324566.011765
1796305,IT,WL,SALEM,CRUDE,1.34,165511.629,4,4,165511.619,0.0,0.0,0.0,0.01,123516.141045
1784812,IT,ID,HOTEL,RETA1,1.2,165500.881,4,4,165500.869,0.0,0.0,0.0,0.012,137917.400833
1807736,IT,WF,PUBLI,COPPE,2.71,165495.754,4,4,165495.742,0.0,0.0,0.0,0.012,61068.543911
1763576,IT,MX,CHEM1,ELECT,0.35,165486.795,4,4,165486.777,0.0,0.0,0.0,0.018,472819.414286
1649728,IT,BG,BASIC,SANDC,0.19,165481.976,4,4,165481.966,0.0,0.0,0.0,0.01,870957.768421
1663007,IT,DK,HOTEL,RUBBE,1.2,165476.15,4,4,165476.138,0.0,0.0,0.0,0.012,137896.791667
1768406,IT,AU,VEGE1,PLAST,0.51,165466.072,5,5,165465.036,0.0,1.0,0.0,0.036,324443.278431
1686881,IT,HU,MACHI,OILSE,0.92,165461.187,4,4,165461.173,0.0,0.0,0.0,0.014,179849.116304
1742347,IT,US,NONME,CHEMI,0.33,165459.474,4,4,165459.456,0.0,0.0,0.0,0.018,501392.345455
1743064,IT,US,MOTO1,VEGET,0.88,165456.849,4,4,165456.838,0.0,0.0,0.0,0.011,188019.146591
1788899,IT,WA,GASDI,BUSIN,0.25,165424.426,4,4,165424.413,0.0,0.0,0.0,0.013,661697.704
1667877,IT,ES,MOTO1,WOODW,0.88,165407.856,4,4,165407.845,0.0,0.0,0.0,0.011,187963.472727
1773990,IT,CH,SALEM,MEMBE,1.34,165406.297,4,4,165406.287,0.0,0.0,0.0,0.01,123437.535075
1766658,IT,RU,FABRI,RADIO,0.67,165353.641,4,4,165353.629,0.0,0.0,0.0,0.012,246796.479104
1721290,IT,PL,LANDT,HOTEL,1.07,165340.473,4,4,165340.465,0.0,0.0,0.0,0.008,154523.806542
1773108,IT,CH,COPP1,KEROS,0.42,165332.075,5,5,165331.066,0.0,0.0,1.0,0.009,393647.797619
1729418,IT,SE,BASIC,POSTT,0.19,165328.953,4,4,165328.943,0.0,0.0,0.0,0.01,870152.384211
1753168,IT,CA,GLASS,BEVER,0.45,165318.529,5,5,165317.52,0.0,0.0,1.0,0.009,367374.508889
1685898,IT,HU,CHEM1,ELEC2,0.35,165318.095,4,4,165318.077,0.0,0.0,0.0,0.018,472337.414286
1793726,IT,WL,FOOD5,93197,0.79,165312.144,5,5,165311.129,0.0,1.0,0.0,0.015,209255.878481
1799304,IT,WE,LEATH,RECRE,1.18,165286.686,5,5,165285.657,0.0,1.0,0.0,0.029,140073.462712
1794504,IT,WL,GASDI,POSTT,0.25,165278.876,4,4,165278.863,0.0,0.0,0.0,0.013,661115.504
1744906,IT,US,BUSIN,PFERT,1.7,165275.36,4,4,165275.349,0.0,0.0,0.0,0.011,97220.8
1709406,IT,LT,BEVER,HOTEL,0.7,165270.703,4,4,165270.692,0.0,0.0,0.0,0.011,236101.004286
1665717,IT,ES,PAPER,PULP5,0.64,165269.708,5,5,165268.692,0.0,1.0,0.0,0.016,258233.91875
1809451,IT,WM,CHEMI,HOTEL,0.39,165265.177,6,6,165256.161,0.0,1.0,8.0,0.016,423756.864103
1717946,IT,PL,STONE,CONST,0.53,165239.007,5,5,165229.999,0.0,0.0,9.0,0.008,311771.711321
1720116,IT,PL,LEAD1,MACHI,0.29,165234.915,5,5,165233.901,0.0,0.0,1.0,0.014,569775.568966
1718394,IT,PL,BEVER,CONST,0.7,165233.804,4,4,165233.793,0.0,0.0,0.0,0.011,236048.291429
1672062,IT,FI,AIRTR,PUBLI,0.18,165228.233,4,4,165228.228,0.0,0.0,0.0,0.005,917934.627778
1758308,IT,BR,LEAD1,CONST,0.29,165222.434,5,5,165221.42,0.0,0.0,1.0,0.014,569732.531034
1687160,IT,HU,FURNI,FABRI,0.53,165187.212,4,4,165187.198,0.0,0.0,0.0,0.014,311673.984906
1673375,IT,FR,TEXTI,INERT,0.98,165174.321,4,4,165174.299,0.0,0.0,0.0,0.022,168545.22551
1764268,IT,MX,MACHI,TRAN1,0.92,165156.394,4,4,165156.38,0.0,0.0,0.0,0.014,179517.819565
1762283,IT,IN,AIRTR,ELEC3,0.18,165142.754,4,4,165142.749,0.0,0.0,0.0,0.005,917459.744444
1731015,IT,SE,WASTE,MEAT1,0.52,165142.174,4,4,165142.165,0.0,0.0,0.0,0.009,317581.103846
1780283,IT,TW,LANDT,CONST,1.07,165124.452,4,4,165124.444,0.0,0.0,0.0,0.008,154321.917757
1685630,IT,HU,MOTOR,LANDT,0.25,165115.895,4,4,165115.882,0.0,0.0,0.0,0.013,660463.58
1788544,IT,WA,PAPER,MOTOR,0.64,165104.547,5,5,165103.531,0.0,1.0,0.0,0.016,257975.854688
1666417,IT,ES,BITU1,LIQUE,0.26,165094.825,4,4,165094.812,0.0,0.0,0.0,0.013,634980.096154
1739679,IT,GB,SUPPO,DAIRY,1.19,165087.458,4,4,165087.45,0.0,0.0,0.0,0.008,138728.956303
1641257,IT,AT,MOTOR,PLAST,0.25,165086.44,4,4,165086.427,0.0,0.0,0.0,0.013,660345.76
1714564,IT,NL,CRUDE,RENTI,0.33,165047.729,4,4,165047.715,0.0,0.0,0.0,0.014,500144.633333
1657502,IT,DE,RUBBE,WASTE,0.55,165044.223,4,4,165044.208,0.0,0.0,0.0,0.015,300080.405455
1719565,IT,PL,GLASS,RESEA,0.45,165044.22,5,5,165043.211,0.0,0.0,1.0,0.009,366764.933333
1658379,IT,DE,FABRI,POULT,0.67,165044.142,4,4,165044.13,0.0,0.0,0.0,0.012,246334.540299
1660861,IT,DE,COMPU,REALE,1.88,165025.13,4,4,165025.12,0.0,0.0,0.0,0.01,87779.324468
1649164,IT,BG,PRINT,PRINT,1.58,165009.407,4,4,165009.394,0.0,0.0,0.0,0.013,104436.333544
1729782,IT,SE,MACHI,RETAI,0.92,164998.849,4,4,164998.835,0.0,0.0,0.0,0.014,179346.575
1723443,IT,PT,PREC1,FABRI,0.28,164991.379,4,4,164991.371,0.0,0.0,0.0,0.008,589254.925
1757035,IT,KR,BUSIN,PLAST,1.69,164977.808,4,4,164977.797,0.0,0.0,0.0,0.011,97620.004734
1796063,IT,WL,TRANS,PROCE,0.98,164972.131,4,4,164972.122,0.0,0.0,0.0,0.009,168338.909184
1749916,IT,CN,GLASS,PLAST,0.45,164964.552,5,5,164963.543,0.0,0.0,1.0,0.009,366587.893333
1659819,IT,DE,LANDT,GLASS,1.06,164959.712,4,4,164959.704,0.0,0.0,0.0,0.008,155622.369811
1726273,IT,RO,BASIC,CHEM1,0.19,164957.619,4,4,164957.609,0.0,0.0,0.0,0.01,868197.994737
1676922,IT,FR,INLAN,OFFIC,0.27,164953.771,4,4,164953.76,0.0,0.0,0.0,0.011,610939.892593
1770224,IT,AU,HOTEL,CHEMI,1.2,164952.189,4,4,164952.177,0.0,0.0,0.0,0.012,137460.1575
1680796,IT,GR,RAILW,CEREA,1.1,164931.605,5,5,164930.598,0.0,0.0,1.0,0.007,149937.822727
1666019,IT,ES,MOTOR,WASTE,0.25,164907.807,4,4,164907.794,0.0,0.0,0.0,0.013,659631.228
1653839,IT,CZ,FABRI,DAIRY,0.67,164896.179,4,4,164896.167,0.0,0.0,0.0,0.012,246113.7
1646294,IT,BE,COPP1,WHOLE,0.42,164896.017,5,5,164895.008,0.0,0.0,1.0,0.009,392609.564286
1788583,IT,WA,PAPER,WHOLE,0.64,164886.756,5,5,164885.74,0.0,1.0,0.0,0.016,257635.55625
1792126,IT,WA,AIRTR,PRIVA,0.18,164865.803,4,4,164865.798,0.0,0.0,0.0,0.005,915921.127778
1737860,IT,GB,PLAST,BIOGA,0.35,164863.642,4,4,164863.625,0.0,0.0,0.0,0.017,471038.977143
1649392,IT,BG,CHEM1,MEATP,0.34,164859.58,4,4,164859.562,0.0,0.0,0.0,0.018,484881.117647
1799076,IT,WE,TEXTI,RECRE,0.98,164849.202,4,4,164849.18,0.0,0.0,0.0,0.022,168213.471429
1662165,IT,DK,RUBBE,FURNI,0.55,164847.201,4,4,164847.186,0.0,0.0,0.0,0.015,299722.183636
1723925,IT,PT,FURNI,RECRE,0.53,164841.888,4,4,164841.874,0.0,0.0,0.0,0.014,311022.430189
1806595,IT,WF,CONST,PUBLI,0.92,164833.723,5,5,164832.714,0.0,0.0,1.0,0.009,179167.090217
1754124,IT,CA,AIRTR,RAILW,0.18,164827.969,4,4,164827.964,0.0,0.0,0.0,0.005,915710.938889
1666011,IT,ES,MOTOR,HEALT,0.25,164823.976,4,4,164823.963,0.0,0.0,0.0,0.013,659295.904
1675319,IT,FR,FABRI,WASTE,0.67,164823.797,4,4,164823.785,0.0,0.0,0.0,0.012,246005.667164
1801457,IT,WE,MOTO1,FOOD5,0.88,164819.931,4,4,164819.92,0.0,0.0,0.0,0.011,187295.376136
1766216,IT,RU,GLASS,OFFIC,0.45,164812.728,5,5,164811.719,0.0,0.0,1.0,0.009,366250.506667
1720741,IT,PL,TRANS,RUBBE,0.98,164805.353,4,4,164805.344,0.0,0.0,0.0,0.009,168168.727551
1757257,IT,BR,VEGE1,HOTEL,0.51,164797.801,5,5,164796.765,0.0,1.0,0.0,0.036,323132.943137
1771939,IT,CH,PAPER,NONME,0.64,164789.256,5,5,164788.24,0.0,1.0,0.0,0.016,257483.2125
1804699,IT,WF,LIQUE,COPP1,0.29,164778.422,4,4,164778.409,0.0,0.0,0.0,0.013,568201.455172
1684286,IT,HR,AIRTR,DIST1,0.18,164771.476,4,4,164771.471,0.0,0.0,0.0,0.005,915397.088889
1732863,IT,SI,BASIC,SUPPO,0.19,164756.872,4,4,164756.862,0.0,0.0,0.0,0.01,867141.431579
1749377,IT,CN,PRINT,PUBLI,1.58,164750.11,4,4,164750.097,0.0,0.0,0.0,0.013,104272.221519
1788682,IT,WA,MOTOR,VEGET,0.25,164747.68,4,4,164747.667,0.0,0.0,0.0,0.013,658990.72
1770604,IT,AU,POSTT,POSTT,2.71,164723.887,4,4,164723.874,0.0,0.0,0.0,0.013,60783.72214
1785152,IT,ZA,FOOD5,PIGS9,0.79,164701.106,5,5,164700.091,0.0,1.0,0.0,0.015,208482.412658
1799412,IT,WE,PAPER,ANIMA,0.64,164689.501,5,5,164688.485,0.0,1.0,0.0,0.016,257327.345312
1780067,IT,TW,WHOLE,BASIC,1.42,164675.983,4,4,164675.973,0.0,0.0,0.0,0.01,115969.002113
1710619,IT,LU,CHEMI,CHEM1,0.39,164669.223,6,6,164660.208,0.0,1.0,8.0,0.015,422228.776923
1773070,IT,CH,ALUM1,SUPPO,0.29,164660.058,4,4,164660.045,0.0,0.0,0.0,0.013,567793.303448
1681098,IT,GR,SUPPO,MOTO1,1.18,164631.784,4,4,164631.776,0.0,0.0,0.0,0.008,139518.461017
1790308,IT,WA,ALUM1,PAPER,0.29,164629.542,4,4,164629.529,0.0,0.0,0.0,0.013,567688.075862
1801132,IT,WE,FABRI,WHEAT,0.67,164602.629,4,4,164602.617,0.0,0.0,0.0,0.012,245675.565672
1721634,IT,PL,POSTT,POSTT,2.71,164589.602,4,4,164589.589,0.0,0.0,0.0,0.013,60734.17048
1797561,IT,WL,PUBLI,CHEM1,2.7,164585.702,4,4,164585.69,0.0,0.0,0.0,0.012,60957.667407
1667625,IT,ES,MACHI,FISH5,0.92,164566.402,4,4,164566.388,0.0,0.0,0.0,0.014,178876.523913
1772281,IT,CH,NAPHT,MOTO1,0.28,164563.694,4,4,164563.682,0.0,0.0,0.0,0.012,587727.478571
1799045,IT,WE,TEXTI,FABRI,0.98,164558.895,4,4,164558.873,0.0,0.0,0.0,0.022,167917.239796
1749851,IT,CN,RUBBE,FOUND,0.55,164539.102,4,4,164539.087,0.0,0.0,0.0,0.015,299162.003636
1769042,IT,AU,KEROS,LANDT,0.24,164533.676,4,4,164533.663,0.0,0.0,0.0,0.013,685556.983333
1653052,IT,CZ,PLAST,CONST,0.35,164532.387,4,4,164532.37,0.0,0.0,0.0,0.017,470092.534286
1760536,IT,IN,LEATH,WEARI,1.18,164523.238,5,5,164522.21,0.0,1.0,0.0,0.028,139426.472881
1709536,IT,LT,WOODW,WOODW,0.46,164512.584,5,5,164511.573,0.0,1.0,0.0,0.011,357636.052174
1662274,IT,DK,CERAM,HEALT,0.26,164506.623,5,5,164505.614,0.0,0.0,1.0,0.009,632717.780769
1796915,IT,WL,AIRTR,POULT,0.18,164458.35,4,4,164458.345,0.0,0.0,0.0,0.005,913657.5
1677039,IT,FR,SUPPO,PULP5,1.18,164444.203,4,4,164444.195,0.0,0.0,0.0,0.008,139359.494068
1794445,IT,WL,GASDI,MEAT1,0.24,164440.845,4,4,164440.832,0.0,0.0,0.0,0.013,685170.1875
1725925,IT,RO,PLAST,PRINT,0.35,164433.66,4,4,164433.643,0.0,0.0,0.0,0.017,469810.457143
1761796,IT,IN,MACHI,SUPPO,0.92,164429.323,4,4,164429.309,0.0,0.0,0.0,0.014,178727.525
1675811,IT,FR,FURNI,INERT,0.52,164418.159,4,4,164418.145,0.0,0.0,0.0,0.014,316188.767308
1795853,IT,WL,OFFIC,CRUDE,0.51,164414.641,4,4,164414.629,0.0,0.0,0.0,0.012,322381.64902
1791970,IT,WA,SEACO,OFFIC,0.17,164407.818,4,4,164407.815,0.0,0.0,0.0,0.003,967104.811765
1710103,IT,LT,FABRI,SUPPO,0.67,164391.319,4,4,164391.307,0.0,0.0,0.0,0.012,245360.177612
1749982,IT,CN,CERAM,HEALT,0.26,164360.236,5,5,164359.227,0.0,0.0,1.0,0.009,632154.753846
1745523,IT,JP,FOOD5,EDUCA,0.79,164353.36,5,5,164352.345,0.0,1.0,0.0,0.015,208042.227848
1747510,IT,JP,SEACO,POSTT,0.17,164345.933,4,4,164345.93,0.0,0.0,0.0,0.003,966740.782353
1733324,IT,SI,MOTO1,RESEA,0.87,164344.21,4,4,164344.199,0.0,0.0,0.0,0.011,188901.390805
1764681,IT,MX,HOTEL,NATUR,1.19,164341.348,4,4,164341.336,0.0,0.0,0.0,0.012,138101.973109
1649075,IT,BG,PAPER,BEVER,0.64,164337.531,5,5,164336.515,0.0,1.0,0.0,0.016,256777.392187
1784107,IT,ID,WOODW,WOODW,0.46,164329.307,5,5,164328.296,0.0,1.0,0.0,0.011,357237.623913
1737252,IT,GB,FOOD5,SUGA1,0.79,164319.934,5,5,164318.919,0.0,1.0,0.0,0.015,207999.916456
1768630,IT,AU,FISH5,HOTEL,0.69,164318.062,4,4,164317.978,0.0,0.0,0.0,0.084,238142.118841
1743685,IT,US,HOTEL,WOOD2,1.19,164314.571,4,4,164314.559,0.0,0.0,0.0,0.012,138079.471429
1690226,IT,IE,BUSIN,REALE,1.69,164304.599,4,4,164304.588,0.0,0.0,0.0,0.011,97221.656213
1775269,IT,CH,BUSIN,GASDI,1.69,164303.543,4,4,164303.532,0.0,0.0,0.0,0.011,97221.031361
1766647,IT,RU,FABRI,BASIC,0.67,164303.406,4,4,164303.394,0.0,0.0,0.0,0.012,245228.964179
1744702,IT,US,COMPU,RETA1,1.88,164296.59,4,4,164296.58,0.0,0.0,0.0,0.01,87391.803191
1810608,IT,WM,PRINT,WHOLE,1.58,164282.844,4,4,164282.831,0.0,0.0,0.0,0.013,103976.483544
1788693,IT,WA,MOTOR,NATUR,0.25,164256.311,4,4,164256.298,0.0,0.0,0.0,0.013,657025.244
1663663,IT,DK,BUSIN,PUBLI,1.69,164240.829,4,4,164240.818,0.0,0.0,0.0,0.011,97183.922485
1738796,IT,GB,OFFIC,BUSIN,0.51,164239.019,4,4,164239.007,0.0,0.0,0.0,0.012,322037.292157
1713793,IT,MT,TRANS,COMPU,0.98,164236.41,4,4,164236.401,0.0,0.0,0.0,0.009,167588.173469
1757827,IT,BR,CHEM1,WHEAT,0.34,164223.524,4,4,164223.506,0.0,0.0,0.0,0.018,483010.364706
1729169,IT,SE,GLASS,REALE,0.45,164223.123,5,5,164222.114,0.0,0.0,1.0,0.009,364940.273333
1717700,IT,NL,BUSIN,SALEM,1.69,164218.608,4,4,164218.597,0.0,0.0,0.0,0.011,97170.773964
1644817,IT,BE,TEXTI,RUBBE,0.97,164210.136,4,4,164210.114,0.0,0.0,0.0,0.022,169288.8
1765344,IT,RU,FOOD5,WHOLE,0.79,164208.12,5,5,164207.105,0.0,1.0,0.0,0.015,207858.379747
1666876,IT,ES,GLASS,CEMEN,0.45,164196.963,5,5,164195.954,0.0,0.0,1.0,0.009,364882.14
1790283,IT,WA,ALUM1,NATUR,0.29,164173.82,4,4,164173.807,0.0,0.0,0.0,0.013,566116.62069
1723516,IT,PT,COPP1,FOUND,0.41,164172.151,5,5,164171.143,0.0,0.0,1.0,0.008,400419.880488
1794309,IT,WL,MOTOR,NONME,0.25,164161.76,4,4,164161.747,0.0,0.0,0.0,0.013,656647.04
1810286,IT,WM,LEATH,SUPPO,1.18,164157.472,5,5,164156.444,0.0,1.0,0.0,0.028,139116.501695
1640586,IT,AT,FOOD5,BUSIN,0.79,164151.932,5,5,164150.917,0.0,1.0,0.0,0.015,207787.255696
1689472,IT,IE,HOTEL,AUXIL,1.19,164146.15,4,4,164146.138,0.0,0.0,0.0,0.012,137937.941176
1722492,IT,PT,FOOD5,MEATP,0.79,164116.31,5,5,164115.295,0.0,1.0,0.0,0.015,207742.164557
1767408,IT,RU,LANDT,RUBBE,1.06,164113.912,4,4,164113.904,0.0,0.0,0.0,0.008,154824.445283
1806117,IT,WF,FABRI,PAPER,0.67,164110.109,4,4,164110.097,0.0,0.0,0.0,0.012,244940.461194
1758120,IT,BR,CERAM,NONME,0.26,164086.745,5,5,164085.736,0.0,0.0,1.0,0.009,631102.865385
1806418,IT,WF,MOTO1,PRIVA,0.87,164075.081,4,4,164075.07,0.0,0.0,0.0,0.011,188592.047126
1661486,IT,DK,FOOD5,MEATC,0.79,164067.441,5,5,164066.426,0.0,1.0,0.0,0.015,207680.305063
1656800,IT,DE,GASDI,GASDI,0.24,164054.107,4,4,164054.094,0.0,0.0,0.0,0.013,683558.779167
1656020,IT,DE,FOOD5,RENTI,0.79,164051.481,5,5,164050.466,0.0,1.0,0.0,0.015,207660.102532
1658228,IT,DE,LEAD1,WHOLE,0.29,164041.656,5,5,164040.642,0.0,0.0,1.0,0.014,565660.882759
1652440,IT,CZ,TEXTI,RESEA,0.97,164041.613,4,4,164041.591,0.0,0.0,0.0,0.022,169115.064948
1677195,IT,FR,POSTT,SALEM,2.7,164040.111,4,4,164040.098,0.0,0.0,0.0,0.013,60755.596667
1795222,IT,WL,GLASS,WHOLE,0.45,164038.009,5,5,164037.0,0.0,0.0,1.0,0.009,364528.908889
1789965,IT,WA,NONME,MEATA,0.33,164036.387,4,4,164036.369,0.0,0.0,0.0,0.018,497079.960606
1643266,IT,AT,HOTEL,RAILW,1.19,164005.727,4,4,164005.715,0.0,0.0,0.0,0.012,137819.938655
1670893,IT,FI,PLAST,RESEA,0.34,163997.637,4,4,163997.62,0.0,0.0,0.0,0.017,482345.991176
1748465,IT,CN,STONE,ALUM1,0.53,163987.461,5,5,163978.454,0.0,0.0,9.0,0.007,309410.303774
1763231,IT,MX,WOODW,FABRI,0.46,163985.767,5,5,163984.756,0.0,1.0,0.0,0.011,356490.797826
1656929,IT,DE,LIQUE,FISH5,0.29,163955.904,4,4,163955.891,0.0,0.0,0.0,0.013,565365.186207
1728846,IT,SE,PLAST,FURNI,0.34,163940.13,4,4,163940.113,0.0,0.0,0.0,0.017,482176.852941
1747874,IT,JP,RENTI,TRANS,0.98,163930.839,4,4,163930.83,0.0,0.0,0.0,0.009,167276.366327
1811676,IT,WM,CHEM1,RAILW,0.34,163901.371,4,4,163901.353,0.0,0.0,0.0,0.018,482062.855882
1737266,IT,GB,FOOD5,CHEM1,0.79,163899.428,5,5,163898.413,0.0,1.0,0.0,0.015,207467.63038
1761406,IT,IN,NONME,MOTO1,0.33,163898.578,4,4,163898.56,0.0,0.0,0.0,0.018,496662.357576
1726459,IT,RO,FABRI,FOUND,0.67,163876.749,4,4,163876.737,0.0,0.0,0.0,0.012,244592.162687
1741760,IT,US,NONSP,LIQUE,0.22,163857.587,4,4,163857.578,0.0,0.0,0.0,0.009,744807.213636
1673005,IT,FR,SUGA1,DAIRY,0.41,163844.537,4,4,163844.509,0.0,0.0,0.0,0.028,399620.821951
1811991,IT,WM,GLASS,NONME,0.45,163842.193,5,5,163841.184,0.0,0.0,1.0,0.009,364093.762222
1765854,IT,RU,NAPHT,PFERT,0.28,163832.105,4,4,163832.093,0.0,0.0,0.0,0.012,585114.660714
1657593,IT,DE,GLASS,DISTR,0.45,163829.833,5,5,163828.824,0.0,0.0,1.0,0.009,364066.295556
1776291,IT,TR,PAPER,LEATH,0.63,163823.308,5,5,163822.292,0.0,1.0,0.0,0.016,260036.996825
1674395,IT,FR,CHEM1,RAILW,0.34,163807.671,4,4,163807.653,0.0,0.0,0.0,0.018,481787.267647
1742909,IT,US,MACHI,CERAM,0.91,163805.749,4,4,163805.736,0.0,0.0,0.0,0.013,180006.317582
1666341,IT,ES,LIQUE,HOTEL,0.29,163802.664,4,4,163802.651,0.0,0.0,0.0,0.013,564836.772414
1718509,IT,PL,TEXTI,HOTEL,0.97,163802.236,4,4,163802.214,0.0,0.0,0.0,0.022,168868.284536
1732828,IT,SI,BASIC,NONME,0.19,163798.032,4,4,163798.022,0.0,0.0,0.0,0.01,862094.905263
1804724,IT,WF,LIQUE,FINAN,0.29,163792.695,4,4,163792.682,0.0,0.0,0.0,0.013,564802.396552
1687192,IT,HU,CONST,MOTOR,0.92,163791.118,5,5,163790.109,0.0,0.0,1.0,0.009,178033.823913
1689278,IT,IE,WHOLE,RAILW,1.42,163781.303,4,4,163781.294,0.0,0.0,0.0,0.009,115338.945775
1802478,IT,WE,SUPPO,SUPPO,1.18,163735.319,4,4,163735.311,0.0,0.0,0.0,0.008,138758.744915
1755424,IT,KR,HEAVY,PLAST,0.26,163710.877,4,4,163710.864,0.0,0.0,0.0,0.013,629657.219231
1676468,IT,FR,RETA1,BASIC,1.71,163688.791,4,4,163688.78,0.0,0.0,0.0,0.011,95724.439181
1680404,IT,GR,ELEC2,BUSIN,0.04,163686.427,4,4,163686.41,0.0,0.0,0.0,0.017,4092160.675
1806210,IT,WF,MACHI,PRECI,0.91,163681.259,4,4,163681.246,0.0,0.0,0.0,0.013,179869.515385
1753155,IT,CA,RUBBE,HEALT,0.54,163638.264,4,4,163638.249,0.0,0.0,0.0,0.015,303033.822222
1717054,IT,NL,LANDT,DIST1,1.06,163630.138,4,4,163630.13,0.0,0.0,0.0,0.008,154368.054717
1677022,IT,FR,SUPPO,SANDC,1.18,163617.14,4,4,163617.132,0.0,0.0,0.0,0.008,138658.59322
1752744,IT,CA,LEATH,RECRE,1.17,163611.945,5,5,163610.917,0.0,1.0,0.0,0.028,139839.269231
1808429,IT,WF,FOOD4,CRUDE,1.18,163607.247,4,4,163607.237,0.0,0.0,0.0,0.01,138650.209322
1766672,IT,RU,FABRI,STEAM,0.67,163603.561,4,4,163603.549,0.0,0.0,0.0,0.012,244184.419403
1666940,IT,ES,CERAM,CHEM1,0.25,163590.746,5,5,163589.737,0.0,0.0,1.0,0.009,654362.984
1812902,IT,WM,FABRI,PRIVA,0.67,163585.25,4,4,163585.238,0.0,0.0,0.0,0.012,244157.089552
1655671,IT,DE,CHEMI,BIODI,0.39,163570.388,6,6,163561.373,0.0,1.0,8.0,0.015,419411.251282
1689829,IT,IE,INSUR,DIST1,3.37,163548.023,4,4,163548.015,0.0,0.0,0.0,0.008,48530.570623
1778970,IT,TR,SEACO,EDUCA,0.17,163541.657,4,4,163541.654,0.0,0.0,0.0,0.003,962009.747059
1733291,IT,SI,OFFIC,BUSIN,0.51,163532.585,4,4,163532.573,0.0,0.0,0.0,0.012,320652.127451
1680176,IT,GR,MOTO1,SUPPO,0.87,163519.506,4,4,163519.495,0.0,0.0,0.0,0.011,187953.455172
1689269,IT,IE,WHOLE,ELEC5,1.41,163519.128,4,4,163519.119,0.0,0.0,0.0,0.009,115971.012766
1814561,IT,WM,BUSIN,MOTOR,1.68,163496.064,4,4,163496.053,0.0,0.0,0.0,0.011,97319.085714
1662554,IT,DK,FABRI,FOOD5,0.67,163491.606,4,4,163491.594,0.0,0.0,0.0,0.012,244017.322388
1673098,IT,FR,FOOD5,REALE,0.79,163486.415,5,5,163485.4,0.0,1.0,0.0,0.015,206944.829114
1791865,IT,WA,LANDT,SUPPO,1.05,163483.691,4,4,163483.683,0.0,0.0,0.0,0.008,155698.753333
1759805,IT,BR,BUSIN,AUXIL,1.68,163461.801,4,4,163461.79,0.0,0.0,0.0,0.011,97298.691071
1796537,IT,WL,RETA1,WHOLE,1.71,163452.063,4,4,163452.052,0.0,0.0,0.0,0.011,95586.001754
1805371,IT,WF,RUBBE,RUBBE,0.54,163426.805,4,4,163426.79,0.0,0.0,0.0,0.015,302642.231481
1770924,IT,CH,CEREA,CATTL,0.27,163425.592,5,5,163424.583,0.0,1.0,0.0,0.009,605279.97037
1645539,IT,BE,PLAST,BUSIN,0.34,163412.355,4,4,163412.338,0.0,0.0,0.0,0.017,480624.573529
1746659,IT,JP,NONF1,BASIC,0.04,163411.188,3,3,163411.188,0.0,0.0,0.0,0.0,4085279.7
1761727,IT,IN,MACHI,FISH5,0.91,163401.574,4,4,163401.561,0.0,0.0,0.0,0.013,179562.169231
1654121,IT,CZ,OFFIC,EDUCA,0.51,163399.256,4,4,163399.244,0.0,0.0,0.0,0.012,320390.698039
1761918,IT,IN,FURNI,GASDI,0.52,163399.246,4,4,163399.232,0.0,0.0,0.0,0.014,314229.319231
1732297,IT,SI,NAPHT,WEARI,0.28,163396.523,4,4,163396.511,0.0,0.0,0.0,0.012,583559.010714
1804768,IT,WF,NAPHT,TEXTI,0.28,163391.714,4,4,163391.702,0.0,0.0,0.0,0.012,583541.835714
1809471,IT,WM,CHEMI,RECRE,0.39,163369.364,6,6,163360.349,0.0,1.0,8.0,0.015,418895.805128
1687025,IT,HU,OFFIC,AIRTR,0.51,163343.573,4,4,163343.561,0.0,0.0,0.0,0.012,320281.515686
1811727,IT,WM,ADDIT,MEATP,0.38,163314.019,5,5,163313.006,0.0,1.0,0.0,0.013,429773.734211
1681567,IT,GR,BUSIN,LANDT,1.68,163308.014,4,4,163308.003,0.0,0.0,0.0,0.011,97207.15119
1794791,IT,WL,PLAST,GASDI,0.34,163297.899,4,4,163297.882,0.0,0.0,0.0,0.017,480287.938235
1666627,IT,ES,CHEM1,RENTI,0.34,163279.207,4,4,163279.189,0.0,0.0,0.0,0.018,480232.961765
1805041,IT,WF,PLAST,TRANS,0.34,163275.255,4,4,163275.238,0.0,0.0,0.0,0.017,480221.338235
1766914,IT,RU,OFFIC,RESEA,0.51,163269.157,4,4,163269.145,0.0,0.0,0.0,0.012,320135.601961
1748013,IT,JP,BUSIN,TOBAC,1.68,163263.898,4,4,163263.887,0.0,0.0,0.0,0.011,97180.891667
1733626,IT,SI,HOTEL,COPP1,1.18,163233.096,4,4,163233.084,0.0,0.0,0.0,0.012,138333.132203
1664628,IT,EE,LANDT,WOODW,1.05,163224.623,4,4,163224.615,0.0,0.0,0.0,0.008,155452.021905
1658363,IT,DE,NONF1,HOTEL,0.04,163223.148,3,3,163223.148,0.0,0.0,0.0,0.0,4080578.7
1656896,IT,DE,HEAVY,REALE,0.26,163217.576,4,4,163217.563,0.0,0.0,0.0,0.013,627759.907692
1743825,IT,US,LANDT,EDUCA,1.05,163197.001,4,4,163196.993,0.0,0.0,0.0,0.008,155425.715238
1799011,IT,WE,TEXTI,WEARI,0.97,163184.096,4,4,163184.074,0.0,0.0,0.0,0.022,168231.026804
1761152,IT,IN,CHEM1,LEAD1,0.34,163176.974,4,4,163176.956,0.0,0.0,0.0,0.018,479932.276471
1727814,IT,RO,BUSIN,FABRI,1.68,163138.067,4,4,163138.056,0.0,0.0,0.0,0.011,97105.992262
1724354,IT,PT,SEACO,BASIC,0.17,163115.123,4,4,163115.12,0.0,0.0,0.0,0.003,959500.723529
1649853,IT,BG,ALUM1,BUSIN,0.28,163105.275,4,4,163105.262,0.0,0.0,0.0,0.013,582518.839286
1752951,IT,CA,PLAST,WHOLE,0.34,163087.991,4,4,163087.974,0.0,0.0,0.0,0.017,479670.561765
1797433,IT,WL,COMPU,POSTT,1.86,163078.587,4,4,163078.577,0.0,0.0,0.0,0.01,87676.659677
1645063,IT,BE,PAPER,GLASS,0.63,163077.326,5,5,163076.31,0.0,1.0,0.0,0.016,258852.898413
1725377,IT,RO,TEXTI,PAPER,0.97,163066.215,4,4,163066.193,0.0,0.0,0.0,0.022,168109.5
1650901,IT,BG,SEACO,FOOD5,0.17,163028.53,4,4,163028.527,0.0,0.0,0.0,0.003,958991.352941
1736289,IT,SK,HOTEL,MOTO1,1.18,163007.366,4,4,163007.354,0.0,0.0,0.0,0.012,138141.835593
1709623,IT,LT,PAPER,EDUCA,0.63,162991.39,5,5,162990.374,0.0,1.0,0.0,0.016,258716.492063
1776974,IT,TR,PFERT,CEREA,0.07,162985.746,4,4,162985.72,0.0,0.0,0.0,0.026,2328367.8
1762021,IT,IN,WHOLE,MOTO1,1.41,162935.666,4,4,162935.657,0.0,0.0,0.0,0.009,115557.209929
1748038,IT,JP,BUSIN,RUBBE,1.67,162919.59,4,4,162919.579,0.0,0.0,0.0,0.011,97556.640719
1641334,IT,AT,KEROS,TOBAC,0.24,162905.751,4,4,162905.738,0.0,0.0,0.0,0.013,678773.9625
1666567,IT,ES,CHEM1,LIQUE,0.34,162904.08,4,4,162904.062,0.0,0.0,0.0,0.018,479129.647059
1716167,IT,NL,ALUM1,WOODW,0.28,162898.543,4,4,162898.53,0.0,0.0,0.0,0.013,581780.510714
1776699,IT,TR,HEAVY,SALEM,0.26,162898.176,4,4,162898.163,0.0,0.0,0.0,0.013,626531.446154
1678610,IT,GR,FISHF,HOTEL,0.28,162894.378,4,4,162894.372,0.0,0.0,0.0,0.006,581765.635714
1686325,IT,HU,NONME,CERAM,0.33,162892.262,4,4,162892.244,0.0,0.0,0.0,0.018,493612.915152
1667977,IT,ES,TRANS,MOTO1,0.97,162879.578,4,4,162879.569,0.0,0.0,0.0,0.009,167917.090722
1805220,IT,WF,CHEM1,CEMEN,0.34,162863.988,4,4,162863.97,0.0,0.0,0.0,0.018,479011.729412
1781209,IT,NO,VEGET,WHOLE,0.58,162844.841,5,5,162843.835,0.0,1.0,0.0,0.006,280766.967241
1805151,IT,WF,PFERT,HEALT,0.07,162842.185,4,4,162842.159,0.0,0.0,0.0,0.026,2326316.928571
1641920,IT,AT,BIODI,BUSIN,0.34,162829.467,4,4,162829.449,0.0,0.0,0.0,0.018,478910.197059
1757200,IT,BR,MEAT4,WHOLE,0.9,162803.133,5,5,162802.122,0.0,1.0,0.0,0.011,180892.37
1743199,IT,US,TRANS,WOODW,0.97,162791.158,4,4,162791.149,0.0,0.0,0.0,0.009,167825.936082
1688765,IT,IE,RUBBE,PLAST,0.54,162775.087,4,4,162775.072,0.0,0.0,0.0,0.015,301435.346296
1717959,IT,PL,SANDC,PLAST,0.37,162769.892,5,5,162733.886,0.0,0.0,36.0,0.006,439918.627027
1655620,IT,DE,SANDC,WHOLE,0.37,162738.459,5,5,162702.453,0.0,0.0,36.0,0.006,439833.672973
1676931,IT,FR,AIRTR,DAIRY,0.18,162729.774,4,4,162729.769,0.0,0.0,0.0,0.005,904054.3
1749701,IT,CN,CHEM1,OXYGE,0.34,162723.004,4,4,162722.986,0.0,0.0,0.0,0.018,478597.070588
1805031,IT,WF,PLAST,LEAD1,0.34,162681.128,4,4,162681.111,0.0,0.0,0.0,0.017,478473.905882
1797482,IT,WL,RESEA,PUBLI,0.88,162680.899,4,4,162680.888,0.0,0.0,0.0,0.011,184864.657955
1733350,IT,SI,TRANS,MACHI,0.97,162652.348,4,4,162652.339,0.0,0.0,0.0,0.009,167682.83299
1799100,IT,WE,WEARI,CRUDE,1.23,162646.526,4,4,162646.495,0.0,0.0,0.0,0.031,132232.947967
1724929,IT,PT,BUSIN,BUSIN,1.67,162643.431,4,4,162643.42,0.0,0.0,0.0,0.011,97391.276048
1723075,IT,PT,CHEM1,NFERT,0.34,162635.813,4,4,162635.795,0.0,0.0,0.0,0.018,478340.626471
1656509,IT,DE,PAPER,BRICK,0.63,162635.612,5,5,162634.596,0.0,1.0,0.0,0.016,258151.765079
1745694,IT,JP,WEARI,PADDY,1.23,162634.234,4,4,162634.203,0.0,0.0,0.0,0.031,132222.954472
1723655,IT,PT,MACHI,MEATA,0.91,162620.562,4,4,162620.549,0.0,0.0,0.0,0.013,178703.914286
1737515,IT,GB,WOODW,GLASS,0.46,162620.516,5,5,162619.505,0.0,1.0,0.0,0.011,353522.86087
1773798,IT,CH,ELEC2,EDUCA,0.04,162610.068,4,4,162610.051,0.0,0.0,0.0,0.017,4065251.7
1643480,IT,AT,LANDT,SUPPO,1.05,162607.809,4,4,162607.801,0.0,0.0,0.0,0.008,154864.58
1723195,IT,PT,RUBBE,COPP1,0.54,162600.143,4,4,162600.128,0.0,0.0,0.0,0.015,301111.375926
1653577,IT,CZ,BASIC,INTER,0.19,162600.068,4,4,162600.058,0.0,0.0,0.0,0.01,855789.831579
1735064,IT,SK,CHEM1,TEXTI,0.34,162590.207,4,4,162590.189,0.0,0.0,0.0,0.018,478206.491176
1656523,IT,DE,PAPER,TRANS,0.63,162572.731,5,5,162571.715,0.0,1.0,0.0,0.016,258051.953968
1655982,IT,DE,FOOD5,ADDIT,0.78,162570.291,5,5,162569.276,0.0,1.0,0.0,0.015,208423.45
1789836,IT,WA,CERAM,LIQUE,0.25,162564.991,5,5,162563.982,0.0,0.0,1.0,0.009,650259.964
1668503,IT,ES,HOTEL,KEROS,1.18,162551.993,4,4,162551.981,0.0,0.0,0.0,0.012,137755.926271
1723930,IT,PT,CONST,GASDI,0.91,162543.454,5,5,162542.445,0.0,0.0,1.0,0.009,178619.18022
1675013,IT,FR,PREC1,PAPE1,0.28,162542.011,4,4,162542.004,0.0,0.0,0.0,0.007,580507.182143
1662068,IT,DK,CHEM1,GLASS,0.34,162528.298,4,4,162528.28,0.0,0.0,0.0,0.018,478024.405882
1801214,IT,WE,FABRI,NONF1,0.66,162525.434,4,4,162525.422,0.0,0.0,0.0,0.012,246250.657576
1809855,IT,WM,BEVER,VEGET,0.69,162514.171,4,4,162514.161,0.0,0.0,0.0,0.01,235527.784058
1805078,IT,WF,PLAST,MEMBE,0.34,162500.193,4,4,162500.176,0.0,0.0,0.0,0.017,477941.744118
1673350,IT,FR,TEXTI,SUPPO,0.96,162494.392,4,4,162494.37,0.0,0.0,0.0,0.022,169264.991667
1654749,IT,CZ,AIRTR,MACHI,0.18,162484.291,4,4,162484.286,0.0,0.0,0.0,0.005,902690.505556
1745737,IT,JP,WEARI,GLASS,1.22,162480.437,4,4,162480.406,0.0,0.0,0.0,0.031,133180.686066
1784252,IT,ID,CHEM1,PROCE,0.34,162475.679,4,4,162475.661,0.0,0.0,0.0,0.018,477869.644118
1756333,IT,KR,MOTO1,RESEA,0.86,162469.385,4,4,162469.374,0.0,0.0,0.0,0.011,188917.889535
1725532,IT,RO,LEATH,CEMEN,1.16,162433.484,5,5,162432.456,0.0,1.0,0.0,0.028,140028.865517
1766040,IT,RU,CHEM1,LANDT,0.34,162428.795,4,4,162428.777,0.0,0.0,0.0,0.018,477731.75
1765890,IT,RU,PLAST,PRINT,0.34,162428.29,4,4,162428.273,0.0,0.0,0.0,0.017,477730.264706
1714172,IT,MT,POSTT,POSTT,2.67,162391.55,4,4,162391.538,0.0,0.0,0.0,0.012,60820.805243
1644480,IT,BE,VEGE1,BUSIN,0.5,162386.962,5,5,162385.927,0.0,1.0,0.0,0.035,324773.924
1641316,IT,AT,KEROS,CEREA,0.24,162377.486,4,4,162377.473,0.0,0.0,0.0,0.013,676572.858333
1771762,IT,CH,LEATH,BIOG1,1.16,162367.177,5,5,162366.149,0.0,1.0,0.0,0.028,139971.70431
1791066,IT,WA,TRANS,WEARI,0.97,162343.425,4,4,162343.416,0.0,0.0,0.0,0.009,167364.35567
1805888,IT,WF,ALUM1,MEDIC,0.28,162343.029,4,4,162343.016,0.0,0.0,0.0,0.013,579796.532143
1714439,IT,NL,MEATA,CHEM1,0.88,162326.982,5,5,162325.957,0.0,1.0,0.0,0.025,184462.479545
1774625,IT,CH,SEACO,MEMBE,0.17,162316.536,4,4,162316.533,0.0,0.0,0.0,0.003,954803.152941
1670416,IT,FI,FOOD5,BEVER,0.78,162313.457,5,5,162312.442,0.0,1.0,0.0,0.015,208094.175641
1814566,IT,WM,BUSIN,LIQUE,1.67,162306.029,4,4,162306.018,0.0,0.0,0.0,0.011,97189.238922
1651628,IT,CY,NONME,CONST,0.33,162287.04,4,4,162287.022,0.0,0.0,0.0,0.018,491778.909091
1722899,IT,PT,MOTOR,HEAVY,0.24,162286.671,4,4,162286.658,0.0,0.0,0.0,0.013,676194.4625
1714043,IT,MT,HOTEL,RETA1,1.18,162249.486,4,4,162249.474,0.0,0.0,0.0,0.012,137499.564407
1725905,IT,RO,BITU1,GASDI,0.26,162242.684,4,4,162242.671,0.0,0.0,0.0,0.013,624010.323077
1766893,IT,RU,OFFIC,TRANS,0.5,162233.29,4,4,162233.278,0.0,0.0,0.0,0.012,324466.58
1745091,IT,US,PUBLI,PUBLI,2.66,162232.711,4,4,162232.7,0.0,0.0,0.0,0.011,60989.740977
1765655,IT,RU,PAPER,NATU1,0.63,162227.689,5,5,162226.673,0.0,1.0,0.0,0.016,257504.268254
1719529,IT,PL,GLASS,BASIC,0.45,162210.841,5,5,162209.832,0.0,0.0,1.0,0.009,360468.535556
1675354,IT,FR,MACHI,SUGA1,0.9,162208.393,4,4,162208.38,0.0,0.0,0.0,0.013,180231.547778
1731692,IT,SI,WOODW,HOTEL,0.45,162206.262,5,5,162205.251,0.0,1.0,0.0,0.011,360458.36
1658155,IT,DE,ALUM1,ELEC3,0.28,162196.339,4,4,162196.326,0.0,0.0,0.0,0.013,579272.639286
1727338,IT,RO,POSTT,SALEM,2.67,162184.901,4,4,162184.889,0.0,0.0,0.0,0.012,60743.408614
1771489,IT,CH,BEVER,FINAN,0.69,162183.754,4,4,162183.744,0.0,0.0,0.0,0.01,235048.918841
1782964,IT,NO,AIRTR,BUSIN,0.18,162178.899,4,4,162178.894,0.0,0.0,0.0,0.005,900993.883333
1665886,IT,ES,PRINT,MEMBE,1.56,162168.979,4,4,162168.967,0.0,0.0,0.0,0.012,103954.473718
1674665,IT,FR,GLASS,PRINT,0.45,162149.088,5,5,162148.079,0.0,0.0,1.0,0.009,360331.306667
1675445,IT,FR,MACHI,TEXT1,0.9,162146.199,4,4,162146.186,0.0,0.0,0.0,0.013,180162.443333
1739907,IT,GB,FINAN,HEALT,2.11,162131.36,4,4,162131.355,0.0,0.0,0.0,0.005,76839.507109
1664586,IT,EE,HOTEL,SUPPO,1.18,162127.955,4,4,162127.943,0.0,0.0,0.0,0.012,137396.572034
1777745,IT,TR,NONF1,ELECT,0.04,162127.612,3,3,162127.612,0.0,0.0,0.0,0.0,4053190.3
1654561,IT,CZ,HOTEL,EDUCA,1.18,162119.356,4,4,162119.344,0.0,0.0,0.0,0.012,137389.284746
1720367,IT,PL,FABRI,MEMBE,0.66,162119.032,4,4,162119.02,0.0,0.0,0.0,0.012,245634.89697
1710184,IT,LT,MACHI,HOTEL,0.9,162097.624,4,4,162097.611,0.0,0.0,0.0,0.013,180108.471111
1659021,IT,DE,ELEC2,FURNI,0.04,162079.202,4,4,162079.185,0.0,0.0,0.0,0.017,4051980.05
1754139,IT,CA,AIRTR,EDUCA,0.18,162077.157,4,4,162077.152,0.0,0.0,0.0,0.005,900428.65
1728311,IT,SE,BEVER,REALE,0.69,162031.522,4,4,162031.512,0.0,0.0,0.0,0.01,234828.292754
1798941,IT,WE,FISH5,RETA1,0.68,162004.457,4,4,162004.374,0.0,0.0,0.0,0.083,238241.848529
1683044,IT,HR,CHEM1,EDUCA,0.34,162002.82,4,4,162002.802,0.0,0.0,0.0,0.018,476478.882353
1753748,IT,CA,FURNI,PRINT,0.52,161989.49,4,4,161989.476,0.0,0.0,0.0,0.014,311518.25
1796960,IT,WL,AIRTR,NFERT,0.18,161983.641,4,4,161983.636,0.0,0.0,0.0,0.005,899909.116667
1664445,IT,EE,MACHI,SUPPO,0.9,161971.894,4,4,161971.881,0.0,0.0,0.0,0.013,179968.771111
1798545,IT,WE,SANDC,CONST,0.37,161971.535,5,5,161935.529,0.0,0.0,36.0,0.006,437760.905405
1755175,IT,KR,LEATH,COMPU,1.16,161967.749,5,5,161966.721,0.0,1.0,0.0,0.028,139627.369828
1769492,IT,AU,BASIC,OFFIC,0.19,161946.571,4,4,161946.561,0.0,0.0,0.0,0.01,852350.373684
1794499,IT,WL,GASDI,TRAN2,0.24,161937.505,4,4,161937.492,0.0,0.0,0.0,0.013,674739.604167
1682133,IT,HR,TEXTI,OFFIC,0.96,161928.111,4,4,161928.09,0.0,0.0,0.0,0.021,168675.115625
1712104,IT,LV,TEXTI,WEARI,0.96,161902.844,4,4,161902.823,0.0,0.0,0.0,0.021,168648.795833
1804709,IT,WF,LIQUE,ELEC4,0.28,161865.933,4,4,161865.92,0.0,0.0,0.0,0.013,578092.617857
1666647,IT,ES,CHEM1,PAPE4,0.34,161854.7,4,4,161854.682,0.0,0.0,0.0,0.018,476043.235294
1651998,IT,CZ,VEGET,MEATP,0.57,161854.097,5,5,161853.091,0.0,1.0,0.0,0.006,283954.55614
1811543,IT,WM,PFERT,RAWMI,0.07,161848.458,4,4,161848.432,0.0,0.0,0.0,0.026,2312120.828571
1673598,IT,FR,WOODW,CHEM1,0.45,161829.646,5,5,161828.635,0.0,1.0,0.0,0.011,359621.435556
1673513,IT,FR,LEATH,WOODW,1.16,161807.973,5,5,161806.945,0.0,1.0,0.0,0.028,139489.631897
1665312,IT,ES,BEVER,RECRE,0.69,161807.569,4,4,161807.559,0.0,0.0,0.0,0.01,234503.723188
1759098,IT,BR,AIRTR,TEXTI,0.18,161798.421,4,4,161798.416,0.0,0.0,0.0,0.005,898880.116667
1726080,IT,RO,RUBBE,PRINT,0.54,161794.811,4,4,161794.796,0.0,0.0,0.0,0.015,299620.02037
1676874,IT,FR,LANDT,MEMBE,1.04,161784.537,4,4,161784.529,0.0,0.0,0.0,0.008,155562.054808
1761688,IT,IN,FABRI,COMPU,0.66,161766.792,4,4,161766.78,0.0,0.0,0.0,0.012,245101.2
1738001,IT,GB,CHEM1,RECRE,0.34,161755.328,4,4,161755.31,0.0,0.0,0.0,0.018,475750.964706
1647536,IT,BE,SUPPO,RETA1,1.16,161739.913,4,4,161739.905,0.0,0.0,0.0,0.008,139430.959483
1685284,IT,HU,TEXTI,HEALT,0.96,161734.86,4,4,161734.839,0.0,0.0,0.0,0.021,168473.8125
1734643,IT,SK,TEXTI,WHOLE,0.96,161730.416,4,4,161730.395,0.0,0.0,0.0,0.021,168469.183333
1682921,IT,HR,NAPHT,RETAI,0.27,161725.506,4,4,161725.494,0.0,0.0,0.0,0.012,598983.355556
1804274,IT,WF,MOTOR,MEATP,0.24,161717.031,4,4,161717.018,0.0,0.0,0.0,0.013,673820.9625
1752388,IT,CA,VEGE1,MEAT1,0.5,161702.943,5,5,161701.908,0.0,1.0,0.0,0.035,323405.886
1764193,IT,MX,MACHI,SANDC,0.9,161702.898,4,4,161702.885,0.0,0.0,0.0,0.013,179669.886667
1712479,IT,LV,COPP1,FABRI,0.41,161687.438,5,5,161686.43,0.0,0.0,1.0,0.008,394359.604878
1677801,IT,FR,COMPU,POSTT,1.85,161685.763,4,4,161685.753,0.0,0.0,0.0,0.01,87397.70973
1750112,IT,CN,BASIC,POSTT,0.19,161675.389,4,4,161675.379,0.0,0.0,0.0,0.01,850923.1
1728251,IT,SE,FOOD5,RECRE,0.78,161669.093,5,5,161668.079,0.0,1.0,0.0,0.014,207268.067949
1658982,IT,DE,ELEC1,RETA1,0.02,161656.503,4,4,161656.493,0.0,0.0,0.0,0.01,8082825.15
1650373,IT,BG,ELEC2,AIRTR,0.04,161648.285,4,4,161648.268,0.0,0.0,0.0,0.017,4041207.125
1798440,IT,WE,NATUR,HEAVY,0.23,161642.224,4,4,161642.213,0.0,0.0,0.0,0.011,702792.278261
1658875,IT,DE,TRANS,MOTO1,0.96,161633.218,4,4,161633.209,0.0,0.0,0.0,0.009,168367.935417
1805000,IT,WF,PLAST,BEVER,0.34,161629.644,4,4,161629.628,0.0,0.0,0.0,0.016,475381.305882
1682833,IT,HR,HEAVY,BUSIN,0.26,161620.237,4,4,161620.224,0.0,0.0,0.0,0.013,621616.296154
1748620,IT,CN,DAIRY,MEAT4,0.66,161593.248,5,5,161592.237,0.0,1.0,0.0,0.011,244838.254545
1739265,IT,GB,HOTEL,FOOD5,1.17,161588.072,4,4,161588.06,0.0,0.0,0.0,0.012,138109.463248
1805179,IT,WF,CHEM1,LEADZ,0.34,161585.489,4,4,161585.471,0.0,0.0,0.0,0.018,475251.438235
1789750,IT,WA,GLASS,GASDI,0.44,161585.119,5,5,161584.11,0.0,0.0,1.0,0.009,367238.906818
1752054,IT,CN,BUSIN,POULT,1.66,161583.645,4,4,161583.634,0.0,0.0,0.0,0.011,97339.545181
1719903,IT,PL,PREC1,COKEO,0.27,161579.529,4,4,161579.522,0.0,0.0,0.0,0.007,598442.7
1785137,IT,ZA,DAIRY,WHOLE,0.66,161575.71,5,5,161574.699,0.0,1.0,0.0,0.011,244811.681818
1675365,IT,FR,MACHI,MOTOR,0.9,161552.447,4,4,161552.434,0.0,0.0,0.0,0.013,179502.718889
1739016,IT,GB,SALEM,RENTI,1.3,161514.266,4,4,161514.256,0.0,0.0,0.0,0.01,124241.743077
1648251,IT,BE,BUSIN,PUBLI,1.66,161507.914,4,4,161507.903,0.0,0.0,0.0,0.011,97293.924096
1811695,IT,WM,CHEM1,FOOD3,0.34,161492.792,4,4,161492.774,0.0,0.0,0.0,0.018,474978.8
1714529,IT,NL,CRUDE,ADDIT,0.32,161490.35,4,4,161490.336,0.0,0.0,0.0,0.014,504657.34375
1664300,IT,EE,COPP1,DAIRY,0.41,161485.795,5,5,161484.787,0.0,0.0,1.0,0.008,393867.792683
1683388,IT,HR,BASIC,WEARI,0.19,161484.894,4,4,161484.884,0.0,0.0,0.0,0.01,849920.494737
1800894,IT,WE,PREC1,KEROS,0.27,161484.246,4,4,161484.239,0.0,0.0,0.0,0.007,598089.8
1747855,IT,JP,RENTI,PAPER,0.97,161483.423,4,4,161483.414,0.0,0.0,0.0,0.009,166477.75567
1675279,IT,FR,FABRI,TRAN1,0.66,161471.235,4,4,161471.223,0.0,0.0,0.0,0.012,244653.386364
1683198,IT,HR,GLASS,WHOLE,0.44,161469.683,5,5,161468.674,0.0,0.0,1.0,0.009,366976.552273
1649436,IT,BG,CHEM1,MOTO1,0.34,161469.594,4,4,161469.576,0.0,0.0,0.0,0.018,474910.570588
1730814,IT,SE,BUSIN,LANDT,1.66,161458.585,4,4,161458.574,0.0,0.0,0.0,0.011,97264.207831
1649455,IT,BG,CHEM1,HOTEL,0.34,161456.029,4,4,161456.011,0.0,0.0,0.0,0.018,474870.673529
1781024,IT,TW,BUSIN,POSTT,1.66,161455.456,4,4,161455.445,0.0,0.0,0.0,0.011,97262.322892
1659641,IT,DE,HOTEL,HOTEL,1.17,161454.288,4,4,161454.276,0.0,0.0,0.0,0.012,137995.117949
1778460,IT,TR,WHOLE,COLLE,1.4,161452.04,4,4,161452.031,0.0,0.0,0.0,0.009,115322.885714
1720215,IT,PL,COPP1,INTER,0.41,161448.152,5,5,161447.144,0.0,0.0,1.0,0.008,393775.980488
1782799,IT,NO,HOTEL,OFFIC,1.17,161447.901,4,4,161447.889,0.0,0.0,0.0,0.012,137989.658974
1642882,IT,AT,MOTO1,SUPPO,0.86,161445.812,4,4,161445.801,0.0,0.0,0.0,0.011,187727.688372
1669216,IT,ES,POSTT,AUXIL,2.66,161445.347,4,4,161445.335,0.0,0.0,0.0,0.012,60693.739474
1674062,IT,FR,GASDI,REALE,0.24,161435.175,4,4,161435.162,0.0,0.0,0.0,0.013,672646.5625
1666626,IT,ES,CHEM1,REALE,0.34,161420.995,4,4,161420.977,0.0,0.0,0.0,0.018,474767.632353
1669342,IT,ES,FINAN,AUXIL,2.1,161420.697,4,4,161420.692,0.0,0.0,0.0,0.005,76866.998571
1658977,IT,DE,ELEC1,MOTO1,0.02,161406.814,4,4,161406.804,0.0,0.0,0.0,0.01,8070340.7
1774685,IT,CH,AIRTR,RECRE,0.18,161402.125,4,4,161402.12,0.0,0.0,0.0,0.005,896678.472222
1771725,IT,CH,LEATH,FOOD5,1.16,161386.619,5,5,161385.591,0.0,1.0,0.0,0.028,139126.39569
1788896,IT,WA,GASDI,REALE,0.24,161385.317,4,4,161385.304,0.0,0.0,0.0,0.013,672438.820833
1755575,IT,KR,CHEM1,COLLE,0.34,161372.668,4,4,161372.65,0.0,0.0,0.0,0.018,474625.494118
1758347,IT,BR,NONF1,FURNI,0.04,161366.277,3,3,161366.277,0.0,0.0,0.0,0.0,4034156.925
1672584,IT,FR,CROPS,BEVER,1.28,161360.144,4,4,161360.135,0.0,0.0,0.0,0.009,126062.6125
1733157,IT,SI,FABRI,REALE,0.66,161359.61,4,4,161359.598,0.0,0.0,0.0,0.012,244484.257576
1646417,IT,BE,FABRI,FOOD2,0.66,161343.172,4,4,161343.16,0.0,0.0,0.0,0.012,244459.351515
1744151,IT,US,SUPPO,REALE,1.16,161307.885,4,4,161307.877,0.0,0.0,0.0,0.008,139058.521552
1649810,IT,BG,ALUM1,CROPS,0.28,161304.254,4,4,161304.241,0.0,0.0,0.0,0.013,576086.621429
1646922,IT,BE,WHOLE,MOTO1,1.39,161304.066,4,4,161304.057,0.0,0.0,0.0,0.009,116046.090647
1689641,IT,IE,SUPPO,PUBLI,1.16,161281.674,4,4,161281.666,0.0,0.0,0.0,0.008,139035.925862
1683536,IT,HR,ALUM1,FURNI,0.28,161261.733,4,4,161261.72,0.0,0.0,0.0,0.013,575934.760714
1648814,IT,BG,FISH5,SECO9,0.68,161257.281,4,4,161257.198,0.0,0.0,0.0,0.083,237143.060294
1753327,IT,CA,BASIC,RADIO,0.19,161254.542,4,4,161254.532,0.0,0.0,0.0,0.01,848708.115789
1778792,IT,TR,LANDT,BASIC,1.04,161235.151,4,4,161235.143,0.0,0.0,0.0,0.008,155033.799038
1807061,IT,WF,SEACO,CATTL,0.16,161208.931,4,4,161208.928,0.0,0.0,0.0,0.003,1007555.81875
1776611,IT,TR,GASDI,CHEM1,0.24,161208.71,4,4,161208.697,0.0,0.0,0.0,0.013,671702.958333
1802285,IT,WE,LANDT,CONST,1.04,161198.671,4,4,161198.663,0.0,0.0,0.0,0.008,154998.722115
1782140,IT,NO,NONME,NATUR,0.33,161191.746,4,4,161191.728,0.0,0.0,0.0,0.018,488459.836364
1676273,IT,FR,SALEM,RENTI,1.3,161177.969,4,4,161177.959,0.0,0.0,0.0,0.01,123983.053077
1768595,IT,AU,BEVER,WHOLE,0.69,161157.823,4,4,161157.813,0.0,0.0,0.0,0.01,233562.062319
1741434,IT,US,MOTOR,LIQUE,0.24,161130.876,4,4,161130.863,0.0,0.0,0.0,0.013,671378.65
1673189,IT,FR,BEVER,AIRTR,0.69,161127.623,4,4,161127.613,0.0,0.0,0.0,0.01,233518.294203
1775647,IT,CH,93197,FINAN,1.08,161115.074,4,4,161115.059,0.0,0.0,0.0,0.015,149180.624074
1789648,IT,WA,RUBBE,CHEM1,0.53,161080.269,4,4,161080.254,0.0,0.0,0.0,0.015,303925.035849
1726083,IT,RO,RUBBE,GASDI,0.53,161074.623,4,4,161074.608,0.0,0.0,0.0,0.015,303914.383019
1718012,IT,PL,CHEMI,PFERT,0.38,161068.524,6,6,161059.509,0.0,1.0,8.0,0.015,423864.536842
1745262,IT,JP,MEATC,HOTEL,0.54,161068.33,5,5,161066.32,0.0,2.0,0.0,0.01,298274.685185
1760838,IT,IN,MOTOR,CONST,0.24,161061.179,4,4,161061.166,0.0,0.0,0.0,0.013,671088.245833
1668050,IT,ES,FURNI,DISTR,0.51,161054.448,4,4,161054.434,0.0,0.0,0.0,0.014,315793.035294
1788999,IT,WA,HEAVY,EDUCA,0.26,161047.073,4,4,161047.06,0.0,0.0,0.0,0.013,619411.819231
1725214,IT,RO,FOOD5,POULT,0.77,161039.004,5,5,161037.99,0.0,1.0,0.0,0.014,209141.563636
1752841,IT,CA,PAPER,PUBLI,0.62,161037.268,5,5,161036.252,0.0,1.0,0.0,0.016,259737.529032
1761670,IT,IN,FABRI,MEDIC,0.66,161036.168,4,4,161036.156,0.0,0.0,0.0,0.012,243994.193939
1657411,IT,DE,RUBBE,KEROS,0.53,161029.674,4,4,161029.659,0.0,0.0,0.0,0.015,303829.573585
1673197,IT,FR,BEVER,COMPU,0.68,161002.148,4,4,161002.138,0.0,0.0,0.0,0.01,236767.864706
1665153,IT,ES,DAIRY,HEALT,0.65,160997.37,5,5,160996.359,0.0,1.0,0.0,0.011,247688.261538
1689846,IT,IE,INSUR,RENTI,3.32,160993.772,4,4,160993.765,0.0,0.0,0.0,0.007,48492.1
1663034,IT,DK,HOTEL,DIST1,1.17,160981.71,4,4,160981.698,0.0,0.0,0.0,0.012,137591.205128
1655730,IT,DE,MEATC,FISH5,0.54,160971.137,5,5,160969.127,0.0,2.0,0.0,0.01,298094.698148
1723672,IT,PT,MACHI,TOBAC,0.9,160966.988,4,4,160966.975,0.0,0.0,0.0,0.013,178852.208889
1650525,IT,BG,ELEC6,REALE,0.02,160965.569,4,4,160965.543,0.0,0.0,0.0,0.026,8048278.45
1800866,IT,WE,BASIC,RECRE,0.19,160960.031,4,4,160960.021,0.0,0.0,0.0,0.01,847158.057895
1812141,IT,WM,CEMEN,NATUR,0.26,160955.419,5,5,160954.412,0.0,0.0,1.0,0.007,619059.303846
1684896,IT,HU,SANDC,REALE,0.37,160939.131,5,5,160904.125,0.0,0.0,35.0,0.006,434970.624324
1645190,IT,BE,PRINT,RENTI,1.54,160920.911,4,4,160920.899,0.0,0.0,0.0,0.012,104494.098052
1644572,IT,BE,PROCE,BUSIN,1.09,160917.717,5,5,160916.707,0.0,1.0,0.0,0.01,147630.933028
1764760,IT,MX,HOTEL,SUPPO,1.17,160913.705,4,4,160913.693,0.0,0.0,0.0,0.012,137533.081197
1801489,IT,WE,MOTO1,ALUM1,0.86,160913.658,4,4,160913.648,0.0,0.0,0.0,0.01,187108.904651
1785565,IT,ZA,GASDI,WHEAT,0.24,160911.627,4,4,160911.614,0.0,0.0,0.0,0.013,670465.1125
1748498,IT,CN,SANDC,GLASS,0.37,160908.801,5,5,160873.795,0.0,0.0,35.0,0.006,434888.651351
1760828,IT,IN,MOTOR,NAPHT,0.24,160883.681,4,4,160883.668,0.0,0.0,0.0,0.013,670348.670833
1744153,IT,US,SUPPO,COMPU,1.16,160871.908,4,4,160871.9,0.0,0.0,0.0,0.008,138682.67931
1642455,IT,AT,ALUM1,DIST1,0.28,160862.482,4,4,160862.469,0.0,0.0,0.0,0.013,574508.864286
1719860,IT,PL,BASIC,HEALT,0.19,160857.097,4,4,160857.087,0.0,0.0,0.0,0.01,846616.3
1677730,IT,FR,RENTI,EDUCA,0.96,160853.214,4,4,160853.205,0.0,0.0,0.0,0.009,167555.43125
1810035,IT,WM,TEXTI,WOODW,0.95,160837.421,4,4,160837.4,0.0,0.0,0.0,0.021,169302.548421
1648553,IT,BG,CRUDE,NAPHT,0.32,160835.673,4,4,160835.659,0.0,0.0,0.0,0.014,502611.478125
1744140,IT,US,SUPPO,RETA1,1.16,160830.71,4,4,160830.702,0.0,0.0,0.0,0.008,138647.163793
1682593,IT,HR,KEROS,PIGS9,0.24,160830.219,4,4,160830.206,0.0,0.0,0.0,0.013,670125.9125
1656724,IT,DE,MOTOR,DISTR,0.24,160827.651,4,4,160827.638,0.0,0.0,0.0,0.013,670115.2125
1796025,IT,WL,MOTO1,HEALT,0.86,160821.35,4,4,160821.34,0.0,0.0,0.0,0.01,187001.569767
1782187,IT,NO,BASIC,NATU1,0.19,160814.123,4,4,160814.113,0.0,0.0,0.0,0.01,846390.121053
1723466,IT,PT,ALUM1,RUBBE,0.28,160805.254,4,4,160805.241,0.0,0.0,0.0,0.013,574304.478571
1723735,IT,PT,MACHI,RENTI,0.9,160791.262,4,4,160791.249,0.0,0.0,0.0,0.013,178656.957778
1813921,IT,WM,LANDT,HEALT,1.04,160784.625,4,4,160784.617,0.0,0.0,0.0,0.008,154600.600962
1737479,IT,GB,LEATH,REALE,1.15,160779.775,5,5,160778.747,0.0,1.0,0.0,0.028,139808.5
1773127,IT,CH,COPP1,FURNI,0.41,160757.239,5,5,160756.231,0.0,0.0,1.0,0.008,392090.826829
1733201,IT,SI,MACHI,PULP5,0.9,160754.955,4,4,160754.942,0.0,0.0,0.0,0.013,178616.616667
1789921,IT,WA,CEMEN,MOTOR,0.26,160754.681,5,5,160753.674,0.0,0.0,1.0,0.007,618287.234615
1744876,IT,US,BUSIN,MEAT1,1.65,160741.329,4,4,160741.318,0.0,0.0,0.0,0.011,97418.987273
1779728,IT,TR,BUSIN,WEARI,1.65,160726.959,4,4,160726.948,0.0,0.0,0.0,0.011,97410.278182
1658136,IT,DE,ALUM1,NONME,0.28,160722.788,4,4,160722.775,0.0,0.0,0.0,0.013,574009.957143
1794296,IT,WL,MOTOR,PLAST,0.24,160714.084,4,4,160714.071,0.0,0.0,0.0,0.013,669642.016667
1719760,IT,PL,BASIC,LIGNI,0.18,160713.725,4,4,160713.715,0.0,0.0,0.0,0.01,892854.027778
1647273,IT,BE,LANDT,RAILW,1.04,160703.585,4,4,160703.577,0.0,0.0,0.0,0.008,154522.677885
1673638,IT,FR,WOODW,EDUCA,0.45,160699.711,5,5,160698.7,0.0,1.0,0.0,0.011,357110.468889
1642752,IT,AT,MACHI,ELECT,0.9,160685.989,4,4,160685.976,0.0,0.0,0.0,0.013,178539.987778
1680301,IT,GR,FURNI,REALE,0.51,160685.718,4,4,160685.704,0.0,0.0,0.0,0.014,315070.035294
1770235,IT,AU,HOTEL,FISH5,1.16,160682.381,4,4,160682.369,0.0,0.0,0.0,0.012,138519.293966
1715030,IT,NL,TEXTI,PULP5,0.95,160671.116,4,4,160671.095,0.0,0.0,0.0,0.021,169127.490526
1732568,IT,SI,RUBBE,BUSIN,0.53,160654.549,4,4,160654.534,0.0,0.0,0.0,0.015,303121.790566
1734865,IT,SK,PAPER,FABRI,0.62,160643.899,5,5,160642.883,0.0,1.0,0.0,0.016,259103.062903
1814142,IT,WM,AIRTR,TRAN2,0.17,160634.899,4,4,160634.894,0.0,0.0,0.0,0.005,944911.170588
1665014,IT,ES,CHEMI,MOTO1,0.38,160628.038,6,6,160619.023,0.0,1.0,8.0,0.015,422705.363158
1682012,IT,HR,BEVER,PULP5,0.68,160587.83,4,4,160587.82,0.0,0.0,0.0,0.01,236158.573529
1674867,IT,FR,NONME,ELEC3,0.32,160583.877,4,4,160583.859,0.0,0.0,0.0,0.018,501824.615625
1746392,IT,JP,RUBBE,MEDIC,0.53,160571.692,4,4,160571.677,0.0,0.0,0.0,0.015,302965.456604
1763615,IT,MX,ADDIT,GASDI,0.37,160559.993,5,5,160558.98,0.0,1.0,0.0,0.013,433945.927027
1656107,IT,DE,BEVER,RECRE,0.68,160554.243,4,4,160554.233,0.0,0.0,0.0,0.01,236109.180882
1777077,IT,TR,CHEM1,DIST1,0.34,160549.048,4,4,160549.03,0.0,0.0,0.0,0.018,472203.082353
1668968,IT,ES,AIRTR,TRANS,0.17,160536.517,4,4,160536.512,0.0,0.0,0.0,0.005,944332.452941
1801135,IT,WE,FABRI,OILSE,0.65,160527.807,4,4,160527.795,0.0,0.0,0.0,0.012,246965.856923
1753533,IT,CA,MACHI,LEATH,0.9,160517.174,4,4,160517.161,0.0,0.0,0.0,0.013,178352.415556
1747160,IT,JP,CONST,PREC1,0.9,160507.697,5,5,160506.688,0.0,0.0,1.0,0.009,178341.885556
1731444,IT,SI,FOOD5,HEALT,0.77,160486.003,5,5,160484.989,0.0,1.0,0.0,0.014,208423.380519
1716342,IT,NL,FABRI,REALE,0.65,160484.099,4,4,160484.087,0.0,0.0,0.0,0.012,246898.613846
1742936,IT,US,MACHI,ELEC8,0.9,160475.348,4,4,160475.335,0.0,0.0,0.0,0.013,178305.942222
1731277,IT,SI,MEAT1,RESEA,0.75,160468.865,5,5,160467.845,0.0,1.0,0.0,0.02,213958.486667
1750812,IT,CN,FURNI,MOTOR,0.51,160465.744,4,4,160465.73,0.0,0.0,0.0,0.014,314638.713725
1711765,IT,LU,BUSIN,RECRE,1.65,160458.106,4,4,160458.095,0.0,0.0,0.0,0.011,97247.33697
1714898,IT,NL,BEVER,PLAST,0.68,160457.824,4,4,160457.814,0.0,0.0,0.0,0.01,235967.388235
1748874,IT,CN,WEARI,MEATP,1.21,160431.544,4,4,160431.514,0.0,0.0,0.0,0.03,132588.052893
1675770,IT,FR,FURNI,DISTR,0.51,160422.641,4,4,160422.627,0.0,0.0,0.0,0.014,314554.198039
1726175,IT,RO,GLASS,RETA1,0.44,160409.183,5,5,160408.174,0.0,0.0,1.0,0.009,364566.325
1750298,IT,CN,NONF1,PREC1,0.04,160403.102,3,3,160403.102,0.0,0.0,0.0,0.0,4010077.55
1763274,IT,MX,PAPER,BEVER,0.62,160402.293,5,5,160401.277,0.0,1.0,0.0,0.016,258713.375806
1650558,IT,BG,ELEC7,WHOLE,0.11,160399.603,4,4,160399.601,0.0,0.0,0.0,0.002,1458178.209091
1719930,IT,PL,PREC1,ALUM1,0.27,160398.748,4,4,160398.741,0.0,0.0,0.0,0.007,594069.437037
1642120,IT,AT,GLASS,HEALT,0.44,160352.408,5,5,160351.399,0.0,0.0,1.0,0.009,364437.290909
1740793,IT,US,VEGE1,MEATP,0.49,160346.426,5,5,160345.391,0.0,1.0,0.0,0.035,327237.604082
1686260,IT,HU,CERAM,FURNI,0.25,160319.361,5,5,160318.352,0.0,0.0,1.0,0.009,641277.444
1749208,IT,CN,PAPER,SUGAR,0.62,160318.265,5,5,160317.249,0.0,1.0,0.0,0.016,258577.846774
1676492,IT,FR,RETA1,SEACO,1.67,160315.476,4,4,160315.466,0.0,0.0,0.0,0.01,95997.291018
1677744,IT,FR,RENTI,RECRE,0.96,160293.185,4,4,160293.176,0.0,0.0,0.0,0.009,166972.067708
1801139,IT,WE,FABRI,CATTL,0.65,160292.882,4,4,160292.871,0.0,0.0,0.0,0.011,246604.433846
1681508,IT,GR,BUSIN,BEVER,1.65,160244.177,4,4,160244.166,0.0,0.0,0.0,0.011,97117.68303
1737743,IT,GB,HEAVY,HEAVY,0.26,160243.55,4,4,160243.537,0.0,0.0,0.0,0.013,616321.346154
1726328,IT,RO,ALUM1,BEVER,0.28,160241.759,4,4,160241.746,0.0,0.0,0.0,0.013,572291.996429
1753610,IT,CA,MACHI,RESEA,0.89,160238.476,4,4,160238.463,0.0,0.0,0.0,0.013,180043.231461
1686176,IT,HU,GLASS,BEVER,0.44,160232.596,5,5,160231.587,0.0,0.0,1.0,0.009,364164.990909
1785769,IT,ZA,PLAST,MOTO1,0.34,160209.08,4,4,160209.064,0.0,0.0,0.0,0.016,471203.176471
1782519,IT,NO,OFFIC,OFFIC,0.5,160204.696,4,4,160204.684,0.0,0.0,0.0,0.012,320409.392
1720850,IT,PL,FURNI,POSTT,0.51,160204.089,4,4,160204.075,0.0,0.0,0.0,0.014,314125.664706
1653023,IT,CZ,PLAST,GLASS,0.34,160203.248,4,4,160203.232,0.0,0.0,0.0,0.016,471186.023529
1749805,IT,CN,RUBBE,FISHF,0.53,160170.072,4,4,160170.057,0.0,0.0,0.0,0.015,302207.683019
1739894,IT,GB,FINAN,AIRTR,2.09,160166.794,4,4,160166.789,0.0,0.0,0.0,0.005,76634.829665
1809177,IT,WM,CATTL,HEALT,0.35,160137.987,5,5,160133.976,0.0,4.0,0.0,0.011,457537.105714
1645188,IT,BE,PRINT,AUXIL,1.54,160135.389,4,4,160135.377,0.0,0.0,0.0,0.012,103984.018831
1744124,IT,US,SUPPO,TRANS,1.15,160112.308,4,4,160112.3,0.0,0.0,0.0,0.008,139228.093913
1668777,IT,ES,LANDT,TRAN2,1.03,160096.595,4,4,160096.587,0.0,0.0,0.0,0.008,155433.587379
1689678,IT,IE,POSTT,WHOLE,2.64,160090.958,4,4,160090.946,0.0,0.0,0.0,0.012,60640.514394
1803548,IT,WF,VEGE1,93197,0.49,160025.071,5,5,160024.036,0.0,1.0,0.0,0.035,326581.777551
1745716,IT,JP,WEARI,FOOD5,1.21,160022.079,4,4,160022.049,0.0,0.0,0.0,0.03,132249.652066
1678885,IT,GR,TOBAC,SEACO,0.63,160015.897,5,5,160014.887,0.0,1.0,0.0,0.01,253993.487302
1800015,IT,WE,HEAVY,RETAI,0.26,160011.038,4,4,160011.025,0.0,0.0,0.0,0.013,615427.069231
1805462,IT,WF,GLASS,FABRI,0.44,160008.167,5,5,160007.158,0.0,0.0,1.0,0.009,363654.925
1671031,IT,FI,RUBBE,FISH5,0.53,160005.903,4,4,160005.888,0.0,0.0,0.0,0.015,301897.930189
1740906,IT,US,FOOD5,PIGS9,0.77,160004.238,5,5,160003.224,0.0,1.0,0.0,0.014,207797.711688
1732299,IT,SI,NAPHT,WOODW,0.27,160002.357,4,4,160002.346,0.0,0.0,0.0,0.011,592601.322222
1742547,IT,US,PREC1,CHEM1,0.27,159999.677,4,4,159999.67,0.0,0.0,0.0,0.007,592591.396296
1772102,IT,CH,COKEO,SALEM,0.02,159988.625,3,3,159988.625,0.0,0.0,0.0,0.0,7999431.25
1739165,IT,GB,RETA1,WOODW,1.67,159976.322,4,4,159976.312,0.0,0.0,0.0,0.01,95794.20479
1722371,IT,PT,SANDC,MEATC,0.37,159968.4,5,5,159933.394,0.0,0.0,35.0,0.006,432347.027027
1792030,IT,WA,AIRTR,FISHF,0.17,159968.212,4,4,159968.207,0.0,0.0,0.0,0.005,940989.482353
1653236,IT,CZ,RUBBE,PFERT,0.53,159954.734,4,4,159954.719,0.0,0.0,0.0,0.015,301801.384906
1641226,IT,AT,COKEO,DIST1,0.02,159954.59,3,3,159954.59,0.0,0.0,0.0,0.0,7997729.5
1762245,IT,IN,AIRTR,NATUR,0.17,159933.057,4,4,159933.052,0.0,0.0,0.0,0.005,940782.688235
1789454,IT,WA,ADDIT,CROPS,0.37,159910.245,5,5,159909.233,0.0,1.0,0.0,0.012,432189.851351
1713595,IT,MT,BASIC,MEAT4,0.18,159909.008,4,4,159908.998,0.0,0.0,0.0,0.01,888383.377778
1808205,IT,WF,OILHA,PUBLI,0.92,159903.214,4,4,159903.205,0.0,0.0,0.0,0.009,173807.841304
1768031,IT,RU,BUSIN,FOOD5,1.64,159901.984,4,4,159901.973,0.0,0.0,0.0,0.011,97501.209756
1665950,IT,ES,MOTOR,REFIN,0.24,159894.88,4,4,159894.867,0.0,0.0,0.0,0.013,666228.666667
1650302,IT,BG,ELEC2,POULT,0.04,159866.611,4,4,159866.594,0.0,0.0,0.0,0.017,3996665.275
1651784,IT,CY,MOTO1,RUBBE,0.85,159858.142,4,4,159858.132,0.0,0.0,0.0,0.01,188068.402353
1671203,IT,FI,NONME,BASIC,0.32,159843.521,4,4,159843.503,0.0,0.0,0.0,0.018,499511.003125
1748091,IT,JP,BUSIN,INSUR,1.64,159837.767,4,4,159837.756,0.0,0.0,0.0,0.011,97462.053049
1805115,IT,WF,PFERT,PADDY,0.07,159835.589,4,4,159835.563,0.0,0.0,0.0,0.026,2283365.557143
1801305,IT,WE,MACHI,TOBAC,0.89,159826.45,4,4,159826.437,0.0,0.0,0.0,0.013,179580.280899
1714587,IT,NL,SANDC,WHEAT,0.37,159814.025,5,5,159779.019,0.0,0.0,35.0,0.006,431929.797297
1646312,IT,BE,NONF1,BASIC,0.03,159807.935,3,3,159807.935,0.0,0.0,0.0,0.0,5326931.166667
1723083,IT,PT,CHEM1,BRICK,0.33,159792.737,4,4,159792.72,0.0,0.0,0.0,0.017,484220.415152
1770287,IT,AU,HOTEL,ELEC2,1.16,159791.016,4,4,159791.004,0.0,0.0,0.0,0.012,137750.875862
1739218,IT,GB,RETA1,SEACO,1.67,159772.777,4,4,159772.767,0.0,0.0,0.0,0.01,95672.321557
1686215,IT,HU,GLASS,WHOLE,0.44,159753.835,5,5,159752.826,0.0,0.0,1.0,0.009,363076.897727
1674939,IT,FR,BASIC,DIST1,0.18,159751.773,4,4,159751.763,0.0,0.0,0.0,0.01,887509.85
1763703,IT,MX,RUBBE,SALEM,0.53,159745.639,4,4,159745.625,0.0,0.0,0.0,0.014,301406.866038
1680014,IT,GR,MACHI,TOBAC,0.89,159713.434,4,4,159713.421,0.0,0.0,0.0,0.013,179453.296629
1712212,IT,LV,PAPER,TOBAC,0.62,159702.119,5,5,159701.103,0.0,1.0,0.0,0.016,257584.062903
1801527,IT,WE,MOTO1,AUXIL,0.85,159693.157,4,4,159693.147,0.0,0.0,0.0,0.01,187874.302353
1683680,IT,HR,FABRI,REALE,0.65,159666.947,4,4,159666.936,0.0,0.0,0.0,0.011,245641.456923
1759293,IT,BR,POSTT,CONST,2.63,159653.95,4,4,159653.938,0.0,0.0,0.0,0.012,60704.923954
1750266,IT,CN,COPP1,ELEC1,0.4,159645.306,5,5,159644.298,0.0,0.0,1.0,0.008,399113.265
1680506,IT,GR,ELEC6,COLLE,0.02,159642.098,4,4,159642.072,0.0,0.0,0.0,0.026,7982104.9
1772280,IT,CH,NAPHT,MEDIC,0.27,159635.697,4,4,159635.686,0.0,0.0,0.0,0.011,591243.322222
1795772,IT,WL,MACHI,LIQUE,0.89,159617.054,4,4,159617.041,0.0,0.0,0.0,0.013,179345.004494
1802644,IT,WE,RENTI,CRUDE,0.95,159612.799,4,4,159612.79,0.0,0.0,0.0,0.009,168013.472632
1675731,IT,FR,FURNI,WEARI,0.51,159605.586,4,4,159605.572,0.0,0.0,0.0,0.014,312952.129412
1801039,IT,WE,LEAD1,93197,0.28,159564.153,5,5,159563.14,0.0,0.0,1.0,0.013,569871.975
1802997,IT,WF,WHEAT,FABRI,0.12,159540.742,5,5,159539.738,0.0,1.0,0.0,0.004,1329506.183333
1756733,IT,KR,SEACO,HEALT,0.16,159516.222,4,4,159516.219,0.0,0.0,0.0,0.003,996976.3875
1715449,IT,NL,MOTOR,PUBLI,0.24,159507.143,4,4,159507.13,0.0,0.0,0.0,0.013,664613.095833
1642903,IT,AT,TRANS,MACHI,0.95,159491.002,4,4,159490.993,0.0,0.0,0.0,0.009,167885.265263
1733664,IT,SI,HOTEL,COMPU,1.16,159483.643,4,4,159483.631,0.0,0.0,0.0,0.012,137485.899138
1789324,IT,WA,CHEM1,ANTHR,0.33,159481.646,4,4,159481.629,0.0,0.0,0.0,0.017,483277.715152
1674684,IT,FR,GLASS,CEMEN,0.44,159466.729,5,5,159465.72,0.0,0.0,1.0,0.009,362424.384091
1756201,IT,KR,MACHI,COPP1,0.89,159462.538,4,4,159462.525,0.0,0.0,0.0,0.013,179171.391011
1740941,IT,US,FOOD5,COLLE,0.77,159459.64,5,5,159458.626,0.0,1.0,0.0,0.014,207090.441558
1759078,IT,BR,SEACO,SUPPO,0.16,159453.928,4,4,159453.925,0.0,0.0,0.0,0.003,996587.05
1718958,IT,PL,PRINT,FINAN,1.53,159444.063,4,4,159444.051,0.0,0.0,0.0,0.012,104211.805882
1811540,IT,WM,PFERT,CATTL,0.07,159434.267,4,4,159434.241,0.0,0.0,0.0,0.026,2277632.385714
1710124,IT,LT,MACHI,FORES,0.89,159428.578,4,4,159428.565,0.0,0.0,0.0,0.013,179133.233708
1739431,IT,GB,LANDT,MEATP,1.03,159413.507,4,4,159413.499,0.0,0.0,0.0,0.008,154770.395146
1654197,IT,CZ,MOTO1,SUPPO,0.85,159402.026,4,4,159402.016,0.0,0.0,0.0,0.01,187531.795294
1744025,IT,US,AIRTR,ELEC5,0.17,159395.039,4,4,159395.034,0.0,0.0,0.0,0.005,937617.876471
1786034,IT,ZA,CERAM,BITUM,0.25,159388.426,5,5,159387.417,0.0,0.0,1.0,0.009,637553.704
1723723,IT,PT,MACHI,RETAI,0.89,159380.615,4,4,159380.602,0.0,0.0,0.0,0.013,179079.342697
1812477,IT,WM,PREC1,TRAN2,0.27,159371.119,4,4,159371.112,0.0,0.0,0.0,0.007,590263.403704
1797441,IT,WL,COMPU,BUSIN,1.82,159349.729,4,4,159349.719,0.0,0.0,0.0,0.01,87554.796154
1666219,IT,ES,HEAVY,LUBRI,0.26,159349.061,4,4,159349.048,0.0,0.0,0.0,0.013,612881.003846
1642688,IT,AT,FABRI,RECRE,0.65,159330.247,4,4,159330.236,0.0,0.0,0.0,0.011,245123.456923
1663006,IT,DK,HOTEL,CHEM1,1.15,159324.474,4,4,159324.462,0.0,0.0,0.0,0.012,138543.02087
1663239,IT,DK,SEACO,FOOD5,0.16,159310.662,4,4,159310.659,0.0,0.0,0.0,0.003,995691.6375
1731827,IT,SI,PAPER,REALE,0.62,159305.399,5,5,159304.383,0.0,1.0,0.0,0.016,256944.191935
1761969,IT,IN,FURNI,REALE,0.51,159297.596,4,4,159297.582,0.0,0.0,0.0,0.014,312348.227451
1679359,IT,GR,PLAST,PLAST,0.33,159287.401,4,4,159287.385,0.0,0.0,0.0,0.016,482689.093939
1646706,IT,BE,FURNI,BUSIN,0.51,159263.325,4,4,159263.311,0.0,0.0,0.0,0.014,312281.029412
1756951,IT,KR,REALE,BEVER,6.73,159256.238,4,4,159256.228,0.0,0.0,0.0,0.01,23663.631204
1779224,IT,TR,POSTT,FINAN,2.62,159227.865,4,4,159227.853,0.0,0.0,0.0,0.012,60773.994275
1780905,IT,TW,RESEA,MOTO1,0.86,159218.026,4,4,159218.015,0.0,0.0,0.0,0.011,185137.239535
1799761,IT,WE,KEROS,HOTEL,0.24,159201.069,4,4,159201.056,0.0,0.0,0.0,0.013,663337.7875
1782217,IT,NO,BASIC,COLLE,0.18,159199.71,4,4,159199.7,0.0,0.0,0.0,0.01,884442.833333
1750066,IT,CN,BASIC,PFERT,0.18,159176.926,4,4,159176.916,0.0,0.0,0.0,0.01,884316.255556
1788685,IT,WA,MOTOR,CROPS,0.24,159166.075,4,4,159166.062,0.0,0.0,0.0,0.013,663191.979167
1712700,IT,LV,HOTEL,FABRI,1.15,159165.46,4,4,159165.448,0.0,0.0,0.0,0.012,138404.747826
1649936,IT,BG,FABRI,BASIC,0.65,159160.267,4,4,159160.256,0.0,0.0,0.0,0.011,244861.949231
1779903,IT,TW,CONST,SANDC,0.89,159157.243,5,5,159156.234,0.0,0.0,1.0,0.009,178828.362921
1715525,IT,NL,GASDI,MACHI,0.24,159157.053,4,4,159157.04,0.0,0.0,0.0,0.013,663154.3875
1792730,IT,WA,BUSIN,GASDI,1.63,159137.814,4,4,159137.803,0.0,0.0,0.0,0.011,97630.560736
1713565,IT,MT,CEMEN,ELECT,0.25,159120.01,5,5,159119.003,0.0,0.0,1.0,0.007,636480.04
1666291,IT,ES,LIQUE,FOOD5,0.28,159118.351,4,4,159118.338,0.0,0.0,0.0,0.013,568279.825
1672697,IT,FR,SANDC,CHEM1,0.37,159114.276,5,5,159079.27,0.0,0.0,35.0,0.006,430038.583784
1672518,IT,FR,WHEAT,POULT,0.12,159112.846,5,5,159111.842,0.0,1.0,0.0,0.004,1325940.383333
1689151,IT,IE,SALEM,SALEM,1.28,159108.782,4,4,159108.772,0.0,0.0,0.0,0.01,124303.735938
1679653,IT,GR,GLASS,RADIO,0.44,159101.796,5,5,159100.787,0.0,0.0,1.0,0.009,361594.990909
1743766,IT,US,LANDT,PFERT,1.03,159097.567,4,4,159097.559,0.0,0.0,0.0,0.008,154463.657282
1736515,IT,SK,AIRTR,WHOLE,0.17,159077.991,4,4,159077.986,0.0,0.0,0.0,0.005,935752.888235
1720449,IT,PL,MACHI,FOUND,0.89,159075.691,4,4,159075.678,0.0,0.0,0.0,0.013,178736.731461
1814306,IT,WM,FINAN,CRUDE,2.07,159061.113,4,4,159061.108,0.0,0.0,0.0,0.005,76841.117391
1688910,IT,IE,COPP1,BUSIN,0.4,159059.669,5,5,159058.661,0.0,0.0,1.0,0.008,397649.1725
1794566,IT,WL,HEAVY,NAPHT,0.26,159056.016,4,4,159056.003,0.0,0.0,0.0,0.013,611753.907692
1755033,IT,KR,WEARI,BASIC,1.2,159051.964,4,4,159051.934,0.0,0.0,0.0,0.03,132543.303333
1660729,IT,DE,RENTI,WHOLE,0.95,159040.445,4,4,159040.436,0.0,0.0,0.0,0.009,167410.994737
1644337,IT,BE,SANDC,FISH5,0.36,159026.223,5,5,158991.217,0.0,0.0,35.0,0.006,441739.508333
1770271,IT,AU,HOTEL,ALUM1,1.15,159014.433,4,4,159014.421,0.0,0.0,0.0,0.012,138273.42
1685100,IT,HU,FOOD5,PAPER,0.76,159011.365,5,5,159010.351,0.0,1.0,0.0,0.014,209225.480263
1642969,IT,AT,FURNI,RESEA,0.51,159000.034,4,4,159000.02,0.0,0.0,0.0,0.014,311764.772549
1749360,IT,CN,PRINT,WHOLE,1.53,158996.521,4,4,158996.509,0.0,0.0,0.0,0.012,103919.294771
1752939,IT,CA,PLAST,NONSP,0.33,158986.34,4,4,158986.324,0.0,0.0,0.0,0.016,481776.787879
1767564,IT,RU,AIRTR,POSTT,0.17,158978.83,4,4,158978.825,0.0,0.0,0.0,0.005,935169.588235
1766653,IT,RU,FABRI,FOUND,0.65,158974.38,4,4,158974.369,0.0,0.0,0.0,0.011,244575.969231
1665150,IT,ES,DAIRY,BUSIN,0.65,158968.805,5,5,158967.794,0.0,1.0,0.0,0.011,244567.392308
1797897,IT,WL,WASTE,COPP1,0.5,158966.53,4,4,158966.521,0.0,0.0,0.0,0.009,317933.06
1777971,IT,TR,MACHI,COLLE,0.89,158947.37,4,4,158947.357,0.0,0.0,0.0,0.013,178592.550562
1650925,IT,BG,SEACO,OFFIC,0.16,158946.917,4,4,158946.914,0.0,0.0,0.0,0.003,993418.23125
1652873,IT,CZ,COALT,PFERT,0.25,158943.782,4,4,158943.773,0.0,0.0,0.0,0.009,635775.128
1777720,IT,TR,COPP1,REALE,0.4,158934.364,5,5,158933.356,0.0,0.0,1.0,0.008,397335.91
1658115,IT,DE,ALUM1,HEAVY,0.28,158926.339,4,4,158926.326,0.0,0.0,0.0,0.013,567594.067857
1813707,IT,WM,RETA1,PUBLI,1.66,158921.794,4,4,158921.784,0.0,0.0,0.0,0.01,95736.020482
1749512,IT,CN,PETRO,RUBBE,0.27,158902.522,4,4,158902.51,0.0,0.0,0.0,0.012,588527.859259
1791886,IT,WA,TRAN2,CRUDE,0.25,158902.255,4,4,158902.251,0.0,0.0,0.0,0.004,635609.02
1761929,IT,IN,FURNI,CERAM,0.51,158868.218,4,4,158868.204,0.0,0.0,0.0,0.014,311506.309804
1647428,IT,BE,AIRTR,MOTO1,0.17,158843.325,4,4,158843.32,0.0,0.0,0.0,0.005,934372.5
1803300,IT,WF,FISHF,LEAD1,0.27,158835.721,4,4,158835.715,0.0,0.0,0.0,0.006,588280.448148
1686845,IT,HU,FABRI,RETA1,0.65,158831.623,4,4,158831.612,0.0,0.0,0.0,0.011,244356.343077
1674136,IT,FR,HEAVY,BRICK,0.26,158801.271,4,4,158801.258,0.0,0.0,0.0,0.013,610774.119231
1785525,IT,ZA,MOTOR,REALE,0.24,158796.838,4,4,158796.825,0.0,0.0,0.0,0.013,661653.491667
1778145,IT,TR,TRANS,MOTO1,0.95,158788.765,4,4,158788.756,0.0,0.0,0.0,0.009,167146.068421
1670521,IT,FI,BEVER,COMPU,0.68,158782.046,4,4,158782.036,0.0,0.0,0.0,0.01,233503.008824
1796090,IT,WL,TRANS,CHEM1,0.95,158778.759,4,4,158778.75,0.0,0.0,0.0,0.009,167135.535789
1760319,IT,IN,STONE,FABRI,0.51,158771.899,5,5,158762.892,0.0,0.0,9.0,0.007,311317.44902
1806414,IT,WF,MOTO1,HEALT,0.85,158771.201,4,4,158771.191,0.0,0.0,0.0,0.01,186789.648235
1767026,IT,RU,TRANS,RAILW,0.95,158764.012,4,4,158764.003,0.0,0.0,0.0,0.009,167120.012632
1804361,IT,WF,MOTOR,MEMBE,0.24,158743.103,4,4,158743.09,0.0,0.0,0.0,0.013,661429.595833
1711047,IT,LU,BASIC,CONST,0.18,158741.982,4,4,158741.972,0.0,0.0,0.0,0.01,881899.9
1744139,IT,US,SUPPO,WHOLE,1.14,158740.481,4,4,158740.473,0.0,0.0,0.0,0.008,139246.035965
1749742,IT,CN,ADDIT,PAPER,0.37,158739.477,5,5,158738.465,0.0,1.0,0.0,0.012,429025.613514
1659899,IT,DE,LANDT,93197,1.02,158723.917,4,4,158723.909,0.0,0.0,0.0,0.008,155611.683333
1790105,IT,WA,BASIC,LIQUE,0.18,158686.66,4,4,158686.65,0.0,0.0,0.0,0.01,881592.555556
1811428,IT,WM,PLAST,KERO1,0.33,158676.751,4,4,158676.735,0.0,0.0,0.0,0.016,480838.639394
1749806,IT,CN,RUBBE,COKIN,0.53,158662.282,4,4,158662.268,0.0,0.0,0.0,0.014,299362.796226
1667113,IT,ES,BASIC,CROPS,0.18,158651.407,4,4,158651.397,0.0,0.0,0.0,0.01,881396.705556
1743317,IT,US,FURNI,MEMBE,0.51,158624.564,4,4,158624.55,0.0,0.0,0.0,0.014,311028.556863
1769869,IT,AU,OFFIC,COMPU,0.49,158623.02,4,4,158623.009,0.0,0.0,0.0,0.011,323720.44898
1776775,IT,TR,LIQUE,HEALT,0.28,158620.71,4,4,158620.697,0.0,0.0,0.0,0.013,566502.535714
1661026,IT,DE,BUSIN,FOODW,1.63,158619.13,4,4,158619.119,0.0,0.0,0.0,0.011,97312.349693
1812184,IT,WM,NONME,COPPE,0.32,158576.188,4,4,158576.171,0.0,0.0,0.0,0.017,495550.5875
1753763,IT,CA,FURNI,MACHI,0.51,158566.108,4,4,158566.094,0.0,0.0,0.0,0.014,310913.937255
1801294,IT,WE,MACHI,MEATC,0.88,158557.505,4,4,158557.492,0.0,0.0,0.0,0.013,180178.982955
1794219,IT,WL,PRINT,HOTEL,1.52,158556.941,4,4,158556.929,0.0,0.0,0.0,0.012,104313.776974
1813910,IT,WM,LANDT,POSTT,1.02,158548.154,4,4,158548.147,0.0,0.0,0.0,0.007,155439.366667
1674791,IT,FR,CERAM,93197,0.25,158539.08,5,5,158538.071,0.0,0.0,1.0,0.009,634156.32
1781944,IT,NO,CHEM1,RECRE,0.33,158537.613,4,4,158537.596,0.0,0.0,0.0,0.017,480417.009091
1746969,IT,JP,MOTO1,AIRTR,0.84,158529.869,4,4,158529.859,0.0,0.0,0.0,0.01,188726.034524
1679463,IT,GR,CHEM1,NAPHT,0.33,158526.212,4,4,158526.195,0.0,0.0,0.0,0.017,480382.460606
1685660,IT,HU,GASDI,LANDT,0.24,158524.132,4,4,158524.119,0.0,0.0,0.0,0.013,660517.216667
1743130,IT,US,MOTO1,RADIO,0.84,158518.321,4,4,158518.311,0.0,0.0,0.0,0.01,188712.286905
1750581,IT,CN,OFFIC,CHEM1,0.49,158517.832,4,4,158517.821,0.0,0.0,0.0,0.011,323505.779592
1675041,IT,FR,ALUM1,FISH5,0.28,158517.613,4,4,158517.6,0.0,0.0,0.0,0.013,566134.332143
1686860,IT,HU,FABRI,EDUCA,0.65,158510.687,4,4,158510.676,0.0,0.0,0.0,0.011,243862.595385
1676707,IT,FR,RAILW,HOTEL,1.06,158507.007,5,5,158506.0,0.0,0.0,1.0,0.007,149534.912264
1658171,IT,DE,ALUM1,SALEM,0.28,158479.477,4,4,158479.464,0.0,0.0,0.0,0.013,565998.132143
1787793,IT,WA,DAIRY,93197,0.64,158470.046,5,5,158469.035,0.0,1.0,0.0,0.011,247609.446875
1772066,IT,CH,PRINT,LANDT,1.52,158456.005,4,4,158455.993,0.0,0.0,0.0,0.012,104247.371711
1790427,IT,WA,LEAD1,FURNI,0.28,158441.253,5,5,158440.24,0.0,0.0,1.0,0.013,565861.617857
1789350,IT,WA,CHEM1,BEVER,0.33,158433.632,4,4,158433.615,0.0,0.0,0.0,0.017,480101.915152
1792401,IT,WA,INSUR,CHARC,3.27,158431.567,4,4,158431.56,0.0,0.0,0.0,0.007,48450.020489
1772219,IT,CH,GASDI,HEALT,0.24,158420.039,4,4,158420.026,0.0,0.0,0.0,0.013,660083.495833
1650037,IT,BG,MACHI,CHEM1,0.88,158397.087,4,4,158397.074,0.0,0.0,0.0,0.013,179996.689773
1791861,IT,WA,LANDT,LANDT,1.02,158389.94,4,4,158389.933,0.0,0.0,0.0,0.007,155284.254902
1772327,IT,CH,PLAST,MACHI,0.33,158378.981,4,4,158378.965,0.0,0.0,0.0,0.016,479936.306061
1688952,IT,IE,FABRI,COMPU,0.64,158329.919,4,4,158329.908,0.0,0.0,0.0,0.011,247390.498437
1720210,IT,PL,COPP1,BUSIN,0.4,158318.667,5,5,158317.659,0.0,0.0,1.0,0.008,395796.6675
1767123,IT,RU,FURNI,PUBLI,0.51,158297.536,4,4,158297.522,0.0,0.0,0.0,0.014,310387.32549
1803483,IT,WF,MEAT4,EDUCA,0.87,158286.663,5,5,158285.652,0.0,1.0,0.0,0.011,181938.693103
1716684,IT,NL,WHOLE,NONF1,1.37,158282.918,4,4,158282.909,0.0,0.0,0.0,0.009,115534.976642
1798983,IT,WE,TEXTI,VEGET,0.94,158272.584,4,4,158272.563,0.0,0.0,0.0,0.021,168375.089362
1717863,IT,PL,VEGET,CERAM,0.56,158262.404,5,5,158261.398,0.0,1.0,0.0,0.006,282611.435714
1804369,IT,WF,KEROS,CRUDE,0.24,158236.64,4,4,158236.627,0.0,0.0,0.0,0.013,659319.333333
1789459,IT,WA,ADDIT,ANIMA,0.37,158220.635,5,5,158219.623,0.0,1.0,0.0,0.012,427623.337838
1681311,IT,GR,INSUR,HEAVY,3.26,158179.934,4,4,158179.927,0.0,0.0,0.0,0.007,48521.452147
1802993,IT,WF,WHEAT,LEAD1,0.12,158169.438,5,5,158168.434,0.0,1.0,0.0,0.004,1318078.65
1655618,IT,DE,SANDC,COLLE,0.36,158168.943,5,5,158133.937,0.0,0.0,35.0,0.006,439358.175
1764448,IT,MX,FURNI,FABRI,0.5,158168.037,4,4,158168.023,0.0,0.0,0.0,0.014,316336.074
1757403,IT,BR,WOODW,PAPER,0.44,158164.851,5,5,158163.84,0.0,1.0,0.0,0.011,359465.570455
1809464,IT,WM,CHEMI,COMPU,0.38,158160.924,6,6,158151.909,0.0,1.0,8.0,0.015,416212.957895
1814082,IT,WM,AIRTR,BEVER,0.17,158153.457,4,4,158153.452,0.0,0.0,0.0,0.005,930314.452941
1750790,IT,CN,FURNI,COKIN,0.5,158148.23,4,4,158148.216,0.0,0.0,0.0,0.014,316296.46
1731392,IT,SI,FOOD5,BEVER,0.76,158144.548,5,5,158143.534,0.0,1.0,0.0,0.014,208084.931579
1768075,IT,RU,BUSIN,MOTO1,1.62,158133.667,4,4,158133.656,0.0,0.0,0.0,0.011,97613.374691
1811653,IT,WM,CHEM1,ELECT,0.33,158123.464,4,4,158123.447,0.0,0.0,0.0,0.017,479162.012121
1647715,IT,BE,INSUR,PLAST,3.26,158120.984,4,4,158120.977,0.0,0.0,0.0,0.007,48503.369325
1680844,IT,GR,LANDT,VEGET,1.02,158118.996,4,4,158118.989,0.0,0.0,0.0,0.007,155018.623529
1794775,IT,WL,PLAST,PROCE,0.33,158107.478,4,4,158107.462,0.0,0.0,0.0,0.016,479113.569697
1804120,IT,WF,PAPER,TEXTI,0.61,158096.295,5,5,158095.279,0.0,1.0,0.0,0.016,259174.254098
1723054,IT,PT,CHEM1,SANDC,0.33,158092.151,4,4,158092.134,0.0,0.0,0.0,0.017,479067.124242
1745344,IT,JP,VEGE1,NAPHT,0.49,158090.816,5,5,158089.782,0.0,1.0,0.0,0.034,322634.318367
1690194,IT,IE,BUSIN,CHEM1,1.62,158086.026,4,4,158086.015,0.0,0.0,0.0,0.011,97583.966667
1772494,IT,CH,RUBBE,VEGET,0.52,158059.435,4,4,158059.421,0.0,0.0,0.0,0.014,303960.451923
1778762,IT,TR,LANDT,CHEMI,1.02,158058.379,4,4,158058.372,0.0,0.0,0.0,0.007,154959.195098
1791105,IT,WA,TRANS,MOTO1,0.94,158051.062,4,4,158051.053,0.0,0.0,0.0,0.009,168139.42766
1739550,IT,GB,TRAN2,MOTOR,0.24,158050.776,4,4,158050.772,0.0,0.0,0.0,0.004,658544.9
1789930,IT,WA,CEMEN,CHARC,0.25,158044.919,5,5,158043.912,0.0,0.0,1.0,0.007,632179.676
1787917,IT,WA,BEVER,CONST,0.67,158043.913,4,4,158043.903,0.0,0.0,0.0,0.01,235886.437313
1676211,IT,FR,CONST,SUPPO,0.88,158043.336,5,5,158042.328,0.0,0.0,1.0,0.008,179594.7
1763538,IT,MX,CHEM1,PULP5,0.33,158042.897,4,4,158042.88,0.0,0.0,0.0,0.017,478917.869697
1674892,IT,FR,NONME,OILHA,0.32,158042.351,4,4,158042.334,0.0,0.0,0.0,0.017,493882.346875
1725608,IT,RO,WOODW,RAILW,0.44,158026.064,5,5,158025.053,0.0,1.0,0.0,0.011,359150.145455
1758016,IT,BR,RUBBE,NONME,0.52,158019.299,4,4,158019.285,0.0,0.0,0.0,0.014,303883.267308
1788217,IT,WA,LEATH,FORES,1.13,157988.805,5,5,157987.778,0.0,1.0,0.0,0.027,139813.10177
1810798,IT,WM,KEROS,FOOD5,0.23,157980.627,4,4,157980.614,0.0,0.0,0.0,0.013,686872.291304
1803084,IT,WF,CEREA,RESEA,0.26,157969.701,5,5,157968.692,0.0,1.0,0.0,0.009,607575.773077
1814101,IT,WM,AIRTR,NFERT,0.17,157964.569,4,4,157964.564,0.0,0.0,0.0,0.005,929203.347059
1732943,IT,SI,ALUM1,PREC1,0.27,157959.536,4,4,157959.523,0.0,0.0,0.0,0.013,585035.318519
1728098,IT,SE,VEGE1,MEATP,0.49,157949.927,5,5,157948.893,0.0,1.0,0.0,0.034,322346.789796
1750337,IT,CN,FABRI,CRUDE,0.64,157918.544,4,4,157918.533,0.0,0.0,0.0,0.011,246747.725
1801611,IT,WE,TRANS,SUPPO,0.94,157900.222,4,4,157900.213,0.0,0.0,0.0,0.009,167978.959574
1742161,IT,US,GLASS,TOBAC,0.43,157899.921,5,5,157898.912,0.0,0.0,1.0,0.009,367209.118605
1786370,IT,ZA,MACHI,PAPER,0.88,157889.767,4,4,157889.754,0.0,0.0,0.0,0.013,179420.189773
1789416,IT,WA,CHEM1,RAILW,0.33,157874.884,4,4,157874.867,0.0,0.0,0.0,0.017,478408.739394
1797425,IT,WL,COMPU,RETA1,1.8,157874.644,4,4,157874.634,0.0,0.0,0.0,0.01,87708.135556
1710121,IT,LT,MACHI,POULT,0.88,157862.725,4,4,157862.712,0.0,0.0,0.0,0.013,179389.460227
1771586,IT,CH,TEXTI,LANDT,0.94,157860.534,4,4,157860.513,0.0,0.0,0.0,0.021,167936.738298
1777513,IT,TR,BASIC,ELEC1,0.18,157851.904,4,4,157851.894,0.0,0.0,0.0,0.01,876955.022222
1675857,IT,FR,ELEC1,COMPU,0.02,157845.735,4,4,157845.725,0.0,0.0,0.0,0.01,7892286.75
1677724,IT,FR,RENTI,INSUR,0.94,157843.104,4,4,157843.095,0.0,0.0,0.0,0.009,167918.195745
1744757,IT,US,RESEA,KEROS,0.86,157838.467,4,4,157838.456,0.0,0.0,0.0,0.011,183533.101163
1783767,IT,NO,PAPE4,RENTI,1.04,157798.515,4,4,157798.506,0.0,0.0,0.0,0.009,151729.341346
1774229,IT,CH,RETA1,FURNI,1.65,157787.43,4,4,157787.42,0.0,0.0,0.0,0.01,95628.745455
1720411,IT,PL,MACHI,LEATH,0.88,157763.344,4,4,157763.331,0.0,0.0,0.0,0.013,179276.527273
1788233,IT,WA,LEATH,PRECI,1.13,157749.302,5,5,157748.275,0.0,1.0,0.0,0.027,139601.152212
1720555,IT,PL,OFFIC,RADIO,0.49,157742.02,4,4,157742.009,0.0,0.0,0.0,0.011,321922.489796
1758156,IT,BR,NONME,BIOGA,0.32,157729.445,4,4,157729.428,0.0,0.0,0.0,0.017,492904.515625
1735749,IT,SK,MACHI,CEREA,0.88,157715.252,4,4,157715.239,0.0,0.0,0.0,0.013,179221.877273
1736413,IT,SK,LANDT,LEAD1,1.02,157702.574,4,4,157702.567,0.0,0.0,0.0,0.007,154610.366667
1662109,IT,DK,CHEM1,RECRE,0.33,157699.226,4,4,157699.209,0.0,0.0,0.0,0.017,477876.442424
1676985,IT,FR,AIRTR,SEACO,0.17,157684.281,4,4,157684.276,0.0,0.0,0.0,0.005,927554.594118
1660926,IT,DE,BUSIN,FISH5,1.62,157669.987,4,4,157669.976,0.0,0.0,0.0,0.011,97327.152469
1743032,IT,US,OFFIC,WHOLE,0.49,157667.32,4,4,157667.309,0.0,0.0,0.0,0.011,321770.040816
1719805,IT,PL,BASIC,BIODI,0.18,157641.626,4,4,157641.616,0.0,0.0,0.0,0.01,875786.811111
1715546,IT,NL,GASDI,REALE,0.23,157636.78,4,4,157636.767,0.0,0.0,0.0,0.013,685377.304348
1716874,IT,NL,HOTEL,TRANS,1.14,157632.471,4,4,157632.459,0.0,0.0,0.0,0.012,138274.097368
1674150,IT,FR,HEAVY,STEAM,0.25,157613.347,4,4,157613.334,0.0,0.0,0.0,0.013,630453.388
1789891,IT,WA,BRICK,NONF1,0.24,157609.578,5,5,157608.568,0.0,0.0,1.0,0.01,656706.575
1811514,IT,WM,NFERT,POULT,0.03,157604.493,4,4,157604.48,0.0,0.0,0.0,0.013,5253483.1
1737110,IT,GB,MEATP,BEVER,0.64,157594.754,5,5,157593.737,0.0,1.0,0.0,0.017,246241.803125
1649097,IT,BG,PAPER,RUBBE,0.61,157594.386,5,5,157593.37,0.0,1.0,0.0,0.016,258351.452459
1737357,IT,GB,BEVER,COMPU,0.67,157591.3,4,4,157591.29,0.0,0.0,0.0,0.01,235210.895522
1667582,IT,ES,FABRI,INERT,0.64,157582.664,4,4,157582.653,0.0,0.0,0.0,0.011,246222.9125
1782017,IT,NO,RUBBE,HOTEL,0.52,157570.167,4,4,157570.153,0.0,0.0,0.0,0.014,303019.551923
1809411,IT,WM,CHEMI,HEAVY,0.38,157566.837,6,6,157557.822,0.0,1.0,8.0,0.015,414649.571053
1715029,IT,NL,TEXTI,WOODW,0.93,157563.402,4,4,157563.381,0.0,0.0,0.0,0.021,169423.012903
1743777,IT,US,LANDT,BASIC,1.02,157558.898,4,4,157558.891,0.0,0.0,0.0,0.007,154469.507843
1667731,IT,ES,MACHI,INERT,0.88,157550.292,4,4,157550.279,0.0,0.0,0.0,0.013,179034.422727
1720684,IT,PL,MOTO1,REALE,0.84,157545.867,4,4,157545.857,0.0,0.0,0.0,0.01,187554.603571
1727790,IT,RO,BUSIN,GASDI,1.62,157536.678,4,4,157536.667,0.0,0.0,0.0,0.011,97244.862963
1671151,IT,FI,CERAM,WOODW,0.25,157523.499,5,5,157522.49,0.0,0.0,1.0,0.009,630093.996
1726447,IT,RO,FABRI,BIODI,0.64,157497.139,4,4,157497.128,0.0,0.0,0.0,0.011,246089.279687
1642528,IT,AT,COPP1,FOUND,0.4,157496.727,5,5,157495.719,0.0,0.0,1.0,0.008,393741.8175
1676697,IT,FR,RAILW,OFFIC,1.05,157489.389,5,5,157488.382,0.0,0.0,1.0,0.007,149989.894286
1674617,IT,FR,RUBBE,OILHA,0.52,157462.117,4,4,157462.103,0.0,0.0,0.0,0.014,302811.763462
1771666,IT,CH,WEARI,SECO9,1.19,157449.266,4,4,157449.236,0.0,0.0,0.0,0.03,132310.307563
1641104,IT,AT,PAPER,MOTO1,0.61,157435.847,5,5,157434.831,0.0,1.0,0.0,0.016,258091.552459
1796157,IT,WL,FURNI,BITUM,0.5,157429.585,4,4,157429.571,0.0,0.0,0.0,0.014,314859.17
1710478,IT,LT,LANDT,LANDT,1.02,157417.952,4,4,157417.945,0.0,0.0,0.0,0.007,154331.32549
1804777,IT,WF,NAPHT,KERO1,0.27,157400.047,4,4,157400.036,0.0,0.0,0.0,0.011,582963.137037
1661578,IT,DK,BEVER,MEDIC,0.67,157383.417,4,4,157383.407,0.0,0.0,0.0,0.01,234900.622388
1754836,IT,KR,BEVER,FISHF,0.67,157379.625,4,4,157379.615,0.0,0.0,0.0,0.01,234894.962687
1687124,IT,HU,TRANS,RAILW,0.94,157374.133,4,4,157374.124,0.0,0.0,0.0,0.009,167419.290426
1673418,IT,FR,WEARI,NUCLE,1.19,157369.323,4,4,157369.293,0.0,0.0,0.0,0.03,132243.128571
1757087,IT,KR,BUSIN,INSUR,1.62,157367.835,4,4,157367.824,0.0,0.0,0.0,0.011,97140.638889
1682338,IT,HR,WOODW,RUBBE,0.44,157364.252,5,5,157363.241,0.0,1.0,0.0,0.011,357646.027273
1656756,IT,DE,KEROS,HEAVY,0.23,157355.389,4,4,157355.376,0.0,0.0,0.0,0.013,684153.865217
1811181,IT,WM,NAPHT,ELEC1,0.27,157347.616,4,4,157347.605,0.0,0.0,0.0,0.011,582768.948148
1793424,IT,WL,CROPS,EDUCA,1.25,157346.799,4,4,157346.79,0.0,0.0,0.0,0.009,125877.4392
1747541,IT,JP,AIRTR,TOBAC,0.17,157317.687,4,4,157317.682,0.0,0.0,0.0,0.005,925398.158824
1739603,IT,GB,SEACO,COPP1,0.16,157304.529,4,4,157304.526,0.0,0.0,0.0,0.003,983153.30625
1767035,IT,RU,TRANS,PUBLI,0.94,157303.085,4,4,157303.076,0.0,0.0,0.0,0.009,167343.707447
1750289,IT,CN,NONF1,PFERT,0.03,157284.688,3,3,157284.688,0.0,0.0,0.0,0.0,5242822.933333
1811823,IT,WM,RUBBE,WHEAT,0.52,157284.577,4,4,157284.563,0.0,0.0,0.0,0.014,302470.340385
1666838,IT,ES,GLASS,SANDC,0.43,157276.859,5,5,157275.85,0.0,0.0,1.0,0.009,365760.137209
1676266,IT,FR,SALEM,LANDT,1.27,157264.96,4,4,157264.95,0.0,0.0,0.0,0.01,123830.677165
1781936,IT,NO,CHEM1,EDUCA,0.33,157261.937,4,4,157261.92,0.0,0.0,0.0,0.017,476551.324242
1673791,IT,FR,PAPER,PAPE4,0.61,157249.123,5,5,157248.107,0.0,1.0,0.0,0.016,257785.447541
1728492,IT,SE,WOODW,WEARI,0.44,157244.859,5,5,157243.848,0.0,1.0,0.0,0.011,357374.679545
1776320,IT,TR,PAPER,ELECT,0.61,157236.168,5,5,157235.152,0.0,1.0,0.0,0.016,257764.209836
1650346,IT,BG,ELEC2,NONME,0.04,157226.328,4,4,157226.312,0.0,0.0,0.0,0.016,3930658.2
1807386,IT,WF,FINAN,WHOLE,2.05,157218.536,4,4,157218.531,0.0,0.0,0.0,0.005,76691.96878
1809568,IT,WM,VEGE1,GASDI,0.48,157215.046,5,5,157214.012,0.0,1.0,0.0,0.034,327531.345833
1646899,IT,BE,WHOLE,PLAST,1.36,157214.036,4,4,157214.027,0.0,0.0,0.0,0.009,115598.555882
1773212,IT,CH,FABRI,NONME,0.64,157212.864,4,4,157212.853,0.0,0.0,0.0,0.011,245645.1
1790538,IT,WA,NONF1,TEXTI,0.03,157202.573,3,3,157202.573,0.0,0.0,0.0,0.0,5240085.766667
1755984,IT,KR,ALUM1,TRANS,0.27,157202.138,4,4,157202.125,0.0,0.0,0.0,0.013,582230.140741
1813292,IT,WM,TRANS,RETA1,0.94,157196.876,4,4,157196.867,0.0,0.0,0.0,0.009,167230.719149
1744927,IT,US,BUSIN,ELECT,1.61,157188.984,4,4,157188.973,0.0,0.0,0.0,0.011,97632.909317
1663907,IT,EE,LEATH,OFFIC,1.13,157174.058,5,5,157173.031,0.0,1.0,0.0,0.027,139092.086726
1658968,IT,DE,ELEC1,PLAST,0.02,157154.85,4,4,157154.84,0.0,0.0,0.0,0.01,7857742.5
1647446,IT,BE,AIRTR,FINAN,0.17,157148.262,4,4,157148.257,0.0,0.0,0.0,0.005,924401.541176
1657394,IT,DE,RUBBE,MEAT4,0.52,157134.101,4,4,157134.087,0.0,0.0,0.0,0.014,302180.963462
1655651,IT,DE,CHEMI,DAIRY,0.37,157112.997,6,6,157103.982,0.0,1.0,8.0,0.015,424629.721622
1676500,IT,FR,RETA1,REALE,1.64,157111.107,4,4,157111.097,0.0,0.0,0.0,0.01,95799.455488
1676842,IT,FR,LANDT,AIRTR,1.01,157109.938,4,4,157109.931,0.0,0.0,0.0,0.007,155554.394059
1738658,IT,GB,MACHI,FISH5,0.88,157107.481,4,4,157107.468,0.0,0.0,0.0,0.013,178531.228409
1767497,IT,RU,SEACO,COPP1,0.16,157106.549,4,4,157106.546,0.0,0.0,0.0,0.003,981915.93125
1771784,IT,CH,LEATH,COMPU,1.13,157093.904,5,5,157092.877,0.0,1.0,0.0,0.027,139021.153982
1672843,IT,FR,VEGE1,PIGS9,0.48,157089.985,5,5,157088.951,0.0,1.0,0.0,0.034,327270.802083
1680905,IT,GR,LANDT,CONST,1.01,157073.361,4,4,157073.354,0.0,0.0,0.0,0.007,155518.179208
1672420,IT,FI,BUSIN,AIRTR,1.61,157073.185,4,4,157073.174,0.0,0.0,0.0,0.011,97560.984472
1646937,IT,BE,WHOLE,WHOLE,1.36,157051.736,4,4,157051.727,0.0,0.0,0.0,0.009,115479.217647
1728953,IT,SE,CHEM1,POSTT,0.33,157040.255,4,4,157040.238,0.0,0.0,0.0,0.017,475879.560606
1752157,IT,CN,BUSIN,RESEA,1.61,157021.914,4,4,157021.903,0.0,0.0,0.0,0.011,97529.13913
1669696,IT,ES,COMPU,WHOLE,1.79,157011.416,4,4,157011.406,0.0,0.0,0.0,0.01,87715.87486
1764438,IT,MX,FURNI,RUBBE,0.5,156989.408,4,4,156989.395,0.0,0.0,0.0,0.013,313978.816
1666179,IT,ES,GASDI,RECRE,0.23,156966.694,4,4,156966.681,0.0,0.0,0.0,0.013,682463.886957
1663565,IT,DK,COMPU,BUSIN,1.79,156962.707,4,4,156962.697,0.0,0.0,0.0,0.01,87688.663128
1666558,IT,ES,CHEM1,PRINT,0.33,156940.341,4,4,156940.324,0.0,0.0,0.0,0.017,475576.790909
1739533,IT,GB,LANDT,SEWAG,1.01,156935.287,4,4,156935.28,0.0,0.0,0.0,0.007,155381.472277
1724919,IT,PT,BUSIN,AIRTR,1.61,156896.369,4,4,156896.358,0.0,0.0,0.0,0.011,97451.16087
1711011,IT,LU,CEMEN,RETA1,0.25,156883.759,5,5,156882.752,0.0,0.0,1.0,0.007,627535.036
1757818,IT,BR,PFERT,NFERT,0.07,156881.168,4,4,156881.143,0.0,0.0,0.0,0.025,2241159.542857
1671065,IT,FI,RUBBE,TRANS,0.52,156875.58,4,4,156875.566,0.0,0.0,0.0,0.014,301683.807692
1729066,IT,SE,RUBBE,TRANS,0.52,156875.194,4,4,156875.18,0.0,0.0,0.0,0.014,301683.065385
1810201,IT,WM,LEATH,VEGET,1.12,156866.616,5,5,156865.589,0.0,1.0,0.0,0.027,140059.478571
1801235,IT,WE,FABRI,RETAI,0.64,156860.464,4,4,156860.453,0.0,0.0,0.0,0.011,245094.475
1653362,IT,CZ,GLASS,WHOLE,0.43,156858.905,5,5,156857.896,0.0,0.0,1.0,0.009,364788.151163
1757907,IT,BR,CHEM1,TRANS,0.33,156849.388,4,4,156849.371,0.0,0.0,0.0,0.017,475301.175758
1713027,IT,MT,MEATP,BUSIN,0.64,156817.053,5,5,156816.036,0.0,1.0,0.0,0.017,245026.645312
1743207,IT,US,TRANS,MEDIC,0.94,156814.349,4,4,156814.34,0.0,0.0,0.0,0.009,166823.775532
1761936,IT,IN,FURNI,FABRI,0.5,156810.613,4,4,156810.6,0.0,0.0,0.0,0.013,313621.226
1741778,IT,US,NONSP,SEACO,0.21,156810.105,4,4,156810.097,0.0,0.0,0.0,0.008,746714.785714
1730261,IT,SE,SEACO,PLAST,0.16,156796.764,4,4,156796.761,0.0,0.0,0.0,0.003,979979.775
1746493,IT,JP,CERAM,ELECT,0.24,156792.468,5,5,156791.46,0.0,0.0,1.0,0.008,653301.95
1757728,IT,BR,NAPHT,FABRI,0.27,156790.101,4,4,156790.09,0.0,0.0,0.0,0.011,580704.077778
1642251,IT,AT,NONME,CERAM,0.32,156789.47,4,4,156789.453,0.0,0.0,0.0,0.017,489967.09375
1689578,IT,IE,AIRTR,NONME,0.17,156787.086,4,4,156787.081,0.0,0.0,0.0,0.005,922276.976471
1801842,IT,WE,ELEC8,PAPER,2.08,156778.526,4,4,156778.517,0.0,0.0,0.0,0.009,75374.291346
1733160,IT,SI,FABRI,RESEA,0.64,156769.671,4,4,156769.66,0.0,0.0,0.0,0.011,244952.610938
1805485,IT,WF,GLASS,RECRE,0.43,156768.781,5,5,156767.772,0.0,0.0,1.0,0.009,364578.560465
1788511,IT,WA,PAPER,MEATA,0.61,156730.247,5,5,156729.232,0.0,1.0,0.0,0.015,256934.831148
1781415,IT,NO,FOOD5,BEVER,0.75,156724.45,5,5,156723.436,0.0,1.0,0.0,0.014,208965.933333
1718803,IT,PL,PAPER,CHEM1,0.61,156713.729,5,5,156712.714,0.0,1.0,0.0,0.015,256907.752459
1719630,IT,PL,CERAM,REALE,0.24,156702.689,5,5,156701.681,0.0,0.0,1.0,0.008,652927.870833
1647548,IT,BE,SUPPO,AUXIL,1.13,156701.517,4,4,156701.509,0.0,0.0,0.0,0.008,138673.90885
1764306,IT,MX,MACHI,MEMBE,0.87,156681.973,4,4,156681.96,0.0,0.0,0.0,0.013,180094.221839
1786318,IT,ZA,FABRI,PUBLI,0.64,156671.02,4,4,156671.009,0.0,0.0,0.0,0.011,244798.46875
1657729,IT,DE,CEMEN,FURNI,0.25,156668.579,5,5,156667.572,0.0,0.0,1.0,0.007,626674.316
1738399,IT,GB,PREC1,RENTI,0.27,156662.938,4,4,156662.931,0.0,0.0,0.0,0.007,580233.103704
1668040,IT,ES,FURNI,MOTO1,0.5,156661.103,4,4,156661.09,0.0,0.0,0.0,0.013,313322.206
1682811,IT,HR,HEAVY,FURNI,0.25,156653.579,4,4,156653.566,0.0,0.0,0.0,0.013,626614.316
1767314,IT,RU,HOTEL,POSTT,1.14,156650.064,4,4,156650.052,0.0,0.0,0.0,0.012,137412.336842
1803158,IT,WF,VEGET,BUSIN,0.55,156643.085,5,5,156642.079,0.0,1.0,0.0,0.006,284805.609091
1805613,IT,WF,NONME,NATU1,0.32,156624.024,4,4,156624.007,0.0,0.0,0.0,0.017,489450.075
1720341,IT,PL,FABRI,SUPPO,0.64,156612.312,4,4,156612.301,0.0,0.0,0.0,0.011,244706.7375
1758536,IT,BR,MACHI,POSTT,0.87,156571.009,4,4,156570.996,0.0,0.0,0.0,0.013,179966.677011
1659834,IT,DE,LANDT,ELECT,1.01,156560.713,4,4,156560.706,0.0,0.0,0.0,0.007,155010.606931
1681701,IT,HR,FISHF,VEGET,0.27,156558.311,4,4,156558.305,0.0,0.0,0.0,0.006,579845.596296
1763292,IT,MX,PAPER,CHEM1,0.61,156543.781,5,5,156542.766,0.0,1.0,0.0,0.015,256629.14918
1657281,IT,DE,CHEM1,SEACO,0.33,156527.726,4,4,156527.709,0.0,0.0,0.0,0.017,474326.442424
1667056,IT,ES,NONME,RUBBE,0.32,156513.44,4,4,156513.423,0.0,0.0,0.0,0.017,489104.5
1743226,IT,US,TRANS,LANDT,0.93,156485.502,4,4,156485.494,0.0,0.0,0.0,0.008,168263.980645
1725826,IT,RO,MOTOR,LANDT,0.23,156480.953,4,4,156480.94,0.0,0.0,0.0,0.013,680351.969565
1750423,IT,CN,FABRI,EDUCA,0.64,156471.923,4,4,156471.912,0.0,0.0,0.0,0.011,244487.379688
1796342,IT,WL,RETAI,CHEM1,1.23,156443.757,4,4,156443.747,0.0,0.0,0.0,0.01,127190.046341
1790939,IT,WA,OFFIC,REALE,0.48,156432.965,4,4,156432.954,0.0,0.0,0.0,0.011,325902.010417
1747305,IT,JP,WHOLE,RETA1,1.35,156395.702,4,4,156395.693,0.0,0.0,0.0,0.009,115848.668148
1790142,IT,WA,BASIC,TRAN1,0.18,156395.407,4,4,156395.397,0.0,0.0,0.0,0.01,868863.372222
1673038,IT,FR,FOOD5,SUGA1,0.75,156390.218,5,5,156389.204,0.0,1.0,0.0,0.014,208520.290667
1689031,IT,IE,OFFIC,MOTO1,0.48,156387.993,4,4,156387.982,0.0,0.0,0.0,0.011,325808.31875
1785707,IT,ZA,NAPHT,CHARC,0.27,156387.183,4,4,156387.172,0.0,0.0,0.0,0.011,579211.788889
1677078,IT,FR,SUPPO,FURNI,1.12,156381.118,4,4,156381.11,0.0,0.0,0.0,0.008,139625.998214
1676722,IT,FR,RAILW,EDUCA,1.05,156368.41,5,5,156367.403,0.0,0.0,1.0,0.007,148922.295238
1652631,IT,CZ,WOODW,BASIC,0.44,156357.952,5,5,156356.941,0.0,1.0,0.0,0.011,355358.981818
1807063,IT,WF,SEACO,POULT,0.16,156355.421,4,4,156355.418,0.0,0.0,0.0,0.003,977221.38125
1741590,IT,US,GASDI,SALEM,0.23,156345.799,4,4,156345.786,0.0,0.0,0.0,0.013,679764.343478
1761607,IT,IN,FABRI,PADDY,0.64,156325.233,4,4,156325.222,0.0,0.0,0.0,0.011,244258.176562
1641600,IT,AT,NAPHT,NAPHT,0.27,156318.66,4,4,156318.649,0.0,0.0,0.0,0.011,578958.0
1736432,IT,SK,LANDT,DISTR,1.01,156290.311,4,4,156290.304,0.0,0.0,0.0,0.007,154742.882178
1794272,IT,WL,MOTOR,BEVER,0.23,156287.642,4,4,156287.629,0.0,0.0,0.0,0.013,679511.486957
1675201,IT,FR,FABRI,SUGAR,0.64,156284.601,4,4,156284.59,0.0,0.0,0.0,0.011,244194.689062
1649532,IT,BG,RUBBE,PFERT,0.52,156277.03,4,4,156277.016,0.0,0.0,0.0,0.014,300532.75
1764816,IT,MX,SEACO,TEXTI,0.16,156272.229,4,4,156272.226,0.0,0.0,0.0,0.003,976701.43125
1656417,IT,DE,WOODW,HEALT,0.44,156255.928,5,5,156254.917,0.0,1.0,0.0,0.011,355127.109091
1666600,IT,ES,CHEM1,MOTO1,0.33,156246.858,4,4,156246.841,0.0,0.0,0.0,0.017,473475.327273
1811843,IT,WM,RUBBE,LEADZ,0.52,156244.235,4,4,156244.221,0.0,0.0,0.0,0.014,300469.682692
1793821,IT,WL,TEXTI,LEATH,0.93,156236.306,4,4,156236.285,0.0,0.0,0.0,0.021,167996.027957
1655608,IT,DE,SANDC,ELEC7,0.36,156215.847,5,5,156181.841,0.0,0.0,34.0,0.006,433932.908333
1786841,IT,ZA,HOTEL,HEALT,1.13,156167.657,4,4,156167.645,0.0,0.0,0.0,0.012,138201.466372
1801650,IT,WE,FURNI,PRINT,0.5,156159.023,4,4,156159.01,0.0,0.0,0.0,0.013,312318.046
1735306,IT,SK,GLASS,RENTI,0.43,156158.722,5,5,156157.713,0.0,0.0,1.0,0.009,363159.818605
1777900,IT,TR,MACHI,STONE,0.87,156155.634,4,4,156155.621,0.0,0.0,0.0,0.013,179489.234483
1681123,IT,GR,SUPPO,AUXIL,1.12,156149.199,4,4,156149.191,0.0,0.0,0.0,0.008,139418.927679
1798794,IT,WE,FOOD5,CHEM1,0.75,156136.687,5,5,156135.673,0.0,1.0,0.0,0.014,208182.249333
1798948,IT,WE,FISH5,REALE,0.66,156104.14,4,4,156104.06,0.0,0.0,0.0,0.08,236521.424242
1790645,IT,WA,FABRI,LIQUE,0.64,156098.599,4,4,156098.588,0.0,0.0,0.0,0.011,243904.060937
1666645,IT,ES,CHEM1,WASTE,0.33,156077.394,4,4,156077.377,0.0,0.0,0.0,0.017,472961.8
1776133,IT,TR,LEATH,RUBBE,1.12,156074.0,5,5,156072.973,0.0,1.0,0.0,0.027,139351.785714
1737462,IT,GB,LEATH,FABRI,1.12,156057.354,5,5,156056.327,0.0,1.0,0.0,0.027,139336.923214
1739563,IT,GB,TRAN2,TRAN2,0.24,156052.752,4,4,156052.748,0.0,0.0,0.0,0.004,650219.8
1719407,IT,PL,RUBBE,CERAM,0.52,156044.605,4,4,156044.591,0.0,0.0,0.0,0.014,300085.778846
1733748,IT,SI,LANDT,TEXTI,1.01,156042.423,4,4,156042.416,0.0,0.0,0.0,0.007,154497.448515
1680174,IT,GR,MOTO1,LANDT,0.83,156030.789,4,4,156030.779,0.0,0.0,0.0,0.01,187988.90241
1798551,IT,WE,CHEMI,CRUDE,0.37,156028.466,6,6,156019.451,0.0,1.0,8.0,0.015,421698.556757
1652474,IT,CZ,WEARI,TEXTI,1.18,156026.104,4,4,156026.074,0.0,0.0,0.0,0.03,132225.511864
1711003,IT,LU,CERAM,BUSIN,0.24,156024.729,5,5,156023.721,0.0,0.0,1.0,0.008,650103.0375
1643445,IT,AT,LANDT,NONF1,1.01,156011.697,4,4,156011.69,0.0,0.0,0.0,0.007,154467.026733
1780928,IT,TW,RESEA,PUBLI,0.85,156002.821,4,4,156002.81,0.0,0.0,0.0,0.011,183532.730588
1644657,IT,BE,BEVER,RAWMI,0.66,155993.229,4,4,155993.219,0.0,0.0,0.0,0.01,236353.377273
1799291,IT,WE,LEATH,SUPPO,1.12,155983.515,5,5,155982.488,0.0,1.0,0.0,0.027,139270.995536
1761127,IT,IN,CHEM1,HEAVY,0.33,155978.782,4,4,155978.765,0.0,0.0,0.0,0.017,472662.975758
1689588,IT,IE,AIRTR,TRANS,0.17,155963.436,4,4,155963.431,0.0,0.0,0.0,0.005,917431.976471
1645044,IT,BE,PAPER,TEXTI,0.6,155947.075,5,5,155946.06,0.0,1.0,0.0,0.015,259911.791667
1672690,IT,FR,SANDC,CROPS,0.36,155946.7,5,5,155912.694,0.0,0.0,34.0,0.006,433185.277778
1755174,IT,KR,LEATH,RENTI,1.12,155944.67,5,5,155943.643,0.0,1.0,0.0,0.027,139236.3125
1653004,IT,CZ,PLAST,LEATH,0.33,155943.357,4,4,155943.341,0.0,0.0,0.0,0.016,472555.627273
1680045,IT,GR,MACHI,ALUM1,0.87,155931.544,4,4,155931.531,0.0,0.0,0.0,0.013,179231.65977
1760945,IT,IN,HEAVY,FABRI,0.25,155930.728,4,4,155930.715,0.0,0.0,0.0,0.013,623722.912
1673062,IT,FR,FOOD5,RUBBE,0.75,155928.909,5,5,155927.895,0.0,1.0,0.0,0.014,207905.212
1765907,IT,RU,PLAST,PREC1,0.33,155901.776,4,4,155901.76,0.0,0.0,0.0,0.016,472429.624242
1670386,IT,FI,PROCE,FOOD5,1.05,155893.347,5,5,155892.337,0.0,1.0,0.0,0.01,148469.854286
1750770,IT,CN,TRANS,SUPPO,0.93,155885.166,4,4,155885.158,0.0,0.0,0.0,0.008,167618.458065
1676265,IT,FR,SALEM,SALEM,1.26,155884.204,4,4,155884.194,0.0,0.0,0.0,0.01,123717.622222
1650264,IT,BG,ELEC1,PULP5,0.02,155878.691,4,4,155878.681,0.0,0.0,0.0,0.01,7793934.55
1757993,IT,BR,RUBBE,LEATH,0.52,155877.43,4,4,155877.416,0.0,0.0,0.0,0.014,299764.288462
1805944,IT,WF,LEAD1,FINAN,0.27,155874.755,5,5,155873.742,0.0,0.0,1.0,0.013,577313.907407
1714239,IT,MT,REALE,POSTT,6.59,155874.14,4,4,155874.13,0.0,0.0,0.0,0.01,23653.132018
1735633,IT,SK,COPP1,CONST,0.39,155870.142,5,5,155869.134,0.0,0.0,1.0,0.008,399667.030769
1780859,IT,TW,COMPU,BUSIN,1.78,155870.136,4,4,155870.126,0.0,0.0,0.0,0.01,87567.492135
1750529,IT,CN,MACHI,DIST1,0.87,155869.674,4,4,155869.661,0.0,0.0,0.0,0.013,179160.544828
1773631,IT,CH,TRANS,RENTI,0.93,155862.467,4,4,155862.459,0.0,0.0,0.0,0.008,167594.050538
1762265,IT,IN,AIRTR,CEMEN,0.17,155852.045,4,4,155852.04,0.0,0.0,0.0,0.005,916776.735294
1767106,IT,RU,FURNI,WHOLE,0.5,155851.788,4,4,155851.775,0.0,0.0,0.0,0.013,311703.576
1739711,IT,GB,SUPPO,TRANS,1.12,155840.231,4,4,155840.223,0.0,0.0,0.0,0.008,139143.063393
1724344,IT,PT,SEACO,TEXTI,0.16,155816.322,4,4,155816.319,0.0,0.0,0.0,0.003,973852.0125
1746762,IT,JP,MACHI,FORES,0.87,155808.504,4,4,155808.491,0.0,0.0,0.0,0.013,179090.234483
1642029,IT,AT,RUBBE,PUBLI,0.52,155796.769,4,4,155796.755,0.0,0.0,0.0,0.014,299609.171154
1797183,IT,WL,POSTT,BUSIN,2.57,155794.153,4,4,155794.141,0.0,0.0,0.0,0.012,60620.292996
1760260,IT,IN,VEGET,VEGET,0.55,155783.054,5,5,155782.048,0.0,1.0,0.0,0.006,283241.916364
1804421,IT,WF,KEROS,93197,0.23,155777.56,4,4,155777.547,0.0,0.0,0.0,0.013,677293.73913
1746847,IT,JP,MACHI,FINAN,0.87,155759.19,4,4,155759.177,0.0,0.0,0.0,0.013,179033.551724
1746975,IT,JP,MOTO1,REALE,0.83,155751.009,4,4,155750.999,0.0,0.0,0.0,0.01,187651.818072
1759650,IT,BR,RESEA,OFFIC,0.84,155745.699,4,4,155745.688,0.0,0.0,0.0,0.011,185411.546429
1801104,IT,WE,NONF1,CROPS,0.03,155745.496,3,3,155745.496,0.0,0.0,0.0,0.0,5191516.533333
1757639,IT,BR,HEAVY,CRUDE,0.25,155745.098,4,4,155745.085,0.0,0.0,0.0,0.013,622980.392
1667663,IT,ES,MACHI,PREC1,0.87,155744.71,4,4,155744.697,0.0,0.0,0.0,0.013,179016.908046
1689256,IT,IE,WHOLE,CEMEN,1.35,155739.425,4,4,155739.416,0.0,0.0,0.0,0.009,115362.537037
1798838,IT,WE,FOOD5,POSTT,0.75,155708.429,5,5,155707.415,0.0,1.0,0.0,0.014,207611.238667
1742697,IT,US,NONF1,COMPU,0.03,155707.643,3,3,155707.643,0.0,0.0,0.0,0.0,5190254.766667
1681113,IT,GR,SUPPO,WHOLE,1.12,155690.793,4,4,155690.785,0.0,0.0,0.0,0.008,139009.636607
1685810,IT,HU,PLAST,RESEA,0.33,155682.501,4,4,155682.485,0.0,0.0,0.0,0.016,471765.154545
1768995,IT,AU,PAPER,COMPU,0.6,155680.679,5,5,155679.664,0.0,1.0,0.0,0.015,259467.798333
1775242,IT,CH,BUSIN,RAWMI,1.6,155671.526,4,4,155671.515,0.0,0.0,0.0,0.011,97294.70375
1645353,IT,BE,GASDI,RESEA,0.23,155670.195,4,4,155670.182,0.0,0.0,0.0,0.013,676826.934783
1799118,IT,WE,WEARI,BEVER,1.17,155665.753,4,4,155665.723,0.0,0.0,0.0,0.03,133047.652137
1672815,IT,FR,MEAT4,MEATC,0.86,155664.171,5,5,155663.16,0.0,1.0,0.0,0.011,181004.85
1813283,IT,WM,TRANS,ELEC2,0.93,155660.88,4,4,155660.872,0.0,0.0,0.0,0.008,167377.290323
1769387,IT,AU,CERAM,RADIO,0.24,155660.857,5,5,155659.849,0.0,0.0,1.0,0.008,648586.904167
1658525,IT,DE,MACHI,PIGS9,0.87,155659.552,4,4,155659.539,0.0,0.0,0.0,0.013,178919.025287
1731671,IT,SI,WOODW,NONME,0.44,155649.404,5,5,155648.393,0.0,1.0,0.0,0.011,353748.645455
1770112,IT,AU,WHOLE,CONST,1.34,155628.395,4,4,155628.386,0.0,0.0,0.0,0.009,116140.593284
1775870,IT,TR,DAIRY,HOTEL,0.63,155625.799,5,5,155624.788,0.0,1.0,0.0,0.011,247025.077778
1666610,IT,ES,CHEM1,ELEC8,0.33,155623.571,4,4,155623.554,0.0,0.0,0.0,0.017,471586.578788
1675838,IT,FR,ELEC1,MACHI,0.02,155608.945,4,4,155608.935,0.0,0.0,0.0,0.01,7780447.25
1664958,IT,ES,SANDC,CERAM,0.36,155566.632,5,5,155532.626,0.0,0.0,34.0,0.006,432129.533333
1723360,IT,PT,BASIC,VEGET,0.18,155550.014,4,4,155550.004,0.0,0.0,0.0,0.01,864166.744444
1761427,IT,IN,BASIC,PREC1,0.18,155543.391,4,4,155543.381,0.0,0.0,0.0,0.01,864129.95
1680330,IT,GR,ELEC1,MOTOR,0.02,155538.822,4,4,155538.812,0.0,0.0,0.0,0.01,7776941.1
1675367,IT,FR,MACHI,GASDI,0.87,155536.218,4,4,155536.205,0.0,0.0,0.0,0.013,178777.262069
1668492,IT,ES,HOTEL,BEVER,1.13,155533.168,4,4,155533.156,0.0,0.0,0.0,0.012,137639.971681
1787637,IT,WA,MEAT4,CHARC,0.86,155515.962,5,5,155514.951,0.0,1.0,0.0,0.011,180832.513953
1676193,IT,FR,CONST,ELEC3,0.87,155494.353,5,5,155493.345,0.0,0.0,1.0,0.008,178729.141379
1760960,IT,IN,HEAVY,SEACO,0.25,155493.641,4,4,155493.629,0.0,0.0,0.0,0.012,621974.564
1753333,IT,CA,BASIC,SALEM,0.18,155483.67,4,4,155483.66,0.0,0.0,0.0,0.01,863798.166667
1810370,IT,WM,WOODW,LANDT,0.44,155473.318,5,5,155472.308,0.0,1.0,0.0,0.01,353348.45
1724630,IT,PT,FINAN,FINAN,2.02,155458.333,4,4,155458.329,0.0,0.0,0.0,0.004,76959.570792
1731741,IT,SI,PULP5,WHOLE,0.47,155457.0,5,5,155455.985,0.0,1.0,0.0,0.015,330759.574468
1766857,IT,RU,MACHI,PAPE4,0.87,155451.45,4,4,155451.437,0.0,0.0,0.0,0.013,178679.827586
1737141,IT,GB,VEGE1,VEGE1,0.48,155444.291,5,5,155443.257,0.0,1.0,0.0,0.034,323842.272917
1718159,IT,PL,DAIRY,PIGS9,0.63,155443.677,5,5,155442.666,0.0,1.0,0.0,0.011,246735.995238
1652701,IT,CZ,PAPER,TEXTI,0.6,155431.595,5,5,155430.58,0.0,1.0,0.0,0.015,259052.658333
1755416,IT,KR,HEAVY,MOTOR,0.25,155426.055,4,4,155426.043,0.0,0.0,0.0,0.012,621704.22
1737540,IT,GB,WOODW,REALE,0.43,155421.646,5,5,155420.636,0.0,1.0,0.0,0.01,361445.688372
1755770,IT,KR,GLASS,BUSIN,0.43,155420.915,5,5,155419.906,0.0,0.0,1.0,0.009,361443.988372
1679840,IT,GR,ALUM1,RADIO,0.27,155420.213,4,4,155420.201,0.0,0.0,0.0,0.012,575630.418519
1749321,IT,CN,PRINT,PRINT,1.49,155410.024,4,4,155410.012,0.0,0.0,0.0,0.012,104302.02953
1682821,IT,HR,HEAVY,LANDT,0.25,155383.802,4,4,155383.79,0.0,0.0,0.0,0.012,621535.208
1795414,IT,WL,BASIC,DISTR,0.18,155381.596,4,4,155381.586,0.0,0.0,0.0,0.01,863231.088889
1812678,IT,WM,COPP1,RADIO,0.39,155374.915,5,5,155373.907,0.0,0.0,1.0,0.008,398397.217949
1788415,IT,WA,WOODW,PRIVA,0.43,155373.077,5,5,155372.067,0.0,1.0,0.0,0.01,361332.737209
1785504,IT,ZA,MOTOR,NFERT,0.23,155367.689,4,4,155367.676,0.0,0.0,0.0,0.013,675511.691304
1683200,IT,HR,GLASS,HOTEL,0.43,155359.262,5,5,155358.253,0.0,0.0,1.0,0.009,361300.609302
1784552,IT,ID,MACHI,CROPS,0.87,155358.556,4,4,155358.543,0.0,0.0,0.0,0.013,178573.052874
1758909,IT,BR,HOTEL,COMPU,1.13,155346.085,4,4,155346.073,0.0,0.0,0.0,0.012,137474.411504
1662218,IT,DK,GLASS,RUBBE,0.43,155338.704,5,5,155337.695,0.0,0.0,1.0,0.009,361252.8
1679987,IT,GR,FABRI,SUPPO,0.63,155327.057,4,4,155327.046,0.0,0.0,0.0,0.011,246550.884127
1676523,IT,FR,HOTEL,WHEAT,1.13,155307.428,4,4,155307.416,0.0,0.0,0.0,0.012,137440.20177
1655900,IT,DE,DAIRY,RESEA,0.63,155304.581,5,5,155303.57,0.0,1.0,0.0,0.011,246515.207937
1655181,IT,CZ,BUSIN,RETA1,1.59,155289.172,4,4,155289.161,0.0,0.0,0.0,0.011,97666.145912
1786159,IT,ZA,BASIC,AIRTR,0.18,155282.484,4,4,155282.474,0.0,0.0,0.0,0.01,862680.466667
1642884,IT,AT,MOTO1,RENTI,0.83,155269.352,4,4,155269.342,0.0,0.0,0.0,0.01,187071.508434
1772984,IT,CH,PREC1,COMPU,0.26,155243.168,4,4,155243.161,0.0,0.0,0.0,0.007,597089.107692
1713610,IT,MT,BASIC,INLAN,0.18,155223.455,4,4,155223.445,0.0,0.0,0.0,0.01,862352.527778
1736115,IT,SK,CONST,OFFIC,0.87,155207.024,5,5,155206.016,0.0,0.0,1.0,0.008,178398.878161
1676051,IT,FR,ELEC6,PUBLI,0.02,155205.275,4,4,155205.25,0.0,0.0,0.0,0.025,7760263.75
1742154,IT,US,RUBBE,93197,0.51,155195.316,4,4,155195.302,0.0,0.0,0.0,0.014,304304.541176
1723785,IT,PT,OFFIC,FABRI,0.48,155189.252,4,4,155189.241,0.0,0.0,0.0,0.011,323310.941667
1809055,IT,WM,VEGET,MEMBE,0.55,155180.549,5,5,155179.543,0.0,1.0,0.0,0.006,282146.452727
1665575,IT,ES,LEATH,HOTEL,1.11,155175.364,5,5,155174.337,0.0,1.0,0.0,0.027,139797.625225
1755312,IT,KR,PAPER,COMPU,0.6,155148.973,5,5,155147.958,0.0,1.0,0.0,0.015,258581.621667
1776506,IT,TR,MOTOR,RENTI,0.23,155147.893,4,4,155147.88,0.0,0.0,0.0,0.013,674556.056522
1799515,IT,WE,PAPER,EDUCA,0.6,155145.276,5,5,155144.261,0.0,1.0,0.0,0.015,258575.46
1725773,IT,RO,PRINT,OFFIC,1.49,155145.144,4,4,155145.132,0.0,0.0,0.0,0.012,104124.257718
1732509,IT,SI,RUBBE,BEVER,0.51,155144.879,4,4,155144.865,0.0,0.0,0.0,0.014,304205.645098
1722727,IT,PT,WOODW,WHOLE,0.43,155134.686,5,5,155133.676,0.0,1.0,0.0,0.01,360778.339535
1644087,IT,AT,BUSIN,REALE,1.59,155128.208,4,4,155128.197,0.0,0.0,0.0,0.011,97564.910692
1738934,IT,GB,FURNI,COMPU,0.5,155086.952,4,4,155086.939,0.0,0.0,0.0,0.013,310173.904
1688854,IT,IE,BASIC,TRANS,0.18,155085.045,4,4,155085.035,0.0,0.0,0.0,0.01,861583.583333
1803471,IT,WF,MEAT4,FOOD5,0.85,155079.856,5,5,155078.845,0.0,1.0,0.0,0.011,182446.889412
1725086,IT,RO,WOOLS,RAWMI,0.61,155064.048,4,4,155064.036,0.0,0.0,0.0,0.012,254203.357377
1791217,IT,WA,FURNI,FOUND,0.49,155052.172,4,4,155052.159,0.0,0.0,0.0,0.013,316433.004082
1662280,IT,DK,BRICK,CONST,0.23,155015.526,5,5,155014.516,0.0,0.0,1.0,0.01,673980.547826
1658980,IT,DE,ELEC1,CONST,0.02,155008.348,4,4,155008.338,0.0,0.0,0.0,0.01,7750417.4
1809212,IT,WM,ANIMA,EDUCA,0.61,155005.144,4,4,155005.136,0.0,0.0,0.0,0.008,254106.793443
1647209,IT,BE,LANDT,FOOD5,1.0,155001.187,4,4,155001.18,0.0,0.0,0.0,0.007,155001.187
1769298,IT,AU,RUBBE,SUPPO,0.51,155000.996,4,4,155000.982,0.0,0.0,0.0,0.014,303923.521569
1663646,IT,DK,BUSIN,HOTEL,1.59,154936.361,4,4,154936.35,0.0,0.0,0.0,0.011,97444.252201
1718809,IT,PL,PAPER,BRICK,0.6,154921.505,5,5,154920.49,0.0,1.0,0.0,0.015,258202.508333
1771577,IT,CH,TEXTI,DIST1,0.92,154912.799,4,4,154912.778,0.0,0.0,0.0,0.021,168383.477174
1782199,IT,NO,BASIC,GLASS,0.18,154907.521,4,4,154907.511,0.0,0.0,0.0,0.01,860597.338889
1672421,IT,FI,BUSIN,SUPPO,1.59,154892.233,4,4,154892.222,0.0,0.0,0.0,0.011,97416.498742
1731830,IT,SI,PAPER,RESEA,0.6,154890.357,5,5,154889.342,0.0,1.0,0.0,0.015,258150.595
1750626,IT,CN,OFFIC,REALE,0.48,154854.943,4,4,154854.932,0.0,0.0,0.0,0.011,322614.464583
1711748,IT,LU,BUSIN,BUSIN,1.59,154851.391,4,4,154851.38,0.0,0.0,0.0,0.011,97390.81195
1643243,IT,AT,HOTEL,TRANS,1.12,154851.107,4,4,154851.095,0.0,0.0,0.0,0.012,138259.916964
1688859,IT,IE,BASIC,RENTI,0.18,154848.441,4,4,154848.431,0.0,0.0,0.0,0.01,860269.116667
1774383,IT,CH,HOTEL,FOODW,1.12,154828.363,4,4,154828.351,0.0,0.0,0.0,0.012,138239.609821
1644082,IT,AT,BUSIN,SUPPO,1.59,154815.357,4,4,154815.346,0.0,0.0,0.0,0.011,97368.149057
1799421,IT,WE,PAPER,CRUDE,0.6,154801.628,5,5,154800.613,0.0,1.0,0.0,0.015,258002.713333
1774507,IT,CH,LANDT,RETA1,1.0,154781.02,4,4,154781.013,0.0,0.0,0.0,0.007,154781.02
1659440,IT,DE,WHOLE,COLLE,1.34,154775.994,4,4,154775.985,0.0,0.0,0.0,0.009,115504.473134
1720249,IT,PL,FABRI,POULT,0.63,154771.226,4,4,154771.215,0.0,0.0,0.0,0.011,245668.612698
1676522,IT,FR,RETA1,93197,1.62,154760.397,4,4,154760.387,0.0,0.0,0.0,0.01,95531.109259
1657265,IT,DE,CHEM1,TRAN1,0.32,154758.453,4,4,154758.436,0.0,0.0,0.0,0.017,483620.165625
1667216,IT,ES,PREC1,CERAM,0.26,154751.468,4,4,154751.461,0.0,0.0,0.0,0.007,595197.953846
1660990,IT,DE,BUSIN,ELEC8,1.59,154743.792,4,4,154743.781,0.0,0.0,0.0,0.011,97323.139623
1803312,IT,WF,STONE,NICKE,0.5,154724.478,5,5,154715.471,0.0,0.0,9.0,0.007,309448.956
1644744,IT,BE,BEVER,RECRE,0.66,154723.549,4,4,154723.539,0.0,0.0,0.0,0.01,234429.619697
1666716,IT,ES,RUBBE,MEAT1,0.51,154708.708,4,4,154708.694,0.0,0.0,0.0,0.014,303350.407843
1794936,IT,WL,CHEM1,REFI1,0.32,154698.885,4,4,154698.868,0.0,0.0,0.0,0.017,483434.015625
1720036,IT,PL,ALUM1,LEAD1,0.27,154696.656,4,4,154696.644,0.0,0.0,0.0,0.012,572950.577778
1743159,IT,US,MOTO1,INSUR,0.82,154690.434,4,4,154690.424,0.0,0.0,0.0,0.01,188646.870732
1774152,IT,CH,WHOLE,FOODW,1.34,154687.092,4,4,154687.083,0.0,0.0,0.0,0.009,115438.128358
1793693,IT,WL,FOOD5,FISH5,0.74,154673.977,5,5,154672.963,0.0,1.0,0.0,0.014,209018.887838
1763836,IT,MX,NONME,COPPE,0.31,154671.939,4,4,154671.922,0.0,0.0,0.0,0.017,498941.73871
1650317,IT,BG,ELEC2,MEAT4,0.04,154638.558,4,4,154638.542,0.0,0.0,0.0,0.016,3865963.95
1806063,IT,WF,NONF1,NONFE,0.03,154637.675,3,3,154637.675,0.0,0.0,0.0,0.0,5154589.166667
1713855,IT,MT,ELEC2,CONST,0.04,154633.793,4,4,154633.777,0.0,0.0,0.0,0.016,3865844.825
1784462,IT,ID,ALUM1,TRANS,0.27,154632.043,4,4,154632.031,0.0,0.0,0.0,0.012,572711.27037
1658975,IT,DE,ELEC1,MACHI,0.02,154630.092,4,4,154630.082,0.0,0.0,0.0,0.01,7731504.6
1742093,IT,US,RUBBE,CEMEN,0.51,154629.233,4,4,154629.219,0.0,0.0,0.0,0.014,303194.57451
1645441,IT,BE,LIQUE,BUSIN,0.27,154622.865,4,4,154622.853,0.0,0.0,0.0,0.012,572677.277778
1794428,IT,WL,GASDI,CROPS,0.23,154611.198,4,4,154611.185,0.0,0.0,0.0,0.013,672222.6
1643721,IT,AT,SUPPO,MACHI,1.11,154609.513,4,4,154609.505,0.0,0.0,0.0,0.008,139287.84955
1812776,IT,WM,FABRI,CEREA,0.63,154603.379,4,4,154603.368,0.0,0.0,0.0,0.011,245402.188889
1765537,IT,RU,LEATH,PROCE,1.11,154596.197,5,5,154595.17,0.0,1.0,0.0,0.027,139275.853153
1810609,IT,WM,PRINT,RETA1,1.48,154591.213,4,4,154591.201,0.0,0.0,0.0,0.012,104453.522297
1799411,IT,WE,PAPER,MEATA,0.6,154590.966,5,5,154589.951,0.0,1.0,0.0,0.015,257651.61
1666545,IT,ES,CHEM1,VEGE1,0.32,154582.2,4,4,154582.183,0.0,0.0,0.0,0.017,483069.375
1653163,IT,CZ,CHEM1,RETA1,0.32,154578.662,4,4,154578.645,0.0,0.0,0.0,0.017,483058.31875
1687377,IT,HU,HOTEL,RUBBE,1.12,154577.099,4,4,154577.087,0.0,0.0,0.0,0.012,138015.266964
1741383,IT,US,PRINT,RETA1,1.48,154576.512,4,4,154576.5,0.0,0.0,0.0,0.012,104443.589189
1674894,IT,FR,NONME,SEWAG,0.31,154569.918,4,4,154569.901,0.0,0.0,0.0,0.017,498612.63871
1714680,IT,NL,VEGE1,VEGE1,0.48,154471.683,5,5,154470.649,0.0,1.0,0.0,0.034,321816.00625
1789372,IT,WA,CHEM1,NFERT,0.32,154465.664,4,4,154465.647,0.0,0.0,0.0,0.017,482705.2
1669096,IT,ES,SUPPO,REALE,1.11,154440.747,4,4,154440.739,0.0,0.0,0.0,0.008,139135.808108
1716745,IT,NL,RETA1,TEXTI,1.61,154439.185,4,4,154439.175,0.0,0.0,0.0,0.01,95924.959627
1654686,IT,CZ,LANDT,DISTR,1.0,154419.283,4,4,154419.276,0.0,0.0,0.0,0.007,154419.283
1766985,IT,RU,MOTO1,SUPPO,0.82,154414.294,4,4,154414.284,0.0,0.0,0.0,0.01,188310.114634
1643114,IT,AT,WHOLE,COMPU,1.33,154396.044,4,4,154396.035,0.0,0.0,0.0,0.009,116087.251128
1659545,IT,DE,RETA1,PAPE1,1.61,154390.51,4,4,154390.5,0.0,0.0,0.0,0.01,95894.726708
1644458,IT,BE,VEGE1,CHEM1,0.47,154377.813,5,5,154376.779,0.0,1.0,0.0,0.034,328463.431915
1745046,IT,US,PUBLI,BASIC,2.53,154370.579,4,4,154370.568,0.0,0.0,0.0,0.011,61016.03913
1775215,IT,CH,RESEA,SUPPO,0.84,154368.844,4,4,154368.833,0.0,0.0,0.0,0.011,183772.433333
1679786,IT,GR,PREC1,ELECT,0.26,154365.018,4,4,154365.011,0.0,0.0,0.0,0.007,593711.607692
1782919,IT,NO,SEACO,HEALT,0.16,154357.515,4,4,154357.512,0.0,0.0,0.0,0.003,964734.46875
1798620,IT,WE,MEAT1,REALE,0.72,154354.677,5,5,154353.658,0.0,1.0,0.0,0.019,214381.495833
1682308,IT,HR,WOODW,WHEAT,0.43,154348.107,5,5,154347.097,0.0,1.0,0.0,0.01,358949.086047
1800890,IT,WE,PREC1,LEATH,0.26,154329.624,4,4,154329.617,0.0,0.0,0.0,0.007,593575.476923
1781971,IT,NO,RUBBE,NATUR,0.51,154322.277,4,4,154322.263,0.0,0.0,0.0,0.014,302592.7
1809815,IT,WM,FOOD5,ELEC2,0.74,154314.809,5,5,154313.795,0.0,1.0,0.0,0.014,208533.525676
1660240,IT,DE,POSTT,PLAST,2.54,154313.715,4,4,154313.703,0.0,0.0,0.0,0.012,60753.431102
1666223,IT,ES,HEAVY,NONSP,0.25,154283.865,4,4,154283.853,0.0,0.0,0.0,0.012,617135.46
1687976,IT,HU,RENTI,FABRI,0.92,154265.7,4,4,154265.691,0.0,0.0,0.0,0.009,167680.108696
1731564,IT,SI,TEXTI,MOTO1,0.91,154265.548,4,4,154265.528,0.0,0.0,0.0,0.02,169522.58022
1667613,IT,ES,MACHI,SANDC,0.86,154262.127,4,4,154262.114,0.0,0.0,0.0,0.013,179374.566279
1735670,IT,SK,FABRI,FOOD5,0.63,154261.348,4,4,154261.337,0.0,0.0,0.0,0.011,244859.28254
1650261,IT,BG,ELEC1,TEXTI,0.02,154247.521,4,4,154247.511,0.0,0.0,0.0,0.01,7712376.05
1671900,IT,FI,HOTEL,EDUCA,1.12,154208.932,4,4,154208.92,0.0,0.0,0.0,0.012,137686.546429
1781867,IT,NO,CHEM1,NATUR,0.32,154207.585,4,4,154207.568,0.0,0.0,0.0,0.017,481898.703125
1728698,IT,SE,COKEO,PLAS2,0.02,154204.866,3,3,154204.866,0.0,0.0,0.0,0.0,7710243.3
1641525,IT,AT,HEAVY,CERAM,0.25,154200.955,4,4,154200.943,0.0,0.0,0.0,0.012,616803.82
1710129,IT,LT,MACHI,MEATC,0.86,154176.976,4,4,154176.963,0.0,0.0,0.0,0.013,179275.553488
1721302,IT,PL,LANDT,RENTI,0.99,154151.802,4,4,154151.795,0.0,0.0,0.0,0.007,155708.890909
1801120,IT,WE,NONF1,RADIO,0.03,154148.763,3,3,154148.763,0.0,0.0,0.0,0.0,5138292.1
1648462,IT,BG,VEGET,BEVER,0.55,154143.509,5,5,154142.503,0.0,1.0,0.0,0.006,280260.925455
1728669,IT,SE,PRINT,RETA1,1.48,154141.993,4,4,154141.981,0.0,0.0,0.0,0.012,104149.99527
1776892,IT,TR,PLAST,FOOD5,0.32,154141.879,4,4,154141.863,0.0,0.0,0.0,0.016,481693.371875
1719322,IT,PL,CHEM1,INTER,0.32,154129.836,4,4,154129.819,0.0,0.0,0.0,0.017,481655.7375
1665329,IT,ES,FISH5,BEVER,0.65,154126.717,4,4,154126.638,0.0,0.0,0.0,0.079,237118.026154
1679437,IT,GR,CHEM1,MEATP,0.32,154105.569,4,4,154105.552,0.0,0.0,0.0,0.017,481579.903125
1720772,IT,PL,TRANS,LANDT,0.92,154091.267,4,4,154091.259,0.0,0.0,0.0,0.008,167490.507609
1686878,IT,HU,MACHI,WHEAT,0.86,154087.996,4,4,154087.983,0.0,0.0,0.0,0.013,179172.088372
1755313,IT,KR,PAPER,RESEA,0.6,154085.361,5,5,154084.346,0.0,1.0,0.0,0.015,256808.935
1772941,IT,CH,PREC1,GLASS,0.26,154074.382,4,4,154074.375,0.0,0.0,0.0,0.007,592593.776923
1739650,IT,GB,AIRTR,FURNI,0.17,154051.693,4,4,154051.688,0.0,0.0,0.0,0.005,906186.429412
1647419,IT,BE,AIRTR,ALUM1,0.17,154009.653,4,4,154009.648,0.0,0.0,0.0,0.005,905939.135294
1762709,IT,IN,BUSIN,WEARI,1.58,153999.911,4,4,153999.9,0.0,0.0,0.0,0.011,97468.298101
1783978,IT,ID,DAIRY,HOTEL,0.63,153985.98,5,5,153984.97,0.0,1.0,0.0,0.01,244422.190476
1770520,IT,AU,AIRTR,RENTI,0.17,153980.245,4,4,153980.24,0.0,0.0,0.0,0.005,905766.147059
1755404,IT,KR,GASDI,CONST,0.23,153964.108,4,4,153964.095,0.0,0.0,0.0,0.013,669409.165217
1674097,IT,FR,HEAVY,RAWMI,0.25,153961.944,4,4,153961.932,0.0,0.0,0.0,0.012,615847.776
1810641,IT,WM,MOTOR,CEREA,0.23,153946.806,4,4,153946.793,0.0,0.0,0.0,0.013,669333.93913
1737814,IT,GB,BITU1,GASDI,0.24,153926.153,4,4,153926.141,0.0,0.0,0.0,0.012,641358.970833
1658502,IT,DE,FABRI,WOOD1,0.63,153919.166,4,4,153919.155,0.0,0.0,0.0,0.011,244316.136508
1679292,IT,GR,HEAVY,PLAST,0.25,153916.879,4,4,153916.867,0.0,0.0,0.0,0.012,615667.516
1733068,IT,SI,COPP1,REALE,0.39,153907.15,4,4,153907.142,0.0,0.0,0.0,0.008,394633.717949
1678804,IT,GR,FOOD5,HEALT,0.74,153904.809,5,5,153903.795,0.0,1.0,0.0,0.014,207979.471622
1674619,IT,FR,RUBBE,SEWAG,0.51,153898.313,4,4,153898.299,0.0,0.0,0.0,0.014,301761.398039
1710789,IT,LU,WOODW,WOODW,0.43,153897.458,5,5,153896.448,0.0,1.0,0.0,0.01,357901.065116
1721145,IT,PL,RAILW,BASIC,1.03,153879.105,5,5,153878.098,0.0,0.0,1.0,0.007,149397.18932
1709588,IT,LT,PAPER,WOODW,0.6,153876.681,5,5,153875.666,0.0,1.0,0.0,0.015,256461.135
1669299,IT,ES,FINAN,BASIC,2.0,153875.638,4,4,153875.634,0.0,0.0,0.0,0.004,76937.819
1642628,IT,AT,FABRI,NONME,0.63,153875.202,4,4,153875.191,0.0,0.0,0.0,0.011,244246.352381
1718324,IT,PL,FOOD5,HEALT,0.74,153868.383,5,5,153867.369,0.0,1.0,0.0,0.014,207930.247297
1810038,IT,WM,TEXTI,PRINT,0.91,153864.201,4,4,153864.181,0.0,0.0,0.0,0.02,169081.53956
1810141,IT,WM,WEARI,TEXTI,1.16,153863.468,4,4,153863.439,0.0,0.0,0.0,0.029,132640.92069
1753651,IT,CA,OFFIC,COMPU,0.48,153861.59,4,4,153861.579,0.0,0.0,0.0,0.011,320544.979167
1770283,IT,AU,HOTEL,TRANS,1.11,153831.801,4,4,153831.789,0.0,0.0,0.0,0.012,138587.208108
1649918,IT,BG,FABRI,MOTOR,0.63,153828.12,4,4,153828.109,0.0,0.0,0.0,0.011,244171.619048
1733406,IT,SI,ELEC2,WHOLE,0.04,153790.132,4,4,153790.116,0.0,0.0,0.0,0.016,3844753.3
1729360,IT,SE,BASIC,NONFE,0.18,153778.219,4,4,153778.209,0.0,0.0,0.0,0.01,854323.438889
1685166,IT,HU,BEVER,WOODW,0.65,153762.748,4,4,153762.738,0.0,0.0,0.0,0.01,236558.073846
1801225,IT,WE,FABRI,ELEC3,0.63,153758.657,4,4,153758.646,0.0,0.0,0.0,0.011,244061.360317
1803133,IT,WF,VEGET,COPP1,0.54,153750.126,5,5,153749.12,0.0,1.0,0.0,0.006,284722.455556
1739162,IT,GB,RETA1,TEXTI,1.61,153734.786,4,4,153734.776,0.0,0.0,0.0,0.01,95487.44472
1744081,IT,US,SUPPO,CRUDE,1.11,153723.776,4,4,153723.768,0.0,0.0,0.0,0.008,138489.888288
1709799,IT,LT,RUBBE,BIODI,0.51,153712.171,4,4,153712.157,0.0,0.0,0.0,0.014,301396.413725
1789224,IT,WA,PLAST,TRANS,0.32,153702.035,4,4,153702.019,0.0,0.0,0.0,0.016,480318.859375
1754790,IT,KR,FOOD5,SUGA1,0.74,153687.854,5,5,153686.84,0.0,1.0,0.0,0.014,207686.289189
1709956,IT,LT,BASIC,POSTT,0.18,153686.72,4,4,153686.71,0.0,0.0,0.0,0.01,853815.111111
1645339,IT,BE,GASDI,WHOLE,0.23,153676.804,4,4,153676.791,0.0,0.0,0.0,0.013,668160.017391
1773768,IT,CH,ELEC2,CEMEN,0.04,153664.891,4,4,153664.875,0.0,0.0,0.0,0.016,3841622.275
1747479,IT,JP,SEACO,NONME,0.16,153655.047,4,4,153655.044,0.0,0.0,0.0,0.003,960344.04375
1748978,IT,CN,LEATH,COKIN,1.1,153654.871,5,5,153653.844,0.0,1.0,0.0,0.027,139686.246364
1723086,IT,PT,CHEM1,BASIC,0.32,153642.636,4,4,153642.619,0.0,0.0,0.0,0.017,480133.2375
1658689,IT,DE,OFFIC,PLAST,0.48,153640.088,4,4,153640.077,0.0,0.0,0.0,0.011,320083.516667
1732598,IT,SI,GLASS,FOOD5,0.42,153621.1,5,5,153620.091,0.0,0.0,1.0,0.009,365764.52381
1721328,IT,PL,TRAN2,BITUM,0.24,153601.314,4,4,153601.31,0.0,0.0,0.0,0.004,640005.475
1796178,IT,WL,FURNI,PAPER,0.49,153588.037,4,4,153588.024,0.0,0.0,0.0,0.013,313444.973469
1767092,IT,RU,FURNI,TRANS,0.49,153581.107,4,4,153581.094,0.0,0.0,0.0,0.013,313430.830612
1642265,IT,AT,NONME,MOTO1,0.31,153578.734,4,4,153578.717,0.0,0.0,0.0,0.017,495415.270968
1782053,IT,NO,GLASS,CRUDE,0.42,153569.24,5,5,153568.231,0.0,0.0,1.0,0.009,365641.047619
1658609,IT,DE,MACHI,ELEC4,0.86,153566.108,4,4,153566.095,0.0,0.0,0.0,0.013,178565.24186
1663057,IT,DK,HOTEL,PUBLI,1.11,153561.554,4,4,153561.542,0.0,0.0,0.0,0.012,138343.742342
1768349,IT,AU,MEAT4,FOOD5,0.85,153556.363,5,5,153555.353,0.0,1.0,0.0,0.01,180654.544706
1653602,IT,CZ,PREC1,FABRI,0.26,153554.933,4,4,153554.926,0.0,0.0,0.0,0.007,590595.896154
1743536,IT,US,RETA1,93197,1.6,153554.503,4,4,153554.493,0.0,0.0,0.0,0.01,95971.564375
1675093,IT,FR,ALUM1,FOOD4,0.27,153552.381,4,4,153552.369,0.0,0.0,0.0,0.012,568712.522222
1709679,IT,LT,PLAST,FABRI,0.32,153540.372,4,4,153540.356,0.0,0.0,0.0,0.016,479813.6625
1652191,IT,CZ,DAIRY,FABRI,0.62,153513.942,5,5,153512.932,0.0,1.0,0.0,0.01,247603.132258
1801290,IT,WE,MACHI,NONFE,0.86,153505.669,4,4,153505.656,0.0,0.0,0.0,0.013,178494.963953
1733869,IT,SI,SEACO,CHEM1,0.16,153498.158,4,4,153498.155,0.0,0.0,0.0,0.003,959363.4875
1666322,IT,ES,LIQUE,FABRI,0.27,153495.578,4,4,153495.566,0.0,0.0,0.0,0.012,568502.140741
1796170,IT,WL,FURNI,BEVER,0.49,153488.164,4,4,153488.151,0.0,0.0,0.0,0.013,313241.15102
1791226,IT,WA,FURNI,ELEC1,0.49,153487.829,4,4,153487.816,0.0,0.0,0.0,0.013,313240.467347
1797315,IT,WL,AUXIL,INSUR,2.81,153484.589,4,4,153484.581,0.0,0.0,0.0,0.008,54620.850178
1690047,IT,IE,RENTI,MEATC,0.92,153480.617,4,4,153480.608,0.0,0.0,0.0,0.009,166826.757609
1646637,IT,BE,TRANS,AIRTR,0.92,153478.421,4,4,153478.413,0.0,0.0,0.0,0.008,166824.370652
1770223,IT,AU,HOTEL,SANDC,1.11,153455.993,4,4,153455.981,0.0,0.0,0.0,0.012,138248.642342
1796130,IT,WL,TRANS,TRAN2,0.92,153439.219,4,4,153439.211,0.0,0.0,0.0,0.008,166781.759783
1790206,IT,WA,PREC1,LEATH,0.26,153424.982,4,4,153424.975,0.0,0.0,0.0,0.007,590096.084615
1766697,IT,RU,FABRI,HEALT,0.62,153422.599,4,4,153422.588,0.0,0.0,0.0,0.011,247455.804839
1731150,IT,SI,STONE,ELEC2,0.5,153421.933,5,5,153412.926,0.0,0.0,9.0,0.007,306843.866
1725792,IT,RO,PRINT,POSTT,1.47,153414.834,4,4,153414.822,0.0,0.0,0.0,0.012,104363.832653
1742614,IT,US,ALUM1,PUBLI,0.27,153412.4,4,4,153412.388,0.0,0.0,0.0,0.012,568194.074074
1647542,IT,BE,SUPPO,INLAN,1.1,153408.24,4,4,153408.232,0.0,0.0,0.0,0.008,139462.036364
1738502,IT,GB,NONF1,BEVER,0.03,153396.417,3,3,153396.417,0.0,0.0,0.0,0.0,5113213.9
1761099,IT,IN,CHEM1,FISHF,0.32,153377.177,4,4,153377.16,0.0,0.0,0.0,0.017,479303.678125
1750371,IT,CN,FABRI,PREC1,0.62,153369.086,4,4,153369.075,0.0,0.0,0.0,0.011,247369.493548
1726497,IT,RO,FABRI,93197,0.62,153361.125,4,4,153361.114,0.0,0.0,0.0,0.011,247356.653226
1641684,IT,AT,PLAST,TEXTI,0.32,153350.104,4,4,153350.088,0.0,0.0,0.0,0.016,479219.075
1673680,IT,FR,PAPER,PIGS9,0.59,153348.675,5,5,153347.66,0.0,1.0,0.0,0.015,259913.008475
1760252,IT,BR,WOOD2,CONST,0.83,153341.46,4,4,153341.45,0.0,0.0,0.0,0.01,184748.746988
1668555,IT,ES,HOTEL,DIST1,1.11,153328.21,4,4,153328.198,0.0,0.0,0.0,0.012,138133.522523
1686323,IT,HU,NONME,RUBBE,0.31,153324.484,4,4,153324.467,0.0,0.0,0.0,0.017,494595.109677
1787999,IT,WA,TEXTI,FOOD5,0.91,153303.282,4,4,153303.262,0.0,0.0,0.0,0.02,168465.145055
1776705,IT,TR,HEAVY,SEACO,0.25,153290.671,4,4,153290.659,0.0,0.0,0.0,0.012,613162.684
1719599,IT,PL,CERAM,PFERT,0.24,153280.196,5,5,153279.188,0.0,0.0,1.0,0.008,638667.483333
1716034,IT,NL,NONME,NONME,0.31,153274.208,4,4,153274.191,0.0,0.0,0.0,0.017,494432.929032
1641127,IT,AT,PAPER,SUPPO,0.59,153273.139,5,5,153272.124,0.0,1.0,0.0,0.015,259784.981356
1772060,IT,CH,PRINT,SALEM,1.47,153265.713,4,4,153265.701,0.0,0.0,0.0,0.012,104262.389796
1643299,IT,AT,HOTEL,MEMBE,1.11,153261.981,4,4,153261.969,0.0,0.0,0.0,0.012,138073.856757
1732599,IT,SI,GLASS,BEVER,0.42,153259.437,5,5,153258.428,0.0,0.0,1.0,0.009,364903.421429
1681946,IT,HR,FOOD5,BEVER,0.74,153248.613,5,5,153247.599,0.0,1.0,0.0,0.014,207092.72027
1735561,IT,SK,ALUM1,FURNI,0.27,153222.1,4,4,153222.088,0.0,0.0,0.0,0.012,567489.259259
1661330,IT,DK,CHEMI,HOTEL,0.37,153210.757,6,6,153201.743,0.0,1.0,8.0,0.014,414083.127027
1715984,IT,NL,CERAM,BUSIN,0.24,153206.772,5,5,153205.764,0.0,0.0,1.0,0.008,638361.55
1752024,IT,CN,RESEA,WHOLE,0.83,153192.727,4,4,153192.716,0.0,0.0,0.0,0.011,184569.550602
1643653,IT,AT,AIRTR,INSUR,0.17,153178.891,4,4,153178.886,0.0,0.0,0.0,0.005,901052.3
1781876,IT,NO,CHEM1,MEAT4,0.32,153176.852,4,4,153176.835,0.0,0.0,0.0,0.017,478677.6625
1770206,IT,AU,HOTEL,FISHF,1.11,153176.475,4,4,153176.463,0.0,0.0,0.0,0.012,137996.824324
1752400,IT,CA,VEGE1,LIQUE,0.47,153164.879,5,5,153163.846,0.0,1.0,0.0,0.033,325882.721277
1774520,IT,CH,LANDT,RESEA,0.99,153159.381,4,4,153159.374,0.0,0.0,0.0,0.007,154706.445455
1640295,IT,AT,SANDC,BASIC,0.35,153153.942,5,5,153119.937,0.0,0.0,34.0,0.005,437582.691429
1675146,IT,FR,COPP1,BIOG1,0.39,153135.495,4,4,153135.487,0.0,0.0,0.0,0.008,392655.115385
1763778,IT,MX,GLASS,REALE,0.42,153123.521,5,5,153122.512,0.0,0.0,1.0,0.009,364579.811905
1719522,IT,PL,GLASS,BIODI,0.42,153121.045,5,5,153120.036,0.0,0.0,1.0,0.009,364573.916667
1738350,IT,GB,BASIC,FOOD4,0.18,153119.934,4,4,153119.924,0.0,0.0,0.0,0.01,850666.3
1729497,IT,SE,ALUM1,FURNI,0.27,153119.497,4,4,153119.485,0.0,0.0,0.0,0.012,567109.248148
1774819,IT,CH,POSTT,RETA1,2.52,153112.879,4,4,153112.867,0.0,0.0,0.0,0.012,60759.078968
1796243,IT,WL,FURNI,MEMBE,0.49,153102.104,4,4,153102.091,0.0,0.0,0.0,0.013,312453.273469
1721384,IT,PL,SEACO,CEMEN,0.16,153094.492,4,4,153094.489,0.0,0.0,0.0,0.003,956840.575
1804022,IT,WF,WOODW,SANDC,0.43,153052.78,5,5,153051.77,0.0,1.0,0.0,0.01,355936.697674
1737622,IT,GB,PAPER,FABRI,0.59,153050.837,5,5,153049.822,0.0,1.0,0.0,0.015,259408.198305
1772332,IT,CH,PLAST,MOTO1,0.32,153036.638,4,4,153036.622,0.0,0.0,0.0,0.016,478239.49375
1771938,IT,CH,PAPER,CEMEN,0.59,153028.762,5,5,153027.747,0.0,1.0,0.0,0.015,259370.783051
1789747,IT,WA,GLASS,MOTOR,0.42,153024.305,5,5,153023.296,0.0,0.0,1.0,0.009,364343.583333
1689089,IT,IE,FURNI,AIRTR,0.49,153016.816,4,4,153016.803,0.0,0.0,0.0,0.013,312279.216327
1809607,IT,WM,VEGE1,93197,0.47,153007.699,5,5,153006.666,0.0,1.0,0.0,0.033,325548.295745
1757758,IT,BR,NONSP,PLAST,0.2,153007.301,4,4,153007.293,0.0,0.0,0.0,0.008,765036.505
1725801,IT,RO,PRINT,PUBLI,1.47,153000.232,4,4,153000.22,0.0,0.0,0.0,0.012,104081.790476
1763061,IT,MX,TEXTI,FABRI,0.91,152996.168,4,4,152996.148,0.0,0.0,0.0,0.02,168127.657143
1647238,IT,BE,LANDT,CEMEN,0.99,152992.247,4,4,152992.24,0.0,0.0,0.0,0.007,154537.623232
1795569,IT,WL,COPP1,FABRI,0.39,152988.827,4,4,152988.819,0.0,0.0,0.0,0.008,392279.04359
1759717,IT,BR,BUSIN,MEATP,1.57,152984.394,4,4,152984.383,0.0,0.0,0.0,0.011,97442.289172
1810965,IT,WM,GASDI,CERAM,0.23,152984.09,4,4,152984.078,0.0,0.0,0.0,0.012,665148.217391
1782909,IT,NO,SEACO,SEACO,0.16,152983.14,4,4,152983.137,0.0,0.0,0.0,0.003,956144.625
1796963,IT,WL,AIRTR,CHARC,0.17,152981.431,4,4,152981.426,0.0,0.0,0.0,0.005,899890.770588
1799639,IT,WE,MOTOR,COKEO,0.23,152969.974,4,4,152969.962,0.0,0.0,0.0,0.012,665086.843478
1784478,IT,ID,NONF1,FABRI,0.03,152969.124,3,3,152969.124,0.0,0.0,0.0,0.0,5098970.8
1679710,IT,GR,NONME,BRICK,0.31,152956.908,4,4,152956.891,0.0,0.0,0.0,0.017,493409.380645
1738919,IT,GB,FURNI,SALEM,0.49,152950.412,4,4,152950.399,0.0,0.0,0.0,0.013,312143.697959
1762282,IT,IN,AIRTR,ELEC2,0.17,152932.116,4,4,152932.111,0.0,0.0,0.0,0.005,899600.682353
1720054,IT,PL,ALUM1,COLLE,0.27,152928.394,4,4,152928.382,0.0,0.0,0.0,0.012,566401.459259
1715440,IT,NL,MOTOR,AIRTR,0.23,152927.789,4,4,152927.777,0.0,0.0,0.0,0.012,664903.430435
1750877,IT,CN,FURNI,INSUR,0.49,152913.882,4,4,152913.869,0.0,0.0,0.0,0.013,312069.146939
1755214,IT,KR,WOODW,TRANS,0.43,152900.167,5,5,152899.157,0.0,1.0,0.0,0.01,355581.783721
1795660,IT,WL,FABRI,CERAM,0.62,152896.995,4,4,152896.984,0.0,0.0,0.0,0.011,246608.056452
1740144,IT,GB,COMPU,HOTEL,1.75,152891.06,4,4,152891.05,0.0,0.0,0.0,0.01,87366.32
1757375,IT,BR,LEATH,NICKE,1.1,152884.388,5,5,152883.362,0.0,1.0,0.0,0.026,138985.807273
1660337,IT,DE,FINAN,DAIRY,1.99,152883.068,4,4,152883.064,0.0,0.0,0.0,0.004,76825.662312
1790533,IT,WA,NONF1,MEATC,0.03,152882.261,3,3,152882.261,0.0,0.0,0.0,0.0,5096075.366667
1786319,IT,ZA,FABRI,EDUCA,0.62,152876.428,4,4,152876.417,0.0,0.0,0.0,0.011,246574.883871
1795077,IT,WL,RUBBE,OILSE,0.51,152869.656,4,4,152869.642,0.0,0.0,0.0,0.014,299744.423529
1729885,IT,SE,TRANS,WHOLE,0.91,152862.476,4,4,152862.468,0.0,0.0,0.0,0.008,167980.742857
1795552,IT,WL,LEAD1,CHEM1,0.27,152859.421,5,5,152858.408,0.0,0.0,1.0,0.013,566146.003704
1756158,IT,KR,MACHI,FOOD5,0.85,152854.07,4,4,152854.057,0.0,0.0,0.0,0.013,179828.317647
1768069,IT,RU,BUSIN,FABRI,1.57,152849.373,4,4,152849.362,0.0,0.0,0.0,0.011,97356.288535
1758028,IT,BR,RUBBE,MEDIC,0.51,152840.506,4,4,152840.492,0.0,0.0,0.0,0.014,299687.266667
1655158,IT,CZ,BUSIN,MACHI,1.57,152827.865,4,4,152827.854,0.0,0.0,0.0,0.011,97342.589172
1723668,IT,PT,MACHI,SUGA1,0.85,152823.523,4,4,152823.51,0.0,0.0,0.0,0.013,179792.38
1756164,IT,KR,MACHI,LEATH,0.85,152822.989,4,4,152822.976,0.0,0.0,0.0,0.013,179791.751765
1787537,IT,WA,CHEMI,NONME,0.36,152804.804,6,6,152795.79,0.0,1.0,8.0,0.014,424457.788889
1769326,IT,AU,GLASS,WOODW,0.42,152803.592,5,5,152802.583,0.0,0.0,1.0,0.009,363818.07619
1750059,IT,CN,BASIC,PAPER,0.18,152793.292,4,4,152793.282,0.0,0.0,0.0,0.01,848851.622222
1741715,IT,US,HEAVY,MEMBE,0.25,152782.128,4,4,152782.116,0.0,0.0,0.0,0.012,611128.512
1800503,IT,WE,RUBBE,GASDI,0.51,152776.772,4,4,152776.758,0.0,0.0,0.0,0.014,299562.298039
1651269,IT,CY,VEGE1,FOOD5,0.47,152767.158,5,5,152766.125,0.0,1.0,0.0,0.033,325036.506383
1746435,IT,JP,GLASS,BEVER,0.42,152765.823,5,5,152764.814,0.0,0.0,1.0,0.009,363728.15
1812571,IT,WM,ALUM1,BUSIN,0.27,152760.181,4,4,152760.169,0.0,0.0,0.0,0.012,565778.448148
1763748,IT,MX,GLASS,RUBBE,0.42,152747.363,5,5,152746.354,0.0,0.0,1.0,0.009,363684.197619
1666004,IT,ES,MOTOR,REALE,0.23,152729.518,4,4,152729.506,0.0,0.0,0.0,0.012,664041.382609
1737835,IT,GB,NONSP,ELEC6,0.2,152728.685,4,4,152728.677,0.0,0.0,0.0,0.008,763643.425
1652899,IT,CZ,KEROS,TRANS,0.23,152728.133,4,4,152728.121,0.0,0.0,0.0,0.012,664035.36087
1653372,IT,CZ,GLASS,BUSIN,0.42,152702.21,5,5,152701.201,0.0,0.0,1.0,0.009,363576.690476
1766639,IT,RU,FABRI,PFERT,0.62,152695.732,4,4,152695.721,0.0,0.0,0.0,0.011,246283.43871
1719359,IT,PL,RUBBE,FORES,0.51,152693.845,4,4,152693.831,0.0,0.0,0.0,0.014,299399.696078
1755181,IT,KR,LEATH,FOODW,1.09,152691.195,5,5,152690.169,0.0,1.0,0.0,0.026,140083.665138
1685466,IT,HU,WOODW,REALE,0.43,152685.228,5,5,152684.218,0.0,1.0,0.0,0.01,355081.925581
1744698,IT,US,COMPU,CONST,1.74,152678.924,4,4,152678.914,0.0,0.0,0.0,0.01,87746.508046
1790470,IT,WA,COPP1,WEARI,0.39,152673.099,4,4,152673.091,0.0,0.0,0.0,0.008,391469.484615
1769493,IT,AU,BASIC,ELECT,0.18,152667.109,4,4,152667.099,0.0,0.0,0.0,0.01,848150.605556
1777979,IT,TR,MACHI,LANDT,0.85,152655.686,4,4,152655.673,0.0,0.0,0.0,0.013,179594.924706
1790404,IT,WA,LEAD1,CHEM1,0.27,152649.326,5,5,152648.313,0.0,0.0,1.0,0.013,565367.874074
1720166,IT,PL,COPP1,RUBBE,0.39,152644.418,4,4,152644.41,0.0,0.0,0.0,0.008,391395.94359
1765601,IT,RU,WOODW,WOODW,0.43,152626.984,5,5,152625.974,0.0,1.0,0.0,0.01,354946.474419
1726071,IT,RO,RUBBE,DAIRY,0.51,152611.045,4,4,152611.031,0.0,0.0,0.0,0.014,299237.343137
1723571,IT,PT,FABRI,FISH5,0.62,152605.507,4,4,152605.496,0.0,0.0,0.0,0.011,246137.914516
1749522,IT,CN,NONSP,KEROS,0.2,152605.483,4,4,152605.475,0.0,0.0,0.0,0.008,763027.415
1796070,IT,WL,TRANS,WEARI,0.91,152587.343,4,4,152587.335,0.0,0.0,0.0,0.008,167678.398901
1664258,IT,EE,BASIC,CEMEN,0.18,152584.071,4,4,152584.061,0.0,0.0,0.0,0.01,847689.283333
1812917,IT,WM,MACHI,FORES,0.85,152572.73,4,4,152572.717,0.0,0.0,0.0,0.013,179497.329412
1808973,IT,WM,VEGET,FISHF,0.54,152565.168,5,5,152564.162,0.0,1.0,0.0,0.006,282528.088889
1801327,IT,WE,MACHI,NFERT,0.85,152564.062,4,4,152564.049,0.0,0.0,0.0,0.013,179487.131765
1671484,IT,FI,MACHI,LEATH,0.85,152561.567,4,4,152561.554,0.0,0.0,0.0,0.013,179484.196471
1657318,IT,DE,ADDIT,REFI1,0.35,152531.684,5,5,152530.672,0.0,1.0,0.0,0.012,435804.811429
1729137,IT,SE,GLASS,PAPER,0.42,152528.762,5,5,152527.753,0.0,0.0,1.0,0.009,363163.719048
1798220,IT,WE,VEGET,PFERT,0.54,152522.483,5,5,152521.477,0.0,1.0,0.0,0.006,282449.042593
1738170,IT,GB,GLASS,COMPU,0.42,152508.894,5,5,152507.885,0.0,0.0,1.0,0.009,363116.414286
1777980,IT,TR,MACHI,TRAN2,0.85,152500.908,4,4,152500.895,0.0,0.0,0.0,0.013,179412.832941
1686667,IT,HU,LEAD1,PAPE4,0.27,152500.688,5,5,152499.675,0.0,0.0,1.0,0.013,564817.362963
1649026,IT,BG,WOODW,COPP1,0.43,152499.878,5,5,152498.868,0.0,1.0,0.0,0.01,354650.87907
1784133,IT,ID,PULP5,FURNI,0.47,152490.493,5,5,152489.479,0.0,1.0,0.0,0.014,324447.857447
1766547,IT,RU,COPP1,MACHI,0.39,152481.829,4,4,152481.821,0.0,0.0,0.0,0.008,390979.048718
1791068,IT,WA,TRANS,WOODW,0.91,152470.342,4,4,152470.334,0.0,0.0,0.0,0.008,167549.826374
1723634,IT,PT,FABRI,RESEA,0.62,152457.657,4,4,152457.646,0.0,0.0,0.0,0.011,245899.446774
1789476,IT,WA,ADDIT,BEVER,0.35,152455.603,5,5,152454.591,0.0,1.0,0.0,0.012,435587.437143
1778631,IT,TR,HOTEL,CHEM1,1.1,152450.495,4,4,152450.484,0.0,0.0,0.0,0.011,138591.359091
1730251,IT,SE,SEACO,PULP5,0.16,152433.535,4,4,152433.532,0.0,0.0,0.0,0.003,952709.59375
1777548,IT,TR,BASIC,93197,0.18,152406.267,4,4,152406.257,0.0,0.0,0.0,0.01,846701.483333
1774080,IT,CH,WHOLE,FOOD5,1.32,152403.528,4,4,152403.519,0.0,0.0,0.0,0.009,115457.218182
1709738,IT,LT,CHEM1,RAILW,0.32,152389.414,4,4,152389.397,0.0,0.0,0.0,0.017,476216.91875
1714876,IT,NL,BEVER,MEATC,0.65,152385.55,4,4,152385.54,0.0,0.0,0.0,0.01,234439.307692
1795633,IT,WL,FABRI,TOBAC,0.62,152376.029,4,4,152376.018,0.0,0.0,0.0,0.011,245767.78871
1770487,IT,AU,AIRTR,FABRI,0.17,152375.808,4,4,152375.803,0.0,0.0,0.0,0.005,896328.282353
1688685,IT,IE,CHEM1,NUCLE,0.32,152374.152,4,4,152374.135,0.0,0.0,0.0,0.017,476169.225
1732476,IT,SI,CHEM1,CONST,0.32,152370.679,4,4,152370.662,0.0,0.0,0.0,0.017,476158.371875
1766776,IT,RU,MACHI,LUBRI,0.85,152366.474,4,4,152366.461,0.0,0.0,0.0,0.013,179254.675294
1657303,IT,DE,CHEM1,SEWAG,0.32,152365.088,4,4,152365.071,0.0,0.0,0.0,0.017,476140.9
1805689,IT,WF,BASIC,NONFE,0.18,152364.68,4,4,152364.67,0.0,0.0,0.0,0.01,846470.444444
1803341,IT,WF,SANDC,COPPE,0.35,152355.232,5,5,152322.227,0.0,0.0,33.0,0.005,435300.662857
1650542,IT,BG,ELEC7,PFERT,0.1,152354.045,4,4,152354.043,0.0,0.0,0.0,0.002,1523540.45
1647267,IT,BE,LANDT,CONST,0.98,152352.955,4,4,152352.948,0.0,0.0,0.0,0.007,155462.19898
1789803,IT,WA,GLASS,PRIVA,0.42,152347.99,5,5,152346.981,0.0,0.0,1.0,0.009,362733.309524
1772256,IT,CH,LIQUE,DIST1,0.27,152343.111,4,4,152343.099,0.0,0.0,0.0,0.012,564233.744444
1663025,IT,DK,HOTEL,MOTO1,1.1,152342.655,4,4,152342.644,0.0,0.0,0.0,0.011,138493.322727
1767305,IT,RU,HOTEL,RETA1,1.1,152328.763,4,4,152328.752,0.0,0.0,0.0,0.011,138480.693636
1795803,IT,WL,MACHI,MACHI,0.85,152326.418,4,4,152326.405,0.0,0.0,0.0,0.013,179207.550588
1679164,IT,GR,PAPER,HEALT,0.59,152324.11,5,5,152323.095,0.0,1.0,0.0,0.015,258176.457627
1759258,IT,BR,POSTT,PFERT,2.51,152324.101,4,4,152324.089,0.0,0.0,0.0,0.012,60686.892829
1689546,IT,IE,SEACO,RESEA,0.15,152319.894,4,4,152319.891,0.0,0.0,0.0,0.003,1015465.96
1723122,IT,PT,CHEM1,RENTI,0.32,152315.276,4,4,152315.259,0.0,0.0,0.0,0.017,475985.2375
1800248,IT,WE,PLAST,BRICK,0.32,152306.438,4,4,152306.423,0.0,0.0,0.0,0.015,475957.61875
1772768,IT,CH,NONME,PAPER,0.31,152291.499,4,4,152291.482,0.0,0.0,0.0,0.017,491262.9
1745487,IT,JP,FOOD5,RUBBE,0.73,152290.539,5,5,152289.525,0.0,1.0,0.0,0.014,208617.176712
1806893,IT,WF,HOTEL,CONST,1.1,152276.392,4,4,152276.381,0.0,0.0,0.0,0.011,138433.083636
1688320,IT,IE,VEGE1,FOOD5,0.47,152274.158,5,5,152273.125,0.0,1.0,0.0,0.033,323987.570213
1646238,IT,BE,LEAD1,PLAST,0.26,152271.925,5,5,152270.912,0.0,0.0,1.0,0.013,585661.25
1744097,IT,US,SUPPO,PRINT,1.09,152269.222,4,4,152269.215,0.0,0.0,0.0,0.007,139696.533945
1756729,IT,KR,SEACO,RESEA,0.15,152266.398,4,4,152266.395,0.0,0.0,0.0,0.003,1015109.32
1671092,IT,FI,RUBBE,PUBLI,0.5,152253.528,4,4,152253.514,0.0,0.0,0.0,0.014,304507.056
1713384,IT,MT,LIQUE,TRAN1,0.27,152243.697,4,4,152243.685,0.0,0.0,0.0,0.012,563865.544444
1682144,IT,HR,TEXTI,CONST,0.9,152221.787,4,4,152221.767,0.0,0.0,0.0,0.02,169135.318889
1761113,IT,IN,CHEM1,FISH5,0.32,152204.736,4,4,152204.719,0.0,0.0,0.0,0.017,475639.8
1652229,IT,CZ,FOOD5,MEATP,0.73,152186.499,5,5,152185.485,0.0,1.0,0.0,0.014,208474.656164
1747583,IT,JP,AIRTR,ELECT,0.17,152174.188,4,4,152174.183,0.0,0.0,0.0,0.005,895142.282353
1735454,IT,SK,BASIC,ELEC1,0.18,152172.37,4,4,152172.36,0.0,0.0,0.0,0.01,845402.055556
1785720,IT,ZA,NAPHT,REALE,0.26,152151.008,4,4,152150.997,0.0,0.0,0.0,0.011,585196.184615
1764863,IT,MX,AIRTR,BEVER,0.17,152137.75,4,4,152137.745,0.0,0.0,0.0,0.005,894927.941176
1801715,IT,WE,ELEC1,CHEM1,0.02,152134.594,4,4,152134.584,0.0,0.0,0.0,0.01,7606729.7
1807070,IT,WF,SEACO,MEATC,0.15,152131.649,4,4,152131.646,0.0,0.0,0.0,0.003,1014210.993333
1715631,IT,NL,NAPHT,REFI1,0.26,152129.637,4,4,152129.626,0.0,0.0,0.0,0.011,585113.988462
1673939,IT,FR,MOTOR,EDUCA,0.23,152104.659,4,4,152104.647,0.0,0.0,0.0,0.012,661324.604348
1795602,IT,WL,FABRI,OILSE,0.62,152098.704,4,4,152098.693,0.0,0.0,0.0,0.011,245320.490323
1771568,IT,CH,TEXTI,MOTO1,0.9,152094.406,4,4,152094.386,0.0,0.0,0.0,0.02,168993.784444
1668441,IT,ES,RETA1,SUPPO,1.59,152093.553,4,4,152093.543,0.0,0.0,0.0,0.01,95656.322642
1742454,IT,US,BASIC,FOOD5,0.18,152089.112,4,4,152089.102,0.0,0.0,0.0,0.01,844939.511111
1729410,IT,SE,BASIC,RETAI,0.18,152076.43,4,4,152076.42,0.0,0.0,0.0,0.01,844869.055556
1729703,IT,SE,MACHI,VEGET,0.85,152074.053,4,4,152074.041,0.0,0.0,0.0,0.012,178910.650588
1780977,IT,TW,BUSIN,LUBRI,1.56,152054.616,4,4,152054.606,0.0,0.0,0.0,0.01,97470.907692
1769608,IT,AU,FABRI,CRUDE,0.62,152053.24,4,4,152053.229,0.0,0.0,0.0,0.011,245247.16129
1651743,IT,CY,MACHI,FURNI,0.85,152052.727,4,4,152052.715,0.0,0.0,0.0,0.012,178885.561176
1753795,IT,CA,FURNI,93197,0.49,152047.097,4,4,152047.084,0.0,0.0,0.0,0.013,310300.197959
1784648,IT,ID,MACHI,RECRE,0.85,152043.893,4,4,152043.881,0.0,0.0,0.0,0.012,178875.168235
1682635,IT,HR,KEROS,MACHI,0.23,152019.423,4,4,152019.411,0.0,0.0,0.0,0.012,660954.013043
1725796,IT,RO,PRINT,REALE,1.46,152012.505,4,4,152012.493,0.0,0.0,0.0,0.012,104118.15411
1814589,IT,WM,BUSIN,SALEM,1.56,152008.356,4,4,152008.346,0.0,0.0,0.0,0.01,97441.253846
1724408,IT,PT,AIRTR,WEARI,0.17,151976.882,4,4,151976.877,0.0,0.0,0.0,0.005,893981.658824
1796074,IT,WL,TRANS,PAPER,0.91,151976.602,4,4,151976.594,0.0,0.0,0.0,0.008,167007.254945
1672818,IT,FR,MEAT4,MEAT4,0.84,151962.176,5,5,151961.166,0.0,1.0,0.0,0.01,180907.352381
1748447,IT,CN,STONE,WOODW,0.49,151943.863,5,5,151935.856,0.0,0.0,8.0,0.007,310089.516327
1641947,IT,AT,RUBBE,MEATP,0.5,151926.597,4,4,151926.583,0.0,0.0,0.0,0.014,303853.194
1804277,IT,WF,MOTOR,VEGE1,0.23,151926.509,4,4,151926.497,0.0,0.0,0.0,0.012,660550.03913
1653506,IT,CZ,BASIC,MOTOR,0.17,151921.339,4,4,151921.329,0.0,0.0,0.0,0.01,893654.935294
1763455,IT,MX,PLAST,WEARI,0.32,151910.493,4,4,151910.478,0.0,0.0,0.0,0.015,474720.290625
1652159,IT,CZ,VEGE1,RAWMI,0.47,151909.715,5,5,151908.682,0.0,1.0,0.0,0.033,323212.159574
1809334,IT,WM,STONE,COMPU,0.49,151905.777,5,5,151897.77,0.0,0.0,8.0,0.007,310011.789796
1799748,IT,WE,KEROS,COPP1,0.23,151905.688,4,4,151905.676,0.0,0.0,0.0,0.012,660459.513043
1653825,IT,CZ,FABRI,FORES,0.62,151891.755,4,4,151891.744,0.0,0.0,0.0,0.011,244986.701613
1788964,IT,WA,HEAVY,CEMEN,0.25,151887.442,4,4,151887.43,0.0,0.0,0.0,0.012,607549.768
1813607,IT,WM,WHOLE,PUBLI,1.31,151867.861,4,4,151867.852,0.0,0.0,0.0,0.009,115929.664885
1649946,IT,BG,FABRI,TRANS,0.62,151853.597,4,4,151853.586,0.0,0.0,0.0,0.011,244925.156452
1671104,IT,FI,RUBBE,93197,0.5,151839.521,4,4,151839.507,0.0,0.0,0.0,0.014,303679.042
1756179,IT,KR,MACHI,NAPHT,0.85,151834.266,4,4,151834.254,0.0,0.0,0.0,0.012,178628.548235
1753480,IT,CA,FABRI,RAILW,0.62,151816.097,4,4,151816.086,0.0,0.0,0.0,0.011,244864.672581
1721269,IT,PL,LANDT,FURNI,0.98,151815.613,4,4,151815.606,0.0,0.0,0.0,0.007,154913.890816
1723069,IT,PT,CHEM1,LEATH,0.32,151813.483,4,4,151813.466,0.0,0.0,0.0,0.017,474417.134375
1651531,IT,CY,RUBBE,FOOD5,0.5,151812.324,4,4,151812.31,0.0,0.0,0.0,0.014,303624.648
1659691,IT,DE,RAILW,GASDI,1.02,151795.032,5,5,151794.025,0.0,0.0,1.0,0.007,148818.658824
1812491,IT,WM,PREC1,MEMBE,0.26,151793.694,4,4,151793.687,0.0,0.0,0.0,0.007,583821.9
1801189,IT,WE,FABRI,GASDI,0.62,151787.65,4,4,151787.639,0.0,0.0,0.0,0.011,244818.790323
1809833,IT,WM,FOOD5,SEACO,0.73,151759.977,5,5,151758.963,0.0,1.0,0.0,0.014,207890.379452
1802650,IT,WE,RENTI,WEARI,0.91,151755.766,4,4,151755.758,0.0,0.0,0.0,0.008,166764.578022
1719992,IT,PL,ALUM1,COPPE,0.26,151744.682,4,4,151744.67,0.0,0.0,0.0,0.012,583633.392308
1676642,IT,FR,HOTEL,OILHA,1.1,151723.951,4,4,151723.94,0.0,0.0,0.0,0.011,137930.864545
1813590,IT,WM,WHOLE,RETA1,1.31,151673.078,4,4,151673.069,0.0,0.0,0.0,0.009,115780.975573
1749817,IT,CN,RUBBE,BEVER,0.5,151669.951,4,4,151669.937,0.0,0.0,0.0,0.014,303339.902
1649146,IT,BG,PAPER,HEALT,0.59,151655.171,5,5,151654.156,0.0,1.0,0.0,0.015,257042.662712
1796300,IT,WL,CONST,EDUCA,0.85,151651.125,5,5,151650.117,0.0,0.0,1.0,0.008,178413.088235
1794337,IT,WL,MOTOR,RETAI,0.23,151637.127,4,4,151637.115,0.0,0.0,0.0,0.012,659291.856522
1748502,IT,CN,SANDC,BASIC,0.35,151635.283,5,5,151602.278,0.0,0.0,33.0,0.005,433243.665714
1645716,IT,BE,RUBBE,FORES,0.5,151628.066,4,4,151628.052,0.0,0.0,0.0,0.014,303256.132
1735815,IT,SK,MACHI,TRANS,0.85,151625.319,4,4,151625.307,0.0,0.0,0.0,0.012,178382.728235
1657050,IT,DE,NONSP,SANDC,0.2,151620.893,4,4,151620.885,0.0,0.0,0.0,0.008,758104.465
1737292,IT,GB,FOOD5,BUSIN,0.73,151618.692,5,5,151617.678,0.0,1.0,0.0,0.014,207696.838356
1769915,IT,AU,MOTO1,MACHI,0.81,151535.958,4,4,151535.948,0.0,0.0,0.0,0.01,187081.42963
1646413,IT,BE,FABRI,INTER,0.62,151535.772,4,4,151535.761,0.0,0.0,0.0,0.011,244412.535484
1803363,IT,WF,CHEMI,CRUDE,0.36,151534.988,6,6,151526.974,0.0,1.0,7.0,0.014,420930.522222
1680343,IT,GR,ELEC1,DIST1,0.02,151534.066,4,4,151534.056,0.0,0.0,0.0,0.01,7576703.3
1641008,IT,AT,PULP5,NATUR,0.46,151532.551,5,5,151531.537,0.0,1.0,0.0,0.014,329418.58913
1773780,IT,CH,ELEC2,CONST,0.04,151529.447,4,4,151529.431,0.0,0.0,0.0,0.016,3788236.175
1650021,IT,BG,MACHI,TEXTI,0.85,151526.064,4,4,151526.052,0.0,0.0,0.0,0.012,178265.957647
1650070,IT,BG,MACHI,SALEM,0.85,151505.597,4,4,151505.585,0.0,0.0,0.0,0.012,178241.878824
1776875,IT,TR,NONSP,ELEC6,0.2,151503.748,4,4,151503.74,0.0,0.0,0.0,0.008,757518.74
1812909,IT,WM,MACHI,PLANT,0.85,151497.914,4,4,151497.902,0.0,0.0,0.0,0.012,178232.84
1765816,IT,RU,GASDI,COKEO,0.23,151477.674,4,4,151477.662,0.0,0.0,0.0,0.012,658598.582609
1737725,IT,GB,GASDI,RAILW,0.23,151474.555,4,4,151474.543,0.0,0.0,0.0,0.012,658585.021739
1763454,IT,MX,PLAST,TEXTI,0.32,151470.946,4,4,151470.931,0.0,0.0,0.0,0.015,473346.70625
1805614,IT,WF,NONME,IRONO,0.31,151467.275,4,4,151467.258,0.0,0.0,0.0,0.017,488604.112903
1685136,IT,HU,FOOD5,RESEA,0.73,151451.821,5,5,151450.807,0.0,1.0,0.0,0.014,207468.247945
1797439,IT,WL,COMPU,COMPU,1.73,151446.346,4,4,151446.336,0.0,0.0,0.0,0.01,87541.240462
1669780,IT,ES,BUSIN,CEMEN,1.56,151437.945,4,4,151437.935,0.0,0.0,0.0,0.01,97075.605769
1761925,IT,IN,FURNI,PFERT,0.48,151427.52,4,4,151427.507,0.0,0.0,0.0,0.013,315474.0
1748726,IT,CN,BEVER,CHEM1,0.64,151398.847,4,4,151398.837,0.0,0.0,0.0,0.01,236560.698438
1650903,IT,BG,SEACO,FISH5,0.15,151384.847,4,4,151384.844,0.0,0.0,0.0,0.003,1009232.313333
1738111,IT,GB,GLASS,BITUM,0.42,151382.197,5,5,151381.188,0.0,0.0,1.0,0.009,360433.802381
1674664,IT,FR,GLASS,PAPER,0.42,151360.093,5,5,151359.084,0.0,0.0,1.0,0.009,360381.17381
1809466,IT,WM,CHEMI,BUSIN,0.36,151359.157,6,6,151351.143,0.0,1.0,7.0,0.014,420442.102778
1765924,IT,RU,PLAST,SALEM,0.32,151351.129,4,4,151351.114,0.0,0.0,0.0,0.015,472972.278125
1779041,IT,TR,AIRTR,RETA1,0.16,151346.981,4,4,151346.976,0.0,0.0,0.0,0.005,945918.63125
1757536,IT,BR,COKEO,PAPER,0.02,151346.024,3,3,151346.024,0.0,0.0,0.0,0.0,7567301.2
1748617,IT,CN,DAIRY,MEATC,0.61,151345.697,5,5,151344.687,0.0,1.0,0.0,0.01,248107.7
1689320,IT,IE,RETA1,DAIRY,1.58,151332.628,4,4,151332.618,0.0,0.0,0.0,0.01,95780.144304
1724915,IT,PT,BUSIN,LANDT,1.55,151290.014,4,4,151290.004,0.0,0.0,0.0,0.01,97606.460645
1742741,IT,US,FABRI,MOTOR,0.62,151289.199,4,4,151289.188,0.0,0.0,0.0,0.011,244014.837097
1721246,IT,PL,LANDT,CHEM1,0.98,151282.115,4,4,151282.108,0.0,0.0,0.0,0.007,154369.505102
1806560,IT,WF,FURNI,BUSIN,0.48,151276.903,4,4,151276.89,0.0,0.0,0.0,0.013,315160.214583
1686896,IT,HU,MACHI,SANDC,0.84,151275.508,4,4,151275.496,0.0,0.0,0.0,0.012,180089.890476
1801096,IT,WE,COPP1,COMPU,0.38,151270.992,4,4,151270.984,0.0,0.0,0.0,0.008,398081.557895
1715830,IT,NL,RUBBE,BIODI,0.5,151270.949,4,4,151270.935,0.0,0.0,0.0,0.014,302541.898
1773947,IT,CH,SALEM,FABRI,1.22,151252.479,4,4,151252.47,0.0,0.0,0.0,0.009,123977.441803
1739181,IT,GB,RETA1,GLASS,1.58,151224.938,4,4,151224.928,0.0,0.0,0.0,0.01,95711.986076
1681124,IT,GR,SUPPO,REALE,1.09,151220.696,4,4,151220.689,0.0,0.0,0.0,0.007,138734.583486
1754749,IT,KR,DAIRY,FURNI,0.61,151208.686,5,5,151207.676,0.0,1.0,0.0,0.01,247883.091803
1748952,IT,CN,WEARI,POSTT,1.14,151208.071,4,4,151208.042,0.0,0.0,0.0,0.029,132638.658772
1675734,IT,FR,FURNI,PULP5,0.48,151200.532,4,4,151200.519,0.0,0.0,0.0,0.013,315001.108333
1777329,IT,TR,GLASS,BASIC,0.42,151197.549,5,5,151196.54,0.0,0.0,1.0,0.009,359994.164286
1668708,IT,ES,LANDT,PULP5,0.98,151195.221,4,4,151195.214,0.0,0.0,0.0,0.007,154280.837755
1675745,IT,FR,FURNI,BIOGA,0.48,151194.505,4,4,151194.492,0.0,0.0,0.0,0.013,314988.552083
1814076,IT,WM,AIRTR,MEAT4,0.16,151186.324,4,4,151186.319,0.0,0.0,0.0,0.005,944914.525
1712534,IT,LV,FABRI,REALE,0.62,151167.583,4,4,151167.572,0.0,0.0,0.0,0.011,243818.682258
1766845,IT,RU,MACHI,EDUCA,0.84,151166.068,4,4,151166.056,0.0,0.0,0.0,0.012,179959.604762
1675543,IT,FR,MOTO1,POULT,0.8,151156.232,4,4,151156.222,0.0,0.0,0.0,0.01,188945.29
1803669,IT,WF,BEVER,POULT,0.64,151155.448,4,4,151155.438,0.0,0.0,0.0,0.01,236180.3875
1666325,IT,ES,LIQUE,MOTO1,0.26,151150.189,4,4,151150.177,0.0,0.0,0.0,0.012,581346.880769
1732609,IT,SI,GLASS,CHEM1,0.41,151147.219,5,5,151146.21,0.0,0.0,1.0,0.009,368651.753659
1735581,IT,SK,ALUM1,BUSIN,0.26,151145.705,4,4,151145.693,0.0,0.0,0.0,0.012,581329.634615
1656773,IT,DE,KEROS,SUPPO,0.22,151097.785,4,4,151097.773,0.0,0.0,0.0,0.012,686808.113636
1753090,IT,CA,RUBBE,FOOD5,0.5,151090.264,4,4,151090.25,0.0,0.0,0.0,0.014,302180.528
1759665,IT,BR,RESEA,WHOLE,0.82,151081.306,4,4,151081.295,0.0,0.0,0.0,0.011,184245.495122
1641355,IT,AT,KEROS,OFFIC,0.22,151076.084,4,4,151076.072,0.0,0.0,0.0,0.012,686709.472727
1808842,IT,WF,PRIVA,COPPE,33.71,151070.412,5,5,151069.388,1.0,0.0,0.0,0.024,4481.471729
1665865,IT,ES,PRINT,SALEM,1.45,151042.886,4,4,151042.874,0.0,0.0,0.0,0.012,104167.507586
1722760,IT,PT,PAPER,LEATH,0.59,151037.919,5,5,151036.904,0.0,1.0,0.0,0.015,255996.472881
1690135,IT,IE,COMPU,AIRTR,1.72,151036.424,4,4,151036.415,0.0,0.0,0.0,0.009,87811.874419
1801638,IT,WE,FURNI,NATUR,0.48,151034.653,4,4,151034.64,0.0,0.0,0.0,0.013,314655.527083
1677745,IT,FR,RENTI,93197,0.9,151029.635,4,4,151029.627,0.0,0.0,0.0,0.008,167810.705556
1792290,IT,WA,POSTT,INSUR,2.49,151028.898,4,4,151028.886,0.0,0.0,0.0,0.012,60654.175904
1786001,IT,ZA,GLASS,BEVER,0.41,150991.546,5,5,150990.537,0.0,0.0,1.0,0.009,368272.063415
1736576,IT,SK,SUPPO,SUPPO,1.09,150961.619,4,4,150961.612,0.0,0.0,0.0,0.007,138496.898165
1740386,IT,GB,HEALT,BIOGA,0.79,150960.185,4,4,150960.179,0.0,0.0,0.0,0.006,191088.841772
1785965,IT,ZA,RUBBE,TRANS,0.5,150891.863,4,4,150891.849,0.0,0.0,0.0,0.014,301783.726
1641906,IT,AT,BIODI,WHOLE,0.31,150852.548,4,4,150852.532,0.0,0.0,0.0,0.016,486621.122581
1676264,IT,FR,SALEM,CONST,1.22,150821.154,4,4,150821.145,0.0,0.0,0.0,0.009,123623.896721
1688366,IT,IE,PROCE,CEMEN,1.02,150816.563,5,5,150815.554,0.0,1.0,0.0,0.009,147859.37549
1814136,IT,WM,AIRTR,RETAI,0.16,150799.211,4,4,150799.206,0.0,0.0,0.0,0.005,942495.06875
1641091,IT,AT,PAPER,BASIC,0.58,150797.535,5,5,150796.52,0.0,1.0,0.0,0.015,259995.75
1774478,IT,CH,LANDT,RUBBE,0.97,150779.272,4,4,150779.265,0.0,0.0,0.0,0.007,155442.548454
1717056,IT,NL,LANDT,SALEM,0.97,150766.677,4,4,150766.67,0.0,0.0,0.0,0.007,155429.563918
1640256,IT,AT,STONE,IRONO,0.49,150754.028,5,5,150746.021,0.0,0.0,8.0,0.007,307661.281633
1640431,IT,AT,VEGE1,CHEM1,0.46,150749.112,5,5,150748.079,0.0,1.0,0.0,0.033,327715.46087
1742910,IT,US,MACHI,BRICK,0.84,150746.089,4,4,150746.077,0.0,0.0,0.0,0.012,179459.629762
1761515,IT,IN,ALUM1,RADIO,0.26,150743.622,4,4,150743.61,0.0,0.0,0.0,0.012,579783.161538
1729150,IT,SE,GLASS,MACHI,0.41,150737.872,5,5,150736.863,0.0,0.0,1.0,0.009,367653.346341
1750759,IT,CN,TRANS,FURNI,0.9,150730.416,4,4,150730.408,0.0,0.0,0.0,0.008,167478.24
1646444,IT,BE,MACHI,TEXTI,0.84,150726.759,4,4,150726.747,0.0,0.0,0.0,0.012,179436.617857
1805187,IT,WF,CHEM1,MEAT4,0.31,150710.828,4,4,150710.812,0.0,0.0,0.0,0.016,486163.96129
1762739,IT,IN,BUSIN,ALUM1,1.55,150710.425,4,4,150710.415,0.0,0.0,0.0,0.01,97232.532258
1769456,IT,AU,NONME,BUSIN,0.3,150709.061,4,4,150709.044,0.0,0.0,0.0,0.017,502363.536667
1749244,IT,CN,PAPER,CHEM1,0.58,150708.586,5,5,150707.571,0.0,1.0,0.0,0.015,259842.389655
1809641,IT,WM,DAIRY,CHEM1,0.61,150691.747,5,5,150690.737,0.0,1.0,0.0,0.01,247035.65082
1688652,IT,IE,CHEM1,CATTL,0.31,150682.392,4,4,150682.376,0.0,0.0,0.0,0.016,486072.232258
1652763,IT,CZ,PAPER,INSUR,0.58,150669.597,5,5,150668.582,0.0,1.0,0.0,0.015,259775.167241
1792727,IT,WA,BUSIN,MOTOR,1.55,150668.599,4,4,150668.589,0.0,0.0,0.0,0.01,97205.547742
1667918,IT,ES,MOTO1,RETA1,0.8,150637.602,4,4,150637.592,0.0,0.0,0.0,0.01,188297.0025
1747292,IT,JP,WHOLE,MACHI,1.3,150619.945,4,4,150619.936,0.0,0.0,0.0,0.009,115861.496154
1656488,IT,DE,PAPER,WEARI,0.58,150619.123,5,5,150618.108,0.0,1.0,0.0,0.015,259688.143103
1804713,IT,WF,LIQUE,DIST1,0.26,150606.89,4,4,150606.878,0.0,0.0,0.0,0.012,579257.269231
1666426,IT,ES,BITU1,CHEM1,0.24,150605.326,4,4,150605.314,0.0,0.0,0.0,0.012,627522.191667
1734792,IT,SK,WOODW,RETA1,0.42,150596.506,5,5,150595.496,0.0,1.0,0.0,0.01,358563.109524
1715972,IT,NL,CERAM,RADIO,0.23,150585.428,5,5,150584.42,0.0,0.0,1.0,0.008,654719.252174
1802972,IT,WF,WHEAT,PAPER,0.11,150585.182,5,5,150584.178,0.0,1.0,0.0,0.004,1368956.2
1746681,IT,JP,FABRI,BEVER,0.61,150577.63,4,4,150577.619,0.0,0.0,0.0,0.011,246848.57377
1761109,IT,IN,CHEM1,PROCE,0.31,150576.562,4,4,150576.546,0.0,0.0,0.0,0.016,485730.845161
1813925,IT,WM,LANDT,93197,0.97,150576.333,4,4,150576.326,0.0,0.0,0.0,0.007,155233.33299
1688678,IT,IE,CHEM1,MOTOR,0.31,150574.586,4,4,150574.57,0.0,0.0,0.0,0.016,485724.470968
1809367,IT,WM,CHEMI,WHEAT,0.36,150573.683,6,6,150565.669,0.0,1.0,7.0,0.014,418260.230556
1790772,IT,WA,MACHI,BEVER,0.84,150567.291,4,4,150567.279,0.0,0.0,0.0,0.012,179246.775
1665522,IT,ES,WEARI,EDUCA,1.13,150566.613,4,4,150566.584,0.0,0.0,0.0,0.029,133244.790265
1731805,IT,SI,PAPER,SECO9,0.58,150558.849,5,5,150557.834,0.0,1.0,0.0,0.015,259584.222414
1732848,IT,SI,BASIC,DISTR,0.17,150505.638,4,4,150505.628,0.0,0.0,0.0,0.01,885327.282353
1729758,IT,SE,MACHI,COPP1,0.84,150503.905,4,4,150503.893,0.0,0.0,0.0,0.012,179171.315476
1644527,IT,BE,DAIRY,BUSIN,0.61,150499.112,5,5,150498.102,0.0,1.0,0.0,0.01,246719.855738
1776359,IT,TR,PAPER,RECRE,0.58,150496.566,5,5,150495.551,0.0,1.0,0.0,0.015,259476.837931
1666824,IT,ES,RUBBE,INERT,0.5,150477.056,4,4,150477.042,0.0,0.0,0.0,0.014,300954.112
1761277,IT,IN,RUBBE,COPP1,0.5,150469.984,4,4,150469.97,0.0,0.0,0.0,0.014,300939.968
1787701,IT,WA,VEGE1,WEARI,0.46,150452.452,5,5,150451.419,0.0,1.0,0.0,0.033,327070.547826
1758678,IT,BR,CONST,CROPS,0.84,150451.354,5,5,150450.346,0.0,0.0,1.0,0.008,179108.754762
1794914,IT,WL,CHEM1,VEGE1,0.31,150439.047,4,4,150439.031,0.0,0.0,0.0,0.016,485287.248387
1802967,IT,WF,WHEAT,TEXTI,0.11,150424.505,5,5,150423.501,0.0,1.0,0.0,0.004,1367495.5
1743824,IT,US,LANDT,PUBLI,0.97,150412.496,4,4,150412.489,0.0,0.0,0.0,0.007,155064.428866
1661389,IT,DK,VEGE1,PIGS9,0.46,150407.709,5,5,150406.676,0.0,1.0,0.0,0.033,326973.280435
1731790,IT,SI,PAPER,CEMEN,0.58,150397.405,5,5,150396.39,0.0,1.0,0.0,0.015,259305.87069
1737463,IT,GB,LEATH,MACHI,1.08,150365.842,5,5,150364.816,0.0,1.0,0.0,0.026,139227.631481
1756805,IT,KR,AIRTR,93197,0.16,150355.769,4,4,150355.764,0.0,0.0,0.0,0.005,939723.55625
1813608,IT,WM,WHOLE,EDUCA,1.3,150352.55,4,4,150352.541,0.0,0.0,0.0,0.009,115655.807692
1732306,IT,SI,NAPHT,RUBBE,0.26,150348.935,4,4,150348.924,0.0,0.0,0.0,0.011,578265.134615
1767346,IT,RU,RAILW,MOTO1,1.01,150316.622,5,5,150315.615,0.0,0.0,1.0,0.007,148828.338614
1805840,IT,WF,ALUM1,NICKE,0.26,150310.211,4,4,150310.199,0.0,0.0,0.0,0.012,578116.196154
1728132,IT,SE,VEGE1,HEALT,0.46,150301.704,5,5,150300.671,0.0,1.0,0.0,0.033,326742.834783
1772530,IT,CH,RUBBE,PLAST,0.5,150301.45,4,4,150301.436,0.0,0.0,0.0,0.014,300602.9
1743684,IT,US,HOTEL,TEXT2,1.09,150287.488,4,4,150287.477,0.0,0.0,0.0,0.011,137878.429358
1737669,IT,GB,PRINT,RUBBE,1.44,150277.293,4,4,150277.282,0.0,0.0,0.0,0.011,104359.23125
1807353,IT,WF,FINAN,CRUDE,1.96,150270.866,4,4,150270.862,0.0,0.0,0.0,0.004,76668.809184
1771840,IT,CH,WOODW,OFFIC,0.42,150265.905,5,5,150264.895,0.0,1.0,0.0,0.01,357775.964286
1753686,IT,CA,MOTO1,WHOLE,0.8,150247.689,4,4,150247.679,0.0,0.0,0.0,0.01,187809.61125
1802947,IT,WF,WHEAT,NATU1,0.11,150209.29,5,5,150208.286,0.0,1.0,0.0,0.004,1365539.0
1654166,IT,CZ,MOTO1,ALUM1,0.8,150194.494,4,4,150194.484,0.0,0.0,0.0,0.01,187743.1175
1728167,IT,SE,DAIRY,EDUCA,0.61,150191.709,5,5,150190.699,0.0,1.0,0.0,0.01,246215.916393
1657397,IT,DE,RUBBE,SUGA1,0.5,150190.149,4,4,150190.135,0.0,0.0,0.0,0.014,300380.298
1686122,IT,HU,RUBBE,HOTEL,0.5,150189.575,4,4,150189.561,0.0,0.0,0.0,0.014,300379.15
1676946,IT,FR,AIRTR,HEAVY,0.16,150181.193,4,4,150181.188,0.0,0.0,0.0,0.005,938632.45625
1763925,IT,MX,BASIC,CHEM1,0.17,150161.525,4,4,150161.516,0.0,0.0,0.0,0.009,883303.088235
1659521,IT,DE,RETA1,COLLE,1.57,150154.523,4,4,150154.513,0.0,0.0,0.0,0.01,95639.823567
1652419,IT,CZ,TEXTI,FURNI,0.89,150145.259,4,4,150145.239,0.0,0.0,0.0,0.02,168702.538202
1739941,IT,GB,INSUR,REALE,3.09,150137.677,4,4,150137.67,0.0,0.0,0.0,0.007,48588.244984
1739613,IT,GB,SEACO,CONST,0.15,150135.125,4,4,150135.122,0.0,0.0,0.0,0.003,1000900.833333
1727081,IT,RO,LANDT,CEREA,0.97,150124.815,4,4,150124.808,0.0,0.0,0.0,0.007,154767.850515
1786313,IT,ZA,FABRI,REALE,0.61,150124.163,4,4,150124.152,0.0,0.0,0.0,0.011,246105.185246
1784259,IT,ID,CHEM1,LEATH,0.31,150113.59,4,4,150113.574,0.0,0.0,0.0,0.016,484237.387097
1758589,IT,BR,MOTO1,MACHI,0.8,150112.503,4,4,150112.493,0.0,0.0,0.0,0.01,187640.62875
1656981,IT,DE,LIQUE,SUPPO,0.26,150081.878,4,4,150081.866,0.0,0.0,0.0,0.012,577237.992308
1676821,IT,FR,LANDT,ELEC4,0.97,150076.724,4,4,150076.717,0.0,0.0,0.0,0.007,154718.272165
1680971,IT,GR,INLAN,LUBRI,0.24,150073.069,4,4,150073.059,0.0,0.0,0.0,0.01,625304.454167
1791859,IT,WA,LANDT,HOTEL,0.97,150068.987,4,4,150068.98,0.0,0.0,0.0,0.007,154710.295876
1739895,IT,GB,FINAN,SUPPO,1.95,150066.136,4,4,150066.132,0.0,0.0,0.0,0.004,76956.992821
1771671,IT,CH,WEARI,SALEM,1.13,150044.472,4,4,150044.443,0.0,0.0,0.0,0.029,132782.718584
1768875,IT,AU,WOODW,BITUM,0.42,150037.793,5,5,150036.783,0.0,1.0,0.0,0.01,357232.840476
1791365,IT,WA,SALEM,LANDT,1.21,150025.69,4,4,150025.681,0.0,0.0,0.0,0.009,123988.173554
1745508,IT,JP,FOOD5,RETAI,0.72,150022.244,5,5,150021.231,0.0,1.0,0.0,0.013,208364.227778
1813298,IT,WM,TRANS,INLAN,0.9,150018.554,4,4,150018.546,0.0,0.0,0.0,0.008,166687.282222
1794341,IT,WL,MOTOR,RAILW,0.22,150017.002,4,4,150016.99,0.0,0.0,0.0,0.012,681895.463636
1779668,IT,TR,RESEA,FABRI,0.81,150006.577,4,4,150006.566,0.0,0.0,0.0,0.011,185193.304938
1723222,IT,PT,RUBBE,RENTI,0.5,149974.127,4,4,149974.113,0.0,0.0,0.0,0.014,299948.254
1803398,IT,WF,CHEMI,AUXIL,0.36,149972.627,6,6,149964.613,0.0,1.0,7.0,0.014,416590.630556
1771385,IT,CH,FOOD5,MEATP,0.72,149961.436,5,5,149960.423,0.0,1.0,0.0,0.013,208279.772222
1800084,IT,WE,NAPHT,DAIRY,0.25,149949.873,4,4,149949.862,0.0,0.0,0.0,0.011,599799.492
1767569,IT,RU,AIRTR,RESEA,0.16,149924.926,4,4,149924.921,0.0,0.0,0.0,0.005,937030.7875
1722491,IT,PT,FOOD5,MEATC,0.72,149915.79,5,5,149914.777,0.0,1.0,0.0,0.013,208216.375
1801538,IT,WE,MOTO1,PRIVA,0.8,149909.838,4,4,149909.828,0.0,0.0,0.0,0.01,187387.2975
1658733,IT,DE,OFFIC,SEACO,0.46,149890.204,4,4,149890.193,0.0,0.0,0.0,0.011,325848.269565
1805099,IT,WF,NFERT,NICKE,0.03,149889.709,4,4,149889.697,0.0,0.0,0.0,0.012,4996323.633333
1670996,IT,FI,CHEM1,FOOD4,0.31,149856.82,4,4,149856.804,0.0,0.0,0.0,0.016,483409.096774
1772696,IT,CH,CERAM,TRAN1,0.23,149856.487,5,5,149855.479,0.0,0.0,1.0,0.008,651549.943478
1728717,IT,SE,MOTOR,SUPPO,0.22,149855.238,4,4,149855.226,0.0,0.0,0.0,0.012,681160.172727
1748501,IT,CN,SANDC,CEMEN,0.34,149850.86,5,5,149817.855,0.0,0.0,33.0,0.005,440737.823529
1655915,IT,DE,PROCE,BEVER,1.01,149849.066,5,5,149848.057,0.0,1.0,0.0,0.009,148365.411881
1731333,IT,SI,DAIRY,DAIRY,0.61,149844.892,5,5,149843.882,0.0,1.0,0.0,0.01,245647.363934
1731427,IT,SI,FOOD5,RETA1,0.72,149836.732,5,5,149835.719,0.0,1.0,0.0,0.013,208106.572222
1807171,IT,WF,AIRTR,COPP1,0.16,149808.662,4,4,149808.657,0.0,0.0,0.0,0.005,936304.1375
1749405,IT,CN,KEROS,NATUR,0.22,149797.473,4,4,149797.461,0.0,0.0,0.0,0.012,680897.604545
1800652,IT,WE,CERAM,PAPER,0.23,149794.953,5,5,149793.945,0.0,0.0,1.0,0.008,651282.404348
1777781,IT,TR,FABRI,CHEMI,0.61,149789.032,4,4,149789.021,0.0,0.0,0.0,0.011,245555.790164
1772525,IT,CH,RUBBE,GASDI,0.5,149788.32,4,4,149788.306,0.0,0.0,0.0,0.014,299576.64
1671943,IT,FI,LANDT,MOTOR,0.97,149787.153,4,4,149787.146,0.0,0.0,0.0,0.007,154419.745361
1758334,IT,BR,NONF1,CERAM,0.03,149780.655,3,3,149780.655,0.0,0.0,0.0,0.0,4992688.5
1755059,IT,KR,WEARI,RETA1,1.13,149773.26,4,4,149773.232,0.0,0.0,0.0,0.028,132542.707965
1769301,IT,AU,RUBBE,RENTI,0.5,149772.347,4,4,149772.333,0.0,0.0,0.0,0.014,299544.694
1677095,IT,FR,SUPPO,INLAN,1.08,149755.497,4,4,149755.49,0.0,0.0,0.0,0.007,138662.497222
1658209,IT,DE,LEAD1,FOUND,0.26,149718.262,5,5,149717.249,0.0,0.0,1.0,0.013,575839.469231
1749222,IT,CN,PAPER,BEVER,0.58,149703.24,5,5,149702.225,0.0,1.0,0.0,0.015,258109.034483
1684684,IT,HU,CEREA,FOOD5,0.24,149700.143,5,5,149699.135,0.0,1.0,0.0,0.008,623750.595833
1685101,IT,HU,FOOD5,PLAST,0.72,149690.665,5,5,149689.652,0.0,1.0,0.0,0.013,207903.701389
1746211,IT,JP,CHEM1,DAIRY,0.31,149664.087,4,4,149664.071,0.0,0.0,0.0,0.016,482787.377419
1794097,IT,WL,PAPER,CERAM,0.58,149651.178,5,5,149650.163,0.0,1.0,0.0,0.015,258019.272414
1762186,IT,IN,SEACO,BITUM,0.15,149643.573,4,4,149643.57,0.0,0.0,0.0,0.003,997623.82
1790328,IT,WA,ALUM1,NONME,0.26,149605.195,4,4,149605.183,0.0,0.0,0.0,0.012,575404.596154
1680033,IT,GR,MACHI,PLAST,0.83,149592.31,4,4,149592.298,0.0,0.0,0.0,0.012,180231.698795
1646233,IT,BE,LEAD1,SUGA1,0.26,149542.434,5,5,149541.421,0.0,0.0,1.0,0.013,575163.207692
1811315,IT,WM,BITU1,TRANS,0.24,149530.097,4,4,149530.085,0.0,0.0,0.0,0.012,623042.070833
1640644,IT,AT,BEVER,RETA1,0.64,149529.344,4,4,149529.334,0.0,0.0,0.0,0.01,233639.6
1675858,IT,FR,ELEC1,RESEA,0.02,149508.992,4,4,149508.983,0.0,0.0,0.0,0.009,7475449.6
1675786,IT,FR,FURNI,INSUR,0.48,149502.249,4,4,149502.236,0.0,0.0,0.0,0.013,311463.01875
1764293,IT,MX,MACHI,RESEA,0.83,149494.582,4,4,149494.57,0.0,0.0,0.0,0.012,180113.954217
1668787,IT,ES,LANDT,COMPU,0.96,149488.749,4,4,149488.742,0.0,0.0,0.0,0.007,155717.446875
1773748,IT,CH,ELEC1,RESEA,0.02,149481.492,4,4,149481.483,0.0,0.0,0.0,0.009,7474074.6
1740954,IT,US,FOOD5,REALE,0.72,149468.322,5,5,149467.309,0.0,1.0,0.0,0.013,207594.891667
1729588,IT,SE,NONF1,BASIC,0.03,149460.721,3,3,149460.721,0.0,0.0,0.0,0.0,4982024.033333
1655465,IT,DE,FISHF,FISHF,0.26,149454.937,4,4,149454.932,0.0,0.0,0.0,0.005,574826.680769
1666049,IT,ES,KEROS,PUBLI,0.22,149454.221,4,4,149454.209,0.0,0.0,0.0,0.012,679337.368182
1676391,IT,FR,WHOLE,FURNI,1.29,149450.62,4,4,149450.611,0.0,0.0,0.0,0.009,115853.193798
1650340,IT,BG,ELEC2,BIOGA,0.04,149436.472,4,4,149436.456,0.0,0.0,0.0,0.016,3735911.8
1642667,IT,AT,FABRI,SUPPO,0.61,149423.626,4,4,149423.615,0.0,0.0,0.0,0.011,244956.763934
1673857,IT,FR,PRINT,RENTI,1.43,149420.823,4,4,149420.812,0.0,0.0,0.0,0.011,104490.086014
1764419,IT,MX,TRANS,TRANS,0.89,149420.107,4,4,149420.099,0.0,0.0,0.0,0.008,167887.760674
1645647,IT,BE,CHEM1,COLLE,0.31,149419.427,4,4,149419.411,0.0,0.0,0.0,0.016,481998.151613
1656102,IT,DE,BEVER,BUSIN,0.64,149418.486,4,4,149418.476,0.0,0.0,0.0,0.01,233466.384375
1675884,IT,FR,ELEC2,HEAVY,0.04,149410.588,4,4,149410.572,0.0,0.0,0.0,0.016,3735264.7
1712483,IT,LV,COPP1,CONST,0.38,149406.557,4,4,149406.549,0.0,0.0,0.0,0.008,393175.15
1807123,IT,WF,AIRTR,FORES,0.16,149391.741,4,4,149391.736,0.0,0.0,0.0,0.005,933698.38125
1769738,IT,AU,MACHI,FOOD5,0.83,149344.23,4,4,149344.218,0.0,0.0,0.0,0.012,179932.807229
1665437,IT,ES,TEXTI,PUBLI,0.88,149322.245,4,4,149322.225,0.0,0.0,0.0,0.02,169684.369318
1748801,IT,CN,TEXTI,PREC1,0.88,149317.158,4,4,149317.138,0.0,0.0,0.0,0.02,169678.588636
1666216,IT,ES,HEAVY,REFI1,0.24,149288.342,4,4,149288.33,0.0,0.0,0.0,0.012,622034.758333
1671525,IT,FI,MACHI,SUPPO,0.83,149284.721,4,4,149284.709,0.0,0.0,0.0,0.012,179861.109639
1645034,IT,BE,PAPER,MEATP,0.58,149276.065,5,5,149275.05,0.0,1.0,0.0,0.015,257372.525862
1721060,IT,PL,HOTEL,MOTO1,1.08,149237.068,4,4,149237.057,0.0,0.0,0.0,0.011,138182.47037
1753462,IT,CA,FABRI,FOUND,0.61,149216.7,4,4,149216.689,0.0,0.0,0.0,0.011,244617.540984
1804286,IT,WF,MOTOR,WEARI,0.22,149198.337,4,4,149198.325,0.0,0.0,0.0,0.012,678174.259091
1738306,IT,GB,BASIC,PFERT,0.17,149194.591,4,4,149194.582,0.0,0.0,0.0,0.009,877615.241176
1642118,IT,AT,GLASS,PUBLI,0.41,149188.922,5,5,149187.913,0.0,0.0,1.0,0.009,363875.419512
1641393,IT,AT,KEROS,93197,0.22,149171.87,4,4,149171.858,0.0,0.0,0.0,0.012,678053.954545
1772971,IT,CH,PREC1,SALEM,0.25,149167.395,4,4,149167.388,0.0,0.0,0.0,0.007,596669.58
1683683,IT,HR,FABRI,RESEA,0.61,149136.214,4,4,149136.203,0.0,0.0,0.0,0.011,244485.596721
1711034,IT,LU,NONME,RECRE,0.3,149130.985,4,4,149130.969,0.0,0.0,0.0,0.016,497103.283333
1666123,IT,ES,GASDI,BASIC,0.22,149118.709,4,4,149118.697,0.0,0.0,0.0,0.012,677812.313636
1811721,IT,WM,ADDIT,NATUR,0.35,149109.797,5,5,149108.785,0.0,1.0,0.0,0.012,426027.991429
1768413,IT,AU,VEGE1,WHOLE,0.46,149101.567,5,5,149100.535,0.0,1.0,0.0,0.032,324133.841304
1658871,IT,DE,TRANS,FABRI,0.89,149095.792,4,4,149095.784,0.0,0.0,0.0,0.008,167523.361798
1759723,IT,BR,BUSIN,SUGA1,1.53,149086.102,4,4,149086.092,0.0,0.0,0.0,0.01,97441.896732
1805014,IT,WF,PLAST,LIQUE,0.31,149081.819,4,4,149081.804,0.0,0.0,0.0,0.015,480909.093548
1798477,IT,WE,NATUR,WHOLE,0.21,149077.529,4,4,149077.519,0.0,0.0,0.0,0.01,709892.995238
1713178,IT,MT,TEXTI,AIRTR,0.88,149058.22,4,4,149058.2,0.0,0.0,0.0,0.02,169384.340909
1729385,IT,SE,BASIC,ALUM1,0.17,149051.785,4,4,149051.776,0.0,0.0,0.0,0.009,876775.205882
1720369,IT,PL,FABRI,93197,0.61,149050.848,4,4,149050.837,0.0,0.0,0.0,0.011,244345.652459
1765189,IT,MX,BUSIN,WHOLE,1.53,149013.416,4,4,149013.406,0.0,0.0,0.0,0.01,97394.389542
1650595,IT,BG,ELEC8,NONF1,1.98,148999.803,4,4,148999.795,0.0,0.0,0.0,0.008,75252.425758
1731577,IT,SI,TEXTI,RETA1,0.88,148997.761,4,4,148997.741,0.0,0.0,0.0,0.02,169315.6375
1719462,IT,PL,RUBBE,INTER,0.49,148994.099,4,4,148994.085,0.0,0.0,0.0,0.014,304069.589796
1690312,IT,IE,FOOD2,FOOD5,0.87,148985.863,4,4,148985.853,0.0,0.0,0.0,0.01,171248.118391
1744752,IT,US,RESEA,WOODW,0.81,148981.229,4,4,148981.219,0.0,0.0,0.0,0.01,183927.44321
1764324,IT,MX,OFFIC,RADIO,0.46,148968.098,4,4,148968.087,0.0,0.0,0.0,0.011,323843.691304
1764814,IT,MX,SEACO,MEATP,0.15,148961.664,4,4,148961.661,0.0,0.0,0.0,0.003,993077.76
1685313,IT,HU,WEARI,RUBBE,1.12,148959.946,4,4,148959.918,0.0,0.0,0.0,0.028,132999.951786
1747195,IT,JP,CONST,SUPPO,0.83,148942.155,5,5,148941.147,0.0,0.0,1.0,0.008,179448.379518
1724091,IT,PT,WHOLE,POSTT,1.29,148934.232,4,4,148934.223,0.0,0.0,0.0,0.009,115452.893023
1792620,IT,WA,COMPU,PUBLI,1.7,148931.444,4,4,148931.435,0.0,0.0,0.0,0.009,87606.731765
1748372,IT,CN,OILSE,HOTEL,0.11,148928.2,5,5,148927.193,0.0,1.0,0.0,0.007,1353892.727273
1718787,IT,PL,PAPER,WEARI,0.58,148913.914,5,5,148912.899,0.0,1.0,0.0,0.015,256748.127586
1685797,IT,HU,PLAST,CONST,0.31,148906.974,4,4,148906.959,0.0,0.0,0.0,0.015,480345.077419
1674421,IT,FR,CHEM1,SEWAG,0.31,148892.355,4,4,148892.339,0.0,0.0,0.0,0.016,480297.919355
1756794,IT,KR,AIRTR,AUXIL,0.16,148876.535,4,4,148876.53,0.0,0.0,0.0,0.005,930478.34375
1748474,IT,CN,STONE,RADIO,0.48,148875.734,5,5,148867.727,0.0,0.0,8.0,0.007,310157.779167
1780516,IT,TW,POSTT,HOTEL,2.45,148865.028,4,4,148865.017,0.0,0.0,0.0,0.011,60761.235918
1727908,IT,SE,VEGET,VEGET,0.53,148860.876,5,5,148859.87,0.0,1.0,0.0,0.006,280869.577358
1649656,IT,BG,CERAM,TEXTI,0.23,148854.723,5,5,148853.715,0.0,0.0,1.0,0.008,647194.447826
1652515,IT,CZ,WEARI,CONST,1.12,148853.191,4,4,148853.163,0.0,0.0,0.0,0.028,132904.634821
1761898,IT,IN,FURNI,CRUDE,0.48,148848.575,4,4,148848.562,0.0,0.0,0.0,0.013,310101.197917
1788591,IT,WA,PAPER,POSTT,0.58,148838.261,5,5,148837.246,0.0,1.0,0.0,0.015,256617.691379
1764828,IT,MX,SEACO,BASIC,0.15,148837.139,4,4,148837.136,0.0,0.0,0.0,0.003,992247.593333
1810632,IT,WM,COKEO,GASDI,0.02,148836.315,3,3,148836.315,0.0,0.0,0.0,0.0,7441815.75
1758568,IT,BR,OFFIC,COMPU,0.46,148833.229,4,4,148833.218,0.0,0.0,0.0,0.011,323550.497826
1743564,IT,US,HOTEL,CHEMI,1.08,148821.291,4,4,148821.28,0.0,0.0,0.0,0.011,137797.491667
1795169,IT,WL,RUBBE,AIRTR,0.49,148821.088,4,4,148821.075,0.0,0.0,0.0,0.013,303716.506122
1794240,IT,WL,MOTOR,PADDY,0.22,148811.395,4,4,148811.383,0.0,0.0,0.0,0.012,676415.431818
1761486,IT,IN,PREC1,TRANS,0.25,148810.524,4,4,148810.517,0.0,0.0,0.0,0.007,595242.096
1681034,IT,GR,AIRTR,RETA1,0.16,148794.338,4,4,148794.333,0.0,0.0,0.0,0.005,929964.6125
1762319,IT,IN,AIRTR,93197,0.16,148787.106,4,4,148787.101,0.0,0.0,0.0,0.005,929919.4125
1667894,IT,ES,MOTO1,LEAD1,0.79,148787.027,4,4,148787.017,0.0,0.0,0.0,0.01,188338.008861
1719187,IT,PL,PLAST,TRAN2,0.31,148783.805,4,4,148783.79,0.0,0.0,0.0,0.015,479947.758065
1790244,IT,WA,PREC1,MOTO1,0.25,148770.989,4,4,148770.982,0.0,0.0,0.0,0.007,595083.956
1667680,IT,ES,MACHI,ELEC2,0.83,148768.859,4,4,148768.847,0.0,0.0,0.0,0.012,179239.589157
1745834,IT,JP,LEATH,TEXTI,1.07,148765.292,5,5,148764.266,0.0,1.0,0.0,0.026,139032.983178
1736400,IT,SK,LANDT,PLAST,0.96,148743.994,4,4,148743.987,0.0,0.0,0.0,0.007,154941.660417
1808526,IT,WF,PAPE4,CRUDE,0.98,148740.756,4,4,148740.747,0.0,0.0,0.0,0.009,151776.281633
1649467,IT,BG,CHEM1,REALE,0.31,148739.446,4,4,148739.43,0.0,0.0,0.0,0.016,479804.664516
1720515,IT,PL,MACHI,MEMBE,0.83,148737.385,4,4,148737.373,0.0,0.0,0.0,0.012,179201.668675
1732162,IT,SI,GASDI,COLLE,0.22,148735.434,4,4,148735.422,0.0,0.0,0.0,0.012,676070.154545
1717061,IT,NL,LANDT,RAILW,0.96,148725.64,4,4,148725.633,0.0,0.0,0.0,0.007,154922.541667
1736143,IT,SK,CONST,PUBLI,0.83,148723.225,5,5,148722.217,0.0,0.0,1.0,0.008,179184.608434
1732146,IT,SI,GASDI,FABRI,0.22,148716.137,4,4,148716.125,0.0,0.0,0.0,0.012,675982.440909
1732832,IT,SI,BASIC,LEAD1,0.17,148713.564,4,4,148713.555,0.0,0.0,0.0,0.009,874785.670588
1786932,IT,ZA,AIRTR,BUSIN,0.16,148709.942,4,4,148709.937,0.0,0.0,0.0,0.005,929437.1375
1718522,IT,PL,TEXTI,BUSIN,0.88,148693.976,4,4,148693.956,0.0,0.0,0.0,0.02,168970.427273
1656689,IT,DE,COKEO,ELEC2,0.02,148683.87,3,3,148683.87,0.0,0.0,0.0,0.0,7434193.5
1641379,IT,AT,KEROS,FINAN,0.22,148672.282,4,4,148672.27,0.0,0.0,0.0,0.012,675783.1
1763400,IT,MX,PRINT,PUBLI,1.43,148660.524,4,4,148660.513,0.0,0.0,0.0,0.011,103958.408392
1781655,IT,NO,LEATH,MOTO1,1.06,148658.961,5,5,148657.935,0.0,1.0,0.0,0.026,140244.30283
1810039,IT,WM,TEXTI,MOTOR,0.88,148650.411,4,4,148650.391,0.0,0.0,0.0,0.02,168920.921591
1756133,IT,KR,MACHI,VEGET,0.83,148642.516,4,4,148642.504,0.0,0.0,0.0,0.012,179087.368675
1780883,IT,TW,RESEA,LIQUE,0.81,148633.985,4,4,148633.975,0.0,0.0,0.0,0.01,183498.746914
1799660,IT,WE,MOTOR,RUBBE,0.22,148608.258,4,4,148608.246,0.0,0.0,0.0,0.012,675492.081818
1805375,IT,WF,RUBBE,CEMEN,0.49,148601.277,4,4,148601.264,0.0,0.0,0.0,0.013,303267.912245
1762431,IT,IN,POSTT,FINAN,2.45,148572.82,4,4,148572.809,0.0,0.0,0.0,0.011,60641.967347
1719808,IT,PL,BASIC,CERAM,0.17,148568.51,4,4,148568.501,0.0,0.0,0.0,0.009,873932.411765
1663285,IT,DK,SEACO,RESEA,0.15,148567.943,4,4,148567.94,0.0,0.0,0.0,0.003,990452.953333
1675622,IT,FR,MOTO1,REALE,0.79,148539.425,4,4,148539.415,0.0,0.0,0.0,0.01,188024.588608
1652319,IT,CZ,BEVER,WHOLE,0.63,148532.418,4,4,148532.408,0.0,0.0,0.0,0.01,235765.742857
1757961,IT,BR,ADDIT,LANDT,0.34,148511.168,5,5,148510.156,0.0,1.0,0.0,0.012,436797.552941
1754489,IT,CA,BUSIN,PRINT,1.53,148506.279,4,4,148506.269,0.0,0.0,0.0,0.01,97062.927451
1741895,IT,US,CHEM1,ETHAN,0.31,148483.175,4,4,148483.159,0.0,0.0,0.0,0.016,478977.983871
1643742,IT,AT,SUPPO,LANDT,1.07,148426.447,4,4,148426.44,0.0,0.0,0.0,0.007,138716.305607
1738281,IT,GB,NONME,WHOLE,0.3,148425.303,4,4,148425.287,0.0,0.0,0.0,0.016,494751.01
1804575,IT,WF,HEAVY,PRECI,0.24,148423.612,4,4,148423.6,0.0,0.0,0.0,0.012,618431.716667
1656593,IT,DE,PRINT,RUBBE,1.42,148419.906,4,4,148419.895,0.0,0.0,0.0,0.011,104521.060563
1653174,IT,CZ,CHEM1,PUBLI,0.31,148418.668,4,4,148418.652,0.0,0.0,0.0,0.016,478769.896774
1687635,IT,HU,AIRTR,BEVER,0.16,148416.113,4,4,148416.108,0.0,0.0,0.0,0.005,927600.70625
1798758,IT,WE,FOOD5,NATUR,0.71,148402.555,5,5,148401.542,0.0,1.0,0.0,0.013,209017.683099
1650871,IT,BG,LANDT,SUPPO,0.96,148401.568,4,4,148401.561,0.0,0.0,0.0,0.007,154584.966667
1804021,IT,WF,WOODW,STONE,0.42,148395.725,5,5,148394.715,0.0,1.0,0.0,0.01,353323.154762
1675631,IT,FR,MOTO1,PAPE1,0.79,148382.304,4,4,148382.294,0.0,0.0,0.0,0.01,187825.701266
1811523,IT,WM,NFERT,WHOLE,0.03,148380.636,4,4,148380.624,0.0,0.0,0.0,0.012,4946021.2
1734479,IT,SK,CHEMI,DAIRY,0.35,148348.336,6,6,148340.322,0.0,1.0,7.0,0.014,423852.388571
1673852,IT,FR,PRINT,POSTT,1.42,148342.697,4,4,148342.686,0.0,0.0,0.0,0.011,104466.688028
1657261,IT,DE,CHEM1,ELEC5,0.31,148339.238,4,4,148339.222,0.0,0.0,0.0,0.016,478513.670968
1675779,IT,FR,FURNI,RAILW,0.47,148317.512,4,4,148317.499,0.0,0.0,0.0,0.013,315569.174468
1756806,IT,KR,AIRTR,PRIVA,0.16,148305.465,4,4,148305.46,0.0,0.0,0.0,0.005,926909.15625
1758342,IT,BR,NONF1,MACHI,0.03,148305.036,3,3,148305.036,0.0,0.0,0.0,0.0,4943501.2
1656050,IT,DE,BEVER,LEATH,0.63,148296.045,4,4,148296.035,0.0,0.0,0.0,0.01,235390.547619
1676367,IT,FR,WHOLE,TEXTI,1.28,148294.391,4,4,148294.382,0.0,0.0,0.0,0.009,115854.992969
1759636,IT,BR,RESEA,PLAST,0.8,148291.066,4,4,148291.056,0.0,0.0,0.0,0.01,185363.8325
1726356,IT,RO,ALUM1,RECRE,0.26,148250.688,4,4,148250.676,0.0,0.0,0.0,0.012,570194.953846
1746390,IT,JP,RUBBE,ELECT,0.49,148233.713,4,4,148233.7,0.0,0.0,0.0,0.013,302517.781633
1715657,IT,NL,NAPHT,RESEA,0.25,148225.316,4,4,148225.305,0.0,0.0,0.0,0.011,592901.264
1662227,IT,DK,GLASS,OFFIC,0.41,148207.695,5,5,148206.687,0.0,0.0,1.0,0.008,361482.182927
1796965,IT,WL,AIRTR,BIOGA,0.16,148194.437,4,4,148194.432,0.0,0.0,0.0,0.005,926215.23125
1732318,IT,SI,NAPHT,FABRI,0.25,148193.822,4,4,148193.811,0.0,0.0,0.0,0.011,592775.288
1813072,IT,WM,OFFIC,LANDT,0.46,148190.591,4,4,148190.58,0.0,0.0,0.0,0.011,322153.458696
1812533,IT,WM,ALUM1,PLAST,0.26,148188.481,4,4,148188.469,0.0,0.0,0.0,0.012,569955.696154
1679910,IT,GR,NONF1,FABRI,0.03,148185.145,3,3,148185.145,0.0,0.0,0.0,0.0,4939504.833333
1796831,IT,WL,SEACO,MEATC,0.15,148173.666,4,4,148173.663,0.0,0.0,0.0,0.003,987824.44
1805095,IT,WF,NFERT,FORES,0.03,148153.936,4,4,148153.924,0.0,0.0,0.0,0.012,4938464.533333
1666365,IT,ES,NAPHT,SUGA1,0.25,148150.961,4,4,148150.95,0.0,0.0,0.0,0.011,592603.844
1766485,IT,RU,ALUM1,ALUM1,0.26,148150.483,4,4,148150.471,0.0,0.0,0.0,0.012,569809.55
1650304,IT,BG,ELEC2,FORES,0.04,148129.826,4,4,148129.81,0.0,0.0,0.0,0.016,3703245.65
1799773,IT,WE,KEROS,RESEA,0.22,148119.852,4,4,148119.84,0.0,0.0,0.0,0.012,673272.054545
1654319,IT,CZ,ELEC2,WHOLE,0.04,148107.821,4,4,148107.806,0.0,0.0,0.0,0.015,3702695.525
1672027,IT,FI,SEACO,COMPU,0.15,148099.74,4,4,148099.737,0.0,0.0,0.0,0.003,987331.6
1808486,IT,WF,FOOD4,CONST,1.07,148092.48,4,4,148092.471,0.0,0.0,0.0,0.009,138404.186916
1796701,IT,WL,RAILW,WHOLE,0.99,148091.844,5,5,148090.837,0.0,0.0,1.0,0.007,149587.721212
1663236,IT,DK,SEACO,DAIRY,0.15,148089.347,4,4,148089.344,0.0,0.0,0.0,0.003,987262.313333
1720335,IT,PL,FABRI,HOTEL,0.6,148086.458,4,4,148086.447,0.0,0.0,0.0,0.011,246810.763333
1801456,IT,WE,MOTO1,SUGA1,0.79,148086.239,4,4,148086.229,0.0,0.0,0.0,0.01,187450.935443
1645560,IT,BE,CHEM1,CATTL,0.31,148083.105,4,4,148083.089,0.0,0.0,0.0,0.016,477687.435484
1667405,IT,ES,COPP1,SECO9,0.37,148081.768,4,4,148081.76,0.0,0.0,0.0,0.008,400220.994595
1658135,IT,DE,ALUM1,CEMEN,0.26,148079.966,4,4,148079.954,0.0,0.0,0.0,0.012,569538.330769
1747141,IT,JP,CONST,PRINT,0.83,148076.317,5,5,148075.309,0.0,0.0,1.0,0.008,178405.201205
1738740,IT,GB,MACHI,FOOD2,0.83,148064.05,4,4,148064.038,0.0,0.0,0.0,0.012,178390.421687
1778839,IT,TR,LANDT,HEALT,0.96,148044.462,4,4,148044.455,0.0,0.0,0.0,0.007,154212.98125
1784270,IT,ID,CHEM1,CERAM,0.31,148020.433,4,4,148020.417,0.0,0.0,0.0,0.016,477485.267742
1746322,IT,JP,ADDIT,KEROS,0.34,148011.846,5,5,148010.834,0.0,1.0,0.0,0.012,435328.958824
1658988,IT,DE,ELEC1,BUSIN,0.02,148008.496,4,4,148008.487,0.0,0.0,0.0,0.009,7400424.8
1794580,IT,WL,HEAVY,GLASS,0.24,148004.107,4,4,148004.095,0.0,0.0,0.0,0.012,616683.779167
1724848,IT,PT,BUSIN,FOOD5,1.52,147987.799,4,4,147987.789,0.0,0.0,0.0,0.01,97360.394079
1732187,IT,SI,GASDI,INTER,0.22,147986.455,4,4,147986.443,0.0,0.0,0.0,0.012,672665.704545
1741827,IT,US,NFERT,CHEM1,0.03,147983.145,4,4,147983.133,0.0,0.0,0.0,0.012,4932771.5
1665191,IT,ES,FOOD5,DAIRY,0.71,147969.661,5,5,147968.648,0.0,1.0,0.0,0.013,208407.973239
1735330,IT,SK,CERAM,WHOLE,0.23,147967.316,5,5,147966.308,0.0,0.0,1.0,0.008,643336.156522
1809840,IT,WM,FOOD5,AUXIL,0.71,147966.235,5,5,147965.222,0.0,1.0,0.0,0.013,208403.147887
1782609,IT,NO,FURNI,HOTEL,0.47,147952.312,4,4,147952.299,0.0,0.0,0.0,0.013,314792.153191
1653664,IT,CZ,ALUM1,DIST1,0.26,147947.326,4,4,147947.314,0.0,0.0,0.0,0.012,569028.176923
1732032,IT,SI,KEROS,ELEC4,0.22,147940.737,4,4,147940.725,0.0,0.0,0.0,0.012,672457.895455
1665892,IT,ES,COALT,COKEO,0.23,147936.502,4,4,147936.493,0.0,0.0,0.0,0.009,643202.182609
1749062,IT,CN,LEATH,POSTT,1.06,147934.119,5,5,147933.093,0.0,1.0,0.0,0.026,139560.489623
1801268,IT,WE,MACHI,CROPS,0.83,147919.414,4,4,147919.402,0.0,0.0,0.0,0.012,178216.161446
1713522,IT,MT,GLASS,CHEM1,0.41,147913.583,5,5,147912.575,0.0,0.0,1.0,0.008,360764.836585
1645367,IT,BE,HEAVY,MOTOR,0.24,147908.185,4,4,147908.173,0.0,0.0,0.0,0.012,616284.104167
1805898,IT,WF,ALUM1,WHOLE,0.26,147902.561,4,4,147902.549,0.0,0.0,0.0,0.012,568856.003846
1659744,IT,DE,RAILW,RESEA,0.99,147889.673,5,5,147888.666,0.0,0.0,1.0,0.007,149383.508081
1658169,IT,DE,ALUM1,COLLE,0.26,147870.072,4,4,147870.06,0.0,0.0,0.0,0.012,568731.046154
1688787,IT,IE,RUBBE,COMPU,0.49,147856.967,4,4,147856.954,0.0,0.0,0.0,0.013,301748.912245
1645041,IT,BE,PAPER,BEVER,0.57,147852.22,5,5,147851.205,0.0,1.0,0.0,0.015,259389.859649
1667205,IT,ES,PREC1,PRINT,0.25,147848.275,4,4,147848.268,0.0,0.0,0.0,0.007,591393.1
1713711,IT,MT,FABRI,BUSIN,0.6,147839.877,4,4,147839.866,0.0,0.0,0.0,0.011,246399.795
1803419,IT,WF,MEATC,HOTEL,0.49,147831.737,5,5,147829.728,0.0,2.0,0.0,0.009,301697.422449
1759169,IT,BR,AIRTR,AUXIL,0.16,147828.672,4,4,147828.667,0.0,0.0,0.0,0.005,923929.2
1718190,IT,PL,DAIRY,WHOLE,0.6,147808.295,5,5,147807.285,0.0,1.0,0.0,0.01,246347.158333
1719332,IT,PL,CHEM1,INERT,0.31,147799.368,4,4,147799.352,0.0,0.0,0.0,0.016,476772.154839
1646575,IT,BE,OFFIC,BUSIN,0.46,147775.6,4,4,147775.589,0.0,0.0,0.0,0.011,321251.304348
1788107,IT,WA,WEARI,FISHF,1.11,147770.603,4,4,147770.575,0.0,0.0,0.0,0.028,133126.669369
1739551,IT,GB,TRAN2,KEROS,0.23,147761.375,4,4,147761.371,0.0,0.0,0.0,0.004,642440.76087
1777946,IT,TR,MACHI,ALUM1,0.82,147760.972,4,4,147760.96,0.0,0.0,0.0,0.012,180196.307317
1803515,IT,WF,VEGE1,BEVER,0.45,147733.059,5,5,147732.027,0.0,1.0,0.0,0.032,328295.686667
1764029,IT,MX,COPP1,FABRI,0.37,147728.86,4,4,147728.852,0.0,0.0,0.0,0.008,399267.189189
1663020,IT,DK,HOTEL,MACHI,1.07,147720.813,4,4,147720.802,0.0,0.0,0.0,0.011,138056.834579
1642913,IT,AT,TRANS,RAILW,0.88,147719.102,4,4,147719.094,0.0,0.0,0.0,0.008,167862.615909
1680521,IT,GR,ELEC7,TRAN1,0.1,147712.948,4,4,147712.946,0.0,0.0,0.0,0.002,1477129.48
1729575,IT,SE,COPP1,RESEA,0.37,147693.23,4,4,147693.222,0.0,0.0,0.0,0.008,399170.891892
1813168,IT,WM,MOTO1,FURNI,0.79,147692.716,4,4,147692.706,0.0,0.0,0.0,0.01,186952.805063
1809021,IT,WM,VEGET,ALUM1,0.52,147683.113,5,5,147682.107,0.0,1.0,0.0,0.006,284005.986538
1642041,IT,AT,RUBBE,93197,0.49,147682.856,4,4,147682.843,0.0,0.0,0.0,0.013,301393.583673
1796891,IT,WL,SEACO,POSTT,0.15,147675.698,4,4,147675.695,0.0,0.0,0.0,0.003,984504.653333
1675876,IT,FR,ELEC2,TEXTI,0.04,147664.163,4,4,147664.148,0.0,0.0,0.0,0.015,3691604.075
1662637,IT,DK,MACHI,VEGE1,0.82,147656.352,4,4,147656.34,0.0,0.0,0.0,0.012,180068.721951
1655162,IT,CZ,BUSIN,MOTO1,1.52,147655.338,4,4,147655.328,0.0,0.0,0.0,0.01,97141.669737
1644993,IT,BE,WOODW,BUSIN,0.41,147653.911,5,5,147652.901,0.0,1.0,0.0,0.01,360131.490244
1647247,IT,BE,LANDT,MACHI,0.95,147647.616,4,4,147647.609,0.0,0.0,0.0,0.007,155418.543158
1646288,IT,BE,COPP1,MOTO1,0.37,147633.657,4,4,147633.649,0.0,0.0,0.0,0.008,399009.883784
1723538,IT,PT,NONF1,SANDC,0.03,147604.838,3,3,147604.838,0.0,0.0,0.0,0.0,4920161.266667
1738353,IT,GB,BASIC,INERT,0.17,147598.258,4,4,147598.249,0.0,0.0,0.0,0.009,868225.047059
1773054,IT,CH,ALUM1,DISTR,0.26,147592.878,4,4,147592.866,0.0,0.0,0.0,0.012,567664.915385
1799161,IT,WE,WEARI,MOTO1,1.11,147575.604,4,4,147575.576,0.0,0.0,0.0,0.028,132950.994595
1721707,IT,PL,FINAN,FINAN,1.92,147568.794,4,4,147568.79,0.0,0.0,0.0,0.004,76858.746875
1811851,IT,WM,RUBBE,VEGE1,0.49,147563.053,4,4,147563.04,0.0,0.0,0.0,0.013,301149.087755
1776352,IT,TR,PAPER,COMPU,0.57,147562.699,5,5,147561.684,0.0,1.0,0.0,0.015,258881.92807
1671596,IT,FI,TRANS,TRANS,0.88,147561.523,4,4,147561.515,0.0,0.0,0.0,0.008,167683.548864
1745956,IT,JP,WOODW,MACHI,0.41,147557.448,5,5,147556.438,0.0,1.0,0.0,0.01,359896.214634
1687599,IT,HU,TRAN2,MOTOR,0.23,147542.991,4,4,147542.987,0.0,0.0,0.0,0.004,641491.265217
1749560,IT,CN,PLAST,ALUM1,0.31,147539.67,4,4,147539.655,0.0,0.0,0.0,0.015,475934.419355
1720766,IT,PL,TRANS,SALEM,0.88,147520.269,4,4,147520.261,0.0,0.0,0.0,0.008,167636.669318
1718191,IT,PL,DAIRY,RETA1,0.6,147516.539,5,5,147515.529,0.0,1.0,0.0,0.01,245860.898333
1685539,IT,HU,PAPER,FURNI,0.57,147514.906,5,5,147513.891,0.0,1.0,0.0,0.015,258798.080702
1647977,IT,BE,RENTI,AIRTR,0.88,147514.453,4,4,147514.445,0.0,0.0,0.0,0.008,167630.060227
1742248,IT,US,CERAM,WHOLE,0.23,147508.416,5,5,147507.408,0.0,0.0,1.0,0.008,641340.93913
1750838,IT,CN,FURNI,NONF1,0.47,147507.692,4,4,147507.679,0.0,0.0,0.0,0.013,313846.153191
1774845,IT,CH,POSTT,RECRE,2.43,147500.745,4,4,147500.734,0.0,0.0,0.0,0.011,60699.895062
1800189,IT,WE,PLAST,COKIN,0.31,147484.921,4,4,147484.906,0.0,0.0,0.0,0.015,475757.809677
1769871,IT,AU,OFFIC,BUSIN,0.46,147465.143,4,4,147465.132,0.0,0.0,0.0,0.011,320576.397826
1673976,IT,FR,KEROS,NAPHT,0.22,147463.325,4,4,147463.313,0.0,0.0,0.0,0.012,670287.840909
1640993,IT,AT,WOODW,RENTI,0.41,147461.445,5,5,147460.435,0.0,1.0,0.0,0.01,359662.060976
1810705,IT,WM,MOTOR,CEMEN,0.22,147449.195,4,4,147449.183,0.0,0.0,0.0,0.012,670223.613636
1754255,IT,CA,POSTT,WHOLE,2.43,147440.615,4,4,147440.604,0.0,0.0,0.0,0.011,60675.150206
1716998,IT,NL,LANDT,PULP5,0.95,147434.21,4,4,147434.203,0.0,0.0,0.0,0.007,155193.905263
1797179,IT,WL,POSTT,REALE,2.43,147433.291,4,4,147433.28,0.0,0.0,0.0,0.011,60672.136214
1769075,IT,AU,PLAST,PFERT,0.31,147375.763,4,4,147375.748,0.0,0.0,0.0,0.015,475405.687097
1682611,IT,HR,KEROS,TEXTI,0.22,147372.567,4,4,147372.555,0.0,0.0,0.0,0.012,669875.304545
1720607,IT,PL,MOTO1,BITUM,0.78,147364.031,4,4,147364.021,0.0,0.0,0.0,0.01,188928.244872
1760951,IT,IN,HEAVY,MOTO1,0.24,147363.751,4,4,147363.739,0.0,0.0,0.0,0.012,614015.629167
1641128,IT,AT,PAPER,POSTT,0.57,147363.395,5,5,147362.38,0.0,1.0,0.0,0.015,258532.27193
1675827,IT,FR,ELEC1,KEROS,0.02,147331.61,4,4,147331.601,0.0,0.0,0.0,0.009,7366580.5
1805587,IT,WF,CEMEN,WHOLE,0.24,147324.342,5,5,147323.335,0.0,0.0,1.0,0.007,613851.425
1713893,IT,MT,ELEC5,COLLE,1.78,147299.342,4,4,147299.333,0.0,0.0,0.0,0.009,82752.439326
1676645,IT,FR,HOTEL,SEWAG,1.07,147290.22,4,4,147290.209,0.0,0.0,0.0,0.011,137654.411215
1682532,IT,HR,MOTOR,CEREA,0.22,147281.881,4,4,147281.869,0.0,0.0,0.0,0.012,669463.095455
1722783,IT,PT,PAPER,CERAM,0.57,147275.079,5,5,147274.064,0.0,1.0,0.0,0.015,258377.331579
1803407,IT,WF,CHEMI,RECRE,0.35,147262.699,6,6,147254.685,0.0,1.0,7.0,0.014,420750.568571
1806062,IT,WF,NONF1,LEADZ,0.03,147261.167,3,3,147261.167,0.0,0.0,0.0,0.0,4908705.566667
1727876,IT,RO,HEALT,ALUM1,0.77,147251.635,4,4,147251.629,0.0,0.0,0.0,0.006,191235.88961
1795187,IT,WL,GLASS,VEGET,0.4,147251.227,5,5,147250.219,0.0,0.0,1.0,0.008,368128.0675
1684813,IT,HU,FISHF,FOOD5,0.25,147250.408,4,4,147250.403,0.0,0.0,0.0,0.005,589001.632
1773480,IT,CH,OFFIC,RESEA,0.46,147248.954,4,4,147248.943,0.0,0.0,0.0,0.011,320106.421739
1770256,IT,AU,HOTEL,NONSP,1.07,147220.672,4,4,147220.661,0.0,0.0,0.0,0.011,137589.413084
1777634,IT,TR,ALUM1,SALEM,0.26,147204.189,4,4,147204.177,0.0,0.0,0.0,0.012,566169.957692
1772879,IT,CH,BASIC,ELEC4,0.17,147183.808,4,4,147183.799,0.0,0.0,0.0,0.009,865787.105882
1650507,IT,BG,ELEC6,BIODI,0.02,147173.668,4,4,147173.644,0.0,0.0,0.0,0.024,7358683.4
1654191,IT,CZ,MOTO1,WHOLE,0.78,147138.415,4,4,147138.405,0.0,0.0,0.0,0.01,188638.99359
1805174,IT,WF,CHEM1,IRONO,0.31,147131.638,4,4,147131.622,0.0,0.0,0.0,0.016,474618.187097
1764779,IT,MX,HOTEL,RECRE,1.07,147123.996,4,4,147123.985,0.0,0.0,0.0,0.011,137499.061682
1642157,IT,AT,CERAM,ELEC2,0.23,147109.498,5,5,147108.49,0.0,0.0,1.0,0.008,639606.513043
1645828,IT,BE,RUBBE,93197,0.49,147093.497,4,4,147093.484,0.0,0.0,0.0,0.013,300190.810204
1804364,IT,WF,MOTOR,PRIVA,0.22,147093.409,4,4,147093.397,0.0,0.0,0.0,0.012,668606.404545
1777963,IT,TR,MACHI,ELEC4,0.82,147090.064,4,4,147090.052,0.0,0.0,0.0,0.012,179378.126829
1771173,IT,CH,MEAT4,CHEM1,0.81,147087.139,5,5,147086.129,0.0,1.0,0.0,0.01,181589.060494
1786315,IT,ZA,FABRI,COMPU,0.6,147077.024,4,4,147077.013,0.0,0.0,0.0,0.011,245128.373333
1662360,IT,DK,BASIC,COPP1,0.17,147069.309,4,4,147069.3,0.0,0.0,0.0,0.009,865113.582353
1799356,IT,WE,WOODW,HEALT,0.41,147068.964,5,5,147067.954,0.0,1.0,0.0,0.01,358704.790244
1672515,IT,FR,WHEAT,WHEAT,0.11,147066.518,5,5,147065.514,0.0,1.0,0.0,0.004,1336968.345455
1776675,IT,TR,HEAVY,LUBRI,0.24,147034.867,4,4,147034.855,0.0,0.0,0.0,0.012,612645.279167
1727258,IT,RO,SUPPO,LANDT,1.06,147017.391,4,4,147017.384,0.0,0.0,0.0,0.007,138695.651887
1676111,IT,FR,ELEC8,DISTR,1.95,147006.829,4,4,147006.821,0.0,0.0,0.0,0.008,75388.117436
1666870,IT,ES,GLASS,BIOGA,0.4,147005.536,5,5,147004.528,0.0,0.0,1.0,0.008,367513.84
1772354,IT,CH,CHEM1,VEGET,0.31,147003.968,4,4,147003.952,0.0,0.0,0.0,0.016,474206.348387
1758154,IT,BR,NONME,PFERT,0.3,147000.895,4,4,147000.879,0.0,0.0,0.0,0.016,490002.983333
1766087,IT,RU,RUBBE,MEATP,0.49,146972.119,4,4,146972.106,0.0,0.0,0.0,0.013,299943.1
1646455,IT,BE,MACHI,GASDI,0.82,146960.398,4,4,146960.386,0.0,0.0,0.0,0.012,179219.997561
1750801,IT,CN,FURNI,BEVER,0.47,146956.752,4,4,146956.739,0.0,0.0,0.0,0.013,312673.940426
1746351,IT,JP,RUBBE,PROCE,0.49,146950.405,4,4,146950.392,0.0,0.0,0.0,0.013,299898.785714
1683366,IT,HR,NONME,93197,0.3,146932.56,4,4,146932.544,0.0,0.0,0.0,0.016,489775.2
1800465,IT,WE,RUBBE,COKIN,0.49,146913.913,4,4,146913.9,0.0,0.0,0.0,0.013,299824.312245
1803097,IT,WF,VEGET,CRUDE,0.52,146908.158,5,5,146907.152,0.0,1.0,0.0,0.006,282515.688462
1811230,IT,WM,WHITE,ELEC2,0.79,146906.007,4,4,146905.997,0.0,0.0,0.0,0.01,185956.970886
1725684,IT,RO,PAPER,COPP1,0.57,146904.541,5,5,146903.527,0.0,1.0,0.0,0.014,257727.264912
1786508,IT,ZA,TRANS,SANDC,0.88,146889.019,4,4,146889.011,0.0,0.0,0.0,0.008,166919.339773
1742365,IT,US,NONME,PLAST,0.3,146882.109,4,4,146882.093,0.0,0.0,0.0,0.016,489607.03
1808995,IT,WM,VEGET,WOODW,0.52,146837.79,5,5,146836.784,0.0,1.0,0.0,0.006,282380.365385
1763760,IT,MX,GLASS,ELECT,0.4,146834.273,5,5,146833.265,0.0,0.0,1.0,0.008,367085.6825
1803402,IT,WF,CHEMI,BUSIN,0.35,146832.762,5,5,146825.748,0.0,0.0,7.0,0.014,419522.177143
1642847,IT,AT,MOTO1,TEXTI,0.78,146813.003,4,4,146812.993,0.0,0.0,0.0,0.01,188221.798718
1646241,IT,BE,LEAD1,BIODI,0.26,146810.931,5,5,146809.919,0.0,0.0,1.0,0.012,564657.426923
1667032,IT,ES,NONME,BEVER,0.3,146804.826,4,4,146804.81,0.0,0.0,0.0,0.016,489349.42
1654636,IT,CZ,LANDT,TEXTI,0.95,146804.095,4,4,146804.088,0.0,0.0,0.0,0.007,154530.626316
1758316,IT,BR,COPP1,FABRI,0.37,146794.267,4,4,146794.259,0.0,0.0,0.0,0.008,396741.262162
1758397,IT,BR,FABRI,LIQUI,0.6,146793.162,4,4,146793.151,0.0,0.0,0.0,0.011,244655.27
1654062,IT,CZ,MACHI,SEWAG,0.82,146792.8,4,4,146792.788,0.0,0.0,0.0,0.012,179015.609756
1682359,IT,HR,WOODW,HOTEL,0.41,146785.028,5,5,146784.018,0.0,1.0,0.0,0.01,358012.263415
1649393,IT,BG,CHEM1,MEAT1,0.31,146776.612,4,4,146776.596,0.0,0.0,0.0,0.016,473472.941935
1788828,IT,WA,GASDI,OILSE,0.22,146756.131,4,4,146756.119,0.0,0.0,0.0,0.012,667073.322727
1656769,IT,DE,KEROS,RETA1,0.22,146749.648,4,4,146749.636,0.0,0.0,0.0,0.012,667043.854545
1674923,IT,FR,BASIC,BIOGA,0.17,146742.962,4,4,146742.953,0.0,0.0,0.0,0.009,863193.894118
1784811,IT,ID,HOTEL,WHOLE,1.06,146741.384,4,4,146741.373,0.0,0.0,0.0,0.011,138435.267925
1768593,IT,AU,BEVER,CONST,0.62,146729.477,4,4,146729.468,0.0,0.0,0.0,0.009,236660.446774
1773169,IT,CH,FABRI,VEGET,0.6,146726.109,4,4,146726.098,0.0,0.0,0.0,0.011,244543.515
1667603,IT,ES,MACHI,FISHF,0.82,146725.143,4,4,146725.131,0.0,0.0,0.0,0.012,178933.10122
1667997,IT,ES,TRANS,COMPU,0.88,146722.862,4,4,146722.854,0.0,0.0,0.0,0.008,166730.525
1645971,IT,BE,BRICK,CONST,0.22,146716.495,5,5,146715.486,0.0,0.0,1.0,0.009,666893.159091
1761446,IT,IN,BASIC,SALEM,0.17,146711.946,4,4,146711.937,0.0,0.0,0.0,0.009,863011.447059
1664987,IT,ES,CHEMI,BEVER,0.35,146700.904,5,5,146693.89,0.0,0.0,7.0,0.014,419145.44
1673669,IT,FR,PULP5,RETAI,0.45,146697.179,5,5,146696.165,0.0,1.0,0.0,0.014,325993.731111
1652662,IT,CZ,WOODW,BUSIN,0.41,146684.422,5,5,146683.412,0.0,1.0,0.0,0.01,357766.882927
1789638,IT,WA,RUBBE,HEAVY,0.49,146669.169,4,4,146669.156,0.0,0.0,0.0,0.013,299324.834694
1729624,IT,SE,FABRI,FOOD5,0.6,146662.105,4,4,146662.094,0.0,0.0,0.0,0.011,244436.841667
1719713,IT,PL,NONME,MOTO1,0.3,146661.321,4,4,146661.305,0.0,0.0,0.0,0.016,488871.07
1642982,IT,AT,ELEC6,DIST1,0.02,146646.325,4,4,146646.302,0.0,0.0,0.0,0.023,7332316.25
1785669,IT,ZA,HEAVY,HOTEL,0.24,146640.252,4,4,146640.24,0.0,0.0,0.0,0.012,611001.05
1731193,IT,SI,CHEMI,TEXTI,0.35,146633.395,5,5,146626.381,0.0,0.0,7.0,0.014,418952.557143
1657260,IT,DE,CHEM1,ELEC4,0.31,146627.949,4,4,146627.933,0.0,0.0,0.0,0.016,472993.383871
1763583,IT,MX,CHEM1,ELEC2,0.31,146622.091,4,4,146622.075,0.0,0.0,0.0,0.016,472974.487097
1795974,IT,WL,MOTO1,CEMEN,0.78,146609.581,4,4,146609.571,0.0,0.0,0.0,0.01,187961.001282
1683006,IT,HR,CHEM1,RUBBE,0.31,146603.943,4,4,146603.927,0.0,0.0,0.0,0.016,472915.945161
1682972,IT,HR,PLAST,RESEA,0.31,146600.964,4,4,146600.949,0.0,0.0,0.0,0.015,472906.335484
1680392,IT,GR,ELEC2,RETA1,0.04,146591.062,4,4,146591.047,0.0,0.0,0.0,0.015,3664776.55
1743103,IT,US,MOTO1,GASDI,0.78,146590.724,4,4,146590.714,0.0,0.0,0.0,0.01,187936.825641
1746173,IT,JP,PLAST,FABRI,0.31,146574.13,4,4,146574.115,0.0,0.0,0.0,0.015,472819.774194
1784040,IT,ID,TEXTI,CONST,0.87,146571.702,4,4,146571.683,0.0,0.0,0.0,0.019,168473.22069
1669162,IT,ES,POSTT,CHEM1,2.41,146566.227,4,4,146566.216,0.0,0.0,0.0,0.011,60815.861826
1672906,IT,FR,VEGE1,RENTI,0.45,146562.834,5,5,146561.802,0.0,1.0,0.0,0.032,325695.186667
1771972,IT,CH,PAPER,SEACO,0.57,146532.141,5,5,146531.127,0.0,1.0,0.0,0.014,257073.931579
1766414,IT,RU,BASIC,ELEC2,0.17,146523.267,4,4,146523.258,0.0,0.0,0.0,0.009,861901.570588
1789190,IT,WA,PLAST,LIQUE,0.31,146518.095,4,4,146518.08,0.0,0.0,0.0,0.015,472639.016129
1686918,IT,HU,MACHI,GASDI,0.82,146518.091,4,4,146518.079,0.0,0.0,0.0,0.012,178680.59878
1776217,IT,TR,WOODW,ELECT,0.41,146516.448,5,5,146515.438,0.0,1.0,0.0,0.01,357357.190244
1785484,IT,ZA,COKEO,FOOD3,0.02,146500.077,3,3,146500.077,0.0,0.0,0.0,0.0,7325003.85
1665512,IT,ES,WEARI,SUPPO,1.1,146484.315,4,4,146484.287,0.0,0.0,0.0,0.028,133167.559091
1658113,IT,DE,ALUM1,KEROS,0.25,146482.85,4,4,146482.838,0.0,0.0,0.0,0.012,585931.4
1755905,IT,KR,BASIC,RUBBE,0.17,146478.735,4,4,146478.726,0.0,0.0,0.0,0.009,861639.617647
1806906,IT,WF,HOTEL,REALE,1.06,146477.605,4,4,146477.594,0.0,0.0,0.0,0.011,138186.419811
1809105,IT,WM,CROPS,GASDI,1.16,146466.246,4,4,146466.238,0.0,0.0,0.0,0.008,126264.005172
1761971,IT,IN,FURNI,COMPU,0.47,146459.45,4,4,146459.437,0.0,0.0,0.0,0.013,311615.851064
1651964,IT,CY,BUSIN,AUXIL,1.5,146456.193,4,4,146456.183,0.0,0.0,0.0,0.01,97637.462
1752617,IT,CA,TEXTI,PAPER,0.87,146454.959,4,4,146454.94,0.0,0.0,0.0,0.019,168339.033333
1748950,IT,CN,WEARI,AIRTR,1.1,146454.776,4,4,146454.748,0.0,0.0,0.0,0.028,133140.705455
1801169,IT,WE,FABRI,MEAT4,0.6,146453.09,4,4,146453.079,0.0,0.0,0.0,0.011,244088.483333
1729134,IT,SE,GLASS,WEARI,0.4,146442.123,5,5,146441.115,0.0,0.0,1.0,0.008,366105.3075
1747067,IT,JP,FURNI,BASIC,0.47,146436.87,4,4,146436.857,0.0,0.0,0.0,0.013,311567.808511
1769635,IT,AU,FABRI,RUBBE,0.6,146425.086,4,4,146425.075,0.0,0.0,0.0,0.011,244041.81
1677420,IT,FR,INSUR,CONST,3.02,146416.482,4,4,146416.475,0.0,0.0,0.0,0.007,48482.278808
1683302,IT,HR,CEMEN,SUPPO,0.23,146402.717,5,5,146401.71,0.0,0.0,1.0,0.007,636533.552174
1719520,IT,PL,GLASS,CHEM1,0.4,146392.582,5,5,146391.574,0.0,0.0,1.0,0.008,365981.455
1755850,IT,KR,CEMEN,OILHA,0.23,146383.689,5,5,146382.682,0.0,0.0,1.0,0.007,636450.821739
1799299,IT,WE,LEATH,BUSIN,1.05,146362.25,5,5,146361.225,0.0,1.0,0.0,0.025,139392.619048
1785558,IT,ZA,KERO1,VEGE1,0.21,146336.747,4,4,146336.735,0.0,0.0,0.0,0.012,696841.652381
1772200,IT,CH,GASDI,SALEM,0.22,146332.893,4,4,146332.881,0.0,0.0,0.0,0.012,665149.513636
1788143,IT,WA,WEARI,CHEM1,1.1,146322.796,4,4,146322.768,0.0,0.0,0.0,0.028,133020.723636
1649584,IT,BG,RUBBE,HEALT,0.48,146312.417,4,4,146312.404,0.0,0.0,0.0,0.013,304817.535417
1679377,IT,GR,PLAST,FURNI,0.31,146310.431,4,4,146310.416,0.0,0.0,0.0,0.015,471969.132258
1672864,IT,FR,VEGE1,WOODW,0.45,146303.086,5,5,146302.054,0.0,1.0,0.0,0.032,325117.968889
1660081,IT,DE,AIRTR,FOUND,0.16,146298.296,4,4,146298.291,0.0,0.0,0.0,0.005,914364.35
1762239,IT,IN,AIRTR,RAWMI,0.16,146296.529,4,4,146296.524,0.0,0.0,0.0,0.005,914353.30625
1689692,IT,IE,POSTT,BUSIN,2.41,146287.938,4,4,146287.927,0.0,0.0,0.0,0.011,60700.389212
1653132,IT,CZ,CHEM1,CEMEN,0.31,146270.327,4,4,146270.311,0.0,0.0,0.0,0.016,471839.764516
1652724,IT,CZ,PAPER,CERAM,0.57,146236.428,5,5,146235.414,0.0,1.0,0.0,0.014,256555.136842
1768181,IT,RU,PUBLI,WHOLE,2.4,146234.635,4,4,146234.625,0.0,0.0,0.0,0.01,60931.097917
1728604,IT,SE,PAPER,PUBLI,0.57,146233.548,5,5,146232.534,0.0,1.0,0.0,0.014,256550.084211
1747016,IT,JP,TRANS,ELECT,0.87,146225.995,4,4,146225.987,0.0,0.0,0.0,0.008,168075.856322
1682559,IT,HR,MOTOR,WHOLE,0.22,146225.655,4,4,146225.643,0.0,0.0,0.0,0.012,664662.068182
1739223,IT,GB,RETA1,RENTI,1.53,146218.387,4,4,146218.377,0.0,0.0,0.0,0.01,95567.573203
1803291,IT,WF,FISHF,CHEMI,0.25,146206.784,4,4,146206.779,0.0,0.0,0.0,0.005,584827.136
1665077,IT,ES,VEGE1,POULT,0.45,146184.575,5,5,146183.543,0.0,1.0,0.0,0.032,324854.611111
1676191,IT,FR,CONST,TRANS,0.82,146176.198,5,5,146175.19,0.0,0.0,1.0,0.008,178263.656098
1813032,IT,WM,MACHI,FOOD4,0.82,146172.426,4,4,146172.414,0.0,0.0,0.0,0.012,178259.056098
1746931,IT,JP,MOTO1,NONME,0.78,146166.357,4,4,146166.347,0.0,0.0,0.0,0.01,187392.765385
1782317,IT,NO,NONF1,COPP1,0.03,146159.653,3,3,146159.653,0.0,0.0,0.0,0.0,4871988.433333
1649879,IT,BG,FABRI,CEREA,0.59,146159.388,4,4,146159.378,0.0,0.0,0.0,0.01,247727.776271
1741656,IT,US,HEAVY,PETRO,0.24,146141.879,4,4,146141.867,0.0,0.0,0.0,0.012,608924.495833
1720565,IT,PL,OFFIC,CONST,0.45,146138.168,4,4,146138.157,0.0,0.0,0.0,0.011,324751.484444
1807974,IT,WF,PLAS1,SALEM,0.52,146136.649,4,4,146136.639,0.0,0.0,0.0,0.01,281032.017308
1650930,IT,BG,SEACO,CONST,0.15,146134.977,4,4,146134.974,0.0,0.0,0.0,0.003,974233.18
1686808,IT,HU,FABRI,BIOGA,0.59,146128.036,4,4,146128.026,0.0,0.0,0.0,0.01,247674.637288
1802937,IT,WF,WHEAT,POULT,0.11,146102.228,5,5,146101.224,0.0,1.0,0.0,0.004,1328202.072727
1670859,IT,FI,PLAST,TEXTI,0.31,146099.912,4,4,146099.897,0.0,0.0,0.0,0.015,471290.03871
1777366,IT,TR,GLASS,PUBLI,0.4,146099.122,5,5,146098.114,0.0,0.0,1.0,0.008,365247.805
1782174,IT,NO,NONME,WHOLE,0.3,146083.34,4,4,146083.324,0.0,0.0,0.0,0.016,486944.466667
1659030,IT,DE,ELEC2,RAILW,0.04,146077.84,4,4,146077.825,0.0,0.0,0.0,0.015,3651946.0
1769872,IT,AU,OFFIC,PUBLI,0.45,146073.249,4,4,146073.238,0.0,0.0,0.0,0.011,324607.22
1685521,IT,HU,PAPER,BIOGA,0.57,146072.179,5,5,146071.165,0.0,1.0,0.0,0.014,256266.980702
1747207,IT,JP,CONST,HEALT,0.82,146058.76,5,5,146057.752,0.0,0.0,1.0,0.008,178120.439024
1738572,IT,GB,FABRI,GLASS,0.59,146041.207,4,4,146041.197,0.0,0.0,0.0,0.01,247527.469492
1766795,IT,RU,MACHI,LEAD1,0.81,146037.967,4,4,146037.955,0.0,0.0,0.0,0.012,180293.78642
1642079,IT,AT,GLASS,CEMEN,0.4,146027.631,5,5,146026.623,0.0,0.0,1.0,0.008,365069.0775
1662447,IT,DK,ALUM1,TEXTI,0.25,146022.333,4,4,146022.321,0.0,0.0,0.0,0.012,584089.332
1799176,IT,WE,WEARI,RAILW,1.1,146012.126,4,4,146012.098,0.0,0.0,0.0,0.028,132738.296364
1683349,IT,HR,NONME,COLLE,0.29,145995.244,4,4,145995.228,0.0,0.0,0.0,0.016,503431.875862
1763056,IT,MX,TEXTI,PREC1,0.87,145983.437,4,4,145983.418,0.0,0.0,0.0,0.019,167797.054023
1786232,IT,ZA,COPP1,ELECT,0.37,145978.335,4,4,145978.327,0.0,0.0,0.0,0.008,394536.040541
1726736,IT,RO,FURNI,SUPPO,0.47,145971.967,4,4,145971.954,0.0,0.0,0.0,0.013,310578.653191
1809014,IT,WM,VEGET,GLASS,0.52,145970.457,5,5,145969.451,0.0,1.0,0.0,0.006,280712.417308
1812422,IT,WM,PREC1,TOBAC,0.25,145970.161,4,4,145970.154,0.0,0.0,0.0,0.007,583880.644
1801404,IT,WE,OFFIC,WHOLE,0.45,145969.139,4,4,145969.128,0.0,0.0,0.0,0.011,324375.864444
1719288,IT,PL,CHEM1,ELEC2,0.31,145968.525,4,4,145968.509,0.0,0.0,0.0,0.016,470866.209677
1674686,IT,FR,GLASS,BASIC,0.4,145965.307,5,5,145964.299,0.0,0.0,1.0,0.008,364913.2675
1790731,IT,WA,MACHI,SUGAR,0.81,145959.309,4,4,145959.297,0.0,0.0,0.0,0.012,180196.677778
1709833,IT,LT,RUBBE,PUBLI,0.48,145918.979,4,4,145918.966,0.0,0.0,0.0,0.013,303997.872917
1759751,IT,BR,BUSIN,CHEM1,1.5,145915.338,4,4,145915.328,0.0,0.0,0.0,0.01,97276.892
1774595,IT,CH,SEACO,SECO9,0.15,145904.16,4,4,145904.157,0.0,0.0,0.0,0.003,972694.4
1741019,IT,US,FISH5,PUBLI,0.61,145902.45,4,4,145902.375,0.0,0.0,0.0,0.075,239184.344262
1723573,IT,PT,FABRI,TEXTI,0.59,145892.39,4,4,145892.38,0.0,0.0,0.0,0.01,247275.237288
1749105,IT,CN,WOODW,CHEM1,0.41,145889.106,5,5,145888.096,0.0,1.0,0.0,0.01,355827.087805
1652566,IT,CZ,LEATH,CHEM1,1.04,145886.84,5,5,145885.815,0.0,1.0,0.0,0.025,140275.807692
1813968,IT,WM,SEACO,MEAT4,0.15,145885.959,4,4,145885.956,0.0,0.0,0.0,0.003,972573.06
1771267,IT,CH,VEGE1,BUSIN,0.45,145882.814,5,5,145881.782,0.0,1.0,0.0,0.032,324184.031111
1648124,IT,BE,RESEA,MEDIC,0.79,145880.384,4,4,145880.374,0.0,0.0,0.0,0.01,184658.713924
1640663,IT,AT,BEVER,RECRE,0.62,145876.777,4,4,145876.768,0.0,0.0,0.0,0.009,235285.124194
1771349,IT,CH,PROCE,CHEM1,0.99,145876.307,5,5,145875.298,0.0,1.0,0.0,0.009,147349.805051
1772189,IT,CH,GASDI,MACHI,0.22,145873.847,4,4,145873.835,0.0,0.0,0.0,0.012,663062.940909
1688182,IT,HU,BUSIN,REALE,1.5,145867.838,4,4,145867.828,0.0,0.0,0.0,0.01,97245.225333
1670014,IT,ES,HEALT,RESEA,0.76,145848.88,4,4,145848.874,0.0,0.0,0.0,0.006,191906.421053
1658334,IT,DE,NONF1,GASDI,0.03,145836.682,3,3,145836.682,0.0,0.0,0.0,0.0,4861222.733333
1663625,IT,DK,BUSIN,OFFIC,1.5,145832.717,4,4,145832.707,0.0,0.0,0.0,0.01,97221.811333
1813512,IT,WM,RETAI,PFERT,1.14,145830.593,4,4,145830.584,0.0,0.0,0.0,0.009,127921.572807
1676038,IT,FR,ELEC6,OFFIC,0.02,145819.762,4,4,145819.739,0.0,0.0,0.0,0.023,7290988.1
1766219,IT,RU,GLASS,MEDIC,0.4,145802.496,5,5,145801.488,0.0,0.0,1.0,0.008,364506.24
1811560,IT,WM,PFERT,ELEC2,0.06,145793.963,4,4,145793.94,0.0,0.0,0.0,0.023,2429899.383333
1750054,IT,CN,BASIC,TOBAC,0.17,145788.177,4,4,145788.168,0.0,0.0,0.0,0.009,857577.511765
1675047,IT,FR,ALUM1,MOTOR,0.25,145762.256,4,4,145762.244,0.0,0.0,0.0,0.012,583049.024
1794587,IT,WL,HEAVY,ALUM1,0.24,145758.744,4,4,145758.732,0.0,0.0,0.0,0.012,607328.1
1731998,IT,SI,KEROS,DAIRY,0.22,145735.27,4,4,145735.258,0.0,0.0,0.0,0.012,662433.045455
1725800,IT,RO,PRINT,BUSIN,1.4,145732.507,4,4,145732.496,0.0,0.0,0.0,0.011,104094.647857
1792074,IT,WA,AIRTR,BASIC,0.16,145728.929,4,4,145728.924,0.0,0.0,0.0,0.005,910805.80625
1795475,IT,WL,PREC1,REALE,0.25,145728.581,4,4,145728.574,0.0,0.0,0.0,0.007,582914.324
1729883,IT,SE,TRANS,FURNI,0.87,145718.32,4,4,145718.312,0.0,0.0,0.0,0.008,167492.321839
1680389,IT,GR,ELEC2,COLLE,0.04,145714.161,4,4,145714.146,0.0,0.0,0.0,0.015,3642854.025
1774466,IT,CH,LANDT,WOODW,0.94,145706.12,4,4,145706.113,0.0,0.0,0.0,0.007,155006.510638
1713558,IT,MT,CEMEN,GLASS,0.23,145704.885,5,5,145703.878,0.0,0.0,1.0,0.007,633499.5
1785739,IT,ZA,PLAST,BEVER,0.31,145682.125,4,4,145682.11,0.0,0.0,0.0,0.015,469942.33871
1647361,IT,BE,SEACO,MOTO1,0.15,145681.286,4,4,145681.283,0.0,0.0,0.0,0.003,971208.573333
1770448,IT,AU,SEACO,SUPPO,0.15,145678.409,4,4,145678.406,0.0,0.0,0.0,0.003,971189.393333
1688495,IT,IE,LEATH,WHOLE,1.04,145673.569,5,5,145672.544,0.0,1.0,0.0,0.025,140070.739423
1771707,IT,CH,WEARI,93197,1.1,145669.258,4,4,145669.23,0.0,0.0,0.0,0.028,132426.598182
1748884,IT,CN,WEARI,PAPER,1.1,145662.587,4,4,145662.559,0.0,0.0,0.0,0.028,132420.533636
1660939,IT,DE,BUSIN,HEAVY,1.5,145659.188,4,4,145659.178,0.0,0.0,0.0,0.01,97106.125333
1670540,IT,FI,TEXTI,WEARI,0.86,145643.916,4,4,145643.897,0.0,0.0,0.0,0.019,169353.390698
1666692,IT,ES,BIODI,LANDT,0.3,145623.809,4,4,145623.793,0.0,0.0,0.0,0.016,485412.696667
1682624,IT,HR,KEROS,RUBBE,0.22,145591.756,4,4,145591.744,0.0,0.0,0.0,0.012,661780.709091
1728964,IT,SE,CHEM1,FOODW,0.3,145585.384,4,4,145585.368,0.0,0.0,0.0,0.016,485284.613333
1800925,IT,WE,PREC1,AUXIL,0.25,145584.244,4,4,145584.237,0.0,0.0,0.0,0.007,582336.976
1721470,IT,PL,AIRTR,COMPU,0.16,145583.79,4,4,145583.785,0.0,0.0,0.0,0.005,909898.6875
1755659,IT,KR,RUBBE,GLASS,0.48,145582.722,4,4,145582.709,0.0,0.0,0.0,0.013,303297.3375
1788248,IT,WA,LEATH,BEVER,1.04,145578.428,5,5,145577.403,0.0,1.0,0.0,0.025,139979.257692
1808998,IT,WM,VEGET,PRINT,0.52,145559.912,5,5,145558.906,0.0,1.0,0.0,0.006,279922.907692
1764461,IT,MX,FURNI,WHOLE,0.46,145556.763,4,4,145556.75,0.0,0.0,0.0,0.013,316427.745652
1799447,IT,WE,PAPER,PULP5,0.56,145556.586,5,5,145555.572,0.0,1.0,0.0,0.014,259922.475
1683758,IT,HR,MACHI,SALEM,0.81,145555.739,4,4,145555.727,0.0,0.0,0.0,0.012,179698.44321
1811366,IT,WM,NONSP,HEAVY,0.19,145551.749,4,4,145551.741,0.0,0.0,0.0,0.008,766061.836842
1652425,IT,CZ,TEXTI,CONST,0.86,145550.654,4,4,145550.635,0.0,0.0,0.0,0.019,169244.946512
1735255,IT,SK,GLASS,DAIRY,0.4,145550.27,5,5,145549.262,0.0,0.0,1.0,0.008,363875.675
1654177,IT,CZ,MOTO1,TRANS,0.77,145547.024,4,4,145547.015,0.0,0.0,0.0,0.009,189022.109091
1755255,IT,KR,PAPER,WOODW,0.56,145533.463,5,5,145532.449,0.0,1.0,0.0,0.014,259881.183929
1737589,IT,GB,PAPER,FISH5,0.56,145532.52,5,5,145531.506,0.0,1.0,0.0,0.014,259879.5
1763541,IT,MX,CHEM1,COKEO,0.3,145520.488,4,4,145520.472,0.0,0.0,0.0,0.016,485068.293333
1740893,IT,US,PROCE,DAIRY,0.98,145487.867,5,5,145486.858,0.0,1.0,0.0,0.009,148457.007143
1791149,IT,WA,FURNI,PADDY,0.46,145484.919,4,4,145484.906,0.0,0.0,0.0,0.013,316271.563043
1746710,IT,JP,FABRI,RADIO,0.59,145483.518,4,4,145483.508,0.0,0.0,0.0,0.01,246582.233898
1785574,IT,ZA,GASDI,MEATA,0.22,145481.799,4,4,145481.787,0.0,0.0,0.0,0.012,661280.904545
1721050,IT,PL,HOTEL,ALUM1,1.05,145455.634,4,4,145455.623,0.0,0.0,0.0,0.011,138529.175238
1763658,IT,MX,RUBBE,WEARI,0.48,145447.925,4,4,145447.912,0.0,0.0,0.0,0.013,303016.510417
1640999,IT,AT,WOODW,HEALT,0.41,145433.477,5,5,145432.467,0.0,1.0,0.0,0.01,354715.797561
1726384,IT,RO,NONF1,BASIC,0.03,145424.377,3,3,145424.377,0.0,0.0,0.0,0.0,4847479.233333
1682050,IT,HR,FISH5,FOOD5,0.61,145417.867,4,4,145417.792,0.0,0.0,0.0,0.075,238389.945902
1801407,IT,WE,OFFIC,POSTT,0.45,145414.657,4,4,145414.647,0.0,0.0,0.0,0.01,323143.682222
1641582,IT,AT,HEAVY,RECRE,0.23,145408.685,4,4,145408.673,0.0,0.0,0.0,0.012,632211.673913
1796097,IT,WL,TRANS,CERAM,0.87,145404.174,4,4,145404.166,0.0,0.0,0.0,0.008,167131.234483
1768465,IT,AU,DAIRY,RECRE,0.59,145399.419,5,5,145398.409,0.0,1.0,0.0,0.01,246439.69322
1809861,IT,WM,BEVER,RAWMI,0.62,145390.425,4,4,145390.416,0.0,0.0,0.0,0.009,234500.685484
1661839,IT,DK,PAPER,FISH5,0.56,145383.491,5,5,145382.477,0.0,1.0,0.0,0.014,259613.376786
1668863,IT,ES,SEACO,TOBAC,0.15,145383.153,4,4,145383.15,0.0,0.0,0.0,0.003,969221.02
1674214,IT,FR,LIQUE,HOTEL,0.25,145369.37,4,4,145369.358,0.0,0.0,0.0,0.012,581477.48
1763045,IT,MX,TEXTI,PAPER,0.86,145366.964,4,4,145366.945,0.0,0.0,0.0,0.019,169031.353488
1761498,IT,IN,ALUM1,CHEM1,0.25,145359.672,4,4,145359.66,0.0,0.0,0.0,0.012,581438.688
1805696,IT,WF,BASIC,MEAT4,0.17,145356.768,4,4,145356.759,0.0,0.0,0.0,0.009,855039.811765
1810097,IT,WM,TEXTI,AIRTR,0.86,145346.202,4,4,145346.183,0.0,0.0,0.0,0.019,169007.211628
1733397,IT,SI,ELEC2,BASIC,0.03,145343.009,4,4,145342.994,0.0,0.0,0.0,0.015,4844766.966667
1717608,IT,NL,RESEA,RESEA,0.79,145313.505,4,4,145313.495,0.0,0.0,0.0,0.01,183941.14557
1660132,IT,DE,AIRTR,MEMBE,0.16,145306.736,4,4,145306.731,0.0,0.0,0.0,0.005,908167.1
1776681,IT,TR,HEAVY,PFERT,0.23,145297.788,4,4,145297.776,0.0,0.0,0.0,0.012,631729.513043
1673271,IT,FR,FISH5,EDUCA,0.61,145288.485,4,4,145288.41,0.0,0.0,0.0,0.075,238177.844262
1774327,IT,CH,HOTEL,CERAM,1.05,145280.312,4,4,145280.301,0.0,0.0,0.0,0.011,138362.201905
1712587,IT,LV,MACHI,SUPPO,0.81,145275.348,4,4,145275.336,0.0,0.0,0.0,0.012,179352.281481
1789322,IT,WA,CHEM1,FORES,0.3,145261.59,4,4,145261.574,0.0,0.0,0.0,0.016,484205.3
1641762,IT,AT,CHEM1,LEATH,0.3,145249.608,4,4,145249.592,0.0,0.0,0.0,0.016,484165.36
1807906,IT,WF,PLAS1,POULT,0.52,145245.125,4,4,145245.115,0.0,0.0,0.0,0.01,279317.548077
1742245,IT,US,CERAM,COLLE,0.23,145240.201,5,5,145239.193,0.0,0.0,1.0,0.008,631479.134783
1787879,IT,WA,BEVER,FISHF,0.62,145237.613,4,4,145237.604,0.0,0.0,0.0,0.009,234254.214516
1809682,IT,WM,PROCE,FISH5,0.98,145226.551,5,5,145225.542,0.0,1.0,0.0,0.009,148190.358163
1730414,IT,SE,POSTT,CHEM1,2.39,145220.503,4,4,145220.492,0.0,0.0,0.0,0.011,60761.716736
1671428,IT,FI,FABRI,ELECT,0.59,145216.154,4,4,145216.144,0.0,0.0,0.0,0.01,246129.074576
1686730,IT,HU,COPP1,SALEM,0.37,145203.207,4,4,145203.199,0.0,0.0,0.0,0.008,392441.1
1763077,IT,MX,TEXTI,HOTEL,0.86,145180.324,4,4,145180.305,0.0,0.0,0.0,0.019,168814.330233
1732887,IT,SI,BASIC,93197,0.17,145179.043,4,4,145179.034,0.0,0.0,0.0,0.009,853994.370588
1765858,IT,RU,NAPHT,WHOLE,0.25,145169.946,4,4,145169.936,0.0,0.0,0.0,0.01,580679.784
1755533,IT,KR,CHEM1,REFI1,0.3,145165.196,4,4,145165.18,0.0,0.0,0.0,0.016,483883.986667
1653192,IT,CZ,CHEM1,93197,0.3,145162.995,4,4,145162.979,0.0,0.0,0.0,0.016,483876.65
1749582,IT,CN,PLAST,HEALT,0.3,145143.196,4,4,145143.181,0.0,0.0,0.0,0.015,483810.653333
1767506,IT,RU,SEACO,TRANS,0.15,145127.012,4,4,145127.009,0.0,0.0,0.0,0.003,967513.413333
1723111,IT,PT,CHEM1,COLLE,0.3,145115.592,4,4,145115.576,0.0,0.0,0.0,0.016,483718.64
1741902,IT,US,CHEM1,NONSP,0.3,145106.173,4,4,145106.157,0.0,0.0,0.0,0.016,483687.243333
1756193,IT,KR,MACHI,CERAM,0.81,145090.819,4,4,145090.807,0.0,0.0,0.0,0.012,179124.467901
1756732,IT,KR,SEACO,EDUCA,0.15,145066.898,4,4,145066.895,0.0,0.0,0.0,0.003,967112.653333
1805688,IT,WF,BASIC,LEADZ,0.17,145050.114,4,4,145050.105,0.0,0.0,0.0,0.009,853235.964706
1727185,IT,RO,TRAN2,LIQUE,0.22,145047.959,4,4,145047.955,0.0,0.0,0.0,0.004,659308.904545
1787993,IT,WA,TEXTI,MEAT1,0.86,145043.098,4,4,145043.079,0.0,0.0,0.0,0.019,168654.765116
1745980,IT,JP,WOODW,REALE,0.41,145042.251,5,5,145041.241,0.0,1.0,0.0,0.01,353761.587805
1646324,IT,BE,FABRI,CROPS,0.59,145040.84,4,4,145040.83,0.0,0.0,0.0,0.01,245831.932203
1769810,IT,AU,MACHI,RAILW,0.81,145031.061,4,4,145031.049,0.0,0.0,0.0,0.012,179050.692593
1801036,IT,WE,LEAD1,PUBLI,0.25,145018.137,5,5,145017.125,0.0,0.0,1.0,0.012,580072.548
1689271,IT,IE,WHOLE,TRAN1,1.25,145006.964,4,4,145006.956,0.0,0.0,0.0,0.008,116005.5712
1640976,IT,AT,WOODW,TRANS,0.41,144999.803,5,5,144998.793,0.0,1.0,0.0,0.01,353658.056098
1766431,IT,RU,BASIC,REALE,0.17,144998.559,4,4,144998.55,0.0,0.0,0.0,0.009,852932.7
1716504,IT,NL,OFFIC,REALE,0.45,144991.808,4,4,144991.798,0.0,0.0,0.0,0.01,322204.017778
1753682,IT,CA,MOTO1,TRANS,0.77,144972.39,4,4,144972.381,0.0,0.0,0.0,0.009,188275.831169
1811633,IT,WM,CHEM1,NFERT,0.3,144970.338,4,4,144970.322,0.0,0.0,0.0,0.016,483234.46
1644896,IT,BE,LEATH,REFI1,1.04,144925.045,5,5,144924.02,0.0,1.0,0.0,0.025,139351.004808
1674651,IT,FR,GLASS,MEAT1,0.4,144922.947,5,5,144921.939,0.0,0.0,1.0,0.008,362307.3675
1788679,IT,WA,MOTOR,PADDY,0.22,144913.964,4,4,144913.952,0.0,0.0,0.0,0.012,658699.836364
1674534,IT,FR,RUBBE,KEROS,0.48,144895.859,4,4,144895.846,0.0,0.0,0.0,0.013,301866.372917
1719222,IT,PL,CHEM1,BITUM,0.3,144895.141,4,4,144895.125,0.0,0.0,0.0,0.016,482983.803333
1738794,IT,GB,OFFIC,COMPU,0.45,144886.439,4,4,144886.429,0.0,0.0,0.0,0.01,321969.864444
1786363,IT,ZA,MACHI,BEVER,0.81,144881.061,4,4,144881.049,0.0,0.0,0.0,0.012,178865.507407
1721167,IT,PL,RAILW,SUPPO,0.97,144872.497,5,5,144871.49,0.0,0.0,1.0,0.007,149353.089691
1649789,IT,BG,BASIC,RESEA,0.17,144869.751,4,4,144869.742,0.0,0.0,0.0,0.009,852175.005882
1677211,IT,FR,POSTT,REALE,2.39,144854.446,4,4,144854.435,0.0,0.0,0.0,0.011,60608.554812
1803511,IT,WF,VEGE1,DAIRY,0.45,144843.986,5,5,144842.954,0.0,1.0,0.0,0.032,321875.524444
1798540,IT,WE,SANDC,WEARI,0.33,144843.184,5,5,144811.179,0.0,0.0,32.0,0.005,438918.739394
1792388,IT,WA,INSUR,SANDC,2.99,144839.531,4,4,144839.524,0.0,0.0,0.0,0.007,48441.314716
1658318,IT,DE,COPP1,LANDT,0.37,144826.298,4,4,144826.291,0.0,0.0,0.0,0.007,391422.427027
1756155,IT,KR,MACHI,DAIRY,0.81,144797.446,4,4,144797.434,0.0,0.0,0.0,0.012,178762.279012
1800596,IT,WE,GLASS,WOODW,0.4,144791.621,5,5,144790.613,0.0,0.0,1.0,0.008,361979.0525
1795920,IT,WL,MOTO1,CATTL,0.77,144790.609,4,4,144790.6,0.0,0.0,0.0,0.009,188039.751948
1778957,IT,TR,SEACO,LANDT,0.15,144790.387,4,4,144790.384,0.0,0.0,0.0,0.003,965269.246667
1709593,IT,LT,PAPER,KEROS,0.56,144785.886,5,5,144784.872,0.0,1.0,0.0,0.014,258546.225
1747514,IT,JP,SEACO,RESEA,0.15,144768.177,4,4,144768.174,0.0,0.0,0.0,0.003,965121.18
1659940,IT,DE,TRAN2,LANDT,0.22,144763.091,4,4,144763.087,0.0,0.0,0.0,0.004,658014.05
1685546,IT,HU,PAPER,CONST,0.56,144757.193,5,5,144756.179,0.0,1.0,0.0,0.014,258494.9875
1778928,IT,TR,SEACO,NONF1,0.15,144748.947,4,4,144748.944,0.0,0.0,0.0,0.003,964992.98
1784287,IT,ID,CHEM1,MOTO1,0.3,144730.864,4,4,144730.848,0.0,0.0,0.0,0.016,482436.213333
1725442,IT,RO,TEXTI,93197,0.86,144723.845,4,4,144723.826,0.0,0.0,0.0,0.019,168283.540698
1661031,IT,DE,BUSIN,WOOD1,1.49,144702.835,4,4,144702.825,0.0,0.0,0.0,0.01,97115.996644
1763253,IT,MX,WOODW,REALE,0.4,144680.21,5,5,144679.2,0.0,1.0,0.0,0.01,361700.525
1640302,IT,AT,SANDC,CONST,0.33,144673.932,5,5,144641.927,0.0,0.0,32.0,0.005,438405.854545
1655373,IT,DE,CROPS,RAWMI,1.15,144669.983,4,4,144669.975,0.0,0.0,0.0,0.008,125799.985217
1795223,IT,WL,GLASS,RETA1,0.4,144659.433,5,5,144658.425,0.0,0.0,1.0,0.008,361648.5825
1641082,IT,AT,PAPER,CHEM1,0.56,144655.134,5,5,144654.12,0.0,1.0,0.0,0.014,258312.739286
1811314,IT,WM,BITU1,MOTO1,0.23,144653.578,4,4,144653.566,0.0,0.0,0.0,0.012,628928.6
1778889,IT,TR,SEACO,DAIRY,0.15,144648.159,4,4,144648.156,0.0,0.0,0.0,0.003,964321.06
1796426,IT,WL,WHOLE,SALEM,1.25,144633.349,4,4,144633.341,0.0,0.0,0.0,0.008,115706.6792
1640272,IT,AT,STONE,CONST,0.47,144630.34,5,5,144622.333,0.0,0.0,8.0,0.007,307724.12766
1689280,IT,IE,WHOLE,SUPPO,1.25,144611.213,4,4,144611.205,0.0,0.0,0.0,0.008,115688.9704
1713345,IT,MT,GASDI,FURNI,0.22,144599.274,4,4,144599.262,0.0,0.0,0.0,0.012,657269.427273
1725896,IT,RO,NAPHT,PFERT,0.25,144599.037,4,4,144599.027,0.0,0.0,0.0,0.01,578396.148
1653471,IT,CZ,BASIC,WHEAT,0.17,144597.91,4,4,144597.901,0.0,0.0,0.0,0.009,850575.941176
1686538,IT,HU,ALUM1,TEXTI,0.25,144596.536,4,4,144596.524,0.0,0.0,0.0,0.012,578386.144
1799270,IT,WE,LEATH,MOTO1,1.04,144591.471,5,5,144590.446,0.0,1.0,0.0,0.025,139030.260577
1795697,IT,WL,FABRI,AIRTR,0.59,144587.046,4,4,144587.036,0.0,0.0,0.0,0.01,245062.789831
1647131,IT,BE,HOTEL,INLAN,1.05,144585.326,4,4,144585.315,0.0,0.0,0.0,0.011,137700.310476
1721042,IT,PL,HOTEL,RUBBE,1.05,144582.798,4,4,144582.787,0.0,0.0,0.0,0.011,137697.902857
1770466,IT,AU,AIRTR,STONE,0.16,144578.14,4,4,144578.135,0.0,0.0,0.0,0.005,903613.375
1670964,IT,FI,CHEM1,DISTR,0.3,144576.984,4,4,144576.968,0.0,0.0,0.0,0.016,481923.28
1806780,IT,WF,RETA1,CRUDE,1.51,144575.98,4,4,144575.971,0.0,0.0,0.0,0.009,95745.682119
1750023,IT,CN,NONME,FABRI,0.29,144549.868,4,4,144549.852,0.0,0.0,0.0,0.016,498447.82069
1735802,IT,SK,MACHI,BASIC,0.81,144542.212,4,4,144542.2,0.0,0.0,0.0,0.012,178447.175309
1799787,IT,WE,KERO1,DAIRY,0.21,144536.303,4,4,144536.291,0.0,0.0,0.0,0.012,688268.109524
1772793,IT,CH,NONME,FURNI,0.29,144523.131,4,4,144523.115,0.0,0.0,0.0,0.016,498355.624138
1784266,IT,ID,CHEM1,CHARC,0.3,144521.191,4,4,144521.175,0.0,0.0,0.0,0.016,481737.303333
1792100,IT,WA,AIRTR,RETAI,0.16,144520.507,4,4,144520.502,0.0,0.0,0.0,0.005,903253.16875
1688791,IT,IE,RUBBE,HEALT,0.48,144518.036,4,4,144518.023,0.0,0.0,0.0,0.013,301079.241667
1659624,IT,DE,HOTEL,FURNI,1.05,144515.805,4,4,144515.794,0.0,0.0,0.0,0.011,137634.1
1779004,IT,TR,AIRTR,WOODW,0.16,144501.152,4,4,144501.147,0.0,0.0,0.0,0.005,903132.2
1775225,IT,CH,RESEA,PUBLI,0.78,144494.799,4,4,144494.789,0.0,0.0,0.0,0.01,185249.742308
1812541,IT,WM,ALUM1,NONME,0.25,144491.272,4,4,144491.26,0.0,0.0,0.0,0.012,577965.088
1667408,IT,ES,COPP1,ELEC3,0.36,144479.126,4,4,144479.119,0.0,0.0,0.0,0.007,401330.905556
1783625,IT,NO,FOOD3,ALUM1,0.41,144474.304,4,4,144474.297,0.0,0.0,0.0,0.007,352376.35122
1642569,IT,AT,NONF1,WHOLE,0.03,144470.605,3,3,144470.605,0.0,0.0,0.0,0.0,4815686.833333
1642071,IT,AT,GLASS,PLAST,0.4,144458.511,5,5,144457.503,0.0,0.0,1.0,0.008,361146.2775
1746619,IT,JP,ALUM1,NONF1,0.25,144456.301,4,4,144456.289,0.0,0.0,0.0,0.012,577825.204
1723694,IT,PT,MACHI,CERAM,0.81,144448.372,4,4,144448.36,0.0,0.0,0.0,0.012,178331.323457
1650325,IT,BG,ELEC2,LEATH,0.03,144433.211,4,4,144433.196,0.0,0.0,0.0,0.015,4814440.366667
1774567,IT,CH,SEACO,PAPER,0.15,144431.982,4,4,144431.979,0.0,0.0,0.0,0.003,962879.88
1769350,IT,AU,GLASS,WHOLE,0.4,144431.521,5,5,144430.513,0.0,0.0,1.0,0.008,361078.8025
1715301,IT,NL,PAPER,CONST,0.56,144423.877,5,5,144422.863,0.0,1.0,0.0,0.014,257899.780357
1727231,IT,RO,SUPPO,RUBBE,1.04,144399.808,4,4,144399.801,0.0,0.0,0.0,0.007,138845.969231
1642383,IT,AT,BASIC,OILHA,0.17,144377.608,4,4,144377.599,0.0,0.0,0.0,0.009,849280.047059
1759776,IT,BR,BUSIN,TRANS,1.48,144375.799,4,4,144375.789,0.0,0.0,0.0,0.01,97551.215541
1743907,IT,US,SEACO,COLLE,0.15,144353.595,4,4,144353.593,0.0,0.0,0.0,0.002,962357.3
1789343,IT,WA,CHEM1,MEAT1,0.3,144339.747,4,4,144339.731,0.0,0.0,0.0,0.016,481132.49
1682291,IT,HR,LEATH,POSTT,1.03,144329.917,5,5,144328.892,0.0,1.0,0.0,0.025,140126.13301
1790925,IT,WA,OFFIC,SALEM,0.45,144328.457,4,4,144328.447,0.0,0.0,0.0,0.01,320729.904444
1669755,IT,ES,BUSIN,PAPER,1.48,144322.777,4,4,144322.767,0.0,0.0,0.0,0.01,97515.389865
1766104,IT,RU,RUBBE,PRINT,0.48,144317.098,4,4,144317.085,0.0,0.0,0.0,0.013,300660.620833
1751899,IT,CN,COMPU,PFERT,1.65,144304.961,4,4,144304.952,0.0,0.0,0.0,0.009,87457.552121
1728153,IT,SE,DAIRY,WHOLE,0.59,144304.066,5,5,144303.056,0.0,1.0,0.0,0.01,244583.162712
1660292,IT,DE,POSTT,FINAN,2.38,144299.793,4,4,144299.782,0.0,0.0,0.0,0.011,60630.165126
1643983,IT,AT,COMPU,POSTT,1.65,144276.446,4,4,144276.437,0.0,0.0,0.0,0.009,87440.270303
1773676,IT,CH,FURNI,BASIC,0.46,144276.28,4,4,144276.268,0.0,0.0,0.0,0.012,313644.086957
1718812,IT,PL,PAPER,BASIC,0.56,144275.105,5,5,144274.091,0.0,1.0,0.0,0.014,257634.116071
1684853,IT,HU,CRUDE,ELECT,0.28,144274.607,4,4,144274.595,0.0,0.0,0.0,0.012,515266.453571
1730996,IT,SE,FOOD2,MEATC,0.84,144272.943,4,4,144272.934,0.0,0.0,0.0,0.009,171753.503571
1688363,IT,IE,PROCE,FOOD5,0.98,144268.661,5,5,144267.652,0.0,1.0,0.0,0.009,147212.919388
1791693,IT,WA,HOTEL,AUXIL,1.05,144266.222,4,4,144266.211,0.0,0.0,0.0,0.011,137396.401905
1721245,IT,PL,LANDT,PFERT,0.93,144253.968,4,4,144253.961,0.0,0.0,0.0,0.007,155111.793548
1682468,IT,HR,PAPER,RESEA,0.56,144241.979,5,5,144240.965,0.0,1.0,0.0,0.014,257574.9625
1781549,IT,NO,TEXTI,REALE,0.85,144223.121,4,4,144223.102,0.0,0.0,0.0,0.019,169674.26
1730355,IT,SE,SUPPO,WHOLE,1.04,144220.627,4,4,144220.62,0.0,0.0,0.0,0.007,138673.679808
1749302,IT,CN,PAPER,RECRE,0.56,144213.088,5,5,144212.074,0.0,1.0,0.0,0.014,257523.371429
1753609,IT,CA,MACHI,COMPU,0.8,144211.57,4,4,144211.558,0.0,0.0,0.0,0.012,180264.4625
1794609,IT,WL,HEAVY,INLAN,0.23,144201.268,4,4,144201.256,0.0,0.0,0.0,0.012,626962.034783
1805200,IT,WF,CHEM1,PULP5,0.3,144196.236,4,4,144196.22,0.0,0.0,0.0,0.016,480654.12
1658903,IT,DE,FURNI,PRINT,0.46,144180.321,4,4,144180.309,0.0,0.0,0.0,0.012,313435.480435
1683208,IT,HR,GLASS,PUBLI,0.4,144135.441,5,5,144134.433,0.0,0.0,1.0,0.008,360338.6025
1757251,IT,BR,VEGE1,BASIC,0.44,144135.309,5,5,144134.278,0.0,1.0,0.0,0.031,327580.247727
1686428,IT,HU,BASIC,ELEC2,0.17,144135.172,4,4,144135.163,0.0,0.0,0.0,0.009,847853.952941
1724360,IT,PT,SEACO,FABRI,0.15,144130.918,4,4,144130.916,0.0,0.0,0.0,0.002,960872.786667
1690080,IT,IE,RENTI,TRAN1,0.86,144130.621,4,4,144130.613,0.0,0.0,0.0,0.008,167593.745349
1772819,IT,CH,NONME,RECRE,0.29,144129.713,4,4,144129.697,0.0,0.0,0.0,0.016,496999.010345
1786235,IT,ZA,COPP1,MOTO1,0.36,144121.83,4,4,144121.823,0.0,0.0,0.0,0.007,400338.416667
1657812,IT,DE,NONME,TRANS,0.29,144119.838,4,4,144119.822,0.0,0.0,0.0,0.016,496964.958621
1741853,IT,US,CHEM1,CROPS,0.3,144119.625,4,4,144119.609,0.0,0.0,0.0,0.016,480398.75
1670721,IT,FI,PAPER,PRINT,0.56,144119.393,5,5,144118.379,0.0,1.0,0.0,0.014,257356.058929
1673047,IT,FR,FOOD5,PAPER,0.69,144102.156,5,5,144101.143,0.0,1.0,0.0,0.013,208843.704348
1668271,IT,ES,WHOLE,TEXTI,1.25,144094.296,4,4,144094.288,0.0,0.0,0.0,0.008,115275.4368
1734878,IT,SK,PAPER,CONST,0.56,144062.993,5,5,144061.979,0.0,1.0,0.0,0.014,257255.344643
1719777,IT,PL,BASIC,FISH5,0.17,144049.37,4,4,144049.361,0.0,0.0,0.0,0.009,847349.235294
1715003,IT,NL,TOBAC,BUSIN,0.57,144045.39,5,5,144044.381,0.0,1.0,0.0,0.009,252711.210526
1809858,IT,WM,BEVER,CATTL,0.61,144044.324,4,4,144044.315,0.0,0.0,0.0,0.009,236138.236066
1719722,IT,PL,NONME,WHOLE,0.29,144032.707,4,4,144032.691,0.0,0.0,0.0,0.016,496664.506897
1729573,IT,SE,COPP1,RENTI,0.36,144019.115,4,4,144019.108,0.0,0.0,0.0,0.007,400053.097222
1676532,IT,FR,HOTEL,POULT,1.04,144018.956,4,4,144018.945,0.0,0.0,0.0,0.011,138479.765385
1682225,IT,HR,WEARI,REALE,1.09,144017.335,4,4,144017.308,0.0,0.0,0.0,0.027,132125.995413
1652904,IT,CZ,KEROS,WHOLE,0.21,144002.32,4,4,144002.308,0.0,0.0,0.0,0.012,685725.333333
1759735,IT,BR,BUSIN,COKEO,1.48,143999.576,4,4,143999.566,0.0,0.0,0.0,0.01,97297.010811
1780875,IT,TW,RESEA,PAPER,0.78,143987.717,4,4,143987.707,0.0,0.0,0.0,0.01,184599.637179
1809453,IT,WM,CHEMI,LANDT,0.34,143987.411,5,5,143980.397,0.0,0.0,7.0,0.014,423492.385294
1741822,IT,US,NFERT,OILSE,0.03,143974.725,4,4,143974.713,0.0,0.0,0.0,0.012,4799157.5
1665878,IT,ES,PRINT,REALE,1.38,143964.679,4,4,143964.668,0.0,0.0,0.0,0.011,104322.231159
1640572,IT,AT,FOOD5,RETA1,0.69,143964.23,5,5,143963.217,0.0,1.0,0.0,0.013,208643.811594
1689337,IT,IE,RETA1,PLAST,1.5,143945.922,4,4,143945.913,0.0,0.0,0.0,0.009,95963.948
1663150,IT,DK,LANDT,FISH5,0.93,143938.372,4,4,143938.365,0.0,0.0,0.0,0.007,154772.443011
1736022,IT,SK,TRANS,BUSIN,0.86,143927.191,4,4,143927.183,0.0,0.0,0.0,0.008,167357.198837
1686716,IT,HU,COPP1,TRANS,0.36,143920.649,4,4,143920.642,0.0,0.0,0.0,0.007,399779.580556
1806305,IT,WF,MACHI,MEMBE,0.8,143909.013,4,4,143909.001,0.0,0.0,0.0,0.012,179886.26625
1764909,IT,MX,AIRTR,BUSIN,0.16,143897.113,4,4,143897.108,0.0,0.0,0.0,0.005,899356.95625
1768496,IT,AU,FOOD5,MEATC,0.69,143887.632,5,5,143886.619,0.0,1.0,0.0,0.013,208532.8
1764383,IT,MX,MOTO1,OFFIC,0.77,143885.568,4,4,143885.559,0.0,0.0,0.0,0.009,186864.374026
1767989,IT,RU,COMPU,POSTT,1.64,143884.213,4,4,143884.204,0.0,0.0,0.0,0.009,87734.27622
1731380,IT,SI,FOOD5,RAWMI,0.69,143868.945,5,5,143867.932,0.0,1.0,0.0,0.013,208505.717391
1729084,IT,SE,RUBBE,TRAN2,0.48,143861.943,4,4,143861.93,0.0,0.0,0.0,0.013,299712.38125
1758848,IT,BR,HOTEL,WOODW,1.04,143852.07,4,4,143852.059,0.0,0.0,0.0,0.011,138319.298077
1737951,IT,GB,CHEM1,BASIC,0.3,143841.79,4,4,143841.774,0.0,0.0,0.0,0.016,479472.633333
1660397,IT,DE,FINAN,DISTR,1.87,143827.467,4,4,143827.463,0.0,0.0,0.0,0.004,76913.083957
1772891,IT,CH,BASIC,HOTEL,0.17,143817.204,4,4,143817.195,0.0,0.0,0.0,0.009,845983.552941
1665759,IT,ES,PAPER,ELEC4,0.56,143794.396,5,5,143793.382,0.0,1.0,0.0,0.014,256775.707143
1649907,IT,BG,FABRI,FOOD5,0.59,143777.416,4,4,143777.406,0.0,0.0,0.0,0.01,243690.535593
1736134,IT,SK,CONST,SUPPO,0.8,143776.392,5,5,143775.384,0.0,0.0,1.0,0.008,179720.49
1811531,IT,WM,NFERT,93197,0.03,143770.297,4,4,143770.285,0.0,0.0,0.0,0.012,4792343.233333
1675818,IT,FR,ELEC1,POULT,0.02,143767.454,4,4,143767.445,0.0,0.0,0.0,0.009,7188372.7
1682754,IT,HR,GASDI,HEALT,0.21,143765.118,4,4,143765.106,0.0,0.0,0.0,0.012,684595.8
1795214,IT,WL,GLASS,FABRI,0.39,143764.953,5,5,143763.945,0.0,0.0,1.0,0.008,368628.084615
1800308,IT,WE,PFERT,WHEAT,0.06,143758.666,4,4,143758.643,0.0,0.0,0.0,0.023,2395977.766667
1744157,IT,US,SUPPO,EDUCA,1.03,143756.368,4,4,143756.361,0.0,0.0,0.0,0.007,139569.28932
1683629,IT,HR,FABRI,WOODW,0.58,143746.268,4,4,143746.258,0.0,0.0,0.0,0.01,247838.393103
1746629,IT,JP,ALUM1,FURNI,0.25,143731.52,4,4,143731.508,0.0,0.0,0.0,0.012,574926.08
1802199,IT,WE,HOTEL,POSTT,1.04,143718.067,4,4,143718.056,0.0,0.0,0.0,0.011,138190.449038
1728048,IT,SE,MEATC,FOOD5,0.48,143691.618,5,5,143689.609,0.0,2.0,0.0,0.009,299357.5375
1642710,IT,AT,MACHI,DAIRY,0.8,143686.92,4,4,143686.908,0.0,0.0,0.0,0.012,179608.65
1647342,IT,BE,SEACO,HEAVY,0.15,143664.333,4,4,143664.331,0.0,0.0,0.0,0.002,957762.22
1653937,IT,CZ,MACHI,SUGAR,0.8,143663.631,4,4,143663.619,0.0,0.0,0.0,0.012,179579.53875
1674773,IT,FR,CERAM,PAPE1,0.22,143655.788,5,5,143654.78,0.0,0.0,1.0,0.008,652980.854545
1789055,IT,WA,NAPHT,BIOG1,0.24,143652.783,4,4,143652.773,0.0,0.0,0.0,0.01,598553.2625
1767320,IT,RU,HOTEL,COMPU,1.04,143649.716,4,4,143649.705,0.0,0.0,0.0,0.011,138124.726923
1678972,IT,GR,WEARI,FINAN,1.08,143640.048,4,4,143640.021,0.0,0.0,0.0,0.027,133000.044444
1755950,IT,KR,PREC1,PREC1,0.24,143603.803,4,4,143603.796,0.0,0.0,0.0,0.007,598349.179167
1679424,IT,GR,CHEM1,OILSE,0.3,143595.505,4,4,143595.489,0.0,0.0,0.0,0.016,478651.683333
1714672,IT,NL,VEGE1,CROPS,0.44,143556.347,5,5,143555.316,0.0,1.0,0.0,0.031,326264.425
1652638,IT,CZ,WOODW,MACHI,0.4,143536.398,5,5,143535.388,0.0,1.0,0.0,0.01,358840.995
1668981,IT,ES,AIRTR,POSTT,0.16,143522.933,4,4,143522.928,0.0,0.0,0.0,0.005,897018.33125
1681705,IT,HR,FISHF,CHEMI,0.25,143522.868,4,4,143522.863,0.0,0.0,0.0,0.005,574091.472
1813174,IT,WM,MOTO1,DISTR,0.76,143518.747,4,4,143518.738,0.0,0.0,0.0,0.009,188840.456579
1640678,IT,AT,FISH5,BEVER,0.6,143518.266,4,4,143518.192,0.0,0.0,0.0,0.074,239197.11
1794409,IT,WL,KEROS,PUBLI,0.21,143508.425,4,4,143508.413,0.0,0.0,0.0,0.012,683373.452381
1774563,IT,CH,SEACO,TEXTI,0.15,143507.796,4,4,143507.794,0.0,0.0,0.0,0.002,956718.64
1792277,IT,WA,POSTT,CONST,2.36,143504.612,4,4,143504.601,0.0,0.0,0.0,0.011,60807.038983
1674108,IT,FR,HEAVY,TEXTI,0.23,143499.319,4,4,143499.307,0.0,0.0,0.0,0.012,623910.082609
1796839,IT,WL,SEACO,FISH5,0.15,143485.117,4,4,143485.115,0.0,0.0,0.0,0.002,956567.446667
1803003,IT,WF,WHEAT,TRANS,0.11,143480.867,5,5,143479.864,0.0,1.0,0.0,0.003,1304371.518182
1681869,IT,HR,VEGE1,RENTI,0.44,143473.342,5,5,143472.311,0.0,1.0,0.0,0.031,326075.777273
1732269,IT,SI,LIQUE,LANDT,0.25,143471.341,4,4,143471.329,0.0,0.0,0.0,0.012,573885.364
1806491,IT,WF,TRANS,SALEM,0.86,143463.575,4,4,143463.567,0.0,0.0,0.0,0.008,166818.110465
1687632,IT,HU,AIRTR,DAIRY,0.16,143450.559,4,4,143450.554,0.0,0.0,0.0,0.005,896565.99375
1709579,IT,LT,PAPER,MEAT1,0.56,143441.952,5,5,143440.938,0.0,1.0,0.0,0.014,256146.342857
1776461,IT,TR,MOTOR,REFI1,0.21,143429.553,4,4,143429.541,0.0,0.0,0.0,0.012,682997.871429
1785635,IT,ZA,HEAVY,NATUR,0.23,143428.567,4,4,143428.555,0.0,0.0,0.0,0.012,623602.465217
1685140,IT,HU,FOOD5,HEALT,0.69,143414.7,5,5,143413.687,0.0,1.0,0.0,0.013,207847.391304
1756005,IT,KR,COPP1,RADIO,0.36,143400.826,4,4,143400.819,0.0,0.0,0.0,0.007,398335.627778
1746959,IT,JP,MOTO1,DIST1,0.76,143385.117,4,4,143385.108,0.0,0.0,0.0,0.009,188664.627632
1738203,IT,GB,CERAM,HOTEL,0.22,143383.584,5,5,143382.576,0.0,0.0,1.0,0.008,651743.563636
1741998,IT,US,ADDIT,GASDI,0.33,143370.542,5,5,143369.531,0.0,1.0,0.0,0.011,434456.187879
1757726,IT,BR,NAPHT,ALUM1,0.24,143352.969,4,4,143352.959,0.0,0.0,0.0,0.01,597304.0375
1747032,IT,JP,TRANS,SUPPO,0.86,143349.393,4,4,143349.385,0.0,0.0,0.0,0.008,166685.340698
1658665,IT,DE,MACHI,RECRE,0.8,143346.004,4,4,143345.992,0.0,0.0,0.0,0.012,179182.505
1686385,IT,HU,BASIC,BEVER,0.16,143333.29,4,4,143333.281,0.0,0.0,0.0,0.009,895833.0625
1643344,IT,AT,RAILW,FABRI,0.96,143316.786,5,5,143315.78,0.0,0.0,1.0,0.006,149288.31875
1741422,IT,US,MOTOR,NATUR,0.21,143314.222,4,4,143314.21,0.0,0.0,0.0,0.012,682448.67619
1672021,IT,FI,SEACO,AIRTR,0.15,143310.602,4,4,143310.6,0.0,0.0,0.0,0.002,955404.013333
1807108,IT,WF,SEACO,RESEA,0.15,143295.491,4,4,143295.489,0.0,0.0,0.0,0.002,955303.273333
1773529,IT,CH,MOTO1,CEMEN,0.76,143293.362,4,4,143293.353,0.0,0.0,0.0,0.009,188543.897368
1668719,IT,ES,LANDT,NAPHT,0.92,143280.569,4,4,143280.562,0.0,0.0,0.0,0.007,155739.748913
1650511,IT,BG,ELEC6,LEAD1,0.02,143269.204,4,4,143269.181,0.0,0.0,0.0,0.023,7163460.2
1756271,IT,KR,OFFIC,POSTT,0.44,143260.821,4,4,143260.811,0.0,0.0,0.0,0.01,325592.775
1748480,IT,CN,STONE,ELEC2,0.46,143259.239,5,5,143251.232,0.0,0.0,8.0,0.007,311433.128261
1739213,IT,GB,RETA1,RETA1,1.5,143256.653,4,4,143256.644,0.0,0.0,0.0,0.009,95504.435333
1771805,IT,CH,WOODW,CROPS,0.4,143231.567,5,5,143230.557,0.0,1.0,0.0,0.01,358078.9175
1718848,IT,PL,PAPER,POSTT,0.56,143230.869,5,5,143229.855,0.0,1.0,0.0,0.014,255769.408929
1654103,IT,CZ,OFFIC,CONST,0.44,143217.347,4,4,143217.337,0.0,0.0,0.0,0.01,325493.970455
1802197,IT,WE,HOTEL,AIRTR,1.04,143203.008,4,4,143202.997,0.0,0.0,0.0,0.011,137695.2
1676059,IT,FR,ELEC7,WOODW,0.1,143199.961,4,4,143199.959,0.0,0.0,0.0,0.002,1431999.61
1799839,IT,WE,GASDI,TEXTI,0.21,143193.803,4,4,143193.791,0.0,0.0,0.0,0.012,681875.252381
1643720,IT,AT,SUPPO,FABRI,1.03,143191.646,4,4,143191.639,0.0,0.0,0.0,0.007,139021.015534
1809780,IT,WM,FOOD5,KEROS,0.69,143182.937,5,5,143181.924,0.0,1.0,0.0,0.013,207511.502899
1750776,IT,CN,TRANS,BUSIN,0.85,143180.993,4,4,143180.985,0.0,0.0,0.0,0.008,168448.227059
1660059,IT,DE,AIRTR,NAPHT,0.16,143176.996,4,4,143176.991,0.0,0.0,0.0,0.005,894856.225
1768459,IT,AU,DAIRY,PUBLI,0.58,143171.359,5,5,143170.349,0.0,1.0,0.0,0.01,246847.17069
1751223,IT,CN,HOTEL,MEDIC,1.04,143166.667,4,4,143166.656,0.0,0.0,0.0,0.011,137660.256731
1657436,IT,DE,RUBBE,ALUM1,0.47,143135.296,4,4,143135.283,0.0,0.0,0.0,0.013,304543.182979
1775298,IT,CH,BUSIN,MEDIC,1.47,143130.346,4,4,143130.336,0.0,0.0,0.0,0.01,97367.582313
1659840,IT,DE,LANDT,SECO9,0.92,143125.362,4,4,143125.355,0.0,0.0,0.0,0.007,155571.045652
1689587,IT,IE,AIRTR,MOTO1,0.16,143112.102,4,4,143112.097,0.0,0.0,0.0,0.005,894450.6375
1658981,IT,DE,ELEC1,WHOLE,0.02,143103.678,4,4,143103.669,0.0,0.0,0.0,0.009,7155183.9
1727046,IT,RO,RAILW,BASIC,0.96,143102.511,5,5,143101.505,0.0,0.0,1.0,0.006,149065.115625
1780805,IT,TW,COMPU,WEARI,1.63,143100.314,4,4,143100.305,0.0,0.0,0.0,0.009,87791.603681
1768034,IT,RU,BUSIN,TOBAC,1.47,143087.769,4,4,143087.759,0.0,0.0,0.0,0.01,97338.618367
1652397,IT,CZ,TEXTI,NFERT,0.85,143074.782,4,4,143074.763,0.0,0.0,0.0,0.019,168323.272941
1678515,IT,GR,WHEAT,HOTEL,0.11,143070.971,5,5,143069.968,0.0,1.0,0.0,0.003,1300645.190909
1680337,IT,GR,ELEC1,CEMEN,0.02,143065.765,4,4,143065.756,0.0,0.0,0.0,0.009,7153288.25
1689890,IT,IE,AUXIL,CHEM1,2.62,143063.754,4,4,143063.747,0.0,0.0,0.0,0.007,54604.48626
1784227,IT,ID,PLAST,BASIC,0.3,143046.943,4,4,143046.928,0.0,0.0,0.0,0.015,476823.143333
1785126,IT,ZA,VEGE1,EDUCA,0.44,143039.101,5,5,143038.07,0.0,1.0,0.0,0.031,325088.865909
1804434,IT,WF,KERO1,REALE,0.21,143037.428,4,4,143037.416,0.0,0.0,0.0,0.012,681130.609524
1719852,IT,PL,BASIC,AUXIL,0.16,143025.602,4,4,143025.593,0.0,0.0,0.0,0.009,893910.0125
1731152,IT,SI,STONE,CONST,0.46,143017.811,5,5,143009.804,0.0,0.0,8.0,0.007,310908.284783
1678775,IT,GR,FOOD5,VEGE1,0.69,143017.048,5,5,143016.035,0.0,1.0,0.0,0.013,207271.084058
1644319,IT,BE,STONE,CROPS,0.46,143014.607,5,5,143006.6,0.0,0.0,8.0,0.007,310901.319565
1640658,IT,AT,BEVER,BUSIN,0.61,143005.557,4,4,143005.548,0.0,0.0,0.0,0.009,234435.339344
1689429,IT,IE,HOTEL,NUCLE,1.04,143004.475,4,4,143004.464,0.0,0.0,0.0,0.011,137504.302885
1763386,IT,MX,PRINT,RETA1,1.37,142999.278,4,4,142999.267,0.0,0.0,0.0,0.011,104379.035036
1813766,IT,WM,HOTEL,SALEM,1.04,142999.15,4,4,142999.139,0.0,0.0,0.0,0.011,137499.182692
1646687,IT,BE,FURNI,SALEM,0.46,142990.191,4,4,142990.179,0.0,0.0,0.0,0.012,310848.241304
1805111,IT,WF,NFERT,WHOLE,0.03,142989.777,4,4,142989.765,0.0,0.0,0.0,0.012,4766325.9
1746630,IT,JP,ALUM1,CONST,0.25,142973.398,4,4,142973.387,0.0,0.0,0.0,0.011,571893.592
1810020,IT,WM,TEXTI,MEATC,0.85,142972.912,4,4,142972.893,0.0,0.0,0.0,0.019,168203.425882
1677509,IT,FR,AUXIL,SALEM,2.61,142934.93,4,4,142934.923,0.0,0.0,0.0,0.007,54764.340996
1789966,IT,WA,NONME,ANIMA,0.29,142932.973,4,4,142932.957,0.0,0.0,0.0,0.016,492872.32069
1750286,IT,CN,NONF1,WOODW,0.03,142930.914,3,3,142930.914,0.0,0.0,0.0,0.0,4764363.8
1738609,IT,GB,FABRI,RENTI,0.58,142916.756,4,4,142916.746,0.0,0.0,0.0,0.01,246408.2
1690224,IT,IE,BUSIN,INSUR,1.47,142911.74,4,4,142911.73,0.0,0.0,0.0,0.01,97218.870748
1758163,IT,BR,NONME,CEMEN,0.29,142906.365,4,4,142906.349,0.0,0.0,0.0,0.016,492780.568966
1653012,IT,CZ,PLAST,GASDI,0.3,142904.575,4,4,142904.56,0.0,0.0,0.0,0.015,476348.583333
1648253,IT,BE,BUSIN,HEALT,1.47,142901.413,4,4,142901.403,0.0,0.0,0.0,0.01,97211.845578
1789912,IT,WA,CEMEN,SANDC,0.23,142900.395,5,5,142899.389,0.0,0.0,1.0,0.006,621306.065217
1798412,IT,WE,NATUR,BITUM,0.2,142896.316,4,4,142896.307,0.0,0.0,0.0,0.009,714481.58
1713844,IT,MT,ELEC1,WASTE,0.02,142891.415,4,4,142891.406,0.0,0.0,0.0,0.009,7144570.75
1814088,IT,WM,AIRTR,WOODW,0.16,142879.544,4,4,142879.539,0.0,0.0,0.0,0.005,892997.15
1650089,IT,BG,MACHI,BUSIN,0.8,142878.451,4,4,142878.439,0.0,0.0,0.0,0.012,178598.06375
1717232,IT,NL,SUPPO,PUBLI,1.03,142875.948,4,4,142875.941,0.0,0.0,0.0,0.007,138714.512621
1712809,IT,LV,AIRTR,AIRTR,0.16,142874.019,4,4,142874.014,0.0,0.0,0.0,0.005,892962.61875
1719215,IT,PL,CHEM1,POULT,0.3,142850.551,4,4,142850.535,0.0,0.0,0.0,0.016,476168.503333
1710646,IT,LU,MEAT4,CONST,0.79,142832.566,5,5,142831.556,0.0,1.0,0.0,0.01,180800.716456
1798559,IT,WE,CHEMI,PFERT,0.34,142824.106,5,5,142817.093,0.0,0.0,7.0,0.013,420070.9
1646347,IT,BE,FABRI,PULP5,0.58,142822.53,4,4,142822.52,0.0,0.0,0.0,0.01,246245.741379
1789616,IT,WA,RUBBE,MEATP,0.47,142802.557,4,4,142802.544,0.0,0.0,0.0,0.013,303835.22766
1746297,IT,JP,CHEM1,RENTI,0.3,142800.976,4,4,142800.96,0.0,0.0,0.0,0.016,476003.253333
1740159,IT,GB,COMPU,EDUCA,1.63,142783.082,4,4,142783.073,0.0,0.0,0.0,0.009,87596.982822
1747557,IT,JP,AIRTR,LIQUE,0.16,142778.679,4,4,142778.675,0.0,0.0,0.0,0.004,892366.74375
1793501,IT,WL,CHEMI,NONME,0.34,142759.015,5,5,142752.002,0.0,0.0,7.0,0.013,419879.455882
1775037,IT,CH,RENTI,FOOD5,0.85,142755.922,4,4,142755.914,0.0,0.0,0.0,0.008,167948.143529
1666021,IT,ES,MOTOR,PAPE4,0.21,142752.229,4,4,142752.217,0.0,0.0,0.0,0.012,679772.519048
1738990,IT,GB,SALEM,MACHI,1.15,142745.286,4,4,142745.277,0.0,0.0,0.0,0.009,124126.335652
1728965,IT,SE,CHEM1,PAPE1,0.3,142738.117,4,4,142738.101,0.0,0.0,0.0,0.016,475793.723333
1645233,IT,BE,COALT,BIODI,0.23,142728.048,4,4,142728.04,0.0,0.0,0.0,0.008,620556.730435
1772709,IT,CH,CERAM,SUPPO,0.22,142723.129,5,5,142722.121,0.0,0.0,1.0,0.008,648741.495455
1788715,IT,WA,MOTOR,LIQUE,0.21,142704.092,4,4,142704.08,0.0,0.0,0.0,0.012,679543.295238
1723014,IT,PT,PLAST,CHEM1,0.3,142674.564,4,4,142674.549,0.0,0.0,0.0,0.015,475581.88
1650036,IT,BG,MACHI,PFERT,0.8,142665.655,4,4,142665.643,0.0,0.0,0.0,0.012,178332.06875
1757110,IT,BR,VEGET,SUGA1,0.51,142654.523,5,5,142653.517,0.0,1.0,0.0,0.006,279714.75098
1673289,IT,FR,TEXTI,CROPS,0.85,142651.801,4,4,142651.782,0.0,0.0,0.0,0.019,167825.648235
1786398,IT,ZA,MACHI,TRAN1,0.8,142642.715,4,4,142642.703,0.0,0.0,0.0,0.012,178303.39375
1739635,IT,GB,AIRTR,CRUDE,0.16,142632.229,4,4,142632.225,0.0,0.0,0.0,0.004,891451.43125
1649510,IT,BG,RUBBE,MEAT1,0.47,142627.317,4,4,142627.304,0.0,0.0,0.0,0.013,303462.376596
1792554,IT,WA,RENTI,CHARC,0.85,142625.974,4,4,142625.966,0.0,0.0,0.0,0.008,167795.263529
1761183,IT,IN,CHEM1,RECRE,0.3,142604.82,4,4,142604.804,0.0,0.0,0.0,0.016,475349.4
1737031,IT,GB,STONE,CONST,0.46,142598.321,5,5,142590.314,0.0,0.0,8.0,0.007,309996.35
1786892,IT,ZA,SEACO,PUBLI,0.15,142591.695,4,4,142591.693,0.0,0.0,0.0,0.002,950611.3
1681618,IT,GR,HEALT,REALE,0.74,142579.873,4,4,142579.867,0.0,0.0,0.0,0.006,192675.504054
1642065,IT,AT,GLASS,PULP5,0.39,142573.945,5,5,142572.937,0.0,0.0,1.0,0.008,365574.217949
1642837,IT,AT,OFFIC,RESEA,0.44,142573.931,4,4,142573.921,0.0,0.0,0.0,0.01,324031.661364
1760751,IT,IN,PRINT,PRINT,1.37,142573.772,4,4,142573.761,0.0,0.0,0.0,0.011,104068.446715
1809838,IT,WM,FOOD5,FINAN,0.68,142555.673,5,5,142554.66,0.0,1.0,0.0,0.013,209640.695588
1767029,IT,RU,TRANS,SUPPO,0.85,142535.029,4,4,142535.021,0.0,0.0,0.0,0.008,167688.269412
1653500,IT,CZ,BASIC,LEATH,0.16,142534.863,4,4,142534.854,0.0,0.0,0.0,0.009,890842.89375
1728811,IT,SE,NONSP,GASDI,0.19,142532.865,4,4,142532.857,0.0,0.0,0.0,0.008,750172.973684
1781371,IT,NO,DAIRY,SEACO,0.58,142520.715,5,5,142519.705,0.0,1.0,0.0,0.01,245725.37069
1803741,IT,WF,FISH5,WHOLE,0.6,142517.165,4,4,142517.092,0.0,0.0,0.0,0.073,237528.608333
1717124,IT,NL,SEACO,REALE,0.14,142507.628,4,4,142507.626,0.0,0.0,0.0,0.002,1017911.628571
1646227,IT,BE,LEAD1,MEATP,0.25,142494.011,5,5,142492.999,0.0,0.0,1.0,0.012,569976.044
1740339,IT,GB,PUBLI,BUSIN,2.33,142485.573,4,4,142485.563,0.0,0.0,0.0,0.01,61152.606438
1734644,IT,SK,TEXTI,RETA1,0.84,142484.075,4,4,142484.056,0.0,0.0,0.0,0.019,169623.89881
1662416,IT,DK,PREC1,PREC1,0.24,142452.694,4,4,142452.687,0.0,0.0,0.0,0.007,593552.891667
1732714,IT,SI,BRICK,CONST,0.21,142450.428,5,5,142449.419,0.0,0.0,1.0,0.009,678335.371429
1786934,IT,ZA,AIRTR,EDUCA,0.16,142437.582,4,4,142437.578,0.0,0.0,0.0,0.004,890234.8875
1790547,IT,WA,NONF1,LIQUE,0.03,142436.644,3,3,142436.644,0.0,0.0,0.0,0.0,4747888.133333
1721464,IT,PL,AIRTR,POSTT,0.16,142432.136,4,4,142432.132,0.0,0.0,0.0,0.004,890200.85
1802304,IT,WE,LANDT,EDUCA,0.92,142420.394,4,4,142420.387,0.0,0.0,0.0,0.007,154804.776087
1685619,IT,HU,MOTOR,MOTOR,0.21,142400.522,4,4,142400.51,0.0,0.0,0.0,0.012,678097.72381
1756667,IT,KR,SEACO,FISHF,0.14,142388.73,4,4,142388.728,0.0,0.0,0.0,0.002,1017062.357143
1663650,IT,DK,BUSIN,SEACO,1.46,142377.741,4,4,142377.731,0.0,0.0,0.0,0.01,97519.000685
1664701,IT,EE,AIRTR,SUPPO,0.15,142368.07,4,4,142368.066,0.0,0.0,0.0,0.004,949120.466667
1647234,IT,BE,LANDT,RUBBE,0.92,142366.038,4,4,142366.031,0.0,0.0,0.0,0.007,154745.693478
1682928,IT,HR,NAPHT,PUBLI,0.24,142357.657,4,4,142357.647,0.0,0.0,0.0,0.01,593156.904167
1687114,IT,HU,TRANS,MACHI,0.85,142354.989,4,4,142354.981,0.0,0.0,0.0,0.008,167476.457647
1748998,IT,CN,LEATH,COKEO,1.02,142350.5,5,5,142349.475,0.0,1.0,0.0,0.025,139559.313725
1730252,IT,SE,SEACO,PAPER,0.14,142350.465,4,4,142350.463,0.0,0.0,0.0,0.002,1016789.035714
1671081,IT,FI,RUBBE,TRAN2,0.47,142348.03,4,4,142348.017,0.0,0.0,0.0,0.013,302868.148936
1757879,IT,BR,CHEM1,NONSP,0.3,142346.701,4,4,142346.685,0.0,0.0,0.0,0.016,474489.003333
1789688,IT,WA,RUBBE,TRAN2,0.47,142342.375,4,4,142342.362,0.0,0.0,0.0,0.013,302856.117021
1749213,IT,CN,PAPER,FISHF,0.55,142341.63,5,5,142340.616,0.0,1.0,0.0,0.014,258802.963636
1718990,IT,PL,MOTOR,CATTL,0.21,142336.588,4,4,142336.576,0.0,0.0,0.0,0.012,677793.27619
1670763,IT,FI,PAPER,HEALT,0.55,142328.933,5,5,142327.919,0.0,1.0,0.0,0.014,258779.878182
1738375,IT,GB,PREC1,CEMEN,0.24,142320.519,4,4,142320.512,0.0,0.0,0.0,0.007,593002.1625
1749154,IT,CN,PULP5,BITUM,0.43,142313.266,5,5,142312.253,0.0,1.0,0.0,0.013,330961.083721
1733241,IT,SI,MACHI,RETAI,0.79,142300.681,4,4,142300.669,0.0,0.0,0.0,0.012,180127.444304
1750753,IT,CN,TRANS,OFFIC,0.85,142298.076,4,4,142298.068,0.0,0.0,0.0,0.008,167409.501176
1679835,IT,GR,ALUM1,COPP1,0.25,142291.439,4,4,142291.428,0.0,0.0,0.0,0.011,569165.756
1646391,IT,BE,FABRI,RETA1,0.58,142272.871,4,4,142272.861,0.0,0.0,0.0,0.01,245298.053448
1754428,IT,CA,RENTI,COMPU,0.85,142249.641,4,4,142249.633,0.0,0.0,0.0,0.008,167352.518824
1649843,IT,BG,ALUM1,DIST1,0.25,142226.269,4,4,142226.258,0.0,0.0,0.0,0.011,568905.076
1681704,IT,HR,FISHF,STONE,0.25,142221.373,4,4,142221.368,0.0,0.0,0.0,0.005,568885.492
1680292,IT,GR,FURNI,RETA1,0.45,142213.945,4,4,142213.933,0.0,0.0,0.0,0.012,316030.988889
1720505,IT,PL,MACHI,SEWAG,0.79,142209.003,4,4,142208.991,0.0,0.0,0.0,0.012,180011.396203
1648692,IT,BG,FOOD5,POULT,0.68,142203.54,5,5,142202.527,0.0,1.0,0.0,0.013,209122.852941
1718811,IT,PL,PAPER,NONME,0.55,142199.982,5,5,142198.968,0.0,1.0,0.0,0.014,258545.421818
1787542,IT,WA,CHEMI,OFFIC,0.34,142184.495,5,5,142177.482,0.0,0.0,7.0,0.013,418189.691176
1807502,IT,WF,RENTI,PRECI,0.85,142184.215,4,4,142184.207,0.0,0.0,0.0,0.008,167275.547059
1757997,IT,BR,RUBBE,PRINT,0.47,142181.279,4,4,142181.266,0.0,0.0,0.0,0.013,302513.359574
1684061,IT,HR,HOTEL,MACHI,1.03,142172.532,4,4,142172.521,0.0,0.0,0.0,0.011,138031.584466
1791225,IT,WA,FURNI,FURNI,0.45,142169.049,4,4,142169.037,0.0,0.0,0.0,0.012,315931.22
1658967,IT,DE,ELEC1,GASDI,0.02,142136.901,4,4,142136.892,0.0,0.0,0.0,0.009,7106845.05
1686278,IT,HU,CERAM,BUSIN,0.22,142133.774,5,5,142132.766,0.0,0.0,1.0,0.008,646062.609091
1799943,IT,WE,HEAVY,NONFE,0.23,142124.615,4,4,142124.604,0.0,0.0,0.0,0.011,617933.108696
1661880,IT,DK,PAPER,RESEA,0.55,142105.904,5,5,142104.89,0.0,1.0,0.0,0.014,258374.370909
1747969,IT,JP,RESEA,CONST,0.77,142093.826,4,4,142093.816,0.0,0.0,0.0,0.01,184537.436364
1813591,IT,WM,WHOLE,HOTEL,1.23,142076.437,4,4,142076.429,0.0,0.0,0.0,0.008,115509.298374
1656931,IT,DE,LIQUE,WOODW,0.25,142066.913,4,4,142066.902,0.0,0.0,0.0,0.011,568267.652
1715883,IT,NL,RUBBE,PUBLI,0.47,142062.828,4,4,142062.815,0.0,0.0,0.0,0.013,302261.33617
1772282,IT,CH,NAPHT,TRANS,0.24,142062.098,4,4,142062.088,0.0,0.0,0.0,0.01,591925.408333
1711080,IT,LU,ALUM1,PRINT,0.25,142048.182,4,4,142048.171,0.0,0.0,0.0,0.011,568192.728
1726550,IT,RO,OFFIC,RUBBE,0.44,142042.196,4,4,142042.186,0.0,0.0,0.0,0.01,322823.172727
1676039,IT,FR,ELEC6,MOTO1,0.02,142037.05,4,4,142037.027,0.0,0.0,0.0,0.023,7101852.5
1769190,IT,AU,CHEM1,HOTEL,0.3,142033.979,4,4,142033.963,0.0,0.0,0.0,0.016,473446.596667
1803850,IT,WF,TEXTI,RETAI,0.84,142032.831,4,4,142032.812,0.0,0.0,0.0,0.019,169086.703571
1805025,IT,WF,PLAST,BRICK,0.3,142032.524,4,4,142032.51,0.0,0.0,0.0,0.014,473441.746667
1719454,IT,PL,RUBBE,COMPU,0.47,142025.584,4,4,142025.571,0.0,0.0,0.0,0.013,302182.093617
1761926,IT,IN,FURNI,CHEM1,0.45,142022.828,4,4,142022.816,0.0,0.0,0.0,0.012,315606.284444
1776288,IT,TR,PAPER,TOBAC,0.55,142017.67,5,5,142016.656,0.0,1.0,0.0,0.014,258213.945455
1682690,IT,HR,KERO1,RUBBE,0.2,142003.785,4,4,142003.773,0.0,0.0,0.0,0.012,710018.925
1670958,IT,FI,CHEM1,ELEC2,0.3,141993.576,4,4,141993.56,0.0,0.0,0.0,0.016,473311.92
1646230,IT,BE,LEAD1,VEGE1,0.25,141992.286,5,5,141991.274,0.0,0.0,1.0,0.012,567969.144
1783687,IT,NO,WASTE,INTER,0.45,141989.563,4,4,141989.555,0.0,0.0,0.0,0.008,315532.362222
1658404,IT,DE,FABRI,FISH5,0.58,141986.734,4,4,141986.724,0.0,0.0,0.0,0.01,244804.713793
1799065,IT,WE,TEXTI,FINAN,0.84,141986.177,4,4,141986.158,0.0,0.0,0.0,0.019,169031.163095
1685856,IT,HU,CHEM1,PAPER,0.3,141983.384,4,4,141983.369,0.0,0.0,0.0,0.015,473277.946667
1806900,IT,WF,HOTEL,AIRTR,1.03,141982.358,4,4,141982.347,0.0,0.0,0.0,0.011,137846.949515
1715466,IT,NL,KEROS,REFI1,0.21,141966.177,4,4,141966.165,0.0,0.0,0.0,0.012,676029.414286
1813680,IT,WM,RETA1,ELEC2,1.48,141937.321,4,4,141937.312,0.0,0.0,0.0,0.009,95903.59527
1677071,IT,FR,SUPPO,FOUND,1.02,141926.104,4,4,141926.097,0.0,0.0,0.0,0.007,139143.239216
1811518,IT,WM,NFERT,MEAT4,0.03,141926.096,4,4,141926.084,0.0,0.0,0.0,0.012,4730869.866667
1814030,IT,WM,SEACO,TRAN2,0.14,141910.396,4,4,141910.394,0.0,0.0,0.0,0.002,1013645.685714
1718656,IT,PL,WOODW,STONE,0.4,141909.956,5,5,141908.946,0.0,1.0,0.0,0.01,354774.89
1775832,IT,TR,MEAT4,WEARI,0.78,141903.8,5,5,141902.79,0.0,1.0,0.0,0.01,181927.948718
1772659,IT,CH,GLASS,SUPPO,0.39,141899.822,5,5,141898.814,0.0,0.0,1.0,0.008,363845.697436
1787622,IT,WA,MEAT4,SANDC,0.78,141894.201,5,5,141893.191,0.0,1.0,0.0,0.01,181915.642308
1743783,IT,US,LANDT,FOUND,0.92,141891.379,4,4,141891.372,0.0,0.0,0.0,0.007,154229.759783
1759151,IT,BR,AIRTR,BIOG1,0.15,141890.062,4,4,141890.058,0.0,0.0,0.0,0.004,945933.746667
1805290,IT,WF,ADDIT,LIQUE,0.33,141889.679,5,5,141888.668,0.0,1.0,0.0,0.011,429968.724242
1811075,IT,WM,HEAVY,BASIC,0.23,141884.575,4,4,141884.564,0.0,0.0,0.0,0.011,616889.456522
1742039,IT,US,RUBBE,OILSE,0.47,141881.658,4,4,141881.645,0.0,0.0,0.0,0.013,301875.868085
1761176,IT,IN,CHEM1,RESEA,0.3,141870.153,4,4,141870.138,0.0,0.0,0.0,0.015,472900.51
1641129,IT,AT,PAPER,FINAN,0.55,141869.566,5,5,141868.552,0.0,1.0,0.0,0.014,257944.665455
1752102,IT,CN,BUSIN,CERAM,1.46,141862.975,4,4,141862.965,0.0,0.0,0.0,0.01,97166.421233
1763440,IT,MX,NONSP,KEROS,0.19,141850.36,4,4,141850.352,0.0,0.0,0.0,0.008,746580.842105
1671454,IT,FI,FABRI,RESEA,0.58,141844.993,4,4,141844.983,0.0,0.0,0.0,0.01,244560.332759
1657134,IT,DE,PLAST,BASIC,0.3,141835.031,4,4,141835.017,0.0,0.0,0.0,0.014,472783.436667
1671192,IT,FI,NONME,WOODW,0.29,141833.77,4,4,141833.754,0.0,0.0,0.0,0.016,489081.965517
1730809,IT,SE,BUSIN,RETAI,1.46,141811.668,4,4,141811.658,0.0,0.0,0.0,0.01,97131.279452
1779234,IT,TR,POSTT,HEALT,2.34,141809.907,4,4,141809.896,0.0,0.0,0.0,0.011,60602.524359
1649898,IT,BG,FABRI,SANDC,0.58,141806.986,4,4,141806.976,0.0,0.0,0.0,0.01,244494.803448
1794352,IT,WL,MOTOR,COMPU,0.21,141796.99,4,4,141796.978,0.0,0.0,0.0,0.012,675223.761905
1763419,IT,MX,HEAVY,MOTOR,0.23,141787.958,4,4,141787.947,0.0,0.0,0.0,0.011,616469.382609
1757498,IT,BR,PAPER,EDUCA,0.55,141783.11,5,5,141782.096,0.0,1.0,0.0,0.014,257787.472727
1790524,IT,WA,NONF1,ANIMA,0.03,141779.469,3,3,141779.469,0.0,0.0,0.0,0.0,4725982.3
1814066,IT,WM,AIRTR,FISHF,0.15,141777.789,4,4,141777.785,0.0,0.0,0.0,0.004,945185.26
1811262,IT,WM,BITU1,MEATP,0.22,141763.206,4,4,141763.195,0.0,0.0,0.0,0.011,644378.209091
1776168,IT,TR,LEATH,SUPPO,1.02,141761.908,5,5,141760.883,0.0,1.0,0.0,0.025,138982.262745
1811629,IT,WM,CHEM1,BITU1,0.3,141761.326,4,4,141761.311,0.0,0.0,0.0,0.015,472537.753333
1681530,IT,GR,BUSIN,PLAST,1.46,141757.938,4,4,141757.928,0.0,0.0,0.0,0.01,97094.478082
1725115,IT,RO,SANDC,ELEC1,0.33,141753.382,5,5,141722.377,0.0,0.0,31.0,0.005,429555.70303
1777840,IT,TR,FABRI,DIST1,0.58,141751.124,4,4,141751.114,0.0,0.0,0.0,0.01,244398.489655
1652823,IT,CZ,PRINT,OFFIC,1.36,141734.508,4,4,141734.497,0.0,0.0,0.0,0.011,104216.55
1813934,IT,WM,TRAN2,GASDI,0.22,141727.355,4,4,141727.351,0.0,0.0,0.0,0.004,644215.25
1763952,IT,MX,BASIC,SALEM,0.16,141721.211,4,4,141721.202,0.0,0.0,0.0,0.009,885757.56875
1748845,IT,CN,TEXTI,RESEA,0.84,141718.587,4,4,141718.568,0.0,0.0,0.0,0.019,168712.603571
1791165,IT,WA,FURNI,ANTHR,0.45,141715.197,4,4,141715.185,0.0,0.0,0.0,0.012,314922.66
1640657,IT,AT,BEVER,RESEA,0.6,141698.993,4,4,141698.984,0.0,0.0,0.0,0.009,236164.988333
1788122,IT,WA,WEARI,MEAT4,1.07,141692.817,4,4,141692.79,0.0,0.0,0.0,0.027,132423.193458
1804765,IT,WF,NAPHT,BEVER,0.24,141690.383,4,4,141690.373,0.0,0.0,0.0,0.01,590376.595833
1670491,IT,FI,BEVER,LIQUI,0.6,141687.043,4,4,141687.034,0.0,0.0,0.0,0.009,236145.071667
1666714,IT,ES,RUBBE,MEATC,0.47,141678.125,4,4,141678.112,0.0,0.0,0.0,0.013,301442.819149
1809392,IT,WM,CHEMI,MEAT4,0.34,141652.486,5,5,141645.473,0.0,0.0,7.0,0.013,416624.958824
1687091,IT,HU,MOTO1,RENTI,0.75,141651.556,4,4,141651.547,0.0,0.0,0.0,0.009,188868.741333
1735558,IT,SK,ALUM1,OFFIC,0.25,141648.32,4,4,141648.309,0.0,0.0,0.0,0.011,566593.28
1755700,IT,KR,RUBBE,REALE,0.47,141631.72,4,4,141631.707,0.0,0.0,0.0,0.013,301344.085106
1812813,IT,WM,FABRI,WEARI,0.58,141629.967,4,4,141629.957,0.0,0.0,0.0,0.01,244189.598276
1660044,IT,DE,AIRTR,FISH5,0.15,141588.958,4,4,141588.954,0.0,0.0,0.0,0.004,943926.386667
1761760,IT,IN,MACHI,BASIC,0.79,141578.669,4,4,141578.657,0.0,0.0,0.0,0.012,179213.505063
1754981,IT,KR,TEXTI,FINAN,0.84,141564.57,4,4,141564.551,0.0,0.0,0.0,0.019,168529.25
1641290,IT,AT,MOTOR,POSTT,0.21,141551.396,4,4,141551.384,0.0,0.0,0.0,0.012,674054.266667
1672660,IT,FR,CRUDE,MACHI,0.28,141541.87,4,4,141541.858,0.0,0.0,0.0,0.012,505506.678571
1667233,IT,ES,PREC1,SECO9,0.24,141524.681,4,4,141524.674,0.0,0.0,0.0,0.007,589686.170833
1662161,IT,DK,RUBBE,RADIO,0.47,141509.383,4,4,141509.37,0.0,0.0,0.0,0.013,301083.793617
1685262,IT,HU,TEXTI,FURNI,0.84,141501.847,4,4,141501.828,0.0,0.0,0.0,0.019,168454.579762
1769268,IT,AU,RUBBE,CEMEN,0.47,141480.542,4,4,141480.529,0.0,0.0,0.0,0.013,301022.429787
1640376,IT,AT,MEATP,HOTEL,0.57,141477.891,4,4,141477.876,0.0,0.0,0.0,0.015,248206.826316
1730453,IT,SE,POSTT,HOTEL,2.33,141476.464,4,4,141476.453,0.0,0.0,0.0,0.011,60719.512446
1643242,IT,AT,HOTEL,MOTO1,1.03,141472.569,4,4,141472.558,0.0,0.0,0.0,0.011,137352.008738
1788219,IT,WA,LEATH,ANTHR,1.01,141458.025,5,5,141457.001,0.0,1.0,0.0,0.024,140057.450495
1742475,IT,US,BASIC,BIODI,0.16,141456.168,4,4,141456.159,0.0,0.0,0.0,0.009,884101.05
1661531,IT,DK,FOOD5,HEALT,0.68,141442.338,5,5,141441.325,0.0,1.0,0.0,0.013,208003.438235
1676277,IT,FR,SALEM,PUBLI,1.14,141436.896,4,4,141436.887,0.0,0.0,0.0,0.009,124067.452632
1806398,IT,WF,MOTO1,HOTEL,0.75,141434.214,4,4,141434.205,0.0,0.0,0.0,0.009,188578.952
1777508,IT,TR,BASIC,MEDIC,0.16,141431.625,4,4,141431.616,0.0,0.0,0.0,0.009,883947.65625
1738480,IT,GB,COPP1,FOUND,0.36,141430.311,4,4,141430.304,0.0,0.0,0.0,0.007,392861.975
1686395,IT,HU,BASIC,KEROS,0.16,141426.332,4,4,141426.323,0.0,0.0,0.0,0.009,883914.575
1804855,IT,WF,BITU1,NICKE,0.22,141422.314,4,4,141422.303,0.0,0.0,0.0,0.011,642828.7
1768956,IT,AU,PAPER,CEMEN,0.55,141407.078,5,5,141406.064,0.0,1.0,0.0,0.014,257103.778182
1738824,IT,GB,MOTO1,OFFIC,0.75,141381.504,4,4,141381.495,0.0,0.0,0.0,0.009,188508.672
1689743,IT,IE,FINAN,HOTEL,1.84,141379.375,4,4,141379.371,0.0,0.0,0.0,0.004,76836.616848
1779676,IT,TR,RESEA,FURNI,0.77,141378.508,4,4,141378.498,0.0,0.0,0.0,0.01,183608.451948
1743131,IT,US,MOTO1,MEDIC,0.75,141377.308,4,4,141377.299,0.0,0.0,0.0,0.009,188503.077333
1767039,IT,RU,FURNI,VEGET,0.45,141365.365,4,4,141365.353,0.0,0.0,0.0,0.012,314145.255556
1721543,IT,PL,SUPPO,CONST,1.02,141359.994,4,4,141359.987,0.0,0.0,0.0,0.007,138588.229412
1754082,IT,CA,AIRTR,WEARI,0.15,141357.461,4,4,141357.457,0.0,0.0,0.0,0.004,942383.073333
1739698,IT,GB,SUPPO,RUBBE,1.02,141354.425,4,4,141354.418,0.0,0.0,0.0,0.007,138582.769608
1679521,IT,GR,CHEM1,93197,0.3,141350.787,4,4,141350.772,0.0,0.0,0.0,0.015,471169.29
1795590,IT,WL,NONF1,CHARC,0.03,141344.303,3,3,141344.303,0.0,0.0,0.0,0.0,4711476.766667
1662503,IT,DK,COPP1,WOODW,0.36,141318.034,4,4,141318.027,0.0,0.0,0.0,0.007,392550.094444
1734943,IT,SK,KEROS,PUBLI,0.21,141315.199,4,4,141315.187,0.0,0.0,0.0,0.012,672929.519048
1651353,IT,CY,PAPER,PRINT,0.55,141308.375,5,5,141307.361,0.0,1.0,0.0,0.014,256924.318182
1718413,IT,PL,BEVER,BUSIN,0.6,141281.843,4,4,141281.834,0.0,0.0,0.0,0.009,235469.738333
1783680,IT,NO,WASTE,RESEA,0.45,141277.365,4,4,141277.357,0.0,0.0,0.0,0.008,313949.7
1722333,IT,PT,FORES,PLAST,1.23,141273.758,5,5,141219.754,0.0,54.0,0.0,0.004,114856.713821
1771036,IT,CH,FORES,PAPER,1.23,141269.427,5,5,141215.423,0.0,54.0,0.0,0.004,114853.192683
1670951,IT,FI,CHEM1,MACHI,0.3,141240.771,4,4,141240.756,0.0,0.0,0.0,0.015,470802.57
1659848,IT,DE,LANDT,ELEC8,0.91,141212.168,4,4,141212.161,0.0,0.0,0.0,0.007,155178.206593
1659922,IT,DE,TRAN2,CHEM1,0.22,141207.912,4,4,141207.908,0.0,0.0,0.0,0.004,641854.145455
1796943,IT,WL,AIRTR,TEXTI,0.15,141207.322,4,4,141207.318,0.0,0.0,0.0,0.004,941382.146667
1812445,IT,WM,PREC1,GLASS,0.24,141203.148,4,4,141203.142,0.0,0.0,0.0,0.006,588346.45
1760941,IT,IN,HEAVY,BASIC,0.23,141178.308,4,4,141178.297,0.0,0.0,0.0,0.011,613818.730435
1675560,IT,FR,MOTO1,FISH5,0.75,141169.58,4,4,141169.571,0.0,0.0,0.0,0.009,188226.106667
1683713,IT,HR,MACHI,FOOD5,0.79,141166.548,4,4,141166.536,0.0,0.0,0.0,0.012,178691.832911
1759589,IT,BR,COMPU,RETA1,1.61,141138.299,4,4,141138.29,0.0,0.0,0.0,0.009,87663.539752
1658003,IT,DE,PREC1,PULP5,0.24,141137.961,4,4,141137.955,0.0,0.0,0.0,0.006,588074.8375
1653405,IT,CZ,CERAM,HOTEL,0.22,141136.495,5,5,141135.487,0.0,0.0,1.0,0.008,641529.522727
1658232,IT,DE,LEAD1,REALE,0.25,141129.226,5,5,141128.214,0.0,0.0,1.0,0.012,564516.904
1810909,IT,WM,GASDI,OILSE,0.21,141123.411,4,4,141123.4,0.0,0.0,0.0,0.011,672016.242857
1641564,IT,AT,HEAVY,RENTI,0.23,141120.107,4,4,141120.096,0.0,0.0,0.0,0.011,613565.682609
1755545,IT,KR,CHEM1,LIQUI,0.29,141103.739,4,4,141103.724,0.0,0.0,0.0,0.015,486564.617241
1718625,IT,PL,LEATH,CONST,1.01,141086.236,5,5,141085.212,0.0,1.0,0.0,0.024,139689.342574
1762436,IT,IN,POSTT,COMPU,2.32,141080.438,4,4,141080.427,0.0,0.0,0.0,0.011,60810.533621
1775153,IT,CH,RESEA,SANDC,0.76,141068.405,4,4,141068.395,0.0,0.0,0.0,0.01,185616.322368
1804483,IT,WF,GASDI,WOODW,0.21,141053.984,4,4,141053.973,0.0,0.0,0.0,0.011,671685.638095
1662082,IT,DK,CHEM1,TRANS,0.29,141045.908,4,4,141045.893,0.0,0.0,0.0,0.015,486365.2
1771204,IT,CH,MEAT4,MEMBE,0.78,141045.216,5,5,141044.206,0.0,1.0,0.0,0.01,180827.2
1730258,IT,SE,SEACO,HEAVY,0.14,141015.66,4,4,141015.658,0.0,0.0,0.0,0.002,1007254.714286
1653562,IT,CZ,BASIC,RAILW,0.16,140988.091,4,4,140988.082,0.0,0.0,0.0,0.009,881175.56875
1655708,IT,DE,CHEMI,REALE,0.34,140963.256,5,5,140956.243,0.0,0.0,7.0,0.013,414597.811765
1725660,IT,RO,PAPER,FOOD5,0.55,140958.776,5,5,140957.762,0.0,1.0,0.0,0.014,256288.683636
1785786,IT,ZA,CHEM1,OILSE,0.29,140948.598,4,4,140948.583,0.0,0.0,0.0,0.015,486029.648276
1742348,IT,US,NONME,MEAT1,0.28,140931.677,4,4,140931.662,0.0,0.0,0.0,0.015,503327.417857
1741379,IT,US,PRINT,CONST,1.35,140931.153,4,4,140931.142,0.0,0.0,0.0,0.011,104393.446667
1801464,IT,WE,MOTO1,WOODW,0.75,140928.558,4,4,140928.549,0.0,0.0,0.0,0.009,187904.744
1688642,IT,IE,PLAST,RESEA,0.3,140923.325,4,4,140923.311,0.0,0.0,0.0,0.014,469744.416667
1783816,IT,NO,INERT,REALE,1.03,140915.356,4,4,140915.347,0.0,0.0,0.0,0.009,136811.025243
1665962,IT,ES,MOTOR,PFERT,0.21,140909.416,4,4,140909.405,0.0,0.0,0.0,0.011,670997.219048
1811953,IT,WM,GLASS,NATUR,0.39,140895.22,5,5,140894.212,0.0,0.0,1.0,0.008,361269.794872
1685760,IT,HU,PLAST,WOODW,0.3,140874.659,4,4,140874.645,0.0,0.0,0.0,0.014,469582.196667
1750669,IT,CN,MOTO1,CHEM1,0.75,140872.125,4,4,140872.116,0.0,0.0,0.0,0.009,187829.5
1780966,IT,TW,BUSIN,COKEO,1.45,140859.422,4,4,140859.412,0.0,0.0,0.0,0.01,97144.428966
1749040,IT,CN,LEATH,ELEC4,1.01,140850.993,5,5,140849.969,0.0,1.0,0.0,0.024,139456.428713
1773634,IT,CH,TRANS,BUSIN,0.84,140850.439,4,4,140850.431,0.0,0.0,0.0,0.008,167679.094048
1733696,IT,SI,RAILW,MOTO1,0.94,140847.244,5,5,140846.238,0.0,0.0,1.0,0.006,149837.493617
1739246,IT,GB,RETA1,MEMBE,1.47,140841.738,4,4,140841.729,0.0,0.0,0.0,0.009,95810.706122
1729660,IT,SE,FABRI,FURNI,0.57,140838.909,4,4,140838.899,0.0,0.0,0.0,0.01,247085.805263
1673493,IT,FR,LEATH,CATTL,1.01,140803.408,5,5,140802.384,0.0,1.0,0.0,0.024,139409.314851
1640777,IT,AT,TEXTI,COMPU,0.83,140793.1,4,4,140793.081,0.0,0.0,0.0,0.019,169630.240964
1753026,IT,CA,CHEM1,MACHI,0.29,140792.33,4,4,140792.315,0.0,0.0,0.0,0.015,485490.793103
1804177,IT,WF,PAPER,AUXIL,0.55,140771.927,5,5,140770.913,0.0,1.0,0.0,0.014,255948.958182
1719234,IT,PL,CHEM1,MEAT1,0.29,140771.743,4,4,140771.728,0.0,0.0,0.0,0.015,485419.803448
1719390,IT,PL,RUBBE,MOTOR,0.47,140759.27,4,4,140759.257,0.0,0.0,0.0,0.013,299487.808511
1716344,IT,NL,FABRI,COMPU,0.57,140751.932,4,4,140751.922,0.0,0.0,0.0,0.01,246933.214035
1809611,IT,WM,DAIRY,RAWMI,0.57,140751.59,5,5,140750.58,0.0,1.0,0.0,0.01,246932.614035
1801337,IT,WE,MACHI,BRICK,0.79,140732.73,4,4,140732.718,0.0,0.0,0.0,0.012,178142.696203
1730455,IT,SE,POSTT,LANDT,2.32,140728.512,4,4,140728.501,0.0,0.0,0.0,0.011,60658.841379
1811018,IT,WM,GASDI,RECRE,0.21,140722.34,4,4,140722.329,0.0,0.0,0.0,0.011,670106.380952
1723678,IT,PT,MACHI,PAPER,0.79,140718.501,4,4,140718.489,0.0,0.0,0.0,0.012,178124.68481
1645703,IT,BE,ADDIT,CHEM1,0.33,140713.767,5,5,140712.756,0.0,1.0,0.0,0.011,426405.354545
1794807,IT,WL,PLAST,CERAM,0.3,140712.597,4,4,140712.583,0.0,0.0,0.0,0.014,469041.99
1643557,IT,AT,SEACO,COPP1,0.14,140686.728,4,4,140686.726,0.0,0.0,0.0,0.002,1004905.2
1729614,IT,SE,FABRI,PRECI,0.57,140682.085,4,4,140682.075,0.0,0.0,0.0,0.01,246810.675439
1774592,IT,CH,SEACO,MOTO1,0.14,140679.826,4,4,140679.824,0.0,0.0,0.0,0.002,1004855.9
1757475,IT,BR,PAPER,MOTO1,0.55,140679.179,5,5,140678.165,0.0,1.0,0.0,0.014,255780.325455
1752630,IT,CA,TEXTI,FABRI,0.83,140669.471,4,4,140669.452,0.0,0.0,0.0,0.019,169481.290361
1675752,IT,FR,FURNI,NONME,0.45,140667.043,4,4,140667.031,0.0,0.0,0.0,0.012,312593.428889
1641535,IT,AT,HEAVY,FOUND,0.23,140662.542,4,4,140662.531,0.0,0.0,0.0,0.011,611576.269565
1710966,IT,LU,GLASS,KEROS,0.39,140655.885,5,5,140654.877,0.0,0.0,1.0,0.008,360656.115385
1813709,IT,WM,RETA1,HEALT,1.47,140645.598,4,4,140645.589,0.0,0.0,0.0,0.009,95677.277551
1675917,IT,FR,ELEC2,INSUR,0.03,140640.562,4,4,140640.547,0.0,0.0,0.0,0.015,4688018.733333
1645829,IT,BE,GLASS,CROPS,0.39,140630.886,5,5,140629.878,0.0,0.0,1.0,0.008,360592.015385
1656892,IT,DE,HEAVY,RETA1,0.23,140627.645,4,4,140627.634,0.0,0.0,0.0,0.011,611424.543478
1774013,IT,CH,RETAI,WOODW,1.1,140626.022,4,4,140626.013,0.0,0.0,0.0,0.009,127841.838182
1794664,IT,WL,NAPHT,MOTOR,0.24,140624.99,4,4,140624.98,0.0,0.0,0.0,0.01,585937.458333
1675182,IT,FR,NONF1,LEAD1,0.03,140617.482,3,3,140617.482,0.0,0.0,0.0,0.0,4687249.4
1795100,IT,WL,RUBBE,MEAT4,0.47,140612.814,4,4,140612.801,0.0,0.0,0.0,0.013,299176.2
1761783,IT,IN,MACHI,TRAN1,0.78,140606.925,4,4,140606.913,0.0,0.0,0.0,0.012,180265.288462
1774666,IT,CH,AIRTR,RETA1,0.15,140593.294,4,4,140593.29,0.0,0.0,0.0,0.004,937288.626667
1718802,IT,PL,PAPER,PFERT,0.54,140587.008,5,5,140585.994,0.0,1.0,0.0,0.014,260346.311111
1709299,IT,LT,VEGET,BIODI,0.5,140573.226,5,5,140572.22,0.0,1.0,0.0,0.006,281146.452
1721363,IT,PL,SEACO,MEATP,0.14,140569.414,4,4,140569.412,0.0,0.0,0.0,0.002,1004067.242857
1775165,IT,CH,RESEA,WOODW,0.76,140556.675,4,4,140556.665,0.0,0.0,0.0,0.01,184942.993421
1803163,IT,WF,VEGET,RECRE,0.5,140536.954,5,5,140535.948,0.0,1.0,0.0,0.006,281073.908
1640895,IT,AT,LEATH,MOTO1,1.01,140532.042,5,5,140531.018,0.0,1.0,0.0,0.024,139140.635644
1752239,IT,CA,VEGET,HOTEL,0.5,140531.815,5,5,140530.809,0.0,1.0,0.0,0.006,281063.63
1750051,IT,CN,BASIC,NATUR,0.16,140527.79,4,4,140527.781,0.0,0.0,0.0,0.009,878298.6875
1665489,IT,ES,WEARI,FABRI,1.06,140525.723,4,4,140525.696,0.0,0.0,0.0,0.027,132571.436792
1768704,IT,AU,TEXTI,HEALT,0.83,140525.424,4,4,140525.405,0.0,0.0,0.0,0.019,169307.739759
1654309,IT,CZ,ELEC2,MOTO1,0.03,140492.405,4,4,140492.39,0.0,0.0,0.0,0.015,4683080.166667
1663760,IT,EE,FOOD5,HOTEL,0.67,140490.037,5,5,140489.024,0.0,1.0,0.0,0.013,209686.622388
1799428,IT,WE,PAPER,STONE,0.54,140487.746,5,5,140486.732,0.0,1.0,0.0,0.014,260162.492593
1789226,IT,WA,PLAST,ELEC1,0.29,140484.601,4,4,140484.587,0.0,0.0,0.0,0.014,484429.658621
1684111,IT,HR,HOTEL,RECRE,1.02,140483.517,4,4,140483.506,0.0,0.0,0.0,0.011,137728.938235
1766394,IT,RU,BASIC,CEMEN,0.16,140456.697,4,4,140456.688,0.0,0.0,0.0,0.009,877854.35625
1790401,IT,WA,LEAD1,PLAST,0.24,140448.856,5,5,140447.844,0.0,0.0,1.0,0.012,585203.566667
1650286,IT,BG,ELEC1,COLLE,0.02,140447.952,4,4,140447.943,0.0,0.0,0.0,0.009,7022397.6
1773758,IT,CH,ELEC2,FOOD5,0.03,140432.021,4,4,140432.006,0.0,0.0,0.0,0.015,4681067.366667
1791949,IT,WA,SEACO,KEROS,0.14,140428.853,4,4,140428.851,0.0,0.0,0.0,0.002,1003063.235714
1788029,IT,WA,TEXTI,RUBBE,0.83,140425.289,4,4,140425.27,0.0,0.0,0.0,0.019,169187.095181
1685805,IT,HU,PLAST,SUPPO,0.29,140419.558,4,4,140419.544,0.0,0.0,0.0,0.014,484205.372414
1803558,IT,WF,DAIRY,DAIRY,0.57,140399.641,5,5,140398.631,0.0,1.0,0.0,0.01,246315.159649
1683207,IT,HR,GLASS,BUSIN,0.39,140396.376,5,5,140395.368,0.0,0.0,1.0,0.008,359990.707692
1810182,IT,WM,WEARI,FINAN,1.06,140372.707,4,4,140372.68,0.0,0.0,0.0,0.027,132427.082075
1675852,IT,FR,ELEC1,SUPPO,0.02,140372.641,4,4,140372.632,0.0,0.0,0.0,0.009,7018632.05
1747602,IT,JP,AIRTR,DIST1,0.15,140368.927,4,4,140368.923,0.0,0.0,0.0,0.004,935792.846667
1672641,IT,FR,CRUDE,WHITE,0.28,140339.901,4,4,140339.889,0.0,0.0,0.0,0.012,501213.932143
1741750,IT,US,BITU1,ELEC3,0.22,140334.141,4,4,140334.13,0.0,0.0,0.0,0.011,637882.459091
1675049,IT,FR,ALUM1,GASDI,0.24,140334.054,4,4,140334.043,0.0,0.0,0.0,0.011,584725.225
1799871,IT,WE,GASDI,NONF1,0.21,140331.424,4,4,140331.413,0.0,0.0,0.0,0.011,668244.87619
1650853,IT,BG,LANDT,ELEC3,0.91,140330.45,4,4,140330.443,0.0,0.0,0.0,0.007,154209.285714
1785482,IT,ZA,COKEO,COLLE,0.02,140309.307,3,3,140309.307,0.0,0.0,0.0,0.0,7015465.35
1787484,IT,WA,SANDC,WHOLE,0.32,140288.483,5,5,140257.478,0.0,0.0,31.0,0.005,438401.509375
1660420,IT,DE,FINAN,RENTI,1.83,140275.756,4,4,140275.752,0.0,0.0,0.0,0.004,76653.418579
1769411,IT,AU,BRICK,COLLE,0.21,140275.037,5,5,140274.028,0.0,0.0,1.0,0.009,667976.366667
1804915,IT,WF,BITU1,RAILW,0.22,140253.622,4,4,140253.611,0.0,0.0,0.0,0.011,637516.463636
1687608,IT,HU,TRAN2,ELEC2,0.22,140252.763,4,4,140252.759,0.0,0.0,0.0,0.004,637512.559091
1689128,IT,IE,SALEM,CHEM1,1.13,140251.437,4,4,140251.428,0.0,0.0,0.0,0.009,124116.315929
1804934,IT,WF,NONSP,NATUR,0.18,140233.319,4,4,140233.311,0.0,0.0,0.0,0.008,779073.994444
1653780,IT,CZ,COPP1,LANDT,0.35,140227.357,4,4,140227.35,0.0,0.0,0.0,0.007,400649.591429
1755549,IT,KR,CHEM1,CEMEN,0.29,140215.214,4,4,140215.199,0.0,0.0,0.0,0.015,483500.737931
1730279,IT,SE,SEACO,HOTEL,0.14,140208.742,4,4,140208.74,0.0,0.0,0.0,0.002,1001491.014286
1648581,IT,BG,SANDC,CONST,0.32,140204.792,5,5,140173.787,0.0,0.0,31.0,0.005,438139.975
1737543,IT,GB,WOODW,RESEA,0.39,140204.708,5,5,140203.699,0.0,1.0,0.0,0.009,359499.251282
1757084,IT,KR,BUSIN,SUPPO,1.44,140201.33,4,4,140201.32,0.0,0.0,0.0,0.01,97362.034722
1766390,IT,RU,BASIC,RUBBE,0.16,140195.421,4,4,140195.412,0.0,0.0,0.0,0.009,876221.38125
1725054,IT,RO,OILSE,DAIRY,0.1,140188.082,5,5,140187.076,0.0,1.0,0.0,0.006,1401880.82
1809680,IT,WM,PROCE,FOOD5,0.95,140182.683,5,5,140181.674,0.0,1.0,0.0,0.009,147560.718947
1645437,IT,BE,LIQUE,WHOLE,0.25,140178.6,4,4,140178.589,0.0,0.0,0.0,0.011,560714.4
1813708,IT,WM,RETA1,EDUCA,1.46,140164.905,4,4,140164.896,0.0,0.0,0.0,0.009,96003.359589
1805043,IT,WF,PLAST,ELEC1,0.29,140136.513,4,4,140136.499,0.0,0.0,0.0,0.014,483229.355172
1788180,IT,WA,WEARI,LANDT,1.06,140119.094,4,4,140119.067,0.0,0.0,0.0,0.027,132187.824528
1642976,IT,AT,ELEC2,TRAN1,0.03,140117.25,4,4,140117.235,0.0,0.0,0.0,0.015,4670575.0
1674402,IT,FR,CHEM1,FINAN,0.29,140107.874,4,4,140107.859,0.0,0.0,0.0,0.015,483130.6
1773531,IT,CH,MOTO1,BASIC,0.75,140101.425,4,4,140101.416,0.0,0.0,0.0,0.009,186801.9
1749388,IT,CN,MOTOR,MOTOR,0.21,140090.642,4,4,140090.631,0.0,0.0,0.0,0.011,667098.295238
1792081,IT,WA,AIRTR,FABRI,0.15,140087.741,4,4,140087.737,0.0,0.0,0.0,0.004,933918.273333
1751289,IT,CN,RAILW,TEXTI,0.94,140084.075,5,5,140083.069,0.0,0.0,1.0,0.006,149025.611702
1811090,IT,WM,HEAVY,HOTEL,0.23,140070.535,4,4,140070.524,0.0,0.0,0.0,0.011,609002.326087
1717020,IT,NL,LANDT,CHEM1,0.9,140068.156,4,4,140068.149,0.0,0.0,0.0,0.007,155631.284444
1732830,IT,SI,BASIC,PREC1,0.16,140068.081,4,4,140068.072,0.0,0.0,0.0,0.009,875425.50625
1711739,IT,LU,BUSIN,AIRTR,1.44,140064.676,4,4,140064.666,0.0,0.0,0.0,0.01,97267.136111
1739320,IT,GB,HOTEL,RENTI,1.02,140057.876,4,4,140057.865,0.0,0.0,0.0,0.011,137311.643137
1809452,IT,WM,CHEMI,RAILW,0.33,140050.962,5,5,140043.949,0.0,0.0,7.0,0.013,424396.854545
1752906,IT,CA,HEAVY,PREC1,0.23,140041.671,4,4,140041.66,0.0,0.0,0.0,0.011,608876.830435
1794615,IT,WL,HEAVY,REALE,0.23,140030.627,4,4,140030.616,0.0,0.0,0.0,0.011,608828.813043
1663309,IT,DK,AIRTR,TEXTI,0.15,140016.425,4,4,140016.421,0.0,0.0,0.0,0.004,933442.833333
1813324,IT,WM,FURNI,CROPS,0.45,140014.789,4,4,140014.777,0.0,0.0,0.0,0.012,311143.975556
1681015,IT,GR,AIRTR,BASIC,0.15,140012.143,4,4,140012.139,0.0,0.0,0.0,0.004,933414.286667
1803603,IT,WF,FOOD5,CRUDE,0.67,140009.788,5,5,140008.775,0.0,1.0,0.0,0.013,208969.832836
1771885,IT,CH,PULP5,WOODW,0.43,139999.616,5,5,139998.603,0.0,1.0,0.0,0.013,325580.502326
1798666,IT,WE,VEGE1,MEAT4,0.43,139996.144,5,5,139995.114,0.0,1.0,0.0,0.03,325572.427907
1663042,IT,DK,HOTEL,LANDT,1.01,139985.319,4,4,139985.308,0.0,0.0,0.0,0.011,138599.325743
1664962,IT,ES,SANDC,BASIC,0.32,139980.034,5,5,139949.029,0.0,0.0,31.0,0.005,437437.60625
1778949,IT,TR,SEACO,COLLE,0.14,139969.003,4,4,139969.001,0.0,0.0,0.0,0.002,999778.592857
1800123,IT,WE,NAPHT,LEAD1,0.24,139954.619,4,4,139954.609,0.0,0.0,0.0,0.01,583144.245833
1811405,IT,WM,PLAST,SANDC,0.29,139944.043,4,4,139944.029,0.0,0.0,0.0,0.014,482565.665517
1642533,IT,AT,COPP1,TRANS,0.35,139935.123,4,4,139935.116,0.0,0.0,0.0,0.007,399814.637143
1769495,IT,AU,BASIC,MEDIC,0.16,139931.842,4,4,139931.833,0.0,0.0,0.0,0.009,874574.0125
1785911,IT,ZA,RUBBE,HYDRO,0.46,139929.233,4,4,139929.22,0.0,0.0,0.0,0.013,304193.984783
1738586,IT,GB,FABRI,OFFIC,0.57,139928.756,4,4,139928.746,0.0,0.0,0.0,0.01,245489.045614
1766369,IT,RU,BASIC,PRECI,0.16,139903.239,4,4,139903.23,0.0,0.0,0.0,0.009,874395.24375
1809646,IT,WM,DAIRY,CONST,0.57,139900.357,5,5,139899.348,0.0,1.0,0.0,0.009,245439.222807
1725997,IT,RO,CHEM1,COPP1,0.29,139892.818,4,4,139892.803,0.0,0.0,0.0,0.015,482389.027586
1676028,IT,FR,ELEC6,BEVER,0.02,139866.416,4,4,139866.394,0.0,0.0,0.0,0.022,6993320.8
1667802,IT,ES,OFFIC,ELECT,0.43,139861.557,4,4,139861.547,0.0,0.0,0.0,0.01,325259.434884
1661858,IT,DK,PAPER,FABRI,0.54,139848.708,5,5,139847.694,0.0,1.0,0.0,0.014,258979.088889
1655359,IT,DE,OILSE,BEVER,0.1,139821.403,5,5,139820.397,0.0,1.0,0.0,0.006,1398214.03
1760671,IT,IN,PAPER,WEARI,0.54,139807.856,5,5,139806.842,0.0,1.0,0.0,0.014,258903.437037
1787423,IT,WA,NATUR,ELEC2,0.2,139798.735,4,4,139798.726,0.0,0.0,0.0,0.009,698993.675
1744024,IT,US,AIRTR,ELEC4,0.15,139780.006,4,4,139780.002,0.0,0.0,0.0,0.004,931866.706667
1758037,IT,BR,RUBBE,HOTEL,0.46,139771.884,4,4,139771.871,0.0,0.0,0.0,0.013,303851.921739
1795683,IT,WL,FABRI,TRAN1,0.57,139750.606,4,4,139750.596,0.0,0.0,0.0,0.01,245176.501754
1648122,IT,BE,RESEA,ELECT,0.76,139743.462,4,4,139743.452,0.0,0.0,0.0,0.01,183872.976316
1673506,IT,FR,LEATH,SUGA1,1.0,139738.983,5,5,139737.959,0.0,1.0,0.0,0.024,139738.983
1738146,IT,GB,GLASS,CEMEN,0.38,139738.17,5,5,139737.162,0.0,0.0,1.0,0.008,367732.026316
1662271,IT,DK,CERAM,RESEA,0.22,139716.246,5,5,139715.238,0.0,0.0,1.0,0.008,635073.845455
1806902,IT,WF,HOTEL,POSTT,1.01,139709.091,4,4,139709.08,0.0,0.0,0.0,0.011,138325.832673
1741056,IT,US,TEXTI,NONME,0.83,139698.008,4,4,139697.989,0.0,0.0,0.0,0.019,168310.853012
1806659,IT,WF,RETAI,REALE,1.1,139693.159,4,4,139693.15,0.0,0.0,0.0,0.009,126993.780909
1752443,IT,CA,DAIRY,LIQUE,0.57,139685.802,5,5,139684.793,0.0,1.0,0.0,0.009,245062.810526
1663189,IT,DK,LANDT,RETA1,0.9,139681.807,4,4,139681.8,0.0,0.0,0.0,0.007,155202.007778
1690214,IT,IE,BUSIN,RETA1,1.43,139664.888,4,4,139664.878,0.0,0.0,0.0,0.01,97667.753846
1742312,IT,US,CEMEN,MOTO1,0.22,139657.934,5,5,139656.928,0.0,0.0,1.0,0.006,634808.790909
1661876,IT,DK,PAPER,POSTT,0.54,139656.912,5,5,139655.898,0.0,1.0,0.0,0.014,258623.911111
1651472,IT,CY,HEAVY,MEATP,0.23,139656.871,4,4,139656.86,0.0,0.0,0.0,0.011,607203.786957
1750621,IT,CN,OFFIC,SUPPO,0.43,139652.713,4,4,139652.703,0.0,0.0,0.0,0.01,324773.751163
1781742,IT,NO,PAPER,CONST,0.54,139652.123,5,5,139651.109,0.0,1.0,0.0,0.014,258615.042593
1665873,IT,ES,PRINT,SUPPO,1.34,139637.529,4,4,139637.518,0.0,0.0,0.0,0.011,104207.111194
1662617,IT,DK,MACHI,WHEAT,0.78,139637.394,4,4,139637.383,0.0,0.0,0.0,0.011,179022.3
1790921,IT,WA,OFFIC,ELEC1,0.43,139629.321,4,4,139629.311,0.0,0.0,0.0,0.01,324719.351163
1645638,IT,BE,CHEM1,ELEC8,0.29,139624.156,4,4,139624.141,0.0,0.0,0.0,0.015,481462.606897
1764736,IT,MX,HOTEL,TRANS,1.01,139608.526,4,4,139608.515,0.0,0.0,0.0,0.011,138226.263366
1741143,IT,US,WEARI,MEMBE,1.05,139607.694,4,4,139607.667,0.0,0.0,0.0,0.027,132959.708571
1674754,IT,FR,CERAM,ELEC3,0.22,139593.21,5,5,139592.202,0.0,0.0,1.0,0.008,634514.590909
1741194,IT,US,LEATH,RECRE,1.0,139589.933,5,5,139588.909,0.0,1.0,0.0,0.024,139589.933
1746336,IT,JP,ADDIT,COPP1,0.32,139579.738,5,5,139578.727,0.0,1.0,0.0,0.011,436186.68125
1688681,IT,IE,CHEM1,GASDI,0.29,139568.117,4,4,139568.102,0.0,0.0,0.0,0.015,481269.368966
1724428,IT,PT,AIRTR,MACHI,0.15,139549.074,4,4,139549.07,0.0,0.0,0.0,0.004,930327.16
1783145,IT,NO,REALE,OFFIC,5.89,139522.592,4,4,139522.583,0.0,0.0,0.0,0.009,23688.04618
1684187,IT,HR,LANDT,HOTEL,0.9,139516.953,4,4,139516.946,0.0,0.0,0.0,0.007,155018.836667
1750582,IT,CN,OFFIC,RUBBE,0.43,139516.387,4,4,139516.377,0.0,0.0,0.0,0.01,324456.713953
1796762,IT,WL,LANDT,COPP1,0.9,139514.325,4,4,139514.318,0.0,0.0,0.0,0.007,155015.916667
1771344,IT,CH,PROCE,DAIRY,0.94,139513.424,5,5,139512.415,0.0,1.0,0.0,0.009,148418.53617
1729701,IT,SE,MACHI,WHEAT,0.78,139511.417,4,4,139511.406,0.0,0.0,0.0,0.011,178860.791026
1685396,IT,HU,LEATH,RETA1,1.0,139506.977,5,5,139505.953,0.0,1.0,0.0,0.024,139506.977
1714204,IT,MT,INSUR,INSUR,2.88,139506.151,4,4,139506.145,0.0,0.0,0.0,0.006,48439.635764
1739214,IT,GB,RETA1,HOTEL,1.46,139504.389,4,4,139504.38,0.0,0.0,0.0,0.009,95550.95137
1747464,IT,JP,SEACO,LIQUE,0.14,139495.532,4,4,139495.53,0.0,0.0,0.0,0.002,996396.657143
1675730,IT,FR,FURNI,TEXTI,0.45,139495.109,4,4,139495.097,0.0,0.0,0.0,0.012,309989.131111
1798952,IT,WE,FISH5,PUBLI,0.59,139490.714,4,4,139490.642,0.0,0.0,0.0,0.072,236424.938983
1802376,IT,WE,SEACO,WHOLE,0.14,139490.319,4,4,139490.317,0.0,0.0,0.0,0.002,996359.421429
1801355,IT,WE,MACHI,ELEC1,0.78,139486.319,4,4,139486.308,0.0,0.0,0.0,0.011,178828.614103
1791569,IT,WA,RETA1,RETA1,1.46,139480.21,4,4,139480.201,0.0,0.0,0.0,0.009,95534.390411
1788072,IT,WA,TEXTI,INSUR,0.83,139478.301,4,4,139478.282,0.0,0.0,0.0,0.019,168046.145783
1686119,IT,HU,RUBBE,RETAI,0.46,139470.293,4,4,139470.28,0.0,0.0,0.0,0.013,303196.28913
1640531,IT,AT,FOOD5,MEATP,0.67,139468.111,5,5,139467.099,0.0,1.0,0.0,0.012,208161.359701
1738316,IT,GB,BASIC,PREC1,0.16,139457.772,4,4,139457.763,0.0,0.0,0.0,0.009,871611.075
1724326,IT,PT,TRAN2,GASDI,0.22,139435.02,4,4,139435.016,0.0,0.0,0.0,0.004,633795.545455
1730430,IT,SE,POSTT,FABRI,2.3,139431.648,4,4,139431.637,0.0,0.0,0.0,0.011,60622.455652
1804220,IT,WF,PRINT,POSTT,1.34,139419.149,4,4,139419.138,0.0,0.0,0.0,0.011,104044.141045
1656908,IT,DE,LIQUE,CEREA,0.24,139409.22,4,4,139409.209,0.0,0.0,0.0,0.011,580871.75
1750413,IT,CN,FABRI,SUPPO,0.57,139401.535,4,4,139401.525,0.0,0.0,0.0,0.01,244564.096491
1812674,IT,WM,COPP1,FOUND,0.35,139397.793,4,4,139397.786,0.0,0.0,0.0,0.007,398279.408571
1797243,IT,WL,FINAN,FINAN,1.81,139388.914,4,4,139388.91,0.0,0.0,0.0,0.004,77010.449724
1772619,IT,CH,GLASS,PAPER,0.38,139383.64,5,5,139382.632,0.0,0.0,1.0,0.008,366799.052632
1689352,IT,IE,RETA1,TRANS,1.46,139363.956,4,4,139363.947,0.0,0.0,0.0,0.009,95454.764384
1665462,IT,ES,WEARI,FOOD5,1.05,139363.426,4,4,139363.4,0.0,0.0,0.0,0.026,132727.072381
1774756,IT,CH,SUPPO,PUBLI,1.0,139362.221,4,4,139362.214,0.0,0.0,0.0,0.007,139362.221
1754976,IT,KR,TEXTI,SEACO,0.83,139357.906,4,4,139357.888,0.0,0.0,0.0,0.018,167901.091566
1788069,IT,WA,TEXTI,SUPPO,0.83,139351.12,4,4,139351.102,0.0,0.0,0.0,0.018,167892.915663
1808991,IT,WM,VEGET,TOBAC,0.49,139349.894,5,5,139348.889,0.0,1.0,0.0,0.005,284387.538776
1719843,IT,PL,BASIC,HOTEL,0.16,139341.239,4,4,139341.23,0.0,0.0,0.0,0.009,870882.74375
1723590,IT,PT,FABRI,GLASS,0.57,139339.615,4,4,139339.605,0.0,0.0,0.0,0.01,244455.464912
1659715,IT,DE,RAILW,FABRI,0.93,139333.913,5,5,139332.907,0.0,0.0,1.0,0.006,149821.411828
1801689,IT,WE,FURNI,INSUR,0.44,139328.214,4,4,139328.202,0.0,0.0,0.0,0.012,316655.031818
1771188,IT,CH,MEAT4,WHOLE,0.77,139324.347,5,5,139323.338,0.0,1.0,0.0,0.009,180940.71039
1679579,IT,GR,RUBBE,OFFIC,0.46,139318.943,4,4,139318.93,0.0,0.0,0.0,0.013,302867.267391
1751603,IT,CN,POSTT,WHOLE,2.29,139315.989,4,4,139315.978,0.0,0.0,0.0,0.011,60836.676419
1672756,IT,FR,MEATC,WHOLE,0.47,139315.77,5,5,139313.761,0.0,2.0,0.0,0.009,296416.531915
1662606,IT,DK,FABRI,BUSIN,0.57,139307.977,4,4,139307.967,0.0,0.0,0.0,0.01,244399.959649
1735577,IT,SK,ALUM1,SUPPO,0.24,139305.824,4,4,139305.813,0.0,0.0,0.0,0.011,580440.933333
1790960,IT,WA,MOTO1,NATUR,0.74,139297.253,4,4,139297.244,0.0,0.0,0.0,0.009,188239.531081
1761798,IT,IN,MACHI,FINAN,0.78,139294.093,4,4,139294.082,0.0,0.0,0.0,0.011,178582.170513
1737374,IT,GB,FISH5,HOTEL,0.59,139289.262,4,4,139289.19,0.0,0.0,0.0,0.072,236083.494915
1686415,IT,HU,BASIC,COPP1,0.16,139281.067,4,4,139281.058,0.0,0.0,0.0,0.009,870506.66875
1790967,IT,WA,MOTO1,VEGE1,0.74,139280.959,4,4,139280.95,0.0,0.0,0.0,0.009,188217.512162
1740201,IT,GB,BUSIN,PAPER,1.43,139267.842,4,4,139267.832,0.0,0.0,0.0,0.01,97390.099301
1771271,IT,CH,VEGE1,PAPE1,0.43,139251.834,5,5,139250.804,0.0,1.0,0.0,0.03,323841.474419
1717368,IT,NL,FINAN,BUSIN,1.81,139241.2,4,4,139241.196,0.0,0.0,0.0,0.004,76928.839779
1644577,IT,BE,FOOD5,CROPS,0.67,139237.836,5,5,139236.824,0.0,1.0,0.0,0.012,207817.665672
1645276,IT,BE,MOTOR,WHOLE,0.21,139234.272,4,4,139234.261,0.0,0.0,0.0,0.011,663020.342857
1719686,IT,PL,NONME,TEXTI,0.28,139232.407,4,4,139232.392,0.0,0.0,0.0,0.015,497258.596429
1688500,IT,IE,WOODW,VEGET,0.39,139227.052,5,5,139226.043,0.0,1.0,0.0,0.009,356992.441026
1719436,IT,PL,RUBBE,COLLE,0.46,139225.408,4,4,139225.395,0.0,0.0,0.0,0.013,302663.930435
1719688,IT,PL,NONME,WOODW,0.28,139211.211,4,4,139211.196,0.0,0.0,0.0,0.015,497182.896429
1796039,IT,WL,TRANS,PIGS9,0.83,139197.416,4,4,139197.408,0.0,0.0,0.0,0.008,167707.73012
1799626,IT,WE,MOTOR,PROCE,0.21,139192.493,4,4,139192.482,0.0,0.0,0.0,0.011,662821.395238
1642862,IT,AT,MOTO1,OFFIC,0.74,139173.361,4,4,139173.352,0.0,0.0,0.0,0.009,188072.109459
1645997,IT,BE,NONME,DAIRY,0.28,139172.435,4,4,139172.42,0.0,0.0,0.0,0.015,497044.410714
1729436,IT,SE,BASIC,WASTE,0.16,139156.17,4,4,139156.161,0.0,0.0,0.0,0.009,869726.0625
1782578,IT,NO,TRANS,WHOLE,0.83,139154.891,4,4,139154.883,0.0,0.0,0.0,0.008,167656.495181
1687998,IT,HU,RENTI,HOTEL,0.83,139150.805,4,4,139150.797,0.0,0.0,0.0,0.008,167651.572289
1794959,IT,WL,CHEM1,PREC1,0.29,139149.0,4,4,139148.985,0.0,0.0,0.0,0.015,479824.137931
1713012,IT,MT,MEATC,FISH5,0.46,139139.345,5,5,139137.336,0.0,2.0,0.0,0.009,302476.836957
1810364,IT,WM,WOODW,SALEM,0.39,139139.318,5,5,139138.309,0.0,1.0,0.0,0.009,356767.482051
1666329,IT,ES,LIQUE,ELEC5,0.24,139132.474,4,4,139132.463,0.0,0.0,0.0,0.011,579718.641667
1799840,IT,WE,GASDI,WEARI,0.21,139132.093,4,4,139132.082,0.0,0.0,0.0,0.011,662533.77619
1763399,IT,MX,PRINT,BUSIN,1.33,139106.2,4,4,139106.189,0.0,0.0,0.0,0.011,104591.12782
1645752,IT,BE,RUBBE,BIOGA,0.46,139093.891,4,4,139093.878,0.0,0.0,0.0,0.013,302378.023913
1803709,IT,WF,BEVER,EDUCA,0.59,139092.516,4,4,139092.507,0.0,0.0,0.0,0.009,235750.027119
1729776,IT,SE,MACHI,DISTR,0.78,139092.0,4,4,139091.989,0.0,0.0,0.0,0.011,178323.076923
1793521,IT,WL,CHEMI,EDUCA,0.33,139088.376,5,5,139081.363,0.0,0.0,7.0,0.013,421479.927273
1745765,IT,JP,WEARI,ELEC8,1.05,139085.58,4,4,139085.554,0.0,0.0,0.0,0.026,132462.457143
1787816,IT,WA,PROCE,HOTEL,0.94,139082.098,5,5,139081.089,0.0,1.0,0.0,0.009,147959.678723
1746154,IT,JP,PLAST,MOTOR,0.29,139073.166,4,4,139073.152,0.0,0.0,0.0,0.014,479562.641379
1811804,IT,WM,ADDIT,RESEA,0.32,139072.209,5,5,139071.198,0.0,1.0,0.0,0.011,434600.653125
1729095,IT,SE,RUBBE,EDUCA,0.46,139046.129,4,4,139046.116,0.0,0.0,0.0,0.013,302274.193478
1719427,IT,PL,RUBBE,ELEC1,0.46,139043.896,4,4,139043.883,0.0,0.0,0.0,0.013,302269.33913
1798457,IT,WE,NATUR,ALUM1,0.19,139043.528,4,4,139043.519,0.0,0.0,0.0,0.009,731808.042105
1640420,IT,AT,VEGE1,MEAT4,0.43,139040.638,5,5,139039.608,0.0,1.0,0.0,0.03,323350.32093
1747061,IT,JP,FURNI,CHEM1,0.44,139034.941,4,4,139034.929,0.0,0.0,0.0,0.012,315988.502273
1796921,IT,WL,AIRTR,FISHF,0.15,139033.945,4,4,139033.941,0.0,0.0,0.0,0.004,926892.966667
1799837,IT,WE,GASDI,FISH5,0.21,139031.672,4,4,139031.661,0.0,0.0,0.0,0.011,662055.580952
1644050,IT,AT,BUSIN,BASIC,1.43,139009.005,4,4,139008.995,0.0,0.0,0.0,0.01,97209.094406
1801507,IT,WE,MOTO1,DISTR,0.74,138992.104,4,4,138992.095,0.0,0.0,0.0,0.009,187827.167568
1747522,IT,JP,AIRTR,VEGET,0.15,138985.735,4,4,138985.731,0.0,0.0,0.0,0.004,926571.566667
1757794,IT,BR,PLAST,RADIO,0.29,138948.495,4,4,138948.481,0.0,0.0,0.0,0.014,479132.741379
1781444,IT,NO,BEVER,POULT,0.59,138922.236,4,4,138922.227,0.0,0.0,0.0,0.009,235461.416949
1770441,IT,AU,SEACO,WHOLE,0.14,138915.353,4,4,138915.351,0.0,0.0,0.0,0.002,992252.521429
1785749,IT,ZA,PLAST,PLAST,0.29,138902.033,4,4,138902.019,0.0,0.0,0.0,0.014,478972.527586
1720081,IT,PL,ALUM1,SEWAG,0.24,138892.652,4,4,138892.641,0.0,0.0,0.0,0.011,578719.383333
1667235,IT,ES,PREC1,ELEC2,0.24,138890.291,4,4,138890.285,0.0,0.0,0.0,0.006,578709.545833
1675819,IT,FR,ELEC1,RAWMI,0.02,138888.507,4,4,138888.498,0.0,0.0,0.0,0.009,6944425.35
1799402,IT,WE,PAPER,CEREA,0.54,138888.365,5,5,138887.351,0.0,1.0,0.0,0.014,257200.675926
1789008,IT,WA,NAPHT,ANIMA,0.24,138869.351,4,4,138869.341,0.0,0.0,0.0,0.01,578622.295833
1812682,IT,WM,COPP1,FURNI,0.35,138868.146,4,4,138868.139,0.0,0.0,0.0,0.007,396766.131429
1800677,IT,WE,CERAM,COMPU,0.22,138861.861,5,5,138860.853,0.0,0.0,1.0,0.008,631190.277273
1665477,IT,ES,WEARI,CHEM1,1.05,138858.47,4,4,138858.444,0.0,0.0,0.0,0.026,132246.161905
1661277,IT,DK,OILSE,WEARI,0.1,138852.966,5,5,138851.96,0.0,1.0,0.0,0.006,1388529.66
1713310,IT,MT,MOTOR,REALE,0.21,138830.181,4,4,138830.17,0.0,0.0,0.0,0.011,661096.1
1642217,IT,AT,CEMEN,REALE,0.22,138826.556,5,5,138825.55,0.0,0.0,1.0,0.006,631029.8
1674350,IT,FR,CHEM1,MOTOR,0.29,138825.625,4,4,138825.61,0.0,0.0,0.0,0.015,478709.051724
1711121,IT,LU,LEAD1,COMPU,0.24,138823.051,5,5,138822.039,0.0,0.0,1.0,0.012,578429.379167
1652260,IT,CZ,FOOD5,WHOLE,0.67,138804.333,5,5,138803.321,0.0,1.0,0.0,0.012,207170.646269
1741809,IT,US,PLAST,MEDIC,0.29,138803.002,4,4,138802.988,0.0,0.0,0.0,0.014,478631.041379
1783423,IT,NO,INTER,WHOLE,0.83,138763.934,4,4,138763.925,0.0,0.0,0.0,0.009,167185.462651
1649344,IT,BG,PLAST,MACHI,0.29,138762.397,4,4,138762.383,0.0,0.0,0.0,0.014,478491.024138
1805020,IT,WF,PLAST,CHARC,0.29,138761.783,4,4,138761.769,0.0,0.0,0.0,0.014,478488.906897
1713851,IT,MT,ELEC2,RADIO,0.03,138751.533,4,4,138751.518,0.0,0.0,0.0,0.015,4625051.1
1683580,IT,HR,COPP1,MACHI,0.35,138750.276,4,4,138750.269,0.0,0.0,0.0,0.007,396429.36
1788722,IT,WA,MOTOR,PFERT,0.21,138746.433,4,4,138746.422,0.0,0.0,0.0,0.011,660697.3
1791933,IT,WA,SEACO,MEAT1,0.14,138745.579,4,4,138745.577,0.0,0.0,0.0,0.002,991039.85
1777039,IT,TR,CHEM1,BITU1,0.29,138736.527,4,4,138736.512,0.0,0.0,0.0,0.015,478401.817241
1718363,IT,PL,BEVER,MOTOR,0.59,138718.146,4,4,138718.137,0.0,0.0,0.0,0.009,235115.501695
1682441,IT,HR,PAPER,FURNI,0.54,138704.991,5,5,138703.977,0.0,1.0,0.0,0.014,256861.094444
1774250,IT,CH,RETA1,POSTT,1.45,138701.715,4,4,138701.706,0.0,0.0,0.0,0.009,95656.355172
1666103,IT,ES,GASDI,HEAVY,0.21,138695.849,4,4,138695.838,0.0,0.0,0.0,0.011,660456.42381
1747078,IT,JP,FURNI,MEDIC,0.44,138681.184,4,4,138681.172,0.0,0.0,0.0,0.012,315184.509091
1716117,IT,NL,PREC1,MEATA,0.24,138662.895,4,4,138662.889,0.0,0.0,0.0,0.006,577762.0625
1785829,IT,ZA,CHEM1,FOUND,0.29,138634.948,4,4,138634.933,0.0,0.0,0.0,0.015,478051.544828
1742576,IT,US,PREC1,PUBLI,0.24,138624.008,4,4,138624.002,0.0,0.0,0.0,0.006,577600.033333
1812289,IT,WM,BASIC,ALUMI,0.16,138617.648,4,4,138617.639,0.0,0.0,0.0,0.009,866360.3
1671327,IT,FI,ALUM1,TRANS,0.24,138600.815,4,4,138600.804,0.0,0.0,0.0,0.011,577503.395833
1792617,IT,WA,COMPU,COMPU,1.58,138573.049,4,4,138573.04,0.0,0.0,0.0,0.009,87704.461392
1758134,IT,BR,BRICK,CONST,0.21,138566.705,5,5,138565.696,0.0,0.0,1.0,0.009,659841.452381
1657824,IT,DE,NONME,DIST1,0.28,138560.128,4,4,138560.113,0.0,0.0,0.0,0.015,494857.6
1649394,IT,BG,CHEM1,MEAT4,0.29,138558.715,4,4,138558.7,0.0,0.0,0.0,0.015,477788.672414
1643707,IT,AT,SUPPO,RUBBE,1.0,138557.78,4,4,138557.773,0.0,0.0,0.0,0.007,138557.78
1665782,IT,ES,PAPER,AUXIL,0.54,138553.971,5,5,138552.957,0.0,1.0,0.0,0.014,256581.427778
1657768,IT,DE,NONME,SANDC,0.28,138551.778,4,4,138551.763,0.0,0.0,0.0,0.015,494827.778571
1709814,IT,LT,RUBBE,FURNI,0.46,138550.712,4,4,138550.699,0.0,0.0,0.0,0.013,301197.2
1650902,IT,BG,SEACO,BEVER,0.14,138549.051,4,4,138549.049,0.0,0.0,0.0,0.002,989636.078571
1812799,IT,WM,FABRI,SANDC,0.56,138534.256,4,4,138534.246,0.0,0.0,0.0,0.01,247382.6
1654601,IT,CZ,RAILW,RAILW,0.93,138532.837,5,5,138531.831,0.0,0.0,1.0,0.006,148960.039785
1732193,IT,SI,GASDI,PAPE4,0.21,138523.561,4,4,138523.55,0.0,0.0,0.0,0.011,659636.004762
1687651,IT,HU,AIRTR,CHEM1,0.15,138514.482,4,4,138514.478,0.0,0.0,0.0,0.004,923429.88
1679570,IT,GR,RUBBE,CERAM,0.46,138514.097,4,4,138514.084,0.0,0.0,0.0,0.013,301117.602174
1677308,IT,FR,FINAN,SALEM,1.8,138506.345,4,4,138506.341,0.0,0.0,0.0,0.004,76947.969444
1666522,IT,ES,PLAST,HEALT,0.29,138502.64,4,4,138502.626,0.0,0.0,0.0,0.014,477595.310345
1801094,IT,WE,COPP1,AUXIL,0.35,138496.418,4,4,138496.411,0.0,0.0,0.0,0.007,395704.051429
1646697,IT,BE,FURNI,SUPPO,0.44,138492.229,4,4,138492.217,0.0,0.0,0.0,0.012,314755.065909
1748043,IT,JP,BUSIN,NONME,1.42,138490.009,4,4,138489.999,0.0,0.0,0.0,0.01,97528.175352
1737321,IT,GB,BEVER,PAPER,0.59,138479.247,4,4,138479.238,0.0,0.0,0.0,0.009,234710.588136
1749178,IT,CN,PULP5,BASIC,0.42,138478.736,5,5,138477.723,0.0,1.0,0.0,0.013,329711.27619
1803002,IT,WF,WHEAT,MOTO1,0.1,138459.357,5,5,138458.354,0.0,1.0,0.0,0.003,1384593.57
1743211,IT,US,TRANS,ELEC1,0.83,138450.486,4,4,138450.478,0.0,0.0,0.0,0.008,166807.814458
1751946,IT,CN,COMPU,SUPPO,1.58,138440.869,4,4,138440.86,0.0,0.0,0.0,0.009,87620.803165
1761468,IT,IN,PREC1,RUBBE,0.24,138437.977,4,4,138437.971,0.0,0.0,0.0,0.006,576824.904167
1790577,IT,WA,NONF1,ELEC4,0.03,138436.272,3,3,138436.272,0.0,0.0,0.0,0.0,4614542.4
1768297,IT,AU,STONE,BITUM,0.45,138435.849,5,5,138427.843,0.0,0.0,8.0,0.006,307635.22
1713918,IT,MT,ELEC8,DISTR,1.84,138413.693,4,4,138413.685,0.0,0.0,0.0,0.008,75224.833152
1743481,IT,US,WHOLE,SEACO,1.2,138407.153,4,4,138407.145,0.0,0.0,0.0,0.008,115339.294167
1809600,IT,WM,VEGE1,RESEA,0.43,138390.073,5,5,138389.043,0.0,1.0,0.0,0.03,321837.37907
1716151,IT,NL,PREC1,BUSIN,0.24,138389.708,4,4,138389.702,0.0,0.0,0.0,0.006,576623.783333
1773514,IT,CH,MOTO1,WOODW,0.74,138389.486,4,4,138389.477,0.0,0.0,0.0,0.009,187012.818919
1732530,IT,SI,RUBBE,NONF1,0.46,138382.036,4,4,138382.023,0.0,0.0,0.0,0.013,300830.513043
1769507,IT,AU,BASIC,COMPU,0.16,138381.654,4,4,138381.645,0.0,0.0,0.0,0.009,864885.3375
1682967,IT,HR,PLAST,RETA1,0.29,138380.547,4,4,138380.533,0.0,0.0,0.0,0.014,477174.3
1661457,IT,DK,DAIRY,BUSIN,0.56,138373.716,5,5,138372.707,0.0,1.0,0.0,0.009,247095.921429
1641019,IT,AT,PULP5,NFERT,0.42,138368.839,5,5,138367.826,0.0,1.0,0.0,0.013,329449.616667
1810323,IT,WM,WOODW,FOOD5,0.39,138356.485,5,5,138355.476,0.0,1.0,0.0,0.009,354760.217949
1642972,IT,AT,FURNI,HEALT,0.44,138354.259,4,4,138354.247,0.0,0.0,0.0,0.012,314441.497727
1763599,IT,MX,CHEM1,SUPPO,0.29,138346.12,4,4,138346.105,0.0,0.0,0.0,0.015,477055.586207
1657055,IT,DE,NONSP,FISH5,0.18,138346.035,4,4,138346.028,0.0,0.0,0.0,0.007,768589.083333
1686346,IT,HU,NONME,WHOLE,0.28,138339.565,4,4,138339.55,0.0,0.0,0.0,0.015,494069.875
1759067,IT,BR,SEACO,MOTO1,0.14,138327.145,4,4,138327.143,0.0,0.0,0.0,0.002,988051.035714
1658094,IT,DE,ALUM1,SANDC,0.24,138327.01,4,4,138326.999,0.0,0.0,0.0,0.011,576362.541667
1787197,IT,WA,WHEAT,MEATA,0.1,138326.652,5,5,138325.649,0.0,1.0,0.0,0.003,1383266.52
1726639,IT,RO,MOTO1,RETA1,0.74,138315.353,4,4,138315.344,0.0,0.0,0.0,0.009,186912.639189
1656900,IT,DE,HEAVY,BUSIN,0.22,138304.748,4,4,138304.737,0.0,0.0,0.0,0.011,628657.945455
1731944,IT,SI,MOTOR,RAILW,0.21,138296.166,4,4,138296.155,0.0,0.0,0.0,0.011,658553.171429
1663262,IT,DK,SEACO,FABRI,0.14,138289.245,4,4,138289.243,0.0,0.0,0.0,0.002,987780.321429
1663038,IT,DK,HOTEL,SALEM,1.0,138287.637,4,4,138287.627,0.0,0.0,0.0,0.01,138287.637
1724421,IT,PT,AIRTR,RUBBE,0.15,138273.416,4,4,138273.412,0.0,0.0,0.0,0.004,921822.773333
1811102,IT,WM,HEAVY,RESEA,0.22,138251.064,4,4,138251.053,0.0,0.0,0.0,0.011,628413.927273
1651317,IT,CY,WEARI,REALE,1.04,138247.446,4,4,138247.42,0.0,0.0,0.0,0.026,132930.236538
1647347,IT,BE,SEACO,CHEM1,0.14,138247.182,4,4,138247.18,0.0,0.0,0.0,0.002,987479.871429
1722532,IT,PT,BEVER,FISHF,0.59,138242.061,4,4,138242.052,0.0,0.0,0.0,0.009,234308.577966
1673162,IT,FR,BEVER,BIOGA,0.59,138232.571,4,4,138232.562,0.0,0.0,0.0,0.009,234292.49322
1780098,IT,TW,HOTEL,PADDY,1.0,138229.197,4,4,138229.187,0.0,0.0,0.0,0.01,138229.197
1682750,IT,HR,GASDI,COMPU,0.21,138226.75,4,4,138226.739,0.0,0.0,0.0,0.011,658222.619048
1667722,IT,ES,MACHI,FOOD1,0.77,138223.479,4,4,138223.468,0.0,0.0,0.0,0.011,179511.011688
1715874,IT,NL,RUBBE,POSTT,0.46,138220.32,4,4,138220.307,0.0,0.0,0.0,0.013,300478.956522
1756250,IT,KR,MACHI,HEALT,0.77,138219.327,4,4,138219.316,0.0,0.0,0.0,0.011,179505.619481
1715771,IT,NL,BIODI,BRICK,0.29,138209.209,4,4,138209.194,0.0,0.0,0.0,0.015,476583.47931
1689845,IT,IE,INSUR,REALE,2.85,138172.237,4,4,138172.231,0.0,0.0,0.0,0.006,48481.486667
1671139,IT,FI,GLASS,CONST,0.38,138165.633,5,5,138164.625,0.0,0.0,1.0,0.008,363593.771053
1712313,IT,LV,RUBBE,FOOD5,0.46,138156.621,4,4,138156.608,0.0,0.0,0.0,0.013,300340.480435
1766648,IT,RU,FABRI,PREC1,0.56,138155.195,4,4,138155.185,0.0,0.0,0.0,0.01,246705.705357
1657819,IT,DE,NONME,ELEC5,0.28,138139.33,4,4,138139.315,0.0,0.0,0.0,0.015,493354.75
1676562,IT,FR,HOTEL,MOTOR,1.0,138136.285,4,4,138136.275,0.0,0.0,0.0,0.01,138136.285
1656043,IT,DE,BEVER,DAIRY,0.59,138135.984,4,4,138135.975,0.0,0.0,0.0,0.009,234128.786441
1805954,IT,WF,LEAD1,RECRE,0.24,138128.259,5,5,138127.247,0.0,0.0,1.0,0.012,575534.4125
1797597,IT,WL,HEALT,PUBLI,0.72,138126.225,4,4,138126.22,0.0,0.0,0.0,0.005,191841.979167
1794837,IT,WL,PLAST,TRAN2,0.29,138123.163,4,4,138123.149,0.0,0.0,0.0,0.014,476286.768966
1795945,IT,WL,MOTO1,FISH5,0.74,138121.585,4,4,138121.576,0.0,0.0,0.0,0.009,186650.790541
1782202,IT,NO,BASIC,CEMEN,0.16,138118.136,4,4,138118.127,0.0,0.0,0.0,0.009,863238.35
1715421,IT,NL,MOTOR,FABRI,0.21,138113.624,4,4,138113.613,0.0,0.0,0.0,0.011,657683.92381
1653603,IT,CZ,PREC1,MACHI,0.23,138113.493,4,4,138113.487,0.0,0.0,0.0,0.006,600493.447826
1729865,IT,SE,MOTO1,BUSIN,0.74,138100.758,4,4,138100.749,0.0,0.0,0.0,0.009,186622.645946
1657028,IT,DE,NAPHT,REALE,0.23,138099.022,4,4,138099.012,0.0,0.0,0.0,0.01,600430.530435
1657922,IT,DE,BASIC,BRICK,0.16,138083.068,4,4,138083.059,0.0,0.0,0.0,0.009,863019.175
1772754,IT,CH,NONME,CATTL,0.28,138075.215,4,4,138075.2,0.0,0.0,0.0,0.015,493125.767857
1644937,IT,BE,WOODW,BEVER,0.39,138065.002,5,5,138063.993,0.0,1.0,0.0,0.009,354012.825641
1647216,IT,BE,LANDT,PULP5,0.89,138059.837,4,4,138059.83,0.0,0.0,0.0,0.007,155123.41236
1777127,IT,TR,ADDIT,LIQUE,0.32,138053.802,5,5,138052.791,0.0,1.0,0.0,0.011,431418.13125
1665349,IT,ES,FISH5,BUSIN,0.58,138051.448,4,4,138051.377,0.0,0.0,0.0,0.071,238019.737931
1675225,IT,FR,FABRI,FISH5,0.56,138050.259,4,4,138050.249,0.0,0.0,0.0,0.01,246518.319643
1660919,IT,DE,BUSIN,MEAT4,1.42,138047.646,4,4,138047.636,0.0,0.0,0.0,0.01,97216.652113
1765899,IT,RU,PLAST,PLAST,0.29,138041.11,4,4,138041.096,0.0,0.0,0.0,0.014,476003.827586
1732961,IT,SI,ALUM1,DIST1,0.24,138023.047,4,4,138023.036,0.0,0.0,0.0,0.011,575096.029167
1664657,IT,EE,LANDT,HOTEL,0.89,138007.834,4,4,138007.827,0.0,0.0,0.0,0.007,155064.982022
1671301,IT,FI,ALUM1,WOODW,0.24,137996.717,4,4,137996.706,0.0,0.0,0.0,0.011,574986.320833
1671951,IT,FI,LANDT,PLAST,0.89,137995.031,4,4,137995.024,0.0,0.0,0.0,0.007,155050.596629
1665465,IT,ES,WEARI,TEXTI,1.04,137973.003,4,4,137972.977,0.0,0.0,0.0,0.026,132666.349038
1787238,IT,WA,VEGET,WOODW,0.49,137959.976,5,5,137958.971,0.0,1.0,0.0,0.005,281550.971429
1743623,IT,US,HOTEL,MOTO1,1.0,137957.112,4,4,137957.102,0.0,0.0,0.0,0.01,137957.112
1659915,IT,DE,TRAN2,BITU1,0.21,137957.081,4,4,137957.077,0.0,0.0,0.0,0.004,656938.480952
1679819,IT,GR,ALUM1,TEXTI,0.24,137945.717,4,4,137945.706,0.0,0.0,0.0,0.011,574773.820833
1723383,IT,PT,BASIC,NONME,0.16,137945.555,4,4,137945.546,0.0,0.0,0.0,0.009,862159.71875
1796992,IT,WL,AIRTR,ELEC5,0.15,137917.925,4,4,137917.921,0.0,0.0,0.0,0.004,919452.833333
1799675,IT,WE,MOTOR,ELECT,0.21,137911.799,4,4,137911.788,0.0,0.0,0.0,0.011,656722.852381
1685194,IT,HU,BEVER,BUSIN,0.59,137909.123,4,4,137909.114,0.0,0.0,0.0,0.009,233744.276271
1761687,IT,IN,FABRI,RENTI,0.56,137908.05,4,4,137908.04,0.0,0.0,0.0,0.01,246264.375
1728970,IT,SE,CHEM1,OILHA,0.29,137905.467,4,4,137905.452,0.0,0.0,0.0,0.015,475536.093103
1738314,IT,GB,BASIC,NONME,0.16,137888.951,4,4,137888.942,0.0,0.0,0.0,0.009,861805.94375
1672852,IT,FR,VEGE1,MEAT1,0.42,137861.276,5,5,137860.246,0.0,1.0,0.0,0.03,328241.133333
1769769,IT,AU,MACHI,BRICK,0.77,137850.764,4,4,137850.753,0.0,0.0,0.0,0.011,179026.966234
1732115,IT,SI,GASDI,CROPS,0.21,137833.442,4,4,137833.431,0.0,0.0,0.0,0.011,656349.72381
1719792,IT,PL,BASIC,LIQUE,0.16,137832.117,4,4,137832.108,0.0,0.0,0.0,0.009,861450.73125
1766755,IT,RU,MACHI,SUGA1,0.77,137811.813,4,4,137811.802,0.0,0.0,0.0,0.011,178976.380519
1806607,IT,WF,SALEM,CRUDE,1.11,137811.21,4,4,137811.201,0.0,0.0,0.0,0.009,124154.243243
1726207,IT,RO,CEMEN,CEMEN,0.22,137803.3,5,5,137802.294,0.0,0.0,1.0,0.006,626378.636364
1811122,IT,WM,NAPHT,STONE,0.23,137801.258,4,4,137801.248,0.0,0.0,0.0,0.01,599135.904348
1715817,IT,NL,RUBBE,PAPER,0.46,137798.535,4,4,137798.523,0.0,0.0,0.0,0.012,299562.032609
1647955,IT,BE,RENTI,CHEM1,0.82,137797.628,4,4,137797.62,0.0,0.0,0.0,0.008,168045.887805
1753048,IT,CA,CHEM1,REALE,0.29,137788.927,4,4,137788.912,0.0,0.0,0.0,0.015,475134.231034
1755456,IT,KR,PLAST,LEATH,0.29,137780.28,4,4,137780.266,0.0,0.0,0.0,0.014,475104.413793
1775598,IT,CH,RECRE,WHOLE,1.75,137775.246,4,4,137775.236,0.0,0.0,0.0,0.01,78728.712
1655845,IT,DE,VEGE1,SEACO,0.42,137746.02,5,5,137744.99,0.0,1.0,0.0,0.03,327966.714286
1813196,IT,WM,MOTO1,COMPU,0.73,137737.121,4,4,137737.112,0.0,0.0,0.0,0.009,188680.987671
1811371,IT,WM,NONSP,CHEM1,0.18,137730.816,4,4,137730.809,0.0,0.0,0.0,0.007,765171.2
1671515,IT,FI,MACHI,DISTR,0.77,137726.06,4,4,137726.049,0.0,0.0,0.0,0.011,178865.012987
1685362,IT,HU,LEATH,TEXTI,0.99,137724.238,5,5,137723.214,0.0,1.0,0.0,0.024,139115.391919
1737147,IT,GB,VEGE1,FISH5,0.42,137714.515,5,5,137713.485,0.0,1.0,0.0,0.03,327891.702381
1790520,IT,WA,COPP1,RESEA,0.35,137698.032,4,4,137698.025,0.0,0.0,0.0,0.007,393422.948571
1667423,IT,ES,COPP1,LANDT,0.35,137677.369,4,4,137677.362,0.0,0.0,0.0,0.007,393363.911429
1773800,IT,CH,ELEC2,MEMBE,0.03,137673.668,4,4,137673.654,0.0,0.0,0.0,0.014,4589122.266667
1810508,IT,WM,PAPER,LEATH,0.53,137656.545,5,5,137655.531,0.0,1.0,0.0,0.014,259729.330189
1768368,IT,AU,MEAT4,WHOLE,0.76,137634.287,5,5,137633.278,0.0,1.0,0.0,0.009,181097.746053
1688894,IT,IE,COPP1,FOOD5,0.35,137630.51,4,4,137630.503,0.0,0.0,0.0,0.007,393230.028571
1660023,IT,DE,INLAN,BUSIN,0.22,137626.507,4,4,137626.498,0.0,0.0,0.0,0.009,625575.031818
1657132,IT,DE,PLAST,CEMEN,0.29,137623.981,4,4,137623.967,0.0,0.0,0.0,0.014,474565.451724
1650378,IT,BG,ELEC2,COMPU,0.03,137623.195,4,4,137623.181,0.0,0.0,0.0,0.014,4587439.833333
1718389,IT,PL,BEVER,FURNI,0.59,137622.94,4,4,137622.931,0.0,0.0,0.0,0.009,233259.220339
1746646,IT,JP,COPP1,FABRI,0.35,137622.261,4,4,137622.254,0.0,0.0,0.0,0.007,393206.46
1731388,IT,SI,FOOD5,MEAT1,0.66,137614.475,5,5,137613.463,0.0,1.0,0.0,0.012,208506.780303
1665007,IT,ES,CHEMI,CEMEN,0.33,137607.187,5,5,137600.174,0.0,0.0,7.0,0.013,416991.475758
1649371,IT,BG,NFERT,OILSE,0.03,137602.063,4,4,137602.052,0.0,0.0,0.0,0.011,4586735.433333
1803671,IT,WF,BEVER,RAWMI,0.59,137598.256,4,4,137598.247,0.0,0.0,0.0,0.009,233217.383051
1739903,IT,GB,FINAN,RESEA,1.79,137593.15,4,4,137593.146,0.0,0.0,0.0,0.004,76867.681564
1758882,IT,BR,HOTEL,MOTO1,1.0,137579.924,4,4,137579.914,0.0,0.0,0.0,0.01,137579.924
1719890,IT,PL,PREC1,COPPE,0.23,137575.662,4,4,137575.656,0.0,0.0,0.0,0.006,598155.052174
1735455,IT,SK,BASIC,ELEC2,0.16,137572.188,4,4,137572.179,0.0,0.0,0.0,0.009,859826.175
1783219,IT,NO,BUSIN,CONST,1.41,137562.498,4,4,137562.489,0.0,0.0,0.0,0.009,97562.055319
1753320,IT,CA,BASIC,COPP1,0.16,137547.373,4,4,137547.364,0.0,0.0,0.0,0.009,859671.08125
1813912,IT,WM,LANDT,INSUR,0.89,137547.234,4,4,137547.227,0.0,0.0,0.0,0.007,154547.453933
1768844,IT,AU,LEATH,DIST1,0.99,137541.272,5,5,137540.248,0.0,1.0,0.0,0.024,138930.577778
1741447,IT,US,MOTOR,FABRI,0.21,137528.23,4,4,137528.219,0.0,0.0,0.0,0.011,654896.333333
1677512,IT,FR,AUXIL,RETA1,2.51,137528.101,4,4,137528.094,0.0,0.0,0.0,0.007,54792.072112
1726645,IT,RO,MOTO1,REALE,0.73,137527.889,4,4,137527.88,0.0,0.0,0.0,0.009,188394.368493
1804314,IT,WF,MOTOR,PREC1,0.21,137515.713,4,4,137515.702,0.0,0.0,0.0,0.011,654836.728571
1790025,IT,WA,NONME,MOTO1,0.28,137494.416,4,4,137494.401,0.0,0.0,0.0,0.015,491051.485714
1641021,IT,AT,PULP5,RUBBE,0.42,137482.7,5,5,137481.687,0.0,1.0,0.0,0.013,327339.761905
1792095,IT,WA,AIRTR,DISTR,0.15,137480.899,4,4,137480.895,0.0,0.0,0.0,0.004,916539.326667
1811242,IT,WM,BITU1,PADDY,0.22,137473.391,4,4,137473.38,0.0,0.0,0.0,0.011,624879.05
1743059,IT,US,OFFIC,RECRE,0.43,137462.313,4,4,137462.303,0.0,0.0,0.0,0.01,319679.797674
1749607,IT,CN,CHEM1,SUGAR,0.29,137447.794,4,4,137447.779,0.0,0.0,0.0,0.015,473957.910345
1787328,IT,WA,CROPS,PFERT,1.09,137442.97,4,4,137442.962,0.0,0.0,0.0,0.008,126094.46789
1758551,IT,BR,MACHI,FOOD4,0.77,137437.786,4,4,137437.775,0.0,0.0,0.0,0.011,178490.631169
1665584,IT,ES,LEATH,BUSIN,0.98,137431.288,5,5,137430.264,0.0,1.0,0.0,0.024,140236.008163
1661575,IT,DK,BEVER,OFFIC,0.58,137429.656,4,4,137429.647,0.0,0.0,0.0,0.009,236947.682759
1724926,IT,PT,BUSIN,RENTI,1.41,137422.835,4,4,137422.826,0.0,0.0,0.0,0.009,97463.003546
1713007,IT,MT,MEATC,VEGET,0.46,137422.803,5,5,137420.794,0.0,2.0,0.0,0.009,298745.223913
1676499,IT,FR,RETA1,AUXIL,1.43,137406.885,4,4,137406.876,0.0,0.0,0.0,0.009,96088.730769
1754562,IT,CA,BUSIN,MEMBE,1.41,137391.429,4,4,137391.42,0.0,0.0,0.0,0.009,97440.729787
1686373,IT,HU,BASIC,LIGNI,0.16,137390.329,4,4,137390.32,0.0,0.0,0.0,0.009,858689.55625
1811041,IT,WM,HEAVY,FOOD5,0.22,137389.944,4,4,137389.933,0.0,0.0,0.0,0.011,624499.745455
1785845,IT,ZA,CHEM1,HOTEL,0.29,137379.424,4,4,137379.409,0.0,0.0,0.0,0.015,473722.151724
1765724,IT,RU,PAPER,HEALT,0.53,137379.248,5,5,137378.234,0.0,1.0,0.0,0.014,259206.128302
1810156,IT,WM,WEARI,CHEM1,1.04,137375.497,4,4,137375.471,0.0,0.0,0.0,0.026,132091.824038
1671635,IT,FI,FURNI,BUSIN,0.44,137369.109,4,4,137369.097,0.0,0.0,0.0,0.012,312202.520455
1716850,IT,NL,HOTEL,PLAST,1.0,137366.057,4,4,137366.047,0.0,0.0,0.0,0.01,137366.057
1723460,IT,PT,ALUM1,WOODW,0.24,137362.564,4,4,137362.553,0.0,0.0,0.0,0.011,572344.016667
1648246,IT,BE,BUSIN,REALE,1.41,137362.499,4,4,137362.49,0.0,0.0,0.0,0.009,97420.212057
1786069,IT,ZA,CEMEN,GASWO,0.22,137360.402,5,5,137359.396,0.0,0.0,1.0,0.006,624365.463636
1735678,IT,SK,FABRI,PULP5,0.56,137352.889,4,4,137352.879,0.0,0.0,0.0,0.01,245273.016071
1748946,IT,CN,WEARI,RAILW,1.04,137337.331,4,4,137337.305,0.0,0.0,0.0,0.026,132055.125962
1788101,IT,WA,WEARI,PIGS9,1.04,137332.256,4,4,137332.23,0.0,0.0,0.0,0.026,132050.246154
1721226,IT,PL,LANDT,PRINT,0.89,137324.626,4,4,137324.62,0.0,0.0,0.0,0.006,154297.332584
1790180,IT,WA,BASIC,PRIVA,0.16,137322.608,4,4,137322.599,0.0,0.0,0.0,0.009,858266.3
1748574,IT,CN,VEGE1,CERAM,0.42,137322.335,5,5,137321.305,0.0,1.0,0.0,0.03,326957.940476
1745907,IT,JP,LEATH,BUSIN,0.98,137301.801,5,5,137300.777,0.0,1.0,0.0,0.024,140103.878571
1715521,IT,NL,GASDI,CEMEN,0.2,137297.681,4,4,137297.67,0.0,0.0,0.0,0.011,686488.405
1788844,IT,WA,GASDI,MEAT4,0.2,137292.804,4,4,137292.793,0.0,0.0,0.0,0.011,686464.02
1647287,IT,BE,LANDT,RESEA,0.89,137284.048,4,4,137284.042,0.0,0.0,0.0,0.006,154251.739326
1736572,IT,SK,SUPPO,RAILW,0.99,137279.196,4,4,137279.189,0.0,0.0,0.0,0.007,138665.854545
1772515,IT,CH,RUBBE,TOBAC,0.45,137272.454,4,4,137272.442,0.0,0.0,0.0,0.012,305049.897778
1789174,IT,WA,PLAST,FISH5,0.29,137268.87,4,4,137268.856,0.0,0.0,0.0,0.014,473340.931034
1680331,IT,GR,ELEC1,KEROS,0.02,137265.362,4,4,137265.353,0.0,0.0,0.0,0.009,6863268.1
1670943,IT,FI,CHEM1,BASIC,0.29,137260.022,4,4,137260.007,0.0,0.0,0.0,0.015,473310.42069
1644879,IT,BE,LEATH,MEAT1,0.98,137252.733,5,5,137251.709,0.0,1.0,0.0,0.024,140053.809184
1719563,IT,PL,GLASS,RENTI,0.38,137239.485,5,5,137238.477,0.0,0.0,1.0,0.008,361156.539474
1732554,IT,SI,RUBBE,HOTEL,0.45,137239.338,4,4,137239.326,0.0,0.0,0.0,0.012,304976.306667
1763489,IT,MX,PLAST,RETA1,0.29,137235.958,4,4,137235.944,0.0,0.0,0.0,0.014,473227.441379
1642174,IT,AT,CERAM,POSTT,0.21,137235.233,5,5,137234.226,0.0,0.0,1.0,0.007,653501.109524
1747955,IT,JP,RESEA,OFFIC,0.74,137233.005,4,4,137232.995,0.0,0.0,0.0,0.01,185450.006757
1723913,IT,PT,FURNI,AIRTR,0.44,137228.21,4,4,137228.198,0.0,0.0,0.0,0.012,311882.295455
1662081,IT,DK,CHEM1,MOTO1,0.29,137226.808,4,4,137226.793,0.0,0.0,0.0,0.015,473195.889655
1670906,IT,FI,CHEM1,FORES,0.29,137224.729,4,4,137224.714,0.0,0.0,0.0,0.015,473188.72069
1647253,IT,BE,LANDT,TRANS,0.89,137211.65,4,4,137211.644,0.0,0.0,0.0,0.006,154170.393258
1726247,IT,RO,BASIC,CEREA,0.16,137206.65,4,4,137206.641,0.0,0.0,0.0,0.009,857541.5625
1812522,IT,WM,ALUM1,PAPER,0.24,137200.101,4,4,137200.09,0.0,0.0,0.0,0.011,571667.0875
1662018,IT,DK,PLAST,COPP1,0.29,137186.325,4,4,137186.311,0.0,0.0,0.0,0.014,473056.293103
1684185,IT,HR,LANDT,WHOLE,0.88,137180.585,4,4,137180.579,0.0,0.0,0.0,0.006,155887.028409
1781411,IT,NO,FOOD5,MEAT4,0.66,137177.887,5,5,137176.875,0.0,1.0,0.0,0.012,207845.283333
1782488,IT,NO,MACHI,PUBLI,0.77,137172.513,4,4,137172.502,0.0,0.0,0.0,0.011,178146.120779
1665807,IT,ES,PAPER,INERT,0.53,137170.854,5,5,137169.84,0.0,1.0,0.0,0.014,258812.932075
1681543,IT,GR,BUSIN,FABRI,1.41,137166.981,4,4,137166.972,0.0,0.0,0.0,0.009,97281.546809
1671901,IT,FI,HOTEL,HEALT,0.99,137159.656,4,4,137159.646,0.0,0.0,0.0,0.01,138545.107071
1670002,IT,ES,HEALT,MOTO1,0.71,137150.214,4,4,137150.209,0.0,0.0,0.0,0.005,193169.315493
1656511,IT,DE,PAPER,NONME,0.53,137149.316,5,5,137148.302,0.0,1.0,0.0,0.014,258772.29434
1753296,IT,CA,BASIC,NATUR,0.16,137143.921,4,4,137143.912,0.0,0.0,0.0,0.009,857149.50625
1813303,IT,WM,TRANS,INSUR,0.82,137124.496,4,4,137124.489,0.0,0.0,0.0,0.007,167224.995122
1801663,IT,WE,FURNI,BASIC,0.44,137124.425,4,4,137124.413,0.0,0.0,0.0,0.012,311646.420455
1787401,IT,WA,FISHF,WEARI,0.24,137110.547,4,4,137110.542,0.0,0.0,0.0,0.005,571293.945833
1677423,IT,FR,INSUR,WHOLE,2.83,137107.292,4,4,137107.286,0.0,0.0,0.0,0.006,48447.80636
1791195,IT,WA,FURNI,PAPER,0.44,137097.994,4,4,137097.982,0.0,0.0,0.0,0.012,311586.35
1774609,IT,CH,SEACO,TRAN2,0.14,137095.805,4,4,137095.803,0.0,0.0,0.0,0.002,979255.75
1729945,IT,SE,FURNI,MEMBE,0.44,137093.672,4,4,137093.66,0.0,0.0,0.0,0.012,311576.527273
1687019,IT,HU,OFFIC,MOTO1,0.42,137082.282,4,4,137082.272,0.0,0.0,0.0,0.01,326386.385714
1720571,IT,PL,OFFIC,LANDT,0.42,137081.287,4,4,137081.277,0.0,0.0,0.0,0.01,326384.016667
1713560,IT,MT,CEMEN,BRICK,0.22,137075.907,5,5,137074.901,0.0,0.0,1.0,0.006,623072.304545
1650856,IT,BG,LANDT,TRAN1,0.88,137063.317,4,4,137063.311,0.0,0.0,0.0,0.006,155753.769318
1681717,IT,HR,FISHF,CERAM,0.24,137061.615,4,4,137061.61,0.0,0.0,0.0,0.005,571090.0625
1787487,IT,WA,CHEMI,VEGET,0.33,137053.088,5,5,137046.075,0.0,0.0,7.0,0.013,415312.387879
1681875,IT,HR,VEGE1,RECRE,0.42,137035.944,5,5,137034.914,0.0,1.0,0.0,0.03,326276.057143
1720543,IT,PL,OFFIC,RUBBE,0.42,137035.255,4,4,137035.245,0.0,0.0,0.0,0.01,326274.416667
1800230,IT,WE,PLAST,KEROS,0.29,137030.156,4,4,137030.142,0.0,0.0,0.0,0.014,472517.77931
1674284,IT,FR,NUCLE,PLAST,0.29,137013.208,4,4,137013.198,0.0,0.0,0.0,0.01,472459.337931
1669334,IT,ES,FINAN,LANDT,1.78,136998.993,4,4,136998.989,0.0,0.0,0.0,0.004,76965.726404
1790394,IT,WA,LEAD1,PRINT,0.24,136992.652,5,5,136991.64,0.0,0.0,1.0,0.012,570802.716667
1669514,IT,ES,AUXIL,AUXIL,2.5,136980.667,4,4,136980.66,0.0,0.0,0.0,0.007,54792.2668
1809136,IT,WM,CROPS,WHOLE,1.08,136976.927,4,4,136976.919,0.0,0.0,0.0,0.008,126830.487963
1657107,IT,DE,NONSP,93197,0.18,136972.178,4,4,136972.171,0.0,0.0,0.0,0.007,760956.544444
1658331,IT,DE,NONF1,WOODW,0.03,136969.391,3,3,136969.391,0.0,0.0,0.0,0.0,4565646.366667
1778946,IT,TR,SEACO,DISTR,0.14,136968.124,4,4,136968.122,0.0,0.0,0.0,0.002,978343.742857
1677258,IT,FR,FINAN,DAIRY,1.78,136964.85,4,4,136964.846,0.0,0.0,0.0,0.004,76946.544944
1725049,IT,RO,OILSE,MEATC,0.1,136961.363,5,5,136960.357,0.0,1.0,0.0,0.006,1369613.63
1661832,IT,DK,PAPER,MEATP,0.53,136956.83,5,5,136955.816,0.0,1.0,0.0,0.014,258409.113208
1713391,IT,MT,LIQUE,COMPU,0.24,136933.087,4,4,136933.076,0.0,0.0,0.0,0.011,570554.529167
1658176,IT,DE,ALUM1,RAILW,0.24,136926.617,4,4,136926.606,0.0,0.0,0.0,0.011,570527.570833
1755583,IT,KR,CHEM1,SEACO,0.29,136922.105,4,4,136922.09,0.0,0.0,0.0,0.015,472145.189655
1775910,IT,TR,FOOD5,POULT,0.66,136906.761,5,5,136905.749,0.0,1.0,0.0,0.012,207434.486364
1727262,IT,RO,SUPPO,SUPPO,0.98,136905.282,4,4,136905.275,0.0,0.0,0.0,0.007,139699.267347
1680967,IT,GR,INLAN,GASDI,0.22,136904.223,4,4,136904.214,0.0,0.0,0.0,0.009,622291.922727
1663268,IT,DK,SEACO,MOTO1,0.14,136890.938,4,4,136890.936,0.0,0.0,0.0,0.002,977792.414286
1747106,IT,JP,FURNI,REALE,0.44,136889.021,4,4,136889.009,0.0,0.0,0.0,0.012,311111.411364
1661992,IT,DK,PLAST,FISHF,0.29,136876.776,4,4,136876.762,0.0,0.0,0.0,0.014,471988.882759
1728148,IT,SE,DAIRY,BEVER,0.56,136862.488,5,5,136861.479,0.0,1.0,0.0,0.009,244397.3
1753318,IT,CA,BASIC,ALUM1,0.16,136856.995,4,4,136856.986,0.0,0.0,0.0,0.009,855356.21875
1732670,IT,SI,CERAM,TEXTI,0.21,136852.59,5,5,136851.583,0.0,0.0,1.0,0.007,651679.0
1742962,IT,US,MACHI,AUXIL,0.76,136835.095,4,4,136835.084,0.0,0.0,0.0,0.011,180046.177632
1800721,IT,WE,CEMEN,BUSIN,0.22,136830.016,5,5,136829.01,0.0,0.0,1.0,0.006,621954.618182
1641560,IT,AT,HEAVY,POSTT,0.22,136822.301,4,4,136822.29,0.0,0.0,0.0,0.011,621919.55
1647626,IT,BE,POSTT,COMPU,2.25,136812.031,4,4,136812.021,0.0,0.0,0.0,0.01,60805.347111
1689094,IT,IE,FURNI,COMPU,0.44,136811.522,4,4,136811.51,0.0,0.0,0.0,0.012,310935.277273
1774212,IT,CH,RETA1,GLASS,1.43,136804.251,4,4,136804.242,0.0,0.0,0.0,0.009,95667.308392
1776615,IT,TR,GASDI,CERAM,0.2,136800.775,4,4,136800.764,0.0,0.0,0.0,0.011,684003.875
1729239,IT,SE,CERAM,RENTI,0.21,136788.935,5,5,136787.928,0.0,0.0,1.0,0.007,651375.880952
1729214,IT,SE,CERAM,MOTO1,0.21,136780.782,5,5,136779.775,0.0,0.0,1.0,0.007,651337.057143
1787279,IT,WA,VEGET,REALE,0.48,136767.152,5,5,136766.147,0.0,1.0,0.0,0.005,284931.566667
1669018,IT,ES,SUPPO,FOOD5,0.98,136760.788,4,4,136760.781,0.0,0.0,0.0,0.007,139551.82449
1742703,IT,US,FABRI,WHEAT,0.56,136760.16,4,4,136760.15,0.0,0.0,0.0,0.01,244214.571429
1732785,IT,SI,NONME,WHOLE,0.28,136750.261,4,4,136750.246,0.0,0.0,0.0,0.015,488393.789286
1689153,IT,IE,SALEM,RETA1,1.1,136747.113,4,4,136747.104,0.0,0.0,0.0,0.009,124315.557273
1801015,IT,WE,LEAD1,WEARI,0.24,136746.921,5,5,136745.909,0.0,0.0,1.0,0.012,569778.8375
1725599,IT,RO,WOODW,MOTO1,0.38,136745.161,5,5,136744.152,0.0,1.0,0.0,0.009,359855.686842
1656044,IT,DE,BEVER,SUGA1,0.58,136744.424,4,4,136744.415,0.0,0.0,0.0,0.009,235766.248276
1668554,IT,ES,HOTEL,DISTR,0.99,136722.865,4,4,136722.855,0.0,0.0,0.0,0.01,138103.90404
1811106,IT,WM,HEAVY,HEALT,0.22,136713.619,4,4,136713.608,0.0,0.0,0.0,0.011,621425.540909
1659411,IT,DE,WHOLE,NONME,1.18,136712.908,4,4,136712.9,0.0,0.0,0.0,0.008,115858.39661
1785583,IT,ZA,GASDI,SANDC,0.2,136701.503,4,4,136701.492,0.0,0.0,0.0,0.011,683507.515
1798253,IT,WE,VEGET,BUSIN,0.48,136691.542,5,5,136690.537,0.0,1.0,0.0,0.005,284774.045833
1767735,IT,RU,FINAN,FINAN,1.78,136690.841,4,4,136690.837,0.0,0.0,0.0,0.004,76792.607303
1720585,IT,PL,OFFIC,EDUCA,0.42,136686.488,4,4,136686.478,0.0,0.0,0.0,0.01,325444.019048
1714562,IT,NL,CRUDE,POSTT,0.27,136678.061,4,4,136678.049,0.0,0.0,0.0,0.012,506215.040741
1750375,IT,CN,FABRI,NONF1,0.56,136669.759,4,4,136669.749,0.0,0.0,0.0,0.01,244053.141071
1764800,IT,MX,LANDT,FURNI,0.88,136667.636,4,4,136667.63,0.0,0.0,0.0,0.006,155304.131818
1717068,IT,NL,LANDT,POSTT,0.88,136664.803,4,4,136664.797,0.0,0.0,0.0,0.006,155300.9125
1662057,IT,DK,CHEM1,WEARI,0.29,136663.527,4,4,136663.512,0.0,0.0,0.0,0.015,471253.541379
1682216,IT,HR,WEARI,HOTEL,1.03,136656.742,4,4,136656.716,0.0,0.0,0.0,0.026,132676.448544
1657579,IT,DE,GLASS,RADIO,0.38,136654.064,5,5,136653.056,0.0,0.0,1.0,0.008,359615.957895
1785643,IT,ZA,HEAVY,WOODW,0.22,136652.108,4,4,136652.097,0.0,0.0,0.0,0.011,621145.945455
1682463,IT,HR,PAPER,INSUR,0.53,136641.956,5,5,136640.943,0.0,1.0,0.0,0.013,257815.011321
1641864,IT,AT,BIODI,VEGET,0.28,136630.115,4,4,136630.1,0.0,0.0,0.0,0.015,487964.696429
1649881,IT,BG,FABRI,OILSE,0.56,136629.801,4,4,136629.791,0.0,0.0,0.0,0.01,243981.7875
1807090,IT,WF,SEACO,SALEM,0.14,136593.157,4,4,136593.155,0.0,0.0,0.0,0.002,975665.407143
1733650,IT,SI,HOTEL,RETA1,0.99,136592.861,4,4,136592.851,0.0,0.0,0.0,0.01,137972.586869
1683627,IT,HR,FABRI,WEARI,0.56,136575.631,4,4,136575.621,0.0,0.0,0.0,0.01,243885.055357
1801289,IT,WE,MACHI,LEADZ,0.76,136571.94,4,4,136571.929,0.0,0.0,0.0,0.011,179699.921053
1684930,IT,HU,CHEMI,EDUCA,0.33,136561.275,5,5,136554.262,0.0,0.0,7.0,0.013,413822.045455
1710904,IT,LU,GASDI,WASTE,0.2,136552.666,4,4,136552.655,0.0,0.0,0.0,0.011,682763.33
1763317,IT,MX,PAPER,CONST,0.53,136548.394,5,5,136547.381,0.0,1.0,0.0,0.013,257638.479245
1750606,IT,CN,OFFIC,ELEC4,0.42,136542.895,4,4,136542.885,0.0,0.0,0.0,0.01,325102.130952
1685450,IT,HU,WOODW,MACHI,0.38,136519.975,5,5,136518.966,0.0,1.0,0.0,0.009,359263.092105
1722807,IT,PT,PAPER,DIST1,0.53,136508.886,5,5,136507.873,0.0,1.0,0.0,0.013,257563.935849
1646134,IT,BE,PREC1,MACHI,0.23,136508.189,4,4,136508.183,0.0,0.0,0.0,0.006,593513.865217
1666448,IT,ES,NONSP,KERO1,0.18,136508.073,4,4,136508.066,0.0,0.0,0.0,0.007,758378.183333
1641731,IT,AT,CHEM1,WHEAT,0.29,136501.077,4,4,136501.062,0.0,0.0,0.0,0.015,470693.368966
1764299,IT,MX,MACHI,WASTE,0.76,136500.626,4,4,136500.615,0.0,0.0,0.0,0.011,179606.086842
1804312,IT,WF,MOTOR,NONME,0.2,136483.43,4,4,136483.419,0.0,0.0,0.0,0.011,682417.15
1653190,IT,CZ,CHEM1,MEMBE,0.29,136479.765,4,4,136479.75,0.0,0.0,0.0,0.015,470619.87931
1784303,IT,ID,CHEM1,LANDT,0.29,136471.291,4,4,136471.276,0.0,0.0,0.0,0.015,470590.658621
1654290,IT,CZ,ELEC1,OFFIC,0.02,136464.172,4,4,136464.163,0.0,0.0,0.0,0.009,6823208.6
1654543,IT,CZ,HOTEL,RETA1,0.99,136441.122,4,4,136441.112,0.0,0.0,0.0,0.01,137819.315152
1723720,IT,PT,MACHI,COLLE,0.76,136433.848,4,4,136433.837,0.0,0.0,0.0,0.011,179518.221053
1739901,IT,GB,FINAN,RENTI,1.78,136430.735,4,4,136430.731,0.0,0.0,0.0,0.004,76646.480337
1798469,IT,WE,NATUR,FURNI,0.19,136426.269,4,4,136426.26,0.0,0.0,0.0,0.009,718032.994737
1679783,IT,GR,PREC1,FABRI,0.23,136390.013,4,4,136390.007,0.0,0.0,0.0,0.006,593000.056522
1744400,IT,US,INSUR,HEALT,2.81,136375.359,4,4,136375.353,0.0,0.0,0.0,0.006,48532.156228
1780274,IT,TW,LANDT,OFFIC,0.88,136369.115,4,4,136369.109,0.0,0.0,0.0,0.006,154964.903409
1769547,IT,AU,ALUM1,ELECT,0.24,136354.486,4,4,136354.475,0.0,0.0,0.0,0.011,568143.691667
1643534,IT,AT,TRAN2,SUPPO,0.21,136353.026,4,4,136353.022,0.0,0.0,0.0,0.004,649300.12381
1674772,IT,FR,CERAM,FOODW,0.21,136350.66,5,5,136349.653,0.0,0.0,1.0,0.007,649288.857143
1725055,IT,RO,OILSE,PROCE,0.1,136347.928,5,5,136346.922,0.0,1.0,0.0,0.006,1363479.28
1799747,IT,WE,KEROS,LEAD1,0.2,136345.806,4,4,136345.795,0.0,0.0,0.0,0.011,681729.03
1772381,IT,CH,CHEM1,WEARI,0.28,136328.853,4,4,136328.838,0.0,0.0,0.0,0.015,486888.760714
1655470,IT,DE,FISHF,MEDIC,0.23,136318.771,4,4,136318.766,0.0,0.0,0.0,0.005,592690.308696
1806187,IT,WF,MACHI,SUGAR,0.76,136311.448,4,4,136311.437,0.0,0.0,0.0,0.011,179357.168421
1735043,IT,SK,CHEM1,VEGET,0.28,136299.351,4,4,136299.336,0.0,0.0,0.0,0.015,486783.396429
1811255,IT,WM,BITU1,NATU1,0.21,136250.68,4,4,136250.669,0.0,0.0,0.0,0.011,648812.761905
1795615,IT,WL,FABRI,NATU1,0.55,136247.991,4,4,136247.981,0.0,0.0,0.0,0.01,247723.62
1785223,IT,ZA,TEXTI,VEGET,0.81,136247.045,4,4,136247.027,0.0,0.0,0.0,0.018,168206.228395
1814542,IT,WM,BUSIN,NATU1,1.4,136244.69,4,4,136244.681,0.0,0.0,0.0,0.009,97317.635714
1732958,IT,SI,ALUM1,ELEC3,0.24,136240.85,4,4,136240.839,0.0,0.0,0.0,0.011,567670.208333
1640763,IT,AT,TEXTI,SALEM,0.81,136234.578,4,4,136234.56,0.0,0.0,0.0,0.018,168190.837037
1640506,IT,AT,PROCE,HOTEL,0.92,136215.583,5,5,136214.575,0.0,1.0,0.0,0.008,148060.416304
1645526,IT,BE,PLAST,MEDIC,0.29,136199.178,4,4,136199.164,0.0,0.0,0.0,0.014,469652.337931
1714145,IT,MT,AIRTR,COMPU,0.15,136190.695,4,4,136190.691,0.0,0.0,0.0,0.004,907937.966667
1800524,IT,WE,RUBBE,ALUM1,0.45,136167.054,4,4,136167.042,0.0,0.0,0.0,0.012,302593.453333
1783708,IT,NO,FOOD4,ALUM1,0.99,136163.617,4,4,136163.608,0.0,0.0,0.0,0.009,137539.007071
1731897,IT,SI,COKEO,CEMEN,0.02,136159.098,3,3,136159.098,0.0,0.0,0.0,0.0,6807954.9
1739093,IT,GB,WHOLE,WOODW,1.18,136156.866,4,4,136156.858,0.0,0.0,0.0,0.008,115387.174576
1659377,IT,DE,WHOLE,PIGS9,1.18,136153.884,4,4,136153.876,0.0,0.0,0.0,0.008,115384.647458
1811568,IT,WM,PFERT,EDUCA,0.06,136146.897,4,4,136146.875,0.0,0.0,0.0,0.022,2269114.95
1767542,IT,RU,AIRTR,FABRI,0.15,136135.169,4,4,136135.165,0.0,0.0,0.0,0.004,907567.793333
1719131,IT,PL,PLAST,BEVER,0.29,136115.931,4,4,136115.917,0.0,0.0,0.0,0.014,469365.27931
1788305,IT,WA,LEATH,TRANS,0.97,136115.022,5,5,136113.998,0.0,1.0,0.0,0.024,140324.764948
1721404,IT,PL,SEACO,RETA1,0.14,136113.241,4,4,136113.239,0.0,0.0,0.0,0.002,972237.435714
1650216,IT,BG,TRANS,PUBLI,0.81,136105.123,4,4,136105.116,0.0,0.0,0.0,0.007,168031.016049
1762213,IT,IN,SEACO,MEDIC,0.14,136097.184,4,4,136097.182,0.0,0.0,0.0,0.002,972122.742857
1790087,IT,WA,BASIC,SUGA1,0.16,136096.417,4,4,136096.408,0.0,0.0,0.0,0.009,850602.60625
1675630,IT,FR,MOTO1,FOODW,0.72,136087.836,4,4,136087.827,0.0,0.0,0.0,0.009,189010.883333
1726604,IT,RO,MOTO1,BEVER,0.72,136083.549,4,4,136083.54,0.0,0.0,0.0,0.009,189004.929167
1761529,IT,IN,LEAD1,CHEM1,0.24,136067.321,5,5,136066.31,0.0,0.0,1.0,0.011,566947.170833
1682169,IT,HR,TEXTI,FOOD4,0.81,136055.91,4,4,136055.892,0.0,0.0,0.0,0.018,167970.259259
1681045,IT,GR,AIRTR,BUSIN,0.15,136055.448,4,4,136055.444,0.0,0.0,0.0,0.004,907036.32
1741177,IT,US,LEATH,RETA1,0.97,136052.139,5,5,136051.115,0.0,1.0,0.0,0.024,140259.937113
1750693,IT,CN,MOTO1,ELEC1,0.72,136050.177,4,4,136050.168,0.0,0.0,0.0,0.009,188958.579167
1744100,IT,US,SUPPO,PLAST,0.98,136033.605,4,4,136033.598,0.0,0.0,0.0,0.007,138809.80102
1756032,IT,KR,NONF1,DISTR,0.03,136028.278,3,3,136028.278,0.0,0.0,0.0,0.0,4534275.933333
1710969,IT,LU,GLASS,CHEM1,0.37,136020.689,5,5,136019.681,0.0,0.0,1.0,0.008,367623.483784
1766122,IT,RU,RUBBE,BASIC,0.45,135981.137,4,4,135981.125,0.0,0.0,0.0,0.012,302180.304444
1773434,IT,CH,OFFIC,RUBBE,0.42,135954.591,4,4,135954.581,0.0,0.0,0.0,0.01,323701.407143
1677192,IT,FR,POSTT,DIST1,2.24,135952.618,4,4,135952.608,0.0,0.0,0.0,0.01,60693.133036
1801625,IT,WE,TRANS,93197,0.81,135952.537,4,4,135952.53,0.0,0.0,0.0,0.007,167842.638272
1735337,IT,SK,CERAM,BUSIN,0.21,135944.678,5,5,135943.671,0.0,0.0,1.0,0.007,647355.609524
1784007,IT,ID,BEVER,HOTEL,0.58,135935.415,4,4,135935.406,0.0,0.0,0.0,0.009,234371.405172
1713065,IT,MT,VEGE1,HOTEL,0.42,135934.513,5,5,135933.483,0.0,1.0,0.0,0.03,323653.602381
1671945,IT,FI,LANDT,GASDI,0.88,135931.764,4,4,135931.758,0.0,0.0,0.0,0.006,154467.913636
1776577,IT,TR,GASDI,FISHF,0.2,135905.593,4,4,135905.582,0.0,0.0,0.0,0.011,679527.965
1738566,IT,GB,FABRI,PLAST,0.55,135887.688,4,4,135887.678,0.0,0.0,0.0,0.01,247068.523636
1643711,IT,AT,SUPPO,CEMEN,0.98,135881.447,4,4,135881.44,0.0,0.0,0.0,0.007,138654.537755
1785962,IT,ZA,RUBBE,RADIO,0.45,135869.143,4,4,135869.131,0.0,0.0,0.0,0.012,301931.428889
1641509,IT,AT,HEAVY,FOOD5,0.22,135851.401,4,4,135851.39,0.0,0.0,0.0,0.011,617506.368182
1657859,IT,DE,BASIC,CEREA,0.16,135837.08,4,4,135837.071,0.0,0.0,0.0,0.009,848981.75
1726912,IT,RO,HOTEL,CROPS,0.98,135832.846,4,4,135832.836,0.0,0.0,0.0,0.01,138604.944898
1754077,IT,CA,AIRTR,VEGE1,0.15,135832.312,4,4,135832.308,0.0,0.0,0.0,0.004,905548.746667
1673290,IT,FR,TEXTI,CATTL,0.8,135826.405,4,4,135826.387,0.0,0.0,0.0,0.018,169783.00625
1787920,IT,WA,BEVER,RETA1,0.58,135826.278,4,4,135826.269,0.0,0.0,0.0,0.009,234183.237931
1806207,IT,WF,MACHI,COPPE,0.76,135824.639,4,4,135824.628,0.0,0.0,0.0,0.011,178716.630263
1712635,IT,LV,MOTO1,SALEM,0.72,135782.446,4,4,135782.437,0.0,0.0,0.0,0.009,188586.730556
1774331,IT,CH,HOTEL,BASIC,0.98,135772.473,4,4,135772.463,0.0,0.0,0.0,0.01,138543.339796
1769435,IT,AU,NONME,CERAM,0.27,135768.276,4,4,135768.261,0.0,0.0,0.0,0.015,502845.466667
1757798,IT,BR,PLAST,WHOLE,0.28,135765.335,4,4,135765.321,0.0,0.0,0.0,0.014,484876.196429
1755476,IT,KR,PLAST,FABRI,0.28,135756.608,4,4,135756.594,0.0,0.0,0.0,0.014,484845.028571
1766550,IT,RU,COPP1,RADIO,0.34,135751.21,4,4,135751.203,0.0,0.0,0.0,0.007,399268.264706
1756787,IT,KR,AIRTR,LANDT,0.15,135747.816,4,4,135747.812,0.0,0.0,0.0,0.004,904985.44
1666759,IT,ES,RUBBE,ALUM1,0.45,135743.724,4,4,135743.712,0.0,0.0,0.0,0.012,301652.72
1802384,IT,WE,SEACO,SUPPO,0.14,135742.137,4,4,135742.135,0.0,0.0,0.0,0.002,969586.692857
1744754,IT,US,RESEA,PAPER,0.74,135739.142,4,4,135739.132,0.0,0.0,0.0,0.01,183431.272973
1752554,IT,CA,BEVER,DAIRY,0.58,135729.055,4,4,135729.046,0.0,0.0,0.0,0.009,234015.612069
1721475,IT,PL,AIRTR,HEALT,0.15,135722.164,4,4,135722.16,0.0,0.0,0.0,0.004,904814.426667
1801058,IT,WE,COPP1,PAPER,0.34,135714.884,4,4,135714.877,0.0,0.0,0.0,0.007,399161.423529
1748759,IT,CN,BEVER,RECRE,0.58,135708.334,4,4,135708.325,0.0,0.0,0.0,0.009,233979.886207
1769917,IT,AU,MOTO1,ELECT,0.72,135684.535,4,4,135684.526,0.0,0.0,0.0,0.009,188450.743056
1752108,IT,CN,BUSIN,ALUM1,1.39,135665.028,4,4,135665.019,0.0,0.0,0.0,0.009,97600.739568
1679436,IT,GR,CHEM1,MEATC,0.28,135661.391,4,4,135661.376,0.0,0.0,0.0,0.015,484504.967857
1772422,IT,CH,CHEM1,ELEC4,0.28,135661.372,4,4,135661.357,0.0,0.0,0.0,0.015,484504.9
1667140,IT,ES,BASIC,CERAM,0.16,135656.533,4,4,135656.524,0.0,0.0,0.0,0.009,847853.33125
1690220,IT,IE,BUSIN,AIRTR,1.39,135652.025,4,4,135652.016,0.0,0.0,0.0,0.009,97591.384892
1810498,IT,WM,PAPER,VEGE1,0.53,135647.11,5,5,135646.097,0.0,1.0,0.0,0.013,255937.943396
1791206,IT,WA,FURNI,GLASS,0.43,135637.312,4,4,135637.3,0.0,0.0,0.0,0.012,315435.609302
1789549,IT,WA,ADDIT,FOOD3,0.31,135630.277,5,5,135629.266,0.0,1.0,0.0,0.011,437517.022581
1675401,IT,FR,MACHI,ELECT,0.76,135624.186,4,4,135624.175,0.0,0.0,0.0,0.011,178452.876316
1742053,IT,US,RUBBE,NATUR,0.45,135623.305,4,4,135623.293,0.0,0.0,0.0,0.012,301385.122222
1761048,IT,IN,PLAST,BASIC,0.28,135622.37,4,4,135622.356,0.0,0.0,0.0,0.014,484365.607143
1711107,IT,LU,LEAD1,LEAD1,0.24,135622.262,5,5,135621.251,0.0,0.0,1.0,0.011,565092.758333
1810591,IT,WM,PRINT,PRINT,1.3,135619.539,4,4,135619.529,0.0,0.0,0.0,0.01,104322.722308
1774722,IT,CH,SUPPO,OFFIC,0.97,135609.106,4,4,135609.099,0.0,0.0,0.0,0.007,139803.202062
1792468,IT,WA,AUXIL,INSUR,2.48,135608.874,4,4,135608.867,0.0,0.0,0.0,0.007,54680.997581
1813958,IT,WM,SEACO,FISHF,0.14,135603.894,4,4,135603.892,0.0,0.0,0.0,0.002,968599.242857
1772763,IT,CH,NONME,FOOD5,0.27,135597.189,4,4,135597.174,0.0,0.0,0.0,0.015,502211.811111
1723415,IT,PT,BASIC,SUPPO,0.16,135595.516,4,4,135595.507,0.0,0.0,0.0,0.009,847471.975
1655826,IT,DE,VEGE1,RUBBE,0.42,135580.281,5,5,135579.252,0.0,1.0,0.0,0.029,322810.192857
1683300,IT,HR,CEMEN,RETA1,0.22,135576.774,5,5,135575.768,0.0,0.0,1.0,0.006,616258.063636
1662567,IT,DK,FABRI,CHEM1,0.55,135575.735,4,4,135575.725,0.0,0.0,0.0,0.01,246501.336364
1810127,IT,WM,WEARI,NATUR,1.02,135567.263,4,4,135567.237,0.0,0.0,0.0,0.026,132909.081373
1676498,IT,FR,RETA1,INSUR,1.42,135550.221,4,4,135550.212,0.0,0.0,0.0,0.009,95457.902113
1680877,IT,GR,LANDT,NAPHT,0.87,135545.827,4,4,135545.821,0.0,0.0,0.0,0.006,155799.801149
1777751,IT,TR,NONF1,DISTR,0.03,135545.079,3,3,135545.079,0.0,0.0,0.0,0.0,4518169.3
1684292,IT,HR,AIRTR,RETA1,0.15,135519.042,4,4,135519.038,0.0,0.0,0.0,0.004,903460.28
1668935,IT,ES,AIRTR,PRINT,0.15,135491.384,4,4,135491.38,0.0,0.0,0.0,0.004,903275.893333
1766310,IT,RU,NONME,FOOD5,0.27,135488.502,4,4,135488.487,0.0,0.0,0.0,0.015,501809.266667
1716771,IT,NL,RETA1,TRANS,1.41,135486.113,4,4,135486.104,0.0,0.0,0.0,0.009,96089.441844
1737974,IT,GB,CHEM1,RAILW,0.28,135477.316,4,4,135477.301,0.0,0.0,0.0,0.015,483847.557143
1814109,IT,WM,AIRTR,NONME,0.15,135476.95,4,4,135476.946,0.0,0.0,0.0,0.004,903179.666667
1789016,IT,WA,NAPHT,BEVER,0.23,135473.936,4,4,135473.926,0.0,0.0,0.0,0.01,589017.113043
1642376,IT,AT,BASIC,EDUCA,0.16,135471.103,4,4,135471.094,0.0,0.0,0.0,0.009,846694.39375
1713646,IT,MT,ALUM1,RADIO,0.24,135461.253,4,4,135461.242,0.0,0.0,0.0,0.011,564421.8875
1803872,IT,WF,TEXTI,MEMBE,0.8,135454.283,4,4,135454.265,0.0,0.0,0.0,0.018,169317.85375
1673363,IT,FR,TEXTI,INTER,0.8,135451.396,4,4,135451.378,0.0,0.0,0.0,0.018,169314.245
1750340,IT,CN,FABRI,MEATP,0.55,135448.015,4,4,135448.005,0.0,0.0,0.0,0.01,246269.118182
1760606,IT,IN,WOODW,MOTO1,0.38,135445.946,5,5,135444.937,0.0,1.0,0.0,0.009,356436.7
1718772,IT,PL,PAPER,COPPE,0.52,135437.413,5,5,135436.4,0.0,1.0,0.0,0.013,260456.563462
1795033,IT,WL,ADDIT,REFI1,0.31,135436.428,5,5,135435.417,0.0,1.0,0.0,0.011,436891.703226
1761047,IT,IN,PLAST,NONME,0.28,135435.747,4,4,135435.733,0.0,0.0,0.0,0.014,483699.096429
1743143,IT,US,MOTO1,DIST1,0.72,135431.001,4,4,135430.992,0.0,0.0,0.0,0.009,188098.6125
1798335,IT,WE,CROPS,PUBLI,1.07,135423.003,4,4,135422.996,0.0,0.0,0.0,0.007,126563.554206
1766586,IT,RU,NONF1,TRANS,0.03,135419.944,3,3,135419.944,0.0,0.0,0.0,0.0,4513998.133333
1771614,IT,CH,TEXTI,MEMBE,0.8,135415.114,4,4,135415.096,0.0,0.0,0.0,0.018,169268.8925
1652326,IT,CZ,BEVER,REALE,0.58,135414.134,4,4,135414.125,0.0,0.0,0.0,0.009,233472.644828
1785827,IT,ZA,CHEM1,ALUM1,0.28,135392.103,4,4,135392.088,0.0,0.0,0.0,0.015,483543.225
1750160,IT,CN,ALUM1,FOOD5,0.24,135388.879,4,4,135388.868,0.0,0.0,0.0,0.011,564120.329167
1782952,IT,NO,AIRTR,WHOLE,0.15,135385.287,4,4,135385.283,0.0,0.0,0.0,0.004,902568.58
1805617,IT,WF,NONME,ALUMI,0.27,135383.359,4,4,135383.344,0.0,0.0,0.0,0.015,501419.848148
1778837,IT,TR,LANDT,BUSIN,0.87,135381.66,4,4,135381.654,0.0,0.0,0.0,0.006,155611.103448
1650265,IT,BG,ELEC1,PAPER,0.02,135359.558,4,4,135359.549,0.0,0.0,0.0,0.009,6767977.9
1778047,IT,TR,OFFIC,WHOLE,0.42,135356.605,4,4,135356.595,0.0,0.0,0.0,0.01,322277.630952
1803732,IT,WF,FISH5,FOOD5,0.57,135352.395,4,4,135352.325,0.0,0.0,0.0,0.07,237460.342105
1799138,IT,WE,WEARI,PFERT,1.02,135330.425,4,4,135330.399,0.0,0.0,0.0,0.026,132676.887255
1685801,IT,HU,PLAST,RETA1,0.28,135329.511,4,4,135329.497,0.0,0.0,0.0,0.014,483319.682143
1723563,IT,PT,FABRI,MEATP,0.55,135306.467,4,4,135306.457,0.0,0.0,0.0,0.01,246011.758182
1719859,IT,PL,BASIC,EDUCA,0.16,135300.466,4,4,135300.457,0.0,0.0,0.0,0.009,845627.9125
1715777,IT,NL,BIODI,REALE,0.28,135295.569,4,4,135295.554,0.0,0.0,0.0,0.015,483198.460714
1726957,IT,RO,HOTEL,PLAST,0.98,135285.205,4,4,135285.195,0.0,0.0,0.0,0.01,138046.127551
1809597,IT,WM,VEGE1,AUXIL,0.42,135283.794,5,5,135282.765,0.0,1.0,0.0,0.029,322104.271429
1643605,IT,AT,AIRTR,KEROS,0.15,135276.318,4,4,135276.314,0.0,0.0,0.0,0.004,901842.12
1772278,IT,CH,NAPHT,ELECT,0.23,135266.561,4,4,135266.551,0.0,0.0,0.0,0.01,588115.482609
1758638,IT,BR,TRANS,SUPPO,0.81,135266.373,4,4,135266.366,0.0,0.0,0.0,0.007,166995.522222
1740204,IT,GB,BUSIN,MOTOR,1.39,135266.339,4,4,135266.33,0.0,0.0,0.0,0.009,97313.91295
1726395,IT,RO,NONF1,ELEC5,0.03,135265.859,3,3,135265.859,0.0,0.0,0.0,0.0,4508861.966667
1677776,IT,FR,COMPU,OFFIC,1.54,135263.392,4,4,135263.383,0.0,0.0,0.0,0.009,87833.371429
1752642,IT,CA,TEXTI,RETA1,0.8,135261.093,4,4,135261.075,0.0,0.0,0.0,0.018,169076.36625
1746628,IT,JP,ALUM1,TRANS,0.24,135258.394,4,4,135258.383,0.0,0.0,0.0,0.011,563576.641667
1807717,IT,WF,BUSIN,SUPPO,1.39,135241.271,4,4,135241.262,0.0,0.0,0.0,0.009,97295.878417
1654159,IT,CZ,MOTO1,GLASS,0.72,135232.697,4,4,135232.688,0.0,0.0,0.0,0.009,187823.190278
1757499,IT,BR,PAPER,HEALT,0.52,135232.499,5,5,135231.486,0.0,1.0,0.0,0.013,260062.498077
1683585,IT,HR,COPP1,SECO9,0.34,135231.39,4,4,135231.383,0.0,0.0,0.0,0.007,397739.382353
1650308,IT,BG,ELEC2,HYDRO,0.03,135223.758,4,4,135223.744,0.0,0.0,0.0,0.014,4507458.6
1764282,IT,MX,MACHI,SEACO,0.75,135212.623,4,4,135212.612,0.0,0.0,0.0,0.011,180283.497333
1763914,IT,MX,BASIC,PAPER,0.16,135212.452,4,4,135212.443,0.0,0.0,0.0,0.009,845077.825
1812942,IT,WM,MACHI,TOBAC,0.75,135196.044,4,4,135196.033,0.0,0.0,0.0,0.011,180261.392
1662692,IT,DK,MACHI,TRAN2,0.75,135183.911,4,4,135183.9,0.0,0.0,0.0,0.011,180245.214667
1682516,IT,HR,COKEO,DAIRY,0.02,135182.765,3,3,135182.765,0.0,0.0,0.0,0.0,6759138.25
1676706,IT,FR,RAILW,RETA1,0.9,135182.125,5,5,135181.119,0.0,0.0,1.0,0.006,150202.361111
1641982,IT,AT,RUBBE,NONME,0.45,135180.368,4,4,135180.356,0.0,0.0,0.0,0.012,300400.817778
1741144,IT,US,WEARI,RECRE,1.02,135178.975,4,4,135178.949,0.0,0.0,0.0,0.026,132528.406863
1649565,IT,BG,RUBBE,SALEM,0.45,135175.751,4,4,135175.739,0.0,0.0,0.0,0.012,300390.557778
1680289,IT,GR,FURNI,SALEM,0.43,135170.539,4,4,135170.527,0.0,0.0,0.0,0.012,314350.090698
1645080,IT,BE,PAPER,MOTO1,0.52,135160.974,5,5,135159.961,0.0,1.0,0.0,0.013,259924.95
1735172,IT,SK,RUBBE,PAPER,0.45,135155.655,4,4,135155.643,0.0,0.0,0.0,0.012,300345.9
1658332,IT,DE,NONF1,MOTOR,0.03,135145.696,3,3,135145.696,0.0,0.0,0.0,0.0,4504856.533333
1717869,IT,PL,VEGET,CONST,0.48,135136.243,5,5,135135.238,0.0,1.0,0.0,0.005,281533.839583
1718573,IT,PL,WEARI,PUBLI,1.02,135134.062,4,4,135134.036,0.0,0.0,0.0,0.026,132484.37451
1673325,IT,FR,TEXTI,NONME,0.8,135133.82,4,4,135133.802,0.0,0.0,0.0,0.018,168917.275
1766267,IT,RU,CERAM,ELECT,0.21,135130.283,5,5,135129.276,0.0,0.0,1.0,0.007,643477.538095
1668896,IT,ES,SEACO,MOTO1,0.14,135129.242,4,4,135129.24,0.0,0.0,0.0,0.002,965208.871429
1683178,IT,HR,GLASS,CHEM1,0.37,135123.092,5,5,135122.084,0.0,0.0,1.0,0.008,365197.545946
1720307,IT,PL,FABRI,COPP1,0.55,135107.74,4,4,135107.73,0.0,0.0,0.0,0.01,245650.436364
1800396,IT,WE,CHEM1,AIRTR,0.28,135104.452,4,4,135104.437,0.0,0.0,0.0,0.015,482515.9
1791028,IT,WA,TRANS,VEGET,0.81,135100.152,4,4,135100.145,0.0,0.0,0.0,0.007,166790.311111
1731834,IT,SI,PAPER,HEALT,0.52,135097.485,5,5,135096.472,0.0,1.0,0.0,0.013,259802.855769
1801491,IT,WE,MOTO1,COPP1,0.72,135084.995,4,4,135084.986,0.0,0.0,0.0,0.009,187618.048611
1652461,IT,CZ,WEARI,FORES,1.02,135083.445,4,4,135083.419,0.0,0.0,0.0,0.026,132434.75
1789207,IT,WA,PLAST,BRICK,0.28,135082.887,4,4,135082.873,0.0,0.0,0.0,0.014,482438.882143
1719715,IT,PL,NONME,FURNI,0.27,135081.847,4,4,135081.832,0.0,0.0,0.0,0.015,500303.137037
1711496,IT,LU,SUPPO,AIRTR,0.97,135065.846,4,4,135065.839,0.0,0.0,0.0,0.007,139243.140206
1674090,IT,FR,HEAVY,OILSE,0.22,135061.504,4,4,135061.493,0.0,0.0,0.0,0.011,613915.927273
1749357,IT,CN,PRINT,CONST,1.3,135060.469,4,4,135060.459,0.0,0.0,0.0,0.01,103892.668462
1658414,IT,DE,FABRI,KEROS,0.55,135060.176,4,4,135060.166,0.0,0.0,0.0,0.01,245563.956364
1773285,IT,CH,MACHI,CATTL,0.75,135057.389,4,4,135057.378,0.0,0.0,0.0,0.011,180076.518667
1806406,IT,WF,MOTO1,INSUR,0.72,135048.836,4,4,135048.827,0.0,0.0,0.0,0.009,187567.827778
1810733,IT,WM,MOTOR,RETAI,0.2,135045.158,4,4,135045.147,0.0,0.0,0.0,0.011,675225.79
1680508,IT,GR,ELEC6,SUPPO,0.02,135042.234,4,4,135042.212,0.0,0.0,0.0,0.022,6752111.7
1776621,IT,TR,GASDI,MACHI,0.2,135034.177,4,4,135034.166,0.0,0.0,0.0,0.011,675170.885
1688303,IT,IE,MEATC,LANDT,0.45,135015.861,5,5,135013.852,0.0,2.0,0.0,0.009,300035.246667
1713491,IT,MT,RUBBE,RUBBE,0.45,135009.46,4,4,135009.448,0.0,0.0,0.0,0.012,300021.022222
1777534,IT,TR,BASIC,POSTT,0.16,135007.874,4,4,135007.865,0.0,0.0,0.0,0.009,843799.2125
1784039,IT,ID,TEXTI,FURNI,0.8,135002.19,4,4,135002.172,0.0,0.0,0.0,0.018,168752.7375
1729181,IT,SE,GLASS,OILHA,0.37,134989.718,5,5,134988.71,0.0,0.0,1.0,0.008,364837.075676
1722798,IT,PT,PAPER,MOTO1,0.52,134980.685,5,5,134979.672,0.0,1.0,0.0,0.013,259578.240385
1716899,IT,NL,HOTEL,INSUR,0.98,134974.71,4,4,134974.7,0.0,0.0,0.0,0.01,137729.295918
1799048,IT,WE,TEXTI,RADIO,0.8,134972.698,4,4,134972.68,0.0,0.0,0.0,0.018,168715.8725
1720285,IT,PL,FABRI,GASDI,0.55,134971.532,4,4,134971.522,0.0,0.0,0.0,0.01,245402.785455
1761581,IT,IN,NONF1,GLASS,0.03,134967.644,3,3,134967.644,0.0,0.0,0.0,0.0,4498921.466667
1667674,IT,ES,MACHI,MEDIC,0.75,134965.218,4,4,134965.207,0.0,0.0,0.0,0.011,179953.624
1793604,IT,WL,VEGE1,WHOLE,0.42,134951.584,5,5,134950.555,0.0,1.0,0.0,0.029,321313.295238
1729270,IT,SE,CEMEN,RADIO,0.22,134945.503,5,5,134944.497,0.0,0.0,1.0,0.006,613388.65
1804435,IT,WF,KERO1,EDUCA,0.19,134934.955,4,4,134934.944,0.0,0.0,0.0,0.011,710183.973684
1790063,IT,WA,BASIC,FISHF,0.16,134923.045,4,4,134923.036,0.0,0.0,0.0,0.009,843269.03125
1803696,IT,WF,BEVER,WHOLE,0.57,134922.719,4,4,134922.71,0.0,0.0,0.0,0.009,236706.524561
1647393,IT,BE,AIRTR,FOOD5,0.15,134918.3,4,4,134918.296,0.0,0.0,0.0,0.004,899455.333333
1733050,IT,SI,COPP1,OFFIC,0.34,134903.952,4,4,134903.945,0.0,0.0,0.0,0.007,396776.329412
1794012,IT,WL,WOODW,INSUR,0.38,134895.407,5,5,134894.398,0.0,1.0,0.0,0.009,354987.913158
1796442,IT,WL,WHOLE,REALE,1.17,134879.692,4,4,134879.684,0.0,0.0,0.0,0.008,115281.788034
1682870,IT,HR,NAPHT,CATTL,0.23,134871.555,4,4,134871.545,0.0,0.0,0.0,0.01,586398.065217
1735915,IT,SK,OFFIC,PUBLI,0.42,134863.854,4,4,134863.844,0.0,0.0,0.0,0.01,321104.414286
1777704,IT,TR,COPP1,FURNI,0.34,134863.491,4,4,134863.484,0.0,0.0,0.0,0.007,396657.326471
1779556,IT,TR,COMPU,PRINT,1.54,134844.821,4,4,134844.813,0.0,0.0,0.0,0.008,87561.572078
1743074,IT,US,MOTO1,RAWMI,0.72,134840.129,4,4,134840.12,0.0,0.0,0.0,0.009,187277.956944
1668988,IT,ES,AIRTR,RESEA,0.15,134834.01,4,4,134834.006,0.0,0.0,0.0,0.004,898893.4
1685642,IT,HU,KEROS,OFFIC,0.2,134833.952,4,4,134833.941,0.0,0.0,0.0,0.011,674169.76
1784273,IT,ID,CHEM1,NONME,0.28,134819.486,4,4,134819.471,0.0,0.0,0.0,0.015,481498.164286
1746455,IT,JP,GLASS,MEDIC,0.37,134814.56,5,5,134813.552,0.0,0.0,1.0,0.008,364363.675676
1758218,IT,BR,BASIC,PLAST,0.16,134800.767,4,4,134800.758,0.0,0.0,0.0,0.009,842504.79375
1640530,IT,AT,FOOD5,MEATC,0.65,134779.928,5,5,134778.916,0.0,1.0,0.0,0.012,207353.735385
1646689,IT,BE,FURNI,RETA1,0.43,134766.66,4,4,134766.648,0.0,0.0,0.0,0.012,313410.837209
1805515,IT,WF,CERAM,RADIO,0.21,134765.292,5,5,134764.285,0.0,0.0,1.0,0.007,641739.485714
1723676,IT,PT,MACHI,WOODW,0.75,134747.137,4,4,134747.126,0.0,0.0,0.0,0.011,179662.849333
1755397,IT,KR,KEROS,SUPPO,0.2,134744.809,4,4,134744.798,0.0,0.0,0.0,0.011,673724.045
1722564,IT,PT,BEVER,HEALT,0.57,134735.692,4,4,134735.683,0.0,0.0,0.0,0.009,236378.407018
1731545,IT,SI,TEXTI,DAIRY,0.8,134731.94,4,4,134731.922,0.0,0.0,0.0,0.018,168414.925
1773380,IT,CH,MACHI,EDUCA,0.75,134731.393,4,4,134731.382,0.0,0.0,0.0,0.011,179641.857333
1809981,IT,WM,FISH5,PUBLI,0.57,134728.791,4,4,134728.722,0.0,0.0,0.0,0.069,236366.3
1761488,IT,IN,PREC1,DIST1,0.23,134724.402,4,4,134724.396,0.0,0.0,0.0,0.006,585758.269565
1739508,IT,GB,LANDT,RAILW,0.87,134716.943,4,4,134716.937,0.0,0.0,0.0,0.006,154847.06092
1810239,IT,WM,LEATH,HEAVY,0.96,134714.582,5,5,134713.559,0.0,1.0,0.0,0.023,140327.689583
1644654,IT,BE,BEVER,CATTL,0.57,134701.774,4,4,134701.765,0.0,0.0,0.0,0.009,236318.901754
1641780,IT,AT,CHEM1,NFERT,0.28,134692.526,4,4,134692.511,0.0,0.0,0.0,0.015,481044.735714
1750334,IT,CN,FABRI,COKIN,0.55,134689.982,4,4,134689.972,0.0,0.0,0.0,0.01,244890.876364
1715852,IT,NL,RUBBE,FURNI,0.45,134688.538,4,4,134688.526,0.0,0.0,0.0,0.012,299307.862222
1733132,IT,SI,FABRI,TRANS,0.55,134687.789,4,4,134687.779,0.0,0.0,0.0,0.01,244886.889091
1804142,IT,WF,PAPER,CEMEN,0.52,134676.829,5,5,134675.816,0.0,1.0,0.0,0.013,258993.901923
1757127,IT,BR,VEGET,REALE,0.48,134672.847,5,5,134671.842,0.0,1.0,0.0,0.005,280568.43125
1810619,IT,WM,PRINT,RESEA,1.29,134666.435,4,4,134666.425,0.0,0.0,0.0,0.01,104392.585271
1742485,IT,US,BASIC,LEAD1,0.16,134662.385,4,4,134662.376,0.0,0.0,0.0,0.009,841639.90625
1812821,IT,WM,FABRI,KERO1,0.55,134644.97,4,4,134644.96,0.0,0.0,0.0,0.01,244809.036364
1758351,IT,BR,FABRI,VEGET,0.55,134638.339,4,4,134638.329,0.0,0.0,0.0,0.01,244796.98
1799873,IT,WE,GASDI,FABRI,0.2,134624.101,4,4,134624.09,0.0,0.0,0.0,0.011,673120.505
1727780,IT,RO,BUSIN,BEVER,1.38,134623.847,4,4,134623.838,0.0,0.0,0.0,0.009,97553.512319
1681580,IT,GR,BUSIN,BUSIN,1.38,134560.261,4,4,134560.252,0.0,0.0,0.0,0.009,97507.435507
1673226,IT,FR,FISH5,MEAT1,0.57,134555.93,4,4,134555.861,0.0,0.0,0.0,0.069,236063.035088
1752729,IT,CA,LEATH,WHOLE,0.96,134545.903,5,5,134544.88,0.0,1.0,0.0,0.023,140151.982292
1688488,IT,IE,LEATH,ALUM1,0.96,134523.243,5,5,134522.22,0.0,1.0,0.0,0.023,140128.378125
1800069,IT,WE,LIQUE,93197,0.24,134518.513,4,4,134518.502,0.0,0.0,0.0,0.011,560493.804167
1676672,IT,FR,RAILW,SUGA1,0.9,134517.303,5,5,134516.297,0.0,0.0,1.0,0.006,149463.67
1640856,IT,AT,LEATH,FOOD5,0.96,134499.007,5,5,134497.984,0.0,1.0,0.0,0.023,140103.132292
1725568,IT,RO,LEATH,RECRE,0.96,134496.829,5,5,134495.806,0.0,1.0,0.0,0.023,140100.863542
1793879,IT,WL,TEXTI,REALE,0.8,134494.229,4,4,134494.211,0.0,0.0,0.0,0.018,168117.78625
1810293,IT,WM,LEATH,COMPU,0.96,134493.977,5,5,134492.954,0.0,1.0,0.0,0.023,140097.892708
1785664,IT,ZA,HEAVY,DISTR,0.22,134460.865,4,4,134460.854,0.0,0.0,0.0,0.011,611185.75
1690019,IT,IE,REALE,BUSIN,5.68,134457.341,4,4,134457.332,0.0,0.0,0.0,0.009,23672.067077
1723380,IT,PT,BASIC,CERAM,0.15,134439.66,4,4,134439.651,0.0,0.0,0.0,0.009,896264.4
1744008,IT,US,AIRTR,ALUM1,0.15,134429.319,4,4,134429.315,0.0,0.0,0.0,0.004,896195.46
1798917,IT,WE,FISH5,MEAT4,0.56,134422.638,4,4,134422.569,0.0,0.0,0.0,0.069,240040.425
1786515,IT,ZA,TRANS,TRANS,0.8,134420.342,4,4,134420.335,0.0,0.0,0.0,0.007,168025.4275
1749249,IT,CN,PAPER,CEMEN,0.52,134399.077,5,5,134398.064,0.0,1.0,0.0,0.013,258459.763462
1806239,IT,WF,MACHI,HEAVY,0.75,134397.067,4,4,134397.056,0.0,0.0,0.0,0.011,179196.089333
1808049,IT,WF,INTER,PUBLI,0.81,134387.38,4,4,134387.371,0.0,0.0,0.0,0.009,165910.345679
1648179,IT,BE,BUSIN,LIQUE,1.38,134369.205,4,4,134369.196,0.0,0.0,0.0,0.009,97368.98913
1740956,IT,US,FOOD5,COMPU,0.65,134368.156,5,5,134367.144,0.0,1.0,0.0,0.012,206720.24
1777537,IT,TR,BASIC,COMPU,0.15,134357.844,4,4,134357.836,0.0,0.0,0.0,0.008,895718.96
1683745,IT,HR,MACHI,MOTO1,0.75,134356.167,4,4,134356.156,0.0,0.0,0.0,0.011,179141.556
1653677,IT,CZ,ALUM1,RESEA,0.23,134347.987,4,4,134347.976,0.0,0.0,0.0,0.011,584121.682609
1722645,IT,PT,TEXTI,RENTI,0.8,134335.425,4,4,134335.407,0.0,0.0,0.0,0.018,167919.28125
1802572,IT,WE,FINAN,WHOLE,1.75,134313.243,4,4,134313.239,0.0,0.0,0.0,0.004,76750.424571
1790236,IT,WA,PREC1,NONF1,0.23,134311.538,4,4,134311.532,0.0,0.0,0.0,0.006,583963.208696
1664977,IT,ES,SANDC,BUSIN,0.31,134308.511,5,5,134279.506,0.0,0.0,29.0,0.005,433253.26129
1809416,IT,WM,CHEMI,NFERT,0.32,134306.496,5,5,134299.483,0.0,0.0,7.0,0.013,419707.8
1732597,IT,SI,GLASS,DAIRY,0.37,134304.874,5,5,134303.866,0.0,0.0,1.0,0.008,362986.145946
1659026,IT,DE,ELEC2,SALEM,0.03,134285.135,4,4,134285.121,0.0,0.0,0.0,0.014,4476171.166667
1713204,IT,MT,LEATH,AIRTR,0.96,134260.856,5,5,134259.833,0.0,1.0,0.0,0.023,139855.058333
1722069,IT,PL,BUSIN,MEATP,1.38,134258.794,4,4,134258.785,0.0,0.0,0.0,0.009,97288.981159
1676165,IT,FR,CONST,WOODW,0.75,134257.955,5,5,134256.948,0.0,0.0,1.0,0.007,179010.606667
1726580,IT,RO,OFFIC,RESEA,0.42,134232.382,4,4,134232.372,0.0,0.0,0.0,0.01,319600.909524
1729412,IT,SE,BASIC,RETA1,0.15,134229.086,4,4,134229.078,0.0,0.0,0.0,0.008,894860.573333
1774066,IT,CH,WHOLE,RAWMI,1.16,134209.858,4,4,134209.85,0.0,0.0,0.0,0.008,115698.153448
1746156,IT,JP,PLAST,GASDI,0.28,134199.532,4,4,134199.518,0.0,0.0,0.0,0.014,479284.042857
1810799,IT,WM,KEROS,BEVER,0.2,134198.433,4,4,134198.422,0.0,0.0,0.0,0.011,670992.165
1747619,IT,JP,AIRTR,AUXIL,0.15,134195.157,4,4,134195.153,0.0,0.0,0.0,0.004,894634.38
1658866,IT,DE,TRANS,RUBBE,0.8,134193.026,4,4,134193.019,0.0,0.0,0.0,0.007,167741.2825
1679733,IT,GR,BASIC,TEXTI,0.15,134187.548,4,4,134187.54,0.0,0.0,0.0,0.008,894583.653333
1713321,IT,MT,KEROS,SUPPO,0.2,134183.316,4,4,134183.305,0.0,0.0,0.0,0.011,670916.58
1731301,IT,SI,VEGE1,BEVER,0.41,134181.534,5,5,134180.505,0.0,1.0,0.0,0.029,327272.034146
1738211,IT,GB,CERAM,HEALT,0.21,134178.689,5,5,134177.682,0.0,0.0,1.0,0.007,638946.138095
1789988,IT,WA,NONME,LEATH,0.27,134177.418,4,4,134177.403,0.0,0.0,0.0,0.015,496953.4
1682434,IT,HR,PAPER,MACHI,0.52,134160.428,5,5,134159.415,0.0,1.0,0.0,0.013,258000.823077
1644643,IT,BE,FOOD5,PUBLI,0.64,134152.161,5,5,134151.149,0.0,1.0,0.0,0.012,209612.751562
1761301,IT,IN,RUBBE,POSTT,0.44,134151.606,4,4,134151.594,0.0,0.0,0.0,0.012,304890.013636
1643748,IT,AT,SUPPO,RENTI,0.96,134139.424,4,4,134139.417,0.0,0.0,0.0,0.007,139728.566667
1709832,IT,LT,RUBBE,BUSIN,0.44,134131.933,4,4,134131.921,0.0,0.0,0.0,0.012,304845.302273
1779952,IT,TW,CONST,RAILW,0.75,134124.442,5,5,134123.435,0.0,0.0,1.0,0.007,178832.589333
1761909,IT,IN,FURNI,WEARI,0.43,134110.027,4,4,134110.015,0.0,0.0,0.0,0.012,311883.783721
1742536,IT,US,BASIC,INERT,0.15,134102.289,4,4,134102.281,0.0,0.0,0.0,0.008,894015.26
1683497,IT,HR,PREC1,RESEA,0.23,134099.79,4,4,134099.784,0.0,0.0,0.0,0.006,583042.565217
1769796,IT,AU,MACHI,TRAN1,0.75,134098.915,4,4,134098.904,0.0,0.0,0.0,0.011,178798.553333
1657458,IT,DE,RUBBE,ELEC8,0.44,134097.315,4,4,134097.303,0.0,0.0,0.0,0.012,304766.625
1753716,IT,CA,TRANS,RAILW,0.8,134092.753,4,4,134092.746,0.0,0.0,0.0,0.007,167615.94125
1806058,IT,WF,NONF1,IRONO,0.03,134088.653,3,3,134088.653,0.0,0.0,0.0,0.0,4469621.766667
1771598,IT,CH,TEXTI,COMPU,0.79,134085.748,4,4,134085.73,0.0,0.0,0.0,0.018,169728.794937
1761870,IT,IN,TRANS,WOODW,0.8,134082.012,4,4,134082.005,0.0,0.0,0.0,0.007,167602.515
1766400,IT,RU,BASIC,COPP1,0.15,134070.989,4,4,134070.981,0.0,0.0,0.0,0.008,893806.593333
1715524,IT,NL,GASDI,FABRI,0.2,134069.13,4,4,134069.119,0.0,0.0,0.0,0.011,670345.65
1658507,IT,DE,FABRI,FOOD2,0.55,134063.824,4,4,134063.814,0.0,0.0,0.0,0.01,243752.407273
1803543,IT,WF,VEGE1,PUBLI,0.41,134045.314,5,5,134044.285,0.0,1.0,0.0,0.029,326939.790244
1801686,IT,WE,FURNI,SUPPO,0.43,134040.588,4,4,134040.576,0.0,0.0,0.0,0.012,311722.297674
1758339,IT,BR,NONF1,COPP1,0.03,134038.286,3,3,134038.286,0.0,0.0,0.0,0.0,4467942.866667
1716084,IT,NL,BASIC,PREC1,0.15,134031.786,4,4,134031.778,0.0,0.0,0.0,0.008,893545.24
1772076,IT,CH,PRINT,REALE,1.29,134027.607,4,4,134027.597,0.0,0.0,0.0,0.01,103897.369767
1737198,IT,GB,DAIRY,REALE,0.54,134021.387,5,5,134020.378,0.0,1.0,0.0,0.009,248187.753704
1775128,IT,CH,COMPU,WHOLE,1.53,134019.369,4,4,134019.361,0.0,0.0,0.0,0.008,87594.358824
1710177,IT,LT,MACHI,STEAM,0.75,134008.796,4,4,134008.785,0.0,0.0,0.0,0.011,178678.394667
1804156,IT,WF,PAPER,MOTO1,0.52,134006.747,5,5,134005.734,0.0,1.0,0.0,0.013,257705.282692
1779562,IT,TR,COMPU,RUBBE,1.53,133994.078,4,4,133994.07,0.0,0.0,0.0,0.008,87577.828758
1804036,IT,WF,WOODW,PAPER,0.37,133992.075,5,5,133991.066,0.0,1.0,0.0,0.009,362140.743243
1674439,IT,FR,ADDIT,LIQUE,0.31,133985.912,5,5,133984.902,0.0,1.0,0.0,0.01,432212.619355
1717016,IT,NL,LANDT,NUCLE,0.86,133984.761,4,4,133984.755,0.0,0.0,0.0,0.006,155796.233721
1772729,IT,CH,CEMEN,NFERT,0.21,133974.923,5,5,133973.917,0.0,0.0,1.0,0.006,637975.82381
1645282,IT,BE,MOTOR,BUSIN,0.2,133968.879,4,4,133968.868,0.0,0.0,0.0,0.011,669844.395
1727057,IT,RO,RAILW,WHOLE,0.9,133965.481,5,5,133964.475,0.0,0.0,1.0,0.006,148850.534444
1718988,IT,PL,COKEO,STEAM,0.02,133964.32,3,3,133964.32,0.0,0.0,0.0,0.0,6698216.0
1777949,IT,TR,MACHI,NONF1,0.75,133963.749,4,4,133963.738,0.0,0.0,0.0,0.011,178618.332
1656798,IT,DE,GASDI,MOTOR,0.2,133923.745,4,4,133923.734,0.0,0.0,0.0,0.011,669618.725
1685197,IT,HU,BEVER,HEALT,0.57,133907.845,4,4,133907.836,0.0,0.0,0.0,0.009,234926.04386
1799677,IT,WE,MOTOR,MEDIC,0.2,133907.737,4,4,133907.726,0.0,0.0,0.0,0.011,669538.685
1810324,IT,WM,WOODW,BEVER,0.37,133907.307,5,5,133906.298,0.0,1.0,0.0,0.009,361911.640541
1787764,IT,WA,DAIRY,FISHF,0.54,133905.916,5,5,133904.907,0.0,1.0,0.0,0.009,247973.918519
1656395,IT,DE,WOODW,DIST1,0.37,133904.749,5,5,133903.74,0.0,1.0,0.0,0.009,361904.727027
1679032,IT,GR,WOODW,PLAST,0.37,133878.102,5,5,133877.093,0.0,1.0,0.0,0.009,361832.708108
1641480,IT,AT,GASDI,FOOD2,0.2,133876.957,4,4,133876.946,0.0,0.0,0.0,0.011,669384.785
1745882,IT,JP,LEATH,DISTR,0.96,133875.707,5,5,133874.684,0.0,1.0,0.0,0.023,139453.861458
1678471,IT,FR,RECRE,ELEC4,1.7,133873.202,4,4,133873.192,0.0,0.0,0.0,0.01,78748.942353
1761075,IT,IN,PFERT,WHEAT,0.06,133855.839,4,4,133855.818,0.0,0.0,0.0,0.021,2230930.65
1723039,IT,PT,PLAST,HEALT,0.28,133850.405,4,4,133850.391,0.0,0.0,0.0,0.014,478037.160714
1733260,IT,SI,MACHI,PUBLI,0.75,133837.361,4,4,133837.35,0.0,0.0,0.0,0.011,178449.814667
1683687,IT,HR,FABRI,HEALT,0.54,133834.995,4,4,133834.985,0.0,0.0,0.0,0.01,247842.583333
1726661,IT,RO,TRANS,WOODW,0.8,133833.07,4,4,133833.063,0.0,0.0,0.0,0.007,167291.3375
1809480,IT,WM,MEATC,HOTEL,0.45,133832.109,5,5,133830.1,0.0,2.0,0.0,0.009,297404.686667
1739633,IT,GB,INLAN,COPP1,0.22,133809.289,4,4,133809.28,0.0,0.0,0.0,0.009,608224.040909
1646543,IT,BE,OFFIC,CHEM1,0.41,133789.398,4,4,133789.388,0.0,0.0,0.0,0.01,326315.604878
1751915,IT,CN,COMPU,FABRI,1.53,133788.765,4,4,133788.757,0.0,0.0,0.0,0.008,87443.637255
1766477,IT,RU,ALUM1,WOODW,0.23,133787.707,4,4,133787.696,0.0,0.0,0.0,0.011,581685.682609
1807251,IT,WF,SUPPO,SEACO,0.96,133776.078,4,4,133776.071,0.0,0.0,0.0,0.007,139350.08125
1676177,IT,FR,CONST,RUBBE,0.75,133769.261,5,5,133768.254,0.0,0.0,1.0,0.007,178359.014667
1757664,IT,BR,HEAVY,REFI1,0.22,133758.757,4,4,133758.746,0.0,0.0,0.0,0.011,607994.35
1795689,IT,WL,FABRI,WHOLE,0.54,133757.762,4,4,133757.752,0.0,0.0,0.0,0.01,247699.559259
1756015,IT,KR,NONF1,PULP5,0.03,133744.972,3,3,133744.972,0.0,0.0,0.0,0.0,4458165.733333
1718966,IT,PL,PRINT,PUBLI,1.28,133717.505,4,4,133717.495,0.0,0.0,0.0,0.01,104466.800781
1801285,IT,WE,MACHI,COPPE,0.75,133706.425,4,4,133706.414,0.0,0.0,0.0,0.011,178275.233333
1769715,IT,AU,MACHI,LIGNI,0.75,133691.688,4,4,133691.677,0.0,0.0,0.0,0.011,178255.584
1682631,IT,HR,KEROS,ALUM1,0.2,133689.516,4,4,133689.505,0.0,0.0,0.0,0.011,668447.58
1645672,IT,BE,CHEM1,PAPE1,0.28,133682.91,4,4,133682.895,0.0,0.0,0.0,0.015,477438.964286
1744015,IT,US,AIRTR,ELECT,0.15,133666.362,4,4,133666.358,0.0,0.0,0.0,0.004,891109.08
1766715,IT,RU,FABRI,93197,0.54,133663.209,4,4,133663.199,0.0,0.0,0.0,0.01,247524.461111
1679373,IT,GR,PLAST,OFFIC,0.28,133657.67,4,4,133657.656,0.0,0.0,0.0,0.014,477348.821429
1674352,IT,FR,CHEM1,GASDI,0.28,133655.746,4,4,133655.731,0.0,0.0,0.0,0.015,477341.95
1810912,IT,WM,GASDI,CROPS,0.2,133655.626,4,4,133655.615,0.0,0.0,0.0,0.011,668278.13
1680405,IT,GR,ELEC2,PUBLI,0.03,133638.878,4,4,133638.864,0.0,0.0,0.0,0.014,4454629.266667
1666815,IT,ES,RUBBE,FOOD1,0.44,133633.92,4,4,133633.908,0.0,0.0,0.0,0.012,303713.454545
1757980,IT,BR,RUBBE,MEATP,0.44,133624.419,4,4,133624.407,0.0,0.0,0.0,0.012,303691.861364
1797169,IT,WL,POSTT,LANDT,2.2,133622.663,4,4,133622.653,0.0,0.0,0.0,0.01,60737.574091
1773653,IT,CH,FURNI,DAIRY,0.43,133606.62,4,4,133606.609,0.0,0.0,0.0,0.011,310713.069767
1726101,IT,RO,RUBBE,COPP1,0.44,133603.233,4,4,133603.221,0.0,0.0,0.0,0.012,303643.711364
1643467,IT,AT,LANDT,STEAM,0.86,133579.322,4,4,133579.316,0.0,0.0,0.0,0.006,155324.793023
1732143,IT,SI,GASDI,ALUM1,0.2,133574.651,4,4,133574.64,0.0,0.0,0.0,0.011,667873.255
1775237,IT,CH,BUSIN,CATTL,1.37,133573.983,4,4,133573.974,0.0,0.0,0.0,0.009,97499.257664
1747524,IT,JP,AIRTR,CATTL,0.15,133570.551,4,4,133570.547,0.0,0.0,0.0,0.004,890470.34
1671168,IT,FI,CERAM,WHOLE,0.21,133567.756,5,5,133566.749,0.0,0.0,1.0,0.007,636036.933333
1644703,IT,BE,BEVER,RADIO,0.57,133558.376,4,4,133558.367,0.0,0.0,0.0,0.009,234312.940351
1776595,IT,TR,GASDI,WOODW,0.2,133550.167,4,4,133550.156,0.0,0.0,0.0,0.011,667750.835
1658162,IT,DE,ALUM1,TRAN1,0.23,133545.679,4,4,133545.668,0.0,0.0,0.0,0.011,580633.386957
1663992,IT,EE,PAPER,BUSIN,0.52,133527.822,5,5,133526.809,0.0,1.0,0.0,0.013,256784.273077
1688960,IT,IE,MACHI,VEGET,0.74,133514.282,4,4,133514.271,0.0,0.0,0.0,0.011,180424.705405
1764360,IT,MX,MOTO1,LEATH,0.71,133502.455,4,4,133502.446,0.0,0.0,0.0,0.009,188031.626761
1794305,IT,WL,MOTOR,GLASS,0.2,133497.559,4,4,133497.548,0.0,0.0,0.0,0.011,667487.795
1794550,IT,WL,HEAVY,FISH5,0.22,133469.822,4,4,133469.811,0.0,0.0,0.0,0.011,606681.009091
1775214,IT,CH,RESEA,AIRTR,0.72,133469.505,4,4,133469.496,0.0,0.0,0.0,0.009,185374.3125
1773158,IT,CH,NONF1,BASIC,0.03,133466.426,3,3,133466.426,0.0,0.0,0.0,0.0,4448880.866667
1728468,IT,SE,LEATH,WHOLE,0.96,133452.885,5,5,133451.862,0.0,1.0,0.0,0.023,139013.421875
1757376,IT,BR,LEATH,PRECI,0.96,133450.701,5,5,133449.678,0.0,1.0,0.0,0.023,139011.146875
1799606,IT,WE,MOTOR,LIGNI,0.2,133449.631,4,4,133449.62,0.0,0.0,0.0,0.011,667248.155
1656681,IT,DE,COKEO,ALUM1,0.02,133448.69,3,3,133448.69,0.0,0.0,0.0,0.0,6672434.5
1769306,IT,AU,RUBBE,EDUCA,0.44,133442.891,4,4,133442.879,0.0,0.0,0.0,0.012,303279.297727
1727781,IT,RO,BUSIN,TEXTI,1.37,133430.329,4,4,133430.32,0.0,0.0,0.0,0.009,97394.40073
1720003,IT,PL,ALUM1,TEXTI,0.23,133410.005,4,4,133409.994,0.0,0.0,0.0,0.011,580043.5
1777264,IT,TR,RUBBE,COLLE,0.44,133406.427,4,4,133406.415,0.0,0.0,0.0,0.012,303196.425
1777533,IT,TR,BASIC,SUPPO,0.15,133403.279,4,4,133403.271,0.0,0.0,0.0,0.008,889355.193333
1660655,IT,DE,REALE,COMPU,5.64,133397.16,4,4,133397.151,0.0,0.0,0.0,0.009,23651.978723
1791568,IT,WA,RETA1,WHOLE,1.39,133368.485,4,4,133368.476,0.0,0.0,0.0,0.009,95948.55036
1710090,IT,LT,FABRI,MOTO1,0.54,133365.245,4,4,133365.235,0.0,0.0,0.0,0.01,246972.675926
1726455,IT,RO,FABRI,ALUM1,0.54,133351.822,4,4,133351.812,0.0,0.0,0.0,0.01,246947.818519
1750111,IT,CN,BASIC,SUPPO,0.15,133351.185,4,4,133351.177,0.0,0.0,0.0,0.008,889007.9
1721367,IT,PL,SEACO,BEVER,0.14,133335.708,4,4,133335.706,0.0,0.0,0.0,0.002,952397.914286
1752407,IT,CA,VEGE1,NONSP,0.41,133324.046,5,5,133323.017,0.0,1.0,0.0,0.029,325180.6
1796538,IT,WL,RETA1,RETA1,1.39,133307.509,4,4,133307.5,0.0,0.0,0.0,0.009,95904.682734
1777257,IT,TR,RUBBE,ELEC4,0.44,133299.427,4,4,133299.415,0.0,0.0,0.0,0.012,302953.243182
1777515,IT,TR,BASIC,ELEC4,0.15,133284.84,4,4,133284.832,0.0,0.0,0.0,0.008,888565.6
1712472,IT,LV,COPP1,POULT,0.34,133278.41,4,4,133278.403,0.0,0.0,0.0,0.007,391995.323529
1755809,IT,KR,CERAM,ELEC3,0.21,133277.332,5,5,133276.325,0.0,0.0,1.0,0.007,634653.961905
1732564,IT,SI,RUBBE,REALE,0.44,133274.488,4,4,133274.476,0.0,0.0,0.0,0.012,302896.563636
1716305,IT,NL,FABRI,RUBBE,0.54,133269.64,4,4,133269.63,0.0,0.0,0.0,0.01,246795.62963
1801371,IT,WE,MACHI,RETA1,0.74,133264.192,4,4,133264.181,0.0,0.0,0.0,0.011,180086.745946
1758223,IT,BR,BASIC,CERAM,0.15,133263.738,4,4,133263.73,0.0,0.0,0.0,0.008,888424.92
1741711,IT,US,HEAVY,WASTE,0.22,133258.278,4,4,133258.267,0.0,0.0,0.0,0.011,605719.445455
1727179,IT,RO,TRAN2,NATUR,0.21,133254.839,4,4,133254.835,0.0,0.0,0.0,0.004,634546.852381
1741541,IT,US,KERO1,PUBLI,0.19,133251.835,4,4,133251.824,0.0,0.0,0.0,0.011,701325.447368
1798181,IT,WE,CEREA,REALE,0.22,133247.219,5,5,133246.211,0.0,1.0,0.0,0.008,605669.177273
1659914,IT,DE,TRAN2,LUBRI,0.21,133243.605,4,4,133243.601,0.0,0.0,0.0,0.004,634493.357143
1749758,IT,CN,ADDIT,NONSP,0.31,133238.377,5,5,133237.367,0.0,1.0,0.0,0.01,429801.216129
1680908,IT,GR,LANDT,WHOLE,0.86,133216.364,4,4,133216.358,0.0,0.0,0.0,0.006,154902.748837
1721460,IT,PL,AIRTR,LANDT,0.15,133215.239,4,4,133215.235,0.0,0.0,0.0,0.004,888101.593333
1671817,IT,FI,RETA1,RUBBE,1.39,133202.567,4,4,133202.558,0.0,0.0,0.0,0.009,95829.184892
1732966,IT,SI,ALUM1,RETA1,0.23,133194.357,4,4,133194.346,0.0,0.0,0.0,0.011,579105.9
1726994,IT,RO,HOTEL,RETA1,0.97,133190.952,4,4,133190.942,0.0,0.0,0.0,0.01,137310.259794
1791081,IT,WA,TRANS,NFERT,0.79,133188.22,4,4,133188.213,0.0,0.0,0.0,0.007,168592.683544
1731767,IT,SI,PAPER,MEATC,0.52,133185.133,5,5,133184.12,0.0,1.0,0.0,0.013,256125.255769
1673269,IT,FR,FISH5,BUSIN,0.56,133184.395,4,4,133184.327,0.0,0.0,0.0,0.068,237829.276786
1737356,IT,GB,BEVER,RENTI,0.57,133179.684,4,4,133179.675,0.0,0.0,0.0,0.009,233648.568421
1788034,IT,WA,TEXTI,NONME,0.79,133174.905,4,4,133174.887,0.0,0.0,0.0,0.018,168575.829114
1736082,IT,SK,CONST,MEATA,0.74,133164.049,5,5,133163.042,0.0,0.0,1.0,0.007,179951.417568
1801670,IT,WE,FURNI,RADIO,0.43,133155.224,4,4,133155.213,0.0,0.0,0.0,0.011,309663.311628
1789291,IT,WA,PFERT,NATUR,0.06,133142.887,4,4,133142.866,0.0,0.0,0.0,0.021,2219048.116667
1757230,IT,BR,VEGE1,SUGA1,0.41,133138.433,5,5,133137.404,0.0,1.0,0.0,0.029,324727.885366
1757445,IT,BR,PAPER,LEATH,0.52,133132.301,5,5,133131.288,0.0,1.0,0.0,0.013,256023.655769
1813405,IT,WM,FURNI,TRAN2,0.42,133109.206,4,4,133109.195,0.0,0.0,0.0,0.011,316926.680952
1755417,IT,KR,HEAVY,KEROS,0.22,133105.638,4,4,133105.627,0.0,0.0,0.0,0.011,605025.627273
1774463,IT,CH,LANDT,TEXTI,0.86,133096.966,4,4,133096.96,0.0,0.0,0.0,0.006,154763.913953
1677804,IT,FR,COMPU,AUXIL,1.52,133092.987,4,4,133092.979,0.0,0.0,0.0,0.008,87561.175658
1645969,IT,BE,BRICK,FISH5,0.2,133087.466,5,5,133086.457,0.0,0.0,1.0,0.009,665437.33
1806335,IT,WF,OFFIC,BUSIN,0.41,133078.17,4,4,133078.16,0.0,0.0,0.0,0.01,324580.902439
1716646,IT,NL,RETAI,REALE,1.04,133073.163,4,4,133073.154,0.0,0.0,0.0,0.009,127954.964423
1666435,IT,ES,PARAF,KEROS,0.21,133069.732,4,4,133069.722,0.0,0.0,0.0,0.01,633665.390476
1674506,IT,FR,RUBBE,MEATA,0.44,133058.938,4,4,133058.926,0.0,0.0,0.0,0.012,302406.677273
1723650,IT,PT,FABRI,RECRE,0.54,133043.791,4,4,133043.781,0.0,0.0,0.0,0.01,246377.390741
1750814,IT,CN,FURNI,GASDI,0.42,133041.487,4,4,133041.476,0.0,0.0,0.0,0.011,316765.445238
1751300,IT,CN,RAILW,STEAM,0.89,133036.525,5,5,133035.519,0.0,0.0,1.0,0.006,149479.241573
1666185,IT,ES,HEAVY,FISHF,0.21,133030.943,4,4,133030.932,0.0,0.0,0.0,0.011,633480.680952
1784355,IT,ID,RUBBE,TRANS,0.44,133018.412,4,4,133018.4,0.0,0.0,0.0,0.012,302314.572727
1676564,IT,FR,HOTEL,GASDI,0.96,132992.077,4,4,132992.067,0.0,0.0,0.0,0.01,138533.413542
1655998,IT,DE,FOOD5,MEDIC,0.64,132987.609,5,5,132986.597,0.0,1.0,0.0,0.012,207793.139062
1814358,IT,WM,FINAN,AUXIL,1.73,132984.674,4,4,132984.67,0.0,0.0,0.0,0.004,76869.753757
1801419,IT,WE,MOTO1,CEREA,0.71,132971.487,4,4,132971.478,0.0,0.0,0.0,0.009,187283.784507
1645524,IT,BE,PLAST,ELECT,0.28,132965.533,4,4,132965.519,0.0,0.0,0.0,0.014,474876.903571
1645610,IT,BE,CHEM1,LIQUI,0.28,132961.736,4,4,132961.721,0.0,0.0,0.0,0.015,474863.342857
1751936,IT,CN,COMPU,SALEM,1.52,132961.115,4,4,132961.107,0.0,0.0,0.0,0.008,87474.417763
1759727,IT,BR,BUSIN,TOBAC,1.37,132951.797,4,4,132951.788,0.0,0.0,0.0,0.009,97045.107299
1712050,IT,LV,BEVER,RAWMI,0.57,132938.347,4,4,132938.338,0.0,0.0,0.0,0.009,233225.170175
1674887,IT,FR,NONME,PAPE1,0.27,132916.256,4,4,132916.241,0.0,0.0,0.0,0.015,492282.42963
1763747,IT,MX,GLASS,CHEM1,0.36,132915.653,5,5,132914.645,0.0,0.0,1.0,0.008,369210.147222
1763961,IT,MX,BASIC,REALE,0.15,132907.681,4,4,132907.673,0.0,0.0,0.0,0.008,886051.206667
1762791,IT,IN,BUSIN,MEMBE,1.37,132906.708,4,4,132906.699,0.0,0.0,0.0,0.009,97012.19562
1793650,IT,WL,DAIRY,REALE,0.54,132896.101,5,5,132895.092,0.0,1.0,0.0,0.009,246103.890741
1641734,IT,AT,CHEM1,OILSE,0.28,132881.691,4,4,132881.676,0.0,0.0,0.0,0.015,474577.467857
1776142,IT,TR,LEATH,NONF1,0.95,132880.691,5,5,132879.668,0.0,1.0,0.0,0.023,139874.411579
1653120,IT,CZ,CHEM1,NUCLE,0.28,132879.252,4,4,132879.237,0.0,0.0,0.0,0.015,474568.757143
1668543,IT,ES,HOTEL,FURNI,0.96,132872.706,4,4,132872.696,0.0,0.0,0.0,0.01,138409.06875
1709484,IT,LT,WEARI,HEAVY,1.0,132870.276,4,4,132870.251,0.0,0.0,0.0,0.025,132870.276
1723900,IT,PT,FURNI,OFFIC,0.42,132850.571,4,4,132850.56,0.0,0.0,0.0,0.011,316310.883333
1785285,IT,ZA,WEARI,WHOLE,1.0,132845.648,4,4,132845.623,0.0,0.0,0.0,0.025,132845.648
1776501,IT,TR,MOTOR,AIRTR,0.2,132843.512,4,4,132843.501,0.0,0.0,0.0,0.011,664217.56
1658355,IT,DE,NONF1,ELEC5,0.03,132839.393,3,3,132839.393,0.0,0.0,0.0,0.0,4427979.766667
1748339,IT,CN,VEGET,TEXTI,0.47,132837.077,5,5,132836.072,0.0,1.0,0.0,0.005,282632.078723
1763715,IT,MX,RUBBE,REALE,0.44,132834.952,4,4,132834.94,0.0,0.0,0.0,0.012,301897.618182
1766211,IT,RU,GLASS,BASIC,0.36,132827.168,5,5,132826.16,0.0,0.0,1.0,0.008,368964.355556
1789512,IT,WA,ADDIT,NONF1,0.31,132823.462,5,5,132822.452,0.0,1.0,0.0,0.01,428462.780645
1722637,IT,PT,TEXTI,CONST,0.79,132820.991,4,4,132820.973,0.0,0.0,0.0,0.018,168127.836709
1732317,IT,SI,NAPHT,FOUND,0.23,132813.808,4,4,132813.799,0.0,0.0,0.0,0.009,577451.33913
1768319,IT,AU,CHEMI,PFERT,0.32,132794.061,5,5,132787.049,0.0,0.0,7.0,0.012,414981.440625
1646476,IT,BE,MACHI,PREC1,0.74,132791.813,4,4,132791.802,0.0,0.0,0.0,0.011,179448.395946
1711432,IT,LU,HOTEL,EDUCA,0.96,132789.939,4,4,132789.929,0.0,0.0,0.0,0.01,138322.853125
1811657,IT,WM,CHEM1,TRANS,0.28,132789.165,4,4,132789.151,0.0,0.0,0.0,0.014,474247.017857
1787888,IT,WA,BEVER,MEAT4,0.56,132786.243,4,4,132786.234,0.0,0.0,0.0,0.009,237118.291071
1759774,IT,BR,BUSIN,MEDIC,1.36,132766.775,4,4,132766.766,0.0,0.0,0.0,0.009,97622.628676
1789689,IT,WA,RUBBE,SEACO,0.44,132766.27,4,4,132766.258,0.0,0.0,0.0,0.012,301741.522727
1782190,IT,NO,BASIC,TEXTI,0.15,132765.37,4,4,132765.362,0.0,0.0,0.0,0.008,885102.466667
1649469,IT,BG,CHEM1,COMPU,0.28,132746.503,4,4,132746.489,0.0,0.0,0.0,0.014,474094.653571
1679906,IT,GR,NONF1,WEARI,0.03,132744.264,3,3,132744.264,0.0,0.0,0.0,0.0,4424808.8
1776658,IT,TR,HEAVY,SANDC,0.21,132727.734,4,4,132727.723,0.0,0.0,0.0,0.011,632036.828571
1745696,IT,JP,WEARI,VEGET,1.0,132723.964,4,4,132723.939,0.0,0.0,0.0,0.025,132723.964
1755772,IT,KR,GLASS,EDUCA,0.36,132711.53,5,5,132710.522,0.0,0.0,1.0,0.008,368643.138889
1749947,IT,CN,GLASS,REALE,0.36,132691.261,5,5,132690.253,0.0,0.0,1.0,0.008,368586.836111
1792924,IT,WA,HEALT,PUBLI,0.69,132684.471,4,4,132684.466,0.0,0.0,0.0,0.005,192296.334783
1768466,IT,AU,DAIRY,93197,0.54,132678.932,5,5,132677.923,0.0,1.0,0.0,0.009,245701.725926
1804611,IT,WF,HEAVY,NFERT,0.21,132677.299,4,4,132677.288,0.0,0.0,0.0,0.011,631796.661905
1711066,IT,LU,PREC1,PREC1,0.23,132673.68,4,4,132673.674,0.0,0.0,0.0,0.006,576842.086957
1803722,IT,WF,FISH5,MEATA,0.56,132657.985,4,4,132657.917,0.0,0.0,0.0,0.068,236889.258929
1643244,IT,AT,HOTEL,FURNI,0.96,132657.895,4,4,132657.885,0.0,0.0,0.0,0.01,138185.307292
1679968,IT,GR,FABRI,ELEC1,0.54,132649.185,4,4,132649.175,0.0,0.0,0.0,0.01,245646.638889
1777818,IT,TR,FABRI,ALUM1,0.54,132649.028,4,4,132649.018,0.0,0.0,0.0,0.01,245646.348148
1672511,IT,FI,PRIVA,BUSIN,29.6,132643.445,5,5,132642.424,1.0,0.0,0.0,0.021,4481.197466
1655091,IT,CZ,COMPU,FINAN,1.51,132641.142,4,4,132641.134,0.0,0.0,0.0,0.008,87841.815894
1751330,IT,CN,LANDT,MACHI,0.86,132640.275,4,4,132640.269,0.0,0.0,0.0,0.006,154232.877907
1720681,IT,PL,MOTO1,POSTT,0.71,132639.741,4,4,132639.732,0.0,0.0,0.0,0.009,186816.53662
1744774,IT,US,RESEA,ADDIT,0.72,132638.616,4,4,132638.607,0.0,0.0,0.0,0.009,184220.3
1647623,IT,BE,POSTT,AUXIL,2.18,132629.085,4,4,132629.075,0.0,0.0,0.0,0.01,60839.029817
1755608,IT,KR,CHEM1,PRIVA,0.28,132621.113,4,4,132621.099,0.0,0.0,0.0,0.014,473646.832143
1782146,IT,NO,NONME,WOODW,0.27,132617.372,4,4,132617.357,0.0,0.0,0.0,0.015,491175.451852
1683600,IT,HR,FABRI,VEGET,0.54,132599.998,4,4,132599.988,0.0,0.0,0.0,0.01,245555.551852
1798340,IT,WE,CROPS,93197,1.05,132578.666,4,4,132578.659,0.0,0.0,0.0,0.007,126265.39619
1723539,IT,PT,NONF1,PFERT,0.03,132570.364,3,3,132570.364,0.0,0.0,0.0,0.0,4419012.133333
1773316,IT,CH,MACHI,KEROS,0.74,132562.101,4,4,132562.09,0.0,0.0,0.0,0.011,179137.974324
1810094,IT,WM,TEXTI,TRAN2,0.79,132555.644,4,4,132555.626,0.0,0.0,0.0,0.018,167791.95443
1665909,IT,ES,COALT,NFERT,0.21,132537.836,4,4,132537.828,0.0,0.0,0.0,0.008,631132.552381
1715899,IT,NL,RUBBE,RECRE,0.44,132533.882,4,4,132533.87,0.0,0.0,0.0,0.012,301213.368182
1800425,IT,WE,ADDIT,CHEM1,0.31,132525.573,5,5,132524.563,0.0,1.0,0.0,0.01,427501.848387
1643481,IT,AT,LANDT,POSTT,0.85,132498.366,4,4,132498.36,0.0,0.0,0.0,0.006,155880.430588
1674749,IT,FR,CERAM,ELECT,0.21,132477.25,5,5,132476.243,0.0,0.0,1.0,0.007,630844.047619
1777217,IT,TR,RUBBE,LEATH,0.44,132466.963,4,4,132466.951,0.0,0.0,0.0,0.012,301061.279545
1719118,IT,PL,PLAST,ANIMA,0.28,132461.856,4,4,132461.843,0.0,0.0,0.0,0.013,473078.057143
1728596,IT,SE,PAPER,SUPPO,0.51,132459.942,5,5,132458.929,0.0,1.0,0.0,0.013,259725.376471
1683299,IT,HR,CEMEN,WHOLE,0.21,132454.643,5,5,132453.637,0.0,0.0,1.0,0.006,630736.395238
1756704,IT,KR,SEACO,MEDIC,0.13,132451.992,4,4,132451.99,0.0,0.0,0.0,0.002,1018861.476923
1779055,IT,TR,AIRTR,COMPU,0.14,132444.255,4,4,132444.251,0.0,0.0,0.0,0.004,946030.392857
1674612,IT,FR,RUBBE,PAPE1,0.44,132439.35,4,4,132439.338,0.0,0.0,0.0,0.012,300998.522727
1790396,IT,WA,LEAD1,KEROS,0.23,132434.556,5,5,132433.545,0.0,0.0,1.0,0.011,575802.417391
1646010,IT,BE,NONME,GLASS,0.27,132410.144,4,4,132410.129,0.0,0.0,0.0,0.015,490407.940741
1662319,IT,DK,BASIC,CEREA,0.15,132400.657,4,4,132400.649,0.0,0.0,0.0,0.008,882671.046667
1675281,IT,FR,FABRI,DIST1,0.54,132385.471,4,4,132385.462,0.0,0.0,0.0,0.009,245158.27963
1712492,IT,LV,FABRI,FORES,0.54,132375.849,4,4,132375.84,0.0,0.0,0.0,0.009,245140.461111
1809819,IT,WM,FOOD5,DISTR,0.64,132325.78,5,5,132324.768,0.0,1.0,0.0,0.012,206759.03125
1659428,IT,DE,WHOLE,ELEC3,1.14,132310.482,4,4,132310.474,0.0,0.0,0.0,0.008,116061.826316
1763681,IT,MX,RUBBE,BASIC,0.44,132307.021,4,4,132307.009,0.0,0.0,0.0,0.012,300697.775
1640955,IT,AT,WOODW,PLAST,0.37,132306.136,5,5,132305.127,0.0,1.0,0.0,0.009,357584.151351
1739735,IT,GB,SUPPO,RESEA,0.95,132303.783,4,4,132303.776,0.0,0.0,0.0,0.007,139267.14
1805207,IT,WF,CHEM1,HEAVY,0.28,132302.681,4,4,132302.667,0.0,0.0,0.0,0.014,472509.575
1648252,IT,BE,BUSIN,EDUCA,1.36,132301.768,4,4,132301.759,0.0,0.0,0.0,0.009,97280.711765
1674661,IT,FR,GLASS,WEARI,0.36,132298.563,5,5,132297.555,0.0,0.0,1.0,0.008,367496.008333
1758892,IT,BR,HOTEL,SALEM,0.96,132287.371,4,4,132287.361,0.0,0.0,0.0,0.01,137799.344792
1760377,IT,IN,VEGE1,RAWMI,0.41,132278.51,5,5,132277.481,0.0,1.0,0.0,0.029,322630.512195
1806174,IT,WF,FABRI,RESEA,0.54,132271.198,4,4,132271.189,0.0,0.0,0.0,0.009,244946.662963
1737864,IT,GB,PLAST,CERAM,0.28,132263.661,4,4,132263.648,0.0,0.0,0.0,0.013,472370.217857
1790017,IT,WA,NONME,LEAD1,0.27,132253.43,4,4,132253.415,0.0,0.0,0.0,0.015,489827.518519
1789816,IT,WA,CERAM,MEATC,0.21,132245.12,5,5,132244.113,0.0,0.0,1.0,0.007,629738.666667
1754694,IT,KR,VEGE1,GASDI,0.41,132237.634,5,5,132236.605,0.0,1.0,0.0,0.029,322530.814634
1778587,IT,TR,RETA1,HEALT,1.38,132237.174,4,4,132237.165,0.0,0.0,0.0,0.009,95824.03913
1809382,IT,WM,CHEMI,FISHF,0.32,132223.974,5,5,132217.962,0.0,0.0,6.0,0.012,413199.91875
1686556,IT,HU,ALUM1,GLASS,0.23,132222.458,4,4,132222.447,0.0,0.0,0.0,0.011,574880.252174
1782980,IT,NO,SUPPO,SEACO,0.95,132221.302,4,4,132221.296,0.0,0.0,0.0,0.006,139180.317895
1676037,IT,FR,ELEC6,FABRI,0.02,132209.168,4,4,132209.147,0.0,0.0,0.0,0.021,6610458.4
1799886,IT,WE,GASDI,RETAI,0.2,132195.941,4,4,132195.93,0.0,0.0,0.0,0.011,660979.705
1763935,IT,MX,BASIC,LEAD1,0.15,132194.743,4,4,132194.735,0.0,0.0,0.0,0.008,881298.286667
1772935,IT,CH,PREC1,HEAVY,0.22,132192.656,4,4,132192.65,0.0,0.0,0.0,0.006,600875.709091
1745939,IT,JP,WOODW,PAPER,0.37,132147.346,5,5,132146.337,0.0,1.0,0.0,0.009,357154.989189
1662361,IT,DK,BASIC,NONF1,0.15,132145.057,4,4,132145.049,0.0,0.0,0.0,0.008,880967.046667
1745464,IT,JP,FOOD5,ANIMA,0.63,132134.947,5,5,132133.935,0.0,1.0,0.0,0.012,209738.011111
1765281,IT,RU,VEGE1,DIST1,0.41,132133.235,5,5,132132.206,0.0,1.0,0.0,0.029,322276.182927
1742666,IT,US,COPP1,BUSIN,0.33,132130.21,4,4,132130.203,0.0,0.0,0.0,0.007,400394.575758
1766645,IT,RU,FABRI,CEMEN,0.54,132130.089,4,4,132130.08,0.0,0.0,0.0,0.009,244685.35
1741825,IT,US,NFERT,NFERT,0.03,132128.87,4,4,132128.859,0.0,0.0,0.0,0.011,4404295.666667
1720298,IT,PL,FABRI,GLASS,0.54,132117.028,4,4,132117.019,0.0,0.0,0.0,0.009,244661.162963
1799656,IT,WE,MOTOR,CHARC,0.2,132114.525,4,4,132114.514,0.0,0.0,0.0,0.011,660572.625
1741820,IT,US,NFERT,WHEAT,0.03,132106.133,4,4,132106.122,0.0,0.0,0.0,0.011,4403537.766667
1645540,IT,BE,PLAST,HEALT,0.28,132101.213,4,4,132101.2,0.0,0.0,0.0,0.013,471790.046429
1755413,IT,KR,HEAVY,PADDY,0.21,132100.2,4,4,132100.189,0.0,0.0,0.0,0.011,629048.571429
1725860,IT,RO,GASDI,RAILW,0.2,132099.805,4,4,132099.794,0.0,0.0,0.0,0.011,660499.025
1813953,IT,WM,SEACO,POULT,0.13,132098.929,4,4,132098.927,0.0,0.0,0.0,0.002,1016145.607692
1803859,IT,WF,TEXTI,AIRTR,0.78,132086.568,4,4,132086.55,0.0,0.0,0.0,0.018,169341.753846
1770922,IT,CH,WHEAT,WHOLE,0.1,132081.547,5,5,132080.544,0.0,1.0,0.0,0.003,1320815.47
1805683,IT,WF,BASIC,IRONO,0.15,132075.089,4,4,132075.081,0.0,0.0,0.0,0.008,880500.593333
1641512,IT,AT,HEAVY,TOBAC,0.21,132074.134,4,4,132074.123,0.0,0.0,0.0,0.011,628924.447619
1790703,IT,WA,FABRI,INLAN,0.54,132064.457,4,4,132064.448,0.0,0.0,0.0,0.009,244563.809259
1684082,IT,HR,HOTEL,HOTEL,0.96,132056.311,4,4,132056.301,0.0,0.0,0.0,0.01,137558.657292
1794343,IT,WL,MOTOR,TRAN2,0.2,132053.357,4,4,132053.346,0.0,0.0,0.0,0.011,660266.785
1723435,IT,PT,PREC1,PFERT,0.22,132052.973,4,4,132052.967,0.0,0.0,0.0,0.006,600240.786364
1753027,IT,CA,CHEM1,ELECT,0.28,132049.649,4,4,132049.635,0.0,0.0,0.0,0.014,471605.889286
1646427,IT,BE,MACHI,VEGET,0.74,132042.925,4,4,132042.914,0.0,0.0,0.0,0.011,178436.385135
1686980,IT,HU,MACHI,RENTI,0.74,132025.231,4,4,132025.22,0.0,0.0,0.0,0.011,178412.474324
1737421,IT,GB,WEARI,WEARI,0.99,132010.643,4,4,132010.618,0.0,0.0,0.0,0.025,133344.083838
1679841,IT,GR,ALUM1,MEDIC,0.23,131996.101,4,4,131996.09,0.0,0.0,0.0,0.011,573896.091304
1658792,IT,DE,MOTO1,CHEM1,0.7,131978.279,4,4,131978.27,0.0,0.0,0.0,0.009,188540.398571
1757938,IT,BR,CHEM1,MEMBE,0.28,131967.999,4,4,131967.985,0.0,0.0,0.0,0.014,471314.282143
1812310,IT,WM,BASIC,PULP5,0.15,131964.352,4,4,131964.344,0.0,0.0,0.0,0.008,879762.346667
1755773,IT,KR,GLASS,HEALT,0.36,131950.286,5,5,131949.278,0.0,0.0,1.0,0.008,366528.572222
1741214,IT,US,WOODW,CEMEN,0.37,131941.838,5,5,131940.829,0.0,1.0,0.0,0.009,356599.562162
1795990,IT,WL,MOTO1,FURNI,0.7,131931.858,4,4,131931.849,0.0,0.0,0.0,0.009,188474.082857
1729415,IT,SE,BASIC,LANDT,0.15,131930.781,4,4,131930.773,0.0,0.0,0.0,0.008,879538.54
1719606,IT,PL,CERAM,CEMEN,0.21,131920.586,5,5,131919.579,0.0,0.0,1.0,0.007,628193.266667
1682460,IT,HR,PAPER,SUPPO,0.51,131919.37,5,5,131918.357,0.0,1.0,0.0,0.013,258665.431373
1683461,IT,HR,PREC1,WOODW,0.22,131898.445,4,4,131898.439,0.0,0.0,0.0,0.006,599538.386364
1814475,IT,WM,COMPU,PUBLI,1.51,131896.891,4,4,131896.883,0.0,0.0,0.0,0.008,87348.934437
1644973,IT,BE,WOODW,ELEC3,0.37,131890.316,5,5,131889.307,0.0,1.0,0.0,0.009,356460.313514
1776048,IT,TR,TEXTI,CONST,0.78,131870.266,4,4,131870.248,0.0,0.0,0.0,0.018,169064.44359
1753340,IT,CA,BASIC,SUPPO,0.15,131859.02,4,4,131859.012,0.0,0.0,0.0,0.008,879060.133333
1649519,IT,BG,RUBBE,WEARI,0.44,131854.434,4,4,131854.422,0.0,0.0,0.0,0.012,299669.168182
1651646,IT,CY,BASIC,OFFIC,0.15,131850.861,4,4,131850.853,0.0,0.0,0.0,0.008,879005.74
1754794,IT,KR,FOOD5,PAPER,0.63,131829.902,5,5,131828.89,0.0,1.0,0.0,0.012,209253.812698
1751971,IT,CN,RESEA,LEATH,0.71,131818.447,4,4,131818.438,0.0,0.0,0.0,0.009,185659.784507
1718452,IT,PL,TEXTI,ANIMA,0.78,131803.497,4,4,131803.48,0.0,0.0,0.0,0.017,168978.842308
1772654,IT,CH,GLASS,HOTEL,0.36,131799.945,5,5,131798.937,0.0,0.0,1.0,0.008,366110.958333
1641212,IT,AT,PRINT,BUSIN,1.26,131795.728,4,4,131795.718,0.0,0.0,0.0,0.01,104599.784127
1666643,IT,ES,CHEM1,FOOD2,0.28,131789.574,4,4,131789.56,0.0,0.0,0.0,0.014,470677.05
1770197,IT,AU,HOTEL,CROPS,0.96,131777.527,4,4,131777.517,0.0,0.0,0.0,0.01,137268.257292
1673920,IT,FR,MOTOR,SALEM,0.2,131774.309,4,4,131774.298,0.0,0.0,0.0,0.011,658871.545
1670482,IT,FI,BEVER,PAPER,0.56,131771.45,4,4,131771.442,0.0,0.0,0.0,0.008,235306.160714
1677851,IT,FR,BUSIN,MEAT1,1.35,131766.067,4,4,131766.058,0.0,0.0,0.0,0.009,97604.494074
1755586,IT,KR,CHEM1,SUPPO,0.28,131730.568,4,4,131730.554,0.0,0.0,0.0,0.014,470466.314286
1752976,IT,CA,CHEM1,PRECI,0.28,131722.653,4,4,131722.639,0.0,0.0,0.0,0.014,470438.046429
1672517,IT,FR,WHEAT,PIGS9,0.1,131716.714,5,5,131715.711,0.0,1.0,0.0,0.003,1317167.14
1768557,IT,AU,FOOD5,MEMBE,0.63,131699.428,5,5,131698.416,0.0,1.0,0.0,0.012,209046.711111
1671221,IT,FI,BASIC,PEAT2,0.15,131698.378,4,4,131698.37,0.0,0.0,0.0,0.008,877989.186667
1790312,IT,WA,ALUM1,GASDI,0.23,131697.784,4,4,131697.773,0.0,0.0,0.0,0.011,572599.06087
1812162,IT,WM,CEMEN,HOTEL,0.21,131697.261,5,5,131696.255,0.0,0.0,1.0,0.006,627129.814286
1761597,IT,IN,NONF1,TRANS,0.03,131692.562,3,3,131692.562,0.0,0.0,0.0,0.0,4389752.066667
1735645,IT,SK,NONF1,COPP1,0.03,131689.589,3,3,131689.589,0.0,0.0,0.0,0.0,4389652.966667
1676531,IT,FR,HOTEL,PIGS9,0.95,131677.922,4,4,131677.912,0.0,0.0,0.0,0.01,138608.338947
1805012,IT,WF,PLAST,GASDI,0.28,131670.275,4,4,131670.262,0.0,0.0,0.0,0.013,470250.982143
1728731,IT,SE,KEROS,MACHI,0.2,131651.112,4,4,131651.101,0.0,0.0,0.0,0.011,658255.56
1757721,IT,BR,NAPHT,BIOGA,0.22,131644.843,4,4,131644.834,0.0,0.0,0.0,0.009,598385.65
1679045,IT,GR,WOODW,FABRI,0.37,131637.019,5,5,131636.01,0.0,1.0,0.0,0.009,355775.727027
1808954,IT,WM,CEREA,REALE,0.21,131633.136,5,5,131632.129,0.0,1.0,0.0,0.007,626824.457143
1720376,IT,PL,MACHI,CROPS,0.73,131596.734,4,4,131596.723,0.0,0.0,0.0,0.011,180269.49863
1728248,IT,SE,FOOD5,PUBLI,0.63,131596.031,5,5,131595.019,0.0,1.0,0.0,0.012,208882.588889
1812406,IT,WM,PREC1,NATUR,0.22,131589.421,4,4,131589.415,0.0,0.0,0.0,0.006,598133.731818
1686711,IT,HU,COPP1,FOUND,0.33,131589.282,4,4,131589.275,0.0,0.0,0.0,0.007,398755.4
1735475,IT,SK,BASIC,SUPPO,0.15,131588.167,4,4,131588.159,0.0,0.0,0.0,0.008,877254.446667
1737591,IT,GB,PAPER,TEXTI,0.51,131574.774,5,5,131573.761,0.0,1.0,0.0,0.013,257989.752941
1811517,IT,WM,NFERT,MEAT1,0.03,131569.583,4,4,131569.572,0.0,0.0,0.0,0.011,4385652.766667
1773213,IT,CH,FABRI,BASIC,0.54,131530.66,4,4,131530.651,0.0,0.0,0.0,0.009,243575.296296
1746913,IT,JP,MOTO1,MOTOR,0.7,131523.726,4,4,131523.717,0.0,0.0,0.0,0.009,187891.037143
1803159,IT,WF,VEGET,PUBLI,0.47,131519.978,5,5,131518.973,0.0,1.0,0.0,0.005,279829.740426
1668978,IT,ES,AIRTR,LANDT,0.14,131518.121,4,4,131518.117,0.0,0.0,0.0,0.004,939415.15
1712444,IT,LV,BASIC,WHOLE,0.15,131509.868,4,4,131509.86,0.0,0.0,0.0,0.008,876732.453333
1734580,IT,SK,BEVER,BEVER,0.56,131502.646,4,4,131502.638,0.0,0.0,0.0,0.008,234826.153571
1658327,IT,DE,COPP1,PUBLI,0.33,131497.389,4,4,131497.382,0.0,0.0,0.0,0.007,398476.936364
1657967,IT,DE,BASIC,TRAN2,0.15,131486.322,4,4,131486.314,0.0,0.0,0.0,0.008,876575.48
1677487,IT,FR,AUXIL,NUCLE,2.4,131483.134,4,4,131483.128,0.0,0.0,0.0,0.006,54784.639167
1794274,IT,WL,MOTOR,TOBAC,0.2,131478.899,4,4,131478.888,0.0,0.0,0.0,0.011,657394.495
1723123,IT,PT,CHEM1,COMPU,0.27,131462.511,4,4,131462.497,0.0,0.0,0.0,0.014,486898.188889
1792049,IT,WA,AIRTR,WEARI,0.14,131459.117,4,4,131459.113,0.0,0.0,0.0,0.004,938993.692857
1689480,IT,IE,HOTEL,HEALT,0.95,131444.339,4,4,131444.329,0.0,0.0,0.0,0.01,138362.462105
1683333,IT,HR,NONME,BRICK,0.27,131435.913,4,4,131435.899,0.0,0.0,0.0,0.014,486799.677778
1801292,IT,WE,MACHI,SANDC,0.73,131406.507,4,4,131406.496,0.0,0.0,0.0,0.011,180008.913699
1768777,IT,AU,WEARI,EDUCA,0.99,131384.56,4,4,131384.535,0.0,0.0,0.0,0.025,132711.676768
1798837,IT,WE,FOOD5,SUPPO,0.63,131379.765,5,5,131378.753,0.0,1.0,0.0,0.012,208539.309524
1656814,IT,DE,GASDI,MOTO1,0.2,131365.117,4,4,131365.106,0.0,0.0,0.0,0.011,656825.585
1766048,IT,RU,CHEM1,RENTI,0.27,131361.427,4,4,131361.413,0.0,0.0,0.0,0.014,486523.803704
1721257,IT,PL,LANDT,ALUM1,0.85,131354.563,4,4,131354.557,0.0,0.0,0.0,0.006,154534.78
1657794,IT,DE,NONME,BIODI,0.27,131342.69,4,4,131342.676,0.0,0.0,0.0,0.014,486454.407407
1752081,IT,CN,BUSIN,PAPER,1.35,131342.646,4,4,131342.637,0.0,0.0,0.0,0.009,97290.848889
1812363,IT,WM,BASIC,DIST1,0.15,131339.843,4,4,131339.835,0.0,0.0,0.0,0.008,875598.953333
1771668,IT,CH,WEARI,DIST1,0.99,131313.324,4,4,131313.299,0.0,0.0,0.0,0.025,132639.721212
1766651,IT,RU,FABRI,COPP1,0.53,131309.874,4,4,131309.865,0.0,0.0,0.0,0.009,247754.479245
1781897,IT,NO,CHEM1,PFERT,0.27,131309.522,4,4,131309.508,0.0,0.0,0.0,0.014,486331.562963
1777365,IT,TR,GLASS,BUSIN,0.36,131268.443,5,5,131267.435,0.0,0.0,1.0,0.008,364634.563889
1771505,IT,CH,FISH5,MEATC,0.55,131259.98,4,4,131259.913,0.0,0.0,0.0,0.067,238654.509091
1746763,IT,JP,MACHI,FISHF,0.73,131246.251,4,4,131246.24,0.0,0.0,0.0,0.011,179789.384932
1738351,IT,GB,BASIC,PAPE4,0.15,131236.883,4,4,131236.875,0.0,0.0,0.0,0.008,874912.553333
1688004,IT,HU,RENTI,POSTT,0.78,131219.079,4,4,131219.072,0.0,0.0,0.0,0.007,168229.588462
1728681,IT,SE,PRINT,RESEA,1.26,131207.569,4,4,131207.559,0.0,0.0,0.0,0.01,104132.99127
1788770,IT,WA,MOTOR,RECRE,0.2,131204.137,4,4,131204.126,0.0,0.0,0.0,0.011,656020.685
1751600,IT,CN,POSTT,CONST,2.16,131194.783,4,4,131194.773,0.0,0.0,0.0,0.01,60738.325463
1686133,IT,HU,RUBBE,RENTI,0.43,131191.766,4,4,131191.754,0.0,0.0,0.0,0.012,305097.130233
1658297,IT,DE,COPP1,ELEC3,0.33,131190.098,4,4,131190.091,0.0,0.0,0.0,0.007,397545.751515
1659279,IT,DE,SALEM,RENTI,1.06,131179.839,4,4,131179.831,0.0,0.0,0.0,0.008,123754.565094
1813994,IT,WM,SEACO,NFERT,0.13,131172.048,4,4,131172.046,0.0,0.0,0.0,0.002,1009015.753846
1798649,IT,WE,MEAT4,BUSIN,0.72,131169.729,5,5,131168.72,0.0,1.0,0.0,0.009,182180.179167
1758365,IT,BR,FABRI,MEATP,0.53,131167.664,4,4,131167.655,0.0,0.0,0.0,0.009,247486.158491
1741448,IT,US,MOTOR,MACHI,0.2,131167.08,4,4,131167.069,0.0,0.0,0.0,0.011,655835.4
1662558,IT,DK,FABRI,TEXTI,0.53,131155.483,4,4,131155.474,0.0,0.0,0.0,0.009,247463.175472
1655276,IT,DE,WHEAT,COMPU,0.1,131149.328,5,5,131148.325,0.0,1.0,0.0,0.003,1311493.28
1721352,IT,PL,TRAN2,SUPPO,0.2,131139.53,4,4,131139.526,0.0,0.0,0.0,0.004,655697.65
1767544,IT,RU,AIRTR,OFFIC,0.14,131138.019,4,4,131138.015,0.0,0.0,0.0,0.004,936700.135714
1759749,IT,BR,BUSIN,NFERT,1.35,131128.969,4,4,131128.96,0.0,0.0,0.0,0.009,97132.56963
1739656,IT,GB,AIRTR,SEACO,0.14,131128.307,4,4,131128.303,0.0,0.0,0.0,0.004,936630.764286
1662574,IT,DK,FABRI,BASIC,0.53,131122.381,4,4,131122.372,0.0,0.0,0.0,0.009,247400.718868
1788973,IT,WA,HEAVY,OFFIC,0.21,131120.396,4,4,131120.385,0.0,0.0,0.0,0.011,624382.838095
1742091,IT,US,RUBBE,GLASS,0.43,131089.229,4,4,131089.217,0.0,0.0,0.0,0.012,304858.672093
1788103,IT,WA,WEARI,MEATA,0.99,131076.889,4,4,131076.864,0.0,0.0,0.0,0.025,132400.89798
1651871,IT,CY,SUPPO,SUPPO,0.94,131075.816,4,4,131075.81,0.0,0.0,0.0,0.006,139442.357447
1801754,IT,WE,ELEC2,CONST,0.03,131069.072,4,4,131069.058,0.0,0.0,0.0,0.014,4368969.066667
1753194,IT,CA,GLASS,MACHI,0.36,131048.644,5,5,131047.636,0.0,0.0,1.0,0.008,364024.011111
1753337,IT,CA,BASIC,RAILW,0.15,131031.57,4,4,131031.562,0.0,0.0,0.0,0.008,873543.8
1738491,IT,GB,COPP1,LANDT,0.33,131017.987,4,4,131017.98,0.0,0.0,0.0,0.007,397024.20303
1799758,IT,WE,KEROS,RETAI,0.19,131017.742,4,4,131017.731,0.0,0.0,0.0,0.011,689567.063158
1713690,IT,MT,FABRI,FABRI,0.53,131005.36,4,4,131005.351,0.0,0.0,0.0,0.009,247179.924528
1794197,IT,WL,PRINT,COPP1,1.26,131003.435,4,4,131003.425,0.0,0.0,0.0,0.01,103970.980159
1809609,IT,WM,DAIRY,POULT,0.53,131001.811,5,5,131000.802,0.0,1.0,0.0,0.009,247173.228302
1642438,IT,AT,ALUM1,PREC1,0.23,131001.81,4,4,131001.8,0.0,0.0,0.0,0.01,569573.086957
1728619,IT,SE,PAPER,RECRE,0.51,130994.27,5,5,130993.257,0.0,1.0,0.0,0.013,256851.509804
1710371,IT,LT,HOTEL,HEAVY,0.95,130969.819,4,4,130969.809,0.0,0.0,0.0,0.01,137862.967368
1743404,IT,US,SALEM,PUBLI,1.06,130969.297,4,4,130969.289,0.0,0.0,0.0,0.008,123555.940566
1649473,IT,BG,CHEM1,EDUCA,0.27,130951.18,4,4,130951.166,0.0,0.0,0.0,0.014,485004.37037
1789401,IT,WA,CHEM1,ELEC4,0.27,130947.982,4,4,130947.968,0.0,0.0,0.0,0.014,484992.525926
1811590,IT,WM,CHEM1,HYDRO,0.27,130946.586,4,4,130946.572,0.0,0.0,0.0,0.014,484987.355556
1766909,IT,RU,OFFIC,POSTT,0.41,130920.984,4,4,130920.975,0.0,0.0,0.0,0.009,319319.473171
1725261,IT,RO,FOOD5,BUSIN,0.63,130916.048,5,5,130915.036,0.0,1.0,0.0,0.012,207803.250794
1656768,IT,DE,KEROS,WHOLE,0.19,130915.388,4,4,130915.377,0.0,0.0,0.0,0.011,689028.357895
1812209,IT,WM,NONME,ETHAN,0.26,130892.913,4,4,130892.899,0.0,0.0,0.0,0.014,503434.280769
1680371,IT,GR,ELEC2,NAPHT,0.03,130890.843,4,4,130890.829,0.0,0.0,0.0,0.014,4363028.1
1764205,IT,MX,MACHI,TOBAC,0.73,130884.943,4,4,130884.932,0.0,0.0,0.0,0.011,179294.442466
1795675,IT,WL,FABRI,RADIO,0.53,130872.536,4,4,130872.527,0.0,0.0,0.0,0.009,246929.313208
1739614,IT,GB,SEACO,WHOLE,0.13,130860.876,4,4,130860.874,0.0,0.0,0.0,0.002,1006622.123077
1732611,IT,SI,GLASS,GLASS,0.36,130851.542,5,5,130850.535,0.0,0.0,1.0,0.007,363476.505556
1776514,IT,TR,MOTOR,MEMBE,0.2,130821.369,4,4,130821.358,0.0,0.0,0.0,0.011,654106.845
1688244,IT,IE,VEGET,BEVER,0.46,130799.953,5,5,130798.948,0.0,1.0,0.0,0.005,284347.723913
1686972,IT,HU,MACHI,LANDT,0.73,130793.51,4,4,130793.499,0.0,0.0,0.0,0.011,179169.191781
1801633,IT,WE,FURNI,BITUM,0.42,130781.215,4,4,130781.204,0.0,0.0,0.0,0.011,311383.845238
1772416,IT,CH,CHEM1,MEDIC,0.27,130746.038,4,4,130746.024,0.0,0.0,0.0,0.014,484244.585185
1803298,IT,WF,FISHF,CHARC,0.23,130742.529,4,4,130742.524,0.0,0.0,0.0,0.005,568445.778261
1749026,IT,CN,LEATH,FOUND,0.94,130740.597,5,5,130739.574,0.0,1.0,0.0,0.023,139085.741489
1809527,IT,WM,MEAT4,REALE,0.72,130732.355,5,5,130731.346,0.0,1.0,0.0,0.009,181572.715278
1761483,IT,IN,PREC1,RADIO,0.22,130732.281,4,4,130732.275,0.0,0.0,0.0,0.006,594237.640909
1757108,IT,BR,VEGET,DAIRY,0.46,130728.125,5,5,130727.12,0.0,1.0,0.0,0.005,284191.576087
1762754,IT,IN,BUSIN,ELEC1,1.34,130720.822,4,4,130720.813,0.0,0.0,0.0,0.009,97552.852239
1719354,IT,PL,RUBBE,PIGS9,0.43,130709.034,4,4,130709.022,0.0,0.0,0.0,0.012,303974.497674
1716831,IT,NL,HOTEL,DAIRY,0.95,130703.933,4,4,130703.923,0.0,0.0,0.0,0.01,137583.087368
1719218,IT,PL,CHEM1,RAWMI,0.27,130700.726,4,4,130700.712,0.0,0.0,0.0,0.014,484076.762963
1776727,IT,TR,LIQUE,FOOD5,0.23,130698.655,4,4,130698.644,0.0,0.0,0.0,0.011,568255.021739
1798776,IT,WE,FOOD5,FISH5,0.63,130685.031,5,5,130684.019,0.0,1.0,0.0,0.012,207436.557143
1759652,IT,BR,RESEA,RADIO,0.71,130684.476,4,4,130684.467,0.0,0.0,0.0,0.009,184062.642254
1674961,IT,FR,BASIC,FOOD1,0.15,130679.214,4,4,130679.206,0.0,0.0,0.0,0.008,871194.76
1720563,IT,PL,OFFIC,DIST1,0.4,130666.957,4,4,130666.948,0.0,0.0,0.0,0.009,326667.3925
1715596,IT,NL,LIQUE,OFFIC,0.23,130641.252,4,4,130641.241,0.0,0.0,0.0,0.011,568005.443478
1750314,IT,CN,NONF1,ELEC2,0.03,130626.218,3,3,130626.218,0.0,0.0,0.0,0.0,4354207.266667
1642720,IT,AT,MACHI,PULP5,0.73,130616.09,4,4,130616.079,0.0,0.0,0.0,0.011,178926.150685
1761247,IT,IN,RUBBE,PAPER,0.43,130612.456,4,4,130612.444,0.0,0.0,0.0,0.012,303749.897674
1720141,IT,PL,COPP1,NATUR,0.33,130600.304,4,4,130600.297,0.0,0.0,0.0,0.007,395758.49697
1652329,IT,CZ,BEVER,BUSIN,0.56,130595.117,4,4,130595.109,0.0,0.0,0.0,0.008,233205.566071
1728395,IT,SE,TEXTI,RESEA,0.77,130592.051,4,4,130592.034,0.0,0.0,0.0,0.017,169600.066234
1798974,IT,WE,TOBAC,INSUR,0.51,130591.277,5,5,130590.269,0.0,1.0,0.0,0.008,256061.327451
1667573,IT,ES,FABRI,FOOD1,0.53,130585.624,4,4,130585.615,0.0,0.0,0.0,0.009,246387.969811
1753145,IT,CA,RUBBE,SUPPO,0.43,130582.549,4,4,130582.537,0.0,0.0,0.0,0.012,303680.346512
1729474,IT,SE,ALUM1,PAPER,0.23,130551.42,4,4,130551.41,0.0,0.0,0.0,0.01,567614.869565
1755690,IT,KR,RUBBE,LANDT,0.43,130549.786,4,4,130549.774,0.0,0.0,0.0,0.012,303604.153488
1746219,IT,JP,CHEM1,WEARI,0.27,130527.307,4,4,130527.293,0.0,0.0,0.0,0.014,483434.47037
1776640,IT,TR,GASDI,POSTT,0.19,130517.815,4,4,130517.804,0.0,0.0,0.0,0.011,686935.868421
1810470,IT,WM,PULP5,EDUCA,0.4,130503.492,5,5,130502.48,0.0,1.0,0.0,0.012,326258.73
1762732,IT,IN,BUSIN,RUBBE,1.34,130488.896,4,4,130488.887,0.0,0.0,0.0,0.009,97379.773134
1742517,IT,US,BASIC,RENTI,0.15,130484.636,4,4,130484.628,0.0,0.0,0.0,0.008,869897.573333
1674174,IT,FR,LIQUE,RAWMI,0.23,130482.625,4,4,130482.614,0.0,0.0,0.0,0.011,567315.76087
1781440,IT,NO,FOOD5,HEALT,0.63,130480.233,5,5,130479.221,0.0,1.0,0.0,0.012,207111.480952
1777672,IT,TR,COPP1,CRUDE,0.33,130470.152,4,4,130470.145,0.0,0.0,0.0,0.007,395364.09697
1681797,IT,HR,MEATC,HOTEL,0.44,130462.769,5,5,130460.761,0.0,2.0,0.0,0.008,296506.293182
1795902,IT,WL,OFFIC,REALE,0.4,130459.154,4,4,130459.145,0.0,0.0,0.0,0.009,326147.885
1725112,IT,RO,SANDC,CEMEN,0.3,130453.575,5,5,130424.57,0.0,0.0,29.0,0.005,434845.25
1739797,IT,GB,POSTT,RETA1,2.15,130449.937,4,4,130449.927,0.0,0.0,0.0,0.01,60674.389302
1683714,IT,HR,MACHI,BEVER,0.73,130440.753,4,4,130440.742,0.0,0.0,0.0,0.011,178685.963014
1731557,IT,SI,TEXTI,RUBBE,0.77,130438.68,4,4,130438.663,0.0,0.0,0.0,0.017,169400.883117
1675845,IT,FR,ELEC1,CONST,0.02,130426.492,4,4,130426.484,0.0,0.0,0.0,0.008,6521324.6
1740942,IT,US,FOOD5,CONST,0.63,130425.713,5,5,130424.701,0.0,1.0,0.0,0.012,207024.94127
1814115,IT,WM,AIRTR,NONF1,0.14,130420.799,4,4,130420.795,0.0,0.0,0.0,0.004,931577.135714
1733849,IT,SI,TRAN2,LANDT,0.2,130416.981,4,4,130416.977,0.0,0.0,0.0,0.004,652084.905
1753273,IT,CA,NONME,HYDRO,0.26,130415.486,4,4,130415.472,0.0,0.0,0.0,0.014,501598.023077
1776812,IT,TR,NAPHT,TRANS,0.22,130411.551,4,4,130411.542,0.0,0.0,0.0,0.009,592779.777273
1722987,IT,PT,BITU1,GASDI,0.21,130410.756,4,4,130410.746,0.0,0.0,0.0,0.01,621003.6
1709957,IT,LT,BASIC,FINAN,0.15,130409.842,4,4,130409.834,0.0,0.0,0.0,0.008,869398.946667
1719106,IT,PL,NONSP,CONST,0.17,130406.729,4,4,130406.722,0.0,0.0,0.0,0.007,767098.405882
1643618,IT,AT,AIRTR,BASIC,0.14,130403.119,4,4,130403.115,0.0,0.0,0.0,0.004,931450.85
1727325,IT,RO,POSTT,MOTO1,2.15,130398.87,4,4,130398.86,0.0,0.0,0.0,0.01,60650.637209
1777437,IT,TR,NONME,FABRI,0.26,130396.216,4,4,130396.202,0.0,0.0,0.0,0.014,501523.907692
1673025,IT,FR,FOOD5,ANIMA,0.63,130389.976,5,5,130388.964,0.0,1.0,0.0,0.012,206968.215873
1792549,IT,WA,RENTI,SANDC,0.78,130387.683,4,4,130387.676,0.0,0.0,0.0,0.007,167163.696154
1793616,IT,WL,VEGE1,HEALT,0.4,130378.72,5,5,130377.692,0.0,1.0,0.0,0.028,325946.8
1720009,IT,PL,ALUM1,PRINT,0.23,130376.517,4,4,130376.507,0.0,0.0,0.0,0.01,566854.421739
1719840,IT,PL,BASIC,RETAI,0.15,130357.866,4,4,130357.858,0.0,0.0,0.0,0.008,869052.44
1795163,IT,WL,RUBBE,RETA1,0.43,130339.86,4,4,130339.848,0.0,0.0,0.0,0.012,303115.953488
1714891,IT,NL,BEVER,MOTOR,0.55,130336.96,4,4,130336.952,0.0,0.0,0.0,0.008,236976.290909
1673122,IT,FR,FOOD5,MEMBE,0.63,130314.634,5,5,130313.622,0.0,1.0,0.0,0.012,206848.625397
1645942,IT,BE,CERAM,MOTO1,0.2,130314.5,5,5,130313.493,0.0,0.0,1.0,0.007,651572.5
1715973,IT,NL,CERAM,MOTO1,0.2,130310.678,5,5,130309.671,0.0,0.0,1.0,0.007,651553.39
1715491,IT,NL,KERO1,PLANT,0.19,130309.458,4,4,130309.447,0.0,0.0,0.0,0.011,685839.252632
1779606,IT,TR,COMPU,POSTT,1.49,130305.382,4,4,130305.374,0.0,0.0,0.0,0.008,87453.27651
1740813,IT,US,VEGE1,HEAVY,0.4,130302.995,5,5,130301.967,0.0,1.0,0.0,0.028,325757.4875
1661236,IT,DK,VEGET,MEATP,0.46,130302.376,5,5,130301.371,0.0,1.0,0.0,0.005,283266.034783
1775220,IT,CH,RESEA,REALE,0.71,130292.244,4,4,130292.235,0.0,0.0,0.0,0.009,183510.202817
1806844,IT,WF,RETA1,HOTEL,1.36,130287.106,4,4,130287.097,0.0,0.0,0.0,0.009,95799.342647
1719756,IT,PL,BASIC,FORES,0.15,130261.022,4,4,130261.014,0.0,0.0,0.0,0.008,868406.813333
1650916,IT,BG,SEACO,CHEM1,0.13,130257.04,4,4,130257.038,0.0,0.0,0.0,0.002,1001977.230769
1664263,IT,EE,BASIC,OFFIC,0.15,130239.707,4,4,130239.699,0.0,0.0,0.0,0.008,868264.713333
1773876,IT,CH,ELEC7,TRAN1,0.09,130232.511,4,4,130232.509,0.0,0.0,0.0,0.002,1447027.9
1751371,IT,CN,SEACO,PULP5,0.13,130230.157,4,4,130230.155,0.0,0.0,0.0,0.002,1001770.438462
1798874,IT,WE,BEVER,WEARI,0.55,130224.485,4,4,130224.477,0.0,0.0,0.0,0.008,236771.790909
1659789,IT,DE,LANDT,WEARI,0.84,130223.528,4,4,130223.522,0.0,0.0,0.0,0.006,155028.009524
1640593,IT,AT,BEVER,CATTL,0.55,130214.249,4,4,130214.241,0.0,0.0,0.0,0.008,236753.18
1764904,IT,MX,AIRTR,POSTT,0.14,130198.667,4,4,130198.663,0.0,0.0,0.0,0.004,929990.478571
1725701,IT,RO,PAPER,RETAI,0.5,130196.284,5,5,130195.271,0.0,1.0,0.0,0.013,260392.568
1729358,IT,SE,BASIC,PRECI,0.15,130189.032,4,4,130189.024,0.0,0.0,0.0,0.008,867926.88
1656292,IT,DE,LEATH,RUBBE,0.93,130185.878,5,5,130184.855,0.0,1.0,0.0,0.023,139984.815054
1731908,IT,SI,MOTOR,POULT,0.19,130185.393,4,4,130185.382,0.0,0.0,0.0,0.011,685186.278947
1726675,IT,RO,TRANS,MACHI,0.78,130180.04,4,4,130180.033,0.0,0.0,0.0,0.007,166897.487179
1731789,IT,SI,PAPER,BRICK,0.5,130157.412,5,5,130156.399,0.0,1.0,0.0,0.013,260314.824
1646585,IT,BE,MOTO1,RUBBE,0.69,130152.477,4,4,130152.469,0.0,0.0,0.0,0.008,188626.778261
1755641,IT,KR,RUBBE,PAPER,0.43,130144.328,4,4,130144.316,0.0,0.0,0.0,0.012,302661.227907
1813980,IT,WM,SEACO,WOODW,0.13,130133.765,4,4,130133.763,0.0,0.0,0.0,0.002,1001028.961538
1665707,IT,ES,PAPER,PROCE,0.5,130128.575,5,5,130127.562,0.0,1.0,0.0,0.013,260257.15
1773015,IT,CH,ALUM1,TOBAC,0.23,130119.945,4,4,130119.935,0.0,0.0,0.0,0.01,565738.891304
1653765,IT,CZ,COPP1,DISTR,0.33,130111.471,4,4,130111.464,0.0,0.0,0.0,0.007,394277.184848
1766270,IT,RU,CERAM,MOTO1,0.2,130111.374,5,5,130110.367,0.0,0.0,1.0,0.007,650556.87
1753222,IT,CA,CERAM,CHEM1,0.2,130110.654,5,5,130109.647,0.0,0.0,1.0,0.007,650553.27
1765844,IT,RU,HEAVY,BASIC,0.21,130108.627,4,4,130108.617,0.0,0.0,0.0,0.01,619564.890476
1757817,IT,BR,PFERT,WOODW,0.06,130105.845,4,4,130105.824,0.0,0.0,0.0,0.021,2168430.75
1796556,IT,WL,RETA1,EDUCA,1.36,130105.793,4,4,130105.784,0.0,0.0,0.0,0.009,95666.024265
1763617,IT,MX,ADDIT,LIQUE,0.3,130090.072,5,5,130089.062,0.0,1.0,0.0,0.01,433633.573333
1646930,IT,BE,WHOLE,DISTR,1.12,130083.57,4,4,130083.562,0.0,0.0,0.0,0.008,116146.044643
1746411,IT,JP,RUBBE,HOTEL,0.43,130079.729,4,4,130079.717,0.0,0.0,0.0,0.012,302510.997674
1785952,IT,ZA,RUBBE,NONME,0.43,130077.201,4,4,130077.189,0.0,0.0,0.0,0.012,302505.118605
1664969,IT,ES,SANDC,MEDIC,0.3,130074.623,5,5,130045.618,0.0,0.0,29.0,0.005,433582.076667
1665318,IT,ES,FISH5,RAWMI,0.55,130065.65,4,4,130065.583,0.0,0.0,0.0,0.067,236483.0
1813396,IT,WM,FURNI,COLLE,0.42,130052.365,4,4,130052.354,0.0,0.0,0.0,0.011,309648.488095
1676190,IT,FR,CONST,MOTO1,0.73,130037.415,4,4,130037.408,0.0,0.0,0.0,0.007,178133.445205
1675076,IT,FR,ALUM1,RETA1,0.23,130036.628,4,4,130036.618,0.0,0.0,0.0,0.01,565376.643478
1765781,IT,RU,MOTOR,MOTOR,0.19,130036.575,4,4,130036.564,0.0,0.0,0.0,0.011,684403.026316
1727836,IT,RO,BUSIN,LANDT,1.34,130029.006,4,4,130028.997,0.0,0.0,0.0,0.009,97036.571642
1650527,IT,BG,ELEC6,HEALT,0.02,130024.703,4,4,130024.682,0.0,0.0,0.0,0.021,6501235.15
1789828,IT,WA,CERAM,WOODW,0.2,129996.971,5,5,129995.964,0.0,0.0,1.0,0.007,649984.855
1660744,IT,DE,RENTI,RESEA,0.78,129989.608,4,4,129989.601,0.0,0.0,0.0,0.007,166653.34359
1650364,IT,BG,ELEC2,SALEM,0.03,129989.383,4,4,129989.369,0.0,0.0,0.0,0.014,4332979.433333
1676026,IT,FR,ELEC6,DAIRY,0.02,129983.289,4,4,129983.268,0.0,0.0,0.0,0.021,6499164.45
1667119,IT,ES,BASIC,CHEMI,0.15,129974.021,4,4,129974.013,0.0,0.0,0.0,0.008,866493.473333
1669306,IT,ES,FINAN,MACHI,1.69,129971.187,4,4,129971.183,0.0,0.0,0.0,0.004,76906.027811
1799746,IT,WE,KEROS,ALUM1,0.19,129970.656,4,4,129970.645,0.0,0.0,0.0,0.011,684056.084211
1786092,IT,ZA,NONME,NONME,0.26,129969.823,4,4,129969.809,0.0,0.0,0.0,0.014,499883.934615
1673440,IT,FR,WEARI,DIST1,0.98,129969.745,4,4,129969.72,0.0,0.0,0.0,0.025,132622.188776
1667965,IT,ES,TRANS,RUBBE,0.78,129949.858,4,4,129949.851,0.0,0.0,0.0,0.007,166602.382051
1804650,IT,WF,HEAVY,SUPPO,0.21,129929.95,4,4,129929.94,0.0,0.0,0.0,0.01,618714.047619
1789363,IT,WA,CHEM1,GASDI,0.27,129929.248,4,4,129929.234,0.0,0.0,0.0,0.014,481219.437037
1661574,IT,DK,BEVER,MACHI,0.55,129928.779,4,4,129928.771,0.0,0.0,0.0,0.008,236234.143636
1809963,IT,WM,FISH5,PFERT,0.55,129909.321,4,4,129909.254,0.0,0.0,0.0,0.067,236198.765455
1754740,IT,KR,DAIRY,CERAM,0.53,129906.844,5,5,129905.835,0.0,1.0,0.0,0.009,245107.25283
1804288,IT,WF,MOTOR,WOODW,0.19,129889.267,4,4,129889.256,0.0,0.0,0.0,0.011,683627.721053
1688427,IT,IE,BEVER,RENTI,0.55,129870.456,4,4,129870.448,0.0,0.0,0.0,0.008,236128.101818
1717467,IT,NL,AUXIL,INSUR,2.37,129864.368,4,4,129864.362,0.0,0.0,0.0,0.006,54795.091983
1660279,IT,DE,POSTT,CONST,2.14,129861.994,4,4,129861.984,0.0,0.0,0.0,0.01,60683.174766
1802573,IT,WE,FINAN,RETA1,1.69,129859.954,4,4,129859.95,0.0,0.0,0.0,0.004,76840.209467
1648876,IT,BG,TEXTI,MACHI,0.77,129858.903,4,4,129858.886,0.0,0.0,0.0,0.017,168647.925974
1742008,IT,US,ADDIT,WHOLE,0.3,129857.909,5,5,129856.899,0.0,1.0,0.0,0.01,432859.696667
1802037,IT,WE,WHOLE,CONST,1.12,129856.253,4,4,129856.245,0.0,0.0,0.0,0.008,115943.083036
1688517,IT,IE,WOODW,CONST,0.36,129847.138,5,5,129846.129,0.0,1.0,0.0,0.009,360686.494444
1653041,IT,CZ,PLAST,TRANS,0.27,129838.528,4,4,129838.515,0.0,0.0,0.0,0.013,480883.437037
1725710,IT,RO,PAPER,POSTT,0.5,129830.422,5,5,129829.409,0.0,1.0,0.0,0.013,259660.844
1656017,IT,DE,FOOD5,AIRTR,0.62,129829.745,5,5,129828.733,0.0,1.0,0.0,0.012,209402.814516
1645522,IT,BE,PLAST,MACHI,0.27,129823.897,4,4,129823.884,0.0,0.0,0.0,0.013,480829.248148
1742573,IT,US,PREC1,COMPU,0.22,129819.903,4,4,129819.897,0.0,0.0,0.0,0.006,590090.468182
1655587,IT,DE,SANDC,CERAM,0.3,129815.925,5,5,129786.92,0.0,0.0,29.0,0.005,432719.75
1732752,IT,SI,NONME,TEXTI,0.26,129812.065,4,4,129812.051,0.0,0.0,0.0,0.014,499277.173077
1771212,IT,CH,VEGE1,VEGE1,0.4,129806.34,5,5,129805.312,0.0,1.0,0.0,0.028,324515.85
1805344,IT,WF,RUBBE,VEGE1,0.43,129780.652,4,4,129780.64,0.0,0.0,0.0,0.012,301815.469767
1722149,IT,PL,BUSIN,TRAN2,1.33,129775.782,4,4,129775.773,0.0,0.0,0.0,0.009,97575.77594
1793578,IT,WL,VEGE1,PIGS9,0.4,129774.679,5,5,129773.651,0.0,1.0,0.0,0.028,324436.6975
1776729,IT,TR,LIQUE,TEXTI,0.23,129759.257,4,4,129759.247,0.0,0.0,0.0,0.01,564170.682609
1814117,IT,WM,AIRTR,FABRI,0.14,129753.885,4,4,129753.881,0.0,0.0,0.0,0.004,926813.464286
1760404,IT,IN,DAIRY,PUBLI,0.53,129750.312,5,5,129749.303,0.0,1.0,0.0,0.009,244811.909434
1644526,IT,BE,DAIRY,RESEA,0.53,129740.784,5,5,129739.775,0.0,1.0,0.0,0.009,244793.932075
1730210,IT,SE,LANDT,SUPPO,0.84,129738.532,4,4,129738.526,0.0,0.0,0.0,0.006,154450.633333
1796205,IT,WL,FURNI,FOUND,0.41,129732.764,4,4,129732.753,0.0,0.0,0.0,0.011,316421.37561
1747276,IT,JP,WHOLE,PLAST,1.12,129716.759,4,4,129716.751,0.0,0.0,0.0,0.008,115818.534821
1798973,IT,WE,TOBAC,FINAN,0.51,129713.55,5,5,129712.542,0.0,1.0,0.0,0.008,254340.294118
1713696,IT,MT,FABRI,FURNI,0.53,129712.565,4,4,129712.556,0.0,0.0,0.0,0.009,244740.688679
1765518,IT,RU,WEARI,PUBLI,0.98,129709.623,4,4,129709.598,0.0,0.0,0.0,0.025,132356.758163
1747536,IT,JP,AIRTR,DAIRY,0.14,129699.457,4,4,129699.453,0.0,0.0,0.0,0.004,926424.692857
1717664,IT,NL,BUSIN,RUBBE,1.33,129695.916,4,4,129695.907,0.0,0.0,0.0,0.009,97515.726316
1663333,IT,DK,AIRTR,BUSIN,0.14,129682.835,4,4,129682.831,0.0,0.0,0.0,0.004,926305.964286
1755246,IT,KR,PAPER,DAIRY,0.5,129673.694,5,5,129672.681,0.0,1.0,0.0,0.013,259347.388
1782276,IT,NO,LEAD1,PREC1,0.23,129650.817,5,5,129649.806,0.0,0.0,1.0,0.011,563699.204348
1744191,IT,US,POSTT,CRUDE,2.13,129632.461,4,4,129632.451,0.0,0.0,0.0,0.01,60860.310329
1803228,IT,WF,CROPS,93197,1.03,129626.341,4,4,129626.334,0.0,0.0,0.0,0.007,125850.816505
1780048,IT,TW,WHOLE,TEXTI,1.12,129623.987,4,4,129623.979,0.0,0.0,0.0,0.008,115735.702679
1644967,IT,BE,WOODW,RADIO,0.36,129611.626,5,5,129610.617,0.0,1.0,0.0,0.009,360032.294444
1662141,IT,DK,RUBBE,PAPER,0.43,129597.619,4,4,129597.607,0.0,0.0,0.0,0.012,301389.811628
1728925,IT,SE,CHEM1,RADIO,0.27,129593.48,4,4,129593.466,0.0,0.0,0.0,0.014,479975.851852
1732303,IT,SI,NAPHT,PFERT,0.22,129590.216,4,4,129590.207,0.0,0.0,0.0,0.009,589046.436364
1745087,IT,US,PUBLI,RENTI,2.12,129588.209,4,4,129588.2,0.0,0.0,0.0,0.009,61126.513679
1794618,IT,WL,HEAVY,BUSIN,0.21,129582.062,4,4,129582.052,0.0,0.0,0.0,0.01,617057.438095
1677790,IT,FR,COMPU,CONST,1.48,129574.907,4,4,129574.899,0.0,0.0,0.0,0.008,87550.612838
1789624,IT,WA,RUBBE,BEVER,0.43,129559.983,4,4,129559.971,0.0,0.0,0.0,0.012,301302.286047
1724892,IT,PT,BUSIN,MOTO1,1.33,129554.05,4,4,129554.041,0.0,0.0,0.0,0.009,97409.06015
1813828,IT,WM,RAILW,EDUCA,0.87,129551.228,5,5,129550.222,0.0,0.0,1.0,0.006,148909.457471
1798740,IT,WE,FOOD5,VEGET,0.62,129546.128,5,5,129545.116,0.0,1.0,0.0,0.012,208945.367742
1752163,IT,CN,BUSIN,RECRE,1.33,129525.366,4,4,129525.357,0.0,0.0,0.0,0.009,97387.493233
1761060,IT,IN,PLAST,MEDIC,0.27,129522.224,4,4,129522.211,0.0,0.0,0.0,0.013,479711.940741
1684844,IT,HU,CRUDE,GASDI,0.26,129520.925,4,4,129520.914,0.0,0.0,0.0,0.011,498157.403846
1729444,IT,SE,PREC1,WEARI,0.22,129520.734,4,4,129520.728,0.0,0.0,0.0,0.006,588730.609091
1774230,IT,CH,RETA1,SECO9,1.35,129515.072,4,4,129515.064,0.0,0.0,0.0,0.008,95937.09037
1662184,IT,DK,RUBBE,COMPU,0.43,129489.131,4,4,129489.119,0.0,0.0,0.0,0.012,301137.513953
1777212,IT,TR,RUBBE,BEVER,0.43,129485.635,4,4,129485.623,0.0,0.0,0.0,0.012,301129.383721
1755839,IT,KR,CEMEN,SANDC,0.21,129485.239,5,5,129484.233,0.0,0.0,1.0,0.006,616596.37619
1772365,IT,CH,CHEM1,STONE,0.27,129480.547,4,4,129480.533,0.0,0.0,0.0,0.014,479557.581481
1723820,IT,PT,MOTO1,RUBBE,0.69,129474.049,4,4,129474.041,0.0,0.0,0.0,0.008,187643.549275
1673432,IT,FR,WEARI,TRANS,0.98,129467.356,4,4,129467.331,0.0,0.0,0.0,0.025,132109.546939
1804238,IT,WF,COKEO,MEDIC,0.02,129449.933,3,3,129449.933,0.0,0.0,0.0,0.0,6472496.65
1750217,IT,CN,LEAD1,ELECT,0.23,129444.964,5,5,129443.953,0.0,0.0,1.0,0.011,562804.191304
1675799,IT,FR,FURNI,INTER,0.41,129444.265,4,4,129444.254,0.0,0.0,0.0,0.011,315717.719512
1676810,IT,FR,LANDT,COPP1,0.83,129434.764,4,4,129434.758,0.0,0.0,0.0,0.006,155945.498795
1764040,IT,MX,NONF1,BASIC,0.03,129428.011,3,3,129428.011,0.0,0.0,0.0,0.0,4314267.033333
1655595,IT,DE,SANDC,FOUND,0.3,129423.19,5,5,129395.185,0.0,0.0,28.0,0.005,431410.633333
1772573,IT,CH,RUBBE,SEACO,0.43,129417.904,4,4,129417.892,0.0,0.0,0.0,0.012,300971.869767
1669211,IT,ES,POSTT,AIRTR,2.13,129414.424,4,4,129414.414,0.0,0.0,0.0,0.01,60757.94554
1680443,IT,GR,ELEC4,DISTR,2.06,129411.711,4,4,129411.703,0.0,0.0,0.0,0.008,62821.218932
1771888,IT,CH,PULP5,PLAST,0.39,129410.609,5,5,129409.597,0.0,1.0,0.0,0.012,331822.074359
1790419,IT,WA,LEAD1,FABRI,0.23,129410.26,5,5,129409.249,0.0,0.0,1.0,0.011,562653.304348
1774360,IT,CH,HOTEL,RETAI,0.94,129392.299,4,4,129392.289,0.0,0.0,0.0,0.01,137651.381915
1726029,IT,RO,CHEM1,RESEA,0.27,129391.949,4,4,129391.935,0.0,0.0,0.0,0.014,479229.440741
1712668,IT,LV,CONST,CONST,0.72,129389.665,4,4,129389.658,0.0,0.0,0.0,0.007,179707.868056
1726999,IT,RO,HOTEL,SEACO,0.94,129380.432,4,4,129380.422,0.0,0.0,0.0,0.01,137638.757447
1655602,IT,DE,SANDC,ELEC1,0.3,129378.79,5,5,129350.785,0.0,0.0,28.0,0.005,431262.633333
1757595,IT,BR,GASDI,NAPHT,0.19,129375.482,4,4,129375.471,0.0,0.0,0.0,0.011,680923.589474
1809890,IT,WM,BEVER,GASDI,0.55,129364.718,4,4,129364.71,0.0,0.0,0.0,0.008,235208.578182
1732819,IT,SI,BASIC,PRINT,0.15,129351.769,4,4,129351.761,0.0,0.0,0.0,0.008,862345.126667
1720324,IT,PL,FABRI,TRAN1,0.53,129342.574,4,4,129342.565,0.0,0.0,0.0,0.009,244042.592453
1640189,IT,AT,OILSE,PLAST,0.09,129341.141,5,5,129340.135,0.0,1.0,0.0,0.006,1437123.788889
1806085,IT,WF,FABRI,FORES,0.53,129328.996,4,4,129328.987,0.0,0.0,0.0,0.009,244016.973585
1713622,IT,MT,PREC1,FABRI,0.22,129327.489,4,4,129327.483,0.0,0.0,0.0,0.006,587852.222727
1670494,IT,FI,BEVER,BASIC,0.55,129320.813,4,4,129320.805,0.0,0.0,0.0,0.008,235128.750909
1722646,IT,PT,TEXTI,RESEA,0.77,129309.802,4,4,129309.785,0.0,0.0,0.0,0.017,167934.807792
1802483,IT,WE,SUPPO,REALE,0.93,129292.14,4,4,129292.134,0.0,0.0,0.0,0.006,139023.806452
1736499,IT,SK,INLAN,MOTO1,0.21,129287.282,4,4,129287.273,0.0,0.0,0.0,0.009,615653.72381
1682739,IT,HR,GASDI,TRAN2,0.19,129282.94,4,4,129282.929,0.0,0.0,0.0,0.011,680436.526316
1775834,IT,TR,MEAT4,PAPER,0.71,129281.192,5,5,129280.183,0.0,1.0,0.0,0.009,182086.185915
1659897,IT,DE,LANDT,MEMBE,0.83,129269.878,4,4,129269.872,0.0,0.0,0.0,0.006,155746.840964
1719305,IT,PL,CHEM1,TRAN2,0.27,129268.912,4,4,129268.898,0.0,0.0,0.0,0.014,478773.748148
1789865,IT,WA,CERAM,RETA1,0.2,129263.008,5,5,129262.001,0.0,0.0,1.0,0.007,646315.04
1776764,IT,TR,LIQUE,HOTEL,0.23,129261.386,4,4,129261.376,0.0,0.0,0.0,0.01,562006.026087
1803726,IT,WF,FISH5,MEATC,0.54,129253.899,4,4,129253.833,0.0,0.0,0.0,0.066,239359.072222
1801391,IT,WE,MACHI,MEMBE,0.72,129251.68,4,4,129251.669,0.0,0.0,0.0,0.011,179516.222222
1805616,IT,WF,NONME,NICKE,0.26,129246.085,4,4,129246.071,0.0,0.0,0.0,0.014,497100.326923
1676181,IT,FR,CONST,BASIC,0.72,129242.106,4,4,129242.099,0.0,0.0,0.0,0.007,179502.925
1658269,IT,DE,COPP1,ADDIT,0.33,129230.661,4,4,129230.654,0.0,0.0,0.0,0.007,391608.063636
1674838,IT,FR,NONME,BEVER,0.26,129225.483,4,4,129225.469,0.0,0.0,0.0,0.014,497021.088462
1666301,IT,ES,LIQUE,KERO1,0.23,129219.761,4,4,129219.751,0.0,0.0,0.0,0.01,561825.047826
1746910,IT,JP,MOTO1,PRINT,0.69,129211.112,4,4,129211.104,0.0,0.0,0.0,0.008,187262.481159
1766285,IT,RU,CERAM,LANDT,0.2,129207.729,5,5,129206.722,0.0,0.0,1.0,0.007,646038.645
1803724,IT,WF,FISH5,FISHF,0.54,129205.917,4,4,129205.851,0.0,0.0,0.0,0.066,239270.216667
1710656,IT,LU,MEAT4,RECRE,0.71,129195.541,5,5,129194.532,0.0,1.0,0.0,0.009,181965.550704
1809784,IT,WM,FOOD5,LIQUE,0.62,129189.692,5,5,129188.68,0.0,1.0,0.0,0.012,208370.470968
1812081,IT,WM,CERAM,ELEC2,0.2,129184.182,5,5,129183.175,0.0,0.0,1.0,0.007,645920.91
1805238,IT,WF,CHEM1,ELEC4,0.27,129183.594,4,4,129183.58,0.0,0.0,0.0,0.014,478457.755556
1757037,IT,KR,BUSIN,PFERT,1.33,129175.506,4,4,129175.497,0.0,0.0,0.0,0.009,97124.440602
1673283,IT,FR,TEXTI,WHEAT,0.77,129173.895,4,4,129173.878,0.0,0.0,0.0,0.017,167758.305195
1642487,IT,AT,LEAD1,BASIC,0.22,129173.763,5,5,129172.752,0.0,0.0,1.0,0.011,587153.468182
1687183,IT,HU,FURNI,EDUCA,0.41,129171.74,4,4,129171.729,0.0,0.0,0.0,0.011,315053.02439
1788933,IT,WA,HEAVY,BEVER,0.21,129156.43,4,4,129156.42,0.0,0.0,0.0,0.01,615030.619048
1644016,IT,AT,BUSIN,DAIRY,1.33,129156.191,4,4,129156.182,0.0,0.0,0.0,0.009,97109.918045
1675176,IT,FR,NONF1,CHEM1,0.03,129139.018,3,3,129139.018,0.0,0.0,0.0,0.0,4304633.933333
1776915,IT,TR,PLAST,CEMEN,0.27,129127.518,4,4,129127.505,0.0,0.0,0.0,0.013,478250.066667
1755707,IT,KR,RUBBE,HEALT,0.43,129112.787,4,4,129112.775,0.0,0.0,0.0,0.012,300262.295349
1806074,IT,WF,FABRI,WHEAT,0.53,129111.427,4,4,129111.418,0.0,0.0,0.0,0.009,243606.466038
1746217,IT,JP,CHEM1,TOBAC,0.27,129083.053,4,4,129083.039,0.0,0.0,0.0,0.014,478085.381481
1772955,IT,CH,PREC1,RADIO,0.22,129079.156,4,4,129079.15,0.0,0.0,0.0,0.006,586723.436364
1799480,IT,WE,PAPER,RADIO,0.5,129078.473,5,5,129077.46,0.0,1.0,0.0,0.013,258156.946
1670463,IT,FI,BEVER,PEAT2,0.55,129049.396,4,4,129049.388,0.0,0.0,0.0,0.008,234635.265455
1738063,IT,GB,RUBBE,CERAM,0.43,129048.418,4,4,129048.406,0.0,0.0,0.0,0.012,300112.6
1684167,IT,HR,LANDT,OFFIC,0.83,129040.083,4,4,129040.077,0.0,0.0,0.0,0.006,155469.979518
1659108,IT,DE,ELEC6,BASIC,0.02,129034.785,4,4,129034.764,0.0,0.0,0.0,0.021,6451739.25
1807093,IT,WF,SEACO,RETA1,0.13,129031.828,4,4,129031.826,0.0,0.0,0.0,0.002,992552.523077
1660914,IT,DE,BUSIN,SANDC,1.33,129027.553,4,4,129027.544,0.0,0.0,0.0,0.009,97013.197744
1772234,IT,CH,HEAVY,GASDI,0.21,129020.133,4,4,129020.123,0.0,0.0,0.0,0.01,614381.585714
1758833,IT,BR,HOTEL,CRUDE,0.93,128996.288,4,4,128996.278,0.0,0.0,0.0,0.01,138705.686022
1676984,IT,FR,AIRTR,LANDT,0.14,128995.866,4,4,128995.862,0.0,0.0,0.0,0.004,921399.042857
1775137,IT,CH,COMPU,POSTT,1.47,128986.924,4,4,128986.916,0.0,0.0,0.0,0.008,87746.206803
1652497,IT,CZ,WEARI,MACHI,0.97,128977.441,4,4,128977.416,0.0,0.0,0.0,0.025,132966.434021
1769251,IT,AU,RUBBE,PAPER,0.43,128972.561,4,4,128972.549,0.0,0.0,0.0,0.012,299936.188372
1726958,IT,RO,HOTEL,PFERT,0.93,128966.152,4,4,128966.142,0.0,0.0,0.0,0.01,138673.28172
1796774,IT,WL,LANDT,SALEM,0.83,128964.914,4,4,128964.908,0.0,0.0,0.0,0.006,155379.414458
1727863,IT,RO,BUSIN,MEMBE,1.32,128958.842,4,4,128958.833,0.0,0.0,0.0,0.009,97696.092424
1736516,IT,SK,AIRTR,RETA1,0.14,128957.727,4,4,128957.723,0.0,0.0,0.0,0.004,921126.621429
1715042,IT,NL,TEXTI,MACHI,0.76,128957.52,4,4,128957.503,0.0,0.0,0.0,0.017,169680.947368
1788445,IT,WA,PULP5,WEARI,0.39,128954.726,5,5,128953.714,0.0,1.0,0.0,0.012,330653.14359
1683645,IT,HR,FABRI,ALUM1,0.52,128935.097,4,4,128935.088,0.0,0.0,0.0,0.009,247952.109615
1762190,IT,IN,SEACO,TEXTI,0.13,128919.057,4,4,128919.055,0.0,0.0,0.0,0.002,991685.053846
1723175,IT,PT,RUBBE,WEARI,0.43,128916.779,4,4,128916.767,0.0,0.0,0.0,0.012,299806.462791
1761574,IT,IN,COPP1,FURNI,0.33,128913.943,4,4,128913.936,0.0,0.0,0.0,0.007,390648.312121
1785486,IT,ZA,MOTOR,CEREA,0.19,128894.64,4,4,128894.629,0.0,0.0,0.0,0.011,678392.842105
1667324,IT,ES,ALUM1,REALE,0.22,128889.904,4,4,128889.894,0.0,0.0,0.0,0.01,585863.2
1758379,IT,BR,FABRI,PAPER,0.52,128865.257,4,4,128865.248,0.0,0.0,0.0,0.009,247817.801923
1811688,IT,WM,CHEM1,RENTI,0.27,128855.094,4,4,128855.08,0.0,0.0,0.0,0.014,477241.088889
1773781,IT,CH,ELEC2,SALEM,0.03,128849.785,4,4,128849.772,0.0,0.0,0.0,0.013,4294992.833333
1796051,IT,WL,TRANS,NATU1,0.77,128834.793,4,4,128834.786,0.0,0.0,0.0,0.007,167317.912987
1760969,IT,IN,NAPHT,PAPER,0.22,128833.891,4,4,128833.882,0.0,0.0,0.0,0.009,585608.595455
1785932,IT,ZA,RUBBE,TEXTI,0.43,128830.72,4,4,128830.708,0.0,0.0,0.0,0.012,299606.325581
1799976,IT,WE,HEAVY,LUBRI,0.21,128797.572,4,4,128797.562,0.0,0.0,0.0,0.01,613321.771429
1649527,IT,BG,RUBBE,GASDI,0.43,128779.561,4,4,128779.549,0.0,0.0,0.0,0.012,299487.351163
1672440,IT,FI,BUSIN,RECRE,1.32,128778.196,4,4,128778.187,0.0,0.0,0.0,0.009,97559.239394
1788687,IT,WA,MOTOR,PIGS9,0.19,128776.263,4,4,128776.253,0.0,0.0,0.0,0.01,677769.805263
1773791,IT,CH,ELEC2,INSUR,0.03,128773.413,4,4,128773.4,0.0,0.0,0.0,0.013,4292447.1
1800521,IT,WE,RUBBE,NONME,0.43,128740.362,4,4,128740.35,0.0,0.0,0.0,0.012,299396.190698
1811337,IT,WM,BITU1,INSUR,0.2,128733.122,4,4,128733.112,0.0,0.0,0.0,0.01,643665.61
1653574,IT,CZ,BASIC,FOODW,0.15,128732.323,4,4,128732.315,0.0,0.0,0.0,0.008,858215.486667
1678939,IT,GR,TEXTI,RETA1,0.76,128729.561,4,4,128729.544,0.0,0.0,0.0,0.017,169381.001316
1717097,IT,NL,TRAN2,KEROS,0.2,128712.208,4,4,128712.204,0.0,0.0,0.0,0.004,643561.04
1716873,IT,NL,HOTEL,MOTO1,0.93,128711.065,4,4,128711.055,0.0,0.0,0.0,0.01,138398.994624
1722126,IT,PL,BUSIN,FURNI,1.32,128709.881,4,4,128709.872,0.0,0.0,0.0,0.009,97507.485606
1788184,IT,WA,WEARI,SUPPO,0.97,128692.479,4,4,128692.455,0.0,0.0,0.0,0.024,132672.658763
1720086,IT,PL,ALUM1,PAPE4,0.22,128689.043,4,4,128689.033,0.0,0.0,0.0,0.01,584950.195455
1810953,IT,WM,GASDI,HEAVY,0.19,128685.571,4,4,128685.561,0.0,0.0,0.0,0.01,677292.478947
1643583,IT,AT,INLAN,HOTEL,0.21,128678.832,4,4,128678.823,0.0,0.0,0.0,0.009,612756.342857
1798271,IT,WE,OILSE,BASIC,0.09,128676.002,5,5,128674.996,0.0,1.0,0.0,0.006,1429733.355556
1789357,IT,WA,CHEM1,PULP5,0.27,128667.878,4,4,128667.864,0.0,0.0,0.0,0.014,476547.696296
1717896,IT,PL,POULT,LANDT,0.34,128647.426,4,4,128647.416,0.0,0.0,0.0,0.01,378374.782353
1656859,IT,DE,HEAVY,HEAVY,0.21,128643.159,4,4,128643.149,0.0,0.0,0.0,0.01,612586.471429
1732139,IT,SI,GASDI,GLASS,0.19,128641.565,4,4,128641.555,0.0,0.0,0.0,0.01,677060.868421
1755605,IT,KR,CHEM1,MEMBE,0.27,128636.699,4,4,128636.685,0.0,0.0,0.0,0.014,476432.218519
1728668,IT,SE,PRINT,WHOLE,1.23,128627.598,4,4,128627.588,0.0,0.0,0.0,0.01,104575.282927
1774508,IT,CH,LANDT,HOTEL,0.83,128625.183,4,4,128625.177,0.0,0.0,0.0,0.006,154970.1
1749265,IT,CN,PAPER,TRANS,0.5,128621.155,5,5,128620.142,0.0,1.0,0.0,0.013,257242.31
1786893,IT,ZA,SEACO,EDUCA,0.13,128615.922,4,4,128615.92,0.0,0.0,0.0,0.002,989353.246154
1738066,IT,GB,RUBBE,NONME,0.43,128606.202,4,4,128606.19,0.0,0.0,0.0,0.012,299084.190698
1737700,IT,GB,MOTOR,LANDT,0.19,128602.319,4,4,128602.309,0.0,0.0,0.0,0.01,676854.310526
1810639,IT,WM,MOTOR,PADDY,0.19,128600.121,4,4,128600.111,0.0,0.0,0.0,0.01,676842.742105
1794269,IT,WL,MOTOR,PROCE,0.19,128587.381,4,4,128587.371,0.0,0.0,0.0,0.01,676775.689474
1654004,IT,CZ,MACHI,ALUM1,0.72,128566.967,4,4,128566.956,0.0,0.0,0.0,0.011,178565.231944
1671202,IT,FI,NONME,NONME,0.26,128558.502,4,4,128558.488,0.0,0.0,0.0,0.014,494455.776923
1762439,IT,IN,POSTT,PUBLI,2.12,128549.318,4,4,128549.308,0.0,0.0,0.0,0.01,60636.470755
1812272,IT,WM,BASIC,PLANT,0.15,128549.315,4,4,128549.307,0.0,0.0,0.0,0.008,856995.433333
1731675,IT,SI,WOODW,NONF1,0.36,128548.313,5,5,128547.304,0.0,1.0,0.0,0.009,357078.647222
1641484,IT,AT,GASDI,MEMBE,0.19,128547.659,4,4,128547.649,0.0,0.0,0.0,0.01,676566.626316
1750834,IT,CN,FURNI,PREC1,0.41,128547.241,4,4,128547.23,0.0,0.0,0.0,0.011,313529.856098
1642441,IT,AT,ALUM1,COPP1,0.22,128543.555,4,4,128543.545,0.0,0.0,0.0,0.01,584288.886364
1744463,IT,US,AUXIL,INSUR,2.35,128535.444,4,4,128535.438,0.0,0.0,0.0,0.006,54695.933617
1801521,IT,WE,MOTO1,INLAN,0.68,128532.721,4,4,128532.713,0.0,0.0,0.0,0.008,189018.707353
1676007,IT,FR,ELEC5,DISTR,1.55,128518.155,4,4,128518.147,0.0,0.0,0.0,0.008,82914.93871
1720508,IT,PL,MACHI,WASTE,0.72,128505.999,4,4,128505.988,0.0,0.0,0.0,0.011,178480.554167
1727787,IT,RO,BUSIN,PRINT,1.32,128505.551,4,4,128505.542,0.0,0.0,0.0,0.009,97352.690152
1799344,IT,WE,WOODW,HOTEL,0.36,128504.336,5,5,128503.327,0.0,1.0,0.0,0.009,356956.488889
1682897,IT,HR,NAPHT,BRICK,0.22,128500.569,4,4,128500.56,0.0,0.0,0.0,0.009,584093.495455
1802943,IT,WF,WHEAT,COKIN,0.1,128486.937,5,5,128485.934,0.0,1.0,0.0,0.003,1284869.37
1666222,IT,ES,HEAVY,PETRO,0.21,128433.96,4,4,128433.95,0.0,0.0,0.0,0.01,611590.285714
1789042,IT,WA,NAPHT,LEAD1,0.22,128429.651,4,4,128429.642,0.0,0.0,0.0,0.009,583771.140909
1794782,IT,WL,PLAST,WEARI,0.27,128422.045,4,4,128422.032,0.0,0.0,0.0,0.013,475637.203704
1640137,IT,AT,CEREA,BEVER,0.21,128419.972,5,5,128418.965,0.0,1.0,0.0,0.007,611523.67619
1737503,IT,GB,WOODW,TEXTI,0.36,128411.407,5,5,128410.398,0.0,1.0,0.0,0.009,356698.352778
1743756,IT,US,LANDT,LIQUE,0.83,128398.392,4,4,128398.386,0.0,0.0,0.0,0.006,154696.857831
1645657,IT,BE,CHEM1,SEACO,0.27,128391.309,4,4,128391.295,0.0,0.0,0.0,0.014,475523.366667
1686542,IT,HU,ALUM1,PULP5,0.22,128388.292,4,4,128388.282,0.0,0.0,0.0,0.01,583583.145455
1783002,IT,NO,POSTT,SEACO,2.11,128383.409,4,4,128383.399,0.0,0.0,0.0,0.01,60845.217536
1672684,IT,FR,STONE,FOUND,0.42,128382.683,5,5,128375.677,0.0,0.0,7.0,0.006,305673.054762
1798720,IT,WE,DAIRY,BUSIN,0.52,128378.977,5,5,128377.968,0.0,1.0,0.0,0.009,246882.648077
1764109,IT,MX,FABRI,CEMEN,0.52,128376.6,4,4,128376.591,0.0,0.0,0.0,0.009,246878.076923
1674866,IT,FR,NONME,FURNI,0.26,128368.761,4,4,128368.747,0.0,0.0,0.0,0.014,493726.003846
1649552,IT,BG,RUBBE,TRANS,0.43,128368.128,4,4,128368.116,0.0,0.0,0.0,0.012,298530.530233
1725672,IT,RO,PAPER,PLAST,0.5,128338.711,5,5,128337.698,0.0,1.0,0.0,0.013,256677.422
1680502,IT,GR,ELEC6,ALUM1,0.02,128335.226,4,4,128335.205,0.0,0.0,0.0,0.021,6416761.3
1769663,IT,AU,FABRI,DIST1,0.52,128334.673,4,4,128334.664,0.0,0.0,0.0,0.009,246797.448077
1662035,IT,DK,CHEM1,WHEAT,0.27,128326.935,4,4,128326.921,0.0,0.0,0.0,0.014,475284.944444
1723541,IT,PT,NONF1,ALUM1,0.03,128326.105,3,3,128326.105,0.0,0.0,0.0,0.0,4277536.833333
1806632,IT,WF,SALEM,LANDT,1.04,128325.698,4,4,128325.69,0.0,0.0,0.0,0.008,123390.094231
1683035,IT,HR,CHEM1,SUPPO,0.27,128312.971,4,4,128312.957,0.0,0.0,0.0,0.014,475233.225926
1674422,IT,FR,CHEM1,FOOD2,0.27,128307.811,4,4,128307.797,0.0,0.0,0.0,0.014,475214.114815
1665480,IT,ES,WEARI,RUBBE,0.97,128304.307,4,4,128304.283,0.0,0.0,0.0,0.024,132272.481443
1777249,IT,TR,RUBBE,RADIO,0.43,128300.008,4,4,128299.996,0.0,0.0,0.0,0.012,298372.111628
1772918,IT,CH,BASIC,93197,0.15,128281.265,4,4,128281.257,0.0,0.0,0.0,0.008,855208.433333
1784179,IT,ID,PAPER,HOTEL,0.5,128278.722,5,5,128277.709,0.0,1.0,0.0,0.013,256557.444
1679307,IT,GR,HEAVY,INLAN,0.21,128277.578,4,4,128277.568,0.0,0.0,0.0,0.01,610845.609524
1718303,IT,PL,FOOD5,CONST,0.62,128272.921,5,5,128271.91,0.0,1.0,0.0,0.011,206891.808065
1676185,IT,FR,CONST,FABRI,0.72,128270.688,4,4,128270.681,0.0,0.0,0.0,0.007,178153.733333
1758017,IT,BR,RUBBE,BASIC,0.42,128257.781,4,4,128257.769,0.0,0.0,0.0,0.012,305375.669048
1791792,IT,WA,LANDT,MEATA,0.83,128256.926,4,4,128256.92,0.0,0.0,0.0,0.006,154526.416867
1802798,IT,WE,BUSIN,COMPU,1.32,128233.167,4,4,128233.158,0.0,0.0,0.0,0.009,97146.338636
1723184,IT,PT,RUBBE,CHEM1,0.42,128229.52,4,4,128229.508,0.0,0.0,0.0,0.012,305308.380952
1758697,IT,BR,SALEM,POSTT,1.04,128227.287,4,4,128227.279,0.0,0.0,0.0,0.008,123295.468269
1769655,IT,AU,FABRI,FURNI,0.52,128223.283,4,4,128223.274,0.0,0.0,0.0,0.009,246583.236538
1794849,IT,WL,PLAST,RECRE,0.27,128223.236,4,4,128223.223,0.0,0.0,0.0,0.013,474900.874074
1677347,IT,FR,FINAN,RECRE,1.67,128215.831,4,4,128215.827,0.0,0.0,0.0,0.004,76775.946707
1753636,IT,CA,OFFIC,VEGE1,0.4,128213.466,4,4,128213.457,0.0,0.0,0.0,0.009,320533.665
1682177,IT,HR,TEXTI,93197,0.76,128201.799,4,4,128201.782,0.0,0.0,0.0,0.017,168686.577632
1786145,IT,ZA,BASIC,MEDIC,0.15,128197.474,4,4,128197.466,0.0,0.0,0.0,0.008,854649.826667
1785364,IT,ZA,WOODW,CONST,0.36,128185.815,5,5,128184.806,0.0,1.0,0.0,0.009,356071.708333
1791033,IT,WA,TRANS,CATTL,0.76,128176.879,4,4,128176.872,0.0,0.0,0.0,0.007,168653.788158
1803991,IT,WF,LEATH,FURNI,0.92,128156.018,5,5,128154.996,0.0,1.0,0.0,0.022,139300.019565
1811887,IT,WM,RUBBE,CERAM,0.42,128150.641,4,4,128150.629,0.0,0.0,0.0,0.012,305120.57381
1671166,IT,FI,CERAM,DISTR,0.2,128140.671,5,5,128139.664,0.0,0.0,1.0,0.007,640703.355
1665316,IT,ES,FISH5,POULT,0.54,128129.411,4,4,128129.345,0.0,0.0,0.0,0.066,237276.687037
1762254,IT,IN,AIRTR,PAPER,0.14,128101.83,4,4,128101.826,0.0,0.0,0.0,0.004,915013.071429
1679197,IT,GR,PRINT,PUBLI,1.23,128098.179,4,4,128098.169,0.0,0.0,0.0,0.01,104144.860976
1658134,IT,DE,ALUM1,BRICK,0.22,128088.062,4,4,128088.052,0.0,0.0,0.0,0.01,582218.463636
1764087,IT,MX,FABRI,LEATH,0.52,128084.845,4,4,128084.836,0.0,0.0,0.0,0.009,246317.009615
1765794,IT,RU,MOTOR,ELEC2,0.19,128078.56,4,4,128078.55,0.0,0.0,0.0,0.01,674097.684211
1806952,IT,WF,LANDT,CRUDE,0.83,128071.384,4,4,128071.378,0.0,0.0,0.0,0.006,154302.872289
1791071,IT,WA,TRANS,PRINT,0.76,128069.566,4,4,128069.559,0.0,0.0,0.0,0.007,168512.586842
1773675,IT,CH,FURNI,NONME,0.41,128068.439,4,4,128068.428,0.0,0.0,0.0,0.011,312362.046341
1661012,IT,DE,BUSIN,AIRTR,1.32,128060.401,4,4,128060.392,0.0,0.0,0.0,0.009,97015.455303
1672393,IT,FI,BUSIN,MOTO1,1.32,128058.386,4,4,128058.377,0.0,0.0,0.0,0.009,97013.928788
1803938,IT,WF,WEARI,POSTT,0.97,128057.513,4,4,128057.489,0.0,0.0,0.0,0.024,132018.054639
1642712,IT,AT,MACHI,FOOD5,0.71,128056.574,4,4,128056.563,0.0,0.0,0.0,0.011,180361.371831
1659881,IT,DE,LANDT,EDUCA,0.83,128052.438,4,4,128052.432,0.0,0.0,0.0,0.006,154280.045783
1769941,IT,AU,MOTO1,REALE,0.68,128041.137,4,4,128041.129,0.0,0.0,0.0,0.008,188295.789706
1685275,IT,HU,TEXTI,SUPPO,0.76,128036.347,4,4,128036.33,0.0,0.0,0.0,0.017,168468.877632
1799841,IT,WE,GASDI,LEATH,0.19,128030.06,4,4,128030.05,0.0,0.0,0.0,0.01,673842.421053
1814079,IT,WM,AIRTR,PROCE,0.14,128024.939,4,4,128024.935,0.0,0.0,0.0,0.004,914463.85
1661403,IT,DK,VEGE1,BEVER,0.39,128015.478,5,5,128014.45,0.0,1.0,0.0,0.028,328244.815385
1771882,IT,CH,WOODW,93197,0.36,128009.52,5,5,128008.511,0.0,1.0,0.0,0.009,355582.0
1727866,IT,RO,PUBLI,OILSE,2.1,127990.394,4,4,127990.385,0.0,0.0,0.0,0.009,60947.806667
1733408,IT,SI,ELEC2,HOTEL,0.03,127984.526,4,4,127984.513,0.0,0.0,0.0,0.013,4266150.866667
1750406,IT,CN,FABRI,HOTEL,0.52,127981.485,4,4,127981.476,0.0,0.0,0.0,0.009,246118.240385
1773659,IT,CH,FURNI,WEARI,0.41,127969.931,4,4,127969.92,0.0,0.0,0.0,0.011,312121.782927
1676637,IT,FR,HOTEL,PAPE1,0.93,127963.699,4,4,127963.689,0.0,0.0,0.0,0.01,137595.375269
1655702,IT,DE,CHEMI,WHOLE,0.31,127962.046,5,5,127956.034,0.0,0.0,6.0,0.012,412780.793548
1642030,IT,AT,RUBBE,EDUCA,0.42,127946.821,4,4,127946.809,0.0,0.0,0.0,0.012,304635.288095
1738267,IT,GB,NONME,GLASS,0.26,127944.426,4,4,127944.412,0.0,0.0,0.0,0.014,492093.946154
1662083,IT,DK,CHEM1,FURNI,0.27,127937.596,4,4,127937.582,0.0,0.0,0.0,0.014,473842.948148
1709508,IT,LT,LEATH,RAWMI,0.92,127932.782,5,5,127931.76,0.0,1.0,0.0,0.022,139057.371739
1753773,IT,CA,FURNI,WHOLE,0.41,127915.543,4,4,127915.532,0.0,0.0,0.0,0.011,311989.129268
1742196,IT,US,GLASS,WHOLE,0.35,127911.015,5,5,127910.008,0.0,0.0,1.0,0.007,365460.042857
1643410,IT,AT,LANDT,WEARI,0.83,127904.278,4,4,127904.272,0.0,0.0,0.0,0.006,154101.539759
1712515,IT,LV,FABRI,MOTO1,0.52,127903.544,4,4,127903.535,0.0,0.0,0.0,0.009,245968.353846
1661556,IT,DK,BEVER,TEXTI,0.54,127893.07,4,4,127893.062,0.0,0.0,0.0,0.008,236839.018519
1741579,IT,US,GASDI,MACHI,0.19,127889.705,4,4,127889.695,0.0,0.0,0.0,0.01,673103.710526
1730154,IT,SE,LANDT,DAIRY,0.83,127888.268,4,4,127888.262,0.0,0.0,0.0,0.006,154082.250602
1809042,IT,WM,VEGET,AIRTR,0.45,127887.455,5,5,127886.45,0.0,1.0,0.0,0.005,284194.344444
1787667,IT,WA,VEGE1,PADDY,0.39,127876.163,5,5,127875.135,0.0,1.0,0.0,0.028,327887.597436
1668340,IT,ES,WHOLE,EDUCA,1.11,127875.809,4,4,127875.802,0.0,0.0,0.0,0.007,115203.431532
1774179,IT,CH,RETA1,RAWMI,1.34,127866.449,4,4,127866.441,0.0,0.0,0.0,0.008,95422.723134
1764142,IT,MX,FABRI,HOTEL,0.52,127862.051,4,4,127862.042,0.0,0.0,0.0,0.009,245888.559615
1761031,IT,IN,PLAST,GASDI,0.27,127853.003,4,4,127852.99,0.0,0.0,0.0,0.013,473529.640741
1724342,IT,PT,SEACO,FISH5,0.13,127852.772,4,4,127852.77,0.0,0.0,0.0,0.002,983482.861538
1795750,IT,WL,MACHI,VEGE1,0.71,127840.051,4,4,127840.04,0.0,0.0,0.0,0.011,180056.409859
1644593,IT,BE,FOOD5,SUGA1,0.61,127839.409,5,5,127838.398,0.0,1.0,0.0,0.011,209572.801639
1666292,IT,ES,LIQUE,BEVER,0.22,127838.536,4,4,127838.526,0.0,0.0,0.0,0.01,581084.254545
1748866,IT,CN,WEARI,FORES,0.96,127835.172,4,4,127835.148,0.0,0.0,0.0,0.024,133161.6375
1785326,IT,ZA,LEATH,CONST,0.92,127829.016,5,5,127827.994,0.0,1.0,0.0,0.022,138944.582609
1804502,IT,WF,GASDI,CEMEN,0.19,127825.716,4,4,127825.706,0.0,0.0,0.0,0.01,672766.926316
1654603,IT,CZ,RAILW,SUPPO,0.86,127819.077,5,5,127818.071,0.0,0.0,1.0,0.006,148626.833721
1685096,IT,HU,FOOD5,TEXTI,0.61,127818.117,5,5,127817.106,0.0,1.0,0.0,0.011,209537.896721
1771580,IT,CH,TEXTI,SALEM,0.76,127809.297,4,4,127809.28,0.0,0.0,0.0,0.017,168170.127632
1684681,IT,HU,CEREA,POULT,0.21,127809.068,5,5,127808.061,0.0,1.0,0.0,0.007,608614.609524
1763550,IT,MX,CHEM1,NAPHT,0.27,127799.85,4,4,127799.836,0.0,0.0,0.0,0.014,473332.777778
1796200,IT,WL,FURNI,PREC1,0.41,127792.643,4,4,127792.632,0.0,0.0,0.0,0.011,311689.373171
1776428,IT,TR,COKEO,NONF1,0.02,127772.717,3,3,127772.717,0.0,0.0,0.0,0.0,6388635.85
1657736,IT,DE,CEMEN,DISTR,0.2,127766.988,5,5,127765.982,0.0,0.0,1.0,0.006,638834.94
1675575,IT,FR,MOTO1,PLAST,0.68,127766.601,4,4,127766.593,0.0,0.0,0.0,0.008,187892.060294
1713356,IT,MT,GASDI,SEACO,0.19,127756.795,4,4,127756.785,0.0,0.0,0.0,0.01,672404.184211
1732615,IT,SI,GLASS,NONME,0.35,127750.177,5,5,127749.17,0.0,0.0,1.0,0.007,365000.505714
1798277,IT,WE,OILSE,COMPU,0.09,127743.056,5,5,127742.05,0.0,1.0,0.0,0.006,1419367.288889
1679864,IT,GR,LEAD1,BASIC,0.22,127734.81,5,5,127733.799,0.0,0.0,1.0,0.011,580612.772727
1785793,IT,ZA,CHEM1,WOOLS,0.27,127727.128,4,4,127727.114,0.0,0.0,0.0,0.014,473063.437037
1799474,IT,WE,PAPER,COPP1,0.49,127711.128,5,5,127710.115,0.0,1.0,0.0,0.013,260634.955102
1786941,IT,ZA,POSTT,PLAST,2.1,127708.612,4,4,127708.602,0.0,0.0,0.0,0.01,60813.624762
1746439,IT,JP,GLASS,WOODW,0.35,127707.571,5,5,127706.564,0.0,0.0,1.0,0.007,364878.774286
1761376,IT,IN,CEMEN,CEMEN,0.2,127705.311,5,5,127704.305,0.0,0.0,1.0,0.006,638526.555
1811092,IT,WM,HEAVY,LANDT,0.21,127704.467,4,4,127704.457,0.0,0.0,0.0,0.01,608116.509524
1795395,IT,WL,BASIC,RUBBE,0.15,127703.411,4,4,127703.403,0.0,0.0,0.0,0.008,851356.073333
1765923,IT,RU,PLAST,CONST,0.27,127697.892,4,4,127697.879,0.0,0.0,0.0,0.013,472955.155556
1737249,IT,GB,FOOD5,VEGE1,0.61,127694.443,5,5,127693.432,0.0,1.0,0.0,0.011,209335.152459
1753777,IT,CA,FURNI,AIRTR,0.41,127692.767,4,4,127692.756,0.0,0.0,0.0,0.011,311445.773171
1798581,IT,WE,MEATC,CROPS,0.43,127678.028,5,5,127676.02,0.0,2.0,0.0,0.008,296925.646512
1754072,IT,CA,AIRTR,IRONO,0.14,127677.675,4,4,127677.671,0.0,0.0,0.0,0.004,911983.392857
1796893,IT,WL,SEACO,INSUR,0.13,127672.489,4,4,127672.487,0.0,0.0,0.0,0.002,982096.069231
1679600,IT,GR,RUBBE,TRAN2,0.42,127659.459,4,4,127659.447,0.0,0.0,0.0,0.012,303951.092857
1755634,IT,KR,RUBBE,BEVER,0.42,127646.737,4,4,127646.725,0.0,0.0,0.0,0.012,303920.802381
1669782,IT,ES,BUSIN,BASIC,1.31,127643.825,4,4,127643.816,0.0,0.0,0.0,0.009,97438.034351
1762201,IT,IN,SEACO,CERAM,0.13,127640.679,4,4,127640.677,0.0,0.0,0.0,0.002,981851.376923
1737925,IT,GB,CHEM1,KERO1,0.27,127639.831,4,4,127639.817,0.0,0.0,0.0,0.014,472740.114815
1667036,IT,ES,NONME,WOODW,0.26,127636.333,4,4,127636.319,0.0,0.0,0.0,0.014,490908.973077
1676278,IT,FR,SALEM,EDUCA,1.03,127630.203,4,4,127630.195,0.0,0.0,0.0,0.008,123912.818447
1674805,IT,FR,CEMEN,DIST1,0.2,127628.885,5,5,127627.879,0.0,0.0,1.0,0.006,638144.425
1800777,IT,WE,BASIC,CROPS,0.15,127619.748,4,4,127619.74,0.0,0.0,0.0,0.008,850798.32
1769971,IT,AU,TRANS,CONST,0.76,127617.003,4,4,127616.996,0.0,0.0,0.0,0.007,167917.109211
1748680,IT,CN,FOOD5,FISHF,0.61,127616.944,5,5,127615.933,0.0,1.0,0.0,0.011,209208.104918
1794290,IT,WL,MOTOR,NAPHT,0.19,127615.839,4,4,127615.829,0.0,0.0,0.0,0.01,671662.310526
1683179,IT,HR,GLASS,RUBBE,0.35,127612.408,5,5,127611.401,0.0,0.0,1.0,0.007,364606.88
1750318,IT,CN,NONF1,ELEC8,0.03,127610.963,3,3,127610.963,0.0,0.0,0.0,0.0,4253698.766667
1644728,IT,BE,BEVER,RENTI,0.54,127603.66,4,4,127603.652,0.0,0.0,0.0,0.008,236303.074074
1666073,IT,ES,GASDI,POULT,0.19,127598.079,4,4,127598.069,0.0,0.0,0.0,0.01,671568.836842
1689493,IT,IE,HOTEL,RECRE,0.92,127577.487,4,4,127577.477,0.0,0.0,0.0,0.01,138671.181522
1809170,IT,WM,CATTL,INSUR,0.28,127571.528,5,5,127568.519,0.0,3.0,0.0,0.009,455612.6
1788880,IT,WA,GASDI,STEAM,0.19,127571.394,4,4,127571.384,0.0,0.0,0.0,0.01,671428.389474
1792757,IT,WA,BUSIN,MOTO1,1.31,127567.811,4,4,127567.802,0.0,0.0,0.0,0.009,97380.008397
1775909,IT,TR,FOOD5,CATTL,0.61,127566.23,5,5,127565.219,0.0,1.0,0.0,0.011,209124.967213
1642020,IT,AT,RUBBE,POSTT,0.42,127564.95,4,4,127564.938,0.0,0.0,0.0,0.012,303726.071429
1752615,IT,CA,TEXTI,WOODW,0.76,127564.444,4,4,127564.427,0.0,0.0,0.0,0.017,167847.952632
1773073,IT,CH,ALUM1,RENTI,0.22,127545.191,4,4,127545.181,0.0,0.0,0.0,0.01,579750.868182
1662197,IT,DK,RUBBE,RECRE,0.42,127525.726,4,4,127525.714,0.0,0.0,0.0,0.012,303632.680952
1810706,IT,WM,MOTOR,NONME,0.19,127517.133,4,4,127517.123,0.0,0.0,0.0,0.01,671142.805263
1772411,IT,CH,CHEM1,FOUND,0.27,127512.428,4,4,127512.414,0.0,0.0,0.0,0.014,472268.251852
1813867,IT,WM,LANDT,GASDI,0.82,127504.346,4,4,127504.34,0.0,0.0,0.0,0.006,155493.104878
1804730,IT,WF,LIQUE,BUSIN,0.22,127503.757,4,4,127503.747,0.0,0.0,0.0,0.01,579562.531818
1788554,IT,WA,PAPER,PLAST,0.49,127493.306,5,5,127492.293,0.0,1.0,0.0,0.013,260190.420408
1782262,IT,NO,ALUM1,TRANS,0.22,127493.239,4,4,127493.229,0.0,0.0,0.0,0.01,579514.722727
1682449,IT,HR,PAPER,SALEM,0.49,127470.168,5,5,127469.155,0.0,1.0,0.0,0.013,260143.2
1671011,IT,FI,RUBBE,CEREA,0.42,127466.185,4,4,127466.173,0.0,0.0,0.0,0.012,303490.916667
1674239,IT,FR,NAPHT,PFERT,0.22,127464.948,4,4,127464.939,0.0,0.0,0.0,0.009,579386.127273
1645680,IT,BE,CHEM1,SEWAG,0.27,127460.496,4,4,127460.482,0.0,0.0,0.0,0.014,472075.911111
1736056,IT,SK,FURNI,MOTO1,0.41,127454.203,4,4,127454.192,0.0,0.0,0.0,0.011,310863.909756
1814346,IT,WM,FINAN,WHOLE,1.66,127447.664,4,4,127447.66,0.0,0.0,0.0,0.004,76775.701205
1665438,IT,ES,TEXTI,EDUCA,0.76,127447.04,4,4,127447.023,0.0,0.0,0.0,0.017,167693.473684
1731608,IT,SI,WEARI,WHOLE,0.96,127446.304,4,4,127446.28,0.0,0.0,0.0,0.024,132756.566667
1746693,IT,JP,FABRI,PLAST,0.52,127432.289,4,4,127432.28,0.0,0.0,0.0,0.009,245062.094231
1758414,IT,BR,FABRI,RADIO,0.52,127418.181,4,4,127418.172,0.0,0.0,0.0,0.009,245034.963462
1646343,IT,BE,FABRI,TEXTI,0.52,127417.91,4,4,127417.901,0.0,0.0,0.0,0.009,245034.442308
1682634,IT,HR,KEROS,FABRI,0.19,127410.585,4,4,127410.575,0.0,0.0,0.0,0.01,670582.026316
1800862,IT,WE,BASIC,PUBLI,0.15,127403.131,4,4,127403.123,0.0,0.0,0.0,0.008,849354.206667
1714415,IT,NL,VEGET,HOTEL,0.45,127398.596,5,5,127397.591,0.0,1.0,0.0,0.005,283107.991111
1801128,IT,WE,NONF1,BUSIN,0.03,127397.086,3,3,127397.086,0.0,0.0,0.0,0.0,4246569.533333
1770034,IT,AU,FURNI,RECRE,0.41,127391.068,4,4,127391.057,0.0,0.0,0.0,0.011,310709.921951
1796920,IT,WL,AIRTR,FORES,0.14,127372.579,4,4,127372.575,0.0,0.0,0.0,0.004,909804.135714
1659865,IT,DE,LANDT,RAILW,0.82,127353.03,4,4,127353.024,0.0,0.0,0.0,0.006,155308.573171
1780908,IT,TW,RESEA,ELEC1,0.69,127348.587,4,4,127348.578,0.0,0.0,0.0,0.009,184563.169565
1790857,IT,WA,MACHI,RENTI,0.71,127337.485,4,4,127337.475,0.0,0.0,0.0,0.01,179348.570423
1736064,IT,SK,FURNI,HOTEL,0.41,127334.85,4,4,127334.839,0.0,0.0,0.0,0.011,310572.804878
1721476,IT,PL,AIRTR,RECRE,0.14,127321.748,4,4,127321.744,0.0,0.0,0.0,0.004,909441.057143
1810884,IT,WM,KEROS,93197,0.19,127311.451,4,4,127311.441,0.0,0.0,0.0,0.01,670060.268421
1652768,IT,CZ,PAPER,RESEA,0.49,127285.495,5,5,127284.482,0.0,1.0,0.0,0.013,259766.316327
1667785,IT,ES,OFFIC,BIODI,0.39,127272.393,4,4,127272.384,0.0,0.0,0.0,0.009,326339.469231
1673356,IT,FR,TEXTI,RESEA,0.75,127259.95,4,4,127259.933,0.0,0.0,0.0,0.017,169679.933333
1810331,IT,WM,WOODW,PRINT,0.36,127258.343,5,5,127257.334,0.0,1.0,0.0,0.009,353495.397222
1687620,IT,HU,AIRTR,CROPS,0.14,127251.231,4,4,127251.227,0.0,0.0,0.0,0.004,908937.364286
1671337,IT,FI,ALUM1,RESEA,0.22,127235.918,4,4,127235.908,0.0,0.0,0.0,0.01,578345.081818
1645671,IT,BE,CHEM1,FOODW,0.27,127235.275,4,4,127235.261,0.0,0.0,0.0,0.014,471241.759259
1808908,IT,WM,CEREA,POULT,0.21,127231.421,5,5,127230.414,0.0,1.0,0.0,0.007,605863.909524
1647126,IT,BE,HOTEL,HOTEL,0.92,127227.563,4,4,127227.553,0.0,0.0,0.0,0.01,138290.829348
1794924,IT,WL,CHEM1,LEATH,0.27,127223.958,4,4,127223.944,0.0,0.0,0.0,0.014,471199.844444
1653582,IT,CZ,BASIC,FOOD2,0.15,127222.677,4,4,127222.669,0.0,0.0,0.0,0.008,848151.18
1657745,IT,DE,CEMEN,REALE,0.2,127217.303,5,5,127216.297,0.0,0.0,1.0,0.006,636086.515
1679818,IT,GR,ALUM1,TOBAC,0.22,127201.535,4,4,127201.525,0.0,0.0,0.0,0.01,578188.795455
1687866,IT,HU,AUXIL,INSUR,2.33,127200.37,4,4,127200.364,0.0,0.0,0.0,0.006,54592.433476
1723126,IT,PT,CHEM1,PUBLI,0.27,127196.448,4,4,127196.434,0.0,0.0,0.0,0.014,471097.955556
1723276,IT,PT,GLASS,SALEM,0.35,127187.465,5,5,127186.458,0.0,0.0,1.0,0.007,363392.757143
1673708,IT,FR,PAPER,KEROS,0.49,127184.647,5,5,127183.634,0.0,1.0,0.0,0.013,259560.504082
1731361,IT,SI,PROCE,LIGNI,0.86,127184.324,5,5,127183.316,0.0,1.0,0.0,0.008,147888.748837
1756683,IT,KR,SEACO,PRINT,0.13,127182.103,4,4,127182.101,0.0,0.0,0.0,0.002,978323.869231
1649544,IT,BG,RUBBE,LEAD1,0.42,127167.617,4,4,127167.605,0.0,0.0,0.0,0.012,302780.040476
1642591,IT,AT,FABRI,SANDC,0.52,127162.017,4,4,127162.008,0.0,0.0,0.0,0.009,244542.340385
1733743,IT,SI,LANDT,DAIRY,0.82,127151.152,4,4,127151.146,0.0,0.0,0.0,0.006,155062.380488
1753019,IT,CA,CHEM1,PREC1,0.27,127150.36,4,4,127150.346,0.0,0.0,0.0,0.014,470927.259259
1645918,IT,BE,CERAM,KEROS,0.2,127138.926,5,5,127137.919,0.0,0.0,1.0,0.007,635694.63
1741728,IT,US,NAPHT,NFERT,0.22,127135.512,4,4,127135.503,0.0,0.0,0.0,0.009,577888.690909
1723389,IT,PT,BASIC,NONF1,0.15,127134.049,4,4,127134.041,0.0,0.0,0.0,0.008,847560.326667
1660642,IT,DE,REALE,RETA1,5.37,127131.034,4,4,127131.026,0.0,0.0,0.0,0.008,23674.308007
1718825,IT,PL,PAPER,TRANS,0.49,127114.7,5,5,127113.687,0.0,1.0,0.0,0.013,259417.755102
1798850,IT,WE,FOOD5,RECRE,0.61,127076.056,5,5,127075.045,0.0,1.0,0.0,0.011,208321.403279
1652979,IT,CZ,NONSP,RUBBE,0.17,127064.478,4,4,127064.471,0.0,0.0,0.0,0.007,747438.105882
1666496,IT,ES,PLAST,COPP1,0.27,127058.739,4,4,127058.726,0.0,0.0,0.0,0.013,470587.922222
1716323,IT,NL,FABRI,SECO9,0.52,127056.236,4,4,127056.227,0.0,0.0,0.0,0.009,244338.915385
1801266,IT,WE,MACHI,SUGAR,0.71,127052.345,4,4,127052.335,0.0,0.0,0.0,0.01,178946.964789
1753382,IT,CA,ALUM1,TRANS,0.22,127042.157,4,4,127042.147,0.0,0.0,0.0,0.01,577464.35
1766967,IT,RU,MOTO1,TRANS,0.68,127024.083,4,4,127024.075,0.0,0.0,0.0,0.008,186800.122059
1807542,IT,WF,RENTI,LANDT,0.76,127009.966,4,4,127009.959,0.0,0.0,0.0,0.007,167118.376316
1727255,IT,RO,SUPPO,SALEM,0.91,127009.944,4,4,127009.938,0.0,0.0,0.0,0.006,139571.367033
1749515,IT,CN,PETRO,ELEC1,0.21,127006.054,4,4,127006.044,0.0,0.0,0.0,0.01,604790.733333
1741636,IT,US,HEAVY,TOBAC,0.21,127005.072,4,4,127005.062,0.0,0.0,0.0,0.01,604786.057143
1813716,IT,WM,HOTEL,NATUR,0.92,126997.813,4,4,126997.803,0.0,0.0,0.0,0.01,138041.101087
1739553,IT,GB,TRAN2,GASDI,0.2,126997.295,4,4,126997.292,0.0,0.0,0.0,0.003,634986.475
1786179,IT,ZA,PREC1,FABRI,0.22,126997.131,4,4,126997.125,0.0,0.0,0.0,0.006,577259.686364
1803757,IT,WF,TEXTI,WHEAT,0.75,126979.521,4,4,126979.504,0.0,0.0,0.0,0.017,169306.028
1773749,IT,CH,ELEC1,BUSIN,0.02,126976.515,4,4,126976.507,0.0,0.0,0.0,0.008,6348825.75
1810615,IT,WM,PRINT,INSUR,1.22,126973.72,4,4,126973.71,0.0,0.0,0.0,0.01,104076.819672
1764407,IT,MX,MOTO1,BUSIN,0.68,126946.841,4,4,126946.833,0.0,0.0,0.0,0.008,186686.530882
1721373,IT,PL,SEACO,PULP5,0.13,126945.163,4,4,126945.161,0.0,0.0,0.0,0.002,976501.253846
1674850,IT,FR,NONME,CHEM1,0.26,126938.944,4,4,126938.93,0.0,0.0,0.0,0.014,488226.707692
1655711,IT,DE,CHEMI,RESEA,0.3,126925.42,5,5,126919.408,0.0,0.0,6.0,0.012,423084.733333
1784155,IT,ID,PAPER,PAPER,0.49,126918.921,5,5,126917.908,0.0,1.0,0.0,0.013,259018.206122
1716852,IT,NL,HOTEL,CHEM1,0.92,126914.072,4,4,126914.062,0.0,0.0,0.0,0.01,137950.078261
1667347,IT,ES,LEAD1,MACHI,0.22,126909.345,5,5,126908.334,0.0,0.0,1.0,0.011,576860.659091
1724457,IT,PT,AIRTR,RECRE,0.14,126901.98,4,4,126901.976,0.0,0.0,0.0,0.004,906442.714286
1686859,IT,HU,FABRI,PUBLI,0.52,126866.648,4,4,126866.639,0.0,0.0,0.0,0.009,243974.323077
1746490,IT,JP,CERAM,FABRI,0.2,126862.179,5,5,126861.172,0.0,0.0,1.0,0.007,634310.895
1738031,IT,GB,RUBBE,MEATP,0.42,126860.547,4,4,126860.535,0.0,0.0,0.0,0.012,302048.921429
1742719,IT,US,FABRI,NATUR,0.52,126855.717,4,4,126855.708,0.0,0.0,0.0,0.009,243953.301923
1685367,IT,HU,LEATH,PAPER,0.91,126849.862,5,5,126848.84,0.0,1.0,0.0,0.022,139395.452747
1677293,IT,FR,FINAN,OFFIC,1.65,126840.622,4,4,126840.618,0.0,0.0,0.0,0.004,76873.104242
1673605,IT,FR,WOODW,NONME,0.35,126836.634,5,5,126835.625,0.0,1.0,0.0,0.009,362390.382857
1762713,IT,IN,BUSIN,PRINT,1.3,126824.877,4,4,126824.868,0.0,0.0,0.0,0.009,97557.597692
1749980,IT,CN,CERAM,PUBLI,0.2,126811.794,5,5,126810.787,0.0,0.0,1.0,0.007,634058.97
1666737,IT,ES,RUBBE,GASDI,0.42,126803.748,4,4,126803.737,0.0,0.0,0.0,0.011,301913.685714
1712779,IT,LV,LANDT,REALE,0.82,126799.921,4,4,126799.915,0.0,0.0,0.0,0.006,154634.05
1788985,IT,WA,HEAVY,HOTEL,0.2,126790.063,4,4,126790.053,0.0,0.0,0.0,0.01,633950.315
1681078,IT,GR,SUPPO,PAPER,0.91,126789.406,4,4,126789.4,0.0,0.0,0.0,0.006,139329.017582
1763758,IT,MX,GLASS,MACHI,0.35,126787.414,5,5,126786.407,0.0,0.0,1.0,0.007,362249.754286
1771596,IT,CH,TEXTI,REALE,0.75,126785.554,4,4,126785.537,0.0,0.0,0.0,0.017,169047.405333
1719711,IT,PL,NONME,MACHI,0.26,126784.956,4,4,126784.942,0.0,0.0,0.0,0.014,487634.446154
1794021,IT,WL,WOODW,93197,0.35,126771.225,5,5,126770.216,0.0,1.0,0.0,0.009,362203.5
1665900,IT,ES,COALT,LIQUE,0.2,126765.957,4,4,126765.949,0.0,0.0,0.0,0.008,633829.785
1760634,IT,IN,PULP5,RUBBE,0.39,126755.078,5,5,126754.066,0.0,1.0,0.0,0.012,325013.020513
1748063,IT,JP,BUSIN,ELEC3,1.3,126734.2,4,4,126734.191,0.0,0.0,0.0,0.009,97487.846154
1740224,IT,GB,BUSIN,CEMEN,1.3,126733.886,4,4,126733.877,0.0,0.0,0.0,0.009,97487.604615
1745009,IT,US,PUBLI,FOOD5,2.08,126722.01,4,4,126722.001,0.0,0.0,0.0,0.009,60924.043269
1754109,IT,CA,AIRTR,MEDIC,0.14,126721.277,4,4,126721.273,0.0,0.0,0.0,0.004,905151.978571
1727843,IT,RO,BUSIN,FINAN,1.3,126713.225,4,4,126713.216,0.0,0.0,0.0,0.009,97471.711538
1724418,IT,PT,AIRTR,PLAST,0.14,126702.517,4,4,126702.513,0.0,0.0,0.0,0.004,905017.978571
1648884,IT,BG,TEXTI,DIST1,0.75,126699.38,4,4,126699.363,0.0,0.0,0.0,0.017,168932.506667
1665701,IT,ES,PAPER,MEATC,0.49,126696.87,5,5,126695.858,0.0,1.0,0.0,0.012,258565.040816
1799575,IT,WE,PRINT,REALE,1.22,126686.444,4,4,126686.434,0.0,0.0,0.0,0.01,103841.347541
1727025,IT,RO,HOTEL,WOOD2,0.92,126675.607,4,4,126675.597,0.0,0.0,0.0,0.01,137690.877174
1685406,IT,HU,LEATH,RESEA,0.91,126663.427,5,5,126662.405,0.0,1.0,0.0,0.022,139190.579121
1675195,IT,FR,NONF1,RESEA,0.03,126657.739,3,3,126657.739,0.0,0.0,0.0,0.0,4221924.633333
1794236,IT,WL,PRINT,HEALT,1.22,126653.217,4,4,126653.207,0.0,0.0,0.0,0.01,103814.112295
1652636,IT,CZ,WOODW,FOUND,0.35,126639.004,5,5,126637.995,0.0,1.0,0.0,0.009,361825.725714
1652839,IT,CZ,PRINT,RETA1,1.22,126631.778,4,4,126631.768,0.0,0.0,0.0,0.01,103796.539344
1645943,IT,BE,CERAM,TRANS,0.2,126625.249,5,5,126624.242,0.0,0.0,1.0,0.007,633126.245
1640150,IT,AT,CEREA,RESEA,0.21,126620.221,5,5,126619.214,0.0,1.0,0.0,0.007,602953.433333
1785735,IT,ZA,PLAST,DAIRY,0.27,126614.182,4,4,126614.169,0.0,0.0,0.0,0.013,468941.414815
1642779,IT,AT,MACHI,SUPPO,0.71,126597.56,4,4,126597.55,0.0,0.0,0.0,0.01,178306.422535
1726079,IT,RO,RUBBE,PAPER,0.42,126576.127,4,4,126576.116,0.0,0.0,0.0,0.011,301371.730952
1652437,IT,CZ,TEXTI,REALE,0.75,126573.047,4,4,126573.03,0.0,0.0,0.0,0.017,168764.062667
1767318,IT,RU,HOTEL,REALE,0.92,126564.165,4,4,126564.155,0.0,0.0,0.0,0.01,137569.744565
1753225,IT,CA,CERAM,CEMEN,0.2,126555.759,5,5,126554.752,0.0,0.0,1.0,0.007,632778.795
1652331,IT,CZ,BEVER,EDUCA,0.54,126553.694,4,4,126553.686,0.0,0.0,0.0,0.008,234358.692593
1802836,IT,WE,HEALT,HEALT,0.66,126538.2,4,4,126538.195,0.0,0.0,0.0,0.005,191724.545455
1655692,IT,DE,CHEMI,ELEC5,0.3,126536.468,5,5,126530.456,0.0,0.0,6.0,0.012,421788.226667
1789797,IT,WA,GLASS,EDUCA,0.35,126536.169,4,4,126536.162,0.0,0.0,0.0,0.007,361531.911429
1657678,IT,DE,CERAM,LANDT,0.2,126528.891,5,5,126527.884,0.0,0.0,1.0,0.007,632644.455
1720222,IT,PL,COPP1,FOOD4,0.32,126525.302,4,4,126525.295,0.0,0.0,0.0,0.007,395391.56875
1668066,IT,ES,FURNI,REALE,0.4,126522.781,4,4,126522.77,0.0,0.0,0.0,0.011,316306.9525
1680333,IT,GR,ELEC1,HEAVY,0.02,126520.692,4,4,126520.684,0.0,0.0,0.0,0.008,6326034.6
1736314,IT,SK,HOTEL,EDUCA,0.92,126519.578,4,4,126519.568,0.0,0.0,0.0,0.01,137521.280435
1732886,IT,SI,BASIC,RECRE,0.15,126515.282,4,4,126515.274,0.0,0.0,0.0,0.008,843435.213333
1737885,IT,GB,PLAST,LANDT,0.27,126512.284,4,4,126512.271,0.0,0.0,0.0,0.013,468564.014815
1787686,IT,WA,VEGE1,LEADZ,0.39,126509.588,5,5,126508.56,0.0,1.0,0.0,0.028,324383.558974
1799318,IT,WE,WOODW,WEARI,0.35,126504.628,5,5,126503.619,0.0,1.0,0.0,0.009,361441.794286
1774186,IT,CH,RETA1,MEATP,1.32,126497.746,4,4,126497.738,0.0,0.0,0.0,0.008,95831.625758
1719458,IT,PL,RUBBE,EDUCA,0.42,126493.954,4,4,126493.943,0.0,0.0,0.0,0.011,301176.080952
1658973,IT,DE,ELEC1,ALUM1,0.02,126474.271,4,4,126474.263,0.0,0.0,0.0,0.008,6323713.55
1681948,IT,HR,FOOD5,TOBAC,0.61,126470.935,5,5,126469.924,0.0,1.0,0.0,0.011,207329.401639
1724402,IT,PT,AIRTR,VEGET,0.14,126464.319,4,4,126464.315,0.0,0.0,0.0,0.004,903316.564286
1795650,IT,WL,FABRI,PLAST,0.51,126462.765,4,4,126462.756,0.0,0.0,0.0,0.009,247966.205882
1789757,IT,WA,GLASS,PLAST,0.35,126446.581,4,4,126446.574,0.0,0.0,0.0,0.007,361275.945714
1689348,IT,IE,RETA1,FABRI,1.32,126444.825,4,4,126444.817,0.0,0.0,0.0,0.008,95791.534091
1690303,IT,IE,SEWAG,BUSIN,1.1,126432.714,4,4,126432.705,0.0,0.0,0.0,0.009,114938.830909
1774827,IT,CH,POSTT,SUPPO,2.08,126432.34,4,4,126432.33,0.0,0.0,0.0,0.01,60784.778846
1742207,IT,US,GLASS,COMPU,0.35,126425.157,4,4,126425.15,0.0,0.0,0.0,0.007,361214.734286
1800332,IT,WE,CHEM1,RAWMI,0.26,126421.513,4,4,126421.499,0.0,0.0,0.0,0.014,486236.588462
1750000,IT,CN,NONME,CRUDE,0.26,126416.033,4,4,126416.019,0.0,0.0,0.0,0.014,486215.511538
1804653,IT,WF,HEAVY,INSUR,0.2,126411.951,4,4,126411.941,0.0,0.0,0.0,0.01,632059.755
1676497,IT,FR,RETA1,FINAN,1.32,126397.947,4,4,126397.939,0.0,0.0,0.0,0.008,95756.020455
1813899,IT,WM,LANDT,SALEM,0.82,126383.272,4,4,126383.266,0.0,0.0,0.0,0.006,154125.941463
1752727,IT,CA,LEATH,SALEM,0.91,126381.193,5,5,126380.171,0.0,1.0,0.0,0.022,138880.431868
1723235,IT,PT,GLASS,VEGET,0.35,126371.686,4,4,126371.679,0.0,0.0,0.0,0.007,361061.96
1804997,IT,WF,PLAST,PROCE,0.27,126353.886,4,4,126353.873,0.0,0.0,0.0,0.013,467977.355556
1689368,IT,IE,RETA1,HOTEL,1.32,126350.149,4,4,126350.141,0.0,0.0,0.0,0.008,95719.809848
1724868,IT,PT,BUSIN,PLAST,1.3,126349.2,4,4,126349.191,0.0,0.0,0.0,0.009,97191.692308
1780431,IT,TW,SUPPO,OFFIC,0.91,126340.97,4,4,126340.964,0.0,0.0,0.0,0.006,138836.230769
1674325,IT,FR,CHEM1,FORES,0.26,126335.631,4,4,126335.617,0.0,0.0,0.0,0.014,485906.273077
1674138,IT,FR,HEAVY,NONME,0.2,126330.843,4,4,126330.833,0.0,0.0,0.0,0.01,631654.215
1660731,IT,DE,RENTI,HOTEL,0.76,126328.875,4,4,126328.868,0.0,0.0,0.0,0.007,166222.203947
1810707,IT,WM,MOTOR,BASIC,0.19,126322.521,4,4,126322.511,0.0,0.0,0.0,0.01,664855.373684
1666018,IT,ES,MOTOR,FOOD3,0.19,126303.792,4,4,126303.782,0.0,0.0,0.0,0.01,664756.8
1732267,IT,SI,LIQUE,HOTEL,0.22,126303.599,4,4,126303.589,0.0,0.0,0.0,0.01,574107.268182
1715574,IT,NL,HEAVY,CHEM1,0.2,126290.164,4,4,126290.154,0.0,0.0,0.0,0.01,631450.82
1644031,IT,AT,BUSIN,KEROS,1.3,126289.88,4,4,126289.871,0.0,0.0,0.0,0.009,97146.061538
1674561,IT,FR,RUBBE,COPP1,0.42,126287.158,4,4,126287.147,0.0,0.0,0.0,0.011,300683.709524
1776516,IT,TR,MOTOR,93197,0.19,126285.611,4,4,126285.601,0.0,0.0,0.0,0.01,664661.110526
1714487,IT,NL,FISHF,RENTI,0.22,126266.636,4,4,126266.631,0.0,0.0,0.0,0.005,573939.254545
1736009,IT,SK,TRANS,WHOLE,0.75,126260.345,4,4,126260.338,0.0,0.0,0.0,0.007,168347.126667
1762744,IT,IN,BUSIN,FABRI,1.3,126252.341,4,4,126252.332,0.0,0.0,0.0,0.009,97117.185385
1681569,IT,GR,BUSIN,INLAN,1.3,126246.879,4,4,126246.87,0.0,0.0,0.0,0.009,97112.983846
1653555,IT,CZ,BASIC,COLLE,0.15,126243.602,4,4,126243.594,0.0,0.0,0.0,0.008,841624.013333
1681673,IT,HR,VEGET,HOTEL,0.45,126242.275,5,5,126241.27,0.0,1.0,0.0,0.005,280538.388889
1657992,IT,DE,BASIC,93197,0.15,126239.341,4,4,126239.333,0.0,0.0,0.0,0.008,841595.606667
1687665,IT,HU,AIRTR,TRANS,0.14,126233.113,4,4,126233.109,0.0,0.0,0.0,0.004,901665.092857
1685812,IT,HU,PLAST,HEALT,0.26,126226.099,4,4,126226.086,0.0,0.0,0.0,0.013,485484.996154
1643231,IT,AT,HOTEL,ALUM1,0.91,126226.093,4,4,126226.083,0.0,0.0,0.0,0.01,138709.992308
1756358,IT,KR,TRANS,SEACO,0.75,126223.894,4,4,126223.887,0.0,0.0,0.0,0.007,168298.525333
1737173,IT,GB,DAIRY,MEATC,0.51,126222.608,5,5,126221.599,0.0,1.0,0.0,0.009,247495.309804
1760927,IT,IN,HEAVY,WEARI,0.2,126215.093,4,4,126215.083,0.0,0.0,0.0,0.01,631075.465
1658159,IT,DE,ALUM1,ELEC7,0.22,126209.103,4,4,126209.093,0.0,0.0,0.0,0.01,573677.740909
1720262,IT,PL,FABRI,STONE,0.51,126197.814,4,4,126197.805,0.0,0.0,0.0,0.009,247446.694118
1675542,IT,FR,MOTO1,PIGS9,0.67,126194.37,4,4,126194.362,0.0,0.0,0.0,0.008,188349.80597
1740205,IT,GB,BUSIN,KEROS,1.3,126185.549,4,4,126185.54,0.0,0.0,0.0,0.009,97065.806923
1804385,IT,WF,KEROS,COPP1,0.19,126168.253,4,4,126168.243,0.0,0.0,0.0,0.01,664043.436842
1655698,IT,DE,CHEMI,DIST1,0.3,126159.844,5,5,126153.832,0.0,0.0,6.0,0.012,420532.813333
1721425,IT,PL,AIRTR,FOOD5,0.14,126155.554,4,4,126155.55,0.0,0.0,0.0,0.004,901111.1
1785794,IT,ZA,CHEM1,FORES,0.26,126153.084,4,4,126153.07,0.0,0.0,0.0,0.014,485204.169231
1662164,IT,DK,RUBBE,TRANS,0.42,126142.828,4,4,126142.817,0.0,0.0,0.0,0.011,300340.066667
1739597,IT,GB,SEACO,RUBBE,0.13,126112.938,4,4,126112.936,0.0,0.0,0.0,0.002,970099.523077
1777699,IT,TR,COPP1,ELECT,0.32,126097.072,4,4,126097.065,0.0,0.0,0.0,0.007,394053.35
1725579,IT,RO,WOODW,PULP5,0.35,126094.864,5,5,126093.855,0.0,1.0,0.0,0.009,360271.04
1763275,IT,MX,PAPER,FISH5,0.49,126090.893,5,5,126089.881,0.0,1.0,0.0,0.012,257328.353061
1644641,IT,BE,FOOD5,RESEA,0.61,126085.465,5,5,126084.454,0.0,1.0,0.0,0.011,206697.483607
1799298,IT,WE,LEATH,RESEA,0.9,126082.456,5,5,126081.434,0.0,1.0,0.0,0.022,140091.617778
1737887,IT,GB,PLAST,RENTI,0.26,126069.486,4,4,126069.473,0.0,0.0,0.0,0.013,484882.638462
1668913,IT,ES,SEACO,RESEA,0.13,126069.297,4,4,126069.295,0.0,0.0,0.0,0.002,969763.823077
1661036,IT,DE,BUSIN,FOOD2,1.29,126063.729,4,4,126063.72,0.0,0.0,0.0,0.009,97723.82093
1644447,IT,BE,VEGE1,FISH5,0.39,126060.454,5,5,126059.427,0.0,1.0,0.0,0.027,323231.933333
1796614,IT,WL,HOTEL,CHEM1,0.91,126037.742,4,4,126037.733,0.0,0.0,0.0,0.009,138503.013187
1810179,IT,WM,WEARI,AIRTR,0.95,126019.365,4,4,126019.341,0.0,0.0,0.0,0.024,132651.963158
1720276,IT,PL,FABRI,WEARI,0.51,126016.813,4,4,126016.804,0.0,0.0,0.0,0.009,247091.790196
1813067,IT,WM,OFFIC,CONST,0.39,126012.593,4,4,126012.584,0.0,0.0,0.0,0.009,323109.212821
1805823,IT,WF,PREC1,BUSIN,0.21,126011.412,4,4,126011.406,0.0,0.0,0.0,0.006,600054.342857
1752937,IT,CA,PLAST,BITU1,0.26,125999.447,4,4,125999.434,0.0,0.0,0.0,0.013,484613.257692
1813314,IT,WM,TRANS,RECRE,0.75,125990.735,4,4,125990.728,0.0,0.0,0.0,0.007,167987.646667
1709658,IT,LT,KEROS,MEAT1,0.19,125974.72,4,4,125974.71,0.0,0.0,0.0,0.01,663024.842105
1658550,IT,DE,MACHI,FISH5,0.7,125958.363,4,4,125958.353,0.0,0.0,0.0,0.01,179940.518571
1655422,IT,DE,ANIMA,RESEA,0.5,125925.688,4,4,125925.682,0.0,0.0,0.0,0.006,251851.376
1666337,IT,ES,LIQUE,CONST,0.22,125919.298,4,4,125919.288,0.0,0.0,0.0,0.01,572360.445455
1732620,IT,SI,GLASS,NONF1,0.35,125916.043,4,4,125916.036,0.0,0.0,0.0,0.007,359760.122857
1804415,IT,WF,KEROS,BUSIN,0.19,125907.783,4,4,125907.773,0.0,0.0,0.0,0.01,662672.542105
1780585,IT,TW,INSUR,PROCE,2.6,125902.016,4,4,125902.01,0.0,0.0,0.0,0.006,48423.852308
1662639,IT,DK,MACHI,SUGA1,0.7,125898.332,4,4,125898.322,0.0,0.0,0.0,0.01,179854.76
1747161,IT,JP,CONST,ALUM1,0.7,125895.927,4,4,125895.92,0.0,0.0,0.0,0.007,179851.324286
1688248,IT,IE,VEGET,ALUM1,0.45,125893.936,5,5,125892.931,0.0,1.0,0.0,0.005,279764.302222
1725803,IT,RO,PRINT,HEALT,1.21,125892.596,4,4,125892.586,0.0,0.0,0.0,0.01,104043.467769
1723224,IT,PT,RUBBE,RESEA,0.42,125889.426,4,4,125889.415,0.0,0.0,0.0,0.011,299736.728571
1771333,IT,CH,DAIRY,BUSIN,0.51,125889.393,5,5,125888.384,0.0,1.0,0.0,0.009,246841.947059
1778620,IT,TR,HOTEL,WEARI,0.91,125888.961,4,4,125888.952,0.0,0.0,0.0,0.009,138339.517582
1772139,IT,CH,MOTOR,RECRE,0.19,125888.77,4,4,125888.76,0.0,0.0,0.0,0.01,662572.473684
1772193,IT,CH,GASDI,SECO9,0.19,125887.545,4,4,125887.535,0.0,0.0,0.0,0.01,662566.026316
1722404,IT,PT,MEATC,HOTEL,0.42,125886.182,5,5,125884.174,0.0,2.0,0.0,0.008,299729.004762
1654331,IT,CZ,ELEC2,HEALT,0.03,125882.03,4,4,125882.017,0.0,0.0,0.0,0.013,4196067.666667
1665739,IT,ES,PAPER,NONME,0.49,125872.247,5,5,125871.235,0.0,1.0,0.0,0.012,256882.136735
1651746,IT,CY,MACHI,CONST,0.7,125872.019,4,4,125872.009,0.0,0.0,0.0,0.01,179817.17
1742256,IT,US,CERAM,REALE,0.2,125868.497,5,5,125867.49,0.0,0.0,1.0,0.007,629342.485
1775296,IT,CH,BUSIN,ELECT,1.29,125868.215,4,4,125868.206,0.0,0.0,0.0,0.009,97572.25969
1676036,IT,FR,ELEC6,ALUM1,0.02,125857.656,4,4,125857.636,0.0,0.0,0.0,0.02,6292882.8
1686276,IT,HU,CERAM,COMPU,0.2,125850.215,5,5,125849.208,0.0,0.0,1.0,0.007,629251.075
1713911,IT,MT,ELEC7,TRAN1,0.09,125832.325,4,4,125832.323,0.0,0.0,0.0,0.002,1398136.944444
1645967,IT,BE,CERAM,OILHA,0.2,125832.066,5,5,125831.059,0.0,0.0,1.0,0.007,629160.33
1811655,IT,WM,CHEM1,MEDIC,0.26,125822.592,4,4,125822.578,0.0,0.0,0.0,0.014,483933.046154
1677278,IT,FR,FINAN,PLAST,1.64,125802.977,4,4,125802.973,0.0,0.0,0.0,0.004,76709.132317
1770250,IT,AU,HOTEL,LIQUE,0.91,125800.804,4,4,125800.795,0.0,0.0,0.0,0.009,138242.641758
1745068,IT,US,PUBLI,DISTR,2.06,125797.334,4,4,125797.325,0.0,0.0,0.0,0.009,61066.66699
1643426,IT,AT,LANDT,NAPHT,0.81,125778.837,4,4,125778.831,0.0,0.0,0.0,0.006,155282.514815
1689254,IT,IE,WHOLE,RUBBE,1.09,125775.319,4,4,125775.312,0.0,0.0,0.0,0.007,115390.200917
1780873,IT,TW,RESEA,LEATH,0.68,125774.939,4,4,125774.93,0.0,0.0,0.0,0.009,184963.145588
1749344,IT,CN,PRINT,FURNI,1.21,125769.975,4,4,125769.965,0.0,0.0,0.0,0.01,103942.128099
1742645,IT,US,COPP1,NONF1,0.32,125768.223,4,4,125768.216,0.0,0.0,0.0,0.007,393025.696875
1660339,IT,DE,FINAN,FOOD5,1.64,125764.58,4,4,125764.576,0.0,0.0,0.0,0.004,76685.719512
1677861,IT,FR,BUSIN,TEXTI,1.29,125757.809,4,4,125757.8,0.0,0.0,0.0,0.009,97486.673643
1773453,IT,CH,OFFIC,FURNI,0.39,125754.743,4,4,125754.734,0.0,0.0,0.0,0.009,322448.058974
1665192,IT,ES,FOOD5,PROCE,0.6,125746.951,5,5,125745.94,0.0,1.0,0.0,0.011,209578.251667
1805950,IT,WF,LEAD1,BUSIN,0.22,125722.88,5,5,125721.869,0.0,0.0,1.0,0.011,571467.636364
1745112,IT,US,PUBLI,93197,2.06,125719.145,4,4,125719.136,0.0,0.0,0.0,0.009,61028.711165
1679407,IT,GR,NFERT,COLLE,0.03,125718.219,4,4,125718.209,0.0,0.0,0.0,0.01,4190607.3
1763118,IT,MX,WEARI,HOTEL,0.95,125711.125,4,4,125711.101,0.0,0.0,0.0,0.024,132327.5
1772882,IT,CH,BASIC,DISTR,0.14,125683.987,4,4,125683.979,0.0,0.0,0.0,0.008,897742.764286
1674510,IT,FR,RUBBE,FISHF,0.42,125678.555,4,4,125678.544,0.0,0.0,0.0,0.011,299234.654762
1813212,IT,WM,TRANS,VEGET,0.75,125653.291,4,4,125653.284,0.0,0.0,0.0,0.007,167537.721333
1794991,IT,WL,CHEM1,SEACO,0.26,125643.733,4,4,125643.719,0.0,0.0,0.0,0.014,483245.126923
1713908,IT,MT,ELEC6,CONST,0.02,125639.205,4,4,125639.185,0.0,0.0,0.0,0.02,6281960.25
1786405,IT,ZA,MACHI,HOTEL,0.7,125608.186,4,4,125608.176,0.0,0.0,0.0,0.01,179440.265714
1805213,IT,WF,CHEM1,CHEM1,0.26,125594.393,4,4,125594.379,0.0,0.0,0.0,0.014,483055.357692
1665988,IT,ES,MOTOR,TRAN1,0.19,125574.756,4,4,125574.746,0.0,0.0,0.0,0.01,660919.768421
1798672,IT,WE,VEGE1,BEVER,0.39,125574.05,5,5,125573.023,0.0,1.0,0.0,0.027,321984.74359
1717119,IT,NL,SEACO,RAILW,0.13,125572.707,4,4,125572.705,0.0,0.0,0.0,0.002,965943.9
1673639,IT,FR,WOODW,HEALT,0.35,125572.368,5,5,125571.36,0.0,1.0,0.0,0.008,358778.194286
1726450,IT,RO,FABRI,CERAM,0.51,125571.591,4,4,125571.582,0.0,0.0,0.0,0.009,246218.805882
1648775,IT,BG,BEVER,PAPER,0.53,125547.486,4,4,125547.478,0.0,0.0,0.0,0.008,236882.049057
1805176,IT,WF,CHEM1,NICKE,0.26,125546.907,4,4,125546.893,0.0,0.0,0.0,0.014,482872.719231
1796106,IT,WL,TRANS,NONF1,0.75,125545.825,4,4,125545.818,0.0,0.0,0.0,0.007,167394.433333
1782523,IT,NO,OFFIC,CONST,0.39,125544.582,4,4,125544.573,0.0,0.0,0.0,0.009,321909.184615
1652441,IT,CZ,TEXTI,BUSIN,0.74,125543.133,4,4,125543.116,0.0,0.0,0.0,0.017,169652.882432
1667587,IT,ES,FABRI,93197,0.51,125534.111,4,4,125534.102,0.0,0.0,0.0,0.009,246145.315686
1801451,IT,WE,MOTO1,MEAT1,0.67,125529.641,4,4,125529.633,0.0,0.0,0.0,0.008,187357.673134
1720083,IT,PL,ALUM1,FOOD3,0.22,125525.576,4,4,125525.566,0.0,0.0,0.0,0.01,570570.8
1744143,IT,US,SUPPO,LANDT,0.9,125516.904,4,4,125516.898,0.0,0.0,0.0,0.006,139463.226667
1796677,IT,WL,HOTEL,MEMBE,0.91,125516.834,4,4,125516.825,0.0,0.0,0.0,0.009,137930.586813
1677494,IT,FR,AUXIL,BASIC,2.29,125514.726,4,4,125514.72,0.0,0.0,0.0,0.006,54809.924017
1711319,IT,LU,WHOLE,RUBBE,1.08,125508.745,4,4,125508.738,0.0,0.0,0.0,0.007,116211.800926
1747957,IT,JP,RESEA,RADIO,0.68,125496.54,4,4,125496.531,0.0,0.0,0.0,0.009,184553.735294
1794437,IT,WL,GASDI,FISHF,0.19,125493.51,4,4,125493.5,0.0,0.0,0.0,0.01,660492.157895
1749537,IT,CN,PLAST,COKIN,0.26,125490.782,4,4,125490.769,0.0,0.0,0.0,0.013,482656.853846
1712418,IT,LV,NONME,CONST,0.25,125483.31,4,4,125483.296,0.0,0.0,0.0,0.014,501933.24
1801553,IT,WE,TRANS,NATUR,0.75,125482.96,4,4,125482.953,0.0,0.0,0.0,0.007,167310.613333
1723375,IT,PT,BASIC,PLAST,0.14,125478.369,4,4,125478.361,0.0,0.0,0.0,0.008,896274.064286
1761580,IT,IN,NONF1,RUBBE,0.03,125478.14,3,3,125478.14,0.0,0.0,0.0,0.0,4182604.666667
1682681,IT,HR,KEROS,INERT,0.19,125477.683,4,4,125477.673,0.0,0.0,0.0,0.01,660408.857895
1761742,IT,IN,MACHI,LIQUE,0.7,125469.626,4,4,125469.616,0.0,0.0,0.0,0.01,179242.322857
1799490,IT,WE,PAPER,DISTR,0.49,125466.35,5,5,125465.338,0.0,1.0,0.0,0.012,256053.77551
1728910,IT,SE,CHEM1,CERAM,0.26,125461.909,4,4,125461.895,0.0,0.0,0.0,0.014,482545.803846
1742410,IT,US,NONME,INSUR,0.25,125459.087,4,4,125459.073,0.0,0.0,0.0,0.014,501836.348
1800675,IT,WE,CERAM,AUXIL,0.2,125441.98,5,5,125440.973,0.0,0.0,1.0,0.007,627209.9
1751021,IT,CN,WHOLE,RUBBE,1.08,125437.067,4,4,125437.06,0.0,0.0,0.0,0.007,116145.432407
1796366,IT,WL,WHOLE,MEATC,1.08,125432.083,4,4,125432.076,0.0,0.0,0.0,0.007,116140.817593
1652072,IT,CZ,STONE,PFERT,0.41,125431.113,5,5,125424.107,0.0,0.0,7.0,0.006,305929.543902
1729178,IT,SE,GLASS,PAPE1,0.34,125416.256,4,4,125416.249,0.0,0.0,0.0,0.007,368871.341176
1781874,IT,NO,CHEM1,MEATP,0.26,125412.876,4,4,125412.862,0.0,0.0,0.0,0.014,482357.215385
1798268,IT,WE,OILSE,PAPER,0.09,125395.646,5,5,125394.64,0.0,1.0,0.0,0.006,1393284.955556
1748083,IT,JP,BUSIN,LANDT,1.29,125371.262,4,4,125371.253,0.0,0.0,0.0,0.009,97187.024806
1798227,IT,WE,VEGET,BASIC,0.44,125371.148,5,5,125370.143,0.0,1.0,0.0,0.005,284934.427273
1684566,IT,HR,BUSIN,RETA1,1.29,125369.062,4,4,125369.053,0.0,0.0,0.0,0.009,97185.31938
1806121,IT,WF,FABRI,GASDI,0.51,125366.899,4,4,125366.89,0.0,0.0,0.0,0.009,245817.44902
1760728,IT,IN,PAPER,REALE,0.49,125353.719,5,5,125352.707,0.0,1.0,0.0,0.012,255823.916327
1813875,IT,WM,LANDT,CHEM1,0.81,125352.752,4,4,125352.746,0.0,0.0,0.0,0.006,154756.483951
1710069,IT,LT,FABRI,LIQUE,0.51,125313.023,4,4,125313.014,0.0,0.0,0.0,0.009,245711.809804
1738110,IT,GB,RUBBE,93197,0.42,125299.956,4,4,125299.945,0.0,0.0,0.0,0.011,298333.228571
1739652,IT,GB,AIRTR,SALEM,0.14,125297.518,4,4,125297.514,0.0,0.0,0.0,0.004,894982.271429
1812332,IT,WM,BASIC,CHARC,0.14,125290.657,4,4,125290.649,0.0,0.0,0.0,0.008,894933.264286
1814018,IT,WM,SEACO,FURNI,0.13,125274.271,4,4,125274.269,0.0,0.0,0.0,0.002,963648.238462
1766103,IT,RU,RUBBE,PAPER,0.42,125268.107,4,4,125268.096,0.0,0.0,0.0,0.011,298257.397619
1749262,IT,CN,PAPER,RADIO,0.49,125260.872,5,5,125259.86,0.0,1.0,0.0,0.012,255634.432653
1789267,IT,WA,PLAST,FOOD4,0.26,125254.791,4,4,125254.778,0.0,0.0,0.0,0.013,481749.196154
1643321,IT,AT,RAILW,GASDI,0.84,125253.033,5,5,125252.027,0.0,0.0,1.0,0.006,149110.753571
1796073,IT,WL,TRANS,PULP5,0.75,125246.44,4,4,125246.433,0.0,0.0,0.0,0.007,166995.253333
1665691,IT,ES,PULP5,BUSIN,0.38,125245.922,5,5,125244.91,0.0,1.0,0.0,0.012,329594.531579
1683662,IT,HR,FABRI,STEAM,0.51,125233.938,4,4,125233.929,0.0,0.0,0.0,0.009,245556.741176
1723127,IT,PT,CHEM1,EDUCA,0.26,125231.265,4,4,125231.251,0.0,0.0,0.0,0.014,481658.711538
1763956,IT,MX,BASIC,RAILW,0.14,125230.758,4,4,125230.75,0.0,0.0,0.0,0.008,894505.414286
1796792,IT,WL,LANDT,PUBLI,0.81,125186.395,4,4,125186.389,0.0,0.0,0.0,0.006,154551.104938
1757722,IT,BR,NAPHT,BIODI,0.21,125159.481,4,4,125159.472,0.0,0.0,0.0,0.009,595997.528571
1722575,IT,PT,FISH5,FOOD5,0.53,125154.594,4,4,125154.53,0.0,0.0,0.0,0.064,236140.743396
1719748,IT,PL,BASIC,VEGET,0.14,125145.055,4,4,125145.047,0.0,0.0,0.0,0.008,893893.25
1732373,IT,SI,NUCLE,NUCLE,0.26,125128.342,4,4,125128.333,0.0,0.0,0.0,0.009,481262.853846
1681095,IT,GR,SUPPO,ELECT,0.9,125124.821,4,4,125124.815,0.0,0.0,0.0,0.006,139027.578889
1747196,IT,JP,CONST,POSTT,0.7,125116.499,4,4,125116.492,0.0,0.0,0.0,0.007,178737.855714
1663154,IT,DK,LANDT,WOODW,0.81,125109.32,4,4,125109.314,0.0,0.0,0.0,0.006,154455.950617
1656823,IT,DE,GASDI,RAILW,0.19,125104.537,4,4,125104.527,0.0,0.0,0.0,0.01,658444.931579
1665651,IT,ES,WOODW,LANDT,0.35,125098.7,5,5,125097.692,0.0,1.0,0.0,0.008,357424.857143
1686547,IT,HU,ALUM1,GASDI,0.22,125079.582,4,4,125079.572,0.0,0.0,0.0,0.01,568543.554545
1746927,IT,JP,MOTO1,GLASS,0.67,125078.672,4,4,125078.664,0.0,0.0,0.0,0.008,186684.585075
1777748,IT,TR,NONF1,TRANS,0.03,125075.137,3,3,125075.137,0.0,0.0,0.0,0.0,4169171.233333
1792189,IT,WA,SUPPO,AIRTR,0.9,125067.053,4,4,125067.047,0.0,0.0,0.0,0.006,138963.392222
1792087,IT,WA,AIRTR,MOTO1,0.14,125059.512,4,4,125059.508,0.0,0.0,0.0,0.004,893282.228571
1777689,IT,TR,COPP1,CEMEN,0.32,125052.406,4,4,125052.4,0.0,0.0,0.0,0.006,390788.76875
1650915,IT,BG,SEACO,PFERT,0.13,125049.456,4,4,125049.454,0.0,0.0,0.0,0.002,961918.892308
1730756,IT,SE,BUSIN,FOOD5,1.28,125041.508,4,4,125041.499,0.0,0.0,0.0,0.009,97688.678125
1759626,IT,BR,RESEA,FOOD5,0.68,125039.725,4,4,125039.716,0.0,0.0,0.0,0.009,183881.948529
1789975,IT,WA,NONME,STONE,0.25,125036.934,4,4,125036.92,0.0,0.0,0.0,0.014,500147.736
1652443,IT,CZ,TEXTI,HEALT,0.74,125033.636,4,4,125033.619,0.0,0.0,0.0,0.017,168964.372973
1737712,IT,GB,KEROS,HOTEL,0.19,125018.665,4,4,125018.655,0.0,0.0,0.0,0.01,657992.973684
1649961,IT,BG,FABRI,RETAI,0.51,125014.033,4,4,125014.024,0.0,0.0,0.0,0.009,245125.554902
1677725,IT,FR,RENTI,AUXIL,0.75,125008.651,4,4,125008.644,0.0,0.0,0.0,0.007,166678.201333
1720225,IT,PL,COPP1,INERT,0.32,125005.533,4,4,125005.527,0.0,0.0,0.0,0.006,390642.290625
1713613,IT,MT,BASIC,POSTT,0.14,125003.999,4,4,125003.991,0.0,0.0,0.0,0.008,892885.707143
1813160,IT,WM,MOTO1,FABRI,0.67,124997.663,4,4,124997.655,0.0,0.0,0.0,0.008,186563.676119
1766115,IT,RU,RUBBE,CHEM1,0.41,124992.12,4,4,124992.109,0.0,0.0,0.0,0.011,304858.829268
1730408,IT,SE,POSTT,WOODW,2.06,124983.82,4,4,124983.81,0.0,0.0,0.0,0.01,60671.757282
1649777,IT,BG,BASIC,RETA1,0.14,124982.478,4,4,124982.47,0.0,0.0,0.0,0.008,892731.985714
1814008,IT,WM,SEACO,NONF1,0.13,124978.196,4,4,124978.194,0.0,0.0,0.0,0.002,961370.738462
1759607,IT,BR,COMPU,EDUCA,1.43,124977.759,4,4,124977.751,0.0,0.0,0.0,0.008,87397.034266
1794785,IT,WL,PLAST,PULP5,0.26,124975.692,4,4,124975.679,0.0,0.0,0.0,0.013,480675.738462
1723185,IT,PT,RUBBE,BIODI,0.41,124973.758,4,4,124973.747,0.0,0.0,0.0,0.011,304814.043902
1784254,IT,ID,CHEM1,FOOD5,0.26,124973.107,4,4,124973.093,0.0,0.0,0.0,0.014,480665.796154
1781499,IT,NO,TEXTI,CRUDE,0.74,124972.61,4,4,124972.593,0.0,0.0,0.0,0.017,168881.905405
1658761,IT,DE,MOTO1,CEREA,0.67,124970.274,4,4,124970.266,0.0,0.0,0.0,0.008,186522.797015
1770985,IT,CH,VEGET,BUSIN,0.44,124965.996,5,5,124964.991,0.0,1.0,0.0,0.005,284013.627273
1680286,IT,GR,FURNI,DIST1,0.4,124959.916,4,4,124959.905,0.0,0.0,0.0,0.011,312399.79
1774738,IT,CH,SUPPO,RETA1,0.9,124937.726,4,4,124937.72,0.0,0.0,0.0,0.006,138819.695556
1733200,IT,SI,MACHI,WOODW,0.7,124928.554,4,4,124928.544,0.0,0.0,0.0,0.01,178469.362857
1680364,IT,GR,ELEC2,PULP5,0.03,124926.329,4,4,124926.316,0.0,0.0,0.0,0.013,4164210.966667
1805218,IT,WF,CHEM1,CERAM,0.26,124924.507,4,4,124924.493,0.0,0.0,0.0,0.014,480478.873077
1782441,IT,NO,MACHI,PRINT,0.7,124923.957,4,4,124923.947,0.0,0.0,0.0,0.01,178462.795714
1650242,IT,BG,FURNI,REALE,0.4,124912.09,4,4,124912.079,0.0,0.0,0.0,0.011,312280.225
1742763,IT,US,FABRI,NONME,0.51,124901.36,4,4,124901.351,0.0,0.0,0.0,0.009,244904.627451
1771497,IT,CH,BEVER,EDUCA,0.53,124898.247,4,4,124898.239,0.0,0.0,0.0,0.008,235657.069811
1780053,IT,TW,WHOLE,PRINT,1.08,124894.284,4,4,124894.277,0.0,0.0,0.0,0.007,115642.855556
1777060,IT,TR,CHEM1,FOUND,0.26,124890.384,4,4,124890.37,0.0,0.0,0.0,0.014,480347.630769
1752105,IT,CN,BUSIN,NONME,1.28,124885.592,4,4,124885.583,0.0,0.0,0.0,0.009,97566.86875
1761085,IT,IN,PFERT,LIQUE,0.05,124884.996,4,4,124884.976,0.0,0.0,0.0,0.02,2497699.92
1813598,IT,WM,WHOLE,POSTT,1.08,124883.45,4,4,124883.443,0.0,0.0,0.0,0.007,115632.824074
1657779,IT,DE,NONME,TEXTI,0.25,124881.049,4,4,124881.035,0.0,0.0,0.0,0.014,499524.196
1685865,IT,HU,CHEM1,LIQUE,0.26,124873.667,4,4,124873.653,0.0,0.0,0.0,0.014,480283.334615
1722128,IT,PL,BUSIN,ELEC1,1.28,124872.358,4,4,124872.349,0.0,0.0,0.0,0.009,97556.529687
1656897,IT,DE,HEAVY,RENTI,0.2,124867.664,4,4,124867.654,0.0,0.0,0.0,0.01,624338.32
1773293,IT,CH,MACHI,STONE,0.7,124866.615,4,4,124866.605,0.0,0.0,0.0,0.01,178380.878571
1726006,IT,RO,CHEM1,ELEC1,0.26,124853.782,4,4,124853.768,0.0,0.0,0.0,0.014,480206.853846
1659949,IT,DE,TRAN2,BUSIN,0.19,124851.991,4,4,124851.988,0.0,0.0,0.0,0.003,657115.742105
1651258,IT,CY,MEATC,RAILW,0.42,124851.396,5,5,124849.388,0.0,2.0,0.0,0.008,297265.228571
1755819,IT,KR,CERAM,REALE,0.19,124849.456,5,5,124848.449,0.0,0.0,1.0,0.007,657102.4
1746670,IT,JP,NONF1,FURNI,0.03,124826.392,3,3,124826.392,0.0,0.0,0.0,0.0,4160879.733333
1722674,IT,PT,WEARI,HEALT,0.94,124812.407,4,4,124812.383,0.0,0.0,0.0,0.024,132779.156383
1684115,IT,HR,RAILW,CHEM1,0.83,124804.637,5,5,124803.631,0.0,0.0,1.0,0.006,150367.03253
1795752,IT,WL,MACHI,PROCE,0.7,124795.156,4,4,124795.146,0.0,0.0,0.0,0.01,178278.794286
1713640,IT,MT,ALUM1,PLAST,0.22,124795.15,4,4,124795.14,0.0,0.0,0.0,0.01,567250.681818
1790281,IT,WA,ALUM1,BITUM,0.22,124793.489,4,4,124793.479,0.0,0.0,0.0,0.01,567243.131818
1774532,IT,CH,LANDT,RECRE,0.81,124788.923,4,4,124788.917,0.0,0.0,0.0,0.006,154060.398765
1720037,IT,PL,ALUM1,COPP1,0.22,124776.626,4,4,124776.616,0.0,0.0,0.0,0.01,567166.481818
1794215,IT,WL,PRINT,SALEM,1.2,124763.01,4,4,124763.0,0.0,0.0,0.0,0.01,103969.175
1643684,IT,AT,SUPPO,BEVER,0.9,124762.002,4,4,124761.996,0.0,0.0,0.0,0.006,138624.446667
1764834,IT,MX,SEACO,RADIO,0.13,124759.121,4,4,124759.119,0.0,0.0,0.0,0.002,959685.546154
1790310,IT,WA,ALUM1,MOTOR,0.22,124747.076,4,4,124747.066,0.0,0.0,0.0,0.01,567032.163636
1743263,IT,US,FURNI,WOODW,0.4,124736.823,4,4,124736.812,0.0,0.0,0.0,0.011,311842.0575
1795067,IT,WL,ADDIT,PUBLI,0.29,124726.424,5,5,124725.414,0.0,1.0,0.0,0.01,430091.117241
1644580,IT,BE,FOOD5,POULT,0.6,124723.593,5,5,124722.582,0.0,1.0,0.0,0.011,207872.655
1732503,IT,SI,RUBBE,MEATC,0.41,124719.591,4,4,124719.58,0.0,0.0,0.0,0.011,304194.12439
1665272,IT,ES,BEVER,PLAST,0.53,124698.983,4,4,124698.975,0.0,0.0,0.0,0.008,235281.1
1729177,IT,SE,GLASS,FOODW,0.34,124689.294,4,4,124689.287,0.0,0.0,0.0,0.007,366733.217647
1719645,IT,PL,BRICK,CONST,0.19,124684.766,5,5,124683.758,0.0,0.0,1.0,0.008,656235.610526
1675293,IT,FR,FABRI,SEACO,0.51,124676.042,4,4,124676.033,0.0,0.0,0.0,0.009,244462.827451
1734416,IT,SK,VEGET,RETA1,0.44,124673.596,5,5,124672.591,0.0,1.0,0.0,0.005,283349.081818
1798906,IT,WE,BEVER,RECRE,0.53,124668.999,4,4,124668.991,0.0,0.0,0.0,0.008,235224.526415
1722161,IT,PL,BUSIN,RESEA,1.28,124666.756,4,4,124666.747,0.0,0.0,0.0,0.009,97395.903125
1659689,IT,DE,RAILW,MOTOR,0.83,124665.006,5,5,124664.0,0.0,0.0,1.0,0.006,150198.80241
1738811,IT,GB,MOTO1,RUBBE,0.66,124648.453,4,4,124648.445,0.0,0.0,0.0,0.008,188861.292424
1672364,IT,FI,BUSIN,PRINT,1.28,124633.009,4,4,124633.0,0.0,0.0,0.0,0.009,97369.538281
1665615,IT,ES,WOODW,TEXTI,0.35,124596.005,5,5,124594.997,0.0,1.0,0.0,0.008,355988.585714
1739537,IT,GB,LANDT,FOOD4,0.8,124579.34,4,4,124579.334,0.0,0.0,0.0,0.006,155724.175
1657866,IT,DE,BASIC,POULT,0.14,124572.298,4,4,124572.29,0.0,0.0,0.0,0.008,889802.128571
1662062,IT,DK,CHEM1,PRINT,0.26,124547.577,4,4,124547.563,0.0,0.0,0.0,0.014,479029.142308
1800108,IT,WE,NAPHT,NONSP,0.21,124538.113,4,4,124538.104,0.0,0.0,0.0,0.009,593038.633333
1799066,IT,WE,TEXTI,INSUR,0.74,124534.195,4,4,124534.178,0.0,0.0,0.0,0.017,168289.452703
1721508,IT,PL,SUPPO,GASDI,0.9,124533.488,4,4,124533.482,0.0,0.0,0.0,0.006,138370.542222
1747603,IT,JP,AIRTR,COLLE,0.14,124526.398,4,4,124526.394,0.0,0.0,0.0,0.004,889474.271429
1645354,IT,BE,GASDI,BUSIN,0.19,124525.414,4,4,124525.404,0.0,0.0,0.0,0.01,655396.915789
1810080,IT,WM,TEXTI,TRAN1,0.74,124524.025,4,4,124524.008,0.0,0.0,0.0,0.017,168275.709459
1806738,IT,WF,WHOLE,SALEM,1.08,124523.414,4,4,124523.407,0.0,0.0,0.0,0.007,115299.457407
1803565,IT,WF,DAIRY,RETA1,0.51,124522.933,5,5,124521.925,0.0,1.0,0.0,0.008,244162.613725
1655766,IT,DE,MEATP,HEALT,0.5,124522.337,4,4,124522.324,0.0,0.0,0.0,0.013,249044.674
1772043,IT,CH,PRINT,OFFIC,1.19,124518.189,4,4,124518.18,0.0,0.0,0.0,0.009,104637.133613
1726014,IT,RO,CHEM1,COLLE,0.26,124513.939,4,4,124513.925,0.0,0.0,0.0,0.014,478899.765385
1760359,IT,IN,CHEMI,NONME,0.3,124508.573,5,5,124502.561,0.0,0.0,6.0,0.012,415028.576667
1783386,IT,NO,PLAS1,PAPE1,0.45,124504.716,4,4,124504.708,0.0,0.0,0.0,0.008,276677.146667
1800232,IT,WE,PLAST,HEAVY,0.26,124488.217,4,4,124488.204,0.0,0.0,0.0,0.013,478800.834615
1805334,IT,WF,RUBBE,PRECI,0.41,124483.994,4,4,124483.983,0.0,0.0,0.0,0.011,303619.497561
1735899,IT,SK,OFFIC,WHOLE,0.39,124442.074,4,4,124442.065,0.0,0.0,0.0,0.009,319082.241026
1679990,IT,GR,FABRI,REALE,0.51,124440.479,4,4,124440.47,0.0,0.0,0.0,0.009,244000.939216
1800081,IT,WE,NAPHT,MEAT1,0.21,124429.976,4,4,124429.967,0.0,0.0,0.0,0.009,592523.695238
1657858,IT,DE,BASIC,WHEAT,0.14,124425.929,4,4,124425.921,0.0,0.0,0.0,0.008,888756.635714
1742307,IT,US,CEMEN,BASIC,0.2,124409.908,5,5,124408.902,0.0,0.0,1.0,0.006,622049.54
1750873,IT,CN,FURNI,AIRTR,0.4,124401.221,4,4,124401.21,0.0,0.0,0.0,0.011,311003.0525
1737905,IT,GB,CHEM1,MEATP,0.26,124386.656,4,4,124386.642,0.0,0.0,0.0,0.014,478410.215385
1796071,IT,WL,TRANS,LEATH,0.74,124383.457,4,4,124383.45,0.0,0.0,0.0,0.007,168085.752703
1737801,IT,GB,NAPHT,WHOLE,0.21,124377.624,4,4,124377.615,0.0,0.0,0.0,0.009,592274.4
1769189,IT,AU,CHEM1,RETA1,0.26,124376.563,4,4,124376.549,0.0,0.0,0.0,0.014,478371.396154
1743014,IT,US,OFFIC,MACHI,0.39,124369.633,4,4,124369.624,0.0,0.0,0.0,0.009,318896.494872
1658940,IT,DE,FURNI,REALE,0.4,124346.773,4,4,124346.762,0.0,0.0,0.0,0.011,310866.9325
1780909,IT,TW,RESEA,ELEC2,0.67,124334.88,4,4,124334.871,0.0,0.0,0.0,0.009,185574.447761
1725814,IT,RO,PRINT,RECRE,1.19,124331.741,4,4,124331.732,0.0,0.0,0.0,0.009,104480.454622
1748059,IT,JP,BUSIN,FURNI,1.28,124302.362,4,4,124302.353,0.0,0.0,0.0,0.009,97111.220312
1714385,IT,NL,CEREA,FOOD5,0.2,124302.223,5,5,124301.216,0.0,1.0,0.0,0.007,621511.115
1790225,IT,WA,PREC1,CHARC,0.21,124286.106,4,4,124286.1,0.0,0.0,0.0,0.006,591838.6
1813304,IT,WM,TRANS,AUXIL,0.74,124284.91,4,4,124284.903,0.0,0.0,0.0,0.007,167952.581081
1650846,IT,BG,LANDT,MACHI,0.8,124279.108,4,4,124279.102,0.0,0.0,0.0,0.006,155348.885
1778697,IT,TR,HOTEL,MEMBE,0.9,124278.897,4,4,124278.888,0.0,0.0,0.0,0.009,138087.663333
1667507,IT,ES,FABRI,PFERT,0.51,124269.697,4,4,124269.688,0.0,0.0,0.0,0.009,243666.072549
1732228,IT,SI,HEAVY,REALE,0.2,124267.173,4,4,124267.163,0.0,0.0,0.0,0.01,621335.865
1755572,IT,KR,CHEM1,TRAN1,0.26,124260.181,4,4,124260.167,0.0,0.0,0.0,0.014,477923.773077
1686710,IT,HU,COPP1,COPP1,0.31,124253.474,4,4,124253.468,0.0,0.0,0.0,0.006,400817.658065
1801463,IT,WE,MOTO1,LEATH,0.66,124239.36,4,4,124239.352,0.0,0.0,0.0,0.008,188241.454545
1664439,IT,EE,MACHI,HOTEL,0.69,124238.159,4,4,124238.149,0.0,0.0,0.0,0.01,180055.302899
1710765,IT,LU,TEXTI,TEXTI,0.74,124222.78,4,4,124222.764,0.0,0.0,0.0,0.016,167868.621622
1811892,IT,WM,RUBBE,ALUM1,0.41,124218.745,4,4,124218.734,0.0,0.0,0.0,0.011,302972.54878
1720270,IT,PL,FABRI,SUGA1,0.51,124215.175,4,4,124215.166,0.0,0.0,0.0,0.009,243559.166667
1779770,IT,TR,BUSIN,ELEC4,1.28,124211.949,4,4,124211.94,0.0,0.0,0.0,0.009,97040.585156
1644483,IT,BE,VEGE1,HEALT,0.38,124211.176,5,5,124210.149,0.0,1.0,0.0,0.027,326871.515789
1711155,IT,LU,FABRI,MOTO1,0.51,124201.86,4,4,124201.851,0.0,0.0,0.0,0.009,243533.058824
1756068,IT,KR,FABRI,PLAST,0.51,124200.734,4,4,124200.725,0.0,0.0,0.0,0.009,243530.85098
1780728,IT,TW,REALE,RETA1,5.25,124186.788,4,4,124186.78,0.0,0.0,0.0,0.008,23654.626286
1781498,IT,NO,TEXTI,FISHF,0.74,124181.549,4,4,124181.533,0.0,0.0,0.0,0.016,167812.904054
1791956,IT,WA,SEACO,PFERT,0.13,124179.417,4,4,124179.415,0.0,0.0,0.0,0.002,955226.284615
1716895,IT,NL,HOTEL,AIRTR,0.9,124176.702,4,4,124176.693,0.0,0.0,0.0,0.009,137974.113333
1674082,IT,FR,GASDI,INERT,0.18,124156.367,4,4,124156.357,0.0,0.0,0.0,0.01,689757.594444
1739586,IT,GB,SEACO,REFI1,0.13,124155.855,4,4,124155.853,0.0,0.0,0.0,0.002,955045.038462
1732051,IT,SI,KEROS,FINAN,0.18,124143.577,4,4,124143.567,0.0,0.0,0.0,0.01,689686.538889
1778091,IT,TR,MOTO1,BASIC,0.66,124131.819,4,4,124131.811,0.0,0.0,0.0,0.008,188078.513636
1769404,IT,AU,CERAM,PUBLI,0.19,124130.844,5,5,124129.837,0.0,0.0,1.0,0.007,653320.231579
1731423,IT,SI,FOOD5,CONST,0.6,124130.644,5,5,124129.633,0.0,1.0,0.0,0.011,206884.406667
1785779,IT,ZA,PLAST,EDUCA,0.26,124119.899,4,4,124119.886,0.0,0.0,0.0,0.013,477384.226923
1644953,IT,BE,WOODW,RUBBE,0.35,124117.722,5,5,124116.714,0.0,1.0,0.0,0.008,354622.062857
1738417,IT,GB,ALUM1,CHEM1,0.22,124115.657,4,4,124115.647,0.0,0.0,0.0,0.01,564162.077273
1790531,IT,WA,NONF1,STONE,0.03,124113.531,3,3,124113.531,0.0,0.0,0.0,0.0,4137117.7
1725598,IT,RO,WOODW,MACHI,0.35,124113.232,5,5,124112.224,0.0,1.0,0.0,0.008,354609.234286
1729765,IT,SE,MACHI,RADIO,0.69,124112.018,4,4,124112.008,0.0,0.0,0.0,0.01,179872.489855
1672753,IT,FR,MEATC,FISH5,0.41,124110.522,5,5,124108.514,0.0,2.0,0.0,0.008,302708.590244
1798980,IT,WE,TOBAC,HEALT,0.49,124105.464,5,5,124104.456,0.0,1.0,0.0,0.008,253276.457143
1662689,IT,DK,MACHI,HOTEL,0.69,124092.031,4,4,124092.021,0.0,0.0,0.0,0.01,179843.523188
1688292,IT,IE,FISHF,PLAST,0.21,124088.006,4,4,124088.002,0.0,0.0,0.0,0.004,590895.266667
1787552,IT,WA,CHEMI,WHOLE,0.3,124085.494,5,5,124079.482,0.0,0.0,6.0,0.012,413618.313333
1761419,IT,IN,BASIC,PRINT,0.14,124080.806,4,4,124080.798,0.0,0.0,0.0,0.008,886291.471429
1753231,IT,CA,CERAM,FABRI,0.19,124067.899,5,5,124066.892,0.0,0.0,1.0,0.007,652988.942105
1661589,IT,DK,BEVER,RETA1,0.53,124055.36,4,4,124055.352,0.0,0.0,0.0,0.008,234066.716981
1770879,IT,AU,BUSIN,WHOLE,1.27,124051.594,4,4,124051.585,0.0,0.0,0.0,0.009,97678.420472
1711471,IT,LU,TRAN2,DIST1,0.19,124049.536,4,4,124049.533,0.0,0.0,0.0,0.003,652892.294737
1715549,IT,NL,GASDI,RESEA,0.18,124047.224,4,4,124047.214,0.0,0.0,0.0,0.01,689151.244444
1680509,IT,GR,ELEC6,HEALT,0.02,124030.129,4,4,124030.109,0.0,0.0,0.0,0.02,6201506.45
1682325,IT,HR,WOODW,FOOD5,0.35,124028.468,5,5,124027.46,0.0,1.0,0.0,0.008,354367.051429
1666170,IT,ES,GASDI,FOOD3,0.18,124022.803,4,4,124022.793,0.0,0.0,0.0,0.01,689015.572222
1753485,IT,CA,FABRI,SUPPO,0.5,124015.736,4,4,124015.727,0.0,0.0,0.0,0.009,248031.472
1724285,IT,PT,LANDT,FABRI,0.8,124015.121,4,4,124015.115,0.0,0.0,0.0,0.006,155018.90125
1675321,IT,FR,FABRI,PAPE4,0.5,124003.892,4,4,124003.883,0.0,0.0,0.0,0.009,248007.784
1782205,IT,NO,BASIC,PREC1,0.14,123998.715,4,4,123998.707,0.0,0.0,0.0,0.008,885705.107143
1766787,IT,RU,MACHI,GLASS,0.69,123992.681,4,4,123992.671,0.0,0.0,0.0,0.01,179699.537681
1813551,IT,WM,WHOLE,KEROS,1.07,123987.048,4,4,123987.041,0.0,0.0,0.0,0.007,115875.745794
1676937,IT,FR,AIRTR,WEARI,0.13,123986.053,4,4,123986.049,0.0,0.0,0.0,0.004,953738.869231
1741844,IT,US,PFERT,REALE,0.05,123973.651,4,4,123973.631,0.0,0.0,0.0,0.02,2479473.02
1718687,IT,PL,WOODW,MOTO1,0.35,123969.836,5,5,123968.828,0.0,1.0,0.0,0.008,354199.531429
1745875,IT,JP,LEATH,ELEC4,0.89,123968.537,5,5,123967.516,0.0,1.0,0.0,0.021,139290.491011
1764815,IT,MX,SEACO,FOOD5,0.13,123958.385,4,4,123958.383,0.0,0.0,0.0,0.002,953526.038462
1686821,IT,HU,FABRI,FOUND,0.5,123948.966,4,4,123948.957,0.0,0.0,0.0,0.009,247897.932
1721379,IT,PL,SEACO,PFERT,0.13,123942.93,4,4,123942.928,0.0,0.0,0.0,0.002,953407.153846
1797434,IT,WL,COMPU,FINAN,1.42,123919.416,4,4,123919.408,0.0,0.0,0.0,0.008,87267.194366
1653429,IT,CZ,NONME,TEXTI,0.25,123916.709,4,4,123916.695,0.0,0.0,0.0,0.014,495666.836
1724435,IT,PT,AIRTR,SALEM,0.13,123913.659,4,4,123913.655,0.0,0.0,0.0,0.004,953181.992308
1745826,IT,JP,LEATH,SANDC,0.89,123895.072,5,5,123894.051,0.0,1.0,0.0,0.021,139207.946067
1677090,IT,FR,SUPPO,RETAI,0.89,123894.266,4,4,123894.26,0.0,0.0,0.0,0.006,139207.040449
1675866,IT,FR,ELEC2,PIGS9,0.03,123886.175,4,4,123886.162,0.0,0.0,0.0,0.013,4129539.166667
1775987,IT,TR,FISH5,DAIRY,0.52,123883.933,4,4,123883.869,0.0,0.0,0.0,0.064,238238.332692
1661546,IT,DK,BEVER,MEATP,0.53,123872.201,4,4,123872.193,0.0,0.0,0.0,0.008,233721.133962
1755742,IT,KR,GLASS,ELECT,0.34,123870.338,4,4,123870.331,0.0,0.0,0.0,0.007,364324.523529
1775144,IT,CH,COMPU,RESEA,1.41,123863.751,4,4,123863.743,0.0,0.0,0.0,0.008,87846.631915
1732006,IT,SI,KEROS,WOODW,0.18,123830.7,4,4,123830.69,0.0,0.0,0.0,0.01,687948.333333
1814985,IT,WM,PRIVA,EDUCA,27.63,123826.373,5,5,123825.353,1.0,0.0,0.0,0.02,4481.591495
1645335,IT,BE,GASDI,MEDIC,0.18,123824.602,4,4,123824.592,0.0,0.0,0.0,0.01,687914.455556
1764765,IT,MX,HOTEL,REALE,0.9,123809.114,4,4,123809.105,0.0,0.0,0.0,0.009,137565.682222
1776037,IT,TR,TEXTI,FABRI,0.73,123806.897,4,4,123806.881,0.0,0.0,0.0,0.016,169598.489041
1711458,IT,LU,LANDT,RETA1,0.8,123801.897,4,4,123801.891,0.0,0.0,0.0,0.006,154752.37125
1651551,IT,CY,RUBBE,CONST,0.41,123794.503,4,4,123794.492,0.0,0.0,0.0,0.011,301937.812195
1717026,IT,NL,LANDT,CEMEN,0.8,123792.258,4,4,123792.252,0.0,0.0,0.0,0.006,154740.3225
1655531,IT,DE,LEADZ,LEAD1,0.2,123791.605,5,5,123790.597,0.0,0.0,1.0,0.008,618958.025
1787491,IT,WA,CHEMI,CROPS,0.3,123787.402,5,5,123781.39,0.0,0.0,6.0,0.012,412624.673333
1810859,IT,WM,KEROS,RETAI,0.18,123781.796,4,4,123781.786,0.0,0.0,0.0,0.01,687676.644444
1810549,IT,WM,PAPER,MOTO1,0.48,123765.029,5,5,123764.017,0.0,1.0,0.0,0.012,257843.810417
1652985,IT,CZ,PLAST,OILSE,0.26,123761.87,4,4,123761.857,0.0,0.0,0.0,0.013,476007.192308
1686178,IT,HU,GLASS,TEXTI,0.34,123752.533,4,4,123752.526,0.0,0.0,0.0,0.007,363978.038235
1729346,IT,SE,BASIC,VEGET,0.14,123752.426,4,4,123752.418,0.0,0.0,0.0,0.008,883945.9
1807878,IT,WF,PAPE1,HOTEL,0.87,123751.545,4,4,123751.537,0.0,0.0,0.0,0.008,142243.155172
1674433,IT,FR,CHEM1,93197,0.26,123748.247,4,4,123748.233,0.0,0.0,0.0,0.014,475954.796154
1809015,IT,WM,VEGET,CERAM,0.44,123741.201,5,5,123740.196,0.0,1.0,0.0,0.005,281230.002273
1805150,IT,WF,PFERT,PUBLI,0.05,123738.872,4,4,123738.852,0.0,0.0,0.0,0.02,2474777.44
1733407,IT,SI,ELEC2,RETA1,0.03,123732.409,4,4,123732.396,0.0,0.0,0.0,0.013,4124413.633333
1764328,IT,MX,OFFIC,FURNI,0.38,123729.402,4,4,123729.393,0.0,0.0,0.0,0.009,325603.689474
1673080,IT,FR,FOOD5,DIST1,0.59,123724.196,5,5,123723.185,0.0,1.0,0.0,0.011,209702.027119
1768694,IT,AU,TEXTI,SUPPO,0.73,123712.078,4,4,123712.062,0.0,0.0,0.0,0.016,169468.6
1799831,IT,WE,GASDI,VEGE1,0.18,123705.618,4,4,123705.608,0.0,0.0,0.0,0.01,687253.433333
1665850,IT,ES,PRINT,MOTO1,1.19,123697.0,4,4,123696.991,0.0,0.0,0.0,0.009,103947.058824
1776113,IT,TR,LEATH,MEATC,0.89,123691.401,5,5,123690.38,0.0,1.0,0.0,0.021,138979.102247
1806245,IT,WF,MACHI,NFERT,0.69,123673.927,4,4,123673.917,0.0,0.0,0.0,0.01,179237.575362
1677519,IT,FR,AUXIL,AIRTR,2.26,123673.381,4,4,123673.375,0.0,0.0,0.0,0.006,54722.734956
1799218,IT,WE,LEATH,NATUR,0.89,123662.379,5,5,123661.358,0.0,1.0,0.0,0.021,138946.493258
1655775,IT,DE,MEAT1,HOTEL,0.58,123662.097,4,4,123662.082,0.0,0.0,0.0,0.015,213210.512069
1765877,IT,RU,PLAST,NATUR,0.26,123661.337,4,4,123661.324,0.0,0.0,0.0,0.013,475620.526923
1789117,IT,WA,NONSP,HEAVY,0.16,123622.32,4,4,123622.313,0.0,0.0,0.0,0.007,772639.5
1723053,IT,PT,CHEM1,STONE,0.26,123597.337,4,4,123597.324,0.0,0.0,0.0,0.013,475374.373077
1719755,IT,PL,BASIC,RAWMI,0.14,123577.137,4,4,123577.129,0.0,0.0,0.0,0.008,882693.835714
1800461,IT,WE,RUBBE,CROPS,0.41,123559.689,4,4,123559.678,0.0,0.0,0.0,0.011,301365.095122
1725656,IT,RO,PAPER,MEATP,0.48,123549.216,5,5,123548.204,0.0,1.0,0.0,0.012,257394.2
1748930,IT,CN,WEARI,ELEC5,0.93,123540.68,4,4,123540.657,0.0,0.0,0.0,0.023,132839.44086
1649889,IT,BG,FABRI,FORES,0.5,123539.484,4,4,123539.475,0.0,0.0,0.0,0.009,247078.968
1729377,IT,SE,BASIC,CHEM1,0.14,123521.734,4,4,123521.726,0.0,0.0,0.0,0.008,882298.1
1658740,IT,DE,OFFIC,REALE,0.38,123521.2,4,4,123521.191,0.0,0.0,0.0,0.009,325055.789474
1732040,IT,SI,KEROS,RETAI,0.18,123519.261,4,4,123519.251,0.0,0.0,0.0,0.01,686218.116667
1651450,IT,CY,GASDI,RETA1,0.18,123506.271,4,4,123506.261,0.0,0.0,0.0,0.01,686145.95
1748036,IT,JP,BUSIN,PFERT,1.27,123497.607,4,4,123497.598,0.0,0.0,0.0,0.009,97242.210236
1715145,IT,NL,LEATH,CONST,0.88,123491.362,5,5,123490.341,0.0,1.0,0.0,0.021,140331.093182
1745714,IT,JP,WEARI,PROCE,0.93,123487.791,4,4,123487.768,0.0,0.0,0.0,0.023,132782.570968
1788025,IT,WA,TEXTI,CHEM1,0.73,123480.639,4,4,123480.623,0.0,0.0,0.0,0.016,169151.560274
1753675,IT,CA,MOTO1,FABRI,0.66,123477.93,4,4,123477.922,0.0,0.0,0.0,0.008,187087.772727
1765249,IT,RU,MEAT4,MEAT4,0.68,123458.447,5,5,123457.439,0.0,1.0,0.0,0.008,181556.539706
1744311,IT,US,FINAN,BASIC,1.61,123456.031,4,4,123456.027,0.0,0.0,0.0,0.004,76680.764596
1683383,IT,HR,BASIC,DAIRY,0.14,123454.04,4,4,123454.032,0.0,0.0,0.0,0.008,881814.571429
1713628,IT,MT,PREC1,CONST,0.21,123444.806,4,4,123444.8,0.0,0.0,0.0,0.006,587832.409524
1760624,IT,IN,PULP5,TEXTI,0.38,123439.098,5,5,123438.086,0.0,1.0,0.0,0.012,324839.731579
1763903,IT,MX,BASIC,SANDC,0.14,123425.63,4,4,123425.622,0.0,0.0,0.0,0.008,881611.642857
1805368,IT,WF,RUBBE,CHEM1,0.41,123423.42,4,4,123423.409,0.0,0.0,0.0,0.011,301032.731707
1778662,IT,TR,HOTEL,SALEM,0.89,123413.115,4,4,123413.106,0.0,0.0,0.0,0.009,138666.421348
1767163,IT,RU,WHOLE,WEARI,1.07,123410.825,4,4,123410.818,0.0,0.0,0.0,0.007,115337.219626
1660057,IT,DE,AIRTR,LIQUE,0.13,123400.756,4,4,123400.752,0.0,0.0,0.0,0.004,949236.584615
1794100,IT,WL,PAPER,NONME,0.48,123399.366,5,5,123398.354,0.0,1.0,0.0,0.012,257082.0125
1810698,IT,WM,MOTOR,NFERT,0.18,123392.565,4,4,123392.555,0.0,0.0,0.0,0.01,685514.25
1660441,IT,DE,FINAN,RECRE,1.61,123390.809,4,4,123390.805,0.0,0.0,0.0,0.004,76640.254037
1652852,IT,CZ,PRINT,EDUCA,1.18,123386.714,4,4,123386.705,0.0,0.0,0.0,0.009,104565.011864
1655824,IT,DE,VEGE1,BIODI,0.38,123382.063,5,5,123381.036,0.0,1.0,0.0,0.027,324689.639474
1711039,IT,LU,BASIC,ALUM1,0.14,123377.322,4,4,123377.314,0.0,0.0,0.0,0.008,881266.585714
1787232,IT,WA,VEGET,FOOD5,0.44,123374.419,5,5,123373.414,0.0,1.0,0.0,0.005,280396.406818
1814220,IT,WM,SUPPO,PUBLI,0.89,123374.029,4,4,123374.023,0.0,0.0,0.0,0.006,138622.504494
1680705,IT,GR,WHOLE,RECRE,1.07,123369.097,4,4,123369.09,0.0,0.0,0.0,0.007,115298.221495
1712577,IT,LV,MACHI,CONST,0.69,123368.373,4,4,123368.363,0.0,0.0,0.0,0.01,178794.743478
1685559,IT,HU,PAPER,REALE,0.48,123362.895,5,5,123361.883,0.0,1.0,0.0,0.012,257006.03125
1813355,IT,WM,FURNI,PAPER,0.39,123351.978,4,4,123351.967,0.0,0.0,0.0,0.011,316287.123077
1649553,IT,BG,RUBBE,FURNI,0.41,123342.496,4,4,123342.485,0.0,0.0,0.0,0.011,300835.356098
1790998,IT,WA,MOTO1,FURNI,0.66,123342.157,4,4,123342.149,0.0,0.0,0.0,0.008,186882.056061
1649424,IT,BG,CHEM1,CERAM,0.26,123341.154,4,4,123341.141,0.0,0.0,0.0,0.013,474389.053846
1755846,IT,KR,CEMEN,PLAS1,0.2,123340.352,5,5,123339.346,0.0,0.0,1.0,0.006,616701.76
1677526,IT,FR,AUXIL,COMPU,2.25,123330.557,4,4,123330.551,0.0,0.0,0.0,0.006,54813.580889
1796916,IT,WL,AIRTR,MEATA,0.13,123320.678,4,4,123320.674,0.0,0.0,0.0,0.004,948620.6
1666546,IT,ES,CHEM1,DAIRY,0.26,123315.421,4,4,123315.408,0.0,0.0,0.0,0.013,474290.080769
1717180,IT,NL,AIRTR,EDUCA,0.13,123311.94,4,4,123311.936,0.0,0.0,0.0,0.004,948553.384615
1809926,IT,WM,BEVER,INSUR,0.52,123310.967,4,4,123310.959,0.0,0.0,0.0,0.008,237136.475
1801142,IT,WE,FABRI,MEATA,0.5,123303.723,4,4,123303.714,0.0,0.0,0.0,0.009,246607.446
1803079,IT,WF,CEREA,FINAN,0.2,123297.083,5,5,123296.076,0.0,1.0,0.0,0.007,616485.415
1676397,IT,FR,WHOLE,DISTR,1.07,123275.8,4,4,123275.793,0.0,0.0,0.0,0.007,115211.028037
1806247,IT,WF,MACHI,CHEM1,0.69,123272.461,4,4,123272.451,0.0,0.0,0.0,0.01,178655.74058
1795140,IT,WL,RUBBE,PREC1,0.41,123260.873,4,4,123260.862,0.0,0.0,0.0,0.011,300636.27561
1654664,IT,CZ,LANDT,BASIC,0.8,123245.728,4,4,123245.722,0.0,0.0,0.0,0.006,154057.16
1670471,IT,FI,BEVER,VEGE1,0.52,123242.571,4,4,123242.563,0.0,0.0,0.0,0.008,237004.944231
1763411,IT,MX,MOTOR,AIRTR,0.18,123228.416,4,4,123228.406,0.0,0.0,0.0,0.01,684602.311111
1777044,IT,TR,CHEM1,NFERT,0.26,123225.701,4,4,123225.688,0.0,0.0,0.0,0.013,473945.003846
1721187,IT,PL,LANDT,VEGET,0.79,123218.252,4,4,123218.246,0.0,0.0,0.0,0.006,155972.470886
1760973,IT,IN,NAPHT,CHEM1,0.21,123217.941,4,4,123217.932,0.0,0.0,0.0,0.009,586752.1
1653854,IT,CZ,FABRI,GASDI,0.5,123217.413,4,4,123217.404,0.0,0.0,0.0,0.009,246434.826
1641285,IT,AT,MOTOR,RAILW,0.18,123210.41,4,4,123210.4,0.0,0.0,0.0,0.01,684502.277778
1685185,IT,HU,BEVER,WHOLE,0.52,123206.533,4,4,123206.525,0.0,0.0,0.0,0.008,236935.640385
1685529,IT,HU,PAPER,BASIC,0.48,123202.691,5,5,123201.679,0.0,1.0,0.0,0.012,256672.272917
1718523,IT,PL,TEXTI,PUBLI,0.73,123176.322,4,4,123176.306,0.0,0.0,0.0,0.016,168734.687671
1735162,IT,SK,RUBBE,SUGA1,0.41,123169.529,4,4,123169.518,0.0,0.0,0.0,0.011,300413.485366
1673280,IT,FR,TOBAC,FOOD5,0.48,123160.361,5,5,123159.353,0.0,1.0,0.0,0.008,256584.085417
1809421,IT,WM,CHEMI,CERAM,0.29,123148.869,5,5,123142.857,0.0,0.0,6.0,0.012,424651.272414
1648896,IT,BG,TEXTI,SUPPO,0.73,123144.991,4,4,123144.975,0.0,0.0,0.0,0.016,168691.768493
1801692,IT,WE,FURNI,COMPU,0.39,123125.587,4,4,123125.576,0.0,0.0,0.0,0.011,315706.633333
1646404,IT,BE,FABRI,COMPU,0.5,123124.128,4,4,123124.119,0.0,0.0,0.0,0.009,246248.256
1811336,IT,WM,BITU1,FINAN,0.19,123116.971,4,4,123116.961,0.0,0.0,0.0,0.01,647984.057895
1672556,IT,FR,VEGET,HOTEL,0.44,123107.014,5,5,123106.009,0.0,1.0,0.0,0.005,279788.668182
1732075,IT,SI,KEROS,93197,0.18,123085.498,4,4,123085.488,0.0,0.0,0.0,0.01,683808.322222
1753379,IT,CA,ALUM1,MACHI,0.21,123085.477,4,4,123085.467,0.0,0.0,0.0,0.01,586121.319048
1771886,IT,CH,PULP5,PAPER,0.38,123077.671,5,5,123076.659,0.0,1.0,0.0,0.012,323888.607895
1729222,IT,SE,CERAM,DISTR,0.19,123060.336,5,5,123059.329,0.0,0.0,1.0,0.007,647685.978947
1655967,IT,DE,FOOD5,TEXTI,0.59,123046.182,5,5,123045.171,0.0,1.0,0.0,0.011,208552.850847
1790725,IT,WA,FABRI,PRIVA,0.5,123045.955,4,4,123045.946,0.0,0.0,0.0,0.009,246091.91
1753236,IT,CA,CERAM,FURNI,0.19,123042.675,5,5,123041.668,0.0,0.0,1.0,0.007,647593.026316
1801458,IT,WE,MOTO1,BEVER,0.65,123034.422,4,4,123034.414,0.0,0.0,0.0,0.008,189283.726154
1740743,IT,US,MEAT4,DAIRY,0.68,123026.901,5,5,123025.893,0.0,1.0,0.0,0.008,180921.913235
1673898,IT,FR,MOTOR,WHEAT,0.18,123025.704,4,4,123025.694,0.0,0.0,0.0,0.01,683476.133333
1755319,IT,KR,PAPER,RECRE,0.48,123011.287,5,5,123010.275,0.0,1.0,0.0,0.012,256273.514583
1771536,IT,CH,TEXTI,TOBAC,0.73,123001.136,4,4,123001.12,0.0,0.0,0.0,0.016,168494.706849
1772042,IT,CH,PRINT,MACHI,1.18,122994.198,4,4,122994.189,0.0,0.0,0.0,0.009,104232.371186
1718986,IT,PL,COKEO,FABRI,0.02,122987.125,3,3,122987.125,0.0,0.0,0.0,0.0,6149356.25
1804572,IT,WF,HEAVY,COPPE,0.2,122987.067,4,4,122987.057,0.0,0.0,0.0,0.01,614935.335
1777364,IT,TR,GLASS,RESEA,0.34,122985.38,4,4,122985.373,0.0,0.0,0.0,0.007,361721.705882
1774622,IT,CH,SEACO,EDUCA,0.13,122984.139,4,4,122984.137,0.0,0.0,0.0,0.002,946031.838462
1786959,IT,ZA,POSTT,POSTT,2.03,122979.183,4,4,122979.174,0.0,0.0,0.0,0.009,60580.878325
1669758,IT,ES,BUSIN,KEROS,1.26,122963.662,4,4,122963.654,0.0,0.0,0.0,0.008,97590.207937
1640833,IT,AT,WEARI,HEALT,0.93,122961.108,4,4,122961.085,0.0,0.0,0.0,0.023,132216.245161
1794897,IT,WL,CHEM1,FORES,0.26,122957.768,4,4,122957.755,0.0,0.0,0.0,0.013,472914.492308
1757655,IT,BR,HEAVY,PULP5,0.2,122927.585,4,4,122927.575,0.0,0.0,0.0,0.01,614637.925
1677511,IT,FR,AUXIL,WHOLE,2.25,122926.775,4,4,122926.769,0.0,0.0,0.0,0.006,54634.122222
1653575,IT,CZ,BASIC,PAPE1,0.14,122923.619,4,4,122923.611,0.0,0.0,0.0,0.008,878025.85
1799612,IT,WE,MOTOR,COPPE,0.18,122916.009,4,4,122915.999,0.0,0.0,0.0,0.01,682866.716667
1776425,IT,TR,COKEO,RUBBE,0.02,122905.911,3,3,122905.911,0.0,0.0,0.0,0.0,6145295.55
1658662,IT,DE,MACHI,INERT,0.69,122904.2,4,4,122904.19,0.0,0.0,0.0,0.01,178122.028986
1719528,IT,PL,GLASS,NONME,0.34,122896.78,4,4,122896.773,0.0,0.0,0.0,0.007,361461.117647
1716015,IT,NL,CEMEN,REALE,0.2,122894.5,5,5,122893.494,0.0,0.0,1.0,0.006,614472.5
1811605,IT,WM,CHEM1,SUGA1,0.26,122882.83,4,4,122882.817,0.0,0.0,0.0,0.013,472626.269231
1670508,IT,FI,BEVER,WHOLE,0.52,122880.589,4,4,122880.581,0.0,0.0,0.0,0.008,236308.825
1772207,IT,CH,GASDI,INLAN,0.18,122878.465,4,4,122878.455,0.0,0.0,0.0,0.01,682658.138889
1812551,IT,WM,ALUM1,MEDIC,0.21,122873.379,4,4,122873.369,0.0,0.0,0.0,0.01,585111.328571
1672334,IT,FI,RESEA,RENTI,0.67,122872.969,4,4,122872.96,0.0,0.0,0.0,0.009,183392.491045
1716536,IT,NL,MOTO1,BUSIN,0.65,122847.004,4,4,122846.996,0.0,0.0,0.0,0.008,188995.390769
1750399,IT,CN,FABRI,STEAM,0.5,122826.655,4,4,122826.646,0.0,0.0,0.0,0.009,245653.31
1662619,IT,DK,MACHI,VEGET,0.69,122812.546,4,4,122812.536,0.0,0.0,0.0,0.01,177989.197101
1786935,IT,ZA,AIRTR,HEALT,0.13,122799.684,4,4,122799.68,0.0,0.0,0.0,0.004,944612.953846
1791042,IT,WA,TRANS,BITUM,0.73,122799.584,4,4,122799.577,0.0,0.0,0.0,0.007,168218.608219
1809254,IT,WM,CRUDE,PFERT,0.24,122793.164,4,4,122793.153,0.0,0.0,0.0,0.011,511638.183333
1723739,IT,PT,MACHI,PUBLI,0.69,122792.099,4,4,122792.089,0.0,0.0,0.0,0.01,177959.563768
1710877,IT,LU,COKEO,MACHI,0.02,122784.548,3,3,122784.548,0.0,0.0,0.0,0.0,6139227.4
1716509,IT,NL,OFFIC,PUBLI,0.38,122776.956,4,4,122776.947,0.0,0.0,0.0,0.009,323097.252632
1720068,IT,PL,ALUM1,REALE,0.21,122775.771,4,4,122775.761,0.0,0.0,0.0,0.01,584646.528571
1728734,IT,SE,KEROS,SALEM,0.18,122754.278,4,4,122754.268,0.0,0.0,0.0,0.01,681968.211111
1673486,IT,FR,LEATH,WHEAT,0.88,122751.234,5,5,122750.213,0.0,1.0,0.0,0.021,139490.038636
1677432,IT,FR,INSUR,POSTT,2.53,122731.118,4,4,122731.112,0.0,0.0,0.0,0.006,48510.32332
1727759,IT,RO,BUSIN,VEGET,1.26,122728.651,4,4,122728.643,0.0,0.0,0.0,0.008,97403.69127
1777702,IT,TR,COPP1,MOTO1,0.31,122720.909,4,4,122720.903,0.0,0.0,0.0,0.006,395873.9
1805693,IT,WF,BASIC,MEATC,0.14,122712.279,4,4,122712.271,0.0,0.0,0.0,0.008,876516.278571
1796557,IT,WL,RETA1,HEALT,1.28,122707.82,4,4,122707.812,0.0,0.0,0.0,0.008,95865.484375
1725704,IT,RO,PAPER,HOTEL,0.48,122693.992,5,5,122692.98,0.0,1.0,0.0,0.012,255612.483333
1735062,IT,SK,CHEM1,BEVER,0.26,122688.806,4,4,122688.793,0.0,0.0,0.0,0.013,471880.023077
1685943,IT,HU,CHEM1,FOOD4,0.26,122682.168,4,4,122682.155,0.0,0.0,0.0,0.013,471854.492308
1790358,IT,WA,ALUM1,BUSIN,0.21,122679.574,4,4,122679.564,0.0,0.0,0.0,0.01,584188.447619
1760508,IT,IN,WEARI,WEARI,0.92,122673.356,4,4,122673.333,0.0,0.0,0.0,0.023,133340.604348
1785963,IT,ZA,RUBBE,MEDIC,0.41,122672.235,4,4,122672.224,0.0,0.0,0.0,0.011,299200.573171
1806326,IT,WF,OFFIC,RETA1,0.38,122670.768,4,4,122670.759,0.0,0.0,0.0,0.009,322817.810526
1670995,IT,FI,CHEM1,WASTE,0.26,122669.757,4,4,122669.744,0.0,0.0,0.0,0.013,471806.757692
1730818,IT,SE,BUSIN,AIRTR,1.26,122669.154,4,4,122669.146,0.0,0.0,0.0,0.008,97356.471429
1737693,IT,GB,PRINT,BUSIN,1.18,122666.952,4,4,122666.943,0.0,0.0,0.0,0.009,103955.044068
1676186,IT,FR,CONST,MACHI,0.69,122663.389,4,4,122663.382,0.0,0.0,0.0,0.007,177773.027536
1761847,IT,IN,MOTO1,CONST,0.65,122652.12,4,4,122652.112,0.0,0.0,0.0,0.008,188695.569231
1663205,IT,DK,LANDT,HEALT,0.79,122644.638,4,4,122644.632,0.0,0.0,0.0,0.006,155246.377215
1720053,IT,PL,ALUM1,STEAM,0.21,122599.041,4,4,122599.031,0.0,0.0,0.0,0.01,583804.957143
1666719,IT,ES,RUBBE,DAIRY,0.41,122598.6,4,4,122598.589,0.0,0.0,0.0,0.011,299020.97561
1727096,IT,RO,LANDT,MEATP,0.79,122588.931,4,4,122588.925,0.0,0.0,0.0,0.006,155175.862025
1810554,IT,WM,PAPER,COLLE,0.48,122586.37,5,5,122585.358,0.0,1.0,0.0,0.012,255388.270833
1663720,IT,EE,VEGE1,FOOD5,0.38,122580.49,5,5,122579.463,0.0,1.0,0.0,0.027,322580.236842
1685976,IT,HU,BIODI,CEREA,0.25,122569.795,4,4,122569.782,0.0,0.0,0.0,0.013,490279.18
1716968,IT,NL,RAILW,PUBLI,0.82,122561.861,5,5,122560.855,0.0,0.0,1.0,0.006,149465.684146
1728042,IT,SE,MEATC,FISHF,0.41,122561.623,5,5,122559.615,0.0,2.0,0.0,0.008,298930.787805
1758293,IT,BR,ALUM1,MEDIC,0.21,122552.563,4,4,122552.553,0.0,0.0,0.0,0.01,583583.633333
1767550,IT,RU,AIRTR,FURNI,0.13,122534.429,4,4,122534.425,0.0,0.0,0.0,0.004,942572.530769
1719292,IT,PL,CHEM1,TRAN1,0.26,122529.91,4,4,122529.897,0.0,0.0,0.0,0.013,471268.884615
1805446,IT,WF,GLASS,FOOD5,0.34,122510.451,4,4,122510.444,0.0,0.0,0.0,0.007,360324.855882
1715318,IT,NL,PAPER,RESEA,0.47,122503.663,5,5,122502.651,0.0,1.0,0.0,0.012,260646.091489
1777919,IT,TR,MACHI,PRINT,0.68,122501.086,4,4,122501.076,0.0,0.0,0.0,0.01,180148.655882
1777309,IT,TR,GLASS,DAIRY,0.34,122499.676,4,4,122499.669,0.0,0.0,0.0,0.007,360293.164706
1783362,IT,NO,PLAS1,BASIC,0.44,122493.825,4,4,122493.817,0.0,0.0,0.0,0.008,278395.056818
1672028,IT,FI,SEACO,RESEA,0.12,122489.712,4,4,122489.71,0.0,0.0,0.0,0.002,1020747.6
1768485,IT,AU,FOOD5,CROPS,0.59,122487.395,5,5,122486.384,0.0,1.0,0.0,0.011,207605.754237
1651483,IT,CY,HEAVY,RUBBE,0.2,122475.8,4,4,122475.79,0.0,0.0,0.0,0.01,612379.0
1665418,IT,ES,TEXTI,CONST,0.73,122463.918,4,4,122463.902,0.0,0.0,0.0,0.016,167758.791781
1773318,IT,CH,MACHI,HEAVY,0.68,122460.426,4,4,122460.416,0.0,0.0,0.0,0.01,180088.861765
1763457,IT,MX,PLAST,WOODW,0.26,122452.174,4,4,122452.162,0.0,0.0,0.0,0.012,470969.9
1787785,IT,WA,DAIRY,SEACO,0.5,122441.167,5,5,122440.159,0.0,1.0,0.0,0.008,244882.334
1803157,IT,WF,VEGET,RESEA,0.43,122439.71,5,5,122438.705,0.0,1.0,0.0,0.005,284743.511628
1689131,IT,IE,SALEM,CEMEN,0.99,122422.447,4,4,122422.439,0.0,0.0,0.0,0.008,123659.037374
1728541,IT,SE,PAPER,FISHF,0.47,122416.724,5,5,122415.712,0.0,1.0,0.0,0.012,260461.114894
1800214,IT,WE,PLAST,PROCE,0.26,122396.347,4,4,122396.335,0.0,0.0,0.0,0.012,470755.180769
1767454,IT,RU,LANDT,PUBLI,0.79,122394.738,4,4,122394.732,0.0,0.0,0.0,0.006,154930.048101
1780180,IT,TW,HOTEL,INSUR,0.89,122358.422,4,4,122358.413,0.0,0.0,0.0,0.009,137481.373034
1712686,IT,LV,HOTEL,DAIRY,0.89,122334.619,4,4,122334.61,0.0,0.0,0.0,0.009,137454.62809
1649515,IT,BG,RUBBE,BEVER,0.41,122311.676,4,4,122311.665,0.0,0.0,0.0,0.011,298321.160976
1663841,IT,EE,TEXTI,BASIC,0.72,122311.587,4,4,122311.571,0.0,0.0,0.0,0.016,169877.204167
1809977,IT,WM,FISH5,REALE,0.51,122307.335,4,4,122307.272,0.0,0.0,0.0,0.063,239818.303922
1781259,IT,NO,CHEMI,CRUDE,0.29,122306.62,5,5,122300.609,0.0,0.0,6.0,0.011,421746.965517
1677515,IT,FR,AUXIL,LANDT,2.24,122294.68,4,4,122294.674,0.0,0.0,0.0,0.006,54595.839286
1769427,IT,AU,NONME,NATUR,0.25,122283.2,4,4,122283.187,0.0,0.0,0.0,0.013,489132.8
1672373,IT,FI,BUSIN,CHEM1,1.26,122252.319,4,4,122252.311,0.0,0.0,0.0,0.008,97025.65
1761418,IT,IN,BASIC,PAPER,0.14,122252.098,4,4,122252.09,0.0,0.0,0.0,0.008,873229.271429
1745016,IT,US,PUBLI,WOODW,2.0,122246.26,4,4,122246.251,0.0,0.0,0.0,0.009,61123.13
1772739,IT,CH,CEMEN,DIST1,0.2,122237.491,5,5,122236.485,0.0,0.0,1.0,0.006,611187.455
1658722,IT,DE,OFFIC,DIST1,0.38,122236.075,4,4,122236.066,0.0,0.0,0.0,0.009,321673.881579
1809027,IT,WM,VEGET,OFFIC,0.43,122224.314,5,5,122223.309,0.0,1.0,0.0,0.005,284242.590698
1787495,IT,WA,CHEMI,MEATA,0.29,122219.381,5,5,122213.37,0.0,0.0,6.0,0.011,421446.141379
1806151,IT,WF,FABRI,ELEC2,0.5,122218.369,4,4,122218.36,0.0,0.0,0.0,0.009,244436.738
1666026,IT,ES,MOTOR,MEMBE,0.18,122211.675,4,4,122211.665,0.0,0.0,0.0,0.01,678953.75
1656126,IT,DE,FISH5,PLAST,0.51,122203.689,4,4,122203.626,0.0,0.0,0.0,0.063,239615.076471
1753395,IT,CA,COPP1,FABRI,0.31,122183.873,4,4,122183.867,0.0,0.0,0.0,0.006,394141.525806
1758415,IT,BR,FABRI,MEDIC,0.5,122183.253,4,4,122183.244,0.0,0.0,0.0,0.009,244366.506
1748533,IT,CN,CHEMI,HEALT,0.29,122172.277,5,5,122166.266,0.0,0.0,6.0,0.011,421283.713793
1783752,IT,NO,PAPE4,ALUM1,0.81,122156.635,4,4,122156.628,0.0,0.0,0.0,0.007,150810.660494
1801111,IT,WE,NONF1,CHEM1,0.03,122153.001,3,3,122153.001,0.0,0.0,0.0,0.0,4071766.7
1751018,IT,CN,WHOLE,PLAST,1.06,122145.009,4,4,122145.002,0.0,0.0,0.0,0.007,115231.140566
1735202,IT,SK,RUBBE,FURNI,0.4,122144.06,4,4,122144.049,0.0,0.0,0.0,0.011,305360.15
1794473,IT,WL,GASDI,RUBBE,0.18,122139.382,4,4,122139.372,0.0,0.0,0.0,0.01,678552.122222
1745369,IT,JP,VEGE1,MEDIC,0.38,122135.628,5,5,122134.601,0.0,1.0,0.0,0.027,321409.547368
1800241,IT,WE,PLAST,CHARC,0.26,122129.898,4,4,122129.886,0.0,0.0,0.0,0.012,469730.376923
1801261,IT,WE,MACHI,PADDY,0.68,122127.75,4,4,122127.74,0.0,0.0,0.0,0.01,179599.632353
1648699,IT,BG,FOOD5,MEATP,0.59,122114.735,5,5,122113.724,0.0,1.0,0.0,0.011,206974.127119
1799733,IT,WE,KEROS,BEVER,0.18,122114.55,4,4,122114.54,0.0,0.0,0.0,0.01,678414.166667
1799502,IT,WE,PAPER,SEACO,0.47,122107.981,5,5,122106.969,0.0,1.0,0.0,0.012,259804.214894
1724453,IT,PT,AIRTR,PUBLI,0.13,122104.435,4,4,122104.431,0.0,0.0,0.0,0.004,939264.884615
1807538,IT,WF,RENTI,WHOLE,0.73,122100.259,4,4,122100.252,0.0,0.0,0.0,0.007,167260.628767
1672881,IT,FR,VEGE1,OFFIC,0.38,122097.746,5,5,122096.719,0.0,1.0,0.0,0.027,321309.857895
1792107,IT,WA,AIRTR,INLAN,0.13,122095.159,4,4,122095.155,0.0,0.0,0.0,0.004,939193.530769
1744016,IT,US,AIRTR,RADIO,0.13,122079.359,4,4,122079.355,0.0,0.0,0.0,0.004,939071.992308
1813121,IT,WM,MOTO1,FOOD5,0.65,122065.101,4,4,122065.093,0.0,0.0,0.0,0.008,187792.463077
1750600,IT,CN,OFFIC,TRANS,0.38,122064.823,4,4,122064.814,0.0,0.0,0.0,0.009,321223.218421
1669999,IT,ES,HEALT,FABRI,0.64,122050.332,4,4,122050.327,0.0,0.0,0.0,0.005,190703.64375
1641581,IT,AT,HEAVY,MEMBE,0.2,122029.575,4,4,122029.565,0.0,0.0,0.0,0.01,610147.875
1741416,IT,US,MOTOR,POULT,0.18,122028.356,4,4,122028.346,0.0,0.0,0.0,0.01,677935.311111
1647285,IT,BE,LANDT,RENTI,0.79,122024.994,4,4,122024.988,0.0,0.0,0.0,0.006,154462.017722
1799756,IT,WE,KEROS,CONST,0.18,122023.513,4,4,122023.503,0.0,0.0,0.0,0.01,677908.405556
1682127,IT,HR,TEXTI,NONME,0.72,122018.45,4,4,122018.434,0.0,0.0,0.0,0.016,169470.069444
1664060,IT,EE,CHEM1,WOODW,0.25,122014.905,4,4,122014.892,0.0,0.0,0.0,0.013,488059.62
1674567,IT,FR,RUBBE,ELECT,0.4,122010.077,4,4,122010.066,0.0,0.0,0.0,0.011,305025.1925
1722156,IT,PL,BUSIN,INSUR,1.25,122008.211,4,4,122008.203,0.0,0.0,0.0,0.008,97606.5688
1773302,IT,CH,MACHI,PROCE,0.68,122007.808,4,4,122007.798,0.0,0.0,0.0,0.01,179423.247059
1809596,IT,WM,VEGE1,INSUR,0.38,122004.14,5,5,122003.113,0.0,1.0,0.0,0.027,321063.526316
1674886,IT,FR,NONME,FOODW,0.25,121997.814,4,4,121997.801,0.0,0.0,0.0,0.013,487991.256
1688479,IT,IE,WEARI,BUSIN,0.92,121995.531,4,4,121995.508,0.0,0.0,0.0,0.023,132603.838043
1761022,IT,IN,PLAST,WEARI,0.26,121984.688,4,4,121984.676,0.0,0.0,0.0,0.012,469171.876923
1804380,IT,WF,KEROS,CEMEN,0.18,121981.701,4,4,121981.691,0.0,0.0,0.0,0.01,677676.116667
1657304,IT,DE,CHEM1,FOOD2,0.25,121981.038,4,4,121981.025,0.0,0.0,0.0,0.013,487924.152
1683005,IT,HR,CHEM1,CHEM1,0.25,121960.095,4,4,121960.082,0.0,0.0,0.0,0.013,487840.38
1658033,IT,DE,PREC1,BASIC,0.21,121938.887,4,4,121938.881,0.0,0.0,0.0,0.006,580661.366667
1796706,IT,WL,RAILW,SUPPO,0.82,121934.614,5,5,121933.609,0.0,0.0,1.0,0.005,148700.74878
1750419,IT,CN,FABRI,COMPU,0.5,121913.341,4,4,121913.332,0.0,0.0,0.0,0.009,243826.682
1780327,IT,TW,AIRTR,MEAT1,0.13,121880.567,4,4,121880.563,0.0,0.0,0.0,0.004,937542.823077
1654330,IT,CZ,ELEC2,EDUCA,0.03,121873.341,4,4,121873.328,0.0,0.0,0.0,0.013,4062444.7
1739008,IT,GB,SALEM,HOTEL,0.98,121865.611,4,4,121865.603,0.0,0.0,0.0,0.008,124352.664286
1655794,IT,DE,MEAT4,HEALT,0.67,121860.011,5,5,121859.003,0.0,1.0,0.0,0.008,181880.613433
1684680,IT,HU,CEREA,PIGS9,0.2,121855.686,5,5,121854.679,0.0,1.0,0.0,0.007,609278.43
1745250,IT,JP,CHEMI,FISHF,0.29,121850.506,5,5,121844.495,0.0,0.0,6.0,0.011,420174.158621
1671245,IT,FI,BASIC,NONME,0.14,121844.752,4,4,121844.744,0.0,0.0,0.0,0.008,870319.657143
1737048,IT,GB,SANDC,BRICK,0.28,121842.166,5,5,121815.162,0.0,0.0,27.0,0.004,435150.592857
1755043,IT,KR,WEARI,FURNI,0.92,121841.104,4,4,121841.081,0.0,0.0,0.0,0.023,132435.982609
1674611,IT,FR,RUBBE,FOODW,0.4,121840.788,4,4,121840.777,0.0,0.0,0.0,0.011,304601.97
1749584,IT,CN,PLAST,93197,0.26,121839.142,4,4,121839.13,0.0,0.0,0.0,0.012,468612.084615
1781536,IT,NO,TEXTI,DIST1,0.72,121817.407,4,4,121817.391,0.0,0.0,0.0,0.016,169190.843056
1665798,IT,ES,PAPER,FOOD1,0.47,121805.429,5,5,121804.417,0.0,1.0,0.0,0.012,259160.487234
1650356,IT,BG,ELEC2,TRANS,0.03,121805.328,4,4,121805.315,0.0,0.0,0.0,0.013,4060177.6
1666425,IT,ES,BITU1,PLAST,0.19,121799.433,4,4,121799.423,0.0,0.0,0.0,0.01,641049.647368
1767527,IT,RU,AIRTR,WOODW,0.13,121796.304,4,4,121796.3,0.0,0.0,0.0,0.004,936894.646154
1814285,IT,WM,POSTT,INSUR,2.01,121794.078,4,4,121794.069,0.0,0.0,0.0,0.009,60594.068657
1788854,IT,WA,GASDI,KEROS,0.18,121790.84,4,4,121790.83,0.0,0.0,0.0,0.01,676615.777778
1759730,IT,BR,BUSIN,LEATH,1.25,121786.66,4,4,121786.652,0.0,0.0,0.0,0.008,97429.328
1773693,IT,CH,FURNI,DISTR,0.39,121775.986,4,4,121775.976,0.0,0.0,0.0,0.01,312246.117949
1810105,IT,WM,TEXTI,COMPU,0.72,121773.173,4,4,121773.157,0.0,0.0,0.0,0.016,169129.406944
1668528,IT,ES,HOTEL,BASIC,0.88,121772.992,4,4,121772.983,0.0,0.0,0.0,0.009,138378.4
1735303,IT,SK,GLASS,LANDT,0.33,121760.162,4,4,121760.155,0.0,0.0,0.0,0.007,368970.187879
1769563,IT,AU,ALUM1,COMPU,0.21,121752.656,4,4,121752.646,0.0,0.0,0.0,0.01,579774.552381
1711395,IT,LU,RETA1,FINAN,1.27,121733.6,4,4,121733.592,0.0,0.0,0.0,0.008,95853.228346
1746783,IT,JP,MACHI,PULP5,0.68,121728.958,4,4,121728.948,0.0,0.0,0.0,0.01,179013.173529
1688671,IT,IE,CHEM1,TEXTI,0.25,121719.561,4,4,121719.548,0.0,0.0,0.0,0.013,486878.244
1753990,IT,CA,LANDT,CONST,0.79,121714.901,4,4,121714.895,0.0,0.0,0.0,0.006,154069.494937
1759702,IT,BR,BUSIN,FORES,1.25,121709.227,4,4,121709.219,0.0,0.0,0.0,0.008,97367.3816
1665783,IT,ES,PAPER,REALE,0.47,121705.521,5,5,121704.509,0.0,1.0,0.0,0.012,258947.917021
1749293,IT,CN,PAPER,INSUR,0.47,121698.89,5,5,121697.878,0.0,1.0,0.0,0.012,258933.808511
1674423,IT,FR,CHEM1,FOOD3,0.25,121676.938,4,4,121676.925,0.0,0.0,0.0,0.013,486707.752
1738703,IT,GB,MACHI,ELEC5,0.68,121671.985,4,4,121671.975,0.0,0.0,0.0,0.01,178929.389706
1743841,IT,US,LANDT,RECRE,0.78,121668.512,4,4,121668.506,0.0,0.0,0.0,0.006,155985.271795
1784584,IT,ID,MACHI,HEAVY,0.68,121668.041,4,4,121668.031,0.0,0.0,0.0,0.01,178923.589706
1686169,IT,HU,GLASS,MEATP,0.33,121664.611,4,4,121664.604,0.0,0.0,0.0,0.007,368680.639394
1743272,IT,US,FURNI,CHEM1,0.39,121663.002,4,4,121662.992,0.0,0.0,0.0,0.01,311956.415385
1742903,IT,US,MACHI,ADDIT,0.68,121661.601,4,4,121661.591,0.0,0.0,0.0,0.01,178914.119118
1768399,IT,AU,VEGE1,FISH5,0.37,121660.267,5,5,121659.241,0.0,1.0,0.0,0.026,328811.532432
1773198,IT,CH,FABRI,PRINT,0.5,121657.953,4,4,121657.944,0.0,0.0,0.0,0.009,243315.906
1711163,IT,LU,FABRI,HOTEL,0.5,121652.301,4,4,121652.292,0.0,0.0,0.0,0.009,243304.602
1667985,IT,ES,TRANS,HOTEL,0.73,121634.018,4,4,121634.011,0.0,0.0,0.0,0.007,166621.942466
1785192,IT,ZA,FOOD5,WASTE,0.58,121633.602,5,5,121632.591,0.0,1.0,0.0,0.011,209713.106897
1759668,IT,BR,RESEA,POSTT,0.66,121632.543,4,4,121632.534,0.0,0.0,0.0,0.009,184291.731818
1777545,IT,TR,BASIC,PAPE4,0.14,121630.742,4,4,121630.734,0.0,0.0,0.0,0.008,868791.014286
1727815,IT,RO,BUSIN,MACHI,1.25,121628.024,4,4,121628.016,0.0,0.0,0.0,0.008,97302.4192
1659982,IT,DE,SEACO,MOTO1,0.12,121613.403,4,4,121613.401,0.0,0.0,0.0,0.002,1013445.025
1683676,IT,HR,FABRI,POSTT,0.49,121606.275,4,4,121606.266,0.0,0.0,0.0,0.009,248176.071429
1756169,IT,KR,MACHI,COKEO,0.68,121606.008,4,4,121605.998,0.0,0.0,0.0,0.01,178832.364706
1666259,IT,ES,HEAVY,HOTEL,0.2,121602.233,4,4,121602.223,0.0,0.0,0.0,0.01,608011.165
1796363,IT,WL,WHOLE,CRUDE,1.05,121598.391,4,4,121598.384,0.0,0.0,0.0,0.007,115807.991429
1667516,IT,ES,FABRI,NONME,0.49,121594.168,4,4,121594.159,0.0,0.0,0.0,0.009,248151.363265
1752450,IT,CA,DAIRY,NONSP,0.49,121591.043,5,5,121590.035,0.0,1.0,0.0,0.008,248144.985714
1775664,IT,TR,CEREA,WOODW,0.2,121589.457,5,5,121588.45,0.0,1.0,0.0,0.007,607947.285
1722548,IT,PT,BEVER,PLAST,0.52,121584.932,4,4,121584.924,0.0,0.0,0.0,0.008,233817.176923
1789012,IT,WA,NAPHT,STONE,0.21,121576.382,4,4,121576.373,0.0,0.0,0.0,0.009,578935.152381
1713260,IT,MT,PAPER,FINAN,0.47,121571.863,5,5,121570.851,0.0,1.0,0.0,0.012,258663.538298
1768094,IT,RU,BUSIN,HOTEL,1.25,121562.466,4,4,121562.458,0.0,0.0,0.0,0.008,97249.9728
1799946,IT,WE,HEAVY,CHEMI,0.2,121559.269,4,4,121559.259,0.0,0.0,0.0,0.01,607796.345
1742686,IT,US,NONF1,MEDIC,0.03,121553.598,3,3,121553.598,0.0,0.0,0.0,0.0,4051786.6
1749951,IT,CN,GLASS,BUSIN,0.33,121549.738,4,4,121549.731,0.0,0.0,0.0,0.007,368332.539394
1662978,IT,DK,HOTEL,CRUDE,0.88,121539.488,4,4,121539.479,0.0,0.0,0.0,0.009,138113.054545
1658605,IT,DE,MACHI,SECO9,0.68,121538.11,4,4,121538.1,0.0,0.0,0.0,0.01,178732.514706
1681096,IT,GR,SUPPO,RADIO,0.87,121536.217,4,4,121536.211,0.0,0.0,0.0,0.006,139696.801149
1652728,IT,CZ,PAPER,BASIC,0.47,121529.681,5,5,121528.669,0.0,1.0,0.0,0.012,258573.789362
1807740,IT,WF,PUBLI,NONFE,1.99,121493.136,4,4,121493.127,0.0,0.0,0.0,0.009,61051.827136
1659486,IT,DE,RETA1,PLAST,1.27,121493.036,4,4,121493.028,0.0,0.0,0.0,0.008,95663.807874
1721153,IT,PL,RAILW,MOTO1,0.81,121490.792,5,5,121489.787,0.0,0.0,1.0,0.005,149988.632099
1787546,IT,WA,CHEMI,FURNI,0.29,121483.529,5,5,121477.518,0.0,0.0,6.0,0.011,418908.72069
1763991,IT,MX,ALUM1,BASIC,0.21,121483.246,4,4,121483.236,0.0,0.0,0.0,0.01,578491.647619
1743095,IT,US,MOTO1,TEXTI,0.65,121476.174,4,4,121476.166,0.0,0.0,0.0,0.008,186886.421538
1789211,IT,WA,PLAST,PREC1,0.25,121465.922,4,4,121465.91,0.0,0.0,0.0,0.012,485863.688
1801210,IT,WE,FABRI,PREC1,0.49,121456.215,4,4,121456.206,0.0,0.0,0.0,0.009,247869.826531
1786490,IT,ZA,MOTO1,SUPPO,0.65,121453.134,4,4,121453.126,0.0,0.0,0.0,0.008,186850.975385
1807195,IT,WF,AIRTR,RAILW,0.13,121440.098,4,4,121440.094,0.0,0.0,0.0,0.004,934154.6
1640384,IT,AT,MEAT1,TOBAC,0.57,121427.073,4,4,121427.058,0.0,0.0,0.0,0.015,213029.952632
1642595,IT,AT,FABRI,MEAT1,0.49,121419.918,4,4,121419.909,0.0,0.0,0.0,0.009,247795.75102
1741327,IT,US,PAPER,POSTT,0.47,121419.5,5,5,121418.488,0.0,1.0,0.0,0.012,258339.361702
1781040,IT,TW,PUBLI,VEGET,1.99,121418.965,4,4,121418.956,0.0,0.0,0.0,0.009,61014.555276
1679696,IT,GR,BRICK,CONST,0.18,121418.017,5,5,121417.009,0.0,0.0,1.0,0.008,674544.538889
1770505,IT,AU,AIRTR,SALEM,0.13,121416.711,4,4,121416.707,0.0,0.0,0.0,0.004,933974.7
1799156,IT,WE,WEARI,FABRI,0.92,121412.031,4,4,121412.008,0.0,0.0,0.0,0.023,131969.598913
1648907,IT,BG,TEXTI,RECRE,0.72,121409.761,4,4,121409.745,0.0,0.0,0.0,0.016,168624.668056
1799571,IT,WE,PRINT,POSTT,1.16,121409.217,4,4,121409.208,0.0,0.0,0.0,0.009,104663.118103
1752788,IT,CA,WOODW,RESEA,0.34,121399.666,5,5,121398.658,0.0,1.0,0.0,0.008,357057.841176
1738576,IT,GB,FABRI,NONME,0.49,121391.46,4,4,121391.451,0.0,0.0,0.0,0.009,247737.673469
1811271,IT,WM,BITU1,FISH5,0.19,121379.427,4,4,121379.417,0.0,0.0,0.0,0.01,638839.089474
1799827,IT,WE,GASDI,MEATC,0.18,121373.456,4,4,121373.446,0.0,0.0,0.0,0.01,674296.977778
1777058,IT,TR,CHEM1,COPP1,0.25,121367.762,4,4,121367.749,0.0,0.0,0.0,0.013,485471.048
1798275,IT,WE,OILSE,AUXIL,0.09,121367.392,5,5,121366.386,0.0,1.0,0.0,0.006,1348526.577778
1769773,IT,AU,MACHI,PREC1,0.68,121363.425,4,4,121363.415,0.0,0.0,0.0,0.01,178475.625
1643059,IT,AT,SALEM,LANDT,0.98,121359.918,4,4,121359.91,0.0,0.0,0.0,0.008,123836.65102
1737390,IT,GB,TEXTI,RUBBE,0.72,121339.507,4,4,121339.491,0.0,0.0,0.0,0.016,168527.093056
1742106,IT,US,RUBBE,MEDIC,0.4,121329.667,4,4,121329.656,0.0,0.0,0.0,0.011,303324.1675
1643060,IT,AT,SALEM,SUPPO,0.98,121327.677,4,4,121327.669,0.0,0.0,0.0,0.008,123803.752041
1679271,IT,GR,GASDI,INLAN,0.18,121326.884,4,4,121326.874,0.0,0.0,0.0,0.01,674038.244444
1786927,IT,ZA,AIRTR,POSTT,0.13,121313.035,4,4,121313.031,0.0,0.0,0.0,0.004,933177.192308
1662130,IT,DK,RUBBE,DAIRY,0.4,121305.032,4,4,121305.021,0.0,0.0,0.0,0.011,303262.58
1679386,IT,GR,PLAST,SUPPO,0.25,121300.604,4,4,121300.592,0.0,0.0,0.0,0.012,485202.416
1740780,IT,US,MEAT4,RESEA,0.67,121295.843,5,5,121294.835,0.0,1.0,0.0,0.008,181038.571642
1770518,IT,AU,AIRTR,AUXIL,0.13,121288.343,4,4,121288.339,0.0,0.0,0.0,0.004,932987.253846
1778791,IT,TR,LANDT,NONME,0.78,121282.789,4,4,121282.783,0.0,0.0,0.0,0.006,155490.755128
1772551,IT,CH,RUBBE,MEDIC,0.4,121279.291,4,4,121279.28,0.0,0.0,0.0,0.011,303198.2275
1790141,IT,WA,BASIC,ELEC4,0.14,121273.729,4,4,121273.721,0.0,0.0,0.0,0.008,866240.921429
1719469,IT,PL,RUBBE,FOOD4,0.4,121249.963,4,4,121249.952,0.0,0.0,0.0,0.011,303124.9075
1650307,IT,BG,ELEC2,CRUDE,0.03,121221.084,4,4,121221.071,0.0,0.0,0.0,0.013,4040702.8
1641395,IT,AT,KERO1,KEROS,0.17,121218.112,4,4,121218.102,0.0,0.0,0.0,0.01,713047.717647
1723362,IT,PT,BASIC,RAWMI,0.14,121208.852,4,4,121208.844,0.0,0.0,0.0,0.008,865777.514286
1743152,IT,US,MOTO1,RAILW,0.65,121198.586,4,4,121198.578,0.0,0.0,0.0,0.008,186459.363077
1788956,IT,WA,HEAVY,PLAST,0.2,121185.581,4,4,121185.571,0.0,0.0,0.0,0.01,605927.905
1809789,IT,WM,FOOD5,PLAST,0.58,121180.829,5,5,121179.818,0.0,1.0,0.0,0.011,208932.463793
1663171,IT,DK,LANDT,FABRI,0.78,121175.093,4,4,121175.087,0.0,0.0,0.0,0.006,155352.683333
1796906,IT,WL,AIRTR,WHEAT,0.13,121174.668,4,4,121174.664,0.0,0.0,0.0,0.004,932112.830769
1726268,IT,RO,BASIC,WHITE,0.14,121172.897,4,4,121172.889,0.0,0.0,0.0,0.008,865520.692857
1667673,IT,ES,MACHI,RADIO,0.68,121165.54,4,4,121165.53,0.0,0.0,0.0,0.01,178184.617647
1744739,IT,US,RESEA,MEAT1,0.66,121162.302,4,4,121162.294,0.0,0.0,0.0,0.008,183579.245455
1645333,IT,BE,GASDI,ELECT,0.18,121149.061,4,4,121149.051,0.0,0.0,0.0,0.01,673050.338889
1649085,IT,BG,PAPER,MOTOR,0.47,121132.67,5,5,121131.658,0.0,1.0,0.0,0.012,257729.085106
1642904,IT,AT,TRANS,OFFIC,0.72,121132.101,4,4,121132.094,0.0,0.0,0.0,0.007,168239.029167
1764148,IT,MX,FABRI,SUPPO,0.49,121128.675,4,4,121128.666,0.0,0.0,0.0,0.009,247201.377551
1669325,IT,ES,FINAN,DIST1,1.58,121116.802,4,4,121116.799,0.0,0.0,0.0,0.003,76656.203797
1712697,IT,LV,HOTEL,CEMEN,0.88,121112.207,4,4,121112.198,0.0,0.0,0.0,0.009,137627.507955
1813275,IT,WM,TRANS,OFFIC,0.72,121109.445,4,4,121109.438,0.0,0.0,0.0,0.007,168207.5625
1794239,IT,WL,PRINT,93197,1.16,121088.489,4,4,121088.48,0.0,0.0,0.0,0.009,104386.628448
1642419,IT,AT,ALUM1,FOOD5,0.21,121082.256,4,4,121082.246,0.0,0.0,0.0,0.01,576582.171429
1650028,IT,BG,MACHI,MOTOR,0.68,121061.14,4,4,121061.13,0.0,0.0,0.0,0.01,178031.088235
1753459,IT,CA,FABRI,LEAD1,0.49,121059.224,4,4,121059.215,0.0,0.0,0.0,0.009,247059.640816
1735061,IT,SK,CHEM1,FOOD5,0.25,121041.888,4,4,121041.875,0.0,0.0,0.0,0.013,484167.552
1689156,IT,IE,SALEM,POSTT,0.98,121031.796,4,4,121031.788,0.0,0.0,0.0,0.008,123501.832653
1753515,IT,CA,MACHI,IRONO,0.68,121030.793,4,4,121030.783,0.0,0.0,0.0,0.01,177986.460294
1719944,IT,PL,PREC1,DIST1,0.21,121007.949,4,4,121007.943,0.0,0.0,0.0,0.006,576228.328571
1799139,IT,WE,WEARI,CHEM1,0.91,121000.807,4,4,121000.784,0.0,0.0,0.0,0.023,132967.91978
1790116,IT,WA,BASIC,BIODI,0.14,120987.546,4,4,120987.538,0.0,0.0,0.0,0.008,864196.757143
1677917,IT,FR,BUSIN,COLLE,1.24,120982.049,4,4,120982.041,0.0,0.0,0.0,0.008,97566.168548
1794108,IT,WL,PAPER,FABRI,0.47,120980.599,5,5,120979.587,0.0,1.0,0.0,0.012,257405.529787
1715442,IT,NL,MOTOR,POSTT,0.18,120967.355,4,4,120967.345,0.0,0.0,0.0,0.01,672040.861111
1761279,IT,IN,RUBBE,FOUND,0.4,120954.906,4,4,120954.895,0.0,0.0,0.0,0.011,302387.265
1728868,IT,SE,CHEM1,SUGAR,0.25,120947.721,4,4,120947.708,0.0,0.0,0.0,0.013,483790.884
1748023,IT,JP,BUSIN,MOTOR,1.24,120938.839,4,4,120938.831,0.0,0.0,0.0,0.008,97531.321774
1682285,IT,HR,LEATH,WHOLE,0.87,120938.771,5,5,120937.75,0.0,1.0,0.0,0.021,139010.081609
1770891,IT,AU,BUSIN,REALE,1.24,120936.528,4,4,120936.52,0.0,0.0,0.0,0.008,97529.458065
1754509,IT,CA,BUSIN,BASIC,1.24,120933.799,4,4,120933.791,0.0,0.0,0.0,0.008,97527.257258
1666623,IT,ES,CHEM1,FINAN,0.25,120933.139,4,4,120933.126,0.0,0.0,0.0,0.013,483732.556
1720603,IT,PL,MOTO1,ANIMA,0.64,120920.219,4,4,120920.211,0.0,0.0,0.0,0.008,188937.842188
1740851,IT,US,VEGE1,PUBLI,0.37,120901.99,5,5,120900.964,0.0,1.0,0.0,0.026,326762.135135
1733890,IT,SI,SEACO,LANDT,0.12,120899.054,4,4,120899.052,0.0,0.0,0.0,0.002,1007492.116667
1672423,IT,FI,BUSIN,FINAN,1.24,120891.123,4,4,120891.115,0.0,0.0,0.0,0.008,97492.841129
1674918,IT,FR,BASIC,PRINT,0.14,120884.05,4,4,120884.042,0.0,0.0,0.0,0.008,863457.5
1676076,IT,FR,ELEC7,RETA1,0.08,120882.415,3,3,120882.415,0.0,0.0,0.0,0.0,1511030.1875
1684931,IT,HU,CHEMI,HEALT,0.29,120881.236,5,5,120875.225,0.0,0.0,6.0,0.011,416831.848276
1664313,IT,EE,NONF1,FABRI,0.03,120877.256,3,3,120877.256,0.0,0.0,0.0,0.0,4029241.866667
1721999,IT,PL,COMPU,RETA1,1.38,120869.245,4,4,120869.237,0.0,0.0,0.0,0.008,87586.40942
1732894,IT,SI,PREC1,CHEM1,0.21,120867.586,4,4,120867.58,0.0,0.0,0.0,0.006,575559.933333
1659449,IT,DE,WHOLE,POSTT,1.04,120865.65,4,4,120865.643,0.0,0.0,0.0,0.007,116216.971154
1728883,IT,SE,CHEM1,SANDC,0.25,120861.872,4,4,120861.859,0.0,0.0,0.0,0.013,483447.488
1654035,IT,CZ,MACHI,SALEM,0.67,120861.181,4,4,120861.171,0.0,0.0,0.0,0.01,180389.822388
1763478,IT,MX,PLAST,OFFIC,0.25,120848.614,4,4,120848.602,0.0,0.0,0.0,0.012,483394.456
1641485,IT,AT,GASDI,RECRE,0.18,120843.464,4,4,120843.454,0.0,0.0,0.0,0.01,671352.577778
1676200,IT,FR,CONST,CONST,0.68,120834.287,4,4,120834.281,0.0,0.0,0.0,0.006,177697.480882
1797050,IT,WL,SUPPO,COPP1,0.87,120833.351,4,4,120833.345,0.0,0.0,0.0,0.006,138888.909195
1677079,IT,FR,SUPPO,ELEC3,0.87,120827.684,4,4,120827.678,0.0,0.0,0.0,0.006,138882.395402
1810381,IT,WM,WOODW,COMPU,0.34,120824.363,5,5,120823.355,0.0,1.0,0.0,0.008,355365.773529
1683254,IT,HR,CERAM,SALEM,0.19,120816.775,5,5,120815.768,0.0,0.0,1.0,0.007,635877.763158
1668291,IT,ES,WHOLE,CERAM,1.04,120814.129,4,4,120814.122,0.0,0.0,0.0,0.007,116167.431731
1740796,IT,US,VEGE1,VEGE1,0.37,120812.923,5,5,120811.897,0.0,1.0,0.0,0.026,326521.413514
1649683,IT,BG,CEMEN,CEMEN,0.19,120810.907,5,5,120809.902,0.0,0.0,1.0,0.005,635846.878947
1811585,IT,WM,CHEM1,FORES,0.25,120795.72,4,4,120795.707,0.0,0.0,0.0,0.013,483182.88
1811824,IT,WM,RUBBE,CEREA,0.4,120772.629,4,4,120772.618,0.0,0.0,0.0,0.011,301931.5725
1650276,IT,BG,ELEC1,BASIC,0.02,120772.045,4,4,120772.037,0.0,0.0,0.0,0.008,6038602.25
1681105,IT,GR,SUPPO,ELEC5,0.87,120769.019,4,4,120769.013,0.0,0.0,0.0,0.006,138814.964368
1666376,IT,ES,NAPHT,REFIN,0.2,120764.623,4,4,120764.614,0.0,0.0,0.0,0.009,603823.115
1769261,IT,AU,RUBBE,PFERT,0.4,120747.515,4,4,120747.504,0.0,0.0,0.0,0.011,301868.7875
1747019,IT,JP,TRANS,MOTO1,0.72,120745.875,4,4,120745.868,0.0,0.0,0.0,0.007,167702.604167
1640432,IT,AT,VEGE1,BIOGA,0.37,120735.499,5,5,120734.473,0.0,1.0,0.0,0.026,326312.159459
1728165,IT,SE,DAIRY,BUSIN,0.49,120733.911,5,5,120732.903,0.0,1.0,0.0,0.008,246395.736735
1658256,IT,DE,COPP1,MOTOR,0.3,120721.471,4,4,120721.465,0.0,0.0,0.0,0.006,402404.903333
1656566,IT,DE,PRINT,FOOD5,1.16,120713.191,4,4,120713.182,0.0,0.0,0.0,0.009,104063.09569
1810307,IT,WM,WOODW,PIGS9,0.34,120705.791,5,5,120704.783,0.0,1.0,0.0,0.008,355017.032353
1755477,IT,KR,PLAST,MACHI,0.25,120696.608,4,4,120696.596,0.0,0.0,0.0,0.012,482786.432
1812908,IT,WM,MACHI,SUGAR,0.67,120694.968,4,4,120694.958,0.0,0.0,0.0,0.01,180141.743284
1721835,IT,PL,REALE,PREC1,5.1,120690.405,4,4,120690.397,0.0,0.0,0.0,0.008,23664.785294
1764449,IT,MX,FURNI,MACHI,0.39,120688.191,4,4,120688.181,0.0,0.0,0.0,0.01,309456.9
1644809,IT,BE,TEXTI,WOODW,0.72,120682.663,4,4,120682.647,0.0,0.0,0.0,0.016,167614.809722
1688012,IT,HU,RENTI,BUSIN,0.72,120673.599,4,4,120673.592,0.0,0.0,0.0,0.007,167602.220833
1746596,IT,JP,PREC1,FABRI,0.21,120672.348,4,4,120672.342,0.0,0.0,0.0,0.006,574630.228571
1676034,IT,FR,ELEC6,CEMEN,0.02,120666.686,4,4,120666.667,0.0,0.0,0.0,0.019,6033334.3
1653590,IT,CZ,BASIC,WOOD2,0.14,120652.001,4,4,120651.993,0.0,0.0,0.0,0.008,861800.007143
1671457,IT,FI,FABRI,EDUCA,0.49,120613.761,4,4,120613.752,0.0,0.0,0.0,0.009,246150.532653
1716493,IT,NL,OFFIC,HOTEL,0.37,120579.376,4,4,120579.367,0.0,0.0,0.0,0.009,325890.205405
1710395,IT,LT,HOTEL,SUPPO,0.87,120577.355,4,4,120577.346,0.0,0.0,0.0,0.009,138594.66092
1709821,IT,LT,RUBBE,HOTEL,0.4,120576.109,4,4,120576.098,0.0,0.0,0.0,0.011,301440.2725
1743902,IT,US,SEACO,TRANS,0.12,120564.125,4,4,120564.123,0.0,0.0,0.0,0.002,1004701.041667
1786114,IT,ZA,BASIC,HYDRO,0.14,120562.815,4,4,120562.807,0.0,0.0,0.0,0.008,861162.964286
1653770,IT,CZ,COPP1,DIST1,0.3,120549.449,4,4,120549.443,0.0,0.0,0.0,0.006,401831.496667
1726962,IT,RO,HOTEL,BIODI,0.87,120549.104,4,4,120549.095,0.0,0.0,0.0,0.009,138562.188506
1751421,IT,CN,SEACO,RESEA,0.12,120548.399,4,4,120548.397,0.0,0.0,0.0,0.002,1004569.991667
1765809,IT,RU,GASDI,FISHF,0.18,120535.921,4,4,120535.911,0.0,0.0,0.0,0.01,669644.005556
1731232,IT,SI,MEATC,HOTEL,0.4,120531.215,5,5,120529.207,0.0,2.0,0.0,0.008,301328.0375
1676217,IT,FR,CONST,RENTI,0.67,120527.295,4,4,120527.289,0.0,0.0,0.0,0.006,179891.485075
1662737,IT,DK,OFFIC,MACHI,0.37,120524.277,4,4,120524.268,0.0,0.0,0.0,0.009,325741.289189
1805123,IT,WF,PFERT,PIGS9,0.05,120516.265,4,4,120516.246,0.0,0.0,0.0,0.019,2410325.3
1763837,IT,MX,NONME,PRECI,0.24,120515.504,4,4,120515.491,0.0,0.0,0.0,0.013,502147.933333
1733196,IT,SI,MACHI,FISH5,0.67,120501.744,4,4,120501.734,0.0,0.0,0.0,0.01,179853.349254
1754071,IT,CA,AIRTR,FISHF,0.13,120490.624,4,4,120490.62,0.0,0.0,0.0,0.004,926850.953846
1662225,IT,DK,GLASS,FABRI,0.33,120487.351,4,4,120487.344,0.0,0.0,0.0,0.007,365113.184848
1677638,IT,FR,REALE,BUSIN,5.09,120474.198,4,4,120474.19,0.0,0.0,0.0,0.008,23668.801179
1767097,IT,RU,FURNI,ELEC4,0.38,120465.837,4,4,120465.827,0.0,0.0,0.0,0.01,317015.360526
1640280,IT,AT,STONE,BUSIN,0.39,120461.483,5,5,120454.478,0.0,0.0,7.0,0.005,308875.597436
1656127,IT,DE,FISH5,CHEM1,0.51,120457.735,4,4,120457.673,0.0,0.0,0.0,0.062,236191.637255
1770528,IT,AU,AIRTR,MEMBE,0.13,120454.284,4,4,120454.28,0.0,0.0,0.0,0.004,926571.415385
1671155,IT,FI,CERAM,CERAM,0.19,120438.246,5,5,120437.239,0.0,0.0,1.0,0.007,633885.505263
1654124,IT,CZ,OFFIC,RECRE,0.37,120436.206,4,4,120436.197,0.0,0.0,0.0,0.009,325503.259459
1779768,IT,TR,BUSIN,ELEC1,1.24,120436.092,4,4,120436.084,0.0,0.0,0.0,0.008,97125.880645
1731573,IT,SI,TEXTI,CONST,0.71,120425.333,4,4,120425.317,0.0,0.0,0.0,0.016,169613.14507
1794913,IT,WL,CHEM1,MEAT4,0.25,120416.326,4,4,120416.313,0.0,0.0,0.0,0.013,481665.304
1660781,IT,DE,COMPU,FOOD5,1.38,120407.804,4,4,120407.796,0.0,0.0,0.0,0.008,87252.031884
1801270,IT,WE,MACHI,PIGS9,0.67,120402.947,4,4,120402.937,0.0,0.0,0.0,0.01,179705.891045
1804560,IT,WF,HEAVY,MEATA,0.19,120393.341,4,4,120393.331,0.0,0.0,0.0,0.01,633649.163158
1686815,IT,HU,FABRI,NONME,0.49,120392.974,4,4,120392.965,0.0,0.0,0.0,0.009,245699.946939
1663305,IT,DK,AIRTR,DAIRY,0.13,120380.495,4,4,120380.491,0.0,0.0,0.0,0.004,926003.807692
1803664,IT,WF,FOOD5,RECRE,0.58,120365.425,5,5,120364.414,0.0,1.0,0.0,0.011,207526.594828
1670382,IT,FI,PROCE,COPPE,0.81,120355.262,5,5,120354.255,0.0,1.0,0.0,0.007,148586.74321
1719472,IT,PL,RUBBE,INERT,0.4,120352.627,4,4,120352.616,0.0,0.0,0.0,0.011,300881.5675
1805363,IT,WF,RUBBE,LIQUE,0.4,120347.941,4,4,120347.93,0.0,0.0,0.0,0.011,300869.8525
1686629,IT,HU,LEAD1,LEAD1,0.21,120337.549,5,5,120336.539,0.0,0.0,1.0,0.01,573035.947619
1710998,IT,LU,CERAM,HOTEL,0.19,120324.581,5,5,120323.574,0.0,0.0,1.0,0.007,633287.268421
1813460,IT,WM,CONST,EDUCA,0.67,120321.853,4,4,120321.847,0.0,0.0,0.0,0.006,179584.855224
1658576,IT,DE,MACHI,NFERT,0.67,120314.212,4,4,120314.202,0.0,0.0,0.0,0.01,179573.450746
1724886,IT,PT,BUSIN,FABRI,1.24,120307.054,4,4,120307.046,0.0,0.0,0.0,0.008,97021.817742
1749624,IT,CN,CHEM1,MEATC,0.25,120302.63,4,4,120302.617,0.0,0.0,0.0,0.013,481210.52
1741526,IT,US,KEROS,RENTI,0.18,120287.195,4,4,120287.185,0.0,0.0,0.0,0.01,668262.194444
1761014,IT,IN,PLAST,NATUR,0.25,120285.759,4,4,120285.747,0.0,0.0,0.0,0.012,481143.036
1730413,IT,SE,POSTT,PLAST,1.98,120285.425,4,4,120285.416,0.0,0.0,0.0,0.009,60750.214646
1777797,IT,TR,FABRI,PRINT,0.49,120265.255,4,4,120265.246,0.0,0.0,0.0,0.009,245439.295918
1764899,IT,MX,AIRTR,RETA1,0.13,120259.478,4,4,120259.474,0.0,0.0,0.0,0.004,925072.907692
1754067,IT,CA,AIRTR,CROPS,0.13,120252.09,4,4,120252.086,0.0,0.0,0.0,0.004,925016.076923
1665703,IT,ES,PAPER,MEAT1,0.47,120246.992,5,5,120245.98,0.0,1.0,0.0,0.012,255844.66383
1786351,IT,ZA,MACHI,LEADZ,0.67,120245.062,4,4,120245.052,0.0,0.0,0.0,0.01,179470.241791
1813945,IT,WM,SEACO,WHEAT,0.12,120240.981,4,4,120240.979,0.0,0.0,0.0,0.002,1002008.175
1753319,IT,CA,BASIC,LEAD1,0.14,120220.713,4,4,120220.705,0.0,0.0,0.0,0.008,858719.378571
1654321,IT,CZ,ELEC2,HOTEL,0.03,120220.073,4,4,120220.06,0.0,0.0,0.0,0.013,4007335.766667
1763922,IT,MX,BASIC,PLAST,0.14,120215.151,4,4,120215.143,0.0,0.0,0.0,0.008,858679.65
1673856,IT,FR,PRINT,REALE,1.15,120214.597,4,4,120214.588,0.0,0.0,0.0,0.009,104534.432174
1642599,IT,AT,FABRI,SUGA1,0.49,120213.254,4,4,120213.245,0.0,0.0,0.0,0.009,245333.171429
1774094,IT,CH,WHOLE,HEAVY,1.04,120193.844,4,4,120193.837,0.0,0.0,0.0,0.007,115571.003846
1739540,IT,GB,LANDT,INERT,0.78,120191.046,4,4,120191.04,0.0,0.0,0.0,0.006,154091.084615
1656412,IT,DE,WOODW,COMPU,0.34,120185.906,5,5,120184.898,0.0,1.0,0.0,0.008,353487.958824
1802716,IT,WE,COMPU,PUBLI,1.37,120184.906,4,4,120184.898,0.0,0.0,0.0,0.008,87726.208759
1769654,IT,AU,FABRI,TRANS,0.49,120183.321,4,4,120183.312,0.0,0.0,0.0,0.009,245272.083673
1665517,IT,ES,WEARI,RENTI,0.91,120166.957,4,4,120166.934,0.0,0.0,0.0,0.023,132051.601099
1649894,IT,BG,FABRI,COPPE,0.49,120162.246,4,4,120162.237,0.0,0.0,0.0,0.009,245229.073469
1653951,IT,CZ,MACHI,LIGNI,0.67,120137.624,4,4,120137.614,0.0,0.0,0.0,0.01,179309.886567
1777429,IT,TR,NONME,GLASS,0.24,120135.761,4,4,120135.748,0.0,0.0,0.0,0.013,500565.670833
1721131,IT,PL,RAILW,GASDI,0.8,120134.598,5,5,120133.593,0.0,0.0,1.0,0.005,150168.2475
1725413,IT,RO,TEXTI,TRAN2,0.71,120128.993,4,4,120128.977,0.0,0.0,0.0,0.016,169195.764789
1781870,IT,NO,CHEM1,STONE,0.25,120128.806,4,4,120128.793,0.0,0.0,0.0,0.013,480515.224
1729226,IT,SE,CERAM,GASWO,0.19,120124.53,5,5,120123.523,0.0,0.0,1.0,0.007,632234.368421
1683024,IT,HR,CHEM1,STEAM,0.25,120112.092,4,4,120112.079,0.0,0.0,0.0,0.013,480448.368
1810716,IT,WM,MOTOR,OFFIC,0.18,120107.37,4,4,120107.36,0.0,0.0,0.0,0.01,667263.166667
1761986,IT,IN,SALEM,MOTO1,0.97,120092.208,4,4,120092.201,0.0,0.0,0.0,0.007,123806.4
1796460,IT,WL,RETA1,CATTL,1.25,120088.942,4,4,120088.934,0.0,0.0,0.0,0.008,96071.1536
1789066,IT,WA,NAPHT,FOOD3,0.2,120084.706,4,4,120084.697,0.0,0.0,0.0,0.009,600423.53
1649934,IT,BG,FABRI,CEMEN,0.49,120082.238,4,4,120082.229,0.0,0.0,0.0,0.009,245065.791837
1735098,IT,SK,CHEM1,FURNI,0.25,120081.743,4,4,120081.73,0.0,0.0,0.0,0.013,480326.972
1682640,IT,HR,KEROS,MOTO1,0.18,120078.302,4,4,120078.292,0.0,0.0,0.0,0.01,667101.677778
1748416,IT,CN,FORES,WOODW,1.05,120077.554,5,5,120031.551,0.0,46.0,0.0,0.003,114359.575238
1685257,IT,HU,TEXTI,FABRI,0.71,120072.941,4,4,120072.925,0.0,0.0,0.0,0.016,169116.81831
1674056,IT,FR,GASDI,INLAN,0.18,120064.474,4,4,120064.464,0.0,0.0,0.0,0.01,667024.855556
1810667,IT,WM,MOTOR,MEAT4,0.18,120064.187,4,4,120064.177,0.0,0.0,0.0,0.01,667023.261111
1716492,IT,NL,OFFIC,RETA1,0.37,120057.609,4,4,120057.6,0.0,0.0,0.0,0.009,324480.024324
1767883,IT,RU,REALE,MEATC,5.07,120055.913,4,4,120055.905,0.0,0.0,0.0,0.008,23679.667258
1772989,IT,CH,PREC1,HEALT,0.2,120051.952,4,4,120051.946,0.0,0.0,0.0,0.006,600259.76
1744295,IT,US,POSTT,MEMBE,1.98,120037.589,4,4,120037.58,0.0,0.0,0.0,0.009,60625.044949
1806948,IT,WF,LANDT,VEGET,0.77,120025.111,4,4,120025.105,0.0,0.0,0.0,0.006,155876.767532
1785915,IT,ZA,RUBBE,PRECI,0.4,120023.106,4,4,120023.095,0.0,0.0,0.0,0.011,300057.765
1742309,IT,US,CEMEN,MACHI,0.19,120015.529,5,5,120014.524,0.0,0.0,1.0,0.005,631660.678947
1813418,IT,WM,FURNI,BUSIN,0.38,120015.279,4,4,120015.269,0.0,0.0,0.0,0.01,315829.681579
1761341,IT,IN,GLASS,BASIC,0.33,119981.809,4,4,119981.802,0.0,0.0,0.0,0.007,363581.239394
1688507,IT,IE,WOODW,WOODW,0.34,119981.256,5,5,119980.248,0.0,1.0,0.0,0.008,352886.047059
1742310,IT,US,CEMEN,OFFIC,0.19,119970.52,5,5,119969.515,0.0,0.0,1.0,0.005,631423.789474
1742389,IT,US,NONME,MEDIC,0.24,119960.455,4,4,119960.442,0.0,0.0,0.0,0.013,499835.229167
1778619,IT,TR,HOTEL,TEXTI,0.87,119951.951,4,4,119951.942,0.0,0.0,0.0,0.009,137875.805747
1771534,IT,CH,TEXTI,FOOD5,0.71,119941.133,4,4,119941.117,0.0,0.0,0.0,0.016,168931.173239
1654288,IT,CZ,ELEC1,WOODW,0.02,119938.331,4,4,119938.323,0.0,0.0,0.0,0.008,5996916.55
1660903,IT,DE,BUSIN,PIGS9,1.23,119935.27,4,4,119935.262,0.0,0.0,0.0,0.008,97508.349593
1811628,IT,WM,CHEM1,LUBRI,0.25,119918.557,4,4,119918.544,0.0,0.0,0.0,0.013,479674.228
1784211,IT,ID,KEROS,AIRTR,0.18,119917.965,4,4,119917.955,0.0,0.0,0.0,0.01,666210.916667
1801129,IT,WE,NONF1,HEALT,0.03,119916.665,3,3,119916.665,0.0,0.0,0.0,0.0,3997222.166667
1798387,IT,WE,CRUDE,KEROS,0.24,119913.24,4,4,119913.23,0.0,0.0,0.0,0.01,499638.5
1676825,IT,FR,LANDT,TRAN1,0.77,119879.548,4,4,119879.542,0.0,0.0,0.0,0.006,155687.724675
1782036,IT,NO,RUBBE,INTER,0.4,119876.02,4,4,119876.009,0.0,0.0,0.0,0.011,299690.05
1654049,IT,CZ,MACHI,COMPU,0.67,119874.793,4,4,119874.783,0.0,0.0,0.0,0.01,178917.601493
1645032,IT,BE,PAPER,CHEMI,0.46,119874.16,5,5,119873.148,0.0,1.0,0.0,0.012,260596.0
1806843,IT,WF,RETA1,RETA1,1.25,119855.122,4,4,119855.114,0.0,0.0,0.0,0.008,95884.0976
1714666,IT,NL,MEAT4,HOTEL,0.66,119846.486,5,5,119845.478,0.0,1.0,0.0,0.008,181585.584848
1772001,IT,CH,PAPER,93197,0.46,119840.651,5,5,119839.639,0.0,1.0,0.0,0.012,260523.154348
1738310,IT,GB,BASIC,GLASS,0.14,119838.935,4,4,119838.927,0.0,0.0,0.0,0.008,855992.392857
1752018,IT,CN,RESEA,DISTR,0.65,119829.769,4,4,119829.761,0.0,0.0,0.0,0.008,184353.490769
1796926,IT,WL,AIRTR,NATU1,0.13,119827.537,4,4,119827.533,0.0,0.0,0.0,0.004,921750.284615
1668038,IT,ES,FURNI,ELECT,0.38,119807.588,4,4,119807.578,0.0,0.0,0.0,0.01,315283.126316
1750613,IT,CN,OFFIC,CONST,0.37,119802.212,4,4,119802.203,0.0,0.0,0.0,0.009,323789.762162
1757737,IT,BR,LUBRI,MOTOR,0.15,119796.554,4,4,119796.548,0.0,0.0,0.0,0.006,798643.693333
1716993,IT,NL,LANDT,TOBAC,0.77,119793.675,4,4,119793.669,0.0,0.0,0.0,0.006,155576.201299
1674861,IT,FR,NONME,FABRI,0.24,119787.987,4,4,119787.974,0.0,0.0,0.0,0.013,499116.6125
1645298,IT,BE,KEROS,NONSP,0.18,119768.497,4,4,119768.487,0.0,0.0,0.0,0.01,665380.538889
1645481,IT,BE,NONSP,PLAST,0.16,119757.217,4,4,119757.211,0.0,0.0,0.0,0.006,748482.60625
1675865,IT,FR,ELEC2,CATTL,0.03,119747.343,4,4,119747.33,0.0,0.0,0.0,0.013,3991578.1
1715940,IT,NL,GLASS,WHOLE,0.33,119734.564,4,4,119734.557,0.0,0.0,0.0,0.007,362832.012121
1676219,IT,FR,CONST,RESEA,0.67,119734.415,4,4,119734.409,0.0,0.0,0.0,0.006,178708.08209
1657060,IT,DE,NONSP,HEAVY,0.16,119729.855,4,4,119729.849,0.0,0.0,0.0,0.006,748311.59375
1757841,IT,BR,CHEM1,FORES,0.25,119724.808,4,4,119724.795,0.0,0.0,0.0,0.013,478899.232
1679907,IT,GR,NONF1,BASIC,0.03,119718.427,3,3,119718.427,0.0,0.0,0.0,0.0,3990614.233333
1738127,IT,GB,GLASS,FISH5,0.33,119716.836,4,4,119716.829,0.0,0.0,0.0,0.007,362778.290909
1786862,IT,ZA,SEACO,WOODW,0.12,119716.611,4,4,119716.609,0.0,0.0,0.0,0.002,997638.425
1799110,IT,WE,WEARI,MEATP,0.9,119711.611,4,4,119711.588,0.0,0.0,0.0,0.023,133012.901111
1809748,IT,WM,FOOD5,ANIMA,0.58,119690.699,5,5,119689.688,0.0,1.0,0.0,0.011,206363.274138
1788404,IT,WA,WOODW,SUPPO,0.33,119688.276,5,5,119687.268,0.0,1.0,0.0,0.008,362691.745455
1794118,IT,WL,PAPER,DISTR,0.46,119686.712,5,5,119685.7,0.0,1.0,0.0,0.012,260188.504348
1656373,IT,DE,WOODW,GLASS,0.33,119684.995,5,5,119683.987,0.0,1.0,0.0,0.008,362681.80303
1812476,IT,WM,PREC1,LANDT,0.2,119682.166,4,4,119682.16,0.0,0.0,0.0,0.006,598410.83
1686699,IT,HU,COPP1,CHEM1,0.3,119680.298,4,4,119680.292,0.0,0.0,0.0,0.006,398934.326667
1763710,IT,MX,RUBBE,SUPPO,0.4,119676.13,4,4,119676.119,0.0,0.0,0.0,0.011,299190.325
1656145,IT,DE,FISH5,PUBLI,0.5,119675.631,4,4,119675.569,0.0,0.0,0.0,0.062,239351.262
1688937,IT,IE,FABRI,MACHI,0.49,119665.983,4,4,119665.974,0.0,0.0,0.0,0.009,244216.291837
1739120,IT,GB,WHOLE,CONST,1.03,119665.897,4,4,119665.89,0.0,0.0,0.0,0.007,116180.482524
1732017,IT,SI,KEROS,ALUM1,0.18,119660.204,4,4,119660.194,0.0,0.0,0.0,0.01,664778.911111
1679580,IT,GR,RUBBE,ELECT,0.4,119650.136,4,4,119650.125,0.0,0.0,0.0,0.011,299125.34
1715044,IT,NL,TEXTI,MOTO1,0.71,119637.485,4,4,119637.469,0.0,0.0,0.0,0.016,168503.5
1676743,IT,FR,LANDT,CEREA,0.77,119633.443,4,4,119633.437,0.0,0.0,0.0,0.006,155368.107792
1796953,IT,WL,AIRTR,GASDI,0.13,119631.033,4,4,119631.029,0.0,0.0,0.0,0.004,920238.715385
1669054,IT,ES,SUPPO,BASIC,0.86,119629.513,4,4,119629.507,0.0,0.0,0.0,0.006,139104.084884
1642352,IT,AT,BASIC,TRAN1,0.14,119602.052,4,4,119602.044,0.0,0.0,0.0,0.008,854300.371429
1682583,IT,HR,MOTOR,RECRE,0.18,119597.681,4,4,119597.671,0.0,0.0,0.0,0.01,664431.561111
1768868,IT,AU,LEATH,93197,0.86,119560.835,5,5,119559.814,0.0,1.0,0.0,0.021,139024.226744
1752078,IT,CN,BUSIN,LEATH,1.23,119558.87,4,4,119558.862,0.0,0.0,0.0,0.008,97202.333333
1733746,IT,SI,LANDT,BEVER,0.77,119536.613,4,4,119536.607,0.0,0.0,0.0,0.006,155242.354545
1757641,IT,BR,HEAVY,MEATC,0.19,119505.679,4,4,119505.669,0.0,0.0,0.0,0.01,628977.257895
1651552,IT,CY,RUBBE,SALEM,0.4,119501.04,4,4,119501.029,0.0,0.0,0.0,0.011,298752.6
1713483,IT,MT,RUBBE,MEAT4,0.4,119498.84,4,4,119498.829,0.0,0.0,0.0,0.011,298747.1
1669030,IT,ES,SUPPO,KERO1,0.86,119481.319,4,4,119481.313,0.0,0.0,0.0,0.006,138931.766279
1671492,IT,FI,MACHI,RUBBE,0.67,119476.567,4,4,119476.557,0.0,0.0,0.0,0.01,178323.234328
1754966,IT,KR,TEXTI,COLLE,0.71,119461.952,4,4,119461.936,0.0,0.0,0.0,0.016,168256.270423
1731791,IT,SI,PAPER,NONME,0.46,119454.638,5,5,119453.626,0.0,1.0,0.0,0.012,259683.995652
1796448,IT,WL,WHOLE,HEALT,1.03,119451.373,4,4,119451.366,0.0,0.0,0.0,0.007,115972.206796
1660408,IT,DE,FINAN,RAILW,1.56,119442.695,4,4,119442.692,0.0,0.0,0.0,0.003,76565.830128
1723172,IT,PT,RUBBE,FISH5,0.4,119438.05,4,4,119438.039,0.0,0.0,0.0,0.011,298595.125
1669815,IT,ES,BUSIN,RETAI,1.23,119434.481,4,4,119434.473,0.0,0.0,0.0,0.008,97101.204065
1712509,IT,LV,FABRI,CEMEN,0.49,119420.115,4,4,119420.106,0.0,0.0,0.0,0.009,243714.520408
1753381,IT,CA,ALUM1,MOTO1,0.21,119410.619,4,4,119410.609,0.0,0.0,0.0,0.01,568621.995238
1810025,IT,WM,TEXTI,DAIRY,0.71,119407.16,4,4,119407.144,0.0,0.0,0.0,0.016,168179.098592
1761570,IT,IN,COPP1,RADIO,0.3,119387.446,4,4,119387.44,0.0,0.0,0.0,0.006,397958.153333
1688786,IT,IE,RUBBE,RENTI,0.4,119384.117,4,4,119384.106,0.0,0.0,0.0,0.011,298460.2925
1763295,IT,MX,PAPER,CERAM,0.46,119378.702,5,5,119377.69,0.0,1.0,0.0,0.012,259518.917391
1732956,IT,SI,ALUM1,ELEC1,0.21,119359.578,4,4,119359.568,0.0,0.0,0.0,0.01,568378.942857
1717164,IT,NL,AIRTR,WHOLE,0.13,119353.973,4,4,119353.969,0.0,0.0,0.0,0.004,918107.484615
1670724,IT,FI,PAPER,CHEM1,0.46,119353.106,5,5,119352.094,0.0,1.0,0.0,0.012,259463.273913
1689349,IT,IE,RETA1,MACHI,1.25,119350.994,4,4,119350.986,0.0,0.0,0.0,0.008,95480.7952
1774747,IT,CH,SUPPO,POSTT,0.86,119350.676,4,4,119350.67,0.0,0.0,0.0,0.006,138779.855814
1660733,IT,DE,RENTI,LANDT,0.71,119350.089,4,4,119350.082,0.0,0.0,0.0,0.007,168098.716901
1656928,IT,DE,LIQUE,BEVER,0.21,119347.715,4,4,119347.705,0.0,0.0,0.0,0.01,568322.452381
1716173,IT,NL,ALUM1,LIQUE,0.21,119340.368,4,4,119340.358,0.0,0.0,0.0,0.01,568287.466667
1761650,IT,IN,FABRI,PFERT,0.49,119338.568,4,4,119338.559,0.0,0.0,0.0,0.009,243548.097959
1679932,IT,GR,FABRI,LEATH,0.49,119336.983,4,4,119336.974,0.0,0.0,0.0,0.009,243544.863265
1669722,IT,ES,BUSIN,VEGET,1.23,119328.494,4,4,119328.486,0.0,0.0,0.0,0.008,97015.035772
1672559,IT,FR,OILSE,MEATC,0.09,119315.839,5,5,119314.833,0.0,1.0,0.0,0.006,1325731.544444
1755577,IT,KR,CHEM1,SALEM,0.25,119307.329,4,4,119307.316,0.0,0.0,0.0,0.013,477229.316
1738367,IT,GB,PREC1,PFERT,0.2,119306.685,4,4,119306.68,0.0,0.0,0.0,0.005,596533.425
1809993,IT,WM,TEXTI,PADDY,0.71,119306.612,4,4,119306.596,0.0,0.0,0.0,0.016,168037.48169
1653945,IT,CZ,MACHI,RAWMI,0.67,119303.226,4,4,119303.216,0.0,0.0,0.0,0.01,178064.516418
1811808,IT,WM,ADDIT,HEALT,0.28,119301.442,5,5,119300.433,0.0,1.0,0.0,0.009,426076.578571
1721451,IT,PL,AIRTR,TRANS,0.13,119293.819,4,4,119293.815,0.0,0.0,0.0,0.004,917644.761538
1743307,IT,US,FURNI,RENTI,0.38,119286.995,4,4,119286.985,0.0,0.0,0.0,0.01,313913.144737
1675155,IT,FR,COPP1,FOODW,0.3,119276.89,4,4,119276.884,0.0,0.0,0.0,0.006,397589.633333
1786823,IT,ZA,HOTEL,RAILW,0.86,119272.298,4,4,119272.289,0.0,0.0,0.0,0.009,138688.718605
1798826,IT,WE,FOOD5,SALEM,0.57,119260.064,5,5,119259.053,0.0,1.0,0.0,0.011,209228.182456
1690050,IT,IE,RENTI,DAIRY,0.71,119251.784,4,4,119251.777,0.0,0.0,0.0,0.007,167960.259155
1683729,IT,HR,MACHI,RUBBE,0.67,119246.408,4,4,119246.398,0.0,0.0,0.0,0.01,177979.713433
1808422,IT,WF,FOOD4,CATTL,0.86,119233.927,4,4,119233.92,0.0,0.0,0.0,0.007,138644.101163
1804311,IT,WF,MOTOR,CEMEN,0.18,119229.771,4,4,119229.761,0.0,0.0,0.0,0.01,662387.616667
1742252,IT,US,CERAM,SUPPO,0.19,119227.135,5,5,119226.129,0.0,0.0,1.0,0.006,627511.236842
1794811,IT,WL,PLAST,BASIC,0.25,119226.958,4,4,119226.946,0.0,0.0,0.0,0.012,476907.832
1811511,IT,WM,NFERT,VEGET,0.02,119223.057,4,4,119223.047,0.0,0.0,0.0,0.01,5961152.85
1676964,IT,FR,AIRTR,FOUND,0.13,119221.383,4,4,119221.379,0.0,0.0,0.0,0.004,917087.561538
1798251,IT,WE,VEGET,COMPU,0.42,119220.175,4,4,119220.17,0.0,0.0,0.0,0.005,283857.559524
1792742,IT,WA,BUSIN,CHEM1,1.22,119217.0,4,4,119216.992,0.0,0.0,0.0,0.008,97718.852459
1788510,IT,WA,PAPER,PIGS9,0.46,119215.72,5,5,119214.708,0.0,1.0,0.0,0.012,259164.608696
1713758,IT,MT,OFFIC,SEACO,0.37,119214.935,4,4,119214.926,0.0,0.0,0.0,0.009,322202.527027
1650561,IT,BG,ELEC7,RAILW,0.08,119199.112,3,3,119199.112,0.0,0.0,0.0,0.0,1489988.9
1736300,IT,SK,HOTEL,LANDT,0.86,119192.554,4,4,119192.545,0.0,0.0,0.0,0.009,138595.993023
1640490,IT,AT,DAIRY,BUSIN,0.48,119188.754,5,5,119187.746,0.0,1.0,0.0,0.008,248309.904167
1668329,IT,ES,WHOLE,SUPPO,1.03,119187.052,4,4,119187.045,0.0,0.0,0.0,0.007,115715.584466
1764873,IT,MX,AIRTR,PLAST,0.13,119182.548,4,4,119182.544,0.0,0.0,0.0,0.004,916788.830769
1716696,IT,NL,WHOLE,DISTR,1.03,119181.978,4,4,119181.971,0.0,0.0,0.0,0.007,115710.658252
1780948,IT,TW,BUSIN,SANDC,1.22,119179.416,4,4,119179.408,0.0,0.0,0.0,0.008,97688.045902
1785554,IT,ZA,KEROS,RENTI,0.18,119165.905,4,4,119165.895,0.0,0.0,0.0,0.01,662032.805556
1788814,IT,WA,KEROS,RENTI,0.18,119161.388,4,4,119161.378,0.0,0.0,0.0,0.01,662007.711111
1683086,IT,HR,RUBBE,PRINT,0.39,119156.713,4,4,119156.702,0.0,0.0,0.0,0.011,305530.033333
1802428,IT,WE,AIRTR,RETA1,0.13,119135.225,4,4,119135.221,0.0,0.0,0.0,0.004,916424.807692
1669347,IT,ES,FINAN,BUSIN,1.55,119134.921,4,4,119134.918,0.0,0.0,0.0,0.003,76861.239355
1725823,IT,RO,MOTOR,WHOLE,0.18,119128.521,4,4,119128.511,0.0,0.0,0.0,0.01,661825.116667
1672672,IT,FR,CRUDE,POSTT,0.23,119127.763,4,4,119127.753,0.0,0.0,0.0,0.01,517946.795652
1715361,IT,NL,PRINT,MACHI,1.14,119116.014,4,4,119116.005,0.0,0.0,0.0,0.009,104487.731579
1801793,IT,WE,ELEC4,REALE,1.9,119106.587,4,4,119106.579,0.0,0.0,0.0,0.008,62687.677368
1756728,IT,KR,SEACO,COMPU,0.12,119106.382,4,4,119106.38,0.0,0.0,0.0,0.002,992553.183333
1784319,IT,ID,CHEM1,RECRE,0.25,119105.816,4,4,119105.803,0.0,0.0,0.0,0.013,476423.264
1642210,IT,AT,CEMEN,WHOLE,0.19,119093.54,5,5,119092.535,0.0,0.0,1.0,0.005,626808.105263
1719128,IT,PL,PLAST,DAIRY,0.25,119089.772,4,4,119089.76,0.0,0.0,0.0,0.012,476359.088
1656668,IT,DE,COKEO,BEVER,0.01,119073.268,3,3,119073.268,0.0,0.0,0.0,0.0,11907326.8
1766025,IT,RU,CHEM1,ELEC2,0.25,119070.941,4,4,119070.928,0.0,0.0,0.0,0.013,476283.764
1726240,IT,RO,NONME,DISTR,0.24,119067.872,4,4,119067.859,0.0,0.0,0.0,0.013,496116.133333
1656821,IT,DE,GASDI,RETA1,0.18,119061.745,4,4,119061.735,0.0,0.0,0.0,0.01,661454.138889
1744336,IT,US,FINAN,HOTEL,1.55,119057.934,4,4,119057.931,0.0,0.0,0.0,0.003,76811.570323
1663715,IT,EE,MEAT4,SEACO,0.66,119054.161,5,5,119053.153,0.0,1.0,0.0,0.008,180385.092424
1685221,IT,HU,TEXTI,CROPS,0.71,119052.29,4,4,119052.274,0.0,0.0,0.0,0.016,167679.28169
1794514,IT,WL,GASDI,HEALT,0.18,119032.815,4,4,119032.805,0.0,0.0,0.0,0.01,661293.416667
1743673,IT,US,HOTEL,WOOD1,0.86,119032.523,4,4,119032.514,0.0,0.0,0.0,0.009,138409.910465
1741868,IT,US,CHEM1,CHEMI,0.25,119032.295,4,4,119032.282,0.0,0.0,0.0,0.013,476129.18
1800227,IT,WE,PLAST,COKEO,0.25,119025.914,4,4,119025.902,0.0,0.0,0.0,0.012,476103.656
1752130,IT,CN,BUSIN,DISTR,1.22,119022.808,4,4,119022.8,0.0,0.0,0.0,0.008,97559.678689
1667520,IT,ES,FABRI,LEAD1,0.48,119019.739,4,4,119019.73,0.0,0.0,0.0,0.009,247957.789583
1673936,IT,FR,MOTOR,RESEA,0.18,119003.037,4,4,119003.027,0.0,0.0,0.0,0.01,661127.983333
1800874,IT,WE,PREC1,BITUM,0.2,118990.308,4,4,118990.303,0.0,0.0,0.0,0.005,594951.54
1715261,IT,NL,PAPER,BEVER,0.46,118986.133,5,5,118985.121,0.0,1.0,0.0,0.012,258665.506522
1774283,IT,CH,HOTEL,CROPS,0.86,118981.975,4,4,118981.966,0.0,0.0,0.0,0.009,138351.133721
1770651,IT,AU,FINAN,REALE,1.55,118960.956,4,4,118960.953,0.0,0.0,0.0,0.003,76749.003871
1710167,IT,LT,MACHI,RADIO,0.66,118955.429,4,4,118955.419,0.0,0.0,0.0,0.01,180235.498485
1672353,IT,FI,BUSIN,DAIRY,1.22,118950.448,4,4,118950.44,0.0,0.0,0.0,0.008,97500.367213
1675212,IT,FR,FABRI,STONE,0.48,118947.466,4,4,118947.457,0.0,0.0,0.0,0.009,247807.220833
1737967,IT,GB,CHEM1,COLLE,0.25,118945.0,4,4,118944.987,0.0,0.0,0.0,0.013,475780.0
1659868,IT,DE,LANDT,SEACO,0.77,118940.806,4,4,118940.8,0.0,0.0,0.0,0.006,154468.579221
1766003,IT,RU,CHEM1,CERAM,0.25,118939.529,4,4,118939.516,0.0,0.0,0.0,0.013,475758.116
1811032,IT,WM,HEAVY,NATU1,0.19,118931.716,4,4,118931.706,0.0,0.0,0.0,0.01,625956.4
1733195,IT,SI,MACHI,BEVER,0.66,118922.853,4,4,118922.843,0.0,0.0,0.0,0.01,180186.140909
1791224,IT,WA,FURNI,TRANS,0.38,118911.512,4,4,118911.502,0.0,0.0,0.0,0.01,312925.031579
1814112,IT,WM,AIRTR,ALUM1,0.13,118911.443,4,4,118911.439,0.0,0.0,0.0,0.004,914703.407692
1807497,IT,WF,RENTI,NATUR,0.71,118897.269,4,4,118897.262,0.0,0.0,0.0,0.007,167460.942254
1641315,IT,AT,KEROS,WHEAT,0.18,118888.128,4,4,118888.118,0.0,0.0,0.0,0.01,660489.6
1667922,IT,ES,MOTO1,SUPPO,0.63,118887.857,4,4,118887.849,0.0,0.0,0.0,0.008,188710.884127
1714114,IT,MT,SEACO,AIRTR,0.12,118887.854,4,4,118887.852,0.0,0.0,0.0,0.002,990732.116667
1644559,IT,BE,PROCE,WHOLE,0.8,118883.841,5,5,118882.834,0.0,1.0,0.0,0.007,148604.80125
1658106,IT,DE,ALUM1,TEXTI,0.21,118880.351,4,4,118880.341,0.0,0.0,0.0,0.01,566096.909524
1726005,IT,RO,CHEM1,FURNI,0.25,118879.219,4,4,118879.206,0.0,0.0,0.0,0.013,475516.876
1737544,IT,GB,WOODW,BUSIN,0.33,118870.094,5,5,118869.086,0.0,1.0,0.0,0.008,360212.406061
1756107,IT,KR,FABRI,HOTEL,0.48,118860.539,4,4,118860.53,0.0,0.0,0.0,0.009,247626.122917
1712851,IT,LV,AUXIL,INSUR,2.17,118842.268,4,4,118842.262,0.0,0.0,0.0,0.006,54766.02212
1757493,IT,BR,PAPER,REALE,0.46,118832.369,5,5,118831.357,0.0,1.0,0.0,0.012,258331.236957
1652627,IT,CZ,WOODW,RUBBE,0.33,118791.801,5,5,118790.793,0.0,1.0,0.0,0.008,359975.154545
1794996,IT,WL,CHEM1,INSUR,0.25,118784.429,4,4,118784.416,0.0,0.0,0.0,0.013,475137.716
1788654,IT,WA,PRINT,PUBLI,1.14,118779.212,4,4,118779.203,0.0,0.0,0.0,0.009,104192.291228
1763304,IT,MX,PAPER,FABRI,0.46,118761.781,5,5,118760.769,0.0,1.0,0.0,0.012,258177.784783
1814005,IT,WM,SEACO,ALUM1,0.12,118760.342,4,4,118760.34,0.0,0.0,0.0,0.002,989669.516667
1653862,IT,CZ,FABRI,NFERT,0.48,118748.921,4,4,118748.912,0.0,0.0,0.0,0.009,247393.585417
1745338,IT,JP,VEGE1,KERO1,0.37,118743.817,5,5,118742.791,0.0,1.0,0.0,0.026,320929.235135
1642654,IT,AT,FABRI,DIST1,0.48,118739.92,4,4,118739.911,0.0,0.0,0.0,0.009,247374.833333
1799878,IT,WE,GASDI,MOTO1,0.18,118738.675,4,4,118738.665,0.0,0.0,0.0,0.01,659659.305556
1724909,IT,PT,BUSIN,SALEM,1.22,118719.746,4,4,118719.738,0.0,0.0,0.0,0.008,97311.267213
1742280,IT,US,BRICK,RADIO,0.18,118696.909,5,5,118695.901,0.0,0.0,1.0,0.008,659427.272222
1794589,IT,WL,HEAVY,COPP1,0.19,118695.943,4,4,118695.933,0.0,0.0,0.0,0.01,624715.489474
1809454,IT,WM,CHEMI,TRAN2,0.28,118692.827,5,5,118686.816,0.0,0.0,6.0,0.011,423902.953571
1799749,IT,WE,KEROS,NONF1,0.18,118685.704,4,4,118685.694,0.0,0.0,0.0,0.01,659365.022222
1663172,IT,DK,LANDT,MACHI,0.77,118682.048,4,4,118682.042,0.0,0.0,0.0,0.006,154132.52987
1786459,IT,ZA,MOTO1,WOODW,0.63,118673.552,4,4,118673.544,0.0,0.0,0.0,0.008,188370.71746
1794072,IT,WL,PAPER,TEXTI,0.46,118653.358,5,5,118652.346,0.0,1.0,0.0,0.012,257942.082609
1688699,IT,IE,CHEM1,FABRI,0.25,118651.907,4,4,118651.894,0.0,0.0,0.0,0.013,474607.628
1662263,IT,DK,CERAM,WHOLE,0.18,118651.008,5,5,118650.002,0.0,0.0,1.0,0.006,659172.266667
1676066,IT,FR,ELEC7,BASIC,0.08,118647.799,3,3,118647.799,0.0,0.0,0.0,0.0,1483097.4875
1662669,IT,DK,MACHI,ELECT,0.66,118639.928,4,4,118639.918,0.0,0.0,0.0,0.01,179757.466667
1738815,IT,GB,MOTO1,CEMEN,0.63,118623.974,4,4,118623.966,0.0,0.0,0.0,0.008,188292.022222
1757824,IT,BR,PFERT,BUSIN,0.05,118620.88,4,4,118620.861,0.0,0.0,0.0,0.019,2372417.6
1773231,IT,CH,FABRI,ELEC4,0.48,118618.754,4,4,118618.745,0.0,0.0,0.0,0.009,247122.404167
1660067,IT,DE,AIRTR,ADDIT,0.13,118611.394,4,4,118611.39,0.0,0.0,0.0,0.004,912395.338462
1685790,IT,HU,PLAST,TRANS,0.25,118588.53,4,4,118588.518,0.0,0.0,0.0,0.012,474354.12
1683125,IT,HR,RUBBE,SUPPO,0.39,118588.034,4,4,118588.023,0.0,0.0,0.0,0.011,304071.882051
1727243,IT,RO,SUPPO,FABRI,0.85,118580.486,4,4,118580.48,0.0,0.0,0.0,0.006,139506.454118
1649109,IT,BG,PAPER,MACHI,0.46,118575.075,5,5,118574.063,0.0,1.0,0.0,0.012,257771.902174
1730319,IT,SE,AIRTR,PUBLI,0.13,118554.776,4,4,118554.772,0.0,0.0,0.0,0.004,911959.815385
1750143,IT,CN,PREC1,MEDIC,0.2,118549.793,4,4,118549.788,0.0,0.0,0.0,0.005,592748.965
1718470,IT,PL,TEXTI,PULP5,0.7,118529.335,4,4,118529.319,0.0,0.0,0.0,0.016,169327.621429
1773861,IT,CH,ELEC6,CHEM1,0.02,118521.344,4,4,118521.325,0.0,0.0,0.0,0.019,5926067.2
1804486,IT,WF,GASDI,PRINT,0.18,118514.775,4,4,118514.765,0.0,0.0,0.0,0.01,658415.416667
1756166,IT,KR,MACHI,PULP5,0.66,118511.604,4,4,118511.594,0.0,0.0,0.0,0.01,179563.036364
1747467,IT,JP,SEACO,LUBRI,0.12,118510.078,4,4,118510.076,0.0,0.0,0.0,0.002,987583.983333
1794401,IT,WL,KEROS,POSTT,0.18,118496.594,4,4,118496.584,0.0,0.0,0.0,0.01,658314.411111
1686378,IT,HU,BASIC,SANDC,0.14,118484.912,4,4,118484.905,0.0,0.0,0.0,0.007,846320.8
1804397,IT,WF,KEROS,SALEM,0.18,118479.535,4,4,118479.525,0.0,0.0,0.0,0.01,658219.638889
1777480,IT,TR,BASIC,PRINT,0.14,118475.291,4,4,118475.284,0.0,0.0,0.0,0.007,846252.078571
1760623,IT,IN,PULP5,FISH5,0.36,118474.659,5,5,118473.648,0.0,1.0,0.0,0.011,329096.275
1781890,IT,NO,CHEM1,GASDI,0.25,118473.37,4,4,118473.357,0.0,0.0,0.0,0.013,473893.48
1735568,IT,SK,ALUM1,DIST1,0.21,118466.234,4,4,118466.225,0.0,0.0,0.0,0.009,564124.92381
1716210,IT,NL,ALUM1,BUSIN,0.21,118465.981,4,4,118465.972,0.0,0.0,0.0,0.009,564123.719048
1676541,IT,FR,HOTEL,STONE,0.86,118460.333,4,4,118460.324,0.0,0.0,0.0,0.009,137744.573256
1722888,IT,PT,PRINT,BUSIN,1.14,118460.201,4,4,118460.192,0.0,0.0,0.0,0.009,103912.457018
1676936,IT,FR,AIRTR,TEXTI,0.13,118458.875,4,4,118458.871,0.0,0.0,0.0,0.004,911222.115385
1673782,IT,FR,PAPER,WOOD1,0.46,118456.612,5,5,118455.6,0.0,1.0,0.0,0.012,257514.373913
1771437,IT,CH,FOOD5,MEMBE,0.57,118440.587,5,5,118439.576,0.0,1.0,0.0,0.011,207790.503509
1730307,IT,SE,AIRTR,WHOLE,0.13,118439.209,4,4,118439.205,0.0,0.0,0.0,0.004,911070.838462
1777086,IT,TR,CHEM1,RAILW,0.25,118436.657,4,4,118436.644,0.0,0.0,0.0,0.013,473746.628
1787730,IT,WA,VEGE1,BIOG1,0.36,118433.849,5,5,118432.823,0.0,1.0,0.0,0.026,328982.913889
1732525,IT,SI,RUBBE,CEMEN,0.39,118433.712,4,4,118433.701,0.0,0.0,0.0,0.011,303676.184615
1781933,IT,NO,CHEM1,RESEA,0.25,118430.945,4,4,118430.932,0.0,0.0,0.0,0.013,473723.78
1813387,IT,WM,FURNI,FURNI,0.38,118427.7,4,4,118427.69,0.0,0.0,0.0,0.01,311651.842105
1762888,IT,MX,STONE,FABRI,0.38,118405.54,5,5,118398.535,0.0,0.0,7.0,0.005,311593.526316
1758107,IT,BR,GLASS,REALE,0.32,118396.98,4,4,118396.973,0.0,0.0,0.0,0.007,369990.5625
1729555,IT,SE,COPP1,BASIC,0.3,118396.596,4,4,118396.59,0.0,0.0,0.0,0.006,394655.32
1682692,IT,HR,GASDI,WHEAT,0.18,118381.932,4,4,118381.922,0.0,0.0,0.0,0.01,657677.4
1730115,IT,SE,HOTEL,WHOLE,0.86,118380.87,4,4,118380.861,0.0,0.0,0.0,0.009,137652.174419
1802645,IT,WE,RENTI,NATUR,0.71,118372.686,4,4,118372.679,0.0,0.0,0.0,0.007,166722.092958
1772775,IT,CH,NONME,NFERT,0.24,118367.307,4,4,118367.294,0.0,0.0,0.0,0.013,493197.1125
1761373,IT,IN,CEMEN,GLASS,0.19,118366.353,5,5,118365.348,0.0,0.0,1.0,0.005,622980.805263
1788130,IT,WA,WEARI,LEATH,0.89,118361.713,4,4,118361.691,0.0,0.0,0.0,0.022,132990.688764
1812703,IT,WM,COPP1,BUSIN,0.3,118352.87,4,4,118352.864,0.0,0.0,0.0,0.006,394509.566667
1754087,IT,CA,AIRTR,PRINT,0.13,118337.765,4,4,118337.761,0.0,0.0,0.0,0.004,910290.5
1677528,IT,FR,AUXIL,EDUCA,2.16,118333.551,4,4,118333.545,0.0,0.0,0.0,0.006,54784.051389
1750868,IT,CN,FURNI,RAILW,0.38,118327.226,4,4,118327.216,0.0,0.0,0.0,0.01,311387.436842
1652582,IT,CZ,LEATH,DIST1,0.85,118320.601,5,5,118319.581,0.0,1.0,0.0,0.02,139200.707059
1812699,IT,WM,COPP1,AUXIL,0.3,118316.417,4,4,118316.411,0.0,0.0,0.0,0.006,394388.056667
1644590,IT,BE,FOOD5,VEGE1,0.57,118295.152,5,5,118294.141,0.0,1.0,0.0,0.011,207535.354386
1713513,IT,MT,RUBBE,BUSIN,0.39,118287.532,4,4,118287.521,0.0,0.0,0.0,0.011,303301.364103
1686876,IT,HU,FABRI,RECRE,0.48,118281.074,4,4,118281.066,0.0,0.0,0.0,0.008,246418.904167
1771718,IT,CH,LEATH,CHEMI,0.85,118271.912,5,5,118270.892,0.0,1.0,0.0,0.02,139143.425882
1686706,IT,HU,COPP1,CEMEN,0.3,118270.372,4,4,118270.366,0.0,0.0,0.0,0.006,394234.573333
1661550,IT,DK,BEVER,DAIRY,0.5,118267.658,4,4,118267.65,0.0,0.0,0.0,0.008,236535.316
1728309,IT,SE,BEVER,SEACO,0.5,118263.837,4,4,118263.829,0.0,0.0,0.0,0.008,236527.674
1777814,IT,TR,FABRI,CEMEN,0.48,118259.952,4,4,118259.944,0.0,0.0,0.0,0.008,246374.9
1757643,IT,BR,HEAVY,MEAT1,0.19,118252.472,4,4,118252.463,0.0,0.0,0.0,0.009,622381.431579
1751707,IT,CN,INSUR,MACHI,2.44,118248.859,4,4,118248.854,0.0,0.0,0.0,0.005,48462.647131
1651342,IT,CY,WOODW,HOTEL,0.33,118245.566,5,5,118244.558,0.0,1.0,0.0,0.008,358319.89697
1664491,IT,EE,MOTO1,MACHI,0.63,118245.413,4,4,118245.405,0.0,0.0,0.0,0.008,187691.131746
1760557,IT,IN,LEATH,MACHI,0.85,118232.726,5,5,118231.706,0.0,1.0,0.0,0.02,139097.324706
1785259,IT,ZA,TEXTI,CONST,0.7,118223.179,4,4,118223.163,0.0,0.0,0.0,0.016,168890.255714
1657628,IT,DE,CERAM,SANDC,0.18,118213.685,5,5,118212.679,0.0,0.0,1.0,0.006,656742.694444
1794992,IT,WL,CHEM1,AIRTR,0.25,118212.572,4,4,118212.559,0.0,0.0,0.0,0.013,472850.288
1647090,IT,BE,HOTEL,CHEM1,0.86,118204.446,4,4,118204.437,0.0,0.0,0.0,0.009,137447.030233
1716529,IT,NL,MOTO1,RETA1,0.63,118190.814,4,4,118190.806,0.0,0.0,0.0,0.008,187604.466667
1813974,IT,WM,SEACO,BEVER,0.12,118189.774,4,4,118189.772,0.0,0.0,0.0,0.002,984914.783333
1710116,IT,LT,MACHI,OILSE,0.66,118177.343,4,4,118177.333,0.0,0.0,0.0,0.01,179056.580303
1753523,IT,CA,MACHI,SANDC,0.66,118170.958,4,4,118170.948,0.0,0.0,0.0,0.01,179046.906061
1790683,IT,WA,FABRI,ELEC2,0.48,118165.625,4,4,118165.617,0.0,0.0,0.0,0.008,246178.385417
1804563,IT,WF,HEAVY,FORES,0.19,118159.989,4,4,118159.98,0.0,0.0,0.0,0.009,621894.678947
1793725,IT,WL,FOOD5,RECRE,0.57,118159.52,5,5,118158.509,0.0,1.0,0.0,0.011,207297.403509
1795515,IT,WL,ALUM1,CHARC,0.21,118153.695,4,4,118153.686,0.0,0.0,0.0,0.009,562636.642857
1794247,IT,WL,MOTOR,CROPS,0.18,118135.451,4,4,118135.441,0.0,0.0,0.0,0.01,656308.061111
1686535,IT,HU,ALUM1,BEVER,0.21,118132.661,4,4,118132.652,0.0,0.0,0.0,0.009,562536.480952
1662992,IT,DK,HOTEL,TEXTI,0.86,118129.937,4,4,118129.928,0.0,0.0,0.0,0.009,137360.39186
1805505,IT,WF,CERAM,WEARI,0.18,118129.931,5,5,118128.925,0.0,0.0,1.0,0.006,656277.394444
1745955,IT,JP,WOODW,FABRI,0.33,118125.314,5,5,118124.306,0.0,1.0,0.0,0.008,357955.49697
1659967,IT,DE,SEACO,NAPHT,0.12,118114.609,4,4,118114.607,0.0,0.0,0.0,0.002,984288.408333
1808582,IT,WF,PAPE4,REALE,0.78,118098.9,4,4,118098.893,0.0,0.0,0.0,0.007,151408.846154
1723261,IT,PT,GLASS,PLAST,0.32,118094.258,4,4,118094.251,0.0,0.0,0.0,0.007,369044.55625
1773772,IT,CH,ELEC2,FABRI,0.03,118090.897,4,4,118090.885,0.0,0.0,0.0,0.012,3936363.233333
1804321,IT,WF,MOTOR,OFFIC,0.18,118085.33,4,4,118085.32,0.0,0.0,0.0,0.01,656029.611111
1806283,IT,WF,MACHI,RETAI,0.66,118075.912,4,4,118075.902,0.0,0.0,0.0,0.01,178902.89697
1676383,IT,FR,WHOLE,CEMEN,1.02,118067.957,4,4,118067.95,0.0,0.0,0.0,0.007,115752.89902
1640287,IT,AT,SANDC,WOODW,0.27,118064.083,5,5,118038.079,0.0,0.0,26.0,0.004,437274.381481
1759596,IT,BR,COMPU,SUPPO,1.35,118061.767,4,4,118061.76,0.0,0.0,0.0,0.007,87453.160741
1675402,IT,FR,MACHI,RADIO,0.66,118059.637,4,4,118059.627,0.0,0.0,0.0,0.01,178878.237879
1805127,IT,WF,PFERT,WOOLS,0.05,118050.21,4,4,118050.191,0.0,0.0,0.0,0.019,2361004.2
1710458,IT,LT,LANDT,OFFIC,0.76,118035.34,4,4,118035.334,0.0,0.0,0.0,0.006,155309.657895
1642154,IT,AT,CERAM,MOTO1,0.18,118019.356,5,5,118018.35,0.0,0.0,1.0,0.006,655663.088889
1810712,IT,WM,MOTOR,NONF1,0.18,118016.627,4,4,118016.617,0.0,0.0,0.0,0.01,655647.927778
1663358,IT,DK,SUPPO,LANDT,0.85,118012.106,4,4,118012.1,0.0,0.0,0.0,0.006,138837.771765
1675802,IT,FR,FURNI,OILHA,0.38,118006.06,4,4,118006.05,0.0,0.0,0.0,0.01,310542.263158
1811061,IT,WM,HEAVY,WHITE,0.19,118004.491,4,4,118004.482,0.0,0.0,0.0,0.009,621076.268421
1676636,IT,FR,HOTEL,FOODW,0.86,118001.688,4,4,118001.679,0.0,0.0,0.0,0.009,137211.265116
1658898,IT,DE,FURNI,TEXTI,0.38,117994.538,4,4,117994.528,0.0,0.0,0.0,0.01,310511.942105
1761484,IT,IN,PREC1,MEDIC,0.2,117993.703,4,4,117993.698,0.0,0.0,0.0,0.005,589968.515
1650379,IT,BG,ELEC2,RESEA,0.03,117993.561,4,4,117993.549,0.0,0.0,0.0,0.012,3933118.7
1658160,IT,DE,ALUM1,ELEC8,0.21,117981.817,4,4,117981.808,0.0,0.0,0.0,0.009,561818.17619
1794740,IT,WL,PARAF,PFERT,0.19,117971.772,4,4,117971.763,0.0,0.0,0.0,0.009,620904.063158
1728097,IT,SE,VEGE1,MEATC,0.36,117970.879,5,5,117969.853,0.0,1.0,0.0,0.026,327696.886111
1720239,IT,PL,NONF1,MOTO1,0.03,117959.538,3,3,117959.538,0.0,0.0,0.0,0.0,3931984.6
1642668,IT,AT,FABRI,POSTT,0.48,117953.495,4,4,117953.487,0.0,0.0,0.0,0.008,245736.447917
1769187,IT,AU,CHEM1,SALEM,0.25,117953.449,4,4,117953.436,0.0,0.0,0.0,0.013,471813.796
1724380,IT,PT,SEACO,BUSIN,0.12,117942.633,4,4,117942.631,0.0,0.0,0.0,0.002,982855.275
1788206,IT,WA,LEATH,OILSE,0.84,117937.003,5,5,117935.983,0.0,1.0,0.0,0.02,140401.194048
1813459,IT,WM,CONST,PUBLI,0.66,117929.113,4,4,117929.107,0.0,0.0,0.0,0.006,178680.474242
1658054,IT,DE,PREC1,ELEC7,0.2,117926.343,4,4,117926.338,0.0,0.0,0.0,0.005,589631.715
1784176,IT,ID,PAPER,CONST,0.46,117919.009,5,5,117917.997,0.0,1.0,0.0,0.012,256345.671739
1803074,IT,WF,CEREA,HOTEL,0.19,117917.351,5,5,117916.344,0.0,1.0,0.0,0.007,620617.636842
1660075,IT,DE,AIRTR,CEMEN,0.13,117915.34,4,4,117915.336,0.0,0.0,0.0,0.004,907041.076923
1735089,IT,SK,CHEM1,COPP1,0.25,117908.55,4,4,117908.537,0.0,0.0,0.0,0.013,471634.2
1744005,IT,US,AIRTR,NONME,0.13,117902.314,4,4,117902.31,0.0,0.0,0.0,0.004,906940.876923
1763851,IT,MX,NONME,CHEM1,0.24,117898.725,4,4,117898.712,0.0,0.0,0.0,0.013,491244.6875
1719402,IT,PL,RUBBE,BIOGA,0.39,117895.0,4,4,117894.989,0.0,0.0,0.0,0.011,302294.871795
1725938,IT,RO,PLAST,TRAN2,0.25,117890.337,4,4,117890.325,0.0,0.0,0.0,0.012,471561.348
1755486,IT,KR,PLAST,WHOLE,0.25,117885.051,4,4,117885.039,0.0,0.0,0.0,0.012,471540.204
1811465,IT,WM,PLAST,TRANS,0.25,117879.201,4,4,117879.189,0.0,0.0,0.0,0.012,471516.804
1666984,IT,ES,CERAM,93197,0.18,117867.879,5,5,117866.873,0.0,0.0,1.0,0.006,654821.55
1812227,IT,WM,NONME,LEAD1,0.24,117854.682,4,4,117854.669,0.0,0.0,0.0,0.013,491061.175
1667528,IT,ES,FABRI,RADIO,0.48,117841.245,4,4,117841.237,0.0,0.0,0.0,0.008,245502.59375
1742016,IT,US,ADDIT,FINAN,0.27,117839.207,5,5,117838.198,0.0,1.0,0.0,0.009,436441.507407
1715934,IT,NL,GLASS,MOTO1,0.32,117838.495,4,4,117838.488,0.0,0.0,0.0,0.007,368245.296875
1745854,IT,JP,LEATH,NONME,0.84,117818.039,5,5,117817.019,0.0,1.0,0.0,0.02,140259.570238
1765812,IT,RU,GASDI,BITUM,0.18,117803.421,4,4,117803.411,0.0,0.0,0.0,0.01,654463.45
1674217,IT,FR,LIQUE,POSTT,0.21,117799.565,4,4,117799.556,0.0,0.0,0.0,0.009,560950.309524
1813991,IT,WM,SEACO,NAPHT,0.12,117789.985,4,4,117789.983,0.0,0.0,0.0,0.002,981583.208333
1807500,IT,WF,RENTI,COPPE,0.7,117786.336,4,4,117786.329,0.0,0.0,0.0,0.007,168266.194286
1729929,IT,SE,FURNI,HOTEL,0.38,117782.566,4,4,117782.556,0.0,0.0,0.0,0.01,309954.121053
1795021,IT,WL,ADDIT,CRUDE,0.27,117782.246,5,5,117781.237,0.0,1.0,0.0,0.009,436230.540741
1670205,IT,ES,RECRE,ELEC1,1.5,117767.835,4,4,117767.826,0.0,0.0,0.0,0.009,78511.89
1776424,IT,TR,COKEO,CHEM1,0.01,117758.044,3,3,117758.044,0.0,0.0,0.0,0.0,11775804.4
1754890,IT,KR,TOBAC,BASIC,0.46,117751.195,4,4,117751.188,0.0,0.0,0.0,0.007,255980.858696
1742038,IT,US,RUBBE,VEGET,0.39,117745.767,4,4,117745.756,0.0,0.0,0.0,0.011,301912.223077
1733246,IT,SI,MACHI,LANDT,0.66,117736.661,4,4,117736.651,0.0,0.0,0.0,0.01,178388.880303
1651476,IT,CY,HEAVY,FOOD5,0.19,117736.24,4,4,117736.231,0.0,0.0,0.0,0.009,619664.421053
1673788,IT,FR,PAPER,FOOD3,0.46,117729.102,5,5,117728.09,0.0,1.0,0.0,0.012,255932.830435
1772405,IT,CH,CHEM1,BASIC,0.25,117726.348,4,4,117726.335,0.0,0.0,0.0,0.013,470905.392
1781729,IT,NO,PAPER,PRINT,0.46,117723.906,5,5,117722.894,0.0,1.0,0.0,0.012,255921.534783
1713549,IT,MT,CERAM,CONST,0.18,117715.908,5,5,117714.902,0.0,0.0,1.0,0.006,653977.266667
1810938,IT,WM,GASDI,FOOD5,0.18,117709.863,4,4,117709.853,0.0,0.0,0.0,0.01,653943.683333
1771508,IT,CH,FISH5,FOOD5,0.49,117707.135,4,4,117707.074,0.0,0.0,0.0,0.061,240218.642857
1771261,IT,CH,VEGE1,FINAN,0.36,117706.927,5,5,117705.901,0.0,1.0,0.0,0.026,326963.686111
1756028,IT,KR,NONF1,TRANS,0.03,117699.622,3,3,117699.622,0.0,0.0,0.0,0.0,3923320.733333
1779006,IT,TR,AIRTR,PRINT,0.13,117699.604,4,4,117699.6,0.0,0.0,0.0,0.004,905381.569231
1782152,IT,NO,NONME,PLAST,0.24,117697.544,4,4,117697.531,0.0,0.0,0.0,0.013,490406.433333
1680030,IT,GR,MACHI,LUBRI,0.66,117693.885,4,4,117693.875,0.0,0.0,0.0,0.01,178324.068182
1640591,IT,AT,FOOD5,RECRE,0.57,117690.183,5,5,117689.172,0.0,1.0,0.0,0.011,206474.005263
1776336,IT,TR,PAPER,CONST,0.46,117686.152,5,5,117685.14,0.0,1.0,0.0,0.012,255839.46087
1805496,IT,WF,CERAM,PRECI,0.18,117675.368,5,5,117674.362,0.0,0.0,1.0,0.006,653752.044444
1659005,IT,DE,ELEC2,KEROS,0.03,117672.443,4,4,117672.431,0.0,0.0,0.0,0.012,3922414.766667
1804976,IT,WF,PLAST,COKIN,0.25,117672.183,4,4,117672.171,0.0,0.0,0.0,0.012,470688.732
1794734,IT,WL,PARAF,MOTOR,0.19,117670.78,4,4,117670.771,0.0,0.0,0.0,0.009,619319.894737
1780838,IT,TW,COMPU,FURNI,1.34,117668.637,4,4,117668.63,0.0,0.0,0.0,0.007,87812.415672
1645247,IT,BE,COALT,ELEC1,0.19,117655.966,4,4,117655.959,0.0,0.0,0.0,0.007,619241.926316
1686403,IT,HU,BASIC,BIOGA,0.14,117651.715,4,4,117651.708,0.0,0.0,0.0,0.007,840369.392857
1797163,IT,WL,POSTT,SALEM,1.94,117636.737,4,4,117636.728,0.0,0.0,0.0,0.009,60637.493299
1778698,IT,TR,HOTEL,RECRE,0.85,117630.881,4,4,117630.872,0.0,0.0,0.0,0.009,138389.271765
1774755,IT,CH,SUPPO,BUSIN,0.85,117609.907,4,4,117609.901,0.0,0.0,0.0,0.006,138364.596471
1780476,IT,TW,POSTT,MOTOR,1.94,117608.83,4,4,117608.821,0.0,0.0,0.0,0.009,60623.108247
1739220,IT,GB,RETA1,FINAN,1.23,117607.316,4,4,117607.308,0.0,0.0,0.0,0.008,95615.704065
1731943,IT,SI,MOTOR,HOTEL,0.18,117604.932,4,4,117604.922,0.0,0.0,0.0,0.01,653360.733333
1756786,IT,KR,AIRTR,RAILW,0.13,117595.091,4,4,117595.087,0.0,0.0,0.0,0.004,904577.623077
1741833,IT,US,NFERT,PUBLI,0.02,117590.994,4,4,117590.984,0.0,0.0,0.0,0.01,5879549.7
1660348,IT,DE,FINAN,PRINT,1.53,117588.909,4,4,117588.906,0.0,0.0,0.0,0.003,76855.496078
1767990,IT,RU,COMPU,FINAN,1.34,117575.275,4,4,117575.268,0.0,0.0,0.0,0.007,87742.742537
1781021,IT,TW,BUSIN,TRAN2,1.21,117574.436,4,4,117574.428,0.0,0.0,0.0,0.008,97168.955372
1728969,IT,SE,CHEM1,WOOD1,0.25,117557.9,4,4,117557.887,0.0,0.0,0.0,0.013,470231.6
1728855,IT,SE,PLAST,REALE,0.25,117556.846,4,4,117556.834,0.0,0.0,0.0,0.012,470227.384
1724065,IT,PT,WHOLE,FABRI,1.02,117546.457,4,4,117546.45,0.0,0.0,0.0,0.007,115241.62451
1664078,IT,EE,CHEM1,FABRI,0.25,117545.147,4,4,117545.134,0.0,0.0,0.0,0.013,470180.588
1812732,IT,WM,NONF1,PLAST,0.03,117528.757,3,3,117528.757,0.0,0.0,0.0,0.0,3917625.233333
1771952,IT,CH,PAPER,MOTO1,0.46,117528.5,5,5,117527.488,0.0,1.0,0.0,0.012,255496.73913
1648579,IT,BG,SANDC,CEMEN,0.27,117514.738,5,5,117488.734,0.0,0.0,26.0,0.004,435239.77037
1804838,IT,WF,NAPHT,BUSIN,0.2,117514.603,4,4,117514.595,0.0,0.0,0.0,0.008,587573.015
1764880,IT,MX,AIRTR,PREC1,0.13,117511.343,4,4,117511.339,0.0,0.0,0.0,0.004,903933.407692
1647569,IT,BE,SUPPO,RECRE,0.84,117506.6,4,4,117506.594,0.0,0.0,0.0,0.006,139888.809524
1671452,IT,FI,FABRI,RENTI,0.48,117503.572,4,4,117503.564,0.0,0.0,0.0,0.008,244799.108333
1805227,IT,WF,CHEM1,NONF1,0.25,117495.075,4,4,117495.062,0.0,0.0,0.0,0.013,469980.3
1644229,IT,BE,OILSE,PFERT,0.08,117494.794,5,5,117493.789,0.0,1.0,0.0,0.005,1468684.925
1761959,IT,IN,FURNI,HOTEL,0.37,117471.603,4,4,117471.593,0.0,0.0,0.0,0.01,317490.818919
1811076,IT,WM,HEAVY,ALUM1,0.19,117471.002,4,4,117470.993,0.0,0.0,0.0,0.009,618268.431579
1686054,IT,HU,RUBBE,NATUR,0.39,117468.425,4,4,117468.414,0.0,0.0,0.0,0.011,301201.089744
1783646,IT,NO,FOOD3,INTER,0.33,117455.295,4,4,117455.289,0.0,0.0,0.0,0.006,355925.136364
1786835,IT,ZA,HOTEL,RENTI,0.85,117446.274,4,4,117446.265,0.0,0.0,0.0,0.009,138172.087059
1726581,IT,RO,OFFIC,BUSIN,0.36,117437.072,4,4,117437.064,0.0,0.0,0.0,0.008,326214.088889
1720192,IT,PL,COPP1,STEAM,0.3,117436.191,4,4,117436.185,0.0,0.0,0.0,0.006,391453.97
1757648,IT,BR,HEAVY,BEVER,0.19,117435.242,4,4,117435.233,0.0,0.0,0.0,0.009,618080.221053
1710888,IT,LU,MOTOR,AIRTR,0.18,117428.939,4,4,117428.929,0.0,0.0,0.0,0.01,652382.994444
1761304,IT,IN,RUBBE,RENTI,0.39,117418.632,4,4,117418.621,0.0,0.0,0.0,0.011,301073.415385
1773940,IT,CH,SALEM,CHEM1,0.95,117414.938,4,4,117414.931,0.0,0.0,0.0,0.007,123594.671579
1653885,IT,CZ,FABRI,RADIO,0.48,117411.607,4,4,117411.599,0.0,0.0,0.0,0.008,244607.514583
1715333,IT,NL,PAPER,RECRE,0.45,117405.898,5,5,117404.886,0.0,1.0,0.0,0.012,260901.995556
1783984,IT,ID,FOOD5,PIGS9,0.56,117404.784,5,5,117403.774,0.0,1.0,0.0,0.01,209651.4
1716461,IT,NL,OFFIC,PRINT,0.36,117398.935,4,4,117398.927,0.0,0.0,0.0,0.008,326108.152778
1763988,IT,MX,ALUM1,RUBBE,0.2,117397.05,4,4,117397.041,0.0,0.0,0.0,0.009,586985.25
1761643,IT,IN,FABRI,LIQUE,0.48,117389.855,4,4,117389.847,0.0,0.0,0.0,0.008,244562.197917
1739012,IT,GB,SALEM,POSTT,0.95,117379.973,4,4,117379.966,0.0,0.0,0.0,0.007,123557.866316
1762220,IT,IN,SEACO,RETA1,0.12,117378.368,4,4,117378.366,0.0,0.0,0.0,0.002,978153.066667
1659441,IT,DE,WHOLE,CONST,1.01,117378.099,4,4,117378.092,0.0,0.0,0.0,0.007,116215.939604
1653075,IT,CZ,CHEM1,SUGAR,0.25,117372.991,4,4,117372.978,0.0,0.0,0.0,0.013,469491.964
1657114,IT,DE,PLAST,LEATH,0.25,117370.178,4,4,117370.166,0.0,0.0,0.0,0.012,469480.712
1786166,IT,ZA,BASIC,HEALT,0.14,117367.27,4,4,117367.263,0.0,0.0,0.0,0.007,838337.642857
1649470,IT,BG,CHEM1,RESEA,0.25,117362.156,4,4,117362.143,0.0,0.0,0.0,0.013,469448.624
1737807,IT,GB,NAPHT,RESEA,0.2,117355.053,4,4,117355.045,0.0,0.0,0.0,0.008,586775.265
1644723,IT,BE,BEVER,SUPPO,0.5,117353.036,4,4,117353.028,0.0,0.0,0.0,0.008,234706.072
1648153,IT,BE,BUSIN,MEATP,1.21,117351.91,4,4,117351.902,0.0,0.0,0.0,0.008,96985.049587
1665641,IT,ES,WOODW,MOTO1,0.33,117351.219,5,5,117350.211,0.0,1.0,0.0,0.008,355609.754545
1735889,IT,SK,OFFIC,TRANS,0.36,117335.693,4,4,117335.685,0.0,0.0,0.0,0.008,325932.480556
1769127,IT,AU,CHEM1,MEATC,0.25,117331.694,4,4,117331.681,0.0,0.0,0.0,0.013,469326.776
1640701,IT,AT,FISH5,HEALT,0.49,117315.314,4,4,117315.254,0.0,0.0,0.0,0.06,239419.008163
1794520,IT,WL,HEAVY,CEREA,0.19,117312.57,4,4,117312.561,0.0,0.0,0.0,0.009,617434.578947
1652029,IT,CZ,VEGET,RETA1,0.42,117310.386,4,4,117310.381,0.0,0.0,0.0,0.005,279310.442857
1662326,IT,DK,BASIC,FORES,0.14,117303.138,4,4,117303.131,0.0,0.0,0.0,0.007,837879.557143
1809994,IT,WM,TEXTI,WHEAT,0.7,117294.385,4,4,117294.369,0.0,0.0,0.0,0.016,167563.407143
1765603,IT,RU,WOODW,PAPER,0.33,117286.209,5,5,117285.201,0.0,1.0,0.0,0.008,355412.754545
1653965,IT,CZ,MACHI,FOOD5,0.65,117280.4,4,4,117280.39,0.0,0.0,0.0,0.01,180431.384615
1804050,IT,WF,WOODW,FABRI,0.33,117278.627,5,5,117277.619,0.0,1.0,0.0,0.008,355389.778788
1720351,IT,PL,FABRI,EDUCA,0.48,117278.305,4,4,117278.297,0.0,0.0,0.0,0.008,244329.802083
1675680,IT,FR,TRANS,SEACO,0.7,117273.119,4,4,117273.113,0.0,0.0,0.0,0.006,167533.027143
1714877,IT,NL,BEVER,MEATP,0.5,117258.133,4,4,117258.125,0.0,0.0,0.0,0.008,234516.266
1732176,IT,SI,GASDI,FINAN,0.17,117253.073,4,4,117253.063,0.0,0.0,0.0,0.01,689723.958824
1784857,IT,ID,SEACO,SUPPO,0.12,117252.312,4,4,117252.31,0.0,0.0,0.0,0.002,977102.6
1737277,IT,GB,FOOD5,WHOLE,0.56,117251.288,5,5,117250.278,0.0,1.0,0.0,0.01,209377.3
1682623,IT,HR,KEROS,CHEM1,0.17,117246.557,4,4,117246.547,0.0,0.0,0.0,0.01,689685.629412
1734989,IT,SK,NONSP,RUBBE,0.15,117245.212,4,4,117245.206,0.0,0.0,0.0,0.006,781634.746667
1722398,IT,PT,MEATC,GASDI,0.39,117243.984,5,5,117241.976,0.0,2.0,0.0,0.008,300625.6
1758860,IT,BR,HOTEL,CHEM1,0.85,117243.725,4,4,117243.716,0.0,0.0,0.0,0.009,137933.794118
1761188,IT,IN,ADDIT,MOTOR,0.27,117221.516,5,5,117220.507,0.0,1.0,0.0,0.009,434153.762963
1664453,IT,EE,MACHI,BUSIN,0.65,117220.163,4,4,117220.153,0.0,0.0,0.0,0.01,180338.712308
1744250,IT,US,POSTT,DISTR,1.93,117220.115,4,4,117220.106,0.0,0.0,0.0,0.009,60735.810881
1794697,IT,WL,NAPHT,ELEC2,0.2,117205.827,4,4,117205.819,0.0,0.0,0.0,0.008,586029.135
1723274,IT,PT,GLASS,FURNI,0.32,117200.061,4,4,117200.054,0.0,0.0,0.0,0.007,366250.190625
1757568,IT,BR,GASDI,CATTL,0.17,117198.885,4,4,117198.875,0.0,0.0,0.0,0.01,689405.205882
1809589,IT,WM,VEGE1,RETA1,0.36,117195.563,5,5,117194.538,0.0,1.0,0.0,0.025,325543.230556
1690363,IT,IE,WASTE,MEAT1,0.37,117194.548,4,4,117194.542,0.0,0.0,0.0,0.006,316742.021622
1796648,IT,WL,HOTEL,TRAN1,0.85,117194.312,4,4,117194.303,0.0,0.0,0.0,0.009,137875.661176
1718262,IT,PL,FOOD5,MEAT4,0.56,117179.029,5,5,117178.019,0.0,1.0,0.0,0.01,209248.266071
1723024,IT,PT,PLAST,MACHI,0.25,117151.381,4,4,117151.369,0.0,0.0,0.0,0.012,468605.524
1730215,IT,SE,LANDT,RESEA,0.76,117146.335,4,4,117146.329,0.0,0.0,0.0,0.006,154139.914474
1745449,IT,JP,DAIRY,PUBLI,0.48,117133.787,5,5,117132.779,0.0,1.0,0.0,0.008,244028.722917
1776937,IT,TR,PLAST,CONST,0.25,117124.206,4,4,117124.194,0.0,0.0,0.0,0.012,468496.824
1789201,IT,WA,PLAST,CHARC,0.25,117122.825,4,4,117122.813,0.0,0.0,0.0,0.012,468491.3
1742373,IT,US,NONME,CERAM,0.24,117114.68,4,4,117114.667,0.0,0.0,0.0,0.013,487977.833333
1811348,IT,WM,BITU1,RECRE,0.18,117108.094,4,4,117108.085,0.0,0.0,0.0,0.009,650600.522222
1794018,IT,WL,WOODW,PUBLI,0.33,117107.179,5,5,117106.171,0.0,1.0,0.0,0.008,354870.239394
1649351,IT,BG,PLAST,CONST,0.25,117101.211,4,4,117101.199,0.0,0.0,0.0,0.012,468404.844
1752968,IT,CA,CHEM1,COKIN,0.24,117096.451,4,4,117096.438,0.0,0.0,0.0,0.013,487901.879167
1800073,IT,WE,NAPHT,CRUDE,0.2,117090.473,4,4,117090.465,0.0,0.0,0.0,0.008,585452.365
1709407,IT,LT,BEVER,RAILW,0.5,117079.919,4,4,117079.911,0.0,0.0,0.0,0.008,234159.838
1775066,IT,CH,RENTI,TRANS,0.7,117079.807,4,4,117079.8,0.0,0.0,0.0,0.007,167256.867143
1743034,IT,US,OFFIC,HOTEL,0.36,117077.784,4,4,117077.776,0.0,0.0,0.0,0.008,325216.066667
1763575,IT,MX,CHEM1,OFFIC,0.24,117063.776,4,4,117063.763,0.0,0.0,0.0,0.013,487765.733333
1804098,IT,WF,PAPER,NATU1,0.45,117063.379,5,5,117062.367,0.0,1.0,0.0,0.012,260140.842222
1793508,IT,WL,CHEMI,FURNI,0.28,117058.355,5,5,117052.344,0.0,0.0,6.0,0.011,418065.553571
1772430,IT,CH,CHEM1,RETAI,0.24,117053.344,4,4,117053.331,0.0,0.0,0.0,0.013,487722.266667
1767268,IT,RU,HOTEL,PFERT,0.85,117048.601,4,4,117048.592,0.0,0.0,0.0,0.009,137704.236471
1761681,IT,IN,FABRI,RETA1,0.48,117045.369,4,4,117045.361,0.0,0.0,0.0,0.008,243844.51875
1739255,IT,GB,HOTEL,CRUDE,0.85,117044.591,4,4,117044.582,0.0,0.0,0.0,0.009,137699.518824
1655657,IT,DE,CHEMI,WOODW,0.28,117027.563,5,5,117021.552,0.0,0.0,6.0,0.011,417955.582143
1799929,IT,WE,HEAVY,COKIN,0.19,117026.08,4,4,117026.071,0.0,0.0,0.0,0.009,615926.736842
1800170,IT,WE,NONSP,CONST,0.15,117023.414,4,4,117023.408,0.0,0.0,0.0,0.006,780156.093333
1782109,IT,NO,CERAM,CERAM,0.18,117020.41,5,5,117019.404,0.0,0.0,1.0,0.006,650113.388889
1648163,IT,BE,BUSIN,TOBAC,1.2,117017.678,4,4,117017.67,0.0,0.0,0.0,0.008,97514.731667
1662518,IT,DK,COPP1,MOTO1,0.3,117015.297,4,4,117015.291,0.0,0.0,0.0,0.006,390050.99
1659068,IT,DE,ELEC4,DISTR,1.86,117010.385,4,4,117010.378,0.0,0.0,0.0,0.007,62908.80914
1762657,IT,IN,COMPU,FINAN,1.34,117008.997,4,4,117008.99,0.0,0.0,0.0,0.007,87320.147015
1738877,IT,GB,TRANS,COMPU,0.7,117005.09,4,4,117005.084,0.0,0.0,0.0,0.006,167150.128571
1645370,IT,BE,HEAVY,HEAVY,0.19,116993.439,4,4,116993.43,0.0,0.0,0.0,0.009,615754.942105
1765884,IT,RU,PLAST,TEXTI,0.25,116993.366,4,4,116993.354,0.0,0.0,0.0,0.012,467973.464
1654113,IT,CZ,OFFIC,FINAN,0.36,116992.503,4,4,116992.495,0.0,0.0,0.0,0.008,324979.175
1675479,IT,FR,OFFIC,NUCLE,0.36,116985.852,4,4,116985.844,0.0,0.0,0.0,0.008,324960.7
1801056,IT,WE,COPP1,LEATH,0.3,116981.745,4,4,116981.739,0.0,0.0,0.0,0.006,389939.15
1808398,IT,WF,WASTE,LANDT,0.37,116966.624,4,4,116966.618,0.0,0.0,0.0,0.006,316126.010811
1760387,IT,IN,DAIRY,PADDY,0.48,116964.994,5,5,116963.986,0.0,1.0,0.0,0.008,243677.070833
1796318,IT,WL,SALEM,WHOLE,0.94,116961.298,4,4,116961.291,0.0,0.0,0.0,0.007,124426.912766
1731278,IT,SI,MEAT1,BUSIN,0.55,116954.334,4,4,116954.32,0.0,0.0,0.0,0.014,212644.243636
1757064,IT,KR,BUSIN,ELEC2,1.2,116952.271,4,4,116952.263,0.0,0.0,0.0,0.008,97460.225833
1781830,IT,NO,PLAST,WOODW,0.25,116944.906,4,4,116944.894,0.0,0.0,0.0,0.012,467779.624
1758884,IT,BR,HOTEL,FURNI,0.85,116929.833,4,4,116929.824,0.0,0.0,0.0,0.009,137564.509412
1686584,IT,HU,ALUM1,RETAI,0.2,116927.277,4,4,116927.268,0.0,0.0,0.0,0.009,584636.385
1722080,IT,PL,BUSIN,WEARI,1.2,116903.681,4,4,116903.673,0.0,0.0,0.0,0.008,97419.734167
1654120,IT,CZ,OFFIC,PUBLI,0.36,116903.05,4,4,116903.042,0.0,0.0,0.0,0.008,324730.694444
1776977,IT,TR,PFERT,PLANT,0.05,116894.959,4,4,116894.94,0.0,0.0,0.0,0.019,2337899.18
1785611,IT,ZA,GASDI,POSTT,0.17,116890.71,4,4,116890.7,0.0,0.0,0.0,0.01,687592.411765
1742287,IT,US,BRICK,RESEA,0.18,116875.838,5,5,116874.831,0.0,0.0,1.0,0.007,649310.211111
1769638,IT,AU,FABRI,CEMEN,0.48,116874.811,4,4,116874.803,0.0,0.0,0.0,0.008,243489.189583
1654324,IT,CZ,ELEC2,SUPPO,0.03,116873.632,4,4,116873.62,0.0,0.0,0.0,0.012,3895787.733333
1760601,IT,IN,WOODW,MACHI,0.33,116867.629,5,5,116866.621,0.0,1.0,0.0,0.008,354144.330303
1776413,IT,TR,PRINT,BUSIN,1.12,116860.45,4,4,116860.441,0.0,0.0,0.0,0.009,104339.6875
1792104,IT,WA,AIRTR,RAILW,0.13,116852.581,4,4,116852.577,0.0,0.0,0.0,0.004,898866.007692
1792383,IT,WA,INSUR,ANIMA,2.41,116849.011,4,4,116849.006,0.0,0.0,0.0,0.005,48485.066805
1780808,IT,TW,COMPU,PAPER,1.33,116834.507,4,4,116834.5,0.0,0.0,0.0,0.007,87845.493985
1709583,IT,LT,PAPER,SUGA1,0.45,116832.148,5,5,116831.136,0.0,1.0,0.0,0.012,259626.995556
1666914,IT,ES,GLASS,RENTI,0.32,116828.394,4,4,116828.387,0.0,0.0,0.0,0.007,365088.73125
1787480,IT,WA,SANDC,CHARC,0.27,116799.745,5,5,116773.741,0.0,0.0,26.0,0.004,432591.648148
1642826,IT,AT,OFFIC,WHOLE,0.36,116794.478,4,4,116794.47,0.0,0.0,0.0,0.008,324429.105556
1683815,IT,HR,OFFIC,COMPU,0.36,116791.131,4,4,116791.123,0.0,0.0,0.0,0.008,324419.808333
1801513,IT,WE,MOTO1,RETAI,0.62,116790.942,4,4,116790.934,0.0,0.0,0.0,0.008,188372.487097
1719919,IT,PL,PREC1,CHEM1,0.2,116785.561,4,4,116785.556,0.0,0.0,0.0,0.005,583927.805
1642151,IT,AT,CERAM,FABRI,0.18,116776.643,5,5,116775.637,0.0,0.0,1.0,0.006,648759.127778
1645889,IT,BE,GLASS,RENTI,0.32,116763.54,4,4,116763.533,0.0,0.0,0.0,0.007,364886.0625
1766199,IT,RU,GLASS,FOOD5,0.32,116762.277,4,4,116762.27,0.0,0.0,0.0,0.007,364882.115625
1687548,IT,HU,LANDT,FURNI,0.75,116760.511,4,4,116760.505,0.0,0.0,0.0,0.006,155680.681333
1796226,IT,WL,FURNI,RAILW,0.37,116725.263,4,4,116725.253,0.0,0.0,0.0,0.01,315473.683784
1640749,IT,AT,TEXTI,FABRI,0.69,116721.439,4,4,116721.424,0.0,0.0,0.0,0.015,169161.505797
1650845,IT,BG,LANDT,FABRI,0.75,116713.264,4,4,116713.258,0.0,0.0,0.0,0.006,155617.685333
1719495,IT,PL,GLASS,STONE,0.32,116712.24,4,4,116712.233,0.0,0.0,0.0,0.007,364725.75
1723768,IT,PT,OFFIC,FOOD5,0.36,116709.39,4,4,116709.382,0.0,0.0,0.0,0.008,324192.75
1804470,IT,WF,GASDI,MEAT1,0.17,116708.637,4,4,116708.627,0.0,0.0,0.0,0.01,686521.394118
1649737,IT,BG,BASIC,WOODW,0.13,116703.753,4,4,116703.746,0.0,0.0,0.0,0.007,897721.176923
1642584,IT,AT,FABRI,RAWMI,0.47,116689.003,4,4,116688.995,0.0,0.0,0.0,0.008,248274.474468
1794278,IT,WL,MOTOR,WOODW,0.17,116688.664,4,4,116688.654,0.0,0.0,0.0,0.01,686403.905882
1666619,IT,ES,CHEM1,LANDT,0.24,116684.701,4,4,116684.688,0.0,0.0,0.0,0.013,486186.254167
1728394,IT,SE,TEXTI,COMPU,0.69,116676.709,4,4,116676.694,0.0,0.0,0.0,0.015,169096.67971
1795983,IT,WL,MOTO1,FABRI,0.62,116676.288,4,4,116676.28,0.0,0.0,0.0,0.008,188187.56129
1642080,IT,AT,GLASS,NONME,0.32,116670.465,4,4,116670.458,0.0,0.0,0.0,0.007,364595.203125
1646941,IT,BE,WHOLE,LANDT,1.01,116669.397,4,4,116669.39,0.0,0.0,0.0,0.007,115514.254455
1788771,IT,WA,MOTOR,93197,0.17,116667.093,4,4,116667.083,0.0,0.0,0.0,0.01,686277.017647
1675675,IT,FR,TRANS,WHOLE,0.7,116660.662,4,4,116660.656,0.0,0.0,0.0,0.006,166658.088571
1683122,IT,HR,RUBBE,TRAN2,0.39,116656.293,4,4,116656.282,0.0,0.0,0.0,0.011,299118.7
1806119,IT,WF,FABRI,MOTOR,0.47,116647.654,4,4,116647.646,0.0,0.0,0.0,0.008,248186.497872
1650257,IT,BG,ELEC1,DAIRY,0.02,116643.609,4,4,116643.602,0.0,0.0,0.0,0.007,5832180.45
1729622,IT,SE,FABRI,DAIRY,0.47,116643.519,4,4,116643.511,0.0,0.0,0.0,0.008,248177.7
1645178,IT,BE,PRINT,RETA1,1.12,116623.748,4,4,116623.739,0.0,0.0,0.0,0.009,104128.346429
1644753,IT,BE,FISH5,MEAT1,0.49,116613.288,4,4,116613.228,0.0,0.0,0.0,0.06,237986.302041
1750132,IT,CN,PREC1,NONME,0.2,116612.024,4,4,116612.019,0.0,0.0,0.0,0.005,583060.12
1780150,IT,TW,HOTEL,CEMEN,0.85,116610.529,4,4,116610.52,0.0,0.0,0.0,0.009,137188.857647
1683528,IT,HR,ALUM1,BASIC,0.2,116602.913,4,4,116602.904,0.0,0.0,0.0,0.009,583014.565
1793898,IT,WL,WEARI,WEARI,0.88,116597.811,4,4,116597.789,0.0,0.0,0.0,0.022,132497.5125
1642379,IT,AT,BASIC,PLAS1,0.13,116596.574,4,4,116596.567,0.0,0.0,0.0,0.007,896896.723077
1680965,IT,GR,INLAN,MOTOR,0.19,116592.35,4,4,116592.342,0.0,0.0,0.0,0.008,613643.947368
1687970,IT,HU,RENTI,CEMEN,0.7,116587.906,4,4,116587.899,0.0,0.0,0.0,0.007,166554.151429
1783236,IT,NO,BUSIN,BUSIN,1.2,116564.257,4,4,116564.249,0.0,0.0,0.0,0.008,97136.880833
1781019,IT,TW,BUSIN,RAILW,1.2,116559.932,4,4,116559.924,0.0,0.0,0.0,0.008,97133.276667
1689469,IT,IE,HOTEL,POSTT,0.84,116553.581,4,4,116553.572,0.0,0.0,0.0,0.009,138754.263095
1803217,IT,WF,CROPS,INSUR,0.92,116545.375,4,4,116545.369,0.0,0.0,0.0,0.006,126679.755435
1656694,IT,DE,COKEO,COMPU,0.01,116544.705,3,3,116544.705,0.0,0.0,0.0,0.0,11654470.5
1726100,IT,RO,RUBBE,LEAD1,0.39,116532.773,4,4,116532.762,0.0,0.0,0.0,0.011,298801.982051
1741904,IT,US,CHEM1,NFERT,0.24,116522.374,4,4,116522.361,0.0,0.0,0.0,0.013,485509.891667
1659806,IT,DE,LANDT,BITU1,0.75,116519.811,4,4,116519.805,0.0,0.0,0.0,0.006,155359.748
1715682,IT,NL,NONSP,ELEC1,0.15,116519.603,4,4,116519.597,0.0,0.0,0.0,0.006,776797.353333
1675348,IT,FR,MACHI,MEATP,0.65,116516.31,4,4,116516.3,0.0,0.0,0.0,0.01,179255.861538
1713505,IT,MT,RUBBE,INLAN,0.39,116509.875,4,4,116509.864,0.0,0.0,0.0,0.011,298743.269231
1740190,IT,GB,BUSIN,DAIRY,1.2,116498.992,4,4,116498.984,0.0,0.0,0.0,0.008,97082.493333
1662832,IT,DK,SALEM,LANDT,0.94,116495.791,4,4,116495.784,0.0,0.0,0.0,0.007,123931.692553
1711032,IT,LU,NONME,COMPU,0.24,116487.736,4,4,116487.723,0.0,0.0,0.0,0.013,485365.566667
1769355,IT,AU,GLASS,REALE,0.32,116487.158,4,4,116487.151,0.0,0.0,0.0,0.007,364022.36875
1666531,IT,ES,CHEM1,PIGS9,0.24,116485.397,4,4,116485.384,0.0,0.0,0.0,0.013,485355.820833
1656489,IT,DE,PAPER,LEATH,0.45,116485.27,5,5,116484.259,0.0,1.0,0.0,0.011,258856.155556
1723408,IT,PT,BASIC,SALEM,0.13,116461.309,4,4,116461.302,0.0,0.0,0.0,0.007,895856.223077
1734805,IT,SK,PULP5,FISH5,0.36,116451.676,5,5,116450.665,0.0,1.0,0.0,0.011,323476.877778
1798450,IT,WE,NATUR,GLASS,0.16,116449.76,4,4,116449.752,0.0,0.0,0.0,0.008,727811.0
1649639,IT,BG,GLASS,SUPPO,0.32,116444.45,4,4,116444.443,0.0,0.0,0.0,0.007,363888.90625
1796833,IT,WL,SEACO,MEAT1,0.12,116432.029,4,4,116432.027,0.0,0.0,0.0,0.002,970266.908333
1743175,IT,US,MOTO1,SEWAG,0.62,116421.45,4,4,116421.442,0.0,0.0,0.0,0.008,187776.532258
1740895,IT,US,PROCE,FOOD5,0.79,116421.092,5,5,116420.085,0.0,1.0,0.0,0.007,147368.470886
1732814,IT,SI,BASIC,WEARI,0.13,116412.598,4,4,116412.591,0.0,0.0,0.0,0.007,895481.523077
1718944,IT,PL,PRINT,CONST,1.12,116394.812,4,4,116394.803,0.0,0.0,0.0,0.009,103923.939286
1685850,IT,HU,CHEM1,TOBAC,0.24,116381.079,4,4,116381.066,0.0,0.0,0.0,0.013,484921.1625
1667459,IT,ES,FABRI,CEREA,0.47,116380.907,4,4,116380.899,0.0,0.0,0.0,0.008,247618.951064
1760491,IT,IN,TEXTI,CONST,0.69,116380.217,4,4,116380.202,0.0,0.0,0.0,0.015,168666.981159
1751481,IT,CN,AIRTR,INLAN,0.13,116373.066,4,4,116373.062,0.0,0.0,0.0,0.004,895177.430769
1677513,IT,FR,AUXIL,HOTEL,2.13,116366.26,4,4,116366.254,0.0,0.0,0.0,0.006,54632.046948
1803841,IT,WF,TEXTI,ELEC4,0.69,116363.865,4,4,116363.85,0.0,0.0,0.0,0.015,168643.282609
1687964,IT,HU,RENTI,PLAST,0.7,116362.765,4,4,116362.758,0.0,0.0,0.0,0.007,166232.521429
1733402,IT,SI,ELEC2,MOTO1,0.03,116358.307,4,4,116358.295,0.0,0.0,0.0,0.012,3878610.233333
1794525,IT,WL,HEAVY,CROPS,0.19,116353.233,4,4,116353.224,0.0,0.0,0.0,0.009,612385.436842
1782923,IT,NO,AIRTR,CRUDE,0.13,116346.921,4,4,116346.917,0.0,0.0,0.0,0.004,894976.315385
1772540,IT,CH,RUBBE,PREC1,0.39,116346.05,4,4,116346.039,0.0,0.0,0.0,0.011,298323.205128
1717176,IT,NL,AIRTR,COMPU,0.13,116325.009,4,4,116325.005,0.0,0.0,0.0,0.004,894807.761538
1733658,IT,SI,HOTEL,POSTT,0.84,116322.474,4,4,116322.465,0.0,0.0,0.0,0.009,138479.135714
1719723,IT,PL,NONME,RETA1,0.24,116322.116,4,4,116322.103,0.0,0.0,0.0,0.013,484675.483333
1766524,IT,RU,COPP1,MOTOR,0.29,116320.147,4,4,116320.141,0.0,0.0,0.0,0.006,401103.955172
1655682,IT,DE,CHEMI,FABRI,0.28,116319.498,5,5,116313.487,0.0,0.0,6.0,0.011,415426.778571
1730657,IT,SE,RENTI,POSTT,0.7,116319.455,4,4,116319.448,0.0,0.0,0.0,0.007,166170.65
1741251,IT,US,WOODW,MEMBE,0.33,116315.863,5,5,116314.855,0.0,1.0,0.0,0.008,352472.312121
1738208,IT,GB,CERAM,RESEA,0.18,116312.106,5,5,116311.1,0.0,0.0,1.0,0.006,646178.366667
1673148,IT,FR,BEVER,LEATH,0.49,116305.494,4,4,116305.487,0.0,0.0,0.0,0.007,237358.15102
1663026,IT,DK,HOTEL,TRANS,0.84,116303.05,4,4,116303.041,0.0,0.0,0.0,0.009,138456.011905
1795798,IT,WL,MACHI,LEAD1,0.65,116296.538,4,4,116296.528,0.0,0.0,0.0,0.01,178917.750769
1804226,IT,WF,PRINT,RESEA,1.12,116296.058,4,4,116296.049,0.0,0.0,0.0,0.009,103835.766071
1732340,IT,SI,NAPHT,LANDT,0.2,116295.728,4,4,116295.72,0.0,0.0,0.0,0.008,581478.64
1744398,IT,US,INSUR,PUBLI,2.4,116293.957,4,4,116293.952,0.0,0.0,0.0,0.005,48455.815417
1761401,IT,IN,NONME,MACHI,0.23,116284.263,4,4,116284.25,0.0,0.0,0.0,0.013,505583.752174
1665081,IT,ES,VEGE1,MEATC,0.36,116267.897,5,5,116266.872,0.0,1.0,0.0,0.025,322966.380556
1735477,IT,SK,BASIC,RENTI,0.13,116259.521,4,4,116259.514,0.0,0.0,0.0,0.007,894304.007692
1743934,IT,US,SEACO,PAPE3,0.12,116247.97,4,4,116247.968,0.0,0.0,0.0,0.002,968733.083333
1710286,IT,LT,TRANS,WOODW,0.69,116241.524,4,4,116241.518,0.0,0.0,0.0,0.006,168465.976812
1719466,IT,PL,RUBBE,FOOD2,0.39,116241.507,4,4,116241.496,0.0,0.0,0.0,0.011,298055.146154
1665222,IT,ES,FOOD5,RETA1,0.56,116241.28,5,5,116240.27,0.0,1.0,0.0,0.01,207573.714286
1688502,IT,IE,WOODW,PIGS9,0.33,116239.446,5,5,116238.438,0.0,1.0,0.0,0.008,352240.745455
1813983,IT,WM,SEACO,PRINT,0.12,116236.59,4,4,116236.588,0.0,0.0,0.0,0.002,968638.25
1718987,IT,PL,COKEO,ELEC1,0.01,116233.953,3,3,116233.953,0.0,0.0,0.0,0.0,11623395.3
1656232,IT,DE,TEXTI,RECRE,0.69,116232.804,4,4,116232.789,0.0,0.0,0.0,0.015,168453.33913
1755058,IT,KR,WEARI,WHOLE,0.88,116232.033,4,4,116232.011,0.0,0.0,0.0,0.022,132081.855682
1741578,IT,US,GASDI,FABRI,0.17,116224.52,4,4,116224.511,0.0,0.0,0.0,0.009,683673.647059
1733212,IT,SI,MACHI,CEMEN,0.65,116218.768,4,4,116218.758,0.0,0.0,0.0,0.01,178798.104615
1793615,IT,WL,VEGE1,EDUCA,0.36,116217.207,5,5,116216.182,0.0,1.0,0.0,0.025,322825.575
1686525,IT,HU,ALUM1,NATUR,0.2,116216.145,4,4,116216.136,0.0,0.0,0.0,0.009,581080.725
1757125,IT,BR,VEGET,RETA1,0.41,116214.696,4,4,116214.691,0.0,0.0,0.0,0.005,283450.478049
1752780,IT,CA,WOODW,WHOLE,0.33,116213.436,5,5,116212.428,0.0,1.0,0.0,0.008,352161.927273
1651724,IT,CY,MACHI,MEAT1,0.65,116213.022,4,4,116213.012,0.0,0.0,0.0,0.01,178789.264615
1749066,IT,CN,LEATH,REALE,0.83,116207.098,5,5,116206.078,0.0,1.0,0.0,0.02,140008.551807
1682576,IT,HR,MOTOR,HEALT,0.17,116193.094,4,4,116193.085,0.0,0.0,0.0,0.009,683488.788235
1676772,IT,FR,LANDT,LEATH,0.75,116186.914,4,4,116186.909,0.0,0.0,0.0,0.005,154915.885333
1689315,IT,IE,RETA1,MEATC,1.21,116176.403,4,4,116176.395,0.0,0.0,0.0,0.008,96013.556198
1781339,IT,NO,DAIRY,FISHF,0.47,116175.082,5,5,116174.074,0.0,1.0,0.0,0.008,247181.025532
1658586,IT,DE,MACHI,BRICK,0.65,116170.614,4,4,116170.604,0.0,0.0,0.0,0.01,178724.021538
1689460,IT,IE,HOTEL,RETA1,0.84,116162.292,4,4,116162.283,0.0,0.0,0.0,0.009,138288.442857
1747579,IT,JP,AIRTR,FOUND,0.13,116160.902,4,4,116160.898,0.0,0.0,0.0,0.004,893545.4
1749390,IT,CN,MOTOR,GASDI,0.17,116148.575,4,4,116148.566,0.0,0.0,0.0,0.009,683226.911765
1672418,IT,FI,BUSIN,SEACO,1.19,116146.414,4,4,116146.406,0.0,0.0,0.0,0.008,97602.028571
1800773,IT,WE,NONME,93197,0.23,116140.559,4,4,116140.546,0.0,0.0,0.0,0.013,504958.952174
1688078,IT,HU,COMPU,COMPU,1.33,116132.72,4,4,116132.713,0.0,0.0,0.0,0.007,87317.834586
1813193,IT,WM,MOTO1,AUXIL,0.62,116106.02,4,4,116106.012,0.0,0.0,0.0,0.008,187267.774194
1782312,IT,NO,NONF1,GLASS,0.03,116099.502,3,3,116099.502,0.0,0.0,0.0,0.0,3869983.4
1711751,IT,LU,BUSIN,HEALT,1.19,116095.074,4,4,116095.066,0.0,0.0,0.0,0.008,97558.885714
1726333,IT,RO,ALUM1,PRINT,0.2,116092.878,4,4,116092.869,0.0,0.0,0.0,0.009,580464.39
1725366,IT,RO,TEXTI,MEATP,0.69,116091.85,4,4,116091.835,0.0,0.0,0.0,0.015,168249.057971
1654320,IT,CZ,ELEC2,RETA1,0.03,116073.821,4,4,116073.809,0.0,0.0,0.0,0.012,3869127.366667
1679512,IT,GR,CHEM1,RENTI,0.24,116071.156,4,4,116071.143,0.0,0.0,0.0,0.013,483629.816667
1762195,IT,IN,SEACO,PRINT,0.12,116060.382,4,4,116060.38,0.0,0.0,0.0,0.002,967169.85
1650251,IT,BG,ELEC1,BKBPE,0.02,116059.584,4,4,116059.577,0.0,0.0,0.0,0.007,5802979.2
1765887,IT,RU,PLAST,WOODW,0.24,116056.334,4,4,116056.322,0.0,0.0,0.0,0.012,483568.058333
1744208,IT,US,POSTT,PRINT,1.91,116053.539,4,4,116053.53,0.0,0.0,0.0,0.009,60761.015183
1656975,IT,DE,LIQUE,SALEM,0.2,116043.788,4,4,116043.779,0.0,0.0,0.0,0.009,580218.94
1779022,IT,TR,AIRTR,RADIO,0.13,116043.321,4,4,116043.317,0.0,0.0,0.0,0.004,892640.930769
1766760,IT,RU,MACHI,TEXTI,0.65,116042.051,4,4,116042.041,0.0,0.0,0.0,0.01,178526.232308
1771999,IT,CH,PAPER,MEMBE,0.45,116026.125,5,5,116025.114,0.0,1.0,0.0,0.011,257835.833333
1721495,IT,PL,SUPPO,FOOD5,0.83,116025.817,4,4,116025.811,0.0,0.0,0.0,0.006,139790.140964
1757196,IT,BR,MEAT4,LIQUI,0.64,116009.885,5,5,116008.877,0.0,1.0,0.0,0.008,181265.445312
1714039,IT,MT,HOTEL,CONST,0.84,115999.715,4,4,115999.706,0.0,0.0,0.0,0.009,138094.89881
1780310,IT,TW,TRAN2,TRAN2,0.18,115996.395,4,4,115996.392,0.0,0.0,0.0,0.003,644424.416667
1813008,IT,WM,MACHI,RETAI,0.65,115987.862,4,4,115987.852,0.0,0.0,0.0,0.01,178442.864615
1758292,IT,BR,ALUM1,RADIO,0.2,115984.274,4,4,115984.265,0.0,0.0,0.0,0.009,579921.37
1802966,IT,WF,WHEAT,TOBAC,0.09,115980.084,5,5,115979.081,0.0,1.0,0.0,0.003,1288667.6
1657864,IT,DE,BASIC,CATTL,0.13,115975.552,4,4,115975.545,0.0,0.0,0.0,0.007,892119.630769
1781431,IT,NO,FOOD5,WHOLE,0.56,115968.708,5,5,115967.698,0.0,1.0,0.0,0.01,207086.978571
1728246,IT,SE,FOOD5,RESEA,0.56,115964.379,5,5,115963.369,0.0,1.0,0.0,0.01,207079.248214
1656853,IT,DE,HEAVY,WOODW,0.19,115956.62,4,4,115956.611,0.0,0.0,0.0,0.009,610298.0
1781752,IT,NO,PAPER,REALE,0.45,115944.685,5,5,115943.674,0.0,1.0,0.0,0.011,257654.855556
1684045,IT,HR,HOTEL,PRINT,0.84,115938.78,4,4,115938.771,0.0,0.0,0.0,0.009,138022.357143
1646699,IT,BE,FURNI,FINAN,0.37,115928.526,4,4,115928.516,0.0,0.0,0.0,0.01,313320.340541
1796299,IT,WL,CONST,PUBLI,0.65,115926.187,4,4,115926.181,0.0,0.0,0.0,0.006,178347.98
1648201,IT,BE,BUSIN,ALUM1,1.19,115919.622,4,4,115919.614,0.0,0.0,0.0,0.008,97411.447059
1772978,IT,CH,PREC1,SUPPO,0.2,115913.69,4,4,115913.685,0.0,0.0,0.0,0.005,579568.45
1665779,IT,ES,PAPER,POSTT,0.45,115912.24,5,5,115911.229,0.0,1.0,0.0,0.011,257582.755556
1673292,IT,FR,TEXTI,POULT,0.69,115909.519,4,4,115909.504,0.0,0.0,0.0,0.015,167984.810145
1716689,IT,NL,WHOLE,TRANS,1.0,115892.815,4,4,115892.808,0.0,0.0,0.0,0.007,115892.815
1718518,IT,PL,TEXTI,REALE,0.69,115892.304,4,4,115892.289,0.0,0.0,0.0,0.015,167959.86087
1738178,IT,GB,CERAM,CRUDE,0.18,115887.105,5,5,115886.099,0.0,0.0,1.0,0.006,643817.25
1718795,IT,PL,PAPER,GASDI,0.45,115884.981,5,5,115883.97,0.0,1.0,0.0,0.011,257522.18
1727904,IT,SE,CEREA,HOTEL,0.19,115881.625,5,5,115880.618,0.0,1.0,0.0,0.007,609903.289474
1746981,IT,JP,MOTO1,EDUCA,0.62,115877.329,4,4,115877.321,0.0,0.0,0.0,0.008,186898.917742
1778246,IT,TR,FURNI,RECRE,0.37,115858.258,4,4,115858.248,0.0,0.0,0.0,0.01,313130.427027
1795409,IT,WL,BASIC,RADIO,0.13,115846.638,4,4,115846.631,0.0,0.0,0.0,0.007,891127.984615
1717059,IT,NL,LANDT,RETA1,0.75,115843.449,4,4,115843.444,0.0,0.0,0.0,0.005,154457.932
1744701,IT,US,COMPU,WHOLE,1.32,115839.314,4,4,115839.307,0.0,0.0,0.0,0.007,87757.056061
1812475,IT,WM,PREC1,RAILW,0.2,115836.952,4,4,115836.947,0.0,0.0,0.0,0.005,579184.76
1719130,IT,PL,PLAST,FOOD5,0.24,115836.39,4,4,115836.378,0.0,0.0,0.0,0.012,482651.625
1718145,IT,PL,VEGE1,RETA1,0.36,115830.138,5,5,115829.113,0.0,1.0,0.0,0.025,321750.383333
1789904,IT,WA,CEMEN,ANIMA,0.19,115822.021,5,5,115821.016,0.0,0.0,1.0,0.005,609589.584211
1804546,IT,WF,GASDI,RECRE,0.17,115817.219,4,4,115817.21,0.0,0.0,0.0,0.009,681277.758824
1668336,IT,ES,WHOLE,COMPU,1.0,115816.075,4,4,115816.068,0.0,0.0,0.0,0.007,115816.075
1662688,IT,DK,MACHI,RETA1,0.65,115805.156,4,4,115805.146,0.0,0.0,0.0,0.01,178161.778462
1674186,IT,FR,LIQUE,PRINT,0.2,115788.124,4,4,115788.115,0.0,0.0,0.0,0.009,578940.62
1811382,IT,WM,PLAST,OILSE,0.24,115785.797,4,4,115785.785,0.0,0.0,0.0,0.012,482440.820833
1656952,IT,DE,LIQUE,COPP1,0.2,115781.562,4,4,115781.553,0.0,0.0,0.0,0.009,578907.81
1720281,IT,PL,FABRI,PRINT,0.47,115758.277,4,4,115758.269,0.0,0.0,0.0,0.008,246294.206383
1675179,IT,FR,NONF1,NONME,0.03,115754.995,3,3,115754.995,0.0,0.0,0.0,0.0,3858499.833333
1765248,IT,RU,MEAT4,FISHF,0.64,115749.471,5,5,115748.463,0.0,1.0,0.0,0.008,180858.548438
1760839,IT,IN,MOTOR,WHOLE,0.17,115749.141,4,4,115749.132,0.0,0.0,0.0,0.009,680877.3
1659934,IT,DE,TRAN2,CONST,0.18,115748.66,4,4,115748.657,0.0,0.0,0.0,0.003,643048.111111
1743813,IT,US,LANDT,AIRTR,0.75,115740.238,4,4,115740.233,0.0,0.0,0.0,0.005,154320.317333
1729055,IT,SE,RUBBE,BASIC,0.38,115713.254,4,4,115713.244,0.0,0.0,0.0,0.01,304508.563158
1807739,IT,WF,PUBLI,LEADZ,1.9,115697.767,4,4,115697.759,0.0,0.0,0.0,0.008,60893.561579
1645986,IT,BE,CEMEN,REALE,0.19,115695.718,5,5,115694.713,0.0,0.0,1.0,0.005,608924.831579
1787615,IT,WA,MEAT4,ANIMA,0.64,115689.178,5,5,115688.17,0.0,1.0,0.0,0.008,180764.340625
1673858,IT,FR,PRINT,COMPU,1.11,115688.158,4,4,115688.149,0.0,0.0,0.0,0.009,104223.565766
1742853,IT,US,MACHI,COKIN,0.65,115664.79,4,4,115664.78,0.0,0.0,0.0,0.01,177945.830769
1814144,IT,WM,AIRTR,INLAN,0.13,115636.67,4,4,115636.666,0.0,0.0,0.0,0.004,889512.846154
1750462,IT,CN,MACHI,BEVER,0.65,115635.054,4,4,115635.044,0.0,0.0,0.0,0.01,177900.083077
1793728,IT,WL,BEVER,POULT,0.49,115630.92,4,4,115630.913,0.0,0.0,0.0,0.007,235981.469388
1711743,IT,LU,BUSIN,INSUR,1.19,115629.593,4,4,115629.585,0.0,0.0,0.0,0.008,97167.72521
1645191,IT,BE,PRINT,COMPU,1.11,115611.072,4,4,115611.063,0.0,0.0,0.0,0.009,104154.118919
1797177,IT,WL,POSTT,INSUR,1.9,115606.381,4,4,115606.372,0.0,0.0,0.0,0.009,60845.463684
1641863,IT,AT,BIODI,CEREA,0.24,115601.885,4,4,115601.872,0.0,0.0,0.0,0.013,481674.520833
1812436,IT,WM,PREC1,NAPHT,0.2,115599.326,4,4,115599.321,0.0,0.0,0.0,0.005,577996.63
1756708,IT,KR,SEACO,ELEC1,0.12,115585.142,4,4,115585.14,0.0,0.0,0.0,0.002,963209.516667
1657618,IT,DE,GLASS,RECRE,0.32,115580.448,4,4,115580.441,0.0,0.0,0.0,0.007,361188.9
1734489,IT,SK,MEATP,LANDT,0.47,115576.283,4,4,115576.271,0.0,0.0,0.0,0.012,245906.985106
1813250,IT,WM,TRANS,GASDI,0.69,115565.286,4,4,115565.28,0.0,0.0,0.0,0.006,167485.921739
1728809,IT,SE,NONSP,MOTOR,0.15,115559.358,4,4,115559.352,0.0,0.0,0.0,0.006,770395.72
1731732,IT,SI,PULP5,MACHI,0.35,115541.997,5,5,115540.986,0.0,1.0,0.0,0.011,330119.991429
1729517,IT,SE,LEAD1,NUCLE,0.2,115536.207,5,5,115535.197,0.0,0.0,1.0,0.01,577681.035
1737140,IT,GB,VEGE1,MEAT4,0.36,115529.053,5,5,115528.028,0.0,1.0,0.0,0.025,320914.036111
1670514,IT,FI,BEVER,SUPPO,0.49,115516.883,4,4,115516.876,0.0,0.0,0.0,0.007,235748.740816
1668931,IT,ES,AIRTR,LEATH,0.13,115508.481,4,4,115508.477,0.0,0.0,0.0,0.004,888526.776923
1673245,IT,FR,FISH5,CHEM1,0.49,115504.269,4,4,115504.21,0.0,0.0,0.0,0.059,235722.997959
1739608,IT,GB,SEACO,MOTO1,0.12,115499.03,4,4,115499.028,0.0,0.0,0.0,0.002,962491.916667
1743627,IT,US,HOTEL,ELEC2,0.84,115493.709,4,4,115493.7,0.0,0.0,0.0,0.009,137492.510714
1782086,IT,NO,GLASS,WHOLE,0.32,115491.035,4,4,115491.028,0.0,0.0,0.0,0.007,360909.484375
1729051,IT,SE,RUBBE,GLASS,0.38,115490.413,4,4,115490.403,0.0,0.0,0.0,0.01,303922.139474
1679657,IT,GR,GLASS,FURNI,0.32,115487.203,4,4,115487.196,0.0,0.0,0.0,0.007,360897.509375
1790294,IT,WA,ALUM1,MEAT1,0.2,115481.699,4,4,115481.69,0.0,0.0,0.0,0.009,577408.495
1725910,IT,RO,PARAF,ELEC3,0.18,115463.896,4,4,115463.888,0.0,0.0,0.0,0.008,641466.088889
1689473,IT,IE,HOTEL,REALE,0.84,115453.934,4,4,115453.925,0.0,0.0,0.0,0.009,137445.159524
1659407,IT,DE,WHOLE,GLASS,1.0,115451.834,4,4,115451.827,0.0,0.0,0.0,0.007,115451.834
1667165,IT,ES,BASIC,TRAN1,0.13,115448.965,4,4,115448.958,0.0,0.0,0.0,0.007,888068.961538
1733250,IT,SI,MACHI,SUPPO,0.64,115436.199,4,4,115436.19,0.0,0.0,0.0,0.009,180369.060937
1734415,IT,SK,VEGET,WHOLE,0.41,115432.779,4,4,115432.774,0.0,0.0,0.0,0.005,281543.363415
1788452,IT,WA,PULP5,KEROS,0.35,115432.597,5,5,115431.586,0.0,1.0,0.0,0.011,329807.42
1640223,IT,AT,FORES,NONME,1.01,115429.27,5,5,115385.267,0.0,44.0,0.0,0.003,114286.405941
1782367,IT,NO,FABRI,ALUM1,0.47,115425.492,4,4,115425.484,0.0,0.0,0.0,0.008,245586.153191
1814279,IT,WM,POSTT,LANDT,1.9,115410.247,4,4,115410.238,0.0,0.0,0.0,0.009,60742.235263
1719832,IT,PL,BASIC,TRAN1,0.13,115404.107,4,4,115404.1,0.0,0.0,0.0,0.007,887723.9
1664795,IT,ES,VEGET,VEGE1,0.41,115399.187,4,4,115399.182,0.0,0.0,0.0,0.005,281461.431707
1784240,IT,ID,CHEM1,POULT,0.24,115397.195,4,4,115397.182,0.0,0.0,0.0,0.013,480821.645833
1688612,IT,IE,NONSP,CHEM1,0.15,115390.565,4,4,115390.559,0.0,0.0,0.0,0.006,769270.433333
1799650,IT,WE,MOTOR,BITU1,0.17,115382.133,4,4,115382.124,0.0,0.0,0.0,0.009,678718.429412
1676201,IT,FR,CONST,SALEM,0.65,115381.818,4,4,115381.812,0.0,0.0,0.0,0.006,177510.489231
1661799,IT,DK,WOODW,PULP5,0.32,115377.579,5,5,115376.571,0.0,1.0,0.0,0.008,360554.934375
1755851,IT,KR,NONME,OILSE,0.23,115375.923,4,4,115375.91,0.0,0.0,0.0,0.013,501634.447826
1715803,IT,NL,RUBBE,MEAT1,0.38,115371.083,4,4,115371.073,0.0,0.0,0.0,0.01,303608.113158
1688954,IT,IE,FABRI,BUSIN,0.47,115363.24,4,4,115363.232,0.0,0.0,0.0,0.008,245453.702128
1676784,IT,FR,LANDT,LIQUE,0.74,115362.932,4,4,115362.927,0.0,0.0,0.0,0.005,155895.854054
1674134,IT,FR,HEAVY,GLASS,0.19,115353.551,4,4,115353.542,0.0,0.0,0.0,0.009,607123.952632
1811664,IT,WM,CHEM1,COKE1,0.24,115349.19,4,4,115349.177,0.0,0.0,0.0,0.013,480621.625
1671403,IT,FI,FABRI,PAPER,0.47,115340.691,4,4,115340.683,0.0,0.0,0.0,0.008,245405.725532
1648988,IT,BG,LEATH,RAILW,0.83,115339.188,5,5,115338.168,0.0,1.0,0.0,0.02,138962.877108
1800342,IT,WE,CHEM1,MEAT1,0.24,115332.047,4,4,115332.034,0.0,0.0,0.0,0.013,480550.195833
1650254,IT,BG,ELEC1,LEADZ,0.02,115331.915,4,4,115331.908,0.0,0.0,0.0,0.007,5766595.75
1657777,IT,DE,NONME,BEVER,0.23,115328.771,4,4,115328.758,0.0,0.0,0.0,0.013,501429.43913
1674750,IT,FR,CERAM,RADIO,0.18,115320.691,5,5,115319.685,0.0,0.0,1.0,0.006,640670.505556
1812295,IT,WM,BASIC,MEATP,0.13,115316.414,4,4,115316.407,0.0,0.0,0.0,0.007,887049.338462
1752928,IT,CA,PLAST,WOODW,0.24,115314.419,4,4,115314.407,0.0,0.0,0.0,0.012,480476.745833
1761780,IT,IN,MACHI,ELEC4,0.64,115304.335,4,4,115304.326,0.0,0.0,0.0,0.009,180163.023438
1642354,IT,AT,BASIC,BLAST,0.13,115302.884,4,4,115302.877,0.0,0.0,0.0,0.007,886945.261538
1785154,IT,ZA,FOOD5,MEATA,0.55,115301.042,5,5,115300.032,0.0,1.0,0.0,0.01,209638.258182
1755495,IT,KR,PFERT,PFERT,0.05,115301.034,4,4,115301.016,0.0,0.0,0.0,0.018,2306020.68
1681430,IT,GR,RENTI,LANDT,0.69,115294.129,4,4,115294.123,0.0,0.0,0.0,0.006,167092.94058
1658966,IT,DE,ELEC1,MOTOR,0.02,115290.407,4,4,115290.4,0.0,0.0,0.0,0.007,5764520.35
1669195,IT,ES,POSTT,DISTR,1.9,115279.12,4,4,115279.111,0.0,0.0,0.0,0.009,60673.221053
1782123,IT,NO,CERAM,REALE,0.18,115275.634,5,5,115274.628,0.0,0.0,1.0,0.006,640420.188889
1719326,IT,PL,CHEM1,FOOD2,0.24,115266.839,4,4,115266.826,0.0,0.0,0.0,0.013,480278.495833
1662552,IT,DK,FABRI,DAIRY,0.47,115240.268,4,4,115240.26,0.0,0.0,0.0,0.008,245192.059574
1640620,IT,AT,BEVER,LIQUE,0.49,115239.324,4,4,115239.317,0.0,0.0,0.0,0.007,235182.293878
1719850,IT,PL,BASIC,POSTT,0.13,115238.258,4,4,115238.251,0.0,0.0,0.0,0.007,886448.138462
1649672,IT,BG,CERAM,SUPPO,0.18,115233.05,5,5,115232.044,0.0,0.0,1.0,0.006,640183.611111
1754677,IT,KR,MEAT4,ALUM1,0.63,115229.49,4,4,115229.482,0.0,0.0,0.0,0.008,182903.952381
1721642,IT,PL,POSTT,BUSIN,1.9,115220.756,4,4,115220.747,0.0,0.0,0.0,0.009,60642.503158
1795186,IT,WL,RUBBE,PRIVA,0.38,115211.426,4,4,115211.416,0.0,0.0,0.0,0.01,303187.963158
1726208,IT,RO,CEMEN,BASIC,0.18,115202.783,5,5,115201.778,0.0,0.0,1.0,0.005,640015.461111
1775616,IT,CH,RECRE,PUBLI,1.46,115199.414,4,4,115199.406,0.0,0.0,0.0,0.008,78903.708219
1794087,IT,WL,PAPER,PLAST,0.45,115196.684,5,5,115195.673,0.0,1.0,0.0,0.011,255992.631111
1798825,IT,WE,FOOD5,CONST,0.55,115189.824,5,5,115188.814,0.0,1.0,0.0,0.01,209436.043636
1796198,IT,WL,FURNI,NONME,0.37,115183.562,4,4,115183.552,0.0,0.0,0.0,0.01,311306.924324
1653234,IT,CZ,RUBBE,PLAST,0.38,115168.354,4,4,115168.344,0.0,0.0,0.0,0.01,303074.615789
1688270,IT,IE,MEATA,MEAT4,0.63,115159.927,5,5,115158.909,0.0,1.0,0.0,0.018,182793.534921
1773991,IT,CH,SALEM,RECRE,0.93,115158.518,4,4,115158.511,0.0,0.0,0.0,0.007,123826.363441
1771072,IT,CH,NATUR,RUBBE,0.16,115146.483,4,4,115146.475,0.0,0.0,0.0,0.008,719665.51875
1803390,IT,WF,CHEMI,DIST1,0.27,115143.9,5,5,115137.889,0.0,0.0,6.0,0.011,426458.888889
1709368,IT,LT,FOOD5,MEAT1,0.55,115133.403,5,5,115132.393,0.0,1.0,0.0,0.01,209333.46
1724873,IT,PT,BUSIN,RUBBE,1.18,115130.895,4,4,115130.887,0.0,0.0,0.0,0.008,97568.555085
1718930,IT,PL,PRINT,MACHI,1.1,115126.369,4,4,115126.36,0.0,0.0,0.0,0.009,104660.335455
1791588,IT,WA,RETA1,HEALT,1.2,115125.867,4,4,115125.859,0.0,0.0,0.0,0.008,95938.2225
1749909,IT,CN,GLASS,FOOD5,0.32,115124.34,4,4,115124.333,0.0,0.0,0.0,0.007,359763.5625
1713675,IT,MT,NONF1,FURNI,0.03,115117.681,3,3,115117.681,0.0,0.0,0.0,0.0,3837256.033333
1656283,IT,DE,LEATH,RAWMI,0.82,115113.492,5,5,115112.472,0.0,1.0,0.0,0.02,140382.307317
1754134,IT,CA,AIRTR,RENTI,0.13,115107.758,4,4,115107.754,0.0,0.0,0.0,0.004,885444.292308
1647461,IT,BE,AIRTR,OILHA,0.13,115097.75,4,4,115097.746,0.0,0.0,0.0,0.004,885367.307692
1716260,IT,NL,COPP1,WHOLE,0.29,115094.341,4,4,115094.335,0.0,0.0,0.0,0.006,396877.037931
1662591,IT,DK,FABRI,SALEM,0.47,115093.816,4,4,115093.808,0.0,0.0,0.0,0.008,244880.459574
1809379,IT,WM,CHEMI,RAWMI,0.27,115080.914,5,5,115074.903,0.0,0.0,6.0,0.011,426225.607407
1768775,IT,AU,WEARI,BUSIN,0.87,115079.997,4,4,115079.975,0.0,0.0,0.0,0.022,132275.858621
1800696,IT,WE,CEMEN,ANIMA,0.18,115077.543,5,5,115076.538,0.0,0.0,1.0,0.005,639319.683333
1677808,IT,FR,COMPU,RESEA,1.31,115075.503,4,4,115075.496,0.0,0.0,0.0,0.007,87843.89542
1755979,IT,KR,ALUM1,OFFIC,0.2,115073.98,4,4,115073.971,0.0,0.0,0.0,0.009,575369.9
1800775,IT,WE,BASIC,VEGET,0.13,115073.394,4,4,115073.387,0.0,0.0,0.0,0.007,885179.953846
1789216,IT,WA,PLAST,FOUND,0.24,115070.479,4,4,115070.467,0.0,0.0,0.0,0.012,479460.329167
1758608,IT,BR,MOTO1,PUBLI,0.61,115069.654,4,4,115069.647,0.0,0.0,0.0,0.007,188638.777049
1806045,IT,WF,COPP1,POSTT,0.29,115066.835,4,4,115066.829,0.0,0.0,0.0,0.006,396782.189655
1724828,IT,PT,BUSIN,VEGET,1.18,115064.351,4,4,115064.343,0.0,0.0,0.0,0.008,97512.161864
1733245,IT,SI,MACHI,RAILW,0.64,115060.66,4,4,115060.651,0.0,0.0,0.0,0.009,179782.28125
1715758,IT,NL,BIODI,MEATP,0.24,115055.616,4,4,115055.604,0.0,0.0,0.0,0.012,479398.4
1724347,IT,PT,SEACO,PAPER,0.12,115051.147,4,4,115051.145,0.0,0.0,0.0,0.002,958759.558333
1674837,IT,FR,NONME,FOOD5,0.23,115047.7,4,4,115047.687,0.0,0.0,0.0,0.013,500207.391304
1741855,IT,US,CHEM1,PIGS9,0.24,115036.79,4,4,115036.777,0.0,0.0,0.0,0.013,479319.958333
1725489,IT,RO,WEARI,LANDT,0.87,115026.213,4,4,115026.191,0.0,0.0,0.0,0.022,132214.037931
1658947,IT,DE,FURNI,HEALT,0.37,115026.049,4,4,115026.039,0.0,0.0,0.0,0.01,310881.213514
1776323,IT,TR,PAPER,MOTO1,0.45,115020.205,5,5,115019.194,0.0,1.0,0.0,0.011,255600.455556
1771680,IT,CH,WEARI,AIRTR,0.87,115019.337,4,4,115019.315,0.0,0.0,0.0,0.022,132206.134483
1742824,IT,US,FABRI,FOOD3,0.47,115018.219,4,4,115018.211,0.0,0.0,0.0,0.008,244719.614894
1659965,IT,DE,SEACO,LIQUE,0.12,115017.587,4,4,115017.585,0.0,0.0,0.0,0.002,958479.891667
1788759,IT,WA,MOTOR,REALE,0.17,115006.474,4,4,115006.465,0.0,0.0,0.0,0.009,676508.670588
1731930,IT,SI,MOTOR,MOTO1,0.17,115003.692,4,4,115003.683,0.0,0.0,0.0,0.009,676492.305882
1808206,IT,WF,OILHA,EDUCA,0.66,115002.374,4,4,115002.368,0.0,0.0,0.0,0.006,174246.021212
1776772,IT,TR,LIQUE,BUSIN,0.2,115001.918,4,4,115001.909,0.0,0.0,0.0,0.009,575009.59
1673495,IT,FR,LEATH,POULT,0.82,114989.516,5,5,114988.496,0.0,1.0,0.0,0.02,140231.117073
1765778,IT,RU,MOTOR,NATUR,0.17,114986.491,4,4,114986.482,0.0,0.0,0.0,0.009,676391.123529
1763305,IT,MX,PAPER,MACHI,0.45,114983.342,5,5,114982.331,0.0,1.0,0.0,0.011,255518.537778
1716535,IT,NL,MOTO1,RESEA,0.61,114981.928,4,4,114981.921,0.0,0.0,0.0,0.007,188494.963934
1779780,IT,TR,BUSIN,SALEM,1.18,114980.912,4,4,114980.904,0.0,0.0,0.0,0.008,97441.450847
1686123,IT,HU,RUBBE,RAILW,0.38,114976.233,4,4,114976.223,0.0,0.0,0.0,0.01,302569.034211
1754516,IT,CA,BUSIN,FABRI,1.18,114976.038,4,4,114976.03,0.0,0.0,0.0,0.008,97437.320339
1674396,IT,FR,CHEM1,LANDT,0.24,114970.064,4,4,114970.051,0.0,0.0,0.0,0.013,479041.933333
1786178,IT,ZA,PREC1,FOUND,0.2,114966.336,4,4,114966.331,0.0,0.0,0.0,0.005,574831.68
1674597,IT,FR,RUBBE,INLAN,0.38,114951.261,4,4,114951.251,0.0,0.0,0.0,0.01,302503.318421
1714119,IT,MT,SEACO,REALE,0.12,114949.341,4,4,114949.339,0.0,0.0,0.0,0.002,957911.175
1758162,IT,BR,NONME,BRICK,0.23,114948.568,4,4,114948.555,0.0,0.0,0.0,0.013,499776.382609
1648167,IT,BE,BUSIN,WOODW,1.18,114947.914,4,4,114947.906,0.0,0.0,0.0,0.008,97413.486441
1652767,IT,CZ,PAPER,COMPU,0.45,114946.708,5,5,114945.697,0.0,1.0,0.0,0.011,255437.128889
1790671,IT,WA,FABRI,NONF1,0.47,114940.884,4,4,114940.876,0.0,0.0,0.0,0.008,244555.07234
1757042,IT,KR,BUSIN,RUBBE,1.18,114940.494,4,4,114940.486,0.0,0.0,0.0,0.008,97407.198305
1756767,IT,KR,AIRTR,ELECT,0.13,114940.341,4,4,114940.337,0.0,0.0,0.0,0.004,884156.469231
1663834,IT,EE,TEXTI,PULP5,0.68,114929.621,4,4,114929.606,0.0,0.0,0.0,0.015,169014.148529
1741666,IT,US,HEAVY,CERAM,0.19,114928.555,4,4,114928.546,0.0,0.0,0.0,0.009,604887.131579
1732286,IT,SI,NAPHT,STONE,0.2,114921.733,4,4,114921.725,0.0,0.0,0.0,0.008,574608.665
1709578,IT,LT,PAPER,MEATP,0.45,114910.44,5,5,114909.429,0.0,1.0,0.0,0.011,255356.533333
1719280,IT,PL,CHEM1,OFFIC,0.24,114905.876,4,4,114905.863,0.0,0.0,0.0,0.013,478774.483333
1674636,IT,FR,GLASS,SUGAR,0.32,114900.327,4,4,114900.32,0.0,0.0,0.0,0.007,359063.521875
1794531,IT,WL,HEAVY,RAWMI,0.19,114899.33,4,4,114899.321,0.0,0.0,0.0,0.009,604733.315789
1786278,IT,ZA,FABRI,PFERT,0.47,114892.468,4,4,114892.46,0.0,0.0,0.0,0.008,244452.059574
1665496,IT,ES,WEARI,TRANS,0.87,114889.67,4,4,114889.648,0.0,0.0,0.0,0.022,132057.091954
1672562,IT,FR,OILSE,MEAT4,0.08,114887.582,5,5,114886.577,0.0,1.0,0.0,0.005,1436094.775
1754517,IT,CA,BUSIN,MACHI,1.18,114887.37,4,4,114887.362,0.0,0.0,0.0,0.008,97362.177966
1679305,IT,GR,HEAVY,HOTEL,0.19,114884.654,4,4,114884.645,0.0,0.0,0.0,0.009,604656.073684
1656974,IT,DE,LIQUE,CONST,0.2,114881.497,4,4,114881.488,0.0,0.0,0.0,0.009,574407.485
1709610,IT,LT,PAPER,WHOLE,0.45,114879.306,5,5,114878.295,0.0,1.0,0.0,0.011,255287.346667
1803942,IT,WF,WEARI,REALE,0.87,114877.223,4,4,114877.201,0.0,0.0,0.0,0.022,132042.785057
1646151,IT,BE,PREC1,RESEA,0.2,114873.118,4,4,114873.113,0.0,0.0,0.0,0.005,574365.59
1803840,IT,WF,TEXTI,ELEC2,0.68,114864.233,4,4,114864.218,0.0,0.0,0.0,0.015,168917.989706
1672651,IT,FR,CRUDE,BIOGA,0.23,114863.903,4,4,114863.893,0.0,0.0,0.0,0.01,499408.273913
1657880,IT,DE,BASIC,CHEMI,0.13,114822.236,4,4,114822.229,0.0,0.0,0.0,0.007,883247.969231
1650382,IT,BG,ELEC2,RECRE,0.03,114817.699,4,4,114817.687,0.0,0.0,0.0,0.012,3827256.633333
1728119,IT,SE,VEGE1,WHOLE,0.35,114800.952,5,5,114799.927,0.0,1.0,0.0,0.025,328002.72
1657257,IT,DE,CHEM1,ELEC1,0.24,114800.705,4,4,114800.692,0.0,0.0,0.0,0.013,478336.270833
1767557,IT,RU,AIRTR,WHOLE,0.12,114790.243,4,4,114790.239,0.0,0.0,0.0,0.004,956585.358333
1761374,IT,IN,CEMEN,CERAM,0.18,114784.965,5,5,114783.96,0.0,0.0,1.0,0.005,637694.25
1809257,IT,WM,CRUDE,BASIC,0.23,114780.568,4,4,114780.558,0.0,0.0,0.0,0.01,499045.947826
1766576,IT,RU,COPP1,RESEA,0.29,114775.024,4,4,114775.018,0.0,0.0,0.0,0.006,395775.944828
1803856,IT,WF,TEXTI,TRAN2,0.68,114772.478,4,4,114772.463,0.0,0.0,0.0,0.015,168783.055882
1761886,IT,IN,TRANS,SUPPO,0.68,114764.692,4,4,114764.686,0.0,0.0,0.0,0.006,168771.605882
1794238,IT,WL,PRINT,RECRE,1.1,114758.615,4,4,114758.606,0.0,0.0,0.0,0.009,104326.013636
1810682,IT,WM,MOTOR,PRINT,0.17,114751.991,4,4,114751.982,0.0,0.0,0.0,0.009,675011.711765
1665267,IT,ES,BEVER,GASDI,0.49,114744.81,4,4,114744.803,0.0,0.0,0.0,0.007,234173.081633
1720161,IT,PL,COPP1,PLAST,0.29,114742.69,4,4,114742.684,0.0,0.0,0.0,0.006,395664.448276
1767084,IT,RU,FURNI,FOUND,0.37,114736.041,4,4,114736.031,0.0,0.0,0.0,0.01,310097.408108
1793741,IT,WL,BEVER,CHEM1,0.49,114730.309,4,4,114730.302,0.0,0.0,0.0,0.007,234143.487755
1641890,IT,AT,BIODI,CEMEN,0.24,114725.413,4,4,114725.401,0.0,0.0,0.0,0.012,478022.554167
1790950,IT,WA,MOTO1,VEGET,0.61,114714.825,4,4,114714.818,0.0,0.0,0.0,0.007,188057.090164
1775608,IT,CH,RECRE,FINAN,1.46,114712.337,4,4,114712.329,0.0,0.0,0.0,0.008,78570.093836
1649079,IT,BG,PAPER,WEARI,0.44,114710.984,5,5,114709.973,0.0,1.0,0.0,0.011,260706.781818
1771545,IT,CH,TEXTI,GASDI,0.68,114700.773,4,4,114700.758,0.0,0.0,0.0,0.015,168677.607353
1643713,IT,AT,SUPPO,BASIC,0.82,114692.98,4,4,114692.974,0.0,0.0,0.0,0.006,139869.487805
1747445,IT,JP,SEACO,MEATC,0.12,114680.92,4,4,114680.918,0.0,0.0,0.0,0.002,955674.333333
1762258,IT,IN,AIRTR,NFERT,0.12,114678.225,4,4,114678.221,0.0,0.0,0.0,0.004,955651.875
1648168,IT,BE,BUSIN,PULP5,1.18,114648.264,4,4,114648.256,0.0,0.0,0.0,0.008,97159.545763
1655654,IT,DE,CHEMI,BEVER,0.27,114637.807,5,5,114631.796,0.0,0.0,6.0,0.011,424584.47037
1782899,IT,NO,SEACO,TRANS,0.12,114635.055,4,4,114635.053,0.0,0.0,0.0,0.002,955292.125
1732991,IT,SI,ALUM1,93197,0.2,114634.575,4,4,114634.566,0.0,0.0,0.0,0.009,573172.875
1732281,IT,SI,LIQUE,HEALT,0.2,114627.379,4,4,114627.37,0.0,0.0,0.0,0.009,573136.895
1755155,IT,KR,LEATH,DIST1,0.82,114623.796,5,5,114622.776,0.0,1.0,0.0,0.02,139785.117073
1771104,IT,CH,STONE,CONST,0.37,114606.496,5,5,114600.491,0.0,0.0,6.0,0.005,309747.286486
1800551,IT,WE,RUBBE,AIRTR,0.38,114600.717,4,4,114600.707,0.0,0.0,0.0,0.01,301580.834211
1758170,IT,BR,NONME,MOTO1,0.23,114596.486,4,4,114596.473,0.0,0.0,0.0,0.013,498245.591304
1714093,IT,MT,SEACO,RUBBE,0.12,114588.395,4,4,114588.393,0.0,0.0,0.0,0.002,954903.291667
1753492,IT,CA,FABRI,EDUCA,0.47,114582.95,4,4,114582.942,0.0,0.0,0.0,0.008,243793.510638
1679953,IT,GR,FABRI,CEMEN,0.47,114582.563,4,4,114582.555,0.0,0.0,0.0,0.008,243792.687234
1803307,IT,WF,NATUR,ELEC2,0.16,114582.545,4,4,114582.537,0.0,0.0,0.0,0.008,716140.90625
1728244,IT,SE,FOOD5,RENTI,0.55,114581.361,5,5,114580.351,0.0,1.0,0.0,0.01,208329.747273
1735782,IT,SK,MACHI,WOODW,0.64,114580.529,4,4,114580.52,0.0,0.0,0.0,0.009,179032.076562
1729131,IT,SE,GLASS,FOOD5,0.31,114577.83,4,4,114577.823,0.0,0.0,0.0,0.007,369605.903226
1770293,IT,AU,HOTEL,ELEC9,0.83,114573.6,4,4,114573.591,0.0,0.0,0.0,0.009,138040.481928
1775260,IT,CH,BUSIN,TEXTI,1.18,114571.604,4,4,114571.596,0.0,0.0,0.0,0.008,97094.579661
1647893,IT,BE,REALE,NONSP,4.84,114557.241,4,4,114557.233,0.0,0.0,0.0,0.008,23668.851446
1658760,IT,DE,MOTO1,WHEAT,0.61,114538.395,4,4,114538.388,0.0,0.0,0.0,0.007,187767.860656
1800632,IT,WE,GLASS,EDUCA,0.31,114524.952,4,4,114524.945,0.0,0.0,0.0,0.007,369435.329032
1715564,IT,NL,HEAVY,REFIN,0.18,114522.653,4,4,114522.644,0.0,0.0,0.0,0.009,636236.961111
1662786,IT,DK,TRANS,OFFIC,0.68,114517.983,4,4,114517.977,0.0,0.0,0.0,0.006,168408.798529
1796470,IT,WL,RETA1,CRUDE,1.2,114509.724,4,4,114509.717,0.0,0.0,0.0,0.007,95424.77
1668895,IT,ES,SEACO,MEDIC,0.12,114509.199,4,4,114509.197,0.0,0.0,0.0,0.002,954243.325
1795091,IT,WL,RUBBE,NATUR,0.38,114508.08,4,4,114508.07,0.0,0.0,0.0,0.01,301337.052632
1725032,IT,RO,CEREA,RAWMI,0.19,114502.099,5,5,114501.093,0.0,1.0,0.0,0.006,602642.626316
1664409,IT,EE,MACHI,CEMEN,0.64,114501.043,4,4,114501.034,0.0,0.0,0.0,0.009,178907.879688
1748676,IT,CN,FOOD5,ANIMA,0.55,114498.815,5,5,114497.805,0.0,1.0,0.0,0.01,208179.663636
1757462,IT,BR,PAPER,CERAM,0.44,114496.934,5,5,114495.923,0.0,1.0,0.0,0.011,260220.304545
1729656,IT,SE,FABRI,ELECT,0.47,114493.501,4,4,114493.493,0.0,0.0,0.0,0.008,243603.193617
1655539,IT,DE,STONE,NONME,0.37,114474.848,5,5,114468.843,0.0,0.0,6.0,0.005,309391.481081
1804726,IT,WF,LIQUE,AUXIL,0.2,114468.94,4,4,114468.931,0.0,0.0,0.0,0.009,572344.7
1683355,IT,HR,NONME,SUPPO,0.23,114467.23,4,4,114467.217,0.0,0.0,0.0,0.013,497683.608696
1674166,IT,FR,LIQUE,OILSE,0.2,114464.513,4,4,114464.504,0.0,0.0,0.0,0.009,572322.565
1678899,IT,GR,TEXTI,BEVER,0.68,114451.727,4,4,114451.712,0.0,0.0,0.0,0.015,168311.363235
1814024,IT,WM,SEACO,RETAI,0.12,114450.675,4,4,114450.673,0.0,0.0,0.0,0.002,953755.625
1786394,IT,ZA,MACHI,ELEC3,0.64,114438.786,4,4,114438.777,0.0,0.0,0.0,0.009,178810.603125
1640639,IT,AT,BEVER,DIST1,0.49,114429.774,4,4,114429.767,0.0,0.0,0.0,0.007,233530.15102
1679829,IT,GR,ALUM1,RUBBE,0.2,114427.461,4,4,114427.452,0.0,0.0,0.0,0.009,572137.305
1742960,IT,US,MACHI,FINAN,0.64,114425.291,4,4,114425.282,0.0,0.0,0.0,0.009,178789.517188
1806060,IT,WF,NONF1,NICKE,0.03,114417.019,3,3,114417.019,0.0,0.0,0.0,0.0,3813900.633333
1796201,IT,WL,FURNI,ALUM1,0.37,114410.017,4,4,114410.007,0.0,0.0,0.0,0.01,309216.262162
1789269,IT,WA,PLAST,INERT,0.24,114406.744,4,4,114406.732,0.0,0.0,0.0,0.012,476694.766667
1738218,IT,GB,BRICK,CERAM,0.17,114401.445,5,5,114400.438,0.0,0.0,1.0,0.007,672949.676471
1667147,IT,ES,BASIC,LEAD1,0.13,114398.594,4,4,114398.587,0.0,0.0,0.0,0.007,879989.184615
1751335,IT,CN,LANDT,MOTO1,0.74,114395.04,4,4,114395.035,0.0,0.0,0.0,0.005,154587.891892
1783961,IT,ID,MEAT4,HOTEL,0.63,114393.796,4,4,114393.788,0.0,0.0,0.0,0.008,181577.453968
1675250,IT,FR,FABRI,GLASS,0.47,114384.844,4,4,114384.836,0.0,0.0,0.0,0.008,243372.008511
1812814,IT,WM,FABRI,LEATH,0.47,114381.474,4,4,114381.466,0.0,0.0,0.0,0.008,243364.838298
1772252,IT,CH,HEAVY,RETA1,0.18,114368.399,4,4,114368.39,0.0,0.0,0.0,0.009,635379.994444
1653841,IT,CZ,FABRI,FOOD5,0.47,114362.773,4,4,114362.765,0.0,0.0,0.0,0.008,243325.048936
1785603,IT,ZA,GASDI,HOTEL,0.17,114359.581,4,4,114359.572,0.0,0.0,0.0,0.009,672703.417647
1671224,IT,FI,BASIC,PRECI,0.13,114358.067,4,4,114358.06,0.0,0.0,0.0,0.007,879677.438462
1674992,IT,FR,PREC1,ADDIT,0.19,114357.207,4,4,114357.202,0.0,0.0,0.0,0.005,601880.036842
1742306,IT,US,CEMEN,NONME,0.18,114353.728,5,5,114352.723,0.0,0.0,1.0,0.005,635298.488889
1676049,IT,FR,ELEC6,REALE,0.02,114349.25,4,4,114349.232,0.0,0.0,0.0,0.018,5717462.5
1720461,IT,PL,MACHI,ELEC2,0.64,114339.664,4,4,114339.655,0.0,0.0,0.0,0.009,178655.725
1790918,IT,WA,OFFIC,MOTO1,0.35,114329.371,4,4,114329.363,0.0,0.0,0.0,0.008,326655.345714
1766584,IT,RU,NONF1,FABRI,0.03,114329.218,3,3,114329.218,0.0,0.0,0.0,0.0,3810973.933333
1801827,IT,WE,ELEC7,POULT,0.08,114325.006,3,3,114325.006,0.0,0.0,0.0,0.0,1429062.575
1799843,IT,WE,GASDI,PULP5,0.17,114313.556,4,4,114313.547,0.0,0.0,0.0,0.009,672432.682353
1789675,IT,WA,RUBBE,DISTR,0.38,114301.443,4,4,114301.433,0.0,0.0,0.0,0.01,300793.271053
1658001,IT,DE,PREC1,TEXTI,0.19,114292.075,4,4,114292.07,0.0,0.0,0.0,0.005,601537.236842
1783385,IT,NO,PLAS1,FOODW,0.41,114291.708,4,4,114291.7,0.0,0.0,0.0,0.008,278760.263415
1772587,IT,CH,RUBBE,EDUCA,0.38,114266.933,4,4,114266.923,0.0,0.0,0.0,0.01,300702.455263
1766883,IT,RU,OFFIC,PREC1,0.35,114263.859,4,4,114263.851,0.0,0.0,0.0,0.008,326468.168571
1799772,IT,WE,KEROS,COMPU,0.17,114259.671,4,4,114259.662,0.0,0.0,0.0,0.009,672115.711765
1801343,IT,WE,MACHI,LEAD1,0.64,114253.191,4,4,114253.182,0.0,0.0,0.0,0.009,178520.610938
1766859,IT,RU,MACHI,INERT,0.64,114250.642,4,4,114250.633,0.0,0.0,0.0,0.009,178516.628125
1782003,IT,NO,RUBBE,FABRI,0.38,114250.577,4,4,114250.567,0.0,0.0,0.0,0.01,300659.413158
1768474,IT,AU,PROCE,HOTEL,0.77,114233.092,5,5,114232.085,0.0,1.0,0.0,0.007,148354.664935
1739469,IT,GB,LANDT,BIODI,0.74,114223.776,4,4,114223.771,0.0,0.0,0.0,0.005,154356.454054
1766411,IT,RU,BASIC,FURNI,0.13,114212.017,4,4,114212.01,0.0,0.0,0.0,0.007,878553.976923
1778049,IT,TR,OFFIC,HOTEL,0.35,114201.974,4,4,114201.966,0.0,0.0,0.0,0.008,326291.354286
1720136,IT,PL,LEAD1,93197,0.2,114195.448,4,4,114195.438,0.0,0.0,0.0,0.01,570977.24
1803454,IT,WF,MEAT1,HEALT,0.53,114184.158,4,4,114184.144,0.0,0.0,0.0,0.014,215441.807547
1656969,IT,DE,LIQUE,TRAN1,0.2,114183.55,4,4,114183.541,0.0,0.0,0.0,0.009,570917.75
1738393,IT,GB,PREC1,RAILW,0.19,114177.015,4,4,114177.01,0.0,0.0,0.0,0.005,600931.657895
1676267,IT,FR,SALEM,SEACO,0.92,114161.739,4,4,114161.732,0.0,0.0,0.0,0.007,124088.846739
1658172,IT,DE,ALUM1,RETAI,0.2,114147.751,4,4,114147.742,0.0,0.0,0.0,0.009,570738.755
1721370,IT,PL,SEACO,WEARI,0.12,114128.15,4,4,114128.148,0.0,0.0,0.0,0.002,951067.916667
1758478,IT,BR,MACHI,TEXTI,0.64,114117.997,4,4,114117.988,0.0,0.0,0.0,0.009,178309.370312
1798633,IT,WE,MEAT4,LEATH,0.63,114113.719,4,4,114113.711,0.0,0.0,0.0,0.008,181132.887302
1741109,IT,US,WEARI,TEXTI,0.86,114110.319,4,4,114110.297,0.0,0.0,0.0,0.022,132686.417442
1720517,IT,PL,MACHI,93197,0.64,114108.08,4,4,114108.071,0.0,0.0,0.0,0.009,178293.875
1807256,IT,WF,SUPPO,INSUR,0.82,114106.746,4,4,114106.74,0.0,0.0,0.0,0.006,139154.568293
1795792,IT,WL,MACHI,BRICK,0.64,114093.83,4,4,114093.821,0.0,0.0,0.0,0.009,178271.609375
1758325,IT,BR,COPP1,CONST,0.29,114075.437,4,4,114075.431,0.0,0.0,0.0,0.006,393363.575862
1743250,IT,US,FURNI,CATTL,0.36,114074.086,4,4,114074.076,0.0,0.0,0.0,0.01,316872.461111
1781909,IT,NO,CHEM1,NONF1,0.24,114068.632,4,4,114068.62,0.0,0.0,0.0,0.012,475285.966667
1790916,IT,WA,OFFIC,ELECT,0.35,114064.111,4,4,114064.103,0.0,0.0,0.0,0.008,325897.46
1652105,IT,CZ,CHEMI,LEATH,0.27,114045.491,5,5,114039.48,0.0,0.0,6.0,0.011,422390.707407
1658004,IT,DE,PREC1,PAPER,0.19,114039.907,4,4,114039.902,0.0,0.0,0.0,0.005,600210.036842
1643229,IT,AT,HOTEL,BASIC,0.83,114023.515,4,4,114023.506,0.0,0.0,0.0,0.009,137377.728916
1642647,IT,AT,FABRI,ELEC4,0.46,114023.091,4,4,114023.083,0.0,0.0,0.0,0.008,247876.284783
1655297,IT,DE,CEREA,BEVER,0.19,114019.909,5,5,114018.903,0.0,1.0,0.0,0.006,600104.784211
1643740,IT,AT,SUPPO,HOTEL,0.82,114018.195,4,4,114018.189,0.0,0.0,0.0,0.006,139046.579268
1753586,IT,CA,MACHI,ELEC5,0.64,114010.351,4,4,114010.342,0.0,0.0,0.0,0.009,178141.173438
1778893,IT,TR,SEACO,BEVER,0.12,114008.922,4,4,114008.92,0.0,0.0,0.0,0.002,950074.35
1728012,IT,SE,SANDC,LANDT,0.26,113990.174,5,5,113965.17,0.0,0.0,25.0,0.004,438423.746154
1643015,IT,AT,CONST,MACHI,0.64,113983.824,4,4,113983.818,0.0,0.0,0.0,0.006,178099.725
1716176,IT,NL,ALUM1,PLAST,0.2,113975.503,4,4,113975.494,0.0,0.0,0.0,0.009,569877.515
1794997,IT,WL,CHEM1,AUXIL,0.24,113974.913,4,4,113974.901,0.0,0.0,0.0,0.012,474895.470833
1665023,IT,ES,CHEMI,HOTEL,0.27,113965.726,5,5,113959.715,0.0,0.0,6.0,0.011,422095.281481
1641923,IT,AT,BIODI,HEALT,0.24,113965.691,4,4,113965.679,0.0,0.0,0.0,0.012,474857.045833
1764326,IT,MX,OFFIC,MOTO1,0.35,113951.404,4,4,113951.396,0.0,0.0,0.0,0.008,325575.44
1733105,IT,SI,FABRI,LEATH,0.46,113919.572,4,4,113919.564,0.0,0.0,0.0,0.008,247651.243478
1712297,IT,LV,CHEM1,HEALT,0.24,113914.22,4,4,113914.208,0.0,0.0,0.0,0.012,474642.583333
1746247,IT,JP,CHEM1,CERAM,0.24,113913.779,4,4,113913.767,0.0,0.0,0.0,0.012,474640.745833
1769506,IT,AU,BASIC,RENTI,0.13,113901.502,4,4,113901.495,0.0,0.0,0.0,0.007,876165.4
1778913,IT,TR,SEACO,NFERT,0.12,113894.575,4,4,113894.573,0.0,0.0,0.0,0.002,949121.458333
1656836,IT,DE,GASDI,HEALT,0.17,113883.772,4,4,113883.763,0.0,0.0,0.0,0.009,669904.541176
1660247,IT,DE,POSTT,RUBBE,1.88,113883.563,4,4,113883.554,0.0,0.0,0.0,0.009,60576.363298
1803831,IT,WF,TEXTI,FABRI,0.67,113876.683,4,4,113876.668,0.0,0.0,0.0,0.015,169965.198507
1798752,IT,WE,FOOD5,FISHF,0.55,113875.609,5,5,113874.599,0.0,1.0,0.0,0.01,207046.561818
1811187,IT,WM,NAPHT,COKE1,0.19,113865.818,4,4,113865.81,0.0,0.0,0.0,0.008,599293.778947
1751039,IT,CN,WHOLE,MOTO1,0.98,113858.301,4,4,113858.294,0.0,0.0,0.0,0.007,116181.939796
1761951,IT,IN,FURNI,TRAN1,0.36,113846.441,4,4,113846.431,0.0,0.0,0.0,0.01,316240.113889
1681323,IT,GR,INSUR,CHEM1,2.35,113845.683,4,4,113845.678,0.0,0.0,0.0,0.005,48444.971489
1678708,IT,GR,DAIRY,RAWMI,0.46,113841.045,5,5,113840.037,0.0,1.0,0.0,0.008,247480.532609
1663040,IT,DK,HOTEL,RETA1,0.83,113836.325,4,4,113836.316,0.0,0.0,0.0,0.009,137152.198795
1750207,IT,CN,LEAD1,CHEM1,0.2,113835.624,4,4,113835.614,0.0,0.0,0.0,0.01,569178.12
1718704,IT,PL,WOODW,RESEA,0.32,113834.988,5,5,113833.98,0.0,1.0,0.0,0.008,355734.3375
1748526,IT,CN,CHEMI,MACHI,0.27,113826.81,5,5,113820.799,0.0,0.0,6.0,0.011,421580.777778
1742931,IT,US,MACHI,ELEC2,0.64,113821.753,4,4,113821.744,0.0,0.0,0.0,0.009,177846.489062
1782896,IT,NO,SEACO,MACHI,0.12,113815.397,4,4,113815.395,0.0,0.0,0.0,0.002,948461.641667
1782397,IT,NO,FABRI,RESEA,0.46,113811.299,4,4,113811.291,0.0,0.0,0.0,0.008,247415.867391
1782188,IT,NO,BASIC,SANDC,0.13,113808.247,4,4,113808.24,0.0,0.0,0.0,0.007,875448.053846
1779210,IT,TR,POSTT,CONST,1.87,113804.952,4,4,113804.943,0.0,0.0,0.0,0.009,60858.263102
1749044,IT,CN,LEATH,DISTR,0.82,113803.514,5,5,113802.494,0.0,1.0,0.0,0.02,138784.773171
1682172,IT,HR,TEXTI,INERT,0.67,113796.352,4,4,113796.337,0.0,0.0,0.0,0.015,169845.301493
1759758,IT,BR,BUSIN,CERAM,1.17,113790.846,4,4,113790.838,0.0,0.0,0.0,0.008,97257.133333
1711077,IT,LU,PREC1,FOOD3,0.19,113789.03,4,4,113789.025,0.0,0.0,0.0,0.005,598889.631579
1741261,IT,US,PAPER,MEATC,0.44,113785.834,5,5,113784.823,0.0,1.0,0.0,0.011,258604.168182
1666114,IT,ES,GASDI,PLAST,0.17,113779.659,4,4,113779.65,0.0,0.0,0.0,0.009,669292.111765
1744953,IT,US,BUSIN,RAILW,1.17,113774.278,4,4,113774.27,0.0,0.0,0.0,0.008,97242.97265
1738932,IT,GB,FURNI,REALE,0.36,113765.414,4,4,113765.404,0.0,0.0,0.0,0.01,316015.038889
1759094,IT,BR,AIRTR,FOOD5,0.12,113765.052,4,4,113765.048,0.0,0.0,0.0,0.004,948042.1
1676589,IT,FR,HOTEL,ALUM1,0.82,113765.005,4,4,113764.996,0.0,0.0,0.0,0.009,138737.810976
1804122,IT,WF,PAPER,LEATH,0.44,113764.554,5,5,113763.543,0.0,1.0,0.0,0.011,258555.804545
1790656,IT,WA,FABRI,CHEM1,0.46,113764.362,4,4,113764.354,0.0,0.0,0.0,0.008,247313.830435
1765709,IT,RU,PAPER,RETA1,0.44,113763.188,5,5,113762.177,0.0,1.0,0.0,0.011,258552.7
1737542,IT,GB,WOODW,COMPU,0.32,113744.788,5,5,113743.78,0.0,1.0,0.0,0.008,355452.4625
1772119,IT,CH,MOTOR,CONST,0.17,113744.032,4,4,113744.023,0.0,0.0,0.0,0.009,669082.541176
1757293,IT,BR,FOOD5,MEAT1,0.55,113738.803,5,5,113737.793,0.0,1.0,0.0,0.01,206797.823636
1720299,IT,PL,FABRI,CERAM,0.46,113734.165,4,4,113734.157,0.0,0.0,0.0,0.008,247248.184783
1750188,IT,CN,ALUM1,RADIO,0.2,113733.3,4,4,113733.291,0.0,0.0,0.0,0.009,568666.5
1776602,IT,TR,GASDI,HEAVY,0.17,113730.515,4,4,113730.506,0.0,0.0,0.0,0.009,669003.029412
1814190,IT,WM,SUPPO,CHEM1,0.82,113720.433,4,4,113720.427,0.0,0.0,0.0,0.006,138683.454878
1778877,IT,TR,SEACO,COPPE,0.12,113717.676,4,4,113717.674,0.0,0.0,0.0,0.002,947647.3
1764472,IT,MX,FURNI,RESEA,0.36,113705.922,4,4,113705.912,0.0,0.0,0.0,0.01,315849.783333
1788283,IT,WA,LEATH,BIOGA,0.81,113697.765,5,5,113696.745,0.0,1.0,0.0,0.02,140367.611111
1667728,IT,ES,MACHI,FOOD4,0.63,113696.969,4,4,113696.96,0.0,0.0,0.0,0.009,180471.379365
1783639,IT,NO,FOOD3,RESEA,0.32,113696.53,4,4,113696.524,0.0,0.0,0.0,0.006,355301.65625
1752534,IT,CA,FOOD5,DIST1,0.55,113671.661,5,5,113670.651,0.0,1.0,0.0,0.01,206675.747273
1650537,IT,BG,ELEC7,WOODW,0.08,113666.238,3,3,113666.238,0.0,0.0,0.0,0.0,1420827.975
1667410,IT,ES,COPP1,ELEC5,0.29,113663.486,4,4,113663.48,0.0,0.0,0.0,0.006,391943.055172
1788675,IT,WA,COKEO,FOUND,0.01,113658.421,3,3,113658.421,0.0,0.0,0.0,0.0,11365842.1
1683807,IT,HR,OFFIC,WHOLE,0.35,113646.535,4,4,113646.527,0.0,0.0,0.0,0.008,324704.385714
1757688,IT,BR,HEAVY,FABRI,0.18,113636.751,4,4,113636.742,0.0,0.0,0.0,0.009,631315.283333
1809397,IT,WM,CHEMI,BEVER,0.27,113626.982,5,5,113620.971,0.0,0.0,6.0,0.011,420840.674074
1764165,IT,MX,MACHI,PADDY,0.63,113621.307,4,4,113621.298,0.0,0.0,0.0,0.009,180351.280952
1721061,IT,PL,HOTEL,TRANS,0.82,113613.672,4,4,113613.663,0.0,0.0,0.0,0.009,138553.258537
1764868,IT,MX,AIRTR,LEATH,0.12,113606.984,4,4,113606.98,0.0,0.0,0.0,0.004,946724.866667
1745898,IT,JP,LEATH,SUPPO,0.81,113603.061,5,5,113602.041,0.0,1.0,0.0,0.02,140250.692593
1642609,IT,AT,FABRI,PAPER,0.46,113582.05,4,4,113582.042,0.0,0.0,0.0,0.008,246917.5
1646100,IT,BE,BASIC,LANDT,0.13,113576.604,4,4,113576.597,0.0,0.0,0.0,0.007,873666.184615
1676406,IT,FR,WHOLE,AUXIL,0.98,113564.5,4,4,113564.493,0.0,0.0,0.0,0.007,115882.142857
1761683,IT,IN,FABRI,SUPPO,0.46,113551.069,4,4,113551.061,0.0,0.0,0.0,0.008,246850.15
1748560,IT,CN,VEGE1,WOODW,0.35,113550.059,5,5,113549.034,0.0,1.0,0.0,0.025,324428.74
1779813,IT,TR,BUSIN,MEMBE,1.17,113546.274,4,4,113546.266,0.0,0.0,0.0,0.008,97048.097436
1794249,IT,WL,MOTOR,PIGS9,0.17,113544.096,4,4,113544.087,0.0,0.0,0.0,0.009,667906.447059
1665370,IT,ES,TEXTI,FOOD5,0.67,113543.901,4,4,113543.886,0.0,0.0,0.0,0.015,169468.508955
1800541,IT,WE,RUBBE,CONST,0.38,113538.356,4,4,113538.346,0.0,0.0,0.0,0.01,298785.147368
1769338,IT,AU,GLASS,FABRI,0.31,113521.728,4,4,113521.722,0.0,0.0,0.0,0.006,366199.122581
1672749,IT,FR,MEATC,DAIRY,0.38,113519.948,5,5,113517.941,0.0,2.0,0.0,0.007,298736.705263
1801602,IT,WE,TRANS,WHOLE,0.68,113514.545,4,4,113514.539,0.0,0.0,0.0,0.006,166933.154412
1811022,IT,WM,HEAVY,WHEAT,0.18,113513.959,4,4,113513.95,0.0,0.0,0.0,0.009,630633.105556
1683080,IT,HR,RUBBE,TEXTI,0.38,113511.573,4,4,113511.563,0.0,0.0,0.0,0.01,298714.665789
1787236,IT,WA,VEGET,WEARI,0.4,113506.765,4,4,113506.761,0.0,0.0,0.0,0.004,283766.9125
1716177,IT,NL,ALUM1,CHEM1,0.2,113502.639,4,4,113502.63,0.0,0.0,0.0,0.009,567513.195
1652043,IT,CZ,OILSE,FOOD5,0.08,113501.601,5,5,113500.596,0.0,1.0,0.0,0.005,1418770.0125
1738054,IT,GB,RUBBE,NUCLE,0.38,113498.037,4,4,113498.027,0.0,0.0,0.0,0.01,298679.044737
1771153,IT,CH,MEAT1,TEXTI,0.53,113496.695,4,4,113496.681,0.0,0.0,0.0,0.014,214144.707547
1715289,IT,NL,PAPER,FABRI,0.44,113491.51,5,5,113490.499,0.0,1.0,0.0,0.011,257935.25
1738784,IT,GB,OFFIC,HOTEL,0.35,113467.491,4,4,113467.483,0.0,0.0,0.0,0.008,324192.831429
1811830,IT,WM,RUBBE,PIGS9,0.38,113462.473,4,4,113462.463,0.0,0.0,0.0,0.01,298585.455263
1640584,IT,AT,FOOD5,COMPU,0.55,113455.263,5,5,113454.253,0.0,1.0,0.0,0.01,206282.296364
1751741,IT,CN,INSUR,INSUR,2.34,113444.82,4,4,113444.815,0.0,0.0,0.0,0.005,48480.692308
1765198,IT,MX,BUSIN,FINAN,1.16,113428.498,4,4,113428.49,0.0,0.0,0.0,0.008,97783.187931
1740838,IT,US,VEGE1,FURNI,0.35,113422.919,5,5,113421.894,0.0,1.0,0.0,0.025,324065.482857
1785217,IT,ZA,BEVER,PUBLI,0.48,113419.522,4,4,113419.515,0.0,0.0,0.0,0.007,236290.670833
1641574,IT,AT,HEAVY,INTER,0.18,113416.879,4,4,113416.87,0.0,0.0,0.0,0.009,630093.772222
1777598,IT,TR,ALUM1,PLAST,0.2,113414.77,4,4,113414.761,0.0,0.0,0.0,0.009,567073.85
1794299,IT,WL,MOTOR,CHEM1,0.17,113410.977,4,4,113410.968,0.0,0.0,0.0,0.009,667123.394118
1809145,IT,WM,CROPS,AUXIL,0.9,113406.746,4,4,113406.74,0.0,0.0,0.0,0.006,126007.495556
1713294,IT,MT,MOTOR,FISHF,0.17,113402.744,4,4,113402.735,0.0,0.0,0.0,0.009,667074.964706
1810647,IT,WM,MOTOR,CATTL,0.17,113401.631,4,4,113401.622,0.0,0.0,0.0,0.009,667068.417647
1753902,IT,CA,RAILW,RUBBE,0.76,113399.822,5,5,113398.817,0.0,0.0,1.0,0.005,149210.292105
1686356,IT,HU,NONME,BUSIN,0.23,113398.196,4,4,113398.184,0.0,0.0,0.0,0.012,493035.634783
1787219,IT,WA,VEGET,CRUDE,0.4,113395.698,4,4,113395.694,0.0,0.0,0.0,0.004,283489.245
1671453,IT,FI,FABRI,COMPU,0.46,113390.329,4,4,113390.321,0.0,0.0,0.0,0.008,246500.715217
1727351,IT,RO,POSTT,FINAN,1.87,113390.322,4,4,113390.313,0.0,0.0,0.0,0.009,60636.535829
1776638,IT,TR,GASDI,INLAN,0.17,113387.898,4,4,113387.889,0.0,0.0,0.0,0.009,666987.635294
1812696,IT,WM,COPP1,POSTT,0.29,113386.382,4,4,113386.376,0.0,0.0,0.0,0.006,390987.524138
1763495,IT,MX,NFERT,COLLE,0.02,113380.941,4,4,113380.932,0.0,0.0,0.0,0.009,5669047.05
1664696,IT,EE,AIRTR,MOTO1,0.12,113374.666,4,4,113374.662,0.0,0.0,0.0,0.004,944788.883333
1747149,IT,JP,CONST,PLAST,0.63,113373.751,4,4,113373.745,0.0,0.0,0.0,0.006,179958.334921
1748925,IT,CN,WEARI,SECO9,0.85,113368.124,4,4,113368.102,0.0,0.0,0.0,0.022,133374.263529
1805643,IT,WF,NONME,CEMEN,0.23,113367.992,4,4,113367.98,0.0,0.0,0.0,0.012,492904.313043
1680016,IT,GR,MACHI,WEARI,0.63,113356.856,4,4,113356.847,0.0,0.0,0.0,0.009,179931.51746
1667492,IT,ES,FABRI,WEARI,0.46,113355.49,4,4,113355.482,0.0,0.0,0.0,0.008,246424.978261
1808045,IT,WF,INTER,REALE,0.68,113353.999,4,4,113353.992,0.0,0.0,0.0,0.007,166697.057353
1811402,IT,WM,PLAST,COPPE,0.24,113353.343,4,4,113353.331,0.0,0.0,0.0,0.012,472305.595833
1659898,IT,DE,LANDT,RECRE,0.73,113351.711,4,4,113351.706,0.0,0.0,0.0,0.005,155276.316438
1668926,IT,ES,AIRTR,BEVER,0.12,113346.112,4,4,113346.108,0.0,0.0,0.0,0.004,944550.933333
1798657,IT,WE,VEGE1,CATTL,0.35,113342.891,5,5,113341.866,0.0,1.0,0.0,0.025,323836.831429
1774684,IT,CH,AIRTR,MEMBE,0.12,113342.508,4,4,113342.504,0.0,0.0,0.0,0.004,944520.9
1773191,IT,CH,FABRI,TOBAC,0.46,113341.588,4,4,113341.58,0.0,0.0,0.0,0.008,246394.756522
1802189,IT,WE,HOTEL,CONST,0.82,113340.088,4,4,113340.079,0.0,0.0,0.0,0.009,138219.619512
1646651,IT,BE,FURNI,FOOD5,0.36,113340.086,4,4,113340.076,0.0,0.0,0.0,0.01,314833.572222
1793584,IT,WL,VEGE1,MEATC,0.35,113333.094,5,5,113332.069,0.0,1.0,0.0,0.025,323808.84
1767466,IT,RU,TRAN2,TRANS,0.18,113327.256,4,4,113327.253,0.0,0.0,0.0,0.003,629595.866667
1804006,IT,WF,WOODW,VEGET,0.32,113319.51,5,5,113318.502,0.0,1.0,0.0,0.008,354123.46875
1653966,IT,CZ,MACHI,BEVER,0.63,113312.515,4,4,113312.506,0.0,0.0,0.0,0.009,179861.134921
1713256,IT,MT,PAPER,HOTEL,0.44,113311.343,5,5,113310.332,0.0,1.0,0.0,0.011,257525.779545
1715693,IT,NL,NONSP,RESEA,0.15,113274.029,4,4,113274.023,0.0,0.0,0.0,0.006,755160.193333
1754024,IT,CA,SEACO,PAPER,0.12,113270.585,4,4,113270.583,0.0,0.0,0.0,0.002,943921.541667
1717174,IT,NL,AIRTR,REALE,0.12,113269.212,4,4,113269.208,0.0,0.0,0.0,0.004,943910.1
1650049,IT,BG,MACHI,LEAD1,0.63,113264.685,4,4,113264.676,0.0,0.0,0.0,0.009,179785.214286
1737174,IT,GB,DAIRY,MEATP,0.46,113262.355,5,5,113261.347,0.0,1.0,0.0,0.008,246222.51087
1749361,IT,CN,PRINT,RETA1,1.09,113255.883,4,4,113255.874,0.0,0.0,0.0,0.009,103904.479817
1809448,IT,WM,CHEMI,RETAI,0.27,113249.624,5,5,113243.613,0.0,0.0,6.0,0.011,419443.051852
1753306,IT,CA,BASIC,PAPER,0.13,113248.355,4,4,113248.348,0.0,0.0,0.0,0.007,871141.192308
1722414,IT,PT,MEAT1,HEAVY,0.53,113247.988,4,4,113247.974,0.0,0.0,0.0,0.014,213675.449057
1718725,IT,PL,PULP5,PRINT,0.35,113232.81,5,5,113231.799,0.0,1.0,0.0,0.011,323522.314286
1650492,IT,BG,ELEC6,LIGNI,0.02,113224.806,4,4,113224.788,0.0,0.0,0.0,0.018,5661240.3
1719660,IT,PL,CEMEN,RETA1,0.18,113219.42,5,5,113218.415,0.0,0.0,1.0,0.005,628996.777778
1727211,IT,RO,SUPPO,NATUR,0.81,113216.674,4,4,113216.668,0.0,0.0,0.0,0.006,139773.671605
1737682,IT,GB,PRINT,RETA1,1.09,113214.129,4,4,113214.12,0.0,0.0,0.0,0.009,103866.173394
1761371,IT,IN,BRICK,CONST,0.17,113212.623,5,5,113211.616,0.0,0.0,1.0,0.007,665956.605882
1740370,IT,GB,EDUCA,EDUCA,2.82,113208.563,4,4,113208.555,0.0,0.0,0.0,0.008,40144.880496
1792057,IT,WA,AIRTR,GASDI,0.12,113208.164,4,4,113208.16,0.0,0.0,0.0,0.004,943401.366667
1789767,IT,WA,GLASS,NONME,0.31,113202.47,4,4,113202.464,0.0,0.0,0.0,0.006,365169.258065
1652125,IT,CZ,MEATC,RECRE,0.38,113194.167,5,5,113192.16,0.0,2.0,0.0,0.007,297879.386842
1767226,IT,RU,RETA1,BUSIN,1.18,113188.094,4,4,113188.087,0.0,0.0,0.0,0.007,95922.113559
1735529,IT,SK,ALUM1,FOOD5,0.2,113185.798,4,4,113185.789,0.0,0.0,0.0,0.009,565928.99
1682958,IT,HR,PLAST,FABRI,0.24,113182.565,4,4,113182.553,0.0,0.0,0.0,0.012,471594.020833
1743600,IT,US,HOTEL,ADDIT,0.82,113174.995,4,4,113174.986,0.0,0.0,0.0,0.009,138018.286585
1793889,IT,WL,TEXTI,PRIVA,0.67,113172.016,4,4,113172.001,0.0,0.0,0.0,0.015,168913.456716
1643521,IT,AT,TRAN2,PLAST,0.17,113167.772,4,4,113167.769,0.0,0.0,0.0,0.003,665692.776471
1723076,IT,PT,CHEM1,PFERT,0.24,113165.199,4,4,113165.187,0.0,0.0,0.0,0.012,471521.6625
1654751,IT,CZ,AIRTR,MOTO1,0.12,113164.494,4,4,113164.49,0.0,0.0,0.0,0.004,943037.45
1727806,IT,RO,BUSIN,CEMEN,1.16,113163.708,4,4,113163.7,0.0,0.0,0.0,0.008,97554.92069
1809155,IT,WM,CROPS,RECRE,0.9,113148.581,4,4,113148.575,0.0,0.0,0.0,0.006,125720.645556
1786790,IT,ZA,HOTEL,CHEM1,0.82,113136.282,4,4,113136.273,0.0,0.0,0.0,0.009,137971.07561
1794817,IT,WL,PLAST,FOUND,0.24,113130.017,4,4,113130.005,0.0,0.0,0.0,0.012,471375.070833
1661741,IT,DK,LEATH,BEVER,0.81,113116.957,5,5,113115.937,0.0,1.0,0.0,0.02,139650.564198
1642185,IT,AT,BRICK,BASIC,0.17,113116.867,5,5,113115.86,0.0,0.0,1.0,0.007,665393.335294
1810867,IT,WM,KEROS,INLAN,0.17,113114.422,4,4,113114.413,0.0,0.0,0.0,0.009,665378.952941
1736116,IT,SK,CONST,MOTO1,0.63,113104.321,4,4,113104.315,0.0,0.0,0.0,0.006,179530.668254
1795139,IT,WL,RUBBE,BASIC,0.37,113089.859,4,4,113089.849,0.0,0.0,0.0,0.01,305648.267568
1732623,IT,SI,GLASS,MACHI,0.31,113082.294,4,4,113082.288,0.0,0.0,0.0,0.006,364781.593548
1722814,IT,PT,PAPER,HOTEL,0.44,113072.307,5,5,113071.296,0.0,1.0,0.0,0.011,256982.515909
1789467,IT,WA,ADDIT,NATUR,0.26,113070.567,5,5,113069.558,0.0,1.0,0.0,0.009,434886.796154
1765467,IT,RU,TEXTI,93197,0.67,113066.855,4,4,113066.84,0.0,0.0,0.0,0.015,168756.5
1805719,IT,WF,BASIC,CHEM1,0.13,113066.221,4,4,113066.214,0.0,0.0,0.0,0.007,869740.161538
1714059,IT,MT,HOTEL,PUBLI,0.82,113046.992,4,4,113046.983,0.0,0.0,0.0,0.009,137862.185366
1739866,IT,GB,FINAN,OFFIC,1.47,113045.622,4,4,113045.619,0.0,0.0,0.0,0.003,76901.783673
1726972,IT,RO,HOTEL,COPP1,0.82,113034.712,4,4,113034.703,0.0,0.0,0.0,0.009,137847.209756
1680497,IT,GR,ELEC6,BEVER,0.02,113033.319,4,4,113033.301,0.0,0.0,0.0,0.018,5651665.95
1802832,IT,WE,HEALT,WEARI,0.59,113032.718,4,4,113032.714,0.0,0.0,0.0,0.004,191580.877966
1737160,IT,GB,VEGE1,REALE,0.35,113023.802,5,5,113022.777,0.0,1.0,0.0,0.025,322925.148571
1756100,IT,KR,FABRI,DISTR,0.46,113022.938,4,4,113022.93,0.0,0.0,0.0,0.008,245702.03913
1745110,IT,US,PUBLI,MEMBE,1.85,113017.721,4,4,113017.713,0.0,0.0,0.0,0.008,61090.66
1769958,IT,AU,TRANS,FISHF,0.67,113014.833,4,4,113014.827,0.0,0.0,0.0,0.006,168678.855224
1679320,IT,GR,NAPHT,NAPHT,0.19,113013.062,4,4,113013.054,0.0,0.0,0.0,0.008,594805.589474
1766297,IT,RU,BRICK,CONST,0.17,113010.252,5,5,113009.245,0.0,0.0,1.0,0.007,664766.188235
1686937,IT,HU,MACHI,NONME,0.63,113002.249,4,4,113002.24,0.0,0.0,0.0,0.009,179368.649206
1669801,IT,ES,BUSIN,ELEC3,1.16,112998.002,4,4,112997.994,0.0,0.0,0.0,0.008,97412.07069
1728417,IT,SE,WEARI,BASIC,0.85,112997.094,4,4,112997.073,0.0,0.0,0.0,0.021,132937.757647
1740792,IT,US,VEGE1,MEATC,0.35,112965.49,5,5,112964.465,0.0,1.0,0.0,0.025,322758.542857
1714753,IT,NL,DAIRY,RENTI,0.46,112954.413,5,5,112953.405,0.0,1.0,0.0,0.008,245553.071739
1652156,IT,CZ,VEGE1,POULT,0.35,112951.45,5,5,112950.425,0.0,1.0,0.0,0.025,322718.428571
1814105,IT,WM,AIRTR,GLASS,0.12,112951.173,4,4,112951.169,0.0,0.0,0.0,0.004,941259.775
1785436,IT,ZA,PAPER,SUPPO,0.44,112950.089,5,5,112949.078,0.0,1.0,0.0,0.011,256704.747727
1686557,IT,HU,ALUM1,CERAM,0.2,112949.528,4,4,112949.519,0.0,0.0,0.0,0.009,564747.64
1675804,IT,FR,FURNI,SEWAG,0.36,112933.645,4,4,112933.635,0.0,0.0,0.0,0.01,313704.569444
1679563,IT,GR,RUBBE,PLAST,0.37,112931.192,4,4,112931.182,0.0,0.0,0.0,0.01,305219.437838
1811707,IT,WM,ADDIT,SUGAR,0.26,112930.758,5,5,112929.749,0.0,1.0,0.0,0.009,434349.069231
1680373,IT,GR,ELEC2,PLAST,0.03,112921.786,4,4,112921.774,0.0,0.0,0.0,0.012,3764059.533333
1667495,IT,ES,FABRI,PULP5,0.46,112920.33,4,4,112920.322,0.0,0.0,0.0,0.008,245478.978261
1764891,IT,MX,AIRTR,TRANS,0.12,112920.038,4,4,112920.034,0.0,0.0,0.0,0.004,941000.316667
1808975,IT,WM,VEGET,NATUR,0.4,112914.813,4,4,112914.809,0.0,0.0,0.0,0.004,282287.0325
1729864,IT,SE,MOTO1,RESEA,0.6,112914.572,4,4,112914.565,0.0,0.0,0.0,0.007,188190.953333
1772656,IT,CH,GLASS,LANDT,0.31,112911.211,4,4,112911.205,0.0,0.0,0.0,0.006,364229.712903
1657026,IT,DE,NAPHT,RETA1,0.19,112887.167,4,4,112887.159,0.0,0.0,0.0,0.008,594142.984211
1788014,IT,WA,TEXTI,GASDI,0.67,112879.367,4,4,112879.352,0.0,0.0,0.0,0.015,168476.667164
1806626,IT,WF,SALEM,SALEM,0.91,112867.175,4,4,112867.168,0.0,0.0,0.0,0.007,124029.862637
1750250,IT,CN,COPP1,PREC1,0.29,112865.793,4,4,112865.787,0.0,0.0,0.0,0.006,389192.389655
1788297,IT,WA,LEATH,FOUND,0.81,112862.081,5,5,112861.061,0.0,1.0,0.0,0.02,139335.902469
1679644,IT,GR,GLASS,CEMEN,0.31,112860.392,4,4,112860.386,0.0,0.0,0.0,0.006,364065.780645
1804476,IT,WF,GASDI,FOOD5,0.17,112846.565,4,4,112846.556,0.0,0.0,0.0,0.009,663803.323529
1688410,IT,IE,BEVER,FOOD5,0.48,112845.846,4,4,112845.839,0.0,0.0,0.0,0.007,235095.5125
1804789,IT,WF,NAPHT,NFERT,0.19,112817.099,4,4,112817.091,0.0,0.0,0.0,0.008,593774.205263
1752344,IT,CA,MEAT4,FISH5,0.62,112811.128,4,4,112811.12,0.0,0.0,0.0,0.008,181953.432258
1790350,IT,WA,ALUM1,HOTEL,0.2,112805.914,4,4,112805.905,0.0,0.0,0.0,0.009,564029.57
1758160,IT,BR,NONME,GLASS,0.23,112804.559,4,4,112804.547,0.0,0.0,0.0,0.012,490454.604348
1810881,IT,WM,KEROS,HEALT,0.17,112797.357,4,4,112797.348,0.0,0.0,0.0,0.009,663513.864706
1667579,IT,ES,FABRI,FOOD4,0.46,112739.515,4,4,112739.507,0.0,0.0,0.0,0.008,245085.902174
1805251,IT,WF,CHEM1,LANDT,0.24,112734.808,4,4,112734.796,0.0,0.0,0.0,0.012,469728.366667
1649425,IT,BG,CHEM1,BRICK,0.24,112734.479,4,4,112734.467,0.0,0.0,0.0,0.012,469726.995833
1748532,IT,CN,CHEMI,EDUCA,0.27,112732.392,5,5,112726.381,0.0,0.0,6.0,0.011,417527.377778
1718268,IT,PL,FOOD5,FISH5,0.54,112730.892,5,5,112729.882,0.0,1.0,0.0,0.01,208760.911111
1680811,IT,GR,RAILW,LUBRI,0.75,112729.067,5,5,112728.062,0.0,0.0,1.0,0.005,150305.422667
1732787,IT,SI,NONME,HOTEL,0.23,112712.254,4,4,112712.242,0.0,0.0,0.0,0.012,490053.278261
1809384,IT,WM,CHEMI,NATUR,0.27,112711.324,5,5,112705.313,0.0,0.0,6.0,0.011,417449.348148
1785345,IT,ZA,WOODW,WOODW,0.32,112709.581,5,5,112708.573,0.0,1.0,0.0,0.008,352217.440625
1764393,IT,MX,MOTO1,CONST,0.6,112706.712,4,4,112706.705,0.0,0.0,0.0,0.007,187844.52
1805685,IT,WF,BASIC,NICKE,0.13,112698.824,4,4,112698.817,0.0,0.0,0.0,0.007,866914.030769
1746885,IT,JP,MOTO1,VEGET,0.6,112697.376,4,4,112697.369,0.0,0.0,0.0,0.007,187828.96
1810043,IT,WM,TEXTI,HEAVY,0.67,112684.697,4,4,112684.682,0.0,0.0,0.0,0.015,168186.114925
1662246,IT,DK,CERAM,SUGA1,0.18,112684.378,5,5,112683.372,0.0,0.0,1.0,0.006,626024.322222
1798249,IT,WE,VEGET,AUXIL,0.4,112682.861,4,4,112682.857,0.0,0.0,0.0,0.004,281707.1525
1796274,IT,WL,CONST,COPP1,0.63,112682.305,4,4,112682.299,0.0,0.0,0.0,0.006,178860.801587
1809428,IT,WM,CHEMI,NONF1,0.27,112670.21,5,5,112664.199,0.0,0.0,6.0,0.011,417297.074074
1774015,IT,CH,RETAI,PAPER,0.88,112666.555,4,4,112666.548,0.0,0.0,0.0,0.007,128030.176136
1685179,IT,HU,BEVER,MOTO1,0.48,112663.76,4,4,112663.753,0.0,0.0,0.0,0.007,234716.166667
1659805,IT,DE,LANDT,LUBRI,0.73,112655.809,4,4,112655.804,0.0,0.0,0.0,0.005,154323.026027
1642579,IT,AT,FABRI,CATTL,0.46,112652.202,4,4,112652.194,0.0,0.0,0.0,0.008,244896.091304
1756175,IT,KR,MACHI,HEAVY,0.63,112626.878,4,4,112626.869,0.0,0.0,0.0,0.009,178772.822222
1721457,IT,PL,AIRTR,RETA1,0.12,112625.958,4,4,112625.954,0.0,0.0,0.0,0.004,938549.65
1681990,IT,HR,FOOD5,BUSIN,0.54,112625.571,5,5,112624.561,0.0,1.0,0.0,0.01,208565.872222
1650530,IT,BG,ELEC7,NONFE,0.08,112622.348,3,3,112622.348,0.0,0.0,0.0,0.0,1407779.35
1674299,IT,FR,PLAST,FURNI,0.24,112618.683,4,4,112618.672,0.0,0.0,0.0,0.011,469244.5125
1780148,IT,TW,HOTEL,CERAM,0.82,112600.339,4,4,112600.331,0.0,0.0,0.0,0.008,137317.486585
1728800,IT,SE,NAPHT,PLAST,0.19,112597.897,4,4,112597.889,0.0,0.0,0.0,0.008,592620.510526
1645042,IT,BE,PAPER,FISH5,0.44,112590.088,5,5,112589.077,0.0,1.0,0.0,0.011,255886.563636
1803338,IT,WF,STONE,RECRE,0.36,112580.672,5,5,112574.667,0.0,0.0,6.0,0.005,312724.088889
1668693,IT,ES,LANDT,MEATP,0.73,112535.58,4,4,112535.575,0.0,0.0,0.0,0.005,154158.328767
1742466,IT,US,BASIC,LUBRI,0.13,112534.697,4,4,112534.69,0.0,0.0,0.0,0.007,865651.515385
1689749,IT,IE,FINAN,SUPPO,1.47,112534.192,4,4,112534.189,0.0,0.0,0.0,0.003,76553.872109
1712574,IT,LV,MACHI,TRAN1,0.63,112522.784,4,4,112522.775,0.0,0.0,0.0,0.009,178607.593651
1763559,IT,MX,CHEM1,ADDIT,0.24,112517.129,4,4,112517.117,0.0,0.0,0.0,0.012,468821.370833
1661359,IT,DK,MEATC,HEALT,0.38,112511.786,5,5,112509.779,0.0,2.0,0.0,0.007,296083.647368
1643549,IT,AT,SEACO,PLAST,0.11,112500.627,4,4,112500.625,0.0,0.0,0.0,0.002,1022732.972727
1669858,IT,ES,BUSIN,93197,1.16,112494.167,4,4,112494.159,0.0,0.0,0.0,0.008,96977.730172
1778140,IT,TR,TRANS,MACHI,0.67,112477.304,4,4,112477.298,0.0,0.0,0.0,0.006,167876.573134
1760324,IT,IN,STONE,MOTO1,0.36,112458.441,5,5,112452.436,0.0,0.0,6.0,0.005,312384.558333
1670506,IT,FI,BEVER,CONST,0.48,112456.536,4,4,112456.529,0.0,0.0,0.0,0.007,234284.45
1793368,IT,WL,VEGET,PFERT,0.4,112452.632,4,4,112452.628,0.0,0.0,0.0,0.004,281131.58
1771555,IT,CH,TEXTI,GLASS,0.67,112448.028,4,4,112448.013,0.0,0.0,0.0,0.015,167832.877612
1665015,IT,ES,CHEMI,FURNI,0.27,112443.624,5,5,112437.613,0.0,0.0,6.0,0.011,416457.866667
1781727,IT,NO,PAPER,WOODW,0.44,112441.292,5,5,112440.281,0.0,1.0,0.0,0.011,255548.390909
1735897,IT,SK,OFFIC,CONST,0.35,112420.261,4,4,112420.253,0.0,0.0,0.0,0.008,321200.745714
1794816,IT,WL,PLAST,NONF1,0.24,112415.989,4,4,112415.978,0.0,0.0,0.0,0.011,468399.954167
1750609,IT,CN,OFFIC,TRAN1,0.35,112406.692,4,4,112406.684,0.0,0.0,0.0,0.008,321161.977143
1789573,IT,WA,BIODI,PFERT,0.23,112400.842,4,4,112400.83,0.0,0.0,0.0,0.012,488699.313043
1775840,IT,TR,MEAT4,HOTEL,0.62,112392.845,4,4,112392.837,0.0,0.0,0.0,0.008,181278.782258
1756726,IT,KR,SEACO,REALE,0.11,112386.53,4,4,112386.528,0.0,0.0,0.0,0.002,1021695.727273
1792295,IT,WA,POSTT,RESEA,1.85,112382.724,4,4,112382.715,0.0,0.0,0.0,0.009,60747.418378
1768955,IT,AU,PAPER,RUBBE,0.44,112380.824,5,5,112379.813,0.0,1.0,0.0,0.011,255410.963636
1724897,IT,PT,BUSIN,ELEC2,1.15,112369.633,4,4,112369.625,0.0,0.0,0.0,0.008,97712.724348
1685562,IT,HU,PAPER,RESEA,0.44,112361.978,5,5,112360.967,0.0,1.0,0.0,0.011,255368.131818
1721007,IT,PL,HOTEL,BITUM,0.81,112352.978,4,4,112352.97,0.0,0.0,0.0,0.008,138707.380247
1789497,IT,WA,ADDIT,LUBRI,0.26,112349.27,5,5,112348.261,0.0,1.0,0.0,0.009,432112.576923
1718694,IT,PL,WOODW,WHOLE,0.31,112334.468,5,5,112333.46,0.0,1.0,0.0,0.008,362369.251613
1793656,IT,WL,DAIRY,HEALT,0.46,112326.784,5,5,112325.776,0.0,1.0,0.0,0.008,244188.66087
1682376,IT,HR,WOODW,RECRE,0.31,112322.819,5,5,112321.811,0.0,1.0,0.0,0.008,362331.674194
1648870,IT,BG,TEXTI,ALUM1,0.67,112314.476,4,4,112314.461,0.0,0.0,0.0,0.015,167633.546269
1738774,IT,GB,OFFIC,FABRI,0.35,112309.757,4,4,112309.749,0.0,0.0,0.0,0.008,320885.02
1687030,IT,HU,OFFIC,COMPU,0.35,112297.636,4,4,112297.628,0.0,0.0,0.0,0.008,320850.388571
1688648,IT,IE,CHEM1,CEREA,0.23,112297.035,4,4,112297.023,0.0,0.0,0.0,0.012,488247.978261
1685149,IT,HU,BEVER,PIGS9,0.48,112291.483,4,4,112291.476,0.0,0.0,0.0,0.007,233940.589583
1719340,IT,PL,BIODI,BASIC,0.23,112285.241,4,4,112285.229,0.0,0.0,0.0,0.012,488196.7
1764723,IT,MX,HOTEL,PREC1,0.81,112284.836,4,4,112284.828,0.0,0.0,0.0,0.008,138623.254321
1805204,IT,WF,CHEM1,KEROS,0.23,112281.664,4,4,112281.652,0.0,0.0,0.0,0.012,488181.147826
1761243,IT,IN,RUBBE,WEARI,0.37,112279.183,4,4,112279.173,0.0,0.0,0.0,0.01,303457.251351
1782571,IT,NO,TRANS,OFFIC,0.67,112277.179,4,4,112277.173,0.0,0.0,0.0,0.006,167577.879104
1676586,IT,FR,HOTEL,NONME,0.81,112272.451,4,4,112272.443,0.0,0.0,0.0,0.008,138607.964198
1647223,IT,BE,LANDT,GASDI,0.72,112268.681,4,4,112268.676,0.0,0.0,0.0,0.005,155928.723611
1810673,IT,WM,MOTOR,BEVER,0.17,112256.13,4,4,112256.121,0.0,0.0,0.0,0.009,660330.176471
1813151,IT,WM,MOTO1,CEMEN,0.6,112255.367,4,4,112255.36,0.0,0.0,0.0,0.007,187092.278333
1661665,IT,DK,TEXTI,CONST,0.67,112252.575,4,4,112252.56,0.0,0.0,0.0,0.015,167541.156716
1813136,IT,WM,MOTO1,HEAVY,0.6,112250.818,4,4,112250.811,0.0,0.0,0.0,0.007,187084.696667
1685102,IT,HU,FOOD5,CHEM1,0.54,112242.91,5,5,112241.9,0.0,1.0,0.0,0.01,207857.240741
1670490,IT,FI,BEVER,BIODI,0.48,112242.028,4,4,112242.021,0.0,0.0,0.0,0.007,233837.558333
1756145,IT,KR,MACHI,NICKE,0.63,112232.17,4,4,112232.161,0.0,0.0,0.0,0.009,178146.301587
1796069,IT,WL,TRANS,TEXTI,0.67,112226.072,4,4,112226.066,0.0,0.0,0.0,0.006,167501.6
1687515,IT,HU,LANDT,KEROS,0.72,112220.028,4,4,112220.023,0.0,0.0,0.0,0.005,155861.15
1772410,IT,CH,CHEM1,NONF1,0.23,112214.19,4,4,112214.178,0.0,0.0,0.0,0.012,487887.782609
1812794,IT,WM,FABRI,COPPE,0.46,112209.775,4,4,112209.767,0.0,0.0,0.0,0.008,243934.293478
1719578,IT,PL,GLASS,MEMBE,0.31,112205.278,4,4,112205.272,0.0,0.0,0.0,0.006,361952.509677
1724950,IT,PT,BUSIN,MEMBE,1.15,112187.12,4,4,112187.112,0.0,0.0,0.0,0.008,97554.017391
1741224,IT,US,WOODW,TRANS,0.31,112181.584,5,5,112180.576,0.0,1.0,0.0,0.008,361876.077419
1761464,IT,IN,PREC1,PFERT,0.19,112180.55,4,4,112180.545,0.0,0.0,0.0,0.005,590423.947368
1710831,IT,LU,PAPER,WHOLE,0.43,112176.919,5,5,112175.908,0.0,1.0,0.0,0.011,260876.555814
1766133,IT,RU,RUBBE,RADIO,0.37,112172.802,4,4,112172.792,0.0,0.0,0.0,0.01,303169.735135
1657029,IT,DE,NAPHT,RENTI,0.19,112168.254,4,4,112168.246,0.0,0.0,0.0,0.008,590359.231579
1738751,IT,GB,MACHI,93197,0.63,112164.648,4,4,112164.639,0.0,0.0,0.0,0.009,178039.12381
1752555,IT,CA,BEVER,FOOD5,0.48,112156.444,4,4,112156.437,0.0,0.0,0.0,0.007,233659.258333
1666918,IT,ES,GLASS,PUBLI,0.31,112150.872,4,4,112150.866,0.0,0.0,0.0,0.006,361777.006452
1753377,IT,CA,ALUM1,FOUND,0.19,112150.599,4,4,112150.59,0.0,0.0,0.0,0.009,590266.310526
1763890,IT,MX,NONME,EDUCA,0.23,112147.091,4,4,112147.079,0.0,0.0,0.0,0.012,487596.047826
1685661,IT,HU,GASDI,TRAN2,0.17,112138.902,4,4,112138.893,0.0,0.0,0.0,0.009,659640.6
1805288,IT,WF,ADDIT,GASDI,0.26,112132.606,5,5,112131.597,0.0,1.0,0.0,0.009,431279.253846
1688633,IT,IE,PLAST,ALUM1,0.24,112113.859,4,4,112113.848,0.0,0.0,0.0,0.011,467141.079167
1741470,IT,US,MOTOR,RAILW,0.17,112111.582,4,4,112111.573,0.0,0.0,0.0,0.009,659479.894118
1663313,IT,DK,AIRTR,BASIC,0.12,112101.523,4,4,112101.519,0.0,0.0,0.0,0.004,934179.358333
1780515,IT,TW,POSTT,RETA1,1.85,112098.474,4,4,112098.465,0.0,0.0,0.0,0.009,60593.76973
1788825,IT,WA,GASDI,WHEAT,0.17,112096.669,4,4,112096.66,0.0,0.0,0.0,0.009,659392.170588
1644293,IT,BE,FORES,WOODW,0.98,112091.707,5,5,112048.704,0.0,43.0,0.0,0.003,114379.292857
1764381,IT,MX,MOTO1,FABRI,0.6,112066.886,4,4,112066.879,0.0,0.0,0.0,0.007,186778.143333
1713363,IT,MT,GASDI,REALE,0.17,112064.944,4,4,112064.935,0.0,0.0,0.0,0.009,659205.552941
1787992,IT,WA,TEXTI,MEATP,0.66,112064.44,4,4,112064.425,0.0,0.0,0.0,0.015,169794.606061
1734496,IT,SK,MEAT4,TRAN2,0.62,112064.118,4,4,112064.11,0.0,0.0,0.0,0.008,180748.577419
1738304,IT,GB,BASIC,NUCLE,0.13,112053.053,4,4,112053.046,0.0,0.0,0.0,0.007,861946.561538
1764457,IT,MX,FURNI,COLLE,0.36,112050.906,4,4,112050.896,0.0,0.0,0.0,0.01,311252.516667
1650253,IT,BG,ELEC1,PRECI,0.02,112050.89,4,4,112050.883,0.0,0.0,0.0,0.007,5602544.5
1750248,IT,CN,COPP1,NONME,0.28,112047.83,4,4,112047.824,0.0,0.0,0.0,0.006,400170.821429
1687537,IT,HU,LANDT,BASIC,0.72,112045.898,4,4,112045.893,0.0,0.0,0.0,0.005,155619.302778
1801022,IT,WE,LEAD1,BASIC,0.19,112038.391,4,4,112038.382,0.0,0.0,0.0,0.009,589675.742105
1779764,IT,TR,BUSIN,MOTO1,1.15,112022.122,4,4,112022.114,0.0,0.0,0.0,0.008,97410.54087
1683571,IT,HR,COPP1,PRINT,0.28,112020.966,4,4,112020.96,0.0,0.0,0.0,0.006,400074.878571
1688148,IT,HU,BUSIN,MACHI,1.15,112003.866,4,4,112003.858,0.0,0.0,0.0,0.008,97394.666087
1789493,IT,WA,ADDIT,REFI1,0.26,112003.739,5,5,112002.73,0.0,1.0,0.0,0.009,430783.611538
1769531,IT,AU,ALUM1,RUBBE,0.19,111993.096,4,4,111993.087,0.0,0.0,0.0,0.009,589437.347368
1742023,IT,US,ADDIT,BUSIN,0.26,111987.005,5,5,111985.996,0.0,1.0,0.0,0.009,430719.25
1742343,IT,US,NONME,NATU1,0.23,111974.823,4,4,111974.811,0.0,0.0,0.0,0.012,486847.056522
1761002,IT,IN,NONSP,GASDI,0.15,111974.698,4,4,111974.692,0.0,0.0,0.0,0.006,746497.986667
1715407,IT,NL,COKEO,BASIC,0.01,111971.533,3,3,111971.533,0.0,0.0,0.0,0.0,11197153.3
1665830,IT,ES,PRINT,PAPER,1.07,111964.164,4,4,111964.155,0.0,0.0,0.0,0.009,104639.405607
1770493,IT,AU,AIRTR,MOTO1,0.12,111963.776,4,4,111963.772,0.0,0.0,0.0,0.004,933031.466667
1721387,IT,PL,SEACO,PREC1,0.11,111961.859,4,4,111961.857,0.0,0.0,0.0,0.002,1017835.081818
1676460,IT,FR,RETA1,NUCLE,1.17,111946.732,4,4,111946.725,0.0,0.0,0.0,0.007,95680.967521
1677517,IT,FR,AUXIL,SEACO,2.05,111935.147,4,4,111935.142,0.0,0.0,0.0,0.005,54602.510732
1674915,IT,FR,BASIC,LEATH,0.13,111934.488,4,4,111934.481,0.0,0.0,0.0,0.007,861034.523077
1794964,IT,WL,CHEM1,FOUND,0.23,111932.104,4,4,111932.092,0.0,0.0,0.0,0.012,486661.321739
1782070,IT,NO,GLASS,PLAST,0.31,111930.654,4,4,111930.648,0.0,0.0,0.0,0.006,361066.625806
1748976,IT,CN,LEATH,FORES,0.8,111921.837,5,5,111920.818,0.0,1.0,0.0,0.019,139902.29625
1660918,IT,DE,BUSIN,MEAT1,1.15,111920.994,4,4,111920.986,0.0,0.0,0.0,0.008,97322.603478
1650934,IT,BG,SEACO,RAILW,0.11,111913.745,4,4,111913.743,0.0,0.0,0.0,0.002,1017397.681818
1790484,IT,WA,COPP1,CHEM1,0.28,111911.314,4,4,111911.308,0.0,0.0,0.0,0.006,399683.264286
1741612,IT,US,GASDI,WASTE,0.17,111901.689,4,4,111901.68,0.0,0.0,0.0,0.009,658245.229412
1665245,IT,ES,BEVER,FISHF,0.48,111889.533,4,4,111889.526,0.0,0.0,0.0,0.007,233103.19375
1645424,IT,BE,LIQUE,CHEM1,0.2,111889.447,4,4,111889.438,0.0,0.0,0.0,0.009,559447.235
1744022,IT,US,AIRTR,ELEC2,0.12,111888.967,4,4,111888.963,0.0,0.0,0.0,0.004,932408.058333
1770923,IT,CH,WHEAT,RETA1,0.08,111878.343,5,5,111877.34,0.0,1.0,0.0,0.003,1398479.2875
1731890,IT,SI,PRINT,BUSIN,1.07,111875.985,4,4,111875.976,0.0,0.0,0.0,0.009,104556.995327
1655939,IT,DE,SUGA1,POULT,0.28,111874.384,4,4,111874.365,0.0,0.0,0.0,0.019,399551.371429
1747092,IT,JP,FURNI,SALEM,0.36,111869.576,4,4,111869.566,0.0,0.0,0.0,0.01,310748.822222
1655660,IT,DE,CHEMI,GASDI,0.27,111866.031,5,5,111861.02,0.0,0.0,5.0,0.011,414318.633333
1747112,IT,JP,FURNI,EDUCA,0.36,111865.017,4,4,111865.007,0.0,0.0,0.0,0.01,310736.158333
1658480,IT,DE,FABRI,RAILW,0.46,111861.301,4,4,111861.293,0.0,0.0,0.0,0.008,243176.741304
1641407,IT,AT,GASDI,CATTL,0.17,111859.8,4,4,111859.791,0.0,0.0,0.0,0.009,657998.823529
1713407,IT,MT,BITU1,CONST,0.18,111857.593,4,4,111857.584,0.0,0.0,0.0,0.009,621431.072222
1754107,IT,CA,AIRTR,ELECT,0.12,111851.12,4,4,111851.116,0.0,0.0,0.0,0.004,932092.666667
1657424,IT,DE,RUBBE,PFERT,0.37,111848.185,4,4,111848.175,0.0,0.0,0.0,0.01,302292.391892
1803345,IT,WF,SANDC,NONFE,0.26,111847.238,5,5,111822.234,0.0,0.0,25.0,0.004,430181.684615
1663791,IT,EE,BEVER,DIST1,0.48,111843.582,4,4,111843.575,0.0,0.0,0.0,0.007,233007.4625
1716255,IT,NL,COPP1,MOTO1,0.28,111837.416,4,4,111837.41,0.0,0.0,0.0,0.006,399419.342857
1731463,IT,SI,BEVER,CHEM1,0.48,111832.65,4,4,111832.643,0.0,0.0,0.0,0.007,232984.6875
1813550,IT,WM,WHOLE,MOTOR,0.97,111820.027,4,4,111820.021,0.0,0.0,0.0,0.006,115278.378351
1675133,IT,FR,COPP1,BIOGA,0.28,111814.291,4,4,111814.285,0.0,0.0,0.0,0.006,399336.753571
1766600,IT,RU,FABRI,FORES,0.46,111809.497,4,4,111809.489,0.0,0.0,0.0,0.008,243064.123913
1659632,IT,DE,HOTEL,DISTR,0.81,111807.862,4,4,111807.854,0.0,0.0,0.0,0.008,138034.397531
1666663,IT,ES,ADDIT,SUPPO,0.26,111798.544,5,5,111797.535,0.0,1.0,0.0,0.009,429994.4
1813815,IT,WM,RAILW,RAILW,0.75,111791.01,5,5,111790.005,0.0,0.0,1.0,0.005,149054.68
1766583,IT,RU,NONF1,NONF1,0.02,111788.546,3,3,111788.546,0.0,0.0,0.0,0.0,5589427.3
1749216,IT,CN,PAPER,MEATP,0.43,111782.221,5,5,111781.21,0.0,1.0,0.0,0.011,259958.653488
1676959,IT,FR,AIRTR,CEMEN,0.12,111778.792,4,4,111778.788,0.0,0.0,0.0,0.004,931489.933333
1679008,IT,GR,WOODW,VEGET,0.31,111755.837,5,5,111754.829,0.0,1.0,0.0,0.008,360502.7
1785104,IT,ZA,MEAT4,MEAT4,0.62,111754.029,4,4,111754.021,0.0,0.0,0.0,0.008,180248.433871
1737769,IT,GB,HEAVY,RENTI,0.18,111752.424,4,4,111752.415,0.0,0.0,0.0,0.009,620846.8
1726403,IT,RO,FABRI,CROPS,0.45,111751.654,4,4,111751.646,0.0,0.0,0.0,0.008,248337.008889
1674306,IT,FR,NFERT,SUGAR,0.02,111748.235,4,4,111748.226,0.0,0.0,0.0,0.009,5587411.75
1799984,IT,WE,HEAVY,ADDIT,0.18,111748.023,4,4,111748.014,0.0,0.0,0.0,0.009,620822.35
1713702,IT,MT,FABRI,SEACO,0.45,111746.3,4,4,111746.292,0.0,0.0,0.0,0.008,248325.111111
1795087,IT,WL,RUBBE,FISHF,0.37,111738.241,4,4,111738.231,0.0,0.0,0.0,0.01,301995.245946
1683718,IT,HR,MACHI,WEARI,0.62,111731.083,4,4,111731.074,0.0,0.0,0.0,0.009,180211.424194
1653208,IT,CZ,RUBBE,BITUM,0.37,111723.512,4,4,111723.502,0.0,0.0,0.0,0.01,301955.437838
1647340,IT,BE,SEACO,KEROS,0.11,111710.782,4,4,111710.78,0.0,0.0,0.0,0.002,1015552.563636
1795328,IT,WL,NONME,CHARC,0.23,111695.952,4,4,111695.94,0.0,0.0,0.0,0.012,485634.573913
1643239,IT,AT,HOTEL,ELECT,0.81,111694.984,4,4,111694.976,0.0,0.0,0.0,0.008,137895.041975
1656053,IT,DE,BEVER,PAPER,0.47,111692.917,4,4,111692.91,0.0,0.0,0.0,0.007,237644.504255
1658462,IT,DE,FABRI,ELEC7,0.45,111689.773,4,4,111689.765,0.0,0.0,0.0,0.008,248199.495556
1732279,IT,SI,LIQUE,PUBLI,0.2,111683.478,4,4,111683.469,0.0,0.0,0.0,0.009,558417.39
1811393,IT,WM,PLAST,FORES,0.23,111670.185,4,4,111670.174,0.0,0.0,0.0,0.011,485522.543478
1657144,IT,DE,PLAST,TRANS,0.23,111669.433,4,4,111669.422,0.0,0.0,0.0,0.011,485519.273913
1642221,IT,AT,CEMEN,BUSIN,0.18,111647.01,5,5,111646.005,0.0,0.0,1.0,0.005,620261.166667
1735634,IT,SK,COPP1,WHOLE,0.28,111636.869,4,4,111636.863,0.0,0.0,0.0,0.006,398703.103571
1810932,IT,WM,GASDI,MEAT1,0.17,111632.616,4,4,111632.607,0.0,0.0,0.0,0.009,656662.447059
1739248,IT,GB,RETA1,93197,1.17,111631.823,4,4,111631.816,0.0,0.0,0.0,0.007,95411.81453
1682347,IT,HR,WOODW,OFFIC,0.31,111623.684,5,5,111622.676,0.0,1.0,0.0,0.008,360076.4
1666915,IT,ES,GLASS,COMPU,0.31,111622.702,4,4,111622.696,0.0,0.0,0.0,0.006,360073.232258
1717592,IT,NL,COMPU,RENTI,1.27,111620.987,4,4,111620.98,0.0,0.0,0.0,0.007,87890.540945
1771590,IT,CH,TEXTI,AIRTR,0.66,111619.215,4,4,111619.2,0.0,0.0,0.0,0.015,169120.022727
1668430,IT,ES,RETA1,COLLE,1.17,111616.884,4,4,111616.877,0.0,0.0,0.0,0.007,95399.046154
1766272,IT,RU,CERAM,FURNI,0.17,111615.319,5,5,111614.313,0.0,0.0,1.0,0.006,656560.7
1770896,IT,AU,BUSIN,PUBLI,1.15,111613.508,4,4,111613.5,0.0,0.0,0.0,0.008,97055.224348
1682903,IT,HR,NAPHT,FABRI,0.19,111611.631,4,4,111611.623,0.0,0.0,0.0,0.008,587429.636842
1786335,IT,ZA,MACHI,MEATA,0.62,111597.81,4,4,111597.801,0.0,0.0,0.0,0.009,179996.467742
1727827,IT,RO,BUSIN,DIST1,1.15,111595.278,4,4,111595.27,0.0,0.0,0.0,0.008,97039.372174
1643990,IT,AT,COMPU,BUSIN,1.27,111585.539,4,4,111585.532,0.0,0.0,0.0,0.007,87862.629134
1716521,IT,NL,MOTO1,MACHI,0.59,111582.106,4,4,111582.099,0.0,0.0,0.0,0.007,189122.213559
1677012,IT,FR,AIRTR,93197,0.12,111569.28,4,4,111569.276,0.0,0.0,0.0,0.004,929744.0
1794517,IT,WL,GASDI,93197,0.17,111568.057,4,4,111568.048,0.0,0.0,0.0,0.009,656282.688235
1664841,IT,ES,CATTL,MEATC,0.24,111564.761,5,5,111561.753,0.0,3.0,0.0,0.008,464853.170833
1674795,IT,FR,BRICK,DIST1,0.17,111561.24,5,5,111560.233,0.0,0.0,1.0,0.007,656242.588235
1658444,IT,DE,FABRI,NONF1,0.45,111560.861,4,4,111560.853,0.0,0.0,0.0,0.008,247913.024444
1778080,IT,TR,MOTO1,FOOD5,0.59,111558.917,4,4,111558.91,0.0,0.0,0.0,0.007,189082.910169
1781223,IT,NO,VEGET,PUBLI,0.39,111543.214,4,4,111543.21,0.0,0.0,0.0,0.004,286008.241026
1813343,IT,WM,FURNI,DAIRY,0.36,111540.463,4,4,111540.453,0.0,0.0,0.0,0.01,309834.619444
1766366,IT,RU,BASIC,BITUM,0.13,111536.551,4,4,111536.544,0.0,0.0,0.0,0.007,857973.469231
1673565,IT,FR,WOODW,OILSE,0.31,111531.069,5,5,111530.061,0.0,1.0,0.0,0.008,359777.641935
1799448,IT,WE,PAPER,PAPER,0.43,111529.874,5,5,111528.863,0.0,1.0,0.0,0.011,259371.8
1754049,IT,CA,SEACO,RETA1,0.11,111517.172,4,4,111517.17,0.0,0.0,0.0,0.002,1013792.472727
1716450,IT,NL,OFFIC,DAIRY,0.35,111511.012,4,4,111511.004,0.0,0.0,0.0,0.008,318602.891429
1681018,IT,GR,AIRTR,FABRI,0.12,111510.001,4,4,111509.997,0.0,0.0,0.0,0.004,929250.008333
1776138,IT,TR,LEATH,NONME,0.8,111503.325,5,5,111502.306,0.0,1.0,0.0,0.019,139379.15625
1666268,IT,ES,HEAVY,RENTI,0.18,111502.658,4,4,111502.649,0.0,0.0,0.0,0.009,619459.211111
1666512,IT,ES,PLAST,DIST1,0.23,111499.233,4,4,111499.222,0.0,0.0,0.0,0.011,484779.273913
1757565,IT,BR,GASDI,OILSE,0.17,111497.511,4,4,111497.502,0.0,0.0,0.0,0.009,655867.711765
1661598,IT,DK,BEVER,COMPU,0.47,111495.623,4,4,111495.616,0.0,0.0,0.0,0.007,237224.729787
1811805,IT,WM,ADDIT,BUSIN,0.26,111491.324,5,5,111490.315,0.0,1.0,0.0,0.009,428812.784615
1790732,IT,WA,MACHI,PLANT,0.62,111479.982,4,4,111479.973,0.0,0.0,0.0,0.009,179806.422581
1797233,IT,WL,FINAN,WHOLE,1.45,111477.277,4,4,111477.274,0.0,0.0,0.0,0.003,76880.88069
1667725,IT,ES,MACHI,FOOD2,0.62,111470.691,4,4,111470.682,0.0,0.0,0.0,0.009,179791.437097
1648540,IT,BG,CRUDE,DAIRY,0.22,111467.734,4,4,111467.724,0.0,0.0,0.0,0.01,506671.518182
1737505,IT,GB,WOODW,LEATH,0.31,111457.338,5,5,111456.33,0.0,1.0,0.0,0.008,359539.8
1725833,IT,RO,KEROS,AIRTR,0.17,111456.731,4,4,111456.722,0.0,0.0,0.0,0.009,655627.829412
1757070,IT,KR,BUSIN,DISTR,1.14,111437.092,4,4,111437.084,0.0,0.0,0.0,0.008,97751.835088
1735366,IT,SK,NONME,BRICK,0.23,111422.237,4,4,111422.225,0.0,0.0,0.0,0.012,484444.508696
1719004,IT,PL,KEROS,TRANS,0.17,111417.077,4,4,111417.068,0.0,0.0,0.0,0.009,655394.570588
1800054,IT,WE,LIQUE,PFERT,0.2,111408.148,4,4,111408.139,0.0,0.0,0.0,0.009,557040.74
1800061,IT,WE,LIQUE,INSUR,0.2,111400.172,4,4,111400.163,0.0,0.0,0.0,0.009,557000.86
1672745,IT,FR,MEATC,MEATP,0.37,111399.428,5,5,111397.421,0.0,2.0,0.0,0.007,301079.535135
1674309,IT,FR,NFERT,RAWMI,0.02,111393.519,4,4,111393.51,0.0,0.0,0.0,0.009,5569675.95
1712421,IT,LV,BASIC,FORES,0.13,111388.071,4,4,111388.064,0.0,0.0,0.0,0.007,856831.315385
1726164,IT,RO,GLASS,GLASS,0.31,111387.697,4,4,111387.691,0.0,0.0,0.0,0.006,359315.151613
1759048,IT,BR,SEACO,PULP5,0.11,111383.65,4,4,111383.648,0.0,0.0,0.0,0.002,1012578.636364
1738721,IT,GB,MACHI,POSTT,0.62,111379.739,4,4,111379.73,0.0,0.0,0.0,0.009,179644.740323
1656042,IT,DE,BEVER,VEGE1,0.47,111360.775,4,4,111360.768,0.0,0.0,0.0,0.007,236937.819149
1666202,IT,ES,HEAVY,TEXTI,0.18,111353.562,4,4,111353.553,0.0,0.0,0.0,0.009,618630.9
1727063,IT,RO,RAILW,POSTT,0.74,111350.331,5,5,111349.326,0.0,0.0,1.0,0.005,150473.42027
1758811,IT,BR,RETA1,LANDT,1.16,111350.125,4,4,111350.118,0.0,0.0,0.0,0.007,95991.487069
1773743,IT,CH,ELEC1,POSTT,0.02,111340.743,4,4,111340.736,0.0,0.0,0.0,0.007,5567037.15
1641280,IT,AT,MOTOR,SALEM,0.17,111329.951,4,4,111329.942,0.0,0.0,0.0,0.009,654882.064706
1782820,IT,NO,HOTEL,COMPU,0.81,111327.448,4,4,111327.44,0.0,0.0,0.0,0.008,137441.293827
1805324,IT,WF,RUBBE,FORES,0.37,111327.405,4,4,111327.395,0.0,0.0,0.0,0.01,300884.878378
1682267,IT,HR,LEATH,CEMEN,0.8,111324.465,5,5,111323.446,0.0,1.0,0.0,0.019,139155.58125
1683782,IT,HR,MACHI,RECRE,0.62,111321.656,4,4,111321.647,0.0,0.0,0.0,0.009,179551.058065
1755554,IT,KR,CHEM1,LEAD1,0.23,111318.603,4,4,111318.591,0.0,0.0,0.0,0.012,483993.926087
1729357,IT,SE,BASIC,COPPE,0.13,111318.598,4,4,111318.591,0.0,0.0,0.0,0.007,856296.907692
1658553,IT,DE,MACHI,WEARI,0.62,111317.505,4,4,111317.496,0.0,0.0,0.0,0.009,179544.362903
1771059,IT,CH,FISHF,RETA1,0.19,111316.498,4,4,111316.494,0.0,0.0,0.0,0.004,585876.305263
1721089,IT,PL,HOTEL,RESEA,0.81,111313.554,4,4,111313.546,0.0,0.0,0.0,0.008,137424.140741
1750142,IT,CN,PREC1,RADIO,0.19,111302.472,4,4,111302.467,0.0,0.0,0.0,0.005,585802.484211
1672407,IT,FI,BUSIN,DIST1,1.14,111299.441,4,4,111299.433,0.0,0.0,0.0,0.008,97631.088596
1681431,IT,GR,RENTI,SEACO,0.67,111290.795,4,4,111290.789,0.0,0.0,0.0,0.006,166105.664179
1709743,IT,LT,CHEM1,REALE,0.23,111286.103,4,4,111286.091,0.0,0.0,0.0,0.012,483852.621739
1810967,IT,WM,GASDI,CEMEN,0.17,111285.348,4,4,111285.339,0.0,0.0,0.0,0.009,654619.694118
1736083,IT,SK,CONST,ANIMA,0.62,111272.118,4,4,111272.112,0.0,0.0,0.0,0.006,179471.158065
1735029,IT,SK,PLAST,CONST,0.23,111264.106,4,4,111264.095,0.0,0.0,0.0,0.011,483756.982609
1682796,IT,HR,HEAVY,RUBBE,0.18,111256.276,4,4,111256.267,0.0,0.0,0.0,0.009,618090.422222
1784690,IT,ID,TRANS,TRANS,0.66,111250.36,4,4,111250.354,0.0,0.0,0.0,0.006,168561.151515
1773067,IT,CH,ALUM1,SEACO,0.19,111237.133,4,4,111237.124,0.0,0.0,0.0,0.009,585458.594737
1800962,IT,WE,ALUM1,KEROS,0.19,111227.398,4,4,111227.389,0.0,0.0,0.0,0.009,585407.357895
1653039,IT,CZ,PLAST,RADIO,0.23,111224.53,4,4,111224.519,0.0,0.0,0.0,0.011,483584.913043
1671248,IT,FI,BASIC,ALUM1,0.13,111223.53,4,4,111223.523,0.0,0.0,0.0,0.007,855565.615385
1683386,IT,HR,BASIC,BEVER,0.13,111220.412,4,4,111220.405,0.0,0.0,0.0,0.007,855541.630769
1810336,IT,WM,WOODW,HEAVY,0.31,111219.588,5,5,111218.58,0.0,1.0,0.0,0.008,358772.864516
1714135,IT,MT,AIRTR,CONST,0.12,111216.135,4,4,111216.131,0.0,0.0,0.0,0.004,926801.125
1761501,IT,IN,ALUM1,GLASS,0.19,111196.79,4,4,111196.781,0.0,0.0,0.0,0.009,585246.263158
1642873,IT,AT,MOTO1,CONST,0.59,111194.971,4,4,111194.964,0.0,0.0,0.0,0.007,188466.052542
1785938,IT,ZA,RUBBE,PRINT,0.37,111194.969,4,4,111194.959,0.0,0.0,0.0,0.01,300526.943243
1790222,IT,WA,PREC1,NFERT,0.19,111189.365,4,4,111189.36,0.0,0.0,0.0,0.005,585207.184211
1743846,IT,US,TRAN2,RESEA,0.17,111178.484,4,4,111178.481,0.0,0.0,0.0,0.003,653991.082353
1743039,IT,US,OFFIC,INSUR,0.34,111157.267,4,4,111157.259,0.0,0.0,0.0,0.008,326933.138235
1785319,IT,ZA,LEATH,ELECT,0.8,111154.575,5,5,111153.556,0.0,1.0,0.0,0.019,138943.21875
1737628,IT,GB,PAPER,CONST,0.43,111151.281,5,5,111150.27,0.0,1.0,0.0,0.011,258491.351163
1719956,IT,PL,PREC1,REALE,0.19,111145.392,4,4,111145.387,0.0,0.0,0.0,0.005,584975.747368
1667050,IT,ES,NONME,NONSP,0.22,111141.917,4,4,111141.905,0.0,0.0,0.0,0.012,505190.531818
1753214,IT,CA,CERAM,FORES,0.17,111132.456,5,5,111131.45,0.0,0.0,1.0,0.006,653720.329412
1750271,IT,CN,COPP1,TRAN1,0.28,111106.556,4,4,111106.55,0.0,0.0,0.0,0.006,396809.128571
1776531,IT,TR,KEROS,TRANS,0.17,111106.256,4,4,111106.247,0.0,0.0,0.0,0.009,653566.211765
1770229,IT,AU,HOTEL,VEGE1,0.81,111103.115,4,4,111103.107,0.0,0.0,0.0,0.008,137164.339506
1726390,IT,RO,NONF1,MACHI,0.02,111100.997,3,3,111100.997,0.0,0.0,0.0,0.0,5555049.85
1813652,IT,WM,RETA1,GASDI,1.16,111097.879,4,4,111097.872,0.0,0.0,0.0,0.007,95774.033621
1737831,IT,GB,PARAF,RAILW,0.17,111090.176,4,4,111090.168,0.0,0.0,0.0,0.008,653471.623529
1685740,IT,HU,PLAST,CROPS,0.23,111082.019,4,4,111082.008,0.0,0.0,0.0,0.011,482965.3
1645566,IT,BE,CHEM1,NONFE,0.23,111076.005,4,4,111075.993,0.0,0.0,0.0,0.012,482939.152174
1671489,IT,FI,MACHI,GASDI,0.62,111067.993,4,4,111067.984,0.0,0.0,0.0,0.009,179141.924194
1642284,IT,AT,NONME,REALE,0.22,111059.726,4,4,111059.714,0.0,0.0,0.0,0.012,504816.936364
1738759,IT,GB,OFFIC,WOODW,0.34,111055.315,4,4,111055.307,0.0,0.0,0.0,0.008,326633.279412
1662256,IT,DK,CERAM,MACHI,0.17,111025.036,5,5,111024.03,0.0,0.0,1.0,0.006,653088.447059
1771678,IT,CH,WEARI,SEACO,0.84,111016.74,4,4,111016.719,0.0,0.0,0.0,0.021,132162.785714
1722442,IT,PT,VEGE1,BEVER,0.34,111006.381,5,5,111005.357,0.0,1.0,0.0,0.024,326489.355882
1674748,IT,FR,CERAM,OFFIC,0.17,111004.27,5,5,111003.264,0.0,0.0,1.0,0.006,652966.294118
1780931,IT,TW,BUSIN,PADDY,1.14,110992.597,4,4,110992.589,0.0,0.0,0.0,0.008,97361.927193
1715548,IT,NL,GASDI,COMPU,0.17,110986.796,4,4,110986.787,0.0,0.0,0.0,0.009,652863.505882
1735776,IT,SK,MACHI,BEVER,0.62,110979.212,4,4,110979.203,0.0,0.0,0.0,0.009,178998.729032
1658766,IT,DE,MOTO1,CATTL,0.59,110972.887,4,4,110972.88,0.0,0.0,0.0,0.007,188089.638983
1781202,IT,NO,VEGET,OFFIC,0.39,110967.887,4,4,110967.883,0.0,0.0,0.0,0.004,284533.04359
1723337,IT,PT,NONME,GLASS,0.22,110966.387,4,4,110966.375,0.0,0.0,0.0,0.012,504392.668182
1712822,IT,LV,SUPPO,AIRTR,0.8,110962.712,4,4,110962.707,0.0,0.0,0.0,0.005,138703.39
1658005,IT,DE,PREC1,PRINT,0.19,110951.021,4,4,110951.016,0.0,0.0,0.0,0.005,583952.742105
1794565,IT,WL,HEAVY,REFI1,0.18,110949.843,4,4,110949.834,0.0,0.0,0.0,0.009,616388.016667
1805529,IT,WF,CERAM,AUXIL,0.17,110945.263,5,5,110944.257,0.0,0.0,1.0,0.006,652619.194118
1680325,IT,GR,ELEC1,DAIRY,0.02,110939.939,4,4,110939.932,0.0,0.0,0.0,0.007,5546996.95
1798793,IT,WE,FOOD5,PFERT,0.53,110937.224,5,5,110936.214,0.0,1.0,0.0,0.01,209315.516981
1777783,IT,TR,FABRI,MEAT4,0.45,110916.808,4,4,110916.8,0.0,0.0,0.0,0.008,246481.795556
1784577,IT,ID,MACHI,PULP5,0.62,110911.505,4,4,110911.496,0.0,0.0,0.0,0.009,178889.524194
1742787,IT,US,FABRI,DIST1,0.45,110906.835,4,4,110906.827,0.0,0.0,0.0,0.008,246459.633333
1676203,IT,FR,CONST,RETA1,0.62,110905.861,4,4,110905.855,0.0,0.0,0.0,0.006,178880.420968
1723140,IT,PT,CHEM1,FOOD4,0.23,110905.086,4,4,110905.074,0.0,0.0,0.0,0.012,482196.026087
1808846,IT,WF,PRIVA,NONFE,24.75,110903.523,5,5,110902.505,1.0,0.0,0.0,0.018,4480.950424
1745768,IT,JP,WEARI,TRAN1,0.84,110899.592,4,4,110899.571,0.0,0.0,0.0,0.021,132023.32381
1801233,IT,WE,FABRI,CONST,0.45,110898.672,4,4,110898.664,0.0,0.0,0.0,0.008,246441.493333
1718519,IT,PL,TEXTI,RENTI,0.66,110897.435,4,4,110897.42,0.0,0.0,0.0,0.015,168026.416667
1732515,IT,SI,RUBBE,PULP5,0.37,110887.785,4,4,110887.775,0.0,0.0,0.0,0.01,299696.716216
1652687,IT,CZ,PAPER,FORES,0.43,110881.311,5,5,110880.3,0.0,1.0,0.0,0.011,257863.513953
1666994,IT,ES,CEMEN,PLAST,0.18,110881.295,5,5,110880.29,0.0,0.0,1.0,0.005,616007.194444
1670955,IT,FI,CHEM1,MOTO1,0.23,110876.816,4,4,110876.804,0.0,0.0,0.0,0.012,482073.113043
1765629,IT,RU,WOODW,WHOLE,0.31,110876.742,5,5,110875.735,0.0,1.0,0.0,0.007,357666.909677
1653832,IT,CZ,FABRI,SANDC,0.45,110870.719,4,4,110870.711,0.0,0.0,0.0,0.008,246379.375556
1727244,IT,RO,SUPPO,MACHI,0.8,110869.343,4,4,110869.338,0.0,0.0,0.0,0.005,138586.67875
1721087,IT,PL,HOTEL,RENTI,0.8,110868.238,4,4,110868.23,0.0,0.0,0.0,0.008,138585.2975
1689834,IT,IE,INSUR,RETA1,2.28,110855.115,4,4,110855.11,0.0,0.0,0.0,0.005,48620.664474
1686219,IT,HU,GLASS,LANDT,0.3,110846.227,4,4,110846.221,0.0,0.0,0.0,0.006,369487.423333
1653806,IT,CZ,NONF1,LEAD1,0.02,110846.059,3,3,110846.059,0.0,0.0,0.0,0.0,5542302.95
1673229,IT,FR,FISH5,DAIRY,0.47,110842.659,4,4,110842.602,0.0,0.0,0.0,0.057,235835.444681
1778065,IT,TR,OFFIC,HEALT,0.34,110831.582,4,4,110831.574,0.0,0.0,0.0,0.008,325975.241176
1739354,IT,GB,RAILW,NUCLE,0.74,110828.238,5,5,110827.233,0.0,0.0,1.0,0.005,149767.889189
1730794,IT,SE,BUSIN,TRANS,1.14,110822.34,4,4,110822.332,0.0,0.0,0.0,0.008,97212.578947
1750283,IT,CN,NONF1,BITUM,0.02,110817.835,3,3,110817.835,0.0,0.0,0.0,0.0,5540891.75
1668740,IT,ES,LANDT,ALUM1,0.71,110811.56,4,4,110811.555,0.0,0.0,0.0,0.005,156072.619718
1794063,IT,WL,PAPER,MEAT4,0.43,110810.323,5,5,110809.312,0.0,1.0,0.0,0.011,257698.425581
1686462,IT,HU,BASIC,FOOD3,0.13,110808.314,4,4,110808.307,0.0,0.0,0.0,0.007,852371.646154
1809712,IT,WM,PROCE,EDUCA,0.75,110796.33,4,4,110796.323,0.0,0.0,0.0,0.007,147728.44
1781925,IT,NO,CHEM1,LANDT,0.23,110792.137,4,4,110792.125,0.0,0.0,0.0,0.012,481704.943478
1813555,IT,WM,WHOLE,LIQUE,0.96,110789.192,4,4,110789.186,0.0,0.0,0.0,0.006,115405.408333
1688905,IT,IE,COPP1,CONST,0.28,110786.096,4,4,110786.09,0.0,0.0,0.0,0.006,395664.628571
1786886,IT,ZA,SEACO,SEACO,0.11,110777.313,4,4,110777.311,0.0,0.0,0.0,0.002,1007066.481818
1811858,IT,WM,RUBBE,TOBAC,0.37,110776.897,4,4,110776.887,0.0,0.0,0.0,0.01,299397.018919
1680860,IT,GR,LANDT,BEVER,0.71,110766.168,4,4,110766.163,0.0,0.0,0.0,0.005,156008.687324
1688385,IT,IE,FOOD5,FOOD5,0.53,110760.487,5,5,110759.477,0.0,1.0,0.0,0.01,208982.050943
1795264,IT,WL,CERAM,RADIO,0.17,110760.234,5,5,110759.228,0.0,0.0,1.0,0.006,651530.788235
1804396,IT,WF,KEROS,CONST,0.16,110758.878,4,4,110758.869,0.0,0.0,0.0,0.009,692242.9875
1788189,IT,WA,WEARI,REALE,0.83,110728.008,4,4,110727.987,0.0,0.0,0.0,0.021,133407.238554
1735800,IT,SK,MACHI,CEMEN,0.62,110717.834,4,4,110717.825,0.0,0.0,0.0,0.009,178577.151613
1661455,IT,DK,DAIRY,COMPU,0.45,110710.354,5,5,110709.347,0.0,1.0,0.0,0.007,246023.008889
1771205,IT,CH,MEAT4,RECRE,0.61,110709.19,4,4,110709.182,0.0,0.0,0.0,0.008,181490.47541
1645719,IT,BE,RUBBE,CHEMI,0.37,110706.951,4,4,110706.941,0.0,0.0,0.0,0.01,299207.975676
1806596,IT,WF,CONST,EDUCA,0.62,110704.95,4,4,110704.944,0.0,0.0,0.0,0.006,178556.370968
1656061,IT,DE,BEVER,PLAST,0.47,110691.095,4,4,110691.088,0.0,0.0,0.0,0.007,235512.968085
1654234,IT,CZ,TRANS,FABRI,0.66,110685.439,4,4,110685.433,0.0,0.0,0.0,0.006,167705.210606
1689298,IT,IE,RETA1,VEGET,1.16,110679.707,4,4,110679.7,0.0,0.0,0.0,0.007,95413.540517
1810223,IT,WM,LEATH,PROCE,0.79,110679.437,5,5,110678.418,0.0,1.0,0.0,0.019,140100.553165
1742111,IT,US,RUBBE,ELEC2,0.37,110667.973,4,4,110667.963,0.0,0.0,0.0,0.01,299102.62973
1741983,IT,US,CHEM1,INERT,0.23,110663.58,4,4,110663.568,0.0,0.0,0.0,0.012,481146.0
1641306,IT,AT,MOTOR,FOOD2,0.17,110658.873,4,4,110658.864,0.0,0.0,0.0,0.009,650934.547059
1658881,IT,DE,TRANS,HOTEL,0.66,110651.423,4,4,110651.417,0.0,0.0,0.0,0.006,167653.671212
1715672,IT,NL,NONSP,LIQUE,0.15,110650.807,4,4,110650.801,0.0,0.0,0.0,0.006,737672.046667
1805010,IT,WF,PLAST,MOTOR,0.23,110647.711,4,4,110647.7,0.0,0.0,0.0,0.011,481077.004348
1718516,IT,PL,TEXTI,FINAN,0.66,110644.746,4,4,110644.731,0.0,0.0,0.0,0.015,167643.554545
1803843,IT,WF,TEXTI,TRAN1,0.66,110644.091,4,4,110644.076,0.0,0.0,0.0,0.015,167642.562121
1784277,IT,ID,CHEM1,LEAD1,0.23,110629.587,4,4,110629.575,0.0,0.0,0.0,0.012,480998.204348
1799355,IT,WE,WOODW,EDUCA,0.31,110611.896,5,5,110610.889,0.0,1.0,0.0,0.007,356812.567742
1653634,IT,CZ,ALUM1,PLAST,0.19,110610.711,4,4,110610.702,0.0,0.0,0.0,0.009,582161.636842
1730444,IT,SE,POSTT,DISTR,1.82,110608.563,4,4,110608.555,0.0,0.0,0.0,0.008,60773.935714
1684854,IT,HU,CRUDE,RADIO,0.22,110604.035,4,4,110604.025,0.0,0.0,0.0,0.01,502745.613636
1656479,IT,DE,PAPER,MEAT4,0.43,110601.89,5,5,110600.879,0.0,1.0,0.0,0.011,257213.697674
1721398,IT,PL,SEACO,ELEC1,0.11,110598.657,4,4,110598.655,0.0,0.0,0.0,0.002,1005442.336364
1744846,IT,US,RESEA,WASTE,0.6,110594.008,4,4,110594.0,0.0,0.0,0.0,0.008,184323.346667
1809095,IT,WM,CROPS,BEVER,0.88,110592.805,4,4,110592.799,0.0,0.0,0.0,0.006,125673.642045
1670520,IT,FI,BEVER,RENTI,0.47,110589.897,4,4,110589.89,0.0,0.0,0.0,0.007,235297.653191
1674255,IT,FR,BITU1,LIQUE,0.17,110573.192,4,4,110573.183,0.0,0.0,0.0,0.009,650430.541176
1644636,IT,BE,FOOD5,LANDT,0.53,110567.261,5,5,110566.251,0.0,1.0,0.0,0.01,208617.473585
1687645,IT,HU,AIRTR,KEROS,0.12,110560.838,4,4,110560.835,0.0,0.0,0.0,0.003,921340.316667
1811794,IT,WM,ADDIT,TRAN2,0.26,110558.432,5,5,110557.423,0.0,1.0,0.0,0.009,425224.738462
1713151,IT,MT,FISH5,MEAT1,0.46,110556.216,4,4,110556.159,0.0,0.0,0.0,0.057,240339.6
1799162,IT,WE,WEARI,TRANS,0.83,110542.364,4,4,110542.343,0.0,0.0,0.0,0.021,133183.571084
1734790,IT,SK,WOODW,RETAI,0.31,110514.909,5,5,110513.902,0.0,1.0,0.0,0.007,356499.706452
1757189,IT,BR,MEAT4,LEATH,0.61,110514.478,4,4,110514.47,0.0,0.0,0.0,0.008,181171.27541
1680977,IT,GR,INLAN,TRANS,0.18,110511.135,4,4,110511.127,0.0,0.0,0.0,0.008,613950.75
1794501,IT,WL,GASDI,INLAN,0.16,110509.288,4,4,110509.279,0.0,0.0,0.0,0.009,690683.05
1765581,IT,RU,LEATH,BUSIN,0.79,110501.718,5,5,110500.699,0.0,1.0,0.0,0.019,139875.592405
1746362,IT,JP,RUBBE,PRINT,0.37,110498.74,4,4,110498.73,0.0,0.0,0.0,0.01,298645.243243
1801461,IT,WE,MOTO1,TEXTI,0.59,110468.958,4,4,110468.951,0.0,0.0,0.0,0.007,187235.522034
1685829,IT,HU,CHEM1,MEATA,0.23,110454.629,4,4,110454.617,0.0,0.0,0.0,0.012,480237.517391
1768038,IT,RU,BUSIN,WOODW,1.13,110436.984,4,4,110436.976,0.0,0.0,0.0,0.008,97731.844248
1648065,IT,BE,COMPU,INSUR,1.26,110428.93,4,4,110428.923,0.0,0.0,0.0,0.007,87642.007937
1738406,IT,GB,ALUM1,FOOD5,0.19,110427.806,4,4,110427.797,0.0,0.0,0.0,0.009,581198.978947
1811998,IT,WM,GLASS,RADIO,0.3,110412.352,4,4,110412.346,0.0,0.0,0.0,0.006,368041.173333
1732743,IT,SI,CEMEN,BUSIN,0.18,110395.152,5,5,110394.147,0.0,0.0,1.0,0.005,613306.4
1776024,IT,TR,TEXTI,PLAST,0.65,110390.66,4,4,110390.645,0.0,0.0,0.0,0.015,169831.784615
1644735,IT,BE,BEVER,INTER,0.47,110390.469,4,4,110390.462,0.0,0.0,0.0,0.007,234873.338298
1680175,IT,GR,MOTO1,AIRTR,0.59,110379.051,4,4,110379.044,0.0,0.0,0.0,0.007,187083.137288
1683471,IT,HR,PREC1,CEMEN,0.19,110375.891,4,4,110375.886,0.0,0.0,0.0,0.005,580925.742105
1780626,IT,TW,INSUR,HOTEL,2.27,110362.389,4,4,110362.384,0.0,0.0,0.0,0.005,48617.792511
1645548,IT,BE,PLAST,WASTE,0.23,110358.054,4,4,110358.043,0.0,0.0,0.0,0.011,479817.626087
1790306,IT,WA,ALUM1,LEATH,0.19,110357.471,4,4,110357.462,0.0,0.0,0.0,0.009,580828.794737
1714885,IT,NL,BEVER,FISH5,0.47,110344.322,4,4,110344.315,0.0,0.0,0.0,0.007,234775.153191
1656021,IT,DE,FOOD5,COMPU,0.53,110339.773,5,5,110338.763,0.0,1.0,0.0,0.01,208188.250943
1778228,IT,TR,FURNI,LANDT,0.35,110336.581,4,4,110336.572,0.0,0.0,0.0,0.009,315247.374286
1743301,IT,US,FURNI,SUPPO,0.35,110335.625,4,4,110335.616,0.0,0.0,0.0,0.009,315244.642857
1642378,IT,AT,BASIC,PAPE1,0.13,110328.814,4,4,110328.807,0.0,0.0,0.0,0.007,848683.184615
1763536,IT,MX,CHEM1,LEATH,0.23,110328.809,4,4,110328.797,0.0,0.0,0.0,0.012,479690.473913
1667788,IT,ES,OFFIC,CERAM,0.34,110322.44,4,4,110322.432,0.0,0.0,0.0,0.008,324477.764706
1716867,IT,NL,HOTEL,FABRI,0.8,110320.855,4,4,110320.847,0.0,0.0,0.0,0.008,137901.06875
1721225,IT,PL,LANDT,PAPER,0.71,110309.95,4,4,110309.945,0.0,0.0,0.0,0.005,155366.126761
1685833,IT,HU,CHEM1,CRUDE,0.23,110305.871,4,4,110305.859,0.0,0.0,0.0,0.012,479590.743478
1650118,IT,BG,OFFIC,RETA1,0.34,110296.625,4,4,110296.617,0.0,0.0,0.0,0.008,324401.838235
1666068,IT,ES,GASDI,OILSE,0.16,110290.391,4,4,110290.382,0.0,0.0,0.0,0.009,689314.94375
1809143,IT,WM,CROPS,FINAN,0.87,110290.317,4,4,110290.311,0.0,0.0,0.0,0.006,126770.47931
1658768,IT,DE,MOTO1,POULT,0.59,110288.619,4,4,110288.612,0.0,0.0,0.0,0.007,186929.862712
1687421,IT,HU,HOTEL,PUBLI,0.8,110287.419,4,4,110287.411,0.0,0.0,0.0,0.008,137859.27375
1685551,IT,HU,PAPER,HOTEL,0.43,110286.841,5,5,110285.83,0.0,1.0,0.0,0.011,256481.025581
1813427,IT,WM,FURNI,93197,0.35,110286.514,4,4,110286.505,0.0,0.0,0.0,0.009,315104.325714
1805193,IT,WF,CHEM1,BEVER,0.23,110277.216,4,4,110277.204,0.0,0.0,0.0,0.012,479466.156522
1812061,IT,WM,CERAM,NAPHT,0.17,110277.213,5,5,110276.207,0.0,0.0,1.0,0.006,648689.488235
1724345,IT,PT,SEACO,LEATH,0.11,110249.974,4,4,110249.972,0.0,0.0,0.0,0.002,1002272.490909
1805754,IT,WF,BASIC,SEACO,0.13,110246.154,4,4,110246.147,0.0,0.0,0.0,0.007,848047.338462
1761835,IT,IN,MOTO1,MACHI,0.59,110243.991,4,4,110243.984,0.0,0.0,0.0,0.007,186854.222034
1798349,IT,WE,POULT,WEARI,0.29,110241.401,4,4,110241.392,0.0,0.0,0.0,0.009,380142.762069
1649144,IT,BG,PAPER,PUBLI,0.43,110231.179,5,5,110230.168,0.0,1.0,0.0,0.011,256351.57907
1728796,IT,SE,NAPHT,HEAVY,0.19,110228.936,4,4,110228.928,0.0,0.0,0.0,0.008,580152.294737
1800577,IT,WE,GLASS,BITUM,0.3,110214.282,4,4,110214.276,0.0,0.0,0.0,0.006,367380.94
1724849,IT,PT,BUSIN,BEVER,1.13,110213.986,4,4,110213.978,0.0,0.0,0.0,0.008,97534.500885
1781878,IT,NO,CHEM1,DAIRY,0.23,110211.874,4,4,110211.862,0.0,0.0,0.0,0.012,479182.06087
1713118,IT,MT,FOOD5,BUSIN,0.53,110204.793,5,5,110203.783,0.0,1.0,0.0,0.01,207933.571698
1739557,IT,GB,TRAN2,MOTO1,0.17,110201.719,4,4,110201.716,0.0,0.0,0.0,0.003,648245.405882
1755848,IT,KR,CEMEN,TEXT1,0.18,110200.436,5,5,110199.431,0.0,0.0,1.0,0.005,612224.644444
1761632,IT,IN,FABRI,LEATH,0.45,110197.145,4,4,110197.137,0.0,0.0,0.0,0.008,244882.544444
1758443,IT,BR,FABRI,BUSIN,0.45,110189.485,4,4,110189.477,0.0,0.0,0.0,0.008,244865.522222
1672536,IT,FR,CEREA,MEATA,0.18,110182.973,5,5,110181.967,0.0,1.0,0.0,0.006,612127.627778
1804971,IT,WF,PLAST,ANIMA,0.23,110177.029,4,4,110177.018,0.0,0.0,0.0,0.011,479030.56087
1807033,IT,WF,LANDT,93197,0.71,110161.134,4,4,110161.129,0.0,0.0,0.0,0.005,155156.526761
1643661,IT,AT,AIRTR,EDUCA,0.12,110160.144,4,4,110160.141,0.0,0.0,0.0,0.003,918001.2
1794536,IT,WL,HEAVY,NATUR,0.18,110150.247,4,4,110150.238,0.0,0.0,0.0,0.009,611945.816667
1733712,IT,SI,RAILW,COMPU,0.74,110148.292,5,5,110147.287,0.0,0.0,1.0,0.005,148849.043243
1792007,IT,WA,SEACO,93197,0.11,110136.294,4,4,110136.292,0.0,0.0,0.0,0.002,1001239.036364
1814393,IT,WM,AUXIL,INSUR,2.01,110131.609,4,4,110131.604,0.0,0.0,0.0,0.005,54791.845274
1771670,IT,CH,WEARI,CONST,0.83,110124.758,4,4,110124.737,0.0,0.0,0.0,0.021,132680.431325
1744348,IT,US,FINAN,RENTI,1.43,110113.735,4,4,110113.732,0.0,0.0,0.0,0.003,77002.611888
1648711,IT,BG,FOOD5,PAPER,0.53,110106.211,5,5,110105.201,0.0,1.0,0.0,0.01,207747.567925
1718116,IT,PL,VEGE1,MEAT4,0.34,110101.283,5,5,110100.259,0.0,1.0,0.0,0.024,323827.302941
1774288,IT,CH,HOTEL,ANIMA,0.8,110086.2,4,4,110086.192,0.0,0.0,0.0,0.008,137607.75
1642324,IT,AT,BASIC,CERAM,0.13,110078.839,4,4,110078.832,0.0,0.0,0.0,0.007,846760.3
1739622,IT,GB,SEACO,REALE,0.11,110076.839,4,4,110076.837,0.0,0.0,0.0,0.002,1000698.536364
1777202,IT,TR,RUBBE,STONE,0.36,110071.544,4,4,110071.534,0.0,0.0,0.0,0.01,305754.288889
1740213,IT,GB,BUSIN,NUCLE,1.13,110068.092,4,4,110068.084,0.0,0.0,0.0,0.008,97405.39115
1645402,IT,BE,HEAVY,BUSIN,0.18,110059.861,4,4,110059.852,0.0,0.0,0.0,0.009,611443.672222
1649517,IT,BG,RUBBE,TOBAC,0.36,110050.937,4,4,110050.927,0.0,0.0,0.0,0.01,305697.047222
1661964,IT,DK,NAPHT,HEAVY,0.19,110047.852,4,4,110047.844,0.0,0.0,0.0,0.008,579199.221053
1642506,IT,AT,LEAD1,RENTI,0.19,110047.612,4,4,110047.603,0.0,0.0,0.0,0.009,579197.957895
1784042,IT,ID,TEXTI,WHOLE,0.65,110038.099,4,4,110038.084,0.0,0.0,0.0,0.015,169289.383077
1728283,IT,SE,BEVER,BIODI,0.47,110036.268,4,4,110036.261,0.0,0.0,0.0,0.007,234119.719149
1722083,IT,PL,BUSIN,PULP5,1.13,110034.738,4,4,110034.73,0.0,0.0,0.0,0.008,97375.874336
1667879,IT,ES,MOTO1,PAPER,0.59,110033.898,4,4,110033.891,0.0,0.0,0.0,0.007,186498.132203
1800930,IT,WE,PREC1,PUBLI,0.19,110024.174,4,4,110024.169,0.0,0.0,0.0,0.005,579074.6
1716068,IT,NL,BASIC,PULP5,0.13,110023.127,4,4,110023.12,0.0,0.0,0.0,0.007,846331.746154
1812710,IT,WM,NONF1,PIGS9,0.02,110022.273,3,3,110022.273,0.0,0.0,0.0,0.0,5501113.65
1807020,IT,WF,LANDT,POSTT,0.71,110008.209,4,4,110008.204,0.0,0.0,0.0,0.005,154941.139437
1774822,IT,CH,POSTT,LANDT,1.81,110005.432,4,4,110005.424,0.0,0.0,0.0,0.008,60776.481768
1650329,IT,BG,ELEC2,PRINT,0.03,109983.134,4,4,109983.122,0.0,0.0,0.0,0.012,3666104.466667
1787830,IT,WA,FOOD5,RAWMI,0.53,109982.969,5,5,109981.959,0.0,1.0,0.0,0.01,207515.035849
1804712,IT,WF,LIQUE,DISTR,0.19,109977.995,4,4,109977.986,0.0,0.0,0.0,0.009,578831.552632
1676025,IT,FR,ELEC6,VEGET,0.02,109966.264,4,4,109966.246,0.0,0.0,0.0,0.018,5498313.2
1730632,IT,SE,RENTI,FABRI,0.66,109955.896,4,4,109955.89,0.0,0.0,0.0,0.006,166599.842424
1805607,IT,WF,NONME,POULT,0.22,109955.582,4,4,109955.57,0.0,0.0,0.0,0.012,499798.1
1677961,IT,FR,BUSIN,MEMBE,1.13,109954.055,4,4,109954.047,0.0,0.0,0.0,0.008,97304.473451
1749500,IT,CN,LUBRI,LANDT,0.13,109953.862,4,4,109953.857,0.0,0.0,0.0,0.005,845798.938462
1791099,IT,WA,TRANS,FABRI,0.66,109953.241,4,4,109953.235,0.0,0.0,0.0,0.006,166595.819697
1659113,IT,DE,ELEC6,HEALT,0.02,109952.0,4,4,109951.982,0.0,0.0,0.0,0.018,5497600.0
1678613,IT,GR,STONE,PREC1,0.36,109932.67,5,5,109926.665,0.0,0.0,6.0,0.005,305368.527778
1739922,IT,GB,FINAN,MEMBE,1.43,109928.342,4,4,109928.339,0.0,0.0,0.0,0.003,76872.966434
1777894,IT,TR,MACHI,COPPE,0.61,109921.307,4,4,109921.298,0.0,0.0,0.0,0.009,180198.863934
1753479,IT,CA,FABRI,HOTEL,0.45,109918.55,4,4,109918.542,0.0,0.0,0.0,0.008,244263.444444
1728740,IT,SE,KEROS,RENTI,0.16,109914.096,4,4,109914.087,0.0,0.0,0.0,0.009,686963.1
1756033,IT,KR,NONF1,CONST,0.02,109903.148,3,3,109903.148,0.0,0.0,0.0,0.0,5495157.4
1716495,IT,NL,OFFIC,LANDT,0.34,109900.678,4,4,109900.67,0.0,0.0,0.0,0.008,323237.288235
1774675,IT,CH,AIRTR,INSUR,0.12,109891.718,4,4,109891.715,0.0,0.0,0.0,0.003,915764.316667
1721836,IT,PL,REALE,ALUM1,4.64,109890.793,4,4,109890.786,0.0,0.0,0.0,0.007,23683.36056
1732984,IT,SI,ALUM1,FOOD3,0.19,109885.576,4,4,109885.567,0.0,0.0,0.0,0.009,578345.136842
1672704,IT,FR,SANDC,BASIC,0.25,109880.905,5,5,109856.901,0.0,0.0,24.0,0.004,439523.62
1734979,IT,SK,PARAF,GASDI,0.17,109875.58,4,4,109875.572,0.0,0.0,0.0,0.008,646326.941176
1689444,IT,IE,HOTEL,OFFIC,0.8,109871.931,4,4,109871.923,0.0,0.0,0.0,0.008,137339.91375
1812697,IT,WM,COPP1,FINAN,0.28,109861.411,4,4,109861.405,0.0,0.0,0.0,0.006,392362.182143
1735808,IT,SK,MACHI,FOUND,0.61,109850.485,4,4,109850.476,0.0,0.0,0.0,0.009,180082.762295
1684704,IT,HU,VEGET,VEGET,0.39,109849.13,4,4,109849.126,0.0,0.0,0.0,0.004,281664.435897
1666273,IT,ES,HEAVY,EDUCA,0.18,109847.441,4,4,109847.432,0.0,0.0,0.0,0.009,610263.561111
1798634,IT,WE,MEAT4,PAPER,0.6,109841.324,4,4,109841.317,0.0,0.0,0.0,0.007,183068.873333
1790126,IT,WA,BASIC,LEAD1,0.13,109835.925,4,4,109835.918,0.0,0.0,0.0,0.007,844891.730769
1749286,IT,CN,PAPER,LANDT,0.43,109834.84,5,5,109833.829,0.0,1.0,0.0,0.011,255429.860465
1671375,IT,FI,NONF1,FABRI,0.02,109833.142,3,3,109833.142,0.0,0.0,0.0,0.0,5491657.1
1752082,IT,CN,BUSIN,PRINT,1.13,109829.968,4,4,109829.96,0.0,0.0,0.0,0.008,97194.661947
1809374,IT,WM,CHEMI,CATTL,0.26,109828.746,5,5,109823.736,0.0,0.0,5.0,0.01,422418.253846
1807976,IT,WF,PLAS1,WHOLE,0.39,109822.481,4,4,109822.474,0.0,0.0,0.0,0.007,281596.105128
1656884,IT,DE,HEAVY,MOTO1,0.18,109820.065,4,4,109820.056,0.0,0.0,0.0,0.009,610111.472222
1767090,IT,RU,FURNI,MEDIC,0.35,109817.421,4,4,109817.412,0.0,0.0,0.0,0.009,313764.06
1735564,IT,SK,ALUM1,ELEC3,0.19,109786.283,4,4,109786.274,0.0,0.0,0.0,0.009,577822.542105
1652887,IT,CZ,MOTOR,LANDT,0.16,109780.168,4,4,109780.159,0.0,0.0,0.0,0.009,686126.05
1755938,IT,KR,BASIC,BUSIN,0.13,109777.241,4,4,109777.234,0.0,0.0,0.0,0.007,844440.315385
1752076,IT,CN,BUSIN,TEXTI,1.13,109775.023,4,4,109775.015,0.0,0.0,0.0,0.008,97146.038053
1750761,IT,CN,TRANS,CONST,0.66,109761.703,4,4,109761.697,0.0,0.0,0.0,0.006,166305.610606
1775036,IT,CH,RENTI,DAIRY,0.66,109759.251,4,4,109759.245,0.0,0.0,0.0,0.006,166301.895455
1800192,IT,WE,PLAST,LIGNI,0.23,109754.549,4,4,109754.538,0.0,0.0,0.0,0.011,477193.691304
1768101,IT,RU,BUSIN,SUPPO,1.13,109743.43,4,4,109743.422,0.0,0.0,0.0,0.008,97118.079646
1757690,IT,BR,HEAVY,MOTO1,0.18,109734.885,4,4,109734.876,0.0,0.0,0.0,0.009,609638.25
1648215,IT,BE,BUSIN,ELEC2,1.13,109734.491,4,4,109734.483,0.0,0.0,0.0,0.008,97110.169027
1747465,IT,JP,SEACO,REFI1,0.11,109728.218,4,4,109728.216,0.0,0.0,0.0,0.002,997529.254545
1682614,IT,HR,KEROS,WOODW,0.16,109726.902,4,4,109726.893,0.0,0.0,0.0,0.009,685793.1375
1771871,IT,CH,WOODW,COMPU,0.31,109723.916,5,5,109722.909,0.0,1.0,0.0,0.007,353948.116129
1653391,IT,CZ,CERAM,BIOGA,0.17,109709.857,5,5,109708.851,0.0,0.0,1.0,0.006,645352.1
1741500,IT,US,MOTOR,93197,0.16,109698.296,4,4,109698.287,0.0,0.0,0.0,0.009,685614.35
1646576,IT,BE,OFFIC,PUBLI,0.34,109694.309,4,4,109694.301,0.0,0.0,0.0,0.008,322630.320588
1679896,IT,GR,COPP1,WHOLE,0.28,109690.952,4,4,109690.946,0.0,0.0,0.0,0.006,391753.4
1644840,IT,BE,TEXTI,BUSIN,0.65,109690.108,4,4,109690.093,0.0,0.0,0.0,0.015,168754.012308
1780459,IT,TW,POSTT,SANDC,1.81,109678.056,4,4,109678.048,0.0,0.0,0.0,0.008,60595.61105
1731113,IT,SI,FISHF,WHOLE,0.19,109676.622,4,4,109676.618,0.0,0.0,0.0,0.004,577245.378947
1726644,IT,RO,MOTO1,POSTT,0.58,109661.209,4,4,109661.202,0.0,0.0,0.0,0.007,189071.05
1682439,IT,HR,PAPER,MOTO1,0.42,109661.011,5,5,109660.0,0.0,1.0,0.0,0.011,261097.645238
1673586,IT,FR,WOODW,FISH5,0.31,109657.998,5,5,109656.991,0.0,1.0,0.0,0.007,353735.477419
1665706,IT,ES,PAPER,DAIRY,0.42,109656.327,5,5,109655.316,0.0,1.0,0.0,0.011,261086.492857
1715722,IT,NL,PLAST,FABRI,0.23,109651.957,4,4,109651.946,0.0,0.0,0.0,0.011,476747.63913
1814293,IT,WM,POSTT,HEALT,1.81,109641.642,4,4,109641.634,0.0,0.0,0.0,0.008,60575.492818
1709815,IT,LT,RUBBE,STEAM,0.36,109641.294,4,4,109641.284,0.0,0.0,0.0,0.01,304559.15
1738689,IT,GB,MACHI,COPP1,0.61,109629.111,4,4,109629.102,0.0,0.0,0.0,0.009,179719.854098
1747127,IT,JP,CONST,FISHF,0.61,109617.682,4,4,109617.676,0.0,0.0,0.0,0.006,179701.118033
1813429,IT,WM,CONST,CRUDE,0.61,109612.923,4,4,109612.917,0.0,0.0,0.0,0.006,179693.316393
1782626,IT,NO,FURNI,MEMBE,0.35,109600.331,4,4,109600.322,0.0,0.0,0.0,0.009,313143.802857
1714104,IT,MT,SEACO,DISTR,0.11,109597.857,4,4,109597.855,0.0,0.0,0.0,0.002,996344.154545
1742232,IT,US,CERAM,FOUND,0.17,109597.434,5,5,109596.428,0.0,0.0,1.0,0.006,644690.788235
1810679,IT,WM,MOTOR,WOODW,0.16,109595.993,4,4,109595.984,0.0,0.0,0.0,0.009,684974.95625
1666919,IT,ES,GLASS,EDUCA,0.3,109595.49,4,4,109595.484,0.0,0.0,0.0,0.006,365318.3
1769160,IT,AU,CHEM1,NONME,0.23,109591.212,4,4,109591.2,0.0,0.0,0.0,0.012,476483.530435
1748054,IT,JP,BUSIN,ELECT,1.13,109582.114,4,4,109582.106,0.0,0.0,0.0,0.008,96975.322124
1801478,IT,WE,MOTO1,CHEM1,0.58,109558.621,4,4,109558.614,0.0,0.0,0.0,0.007,188894.174138
1810695,IT,WM,MOTOR,BITU1,0.16,109555.47,4,4,109555.461,0.0,0.0,0.0,0.009,684721.6875
1801405,IT,WE,OFFIC,RETA1,0.34,109554.176,4,4,109554.168,0.0,0.0,0.0,0.008,322218.164706
1770268,IT,AU,HOTEL,NONME,0.79,109553.355,4,4,109553.347,0.0,0.0,0.0,0.008,138675.132911
1741332,IT,US,PAPER,RENTI,0.42,109551.669,5,5,109550.658,0.0,1.0,0.0,0.011,260837.307143
1754923,IT,KR,TEXTI,TOBAC,0.65,109547.271,4,4,109547.256,0.0,0.0,0.0,0.015,168534.263077
1671056,IT,FI,RUBBE,COPP1,0.36,109541.232,4,4,109541.222,0.0,0.0,0.0,0.01,304281.2
1676484,IT,FR,RETA1,COLLE,1.14,109533.23,4,4,109533.223,0.0,0.0,0.0,0.007,96081.780702
1774248,IT,CH,RETA1,AIRTR,1.14,109522.786,4,4,109522.779,0.0,0.0,0.0,0.007,96072.619298
1666338,IT,ES,LIQUE,SALEM,0.19,109510.252,4,4,109510.243,0.0,0.0,0.0,0.009,576369.747368
1675030,IT,FR,PREC1,RECRE,0.19,109504.133,4,4,109504.128,0.0,0.0,0.0,0.005,576337.542105
1719005,IT,PL,KEROS,WHOLE,0.16,109498.621,4,4,109498.612,0.0,0.0,0.0,0.009,684366.38125
1799188,IT,WE,WEARI,COMPU,0.83,109478.115,4,4,109478.094,0.0,0.0,0.0,0.021,131901.343373
1745013,IT,US,PUBLI,TEXTI,1.79,109475.53,4,4,109475.522,0.0,0.0,0.0,0.008,61159.513966
1763598,IT,MX,CHEM1,AIRTR,0.23,109466.702,4,4,109466.69,0.0,0.0,0.0,0.012,475942.182609
1668625,IT,ES,RAILW,PLAST,0.73,109463.813,5,5,109462.808,0.0,0.0,1.0,0.005,149950.428767
1728624,IT,SE,PRINT,STONE,1.05,109459.355,4,4,109459.347,0.0,0.0,0.0,0.008,104247.004762
1641736,IT,AT,CHEM1,CROPS,0.23,109447.529,4,4,109447.517,0.0,0.0,0.0,0.012,475858.821739
1659585,IT,DE,HOTEL,PRINT,0.79,109444.908,4,4,109444.9,0.0,0.0,0.0,0.008,138537.858228
1677435,IT,FR,INSUR,AUXIL,2.26,109442.714,4,4,109442.709,0.0,0.0,0.0,0.005,48425.979646
1752814,IT,CA,PAPER,CHEM1,0.42,109434.653,5,5,109433.642,0.0,1.0,0.0,0.011,260558.697619
1669089,IT,ES,SUPPO,SEACO,0.79,109432.586,4,4,109432.581,0.0,0.0,0.0,0.005,138522.260759
1658456,IT,DE,FABRI,ELEC1,0.45,109432.269,4,4,109432.261,0.0,0.0,0.0,0.008,243182.82
1656905,IT,DE,HEAVY,93197,0.18,109424.384,4,4,109424.375,0.0,0.0,0.0,0.009,607913.244444
1647271,IT,BE,LANDT,RETA1,0.71,109424.36,4,4,109424.355,0.0,0.0,0.0,0.005,154118.816901
1744392,IT,US,INSUR,AUXIL,2.26,109419.014,4,4,109419.009,0.0,0.0,0.0,0.005,48415.49292
1711059,IT,LU,BASIC,FOOD3,0.13,109415.893,4,4,109415.886,0.0,0.0,0.0,0.007,841660.715385
1648151,IT,BE,BUSIN,CHEMI,1.12,109410.824,4,4,109410.816,0.0,0.0,0.0,0.008,97688.235714
1814100,IT,WM,AIRTR,PLAST,0.12,109365.198,4,4,109365.195,0.0,0.0,0.0,0.003,911376.65
1645819,IT,BE,RUBBE,WASTE,0.36,109350.898,4,4,109350.888,0.0,0.0,0.0,0.01,303752.494444
1652637,IT,CZ,WOODW,FABRI,0.31,109350.588,5,5,109349.581,0.0,1.0,0.0,0.007,352743.832258
1641625,IT,AT,BITU1,HEAVY,0.17,109346.658,4,4,109346.649,0.0,0.0,0.0,0.009,643215.635294
1811649,IT,WM,CHEM1,FOUND,0.23,109340.845,4,4,109340.833,0.0,0.0,0.0,0.012,475394.978261
1689384,IT,IE,RETA1,PUBLI,1.14,109338.686,4,4,109338.679,0.0,0.0,0.0,0.007,95911.12807
1674511,IT,FR,RUBBE,STONE,0.36,109319.986,4,4,109319.976,0.0,0.0,0.0,0.01,303666.627778
1756796,IT,KR,AIRTR,RENTI,0.12,109298.682,4,4,109298.679,0.0,0.0,0.0,0.003,910822.35
1711013,IT,LU,CEMEN,RENTI,0.17,109297.629,5,5,109296.624,0.0,0.0,1.0,0.005,642927.229412
1787749,IT,WA,VEGE1,PUBLI,0.34,109296.862,5,5,109295.838,0.0,1.0,0.0,0.024,321461.358824
1761309,IT,IN,RUBBE,EDUCA,0.36,109293.099,4,4,109293.089,0.0,0.0,0.0,0.01,303591.941667
1669043,IT,ES,SUPPO,PLAST,0.79,109287.138,4,4,109287.133,0.0,0.0,0.0,0.005,138338.149367
1648626,IT,BG,MEAT4,BUSIN,0.6,109283.31,4,4,109283.303,0.0,0.0,0.0,0.007,182138.85
1789047,IT,WA,NAPHT,MEDIC,0.19,109274.76,4,4,109274.752,0.0,0.0,0.0,0.008,575130.315789
1657380,IT,DE,RUBBE,FORES,0.36,109274.185,4,4,109274.175,0.0,0.0,0.0,0.01,303539.402778
1763503,IT,MX,CHEM1,VEGET,0.23,109274.108,4,4,109274.096,0.0,0.0,0.0,0.012,475104.817391
1655883,IT,DE,DAIRY,MOTO1,0.44,109264.099,5,5,109263.092,0.0,1.0,0.0,0.007,248327.497727
1809779,IT,WM,FOOD5,MOTOR,0.52,109250.382,5,5,109249.372,0.0,1.0,0.0,0.01,210096.888462
1813033,IT,WM,MACHI,INERT,0.61,109247.185,4,4,109247.176,0.0,0.0,0.0,0.009,179093.745902
1659203,IT,DE,CONST,PUBLI,0.61,109242.065,4,4,109242.059,0.0,0.0,0.0,0.006,179085.352459
1769252,IT,AU,RUBBE,PRINT,0.36,109234.018,4,4,109234.008,0.0,0.0,0.0,0.01,303427.827778
1786385,IT,ZA,MACHI,OFFIC,0.61,109229.49,4,4,109229.481,0.0,0.0,0.0,0.009,179064.737705
1690054,IT,IE,RENTI,TEXTI,0.65,109221.558,4,4,109221.552,0.0,0.0,0.0,0.006,168033.166154
1773008,IT,CH,ALUM1,MEATC,0.19,109213.117,4,4,109213.108,0.0,0.0,0.0,0.009,574805.878947
1741176,IT,US,LEATH,WHOLE,0.78,109209.642,5,5,109208.623,0.0,1.0,0.0,0.019,140012.361538
1664019,IT,EE,KEROS,SUPPO,0.16,109207.884,4,4,109207.875,0.0,0.0,0.0,0.009,682549.275
1764746,IT,MX,HOTEL,DISTR,0.79,109205.131,4,4,109205.123,0.0,0.0,0.0,0.008,138234.343038
1744057,IT,US,AIRTR,SEWAG,0.12,109198.283,4,4,109198.28,0.0,0.0,0.0,0.003,909985.691667
1718525,IT,PL,TEXTI,HEALT,0.65,109197.456,4,4,109197.442,0.0,0.0,0.0,0.014,167996.086154
1717074,IT,NL,LANDT,COMPU,0.7,109194.696,4,4,109194.691,0.0,0.0,0.0,0.005,155992.422857
1728265,IT,SE,BEVER,MEATP,0.46,109189.198,4,4,109189.191,0.0,0.0,0.0,0.007,237367.821739
1671140,IT,FI,GLASS,SALEM,0.3,109178.07,4,4,109178.064,0.0,0.0,0.0,0.006,363926.9
1800468,IT,WE,RUBBE,LIGNI,0.36,109178.021,4,4,109178.011,0.0,0.0,0.0,0.01,303272.280556
1745912,IT,JP,LEATH,PAPE1,0.78,109173.861,5,5,109172.842,0.0,1.0,0.0,0.019,139966.488462
1755425,IT,KR,HEAVY,CHEM1,0.18,109163.31,4,4,109163.301,0.0,0.0,0.0,0.009,606462.833333
1803400,IT,WF,CHEMI,COMPU,0.26,109162.669,5,5,109157.659,0.0,0.0,5.0,0.01,419856.419231
1813038,IT,WM,OFFIC,NATUR,0.34,109141.551,4,4,109141.543,0.0,0.0,0.0,0.008,321004.561765
1712936,IT,MT,WHEAT,MEATA,0.08,109134.879,5,5,109133.876,0.0,1.0,0.0,0.003,1364185.9875
1804708,IT,WF,LIQUE,ELEC2,0.19,109131.612,4,4,109131.603,0.0,0.0,0.0,0.009,574376.905263
1736393,IT,SK,LANDT,WOODW,0.7,109118.824,4,4,109118.819,0.0,0.0,0.0,0.005,155884.034286
1745655,IT,JP,TEXTI,ELECT,0.65,109109.33,4,4,109109.316,0.0,0.0,0.0,0.014,167860.507692
1769754,IT,AU,MACHI,LIQUE,0.61,109108.908,4,4,109108.899,0.0,0.0,0.0,0.009,178867.062295
1800581,IT,WE,GLASS,ALUMI,0.3,109103.486,4,4,109103.48,0.0,0.0,0.0,0.006,363678.286667
1661872,IT,DK,PAPER,HOTEL,0.42,109086.038,5,5,109085.027,0.0,1.0,0.0,0.011,259728.661905
1799499,IT,WE,PAPER,RAILW,0.42,109077.336,5,5,109076.325,0.0,1.0,0.0,0.011,259707.942857
1675564,IT,FR,MOTO1,WOODW,0.58,109069.165,4,4,109069.158,0.0,0.0,0.0,0.007,188050.284483
1794766,IT,WL,PLAST,NATU1,0.23,109064.842,4,4,109064.831,0.0,0.0,0.0,0.011,474194.965217
1679971,IT,GR,FABRI,ELEC5,0.44,109057.458,4,4,109057.45,0.0,0.0,0.0,0.008,247857.859091
1758189,IT,BR,BASIC,VEGET,0.13,109057.227,4,4,109057.22,0.0,0.0,0.0,0.007,838901.746154
1758464,IT,BR,MACHI,NATUR,0.61,109056.387,4,4,109056.378,0.0,0.0,0.0,0.009,178780.962295
1676298,IT,FR,SALEM,93197,0.88,109052.129,4,4,109052.122,0.0,0.0,0.0,0.007,123922.873864
1758838,IT,BR,HOTEL,MEAT1,0.79,109048.436,4,4,109048.428,0.0,0.0,0.0,0.008,138035.994937
1656474,IT,DE,PAPER,SANDC,0.42,109026.211,5,5,109025.2,0.0,1.0,0.0,0.011,259586.216667
1726971,IT,RO,HOTEL,LEAD1,0.79,109018.376,4,4,109018.368,0.0,0.0,0.0,0.008,137997.944304
1788932,IT,WA,HEAVY,FOOD5,0.18,109000.314,4,4,109000.305,0.0,0.0,0.0,0.009,605557.3
1775638,IT,CH,93197,WHOLE,0.73,108986.875,4,4,108986.865,0.0,0.0,0.0,0.01,149297.089041
1761494,IT,IN,ALUM1,PRINT,0.19,108981.682,4,4,108981.673,0.0,0.0,0.0,0.009,573587.8
1806343,IT,WF,MOTO1,CROPS,0.58,108980.367,4,4,108980.36,0.0,0.0,0.0,0.007,187897.184483
1742587,IT,US,ALUM1,CHEM1,0.19,108975.334,4,4,108975.325,0.0,0.0,0.0,0.009,573554.389474
1771719,IT,CH,LEATH,MEATC,0.78,108962.211,5,5,108961.192,0.0,1.0,0.0,0.019,139695.142308
1640245,IT,AT,FISHF,WHOLE,0.19,108959.376,4,4,108959.372,0.0,0.0,0.0,0.004,573470.4
1729180,IT,SE,GLASS,WOOD1,0.3,108959.206,4,4,108959.2,0.0,0.0,0.0,0.006,363197.353333
1742776,IT,US,FABRI,MEDIC,0.44,108956.428,4,4,108956.42,0.0,0.0,0.0,0.008,247628.245455
1726970,IT,RO,HOTEL,ALUM1,0.79,108944.252,4,4,108944.244,0.0,0.0,0.0,0.008,137904.116456
1811553,IT,WM,PFERT,GASDI,0.05,108940.85,4,4,108940.833,0.0,0.0,0.0,0.017,2178817.0
1661479,IT,DK,FOOD5,POULT,0.52,108940.135,5,5,108939.125,0.0,1.0,0.0,0.01,209500.259615
1646656,IT,BE,FURNI,WOODW,0.35,108934.576,4,4,108934.567,0.0,0.0,0.0,0.009,311241.645714
1654200,IT,CZ,MOTO1,REALE,0.58,108928.265,4,4,108928.258,0.0,0.0,0.0,0.007,187807.353448
1723928,IT,PT,CONST,MOTOR,0.61,108919.293,4,4,108919.287,0.0,0.0,0.0,0.006,178556.218033
1799285,IT,WE,LEATH,RAILW,0.78,108896.577,5,5,108895.558,0.0,1.0,0.0,0.019,139610.996154
1642566,IT,AT,NONF1,MOTO1,0.02,108888.706,3,3,108888.706,0.0,0.0,0.0,0.0,5444435.3
1684562,IT,HR,BUSIN,CONST,1.12,108884.511,4,4,108884.503,0.0,0.0,0.0,0.008,97218.313393
1733396,IT,SI,ELEC2,RUBBE,0.03,108878.38,4,4,108878.369,0.0,0.0,0.0,0.011,3629279.333333
1809365,IT,WM,SANDC,93197,0.25,108870.927,5,5,108846.923,0.0,0.0,24.0,0.004,435483.708
1642999,IT,AT,CONST,WOODW,0.61,108865.05,4,4,108865.044,0.0,0.0,0.0,0.006,178467.295082
1676579,IT,FR,HOTEL,BIODI,0.79,108861.439,4,4,108861.431,0.0,0.0,0.0,0.008,137799.289873
1794945,IT,WL,CHEM1,NFERT,0.23,108855.206,4,4,108855.194,0.0,0.0,0.0,0.012,473283.504348
1751604,IT,CN,POSTT,RETA1,1.79,108853.391,4,4,108853.383,0.0,0.0,0.0,0.008,60811.950279
1673633,IT,FR,WOODW,RENTI,0.3,108853.143,5,5,108852.136,0.0,1.0,0.0,0.007,362843.81
1641660,IT,AT,PETRO,PLAST,0.18,108841.562,4,4,108841.553,0.0,0.0,0.0,0.009,604675.344444
1687115,IT,HU,TRANS,OFFIC,0.65,108838.23,4,4,108838.224,0.0,0.0,0.0,0.006,167443.430769
1679921,IT,GR,FABRI,MEAT4,0.44,108827.391,4,4,108827.383,0.0,0.0,0.0,0.008,247334.979545
1662051,IT,DK,CHEM1,DAIRY,0.23,108823.028,4,4,108823.016,0.0,0.0,0.0,0.012,473143.6
1680025,IT,GR,MACHI,GASDI,0.61,108816.352,4,4,108816.343,0.0,0.0,0.0,0.009,178387.462295
1728939,IT,SE,CHEM1,STEAM,0.23,108808.707,4,4,108808.695,0.0,0.0,0.0,0.012,473081.334783
1643210,IT,AT,HOTEL,KEROS,0.79,108803.354,4,4,108803.346,0.0,0.0,0.0,0.008,137725.764557
1800651,IT,WE,CERAM,LEATH,0.17,108797.034,5,5,108796.028,0.0,0.0,1.0,0.006,639982.552941
1641068,IT,AT,PAPER,TEXTI,0.42,108794.774,5,5,108793.763,0.0,1.0,0.0,0.011,259035.17619
1680350,IT,GR,ELEC1,EDUCA,0.02,108778.457,4,4,108778.45,0.0,0.0,0.0,0.007,5438922.85
1781370,IT,NO,DAIRY,HOTEL,0.44,108775.413,5,5,108774.406,0.0,1.0,0.0,0.007,247216.847727
1757811,IT,BR,PFERT,PLANT,0.05,108771.944,4,4,108771.927,0.0,0.0,0.0,0.017,2175438.88
1662630,IT,DK,MACHI,NATUR,0.61,108740.319,4,4,108740.31,0.0,0.0,0.0,0.009,178262.818033
1735631,IT,SK,COPP1,DIST1,0.27,108733.322,4,4,108733.316,0.0,0.0,0.0,0.006,402716.007407
1663058,IT,DK,HOTEL,EDUCA,0.79,108726.15,4,4,108726.142,0.0,0.0,0.0,0.008,137628.037975
1677920,IT,FR,BUSIN,RETAI,1.12,108724.861,4,4,108724.853,0.0,0.0,0.0,0.008,97075.76875
1682908,IT,HR,NAPHT,FURNI,0.18,108723.446,4,4,108723.438,0.0,0.0,0.0,0.008,604019.144444
1757038,IT,KR,BUSIN,CHEM1,1.12,108712.044,4,4,108712.036,0.0,0.0,0.0,0.008,97064.325
1681108,IT,GR,SUPPO,DISTR,0.78,108706.303,4,4,108706.298,0.0,0.0,0.0,0.005,139367.055128
1810212,IT,WM,LEATH,NATUR,0.78,108700.452,5,5,108699.433,0.0,1.0,0.0,0.019,139359.553846
1810945,IT,WM,GASDI,WOODW,0.16,108671.506,4,4,108671.497,0.0,0.0,0.0,0.009,679196.9125
1643545,IT,AT,SEACO,KEROS,0.11,108667.054,4,4,108667.052,0.0,0.0,0.0,0.002,987882.309091
1678772,IT,GR,FOOD5,MEATP,0.52,108666.573,5,5,108665.563,0.0,1.0,0.0,0.01,208974.178846
1653347,IT,CZ,GLASS,MACHI,0.3,108662.0,4,4,108661.994,0.0,0.0,0.0,0.006,362206.666667
1740207,IT,GB,BUSIN,GASDI,1.12,108646.178,4,4,108646.171,0.0,0.0,0.0,0.007,97005.516071
1671994,IT,FI,LANDT,RESEA,0.7,108640.406,4,4,108640.401,0.0,0.0,0.0,0.005,155200.58
1687186,IT,HU,FURNI,RECRE,0.35,108639.792,4,4,108639.783,0.0,0.0,0.0,0.009,310399.405714
1750168,IT,CN,ALUM1,PLAST,0.19,108638.196,4,4,108638.187,0.0,0.0,0.0,0.009,571779.978947
1771157,IT,CH,MEAT1,HOTEL,0.51,108630.257,4,4,108630.244,0.0,0.0,0.0,0.013,213000.503922
1796107,IT,WL,TRANS,FOUND,0.65,108612.328,4,4,108612.322,0.0,0.0,0.0,0.006,167095.889231
1679366,IT,GR,PLAST,CEMEN,0.23,108610.994,4,4,108610.983,0.0,0.0,0.0,0.011,472221.713043
1644442,IT,BE,VEGE1,DAIRY,0.33,108609.782,5,5,108608.758,0.0,1.0,0.0,0.024,329120.551515
1805987,IT,WF,COPP1,WEARI,0.27,108603.378,4,4,108603.372,0.0,0.0,0.0,0.006,402234.733333
1660957,IT,DE,BUSIN,BIOGA,1.12,108601.16,4,4,108601.153,0.0,0.0,0.0,0.007,96965.321429
1795644,IT,WL,FABRI,GASDI,0.44,108592.565,4,4,108592.557,0.0,0.0,0.0,0.008,246801.284091
1680503,IT,GR,ELEC6,FABRI,0.02,108589.108,4,4,108589.091,0.0,0.0,0.0,0.017,5429455.4
1810312,IT,WM,WOODW,NATUR,0.3,108577.259,5,5,108576.252,0.0,1.0,0.0,0.007,361924.196667
1769537,IT,AU,ALUM1,BASIC,0.19,108555.669,4,4,108555.66,0.0,0.0,0.0,0.009,571345.626316
1782898,IT,NO,SEACO,MOTO1,0.11,108555.064,4,4,108555.062,0.0,0.0,0.0,0.002,986864.218182
1794800,IT,WL,PLAST,CHEM1,0.23,108552.26,4,4,108552.249,0.0,0.0,0.0,0.011,471966.347826
1799966,IT,WE,HEAVY,COKEO,0.18,108551.711,4,4,108551.702,0.0,0.0,0.0,0.009,603065.061111
1679503,IT,GR,CHEM1,LANDT,0.23,108551.525,4,4,108551.513,0.0,0.0,0.0,0.012,471963.152174
1679399,IT,GR,PLAST,PAPE4,0.23,108545.014,4,4,108545.003,0.0,0.0,0.0,0.011,471934.843478
1668941,IT,ES,AIRTR,LIQUE,0.12,108537.102,4,4,108537.099,0.0,0.0,0.0,0.003,904475.85
1780999,IT,TW,BUSIN,ELECT,1.11,108529.275,4,4,108529.268,0.0,0.0,0.0,0.007,97774.121622
1733412,IT,SI,ELEC2,BUSIN,0.03,108518.776,4,4,108518.765,0.0,0.0,0.0,0.011,3617292.533333
1650848,IT,BG,LANDT,MOTO1,0.7,108514.959,4,4,108514.954,0.0,0.0,0.0,0.005,155021.37
1665086,IT,ES,VEGE1,DAIRY,0.33,108505.71,5,5,108504.686,0.0,1.0,0.0,0.024,328805.181818
1719831,IT,PL,BASIC,ELEC7,0.12,108505.228,4,4,108505.221,0.0,0.0,0.0,0.007,904210.233333
1750447,IT,CN,MACHI,PATEN,0.61,108504.642,4,4,108504.633,0.0,0.0,0.0,0.009,177876.462295
1732324,IT,SI,NAPHT,SECO9,0.18,108491.396,4,4,108491.388,0.0,0.0,0.0,0.008,602729.977778
1769839,IT,AU,MACHI,MEMBE,0.61,108486.133,4,4,108486.124,0.0,0.0,0.0,0.009,177846.119672
1762221,IT,IN,SEACO,HOTEL,0.11,108481.092,4,4,108481.09,0.0,0.0,0.0,0.002,986191.745455
1798210,IT,WE,VEGET,LEATH,0.38,108478.969,4,4,108478.965,0.0,0.0,0.0,0.004,285470.971053
1756360,IT,KR,TRANS,AIRTR,0.65,108477.018,4,4,108477.012,0.0,0.0,0.0,0.006,166887.72
1672519,IT,FR,WHEAT,MEATA,0.08,108468.523,5,5,108467.52,0.0,1.0,0.0,0.003,1355856.5375
1780464,IT,TW,POSTT,PROCE,1.79,108467.908,4,4,108467.9,0.0,0.0,0.0,0.008,60596.596648
1653451,IT,CZ,NONME,FABRI,0.22,108465.817,4,4,108465.805,0.0,0.0,0.0,0.012,493026.440909
1775526,IT,CH,FOOD3,PUBLI,0.31,108461.216,4,4,108461.211,0.0,0.0,0.0,0.005,349874.890323
1715503,IT,NL,GASDI,VEGET,0.16,108456.172,4,4,108456.163,0.0,0.0,0.0,0.009,677851.075
1776444,IT,TR,MOTOR,STONE,0.16,108442.115,4,4,108442.106,0.0,0.0,0.0,0.009,677763.21875
1667576,IT,ES,FABRI,FOOD2,0.44,108430.414,4,4,108430.406,0.0,0.0,0.0,0.008,246432.759091
1723238,IT,PT,GLASS,PIGS9,0.3,108422.874,4,4,108422.868,0.0,0.0,0.0,0.006,361409.58
1667175,IT,ES,BASIC,RAILW,0.12,108420.16,4,4,108420.153,0.0,0.0,0.0,0.007,903501.333333
1656982,IT,DE,LIQUE,POSTT,0.19,108419.734,4,4,108419.725,0.0,0.0,0.0,0.009,570630.178947
1678653,IT,GR,MEATP,RAILW,0.44,108417.185,4,4,108417.173,0.0,0.0,0.0,0.012,246402.693182
1726369,IT,RO,COPP1,CHEM1,0.27,108413.154,4,4,108413.148,0.0,0.0,0.0,0.006,401530.2
1674666,IT,FR,GLASS,MOTOR,0.3,108405.092,4,4,108405.086,0.0,0.0,0.0,0.006,361350.306667
1748519,IT,CN,CHEMI,CHEM1,0.26,108397.045,5,5,108392.035,0.0,0.0,5.0,0.01,416911.711538
1669064,IT,ES,SUPPO,MOTO1,0.78,108396.572,4,4,108396.567,0.0,0.0,0.0,0.005,138969.964103
1647510,IT,BE,SUPPO,RUBBE,0.78,108395.97,4,4,108395.965,0.0,0.0,0.0,0.005,138969.192308
1655718,IT,DE,CHEMI,FOOD4,0.26,108391.805,5,5,108386.795,0.0,0.0,5.0,0.01,416891.557692
1810306,IT,WM,WOODW,CROPS,0.3,108390.49,5,5,108389.483,0.0,1.0,0.0,0.007,361301.633333
1727653,IT,RO,RENTI,MOTO1,0.65,108387.044,4,4,108387.038,0.0,0.0,0.0,0.006,166749.298462
1689742,IT,IE,FINAN,RETA1,1.41,108379.301,4,4,108379.298,0.0,0.0,0.0,0.003,76864.752482
1709514,IT,LT,LEATH,WOODW,0.78,108365.928,5,5,108364.909,0.0,1.0,0.0,0.019,138930.676923
1766858,IT,RU,MACHI,PLAS2,0.6,108364.115,4,4,108364.106,0.0,0.0,0.0,0.009,180606.858333
1764705,IT,MX,HOTEL,PRINT,0.79,108363.83,4,4,108363.822,0.0,0.0,0.0,0.008,137169.405063
1677010,IT,FR,AIRTR,MEMBE,0.12,108362.225,4,4,108362.222,0.0,0.0,0.0,0.003,903018.541667
1742675,IT,US,NONF1,PREC1,0.02,108362.191,3,3,108362.191,0.0,0.0,0.0,0.0,5418109.55
1755954,IT,KR,PREC1,MACHI,0.18,108340.442,4,4,108340.437,0.0,0.0,0.0,0.005,601891.344444
1759149,IT,BR,AIRTR,BLAST,0.12,108325.641,4,4,108325.638,0.0,0.0,0.0,0.003,902713.675
1665823,IT,ES,PRINT,BEVER,1.04,108320.453,4,4,108320.445,0.0,0.0,0.0,0.008,104154.281731
1753282,IT,CA,NONME,ALUM1,0.22,108319.836,4,4,108319.824,0.0,0.0,0.0,0.012,492362.890909
1680051,IT,GR,MACHI,ELECT,0.6,108317.967,4,4,108317.958,0.0,0.0,0.0,0.009,180529.945
1810029,IT,WM,TEXTI,BEVER,0.64,108315.188,4,4,108315.174,0.0,0.0,0.0,0.014,169242.48125
1685807,IT,HU,PLAST,REALE,0.23,108314.247,4,4,108314.236,0.0,0.0,0.0,0.011,470931.508696
1767101,IT,RU,FURNI,STEAM,0.35,108313.42,4,4,108313.411,0.0,0.0,0.0,0.009,309466.914286
1666113,IT,ES,GASDI,NUCLE,0.16,108310.565,4,4,108310.556,0.0,0.0,0.0,0.009,676941.03125
1788671,IT,WA,COKEO,CERAM,0.01,108307.516,3,3,108307.516,0.0,0.0,0.0,0.0,10830751.6
1776302,IT,TR,PAPER,PFERT,0.42,108304.189,5,5,108303.178,0.0,1.0,0.0,0.011,257867.116667
1760683,IT,IN,PAPER,PLAST,0.42,108302.523,5,5,108301.512,0.0,1.0,0.0,0.011,257863.15
1661535,IT,DK,BEVER,CATTL,0.46,108301.355,4,4,108301.348,0.0,0.0,0.0,0.007,235437.728261
1747889,IT,JP,RENTI,93197,0.65,108292.39,4,4,108292.384,0.0,0.0,0.0,0.006,166603.676923
1675496,IT,FR,OFFIC,ELECT,0.34,108289.54,4,4,108289.532,0.0,0.0,0.0,0.008,318498.647059
1759118,IT,BR,AIRTR,NFERT,0.12,108287.764,4,4,108287.761,0.0,0.0,0.0,0.003,902398.033333
1738835,IT,GB,MOTO1,LANDT,0.58,108283.923,4,4,108283.916,0.0,0.0,0.0,0.007,186696.418966
1666818,IT,ES,RUBBE,FOOD2,0.36,108279.562,4,4,108279.552,0.0,0.0,0.0,0.01,300776.561111
1813004,IT,WM,MACHI,DIST1,0.6,108273.118,4,4,108273.109,0.0,0.0,0.0,0.009,180455.196667
1813702,IT,WM,RETA1,REALE,1.13,108269.751,4,4,108269.744,0.0,0.0,0.0,0.007,95813.938938
1798191,IT,WE,VEGET,FISHF,0.38,108267.872,4,4,108267.868,0.0,0.0,0.0,0.004,284915.452632
1728450,IT,SE,LEATH,TEXTI,0.78,108264.616,5,5,108263.597,0.0,1.0,0.0,0.019,138800.789744
1812256,IT,WM,NONME,BUSIN,0.22,108254.551,4,4,108254.539,0.0,0.0,0.0,0.012,492066.140909
1778054,IT,TR,OFFIC,POSTT,0.34,108254.334,4,4,108254.326,0.0,0.0,0.0,0.008,318395.1
1671963,IT,FI,LANDT,NONF1,0.7,108250.081,4,4,108250.076,0.0,0.0,0.0,0.005,154642.972857
1646311,IT,BE,NONF1,PLAST,0.02,108250.012,3,3,108250.012,0.0,0.0,0.0,0.0,5412500.6
1776191,IT,TR,LEATH,RECRE,0.78,108236.591,5,5,108235.572,0.0,1.0,0.0,0.019,138764.860256
1645773,IT,BE,RUBBE,MEDIC,0.36,108232.966,4,4,108232.956,0.0,0.0,0.0,0.01,300647.127778
1729711,IT,SE,MACHI,RAWMI,0.6,108228.596,4,4,108228.587,0.0,0.0,0.0,0.009,180380.993333
1718615,IT,PL,LEATH,FABRI,0.78,108222.387,5,5,108221.368,0.0,1.0,0.0,0.019,138746.65
1785989,IT,ZA,RUBBE,PUBLI,0.36,108217.591,4,4,108217.581,0.0,0.0,0.0,0.01,300604.419444
1806522,IT,WF,FURNI,CATTL,0.35,108216.544,4,4,108216.535,0.0,0.0,0.0,0.009,309190.125714
1758419,IT,BR,FABRI,ELEC2,0.44,108214.835,4,4,108214.827,0.0,0.0,0.0,0.008,245942.806818
1799726,IT,WE,KEROS,COPPE,0.16,108203.442,4,4,108203.433,0.0,0.0,0.0,0.009,676271.5125
1645758,IT,BE,RUBBE,BRICK,0.36,108199.165,4,4,108199.155,0.0,0.0,0.0,0.01,300553.236111
1802755,IT,WE,RESEA,RESEA,0.59,108196.414,4,4,108196.406,0.0,0.0,0.0,0.008,183383.752542
1710654,IT,LU,MEAT4,COMPU,0.6,108195.208,4,4,108195.201,0.0,0.0,0.0,0.007,180325.346667
1739035,IT,GB,SALEM,MEMBE,0.87,108192.895,4,4,108192.888,0.0,0.0,0.0,0.007,124359.649425
1758925,IT,BR,HOTEL,93197,0.78,108186.65,4,4,108186.642,0.0,0.0,0.0,0.008,138700.833333
1757056,IT,KR,BUSIN,ELECT,1.11,108185.93,4,4,108185.923,0.0,0.0,0.0,0.007,97464.801802
1683233,IT,HR,CERAM,PRINT,0.17,108185.742,5,5,108184.736,0.0,0.0,1.0,0.006,636386.717647
1688683,IT,IE,CHEM1,REFIN,0.23,108176.698,4,4,108176.686,0.0,0.0,0.0,0.012,470333.469565
1803728,IT,WF,FISH5,MEAT1,0.45,108170.046,4,4,108169.99,0.0,0.0,0.0,0.056,240377.88
1759754,IT,BR,BUSIN,BIODI,1.11,108169.632,4,4,108169.625,0.0,0.0,0.0,0.007,97450.118919
1733675,IT,SI,HOTEL,MEMBE,0.78,108167.857,4,4,108167.849,0.0,0.0,0.0,0.008,138676.739744
1663298,IT,DK,INLAN,LANDT,0.17,108166.051,4,4,108166.044,0.0,0.0,0.0,0.007,636270.888235
1807022,IT,WF,LANDT,INSUR,0.7,108160.673,4,4,108160.668,0.0,0.0,0.0,0.005,154515.247143
1656599,IT,DE,PRINT,BASIC,1.04,108156.983,4,4,108156.975,0.0,0.0,0.0,0.008,103997.099038
1787760,IT,WA,DAIRY,MEATA,0.44,108154.56,5,5,108153.553,0.0,1.0,0.0,0.007,245805.818182
1741897,IT,US,CHEM1,WHITE,0.23,108154.159,4,4,108154.147,0.0,0.0,0.0,0.012,470235.473913
1764397,IT,MX,MOTO1,RETA1,0.58,108144.712,4,4,108144.705,0.0,0.0,0.0,0.007,186456.4
1742381,IT,US,NONME,COPP1,0.22,108124.478,4,4,108124.466,0.0,0.0,0.0,0.012,491474.9
1667338,IT,ES,LEAD1,PLAST,0.19,108117.004,4,4,108116.995,0.0,0.0,0.0,0.009,569036.863158
1772516,IT,CH,RUBBE,TEXTI,0.36,108105.901,4,4,108105.891,0.0,0.0,0.0,0.01,300294.169444
1751995,IT,CN,RESEA,CEMEN,0.59,108089.765,4,4,108089.757,0.0,0.0,0.0,0.008,183202.991525
1804887,IT,WF,BITU1,CHARC,0.17,108083.966,4,4,108083.957,0.0,0.0,0.0,0.009,635788.035294
1781063,IT,TW,PUBLI,MOTOR,1.77,108081.178,4,4,108081.17,0.0,0.0,0.0,0.008,61062.812429
1649790,IT,BG,BASIC,BUSIN,0.12,108078.075,4,4,108078.068,0.0,0.0,0.0,0.007,900650.625
1814002,IT,WM,SEACO,NONME,0.11,108074.113,4,4,108074.111,0.0,0.0,0.0,0.002,982491.936364
1673455,IT,FR,WEARI,FINAN,0.81,108065.822,4,4,108065.801,0.0,0.0,0.0,0.021,133414.595062
1792406,IT,WA,INSUR,LEAD1,2.23,108060.364,4,4,108060.359,0.0,0.0,0.0,0.005,48457.562332
1761134,IT,IN,CHEM1,PETRO,0.23,108059.521,4,4,108059.509,0.0,0.0,0.0,0.012,469824.004348
1664224,IT,EE,CEMEN,CEMEN,0.17,108051.793,5,5,108050.788,0.0,0.0,1.0,0.005,635598.782353
1776353,IT,TR,PAPER,RESEA,0.42,108041.433,5,5,108040.422,0.0,1.0,0.0,0.011,257241.507143
1777825,IT,TR,FABRI,OFFIC,0.44,108040.512,4,4,108040.504,0.0,0.0,0.0,0.008,245546.618182
1796848,IT,WL,SEACO,MOTOR,0.11,108036.006,4,4,108036.004,0.0,0.0,0.0,0.002,982145.509091
1752898,IT,CA,HEAVY,PRECI,0.17,108029.271,4,4,108029.262,0.0,0.0,0.0,0.009,635466.3
1795101,IT,WL,RUBBE,VEGE1,0.36,108025.197,4,4,108025.187,0.0,0.0,0.0,0.01,300069.991667
1688537,IT,IE,PAPER,WHOLE,0.42,108014.574,5,5,108013.563,0.0,1.0,0.0,0.011,257177.557143
1685459,IT,HU,WOODW,WHOLE,0.3,108013.079,5,5,108012.072,0.0,1.0,0.0,0.007,360043.596667
1748770,IT,CN,TEXTI,FISHF,0.64,108011.485,4,4,108011.471,0.0,0.0,0.0,0.014,168767.945312
1811643,IT,WM,CHEM1,BASIC,0.23,108003.434,4,4,108003.422,0.0,0.0,0.0,0.012,469580.147826
1766490,IT,RU,ALUM1,ELECT,0.19,107990.823,4,4,107990.814,0.0,0.0,0.0,0.009,568372.752632
1787212,IT,WA,VEGET,MEATA,0.38,107987.927,4,4,107987.923,0.0,0.0,0.0,0.004,284178.755263
1769857,IT,AU,OFFIC,CONST,0.33,107987.44,4,4,107987.432,0.0,0.0,0.0,0.008,327234.666667
1743192,IT,US,TRANS,BITUM,0.64,107979.36,4,4,107979.354,0.0,0.0,0.0,0.006,168717.75
1748510,IT,CN,SANDC,CONST,0.25,107974.608,5,5,107950.604,0.0,0.0,24.0,0.004,431898.432
1805376,IT,WF,RUBBE,NONME,0.36,107966.651,4,4,107966.641,0.0,0.0,0.0,0.01,299907.363889
1683186,IT,HR,GLASS,OFFIC,0.3,107965.851,4,4,107965.845,0.0,0.0,0.0,0.006,359886.17
1666639,IT,ES,CHEM1,OILHA,0.23,107965.826,4,4,107965.814,0.0,0.0,0.0,0.012,469416.634783
1726044,IT,RO,CHEM1,WOOD2,0.23,107962.002,4,4,107961.99,0.0,0.0,0.0,0.012,469400.008696
1731357,IT,SI,DAIRY,EDUCA,0.44,107956.229,5,5,107955.222,0.0,1.0,0.0,0.007,245355.065909
1775094,IT,CH,RENTI,93197,0.65,107949.615,4,4,107949.609,0.0,0.0,0.0,0.006,166076.330769
1785157,IT,ZA,FOOD5,FORES,0.52,107944.308,5,5,107943.298,0.0,1.0,0.0,0.01,207585.207692
1760490,IT,IN,TEXTI,FURNI,0.64,107940.099,4,4,107940.085,0.0,0.0,0.0,0.014,168656.404688
1642321,IT,AT,BASIC,BIODI,0.12,107936.878,4,4,107936.871,0.0,0.0,0.0,0.007,899473.983333
1802939,IT,WF,WHEAT,ANIMA,0.08,107930.104,5,5,107929.101,0.0,1.0,0.0,0.003,1349126.3
1679919,IT,GR,FABRI,MEATP,0.44,107929.526,4,4,107929.518,0.0,0.0,0.0,0.008,245294.377273
1658304,IT,DE,COPP1,TRAN1,0.27,107919.619,4,4,107919.613,0.0,0.0,0.0,0.006,399702.292593
1671230,IT,FI,BASIC,TEXTI,0.12,107917.362,4,4,107917.355,0.0,0.0,0.0,0.007,899311.35
1683020,IT,HR,CHEM1,FURNI,0.23,107910.704,4,4,107910.692,0.0,0.0,0.0,0.012,469176.973913
1757483,IT,BR,PAPER,RETA1,0.42,107897.934,5,5,107896.923,0.0,1.0,0.0,0.011,256899.842857
1770247,IT,AU,HOTEL,KEROS,0.78,107893.36,4,4,107893.352,0.0,0.0,0.0,0.008,138324.820513
1789744,IT,WA,GLASS,WOODW,0.3,107884.115,4,4,107884.109,0.0,0.0,0.0,0.006,359613.716667
1656542,IT,DE,PAPER,SUPPO,0.42,107873.816,5,5,107872.805,0.0,1.0,0.0,0.011,256842.419048
1711083,IT,LU,ALUM1,ALUM1,0.19,107871.555,4,4,107871.546,0.0,0.0,0.0,0.009,567745.026316
1789421,IT,WA,CHEM1,AIRTR,0.23,107861.099,4,4,107861.087,0.0,0.0,0.0,0.012,468961.3
1777999,IT,TR,MACHI,FOOD4,0.6,107845.998,4,4,107845.989,0.0,0.0,0.0,0.009,179743.33
1644565,IT,BE,PROCE,SUPPO,0.73,107837.96,4,4,107837.953,0.0,0.0,0.0,0.007,147723.232877
1749956,IT,CN,CERAM,WOODW,0.17,107834.317,5,5,107833.311,0.0,0.0,1.0,0.006,634319.511765
1750616,IT,CN,OFFIC,RETA1,0.33,107825.057,4,4,107825.049,0.0,0.0,0.0,0.008,326742.59697
1774314,IT,CH,HOTEL,KEROS,0.78,107823.315,4,4,107823.307,0.0,0.0,0.0,0.008,138235.019231
1746536,IT,JP,NONME,MACHI,0.22,107814.576,4,4,107814.564,0.0,0.0,0.0,0.012,490066.254545
1810467,IT,WM,PULP5,RESEA,0.33,107813.209,5,5,107812.199,0.0,1.0,0.0,0.01,326706.693939
1760844,IT,IN,MOTOR,POSTT,0.16,107811.744,4,4,107811.735,0.0,0.0,0.0,0.009,673823.4
1668969,IT,ES,AIRTR,FURNI,0.12,107808.491,4,4,107808.488,0.0,0.0,0.0,0.003,898404.091667
1684356,IT,HR,SUPPO,SUPPO,0.77,107798.85,4,4,107798.845,0.0,0.0,0.0,0.005,139998.506494
1648070,IT,BE,COMPU,RESEA,1.23,107798.003,4,4,107797.996,0.0,0.0,0.0,0.007,87640.652846
1711041,IT,LU,BASIC,COPP1,0.12,107793.368,4,4,107793.361,0.0,0.0,0.0,0.007,898278.066667
1784517,IT,ID,FABRI,MOTO1,0.44,107789.173,4,4,107789.165,0.0,0.0,0.0,0.008,244975.393182
1729164,IT,SE,GLASS,WHOLE,0.3,107786.797,4,4,107786.791,0.0,0.0,0.0,0.006,359289.323333
1675366,IT,FR,MACHI,KEROS,0.6,107774.897,4,4,107774.888,0.0,0.0,0.0,0.009,179624.828333
1725395,IT,RO,TEXTI,LEAD1,0.64,107772.574,4,4,107772.56,0.0,0.0,0.0,0.014,168394.646875
1686382,IT,HU,BASIC,DAIRY,0.12,107768.82,4,4,107768.813,0.0,0.0,0.0,0.007,898073.5
1752549,IT,CA,FOOD5,93197,0.52,107767.717,5,5,107766.707,0.0,1.0,0.0,0.01,207245.609615
1744703,IT,US,COMPU,HOTEL,1.23,107764.234,4,4,107764.227,0.0,0.0,0.0,0.007,87613.198374
1715809,IT,NL,RUBBE,BEVER,0.36,107761.217,4,4,107761.207,0.0,0.0,0.0,0.01,299336.713889
1732308,IT,SI,NAPHT,CERAM,0.18,107758.727,4,4,107758.719,0.0,0.0,0.0,0.008,598659.594444
1685804,IT,HU,PLAST,LANDT,0.23,107750.675,4,4,107750.664,0.0,0.0,0.0,0.011,468481.195652
1746497,IT,JP,CERAM,FURNI,0.17,107738.208,5,5,107737.202,0.0,0.0,1.0,0.006,633754.164706
1749506,IT,CN,PETRO,MOTOR,0.18,107734.826,4,4,107734.818,0.0,0.0,0.0,0.008,598526.811111
1684198,IT,HR,LANDT,PUBLI,0.69,107732.616,4,4,107732.611,0.0,0.0,0.0,0.005,156134.226087
1716065,IT,NL,BASIC,CHEMI,0.12,107704.357,4,4,107704.35,0.0,0.0,0.0,0.007,897536.308333
1795911,IT,WL,OFFIC,93197,0.33,107701.921,4,4,107701.913,0.0,0.0,0.0,0.008,326369.457576
1671416,IT,FI,FABRI,CEMEN,0.44,107695.947,4,4,107695.939,0.0,0.0,0.0,0.008,244763.515909
1784178,IT,ID,PAPER,RETA1,0.42,107692.56,5,5,107691.549,0.0,1.0,0.0,0.011,256410.857143
1755620,IT,KR,ADDIT,PLAST,0.25,107684.675,5,5,107683.667,0.0,1.0,0.0,0.008,430738.7
1663072,IT,DK,HOTEL,MEMBE,0.78,107684.3,4,4,107684.292,0.0,0.0,0.0,0.008,138056.794872
1666180,IT,ES,GASDI,93197,0.16,107684.124,4,4,107684.115,0.0,0.0,0.0,0.009,673025.775
1746263,IT,JP,CHEM1,MEDIC,0.23,107674.456,4,4,107674.444,0.0,0.0,0.0,0.012,468149.808696
1667010,IT,ES,CEMEN,WHOLE,0.17,107672.194,5,5,107671.189,0.0,0.0,1.0,0.005,633365.847059
1651214,IT,BG,BUSIN,SUPPO,1.11,107669.082,4,4,107669.075,0.0,0.0,0.0,0.007,96999.172973
1717363,IT,NL,FINAN,AUXIL,1.4,107666.612,4,4,107666.609,0.0,0.0,0.0,0.003,76904.722857
1775057,IT,CH,RENTI,CEMEN,0.64,107665.831,4,4,107665.825,0.0,0.0,0.0,0.006,168227.860938
1801130,IT,WE,NONF1,93197,0.02,107661.341,3,3,107661.341,0.0,0.0,0.0,0.0,5383067.05
1768911,IT,AU,WOODW,REALE,0.3,107652.988,5,5,107651.981,0.0,1.0,0.0,0.007,358843.293333
1775815,IT,TR,CHEMI,FOUND,0.26,107652.003,5,5,107646.993,0.0,0.0,5.0,0.01,414046.165385
1650815,IT,BG,LANDT,FOOD5,0.69,107630.651,4,4,107630.646,0.0,0.0,0.0,0.005,155986.450725
1804420,IT,WF,KEROS,RECRE,0.16,107627.601,4,4,107627.592,0.0,0.0,0.0,0.009,672672.50625
1727799,IT,RO,BUSIN,PFERT,1.11,107621.369,4,4,107621.362,0.0,0.0,0.0,0.007,96956.188288
1774658,IT,CH,AIRTR,FURNI,0.12,107618.739,4,4,107618.736,0.0,0.0,0.0,0.003,896822.825
1732330,IT,SI,NAPHT,BIOG1,0.18,107607.3,4,4,107607.292,0.0,0.0,0.0,0.008,597818.333333
1747056,IT,JP,FURNI,WOODW,0.34,107603.354,4,4,107603.345,0.0,0.0,0.0,0.009,316480.452941
1716991,IT,NL,LANDT,BEVER,0.69,107603.244,4,4,107603.239,0.0,0.0,0.0,0.005,155946.730435
1651739,IT,CY,MACHI,MACHI,0.6,107602.619,4,4,107602.61,0.0,0.0,0.0,0.009,179337.698333
1668702,IT,ES,LANDT,FISH5,0.69,107592.235,4,4,107592.23,0.0,0.0,0.0,0.005,155930.775362
1798423,IT,WE,NATUR,DAIRY,0.15,107582.042,4,4,107582.035,0.0,0.0,0.0,0.007,717213.613333
1658542,IT,DE,MACHI,MEATP,0.6,107573.371,4,4,107573.362,0.0,0.0,0.0,0.009,179288.951667
1749910,IT,CN,GLASS,BEVER,0.3,107562.089,4,4,107562.083,0.0,0.0,0.0,0.006,358540.296667
1786689,IT,ZA,WHOLE,HEALT,0.93,107555.21,4,4,107555.204,0.0,0.0,0.0,0.006,115650.763441
1788878,IT,WA,GASDI,ELEC6,0.16,107544.757,4,4,107544.748,0.0,0.0,0.0,0.009,672154.73125
1689351,IT,IE,RETA1,MOTO1,1.12,107540.944,4,4,107540.937,0.0,0.0,0.0,0.007,96018.7
1772314,IT,CH,PLAST,HEAVY,0.23,107526.721,4,4,107526.71,0.0,0.0,0.0,0.011,467507.482609
1795141,IT,WL,RUBBE,ALUM1,0.36,107516.007,4,4,107515.997,0.0,0.0,0.0,0.01,298655.575
1733353,IT,SI,TRANS,TRANS,0.64,107510.792,4,4,107510.786,0.0,0.0,0.0,0.006,167985.6125
1723693,IT,PT,MACHI,GLASS,0.6,107508.157,4,4,107508.148,0.0,0.0,0.0,0.009,179180.261667
1650498,IT,BG,ELEC6,WEARI,0.02,107492.177,4,4,107492.16,0.0,0.0,0.0,0.017,5374608.85
1813293,IT,WM,TRANS,HOTEL,0.64,107486.699,4,4,107486.693,0.0,0.0,0.0,0.006,167947.967187
1788444,IT,WA,PULP5,TEXTI,0.33,107475.245,5,5,107474.235,0.0,1.0,0.0,0.01,325682.560606
1651997,IT,CZ,VEGET,MEATC,0.38,107466.323,4,4,107466.319,0.0,0.0,0.0,0.004,282806.113158
1640598,IT,AT,BEVER,RAWMI,0.46,107461.089,4,4,107461.082,0.0,0.0,0.0,0.007,233611.063043
1658233,IT,DE,LEAD1,RENTI,0.19,107458.911,4,4,107458.902,0.0,0.0,0.0,0.009,565573.215789
1672757,IT,FR,MEATC,RETA1,0.36,107457.769,5,5,107455.762,0.0,2.0,0.0,0.007,298493.802778
1663269,IT,DK,SEACO,TRANS,0.11,107454.699,4,4,107454.697,0.0,0.0,0.0,0.002,976860.9
1796877,IT,WL,SEACO,ELEC2,0.11,107452.728,4,4,107452.726,0.0,0.0,0.0,0.002,976842.981818
1788643,IT,WA,PRINT,RETA1,1.03,107449.569,4,4,107449.561,0.0,0.0,0.0,0.008,104319.969903
1750432,IT,CN,MACHI,OILSE,0.6,107432.328,4,4,107432.319,0.0,0.0,0.0,0.009,179053.88
1781873,IT,NO,CHEM1,MEATC,0.22,107419.957,4,4,107419.945,0.0,0.0,0.0,0.012,488272.531818
1666821,IT,ES,RUBBE,FOOD4,0.36,107412.079,4,4,107412.069,0.0,0.0,0.0,0.01,298366.886111
1651558,IT,CY,RUBBE,LANDT,0.36,107410.208,4,4,107410.198,0.0,0.0,0.0,0.01,298361.688889
1720308,IT,PL,FABRI,FOUND,0.44,107398.802,4,4,107398.794,0.0,0.0,0.0,0.008,244088.186364
1792716,IT,WA,BUSIN,FOOD5,1.1,107393.641,4,4,107393.634,0.0,0.0,0.0,0.007,97630.582727
1788686,IT,WA,MOTOR,CATTL,0.16,107390.635,4,4,107390.626,0.0,0.0,0.0,0.009,671191.46875
1723929,IT,PT,CONST,KEROS,0.6,107376.163,4,4,107376.157,0.0,0.0,0.0,0.006,178960.271667
1649323,IT,BG,PLAST,WOODW,0.23,107369.138,4,4,107369.127,0.0,0.0,0.0,0.011,466822.33913
1664793,IT,ES,VEGET,MEAT1,0.38,107368.885,4,4,107368.881,0.0,0.0,0.0,0.004,282549.697368
1657700,IT,DE,BRICK,CRUDE,0.16,107366.226,5,5,107365.219,0.0,0.0,1.0,0.007,671038.9125
1788011,IT,WA,TEXTI,MOTOR,0.64,107357.961,4,4,107357.947,0.0,0.0,0.0,0.014,167746.814062
1788410,IT,WA,WOODW,RESEA,0.3,107350.69,5,5,107349.683,0.0,1.0,0.0,0.007,357835.633333
1664868,IT,ES,FORES,PAPER,0.94,107345.484,5,5,107304.481,0.0,41.0,0.0,0.003,114197.323404
1657039,IT,DE,PARAF,HEAVY,0.17,107344.766,4,4,107344.758,0.0,0.0,0.0,0.008,631439.8
1711591,IT,LU,FINAN,RENTI,1.4,107339.602,4,4,107339.599,0.0,0.0,0.0,0.003,76671.144286
1804319,IT,WF,MOTOR,FOUND,0.16,107322.698,4,4,107322.689,0.0,0.0,0.0,0.009,670766.8625
1724405,IT,PT,AIRTR,BEVER,0.12,107322.576,4,4,107322.573,0.0,0.0,0.0,0.003,894354.8
1741793,IT,US,PLAST,LEATH,0.23,107321.898,4,4,107321.887,0.0,0.0,0.0,0.011,466616.947826
1644439,IT,BE,VEGE1,MEAT1,0.33,107321.428,5,5,107320.405,0.0,1.0,0.0,0.023,325216.448485
1745435,IT,JP,DAIRY,WHOLE,0.44,107311.811,5,5,107310.804,0.0,1.0,0.0,0.007,243890.479545
1772549,IT,CH,RUBBE,ELECT,0.36,107303.265,4,4,107303.255,0.0,0.0,0.0,0.01,298064.625
1754270,IT,CA,POSTT,COMPU,1.77,107301.12,4,4,107301.112,0.0,0.0,0.0,0.008,60622.101695
1720283,IT,PL,FABRI,MOTOR,0.44,107300.755,4,4,107300.747,0.0,0.0,0.0,0.008,243865.352273
1752311,IT,CA,CHEMI,NONME,0.26,107300.586,5,5,107295.576,0.0,0.0,5.0,0.01,412694.561538
1772717,IT,CH,CERAM,MEMBE,0.17,107292.416,5,5,107291.41,0.0,0.0,1.0,0.006,631131.858824
1757877,IT,BR,CHEM1,BITU1,0.22,107286.417,4,4,107286.405,0.0,0.0,0.0,0.012,487665.531818
1712275,IT,LV,PLAST,REALE,0.23,107277.459,4,4,107277.448,0.0,0.0,0.0,0.011,466423.734783
1749548,IT,CN,PLAST,PFERT,0.23,107250.933,4,4,107250.922,0.0,0.0,0.0,0.011,466308.404348
1788557,IT,WA,PAPER,CHEM1,0.42,107249.108,5,5,107248.097,0.0,1.0,0.0,0.011,255355.019048
1750719,IT,CN,MOTO1,RENTI,0.57,107245.686,4,4,107245.679,0.0,0.0,0.0,0.007,188150.326316
1767108,IT,RU,FURNI,HOTEL,0.34,107245.676,4,4,107245.667,0.0,0.0,0.0,0.009,315428.458824
1643718,IT,AT,SUPPO,NONF1,0.77,107245.611,4,4,107245.606,0.0,0.0,0.0,0.005,139280.014286
1776627,IT,TR,GASDI,FURNI,0.16,107241.415,4,4,107241.406,0.0,0.0,0.0,0.009,670258.84375
1732553,IT,SI,RUBBE,RETA1,0.36,107231.914,4,4,107231.904,0.0,0.0,0.0,0.01,297866.427778
1792284,IT,WA,POSTT,LANDT,1.77,107224.918,4,4,107224.91,0.0,0.0,0.0,0.008,60579.049718
1809348,IT,WM,SANDC,GASDI,0.25,107214.314,5,5,107190.31,0.0,0.0,24.0,0.004,428857.256
1673329,IT,FR,TEXTI,COPP1,0.64,107212.729,4,4,107212.715,0.0,0.0,0.0,0.014,167519.889062
1663254,IT,DK,SEACO,RUBBE,0.11,107204.871,4,4,107204.869,0.0,0.0,0.0,0.002,974589.736364
1744879,IT,US,BUSIN,DAIRY,1.1,107199.608,4,4,107199.601,0.0,0.0,0.0,0.007,97454.189091
1659418,IT,DE,WHOLE,FOUND,0.93,107199.117,4,4,107199.111,0.0,0.0,0.0,0.006,115267.867742
1791997,IT,WA,SEACO,REALE,0.11,107185.434,4,4,107185.432,0.0,0.0,0.0,0.002,974413.036364
1740829,IT,US,VEGE1,LIQUI,0.33,107173.792,5,5,107172.769,0.0,1.0,0.0,0.023,324769.066667
1804383,IT,WF,KEROS,ALUM1,0.16,107168.152,4,4,107168.143,0.0,0.0,0.0,0.009,669800.95
1670635,IT,FI,LEATH,PREC1,0.77,107165.684,5,5,107164.665,0.0,1.0,0.0,0.019,139176.212987
1717634,IT,NL,BUSIN,DAIRY,1.1,107160.047,4,4,107160.04,0.0,0.0,0.0,0.007,97418.224545
1642951,IT,AT,FURNI,MACHI,0.34,107150.22,4,4,107150.211,0.0,0.0,0.0,0.009,315147.705882
1784154,IT,ID,PAPER,WOODW,0.42,107144.349,5,5,107143.338,0.0,1.0,0.0,0.011,255105.592857
1772180,IT,CH,GASDI,WOODW,0.16,107137.141,4,4,107137.132,0.0,0.0,0.0,0.009,669607.13125
1681570,IT,GR,BUSIN,AIRTR,1.1,107131.295,4,4,107131.288,0.0,0.0,0.0,0.007,97392.086364
1729299,IT,SE,NONME,PAPER,0.22,107115.753,4,4,107115.741,0.0,0.0,0.0,0.012,486889.786364
1767150,IT,RU,SALEM,PUBLI,0.86,107109.61,4,4,107109.603,0.0,0.0,0.0,0.007,124546.05814
1640441,IT,AT,VEGE1,WHOLE,0.33,107102.75,5,5,107101.727,0.0,1.0,0.0,0.023,324553.787879
1685920,IT,HU,CHEM1,SUPPO,0.22,107096.401,4,4,107096.389,0.0,0.0,0.0,0.012,486801.822727
1744801,IT,US,RESEA,ELEC3,0.58,107096.33,4,4,107096.322,0.0,0.0,0.0,0.008,184648.844828
1640131,IT,AT,CEREA,RAWMI,0.17,107094.556,5,5,107093.55,0.0,1.0,0.0,0.006,629967.976471
1766374,IT,RU,BASIC,FISH5,0.12,107094.31,4,4,107094.303,0.0,0.0,0.0,0.007,892452.583333
1804804,IT,WF,NAPHT,NONF1,0.18,107090.223,4,4,107090.215,0.0,0.0,0.0,0.008,594945.683333
1744871,IT,US,BUSIN,NATUR,1.1,107085.316,4,4,107085.309,0.0,0.0,0.0,0.007,97350.287273
1724887,IT,PT,BUSIN,MACHI,1.1,107073.428,4,4,107073.421,0.0,0.0,0.0,0.007,97339.48
1765600,IT,RU,WOODW,TOBAC,0.3,107071.35,5,5,107070.343,0.0,1.0,0.0,0.007,356904.5
1769685,IT,AU,FABRI,EDUCA,0.44,107071.249,4,4,107071.241,0.0,0.0,0.0,0.008,243343.747727
1673494,IT,FR,LEATH,PIGS9,0.77,107064.838,5,5,107063.819,0.0,1.0,0.0,0.019,139045.244156
1682628,IT,HR,KEROS,CEMEN,0.16,107055.726,4,4,107055.717,0.0,0.0,0.0,0.009,669098.2875
1690051,IT,IE,RENTI,FOOD5,0.64,107054.978,4,4,107054.972,0.0,0.0,0.0,0.006,167273.403125
1810635,IT,WM,COKEO,CEMEN,0.01,107054.872,3,3,107054.872,0.0,0.0,0.0,0.0,10705487.2
1659519,IT,DE,RETA1,DIST1,1.12,107041.963,4,4,107041.956,0.0,0.0,0.0,0.007,95573.18125
1787551,IT,WA,CHEMI,CONST,0.26,107041.362,5,5,107036.352,0.0,0.0,5.0,0.01,411697.546154
1648117,IT,BE,RESEA,NONME,0.58,107040.867,4,4,107040.86,0.0,0.0,0.0,0.007,184553.218966
1651783,IT,CY,MOTO1,PRINT,0.57,107039.939,4,4,107039.932,0.0,0.0,0.0,0.007,187789.366667
1812680,IT,WM,COPP1,MOTO1,0.27,107029.35,4,4,107029.344,0.0,0.0,0.0,0.006,396405.0
1781759,IT,NO,PAPER,HEALT,0.41,107029.275,5,5,107028.264,0.0,1.0,0.0,0.011,261047.012195
1665441,IT,ES,TEXTI,RECRE,0.63,107024.328,4,4,107024.314,0.0,0.0,0.0,0.014,169879.885714
1652000,IT,CZ,VEGET,MEAT4,0.38,107023.346,4,4,107023.342,0.0,0.0,0.0,0.004,281640.384211
1718981,IT,PL,PRINT,RECRE,1.03,107018.192,4,4,107018.184,0.0,0.0,0.0,0.008,103901.157282
1716997,IT,NL,LANDT,WOODW,0.69,107007.153,4,4,107007.148,0.0,0.0,0.0,0.005,155082.830435
1677410,IT,FR,INSUR,TRANS,2.21,106999.452,4,4,106999.447,0.0,0.0,0.0,0.005,48416.041629
1649320,IT,BG,PLAST,TEXTI,0.22,106998.102,4,4,106998.091,0.0,0.0,0.0,0.011,486355.009091
1713355,IT,MT,GASDI,LANDT,0.16,106988.257,4,4,106988.248,0.0,0.0,0.0,0.009,668676.60625
1676087,IT,FR,ELEC7,RECRE,0.07,106982.407,3,3,106982.407,0.0,0.0,0.0,0.0,1528320.1
1683389,IT,HR,BASIC,LEATH,0.12,106959.991,4,4,106959.984,0.0,0.0,0.0,0.007,891333.258333
1764853,IT,MX,SEACO,HEALT,0.11,106959.222,4,4,106959.22,0.0,0.0,0.0,0.002,972356.563636
1690117,IT,IE,COMPU,PRINT,1.22,106949.308,4,4,106949.301,0.0,0.0,0.0,0.007,87663.367213
1682087,IT,HR,TEXTI,FORES,0.63,106946.498,4,4,106946.484,0.0,0.0,0.0,0.014,169756.346032
1757144,IT,BR,STONE,FABRI,0.35,106946.436,5,5,106940.431,0.0,0.0,6.0,0.005,305561.245714
1779797,IT,TR,BUSIN,COMPU,1.1,106943.125,4,4,106943.118,0.0,0.0,0.0,0.007,97221.022727
1683728,IT,HR,MACHI,CHEM1,0.6,106939.138,4,4,106939.129,0.0,0.0,0.0,0.009,178231.896667
1805286,IT,WF,ADDIT,MOTOR,0.25,106932.663,5,5,106931.655,0.0,1.0,0.0,0.008,427730.652
1787712,IT,WA,VEGE1,PLAST,0.33,106932.195,5,5,106931.172,0.0,1.0,0.0,0.023,324036.954545
1725396,IT,RO,TEXTI,COPP1,0.63,106923.036,4,4,106923.022,0.0,0.0,0.0,0.014,169719.104762
1760811,IT,IN,COKEO,MEDIC,0.01,106920.879,3,3,106920.879,0.0,0.0,0.0,0.0,10692087.9
1749407,IT,CN,KEROS,COPPE,0.16,106918.652,4,4,106918.643,0.0,0.0,0.0,0.009,668241.575
1682960,IT,HR,PLAST,OFFIC,0.22,106914.61,4,4,106914.599,0.0,0.0,0.0,0.011,485975.5
1723043,IT,PT,CHEM1,CEREA,0.22,106909.535,4,4,106909.523,0.0,0.0,0.0,0.012,485952.431818
1710705,IT,LU,FOOD5,MEATP,0.51,106906.882,4,4,106906.872,0.0,0.0,0.0,0.01,209621.337255
1787936,IT,WA,BEVER,93197,0.45,106895.801,4,4,106895.794,0.0,0.0,0.0,0.007,237546.224444
1757441,IT,BR,PAPER,BEVER,0.41,106883.231,5,5,106882.22,0.0,1.0,0.0,0.011,260690.807317
1757681,IT,BR,HEAVY,BASIC,0.17,106881.636,4,4,106881.627,0.0,0.0,0.0,0.009,628715.505882
1789936,IT,WA,CEMEN,LEAD1,0.17,106875.88,5,5,106874.875,0.0,0.0,1.0,0.005,628681.647059
1766953,IT,RU,MOTO1,BASIC,0.57,106862.034,4,4,106862.027,0.0,0.0,0.0,0.007,187477.252632
1805545,IT,WF,BRICK,PRECI,0.16,106856.368,5,5,106855.361,0.0,0.0,1.0,0.007,667852.3
1713848,IT,MT,ELEC1,INERT,0.02,106853.309,4,4,106853.302,0.0,0.0,0.0,0.007,5342665.45
1731665,IT,SI,WOODW,CHEM1,0.3,106851.381,5,5,106850.374,0.0,1.0,0.0,0.007,356171.27
1791220,IT,WA,FURNI,ELECT,0.34,106846.443,4,4,106846.434,0.0,0.0,0.0,0.009,314254.244118
1739538,IT,GB,LANDT,PAPE4,0.69,106843.505,4,4,106843.5,0.0,0.0,0.0,0.005,154845.65942
1686665,IT,HU,LEAD1,WASTE,0.19,106834.201,4,4,106834.192,0.0,0.0,0.0,0.009,562285.268421
1805686,IT,WF,BASIC,ALUMI,0.12,106832.359,4,4,106832.352,0.0,0.0,0.0,0.007,890269.658333
1761377,IT,IN,CEMEN,NONME,0.17,106832.066,5,5,106831.061,0.0,0.0,1.0,0.005,628423.917647
1728162,IT,SE,DAIRY,RENTI,0.43,106814.201,5,5,106813.194,0.0,1.0,0.0,0.007,248405.118605
1664925,IT,ES,ALUMI,COLLE,0.18,106805.791,4,4,106805.783,0.0,0.0,0.0,0.008,593365.505556
1682519,IT,HR,COKEO,BEVER,0.01,106802.291,3,3,106802.291,0.0,0.0,0.0,0.0,10680229.1
1756277,IT,KR,OFFIC,BUSIN,0.33,106800.318,4,4,106800.31,0.0,0.0,0.0,0.008,323637.327273
1646061,IT,BE,BASIC,PAPER,0.12,106793.575,4,4,106793.568,0.0,0.0,0.0,0.007,889946.458333
1758333,IT,BR,NONF1,GLASS,0.02,106788.723,3,3,106788.723,0.0,0.0,0.0,0.0,5339436.15
1787478,IT,WA,SANDC,SANDC,0.24,106779.199,5,5,106756.195,0.0,0.0,23.0,0.004,444913.329167
1737744,IT,GB,HEAVY,LIQUE,0.17,106773.561,4,4,106773.552,0.0,0.0,0.0,0.009,628079.770588
1732883,IT,SI,BASIC,INERT,0.12,106764.456,4,4,106764.449,0.0,0.0,0.0,0.007,889703.8
1782945,IT,NO,AIRTR,OFFIC,0.12,106757.185,4,4,106757.182,0.0,0.0,0.0,0.003,889643.208333
1748707,IT,CN,FOOD5,HEALT,0.51,106739.103,4,4,106739.093,0.0,0.0,0.0,0.01,209292.358824
1725132,IT,RO,MEATC,RETAI,0.36,106736.21,5,5,106734.203,0.0,2.0,0.0,0.007,296489.472222
1777850,IT,TR,FABRI,LANDT,0.43,106729.139,4,4,106729.131,0.0,0.0,0.0,0.008,248207.3
1735724,IT,SK,FABRI,HOTEL,0.43,106729.068,4,4,106729.06,0.0,0.0,0.0,0.008,248207.134884
1741343,IT,US,PAPER,RECRE,0.41,106724.067,5,5,106723.056,0.0,1.0,0.0,0.011,260302.602439
1744089,IT,US,SUPPO,FOOD5,0.77,106713.166,4,4,106713.161,0.0,0.0,0.0,0.005,138588.527273
1644084,IT,AT,BUSIN,FINAN,1.1,106691.88,4,4,106691.873,0.0,0.0,0.0,0.007,96992.618182
1667980,IT,ES,TRANS,CONST,0.64,106688.596,4,4,106688.59,0.0,0.0,0.0,0.006,166700.93125
1793796,IT,WL,TEXTI,CATTL,0.63,106680.078,4,4,106680.064,0.0,0.0,0.0,0.014,169333.457143
1801747,IT,WE,ELEC2,HEAVY,0.03,106679.393,4,4,106679.382,0.0,0.0,0.0,0.011,3555979.766667
1675567,IT,FR,MOTO1,PRINT,0.57,106677.032,4,4,106677.025,0.0,0.0,0.0,0.007,187152.687719
1735948,IT,SK,MOTO1,CEMEN,0.57,106674.897,4,4,106674.89,0.0,0.0,0.0,0.007,187148.942105
1789550,IT,WA,ADDIT,WASTE,0.25,106674.311,5,5,106673.303,0.0,1.0,0.0,0.008,426697.244
1688689,IT,IE,CHEM1,BIOGA,0.22,106656.142,4,4,106656.13,0.0,0.0,0.0,0.012,484800.645455
1770483,IT,AU,AIRTR,CEMEN,0.12,106647.194,4,4,106647.191,0.0,0.0,0.0,0.003,888726.616667
1789285,IT,WA,PFERT,PIGS9,0.05,106645.055,4,4,106645.038,0.0,0.0,0.0,0.017,2132901.1
1780929,IT,TW,RESEA,HEALT,0.58,106638.903,4,4,106638.896,0.0,0.0,0.0,0.007,183860.177586
1796027,IT,WL,MOTO1,RECRE,0.57,106636.232,4,4,106636.225,0.0,0.0,0.0,0.007,187081.108772
1804614,IT,WF,HEAVY,CHARC,0.17,106615.208,4,4,106615.199,0.0,0.0,0.0,0.009,627148.282353
1792055,IT,WA,AIRTR,MOTOR,0.12,106614.827,4,4,106614.824,0.0,0.0,0.0,0.003,888456.891667
1792605,IT,WA,COMPU,WHOLE,1.22,106614.098,4,4,106614.091,0.0,0.0,0.0,0.007,87388.604918
1804246,IT,WF,MOTOR,SUGAR,0.16,106612.044,4,4,106612.035,0.0,0.0,0.0,0.009,666325.275
1771897,IT,CH,PULP5,MEMBE,0.33,106605.629,5,5,106604.619,0.0,1.0,0.0,0.01,323047.360606
1749730,IT,CN,CHEM1,MEMBE,0.22,106602.995,4,4,106602.983,0.0,0.0,0.0,0.012,484559.068182
1747455,IT,JP,SEACO,PRINT,0.11,106602.066,4,4,106602.064,0.0,0.0,0.0,0.002,969109.690909
1796462,IT,WL,RETA1,POULT,1.11,106596.271,4,4,106596.264,0.0,0.0,0.0,0.007,96032.676577
1796778,IT,WL,LANDT,HOTEL,0.69,106583.739,4,4,106583.734,0.0,0.0,0.0,0.005,154469.186957
1657953,IT,DE,BASIC,BLAST,0.12,106577.571,4,4,106577.564,0.0,0.0,0.0,0.007,888146.425
1748092,IT,JP,BUSIN,AUXIL,1.09,106573.911,4,4,106573.904,0.0,0.0,0.0,0.007,97774.230275
1677084,IT,FR,SUPPO,DISTR,0.77,106572.454,4,4,106572.449,0.0,0.0,0.0,0.005,138405.784416
1809668,IT,WM,DAIRY,RECRE,0.43,106566.784,5,5,106565.777,0.0,1.0,0.0,0.007,247829.730233
1683520,IT,HR,ALUM1,PLAST,0.19,106560.299,4,4,106560.29,0.0,0.0,0.0,0.009,560843.678947
1795603,IT,WL,FABRI,CROPS,0.43,106559.216,4,4,106559.208,0.0,0.0,0.0,0.008,247812.130233
1777759,IT,TR,FABRI,VEGET,0.43,106554.958,4,4,106554.95,0.0,0.0,0.0,0.008,247802.227907
1735373,IT,SK,NONME,FABRI,0.22,106547.702,4,4,106547.69,0.0,0.0,0.0,0.012,484307.736364
1804728,IT,WF,LIQUE,COMPU,0.19,106537.811,4,4,106537.802,0.0,0.0,0.0,0.009,560725.321053
1763062,IT,MX,TEXTI,MACHI,0.63,106522.43,4,4,106522.416,0.0,0.0,0.0,0.014,169083.222222
1803344,IT,WF,SANDC,LEADZ,0.24,106511.182,5,5,106488.178,0.0,0.0,23.0,0.004,443796.591667
1657005,IT,DE,NAPHT,KEROS,0.18,106497.668,4,4,106497.66,0.0,0.0,0.0,0.008,591653.711111
1723824,IT,PT,MOTO1,ELECT,0.57,106491.624,4,4,106491.617,0.0,0.0,0.0,0.007,186827.410526
1715307,IT,NL,PAPER,LANDT,0.41,106491.559,5,5,106490.548,0.0,1.0,0.0,0.011,259735.509756
1659847,IT,DE,LANDT,ELEC7,0.69,106490.716,4,4,106490.711,0.0,0.0,0.0,0.005,154334.371014
1745911,IT,JP,LEATH,FOODW,0.76,106486.406,5,5,106485.388,0.0,1.0,0.0,0.018,140113.692105
1810055,IT,WM,TEXTI,GLASS,0.63,106486.305,4,4,106486.291,0.0,0.0,0.0,0.014,169025.880952
1790578,IT,WA,NONF1,DISTR,0.02,106482.009,3,3,106482.009,0.0,0.0,0.0,0.0,5324100.45
1677833,IT,FR,BUSIN,VEGET,1.09,106481.111,4,4,106481.104,0.0,0.0,0.0,0.007,97689.092661
1688295,IT,IE,SANDC,CONST,0.24,106479.081,5,5,106456.077,0.0,0.0,23.0,0.004,443662.8375
1787729,IT,WA,VEGE1,BLAST,0.33,106476.292,5,5,106475.269,0.0,1.0,0.0,0.023,322655.430303
1686540,IT,HU,ALUM1,LEATH,0.19,106468.691,4,4,106468.682,0.0,0.0,0.0,0.009,560361.531579
1687634,IT,HU,AIRTR,FOOD5,0.12,106457.212,4,4,106457.209,0.0,0.0,0.0,0.003,887143.433333
1800458,IT,WE,RUBBE,CEREA,0.35,106451.285,4,4,106451.275,0.0,0.0,0.0,0.01,304146.528571
1752536,IT,CA,FOOD5,WHOLE,0.51,106451.206,4,4,106451.196,0.0,0.0,0.0,0.01,208727.854902
1811296,IT,WM,BITU1,PFERT,0.17,106447.142,4,4,106447.134,0.0,0.0,0.0,0.008,626159.658824
1780264,IT,TW,LANDT,PLAST,0.69,106445.847,4,4,106445.842,0.0,0.0,0.0,0.005,154269.343478
1682399,IT,HR,PAPER,MEAT1,0.41,106442.305,5,5,106441.295,0.0,1.0,0.0,0.01,259615.378049
1676916,IT,FR,INLAN,MEATC,0.17,106437.635,4,4,106437.628,0.0,0.0,0.0,0.007,626103.735294
1675825,IT,FR,ELEC1,PRINT,0.02,106420.111,4,4,106420.104,0.0,0.0,0.0,0.007,5321005.55
1729048,IT,SE,RUBBE,BIODI,0.35,106413.125,4,4,106413.115,0.0,0.0,0.0,0.01,304037.5
1753175,IT,CA,GLASS,LIQUE,0.29,106411.9,4,4,106411.894,0.0,0.0,0.0,0.006,366937.586207
1732165,IT,SI,GASDI,RETAI,0.16,106390.711,4,4,106390.702,0.0,0.0,0.0,0.009,664941.94375
1686960,IT,HU,MACHI,DISTR,0.59,106388.618,4,4,106388.609,0.0,0.0,0.0,0.009,180319.691525
1649966,IT,BG,FABRI,LANDT,0.43,106378.822,4,4,106378.814,0.0,0.0,0.0,0.008,247392.609302
1754798,IT,KR,FOOD5,PFERT,0.51,106376.82,4,4,106376.81,0.0,0.0,0.0,0.01,208582.0
1800887,IT,WE,PREC1,TOBAC,0.18,106368.51,4,4,106368.505,0.0,0.0,0.0,0.005,590936.166667
1751619,IT,CN,POSTT,COMPU,1.75,106368.267,4,4,106368.259,0.0,0.0,0.0,0.008,60781.866857
1731335,IT,SI,DAIRY,BEVER,0.43,106356.501,5,5,106355.494,0.0,1.0,0.0,0.007,247340.7
1649382,IT,BG,CHEM1,FORES,0.22,106340.778,4,4,106340.766,0.0,0.0,0.0,0.012,483367.172727
1735302,IT,SK,GLASS,RAILW,0.29,106326.98,4,4,106326.974,0.0,0.0,0.0,0.006,366644.758621
1715129,IT,NL,LEATH,LEATH,0.76,106324.431,5,5,106323.413,0.0,1.0,0.0,0.018,139900.567105
1774427,IT,CH,RAILW,WHOLE,0.71,106308.11,5,5,106307.105,0.0,0.0,1.0,0.005,149729.732394
1722752,IT,PT,PAPER,DAIRY,0.41,106303.1,5,5,106302.09,0.0,1.0,0.0,0.01,259275.853659
1738467,IT,GB,COPP1,CHEM1,0.27,106300.358,4,4,106300.353,0.0,0.0,0.0,0.005,393705.02963
1666116,IT,ES,GASDI,CHEM1,0.16,106296.434,4,4,106296.425,0.0,0.0,0.0,0.009,664352.7125
1766452,IT,RU,BASIC,WOOD2,0.12,106285.303,4,4,106285.296,0.0,0.0,0.0,0.007,885710.858333
1742791,IT,US,FABRI,RETAI,0.43,106277.173,4,4,106277.165,0.0,0.0,0.0,0.008,247156.216279
1805342,IT,WF,RUBBE,MEAT1,0.35,106274.806,4,4,106274.796,0.0,0.0,0.0,0.01,303642.302857
1688953,IT,IE,FABRI,RESEA,0.43,106271.692,4,4,106271.684,0.0,0.0,0.0,0.008,247143.469767
1795714,IT,WL,FABRI,PRIVA,0.43,106269.843,4,4,106269.835,0.0,0.0,0.0,0.008,247139.169767
1710757,IT,LU,FISH5,RETA1,0.45,106269.176,4,4,106269.121,0.0,0.0,0.0,0.055,236153.724444
1722269,IT,PL,RECRE,RECRE,1.35,106266.487,4,4,106266.479,0.0,0.0,0.0,0.008,78715.916296
1748848,IT,CN,TEXTI,EDUCA,0.63,106263.268,4,4,106263.254,0.0,0.0,0.0,0.014,168671.853968
1668650,IT,ES,RAILW,LANDT,0.71,106258.641,5,5,106257.636,0.0,0.0,1.0,0.005,149660.057746
1658430,IT,DE,FABRI,BIOGA,0.43,106255.33,4,4,106255.322,0.0,0.0,0.0,0.008,247105.418605
1732977,IT,SI,ALUM1,COMPU,0.18,106241.52,4,4,106241.511,0.0,0.0,0.0,0.009,590230.666667
1718743,IT,PL,PULP5,WHOLE,0.32,106240.311,5,5,106239.301,0.0,1.0,0.0,0.01,332000.971875
1804580,IT,WF,HEAVY,CHEMI,0.17,106240.009,4,4,106240.0,0.0,0.0,0.0,0.009,624941.229412
1804735,IT,WF,LIQUE,RECRE,0.19,106233.966,4,4,106233.957,0.0,0.0,0.0,0.009,559126.136842
1726087,IT,RO,RUBBE,PLAST,0.35,106233.212,4,4,106233.202,0.0,0.0,0.0,0.01,303523.462857
1810520,IT,WM,PAPER,NAPHT,0.41,106232.698,5,5,106231.688,0.0,1.0,0.0,0.01,259104.141463
1732846,IT,SI,BASIC,ELEC4,0.12,106232.009,4,4,106232.002,0.0,0.0,0.0,0.007,885266.741667
1716383,IT,NL,MACHI,RUBBE,0.59,106223.733,4,4,106223.724,0.0,0.0,0.0,0.009,180040.225424
1674568,IT,FR,RUBBE,RADIO,0.35,106208.731,4,4,106208.721,0.0,0.0,0.0,0.01,303453.517143
1717984,IT,PL,SANDC,DIST1,0.24,106201.219,5,5,106178.215,0.0,0.0,23.0,0.004,442505.079167
1646471,IT,BE,MACHI,GLASS,0.59,106195.045,4,4,106195.036,0.0,0.0,0.0,0.009,179991.601695
1738233,IT,GB,CEMEN,CHEM1,0.17,106194.646,5,5,106193.641,0.0,0.0,1.0,0.005,624674.388235
1767490,IT,RU,SEACO,PFERT,0.11,106187.901,4,4,106187.899,0.0,0.0,0.0,0.002,965344.554545
1758770,IT,BR,RETA1,BEVER,1.11,106181.238,4,4,106181.231,0.0,0.0,0.0,0.007,95658.772973
1773359,IT,CH,MACHI,RETAI,0.59,106179.314,4,4,106179.305,0.0,0.0,0.0,0.009,179964.938983
1640943,IT,AT,WOODW,BEVER,0.3,106175.047,5,5,106174.04,0.0,1.0,0.0,0.007,353916.823333
1794016,IT,WL,WOODW,RESEA,0.3,106174.126,5,5,106173.119,0.0,1.0,0.0,0.007,353913.753333
1643113,IT,AT,WHOLE,RENTI,0.92,106173.448,4,4,106173.442,0.0,0.0,0.0,0.006,115405.921739
1764696,IT,MX,HOTEL,BEVER,0.77,106172.954,4,4,106172.946,0.0,0.0,0.0,0.008,137886.953247
1674426,IT,FR,CHEM1,PAPE4,0.22,106171.23,4,4,106171.218,0.0,0.0,0.0,0.012,482596.5
1685767,IT,HU,PLAST,GASDI,0.22,106168.761,4,4,106168.75,0.0,0.0,0.0,0.011,482585.277273
1804308,IT,WF,MOTOR,GLASS,0.16,106162.406,4,4,106162.397,0.0,0.0,0.0,0.009,663515.0375
1728693,IT,SE,PRINT,RECRE,1.02,106160.289,4,4,106160.281,0.0,0.0,0.0,0.008,104078.714706
1665011,IT,ES,CHEMI,MACHI,0.25,106158.529,5,5,106153.519,0.0,0.0,5.0,0.01,424634.116
1739221,IT,GB,RETA1,AUXIL,1.11,106154.417,4,4,106154.41,0.0,0.0,0.0,0.007,95634.60991
1641789,IT,AT,CHEM1,BRICK,0.22,106146.1,4,4,106146.088,0.0,0.0,0.0,0.012,482482.272727
1732517,IT,SI,RUBBE,PRINT,0.35,106145.115,4,4,106145.105,0.0,0.0,0.0,0.01,303271.757143
1757602,IT,BR,GASDI,ALUM1,0.16,106145.031,4,4,106145.022,0.0,0.0,0.0,0.009,663406.44375
1733401,IT,SI,ELEC2,OFFIC,0.03,106142.456,4,4,106142.445,0.0,0.0,0.0,0.011,3538081.866667
1676110,IT,FR,ELEC8,TRAN1,1.41,106141.121,4,4,106141.115,0.0,0.0,0.0,0.006,75277.39078
1656934,IT,DE,LIQUE,PRINT,0.19,106135.699,4,4,106135.69,0.0,0.0,0.0,0.009,558608.942105
1760912,IT,IN,HEAVY,PADDY,0.17,106132.608,4,4,106132.599,0.0,0.0,0.0,0.009,624309.458824
1734486,IT,SK,MEATP,MOTO1,0.43,106113.87,4,4,106113.859,0.0,0.0,0.0,0.011,246776.44186
1759064,IT,BR,SEACO,MACHI,0.11,106112.099,4,4,106112.097,0.0,0.0,0.0,0.002,964655.445455
1806758,IT,WF,WHOLE,PUBLI,0.92,106101.845,4,4,106101.839,0.0,0.0,0.0,0.006,115328.092391
1812193,IT,WM,NONME,PROCE,0.21,106088.087,4,4,106088.075,0.0,0.0,0.0,0.012,505181.366667
1785738,IT,ZA,PLAST,FOOD5,0.22,106084.439,4,4,106084.428,0.0,0.0,0.0,0.011,482201.995455
1749542,IT,CN,PLAST,WEARI,0.22,106081.518,4,4,106081.507,0.0,0.0,0.0,0.011,482188.718182
1728697,IT,SE,COKEO,WHOLE,0.01,106065.519,3,3,106065.519,0.0,0.0,0.0,0.0,10606551.9
1746499,IT,JP,CERAM,DIST1,0.17,106062.499,5,5,106061.493,0.0,0.0,1.0,0.006,623897.052941
1782192,IT,NO,BASIC,PULP5,0.12,106059.141,4,4,106059.134,0.0,0.0,0.0,0.007,883826.175
1751399,IT,CN,SEACO,FURNI,0.11,106039.423,4,4,106039.421,0.0,0.0,0.0,0.002,963994.754545
1689926,IT,IE,AUXIL,RENTI,1.94,106035.198,4,4,106035.193,0.0,0.0,0.0,0.005,54657.318557
1805717,IT,WF,BASIC,NFERT,0.12,106025.618,4,4,106025.611,0.0,0.0,0.0,0.007,883546.816667
1806209,IT,WF,MACHI,ALUMI,0.59,106021.196,4,4,106021.187,0.0,0.0,0.0,0.009,179696.942373
1657532,IT,DE,GLASS,MEATP,0.29,106018.191,4,4,106018.185,0.0,0.0,0.0,0.006,365579.968966
1657185,IT,DE,CHEM1,LIGNI,0.22,106017.837,4,4,106017.825,0.0,0.0,0.0,0.012,481899.259091
1773620,IT,CH,TRANS,LANDT,0.63,106012.986,4,4,106012.98,0.0,0.0,0.0,0.006,168274.580952
1776683,IT,TR,HEAVY,BIODI,0.17,106012.42,4,4,106012.411,0.0,0.0,0.0,0.009,623602.470588
1806842,IT,WF,RETA1,WHOLE,1.11,106004.964,4,4,106004.957,0.0,0.0,0.0,0.007,95499.967568
1789639,IT,WA,RUBBE,LIQUE,0.35,106004.096,4,4,106004.086,0.0,0.0,0.0,0.01,302868.845714
1680353,IT,GR,ELEC1,RECRE,0.02,106002.112,4,4,106002.105,0.0,0.0,0.0,0.007,5300105.6
1807602,IT,WF,RESEA,VEGET,0.57,105978.667,4,4,105978.66,0.0,0.0,0.0,0.007,185927.485965
1788071,IT,WA,TEXTI,FINAN,0.63,105972.816,4,4,105972.802,0.0,0.0,0.0,0.014,168210.819048
1728198,IT,SE,FOOD5,FISHF,0.51,105966.567,4,4,105966.558,0.0,0.0,0.0,0.009,207777.582353
1720635,IT,PL,MOTO1,PLAST,0.56,105948.432,4,4,105948.425,0.0,0.0,0.0,0.007,189193.628571
1814521,IT,WM,RESEA,POSTT,0.57,105939.008,4,4,105939.001,0.0,0.0,0.0,0.007,185857.908772
1806131,IT,WF,FABRI,GLASS,0.43,105935.993,4,4,105935.985,0.0,0.0,0.0,0.008,246362.774419
1795383,IT,WL,BASIC,MOTOR,0.12,105928.809,4,4,105928.802,0.0,0.0,0.0,0.007,882740.075
1767284,IT,RU,HOTEL,OFFIC,0.77,105923.873,4,4,105923.865,0.0,0.0,0.0,0.008,137563.471429
1739375,IT,GB,RAILW,WHOLE,0.71,105921.442,5,5,105920.437,0.0,0.0,1.0,0.005,149185.129577
1671243,IT,FI,BASIC,CERAM,0.12,105917.118,4,4,105917.111,0.0,0.0,0.0,0.007,882642.65
1798347,IT,WE,POULT,CRUDE,0.28,105904.222,4,4,105904.214,0.0,0.0,0.0,0.008,378229.364286
1736016,IT,SK,TRANS,SUPPO,0.63,105890.291,4,4,105890.285,0.0,0.0,0.0,0.006,168079.826984
1758877,IT,BR,HOTEL,MACHI,0.77,105886.875,4,4,105886.867,0.0,0.0,0.0,0.008,137515.422078
1787641,IT,WA,MEAT4,LEAD1,0.58,105885.809,4,4,105885.802,0.0,0.0,0.0,0.007,182561.739655
1650383,IT,BG,ELEC2,93197,0.03,105882.299,4,4,105882.288,0.0,0.0,0.0,0.011,3529409.966667
1736012,IT,SK,TRANS,RAILW,0.63,105874.776,4,4,105874.77,0.0,0.0,0.0,0.006,168055.2
1653906,IT,CZ,FABRI,TRAN2,0.43,105867.748,4,4,105867.74,0.0,0.0,0.0,0.008,246204.065116
1750240,IT,CN,COPP1,PFERT,0.27,105853.982,4,4,105853.977,0.0,0.0,0.0,0.005,392051.785185
1772232,IT,CH,HEAVY,MOTOR,0.17,105847.24,4,4,105847.232,0.0,0.0,0.0,0.008,622630.823529
1679565,IT,GR,RUBBE,PFERT,0.35,105847.025,4,4,105847.015,0.0,0.0,0.0,0.01,302420.071429
1721111,IT,PL,RAILW,RAWMI,0.71,105844.177,5,5,105843.172,0.0,0.0,1.0,0.005,149076.305634
1754781,IT,KR,FOOD5,ANIMA,0.51,105827.384,4,4,105827.375,0.0,0.0,0.0,0.009,207504.67451
1644225,IT,BE,OILSE,BEVER,0.08,105816.332,5,5,105815.327,0.0,1.0,0.0,0.005,1322704.15
1720024,IT,PL,ALUM1,CHEM1,0.18,105808.381,4,4,105808.373,0.0,0.0,0.0,0.008,587824.338889
1768895,IT,AU,WOODW,FABRI,0.3,105805.907,5,5,105804.9,0.0,1.0,0.0,0.007,352686.356667
1680077,IT,GR,MACHI,AIRTR,0.59,105794.03,4,4,105794.021,0.0,0.0,0.0,0.009,179311.915254
1763110,IT,MX,WEARI,FURNI,0.8,105781.008,4,4,105780.988,0.0,0.0,0.0,0.02,132226.26
1677297,IT,FR,FINAN,TRANS,1.38,105778.735,4,4,105778.732,0.0,0.0,0.0,0.003,76651.257246
1804160,IT,WF,PAPER,DISTR,0.41,105770.795,5,5,105769.785,0.0,1.0,0.0,0.01,257977.54878
1667543,IT,ES,FABRI,TRAN1,0.43,105770.339,4,4,105770.331,0.0,0.0,0.0,0.008,245977.532558
1750009,IT,CN,NONME,PLAST,0.21,105769.886,4,4,105769.874,0.0,0.0,0.0,0.012,503666.12381
1775706,IT,TR,CROPS,HOTEL,0.84,105767.868,4,4,105767.862,0.0,0.0,0.0,0.006,125914.128571
1660295,IT,DE,POSTT,REALE,1.74,105767.504,4,4,105767.496,0.0,0.0,0.0,0.008,60785.921839
1641196,IT,AT,PRINT,WHOLE,1.01,105765.006,4,4,105764.998,0.0,0.0,0.0,0.008,104717.827723
1724441,IT,PT,AIRTR,LANDT,0.12,105763.001,4,4,105762.998,0.0,0.0,0.0,0.003,881358.341667
1773276,IT,CH,FABRI,MEMBE,0.43,105757.579,4,4,105757.571,0.0,0.0,0.0,0.008,245947.85814
1771926,IT,CH,PAPER,GASDI,0.41,105755.022,5,5,105754.012,0.0,1.0,0.0,0.01,257939.078049
1759040,IT,BR,SEACO,PROCE,0.11,105750.477,4,4,105750.475,0.0,0.0,0.0,0.002,961367.972727
1751734,IT,CN,INSUR,LANDT,2.18,105749.441,4,4,105749.436,0.0,0.0,0.0,0.005,48508.91789
1674302,IT,FR,PLAST,HEALT,0.22,105748.412,4,4,105748.401,0.0,0.0,0.0,0.011,480674.6
1790431,IT,WA,LEAD1,RETAI,0.18,105737.843,4,4,105737.834,0.0,0.0,0.0,0.009,587432.461111
1647323,IT,BE,TRAN2,SUPPO,0.16,105736.526,4,4,105736.523,0.0,0.0,0.0,0.003,660853.2875
1785303,IT,ZA,LEATH,BITUM,0.76,105707.662,5,5,105706.644,0.0,1.0,0.0,0.018,139089.028947
1667089,IT,ES,NONME,RESEA,0.21,105704.527,4,4,105704.515,0.0,0.0,0.0,0.012,503354.890476
1682705,IT,HR,GASDI,BEVER,0.16,105702.173,4,4,105702.164,0.0,0.0,0.0,0.009,660638.58125
1677156,IT,FR,POSTT,PRINT,1.74,105694.264,4,4,105694.256,0.0,0.0,0.0,0.008,60743.829885
1739662,IT,GB,AIRTR,REALE,0.12,105687.745,4,4,105687.742,0.0,0.0,0.0,0.003,880731.208333
1784527,IT,ID,FABRI,WHOLE,0.43,105687.279,4,4,105687.271,0.0,0.0,0.0,0.008,245784.369767
1715992,IT,NL,BRICK,FABRI,0.16,105686.354,5,5,105685.347,0.0,0.0,1.0,0.007,660539.7125
1796903,IT,WL,SEACO,93197,0.11,105678.392,4,4,105678.39,0.0,0.0,0.0,0.002,960712.654545
1746206,IT,JP,CHEM1,SANDC,0.22,105676.981,4,4,105676.969,0.0,0.0,0.0,0.012,480349.913636
1657665,IT,DE,CERAM,ELEC8,0.16,105671.898,5,5,105670.892,0.0,0.0,1.0,0.006,660449.3625
1781907,IT,NO,CHEM1,ALUM1,0.22,105670.125,4,4,105670.113,0.0,0.0,0.0,0.012,480318.75
1814129,IT,WM,AIRTR,ELEC6,0.12,105665.185,4,4,105665.182,0.0,0.0,0.0,0.003,880543.208333
1746886,IT,JP,MOTO1,CROPS,0.56,105664.613,4,4,105664.606,0.0,0.0,0.0,0.007,188686.808929
1752405,IT,CA,VEGE1,BITU1,0.32,105660.882,5,5,105659.859,0.0,1.0,0.0,0.023,330190.25625
1813737,IT,WM,HOTEL,GASDI,0.77,105658.013,4,4,105658.005,0.0,0.0,0.0,0.008,137218.198701
1658523,IT,DE,MACHI,CROPS,0.59,105650.014,4,4,105650.005,0.0,0.0,0.0,0.009,179067.820339
1709688,IT,LT,PLAST,WHOLE,0.22,105649.081,4,4,105649.07,0.0,0.0,0.0,0.011,480223.095455
1787618,IT,WA,MEAT4,FISHF,0.58,105648.017,4,4,105648.01,0.0,0.0,0.0,0.007,182151.753448
1644583,IT,BE,FOOD5,RAWMI,0.51,105646.223,4,4,105646.214,0.0,0.0,0.0,0.009,207149.456863
1714215,IT,MT,AUXIL,AUXIL,1.93,105643.509,4,4,105643.504,0.0,0.0,0.0,0.005,54737.56943
1763279,IT,MX,PAPER,LEATH,0.41,105640.313,5,5,105639.303,0.0,1.0,0.0,0.01,257659.3
1743537,IT,US,HOTEL,PADDY,0.77,105640.117,4,4,105640.109,0.0,0.0,0.0,0.008,137194.957143
1685210,IT,HU,FISH5,OFFIC,0.44,105639.377,4,4,105639.323,0.0,0.0,0.0,0.054,240089.493182
1680142,IT,GR,OFFIC,PUBLI,0.33,105634.279,4,4,105634.271,0.0,0.0,0.0,0.008,320103.875758
1717640,IT,NL,BUSIN,TOBAC,1.08,105625.518,4,4,105625.511,0.0,0.0,0.0,0.007,97801.405556
1735603,IT,SK,COPP1,HEAVY,0.27,105624.851,4,4,105624.846,0.0,0.0,0.0,0.005,391203.151852
1667796,IT,ES,OFFIC,COPP1,0.33,105624.793,4,4,105624.785,0.0,0.0,0.0,0.008,320075.130303
1782824,IT,NO,HOTEL,EDUCA,0.77,105614.056,4,4,105614.048,0.0,0.0,0.0,0.008,137161.111688
1808845,IT,WF,PRIVA,LEADZ,23.57,105613.339,5,5,105612.322,1.0,0.0,0.0,0.017,4480.837463
1683470,IT,HR,PREC1,BRICK,0.18,105600.299,4,4,105600.294,0.0,0.0,0.0,0.005,586668.327778
1676221,IT,FR,CONST,PUBLI,0.59,105598.46,4,4,105598.454,0.0,0.0,0.0,0.006,178980.440678
1749972,IT,CN,CERAM,RETA1,0.16,105594.245,5,5,105593.239,0.0,0.0,1.0,0.006,659964.03125
1801466,IT,WE,MOTO1,PAPER,0.56,105593.424,4,4,105593.417,0.0,0.0,0.0,0.007,188559.685714
1784354,IT,ID,RUBBE,MOTO1,0.35,105591.651,4,4,105591.641,0.0,0.0,0.0,0.01,301690.431429
1718160,IT,PL,DAIRY,POULT,0.43,105586.01,5,5,105585.003,0.0,1.0,0.0,0.007,245548.860465
1646300,IT,BE,COPP1,RESEA,0.27,105582.432,4,4,105582.427,0.0,0.0,0.0,0.005,391046.044444
1804648,IT,WF,HEAVY,TRAN2,0.17,105581.396,4,4,105581.388,0.0,0.0,0.0,0.008,621067.035294
1799593,IT,WE,MOTOR,CROPS,0.16,105577.623,4,4,105577.614,0.0,0.0,0.0,0.009,659860.14375
1777484,IT,TR,BASIC,GASDI,0.12,105575.544,4,4,105575.537,0.0,0.0,0.0,0.007,879796.2
1792739,IT,WA,BUSIN,PLAST,1.08,105575.18,4,4,105575.173,0.0,0.0,0.0,0.007,97754.796296
1759099,IT,BR,AIRTR,WEARI,0.11,105573.783,4,4,105573.78,0.0,0.0,0.0,0.003,959761.663636
1683001,IT,HR,CHEM1,PRINT,0.22,105570.727,4,4,105570.715,0.0,0.0,0.0,0.012,479866.940909
1806274,IT,WF,MACHI,ELEC6,0.59,105570.03,4,4,105570.021,0.0,0.0,0.0,0.009,178932.254237
1767462,IT,RU,TRAN2,CRUDE,0.16,105561.999,4,4,105561.996,0.0,0.0,0.0,0.003,659762.49375
1811995,IT,WM,GLASS,MACHI,0.29,105545.446,4,4,105545.44,0.0,0.0,0.0,0.006,363949.813793
1801228,IT,WE,FABRI,TRAN1,0.43,105542.342,4,4,105542.334,0.0,0.0,0.0,0.008,245447.306977
1799867,IT,WE,GASDI,PREC1,0.16,105540.22,4,4,105540.211,0.0,0.0,0.0,0.009,659626.375
1679431,IT,GR,CHEM1,MEATA,0.22,105536.38,4,4,105536.368,0.0,0.0,0.0,0.012,479710.818182
1773079,IT,CH,ALUM1,HEALT,0.18,105535.341,4,4,105535.333,0.0,0.0,0.0,0.008,586307.45
1788861,IT,WA,GASDI,PFERT,0.16,105533.197,4,4,105533.188,0.0,0.0,0.0,0.009,659582.48125
1735097,IT,SK,CHEM1,TRANS,0.22,105520.457,4,4,105520.445,0.0,0.0,0.0,0.012,479638.440909
1652700,IT,CZ,PAPER,TOBAC,0.41,105520.195,5,5,105519.185,0.0,1.0,0.0,0.01,257366.329268
1783391,IT,NO,PLAS1,OILHA,0.38,105517.057,4,4,105517.05,0.0,0.0,0.0,0.007,277676.465789
1742069,IT,US,RUBBE,LEATH,0.35,105513.999,4,4,105513.989,0.0,0.0,0.0,0.01,301468.568571
1736427,IT,SK,LANDT,ELEC4,0.68,105509.067,4,4,105509.062,0.0,0.0,0.0,0.005,155160.392647
1796623,IT,WL,HOTEL,CEMEN,0.76,105506.748,4,4,105506.74,0.0,0.0,0.0,0.008,138824.668421
1714331,IT,MT,HEALT,MOTO1,0.55,105506.306,4,4,105506.302,0.0,0.0,0.0,0.004,191829.647273
1748112,IT,JP,BUSIN,93197,1.08,105502.21,4,4,105502.203,0.0,0.0,0.0,0.007,97687.231481
1753799,IT,CA,SALEM,MOTO1,0.85,105500.323,4,4,105500.316,0.0,0.0,0.0,0.007,124118.027059
1683686,IT,HR,FABRI,EDUCA,0.43,105498.108,4,4,105498.1,0.0,0.0,0.0,0.008,245344.437209
1812242,IT,WM,NONME,RETA1,0.21,105490.635,4,4,105490.623,0.0,0.0,0.0,0.012,502336.357143
1648171,IT,BE,BUSIN,COKEO,1.08,105489.34,4,4,105489.333,0.0,0.0,0.0,0.007,97675.314815
1797062,IT,WL,SUPPO,SEACO,0.76,105487.276,4,4,105487.271,0.0,0.0,0.0,0.005,138799.047368
1671938,IT,FI,LANDT,WOODW,0.68,105476.702,4,4,105476.697,0.0,0.0,0.0,0.005,155112.797059
1775042,IT,CH,RENTI,WOODW,0.63,105475.617,4,4,105475.611,0.0,0.0,0.0,0.006,167421.614286
1650173,IT,BG,MOTO1,CONST,0.56,105475.613,4,4,105475.606,0.0,0.0,0.0,0.007,188349.308929
1682679,IT,HR,KEROS,PAPE4,0.16,105471.226,4,4,105471.217,0.0,0.0,0.0,0.009,659195.1625
1644237,IT,BE,OILSE,RESEA,0.08,105462.702,5,5,105461.697,0.0,1.0,0.0,0.005,1318283.775
1779056,IT,TR,AIRTR,RESEA,0.11,105454.366,4,4,105454.363,0.0,0.0,0.0,0.003,958676.054545
1786483,IT,ZA,MOTO1,WHOLE,0.56,105450.539,4,4,105450.532,0.0,0.0,0.0,0.007,188304.533929
1665519,IT,ES,WEARI,RESEA,0.79,105444.6,4,4,105444.58,0.0,0.0,0.0,0.02,133474.177215
1749501,IT,CN,LUBRI,INLAN,0.13,105442.144,4,4,105442.139,0.0,0.0,0.0,0.005,811093.415385
1686762,IT,HU,NONF1,OFFIC,0.02,105440.485,3,3,105440.485,0.0,0.0,0.0,0.0,5272024.25
1786894,IT,ZA,SEACO,HEALT,0.11,105433.987,4,4,105433.985,0.0,0.0,0.0,0.002,958490.790909
1809923,IT,WM,BEVER,SUPPO,0.45,105430.738,4,4,105430.731,0.0,0.0,0.0,0.007,234290.528889
1802983,IT,WF,WHEAT,CHEM1,0.08,105422.196,5,5,105421.193,0.0,1.0,0.0,0.003,1317777.45
1668711,IT,ES,LANDT,MOTOR,0.68,105415.151,4,4,105415.146,0.0,0.0,0.0,0.005,155022.280882
1675156,IT,FR,COPP1,PAPE1,0.27,105415.011,4,4,105415.006,0.0,0.0,0.0,0.005,390425.966667
1757669,IT,BR,HEAVY,NONSP,0.17,105413.559,4,4,105413.551,0.0,0.0,0.0,0.008,620079.758824
1772322,IT,CH,PLAST,NONME,0.22,105409.612,4,4,105409.601,0.0,0.0,0.0,0.011,479134.6
1804320,IT,WF,MOTOR,FABRI,0.16,105402.734,4,4,105402.725,0.0,0.0,0.0,0.009,658767.0875
1743029,IT,US,OFFIC,CONST,0.33,105401.852,4,4,105401.844,0.0,0.0,0.0,0.008,319399.551515
1647256,IT,BE,LANDT,ELEC3,0.68,105398.665,4,4,105398.66,0.0,0.0,0.0,0.005,154998.036765
1769616,IT,AU,FABRI,VEGE1,0.43,105397.162,4,4,105397.154,0.0,0.0,0.0,0.008,245109.67907
1712022,IT,LV,VEGE1,RAILW,0.32,105394.124,5,5,105393.101,0.0,1.0,0.0,0.023,329356.6375
1645478,IT,BE,NONSP,GASDI,0.14,105393.216,4,4,105393.21,0.0,0.0,0.0,0.006,752808.685714
1749737,IT,CN,ADDIT,FOOD5,0.24,105387.116,5,5,105386.108,0.0,1.0,0.0,0.008,439112.983333
1742396,IT,US,NONME,DIST1,0.21,105379.398,4,4,105379.386,0.0,0.0,0.0,0.012,501806.657143
1723660,IT,PT,MACHI,STONE,0.59,105375.709,4,4,105375.7,0.0,0.0,0.0,0.009,178602.89661
1761154,IT,IN,CHEM1,NONF1,0.22,105370.196,4,4,105370.184,0.0,0.0,0.0,0.012,478955.436364
1669812,IT,ES,BUSIN,COLLE,1.08,105361.669,4,4,105361.662,0.0,0.0,0.0,0.007,97557.100926
1807735,IT,WF,PUBLI,IRONO,1.73,105348.6,4,4,105348.593,0.0,0.0,0.0,0.007,60895.144509
1739224,IT,GB,RETA1,COMPU,1.1,105332.132,4,4,105332.125,0.0,0.0,0.0,0.007,95756.483636
1654294,IT,CZ,ELEC1,PUBLI,0.02,105330.925,4,4,105330.918,0.0,0.0,0.0,0.007,5266546.25
1662260,IT,DK,CERAM,FURNI,0.16,105322.91,5,5,105321.904,0.0,0.0,1.0,0.006,658268.1875
1736385,IT,SK,LANDT,DAIRY,0.68,105317.412,4,4,105317.407,0.0,0.0,0.0,0.005,154878.547059
1719119,IT,PL,PLAST,BITUM,0.22,105310.619,4,4,105310.608,0.0,0.0,0.0,0.011,478684.631818
1754979,IT,KR,TEXTI,SUPPO,0.62,105306.624,4,4,105306.61,0.0,0.0,0.0,0.014,169849.393548
1812255,IT,WM,NONME,RESEA,0.21,105300.458,4,4,105300.446,0.0,0.0,0.0,0.012,501430.752381
1685699,IT,HU,NAPHT,GASDI,0.18,105285.371,4,4,105285.363,0.0,0.0,0.0,0.008,584918.727778
1686973,IT,HU,MACHI,TRAN2,0.59,105281.688,4,4,105281.679,0.0,0.0,0.0,0.009,178443.538983
1665504,IT,ES,WEARI,SALEM,0.79,105269.748,4,4,105269.728,0.0,0.0,0.0,0.02,133252.84557
1767120,IT,RU,FURNI,COMPU,0.34,105260.353,4,4,105260.344,0.0,0.0,0.0,0.009,309589.273529
1719847,IT,PL,BASIC,SEACO,0.12,105257.466,4,4,105257.459,0.0,0.0,0.0,0.007,877145.55
1665090,IT,ES,VEGE1,FISH5,0.32,105255.033,5,5,105254.01,0.0,1.0,0.0,0.023,328921.978125
1807453,IT,WF,AUXIL,INSUR,1.92,105252.488,4,4,105252.483,0.0,0.0,0.0,0.005,54819.004167
1773490,IT,CH,OFFIC,93197,0.33,105250.983,4,4,105250.975,0.0,0.0,0.0,0.008,318942.372727
1675488,IT,FR,OFFIC,CEMEN,0.33,105250.795,4,4,105250.787,0.0,0.0,0.0,0.008,318941.80303
1796593,IT,WL,HOTEL,BEVER,0.76,105249.301,4,4,105249.293,0.0,0.0,0.0,0.008,138485.922368
1710227,IT,LT,OFFIC,LANDT,0.33,105240.678,4,4,105240.67,0.0,0.0,0.0,0.008,318911.145455
1792544,IT,WA,RENTI,ANIMA,0.63,105190.353,4,4,105190.347,0.0,0.0,0.0,0.006,166968.814286
1802251,IT,WE,LANDT,CRUDE,0.68,105190.009,4,4,105190.004,0.0,0.0,0.0,0.005,154691.189706
1682997,IT,HR,CHEM1,LEATH,0.22,105188.504,4,4,105188.493,0.0,0.0,0.0,0.011,478129.563636
1799321,IT,WE,WOODW,PULP5,0.29,105187.934,5,5,105186.927,0.0,1.0,0.0,0.007,362717.013793
1766457,IT,RU,PREC1,FOUND,0.18,105184.312,4,4,105184.307,0.0,0.0,0.0,0.005,584357.288889
1808507,IT,WF,FOOD4,EDUCA,0.76,105176.775,4,4,105176.768,0.0,0.0,0.0,0.007,138390.493421
1758279,IT,BR,ALUM1,RUBBE,0.18,105175.002,4,4,105174.994,0.0,0.0,0.0,0.008,584305.566667
1673452,IT,FR,WEARI,AIRTR,0.79,105169.229,4,4,105169.209,0.0,0.0,0.0,0.02,133125.606329
1764159,IT,MX,FABRI,EDUCA,0.43,105159.733,4,4,105159.725,0.0,0.0,0.0,0.008,244557.518605
1686763,IT,HU,NONF1,MOTO1,0.02,105156.167,3,3,105156.167,0.0,0.0,0.0,0.0,5257808.35
1690289,IT,IE,SEWAG,FOOD5,0.92,105154.076,4,4,105154.069,0.0,0.0,0.0,0.007,114297.908696
1642760,IT,AT,MACHI,ELEC4,0.59,105151.666,4,4,105151.657,0.0,0.0,0.0,0.009,178223.162712
1710995,IT,LU,CERAM,RETAI,0.16,105149.159,5,5,105148.153,0.0,0.0,1.0,0.006,657182.24375
1731693,IT,SI,WOODW,RAILW,0.29,105145.263,5,5,105144.256,0.0,1.0,0.0,0.007,362569.872414
1757965,IT,BR,RUBBE,VEGET,0.35,105145.187,4,4,105145.177,0.0,0.0,0.0,0.01,300414.82
1675024,IT,FR,PREC1,FOOD4,0.18,105131.726,4,4,105131.721,0.0,0.0,0.0,0.005,584065.144444
1671137,IT,FI,GLASS,FURNI,0.29,105119.445,4,4,105119.439,0.0,0.0,0.0,0.006,362480.844828
1733022,IT,SI,LEAD1,BUSIN,0.18,105111.82,4,4,105111.811,0.0,0.0,0.0,0.009,583954.555556
1796195,IT,WL,FURNI,CERAM,0.34,105105.533,4,4,105105.524,0.0,0.0,0.0,0.009,309133.920588
1732614,IT,SI,GLASS,CEMEN,0.29,105104.253,4,4,105104.247,0.0,0.0,0.0,0.006,362428.458621
1754130,IT,CA,AIRTR,SUPPO,0.11,105103.803,4,4,105103.8,0.0,0.0,0.0,0.003,955489.118182
1642323,IT,AT,BASIC,GLASS,0.12,105099.941,4,4,105099.934,0.0,0.0,0.0,0.007,875832.841667
1811797,IT,WM,ADDIT,SUPPO,0.24,105095.16,5,5,105094.152,0.0,1.0,0.0,0.008,437896.5
1750032,IT,CN,NONME,ELEC1,0.21,105089.712,4,4,105089.7,0.0,0.0,0.0,0.012,500427.2
1729815,IT,SE,MACHI,MEMBE,0.59,105089.264,4,4,105089.255,0.0,0.0,0.0,0.009,178117.39661
1761344,IT,IN,GLASS,MACHI,0.29,105088.662,4,4,105088.656,0.0,0.0,0.0,0.006,362374.696552
1794798,IT,WL,PLAST,NFERT,0.22,105082.126,4,4,105082.115,0.0,0.0,0.0,0.011,477646.027273
1660643,IT,DE,REALE,HOTEL,4.44,105081.831,4,4,105081.824,0.0,0.0,0.0,0.007,23667.079054
1668294,IT,ES,WHOLE,BASIC,0.91,105059.562,4,4,105059.556,0.0,0.0,0.0,0.006,115450.068132
1785840,IT,ZA,CHEM1,DISTR,0.22,105056.893,4,4,105056.882,0.0,0.0,0.0,0.011,477531.331818
1640151,IT,AT,CEREA,BUSIN,0.17,105055.122,5,5,105054.116,0.0,1.0,0.0,0.006,617971.305882
1678576,IT,GR,CATTL,FOOD5,0.23,105052.563,5,5,105050.556,0.0,2.0,0.0,0.007,456750.273913
1785661,IT,ZA,HEAVY,ELEC5,0.17,105047.213,4,4,105047.205,0.0,0.0,0.0,0.008,617924.782353
1806750,IT,WF,WHOLE,POSTT,0.91,105045.364,4,4,105045.358,0.0,0.0,0.0,0.006,115434.465934
1742506,IT,US,BASIC,RETAI,0.12,105041.064,4,4,105041.057,0.0,0.0,0.0,0.007,875342.2
1663624,IT,DK,BUSIN,MACHI,1.08,105034.952,4,4,105034.945,0.0,0.0,0.0,0.007,97254.585185
1806236,IT,WF,MACHI,KEROS,0.59,105014.678,4,4,105014.669,0.0,0.0,0.0,0.009,177990.979661
1813188,IT,WM,MOTO1,AIRTR,0.56,105013.809,4,4,105013.802,0.0,0.0,0.0,0.007,187524.658929
1771567,IT,CH,TEXTI,MEDIC,0.62,105010.626,4,4,105010.612,0.0,0.0,0.0,0.014,169371.977419
1722684,IT,PT,LEATH,RUBBE,0.75,105006.393,5,5,105005.375,0.0,1.0,0.0,0.018,140008.524
1747083,IT,JP,FURNI,ELEC2,0.34,105003.025,4,4,105003.016,0.0,0.0,0.0,0.009,308832.426471
1650334,IT,BG,ELEC2,LIQUE,0.03,104989.863,4,4,104989.852,0.0,0.0,0.0,0.011,3499662.1
1668689,IT,ES,LANDT,STONE,0.68,104983.002,4,4,104982.997,0.0,0.0,0.0,0.005,154386.767647
1767426,IT,RU,LANDT,TRANS,0.68,104975.51,4,4,104975.505,0.0,0.0,0.0,0.005,154375.75
1645202,IT,BE,PRINT,RECRE,1.01,104971.192,4,4,104971.184,0.0,0.0,0.0,0.008,103931.873267
1775287,IT,CH,BUSIN,PREC1,1.08,104970.548,4,4,104970.541,0.0,0.0,0.0,0.007,97194.951852
1723264,IT,PT,GLASS,RUBBE,0.29,104968.61,4,4,104968.604,0.0,0.0,0.0,0.006,361960.724138
1749112,IT,CN,WOODW,BASIC,0.29,104964.264,5,5,104963.257,0.0,1.0,0.0,0.007,361945.737931
1736354,IT,SK,RAILW,SUPPO,0.7,104961.595,5,5,104960.59,0.0,0.0,1.0,0.005,149945.135714
1768533,IT,AU,FOOD5,DIST1,0.5,104958.115,4,4,104958.106,0.0,0.0,0.0,0.009,209916.23
1653101,IT,CZ,CHEM1,TOBAC,0.22,104953.825,4,4,104953.814,0.0,0.0,0.0,0.011,477062.840909
1749019,IT,CN,LEATH,NONME,0.75,104951.196,5,5,104950.178,0.0,1.0,0.0,0.018,139934.928
1731982,IT,SI,KEROS,PIGS9,0.16,104948.546,4,4,104948.537,0.0,0.0,0.0,0.009,655928.4125
1688389,IT,IE,FOOD5,CHEM1,0.5,104941.053,4,4,104941.044,0.0,0.0,0.0,0.009,209882.106
1799180,IT,WE,WEARI,INLAN,0.79,104932.107,4,4,104932.087,0.0,0.0,0.0,0.02,132825.451899
1730137,IT,SE,RAILW,SUPPO,0.7,104929.796,5,5,104928.791,0.0,0.0,1.0,0.005,149899.708571
1798462,IT,WE,NATUR,FABRI,0.15,104926.638,4,4,104926.631,0.0,0.0,0.0,0.007,699510.92
1761305,IT,IN,RUBBE,COMPU,0.35,104915.753,4,4,104915.743,0.0,0.0,0.0,0.01,299759.294286
1760485,IT,IN,TEXTI,OFFIC,0.62,104913.414,4,4,104913.4,0.0,0.0,0.0,0.014,169215.183871
1798157,IT,WE,WHEAT,CRUDE,0.08,104912.222,5,5,104911.219,0.0,1.0,0.0,0.003,1311402.775
1641750,IT,AT,CHEM1,MEATP,0.22,104906.897,4,4,104906.886,0.0,0.0,0.0,0.011,476849.531818
1723239,IT,PT,GLASS,POULT,0.29,104906.657,4,4,104906.651,0.0,0.0,0.0,0.006,361747.093103
1709889,IT,LT,CERAM,REALE,0.16,104891.186,5,5,104890.18,0.0,0.0,1.0,0.006,655569.9125
1810681,IT,WM,MOTOR,PAPER,0.16,104891.172,4,4,104891.163,0.0,0.0,0.0,0.009,655569.825
1755506,IT,KR,CHEM1,CHEMI,0.22,104890.743,4,4,104890.732,0.0,0.0,0.0,0.011,476776.104545
1764898,IT,MX,AIRTR,WHOLE,0.11,104883.388,4,4,104883.385,0.0,0.0,0.0,0.003,953485.345455
1655986,IT,DE,FOOD5,RUBBE,0.5,104882.201,4,4,104882.192,0.0,0.0,0.0,0.009,209764.402
1763441,IT,MX,NONSP,GASDI,0.14,104878.831,4,4,104878.825,0.0,0.0,0.0,0.006,749134.507143
1786473,IT,ZA,MOTO1,RADIO,0.56,104873.129,4,4,104873.122,0.0,0.0,0.0,0.007,187273.444643
1640660,IT,AT,BEVER,EDUCA,0.45,104867.089,4,4,104867.082,0.0,0.0,0.0,0.007,233037.975556
1719603,IT,PL,CERAM,RUBBE,0.16,104866.752,5,5,104865.746,0.0,0.0,1.0,0.006,655417.2
1813744,IT,WM,HOTEL,PFERT,0.76,104862.788,4,4,104862.78,0.0,0.0,0.0,0.008,137977.352632
1766012,IT,RU,CHEM1,NONF1,0.22,104860.103,4,4,104860.092,0.0,0.0,0.0,0.011,476636.831818
1733737,IT,SI,LANDT,STONE,0.68,104858.028,4,4,104858.023,0.0,0.0,0.0,0.005,154202.982353
1667281,IT,ES,ALUM1,BIODI,0.18,104850.995,4,4,104850.987,0.0,0.0,0.0,0.008,582505.527778
1760968,IT,IN,NAPHT,WOODW,0.18,104850.352,4,4,104850.345,0.0,0.0,0.0,0.007,582501.955556
1755956,IT,KR,PREC1,RADIO,0.18,104847.348,4,4,104847.343,0.0,0.0,0.0,0.005,582485.266667
1732175,IT,SI,GASDI,POSTT,0.16,104840.69,4,4,104840.681,0.0,0.0,0.0,0.009,655254.3125
1772495,IT,CH,RUBBE,CROPS,0.35,104838.289,4,4,104838.279,0.0,0.0,0.0,0.01,299537.968571
1801814,IT,WE,ELEC5,WEARI,1.26,104827.005,4,4,104826.999,0.0,0.0,0.0,0.006,83196.035714
1771345,IT,CH,PROCE,FOOD5,0.71,104814.837,4,4,104814.831,0.0,0.0,0.0,0.006,147626.530986
1653010,IT,CZ,PLAST,MOTOR,0.22,104810.105,4,4,104810.094,0.0,0.0,0.0,0.011,476409.568182
1789517,IT,WA,ADDIT,MEDIC,0.24,104803.504,5,5,104802.496,0.0,1.0,0.0,0.008,436681.266667
1799953,IT,WE,HEAVY,PROCE,0.17,104799.679,4,4,104799.671,0.0,0.0,0.0,0.008,616468.7
1768032,IT,RU,BUSIN,BEVER,1.08,104799.451,4,4,104799.444,0.0,0.0,0.0,0.007,97036.528704
1777756,IT,TR,NONF1,REALE,0.02,104789.914,3,3,104789.914,0.0,0.0,0.0,0.0,5239495.7
1729111,IT,SE,RUBBE,RECRE,0.35,104784.373,4,4,104784.363,0.0,0.0,0.0,0.01,299383.922857
1754550,IT,CA,BUSIN,AUXIL,1.08,104782.237,4,4,104782.23,0.0,0.0,0.0,0.007,97020.589815
1777960,IT,TR,MACHI,SECO9,0.58,104766.94,4,4,104766.931,0.0,0.0,0.0,0.009,180632.655172
1645771,IT,BE,RUBBE,ELECT,0.35,104765.442,4,4,104765.433,0.0,0.0,0.0,0.009,299329.834286
1760216,IT,BR,INERT,LIQUE,0.77,104763.116,4,4,104763.109,0.0,0.0,0.0,0.007,136055.994805
1798267,IT,WE,OILSE,LEATH,0.08,104745.383,5,5,104744.378,0.0,1.0,0.0,0.005,1309317.2875
1771075,IT,CH,NATUR,MACHI,0.15,104744.08,4,4,104744.073,0.0,0.0,0.0,0.007,698293.866667
1775661,IT,TR,WHEAT,FOOD5,0.08,104743.299,5,5,104742.296,0.0,1.0,0.0,0.003,1309291.2375
1672671,IT,FR,CRUDE,SUPPO,0.21,104740.469,4,4,104740.46,0.0,0.0,0.0,0.009,498764.138095
1772124,IT,CH,MOTOR,RAILW,0.16,104737.666,4,4,104737.657,0.0,0.0,0.0,0.009,654610.4125
1640940,IT,AT,WOODW,VEGE1,0.29,104734.946,5,5,104733.939,0.0,1.0,0.0,0.007,361154.986207
1769532,IT,AU,ALUM1,GLASS,0.18,104707.014,4,4,104707.006,0.0,0.0,0.0,0.008,581705.633333
1814363,IT,WM,FINAN,PUBLI,1.36,104706.846,4,4,104706.843,0.0,0.0,0.0,0.003,76990.327941
1674076,IT,FR,GASDI,FOOD2,0.16,104703.869,4,4,104703.86,0.0,0.0,0.0,0.009,654399.18125
1774149,IT,CH,WHOLE,PUBLI,0.9,104695.191,4,4,104695.185,0.0,0.0,0.0,0.006,116327.99
1769177,IT,AU,CHEM1,ELEC2,0.22,104684.991,4,4,104684.98,0.0,0.0,0.0,0.011,475840.868182
1649543,IT,BG,RUBBE,ALUM1,0.35,104679.106,4,4,104679.097,0.0,0.0,0.0,0.009,299083.16
1659024,IT,DE,ELEC2,COLLE,0.03,104667.522,4,4,104667.511,0.0,0.0,0.0,0.011,3488917.4
1711595,IT,LU,FINAN,PUBLI,1.36,104659.201,4,4,104659.198,0.0,0.0,0.0,0.003,76955.294853
1653499,IT,CZ,BASIC,WEARI,0.12,104657.003,4,4,104656.996,0.0,0.0,0.0,0.007,872141.691667
1795592,IT,WL,NONF1,BIODI,0.02,104646.771,3,3,104646.771,0.0,0.0,0.0,0.0,5232338.55
1798722,IT,WE,DAIRY,EDUCA,0.43,104634.215,5,5,104633.208,0.0,1.0,0.0,0.007,243335.383721
1748607,IT,CN,VEGE1,EDUCA,0.32,104626.73,5,5,104625.707,0.0,1.0,0.0,0.023,326958.53125
1657186,IT,DE,CHEM1,BKBPE,0.22,104598.21,4,4,104598.199,0.0,0.0,0.0,0.011,475446.409091
1744944,IT,US,BUSIN,DIST1,1.07,104588.684,4,4,104588.677,0.0,0.0,0.0,0.007,97746.433645
1682812,IT,HR,HEAVY,SECO9,0.17,104584.89,4,4,104584.882,0.0,0.0,0.0,0.008,615205.235294
1796716,IT,WL,RAILW,EDUCA,0.7,104581.421,5,5,104580.416,0.0,0.0,1.0,0.005,149402.03
1801913,IT,WE,CONST,PUBLI,0.58,104573.817,4,4,104573.811,0.0,0.0,0.0,0.006,180299.684483
1686740,IT,HU,COPP1,COMPU,0.26,104557.377,4,4,104557.372,0.0,0.0,0.0,0.005,402143.757692
1656851,IT,DE,HEAVY,FISH5,0.17,104551.496,4,4,104551.488,0.0,0.0,0.0,0.008,615008.8
1808430,IT,WF,FOOD4,NATUR,0.76,104550.77,4,4,104550.763,0.0,0.0,0.0,0.007,137566.802632
1784306,IT,ID,CHEM1,SUPPO,0.22,104550.12,4,4,104550.109,0.0,0.0,0.0,0.011,475227.818182
1810651,IT,WM,MOTOR,RAWMI,0.16,104542.488,4,4,104542.479,0.0,0.0,0.0,0.009,653390.55
1794226,IT,WL,PRINT,FINAN,1.0,104537.717,4,4,104537.709,0.0,0.0,0.0,0.008,104537.717
1689458,IT,IE,HOTEL,SALEM,0.76,104536.369,4,4,104536.361,0.0,0.0,0.0,0.008,137547.853947
1676845,IT,FR,LANDT,FINAN,0.67,104536.345,4,4,104536.34,0.0,0.0,0.0,0.005,156024.395522
1723491,IT,PT,ALUM1,BUSIN,0.18,104535.337,4,4,104535.329,0.0,0.0,0.0,0.008,580751.872222
1710007,IT,LT,ALUM1,MOTO1,0.18,104532.901,4,4,104532.893,0.0,0.0,0.0,0.008,580738.338889
1640901,IT,AT,LEATH,CONST,0.75,104532.888,5,5,104531.87,0.0,1.0,0.0,0.018,139377.184
1735130,IT,SK,CHEM1,INERT,0.22,104528.414,4,4,104528.403,0.0,0.0,0.0,0.011,475129.154545
1667350,IT,ES,LEAD1,MOTO1,0.18,104526.534,4,4,104526.525,0.0,0.0,0.0,0.009,580702.966667
1667326,IT,ES,ALUM1,COMPU,0.18,104513.378,4,4,104513.37,0.0,0.0,0.0,0.008,580629.877778
1727024,IT,RO,HOTEL,TEXT2,0.76,104512.158,4,4,104512.15,0.0,0.0,0.0,0.008,137515.997368
1723055,IT,PT,CHEM1,MEATC,0.22,104512.138,4,4,104512.127,0.0,0.0,0.0,0.011,475055.172727
1776569,IT,TR,GASDI,SUGAR,0.16,104510.279,4,4,104510.27,0.0,0.0,0.0,0.009,653189.24375
1749736,IT,CN,ADDIT,DAIRY,0.24,104506.075,5,5,104505.067,0.0,1.0,0.0,0.008,435441.979167
1726435,IT,RO,FABRI,LIQUE,0.43,104505.15,4,4,104505.143,0.0,0.0,0.0,0.007,243035.232558
1771881,IT,CH,WOODW,RECRE,0.29,104501.786,5,5,104500.779,0.0,1.0,0.0,0.007,360350.986207
1677908,IT,FR,BUSIN,FURNI,1.07,104500.575,4,4,104500.568,0.0,0.0,0.0,0.007,97664.088785
1653253,IT,CZ,RUBBE,FOUND,0.35,104494.8,4,4,104494.791,0.0,0.0,0.0,0.009,298556.571429
1723431,IT,PT,BASIC,93197,0.12,104494.1,4,4,104494.093,0.0,0.0,0.0,0.007,870784.166667
1769625,IT,AU,FABRI,PAPER,0.43,104484.61,4,4,104484.603,0.0,0.0,0.0,0.007,242987.465116
1774325,IT,CH,HOTEL,RUBBE,0.76,104480.156,4,4,104480.148,0.0,0.0,0.0,0.008,137473.889474
1760899,IT,IN,GASDI,SUPPO,0.16,104479.089,4,4,104479.08,0.0,0.0,0.0,0.009,652994.30625
1673244,IT,FR,FISH5,PLAST,0.44,104479.008,4,4,104478.954,0.0,0.0,0.0,0.054,237452.290909
1671589,IT,FI,MOTO1,BUSIN,0.56,104475.361,4,4,104475.354,0.0,0.0,0.0,0.007,186563.144643
1757258,IT,BR,VEGE1,REALE,0.32,104468.166,5,5,104467.143,0.0,1.0,0.0,0.023,326463.01875
1780904,IT,TW,RESEA,MEDIC,0.57,104461.757,4,4,104461.75,0.0,0.0,0.0,0.007,183266.240351
1733405,IT,SI,ELEC2,CONST,0.03,104459.894,4,4,104459.883,0.0,0.0,0.0,0.011,3481996.466667
1728711,IT,SE,MOTOR,CONST,0.16,104448.613,4,4,104448.604,0.0,0.0,0.0,0.009,652803.83125
1754033,IT,CA,SEACO,LEAD1,0.11,104446.118,4,4,104446.116,0.0,0.0,0.0,0.002,949510.163636
1770482,IT,AU,AIRTR,RUBBE,0.11,104427.884,4,4,104427.881,0.0,0.0,0.0,0.003,949344.4
1810011,IT,WM,TEXTI,NATUR,0.62,104417.056,4,4,104417.042,0.0,0.0,0.0,0.014,168414.606452
1721342,IT,PL,TRAN2,COPP1,0.16,104416.825,4,4,104416.822,0.0,0.0,0.0,0.003,652605.15625
1642282,IT,AT,NONME,SUPPO,0.21,104416.815,4,4,104416.804,0.0,0.0,0.0,0.011,497222.928571
1641815,IT,AT,CHEM1,DIST1,0.22,104399.273,4,4,104399.262,0.0,0.0,0.0,0.011,474542.15
1810030,IT,WM,TEXTI,FISH5,0.62,104397.279,4,4,104397.265,0.0,0.0,0.0,0.014,168382.708065
1673146,IT,FR,BEVER,TEXTI,0.44,104395.634,4,4,104395.627,0.0,0.0,0.0,0.007,237262.804545
1666721,IT,ES,RUBBE,SUGA1,0.35,104394.252,4,4,104394.243,0.0,0.0,0.0,0.009,298269.291429
1789001,IT,WA,HEAVY,FOOD3,0.17,104386.446,4,4,104386.438,0.0,0.0,0.0,0.008,614037.917647
1786882,IT,ZA,SEACO,RETA1,0.11,104386.108,4,4,104386.106,0.0,0.0,0.0,0.002,948964.618182
1658592,IT,DE,MACHI,LEAD1,0.58,104382.137,4,4,104382.128,0.0,0.0,0.0,0.009,179969.201724
1789654,IT,WA,RUBBE,CERAM,0.35,104369.092,4,4,104369.083,0.0,0.0,0.0,0.009,298197.405714
1674668,IT,FR,GLASS,GASDI,0.29,104368.076,4,4,104368.07,0.0,0.0,0.0,0.006,359889.917241
1644843,IT,BE,TEXTI,HEALT,0.62,104366.54,4,4,104366.526,0.0,0.0,0.0,0.014,168333.129032
1676713,IT,FR,RAILW,POSTT,0.7,104361.832,5,5,104360.827,0.0,0.0,1.0,0.005,149088.331429
1652611,IT,CZ,WOODW,FORES,0.29,104353.713,5,5,104352.706,0.0,1.0,0.0,0.007,359840.389655
1723056,IT,PT,CHEM1,MEATP,0.22,104339.241,4,4,104339.23,0.0,0.0,0.0,0.011,474269.277273
1793774,IT,WL,FISH5,HOTEL,0.44,104318.352,4,4,104318.298,0.0,0.0,0.0,0.054,237087.163636
1795935,IT,WL,MOTO1,MEATC,0.56,104316.02,4,4,104316.013,0.0,0.0,0.0,0.007,186278.607143
1674022,IT,FR,GASDI,SUGAR,0.16,104314.232,4,4,104314.224,0.0,0.0,0.0,0.008,651963.95
1723562,IT,PT,FABRI,MEATC,0.42,104312.048,4,4,104312.041,0.0,0.0,0.0,0.007,248362.019048
1730619,IT,SE,RENTI,WOODW,0.62,104311.632,4,4,104311.626,0.0,0.0,0.0,0.006,168244.567742
1749755,IT,CN,ADDIT,BITU1,0.24,104310.855,5,5,104309.847,0.0,1.0,0.0,0.008,434628.5625
1755555,IT,KR,CHEM1,COPP1,0.22,104307.349,4,4,104307.338,0.0,0.0,0.0,0.011,474124.313636
1803114,IT,WF,VEGET,WEARI,0.37,104304.666,4,4,104304.662,0.0,0.0,0.0,0.004,281904.502703
1737486,IT,GB,LEATH,HEALT,0.75,104300.22,5,5,104299.202,0.0,1.0,0.0,0.018,139066.96
1760932,IT,IN,HEAVY,PLAST,0.17,104299.046,4,4,104299.038,0.0,0.0,0.0,0.008,613523.8
1769288,IT,AU,RUBBE,COLLE,0.35,104293.137,4,4,104293.128,0.0,0.0,0.0,0.009,297980.391429
1718372,IT,PL,BEVER,PLAST,0.44,104288.523,4,4,104288.516,0.0,0.0,0.0,0.007,237019.370455
1726495,IT,RO,FABRI,HEALT,0.42,104276.748,4,4,104276.741,0.0,0.0,0.0,0.007,248277.971429
1664143,IT,EE,RUBBE,MOTO1,0.35,104272.492,4,4,104272.483,0.0,0.0,0.0,0.009,297921.405714
1744110,IT,US,SUPPO,CEMEN,0.75,104265.448,4,4,104265.443,0.0,0.0,0.0,0.005,139020.597333
1754952,IT,KR,TEXTI,BASIC,0.62,104246.345,4,4,104246.331,0.0,0.0,0.0,0.014,168139.266129
1770488,IT,AU,AIRTR,MACHI,0.11,104245.676,4,4,104245.673,0.0,0.0,0.0,0.003,947687.963636
1686479,IT,HU,PREC1,WOODW,0.18,104239.814,4,4,104239.809,0.0,0.0,0.0,0.005,579110.077778
1725131,IT,RO,MEATC,BEVER,0.35,104231.057,5,5,104229.05,0.0,2.0,0.0,0.007,297803.02
1656612,IT,DE,PRINT,FURNI,1.0,104229.758,4,4,104229.75,0.0,0.0,0.0,0.008,104229.758
1664280,IT,EE,BASIC,BUSIN,0.12,104224.691,4,4,104224.684,0.0,0.0,0.0,0.007,868539.091667
1728104,IT,SE,VEGE1,SUGA1,0.32,104216.819,5,5,104215.796,0.0,1.0,0.0,0.023,325677.559375
1781889,IT,NO,CHEM1,KERO1,0.22,104198.981,4,4,104198.97,0.0,0.0,0.0,0.011,473631.731818
1717930,IT,PL,FISHF,EDUCA,0.18,104189.7,4,4,104189.696,0.0,0.0,0.0,0.004,578831.666667
1689549,IT,IE,AIRTR,CEREA,0.11,104174.298,4,4,104174.295,0.0,0.0,0.0,0.003,947039.072727
1649670,IT,BG,CERAM,HOTEL,0.16,104171.886,5,5,104170.88,0.0,0.0,1.0,0.006,651074.2875
1689831,IT,IE,INSUR,CONST,2.15,104171.033,4,4,104171.028,0.0,0.0,0.0,0.005,48451.643256
1650792,IT,BG,LANDT,WHEAT,0.67,104170.229,4,4,104170.224,0.0,0.0,0.0,0.005,155477.953731
1720725,IT,PL,TRANS,STONE,0.62,104155.266,4,4,104155.26,0.0,0.0,0.0,0.006,167992.364516
1797141,IT,WL,POSTT,COPP1,1.72,104153.307,4,4,104153.299,0.0,0.0,0.0,0.008,60554.248256
1814357,IT,WM,FINAN,INSUR,1.36,104148.569,4,4,104148.566,0.0,0.0,0.0,0.003,76579.830147
1671959,IT,FI,LANDT,BASIC,0.67,104138.173,4,4,104138.168,0.0,0.0,0.0,0.005,155430.108955
1813302,IT,WM,TRANS,FINAN,0.62,104129.466,4,4,104129.46,0.0,0.0,0.0,0.006,167950.751613
1717733,IT,NL,BUSIN,FOOD2,1.07,104126.623,4,4,104126.616,0.0,0.0,0.0,0.007,97314.600935
1719634,IT,PL,CERAM,BUSIN,0.16,104126.114,5,5,104125.108,0.0,0.0,1.0,0.006,650788.2125
1795749,IT,WL,MACHI,MEAT4,0.58,104118.315,4,4,104118.306,0.0,0.0,0.0,0.009,179514.336207
1714952,IT,NL,FISH5,MEAT1,0.44,104113.504,4,4,104113.45,0.0,0.0,0.0,0.054,236621.6
1785269,IT,ZA,TEXTI,HEALT,0.62,104112.844,4,4,104112.83,0.0,0.0,0.0,0.014,167923.941935
1763963,IT,MX,BASIC,BUSIN,0.12,104103.294,4,4,104103.287,0.0,0.0,0.0,0.007,867527.45
1711087,IT,LU,ALUM1,MACHI,0.18,104095.515,4,4,104095.507,0.0,0.0,0.0,0.008,578308.416667
1766980,IT,RU,MOTO1,WHOLE,0.55,104086.678,4,4,104086.671,0.0,0.0,0.0,0.007,189248.505455
1711354,IT,LU,WHOLE,BUSIN,0.9,104085.119,4,4,104085.113,0.0,0.0,0.0,0.006,115650.132222
1777715,IT,TR,COPP1,WHOLE,0.26,104061.308,4,4,104061.303,0.0,0.0,0.0,0.005,400235.8
1666200,IT,ES,HEAVY,FISH5,0.17,104032.6,4,4,104032.592,0.0,0.0,0.0,0.008,611956.470588
1725635,IT,RO,PULP5,WOODW,0.32,104029.332,4,4,104029.322,0.0,0.0,0.0,0.01,325091.6625
1812166,IT,WM,CEMEN,RENTI,0.17,104023.303,5,5,104022.298,0.0,0.0,1.0,0.005,611901.782353
1720385,IT,PL,MACHI,COKIN,0.58,104020.183,4,4,104020.174,0.0,0.0,0.0,0.009,179345.143103
1668659,IT,ES,RAILW,BUSIN,0.7,104015.148,5,5,104014.143,0.0,0.0,1.0,0.005,148593.068571
1764321,IT,MX,OFFIC,MACHI,0.32,104014.411,4,4,104014.404,0.0,0.0,0.0,0.007,325045.034375
1811527,IT,WM,NFERT,RESEA,0.02,104005.965,4,4,104005.956,0.0,0.0,0.0,0.009,5200298.25
1675665,IT,FR,TRANS,MACHI,0.62,103985.984,4,4,103985.978,0.0,0.0,0.0,0.006,167719.329032
1764829,IT,MX,SEACO,PREC1,0.11,103982.533,4,4,103982.531,0.0,0.0,0.0,0.002,945295.754545
1664097,IT,EE,CHEM1,REALE,0.22,103981.652,4,4,103981.641,0.0,0.0,0.0,0.011,472643.872727
1765461,IT,RU,TEXTI,BUSIN,0.62,103980.621,4,4,103980.607,0.0,0.0,0.0,0.014,167710.679032
1741020,IT,US,FISH5,EDUCA,0.44,103980.475,4,4,103980.422,0.0,0.0,0.0,0.053,236319.261364
1657305,IT,DE,CHEM1,FOOD3,0.22,103979.86,4,4,103979.849,0.0,0.0,0.0,0.011,472635.727273
1647157,IT,BE,HOTEL,MEMBE,0.75,103954.302,4,4,103954.294,0.0,0.0,0.0,0.008,138605.736
1794102,IT,WL,PAPER,PREC1,0.4,103950.491,5,5,103949.481,0.0,1.0,0.0,0.01,259876.2275
1777000,IT,TR,CHEM1,CRUDE,0.22,103947.236,4,4,103947.225,0.0,0.0,0.0,0.011,472487.436364
1746818,IT,JP,MACHI,SECO9,0.58,103939.874,4,4,103939.865,0.0,0.0,0.0,0.009,179206.67931
1750999,IT,CN,WHOLE,CRUDE,0.9,103935.088,4,4,103935.082,0.0,0.0,0.0,0.006,115483.431111
1803144,IT,WF,VEGET,SALEM,0.37,103927.899,4,4,103927.895,0.0,0.0,0.0,0.004,280886.213514
1795288,IT,WL,BRICK,COPP1,0.16,103920.852,5,5,103919.845,0.0,0.0,1.0,0.007,649505.325
1666608,IT,ES,CHEM1,ELEC6,0.22,103911.688,4,4,103911.677,0.0,0.0,0.0,0.011,472325.854545
1672748,IT,FR,MEATC,VEGE1,0.35,103902.488,5,5,103900.481,0.0,2.0,0.0,0.007,296864.251429
1687672,IT,HU,AIRTR,SALEM,0.11,103901.598,4,4,103901.595,0.0,0.0,0.0,0.003,944559.981818
1643319,IT,AT,RAILW,MOTOR,0.7,103901.23,5,5,103900.225,0.0,0.0,1.0,0.005,148430.328571
1767074,IT,RU,FURNI,RUBBE,0.33,103896.176,4,4,103896.167,0.0,0.0,0.0,0.009,314836.89697
1776988,IT,TR,CHEM1,PLANT,0.22,103891.014,4,4,103891.003,0.0,0.0,0.0,0.011,472231.881818
1669214,IT,ES,POSTT,FINAN,1.71,103881.393,4,4,103881.385,0.0,0.0,0.0,0.008,60749.352632
1806660,IT,WF,RETAI,EDUCA,0.82,103879.795,4,4,103879.788,0.0,0.0,0.0,0.007,126682.676829
1642509,IT,AT,LEAD1,BUSIN,0.18,103870.196,4,4,103870.187,0.0,0.0,0.0,0.009,577056.644444
1737404,IT,GB,TEXTI,RETA1,0.62,103864.731,4,4,103864.717,0.0,0.0,0.0,0.014,167523.759677
1811273,IT,WM,BITU1,TEXTI,0.16,103863.355,4,4,103863.347,0.0,0.0,0.0,0.008,649145.96875
1736062,IT,SK,FURNI,WHOLE,0.33,103862.084,4,4,103862.075,0.0,0.0,0.0,0.009,314733.587879
1751718,IT,CN,INSUR,ELEC4,2.14,103859.082,4,4,103859.077,0.0,0.0,0.0,0.005,48532.281308
1771449,IT,CH,BEVER,TEXTI,0.44,103858.193,4,4,103858.186,0.0,0.0,0.0,0.007,236041.347727
1813307,IT,WM,TRANS,COMPU,0.62,103856.634,4,4,103856.628,0.0,0.0,0.0,0.006,167510.7
1776931,IT,TR,PLAST,TRANS,0.22,103852.233,4,4,103852.222,0.0,0.0,0.0,0.011,472055.604545
1769721,IT,AU,MACHI,COPPE,0.58,103846.484,4,4,103846.475,0.0,0.0,0.0,0.009,179045.662069
1766676,IT,RU,FABRI,RETAI,0.42,103840.107,4,4,103840.1,0.0,0.0,0.0,0.007,247238.35
1766561,IT,RU,COPP1,DISTR,0.26,103834.497,4,4,103834.492,0.0,0.0,0.0,0.005,399363.45
1675083,IT,FR,ALUM1,PLAS1,0.18,103830.931,4,4,103830.923,0.0,0.0,0.0,0.008,576838.505556
1711976,IT,LV,VEGET,FISH5,0.37,103830.779,4,4,103830.775,0.0,0.0,0.0,0.004,280623.727027
1761262,IT,IN,RUBBE,PFERT,0.34,103825.608,4,4,103825.599,0.0,0.0,0.0,0.009,305369.435294
1732114,IT,SI,GASDI,OILSE,0.15,103819.511,4,4,103819.503,0.0,0.0,0.0,0.008,692130.073333
1643722,IT,AT,SUPPO,OFFIC,0.75,103803.619,4,4,103803.614,0.0,0.0,0.0,0.005,138404.825333
1772241,IT,CH,HEAVY,CERAM,0.17,103799.818,4,4,103799.81,0.0,0.0,0.0,0.008,610587.164706
1726135,IT,RO,RUBBE,HEALT,0.34,103797.556,4,4,103797.547,0.0,0.0,0.0,0.009,305286.929412
1654631,IT,CZ,LANDT,DAIRY,0.67,103797.352,4,4,103797.347,0.0,0.0,0.0,0.005,154921.420896
1746859,IT,JP,MACHI,PAPE1,0.58,103787.717,4,4,103787.708,0.0,0.0,0.0,0.009,178944.339655
1731984,IT,SI,KEROS,MEATA,0.15,103779.292,4,4,103779.284,0.0,0.0,0.0,0.008,691861.946667
1754679,IT,KR,MEAT4,HOTEL,0.57,103774.745,4,4,103774.738,0.0,0.0,0.0,0.007,182060.95614
1685435,IT,HU,WOODW,PAPER,0.29,103750.582,5,5,103749.575,0.0,1.0,0.0,0.007,357760.627586
1808201,IT,WF,OILHA,REALE,0.6,103749.071,4,4,103749.065,0.0,0.0,0.0,0.006,172915.118333
1804283,IT,WF,MOTOR,FISH5,0.15,103743.551,4,4,103743.543,0.0,0.0,0.0,0.008,691623.673333
1728247,IT,SE,FOOD5,BUSIN,0.5,103736.443,4,4,103736.434,0.0,0.0,0.0,0.009,207472.886
1677806,IT,FR,COMPU,RENTI,1.18,103715.215,4,4,103715.208,0.0,0.0,0.0,0.007,87894.25
1745841,IT,JP,LEATH,COKEO,0.74,103712.912,5,5,103711.894,0.0,1.0,0.0,0.018,140152.583784
1658878,IT,DE,TRANS,CONST,0.62,103712.012,4,4,103712.006,0.0,0.0,0.0,0.006,167277.43871
1752493,IT,CA,FOOD5,ANIMA,0.5,103704.919,4,4,103704.91,0.0,0.0,0.0,0.009,207409.838
1801839,IT,WE,ELEC8,CRUDE,1.38,103699.253,4,4,103699.247,0.0,0.0,0.0,0.006,75144.386232
1744809,IT,US,RESEA,DISTR,0.56,103698.731,4,4,103698.724,0.0,0.0,0.0,0.007,185176.305357
1793760,IT,WL,BEVER,RECRE,0.44,103690.485,4,4,103690.478,0.0,0.0,0.0,0.007,235660.193182
1674219,IT,FR,LIQUE,INSUR,0.18,103688.106,4,4,103688.098,0.0,0.0,0.0,0.008,576045.033333
1661317,IT,DK,CHEMI,CHEM1,0.25,103685.963,5,5,103680.953,0.0,0.0,5.0,0.01,414743.852
1657129,IT,DE,PLAST,GLASS,0.22,103677.777,4,4,103677.766,0.0,0.0,0.0,0.011,471262.622727
1686087,IT,HU,RUBBE,BIODI,0.34,103674.895,4,4,103674.886,0.0,0.0,0.0,0.009,304926.161765
1673691,IT,FR,PAPER,MEAT1,0.4,103674.009,5,5,103672.999,0.0,1.0,0.0,0.01,259185.0225
1731810,IT,SI,PAPER,DIST1,0.4,103665.342,5,5,103664.332,0.0,1.0,0.0,0.01,259163.355
1716510,IT,NL,OFFIC,EDUCA,0.32,103659.357,4,4,103659.35,0.0,0.0,0.0,0.007,323935.490625
1720012,IT,PL,ALUM1,KEROS,0.18,103648.979,4,4,103648.971,0.0,0.0,0.0,0.008,575827.661111
1654304,IT,CZ,ELEC2,BASIC,0.02,103641.577,4,4,103641.566,0.0,0.0,0.0,0.011,5182078.85
1748678,IT,CN,FOOD5,WOOLS,0.5,103640.637,4,4,103640.628,0.0,0.0,0.0,0.009,207281.274
1807387,IT,WF,FINAN,RETA1,1.35,103640.371,4,4,103640.368,0.0,0.0,0.0,0.003,76770.645185
1758398,IT,BR,FABRI,RUBBE,0.42,103633.412,4,4,103633.405,0.0,0.0,0.0,0.007,246746.219048
1737580,IT,GB,PAPER,MEATC,0.4,103626.294,5,5,103625.284,0.0,1.0,0.0,0.01,259065.735
1713424,IT,MT,PLAST,PLAST,0.22,103621.196,4,4,103621.185,0.0,0.0,0.0,0.011,471005.436364
1781344,IT,NO,DAIRY,MEAT4,0.42,103619.69,5,5,103618.683,0.0,1.0,0.0,0.007,246713.547619
1675078,IT,FR,ALUM1,COMPU,0.18,103617.262,4,4,103617.254,0.0,0.0,0.0,0.008,575651.455556
1715799,IT,NL,RUBBE,SANDC,0.34,103604.379,4,4,103604.37,0.0,0.0,0.0,0.009,304718.761765
1738362,IT,GB,PREC1,WOODW,0.18,103604.233,4,4,103604.228,0.0,0.0,0.0,0.005,575579.072222
1814012,IT,WM,SEACO,OFFIC,0.11,103604.212,4,4,103604.21,0.0,0.0,0.0,0.002,941856.472727
1716532,IT,NL,MOTO1,REALE,0.55,103593.224,4,4,103593.217,0.0,0.0,0.0,0.007,188351.316364
1759757,IT,BR,BUSIN,GLASS,1.06,103587.332,4,4,103587.325,0.0,0.0,0.0,0.007,97723.898113
1756375,IT,KR,FURNI,RUBBE,0.33,103569.12,4,4,103569.111,0.0,0.0,0.0,0.009,313845.818182
1755853,IT,KR,NONME,ANIMA,0.21,103567.46,4,4,103567.449,0.0,0.0,0.0,0.011,493178.380952
1794306,IT,WL,MOTOR,CERAM,0.15,103565.409,4,4,103565.401,0.0,0.0,0.0,0.008,690436.06
1716086,IT,NL,BASIC,LEAD1,0.12,103557.545,4,4,103557.538,0.0,0.0,0.0,0.007,862979.541667
1812691,IT,WM,COPP1,RETA1,0.26,103555.521,4,4,103555.516,0.0,0.0,0.0,0.005,398290.465385
1786151,IT,ZA,BASIC,TRAN1,0.12,103554.756,4,4,103554.749,0.0,0.0,0.0,0.007,862956.3
1732129,IT,SI,GASDI,BEVER,0.15,103552.195,4,4,103552.187,0.0,0.0,0.0,0.008,690347.966667
1665371,IT,ES,TEXTI,BEVER,0.61,103551.975,4,4,103551.961,0.0,0.0,0.0,0.014,169757.336066
1721235,IT,PL,LANDT,LIQUE,0.67,103546.739,4,4,103546.734,0.0,0.0,0.0,0.005,154547.371642
1727263,IT,RO,SUPPO,FINAN,0.74,103537.259,4,4,103537.254,0.0,0.0,0.0,0.005,139915.214865
1665133,IT,ES,DAIRY,FISH5,0.42,103536.372,5,5,103535.365,0.0,1.0,0.0,0.007,246515.171429
1671062,IT,FI,RUBBE,ELECT,0.34,103527.167,4,4,103527.158,0.0,0.0,0.0,0.009,304491.667647
1814206,IT,WM,SUPPO,RAILW,0.74,103517.189,4,4,103517.184,0.0,0.0,0.0,0.005,139888.093243
1730305,IT,SE,AIRTR,CONST,0.11,103515.283,4,4,103515.28,0.0,0.0,0.0,0.003,941048.027273
1683733,IT,HR,MACHI,CEMEN,0.58,103511.156,4,4,103511.147,0.0,0.0,0.0,0.009,178467.510345
1769345,IT,AU,GLASS,ELEC2,0.28,103507.637,4,4,103507.631,0.0,0.0,0.0,0.006,369670.132143
1742534,IT,US,BASIC,PAPE4,0.12,103505.18,4,4,103505.173,0.0,0.0,0.0,0.007,862543.166667
1648288,IT,BE,PUBLI,PLAST,1.7,103501.364,4,4,103501.357,0.0,0.0,0.0,0.007,60883.155294
1641544,IT,AT,HEAVY,FURNI,0.17,103496.828,4,4,103496.82,0.0,0.0,0.0,0.008,608804.870588
1764001,IT,MX,ALUM1,RADIO,0.18,103487.08,4,4,103487.072,0.0,0.0,0.0,0.008,574928.222222
1652047,IT,CZ,OILSE,HOTEL,0.07,103478.935,5,5,103477.93,0.0,1.0,0.0,0.005,1478270.5
1686398,IT,HU,BASIC,NAPHT,0.12,103470.178,4,4,103470.171,0.0,0.0,0.0,0.007,862251.483333
1764753,IT,MX,HOTEL,RETA1,0.75,103463.308,4,4,103463.3,0.0,0.0,0.0,0.008,137951.077333
1666652,IT,ES,CHEM1,MEMBE,0.22,103456.787,4,4,103456.776,0.0,0.0,0.0,0.011,470258.122727
1682733,IT,HR,GASDI,SALEM,0.15,103453.351,4,4,103453.343,0.0,0.0,0.0,0.008,689689.006667
1773107,IT,CH,COPP1,PRINT,0.26,103444.229,4,4,103444.224,0.0,0.0,0.0,0.005,397862.419231
1755528,IT,KR,CHEM1,KERO1,0.22,103440.437,4,4,103440.426,0.0,0.0,0.0,0.011,470183.804545
1653169,IT,CZ,CHEM1,REALE,0.22,103434.729,4,4,103434.718,0.0,0.0,0.0,0.011,470157.859091
1749849,IT,CN,RUBBE,COPP1,0.34,103434.278,4,4,103434.269,0.0,0.0,0.0,0.009,304218.464706
1767172,IT,RU,WHOLE,RUBBE,0.89,103432.567,4,4,103432.561,0.0,0.0,0.0,0.006,116216.367416
1789725,IT,WA,GLASS,BITUM,0.28,103418.161,4,4,103418.155,0.0,0.0,0.0,0.006,369350.575
1719243,IT,PL,CHEM1,TEXTI,0.22,103416.598,4,4,103416.587,0.0,0.0,0.0,0.011,470075.445455
1680924,IT,GR,LANDT,HEALT,0.67,103414.144,4,4,103414.139,0.0,0.0,0.0,0.005,154349.468657
1752139,IT,CN,BUSIN,RETAI,1.06,103413.249,4,4,103413.242,0.0,0.0,0.0,0.007,97559.668868
1649621,IT,BG,GLASS,FABRI,0.28,103397.16,4,4,103397.154,0.0,0.0,0.0,0.006,369275.571429
1748862,IT,CN,WEARI,MEATA,0.78,103394.887,4,4,103394.867,0.0,0.0,0.0,0.02,132557.547436
1738762,IT,GB,OFFIC,PRINT,0.32,103389.29,4,4,103389.283,0.0,0.0,0.0,0.007,323091.53125
1766075,IT,RU,RUBBE,FORES,0.34,103388.827,4,4,103388.818,0.0,0.0,0.0,0.009,304084.785294
1723591,IT,PT,FABRI,CERAM,0.42,103384.6,4,4,103384.593,0.0,0.0,0.0,0.007,246153.809524
1657838,IT,DE,NONME,COMPU,0.21,103374.547,4,4,103374.536,0.0,0.0,0.0,0.011,492259.747619
1784136,IT,ID,PULP5,RETAI,0.32,103373.095,4,4,103373.085,0.0,0.0,0.0,0.01,323040.921875
1644390,IT,BE,MEATC,HOTEL,0.35,103370.984,5,5,103368.977,0.0,2.0,0.0,0.007,295345.668571
1739274,IT,GB,HOTEL,PRINT,0.75,103368.754,4,4,103368.746,0.0,0.0,0.0,0.008,137825.005333
1796104,IT,WL,TRANS,LEAD1,0.62,103361.197,4,4,103361.191,0.0,0.0,0.0,0.006,166711.608065
1811065,IT,WM,HEAVY,NONSP,0.17,103353.927,4,4,103353.919,0.0,0.0,0.0,0.008,607964.276471
1749135,IT,CN,WOODW,RETA1,0.29,103352.89,5,5,103351.883,0.0,1.0,0.0,0.007,356389.275862
1658989,IT,DE,ELEC1,PUBLI,0.01,103350.927,4,4,103350.92,0.0,0.0,0.0,0.007,10335092.7
1640397,IT,AT,MEAT4,LIQUE,0.57,103350.383,4,4,103350.376,0.0,0.0,0.0,0.007,181316.461404
1654107,IT,CZ,OFFIC,RETA1,0.32,103342.025,4,4,103342.018,0.0,0.0,0.0,0.007,322943.828125
1810702,IT,WM,MOTOR,GLASS,0.15,103337.399,4,4,103337.391,0.0,0.0,0.0,0.008,688915.993333
1641103,IT,AT,PAPER,MEDIC,0.4,103333.006,5,5,103331.996,0.0,1.0,0.0,0.01,258332.515
1798912,IT,WE,FISH5,CRUDE,0.43,103330.351,4,4,103330.298,0.0,0.0,0.0,0.053,240303.14186
1661268,IT,DK,OILSE,OILSE,0.07,103316.58,5,5,103315.575,0.0,1.0,0.0,0.005,1475951.142857
1751923,IT,CN,COMPU,FURNI,1.18,103315.044,4,4,103315.038,0.0,0.0,0.0,0.006,87555.122034
1649976,IT,BG,FABRI,REALE,0.42,103306.415,4,4,103306.408,0.0,0.0,0.0,0.007,245967.654762
1649793,IT,BG,PREC1,CROPS,0.18,103302.691,4,4,103302.686,0.0,0.0,0.0,0.005,573903.838889
1675265,IT,FR,FABRI,ELECT,0.42,103299.819,4,4,103299.812,0.0,0.0,0.0,0.007,245951.95
1653166,IT,CZ,CHEM1,LANDT,0.22,103292.443,4,4,103292.432,0.0,0.0,0.0,0.011,469511.104545
1681794,IT,HR,MEATC,STEAM,0.34,103288.999,5,5,103286.992,0.0,2.0,0.0,0.007,303791.173529
1667654,IT,ES,MACHI,BIOGA,0.58,103287.27,4,4,103287.262,0.0,0.0,0.0,0.008,178081.5
1779741,IT,TR,BUSIN,PLAST,1.06,103287.128,4,4,103287.121,0.0,0.0,0.0,0.007,97440.686792
1807913,IT,WF,PLAS1,NATUR,0.37,103285.11,4,4,103285.103,0.0,0.0,0.0,0.007,279148.945946
1682644,IT,HR,KEROS,ELEC1,0.15,103283.343,4,4,103283.335,0.0,0.0,0.0,0.008,688555.62
1650914,IT,BG,SEACO,NAPHT,0.11,103278.021,4,4,103278.019,0.0,0.0,0.0,0.002,938891.1
1813690,IT,WM,RETA1,HOTEL,1.08,103266.969,4,4,103266.962,0.0,0.0,0.0,0.007,95617.563889
1810006,IT,WM,TEXTI,RAWMI,0.61,103261.588,4,4,103261.574,0.0,0.0,0.0,0.014,169281.291803
1642910,IT,AT,TRANS,WHOLE,0.62,103261.39,4,4,103261.384,0.0,0.0,0.0,0.006,166550.629032
1794328,IT,WL,MOTOR,ELEC5,0.15,103261.016,4,4,103261.008,0.0,0.0,0.0,0.008,688406.773333
1809566,IT,WM,VEGE1,KEROS,0.32,103257.065,5,5,103256.043,0.0,1.0,0.0,0.022,322678.328125
1802373,IT,WE,SEACO,CONST,0.11,103248.923,4,4,103248.921,0.0,0.0,0.0,0.002,938626.572727
1677525,IT,FR,AUXIL,REALE,1.89,103241.109,4,4,103241.104,0.0,0.0,0.0,0.005,54624.925397
1642517,IT,AT,COPP1,CHEM1,0.26,103231.662,4,4,103231.657,0.0,0.0,0.0,0.005,397044.853846
1666230,IT,ES,HEAVY,GLASS,0.17,103214.856,4,4,103214.848,0.0,0.0,0.0,0.008,607146.211765
1799322,IT,WE,WOODW,PAPER,0.29,103209.673,5,5,103208.666,0.0,1.0,0.0,0.007,355895.424138
1787682,IT,WA,VEGE1,FISHF,0.32,103209.369,5,5,103208.347,0.0,1.0,0.0,0.022,322529.278125
1722829,IT,PT,PAPER,HEALT,0.4,103205.325,5,5,103204.315,0.0,1.0,0.0,0.01,258013.3125
1807825,IT,WF,FOODW,PUBLI,0.76,103205.14,4,4,103205.134,0.0,0.0,0.0,0.006,135796.236842
1738147,IT,GB,GLASS,NONME,0.28,103204.209,4,4,103204.203,0.0,0.0,0.0,0.006,368586.460714
1666473,IT,ES,PLAST,LEATH,0.22,103198.624,4,4,103198.614,0.0,0.0,0.0,0.01,469084.654545
1751166,IT,CN,HOTEL,PRECI,0.75,103196.717,4,4,103196.709,0.0,0.0,0.0,0.008,137595.622667
1645397,IT,BE,HEAVY,SEACO,0.17,103184.107,4,4,103184.099,0.0,0.0,0.0,0.008,606965.335294
1665104,IT,ES,VEGE1,WHOLE,0.32,103174.385,5,5,103173.363,0.0,1.0,0.0,0.022,322419.953125
1686248,IT,HU,CERAM,CEMEN,0.16,103164.796,5,5,103163.79,0.0,0.0,1.0,0.006,644779.975
1769743,IT,AU,MACHI,LEATH,0.58,103160.245,4,4,103160.237,0.0,0.0,0.0,0.008,177862.491379
1714566,IT,NL,CRUDE,RESEA,0.2,103148.64,4,4,103148.631,0.0,0.0,0.0,0.009,515743.2
1778801,IT,TR,LANDT,OFFIC,0.67,103147.016,4,4,103147.011,0.0,0.0,0.0,0.005,153950.770149
1757917,IT,BR,CHEM1,RAILW,0.22,103145.305,4,4,103145.294,0.0,0.0,0.0,0.011,468842.295455
1789615,IT,WA,RUBBE,MEATC,0.34,103143.744,4,4,103143.735,0.0,0.0,0.0,0.009,303363.952941
1785823,IT,ZA,CHEM1,CEMEN,0.22,103140.343,4,4,103140.332,0.0,0.0,0.0,0.011,468819.740909
1805332,IT,WF,RUBBE,COPPE,0.34,103134.488,4,4,103134.479,0.0,0.0,0.0,0.009,303336.729412
1805608,IT,WF,NONME,MEATA,0.21,103123.675,4,4,103123.664,0.0,0.0,0.0,0.011,491065.119048
1765722,IT,RU,PAPER,PUBLI,0.4,103119.755,5,5,103118.745,0.0,1.0,0.0,0.01,257799.3875
1751034,IT,CN,WHOLE,FABRI,0.89,103105.602,4,4,103105.596,0.0,0.0,0.0,0.006,115848.991011
1788802,IT,WA,KEROS,TRANS,0.15,103094.531,4,4,103094.523,0.0,0.0,0.0,0.008,687296.873333
1763328,IT,MX,PAPER,INSUR,0.4,103084.591,5,5,103083.581,0.0,1.0,0.0,0.01,257711.4775
1640968,IT,AT,WOODW,NONF1,0.29,103081.112,5,5,103080.105,0.0,1.0,0.0,0.007,355452.110345
1761090,IT,IN,PFERT,CONST,0.05,103073.602,4,4,103073.586,0.0,0.0,0.0,0.016,2061472.04
1668985,IT,ES,AIRTR,REALE,0.11,103073.203,4,4,103073.2,0.0,0.0,0.0,0.003,937029.118182
1647850,IT,BE,AUXIL,REALE,1.88,103069.214,4,4,103069.209,0.0,0.0,0.0,0.005,54824.05
1655407,IT,DE,MEATA,FOOD5,0.56,103065.044,5,5,103064.028,0.0,1.0,0.0,0.016,184044.721429
1661273,IT,DK,OILSE,VEGE1,0.07,103063.444,5,5,103062.439,0.0,1.0,0.0,0.005,1472334.914286
1680966,IT,GR,INLAN,KEROS,0.17,103060.817,4,4,103060.81,0.0,0.0,0.0,0.007,606240.1
1727668,IT,RO,RENTI,POSTT,0.62,103056.08,4,4,103056.074,0.0,0.0,0.0,0.006,166219.483871
1744237,IT,US,POSTT,RADIO,1.7,103056.012,4,4,103056.004,0.0,0.0,0.0,0.008,60621.183529
1805872,IT,WF,ALUM1,NFERT,0.18,103050.246,4,4,103050.238,0.0,0.0,0.0,0.008,572501.366667
1787975,IT,WA,TEXTI,MEATA,0.61,103046.229,4,4,103046.215,0.0,0.0,0.0,0.014,168928.244262
1804566,IT,WF,HEAVY,BITUM,0.17,103038.603,4,4,103038.595,0.0,0.0,0.0,0.008,606109.429412
1664503,IT,EE,MOTO1,LANDT,0.55,103018.563,4,4,103018.556,0.0,0.0,0.0,0.007,187306.478182
1814214,IT,WM,SUPPO,INSUR,0.74,103017.936,4,4,103017.931,0.0,0.0,0.0,0.005,139213.427027
1685640,IT,HU,KEROS,FABRI,0.15,103014.053,4,4,103014.045,0.0,0.0,0.0,0.008,686760.353333
1762788,IT,IN,BUSIN,HEALT,1.06,103010.242,4,4,103010.235,0.0,0.0,0.0,0.007,97179.473585
1673734,IT,FR,PAPER,COPP1,0.4,103001.798,5,5,103000.788,0.0,1.0,0.0,0.01,257504.495
1770481,IT,AU,AIRTR,CHEM1,0.11,102996.57,4,4,102996.567,0.0,0.0,0.0,0.003,936332.454545
1715159,IT,NL,LEATH,BUSIN,0.74,102988.329,5,5,102987.311,0.0,1.0,0.0,0.018,139173.417568
1662300,IT,DK,NONME,BRICK,0.21,102982.748,4,4,102982.737,0.0,0.0,0.0,0.011,490394.038095
1812654,IT,WM,COPP1,HEAVY,0.26,102981.644,4,4,102981.639,0.0,0.0,0.0,0.005,396083.246154
1737265,IT,GB,FOOD5,PLAST,0.49,102977.678,4,4,102977.669,0.0,0.0,0.0,0.009,210158.526531
1799648,IT,WE,MOTOR,NAPHT,0.15,102962.371,4,4,102962.363,0.0,0.0,0.0,0.008,686415.806667
1794707,IT,WL,NAPHT,RETA1,0.17,102962.314,4,4,102962.307,0.0,0.0,0.0,0.007,605660.670588
1657577,IT,DE,GLASS,OFFIC,0.28,102952.599,4,4,102952.593,0.0,0.0,0.0,0.006,367687.853571
1725903,IT,RO,BITU1,MOTOR,0.16,102950.484,4,4,102950.476,0.0,0.0,0.0,0.008,643440.525
1786437,IT,ZA,OFFIC,PUBLI,0.32,102947.411,4,4,102947.404,0.0,0.0,0.0,0.007,321710.659375
1776620,IT,TR,GASDI,FABRI,0.15,102943.707,4,4,102943.699,0.0,0.0,0.0,0.008,686291.38
1810817,IT,WM,KEROS,PLAST,0.15,102941.854,4,4,102941.846,0.0,0.0,0.0,0.008,686279.026667
1721506,IT,PL,SUPPO,MOTOR,0.74,102940.352,4,4,102940.347,0.0,0.0,0.0,0.005,139108.583784
1804240,IT,WF,COKEO,BLAST,0.01,102932.566,3,3,102932.566,0.0,0.0,0.0,0.0,10293256.6
1790390,IT,WA,LEAD1,LEATH,0.18,102927.688,4,4,102927.679,0.0,0.0,0.0,0.009,571820.488889
1801612,IT,WE,TRANS,POSTT,0.61,102919.377,4,4,102919.371,0.0,0.0,0.0,0.006,168720.290164
1804067,IT,WF,WOODW,BUSIN,0.29,102915.861,5,5,102914.854,0.0,1.0,0.0,0.007,354882.27931
1799941,IT,WE,HEAVY,PRECI,0.17,102915.158,4,4,102915.15,0.0,0.0,0.0,0.008,605383.282353
1769865,IT,AU,OFFIC,POSTT,0.32,102908.862,4,4,102908.855,0.0,0.0,0.0,0.007,321590.19375
1778810,IT,TR,LANDT,ELEC5,0.66,102902.121,4,4,102902.116,0.0,0.0,0.0,0.005,155912.304545
1811049,IT,WM,HEAVY,PAPER,0.17,102896.329,4,4,102896.321,0.0,0.0,0.0,0.008,605272.523529
1677036,IT,FR,SUPPO,WEARI,0.74,102885.764,4,4,102885.759,0.0,0.0,0.0,0.005,139034.816216
1721218,IT,PL,LANDT,FISH5,0.66,102882.33,4,4,102882.325,0.0,0.0,0.0,0.005,155882.318182
1800638,IT,WE,CERAM,CROPS,0.16,102881.903,5,5,102880.897,0.0,0.0,1.0,0.006,643011.89375
1769873,IT,AU,OFFIC,EDUCA,0.32,102874.657,4,4,102874.65,0.0,0.0,0.0,0.007,321483.303125
1759104,IT,BR,AIRTR,PRINT,0.11,102871.665,4,4,102871.662,0.0,0.0,0.0,0.003,935196.954545
1748958,IT,CN,WEARI,COMPU,0.78,102867.792,4,4,102867.772,0.0,0.0,0.0,0.02,131881.784615
1653821,IT,CZ,FABRI,CROPS,0.42,102864.712,4,4,102864.705,0.0,0.0,0.0,0.007,244915.980952
1774734,IT,CH,SUPPO,CONST,0.74,102863.045,4,4,102863.04,0.0,0.0,0.0,0.005,139004.114865
1655190,IT,CZ,BUSIN,FINAN,1.06,102859.457,4,4,102859.45,0.0,0.0,0.0,0.007,97037.223585
1735543,IT,SK,ALUM1,PLAST,0.18,102855.296,4,4,102855.288,0.0,0.0,0.0,0.008,571418.311111
1804622,IT,WF,HEAVY,BASIC,0.17,102854.968,4,4,102854.96,0.0,0.0,0.0,0.008,605029.223529
1680806,IT,GR,RAILW,GASDI,0.69,102852.207,5,5,102851.202,0.0,0.0,1.0,0.005,149061.169565
1658652,IT,DE,MACHI,FOOD1,0.57,102845.311,4,4,102845.303,0.0,0.0,0.0,0.008,180430.370175
1655709,IT,DE,CHEMI,RENTI,0.25,102844.567,5,5,102839.557,0.0,0.0,5.0,0.01,411378.268
1655299,IT,DE,CEREA,CHEM1,0.17,102842.892,5,5,102841.886,0.0,1.0,0.0,0.006,604958.188235
1767133,IT,RU,FURNI,93197,0.33,102834.643,4,4,102834.634,0.0,0.0,0.0,0.009,311620.130303
1666698,IT,ES,RUBBE,CEREA,0.34,102824.786,4,4,102824.777,0.0,0.0,0.0,0.009,302425.841176
1770925,IT,CH,CEREA,RAWMI,0.17,102818.734,5,5,102817.728,0.0,1.0,0.0,0.006,604816.082353
1762685,IT,IN,BUSIN,PADDY,1.06,102813.26,4,4,102813.253,0.0,0.0,0.0,0.007,96993.641509
1783581,IT,NO,FOOD2,ALUM1,0.6,102808.639,4,4,102808.632,0.0,0.0,0.0,0.007,171347.731667
1801037,IT,WE,LEAD1,HEALT,0.18,102796.423,4,4,102796.414,0.0,0.0,0.0,0.009,571091.238889
1798588,IT,WE,MEATC,PAPER,0.34,102794.841,5,5,102792.834,0.0,2.0,0.0,0.007,302337.767647
1676819,IT,FR,LANDT,FURNI,0.66,102790.814,4,4,102790.809,0.0,0.0,0.0,0.005,155743.657576
1767540,IT,RU,AIRTR,NONF1,0.11,102788.446,4,4,102788.443,0.0,0.0,0.0,0.003,934440.418182
1738373,IT,GB,PREC1,CERAM,0.17,102780.126,4,4,102780.121,0.0,0.0,0.0,0.005,604588.976471
1742057,IT,US,RUBBE,MEATP,0.34,102780.099,4,4,102780.09,0.0,0.0,0.0,0.009,302294.408824
1785121,IT,ZA,VEGE1,PLAST,0.32,102767.789,5,5,102766.767,0.0,1.0,0.0,0.022,321149.340625
1749850,IT,CN,RUBBE,NONF1,0.34,102766.289,4,4,102766.28,0.0,0.0,0.0,0.009,302253.791176
1761333,IT,IN,GLASS,CHEM1,0.28,102763.567,4,4,102763.561,0.0,0.0,0.0,0.006,367012.739286
1717114,IT,NL,SEACO,OFFIC,0.1,102750.081,4,4,102750.079,0.0,0.0,0.0,0.002,1027500.81
1773762,IT,CH,ELEC2,PAPER,0.02,102747.522,4,4,102747.511,0.0,0.0,0.0,0.011,5137376.1
1721329,IT,PL,TRAN2,NATUR,0.16,102746.727,4,4,102746.724,0.0,0.0,0.0,0.003,642167.04375
1756063,IT,KR,FABRI,GASDI,0.42,102745.76,4,4,102745.753,0.0,0.0,0.0,0.007,244632.761905
1642246,IT,AT,NONME,PLAST,0.21,102732.936,4,4,102732.925,0.0,0.0,0.0,0.011,489204.457143
1665169,IT,ES,PROCE,HOTEL,0.69,102732.6,4,4,102732.594,0.0,0.0,0.0,0.006,148887.826087
1739664,IT,GB,AIRTR,COMPU,0.11,102731.385,4,4,102731.382,0.0,0.0,0.0,0.003,933921.681818
1810359,IT,WM,WOODW,MOTO1,0.29,102728.001,5,5,102726.994,0.0,1.0,0.0,0.007,354234.486207
1647402,IT,BE,AIRTR,PRINT,0.11,102722.831,4,4,102722.828,0.0,0.0,0.0,0.003,933843.918182
1732291,IT,SI,NAPHT,DAIRY,0.17,102722.035,4,4,102722.028,0.0,0.0,0.0,0.007,604247.264706
1746565,IT,JP,BASIC,RADIO,0.12,102716.235,4,4,102716.229,0.0,0.0,0.0,0.006,855968.625
1810617,IT,WM,PRINT,REALE,0.99,102715.223,4,4,102715.215,0.0,0.0,0.0,0.008,103752.750505
1667381,IT,ES,COPP1,PRINT,0.26,102709.863,4,4,102709.858,0.0,0.0,0.0,0.005,395037.934615
1737969,IT,GB,CHEM1,SALEM,0.21,102703.178,4,4,102703.167,0.0,0.0,0.0,0.011,489062.752381
1790333,IT,WA,ALUM1,NONF1,0.18,102696.95,4,4,102696.942,0.0,0.0,0.0,0.008,570538.611111
1669348,IT,ES,FINAN,EDUCA,1.34,102693.621,4,4,102693.618,0.0,0.0,0.0,0.003,76637.030597
1645019,IT,BE,PULP5,WHOLE,0.31,102691.912,4,4,102691.902,0.0,0.0,0.0,0.01,331264.232258
1679714,IT,GR,NONME,ALUM1,0.21,102683.852,4,4,102683.841,0.0,0.0,0.0,0.011,488970.72381
1742712,IT,US,FABRI,POULT,0.42,102683.537,4,4,102683.53,0.0,0.0,0.0,0.007,244484.611905
1640181,IT,AT,VEGET,BUSIN,0.36,102680.946,4,4,102680.942,0.0,0.0,0.0,0.004,285224.85
1771248,IT,CH,VEGE1,DIST1,0.32,102678.105,5,5,102677.083,0.0,1.0,0.0,0.022,320869.078125
1745618,IT,JP,TEXTI,FISHF,0.61,102675.907,4,4,102675.893,0.0,0.0,0.0,0.014,168321.159016
1748583,IT,CN,VEGE1,MACHI,0.32,102672.023,5,5,102671.001,0.0,1.0,0.0,0.022,320850.071875
1749650,IT,CN,CHEM1,REFIN,0.21,102667.998,4,4,102667.987,0.0,0.0,0.0,0.011,488895.228571
1650453,IT,BG,ELEC5,MEATP,1.24,102645.022,4,4,102645.016,0.0,0.0,0.0,0.006,82778.243548
1710035,IT,LT,COPP1,FURNI,0.26,102633.743,4,4,102633.738,0.0,0.0,0.0,0.005,394745.165385
1728876,IT,SE,CHEM1,FISHF,0.21,102628.332,4,4,102628.321,0.0,0.0,0.0,0.011,488706.342857
1790913,IT,WA,OFFIC,NONF1,0.32,102624.101,4,4,102624.094,0.0,0.0,0.0,0.007,320700.315625
1726985,IT,RO,HOTEL,TRAN1,0.74,102621.853,4,4,102621.845,0.0,0.0,0.0,0.008,138678.17973
1676719,IT,FR,RAILW,RESEA,0.69,102609.471,5,5,102608.466,0.0,0.0,1.0,0.005,148709.378261
1805908,IT,WF,ALUM1,RESEA,0.18,102600.897,4,4,102600.889,0.0,0.0,0.0,0.008,570004.983333
1720118,IT,PL,LEAD1,MOTO1,0.18,102599.577,4,4,102599.568,0.0,0.0,0.0,0.009,569997.65
1679480,IT,GR,CHEM1,COPP1,0.21,102595.141,4,4,102595.13,0.0,0.0,0.0,0.011,488548.290476
1662825,IT,DK,CONST,BUSIN,0.57,102592.169,4,4,102592.164,0.0,0.0,0.0,0.005,179986.261404
1718061,IT,PL,MEATP,FOOD5,0.42,102586.928,4,4,102586.917,0.0,0.0,0.0,0.011,244254.590476
1645337,IT,BE,GASDI,CONST,0.15,102582.571,4,4,102582.563,0.0,0.0,0.0,0.008,683883.806667
1772958,IT,CH,PREC1,TRANS,0.17,102581.503,4,4,102581.498,0.0,0.0,0.0,0.005,603420.605882
1671845,IT,FI,RETA1,RESEA,1.07,102574.873,4,4,102574.866,0.0,0.0,0.0,0.007,95864.36729
1727818,IT,RO,BUSIN,TRANS,1.05,102568.937,4,4,102568.93,0.0,0.0,0.0,0.007,97684.701905
1777875,IT,TR,FABRI,RECRE,0.42,102558.921,4,4,102558.914,0.0,0.0,0.0,0.007,244187.907143
1810004,IT,WM,TEXTI,MEATA,0.61,102555.38,4,4,102555.366,0.0,0.0,0.0,0.014,168123.57377
1792022,IT,WA,AIRTR,CROPS,0.11,102547.695,4,4,102547.692,0.0,0.0,0.0,0.003,932251.772727
1760948,IT,IN,HEAVY,ELECT,0.17,102544.691,4,4,102544.683,0.0,0.0,0.0,0.008,603204.064706
1805822,IT,WF,PREC1,RESEA,0.17,102543.42,4,4,102543.415,0.0,0.0,0.0,0.005,603196.588235
1775843,IT,TR,VEGE1,FOOD5,0.32,102541.501,5,5,102540.479,0.0,1.0,0.0,0.022,320442.190625
1641130,IT,AT,PAPER,INSUR,0.4,102539.613,5,5,102538.603,0.0,1.0,0.0,0.01,256349.0325
1665128,IT,ES,DAIRY,DAIRY,0.42,102537.326,5,5,102536.319,0.0,1.0,0.0,0.007,244136.490476
1808956,IT,WM,CEREA,RESEA,0.17,102518.075,5,5,102517.069,0.0,1.0,0.0,0.006,603047.5
1721078,IT,PL,HOTEL,LANDT,0.74,102514.869,4,4,102514.861,0.0,0.0,0.0,0.008,138533.606757
1716958,IT,NL,RAILW,LANDT,0.69,102513.793,5,5,102512.788,0.0,0.0,1.0,0.005,148570.714493
1806248,IT,WF,MACHI,CHARC,0.57,102507.734,4,4,102507.726,0.0,0.0,0.0,0.008,179838.129825
1679947,IT,GR,FABRI,PFERT,0.42,102507.259,4,4,102507.252,0.0,0.0,0.0,0.007,244064.902381
1778853,IT,TR,LANDT,93197,0.66,102495.137,4,4,102495.132,0.0,0.0,0.0,0.005,155295.662121
1804469,IT,WF,GASDI,MEATP,0.15,102487.67,4,4,102487.662,0.0,0.0,0.0,0.008,683251.133333
1750654,IT,CN,MOTO1,TEXTI,0.55,102475.686,4,4,102475.679,0.0,0.0,0.0,0.007,186319.429091
1661686,IT,DK,WEARI,TEXTI,0.77,102475.117,4,4,102475.098,0.0,0.0,0.0,0.019,133084.567532
1761938,IT,IN,FURNI,OFFIC,0.33,102465.316,4,4,102465.307,0.0,0.0,0.0,0.009,310500.957576
1656640,IT,DE,PRINT,RENTI,0.98,102453.844,4,4,102453.836,0.0,0.0,0.0,0.008,104544.738776
1714987,IT,NL,TOBAC,WEARI,0.4,102453.188,4,4,102453.182,0.0,0.0,0.0,0.006,256132.97
1676392,IT,FR,WHOLE,ELEC3,0.89,102434.032,4,4,102434.026,0.0,0.0,0.0,0.006,115094.417978
1758117,IT,BR,CERAM,GLASS,0.16,102424.121,5,5,102423.115,0.0,0.0,1.0,0.006,640150.75625
1737209,IT,GB,PROCE,NATU1,0.69,102412.927,4,4,102412.921,0.0,0.0,0.0,0.006,148424.531884
1770260,IT,AU,HOTEL,PFERT,0.74,102410.304,4,4,102410.296,0.0,0.0,0.0,0.008,138392.302703
1653848,IT,CZ,FABRI,PULP5,0.42,102388.964,4,4,102388.957,0.0,0.0,0.0,0.007,243783.247619
1752437,IT,CA,DAIRY,BEVER,0.42,102388.264,5,5,102387.257,0.0,1.0,0.0,0.007,243781.580952
1685809,IT,HU,PLAST,COMPU,0.21,102372.291,4,4,102372.281,0.0,0.0,0.0,0.01,487487.1
1782325,IT,NO,NONF1,RESEA,0.02,102358.955,3,3,102358.955,0.0,0.0,0.0,0.0,5117947.75
1808304,IT,WF,FOOD2,REALE,0.6,102358.687,4,4,102358.68,0.0,0.0,0.0,0.007,170597.811667
1720387,IT,PL,MACHI,LIGNI,0.57,102357.103,4,4,102357.095,0.0,0.0,0.0,0.008,179573.864912
1725752,IT,RO,PRINT,WOODW,0.98,102356.583,4,4,102356.575,0.0,0.0,0.0,0.008,104445.492857
1663287,IT,DK,SEACO,PUBLI,0.1,102349.516,4,4,102349.514,0.0,0.0,0.0,0.002,1023495.16
1770205,IT,AU,HOTEL,FORES,0.74,102340.956,4,4,102340.948,0.0,0.0,0.0,0.008,138298.589189
1739087,IT,GB,WHOLE,MEATC,0.88,102338.501,4,4,102338.495,0.0,0.0,0.0,0.006,116293.751136
1725028,IT,RO,WHEAT,BUSIN,0.08,102334.991,5,5,102333.989,0.0,1.0,0.0,0.002,1279187.3875
1790209,IT,WA,PREC1,PRINT,0.17,102334.458,4,4,102334.453,0.0,0.0,0.0,0.005,601967.4
1805318,IT,WF,RUBBE,PLANT,0.34,102332.365,4,4,102332.356,0.0,0.0,0.0,0.009,300977.544118
1685755,IT,HU,PLAST,BEVER,0.21,102327.813,4,4,102327.803,0.0,0.0,0.0,0.01,487275.3
1668954,IT,ES,AIRTR,RUBBE,0.11,102326.879,4,4,102326.876,0.0,0.0,0.0,0.003,930244.354545
1776742,IT,TR,LIQUE,GLASS,0.18,102325.031,4,4,102325.023,0.0,0.0,0.0,0.008,568472.394444
1723899,IT,PT,FURNI,MACHI,0.33,102314.934,4,4,102314.925,0.0,0.0,0.0,0.009,310045.254545
1710910,IT,LU,LIQUE,RETA1,0.18,102310.266,4,4,102310.258,0.0,0.0,0.0,0.008,568390.366667
1680859,IT,GR,LANDT,FOOD5,0.66,102300.632,4,4,102300.627,0.0,0.0,0.0,0.005,155000.957576
1754022,IT,CA,SEACO,WOODW,0.1,102300.385,4,4,102300.383,0.0,0.0,0.0,0.002,1023003.85
1792387,IT,WA,INSUR,STONE,2.11,102297.616,4,4,102297.611,0.0,0.0,0.0,0.005,48482.282464
1727104,IT,RO,LANDT,TOBAC,0.66,102292.965,4,4,102292.96,0.0,0.0,0.0,0.005,154989.340909
1718414,IT,PL,BEVER,PUBLI,0.43,102290.918,4,4,102290.911,0.0,0.0,0.0,0.007,237885.855814
1674679,IT,FR,GLASS,BIODI,0.28,102282.448,4,4,102282.442,0.0,0.0,0.0,0.006,365294.457143
1799581,IT,WE,PRINT,HEALT,0.98,102281.17,4,4,102281.162,0.0,0.0,0.0,0.008,104368.540816
1789213,IT,WA,PLAST,LEAD1,0.21,102279.685,4,4,102279.675,0.0,0.0,0.0,0.01,487046.119048
1645362,IT,BE,HEAVY,BEVER,0.17,102263.049,4,4,102263.041,0.0,0.0,0.0,0.008,601547.347059
1772840,IT,CH,BASIC,PROCE,0.12,102261.286,4,4,102261.28,0.0,0.0,0.0,0.006,852177.383333
1773572,IT,CH,MOTO1,RESEA,0.54,102260.237,4,4,102260.23,0.0,0.0,0.0,0.007,189370.809259
1811183,IT,WM,NAPHT,ELEC4,0.17,102254.0,4,4,102253.993,0.0,0.0,0.0,0.007,601494.117647
1742624,IT,US,LEAD1,LEAD1,0.18,102252.757,4,4,102252.748,0.0,0.0,0.0,0.009,568070.872222
1677715,IT,FR,RENTI,SALEM,0.61,102245.214,4,4,102245.208,0.0,0.0,0.0,0.006,167615.104918
1768658,IT,AU,TEXTI,WEARI,0.61,102244.696,4,4,102244.682,0.0,0.0,0.0,0.014,167614.255738
1770988,IT,CH,VEGET,HEALT,0.36,102244.439,4,4,102244.435,0.0,0.0,0.0,0.004,284012.330556
1752769,IT,CA,WOODW,FABRI,0.29,102243.101,5,5,102242.094,0.0,1.0,0.0,0.007,352562.417241
1717617,IT,NL,BUSIN,PIGS9,1.05,102237.44,4,4,102237.433,0.0,0.0,0.0,0.007,97368.990476
1800134,IT,WE,NAPHT,RETA1,0.17,102231.23,4,4,102231.223,0.0,0.0,0.0,0.007,601360.176471
1658257,IT,DE,COPP1,KEROS,0.26,102221.68,4,4,102221.675,0.0,0.0,0.0,0.005,393160.307692
1661537,IT,DK,BEVER,POULT,0.43,102216.85,4,4,102216.843,0.0,0.0,0.0,0.007,237713.604651
1662266,IT,DK,CERAM,LANDT,0.16,102211.366,5,5,102210.36,0.0,0.0,1.0,0.006,638821.0375
1803081,IT,WF,CEREA,AUXIL,0.17,102210.259,5,5,102209.253,0.0,1.0,0.0,0.006,601236.817647
1726081,IT,RO,RUBBE,MOTOR,0.34,102209.295,4,4,102209.286,0.0,0.0,0.0,0.009,300615.573529
1648498,IT,BG,OILSE,RETA1,0.07,102198.436,5,5,102197.431,0.0,1.0,0.0,0.005,1459977.657143
1661215,IT,DK,WHEAT,HOTEL,0.08,102196.885,5,5,102195.883,0.0,1.0,0.0,0.002,1277461.0625
1744133,IT,US,SUPPO,DISTR,0.73,102191.198,4,4,102191.193,0.0,0.0,0.0,0.005,139987.942466
1665402,IT,ES,TEXTI,COPP1,0.61,102186.123,4,4,102186.109,0.0,0.0,0.0,0.014,167518.234426
1769315,IT,AU,RUBBE,93197,0.34,102180.712,4,4,102180.703,0.0,0.0,0.0,0.009,300531.505882
1738141,IT,GB,GLASS,BIODI,0.28,102175.277,4,4,102175.271,0.0,0.0,0.0,0.006,364911.703571
1716413,IT,NL,MACHI,LANDT,0.57,102166.147,4,4,102166.139,0.0,0.0,0.0,0.008,179238.854386
1648875,IT,BG,TEXTI,FABRI,0.61,102159.509,4,4,102159.495,0.0,0.0,0.0,0.014,167474.604918
1773973,IT,CH,SALEM,SEACO,0.82,102158.153,4,4,102158.147,0.0,0.0,0.0,0.006,124583.113415
1657529,IT,DE,GLASS,SANDC,0.28,102156.114,4,4,102156.108,0.0,0.0,0.0,0.006,364843.264286
1649370,IT,BG,NFERT,CEREA,0.02,102152.967,4,4,102152.959,0.0,0.0,0.0,0.008,5107648.35
1748467,IT,CN,STONE,COPP1,0.33,102137.859,5,5,102131.854,0.0,0.0,6.0,0.005,309508.663636
1724450,IT,PT,AIRTR,COMPU,0.11,102137.603,4,4,102137.6,0.0,0.0,0.0,0.003,928523.663636
1796788,IT,WL,LANDT,REALE,0.66,102137.454,4,4,102137.449,0.0,0.0,0.0,0.005,154753.718182
1802978,IT,WF,WHEAT,LIQUE,0.08,102125.9,5,5,102124.898,0.0,1.0,0.0,0.002,1276573.75
1788997,IT,WA,HEAVY,BUSIN,0.16,102119.298,4,4,102119.29,0.0,0.0,0.0,0.008,638245.6125
1683134,IT,HR,RUBBE,BUSIN,0.34,102116.019,4,4,102116.01,0.0,0.0,0.0,0.009,300341.232353
1765462,IT,RU,TEXTI,PUBLI,0.61,102112.407,4,4,102112.393,0.0,0.0,0.0,0.014,167397.388525
1760563,IT,IN,LEATH,TRANS,0.73,102112.351,5,5,102111.333,0.0,1.0,0.0,0.018,139879.932877
1689476,IT,IE,HOTEL,RESEA,0.74,102092.289,4,4,102092.281,0.0,0.0,0.0,0.008,137962.552703
1775167,IT,CH,RESEA,PRINT,0.55,102086.979,4,4,102086.972,0.0,0.0,0.0,0.007,185612.689091
1648920,IT,BG,WEARI,WEARI,0.77,102085.831,4,4,102085.812,0.0,0.0,0.0,0.019,132579.001299
1765587,IT,RU,WOODW,VEGET,0.29,102082.084,5,5,102081.077,0.0,1.0,0.0,0.007,352007.186207
1732448,IT,SI,CHEM1,WOODW,0.21,102078.185,4,4,102078.174,0.0,0.0,0.0,0.011,486086.595238
1685271,IT,HU,TEXTI,HOTEL,0.6,102061.542,4,4,102061.528,0.0,0.0,0.0,0.014,170102.57
1727190,IT,RO,TRAN2,ELEC8,0.16,102056.464,4,4,102056.461,0.0,0.0,0.0,0.003,637852.9
1668877,IT,ES,SEACO,BIODI,0.1,102049.374,4,4,102049.372,0.0,0.0,0.0,0.002,1020493.74
1749598,IT,CN,PFERT,NATUR,0.04,102046.555,4,4,102046.539,0.0,0.0,0.0,0.016,2551163.875
1661917,IT,DK,PRINT,WHOLE,0.98,102045.335,4,4,102045.327,0.0,0.0,0.0,0.008,104127.892857
1769777,IT,AU,MACHI,NONF1,0.57,102044.668,4,4,102044.66,0.0,0.0,0.0,0.008,179025.733333
1673127,IT,FR,BEVER,PIGS9,0.43,102041.019,4,4,102041.012,0.0,0.0,0.0,0.007,237304.695349
1642475,IT,AT,ALUM1,INTER,0.18,102037.975,4,4,102037.967,0.0,0.0,0.0,0.008,566877.638889
1764208,IT,MX,MACHI,LEATH,0.57,102035.149,4,4,102035.141,0.0,0.0,0.0,0.008,179009.033333
1681504,IT,GR,BUSIN,DAIRY,1.05,102006.026,4,4,102006.019,0.0,0.0,0.0,0.007,97148.59619
1790233,IT,WA,PREC1,NONME,0.17,102001.784,4,4,102001.779,0.0,0.0,0.0,0.005,600010.494118
1647255,IT,BE,LANDT,ELEC2,0.66,101999.548,4,4,101999.543,0.0,0.0,0.0,0.005,154544.769697
1680363,IT,GR,ELEC2,WOODW,0.02,101998.837,4,4,101998.826,0.0,0.0,0.0,0.011,5099941.85
1814560,IT,WM,BUSIN,PRINT,1.05,101998.13,4,4,101998.123,0.0,0.0,0.0,0.007,97141.07619
1653826,IT,CZ,FABRI,COKIN,0.42,101991.769,4,4,101991.762,0.0,0.0,0.0,0.007,242837.545238
1778196,IT,TR,FURNI,PLAST,0.33,101991.038,4,4,101991.029,0.0,0.0,0.0,0.009,309063.751515
1687511,IT,HU,LANDT,PULP5,0.66,101981.369,4,4,101981.364,0.0,0.0,0.0,0.005,154517.225758
1782257,IT,NO,ALUM1,FOUND,0.18,101974.931,4,4,101974.923,0.0,0.0,0.0,0.008,566527.394444
1682198,IT,HR,WEARI,CEMEN,0.77,101956.431,4,4,101956.412,0.0,0.0,0.0,0.019,132410.949351
1776679,IT,TR,HEAVY,NONSP,0.16,101938.522,4,4,101938.514,0.0,0.0,0.0,0.008,637115.7625
1673673,IT,FR,PAPER,CEREA,0.39,101929.799,5,5,101928.789,0.0,1.0,0.0,0.01,261358.458974
1721012,IT,PL,HOTEL,MEATP,0.74,101924.388,4,4,101924.38,0.0,0.0,0.0,0.008,137735.659459
1791790,IT,WA,LANDT,PIGS9,0.66,101922.319,4,4,101922.314,0.0,0.0,0.0,0.005,154427.756061
1671981,IT,FI,LANDT,CONST,0.66,101921.406,4,4,101921.401,0.0,0.0,0.0,0.005,154426.372727
1713843,IT,MT,ELEC1,FOOD3,0.01,101899.207,4,4,101899.201,0.0,0.0,0.0,0.006,10189920.7
1652168,IT,CZ,VEGE1,BEVER,0.31,101895.117,5,5,101894.095,0.0,1.0,0.0,0.022,328693.925806
1645930,IT,BE,CERAM,CEMEN,0.16,101884.756,5,5,101883.75,0.0,0.0,1.0,0.006,636779.725
1671441,IT,FI,FABRI,WHOLE,0.41,101869.512,4,4,101869.505,0.0,0.0,0.0,0.007,248462.22439
1746660,IT,JP,NONF1,ALUM1,0.02,101867.03,3,3,101867.03,0.0,0.0,0.0,0.0,5093351.5
1757624,IT,BR,GASDI,BUSIN,0.15,101866.437,4,4,101866.429,0.0,0.0,0.0,0.008,679109.58
1748609,IT,CN,DAIRY,PADDY,0.41,101862.548,5,5,101861.541,0.0,1.0,0.0,0.007,248445.239024
1759690,IT,BR,BUSIN,VEGET,1.05,101858.082,4,4,101858.075,0.0,0.0,0.0,0.007,97007.697143
1749456,IT,CN,HEAVY,GLASS,0.16,101855.045,4,4,101855.037,0.0,0.0,0.0,0.008,636594.03125
1661947,IT,DK,KEROS,BUSIN,0.15,101854.555,4,4,101854.547,0.0,0.0,0.0,0.008,679030.366667
1662696,IT,DK,MACHI,SUPPO,0.57,101850.72,4,4,101850.712,0.0,0.0,0.0,0.008,178685.473684
1749233,IT,CN,PAPER,MOTOR,0.39,101846.317,5,5,101845.307,0.0,1.0,0.0,0.01,261144.402564
1657285,IT,DE,CHEM1,POSTT,0.21,101840.984,4,4,101840.973,0.0,0.0,0.0,0.011,484957.066667
1751986,IT,CN,RESEA,PLAST,0.55,101820.566,4,4,101820.559,0.0,0.0,0.0,0.007,185128.301818
1773165,IT,CH,NONF1,DIST1,0.02,101819.258,3,3,101819.258,0.0,0.0,0.0,0.0,5090962.9
1780671,IT,TW,AUXIL,OFFIC,1.86,101800.064,4,4,101800.059,0.0,0.0,0.0,0.005,54731.217204
1790610,IT,WA,FABRI,NATU1,0.41,101797.886,4,4,101797.879,0.0,0.0,0.0,0.007,248287.526829
1759976,IT,BR,PLAS1,PLAS2,0.36,101794.744,4,4,101794.737,0.0,0.0,0.0,0.007,282763.177778
1712417,IT,LV,NONME,ELEC2,0.21,101787.342,4,4,101787.331,0.0,0.0,0.0,0.011,484701.628571
1777255,IT,TR,RUBBE,ELEC1,0.34,101783.058,4,4,101783.049,0.0,0.0,0.0,0.009,299361.935294
1762980,IT,MX,FOOD5,CATTL,0.49,101779.303,4,4,101779.294,0.0,0.0,0.0,0.009,207712.863265
1764874,IT,MX,AIRTR,CHEM1,0.11,101773.304,4,4,101773.301,0.0,0.0,0.0,0.003,925211.854545
1764479,IT,MX,FURNI,RECRE,0.32,101769.08,4,4,101769.071,0.0,0.0,0.0,0.009,318028.375
1661216,IT,DK,WHEAT,POSTT,0.08,101766.516,5,5,101765.514,0.0,1.0,0.0,0.002,1272081.45
1755792,IT,KR,CERAM,GLASS,0.16,101761.698,5,5,101760.692,0.0,0.0,1.0,0.006,636010.6125
1787965,IT,WA,TEXTI,WHEAT,0.6,101758.003,4,4,101757.989,0.0,0.0,0.0,0.014,169596.671667
1673068,IT,FR,FOOD5,MACHI,0.49,101749.694,4,4,101749.685,0.0,0.0,0.0,0.009,207652.436735
1652571,IT,CZ,LEATH,BASIC,0.73,101734.29,5,5,101733.272,0.0,1.0,0.0,0.018,139362.041096
1765797,IT,RU,MOTOR,WHOLE,0.15,101732.002,4,4,101731.994,0.0,0.0,0.0,0.008,678213.346667
1761182,IT,IN,CHEM1,MEMBE,0.21,101719.731,4,4,101719.72,0.0,0.0,0.0,0.011,484379.671429
1677548,IT,FR,AUXIL,93197,1.86,101699.709,4,4,101699.704,0.0,0.0,0.0,0.005,54677.262903
1781911,IT,NO,CHEM1,MACHI,0.21,101687.47,4,4,101687.459,0.0,0.0,0.0,0.011,484226.047619
1804378,IT,WF,KEROS,CERAM,0.15,101687.457,4,4,101687.449,0.0,0.0,0.0,0.008,677916.38
1668491,IT,ES,HOTEL,FOOD5,0.74,101686.778,4,4,101686.77,0.0,0.0,0.0,0.008,137414.564865
1786354,IT,ZA,MACHI,SANDC,0.57,101685.752,4,4,101685.744,0.0,0.0,0.0,0.008,178396.05614
1670524,IT,FI,BEVER,PUBLI,0.43,101683.756,4,4,101683.749,0.0,0.0,0.0,0.007,236473.851163
1805110,IT,WF,NFERT,NONF1,0.02,101674.475,4,4,101674.467,0.0,0.0,0.0,0.008,5083723.75
1710880,IT,LU,COKEO,FOOD3,0.01,101671.567,3,3,101671.567,0.0,0.0,0.0,0.0,10167156.7
1774839,IT,CH,POSTT,HEALT,1.67,101669.536,4,4,101669.528,0.0,0.0,0.0,0.008,60879.961677
1676368,IT,FR,WHOLE,LEATH,0.88,101665.842,4,4,101665.836,0.0,0.0,0.0,0.006,115529.365909
1643399,IT,AT,LANDT,MEATP,0.66,101665.526,4,4,101665.521,0.0,0.0,0.0,0.005,154038.675758
1811340,IT,WM,BITU1,RENTI,0.16,101662.666,4,4,101662.658,0.0,0.0,0.0,0.008,635391.6625
1650923,IT,BG,SEACO,FABRI,0.1,101659.985,4,4,101659.983,0.0,0.0,0.0,0.002,1016599.85
1777391,IT,TR,CERAM,DIST1,0.16,101655.379,5,5,101654.373,0.0,0.0,1.0,0.006,635346.11875
1803819,IT,WF,TEXTI,GLASS,0.6,101654.465,4,4,101654.452,0.0,0.0,0.0,0.013,169424.108333
1776970,IT,TR,NFERT,PLANT,0.02,101638.98,4,4,101638.972,0.0,0.0,0.0,0.008,5081949.0
1643414,IT,AT,LANDT,PAPER,0.66,101624.359,4,4,101624.354,0.0,0.0,0.0,0.005,153976.301515
1793420,IT,WL,CROPS,REALE,0.8,101621.731,4,4,101621.725,0.0,0.0,0.0,0.006,127027.16375
1738602,IT,GB,FABRI,RAILW,0.41,101621.691,4,4,101621.684,0.0,0.0,0.0,0.007,247857.782927
1766604,IT,RU,FABRI,BITUM,0.41,101621.581,4,4,101621.574,0.0,0.0,0.0,0.007,247857.514634
1777408,IT,TR,CEMEN,CEMEN,0.16,101618.13,5,5,101617.125,0.0,0.0,1.0,0.005,635113.3125
1656543,IT,DE,PAPER,POSTT,0.39,101601.214,5,5,101600.204,0.0,1.0,0.0,0.01,260515.933333
1712498,IT,LV,FABRI,DAIRY,0.41,101594.685,4,4,101594.678,0.0,0.0,0.0,0.007,247791.914634
1676083,IT,FR,ELEC7,BUSIN,0.07,101592.017,3,3,101592.017,0.0,0.0,0.0,0.0,1451314.528571
1766788,IT,RU,MACHI,CERAM,0.57,101590.289,4,4,101590.281,0.0,0.0,0.0,0.008,178228.577193
1794488,IT,WL,GASDI,MEDIC,0.15,101586.385,4,4,101586.377,0.0,0.0,0.0,0.008,677242.566667
1805676,IT,WF,BASIC,FORES,0.12,101584.972,4,4,101584.966,0.0,0.0,0.0,0.006,846541.433333
1782832,IT,NO,HOTEL,RECRE,0.74,101583.439,4,4,101583.431,0.0,0.0,0.0,0.008,137274.917568
1681031,IT,GR,AIRTR,CONST,0.11,101580.121,4,4,101580.118,0.0,0.0,0.0,0.003,923455.645455
1748948,IT,CN,WEARI,SEACO,0.77,101573.195,4,4,101573.176,0.0,0.0,0.0,0.019,131913.24026
1643186,IT,AT,HOTEL,STONE,0.74,101565.763,4,4,101565.755,0.0,0.0,0.0,0.008,137251.031081
1685097,IT,HU,FOOD5,LEATH,0.49,101525.366,4,4,101525.357,0.0,0.0,0.0,0.009,207194.62449
1806503,IT,WF,TRANS,POSTT,0.61,101516.524,4,4,101516.518,0.0,0.0,0.0,0.006,166420.531148
1736310,IT,SK,HOTEL,COMPU,0.74,101512.093,4,4,101512.085,0.0,0.0,0.0,0.008,137178.504054
1681104,IT,GR,SUPPO,ELEC4,0.73,101509.438,4,4,101509.433,0.0,0.0,0.0,0.005,139054.024658
1665510,IT,ES,WEARI,LANDT,0.77,101505.759,4,4,101505.74,0.0,0.0,0.0,0.019,131825.661039
1766901,IT,RU,OFFIC,RETAI,0.31,101502.584,4,4,101502.577,0.0,0.0,0.0,0.007,327427.690323
1788503,IT,WA,PULP5,PRIVA,0.31,101501.071,4,4,101501.061,0.0,0.0,0.0,0.01,327422.809677
1803854,IT,WF,TEXTI,RAILW,0.6,101498.073,4,4,101498.06,0.0,0.0,0.0,0.013,169163.455
1794792,IT,WL,PLAST,HEAVY,0.21,101496.211,4,4,101496.201,0.0,0.0,0.0,0.01,483315.290476
1796199,IT,WL,FURNI,BASIC,0.32,101494.255,4,4,101494.246,0.0,0.0,0.0,0.009,317169.546875
1709677,IT,LT,PLAST,CEMEN,0.21,101489.3,4,4,101489.29,0.0,0.0,0.0,0.01,483282.380952
1734799,IT,SK,WOODW,BUSIN,0.28,101486.808,5,5,101485.801,0.0,1.0,0.0,0.007,362452.885714
1810694,IT,WM,MOTOR,LUBRI,0.15,101485.583,4,4,101485.575,0.0,0.0,0.0,0.008,676570.553333
1752862,IT,CA,COKEO,NONME,0.01,101475.651,3,3,101475.651,0.0,0.0,0.0,0.0,10147565.1
1784495,IT,ID,FABRI,WOODW,0.41,101472.196,4,4,101472.189,0.0,0.0,0.0,0.007,247493.160976
1794970,IT,WL,CHEM1,MEDIC,0.21,101466.836,4,4,101466.825,0.0,0.0,0.0,0.011,483175.409524
1754363,IT,CA,INSUR,INSUR,2.09,101464.163,4,4,101464.158,0.0,0.0,0.0,0.005,48547.446411
1755651,IT,KR,RUBBE,PLAST,0.34,101462.74,4,4,101462.731,0.0,0.0,0.0,0.009,298419.823529
1737150,IT,GB,VEGE1,PLAST,0.31,101462.284,5,5,101461.262,0.0,1.0,0.0,0.022,327297.690323
1640402,IT,AT,MEAT4,DIST1,0.56,101459.629,4,4,101459.622,0.0,0.0,0.0,0.007,181177.908929
1787939,IT,WA,FISH5,PIGS9,0.43,101458.074,4,4,101458.022,0.0,0.0,0.0,0.052,235949.009302
1777355,IT,TR,GLASS,RETA1,0.28,101450.099,4,4,101450.093,0.0,0.0,0.0,0.006,362321.782143
1735168,IT,SK,RUBBE,WEARI,0.34,101447.783,4,4,101447.774,0.0,0.0,0.0,0.009,298375.832353
1657080,IT,DE,NONSP,FURNI,0.13,101447.536,4,4,101447.531,0.0,0.0,0.0,0.005,780365.661538
1641295,IT,AT,MOTOR,COMPU,0.15,101445.937,4,4,101445.929,0.0,0.0,0.0,0.008,676306.246667
1728339,IT,SE,TEXTI,NONFE,0.6,101437.288,4,4,101437.275,0.0,0.0,0.0,0.013,169062.146667
1784282,IT,ID,CHEM1,MACHI,0.21,101435.023,4,4,101435.012,0.0,0.0,0.0,0.011,483023.919048
1714520,IT,NL,CRUDE,REFI1,0.2,101434.175,4,4,101434.166,0.0,0.0,0.0,0.009,507170.875
1660851,IT,DE,COMPU,RAILW,1.16,101431.859,4,4,101431.853,0.0,0.0,0.0,0.006,87441.257759
1684186,IT,HR,LANDT,RETA1,0.65,101431.335,4,4,101431.33,0.0,0.0,0.0,0.005,156048.207692
1753325,IT,CA,BASIC,OFFIC,0.12,101429.66,4,4,101429.654,0.0,0.0,0.0,0.006,845247.166667
1719027,IT,PL,HEAVY,CATTL,0.16,101402.252,4,4,101402.244,0.0,0.0,0.0,0.008,633764.075
1732036,IT,SI,KEROS,STEAM,0.15,101401.344,4,4,101401.336,0.0,0.0,0.0,0.008,676008.96
1798643,IT,WE,MEAT4,HOTEL,0.56,101398.151,4,4,101398.144,0.0,0.0,0.0,0.007,181068.126786
1654699,IT,CZ,LANDT,HOTEL,0.65,101395.606,4,4,101395.601,0.0,0.0,0.0,0.005,155993.24
1730144,IT,SE,LANDT,FORES,0.65,101386.034,4,4,101386.029,0.0,0.0,0.0,0.005,155978.513846
1662418,IT,DK,PREC1,MACHI,0.17,101378.399,4,4,101378.394,0.0,0.0,0.0,0.005,596343.523529
1713837,IT,MT,ELEC1,SECO9,0.01,101377.93,4,4,101377.924,0.0,0.0,0.0,0.006,10137793.0
1713840,IT,MT,ELEC1,INTER,0.01,101368.65,4,4,101368.644,0.0,0.0,0.0,0.006,10136865.0
1713842,IT,MT,ELEC1,FOOD2,0.01,101368.184,4,4,101368.178,0.0,0.0,0.0,0.006,10136818.4
1713841,IT,MT,ELEC1,OILHA,0.01,101365.036,4,4,101365.03,0.0,0.0,0.0,0.006,10136503.6
1713850,IT,MT,ELEC1,WOOD2,0.01,101364.607,4,4,101364.601,0.0,0.0,0.0,0.006,10136460.7
1713849,IT,MT,ELEC1,TEXT2,0.01,101364.446,4,4,101364.44,0.0,0.0,0.0,0.006,10136444.6
1713847,IT,MT,ELEC1,PLAS2,0.01,101364.412,4,4,101364.406,0.0,0.0,0.0,0.006,10136441.2
1801622,IT,WE,TRANS,HEALT,0.6,101360.162,4,4,101360.156,0.0,0.0,0.0,0.006,168933.603333
1761400,IT,IN,NONME,FABRI,0.2,101357.565,4,4,101357.554,0.0,0.0,0.0,0.011,506787.825
1794182,IT,WL,PRINT,PFERT,0.97,101349.096,4,4,101349.088,0.0,0.0,0.0,0.008,104483.604124
1743584,IT,US,HOTEL,MOTOR,0.73,101347.343,4,4,101347.335,0.0,0.0,0.0,0.008,138831.976712
1809248,IT,WM,CRUDE,WHITE,0.2,101327.672,4,4,101327.663,0.0,0.0,0.0,0.009,506638.36
1676370,IT,FR,WHOLE,PULP5,0.88,101316.519,4,4,101316.513,0.0,0.0,0.0,0.006,115132.407955
1802951,IT,WF,WHEAT,PRECI,0.08,101308.57,5,5,101307.568,0.0,1.0,0.0,0.002,1266357.125
1798296,IT,WE,CROPS,FOOD5,0.8,101307.772,4,4,101307.766,0.0,0.0,0.0,0.006,126634.715
1785159,IT,ZA,FOOD5,MEATC,0.49,101304.498,4,4,101304.489,0.0,0.0,0.0,0.009,206743.873469
1649615,IT,BG,GLASS,RUBBE,0.28,101295.566,4,4,101295.56,0.0,0.0,0.0,0.006,361769.878571
1765065,IT,MX,INSUR,INSUR,2.09,101294.367,4,4,101294.362,0.0,0.0,0.0,0.005,48466.204306
1730740,IT,SE,BUSIN,FORES,1.04,101281.884,4,4,101281.877,0.0,0.0,0.0,0.007,97386.426923
1751928,IT,CN,COMPU,ELEC4,1.16,101275.65,4,4,101275.644,0.0,0.0,0.0,0.006,87306.594828
1737626,IT,GB,PAPER,TRANS,0.39,101272.467,5,5,101271.457,0.0,1.0,0.0,0.01,259672.992308
1663276,IT,DK,SEACO,HOTEL,0.1,101272.202,4,4,101272.2,0.0,0.0,0.0,0.002,1012722.02
1646452,IT,BE,MACHI,MOTOR,0.56,101265.788,4,4,101265.78,0.0,0.0,0.0,0.008,180831.764286
1733395,IT,SI,ELEC2,CHEM1,0.02,101264.655,4,4,101264.644,0.0,0.0,0.0,0.011,5063232.75
1788491,IT,WA,PULP5,TRAN2,0.31,101264.144,4,4,101264.134,0.0,0.0,0.0,0.01,326658.529032
1657998,IT,DE,PREC1,FOOD5,0.17,101251.732,4,4,101251.727,0.0,0.0,0.0,0.005,595598.423529
1689053,IT,IE,MOTO1,RENTI,0.54,101238.701,4,4,101238.694,0.0,0.0,0.0,0.007,187479.075926
1678888,IT,GR,TEXTI,VEGET,0.6,101237.564,4,4,101237.551,0.0,0.0,0.0,0.013,168729.273333
1643632,IT,AT,AIRTR,FURNI,0.11,101225.311,4,4,101225.308,0.0,0.0,0.0,0.003,920230.1
1722771,IT,PT,PAPER,NAPHT,0.39,101223.022,5,5,101222.012,0.0,1.0,0.0,0.01,259546.210256
1736131,IT,SK,CONST,TRAN2,0.57,101221.801,4,4,101221.796,0.0,0.0,0.0,0.005,177582.107018
1773097,IT,CH,LEAD1,DIST1,0.18,101201.138,4,4,101201.129,0.0,0.0,0.0,0.009,562228.544444
1747101,IT,JP,FURNI,SUPPO,0.32,101197.651,4,4,101197.642,0.0,0.0,0.0,0.009,316242.659375
1659002,IT,DE,ELEC2,PAPER,0.02,101186.385,4,4,101186.374,0.0,0.0,0.0,0.011,5059319.25
1747322,IT,JP,WHOLE,HEALT,0.87,101183.682,4,4,101183.676,0.0,0.0,0.0,0.006,116303.082759
1683492,IT,HR,PREC1,RETA1,0.17,101174.201,4,4,101174.196,0.0,0.0,0.0,0.005,595142.358824
1779988,IT,TW,SALEM,MOTOR,0.82,101166.64,4,4,101166.634,0.0,0.0,0.0,0.006,123373.95122
1786879,IT,ZA,SEACO,ELEC1,0.1,101161.824,4,4,101161.822,0.0,0.0,0.0,0.002,1011618.24
1803098,IT,WF,VEGET,NATUR,0.36,101153.225,4,4,101153.221,0.0,0.0,0.0,0.004,280981.180556
1751143,IT,CN,HOTEL,CEREA,0.73,101149.244,4,4,101149.236,0.0,0.0,0.0,0.008,138560.608219
1794327,IT,WL,MOTOR,ELEC4,0.15,101141.959,4,4,101141.951,0.0,0.0,0.0,0.008,674279.726667
1805975,IT,WF,COPP1,MEATC,0.26,101139.958,4,4,101139.953,0.0,0.0,0.0,0.005,388999.838462
1718432,IT,PL,FISH5,LANDT,0.43,101136.488,4,4,101136.436,0.0,0.0,0.0,0.052,235201.134884
1762290,IT,IN,AIRTR,GASWO,0.11,101136.462,4,4,101136.459,0.0,0.0,0.0,0.003,919422.381818
1777992,IT,TR,MACHI,EDUCA,0.56,101134.646,4,4,101134.638,0.0,0.0,0.0,0.008,180597.582143
1646506,IT,BE,MACHI,POSTT,0.56,101131.257,4,4,101131.249,0.0,0.0,0.0,0.008,180591.530357
1779800,IT,TR,BUSIN,EDUCA,1.04,101130.613,4,4,101130.606,0.0,0.0,0.0,0.007,97240.974038
1811755,IT,WM,ADDIT,NFERT,0.23,101127.687,5,5,101126.679,0.0,1.0,0.0,0.008,439685.595652
1741640,IT,US,HEAVY,PULP5,0.16,101126.328,4,4,101126.32,0.0,0.0,0.0,0.008,632039.55
1657192,IT,DE,CHEM1,CHEMI,0.21,101122.511,4,4,101122.5,0.0,0.0,0.0,0.011,481535.766667
1756674,IT,KR,SEACO,BEVER,0.1,101116.562,4,4,101116.56,0.0,0.0,0.0,0.002,1011165.62
1721212,IT,PL,LANDT,MEAT4,0.65,101112.744,4,4,101112.739,0.0,0.0,0.0,0.005,155558.067692
1790412,IT,WA,LEAD1,CEMEN,0.18,101094.43,4,4,101094.421,0.0,0.0,0.0,0.009,561635.722222
1804109,IT,WF,PAPER,MEATP,0.39,101092.937,5,5,101091.927,0.0,1.0,0.0,0.01,259212.658974
1665585,IT,ES,LEATH,PUBLI,0.72,101082.618,5,5,101081.601,0.0,1.0,0.0,0.017,140392.525
1713823,IT,MT,FURNI,BUSIN,0.32,101078.352,4,4,101078.343,0.0,0.0,0.0,0.009,315869.85
1805418,IT,WF,RUBBE,MEMBE,0.33,101074.028,4,4,101074.019,0.0,0.0,0.0,0.009,306284.933333
1780862,IT,TW,COMPU,HEALT,1.15,101061.827,4,4,101061.821,0.0,0.0,0.0,0.006,87879.849565
1753223,IT,CA,CERAM,RUBBE,0.16,101056.145,5,5,101055.14,0.0,0.0,1.0,0.005,631600.90625
1716048,IT,NL,NONME,WHOLE,0.2,101052.029,4,4,101052.018,0.0,0.0,0.0,0.011,505260.145
1733123,IT,SI,FABRI,NONF1,0.41,101049.133,4,4,101049.126,0.0,0.0,0.0,0.007,246461.3
1753252,IT,CA,CEMEN,CRUDE,0.16,101042.657,5,5,101041.652,0.0,0.0,1.0,0.005,631516.60625
1798420,IT,WE,NATUR,MEAT1,0.14,101037.46,4,4,101037.453,0.0,0.0,0.0,0.007,721696.142857
1789361,IT,WA,CHEM1,MOTOR,0.21,101033.506,4,4,101033.495,0.0,0.0,0.0,0.011,481111.933333
1804409,IT,WF,KEROS,FINAN,0.15,101031.029,4,4,101031.021,0.0,0.0,0.0,0.008,673540.193333
1671783,IT,FI,WHOLE,FORES,0.87,101025.777,4,4,101025.771,0.0,0.0,0.0,0.006,116121.582759
1793738,IT,WL,BEVER,FISH5,0.43,101022.928,4,4,101022.922,0.0,0.0,0.0,0.006,234937.04186
1804152,IT,WF,PAPER,OFFIC,0.39,101019.503,5,5,101018.493,0.0,1.0,0.0,0.01,259024.366667
1789340,IT,WA,CHEM1,CHEMI,0.21,101011.276,4,4,101011.265,0.0,0.0,0.0,0.011,481006.07619
1656225,IT,DE,TEXTI,COMPU,0.6,101008.247,4,4,101008.234,0.0,0.0,0.0,0.013,168347.078333
1750205,IT,CN,LEAD1,PLAST,0.18,101001.914,4,4,101001.905,0.0,0.0,0.0,0.009,561121.744444
1814084,IT,WM,AIRTR,TOBAC,0.11,100998.569,4,4,100998.566,0.0,0.0,0.0,0.003,918168.809091
1746858,IT,JP,MACHI,FOODW,0.56,100993.941,4,4,100993.933,0.0,0.0,0.0,0.008,180346.323214
1771866,IT,CH,WOODW,SUPPO,0.28,100981.018,5,5,100980.011,0.0,1.0,0.0,0.007,360646.492857
1683487,IT,HR,PREC1,DIST1,0.17,100980.417,4,4,100980.412,0.0,0.0,0.0,0.005,594002.452941
1753603,IT,CA,MACHI,AIRTR,0.56,100975.083,4,4,100975.075,0.0,0.0,0.0,0.008,180312.648214
1653158,IT,CZ,CHEM1,STEAM,0.21,100969.197,4,4,100969.186,0.0,0.0,0.0,0.011,480805.7
1642630,IT,AT,FABRI,PREC1,0.41,100968.71,4,4,100968.703,0.0,0.0,0.0,0.007,246265.146341
1683515,IT,HR,ALUM1,LEATH,0.18,100967.588,4,4,100967.58,0.0,0.0,0.0,0.008,560931.044444
1713218,IT,MT,WOODW,FURNI,0.28,100960.664,5,5,100959.657,0.0,1.0,0.0,0.007,360573.8
1782869,IT,NO,SEACO,NATUR,0.1,100957.283,4,4,100957.281,0.0,0.0,0.0,0.002,1009572.83
1779781,IT,TR,BUSIN,RETAI,1.04,100957.129,4,4,100957.122,0.0,0.0,0.0,0.007,97074.1625
1753300,IT,CA,BASIC,STONE,0.12,100957.032,4,4,100957.026,0.0,0.0,0.0,0.006,841308.6
1733240,IT,SI,MACHI,SALEM,0.56,100953.944,4,4,100953.936,0.0,0.0,0.0,0.008,180274.9
1641260,IT,AT,MOTOR,BRICK,0.15,100949.616,4,4,100949.608,0.0,0.0,0.0,0.008,672997.44
1682556,IT,HR,MOTOR,COLLE,0.15,100947.046,4,4,100947.038,0.0,0.0,0.0,0.008,672980.306667
1763693,IT,MX,RUBBE,MEDIC,0.33,100944.351,4,4,100944.342,0.0,0.0,0.0,0.009,305891.972727
1645024,IT,BE,PULP5,BUSIN,0.31,100939.059,4,4,100939.05,0.0,0.0,0.0,0.009,325609.867742
1763488,IT,MX,PLAST,WHOLE,0.21,100935.669,4,4,100935.659,0.0,0.0,0.0,0.01,480646.042857
1789911,IT,WA,CEMEN,STONE,0.16,100934.512,5,5,100933.507,0.0,0.0,1.0,0.005,630840.7
1812748,IT,WM,NONF1,MACHI,0.02,100931.807,3,3,100931.807,0.0,0.0,0.0,0.0,5046590.35
1810465,IT,WM,PULP5,REALE,0.31,100931.589,4,4,100931.58,0.0,0.0,0.0,0.009,325585.770968
1647473,IT,BE,SUPPO,CHEMI,0.73,100926.327,4,4,100926.322,0.0,0.0,0.0,0.005,138255.242466
1683071,IT,HR,RUBBE,MEAT1,0.33,100920.695,4,4,100920.686,0.0,0.0,0.0,0.009,305820.287879
1786809,IT,ZA,HOTEL,MOTO1,0.73,100918.982,4,4,100918.974,0.0,0.0,0.0,0.008,138245.180822
1680336,IT,GR,ELEC1,RUBBE,0.01,100916.401,4,4,100916.395,0.0,0.0,0.0,0.006,10091640.1
1732117,IT,SI,GASDI,PIGS9,0.15,100914.315,4,4,100914.307,0.0,0.0,0.0,0.008,672762.1
1784417,IT,ID,NONME,CEMEN,0.2,100911.309,4,4,100911.298,0.0,0.0,0.0,0.011,504556.545
1668785,IT,ES,LANDT,REALE,0.65,100911.141,4,4,100911.136,0.0,0.0,0.0,0.005,155247.909231
1794469,IT,WL,GASDI,PFERT,0.15,100909.053,4,4,100909.045,0.0,0.0,0.0,0.008,672727.02
1809835,IT,WM,FOOD5,AIRTR,0.48,100906.206,4,4,100906.197,0.0,0.0,0.0,0.009,210221.2625
1789264,IT,WA,PLAST,PAPE1,0.21,100904.241,4,4,100904.231,0.0,0.0,0.0,0.01,480496.385714
1753294,IT,CA,BASIC,FORES,0.12,100903.842,4,4,100903.836,0.0,0.0,0.0,0.006,840865.35
1671164,IT,FI,CERAM,FURNI,0.16,100899.889,5,5,100898.884,0.0,0.0,1.0,0.005,630624.30625
1784471,IT,ID,COPP1,MACHI,0.25,100895.839,4,4,100895.834,0.0,0.0,0.0,0.005,403583.356
1738765,IT,GB,OFFIC,CHEM1,0.31,100892.738,4,4,100892.731,0.0,0.0,0.0,0.007,325460.445161
1804450,IT,WF,GASDI,ANIMA,0.15,100892.558,4,4,100892.55,0.0,0.0,0.0,0.008,672617.053333
1681038,IT,GR,AIRTR,SEACO,0.11,100889.877,4,4,100889.874,0.0,0.0,0.0,0.003,917180.7
1656503,IT,DE,PAPER,BIOGA,0.39,100886.149,5,5,100885.139,0.0,1.0,0.0,0.01,258682.433333
1712514,IT,LV,FABRI,OFFIC,0.41,100875.528,4,4,100875.521,0.0,0.0,0.0,0.007,246037.873171
1751375,IT,CN,SEACO,PLAST,0.1,100874.495,4,4,100874.493,0.0,0.0,0.0,0.002,1008744.95
1721960,IT,PL,COMPU,PRINT,1.15,100872.315,4,4,100872.309,0.0,0.0,0.0,0.006,87715.056522
1776038,IT,TR,TEXTI,MACHI,0.6,100871.563,4,4,100871.55,0.0,0.0,0.0,0.013,168119.271667
1763845,IT,MX,NONME,WOODW,0.2,100870.455,4,4,100870.444,0.0,0.0,0.0,0.011,504352.275
1689217,IT,IE,WHOLE,CROPS,0.87,100861.38,4,4,100861.374,0.0,0.0,0.0,0.006,115932.62069
1799744,IT,WE,KEROS,BASIC,0.15,100852.147,4,4,100852.139,0.0,0.0,0.0,0.008,672347.646667
1773261,IT,CH,FABRI,EDUCA,0.41,100851.084,4,4,100851.077,0.0,0.0,0.0,0.007,245978.253659
1662791,IT,DK,TRANS,AIRTR,0.6,100835.947,4,4,100835.942,0.0,0.0,0.0,0.005,168059.911667
1653275,IT,CZ,RUBBE,HOTEL,0.33,100833.425,4,4,100833.416,0.0,0.0,0.0,0.009,305555.833333
1781914,IT,NO,CHEM1,TRANS,0.21,100832.105,4,4,100832.094,0.0,0.0,0.0,0.011,480152.880952
1741635,IT,US,HEAVY,BEVER,0.16,100822.303,4,4,100822.295,0.0,0.0,0.0,0.008,630139.39375
1733809,IT,SI,LANDT,RESEA,0.65,100813.84,4,4,100813.835,0.0,0.0,0.0,0.005,155098.215385
1651240,IT,BG,MEMBE,LEAD1,1.17,100813.038,4,4,100813.031,0.0,0.0,0.0,0.007,86164.989744
1735322,IT,SK,CERAM,CERAM,0.16,100802.012,5,5,100801.007,0.0,0.0,1.0,0.005,630012.575
1803083,IT,WF,CEREA,COMPU,0.16,100800.51,5,5,100799.504,0.0,1.0,0.0,0.006,630003.1875
1730184,IT,SE,LANDT,MACHI,0.65,100797.822,4,4,100797.817,0.0,0.0,0.0,0.005,155073.572308
1748803,IT,CN,TEXTI,LEAD1,0.6,100791.131,4,4,100791.118,0.0,0.0,0.0,0.013,167985.218333
1647829,IT,BE,AUXIL,DISTR,1.84,100787.001,4,4,100786.996,0.0,0.0,0.0,0.005,54775.544022
1791487,IT,WA,WHOLE,RESEA,0.87,100777.128,4,4,100777.122,0.0,0.0,0.0,0.006,115835.77931
1745351,IT,JP,VEGE1,RUBBE,0.31,100774.869,5,5,100773.847,0.0,1.0,0.0,0.022,325080.222581
1742734,IT,US,FABRI,TEXTI,0.41,100771.015,4,4,100771.008,0.0,0.0,0.0,0.007,245782.963415
1726458,IT,RO,FABRI,NONF1,0.41,100764.017,4,4,100764.01,0.0,0.0,0.0,0.007,245765.895122
1719771,IT,PL,BASIC,VEGE1,0.12,100761.102,4,4,100761.096,0.0,0.0,0.0,0.006,839675.85
1655521,IT,DE,CRUDE,BUSIN,0.2,100749.943,4,4,100749.934,0.0,0.0,0.0,0.009,503749.715
1753211,IT,CA,GLASS,RESEA,0.28,100749.1,4,4,100749.094,0.0,0.0,0.0,0.006,359818.214286
1719348,IT,PL,RUBBE,VEGET,0.33,100748.656,4,4,100748.647,0.0,0.0,0.0,0.009,305298.957576
1800539,IT,WE,RUBBE,DISTR,0.33,100743.412,4,4,100743.403,0.0,0.0,0.0,0.009,305283.066667
1640339,IT,AT,CHEMI,DIST1,0.24,100738.954,5,5,100733.945,0.0,0.0,5.0,0.009,419745.641667
1685837,IT,HU,CHEM1,STONE,0.21,100724.16,4,4,100724.149,0.0,0.0,0.0,0.011,479638.857143
1658657,IT,DE,MACHI,FOOD3,0.56,100713.93,4,4,100713.922,0.0,0.0,0.0,0.008,179846.303571
1679484,IT,GR,CHEM1,ELECT,0.21,100713.541,4,4,100713.53,0.0,0.0,0.0,0.011,479588.290476
1741185,IT,US,LEATH,COMPU,0.72,100691.457,5,5,100690.44,0.0,1.0,0.0,0.017,139849.245833
1662400,IT,DK,BASIC,WASTE,0.12,100680.375,4,4,100680.369,0.0,0.0,0.0,0.006,839003.125
1686375,IT,HU,BASIC,NATUR,0.12,100671.106,4,4,100671.1,0.0,0.0,0.0,0.006,838925.883333
1718650,IT,PL,WOODW,ANIMA,0.28,100669.792,5,5,100668.785,0.0,1.0,0.0,0.007,359534.971429
1753365,IT,CA,PREC1,RETA1,0.17,100653.746,4,4,100653.741,0.0,0.0,0.0,0.005,592080.858824
1741021,IT,US,FISH5,HEALT,0.42,100646.766,4,4,100646.714,0.0,0.0,0.0,0.052,239635.157143
1808410,IT,WF,WASTE,EDUCA,0.32,100634.111,4,4,100634.106,0.0,0.0,0.0,0.005,314481.596875
1689556,IT,IE,AIRTR,MEATC,0.11,100623.129,4,4,100623.126,0.0,0.0,0.0,0.003,914755.718182
1765375,IT,RU,BEVER,WHOLE,0.43,100619.655,4,4,100619.649,0.0,0.0,0.0,0.006,233999.197674
1683432,IT,HR,BASIC,SEACO,0.12,100618.591,4,4,100618.585,0.0,0.0,0.0,0.006,838488.258333
1709885,IT,LT,CERAM,CONST,0.16,100605.574,5,5,100604.569,0.0,0.0,1.0,0.005,628784.8375
1729847,IT,SE,MOTO1,FABRI,0.54,100597.929,4,4,100597.922,0.0,0.0,0.0,0.007,186292.461111
1681710,IT,HR,FISHF,SUGA1,0.17,100591.658,4,4,100591.654,0.0,0.0,0.0,0.004,591715.635294
1777811,IT,TR,FABRI,GLASS,0.41,100579.121,4,4,100579.114,0.0,0.0,0.0,0.007,245314.929268
1646862,IT,BE,WHOLE,CROPS,0.87,100578.755,4,4,100578.749,0.0,0.0,0.0,0.006,115607.764368
1784407,IT,ID,NONME,FOOD5,0.2,100575.292,4,4,100575.281,0.0,0.0,0.0,0.011,502876.46
1665142,IT,ES,DAIRY,RETA1,0.41,100569.859,5,5,100568.852,0.0,1.0,0.0,0.007,245292.339024
1786451,IT,ZA,MOTO1,BITUM,0.54,100549.638,4,4,100549.631,0.0,0.0,0.0,0.007,186203.033333
1657219,IT,DE,CHEM1,NAPHT,0.21,100547.327,4,4,100547.316,0.0,0.0,0.0,0.011,478796.795238
1763880,IT,MX,NONME,WHOLE,0.2,100537.347,4,4,100537.336,0.0,0.0,0.0,0.011,502686.735
1731027,IT,SE,INERT,MEATC,0.74,100534.421,4,4,100534.415,0.0,0.0,0.0,0.006,135857.325676
1737468,IT,GB,LEATH,SALEM,0.72,100534.261,5,5,100533.244,0.0,1.0,0.0,0.017,139630.918056
1765450,IT,RU,TEXTI,RETA1,0.6,100531.799,4,4,100531.786,0.0,0.0,0.0,0.013,167552.998333
1662188,IT,DK,RUBBE,EDUCA,0.33,100526.855,4,4,100526.846,0.0,0.0,0.0,0.009,304626.833333
1684690,IT,HU,CEREA,MOTO1,0.16,100505.992,5,5,100504.986,0.0,1.0,0.0,0.006,628162.45
1811520,IT,WM,NFERT,FOOD5,0.02,100497.233,4,4,100497.225,0.0,0.0,0.0,0.008,5024861.65
1779191,IT,TR,POSTT,ELECT,1.65,100488.823,4,4,100488.815,0.0,0.0,0.0,0.008,60902.31697
1763672,IT,MX,RUBBE,PFERT,0.33,100470.825,4,4,100470.816,0.0,0.0,0.0,0.009,304457.045455
1795333,IT,WL,NONME,GLASS,0.2,100460.829,4,4,100460.818,0.0,0.0,0.0,0.011,502304.145
1809854,IT,WM,FOOD5,PRIVA,0.48,100453.529,4,4,100453.52,0.0,0.0,0.0,0.009,209278.185417
1719327,IT,PL,CHEM1,FOOD3,0.21,100451.848,4,4,100451.837,0.0,0.0,0.0,0.011,478342.133333
1802149,IT,WE,HOTEL,CRUDE,0.73,100451.2,4,4,100451.192,0.0,0.0,0.0,0.008,137604.383562
1801837,IT,WE,ELEC7,TRANS,0.07,100444.05,3,3,100444.05,0.0,0.0,0.0,0.0,1434915.0
1753436,IT,CA,FABRI,PAPER,0.41,100440.061,4,4,100440.054,0.0,0.0,0.0,0.007,244975.758537
1791203,IT,WA,FURNI,CHARC,0.32,100435.707,4,4,100435.698,0.0,0.0,0.0,0.009,313861.584375
1676924,IT,FR,INLAN,SUPPO,0.16,100431.235,4,4,100431.228,0.0,0.0,0.0,0.007,627695.21875
1658225,IT,DE,LEAD1,DIST1,0.17,100430.224,4,4,100430.216,0.0,0.0,0.0,0.008,590766.023529
1736608,IT,SK,POSTT,POSTT,1.65,100430.028,4,4,100430.02,0.0,0.0,0.0,0.008,60866.683636
1801603,IT,WE,TRANS,RETA1,0.6,100416.273,4,4,100416.268,0.0,0.0,0.0,0.005,167360.455
1799945,IT,WE,HEAVY,SANDC,0.16,100410.476,4,4,100410.468,0.0,0.0,0.0,0.008,627565.475
1800200,IT,WE,PLAST,NICKE,0.21,100407.113,4,4,100407.103,0.0,0.0,0.0,0.01,478129.109524
1739186,IT,GB,RETA1,BASIC,1.05,100407.019,4,4,100407.012,0.0,0.0,0.0,0.007,95625.732381
1773401,IT,CH,MACHI,93197,0.56,100405.99,4,4,100405.982,0.0,0.0,0.0,0.008,179296.410714
1766217,IT,RU,GLASS,ELECT,0.28,100401.316,4,4,100401.31,0.0,0.0,0.0,0.006,358576.128571
1673604,IT,FR,WOODW,CEMEN,0.28,100400.558,5,5,100399.551,0.0,1.0,0.0,0.007,358573.421429
1751173,IT,CN,HOTEL,MEAT4,0.73,100400.035,4,4,100400.027,0.0,0.0,0.0,0.008,137534.294521
1676521,IT,FR,RETA1,MEMBE,1.05,100392.767,4,4,100392.76,0.0,0.0,0.0,0.007,95612.159048
1759691,IT,BR,BUSIN,OILSE,1.03,100381.512,4,4,100381.505,0.0,0.0,0.0,0.007,97457.778641
1685808,IT,HU,PLAST,RENTI,0.21,100374.232,4,4,100374.222,0.0,0.0,0.0,0.01,477972.533333
1682881,IT,HR,NAPHT,BEVER,0.17,100370.251,4,4,100370.244,0.0,0.0,0.0,0.007,590413.241176
1772176,IT,CH,GASDI,FOOD5,0.15,100368.124,4,4,100368.116,0.0,0.0,0.0,0.008,669120.826667
1799446,IT,WE,PAPER,WOODW,0.39,100362.24,5,5,100361.23,0.0,1.0,0.0,0.01,257339.076923
1764067,IT,MX,FABRI,COPPE,0.41,100354.808,4,4,100354.801,0.0,0.0,0.0,0.007,244767.82439
1748613,IT,CN,DAIRY,PIGS9,0.41,100351.661,5,5,100350.654,0.0,1.0,0.0,0.007,244760.14878
1779745,IT,TR,BUSIN,RUBBE,1.03,100346.226,4,4,100346.219,0.0,0.0,0.0,0.007,97423.520388
1642741,IT,AT,MACHI,NONME,0.56,100341.713,4,4,100341.705,0.0,0.0,0.0,0.008,179181.630357
1813336,IT,WM,FURNI,LEADZ,0.32,100341.56,4,4,100341.551,0.0,0.0,0.0,0.009,313567.375
1718025,IT,PL,CHEMI,FURNI,0.24,100330.823,5,5,100325.814,0.0,0.0,5.0,0.009,418045.095833
1791119,IT,WA,TRANS,RETAI,0.6,100323.896,4,4,100323.891,0.0,0.0,0.0,0.005,167206.493333
1656674,IT,DE,COKEO,CHEM1,0.01,100320.972,3,3,100320.972,0.0,0.0,0.0,0.0,10032097.2
1714565,IT,NL,CRUDE,COMPU,0.2,100319.638,4,4,100319.629,0.0,0.0,0.0,0.009,501598.19
1810670,IT,WM,MOTOR,PROCE,0.15,100317.285,4,4,100317.277,0.0,0.0,0.0,0.008,668781.9
1731481,IT,SI,BEVER,RETA1,0.43,100313.989,4,4,100313.983,0.0,0.0,0.0,0.006,233288.346512
1738528,IT,GB,NONF1,RENTI,0.02,100310.052,3,3,100310.052,0.0,0.0,0.0,0.0,5015502.6
1776843,IT,TR,BITU1,GASDI,0.16,100288.349,4,4,100288.341,0.0,0.0,0.0,0.008,626802.18125
1812170,IT,WM,CEMEN,HEALT,0.16,100284.332,5,5,100283.327,0.0,0.0,1.0,0.005,626777.075
1653804,IT,CZ,NONF1,BASIC,0.02,100278.498,3,3,100278.498,0.0,0.0,0.0,0.0,5013924.9
1739304,IT,GB,HOTEL,SALEM,0.73,100278.272,4,4,100278.264,0.0,0.0,0.0,0.008,137367.49589
1777321,IT,TR,GLASS,PLAST,0.28,100275.512,4,4,100275.506,0.0,0.0,0.0,0.006,358126.828571
1789334,IT,WA,CHEM1,ALUMI,0.21,100261.019,4,4,100261.008,0.0,0.0,0.0,0.011,477433.42381
1676909,IT,FR,SEACO,CONST,0.1,100248.561,4,4,100248.559,0.0,0.0,0.0,0.002,1002485.61
1730779,IT,SE,BUSIN,RUBBE,1.03,100244.492,4,4,100244.485,0.0,0.0,0.0,0.007,97324.749515
1810894,IT,WM,KERO1,HEAVY,0.14,100238.695,4,4,100238.687,0.0,0.0,0.0,0.008,715990.678571
1759148,IT,BR,AIRTR,COKE1,0.11,100224.366,4,4,100224.363,0.0,0.0,0.0,0.003,911130.6
1787621,IT,WA,MEAT4,STONE,0.55,100216.685,4,4,100216.678,0.0,0.0,0.0,0.007,182212.154545
1765774,IT,RU,MOTOR,COKIN,0.15,100210.831,4,4,100210.823,0.0,0.0,0.0,0.008,668072.206667
1809403,IT,WM,CHEMI,WOODW,0.24,100196.311,5,5,100191.302,0.0,0.0,5.0,0.009,417484.629167
1646223,IT,BE,ALUM1,WASTE,0.17,100190.378,4,4,100190.37,0.0,0.0,0.0,0.008,589355.164706
1745829,IT,JP,LEATH,PROCE,0.72,100175.915,5,5,100174.898,0.0,1.0,0.0,0.017,139133.215278
1759109,IT,BR,AIRTR,HEAVY,0.11,100171.775,4,4,100171.772,0.0,0.0,0.0,0.003,910652.5
1680074,IT,GR,MACHI,LANDT,0.56,100140.869,4,4,100140.861,0.0,0.0,0.0,0.008,178822.980357
1755063,IT,KR,WEARI,SEACO,0.75,100137.432,4,4,100137.413,0.0,0.0,0.0,0.019,133516.576
1665475,IT,ES,WEARI,PLAST,0.75,100137.086,4,4,100137.067,0.0,0.0,0.0,0.019,133516.114667
1641095,IT,AT,PAPER,COPP1,0.39,100131.437,5,5,100130.427,0.0,1.0,0.0,0.01,256747.274359
1804663,IT,WF,HEAVY,RECRE,0.16,100129.918,4,4,100129.91,0.0,0.0,0.0,0.008,625811.9875
1777275,IT,TR,RUBBE,SUPPO,0.33,100109.928,4,4,100109.919,0.0,0.0,0.0,0.009,303363.418182
1713625,IT,MT,PREC1,MOTO1,0.17,100094.424,4,4,100094.419,0.0,0.0,0.0,0.005,588790.729412
1641235,IT,AT,MOTOR,VEGET,0.15,100089.215,4,4,100089.207,0.0,0.0,0.0,0.008,667261.433333
1809774,IT,WM,FOOD5,LEATH,0.48,100085.566,4,4,100085.557,0.0,0.0,0.0,0.009,208511.595833
1769790,IT,AU,MACHI,ELEC2,0.56,100076.71,4,4,100076.702,0.0,0.0,0.0,0.008,178708.410714
1734642,IT,SK,TEXTI,CONST,0.59,100074.149,4,4,100074.136,0.0,0.0,0.0,0.013,169617.201695
1683484,IT,HR,PREC1,ELEC4,0.17,100074.085,4,4,100074.08,0.0,0.0,0.0,0.005,588671.088235
1789028,IT,WA,NAPHT,REFI1,0.17,100071.863,4,4,100071.856,0.0,0.0,0.0,0.007,588658.017647
1649073,IT,BG,PAPER,DAIRY,0.39,100071.719,5,5,100070.709,0.0,1.0,0.0,0.01,256594.151282
1686834,IT,HU,FABRI,ELEC3,0.41,100068.295,4,4,100068.288,0.0,0.0,0.0,0.007,244069.012195
1675797,IT,FR,FURNI,PAPE1,0.32,100068.232,4,4,100068.223,0.0,0.0,0.0,0.009,312713.225
1721286,IT,PL,LANDT,SALEM,0.65,100064.343,4,4,100064.338,0.0,0.0,0.0,0.005,153945.143077
1805361,IT,WF,RUBBE,GASDI,0.33,100047.718,4,4,100047.709,0.0,0.0,0.0,0.009,303174.90303
1662136,IT,DK,RUBBE,TEXTI,0.33,100046.191,4,4,100046.182,0.0,0.0,0.0,0.009,303170.275758
1795084,IT,WL,RUBBE,RAWMI,0.33,100038.957,4,4,100038.948,0.0,0.0,0.0,0.009,303148.354545
1748008,IT,JP,BUSIN,PROCE,1.03,100029.883,4,4,100029.876,0.0,0.0,0.0,0.007,97116.391262
1653916,IT,CZ,FABRI,HEALT,0.41,100028.0,4,4,100027.993,0.0,0.0,0.0,0.007,243970.731707
1643395,IT,AT,LANDT,STONE,0.65,100020.691,4,4,100020.686,0.0,0.0,0.0,0.005,153877.986154
1812708,IT,WM,COPP1,RECRE,0.25,100019.267,4,4,100019.262,0.0,0.0,0.0,0.005,400077.068
1791803,IT,WA,LANDT,MEAT4,0.65,100018.727,4,4,100018.722,0.0,0.0,0.0,0.005,153874.964615
1775077,IT,CH,RENTI,HOTEL,0.6,100018.657,4,4,100018.651,0.0,0.0,0.0,0.006,166697.761667
1744103,IT,US,SUPPO,CHEM1,0.72,100018.491,4,4,100018.486,0.0,0.0,0.0,0.005,138914.570833
1640459,IT,AT,DAIRY,PIGS9,0.41,99993.616,5,5,99992.609,0.0,1.0,0.0,0.007,243886.868293
1750189,IT,CN,ALUM1,MEDIC,0.17,99992.311,4,4,99992.303,0.0,0.0,0.0,0.008,588190.064706
1767561,IT,RU,AIRTR,LANDT,0.11,99983.63,4,4,99983.627,0.0,0.0,0.0,0.003,908942.090909
1746207,IT,JP,CHEM1,MEATC,0.21,99977.107,4,4,99977.096,0.0,0.0,0.0,0.011,476081.461905
1727788,IT,RO,BUSIN,MOTOR,1.03,99964.307,4,4,99964.3,0.0,0.0,0.0,0.007,97052.725243
1810315,IT,WM,WOODW,LEADZ,0.28,99952.996,5,5,99951.989,0.0,1.0,0.0,0.007,356974.985714
1662891,IT,DK,WHOLE,RETA1,0.86,99937.589,4,4,99937.583,0.0,0.0,0.0,0.006,116206.498837
1714928,IT,NL,BEVER,RENTI,0.42,99931.704,4,4,99931.698,0.0,0.0,0.0,0.006,237932.628571
1676027,IT,FR,ELEC6,FOOD5,0.01,99927.962,4,4,99927.946,0.0,0.0,0.0,0.016,9992796.2
1683478,IT,HR,PREC1,OFFIC,0.17,99927.738,4,4,99927.733,0.0,0.0,0.0,0.005,587810.223529
1642580,IT,AT,FABRI,PIGS9,0.41,99920.458,4,4,99920.451,0.0,0.0,0.0,0.007,243708.434146
1788670,IT,WA,COKEO,GLASS,0.01,99908.885,3,3,99908.885,0.0,0.0,0.0,0.0,9990888.5
1804325,IT,WF,MOTOR,MOTO1,0.15,99908.15,4,4,99908.142,0.0,0.0,0.0,0.008,666054.333333
1676218,IT,FR,CONST,COMPU,0.56,99899.992,4,4,99899.987,0.0,0.0,0.0,0.005,178392.842857
1793402,IT,WL,CROPS,FOOD5,0.79,99897.345,4,4,99897.34,0.0,0.0,0.0,0.005,126452.335443
1679957,IT,GR,FABRI,ALUM1,0.41,99889.677,4,4,99889.67,0.0,0.0,0.0,0.007,243633.358537
1806760,IT,WF,WHOLE,HEALT,0.86,99886.105,4,4,99886.099,0.0,0.0,0.0,0.006,116146.633721
1744714,IT,US,COMPU,RESEA,1.14,99870.19,4,4,99870.184,0.0,0.0,0.0,0.006,87605.429825
1687026,IT,HU,OFFIC,POSTT,0.31,99861.428,4,4,99861.421,0.0,0.0,0.0,0.007,322133.63871
1761869,IT,IN,TRANS,FISHF,0.6,99861.065,4,4,99861.06,0.0,0.0,0.0,0.005,166435.108333
1802292,IT,WE,LANDT,LANDT,0.64,99859.876,4,4,99859.871,0.0,0.0,0.0,0.005,156031.05625
1790756,IT,WA,MACHI,ALUMI,0.56,99859.473,4,4,99859.465,0.0,0.0,0.0,0.008,178320.4875
1654819,IT,CZ,SUPPO,AIRTR,0.72,99858.789,4,4,99858.784,0.0,0.0,0.0,0.005,138692.7625
1735347,IT,SK,CEMEN,MOTO1,0.16,99856.807,5,5,99855.802,0.0,0.0,1.0,0.005,624105.04375
1659499,IT,DE,RETA1,FOUND,1.04,99836.365,4,4,99836.358,0.0,0.0,0.0,0.007,95996.504808
1673749,IT,FR,PAPER,DISTR,0.39,99835.317,5,5,99834.307,0.0,1.0,0.0,0.01,255987.992308
1805209,IT,WF,CHEM1,NAPHT,0.21,99832.044,4,4,99832.033,0.0,0.0,0.0,0.011,475390.685714
1806894,IT,WF,HOTEL,SALEM,0.72,99822.11,4,4,99822.102,0.0,0.0,0.0,0.008,138641.819444
1814032,IT,WM,SEACO,INLAN,0.1,99822.01,4,4,99822.008,0.0,0.0,0.0,0.002,998220.1
1730175,IT,SE,LANDT,RUBBE,0.64,99807.027,4,4,99807.022,0.0,0.0,0.0,0.005,155948.479688
1804628,IT,WF,HEAVY,FOUND,0.16,99802.909,4,4,99802.901,0.0,0.0,0.0,0.008,623768.18125
1769084,IT,AU,PLAST,MACHI,0.21,99781.982,4,4,99781.972,0.0,0.0,0.0,0.01,475152.295238
1718223,IT,PL,PROCE,FISH5,0.67,99778.223,4,4,99778.217,0.0,0.0,0.0,0.006,148922.720896
1686029,IT,HU,BIODI,REALE,0.21,99767.422,4,4,99767.411,0.0,0.0,0.0,0.011,475082.961905
1669341,IT,ES,FINAN,INSUR,1.3,99759.03,4,4,99759.027,0.0,0.0,0.0,0.003,76737.715385
1676210,IT,FR,CONST,AIRTR,0.56,99742.541,4,4,99742.536,0.0,0.0,0.0,0.005,178111.680357
1684200,IT,HR,LANDT,HEALT,0.64,99742.114,4,4,99742.109,0.0,0.0,0.0,0.005,155847.053125
1713655,IT,MT,ALUM1,POSTT,0.17,99731.846,4,4,99731.838,0.0,0.0,0.0,0.008,586657.917647
1773416,IT,CH,OFFIC,FOOD5,0.31,99729.733,4,4,99729.726,0.0,0.0,0.0,0.007,321708.816129
1657438,IT,DE,RUBBE,COPP1,0.33,99727.395,4,4,99727.386,0.0,0.0,0.0,0.009,302204.227273
1806212,IT,WF,MACHI,NONFE,0.56,99723.51,4,4,99723.502,0.0,0.0,0.0,0.008,178077.696429
1805214,IT,WF,CHEM1,CHARC,0.21,99719.807,4,4,99719.796,0.0,0.0,0.0,0.011,474856.22381
1666760,IT,ES,RUBBE,LEAD1,0.33,99705.203,4,4,99705.194,0.0,0.0,0.0,0.009,302136.978788
1689758,IT,IE,FINAN,BUSIN,1.3,99697.88,4,4,99697.877,0.0,0.0,0.0,0.003,76690.676923
1658140,IT,DE,ALUM1,LEAD1,0.17,99696.14,4,4,99696.132,0.0,0.0,0.0,0.008,586447.882353
1740067,IT,GB,RENTI,RESEA,0.6,99695.978,4,4,99695.972,0.0,0.0,0.0,0.006,166159.963333
1747947,IT,JP,RESEA,PLAST,0.54,99690.257,4,4,99690.25,0.0,0.0,0.0,0.007,184611.587037
1783367,IT,NO,PLAS1,NONF1,0.36,99689.924,4,4,99689.917,0.0,0.0,0.0,0.007,276916.455556
1723221,IT,PT,RUBBE,REALE,0.33,99685.848,4,4,99685.839,0.0,0.0,0.0,0.009,302078.327273
1746743,IT,JP,FABRI,PUBLI,0.41,99681.398,4,4,99681.391,0.0,0.0,0.0,0.007,243125.360976
1733256,IT,SI,MACHI,RENTI,0.56,99679.104,4,4,99679.096,0.0,0.0,0.0,0.008,177998.4
1807128,IT,WF,AIRTR,NATU1,0.11,99672.918,4,4,99672.915,0.0,0.0,0.0,0.003,906117.436364
1729595,IT,SE,NONF1,MACHI,0.02,99661.909,3,3,99661.909,0.0,0.0,0.0,0.0,4983095.45
1648709,IT,BG,FOOD5,LEATH,0.48,99658.735,4,4,99658.726,0.0,0.0,0.0,0.009,207622.364583
1735348,IT,SK,CEMEN,TRAN1,0.16,99657.377,5,5,99656.373,0.0,0.0,1.0,0.004,622858.60625
1806351,IT,WF,MOTO1,NATU1,0.53,99657.219,4,4,99657.213,0.0,0.0,0.0,0.006,188032.488679
1786112,IT,ZA,BASIC,VEGET,0.11,99654.058,4,4,99654.052,0.0,0.0,0.0,0.006,905945.981818
1780807,IT,TW,COMPU,WOODW,1.14,99645.002,4,4,99644.996,0.0,0.0,0.0,0.006,87407.896491
1746695,IT,JP,FABRI,RUBBE,0.41,99641.273,4,4,99641.266,0.0,0.0,0.0,0.007,243027.495122
1746359,IT,JP,RUBBE,WOODW,0.33,99641.14,4,4,99641.131,0.0,0.0,0.0,0.009,301942.848485
1681943,IT,HR,FOOD5,DAIRY,0.48,99640.471,4,4,99640.462,0.0,0.0,0.0,0.009,207584.314583
1755470,IT,KR,PLAST,GLASS,0.21,99628.143,4,4,99628.133,0.0,0.0,0.0,0.01,474419.728571
1772526,IT,CH,RUBBE,HEAVY,0.33,99618.61,4,4,99618.601,0.0,0.0,0.0,0.009,301874.575758
1714091,IT,MT,SEACO,PLAST,0.1,99607.777,4,4,99607.775,0.0,0.0,0.0,0.002,996077.77
1758773,IT,BR,RETA1,WEARI,1.04,99596.004,4,4,99595.997,0.0,0.0,0.0,0.007,95765.388462
1728169,IT,SE,DAIRY,RECRE,0.4,99588.526,5,5,99587.519,0.0,1.0,0.0,0.007,248971.315
1726566,IT,RO,OFFIC,SALEM,0.31,99585.932,4,4,99585.925,0.0,0.0,0.0,0.007,321244.941935
1652526,IT,CZ,WEARI,RENTI,0.75,99583.437,4,4,99583.418,0.0,0.0,0.0,0.019,132777.916
1673291,IT,FR,TEXTI,PIGS9,0.59,99568.727,4,4,99568.714,0.0,0.0,0.0,0.013,168760.554237
1725323,IT,RO,BEVER,EDUCA,0.42,99563.48,4,4,99563.474,0.0,0.0,0.0,0.006,237055.904762
1726920,IT,RO,HOTEL,FORES,0.72,99559.27,4,4,99559.262,0.0,0.0,0.0,0.008,138276.763889
1785168,IT,ZA,FOOD5,FISH5,0.48,99557.954,4,4,99557.945,0.0,0.0,0.0,0.009,207412.404167
1754633,IT,KR,STONE,PIGS9,0.32,99555.658,5,5,99549.653,0.0,0.0,6.0,0.005,311111.43125
1663778,IT,EE,BEVER,FISH5,0.42,99545.963,4,4,99545.957,0.0,0.0,0.0,0.006,237014.197619
1683065,IT,HR,RUBBE,FISHF,0.33,99545.589,4,4,99545.58,0.0,0.0,0.0,0.009,301653.3
1771789,IT,CH,LEATH,HEALT,0.71,99533.907,5,5,99532.89,0.0,1.0,0.0,0.017,140188.601408
1742917,IT,US,MACHI,COPP1,0.56,99527.446,4,4,99527.438,0.0,0.0,0.0,0.008,177727.582143
1782198,IT,NO,BASIC,RUBBE,0.11,99518.05,4,4,99518.044,0.0,0.0,0.0,0.006,904709.545455
1760272,IT,IN,CROPS,FOOD5,0.79,99504.609,4,4,99504.604,0.0,0.0,0.0,0.005,125955.201266
1789032,IT,WA,NAPHT,LUBRI,0.17,99500.151,4,4,99500.144,0.0,0.0,0.0,0.007,585295.005882
1746108,IT,JP,PRINT,COMPU,0.95,99498.484,4,4,99498.476,0.0,0.0,0.0,0.008,104735.246316
1755213,IT,KR,WOODW,MOTO1,0.28,99489.647,5,5,99488.64,0.0,1.0,0.0,0.007,355320.167857
1641911,IT,AT,BIODI,TRAN2,0.21,99488.453,4,4,99488.442,0.0,0.0,0.0,0.011,473754.538095
1679339,IT,GR,PETRO,CEMEN,0.17,99486.183,4,4,99486.175,0.0,0.0,0.0,0.008,585212.841176
1784132,IT,ID,PULP5,MACHI,0.3,99470.853,4,4,99470.844,0.0,0.0,0.0,0.009,331569.51
1785818,IT,ZA,CHEM1,CHARC,0.21,99468.784,4,4,99468.773,0.0,0.0,0.0,0.011,473660.87619
1674092,IT,FR,HEAVY,CATTL,0.16,99466.983,4,4,99466.975,0.0,0.0,0.0,0.008,621668.64375
1689519,IT,IE,TRAN2,FABRI,0.15,99452.452,4,4,99452.449,0.0,0.0,0.0,0.003,663016.346667
1762251,IT,IN,AIRTR,WEARI,0.11,99448.581,4,4,99448.578,0.0,0.0,0.0,0.003,904078.009091
1682467,IT,HR,PAPER,COMPU,0.39,99434.364,5,5,99433.354,0.0,1.0,0.0,0.01,254959.907692
1667777,IT,ES,OFFIC,GASDI,0.31,99432.632,4,4,99432.625,0.0,0.0,0.0,0.007,320750.425806
1763711,IT,MX,RUBBE,POSTT,0.33,99430.608,4,4,99430.599,0.0,0.0,0.0,0.009,301304.872727
1677424,IT,FR,INSUR,RETA1,2.05,99418.827,4,4,99418.822,0.0,0.0,0.0,0.005,48496.98878
1811853,IT,WM,RUBBE,PROCE,0.33,99412.185,4,4,99412.176,0.0,0.0,0.0,0.009,301249.045455
1753645,IT,CA,OFFIC,RETA1,0.31,99407.976,4,4,99407.969,0.0,0.0,0.0,0.007,320670.890323
1656008,IT,DE,FOOD5,CONST,0.48,99406.893,4,4,99406.884,0.0,0.0,0.0,0.009,207097.69375
1763958,IT,MX,BASIC,SUPPO,0.11,99405.169,4,4,99405.163,0.0,0.0,0.0,0.006,903683.354545
1674268,IT,FR,PARAF,HEAVY,0.16,99393.518,4,4,99393.511,0.0,0.0,0.0,0.007,621209.4875
1679265,IT,GR,GASDI,WHOLE,0.15,99392.353,4,4,99392.345,0.0,0.0,0.0,0.008,662615.686667
1680128,IT,GR,OFFIC,MOTO1,0.31,99385.303,4,4,99385.296,0.0,0.0,0.0,0.007,320597.751613
1801257,IT,WE,FABRI,MEMBE,0.4,99379.478,4,4,99379.471,0.0,0.0,0.0,0.007,248448.695
1798471,IT,WE,NATUR,COKE1,0.14,99373.987,4,4,99373.98,0.0,0.0,0.0,0.007,709814.192857
1686320,IT,HU,NONME,PLAST,0.2,99373.758,4,4,99373.747,0.0,0.0,0.0,0.011,496868.79
1745748,IT,JP,WEARI,FOUND,0.75,99370.466,4,4,99370.447,0.0,0.0,0.0,0.019,132493.954667
1754949,IT,KR,TEXTI,CERAM,0.59,99368.623,4,4,99368.61,0.0,0.0,0.0,0.013,168421.394915
1779043,IT,TR,AIRTR,RAILW,0.11,99366.424,4,4,99366.421,0.0,0.0,0.0,0.003,903331.127273
1669631,IT,ES,RENTI,SUPPO,0.59,99357.009,4,4,99357.003,0.0,0.0,0.0,0.006,168401.710169
1729231,IT,SE,CERAM,WHOLE,0.15,99351.868,5,5,99350.863,0.0,0.0,1.0,0.005,662345.786667
1686490,IT,HU,PREC1,RUBBE,0.17,99349.397,4,4,99349.392,0.0,0.0,0.0,0.005,584408.217647
1798416,IT,WE,NATUR,LEADZ,0.14,99343.041,4,4,99343.034,0.0,0.0,0.0,0.007,709593.15
1680935,IT,GR,TRAN2,NAPHT,0.15,99333.212,4,4,99333.209,0.0,0.0,0.0,0.003,662221.413333
1750201,IT,CN,LEAD1,BITUM,0.17,99321.607,4,4,99321.599,0.0,0.0,0.0,0.008,584244.747059
1660842,IT,DE,COMPU,DIST1,1.13,99315.706,4,4,99315.7,0.0,0.0,0.0,0.006,87890.00531
1682698,IT,HR,GASDI,FORES,0.15,99313.083,4,4,99313.075,0.0,0.0,0.0,0.008,662087.22
1687227,IT,HU,SALEM,RENTI,0.8,99310.777,4,4,99310.771,0.0,0.0,0.0,0.006,124138.47125
1732425,IT,SI,PLAST,HEALT,0.21,99299.197,4,4,99299.187,0.0,0.0,0.0,0.01,472853.319048
1641412,IT,AT,GASDI,RAWMI,0.15,99293.779,4,4,99293.771,0.0,0.0,0.0,0.008,661958.526667
1713709,IT,MT,FABRI,RENTI,0.4,99292.068,4,4,99292.061,0.0,0.0,0.0,0.007,248230.17
1804973,IT,WF,PLAST,WOOLS,0.21,99285.779,4,4,99285.769,0.0,0.0,0.0,0.01,472789.42381
1640323,IT,AT,CHEMI,LIQUE,0.24,99265.234,5,5,99260.225,0.0,0.0,5.0,0.009,413605.141667
1755518,IT,KR,CHEM1,WEARI,0.21,99264.081,4,4,99264.07,0.0,0.0,0.0,0.011,472686.1
1770234,IT,AU,HOTEL,BEVER,0.72,99263.047,4,4,99263.04,0.0,0.0,0.0,0.007,137865.343056
1659137,IT,DE,ELEC8,DISTR,1.32,99262.955,4,4,99262.949,0.0,0.0,0.0,0.006,75199.208333
1750236,IT,CN,COPP1,WOODW,0.25,99256.582,4,4,99256.577,0.0,0.0,0.0,0.005,397026.328
1773291,IT,CH,MACHI,FORES,0.55,99250.194,4,4,99250.186,0.0,0.0,0.0,0.008,180454.898182
1642040,IT,AT,RUBBE,RECRE,0.33,99246.199,4,4,99246.19,0.0,0.0,0.0,0.009,300746.057576
1671602,IT,FI,TRANS,RENTI,0.59,99246.122,4,4,99246.117,0.0,0.0,0.0,0.005,168213.766102
1655068,IT,CZ,COMPU,OFFIC,1.13,99244.908,4,4,99244.902,0.0,0.0,0.0,0.006,87827.352212
1652530,IT,CZ,WEARI,PUBLI,0.75,99243.953,4,4,99243.934,0.0,0.0,0.0,0.019,132325.270667
1662507,IT,DK,COPP1,RUBBE,0.25,99236.442,4,4,99236.437,0.0,0.0,0.0,0.005,396945.768
1662388,IT,DK,BASIC,PUBLI,0.11,99233.965,4,4,99233.959,0.0,0.0,0.0,0.006,902126.954545
1721129,IT,PL,RAILW,MOTOR,0.66,99221.203,5,5,99220.199,0.0,0.0,1.0,0.004,150335.156061
1761732,IT,IN,MACHI,WOODW,0.55,99192.684,4,4,99192.676,0.0,0.0,0.0,0.008,180350.334545
1809931,IT,WM,BEVER,BUSIN,0.42,99187.225,4,4,99187.219,0.0,0.0,0.0,0.006,236160.059524
1642754,IT,AT,MACHI,MEDIC,0.55,99181.388,4,4,99181.38,0.0,0.0,0.0,0.008,180329.796364
1718744,IT,PL,PULP5,RETA1,0.3,99179.905,4,4,99179.896,0.0,0.0,0.0,0.009,330599.683333
1749603,IT,CN,CHEM1,WHEAT,0.21,99178.088,4,4,99178.077,0.0,0.0,0.0,0.011,472276.609524
1683847,IT,HR,MOTO1,MOTO1,0.53,99170.05,4,4,99170.044,0.0,0.0,0.0,0.006,187113.301887
1668272,IT,ES,WHOLE,LEATH,0.86,99168.882,4,4,99168.876,0.0,0.0,0.0,0.006,115312.653488
1650283,IT,BG,ELEC1,MOTO1,0.01,99162.204,4,4,99162.198,0.0,0.0,0.0,0.006,9916220.4
1724071,IT,PT,WHOLE,MOTO1,0.86,99159.266,4,4,99159.26,0.0,0.0,0.0,0.006,115301.472093
1658510,IT,DE,FABRI,WASTE,0.4,99153.604,4,4,99153.597,0.0,0.0,0.0,0.007,247884.01
1780178,IT,TW,HOTEL,POSTT,0.72,99150.283,4,4,99150.276,0.0,0.0,0.0,0.007,137708.726389
1741354,IT,US,PRINT,PRINT,0.95,99148.506,4,4,99148.498,0.0,0.0,0.0,0.008,104366.848421
1812938,IT,WM,MACHI,SUGA1,0.55,99148.036,4,4,99148.028,0.0,0.0,0.0,0.008,180269.156364
1795132,IT,WL,RUBBE,BIODI,0.33,99139.234,4,4,99139.225,0.0,0.0,0.0,0.009,300421.921212
1718788,IT,PL,PAPER,LEATH,0.38,99135.019,5,5,99134.009,0.0,1.0,0.0,0.01,260881.628947
1725219,IT,RO,FOOD5,MEATC,0.48,99132.714,4,4,99132.705,0.0,0.0,0.0,0.009,206526.4875
1676202,IT,FR,CONST,WHOLE,0.55,99125.603,4,4,99125.598,0.0,0.0,0.0,0.005,180228.369091
1751209,IT,CN,HOTEL,CEMEN,0.72,99118.666,4,4,99118.659,0.0,0.0,0.0,0.007,137664.813889
1686792,IT,HU,FABRI,WEARI,0.4,99118.193,4,4,99118.186,0.0,0.0,0.0,0.007,247795.4825
1793882,IT,WL,TEXTI,BUSIN,0.59,99083.63,4,4,99083.617,0.0,0.0,0.0,0.013,167938.355932
1782265,IT,NO,ALUM1,WHOLE,0.17,99082.745,4,4,99082.737,0.0,0.0,0.0,0.008,582839.676471
1731776,IT,SI,PAPER,TEXTI,0.38,99077.82,5,5,99076.81,0.0,1.0,0.0,0.01,260731.105263
1761634,IT,IN,FABRI,PAPER,0.4,99074.799,4,4,99074.792,0.0,0.0,0.0,0.007,247686.9975
1686689,IT,HU,COPP1,WOODW,0.25,99069.295,4,4,99069.29,0.0,0.0,0.0,0.005,396277.18
1789293,IT,WA,PFERT,WEARI,0.04,99068.176,4,4,99068.16,0.0,0.0,0.0,0.016,2476704.4
1813287,IT,WM,TRANS,DISTR,0.59,99061.957,4,4,99061.952,0.0,0.0,0.0,0.005,167901.622034
1754136,IT,CA,AIRTR,RESEA,0.11,99061.025,4,4,99061.022,0.0,0.0,0.0,0.003,900554.772727
1777313,IT,TR,GLASS,TEXTI,0.27,99053.822,4,4,99053.816,0.0,0.0,0.0,0.006,366866.007407
1665308,IT,ES,BEVER,PUBLI,0.42,99051.725,4,4,99051.719,0.0,0.0,0.0,0.006,235837.440476
1667639,IT,ES,MACHI,HEAVY,0.55,99044.999,4,4,99044.991,0.0,0.0,0.0,0.008,180081.816364
1747954,IT,JP,RESEA,MACHI,0.54,99042.86,4,4,99042.853,0.0,0.0,0.0,0.007,183412.703704
1814052,IT,WM,AIRTR,WHEAT,0.11,99042.12,4,4,99042.117,0.0,0.0,0.0,0.003,900382.909091
1808349,IT,WF,FOOD3,LANDT,0.28,99039.991,4,4,99039.986,0.0,0.0,0.0,0.005,353714.253571
1720510,IT,PL,MACHI,PAPE4,0.55,99032.835,4,4,99032.827,0.0,0.0,0.0,0.008,180059.7
1748725,IT,CN,BEVER,PLAST,0.42,99028.68,4,4,99028.674,0.0,0.0,0.0,0.006,235782.571429
1753029,IT,CA,CHEM1,MEDIC,0.21,99024.695,4,4,99024.684,0.0,0.0,0.0,0.011,471546.166667
1713681,IT,MT,FABRI,MEAT4,0.4,99004.792,4,4,99004.785,0.0,0.0,0.0,0.007,247511.98
1664437,IT,EE,MACHI,WHOLE,0.55,98991.067,4,4,98991.059,0.0,0.0,0.0,0.008,179983.758182
1776012,IT,TR,TEXTI,FOOD5,0.59,98989.494,4,4,98989.481,0.0,0.0,0.0,0.013,167778.80339
1680335,IT,GR,ELEC1,CHEM1,0.01,98987.555,4,4,98987.549,0.0,0.0,0.0,0.006,9898755.5
1784289,IT,ID,CHEM1,FURNI,0.21,98985.809,4,4,98985.798,0.0,0.0,0.0,0.011,471360.995238
1718628,IT,PL,LEATH,RETA1,0.71,98975.416,5,5,98974.399,0.0,1.0,0.0,0.017,139401.994366
1672960,IT,FR,DAIRY,REALE,0.4,98968.385,5,5,98967.378,0.0,1.0,0.0,0.007,247420.9625
1660513,IT,DE,INSUR,CONST,2.04,98959.739,4,4,98959.734,0.0,0.0,0.0,0.005,48509.67598
1813944,IT,WM,SEACO,PADDY,0.1,98941.917,4,4,98941.915,0.0,0.0,0.0,0.002,989419.17
1805297,IT,WF,ADDIT,RETA1,0.23,98941.596,5,5,98940.588,0.0,1.0,0.0,0.008,430180.852174
1807064,IT,WF,SEACO,MEATA,0.1,98938.41,4,4,98938.408,0.0,0.0,0.0,0.002,989384.1
1658675,IT,DE,OFFIC,FOOD5,0.31,98937.084,4,4,98937.077,0.0,0.0,0.0,0.007,319151.883871
1753775,IT,CA,FURNI,HOTEL,0.32,98935.437,4,4,98935.428,0.0,0.0,0.0,0.009,309173.240625
1795518,IT,WL,ALUM1,BIODI,0.17,98934.638,4,4,98934.63,0.0,0.0,0.0,0.008,581968.458824
1771491,IT,CH,BEVER,REALE,0.42,98927.679,4,4,98927.673,0.0,0.0,0.0,0.006,235542.092857
1683324,IT,HR,NONME,WOODW,0.2,98926.941,4,4,98926.93,0.0,0.0,0.0,0.011,494634.705
1757647,IT,BR,HEAVY,FOOD5,0.16,98917.161,4,4,98917.153,0.0,0.0,0.0,0.008,618232.25625
1809137,IT,WM,CROPS,RETA1,0.78,98909.943,4,4,98909.938,0.0,0.0,0.0,0.005,126807.619231
1672955,IT,FR,DAIRY,SUPPO,0.4,98886.509,5,5,98885.502,0.0,1.0,0.0,0.007,247216.2725
1723284,IT,PT,GLASS,RENTI,0.27,98878.013,4,4,98878.007,0.0,0.0,0.0,0.006,366214.862963
1660872,IT,DE,COMPU,INTER,1.13,98872.552,4,4,98872.546,0.0,0.0,0.0,0.006,87497.833628
1677926,IT,FR,BUSIN,TRAN2,1.02,98862.613,4,4,98862.606,0.0,0.0,0.0,0.007,96924.130392
1658353,IT,DE,NONF1,ELEC2,0.02,98858.313,3,3,98858.313,0.0,0.0,0.0,0.0,4942915.65
1677609,IT,FR,REALE,FURNI,4.18,98831.245,4,4,98831.239,0.0,0.0,0.0,0.006,23643.838517
1659432,IT,DE,WHOLE,ELEC7,0.85,98825.418,4,4,98825.412,0.0,0.0,0.0,0.006,116265.197647
1715434,IT,NL,MOTOR,RETAI,0.15,98819.215,4,4,98819.207,0.0,0.0,0.0,0.008,658794.766667
1651590,IT,CY,GLASS,FABRI,0.27,98816.998,4,4,98816.992,0.0,0.0,0.0,0.006,365988.881481
1647243,IT,BE,LANDT,COPP1,0.64,98808.922,4,4,98808.917,0.0,0.0,0.0,0.005,154388.940625
1665801,IT,ES,PAPER,FOOD2,0.38,98799.404,5,5,98798.394,0.0,1.0,0.0,0.01,259998.431579
1720577,IT,PL,OFFIC,INSUR,0.31,98797.406,4,4,98797.399,0.0,0.0,0.0,0.007,318701.309677
1792467,IT,WA,AUXIL,FINAN,1.81,98795.368,4,4,98795.363,0.0,0.0,0.0,0.005,54583.076243
1757529,IT,BR,PRINT,BUSIN,0.95,98792.496,4,4,98792.488,0.0,0.0,0.0,0.008,103992.101053
1755510,IT,KR,CHEM1,DAIRY,0.21,98788.93,4,4,98788.919,0.0,0.0,0.0,0.011,470423.47619
1665778,IT,ES,PAPER,SUPPO,0.38,98781.529,5,5,98780.519,0.0,1.0,0.0,0.01,259951.392105
1672938,IT,FR,DAIRY,SUGA1,0.4,98780.731,5,5,98779.724,0.0,1.0,0.0,0.007,246951.8275
1735750,IT,SK,MACHI,VEGET,0.55,98779.793,4,4,98779.785,0.0,0.0,0.0,0.008,179599.623636
1807030,IT,WF,LANDT,HEALT,0.64,98776.387,4,4,98776.382,0.0,0.0,0.0,0.005,154338.104688
1767441,IT,RU,LANDT,RETA1,0.64,98776.114,4,4,98776.109,0.0,0.0,0.0,0.005,154337.678125
1750274,IT,CN,COPP1,STEAM,0.25,98769.071,4,4,98769.066,0.0,0.0,0.0,0.005,395076.284
1773686,IT,CH,FURNI,MOTO1,0.32,98767.599,4,4,98767.591,0.0,0.0,0.0,0.008,308648.746875
1764196,IT,MX,MACHI,MEATP,0.55,98759.21,4,4,98759.202,0.0,0.0,0.0,0.008,179562.2
1683591,IT,HR,COPP1,RETA1,0.25,98748.043,4,4,98748.038,0.0,0.0,0.0,0.005,394992.172
1748056,IT,JP,BUSIN,MEDIC,1.01,98740.773,4,4,98740.766,0.0,0.0,0.0,0.007,97763.141584
1723770,IT,PT,OFFIC,FISH5,0.31,98731.572,4,4,98731.565,0.0,0.0,0.0,0.007,318488.941935
1801546,IT,WE,TRANS,FISHF,0.59,98728.876,4,4,98728.871,0.0,0.0,0.0,0.005,167337.077966
1680517,IT,GR,ELEC7,BASIC,0.07,98719.498,3,3,98719.498,0.0,0.0,0.0,0.0,1410278.542857
1791781,IT,WA,LANDT,PADDY,0.64,98716.793,4,4,98716.788,0.0,0.0,0.0,0.005,154244.989062
1664037,IT,EE,PLAST,OFFIC,0.21,98712.031,4,4,98712.021,0.0,0.0,0.0,0.01,470057.290476
1649222,IT,BG,KEROS,BASIC,0.15,98711.725,4,4,98711.717,0.0,0.0,0.0,0.008,658078.166667
1743036,IT,US,OFFIC,SUPPO,0.31,98711.611,4,4,98711.604,0.0,0.0,0.0,0.007,318424.551613
1789656,IT,WA,RUBBE,CEMEN,0.33,98708.968,4,4,98708.959,0.0,0.0,0.0,0.009,299118.084848
1799157,IT,WE,WEARI,OFFIC,0.74,98707.19,4,4,98707.171,0.0,0.0,0.0,0.019,133388.094595
1651226,IT,BG,BUSIN,HEALT,1.01,98704.723,4,4,98704.716,0.0,0.0,0.0,0.007,97727.448515
1725393,IT,RO,TEXTI,BASIC,0.58,98694.353,4,4,98694.34,0.0,0.0,0.0,0.013,170162.677586
1775139,IT,CH,COMPU,INSUR,1.13,98691.337,4,4,98691.331,0.0,0.0,0.0,0.006,87337.466372
1750618,IT,CN,OFFIC,RAILW,0.31,98688.063,4,4,98688.056,0.0,0.0,0.0,0.007,318348.590323
1744748,IT,US,RESEA,TOBAC,0.53,98687.351,4,4,98687.344,0.0,0.0,0.0,0.007,186202.549057
1714713,IT,NL,VEGE1,HEALT,0.3,98681.099,5,5,98680.078,0.0,1.0,0.0,0.021,328936.996667
1770970,IT,CH,VEGET,CONST,0.35,98674.74,4,4,98674.736,0.0,0.0,0.0,0.004,281927.828571
1685645,IT,HU,KEROS,LANDT,0.15,98664.552,4,4,98664.544,0.0,0.0,0.0,0.008,657763.68
1710143,IT,LT,MACHI,WOODW,0.55,98649.732,4,4,98649.724,0.0,0.0,0.0,0.008,179363.149091
1654591,IT,CZ,RAILW,MOTO1,0.66,98646.744,5,5,98645.74,0.0,0.0,1.0,0.004,149464.763636
1799974,IT,WE,HEAVY,REFI1,0.16,98623.697,4,4,98623.689,0.0,0.0,0.0,0.008,616398.10625
1653783,IT,CZ,COPP1,SUPPO,0.25,98616.325,4,4,98616.32,0.0,0.0,0.0,0.005,394465.3
1729702,IT,SE,MACHI,CEREA,0.55,98615.785,4,4,98615.777,0.0,0.0,0.0,0.008,179301.427273
1752972,IT,CA,CHEM1,NATUR,0.21,98611.514,4,4,98611.503,0.0,0.0,0.0,0.011,469578.638095
1773202,IT,CH,FABRI,HEAVY,0.4,98604.156,4,4,98604.149,0.0,0.0,0.0,0.007,246510.39
1769680,IT,AU,FABRI,RENTI,0.4,98595.758,4,4,98595.751,0.0,0.0,0.0,0.007,246489.395
1677914,IT,FR,BUSIN,DISTR,1.01,98583.436,4,4,98583.429,0.0,0.0,0.0,0.007,97607.362376
1669080,IT,ES,SUPPO,CONST,0.71,98579.492,4,4,98579.487,0.0,0.0,0.0,0.005,138844.35493
1651274,IT,CY,DAIRY,POSTT,0.4,98570.251,5,5,98569.244,0.0,1.0,0.0,0.007,246425.6275
1725495,IT,RO,WEARI,PUBLI,0.74,98552.863,4,4,98552.844,0.0,0.0,0.0,0.019,133179.544595
1744017,IT,US,AIRTR,MEDIC,0.11,98536.836,4,4,98536.833,0.0,0.0,0.0,0.003,895789.418182
1789741,IT,WA,GLASS,TEXTI,0.27,98533.248,4,4,98533.242,0.0,0.0,0.0,0.006,364937.955556
1640963,IT,AT,WOODW,BASIC,0.28,98532.504,5,5,98531.497,0.0,1.0,0.0,0.007,351901.8
1809103,IT,WM,CROPS,KEROS,0.78,98531.849,4,4,98531.844,0.0,0.0,0.0,0.005,126322.883333
1672767,IT,FR,MEATC,RESEA,0.33,98530.621,5,5,98529.615,0.0,1.0,0.0,0.006,298577.639394
1679162,IT,GR,PAPER,PUBLI,0.38,98516.223,5,5,98515.213,0.0,1.0,0.0,0.01,259253.218421
1764039,IT,MX,NONF1,RUBBE,0.02,98511.937,3,3,98511.937,0.0,0.0,0.0,0.0,4925596.85
1786580,IT,ZA,FURNI,PUBLI,0.31,98509.795,4,4,98509.787,0.0,0.0,0.0,0.008,317773.532258
1711238,IT,LU,MACHI,COMPU,0.55,98501.794,4,4,98501.786,0.0,0.0,0.0,0.008,179094.170909
1766915,IT,RU,OFFIC,BUSIN,0.31,98499.242,4,4,98499.235,0.0,0.0,0.0,0.007,317739.490323
1734702,IT,SK,LEATH,KEROS,0.71,98496.208,5,5,98495.191,0.0,1.0,0.0,0.017,138727.053521
1653812,IT,CZ,NONF1,MOTO1,0.02,98493.151,3,3,98493.151,0.0,0.0,0.0,0.0,4924657.55
1666844,IT,ES,GLASS,VEGE1,0.27,98484.944,4,4,98484.938,0.0,0.0,0.0,0.006,364759.051852
1728519,IT,SE,WOODW,REALE,0.28,98482.34,5,5,98481.333,0.0,1.0,0.0,0.007,351722.642857
1686207,IT,HU,GLASS,FURNI,0.27,98467.479,4,4,98467.473,0.0,0.0,0.0,0.006,364694.366667
1809363,IT,WM,SANDC,HEALT,0.23,98464.085,5,5,98442.081,0.0,0.0,22.0,0.004,428104.717391
1676973,IT,FR,AIRTR,ELEC3,0.11,98453.15,4,4,98453.147,0.0,0.0,0.0,0.003,895028.636364
1772088,IT,CH,COKEO,CEREA,0.01,98440.695,3,3,98440.695,0.0,0.0,0.0,0.0,9844069.5
1647934,IT,BE,REALE,PUBLI,4.16,98416.529,4,4,98416.523,0.0,0.0,0.0,0.006,23657.819471
1732406,IT,SI,PLAST,TRANS,0.21,98403.916,4,4,98403.906,0.0,0.0,0.0,0.01,468590.07619
1781368,IT,NO,DAIRY,WHOLE,0.4,98383.077,5,5,98382.07,0.0,1.0,0.0,0.007,245957.6925
1748338,IT,CN,VEGET,BEVER,0.35,98376.127,4,4,98376.123,0.0,0.0,0.0,0.004,281074.648571
1689267,IT,IE,WHOLE,SECO9,0.85,98373.776,4,4,98373.77,0.0,0.0,0.0,0.006,115733.854118
1680283,IT,GR,FURNI,FURNI,0.31,98371.651,4,4,98371.643,0.0,0.0,0.0,0.008,317327.906452
1748487,IT,CN,STONE,STEAM,0.32,98365.202,5,5,98359.198,0.0,0.0,6.0,0.004,307391.25625
1665695,IT,ES,PAPER,VEGET,0.38,98362.204,5,5,98361.194,0.0,1.0,0.0,0.01,258847.905263
1723121,IT,PT,CHEM1,REALE,0.21,98357.492,4,4,98357.481,0.0,0.0,0.0,0.011,468369.009524
1746298,IT,JP,CHEM1,COMPU,0.21,98354.907,4,4,98354.896,0.0,0.0,0.0,0.011,468356.7
1755902,IT,KR,BASIC,PLAST,0.11,98354.78,4,4,98354.774,0.0,0.0,0.0,0.006,894134.363636
1659871,IT,DE,LANDT,POSTT,0.63,98353.407,4,4,98353.402,0.0,0.0,0.0,0.005,156116.519048
1722698,IT,PT,LEATH,BUSIN,0.7,98347.84,5,5,98346.823,0.0,1.0,0.0,0.017,140496.914286
1721019,IT,PL,HOTEL,BEVER,0.71,98347.079,4,4,98347.072,0.0,0.0,0.0,0.007,138517.012676
1751413,IT,CN,SEACO,AIRTR,0.1,98344.358,4,4,98344.356,0.0,0.0,0.0,0.002,983443.58
1640421,IT,AT,VEGE1,VEGE1,0.3,98331.039,5,5,98330.018,0.0,1.0,0.0,0.021,327770.13
1790992,IT,WA,MOTO1,OFFIC,0.52,98324.046,4,4,98324.04,0.0,0.0,0.0,0.006,189084.703846
1664481,IT,EE,MOTO1,PLAST,0.52,98323.198,4,4,98323.192,0.0,0.0,0.0,0.006,189083.073077
1799226,IT,WE,LEATH,MEAT1,0.7,98318.458,5,5,98317.441,0.0,1.0,0.0,0.017,140454.94
1810865,IT,WM,KEROS,TRAN2,0.15,98313.39,4,4,98313.382,0.0,0.0,0.0,0.008,655422.6
1665976,IT,ES,MOTOR,OFFIC,0.15,98306.7,4,4,98306.692,0.0,0.0,0.0,0.008,655378.0
1809516,IT,WM,MEAT4,CHEM1,0.54,98306.009,4,4,98306.002,0.0,0.0,0.0,0.007,182048.164815
1685773,IT,HU,PLAST,BIOGA,0.21,98304.427,4,4,98304.417,0.0,0.0,0.0,0.01,468116.319048
1776617,IT,TR,GASDI,NONME,0.15,98297.39,4,4,98297.382,0.0,0.0,0.0,0.008,655315.933333
1805382,IT,WF,RUBBE,NONF1,0.33,98285.14,4,4,98285.131,0.0,0.0,0.0,0.009,297833.757576
1754015,IT,CA,SEACO,FORES,0.1,98284.031,4,4,98284.029,0.0,0.0,0.0,0.002,982840.31
1764262,IT,MX,MACHI,ELEC4,0.55,98283.079,4,4,98283.071,0.0,0.0,0.0,0.008,178696.507273
1690059,IT,IE,RENTI,CHEM1,0.59,98268.752,4,4,98268.747,0.0,0.0,0.0,0.005,166557.20678
1660113,IT,DE,AIRTR,AUXIL,0.11,98261.737,4,4,98261.734,0.0,0.0,0.0,0.003,893288.518182
1780347,IT,TW,AIRTR,LIQUE,0.11,98260.423,4,4,98260.42,0.0,0.0,0.0,0.003,893276.572727
1744439,IT,US,AUXIL,MACHI,1.8,98259.786,4,4,98259.781,0.0,0.0,0.0,0.005,54588.77
1668883,IT,ES,SEACO,NONME,0.1,98255.71,4,4,98255.708,0.0,0.0,0.0,0.002,982557.1
1800416,IT,WE,ADDIT,MOTOR,0.23,98251.587,5,5,98250.579,0.0,1.0,0.0,0.008,427180.813043
1750010,IT,CN,NONME,PFERT,0.2,98250.827,4,4,98250.816,0.0,0.0,0.0,0.011,491254.135
1782615,IT,NO,FURNI,SUPPO,0.31,98243.429,4,4,98243.421,0.0,0.0,0.0,0.008,316914.287097
1650523,IT,BG,ELEC6,SUPPO,0.01,98231.613,4,4,98231.597,0.0,0.0,0.0,0.016,9823161.3
1658516,IT,DE,FABRI,RECRE,0.4,98231.128,4,4,98231.121,0.0,0.0,0.0,0.007,245577.82
1681576,IT,GR,BUSIN,REALE,1.01,98228.354,4,4,98228.347,0.0,0.0,0.0,0.007,97255.79604
1726618,IT,RO,MOTO1,CEMEN,0.52,98222.195,4,4,98222.189,0.0,0.0,0.0,0.006,188888.836538
1787922,IT,WA,BEVER,SEACO,0.42,98219.116,4,4,98219.11,0.0,0.0,0.0,0.006,233855.038095
1719159,IT,PL,PLAST,PREC1,0.21,98211.291,4,4,98211.281,0.0,0.0,0.0,0.01,467672.814286
1665343,IT,ES,FISH5,WHOLE,0.41,98211.271,4,4,98211.22,0.0,0.0,0.0,0.051,239539.685366
1730921,IT,SE,INTER,COPP1,0.59,98203.139,4,4,98203.133,0.0,0.0,0.0,0.006,166445.998305
1662265,IT,DK,CERAM,HOTEL,0.15,98180.058,5,5,98179.053,0.0,0.0,1.0,0.005,654533.72
1771974,IT,CH,PAPER,AIRTR,0.38,98170.637,5,5,98169.627,0.0,1.0,0.0,0.01,258343.781579
1647685,IT,BE,FINAN,BUSIN,1.28,98167.522,4,4,98167.519,0.0,0.0,0.0,0.003,76693.376562
1679974,IT,GR,FABRI,DISTR,0.4,98167.463,4,4,98167.456,0.0,0.0,0.0,0.007,245418.6575
1773764,IT,CH,ELEC2,PLAST,0.02,98160.224,4,4,98160.214,0.0,0.0,0.0,0.01,4908011.2
1674415,IT,FR,CHEM1,PLAS1,0.21,98149.502,4,4,98149.491,0.0,0.0,0.0,0.011,467378.580952
1641777,IT,AT,CHEM1,BITU1,0.21,98147.67,4,4,98147.659,0.0,0.0,0.0,0.011,467369.857143
1791361,IT,WA,SALEM,WHOLE,0.79,98147.262,4,4,98147.256,0.0,0.0,0.0,0.006,124237.040506
1766214,IT,RU,GLASS,FABRI,0.27,98146.484,4,4,98146.478,0.0,0.0,0.0,0.006,363505.496296
1787343,IT,WA,CROPS,HOTEL,0.78,98143.519,4,4,98143.514,0.0,0.0,0.0,0.005,125825.024359
1645211,IT,BE,COKEO,FABRI,0.01,98137.538,3,3,98137.538,0.0,0.0,0.0,0.0,9813753.8
1711728,IT,LU,BUSIN,CONST,1.01,98130.536,4,4,98130.529,0.0,0.0,0.0,0.007,97158.946535
1809366,IT,WM,CHEMI,PADDY,0.23,98129.12,5,5,98124.111,0.0,0.0,5.0,0.009,426648.347826
1640928,IT,AT,WOODW,VEGET,0.27,98122.365,5,5,98121.358,0.0,1.0,0.0,0.007,363416.166667
1804290,IT,WF,MOTOR,PAPER,0.15,98117.291,4,4,98117.283,0.0,0.0,0.0,0.008,654115.273333
1802472,IT,WE,SUPPO,RETA1,0.71,98108.703,4,4,98108.698,0.0,0.0,0.0,0.005,138181.271831
1743998,IT,US,AIRTR,BIOGA,0.11,98108.215,4,4,98108.212,0.0,0.0,0.0,0.003,891892.863636
1653663,IT,CZ,ALUM1,DISTR,0.17,98100.27,4,4,98100.262,0.0,0.0,0.0,0.008,577060.411765
1803317,IT,WF,STONE,SUGA1,0.32,98093.587,5,5,98088.583,0.0,0.0,5.0,0.004,306542.459375
1798337,IT,WE,CROPS,HEALT,0.78,98087.471,4,4,98087.466,0.0,0.0,0.0,0.005,125753.167949
1727662,IT,RO,RENTI,CONST,0.59,98078.663,4,4,98078.658,0.0,0.0,0.0,0.005,166235.022034
1653139,IT,CZ,CHEM1,FOUND,0.2,98070.714,4,4,98070.703,0.0,0.0,0.0,0.011,490353.57
1675025,IT,FR,PREC1,PAPE4,0.17,98067.74,4,4,98067.735,0.0,0.0,0.0,0.005,576869.058824
1808347,IT,WF,FOOD3,HOTEL,0.28,98062.181,4,4,98062.176,0.0,0.0,0.0,0.005,350222.075
1790522,IT,WA,COPP1,PUBLI,0.25,98059.126,4,4,98059.121,0.0,0.0,0.0,0.005,392236.504
1777967,IT,TR,MACHI,TRAN1,0.55,98050.683,4,4,98050.675,0.0,0.0,0.0,0.008,178273.969091
1766256,IT,RU,CERAM,WOODW,0.15,98043.283,5,5,98042.278,0.0,0.0,1.0,0.005,653621.886667
1757291,IT,BR,FOOD5,MEATC,0.47,98035.231,4,4,98035.222,0.0,0.0,0.0,0.009,208585.597872
1721082,IT,PL,HOTEL,POSTT,0.71,98029.499,4,4,98029.492,0.0,0.0,0.0,0.007,138069.716901
1796147,IT,WL,TRANS,MEMBE,0.59,98027.869,4,4,98027.864,0.0,0.0,0.0,0.005,166148.930508
1778790,IT,TR,LANDT,CEMEN,0.63,98024.397,4,4,98024.392,0.0,0.0,0.0,0.005,155594.280952
1721710,IT,PL,FINAN,REALE,1.28,98023.483,4,4,98023.48,0.0,0.0,0.0,0.003,76580.846094
1757567,IT,BR,GASDI,CROPS,0.15,98018.007,4,4,98017.999,0.0,0.0,0.0,0.008,653453.38
1740298,IT,GB,PUBLI,LEATH,1.61,98009.962,4,4,98009.955,0.0,0.0,0.0,0.007,60875.752795
1672047,IT,FI,AIRTR,HOTEL,0.11,97987.017,4,4,97987.014,0.0,0.0,0.0,0.003,890791.063636
1794600,IT,WL,HEAVY,SALEM,0.16,97964.374,4,4,97964.366,0.0,0.0,0.0,0.008,612277.3375
1781665,IT,NO,LEATH,WHOLE,0.7,97957.401,5,5,97956.384,0.0,1.0,0.0,0.017,139939.144286
1788763,IT,WA,MOTOR,BUSIN,0.15,97951.457,4,4,97951.449,0.0,0.0,0.0,0.008,653009.713333
1662687,IT,DK,MACHI,WHOLE,0.55,97949.978,4,4,97949.97,0.0,0.0,0.0,0.008,178090.869091
1782508,IT,NO,OFFIC,CRUDE,0.3,97949.44,4,4,97949.433,0.0,0.0,0.0,0.007,326498.133333
1657033,IT,DE,NAPHT,93197,0.17,97944.908,4,4,97944.901,0.0,0.0,0.0,0.007,576146.517647
1658991,IT,DE,ELEC1,93197,0.01,97941.497,4,4,97941.491,0.0,0.0,0.0,0.006,9794149.7
1789977,IT,WA,NONME,CHEMI,0.2,97939.613,4,4,97939.602,0.0,0.0,0.0,0.011,489698.065
1741136,IT,US,WEARI,RESEA,0.74,97936.426,4,4,97936.407,0.0,0.0,0.0,0.019,132346.521622
1729565,IT,SE,COPP1,FURNI,0.25,97929.875,4,4,97929.87,0.0,0.0,0.0,0.005,391719.5
1658883,IT,DE,TRANS,LANDT,0.58,97924.346,4,4,97924.341,0.0,0.0,0.0,0.005,168835.07931
1735332,IT,SK,CERAM,HOTEL,0.15,97922.4,5,5,97921.395,0.0,0.0,1.0,0.005,652816.0
1769733,IT,AU,MACHI,MEAT4,0.55,97921.697,4,4,97921.689,0.0,0.0,0.0,0.008,178039.449091
1772844,IT,CH,BASIC,TOBAC,0.11,97914.863,4,4,97914.857,0.0,0.0,0.0,0.006,890135.118182
1723180,IT,PT,RUBBE,PRINT,0.32,97907.048,4,4,97907.039,0.0,0.0,0.0,0.009,305959.525
1790177,IT,WA,BASIC,MEMBE,0.11,97904.583,4,4,97904.577,0.0,0.0,0.0,0.006,890041.663636
1763340,IT,MX,PAPER,RECRE,0.38,97903.998,5,5,97902.988,0.0,1.0,0.0,0.01,257642.1
1807183,IT,WF,AIRTR,ELEC2,0.11,97898.45,4,4,97898.447,0.0,0.0,0.0,0.003,889985.909091
1672059,IT,FI,AIRTR,COMPU,0.11,97895.804,4,4,97895.801,0.0,0.0,0.0,0.003,889961.854545
1754523,IT,CA,BUSIN,TRANS,1.01,97893.01,4,4,97893.003,0.0,0.0,0.0,0.007,96923.772277
1814565,IT,WM,BUSIN,HEAVY,1.01,97890.347,4,4,97890.34,0.0,0.0,0.0,0.007,96921.135644
1655999,IT,DE,FOOD5,MOTO1,0.47,97888.109,4,4,97888.1,0.0,0.0,0.0,0.009,208272.57234
1799844,IT,WE,GASDI,PAPER,0.15,97882.546,4,4,97882.538,0.0,0.0,0.0,0.008,652550.306667
1763907,IT,MX,BASIC,SUGA1,0.11,97880.947,4,4,97880.941,0.0,0.0,0.0,0.006,889826.790909
1777439,IT,TR,NONME,ELECT,0.2,97879.24,4,4,97879.229,0.0,0.0,0.0,0.011,489396.2
1656828,IT,DE,GASDI,POSTT,0.15,97877.545,4,4,97877.537,0.0,0.0,0.0,0.008,652516.966667
1798451,IT,WE,NATUR,CERAM,0.14,97875.47,4,4,97875.464,0.0,0.0,0.0,0.006,699110.5
1786509,IT,ZA,TRANS,CHEMI,0.58,97874.251,4,4,97874.246,0.0,0.0,0.0,0.005,168748.708621
1760904,IT,IN,GASDI,BUSIN,0.15,97853.805,4,4,97853.797,0.0,0.0,0.0,0.008,652358.7
1689136,IT,IE,SALEM,FABRI,0.79,97850.521,4,4,97850.515,0.0,0.0,0.0,0.006,123861.418987
1786920,IT,ZA,AIRTR,WHOLE,0.11,97845.483,4,4,97845.48,0.0,0.0,0.0,0.003,889504.390909
1645390,IT,BE,HEAVY,RADIO,0.16,97835.21,4,4,97835.202,0.0,0.0,0.0,0.008,611470.0625
1786818,IT,ZA,HOTEL,SALEM,0.71,97828.411,4,4,97828.404,0.0,0.0,0.0,0.007,137786.494366
1799586,IT,WE,MOTOR,PADDY,0.15,97824.301,4,4,97824.293,0.0,0.0,0.0,0.008,652162.006667
1709811,IT,LT,RUBBE,RADIO,0.32,97812.341,4,4,97812.332,0.0,0.0,0.0,0.009,305663.565625
1738237,IT,GB,CEMEN,FABRI,0.16,97808.179,5,5,97807.175,0.0,0.0,1.0,0.004,611301.11875
1645028,IT,BE,PAPER,CROPS,0.38,97806.093,5,5,97805.083,0.0,1.0,0.0,0.01,257384.455263
1688564,IT,IE,PRINT,PRINT,0.94,97802.838,4,4,97802.831,0.0,0.0,0.0,0.007,104045.57234
1807186,IT,WF,AIRTR,TRAN1,0.11,97799.07,4,4,97799.067,0.0,0.0,0.0,0.003,889082.454545
1665804,IT,ES,PAPER,FOOD4,0.38,97794.231,5,5,97793.221,0.0,1.0,0.0,0.01,257353.239474
1791587,IT,WA,RETA1,EDUCA,1.02,97789.252,4,4,97789.246,0.0,0.0,0.0,0.006,95871.815686
1649135,IT,BG,PAPER,POSTT,0.38,97784.702,5,5,97783.692,0.0,1.0,0.0,0.01,257328.163158
1773253,IT,CH,FABRI,INSUR,0.4,97777.982,4,4,97777.975,0.0,0.0,0.0,0.007,244444.955
1722813,IT,PT,PAPER,RETA1,0.38,97777.521,5,5,97776.511,0.0,1.0,0.0,0.01,257309.265789
1676271,IT,FR,SALEM,AUXIL,0.79,97772.198,4,4,97772.192,0.0,0.0,0.0,0.006,123762.275949
1783675,IT,NO,WASTE,WHOLE,0.31,97769.005,4,4,97769.0,0.0,0.0,0.0,0.005,315383.887097
1723357,IT,PT,NONME,RENTI,0.2,97757.091,4,4,97757.08,0.0,0.0,0.0,0.011,488785.455
1757619,IT,BR,GASDI,SUPPO,0.15,97740.798,4,4,97740.79,0.0,0.0,0.0,0.008,651605.32
1751614,IT,CN,POSTT,FINAN,1.61,97734.732,4,4,97734.725,0.0,0.0,0.0,0.007,60704.802484
1773149,IT,CH,COPP1,RESEA,0.25,97718.641,4,4,97718.636,0.0,0.0,0.0,0.005,390874.564
1747035,IT,JP,TRANS,RENTI,0.58,97715.532,4,4,97715.527,0.0,0.0,0.0,0.005,168475.055172
1749743,IT,CN,ADDIT,COALT,0.23,97713.483,5,5,97712.475,0.0,1.0,0.0,0.008,424841.230435
1641486,IT,AT,GASDI,93197,0.15,97713.48,4,4,97713.472,0.0,0.0,0.0,0.008,651423.2
1645102,IT,BE,PAPER,FINAN,0.38,97703.667,5,5,97702.657,0.0,1.0,0.0,0.01,257114.913158
1772852,IT,CH,BASIC,GASDI,0.11,97702.063,4,4,97702.057,0.0,0.0,0.0,0.006,888200.572727
1789893,IT,WA,BRICK,CONST,0.15,97683.012,5,5,97682.006,0.0,0.0,1.0,0.006,651220.08
1807987,IT,WF,PLAS1,INSUR,0.35,97679.3,4,4,97679.293,0.0,0.0,0.0,0.007,279083.714286
1766864,IT,RU,MACHI,93197,0.54,97664.702,4,4,97664.694,0.0,0.0,0.0,0.008,180860.559259
1811846,IT,WM,RUBBE,SANDC,0.32,97663.712,4,4,97663.703,0.0,0.0,0.0,0.009,305199.1
1767536,IT,RU,AIRTR,BASIC,0.11,97663.503,4,4,97663.5,0.0,0.0,0.0,0.003,887850.027273
1811277,IT,WM,BITU1,PAPER,0.15,97660.851,4,4,97660.843,0.0,0.0,0.0,0.008,651072.34
1650864,IT,BG,LANDT,RETA1,0.63,97655.587,4,4,97655.582,0.0,0.0,0.0,0.005,155008.868254
1685163,IT,HU,BEVER,BEVER,0.42,97655.1,4,4,97655.094,0.0,0.0,0.0,0.006,232512.142857
1669753,IT,ES,BUSIN,WOODW,1.0,97646.115,4,4,97646.108,0.0,0.0,0.0,0.007,97646.115
1666122,IT,ES,GASDI,NONME,0.15,97634.497,4,4,97634.489,0.0,0.0,0.0,0.008,650896.646667
1646572,IT,BE,OFFIC,RENTI,0.3,97626.083,4,4,97626.076,0.0,0.0,0.0,0.007,325420.276667
1658259,IT,DE,COPP1,HEAVY,0.25,97622.071,4,4,97622.066,0.0,0.0,0.0,0.005,390488.284
1758907,IT,BR,HOTEL,REALE,0.71,97619.269,4,4,97619.262,0.0,0.0,0.0,0.007,137491.928169
1792774,IT,WA,BUSIN,SUPPO,1.0,97613.125,4,4,97613.118,0.0,0.0,0.0,0.007,97613.125
1685896,IT,HU,CHEM1,SECO9,0.2,97611.236,4,4,97611.225,0.0,0.0,0.0,0.011,488056.18
1750542,IT,CN,MACHI,INLAN,0.54,97606.029,4,4,97606.021,0.0,0.0,0.0,0.008,180751.905556
1790759,IT,WA,MACHI,NONFE,0.54,97600.713,4,4,97600.705,0.0,0.0,0.0,0.008,180742.061111
1679372,IT,GR,PLAST,MACHI,0.2,97600.273,4,4,97600.263,0.0,0.0,0.0,0.01,488001.365
1665204,IT,ES,FOOD5,PLAST,0.47,97587.957,4,4,97587.948,0.0,0.0,0.0,0.009,207633.951064
1768659,IT,AU,TEXTI,LEATH,0.58,97582.171,4,4,97582.158,0.0,0.0,0.0,0.013,168245.122414
1662996,IT,DK,HOTEL,PULP5,0.71,97581.503,4,4,97581.496,0.0,0.0,0.0,0.007,137438.73662
1783392,IT,NO,PLAS1,FOOD2,0.35,97569.753,4,4,97569.746,0.0,0.0,0.0,0.007,278770.722857
1668067,IT,ES,FURNI,RENTI,0.31,97564.991,4,4,97564.983,0.0,0.0,0.0,0.008,314725.777419
1773493,IT,CH,MOTO1,CROPS,0.52,97563.875,4,4,97563.869,0.0,0.0,0.0,0.006,187622.836538
1791925,IT,WA,SEACO,FISHF,0.1,97553.666,4,4,97553.664,0.0,0.0,0.0,0.002,975536.66
1649908,IT,BG,FABRI,BEVER,0.4,97553.105,4,4,97553.098,0.0,0.0,0.0,0.007,243882.7625
1643695,IT,AT,SUPPO,KEROS,0.7,97550.443,4,4,97550.438,0.0,0.0,0.0,0.005,139357.775714
1735530,IT,SK,ALUM1,BEVER,0.17,97545.029,4,4,97545.021,0.0,0.0,0.0,0.008,573794.288235
1758273,IT,BR,ALUM1,WOODW,0.17,97543.118,4,4,97543.11,0.0,0.0,0.0,0.008,573783.047059
1723191,IT,PT,RUBBE,NONME,0.32,97540.465,4,4,97540.456,0.0,0.0,0.0,0.009,304813.953125
1689540,IT,IE,SEACO,TRANS,0.1,97535.841,4,4,97535.839,0.0,0.0,0.0,0.002,975358.41
1795775,IT,WL,MACHI,NAPHT,0.54,97529.49,4,4,97529.482,0.0,0.0,0.0,0.008,180610.166667
1790280,IT,WA,ALUM1,ANTHR,0.17,97528.167,4,4,97528.159,0.0,0.0,0.0,0.008,573695.1
1727235,IT,RO,SUPPO,CEMEN,0.7,97527.256,4,4,97527.251,0.0,0.0,0.0,0.005,139324.651429
1748829,IT,CN,TEXTI,CONST,0.58,97523.243,4,4,97523.23,0.0,0.0,0.0,0.013,168143.522414
1719154,IT,PL,PLAST,CERAM,0.2,97517.978,4,4,97517.968,0.0,0.0,0.0,0.01,487589.89
1797176,IT,WL,POSTT,FINAN,1.61,97516.282,4,4,97516.275,0.0,0.0,0.0,0.007,60569.119255
1782533,IT,NO,OFFIC,AIRTR,0.3,97515.089,4,4,97515.082,0.0,0.0,0.0,0.007,325050.296667
1751882,IT,CN,COMPU,WEARI,1.11,97511.984,4,4,97511.978,0.0,0.0,0.0,0.006,87848.634234
1670256,IT,FI,VEGET,VEGET,0.35,97509.367,4,4,97509.363,0.0,0.0,0.0,0.004,278598.191429
1747152,IT,JP,CONST,CHEM1,0.55,97505.026,4,4,97505.021,0.0,0.0,0.0,0.005,177281.865455
1746328,IT,JP,ADDIT,NAPHT,0.23,97503.843,5,5,97502.835,0.0,1.0,0.0,0.008,423929.752174
1718931,IT,PL,PRINT,OFFIC,0.94,97502.911,4,4,97502.904,0.0,0.0,0.0,0.007,103726.501064
1664121,IT,EE,RUBBE,WOODW,0.32,97496.123,4,4,97496.114,0.0,0.0,0.0,0.009,304675.384375
1748082,IT,JP,BUSIN,RAILW,1.0,97493.674,4,4,97493.667,0.0,0.0,0.0,0.007,97493.674
1768660,IT,AU,TEXTI,WOODW,0.58,97491.93,4,4,97491.917,0.0,0.0,0.0,0.013,168089.534483
1670758,IT,FI,PAPER,COMPU,0.38,97487.197,5,5,97486.187,0.0,1.0,0.0,0.01,256545.255263
1805494,IT,WF,CERAM,COPPE,0.15,97483.455,5,5,97482.45,0.0,0.0,1.0,0.005,649889.7
1775922,IT,TR,FOOD5,BEVER,0.47,97482.7,4,4,97482.691,0.0,0.0,0.0,0.009,207410.0
1719610,IT,PL,CERAM,MACHI,0.15,97482.59,5,5,97481.585,0.0,0.0,1.0,0.005,649883.933333
1801745,IT,WE,ELEC2,MOTOR,0.02,97472.549,4,4,97472.539,0.0,0.0,0.0,0.01,4873627.45
1754541,IT,CA,BUSIN,LANDT,1.0,97472.039,4,4,97472.032,0.0,0.0,0.0,0.007,97472.039
1766992,IT,RU,MOTO1,BUSIN,0.52,97471.505,4,4,97471.499,0.0,0.0,0.0,0.006,187445.201923
1783685,IT,NO,WASTE,PAPE1,0.31,97465.061,4,4,97465.056,0.0,0.0,0.0,0.005,314403.422581
1656544,IT,DE,PAPER,FINAN,0.38,97462.263,5,5,97461.253,0.0,1.0,0.0,0.01,256479.639474
1687552,IT,HU,LANDT,ELEC3,0.63,97458.896,4,4,97458.891,0.0,0.0,0.0,0.005,154696.660317
1668175,IT,ES,SALEM,SUPPO,0.79,97453.143,4,4,97453.137,0.0,0.0,0.0,0.006,123358.408861
1759666,IT,BR,RESEA,RETA1,0.53,97451.145,4,4,97451.138,0.0,0.0,0.0,0.007,183870.084906
1710276,IT,LT,MOTO1,SUPPO,0.52,97450.715,4,4,97450.709,0.0,0.0,0.0,0.006,187405.221154
1769669,IT,AU,FABRI,RETA1,0.4,97448.106,4,4,97448.099,0.0,0.0,0.0,0.007,243620.265
1679581,IT,GR,RUBBE,RADIO,0.32,97444.04,4,4,97444.031,0.0,0.0,0.0,0.009,304512.625
1764739,IT,MX,HOTEL,ELEC2,0.71,97441.855,4,4,97441.848,0.0,0.0,0.0,0.007,137242.049296
1747077,IT,JP,FURNI,RADIO,0.31,97440.168,4,4,97440.16,0.0,0.0,0.0,0.008,314323.122581
1776141,IT,TR,LEATH,LEAD1,0.7,97440.089,5,5,97439.072,0.0,1.0,0.0,0.017,139200.127143
1777935,IT,TR,MACHI,PFERT,0.54,97425.646,4,4,97425.638,0.0,0.0,0.0,0.008,180417.862963
1673795,IT,FR,PAPER,WOOD2,0.38,97424.261,5,5,97423.251,0.0,1.0,0.0,0.01,256379.634211
1674690,IT,FR,GLASS,ELECT,0.27,97423.273,4,4,97423.267,0.0,0.0,0.0,0.006,360826.937037
1758446,IT,BR,FABRI,HEALT,0.4,97419.182,4,4,97419.175,0.0,0.0,0.0,0.007,243547.955
1642356,IT,AT,BASIC,STEAM,0.11,97416.381,4,4,97416.375,0.0,0.0,0.0,0.006,885603.463636
1751122,IT,CN,RETA1,CONST,1.02,97398.847,4,4,97398.841,0.0,0.0,0.0,0.006,95489.065686
1721046,IT,PL,HOTEL,CEMEN,0.71,97390.49,4,4,97390.483,0.0,0.0,0.0,0.007,137169.704225
1804384,IT,WF,KEROS,LEAD1,0.14,97383.107,4,4,97383.099,0.0,0.0,0.0,0.008,695593.621429
1719963,IT,PL,PREC1,INTER,0.17,97376.081,4,4,97376.077,0.0,0.0,0.0,0.004,572800.476471
1665543,IT,ES,WEARI,RECRE,0.73,97372.852,4,4,97372.833,0.0,0.0,0.0,0.019,133387.468493
1675396,IT,FR,MACHI,NONF1,0.54,97371.756,4,4,97371.748,0.0,0.0,0.0,0.008,180318.066667
1772077,IT,CH,PRINT,RENTI,0.93,97366.148,4,4,97366.141,0.0,0.0,0.0,0.007,104694.782796
1790949,IT,WA,OFFIC,PRIVA,0.3,97362.662,4,4,97362.655,0.0,0.0,0.0,0.007,324542.206667
1669177,IT,ES,POSTT,MACHI,1.6,97360.89,4,4,97360.883,0.0,0.0,0.0,0.007,60850.55625
1802444,IT,WE,AIRTR,EDUCA,0.11,97359.189,4,4,97359.186,0.0,0.0,0.0,0.003,885083.536364
1780992,IT,TW,BUSIN,ALUM1,1.0,97356.091,4,4,97356.084,0.0,0.0,0.0,0.007,97356.091
1673366,IT,FR,TEXTI,OILHA,0.58,97354.787,4,4,97354.774,0.0,0.0,0.0,0.013,167853.081034
1785165,IT,ZA,FOOD5,SUGA1,0.47,97351.067,4,4,97351.058,0.0,0.0,0.0,0.009,207129.929787
1710937,IT,LU,PLAST,EDUCA,0.2,97347.208,4,4,97347.198,0.0,0.0,0.0,0.01,486736.04
1742094,IT,US,RUBBE,NONME,0.32,97344.351,4,4,97344.342,0.0,0.0,0.0,0.009,304201.096875
1688144,IT,HU,BUSIN,BASIC,1.0,97343.984,4,4,97343.977,0.0,0.0,0.0,0.007,97343.984
1659777,IT,DE,LANDT,MEATC,0.63,97342.421,4,4,97342.416,0.0,0.0,0.0,0.005,154511.779365
1667803,IT,ES,OFFIC,RADIO,0.3,97341.267,4,4,97341.26,0.0,0.0,0.0,0.007,324470.89
1682242,IT,HR,WEARI,RECRE,0.73,97341.224,4,4,97341.206,0.0,0.0,0.0,0.018,133344.142466
1790560,IT,WA,NONF1,CEMEN,0.02,97339.603,3,3,97339.603,0.0,0.0,0.0,0.0,4866980.15
1739332,IT,GB,HOTEL,MEMBE,0.71,97334.176,4,4,97334.169,0.0,0.0,0.0,0.007,137090.388732
1771623,IT,CH,WEARI,POULT,0.73,97334.096,4,4,97334.078,0.0,0.0,0.0,0.018,133334.378082
1738000,IT,GB,CHEM1,MEMBE,0.2,97328.959,4,4,97328.948,0.0,0.0,0.0,0.011,486644.795
1675318,IT,FR,FABRI,FOOD3,0.4,97325.144,4,4,97325.137,0.0,0.0,0.0,0.007,243312.86
1655474,IT,DE,FISHF,RETA1,0.17,97312.348,4,4,97312.345,0.0,0.0,0.0,0.003,572425.576471
1811809,IT,WM,ADDIT,MEMBE,0.23,97311.592,5,5,97310.584,0.0,1.0,0.0,0.008,423093.878261
1736887,IT,SK,BUSIN,CONST,1.0,97310.953,4,4,97310.946,0.0,0.0,0.0,0.007,97310.953
1656876,IT,DE,HEAVY,CEMEN,0.16,97310.61,4,4,97310.602,0.0,0.0,0.0,0.008,608191.3125
1767263,IT,RU,HOTEL,LIQUE,0.71,97307.598,4,4,97307.591,0.0,0.0,0.0,0.007,137052.95493
1715658,IT,NL,NAPHT,BUSIN,0.17,97306.375,4,4,97306.368,0.0,0.0,0.0,0.007,572390.441176
1713352,IT,MT,GASDI,RETA1,0.14,97305.193,4,4,97305.185,0.0,0.0,0.0,0.008,695037.092857
1645497,IT,BE,PLAST,PAPER,0.2,97303.695,4,4,97303.685,0.0,0.0,0.0,0.01,486518.475
1651447,IT,CY,GASDI,SALEM,0.14,97293.861,4,4,97293.853,0.0,0.0,0.0,0.008,694956.15
1659268,IT,DE,SALEM,WHOLE,0.79,97287.0,4,4,97286.994,0.0,0.0,0.0,0.006,123148.101266
1764761,IT,MX,HOTEL,POSTT,0.71,97286.564,4,4,97286.557,0.0,0.0,0.0,0.007,137023.329577
1684089,IT,HR,HOTEL,SUPPO,0.71,97285.725,4,4,97285.718,0.0,0.0,0.0,0.007,137022.147887
1807587,IT,WF,COMPU,POSTT,1.11,97281.205,4,4,97281.199,0.0,0.0,0.0,0.006,87640.725225
1763049,IT,MX,TEXTI,CHEM1,0.58,97280.226,4,4,97280.213,0.0,0.0,0.0,0.013,167724.527586
1792557,IT,WA,RENTI,LEAD1,0.58,97278.912,4,4,97278.907,0.0,0.0,0.0,0.005,167722.262069
1736394,IT,SK,LANDT,PULP5,0.63,97278.295,4,4,97278.29,0.0,0.0,0.0,0.005,154409.992063
1784591,IT,ID,MACHI,PLAST,0.54,97265.22,4,4,97265.212,0.0,0.0,0.0,0.008,180120.777778
1785710,IT,ZA,NAPHT,ALUM1,0.17,97258.664,4,4,97258.657,0.0,0.0,0.0,0.007,572109.788235
1673368,IT,FR,TEXTI,SEWAG,0.58,97255.771,4,4,97255.758,0.0,0.0,0.0,0.013,167682.363793
1664700,IT,EE,AIRTR,AIRTR,0.11,97255.708,4,4,97255.705,0.0,0.0,0.0,0.003,884142.8
1713406,IT,MT,BITU1,ELEC8,0.15,97255.259,4,4,97255.251,0.0,0.0,0.0,0.008,648368.393333
1743672,IT,US,HOTEL,TEXT1,0.7,97250.428,4,4,97250.421,0.0,0.0,0.0,0.007,138929.182857
1764271,IT,MX,MACHI,DIST1,0.54,97250.018,4,4,97250.01,0.0,0.0,0.0,0.008,180092.625926
1655643,IT,DE,CHEMI,WOOLS,0.23,97245.644,5,5,97240.635,0.0,0.0,5.0,0.009,422807.147826
1645450,IT,BE,NAPHT,BEVER,0.17,97242.284,4,4,97242.277,0.0,0.0,0.0,0.007,572013.435294
1675048,IT,FR,ALUM1,KEROS,0.17,97240.942,4,4,97240.934,0.0,0.0,0.0,0.008,572005.541176
1768963,IT,AU,PAPER,FABRI,0.38,97236.357,5,5,97235.347,0.0,1.0,0.0,0.01,255885.15
1651513,IT,CY,PLAST,RUBBE,0.2,97234.382,4,4,97234.372,0.0,0.0,0.0,0.01,486171.91
1755308,IT,KR,PAPER,INSUR,0.38,97232.539,5,5,97231.529,0.0,1.0,0.0,0.01,255875.102632
1802980,IT,WF,WHEAT,PLAST,0.07,97228.329,5,5,97227.327,0.0,1.0,0.0,0.002,1388976.128571
1812013,IT,WM,GLASS,LANDT,0.27,97215.314,4,4,97215.308,0.0,0.0,0.0,0.006,360056.718519
1813076,IT,WM,OFFIC,INSUR,0.3,97214.05,4,4,97214.043,0.0,0.0,0.0,0.007,324046.833333
1781029,IT,TW,BUSIN,COMPU,1.0,97212.402,4,4,97212.395,0.0,0.0,0.0,0.007,97212.402
1739712,IT,GB,SUPPO,FURNI,0.7,97205.565,4,4,97205.56,0.0,0.0,0.0,0.005,138865.092857
1642021,IT,AT,RUBBE,FINAN,0.32,97190.997,4,4,97190.988,0.0,0.0,0.0,0.009,303721.865625
1765992,IT,RU,CHEM1,BITU1,0.2,97187.255,4,4,97187.244,0.0,0.0,0.0,0.011,485936.275
1812781,IT,WM,FABRI,CATTL,0.4,97179.967,4,4,97179.96,0.0,0.0,0.0,0.007,242949.9175
1641781,IT,AT,CHEM1,PFERT,0.2,97176.84,4,4,97176.829,0.0,0.0,0.0,0.011,485884.2
1780478,IT,TW,POSTT,GASDI,1.6,97174.587,4,4,97174.58,0.0,0.0,0.0,0.007,60734.116875
1763753,IT,MX,GLASS,PREC1,0.27,97168.413,4,4,97168.407,0.0,0.0,0.0,0.006,359883.011111
1675640,IT,FR,MOTO1,FOOD2,0.52,97161.646,4,4,97161.64,0.0,0.0,0.0,0.006,186849.319231
1799054,IT,WE,TEXTI,SALEM,0.58,97154.531,4,4,97154.518,0.0,0.0,0.0,0.013,167507.812069
1725250,IT,RO,FOOD5,WHOLE,0.47,97152.75,4,4,97152.741,0.0,0.0,0.0,0.009,206707.978723
1709423,IT,LT,FISH5,HEALT,0.41,97130.375,4,4,97130.325,0.0,0.0,0.0,0.05,236903.353659
1779898,IT,TW,CONST,IRONO,0.54,97122.66,4,4,97122.655,0.0,0.0,0.0,0.005,179856.777778
1723348,IT,PT,NONME,MOTO1,0.2,97121.406,4,4,97121.395,0.0,0.0,0.0,0.011,485607.03
1774459,IT,CH,LANDT,DAIRY,0.63,97121.041,4,4,97121.036,0.0,0.0,0.0,0.005,154160.38254
1671940,IT,FI,LANDT,PAPER,0.63,97111.135,4,4,97111.13,0.0,0.0,0.0,0.005,154144.65873
1773692,IT,CH,FURNI,TRAN1,0.31,97110.673,4,4,97110.665,0.0,0.0,0.0,0.008,313260.235484
1802305,IT,WE,LANDT,HEALT,0.63,97102.4,4,4,97102.395,0.0,0.0,0.0,0.005,154130.793651
1759588,IT,BR,COMPU,WHOLE,1.11,97100.886,4,4,97100.88,0.0,0.0,0.0,0.006,87478.275676
1645684,IT,BE,CHEM1,FOOD4,0.2,97087.458,4,4,97087.447,0.0,0.0,0.0,0.011,485437.29
1646394,IT,BE,FABRI,LANDT,0.4,97065.353,4,4,97065.346,0.0,0.0,0.0,0.007,242663.3825
1677866,IT,FR,BUSIN,PAPER,1.0,97065.084,4,4,97065.077,0.0,0.0,0.0,0.007,97065.084
1650497,IT,BG,ELEC6,TOBAC,0.01,97050.476,4,4,97050.46,0.0,0.0,0.0,0.016,9705047.6
1791080,IT,WA,TRANS,PLAST,0.58,97045.474,4,4,97045.469,0.0,0.0,0.0,0.005,167319.782759
1808308,IT,WF,FOOD2,EDUCA,0.56,97045.179,4,4,97045.173,0.0,0.0,0.0,0.006,173294.9625
1717644,IT,NL,BUSIN,WOODW,1.0,97039.428,4,4,97039.421,0.0,0.0,0.0,0.007,97039.428
1778102,IT,TR,MOTO1,RADIO,0.52,97036.85,4,4,97036.844,0.0,0.0,0.0,0.006,186609.326923
1645722,IT,BE,RUBBE,MEAT1,0.32,97028.249,4,4,97028.24,0.0,0.0,0.0,0.009,303213.278125
1730848,IT,SE,BUSIN,MEMBE,1.0,97026.482,4,4,97026.475,0.0,0.0,0.0,0.007,97026.482
1642022,IT,AT,RUBBE,INSUR,0.32,97025.708,4,4,97025.699,0.0,0.0,0.0,0.009,303205.3375
1774315,IT,CH,HOTEL,GASDI,0.7,97025.113,4,4,97025.106,0.0,0.0,0.0,0.007,138607.304286
1766322,IT,RU,NONME,NONME,0.2,97002.884,4,4,97002.873,0.0,0.0,0.0,0.011,485014.42
1777460,IT,TR,BASIC,NATUR,0.11,97000.293,4,4,97000.287,0.0,0.0,0.0,0.006,881820.845455
1665837,IT,ES,PRINT,CHEM1,0.93,96993.361,4,4,96993.354,0.0,0.0,0.0,0.007,104293.936559
1810059,IT,WM,TEXTI,NONME,0.57,96993.077,4,4,96993.064,0.0,0.0,0.0,0.013,170163.292982
1648152,IT,BE,BUSIN,MEATC,1.0,96988.054,4,4,96988.047,0.0,0.0,0.0,0.007,96988.054
1803564,IT,WF,DAIRY,WHOLE,0.39,96986.809,5,5,96985.802,0.0,1.0,0.0,0.007,248684.125641
1803340,IT,WF,SANDC,IRONO,0.22,96983.812,5,5,96962.809,0.0,0.0,21.0,0.003,440835.509091
1801482,IT,WE,MOTO1,GLASS,0.52,96966.513,4,4,96966.507,0.0,0.0,0.0,0.006,186474.063462
1740728,IT,US,CHEMI,RECRE,0.23,96966.04,5,5,96961.031,0.0,0.0,5.0,0.009,421591.478261
1803823,IT,WF,TEXTI,NONME,0.57,96963.169,4,4,96963.156,0.0,0.0,0.0,0.013,170110.822807
1788045,IT,WA,TEXTI,RADIO,0.57,96960.17,4,4,96960.157,0.0,0.0,0.0,0.013,170105.561404
1725664,IT,RO,PAPER,LEATH,0.38,96959.818,5,5,96958.808,0.0,1.0,0.0,0.01,255157.415789
1660972,IT,DE,BUSIN,FOUND,1.0,96957.309,4,4,96957.302,0.0,0.0,0.0,0.007,96957.309
1730798,IT,SE,BUSIN,ELEC4,1.0,96946.442,4,4,96946.435,0.0,0.0,0.0,0.007,96946.442
1810613,IT,WM,PRINT,POSTT,0.93,96945.183,4,4,96945.176,0.0,0.0,0.0,0.007,104242.132258
1711022,IT,LU,NONME,NONME,0.2,96929.525,4,4,96929.514,0.0,0.0,0.0,0.011,484647.625
1795061,IT,WL,ADDIT,LANDT,0.22,96929.226,5,5,96928.218,0.0,1.0,0.0,0.008,440587.390909
1750096,IT,CN,BASIC,TRAN1,0.11,96928.806,4,4,96928.8,0.0,0.0,0.0,0.006,881170.963636
1757296,IT,BR,FOOD5,FOOD5,0.47,96922.849,4,4,96922.84,0.0,0.0,0.0,0.009,206218.82766
1681512,IT,GR,BUSIN,WEARI,1.0,96919.803,4,4,96919.796,0.0,0.0,0.0,0.007,96919.803
1648085,IT,BE,RESEA,STONE,0.53,96919.478,4,4,96919.471,0.0,0.0,0.0,0.007,182866.939623
1658730,IT,DE,OFFIC,RAILW,0.3,96916.54,4,4,96916.533,0.0,0.0,0.0,0.007,323055.133333
1685460,IT,HU,WOODW,RETA1,0.27,96916.495,5,5,96915.488,0.0,1.0,0.0,0.007,358949.981481
1654044,IT,CZ,MACHI,SUPPO,0.54,96913.601,4,4,96913.593,0.0,0.0,0.0,0.008,179469.631481
1780089,IT,TW,WHOLE,POSTT,0.84,96910.943,4,4,96910.937,0.0,0.0,0.0,0.006,115370.170238
1664189,IT,EE,GLASS,CONST,0.27,96901.36,4,4,96901.354,0.0,0.0,0.0,0.006,358893.925926
1647212,IT,BE,LANDT,TOBAC,0.63,96895.227,4,4,96895.222,0.0,0.0,0.0,0.005,153801.947619
1757731,IT,BR,NAPHT,MOTO1,0.16,96892.2,4,4,96892.193,0.0,0.0,0.0,0.007,605576.25
1715781,IT,NL,BIODI,BUSIN,0.2,96889.417,4,4,96889.407,0.0,0.0,0.0,0.01,484447.085
1713834,IT,MT,ELEC1,NONME,0.01,96877.032,4,4,96877.026,0.0,0.0,0.0,0.006,9687703.2
1717115,IT,NL,SEACO,FURNI,0.1,96875.833,4,4,96875.831,0.0,0.0,0.0,0.002,968758.33
1673090,IT,FR,FOOD5,SEACO,0.47,96871.771,4,4,96871.762,0.0,0.0,0.0,0.009,206110.151064
1716815,IT,NL,RETA1,93197,1.01,96869.754,4,4,96869.748,0.0,0.0,0.0,0.006,95910.647525
1645519,IT,BE,PLAST,COPP1,0.2,96863.325,4,4,96863.315,0.0,0.0,0.0,0.01,484316.625
1800060,IT,WE,LIQUE,FINAN,0.17,96849.136,4,4,96849.128,0.0,0.0,0.0,0.008,569700.8
1744808,IT,US,RESEA,TRAN1,0.52,96838.593,4,4,96838.586,0.0,0.0,0.0,0.007,186228.063462
1643597,IT,AT,AIRTR,TEXTI,0.11,96827.661,4,4,96827.658,0.0,0.0,0.0,0.003,880251.463636
1676222,IT,FR,CONST,EDUCA,0.54,96823.449,4,4,96823.444,0.0,0.0,0.0,0.005,179302.683333
1713299,IT,MT,MOTOR,CONST,0.14,96823.178,4,4,96823.17,0.0,0.0,0.0,0.008,691594.128571
1742531,IT,US,BASIC,PAPE3,0.11,96821.733,4,4,96821.727,0.0,0.0,0.0,0.006,880197.572727
1711019,IT,LU,NONME,CERAM,0.2,96815.211,4,4,96815.2,0.0,0.0,0.0,0.011,484076.055
1754007,IT,CA,TRAN2,HEALT,0.15,96795.936,4,4,96795.933,0.0,0.0,0.0,0.003,645306.24
1807184,IT,WF,AIRTR,ELEC4,0.11,96793.445,4,4,96793.442,0.0,0.0,0.0,0.003,879940.409091
1684140,IT,HR,LANDT,DAIRY,0.62,96789.141,4,4,96789.136,0.0,0.0,0.0,0.005,156111.517742
1680399,IT,GR,ELEC2,POSTT,0.02,96787.666,4,4,96787.656,0.0,0.0,0.0,0.01,4839383.3
1641018,IT,AT,PULP5,PLAST,0.3,96786.854,4,4,96786.845,0.0,0.0,0.0,0.009,322622.846667
1665937,IT,ES,MOTOR,BEVER,0.14,96784.207,4,4,96784.199,0.0,0.0,0.0,0.008,691315.764286
1735201,IT,SK,RUBBE,TRANS,0.32,96783.707,4,4,96783.698,0.0,0.0,0.0,0.009,302449.084375
1648194,IT,BE,BUSIN,GLASS,0.99,96782.955,4,4,96782.948,0.0,0.0,0.0,0.007,97760.560606
1661859,IT,DK,PAPER,MACHI,0.38,96780.864,5,5,96779.854,0.0,1.0,0.0,0.01,254686.484211
1711659,IT,LU,COMPU,RETA1,1.11,96780.256,4,4,96780.25,0.0,0.0,0.0,0.006,87189.41982
1744234,IT,US,POSTT,MACHI,1.59,96773.557,4,4,96773.55,0.0,0.0,0.0,0.007,60863.872327
1739718,IT,GB,SUPPO,RETAI,0.7,96771.239,4,4,96771.234,0.0,0.0,0.0,0.005,138244.627143
1781000,IT,TW,BUSIN,RADIO,0.99,96764.145,4,4,96764.138,0.0,0.0,0.0,0.007,97741.560606
1642558,IT,AT,NONF1,BASIC,0.02,96749.143,3,3,96749.143,0.0,0.0,0.0,0.0,4837457.15
1733874,IT,SI,SEACO,NONF1,0.1,96748.475,4,4,96748.473,0.0,0.0,0.0,0.002,967484.75
1753626,IT,CA,MACHI,FOOD4,0.54,96743.204,4,4,96743.196,0.0,0.0,0.0,0.008,179154.081481
1683224,IT,HR,CERAM,DAIRY,0.15,96742.748,5,5,96741.743,0.0,0.0,1.0,0.005,644951.653333
1647113,IT,BE,HOTEL,FURNI,0.7,96725.27,4,4,96725.263,0.0,0.0,0.0,0.007,138178.957143
1663161,IT,DK,LANDT,RUBBE,0.62,96712.711,4,4,96712.706,0.0,0.0,0.0,0.005,155988.243548
1728100,IT,SE,VEGE1,MEAT4,0.3,96704.874,5,5,96703.853,0.0,1.0,0.0,0.021,322349.58
1741252,IT,US,WOODW,RECRE,0.27,96704.019,5,5,96703.012,0.0,1.0,0.0,0.007,358163.033333
1726923,IT,RO,HOTEL,CRUDE,0.7,96696.544,4,4,96696.537,0.0,0.0,0.0,0.007,138137.92
1813918,IT,WM,LANDT,BUSIN,0.62,96683.584,4,4,96683.579,0.0,0.0,0.0,0.005,155941.264516
1728060,IT,SE,MEATC,HEALT,0.32,96667.634,5,5,96666.628,0.0,1.0,0.0,0.006,302086.35625
1743358,IT,US,SALEM,PROCE,0.78,96665.021,4,4,96665.015,0.0,0.0,0.0,0.006,123929.514103
1773656,IT,CH,FURNI,BEVER,0.31,96655.666,4,4,96655.658,0.0,0.0,0.0,0.008,311792.470968
1641253,IT,AT,MOTOR,HEAVY,0.14,96645.412,4,4,96645.404,0.0,0.0,0.0,0.008,690324.371429
1763532,IT,MX,CHEM1,FISH5,0.2,96639.728,4,4,96639.717,0.0,0.0,0.0,0.011,483198.64
1738869,IT,GB,TRANS,RAILW,0.58,96635.303,4,4,96635.298,0.0,0.0,0.0,0.005,166612.591379
1686432,IT,HU,BASIC,DISTR,0.11,96630.544,4,4,96630.538,0.0,0.0,0.0,0.006,878459.490909
1798719,IT,WE,DAIRY,COMPU,0.39,96627.429,5,5,96626.422,0.0,1.0,0.0,0.007,247762.638462
1811844,IT,WM,RUBBE,NONFE,0.32,96627.388,4,4,96627.379,0.0,0.0,0.0,0.009,301960.5875
1741701,IT,US,HEAVY,RENTI,0.16,96623.293,4,4,96623.285,0.0,0.0,0.0,0.008,603895.58125
1735211,IT,SK,RUBBE,HOTEL,0.32,96622.373,4,4,96622.364,0.0,0.0,0.0,0.009,301944.915625
1783959,IT,ID,MEAT4,WEARI,0.53,96621.934,4,4,96621.927,0.0,0.0,0.0,0.007,182305.535849
1788841,IT,WA,GASDI,MEATC,0.14,96617.693,4,4,96617.685,0.0,0.0,0.0,0.008,690126.378571
1786845,IT,ZA,HOTEL,RECRE,0.7,96609.892,4,4,96609.885,0.0,0.0,0.0,0.007,138014.131429
1783724,IT,NO,FOOD4,RESEA,0.7,96586.955,4,4,96586.949,0.0,0.0,0.0,0.006,137981.364286
1722009,IT,PL,COMPU,INSUR,1.1,96586.923,4,4,96586.917,0.0,0.0,0.0,0.006,87806.293636
1801188,IT,WE,FABRI,KEROS,0.39,96586.695,4,4,96586.688,0.0,0.0,0.0,0.007,247658.192308
1749092,IT,CN,WOODW,TEXTI,0.27,96581.544,5,5,96580.537,0.0,1.0,0.0,0.007,357709.422222
1679058,IT,GR,WOODW,HOTEL,0.27,96577.001,5,5,96575.994,0.0,1.0,0.0,0.007,357692.596296
1720200,IT,PL,COPP1,LANDT,0.24,96559.536,4,4,96559.531,0.0,0.0,0.0,0.005,402331.4
1741408,IT,US,MOTOR,WHEAT,0.14,96548.182,4,4,96548.174,0.0,0.0,0.0,0.008,689629.871429
1760333,IT,IN,STONE,COLLE,0.31,96532.621,5,5,96527.617,0.0,0.0,5.0,0.004,311395.551613
1783817,IT,NO,INERT,RENTI,0.71,96526.946,4,4,96526.94,0.0,0.0,0.0,0.006,135953.44507
1779016,IT,TR,AIRTR,BASIC,0.11,96522.718,4,4,96522.715,0.0,0.0,0.0,0.003,877479.254545
1754127,IT,CA,AIRTR,SEACO,0.11,96516.604,4,4,96516.601,0.0,0.0,0.0,0.003,877423.672727
1679528,IT,GR,ADDIT,LUBRI,0.22,96513.33,5,5,96512.322,0.0,1.0,0.0,0.008,438696.954545
1798425,IT,WE,NATUR,FOOD5,0.14,96508.496,4,4,96508.49,0.0,0.0,0.0,0.006,689346.4
1659003,IT,DE,ELEC2,PRINT,0.02,96505.717,4,4,96505.707,0.0,0.0,0.0,0.01,4825285.85
1727767,IT,RO,BUSIN,FORES,0.99,96498.999,4,4,96498.992,0.0,0.0,0.0,0.007,97473.736364
1772118,IT,CH,MOTOR,DIST1,0.14,96496.968,4,4,96496.96,0.0,0.0,0.0,0.008,689264.057143
1652808,IT,CZ,PRINT,PRINT,0.93,96496.749,4,4,96496.742,0.0,0.0,0.0,0.007,103759.945161
1681026,IT,GR,AIRTR,ELEC1,0.11,96494.429,4,4,96494.426,0.0,0.0,0.0,0.003,877222.081818
1741256,IT,US,PULP5,PAPER,0.29,96492.352,4,4,96492.343,0.0,0.0,0.0,0.009,332732.248276
1787905,IT,WA,BEVER,PFERT,0.41,96488.703,4,4,96488.697,0.0,0.0,0.0,0.006,235338.3
1806046,IT,WF,COPP1,FINAN,0.24,96483.201,4,4,96483.196,0.0,0.0,0.0,0.005,402013.3375
1772643,IT,CH,GLASS,SECO9,0.26,96480.363,4,4,96480.357,0.0,0.0,0.0,0.006,371078.319231
1660072,IT,DE,AIRTR,GLASS,0.11,96479.964,4,4,96479.961,0.0,0.0,0.0,0.003,877090.581818
1646414,IT,BE,FABRI,OILHA,0.39,96466.548,4,4,96466.541,0.0,0.0,0.0,0.007,247350.123077
1776227,IT,TR,WOODW,WHOLE,0.27,96463.737,5,5,96462.73,0.0,1.0,0.0,0.007,357273.1
1657740,IT,DE,CEMEN,WHOLE,0.15,96459.134,5,5,96458.13,0.0,0.0,1.0,0.004,643060.893333
1794324,IT,WL,MOTOR,ELEC1,0.14,96455.518,4,4,96455.51,0.0,0.0,0.0,0.008,688967.985714
1736760,IT,SK,RENTI,OFFIC,0.58,96453.269,4,4,96453.264,0.0,0.0,0.0,0.005,166298.739655
1667252,IT,ES,PREC1,REALE,0.16,96451.638,4,4,96451.634,0.0,0.0,0.0,0.004,602822.7375
1737642,IT,GB,PAPER,RENTI,0.37,96451.606,5,5,96450.596,0.0,1.0,0.0,0.01,260680.016216
1800850,IT,WE,BASIC,HOTEL,0.11,96443.033,4,4,96443.027,0.0,0.0,0.0,0.006,876754.845455
1671793,IT,FI,WHOLE,REALE,0.83,96439.807,4,4,96439.801,0.0,0.0,0.0,0.006,116192.538554
1743739,IT,US,LANDT,DAIRY,0.62,96435.348,4,4,96435.343,0.0,0.0,0.0,0.005,155540.883871
1755581,IT,KR,CHEM1,RAILW,0.2,96429.255,4,4,96429.244,0.0,0.0,0.0,0.011,482146.275
1727111,IT,RO,LANDT,PRINT,0.62,96428.841,4,4,96428.836,0.0,0.0,0.0,0.005,155530.38871
1790417,IT,WA,LEAD1,NONF1,0.17,96423.965,4,4,96423.957,0.0,0.0,0.0,0.008,567199.794118
1665638,IT,ES,WOODW,OFFIC,0.27,96415.322,5,5,96414.315,0.0,1.0,0.0,0.007,357093.785185
1796249,IT,WL,CONST,CRUDE,0.54,96408.598,4,4,96408.593,0.0,0.0,0.0,0.005,178534.440741
1720219,IT,PL,COPP1,FOOD2,0.24,96407.718,4,4,96407.713,0.0,0.0,0.0,0.005,401698.825
1673141,IT,FR,BEVER,SUGA1,0.41,96399.721,4,4,96399.715,0.0,0.0,0.0,0.006,235121.270732
1717873,IT,PL,VEGET,HOTEL,0.34,96398.962,4,4,96398.958,0.0,0.0,0.0,0.004,283526.358824
1725968,IT,RO,CHEM1,LEATH,0.2,96389.243,4,4,96389.232,0.0,0.0,0.0,0.011,481946.215
1652703,IT,CZ,PAPER,LEATH,0.37,96388.1,5,5,96387.09,0.0,1.0,0.0,0.01,260508.378378
1738681,IT,GB,MACHI,CERAM,0.54,96387.103,4,4,96387.095,0.0,0.0,0.0,0.008,178494.635185
1761077,IT,IN,PFERT,OILSE,0.04,96383.171,4,4,96383.156,0.0,0.0,0.0,0.015,2409579.275
1791040,IT,WA,TRANS,ANTHR,0.58,96370.848,4,4,96370.843,0.0,0.0,0.0,0.005,166156.634483
1671270,IT,FI,BASIC,LANDT,0.11,96366.592,4,4,96366.586,0.0,0.0,0.0,0.006,876059.927273
1663074,IT,DK,HOTEL,93197,0.7,96366.326,4,4,96366.319,0.0,0.0,0.0,0.007,137666.18
1682612,IT,HR,KEROS,WEARI,0.14,96364.649,4,4,96364.641,0.0,0.0,0.0,0.008,688318.921429
1793908,IT,WL,WEARI,WHOLE,0.73,96364.207,4,4,96364.189,0.0,0.0,0.0,0.018,132005.763014
1640419,IT,AT,VEGE1,MEAT1,0.3,96362.415,5,5,96361.394,0.0,1.0,0.0,0.021,321208.05
1752448,IT,CA,DAIRY,BITU1,0.39,96361.51,5,5,96360.503,0.0,1.0,0.0,0.007,247080.794872
1746664,IT,JP,NONF1,FABRI,0.02,96358.213,3,3,96358.213,0.0,0.0,0.0,0.0,4817910.65
1754031,IT,CA,SEACO,NONME,0.1,96350.194,4,4,96350.192,0.0,0.0,0.0,0.002,963501.94
1671057,IT,FI,RUBBE,NONF1,0.32,96348.996,4,4,96348.987,0.0,0.0,0.0,0.009,301090.6125
1759671,IT,BR,RESEA,AUXIL,0.52,96340.659,4,4,96340.652,0.0,0.0,0.0,0.007,185270.498077
1780531,IT,TW,POSTT,EDUCA,1.59,96334.792,4,4,96334.785,0.0,0.0,0.0,0.007,60587.919497
1744815,IT,US,RESEA,SALEM,0.52,96333.388,4,4,96333.381,0.0,0.0,0.0,0.007,185256.515385
1674581,IT,FR,RUBBE,DISTR,0.32,96332.39,4,4,96332.381,0.0,0.0,0.0,0.009,301038.71875
1810903,IT,WM,KERO1,EDUCA,0.14,96332.213,4,4,96332.205,0.0,0.0,0.0,0.008,688087.235714
1656729,IT,DE,MOTOR,WHOLE,0.14,96331.018,4,4,96331.01,0.0,0.0,0.0,0.008,688078.7
1659966,IT,DE,SEACO,REFI1,0.1,96327.324,4,4,96327.322,0.0,0.0,0.0,0.002,963273.24
1750103,IT,CN,BASIC,STEAM,0.11,96325.118,4,4,96325.112,0.0,0.0,0.0,0.006,875682.890909
1805720,IT,WF,BASIC,CHARC,0.11,96318.652,4,4,96318.646,0.0,0.0,0.0,0.006,875624.109091
1652387,IT,CZ,TEXTI,PAPER,0.57,96310.921,4,4,96310.908,0.0,0.0,0.0,0.013,168966.52807
1644830,IT,BE,TEXTI,WHOLE,0.57,96308.546,4,4,96308.533,0.0,0.0,0.0,0.013,168962.361404
1719514,IT,PL,GLASS,GASDI,0.26,96308.458,4,4,96308.452,0.0,0.0,0.0,0.006,370417.146154
1733117,IT,SI,FABRI,CEMEN,0.39,96298.87,4,4,96298.863,0.0,0.0,0.0,0.007,246920.179487
1677019,IT,FR,SUPPO,FORES,0.69,96285.825,4,4,96285.82,0.0,0.0,0.0,0.005,139544.673913
1804491,IT,WF,GASDI,LIQUE,0.14,96285.104,4,4,96285.096,0.0,0.0,0.0,0.008,687750.742857
1803151,IT,WF,VEGET,POSTT,0.34,96284.521,4,4,96284.517,0.0,0.0,0.0,0.004,283189.767647
1795119,IT,WL,RUBBE,GASDI,0.32,96282.918,4,4,96282.909,0.0,0.0,0.0,0.009,300884.11875
1747306,IT,JP,WHOLE,HOTEL,0.83,96281.612,4,4,96281.606,0.0,0.0,0.0,0.006,116001.942169
1683896,IT,HR,TRANS,HEALT,0.57,96276.682,4,4,96276.677,0.0,0.0,0.0,0.005,168906.459649
1676723,IT,FR,RAILW,HEALT,0.64,96269.167,5,5,96268.163,0.0,0.0,1.0,0.004,150420.573438
1774870,IT,CH,FINAN,FINAN,1.25,96267.235,4,4,96267.232,0.0,0.0,0.0,0.003,77013.788
1793637,IT,WL,DAIRY,CHEM1,0.39,96266.22,5,5,96265.213,0.0,1.0,0.0,0.007,246836.461538
1800708,IT,WE,CEMEN,BASIC,0.15,96262.372,5,5,96261.368,0.0,0.0,1.0,0.004,641749.146667
1769979,IT,AU,TRANS,INLAN,0.57,96259.062,4,4,96259.057,0.0,0.0,0.0,0.005,168875.547368
1681599,IT,GR,PUBLI,STONE,1.58,96258.436,4,4,96258.429,0.0,0.0,0.0,0.007,60923.060759
1717537,IT,NL,RENTI,CONST,0.58,96252.441,4,4,96252.436,0.0,0.0,0.0,0.005,165952.484483
1658790,IT,DE,MOTO1,PLAST,0.51,96251.24,4,4,96251.234,0.0,0.0,0.0,0.006,188727.921569
1733031,IT,SI,COPP1,TEXTI,0.24,96250.252,4,4,96250.247,0.0,0.0,0.0,0.005,401042.716667
1796476,IT,WL,RETA1,MEAT1,1.0,96246.928,4,4,96246.922,0.0,0.0,0.0,0.006,96246.928
1740127,IT,GB,COMPU,OFFIC,1.1,96244.885,4,4,96244.879,0.0,0.0,0.0,0.006,87495.35
1665252,IT,ES,BEVER,VEGE1,0.41,96241.296,4,4,96241.29,0.0,0.0,0.0,0.006,234734.868293
1785373,IT,ZA,WOODW,REALE,0.27,96230.189,5,5,96229.183,0.0,1.0,0.0,0.006,356408.107407
1752562,IT,CA,BEVER,WHOLE,0.41,96219.385,4,4,96219.379,0.0,0.0,0.0,0.006,234681.426829
1679769,IT,GR,BASIC,RENTI,0.11,96218.287,4,4,96218.281,0.0,0.0,0.0,0.006,874711.7
1740824,IT,US,VEGE1,PFERT,0.3,96216.498,5,5,96215.477,0.0,1.0,0.0,0.021,320721.66
1734954,IT,SK,HEAVY,DAIRY,0.16,96214.785,4,4,96214.777,0.0,0.0,0.0,0.008,601342.40625
1737190,IT,GB,DAIRY,RETA1,0.39,96211.015,5,5,96210.008,0.0,1.0,0.0,0.007,246694.910256
1739809,IT,GB,POSTT,RESEA,1.58,96200.627,4,4,96200.62,0.0,0.0,0.0,0.007,60886.472785
1674781,IT,FR,CERAM,FOOD2,0.15,96198.63,4,4,96198.625,0.0,0.0,0.0,0.005,641324.2
1647985,IT,BE,RENTI,BUSIN,0.58,96197.306,4,4,96197.301,0.0,0.0,0.0,0.005,165857.424138
1809456,IT,WM,CHEMI,INLAN,0.23,96196.869,5,5,96191.86,0.0,0.0,5.0,0.009,418247.256522
1789306,IT,WA,PFERT,REALE,0.04,96192.652,4,4,96192.637,0.0,0.0,0.0,0.015,2404816.3
1732126,IT,SI,GASDI,DAIRY,0.14,96192.382,4,4,96192.374,0.0,0.0,0.0,0.008,687088.442857
1750391,IT,CN,FABRI,ELEC5,0.39,96189.436,4,4,96189.429,0.0,0.0,0.0,0.007,246639.579487
1813911,IT,WM,LANDT,FINAN,0.62,96186.788,4,4,96186.783,0.0,0.0,0.0,0.005,155139.980645
1676775,IT,FR,LANDT,PAPER,0.62,96185.734,4,4,96185.729,0.0,0.0,0.0,0.005,155138.280645
1759674,IT,BR,RESEA,COMPU,0.52,96183.971,4,4,96183.964,0.0,0.0,0.0,0.007,184969.175
1772786,IT,CH,NONME,FABRI,0.19,96183.919,4,4,96183.908,0.0,0.0,0.0,0.011,506231.152632
1686467,IT,HU,BASIC,INERT,0.11,96175.576,4,4,96175.57,0.0,0.0,0.0,0.006,874323.418182
1733617,IT,SI,HOTEL,CHEM1,0.7,96173.897,4,4,96173.89,0.0,0.0,0.0,0.007,137391.281429
1732941,IT,SI,ALUM1,NONME,0.17,96169.001,4,4,96168.993,0.0,0.0,0.0,0.008,565700.005882
1808841,IT,WF,PRIVA,IRONO,21.46,96166.313,5,5,96165.298,1.0,0.0,0.0,0.015,4481.188863
1719358,IT,PL,RUBBE,RAWMI,0.32,96165.788,4,4,96165.779,0.0,0.0,0.0,0.009,300518.0875
1642313,IT,AT,BASIC,MOTOR,0.11,96165.362,4,4,96165.356,0.0,0.0,0.0,0.006,874230.563636
1786213,IT,ZA,ALUM1,RADIO,0.17,96162.371,4,4,96162.363,0.0,0.0,0.0,0.008,565661.005882
1791612,IT,WA,HOTEL,CRUDE,0.7,96157.328,4,4,96157.321,0.0,0.0,0.0,0.007,137367.611429
1796863,IT,WL,SEACO,CEMEN,0.1,96152.754,4,4,96152.752,0.0,0.0,0.0,0.002,961527.54
1771303,IT,CH,DAIRY,MACHI,0.39,96152.058,5,5,96151.051,0.0,1.0,0.0,0.007,246543.738462
1644341,IT,BE,SANDC,CONST,0.22,96151.413,5,5,96130.41,0.0,0.0,21.0,0.003,437051.877273
1810058,IT,WM,TEXTI,CEMEN,0.57,96142.23,4,4,96142.217,0.0,0.0,0.0,0.013,168670.578947
1640975,IT,AT,WOODW,MOTO1,0.27,96139.679,5,5,96138.673,0.0,1.0,0.0,0.006,356072.885185
1655188,IT,CZ,BUSIN,SUPPO,0.99,96132.501,4,4,96132.494,0.0,0.0,0.0,0.007,97103.536364
1774515,IT,CH,LANDT,FINAN,0.62,96121.416,4,4,96121.411,0.0,0.0,0.0,0.005,155034.541935
1732881,IT,SI,BASIC,FOOD4,0.11,96110.904,4,4,96110.898,0.0,0.0,0.0,0.006,873735.490909
1755971,IT,KR,ALUM1,RUBBE,0.17,96109.516,4,4,96109.508,0.0,0.0,0.0,0.008,565350.094118
1715835,IT,NL,RUBBE,BRICK,0.32,96091.162,4,4,96091.153,0.0,0.0,0.0,0.009,300284.88125
1786555,IT,ZA,FURNI,FURNI,0.31,96078.716,4,4,96078.708,0.0,0.0,0.0,0.008,309931.341935
1753154,IT,CA,RUBBE,EDUCA,0.32,96076.969,4,4,96076.96,0.0,0.0,0.0,0.009,300240.528125
1674982,IT,FR,PREC1,HEAVY,0.16,96063.963,4,4,96063.959,0.0,0.0,0.0,0.004,600399.76875
1650022,IT,BG,MACHI,WEARI,0.54,96056.076,4,4,96056.068,0.0,0.0,0.0,0.008,177881.622222
1710268,IT,LT,MOTO1,CONST,0.51,96045.134,4,4,96045.128,0.0,0.0,0.0,0.006,188323.792157
1759483,IT,BR,AUXIL,FINAN,1.76,96043.517,4,4,96043.512,0.0,0.0,0.0,0.005,54570.180114
1645537,IT,BE,PLAST,COMPU,0.2,96040.39,4,4,96040.38,0.0,0.0,0.0,0.01,480201.95
1774176,IT,CH,RETA1,POULT,1.0,96038.378,4,4,96038.372,0.0,0.0,0.0,0.006,96038.378
1782324,IT,NO,NONF1,WHOLE,0.02,96036.09,3,3,96036.09,0.0,0.0,0.0,0.0,4801804.5
1671353,IT,FI,COPP1,MACHI,0.24,96024.54,4,4,96024.535,0.0,0.0,0.0,0.005,400102.25
1728392,IT,SE,TEXTI,REALE,0.57,96024.294,4,4,96024.281,0.0,0.0,0.0,0.013,168463.673684
1664829,IT,ES,OILSE,HOTEL,0.07,96021.789,5,5,96020.785,0.0,1.0,0.0,0.004,1371739.842857
1810547,IT,WM,PAPER,RADIO,0.37,96019.219,5,5,96018.21,0.0,1.0,0.0,0.009,259511.402703
1732345,IT,SI,NAPHT,COMPU,0.16,96012.541,4,4,96012.534,0.0,0.0,0.0,0.007,600078.38125
1773645,IT,CH,FURNI,CROPS,0.31,96012.262,4,4,96012.254,0.0,0.0,0.0,0.008,309716.974194
1676441,IT,FR,RETA1,FISHF,1.0,96011.291,4,4,96011.285,0.0,0.0,0.0,0.006,96011.291
1686909,IT,HU,MACHI,TEXTI,0.54,96002.521,4,4,96002.513,0.0,0.0,0.0,0.008,177782.446296
1777856,IT,TR,FABRI,RENTI,0.39,95986.12,4,4,95986.113,0.0,0.0,0.0,0.007,246118.25641
1663258,IT,DK,SEACO,CEMEN,0.1,95982.519,4,4,95982.517,0.0,0.0,0.0,0.002,959825.19
1682292,IT,HR,LEATH,REALE,0.69,95981.569,5,5,95980.552,0.0,1.0,0.0,0.017,139103.723188
1787670,IT,WA,VEGE1,VEGET,0.3,95979.794,5,5,95978.773,0.0,1.0,0.0,0.021,319932.646667
1801411,IT,WE,OFFIC,BUSIN,0.3,95974.832,4,4,95974.825,0.0,0.0,0.0,0.007,319916.106667
1812771,IT,WM,NONF1,MEMBE,0.02,95965.467,3,3,95965.467,0.0,0.0,0.0,0.0,4798273.35
1688552,IT,IE,PAPER,HEALT,0.37,95960.458,5,5,95959.449,0.0,1.0,0.0,0.009,259352.589189
1720207,IT,PL,COPP1,RENTI,0.24,95958.854,4,4,95958.849,0.0,0.0,0.0,0.005,399828.558333
1812811,IT,WM,FABRI,TOBAC,0.39,95956.63,4,4,95956.623,0.0,0.0,0.0,0.007,246042.641026
1680225,IT,GR,TRANS,BASIC,0.57,95955.255,4,4,95955.25,0.0,0.0,0.0,0.005,168342.552632
1719592,IT,PL,CERAM,WOODW,0.15,95955.084,4,4,95955.079,0.0,0.0,0.0,0.005,639700.56
1802955,IT,WF,WHEAT,MEATC,0.07,95945.459,5,5,95944.457,0.0,1.0,0.0,0.002,1370649.414286
1681206,IT,GR,POSTT,BUSIN,1.58,95945.307,4,4,95945.3,0.0,0.0,0.0,0.007,60724.877848
1723794,IT,PT,OFFIC,RETA1,0.3,95933.896,4,4,95933.889,0.0,0.0,0.0,0.007,319779.653333
1688637,IT,IE,PLAST,TRANS,0.2,95931.134,4,4,95931.124,0.0,0.0,0.0,0.01,479655.67
1715377,IT,NL,PRINT,WHOLE,0.92,95929.431,4,4,95929.424,0.0,0.0,0.0,0.007,104271.120652
1642377,IT,AT,BASIC,FOODW,0.11,95914.794,4,4,95914.788,0.0,0.0,0.0,0.006,871952.672727
1811541,IT,WM,PFERT,POULT,0.04,95905.793,4,4,95905.778,0.0,0.0,0.0,0.015,2397644.825
1799094,IT,WE,WEARI,COKIN,0.72,95891.723,4,4,95891.705,0.0,0.0,0.0,0.018,133182.948611
1800612,IT,WE,GLASS,ELECT,0.26,95883.299,4,4,95883.294,0.0,0.0,0.0,0.005,368781.919231
1794848,IT,WL,PLAST,MEMBE,0.2,95870.637,4,4,95870.627,0.0,0.0,0.0,0.01,479353.185
1655770,IT,DE,MEAT1,FOOD5,0.45,95870.345,4,4,95870.333,0.0,0.0,0.0,0.012,213045.211111
1746916,IT,JP,MOTO1,GASDI,0.51,95869.923,4,4,95869.917,0.0,0.0,0.0,0.006,187980.241176
1686590,IT,HU,ALUM1,SUPPO,0.17,95869.088,4,4,95869.08,0.0,0.0,0.0,0.008,563935.811765
1743748,IT,US,LANDT,WOODW,0.62,95862.601,4,4,95862.596,0.0,0.0,0.0,0.005,154617.098387
1650521,IT,BG,ELEC6,RAILW,0.01,95857.731,4,4,95857.716,0.0,0.0,0.0,0.015,9585773.1
1671249,IT,FI,BASIC,LEAD1,0.11,95844.661,4,4,95844.655,0.0,0.0,0.0,0.006,871315.1
1654066,IT,CZ,MACHI,FOOD4,0.53,95844.623,4,4,95844.615,0.0,0.0,0.0,0.008,180838.911321
1729601,IT,SE,NONF1,RESEA,0.02,95839.365,3,3,95839.365,0.0,0.0,0.0,0.0,4791968.25
1740821,IT,US,VEGE1,PETRO,0.29,95839.174,5,5,95838.153,0.0,1.0,0.0,0.021,330479.910345
1665321,IT,ES,FISH5,MEATP,0.4,95829.57,4,4,95829.521,0.0,0.0,0.0,0.049,239573.925
1794814,IT,WL,PLAST,LEAD1,0.2,95825.11,4,4,95825.1,0.0,0.0,0.0,0.01,479125.55
1806179,IT,WF,FABRI,MEMBE,0.39,95813.693,4,4,95813.686,0.0,0.0,0.0,0.007,245676.135897
1711008,IT,LU,CEMEN,CONST,0.15,95813.415,5,5,95812.411,0.0,0.0,1.0,0.004,638756.1
1800730,IT,WE,NONME,ANIMA,0.19,95813.132,4,4,95813.121,0.0,0.0,0.0,0.011,504279.642105
1661593,IT,DK,BEVER,SUPPO,0.41,95809.26,4,4,95809.254,0.0,0.0,0.0,0.006,233681.121951
1738376,IT,GB,PREC1,NONME,0.16,95806.194,4,4,95806.19,0.0,0.0,0.0,0.004,598788.7125
1768090,IT,RU,BUSIN,SALEM,0.98,95805.81,4,4,95805.803,0.0,0.0,0.0,0.007,97761.030612
1772262,IT,CH,NAPHT,MOTOR,0.16,95804.079,4,4,95804.072,0.0,0.0,0.0,0.007,598775.49375
1770030,IT,AU,FURNI,EDUCA,0.31,95794.01,4,4,95794.002,0.0,0.0,0.0,0.008,309012.935484
1681951,IT,HR,FOOD5,LEATH,0.46,95785.292,4,4,95785.283,0.0,0.0,0.0,0.009,208228.895652
1677492,IT,FR,AUXIL,CEMEN,1.75,95780.707,4,4,95780.702,0.0,0.0,0.0,0.005,54731.832571
1728282,IT,SE,BEVER,BIOGA,0.41,95771.798,4,4,95771.792,0.0,0.0,0.0,0.006,233589.75122
1755150,IT,KR,LEATH,ELEC2,0.69,95770.392,5,5,95769.375,0.0,1.0,0.0,0.017,138797.669565
1688565,IT,IE,PRINT,PLAST,0.92,95767.431,4,4,95767.424,0.0,0.0,0.0,0.007,104095.033696
1722679,IT,PT,LEATH,WEARI,0.69,95763.755,5,5,95762.738,0.0,1.0,0.0,0.017,138788.050725
1800405,IT,WE,CHEM1,PUBLI,0.2,95754.99,4,4,95754.98,0.0,0.0,0.0,0.01,478774.95
1726331,IT,RO,ALUM1,WOODW,0.17,95754.741,4,4,95754.733,0.0,0.0,0.0,0.008,563263.182353
1641749,IT,AT,CHEM1,MEATC,0.2,95754.423,4,4,95754.413,0.0,0.0,0.0,0.01,478772.115
1803710,IT,WF,BEVER,HEALT,0.41,95752.158,4,4,95752.152,0.0,0.0,0.0,0.006,233541.84878
1810631,IT,WM,COKEO,KEROS,0.01,95748.838,3,3,95748.838,0.0,0.0,0.0,0.0,9574883.8
1788023,IT,WA,TEXTI,NFERT,0.57,95742.698,4,4,95742.685,0.0,0.0,0.0,0.013,167969.645614
1790630,IT,WA,FABRI,BEVER,0.39,95742.437,4,4,95742.43,0.0,0.0,0.0,0.007,245493.428205
1805854,IT,WF,ALUM1,SUGA1,0.17,95734.103,4,4,95734.095,0.0,0.0,0.0,0.008,563141.782353
1717645,IT,NL,BUSIN,PULP5,0.98,95727.369,4,4,95727.362,0.0,0.0,0.0,0.007,97680.988776
1647112,IT,BE,HOTEL,TRANS,0.69,95725.388,4,4,95725.381,0.0,0.0,0.0,0.007,138732.446377
1664920,IT,ES,CRUDE,RESEA,0.19,95724.665,4,4,95724.657,0.0,0.0,0.0,0.008,503814.026316
1658986,IT,DE,ELEC1,REALE,0.01,95717.846,4,4,95717.84,0.0,0.0,0.0,0.006,9571784.6
1762275,IT,IN,AIRTR,ELECT,0.1,95707.053,4,4,95707.05,0.0,0.0,0.0,0.003,957070.53
1742557,IT,US,PREC1,OFFIC,0.16,95706.719,4,4,95706.715,0.0,0.0,0.0,0.004,598166.99375
1664093,IT,EE,CHEM1,HOTEL,0.2,95705.194,4,4,95705.184,0.0,0.0,0.0,0.01,478525.97
1667304,IT,ES,ALUM1,ELEC2,0.17,95701.372,4,4,95701.364,0.0,0.0,0.0,0.008,562949.247059
1748067,IT,JP,BUSIN,ELEC8,0.98,95699.858,4,4,95699.851,0.0,0.0,0.0,0.007,97652.916327
1673954,IT,FR,AVIAT,STONE,0.22,95691.722,4,4,95691.715,0.0,0.0,0.0,0.007,434962.372727
1788187,IT,WA,WEARI,INSUR,0.72,95691.429,4,4,95691.411,0.0,0.0,0.0,0.018,132904.7625
1721028,IT,PL,HOTEL,PRINT,0.69,95689.266,4,4,95689.259,0.0,0.0,0.0,0.007,138680.095652
1658138,IT,DE,ALUM1,PREC1,0.17,95684.478,4,4,95684.47,0.0,0.0,0.0,0.008,562849.870588
1679025,IT,GR,WOODW,PAPER,0.27,95657.048,5,5,95656.042,0.0,1.0,0.0,0.006,354285.362963
1791132,IT,WA,TRANS,INSUR,0.57,95656.707,4,4,95656.702,0.0,0.0,0.0,0.005,167818.784211
1653873,IT,CZ,FABRI,NONME,0.39,95652.963,4,4,95652.956,0.0,0.0,0.0,0.007,245264.007692
1718108,IT,PL,VEGE1,MEATA,0.29,95650.884,5,5,95649.863,0.0,1.0,0.0,0.021,329830.634483
1686698,IT,HU,COPP1,PLAST,0.24,95646.994,4,4,95646.989,0.0,0.0,0.0,0.005,398529.141667
1772382,IT,CH,CHEM1,LEATH,0.2,95633.776,4,4,95633.766,0.0,0.0,0.0,0.01,478168.88
1796446,IT,WL,WHOLE,PUBLI,0.83,95629.49,4,4,95629.484,0.0,0.0,0.0,0.006,115216.253012
1784717,IT,ID,FURNI,RETA1,0.31,95626.217,4,4,95626.209,0.0,0.0,0.0,0.008,308471.667742
1671554,IT,FI,OFFIC,COMPU,0.3,95618.303,4,4,95618.296,0.0,0.0,0.0,0.007,318727.676667
1686093,IT,HU,RUBBE,NONME,0.32,95615.648,4,4,95615.639,0.0,0.0,0.0,0.009,298798.9
1812591,IT,WM,LEAD1,CHEM1,0.17,95613.015,4,4,95613.007,0.0,0.0,0.0,0.008,562429.5
1726156,IT,RO,GLASS,FOOD5,0.26,95612.344,4,4,95612.339,0.0,0.0,0.0,0.005,367739.784615
1643369,IT,AT,RAILW,BUSIN,0.64,95602.638,5,5,95601.634,0.0,0.0,1.0,0.004,149379.121875
1787724,IT,WA,VEGE1,NONF1,0.29,95595.72,5,5,95594.699,0.0,1.0,0.0,0.021,329640.413793
1732790,IT,SI,NONME,REALE,0.19,95595.553,4,4,95595.543,0.0,0.0,0.0,0.01,503134.489474
1732383,IT,SI,PLAST,WOODW,0.2,95593.489,4,4,95593.479,0.0,0.0,0.0,0.01,477967.445
1771917,IT,CH,PAPER,TEXTI,0.37,95586.221,5,5,95585.212,0.0,1.0,0.0,0.009,258341.137838
1667359,IT,ES,LEAD1,DIST1,0.17,95585.643,4,4,95585.635,0.0,0.0,0.0,0.008,562268.488235
1642304,IT,AT,BASIC,BEVER,0.11,95580.895,4,4,95580.889,0.0,0.0,0.0,0.006,868917.227273
1754038,IT,CA,SEACO,ELECT,0.1,95571.174,4,4,95571.172,0.0,0.0,0.0,0.002,955711.74
1754985,IT,KR,TEXTI,RENTI,0.57,95571.056,4,4,95571.043,0.0,0.0,0.0,0.013,167668.519298
1675720,IT,FR,FURNI,MEATC,0.31,95570.749,4,4,95570.741,0.0,0.0,0.0,0.008,308292.73871
1644022,IT,AT,BUSIN,TEXTI,0.98,95570.618,4,4,95570.611,0.0,0.0,0.0,0.007,97521.038776
1794345,IT,WL,MOTOR,AIRTR,0.14,95558.196,4,4,95558.188,0.0,0.0,0.0,0.008,682558.542857
1786439,IT,ZA,OFFIC,HEALT,0.3,95557.376,4,4,95557.369,0.0,0.0,0.0,0.007,318524.586667
1758227,IT,BR,BASIC,PREC1,0.11,95548.828,4,4,95548.822,0.0,0.0,0.0,0.006,868625.709091
1640905,IT,AT,LEATH,HOTEL,0.68,95545.53,5,5,95544.513,0.0,1.0,0.0,0.017,140508.132353
1665087,IT,ES,VEGE1,PROCE,0.29,95539.687,5,5,95538.666,0.0,1.0,0.0,0.021,329447.196552
1809864,IT,WM,BEVER,CRUDE,0.41,95535.196,4,4,95535.19,0.0,0.0,0.0,0.006,233012.673171
1644964,IT,BE,WOODW,MACHI,0.27,95534.924,5,5,95533.918,0.0,1.0,0.0,0.006,353833.051852
1667580,IT,ES,FABRI,PAPE4,0.39,95534.336,4,4,95534.329,0.0,0.0,0.0,0.007,244959.835897
1791760,IT,WA,RAILW,WHOLE,0.64,95529.781,5,5,95528.777,0.0,0.0,1.0,0.004,149265.282812
1772080,IT,CH,PRINT,PUBLI,0.92,95513.693,4,4,95513.686,0.0,0.0,0.0,0.007,103819.231522
1769664,IT,AU,FABRI,COLLE,0.39,95506.881,4,4,95506.874,0.0,0.0,0.0,0.007,244889.438462
1740748,IT,US,MEAT4,LEATH,0.53,95506.28,4,4,95506.273,0.0,0.0,0.0,0.007,180200.528302
1662607,IT,DK,FABRI,PUBLI,0.39,95498.009,4,4,95498.002,0.0,0.0,0.0,0.007,244866.689744
1739747,IT,GB,SUPPO,SEWAG,0.69,95496.175,4,4,95496.17,0.0,0.0,0.0,0.005,138400.253623
1666879,IT,ES,GLASS,PREC1,0.26,95496.078,4,4,95496.073,0.0,0.0,0.0,0.005,367292.607692
1751904,IT,CN,COMPU,CERAM,1.09,95491.461,4,4,95491.455,0.0,0.0,0.0,0.006,87606.844954
1746717,IT,JP,FABRI,ELEC2,0.39,95487.578,4,4,95487.571,0.0,0.0,0.0,0.007,244839.94359
1714149,IT,MT,AIRTR,RECRE,0.1,95486.186,4,4,95486.183,0.0,0.0,0.0,0.003,954861.86
1761476,IT,IN,PREC1,COPP1,0.16,95485.468,4,4,95485.464,0.0,0.0,0.0,0.004,596784.175
1763663,IT,MX,RUBBE,PRINT,0.32,95473.696,4,4,95473.687,0.0,0.0,0.0,0.009,298355.3
1720221,IT,PL,COPP1,WASTE,0.24,95467.866,4,4,95467.861,0.0,0.0,0.0,0.005,397782.775
1674030,IT,FR,GASDI,FISHF,0.14,95449.344,4,4,95449.336,0.0,0.0,0.0,0.008,681781.028571
1665053,IT,ES,MEATP,HOTEL,0.39,95444.839,4,4,95444.829,0.0,0.0,0.0,0.01,244730.35641
1770517,IT,AU,AIRTR,INSUR,0.1,95436.869,4,4,95436.866,0.0,0.0,0.0,0.003,954368.69
1791800,IT,WA,LANDT,MEATC,0.62,95426.877,4,4,95426.872,0.0,0.0,0.0,0.005,153914.317742
1762236,IT,IN,AIRTR,OILSE,0.1,95424.496,4,4,95424.493,0.0,0.0,0.0,0.003,954244.96
1653900,IT,CZ,FABRI,RETAI,0.39,95407.197,4,4,95407.19,0.0,0.0,0.0,0.007,244633.838462
1798717,IT,WE,DAIRY,AUXIL,0.39,95405.174,5,5,95404.168,0.0,1.0,0.0,0.006,244628.651282
1673725,IT,FR,PAPER,BIODI,0.37,95403.983,5,5,95402.974,0.0,1.0,0.0,0.009,257848.602703
1658987,IT,DE,ELEC1,RESEA,0.01,95403.779,4,4,95403.773,0.0,0.0,0.0,0.006,9540377.9
1641499,IT,AT,HEAVY,NONFE,0.15,95398.824,4,4,95398.816,0.0,0.0,0.0,0.008,635992.16
1649895,IT,BG,FABRI,PRECI,0.39,95398.35,4,4,95398.343,0.0,0.0,0.0,0.007,244611.153846
1686329,IT,HU,NONME,BASIC,0.19,95383.116,4,4,95383.106,0.0,0.0,0.0,0.01,502016.4
1668446,IT,ES,RETA1,REALE,1.0,95382.289,4,4,95382.283,0.0,0.0,0.0,0.006,95382.289
1794968,IT,WL,CHEM1,ELECT,0.2,95370.858,4,4,95370.848,0.0,0.0,0.0,0.01,476854.29
1805105,IT,WF,NFERT,SUGA1,0.02,95369.126,4,4,95369.118,0.0,0.0,0.0,0.008,4768456.3
1714136,IT,MT,AIRTR,WHOLE,0.1,95364.908,4,4,95364.905,0.0,0.0,0.0,0.003,953649.08
1799232,IT,WE,LEATH,FOOD5,0.68,95360.018,5,5,95359.001,0.0,1.0,0.0,0.017,140235.320588
1720490,IT,PL,MACHI,AUXIL,0.53,95352.473,4,4,95352.465,0.0,0.0,0.0,0.008,179910.326415
1811868,IT,WM,RUBBE,KERO1,0.32,95350.369,4,4,95350.36,0.0,0.0,0.0,0.009,297969.903125
1796098,IT,WL,TRANS,BRICK,0.57,95347.079,4,4,95347.074,0.0,0.0,0.0,0.005,167275.577193
1713831,IT,MT,ELEC1,CHEM1,0.01,95338.797,4,4,95338.791,0.0,0.0,0.0,0.006,9533879.7
1653890,IT,CZ,FABRI,ELEC1,0.39,95333.071,4,4,95333.064,0.0,0.0,0.0,0.007,244443.771795
1773051,IT,CH,ALUM1,ELEC3,0.17,95329.403,4,4,95329.395,0.0,0.0,0.0,0.008,560761.194118
1786049,IT,ZA,CERAM,COMPU,0.15,95324.968,4,4,95324.963,0.0,0.0,0.0,0.005,635499.786667
1766420,IT,RU,BASIC,STEAM,0.11,95315.508,4,4,95315.502,0.0,0.0,0.0,0.006,866504.618182
1756397,IT,KR,FURNI,HOTEL,0.3,95306.97,4,4,95306.962,0.0,0.0,0.0,0.008,317689.9
1724217,IT,PT,HOTEL,HEALT,0.69,95305.082,4,4,95305.075,0.0,0.0,0.0,0.007,138123.307246
1784480,IT,ID,NONF1,FURNI,0.02,95286.138,3,3,95286.138,0.0,0.0,0.0,0.0,4764306.9
1641231,IT,AT,COKEO,INTER,0.01,95276.387,3,3,95276.387,0.0,0.0,0.0,0.0,9527638.7
1810872,IT,WM,KEROS,INSUR,0.14,95273.998,4,4,95273.99,0.0,0.0,0.0,0.008,680528.557143
1677701,IT,FR,RENTI,OFFIC,0.57,95267.346,4,4,95267.341,0.0,0.0,0.0,0.005,167135.694737
1749892,IT,CN,RUBBE,RESEA,0.32,95260.237,4,4,95260.228,0.0,0.0,0.0,0.009,297688.240625
1718333,IT,PL,BEVER,CROPS,0.41,95259.681,4,4,95259.675,0.0,0.0,0.0,0.006,232340.685366
1654730,IT,CZ,TRAN2,RETAI,0.15,95232.997,4,4,95232.994,0.0,0.0,0.0,0.003,634886.646667
1680498,IT,GR,ELEC6,WEARI,0.01,95231.436,4,4,95231.421,0.0,0.0,0.0,0.015,9523143.6
1667893,IT,ES,MOTO1,ALUM1,0.51,95229.143,4,4,95229.137,0.0,0.0,0.0,0.006,186723.809804
1766588,IT,RU,NONF1,ELEC3,0.02,95224.767,3,3,95224.767,0.0,0.0,0.0,0.0,4761238.35
1675510,IT,FR,OFFIC,FINAN,0.3,95222.177,4,4,95222.17,0.0,0.0,0.0,0.007,317407.256667
1780128,IT,TW,HOTEL,COKEO,0.69,95221.707,4,4,95221.7,0.0,0.0,0.0,0.007,138002.473913
1714097,IT,MT,SEACO,MACHI,0.1,95217.421,4,4,95217.419,0.0,0.0,0.0,0.002,952174.21
1689155,IT,IE,SALEM,LANDT,0.77,95211.529,4,4,95211.523,0.0,0.0,0.0,0.006,123651.336364
1739545,IT,GB,LANDT,93197,0.61,95203.395,4,4,95203.39,0.0,0.0,0.0,0.005,156071.139344
1812148,IT,WM,CEMEN,GASDI,0.15,95202.889,5,5,95201.885,0.0,0.0,1.0,0.004,634685.926667
1761428,IT,IN,BASIC,ALUM1,0.11,95198.547,4,4,95198.541,0.0,0.0,0.0,0.006,865441.336364
1656322,IT,DE,LEATH,BUSIN,0.68,95196.605,5,5,95195.589,0.0,1.0,0.0,0.016,139995.007353
1659716,IT,DE,RAILW,MACHI,0.64,95196.08,5,5,95195.076,0.0,0.0,1.0,0.004,148743.875
1758358,IT,BR,FABRI,POULT,0.39,95188.935,4,4,95188.928,0.0,0.0,0.0,0.007,244074.192308
1645463,IT,BE,NAPHT,RADIO,0.16,95188.486,4,4,95188.479,0.0,0.0,0.0,0.007,594928.0375
1646468,IT,BE,MACHI,BIODI,0.53,95186.691,4,4,95186.683,0.0,0.0,0.0,0.008,179597.530189
1689163,IT,IE,SALEM,PUBLI,0.77,95186.503,4,4,95186.497,0.0,0.0,0.0,0.006,123618.835065
1745420,IT,JP,DAIRY,PLAST,0.39,95181.105,5,5,95180.099,0.0,1.0,0.0,0.006,244054.115385
1670882,IT,FI,PLAST,MACHI,0.2,95175.705,4,4,95175.695,0.0,0.0,0.0,0.01,475878.525
1773752,IT,CH,ELEC1,RECRE,0.01,95171.1,4,4,95171.094,0.0,0.0,0.0,0.006,9517110.0
1737917,IT,GB,CHEM1,LEATH,0.2,95162.127,4,4,95162.117,0.0,0.0,0.0,0.01,475810.635
1727223,IT,RO,SUPPO,WOODW,0.68,95156.138,4,4,95156.133,0.0,0.0,0.0,0.005,139935.497059
1811299,IT,WM,BITU1,GLASS,0.15,95149.42,4,4,95149.412,0.0,0.0,0.0,0.008,634329.466667
1728388,IT,SE,TEXTI,SUPPO,0.56,95147.305,4,4,95147.292,0.0,0.0,0.0,0.013,169905.901786
1654039,IT,CZ,MACHI,HOTEL,0.53,95147.095,4,4,95147.087,0.0,0.0,0.0,0.008,179522.820755
1657615,IT,DE,GLASS,EDUCA,0.26,95142.669,4,4,95142.664,0.0,0.0,0.0,0.005,365933.342308
1801486,IT,WE,MOTO1,NONME,0.51,95141.707,4,4,95141.701,0.0,0.0,0.0,0.006,186552.366667
1796555,IT,WL,RETA1,PUBLI,0.99,95123.908,4,4,95123.902,0.0,0.0,0.0,0.006,96084.755556
1663664,IT,DK,BUSIN,EDUCA,0.98,95121.596,4,4,95121.589,0.0,0.0,0.0,0.007,97062.853061
1760364,IT,IN,CHEMI,FURNI,0.23,95119.493,5,5,95114.484,0.0,0.0,5.0,0.009,413563.013043
1642391,IT,AT,BASIC,RECRE,0.11,95118.556,4,4,95118.55,0.0,0.0,0.0,0.006,864714.145455
1745475,IT,JP,FOOD5,FISH5,0.46,95116.777,4,4,95116.768,0.0,0.0,0.0,0.009,206775.602174
1793859,IT,WL,TEXTI,MOTO1,0.56,95091.672,4,4,95091.659,0.0,0.0,0.0,0.013,169806.557143
1749439,IT,CN,GASDI,DIST1,0.14,95086.263,4,4,95086.255,0.0,0.0,0.0,0.008,679187.592857
1761054,IT,IN,PLAST,FOUND,0.2,95082.813,4,4,95082.803,0.0,0.0,0.0,0.01,475414.065
1655751,IT,DE,MEATC,EDUCA,0.32,95082.295,5,5,95081.289,0.0,1.0,0.0,0.006,297132.171875
1770943,IT,CH,VEGET,WOODW,0.34,95078.18,4,4,95078.176,0.0,0.0,0.0,0.004,279641.705882
1735264,IT,SK,GLASS,WOODW,0.26,95076.546,4,4,95076.541,0.0,0.0,0.0,0.005,365679.023077
1769237,IT,AU,RUBBE,MEATC,0.32,95075.268,4,4,95075.259,0.0,0.0,0.0,0.009,297110.2125
1793605,IT,WL,VEGE1,RETA1,0.29,95074.675,5,5,95073.654,0.0,1.0,0.0,0.021,327843.706897
1809455,IT,WM,CHEMI,SEACO,0.23,95074.63,5,5,95069.621,0.0,0.0,5.0,0.009,413367.956522
1728026,IT,SE,CHEMI,PLAST,0.23,95073.454,5,5,95068.445,0.0,0.0,5.0,0.009,413362.843478
1666947,IT,ES,CERAM,MACHI,0.15,95068.973,4,4,95068.968,0.0,0.0,0.0,0.005,633793.153333
1751970,IT,CN,RESEA,WEARI,0.52,95049.389,4,4,95049.382,0.0,0.0,0.0,0.007,182787.286538
1648154,IT,BE,BUSIN,MEAT1,0.98,95045.372,4,4,95045.365,0.0,0.0,0.0,0.007,96985.073469
1689365,IT,IE,RETA1,SALEM,0.99,95043.98,4,4,95043.974,0.0,0.0,0.0,0.006,96004.020202
1788737,IT,WA,MOTOR,FURNI,0.14,95040.974,4,4,95040.966,0.0,0.0,0.0,0.008,678864.1
1813383,IT,WM,FURNI,RADIO,0.3,95040.602,4,4,95040.594,0.0,0.0,0.0,0.008,316802.006667
1688820,IT,IE,BRICK,OFFIC,0.14,95039.013,4,4,95039.007,0.0,0.0,0.0,0.006,678850.092857
1755107,IT,KR,LEATH,PAPER,0.68,95037.503,5,5,95036.487,0.0,1.0,0.0,0.016,139761.033824
1746798,IT,JP,MACHI,CERAM,0.53,95024.881,4,4,95024.873,0.0,0.0,0.0,0.008,179292.228302
1805709,IT,WF,BASIC,PAPER,0.11,95023.667,4,4,95023.661,0.0,0.0,0.0,0.006,863851.518182
1786096,IT,ZA,NONME,ELECT,0.19,95020.774,4,4,95020.764,0.0,0.0,0.0,0.01,500109.336842
1789860,IT,WA,CERAM,MEDIC,0.15,95017.074,4,4,95017.069,0.0,0.0,0.0,0.005,633447.16
1715990,IT,NL,BRICK,CEMEN,0.14,95015.926,4,4,95015.92,0.0,0.0,0.0,0.006,678685.185714
1766809,IT,RU,MACHI,ELEC1,0.53,95004.404,4,4,95004.396,0.0,0.0,0.0,0.008,179253.592453
1718951,IT,PL,PRINT,LANDT,0.91,94997.165,4,4,94997.158,0.0,0.0,0.0,0.007,104392.489011
1743711,IT,US,RAILW,RESEA,0.64,94992.437,5,5,94991.433,0.0,0.0,1.0,0.004,148425.682813
1689927,IT,IE,AUXIL,COMPU,1.74,94992.309,4,4,94992.304,0.0,0.0,0.0,0.005,54593.281034
1731588,IT,SI,TEXTI,BUSIN,0.56,94990.843,4,4,94990.83,0.0,0.0,0.0,0.013,169626.505357
1715585,IT,NL,LIQUE,NUCLE,0.17,94990.804,4,4,94990.796,0.0,0.0,0.0,0.008,558769.435294
1797186,IT,WL,POSTT,HEALT,1.56,94988.867,4,4,94988.86,0.0,0.0,0.0,0.007,60890.299359
1686457,IT,HU,BASIC,INTER,0.11,94986.023,4,4,94986.017,0.0,0.0,0.0,0.006,863509.3
1744112,IT,US,SUPPO,BASIC,0.68,94984.829,4,4,94984.824,0.0,0.0,0.0,0.005,139683.572059
1649554,IT,BG,RUBBE,SECO9,0.31,94978.475,4,4,94978.466,0.0,0.0,0.0,0.009,306382.177419
1780946,IT,TW,BUSIN,LEADZ,0.98,94977.155,4,4,94977.148,0.0,0.0,0.0,0.007,96915.464286
1640532,IT,AT,FOOD5,MEAT1,0.46,94975.049,4,4,94975.041,0.0,0.0,0.0,0.008,206467.497826
1797316,IT,WL,AUXIL,AUXIL,1.74,94973.556,4,4,94973.551,0.0,0.0,0.0,0.005,54582.503448
1797435,IT,WL,COMPU,INSUR,1.08,94969.167,4,4,94969.161,0.0,0.0,0.0,0.006,87934.413889
1792123,IT,WA,AIRTR,MEMBE,0.1,94958.639,4,4,94958.636,0.0,0.0,0.0,0.003,949586.39
1813818,IT,WM,RAILW,SUPPO,0.64,94957.963,5,5,94956.959,0.0,0.0,1.0,0.004,148371.817188
1719766,IT,PL,BASIC,STONE,0.11,94955.216,4,4,94955.21,0.0,0.0,0.0,0.006,863229.236364
1788076,IT,WA,TEXTI,COMPU,0.56,94950.906,4,4,94950.893,0.0,0.0,0.0,0.013,169555.189286
1718793,IT,PL,PAPER,MOTOR,0.37,94950.711,5,5,94949.702,0.0,1.0,0.0,0.009,256623.543243
1778980,IT,TR,SEACO,INERT,0.1,94949.475,4,4,94949.473,0.0,0.0,0.0,0.002,949494.75
1761206,IT,IN,ADDIT,ALUM1,0.22,94935.984,5,5,94934.977,0.0,1.0,0.0,0.007,431527.2
1673974,IT,FR,KEROS,LIQUE,0.14,94921.475,4,4,94921.467,0.0,0.0,0.0,0.008,678010.535714
1753741,IT,CA,FURNI,FOOD5,0.3,94918.828,4,4,94918.82,0.0,0.0,0.0,0.008,316396.093333
1773137,IT,CH,COPP1,RETA1,0.24,94910.165,4,4,94910.16,0.0,0.0,0.0,0.005,395459.020833
1769402,IT,AU,CERAM,COMPU,0.15,94906.824,4,4,94906.819,0.0,0.0,0.0,0.005,632712.16
1664902,IT,ES,CRUDE,NAPHT,0.19,94896.02,4,4,94896.012,0.0,0.0,0.0,0.008,499452.736842
1733133,IT,SI,FABRI,FURNI,0.39,94895.701,4,4,94895.694,0.0,0.0,0.0,0.007,243322.310256
1640961,IT,AT,WOODW,CEMEN,0.27,94895.58,5,5,94894.574,0.0,1.0,0.0,0.006,351465.111111
1732695,IT,SI,CERAM,RAILW,0.15,94894.519,4,4,94894.514,0.0,0.0,0.0,0.005,632630.126667
1786182,IT,ZA,PREC1,ELECT,0.16,94891.383,4,4,94891.379,0.0,0.0,0.0,0.004,593071.14375
1784029,IT,ID,TEXTI,RUBBE,0.56,94886.734,4,4,94886.721,0.0,0.0,0.0,0.013,169440.596429
1677782,IT,FR,COMPU,ELEC3,1.08,94886.262,4,4,94886.256,0.0,0.0,0.0,0.006,87857.65
1720579,IT,PL,OFFIC,REALE,0.29,94871.029,4,4,94871.022,0.0,0.0,0.0,0.007,327141.47931
1756320,IT,KR,MOTO1,WHOLE,0.5,94865.801,4,4,94865.795,0.0,0.0,0.0,0.006,189731.602
1655882,IT,DE,DAIRY,MEDIC,0.39,94851.32,5,5,94850.314,0.0,1.0,0.0,0.006,243208.512821
1752235,IT,CA,VEGET,CHEM1,0.34,94850.441,4,4,94850.437,0.0,0.0,0.0,0.004,278971.885294
1725051,IT,RO,OILSE,MEAT1,0.07,94848.647,5,5,94847.643,0.0,1.0,0.0,0.004,1354980.671429
1725427,IT,RO,TEXTI,EDUCA,0.56,94840.686,4,4,94840.673,0.0,0.0,0.0,0.013,169358.367857
1680957,IT,GR,SEACO,INSUR,0.1,94840.043,4,4,94840.041,0.0,0.0,0.0,0.002,948400.43
1657167,IT,DE,NFERT,RESEA,0.02,94839.011,4,4,94839.003,0.0,0.0,0.0,0.008,4741950.55
1712513,IT,LV,FABRI,MACHI,0.39,94837.449,4,4,94837.442,0.0,0.0,0.0,0.007,243172.946154
1641106,IT,AT,PAPER,FURNI,0.37,94827.83,5,5,94826.821,0.0,1.0,0.0,0.009,256291.432432
1724910,IT,PT,BUSIN,RETAI,0.97,94826.836,4,4,94826.829,0.0,0.0,0.0,0.007,97759.624742
1679678,IT,GR,CERAM,CEMEN,0.15,94824.029,4,4,94824.024,0.0,0.0,0.0,0.005,632160.193333
1808516,IT,WF,PAPE4,VEGET,0.63,94823.1,4,4,94823.095,0.0,0.0,0.0,0.005,150512.857143
1651207,IT,BG,BUSIN,RETA1,0.97,94815.229,4,4,94815.222,0.0,0.0,0.0,0.007,97747.658763
1798441,IT,WE,NATUR,LIQUE,0.13,94813.855,4,4,94813.849,0.0,0.0,0.0,0.006,729337.346154
1680968,IT,GR,INLAN,HEAVY,0.15,94809.819,4,4,94809.813,0.0,0.0,0.0,0.006,632065.46
1688789,IT,IE,RUBBE,BUSIN,0.31,94807.557,4,4,94807.548,0.0,0.0,0.0,0.009,305830.829032
1642465,IT,AT,ALUM1,REALE,0.16,94806.587,4,4,94806.579,0.0,0.0,0.0,0.008,592541.16875
1732294,IT,SI,NAPHT,BEVER,0.16,94805.883,4,4,94805.876,0.0,0.0,0.0,0.007,592536.76875
1772742,IT,CH,CEMEN,WHOLE,0.15,94805.588,5,5,94804.584,0.0,0.0,1.0,0.004,632037.253333
1782052,IT,NO,GLASS,FISHF,0.26,94799.859,4,4,94799.854,0.0,0.0,0.0,0.005,364614.842308
1806211,IT,WF,MACHI,LEADZ,0.53,94797.326,4,4,94797.318,0.0,0.0,0.0,0.008,178862.879245
1803167,IT,WF,OILSE,INSUR,0.07,94795.172,5,5,94794.168,0.0,1.0,0.0,0.004,1354216.742857
1658590,IT,DE,MACHI,PREC1,0.53,94795.126,4,4,94795.118,0.0,0.0,0.0,0.008,178858.728302
1795421,IT,WL,BASIC,RAILW,0.11,94782.713,4,4,94782.707,0.0,0.0,0.0,0.006,861661.027273
1655588,IT,DE,SANDC,BRICK,0.22,94781.95,5,5,94760.947,0.0,0.0,21.0,0.003,430827.045455
1760492,IT,IN,TEXTI,WHOLE,0.56,94779.175,4,4,94779.162,0.0,0.0,0.0,0.013,169248.526786
1685752,IT,HU,PLAST,DAIRY,0.2,94776.023,4,4,94776.013,0.0,0.0,0.0,0.01,473880.115
1804652,IT,WF,HEAVY,FINAN,0.15,94767.326,4,4,94767.318,0.0,0.0,0.0,0.008,631782.173333
1778533,IT,TR,RETA1,RUBBE,0.99,94757.465,4,4,94757.459,0.0,0.0,0.0,0.006,95714.611111
1795999,IT,WL,MOTO1,DISTR,0.5,94748.9,4,4,94748.894,0.0,0.0,0.0,0.006,189497.8
1655601,IT,DE,SANDC,SECO9,0.22,94746.665,5,5,94725.662,0.0,0.0,21.0,0.003,430666.659091
1678845,IT,GR,BEVER,PUBLI,0.4,94745.982,4,4,94745.976,0.0,0.0,0.0,0.006,236864.955
1789335,IT,WA,CHEM1,PRECI,0.2,94745.145,4,4,94745.135,0.0,0.0,0.0,0.01,473725.725
1718385,IT,PL,BEVER,MACHI,0.4,94742.367,4,4,94742.361,0.0,0.0,0.0,0.006,236855.9175
1646643,IT,BE,TRANS,PUBLI,0.57,94742.17,4,4,94742.165,0.0,0.0,0.0,0.005,166214.333333
1689435,IT,IE,HOTEL,CEMEN,0.69,94738.308,4,4,94738.301,0.0,0.0,0.0,0.007,137301.895652
1709455,IT,LT,TEXTI,TRANS,0.56,94725.549,4,4,94725.536,0.0,0.0,0.0,0.013,169152.766071
1804418,IT,WF,KEROS,HEALT,0.14,94724.428,4,4,94724.42,0.0,0.0,0.0,0.008,676603.057143
1748758,IT,CN,BEVER,HEALT,0.4,94720.268,4,4,94720.262,0.0,0.0,0.0,0.006,236800.67
1715757,IT,NL,BIODI,MEATC,0.2,94705.84,4,4,94705.83,0.0,0.0,0.0,0.01,473529.2
1671792,IT,FI,WHOLE,INSUR,0.82,94703.852,4,4,94703.847,0.0,0.0,0.0,0.005,115492.502439
1718851,IT,PL,PAPER,AUXIL,0.37,94697.163,5,5,94696.154,0.0,1.0,0.0,0.009,255938.278378
1711049,IT,LU,BASIC,HOTEL,0.11,94693.254,4,4,94693.248,0.0,0.0,0.0,0.006,860847.763636
1794888,IT,WL,CHEM1,PLANT,0.2,94683.594,4,4,94683.584,0.0,0.0,0.0,0.01,473417.97
1757283,IT,BR,PROCE,WHOLE,0.64,94680.312,4,4,94680.306,0.0,0.0,0.0,0.006,147937.9875
1748611,IT,CN,DAIRY,CEREA,0.38,94672.951,5,5,94671.945,0.0,1.0,0.0,0.006,249139.344737
1800036,IT,WE,HEAVY,MEMBE,0.15,94666.619,4,4,94666.611,0.0,0.0,0.0,0.008,631110.793333
1689723,IT,IE,FINAN,PLAST,1.23,94660.426,4,4,94660.423,0.0,0.0,0.0,0.003,76959.695935
1661676,IT,DK,TEXTI,BUSIN,0.56,94645.589,4,4,94645.576,0.0,0.0,0.0,0.013,169009.980357
1653191,IT,CZ,CHEM1,RECRE,0.2,94645.257,4,4,94645.247,0.0,0.0,0.0,0.01,473226.285
1803652,IT,WF,FOOD5,SUPPO,0.45,94643.101,4,4,94643.093,0.0,0.0,0.0,0.008,210318.002222
1647422,IT,BE,AIRTR,FABRI,0.1,94641.839,4,4,94641.836,0.0,0.0,0.0,0.003,946418.39
1662977,IT,DK,HOTEL,FISHF,0.69,94638.909,4,4,94638.902,0.0,0.0,0.0,0.007,137157.83913
1723009,IT,PT,PLAST,GASDI,0.2,94632.475,4,4,94632.465,0.0,0.0,0.0,0.01,473162.375
1779893,IT,TW,CONST,VEGET,0.53,94629.643,4,4,94629.638,0.0,0.0,0.0,0.005,178546.496226
1674014,IT,FR,KEROS,INERT,0.14,94627.949,4,4,94627.941,0.0,0.0,0.0,0.008,675913.921429
1679165,IT,GR,PAPER,MEMBE,0.37,94627.469,5,5,94626.46,0.0,1.0,0.0,0.009,255749.916216
1805116,IT,WF,PFERT,WHEAT,0.04,94613.717,4,4,94613.702,0.0,0.0,0.0,0.015,2365342.925
1811569,IT,WM,PFERT,HEALT,0.04,94613.085,4,4,94613.07,0.0,0.0,0.0,0.015,2365327.125
1673274,IT,FR,FISH5,RECRE,0.4,94605.596,4,4,94605.547,0.0,0.0,0.0,0.049,236513.99
1737741,IT,GB,HEAVY,KERO1,0.15,94587.284,4,4,94587.276,0.0,0.0,0.0,0.008,630581.893333
1760902,IT,IN,GASDI,REALE,0.14,94579.623,4,4,94579.615,0.0,0.0,0.0,0.008,675568.735714
1712438,IT,LV,BASIC,TRANS,0.11,94577.721,4,4,94577.715,0.0,0.0,0.0,0.006,859797.463636
1725385,IT,RO,TEXTI,CHEM1,0.56,94577.046,4,4,94577.033,0.0,0.0,0.0,0.013,168887.582143
1776852,IT,TR,BITU1,ELEC8,0.15,94571.273,4,4,94571.265,0.0,0.0,0.0,0.008,630475.153333
1643573,IT,AT,SEACO,COMPU,0.1,94571.162,4,4,94571.16,0.0,0.0,0.0,0.002,945711.62
1732606,IT,SI,GLASS,PAPER,0.26,94567.572,4,4,94567.567,0.0,0.0,0.0,0.005,363721.430769
1752747,IT,CA,WOODW,FORES,0.26,94566.438,5,5,94565.432,0.0,1.0,0.0,0.006,363717.069231
1719465,IT,PL,RUBBE,SEWAG,0.31,94554.381,4,4,94554.372,0.0,0.0,0.0,0.009,305014.132258
1711482,IT,LU,AIRTR,FINAN,0.1,94551.518,4,4,94551.515,0.0,0.0,0.0,0.003,945515.18
1647824,IT,BE,AUXIL,ELEC3,1.73,94548.646,4,4,94548.641,0.0,0.0,0.0,0.005,54652.396532
1652983,IT,CZ,PLAST,CEREA,0.2,94547.649,4,4,94547.639,0.0,0.0,0.0,0.01,472738.245
1648235,IT,BE,BUSIN,RAILW,0.97,94545.98,4,4,94545.973,0.0,0.0,0.0,0.007,97470.082474
1765713,IT,RU,PAPER,SUPPO,0.37,94541.122,5,5,94540.113,0.0,1.0,0.0,0.009,255516.545946
1690193,IT,IE,BUSIN,PLAST,0.97,94537.84,4,4,94537.833,0.0,0.0,0.0,0.007,97461.690722
1752480,IT,CA,PROCE,BEVER,0.64,94531.977,4,4,94531.971,0.0,0.0,0.0,0.006,147706.214062
1722801,IT,PT,PAPER,SECO9,0.37,94529.065,5,5,94528.056,0.0,1.0,0.0,0.009,255483.959459
1811434,IT,WM,PLAST,ETHAN,0.2,94523.358,4,4,94523.348,0.0,0.0,0.0,0.01,472616.79
1715966,IT,NL,CERAM,CEMEN,0.15,94519.101,4,4,94519.096,0.0,0.0,0.0,0.005,630127.34
1741975,IT,US,CHEM1,SEWAG,0.2,94517.256,4,4,94517.246,0.0,0.0,0.0,0.01,472586.28
1770469,IT,AU,AIRTR,PROCE,0.1,94516.283,4,4,94516.28,0.0,0.0,0.0,0.003,945162.83
1717941,IT,PL,STONE,ELEC2,0.31,94512.631,5,5,94507.627,0.0,0.0,5.0,0.004,304879.454839
1735783,IT,SK,MACHI,PULP5,0.53,94511.711,4,4,94511.703,0.0,0.0,0.0,0.008,178323.983019
1813689,IT,WM,RETA1,RETA1,0.99,94510.187,4,4,94510.181,0.0,0.0,0.0,0.006,95464.835354
1733136,IT,SI,FABRI,ELEC3,0.38,94510.061,4,4,94510.054,0.0,0.0,0.0,0.007,248710.686842
1802477,IT,WE,SUPPO,AIRTR,0.68,94501.275,4,4,94501.27,0.0,0.0,0.0,0.005,138972.463235
1643593,IT,AT,AIRTR,DAIRY,0.1,94497.454,4,4,94497.451,0.0,0.0,0.0,0.003,944974.54
1727219,IT,RO,SUPPO,BEVER,0.68,94496.849,4,4,94496.844,0.0,0.0,0.0,0.005,138965.954412
1681272,IT,GR,FINAN,SEACO,1.23,94478.982,4,4,94478.979,0.0,0.0,0.0,0.003,76812.180488
1654508,IT,CZ,HOTEL,PFERT,0.68,94467.991,4,4,94467.984,0.0,0.0,0.0,0.007,138923.516176
1760893,IT,IN,GASDI,RETA1,0.14,94467.667,4,4,94467.659,0.0,0.0,0.0,0.008,674769.05
1792048,IT,WA,AIRTR,TEXTI,0.1,94467.635,4,4,94467.632,0.0,0.0,0.0,0.003,944676.35
1750788,IT,CN,FURNI,FORES,0.3,94454.234,4,4,94454.226,0.0,0.0,0.0,0.008,314847.446667
1725604,IT,RO,WOODW,SALEM,0.26,94449.594,5,5,94448.588,0.0,1.0,0.0,0.006,363267.669231
1754828,IT,KR,FOOD5,BUSIN,0.45,94447.811,4,4,94447.803,0.0,0.0,0.0,0.008,209884.024444
1789067,IT,WA,NAPHT,WASTE,0.16,94447.406,4,4,94447.399,0.0,0.0,0.0,0.007,590296.2875
1769504,IT,AU,BASIC,LANDT,0.11,94444.547,4,4,94444.541,0.0,0.0,0.0,0.006,858586.790909
1645546,IT,BE,PLAST,FOOD2,0.2,94441.659,4,4,94441.649,0.0,0.0,0.0,0.01,472208.295
1734896,IT,SK,PAPER,PUBLI,0.37,94438.731,5,5,94437.722,0.0,1.0,0.0,0.009,255239.813514
1730726,IT,SE,RESEA,WHOLE,0.51,94429.518,4,4,94429.511,0.0,0.0,0.0,0.007,185155.917647
1781326,IT,NO,VEGE1,SEACO,0.29,94429.222,5,5,94428.201,0.0,1.0,0.0,0.021,325618.006897
1804913,IT,WF,BITU1,RETA1,0.15,94419.204,4,4,94419.196,0.0,0.0,0.0,0.008,629461.36
1671206,IT,FI,NONME,FABRI,0.19,94418.085,4,4,94418.075,0.0,0.0,0.0,0.01,496937.289474
1646946,IT,BE,WHOLE,AUXIL,0.82,94409.442,4,4,94409.437,0.0,0.0,0.0,0.005,115133.465854
1716994,IT,NL,LANDT,TEXTI,0.61,94403.078,4,4,94403.074,0.0,0.0,0.0,0.004,154759.144262
1789894,IT,WA,BRICK,WHOLE,0.14,94396.547,4,4,94396.541,0.0,0.0,0.0,0.006,674261.05
1731694,IT,SI,WOODW,LANDT,0.26,94391.586,5,5,94390.58,0.0,1.0,0.0,0.006,363044.561538
1813792,IT,WM,RAILW,CRUDE,0.63,94383.092,5,5,94382.088,0.0,0.0,1.0,0.004,149814.431746
1746095,IT,JP,PRINT,RETA1,0.91,94377.144,4,4,94377.137,0.0,0.0,0.0,0.007,103711.147253
1772932,IT,CH,PREC1,MOTOR,0.16,94376.095,4,4,94376.091,0.0,0.0,0.0,0.004,589850.59375
1747167,IT,JP,CONST,OFFIC,0.53,94373.36,4,4,94373.355,0.0,0.0,0.0,0.005,178062.943396
1742846,IT,US,MACHI,MEATA,0.53,94367.269,4,4,94367.261,0.0,0.0,0.0,0.008,178051.450943
1664449,IT,EE,MACHI,REALE,0.53,94357.572,4,4,94357.564,0.0,0.0,0.0,0.008,178033.154717
1761629,IT,IN,FABRI,TOBAC,0.38,94353.552,4,4,94353.545,0.0,0.0,0.0,0.007,248298.821053
1662458,IT,DK,ALUM1,BRICK,0.16,94353.365,4,4,94353.357,0.0,0.0,0.0,0.008,589708.53125
1767173,IT,RU,WHOLE,GLASS,0.82,94351.929,4,4,94351.924,0.0,0.0,0.0,0.005,115063.328049
1677488,IT,FR,AUXIL,PLAST,1.73,94350.52,4,4,94350.515,0.0,0.0,0.0,0.005,54537.872832
1751977,IT,CN,RESEA,MOTOR,0.51,94326.333,4,4,94326.326,0.0,0.0,0.0,0.007,184953.594118
1730213,IT,SE,LANDT,RENTI,0.61,94325.468,4,4,94325.464,0.0,0.0,0.0,0.004,154631.914754
1788749,IT,WA,MOTOR,RAILW,0.14,94311.953,4,4,94311.945,0.0,0.0,0.0,0.008,673656.807143
1778751,IT,TR,LANDT,RAWMI,0.61,94301.246,4,4,94301.242,0.0,0.0,0.0,0.004,154592.206557
1709367,IT,LT,FOOD5,MEATP,0.45,94291.234,4,4,94291.226,0.0,0.0,0.0,0.008,209536.075556
1713593,IT,MT,BASIC,MEATP,0.11,94288.875,4,4,94288.869,0.0,0.0,0.0,0.006,857171.590909
1813341,IT,WM,FURNI,MEAT4,0.3,94281.213,4,4,94281.205,0.0,0.0,0.0,0.008,314270.71
1788301,IT,WA,LEATH,ELECT,0.68,94280.769,5,5,94279.753,0.0,1.0,0.0,0.016,138648.189706
1658320,IT,DE,COPP1,SUPPO,0.24,94278.703,4,4,94278.698,0.0,0.0,0.0,0.005,392827.929167
1765416,IT,RU,TEXTI,FISH5,0.56,94274.42,4,4,94274.407,0.0,0.0,0.0,0.013,168347.178571
1646758,IT,BE,CONST,DISTR,0.53,94273.168,4,4,94273.163,0.0,0.0,0.0,0.005,177873.901887
1684567,IT,HR,BUSIN,HOTEL,0.97,94265.75,4,4,94265.743,0.0,0.0,0.0,0.007,97181.185567
1675497,IT,FR,OFFIC,RADIO,0.29,94265.242,4,4,94265.235,0.0,0.0,0.0,0.007,325052.558621
1759110,IT,BR,AIRTR,LIQUE,0.1,94253.014,4,4,94253.011,0.0,0.0,0.0,0.003,942530.14
1679962,IT,GR,FABRI,ELECT,0.38,94251.824,4,4,94251.817,0.0,0.0,0.0,0.007,248031.115789
1688827,IT,IE,NONME,CEMEN,0.19,94248.577,4,4,94248.567,0.0,0.0,0.0,0.01,496045.142105
1647852,IT,BE,AUXIL,COMPU,1.72,94227.666,4,4,94227.661,0.0,0.0,0.0,0.005,54783.526744
1665352,IT,ES,FISH5,HEALT,0.4,94220.682,4,4,94220.634,0.0,0.0,0.0,0.048,235551.705
1641404,IT,AT,GASDI,OILSE,0.14,94213.311,4,4,94213.303,0.0,0.0,0.0,0.008,672952.221429
1744325,IT,US,FINAN,FURNI,1.23,94194.086,4,4,94194.083,0.0,0.0,0.0,0.003,76580.557724
1649768,IT,BG,BASIC,TRAN1,0.11,94192.915,4,4,94192.909,0.0,0.0,0.0,0.006,856299.227273
1735115,IT,SK,CHEM1,RESEA,0.2,94189.669,4,4,94189.659,0.0,0.0,0.0,0.01,470948.345
1803612,IT,WF,FOOD5,MEATP,0.45,94177.86,4,4,94177.852,0.0,0.0,0.0,0.008,209284.133333
1644666,IT,BE,BEVER,SUGA1,0.4,94172.208,4,4,94172.202,0.0,0.0,0.0,0.006,235430.52
1769535,IT,AU,ALUM1,CEMEN,0.16,94171.761,4,4,94171.753,0.0,0.0,0.0,0.008,588573.50625
1718281,IT,PL,FOOD5,PLAST,0.45,94169.168,4,4,94169.16,0.0,0.0,0.0,0.008,209264.817778
1664329,IT,EE,FABRI,WOODW,0.38,94158.408,4,4,94158.401,0.0,0.0,0.0,0.007,247785.284211
1715416,IT,NL,MOTOR,CHEM1,0.14,94152.147,4,4,94152.139,0.0,0.0,0.0,0.008,672515.335714
1646665,IT,BE,FURNI,CHEM1,0.3,94149.316,4,4,94149.308,0.0,0.0,0.0,0.008,313831.053333
1725332,IT,RO,FISH5,KEROS,0.4,94139.611,4,4,94139.563,0.0,0.0,0.0,0.048,235349.0275
1778678,IT,TR,HOTEL,REALE,0.68,94135.428,4,4,94135.421,0.0,0.0,0.0,0.007,138434.452941
1801070,IT,WE,COPP1,CHEM1,0.24,94131.878,4,4,94131.873,0.0,0.0,0.0,0.005,392216.158333
1649330,IT,BG,PLAST,CHEM1,0.2,94130.664,4,4,94130.654,0.0,0.0,0.0,0.01,470653.32
1751102,IT,CN,RETA1,PFERT,0.98,94110.857,4,4,94110.851,0.0,0.0,0.0,0.006,96031.486735
1666511,IT,ES,PLAST,DISTR,0.2,94106.699,4,4,94106.689,0.0,0.0,0.0,0.01,470533.495
1743274,IT,US,FURNI,RUBBE,0.3,94100.339,4,4,94100.331,0.0,0.0,0.0,0.008,313667.796667
1671396,IT,FI,FABRI,BEVER,0.38,94097.712,4,4,94097.705,0.0,0.0,0.0,0.007,247625.557895
1711980,IT,LV,VEGET,BASIC,0.33,94095.323,4,4,94095.319,0.0,0.0,0.0,0.004,285137.342424
1774733,IT,CH,SUPPO,DIST1,0.68,94075.182,4,4,94075.177,0.0,0.0,0.0,0.005,138345.855882
1714061,IT,MT,HOTEL,HEALT,0.68,94073.811,4,4,94073.804,0.0,0.0,0.0,0.007,138343.839706
1778820,IT,TR,LANDT,SALEM,0.61,94073.809,4,4,94073.805,0.0,0.0,0.0,0.004,154219.359016
1760799,IT,IN,PRINT,PUBLI,0.9,94066.886,4,4,94066.879,0.0,0.0,0.0,0.007,104518.762222
1750090,IT,CN,BASIC,SECO9,0.11,94061.621,4,4,94061.615,0.0,0.0,0.0,0.006,855105.645455
1667830,IT,ES,OFFIC,SEACO,0.29,94052.72,4,4,94052.713,0.0,0.0,0.0,0.007,324319.724138
1796016,IT,WL,MOTO1,FINAN,0.5,94046.336,4,4,94046.33,0.0,0.0,0.0,0.006,188092.672
1673049,IT,FR,FOOD5,MOTOR,0.45,94036.382,4,4,94036.374,0.0,0.0,0.0,0.008,208969.737778
1676204,IT,FR,CONST,HOTEL,0.53,94033.328,4,4,94033.323,0.0,0.0,0.0,0.005,177421.373585
1662044,IT,DK,CHEM1,CRUDE,0.2,94031.151,4,4,94031.141,0.0,0.0,0.0,0.01,470155.755
1675448,IT,FR,MACHI,FOOD1,0.52,94026.919,4,4,94026.911,0.0,0.0,0.0,0.008,180820.998077
1812136,IT,WM,BRICK,RENTI,0.14,94025.327,4,4,94025.321,0.0,0.0,0.0,0.006,671609.478571
1768708,IT,AU,TEXTI,93197,0.56,94020.403,4,4,94020.391,0.0,0.0,0.0,0.012,167893.576786
1676605,IT,FR,HOTEL,ELEC8,0.68,94013.594,4,4,94013.587,0.0,0.0,0.0,0.007,138255.285294
1659767,IT,DE,LANDT,RAWMI,0.61,94011.322,4,4,94011.318,0.0,0.0,0.0,0.004,154116.921311
1760953,IT,IN,HEAVY,FURNI,0.15,94011.253,4,4,94011.245,0.0,0.0,0.0,0.008,626741.686667
1643288,IT,AT,HOTEL,INTER,0.68,94007.435,4,4,94007.428,0.0,0.0,0.0,0.007,138246.227941
1723163,IT,PT,RUBBE,MEATC,0.31,94003.732,4,4,94003.723,0.0,0.0,0.0,0.009,303237.845161
1751743,IT,CN,INSUR,REALE,1.94,93996.954,4,4,93996.95,0.0,0.0,0.0,0.004,48452.038144
1646150,IT,BE,PREC1,COMPU,0.16,93994.209,4,4,93994.205,0.0,0.0,0.0,0.004,587463.80625
1652988,IT,CZ,PLAST,CROPS,0.2,93985.014,4,4,93985.004,0.0,0.0,0.0,0.01,469925.07
1652330,IT,CZ,BEVER,PUBLI,0.4,93982.06,4,4,93982.054,0.0,0.0,0.0,0.006,234955.15
1807110,IT,WF,SEACO,PUBLI,0.1,93976.296,4,4,93976.294,0.0,0.0,0.0,0.002,939762.96
1747028,IT,JP,TRANS,RAILW,0.56,93969.759,4,4,93969.754,0.0,0.0,0.0,0.005,167803.141071
1787871,IT,WA,BEVER,VEGET,0.4,93968.544,4,4,93968.538,0.0,0.0,0.0,0.006,234921.36
1720258,IT,PL,FABRI,NATUR,0.38,93961.54,4,4,93961.533,0.0,0.0,0.0,0.007,247267.210526
1645368,IT,BE,HEAVY,KEROS,0.15,93960.301,4,4,93960.293,0.0,0.0,0.0,0.008,626402.006667
1643606,IT,AT,AIRTR,GASDI,0.1,93952.046,4,4,93952.043,0.0,0.0,0.0,0.003,939520.46
1768753,IT,AU,WEARI,FURNI,0.71,93951.913,4,4,93951.895,0.0,0.0,0.0,0.018,132326.638028
1713265,IT,MT,PAPER,BUSIN,0.36,93944.332,5,5,93943.323,0.0,1.0,0.0,0.009,260956.477778
1812937,IT,WM,MACHI,PROCE,0.52,93940.24,4,4,93940.232,0.0,0.0,0.0,0.008,180654.307692
1725659,IT,RO,PAPER,DAIRY,0.36,93938.042,5,5,93937.033,0.0,1.0,0.0,0.009,260939.005556
1679858,IT,GR,ALUM1,RESEA,0.16,93936.641,4,4,93936.633,0.0,0.0,0.0,0.008,587104.00625
1795462,IT,WL,PREC1,ELECT,0.16,93936.367,4,4,93936.363,0.0,0.0,0.0,0.004,587102.29375
1793241,IT,WA,PRIVA,MEATP,20.96,93935.443,5,5,93934.428,1.0,0.0,0.0,0.015,4481.652815
1662486,IT,DK,ALUM1,FOOD2,0.16,93933.132,4,4,93933.124,0.0,0.0,0.0,0.008,587082.075
1715950,IT,NL,GLASS,HEALT,0.26,93932.798,4,4,93932.793,0.0,0.0,0.0,0.005,361279.992308
1789769,IT,WA,GLASS,NONF1,0.26,93913.128,4,4,93913.123,0.0,0.0,0.0,0.005,361204.338462
1739011,IT,GB,SALEM,SUPPO,0.76,93911.979,4,4,93911.973,0.0,0.0,0.0,0.006,123568.393421
1642500,IT,AT,LEAD1,WHOLE,0.16,93909.924,4,4,93909.916,0.0,0.0,0.0,0.008,586937.025
1791935,IT,WA,SEACO,VEGE1,0.1,93908.528,4,4,93908.526,0.0,0.0,0.0,0.002,939085.28
1752382,IT,CA,VEGE1,ANIMA,0.29,93908.45,5,5,93907.43,0.0,1.0,0.0,0.02,323822.241379
1642952,IT,AT,FURNI,OFFIC,0.3,93902.452,4,4,93902.444,0.0,0.0,0.0,0.008,313008.173333
1741445,IT,US,MOTOR,CEMEN,0.14,93899.662,4,4,93899.654,0.0,0.0,0.0,0.008,670711.871429
1782242,IT,NO,ALUM1,NATUR,0.16,93898.549,4,4,93898.541,0.0,0.0,0.0,0.008,586865.93125
1670179,IT,ES,MEMBE,RECRE,1.09,93896.376,4,4,93896.37,0.0,0.0,0.0,0.006,86143.46422
1715001,IT,NL,TOBAC,COMPU,0.37,93895.768,4,4,93895.762,0.0,0.0,0.0,0.006,253772.345946
1726338,IT,RO,ALUM1,RUBBE,0.16,93894.694,4,4,93894.686,0.0,0.0,0.0,0.008,586841.8375
1669223,IT,ES,POSTT,EDUCA,1.55,93887.937,4,4,93887.93,0.0,0.0,0.0,0.007,60572.862581
1790504,IT,WA,COPP1,MEDIC,0.24,93884.878,4,4,93884.873,0.0,0.0,0.0,0.005,391186.991667
1755130,IT,KR,LEATH,CEMEN,0.67,93881.784,5,5,93880.768,0.0,1.0,0.0,0.016,140122.065672
1774790,IT,CH,POSTT,CHEM1,1.55,93880.541,4,4,93880.534,0.0,0.0,0.0,0.007,60568.090968
1760813,IT,IN,COKEO,COLLE,0.01,93880.175,3,3,93880.175,0.0,0.0,0.0,0.0,9388017.5
1723807,IT,PT,OFFIC,HEALT,0.29,93879.934,4,4,93879.927,0.0,0.0,0.0,0.007,323723.910345
1640197,IT,AT,OILSE,HOTEL,0.07,93876.523,5,5,93875.519,0.0,1.0,0.0,0.004,1341093.185714
1752634,IT,CA,TEXTI,MEDIC,0.56,93871.252,4,4,93871.24,0.0,0.0,0.0,0.012,167627.235714
1767269,IT,RU,HOTEL,CHEM1,0.68,93869.05,4,4,93869.043,0.0,0.0,0.0,0.007,138042.720588
1774800,IT,CH,POSTT,OFFIC,1.55,93852.636,4,4,93852.629,0.0,0.0,0.0,0.007,60550.087742
1765616,IT,RU,WOODW,FABRI,0.26,93834.59,5,5,93833.584,0.0,1.0,0.0,0.006,360902.269231
1717166,IT,NL,AIRTR,HOTEL,0.1,93829.828,4,4,93829.825,0.0,0.0,0.0,0.003,938298.28
1722494,IT,PT,FOOD5,MEAT4,0.45,93829.643,4,4,93829.635,0.0,0.0,0.0,0.008,208510.317778
1770880,IT,AU,BUSIN,RETA1,0.96,93825.128,4,4,93825.122,0.0,0.0,0.0,0.006,97734.508333
1786443,IT,ZA,MOTO1,VEGET,0.5,93822.332,4,4,93822.326,0.0,0.0,0.0,0.006,187644.664
1722352,IT,PT,FISHF,PAPER,0.16,93819.162,4,4,93819.159,0.0,0.0,0.0,0.003,586369.7625
1679267,IT,GR,GASDI,HOTEL,0.14,93818.542,4,4,93818.534,0.0,0.0,0.0,0.008,670132.442857
1643137,IT,AT,RETA1,PRINT,0.98,93816.498,4,4,93816.492,0.0,0.0,0.0,0.006,95731.120408
1809024,IT,WM,VEGET,NONF1,0.33,93800.503,4,4,93800.499,0.0,0.0,0.0,0.004,284243.948485
1787983,IT,WA,TEXTI,NATUR,0.56,93800.027,4,4,93800.015,0.0,0.0,0.0,0.012,167500.048214
1757909,IT,BR,CHEM1,ELEC4,0.2,93797.359,4,4,93797.349,0.0,0.0,0.0,0.01,468986.795
1680036,IT,GR,MACHI,CHEM1,0.52,93796.559,4,4,93796.551,0.0,0.0,0.0,0.008,180377.998077
1778178,IT,TR,FURNI,MEATC,0.3,93796.051,4,4,93796.043,0.0,0.0,0.0,0.008,312653.503333
1788648,IT,WA,PRINT,INSUR,0.9,93791.052,4,4,93791.045,0.0,0.0,0.0,0.007,104212.28
1709711,IT,LT,CHEM1,WOODW,0.2,93789.164,4,4,93789.154,0.0,0.0,0.0,0.01,468945.82
1686813,IT,HU,FABRI,BRICK,0.38,93788.281,4,4,93788.274,0.0,0.0,0.0,0.007,246811.265789
1751446,IT,CN,AIRTR,PLAST,0.1,93785.446,4,4,93785.443,0.0,0.0,0.0,0.003,937854.46
1734593,IT,SK,BEVER,WHOLE,0.4,93784.004,4,4,93783.998,0.0,0.0,0.0,0.006,234460.01
1772524,IT,CH,RUBBE,KEROS,0.31,93779.179,4,4,93779.17,0.0,0.0,0.0,0.009,302513.480645
1803376,IT,WF,CHEMI,WEARI,0.22,93775.401,5,5,93770.392,0.0,0.0,5.0,0.009,426251.822727
1672901,IT,FR,VEGE1,POSTT,0.29,93775.079,5,5,93774.059,0.0,1.0,0.0,0.02,323362.341379
1640756,IT,AT,TEXTI,TRANS,0.56,93774.077,4,4,93774.065,0.0,0.0,0.0,0.012,167453.708929
1802391,IT,WE,SEACO,RESEA,0.1,93770.738,4,4,93770.736,0.0,0.0,0.0,0.002,937707.38
1684054,IT,HR,HOTEL,CEMEN,0.68,93766.967,4,4,93766.96,0.0,0.0,0.0,0.007,137892.598529
1785444,IT,ZA,PAPER,PUBLI,0.36,93742.482,5,5,93741.473,0.0,1.0,0.0,0.009,260395.783333
1655489,IT,DE,CRUDE,BITUM,0.18,93741.899,4,4,93741.891,0.0,0.0,0.0,0.008,520788.327778
1811375,IT,WM,NONSP,ELEC6,0.12,93741.654,4,4,93741.649,0.0,0.0,0.0,0.005,781180.45
1727138,IT,RO,LANDT,TRAN1,0.6,93738.285,4,4,93738.281,0.0,0.0,0.0,0.004,156230.475
1676455,IT,FR,RETA1,TEXTI,0.98,93727.055,4,4,93727.049,0.0,0.0,0.0,0.006,95639.852041
1689581,IT,IE,AIRTR,ALUM1,0.1,93722.181,4,4,93722.178,0.0,0.0,0.0,0.003,937221.81
1760735,IT,IN,PAPER,HEALT,0.36,93710.694,5,5,93709.685,0.0,1.0,0.0,0.009,260307.483333
1737940,IT,GB,CHEM1,NFERT,0.2,93709.332,4,4,93709.322,0.0,0.0,0.0,0.01,468546.66
1660835,IT,DE,COMPU,ELEC5,1.07,93685.147,4,4,93685.141,0.0,0.0,0.0,0.006,87556.21215
1793944,IT,WL,LEATH,FURNI,0.67,93682.206,5,5,93681.19,0.0,1.0,0.0,0.016,139824.18806
1771717,IT,CH,LEATH,SANDC,0.67,93681.286,5,5,93680.27,0.0,1.0,0.0,0.016,139822.814925
1725711,IT,RO,PAPER,FINAN,0.36,93679.211,5,5,93678.202,0.0,1.0,0.0,0.009,260220.030556
1709485,IT,LT,WEARI,LIQUE,0.71,93675.744,4,4,93675.726,0.0,0.0,0.0,0.018,131937.667606
1641031,IT,AT,PULP5,WHOLE,0.29,93675.51,4,4,93675.501,0.0,0.0,0.0,0.009,323019.0
1766456,IT,RU,PREC1,PREC1,0.16,93667.211,4,4,93667.207,0.0,0.0,0.0,0.004,585420.06875
1778783,IT,TR,LANDT,PFERT,0.6,93661.032,4,4,93661.028,0.0,0.0,0.0,0.004,156101.72
1813698,IT,WM,RETA1,POSTT,0.98,93654.071,4,4,93654.065,0.0,0.0,0.0,0.006,95565.378571
1790744,IT,WA,MACHI,COKIN,0.52,93653.533,4,4,93653.525,0.0,0.0,0.0,0.008,180102.948077
1808587,IT,WF,PAPE4,EDUCA,0.62,93653.324,4,4,93653.319,0.0,0.0,0.0,0.005,151053.748387
1719768,IT,PL,BASIC,MEATC,0.11,93645.917,4,4,93645.911,0.0,0.0,0.0,0.006,851326.518182
1736508,IT,SK,AIRTR,FOOD5,0.1,93634.205,4,4,93634.202,0.0,0.0,0.0,0.003,936342.05
1813031,IT,WM,MACHI,FOOD3,0.52,93633.598,4,4,93633.59,0.0,0.0,0.0,0.008,180064.611538
1804873,IT,WF,BITU1,PAPER,0.15,93631.857,4,4,93631.85,0.0,0.0,0.0,0.007,624212.38
1805946,IT,WF,LEAD1,AUXIL,0.16,93629.092,4,4,93629.084,0.0,0.0,0.0,0.008,585181.825
1739814,IT,GB,POSTT,RECRE,1.54,93623.919,4,4,93623.912,0.0,0.0,0.0,0.007,60794.752597
1809395,IT,WM,CHEMI,PROCE,0.22,93621.302,5,5,93616.293,0.0,0.0,5.0,0.009,425551.372727
1681597,IT,GR,BUSIN,RECRE,0.96,93613.117,4,4,93613.111,0.0,0.0,0.0,0.006,97513.663542
1715226,IT,NL,WOODW,COMPU,0.26,93608.513,5,5,93607.507,0.0,1.0,0.0,0.006,360032.742308
1646307,IT,BE,COPP1,WASTE,0.24,93603.76,4,4,93603.755,0.0,0.0,0.0,0.005,390015.666667
1657413,IT,DE,RUBBE,HEAVY,0.31,93601.869,4,4,93601.861,0.0,0.0,0.0,0.008,301941.512903
1801030,IT,WE,LEAD1,FINAN,0.16,93592.83,4,4,93592.822,0.0,0.0,0.0,0.008,584955.1875
1664053,IT,EE,CHEM1,FORES,0.2,93591.74,4,4,93591.73,0.0,0.0,0.0,0.01,467958.7
1755216,IT,KR,WOODW,WHOLE,0.26,93586.301,5,5,93585.295,0.0,1.0,0.0,0.006,359947.311538
1675100,IT,FR,ALUM1,93197,0.16,93585.532,4,4,93585.525,0.0,0.0,0.0,0.007,584909.575
1720251,IT,PL,FABRI,ANIMA,0.38,93579.318,4,4,93579.311,0.0,0.0,0.0,0.007,246261.363158
1735331,IT,SK,CERAM,RETA1,0.15,93573.702,4,4,93573.697,0.0,0.0,0.0,0.005,623824.68
1796438,IT,WL,WHOLE,POSTT,0.81,93551.27,4,4,93551.265,0.0,0.0,0.0,0.005,115495.395062
1713365,IT,MT,GASDI,COMPU,0.14,93547.954,4,4,93547.946,0.0,0.0,0.0,0.008,668199.671429
1714016,IT,MT,RETA1,COMPU,0.98,93547.029,4,4,93547.023,0.0,0.0,0.0,0.006,95456.152041
1784360,IT,ID,RUBBE,RETA1,0.31,93544.062,4,4,93544.054,0.0,0.0,0.0,0.008,301755.03871
1728565,IT,SE,PAPER,RUBBE,0.36,93536.644,5,5,93535.635,0.0,1.0,0.0,0.009,259824.011111
1795782,IT,WL,MACHI,NFERT,0.52,93536.414,4,4,93536.406,0.0,0.0,0.0,0.008,179877.719231
1795711,IT,WL,FABRI,MEMBE,0.38,93533.004,4,4,93532.997,0.0,0.0,0.0,0.007,246139.484211
1755849,IT,KR,CEMEN,WOOD1,0.15,93526.918,5,5,93525.914,0.0,0.0,1.0,0.004,623512.786667
1747987,IT,JP,RESEA,PUBLI,0.51,93523.247,4,4,93523.24,0.0,0.0,0.0,0.007,183378.915686
1688304,IT,IE,MEATP,WHOLE,0.38,93520.488,4,4,93520.478,0.0,0.0,0.0,0.01,246106.547368
1722335,IT,PT,FORES,BIODI,0.82,93516.404,5,5,93480.402,0.0,36.0,0.0,0.002,114044.395122
1715493,IT,NL,KERO1,KEROS,0.13,93515.832,4,4,93515.824,0.0,0.0,0.0,0.008,719352.553846
1659393,IT,DE,WHOLE,FISH5,0.81,93511.262,4,4,93511.257,0.0,0.0,0.0,0.005,115446.002469
1649065,IT,BG,PAPER,LEADZ,0.36,93510.231,5,5,93509.222,0.0,1.0,0.0,0.009,259750.641667
1649877,IT,BG,NONF1,OFFIC,0.02,93509.104,3,3,93509.104,0.0,0.0,0.0,0.0,4675455.2
1782816,IT,NO,HOTEL,POSTT,0.68,93505.632,4,4,93505.625,0.0,0.0,0.0,0.007,137508.282353
1689567,IT,IE,AIRTR,KEROS,0.1,93502.77,4,4,93502.767,0.0,0.0,0.0,0.003,935027.7
1685422,IT,HU,WOODW,FORES,0.26,93501.603,5,5,93500.597,0.0,1.0,0.0,0.006,359621.55
1812280,IT,WM,BASIC,FORES,0.11,93490.884,4,4,93490.878,0.0,0.0,0.0,0.006,849917.127273
1760593,IT,IN,WOODW,CEMEN,0.26,93482.157,5,5,93481.151,0.0,1.0,0.0,0.006,359546.757692
1796640,IT,WL,HOTEL,FURNI,0.68,93466.527,4,4,93466.52,0.0,0.0,0.0,0.007,137450.775
1814225,IT,WM,SUPPO,93197,0.67,93460.855,4,4,93460.85,0.0,0.0,0.0,0.005,139493.813433
1790585,IT,WA,NONF1,RESEA,0.02,93454.758,3,3,93454.758,0.0,0.0,0.0,0.0,4672737.9
1807984,IT,WF,PLAS1,SUPPO,0.33,93451.593,4,4,93451.587,0.0,0.0,0.0,0.006,283186.645455
1644371,IT,BE,CHEMI,WHOLE,0.22,93446.265,5,5,93441.256,0.0,0.0,5.0,0.009,424755.75
1684217,IT,HR,SEACO,OILSE,0.1,93445.846,4,4,93445.844,0.0,0.0,0.0,0.002,934458.46
1728193,IT,SE,FOOD5,PIGS9,0.45,93445.738,4,4,93445.73,0.0,0.0,0.0,0.008,207657.195556
1685859,IT,HU,CHEM1,COALT,0.2,93441.39,4,4,93441.38,0.0,0.0,0.0,0.01,467206.95
1682836,IT,HR,HEAVY,HEALT,0.15,93440.375,4,4,93440.367,0.0,0.0,0.0,0.008,622935.833333
1731441,IT,SI,FOOD5,BUSIN,0.45,93440.053,4,4,93440.045,0.0,0.0,0.0,0.008,207644.562222
1724324,IT,PT,TRAN2,MOTOR,0.14,93439.689,4,4,93439.686,0.0,0.0,0.0,0.003,667426.35
1785327,IT,ZA,LEATH,WHOLE,0.67,93434.192,5,5,93433.176,0.0,1.0,0.0,0.016,139454.01791
1744138,IT,US,SUPPO,RETAI,0.67,93414.274,4,4,93414.269,0.0,0.0,0.0,0.005,139424.289552
1778200,IT,TR,FURNI,RUBBE,0.3,93413.242,4,4,93413.234,0.0,0.0,0.0,0.008,311377.473333
1645465,IT,BE,NAPHT,WHOLE,0.16,93410.868,4,4,93410.861,0.0,0.0,0.0,0.007,583817.925
1664498,IT,EE,MOTO1,SALEM,0.5,93408.877,4,4,93408.871,0.0,0.0,0.0,0.006,186817.754
1792676,IT,WA,RESEA,WHOLE,0.51,93407.193,4,4,93407.186,0.0,0.0,0.0,0.007,183151.358824
1641975,IT,AT,RUBBE,BIOGA,0.31,93405.229,4,4,93405.221,0.0,0.0,0.0,0.008,301307.190323
1751419,IT,CN,SEACO,RENTI,0.09,93405.08,4,4,93405.078,0.0,0.0,0.0,0.002,1037834.222222
1768996,IT,AU,PAPER,RESEA,0.36,93402.761,5,5,93401.752,0.0,1.0,0.0,0.009,259452.113889
1811020,IT,WM,GASDI,PRIVA,0.14,93402.189,4,4,93402.181,0.0,0.0,0.0,0.008,667158.492857
1656406,IT,DE,WOODW,SUPPO,0.26,93401.892,5,5,93400.886,0.0,1.0,0.0,0.006,359238.046154
1765849,IT,RU,HEAVY,SEACO,0.15,93388.336,4,4,93388.329,0.0,0.0,0.0,0.007,622588.906667
1787781,IT,WA,DAIRY,WHOLE,0.38,93387.431,5,5,93386.425,0.0,1.0,0.0,0.006,245756.397368
1806332,IT,WF,OFFIC,REALE,0.29,93381.355,4,4,93381.348,0.0,0.0,0.0,0.007,322004.672414
1810829,IT,WM,KEROS,ALUM1,0.14,93378.248,4,4,93378.24,0.0,0.0,0.0,0.008,666987.485714
1744742,IT,US,RESEA,DAIRY,0.51,93372.254,4,4,93372.247,0.0,0.0,0.0,0.007,183082.85098
1666967,IT,ES,CERAM,SUPPO,0.15,93367.527,4,4,93367.522,0.0,0.0,0.0,0.005,622450.18
1660806,IT,DE,COMPU,BIODI,1.07,93359.927,4,4,93359.921,0.0,0.0,0.0,0.006,87252.268224
1808190,IT,WF,OILHA,RETA1,0.54,93359.142,4,4,93359.137,0.0,0.0,0.0,0.005,172887.3
1761948,IT,IN,FURNI,ELEC4,0.3,93357.4,4,4,93357.392,0.0,0.0,0.0,0.008,311191.333333
1769135,IT,AU,CHEM1,BEVER,0.2,93341.714,4,4,93341.704,0.0,0.0,0.0,0.01,466708.57
1789170,IT,WA,PLAST,PROCE,0.2,93328.362,4,4,93328.353,0.0,0.0,0.0,0.009,466641.81
1812617,IT,WM,LEAD1,RESEA,0.16,93322.532,4,4,93322.524,0.0,0.0,0.0,0.008,583265.825
1745436,IT,JP,DAIRY,RETA1,0.38,93321.424,5,5,93320.418,0.0,1.0,0.0,0.006,245582.694737
1662829,IT,DK,SALEM,SALEM,0.75,93314.027,4,4,93314.021,0.0,0.0,0.0,0.006,124418.702667
1757876,IT,BR,CHEM1,LUBRI,0.2,93313.179,4,4,93313.169,0.0,0.0,0.0,0.01,466565.895
1755055,IT,KR,WEARI,CONST,0.7,93310.441,4,4,93310.423,0.0,0.0,0.0,0.018,133300.63
1656173,IT,DE,TEXTI,BEVER,0.55,93307.089,4,4,93307.077,0.0,0.0,0.0,0.012,169649.252727
1742887,IT,US,MACHI,KEROS,0.52,93304.296,4,4,93304.288,0.0,0.0,0.0,0.008,179431.338462
1720858,IT,PL,FURNI,BUSIN,0.3,93298.962,4,4,93298.954,0.0,0.0,0.0,0.008,310996.54
1799483,IT,WE,PAPER,TRANS,0.36,93295.202,5,5,93294.193,0.0,1.0,0.0,0.009,259153.338889
1738166,IT,GB,GLASS,LANDT,0.26,93292.493,4,4,93292.488,0.0,0.0,0.0,0.005,358817.280769
1685150,IT,HU,BEVER,POULT,0.4,93292.064,4,4,93292.058,0.0,0.0,0.0,0.006,233230.16
1730185,IT,SE,LANDT,OFFIC,0.6,93280.093,4,4,93280.089,0.0,0.0,0.0,0.004,155466.821667
1688005,IT,HU,RENTI,FINAN,0.56,93279.598,4,4,93279.593,0.0,0.0,0.0,0.005,166570.710714
1675031,IT,FR,PREC1,93197,0.16,93278.554,4,4,93278.55,0.0,0.0,0.0,0.004,582990.9625
1716319,IT,NL,FABRI,RADIO,0.38,93277.419,4,4,93277.412,0.0,0.0,0.0,0.007,245466.892105
1678557,IT,GR,OILSE,HOTEL,0.07,93272.697,5,5,93271.693,0.0,1.0,0.0,0.004,1332467.1
1771951,IT,CH,PAPER,MEDIC,0.36,93260.885,5,5,93259.876,0.0,1.0,0.0,0.009,259058.013889
1799112,IT,WE,WEARI,MEAT4,0.7,93254.246,4,4,93254.228,0.0,0.0,0.0,0.018,133220.351429
1733298,IT,SI,MOTO1,PULP5,0.5,93248.749,4,4,93248.743,0.0,0.0,0.0,0.006,186497.498
1733203,IT,SI,MACHI,PRINT,0.52,93247.663,4,4,93247.655,0.0,0.0,0.0,0.008,179322.428846
1714481,IT,NL,FISHF,PLAST,0.16,93247.339,4,4,93247.336,0.0,0.0,0.0,0.003,582795.86875
1662520,IT,DK,COPP1,FURNI,0.24,93245.768,4,4,93245.763,0.0,0.0,0.0,0.005,388524.033333
1660187,IT,DE,SUPPO,CONST,0.67,93239.847,4,4,93239.842,0.0,0.0,0.0,0.005,139163.950746
1769089,IT,AU,PLAST,MOTO1,0.2,93228.756,4,4,93228.747,0.0,0.0,0.0,0.009,466143.78
1755888,IT,KR,NONME,PUBLI,0.19,93225.666,4,4,93225.656,0.0,0.0,0.0,0.01,490661.4
1773278,IT,CH,FABRI,93197,0.38,93222.466,4,4,93222.459,0.0,0.0,0.0,0.007,245322.278947
1813047,IT,WM,OFFIC,GASDI,0.29,93219.066,4,4,93219.059,0.0,0.0,0.0,0.007,321445.055172
1683016,IT,HR,CHEM1,MACHI,0.19,93216.02,4,4,93216.01,0.0,0.0,0.0,0.01,490610.631579
1687579,IT,HU,LANDT,HEALT,0.6,93212.763,4,4,93212.759,0.0,0.0,0.0,0.004,155354.605
1809925,IT,WM,BEVER,FINAN,0.4,93211.807,4,4,93211.801,0.0,0.0,0.0,0.006,233029.5175
1710075,IT,LT,FABRI,RUBBE,0.38,93204.819,4,4,93204.812,0.0,0.0,0.0,0.007,245275.839474
1660529,IT,DE,INSUR,REALE,1.92,93203.692,4,4,93203.688,0.0,0.0,0.0,0.004,48543.589583
1769557,IT,AU,ALUM1,SALEM,0.16,93203.321,4,4,93203.314,0.0,0.0,0.0,0.007,582520.75625
1661235,IT,DK,VEGET,MEATC,0.33,93200.407,4,4,93200.403,0.0,0.0,0.0,0.004,282425.475758
1761877,IT,IN,TRANS,FURNI,0.56,93198.564,4,4,93198.559,0.0,0.0,0.0,0.005,166426.007143
1652977,IT,CZ,NONSP,PLAST,0.12,93193.968,4,4,93193.963,0.0,0.0,0.0,0.005,776616.4
1662297,IT,DK,NONME,RUBBE,0.19,93188.127,4,4,93188.117,0.0,0.0,0.0,0.01,490463.826316
1664818,IT,ES,OILSE,MEAT1,0.07,93176.105,5,5,93175.101,0.0,1.0,0.0,0.004,1331087.214286
1736973,IT,GB,CROPS,BEVER,0.74,93175.787,4,4,93175.782,0.0,0.0,0.0,0.005,125913.225676
1804824,IT,WF,NAPHT,SALEM,0.16,93160.835,4,4,93160.828,0.0,0.0,0.0,0.007,582255.21875
1641664,IT,AT,PETRO,BRICK,0.16,93157.163,4,4,93157.156,0.0,0.0,0.0,0.007,582232.26875
1764160,IT,MX,FABRI,HEALT,0.38,93155.155,4,4,93155.148,0.0,0.0,0.0,0.007,245145.144737
1656500,IT,DE,PAPER,PFERT,0.36,93151.688,5,5,93150.679,0.0,1.0,0.0,0.009,258754.688889
1646774,IT,BE,CONST,BUSIN,0.52,93135.284,4,4,93135.279,0.0,0.0,0.0,0.005,179106.315385
1799290,IT,WE,LEATH,AIRTR,0.67,93132.788,5,5,93131.772,0.0,1.0,0.0,0.016,139004.161194
1724861,IT,PT,BUSIN,GASDI,0.96,93129.607,4,4,93129.601,0.0,0.0,0.0,0.006,97010.007292
1807909,IT,WF,PLAS1,RAWMI,0.33,93127.195,4,4,93127.189,0.0,0.0,0.0,0.006,282203.621212
1774278,IT,CH,HOTEL,WHEAT,0.67,93126.137,4,4,93126.13,0.0,0.0,0.0,0.007,138994.234328
1814106,IT,WM,AIRTR,CERAM,0.1,93121.182,4,4,93121.179,0.0,0.0,0.0,0.003,931211.82
1688708,IT,IE,CHEM1,ELEC4,0.19,93107.518,4,4,93107.508,0.0,0.0,0.0,0.01,490039.568421
1714118,IT,MT,SEACO,AUXIL,0.09,93102.729,4,4,93102.727,0.0,0.0,0.0,0.002,1034474.766667
1687126,IT,HU,TRANS,AIRTR,0.56,93101.944,4,4,93101.939,0.0,0.0,0.0,0.005,166253.471429
1709668,IT,LT,PLAST,WOODW,0.2,93101.729,4,4,93101.72,0.0,0.0,0.0,0.009,465508.645
1645342,IT,BE,GASDI,RAILW,0.14,93101.634,4,4,93101.626,0.0,0.0,0.0,0.008,665011.671429
1723213,IT,PT,RUBBE,RETAI,0.31,93096.104,4,4,93096.096,0.0,0.0,0.0,0.008,300310.012903
1809831,IT,WM,FOOD5,LANDT,0.45,93094.336,4,4,93094.328,0.0,0.0,0.0,0.008,206876.302222
1811802,IT,WM,ADDIT,REALE,0.22,93093.984,5,5,93092.977,0.0,1.0,0.0,0.007,423154.472727
1812751,IT,WM,NONF1,MEDIC,0.02,93084.769,3,3,93084.769,0.0,0.0,0.0,0.0,4654238.45
1647442,IT,BE,AIRTR,INLAN,0.1,93081.209,4,4,93081.206,0.0,0.0,0.0,0.003,930812.09
1733108,IT,SI,FABRI,PAPER,0.38,93070.093,4,4,93070.086,0.0,0.0,0.0,0.007,244921.297368
1748939,IT,CN,WEARI,COLLE,0.7,93064.639,4,4,93064.621,0.0,0.0,0.0,0.018,132949.484286
1765966,IT,RU,CHEM1,VEGE1,0.19,93060.186,4,4,93060.176,0.0,0.0,0.0,0.01,489790.452632
1680798,IT,GR,RAILW,CROPS,0.62,93058.697,5,5,93057.693,0.0,0.0,1.0,0.004,150094.672581
1719374,IT,PL,RUBBE,MEAT1,0.31,93054.891,4,4,93054.883,0.0,0.0,0.0,0.008,300177.067742
1655929,IT,DE,PROCE,RETA1,0.63,93053.719,4,4,93053.713,0.0,0.0,0.0,0.006,147704.315873
1709724,IT,LT,CHEM1,OFFIC,0.19,93044.949,4,4,93044.939,0.0,0.0,0.0,0.01,489710.257895
1661039,IT,DE,BUSIN,WASTE,0.96,93040.622,4,4,93040.616,0.0,0.0,0.0,0.006,96917.314583
1725445,IT,RO,WEARI,VEGET,0.7,93034.514,4,4,93034.496,0.0,0.0,0.0,0.018,132906.448571
1791004,IT,WA,MOTO1,WHOLE,0.5,93009.286,4,4,93009.28,0.0,0.0,0.0,0.006,186018.572
1720026,IT,PL,ALUM1,BIODI,0.16,93004.201,4,4,93004.194,0.0,0.0,0.0,0.007,581276.25625
1753281,IT,CA,NONME,NONME,0.19,93000.385,4,4,93000.375,0.0,0.0,0.0,0.01,489475.710526
1732253,IT,SI,LIQUE,MACHI,0.16,92998.386,4,4,92998.379,0.0,0.0,0.0,0.007,581239.9125
1786305,IT,ZA,FABRI,RETA1,0.38,92994.313,4,4,92994.306,0.0,0.0,0.0,0.007,244721.876316
1731496,IT,SI,BEVER,HEALT,0.4,92990.133,4,4,92990.127,0.0,0.0,0.0,0.006,232475.3325
1775903,IT,TR,PROCE,HOTEL,0.63,92980.686,4,4,92980.68,0.0,0.0,0.0,0.006,147588.390476
1732251,IT,SI,LIQUE,FOUND,0.16,92979.873,4,4,92979.866,0.0,0.0,0.0,0.007,581124.20625
1781036,IT,TW,BUSIN,RECRE,0.95,92978.559,4,4,92978.553,0.0,0.0,0.0,0.006,97872.167368
1805002,IT,WF,PLAST,TOBAC,0.2,92978.124,4,4,92978.115,0.0,0.0,0.0,0.009,464890.62
1712407,IT,LV,CEMEN,CONST,0.15,92970.873,5,5,92969.869,0.0,0.0,1.0,0.004,619805.82
1736906,IT,SK,BUSIN,BUSIN,0.95,92970.153,4,4,92970.147,0.0,0.0,0.0,0.006,97863.318947
1773732,IT,CH,ELEC1,GLASS,0.01,92960.359,4,4,92960.353,0.0,0.0,0.0,0.006,9296035.9
1793421,IT,WL,CROPS,RESEA,0.74,92958.614,4,4,92958.609,0.0,0.0,0.0,0.005,125619.748649
1813167,IT,WM,MOTO1,TRANS,0.49,92954.63,4,4,92954.624,0.0,0.0,0.0,0.006,189703.326531
1671331,IT,FI,ALUM1,WHOLE,0.16,92950.844,4,4,92950.837,0.0,0.0,0.0,0.007,580942.775
1689601,IT,IE,AIRTR,INSUR,0.1,92947.311,4,4,92947.308,0.0,0.0,0.0,0.003,929473.11
1667897,IT,ES,MOTO1,FOUND,0.49,92939.725,4,4,92939.719,0.0,0.0,0.0,0.006,189672.908163
1799353,IT,WE,WOODW,BUSIN,0.26,92931.797,5,5,92930.791,0.0,1.0,0.0,0.006,357429.988462
1686507,IT,HU,PREC1,WHOLE,0.16,92925.116,4,4,92925.112,0.0,0.0,0.0,0.004,580781.975
1809217,IT,WM,FORES,WOODW,0.81,92919.188,5,5,92883.186,0.0,36.0,0.0,0.002,114715.046914
1667364,IT,ES,LEAD1,SUPPO,0.16,92919.081,4,4,92919.073,0.0,0.0,0.0,0.008,580744.25625
1779217,IT,TR,POSTT,LANDT,1.53,92913.63,4,4,92913.623,0.0,0.0,0.0,0.007,60727.862745
1764697,IT,MX,HOTEL,FISH5,0.67,92910.036,4,4,92910.029,0.0,0.0,0.0,0.007,138671.695522
1649724,IT,BG,BASIC,COPPE,0.11,92909.562,4,4,92909.556,0.0,0.0,0.0,0.006,844632.381818
1741650,IT,US,HEAVY,ETHAN,0.15,92908.109,4,4,92908.102,0.0,0.0,0.0,0.007,619387.393333
1751974,IT,CN,RESEA,PRINT,0.5,92891.117,4,4,92891.11,0.0,0.0,0.0,0.007,185782.234
1718425,IT,PL,BEVER,MEMBE,0.4,92888.915,4,4,92888.909,0.0,0.0,0.0,0.006,232222.2875
1782234,IT,NO,PREC1,CRUDE,0.16,92886.082,4,4,92886.078,0.0,0.0,0.0,0.004,580538.0125
1718832,IT,PL,PAPER,DIST1,0.36,92880.925,5,5,92879.916,0.0,1.0,0.0,0.009,258002.569444
1788834,IT,WA,GASDI,POULT,0.14,92872.443,4,4,92872.435,0.0,0.0,0.0,0.008,663374.592857
1768878,IT,AU,WOODW,VEGE1,0.26,92865.136,5,5,92864.13,0.0,1.0,0.0,0.006,357173.6
1805851,IT,WF,ALUM1,MEAT4,0.16,92852.361,4,4,92852.354,0.0,0.0,0.0,0.007,580327.25625
1643652,IT,AT,AIRTR,FINAN,0.1,92845.674,4,4,92845.671,0.0,0.0,0.0,0.003,928456.74
1668317,IT,ES,WHOLE,COLLE,0.8,92837.378,4,4,92837.373,0.0,0.0,0.0,0.005,116046.7225
1769006,IT,AU,PAPER,RECRE,0.36,92829.107,5,5,92828.098,0.0,1.0,0.0,0.009,257858.630556
1719931,IT,PL,PREC1,LEAD1,0.16,92825.453,4,4,92825.449,0.0,0.0,0.0,0.004,580159.08125
1745905,IT,JP,LEATH,COMPU,0.66,92809.542,5,5,92808.526,0.0,1.0,0.0,0.016,140620.518182
1658961,IT,DE,FURNI,MEMBE,0.3,92803.256,4,4,92803.248,0.0,0.0,0.0,0.008,309344.186667
1805711,IT,WF,BASIC,MOTOR,0.11,92799.639,4,4,92799.633,0.0,0.0,0.0,0.006,843633.081818
1750151,IT,CN,PREC1,DISTR,0.16,92790.659,4,4,92790.655,0.0,0.0,0.0,0.004,579941.61875
1645184,IT,BE,PRINT,SUPPO,0.89,92789.918,4,4,92789.911,0.0,0.0,0.0,0.007,104258.334831
1771565,IT,CH,TEXTI,ELECT,0.55,92788.364,4,4,92788.352,0.0,0.0,0.0,0.012,168706.116364
1670742,IT,FI,PAPER,CONST,0.36,92781.498,5,5,92780.489,0.0,1.0,0.0,0.009,257726.383333
1739355,IT,GB,RAILW,PLAST,0.62,92777.081,5,5,92776.077,0.0,0.0,1.0,0.004,149640.453226
1809570,IT,WM,VEGE1,LIQUE,0.29,92774.96,5,5,92773.94,0.0,1.0,0.0,0.02,319913.655172
1712306,IT,LV,RUBBE,FORES,0.31,92769.154,4,4,92769.146,0.0,0.0,0.0,0.008,299255.335484
1641245,IT,AT,MOTOR,MEAT1,0.14,92766.062,4,4,92766.054,0.0,0.0,0.0,0.008,662614.728571
1645517,IT,BE,PLAST,PREC1,0.19,92762.773,4,4,92762.764,0.0,0.0,0.0,0.009,488225.121053
1801031,IT,WE,LEAD1,INSUR,0.16,92748.87,4,4,92748.862,0.0,0.0,0.0,0.008,579680.4375
1684247,IT,HR,SEACO,ELEC1,0.09,92748.742,4,4,92748.74,0.0,0.0,0.0,0.002,1030541.577778
1685269,IT,HU,TEXTI,WHOLE,0.55,92745.804,4,4,92745.792,0.0,0.0,0.0,0.012,168628.734545
1812827,IT,WM,FABRI,ETHAN,0.38,92733.542,4,4,92733.535,0.0,0.0,0.0,0.007,244035.636842
1743804,IT,US,LANDT,SALEM,0.6,92729.211,4,4,92729.207,0.0,0.0,0.0,0.004,154548.685
1809842,IT,WM,FOOD5,COMPU,0.45,92728.661,4,4,92728.653,0.0,0.0,0.0,0.008,206063.691111
1770496,IT,AU,AIRTR,ELEC1,0.1,92726.3,4,4,92726.297,0.0,0.0,0.0,0.003,927263.0
1739208,IT,GB,RETA1,COLLE,0.97,92724.215,4,4,92724.209,0.0,0.0,0.0,0.006,95591.974227
1760134,IT,BR,FOOD3,REFIN,0.26,92723.786,4,4,92723.781,0.0,0.0,0.0,0.005,356629.946154
1666363,IT,ES,LIQUE,RECRE,0.16,92717.743,4,4,92717.736,0.0,0.0,0.0,0.007,579485.89375
1752954,IT,CA,NFERT,WHEAT,0.02,92717.654,4,4,92717.646,0.0,0.0,0.0,0.008,4635882.7
1754752,IT,KR,DAIRY,COLLE,0.38,92707.523,5,5,92706.517,0.0,1.0,0.0,0.006,243967.165789
1745767,IT,JP,WEARI,ELE12,0.7,92703.839,4,4,92703.821,0.0,0.0,0.0,0.018,132434.055714
1786131,IT,ZA,BASIC,CEMEN,0.11,92697.998,4,4,92697.992,0.0,0.0,0.0,0.006,842709.072727
1653145,IT,CZ,CHEM1,FURNI,0.19,92689.825,4,4,92689.815,0.0,0.0,0.0,0.01,487841.184211
1788059,IT,WA,TEXTI,RETAI,0.55,92684.319,4,4,92684.307,0.0,0.0,0.0,0.012,168516.943636
1769705,IT,AU,MACHI,POULT,0.52,92682.194,4,4,92682.186,0.0,0.0,0.0,0.008,178234.988462
1752815,IT,CA,PAPER,RUBBE,0.36,92675.51,5,5,92674.501,0.0,1.0,0.0,0.009,257431.972222
1732491,IT,SI,CHEM1,EDUCA,0.19,92674.901,4,4,92674.891,0.0,0.0,0.0,0.01,487762.636842
1643476,IT,AT,LANDT,LANDT,0.6,92673.709,4,4,92673.705,0.0,0.0,0.0,0.004,154456.181667
1739377,IT,GB,RAILW,HOTEL,0.62,92668.446,5,5,92667.442,0.0,0.0,1.0,0.004,149465.235484
1665274,IT,ES,BEVER,CHEM1,0.39,92665.506,4,4,92665.5,0.0,0.0,0.0,0.006,237603.861538
1716490,IT,NL,OFFIC,SALEM,0.29,92655.026,4,4,92655.019,0.0,0.0,0.0,0.007,319500.089655
1755252,IT,KR,PAPER,TEXTI,0.36,92644.721,5,5,92643.712,0.0,1.0,0.0,0.009,257346.447222
1666592,IT,ES,CHEM1,COPP1,0.19,92643.963,4,4,92643.953,0.0,0.0,0.0,0.01,487599.805263
1729047,IT,SE,RUBBE,BIOGA,0.31,92642.488,4,4,92642.48,0.0,0.0,0.0,0.008,298846.735484
1735538,IT,SK,ALUM1,PRINT,0.16,92639.197,4,4,92639.19,0.0,0.0,0.0,0.007,578994.98125
1669086,IT,ES,SUPPO,RAILW,0.67,92630.568,4,4,92630.563,0.0,0.0,0.0,0.005,138254.579104
1651482,IT,CY,HEAVY,CHEM1,0.15,92629.724,4,4,92629.717,0.0,0.0,0.0,0.007,617531.493333
1753182,IT,CA,GLASS,NONSP,0.25,92626.268,4,4,92626.263,0.0,0.0,0.0,0.005,370505.072
1687193,IT,HU,CONST,KEROS,0.52,92623.471,4,4,92623.466,0.0,0.0,0.0,0.005,178122.059615
1675194,IT,FR,NONF1,RENTI,0.02,92622.017,3,3,92622.017,0.0,0.0,0.0,0.0,4631100.85
1667724,IT,ES,MACHI,SEWAG,0.52,92620.254,4,4,92620.246,0.0,0.0,0.0,0.008,178115.873077
1729677,IT,SE,FABRI,SUPPO,0.38,92613.383,4,4,92613.376,0.0,0.0,0.0,0.007,243719.428947
1674351,IT,FR,CHEM1,KEROS,0.19,92613.375,4,4,92613.365,0.0,0.0,0.0,0.01,487438.815789
1669101,IT,ES,SUPPO,PUBLI,0.67,92611.833,4,4,92611.828,0.0,0.0,0.0,0.005,138226.616418
1801685,IT,WE,FURNI,LANDT,0.3,92609.521,4,4,92609.513,0.0,0.0,0.0,0.008,308698.403333
1688886,IT,IE,ALUM1,WHOLE,0.16,92609.116,4,4,92609.109,0.0,0.0,0.0,0.007,578806.975
1729938,IT,SE,FURNI,RENTI,0.3,92584.557,4,4,92584.549,0.0,0.0,0.0,0.008,308615.19
1675796,IT,FR,FURNI,FOODW,0.3,92580.978,4,4,92580.97,0.0,0.0,0.0,0.008,308603.26
1773637,IT,CH,TRANS,HEALT,0.55,92568.681,4,4,92568.676,0.0,0.0,0.0,0.005,168306.692727
1807991,IT,WF,PLAS1,RESEA,0.33,92564.587,4,4,92564.581,0.0,0.0,0.0,0.006,280498.748485
1716010,IT,NL,CEMEN,ELECT,0.15,92564.061,5,5,92563.057,0.0,0.0,1.0,0.004,617093.74
1779162,IT,TR,POSTT,TEXTI,1.52,92548.725,4,4,92548.718,0.0,0.0,0.0,0.007,60887.319079
1768831,IT,AU,LEATH,FABRI,0.66,92547.335,5,5,92546.319,0.0,1.0,0.0,0.016,140223.234848
1748817,IT,CN,TEXTI,ELEC1,0.55,92534.561,4,4,92534.549,0.0,0.0,0.0,0.012,168244.656364
1776453,IT,TR,MOTOR,PAPER,0.14,92532.726,4,4,92532.718,0.0,0.0,0.0,0.008,660948.042857
1710848,IT,LU,PAPER,PUBLI,0.36,92523.189,5,5,92522.18,0.0,1.0,0.0,0.009,257008.858333
1675098,IT,FR,ALUM1,WOOD2,0.16,92523.037,4,4,92523.03,0.0,0.0,0.0,0.007,578268.98125
1667563,IT,ES,FABRI,PUBLI,0.38,92510.132,4,4,92510.125,0.0,0.0,0.0,0.007,243447.715789
1742569,IT,US,PREC1,HOTEL,0.16,92506.429,4,4,92506.425,0.0,0.0,0.0,0.004,578165.18125
1763814,IT,MX,CERAM,LANDT,0.14,92502.398,4,4,92502.393,0.0,0.0,0.0,0.005,660731.414286
1774474,IT,CH,LANDT,PLAST,0.6,92499.509,4,4,92499.505,0.0,0.0,0.0,0.004,154165.848333
1726313,IT,RO,PREC1,FABRI,0.16,92489.264,4,4,92489.26,0.0,0.0,0.0,0.004,578057.9
1738415,IT,GB,ALUM1,PLAST,0.16,92483.914,4,4,92483.907,0.0,0.0,0.0,0.007,578024.4625
1657003,IT,DE,NAPHT,FISH5,0.16,92482.73,4,4,92482.723,0.0,0.0,0.0,0.007,578017.0625
1772693,IT,CH,CERAM,FURNI,0.14,92480.343,4,4,92480.338,0.0,0.0,0.0,0.005,660573.878571
1714899,IT,NL,BEVER,CHEM1,0.39,92472.719,4,4,92472.713,0.0,0.0,0.0,0.006,237109.535897
1735586,IT,SK,LEAD1,LEAD1,0.16,92469.138,4,4,92469.13,0.0,0.0,0.0,0.008,577932.1125
1665960,IT,ES,MOTOR,NUCLE,0.14,92462.51,4,4,92462.502,0.0,0.0,0.0,0.008,660446.5
1786362,IT,ZA,MACHI,FOOD5,0.52,92460.51,4,4,92460.502,0.0,0.0,0.0,0.008,177808.673077
1788971,IT,WA,HEAVY,FABRI,0.15,92458.136,4,4,92458.129,0.0,0.0,0.0,0.007,616387.573333
1680022,IT,GR,MACHI,MOTOR,0.52,92453.673,4,4,92453.665,0.0,0.0,0.0,0.008,177795.525
1798889,IT,WE,BEVER,CONST,0.39,92451.757,4,4,92451.751,0.0,0.0,0.0,0.006,237055.787179
1659512,IT,DE,RETA1,ELEC5,0.97,92451.356,4,4,92451.35,0.0,0.0,0.0,0.006,95310.676289
1799348,IT,WE,WOODW,FINAN,0.26,92448.973,5,5,92447.967,0.0,1.0,0.0,0.006,355572.973077
1798940,IT,WE,FISH5,WHOLE,0.39,92444.39,4,4,92444.342,0.0,0.0,0.0,0.048,237036.897436
1731762,IT,SI,PAPER,FORES,0.36,92433.249,5,5,92432.24,0.0,1.0,0.0,0.009,256759.025
1769282,IT,AU,RUBBE,TRANS,0.31,92429.458,4,4,92429.45,0.0,0.0,0.0,0.008,298159.541935
1657944,IT,DE,BASIC,ELEC4,0.11,92407.604,4,4,92407.598,0.0,0.0,0.0,0.006,840069.127273
1657229,IT,DE,CHEM1,CHARC,0.19,92394.84,4,4,92394.83,0.0,0.0,0.0,0.01,486288.631579
1773663,IT,CH,FURNI,PAPER,0.29,92382.974,4,4,92382.966,0.0,0.0,0.0,0.008,318561.97931
1805232,IT,WF,CHEM1,RADIO,0.19,92382.517,4,4,92382.507,0.0,0.0,0.0,0.01,486223.773684
1671627,IT,FI,FURNI,SEACO,0.29,92380.901,4,4,92380.893,0.0,0.0,0.0,0.008,318554.831034
1784425,IT,ID,NONME,WHOLE,0.19,92380.708,4,4,92380.698,0.0,0.0,0.0,0.01,486214.252632
1660058,IT,DE,AIRTR,REFI1,0.1,92373.348,4,4,92373.345,0.0,0.0,0.0,0.003,923733.48
1686198,IT,HU,GLASS,BASIC,0.25,92371.209,4,4,92371.204,0.0,0.0,0.0,0.005,369484.836
1731524,IT,SI,FISH5,WHOLE,0.39,92369.736,4,4,92369.689,0.0,0.0,0.0,0.047,236845.476923
1761734,IT,IN,MACHI,PRINT,0.52,92353.015,4,4,92353.007,0.0,0.0,0.0,0.008,177601.951923
1809565,IT,WM,VEGE1,MOTOR,0.28,92350.035,5,5,92349.015,0.0,1.0,0.0,0.02,329821.553571
1766913,IT,RU,OFFIC,COMPU,0.29,92349.986,4,4,92349.979,0.0,0.0,0.0,0.007,318448.227586
1686586,IT,HU,ALUM1,RETA1,0.16,92342.587,4,4,92342.58,0.0,0.0,0.0,0.007,577141.16875
1798627,IT,WE,MEAT4,CROPS,0.51,92340.122,4,4,92340.116,0.0,0.0,0.0,0.006,181059.062745
1710372,IT,LT,HOTEL,LIQUE,0.67,92335.89,4,4,92335.883,0.0,0.0,0.0,0.007,137814.761194
1657032,IT,DE,NAPHT,BUSIN,0.16,92331.108,4,4,92331.101,0.0,0.0,0.0,0.007,577069.425
1782555,IT,NO,MOTO1,LANDT,0.49,92329.928,4,4,92329.922,0.0,0.0,0.0,0.006,188428.42449
1812271,IT,WM,BASIC,SUGAR,0.11,92327.637,4,4,92327.631,0.0,0.0,0.0,0.006,839342.154545
1648281,IT,BE,PUBLI,GASDI,1.51,92327.184,4,4,92327.178,0.0,0.0,0.0,0.006,61143.830464
1684444,IT,HR,REALE,OFFIC,3.9,92326.636,4,4,92326.63,0.0,0.0,0.0,0.006,23673.49641
1645240,IT,BE,COALT,ALUM1,0.15,92319.702,4,4,92319.697,0.0,0.0,0.0,0.005,615464.68
1794555,IT,WL,HEAVY,WOODW,0.15,92303.332,4,4,92303.325,0.0,0.0,0.0,0.007,615355.546667
1727237,IT,RO,SUPPO,BASIC,0.66,92302.737,4,4,92302.732,0.0,0.0,0.0,0.005,139852.631818
1641246,IT,AT,MOTOR,FOOD5,0.14,92302.093,4,4,92302.085,0.0,0.0,0.0,0.008,659300.664286
1716333,IT,NL,FABRI,HOTEL,0.38,92300.313,4,4,92300.306,0.0,0.0,0.0,0.007,242895.560526
1679554,IT,GR,RUBBE,PAPER,0.31,92290.625,4,4,92290.617,0.0,0.0,0.0,0.008,297711.693548
1741806,IT,US,PLAST,MACHI,0.19,92282.796,4,4,92282.787,0.0,0.0,0.0,0.009,485698.926316
1776976,IT,TR,PFERT,OILSE,0.04,92282.574,4,4,92282.559,0.0,0.0,0.0,0.015,2307064.35
1672034,IT,FI,SEACO,RECRE,0.09,92282.243,4,4,92282.241,0.0,0.0,0.0,0.002,1025358.255556
1644380,IT,BE,MEATC,FOOD5,0.31,92279.462,5,5,92278.456,0.0,1.0,0.0,0.006,297675.683871
1747278,IT,JP,WHOLE,CHEM1,0.8,92276.334,4,4,92276.329,0.0,0.0,0.0,0.005,115345.4175
1685241,IT,HU,TEXTI,PAPER,0.55,92272.265,4,4,92272.253,0.0,0.0,0.0,0.012,167767.754545
1640271,IT,AT,STONE,DIST1,0.3,92269.387,5,5,92264.383,0.0,0.0,5.0,0.004,307564.623333
1806860,IT,WF,RETA1,PUBLI,0.96,92267.877,4,4,92267.871,0.0,0.0,0.0,0.006,96112.371875
1749018,IT,CN,LEATH,CEMEN,0.66,92266.016,5,5,92265.0,0.0,1.0,0.0,0.016,139796.993939
1661249,IT,DK,VEGET,CHEM1,0.33,92260.26,4,4,92260.256,0.0,0.0,0.0,0.004,279576.545455
1789131,IT,WA,NONSP,FURNI,0.12,92258.028,4,4,92258.023,0.0,0.0,0.0,0.005,768816.9
1800779,IT,WE,BASIC,POULT,0.11,92246.102,4,4,92246.096,0.0,0.0,0.0,0.006,838600.927273
1647246,IT,BE,LANDT,FABRI,0.6,92241.335,4,4,92241.331,0.0,0.0,0.0,0.004,153735.558333
1668504,IT,ES,HOTEL,KERO1,0.67,92240.461,4,4,92240.454,0.0,0.0,0.0,0.007,137672.329851
1792072,IT,WA,AIRTR,CEMEN,0.1,92235.445,4,4,92235.442,0.0,0.0,0.0,0.003,922354.45
1733034,IT,SI,COPP1,WOODW,0.23,92234.234,4,4,92234.229,0.0,0.0,0.0,0.005,401018.408696
1719023,IT,PL,GASDI,RAILW,0.14,92232.842,4,4,92232.834,0.0,0.0,0.0,0.008,658806.014286
1778995,IT,TR,AIRTR,MEATC,0.1,92230.262,4,4,92230.259,0.0,0.0,0.0,0.003,922302.62
1779758,IT,TR,BUSIN,FABRI,0.95,92230.137,4,4,92230.131,0.0,0.0,0.0,0.006,97084.354737
1759039,IT,BR,SEACO,MEAT1,0.09,92215.41,4,4,92215.408,0.0,0.0,0.0,0.002,1024615.666667
1658896,IT,DE,FURNI,SANDC,0.29,92210.977,4,4,92210.969,0.0,0.0,0.0,0.008,317968.886207
1730864,IT,SE,FOODW,SUGA1,0.68,92210.75,4,4,92210.744,0.0,0.0,0.0,0.006,135604.044118
1722971,IT,PT,NAPHT,HEAVY,0.16,92201.604,4,4,92201.597,0.0,0.0,0.0,0.007,576260.025
1768577,IT,AU,BEVER,FOOD5,0.39,92198.647,4,4,92198.641,0.0,0.0,0.0,0.006,236406.787179
1686182,IT,HU,GLASS,PULP5,0.25,92195.967,4,4,92195.962,0.0,0.0,0.0,0.005,368783.868
1768062,IT,RU,BUSIN,BASIC,0.95,92195.645,4,4,92195.639,0.0,0.0,0.0,0.006,97048.047368
1769401,IT,AU,CERAM,RENTI,0.14,92192.339,4,4,92192.334,0.0,0.0,0.0,0.005,658516.707143
1720002,IT,PL,ALUM1,FISH5,0.16,92180.155,4,4,92180.148,0.0,0.0,0.0,0.007,576125.96875
1756389,IT,KR,FURNI,TRANS,0.29,92177.456,4,4,92177.448,0.0,0.0,0.0,0.008,317853.296552
1776215,IT,TR,WOODW,FABRI,0.26,92175.239,5,5,92174.233,0.0,1.0,0.0,0.006,354520.15
1640766,IT,AT,TEXTI,RETA1,0.55,92162.148,4,4,92162.136,0.0,0.0,0.0,0.012,167567.541818
1660907,IT,DE,BUSIN,RAWMI,0.95,92154.729,4,4,92154.723,0.0,0.0,0.0,0.006,97004.977895
1676563,IT,FR,HOTEL,KEROS,0.67,92153.503,4,4,92153.496,0.0,0.0,0.0,0.007,137542.541791
1668068,IT,ES,FURNI,COMPU,0.29,92149.7,4,4,92149.692,0.0,0.0,0.0,0.008,317757.586207
1805596,IT,WF,CEMEN,BUSIN,0.15,92149.136,5,5,92148.132,0.0,0.0,1.0,0.004,614327.573333
1746034,IT,JP,PAPER,RETA1,0.36,92139.701,5,5,92138.692,0.0,1.0,0.0,0.009,255943.613889
1798594,IT,WE,MEATC,INSUR,0.31,92134.982,5,5,92133.976,0.0,1.0,0.0,0.006,297209.619355
1795658,IT,WL,FABRI,RUBBE,0.37,92130.124,4,4,92130.117,0.0,0.0,0.0,0.007,249000.335135
1775466,IT,CH,PLAS1,COPP1,0.33,92119.194,4,4,92119.188,0.0,0.0,0.0,0.006,279149.072727
1734623,IT,SK,TEXTI,PAPER,0.55,92118.492,4,4,92118.48,0.0,0.0,0.0,0.012,167488.167273
1724325,IT,PT,TRAN2,KEROS,0.14,92114.647,4,4,92114.644,0.0,0.0,0.0,0.003,657961.764286
1766581,IT,RU,NONF1,BASIC,0.02,92104.318,3,3,92104.318,0.0,0.0,0.0,0.0,4605215.9
1800199,IT,WE,PLAST,COPPE,0.19,92104.117,4,4,92104.108,0.0,0.0,0.0,0.009,484758.510526
1794257,IT,WL,MOTOR,BITUM,0.14,92099.893,4,4,92099.885,0.0,0.0,0.0,0.008,657856.378571
1650551,IT,BG,ELEC7,LEAD1,0.06,92099.34,3,3,92099.34,0.0,0.0,0.0,0.0,1534989.0
1655658,IT,DE,CHEMI,MOTOR,0.22,92099.244,5,5,92094.235,0.0,0.0,5.0,0.009,418632.927273
1758428,IT,BR,FABRI,SALEM,0.37,92095.069,4,4,92095.062,0.0,0.0,0.0,0.007,248905.591892
1709739,IT,LT,CHEM1,LANDT,0.19,92094.192,4,4,92094.182,0.0,0.0,0.0,0.01,484706.273684
1792548,IT,WA,RENTI,STONE,0.55,92090.528,4,4,92090.523,0.0,0.0,0.0,0.005,167437.323636
1656319,IT,DE,LEATH,RENTI,0.66,92080.607,5,5,92079.591,0.0,1.0,0.0,0.016,139516.071212
1757264,IT,BR,DAIRY,MEAT1,0.37,92079.946,5,5,92078.94,0.0,1.0,0.0,0.006,248864.718919
1760690,IT,IN,PAPER,CERAM,0.36,92071.003,5,5,92069.994,0.0,1.0,0.0,0.009,255752.786111
1774575,IT,CH,SEACO,PFERT,0.09,92070.569,4,4,92070.567,0.0,0.0,0.0,0.002,1023006.322222
1786109,IT,ZA,NONME,SUPPO,0.19,92069.009,4,4,92068.999,0.0,0.0,0.0,0.01,484573.731579
1666311,IT,ES,LIQUE,RUBBE,0.16,92064.494,4,4,92064.487,0.0,0.0,0.0,0.007,575403.0875
1766488,IT,RU,ALUM1,MACHI,0.16,92057.604,4,4,92057.597,0.0,0.0,0.0,0.007,575360.025
1796077,IT,WL,TRANS,MOTOR,0.55,92049.228,4,4,92049.223,0.0,0.0,0.0,0.005,167362.232727
1667659,IT,ES,MACHI,BRICK,0.51,92047.662,4,4,92047.654,0.0,0.0,0.0,0.008,180485.611765
1682560,IT,HR,MOTOR,RETA1,0.14,92041.629,4,4,92041.622,0.0,0.0,0.0,0.007,657440.207143
1680296,IT,GR,FURNI,SEACO,0.29,92038.867,4,4,92038.859,0.0,0.0,0.0,0.008,317375.403448
1811347,IT,WM,BITU1,MEMBE,0.15,92036.303,4,4,92036.296,0.0,0.0,0.0,0.007,613575.353333
1741717,IT,US,HEAVY,93197,0.15,92030.42,4,4,92030.413,0.0,0.0,0.0,0.007,613536.133333
1671335,IT,FI,ALUM1,RENTI,0.16,92030.272,4,4,92030.265,0.0,0.0,0.0,0.007,575189.2
1654743,IT,CZ,AIRTR,PLAST,0.1,92028.399,4,4,92028.396,0.0,0.0,0.0,0.003,920283.99
1773156,IT,CH,NONF1,CROPS,0.02,92025.751,3,3,92025.751,0.0,0.0,0.0,0.0,4601287.55
1666924,IT,ES,GLASS,RECRE,0.25,92023.165,4,4,92023.16,0.0,0.0,0.0,0.005,368092.66
1730646,IT,SE,RENTI,SALEM,0.55,92019.43,4,4,92019.425,0.0,0.0,0.0,0.005,167308.054545
1794808,IT,WL,PLAST,BRICK,0.19,92017.758,4,4,92017.749,0.0,0.0,0.0,0.009,484303.989474
1678712,IT,GR,DAIRY,PAPER,0.37,92012.997,5,5,92011.991,0.0,1.0,0.0,0.006,248683.775676
1801388,IT,WE,MACHI,PUBLI,0.51,92006.282,4,4,92006.274,0.0,0.0,0.0,0.008,180404.47451
1794393,IT,WL,KEROS,RETA1,0.14,92003.633,4,4,92003.626,0.0,0.0,0.0,0.007,657168.807143
1718917,IT,PL,PRINT,RUBBE,0.88,91994.111,4,4,91994.104,0.0,0.0,0.0,0.007,104538.7625
1766198,IT,RU,GLASS,DAIRY,0.25,91989.483,4,4,91989.478,0.0,0.0,0.0,0.005,367957.932
1670295,IT,FI,CHEMI,DAIRY,0.22,91986.351,5,5,91981.342,0.0,0.0,5.0,0.009,418119.777273
1741085,IT,US,TEXTI,RENTI,0.55,91984.393,4,4,91984.381,0.0,0.0,0.0,0.012,167244.350909
1722687,IT,PT,LEATH,MOTO1,0.66,91984.381,5,5,91983.365,0.0,1.0,0.0,0.016,139370.274242
1755474,IT,KR,PLAST,BASIC,0.19,91982.144,4,4,91982.135,0.0,0.0,0.0,0.009,484116.547368
1775249,IT,CH,BUSIN,MEATP,0.94,91982.142,4,4,91982.136,0.0,0.0,0.0,0.006,97853.342553
1764058,IT,MX,FABRI,POULT,0.37,91968.852,4,4,91968.845,0.0,0.0,0.0,0.007,248564.464865
1729361,IT,SE,BASIC,STONE,0.11,91968.39,4,4,91968.384,0.0,0.0,0.0,0.006,836076.272727
1760666,IT,IN,PAPER,FOOD5,0.36,91967.863,5,5,91966.854,0.0,1.0,0.0,0.009,255466.286111
1732808,IT,SI,BASIC,DAIRY,0.11,91960.76,4,4,91960.754,0.0,0.0,0.0,0.006,836006.909091
1687481,IT,HU,LANDT,CEREA,0.59,91958.714,4,4,91958.71,0.0,0.0,0.0,0.004,155862.227119
1724120,IT,PT,RETA1,PRINT,0.96,91952.774,4,4,91952.768,0.0,0.0,0.0,0.006,95784.139583
1732997,IT,SI,LEAD1,CHEM1,0.16,91946.6,4,4,91946.592,0.0,0.0,0.0,0.008,574666.25
1741342,IT,US,PAPER,MEMBE,0.36,91928.391,5,5,91927.382,0.0,1.0,0.0,0.009,255356.641667
1777128,IT,TR,ADDIT,REFI1,0.21,91927.105,5,5,91926.098,0.0,1.0,0.0,0.007,437748.119048
1798488,IT,WE,NATUR,REALE,0.13,91926.445,4,4,91926.439,0.0,0.0,0.0,0.006,707126.5
1727068,IT,RO,RAILW,BUSIN,0.61,91891.676,5,5,91890.672,0.0,0.0,1.0,0.004,150642.091803
1683358,IT,HR,NONME,RESEA,0.19,91889.322,4,4,91889.312,0.0,0.0,0.0,0.01,483628.010526
1806241,IT,WF,MACHI,NAPHT,0.51,91888.693,4,4,91888.685,0.0,0.0,0.0,0.008,180173.907843
1644233,IT,BE,OILSE,WHOLE,0.07,91884.89,5,5,91883.886,0.0,1.0,0.0,0.004,1312641.285714
1795591,IT,WL,NONF1,BIOGA,0.02,91870.659,3,3,91870.659,0.0,0.0,0.0,0.0,4593532.95
1651605,IT,CY,CERAM,FOOD5,0.14,91870.545,4,4,91870.54,0.0,0.0,0.0,0.005,656218.178571
1658888,IT,DE,TRANS,COMPU,0.55,91854.89,4,4,91854.885,0.0,0.0,0.0,0.005,167008.890909
1651545,IT,CY,RUBBE,FABRI,0.3,91846.395,4,4,91846.387,0.0,0.0,0.0,0.008,306154.65
1811146,IT,WM,NAPHT,KERO1,0.16,91843.919,4,4,91843.912,0.0,0.0,0.0,0.007,574024.49375
1652918,IT,CZ,KEROS,MEMBE,0.14,91841.399,4,4,91841.392,0.0,0.0,0.0,0.007,656009.992857
1805675,IT,WF,BASIC,RAWMI,0.11,91837.305,4,4,91837.299,0.0,0.0,0.0,0.006,834884.590909
1739176,IT,GB,RETA1,NUCLE,0.96,91834.284,4,4,91834.278,0.0,0.0,0.0,0.006,95660.7125
1678736,IT,GR,PROCE,RUBBE,0.62,91833.189,4,4,91833.183,0.0,0.0,0.0,0.006,148118.046774
1647836,IT,BE,AUXIL,WHOLE,1.68,91830.839,4,4,91830.835,0.0,0.0,0.0,0.004,54661.21369
1801121,IT,WE,NONF1,TRANS,0.02,91822.484,3,3,91822.484,0.0,0.0,0.0,0.0,4591124.2
1720770,IT,PL,TRANS,HOTEL,0.55,91812.191,4,4,91812.186,0.0,0.0,0.0,0.005,166931.256364
1797440,IT,WL,COMPU,RESEA,1.05,91808.766,4,4,91808.76,0.0,0.0,0.0,0.006,87436.92
1767086,IT,RU,FURNI,MACHI,0.29,91804.135,4,4,91804.127,0.0,0.0,0.0,0.008,316565.982759
1657805,IT,DE,NONME,FOUND,0.19,91803.829,4,4,91803.819,0.0,0.0,0.0,0.01,483178.047368
1686899,IT,HU,MACHI,MEATP,0.51,91801.881,4,4,91801.873,0.0,0.0,0.0,0.008,180003.688235
1727010,IT,RO,HOTEL,RESEA,0.67,91777.005,4,4,91776.998,0.0,0.0,0.0,0.007,136980.604478
1730285,IT,SE,SEACO,REALE,0.09,91772.21,4,4,91772.208,0.0,0.0,0.0,0.002,1019691.222222
1714567,IT,NL,CRUDE,BUSIN,0.18,91770.136,4,4,91770.128,0.0,0.0,0.0,0.008,509834.088889
1772641,IT,CH,GLASS,TRANS,0.25,91769.258,4,4,91769.253,0.0,0.0,0.0,0.005,367077.032
1675687,IT,FR,TRANS,RENTI,0.55,91762.252,4,4,91762.247,0.0,0.0,0.0,0.005,166840.458182
1755036,IT,KR,WEARI,MACHI,0.69,91748.972,4,4,91748.955,0.0,0.0,0.0,0.017,132969.524638
1682883,IT,HR,NAPHT,WEARI,0.16,91744.613,4,4,91744.606,0.0,0.0,0.0,0.007,573403.83125
1661745,IT,DK,LEATH,LEATH,0.66,91734.305,5,5,91733.289,0.0,1.0,0.0,0.016,138991.371212
1729724,IT,SE,MACHI,DAIRY,0.51,91715.968,4,4,91715.96,0.0,0.0,0.0,0.008,179835.231373
1749900,IT,CN,GLASS,VEGET,0.25,91713.496,4,4,91713.491,0.0,0.0,0.0,0.005,366853.984
1753745,IT,CA,FURNI,WOODW,0.29,91708.345,4,4,91708.337,0.0,0.0,0.0,0.008,316235.672414
1729922,IT,SE,FURNI,TRANS,0.29,91706.425,4,4,91706.417,0.0,0.0,0.0,0.008,316229.051724
1799651,IT,WE,MOTOR,NONSP,0.14,91704.455,4,4,91704.448,0.0,0.0,0.0,0.007,655031.821429
1765242,IT,RU,SANDC,FURNI,0.21,91702.541,5,5,91682.538,0.0,0.0,20.0,0.003,436678.766667
1755079,IT,KR,WEARI,MEMBE,0.69,91700.259,4,4,91700.242,0.0,0.0,0.0,0.017,132898.926087
1715551,IT,NL,GASDI,PUBLI,0.14,91699.432,4,4,91699.425,0.0,0.0,0.0,0.007,654995.942857
1678454,IT,FR,RECRE,PRINT,1.17,91695.766,4,4,91695.759,0.0,0.0,0.0,0.007,78372.449573
1814183,IT,WM,SUPPO,GASDI,0.66,91695.74,4,4,91695.735,0.0,0.0,0.0,0.005,138932.939394
1641087,IT,AT,PAPER,CERAM,0.36,91682.147,5,5,91681.138,0.0,1.0,0.0,0.009,254672.630556
1729351,IT,SE,BASIC,PIGS9,0.11,91678.336,4,4,91678.33,0.0,0.0,0.0,0.006,833439.418182
1656337,IT,DE,WOODW,RAWMI,0.26,91676.018,5,5,91675.012,0.0,1.0,0.0,0.006,352600.069231
1762714,IT,IN,BUSIN,MOTOR,0.94,91675.744,4,4,91675.738,0.0,0.0,0.0,0.006,97527.387234
1733806,IT,SI,LANDT,REALE,0.59,91672.301,4,4,91672.297,0.0,0.0,0.0,0.004,155376.781356
1679970,IT,GR,FABRI,ELEC4,0.37,91667.213,4,4,91667.206,0.0,0.0,0.0,0.007,247749.224324
1687285,IT,HU,WHOLE,COMPU,0.79,91662.722,4,4,91662.717,0.0,0.0,0.0,0.005,116028.762025
1768103,IT,RU,BUSIN,FINAN,0.94,91656.714,4,4,91656.708,0.0,0.0,0.0,0.006,97507.142553
1660715,IT,DE,RENTI,OFFIC,0.55,91655.291,4,4,91655.286,0.0,0.0,0.0,0.005,166645.983636
1648824,IT,BG,TOBAC,TOBAC,0.36,91648.801,4,4,91648.795,0.0,0.0,0.0,0.006,254580.002778
1763323,IT,MX,PAPER,LANDT,0.36,91647.269,5,5,91646.26,0.0,1.0,0.0,0.009,254575.747222
1715568,IT,NL,HEAVY,WHITE,0.15,91636.693,4,4,91636.686,0.0,0.0,0.0,0.007,610911.286667
1663202,IT,DK,LANDT,BUSIN,0.59,91635.596,4,4,91635.592,0.0,0.0,0.0,0.004,155314.569492
1770021,IT,AU,FURNI,RETA1,0.29,91633.968,4,4,91633.96,0.0,0.0,0.0,0.008,315979.2
1684349,IT,HR,SUPPO,WHOLE,0.66,91632.862,4,4,91632.857,0.0,0.0,0.0,0.005,138837.669697
1732312,IT,SI,NAPHT,BASIC,0.16,91623.213,4,4,91623.206,0.0,0.0,0.0,0.007,572645.08125
1671799,IT,FI,WHOLE,EDUCA,0.79,91621.582,4,4,91621.577,0.0,0.0,0.0,0.005,115976.686076
1743819,IT,US,LANDT,REALE,0.59,91620.18,4,4,91620.176,0.0,0.0,0.0,0.004,155288.440678
1660638,IT,DE,REALE,CONST,3.87,91618.845,4,4,91618.839,0.0,0.0,0.0,0.006,23674.120155
1731602,IT,SI,WEARI,FABRI,0.69,91602.27,4,4,91602.253,0.0,0.0,0.0,0.017,132756.913043
1716801,IT,NL,RETA1,EDUCA,0.96,91599.501,4,4,91599.495,0.0,0.0,0.0,0.006,95416.146875
1800393,IT,WE,CHEM1,LANDT,0.19,91596.93,4,4,91596.92,0.0,0.0,0.0,0.01,482089.105263
1737611,IT,GB,PAPER,GLASS,0.35,91596.879,5,5,91595.87,0.0,1.0,0.0,0.009,261705.368571
1744909,IT,US,BUSIN,BIOGA,0.94,91593.084,4,4,91593.078,0.0,0.0,0.0,0.006,97439.451064
1680202,IT,GR,TRANS,TOBAC,0.55,91591.155,4,4,91591.15,0.0,0.0,0.0,0.005,166529.372727
1674109,IT,FR,HEAVY,WEARI,0.15,91584.388,4,4,91584.381,0.0,0.0,0.0,0.007,610562.586667
1769137,IT,AU,CHEM1,TEXTI,0.19,91583.029,4,4,91583.019,0.0,0.0,0.0,0.01,482015.942105
1813971,IT,WM,SEACO,PROCE,0.09,91578.494,4,4,91578.492,0.0,0.0,0.0,0.002,1017538.822222
1658539,IT,DE,MACHI,SANDC,0.51,91577.518,4,4,91577.51,0.0,0.0,0.0,0.008,179563.760784
1733856,IT,SI,TRAN2,BUSIN,0.14,91576.662,4,4,91576.659,0.0,0.0,0.0,0.003,654119.014286
1751020,IT,CN,WHOLE,CHEM1,0.79,91573.357,4,4,91573.352,0.0,0.0,0.0,0.005,115915.641772
1734638,IT,SK,TEXTI,MOTO1,0.54,91571.511,4,4,91571.499,0.0,0.0,0.0,0.012,169576.872222
1649723,IT,BG,BASIC,FORES,0.11,91564.818,4,4,91564.812,0.0,0.0,0.0,0.006,832407.436364
1738688,IT,GB,MACHI,LEAD1,0.51,91562.003,4,4,91561.995,0.0,0.0,0.0,0.008,179533.339216
1745576,IT,JP,FISH5,FISHF,0.38,91558.719,4,4,91558.672,0.0,0.0,0.0,0.047,240943.997368
1720209,IT,PL,COPP1,RESEA,0.23,91545.052,4,4,91545.047,0.0,0.0,0.0,0.005,398021.965217
1782026,IT,NO,RUBBE,RENTI,0.3,91519.846,4,4,91519.838,0.0,0.0,0.0,0.008,305066.153333
1785437,IT,ZA,PAPER,POSTT,0.35,91516.994,5,5,91515.985,0.0,1.0,0.0,0.009,261477.125714
1686324,IT,HU,NONME,GLASS,0.18,91513.924,4,4,91513.914,0.0,0.0,0.0,0.01,508410.688889
1656275,IT,DE,LEATH,VEGET,0.66,91507.087,5,5,91506.071,0.0,1.0,0.0,0.016,138647.101515
1739624,IT,GB,SEACO,COMPU,0.09,91502.264,4,4,91502.262,0.0,0.0,0.0,0.002,1016691.822222
1801293,IT,WE,MACHI,CHEMI,0.51,91493.38,4,4,91493.372,0.0,0.0,0.0,0.008,179398.784314
1774832,IT,CH,POSTT,REALE,1.51,91477.692,4,4,91477.685,0.0,0.0,0.0,0.007,60581.25298
1768197,IT,RU,PUBLI,BUSIN,1.5,91470.677,4,4,91470.671,0.0,0.0,0.0,0.006,60980.451333
1757958,IT,BR,ADDIT,RETAI,0.21,91460.448,5,5,91459.441,0.0,1.0,0.0,0.007,435525.942857
1808243,IT,WF,FOOD2,VEGET,0.53,91457.867,4,4,91457.861,0.0,0.0,0.0,0.006,172562.013208
1731387,IT,SI,FOOD5,MEATP,0.44,91457.733,4,4,91457.725,0.0,0.0,0.0,0.008,207858.484091
1761303,IT,IN,RUBBE,REALE,0.3,91452.535,4,4,91452.527,0.0,0.0,0.0,0.008,304841.783333
1729932,IT,SE,FURNI,AIRTR,0.29,91437.379,4,4,91437.371,0.0,0.0,0.0,0.008,315301.306897
1777688,IT,TR,COPP1,CERAM,0.23,91435.274,4,4,91435.269,0.0,0.0,0.0,0.005,397544.669565
1710959,IT,LU,RUBBE,RENTI,0.3,91432.992,4,4,91432.984,0.0,0.0,0.0,0.008,304776.64
1655983,IT,DE,FOOD5,BIOGA,0.44,91432.815,4,4,91432.807,0.0,0.0,0.0,0.008,207801.852273
1790476,IT,WA,COPP1,KEROS,0.23,91426.786,4,4,91426.781,0.0,0.0,0.0,0.005,397507.765217
1813077,IT,WM,OFFIC,AUXIL,0.28,91417.496,4,4,91417.489,0.0,0.0,0.0,0.007,326491.057143
1681955,IT,HR,FOOD5,PRINT,0.44,91413.837,4,4,91413.829,0.0,0.0,0.0,0.008,207758.720455
1803787,IT,WF,TEXTI,MEATC,0.54,91412.061,4,4,91412.049,0.0,0.0,0.0,0.012,169281.594444
1723240,IT,PT,GLASS,MEATA,0.25,91406.327,4,4,91406.322,0.0,0.0,0.0,0.005,365625.308
1804272,IT,WF,MOTOR,CHEMI,0.14,91394.017,4,4,91394.01,0.0,0.0,0.0,0.007,652814.407143
1788346,IT,WA,LEATH,FOOD3,0.65,91391.718,5,5,91390.702,0.0,1.0,0.0,0.016,140602.643077
1739473,IT,GB,LANDT,BRICK,0.59,91388.436,4,4,91388.432,0.0,0.0,0.0,0.004,154895.654237
1731825,IT,SI,PAPER,INSUR,0.35,91383.77,5,5,91382.761,0.0,1.0,0.0,0.009,261096.485714
1719938,IT,PL,PREC1,TRANS,0.16,91382.587,4,4,91382.583,0.0,0.0,0.0,0.004,571141.16875
1679918,IT,GR,FABRI,MEATC,0.37,91382.108,4,4,91382.101,0.0,0.0,0.0,0.007,246978.67027
1718685,IT,PL,WOODW,MACHI,0.26,91380.845,5,5,91379.839,0.0,1.0,0.0,0.006,351464.788462
1774390,IT,CH,HOTEL,FOOD1,0.66,91380.785,4,4,91380.778,0.0,0.0,0.0,0.007,138455.734848
1765451,IT,RU,TEXTI,HOTEL,0.54,91379.879,4,4,91379.867,0.0,0.0,0.0,0.012,169221.998148
1721197,IT,PL,LANDT,RAWMI,0.59,91377.629,4,4,91377.625,0.0,0.0,0.0,0.004,154877.337288
1722147,IT,PL,BUSIN,RAILW,0.94,91368.09,4,4,91368.084,0.0,0.0,0.0,0.006,97200.095745
1662592,IT,DK,FABRI,WHOLE,0.37,91363.888,4,4,91363.881,0.0,0.0,0.0,0.007,246929.427027
1781844,IT,NO,PLAST,MOTO1,0.19,91359.012,4,4,91359.003,0.0,0.0,0.0,0.009,480836.905263
1640463,IT,AT,DAIRY,RAWMI,0.37,91355.586,5,5,91354.58,0.0,1.0,0.0,0.006,246906.989189
1672063,IT,FI,AIRTR,EDUCA,0.1,91348.685,4,4,91348.682,0.0,0.0,0.0,0.003,913486.85
1665874,IT,ES,PRINT,POSTT,0.88,91344.783,4,4,91344.776,0.0,0.0,0.0,0.007,103800.889773
1653589,IT,CZ,BASIC,TEXT2,0.11,91342.817,4,4,91342.811,0.0,0.0,0.0,0.006,830389.245455
1741054,IT,US,TEXTI,BRICK,0.54,91326.854,4,4,91326.842,0.0,0.0,0.0,0.012,169123.803704
1660351,IT,DE,FINAN,GASDI,1.19,91324.588,4,4,91324.585,0.0,0.0,0.0,0.003,76743.351261
1790556,IT,WA,NONF1,RUBBE,0.02,91300.959,3,3,91300.959,0.0,0.0,0.0,0.0,4565047.95
1675854,IT,FR,ELEC1,FINAN,0.01,91298.938,4,4,91298.932,0.0,0.0,0.0,0.006,9129893.8
1722758,IT,PT,PAPER,TEXTI,0.35,91297.611,5,5,91296.602,0.0,1.0,0.0,0.009,260850.317143
1682135,IT,HR,TEXTI,RADIO,0.54,91294.993,4,4,91294.981,0.0,0.0,0.0,0.012,169064.801852
1741981,IT,US,CHEM1,PAPE4,0.19,91291.603,4,4,91291.593,0.0,0.0,0.0,0.01,480482.121053
1762270,IT,IN,AIRTR,COPP1,0.1,91290.244,4,4,91290.241,0.0,0.0,0.0,0.003,912902.44
1783605,IT,NO,FOOD2,INTER,0.53,91285.001,4,4,91284.995,0.0,0.0,0.0,0.006,172235.850943
1666297,IT,ES,LIQUE,PAPER,0.16,91280.735,4,4,91280.728,0.0,0.0,0.0,0.007,570504.59375
1688420,IT,IE,BEVER,RETA1,0.39,91279.759,4,4,91279.753,0.0,0.0,0.0,0.006,234050.664103
1764178,IT,MX,MACHI,FORES,0.51,91277.64,4,4,91277.633,0.0,0.0,0.0,0.007,178975.764706
1757781,IT,BR,PLAST,LIQUI,0.19,91275.39,4,4,91275.381,0.0,0.0,0.0,0.009,480396.789474
1809660,IT,WM,DAIRY,RESEA,0.37,91272.272,5,5,91271.266,0.0,1.0,0.0,0.006,246681.816216
1640594,IT,AT,BEVER,PIGS9,0.39,91258.101,4,4,91258.095,0.0,0.0,0.0,0.006,233995.130769
1761079,IT,IN,PFERT,PLANT,0.04,91253.134,4,4,91253.119,0.0,0.0,0.0,0.015,2281328.35
1686089,IT,HU,RUBBE,GLASS,0.3,91240.153,4,4,91240.145,0.0,0.0,0.0,0.008,304133.843333
1727099,IT,RO,LANDT,DAIRY,0.59,91235.655,4,4,91235.651,0.0,0.0,0.0,0.004,154636.70339
1743422,IT,US,SALEM,MEMBE,0.74,91234.581,4,4,91234.575,0.0,0.0,0.0,0.006,123289.974324
1754504,IT,CA,BUSIN,RUBBE,0.94,91229.638,4,4,91229.632,0.0,0.0,0.0,0.006,97052.806383
1754829,IT,KR,FOOD5,PUBLI,0.44,91222.947,4,4,91222.939,0.0,0.0,0.0,0.008,207324.879545
1806137,IT,WF,FABRI,PREC1,0.37,91213.054,4,4,91213.047,0.0,0.0,0.0,0.007,246521.767568
1771058,IT,CH,FISHF,WHOLE,0.16,91212.858,4,4,91212.855,0.0,0.0,0.0,0.003,570080.3625
1646721,IT,BE,CONST,CHEMI,0.51,91200.401,4,4,91200.396,0.0,0.0,0.0,0.005,178824.315686
1768122,IT,RU,BUSIN,RECRE,0.94,91195.627,4,4,91195.621,0.0,0.0,0.0,0.006,97016.624468
1674035,IT,FR,GASDI,BEVER,0.14,91193.064,4,4,91193.057,0.0,0.0,0.0,0.007,651379.028571
1650626,IT,BG,CONST,OFFIC,0.51,91186.246,4,4,91186.241,0.0,0.0,0.0,0.005,178796.560784
1666822,IT,ES,RUBBE,PAPE4,0.3,91184.713,4,4,91184.705,0.0,0.0,0.0,0.008,303949.043333
1813932,IT,WM,TRAN2,KEROS,0.14,91183.993,4,4,91183.99,0.0,0.0,0.0,0.003,651314.235714
1784229,IT,ID,PLAST,OFFIC,0.19,91182.339,4,4,91182.33,0.0,0.0,0.0,0.009,479907.047368
1785584,IT,ZA,GASDI,CHEMI,0.14,91182.193,4,4,91182.186,0.0,0.0,0.0,0.007,651301.378571
1651503,IT,CY,NAPHT,STONE,0.15,91181.109,4,4,91181.102,0.0,0.0,0.0,0.007,607874.06
1796731,IT,WL,LANDT,FOOD5,0.59,91172.239,4,4,91172.235,0.0,0.0,0.0,0.004,154529.218644
1659466,IT,DE,RETA1,FISHF,0.95,91171.371,4,4,91171.365,0.0,0.0,0.0,0.006,95969.864211
1729625,IT,SE,FABRI,BEVER,0.37,91166.896,4,4,91166.889,0.0,0.0,0.0,0.007,246397.016216
1761208,IT,IN,ADDIT,COPP1,0.21,91161.945,5,5,91160.938,0.0,1.0,0.0,0.007,434104.5
1717154,IT,NL,INLAN,BUSIN,0.15,91151.593,4,4,91151.587,0.0,0.0,0.0,0.006,607677.286667
1799516,IT,WE,PAPER,HEALT,0.35,91149.664,5,5,91148.655,0.0,1.0,0.0,0.009,260427.611429
1742976,IT,US,MACHI,OILHA,0.51,91141.56,4,4,91141.553,0.0,0.0,0.0,0.007,178708.941176
1758314,IT,BR,COPP1,BASIC,0.23,91137.503,4,4,91137.498,0.0,0.0,0.0,0.005,396250.013043
1723544,IT,PT,NONF1,FABRI,0.02,91137.324,3,3,91137.324,0.0,0.0,0.0,0.0,4556866.2
1804071,IT,WF,WOODW,RECRE,0.26,91134.979,5,5,91133.973,0.0,1.0,0.0,0.006,350519.15
1674500,IT,FR,RUBBE,SUGAR,0.3,91134.489,4,4,91134.481,0.0,0.0,0.0,0.008,303781.63
1720329,IT,PL,FABRI,COLLE,0.37,91122.178,4,4,91122.171,0.0,0.0,0.0,0.007,246276.156757
1811648,IT,WM,CHEM1,NONF1,0.19,91116.674,4,4,91116.664,0.0,0.0,0.0,0.01,479561.442105
1720615,IT,PL,MOTO1,MEATP,0.48,91113.881,4,4,91113.875,0.0,0.0,0.0,0.006,189820.585417
1754929,IT,KR,TEXTI,PRINT,0.54,91112.492,4,4,91112.48,0.0,0.0,0.0,0.012,168726.837037
1792069,IT,WA,AIRTR,GLASS,0.1,91084.818,4,4,91084.815,0.0,0.0,0.0,0.003,910848.18
1785179,IT,ZA,FOOD5,COLLE,0.44,91078.524,4,4,91078.516,0.0,0.0,0.0,0.008,206996.645455
1680324,IT,GR,ELEC1,MEAT4,0.01,91076.583,4,4,91076.577,0.0,0.0,0.0,0.006,9107658.3
1802295,IT,WE,LANDT,POSTT,0.59,91073.973,4,4,91073.969,0.0,0.0,0.0,0.004,154362.666102
1767110,IT,RU,FURNI,LANDT,0.29,91057.38,4,4,91057.372,0.0,0.0,0.0,0.008,313990.965517
1686861,IT,HU,FABRI,HEALT,0.37,91056.95,4,4,91056.943,0.0,0.0,0.0,0.007,246099.864865
1728301,IT,SE,BEVER,SALEM,0.39,91042.479,4,4,91042.473,0.0,0.0,0.0,0.006,233442.253846
1755009,IT,KR,WEARI,TEXTI,0.69,91042.267,4,4,91042.25,0.0,0.0,0.0,0.017,131945.314493
1642535,IT,AT,COPP1,SECO9,0.23,91040.174,4,4,91040.169,0.0,0.0,0.0,0.005,395826.843478
1640896,IT,AT,LEATH,TRANS,0.65,91034.853,5,5,91033.837,0.0,1.0,0.0,0.016,140053.62
1777752,IT,TR,NONF1,DIST1,0.02,91032.835,3,3,91032.835,0.0,0.0,0.0,0.0,4551641.75
1765517,IT,RU,WEARI,BUSIN,0.69,91031.103,4,4,91031.086,0.0,0.0,0.0,0.017,131929.134783
1671614,IT,FI,FURNI,FABRI,0.29,91023.275,4,4,91023.267,0.0,0.0,0.0,0.008,313873.362069
1768457,IT,AU,DAIRY,RESEA,0.37,91019.656,5,5,91018.65,0.0,1.0,0.0,0.006,245999.07027
1668929,IT,ES,AIRTR,TEXTI,0.1,91014.774,4,4,91014.771,0.0,0.0,0.0,0.003,910147.74
1764589,IT,MX,WHOLE,TRANS,0.79,91014.725,4,4,91014.72,0.0,0.0,0.0,0.005,115208.512658
1751185,IT,CN,HOTEL,WOODW,0.66,91009.693,4,4,91009.686,0.0,0.0,0.0,0.007,137893.474242
1786291,IT,ZA,FABRI,ELECT,0.37,91009.524,4,4,91009.517,0.0,0.0,0.0,0.007,245971.686486
1743463,IT,US,WHOLE,PREC1,0.79,91006.414,4,4,91006.409,0.0,0.0,0.0,0.005,115197.992405
1688227,IT,IE,WHEAT,FOOD5,0.07,91001.1,5,5,91000.098,0.0,1.0,0.0,0.002,1300015.714286
1791950,IT,WA,SEACO,GASDI,0.09,90998.001,4,4,90997.999,0.0,0.0,0.0,0.002,1011088.9
1653084,IT,CZ,CHEM1,FORES,0.19,90989.89,4,4,90989.88,0.0,0.0,0.0,0.01,478894.157895
1795908,IT,WL,OFFIC,HEALT,0.28,90987.271,4,4,90987.264,0.0,0.0,0.0,0.007,324954.539286
1812761,IT,WM,NONF1,FINAN,0.02,90984.326,3,3,90984.326,0.0,0.0,0.0,0.0,4549216.3
1741303,IT,US,PAPER,OFFIC,0.35,90984.129,5,5,90983.12,0.0,1.0,0.0,0.009,259954.654286
1647129,IT,BE,HOTEL,TRAN2,0.66,90979.433,4,4,90979.426,0.0,0.0,0.0,0.007,137847.625758
1716411,IT,NL,MACHI,HOTEL,0.51,90976.801,4,4,90976.794,0.0,0.0,0.0,0.007,178385.884314
1743295,IT,US,FURNI,WHOLE,0.29,90974.946,4,4,90974.938,0.0,0.0,0.0,0.008,313706.710345
1767421,IT,RU,LANDT,OFFIC,0.59,90967.682,4,4,90967.678,0.0,0.0,0.0,0.004,154182.511864
1762733,IT,IN,BUSIN,GLASS,0.93,90961.325,4,4,90961.319,0.0,0.0,0.0,0.006,97807.876344
1719029,IT,PL,HEAVY,WOODW,0.15,90958.444,4,4,90958.437,0.0,0.0,0.0,0.007,606389.626667
1716548,IT,NL,TRANS,FURNI,0.54,90950.125,4,4,90950.12,0.0,0.0,0.0,0.005,168426.157407
1679353,IT,GR,PLAST,PULP5,0.19,90945.605,4,4,90945.596,0.0,0.0,0.0,0.009,478661.078947
1643200,IT,AT,HOTEL,TEXTI,0.66,90941.789,4,4,90941.782,0.0,0.0,0.0,0.007,137790.589394
1674823,IT,FR,NONME,VEGET,0.18,90941.554,4,4,90941.544,0.0,0.0,0.0,0.01,505230.855556
1658395,IT,DE,FABRI,MEATC,0.37,90938.849,4,4,90938.842,0.0,0.0,0.0,0.007,245780.672973
1764540,IT,MX,SALEM,MOTO1,0.73,90931.841,4,4,90931.835,0.0,0.0,0.0,0.006,124564.165753
1655323,IT,DE,VEGET,CHEM1,0.32,90931.768,4,4,90931.764,0.0,0.0,0.0,0.004,284161.775
1799762,IT,WE,KEROS,RAILW,0.14,90920.219,4,4,90920.212,0.0,0.0,0.0,0.007,649430.135714
1749226,IT,CN,PAPER,WEARI,0.35,90915.544,5,5,90914.535,0.0,1.0,0.0,0.009,259758.697143
1645742,IT,BE,RUBBE,GASDI,0.3,90914.513,4,4,90914.505,0.0,0.0,0.0,0.008,303048.376667
1752067,IT,CN,BUSIN,MEATP,0.93,90914.0,4,4,90913.994,0.0,0.0,0.0,0.006,97756.989247
1774931,IT,CH,INSUR,RETA1,1.87,90908.069,4,4,90908.065,0.0,0.0,0.0,0.004,48613.940642
1810935,IT,WM,GASDI,DAIRY,0.14,90904.046,4,4,90904.039,0.0,0.0,0.0,0.007,649314.614286
1744152,IT,US,SUPPO,RENTI,0.65,90891.44,4,4,90891.436,0.0,0.0,0.0,0.004,139832.984615
1813382,IT,WM,FURNI,ELECT,0.29,90887.167,4,4,90887.159,0.0,0.0,0.0,0.008,313404.024138
1735011,IT,SK,PLAST,GLASS,0.19,90885.16,4,4,90885.151,0.0,0.0,0.0,0.009,478342.947368
1775805,IT,TR,CHEMI,PLAST,0.22,90883.555,5,5,90879.546,0.0,0.0,4.0,0.009,413107.068182
1676006,IT,FR,ELEC5,TRAN1,1.1,90880.885,4,4,90880.879,0.0,0.0,0.0,0.006,82618.986364
1730316,IT,SE,AIRTR,COMPU,0.1,90880.879,4,4,90880.876,0.0,0.0,0.0,0.003,908808.79
1666028,IT,ES,MOTOR,93197,0.14,90872.896,4,4,90872.889,0.0,0.0,0.0,0.007,649092.114286
1657199,IT,DE,CHEM1,SUGA1,0.19,90870.41,4,4,90870.4,0.0,0.0,0.0,0.01,478265.315789
1662036,IT,DK,CHEM1,CEREA,0.19,90853.608,4,4,90853.598,0.0,0.0,0.0,0.01,478176.884211
1644943,IT,BE,WOODW,PAPER,0.25,90849.877,5,5,90848.871,0.0,1.0,0.0,0.006,363399.508
1714330,IT,MT,HEALT,RADIO,0.47,90842.653,4,4,90842.649,0.0,0.0,0.0,0.004,193282.240426
1723112,IT,PT,CHEM1,CONST,0.19,90841.888,4,4,90841.878,0.0,0.0,0.0,0.01,478115.2
1735912,IT,SK,OFFIC,COMPU,0.28,90839.452,4,4,90839.445,0.0,0.0,0.0,0.007,324426.614286
1732974,IT,SI,ALUM1,AUXIL,0.16,90838.729,4,4,90838.722,0.0,0.0,0.0,0.007,567742.05625
1790215,IT,WA,PREC1,HEAVY,0.15,90826.004,4,4,90826.0,0.0,0.0,0.0,0.004,605506.693333
1640865,IT,AT,LEATH,PRINT,0.65,90813.708,5,5,90812.692,0.0,1.0,0.0,0.016,139713.396923
1777757,IT,TR,NONF1,RESEA,0.02,90813.21,3,3,90813.21,0.0,0.0,0.0,0.0,4540660.5
1813088,IT,WM,OFFIC,RECRE,0.28,90798.015,4,4,90798.008,0.0,0.0,0.0,0.007,324278.625
1654715,IT,CZ,LANDT,HEALT,0.59,90797.054,4,4,90797.05,0.0,0.0,0.0,0.004,153893.311864
1805673,IT,WF,BASIC,POULT,0.1,90796.994,4,4,90796.988,0.0,0.0,0.0,0.006,907969.94
1725494,IT,RO,WEARI,BUSIN,0.68,90796.381,4,4,90796.364,0.0,0.0,0.0,0.017,133524.089706
1768689,IT,AU,TEXTI,HOTEL,0.54,90794.973,4,4,90794.961,0.0,0.0,0.0,0.012,168138.838889
1727972,IT,SE,FORES,WOODW,0.79,90777.533,5,5,90742.531,0.0,35.0,0.0,0.002,114908.26962
1714556,IT,NL,CRUDE,LANDT,0.18,90774.441,4,4,90774.433,0.0,0.0,0.0,0.008,504302.45
1738266,IT,GB,NONME,RUBBE,0.18,90768.537,4,4,90768.527,0.0,0.0,0.0,0.01,504269.65
1644990,IT,BE,WOODW,RENTI,0.25,90764.264,5,5,90763.258,0.0,1.0,0.0,0.006,363057.056
1714826,IT,NL,FOOD5,PLAST,0.44,90749.116,4,4,90749.108,0.0,0.0,0.0,0.008,206247.990909
1641408,IT,AT,GASDI,PIGS9,0.14,90748.356,4,4,90748.349,0.0,0.0,0.0,0.007,648202.542857
1760915,IT,IN,HEAVY,VEGET,0.15,90744.839,4,4,90744.832,0.0,0.0,0.0,0.007,604965.593333
1685326,IT,HU,WEARI,FURNI,0.68,90740.158,4,4,90740.141,0.0,0.0,0.0,0.017,133441.408824
1777432,IT,TR,NONME,CEMEN,0.18,90738.925,4,4,90738.915,0.0,0.0,0.0,0.01,504105.138889
1746694,IT,JP,FABRI,CHEM1,0.37,90722.113,4,4,90722.106,0.0,0.0,0.0,0.007,245194.9
1747099,IT,JP,FURNI,SEACO,0.29,90717.124,4,4,90717.116,0.0,0.0,0.0,0.008,312817.668966
1794281,IT,WL,MOTOR,PRINT,0.14,90714.401,4,4,90714.394,0.0,0.0,0.0,0.007,647960.007143
1769148,IT,AU,CHEM1,LIQUE,0.19,90712.92,4,4,90712.91,0.0,0.0,0.0,0.01,477436.421053
1786295,IT,ZA,FABRI,TRANS,0.37,90712.568,4,4,90712.561,0.0,0.0,0.0,0.007,245169.102703
1783662,IT,NO,WASTE,BASIC,0.29,90708.912,4,4,90708.907,0.0,0.0,0.0,0.005,312789.351724
1733977,IT,SI,SUPPO,REALE,0.65,90700.628,4,4,90700.624,0.0,0.0,0.0,0.004,139539.427692
1769505,IT,AU,BASIC,REALE,0.1,90700.104,4,4,90700.098,0.0,0.0,0.0,0.006,907001.04
1673610,IT,FR,WOODW,FOUND,0.25,90700.006,5,5,90699.0,0.0,1.0,0.0,0.006,362800.024
1653112,IT,CZ,CHEM1,KEROS,0.19,90691.176,4,4,90691.166,0.0,0.0,0.0,0.01,477321.978947
1649873,IT,BG,NONF1,CHEM1,0.02,90679.829,3,3,90679.829,0.0,0.0,0.0,0.0,4533991.45
1741980,IT,US,CHEM1,FOOD4,0.19,90678.843,4,4,90678.833,0.0,0.0,0.0,0.01,477257.068421
1683710,IT,HR,MACHI,DAIRY,0.51,90674.642,4,4,90674.635,0.0,0.0,0.0,0.007,177793.415686
1810614,IT,WM,PRINT,FINAN,0.87,90659.953,4,4,90659.946,0.0,0.0,0.0,0.007,104206.842529
1642219,IT,AT,CEMEN,COMPU,0.15,90649.478,5,5,90648.474,0.0,0.0,1.0,0.004,604329.853333
1718929,IT,PL,PRINT,FABRI,0.87,90639.511,4,4,90639.504,0.0,0.0,0.0,0.007,104183.345977
1648486,IT,BG,OILSE,BEVER,0.07,90635.406,5,5,90634.402,0.0,1.0,0.0,0.004,1294791.514286
1777304,IT,TR,GLASS,CHEMI,0.25,90632.503,4,4,90632.498,0.0,0.0,0.0,0.005,362530.012
1772888,IT,CH,BASIC,RETAI,0.1,90627.625,4,4,90627.619,0.0,0.0,0.0,0.006,906276.25
1777440,IT,TR,NONME,MOTO1,0.18,90622.846,4,4,90622.836,0.0,0.0,0.0,0.01,503460.255556
1803145,IT,WF,VEGET,RETAI,0.32,90617.578,4,4,90617.574,0.0,0.0,0.0,0.004,283179.93125
1682102,IT,HR,TEXTI,BEVER,0.54,90612.09,4,4,90612.078,0.0,0.0,0.0,0.012,167800.166667
1796820,IT,WL,SEACO,CATTL,0.09,90604.441,4,4,90604.439,0.0,0.0,0.0,0.002,1006716.011111
1772897,IT,CH,BASIC,AIRTR,0.1,90603.343,4,4,90603.337,0.0,0.0,0.0,0.006,906033.43
1670480,IT,FI,BEVER,WOODW,0.39,90601.747,4,4,90601.741,0.0,0.0,0.0,0.006,232312.171795
1812929,IT,WM,MACHI,STONE,0.51,90601.242,4,4,90601.235,0.0,0.0,0.0,0.007,177649.494118
1791955,IT,WA,SEACO,NFERT,0.09,90598.537,4,4,90598.535,0.0,0.0,0.0,0.002,1006650.411111
1667685,IT,ES,MACHI,ELEC7,0.51,90592.378,4,4,90592.371,0.0,0.0,0.0,0.007,177632.113725
1745256,IT,JP,CHEMI,RETA1,0.22,90585.425,5,5,90581.416,0.0,0.0,4.0,0.009,411751.931818
1763577,IT,MX,CHEM1,RADIO,0.19,90585.0,4,4,90584.99,0.0,0.0,0.0,0.01,476763.157895
1748365,IT,CN,OILSE,RUBBE,0.07,90577.66,5,5,90576.656,0.0,1.0,0.0,0.004,1293966.571429
1719412,IT,PL,RUBBE,PREC1,0.3,90576.161,4,4,90576.153,0.0,0.0,0.0,0.008,301920.536667
1719237,IT,PL,CHEM1,DAIRY,0.19,90569.186,4,4,90569.176,0.0,0.0,0.0,0.01,476679.926316
1757143,IT,BR,STONE,NONME,0.29,90563.343,5,5,90558.339,0.0,0.0,5.0,0.004,312287.389655
1668934,IT,ES,AIRTR,PAPER,0.1,90555.499,4,4,90555.496,0.0,0.0,0.0,0.003,905554.99
1777260,IT,TR,RUBBE,TRAN1,0.3,90552.774,4,4,90552.766,0.0,0.0,0.0,0.008,301842.58
1714603,IT,NL,CHEMI,VEGET,0.22,90542.601,5,5,90538.592,0.0,0.0,4.0,0.009,411557.277273
1661240,IT,DK,VEGET,DAIRY,0.32,90538.58,4,4,90538.576,0.0,0.0,0.0,0.004,282933.0625
1720675,IT,PL,MOTO1,HOTEL,0.48,90537.395,4,4,90537.389,0.0,0.0,0.0,0.006,188619.572917
1765358,IT,RU,BEVER,FORES,0.39,90535.065,4,4,90535.059,0.0,0.0,0.0,0.006,232141.192308
1673051,IT,FR,FOOD5,GASDI,0.43,90534.46,4,4,90534.452,0.0,0.0,0.0,0.008,210545.255814
1774078,IT,CH,WHOLE,PROCE,0.78,90533.627,4,4,90533.622,0.0,0.0,0.0,0.005,116068.752564
1723905,IT,PT,FURNI,FURNI,0.29,90533.107,4,4,90533.099,0.0,0.0,0.0,0.008,312183.127586
1760698,IT,IN,PAPER,FABRI,0.35,90530.695,5,5,90529.686,0.0,1.0,0.0,0.009,258659.128571
1804253,IT,WF,MOTOR,ANIMA,0.14,90528.692,4,4,90528.685,0.0,0.0,0.0,0.007,646633.514286
1663641,IT,DK,BUSIN,CONST,0.93,90522.809,4,4,90522.803,0.0,0.0,0.0,0.006,97336.353763
1687505,IT,HU,LANDT,BEVER,0.58,90520.035,4,4,90520.031,0.0,0.0,0.0,0.004,156069.025862
1718106,IT,PL,VEGE1,PIGS9,0.28,90512.234,5,5,90511.214,0.0,1.0,0.0,0.02,323257.978571
1811758,IT,WM,ADDIT,CHARC,0.21,90508.266,5,5,90507.259,0.0,1.0,0.0,0.007,430991.742857
1758026,IT,BR,RUBBE,ELECT,0.3,90501.976,4,4,90501.968,0.0,0.0,0.0,0.008,301673.253333
1767618,IT,RU,SUPPO,WHOLE,0.65,90501.627,4,4,90501.623,0.0,0.0,0.0,0.004,139233.272308
1661963,IT,DK,NAPHT,GASDI,0.15,90499.809,4,4,90499.803,0.0,0.0,0.0,0.006,603332.06
1739864,IT,GB,FINAN,FABRI,1.18,90496.997,4,4,90496.994,0.0,0.0,0.0,0.003,76692.370339
1659607,IT,DE,HOTEL,CEMEN,0.66,90480.924,4,4,90480.917,0.0,0.0,0.0,0.007,137092.309091
1726931,IT,RO,HOTEL,SANDC,0.66,90478.914,4,4,90478.907,0.0,0.0,0.0,0.007,137089.263636
1753460,IT,CA,FABRI,COPP1,0.37,90475.831,4,4,90475.825,0.0,0.0,0.0,0.006,244529.272973
1738750,IT,GB,MACHI,RECRE,0.5,90473.395,4,4,90473.388,0.0,0.0,0.0,0.007,180946.79
1748075,IT,JP,BUSIN,COLLE,0.93,90471.14,4,4,90471.134,0.0,0.0,0.0,0.006,97280.795699
1738678,IT,GB,MACHI,BIODI,0.5,90470.513,4,4,90470.506,0.0,0.0,0.0,0.007,180941.026
1804867,IT,WF,BITU1,SUGA1,0.14,90452.83,4,4,90452.823,0.0,0.0,0.0,0.007,646091.642857
1669019,IT,ES,SUPPO,BEVER,0.65,90448.184,4,4,90448.18,0.0,0.0,0.0,0.004,139151.052308
1653852,IT,CZ,FABRI,MOTOR,0.37,90445.639,4,4,90445.633,0.0,0.0,0.0,0.006,244447.672973
1731405,IT,SI,FOOD5,COPP1,0.43,90443.794,4,4,90443.786,0.0,0.0,0.0,0.008,210334.404651
1641441,IT,AT,GASDI,MACHI,0.13,90436.578,4,4,90436.571,0.0,0.0,0.0,0.007,695665.984615
1728832,IT,SE,PLAST,CHEM1,0.19,90431.724,4,4,90431.715,0.0,0.0,0.0,0.009,475956.442105
1666775,IT,ES,RUBBE,ELEC2,0.3,90425.264,4,4,90425.256,0.0,0.0,0.0,0.008,301417.546667
1686893,IT,HU,MACHI,NATUR,0.5,90424.931,4,4,90424.924,0.0,0.0,0.0,0.007,180849.862
1731343,IT,SI,DAIRY,WHOLE,0.37,90418.658,5,5,90417.652,0.0,1.0,0.0,0.006,244374.751351
1713788,IT,MT,TRANS,FURNI,0.54,90417.499,4,4,90417.494,0.0,0.0,0.0,0.005,167439.812963
1735323,IT,SK,CERAM,CEMEN,0.14,90414.332,4,4,90414.327,0.0,0.0,0.0,0.005,645816.657143
1710717,IT,LU,FOOD5,HOTEL,0.43,90402.793,4,4,90402.785,0.0,0.0,0.0,0.008,210239.053488
1757715,IT,BR,NAPHT,PAPER,0.15,90396.347,4,4,90396.341,0.0,0.0,0.0,0.006,602642.313333
1737738,IT,GB,HEAVY,WOODW,0.15,90386.708,4,4,90386.701,0.0,0.0,0.0,0.007,602578.053333
1775246,IT,CH,BUSIN,SANDC,0.93,90385.199,4,4,90385.193,0.0,0.0,0.0,0.006,97188.386022
1666817,IT,ES,RUBBE,SEWAG,0.3,90381.82,4,4,90381.812,0.0,0.0,0.0,0.008,301272.733333
1781894,IT,NO,CHEM1,NAPHT,0.19,90377.394,4,4,90377.384,0.0,0.0,0.0,0.01,475670.494737
1672532,IT,FR,CEREA,CEREA,0.15,90367.88,5,5,90366.875,0.0,1.0,0.0,0.005,602452.533333
1799205,IT,WE,LEATH,PIGS9,0.65,90355.448,5,5,90354.432,0.0,1.0,0.0,0.016,139008.381538
1660923,IT,DE,BUSIN,SUGA1,0.93,90341.42,4,4,90341.414,0.0,0.0,0.0,0.006,97141.311828
1794386,IT,WL,KEROS,MEDIC,0.13,90329.715,4,4,90329.708,0.0,0.0,0.0,0.007,694843.961538
1773029,IT,CH,ALUM1,CERAM,0.16,90329.114,4,4,90329.107,0.0,0.0,0.0,0.007,564556.9625
1769241,IT,AU,RUBBE,VEGE1,0.3,90328.027,4,4,90328.019,0.0,0.0,0.0,0.008,301093.423333
1646650,IT,BE,FURNI,DAIRY,0.29,90326.503,4,4,90326.495,0.0,0.0,0.0,0.008,311470.7
1711020,IT,LU,NONME,BRICK,0.18,90310.812,4,4,90310.802,0.0,0.0,0.0,0.01,501726.733333
1654293,IT,CZ,ELEC1,CONST,0.01,90305.237,4,4,90305.231,0.0,0.0,0.0,0.006,9030523.7
1726673,IT,RO,TRANS,BASIC,0.54,90304.491,4,4,90304.486,0.0,0.0,0.0,0.005,167230.538889
1677524,IT,FR,AUXIL,AUXIL,1.65,90299.823,4,4,90299.819,0.0,0.0,0.0,0.004,54727.165455
1659835,IT,DE,LANDT,RADIO,0.58,90286.962,4,4,90286.958,0.0,0.0,0.0,0.004,155667.175862
1655157,IT,CZ,BUSIN,FABRI,0.93,90285.35,4,4,90285.344,0.0,0.0,0.0,0.006,97081.021505
1643560,IT,AT,SEACO,MACHI,0.09,90285.322,4,4,90285.32,0.0,0.0,0.0,0.002,1003170.244444
1776068,IT,TR,TEXTI,HEALT,0.53,90281.522,4,4,90281.51,0.0,0.0,0.0,0.012,170342.49434
1742797,IT,US,FABRI,TRAN2,0.37,90279.318,4,4,90279.312,0.0,0.0,0.0,0.006,243998.156757
1652762,IT,CZ,PAPER,FINAN,0.35,90275.212,5,5,90274.203,0.0,1.0,0.0,0.009,257929.177143
1774519,IT,CH,LANDT,COMPU,0.58,90267.79,4,4,90267.786,0.0,0.0,0.0,0.004,155634.12069
1804577,IT,WF,HEAVY,NONFE,0.15,90264.411,4,4,90264.404,0.0,0.0,0.0,0.007,601762.74
1777861,IT,TR,FABRI,EDUCA,0.37,90263.03,4,4,90263.024,0.0,0.0,0.0,0.006,243954.135135
1767559,IT,RU,AIRTR,HOTEL,0.1,90259.156,4,4,90259.153,0.0,0.0,0.0,0.003,902591.56
1754039,IT,CA,SEACO,RADIO,0.09,90256.004,4,4,90256.002,0.0,0.0,0.0,0.002,1002844.488889
1778998,IT,TR,AIRTR,FOOD5,0.1,90252.583,4,4,90252.58,0.0,0.0,0.0,0.003,902525.83
1737131,IT,GB,MEAT4,HOTEL,0.5,90246.775,4,4,90246.769,0.0,0.0,0.0,0.006,180493.55
1769303,IT,AU,RUBBE,RESEA,0.3,90241.266,4,4,90241.258,0.0,0.0,0.0,0.008,300804.22
1804222,IT,WF,PRINT,INSUR,0.87,90235.956,4,4,90235.949,0.0,0.0,0.0,0.007,103719.489655
1650343,IT,BG,ELEC2,GLASS,0.02,90230.374,4,4,90230.365,0.0,0.0,0.0,0.009,4511518.7
1756887,IT,KR,POSTT,BUSIN,1.49,90227.267,4,4,90227.26,0.0,0.0,0.0,0.007,60555.212752
1669160,IT,ES,POSTT,PLAST,1.49,90190.464,4,4,90190.457,0.0,0.0,0.0,0.007,60530.512752
1670918,IT,FI,CHEM1,WEARI,0.19,90190.377,4,4,90190.367,0.0,0.0,0.0,0.01,474686.194737
1763291,IT,MX,PAPER,PFERT,0.35,90190.309,5,5,90189.3,0.0,1.0,0.0,0.009,257686.597143
1713750,IT,MT,OFFIC,DISTR,0.28,90181.732,4,4,90181.725,0.0,0.0,0.0,0.007,322077.614286
1799849,IT,WE,GASDI,GASDI,0.13,90180.998,4,4,90180.991,0.0,0.0,0.0,0.007,693699.984615
1733389,IT,SI,ELEC1,ALUM1,0.01,90178.045,4,4,90178.039,0.0,0.0,0.0,0.006,9017804.5
1754653,IT,KR,STONE,93197,0.29,90174.457,5,5,90169.453,0.0,0.0,5.0,0.004,310946.403448
1653908,IT,CZ,FABRI,SUPPO,0.37,90173.04,4,4,90173.034,0.0,0.0,0.0,0.006,243710.918919
1774930,IT,CH,INSUR,WHOLE,1.86,90170.89,4,4,90170.886,0.0,0.0,0.0,0.004,48478.973118
1813998,IT,WM,SEACO,GLASS,0.09,90165.738,4,4,90165.736,0.0,0.0,0.0,0.002,1001841.533333
1718346,IT,PL,BEVER,MEATC,0.38,90158.932,4,4,90158.926,0.0,0.0,0.0,0.006,237260.347368
1677674,IT,FR,RENTI,DAIRY,0.54,90155.239,4,4,90155.234,0.0,0.0,0.0,0.005,166954.146296
1755588,IT,KR,CHEM1,FINAN,0.19,90150.877,4,4,90150.867,0.0,0.0,0.0,0.01,474478.3
1788666,IT,WA,COKEO,PLAST,0.01,90149.805,3,3,90149.805,0.0,0.0,0.0,0.0,9014980.5
1809431,IT,WM,CHEMI,OFFIC,0.21,90149.707,5,5,90145.699,0.0,0.0,4.0,0.008,429284.319048
1744935,IT,US,BUSIN,ELEC3,0.93,90145.637,4,4,90145.631,0.0,0.0,0.0,0.006,96930.792473
1650365,IT,BG,ELEC2,RETAI,0.02,90143.162,4,4,90143.153,0.0,0.0,0.0,0.009,4507158.1
1792804,IT,WA,PUBLI,CHEM1,1.48,90135.123,4,4,90135.117,0.0,0.0,0.0,0.006,60902.110135
1726194,IT,RO,CERAM,RETA1,0.14,90126.574,4,4,90126.569,0.0,0.0,0.0,0.005,643761.242857
1769076,IT,AU,PLAST,CHEM1,0.19,90117.229,4,4,90117.22,0.0,0.0,0.0,0.009,474301.205263
1669202,IT,ES,POSTT,SALEM,1.48,90115.605,4,4,90115.598,0.0,0.0,0.0,0.007,60888.922297
1804523,IT,WF,GASDI,RETAI,0.13,90113.931,4,4,90113.924,0.0,0.0,0.0,0.007,693184.084615
1800704,IT,WE,CEMEN,PAPER,0.14,90111.636,5,5,90110.632,0.0,0.0,1.0,0.004,643654.542857
1809406,IT,WM,CHEMI,PRINT,0.21,90111.259,5,5,90107.251,0.0,0.0,4.0,0.008,429101.233333
1652225,IT,CZ,FOOD5,MEATA,0.43,90106.188,4,4,90106.18,0.0,0.0,0.0,0.008,209549.274419
1658931,IT,DE,FURNI,WHOLE,0.29,90100.001,4,4,90099.993,0.0,0.0,0.0,0.008,310689.658621
1788048,IT,WA,TEXTI,TRANS,0.53,90099.176,4,4,90099.164,0.0,0.0,0.0,0.012,169998.445283
1718734,IT,PL,PULP5,RUBBE,0.27,90098.808,4,4,90098.8,0.0,0.0,0.0,0.008,333699.288889
1650550,IT,BG,ELEC7,ALUM1,0.06,90098.126,3,3,90098.126,0.0,0.0,0.0,0.0,1501635.433333
1738232,IT,GB,CEMEN,PLAST,0.14,90097.397,5,5,90096.393,0.0,0.0,1.0,0.004,643552.835714
1723416,IT,PT,BASIC,REALE,0.1,90093.468,4,4,90093.462,0.0,0.0,0.0,0.006,900934.68
1688889,IT,IE,LEAD1,DAIRY,0.16,90090.066,4,4,90090.058,0.0,0.0,0.0,0.008,563062.9125
1716119,IT,NL,PREC1,TEXTI,0.15,90089.116,4,4,90089.112,0.0,0.0,0.0,0.004,600594.106667
1761209,IT,IN,ADDIT,NONF1,0.21,90087.66,5,5,90086.653,0.0,1.0,0.0,0.007,428988.857143
1768505,IT,AU,FOOD5,BEVER,0.43,90084.422,4,4,90084.414,0.0,0.0,0.0,0.008,209498.655814
1788468,IT,WA,PULP5,CEMEN,0.27,90075.883,4,4,90075.875,0.0,0.0,0.0,0.008,333614.381481
1791308,IT,WA,CONST,PUBLI,0.5,90073.8,4,4,90073.795,0.0,0.0,0.0,0.005,180147.6
1677180,IT,FR,POSTT,OFFIC,1.48,90072.282,4,4,90072.275,0.0,0.0,0.0,0.007,60859.65
1752908,IT,CA,HEAVY,ELEC6,0.15,90072.186,4,4,90072.179,0.0,0.0,0.0,0.007,600481.24
1656376,IT,DE,WOODW,CEMEN,0.25,90069.889,5,5,90068.883,0.0,1.0,0.0,0.006,360279.556
1641979,IT,AT,RUBBE,CERAM,0.3,90068.896,4,4,90068.888,0.0,0.0,0.0,0.008,300229.653333
1778179,IT,TR,FURNI,MEAT1,0.29,90067.235,4,4,90067.227,0.0,0.0,0.0,0.008,310576.672414
1798406,IT,WE,NATUR,POULT,0.13,90042.323,4,4,90042.317,0.0,0.0,0.0,0.006,692633.253846
1743800,IT,US,LANDT,DISTR,0.58,90038.684,4,4,90038.68,0.0,0.0,0.0,0.004,155239.110345
1799830,IT,WE,GASDI,MEAT4,0.13,90037.159,4,4,90037.152,0.0,0.0,0.0,0.007,692593.530769
1768096,IT,RU,BUSIN,LANDT,0.92,90036.812,4,4,90036.806,0.0,0.0,0.0,0.006,97866.1
1718448,IT,PL,TEXTI,PLANT,0.53,90035.631,4,4,90035.619,0.0,0.0,0.0,0.012,169878.549057
1814516,IT,WM,RESEA,WHOLE,0.49,90024.445,4,4,90024.439,0.0,0.0,0.0,0.006,183723.357143
1786758,IT,ZA,HOTEL,NATU1,0.65,90023.151,4,4,90023.144,0.0,0.0,0.0,0.007,138497.155385
1676344,IT,FR,WHOLE,CEREA,0.78,90021.332,4,4,90021.327,0.0,0.0,0.0,0.005,115411.964103
1659450,IT,DE,WHOLE,REALE,0.78,90021.315,4,4,90021.31,0.0,0.0,0.0,0.005,115411.942308
1739468,IT,GB,LANDT,BIOGA,0.58,90019.708,4,4,90019.704,0.0,0.0,0.0,0.004,155206.393103
1757065,IT,KR,BUSIN,ELEC3,0.92,90019.519,4,4,90019.513,0.0,0.0,0.0,0.006,97847.303261
1789118,IT,WA,NONSP,LIQUE,0.12,90015.676,4,4,90015.671,0.0,0.0,0.0,0.005,750130.633333
1716227,IT,NL,LEAD1,FABRI,0.16,90012.536,4,4,90012.528,0.0,0.0,0.0,0.008,562578.35
1680328,IT,GR,ELEC1,TEXTI,0.01,90009.576,4,4,90009.57,0.0,0.0,0.0,0.006,9000957.6
1780469,IT,TW,POSTT,TEXTI,1.48,90009.134,4,4,90009.127,0.0,0.0,0.0,0.007,60816.982432
1722040,IT,PL,RESEA,BUSIN,0.49,90004.17,4,4,90004.164,0.0,0.0,0.0,0.006,183681.979592
1796297,IT,WL,CONST,RESEA,0.5,89994.912,4,4,89994.907,0.0,0.0,0.0,0.005,179989.824
1713601,IT,MT,BASIC,MACHI,0.1,89993.891,4,4,89993.885,0.0,0.0,0.0,0.006,899938.91
1790903,IT,WA,OFFIC,PLAST,0.28,89986.855,4,4,89986.849,0.0,0.0,0.0,0.006,321381.625
1777518,IT,TR,BASIC,TRAN1,0.1,89978.08,4,4,89978.074,0.0,0.0,0.0,0.006,899780.8
1682030,IT,HR,BEVER,RETA1,0.38,89966.412,4,4,89966.406,0.0,0.0,0.0,0.006,236753.715789
1784818,IT,ID,HOTEL,AIRTR,0.65,89948.994,4,4,89948.987,0.0,0.0,0.0,0.007,138383.067692
1771140,IT,CH,MEATC,HOTEL,0.3,89948.578,5,5,89947.572,0.0,1.0,0.0,0.006,299828.593333
1741145,IT,US,WEARI,93197,0.68,89938.697,4,4,89938.68,0.0,0.0,0.0,0.017,132262.789706
1798648,IT,WE,MEAT4,COMPU,0.5,89933.576,4,4,89933.57,0.0,0.0,0.0,0.006,179867.152
1761534,IT,IN,LEAD1,NONME,0.16,89928.76,4,4,89928.752,0.0,0.0,0.0,0.008,562054.75
1675266,IT,FR,FABRI,RADIO,0.37,89921.484,4,4,89921.478,0.0,0.0,0.0,0.006,243031.037838
1787707,IT,WA,VEGE1,KEROS,0.28,89920.556,5,5,89919.536,0.0,1.0,0.0,0.02,321144.842857
1801226,IT,WE,FABRI,ELEC4,0.37,89920.339,4,4,89920.333,0.0,0.0,0.0,0.006,243027.943243
1724404,IT,PT,AIRTR,FOOD5,0.1,89916.301,4,4,89916.298,0.0,0.0,0.0,0.003,899163.01
1688667,IT,IE,CHEM1,DAIRY,0.19,89913.641,4,4,89913.631,0.0,0.0,0.0,0.01,473229.689474
1715197,IT,NL,WOODW,RUBBE,0.25,89913.145,5,5,89912.139,0.0,1.0,0.0,0.006,359652.58
1642458,IT,AT,ALUM1,SALEM,0.16,89910.098,4,4,89910.091,0.0,0.0,0.0,0.007,561938.1125
1758116,IT,BR,CERAM,CHEM1,0.14,89909.55,4,4,89909.545,0.0,0.0,0.0,0.005,642211.071429
1796172,IT,WL,FURNI,TOBAC,0.29,89908.946,4,4,89908.938,0.0,0.0,0.0,0.008,310030.848276
1739280,IT,GB,HOTEL,CHEM1,0.65,89908.885,4,4,89908.878,0.0,0.0,0.0,0.007,138321.361538
1722500,IT,PT,FOOD5,FISH5,0.43,89905.145,4,4,89905.137,0.0,0.0,0.0,0.008,209081.732558
1688916,IT,IE,NONF1,WHOLE,0.02,89902.117,3,3,89902.117,0.0,0.0,0.0,0.0,4495105.85
1675709,IT,FR,TRANS,INERT,0.54,89898.322,4,4,89898.317,0.0,0.0,0.0,0.005,166478.374074
1650076,IT,BG,MACHI,LANDT,0.5,89893.403,4,4,89893.396,0.0,0.0,0.0,0.007,179786.806
1807737,IT,WF,PUBLI,NICKE,1.47,89893.31,4,4,89893.304,0.0,0.0,0.0,0.006,61151.911565
1683672,IT,HR,FABRI,TRAN2,0.37,89888.617,4,4,89888.611,0.0,0.0,0.0,0.006,242942.208108
1736445,IT,SK,LANDT,LANDT,0.58,89887.23,4,4,89887.226,0.0,0.0,0.0,0.004,154977.982759
1718263,IT,PL,FOOD5,VEGE1,0.43,89872.908,4,4,89872.9,0.0,0.0,0.0,0.008,209006.762791
1739879,IT,GB,FINAN,TRAN1,1.17,89872.721,4,4,89872.718,0.0,0.0,0.0,0.003,76814.291453
1740259,IT,GB,BUSIN,RAILW,0.92,89872.201,4,4,89872.195,0.0,0.0,0.0,0.006,97687.175
1758436,IT,BR,FABRI,SUPPO,0.37,89868.431,4,4,89868.425,0.0,0.0,0.0,0.006,242887.651351
1811478,IT,WM,PLAST,DIST1,0.19,89864.157,4,4,89864.148,0.0,0.0,0.0,0.009,472969.247368
1674225,IT,FR,LIQUE,EDUCA,0.16,89860.492,4,4,89860.485,0.0,0.0,0.0,0.007,561628.075
1778744,IT,TR,LANDT,VEGET,0.58,89859.597,4,4,89859.593,0.0,0.0,0.0,0.004,154930.339655
1731936,IT,SI,MOTOR,STEAM,0.13,89855.752,4,4,89855.745,0.0,0.0,0.0,0.007,691198.092308
1789403,IT,WA,CHEM1,ELE11,0.19,89855.402,4,4,89855.392,0.0,0.0,0.0,0.01,472923.168421
1713836,IT,MT,ELEC1,MOTO1,0.01,89855.059,4,4,89855.053,0.0,0.0,0.0,0.006,8985505.9
1652723,IT,CZ,PAPER,GLASS,0.35,89850.472,5,5,89849.463,0.0,1.0,0.0,0.009,256715.634286
1766723,IT,RU,MACHI,CROPS,0.5,89848.025,4,4,89848.018,0.0,0.0,0.0,0.007,179696.05
1805992,IT,WF,COPP1,PRINT,0.23,89846.665,4,4,89846.66,0.0,0.0,0.0,0.005,390637.673913
1715264,IT,NL,PAPER,TEXTI,0.35,89842.419,5,5,89841.41,0.0,1.0,0.0,0.009,256692.625714
1778048,IT,TR,OFFIC,RETA1,0.28,89840.548,4,4,89840.542,0.0,0.0,0.0,0.006,320859.1
1786565,IT,ZA,FURNI,HOTEL,0.29,89837.581,4,4,89837.573,0.0,0.0,0.0,0.008,309784.762069
1765582,IT,RU,LEATH,PUBLI,0.64,89837.284,5,5,89836.268,0.0,1.0,0.0,0.016,140370.75625
1664502,IT,EE,MOTO1,HOTEL,0.48,89827.672,4,4,89827.666,0.0,0.0,0.0,0.006,187140.983333
1744316,IT,US,FINAN,FOUND,1.17,89825.659,4,4,89825.656,0.0,0.0,0.0,0.003,76774.067521
1759310,IT,BR,POSTT,REALE,1.48,89825.089,4,4,89825.082,0.0,0.0,0.0,0.007,60692.627703
1772196,IT,CH,GASDI,DISTR,0.13,89820.892,4,4,89820.885,0.0,0.0,0.0,0.007,690929.938462
1773412,IT,CH,OFFIC,MEATP,0.28,89817.953,4,4,89817.947,0.0,0.0,0.0,0.006,320778.403571
1682346,IT,HR,WOODW,MACHI,0.25,89817.845,5,5,89816.839,0.0,1.0,0.0,0.006,359271.38
1664435,IT,EE,MACHI,SALEM,0.5,89814.882,4,4,89814.875,0.0,0.0,0.0,0.007,179629.764
1798580,IT,WE,CHEMI,93197,0.21,89808.583,5,5,89804.575,0.0,0.0,4.0,0.008,427659.919048
1755064,IT,KR,WEARI,INLAN,0.68,89806.139,4,4,89806.122,0.0,0.0,0.0,0.017,132067.851471
1810092,IT,WM,TEXTI,RAILW,0.53,89795.24,4,4,89795.228,0.0,0.0,0.0,0.012,169424.981132
1732446,IT,SI,CHEM1,WEARI,0.19,89793.14,4,4,89793.13,0.0,0.0,0.0,0.01,472595.473684
1641987,IT,AT,RUBBE,COPP1,0.3,89787.847,4,4,89787.839,0.0,0.0,0.0,0.008,299292.823333
1645279,IT,BE,MOTOR,SUPPO,0.13,89783.104,4,4,89783.097,0.0,0.0,0.0,0.007,690639.261538
1792000,IT,WA,SEACO,BUSIN,0.09,89777.863,4,4,89777.861,0.0,0.0,0.0,0.002,997531.811111
1674323,IT,FR,CHEM1,ANIMA,0.19,89771.884,4,4,89771.874,0.0,0.0,0.0,0.01,472483.6
1759722,IT,BR,BUSIN,PROCE,0.92,89767.434,4,4,89767.428,0.0,0.0,0.0,0.006,97573.297826
1716281,IT,NL,FABRI,MEAT1,0.37,89765.325,4,4,89765.319,0.0,0.0,0.0,0.006,242608.986486
1777890,IT,TR,MACHI,LIGNI,0.5,89763.748,4,4,89763.741,0.0,0.0,0.0,0.007,179527.496
1647329,IT,BE,SEACO,DAIRY,0.09,89758.542,4,4,89758.54,0.0,0.0,0.0,0.002,997317.133333
1671797,IT,FI,WHOLE,BUSIN,0.78,89757.957,4,4,89757.952,0.0,0.0,0.0,0.005,115074.303846
1655834,IT,DE,VEGE1,MOTO1,0.28,89757.378,5,5,89756.358,0.0,1.0,0.0,0.02,320562.064286
1737046,IT,GB,SANDC,GLASS,0.21,89757.094,5,5,89737.091,0.0,0.0,20.0,0.003,427414.733333
1644662,IT,BE,BEVER,MEAT1,0.38,89752.799,4,4,89752.793,0.0,0.0,0.0,0.006,236191.576316
1654889,IT,CZ,POSTT,PUBLI,1.48,89748.039,4,4,89748.032,0.0,0.0,0.0,0.007,60640.566892
1781541,IT,NO,TEXTI,WHOLE,0.53,89747.084,4,4,89747.072,0.0,0.0,0.0,0.012,169334.120755
1717969,IT,PL,SANDC,NONME,0.21,89740.948,5,5,89720.945,0.0,0.0,20.0,0.003,427337.847619
1641666,IT,AT,PETRO,NONME,0.15,89738.688,4,4,89738.681,0.0,0.0,0.0,0.007,598257.92
1676042,IT,FR,ELEC6,SALEM,0.01,89734.696,4,4,89734.682,0.0,0.0,0.0,0.014,8973469.6
1756082,IT,KR,FABRI,COPP1,0.37,89727.145,4,4,89727.139,0.0,0.0,0.0,0.006,242505.797297
1649183,IT,BG,PRINT,WHOLE,0.86,89720.297,4,4,89720.29,0.0,0.0,0.0,0.007,104325.926744
1800958,IT,WE,ALUM1,LEATH,0.16,89706.444,4,4,89706.437,0.0,0.0,0.0,0.007,560665.275
1784405,IT,ID,CEMEN,CONST,0.14,89694.283,5,5,89693.279,0.0,0.0,1.0,0.004,640673.45
1804411,IT,WF,KEROS,AUXIL,0.13,89693.27,4,4,89693.263,0.0,0.0,0.0,0.007,689948.230769
1771860,IT,CH,WOODW,HOTEL,0.25,89692.738,5,5,89691.732,0.0,1.0,0.0,0.006,358770.952
1777469,IT,TR,BASIC,MEATC,0.1,89682.631,4,4,89682.625,0.0,0.0,0.0,0.006,896826.31
1790065,IT,WA,BASIC,COKIN,0.1,89681.27,4,4,89681.264,0.0,0.0,0.0,0.006,896812.7
1741941,IT,US,CHEM1,TRAN1,0.19,89669.141,4,4,89669.131,0.0,0.0,0.0,0.01,471942.847368
1751360,IT,CN,TRAN2,PAPER,0.14,89666.844,4,4,89666.842,0.0,0.0,0.0,0.002,640477.457143
1663626,IT,DK,BUSIN,ELECT,0.92,89659.732,4,4,89659.726,0.0,0.0,0.0,0.006,97456.230435
1673578,IT,FR,WOODW,MEATC,0.25,89656.962,5,5,89655.956,0.0,1.0,0.0,0.006,358627.848
1733870,IT,SI,SEACO,RUBBE,0.09,89655.106,4,4,89655.104,0.0,0.0,0.0,0.002,996167.844444
1656913,IT,DE,LIQUE,CATTL,0.16,89653.901,4,4,89653.894,0.0,0.0,0.0,0.007,560336.88125
1766918,IT,RU,OFFIC,HEALT,0.28,89652.71,4,4,89652.704,0.0,0.0,0.0,0.006,320188.25
1783732,IT,NO,FOOD4,INTER,0.65,89648.958,4,4,89648.952,0.0,0.0,0.0,0.006,137921.473846
1719213,IT,PL,CHEM1,CATTL,0.19,89643.229,4,4,89643.219,0.0,0.0,0.0,0.01,471806.468421
1671285,IT,FI,PREC1,FABRI,0.15,89634.3,4,4,89634.296,0.0,0.0,0.0,0.004,597562.0
1747515,IT,JP,SEACO,BUSIN,0.09,89622.892,4,4,89622.89,0.0,0.0,0.0,0.002,995809.911111
1755065,IT,KR,WEARI,AIRTR,0.68,89616.592,4,4,89616.575,0.0,0.0,0.0,0.017,131789.105882
1749227,IT,CN,PAPER,LEATH,0.35,89611.823,5,5,89610.814,0.0,1.0,0.0,0.009,256033.78
1786536,IT,ZA,FURNI,PRINT,0.29,89607.947,4,4,89607.939,0.0,0.0,0.0,0.008,308992.92069
1769549,IT,AU,ALUM1,MEDIC,0.16,89594.993,4,4,89594.986,0.0,0.0,0.0,0.007,559968.70625
1738503,IT,GB,NONF1,TEXTI,0.02,89586.528,3,3,89586.528,0.0,0.0,0.0,0.0,4479326.4
1750165,IT,CN,ALUM1,WOODW,0.16,89586.017,4,4,89586.01,0.0,0.0,0.0,0.007,559912.60625
1771070,IT,CH,NATUR,PLAST,0.13,89585.666,4,4,89585.66,0.0,0.0,0.0,0.006,689120.507692
1773981,IT,CH,SALEM,REALE,0.72,89584.27,4,4,89584.264,0.0,0.0,0.0,0.006,124422.597222
1650531,IT,BG,ELEC7,SANDC,0.06,89580.488,3,3,89580.488,0.0,0.0,0.0,0.0,1493008.133333
1759107,IT,BR,AIRTR,KEROS,0.1,89578.191,4,4,89578.188,0.0,0.0,0.0,0.003,895781.91
1763906,IT,MX,BASIC,PROCE,0.1,89559.371,4,4,89559.365,0.0,0.0,0.0,0.006,895593.71
1733392,IT,SI,ELEC1,DISTR,0.01,89555.19,4,4,89555.184,0.0,0.0,0.0,0.006,8955519.0
1804837,IT,WF,NAPHT,RESEA,0.15,89552.697,4,4,89552.691,0.0,0.0,0.0,0.006,597017.98
1646409,IT,BE,FABRI,HEALT,0.36,89545.899,4,4,89545.893,0.0,0.0,0.0,0.006,248738.608333
1718962,IT,PL,PRINT,RENTI,0.86,89537.574,4,4,89537.567,0.0,0.0,0.0,0.007,104113.45814
1750321,IT,CN,NONF1,BIOG1,0.02,89530.905,3,3,89530.905,0.0,0.0,0.0,0.0,4476545.25
1660878,IT,DE,COMPU,SEWAG,1.02,89530.549,4,4,89530.543,0.0,0.0,0.0,0.006,87775.048039
1737295,IT,GB,FOOD5,MEMBE,0.43,89519.06,4,4,89519.052,0.0,0.0,0.0,0.008,208183.860465
1671898,IT,FI,HOTEL,BUSIN,0.65,89516.259,4,4,89516.252,0.0,0.0,0.0,0.007,137717.321538
1811123,IT,WM,NAPHT,SANDC,0.15,89509.451,4,4,89509.445,0.0,0.0,0.0,0.006,596729.673333
1807980,IT,WF,PLAS1,LANDT,0.32,89497.029,4,4,89497.023,0.0,0.0,0.0,0.006,279678.215625
1673643,IT,FR,WOODW,INTER,0.25,89494.259,5,5,89493.253,0.0,1.0,0.0,0.006,357977.036
1642743,IT,AT,MACHI,PREC1,0.5,89491.838,4,4,89491.831,0.0,0.0,0.0,0.007,178983.676
1746050,IT,JP,PAPER,HEALT,0.35,89491.512,5,5,89490.503,0.0,1.0,0.0,0.009,255690.034286
1774316,IT,CH,HOTEL,HEAVY,0.65,89486.516,4,4,89486.509,0.0,0.0,0.0,0.007,137671.563077
1732794,IT,SI,NONME,BUSIN,0.18,89477.73,4,4,89477.72,0.0,0.0,0.0,0.01,497098.5
1745946,IT,JP,WOODW,RUBBE,0.25,89477.672,5,5,89476.666,0.0,1.0,0.0,0.006,357910.688
1772173,IT,CH,GASDI,MEATP,0.13,89474.212,4,4,89474.205,0.0,0.0,0.0,0.007,688263.169231
1666136,IT,ES,GASDI,TRANS,0.13,89471.916,4,4,89471.909,0.0,0.0,0.0,0.007,688245.507692
1773034,IT,CH,ALUM1,PREC1,0.16,89470.835,4,4,89470.828,0.0,0.0,0.0,0.007,559192.71875
1756106,IT,KR,FABRI,RETA1,0.36,89470.237,4,4,89470.231,0.0,0.0,0.0,0.006,248528.436111
1678771,IT,GR,FOOD5,MEATC,0.43,89467.028,4,4,89467.02,0.0,0.0,0.0,0.008,208062.855814
1783684,IT,NO,WASTE,FOODW,0.28,89465.681,4,4,89465.676,0.0,0.0,0.0,0.005,319520.289286
1646997,IT,BE,RETA1,CHEM1,0.93,89464.785,4,4,89464.779,0.0,0.0,0.0,0.006,96198.693548
1671363,IT,FI,COPP1,COLLE,0.23,89463.478,4,4,89463.473,0.0,0.0,0.0,0.005,388971.643478
1641348,IT,AT,KEROS,ALUM1,0.13,89456.336,4,4,89456.329,0.0,0.0,0.0,0.007,688125.661538
1746458,IT,JP,GLASS,FURNI,0.25,89451.624,4,4,89451.619,0.0,0.0,0.0,0.005,357806.496
1771428,IT,CH,FOOD5,RESEA,0.43,89451.475,4,4,89451.467,0.0,0.0,0.0,0.008,208026.686047
1765561,IT,RU,LEATH,MOTO1,0.64,89444.223,5,5,89443.208,0.0,1.0,0.0,0.015,139756.598437
1726427,IT,RO,FABRI,PULP5,0.36,89429.826,4,4,89429.82,0.0,0.0,0.0,0.006,248416.183333
1775932,IT,TR,FOOD5,CHEM1,0.43,89426.249,4,4,89426.241,0.0,0.0,0.0,0.008,207968.02093
1656985,IT,DE,LIQUE,COMPU,0.16,89419.971,4,4,89419.964,0.0,0.0,0.0,0.007,558874.81875
1642979,IT,AT,ELEC2,BUSIN,0.02,89418.671,4,4,89418.662,0.0,0.0,0.0,0.009,4470933.55
1673801,IT,FR,PRINT,VEGET,0.86,89409.448,4,4,89409.441,0.0,0.0,0.0,0.007,103964.474419
1767288,IT,RU,HOTEL,MOTO1,0.65,89404.186,4,4,89404.179,0.0,0.0,0.0,0.007,137544.901538
1665250,IT,ES,BEVER,MEAT1,0.38,89394.305,4,4,89394.299,0.0,0.0,0.0,0.006,235248.171053
1682748,IT,HR,GASDI,REALE,0.13,89394.135,4,4,89394.128,0.0,0.0,0.0,0.007,687647.192308
1709499,IT,LT,WEARI,SUPPO,0.67,89378.685,4,4,89378.668,0.0,0.0,0.0,0.017,133401.022388
1791025,IT,WA,TRANS,PADDY,0.53,89374.15,4,4,89374.145,0.0,0.0,0.0,0.005,168630.471698
1794870,IT,WL,PFERT,BEVER,0.04,89366.174,4,4,89366.16,0.0,0.0,0.0,0.014,2234154.35
1788911,IT,WA,HEAVY,CROPS,0.14,89357.948,4,4,89357.941,0.0,0.0,0.0,0.007,638271.057143
1731793,IT,SI,PAPER,ALUM1,0.35,89353.493,5,5,89352.484,0.0,1.0,0.0,0.009,255295.694286
1803795,IT,WF,TEXTI,FOOD5,0.53,89336.171,4,4,89336.159,0.0,0.0,0.0,0.012,168558.813208
1651674,IT,CY,COPP1,WOODW,0.23,89336.15,4,4,89336.145,0.0,0.0,0.0,0.005,388418.043478
1667345,IT,ES,LEAD1,FOUND,0.16,89333.685,4,4,89333.677,0.0,0.0,0.0,0.008,558335.53125
1786136,IT,ZA,BASIC,LEAD1,0.1,89332.887,4,4,89332.881,0.0,0.0,0.0,0.006,893328.87
1809107,IT,WM,CROPS,LIQUE,0.71,89330.46,4,4,89330.455,0.0,0.0,0.0,0.005,125817.549296
1811343,IT,WM,BITU1,BUSIN,0.14,89325.223,4,4,89325.216,0.0,0.0,0.0,0.007,638037.307143
1749508,IT,CN,PETRO,GASDI,0.15,89322.501,4,4,89322.494,0.0,0.0,0.0,0.007,595483.34
1710988,IT,LU,GLASS,RECRE,0.25,89319.923,4,4,89319.918,0.0,0.0,0.0,0.005,357279.692
1722937,IT,PT,GASDI,RAILW,0.13,89319.395,4,4,89319.388,0.0,0.0,0.0,0.007,687072.269231
1743153,IT,US,MOTO1,LANDT,0.48,89314.201,4,4,89314.195,0.0,0.0,0.0,0.006,186071.252083
1741530,IT,US,KEROS,HEALT,0.13,89309.871,4,4,89309.864,0.0,0.0,0.0,0.007,686999.007692
1735410,IT,SK,BASIC,FOOD5,0.1,89306.123,4,4,89306.117,0.0,0.0,0.0,0.006,893061.23
1784571,IT,ID,MACHI,FISH5,0.5,89304.022,4,4,89304.015,0.0,0.0,0.0,0.007,178608.044
1641057,IT,AT,PAPER,MEATC,0.35,89303.181,5,5,89302.172,0.0,1.0,0.0,0.009,255151.945714
1781065,IT,TW,PUBLI,GASDI,1.46,89302.34,4,4,89302.334,0.0,0.0,0.0,0.006,61165.986301
1792691,IT,WA,RESEA,EDUCA,0.48,89298.373,4,4,89298.367,0.0,0.0,0.0,0.006,186038.277083
1758560,IT,BR,OFFIC,PRINT,0.28,89291.169,4,4,89291.163,0.0,0.0,0.0,0.006,318897.032143
1785268,IT,ZA,TEXTI,EDUCA,0.53,89287.956,4,4,89287.944,0.0,0.0,0.0,0.012,168467.841509
1661609,IT,DK,BEVER,MEMBE,0.38,89287.131,4,4,89287.125,0.0,0.0,0.0,0.006,234966.134211
1648615,IT,BG,MEAT4,FOOD5,0.49,89286.494,4,4,89286.488,0.0,0.0,0.0,0.006,182217.334694
1779723,IT,TR,BUSIN,FOOD5,0.92,89286.328,4,4,89286.322,0.0,0.0,0.0,0.006,97050.356522
1725697,IT,RO,PAPER,DIST1,0.35,89285.901,5,5,89284.892,0.0,1.0,0.0,0.009,255102.574286
1715252,IT,NL,PAPER,MEATC,0.35,89283.751,5,5,89282.742,0.0,1.0,0.0,0.009,255096.431429
1713694,IT,MT,FABRI,MOTO1,0.36,89283.357,4,4,89283.351,0.0,0.0,0.0,0.006,248009.325
1664041,IT,EE,PLAST,DIST1,0.19,89281.165,4,4,89281.156,0.0,0.0,0.0,0.009,469900.868421
1741629,IT,US,HEAVY,SANDC,0.14,89276.131,4,4,89276.124,0.0,0.0,0.0,0.007,637686.65
1712342,IT,LV,RUBBE,RETA1,0.3,89269.118,4,4,89269.11,0.0,0.0,0.0,0.008,297563.726667
1809927,IT,WM,BEVER,AUXIL,0.38,89266.879,4,4,89266.873,0.0,0.0,0.0,0.006,234912.839474
1770258,IT,AU,HOTEL,PLAST,0.65,89264.396,4,4,89264.389,0.0,0.0,0.0,0.007,137329.84
1790031,IT,WA,NONME,RETA1,0.18,89263.459,4,4,89263.449,0.0,0.0,0.0,0.01,495908.105556
1667667,IT,ES,MACHI,NONF1,0.5,89259.099,4,4,89259.092,0.0,0.0,0.0,0.007,178518.198
1649219,IT,BG,KEROS,GASDI,0.13,89256.05,4,4,89256.043,0.0,0.0,0.0,0.007,686585.0
1752409,IT,CA,VEGE1,PFERT,0.27,89253.264,5,5,89252.245,0.0,1.0,0.0,0.019,330567.644444
1640517,IT,AT,SUGA1,HOTEL,0.22,89248.198,4,4,89248.183,0.0,0.0,0.0,0.015,405673.627273
1773866,IT,CH,ELEC6,WHOLE,0.01,89238.234,4,4,89238.22,0.0,0.0,0.0,0.014,8923823.4
1772828,IT,CH,BASIC,RAWMI,0.1,89232.564,4,4,89232.558,0.0,0.0,0.0,0.006,892325.64
1809633,IT,WM,DAIRY,GASDI,0.36,89226.948,5,5,89225.942,0.0,1.0,0.0,0.006,247852.633333
1657512,IT,DE,GLASS,CEREA,0.24,89225.162,4,4,89225.157,0.0,0.0,0.0,0.005,371771.508333
1785161,IT,ZA,FOOD5,MEAT1,0.43,89223.778,4,4,89223.77,0.0,0.0,0.0,0.008,207497.15814
1647240,IT,BE,LANDT,BASIC,0.58,89222.575,4,4,89222.571,0.0,0.0,0.0,0.004,153832.025862
1759089,IT,BR,AIRTR,MEATP,0.1,89222.156,4,4,89222.153,0.0,0.0,0.0,0.003,892221.56
1731575,IT,SI,TEXTI,RETAI,0.53,89208.682,4,4,89208.67,0.0,0.0,0.0,0.012,168318.267925
1755585,IT,KR,CHEM1,AIRTR,0.19,89205.93,4,4,89205.92,0.0,0.0,0.0,0.01,469504.894737
1763721,IT,MX,RUBBE,EDUCA,0.3,89196.57,4,4,89196.562,0.0,0.0,0.0,0.008,297321.9
1642171,IT,AT,CERAM,LANDT,0.14,89196.3,4,4,89196.295,0.0,0.0,0.0,0.005,637116.428571
1718934,IT,PL,PRINT,MOTO1,0.86,89195.183,4,4,89195.176,0.0,0.0,0.0,0.007,103715.32907
1798780,IT,WE,FOOD5,LEATH,0.43,89183.346,4,4,89183.338,0.0,0.0,0.0,0.008,207403.130233
1800810,IT,WE,BASIC,PAPER,0.1,89179.755,4,4,89179.749,0.0,0.0,0.0,0.006,891797.55
1721254,IT,PL,LANDT,NONME,0.58,89176.78,4,4,89176.776,0.0,0.0,0.0,0.004,153753.068966
1750011,IT,CN,NONME,CHEM1,0.18,89171.555,4,4,89171.545,0.0,0.0,0.0,0.01,495397.527778
1788425,IT,WA,PULP5,NATUR,0.27,89161.682,4,4,89161.674,0.0,0.0,0.0,0.008,330228.451852
1722792,IT,PT,PAPER,FABRI,0.35,89157.552,5,5,89156.543,0.0,1.0,0.0,0.009,254735.862857
1751217,IT,CN,HOTEL,FOUND,0.65,89152.253,4,4,89152.246,0.0,0.0,0.0,0.007,137157.312308
1657404,IT,DE,RUBBE,LEATH,0.3,89150.262,4,4,89150.254,0.0,0.0,0.0,0.008,297167.54
1751190,IT,CN,HOTEL,MOTOR,0.65,89143.681,4,4,89143.674,0.0,0.0,0.0,0.007,137144.124615
1759084,IT,BR,AIRTR,FORES,0.1,89140.638,4,4,89140.635,0.0,0.0,0.0,0.003,891406.38
1775548,IT,CH,PAPE4,FOUND,0.59,89139.415,4,4,89139.41,0.0,0.0,0.0,0.005,151083.754237
1712114,IT,LV,TEXTI,REALE,0.53,89135.268,4,4,89135.256,0.0,0.0,0.0,0.012,168179.750943
1657274,IT,DE,CHEM1,RETAI,0.19,89123.303,4,4,89123.293,0.0,0.0,0.0,0.01,469070.015789
1655757,IT,DE,MEATP,FOOD5,0.36,89122.49,4,4,89122.48,0.0,0.0,0.0,0.01,247562.472222
1811095,IT,WM,HEAVY,SUPPO,0.14,89120.474,4,4,89120.467,0.0,0.0,0.0,0.007,636574.814286
1789059,IT,WA,NAPHT,RETA1,0.15,89120.001,4,4,89119.995,0.0,0.0,0.0,0.006,594133.34
1807267,IT,WF,SUPPO,93197,0.64,89119.506,4,4,89119.502,0.0,0.0,0.0,0.004,139249.228125
1650949,IT,BG,AIRTR,WHOLE,0.1,89110.005,4,4,89110.002,0.0,0.0,0.0,0.003,891100.05
1739709,IT,GB,SUPPO,OFFIC,0.64,89109.963,4,4,89109.959,0.0,0.0,0.0,0.004,139234.317188
1764108,IT,MX,FABRI,CERAM,0.36,89108.631,4,4,89108.625,0.0,0.0,0.0,0.006,247523.975
1761676,IT,IN,FABRI,COLLE,0.36,89104.479,4,4,89104.473,0.0,0.0,0.0,0.006,247512.441667
1661545,IT,DK,BEVER,MEATC,0.38,89101.837,4,4,89101.831,0.0,0.0,0.0,0.006,234478.518421
1729784,IT,SE,MACHI,RETA1,0.5,89090.572,4,4,89090.565,0.0,0.0,0.0,0.007,178181.144
1714919,IT,NL,BEVER,CONST,0.38,89087.619,4,4,89087.613,0.0,0.0,0.0,0.006,234441.102632
1759627,IT,BR,RESEA,BEVER,0.48,89085.978,4,4,89085.972,0.0,0.0,0.0,0.006,185595.7875
1653861,IT,CZ,FABRI,PLAST,0.36,89085.671,4,4,89085.665,0.0,0.0,0.0,0.006,247460.197222
1677523,IT,FR,AUXIL,INSUR,1.63,89072.808,4,4,89072.804,0.0,0.0,0.0,0.004,54645.894479
1764480,IT,MX,FURNI,93197,0.28,89071.324,4,4,89071.316,0.0,0.0,0.0,0.008,318111.871429
1679215,IT,GR,MOTOR,MEDIC,0.13,89071.286,4,4,89071.279,0.0,0.0,0.0,0.007,685163.738462
1738175,IT,GB,GLASS,HEALT,0.24,89070.256,4,4,89070.251,0.0,0.0,0.0,0.005,371126.066667
1675042,IT,FR,ALUM1,WEARI,0.15,89065.148,4,4,89065.141,0.0,0.0,0.0,0.007,593767.653333
1788866,IT,WA,GASDI,CERAM,0.13,89062.254,4,4,89062.247,0.0,0.0,0.0,0.007,685094.261538
1798875,IT,WE,BEVER,LEATH,0.38,89058.863,4,4,89058.857,0.0,0.0,0.0,0.006,234365.428947
1651672,IT,CY,ALUM1,FURNI,0.15,89055.881,4,4,89055.874,0.0,0.0,0.0,0.007,593705.873333
1689600,IT,IE,AIRTR,FINAN,0.1,89053.178,4,4,89053.175,0.0,0.0,0.0,0.003,890531.78
1748666,IT,CN,DAIRY,93197,0.36,89039.794,5,5,89038.788,0.0,1.0,0.0,0.006,247332.761111
1667575,IT,ES,FABRI,SEWAG,0.36,89036.162,4,4,89036.156,0.0,0.0,0.0,0.006,247322.672222
1794289,IT,WL,MOTOR,REFI1,0.13,89035.375,4,4,89035.368,0.0,0.0,0.0,0.007,684887.5
1640965,IT,AT,WOODW,ALUM1,0.25,89035.375,5,5,89034.369,0.0,1.0,0.0,0.006,356141.5
1731390,IT,SI,FOOD5,DAIRY,0.43,89034.245,4,4,89034.237,0.0,0.0,0.0,0.008,207056.383721
1777901,IT,TR,MACHI,SANDC,0.5,89025.685,4,4,89025.678,0.0,0.0,0.0,0.007,178051.37
1800873,IT,WE,PREC1,FORES,0.15,89021.75,4,4,89021.746,0.0,0.0,0.0,0.004,593478.333333
1673998,IT,FR,KEROS,EDUCA,0.13,89014.369,4,4,89014.362,0.0,0.0,0.0,0.007,684725.915385
1802984,IT,WF,WHEAT,CHARC,0.07,89006.526,5,5,89005.524,0.0,1.0,0.0,0.002,1271521.8
1761579,IT,IN,NONF1,CHEM1,0.02,89002.846,3,3,89002.846,0.0,0.0,0.0,0.0,4450142.3
1670013,IT,ES,HEALT,COMPU,0.46,88993.506,4,4,88993.502,0.0,0.0,0.0,0.004,193464.143478
1643683,IT,AT,SUPPO,FOOD5,0.64,88993.034,4,4,88993.03,0.0,0.0,0.0,0.004,139051.615625
1781662,IT,NO,LEATH,CONST,0.64,88992.411,5,5,88991.396,0.0,1.0,0.0,0.015,139050.642188
1657217,IT,DE,CHEM1,LIQUE,0.19,88992.298,4,4,88992.288,0.0,0.0,0.0,0.01,468380.515789
1653444,IT,CZ,NONME,BRICK,0.18,88987.973,4,4,88987.963,0.0,0.0,0.0,0.01,494377.627778
1680321,IT,GR,FURNI,MEMBE,0.28,88987.332,4,4,88987.324,0.0,0.0,0.0,0.008,317811.9
1809441,IT,WM,CHEMI,ELEC6,0.21,88984.288,5,5,88980.28,0.0,0.0,4.0,0.008,423734.704762
1642267,IT,AT,NONME,FURNI,0.18,88980.961,4,4,88980.951,0.0,0.0,0.0,0.01,494338.672222
1731824,IT,SI,PAPER,FINAN,0.34,88970.268,5,5,88969.259,0.0,1.0,0.0,0.009,261677.258824
1759700,IT,BR,BUSIN,RAWMI,0.91,88968.439,4,4,88968.433,0.0,0.0,0.0,0.006,97767.515385
1761340,IT,IN,GLASS,NONME,0.24,88966.87,4,4,88966.865,0.0,0.0,0.0,0.005,370695.291667
1800766,IT,WE,NONME,INSUR,0.18,88963.683,4,4,88963.673,0.0,0.0,0.0,0.01,494242.683333
1652711,IT,CZ,PAPER,GASDI,0.34,88957.966,5,5,88956.957,0.0,1.0,0.0,0.009,261641.076471
1768782,IT,AU,WEARI,RECRE,0.67,88957.114,4,4,88957.097,0.0,0.0,0.0,0.017,132771.81194
1715050,IT,NL,TEXTI,HOTEL,0.53,88956.588,4,4,88956.576,0.0,0.0,0.0,0.012,167842.618868
1785431,IT,ZA,PAPER,HOTEL,0.34,88952.227,5,5,88951.218,0.0,1.0,0.0,0.009,261624.197059
1666214,IT,ES,HEAVY,REFIN,0.14,88949.293,4,4,88949.286,0.0,0.0,0.0,0.007,635352.092857
1750373,IT,CN,FABRI,LEAD1,0.36,88936.288,4,4,88936.282,0.0,0.0,0.0,0.006,247045.244444
1785136,IT,ZA,DAIRY,COLLE,0.36,88935.585,5,5,88934.579,0.0,1.0,0.0,0.006,247043.291667
1757625,IT,BR,GASDI,PUBLI,0.13,88935.54,4,4,88935.533,0.0,0.0,0.0,0.007,684119.538462
1731124,IT,SI,FISHF,RECRE,0.15,88919.523,4,4,88919.52,0.0,0.0,0.0,0.003,592796.82
1665390,IT,ES,TEXTI,BIOGA,0.53,88914.699,4,4,88914.687,0.0,0.0,0.0,0.012,167763.583019
1656750,IT,DE,MOTOR,RECRE,0.13,88914.34,4,4,88914.333,0.0,0.0,0.0,0.007,683956.461538
1726307,IT,RO,PREC1,BIODI,0.15,88907.858,4,4,88907.854,0.0,0.0,0.0,0.004,592719.053333
1787819,IT,WA,FOOD5,PADDY,0.43,88906.613,4,4,88906.605,0.0,0.0,0.0,0.008,206759.565116
1800233,IT,WE,PLAST,LIQUE,0.19,88904.093,4,4,88904.084,0.0,0.0,0.0,0.009,467916.278947
1761335,IT,IN,GLASS,RUBBE,0.24,88902.086,4,4,88902.081,0.0,0.0,0.0,0.005,370425.358333
1803364,IT,WF,CHEMI,NATUR,0.21,88900.875,5,5,88896.867,0.0,0.0,4.0,0.008,423337.5
1725369,IT,RO,TEXTI,DAIRY,0.53,88900.149,4,4,88900.137,0.0,0.0,0.0,0.012,167736.130189
1640588,IT,AT,FOOD5,EDUCA,0.43,88897.839,4,4,88897.831,0.0,0.0,0.0,0.008,206739.160465
1651351,IT,CY,PAPER,WOODW,0.34,88893.495,5,5,88892.486,0.0,1.0,0.0,0.009,261451.455882
1800419,IT,WE,ADDIT,HEAVY,0.21,88893.478,5,5,88892.471,0.0,1.0,0.0,0.007,423302.27619
1671184,IT,FI,CEMEN,CEMEN,0.14,88889.8,5,5,88888.796,0.0,0.0,1.0,0.004,634927.142857
1794242,IT,WL,MOTOR,CEREA,0.13,88889.564,4,4,88889.557,0.0,0.0,0.0,0.007,683765.876923
1759616,IT,BR,COMPU,MEMBE,1.01,88880.534,4,4,88880.528,0.0,0.0,0.0,0.006,88000.528713
1649949,IT,BG,FABRI,ELEC1,0.36,88878.054,4,4,88878.048,0.0,0.0,0.0,0.006,246883.483333
1654705,IT,CZ,LANDT,POSTT,0.57,88867.662,4,4,88867.658,0.0,0.0,0.0,0.004,155908.178947
1684077,IT,HR,HOTEL,CONST,0.64,88864.454,4,4,88864.447,0.0,0.0,0.0,0.007,138850.709375
1677803,IT,FR,COMPU,INSUR,1.01,88863.66,4,4,88863.654,0.0,0.0,0.0,0.006,87983.821782
1666118,IT,ES,GASDI,GLASS,0.13,88854.533,4,4,88854.526,0.0,0.0,0.0,0.007,683496.407692
1684142,IT,HR,LANDT,FOOD5,0.57,88841.03,4,4,88841.026,0.0,0.0,0.0,0.004,155861.45614
1645711,IT,BE,RUBBE,VEGET,0.29,88834.378,4,4,88834.37,0.0,0.0,0.0,0.008,306325.441379
1726425,IT,RO,FABRI,LEATH,0.36,88833.923,4,4,88833.917,0.0,0.0,0.0,0.006,246760.897222
1753721,IT,CA,TRANS,SUPPO,0.53,88833.08,4,4,88833.075,0.0,0.0,0.0,0.005,167609.584906
1743007,IT,US,OFFIC,RUBBE,0.28,88826.481,4,4,88826.475,0.0,0.0,0.0,0.006,317237.432143
1804305,IT,WF,MOTOR,CHARC,0.13,88826.073,4,4,88826.066,0.0,0.0,0.0,0.007,683277.484615
1723463,IT,PT,ALUM1,PLAST,0.15,88825.502,4,4,88825.495,0.0,0.0,0.0,0.007,592170.013333
1814289,IT,WM,POSTT,RESEA,1.46,88824.806,4,4,88824.799,0.0,0.0,0.0,0.007,60838.908219
1679909,IT,GR,NONF1,COPP1,0.02,88821.6,3,3,88821.6,0.0,0.0,0.0,0.0,4441080.0
1755615,IT,KR,ADDIT,REFI1,0.21,88812.004,5,5,88810.997,0.0,1.0,0.0,0.007,422914.304762
1665079,IT,ES,VEGE1,RAWMI,0.27,88804.034,5,5,88803.015,0.0,1.0,0.0,0.019,328903.82963
1719049,IT,PL,LIQUE,TEXTI,0.16,88801.098,4,4,88801.091,0.0,0.0,0.0,0.007,555006.8625
1668521,IT,ES,HOTEL,BIODI,0.64,88796.355,4,4,88796.348,0.0,0.0,0.0,0.007,138744.304688
1774815,IT,CH,POSTT,CONST,1.46,88791.601,4,4,88791.594,0.0,0.0,0.0,0.007,60816.165068
1719568,IT,PL,GLASS,EDUCA,0.24,88791.517,4,4,88791.512,0.0,0.0,0.0,0.005,369964.654167
1808992,IT,WM,VEGET,TEXTI,0.31,88788.113,4,4,88788.11,0.0,0.0,0.0,0.003,286413.267742
1773308,IT,CH,MACHI,TEXTI,0.5,88784.38,4,4,88784.373,0.0,0.0,0.0,0.007,177568.76
1753056,IT,CA,CHEM1,MEMBE,0.19,88782.731,4,4,88782.721,0.0,0.0,0.0,0.01,467277.531579
1802200,IT,WE,HOTEL,FINAN,0.64,88782.625,4,4,88782.618,0.0,0.0,0.0,0.007,138722.851562
1792621,IT,WA,COMPU,EDUCA,1.01,88782.007,4,4,88782.001,0.0,0.0,0.0,0.006,87902.977228
1772695,IT,CH,CERAM,ELEC4,0.14,88781.814,4,4,88781.809,0.0,0.0,0.0,0.005,634155.814286
1750176,IT,CN,ALUM1,NONME,0.15,88781.087,4,4,88781.08,0.0,0.0,0.0,0.007,591873.913333
1729311,IT,SE,NONME,MACHI,0.18,88775.062,4,4,88775.052,0.0,0.0,0.0,0.01,493194.788889
1723595,IT,PT,FABRI,BASIC,0.36,88766.774,4,4,88766.768,0.0,0.0,0.0,0.006,246574.372222
1650759,IT,BG,HOTEL,BUSIN,0.64,88761.558,4,4,88761.551,0.0,0.0,0.0,0.007,138689.934375
1735411,IT,SK,BASIC,BEVER,0.1,88758.551,4,4,88758.545,0.0,0.0,0.0,0.006,887585.51
1735533,IT,SK,ALUM1,TEXTI,0.15,88747.884,4,4,88747.877,0.0,0.0,0.0,0.007,591652.56
1794279,IT,WL,MOTOR,PULP5,0.13,88746.77,4,4,88746.763,0.0,0.0,0.0,0.007,682667.461538
1660871,IT,DE,COMPU,PLAS1,1.01,88742.053,4,4,88742.047,0.0,0.0,0.0,0.006,87863.418812
1675178,IT,FR,NONF1,BRICK,0.02,88731.728,3,3,88731.728,0.0,0.0,0.0,0.0,4436586.4
1766196,IT,RU,GLASS,MEATP,0.24,88728.572,4,4,88728.567,0.0,0.0,0.0,0.005,369702.383333
1647338,IT,BE,SEACO,COKEO,0.09,88725.381,4,4,88725.379,0.0,0.0,0.0,0.002,985837.566667
1761248,IT,IN,RUBBE,PRINT,0.29,88722.335,4,4,88722.327,0.0,0.0,0.0,0.008,305939.086207
1790684,IT,WA,FABRI,ELEC4,0.36,88711.887,4,4,88711.881,0.0,0.0,0.0,0.006,246421.908333
1766312,IT,RU,NONME,WOODW,0.18,88709.452,4,4,88709.442,0.0,0.0,0.0,0.01,492830.288889
1799114,IT,WE,WEARI,DAIRY,0.67,88708.931,4,4,88708.914,0.0,0.0,0.0,0.017,132401.389552
1661802,IT,DK,WOODW,RUBBE,0.25,88707.85,5,5,88706.844,0.0,1.0,0.0,0.006,354831.4
1727110,IT,RO,LANDT,PAPER,0.57,88703.009,4,4,88703.005,0.0,0.0,0.0,0.004,155619.314035
1756774,IT,KR,AIRTR,ELEC1,0.1,88701.689,4,4,88701.686,0.0,0.0,0.0,0.003,887016.89
1745644,IT,JP,TEXTI,NONME,0.53,88699.814,4,4,88699.802,0.0,0.0,0.0,0.012,167358.139623
1662025,IT,DK,PLAST,MOTO1,0.19,88690.02,4,4,88690.011,0.0,0.0,0.0,0.009,466789.578947
1680355,IT,GR,ELEC2,RAWMI,0.02,88686.203,4,4,88686.194,0.0,0.0,0.0,0.009,4434310.15
1785764,IT,ZA,PLAST,FABRI,0.19,88685.786,4,4,88685.777,0.0,0.0,0.0,0.009,466767.294737
1800117,IT,WE,NAPHT,RUBBE,0.15,88685.636,4,4,88685.63,0.0,0.0,0.0,0.006,591237.573333
1672907,IT,FR,VEGE1,COMPU,0.27,88684.63,5,5,88683.611,0.0,1.0,0.0,0.019,328461.592593
1803934,IT,WF,WEARI,SEACO,0.67,88683.518,4,4,88683.501,0.0,0.0,0.0,0.017,132363.459701
1797929,IT,WL,FOOD4,CHEM1,0.64,88679.277,4,4,88679.271,0.0,0.0,0.0,0.006,138561.370312
1738847,IT,GB,MOTO1,RECRE,0.47,88672.29,4,4,88672.284,0.0,0.0,0.0,0.006,188664.446809
1745761,IT,JP,WEARI,ELEC3,0.67,88672.045,4,4,88672.028,0.0,0.0,0.0,0.017,132346.335821
1736891,IT,SK,BUSIN,RETA1,0.91,88671.542,4,4,88671.536,0.0,0.0,0.0,0.006,97441.254945
1690416,IT,IE,FOOD4,FABRI,0.64,88665.742,4,4,88665.736,0.0,0.0,0.0,0.006,138540.221875
1741052,IT,US,TEXTI,CHEM1,0.53,88665.126,4,4,88665.114,0.0,0.0,0.0,0.012,167292.690566
1808932,IT,WM,CEREA,PFERT,0.14,88664.896,5,5,88663.891,0.0,1.0,0.0,0.005,633320.685714
1773753,IT,CH,ELEC2,RAWMI,0.02,88661.268,4,4,88661.259,0.0,0.0,0.0,0.009,4433063.4
1682658,IT,HR,KEROS,TRAN2,0.13,88660.538,4,4,88660.531,0.0,0.0,0.0,0.007,682004.138462
1650524,IT,BG,ELEC6,POSTT,0.01,88658.179,4,4,88658.165,0.0,0.0,0.0,0.014,8865817.9
1753608,IT,CA,MACHI,RENTI,0.49,88655.077,4,4,88655.07,0.0,0.0,0.0,0.007,180928.728571
1781912,IT,NO,CHEM1,OFFIC,0.19,88647.436,4,4,88647.426,0.0,0.0,0.0,0.01,466565.452632
1762263,IT,IN,AIRTR,CERAM,0.1,88644.497,4,4,88644.494,0.0,0.0,0.0,0.003,886444.97
1803225,IT,WF,CROPS,HEALT,0.7,88640.907,4,4,88640.902,0.0,0.0,0.0,0.005,126629.867143
1801492,IT,WE,MOTO1,NONF1,0.47,88636.322,4,4,88636.316,0.0,0.0,0.0,0.006,188587.919149
1713594,IT,MT,BASIC,MEAT1,0.1,88636.101,4,4,88636.095,0.0,0.0,0.0,0.006,886361.01
1686662,IT,HU,LEAD1,SEWAG,0.15,88632.593,4,4,88632.586,0.0,0.0,0.0,0.007,590883.953333
1655435,IT,DE,FORES,PAPER,0.77,88629.153,5,5,88595.151,0.0,34.0,0.0,0.002,115102.796104
1641311,IT,AT,MOTOR,93197,0.13,88624.335,4,4,88624.328,0.0,0.0,0.0,0.007,681725.653846
1736387,IT,SK,LANDT,FOOD5,0.57,88618.712,4,4,88618.708,0.0,0.0,0.0,0.004,155471.424561
1720440,IT,PL,MACHI,CERAM,0.49,88608.1,4,4,88608.093,0.0,0.0,0.0,0.007,180832.857143
1687065,IT,HU,MOTO1,NONME,0.47,88604.713,4,4,88604.707,0.0,0.0,0.0,0.006,188520.665957
1686964,IT,HU,MACHI,COLLE,0.49,88596.29,4,4,88596.283,0.0,0.0,0.0,0.007,180808.755102
1721213,IT,PL,LANDT,VEGE1,0.57,88592.828,4,4,88592.824,0.0,0.0,0.0,0.004,155426.014035
1807191,IT,WF,AIRTR,RETAI,0.1,88588.1,4,4,88588.097,0.0,0.0,0.0,0.003,885881.0
1665393,IT,ES,TEXTI,GLASS,0.52,88586.453,4,4,88586.441,0.0,0.0,0.0,0.012,170358.563462
1763616,IT,MX,ADDIT,HEAVY,0.21,88583.933,5,5,88582.926,0.0,1.0,0.0,0.007,421828.252381
1664966,IT,ES,SANDC,FABRI,0.2,88578.806,5,5,88559.803,0.0,0.0,19.0,0.003,442894.03
1781111,IT,TW,PUBLI,REALE,1.45,88577.331,4,4,88577.325,0.0,0.0,0.0,0.006,61087.814483
1725974,IT,RO,CHEM1,KEROS,0.19,88565.617,4,4,88565.607,0.0,0.0,0.0,0.01,466134.826316
1807580,IT,WF,COMPU,WHOLE,1.01,88564.036,4,4,88564.03,0.0,0.0,0.0,0.006,87687.164356
1802442,IT,WE,AIRTR,BUSIN,0.1,88562.151,4,4,88562.148,0.0,0.0,0.0,0.003,885621.51
1744699,IT,US,COMPU,SALEM,1.01,88556.476,4,4,88556.47,0.0,0.0,0.0,0.006,87679.679208
1777588,IT,TR,ALUM1,TEXTI,0.15,88551.053,4,4,88551.046,0.0,0.0,0.0,0.007,590340.353333
1804634,IT,WF,HEAVY,MOTO1,0.14,88551.013,4,4,88551.006,0.0,0.0,0.0,0.007,632507.235714
1677325,IT,FR,FINAN,COMPU,1.15,88548.503,4,4,88548.5,0.0,0.0,0.0,0.003,76998.698261
1673781,IT,FR,PAPER,TEXT1,0.34,88545.814,5,5,88544.805,0.0,1.0,0.0,0.009,260428.864706
1719696,IT,PL,NONME,PLAST,0.18,88543.145,4,4,88543.135,0.0,0.0,0.0,0.01,491906.361111
1661301,IT,DK,FISHF,FISH5,0.15,88542.024,4,4,88542.021,0.0,0.0,0.0,0.003,590280.16
1766902,IT,RU,OFFIC,WHOLE,0.27,88532.94,4,4,88532.934,0.0,0.0,0.0,0.006,327899.777778
1809252,IT,WM,CRUDE,NONSP,0.17,88530.148,4,4,88530.14,0.0,0.0,0.0,0.008,520765.576471
1758027,IT,BR,RUBBE,RADIO,0.29,88527.641,4,4,88527.633,0.0,0.0,0.0,0.008,305267.727586
1776968,IT,TR,NFERT,VEGET,0.02,88526.576,4,4,88526.569,0.0,0.0,0.0,0.007,4426328.8
1804965,IT,WF,PLAST,PLANT,0.19,88526.186,4,4,88526.177,0.0,0.0,0.0,0.009,465927.294737
1736006,IT,SK,TRANS,FURNI,0.53,88524.632,4,4,88524.627,0.0,0.0,0.0,0.005,167027.607547
1755284,IT,KR,PAPER,ELECT,0.34,88522.521,5,5,88521.512,0.0,1.0,0.0,0.009,260360.355882
1805543,IT,WF,BRICK,COPPE,0.13,88519.563,4,4,88519.557,0.0,0.0,0.0,0.006,680919.715385
1716702,IT,NL,WHOLE,WHOLE,0.76,88511.992,4,4,88511.987,0.0,0.0,0.0,0.005,116463.147368
1780818,IT,TW,COMPU,PLAST,1.01,88504.73,4,4,88504.724,0.0,0.0,0.0,0.006,87628.445545
1753565,IT,CA,MACHI,NONME,0.49,88500.701,4,4,88500.694,0.0,0.0,0.0,0.007,180613.67551
1657196,IT,DE,CHEM1,MEAT4,0.18,88495.096,4,4,88495.086,0.0,0.0,0.0,0.01,491639.422222
1677206,IT,FR,POSTT,SUPPO,1.46,88490.002,4,4,88489.995,0.0,0.0,0.0,0.007,60609.590411
1721277,IT,PL,LANDT,TRAN1,0.57,88487.882,4,4,88487.878,0.0,0.0,0.0,0.004,155241.898246
1679502,IT,GR,CHEM1,RAILW,0.18,88487.255,4,4,88487.245,0.0,0.0,0.0,0.01,491595.861111
1743985,IT,US,AIRTR,HEAVY,0.1,88485.825,4,4,88485.822,0.0,0.0,0.0,0.003,884858.25
1673129,IT,FR,BEVER,MEATA,0.38,88476.693,4,4,88476.687,0.0,0.0,0.0,0.006,232833.402632
1725278,IT,RO,BEVER,RAWMI,0.38,88470.029,4,4,88470.023,0.0,0.0,0.0,0.006,232815.865789
1716794,IT,NL,RETA1,AUXIL,0.92,88457.797,4,4,88457.791,0.0,0.0,0.0,0.006,96149.779348
1728843,IT,SE,PLAST,OFFIC,0.19,88457.157,4,4,88457.148,0.0,0.0,0.0,0.009,465563.984211
1730335,IT,SE,SUPPO,WOODW,0.64,88456.189,4,4,88456.185,0.0,0.0,0.0,0.004,138212.795312
1758628,IT,BR,TRANS,MEDIC,0.53,88452.035,4,4,88452.03,0.0,0.0,0.0,0.005,166890.632075
1665655,IT,ES,WOODW,REALE,0.25,88452.007,5,5,88451.001,0.0,1.0,0.0,0.006,353808.028
1652848,IT,CZ,PRINT,COMPU,0.85,88450.381,4,4,88450.374,0.0,0.0,0.0,0.007,104059.271765
1718351,IT,PL,BEVER,DAIRY,0.38,88446.927,4,4,88446.921,0.0,0.0,0.0,0.006,232755.071053
1689806,IT,IE,INSUR,RUBBE,1.82,88446.587,4,4,88446.583,0.0,0.0,0.0,0.004,48597.025824
1802345,IT,WE,SEACO,MEATP,0.09,88446.028,4,4,88446.026,0.0,0.0,0.0,0.002,982733.644444
1732200,IT,SI,GASDI,93197,0.13,88444.532,4,4,88444.525,0.0,0.0,0.0,0.007,680342.553846
1796904,IT,WL,SEACO,PRIVA,0.09,88442.562,4,4,88442.56,0.0,0.0,0.0,0.002,982695.133333
1800998,IT,WE,ALUM1,COMPU,0.15,88439.352,4,4,88439.345,0.0,0.0,0.0,0.007,589595.68
1740326,IT,GB,PUBLI,CONST,1.45,88431.503,4,4,88431.497,0.0,0.0,0.0,0.006,60987.243448
1724852,IT,PT,BUSIN,TEXTI,0.91,88421.621,4,4,88421.615,0.0,0.0,0.0,0.006,97166.616484
1667771,IT,ES,OFFIC,PULP5,0.27,88417.585,4,4,88417.579,0.0,0.0,0.0,0.006,327472.537037
1794315,IT,WL,MOTOR,NONF1,0.13,88412.392,4,4,88412.385,0.0,0.0,0.0,0.007,680095.323077
1772719,IT,CH,CERAM,93197,0.14,88410.856,4,4,88410.851,0.0,0.0,0.0,0.005,631506.114286
1741547,IT,US,GASDI,VEGET,0.13,88408.894,4,4,88408.887,0.0,0.0,0.0,0.007,680068.415385
1751059,IT,CN,WHOLE,BUSIN,0.76,88406.61,4,4,88406.605,0.0,0.0,0.0,0.005,116324.486842
1679376,IT,GR,PLAST,MOTO1,0.19,88404.762,4,4,88404.753,0.0,0.0,0.0,0.009,465288.221053
1681189,IT,GR,POSTT,RETA1,1.46,88402.679,4,4,88402.672,0.0,0.0,0.0,0.007,60549.780137
1679966,IT,GR,FABRI,TRANS,0.36,88402.202,4,4,88402.196,0.0,0.0,0.0,0.006,245561.672222
1689557,IT,IE,AIRTR,MEATP,0.1,88385.05,4,4,88385.047,0.0,0.0,0.0,0.003,883850.5
1739368,IT,GB,RAILW,MACHI,0.59,88382.917,5,5,88381.913,0.0,0.0,1.0,0.004,149801.554237
1673574,IT,FR,WOODW,FISHF,0.25,88381.22,5,5,88380.214,0.0,1.0,0.0,0.006,353524.88
1680384,IT,GR,ELEC2,FURNI,0.02,88374.258,4,4,88374.249,0.0,0.0,0.0,0.009,4418712.9
1744014,IT,US,AIRTR,OFFIC,0.1,88373.735,4,4,88373.732,0.0,0.0,0.0,0.003,883737.35
1771189,IT,CH,MEAT4,RETA1,0.49,88365.153,4,4,88365.147,0.0,0.0,0.0,0.006,180337.046939
1744347,IT,US,FINAN,REALE,1.15,88364.966,4,4,88364.963,0.0,0.0,0.0,0.003,76839.10087
1799983,IT,WE,HEAVY,CHARC,0.14,88364.307,4,4,88364.3,0.0,0.0,0.0,0.007,631173.621429
1746424,IT,JP,RUBBE,RESEA,0.29,88364.187,4,4,88364.179,0.0,0.0,0.0,0.008,304704.093103
1797592,IT,WL,HEALT,FINAN,0.46,88354.991,4,4,88354.987,0.0,0.0,0.0,0.004,192076.067391
1809924,IT,WM,BEVER,POSTT,0.38,88348.994,4,4,88348.988,0.0,0.0,0.0,0.006,232497.352632
1723103,IT,PT,CHEM1,ELEC2,0.18,88348.002,4,4,88347.992,0.0,0.0,0.0,0.01,490822.233333
1720576,IT,PL,OFFIC,FINAN,0.27,88344.584,4,4,88344.578,0.0,0.0,0.0,0.006,327202.162963
1655625,IT,DE,SANDC,REALE,0.2,88342.82,5,5,88323.817,0.0,0.0,19.0,0.003,441714.1
1728212,IT,SE,FOOD5,WOODW,0.42,88342.447,4,4,88342.439,0.0,0.0,0.0,0.008,210339.159524
1730486,IT,SE,POSTT,MEMBE,1.45,88341.164,4,4,88341.157,0.0,0.0,0.0,0.007,60924.94069
1810067,IT,WM,TEXTI,FABRI,0.52,88339.852,4,4,88339.84,0.0,0.0,0.0,0.012,169884.330769
1784168,IT,ID,PAPER,RADIO,0.34,88334.453,5,5,88333.444,0.0,1.0,0.0,0.009,259807.214706
1709761,IT,LT,RUBBE,CATTL,0.29,88326.053,4,4,88326.045,0.0,0.0,0.0,0.008,304572.596552
1689218,IT,IE,WHOLE,CATTL,0.76,88324.156,4,4,88324.151,0.0,0.0,0.0,0.005,116215.994737
1780280,IT,TW,LANDT,FURNI,0.57,88323.129,4,4,88323.125,0.0,0.0,0.0,0.004,154952.857895
1752031,IT,CN,RESEA,SUPPO,0.48,88322.061,4,4,88322.055,0.0,0.0,0.0,0.006,184004.29375
1780871,IT,TW,RESEA,TEXTI,0.48,88321.106,4,4,88321.1,0.0,0.0,0.0,0.006,184002.304167
1682029,IT,HR,BEVER,WHOLE,0.38,88313.879,4,4,88313.873,0.0,0.0,0.0,0.006,232404.944737
1737735,IT,GB,HEAVY,CRUDE,0.14,88306.426,4,4,88306.419,0.0,0.0,0.0,0.007,630760.185714
1758332,IT,BR,NONF1,CHEM1,0.02,88306.197,3,3,88306.197,0.0,0.0,0.0,0.0,4415309.85
1662408,IT,DK,PREC1,WOODW,0.15,88305.819,4,4,88305.815,0.0,0.0,0.0,0.004,588705.46
1730718,IT,SE,COMPU,BUSIN,1.01,88304.877,4,4,88304.871,0.0,0.0,0.0,0.006,87430.571287
1689263,IT,IE,WHOLE,OFFIC,0.76,88302.906,4,4,88302.901,0.0,0.0,0.0,0.005,116188.034211
1673655,IT,FR,WOODW,MEMBE,0.25,88301.375,5,5,88300.369,0.0,1.0,0.0,0.006,353205.5
1812873,IT,WM,FABRI,RETAI,0.36,88297.699,4,4,88297.693,0.0,0.0,0.0,0.006,245271.386111
1660536,IT,DE,INSUR,HEALT,1.82,88297.116,4,4,88297.112,0.0,0.0,0.0,0.004,48514.898901
1794462,IT,WL,GASDI,GASDI,0.13,88297.091,4,4,88297.084,0.0,0.0,0.0,0.007,679208.392308
1675844,IT,FR,ELEC1,COLLE,0.01,88295.702,4,4,88295.696,0.0,0.0,0.0,0.006,8829570.2
1804638,IT,WF,HEAVY,BIOG1,0.14,88295.316,4,4,88295.309,0.0,0.0,0.0,0.007,630680.828571
1771953,IT,CH,PAPER,TRANS,0.34,88289.036,5,5,88288.027,0.0,1.0,0.0,0.009,259673.635294
1684239,IT,HR,SEACO,OFFIC,0.09,88288.406,4,4,88288.404,0.0,0.0,0.0,0.002,980982.288889
1738723,IT,GB,MACHI,AUXIL,0.49,88278.398,4,4,88278.391,0.0,0.0,0.0,0.007,180159.995918
1725918,IT,RO,PLAST,LIGNI,0.19,88278.139,4,4,88278.13,0.0,0.0,0.0,0.009,464621.784211
1713804,IT,MT,FURNI,OFFIC,0.28,88277.996,4,4,88277.988,0.0,0.0,0.0,0.008,315278.557143
1764396,IT,MX,MOTO1,WHOLE,0.47,88277.828,4,4,88277.822,0.0,0.0,0.0,0.006,187825.165957
1751699,IT,CN,INSUR,BASIC,1.82,88276.618,4,4,88276.614,0.0,0.0,0.0,0.004,48503.636264
1755067,IT,KR,WEARI,POSTT,0.67,88270.986,4,4,88270.969,0.0,0.0,0.0,0.017,131747.740299
1729355,IT,SE,BASIC,FORES,0.1,88269.601,4,4,88269.595,0.0,0.0,0.0,0.006,882696.01
1813688,IT,WM,RETA1,WHOLE,0.92,88269.438,4,4,88269.432,0.0,0.0,0.0,0.006,95945.041304
1717286,IT,NL,POSTT,RENTI,1.45,88266.75,4,4,88266.743,0.0,0.0,0.0,0.007,60873.62069
1750565,IT,CN,OFFIC,BITUM,0.27,88266.002,4,4,88265.996,0.0,0.0,0.0,0.006,326911.118519
1729110,IT,SE,RUBBE,MEMBE,0.29,88263.958,4,4,88263.95,0.0,0.0,0.0,0.008,304358.475862
1655691,IT,DE,CHEMI,ELEC3,0.21,88263.818,5,5,88259.81,0.0,0.0,4.0,0.008,420303.895238
1653439,IT,CZ,NONME,PFERT,0.18,88256.629,4,4,88256.619,0.0,0.0,0.0,0.01,490314.605556
1641611,IT,AT,NAPHT,PREC1,0.15,88250.908,4,4,88250.902,0.0,0.0,0.0,0.006,588339.386667
1675856,IT,FR,ELEC1,RENTI,0.01,88249.792,4,4,88249.786,0.0,0.0,0.0,0.006,8824979.2
1688710,IT,IE,CHEM1,ELEC7,0.18,88249.497,4,4,88249.487,0.0,0.0,0.0,0.01,490274.983333
1811913,IT,WM,RUBBE,COLLE,0.29,88246.841,4,4,88246.833,0.0,0.0,0.0,0.008,304299.451724
1652024,IT,CZ,VEGET,STEAM,0.31,88241.818,4,4,88241.815,0.0,0.0,0.0,0.003,284651.025806
1641210,IT,AT,PRINT,COMPU,0.85,88236.299,4,4,88236.292,0.0,0.0,0.0,0.007,103807.410588
1778648,IT,TR,HOTEL,ELECT,0.64,88233.962,4,4,88233.955,0.0,0.0,0.0,0.007,137865.565625
1804503,IT,WF,GASDI,NONME,0.13,88232.582,4,4,88232.575,0.0,0.0,0.0,0.007,678712.169231
1775295,IT,CH,BUSIN,OFFIC,0.91,88232.478,4,4,88232.472,0.0,0.0,0.0,0.006,96958.767033
1774596,IT,CH,SEACO,ELEC2,0.09,88231.636,4,4,88231.634,0.0,0.0,0.0,0.002,980351.511111
1729132,IT,SE,GLASS,BEVER,0.24,88230.198,4,4,88230.193,0.0,0.0,0.0,0.005,367625.825
1749067,IT,CN,LEATH,RENTI,0.63,88230.039,5,5,88229.024,0.0,1.0,0.0,0.015,140047.680952
1680857,IT,GR,LANDT,DAIRY,0.57,88225.213,4,4,88225.209,0.0,0.0,0.0,0.004,154781.075439
1738212,IT,GB,CERAM,93197,0.14,88220.224,4,4,88220.219,0.0,0.0,0.0,0.005,630144.457143
1753098,IT,CA,RUBBE,PRINT,0.29,88200.818,4,4,88200.81,0.0,0.0,0.0,0.008,304140.751724
1775044,IT,CH,RENTI,PAPER,0.53,88200.389,4,4,88200.384,0.0,0.0,0.0,0.005,166415.828302
1737328,IT,GB,BEVER,PLAST,0.38,88195.99,4,4,88195.984,0.0,0.0,0.0,0.006,232094.710526
1807900,IT,WF,PLAS1,CEREA,0.32,88188.885,4,4,88188.879,0.0,0.0,0.0,0.006,275590.265625
1649952,IT,BG,FABRI,ELEC4,0.36,88173.688,4,4,88173.682,0.0,0.0,0.0,0.006,244926.911111
1644218,IT,BE,VEGET,BUSIN,0.31,88170.55,4,4,88170.547,0.0,0.0,0.0,0.003,284421.129032
1769742,IT,AU,MACHI,WEARI,0.49,88166.109,4,4,88166.102,0.0,0.0,0.0,0.007,179930.834694
1781429,IT,NO,FOOD5,OFFIC,0.42,88151.345,4,4,88151.337,0.0,0.0,0.0,0.008,209884.154762
1801627,IT,WE,FURNI,VEGET,0.28,88151.005,4,4,88150.997,0.0,0.0,0.0,0.008,314825.017857
1641958,IT,AT,RUBBE,WEARI,0.29,88146.334,4,4,88146.326,0.0,0.0,0.0,0.008,303952.875862
1746270,IT,JP,CHEM1,ELEC4,0.18,88144.013,4,4,88144.003,0.0,0.0,0.0,0.01,489688.961111
1725793,IT,RO,PRINT,FINAN,0.85,88139.449,4,4,88139.442,0.0,0.0,0.0,0.007,103693.469412
1753794,IT,CA,FURNI,RECRE,0.28,88131.414,4,4,88131.406,0.0,0.0,0.0,0.008,314755.05
1809595,IT,WM,VEGE1,FINAN,0.27,88127.186,5,5,88126.167,0.0,1.0,0.0,0.019,326396.985185
1685068,IT,HU,PROCE,HOTEL,0.6,88124.079,4,4,88124.074,0.0,0.0,0.0,0.005,146873.465
1746564,IT,JP,BASIC,ELECT,0.1,88113.051,4,4,88113.045,0.0,0.0,0.0,0.006,881130.51
1795581,IT,WL,COPP1,REALE,0.22,88100.036,4,4,88100.031,0.0,0.0,0.0,0.005,400454.709091
1742201,IT,US,GLASS,POSTT,0.24,88097.247,4,4,88097.242,0.0,0.0,0.0,0.005,367071.8625
1737772,IT,GB,HEAVY,BUSIN,0.14,88096.318,4,4,88096.311,0.0,0.0,0.0,0.007,629259.414286
1644255,IT,BE,CROPS,TOBAC,0.7,88090.947,4,4,88090.942,0.0,0.0,0.0,0.005,125844.21
1773356,IT,CH,MACHI,COLLE,0.49,88089.557,4,4,88089.55,0.0,0.0,0.0,0.007,179774.606122
1801667,IT,WE,FURNI,FABRI,0.28,88083.961,4,4,88083.953,0.0,0.0,0.0,0.008,314585.575
1794280,IT,WL,MOTOR,PAPER,0.13,88080.539,4,4,88080.532,0.0,0.0,0.0,0.007,677542.607692
1715700,IT,NL,PLAST,TEXTI,0.18,88080.312,4,4,88080.303,0.0,0.0,0.0,0.009,489335.066667
1794541,IT,WL,HEAVY,MEATP,0.14,88076.801,4,4,88076.794,0.0,0.0,0.0,0.007,629120.007143
1733162,IT,SI,FABRI,PUBLI,0.36,88076.559,4,4,88076.553,0.0,0.0,0.0,0.006,244657.108333
1764050,IT,MX,NONF1,TRANS,0.02,88073.987,3,3,88073.987,0.0,0.0,0.0,0.0,4403699.35
1781304,IT,NO,VEGE1,DAIRY,0.27,88070.773,5,5,88069.754,0.0,1.0,0.0,0.019,326188.048148
1719829,IT,PL,BASIC,ELEC2,0.1,88070.315,4,4,88070.309,0.0,0.0,0.0,0.006,880703.15
1670212,IT,ES,RECRE,WHOLE,1.12,88057.765,4,4,88057.759,0.0,0.0,0.0,0.006,78623.004464
1658029,IT,DE,PREC1,CERAM,0.15,88056.773,4,4,88056.769,0.0,0.0,0.0,0.004,587045.153333
1672356,IT,FI,BUSIN,BEVER,0.9,88054.971,4,4,88054.965,0.0,0.0,0.0,0.006,97838.856667
1712208,IT,LV,PAPER,DAIRY,0.34,88051.055,5,5,88050.046,0.0,1.0,0.0,0.009,258973.691176
1717714,IT,NL,BUSIN,INSUR,0.9,88048.256,4,4,88048.25,0.0,0.0,0.0,0.006,97831.395556
1755123,IT,KR,LEATH,ADDIT,0.63,88040.774,5,5,88039.759,0.0,1.0,0.0,0.015,139747.260317
1799811,IT,WE,GASDI,COKIN,0.13,88039.016,4,4,88039.009,0.0,0.0,0.0,0.007,677223.2
1711069,IT,LU,PREC1,MOTO1,0.15,88036.555,4,4,88036.551,0.0,0.0,0.0,0.004,586910.366667
1688680,IT,IE,CHEM1,KERO1,0.18,88036.08,4,4,88036.07,0.0,0.0,0.0,0.01,489089.333333
1683928,IT,HR,FURNI,HEALT,0.28,88031.483,4,4,88031.475,0.0,0.0,0.0,0.008,314398.153571
1723882,IT,PT,FURNI,PRINT,0.28,88015.453,4,4,88015.445,0.0,0.0,0.0,0.008,314340.903571
1644499,IT,BE,DAIRY,FISH5,0.36,88011.978,5,5,88010.972,0.0,1.0,0.0,0.006,244477.716667
1641778,IT,AT,CHEM1,NUCLE,0.18,88011.725,4,4,88011.715,0.0,0.0,0.0,0.01,488954.027778
1741970,IT,US,CHEM1,PLAS1,0.18,88009.646,4,4,88009.636,0.0,0.0,0.0,0.01,488942.477778
1796912,IT,WL,AIRTR,CROPS,0.1,88009.148,4,4,88009.145,0.0,0.0,0.0,0.003,880091.48
1798896,IT,WE,BEVER,FINAN,0.37,88005.48,4,4,88005.474,0.0,0.0,0.0,0.006,237852.648649
1758222,IT,BR,BASIC,GLASS,0.1,88004.621,4,4,88004.615,0.0,0.0,0.0,0.006,880046.21
1777356,IT,TR,GLASS,HOTEL,0.24,87997.421,4,4,87997.416,0.0,0.0,0.0,0.005,366655.920833
1767427,IT,RU,LANDT,FURNI,0.57,87993.067,4,4,87993.063,0.0,0.0,0.0,0.004,154373.801754
1679524,IT,GR,ADDIT,GASDI,0.2,87991.829,5,5,87990.822,0.0,1.0,0.0,0.007,439959.145
1667330,IT,ES,ALUM1,EDUCA,0.15,87991.533,4,4,87991.526,0.0,0.0,0.0,0.007,586610.22
1729718,IT,SE,MACHI,NONFE,0.49,87985.028,4,4,87985.021,0.0,0.0,0.0,0.007,179561.281633
1814392,IT,WM,AUXIL,FINAN,1.61,87983.74,4,4,87983.736,0.0,0.0,0.0,0.004,54648.285714
1663933,IT,EE,WOODW,BASIC,0.25,87980.482,5,5,87979.476,0.0,1.0,0.0,0.006,351921.928
1650496,IT,BG,ELEC6,BEVER,0.01,87980.244,4,4,87980.23,0.0,0.0,0.0,0.014,8798024.4
1800537,IT,WE,RUBBE,ELEC3,0.29,87971.694,4,4,87971.686,0.0,0.0,0.0,0.008,303350.668966
1780052,IT,TW,WHOLE,PAPER,0.76,87970.628,4,4,87970.623,0.0,0.0,0.0,0.005,115750.826316
1774581,IT,CH,SEACO,BASIC,0.09,87969.526,4,4,87969.524,0.0,0.0,0.0,0.002,977439.177778
1662097,IT,DK,CHEM1,COMPU,0.18,87967.381,4,4,87967.371,0.0,0.0,0.0,0.01,488707.672222
1766525,IT,RU,COPP1,KEROS,0.22,87961.415,4,4,87961.41,0.0,0.0,0.0,0.005,399824.613636
1680818,IT,GR,RAILW,BASIC,0.59,87959.883,5,5,87958.879,0.0,0.0,1.0,0.004,149084.547458
1790868,IT,WA,MACHI,MEMBE,0.49,87959.482,4,4,87959.475,0.0,0.0,0.0,0.007,179509.146939
1653573,IT,CZ,BASIC,EDUCA,0.1,87958.412,4,4,87958.406,0.0,0.0,0.0,0.006,879584.12
1809308,IT,WM,STONE,NAPHT,0.28,87951.337,5,5,87946.333,0.0,0.0,5.0,0.004,314111.917857
1752346,IT,CA,MEAT4,LEATH,0.48,87947.377,4,4,87947.371,0.0,0.0,0.0,0.006,183223.702083
1753363,IT,CA,PREC1,SALEM,0.15,87943.175,4,4,87943.171,0.0,0.0,0.0,0.004,586287.833333
1748888,IT,CN,WEARI,MOTOR,0.66,87941.783,4,4,87941.766,0.0,0.0,0.0,0.017,133245.125758
1733391,IT,SI,ELEC1,MACHI,0.01,87940.923,4,4,87940.917,0.0,0.0,0.0,0.006,8794092.3
1800720,IT,WE,CEMEN,COMPU,0.14,87939.127,5,5,87938.123,0.0,0.0,1.0,0.004,628136.621429
1684090,IT,HR,HOTEL,POSTT,0.64,87932.586,4,4,87932.579,0.0,0.0,0.0,0.007,137394.665625
1655182,IT,CZ,BUSIN,HOTEL,0.9,87930.178,4,4,87930.172,0.0,0.0,0.0,0.006,97700.197778
1668434,IT,ES,RETA1,WHOLE,0.92,87926.435,4,4,87926.429,0.0,0.0,0.0,0.006,95572.211957
1647447,IT,BE,AIRTR,INSUR,0.1,87923.655,4,4,87923.652,0.0,0.0,0.0,0.003,879236.55
1687385,IT,HU,HOTEL,FABRI,0.64,87921.905,4,4,87921.898,0.0,0.0,0.0,0.007,137377.976562
1665161,IT,ES,PROCE,FOOD5,0.59,87916.228,4,4,87916.223,0.0,0.0,0.0,0.005,149010.555932
1799185,IT,WE,WEARI,INSUR,0.66,87915.271,4,4,87915.254,0.0,0.0,0.0,0.017,133204.956061
1743821,IT,US,LANDT,COMPU,0.57,87906.329,4,4,87906.325,0.0,0.0,0.0,0.004,154221.629825
1642687,IT,AT,FABRI,MEMBE,0.36,87897.315,4,4,87897.309,0.0,0.0,0.0,0.006,244159.208333
1748026,IT,JP,BUSIN,GASDI,0.9,87891.831,4,4,87891.825,0.0,0.0,0.0,0.006,97657.59
1722616,IT,PT,TEXTI,PLAST,0.52,87890.928,4,4,87890.916,0.0,0.0,0.0,0.012,169021.015385
1726043,IT,RO,CHEM1,TEXT2,0.18,87882.004,4,4,87881.994,0.0,0.0,0.0,0.01,488233.355556
1722828,IT,PT,PAPER,EDUCA,0.34,87877.01,5,5,87876.001,0.0,1.0,0.0,0.009,258461.794118
1784595,IT,ID,MACHI,BIODI,0.49,87875.249,4,4,87875.242,0.0,0.0,0.0,0.007,179337.242857
1662562,IT,DK,FABRI,PULP5,0.36,87864.769,4,4,87864.763,0.0,0.0,0.0,0.006,244068.802778
1731737,IT,SI,PULP5,DIST1,0.27,87861.035,4,4,87861.027,0.0,0.0,0.0,0.008,325411.240741
1774495,IT,CH,LANDT,FURNI,0.57,87856.347,4,4,87856.343,0.0,0.0,0.0,0.004,154133.942105
1769982,IT,AU,TRANS,POSTT,0.52,87852.535,4,4,87852.53,0.0,0.0,0.0,0.005,168947.182692
1643853,IT,AT,INSUR,INSUR,1.81,87846.685,4,4,87846.681,0.0,0.0,0.0,0.004,48534.08011
1721306,IT,PL,LANDT,PUBLI,0.57,87843.584,4,4,87843.58,0.0,0.0,0.0,0.004,154111.550877
1744174,IT,US,SUPPO,MEMBE,0.63,87843.513,4,4,87843.509,0.0,0.0,0.0,0.004,139434.147619
1661009,IT,DE,BUSIN,TRAN2,0.9,87841.489,4,4,87841.483,0.0,0.0,0.0,0.006,97601.654444
1757061,IT,KR,BUSIN,FURNI,0.9,87834.305,4,4,87834.299,0.0,0.0,0.0,0.006,97593.672222
1683775,IT,HR,MACHI,COMPU,0.49,87831.456,4,4,87831.449,0.0,0.0,0.0,0.007,179247.869388
1769068,IT,AU,PLAST,PAPER,0.18,87827.31,4,4,87827.301,0.0,0.0,0.0,0.009,487929.5
1673360,IT,FR,TEXTI,FOODW,0.52,87821.177,4,4,87821.165,0.0,0.0,0.0,0.012,168886.878846
1729468,IT,SE,ALUM1,NONFE,0.15,87815.724,4,4,87815.717,0.0,0.0,0.0,0.007,585438.16
1715932,IT,NL,GLASS,ELECT,0.24,87801.788,4,4,87801.783,0.0,0.0,0.0,0.005,365840.783333
1681089,IT,GR,SUPPO,ALUM1,0.63,87796.634,4,4,87796.63,0.0,0.0,0.0,0.004,139359.736508
1683293,IT,HR,CEMEN,FABRI,0.14,87788.372,5,5,87787.368,0.0,0.0,1.0,0.004,627059.8
1745171,IT,JP,CEREA,FOOD5,0.14,87781.88,5,5,87780.875,0.0,1.0,0.0,0.005,627013.428571
1683238,IT,HR,CERAM,CEMEN,0.14,87771.261,4,4,87771.256,0.0,0.0,0.0,0.005,626937.578571
1784006,IT,ID,BEVER,RETA1,0.37,87770.745,4,4,87770.739,0.0,0.0,0.0,0.006,237218.22973
1735916,IT,SK,OFFIC,EDUCA,0.27,87761.776,4,4,87761.77,0.0,0.0,0.0,0.006,325043.614815
1765172,IT,MX,BUSIN,OFFIC,0.9,87756.849,4,4,87756.843,0.0,0.0,0.0,0.006,97507.61
1806220,IT,WF,MACHI,VEGE1,0.49,87743.61,4,4,87743.603,0.0,0.0,0.0,0.007,179068.591837
1798978,IT,WE,TOBAC,BUSIN,0.35,87743.366,4,4,87743.36,0.0,0.0,0.0,0.006,250695.331429
1738944,IT,GB,FURNI,FOOD2,0.28,87739.168,4,4,87739.16,0.0,0.0,0.0,0.008,313354.171429
1646050,IT,BE,BASIC,CHEMI,0.1,87738.905,4,4,87738.899,0.0,0.0,0.0,0.006,877389.05
1751186,IT,CN,HOTEL,PAPER,0.64,87733.078,4,4,87733.071,0.0,0.0,0.0,0.007,137082.934375
1751141,IT,CN,HOTEL,PADDY,0.64,87728.205,4,4,87728.198,0.0,0.0,0.0,0.007,137075.320312
1679663,IT,GR,GLASS,WHOLE,0.24,87727.847,4,4,87727.842,0.0,0.0,0.0,0.005,365532.695833
1641406,IT,AT,GASDI,CROPS,0.13,87727.229,4,4,87727.222,0.0,0.0,0.0,0.007,674824.838462
1761102,IT,IN,CHEM1,CRUDE,0.18,87723.956,4,4,87723.946,0.0,0.0,0.0,0.01,487355.311111
1786918,IT,ZA,AIRTR,CONST,0.1,87719.89,4,4,87719.887,0.0,0.0,0.0,0.003,877198.9
1661270,IT,DK,OILSE,FISHF,0.06,87718.012,5,5,87717.008,0.0,1.0,0.0,0.004,1461966.866667
1783943,IT,ID,STONE,REALE,0.28,87713.562,5,5,87708.558,0.0,0.0,5.0,0.004,313262.721429
1648744,IT,BG,FOOD5,PUBLI,0.42,87713.495,4,4,87713.487,0.0,0.0,0.0,0.008,208841.654762
1782319,IT,NO,NONF1,FOUND,0.02,87712.979,3,3,87712.979,0.0,0.0,0.0,0.0,4385648.95
1746972,IT,JP,MOTO1,FINAN,0.47,87709.248,4,4,87709.242,0.0,0.0,0.0,0.006,186615.421277
1752143,IT,CN,BUSIN,RAILW,0.9,87700.097,4,4,87700.091,0.0,0.0,0.0,0.006,97444.552222
1776448,IT,TR,MOTOR,FOOD5,0.13,87689.577,4,4,87689.57,0.0,0.0,0.0,0.007,674535.207692
1709617,IT,LT,PAPER,REALE,0.34,87686.383,5,5,87685.374,0.0,1.0,0.0,0.009,257901.126471
1727324,IT,RO,POSTT,OFFIC,1.44,87685.383,4,4,87685.376,0.0,0.0,0.0,0.007,60892.627083
1656650,IT,DE,PRINT,INTER,0.84,87681.213,4,4,87681.206,0.0,0.0,0.0,0.007,104382.396429
1807918,IT,WF,PLAS1,PRECI,0.31,87680.547,4,4,87680.541,0.0,0.0,0.0,0.006,282840.474194
1810634,IT,WM,COKEO,GLASS,0.01,87673.48,3,3,87673.48,0.0,0.0,0.0,0.0,8767348.0
1686217,IT,HU,GLASS,HOTEL,0.24,87672.091,4,4,87672.086,0.0,0.0,0.0,0.005,365300.379167
1808758,IT,WF,WOOD2,CATTL,0.48,87667.816,4,4,87667.81,0.0,0.0,0.0,0.006,182641.283333
1781906,IT,NO,CHEM1,BASIC,0.18,87666.522,4,4,87666.512,0.0,0.0,0.0,0.01,487036.233333
1771384,IT,CH,FOOD5,MEATC,0.42,87664.074,4,4,87664.066,0.0,0.0,0.0,0.008,208723.985714
1784725,IT,ID,FURNI,HEALT,0.28,87663.321,4,4,87663.313,0.0,0.0,0.0,0.008,313083.289286
1783378,IT,NO,PLAS1,RETA1,0.31,87656.048,4,4,87656.042,0.0,0.0,0.0,0.006,282761.445161
1778035,IT,TR,OFFIC,FABRI,0.27,87652.305,4,4,87652.299,0.0,0.0,0.0,0.006,324638.166667
1714573,IT,NL,CRUDE,PRIVA,0.17,87640.64,4,4,87640.632,0.0,0.0,0.0,0.008,515533.176471
1784362,IT,ID,RUBBE,LANDT,0.29,87636.573,4,4,87636.565,0.0,0.0,0.0,0.008,302195.07931
1795595,IT,WL,NONF1,RETA1,0.02,87634.188,3,3,87634.188,0.0,0.0,0.0,0.0,4381709.4
1759694,IT,BR,BUSIN,CROPS,0.9,87632.868,4,4,87632.862,0.0,0.0,0.0,0.006,97369.853333
1761337,IT,IN,GLASS,CERAM,0.24,87630.944,4,4,87630.939,0.0,0.0,0.0,0.005,365128.933333
1680954,IT,GR,SEACO,AIRTR,0.09,87624.902,4,4,87624.9,0.0,0.0,0.0,0.002,973610.022222
1807642,IT,WF,RESEA,WHOLE,0.47,87602.652,4,4,87602.646,0.0,0.0,0.0,0.006,186388.621277
1663568,IT,DK,COMPU,HEALT,1.0,87601.296,4,4,87601.29,0.0,0.0,0.0,0.006,87601.296
1788420,IT,WA,PULP5,CROPS,0.27,87590.953,4,4,87590.945,0.0,0.0,0.0,0.008,324410.937037
1680803,IT,GR,RAILW,MOTOR,0.59,87589.504,5,5,87588.5,0.0,0.0,1.0,0.004,148456.786441
1811810,IT,WM,ADDIT,RECRE,0.2,87584.885,5,5,87583.878,0.0,1.0,0.0,0.007,437924.425
1800812,IT,WE,BASIC,MOTOR,0.1,87578.292,4,4,87578.286,0.0,0.0,0.0,0.006,875782.92
1769914,IT,AU,MOTO1,FABRI,0.47,87573.969,4,4,87573.963,0.0,0.0,0.0,0.006,186327.593617
1757013,IT,KR,BUSIN,BEVER,0.9,87573.511,4,4,87573.505,0.0,0.0,0.0,0.006,97303.901111
1807014,IT,WF,LANDT,HOTEL,0.56,87571.87,4,4,87571.866,0.0,0.0,0.0,0.004,156378.339286
1800065,IT,WE,LIQUE,BUSIN,0.15,87567.514,4,4,87567.507,0.0,0.0,0.0,0.007,583783.426667
1674895,IT,FR,NONME,FOOD2,0.18,87565.948,4,4,87565.938,0.0,0.0,0.0,0.01,486477.488889
1720407,IT,PL,MACHI,FISH5,0.49,87553.483,4,4,87553.476,0.0,0.0,0.0,0.007,178680.577551
1741167,IT,US,LEATH,FURNI,0.63,87529.372,5,5,87528.357,0.0,1.0,0.0,0.015,138935.511111
1644192,IT,BE,CEREA,BEVER,0.14,87528.011,5,5,87527.006,0.0,1.0,0.0,0.005,625200.078571
1732462,IT,SI,CHEM1,FABRI,0.18,87519.528,4,4,87519.518,0.0,0.0,0.0,0.01,486219.6
1715730,IT,NL,PLAST,RENTI,0.18,87511.676,4,4,87511.667,0.0,0.0,0.0,0.009,486175.977778
1781553,IT,NO,TEXTI,BUSIN,0.52,87505.839,4,4,87505.827,0.0,0.0,0.0,0.012,168280.459615
1715579,IT,NL,HEAVY,WHOLE,0.14,87505.234,4,4,87505.227,0.0,0.0,0.0,0.007,625037.385714
1801428,IT,WE,MOTO1,MEATA,0.47,87503.194,4,4,87503.188,0.0,0.0,0.0,0.006,186177.008511
1767330,IT,RU,HOTEL,MEMBE,0.63,87497.121,4,4,87497.114,0.0,0.0,0.0,0.007,138884.319048
1710168,IT,LT,MACHI,MEDIC,0.49,87493.55,4,4,87493.543,0.0,0.0,0.0,0.007,178558.265306
1765417,IT,RU,TEXTI,TOBAC,0.52,87491.593,4,4,87491.581,0.0,0.0,0.0,0.012,168253.063462
1688990,IT,IE,MACHI,NONME,0.49,87472.467,4,4,87472.46,0.0,0.0,0.0,0.007,178515.238776
1777822,IT,TR,FABRI,FOUND,0.36,87471.566,4,4,87471.56,0.0,0.0,0.0,0.006,242976.572222
1672429,IT,FI,BUSIN,RESEA,0.9,87470.171,4,4,87470.165,0.0,0.0,0.0,0.006,97189.078889
1684222,IT,HR,SEACO,FOOD5,0.09,87462.338,4,4,87462.336,0.0,0.0,0.0,0.002,971803.755556
1650248,IT,BG,FURNI,RECRE,0.28,87459.902,4,4,87459.894,0.0,0.0,0.0,0.008,312356.792857
1765846,IT,RU,HEAVY,WHOLE,0.14,87456.353,4,4,87456.346,0.0,0.0,0.0,0.007,624688.235714
1740140,IT,GB,COMPU,SALEM,1.0,87452.491,4,4,87452.486,0.0,0.0,0.0,0.005,87452.491
1785642,IT,ZA,HEAVY,FOOD5,0.14,87449.645,4,4,87449.638,0.0,0.0,0.0,0.007,624640.321429
1678578,IT,GR,POULT,NONME,0.23,87440.008,4,4,87440.001,0.0,0.0,0.0,0.007,380173.947826
1776420,IT,TR,COKEO,NONFE,0.01,87437.085,3,3,87437.085,0.0,0.0,0.0,0.0,8743708.5
1772823,IT,CH,BASIC,CATTL,0.1,87434.576,4,4,87434.57,0.0,0.0,0.0,0.006,874345.76
1786567,IT,ZA,FURNI,LANDT,0.28,87431.007,4,4,87430.999,0.0,0.0,0.0,0.008,312253.596429
1758497,IT,BR,MACHI,CERAM,0.49,87430.727,4,4,87430.72,0.0,0.0,0.0,0.007,178430.055102
1653490,IT,CZ,BASIC,STONE,0.1,87427.191,4,4,87427.185,0.0,0.0,0.0,0.006,874271.91
1648936,IT,BG,WEARI,MOTO1,0.66,87421.673,4,4,87421.656,0.0,0.0,0.0,0.017,132457.080303
1799349,IT,WE,WOODW,INSUR,0.24,87414.081,5,5,87413.075,0.0,1.0,0.0,0.006,364225.3375
1717276,IT,NL,POSTT,LANDT,1.44,87411.056,4,4,87411.049,0.0,0.0,0.0,0.007,60702.122222
1755567,IT,KR,CHEM1,SECO9,0.18,87407.926,4,4,87407.916,0.0,0.0,0.0,0.01,485599.588889
1756240,IT,KR,MACHI,FINAN,0.49,87394.282,4,4,87394.275,0.0,0.0,0.0,0.007,178355.677551
1776947,IT,TR,PLAST,RENTI,0.18,87393.746,4,4,87393.737,0.0,0.0,0.0,0.009,485520.811111
1774357,IT,CH,HOTEL,COLLE,0.63,87393.172,4,4,87393.165,0.0,0.0,0.0,0.007,138719.320635
1722985,IT,PT,BITU1,MOTOR,0.14,87391.749,4,4,87391.742,0.0,0.0,0.0,0.007,624226.778571
1810149,IT,WM,WEARI,GASDI,0.66,87389.403,4,4,87389.386,0.0,0.0,0.0,0.017,132408.186364
1726741,IT,RO,FURNI,REALE,0.28,87388.002,4,4,87387.994,0.0,0.0,0.0,0.008,312100.007143
1654558,IT,CZ,HOTEL,RESEA,0.63,87382.728,4,4,87382.721,0.0,0.0,0.0,0.007,138702.742857
1679935,IT,GR,FABRI,PAPER,0.36,87375.078,4,4,87375.072,0.0,0.0,0.0,0.006,242708.55
1661628,IT,DK,FISH5,HOTEL,0.37,87371.851,4,4,87371.806,0.0,0.0,0.0,0.045,236140.137838
1658436,IT,DE,FABRI,BRICK,0.36,87367.749,4,4,87367.743,0.0,0.0,0.0,0.006,242688.191667
1812978,IT,WM,MACHI,PREC1,0.49,87366.814,4,4,87366.807,0.0,0.0,0.0,0.007,178299.620408
1737372,IT,GB,FISH5,BEVER,0.37,87361.897,4,4,87361.852,0.0,0.0,0.0,0.045,236113.235135
1685412,IT,HU,LEATH,93197,0.63,87358.631,5,5,87357.616,0.0,1.0,0.0,0.015,138664.493651
1761205,IT,IN,ADDIT,PREC1,0.2,87356.092,5,5,87355.085,0.0,1.0,0.0,0.007,436780.46
1661507,IT,DK,FOOD5,ELECT,0.42,87355.402,4,4,87355.394,0.0,0.0,0.0,0.008,207989.052381
1746750,IT,JP,MACHI,PADDY,0.49,87347.095,4,4,87347.088,0.0,0.0,0.0,0.007,178259.377551
1667616,IT,ES,MACHI,MEATP,0.49,87343.281,4,4,87343.274,0.0,0.0,0.0,0.007,178251.593878
1798258,IT,WE,VEGET,RECRE,0.31,87341.027,4,4,87341.024,0.0,0.0,0.0,0.003,281745.248387
1682278,IT,HR,LEATH,MOTO1,0.63,87338.627,5,5,87337.612,0.0,1.0,0.0,0.015,138632.74127
1672376,IT,FI,BUSIN,RUBBE,0.9,87335.967,4,4,87335.961,0.0,0.0,0.0,0.006,97039.963333
1777305,IT,TR,GLASS,MEATC,0.24,87335.694,4,4,87335.689,0.0,0.0,0.0,0.005,363898.725
1640410,IT,AT,VEGE1,PIGS9,0.27,87330.868,5,5,87329.849,0.0,1.0,0.0,0.019,323447.659259
1794277,IT,WL,MOTOR,LEATH,0.13,87330.51,4,4,87330.503,0.0,0.0,0.0,0.007,671773.153846
1797125,IT,WL,POSTT,PFERT,1.44,87328.894,4,4,87328.887,0.0,0.0,0.0,0.007,60645.065278
1660989,IT,DE,BUSIN,ELEC7,0.9,87315.235,4,4,87315.229,0.0,0.0,0.0,0.006,97016.927778
1752256,IT,CA,FORES,WOODW,0.76,87313.938,5,5,87279.936,0.0,34.0,0.0,0.002,114886.760526
1755753,IT,KR,GLASS,WHOLE,0.24,87308.978,4,4,87308.973,0.0,0.0,0.0,0.005,363787.408333
1805848,IT,WF,ALUM1,MEATC,0.15,87308.749,4,4,87308.742,0.0,0.0,0.0,0.007,582058.326667
1644032,IT,AT,BUSIN,GASDI,0.9,87302.291,4,4,87302.285,0.0,0.0,0.0,0.006,97002.545556
1674620,IT,FR,RUBBE,FOOD2,0.29,87288.009,4,4,87288.001,0.0,0.0,0.0,0.008,300993.134483
1645096,IT,BE,PAPER,LANDT,0.34,87283.471,5,5,87282.462,0.0,1.0,0.0,0.009,256716.091176
1711226,IT,LU,MACHI,RETA1,0.49,87275.874,4,4,87275.867,0.0,0.0,0.0,0.007,178114.028571
1809547,IT,WM,VEGE1,CRUDE,0.27,87268.198,5,5,87267.179,0.0,1.0,0.0,0.019,323215.548148
1763737,IT,MX,GLASS,FOOD5,0.24,87263.133,4,4,87263.128,0.0,0.0,0.0,0.005,363596.3875
1655582,IT,DE,SANDC,CHEM1,0.2,87252.283,5,5,87233.28,0.0,0.0,19.0,0.003,436261.415
1798326,IT,WE,CROPS,HOTEL,0.69,87249.8,4,4,87249.795,0.0,0.0,0.0,0.005,126448.985507
1657822,IT,DE,NONME,TRAN1,0.18,87249.536,4,4,87249.526,0.0,0.0,0.0,0.01,484719.644444
1640562,IT,AT,FOOD5,MACHI,0.42,87243.84,4,4,87243.832,0.0,0.0,0.0,0.008,207723.428571
1715947,IT,NL,GLASS,BUSIN,0.24,87242.739,4,4,87242.734,0.0,0.0,0.0,0.005,363511.4125
1655335,IT,DE,VEGET,CONST,0.31,87242.234,4,4,87242.231,0.0,0.0,0.0,0.003,281426.56129
1794095,IT,WL,PAPER,RUBBE,0.34,87237.556,5,5,87236.547,0.0,1.0,0.0,0.009,256581.047059
1743400,IT,US,SALEM,RENTI,0.7,87236.465,4,4,87236.46,0.0,0.0,0.0,0.005,124623.521429
1772589,IT,CH,RUBBE,FOODW,0.29,87234.876,4,4,87234.868,0.0,0.0,0.0,0.008,300809.917241
1756200,IT,KR,MACHI,LEAD1,0.49,87234.476,4,4,87234.469,0.0,0.0,0.0,0.007,178029.542857
1763996,IT,MX,ALUM1,FOUND,0.15,87233.408,4,4,87233.401,0.0,0.0,0.0,0.007,581556.053333
1781647,IT,NO,LEATH,CHEM1,0.62,87231.004,5,5,87229.989,0.0,1.0,0.0,0.015,140695.167742
1666105,IT,ES,GASDI,LIQUE,0.13,87221.321,4,4,87221.314,0.0,0.0,0.0,0.007,670933.238462
1799932,IT,WE,HEAVY,LIGNI,0.14,87204.924,4,4,87204.917,0.0,0.0,0.0,0.007,622892.314286
1761469,IT,IN,PREC1,GLASS,0.15,87196.07,4,4,87196.066,0.0,0.0,0.0,0.004,581307.133333
1812624,IT,WM,LEAD1,93197,0.15,87195.491,4,4,87195.484,0.0,0.0,0.0,0.007,581303.273333
1729744,IT,SE,MACHI,PLAST,0.49,87185.348,4,4,87185.341,0.0,0.0,0.0,0.007,177929.281633
1739454,IT,GB,LANDT,HEAVY,0.56,87182.364,4,4,87182.36,0.0,0.0,0.0,0.004,155682.792857
1720649,IT,PL,MOTO1,ALUM1,0.46,87174.973,4,4,87174.967,0.0,0.0,0.0,0.006,189510.81087
1672817,IT,FR,MEAT4,MEAT1,0.48,87158.035,4,4,87158.029,0.0,0.0,0.0,0.006,181579.239583
1680046,IT,GR,MACHI,COPP1,0.49,87152.431,4,4,87152.424,0.0,0.0,0.0,0.007,177862.104082
1690572,IT,IE,93197,OFFIC,0.59,87145.775,4,4,87145.767,0.0,0.0,0.0,0.008,147704.70339
1657496,IT,DE,RUBBE,FOOD1,0.29,87134.925,4,4,87134.917,0.0,0.0,0.0,0.008,300465.258621
1649967,IT,BG,FABRI,TRAN2,0.35,87129.109,4,4,87129.103,0.0,0.0,0.0,0.006,248940.311429
1770296,IT,AU,HOTEL,COKE1,0.63,87129.012,4,4,87129.005,0.0,0.0,0.0,0.007,138300.019048
1653872,IT,CZ,FABRI,CEMEN,0.35,87121.357,4,4,87121.351,0.0,0.0,0.0,0.006,248918.162857
1741604,IT,US,GASDI,RENTI,0.13,87117.622,4,4,87117.615,0.0,0.0,0.0,0.007,670135.553846
1814347,IT,WM,FINAN,RETA1,1.13,87115.874,4,4,87115.871,0.0,0.0,0.0,0.003,77093.693805
1667875,IT,ES,MOTO1,TEXTI,0.46,87114.486,4,4,87114.48,0.0,0.0,0.0,0.006,189379.317391
1759798,IT,BR,BUSIN,SEACO,0.89,87113.43,4,4,87113.424,0.0,0.0,0.0,0.006,97880.258427
1750166,IT,CN,ALUM1,PAPER,0.15,87113.278,4,4,87113.271,0.0,0.0,0.0,0.007,580755.186667
1731913,IT,SI,MOTOR,FOOD5,0.13,87109.888,4,4,87109.881,0.0,0.0,0.0,0.007,670076.061538
1723411,IT,PT,BASIC,RETA1,0.1,87107.556,4,4,87107.55,0.0,0.0,0.0,0.006,871075.56
1675009,IT,FR,PREC1,COMPU,0.15,87099.284,4,4,87099.28,0.0,0.0,0.0,0.004,580661.893333
1671373,IT,FI,NONF1,COPP1,0.02,87080.709,3,3,87080.709,0.0,0.0,0.0,0.0,4354035.45
1655685,IT,DE,CHEMI,MOTO1,0.21,87077.289,5,5,87073.281,0.0,0.0,4.0,0.008,414653.757143
1683394,IT,HR,BASIC,MOTOR,0.1,87074.769,4,4,87074.763,0.0,0.0,0.0,0.006,870747.69
1713624,IT,MT,PREC1,RADIO,0.15,87073.908,4,4,87073.904,0.0,0.0,0.0,0.004,580492.72
1681793,IT,HR,MEATC,CHEM1,0.29,87039.15,5,5,87038.144,0.0,1.0,0.0,0.006,300135.0
1761911,IT,IN,FURNI,WOODW,0.28,87035.098,4,4,87035.091,0.0,0.0,0.0,0.007,310839.635714
1710844,IT,LU,PAPER,RENTI,0.34,87033.481,5,5,87032.472,0.0,1.0,0.0,0.009,255980.826471
1676606,IT,FR,HOTEL,TRAN1,0.63,87029.963,4,4,87029.956,0.0,0.0,0.0,0.007,138142.798413
1720507,IT,PL,MACHI,FOOD3,0.49,87029.535,4,4,87029.528,0.0,0.0,0.0,0.007,177611.295918
1781676,IT,NO,LEATH,BUSIN,0.62,87027.398,5,5,87026.383,0.0,1.0,0.0,0.015,140366.770968
1659882,IT,DE,LANDT,HEALT,0.56,87026.621,4,4,87026.617,0.0,0.0,0.0,0.004,155404.680357
1733652,IT,SI,HOTEL,RAILW,0.63,87017.979,4,4,87017.972,0.0,0.0,0.0,0.007,138123.77619
1682977,IT,HR,CHEM1,VEGET,0.18,87016.606,4,4,87016.597,0.0,0.0,0.0,0.009,483425.588889
1652699,IT,CZ,PAPER,BEVER,0.34,87012.403,5,5,87011.394,0.0,1.0,0.0,0.009,255918.832353
1662179,IT,DK,RUBBE,SUPPO,0.29,87007.389,4,4,87007.381,0.0,0.0,0.0,0.008,300025.47931
1767456,IT,RU,LANDT,HEALT,0.56,87003.542,4,4,87003.538,0.0,0.0,0.0,0.004,155363.467857
1725309,IT,RO,BEVER,CONST,0.37,87002.855,4,4,87002.849,0.0,0.0,0.0,0.006,235142.851351
1746445,IT,JP,GLASS,RUBBE,0.24,87002.309,4,4,87002.304,0.0,0.0,0.0,0.005,362509.620833
1791006,IT,WA,MOTO1,HOTEL,0.46,87001.766,4,4,87001.76,0.0,0.0,0.0,0.006,189134.273913
1755942,IT,KR,PREC1,WOODW,0.15,87001.077,4,4,87001.073,0.0,0.0,0.0,0.004,580007.18
1718238,IT,PL,PROCE,HOTEL,0.59,86998.535,4,4,86998.53,0.0,0.0,0.0,0.005,147455.144068
1795472,IT,WL,PREC1,RETA1,0.15,86988.242,4,4,86988.238,0.0,0.0,0.0,0.004,579921.613333
1813352,IT,WM,FURNI,LEATH,0.28,86982.676,4,4,86982.669,0.0,0.0,0.0,0.007,310652.414286
1676208,IT,FR,CONST,SEACO,0.49,86978.038,4,4,86978.033,0.0,0.0,0.0,0.005,177506.2
1734919,IT,SK,PRINT,COMPU,0.83,86973.568,4,4,86973.561,0.0,0.0,0.0,0.007,104787.431325
1653027,IT,CZ,PLAST,NONME,0.18,86973.306,4,4,86973.297,0.0,0.0,0.0,0.009,483185.033333
1717159,IT,NL,AIRTR,MACHI,0.09,86955.732,4,4,86955.729,0.0,0.0,0.0,0.003,966174.8
1787889,IT,WA,BEVER,VEGE1,0.37,86955.121,4,4,86955.115,0.0,0.0,0.0,0.006,235013.840541
1669714,IT,ES,COMPU,HEALT,0.99,86944.973,4,4,86944.968,0.0,0.0,0.0,0.005,87823.205051
1664545,IT,EE,FURNI,RECRE,0.28,86941.077,4,4,86941.07,0.0,0.0,0.0,0.007,310503.846429
1774820,IT,CH,POSTT,HOTEL,1.43,86933.875,4,4,86933.868,0.0,0.0,0.0,0.007,60792.91958
1795787,IT,WL,MACHI,BIOGA,0.48,86932.527,4,4,86932.52,0.0,0.0,0.0,0.007,181109.43125
1710469,IT,LT,LANDT,DIST1,0.56,86926.056,4,4,86926.052,0.0,0.0,0.0,0.004,155225.1
1786261,IT,ZA,FABRI,PRECI,0.35,86916.802,4,4,86916.796,0.0,0.0,0.0,0.006,248333.72
1727051,IT,RO,RAILW,OFFIC,0.58,86914.578,5,5,86913.574,0.0,0.0,1.0,0.004,149852.72069
1709464,IT,LT,TEXTI,WHOLE,0.51,86912.714,4,4,86912.702,0.0,0.0,0.0,0.012,170417.086275
1666827,IT,ES,RUBBE,MEMBE,0.29,86899.539,4,4,86899.531,0.0,0.0,0.0,0.008,299653.582759
1742366,IT,US,NONME,NFERT,0.18,86894.086,4,4,86894.076,0.0,0.0,0.0,0.01,482744.922222
1670944,IT,FI,CHEM1,PREC1,0.18,86891.793,4,4,86891.784,0.0,0.0,0.0,0.009,482732.183333
1803086,IT,WF,CEREA,PUBLI,0.14,86887.526,5,5,86886.521,0.0,1.0,0.0,0.005,620625.185714
1739425,IT,GB,LANDT,CRUDE,0.56,86887.162,4,4,86887.158,0.0,0.0,0.0,0.004,155155.646429
1797074,IT,WL,SUPPO,EDUCA,0.62,86880.686,4,4,86880.682,0.0,0.0,0.0,0.004,140130.13871
1642490,IT,AT,LEAD1,FABRI,0.15,86874.988,4,4,86874.981,0.0,0.0,0.0,0.007,579166.586667
1667684,IT,ES,MACHI,ELEC6,0.48,86873.792,4,4,86873.785,0.0,0.0,0.0,0.007,180987.066667
1787501,IT,WA,CHEMI,CRUDE,0.21,86871.473,5,5,86867.465,0.0,0.0,4.0,0.008,413673.680952
1789173,IT,WA,PLAST,BEVER,0.18,86870.876,4,4,86870.867,0.0,0.0,0.0,0.009,482615.977778
1680507,IT,GR,ELEC6,SEACO,0.01,86862.392,4,4,86862.378,0.0,0.0,0.0,0.014,8686239.2
1792019,IT,WA,AIRTR,OILSE,0.09,86847.402,4,4,86847.399,0.0,0.0,0.0,0.003,964971.133333
1670876,IT,FI,PLAST,BASIC,0.18,86824.067,4,4,86824.058,0.0,0.0,0.0,0.009,482355.927778
1750715,IT,CN,MOTO1,POSTT,0.46,86807.174,4,4,86807.168,0.0,0.0,0.0,0.006,188711.247826
1786381,IT,ZA,MACHI,LEAD1,0.48,86806.38,4,4,86806.373,0.0,0.0,0.0,0.007,180846.625
1649537,IT,BG,RUBBE,GLASS,0.29,86805.504,4,4,86805.496,0.0,0.0,0.0,0.008,299329.324138
1795680,IT,WL,FABRI,ELEC2,0.35,86805.48,4,4,86805.474,0.0,0.0,0.0,0.006,248015.657143
1789802,IT,WA,GLASS,RECRE,0.24,86801.744,4,4,86801.739,0.0,0.0,0.0,0.005,361673.933333
1642141,IT,AT,CERAM,RUBBE,0.14,86799.908,4,4,86799.903,0.0,0.0,0.0,0.005,619999.342857
1767095,IT,RU,FURNI,ELEC2,0.28,86795.939,4,4,86795.932,0.0,0.0,0.0,0.007,309985.496429
1744893,IT,US,BUSIN,KEROS,0.89,86795.12,4,4,86795.114,0.0,0.0,0.0,0.006,97522.606742
1741410,IT,US,MOTOR,VEGET,0.13,86791.526,4,4,86791.519,0.0,0.0,0.0,0.007,667627.123077
1664257,IT,EE,BASIC,RUBBE,0.1,86788.442,4,4,86788.437,0.0,0.0,0.0,0.005,867884.42
1727161,IT,RO,LANDT,PUBLI,0.56,86784.766,4,4,86784.762,0.0,0.0,0.0,0.004,154972.796429
1682437,IT,HR,PAPER,RADIO,0.34,86779.724,5,5,86778.715,0.0,1.0,0.0,0.009,255234.482353
1679159,IT,GR,PAPER,COMPU,0.34,86778.954,5,5,86777.945,0.0,1.0,0.0,0.009,255232.217647
1747059,IT,JP,FURNI,PRINT,0.28,86762.389,4,4,86762.382,0.0,0.0,0.0,0.007,309865.675
1746654,IT,JP,COPP1,FURNI,0.22,86761.155,4,4,86761.151,0.0,0.0,0.0,0.004,394368.886364
1723652,IT,PT,MACHI,VEGET,0.48,86752.635,4,4,86752.628,0.0,0.0,0.0,0.007,180734.65625
1675092,IT,FR,ALUM1,WASTE,0.15,86743.225,4,4,86743.218,0.0,0.0,0.0,0.007,578288.166667
1749899,IT,CN,RUBBE,93197,0.29,86741.355,4,4,86741.347,0.0,0.0,0.0,0.008,299108.12069
1765962,IT,RU,CHEM1,MEATC,0.18,86740.502,4,4,86740.493,0.0,0.0,0.0,0.009,481891.677778
1669085,IT,ES,SUPPO,HOTEL,0.62,86738.576,4,4,86738.572,0.0,0.0,0.0,0.004,139900.929032
1788953,IT,WA,HEAVY,LUBRI,0.14,86730.554,4,4,86730.547,0.0,0.0,0.0,0.007,619503.957143
1659097,IT,DE,ELEC5,DISTR,1.05,86728.748,4,4,86728.743,0.0,0.0,0.0,0.005,82598.807619
1650236,IT,BG,FURNI,RETA1,0.28,86724.092,4,4,86724.085,0.0,0.0,0.0,0.007,309728.9
1724365,IT,PT,SEACO,FURNI,0.09,86721.953,4,4,86721.951,0.0,0.0,0.0,0.002,963577.255556
1756122,IT,KR,FABRI,RESEA,0.35,86716.681,4,4,86716.675,0.0,0.0,0.0,0.006,247761.945714
1674418,IT,FR,CHEM1,WOOD1,0.18,86716.215,4,4,86716.206,0.0,0.0,0.0,0.009,481756.75
1668602,IT,ES,HOTEL,93197,0.63,86711.618,4,4,86711.611,0.0,0.0,0.0,0.007,137637.488889
1758274,IT,BR,ALUM1,PAPER,0.15,86708.116,4,4,86708.109,0.0,0.0,0.0,0.007,578054.106667
1657506,IT,DE,RUBBE,INERT,0.29,86701.804,4,4,86701.796,0.0,0.0,0.0,0.008,298971.737931
1788949,IT,WA,HEAVY,REFI1,0.14,86701.068,4,4,86701.061,0.0,0.0,0.0,0.007,619293.342857
1810931,IT,WM,GASDI,MEATC,0.13,86697.716,4,4,86697.709,0.0,0.0,0.0,0.007,666905.507692
1809593,IT,WM,VEGE1,SUPPO,0.27,86687.563,5,5,86686.544,0.0,1.0,0.0,0.019,321065.048148
1665463,IT,ES,WEARI,BEVER,0.65,86682.737,4,4,86682.721,0.0,0.0,0.0,0.016,133358.056923
1667959,IT,ES,TRANS,WOODW,0.52,86676.851,4,4,86676.846,0.0,0.0,0.0,0.005,166686.251923
1741733,IT,US,NAPHT,BIODI,0.15,86673.374,4,4,86673.368,0.0,0.0,0.0,0.006,577822.493333
1671995,IT,FI,LANDT,BUSIN,0.56,86658.54,4,4,86658.536,0.0,0.0,0.0,0.004,154747.392857
1659107,IT,DE,ELEC6,RUBBE,0.01,86655.971,4,4,86655.957,0.0,0.0,0.0,0.014,8665597.1
1725944,IT,RO,NFERT,GLASS,0.02,86649.853,4,4,86649.846,0.0,0.0,0.0,0.007,4332492.65
1747268,IT,JP,WHOLE,HEAVY,0.75,86647.017,4,4,86647.012,0.0,0.0,0.0,0.005,115529.356
1810630,IT,WM,COKEO,MOTOR,0.01,86645.155,3,3,86645.155,0.0,0.0,0.0,0.0,8664515.5
1759809,IT,BR,BUSIN,RESEA,0.89,86644.844,4,4,86644.838,0.0,0.0,0.0,0.006,97353.757303
1763385,IT,MX,PRINT,WHOLE,0.83,86643.709,4,4,86643.702,0.0,0.0,0.0,0.007,104390.010843
1761402,IT,IN,NONME,OFFIC,0.18,86643.36,4,4,86643.35,0.0,0.0,0.0,0.01,481352.0
1763974,IT,MX,PREC1,FURNI,0.15,86630.635,4,4,86630.631,0.0,0.0,0.0,0.004,577537.566667
1682996,IT,HR,CHEM1,WEARI,0.18,86629.731,4,4,86629.722,0.0,0.0,0.0,0.009,481276.283333
1658822,IT,DE,MOTO1,ELEC5,0.46,86626.44,4,4,86626.434,0.0,0.0,0.0,0.006,188318.347826
1791395,IT,WA,WHOLE,PADDY,0.75,86620.728,4,4,86620.723,0.0,0.0,0.0,0.005,115494.304
1763078,IT,MX,TEXTI,LANDT,0.51,86612.829,4,4,86612.818,0.0,0.0,0.0,0.011,169829.076471
1660107,IT,DE,AIRTR,SEACO,0.09,86603.967,4,4,86603.964,0.0,0.0,0.0,0.003,962266.3
1809533,IT,WM,MEAT4,HEALT,0.48,86602.845,4,4,86602.839,0.0,0.0,0.0,0.006,180422.59375
1802964,IT,WF,WHEAT,BEVER,0.07,86601.187,5,5,86600.185,0.0,1.0,0.0,0.002,1237159.814286
1709522,IT,LT,LEATH,RAILW,0.62,86600.085,5,5,86599.07,0.0,1.0,0.0,0.015,139677.556452
1682709,IT,HR,GASDI,WOODW,0.13,86597.993,4,4,86597.986,0.0,0.0,0.0,0.007,666138.407692
1803038,IT,WF,CEREA,CRUDE,0.14,86589.401,5,5,86588.396,0.0,1.0,0.0,0.005,618495.721429
1652187,IT,CZ,DAIRY,FOOD5,0.35,86586.174,5,5,86585.168,0.0,1.0,0.0,0.006,247389.068571
1730360,IT,SE,SUPPO,SEACO,0.62,86579.572,4,4,86579.568,0.0,0.0,0.0,0.004,139644.470968
1722984,IT,PT,LUBRI,LANDT,0.11,86577.48,4,4,86577.476,0.0,0.0,0.0,0.004,787068.0
1676216,IT,FR,CONST,REALE,0.48,86577.394,4,4,86577.389,0.0,0.0,0.0,0.005,180369.570833
1783377,IT,NO,PLAS1,WHOLE,0.31,86568.983,4,4,86568.977,0.0,0.0,0.0,0.006,279254.783871
1786230,IT,ZA,COPP1,MACHI,0.22,86555.978,4,4,86555.974,0.0,0.0,0.0,0.004,393436.263636
1665497,IT,ES,WEARI,FURNI,0.65,86544.513,4,4,86544.497,0.0,0.0,0.0,0.016,133145.404615
1719275,IT,PL,CHEM1,LEAD1,0.18,86533.897,4,4,86533.888,0.0,0.0,0.0,0.009,480743.872222
1738912,IT,GB,FURNI,FURNI,0.28,86526.637,4,4,86526.63,0.0,0.0,0.0,0.007,309023.703571
1781012,IT,TW,BUSIN,DISTR,0.89,86522.853,4,4,86522.847,0.0,0.0,0.0,0.006,97216.688764
1803403,IT,WF,CHEMI,PUBLI,0.21,86519.695,5,5,86515.687,0.0,0.0,4.0,0.008,411998.547619
1710763,IT,LU,TOBAC,RUBBE,0.34,86516.398,4,4,86516.393,0.0,0.0,0.0,0.005,254459.994118
1764327,IT,MX,OFFIC,TRANS,0.27,86515.443,4,4,86515.437,0.0,0.0,0.0,0.006,320427.566667
1790498,IT,WA,COPP1,FOUND,0.22,86508.948,4,4,86508.944,0.0,0.0,0.0,0.004,393222.490909
1675383,IT,FR,MACHI,BIODI,0.48,86493.92,4,4,86493.913,0.0,0.0,0.0,0.007,180195.666667
1673048,IT,FR,FOOD5,PRINT,0.42,86489.93,4,4,86489.922,0.0,0.0,0.0,0.008,205928.404762
1751442,IT,CN,AIRTR,PULP5,0.09,86486.892,4,4,86486.889,0.0,0.0,0.0,0.003,960965.466667
1645383,IT,BE,HEAVY,CEMEN,0.14,86476.29,4,4,86476.283,0.0,0.0,0.0,0.007,617687.785714
1776411,IT,TR,PRINT,COMPU,0.83,86473.976,4,4,86473.969,0.0,0.0,0.0,0.007,104185.513253
1773182,IT,CH,FABRI,MEATP,0.35,86468.908,4,4,86468.902,0.0,0.0,0.0,0.006,247054.022857
1807504,IT,WF,RENTI,NONFE,0.52,86468.766,4,4,86468.761,0.0,0.0,0.0,0.005,166286.088462
1780511,IT,TW,POSTT,CONST,1.42,86466.086,4,4,86466.079,0.0,0.0,0.0,0.007,60891.609859
1797314,IT,WL,AUXIL,FINAN,1.58,86462.543,4,4,86462.539,0.0,0.0,0.0,0.004,54723.128481
1741391,IT,US,PRINT,INSUR,0.83,86461.663,4,4,86461.656,0.0,0.0,0.0,0.007,104170.678313
1670997,IT,FI,CHEM1,PAPE4,0.18,86459.561,4,4,86459.552,0.0,0.0,0.0,0.009,480330.894444
1814282,IT,WM,POSTT,SUPPO,1.42,86455.507,4,4,86455.5,0.0,0.0,0.0,0.007,60884.159859
1731966,IT,SI,MOTOR,FOOD4,0.13,86446.378,4,4,86446.371,0.0,0.0,0.0,0.007,664972.138462
1759692,IT,BR,BUSIN,SUGAR,0.89,86434.418,4,4,86434.412,0.0,0.0,0.0,0.006,97117.323596
1753416,IT,CA,FABRI,FORES,0.35,86432.262,4,4,86432.256,0.0,0.0,0.0,0.006,246949.32
1745865,IT,JP,LEATH,ELECT,0.62,86430.372,5,5,86429.357,0.0,1.0,0.0,0.015,139403.825806
1768720,IT,AU,WEARI,NATUR,0.65,86426.104,4,4,86426.088,0.0,0.0,0.0,0.016,132963.236923
1720574,IT,PL,OFFIC,SUPPO,0.27,86423.869,4,4,86423.863,0.0,0.0,0.0,0.006,320088.403704
1644125,IT,AT,PLAS1,BASIC,0.31,86423.754,4,4,86423.748,0.0,0.0,0.0,0.006,278786.303226
1711227,IT,LU,MACHI,HOTEL,0.48,86422.409,4,4,86422.402,0.0,0.0,0.0,0.007,180046.685417
1661610,IT,DK,BEVER,RECRE,0.37,86422.27,4,4,86422.264,0.0,0.0,0.0,0.006,233573.702703
1798610,IT,WE,MEAT1,CRUDE,0.4,86411.598,4,4,86411.587,0.0,0.0,0.0,0.011,216028.995
1660653,IT,DE,REALE,REALE,3.65,86407.695,4,4,86407.689,0.0,0.0,0.0,0.006,23673.341096
1643550,IT,AT,SEACO,CHEM1,0.09,86406.178,3,3,86406.178,0.0,0.0,0.0,0.0,960068.644444
1768071,IT,RU,BUSIN,OFFIC,0.89,86398.156,4,4,86398.15,0.0,0.0,0.0,0.006,97076.579775
1720826,IT,PL,FURNI,MACHI,0.28,86393.094,4,4,86393.087,0.0,0.0,0.0,0.007,308546.764286
1716650,IT,NL,WHOLE,CEREA,0.75,86391.089,4,4,86391.084,0.0,0.0,0.0,0.005,115188.118667
1722628,IT,PT,TEXTI,FABRI,0.51,86383.586,4,4,86383.575,0.0,0.0,0.0,0.011,169379.580392
1717079,IT,NL,LANDT,HEALT,0.56,86378.191,4,4,86378.187,0.0,0.0,0.0,0.004,154246.769643
1715229,IT,NL,WOODW,PUBLI,0.24,86363.649,5,5,86362.643,0.0,1.0,0.0,0.006,359848.5375
1667861,IT,ES,OFFIC,INERT,0.27,86354.061,4,4,86354.055,0.0,0.0,0.0,0.006,319829.855556
1790317,IT,WA,ALUM1,NFERT,0.15,86353.767,4,4,86353.76,0.0,0.0,0.0,0.007,575691.78
1751902,IT,CN,COMPU,RUBBE,0.99,86350.756,4,4,86350.751,0.0,0.0,0.0,0.005,87222.985859
1651747,IT,CY,MACHI,SALEM,0.48,86345.331,4,4,86345.324,0.0,0.0,0.0,0.007,179886.10625
1749940,IT,CN,GLASS,SALEM,0.24,86339.153,4,4,86339.148,0.0,0.0,0.0,0.005,359746.470833
1755716,IT,KR,GLASS,NATUR,0.24,86336.17,4,4,86336.165,0.0,0.0,0.0,0.005,359734.041667
1725429,IT,RO,TEXTI,INTER,0.51,86333.016,4,4,86333.005,0.0,0.0,0.0,0.011,169280.423529
1688936,IT,IE,FABRI,FABRI,0.35,86322.044,4,4,86322.038,0.0,0.0,0.0,0.006,246634.411429
1753644,IT,CA,OFFIC,WHOLE,0.27,86317.311,4,4,86317.305,0.0,0.0,0.0,0.006,319693.744444
1662328,IT,DK,BASIC,CRUDE,0.1,86314.612,4,4,86314.607,0.0,0.0,0.0,0.005,863146.12
1806206,IT,WF,MACHI,IRONO,0.48,86314.557,4,4,86314.55,0.0,0.0,0.0,0.007,179821.99375
1649694,IT,BG,NONME,RUBBE,0.17,86304.898,4,4,86304.889,0.0,0.0,0.0,0.009,507675.870588
1809102,IT,WM,CROPS,MOTOR,0.68,86300.422,4,4,86300.417,0.0,0.0,0.0,0.005,126912.385294
1679625,IT,GR,GLASS,DAIRY,0.24,86290.052,4,4,86290.047,0.0,0.0,0.0,0.005,359541.883333
1740962,IT,US,FOOD5,FOOD3,0.41,86285.645,4,4,86285.637,0.0,0.0,0.0,0.008,210452.792683
1673150,IT,FR,BEVER,PAPER,0.37,86281.771,4,4,86281.765,0.0,0.0,0.0,0.006,233193.975676
1803815,IT,WF,TEXTI,CHEM1,0.51,86279.914,4,4,86279.903,0.0,0.0,0.0,0.011,169176.301961
1730782,IT,SE,BUSIN,CEMEN,0.89,86269.505,4,4,86269.499,0.0,0.0,0.0,0.006,96932.02809
1673545,IT,FR,LEATH,AUXIL,0.62,86266.272,5,5,86265.257,0.0,1.0,0.0,0.015,139139.148387
1689527,IT,IE,SEACO,MOTOR,0.09,86263.347,3,3,86263.347,0.0,0.0,0.0,0.0,958481.633333
1777851,IT,TR,FABRI,TRAN2,0.35,86251.436,4,4,86251.43,0.0,0.0,0.0,0.006,246432.674286
1757612,IT,BR,GASDI,RETA1,0.13,86248.843,4,4,86248.836,0.0,0.0,0.0,0.007,663452.638462
1781923,IT,NO,CHEM1,HOTEL,0.18,86246.504,4,4,86246.495,0.0,0.0,0.0,0.009,479147.244444
1756748,IT,KR,AIRTR,WEARI,0.09,86235.397,4,4,86235.394,0.0,0.0,0.0,0.003,958171.077778
1810088,IT,WM,TEXTI,RETAI,0.51,86222.879,4,4,86222.868,0.0,0.0,0.0,0.011,169064.468627
1776574,IT,TR,GASDI,ANIMA,0.13,86221.431,4,4,86221.424,0.0,0.0,0.0,0.007,663241.776923
1726220,IT,RO,NONME,GASDI,0.17,86219.486,4,4,86219.477,0.0,0.0,0.0,0.009,507173.447059
1658252,IT,DE,COPP1,PULP5,0.22,86215.755,4,4,86215.751,0.0,0.0,0.0,0.004,391889.795455
1663052,IT,DK,HOTEL,REALE,0.62,86215.307,4,4,86215.301,0.0,0.0,0.0,0.006,139056.946774
1729241,IT,SE,CERAM,RESEA,0.13,86205.837,4,4,86205.832,0.0,0.0,0.0,0.005,663121.823077
1739601,IT,GB,SEACO,ALUM1,0.09,86197.613,3,3,86197.613,0.0,0.0,0.0,0.0,957751.255556
1760906,IT,IN,GASDI,EDUCA,0.13,86194.023,4,4,86194.016,0.0,0.0,0.0,0.007,663030.946154
1775203,IT,CH,RESEA,COLLE,0.47,86191.257,4,4,86191.251,0.0,0.0,0.0,0.006,183385.653191
1722475,IT,PT,DAIRY,HEALT,0.35,86190.577,5,5,86189.571,0.0,1.0,0.0,0.006,246258.791429
1690246,IT,IE,HEALT,LANDT,0.45,86187.396,4,4,86187.393,0.0,0.0,0.0,0.003,191527.546667
1716525,IT,NL,MOTO1,FURNI,0.46,86174.469,4,4,86174.463,0.0,0.0,0.0,0.006,187335.802174
1753397,IT,CA,COPP1,ELECT,0.22,86168.814,4,4,86168.81,0.0,0.0,0.0,0.004,391676.427273
1761167,IT,IN,CHEM1,COLLE,0.18,86166.46,4,4,86166.451,0.0,0.0,0.0,0.009,478702.555556
1777482,IT,TR,BASIC,MOTOR,0.1,86165.022,4,4,86165.017,0.0,0.0,0.0,0.005,861650.22
1767481,IT,RU,SEACO,PULP5,0.09,86162.078,3,3,86162.078,0.0,0.0,0.0,0.0,957356.422222
1662629,IT,DK,MACHI,CRUDE,0.48,86159.929,4,4,86159.922,0.0,0.0,0.0,0.007,179499.852083
1765790,IT,RU,MOTOR,ALUM1,0.13,86157.144,4,4,86157.137,0.0,0.0,0.0,0.007,662747.261538
1715390,IT,NL,PRINT,REALE,0.83,86155.439,4,4,86155.432,0.0,0.0,0.0,0.007,103801.733735
1722986,IT,PT,BITU1,KEROS,0.14,86152.047,4,4,86152.04,0.0,0.0,0.0,0.007,615371.764286
1673190,IT,FR,BEVER,SUPPO,0.37,86149.295,4,4,86149.289,0.0,0.0,0.0,0.006,232835.932432
1787474,IT,WA,SANDC,ANIMA,0.2,86144.131,5,5,86125.128,0.0,0.0,19.0,0.003,430720.655
1722504,IT,PT,FOOD5,LEATH,0.41,86138.22,4,4,86138.212,0.0,0.0,0.0,0.008,210093.219512
1787592,IT,WA,MEATP,CHEM1,0.35,86136.382,4,4,86136.373,0.0,0.0,0.0,0.009,246103.948571
1729352,IT,SE,BASIC,POULT,0.1,86135.193,4,4,86135.188,0.0,0.0,0.0,0.005,861351.93
1664309,IT,EE,COPP1,CONST,0.22,86131.376,4,4,86131.372,0.0,0.0,0.0,0.004,391506.254545
1674870,IT,FR,NONME,ELEC8,0.17,86129.523,4,4,86129.514,0.0,0.0,0.0,0.009,506644.252941
1800900,IT,WE,PREC1,NFERT,0.15,86129.189,4,4,86129.185,0.0,0.0,0.0,0.004,574194.593333
1661284,IT,DK,OILSE,HEALT,0.06,86127.898,5,5,86126.894,0.0,1.0,0.0,0.004,1435464.966667
1678790,IT,GR,FOOD5,STEAM,0.41,86121.178,4,4,86121.17,0.0,0.0,0.0,0.008,210051.653659
1653739,IT,CZ,COPP1,BIOGA,0.22,86113.329,4,4,86113.325,0.0,0.0,0.0,0.004,391424.222727
1655522,IT,DE,CRUDE,93197,0.17,86095.405,4,4,86095.398,0.0,0.0,0.0,0.007,506443.558824
1805429,IT,WF,GLASS,NATUR,0.24,86094.041,4,4,86094.036,0.0,0.0,0.0,0.005,358725.170833
1805258,IT,WF,CHEM1,INSUR,0.18,86092.8,4,4,86092.791,0.0,0.0,0.0,0.009,478293.333333
1684738,IT,HU,VEGET,RETA1,0.3,86088.993,4,4,86088.99,0.0,0.0,0.0,0.003,286963.31
1758100,IT,BR,GLASS,FURNI,0.24,86088.629,4,4,86088.624,0.0,0.0,0.0,0.005,358702.620833
1804548,IT,WF,GASDI,PRIVA,0.13,86072.075,4,4,86072.068,0.0,0.0,0.0,0.007,662092.884615
1780864,IT,TW,COMPU,RECRE,0.98,86071.398,4,4,86071.393,0.0,0.0,0.0,0.005,87827.957143
1789103,IT,WA,PARAF,CHEM1,0.14,86060.563,4,4,86060.557,0.0,0.0,0.0,0.006,614718.307143
1679375,IT,GR,PLAST,MEDIC,0.18,86060.267,4,4,86060.258,0.0,0.0,0.0,0.009,478112.594444
1798336,IT,WE,CROPS,EDUCA,0.68,86050.7,4,4,86050.695,0.0,0.0,0.0,0.005,126545.147059
1754081,IT,CA,AIRTR,TEXTI,0.09,86045.798,4,4,86045.795,0.0,0.0,0.0,0.003,956064.422222
1751607,IT,CN,POSTT,LANDT,1.42,86044.163,4,4,86044.156,0.0,0.0,0.0,0.007,60594.480986
1761788,IT,IN,MACHI,SALEM,0.48,86040.594,4,4,86040.587,0.0,0.0,0.0,0.007,179251.2375
1652872,IT,CZ,COALT,NFERT,0.14,86037.364,4,4,86037.359,0.0,0.0,0.0,0.005,614552.6
1656907,IT,DE,LIQUE,WHEAT,0.15,86033.771,4,4,86033.764,0.0,0.0,0.0,0.007,573558.473333
1659038,IT,DE,ELEC2,COMPU,0.02,86030.94,4,4,86030.931,0.0,0.0,0.0,0.009,4301547.0
1729201,IT,SE,CERAM,WEARI,0.13,86030.569,4,4,86030.564,0.0,0.0,0.0,0.005,661773.607692
1727359,IT,RO,POSTT,PUBLI,1.42,86029.713,4,4,86029.706,0.0,0.0,0.0,0.007,60584.30493
1721093,IT,PL,HOTEL,HEALT,0.62,86019.032,4,4,86019.026,0.0,0.0,0.0,0.006,138740.374194
1720831,IT,PL,FURNI,FURNI,0.27,85996.749,4,4,85996.742,0.0,0.0,0.0,0.007,318506.477778
1744783,IT,US,RESEA,NONME,0.47,85995.581,4,4,85995.575,0.0,0.0,0.0,0.006,182969.321277
1646436,IT,BE,MACHI,CHEMI,0.48,85995.415,4,4,85995.408,0.0,0.0,0.0,0.007,179157.114583
1654274,IT,CZ,FURNI,HOTEL,0.27,85991.197,4,4,85991.19,0.0,0.0,0.0,0.007,318485.914815
1799238,IT,WE,LEATH,LEATH,0.62,85988.666,5,5,85987.651,0.0,1.0,0.0,0.015,138691.396774
1777746,IT,TR,NONF1,RADIO,0.02,85987.977,3,3,85987.977,0.0,0.0,0.0,0.0,4299398.85
1646657,IT,BE,FURNI,PULP5,0.27,85981.78,4,4,85981.773,0.0,0.0,0.0,0.007,318451.037037
1789348,IT,WA,CHEM1,SUGA1,0.18,85980.93,4,4,85980.921,0.0,0.0,0.0,0.009,477671.833333
1811043,IT,WM,HEAVY,FISH5,0.14,85979.439,4,4,85979.432,0.0,0.0,0.0,0.007,614138.85
1766621,IT,RU,FABRI,TOBAC,0.35,85966.589,4,4,85966.583,0.0,0.0,0.0,0.006,245618.825714
1744117,IT,US,SUPPO,FOUND,0.62,85965.833,4,4,85965.829,0.0,0.0,0.0,0.004,138654.569355
1799859,IT,WE,GASDI,ADDIT,0.13,85960.398,4,4,85960.391,0.0,0.0,0.0,0.007,661233.830769
1739846,IT,GB,FINAN,NUCLE,1.12,85959.84,4,4,85959.838,0.0,0.0,0.0,0.002,76749.857143
1804576,IT,WF,HEAVY,LEADZ,0.14,85959.779,4,4,85959.772,0.0,0.0,0.0,0.007,613998.421429
1784626,IT,ID,MACHI,HOTEL,0.48,85958.624,4,4,85958.617,0.0,0.0,0.0,0.007,179080.466667
1717998,IT,PL,CHEMI,BITUM,0.2,85947.385,5,5,85943.377,0.0,0.0,4.0,0.008,429736.925
1770249,IT,AU,HOTEL,HEAVY,0.62,85941.787,4,4,85941.781,0.0,0.0,0.0,0.006,138615.785484
1799577,IT,WE,PRINT,RESEA,0.82,85941.201,4,4,85941.194,0.0,0.0,0.0,0.007,104806.342683
1676404,IT,FR,WHOLE,FINAN,0.74,85939.959,4,4,85939.954,0.0,0.0,0.0,0.005,116135.07973
1666178,IT,ES,GASDI,MEMBE,0.13,85939.892,4,4,85939.885,0.0,0.0,0.0,0.007,661076.092308
1641409,IT,AT,GASDI,POULT,0.13,85933.792,4,4,85933.785,0.0,0.0,0.0,0.007,661029.169231
1811112,IT,WM,LIQUE,ELEC2,0.15,85932.316,4,4,85932.309,0.0,0.0,0.0,0.007,572882.106667
1813248,IT,WM,TRANS,KEROS,0.51,85931.352,4,4,85931.347,0.0,0.0,0.0,0.005,168492.847059
1677862,IT,FR,BUSIN,WEARI,0.88,85929.45,4,4,85929.444,0.0,0.0,0.0,0.006,97647.102273
1687173,IT,HU,FURNI,AIRTR,0.27,85927.432,4,4,85927.425,0.0,0.0,0.0,0.007,318249.748148
1785156,IT,ZA,FOOD5,WOOLS,0.41,85915.976,4,4,85915.968,0.0,0.0,0.0,0.008,209551.160976
1646570,IT,BE,OFFIC,AUXIL,0.27,85913.017,4,4,85913.011,0.0,0.0,0.0,0.006,318196.359259
1652758,IT,CZ,PAPER,LANDT,0.33,85912.747,5,5,85911.739,0.0,1.0,0.0,0.008,260341.657576
1686527,IT,HU,ALUM1,SANDC,0.15,85912.216,4,4,85912.209,0.0,0.0,0.0,0.007,572748.106667
1761462,IT,IN,PREC1,PLAST,0.15,85911.566,4,4,85911.562,0.0,0.0,0.0,0.004,572743.773333
1669297,IT,ES,FINAN,CEMEN,1.12,85902.795,4,4,85902.793,0.0,0.0,0.0,0.002,76698.924107
1721185,IT,PL,LANDT,WHEAT,0.55,85902.49,4,4,85902.486,0.0,0.0,0.0,0.004,156186.345455
1795410,IT,WL,BASIC,MEDIC,0.1,85897.11,4,4,85897.105,0.0,0.0,0.0,0.005,858971.1
1795896,IT,WL,OFFIC,LANDT,0.27,85892.34,4,4,85892.334,0.0,0.0,0.0,0.006,318119.777778
1730943,IT,SE,INTER,BUSIN,0.52,85890.055,4,4,85890.049,0.0,0.0,0.0,0.006,165173.182692
1652416,IT,CZ,TEXTI,RADIO,0.51,85889.237,4,4,85889.226,0.0,0.0,0.0,0.011,168410.268627
1716404,IT,NL,MACHI,DISTR,0.48,85882.863,4,4,85882.856,0.0,0.0,0.0,0.007,178922.63125
1777552,IT,TR,PREC1,WOODW,0.15,85880.571,4,4,85880.567,0.0,0.0,0.0,0.004,572537.14
1675457,IT,FR,MACHI,PLAS2,0.48,85870.075,4,4,85870.068,0.0,0.0,0.0,0.007,178895.989583
1679380,IT,GR,PLAST,CONST,0.18,85868.34,4,4,85868.331,0.0,0.0,0.0,0.009,477046.333333
1743179,IT,US,MOTO1,WASTE,0.46,85867.996,4,4,85867.99,0.0,0.0,0.0,0.006,186669.556522
1807730,IT,WF,BUSIN,RECRE,0.88,85867.987,4,4,85867.981,0.0,0.0,0.0,0.006,97577.257955
1795899,IT,WL,OFFIC,FINAN,0.27,85858.023,4,4,85858.017,0.0,0.0,0.0,0.006,317992.677778
1812782,IT,WM,FABRI,PIGS9,0.35,85853.664,4,4,85853.658,0.0,0.0,0.0,0.006,245296.182857
1753627,IT,CA,MACHI,PAPE4,0.48,85853.432,4,4,85853.425,0.0,0.0,0.0,0.007,178861.316667
1808502,IT,WF,FOOD4,REALE,0.62,85839.955,4,4,85839.95,0.0,0.0,0.0,0.005,138451.540323
1655302,IT,DE,CEREA,HOTEL,0.14,85831.276,5,5,85830.271,0.0,1.0,0.0,0.005,613080.542857
1776252,IT,TR,PULP5,RUBBE,0.26,85828.847,4,4,85828.839,0.0,0.0,0.0,0.008,330110.95
1641689,IT,AT,PLAST,PRINT,0.18,85819.273,4,4,85819.264,0.0,0.0,0.0,0.009,476773.738889
1725440,IT,RO,TEXTI,MEMBE,0.51,85819.175,4,4,85819.164,0.0,0.0,0.0,0.011,168272.892157
1794358,IT,WL,MOTOR,MEMBE,0.13,85814.616,4,4,85814.609,0.0,0.0,0.0,0.007,660112.430769
1652488,IT,CZ,WEARI,RUBBE,0.65,85811.455,4,4,85811.439,0.0,0.0,0.0,0.016,132017.623077
1712568,IT,LV,MACHI,MACHI,0.48,85806.216,4,4,85806.209,0.0,0.0,0.0,0.007,178762.95
1653160,IT,CZ,CHEM1,CONST,0.18,85797.814,4,4,85797.805,0.0,0.0,0.0,0.009,476654.522222
1748868,IT,CN,WEARI,COKIN,0.65,85784.521,4,4,85784.505,0.0,0.0,0.0,0.016,131976.186154
1642420,IT,AT,ALUM1,BEVER,0.15,85778.772,4,4,85778.765,0.0,0.0,0.0,0.007,571858.48
1645685,IT,BE,CHEM1,PAPE4,0.18,85778.06,4,4,85778.051,0.0,0.0,0.0,0.009,476544.777778
1712569,IT,LV,MACHI,OFFIC,0.48,85777.94,4,4,85777.933,0.0,0.0,0.0,0.007,178704.041667
1711740,IT,LU,BUSIN,SUPPO,0.88,85774.291,4,4,85774.285,0.0,0.0,0.0,0.006,97470.785227
1773459,IT,CH,OFFIC,COLLE,0.27,85771.018,4,4,85771.012,0.0,0.0,0.0,0.006,317670.437037
1791948,IT,WA,SEACO,MOTOR,0.09,85767.162,3,3,85767.162,0.0,0.0,0.0,0.0,952968.466667
1787890,IT,WA,BEVER,FOOD5,0.36,85761.807,4,4,85761.801,0.0,0.0,0.0,0.006,238227.241667
1812465,IT,WM,PREC1,ELEC6,0.15,85755.018,4,4,85755.014,0.0,0.0,0.0,0.004,571700.12
1810452,IT,WM,PULP5,RETA1,0.26,85734.966,4,4,85734.958,0.0,0.0,0.0,0.008,329749.869231
1664373,IT,EE,FABRI,PUBLI,0.35,85725.582,4,4,85725.576,0.0,0.0,0.0,0.006,244930.234286
1805191,IT,WF,CHEM1,SUGA1,0.18,85723.638,4,4,85723.629,0.0,0.0,0.0,0.009,476242.433333
1809470,IT,WM,CHEMI,MEMBE,0.2,85722.924,5,5,85718.916,0.0,0.0,4.0,0.008,428614.62
1777498,IT,TR,BASIC,PREC1,0.1,85710.304,4,4,85710.299,0.0,0.0,0.0,0.005,857103.04
1812768,IT,WM,NONF1,PUBLI,0.02,85706.149,3,3,85706.149,0.0,0.0,0.0,0.0,4285307.45
1757250,IT,BR,VEGE1,NONME,0.26,85697.809,5,5,85696.79,0.0,1.0,0.0,0.019,329606.957692
1671376,IT,FI,NONF1,FURNI,0.02,85693.946,3,3,85693.946,0.0,0.0,0.0,0.0,4284697.3
1666419,IT,ES,BITU1,NAPHT,0.14,85692.474,4,4,85692.467,0.0,0.0,0.0,0.007,612089.1
1763246,IT,MX,WOODW,RETA1,0.24,85681.023,5,5,85680.017,0.0,1.0,0.0,0.006,357004.2625
1767153,IT,RU,RETAI,PUBLI,0.67,85672.849,4,4,85672.843,0.0,0.0,0.0,0.006,127869.923881
1719961,IT,PL,PREC1,PUBLI,0.15,85656.263,4,4,85656.259,0.0,0.0,0.0,0.004,571041.753333
1784223,IT,ID,PLAST,PLAST,0.18,85655.566,4,4,85655.557,0.0,0.0,0.0,0.009,475864.255556
1766232,IT,RU,GLASS,SALEM,0.24,85654.753,4,4,85654.748,0.0,0.0,0.0,0.005,356894.804167
1689522,IT,IE,SEACO,NATUR,0.09,85645.5,3,3,85645.5,0.0,0.0,0.0,0.0,951616.666667
1676811,IT,FR,LANDT,FOUND,0.55,85644.913,4,4,85644.909,0.0,0.0,0.0,0.004,155718.023636
1784448,IT,ID,BASIC,SALEM,0.1,85639.789,4,4,85639.784,0.0,0.0,0.0,0.005,856397.89
1655950,IT,DE,FOOD5,MEATA,0.41,85636.315,4,4,85636.307,0.0,0.0,0.0,0.008,208869.060976
1662604,IT,DK,FABRI,COMPU,0.35,85635.737,4,4,85635.731,0.0,0.0,0.0,0.006,244673.534286
1792180,IT,WA,SUPPO,SALEM,0.62,85633.486,4,4,85633.482,0.0,0.0,0.0,0.004,138118.525806
1806903,IT,WF,HOTEL,FINAN,0.62,85630.14,4,4,85630.134,0.0,0.0,0.0,0.006,138113.129032
1754993,IT,KR,TEXTI,MEMBE,0.51,85624.228,4,4,85624.217,0.0,0.0,0.0,0.011,167890.643137
1760270,IT,IN,CROPS,RAWMI,0.68,85623.902,4,4,85623.897,0.0,0.0,0.0,0.005,125917.502941
1774627,IT,CH,SEACO,93197,0.09,85623.857,3,3,85623.857,0.0,0.0,0.0,0.0,951376.188889
1807592,IT,WF,COMPU,COMPU,0.98,85620.649,4,4,85620.644,0.0,0.0,0.0,0.005,87368.009184
1646892,IT,BE,WHOLE,GASDI,0.74,85618.464,4,4,85618.459,0.0,0.0,0.0,0.005,115700.627027
1667984,IT,ES,TRANS,RETA1,0.51,85616.334,4,4,85616.329,0.0,0.0,0.0,0.005,167875.164706
1791162,IT,WA,FURNI,RAWMI,0.27,85602.971,4,4,85602.964,0.0,0.0,0.0,0.007,317048.040741
1798213,IT,WE,VEGET,PRINT,0.3,85601.104,4,4,85601.101,0.0,0.0,0.0,0.003,285337.013333
1664227,IT,EE,NONME,WOODW,0.17,85599.772,4,4,85599.763,0.0,0.0,0.0,0.009,503528.070588
1715274,IT,NL,PAPER,CHEM1,0.33,85593.815,5,5,85592.807,0.0,1.0,0.0,0.008,259375.19697
1737151,IT,GB,VEGE1,CHEM1,0.26,85593.535,5,5,85592.516,0.0,1.0,0.0,0.019,329205.903846
1735094,IT,SK,CHEM1,OFFIC,0.18,85589.712,4,4,85589.703,0.0,0.0,0.0,0.009,475498.4
1810633,IT,WM,COKEO,LIQUE,0.01,85588.515,3,3,85588.515,0.0,0.0,0.0,0.0,8558851.5
1742110,IT,US,RUBBE,ELEC1,0.28,85587.056,4,4,85587.048,0.0,0.0,0.0,0.008,305668.057143
1791490,IT,WA,WHOLE,EDUCA,0.74,85582.144,4,4,85582.139,0.0,0.0,0.0,0.005,115651.545946
1715867,IT,NL,RUBBE,HOTEL,0.28,85572.412,4,4,85572.404,0.0,0.0,0.0,0.008,305615.757143
1644232,IT,BE,OILSE,MEDIC,0.06,85572.041,5,5,85571.037,0.0,1.0,0.0,0.004,1426200.683333
1777474,IT,TR,BASIC,FISH5,0.1,85567.954,4,4,85567.949,0.0,0.0,0.0,0.005,855679.54
1656374,IT,DE,WOODW,CERAM,0.24,85562.055,5,5,85561.049,0.0,1.0,0.0,0.006,356508.5625
1648902,IT,BG,TEXTI,BUSIN,0.51,85558.891,4,4,85558.88,0.0,0.0,0.0,0.011,167762.531373
1791643,IT,WA,HOTEL,PFERT,0.62,85552.457,4,4,85552.451,0.0,0.0,0.0,0.006,137987.833871
1655517,IT,DE,CRUDE,LANDT,0.17,85544.345,4,4,85544.338,0.0,0.0,0.0,0.007,503202.029412
1799657,IT,WE,MOTOR,ADDIT,0.13,85544.253,4,4,85544.246,0.0,0.0,0.0,0.007,658032.715385
1722747,IT,PT,PAPER,MEATC,0.33,85541.726,5,5,85540.718,0.0,1.0,0.0,0.008,259217.351515
1802041,IT,WE,WHOLE,RETA1,0.74,85539.943,4,4,85539.938,0.0,0.0,0.0,0.005,115594.517568
1648764,IT,BG,BEVER,MEAT1,0.36,85534.73,4,4,85534.725,0.0,0.0,0.0,0.005,237596.472222
1814253,IT,WM,POSTT,PFERT,1.41,85534.61,4,4,85534.603,0.0,0.0,0.0,0.007,60662.843972
1734509,IT,SK,VEGE1,BEVER,0.26,85531.158,5,5,85530.139,0.0,1.0,0.0,0.019,328965.992308
1755047,IT,KR,WEARI,ELEC3,0.64,85530.35,4,4,85530.334,0.0,0.0,0.0,0.016,133641.171875
1805216,IT,WF,CHEM1,RUBBE,0.18,85519.511,4,4,85519.502,0.0,0.0,0.0,0.009,475108.394444
1642718,IT,AT,MACHI,LEATH,0.48,85507.844,4,4,85507.837,0.0,0.0,0.0,0.007,178141.341667
1667164,IT,ES,BASIC,ELEC8,0.1,85507.822,4,4,85507.817,0.0,0.0,0.0,0.005,855078.22
1811510,IT,WM,NFERT,WHEAT,0.02,85507.777,4,4,85507.77,0.0,0.0,0.0,0.007,4275388.85
1793834,IT,WL,TEXTI,PFERT,0.51,85504.001,4,4,85503.99,0.0,0.0,0.0,0.011,167654.903922
1812078,IT,WM,CERAM,ELECT,0.13,85496.501,4,4,85496.496,0.0,0.0,0.0,0.005,657665.392308
1748434,IT,CN,STONE,SUGAR,0.28,85487.749,5,5,85482.745,0.0,0.0,5.0,0.004,305313.389286
1723715,IT,PT,MACHI,ELEC5,0.48,85485.826,4,4,85485.819,0.0,0.0,0.0,0.007,178095.470833
1771852,IT,CH,WOODW,DISTR,0.24,85483.649,5,5,85482.643,0.0,1.0,0.0,0.006,356181.870833
1645471,IT,BE,PARAF,CHEM1,0.13,85469.053,4,4,85469.047,0.0,0.0,0.0,0.006,657454.253846
1710866,IT,LU,PRINT,AUXIL,0.82,85466.141,4,4,85466.134,0.0,0.0,0.0,0.007,104227.00122
1645495,IT,BE,PLAST,WOODW,0.18,85460.969,4,4,85460.96,0.0,0.0,0.0,0.009,474783.161111
1723462,IT,PT,ALUM1,PRINT,0.15,85459.413,4,4,85459.406,0.0,0.0,0.0,0.007,569729.42
1739160,IT,GB,RETA1,BEVER,0.89,85456.143,4,4,85456.137,0.0,0.0,0.0,0.006,96018.138202
1673900,IT,FR,MOTOR,VEGET,0.13,85456.047,4,4,85456.04,0.0,0.0,0.0,0.007,657354.207692
1759617,IT,BR,COMPU,RECRE,0.98,85455.934,4,4,85455.929,0.0,0.0,0.0,0.005,87199.932653
1747512,IT,JP,SEACO,RENTI,0.09,85437.55,3,3,85437.55,0.0,0.0,0.0,0.0,949306.111111
1746588,IT,JP,PREC1,RUBBE,0.15,85428.012,4,4,85428.008,0.0,0.0,0.0,0.004,569520.08
1640643,IT,AT,BEVER,WHOLE,0.36,85412.244,4,4,85412.239,0.0,0.0,0.0,0.005,237256.233333
1677125,IT,FR,SUPPO,INERT,0.61,85407.783,4,4,85407.779,0.0,0.0,0.0,0.004,140012.759016
1797437,IT,WL,COMPU,REALE,0.98,85406.653,4,4,85406.648,0.0,0.0,0.0,0.005,87149.645918
1649845,IT,BG,ALUM1,WHOLE,0.15,85403.687,4,4,85403.68,0.0,0.0,0.0,0.007,569357.913333
1804924,IT,WF,BITU1,BUSIN,0.13,85399.983,4,4,85399.976,0.0,0.0,0.0,0.007,656922.946154
1668824,IT,ES,TRAN2,HEAVY,0.13,85399.43,4,4,85399.428,0.0,0.0,0.0,0.002,656918.692308
1656455,IT,DE,PULP5,RESEA,0.26,85394.71,4,4,85394.702,0.0,0.0,0.0,0.008,328441.192308
1750718,IT,CN,MOTO1,REALE,0.45,85391.446,4,4,85391.44,0.0,0.0,0.0,0.006,189758.768889
1772850,IT,CH,BASIC,MOTOR,0.1,85372.673,4,4,85372.668,0.0,0.0,0.0,0.005,853726.73
1811073,IT,WM,HEAVY,CEMEN,0.14,85372.4,4,4,85372.393,0.0,0.0,0.0,0.007,609802.857143
1788919,IT,WA,HEAVY,NATUR,0.14,85363.035,4,4,85363.028,0.0,0.0,0.0,0.007,609735.964286
1740786,IT,US,MEAT4,RECRE,0.47,85359.624,4,4,85359.618,0.0,0.0,0.0,0.006,181616.221277
1760988,IT,IN,NAPHT,RENTI,0.14,85358.55,4,4,85358.544,0.0,0.0,0.0,0.006,609703.928571
1789426,IT,WA,CHEM1,AUXIL,0.18,85358.307,4,4,85358.298,0.0,0.0,0.0,0.009,474212.816667
1809754,IT,WM,FOOD5,NATUR,0.41,85356.333,4,4,85356.325,0.0,0.0,0.0,0.008,208186.178049
1688026,IT,HU,RENTI,MEMBE,0.51,85334.683,4,4,85334.678,0.0,0.0,0.0,0.005,167322.907843
1791975,IT,WA,SEACO,FURNI,0.09,85332.623,3,3,85332.623,0.0,0.0,0.0,0.0,948140.255556
1720472,IT,PL,MACHI,STEAM,0.48,85329.048,4,4,85329.041,0.0,0.0,0.0,0.007,177768.85
1727770,IT,RO,BUSIN,CRUDE,0.88,85323.494,4,4,85323.488,0.0,0.0,0.0,0.006,96958.515909
1726069,IT,RO,RUBBE,MEAT1,0.28,85323.335,4,4,85323.327,0.0,0.0,0.0,0.008,304726.196429
1645229,IT,BE,COALT,PLAST,0.14,85316.877,4,4,85316.872,0.0,0.0,0.0,0.005,609406.264286
1768820,IT,AU,LEATH,RUBBE,0.61,85303.342,5,5,85302.327,0.0,1.0,0.0,0.015,139841.544262
1796866,IT,WL,SEACO,PREC1,0.09,85300.871,3,3,85300.871,0.0,0.0,0.0,0.0,947787.455556
1808293,IT,WF,FOOD2,RETA1,0.5,85298.994,4,4,85298.988,0.0,0.0,0.0,0.006,170597.988
1668949,IT,ES,AIRTR,NUCLE,0.09,85284.614,4,4,85284.611,0.0,0.0,0.0,0.003,947606.822222
1675535,IT,FR,MOTO1,CEREA,0.45,85282.582,4,4,85282.576,0.0,0.0,0.0,0.006,189516.848889
1749923,IT,CN,GLASS,BASIC,0.23,85281.708,4,4,85281.703,0.0,0.0,0.0,0.005,370790.034783
1813384,IT,WM,FURNI,MEDIC,0.27,85274.832,4,4,85274.825,0.0,0.0,0.0,0.007,315832.711111
1659820,IT,DE,LANDT,CERAM,0.55,85270.144,4,4,85270.14,0.0,0.0,0.0,0.004,155036.625455
1749619,IT,CN,CHEM1,COKIN,0.18,85268.495,4,4,85268.486,0.0,0.0,0.0,0.009,473713.861111
1680382,IT,GR,ELEC2,MACHI,0.02,85265.052,4,4,85265.043,0.0,0.0,0.0,0.009,4263252.6
1718814,IT,PL,PAPER,ALUM1,0.33,85262.865,5,5,85261.857,0.0,1.0,0.0,0.008,258372.318182
1688511,IT,IE,WOODW,LIQUE,0.24,85262.315,5,5,85261.309,0.0,1.0,0.0,0.006,355259.645833
1766412,IT,RU,BASIC,SECO9,0.1,85258.721,4,4,85258.716,0.0,0.0,0.0,0.005,852587.21
1746486,IT,JP,CERAM,NONME,0.13,85257.737,4,4,85257.732,0.0,0.0,0.0,0.005,655828.746154
1719851,IT,PL,BASIC,FINAN,0.1,85256.328,4,4,85256.323,0.0,0.0,0.0,0.005,852563.28
1656040,IT,DE,BEVER,MEAT1,0.36,85253.191,4,4,85253.186,0.0,0.0,0.0,0.005,236814.419444
1735225,IT,SK,RUBBE,HEALT,0.28,85250.332,4,4,85250.324,0.0,0.0,0.0,0.008,304465.471429
1810726,IT,WM,MOTOR,ELEC6,0.13,85243.462,4,4,85243.455,0.0,0.0,0.0,0.007,655718.938462
1681775,IT,HR,CHEMI,BEVER,0.2,85240.326,5,5,85236.318,0.0,0.0,4.0,0.008,426201.63
1667234,IT,ES,PREC1,ELEC1,0.14,85233.894,4,4,85233.89,0.0,0.0,0.0,0.004,608813.528571
1642478,IT,AT,ALUM1,FOOD2,0.15,85232.524,4,4,85232.517,0.0,0.0,0.0,0.007,568216.826667
1757939,IT,BR,CHEM1,RECRE,0.18,85222.679,4,4,85222.67,0.0,0.0,0.0,0.009,473459.327778
1733749,IT,SI,LANDT,WEARI,0.55,85216.584,4,4,85216.58,0.0,0.0,0.0,0.004,154939.243636
1683235,IT,HR,CERAM,RUBBE,0.13,85203.246,4,4,85203.241,0.0,0.0,0.0,0.005,655409.584615
1662884,IT,DK,WHOLE,FABRI,0.74,85199.952,4,4,85199.947,0.0,0.0,0.0,0.005,115135.07027
1798369,IT,WE,FORES,WEARI,0.74,85198.985,5,5,85165.983,0.0,33.0,0.0,0.002,115133.763514
1670340,IT,FI,VEGE1,BEVER,0.26,85198.818,5,5,85197.799,0.0,1.0,0.0,0.019,327687.761538
1799863,IT,WE,GASDI,BRICK,0.13,85198.312,4,4,85198.305,0.0,0.0,0.0,0.007,655371.630769
1785219,IT,ZA,BEVER,HEALT,0.36,85192.223,4,4,85192.218,0.0,0.0,0.0,0.005,236645.063889
1714113,IT,MT,SEACO,INLAN,0.09,85184.848,3,3,85184.848,0.0,0.0,0.0,0.0,946498.311111
1784236,IT,ID,CHEM1,OILSE,0.18,85183.649,4,4,85183.64,0.0,0.0,0.0,0.009,473242.494444
1733754,IT,SI,LANDT,PRINT,0.55,85168.902,4,4,85168.898,0.0,0.0,0.0,0.004,154852.549091
1713368,IT,MT,GASDI,HEALT,0.13,85167.217,4,4,85167.21,0.0,0.0,0.0,0.007,655132.438462
1647522,IT,BE,SUPPO,FABRI,0.61,85148.401,4,4,85148.397,0.0,0.0,0.0,0.004,139587.542623
1682350,IT,HR,WOODW,FURNI,0.24,85145.914,5,5,85144.908,0.0,1.0,0.0,0.006,354774.641667
1756334,IT,KR,MOTO1,BUSIN,0.45,85135.814,4,4,85135.808,0.0,0.0,0.0,0.006,189190.697778
1717072,IT,NL,LANDT,REALE,0.55,85131.181,4,4,85131.177,0.0,0.0,0.0,0.004,154783.965455
1686352,IT,HU,NONME,REALE,0.17,85129.532,4,4,85129.523,0.0,0.0,0.0,0.009,500761.952941
1802308,IT,WE,LANDT,93197,0.55,85121.665,4,4,85121.661,0.0,0.0,0.0,0.004,154766.663636
1751455,IT,CN,AIRTR,PREC1,0.09,85110.667,4,4,85110.664,0.0,0.0,0.0,0.003,945674.077778
1804133,IT,WF,PAPER,PLAST,0.33,85106.643,5,5,85105.635,0.0,1.0,0.0,0.008,257898.918182
1728428,IT,SE,WEARI,CONST,0.64,85100.467,4,4,85100.451,0.0,0.0,0.0,0.016,132969.479688
1688881,IT,IE,ALUM1,MACHI,0.15,85098.9,4,4,85098.893,0.0,0.0,0.0,0.007,567326.0
1788892,IT,WA,GASDI,POSTT,0.13,85095.261,4,4,85095.254,0.0,0.0,0.0,0.007,654578.930769
1777755,IT,TR,NONF1,RETA1,0.02,85094.667,3,3,85094.667,0.0,0.0,0.0,0.0,4254733.35
1773179,IT,CH,FABRI,SANDC,0.35,85073.321,4,4,85073.315,0.0,0.0,0.0,0.006,243066.631429
1795894,IT,WL,OFFIC,HOTEL,0.26,85072.361,4,4,85072.355,0.0,0.0,0.0,0.006,327201.388462
1777842,IT,TR,FABRI,COLLE,0.35,85066.916,4,4,85066.91,0.0,0.0,0.0,0.006,243048.331429
1659580,IT,DE,HOTEL,TEXTI,0.62,85066.273,4,4,85066.267,0.0,0.0,0.0,0.006,137203.666129
1785218,IT,ZA,BEVER,EDUCA,0.36,85064.58,4,4,85064.575,0.0,0.0,0.0,0.005,236290.5
1733865,IT,SI,SEACO,WOODW,0.09,85063.815,3,3,85063.815,0.0,0.0,0.0,0.0,945153.5
1735589,IT,SK,COPP1,FORES,0.21,85050.323,4,4,85050.319,0.0,0.0,0.0,0.004,405001.538095
1658052,IT,DE,PREC1,ELEC5,0.14,85049.918,4,4,85049.914,0.0,0.0,0.0,0.004,607499.414286
1712998,IT,MT,SANDC,BUSIN,0.2,85044.596,5,5,85025.593,0.0,0.0,19.0,0.003,425222.98
1800643,IT,WE,CERAM,NATUR,0.13,85038.274,4,4,85038.269,0.0,0.0,0.0,0.005,654140.569231
1737519,IT,GB,WOODW,NONME,0.24,85033.509,5,5,85032.503,0.0,1.0,0.0,0.006,354306.2875
1748823,IT,CN,TEXTI,DISTR,0.5,85024.36,4,4,85024.349,0.0,0.0,0.0,0.011,170048.72
1728597,IT,SE,PAPER,POSTT,0.33,85013.983,5,5,85012.975,0.0,1.0,0.0,0.008,257618.130303
1798646,IT,WE,MEAT4,AUXIL,0.47,85013.857,4,4,85013.851,0.0,0.0,0.0,0.006,180880.546809
1809772,IT,WM,FOOD5,TEXTI,0.41,85011.752,4,4,85011.744,0.0,0.0,0.0,0.008,207345.736585
1784565,IT,ID,MACHI,PRECI,0.47,85008.833,4,4,85008.826,0.0,0.0,0.0,0.007,180869.857447
1753260,IT,CA,CEMEN,KEROS,0.14,85006.381,5,5,85005.377,0.0,0.0,1.0,0.004,607188.435714
1774940,IT,CH,INSUR,FINAN,1.75,84991.159,4,4,84991.155,0.0,0.0,0.0,0.004,48566.376571
1811193,IT,WM,NAPHT,RETA1,0.14,84989.527,4,4,84989.521,0.0,0.0,0.0,0.006,607068.05
1775758,IT,TR,CRUDE,NAPHT,0.17,84986.779,4,4,84986.772,0.0,0.0,0.0,0.007,499922.229412
1811392,IT,WM,PLAST,WOOLS,0.18,84985.777,4,4,84985.768,0.0,0.0,0.0,0.009,472143.205556
1719656,IT,PL,CEMEN,FURNI,0.14,84984.582,5,5,84983.578,0.0,0.0,1.0,0.004,607032.728571
1749756,IT,CN,ADDIT,PARAF,0.2,84984.131,5,5,84983.124,0.0,1.0,0.0,0.007,424920.655
1797893,IT,WL,WASTE,CHEM1,0.27,84980.045,4,4,84980.04,0.0,0.0,0.0,0.005,314740.907407
1802377,IT,WE,SEACO,RETA1,0.09,84979.646,3,3,84979.646,0.0,0.0,0.0,0.0,944218.288889
1763443,IT,MX,NONSP,LIQUE,0.11,84975.557,4,4,84975.552,0.0,0.0,0.0,0.005,772505.063636
1811098,IT,WM,HEAVY,INSUR,0.14,84968.541,4,4,84968.534,0.0,0.0,0.0,0.007,606918.15
1653453,IT,CZ,NONME,MOTO1,0.17,84966.491,4,4,84966.482,0.0,0.0,0.0,0.009,499802.888235
1717904,IT,PL,FORES,WOODW,0.74,84957.443,5,5,84924.441,0.0,33.0,0.0,0.002,114807.355405
1758572,IT,BR,OFFIC,HEALT,0.26,84946.249,4,4,84946.243,0.0,0.0,0.0,0.006,326716.342308
1810837,IT,WM,KEROS,ELECT,0.13,84943.611,4,4,84943.604,0.0,0.0,0.0,0.007,653412.392308
1670960,IT,FI,CHEM1,ELEC4,0.18,84939.989,4,4,84939.98,0.0,0.0,0.0,0.009,471888.827778
1792358,IT,WA,FINAN,RETA1,1.11,84938.281,4,4,84938.279,0.0,0.0,0.0,0.002,76520.973874
1670923,IT,FI,CHEM1,PRINT,0.18,84936.245,4,4,84936.236,0.0,0.0,0.0,0.009,471868.027778
1726429,IT,RO,FABRI,PRINT,0.35,84933.962,4,4,84933.956,0.0,0.0,0.0,0.006,242668.462857
1749556,IT,CN,PLAST,CEMEN,0.18,84927.687,4,4,84927.678,0.0,0.0,0.0,0.009,471820.483333
1745486,IT,JP,FOOD5,CHEM1,0.41,84917.916,4,4,84917.908,0.0,0.0,0.0,0.008,207116.868293
1662147,IT,DK,RUBBE,GLASS,0.28,84914.845,4,4,84914.837,0.0,0.0,0.0,0.008,303267.303571
1683654,IT,HR,FABRI,MOTO1,0.35,84909.509,4,4,84909.503,0.0,0.0,0.0,0.006,242598.597143
1740219,IT,GB,BUSIN,BIODI,0.87,84908.59,4,4,84908.584,0.0,0.0,0.0,0.006,97596.08046
1662255,IT,DK,CERAM,FABRI,0.13,84906.621,4,4,84906.616,0.0,0.0,0.0,0.005,653127.853846
1688940,IT,IE,FABRI,TRANS,0.35,84905.498,4,4,84905.492,0.0,0.0,0.0,0.006,242587.137143
1678898,IT,GR,TEXTI,FOOD5,0.5,84896.166,4,4,84896.155,0.0,0.0,0.0,0.011,169792.332
1806772,IT,WF,RETA1,CATTL,0.89,84895.921,4,4,84895.915,0.0,0.0,0.0,0.006,95388.675281
1719567,IT,PL,GLASS,PUBLI,0.23,84888.759,4,4,84888.754,0.0,0.0,0.0,0.005,369081.56087
1805377,IT,WF,RUBBE,BASIC,0.28,84872.799,4,4,84872.791,0.0,0.0,0.0,0.008,303117.139286
1794506,IT,WL,GASDI,INSUR,0.13,84871.554,4,4,84871.547,0.0,0.0,0.0,0.007,652858.107692
1662548,IT,DK,FABRI,MEATP,0.35,84869.79,4,4,84869.784,0.0,0.0,0.0,0.006,242485.114286
1760725,IT,IN,PAPER,POSTT,0.33,84860.992,5,5,84859.984,0.0,1.0,0.0,0.008,257154.521212
1780612,IT,TW,INSUR,FABRI,1.75,84859.682,4,4,84859.678,0.0,0.0,0.0,0.004,48491.246857
1754078,IT,CA,AIRTR,FOOD5,0.09,84850.86,4,4,84850.857,0.0,0.0,0.0,0.003,942787.333333
1664250,IT,EE,BASIC,FORES,0.1,84847.855,4,4,84847.85,0.0,0.0,0.0,0.005,848478.55
1750598,IT,CN,OFFIC,MEDIC,0.26,84842.236,4,4,84842.23,0.0,0.0,0.0,0.006,326316.292308
1734090,IT,SI,INSUR,DIST1,1.75,84842.072,4,4,84842.068,0.0,0.0,0.0,0.004,48481.184
1738739,IT,GB,MACHI,SEWAG,0.47,84840.931,4,4,84840.924,0.0,0.0,0.0,0.007,180512.619149
1679513,IT,GR,CHEM1,COMPU,0.18,84837.413,4,4,84837.404,0.0,0.0,0.0,0.009,471318.961111
1768419,IT,AU,VEGE1,RECRE,0.26,84836.002,5,5,84834.984,0.0,1.0,0.0,0.018,326292.315385
1719486,IT,PL,GLASS,ANIMA,0.23,84831.874,4,4,84831.869,0.0,0.0,0.0,0.005,368834.234783
1682170,IT,HR,TEXTI,PAPE4,0.5,84829.726,4,4,84829.715,0.0,0.0,0.0,0.011,169659.452
1657817,IT,DE,NONME,ELEC3,0.17,84821.39,4,4,84821.381,0.0,0.0,0.0,0.009,498949.352941
1674691,IT,FR,GLASS,RADIO,0.23,84806.222,4,4,84806.217,0.0,0.0,0.0,0.005,368722.704348
1814046,IT,WM,SEACO,MEMBE,0.09,84800.923,3,3,84800.923,0.0,0.0,0.0,0.0,942232.477778
1790397,IT,WA,LEAD1,GASDI,0.15,84798.817,4,4,84798.81,0.0,0.0,0.0,0.007,565325.446667
1651541,IT,CY,RUBBE,CEMEN,0.28,84798.518,4,4,84798.51,0.0,0.0,0.0,0.008,302851.85
1735607,IT,SK,COPP1,NAPHT,0.21,84789.894,4,4,84789.89,0.0,0.0,0.0,0.004,403761.4
1782105,IT,NO,CERAM,WOODW,0.13,84775.01,4,4,84775.005,0.0,0.0,0.0,0.005,652115.461538
1805107,IT,WF,NFERT,PLAST,0.02,84753.409,4,4,84753.402,0.0,0.0,0.0,0.007,4237670.45
1776736,IT,TR,LIQUE,GASDI,0.15,84749.075,4,4,84749.068,0.0,0.0,0.0,0.007,564993.833333
1651526,IT,CY,RUBBE,MEATP,0.28,84748.0,4,4,84747.992,0.0,0.0,0.0,0.008,302671.428571
1662508,IT,DK,COPP1,BASIC,0.21,84744.57,4,4,84744.566,0.0,0.0,0.0,0.004,403545.571429
1757312,IT,BR,FOOD5,EDUCA,0.41,84738.626,4,4,84738.618,0.0,0.0,0.0,0.008,206679.57561
1777801,IT,TR,FABRI,GASDI,0.34,84732.433,4,4,84732.427,0.0,0.0,0.0,0.006,249213.038235
1669135,IT,ES,POSTT,FOOD5,1.4,84716.217,4,4,84716.211,0.0,0.0,0.0,0.006,60511.583571
1683354,IT,HR,NONME,HOTEL,0.17,84715.318,4,4,84715.309,0.0,0.0,0.0,0.009,498325.4
1711561,IT,LU,FINAN,PRINT,1.1,84711.241,4,4,84711.239,0.0,0.0,0.0,0.002,77010.219091
1675892,IT,FR,ELEC2,NONME,0.02,84704.769,4,4,84704.76,0.0,0.0,0.0,0.009,4235238.45
1768729,IT,AU,WEARI,WOODW,0.64,84698.91,4,4,84698.894,0.0,0.0,0.0,0.016,132342.046875
1755148,IT,KR,LEATH,SECO9,0.61,84698.622,5,5,84697.607,0.0,1.0,0.0,0.015,138850.2
1745174,IT,JP,VEGET,BEVER,0.3,84696.866,4,4,84696.863,0.0,0.0,0.0,0.003,282322.886667
1794572,IT,WL,HEAVY,PLAST,0.14,84689.641,4,4,84689.634,0.0,0.0,0.0,0.007,604926.007143
1773465,IT,CH,OFFIC,HOTEL,0.26,84687.409,4,4,84687.403,0.0,0.0,0.0,0.006,325720.803846
1674555,IT,FR,RUBBE,BRICK,0.28,84683.239,4,4,84683.231,0.0,0.0,0.0,0.008,302440.139286
1642106,IT,AT,GLASS,RETA1,0.23,84676.35,4,4,84676.345,0.0,0.0,0.0,0.005,368158.043478
1688014,IT,HU,RENTI,EDUCA,0.51,84674.65,4,4,84674.645,0.0,0.0,0.0,0.005,166028.72549
1809713,IT,WM,PROCE,HEALT,0.57,84672.735,4,4,84672.73,0.0,0.0,0.0,0.005,148548.657895
1767449,IT,RU,LANDT,REALE,0.55,84664.736,4,4,84664.732,0.0,0.0,0.0,0.004,153935.883636
1646040,IT,BE,NONME,RESEA,0.17,84659.958,4,4,84659.949,0.0,0.0,0.0,0.009,497999.752941
1787625,IT,WA,MEAT4,MEAT4,0.47,84655.046,4,4,84655.04,0.0,0.0,0.0,0.006,180117.119149
1657259,IT,DE,CHEM1,ELEC3,0.18,84653.294,4,4,84653.285,0.0,0.0,0.0,0.009,470296.077778
1758317,IT,BR,COPP1,MACHI,0.21,84646.502,4,4,84646.498,0.0,0.0,0.0,0.004,403078.580952
1730850,IT,SE,BUSIN,93197,0.87,84641.252,4,4,84641.246,0.0,0.0,0.0,0.006,97288.795402
1789286,IT,WA,PFERT,MEATA,0.04,84629.268,4,4,84629.254,0.0,0.0,0.0,0.014,2115731.7
1750034,IT,CN,NONME,ELEC4,0.17,84621.186,4,4,84621.177,0.0,0.0,0.0,0.009,497771.682353
1729727,IT,SE,MACHI,BEVER,0.47,84616.928,4,4,84616.921,0.0,0.0,0.0,0.007,180036.017021
1645417,IT,BE,LIQUE,NAPHT,0.15,84612.763,4,4,84612.756,0.0,0.0,0.0,0.007,564085.086667
1653412,IT,CZ,CERAM,BUSIN,0.13,84606.157,4,4,84606.152,0.0,0.0,0.0,0.005,650816.592308
1662090,IT,DK,CHEM1,HOTEL,0.18,84602.739,4,4,84602.73,0.0,0.0,0.0,0.009,470015.216667
1774571,IT,CH,SEACO,GASDI,0.09,84599.435,3,3,84599.435,0.0,0.0,0.0,0.0,939993.722222
1646041,IT,BE,NONME,BUSIN,0.17,84594.768,4,4,84594.759,0.0,0.0,0.0,0.009,497616.282353
1686648,IT,HU,LEAD1,LANDT,0.15,84594.679,4,4,84594.672,0.0,0.0,0.0,0.007,563964.526667
1809542,IT,WM,VEGE1,MEATA,0.26,84592.523,5,5,84591.505,0.0,1.0,0.0,0.018,325355.857692
1750025,IT,CN,NONME,OFFIC,0.17,84592.055,4,4,84592.046,0.0,0.0,0.0,0.009,497600.323529
1646006,IT,BE,NONME,PLAST,0.17,84591.509,4,4,84591.5,0.0,0.0,0.0,0.009,497597.111765
1667595,IT,ES,MACHI,CROPS,0.47,84584.396,4,4,84584.389,0.0,0.0,0.0,0.007,179966.8
1765208,IT,MX,BUSIN,HEALT,0.87,84571.165,4,4,84571.159,0.0,0.0,0.0,0.006,97208.235632
1805704,IT,WF,BASIC,TEXTI,0.1,84567.918,4,4,84567.913,0.0,0.0,0.0,0.005,845679.18
1646812,IT,BE,SALEM,SUPPO,0.68,84561.83,4,4,84561.825,0.0,0.0,0.0,0.005,124355.632353
1732542,IT,SI,RUBBE,ELEC3,0.28,84556.333,4,4,84556.325,0.0,0.0,0.0,0.008,301986.903571
1658133,IT,DE,ALUM1,CERAM,0.15,84555.85,4,4,84555.843,0.0,0.0,0.0,0.007,563705.666667
1650337,IT,BG,ELEC2,PLAST,0.02,84552.264,4,4,84552.255,0.0,0.0,0.0,0.009,4227613.2
1740637,IT,US,CRUDE,BIOGA,0.17,84550.39,4,4,84550.383,0.0,0.0,0.0,0.007,497355.235294
1653963,IT,CZ,MACHI,DAIRY,0.47,84549.603,4,4,84549.596,0.0,0.0,0.0,0.007,179892.77234
1733112,IT,SI,FABRI,CHEM1,0.34,84544.965,4,4,84544.959,0.0,0.0,0.0,0.006,248661.661765
1739123,IT,GB,WHOLE,HOTEL,0.73,84544.057,4,4,84544.052,0.0,0.0,0.0,0.005,115813.776712
1661291,IT,DK,FORES,WOODW,0.74,84543.923,5,5,84510.921,0.0,33.0,0.0,0.002,114248.544595
1756231,IT,KR,MACHI,HOTEL,0.47,84537.804,4,4,84537.797,0.0,0.0,0.0,0.007,179867.668085
1790554,IT,WA,NONF1,BIOGA,0.02,84535.96,3,3,84535.96,0.0,0.0,0.0,0.0,4226798.0
1652109,IT,CZ,CHEMI,GASDI,0.2,84532.279,5,5,84528.271,0.0,0.0,4.0,0.008,422661.395
1654691,IT,CZ,LANDT,DIST1,0.55,84531.931,4,4,84531.927,0.0,0.0,0.0,0.004,153694.42
1740656,IT,US,CRUDE,RESEA,0.17,84528.388,4,4,84528.381,0.0,0.0,0.0,0.007,497225.811765
1727851,IT,RO,BUSIN,EDUCA,0.87,84525.849,4,4,84525.843,0.0,0.0,0.0,0.006,97156.148276
1803818,IT,WF,TEXTI,RUBBE,0.5,84519.545,4,4,84519.534,0.0,0.0,0.0,0.011,169039.09
1671048,IT,FI,RUBBE,GLASS,0.28,84516.186,4,4,84516.178,0.0,0.0,0.0,0.008,301843.521429
1727847,IT,RO,BUSIN,RENTI,0.87,84515.429,4,4,84515.423,0.0,0.0,0.0,0.006,97144.171264
1726012,IT,RO,CHEM1,BLAST,0.18,84507.198,4,4,84507.189,0.0,0.0,0.0,0.009,469484.433333
1798700,IT,WE,DAIRY,PAPER,0.34,84505.87,5,5,84504.864,0.0,1.0,0.0,0.006,248546.676471
1725731,IT,RO,PAPER,RECRE,0.33,84498.181,5,5,84497.173,0.0,1.0,0.0,0.008,256055.093939
1786162,IT,ZA,BASIC,REALE,0.1,84485.981,4,4,84485.976,0.0,0.0,0.0,0.005,844859.81
1803569,IT,WF,DAIRY,REALE,0.34,84479.081,5,5,84478.075,0.0,1.0,0.0,0.006,248467.885294
1763788,IT,MX,CERAM,SANDC,0.13,84464.963,4,4,84464.958,0.0,0.0,0.0,0.005,649730.484615
1645213,IT,BE,COKEO,MEDIC,0.01,84460.623,3,3,84460.623,0.0,0.0,0.0,0.0,8446062.3
1671043,IT,FI,RUBBE,PFERT,0.28,84456.628,4,4,84456.62,0.0,0.0,0.0,0.008,301630.814286
1671965,IT,FI,LANDT,MACHI,0.54,84455.478,4,4,84455.474,0.0,0.0,0.0,0.004,156399.033333
1764852,IT,MX,SEACO,EDUCA,0.09,84452.299,3,3,84452.299,0.0,0.0,0.0,0.0,938358.877778
1667835,IT,ES,OFFIC,INSUR,0.26,84452.297,4,4,84452.291,0.0,0.0,0.0,0.006,324816.526923
1746610,IT,JP,ALUM1,PRINT,0.15,84451.88,4,4,84451.873,0.0,0.0,0.0,0.007,563012.533333
1683798,IT,HR,OFFIC,RADIO,0.26,84449.455,4,4,84449.449,0.0,0.0,0.0,0.006,324805.596154
1811451,IT,WM,PLAST,BASIC,0.18,84443.884,4,4,84443.875,0.0,0.0,0.0,0.009,469132.688889
1749235,IT,CN,PAPER,GASDI,0.33,84440.533,5,5,84439.525,0.0,1.0,0.0,0.008,255880.40303
1784390,IT,ID,GLASS,FURNI,0.23,84435.491,4,4,84435.486,0.0,0.0,0.0,0.005,367110.830435
1718110,IT,PL,VEGE1,RAWMI,0.26,84434.264,5,5,84433.246,0.0,1.0,0.0,0.018,324747.169231
1736299,IT,SK,HOTEL,RAILW,0.61,84428.247,4,4,84428.241,0.0,0.0,0.0,0.006,138406.962295
1811593,IT,WM,CHEM1,ALUMI,0.18,84422.566,4,4,84422.557,0.0,0.0,0.0,0.009,469014.255556
1813421,IT,WM,FURNI,HEALT,0.27,84420.036,4,4,84420.029,0.0,0.0,0.0,0.007,312666.8
1804808,IT,WF,NAPHT,ELECT,0.14,84413.852,4,4,84413.846,0.0,0.0,0.0,0.006,602956.085714
1800021,IT,WE,HEAVY,TRAN2,0.14,84406.118,4,4,84406.111,0.0,0.0,0.0,0.007,602900.842857
1746379,IT,JP,RUBBE,NONME,0.28,84398.477,4,4,84398.469,0.0,0.0,0.0,0.008,301423.132143
1725310,IT,RO,BEVER,WHOLE,0.36,84396.32,4,4,84396.315,0.0,0.0,0.0,0.005,234434.222222
1738444,IT,GB,ALUM1,RENTI,0.15,84395.391,4,4,84395.384,0.0,0.0,0.0,0.007,562635.94
1755631,IT,KR,RUBBE,DAIRY,0.28,84394.395,4,4,84394.387,0.0,0.0,0.0,0.008,301408.553571
1729869,IT,SE,MOTO1,RECRE,0.45,84393.222,4,4,84393.217,0.0,0.0,0.0,0.005,187540.493333
1687032,IT,HU,OFFIC,BUSIN,0.26,84382.063,4,4,84382.057,0.0,0.0,0.0,0.006,324546.396154
1647610,IT,BE,POSTT,WHOLE,1.39,84381.421,4,4,84381.415,0.0,0.0,0.0,0.006,60706.058273
1791489,IT,WA,WHOLE,PUBLI,0.73,84366.211,4,4,84366.206,0.0,0.0,0.0,0.005,115570.152055
1791944,IT,WA,SEACO,WOODW,0.09,84360.763,3,3,84360.763,0.0,0.0,0.0,0.0,937341.811111
1794790,IT,WL,PLAST,KEROS,0.18,84352.68,4,4,84352.671,0.0,0.0,0.0,0.009,468626.0
1738140,IT,GB,GLASS,BIOGA,0.23,84352.136,4,4,84352.131,0.0,0.0,0.0,0.005,366748.417391
1655559,IT,DE,STONE,COLLE,0.27,84347.824,5,5,84342.82,0.0,0.0,5.0,0.004,312399.348148
1802811,IT,WE,PUBLI,WEARI,1.38,84341.376,4,4,84341.37,0.0,0.0,0.0,0.006,61116.93913
1770475,IT,AU,AIRTR,PRINT,0.09,84339.311,4,4,84339.308,0.0,0.0,0.0,0.003,937103.455556
1790196,IT,WA,PREC1,MEAT1,0.14,84330.883,4,4,84330.879,0.0,0.0,0.0,0.004,602363.45
1776106,IT,TR,WEARI,93197,0.64,84330.756,4,4,84330.74,0.0,0.0,0.0,0.016,131766.80625
1673500,IT,FR,LEATH,MEATP,0.6,84327.198,5,5,84326.183,0.0,1.0,0.0,0.015,140545.33
1789784,IT,WA,GLASS,WHOLE,0.23,84325.098,4,4,84325.093,0.0,0.0,0.0,0.005,366630.86087
1653175,IT,CZ,CHEM1,EDUCA,0.18,84318.489,4,4,84318.48,0.0,0.0,0.0,0.009,468436.05
1686461,IT,HU,BASIC,FOOD2,0.1,84317.69,4,4,84317.685,0.0,0.0,0.0,0.005,843176.9
1783397,IT,NO,PLAS1,INERT,0.3,84316.582,4,4,84316.576,0.0,0.0,0.0,0.006,281055.273333
1735684,IT,SK,FABRI,PLAST,0.34,84315.803,4,4,84315.797,0.0,0.0,0.0,0.006,247987.655882
1741671,IT,US,HEAVY,FOUND,0.14,84313.685,4,4,84313.678,0.0,0.0,0.0,0.007,602240.607143
1649094,IT,BG,PAPER,CHEM1,0.33,84304.751,5,5,84303.743,0.0,1.0,0.0,0.008,255468.942424
1789263,IT,WA,PLAST,FOODW,0.18,84304.601,4,4,84304.592,0.0,0.0,0.0,0.009,468358.894444
1674169,IT,FR,LIQUE,CATTL,0.15,84298.189,4,4,84298.182,0.0,0.0,0.0,0.007,561987.926667
1809888,IT,WM,BEVER,KEROS,0.36,84294.534,4,4,84294.529,0.0,0.0,0.0,0.005,234151.483333
1806094,IT,WF,FABRI,PRECI,0.34,84293.676,4,4,84293.67,0.0,0.0,0.0,0.006,247922.576471
1665764,IT,ES,PAPER,TRAN1,0.33,84293.592,5,5,84292.584,0.0,1.0,0.0,0.008,255435.127273
1666640,IT,ES,CHEM1,FOOD1,0.18,84288.275,4,4,84288.266,0.0,0.0,0.0,0.009,468268.194444
1730753,IT,SE,BUSIN,DAIRY,0.87,84278.048,4,4,84278.042,0.0,0.0,0.0,0.006,96871.31954
1713309,IT,MT,MOTOR,AUXIL,0.13,84273.354,4,4,84273.347,0.0,0.0,0.0,0.007,648256.569231
1724364,IT,PT,SEACO,TRANS,0.09,84272.106,3,3,84272.106,0.0,0.0,0.0,0.0,936356.733333
1795669,IT,WL,FABRI,NONF1,0.34,84265.222,4,4,84265.216,0.0,0.0,0.0,0.006,247838.888235
1653625,IT,CZ,ALUM1,TEXTI,0.15,84260.221,4,4,84260.214,0.0,0.0,0.0,0.007,561734.806667
1756383,IT,KR,FURNI,FABRI,0.27,84257.003,4,4,84256.996,0.0,0.0,0.0,0.007,312062.974074
1796565,IT,WL,HOTEL,VEGET,0.61,84248.836,4,4,84248.83,0.0,0.0,0.0,0.006,138112.845902
1718947,IT,PL,PRINT,WHOLE,0.81,84248.163,4,4,84248.157,0.0,0.0,0.0,0.006,104010.077778
1779791,IT,TR,BUSIN,SUPPO,0.87,84244.962,4,4,84244.956,0.0,0.0,0.0,0.006,96833.289655
1774669,IT,CH,AIRTR,LANDT,0.09,84243.438,4,4,84243.435,0.0,0.0,0.0,0.003,936038.2
1644733,IT,BE,BEVER,EDUCA,0.36,84243.009,4,4,84243.004,0.0,0.0,0.0,0.005,234008.358333
1803720,IT,WF,FISH5,PIGS9,0.35,84229.317,4,4,84229.274,0.0,0.0,0.0,0.043,240655.191429
1766721,IT,RU,MACHI,SUGAR,0.47,84225.246,4,4,84225.239,0.0,0.0,0.0,0.007,179202.651064
1732191,IT,SI,GASDI,WASTE,0.13,84222.607,4,4,84222.6,0.0,0.0,0.0,0.007,647866.207692
1686363,IT,HU,BASIC,CEREA,0.1,84222.036,4,4,84222.031,0.0,0.0,0.0,0.005,842220.36
1753760,IT,CA,FURNI,NONF1,0.27,84218.347,4,4,84218.34,0.0,0.0,0.0,0.007,311919.803704
1813428,IT,WM,FURNI,PRIVA,0.27,84218.305,4,4,84218.298,0.0,0.0,0.0,0.007,311919.648148
1680795,IT,GR,HOTEL,93197,0.61,84212.55,4,4,84212.544,0.0,0.0,0.0,0.006,138053.360656
1726057,IT,RO,RUBBE,VEGET,0.28,84212.419,4,4,84212.411,0.0,0.0,0.0,0.008,300758.639286
1750333,IT,CN,FABRI,FISHF,0.34,84204.629,4,4,84204.623,0.0,0.0,0.0,0.006,247660.673529
1787973,IT,WA,TEXTI,PIGS9,0.5,84192.055,4,4,84192.044,0.0,0.0,0.0,0.011,168384.11
1787691,IT,WA,VEGE1,MEAT1,0.26,84189.811,5,5,84188.793,0.0,1.0,0.0,0.018,323806.965385
1670653,IT,FI,LEATH,COMPU,0.6,84170.031,5,5,84169.016,0.0,1.0,0.0,0.015,140283.385
1720806,IT,PL,FURNI,WOODW,0.27,84168.731,4,4,84168.724,0.0,0.0,0.0,0.007,311736.040741
1747187,IT,JP,CONST,WHOLE,0.47,84164.721,4,4,84164.716,0.0,0.0,0.0,0.005,179073.874468
1755163,IT,KR,LEATH,RAILW,0.6,84163.987,5,5,84162.972,0.0,1.0,0.0,0.015,140273.311667
1648657,IT,BG,DAIRY,NONME,0.34,84161.776,5,5,84160.77,0.0,1.0,0.0,0.006,247534.635294
1799879,IT,WE,GASDI,TRANS,0.13,84157.839,4,4,84157.832,0.0,0.0,0.0,0.007,647367.992308
1654679,IT,CZ,LANDT,ELEC1,0.54,84154.801,4,4,84154.797,0.0,0.0,0.0,0.004,155842.224074
1682804,IT,HR,HEAVY,MACHI,0.14,84147.006,4,4,84146.999,0.0,0.0,0.0,0.007,601050.042857
1658302,IT,DE,COPP1,ELEC8,0.21,84145.092,4,4,84145.088,0.0,0.0,0.0,0.004,400690.914286
1746522,IT,JP,NONME,PAPER,0.17,84139.866,4,4,84139.857,0.0,0.0,0.0,0.009,494940.388235
1733047,IT,SI,COPP1,FOUND,0.21,84138.77,4,4,84138.766,0.0,0.0,0.0,0.004,400660.809524
1812967,IT,WM,MACHI,NFERT,0.47,84137.436,4,4,84137.429,0.0,0.0,0.0,0.007,179015.821277
1804472,IT,WF,GASDI,VEGE1,0.13,84129.5,4,4,84129.493,0.0,0.0,0.0,0.007,647150.0
1690423,IT,IE,FOOD4,WHOLE,0.61,84129.08,4,4,84129.075,0.0,0.0,0.0,0.005,137916.52459
1789775,IT,WA,GLASS,MEDIC,0.23,84117.126,4,4,84117.121,0.0,0.0,0.0,0.005,365726.634783
1686350,IT,HU,NONME,LANDT,0.17,84112.005,4,4,84111.996,0.0,0.0,0.0,0.009,494776.5
1756090,IT,KR,FABRI,MEDIC,0.34,84110.543,4,4,84110.537,0.0,0.0,0.0,0.006,247383.95
1728412,IT,SE,WEARI,WEARI,0.63,84108.702,4,4,84108.686,0.0,0.0,0.0,0.016,133505.87619
1720584,IT,PL,OFFIC,PUBLI,0.26,84106.844,4,4,84106.838,0.0,0.0,0.0,0.006,323487.861538
1772052,IT,CH,PRINT,ELEC4,0.81,84100.412,4,4,84100.406,0.0,0.0,0.0,0.006,103827.669136
1759309,IT,BR,POSTT,AUXIL,1.39,84097.006,4,4,84097.0,0.0,0.0,0.0,0.006,60501.443165
1717877,IT,PL,VEGET,REALE,0.3,84095.921,4,4,84095.918,0.0,0.0,0.0,0.003,280319.736667
1791938,IT,WA,SEACO,FOOD5,0.09,84090.559,3,3,84090.559,0.0,0.0,0.0,0.0,934339.544444
1728451,IT,SE,LEATH,WEARI,0.6,84089.429,5,5,84088.414,0.0,1.0,0.0,0.015,140149.048333
1735647,IT,SK,NONF1,FABRI,0.02,84084.923,3,3,84084.923,0.0,0.0,0.0,0.0,4204246.15
1657517,IT,DE,GLASS,CATTL,0.23,84071.483,4,4,84071.478,0.0,0.0,0.0,0.005,365528.186957
1661392,IT,DK,VEGE1,RAWMI,0.26,84067.89,5,5,84066.872,0.0,1.0,0.0,0.018,323338.038462
1642565,IT,AT,NONF1,OFFIC,0.02,84064.986,3,3,84064.986,0.0,0.0,0.0,0.0,4203249.3
1766307,IT,RU,NONME,CRUDE,0.17,84061.312,4,4,84061.303,0.0,0.0,0.0,0.009,494478.305882
1740078,IT,GB,RENTI,FOOD2,0.5,84060.559,4,4,84060.554,0.0,0.0,0.0,0.005,168121.118
1763889,IT,MX,NONME,PUBLI,0.17,84060.323,4,4,84060.314,0.0,0.0,0.0,0.009,494472.488235
1773429,IT,CH,OFFIC,GASDI,0.26,84059.176,4,4,84059.17,0.0,0.0,0.0,0.006,323304.523077
1723624,IT,PT,FABRI,TRAN2,0.34,84056.842,4,4,84056.836,0.0,0.0,0.0,0.006,247226.005882
1775919,IT,TR,FOOD5,DAIRY,0.4,84055.746,4,4,84055.738,0.0,0.0,0.0,0.008,210139.365
1658180,IT,DE,ALUM1,POSTT,0.15,84053.533,4,4,84053.526,0.0,0.0,0.0,0.007,560356.886667
1725122,IT,RO,CHEMI,ELEC1,0.2,84051.2,5,5,84047.192,0.0,0.0,4.0,0.008,420256.0
1644235,IT,BE,OILSE,HOTEL,0.06,84048.356,5,5,84047.352,0.0,1.0,0.0,0.004,1400805.933333
1755056,IT,KR,WEARI,SALEM,0.63,84047.174,4,4,84047.158,0.0,0.0,0.0,0.016,133408.212698
1774552,IT,CH,SEACO,SANDC,0.09,84035.94,3,3,84035.94,0.0,0.0,0.0,0.0,933732.666667
1760425,IT,IN,FOOD5,FOOD5,0.4,84035.224,4,4,84035.216,0.0,0.0,0.0,0.008,210088.06
1763867,IT,MX,NONME,RADIO,0.17,84034.788,4,4,84034.779,0.0,0.0,0.0,0.009,494322.282353
1785314,IT,ZA,LEATH,PAPER,0.6,84033.679,5,5,84032.664,0.0,1.0,0.0,0.015,140056.131667
1729898,IT,SE,TRANS,RENTI,0.5,84032.211,4,4,84032.206,0.0,0.0,0.0,0.005,168064.422
1677705,IT,FR,RENTI,TRANS,0.5,84030.342,4,4,84030.337,0.0,0.0,0.0,0.005,168060.684
1677760,IT,FR,COMPU,PRINT,0.96,84026.928,4,4,84026.923,0.0,0.0,0.0,0.005,87528.05
1745051,IT,US,PUBLI,FOUND,1.38,84026.684,4,4,84026.678,0.0,0.0,0.0,0.006,60888.901449
1720582,IT,PL,OFFIC,RESEA,0.26,84024.47,4,4,84024.464,0.0,0.0,0.0,0.006,323171.038462
1653235,IT,CZ,RUBBE,NFERT,0.28,84023.918,4,4,84023.91,0.0,0.0,0.0,0.008,300085.421429
1720070,IT,PL,ALUM1,COMPU,0.15,84023.667,4,4,84023.66,0.0,0.0,0.0,0.007,560157.78
1794680,IT,WL,NAPHT,RUBBE,0.14,84022.843,4,4,84022.837,0.0,0.0,0.0,0.006,600163.164286
1769682,IT,AU,FABRI,RESEA,0.34,84022.492,4,4,84022.486,0.0,0.0,0.0,0.006,247124.976471
1787534,IT,WA,CHEMI,GLASS,0.2,84017.425,5,5,84013.417,0.0,0.0,4.0,0.008,420087.125
1812847,IT,WM,FABRI,LEAD1,0.34,84011.177,4,4,84011.171,0.0,0.0,0.0,0.006,247091.697059
1788207,IT,WA,LEATH,SUGAR,0.6,84010.638,5,5,84009.623,0.0,1.0,0.0,0.015,140017.73
1676476,IT,FR,RETA1,ELEC3,0.88,84007.004,4,4,84006.999,0.0,0.0,0.0,0.005,95462.504545
1689574,IT,IE,AIRTR,RUBBE,0.09,84003.893,4,4,84003.89,0.0,0.0,0.0,0.003,933376.588889
1725224,IT,RO,FOOD5,DAIRY,0.4,83998.491,4,4,83998.483,0.0,0.0,0.0,0.008,209996.2275
1785528,IT,ZA,MOTOR,RESEA,0.13,83992.324,4,4,83992.317,0.0,0.0,0.0,0.007,646094.8
1645351,IT,BE,GASDI,RENTI,0.13,83987.027,4,4,83987.02,0.0,0.0,0.0,0.007,646054.053846
1716286,IT,NL,FABRI,BEVER,0.34,83973.387,4,4,83973.381,0.0,0.0,0.0,0.006,246980.55
1741059,IT,US,TEXTI,FABRI,0.5,83971.053,4,4,83971.042,0.0,0.0,0.0,0.011,167942.106
1710036,IT,LT,COPP1,STEAM,0.21,83969.72,4,4,83969.716,0.0,0.0,0.0,0.004,399855.809524
1730304,IT,SE,AIRTR,MOTO1,0.09,83960.614,4,4,83960.611,0.0,0.0,0.0,0.003,932895.711111
1774300,IT,CH,HOTEL,PROCE,0.61,83960.0,4,4,83959.994,0.0,0.0,0.0,0.006,137639.344262
1807175,IT,WF,AIRTR,OFFIC,0.09,83956.071,4,4,83956.068,0.0,0.0,0.0,0.003,932845.233333
1773623,IT,CH,TRANS,INLAN,0.5,83954.648,4,4,83954.643,0.0,0.0,0.0,0.005,167909.296
1669704,IT,ES,COMPU,FINAN,0.96,83950.088,4,4,83950.083,0.0,0.0,0.0,0.005,87448.008333
1678776,IT,GR,FOOD5,DAIRY,0.4,83949.621,4,4,83949.613,0.0,0.0,0.0,0.008,209874.0525
1719330,IT,PL,CHEM1,PAPE4,0.18,83945.074,4,4,83945.065,0.0,0.0,0.0,0.009,466361.522222
1649184,IT,BG,PRINT,RETA1,0.81,83943.649,4,4,83943.643,0.0,0.0,0.0,0.006,103634.134568
1717312,IT,NL,FINAN,FOOD5,1.09,83939.818,4,4,83939.816,0.0,0.0,0.0,0.002,77009.007339
1777306,IT,TR,GLASS,MEAT1,0.23,83939.31,4,4,83939.305,0.0,0.0,0.0,0.005,364953.521739
1750949,IT,CN,CONST,BUSIN,0.47,83937.381,4,4,83937.377,0.0,0.0,0.0,0.004,178590.17234
1676646,IT,FR,HOTEL,FOOD2,0.61,83936.282,4,4,83936.276,0.0,0.0,0.0,0.006,137600.462295
1802949,IT,WF,WHEAT,COPPE,0.06,83934.457,5,5,83933.455,0.0,1.0,0.0,0.002,1398907.616667
1656027,IT,DE,FOOD5,MEMBE,0.4,83928.963,4,4,83928.955,0.0,0.0,0.0,0.008,209822.4075
1793583,IT,WL,VEGE1,SANDC,0.26,83923.909,5,5,83922.891,0.0,1.0,0.0,0.018,322784.265385
1813745,IT,WM,HOTEL,CHEM1,0.61,83916.374,4,4,83916.368,0.0,0.0,0.0,0.006,137567.82623
1794002,IT,WL,WOODW,SALEM,0.23,83912.915,5,5,83911.909,0.0,1.0,0.0,0.006,364838.76087
1722718,IT,PT,WOODW,FABRI,0.23,83906.38,5,5,83905.374,0.0,1.0,0.0,0.006,364810.347826
1653422,IT,CZ,CEMEN,REALE,0.13,83905.065,5,5,83904.061,0.0,0.0,1.0,0.004,645423.576923
1719006,IT,PL,KEROS,RETA1,0.12,83893.578,4,4,83893.571,0.0,0.0,0.0,0.007,699113.15
1730273,IT,SE,SEACO,FURNI,0.09,83886.197,3,3,83886.197,0.0,0.0,0.0,0.0,932068.855556
1657018,IT,DE,NAPHT,BIODI,0.14,83881.491,4,4,83881.485,0.0,0.0,0.0,0.006,599153.507143
1756344,IT,KR,TRANS,MACHI,0.5,83876.767,4,4,83876.762,0.0,0.0,0.0,0.005,167753.534
1758140,IT,BR,NONME,CEREA,0.17,83873.954,4,4,83873.945,0.0,0.0,0.0,0.009,493376.2
1716984,IT,NL,LANDT,MEATP,0.54,83872.22,4,4,83872.216,0.0,0.0,0.0,0.004,155318.925926
1719143,IT,PL,PLAST,GASDI,0.18,83871.77,4,4,83871.761,0.0,0.0,0.0,0.009,465954.277778
1666996,IT,ES,CEMEN,CHEM1,0.13,83871.355,5,5,83870.351,0.0,0.0,1.0,0.004,645164.269231
1646501,IT,BE,MACHI,TRAN2,0.47,83857.444,4,4,83857.437,0.0,0.0,0.0,0.007,178420.093617
1647679,IT,BE,FINAN,INSUR,1.09,83851.253,4,4,83851.251,0.0,0.0,0.0,0.002,76927.755046
1658092,IT,DE,ALUM1,NATUR,0.15,83833.588,4,4,83833.581,0.0,0.0,0.0,0.007,558890.586667
1646020,IT,BE,NONME,FABRI,0.17,83832.824,4,4,83832.815,0.0,0.0,0.0,0.009,493134.258824
1745044,IT,US,PUBLI,CEMEN,1.37,83827.181,4,4,83827.175,0.0,0.0,0.0,0.006,61187.723358
1717684,IT,NL,BUSIN,FURNI,0.86,83825.337,4,4,83825.331,0.0,0.0,0.0,0.006,97471.322093
1807452,IT,WF,AUXIL,FINAN,1.53,83821.109,4,4,83821.105,0.0,0.0,0.0,0.004,54785.038562
1674131,IT,FR,HEAVY,CHEM1,0.14,83818.42,4,4,83818.413,0.0,0.0,0.0,0.007,598703.0
1669775,IT,ES,BUSIN,BIODI,0.86,83810.86,4,4,83810.854,0.0,0.0,0.0,0.006,97454.488372
1744092,IT,US,SUPPO,TEXTI,0.6,83803.584,4,4,83803.58,0.0,0.0,0.0,0.004,139672.64
1675931,IT,FR,ELEC2,MEMBE,0.02,83798.316,4,4,83798.307,0.0,0.0,0.0,0.009,4189915.8
1785397,IT,ZA,PAPER,PULP5,0.32,83796.361,5,5,83795.353,0.0,1.0,0.0,0.008,261863.628125
1726254,IT,RO,BASIC,LIGNI,0.1,83792.055,4,4,83792.05,0.0,0.0,0.0,0.005,837920.55
1745422,IT,JP,DAIRY,RUBBE,0.34,83791.602,5,5,83790.596,0.0,1.0,0.0,0.006,246445.888235
1690389,IT,IE,WASTE,PUBLI,0.27,83787.568,4,4,83787.563,0.0,0.0,0.0,0.005,310324.325926
1798433,IT,WE,NATUR,PULP5,0.12,83787.499,4,4,83787.494,0.0,0.0,0.0,0.005,698229.158333
1720193,IT,PL,COPP1,COLLE,0.21,83777.899,4,4,83777.895,0.0,0.0,0.0,0.004,398942.37619
1750258,IT,CN,COPP1,OFFIC,0.21,83771.912,4,4,83771.908,0.0,0.0,0.0,0.004,398913.866667
1782917,IT,NO,SEACO,PUBLI,0.09,83770.088,3,3,83770.088,0.0,0.0,0.0,0.0,930778.755556
1770530,IT,AU,AIRTR,93197,0.09,83762.255,4,4,83762.252,0.0,0.0,0.0,0.003,930691.722222
1657322,IT,DE,ADDIT,BITU1,0.19,83755.244,5,5,83754.237,0.0,1.0,0.0,0.007,440817.073684
1739389,IT,GB,RAILW,RESEA,0.56,83755.184,5,5,83754.18,0.0,0.0,1.0,0.004,149562.828571
1729237,IT,SE,CERAM,POSTT,0.13,83752.088,4,4,83752.083,0.0,0.0,0.0,0.005,644246.830769
1672051,IT,FI,AIRTR,AIRTR,0.09,83751.109,4,4,83751.106,0.0,0.0,0.0,0.003,930567.877778
1668447,IT,ES,RETA1,RENTI,0.87,83745.957,4,4,83745.952,0.0,0.0,0.0,0.005,96259.72069
1648904,IT,BG,TEXTI,EDUCA,0.5,83738.179,4,4,83738.168,0.0,0.0,0.0,0.011,167476.358
1647417,IT,BE,AIRTR,BASIC,0.09,83734.837,4,4,83734.834,0.0,0.0,0.0,0.003,930387.077778
1680357,IT,GR,ELEC2,VEGE1,0.02,83721.363,4,4,83721.354,0.0,0.0,0.0,0.009,4186068.15
1656739,IT,DE,MOTOR,RESEA,0.13,83721.0,4,4,83720.993,0.0,0.0,0.0,0.007,644007.692308
1644230,IT,BE,OILSE,ELECT,0.06,83720.676,5,5,83719.672,0.0,1.0,0.0,0.004,1395344.6
1750104,IT,CN,BASIC,COLLE,0.1,83718.358,4,4,83718.353,0.0,0.0,0.0,0.005,837183.58
1644313,IT,BE,FISHF,RESEA,0.14,83709.104,4,4,83709.101,0.0,0.0,0.0,0.003,597922.171429
1804213,IT,WF,PRINT,SALEM,0.8,83700.387,4,4,83700.381,0.0,0.0,0.0,0.006,104625.48375
1641632,IT,AT,BITU1,ELEC4,0.13,83697.851,4,4,83697.844,0.0,0.0,0.0,0.007,643829.623077
1786028,IT,ZA,GLASS,EDUCA,0.23,83695.092,4,4,83695.087,0.0,0.0,0.0,0.005,363891.704348
1742526,IT,US,BASIC,PLAS1,0.1,83694.953,4,4,83694.948,0.0,0.0,0.0,0.005,836949.53
1777500,IT,TR,BASIC,COPP1,0.1,83689.156,4,4,83689.151,0.0,0.0,0.0,0.005,836891.56
1739574,IT,GB,SEACO,BEVER,0.09,83685.591,3,3,83685.591,0.0,0.0,0.0,0.0,929839.9
1786564,IT,ZA,FURNI,RETA1,0.27,83683.547,4,4,83683.54,0.0,0.0,0.0,0.007,309939.062963
1661497,IT,DK,FOOD5,WEARI,0.4,83682.0,4,4,83681.993,0.0,0.0,0.0,0.007,209205.0
1683264,IT,HR,CERAM,BUSIN,0.13,83676.532,4,4,83676.527,0.0,0.0,0.0,0.005,643665.630769
1717923,IT,PL,FISHF,HOTEL,0.14,83674.596,4,4,83674.593,0.0,0.0,0.0,0.003,597675.685714
1773787,IT,CH,ELEC2,SEACO,0.02,83668.865,4,4,83668.856,0.0,0.0,0.0,0.009,4183443.25
1773327,IT,CH,MACHI,CERAM,0.47,83668.811,4,4,83668.804,0.0,0.0,0.0,0.007,178018.746809
1644110,IT,AT,PUBLI,PUBLI,1.37,83664.636,4,4,83664.63,0.0,0.0,0.0,0.006,61069.077372
1687564,IT,HU,LANDT,HOTEL,0.54,83662.002,4,4,83661.998,0.0,0.0,0.0,0.004,154929.633333
1737614,IT,GB,PAPER,CEMEN,0.32,83646.609,5,5,83645.601,0.0,1.0,0.0,0.008,261395.653125
1790591,IT,WA,FABRI,OILSE,0.34,83646.298,4,4,83646.292,0.0,0.0,0.0,0.006,246018.523529
1806907,IT,WF,HOTEL,COMPU,0.61,83643.238,4,4,83643.232,0.0,0.0,0.0,0.006,137120.062295
1727140,IT,RO,LANDT,BLAST,0.54,83642.862,4,4,83642.858,0.0,0.0,0.0,0.004,154894.188889
1766514,IT,RU,COPP1,LIGNI,0.21,83641.011,4,4,83641.007,0.0,0.0,0.0,0.004,398290.528571
1759886,IT,BR,PAPE1,PREC1,0.59,83629.942,4,4,83629.937,0.0,0.0,0.0,0.005,141745.664407
1812804,IT,WM,FABRI,VEGE1,0.34,83623.992,4,4,83623.986,0.0,0.0,0.0,0.006,245952.917647
1713705,IT,MT,FABRI,SUPPO,0.34,83622.119,4,4,83622.113,0.0,0.0,0.0,0.006,245947.408824
1803484,IT,WF,MEAT4,HEALT,0.46,83620.861,4,4,83620.855,0.0,0.0,0.0,0.006,181784.480435
1813587,IT,WM,WHOLE,SALEM,0.72,83614.543,4,4,83614.538,0.0,0.0,0.0,0.005,116131.309722
1770262,IT,AU,HOTEL,BIOGA,0.61,83613.516,4,4,83613.51,0.0,0.0,0.0,0.006,137071.337705
1772706,IT,CH,CERAM,SEACO,0.13,83599.128,4,4,83599.123,0.0,0.0,0.0,0.005,643070.215385
1810166,IT,WM,WEARI,FURNI,0.63,83590.266,4,4,83590.25,0.0,0.0,0.0,0.016,132682.961905
1779990,IT,TW,SALEM,GASDI,0.67,83589.186,4,4,83589.181,0.0,0.0,0.0,0.005,124759.979104
1734976,IT,SK,PARAF,COKEO,0.13,83584.309,4,4,83584.303,0.0,0.0,0.0,0.006,642956.223077
1777848,IT,TR,FABRI,HOTEL,0.34,83577.393,4,4,83577.387,0.0,0.0,0.0,0.006,245815.861765
1745786,IT,JP,WEARI,POSTT,0.63,83576.796,4,4,83576.78,0.0,0.0,0.0,0.016,132661.580952
1656080,IT,DE,BEVER,MOTO1,0.36,83575.629,4,4,83575.624,0.0,0.0,0.0,0.005,232154.525
1673646,IT,FR,WOODW,OILHA,0.23,83571.722,5,5,83570.716,0.0,1.0,0.0,0.006,363355.313043
1659816,IT,DE,LANDT,BIODI,0.54,83569.343,4,4,83569.339,0.0,0.0,0.0,0.004,154758.042593
1641396,IT,AT,KERO1,GASDI,0.12,83566.626,4,4,83566.619,0.0,0.0,0.0,0.007,696388.55
1657905,IT,DE,BASIC,LUBRI,0.1,83565.382,4,4,83565.377,0.0,0.0,0.0,0.005,835653.82
1721331,IT,PL,TRAN2,KEROS,0.13,83559.668,4,4,83559.666,0.0,0.0,0.0,0.002,642766.676923
1719408,IT,PL,RUBBE,BRICK,0.28,83559.246,4,4,83559.238,0.0,0.0,0.0,0.008,298425.878571
1676716,IT,FR,RAILW,AUXIL,0.56,83557.413,5,5,83556.409,0.0,0.0,1.0,0.004,149209.666071
1653167,IT,CZ,CHEM1,SUPPO,0.17,83556.485,4,4,83556.476,0.0,0.0,0.0,0.009,491508.735294
1781512,IT,NO,TEXTI,TEXTI,0.5,83555.394,4,4,83555.383,0.0,0.0,0.0,0.011,167110.788
1752280,IT,CA,STONE,LEAD1,0.27,83553.646,5,5,83548.642,0.0,0.0,5.0,0.004,309457.948148
1776664,IT,TR,HEAVY,COALT,0.13,83549.922,4,4,83549.915,0.0,0.0,0.0,0.007,642691.707692
1679391,IT,GR,PLAST,HEALT,0.18,83547.116,4,4,83547.108,0.0,0.0,0.0,0.008,464150.644444
1718740,IT,PL,PULP5,FURNI,0.25,83539.746,4,4,83539.738,0.0,0.0,0.0,0.008,334158.984
1733146,IT,SI,FABRI,RETA1,0.34,83539.7,4,4,83539.694,0.0,0.0,0.0,0.006,245705.0
1722133,IT,PL,BUSIN,TRAN1,0.86,83537.911,4,4,83537.905,0.0,0.0,0.0,0.006,97137.105814
1654815,IT,CZ,SUPPO,RAILW,0.6,83536.315,4,4,83536.311,0.0,0.0,0.0,0.004,139227.191667
1719468,IT,PL,RUBBE,WASTE,0.28,83512.477,4,4,83512.469,0.0,0.0,0.0,0.008,298258.846429
1745328,IT,JP,VEGE1,BEVER,0.26,83510.47,5,5,83509.452,0.0,1.0,0.0,0.018,321194.115385
1675023,IT,FR,PREC1,WASTE,0.14,83503.12,4,4,83503.116,0.0,0.0,0.0,0.004,596450.857143
1732361,IT,SI,PETRO,CEMEN,0.14,83500.152,4,4,83500.145,0.0,0.0,0.0,0.007,596429.657143
1765964,IT,RU,CHEM1,MEAT1,0.17,83485.57,4,4,83485.561,0.0,0.0,0.0,0.009,491091.588235
1722076,IT,PL,BUSIN,BEVER,0.86,83479.134,4,4,83479.128,0.0,0.0,0.0,0.006,97068.760465
1758355,IT,BR,FABRI,CROPS,0.34,83476.386,4,4,83476.38,0.0,0.0,0.0,0.006,245518.782353
1645842,IT,BE,GLASS,BEVER,0.23,83476.285,4,4,83476.28,0.0,0.0,0.0,0.005,362940.369565
1735052,IT,SK,CHEM1,FORES,0.17,83474.897,4,4,83474.888,0.0,0.0,0.0,0.009,491028.805882
1667331,IT,ES,ALUM1,RECRE,0.15,83465.966,4,4,83465.959,0.0,0.0,0.0,0.007,556439.773333
1786787,IT,ZA,HOTEL,PLAST,0.6,83463.313,4,4,83463.307,0.0,0.0,0.0,0.006,139105.521667
1740531,IT,GB,RECRE,BUSIN,1.06,83460.025,4,4,83460.019,0.0,0.0,0.0,0.006,78735.872642
1786566,IT,ZA,FURNI,RAILW,0.27,83458.197,4,4,83458.19,0.0,0.0,0.0,0.007,309104.433333
1735060,IT,SK,CHEM1,DAIRY,0.17,83454.5,4,4,83454.491,0.0,0.0,0.0,0.009,490908.823529
1659841,IT,DE,LANDT,ELEC1,0.54,83453.659,4,4,83453.655,0.0,0.0,0.0,0.004,154543.812963
1814395,IT,WM,AUXIL,REALE,1.53,83440.844,4,4,83440.84,0.0,0.0,0.0,0.004,54536.499346
1786337,IT,ZA,MACHI,WOOLS,0.47,83439.588,4,4,83439.581,0.0,0.0,0.0,0.007,177531.038298
1728264,IT,SE,BEVER,MEATC,0.35,83438.685,4,4,83438.68,0.0,0.0,0.0,0.005,238396.242857
1687600,IT,HU,TRAN2,KEROS,0.13,83435.72,4,4,83435.718,0.0,0.0,0.0,0.002,641813.230769
1753781,IT,CA,FURNI,REALE,0.27,83425.622,4,4,83425.615,0.0,0.0,0.0,0.007,308983.785185
1686056,IT,HU,RUBBE,SANDC,0.28,83422.047,4,4,83422.039,0.0,0.0,0.0,0.008,297935.882143
1728723,IT,SE,MOTOR,PUBLI,0.12,83421.462,4,4,83421.455,0.0,0.0,0.0,0.007,695178.85
1724858,IT,PT,BUSIN,PRINT,0.86,83420.33,4,4,83420.324,0.0,0.0,0.0,0.006,97000.383721
1765768,IT,RU,PRINT,EDUCA,0.8,83409.376,4,4,83409.37,0.0,0.0,0.0,0.006,104261.72
1757646,IT,BR,HEAVY,SUGA1,0.13,83404.953,4,4,83404.946,0.0,0.0,0.0,0.007,641576.561538
1716533,IT,NL,MOTO1,RENTI,0.44,83401.725,4,4,83401.72,0.0,0.0,0.0,0.005,189549.375
1661073,IT,DE,PUBLI,ELEC4,1.37,83399.47,4,4,83399.464,0.0,0.0,0.0,0.006,60875.525547
1731218,IT,SI,CHEMI,RESEA,0.2,83396.469,5,5,83392.461,0.0,0.0,4.0,0.008,416982.345
1687666,IT,HU,AIRTR,FURNI,0.09,83386.174,4,4,83386.171,0.0,0.0,0.0,0.003,926513.044444
1765771,IT,RU,PRINT,RECRE,0.8,83384.814,4,4,83384.808,0.0,0.0,0.0,0.006,104231.0175
1791613,IT,WA,HOTEL,NATUR,0.6,83378.338,4,4,83378.332,0.0,0.0,0.0,0.006,138963.896667
1806867,IT,WF,HOTEL,VEGET,0.6,83377.683,4,4,83377.677,0.0,0.0,0.0,0.006,138962.805
1718843,IT,PL,PAPER,TRAN2,0.32,83369.276,5,5,83368.268,0.0,1.0,0.0,0.008,260528.9875
1653700,IT,CZ,LEAD1,CONST,0.14,83366.43,4,4,83366.423,0.0,0.0,0.0,0.007,595474.5
1743223,IT,US,TRANS,RETA1,0.5,83366.007,4,4,83366.002,0.0,0.0,0.0,0.005,166732.014
1716308,IT,NL,FABRI,BASIC,0.34,83365.432,4,4,83365.426,0.0,0.0,0.0,0.006,245192.447059
1656740,IT,DE,MOTOR,BUSIN,0.12,83359.667,4,4,83359.66,0.0,0.0,0.0,0.007,694663.891667
1795331,IT,WL,NONME,BIODI,0.17,83356.493,4,4,83356.484,0.0,0.0,0.0,0.009,490332.311765
1709879,IT,LT,CERAM,CHEM1,0.13,83353.49,4,4,83353.485,0.0,0.0,0.0,0.005,641180.692308
1761737,IT,IN,MACHI,KEROS,0.46,83346.344,4,4,83346.337,0.0,0.0,0.0,0.007,181187.704348
1643249,IT,AT,HOTEL,ELEC5,0.6,83345.369,4,4,83345.363,0.0,0.0,0.0,0.006,138908.948333
1773516,IT,CH,MOTO1,PAPER,0.44,83331.284,4,4,83331.279,0.0,0.0,0.0,0.005,189389.281818
1785852,IT,ZA,CHEM1,POSTT,0.17,83329.802,4,4,83329.793,0.0,0.0,0.0,0.009,490175.305882
1789169,IT,WA,PLAST,DAIRY,0.17,83324.737,4,4,83324.729,0.0,0.0,0.0,0.008,490145.511765
1752232,IT,CA,VEGET,SUGA1,0.3,83322.921,4,4,83322.918,0.0,0.0,0.0,0.003,277743.07
1684715,IT,HU,VEGET,DAIRY,0.29,83321.694,4,4,83321.691,0.0,0.0,0.0,0.003,287316.186207
1787285,IT,WA,VEGET,HEALT,0.29,83321.674,4,4,83321.671,0.0,0.0,0.0,0.003,287316.117241
1790528,IT,WA,NONF1,ALUMI,0.02,83320.949,3,3,83320.949,0.0,0.0,0.0,0.0,4166047.45
1683723,IT,HR,MACHI,PRINT,0.46,83319.441,4,4,83319.434,0.0,0.0,0.0,0.007,181129.219565
1769453,IT,AU,NONME,REALE,0.17,83316.225,4,4,83316.216,0.0,0.0,0.0,0.009,490095.441176
1733103,IT,SI,FABRI,TEXTI,0.34,83315.221,4,4,83315.215,0.0,0.0,0.0,0.006,245044.767647
1669312,IT,ES,FINAN,TRANS,1.08,83312.62,4,4,83312.618,0.0,0.0,0.0,0.002,77141.314815
1725311,IT,RO,BEVER,RETA1,0.35,83305.935,4,4,83305.93,0.0,0.0,0.0,0.005,238016.957143
1737073,IT,GB,CHEMI,GLASS,0.2,83303.942,5,5,83299.934,0.0,0.0,4.0,0.008,416519.71
1686632,IT,HU,LEAD1,MACHI,0.14,83302.699,4,4,83302.692,0.0,0.0,0.0,0.007,595019.278571
1752772,IT,CA,WOODW,MOTO1,0.23,83300.773,5,5,83299.767,0.0,1.0,0.0,0.006,362177.273913
1729651,IT,SE,FABRI,COPP1,0.34,83298.432,4,4,83298.426,0.0,0.0,0.0,0.006,244995.388235
1667126,IT,ES,BASIC,FISH5,0.1,83298.044,4,4,83298.039,0.0,0.0,0.0,0.005,832980.44
1732862,IT,SI,BASIC,AIRTR,0.1,83296.915,4,4,83296.91,0.0,0.0,0.0,0.005,832969.15
1659425,IT,DE,WHOLE,SECO9,0.72,83296.481,4,4,83296.476,0.0,0.0,0.0,0.005,115689.556944
1686886,IT,HU,MACHI,POULT,0.46,83293.969,4,4,83293.962,0.0,0.0,0.0,0.007,181073.845652
1785708,IT,ZA,NAPHT,CEMEN,0.14,83293.345,4,4,83293.339,0.0,0.0,0.0,0.006,594952.464286
1750593,IT,CN,OFFIC,FABRI,0.26,83291.406,4,4,83291.4,0.0,0.0,0.0,0.006,320351.561538
1779688,IT,TR,RESEA,WHOLE,0.45,83282.579,4,4,83282.573,0.0,0.0,0.0,0.006,185072.397778
1777854,IT,TR,FABRI,POSTT,0.34,83279.855,4,4,83279.849,0.0,0.0,0.0,0.006,244940.75
1760905,IT,IN,GASDI,PUBLI,0.12,83274.103,4,4,83274.096,0.0,0.0,0.0,0.007,693950.858333
1768990,IT,AU,PAPER,FINAN,0.32,83262.558,5,5,83261.55,0.0,1.0,0.0,0.008,260195.49375
1654053,IT,CZ,MACHI,EDUCA,0.46,83260.307,4,4,83260.3,0.0,0.0,0.0,0.007,181000.667391
1723628,IT,PT,FABRI,SUPPO,0.34,83257.656,4,4,83257.65,0.0,0.0,0.0,0.006,244875.458824
1776981,IT,TR,PFERT,PLAST,0.04,83253.393,4,4,83253.38,0.0,0.0,0.0,0.013,2081334.825
1730295,IT,SE,SEACO,OILHA,0.08,83235.69,3,3,83235.69,0.0,0.0,0.0,0.0,1040446.125
1675333,IT,FR,MACHI,SUGAR,0.46,83226.24,4,4,83226.233,0.0,0.0,0.0,0.007,180926.608696
1655721,IT,DE,MEATC,MEATC,0.28,83223.904,5,5,83222.899,0.0,1.0,0.0,0.005,297228.228571
1640442,IT,AT,VEGE1,RETA1,0.26,83207.757,5,5,83206.739,0.0,1.0,0.0,0.018,320029.834615
1813955,IT,WM,SEACO,RAWMI,0.08,83197.837,3,3,83197.837,0.0,0.0,0.0,0.0,1039972.9625
1758331,IT,BR,NONF1,PLAST,0.02,83197.034,3,3,83197.034,0.0,0.0,0.0,0.0,4159851.7
1768559,IT,AU,FOOD5,93197,0.4,83193.955,4,4,83193.948,0.0,0.0,0.0,0.007,207984.8875
1805094,IT,WF,NFERT,WOOLS,0.02,83187.572,4,4,83187.565,0.0,0.0,0.0,0.007,4159378.6
1765520,IT,RU,WEARI,HEALT,0.63,83183.823,4,4,83183.807,0.0,0.0,0.0,0.016,132037.814286
1732087,IT,SI,KERO1,CONST,0.12,83178.889,4,4,83178.882,0.0,0.0,0.0,0.007,693157.408333
1773867,IT,CH,ELEC6,HOTEL,0.01,83168.767,4,4,83168.754,0.0,0.0,0.0,0.013,8316876.7
1667987,IT,ES,TRANS,LANDT,0.5,83163.51,4,4,83163.505,0.0,0.0,0.0,0.005,166327.02
1761404,IT,IN,NONME,RADIO,0.17,83161.824,4,4,83161.815,0.0,0.0,0.0,0.009,489187.2
1760068,IT,BR,OILHA,ELEC3,0.48,83161.105,4,4,83161.1,0.0,0.0,0.0,0.005,173252.302083
1736074,IT,SK,FURNI,PUBLI,0.27,83155.269,4,4,83155.262,0.0,0.0,0.0,0.007,307982.477778
1794803,IT,WL,PLAST,BIOGA,0.17,83153.986,4,4,83153.978,0.0,0.0,0.0,0.008,489141.094118
1675475,IT,FR,OFFIC,PRINT,0.26,83149.152,4,4,83149.146,0.0,0.0,0.0,0.006,319804.430769
1807181,IT,WF,AIRTR,FURNI,0.09,83142.031,4,4,83142.028,0.0,0.0,0.0,0.003,923800.344444
1788805,IT,WA,KEROS,WHOLE,0.12,83138.639,4,4,83138.632,0.0,0.0,0.0,0.007,692821.991667
1688901,IT,IE,COPP1,MACHI,0.21,83135.169,4,4,83135.165,0.0,0.0,0.0,0.004,395881.757143
1684100,IT,HR,HOTEL,EDUCA,0.6,83132.068,4,4,83132.062,0.0,0.0,0.0,0.006,138553.446667
1781465,IT,NO,BEVER,MACHI,0.35,83125.356,4,4,83125.351,0.0,0.0,0.0,0.005,237501.017143
1726411,IT,RO,FABRI,LIGNI,0.34,83121.008,4,4,83121.002,0.0,0.0,0.0,0.006,244473.552941
1738363,IT,GB,PREC1,PULP5,0.14,83118.373,4,4,83118.369,0.0,0.0,0.0,0.004,593702.664286
1805189,IT,WF,CHEM1,DAIRY,0.17,83116.683,4,4,83116.674,0.0,0.0,0.0,0.009,488921.664706
1772089,IT,CH,COKEO,MEATC,0.01,83107.591,3,3,83107.591,0.0,0.0,0.0,0.0,8310759.1
1801459,IT,WE,MOTO1,FISH5,0.44,83101.351,4,4,83101.346,0.0,0.0,0.0,0.005,188866.706818
1717710,IT,NL,BUSIN,AIRTR,0.85,83100.755,4,4,83100.749,0.0,0.0,0.0,0.006,97765.594118
1747630,IT,JP,AIRTR,MEMBE,0.09,83100.592,4,4,83100.589,0.0,0.0,0.0,0.003,923339.911111
1684051,IT,HR,HOTEL,RUBBE,0.6,83096.881,4,4,83096.875,0.0,0.0,0.0,0.006,138494.801667
1665805,IT,ES,PAPER,PAPE4,0.32,83089.967,5,5,83088.959,0.0,1.0,0.0,0.008,259656.146875
1778670,IT,TR,HOTEL,SEACO,0.6,83084.454,4,4,83084.448,0.0,0.0,0.0,0.006,138474.09
1793652,IT,WL,DAIRY,RESEA,0.34,83082.668,5,5,83081.662,0.0,1.0,0.0,0.006,244360.788235
1675756,IT,FR,FURNI,FOUND,0.27,83081.32,4,4,83081.313,0.0,0.0,0.0,0.007,307708.592593
1715041,IT,NL,TEXTI,FABRI,0.49,83081.192,4,4,83081.181,0.0,0.0,0.0,0.011,169553.453061
1754423,IT,CA,RENTI,POSTT,0.5,83076.236,4,4,83076.231,0.0,0.0,0.0,0.005,166152.472
1658965,IT,DE,ELEC1,PULP5,0.01,83071.436,4,4,83071.431,0.0,0.0,0.0,0.005,8307143.6
1798839,IT,WE,FOOD5,FINAN,0.4,83066.281,4,4,83066.274,0.0,0.0,0.0,0.007,207665.7025
1809228,IT,WM,FISHF,CHEM1,0.14,83066.273,4,4,83066.27,0.0,0.0,0.0,0.003,593330.521429
1677522,IT,FR,AUXIL,FINAN,1.52,83062.166,4,4,83062.162,0.0,0.0,0.0,0.004,54646.161842
1739980,IT,GB,AUXIL,REALE,1.52,83062.126,4,4,83062.122,0.0,0.0,0.0,0.004,54646.135526
1796041,IT,WL,TRANS,MEATA,0.5,83055.309,4,4,83055.304,0.0,0.0,0.0,0.005,166110.618
1677900,IT,FR,BUSIN,FOUND,0.85,83052.157,4,4,83052.151,0.0,0.0,0.0,0.006,97708.42
1764754,IT,MX,HOTEL,HOTEL,0.6,83050.829,4,4,83050.823,0.0,0.0,0.0,0.006,138418.048333
1733427,IT,SI,ELEC6,FOOD5,0.01,83043.364,4,4,83043.351,0.0,0.0,0.0,0.013,8304336.4
1777577,IT,TR,ALUM1,CRUDE,0.14,83039.564,4,4,83039.557,0.0,0.0,0.0,0.007,593139.742857
1746984,IT,JP,MOTO1,PAPE1,0.44,83038.745,4,4,83038.74,0.0,0.0,0.0,0.005,188724.420455
1653493,IT,CZ,BASIC,MEAT1,0.1,83035.704,4,4,83035.699,0.0,0.0,0.0,0.005,830357.04
1756782,IT,KR,AIRTR,SALEM,0.09,83030.955,4,4,83030.952,0.0,0.0,0.0,0.003,922566.166667
1761223,IT,IN,RUBBE,PADDY,0.28,83018.847,4,4,83018.839,0.0,0.0,0.0,0.008,296495.882143
1682764,IT,HR,HEAVY,CEREA,0.13,83018.027,4,4,83018.02,0.0,0.0,0.0,0.007,638600.207692
1772229,IT,CH,GASDI,RECRE,0.12,83017.76,4,4,83017.753,0.0,0.0,0.0,0.007,691814.666667
1739896,IT,GB,FINAN,POSTT,1.08,83014.392,4,4,83014.39,0.0,0.0,0.0,0.002,76865.177778
1682792,IT,HR,HEAVY,PRINT,0.13,83006.769,4,4,83006.762,0.0,0.0,0.0,0.007,638513.607692
1686605,IT,HU,ALUM1,FOOD4,0.14,83001.878,4,4,83001.871,0.0,0.0,0.0,0.007,592870.557143
1733866,IT,SI,SEACO,PULP5,0.08,82996.096,3,3,82996.096,0.0,0.0,0.0,0.0,1037451.2
1656551,IT,DE,PAPER,EDUCA,0.32,82993.051,5,5,82992.043,0.0,1.0,0.0,0.008,259353.284375
1666705,IT,ES,RUBBE,POULT,0.27,82991.209,4,4,82991.201,0.0,0.0,0.0,0.008,307374.848148
1651656,IT,CY,BASIC,RETA1,0.1,82981.795,4,4,82981.79,0.0,0.0,0.0,0.005,829817.95
1738364,IT,GB,PREC1,PAPER,0.14,82968.271,4,4,82968.267,0.0,0.0,0.0,0.004,592630.507143
1681721,IT,HR,FISHF,RESEA,0.14,82963.206,4,4,82963.203,0.0,0.0,0.0,0.003,592594.328571
1744916,IT,US,BUSIN,CEMEN,0.85,82960.672,4,4,82960.666,0.0,0.0,0.0,0.006,97600.790588
1722518,IT,PT,FOOD5,RETA1,0.4,82959.329,4,4,82959.322,0.0,0.0,0.0,0.007,207398.3225
1658097,IT,DE,ALUM1,MEATP,0.14,82959.067,4,4,82959.06,0.0,0.0,0.0,0.007,592564.764286
1748956,IT,CN,WEARI,REALE,0.63,82955.962,4,4,82955.946,0.0,0.0,0.0,0.016,131676.130159
1732202,IT,SI,HEAVY,MEATA,0.13,82953.915,4,4,82953.908,0.0,0.0,0.0,0.007,638107.038462
1754542,IT,CA,BUSIN,TRAN2,0.85,82940.372,4,4,82940.366,0.0,0.0,0.0,0.006,97576.908235
1686048,IT,HU,RUBBE,POULT,0.27,82939.435,4,4,82939.427,0.0,0.0,0.0,0.008,307183.092593
1730939,IT,SE,INTER,REALE,0.5,82936.904,4,4,82936.899,0.0,0.0,0.0,0.005,165873.808
1664038,IT,EE,PLAST,MOTO1,0.17,82935.387,4,4,82935.379,0.0,0.0,0.0,0.008,487855.217647
1666132,IT,ES,GASDI,ELECT,0.12,82931.24,4,4,82931.233,0.0,0.0,0.0,0.007,691093.666667
1659948,IT,DE,TRAN2,RESEA,0.13,82919.328,4,4,82919.326,0.0,0.0,0.0,0.002,637840.984615
1687575,IT,HU,LANDT,RESEA,0.53,82909.416,4,4,82909.412,0.0,0.0,0.0,0.004,156432.860377
1667355,IT,ES,LEAD1,ELEC3,0.14,82909.337,4,4,82909.33,0.0,0.0,0.0,0.007,592209.55
1787611,IT,WA,MEAT4,CATTL,0.46,82905.897,4,4,82905.891,0.0,0.0,0.0,0.006,180230.21087
1757667,IT,BR,HEAVY,BITU1,0.13,82904.908,4,4,82904.901,0.0,0.0,0.0,0.007,637730.061538
1782581,IT,NO,TRANS,AIRTR,0.49,82888.624,4,4,82888.62,0.0,0.0,0.0,0.004,169160.457143
1716597,IT,NL,SALEM,MACHI,0.67,82875.162,4,4,82875.157,0.0,0.0,0.0,0.005,123694.271642
1787949,IT,WA,FISH5,EDUCA,0.35,82874.103,4,4,82874.06,0.0,0.0,0.0,0.043,236783.151429
1641213,IT,AT,PRINT,PUBLI,0.8,82873.984,4,4,82873.978,0.0,0.0,0.0,0.006,103592.48
1686916,IT,HU,MACHI,MOTOR,0.46,82873.207,4,4,82873.2,0.0,0.0,0.0,0.007,180159.145652
1675309,IT,FR,FABRI,PLAS1,0.34,82872.736,4,4,82872.73,0.0,0.0,0.0,0.006,243743.341176
1779774,IT,TR,BUSIN,TRAN1,0.85,82869.08,4,4,82869.074,0.0,0.0,0.0,0.006,97493.035294
1758348,IT,BR,NONF1,ELEC4,0.02,82866.579,3,3,82866.579,0.0,0.0,0.0,0.0,4143328.95
1646586,IT,BE,MOTO1,BASIC,0.44,82866.038,4,4,82866.033,0.0,0.0,0.0,0.005,188331.904545
1715843,IT,NL,RUBBE,NONF1,0.27,82863.34,4,4,82863.332,0.0,0.0,0.0,0.008,306901.259259
1793749,IT,WL,BEVER,CONST,0.35,82861.959,4,4,82861.954,0.0,0.0,0.0,0.005,236748.454286
1751955,IT,CN,COMPU,RECRE,0.95,82857.399,4,4,82857.394,0.0,0.0,0.0,0.005,87218.314737
1758565,IT,BR,OFFIC,RETA1,0.26,82857.267,4,4,82857.261,0.0,0.0,0.0,0.006,318681.796154
1756789,IT,KR,AIRTR,INLAN,0.09,82856.379,4,4,82856.376,0.0,0.0,0.0,0.003,920626.433333
1805976,IT,WF,COPP1,MEATP,0.21,82855.565,4,4,82855.561,0.0,0.0,0.0,0.004,394550.309524
1665189,IT,ES,FOOD5,MEAT4,0.4,82853.548,4,4,82853.541,0.0,0.0,0.0,0.007,207133.87
1796822,IT,WL,SEACO,POULT,0.08,82852.394,3,3,82852.394,0.0,0.0,0.0,0.0,1035654.925
1766011,IT,RU,CHEM1,COPP1,0.17,82834.987,4,4,82834.978,0.0,0.0,0.0,0.009,487264.629412
1806040,IT,WF,COPP1,HOTEL,0.21,82830.125,4,4,82830.121,0.0,0.0,0.0,0.004,394429.166667
1724877,IT,PT,BUSIN,CEMEN,0.85,82819.832,4,4,82819.826,0.0,0.0,0.0,0.006,97435.096471
1660846,IT,DE,COMPU,SALEM,0.95,82817.377,4,4,82817.372,0.0,0.0,0.0,0.005,87176.186316
1803325,IT,WF,STONE,LEAD1,0.27,82815.342,5,5,82810.338,0.0,0.0,5.0,0.004,306723.488889
1805882,IT,WF,ALUM1,LEAD1,0.14,82814.659,4,4,82814.652,0.0,0.0,0.0,0.007,591533.278571
1738460,IT,GB,COPP1,LEATH,0.21,82810.748,4,4,82810.744,0.0,0.0,0.0,0.004,394336.895238
1753466,IT,CA,FABRI,ELECT,0.34,82810.603,4,4,82810.597,0.0,0.0,0.0,0.006,243560.597059
1679972,IT,GR,FABRI,ELEC8,0.34,82809.956,4,4,82809.95,0.0,0.0,0.0,0.006,243558.694118
1806505,IT,WF,TRANS,INSUR,0.49,82796.352,4,4,82796.348,0.0,0.0,0.0,0.004,168972.146939
1667016,IT,ES,CEMEN,RENTI,0.13,82794.81,5,5,82793.806,0.0,0.0,1.0,0.004,636883.153846
1652633,IT,CZ,WOODW,ALUM1,0.23,82792.246,5,5,82791.24,0.0,1.0,0.0,0.006,359966.286957
1739065,IT,GB,RETAI,REALE,0.65,82791.507,4,4,82791.502,0.0,0.0,0.0,0.005,127371.549231
1772051,IT,CH,PRINT,ELEC3,0.79,82783.487,4,4,82783.481,0.0,0.0,0.0,0.006,104789.224051
1761627,IT,IN,FABRI,BEVER,0.34,82782.805,4,4,82782.799,0.0,0.0,0.0,0.006,243478.838235
1778151,IT,TR,TRANS,WHOLE,0.49,82779.277,4,4,82779.273,0.0,0.0,0.0,0.004,168937.3
1710900,IT,LU,GASDI,PREC1,0.12,82776.669,4,4,82776.662,0.0,0.0,0.0,0.007,689805.575
1679042,IT,GR,WOODW,BASIC,0.23,82776.557,5,5,82775.551,0.0,1.0,0.0,0.006,359898.073913
1775822,IT,TR,CHEMI,WHOLE,0.2,82775.204,5,5,82771.196,0.0,0.0,4.0,0.008,413876.02
1715092,IT,NL,WEARI,CONST,0.62,82774.979,4,4,82774.963,0.0,0.0,0.0,0.016,133508.030645
1670863,IT,FI,PLAST,PULP5,0.17,82771.019,4,4,82771.011,0.0,0.0,0.0,0.008,486888.347059
1745007,IT,US,PUBLI,DAIRY,1.36,82762.433,4,4,82762.427,0.0,0.0,0.0,0.006,60854.730147
1803342,IT,WF,SANDC,NICKE,0.19,82755.77,5,5,82737.767,0.0,0.0,18.0,0.003,435556.684211
1746701,IT,JP,FABRI,ALUM1,0.34,82754.825,4,4,82754.819,0.0,0.0,0.0,0.006,243396.544118
1745790,IT,JP,WEARI,REALE,0.62,82746.767,4,4,82746.751,0.0,0.0,0.0,0.016,133462.527419
1657278,IT,DE,CHEM1,RAILW,0.17,82745.591,4,4,82745.582,0.0,0.0,0.0,0.009,486738.770588
1796856,IT,WL,SEACO,CHEM1,0.08,82744.58,3,3,82744.58,0.0,0.0,0.0,0.0,1034307.25
1682906,IT,HR,NAPHT,MOTO1,0.14,82743.402,4,4,82743.396,0.0,0.0,0.0,0.006,591024.3
1785288,IT,ZA,WEARI,RAILW,0.62,82743.346,4,4,82743.33,0.0,0.0,0.0,0.016,133457.009677
1776464,IT,TR,MOTOR,BITU1,0.12,82728.029,4,4,82728.022,0.0,0.0,0.0,0.007,689400.241667
1813865,IT,WM,LANDT,KEROS,0.53,82720.759,4,4,82720.755,0.0,0.0,0.0,0.004,156076.903774
1679020,IT,GR,WOODW,TEXTI,0.23,82717.024,5,5,82716.018,0.0,1.0,0.0,0.006,359639.234783
1797162,IT,WL,POSTT,CONST,1.36,82709.774,4,4,82709.768,0.0,0.0,0.0,0.006,60816.010294
1742533,IT,US,BASIC,FOOD4,0.1,82699.559,4,4,82699.554,0.0,0.0,0.0,0.005,826995.59
1645204,IT,BE,COKEO,DAIRY,0.01,82695.849,3,3,82695.849,0.0,0.0,0.0,0.0,8269584.9
1792882,IT,WA,EDUCA,EDUCA,2.06,82689.815,4,4,82689.809,0.0,0.0,0.0,0.006,40140.686893
1643158,IT,AT,RETA1,AIRTR,0.86,82685.844,4,4,82685.839,0.0,0.0,0.0,0.005,96146.330233
1729524,IT,SE,LEAD1,CONST,0.14,82684.718,4,4,82684.711,0.0,0.0,0.0,0.007,590605.128571
1806564,IT,WF,FURNI,RECRE,0.26,82682.689,4,4,82682.682,0.0,0.0,0.0,0.007,318010.342308
1761082,IT,IN,PFERT,KEROS,0.04,82682.606,4,4,82682.593,0.0,0.0,0.0,0.013,2067065.15
1767099,IT,RU,FURNI,TRAN1,0.26,82679.243,4,4,82679.236,0.0,0.0,0.0,0.007,317997.088462
1733667,IT,SI,HOTEL,PUBLI,0.6,82677.307,4,4,82677.301,0.0,0.0,0.0,0.006,137795.511667
1786553,IT,ZA,FURNI,MEDIC,0.26,82672.125,4,4,82672.118,0.0,0.0,0.0,0.007,317969.711538
1647136,IT,BE,HOTEL,INSUR,0.6,82668.931,4,4,82668.925,0.0,0.0,0.0,0.006,137781.551667
1648452,IT,BG,CEREA,PFERT,0.13,82664.835,4,4,82664.83,0.0,0.0,0.0,0.005,635883.346154
1670413,IT,FI,FOOD5,DAIRY,0.4,82663.292,4,4,82663.285,0.0,0.0,0.0,0.007,206658.23
1779815,IT,TR,BUSIN,93197,0.85,82663.251,4,4,82663.245,0.0,0.0,0.0,0.006,97250.883529
1805223,IT,WF,CHEM1,PREC1,0.17,82663.036,4,4,82663.027,0.0,0.0,0.0,0.009,486253.152941
1784161,IT,ID,PAPER,RUBBE,0.32,82662.384,5,5,82661.376,0.0,1.0,0.0,0.008,258319.95
1657752,IT,DE,NONME,CEREA,0.17,82660.321,4,4,82660.312,0.0,0.0,0.0,0.009,486237.182353
1760952,IT,IN,HEAVY,TRANS,0.13,82653.855,4,4,82653.848,0.0,0.0,0.0,0.007,635798.884615
1668003,IT,ES,TRANS,RECRE,0.49,82650.22,4,4,82650.216,0.0,0.0,0.0,0.004,168673.918367
1656670,IT,DE,COKEO,KEROS,0.01,82646.631,3,3,82646.631,0.0,0.0,0.0,0.0,8264663.1
1660480,IT,DE,INSUR,PLAST,1.7,82644.739,4,4,82644.735,0.0,0.0,0.0,0.004,48614.552353
1763392,IT,MX,PRINT,FINAN,0.79,82643.659,4,4,82643.653,0.0,0.0,0.0,0.006,104612.226582
1646190,IT,BE,ALUM1,COPP1,0.14,82642.506,4,4,82642.499,0.0,0.0,0.0,0.007,590303.614286
1720854,IT,PL,FURNI,REALE,0.26,82636.981,4,4,82636.974,0.0,0.0,0.0,0.007,317834.542308
1741751,IT,US,BITU1,ELEC4,0.13,82633.351,4,4,82633.344,0.0,0.0,0.0,0.007,635641.161538
1755391,IT,KR,KEROS,PLAST,0.12,82629.253,4,4,82629.246,0.0,0.0,0.0,0.007,688577.108333
1668565,IT,ES,HOTEL,TRAN2,0.6,82621.234,4,4,82621.228,0.0,0.0,0.0,0.006,137702.056667
1686954,IT,HU,MACHI,ELEC1,0.46,82612.845,4,4,82612.838,0.0,0.0,0.0,0.007,179593.141304
1813931,IT,WM,TRAN2,MOTOR,0.13,82610.485,4,4,82610.483,0.0,0.0,0.0,0.002,635465.269231
1755953,IT,KR,PREC1,FABRI,0.14,82609.371,4,4,82609.367,0.0,0.0,0.0,0.004,590066.935714
1642109,IT,AT,GLASS,LANDT,0.23,82605.631,4,4,82605.626,0.0,0.0,0.0,0.005,359154.917391
1649662,IT,BG,CERAM,FURNI,0.13,82601.896,4,4,82601.892,0.0,0.0,0.0,0.004,635399.2
1783690,IT,NO,WASTE,OILHA,0.26,82601.611,4,4,82601.607,0.0,0.0,0.0,0.004,317698.503846
1784491,IT,ID,FABRI,FISH5,0.34,82598.956,4,4,82598.95,0.0,0.0,0.0,0.006,242938.105882
1812726,IT,WM,NONF1,KERO1,0.02,82596.673,3,3,82596.673,0.0,0.0,0.0,0.0,4129833.65
1780526,IT,TW,POSTT,REALE,1.36,82589.71,4,4,82589.704,0.0,0.0,0.0,0.006,60727.727941
1717270,IT,NL,POSTT,CONST,1.36,82580.817,4,4,82580.811,0.0,0.0,0.0,0.006,60721.188971
1802425,IT,WE,AIRTR,CONST,0.09,82575.919,4,4,82575.916,0.0,0.0,0.0,0.003,917510.211111
1767681,IT,RU,POSTT,PUBLI,1.36,82571.442,4,4,82571.436,0.0,0.0,0.0,0.006,60714.295588
1762212,IT,IN,SEACO,ELECT,0.08,82571.068,3,3,82571.068,0.0,0.0,0.0,0.0,1032138.35
1656341,IT,DE,WOODW,LIGNI,0.23,82551.309,5,5,82550.303,0.0,1.0,0.0,0.006,358918.734783
1757742,IT,BR,PARAF,MOTOR,0.13,82549.318,4,4,82549.312,0.0,0.0,0.0,0.006,634994.753846
1765783,IT,RU,MOTOR,GASDI,0.12,82542.7,4,4,82542.693,0.0,0.0,0.0,0.007,687855.833333
1686811,IT,HU,FABRI,GLASS,0.34,82539.389,4,4,82539.383,0.0,0.0,0.0,0.006,242762.908824
1761275,IT,IN,RUBBE,ALUM1,0.27,82535.841,4,4,82535.834,0.0,0.0,0.0,0.007,305688.3
1803143,IT,WF,VEGET,CONST,0.29,82532.654,4,4,82532.651,0.0,0.0,0.0,0.003,284595.358621
1762422,IT,IN,POSTT,WHOLE,1.36,82530.188,4,4,82530.182,0.0,0.0,0.0,0.006,60683.961765
1809970,IT,WM,FISH5,WHOLE,0.35,82525.193,4,4,82525.151,0.0,0.0,0.0,0.042,235786.265714
1743588,IT,US,HOTEL,HEAVY,0.6,82524.485,4,4,82524.479,0.0,0.0,0.0,0.006,137540.808333
1719070,IT,PL,NAPHT,WHOLE,0.14,82522.585,4,4,82522.579,0.0,0.0,0.0,0.006,589447.035714
1710040,IT,LT,COPP1,HOTEL,0.21,82517.773,4,4,82517.769,0.0,0.0,0.0,0.004,392941.77619
1772669,IT,CH,GLASS,HEALT,0.23,82517.616,4,4,82517.611,0.0,0.0,0.0,0.005,358772.243478
1642589,IT,AT,FABRI,NONFE,0.34,82517.002,4,4,82516.996,0.0,0.0,0.0,0.006,242697.064706
1776208,IT,TR,WOODW,RUBBE,0.23,82504.796,5,5,82503.79,0.0,1.0,0.0,0.006,358716.504348
1725911,IT,RO,PARAF,RAILW,0.13,82503.325,4,4,82503.319,0.0,0.0,0.0,0.006,634640.961538
1723505,IT,PT,COPP1,PLAST,0.21,82501.214,4,4,82501.21,0.0,0.0,0.0,0.004,392862.92381
1761250,IT,IN,RUBBE,MOTOR,0.27,82499.078,4,4,82499.071,0.0,0.0,0.0,0.007,305552.140741
1804715,IT,WF,LIQUE,SALEM,0.14,82497.033,4,4,82497.026,0.0,0.0,0.0,0.007,589264.521429
1757572,IT,BR,GASDI,RAWMI,0.12,82491.688,4,4,82491.681,0.0,0.0,0.0,0.007,687430.733333
1671419,IT,FI,FABRI,PREC1,0.34,82489.031,4,4,82489.025,0.0,0.0,0.0,0.006,242614.797059
1684960,IT,HU,MEAT4,MEAT4,0.45,82484.66,4,4,82484.654,0.0,0.0,0.0,0.006,183299.244444
1665800,IT,ES,PAPER,SEWAG,0.32,82483.506,5,5,82482.498,0.0,1.0,0.0,0.008,257760.95625
1810023,IT,WM,TEXTI,MEAT4,0.49,82482.551,4,4,82482.54,0.0,0.0,0.0,0.011,168331.736735
1734326,IT,SI,BUSIN,WHOLE,0.85,82479.904,4,4,82479.898,0.0,0.0,0.0,0.006,97035.181176
1749479,IT,CN,HEAVY,SEACO,0.13,82464.447,4,4,82464.44,0.0,0.0,0.0,0.007,634341.9
1726977,IT,RO,HOTEL,OFFIC,0.6,82460.935,4,4,82460.929,0.0,0.0,0.0,0.006,137434.891667
1743254,IT,US,FURNI,NATUR,0.26,82448.596,4,4,82448.589,0.0,0.0,0.0,0.007,317109.984615
1794276,IT,WL,MOTOR,WEARI,0.12,82446.103,4,4,82446.096,0.0,0.0,0.0,0.007,687050.858333
1791133,IT,WA,TRANS,AUXIL,0.49,82445.384,4,4,82445.38,0.0,0.0,0.0,0.004,168255.885714
1668285,IT,ES,WHOLE,NUCLE,0.71,82441.758,4,4,82441.753,0.0,0.0,0.0,0.005,116115.152113
1755593,IT,KR,CHEM1,COMPU,0.17,82437.404,4,4,82437.395,0.0,0.0,0.0,0.009,484925.905882
1777150,IT,TR,ADDIT,INERT,0.19,82435.495,5,5,82434.489,0.0,1.0,0.0,0.006,433871.026316
1751750,IT,CN,INSUR,HEALT,1.7,82433.766,4,4,82433.762,0.0,0.0,0.0,0.004,48490.450588
1670815,IT,FI,KEROS,FOOD5,0.12,82432.02,4,4,82432.013,0.0,0.0,0.0,0.007,686933.5
1761943,IT,IN,FURNI,TRANS,0.26,82431.698,4,4,82431.691,0.0,0.0,0.0,0.007,317044.992308
1793804,IT,WL,TEXTI,FISHF,0.49,82426.818,4,4,82426.807,0.0,0.0,0.0,0.011,168217.995918
1810806,IT,WM,KEROS,PULP5,0.12,82425.698,4,4,82425.691,0.0,0.0,0.0,0.007,686880.816667
1677699,IT,FR,RENTI,FABRI,0.49,82422.027,4,4,82422.022,0.0,0.0,0.0,0.005,168208.218367
1646560,IT,BE,OFFIC,TRANS,0.26,82414.294,4,4,82414.288,0.0,0.0,0.0,0.006,316978.053846
1729587,IT,SE,NONF1,CEMEN,0.02,82411.877,3,3,82411.877,0.0,0.0,0.0,0.0,4120593.85
1757229,IT,BR,VEGE1,PROCE,0.25,82407.932,5,5,82406.914,0.0,1.0,0.0,0.018,329631.728
1660787,IT,DE,COMPU,WOODW,0.94,82407.279,4,4,82407.274,0.0,0.0,0.0,0.005,87667.318085
1712771,IT,LV,LANDT,WHOLE,0.53,82407.272,4,4,82407.268,0.0,0.0,0.0,0.004,155485.418868
1798969,IT,WE,TOBAC,BASIC,0.32,82405.765,4,4,82405.76,0.0,0.0,0.0,0.005,257518.015625
1773745,IT,CH,ELEC1,INSUR,0.01,82392.4,4,4,82392.395,0.0,0.0,0.0,0.005,8239240.0
1716253,IT,NL,COPP1,ELECT,0.21,82379.992,4,4,82379.988,0.0,0.0,0.0,0.004,392285.67619
1646367,IT,BE,FABRI,NONME,0.34,82379.401,4,4,82379.395,0.0,0.0,0.0,0.006,242292.355882
1809625,IT,WM,DAIRY,BEVER,0.33,82377.888,5,5,82376.882,0.0,1.0,0.0,0.006,249629.963636
1732481,IT,SI,CHEM1,HOTEL,0.17,82375.9,4,4,82375.891,0.0,0.0,0.0,0.009,484564.117647
1772518,IT,CH,RUBBE,LEATH,0.27,82374.116,4,4,82374.109,0.0,0.0,0.0,0.007,305089.318519
1680496,IT,GR,ELEC6,FOOD5,0.01,82373.738,4,4,82373.725,0.0,0.0,0.0,0.013,8237373.8
1768056,IT,RU,BUSIN,RUBBE,0.85,82373.197,4,4,82373.191,0.0,0.0,0.0,0.006,96909.643529
1645212,IT,BE,COKEO,ELECT,0.01,82371.891,3,3,82371.891,0.0,0.0,0.0,0.0,8237189.1
1676052,IT,FR,ELEC6,EDUCA,0.01,82366.071,4,4,82366.058,0.0,0.0,0.0,0.013,8236607.1
1762748,IT,IN,BUSIN,RADIO,0.85,82357.31,4,4,82357.304,0.0,0.0,0.0,0.006,96890.952941
1788902,IT,WA,GASDI,HEALT,0.12,82355.516,4,4,82355.509,0.0,0.0,0.0,0.007,686295.966667
1765976,IT,RU,CHEM1,LEATH,0.17,82345.893,4,4,82345.884,0.0,0.0,0.0,0.009,484387.605882
1807503,IT,WF,RENTI,LEADZ,0.49,82344.082,4,4,82344.077,0.0,0.0,0.0,0.005,168049.146939
1652520,IT,CZ,WEARI,HOTEL,0.62,82338.403,4,4,82338.387,0.0,0.0,0.0,0.016,132803.875806
1720031,IT,PL,ALUM1,CEMEN,0.14,82335.858,4,4,82335.851,0.0,0.0,0.0,0.007,588113.271429
1727177,IT,RO,LANDT,93197,0.53,82324.266,4,4,82324.262,0.0,0.0,0.0,0.004,155328.803774
1742018,IT,US,ADDIT,AUXIL,0.19,82305.8,5,5,82304.794,0.0,1.0,0.0,0.006,433188.421053
1656639,IT,DE,PRINT,REALE,0.79,82298.15,4,4,82298.144,0.0,0.0,0.0,0.006,104174.873418
1728448,IT,SE,WEARI,93197,0.62,82294.451,4,4,82294.435,0.0,0.0,0.0,0.016,132732.985484
1767470,IT,RU,SEACO,MEATP,0.08,82290.828,3,3,82290.828,0.0,0.0,0.0,0.0,1028635.35
1685005,IT,HU,VEGE1,WHOLE,0.25,82290.262,5,5,82289.244,0.0,1.0,0.0,0.018,329161.048
1779686,IT,TR,RESEA,CONST,0.45,82288.257,4,4,82288.251,0.0,0.0,0.0,0.006,182862.793333
1716303,IT,NL,FABRI,BIODI,0.33,82287.889,4,4,82287.883,0.0,0.0,0.0,0.006,249357.239394
1657164,IT,DE,NFERT,OILSE,0.02,82280.57,4,4,82280.563,0.0,0.0,0.0,0.007,4114028.5
1640414,IT,AT,VEGE1,RAWMI,0.25,82280.374,5,5,82279.356,0.0,1.0,0.0,0.018,329121.496
1728304,IT,SE,BEVER,RETA1,0.35,82275.919,4,4,82275.914,0.0,0.0,0.0,0.005,235074.054286
1728553,IT,SE,PAPER,BEVER,0.32,82274.345,5,5,82273.337,0.0,1.0,0.0,0.008,257107.328125
1713031,IT,MT,MEAT1,FISH5,0.38,82273.194,4,4,82273.184,0.0,0.0,0.0,0.01,216508.405263
1673634,IT,FR,WOODW,COMPU,0.23,82268.11,5,5,82267.104,0.0,1.0,0.0,0.006,357687.434783
1774748,IT,CH,SUPPO,FINAN,0.59,82267.063,4,4,82267.059,0.0,0.0,0.0,0.004,139435.7
1805628,IT,WF,NONME,SUGA1,0.17,82264.327,4,4,82264.318,0.0,0.0,0.0,0.009,483907.805882
1770489,IT,AU,AIRTR,OFFIC,0.09,82261.649,4,4,82261.646,0.0,0.0,0.0,0.003,914018.322222
1660898,IT,DE,BUSIN,VEGET,0.84,82257.399,4,4,82257.393,0.0,0.0,0.0,0.006,97925.475
1642574,IT,AT,FABRI,CEREA,0.33,82251.064,4,4,82251.058,0.0,0.0,0.0,0.006,249245.648485
1657395,IT,DE,RUBBE,VEGE1,0.27,82250.735,4,4,82250.728,0.0,0.0,0.0,0.007,304632.351852
1756869,IT,KR,POSTT,WHOLE,1.35,82249.5,4,4,82249.494,0.0,0.0,0.0,0.006,60925.555556
1650005,IT,BG,MACHI,COPPE,0.46,82247.899,4,4,82247.892,0.0,0.0,0.0,0.007,178799.780435
1814010,IT,WM,SEACO,FABRI,0.08,82236.438,3,3,82236.438,0.0,0.0,0.0,0.0,1027955.475
1745645,IT,JP,TEXTI,BASIC,0.49,82229.352,4,4,82229.341,0.0,0.0,0.0,0.011,167815.004082
1685638,IT,HU,KEROS,RUBBE,0.12,82220.023,4,4,82220.016,0.0,0.0,0.0,0.007,685166.858333
1722142,IT,PL,BUSIN,SALEM,0.84,82217.294,4,4,82217.288,0.0,0.0,0.0,0.006,97877.730952
1656578,IT,DE,PRINT,GASDI,0.79,82212.546,4,4,82212.54,0.0,0.0,0.0,0.006,104066.513924
1753779,IT,CA,FURNI,FINAN,0.26,82205.638,4,4,82205.631,0.0,0.0,0.0,0.007,316175.530769
1723714,IT,PT,MACHI,ELEC4,0.46,82201.844,4,4,82201.837,0.0,0.0,0.0,0.007,178699.66087
1782078,IT,NO,GLASS,FABRI,0.23,82200.805,4,4,82200.8,0.0,0.0,0.0,0.005,357394.804348
1755210,IT,KR,WOODW,FABRI,0.23,82190.214,5,5,82189.208,0.0,1.0,0.0,0.006,357348.756522
1761343,IT,IN,GLASS,FABRI,0.23,82188.552,4,4,82188.547,0.0,0.0,0.0,0.005,357341.530435
1769069,IT,AU,PLAST,PRINT,0.17,82187.031,4,4,82187.023,0.0,0.0,0.0,0.008,483453.123529
1761044,IT,IN,PLAST,GLASS,0.17,82181.924,4,4,82181.916,0.0,0.0,0.0,0.008,483423.082353
1801177,IT,WE,FABRI,TOBAC,0.33,82181.232,4,4,82181.226,0.0,0.0,0.0,0.006,249034.036364
1659282,IT,DE,SALEM,BUSIN,0.66,82179.527,4,4,82179.522,0.0,0.0,0.0,0.005,124514.434848
1778110,IT,TR,MOTO1,RETAI,0.44,82179.056,4,4,82179.051,0.0,0.0,0.0,0.005,186770.581818
1803716,IT,WF,FISH5,VEGET,0.35,82175.044,4,4,82175.002,0.0,0.0,0.0,0.042,234785.84
1735407,IT,SK,BASIC,MEAT4,0.09,82166.282,4,4,82166.277,0.0,0.0,0.0,0.005,912958.688889
1765485,IT,RU,WEARI,WEARI,0.62,82164.713,4,4,82164.697,0.0,0.0,0.0,0.016,132523.730645
1687520,IT,HU,LANDT,NAPHT,0.53,82164.351,4,4,82164.347,0.0,0.0,0.0,0.004,155027.077358
1752663,IT,CA,WEARI,TEXTI,0.62,82157.816,4,4,82157.8,0.0,0.0,0.0,0.016,132512.606452
1750003,IT,CN,NONME,TEXTI,0.17,82155.295,4,4,82155.286,0.0,0.0,0.0,0.009,483266.441176
1757028,IT,KR,BUSIN,GASDI,0.84,82151.199,4,4,82151.193,0.0,0.0,0.0,0.006,97799.046429
1709611,IT,LT,PAPER,RETA1,0.32,82150.875,5,5,82149.867,0.0,1.0,0.0,0.008,256721.484375
1676241,IT,FR,CONST,93197,0.46,82147.038,4,4,82147.034,0.0,0.0,0.0,0.004,178580.517391
1678875,IT,GR,FISH5,SEACO,0.35,82143.969,4,4,82143.927,0.0,0.0,0.0,0.042,234697.054286
1814212,IT,WM,SUPPO,POSTT,0.59,82142.621,4,4,82142.617,0.0,0.0,0.0,0.004,139224.781356
1654355,IT,CZ,ELEC6,BIOG1,0.01,82139.724,4,4,82139.711,0.0,0.0,0.0,0.013,8213972.4
1671305,IT,FI,ALUM1,PLAST,0.14,82135.22,4,4,82135.213,0.0,0.0,0.0,0.007,586680.142857
1709756,IT,LT,RUBBE,CEREA,0.27,82129.239,4,4,82129.232,0.0,0.0,0.0,0.007,304182.366667
1650093,IT,BG,MACHI,RECRE,0.46,82123.797,4,4,82123.79,0.0,0.0,0.0,0.007,178529.993478
1686190,IT,HU,GLASS,BIOGA,0.23,82123.205,4,4,82123.2,0.0,0.0,0.0,0.005,357057.413043
1721453,IT,PL,AIRTR,DIST1,0.09,82116.173,4,4,82116.17,0.0,0.0,0.0,0.003,912401.922222
1722912,IT,PT,KEROS,FURNI,0.12,82114.574,4,4,82114.567,0.0,0.0,0.0,0.007,684288.116667
1720354,IT,PL,FABRI,INTER,0.33,82104.532,4,4,82104.526,0.0,0.0,0.0,0.006,248801.612121
1789002,IT,WA,HEAVY,WASTE,0.13,82100.623,4,4,82100.616,0.0,0.0,0.0,0.007,631543.253846
1776062,IT,TR,TEXTI,RENTI,0.49,82086.918,4,4,82086.907,0.0,0.0,0.0,0.011,167524.322449
1662022,IT,DK,PLAST,ELECT,0.17,82085.949,4,4,82085.941,0.0,0.0,0.0,0.008,482858.523529
1713259,IT,MT,PAPER,POSTT,0.32,82085.804,5,5,82084.796,0.0,1.0,0.0,0.008,256518.1375
1794310,IT,WL,MOTOR,BASIC,0.12,82075.762,4,4,82075.755,0.0,0.0,0.0,0.007,683964.683333
1711590,IT,LU,FINAN,REALE,1.07,82074.73,4,4,82074.728,0.0,0.0,0.0,0.002,76705.35514
1807982,IT,WF,PLAS1,SEACO,0.29,82071.089,4,4,82071.083,0.0,0.0,0.0,0.006,283003.755172
1683095,IT,HR,RUBBE,BRICK,0.27,82069.716,4,4,82069.709,0.0,0.0,0.0,0.007,303961.911111
1686725,IT,HU,COPP1,BIOG1,0.21,82065.675,4,4,82065.671,0.0,0.0,0.0,0.004,390788.928571
1641268,IT,AT,MOTOR,OFFIC,0.12,82063.601,4,4,82063.594,0.0,0.0,0.0,0.007,683863.341667
1808843,IT,WF,PRIVA,NICKE,18.31,82058.268,5,5,82057.255,1.0,0.0,0.0,0.013,4481.609394
1642921,IT,AT,TRANS,RENTI,0.49,82055.532,4,4,82055.528,0.0,0.0,0.0,0.004,167460.269388
1740648,IT,US,CRUDE,CONST,0.16,82051.07,4,4,82051.063,0.0,0.0,0.0,0.007,512819.1875
1797554,IT,WL,PUBLI,FISH5,1.34,82037.203,4,4,82037.197,0.0,0.0,0.0,0.006,61221.793284
1640142,IT,AT,CEREA,WHOLE,0.13,82034.814,4,4,82034.809,0.0,0.0,0.0,0.005,631037.030769
1650446,IT,BG,ELEC4,BUSIN,1.31,82028.26,4,4,82028.255,0.0,0.0,0.0,0.005,62616.992366
1799967,IT,WE,HEAVY,COALT,0.13,82017.986,4,4,82017.979,0.0,0.0,0.0,0.007,630907.584615
1751321,IT,CN,LANDT,RUBBE,0.53,82012.379,4,4,82012.375,0.0,0.0,0.0,0.004,154740.337736
1750247,IT,CN,COPP1,CEMEN,0.21,82008.062,4,4,82008.058,0.0,0.0,0.0,0.004,390514.580952
1729179,IT,SE,GLASS,PLAS1,0.23,82002.649,4,4,82002.644,0.0,0.0,0.0,0.005,356533.256522
1765325,IT,RU,FOOD5,VEGE1,0.39,81998.349,4,4,81998.342,0.0,0.0,0.0,0.007,210252.176923
1655368,IT,DE,CROPS,CATTL,0.65,81996.276,4,4,81996.271,0.0,0.0,0.0,0.005,126148.116923
1655329,IT,DE,VEGET,MOTO1,0.29,81994.012,4,4,81994.009,0.0,0.0,0.0,0.003,282737.972414
1757846,IT,BR,CHEM1,SANDC,0.17,81990.081,4,4,81990.072,0.0,0.0,0.0,0.009,482294.594118
1676871,IT,FR,LANDT,INERT,0.53,81988.935,4,4,81988.931,0.0,0.0,0.0,0.004,154696.103774
1738414,IT,GB,ALUM1,PRINT,0.14,81988.389,4,4,81988.382,0.0,0.0,0.0,0.007,585631.35
1682573,IT,HR,MOTOR,BUSIN,0.12,81987.111,4,4,81987.104,0.0,0.0,0.0,0.007,683225.925
1666288,IT,ES,LIQUE,VEGET,0.14,81980.15,4,4,81980.143,0.0,0.0,0.0,0.007,585572.5
1648660,IT,BG,DAIRY,WHOLE,0.33,81977.581,5,5,81976.575,0.0,1.0,0.0,0.006,248416.912121
1677406,IT,FR,INSUR,OFFIC,1.69,81967.155,4,4,81967.151,0.0,0.0,0.0,0.004,48501.275148
1718873,IT,PL,PAPER,93197,0.32,81965.177,5,5,81964.169,0.0,1.0,0.0,0.008,256141.178125
1784393,IT,ID,GLASS,RETAI,0.22,81963.956,4,4,81963.951,0.0,0.0,0.0,0.005,372563.436364
1670593,IT,FI,WEARI,FISHF,0.62,81957.523,4,4,81957.507,0.0,0.0,0.0,0.016,132189.553226
1793636,IT,WL,DAIRY,PFERT,0.33,81952.986,5,5,81951.98,0.0,1.0,0.0,0.006,248342.381818
1806513,IT,WF,TRANS,HEALT,0.49,81952.05,4,4,81952.046,0.0,0.0,0.0,0.004,167249.081633
1793502,IT,WL,CHEMI,PREC1,0.2,81948.955,5,5,81944.947,0.0,0.0,4.0,0.008,409744.775
1713028,IT,MT,MEAT1,VEGET,0.38,81948.24,4,4,81948.23,0.0,0.0,0.0,0.01,215653.263158
1689478,IT,IE,HOTEL,PUBLI,0.59,81945.418,4,4,81945.412,0.0,0.0,0.0,0.006,138890.538983
1717162,IT,NL,AIRTR,CONST,0.09,81944.261,4,4,81944.258,0.0,0.0,0.0,0.003,910491.788889
1775124,IT,CH,COMPU,DIST1,0.94,81933.394,4,4,81933.389,0.0,0.0,0.0,0.005,87163.185106
1657501,IT,DE,RUBBE,FOOD3,0.27,81932.493,4,4,81932.486,0.0,0.0,0.0,0.007,303453.677778
1668335,IT,ES,WHOLE,RENTI,0.71,81929.143,4,4,81929.138,0.0,0.0,0.0,0.005,115393.159155
1676695,IT,FR,RAILW,FABRI,0.55,81922.544,5,5,81921.54,0.0,0.0,1.0,0.004,148950.08
1805359,IT,WF,RUBBE,MOTOR,0.27,81910.981,4,4,81910.974,0.0,0.0,0.0,0.007,303374.003704
1729899,IT,SE,TRANS,COMPU,0.49,81909.609,4,4,81909.605,0.0,0.0,0.0,0.004,167162.467347
1769174,IT,AU,CHEM1,TRANS,0.17,81896.465,4,4,81896.456,0.0,0.0,0.0,0.009,481743.911765
1773911,IT,CH,CONST,CHEM1,0.46,81888.084,4,4,81888.08,0.0,0.0,0.0,0.004,178017.573913
1810183,IT,WM,WEARI,INSUR,0.62,81886.447,4,4,81886.431,0.0,0.0,0.0,0.016,132074.914516
1786858,IT,ZA,SEACO,FOOD5,0.08,81879.134,3,3,81879.134,0.0,0.0,0.0,0.0,1023489.175
1761505,IT,IN,ALUM1,PREC1,0.14,81875.53,4,4,81875.523,0.0,0.0,0.0,0.007,584825.214286
1808396,IT,WF,WASTE,HOTEL,0.26,81866.166,4,4,81866.162,0.0,0.0,0.0,0.004,314869.869231
1739184,IT,GB,RETA1,CEMEN,0.85,81860.445,4,4,81860.44,0.0,0.0,0.0,0.005,96306.405882
1718295,IT,PL,FOOD5,OFFIC,0.39,81858.75,4,4,81858.743,0.0,0.0,0.0,0.007,209894.230769
1656691,IT,DE,COKEO,CONST,0.01,81855.75,3,3,81855.75,0.0,0.0,0.0,0.0,8185575.0
1805678,IT,WF,BASIC,COKIN,0.09,81852.783,4,4,81852.778,0.0,0.0,0.0,0.005,909475.366667
1801166,IT,WE,FABRI,MEATC,0.33,81845.785,4,4,81845.779,0.0,0.0,0.0,0.006,248017.530303
1718805,IT,PL,PAPER,BIODI,0.32,81839.908,5,5,81838.9,0.0,1.0,0.0,0.008,255749.7125
1647496,IT,BE,SUPPO,GASDI,0.59,81832.311,4,4,81832.307,0.0,0.0,0.0,0.004,138698.832203
1769546,IT,AU,ALUM1,OFFIC,0.14,81826.862,4,4,81826.855,0.0,0.0,0.0,0.007,584477.585714
1806202,IT,WF,MACHI,CRUDE,0.46,81817.712,4,4,81817.705,0.0,0.0,0.0,0.007,177864.591304
1646993,IT,BE,RETA1,PRINT,0.85,81803.917,4,4,81803.912,0.0,0.0,0.0,0.005,96239.902353
1758338,IT,BR,NONF1,LEAD1,0.02,81802.432,3,3,81802.432,0.0,0.0,0.0,0.0,4090121.6
1786132,IT,ZA,BASIC,NONME,0.09,81796.448,4,4,81796.443,0.0,0.0,0.0,0.005,908849.422222
1778147,IT,TR,TRANS,FURNI,0.49,81793.36,4,4,81793.356,0.0,0.0,0.0,0.004,166925.22449
1776286,IT,TR,PAPER,BEVER,0.32,81791.132,5,5,81790.124,0.0,1.0,0.0,0.008,255597.2875
1774019,IT,CH,RETAI,HEAVY,0.64,81790.091,4,4,81790.086,0.0,0.0,0.0,0.005,127797.017188
1798699,IT,WE,DAIRY,LEATH,0.33,81789.29,5,5,81788.284,0.0,1.0,0.0,0.006,247846.333333
1738643,IT,GB,MACHI,BITUM,0.46,81787.67,4,4,81787.663,0.0,0.0,0.0,0.007,177799.282609
1780386,IT,TW,AIRTR,SUPPO,0.09,81773.056,4,4,81773.053,0.0,0.0,0.0,0.003,908589.511111
1645673,IT,BE,CHEM1,PLAS1,0.17,81767.074,4,4,81767.065,0.0,0.0,0.0,0.009,480982.788235
1759782,IT,BR,BUSIN,ELEC5,0.84,81766.896,4,4,81766.89,0.0,0.0,0.0,0.006,97341.542857
1771949,IT,CH,PAPER,ELECT,0.32,81764.983,5,5,81763.975,0.0,1.0,0.0,0.008,255515.571875
1788372,IT,WA,WOODW,MEAT4,0.23,81764.118,5,5,81763.112,0.0,1.0,0.0,0.006,355496.165217
1645225,IT,BE,COALT,COKEO,0.13,81757.566,4,4,81757.561,0.0,0.0,0.0,0.005,628904.353846
1766931,IT,RU,MOTO1,NATUR,0.44,81757.461,4,4,81757.456,0.0,0.0,0.0,0.005,185812.411364
1746124,IT,JP,KEROS,AIRTR,0.12,81750.747,4,4,81750.74,0.0,0.0,0.0,0.007,681256.225
1718588,IT,PL,LEATH,STONE,0.59,81747.41,5,5,81746.396,0.0,1.0,0.0,0.014,138554.932203
1686472,IT,HU,PREC1,CROPS,0.14,81746.056,4,4,81746.052,0.0,0.0,0.0,0.004,583900.4
1802773,IT,WE,BUSIN,PAPER,0.84,81745.6,4,4,81745.594,0.0,0.0,0.0,0.006,97316.190476
1668449,IT,ES,RETA1,RESEA,0.85,81741.252,4,4,81741.247,0.0,0.0,0.0,0.005,96166.178824
1814272,IT,WM,POSTT,CONST,1.35,81741.248,4,4,81741.242,0.0,0.0,0.0,0.006,60549.072593
1798923,IT,WE,FISH5,FISH5,0.34,81739.721,4,4,81739.679,0.0,0.0,0.0,0.042,240410.944118
1794581,IT,WL,HEAVY,CERAM,0.13,81733.67,4,4,81733.663,0.0,0.0,0.0,0.007,628720.538462
1810819,IT,WM,KEROS,PFERT,0.12,81731.927,4,4,81731.92,0.0,0.0,0.0,0.007,681099.391667
1752807,IT,CA,PAPER,PULP5,0.32,81725.017,5,5,81724.009,0.0,1.0,0.0,0.008,255390.678125
1671572,IT,FI,MOTO1,RUBBE,0.43,81721.546,4,4,81721.541,0.0,0.0,0.0,0.005,190050.106977
1732287,IT,SI,NAPHT,SANDC,0.14,81719.707,4,4,81719.701,0.0,0.0,0.0,0.006,583712.192857
1648184,IT,BE,BUSIN,NONSP,0.84,81710.672,4,4,81710.666,0.0,0.0,0.0,0.006,97274.609524
1786241,IT,ZA,NONF1,MOTO1,0.02,81692.689,3,3,81692.689,0.0,0.0,0.0,0.0,4084634.45
1750265,IT,CN,COPP1,SECO9,0.21,81692.528,4,4,81692.524,0.0,0.0,0.0,0.004,389012.038095
1640839,IT,AT,LEATH,VEGET,0.59,81685.839,5,5,81684.825,0.0,1.0,0.0,0.014,138450.574576
1754861,IT,KR,BEVER,EDUCA,0.35,81684.75,4,4,81684.745,0.0,0.0,0.0,0.005,233385.0
1785634,IT,ZA,HEAVY,FISHF,0.13,81682.146,4,4,81682.139,0.0,0.0,0.0,0.007,628324.2
1675104,IT,FR,LEAD1,PLAST,0.14,81680.653,4,4,81680.646,0.0,0.0,0.0,0.007,583433.235714
1673627,IT,FR,WOODW,SEACO,0.23,81674.551,5,5,81673.545,0.0,1.0,0.0,0.006,355106.743478
1747528,IT,JP,AIRTR,RAWMI,0.09,81668.143,4,4,81668.14,0.0,0.0,0.0,0.003,907423.811111
1664894,IT,ES,CRUDE,MOTOR,0.16,81665.939,4,4,81665.932,0.0,0.0,0.0,0.007,510412.11875
1773263,IT,CH,FABRI,FOODW,0.33,81665.4,4,4,81665.394,0.0,0.0,0.0,0.006,247470.909091
1756749,IT,KR,AIRTR,LEATH,0.09,81659.979,4,4,81659.976,0.0,0.0,0.0,0.003,907333.1
1655839,IT,DE,VEGE1,CONST,0.25,81657.372,4,4,81657.354,0.0,0.0,0.0,0.018,326629.488
1785796,IT,ZA,CHEM1,HYDRO,0.17,81657.113,4,4,81657.104,0.0,0.0,0.0,0.009,480335.958824
1724267,IT,PT,LANDT,GASDI,0.53,81652.643,4,4,81652.639,0.0,0.0,0.0,0.004,154061.590566
1749652,IT,CN,CHEM1,REFI1,0.17,81647.421,4,4,81647.412,0.0,0.0,0.0,0.009,480278.947059
1659827,IT,DE,LANDT,LEAD1,0.53,81646.704,4,4,81646.7,0.0,0.0,0.0,0.004,154050.384906
1794074,IT,WL,PAPER,LEATH,0.32,81645.629,5,5,81644.621,0.0,1.0,0.0,0.008,255142.590625
1640258,IT,AT,STONE,WOODW,0.26,81644.745,5,5,81639.741,0.0,0.0,5.0,0.004,314018.25
1721119,IT,PL,RAILW,FOOD5,0.55,81642.911,5,5,81641.907,0.0,0.0,1.0,0.004,148441.656364
1649915,IT,BG,FABRI,PULP5,0.33,81642.838,4,4,81642.832,0.0,0.0,0.0,0.006,247402.539394
1738301,IT,GB,BASIC,PULP5,0.09,81641.898,4,4,81641.893,0.0,0.0,0.0,0.005,907132.2
1713809,IT,MT,FURNI,CONST,0.26,81638.808,4,4,81638.801,0.0,0.0,0.0,0.007,313995.415385
1649390,IT,BG,CHEM1,CHEMI,0.17,81637.936,4,4,81637.927,0.0,0.0,0.0,0.009,480223.152941
1782967,IT,NO,AIRTR,HEALT,0.09,81636.819,4,4,81636.816,0.0,0.0,0.0,0.003,907075.766667
1735305,IT,SK,GLASS,SUPPO,0.22,81635.217,4,4,81635.212,0.0,0.0,0.0,0.005,371069.168182
1650113,IT,BG,OFFIC,DIST1,0.25,81630.345,4,4,81630.339,0.0,0.0,0.0,0.006,326521.38
1763859,IT,MX,NONME,PREC1,0.16,81629.342,4,4,81629.333,0.0,0.0,0.0,0.009,510183.3875
1791038,IT,WA,TRANS,RAWMI,0.49,81625.314,4,4,81625.31,0.0,0.0,0.0,0.004,166582.273469
1655736,IT,DE,MEATC,FURNI,0.27,81621.594,5,5,81620.589,0.0,1.0,0.0,0.005,302302.2
1810492,IT,WM,PAPER,STONE,0.32,81619.977,5,5,81618.969,0.0,1.0,0.0,0.008,255062.428125
1649134,IT,BG,PAPER,SUPPO,0.32,81618.42,5,5,81617.412,0.0,1.0,0.0,0.008,255057.5625
1719043,IT,PL,HEAVY,CONST,0.13,81615.235,4,4,81615.228,0.0,0.0,0.0,0.007,627809.5
1760300,IT,IN,FISHF,FISH5,0.14,81598.657,4,4,81598.654,0.0,0.0,0.0,0.003,582847.55
1724332,IT,PT,TRAN2,TRAN2,0.13,81597.322,4,4,81597.32,0.0,0.0,0.0,0.002,627671.707692
1758879,IT,BR,HOTEL,ELECT,0.59,81593.707,4,4,81593.701,0.0,0.0,0.0,0.006,138294.418644
1648496,IT,BG,OILSE,CONST,0.06,81587.872,5,5,81586.868,0.0,1.0,0.0,0.004,1359797.866667
1715884,IT,NL,RUBBE,EDUCA,0.27,81580.386,4,4,81580.379,0.0,0.0,0.0,0.007,302149.577778
1652055,IT,CZ,FORES,WOODW,0.71,81575.489,5,5,81544.487,0.0,31.0,0.0,0.002,114895.05493
1799506,IT,WE,PAPER,POSTT,0.32,81570.261,5,5,81569.253,0.0,1.0,0.0,0.008,254907.065625
1795226,IT,WL,GLASS,POSTT,0.22,81569.489,4,4,81569.484,0.0,0.0,0.0,0.005,370770.404545
1751947,IT,CN,COMPU,INSUR,0.93,81568.604,4,4,81568.599,0.0,0.0,0.0,0.005,87708.176344
1774106,IT,CH,WHOLE,NONME,0.7,81567.413,4,4,81567.408,0.0,0.0,0.0,0.005,116524.875714
1741519,IT,US,KEROS,ELEC3,0.12,81567.08,4,4,81567.073,0.0,0.0,0.0,0.007,679725.666667
1782034,IT,NO,RUBBE,PAPE1,0.27,81567.015,4,4,81567.008,0.0,0.0,0.0,0.007,302100.055556
1680236,IT,GR,TRANS,FURNI,0.49,81566.991,4,4,81566.987,0.0,0.0,0.0,0.004,166463.246939
1749735,IT,CN,ADDIT,VEGE1,0.19,81559.732,5,5,81558.726,0.0,1.0,0.0,0.006,429261.747368
1648537,IT,BG,CRUDE,MEAT1,0.16,81558.592,4,4,81558.585,0.0,0.0,0.0,0.007,509741.2
1720052,IT,PL,ALUM1,DIST1,0.14,81556.002,4,4,81555.995,0.0,0.0,0.0,0.007,582542.871429
1734977,IT,SK,PARAF,MOTOR,0.13,81554.47,4,4,81554.464,0.0,0.0,0.0,0.006,627342.076923
1746335,IT,JP,ADDIT,LEAD1,0.19,81551.678,5,5,81550.672,0.0,1.0,0.0,0.006,429219.357895
1789098,IT,WA,BITU1,PUBLI,0.13,81546.81,4,4,81546.804,0.0,0.0,0.0,0.006,627283.153846
1657511,IT,DE,GLASS,WHEAT,0.22,81544.321,4,4,81544.316,0.0,0.0,0.0,0.005,370656.004545
1803387,IT,WF,CHEMI,ELEC4,0.19,81536.042,5,5,81532.034,0.0,0.0,4.0,0.008,429137.063158
1689463,IT,IE,HOTEL,LANDT,0.59,81532.389,4,4,81532.383,0.0,0.0,0.0,0.006,138190.489831
1687082,IT,HU,MOTO1,WHOLE,0.43,81525.777,4,4,81525.772,0.0,0.0,0.0,0.005,189594.830233
1771559,IT,CH,TEXTI,BASIC,0.48,81520.815,4,4,81520.804,0.0,0.0,0.0,0.011,169835.03125
1794080,IT,WL,PAPER,MOTOR,0.32,81516.28,5,5,81515.272,0.0,1.0,0.0,0.008,254738.375
1779647,IT,TR,RESEA,PRINT,0.44,81516.205,4,4,81516.199,0.0,0.0,0.0,0.006,185264.102273
1731211,IT,SI,CHEMI,WHOLE,0.19,81512.309,5,5,81508.301,0.0,0.0,4.0,0.008,429012.152632
1764136,IT,MX,FABRI,COLLE,0.33,81504.558,4,4,81504.552,0.0,0.0,0.0,0.006,246983.509091
1794741,IT,WL,PARAF,CHEM1,0.13,81504.077,4,4,81504.071,0.0,0.0,0.0,0.006,626954.438462
1714550,IT,NL,CRUDE,DISTR,0.16,81501.914,4,4,81501.907,0.0,0.0,0.0,0.007,509386.9625
1719836,IT,PL,BASIC,STEAM,0.09,81499.819,4,4,81499.814,0.0,0.0,0.0,0.005,905553.544444
1775313,IT,CH,BUSIN,RETAI,0.84,81498.075,4,4,81498.069,0.0,0.0,0.0,0.006,97021.517857
1745335,IT,JP,VEGE1,PRINT,0.25,81496.343,4,4,81496.325,0.0,0.0,0.0,0.018,325985.372
1689158,IT,IE,SALEM,AUXIL,0.66,81494.867,4,4,81494.862,0.0,0.0,0.0,0.005,123477.071212
1762306,IT,IN,AIRTR,AUXIL,0.09,81494.788,4,4,81494.785,0.0,0.0,0.0,0.003,905497.644444
1762420,IT,IN,POSTT,CONST,1.34,81493.927,4,4,81493.921,0.0,0.0,0.0,0.006,60816.363433
1755847,IT,KR,CEMEN,INTER,0.13,81485.646,5,5,81484.642,0.0,0.0,1.0,0.004,626812.661538
1774342,IT,CH,HOTEL,MEDIC,0.59,81482.759,4,4,81482.753,0.0,0.0,0.0,0.006,138106.371186
1649078,IT,BG,PAPER,TEXTI,0.32,81481.695,5,5,81480.687,0.0,1.0,0.0,0.008,254630.296875
1790301,IT,WA,ALUM1,BEVER,0.14,81479.704,4,4,81479.697,0.0,0.0,0.0,0.007,581997.885714
1747153,IT,JP,CONST,RUBBE,0.46,81479.305,4,4,81479.301,0.0,0.0,0.0,0.004,177128.923913
1793815,IT,WL,TEXTI,FOOD5,0.48,81476.943,4,4,81476.932,0.0,0.0,0.0,0.011,169743.63125
1686030,IT,HU,BIODI,RENTI,0.17,81475.847,4,4,81475.838,0.0,0.0,0.0,0.009,479269.688235
1657778,IT,DE,NONME,FISH5,0.16,81474.399,4,4,81474.39,0.0,0.0,0.0,0.009,509214.99375
1803085,IT,WF,CEREA,BUSIN,0.13,81472.212,4,4,81472.207,0.0,0.0,0.0,0.005,626709.323077
1776653,IT,TR,GASDI,MEMBE,0.12,81467.001,4,4,81466.994,0.0,0.0,0.0,0.007,678891.675
1641802,IT,AT,CHEM1,ELECT,0.17,81463.526,4,4,81463.517,0.0,0.0,0.0,0.009,479197.211765
1656672,IT,DE,COKEO,HEAVY,0.01,81463.205,3,3,81463.205,0.0,0.0,0.0,0.0,8146320.5
1721535,IT,PL,SUPPO,MOTO1,0.59,81462.292,4,4,81462.288,0.0,0.0,0.0,0.004,138071.681356
1676046,IT,FR,ELEC6,RAILW,0.01,81461.057,4,4,81461.044,0.0,0.0,0.0,0.013,8146105.7
1807973,IT,WF,PLAS1,CONST,0.29,81452.627,4,4,81452.622,0.0,0.0,0.0,0.005,280871.127586
1742132,IT,US,RUBBE,FINAN,0.27,81449.454,4,4,81449.447,0.0,0.0,0.0,0.007,301664.644444
1658797,IT,DE,MOTO1,GLASS,0.43,81445.144,4,4,81445.139,0.0,0.0,0.0,0.005,189407.311628
1661395,IT,DK,VEGE1,MEATP,0.25,81444.577,4,4,81444.559,0.0,0.0,0.0,0.018,325778.308
1748491,IT,CN,STONE,RESEA,0.26,81438.83,5,5,81433.826,0.0,0.0,5.0,0.004,313226.269231
1753634,IT,CA,MACHI,93197,0.45,81431.65,4,4,81431.643,0.0,0.0,0.0,0.007,180959.222222
1713489,IT,MT,RUBBE,PLAST,0.27,81431.577,4,4,81431.57,0.0,0.0,0.0,0.007,301598.433333
1811306,IT,WM,BITU1,NONF1,0.13,81427.446,4,4,81427.44,0.0,0.0,0.0,0.006,626364.969231
1688373,IT,IE,FOOD5,CATTL,0.39,81422.226,4,4,81422.219,0.0,0.0,0.0,0.007,208774.938462
1725050,IT,RO,OILSE,MEATP,0.06,81418.867,5,5,81417.863,0.0,1.0,0.0,0.004,1356981.116667
1780482,IT,TW,POSTT,NAPHT,1.34,81417.304,4,4,81417.298,0.0,0.0,0.0,0.006,60759.18209
1772452,IT,CH,CHEM1,FOODW,0.17,81409.148,4,4,81409.139,0.0,0.0,0.0,0.009,478877.341176
1679135,IT,GR,PAPER,FURNI,0.32,81401.608,5,5,81400.6,0.0,1.0,0.0,0.008,254380.025
1686496,IT,HU,PREC1,PREC1,0.14,81396.384,4,4,81396.38,0.0,0.0,0.0,0.004,581402.742857
1739670,IT,GB,SUPPO,FISHF,0.59,81390.435,4,4,81390.431,0.0,0.0,0.0,0.004,137949.889831
1726216,IT,RO,NONME,WOODW,0.16,81382.833,4,4,81382.824,0.0,0.0,0.0,0.009,508642.70625
1800364,IT,WE,CHEM1,CHEM1,0.17,81373.865,4,4,81373.856,0.0,0.0,0.0,0.009,478669.794118
1775172,IT,CH,RESEA,LIQUE,0.44,81368.525,4,4,81368.519,0.0,0.0,0.0,0.006,184928.465909
1718597,IT,PL,LEATH,WOODW,0.58,81368.489,5,5,81367.475,0.0,1.0,0.0,0.014,140290.498276
1677042,IT,FR,SUPPO,MOTOR,0.58,81366.318,4,4,81366.314,0.0,0.0,0.0,0.004,140286.755172
1800096,IT,WE,NAPHT,PRINT,0.14,81362.795,4,4,81362.789,0.0,0.0,0.0,0.006,581162.821429
1682157,IT,HR,TEXTI,REALE,0.48,81360.675,4,4,81360.664,0.0,0.0,0.0,0.011,169501.40625
1813936,IT,WM,TRAN2,LIQUE,0.13,81352.241,4,4,81352.239,0.0,0.0,0.0,0.002,625786.469231
1738253,IT,GB,CEMEN,BUSIN,0.13,81351.648,5,5,81350.644,0.0,0.0,1.0,0.004,625781.907692
1758297,IT,BR,ALUM1,CONST,0.14,81349.475,4,4,81349.468,0.0,0.0,0.0,0.007,581067.678571
1679583,IT,GR,RUBBE,MOTO1,0.27,81342.947,4,4,81342.94,0.0,0.0,0.0,0.007,301270.174074
1688711,IT,IE,CHEM1,TRAN1,0.17,81339.143,4,4,81339.134,0.0,0.0,0.0,0.009,478465.547059
1664792,IT,ES,VEGET,MEATP,0.29,81336.545,4,4,81336.542,0.0,0.0,0.0,0.003,280470.844828
1662043,IT,DK,CHEM1,FISHF,0.17,81323.526,4,4,81323.517,0.0,0.0,0.0,0.009,478373.682353
1776179,IT,TR,LEATH,HEALT,0.58,81318.473,5,5,81317.459,0.0,1.0,0.0,0.014,140204.263793
1655550,IT,DE,STONE,ELEC7,0.26,81314.464,5,5,81309.46,0.0,0.0,5.0,0.004,312747.938462
1688346,IT,IE,DAIRY,HOTEL,0.33,81313.138,5,5,81312.132,0.0,1.0,0.0,0.006,246403.448485
1749884,IT,CN,RUBBE,AIRTR,0.27,81312.459,4,4,81312.452,0.0,0.0,0.0,0.007,301157.255556
1656161,IT,DE,TEXTI,RAWMI,0.48,81307.345,4,4,81307.334,0.0,0.0,0.0,0.011,169390.302083
1667794,IT,ES,OFFIC,ALUM1,0.25,81301.584,4,4,81301.578,0.0,0.0,0.0,0.006,325206.336
1686434,IT,HU,BASIC,STEAM,0.09,81297.243,4,4,81297.238,0.0,0.0,0.0,0.005,903302.7
1809738,IT,WM,FOOD5,CEREA,0.39,81296.48,4,4,81296.473,0.0,0.0,0.0,0.007,208452.512821
1739409,IT,GB,RAILW,RECRE,0.54,81285.991,5,5,81284.987,0.0,0.0,1.0,0.004,150529.612963
1641967,IT,AT,RUBBE,KEROS,0.27,81284.603,4,4,81284.596,0.0,0.0,0.0,0.007,301054.085185
1769279,IT,AU,RUBBE,RADIO,0.27,81284.572,4,4,81284.565,0.0,0.0,0.0,0.007,301053.97037
1788766,IT,WA,MOTOR,HEALT,0.12,81268.285,4,4,81268.278,0.0,0.0,0.0,0.007,677235.708333
1758248,IT,BR,BASIC,SUPPO,0.09,81267.588,4,4,81267.583,0.0,0.0,0.0,0.005,902973.2
1796451,IT,WL,WHOLE,93197,0.7,81267.457,4,4,81267.452,0.0,0.0,0.0,0.005,116096.367143
1658416,IT,DE,FABRI,HEAVY,0.33,81264.03,4,4,81264.024,0.0,0.0,0.0,0.006,246254.636364
1678710,IT,GR,DAIRY,FOOD5,0.33,81263.912,5,5,81262.906,0.0,1.0,0.0,0.006,246254.278788
1740953,IT,US,FOOD5,INSUR,0.39,81260.411,4,4,81260.404,0.0,0.0,0.0,0.007,208360.028205
1764905,IT,MX,AIRTR,FINAN,0.09,81256.565,4,4,81256.562,0.0,0.0,0.0,0.003,902850.722222
1761779,IT,IN,MACHI,ELEC3,0.45,81256.483,4,4,81256.476,0.0,0.0,0.0,0.007,180569.962222
1679130,IT,GR,PAPER,ELECT,0.31,81250.919,5,5,81249.911,0.0,1.0,0.0,0.008,262099.73871
1679461,IT,GR,CHEM1,LIQUE,0.17,81245.561,4,4,81245.552,0.0,0.0,0.0,0.009,477915.064706
1641513,IT,AT,HEAVY,TEXTI,0.13,81237.849,4,4,81237.842,0.0,0.0,0.0,0.007,624906.530769
1673899,IT,FR,MOTOR,CEREA,0.12,81236.958,4,4,81236.951,0.0,0.0,0.0,0.007,676974.65
1718989,IT,PL,COKEO,WHOLE,0.01,81235.703,3,3,81235.703,0.0,0.0,0.0,0.0,8123570.3
1757991,IT,BR,RUBBE,TEXTI,0.27,81234.22,4,4,81234.213,0.0,0.0,0.0,0.007,300867.481481
1658253,IT,DE,COPP1,PAPER,0.21,81227.694,4,4,81227.69,0.0,0.0,0.0,0.004,386798.542857
1801744,IT,WE,ELEC2,PRINT,0.02,81226.161,4,4,81226.153,0.0,0.0,0.0,0.008,4061308.05
1650854,IT,BG,LANDT,ELEC4,0.52,81220.648,4,4,81220.644,0.0,0.0,0.0,0.004,156193.553846
1763420,IT,MX,HEAVY,KEROS,0.13,81218.029,4,4,81218.022,0.0,0.0,0.0,0.007,624754.069231
1709405,IT,LT,BEVER,RETA1,0.35,81216.239,4,4,81216.234,0.0,0.0,0.0,0.005,232046.397143
1668293,IT,ES,WHOLE,NONME,0.7,81211.666,4,4,81211.661,0.0,0.0,0.0,0.005,116016.665714
1737349,IT,GB,BEVER,SEACO,0.35,81202.995,4,4,81202.99,0.0,0.0,0.0,0.005,232008.557143
1641577,IT,AT,HEAVY,FOOD2,0.13,81199.464,4,4,81199.457,0.0,0.0,0.0,0.007,624611.261538
1766406,IT,RU,BASIC,ELECT,0.09,81198.31,4,4,81198.305,0.0,0.0,0.0,0.005,902203.444444
1723371,IT,PT,BASIC,LEATH,0.09,81197.536,4,4,81197.531,0.0,0.0,0.0,0.005,902194.844444
1648654,IT,BG,DAIRY,PAPER,0.33,81190.909,5,5,81189.904,0.0,1.0,0.0,0.005,246033.057576
1814086,IT,WM,AIRTR,WEARI,0.09,81186.49,4,4,81186.487,0.0,0.0,0.0,0.003,902072.111111
1659821,IT,DE,LANDT,BRICK,0.52,81185.303,4,4,81185.299,0.0,0.0,0.0,0.004,156125.582692
1803048,IT,WF,CEREA,FOOD5,0.13,81164.854,4,4,81164.849,0.0,0.0,0.0,0.005,624345.030769
1680024,IT,GR,MACHI,KEROS,0.45,81163.665,4,4,81163.658,0.0,0.0,0.0,0.007,180363.7
1791876,IT,WA,LANDT,HEALT,0.52,81163.182,4,4,81163.178,0.0,0.0,0.0,0.004,156083.042308
1682905,IT,HR,NAPHT,OFFIC,0.14,81159.986,4,4,81159.98,0.0,0.0,0.0,0.006,579714.185714
1768237,IT,RU,HEALT,DAIRY,0.42,81154.648,4,4,81154.645,0.0,0.0,0.0,0.003,193225.352381
1776583,IT,TR,GASDI,CHEMI,0.12,81152.657,4,4,81152.65,0.0,0.0,0.0,0.007,676272.141667
1810974,IT,WM,GASDI,NONF1,0.12,81143.545,4,4,81143.538,0.0,0.0,0.0,0.007,676196.208333
1787651,IT,WA,MEAT4,RETA1,0.45,81141.753,4,4,81141.747,0.0,0.0,0.0,0.006,180315.006667
1648892,IT,BG,TEXTI,LANDT,0.48,81123.875,4,4,81123.864,0.0,0.0,0.0,0.011,169008.072917
1649956,IT,BG,FABRI,DIST1,0.33,81121.483,4,4,81121.477,0.0,0.0,0.0,0.006,245822.675758
1756735,IT,KR,SEACO,RECRE,0.08,81118.877,3,3,81118.877,0.0,0.0,0.0,0.0,1013985.9625
1677164,IT,FR,POSTT,CHEM1,1.34,81117.909,4,4,81117.903,0.0,0.0,0.0,0.006,60535.752985
1758824,IT,BR,RETA1,BUSIN,0.85,81115.388,4,4,81115.383,0.0,0.0,0.0,0.005,95429.868235
1765140,IT,MX,BUSIN,FOOD5,0.83,81113.731,4,4,81113.725,0.0,0.0,0.0,0.006,97727.386747
1752763,IT,CA,WOODW,RUBBE,0.23,81107.433,5,5,81106.428,0.0,1.0,0.0,0.005,352641.013043
1655500,IT,DE,CRUDE,WHITE,0.16,81106.842,4,4,81106.835,0.0,0.0,0.0,0.007,506917.7625
1789049,IT,WA,NAPHT,FURNI,0.14,81104.556,4,4,81104.55,0.0,0.0,0.0,0.006,579318.257143
1803575,IT,WF,DAIRY,93197,0.33,81103.617,5,5,81102.612,0.0,1.0,0.0,0.005,245768.536364
1778646,IT,TR,HOTEL,MACHI,0.59,81097.684,4,4,81097.678,0.0,0.0,0.0,0.006,137453.701695
1741829,IT,US,NFERT,WHOLE,0.02,81095.437,4,4,81095.43,0.0,0.0,0.0,0.007,4054771.85
1671429,IT,FI,FABRI,RADIO,0.33,81094.598,4,4,81094.592,0.0,0.0,0.0,0.006,245741.206061
1758658,IT,BR,FURNI,CONST,0.26,81090.958,4,4,81090.951,0.0,0.0,0.0,0.007,311888.3
1738302,IT,GB,BASIC,PAPER,0.09,81085.402,4,4,81085.397,0.0,0.0,0.0,0.005,900948.911111
1685754,IT,HU,PLAST,FOOD5,0.17,81084.619,4,4,81084.611,0.0,0.0,0.0,0.008,476968.347059
1680994,IT,GR,AIRTR,BEVER,0.09,81079.27,4,4,81079.267,0.0,0.0,0.0,0.003,900880.777778
1790395,IT,WA,LEAD1,MOTOR,0.14,81076.43,4,4,81076.423,0.0,0.0,0.0,0.007,579117.357143
1742900,IT,US,MACHI,NFERT,0.45,81068.962,4,4,81068.955,0.0,0.0,0.0,0.007,180153.248889
1738682,IT,GB,MACHI,BRICK,0.45,81067.678,4,4,81067.671,0.0,0.0,0.0,0.007,180150.395556
1683312,IT,HR,NONME,FISHF,0.16,81060.603,4,4,81060.594,0.0,0.0,0.0,0.009,506628.76875
1687406,IT,HU,HOTEL,LANDT,0.59,81052.888,4,4,81052.882,0.0,0.0,0.0,0.006,137377.776271
1785974,IT,ZA,RUBBE,HOTEL,0.27,81050.948,4,4,81050.941,0.0,0.0,0.0,0.007,300188.696296
1662174,IT,DK,RUBBE,LANDT,0.27,81049.131,4,4,81049.124,0.0,0.0,0.0,0.007,300181.966667
1788111,IT,WA,WEARI,NATUR,0.61,81048.567,4,4,81048.552,0.0,0.0,0.0,0.015,132866.503279
1667449,IT,ES,NONF1,TRANS,0.02,81047.88,3,3,81047.88,0.0,0.0,0.0,0.0,4052394.0
1760088,IT,BR,OILHA,FOOD4,0.46,81042.568,4,4,81042.564,0.0,0.0,0.0,0.004,176179.495652
1663050,IT,DK,HOTEL,INSUR,0.59,81042.381,4,4,81042.375,0.0,0.0,0.0,0.006,137359.967797
1646361,IT,BE,FABRI,BIODI,0.33,81040.71,4,4,81040.704,0.0,0.0,0.0,0.006,245577.909091
1675664,IT,FR,TRANS,FABRI,0.48,81040.589,4,4,81040.585,0.0,0.0,0.0,0.004,168834.560417
1675247,IT,FR,FABRI,BIODI,0.33,81029.893,4,4,81029.887,0.0,0.0,0.0,0.006,245545.130303
1645688,IT,BE,CHEM1,TEXT2,0.17,81023.193,4,4,81023.184,0.0,0.0,0.0,0.009,476607.017647
1715723,IT,NL,PLAST,MACHI,0.17,81019.984,4,4,81019.976,0.0,0.0,0.0,0.008,476588.141176
1807323,IT,WF,POSTT,SALEM,1.33,81014.262,4,4,81014.256,0.0,0.0,0.0,0.006,60912.978947
1774667,IT,CH,AIRTR,HOTEL,0.09,81009.529,4,4,81009.526,0.0,0.0,0.0,0.003,900105.877778
1779759,IT,TR,BUSIN,MACHI,0.83,81007.288,4,4,81007.282,0.0,0.0,0.0,0.006,97599.142169
1746728,IT,JP,FABRI,WHOLE,0.33,81005.317,4,4,81005.311,0.0,0.0,0.0,0.006,245470.657576
1644357,IT,BE,CHEMI,RUBBE,0.19,81001.071,5,5,80997.063,0.0,0.0,4.0,0.008,426321.426316
1646810,IT,BE,SALEM,LANDT,0.65,80992.692,4,4,80992.687,0.0,0.0,0.0,0.005,124604.141538
1649120,IT,BG,PAPER,DIST1,0.31,80988.034,5,5,80987.026,0.0,1.0,0.0,0.008,261251.722581
1676524,IT,FR,HOTEL,CEREA,0.59,80987.448,4,4,80987.442,0.0,0.0,0.0,0.006,137266.861017
1784618,IT,ID,MACHI,TRAN1,0.45,80984.826,4,4,80984.819,0.0,0.0,0.0,0.007,179966.28
1726237,IT,RO,NONME,ELEC4,0.16,80976.717,4,4,80976.708,0.0,0.0,0.0,0.009,506104.48125
1646907,IT,BE,WHOLE,CEMEN,0.7,80975.354,4,4,80975.349,0.0,0.0,0.0,0.005,115679.077143
1812793,IT,WM,FABRI,IRONO,0.33,80965.532,4,4,80965.526,0.0,0.0,0.0,0.006,245350.09697
1724090,IT,PT,WHOLE,SUPPO,0.7,80963.704,4,4,80963.699,0.0,0.0,0.0,0.005,115662.434286
1754958,IT,KR,TEXTI,ELECT,0.48,80954.695,4,4,80954.684,0.0,0.0,0.0,0.011,168655.614583
1794621,IT,WL,HEAVY,HEALT,0.13,80949.51,4,4,80949.504,0.0,0.0,0.0,0.006,622688.538462
1749861,IT,CN,RUBBE,SECO9,0.27,80949.434,4,4,80949.427,0.0,0.0,0.0,0.007,299812.718519
1674107,IT,FR,HEAVY,FISH5,0.13,80946.476,4,4,80946.47,0.0,0.0,0.0,0.006,622665.2
1647138,IT,BE,HOTEL,REALE,0.59,80945.51,4,4,80945.504,0.0,0.0,0.0,0.006,137195.779661
1727084,IT,RO,LANDT,CROPS,0.52,80943.924,4,4,80943.92,0.0,0.0,0.0,0.004,155661.392308
1795940,IT,WL,MOTO1,DAIRY,0.43,80934.614,4,4,80934.609,0.0,0.0,0.0,0.005,188220.032558
1713124,IT,MT,BEVER,FOOD5,0.34,80928.529,4,4,80928.524,0.0,0.0,0.0,0.005,238025.085294
1790181,IT,WA,PREC1,CATTL,0.14,80918.505,4,4,80918.501,0.0,0.0,0.0,0.004,577989.321429
1723041,IT,PT,PLAST,93197,0.17,80905.232,4,4,80905.224,0.0,0.0,0.0,0.008,475913.129412
1776918,IT,TR,PLAST,PREC1,0.17,80904.256,4,4,80904.248,0.0,0.0,0.0,0.008,475907.388235
1722084,IT,PL,BUSIN,PAPER,0.83,80902.503,4,4,80902.497,0.0,0.0,0.0,0.006,97472.895181
1728029,IT,SE,CHEMI,BIODI,0.19,80900.197,5,5,80896.189,0.0,0.0,4.0,0.008,425790.510526
1756236,IT,KR,MACHI,INLAN,0.45,80898.891,4,4,80898.884,0.0,0.0,0.0,0.007,179775.313333
1641993,IT,AT,RUBBE,ELECT,0.27,80896.295,4,4,80896.288,0.0,0.0,0.0,0.007,299615.907407
1657321,IT,DE,ADDIT,LUBRI,0.19,80893.188,5,5,80892.182,0.0,1.0,0.0,0.006,425753.621053
1762738,IT,IN,BUSIN,PREC1,0.83,80892.383,4,4,80892.377,0.0,0.0,0.0,0.006,97460.70241
1654627,IT,CZ,LANDT,SANDC,0.52,80892.055,4,4,80892.051,0.0,0.0,0.0,0.004,155561.644231
1812495,IT,WM,ALUM1,VEGET,0.14,80878.348,4,4,80878.342,0.0,0.0,0.0,0.006,577702.485714
1640262,IT,AT,STONE,CEMEN,0.26,80877.003,5,5,80871.999,0.0,0.0,5.0,0.004,311065.396154
1753640,IT,CA,OFFIC,RADIO,0.25,80876.296,4,4,80876.29,0.0,0.0,0.0,0.006,323505.184
1789723,IT,WA,GLASS,ANTHR,0.22,80869.655,4,4,80869.65,0.0,0.0,0.0,0.005,367589.340909
1653518,IT,CZ,BASIC,BIODI,0.09,80867.872,4,4,80867.867,0.0,0.0,0.0,0.005,898531.911111
1730266,IT,SE,SEACO,BASIC,0.08,80866.46,3,3,80866.46,0.0,0.0,0.0,0.0,1010830.75
1649199,IT,BG,PRINT,BUSIN,0.78,80864.546,4,4,80864.54,0.0,0.0,0.0,0.006,103672.494872
1773432,IT,CH,OFFIC,PLAST,0.25,80862.328,4,4,80862.322,0.0,0.0,0.0,0.006,323449.312
1764336,IT,MX,OFFIC,RETA1,0.25,80861.774,4,4,80861.768,0.0,0.0,0.0,0.006,323447.096
1666462,IT,ES,NONSP,BUSIN,0.11,80856.724,4,4,80856.72,0.0,0.0,0.0,0.004,735061.127273
1786113,IT,ZA,BASIC,BITUM,0.09,80850.74,4,4,80850.735,0.0,0.0,0.0,0.005,898341.555556
1812142,IT,WM,CEMEN,NATU1,0.13,80848.01,4,4,80848.006,0.0,0.0,0.0,0.004,621907.769231
1665682,IT,ES,PULP5,FURNI,0.25,80844.177,4,4,80844.169,0.0,0.0,0.0,0.008,323376.708
1675341,IT,FR,MACHI,RAWMI,0.45,80841.572,4,4,80841.565,0.0,0.0,0.0,0.007,179647.937778
1757118,IT,BR,VEGET,BIODI,0.29,80838.535,4,4,80838.532,0.0,0.0,0.0,0.003,278753.568966
1725473,IT,RO,WEARI,FABRI,0.61,80832.958,4,4,80832.943,0.0,0.0,0.0,0.015,132513.045902
1764911,IT,MX,AIRTR,EDUCA,0.09,80831.334,4,4,80831.331,0.0,0.0,0.0,0.003,898125.933333
1732641,IT,SI,GLASS,RETA1,0.22,80822.26,4,4,80822.255,0.0,0.0,0.0,0.005,367373.909091
1650270,IT,BG,ELEC1,NAPHT,0.01,80818.055,4,4,80818.05,0.0,0.0,0.0,0.005,8081805.5
1797973,IT,WL,PAPE4,CHEM1,0.53,80816.08,4,4,80816.075,0.0,0.0,0.0,0.005,152483.169811
1656448,IT,DE,PULP5,RETA1,0.25,80814.057,4,4,80814.049,0.0,0.0,0.0,0.008,323256.228
1679348,IT,GR,PLAST,BEVER,0.17,80811.114,4,4,80811.106,0.0,0.0,0.0,0.008,475359.494118
1729425,IT,SE,BASIC,EDUCA,0.09,80808.692,4,4,80808.687,0.0,0.0,0.0,0.005,897874.355556
1679534,IT,GR,RUBBE,PLANT,0.27,80807.717,4,4,80807.71,0.0,0.0,0.0,0.007,299287.840741
1723015,IT,PT,PLAST,BIODI,0.17,80801.911,4,4,80801.903,0.0,0.0,0.0,0.008,475305.358824
1782364,IT,NO,FABRI,NONME,0.33,80796.41,4,4,80796.404,0.0,0.0,0.0,0.006,244837.606061
1734757,IT,SK,WOODW,LIGNI,0.23,80791.337,5,5,80790.332,0.0,1.0,0.0,0.005,351266.682609
1743268,IT,US,FURNI,GASDI,0.26,80790.739,4,4,80790.732,0.0,0.0,0.0,0.007,310733.611538
1771329,IT,CH,DAIRY,REALE,0.33,80779.88,5,5,80778.875,0.0,1.0,0.0,0.005,244787.515152
1737303,IT,GB,BEVER,FISHF,0.34,80779.862,4,4,80779.857,0.0,0.0,0.0,0.005,237587.829412
1687648,IT,HU,AIRTR,NAPHT,0.09,80776.348,4,4,80776.345,0.0,0.0,0.0,0.003,897514.977778
1683853,IT,HR,MOTO1,SALEM,0.43,80774.64,4,4,80774.635,0.0,0.0,0.0,0.005,187848.0
1753439,IT,CA,FABRI,MOTOR,0.33,80773.018,4,4,80773.012,0.0,0.0,0.0,0.006,244766.721212
1795965,IT,WL,MOTO1,CHEM1,0.43,80770.121,4,4,80770.116,0.0,0.0,0.0,0.005,187837.490698
1790938,IT,WA,OFFIC,AUXIL,0.25,80761.192,4,4,80761.186,0.0,0.0,0.0,0.006,323044.768
1657607,IT,DE,GLASS,SUPPO,0.22,80750.553,4,4,80750.548,0.0,0.0,0.0,0.005,367047.968182
1749338,IT,CN,PRINT,OFFIC,0.77,80750.291,4,4,80750.285,0.0,0.0,0.0,0.006,104870.507792
1647350,IT,BE,SEACO,CEMEN,0.08,80748.06,3,3,80748.06,0.0,0.0,0.0,0.0,1009350.75
1804759,IT,WF,NAPHT,MEATP,0.14,80745.366,4,4,80745.36,0.0,0.0,0.0,0.006,576752.614286
1774299,IT,CH,HOTEL,DAIRY,0.59,80736.358,4,4,80736.352,0.0,0.0,0.0,0.006,136841.284746
1783768,IT,NO,PAPE4,RESEA,0.53,80731.829,4,4,80731.824,0.0,0.0,0.0,0.005,152324.20566
1814288,IT,WM,POSTT,COMPU,1.33,80729.917,4,4,80729.911,0.0,0.0,0.0,0.006,60699.185714
1657327,IT,DE,ADDIT,CHEM1,0.19,80720.043,5,5,80719.037,0.0,1.0,0.0,0.006,424842.331579
1681835,IT,HR,VEGE1,DAIRY,0.25,80718.863,4,4,80718.845,0.0,0.0,0.0,0.018,322875.452
1742015,IT,US,ADDIT,POSTT,0.19,80713.418,5,5,80712.412,0.0,1.0,0.0,0.006,424807.463158
1659412,IT,DE,WHOLE,BASIC,0.7,80710.634,4,4,80710.629,0.0,0.0,0.0,0.005,115300.905714
1778063,IT,TR,OFFIC,PUBLI,0.25,80706.547,4,4,80706.541,0.0,0.0,0.0,0.006,322826.188
1755782,IT,KR,CERAM,COKEO,0.13,80696.329,4,4,80696.325,0.0,0.0,0.0,0.004,620740.992308
1663148,IT,DK,LANDT,FOOD5,0.52,80693.145,4,4,80693.141,0.0,0.0,0.0,0.004,155179.125
1774844,IT,CH,POSTT,MEMBE,1.33,80691.307,4,4,80691.301,0.0,0.0,0.0,0.006,60670.155639
1649411,IT,BG,CHEM1,HEAVY,0.17,80687.598,4,4,80687.589,0.0,0.0,0.0,0.009,474632.929412
1658031,IT,DE,PREC1,CEMEN,0.14,80683.531,4,4,80683.527,0.0,0.0,0.0,0.004,576310.935714
1659528,IT,DE,RETA1,RAILW,0.84,80682.438,4,4,80682.433,0.0,0.0,0.0,0.005,96050.521429
1773769,IT,CH,ELEC2,NONME,0.02,80682.088,4,4,80682.08,0.0,0.0,0.0,0.008,4034104.4
1773613,IT,CH,TRANS,CONST,0.48,80676.993,4,4,80676.989,0.0,0.0,0.0,0.004,168077.06875
1760694,IT,IN,PAPER,BASIC,0.31,80675.064,5,5,80674.056,0.0,1.0,0.0,0.008,260242.141935
1751966,IT,CN,RESEA,NATUR,0.44,80674.94,4,4,80674.934,0.0,0.0,0.0,0.006,183352.136364
1660362,IT,DE,FINAN,CHEM1,1.05,80673.66,4,4,80673.658,0.0,0.0,0.0,0.002,76832.057143
1685208,IT,HU,FISH5,FABRI,0.34,80672.767,4,4,80672.726,0.0,0.0,0.0,0.041,237272.844118
1676075,IT,FR,ELEC7,WHOLE,0.06,80663.963,3,3,80663.963,0.0,0.0,0.0,0.0,1344399.383333
1677260,IT,FR,FINAN,FOOD5,1.05,80661.547,4,4,80661.545,0.0,0.0,0.0,0.002,76820.520952
1685909,IT,HU,CHEM1,STEAM,0.17,80658.383,4,4,80658.374,0.0,0.0,0.0,0.009,474461.076471
1804310,IT,WF,MOTOR,BRICK,0.12,80654.093,4,4,80654.086,0.0,0.0,0.0,0.007,672117.441667
1743042,IT,US,OFFIC,RENTI,0.25,80653.379,4,4,80653.373,0.0,0.0,0.0,0.006,322613.516
1673361,IT,FR,TEXTI,PAPE1,0.48,80649.73,4,4,80649.719,0.0,0.0,0.0,0.011,168020.270833
1688912,IT,IE,NONF1,FABRI,0.02,80649.099,3,3,80649.099,0.0,0.0,0.0,0.0,4032454.95
1743597,IT,US,HOTEL,NFERT,0.58,80635.881,4,4,80635.875,0.0,0.0,0.0,0.006,139027.381034
1725116,IT,RO,SANDC,DIST1,0.18,80631.375,5,5,80613.372,0.0,0.0,18.0,0.003,447952.083333
1640195,IT,AT,OILSE,PREC1,0.06,80628.609,5,5,80627.605,0.0,1.0,0.0,0.004,1343810.15
1746112,IT,JP,PRINT,EDUCA,0.77,80625.426,4,4,80625.42,0.0,0.0,0.0,0.006,104708.345455
1783644,IT,NO,FOOD3,PAPE1,0.23,80624.368,4,4,80624.364,0.0,0.0,0.0,0.004,350540.730435
1771761,IT,CH,LEATH,DISTR,0.58,80622.832,5,5,80621.818,0.0,1.0,0.0,0.014,139004.882759
1767483,IT,RU,SEACO,MOTOR,0.08,80611.314,3,3,80611.314,0.0,0.0,0.0,0.0,1007641.425
1649633,IT,BG,GLASS,WHOLE,0.22,80605.527,4,4,80605.522,0.0,0.0,0.0,0.005,366388.759091
1791021,IT,WA,MOTO1,HEALT,0.43,80603.34,4,4,80603.335,0.0,0.0,0.0,0.005,187449.627907
1677277,IT,FR,FINAN,NUCLE,1.05,80598.44,4,4,80598.438,0.0,0.0,0.0,0.002,76760.419048
1749156,IT,CN,PULP5,NATUR,0.25,80590.222,4,4,80590.214,0.0,0.0,0.0,0.008,322360.888
1776741,IT,TR,LIQUE,RUBBE,0.14,80589.299,4,4,80589.293,0.0,0.0,0.0,0.006,575637.85
1796704,IT,WL,RAILW,RAILW,0.54,80585.145,5,5,80584.141,0.0,0.0,1.0,0.004,149231.75
1778419,IT,TR,WHOLE,FOOD5,0.7,80584.613,4,4,80584.608,0.0,0.0,0.0,0.005,115120.875714
1642081,IT,AT,GLASS,BASIC,0.22,80584.244,4,4,80584.239,0.0,0.0,0.0,0.005,366292.018182
1648422,IT,BE,PRIVA,PLAST,17.98,80584.196,5,5,80583.183,1.0,0.0,0.0,0.013,4481.879644
1742178,IT,US,GLASS,BASIC,0.22,80584.101,4,4,80584.096,0.0,0.0,0.0,0.005,366291.368182
1741870,IT,US,CHEM1,MEATP,0.17,80580.817,4,4,80580.808,0.0,0.0,0.0,0.009,474004.805882
1680672,IT,GR,WHOLE,FABRI,0.7,80570.469,4,4,80570.464,0.0,0.0,0.0,0.005,115100.67
1813000,IT,WM,MACHI,COKE1,0.45,80567.668,4,4,80567.661,0.0,0.0,0.0,0.007,179039.262222
1676030,IT,FR,ELEC6,MOTOR,0.01,80566.667,4,4,80566.654,0.0,0.0,0.0,0.013,8056666.7
1756024,IT,KR,NONF1,OFFIC,0.02,80564.438,3,3,80564.438,0.0,0.0,0.0,0.0,4028221.9
1660520,IT,DE,INSUR,LANDT,1.66,80552.238,4,4,80552.234,0.0,0.0,0.0,0.004,48525.444578
1798836,IT,WE,FOOD5,AIRTR,0.39,80551.72,4,4,80551.713,0.0,0.0,0.0,0.007,206542.871795
1769396,IT,AU,CERAM,RETA1,0.13,80550.324,4,4,80550.32,0.0,0.0,0.0,0.004,619617.876923
1657589,IT,DE,GLASS,ELEC5,0.22,80535.445,4,4,80535.44,0.0,0.0,0.0,0.005,366070.204545
1742020,IT,US,ADDIT,RENTI,0.19,80534.417,5,5,80533.411,0.0,1.0,0.0,0.006,423865.352632
1665920,IT,ES,COALT,RESEA,0.13,80533.625,4,4,80533.62,0.0,0.0,0.0,0.005,619489.423077
1776483,IT,TR,MOTOR,MOTO1,0.12,80531.616,4,4,80531.609,0.0,0.0,0.0,0.007,671096.8
1713148,IT,MT,FISH5,FISHF,0.34,80530.58,4,4,80530.539,0.0,0.0,0.0,0.041,236854.647059
1685620,IT,HU,MOTOR,KEROS,0.12,80527.728,4,4,80527.721,0.0,0.0,0.0,0.007,671064.4
1669803,IT,ES,BUSIN,ELEC5,0.83,80519.303,4,4,80519.297,0.0,0.0,0.0,0.006,97011.208434
1710123,IT,LT,MACHI,RAWMI,0.45,80519.031,4,4,80519.024,0.0,0.0,0.0,0.007,178931.18
1682223,IT,HR,WEARI,POSTT,0.61,80515.37,4,4,80515.355,0.0,0.0,0.0,0.015,131992.409836
1770264,IT,AU,HOTEL,GLASS,0.58,80510.758,4,4,80510.752,0.0,0.0,0.0,0.006,138811.651724
1649787,IT,BG,BASIC,RENTI,0.09,80510.725,4,4,80510.72,0.0,0.0,0.0,0.005,894563.611111
1713520,IT,MT,GLASS,MEAT4,0.22,80508.012,4,4,80508.007,0.0,0.0,0.0,0.005,365945.509091
1749024,IT,CN,LEATH,COPP1,0.58,80505.815,5,5,80504.801,0.0,1.0,0.0,0.014,138803.12931
1648089,IT,BE,RESEA,VEGE1,0.44,80502.726,4,4,80502.72,0.0,0.0,0.0,0.006,182960.740909
1671069,IT,FI,RUBBE,TRAN1,0.27,80495.391,4,4,80495.384,0.0,0.0,0.0,0.007,298131.077778
1786878,IT,ZA,SEACO,FURNI,0.08,80490.828,3,3,80490.828,0.0,0.0,0.0,0.0,1006135.35
1768489,IT,AU,FOOD5,ANIMA,0.39,80485.42,4,4,80485.413,0.0,0.0,0.0,0.007,206372.871795
1734893,IT,SK,PAPER,COMPU,0.31,80484.51,5,5,80483.502,0.0,1.0,0.0,0.008,259627.451613
1812357,IT,WM,BASIC,ELEC4,0.09,80484.429,4,4,80484.424,0.0,0.0,0.0,0.005,894271.433333
1744842,IT,US,RESEA,SEWAG,0.44,80477.665,4,4,80477.659,0.0,0.0,0.0,0.006,182903.784091
1656720,IT,DE,MOTOR,ELEC5,0.12,80474.813,4,4,80474.806,0.0,0.0,0.0,0.007,670623.441667
1731960,IT,SI,MOTOR,HEALT,0.12,80473.986,4,4,80473.979,0.0,0.0,0.0,0.007,670616.55
1772812,IT,CH,NONME,RESEA,0.16,80473.317,4,4,80473.308,0.0,0.0,0.0,0.009,502958.23125
1729285,IT,SE,NONME,RAWMI,0.16,80472.801,4,4,80472.792,0.0,0.0,0.0,0.009,502955.00625
1742324,IT,US,CEMEN,RENTI,0.13,80470.132,4,4,80470.128,0.0,0.0,0.0,0.004,619001.015385
1813999,IT,WM,SEACO,CERAM,0.08,80463.591,3,3,80463.591,0.0,0.0,0.0,0.0,1005794.8875
1724437,IT,PT,AIRTR,WHOLE,0.09,80460.043,4,4,80460.04,0.0,0.0,0.0,0.003,894000.477778
1736052,IT,SK,FURNI,MACHI,0.26,80452.404,4,4,80452.397,0.0,0.0,0.0,0.007,309432.323077
1767296,IT,RU,HOTEL,TRAN1,0.58,80450.308,4,4,80450.302,0.0,0.0,0.0,0.006,138707.427586
1739472,IT,GB,LANDT,CERAM,0.52,80445.441,4,4,80445.437,0.0,0.0,0.0,0.004,154702.771154
1688229,IT,IE,WHEAT,RESEA,0.06,80444.867,5,5,80443.865,0.0,1.0,0.0,0.002,1340747.783333
1769158,IT,AU,CHEM1,GLASS,0.17,80441.144,4,4,80441.135,0.0,0.0,0.0,0.009,473183.2
1749846,IT,CN,RUBBE,PREC1,0.27,80433.614,4,4,80433.607,0.0,0.0,0.0,0.007,297902.274074
1675672,IT,FR,TRANS,COLLE,0.48,80430.307,4,4,80430.303,0.0,0.0,0.0,0.004,167563.139583
1785163,IT,ZA,FOOD5,VEGE1,0.39,80429.332,4,4,80429.325,0.0,0.0,0.0,0.007,206229.05641
1765283,IT,RU,VEGE1,WHOLE,0.25,80428.0,4,4,80427.983,0.0,0.0,0.0,0.017,321712.0
1646007,IT,BE,NONME,CHEM1,0.16,80426.134,4,4,80426.125,0.0,0.0,0.0,0.009,502663.3375
1791496,IT,WA,RETA1,PADDY,0.84,80420.546,4,4,80420.541,0.0,0.0,0.0,0.005,95738.745238
1646091,IT,BE,BASIC,ELEC2,0.09,80420.213,4,4,80420.208,0.0,0.0,0.0,0.005,893557.922222
1744009,IT,US,AIRTR,COPP1,0.09,80419.172,4,4,80419.169,0.0,0.0,0.0,0.003,893546.355556
1738911,IT,GB,FURNI,TRANS,0.26,80418.958,4,4,80418.951,0.0,0.0,0.0,0.007,309303.684615
1736347,IT,SK,RAILW,WHOLE,0.54,80408.12,5,5,80407.116,0.0,0.0,1.0,0.004,148903.925926
1669058,IT,ES,SUPPO,FABRI,0.58,80405.14,4,4,80405.136,0.0,0.0,0.0,0.004,138629.551724
1653056,IT,CZ,PLAST,RETA1,0.17,80402.394,4,4,80402.386,0.0,0.0,0.0,0.008,472955.258824
1809783,IT,WM,FOOD5,HEAVY,0.39,80398.616,4,4,80398.609,0.0,0.0,0.0,0.007,206150.297436
1766170,IT,RU,RUBBE,PUBLI,0.27,80397.175,4,4,80397.168,0.0,0.0,0.0,0.007,297767.314815
1686036,IT,HU,BIODI,HEALT,0.17,80396.616,4,4,80396.607,0.0,0.0,0.0,0.009,472921.270588
1643495,IT,AT,LANDT,INTER,0.52,80394.22,4,4,80394.216,0.0,0.0,0.0,0.004,154604.269231
1778119,IT,TR,MOTO1,RENTI,0.43,80393.318,4,4,80393.313,0.0,0.0,0.0,0.005,186961.204651
1798845,IT,WE,FOOD5,BUSIN,0.39,80391.17,4,4,80391.163,0.0,0.0,0.0,0.007,206131.205128
1685564,IT,HU,PAPER,PUBLI,0.31,80388.614,5,5,80387.606,0.0,1.0,0.0,0.008,259318.109677
1733185,IT,SI,MACHI,STONE,0.45,80384.123,4,4,80384.116,0.0,0.0,0.0,0.007,178631.384444
1768691,IT,AU,TEXTI,LANDT,0.48,80383.139,4,4,80383.128,0.0,0.0,0.0,0.011,167464.872917
1654676,IT,CZ,LANDT,TRANS,0.52,80383.067,4,4,80383.063,0.0,0.0,0.0,0.004,154582.821154
1811467,IT,WM,PLAST,ELEC1,0.17,80377.059,4,4,80377.051,0.0,0.0,0.0,0.008,472806.229412
1681501,IT,GR,BUSIN,MEAT1,0.83,80376.642,4,4,80376.636,0.0,0.0,0.0,0.006,96839.327711
1673173,IT,FR,BEVER,MOTO1,0.34,80373.048,4,4,80373.043,0.0,0.0,0.0,0.005,236391.317647
1655851,IT,DE,VEGE1,COMPU,0.25,80371.038,4,4,80371.021,0.0,0.0,0.0,0.017,321484.152
1795944,IT,WL,MOTO1,BEVER,0.43,80361.349,4,4,80361.344,0.0,0.0,0.0,0.005,186886.85814
1798239,IT,WE,VEGET,SALEM,0.28,80356.626,4,4,80356.623,0.0,0.0,0.0,0.003,286987.95
1793687,IT,WL,FOOD5,VEGE1,0.39,80352.146,4,4,80352.139,0.0,0.0,0.0,0.007,206031.14359
1791377,IT,WA,SALEM,PUBLI,0.65,80351.324,4,4,80351.319,0.0,0.0,0.0,0.005,123617.421538
1805109,IT,WF,NFERT,LEAD1,0.02,80350.16,4,4,80350.153,0.0,0.0,0.0,0.007,4017508.0
1666486,IT,ES,PLAST,BIODI,0.17,80348.726,4,4,80348.718,0.0,0.0,0.0,0.008,472639.564706
1755266,IT,KR,PAPER,PLAST,0.31,80347.953,5,5,80346.945,0.0,1.0,0.0,0.008,259186.945161
1709888,IT,LT,CERAM,SUPPO,0.13,80345.654,4,4,80345.65,0.0,0.0,0.0,0.004,618043.492308
1734652,IT,SK,TEXTI,BUSIN,0.48,80340.096,4,4,80340.085,0.0,0.0,0.0,0.011,167375.2
1804282,IT,WF,MOTOR,BEVER,0.12,80339.881,4,4,80339.874,0.0,0.0,0.0,0.007,669499.008333
1756543,IT,KR,WHOLE,HEALT,0.69,80339.684,4,4,80339.679,0.0,0.0,0.0,0.005,116434.324638
1653462,IT,CZ,NONME,REALE,0.16,80336.717,4,4,80336.708,0.0,0.0,0.0,0.009,502104.48125
1725846,IT,RO,GASDI,OILSE,0.12,80335.119,4,4,80335.112,0.0,0.0,0.0,0.007,669459.325
1811385,IT,WM,PLAST,CROPS,0.17,80322.56,4,4,80322.552,0.0,0.0,0.0,0.008,472485.647059
1741747,IT,US,BITU1,CHEM1,0.13,80319.698,4,4,80319.692,0.0,0.0,0.0,0.006,617843.830769
1669856,IT,ES,BUSIN,MEMBE,0.82,80313.84,4,4,80313.834,0.0,0.0,0.0,0.006,97943.707317
1646289,IT,BE,COPP1,FURNI,0.2,80306.272,4,4,80306.268,0.0,0.0,0.0,0.004,401531.36
1788699,IT,WA,MOTOR,VEGE1,0.12,80302.348,4,4,80302.341,0.0,0.0,0.0,0.007,669186.233333
1777276,IT,TR,RUBBE,POSTT,0.27,80297.882,4,4,80297.875,0.0,0.0,0.0,0.007,297399.562963
1733655,IT,SI,HOTEL,SEACO,0.58,80294.883,4,4,80294.877,0.0,0.0,0.0,0.006,138439.453448
1730238,IT,SE,TRAN2,TRAN2,0.12,80292.055,4,4,80292.053,0.0,0.0,0.0,0.002,669100.458333
1684979,IT,HU,VEGE1,POULT,0.25,80289.952,4,4,80289.935,0.0,0.0,0.0,0.017,321159.808
1733064,IT,SI,COPP1,HOTEL,0.2,80282.247,4,4,80282.243,0.0,0.0,0.0,0.004,401411.235
1780376,IT,TW,AIRTR,DISTR,0.09,80282.142,4,4,80282.139,0.0,0.0,0.0,0.003,892023.8
1771728,IT,CH,LEATH,TEXTI,0.57,80279.347,5,5,80278.333,0.0,1.0,0.0,0.014,140840.959649
1782466,IT,NO,MACHI,DISTR,0.45,80278.063,4,4,80278.056,0.0,0.0,0.0,0.007,178395.695556
1732232,IT,SI,HEAVY,BUSIN,0.13,80277.246,4,4,80277.24,0.0,0.0,0.0,0.006,617517.276923
1716126,IT,NL,PREC1,CHEM1,0.14,80274.162,4,4,80274.158,0.0,0.0,0.0,0.004,573386.871429
1796954,IT,WL,AIRTR,HEAVY,0.09,80273.879,4,4,80273.876,0.0,0.0,0.0,0.003,891931.988889
1758666,IT,BR,FURNI,FINAN,0.26,80270.317,4,4,80270.31,0.0,0.0,0.0,0.007,308731.988462
1798461,IT,WE,NATUR,FOUND,0.11,80269.279,4,4,80269.274,0.0,0.0,0.0,0.005,729720.718182
1754019,IT,CA,SEACO,FISH5,0.08,80266.273,3,3,80266.273,0.0,0.0,0.0,0.0,1003328.4125
1672892,IT,FR,VEGE1,RETAI,0.25,80264.691,4,4,80264.674,0.0,0.0,0.0,0.017,321058.764
1664177,IT,EE,GLASS,WOODW,0.22,80262.434,4,4,80262.429,0.0,0.0,0.0,0.005,364829.245455
1759051,IT,BR,SEACO,MOTOR,0.08,80261.571,3,3,80261.571,0.0,0.0,0.0,0.0,1003269.6375
1761931,IT,IN,FURNI,BASIC,0.26,80260.416,4,4,80260.409,0.0,0.0,0.0,0.007,308693.907692
1659034,IT,DE,ELEC2,FINAN,0.02,80259.464,4,4,80259.456,0.0,0.0,0.0,0.008,4012973.2
1769650,IT,AU,FABRI,ELECT,0.33,80257.762,4,4,80257.756,0.0,0.0,0.0,0.006,243205.339394
1751973,IT,CN,RESEA,PAPER,0.44,80251.937,4,4,80251.931,0.0,0.0,0.0,0.006,182390.765909
1813252,IT,WM,TRANS,LIQUE,0.48,80250.89,4,4,80250.886,0.0,0.0,0.0,0.004,167189.354167
1689465,IT,IE,HOTEL,SEACO,0.58,80238.214,4,4,80238.208,0.0,0.0,0.0,0.006,138341.748276
1675693,IT,FR,TRANS,HEALT,0.48,80238.091,4,4,80238.087,0.0,0.0,0.0,0.004,167162.689583
1657371,IT,DE,RUBBE,OILSE,0.27,80234.697,4,4,80234.69,0.0,0.0,0.0,0.007,297165.544444
1771084,IT,CH,NATUR,CONST,0.11,80230.318,4,4,80230.313,0.0,0.0,0.0,0.005,729366.527273
1780064,IT,TW,WHOLE,CHEM1,0.69,80229.634,4,4,80229.629,0.0,0.0,0.0,0.005,116274.831884
1746033,IT,JP,PAPER,WHOLE,0.31,80224.381,5,5,80223.373,0.0,1.0,0.0,0.008,258788.325806
1801110,IT,WE,NONF1,KEROS,0.02,80212.262,3,3,80212.262,0.0,0.0,0.0,0.0,4010613.1
1654708,IT,CZ,LANDT,REALE,0.52,80212.16,4,4,80212.156,0.0,0.0,0.0,0.004,154254.153846
1662655,IT,DK,MACHI,GLASS,0.45,80211.301,4,4,80211.294,0.0,0.0,0.0,0.007,178247.335556
1763065,IT,MX,TEXTI,RADIO,0.48,80210.303,4,4,80210.292,0.0,0.0,0.0,0.011,167104.797917
1655895,IT,DE,DAIRY,AIRTR,0.33,80186.326,5,5,80185.321,0.0,1.0,0.0,0.005,242988.866667
1642651,IT,AT,FABRI,TRAN1,0.33,80182.447,4,4,80182.441,0.0,0.0,0.0,0.006,242977.112121
1726184,IT,RO,GLASS,EDUCA,0.22,80179.915,4,4,80179.91,0.0,0.0,0.0,0.005,364454.159091
1720436,IT,PL,MACHI,BIOGA,0.45,80169.858,4,4,80169.851,0.0,0.0,0.0,0.007,178155.24
1668445,IT,ES,RETA1,AUXIL,0.84,80165.087,4,4,80165.082,0.0,0.0,0.0,0.005,95434.627381
1798902,IT,WE,BEVER,BUSIN,0.34,80164.7,4,4,80164.695,0.0,0.0,0.0,0.005,235778.529412
1641332,IT,AT,KEROS,FOOD5,0.12,80162.991,4,4,80162.984,0.0,0.0,0.0,0.007,668024.925
1716992,IT,NL,LANDT,FISH5,0.52,80148.663,4,4,80148.659,0.0,0.0,0.0,0.004,154132.044231
1690380,IT,IE,WASTE,WHOLE,0.25,80143.755,4,4,80143.751,0.0,0.0,0.0,0.004,320575.02
1789566,IT,WA,BIODI,VEGE1,0.17,80141.43,4,4,80141.421,0.0,0.0,0.0,0.009,471420.176471
1784452,IT,ID,PREC1,MACHI,0.14,80138.752,4,4,80138.748,0.0,0.0,0.0,0.004,572419.657143
1809971,IT,WM,FISH5,RETA1,0.34,80137.737,4,4,80137.696,0.0,0.0,0.0,0.041,235699.226471
1654289,IT,CZ,ELEC1,FABRI,0.01,80137.348,4,4,80137.343,0.0,0.0,0.0,0.005,8013734.8
1741678,IT,US,HEAVY,TRANS,0.13,80135.998,4,4,80135.992,0.0,0.0,0.0,0.006,616430.753846
1675836,IT,FR,ELEC1,COPP1,0.01,80127.375,4,4,80127.37,0.0,0.0,0.0,0.005,8012737.5
1785141,IT,ZA,DAIRY,COMPU,0.33,80113.583,5,5,80112.578,0.0,1.0,0.0,0.005,242768.433333
1800765,IT,WE,NONME,FINAN,0.16,80107.522,4,4,80107.513,0.0,0.0,0.0,0.009,500672.0125
1749530,IT,CN,NONSP,PLAST,0.11,80095.912,4,4,80095.908,0.0,0.0,0.0,0.004,728144.654545
1643339,IT,AT,RAILW,ALUM1,0.54,80094.122,5,5,80093.118,0.0,0.0,1.0,0.004,148322.448148
1790534,IT,WA,NONF1,MEATP,0.02,80088.059,3,3,80088.059,0.0,0.0,0.0,0.0,4004402.95
1721412,IT,PL,SEACO,REALE,0.08,80085.862,3,3,80085.862,0.0,0.0,0.0,0.0,1001073.275
1659285,IT,DE,SALEM,HEALT,0.65,80084.278,4,4,80084.273,0.0,0.0,0.0,0.005,123206.581538
1742297,IT,US,CEMEN,CHEMI,0.13,80084.126,4,4,80084.122,0.0,0.0,0.0,0.004,616031.738462
1754059,IT,CA,SEACO,EDUCA,0.08,80077.821,3,3,80077.821,0.0,0.0,0.0,0.0,1000972.7625
1775321,IT,CH,BUSIN,INLAN,0.82,80076.41,4,4,80076.404,0.0,0.0,0.0,0.006,97654.158537
1801182,IT,WE,FABRI,PULP5,0.33,80070.666,4,4,80070.66,0.0,0.0,0.0,0.006,242638.381818
1742590,IT,US,ALUM1,PREC1,0.14,80070.651,4,4,80070.645,0.0,0.0,0.0,0.006,571933.221429
1659548,IT,DE,RETA1,WOOD1,0.84,80069.58,4,4,80069.575,0.0,0.0,0.0,0.005,95320.928571
1796357,IT,WL,WHOLE,POULT,0.69,80067.532,4,4,80067.527,0.0,0.0,0.0,0.005,116039.901449
1680349,IT,GR,ELEC1,REALE,0.01,80066.695,4,4,80066.69,0.0,0.0,0.0,0.005,8006669.5
1736484,IT,SK,TRAN2,SUPPO,0.12,80049.433,4,4,80049.431,0.0,0.0,0.0,0.002,667078.608333
1776571,IT,TR,GASDI,CROPS,0.12,80044.419,4,4,80044.412,0.0,0.0,0.0,0.007,667036.825
1675581,IT,FR,MOTO1,RUBBE,0.43,80043.818,4,4,80043.813,0.0,0.0,0.0,0.005,186148.413953
1648587,IT,BG,CHEMI,PFERT,0.19,80042.178,5,5,80038.17,0.0,0.0,4.0,0.008,421274.621053
1649513,IT,BG,RUBBE,DAIRY,0.27,80041.149,4,4,80041.142,0.0,0.0,0.0,0.007,296448.7
1795517,IT,WL,ALUM1,BIOGA,0.14,80034.31,4,4,80034.304,0.0,0.0,0.0,0.006,571673.642857
1640917,IT,AT,LEATH,RESEA,0.57,80028.084,5,5,80027.07,0.0,1.0,0.0,0.014,140400.147368
1767047,IT,RU,FURNI,NATUR,0.26,80023.041,4,4,80023.034,0.0,0.0,0.0,0.007,307780.926923
1779211,IT,TR,POSTT,SALEM,1.32,80013.774,4,4,80013.768,0.0,0.0,0.0,0.006,60616.495455
1736114,IT,SK,CONST,MACHI,0.45,80013.626,4,4,80013.622,0.0,0.0,0.0,0.004,177808.057778
1676954,IT,FR,AIRTR,BIOGA,0.09,79997.95,4,4,79997.947,0.0,0.0,0.0,0.003,888866.111111
1661902,IT,DK,PRINT,PRINT,0.77,79984.361,4,4,79984.355,0.0,0.0,0.0,0.006,103875.793506
1778576,IT,TR,RETA1,POSTT,0.84,79982.268,4,4,79982.263,0.0,0.0,0.0,0.005,95216.985714
1679914,IT,GR,FABRI,VEGET,0.33,79979.409,4,4,79979.403,0.0,0.0,0.0,0.006,242361.845455
1682745,IT,HR,GASDI,FINAN,0.12,79977.913,4,4,79977.906,0.0,0.0,0.0,0.007,666482.608333
1813053,IT,WM,OFFIC,PFERT,0.25,79977.577,4,4,79977.571,0.0,0.0,0.0,0.006,319910.308
1772361,IT,CH,CHEM1,ANIMA,0.17,79977.203,4,4,79977.194,0.0,0.0,0.0,0.009,470454.135294
1672302,IT,FI,RENTI,BUSIN,0.48,79974.898,4,4,79974.894,0.0,0.0,0.0,0.004,166614.370833
1658186,IT,DE,ALUM1,PUBLI,0.14,79971.582,4,4,79971.576,0.0,0.0,0.0,0.006,571225.585714
1715833,IT,NL,RUBBE,GLASS,0.26,79965.904,4,4,79965.897,0.0,0.0,0.0,0.007,307561.169231
1667467,IT,ES,FABRI,POULT,0.33,79964.878,4,4,79964.872,0.0,0.0,0.0,0.006,242317.812121
1798478,IT,WE,NATUR,RETA1,0.11,79964.512,4,4,79964.507,0.0,0.0,0.0,0.005,726950.109091
1690132,IT,IE,COMPU,LANDT,0.91,79961.999,4,4,79961.994,0.0,0.0,0.0,0.005,87870.328571
1791602,IT,WA,HOTEL,PIGS9,0.58,79960.748,4,4,79960.742,0.0,0.0,0.0,0.006,137863.358621
1710802,IT,LU,PULP5,RETA1,0.24,79959.268,4,4,79959.26,0.0,0.0,0.0,0.008,333163.616667
1810948,IT,WM,GASDI,PRINT,0.12,79954.513,4,4,79954.506,0.0,0.0,0.0,0.007,666287.608333
1657608,IT,DE,GLASS,POSTT,0.22,79953.282,4,4,79953.277,0.0,0.0,0.0,0.005,363424.009091
1721291,IT,PL,LANDT,RAILW,0.52,79951.472,4,4,79951.468,0.0,0.0,0.0,0.004,153752.830769
1794316,IT,WL,MOTOR,FOUND,0.12,79950.974,4,4,79950.967,0.0,0.0,0.0,0.007,666258.116667
1761421,IT,IN,BASIC,CHEM1,0.09,79939.683,4,4,79939.678,0.0,0.0,0.0,0.005,888218.7
1723588,IT,PT,FABRI,BIODI,0.33,79930.942,4,4,79930.936,0.0,0.0,0.0,0.006,242214.975758
1787340,IT,WA,CROPS,CONST,0.63,79928.787,4,4,79928.783,0.0,0.0,0.0,0.004,126871.090476
1809219,IT,WM,FORES,PFERT,0.7,79926.4,5,5,79895.398,0.0,31.0,0.0,0.002,114180.571429
1798261,IT,WE,OILSE,CROPS,0.06,79926.308,5,5,79925.304,0.0,1.0,0.0,0.004,1332105.133333
1760442,IT,IN,FOOD5,PUBLI,0.38,79923.904,4,4,79923.897,0.0,0.0,0.0,0.007,210326.063158
1645561,IT,BE,CHEM1,PIGS9,0.17,79923.492,4,4,79923.483,0.0,0.0,0.0,0.009,470138.188235
1811833,IT,WM,RUBBE,RAWMI,0.26,79908.526,4,4,79908.519,0.0,0.0,0.0,0.007,307340.484615
1732182,IT,SI,GASDI,RESEA,0.12,79907.115,4,4,79907.108,0.0,0.0,0.0,0.007,665892.625
1730991,IT,SE,SEWAG,MEATC,0.7,79901.508,4,4,79901.503,0.0,0.0,0.0,0.005,114145.011429
1642929,IT,AT,FURNI,SANDC,0.26,79901.487,4,4,79901.48,0.0,0.0,0.0,0.007,307313.411538
1732459,IT,SI,CHEM1,ALUM1,0.17,79900.96,4,4,79900.951,0.0,0.0,0.0,0.009,470005.647059
1662173,IT,DK,RUBBE,HOTEL,0.26,79893.266,4,4,79893.259,0.0,0.0,0.0,0.007,307281.792308
1749891,IT,CN,RUBBE,RENTI,0.26,79890.965,4,4,79890.958,0.0,0.0,0.0,0.007,307272.942308
1713556,IT,MT,CEMEN,PRINT,0.13,79889.758,4,4,79889.754,0.0,0.0,0.0,0.004,614536.6
1773230,IT,CH,FABRI,ELEC3,0.33,79889.506,4,4,79889.5,0.0,0.0,0.0,0.006,242089.412121
1684265,IT,HR,SEACO,PUBLI,0.08,79884.784,3,3,79884.784,0.0,0.0,0.0,0.0,998559.8
1758683,IT,BR,SALEM,FORES,0.64,79884.423,4,4,79884.418,0.0,0.0,0.0,0.005,124819.410938
1686340,IT,HU,NONME,FURNI,0.16,79880.929,4,4,79880.92,0.0,0.0,0.0,0.009,499255.80625
1713470,IT,MT,CHEM1,REALE,0.17,79873.27,4,4,79873.261,0.0,0.0,0.0,0.009,469842.764706
1714498,IT,NL,CRUDE,NATU1,0.16,79869.176,4,4,79869.169,0.0,0.0,0.0,0.007,499182.35
1673195,IT,FR,BEVER,REALE,0.34,79868.546,4,4,79868.541,0.0,0.0,0.0,0.005,234907.488235
1783634,IT,NO,FOOD3,WHOLE,0.23,79867.149,4,4,79867.145,0.0,0.0,0.0,0.004,347248.473913
1739393,IT,GB,RAILW,HEALT,0.53,79866.871,5,5,79865.867,0.0,0.0,1.0,0.004,150692.209434
1666831,IT,ES,GLASS,VEGET,0.22,79863.528,4,4,79863.523,0.0,0.0,0.0,0.005,363016.036364
1659733,IT,DE,RAILW,RAILW,0.53,79863.347,5,5,79862.343,0.0,0.0,1.0,0.004,150685.560377
1808207,IT,WF,OILHA,HEALT,0.46,79855.829,4,4,79855.825,0.0,0.0,0.0,0.004,173599.628261
1740046,IT,GB,RENTI,MOTO1,0.48,79854.031,4,4,79854.027,0.0,0.0,0.0,0.004,166362.564583
1734718,IT,SK,LEATH,MACHI,0.57,79849.778,5,5,79848.764,0.0,1.0,0.0,0.014,140087.329825
1662087,IT,DK,CHEM1,SALEM,0.17,79847.538,4,4,79847.529,0.0,0.0,0.0,0.009,469691.4
1656178,IT,DE,TEXTI,WOODW,0.47,79843.996,4,4,79843.985,0.0,0.0,0.0,0.011,169880.842553
1658579,IT,DE,MACHI,ADDIT,0.45,79842.424,4,4,79842.417,0.0,0.0,0.0,0.007,177427.608889
1739865,IT,GB,FINAN,MACHI,1.04,79841.52,4,4,79841.518,0.0,0.0,0.0,0.002,76770.692308
1788402,IT,WA,WOODW,RAILW,0.22,79840.313,5,5,79839.308,0.0,1.0,0.0,0.005,362910.513636
1759037,IT,BR,SEACO,MEATC,0.08,79837.412,3,3,79837.412,0.0,0.0,0.0,0.0,997967.65
1723534,IT,PT,COPP1,BUSIN,0.2,79836.319,4,4,79836.315,0.0,0.0,0.0,0.004,399181.595
1746671,IT,JP,NONF1,ELEC3,0.02,79830.342,3,3,79830.342,0.0,0.0,0.0,0.0,3991517.1
1809368,IT,WM,CHEMI,CEREA,0.19,79827.522,5,5,79823.514,0.0,0.0,4.0,0.008,420144.852632
1798085,IT,WL,RECRE,RECRE,1.01,79812.604,4,4,79812.598,0.0,0.0,0.0,0.006,79022.380198
1656318,IT,DE,LEATH,REALE,0.57,79809.858,5,5,79808.844,0.0,1.0,0.0,0.014,140017.294737
1761848,IT,IN,MOTO1,SALEM,0.42,79807.526,4,4,79807.521,0.0,0.0,0.0,0.005,190017.919048
1770464,IT,AU,AIRTR,CRUDE,0.09,79803.494,4,4,79803.491,0.0,0.0,0.0,0.003,886705.488889
1809162,IT,WM,CATTL,FOOD5,0.17,79800.027,5,5,79798.022,0.0,2.0,0.0,0.005,469411.923529
1659578,IT,DE,HOTEL,BEVER,0.58,79790.815,4,4,79790.809,0.0,0.0,0.0,0.006,137570.37069
1762759,IT,IN,BUSIN,TRAN1,0.82,79788.944,4,4,79788.938,0.0,0.0,0.0,0.006,97303.590244
1661790,IT,DK,WOODW,CRUDE,0.22,79786.042,5,5,79785.037,0.0,1.0,0.0,0.005,362663.827273
1803832,IT,WF,TEXTI,OFFIC,0.47,79776.965,4,4,79776.954,0.0,0.0,0.0,0.011,169738.223404
1734461,IT,SK,FISHF,WEARI,0.14,79773.514,4,4,79773.511,0.0,0.0,0.0,0.003,569810.814286
1653272,IT,CZ,RUBBE,RETAI,0.26,79772.866,4,4,79772.859,0.0,0.0,0.0,0.007,306818.715385
1761638,IT,IN,FABRI,KEROS,0.32,79763.352,4,4,79763.346,0.0,0.0,0.0,0.006,249260.475
1662232,IT,DK,GLASS,TRANS,0.22,79762.81,4,4,79762.805,0.0,0.0,0.0,0.005,362558.227273
1723618,IT,PT,FABRI,RETAI,0.32,79754.454,4,4,79754.448,0.0,0.0,0.0,0.006,249232.66875
1667114,IT,ES,BASIC,MEATA,0.09,79753.804,4,4,79753.799,0.0,0.0,0.0,0.005,886153.377778
1678768,IT,GR,FOOD5,ANIMA,0.38,79752.546,4,4,79752.539,0.0,0.0,0.0,0.007,209875.121053
1766960,IT,RU,MOTO1,FABRI,0.42,79751.083,4,4,79751.078,0.0,0.0,0.0,0.005,189883.530952
1738374,IT,GB,PREC1,BRICK,0.14,79748.143,4,4,79748.139,0.0,0.0,0.0,0.004,569629.592857
1778018,IT,TR,OFFIC,TEXTI,0.25,79744.997,4,4,79744.991,0.0,0.0,0.0,0.006,318979.988
1791405,IT,WA,WHOLE,MEATA,0.69,79742.402,4,4,79742.397,0.0,0.0,0.0,0.005,115568.698551
1643747,IT,AT,SUPPO,REALE,0.57,79738.145,4,4,79738.141,0.0,0.0,0.0,0.004,139891.482456
1671555,IT,FI,OFFIC,RESEA,0.25,79734.871,4,4,79734.865,0.0,0.0,0.0,0.006,318939.484
1780988,IT,TW,BUSIN,CEMEN,0.82,79727.201,4,4,79727.195,0.0,0.0,0.0,0.006,97228.293902
1656656,IT,DE,PRINT,SEWAG,0.76,79708.843,4,4,79708.837,0.0,0.0,0.0,0.006,104880.056579
1750757,IT,CN,TRANS,MOTO1,0.48,79695.448,4,4,79695.444,0.0,0.0,0.0,0.004,166032.183333
1786570,IT,ZA,FURNI,AIRTR,0.25,79690.198,4,4,79690.191,0.0,0.0,0.0,0.007,318760.792
1717648,IT,NL,BUSIN,MOTOR,0.82,79687.054,4,4,79687.049,0.0,0.0,0.0,0.005,97179.334146
1777950,IT,TR,MACHI,FOUND,0.44,79683.443,4,4,79683.436,0.0,0.0,0.0,0.007,181098.734091
1689442,IT,IE,HOTEL,FABRI,0.58,79680.3,4,4,79680.294,0.0,0.0,0.0,0.006,137379.827586
1761648,IT,IN,FABRI,PLAST,0.32,79675.913,4,4,79675.907,0.0,0.0,0.0,0.006,248987.228125
1787482,IT,WA,SANDC,LEAD1,0.18,79664.274,5,5,79647.271,0.0,0.0,17.0,0.003,442579.3
1671733,IT,FI,SALEM,POSTT,0.64,79643.344,4,4,79643.339,0.0,0.0,0.0,0.005,124442.725
1660875,IT,DE,COMPU,OILHA,0.91,79642.863,4,4,79642.858,0.0,0.0,0.0,0.005,87519.62967
1652278,IT,CZ,BEVER,MEATA,0.34,79639.33,4,4,79639.325,0.0,0.0,0.0,0.005,234233.323529
1660280,IT,DE,POSTT,SALEM,1.31,79626.174,4,4,79626.168,0.0,0.0,0.0,0.006,60783.338931
1796229,IT,WL,FURNI,AIRTR,0.25,79625.756,4,4,79625.749,0.0,0.0,0.0,0.007,318503.024
1649208,IT,BG,MOTOR,WOODW,0.12,79625.443,4,4,79625.437,0.0,0.0,0.0,0.006,663545.358333
1718777,IT,PL,PAPER,MEAT1,0.31,79622.744,5,5,79621.736,0.0,1.0,0.0,0.008,256847.56129
1803670,IT,WF,BEVER,MEATA,0.34,79616.796,4,4,79616.791,0.0,0.0,0.0,0.005,234167.047059
1810940,IT,WM,GASDI,FISH5,0.12,79616.5,4,4,79616.494,0.0,0.0,0.0,0.006,663470.833333
1714992,IT,NL,TOBAC,MACHI,0.31,79612.149,4,4,79612.144,0.0,0.0,0.0,0.005,256813.383871
1710971,IT,LU,GLASS,NONME,0.22,79610.282,4,4,79610.277,0.0,0.0,0.0,0.005,361864.918182
1732263,IT,SI,LIQUE,CONST,0.14,79606.779,4,4,79606.773,0.0,0.0,0.0,0.006,568619.85
1646467,IT,BE,MACHI,BIOGA,0.44,79603.237,4,4,79603.23,0.0,0.0,0.0,0.007,180916.447727
1687031,IT,HU,OFFIC,RESEA,0.25,79601.145,4,4,79601.139,0.0,0.0,0.0,0.006,318404.58
1718352,IT,PL,BEVER,SUGA1,0.34,79600.687,4,4,79600.682,0.0,0.0,0.0,0.005,234119.667647
1649209,IT,BG,MOTOR,PAPER,0.12,79598.729,4,4,79598.723,0.0,0.0,0.0,0.006,663322.741667
1775504,IT,CH,FOOD2,MEATP,0.46,79594.066,4,4,79594.061,0.0,0.0,0.0,0.005,173030.578261
1750557,IT,CN,MACHI,MEMBE,0.44,79588.431,4,4,79588.424,0.0,0.0,0.0,0.007,180882.797727
1733000,IT,SI,LEAD1,BASIC,0.14,79587.517,4,4,79587.51,0.0,0.0,0.0,0.007,568482.264286
1801143,IT,WE,FABRI,ANIMA,0.32,79584.14,4,4,79584.134,0.0,0.0,0.0,0.006,248700.4375
1641232,IT,AT,COKEO,FOOD2,0.01,79582.244,3,3,79582.244,0.0,0.0,0.0,0.0,7958224.4
1739982,IT,GB,AUXIL,COMPU,1.46,79580.157,4,4,79580.153,0.0,0.0,0.0,0.004,54506.956849
1766767,IT,RU,MACHI,COKEO,0.44,79577.364,4,4,79577.357,0.0,0.0,0.0,0.007,180857.645455
1745889,IT,JP,LEATH,CONST,0.57,79577.286,5,5,79576.272,0.0,1.0,0.0,0.014,139609.273684
1728385,IT,SE,TEXTI,LANDT,0.47,79576.926,4,4,79576.915,0.0,0.0,0.0,0.011,169312.608511
1738109,IT,GB,RUBBE,RECRE,0.26,79575.662,4,4,79575.655,0.0,0.0,0.0,0.007,306060.238462
1773955,IT,CH,SALEM,FURNI,0.64,79573.7,4,4,79573.695,0.0,0.0,0.0,0.005,124333.90625
1714738,IT,NL,DAIRY,PLAST,0.32,79572.466,5,5,79571.461,0.0,1.0,0.0,0.005,248663.95625
1662782,IT,DK,MOTO1,PUBLI,0.42,79571.625,4,4,79571.62,0.0,0.0,0.0,0.005,189456.25
1711747,IT,LU,BUSIN,RESEA,0.82,79570.976,4,4,79570.971,0.0,0.0,0.0,0.005,97037.77561
1737082,IT,GB,CHEMI,MACHI,0.19,79569.258,5,5,79565.251,0.0,0.0,4.0,0.007,418785.568421
1728435,IT,SE,WEARI,SUPPO,0.6,79566.979,4,4,79566.964,0.0,0.0,0.0,0.015,132611.631667
1728494,IT,SE,WOODW,PULP5,0.22,79561.921,5,5,79560.916,0.0,1.0,0.0,0.005,361645.095455
1788572,IT,WA,PAPER,RADIO,0.31,79561.49,5,5,79560.482,0.0,1.0,0.0,0.008,256649.967742
1782953,IT,NO,AIRTR,RETA1,0.09,79558.518,4,4,79558.515,0.0,0.0,0.0,0.003,883983.533333
1750424,IT,CN,FABRI,HEALT,0.32,79535.805,4,4,79535.799,0.0,0.0,0.0,0.006,248549.390625
1661433,IT,DK,DAIRY,FISHF,0.32,79521.216,5,5,79520.211,0.0,1.0,0.0,0.005,248503.8
1657258,IT,DE,CHEM1,ELEC2,0.17,79514.855,4,4,79514.846,0.0,0.0,0.0,0.009,467734.441176
1649652,IT,BG,CERAM,MEAT1,0.12,79513.607,4,4,79513.603,0.0,0.0,0.0,0.004,662613.391667
1687063,IT,HU,MOTO1,BRICK,0.42,79513.13,4,4,79513.125,0.0,0.0,0.0,0.005,189316.97619
1788465,IT,WA,PULP5,GLASS,0.24,79504.059,4,4,79504.052,0.0,0.0,0.0,0.007,331266.9125
1794073,IT,WL,PAPER,WEARI,0.31,79502.189,5,5,79501.181,0.0,1.0,0.0,0.008,256458.674194
1750813,IT,CN,FURNI,KEROS,0.25,79498.979,4,4,79498.972,0.0,0.0,0.0,0.007,317995.916
1646456,IT,BE,MACHI,HEAVY,0.44,79495.998,4,4,79495.991,0.0,0.0,0.0,0.007,180672.722727
1787702,IT,WA,VEGE1,LEATH,0.24,79490.778,4,4,79490.761,0.0,0.0,0.0,0.017,331211.575
1767492,IT,RU,SEACO,RUBBE,0.08,79489.945,3,3,79489.945,0.0,0.0,0.0,0.0,993624.3125
1742300,IT,US,CEMEN,PAPER,0.13,79489.785,4,4,79489.781,0.0,0.0,0.0,0.004,611459.884615
1771634,IT,CH,WEARI,FOOD5,0.6,79462.492,4,4,79462.477,0.0,0.0,0.0,0.015,132437.486667
1784304,IT,ID,CHEM1,SEACO,0.17,79453.302,4,4,79453.293,0.0,0.0,0.0,0.009,467372.364706
1662052,IT,DK,CHEM1,SUGA1,0.17,79450.669,4,4,79450.66,0.0,0.0,0.0,0.009,467356.876471
1649251,IT,BG,HEAVY,PULP5,0.13,79447.561,4,4,79447.555,0.0,0.0,0.0,0.006,611135.084615
1733033,IT,SI,COPP1,LEATH,0.2,79442.531,4,4,79442.527,0.0,0.0,0.0,0.004,397212.655
1784172,IT,ID,PAPER,FURNI,0.31,79438.106,5,5,79437.098,0.0,1.0,0.0,0.008,256251.954839
1757702,IT,BR,HEAVY,POSTT,0.13,79437.531,4,4,79437.525,0.0,0.0,0.0,0.006,611057.930769
1752881,IT,CA,KEROS,MOTOR,0.12,79436.708,4,4,79436.702,0.0,0.0,0.0,0.006,661972.566667
1731191,IT,SI,CHEMI,BEVER,0.19,79430.48,5,5,79426.473,0.0,0.0,4.0,0.007,418055.157895
1786188,IT,ZA,ALUM1,BITUM,0.14,79430.064,4,4,79430.058,0.0,0.0,0.0,0.006,567357.6
1648786,IT,BG,BEVER,FURNI,0.34,79427.536,4,4,79427.531,0.0,0.0,0.0,0.005,233610.4
1737581,IT,GB,PAPER,MEATP,0.31,79427.241,5,5,79426.233,0.0,1.0,0.0,0.008,256216.906452
1729586,IT,SE,NONF1,PLAST,0.02,79424.686,3,3,79424.686,0.0,0.0,0.0,0.0,3971234.3
1642702,IT,AT,MACHI,NONFE,0.44,79416.846,4,4,79416.839,0.0,0.0,0.0,0.007,180492.831818
1805254,IT,WF,CHEM1,AIRTR,0.17,79415.558,4,4,79415.549,0.0,0.0,0.0,0.009,467150.341176
1649725,IT,BG,BASIC,PRECI,0.09,79410.973,4,4,79410.968,0.0,0.0,0.0,0.005,882344.144444
1641234,IT,AT,MOTOR,CEREA,0.12,79410.012,4,4,79410.006,0.0,0.0,0.0,0.006,661750.1
1735260,IT,SK,GLASS,TOBAC,0.22,79409.894,4,4,79409.889,0.0,0.0,0.0,0.005,360954.063636
1757012,IT,KR,BUSIN,FOOD5,0.82,79405.617,4,4,79405.612,0.0,0.0,0.0,0.005,96836.118293
1660202,IT,DE,SUPPO,REALE,0.57,79403.482,4,4,79403.478,0.0,0.0,0.0,0.004,139304.354386
1671436,IT,FI,FABRI,TRAN1,0.32,79402.442,4,4,79402.436,0.0,0.0,0.0,0.006,248132.63125
1663512,IT,DK,RENTI,COMPU,0.47,79400.371,4,4,79400.367,0.0,0.0,0.0,0.004,168936.959574
1713150,IT,MT,FISH5,MEATP,0.33,79397.889,4,4,79397.848,0.0,0.0,0.0,0.041,240599.663636
1720139,IT,PL,COPP1,BITUM,0.2,79391.566,4,4,79391.562,0.0,0.0,0.0,0.004,396957.83
1751006,IT,CN,WHOLE,FOOD5,0.69,79390.657,4,4,79390.652,0.0,0.0,0.0,0.005,115058.923188
1747154,IT,JP,CONST,GLASS,0.44,79390.226,4,4,79390.222,0.0,0.0,0.0,0.004,180432.331818
1795634,IT,WL,FABRI,TEXTI,0.32,79385.885,4,4,79385.879,0.0,0.0,0.0,0.006,248080.890625
1763650,IT,MX,RUBBE,VEGE1,0.26,79385.474,4,4,79385.467,0.0,0.0,0.0,0.007,305328.746154
1782196,IT,NO,BASIC,PFERT,0.09,79379.542,4,4,79379.537,0.0,0.0,0.0,0.005,881994.911111
1757262,IT,BR,DAIRY,MEATC,0.32,79378.168,5,5,79377.163,0.0,1.0,0.0,0.005,248056.775
1789388,IT,WA,CHEM1,COPP1,0.17,79375.366,4,4,79375.357,0.0,0.0,0.0,0.009,466913.917647
1673517,IT,FR,LEATH,MOTOR,0.57,79374.658,5,5,79373.644,0.0,1.0,0.0,0.014,139253.785965
1667734,IT,ES,MACHI,MEMBE,0.44,79369.456,4,4,79369.449,0.0,0.0,0.0,0.007,180385.127273
1790409,IT,WA,LEAD1,GLASS,0.14,79367.376,4,4,79367.369,0.0,0.0,0.0,0.007,566909.828571
1796018,IT,WL,MOTO1,AUXIL,0.42,79364.697,4,4,79364.692,0.0,0.0,0.0,0.005,188963.564286
1717075,IT,NL,LANDT,RESEA,0.51,79363.815,4,4,79363.811,0.0,0.0,0.0,0.004,155615.323529
1788958,IT,WA,HEAVY,CHEM1,0.13,79356.886,4,4,79356.88,0.0,0.0,0.0,0.006,610437.584615
1736130,IT,SK,CONST,LANDT,0.44,79353.746,4,4,79353.742,0.0,0.0,0.0,0.004,180349.422727
1766428,IT,RU,BASIC,LANDT,0.09,79352.878,4,4,79352.873,0.0,0.0,0.0,0.005,881698.644444
1710141,IT,LT,MACHI,WEARI,0.44,79350.459,4,4,79350.452,0.0,0.0,0.0,0.007,180341.952273
1805340,IT,WF,RUBBE,MEATC,0.26,79348.342,4,4,79348.335,0.0,0.0,0.0,0.007,305185.930769
1649099,IT,BG,PAPER,CERAM,0.31,79342.794,5,5,79341.786,0.0,1.0,0.0,0.008,255944.496774
1649786,IT,BG,BASIC,REALE,0.09,79341.452,4,4,79341.447,0.0,0.0,0.0,0.005,881571.688889
1728966,IT,SE,CHEM1,PLAS1,0.17,79332.98,4,4,79332.971,0.0,0.0,0.0,0.009,466664.588235
1803072,IT,WF,CEREA,WHOLE,0.13,79329.328,4,4,79329.323,0.0,0.0,0.0,0.005,610225.6
1669026,IT,ES,SUPPO,PAPER,0.57,79326.432,4,4,79326.428,0.0,0.0,0.0,0.004,139169.178947
1786804,IT,ZA,HOTEL,MACHI,0.57,79321.944,4,4,79321.938,0.0,0.0,0.0,0.006,139161.305263
1811811,IT,WM,ADDIT,93197,0.18,79320.931,5,5,79319.925,0.0,1.0,0.0,0.006,440671.838889
1680402,IT,GR,ELEC2,RENTI,0.02,79320.784,4,4,79320.776,0.0,0.0,0.0,0.008,3966039.2
1713659,IT,MT,ALUM1,BUSIN,0.14,79318.235,4,4,79318.229,0.0,0.0,0.0,0.006,566558.821429
1651789,IT,CY,MOTO1,SALEM,0.42,79312.521,4,4,79312.516,0.0,0.0,0.0,0.005,188839.335714
1746304,IT,JP,CHEM1,FOODW,0.17,79308.951,4,4,79308.942,0.0,0.0,0.0,0.009,466523.241176
1811074,IT,WM,HEAVY,NONME,0.13,79307.43,4,4,79307.424,0.0,0.0,0.0,0.006,610057.153846
1760784,IT,IN,PRINT,WHOLE,0.76,79304.783,4,4,79304.777,0.0,0.0,0.0,0.006,104348.398684
1763827,IT,MX,CEMEN,CEMEN,0.13,79302.876,4,4,79302.872,0.0,0.0,0.0,0.004,610022.123077
1798300,IT,WE,CROPS,WEARI,0.63,79300.648,4,4,79300.644,0.0,0.0,0.0,0.004,125874.044444
1676597,IT,FR,HOTEL,ELECT,0.57,79291.936,4,4,79291.93,0.0,0.0,0.0,0.006,139108.659649
1737204,IT,GB,DAIRY,HEALT,0.32,79286.703,5,5,79285.698,0.0,1.0,0.0,0.005,247770.946875
1661264,IT,DK,VEGET,HEALT,0.28,79280.812,4,4,79280.809,0.0,0.0,0.0,0.003,283145.757143
1775304,IT,CH,BUSIN,ELEC4,0.81,79267.303,4,4,79267.298,0.0,0.0,0.0,0.005,97860.867901
1719475,IT,PL,RUBBE,MEMBE,0.26,79265.085,4,4,79265.078,0.0,0.0,0.0,0.007,304865.711538
1719512,IT,PL,GLASS,MOTOR,0.22,79261.734,4,4,79261.729,0.0,0.0,0.0,0.005,360280.609091
1797483,IT,WL,RESEA,EDUCA,0.43,79258.027,4,4,79258.021,0.0,0.0,0.0,0.006,184320.993023
1673044,IT,FR,FOOD5,WEARI,0.38,79253.193,4,4,79253.186,0.0,0.0,0.0,0.007,208561.034211
1710118,IT,LT,MACHI,CROPS,0.44,79250.531,4,4,79250.524,0.0,0.0,0.0,0.007,180114.843182
1801706,IT,WE,ELEC1,TOBAC,0.01,79250.495,4,4,79250.49,0.0,0.0,0.0,0.005,7925049.5
1722114,IT,PL,BUSIN,ALUM1,0.81,79240.04,4,4,79240.035,0.0,0.0,0.0,0.005,97827.209877
1742535,IT,US,BASIC,PLAS2,0.09,79229.138,4,4,79229.133,0.0,0.0,0.0,0.005,880323.755556
1686259,IT,HU,CERAM,TRANS,0.12,79227.555,4,4,79227.551,0.0,0.0,0.0,0.004,660229.625
1673720,IT,FR,PAPER,PFERT,0.31,79226.648,5,5,79225.64,0.0,1.0,0.0,0.008,255569.832258
1731165,IT,SI,SANDC,CEMEN,0.18,79223.82,5,5,79206.817,0.0,0.0,17.0,0.003,440132.333333
1726260,IT,RO,BASIC,PAPER,0.09,79219.451,4,4,79219.446,0.0,0.0,0.0,0.005,880216.122222
1776534,IT,TR,KEROS,SEACO,0.12,79211.276,4,4,79211.27,0.0,0.0,0.0,0.006,660093.966667
1668001,IT,ES,TRANS,EDUCA,0.47,79209.583,4,4,79209.579,0.0,0.0,0.0,0.004,168531.02766
1668894,IT,ES,SEACO,ELECT,0.08,79209.471,3,3,79209.471,0.0,0.0,0.0,0.0,990118.3875
1796865,IT,WL,SEACO,BASIC,0.08,79207.028,3,3,79207.028,0.0,0.0,0.0,0.0,990087.85
1801410,IT,WE,OFFIC,COMPU,0.25,79206.125,4,4,79206.119,0.0,0.0,0.0,0.006,316824.5
1684216,IT,HR,TRAN2,SUPPO,0.12,79199.916,4,4,79199.914,0.0,0.0,0.0,0.002,659999.3
1645730,IT,BE,RUBBE,TOBAC,0.26,79192.646,4,4,79192.639,0.0,0.0,0.0,0.007,304587.1
1784415,IT,ID,NONME,CERAM,0.16,79191.365,4,4,79191.356,0.0,0.0,0.0,0.009,494946.03125
1666238,IT,ES,HEAVY,LEAD1,0.13,79188.085,4,4,79188.079,0.0,0.0,0.0,0.006,609139.115385
1641353,IT,AT,KEROS,FABRI,0.12,79182.583,4,4,79182.577,0.0,0.0,0.0,0.006,659854.858333
1727322,IT,RO,POSTT,FABRI,1.3,79180.283,4,4,79180.277,0.0,0.0,0.0,0.006,60907.91
1735789,IT,SK,MACHI,GASDI,0.44,79178.81,4,4,79178.803,0.0,0.0,0.0,0.007,179951.840909
1686843,IT,HU,FABRI,RETAI,0.32,79174.469,4,4,79174.463,0.0,0.0,0.0,0.006,247420.215625
1765276,IT,RU,VEGE1,PLAST,0.24,79170.645,4,4,79170.628,0.0,0.0,0.0,0.017,329877.6875
1666389,IT,ES,NAPHT,BIOGA,0.13,79169.435,4,4,79169.429,0.0,0.0,0.0,0.006,608995.653846
1777486,IT,TR,BASIC,LIQUE,0.09,79164.814,4,4,79164.809,0.0,0.0,0.0,0.005,879609.044444
1678614,IT,GR,STONE,FABRI,0.26,79158.281,5,5,79154.277,0.0,0.0,4.0,0.004,304454.926923
1762967,IT,MX,DAIRY,FOOD5,0.32,79151.777,5,5,79150.772,0.0,1.0,0.0,0.005,247349.303125
1733939,IT,SI,SUPPO,CHEM1,0.57,79146.956,4,4,79146.952,0.0,0.0,0.0,0.004,138854.308772
1761547,IT,IN,LEAD1,MOTO1,0.14,79127.978,4,4,79127.971,0.0,0.0,0.0,0.007,565199.842857
1656649,IT,DE,PRINT,PLAS1,0.76,79125.359,4,4,79125.353,0.0,0.0,0.0,0.006,104112.314474
1806494,IT,WF,TRANS,RETA1,0.47,79124.65,4,4,79124.646,0.0,0.0,0.0,0.004,168350.319149
1813325,IT,WM,FURNI,CATTL,0.25,79124.174,4,4,79124.167,0.0,0.0,0.0,0.007,316496.696
1794690,IT,WL,NAPHT,COPP1,0.13,79123.027,4,4,79123.021,0.0,0.0,0.0,0.006,608638.669231
1803887,IT,WF,WEARI,FISHF,0.6,79118.342,4,4,79118.327,0.0,0.0,0.0,0.015,131863.903333
1678819,IT,GR,BEVER,VEGE1,0.34,79113.761,4,4,79113.756,0.0,0.0,0.0,0.005,232687.532353
1773168,IT,CH,NONF1,PUBLI,0.02,79111.246,3,3,79111.246,0.0,0.0,0.0,0.0,3955562.3
1734476,IT,SK,SANDC,CONST,0.18,79108.502,5,5,79091.499,0.0,0.0,17.0,0.003,439491.677778
1806495,IT,WF,TRANS,HOTEL,0.47,79108.176,4,4,79108.172,0.0,0.0,0.0,0.004,168315.268085
1811841,IT,WM,RUBBE,COPPE,0.26,79105.652,4,4,79105.645,0.0,0.0,0.0,0.007,304252.507692
1794017,IT,WL,WOODW,BUSIN,0.22,79094.025,5,5,79093.02,0.0,1.0,0.0,0.005,359518.295455
1658032,IT,DE,PREC1,NONME,0.13,79077.371,4,4,79077.367,0.0,0.0,0.0,0.004,608287.469231
1650559,IT,BG,ELEC7,RETA1,0.05,79075.416,3,3,79075.416,0.0,0.0,0.0,0.0,1581508.32
1717098,IT,NL,TRAN2,GASDI,0.12,79074.166,4,4,79074.164,0.0,0.0,0.0,0.002,658951.383333
1780638,IT,TW,INSUR,PUBLI,1.63,79072.89,4,4,79072.886,0.0,0.0,0.0,0.004,48510.97546
1794893,IT,WL,CHEM1,MEATA,0.17,79071.935,4,4,79071.926,0.0,0.0,0.0,0.009,465129.029412
1660870,IT,DE,COMPU,PAPE1,0.9,79071.573,4,4,79071.568,0.0,0.0,0.0,0.005,87857.303333
1766762,IT,RU,MACHI,LEATH,0.44,79059.244,4,4,79059.238,0.0,0.0,0.0,0.006,179680.1
1778568,IT,TR,RETA1,HOTEL,0.83,79054.095,4,4,79054.09,0.0,0.0,0.0,0.005,95245.89759
1745688,IT,JP,TEXTI,FOOD3,0.47,79049.251,4,4,79049.241,0.0,0.0,0.0,0.01,168189.895745
1814286,IT,WM,POSTT,AUXIL,1.3,79048.085,4,4,79048.079,0.0,0.0,0.0,0.006,60806.219231
1728929,IT,SE,CHEM1,SECO9,0.17,79045.797,4,4,79045.788,0.0,0.0,0.0,0.009,464975.276471
1798493,IT,WE,NATUR,EDUCA,0.11,79038.997,4,4,79038.992,0.0,0.0,0.0,0.005,718536.336364
1728572,IT,SE,PAPER,FABRI,0.31,79038.31,5,5,79037.302,0.0,1.0,0.0,0.008,254962.290323
1741393,IT,US,PRINT,REALE,0.76,79036.545,4,4,79036.539,0.0,0.0,0.0,0.006,103995.453947
1745722,IT,JP,WEARI,LEATH,0.6,79035.575,4,4,79035.56,0.0,0.0,0.0,0.015,131725.958333
1745799,IT,JP,WEARI,PAPE1,0.6,79033.815,4,4,79033.8,0.0,0.0,0.0,0.015,131723.025
1648860,IT,BG,TEXTI,PFERT,0.47,79032.571,4,4,79032.561,0.0,0.0,0.0,0.01,168154.406383
1739568,IT,GB,SEACO,FISHF,0.08,79028.142,3,3,79028.142,0.0,0.0,0.0,0.0,987851.775
1738007,IT,GB,ADDIT,HEAVY,0.18,79023.81,5,5,79022.804,0.0,1.0,0.0,0.006,439021.166667
1683860,IT,HR,MOTO1,SUPPO,0.42,79021.993,4,4,79021.988,0.0,0.0,0.0,0.005,188147.602381
1768971,IT,AU,PAPER,FURNI,0.31,79020.777,5,5,79019.769,0.0,1.0,0.0,0.008,254905.732258
1786825,IT,ZA,HOTEL,TRAN2,0.57,79020.747,4,4,79020.741,0.0,0.0,0.0,0.006,138632.889474
1811845,IT,WM,RUBBE,STONE,0.26,79019.132,4,4,79019.125,0.0,0.0,0.0,0.007,303919.738462
1662478,IT,DK,ALUM1,COMPU,0.14,78992.514,4,4,78992.508,0.0,0.0,0.0,0.006,564232.242857
1712093,IT,LV,BEVER,RENTI,0.34,78992.362,4,4,78992.357,0.0,0.0,0.0,0.005,232330.476471
1723101,IT,PT,CHEM1,SECO9,0.17,78987.843,4,4,78987.834,0.0,0.0,0.0,0.009,464634.370588
1674032,IT,FR,GASDI,SANDC,0.12,78982.379,4,4,78982.373,0.0,0.0,0.0,0.006,658186.491667
1769409,IT,AU,CERAM,93197,0.12,78982.047,4,4,78982.043,0.0,0.0,0.0,0.004,658183.725
1660386,IT,DE,FINAN,TRANS,1.03,78981.111,4,4,78981.109,0.0,0.0,0.0,0.002,76680.690291
1746303,IT,JP,CHEM1,HEALT,0.17,78980.328,4,4,78980.319,0.0,0.0,0.0,0.009,464590.164706
1669319,IT,ES,FINAN,ELEC5,1.03,78969.49,4,4,78969.488,0.0,0.0,0.0,0.002,76669.407767
1662088,IT,DK,CHEM1,WHOLE,0.17,78967.545,4,4,78967.536,0.0,0.0,0.0,0.009,464514.970588
1777214,IT,TR,RUBBE,TOBAC,0.26,78967.329,4,4,78967.322,0.0,0.0,0.0,0.007,303720.496154
1724346,IT,PT,SEACO,WOODW,0.08,78965.015,3,3,78965.015,0.0,0.0,0.0,0.0,987062.6875
1653061,IT,CZ,PLAST,REALE,0.17,78963.47,4,4,78963.462,0.0,0.0,0.0,0.008,464491.0
1745308,IT,JP,MEAT4,FURNI,0.43,78957.438,4,4,78957.433,0.0,0.0,0.0,0.005,183621.948837
1720176,IT,PL,COPP1,FOUND,0.2,78952.257,4,4,78952.253,0.0,0.0,0.0,0.004,394761.285
1795785,IT,WL,MACHI,CHARC,0.44,78945.557,4,4,78945.551,0.0,0.0,0.0,0.006,179421.720455
1733902,IT,SI,AIRTR,PLAST,0.09,78940.103,4,4,78940.101,0.0,0.0,0.0,0.002,877112.255556
1752015,IT,CN,RESEA,ELEC5,0.43,78939.07,4,4,78939.064,0.0,0.0,0.0,0.006,183579.232558
1667798,IT,ES,OFFIC,FOUND,0.24,78935.564,4,4,78935.558,0.0,0.0,0.0,0.006,328898.183333
1778653,IT,TR,HOTEL,FURNI,0.57,78934.497,4,4,78934.491,0.0,0.0,0.0,0.006,138481.573684
1641349,IT,AT,KEROS,LEAD1,0.12,78932.393,4,4,78932.387,0.0,0.0,0.0,0.006,657769.941667
1687509,IT,HU,LANDT,LEATH,0.51,78925.911,4,4,78925.907,0.0,0.0,0.0,0.004,154756.688235
1682934,IT,HR,PETRO,BASIC,0.13,78919.703,4,4,78919.697,0.0,0.0,0.0,0.006,607074.638462
1794523,IT,WL,HEAVY,SUGAR,0.13,78909.939,4,4,78909.933,0.0,0.0,0.0,0.006,606999.530769
1813386,IT,WM,FURNI,TRANS,0.25,78909.723,4,4,78909.716,0.0,0.0,0.0,0.007,315638.892
1651333,IT,CY,WOODW,NONME,0.22,78909.069,5,5,78908.064,0.0,1.0,0.0,0.005,358677.586364
1728666,IT,SE,PRINT,SALEM,0.76,78908.495,4,4,78908.489,0.0,0.0,0.0,0.006,103826.967105
1648493,IT,BG,OILSE,GLASS,0.06,78905.132,5,5,78904.128,0.0,1.0,0.0,0.004,1315085.533333
1782818,IT,NO,HOTEL,REALE,0.57,78898.711,4,4,78898.705,0.0,0.0,0.0,0.006,138418.791228
1731081,IT,SI,VEGET,BUSIN,0.28,78895.185,4,4,78895.182,0.0,0.0,0.0,0.003,281768.517857
1805135,IT,WF,PFERT,PRECI,0.03,78895.045,4,4,78895.032,0.0,0.0,0.0,0.013,2629834.833333
1802394,IT,WE,SEACO,EDUCA,0.08,78894.366,3,3,78894.366,0.0,0.0,0.0,0.0,986179.575
1643987,IT,AT,COMPU,RENTI,0.9,78889.291,4,4,78889.286,0.0,0.0,0.0,0.005,87654.767778
1796790,IT,WL,LANDT,RESEA,0.51,78886.635,4,4,78886.631,0.0,0.0,0.0,0.004,154679.676471
1796898,IT,WL,SEACO,BUSIN,0.08,78883.813,3,3,78883.813,0.0,0.0,0.0,0.0,986047.6625
1640595,IT,AT,BEVER,POULT,0.34,78878.322,4,4,78878.317,0.0,0.0,0.0,0.005,231995.064706
1798325,IT,WE,CROPS,RETA1,0.62,78877.301,4,4,78877.297,0.0,0.0,0.0,0.004,127221.453226
1650162,IT,BG,MOTO1,OFFIC,0.42,78875.715,4,4,78875.71,0.0,0.0,0.0,0.005,187799.321429
1643551,IT,AT,SEACO,RUBBE,0.08,78872.126,3,3,78872.126,0.0,0.0,0.0,0.0,985901.575
1679929,IT,GR,FABRI,TOBAC,0.32,78871.136,4,4,78871.13,0.0,0.0,0.0,0.006,246472.3
1683778,IT,HR,MACHI,PUBLI,0.44,78870.418,4,4,78870.412,0.0,0.0,0.0,0.006,179250.95
1763221,IT,MX,WOODW,RUBBE,0.22,78864.157,5,5,78863.152,0.0,1.0,0.0,0.005,358473.440909
1757594,IT,BR,GASDI,REFI1,0.12,78861.344,4,4,78861.338,0.0,0.0,0.0,0.006,657177.866667
1749935,IT,CN,GLASS,TRANS,0.22,78858.311,4,4,78858.306,0.0,0.0,0.0,0.005,358446.868182
1659958,IT,DE,SEACO,WOODW,0.08,78857.222,3,3,78857.222,0.0,0.0,0.0,0.0,985715.275
1760561,IT,IN,LEATH,MEDIC,0.56,78855.07,5,5,78854.056,0.0,1.0,0.0,0.014,140812.625
1798538,IT,WE,SANDC,CRUDE,0.18,78838.968,5,5,78821.965,0.0,0.0,17.0,0.003,437994.266667
1746153,IT,JP,PLAST,COKEO,0.17,78838.746,4,4,78838.738,0.0,0.0,0.0,0.008,463757.329412
1662162,IT,DK,RUBBE,MEDIC,0.26,78837.852,4,4,78837.845,0.0,0.0,0.0,0.007,303222.507692
1682229,IT,HR,WEARI,BUSIN,0.59,78815.708,4,4,78815.693,0.0,0.0,0.0,0.015,133585.945763
1763605,IT,MX,CHEM1,RESEA,0.16,78813.902,4,4,78813.893,0.0,0.0,0.0,0.009,492586.8875
1641619,IT,AT,NAPHT,COMPU,0.13,78812.688,4,4,78812.682,0.0,0.0,0.0,0.006,606251.446154
1739751,IT,GB,SUPPO,FOOD4,0.57,78810.466,4,4,78810.462,0.0,0.0,0.0,0.004,138263.975439
1648404,IT,BE,RECRE,RECRE,1.0,78806.868,4,4,78806.862,0.0,0.0,0.0,0.006,78806.868
1726410,IT,RO,FABRI,FORES,0.32,78805.768,4,4,78805.762,0.0,0.0,0.0,0.006,246268.025
1720567,IT,PL,OFFIC,WHOLE,0.24,78804.711,4,4,78804.705,0.0,0.0,0.0,0.006,328352.9625
1675514,IT,FR,OFFIC,RENTI,0.24,78797.274,4,4,78797.268,0.0,0.0,0.0,0.006,328321.975
1657895,IT,DE,BASIC,COKEO,0.09,78795.661,4,4,78795.656,0.0,0.0,0.0,0.005,875507.344444
1745100,IT,US,PUBLI,SEWAG,1.29,78787.09,4,4,78787.084,0.0,0.0,0.0,0.006,61075.263566
1725844,IT,RO,GASDI,CEREA,0.12,78784.161,4,4,78784.155,0.0,0.0,0.0,0.006,656534.675
1756359,IT,KR,TRANS,INLAN,0.47,78779.949,4,4,78779.945,0.0,0.0,0.0,0.004,167616.912766
1658301,IT,DE,COPP1,ELEC7,0.2,78779.541,4,4,78779.537,0.0,0.0,0.0,0.004,393897.705
1718015,IT,PL,CHEMI,BIODI,0.19,78776.216,5,5,78772.209,0.0,0.0,4.0,0.007,414611.663158
1654570,IT,CZ,HOTEL,MEMBE,0.57,78772.732,4,4,78772.726,0.0,0.0,0.0,0.006,138197.775439
1662456,IT,DK,ALUM1,GLASS,0.14,78765.484,4,4,78765.478,0.0,0.0,0.0,0.006,562610.6
1664937,IT,ES,STONE,NONME,0.25,78764.7,5,5,78760.696,0.0,0.0,4.0,0.004,315058.8
1806125,IT,WF,FABRI,PLAST,0.32,78762.243,4,4,78762.237,0.0,0.0,0.0,0.006,246132.009375
1668032,IT,ES,FURNI,BASIC,0.25,78756.92,4,4,78756.913,0.0,0.0,0.0,0.007,315027.68
1796445,IT,WL,WHOLE,BUSIN,0.68,78745.229,4,4,78745.224,0.0,0.0,0.0,0.005,115801.807353
1685044,IT,HU,DAIRY,WHOLE,0.32,78731.799,5,5,78730.794,0.0,1.0,0.0,0.005,246036.871875
1688585,IT,IE,PRINT,WHOLE,0.76,78729.087,4,4,78729.081,0.0,0.0,0.0,0.006,103590.903947
1649609,IT,BG,GLASS,WOODW,0.22,78710.912,4,4,78710.907,0.0,0.0,0.0,0.005,357776.872727
1648801,IT,BG,BEVER,PUBLI,0.33,78703.465,4,4,78703.46,0.0,0.0,0.0,0.005,238495.348485
1757497,IT,BR,PAPER,PUBLI,0.3,78702.994,5,5,78701.986,0.0,1.0,0.0,0.008,262343.313333
1667431,IT,ES,COPP1,RENTI,0.2,78700.041,4,4,78700.037,0.0,0.0,0.0,0.004,393500.205
1729103,IT,SE,RUBBE,OILHA,0.26,78698.312,4,4,78698.305,0.0,0.0,0.0,0.007,302685.815385
1683229,IT,HR,CERAM,WEARI,0.12,78692.735,4,4,78692.731,0.0,0.0,0.0,0.004,655772.791667
1650784,IT,BG,RAILW,RAILW,0.53,78691.408,5,5,78690.404,0.0,0.0,1.0,0.004,148474.354717
1718528,IT,PL,TEXTI,RECRE,0.47,78688.35,4,4,78688.34,0.0,0.0,0.0,0.01,167422.021277
1738875,IT,GB,TRANS,REALE,0.47,78671.915,4,4,78671.911,0.0,0.0,0.0,0.004,167387.053191
1642605,IT,AT,FABRI,WEARI,0.32,78671.212,4,4,78671.206,0.0,0.0,0.0,0.006,245847.5375
1766397,IT,RU,BASIC,PREC1,0.09,78667.621,4,4,78667.616,0.0,0.0,0.0,0.005,874084.677778
1662573,IT,DK,FABRI,NONME,0.32,78666.234,4,4,78666.228,0.0,0.0,0.0,0.006,245831.98125
1709938,IT,LT,BASIC,TRANS,0.09,78658.837,4,4,78658.832,0.0,0.0,0.0,0.005,873987.077778
1715533,IT,NL,GASDI,SALEM,0.12,78658.463,4,4,78658.457,0.0,0.0,0.0,0.006,655487.191667
1715046,IT,NL,TEXTI,FURNI,0.47,78655.874,4,4,78655.864,0.0,0.0,0.0,0.01,167352.923404
1766234,IT,RU,GLASS,WHOLE,0.22,78654.734,4,4,78654.729,0.0,0.0,0.0,0.005,357521.518182
1722650,IT,PT,TEXTI,HEALT,0.47,78654.345,4,4,78654.335,0.0,0.0,0.0,0.01,167349.670213
1797317,IT,WL,AUXIL,REALE,1.44,78645.191,4,4,78645.187,0.0,0.0,0.0,0.004,54614.715972
1788133,IT,WA,WEARI,PRINT,0.59,78638.587,4,4,78638.572,0.0,0.0,0.0,0.015,133285.740678
1787508,IT,WA,CHEMI,MEATP,0.19,78628.729,5,5,78624.722,0.0,0.0,4.0,0.007,413835.415789
1677270,IT,FR,FINAN,PRINT,1.02,78628.296,4,4,78628.294,0.0,0.0,0.0,0.002,77086.564706
1788855,IT,WA,GASDI,GASDI,0.12,78625.156,4,4,78625.15,0.0,0.0,0.0,0.006,655209.633333
1726009,IT,RO,CHEM1,ELEC5,0.16,78624.981,4,4,78624.972,0.0,0.0,0.0,0.009,491406.13125
1800718,IT,WE,CEMEN,AUXIL,0.13,78624.153,4,4,78624.149,0.0,0.0,0.0,0.004,604801.176923
1643604,IT,AT,AIRTR,MOTOR,0.09,78615.867,4,4,78615.865,0.0,0.0,0.0,0.002,873509.633333
1659901,IT,DE,TRAN2,NATUR,0.12,78611.878,4,4,78611.876,0.0,0.0,0.0,0.002,655098.983333
1750002,IT,CN,NONME,FOOD5,0.16,78610.198,4,4,78610.189,0.0,0.0,0.0,0.009,491313.7375
1662002,IT,DK,PLAST,BEVER,0.16,78608.454,4,4,78608.446,0.0,0.0,0.0,0.008,491302.8375
1814133,IT,WM,AIRTR,COLLE,0.09,78608.35,4,4,78608.348,0.0,0.0,0.0,0.002,873426.111111
1790148,IT,WA,BASIC,STEAM,0.09,78604.891,4,4,78604.886,0.0,0.0,0.0,0.005,873387.677778
1785164,IT,ZA,FOOD5,DAIRY,0.38,78599.032,4,4,78599.025,0.0,0.0,0.0,0.007,206839.557895
1773305,IT,CH,MACHI,BEVER,0.44,78598.413,4,4,78598.407,0.0,0.0,0.0,0.006,178632.756818
1789886,IT,WA,BRICK,CHARC,0.12,78593.079,4,4,78593.074,0.0,0.0,0.0,0.005,654942.325
1742264,IT,US,CERAM,FOOD3,0.12,78590.93,4,4,78590.926,0.0,0.0,0.0,0.004,654924.416667
1781383,IT,NO,DAIRY,HEALT,0.32,78586.947,5,5,78585.942,0.0,1.0,0.0,0.005,245584.209375
1750122,IT,CN,PREC1,WOODW,0.13,78585.596,4,4,78585.592,0.0,0.0,0.0,0.004,604504.584615
1722396,IT,PT,MEATC,MOTOR,0.26,78568.426,5,5,78567.421,0.0,1.0,0.0,0.005,302186.253846
1807811,IT,WF,FOODW,HOTEL,0.58,78562.815,4,4,78562.81,0.0,0.0,0.0,0.005,135453.12931
1743101,IT,US,MOTO1,MOTOR,0.42,78561.03,4,4,78561.025,0.0,0.0,0.0,0.005,187050.071429
1731477,IT,SI,BEVER,CONST,0.33,78557.886,4,4,78557.881,0.0,0.0,0.0,0.005,238054.2
1757124,IT,BR,VEGET,WHOLE,0.28,78555.517,4,4,78555.514,0.0,0.0,0.0,0.003,280555.417857
1789897,IT,WA,BRICK,HEALT,0.12,78552.648,4,4,78552.643,0.0,0.0,0.0,0.005,654605.4
1656822,IT,DE,GASDI,HOTEL,0.12,78548.815,4,4,78548.809,0.0,0.0,0.0,0.006,654573.458333
1741617,IT,US,GASDI,93197,0.12,78547.725,4,4,78547.719,0.0,0.0,0.0,0.006,654564.375
1788360,IT,WA,WOODW,CATTL,0.22,78545.713,5,5,78544.708,0.0,1.0,0.0,0.005,357025.968182
1649409,IT,BG,CHEM1,KEROS,0.16,78532.623,4,4,78532.614,0.0,0.0,0.0,0.009,490828.89375
1683431,IT,HR,BASIC,TRAN2,0.09,78530.631,4,4,78530.626,0.0,0.0,0.0,0.005,872562.566667
1683884,IT,HR,TRANS,OFFIC,0.47,78528.086,4,4,78528.082,0.0,0.0,0.0,0.004,167081.034043
1769972,IT,AU,TRANS,WHOLE,0.47,78523.554,4,4,78523.55,0.0,0.0,0.0,0.004,167071.391489
1805803,IT,WF,PREC1,PREC1,0.13,78515.81,4,4,78515.806,0.0,0.0,0.0,0.004,603967.769231
1779928,IT,TW,CONST,PLAST,0.44,78514.364,4,4,78514.36,0.0,0.0,0.0,0.004,178441.736364
1723520,IT,PT,COPP1,MOTO1,0.2,78505.181,4,4,78505.177,0.0,0.0,0.0,0.004,392525.905
1667134,IT,ES,BASIC,PFERT,0.09,78504.878,4,4,78504.873,0.0,0.0,0.0,0.005,872276.422222
1781880,IT,NO,CHEM1,BEVER,0.16,78497.97,4,4,78497.961,0.0,0.0,0.0,0.009,490612.3125
1792079,IT,WA,AIRTR,NONF1,0.09,78496.201,4,4,78496.199,0.0,0.0,0.0,0.002,872180.011111
1653875,IT,CZ,FABRI,PREC1,0.32,78495.17,4,4,78495.164,0.0,0.0,0.0,0.006,245297.40625
1725217,IT,RO,FOOD5,RAWMI,0.38,78494.173,4,4,78494.166,0.0,0.0,0.0,0.007,206563.613158
1643204,IT,AT,HOTEL,PULP5,0.57,78490.576,4,4,78490.57,0.0,0.0,0.0,0.006,137702.764912
1798459,IT,WE,NATUR,COPP1,0.11,78486.217,4,4,78486.212,0.0,0.0,0.0,0.005,713511.063636
1765696,IT,RU,PAPER,FURNI,0.3,78478.137,5,5,78477.129,0.0,1.0,0.0,0.008,261593.79
1764239,IT,MX,MACHI,BRICK,0.44,78474.835,4,4,78474.829,0.0,0.0,0.0,0.006,178351.897727
1669739,IT,ES,BUSIN,MEATP,0.81,78471.068,4,4,78471.063,0.0,0.0,0.0,0.005,96877.861728
1777187,IT,TR,RUBBE,CATTL,0.26,78467.891,4,4,78467.884,0.0,0.0,0.0,0.007,301799.580769
1683109,IT,HR,RUBBE,FURNI,0.26,78467.852,4,4,78467.845,0.0,0.0,0.0,0.007,301799.430769
1716875,IT,NL,HOTEL,FURNI,0.57,78467.228,4,4,78467.222,0.0,0.0,0.0,0.006,137661.803509
1649880,IT,BG,FABRI,VEGET,0.32,78465.618,4,4,78465.612,0.0,0.0,0.0,0.006,245205.05625
1779906,IT,TW,CONST,PROCE,0.44,78463.044,4,4,78463.04,0.0,0.0,0.0,0.004,178325.1
1743955,IT,US,INLAN,RESEA,0.13,78459.582,4,4,78459.577,0.0,0.0,0.0,0.005,603535.246154
1795877,IT,WL,OFFIC,COPP1,0.24,78454.345,4,4,78454.339,0.0,0.0,0.0,0.006,326893.104167
1806099,IT,WF,FABRI,CHEMI,0.32,78452.43,4,4,78452.424,0.0,0.0,0.0,0.006,245163.84375
1688615,IT,IE,NONSP,ELEC6,0.1,78446.777,4,4,78446.773,0.0,0.0,0.0,0.004,784467.77
1810646,IT,WM,MOTOR,CROPS,0.12,78445.396,4,4,78445.39,0.0,0.0,0.0,0.006,653711.633333
1749873,IT,CN,RUBBE,COLLE,0.26,78444.269,4,4,78444.262,0.0,0.0,0.0,0.007,301708.726923
1677969,IT,FR,PUBLI,FOOD5,1.28,78442.272,4,4,78442.266,0.0,0.0,0.0,0.006,61283.025
1786067,IT,ZA,CEMEN,COKE1,0.13,78430.141,4,4,78430.137,0.0,0.0,0.0,0.004,603308.776923
1644246,IT,BE,CROPS,CHEMI,0.62,78417.127,4,4,78417.123,0.0,0.0,0.0,0.004,126479.237097
1676063,IT,FR,ELEC7,CHEM1,0.05,78416.959,3,3,78416.959,0.0,0.0,0.0,0.0,1568339.18
1749268,IT,CN,PAPER,ELEC1,0.3,78414.932,5,5,78413.924,0.0,1.0,0.0,0.008,261383.106667
1777776,IT,TR,FABRI,PRECI,0.32,78412.996,4,4,78412.99,0.0,0.0,0.0,0.006,245040.6125
1642320,IT,AT,BASIC,BIOGA,0.09,78407.106,4,4,78407.101,0.0,0.0,0.0,0.005,871190.066667
1752922,IT,CA,PLAST,CHEMI,0.16,78402.06,4,4,78402.052,0.0,0.0,0.0,0.008,490012.875
1805103,IT,WF,NFERT,CHEMI,0.02,78402.053,4,4,78402.047,0.0,0.0,0.0,0.006,3920102.65
1759226,IT,BR,POSTT,CRUDE,1.29,78400.152,4,4,78400.146,0.0,0.0,0.0,0.006,60775.311628
1725418,IT,RO,TEXTI,FINAN,0.46,78395.59,4,4,78395.58,0.0,0.0,0.0,0.01,170425.195652
1734781,IT,SK,WOODW,FABRI,0.22,78395.138,4,4,78395.133,0.0,0.0,0.0,0.005,356341.536364
1657263,IT,DE,CHEM1,ELEC7,0.16,78389.768,4,4,78389.759,0.0,0.0,0.0,0.009,489936.05
1723006,IT,PT,PLAST,PRINT,0.16,78387.016,4,4,78387.008,0.0,0.0,0.0,0.008,489918.85
1663939,IT,EE,WOODW,CONST,0.22,78385.501,4,4,78385.496,0.0,0.0,0.0,0.005,356297.731818
1777188,IT,TR,RUBBE,POULT,0.26,78378.149,4,4,78378.142,0.0,0.0,0.0,0.007,301454.419231
1773157,IT,CH,NONF1,NONME,0.02,78367.242,3,3,78367.242,0.0,0.0,0.0,0.0,3918362.1
1778575,IT,TR,RETA1,SUPPO,0.82,78364.734,4,4,78364.729,0.0,0.0,0.0,0.005,95566.74878
1682465,IT,HR,PAPER,REALE,0.3,78362.307,5,5,78361.299,0.0,1.0,0.0,0.008,261207.69
1764901,IT,MX,AIRTR,LANDT,0.09,78359.987,4,4,78359.985,0.0,0.0,0.0,0.002,870666.522222
1789390,IT,WA,CHEM1,FOUND,0.16,78354.784,4,4,78354.775,0.0,0.0,0.0,0.009,489717.4
1656100,IT,DE,BEVER,COMPU,0.33,78354.387,4,4,78354.382,0.0,0.0,0.0,0.005,237437.536364
1717630,IT,NL,BUSIN,MEATP,0.8,78353.998,4,4,78353.993,0.0,0.0,0.0,0.005,97942.4975
1649242,IT,BG,GASDI,WHOLE,0.12,78353.356,4,4,78353.35,0.0,0.0,0.0,0.006,652944.633333
1651485,IT,CY,HEAVY,BRICK,0.13,78348.383,4,4,78348.377,0.0,0.0,0.0,0.006,602679.869231
1813976,IT,WM,SEACO,TOBAC,0.08,78340.789,3,3,78340.789,0.0,0.0,0.0,0.0,979259.8625
1640479,IT,AT,DAIRY,RETA1,0.32,78338.258,5,5,78337.253,0.0,1.0,0.0,0.005,244807.05625
1677044,IT,FR,SUPPO,GASDI,0.56,78336.228,4,4,78336.224,0.0,0.0,0.0,0.004,139886.121429
1809656,IT,WM,DAIRY,INSUR,0.32,78333.987,5,5,78332.982,0.0,1.0,0.0,0.005,244793.709375
1680346,IT,GR,ELEC1,LANDT,0.01,78328.32,4,4,78328.315,0.0,0.0,0.0,0.005,7832832.0
1746111,IT,JP,PRINT,PUBLI,0.75,78325.488,4,4,78325.482,0.0,0.0,0.0,0.006,104433.984
1807715,IT,WF,BUSIN,LANDT,0.8,78325.257,4,4,78325.252,0.0,0.0,0.0,0.005,97906.57125
1671227,IT,FI,BASIC,SANDC,0.09,78324.359,4,4,78324.354,0.0,0.0,0.0,0.005,870270.655556
1649560,IT,BG,RUBBE,DISTR,0.26,78320.458,4,4,78320.451,0.0,0.0,0.0,0.007,301232.530769
1677391,IT,FR,INSUR,PLAST,1.61,78310.046,4,4,78310.042,0.0,0.0,0.0,0.004,48639.780124
1659042,IT,DE,ELEC2,EDUCA,0.02,78300.865,4,4,78300.857,0.0,0.0,0.0,0.008,3915043.25
1658091,IT,DE,ALUM1,CRUDE,0.14,78295.473,4,4,78295.467,0.0,0.0,0.0,0.006,559253.378571
1677379,IT,FR,INSUR,MOTOR,1.61,78293.478,4,4,78293.474,0.0,0.0,0.0,0.004,48629.489441
1713644,IT,MT,ALUM1,MACHI,0.14,78287.358,4,4,78287.352,0.0,0.0,0.0,0.006,559195.414286
1683460,IT,HR,PREC1,LEATH,0.13,78284.801,4,4,78284.797,0.0,0.0,0.0,0.004,602190.776923
1647220,IT,BE,LANDT,MOTOR,0.5,78277.985,4,4,78277.981,0.0,0.0,0.0,0.004,156555.97
1804571,IT,WF,HEAVY,IRONO,0.13,78268.712,4,4,78268.706,0.0,0.0,0.0,0.006,602067.015385
1748378,IT,CN,CROPS,CROPS,0.62,78267.695,4,4,78267.691,0.0,0.0,0.0,0.004,126238.217742
1739144,IT,GB,RETA1,RAWMI,0.82,78267.356,4,4,78267.351,0.0,0.0,0.0,0.005,95447.995122
1671523,IT,FI,MACHI,LANDT,0.44,78261.597,4,4,78261.591,0.0,0.0,0.0,0.006,177867.265909
1739020,IT,GB,SALEM,EDUCA,0.63,78261.155,4,4,78261.15,0.0,0.0,0.0,0.005,124224.055556
1645552,IT,BE,PLAST,INERT,0.16,78258.737,4,4,78258.729,0.0,0.0,0.0,0.008,489117.10625
1810049,IT,WM,TEXTI,PLAST,0.46,78254.2,4,4,78254.19,0.0,0.0,0.0,0.01,170117.826087
1666055,IT,ES,KERO1,HEAVY,0.11,78253.166,4,4,78253.16,0.0,0.0,0.0,0.006,711392.418182
1719970,IT,PL,PREC1,FOOD4,0.13,78250.419,4,4,78250.415,0.0,0.0,0.0,0.004,601926.3
1811246,IT,WM,BITU1,CROPS,0.12,78246.472,4,4,78246.466,0.0,0.0,0.0,0.006,652053.933333
1752550,IT,CA,BEVER,CEREA,0.33,78235.325,4,4,78235.32,0.0,0.0,0.0,0.005,237076.742424
1781051,IT,TW,PUBLI,PROCE,1.28,78234.963,4,4,78234.958,0.0,0.0,0.0,0.005,61121.064844
1676179,IT,FR,CONST,CEMEN,0.44,78233.821,4,4,78233.817,0.0,0.0,0.0,0.004,177804.138636
1679948,IT,GR,FABRI,CHEM1,0.32,78231.56,4,4,78231.554,0.0,0.0,0.0,0.006,244473.625
1659386,IT,DE,WHOLE,MEATP,0.68,78226.858,4,4,78226.853,0.0,0.0,0.0,0.005,115039.497059
1652998,IT,CZ,PLAST,SUGA1,0.16,78221.005,4,4,78220.997,0.0,0.0,0.0,0.008,488881.28125
1764068,IT,MX,FABRI,PRECI,0.32,78216.777,4,4,78216.771,0.0,0.0,0.0,0.006,244427.428125
1785917,IT,ZA,RUBBE,NONFE,0.26,78215.795,4,4,78215.788,0.0,0.0,0.0,0.007,300829.980769
1649561,IT,BG,RUBBE,DIST1,0.26,78213.726,4,4,78213.719,0.0,0.0,0.0,0.007,300822.023077
1751979,IT,CN,RESEA,GASDI,0.42,78205.573,4,4,78205.568,0.0,0.0,0.0,0.005,186203.745238
1718444,IT,PL,TOBAC,HEALT,0.31,78202.422,4,4,78202.417,0.0,0.0,0.0,0.005,252265.877419
1739084,IT,GB,RETAI,RECRE,0.61,78194.103,4,4,78194.098,0.0,0.0,0.0,0.005,128187.054098
1729613,IT,SE,FABRI,COPPE,0.32,78186.071,4,4,78186.065,0.0,0.0,0.0,0.006,244331.471875
1728011,IT,SE,SANDC,RAILW,0.18,78185.474,5,5,78168.471,0.0,0.0,17.0,0.003,434363.744444
1736660,IT,SK,INSUR,COLLE,1.61,78183.034,4,4,78183.03,0.0,0.0,0.0,0.004,48560.890683
1798897,IT,WE,BEVER,INSUR,0.33,78179.971,4,4,78179.966,0.0,0.0,0.0,0.005,236909.00303
1794318,IT,WL,MOTOR,OFFIC,0.12,78174.197,4,4,78174.191,0.0,0.0,0.0,0.006,651451.641667
1743916,IT,US,SEACO,TRAN2,0.08,78167.841,3,3,78167.841,0.0,0.0,0.0,0.0,977098.0125
1660626,IT,DE,REALE,TRANS,3.3,78165.705,4,4,78165.7,0.0,0.0,0.0,0.005,23686.577273
1781488,IT,NO,BEVER,BUSIN,0.33,78164.796,4,4,78164.791,0.0,0.0,0.0,0.005,236863.018182
1733377,IT,SI,TRANS,OILHA,0.47,78163.888,4,4,78163.884,0.0,0.0,0.0,0.004,166306.144681
1807907,IT,WF,PLAS1,MEATA,0.28,78160.833,4,4,78160.828,0.0,0.0,0.0,0.005,279145.832143
1794449,IT,WL,GASDI,FOOD5,0.12,78154.259,4,4,78154.253,0.0,0.0,0.0,0.006,651285.491667
1674307,IT,FR,NFERT,CATTL,0.02,78153.944,4,4,78153.938,0.0,0.0,0.0,0.006,3907697.2
1642958,IT,AT,FURNI,WHOLE,0.25,78149.208,4,4,78149.201,0.0,0.0,0.0,0.007,312596.832
1791179,IT,WA,FURNI,MEATC,0.25,78148.36,4,4,78148.353,0.0,0.0,0.0,0.007,312593.44
1679153,IT,GR,PAPER,POSTT,0.3,78135.799,5,5,78134.791,0.0,1.0,0.0,0.008,260452.663333
1686592,IT,HU,ALUM1,RENTI,0.14,78134.803,4,4,78134.797,0.0,0.0,0.0,0.006,558105.735714
1769406,IT,AU,CERAM,HEALT,0.12,78133.441,4,4,78133.437,0.0,0.0,0.0,0.004,651112.008333
1662140,IT,DK,RUBBE,PULP5,0.26,78125.279,4,4,78125.272,0.0,0.0,0.0,0.007,300481.842308
1690435,IT,IE,FOOD4,PUBLI,0.57,78121.577,4,4,78121.572,0.0,0.0,0.0,0.005,137055.398246
1756056,IT,KR,FABRI,PAPER,0.32,78115.947,4,4,78115.941,0.0,0.0,0.0,0.006,244112.334375
1740226,IT,GB,BUSIN,BASIC,0.8,78114.698,4,4,78114.693,0.0,0.0,0.0,0.005,97643.3725
1686244,IT,HU,CERAM,RUBBE,0.12,78114.381,4,4,78114.377,0.0,0.0,0.0,0.004,650953.175
1686846,IT,HU,FABRI,HOTEL,0.32,78099.791,4,4,78099.785,0.0,0.0,0.0,0.006,244061.846875
1797174,IT,WL,POSTT,SUPPO,1.29,78096.381,4,4,78096.375,0.0,0.0,0.0,0.006,60539.830233
1651413,IT,CY,KEROS,COLLE,0.12,78093.242,4,4,78093.236,0.0,0.0,0.0,0.006,650777.016667
1712467,IT,LV,ALUM1,MOTO1,0.14,78089.671,4,4,78089.665,0.0,0.0,0.0,0.006,557783.364286
1659858,IT,DE,LANDT,COLLE,0.5,78089.472,4,4,78089.468,0.0,0.0,0.0,0.004,156178.944
1785933,IT,ZA,RUBBE,WEARI,0.26,78085.299,4,4,78085.292,0.0,0.0,0.0,0.007,300328.073077
1748348,IT,CN,VEGET,WHOLE,0.28,78083.364,4,4,78083.361,0.0,0.0,0.0,0.003,278869.157143
1646939,IT,BE,WHOLE,HOTEL,0.67,78081.734,4,4,78081.729,0.0,0.0,0.0,0.005,116539.901493
1657647,IT,DE,CERAM,BRICK,0.12,78071.038,4,4,78071.034,0.0,0.0,0.0,0.004,650591.983333
1743035,IT,US,OFFIC,LANDT,0.24,78063.345,4,4,78063.339,0.0,0.0,0.0,0.006,325263.9375
1648020,IT,BE,COMPU,PLAST,0.89,78063.033,4,4,78063.028,0.0,0.0,0.0,0.005,87711.273034
1766345,IT,RU,NONME,WHOLE,0.16,78059.531,4,4,78059.522,0.0,0.0,0.0,0.009,487872.06875
1814932,IT,WM,PRIVA,PFERT,17.42,78049.665,5,5,78048.653,1.0,0.0,0.0,0.012,4480.462974
1677726,IT,FR,RENTI,REALE,0.47,78049.159,4,4,78049.155,0.0,0.0,0.0,0.004,166062.040426
1798173,IT,WE,CEREA,CRUDE,0.13,78047.553,4,4,78047.549,0.0,0.0,0.0,0.004,600365.792308
1729657,IT,SE,FABRI,RADIO,0.32,78043.617,4,4,78043.611,0.0,0.0,0.0,0.006,243886.303125
1760980,IT,IN,NAPHT,ELEC2,0.13,78039.554,4,4,78039.548,0.0,0.0,0.0,0.006,600304.261538
1727853,IT,RO,BUSIN,INTER,0.8,78034.337,4,4,78034.332,0.0,0.0,0.0,0.005,97542.92125
1723725,IT,PT,MACHI,RETA1,0.44,78032.637,4,4,78032.631,0.0,0.0,0.0,0.006,177346.902273
1804723,IT,WF,LIQUE,POSTT,0.14,78008.32,4,4,78008.314,0.0,0.0,0.0,0.006,557202.285714
1675820,IT,FR,ELEC1,MEATC,0.01,77999.198,4,4,77999.193,0.0,0.0,0.0,0.005,7799919.8
1684355,IT,HR,SUPPO,AIRTR,0.56,77997.549,4,4,77997.545,0.0,0.0,0.0,0.004,139281.3375
1786328,IT,ZA,MACHI,OILSE,0.44,77990.455,4,4,77990.449,0.0,0.0,0.0,0.006,177251.034091
1709696,IT,LT,PLAST,HEALT,0.16,77990.4,4,4,77990.392,0.0,0.0,0.0,0.008,487440.0
1762752,IT,IN,BUSIN,FURNI,0.8,77987.153,4,4,77987.148,0.0,0.0,0.0,0.005,97483.94125
1788268,IT,WA,LEATH,REFI1,0.56,77986.464,5,5,77985.451,0.0,1.0,0.0,0.013,139261.542857
1776592,IT,TR,GASDI,TEXTI,0.12,77964.253,4,4,77964.247,0.0,0.0,0.0,0.006,649702.108333
1660625,IT,DE,REALE,MOTO1,3.29,77961.693,4,4,77961.688,0.0,0.0,0.0,0.005,23696.563222
1803090,IT,WF,CEREA,RECRE,0.13,77957.783,4,4,77957.779,0.0,0.0,0.0,0.004,599675.253846
1756011,IT,KR,COPP1,CONST,0.2,77955.332,4,4,77955.328,0.0,0.0,0.0,0.004,389776.66
1813377,IT,WM,FURNI,NONF1,0.25,77953.446,4,4,77953.439,0.0,0.0,0.0,0.007,311813.784
1718559,IT,PL,WEARI,CONST,0.59,77952.797,4,4,77952.782,0.0,0.0,0.0,0.015,132123.384746
1721456,IT,PL,AIRTR,WHOLE,0.08,77946.879,4,4,77946.877,0.0,0.0,0.0,0.002,974335.9875
1726211,IT,RO,CEMEN,RECRE,0.12,77946.177,4,4,77946.173,0.0,0.0,0.0,0.004,649551.475
1798070,IT,WL,RECRE,COPP1,0.99,77945.585,4,4,77945.579,0.0,0.0,0.0,0.006,78732.914141
1770236,IT,AU,HOTEL,TOBAC,0.56,77943.948,4,4,77943.942,0.0,0.0,0.0,0.006,139185.621429
1732302,IT,SI,NAPHT,PLAST,0.13,77941.551,4,4,77941.545,0.0,0.0,0.0,0.006,599550.392308
1763164,IT,MX,LEATH,PFERT,0.56,77938.049,5,5,77937.036,0.0,1.0,0.0,0.013,139175.0875
1718176,IT,PL,DAIRY,FISH5,0.32,77930.465,5,5,77929.46,0.0,1.0,0.0,0.005,243532.703125
1710500,IT,LT,SEACO,BIODI,0.08,77924.89,3,3,77924.89,0.0,0.0,0.0,0.0,974061.125
1802631,IT,WE,REALE,RETA1,3.29,77918.103,4,4,77918.098,0.0,0.0,0.0,0.005,23683.313982
1798212,IT,WE,VEGET,PAPER,0.28,77916.093,4,4,77916.09,0.0,0.0,0.0,0.003,278271.760714
1740398,IT,GB,HEALT,WHOLE,0.41,77915.632,4,4,77915.629,0.0,0.0,0.0,0.003,190038.126829
1642692,IT,AT,MACHI,VEGET,0.43,77912.125,4,4,77912.119,0.0,0.0,0.0,0.006,181190.988372
1744256,IT,US,POSTT,RETAI,1.28,77910.806,4,4,77910.8,0.0,0.0,0.0,0.006,60867.817188
1784192,IT,ID,PAPER,PUBLI,0.3,77895.834,5,5,77894.826,0.0,1.0,0.0,0.008,259652.78
1717057,IT,NL,LANDT,RETAI,0.5,77892.973,4,4,77892.969,0.0,0.0,0.0,0.004,155785.946
1650018,IT,BG,MACHI,BEVER,0.43,77887.539,4,4,77887.533,0.0,0.0,0.0,0.006,181133.811628
1721023,IT,PL,HOTEL,WEARI,0.56,77872.067,4,4,77872.061,0.0,0.0,0.0,0.006,139057.2625
1739312,IT,GB,HOTEL,SEACO,0.56,77868.051,4,4,77868.045,0.0,0.0,0.0,0.006,139050.091071
1758179,IT,BR,NONME,HOTEL,0.16,77863.313,4,4,77863.304,0.0,0.0,0.0,0.009,486645.70625
1652652,IT,CZ,WOODW,WHOLE,0.22,77862.14,4,4,77862.135,0.0,0.0,0.0,0.005,353918.818182
1722122,IT,PL,BUSIN,RADIO,0.8,77861.768,4,4,77861.763,0.0,0.0,0.0,0.005,97327.21
1710092,IT,LT,FABRI,FURNI,0.32,77860.69,4,4,77860.684,0.0,0.0,0.0,0.006,243314.65625
1643038,IT,AT,CONST,REALE,0.44,77841.858,4,4,77841.854,0.0,0.0,0.0,0.004,176913.313636
1810703,IT,WM,MOTOR,CERAM,0.12,77841.217,4,4,77841.211,0.0,0.0,0.0,0.006,648676.808333
1735014,IT,SK,PLAST,CEMEN,0.16,77836.57,4,4,77836.562,0.0,0.0,0.0,0.008,486478.5625
1769676,IT,AU,FABRI,SUPPO,0.32,77834.49,4,4,77834.484,0.0,0.0,0.0,0.006,243232.78125
1755791,IT,KR,CERAM,CHEM1,0.12,77825.431,4,4,77825.427,0.0,0.0,0.0,0.004,648545.258333
1736489,IT,SK,INLAN,TEXTI,0.13,77822.149,4,4,77822.144,0.0,0.0,0.0,0.005,598631.915385
1725695,IT,RO,PAPER,DISTR,0.3,77821.956,5,5,77820.948,0.0,1.0,0.0,0.008,259406.52
1680380,IT,GR,ELEC2,COPP1,0.02,77817.218,4,4,77817.21,0.0,0.0,0.0,0.008,3890860.9
1722955,IT,PT,HEAVY,GASDI,0.13,77816.768,4,4,77816.762,0.0,0.0,0.0,0.006,598590.523077
1654284,IT,CZ,FURNI,HEALT,0.25,77816.615,4,4,77816.608,0.0,0.0,0.0,0.007,311266.46
1802976,IT,WF,WHEAT,GASDI,0.06,77815.523,5,5,77814.521,0.0,1.0,0.0,0.002,1296925.383333
1682063,IT,HR,FISH5,HOTEL,0.33,77812.886,4,4,77812.846,0.0,0.0,0.0,0.04,235796.624242
1786163,IT,ZA,BASIC,BUSIN,0.09,77811.113,4,4,77811.108,0.0,0.0,0.0,0.005,864567.922222
1730038,IT,SE,WHOLE,BASIC,0.67,77807.513,4,4,77807.508,0.0,0.0,0.0,0.005,116130.616418
1812679,IT,WM,COPP1,MEDIC,0.2,77804.284,4,4,77804.28,0.0,0.0,0.0,0.004,389021.42
1676309,IT,FR,RETAI,FORES,0.61,77802.039,4,4,77802.034,0.0,0.0,0.0,0.005,127544.32623
1686187,IT,HU,GLASS,PLAST,0.21,77801.897,4,4,77801.893,0.0,0.0,0.0,0.004,370485.22381
1761743,IT,IN,MACHI,NAPHT,0.43,77792.915,4,4,77792.909,0.0,0.0,0.0,0.006,180913.755814
1734482,IT,SK,CHEMI,MOTO1,0.19,77786.225,5,5,77782.218,0.0,0.0,4.0,0.007,409401.184211
1767518,IT,RU,SEACO,RESEA,0.08,77785.687,3,3,77785.687,0.0,0.0,0.0,0.0,972321.0875
1681197,IT,GR,POSTT,SUPPO,1.28,77781.305,4,4,77781.299,0.0,0.0,0.0,0.006,60766.644531
1755296,IT,KR,PAPER,COLLE,0.3,77780.552,5,5,77779.544,0.0,1.0,0.0,0.008,259268.506667
1760791,IT,IN,PRINT,FINAN,0.75,77773.377,4,4,77773.371,0.0,0.0,0.0,0.006,103697.836
1752324,IT,CA,CHEMI,PUBLI,0.19,77772.764,5,5,77768.757,0.0,0.0,4.0,0.007,409330.336842
1684576,IT,HR,BUSIN,FINAN,0.8,77771.203,4,4,77771.198,0.0,0.0,0.0,0.005,97214.00375
1790204,IT,WA,PREC1,TEXTI,0.13,77769.53,4,4,77769.526,0.0,0.0,0.0,0.004,598227.153846
1795145,IT,WL,RUBBE,FOUND,0.26,77765.655,4,4,77765.648,0.0,0.0,0.0,0.007,299098.673077
1686047,IT,HU,RUBBE,PIGS9,0.26,77762.308,4,4,77762.301,0.0,0.0,0.0,0.007,299085.8
1672991,IT,FR,PROCE,DAIRY,0.53,77754.226,4,4,77754.221,0.0,0.0,0.0,0.005,146706.086792
1761059,IT,IN,PLAST,RADIO,0.16,77750.894,4,4,77750.886,0.0,0.0,0.0,0.008,485943.0875
1731901,IT,SI,MOTOR,WHEAT,0.12,77748.811,4,4,77748.805,0.0,0.0,0.0,0.006,647906.758333
1643187,IT,AT,HOTEL,SANDC,0.56,77746.903,4,4,77746.897,0.0,0.0,0.0,0.006,138833.755357
1715379,IT,NL,PRINT,HOTEL,0.75,77738.205,4,4,77738.199,0.0,0.0,0.0,0.006,103650.94
1645185,IT,BE,PRINT,POSTT,0.75,77730.245,4,4,77730.239,0.0,0.0,0.0,0.006,103640.326667
1720841,IT,PL,FURNI,RETA1,0.25,77728.843,4,4,77728.836,0.0,0.0,0.0,0.007,310915.372
1674784,IT,FR,CERAM,FOOD4,0.12,77726.178,4,4,77726.174,0.0,0.0,0.0,0.004,647718.15
1743013,IT,US,OFFIC,FABRI,0.24,77719.722,4,4,77719.716,0.0,0.0,0.0,0.006,323832.175
1679825,IT,GR,ALUM1,PLAST,0.14,77714.922,4,4,77714.916,0.0,0.0,0.0,0.006,555106.585714
1776399,IT,TR,PRINT,RETA1,0.75,77705.432,4,4,77705.426,0.0,0.0,0.0,0.006,103607.242667
1655859,IT,DE,VEGE1,93197,0.24,77704.202,4,4,77704.185,0.0,0.0,0.0,0.017,323767.508333
1795059,IT,WL,ADDIT,RETA1,0.18,77703.017,5,5,77702.011,0.0,1.0,0.0,0.006,431683.427778
1655907,IT,DE,DAIRY,93197,0.32,77694.148,5,5,77693.143,0.0,1.0,0.0,0.005,242794.2125
1765321,IT,RU,FOOD5,MEATC,0.37,77692.768,4,4,77692.761,0.0,0.0,0.0,0.007,209980.454054
1801690,IT,WE,FURNI,AUXIL,0.25,77690.863,4,4,77690.856,0.0,0.0,0.0,0.007,310763.452
1643042,IT,AT,CONST,BUSIN,0.43,77690.198,4,4,77690.194,0.0,0.0,0.0,0.004,180674.87907
1684678,IT,HU,CEREA,CEREA,0.13,77689.095,4,4,77689.091,0.0,0.0,0.0,0.004,597608.423077
1709784,IT,LT,RUBBE,WOODW,0.26,77678.153,4,4,77678.146,0.0,0.0,0.0,0.007,298762.126923
1718348,IT,PL,BEVER,MEAT1,0.33,77671.373,4,4,77671.368,0.0,0.0,0.0,0.005,235367.79697
1719225,IT,PL,CHEM1,NATUR,0.16,77669.084,4,4,77669.076,0.0,0.0,0.0,0.008,485431.775
1660000,IT,DE,SEACO,BUSIN,0.08,77668.625,3,3,77668.625,0.0,0.0,0.0,0.0,970857.8125
1796032,IT,WL,TRANS,CEREA,0.46,77668.443,4,4,77668.439,0.0,0.0,0.0,0.004,168844.441304
1731854,IT,SI,PRINT,PRINT,0.75,77666.731,4,4,77666.725,0.0,0.0,0.0,0.006,103555.641333
1650074,IT,BG,MACHI,HOTEL,0.43,77665.997,4,4,77665.991,0.0,0.0,0.0,0.006,180618.597674
1641368,IT,AT,KEROS,RETAI,0.12,77662.83,4,4,77662.824,0.0,0.0,0.0,0.006,647190.25
1756034,IT,KR,NONF1,WHOLE,0.02,77657.169,3,3,77657.169,0.0,0.0,0.0,0.0,3882858.45
1752117,IT,CN,BUSIN,RADIO,0.8,77654.523,4,4,77654.518,0.0,0.0,0.0,0.005,97068.15375
1689224,IT,IE,WHOLE,FISHF,0.67,77652.148,4,4,77652.143,0.0,0.0,0.0,0.005,115898.728358
1733863,IT,SI,SEACO,WEARI,0.08,77649.089,3,3,77649.089,0.0,0.0,0.0,0.0,970613.6125
1718301,IT,PL,FOOD5,DIST1,0.37,77646.452,4,4,77646.445,0.0,0.0,0.0,0.007,209855.275676
1763679,IT,MX,RUBBE,CEMEN,0.26,77642.401,4,4,77642.394,0.0,0.0,0.0,0.007,298624.619231
1741817,IT,US,PLAST,COMPU,0.16,77639.697,4,4,77639.689,0.0,0.0,0.0,0.008,485248.10625
1803536,IT,WF,VEGE1,FINAN,0.24,77637.907,4,4,77637.89,0.0,0.0,0.0,0.017,323491.279167
1747172,IT,JP,CONST,TRANS,0.43,77637.613,4,4,77637.609,0.0,0.0,0.0,0.004,180552.588372
1651765,IT,CY,MACHI,BUSIN,0.43,77636.141,4,4,77636.135,0.0,0.0,0.0,0.006,180549.165116
1776333,IT,TR,PAPER,DISTR,0.3,77635.617,5,5,77634.609,0.0,1.0,0.0,0.008,258785.39
1746524,IT,JP,NONME,PLAST,0.16,77629.493,4,4,77629.484,0.0,0.0,0.0,0.009,485184.33125
1662990,IT,DK,HOTEL,FISH5,0.56,77621.407,4,4,77621.401,0.0,0.0,0.0,0.006,138609.655357
1718246,IT,PL,FOOD5,CROPS,0.37,77619.836,4,4,77619.829,0.0,0.0,0.0,0.007,209783.340541
1800476,IT,WE,RUBBE,PRECI,0.26,77615.181,4,4,77615.174,0.0,0.0,0.0,0.007,298519.926923
1650540,IT,BG,ELEC7,GASDI,0.05,77599.092,3,3,77599.092,0.0,0.0,0.0,0.0,1551981.84
1756074,IT,KR,FABRI,GLASS,0.32,77594.561,4,4,77594.555,0.0,0.0,0.0,0.006,242483.003125
1804737,IT,WF,NAPHT,CATTL,0.13,77589.933,4,4,77589.927,0.0,0.0,0.0,0.006,596845.638462
1652418,IT,CZ,TEXTI,TRANS,0.46,77588.559,4,4,77588.549,0.0,0.0,0.0,0.01,168670.780435
1793822,IT,WL,TEXTI,WOODW,0.46,77585.662,4,4,77585.652,0.0,0.0,0.0,0.01,168664.482609
1680960,IT,GR,SEACO,COMPU,0.08,77585.173,3,3,77585.173,0.0,0.0,0.0,0.0,969814.6625
1660277,IT,DE,POSTT,DIST1,1.28,77584.804,4,4,77584.798,0.0,0.0,0.0,0.006,60613.128125
1709459,IT,LT,TEXTI,TRAN1,0.46,77580.361,4,4,77580.351,0.0,0.0,0.0,0.01,168652.958696
1666839,IT,ES,GLASS,CHEMI,0.21,77578.487,4,4,77578.483,0.0,0.0,0.0,0.004,369421.366667
1737319,IT,GB,BEVER,WOODW,0.33,77573.207,4,4,77573.202,0.0,0.0,0.0,0.005,235070.324242
1805931,IT,WF,LEAD1,WEARI,0.13,77568.419,4,4,77568.412,0.0,0.0,0.0,0.007,596680.146154
1664938,IT,ES,STONE,FOUND,0.25,77567.291,5,5,77563.287,0.0,0.0,4.0,0.004,310269.164
1676031,IT,FR,ELEC6,GASDI,0.01,77566.356,4,4,77566.344,0.0,0.0,0.0,0.012,7756635.6
1651426,IT,CY,GASDI,VEGET,0.12,77562.397,4,4,77562.391,0.0,0.0,0.0,0.006,646353.308333
1776646,IT,TR,GASDI,COMPU,0.12,77558.747,4,4,77558.741,0.0,0.0,0.0,0.006,646322.891667
1719921,IT,PL,PREC1,BIODI,0.13,77558.277,4,4,77558.273,0.0,0.0,0.0,0.004,596602.130769
1737014,IT,GB,FISHF,FISHF,0.13,77554.836,4,4,77554.833,0.0,0.0,0.0,0.003,596575.661538
1782274,IT,NO,LEAD1,BRICK,0.13,77553.502,4,4,77553.495,0.0,0.0,0.0,0.007,596565.4
1813903,IT,WM,LANDT,HOTEL,0.5,77548.465,4,4,77548.461,0.0,0.0,0.0,0.004,155096.93
1788904,IT,WA,GASDI,93197,0.12,77547.325,4,4,77547.319,0.0,0.0,0.0,0.006,646227.708333
1784890,IT,ID,AIRTR,PUBLI,0.08,77543.602,4,4,77543.6,0.0,0.0,0.0,0.002,969295.025
1677034,IT,FR,SUPPO,FISH5,0.56,77540.36,4,4,77540.356,0.0,0.0,0.0,0.004,138464.928571
1742257,IT,US,CERAM,RENTI,0.12,77534.836,4,4,77534.832,0.0,0.0,0.0,0.004,646123.633333
1761417,IT,IN,BASIC,WOODW,0.09,77534.385,4,4,77534.38,0.0,0.0,0.0,0.005,861493.166667
1732394,IT,SI,PLAST,NONME,0.16,77532.622,4,4,77532.614,0.0,0.0,0.0,0.008,484578.8875
1775801,IT,TR,CHEMI,HEAVY,0.18,77532.189,5,5,77528.182,0.0,0.0,4.0,0.007,430734.383333
1813606,IT,WM,WHOLE,BUSIN,0.67,77531.785,4,4,77531.781,0.0,0.0,0.0,0.004,115719.08209
1784109,IT,ID,WOODW,PAPER,0.22,77530.986,4,4,77530.981,0.0,0.0,0.0,0.005,352413.572727
1757587,IT,BR,GASDI,COKEO,0.12,77529.708,4,4,77529.702,0.0,0.0,0.0,0.006,646080.9
1771906,IT,CH,PAPER,CHEMI,0.3,77523.913,5,5,77522.905,0.0,1.0,0.0,0.008,258413.043333
1686116,IT,HU,RUBBE,COLLE,0.26,77520.515,4,4,77520.508,0.0,0.0,0.0,0.007,298155.826923
1720064,IT,PL,ALUM1,SUPPO,0.13,77520.212,4,4,77520.206,0.0,0.0,0.0,0.006,596309.323077
1717662,IT,NL,BUSIN,BIODI,0.8,77516.255,4,4,77516.25,0.0,0.0,0.0,0.005,96895.31875
1747560,IT,JP,AIRTR,LUBRI,0.08,77510.044,4,4,77510.042,0.0,0.0,0.0,0.002,968875.55
1747796,IT,JP,AUXIL,FINAN,1.42,77509.425,4,4,77509.421,0.0,0.0,0.0,0.004,54584.102113
1660888,IT,DE,COMPU,93197,0.89,77501.354,4,4,77501.349,0.0,0.0,0.0,0.005,87080.173034
1686852,IT,HU,FABRI,POSTT,0.32,77500.026,4,4,77500.02,0.0,0.0,0.0,0.006,242187.58125
1747205,IT,JP,CONST,PUBLI,0.43,77496.977,4,4,77496.973,0.0,0.0,0.0,0.004,180225.527907
1782415,IT,NO,FABRI,RECRE,0.32,77496.679,4,4,77496.673,0.0,0.0,0.0,0.006,242177.121875
1709967,IT,LT,BASIC,FOOD4,0.09,77496.579,4,4,77496.574,0.0,0.0,0.0,0.005,861073.1
1772506,IT,CH,RUBBE,MEATP,0.26,77493.519,4,4,77493.512,0.0,0.0,0.0,0.007,298051.996154
1662575,IT,DK,FABRI,ALUM1,0.32,77485.729,4,4,77485.723,0.0,0.0,0.0,0.006,242142.903125
1726521,IT,RO,MACHI,CONST,0.43,77480.76,4,4,77480.754,0.0,0.0,0.0,0.006,180187.813953
1722652,IT,PT,TEXTI,RECRE,0.46,77473.91,4,4,77473.9,0.0,0.0,0.0,0.01,168421.543478
1688967,IT,IE,MACHI,RAWMI,0.43,77472.692,4,4,77472.686,0.0,0.0,0.0,0.006,180169.051163
1685446,IT,HU,WOODW,BASIC,0.22,77469.418,4,4,77469.413,0.0,0.0,0.0,0.005,352133.718182
1657728,IT,DE,CEMEN,MOTO1,0.12,77467.808,4,4,77467.805,0.0,0.0,0.0,0.003,645565.066667
1675111,IT,FR,LEAD1,FOUND,0.13,77461.606,4,4,77461.599,0.0,0.0,0.0,0.007,595858.507692
1650843,IT,BG,LANDT,COPP1,0.5,77459.164,4,4,77459.16,0.0,0.0,0.0,0.004,154918.328
1722397,IT,PT,MEATC,KEROS,0.26,77457.692,5,5,77456.687,0.0,1.0,0.0,0.005,297914.2
1800166,IT,WE,NONSP,CHEM1,0.1,77455.953,4,4,77455.949,0.0,0.0,0.0,0.004,774559.53
1773394,IT,CH,MACHI,WASTE,0.43,77451.407,4,4,77451.401,0.0,0.0,0.0,0.006,180119.551163
1793493,IT,WL,CHEMI,PLAST,0.18,77448.579,5,5,77444.572,0.0,0.0,4.0,0.007,430269.883333
1731687,IT,SI,WOODW,STEAM,0.22,77447.096,4,4,77447.091,0.0,0.0,0.0,0.005,352032.254545
1683153,IT,HR,GLASS,FISHF,0.21,77444.176,4,4,77444.172,0.0,0.0,0.0,0.004,368781.790476
1713097,IT,MT,FOOD5,MEATC,0.37,77442.236,4,4,77442.229,0.0,0.0,0.0,0.007,209303.340541
1726624,IT,RO,MOTO1,FABRI,0.41,77441.962,4,4,77441.957,0.0,0.0,0.0,0.005,188882.834146
1676353,IT,FR,WHOLE,FORES,0.67,77441.756,4,4,77441.752,0.0,0.0,0.0,0.004,115584.710448
1659575,IT,DE,HOTEL,DAIRY,0.56,77427.057,4,4,77427.051,0.0,0.0,0.0,0.006,138262.601786
1654298,IT,CZ,ELEC2,NFERT,0.02,77426.433,4,4,77426.425,0.0,0.0,0.0,0.008,3871321.65
1671364,IT,FI,COPP1,CONST,0.2,77426.268,4,4,77426.264,0.0,0.0,0.0,0.004,387131.34
1680344,IT,GR,ELEC1,CONST,0.01,77420.808,4,4,77420.803,0.0,0.0,0.0,0.005,7742080.8
1680805,IT,GR,RAILW,KEROS,0.52,77419.852,5,5,77418.849,0.0,0.0,1.0,0.003,148884.330769
1717618,IT,NL,BUSIN,POULT,0.8,77414.802,4,4,77414.797,0.0,0.0,0.0,0.005,96768.5025
1710431,IT,LT,LANDT,MEAT1,0.5,77406.627,4,4,77406.623,0.0,0.0,0.0,0.004,154813.254
1683041,IT,HR,CHEM1,RESEA,0.16,77406.44,4,4,77406.432,0.0,0.0,0.0,0.008,483790.25
1789498,IT,WA,ADDIT,BITU1,0.18,77405.946,5,5,77404.94,0.0,1.0,0.0,0.006,430033.033333
1761285,IT,IN,RUBBE,MEDIC,0.26,77404.763,4,4,77404.756,0.0,0.0,0.0,0.007,297710.626923
1773399,IT,CH,MACHI,MEMBE,0.43,77403.263,4,4,77403.257,0.0,0.0,0.0,0.006,180007.588372
1762765,IT,IN,BUSIN,COLLE,0.79,77402.517,4,4,77402.512,0.0,0.0,0.0,0.005,97977.86962
1789924,IT,WA,CEMEN,HEAVY,0.12,77401.406,4,4,77401.403,0.0,0.0,0.0,0.003,645011.716667
1768516,IT,AU,FOOD5,PFERT,0.37,77400.979,4,4,77400.972,0.0,0.0,0.0,0.007,209191.835135
1741294,IT,US,PAPER,CEMEN,0.3,77387.67,5,5,77386.662,0.0,1.0,0.0,0.008,257958.9
1644767,IT,BE,FISH5,WHOLE,0.33,77384.037,4,4,77383.997,0.0,0.0,0.0,0.04,234497.081818
1732866,IT,SI,BASIC,AUXIL,0.09,77381.426,4,4,77381.421,0.0,0.0,0.0,0.005,859793.622222
1646139,IT,BE,PREC1,FURNI,0.13,77380.186,4,4,77380.182,0.0,0.0,0.0,0.004,595232.2
1721219,IT,PL,LANDT,TOBAC,0.5,77376.133,4,4,77376.129,0.0,0.0,0.0,0.004,154752.266
1787268,IT,WA,VEGET,FURNI,0.27,77373.732,4,4,77373.729,0.0,0.0,0.0,0.003,286569.377778
1788548,IT,WA,PAPER,HEAVY,0.3,77373.668,5,5,77372.66,0.0,1.0,0.0,0.008,257912.226667
1686943,IT,HU,MACHI,FOUND,0.43,77372.833,4,4,77372.827,0.0,0.0,0.0,0.006,179936.82093
1790365,IT,WA,LEAD1,CROPS,0.13,77364.963,4,4,77364.956,0.0,0.0,0.0,0.007,595115.1
1718476,IT,PL,TEXTI,PLAST,0.46,77360.14,4,4,77360.13,0.0,0.0,0.0,0.01,168174.217391
1785295,IT,ZA,WEARI,BUSIN,0.58,77353.038,4,4,77353.023,0.0,0.0,0.0,0.015,133367.306897
1769670,IT,AU,FABRI,HOTEL,0.31,77349.711,4,4,77349.705,0.0,0.0,0.0,0.006,249515.196774
1759214,IT,BR,SUPPO,SUPPO,0.56,77344.479,4,4,77344.475,0.0,0.0,0.0,0.004,138115.141071
1787048,IT,ZA,REALE,POULT,3.27,77339.679,4,4,77339.674,0.0,0.0,0.0,0.005,23651.277982
1721355,IT,PL,SEACO,CROPS,0.08,77337.643,3,3,77337.643,0.0,0.0,0.0,0.0,966720.5375
1810901,IT,WM,KERO1,FURNI,0.11,77337.251,4,4,77337.245,0.0,0.0,0.0,0.006,703065.918182
1663769,IT,EE,BEVER,RAWMI,0.33,77327.858,4,4,77327.853,0.0,0.0,0.0,0.005,234326.842424
1768370,IT,AU,MEAT4,HOTEL,0.43,77327.563,4,4,77327.558,0.0,0.0,0.0,0.005,179831.54186
1761086,IT,IN,PFERT,NAPHT,0.03,77326.426,4,4,77326.414,0.0,0.0,0.0,0.012,2577547.533333
1663858,IT,EE,TEXTI,SUPPO,0.46,77322.633,4,4,77322.623,0.0,0.0,0.0,0.01,168092.680435
1748949,IT,CN,WEARI,INLAN,0.58,77320.393,4,4,77320.378,0.0,0.0,0.0,0.015,133311.022414
1802205,IT,WE,HOTEL,RESEA,0.56,77318.408,4,4,77318.402,0.0,0.0,0.0,0.006,138068.585714
1757467,IT,BR,PAPER,ALUM1,0.3,77311.486,5,5,77310.478,0.0,1.0,0.0,0.008,257704.953333
1796917,IT,WL,AIRTR,ANIMA,0.08,77305.369,4,4,77305.367,0.0,0.0,0.0,0.002,966317.1125
1729098,IT,SE,RUBBE,PAPE1,0.26,77305.297,4,4,77305.29,0.0,0.0,0.0,0.007,297328.065385
1737516,IT,GB,WOODW,CERAM,0.22,77298.37,4,4,77298.365,0.0,0.0,0.0,0.005,351356.227273
1809964,IT,WM,FISH5,CHEM1,0.32,77295.981,4,4,77295.941,0.0,0.0,0.0,0.04,241549.940625
1713463,IT,MT,CHEM1,HOTEL,0.16,77282.479,4,4,77282.471,0.0,0.0,0.0,0.008,483015.49375
1741158,IT,US,LEATH,CHEM1,0.55,77281.183,5,5,77280.17,0.0,1.0,0.0,0.013,140511.241818
1787775,IT,WA,DAIRY,CHEM1,0.31,77280.337,5,5,77279.332,0.0,1.0,0.0,0.005,249291.409677
1730292,IT,SE,SEACO,PAPE1,0.08,77278.598,3,3,77278.598,0.0,0.0,0.0,0.0,965982.475
1778321,IT,TR,SALEM,POSTT,0.62,77275.541,4,4,77275.536,0.0,0.0,0.0,0.005,124637.969355
1781080,IT,TW,PUBLI,BASIC,1.27,77273.61,4,4,77273.605,0.0,0.0,0.0,0.005,60845.362205
1800502,IT,WE,RUBBE,KEROS,0.26,77261.458,4,4,77261.451,0.0,0.0,0.0,0.007,297159.453846
1650048,IT,BG,MACHI,ALUM1,0.43,77259.308,4,4,77259.302,0.0,0.0,0.0,0.006,179672.809302
1650504,IT,BG,ELEC6,HEAVY,0.01,77249.61,4,4,77249.598,0.0,0.0,0.0,0.012,7724961.0
1673257,IT,FR,FISH5,WHOLE,0.32,77246.634,4,4,77246.594,0.0,0.0,0.0,0.04,241395.73125
1791617,IT,WA,HOTEL,MEATP,0.56,77241.804,4,4,77241.798,0.0,0.0,0.0,0.006,137931.792857
1773869,IT,CH,ELEC6,BUSIN,0.01,77240.687,4,4,77240.675,0.0,0.0,0.0,0.012,7724068.7
1742882,IT,US,MACHI,PULP5,0.43,77236.76,4,4,77236.754,0.0,0.0,0.0,0.006,179620.372093
1809657,IT,WM,DAIRY,AUXIL,0.31,77235.67,5,5,77234.665,0.0,1.0,0.0,0.005,249147.322581
1663259,IT,DK,SEACO,NONME,0.08,77223.227,3,3,77223.227,0.0,0.0,0.0,0.0,965290.3375
1654823,IT,CZ,SUPPO,REALE,0.56,77218.203,4,4,77218.199,0.0,0.0,0.0,0.004,137889.648214
1736817,IT,SK,COMPU,BUSIN,0.88,77216.962,4,4,77216.957,0.0,0.0,0.0,0.005,87746.547727
1761300,IT,IN,RUBBE,SUPPO,0.26,77212.988,4,4,77212.981,0.0,0.0,0.0,0.007,296973.030769
1783963,IT,ID,VEGE1,PIGS9,0.24,77208.502,4,4,77208.485,0.0,0.0,0.0,0.017,321702.091667
1745788,IT,JP,WEARI,INSUR,0.58,77206.68,4,4,77206.665,0.0,0.0,0.0,0.015,133114.965517
1720667,IT,PL,MOTO1,DIST1,0.41,77200.349,4,4,77200.344,0.0,0.0,0.0,0.005,188293.534146
1808500,IT,WF,FOOD4,INSUR,0.56,77196.992,4,4,77196.987,0.0,0.0,0.0,0.005,137851.771429
1803822,IT,WF,TEXTI,CEMEN,0.46,77189.211,4,4,77189.201,0.0,0.0,0.0,0.01,167802.632609
1744855,IT,US,RESEA,93197,0.42,77189.096,4,4,77189.091,0.0,0.0,0.0,0.005,183783.561905
1764969,IT,MX,POSTT,POSTT,1.27,77184.925,4,4,77184.919,0.0,0.0,0.0,0.006,60775.531496
1644755,IT,BE,FISH5,DAIRY,0.32,77182.014,4,4,77181.974,0.0,0.0,0.0,0.04,241193.79375
1671003,IT,FI,CHEM1,RECRE,0.16,77181.427,4,4,77181.419,0.0,0.0,0.0,0.008,482383.91875
1656774,IT,DE,KEROS,REALE,0.11,77179.444,4,4,77179.438,0.0,0.0,0.0,0.006,701631.309091
1652377,IT,CZ,TEXTI,MEAT1,0.46,77174.181,4,4,77174.171,0.0,0.0,0.0,0.01,167769.958696
1769378,IT,AU,CERAM,RUBBE,0.12,77168.163,4,4,77168.159,0.0,0.0,0.0,0.004,643068.025
1738581,IT,GB,FABRI,COPP1,0.31,77163.129,4,4,77163.123,0.0,0.0,0.0,0.006,248913.319355
1747103,IT,JP,FURNI,FINAN,0.25,77150.532,4,4,77150.525,0.0,0.0,0.0,0.007,308602.128
1665702,IT,ES,PAPER,MEATP,0.3,77149.508,5,5,77148.5,0.0,1.0,0.0,0.008,257165.026667
1721555,IT,PL,SUPPO,SUPPO,0.55,77147.909,4,4,77147.905,0.0,0.0,0.0,0.004,140268.925455
1741237,IT,US,WOODW,SUPPO,0.22,77147.861,4,4,77147.856,0.0,0.0,0.0,0.005,350672.095455
1805782,IT,WF,PREC1,PRECI,0.13,77140.595,4,4,77140.591,0.0,0.0,0.0,0.004,593389.192308
1685215,IT,HU,FISH5,LANDT,0.32,77133.692,4,4,77133.652,0.0,0.0,0.0,0.04,241042.7875
1662860,IT,DK,WHOLE,FOOD5,0.67,77133.25,4,4,77133.246,0.0,0.0,0.0,0.004,115124.253731
1810675,IT,WM,MOTOR,TOBAC,0.12,77130.442,4,4,77130.436,0.0,0.0,0.0,0.006,642753.683333
1741242,IT,US,WOODW,RENTI,0.22,77128.645,4,4,77128.64,0.0,0.0,0.0,0.005,350584.75
1753670,IT,CA,MOTO1,RUBBE,0.41,77127.577,4,4,77127.572,0.0,0.0,0.0,0.005,188116.041463
1774611,IT,CH,SEACO,AIRTR,0.08,77127.276,3,3,77127.276,0.0,0.0,0.0,0.0,964090.95
1644528,IT,BE,DAIRY,PUBLI,0.31,77126.204,5,5,77125.199,0.0,1.0,0.0,0.005,248794.206452
1802116,IT,WE,RETA1,CONST,0.81,77126.052,4,4,77126.047,0.0,0.0,0.0,0.005,95217.348148
1710091,IT,LT,FABRI,TRANS,0.31,77122.948,4,4,77122.942,0.0,0.0,0.0,0.006,248783.703226
1679770,IT,GR,BASIC,COMPU,0.09,77122.623,4,4,77122.618,0.0,0.0,0.0,0.005,856918.033333
1792073,IT,WA,AIRTR,NONME,0.08,77120.544,4,4,77120.542,0.0,0.0,0.0,0.002,964006.8
1666569,IT,ES,CHEM1,NAPHT,0.16,77119.12,4,4,77119.112,0.0,0.0,0.0,0.008,481994.5
1799778,IT,WE,KEROS,93197,0.11,77116.715,4,4,77116.709,0.0,0.0,0.0,0.006,701061.045455
1734630,IT,SK,TEXTI,BASIC,0.46,77110.01,4,4,77110.0,0.0,0.0,0.0,0.01,167630.456522
1741657,IT,US,HEAVY,NONSP,0.12,77102.009,4,4,77102.003,0.0,0.0,0.0,0.006,642516.741667
1806192,IT,WF,MACHI,POULT,0.43,77092.158,4,4,77092.152,0.0,0.0,0.0,0.006,179284.088372
1682909,IT,HR,NAPHT,ELEC1,0.13,77089.871,4,4,77089.865,0.0,0.0,0.0,0.006,592999.007692
1785801,IT,ZA,CHEM1,DAIRY,0.16,77089.596,4,4,77089.588,0.0,0.0,0.0,0.008,481809.975
1739392,IT,GB,RAILW,EDUCA,0.52,77087.33,5,5,77086.327,0.0,0.0,1.0,0.003,148244.865385
1755879,IT,KR,NONME,MOTO1,0.16,77086.128,4,4,77086.12,0.0,0.0,0.0,0.008,481788.3
1711746,IT,LU,BUSIN,COMPU,0.79,77085.065,4,4,77085.06,0.0,0.0,0.0,0.005,97576.031646
1648574,IT,BG,STONE,CONST,0.25,77084.447,5,5,77080.443,0.0,0.0,4.0,0.004,308337.788
1680081,IT,GR,MACHI,RENTI,0.43,77077.981,4,4,77077.975,0.0,0.0,0.0,0.006,179251.118605
1662670,IT,DK,MACHI,RADIO,0.43,77073.791,4,4,77073.785,0.0,0.0,0.0,0.006,179241.374419
1751248,IT,CN,HOTEL,LANDT,0.56,77070.887,4,4,77070.881,0.0,0.0,0.0,0.006,137626.583929
1675831,IT,FR,ELEC1,BIOGA,0.01,77062.691,4,4,77062.686,0.0,0.0,0.0,0.005,7706269.1
1717979,IT,PL,SANDC,ELEC1,0.18,77061.071,5,5,77044.068,0.0,0.0,17.0,0.003,428117.061111
1775956,IT,TR,FOOD5,HEALT,0.37,77054.835,4,4,77054.828,0.0,0.0,0.0,0.007,208256.310811
1749274,IT,CN,PAPER,TRAN1,0.3,77052.362,5,5,77051.354,0.0,1.0,0.0,0.008,256841.206667
1804669,IT,WF,LIQUE,NATUR,0.13,77045.431,4,4,77045.425,0.0,0.0,0.0,0.006,592657.161538
1743424,IT,US,SALEM,93197,0.62,77040.106,4,4,77040.101,0.0,0.0,0.0,0.005,124258.235484
1761215,IT,IN,ADDIT,MOTO1,0.18,77032.183,5,5,77031.177,0.0,1.0,0.0,0.006,427956.572222
1721982,IT,PL,COMPU,OFFIC,0.88,77028.361,4,4,77028.356,0.0,0.0,0.0,0.005,87532.228409
1729218,IT,SE,CERAM,ELEC3,0.12,77025.366,4,4,77025.362,0.0,0.0,0.0,0.004,641878.05
1688962,IT,IE,MACHI,CATTL,0.43,77022.93,4,4,77022.924,0.0,0.0,0.0,0.006,179123.093023
1675875,IT,FR,ELEC2,FISH5,0.02,77020.742,4,4,77020.734,0.0,0.0,0.0,0.008,3851037.1
1712447,IT,LV,BASIC,LANDT,0.09,77017.877,4,4,77017.872,0.0,0.0,0.0,0.005,855754.188889
1714882,IT,NL,BEVER,SUGA1,0.33,77016.162,4,4,77016.157,0.0,0.0,0.0,0.005,233382.309091
1728214,IT,SE,FOOD5,PAPER,0.37,77011.479,4,4,77011.472,0.0,0.0,0.0,0.007,208139.132432
1804998,IT,WF,PLAST,SUGA1,0.16,77010.036,4,4,77010.028,0.0,0.0,0.0,0.008,481312.725
1760714,IT,IN,PAPER,DISTR,0.3,77009.315,5,5,77008.307,0.0,1.0,0.0,0.008,256697.716667
1688003,IT,HU,RENTI,SUPPO,0.46,77008.64,4,4,77008.636,0.0,0.0,0.0,0.004,167410.086957
1794167,IT,WL,PRINT,FISH5,0.74,77007.88,4,4,77007.874,0.0,0.0,0.0,0.006,104064.702703
1778645,IT,TR,HOTEL,FABRI,0.56,77007.107,4,4,77007.101,0.0,0.0,0.0,0.006,137512.691071
1764335,IT,MX,OFFIC,WHOLE,0.24,77000.723,4,4,77000.717,0.0,0.0,0.0,0.006,320836.345833
1721364,IT,PL,SEACO,DAIRY,0.08,76997.427,3,3,76997.427,0.0,0.0,0.0,0.0,962467.8375
1683769,IT,HR,MACHI,POSTT,0.43,76994.788,4,4,76994.782,0.0,0.0,0.0,0.006,179057.646512
1811530,IT,WM,NFERT,RECRE,0.02,76994.653,4,4,76994.647,0.0,0.0,0.0,0.006,3849732.65
1714333,IT,MT,HEALT,POSTT,0.4,76988.264,4,4,76988.261,0.0,0.0,0.0,0.003,192470.66
1754256,IT,CA,POSTT,RETA1,1.27,76982.477,4,4,76982.471,0.0,0.0,0.0,0.006,60616.123622
1730291,IT,SE,SEACO,FOODW,0.08,76981.914,3,3,76981.914,0.0,0.0,0.0,0.0,962273.925
1755962,IT,KR,PREC1,WHOLE,0.13,76977.371,4,4,76977.367,0.0,0.0,0.0,0.004,592133.623077
1792184,IT,WA,SUPPO,HOTEL,0.55,76975.468,4,4,76975.464,0.0,0.0,0.0,0.004,139955.396364
1779215,IT,TR,POSTT,HOTEL,1.27,76969.455,4,4,76969.449,0.0,0.0,0.0,0.006,60605.870079
1807922,IT,WF,PLAS1,MEATC,0.28,76966.193,4,4,76966.188,0.0,0.0,0.0,0.005,274879.260714
1800159,IT,WE,NONSP,MOTOR,0.1,76965.998,4,4,76965.994,0.0,0.0,0.0,0.004,769659.98
1783775,IT,NO,PAPE4,INTER,0.51,76963.856,4,4,76963.852,0.0,0.0,0.0,0.004,150909.521569
1752482,IT,CA,PROCE,COLLE,0.52,76963.367,4,4,76963.362,0.0,0.0,0.0,0.005,148006.475
1670808,IT,FI,MOTOR,MOTOR,0.11,76955.319,4,4,76955.313,0.0,0.0,0.0,0.006,699593.809091
1805083,IT,WF,NFERT,WHEAT,0.02,76949.976,4,4,76949.97,0.0,0.0,0.0,0.006,3847498.8
1684271,IT,HR,AIRTR,FOOD5,0.08,76948.008,4,4,76948.006,0.0,0.0,0.0,0.002,961850.1
1746827,IT,JP,MACHI,ELE12,0.43,76938.602,4,4,76938.596,0.0,0.0,0.0,0.006,178926.981395
1745798,IT,JP,WEARI,FOODW,0.58,76931.419,4,4,76931.404,0.0,0.0,0.0,0.015,132640.377586
1674151,IT,FR,HEAVY,WHOLE,0.12,76929.285,4,4,76929.279,0.0,0.0,0.0,0.006,641077.375
1768400,IT,AU,VEGE1,WOODW,0.24,76927.699,4,4,76927.682,0.0,0.0,0.0,0.017,320532.079167
1766837,IT,RU,MACHI,INSUR,0.43,76927.405,4,4,76927.399,0.0,0.0,0.0,0.006,178900.94186
1774130,IT,CH,WHOLE,RETAI,0.66,76924.57,4,4,76924.566,0.0,0.0,0.0,0.004,116552.378788
1733864,IT,SI,SEACO,LEATH,0.08,76916.1,3,3,76916.1,0.0,0.0,0.0,0.0,961451.25
1709986,IT,LT,PREC1,CONST,0.13,76910.869,4,4,76910.865,0.0,0.0,0.0,0.004,591622.069231
1744455,IT,US,AUXIL,RETA1,1.41,76910.144,4,4,76910.14,0.0,0.0,0.0,0.004,54546.201418
1680912,IT,GR,LANDT,SEACO,0.5,76907.916,4,4,76907.912,0.0,0.0,0.0,0.004,153815.832
1649017,IT,BG,WOODW,PULP5,0.22,76897.542,4,4,76897.537,0.0,0.0,0.0,0.005,349534.281818
1809150,IT,WM,CROPS,BUSIN,0.61,76893.832,4,4,76893.828,0.0,0.0,0.0,0.004,126055.462295
1744269,IT,US,POSTT,INSUR,1.27,76893.381,4,4,76893.375,0.0,0.0,0.0,0.006,60545.969291
1756021,IT,KR,NONF1,FOUND,0.02,76893.276,3,3,76893.276,0.0,0.0,0.0,0.0,3844663.8
1737438,IT,GB,WEARI,HEALT,0.58,76891.123,4,4,76891.108,0.0,0.0,0.0,0.015,132570.901724
1792094,IT,WA,AIRTR,TRAN1,0.08,76888.946,4,4,76888.944,0.0,0.0,0.0,0.002,961111.825
1788941,IT,WA,HEAVY,PAPER,0.12,76887.455,4,4,76887.449,0.0,0.0,0.0,0.006,640728.791667
1656259,IT,DE,WEARI,RETA1,0.58,76886.95,4,4,76886.935,0.0,0.0,0.0,0.015,132563.706897
1779548,IT,TR,COMPU,FOOD5,0.88,76884.351,4,4,76884.346,0.0,0.0,0.0,0.005,87368.580682
1735792,IT,SK,MACHI,PLAST,0.43,76882.223,4,4,76882.217,0.0,0.0,0.0,0.006,178795.867442
1814222,IT,WM,SUPPO,HEALT,0.55,76881.262,4,4,76881.258,0.0,0.0,0.0,0.004,139784.112727
1676949,IT,FR,AIRTR,NAPHT,0.08,76880.024,4,4,76880.022,0.0,0.0,0.0,0.002,961000.3
1799347,IT,WE,WOODW,POSTT,0.22,76870.484,4,4,76870.479,0.0,0.0,0.0,0.005,349411.290909
1686935,IT,HU,MACHI,BRICK,0.43,76861.385,4,4,76861.379,0.0,0.0,0.0,0.006,178747.406977
1756030,IT,KR,NONF1,ELEC2,0.02,76855.865,3,3,76855.865,0.0,0.0,0.0,0.0,3842793.25
1728292,IT,SE,BEVER,SECO9,0.33,76854.927,4,4,76854.922,0.0,0.0,0.0,0.005,232893.718182
1661585,IT,DK,BEVER,DIST1,0.33,76854.434,4,4,76854.429,0.0,0.0,0.0,0.005,232892.224242
1810050,IT,WM,TEXTI,NFERT,0.46,76847.931,4,4,76847.921,0.0,0.0,0.0,0.01,167060.719565
1660442,IT,DE,FINAN,93197,1.0,76845.49,4,4,76845.488,0.0,0.0,0.0,0.002,76845.49
1813348,IT,WM,FURNI,FISH5,0.25,76843.719,4,4,76843.712,0.0,0.0,0.0,0.007,307374.876
1653606,IT,CZ,PREC1,FURNI,0.13,76842.586,4,4,76842.582,0.0,0.0,0.0,0.004,591096.815385
1732201,IT,SI,HEAVY,CROPS,0.12,76840.6,4,4,76840.594,0.0,0.0,0.0,0.006,640338.333333
1784337,IT,ID,RUBBE,LEATH,0.25,76839.335,4,4,76839.328,0.0,0.0,0.0,0.007,307357.34
1681995,IT,HR,FOOD5,RECRE,0.37,76838.808,4,4,76838.801,0.0,0.0,0.0,0.007,207672.454054
1750599,IT,CN,OFFIC,MOTO1,0.24,76834.76,4,4,76834.754,0.0,0.0,0.0,0.006,320144.833333
1764440,IT,MX,FURNI,CERAM,0.25,76825.72,4,4,76825.713,0.0,0.0,0.0,0.007,307302.88
1769471,IT,AU,BASIC,VEGE1,0.09,76823.11,4,4,76823.105,0.0,0.0,0.0,0.005,853590.111111
1645440,IT,BE,LIQUE,RESEA,0.13,76816.967,4,4,76816.961,0.0,0.0,0.0,0.006,590899.746154
1657658,IT,DE,CERAM,TRANS,0.12,76816.914,4,4,76816.91,0.0,0.0,0.0,0.004,640140.95
1773695,IT,CH,FURNI,DIST1,0.25,76815.409,4,4,76815.402,0.0,0.0,0.0,0.007,307261.636
1675643,IT,FR,MOTO1,FOOD4,0.41,76814.171,4,4,76814.166,0.0,0.0,0.0,0.005,187351.636585
1803937,IT,WF,WEARI,SUPPO,0.58,76812.219,4,4,76812.204,0.0,0.0,0.0,0.015,132434.860345
1776216,IT,TR,WOODW,MACHI,0.21,76801.28,4,4,76801.275,0.0,0.0,0.0,0.005,365720.380952
1664162,IT,EE,RUBBE,REALE,0.25,76800.34,4,4,76800.333,0.0,0.0,0.0,0.007,307201.36
1810831,IT,WM,KEROS,COPP1,0.11,76800.15,4,4,76800.144,0.0,0.0,0.0,0.006,698183.181818
1800147,IT,WE,BITU1,REALE,0.12,76798.426,4,4,76798.42,0.0,0.0,0.0,0.006,639986.883333
1775883,IT,TR,PROCE,DAIRY,0.52,76796.654,4,4,76796.649,0.0,0.0,0.0,0.005,147685.873077
1786068,IT,ZA,CEMEN,BLAST,0.12,76790.652,4,4,76790.649,0.0,0.0,0.0,0.003,639922.1
1775693,IT,TR,CROPS,GASDI,0.61,76787.031,4,4,76787.027,0.0,0.0,0.0,0.004,125880.378689
1652506,IT,CZ,WEARI,ELEC3,0.58,76784.07,4,4,76784.055,0.0,0.0,0.0,0.015,132386.327586
1804326,IT,WF,MOTOR,TRANS,0.11,76781.803,4,4,76781.797,0.0,0.0,0.0,0.006,698016.390909
1684066,IT,HR,HOTEL,MOTO1,0.56,76779.877,4,4,76779.871,0.0,0.0,0.0,0.006,137106.923214
1675167,IT,FR,COPP1,FOOD4,0.19,76774.851,4,4,76774.847,0.0,0.0,0.0,0.004,404078.163158
1733618,IT,SI,HOTEL,RUBBE,0.56,76773.501,4,4,76773.495,0.0,0.0,0.0,0.006,137095.5375
1648093,IT,BE,RESEA,BEVER,0.42,76758.665,4,4,76758.66,0.0,0.0,0.0,0.005,182758.72619
1655936,IT,DE,PROCE,RESEA,0.52,76757.526,4,4,76757.521,0.0,0.0,0.0,0.005,147610.626923
1776769,IT,TR,LIQUE,REALE,0.13,76756.775,4,4,76756.769,0.0,0.0,0.0,0.006,590436.730769
1762262,IT,IN,AIRTR,GLASS,0.08,76756.599,4,4,76756.597,0.0,0.0,0.0,0.002,959457.4875
1715941,IT,NL,GLASS,HOTEL,0.21,76755.146,4,4,76755.142,0.0,0.0,0.0,0.004,365500.695238
1658390,IT,DE,FABRI,CRUDE,0.31,76748.165,4,4,76748.159,0.0,0.0,0.0,0.006,247574.725806
1664682,IT,EE,SEACO,MOTO1,0.08,76744.455,3,3,76744.455,0.0,0.0,0.0,0.0,959305.6875
1766691,IT,RU,FABRI,RENTI,0.31,76741.182,4,4,76741.176,0.0,0.0,0.0,0.006,247552.2
1761576,IT,IN,COPP1,DIST1,0.19,76740.783,4,4,76740.779,0.0,0.0,0.0,0.004,403898.857895
1768394,IT,AU,VEGE1,DAIRY,0.24,76736.398,4,4,76736.381,0.0,0.0,0.0,0.017,319734.991667
1682875,IT,HR,NAPHT,SANDC,0.13,76735.978,4,4,76735.973,0.0,0.0,0.0,0.005,590276.753846
1738423,IT,GB,ALUM1,CEMEN,0.13,76735.944,4,4,76735.938,0.0,0.0,0.0,0.006,590276.492308
1718052,IT,PL,MEATC,HOTEL,0.26,76723.976,5,5,76722.971,0.0,1.0,0.0,0.005,295092.215385
1748853,IT,CN,WEARI,PADDY,0.58,76714.937,4,4,76714.922,0.0,0.0,0.0,0.015,132267.132759
1794666,IT,WL,NAPHT,GASDI,0.13,76705.594,4,4,76705.589,0.0,0.0,0.0,0.005,590043.030769
1775667,IT,TR,CEREA,CHEM1,0.12,76701.869,4,4,76701.865,0.0,0.0,0.0,0.004,639182.241667
1743568,IT,US,HOTEL,MEAT4,0.56,76698.161,4,4,76698.155,0.0,0.0,0.0,0.006,136961.001786
1658741,IT,DE,OFFIC,RENTI,0.24,76697.888,4,4,76697.882,0.0,0.0,0.0,0.006,319574.533333
1665630,IT,ES,WOODW,CEMEN,0.21,76697.194,4,4,76697.189,0.0,0.0,0.0,0.005,365224.733333
1762959,IT,MX,VEGE1,PUBLI,0.24,76692.91,4,4,76692.893,0.0,0.0,0.0,0.017,319553.791667
1793850,IT,WL,TEXTI,COPP1,0.45,76692.595,4,4,76692.585,0.0,0.0,0.0,0.01,170427.988889
1785421,IT,ZA,PAPER,MOTO1,0.3,76687.463,5,5,76686.455,0.0,1.0,0.0,0.008,255624.876667
1773430,IT,CH,OFFIC,HEAVY,0.24,76679.61,4,4,76679.604,0.0,0.0,0.0,0.006,319498.375
1713091,IT,MT,SUGA1,REALE,0.19,76674.394,4,4,76674.381,0.0,0.0,0.0,0.013,403549.442105
1730317,IT,SE,AIRTR,RESEA,0.08,76668.995,4,4,76668.993,0.0,0.0,0.0,0.002,958362.4375
1717214,IT,NL,SUPPO,SALEM,0.55,76666.391,4,4,76666.387,0.0,0.0,0.0,0.004,139393.438182
1811160,IT,WM,NAPHT,CHARC,0.13,76664.429,4,4,76664.424,0.0,0.0,0.0,0.005,589726.376923
1647351,IT,BE,SEACO,BASIC,0.08,76663.957,3,3,76663.957,0.0,0.0,0.0,0.0,958299.4625
1799194,IT,WE,WEARI,MEMBE,0.58,76663.459,4,4,76663.444,0.0,0.0,0.0,0.015,132178.377586
1736573,IT,SK,SUPPO,LANDT,0.55,76661.974,4,4,76661.97,0.0,0.0,0.0,0.004,139385.407273
1780474,IT,TW,POSTT,PRINT,1.26,76661.358,4,4,76661.352,0.0,0.0,0.0,0.006,60842.347619
1682426,IT,HR,PAPER,BRICK,0.3,76658.832,5,5,76657.824,0.0,1.0,0.0,0.008,255529.44
1794647,IT,WL,NAPHT,PRECI,0.13,76655.076,4,4,76655.071,0.0,0.0,0.0,0.005,589654.430769
1796173,IT,WL,FURNI,TEXTI,0.24,76654.546,4,4,76654.539,0.0,0.0,0.0,0.007,319393.941667
1658055,IT,DE,PREC1,ELEC8,0.13,76653.691,4,4,76653.687,0.0,0.0,0.0,0.004,589643.776923
1662281,IT,DK,CEMEN,CEMEN,0.12,76649.795,4,4,76649.792,0.0,0.0,0.0,0.003,638748.291667
1758786,IT,BR,RETA1,RUBBE,0.8,76648.224,4,4,76648.219,0.0,0.0,0.0,0.005,95810.28
1771332,IT,CH,DAIRY,RESEA,0.31,76638.378,5,5,76637.373,0.0,1.0,0.0,0.005,247220.574194
1649764,IT,BG,BASIC,ELEC1,0.09,76627.901,4,4,76627.896,0.0,0.0,0.0,0.005,851421.122222
1808647,IT,WF,INERT,CRUDE,0.56,76623.342,4,4,76623.337,0.0,0.0,0.0,0.005,136827.396429
1675325,IT,FR,FABRI,WOOD2,0.31,76620.13,4,4,76620.125,0.0,0.0,0.0,0.005,247161.709677
1641272,IT,AT,MOTOR,MOTO1,0.11,76616.8,4,4,76616.794,0.0,0.0,0.0,0.006,696516.363636
1789999,IT,WA,NONME,NAPHT,0.15,76615.124,4,4,76615.116,0.0,0.0,0.0,0.008,510767.493333
1727373,IT,RO,POSTT,RECRE,1.26,76612.675,4,4,76612.669,0.0,0.0,0.0,0.006,60803.710317
1645921,IT,BE,CERAM,HEAVY,0.12,76609.056,4,4,76609.052,0.0,0.0,0.0,0.004,638408.8
1726264,IT,RO,BASIC,HEAVY,0.09,76602.919,4,4,76602.914,0.0,0.0,0.0,0.005,851143.544444
1787509,IT,WA,CHEMI,MEAT1,0.18,76601.267,5,5,76597.26,0.0,0.0,4.0,0.007,425562.594444
1727834,IT,RO,BUSIN,HOTEL,0.79,76601.063,4,4,76601.058,0.0,0.0,0.0,0.005,96963.370886
1657981,IT,DE,BASIC,INTER,0.09,76600.019,4,4,76600.014,0.0,0.0,0.0,0.005,851111.322222
1751087,IT,CN,RETA1,TEXTI,0.8,76593.902,4,4,76593.897,0.0,0.0,0.0,0.005,95742.3775
1719973,IT,PL,PREC1,INERT,0.13,76588.751,4,4,76588.747,0.0,0.0,0.0,0.004,589144.238462
1663502,IT,DK,RENTI,WHOLE,0.46,76588.732,4,4,76588.728,0.0,0.0,0.0,0.004,166497.243478
1807147,IT,WF,AIRTR,WEARI,0.08,76584.503,4,4,76584.501,0.0,0.0,0.0,0.002,957306.2875
1739653,IT,GB,AIRTR,WHOLE,0.08,76583.516,4,4,76583.514,0.0,0.0,0.0,0.002,957293.95
1676935,IT,FR,AIRTR,FISH5,0.08,76581.25,4,4,76581.248,0.0,0.0,0.0,0.002,957265.625
1753249,IT,CA,CERAM,RESEA,0.12,76564.455,4,4,76564.451,0.0,0.0,0.0,0.004,638037.125
1654724,IT,CZ,LANDT,RECRE,0.49,76561.307,4,4,76561.303,0.0,0.0,0.0,0.004,156247.565306
1747200,IT,JP,CONST,REALE,0.43,76556.019,4,4,76556.015,0.0,0.0,0.0,0.004,178037.253488
1774102,IT,CH,WHOLE,GLASS,0.66,76555.227,4,4,76555.223,0.0,0.0,0.0,0.004,115992.768182
1758312,IT,BR,COPP1,PLAST,0.19,76552.263,4,4,76552.259,0.0,0.0,0.0,0.004,402906.647368
1723388,IT,PT,BASIC,COPP1,0.09,76551.703,4,4,76551.698,0.0,0.0,0.0,0.005,850574.477778
1788140,IT,WA,WEARI,PLAST,0.58,76551.142,4,4,76551.127,0.0,0.0,0.0,0.015,131984.727586
1662569,IT,DK,FABRI,GLASS,0.31,76550.639,4,4,76550.634,0.0,0.0,0.0,0.005,246937.545161
1781864,IT,NO,CHEM1,RAWMI,0.16,76541.112,4,4,76541.104,0.0,0.0,0.0,0.008,478381.95
1722111,IT,PL,BUSIN,NONME,0.79,76515.647,4,4,76515.642,0.0,0.0,0.0,0.005,96855.249367
1670956,IT,FI,CHEM1,TRANS,0.16,76513.374,4,4,76513.366,0.0,0.0,0.0,0.008,478208.5875
1778403,IT,TR,WHOLE,FORES,0.66,76513.227,4,4,76513.223,0.0,0.0,0.0,0.004,115929.131818
1789740,IT,WA,GLASS,BEVER,0.21,76501.717,4,4,76501.713,0.0,0.0,0.0,0.004,364293.890476
1738465,IT,GB,COPP1,PLAST,0.19,76496.279,4,4,76496.275,0.0,0.0,0.0,0.004,402611.994737
1745927,IT,JP,WOODW,CROPS,0.21,76490.901,4,4,76490.896,0.0,0.0,0.0,0.005,364242.385714
1731263,IT,SI,MEATP,HOTEL,0.31,76487.658,4,4,76487.65,0.0,0.0,0.0,0.008,246734.380645
1675886,IT,FR,ELEC2,NAPHT,0.02,76485.54,4,4,76485.532,0.0,0.0,0.0,0.008,3824277.0
1689150,IT,IE,SALEM,CONST,0.62,76482.72,4,4,76482.715,0.0,0.0,0.0,0.005,123359.225806
1740129,IT,GB,COMPU,RADIO,0.87,76482.13,4,4,76482.125,0.0,0.0,0.0,0.005,87910.494253
1658971,IT,DE,ELEC1,CEMEN,0.01,76476.863,4,4,76476.858,0.0,0.0,0.0,0.005,7647686.3
1773461,IT,CH,OFFIC,SALEM,0.24,76474.07,4,4,76474.064,0.0,0.0,0.0,0.006,318641.958333
1799771,IT,WE,KEROS,REALE,0.11,76463.314,4,4,76463.308,0.0,0.0,0.0,0.006,695121.036364
1643681,IT,AT,SUPPO,DAIRY,0.55,76461.671,4,4,76461.667,0.0,0.0,0.0,0.004,139021.22
1685608,IT,HU,PRINT,COMPU,0.73,76460.272,4,4,76460.266,0.0,0.0,0.0,0.006,104740.09863
1641847,IT,AT,CHEM1,RECRE,0.16,76456.348,4,4,76456.34,0.0,0.0,0.0,0.008,477852.175
1811042,IT,WM,HEAVY,BEVER,0.12,76454.856,4,4,76454.85,0.0,0.0,0.0,0.006,637123.8
1712327,IT,LV,RUBBE,BASIC,0.25,76452.943,4,4,76452.936,0.0,0.0,0.0,0.007,305811.772
1735646,IT,SK,NONF1,NONF1,0.02,76448.868,3,3,76448.868,0.0,0.0,0.0,0.0,3822443.4
1766988,IT,RU,MOTO1,REALE,0.41,76446.235,4,4,76446.23,0.0,0.0,0.0,0.005,186454.231707
1772109,IT,CH,MOTOR,WOODW,0.11,76442.621,4,4,76442.615,0.0,0.0,0.0,0.006,694932.918182
1811737,IT,WM,ADDIT,PAPER,0.18,76441.548,5,5,76440.542,0.0,1.0,0.0,0.006,424675.266667
1777631,IT,TR,ALUM1,DIST1,0.13,76440.692,4,4,76440.686,0.0,0.0,0.0,0.006,588005.323077
1768017,IT,RU,BUSIN,NATUR,0.79,76437.553,4,4,76437.548,0.0,0.0,0.0,0.005,96756.396203
1801816,IT,WE,ELEC5,REALE,0.92,76434.461,4,4,76434.456,0.0,0.0,0.0,0.005,83080.93587
1657283,IT,DE,CHEM1,AIRTR,0.16,76427.773,4,4,76427.765,0.0,0.0,0.0,0.008,477673.58125
1672981,IT,FR,DAIRY,MEMBE,0.31,76422.161,5,5,76421.156,0.0,1.0,0.0,0.005,246523.1
1669182,IT,ES,POSTT,MOTO1,1.26,76421.506,4,4,76421.5,0.0,0.0,0.0,0.006,60651.988889
1660976,IT,DE,BUSIN,ELECT,0.78,76419.119,4,4,76419.114,0.0,0.0,0.0,0.005,97973.229487
1673519,IT,FR,LEATH,GASDI,0.55,76418.775,5,5,76417.762,0.0,1.0,0.0,0.013,138943.227273
1640942,IT,AT,WOODW,FOOD5,0.21,76409.232,4,4,76409.227,0.0,0.0,0.0,0.005,363853.485714
1788272,IT,WA,LEATH,LUBRI,0.55,76406.538,5,5,76405.525,0.0,1.0,0.0,0.013,138920.978182
1679287,IT,GR,HEAVY,BEVER,0.12,76406.215,4,4,76406.209,0.0,0.0,0.0,0.006,636718.458333
1792091,IT,WA,AIRTR,ELEC2,0.08,76400.924,4,4,76400.922,0.0,0.0,0.0,0.002,955011.55
1750856,IT,CN,FURNI,TRAN1,0.24,76400.876,4,4,76400.869,0.0,0.0,0.0,0.007,318336.983333
1749720,IT,CN,CHEM1,INSUR,0.16,76398.579,4,4,76398.571,0.0,0.0,0.0,0.008,477491.11875
1787846,IT,WA,FOOD5,CHEM1,0.37,76395.482,4,4,76395.475,0.0,0.0,0.0,0.007,206474.275676
1647182,IT,BE,RAILW,SUPPO,0.51,76388.237,5,5,76387.234,0.0,0.0,1.0,0.003,149780.856863
1782947,IT,NO,AIRTR,TRANS,0.08,76383.298,4,4,76383.296,0.0,0.0,0.0,0.002,954791.225
1653103,IT,CZ,CHEM1,WEARI,0.16,76382.856,4,4,76382.848,0.0,0.0,0.0,0.008,477392.85
1783691,IT,NO,WASTE,FOOD2,0.24,76371.485,4,4,76371.481,0.0,0.0,0.0,0.004,318214.520833
1788073,IT,WA,TEXTI,AUXIL,0.45,76366.17,4,4,76366.16,0.0,0.0,0.0,0.01,169702.6
1656890,IT,DE,HEAVY,CONST,0.12,76364.833,4,4,76364.827,0.0,0.0,0.0,0.006,636373.608333
1656795,IT,DE,GASDI,WOODW,0.11,76364.451,4,4,76364.445,0.0,0.0,0.0,0.006,694222.281818
1725682,IT,RO,PAPER,BASIC,0.3,76363.799,5,5,76362.791,0.0,1.0,0.0,0.008,254545.996667
1748431,IT,CN,FISHF,FISH5,0.13,76356.694,4,4,76356.691,0.0,0.0,0.0,0.003,587359.184615
1789488,IT,WA,ADDIT,KERO1,0.18,76350.008,5,5,76349.002,0.0,1.0,0.0,0.006,424166.711111
1769168,IT,AU,CHEM1,MACHI,0.16,76346.639,4,4,76346.631,0.0,0.0,0.0,0.008,477166.49375
1657726,IT,DE,CEMEN,MACHI,0.12,76344.028,4,4,76344.025,0.0,0.0,0.0,0.003,636200.233333
1642883,IT,AT,MOTO1,REALE,0.41,76342.049,4,4,76342.044,0.0,0.0,0.0,0.005,186200.119512
1799260,IT,WE,LEATH,BASIC,0.55,76338.465,5,5,76337.452,0.0,1.0,0.0,0.013,138797.209091
1759817,IT,BR,BUSIN,FOOD4,0.78,76337.06,4,4,76337.055,0.0,0.0,0.0,0.005,97868.025641
1794592,IT,WL,HEAVY,FABRI,0.12,76335.866,4,4,76335.86,0.0,0.0,0.0,0.006,636132.216667
1655797,IT,DE,VEGE1,POULT,0.23,76333.732,4,4,76333.715,0.0,0.0,0.0,0.017,331885.791304
1755705,IT,KR,RUBBE,PUBLI,0.25,76331.825,4,4,76331.818,0.0,0.0,0.0,0.007,305327.3
1715311,IT,NL,PAPER,POSTT,0.3,76327.139,5,5,76326.131,0.0,1.0,0.0,0.008,254423.796667
1757226,IT,BR,VEGE1,MEAT1,0.23,76326.486,4,4,76326.469,0.0,0.0,0.0,0.017,331854.286957
1772503,IT,CH,RUBBE,SANDC,0.25,76325.333,4,4,76325.326,0.0,0.0,0.0,0.007,305301.332
1763184,IT,MX,LEATH,FURNI,0.55,76323.059,5,5,76322.046,0.0,1.0,0.0,0.013,138769.198182
1712267,IT,LV,PLAST,RUBBE,0.16,76323.036,4,4,76323.028,0.0,0.0,0.0,0.008,477018.975
1676263,IT,FR,SALEM,COLLE,0.62,76322.034,4,4,76322.029,0.0,0.0,0.0,0.005,123100.054839
1715811,IT,NL,RUBBE,TOBAC,0.25,76308.555,4,4,76308.548,0.0,0.0,0.0,0.007,305234.22
1784423,IT,ID,NONME,FURNI,0.15,76302.488,4,4,76302.48,0.0,0.0,0.0,0.008,508683.253333
1672987,IT,FR,PROCE,MEATP,0.52,76301.774,4,4,76301.769,0.0,0.0,0.0,0.005,146734.180769
1757209,IT,BR,VEGE1,CEREA,0.23,76299.657,4,4,76299.64,0.0,0.0,0.0,0.017,331737.63913
1644758,IT,BE,FISH5,BEVER,0.32,76299.33,4,4,76299.291,0.0,0.0,0.0,0.039,238435.40625
1668371,IT,ES,RETA1,FISHF,0.8,76296.959,4,4,76296.954,0.0,0.0,0.0,0.005,95371.19875
1709622,IT,LT,PAPER,PUBLI,0.3,76293.623,5,5,76292.615,0.0,1.0,0.0,0.008,254312.076667
1677958,IT,FR,BUSIN,INERT,0.78,76292.605,4,4,76292.6,0.0,0.0,0.0,0.005,97811.032051
1768672,IT,AU,TEXTI,FABRI,0.45,76292.325,4,4,76292.315,0.0,0.0,0.0,0.01,169538.5
1752512,IT,CA,FOOD5,PAPER,0.37,76286.217,4,4,76286.21,0.0,0.0,0.0,0.007,206178.964865
1663655,IT,DK,BUSIN,FINAN,0.78,76285.115,4,4,76285.11,0.0,0.0,0.0,0.005,97801.429487
1769192,IT,AU,CHEM1,LANDT,0.16,76280.093,4,4,76280.085,0.0,0.0,0.0,0.008,476750.58125
1648658,IT,BG,DAIRY,SECO9,0.31,76275.597,5,5,76274.592,0.0,1.0,0.0,0.005,246050.312903
1771486,IT,CH,BEVER,AIRTR,0.32,76269.161,4,4,76269.156,0.0,0.0,0.0,0.005,238341.128125
1677764,IT,FR,COMPU,NUCLE,0.87,76267.181,4,4,76267.176,0.0,0.0,0.0,0.005,87663.426437
1784090,IT,ID,LEATH,WHOLE,0.55,76265.653,5,5,76264.64,0.0,1.0,0.0,0.013,138664.823636
1774754,IT,CH,SUPPO,RESEA,0.55,76260.392,4,4,76260.388,0.0,0.0,0.0,0.004,138655.258182
1790741,IT,WA,MACHI,FORES,0.43,76251.504,4,4,76251.498,0.0,0.0,0.0,0.006,177329.07907
1680886,IT,GR,LANDT,CEMEN,0.49,76249.947,4,4,76249.943,0.0,0.0,0.0,0.004,155612.136735
1724931,IT,PT,BUSIN,EDUCA,0.78,76245.77,4,4,76245.765,0.0,0.0,0.0,0.005,97750.987179
1800431,IT,WE,ADDIT,WHOLE,0.18,76242.113,5,5,76241.107,0.0,1.0,0.0,0.006,423567.294444
1812497,IT,WM,ALUM1,PIGS9,0.13,76238.824,4,4,76238.818,0.0,0.0,0.0,0.006,586452.492308
1750971,IT,CN,RETAI,MACHI,0.6,76233.022,4,4,76233.017,0.0,0.0,0.0,0.005,127055.036667
1751163,IT,CN,HOTEL,COPPE,0.55,76231.684,4,4,76231.678,0.0,0.0,0.0,0.006,138603.061818
1803316,IT,WF,STONE,CHEMI,0.25,76230.63,5,5,76226.627,0.0,0.0,4.0,0.003,304922.52
1752300,IT,CA,CHEMI,HYDRO,0.18,76227.385,5,5,76223.378,0.0,0.0,4.0,0.007,423485.472222
1683168,IT,HR,GLASS,WEARI,0.21,76226.022,4,4,76226.018,0.0,0.0,0.0,0.004,362981.057143
1759828,IT,BR,HEALT,CONST,0.4,76221.175,4,4,76221.172,0.0,0.0,0.0,0.003,190552.9375
1804224,IT,WF,PRINT,REALE,0.73,76217.929,4,4,76217.923,0.0,0.0,0.0,0.006,104408.121918
1728170,IT,SE,PROCE,FISHF,0.52,76212.847,4,4,76212.842,0.0,0.0,0.0,0.005,146563.167308
1808309,IT,WF,FOOD2,HEALT,0.44,76210.182,4,4,76210.177,0.0,0.0,0.0,0.005,173204.959091
1746125,IT,JP,KEROS,PUBLI,0.11,76203.605,4,4,76203.599,0.0,0.0,0.0,0.006,692760.045455
1728683,IT,SE,PRINT,PUBLI,0.73,76198.365,4,4,76198.359,0.0,0.0,0.0,0.006,104381.321918
1666394,IT,ES,NAPHT,FURNI,0.13,76195.639,4,4,76195.634,0.0,0.0,0.0,0.005,586120.3
1753528,IT,CA,MACHI,FOOD5,0.43,76192.822,4,4,76192.816,0.0,0.0,0.0,0.006,177192.609302
1672997,IT,FR,PROCE,WHOLE,0.52,76191.974,4,4,76191.969,0.0,0.0,0.0,0.005,146523.026923
1652189,IT,CZ,DAIRY,TOBAC,0.31,76184.255,5,5,76183.25,0.0,1.0,0.0,0.005,245755.66129
1732895,IT,SI,PREC1,RUBBE,0.13,76179.085,4,4,76179.081,0.0,0.0,0.0,0.004,585992.961538
1738828,IT,GB,MOTO1,CONST,0.41,76179.005,4,4,76179.0,0.0,0.0,0.0,0.005,185802.45122
1658985,IT,DE,ELEC1,POSTT,0.01,76175.366,4,4,76175.361,0.0,0.0,0.0,0.005,7617536.6
1738792,IT,GB,OFFIC,REALE,0.24,76174.775,4,4,76174.77,0.0,0.0,0.0,0.005,317394.895833
1737485,IT,GB,LEATH,EDUCA,0.55,76174.189,5,5,76173.176,0.0,1.0,0.0,0.013,138498.525455
1670449,IT,FI,FOOD5,RESEA,0.37,76170.082,4,4,76170.075,0.0,0.0,0.0,0.007,205865.086486
1804894,IT,WF,BITU1,LEAD1,0.12,76168.58,4,4,76168.574,0.0,0.0,0.0,0.006,634738.166667
1809892,IT,WM,BEVER,LIQUE,0.32,76158.403,4,4,76158.398,0.0,0.0,0.0,0.005,237995.009375
1711259,IT,LU,OFFIC,BUSIN,0.24,76156.899,4,4,76156.894,0.0,0.0,0.0,0.005,317320.4125
1742067,IT,US,RUBBE,TEXTI,0.25,76156.103,4,4,76156.096,0.0,0.0,0.0,0.007,304624.412
1675045,IT,FR,ALUM1,PAPER,0.13,76147.63,4,4,76147.624,0.0,0.0,0.0,0.006,585751.0
1640880,IT,AT,LEATH,CHEM1,0.55,76147.559,5,5,76146.546,0.0,1.0,0.0,0.013,138450.107273
1769708,IT,AU,MACHI,RAWMI,0.42,76143.812,4,4,76143.806,0.0,0.0,0.0,0.006,181294.790476
1737283,IT,GB,FOOD5,SUPPO,0.37,76141.033,4,4,76141.026,0.0,0.0,0.0,0.007,205786.575676
1734755,IT,SK,WOODW,WHEAT,0.21,76137.384,4,4,76137.379,0.0,0.0,0.0,0.005,362558.971429
1743728,IT,US,LANDT,POULT,0.49,76134.932,4,4,76134.928,0.0,0.0,0.0,0.004,155377.412245
1783095,IT,NO,INSUR,REALE,1.57,76134.573,4,4,76134.569,0.0,0.0,0.0,0.004,48493.358599
1788453,IT,WA,PULP5,GASDI,0.23,76133.577,4,4,76133.57,0.0,0.0,0.0,0.007,331015.552174
1651449,IT,CY,GASDI,WHOLE,0.11,76133.359,4,4,76133.353,0.0,0.0,0.0,0.006,692121.445455
1667852,IT,ES,OFFIC,FOOD1,0.24,76127.661,4,4,76127.656,0.0,0.0,0.0,0.005,317198.5875
1720028,IT,PL,ALUM1,GLASS,0.13,76126.07,4,4,76126.064,0.0,0.0,0.0,0.006,585585.153846
1652164,IT,CZ,VEGE1,DAIRY,0.23,76123.076,4,4,76123.059,0.0,0.0,0.0,0.017,330969.895652
1744176,IT,US,SUPPO,93197,0.55,76117.729,4,4,76117.725,0.0,0.0,0.0,0.004,138395.870909
1753180,IT,CA,GLASS,BITU1,0.21,76113.156,4,4,76113.152,0.0,0.0,0.0,0.004,362443.6
1755052,IT,KR,WEARI,TRAN1,0.57,76103.525,4,4,76103.511,0.0,0.0,0.0,0.014,133514.95614
1710991,IT,LU,CERAM,FABRI,0.12,76101.316,4,4,76101.312,0.0,0.0,0.0,0.004,634177.633333
1734739,IT,SK,LEATH,RENTI,0.55,76101.126,5,5,76100.113,0.0,1.0,0.0,0.013,138365.683636
1805518,IT,WF,CERAM,DISTR,0.12,76098.604,4,4,76098.6,0.0,0.0,0.0,0.004,634155.033333
1812993,IT,WM,MACHI,ELEC1,0.42,76097.996,4,4,76097.99,0.0,0.0,0.0,0.006,181185.704762
1742501,IT,US,BASIC,DISTR,0.09,76096.346,4,4,76096.341,0.0,0.0,0.0,0.005,845514.955556
1675658,IT,FR,TRANS,PRINT,0.45,76094.054,4,4,76094.05,0.0,0.0,0.0,0.004,169097.897778
1715930,IT,NL,GLASS,MACHI,0.21,76089.477,4,4,76089.473,0.0,0.0,0.0,0.004,362330.842857
1753213,IT,CA,GLASS,HEALT,0.21,76086.006,4,4,76086.002,0.0,0.0,0.0,0.004,362314.314286
1735078,IT,SK,CHEM1,BIODI,0.16,76084.186,4,4,76084.178,0.0,0.0,0.0,0.008,475526.1625
1679649,IT,GR,GLASS,FABRI,0.21,76082.227,4,4,76082.223,0.0,0.0,0.0,0.004,362296.319048
1814123,IT,WM,AIRTR,MOTO1,0.08,76082.068,4,4,76082.066,0.0,0.0,0.0,0.002,951025.85
1644316,IT,BE,LEADZ,LEAD1,0.12,76080.402,4,4,76080.397,0.0,0.0,0.0,0.005,634003.35
1678678,IT,GR,VEGE1,RAWMI,0.23,76077.855,4,4,76077.838,0.0,0.0,0.0,0.017,330773.282609
1781920,IT,NO,CHEM1,RETAI,0.16,76066.302,4,4,76066.294,0.0,0.0,0.0,0.008,475414.3875
1799598,IT,WE,MOTOR,ANIMA,0.11,76063.408,4,4,76063.402,0.0,0.0,0.0,0.006,691485.527273
1805699,IT,WF,BASIC,SUGA1,0.09,76063.228,4,4,76063.223,0.0,0.0,0.0,0.005,845146.977778
1798463,IT,WE,NATUR,OFFIC,0.11,76057.436,4,4,76057.431,0.0,0.0,0.0,0.005,691431.236364
1714868,IT,NL,FOOD5,RECRE,0.37,76054.977,4,4,76054.97,0.0,0.0,0.0,0.007,205553.991892
1685831,IT,HU,CHEM1,RAWMI,0.16,76051.422,4,4,76051.414,0.0,0.0,0.0,0.008,475321.3875
1756132,IT,KR,MACHI,PADDY,0.42,76050.028,4,4,76050.022,0.0,0.0,0.0,0.006,181071.495238
1795183,IT,WL,RUBBE,MEMBE,0.25,76039.709,4,4,76039.702,0.0,0.0,0.0,0.007,304158.836
1788464,IT,WA,PULP5,RUBBE,0.23,76037.754,4,4,76037.747,0.0,0.0,0.0,0.007,330598.930435
1658942,IT,DE,FURNI,COMPU,0.24,76035.401,4,4,76035.394,0.0,0.0,0.0,0.007,316814.170833
1814063,IT,WM,AIRTR,RAWMI,0.08,76029.286,4,4,76029.284,0.0,0.0,0.0,0.002,950366.075
1756317,IT,KR,MOTO1,COLLE,0.4,76028.534,4,4,76028.529,0.0,0.0,0.0,0.005,190071.335
1769199,IT,AU,CHEM1,RENTI,0.16,76023.948,4,4,76023.94,0.0,0.0,0.0,0.008,475149.675
1727145,IT,RO,LANDT,HOTEL,0.49,76021.224,4,4,76021.22,0.0,0.0,0.0,0.004,155145.355102
1753059,IT,CA,ADDIT,MOTOR,0.18,76012.012,5,5,76011.006,0.0,1.0,0.0,0.006,422288.955556
1781856,IT,NO,PLAST,HEALT,0.16,75999.142,4,4,75999.134,0.0,0.0,0.0,0.008,474994.6375
1680403,IT,GR,ELEC2,RESEA,0.02,75996.118,4,4,75996.11,0.0,0.0,0.0,0.008,3799805.9
1713835,IT,MT,ELEC1,MEDIC,0.01,75989.676,4,4,75989.671,0.0,0.0,0.0,0.005,7598967.6
1724899,IT,PT,BUSIN,ELEC5,0.78,75986.631,4,4,75986.626,0.0,0.0,0.0,0.005,97418.757692
1779743,IT,TR,BUSIN,CHEM1,0.78,75981.992,4,4,75981.987,0.0,0.0,0.0,0.005,97412.810256
1667137,IT,ES,BASIC,BIODI,0.09,75979.456,4,4,75979.451,0.0,0.0,0.0,0.005,844216.177778
1677261,IT,FR,FINAN,BEVER,0.99,75977.261,4,4,75977.259,0.0,0.0,0.0,0.002,76744.708081
1802439,IT,WE,AIRTR,REALE,0.08,75957.667,4,4,75957.665,0.0,0.0,0.0,0.002,949470.8375
1664786,IT,ES,CEREA,HOTEL,0.12,75951.264,4,4,75951.26,0.0,0.0,0.0,0.004,632927.2
1673571,IT,FR,WOODW,MEATA,0.21,75948.215,4,4,75948.21,0.0,0.0,0.0,0.005,361658.166667
1793654,IT,WL,DAIRY,PUBLI,0.31,75946.102,5,5,75945.097,0.0,1.0,0.0,0.005,244987.425806
1801421,IT,WE,MOTO1,OILSE,0.4,75937.498,4,4,75937.493,0.0,0.0,0.0,0.005,189843.745
1766292,IT,RU,CERAM,PUBLI,0.12,75937.444,4,4,75937.44,0.0,0.0,0.0,0.004,632812.033333
1790442,IT,WA,LEAD1,PUBLI,0.13,75934.788,4,4,75934.782,0.0,0.0,0.0,0.006,584113.753846
1809887,IT,WM,BEVER,MOTOR,0.32,75924.026,4,4,75924.021,0.0,0.0,0.0,0.005,237262.58125
1728072,IT,SE,MEAT4,MEATP,0.42,75920.636,4,4,75920.631,0.0,0.0,0.0,0.005,180763.419048
1740009,IT,GB,REALE,INSUR,3.21,75918.859,4,4,75918.854,0.0,0.0,0.0,0.005,23650.734891
1713263,IT,MT,PAPER,RENTI,0.29,75908.556,5,5,75907.549,0.0,1.0,0.0,0.007,261753.641379
1739754,IT,GB,SUPPO,INERT,0.55,75907.531,4,4,75907.527,0.0,0.0,0.0,0.004,138013.692727
1672899,IT,FR,VEGE1,AIRTR,0.23,75901.217,4,4,75901.2,0.0,0.0,0.0,0.017,330005.291304
1725164,IT,RO,VEGE1,VEGE1,0.23,75898.116,4,4,75898.099,0.0,0.0,0.0,0.017,329991.808696
1814867,IT,WM,RECRE,RECRE,0.96,75897.087,4,4,75897.081,0.0,0.0,0.0,0.006,79059.465625
1666547,IT,ES,CHEM1,PROCE,0.16,75895.428,4,4,75895.42,0.0,0.0,0.0,0.008,474346.425
1654673,IT,CZ,LANDT,ELECT,0.49,75893.494,4,4,75893.49,0.0,0.0,0.0,0.004,154884.681633
1763472,IT,MX,PLAST,ALUM1,0.16,75891.566,4,4,75891.558,0.0,0.0,0.0,0.008,474322.2875
1650213,IT,BG,TRANS,AIRTR,0.45,75890.287,4,4,75890.283,0.0,0.0,0.0,0.004,168645.082222
1681527,IT,GR,BUSIN,LUBRI,0.78,75887.597,4,4,75887.592,0.0,0.0,0.0,0.005,97291.791026
1664154,IT,EE,RUBBE,RETA1,0.25,75886.009,4,4,75886.002,0.0,0.0,0.0,0.007,303544.036
1711114,IT,LU,LEAD1,SALEM,0.13,75879.133,4,4,75879.127,0.0,0.0,0.0,0.006,583685.638462
1810451,IT,WM,PULP5,WHOLE,0.23,75876.526,4,4,75876.519,0.0,0.0,0.0,0.007,329897.93913
1807402,IT,WF,FINAN,PUBLI,0.99,75875.703,4,4,75875.701,0.0,0.0,0.0,0.002,76642.124242
1681648,IT,HR,VEGET,DAIRY,0.27,75873.689,4,4,75873.686,0.0,0.0,0.0,0.003,281013.662963
1782965,IT,NO,AIRTR,PUBLI,0.08,75873.606,4,4,75873.604,0.0,0.0,0.0,0.002,948420.075
1751706,IT,CN,INSUR,FABRI,1.56,75872.574,4,4,75872.57,0.0,0.0,0.0,0.004,48636.265385
1771398,IT,CH,FOOD5,WOODW,0.36,75869.165,4,4,75869.158,0.0,0.0,0.0,0.007,210747.680556
1754488,IT,CA,BUSIN,PAPER,0.78,75867.168,4,4,75867.163,0.0,0.0,0.0,0.005,97265.6
1761347,IT,IN,GLASS,RADIO,0.21,75865.63,4,4,75865.626,0.0,0.0,0.0,0.004,361264.904762
1799111,IT,WE,WEARI,MEAT1,0.57,75865.205,4,4,75865.191,0.0,0.0,0.0,0.014,133096.850877
1686915,IT,HU,MACHI,PRINT,0.42,75857.187,4,4,75857.181,0.0,0.0,0.0,0.006,180612.35
1812189,IT,WM,NONME,MEATP,0.15,75856.893,4,4,75856.885,0.0,0.0,0.0,0.008,505712.62
1709606,IT,LT,PAPER,OFFIC,0.29,75855.488,5,5,75854.481,0.0,1.0,0.0,0.007,261570.648276
1801082,IT,WE,COPP1,RADIO,0.19,75855.091,4,4,75855.087,0.0,0.0,0.0,0.004,399237.321053
1714378,IT,NL,PADDY,PROCE,0.77,75855.008,5,5,75853.004,0.0,2.0,0.0,0.004,98512.997403
1729068,IT,SE,RUBBE,SECO9,0.25,75853.237,4,4,75853.23,0.0,0.0,0.0,0.007,303412.948
1746626,IT,JP,ALUM1,MEDIC,0.13,75851.845,4,4,75851.839,0.0,0.0,0.0,0.006,583475.730769
1729585,IT,SE,NONF1,WEARI,0.02,75847.728,3,3,75847.728,0.0,0.0,0.0,0.0,3792386.4
1753572,IT,CA,MACHI,FOUND,0.42,75846.227,4,4,75846.221,0.0,0.0,0.0,0.006,180586.254762
1711288,IT,LU,SALEM,FINAN,0.61,75842.904,4,4,75842.899,0.0,0.0,0.0,0.005,124332.629508
1752127,IT,CN,BUSIN,ELEC5,0.78,75837.285,4,4,75837.28,0.0,0.0,0.0,0.005,97227.288462
1689552,IT,IE,AIRTR,NATUR,0.08,75833.862,4,4,75833.86,0.0,0.0,0.0,0.002,947923.275
1650255,IT,BG,ELEC1,MEATP,0.01,75832.252,4,4,75832.247,0.0,0.0,0.0,0.005,7583225.2
1668775,IT,ES,LANDT,RAILW,0.49,75831.924,4,4,75831.92,0.0,0.0,0.0,0.004,154759.028571
1666597,IT,ES,CHEM1,OFFIC,0.16,75831.137,4,4,75831.129,0.0,0.0,0.0,0.008,473944.60625
1770199,IT,AU,HOTEL,PIGS9,0.55,75830.937,4,4,75830.931,0.0,0.0,0.0,0.006,137874.430909
1665732,IT,ES,PAPER,BIOGA,0.29,75829.311,5,5,75828.304,0.0,1.0,0.0,0.007,261480.382759
1781619,IT,NO,WEARI,HEALT,0.57,75827.145,4,4,75827.131,0.0,0.0,0.0,0.014,133030.078947
1804230,IT,WF,PRINT,HEALT,0.73,75825.23,4,4,75825.224,0.0,0.0,0.0,0.006,103870.178082
1810432,IT,WM,PULP5,CHEM1,0.23,75821.478,4,4,75821.471,0.0,0.0,0.0,0.007,329658.6
1731549,IT,SI,TEXTI,FISH5,0.45,75816.467,4,4,75816.457,0.0,0.0,0.0,0.01,168481.037778
1664106,IT,EE,CHEM1,93197,0.16,75815.211,4,4,75815.203,0.0,0.0,0.0,0.008,473845.06875
1681993,IT,HR,FOOD5,HEALT,0.36,75809.69,4,4,75809.683,0.0,0.0,0.0,0.007,210582.472222
1776786,IT,TR,NAPHT,TEXTI,0.13,75806.693,4,4,75806.688,0.0,0.0,0.0,0.005,583128.407692
1802393,IT,WE,SEACO,PUBLI,0.08,75795.716,3,3,75795.716,0.0,0.0,0.0,0.0,947446.45
1808690,IT,WF,INERT,REALE,0.56,75784.998,4,4,75784.993,0.0,0.0,0.0,0.005,135330.353571
1799509,IT,WE,PAPER,AUXIL,0.29,75782.029,5,5,75781.022,0.0,1.0,0.0,0.007,261317.341379
1813562,IT,WM,WHOLE,CHEM1,0.65,75778.602,4,4,75778.598,0.0,0.0,0.0,0.004,116582.464615
1800107,IT,WE,NAPHT,BITU1,0.13,75777.94,4,4,75777.935,0.0,0.0,0.0,0.005,582907.230769
1750393,IT,CN,FABRI,TRAN1,0.31,75777.522,4,4,75777.517,0.0,0.0,0.0,0.005,244443.619355
1666457,IT,ES,NONSP,CHEM1,0.1,75777.059,4,4,75777.055,0.0,0.0,0.0,0.004,757770.59
1643301,IT,AT,HOTEL,93197,0.55,75775.303,4,4,75775.297,0.0,0.0,0.0,0.006,137773.278182
1687144,IT,HU,FURNI,LEATH,0.24,75770.449,4,4,75770.442,0.0,0.0,0.0,0.007,315710.204167
1765108,IT,MX,REALE,MEDIC,3.2,75768.297,4,4,75768.292,0.0,0.0,0.0,0.005,23677.592812
1766340,IT,RU,NONME,DISTR,0.15,75766.162,4,4,75766.154,0.0,0.0,0.0,0.008,505107.746667
1788646,IT,WA,PRINT,POSTT,0.73,75765.549,4,4,75765.543,0.0,0.0,0.0,0.006,103788.423288
1805305,IT,WF,ADDIT,PUBLI,0.18,75757.666,5,5,75756.66,0.0,1.0,0.0,0.006,420875.922222
1769191,IT,AU,CHEM1,RAILW,0.16,75756.631,4,4,75756.623,0.0,0.0,0.0,0.008,473478.94375
1668597,IT,ES,HOTEL,INERT,0.55,75749.442,4,4,75749.436,0.0,0.0,0.0,0.006,137726.258182
1673534,IT,FR,LEATH,TRANS,0.54,75747.352,5,5,75746.339,0.0,1.0,0.0,0.013,140272.874074
1666321,IT,ES,LIQUE,FOUND,0.13,75740.781,4,4,75740.775,0.0,0.0,0.0,0.006,582621.392308
1650319,IT,BG,ELEC2,SUGA1,0.02,75740.711,4,4,75740.703,0.0,0.0,0.0,0.008,3787035.55
1649217,IT,BG,KEROS,MOTOR,0.11,75734.105,4,4,75734.099,0.0,0.0,0.0,0.006,688491.863636
1803825,IT,WF,TEXTI,PREC1,0.45,75731.798,4,4,75731.788,0.0,0.0,0.0,0.01,168292.884444
1805336,IT,WF,RUBBE,NONFE,0.25,75731.445,4,4,75731.438,0.0,0.0,0.0,0.007,302925.78
1679368,IT,GR,PLAST,BASIC,0.16,75729.66,4,4,75729.652,0.0,0.0,0.0,0.008,473310.375
1801599,IT,WE,TRANS,CONST,0.45,75724.568,4,4,75724.564,0.0,0.0,0.0,0.004,168276.817778
1681714,IT,HR,FISHF,WOODW,0.13,75720.018,4,4,75720.015,0.0,0.0,0.0,0.003,582461.676923
1673409,IT,FR,WEARI,MOTOR,0.57,75715.298,4,4,75715.284,0.0,0.0,0.0,0.014,132833.85614
1755926,IT,KR,BASIC,DIST1,0.09,75714.5,4,4,75714.495,0.0,0.0,0.0,0.005,841272.222222
1666225,IT,ES,HEAVY,PFERT,0.12,75702.784,4,4,75702.778,0.0,0.0,0.0,0.006,630856.533333
1667145,IT,ES,BASIC,PREC1,0.09,75699.155,4,4,75699.15,0.0,0.0,0.0,0.005,841101.722222
1657177,IT,DE,CHEM1,MEATA,0.16,75689.433,4,4,75689.425,0.0,0.0,0.0,0.008,473058.95625
1797449,IT,WL,RESEA,CRUDE,0.41,75688.095,4,4,75688.09,0.0,0.0,0.0,0.005,184605.109756
1767380,IT,RU,LANDT,MEATP,0.49,75685.649,4,4,75685.645,0.0,0.0,0.0,0.004,154460.508163
1799204,IT,WE,LEATH,CATTL,0.54,75684.552,5,5,75683.539,0.0,1.0,0.0,0.013,140156.577778
1649488,IT,BG,RUBBE,WHEAT,0.25,75672.551,4,4,75672.544,0.0,0.0,0.0,0.007,302690.204
1668127,IT,ES,CONST,BUSIN,0.42,75666.418,4,4,75666.414,0.0,0.0,0.0,0.004,180158.138095
1814051,IT,WM,AIRTR,PADDY,0.08,75666.318,4,4,75666.316,0.0,0.0,0.0,0.002,945828.975
1775656,IT,CH,93197,MEMBE,0.51,75664.269,4,4,75664.262,0.0,0.0,0.0,0.007,148361.311765
1772195,IT,CH,GASDI,TRAN1,0.11,75659.788,4,4,75659.782,0.0,0.0,0.0,0.006,687816.254545
1680026,IT,GR,MACHI,HEAVY,0.42,75657.3,4,4,75657.294,0.0,0.0,0.0,0.006,180136.428571
1744552,IT,US,REALE,WHOLE,3.2,75657.275,4,4,75657.27,0.0,0.0,0.0,0.005,23642.898437
1771494,IT,CH,BEVER,RESEA,0.32,75653.407,4,4,75653.402,0.0,0.0,0.0,0.005,236416.896875
1803621,IT,WF,FOOD5,FISH5,0.36,75652.089,4,4,75652.082,0.0,0.0,0.0,0.007,210144.691667
1752152,IT,CN,BUSIN,INSUR,0.78,75646.982,4,4,75646.977,0.0,0.0,0.0,0.005,96983.310256
1666436,IT,ES,PARAF,KERO1,0.12,75645.001,4,4,75644.995,0.0,0.0,0.0,0.006,630375.008333
1674303,IT,FR,PLAST,MEMBE,0.16,75640.815,4,4,75640.807,0.0,0.0,0.0,0.008,472755.09375
1640460,IT,AT,DAIRY,POULT,0.31,75639.382,5,5,75638.377,0.0,1.0,0.0,0.005,243998.006452
1737481,IT,GB,LEATH,COMPU,0.54,75635.599,5,5,75634.586,0.0,1.0,0.0,0.013,140065.924074
1717705,IT,NL,BUSIN,RAILW,0.78,75628.974,4,4,75628.969,0.0,0.0,0.0,0.005,96960.223077
1806081,IT,WF,FABRI,PIGS9,0.31,75628.161,4,4,75628.156,0.0,0.0,0.0,0.005,243961.809677
1814090,IT,WM,AIRTR,PAPER,0.08,75625.952,4,4,75625.95,0.0,0.0,0.0,0.002,945324.4
1667253,IT,ES,PREC1,RENTI,0.13,75621.915,4,4,75621.912,0.0,0.0,0.0,0.003,581707.038462
1769741,IT,AU,MACHI,TEXTI,0.42,75620.208,4,4,75620.202,0.0,0.0,0.0,0.006,180048.114286
1747265,IT,JP,WHOLE,KEROS,0.65,75600.05,4,4,75600.046,0.0,0.0,0.0,0.004,116307.769231
1741122,IT,US,WEARI,COLLE,0.57,75597.244,4,4,75597.23,0.0,0.0,0.0,0.014,132626.74386
1733100,IT,SI,FABRI,FOOD5,0.31,75595.192,4,4,75595.187,0.0,0.0,0.0,0.005,243855.458065
1667077,IT,ES,NONME,DIST1,0.15,75589.53,4,4,75589.522,0.0,0.0,0.0,0.008,503930.2
1642764,IT,AT,MACHI,TRAN1,0.42,75588.273,4,4,75588.267,0.0,0.0,0.0,0.006,179972.078571
1665233,IT,ES,FOOD5,EDUCA,0.36,75581.829,4,4,75581.822,0.0,0.0,0.0,0.007,209949.525
1778629,IT,TR,HOTEL,PLAST,0.55,75578.998,4,4,75578.992,0.0,0.0,0.0,0.006,137416.36
1688773,IT,IE,RUBBE,OFFIC,0.25,75577.81,4,4,75577.803,0.0,0.0,0.0,0.007,302311.24
1748070,IT,JP,BUSIN,TRAN1,0.78,75575.531,4,4,75575.526,0.0,0.0,0.0,0.005,96891.70641
1671559,IT,FI,OFFIC,HEALT,0.23,75575.212,4,4,75575.207,0.0,0.0,0.0,0.005,328587.878261
1802588,IT,WE,FINAN,PUBLI,0.98,75567.912,4,4,75567.91,0.0,0.0,0.0,0.002,77110.114286
1652435,IT,CZ,TEXTI,SUPPO,0.45,75567.528,4,4,75567.518,0.0,0.0,0.0,0.01,167927.84
1744253,IT,US,POSTT,COLLE,1.24,75558.449,4,4,75558.443,0.0,0.0,0.0,0.006,60934.233065
1671256,IT,FI,BASIC,ELECT,0.09,75553.382,4,4,75553.377,0.0,0.0,0.0,0.005,839482.022222
1666901,IT,ES,GLASS,DIST1,0.21,75548.858,4,4,75548.854,0.0,0.0,0.0,0.004,359756.466667
1657751,IT,DE,NONME,WHEAT,0.15,75544.605,4,4,75544.597,0.0,0.0,0.0,0.008,503630.7
1682599,IT,HR,KEROS,FISHF,0.11,75544.541,4,4,75544.535,0.0,0.0,0.0,0.006,686768.554545
1683027,IT,HR,CHEM1,SALEM,0.16,75542.49,4,4,75542.482,0.0,0.0,0.0,0.008,472140.5625
1721465,IT,PL,AIRTR,FINAN,0.08,75539.189,4,4,75539.187,0.0,0.0,0.0,0.002,944239.8625
1675335,IT,FR,MACHI,CROPS,0.42,75538.273,4,4,75538.267,0.0,0.0,0.0,0.006,179853.030952
1748932,IT,CN,WEARI,TRAN1,0.57,75534.799,4,4,75534.785,0.0,0.0,0.0,0.014,132517.191228
1808979,IT,WM,VEGET,STONE,0.27,75533.841,4,4,75533.838,0.0,0.0,0.0,0.003,279754.966667
1645717,IT,BE,RUBBE,STONE,0.25,75532.511,4,4,75532.504,0.0,0.0,0.0,0.007,302130.044
1673224,IT,FR,FISH5,MEATC,0.32,75531.438,4,4,75531.399,0.0,0.0,0.0,0.039,236035.74375
1712341,IT,LV,RUBBE,WHOLE,0.25,75529.228,4,4,75529.221,0.0,0.0,0.0,0.007,302116.912
1746792,IT,JP,MACHI,PLAST,0.42,75525.874,4,4,75525.868,0.0,0.0,0.0,0.006,179823.509524
1641677,IT,AT,NONSP,PLAST,0.1,75519.754,4,4,75519.75,0.0,0.0,0.0,0.004,755197.54
1750720,IT,CN,MOTO1,COMPU,0.4,75519.726,4,4,75519.721,0.0,0.0,0.0,0.005,188799.315
1730757,IT,SE,BUSIN,BEVER,0.78,75509.283,4,4,75509.278,0.0,0.0,0.0,0.005,96806.773077
1681817,IT,HR,MEAT4,RETA1,0.42,75508.046,4,4,75508.041,0.0,0.0,0.0,0.005,179781.061905
1793544,IT,WL,MEAT4,MEAT4,0.42,75502.778,4,4,75502.773,0.0,0.0,0.0,0.005,179768.519048
1813949,IT,WM,SEACO,SUGAR,0.08,75498.233,3,3,75498.233,0.0,0.0,0.0,0.0,943727.9125
1806004,IT,WF,COPP1,PLAST,0.19,75490.759,4,4,75490.755,0.0,0.0,0.0,0.004,397319.784211
1660982,IT,DE,BUSIN,SECO9,0.78,75481.616,4,4,75481.611,0.0,0.0,0.0,0.005,96771.302564
1792043,IT,WA,AIRTR,SUGA1,0.08,75479.676,4,4,75479.674,0.0,0.0,0.0,0.002,943495.95
1677329,IT,FR,FINAN,EDUCA,0.98,75479.641,4,4,75479.639,0.0,0.0,0.0,0.002,77020.041837
1688846,IT,IE,BASIC,RUBBE,0.09,75476.921,4,4,75476.916,0.0,0.0,0.0,0.005,838632.455556
1670308,IT,FI,CHEMI,FURNI,0.18,75463.56,5,5,75459.553,0.0,0.0,4.0,0.007,419242.0
1652228,IT,CZ,FOOD5,MEATC,0.36,75463.208,4,4,75463.201,0.0,0.0,0.0,0.007,209620.022222
1716050,IT,NL,NONME,REALE,0.15,75452.084,4,4,75452.076,0.0,0.0,0.0,0.008,503013.893333
1658649,IT,DE,MACHI,TEXT1,0.42,75446.236,4,4,75446.23,0.0,0.0,0.0,0.006,179633.895238
1745375,IT,JP,VEGE1,ELEC2,0.23,75439.442,4,4,75439.426,0.0,0.0,0.0,0.016,327997.573913
1813183,IT,WM,MOTO1,RAILW,0.4,75439.152,4,4,75439.147,0.0,0.0,0.0,0.005,188597.88
1676745,IT,FR,LANDT,OILSE,0.49,75437.781,4,4,75437.777,0.0,0.0,0.0,0.004,153954.655102
1798989,IT,WE,TEXTI,POULT,0.45,75431.903,4,4,75431.893,0.0,0.0,0.0,0.01,167626.451111
1719827,IT,PL,BASIC,SECO9,0.09,75431.599,4,4,75431.594,0.0,0.0,0.0,0.005,838128.877778
1746828,IT,JP,MACHI,TRAN1,0.42,75428.88,4,4,75428.874,0.0,0.0,0.0,0.006,179592.571429
1812556,IT,WM,ALUM1,SALEM,0.13,75425.443,4,4,75425.437,0.0,0.0,0.0,0.006,580195.715385
1754934,IT,KR,TEXTI,GASDI,0.45,75419.605,4,4,75419.595,0.0,0.0,0.0,0.01,167599.122222
1787477,IT,WA,SANDC,STONE,0.17,75417.021,5,5,75400.018,0.0,0.0,17.0,0.003,443629.535294
1657846,IT,DE,NONME,INTER,0.15,75414.987,4,4,75414.979,0.0,0.0,0.0,0.008,502766.58
1793869,IT,WL,TEXTI,LANDT,0.45,75408.819,4,4,75408.809,0.0,0.0,0.0,0.01,167575.153333
1643620,IT,AT,AIRTR,ALUM1,0.08,75404.528,4,4,75404.526,0.0,0.0,0.0,0.002,942556.6
1720829,IT,PL,FURNI,MOTO1,0.24,75404.284,4,4,75404.278,0.0,0.0,0.0,0.006,314184.516667
1716001,IT,NL,BRICK,REALE,0.11,75401.802,4,4,75401.797,0.0,0.0,0.0,0.005,685470.927273
1811097,IT,WM,HEAVY,FINAN,0.12,75400.591,4,4,75400.585,0.0,0.0,0.0,0.006,628338.258333
1680888,IT,GR,LANDT,BASIC,0.49,75400.031,4,4,75400.027,0.0,0.0,0.0,0.004,153877.614286
1764704,IT,MX,HOTEL,PAPER,0.55,75399.606,4,4,75399.6,0.0,0.0,0.0,0.006,137090.192727
1653696,IT,CZ,LEAD1,FABRI,0.13,75389.646,4,4,75389.64,0.0,0.0,0.0,0.006,579920.353846
1738826,IT,GB,MOTO1,TRANS,0.4,75383.833,4,4,75383.828,0.0,0.0,0.0,0.005,188459.5825
1769176,IT,AU,CHEM1,ELEC1,0.16,75380.76,4,4,75380.752,0.0,0.0,0.0,0.008,471129.75
1677381,IT,FR,INSUR,GASDI,1.55,75377.82,4,4,75377.817,0.0,0.0,0.0,0.003,48630.851613
1710986,IT,LU,GLASS,COMPU,0.21,75375.498,4,4,75375.494,0.0,0.0,0.0,0.004,358930.942857
1775032,IT,CH,RENTI,CHEMI,0.45,75373.19,4,4,75373.186,0.0,0.0,0.0,0.004,167495.977778
1652991,IT,CZ,PLAST,FORES,0.16,75373.092,4,4,75373.084,0.0,0.0,0.0,0.008,471081.825
1813605,IT,WM,WHOLE,RESEA,0.65,75371.635,4,4,75371.631,0.0,0.0,0.0,0.004,115956.361538
1685870,IT,HU,CHEM1,PFERT,0.16,75370.389,4,4,75370.381,0.0,0.0,0.0,0.008,471064.93125
1796204,IT,WL,FURNI,NONF1,0.24,75369.698,4,4,75369.692,0.0,0.0,0.0,0.006,314040.408333
1714598,IT,NL,SANDC,CONST,0.17,75367.739,5,5,75350.736,0.0,0.0,17.0,0.003,443339.641176
1670633,IT,FI,LEATH,RUBBE,0.54,75361.105,5,5,75360.092,0.0,1.0,0.0,0.013,139557.601852
1790262,IT,WA,PREC1,RESEA,0.13,75357.533,4,4,75357.53,0.0,0.0,0.0,0.003,579673.330769
1730410,IT,SE,POSTT,PAPER,1.24,75351.809,4,4,75351.803,0.0,0.0,0.0,0.006,60767.587903
1808993,IT,WM,VEGET,WEARI,0.27,75349.315,4,4,75349.312,0.0,0.0,0.0,0.003,279071.537037
1773757,IT,CH,ELEC2,DAIRY,0.02,75346.031,4,4,75346.023,0.0,0.0,0.0,0.008,3767301.55
1645689,IT,BE,CHEM1,WOOD2,0.16,75331.256,4,4,75331.248,0.0,0.0,0.0,0.008,470820.35
1766627,IT,RU,FABRI,PAPER,0.31,75325.298,4,4,75325.293,0.0,0.0,0.0,0.005,242984.832258
1659734,IT,DE,RAILW,LANDT,0.5,75321.391,5,5,75320.388,0.0,0.0,1.0,0.003,150642.782
1804035,IT,WF,WOODW,PULP5,0.21,75319.502,4,4,75319.497,0.0,0.0,0.0,0.005,358664.295238
1736874,IT,SK,BUSIN,OFFIC,0.77,75317.722,4,4,75317.717,0.0,0.0,0.0,0.005,97815.223377
1709373,IT,LT,FOOD5,BIODI,0.36,75315.667,4,4,75315.66,0.0,0.0,0.0,0.007,209210.186111
1790588,IT,WA,FABRI,WHEAT,0.31,75314.434,4,4,75314.429,0.0,0.0,0.0,0.005,242949.787097
1655364,IT,DE,OILSE,HOTEL,0.05,75310.252,5,5,75309.249,0.0,1.0,0.0,0.003,1506205.04
1782033,IT,NO,RUBBE,FOODW,0.25,75307.534,4,4,75307.527,0.0,0.0,0.0,0.007,301230.136
1772977,IT,CH,PREC1,SEACO,0.13,75307.091,4,4,75307.088,0.0,0.0,0.0,0.003,579285.315385
1681070,IT,GR,SUPPO,FOOD5,0.54,75306.812,4,4,75306.808,0.0,0.0,0.0,0.004,139457.059259
1812788,IT,WM,FABRI,FISHF,0.31,75305.172,4,4,75305.167,0.0,0.0,0.0,0.005,242919.909677
1654118,IT,CZ,OFFIC,RESEA,0.23,75304.235,4,4,75304.23,0.0,0.0,0.0,0.005,327409.717391
1804914,IT,WF,BITU1,HOTEL,0.12,75297.919,4,4,75297.913,0.0,0.0,0.0,0.006,627482.658333
1772129,IT,CH,MOTOR,FINAN,0.11,75296.309,4,4,75296.303,0.0,0.0,0.0,0.006,684511.9
1678516,IT,GR,CEREA,CEREA,0.12,75295.36,4,4,75295.356,0.0,0.0,0.0,0.004,627461.333333
1793531,IT,WL,MEAT1,MEAT1,0.35,75293.021,4,4,75293.012,0.0,0.0,0.0,0.009,215122.917143
1715663,IT,NL,PARAF,PLAST,0.12,75290.603,4,4,75290.597,0.0,0.0,0.0,0.006,627421.691667
1751747,IT,CN,INSUR,BUSIN,1.55,75282.684,4,4,75282.681,0.0,0.0,0.0,0.003,48569.473548
1802487,IT,WE,SUPPO,PUBLI,0.54,75269.133,4,4,75269.129,0.0,0.0,0.0,0.004,139387.283333
1761460,IT,IN,PREC1,PRINT,0.13,75268.623,4,4,75268.62,0.0,0.0,0.0,0.003,578989.407692
1804287,IT,WF,MOTOR,LEATH,0.11,75266.179,4,4,75266.173,0.0,0.0,0.0,0.006,684237.990909
1806385,IT,WF,MOTO1,FABRI,0.4,75252.274,4,4,75252.269,0.0,0.0,0.0,0.005,188130.685
1673028,IT,FR,FOOD5,FISHF,0.36,75249.249,4,4,75249.242,0.0,0.0,0.0,0.007,209025.691667
1746276,IT,JP,CHEM1,DISTR,0.16,75244.58,4,4,75244.572,0.0,0.0,0.0,0.008,470278.625
1733411,IT,SI,ELEC2,RESEA,0.02,75239.284,4,4,75239.276,0.0,0.0,0.0,0.008,3761964.2
1684809,IT,HU,FISHF,POULT,0.13,75229.134,4,4,75229.131,0.0,0.0,0.0,0.003,578685.646154
1651549,IT,CY,RUBBE,FURNI,0.25,75227.716,4,4,75227.709,0.0,0.0,0.0,0.007,300910.864
1688783,IT,IE,RUBBE,SUPPO,0.25,75223.804,4,4,75223.797,0.0,0.0,0.0,0.007,300895.216
1758371,IT,BR,FABRI,FOOD5,0.31,75207.388,4,4,75207.383,0.0,0.0,0.0,0.005,242604.477419
1686724,IT,HU,COPP1,BLAST,0.19,75203.892,4,4,75203.888,0.0,0.0,0.0,0.004,395809.957895
1663242,IT,DK,SEACO,TEXTI,0.08,75198.885,3,3,75198.885,0.0,0.0,0.0,0.0,939986.0625
1765634,IT,RU,WOODW,SUPPO,0.21,75197.291,4,4,75197.286,0.0,0.0,0.0,0.005,358082.338095
1663553,IT,DK,COMPU,SEACO,0.86,75189.915,4,4,75189.91,0.0,0.0,0.0,0.005,87430.133721
1758643,IT,BR,TRANS,PUBLI,0.45,75189.59,4,4,75189.586,0.0,0.0,0.0,0.004,167087.977778
1649254,IT,BG,HEAVY,GASDI,0.12,75183.897,4,4,75183.891,0.0,0.0,0.0,0.006,626532.475
1793408,IT,WL,CROPS,PFERT,0.6,75183.86,4,4,75183.856,0.0,0.0,0.0,0.004,125306.433333
1713495,IT,MT,RUBBE,OFFIC,0.25,75181.457,4,4,75181.45,0.0,0.0,0.0,0.007,300725.828
1773747,IT,CH,ELEC1,COMPU,0.01,75179.347,4,4,75179.342,0.0,0.0,0.0,0.005,7517934.7
1713319,IT,MT,KEROS,FURNI,0.11,75178.024,4,4,75178.018,0.0,0.0,0.0,0.006,683436.581818
1729733,IT,SE,MACHI,PULP5,0.42,75176.235,4,4,75176.229,0.0,0.0,0.0,0.006,178991.035714
1650502,IT,BG,ELEC6,KEROS,0.01,75175.561,4,4,75175.549,0.0,0.0,0.0,0.012,7517556.1
1804108,IT,WF,PAPER,MEATC,0.29,75171.649,5,5,75170.642,0.0,1.0,0.0,0.007,259212.582759
1798591,IT,WE,MEATC,TRANS,0.25,75169.15,5,5,75168.145,0.0,1.0,0.0,0.005,300676.6
1710981,IT,LU,GLASS,HOTEL,0.21,75168.891,4,4,75168.887,0.0,0.0,0.0,0.004,357947.1
1668626,IT,ES,RAILW,CHEM1,0.5,75166.188,5,5,75165.185,0.0,0.0,1.0,0.003,150332.376
1738864,IT,GB,TRANS,FURNI,0.45,75157.613,4,4,75157.609,0.0,0.0,0.0,0.004,167016.917778
1657519,IT,DE,GLASS,POULT,0.21,75145.099,4,4,75145.095,0.0,0.0,0.0,0.004,357833.804762
1663222,IT,DK,TRAN2,NATUR,0.12,75129.997,4,4,75129.995,0.0,0.0,0.0,0.002,626083.308333
1781630,IT,NO,LEATH,CRUDE,0.54,75123.047,5,5,75122.034,0.0,1.0,0.0,0.013,139116.753704
1799415,IT,WE,PAPER,FISHF,0.29,75121.829,5,5,75120.822,0.0,1.0,0.0,0.007,259040.789655
1750420,IT,CN,FABRI,RESEA,0.31,75118.991,4,4,75118.986,0.0,0.0,0.0,0.005,242319.325806
1660173,IT,DE,SUPPO,OFFIC,0.54,75115.907,4,4,75115.903,0.0,0.0,0.0,0.004,139103.531481
1687182,IT,HU,FURNI,BUSIN,0.24,75109.311,4,4,75109.305,0.0,0.0,0.0,0.006,312955.4625
1674034,IT,FR,GASDI,FOOD5,0.11,75095.514,4,4,75095.508,0.0,0.0,0.0,0.006,682686.490909
1641551,IT,AT,HEAVY,SALEM,0.12,75095.466,4,4,75095.46,0.0,0.0,0.0,0.006,625795.55
1810623,IT,WM,PRINT,HEALT,0.72,75091.542,4,4,75091.536,0.0,0.0,0.0,0.006,104293.808333
1763780,IT,MX,GLASS,BUSIN,0.21,75079.555,4,4,75079.551,0.0,0.0,0.0,0.004,357521.690476
1711467,IT,LU,LANDT,COMPU,0.48,75076.573,4,4,75076.569,0.0,0.0,0.0,0.004,156409.527083
1664917,IT,ES,CRUDE,LANDT,0.15,75076.075,4,4,75076.069,0.0,0.0,0.0,0.006,500507.166667
1800770,IT,WE,NONME,BUSIN,0.15,75073.647,4,4,75073.639,0.0,0.0,0.0,0.008,500490.98
1769503,IT,AU,BASIC,RAILW,0.09,75073.214,4,4,75073.209,0.0,0.0,0.0,0.005,834146.822222
1646887,IT,BE,WHOLE,PRINT,0.65,75070.294,4,4,75070.29,0.0,0.0,0.0,0.004,115492.76
1809208,IT,WM,ANIMA,CHEM1,0.3,75068.421,4,4,75068.417,0.0,0.0,0.0,0.004,250228.07
1806067,IT,WF,NONF1,BRICK,0.02,75066.893,3,3,75066.893,0.0,0.0,0.0,0.0,3753344.65
1670981,IT,FI,CHEM1,COMPU,0.16,75065.638,4,4,75065.63,0.0,0.0,0.0,0.008,469160.2375
1674222,IT,FR,LIQUE,RESEA,0.13,75047.04,4,4,75047.034,0.0,0.0,0.0,0.006,577284.923077
1682885,IT,HR,NAPHT,WOODW,0.13,75035.605,4,4,75035.6,0.0,0.0,0.0,0.005,577196.961538
1640914,IT,AT,LEATH,REALE,0.54,75034.913,5,5,75033.9,0.0,1.0,0.0,0.013,138953.542593
1735635,IT,SK,COPP1,RETA1,0.19,75034.024,4,4,75034.02,0.0,0.0,0.0,0.004,394915.915789
1808191,IT,WF,OILHA,HOTEL,0.43,75028.388,4,4,75028.384,0.0,0.0,0.0,0.004,174484.623256
1727850,IT,RO,BUSIN,PUBLI,0.77,75027.568,4,4,75027.563,0.0,0.0,0.0,0.005,97438.4
1734586,IT,SK,BEVER,PLAST,0.32,75026.513,4,4,75026.508,0.0,0.0,0.0,0.005,234457.853125
1796934,IT,WL,AIRTR,MEAT4,0.08,75023.725,4,4,75023.723,0.0,0.0,0.0,0.002,937796.5625
1660294,IT,DE,POSTT,AUXIL,1.24,75022.796,4,4,75022.79,0.0,0.0,0.0,0.006,60502.254839
1753509,IT,CA,MACHI,BITUM,0.42,75021.588,4,4,75021.582,0.0,0.0,0.0,0.006,178622.828571
1673940,IT,FR,MOTOR,HEALT,0.11,75018.157,4,4,75018.151,0.0,0.0,0.0,0.006,681983.245455
1658357,IT,DE,NONF1,TRAN1,0.02,75013.665,3,3,75013.665,0.0,0.0,0.0,0.0,3750683.25
1804511,IT,WF,GASDI,FABRI,0.11,75012.555,4,4,75012.549,0.0,0.0,0.0,0.006,681932.318182
1676453,IT,FR,RETA1,BEVER,0.78,75011.339,4,4,75011.334,0.0,0.0,0.0,0.005,96168.383333
1720007,IT,PL,ALUM1,PULP5,0.13,75006.874,4,4,75006.868,0.0,0.0,0.0,0.006,576975.953846
1774557,IT,CH,SEACO,DAIRY,0.08,75003.708,3,3,75003.708,0.0,0.0,0.0,0.0,937546.35
1767558,IT,RU,AIRTR,RETA1,0.08,74999.787,4,4,74999.785,0.0,0.0,0.0,0.002,937497.3375
1772292,IT,CH,BITU1,PUBLI,0.12,74996.756,4,4,74996.75,0.0,0.0,0.0,0.006,624972.966667
1773776,IT,CH,ELEC2,SECO9,0.02,74996.482,4,4,74996.474,0.0,0.0,0.0,0.008,3749824.1
1646399,IT,BE,FABRI,FINAN,0.31,74994.894,4,4,74994.889,0.0,0.0,0.0,0.005,241919.012903
1764092,IT,MX,FABRI,MOTOR,0.31,74993.058,4,4,74993.053,0.0,0.0,0.0,0.005,241913.090323
1728474,IT,SE,LEATH,REALE,0.54,74991.514,5,5,74990.501,0.0,1.0,0.0,0.013,138873.174074
1802635,IT,WE,REALE,REALE,3.17,74990.25,4,4,74990.245,0.0,0.0,0.0,0.005,23656.230284
1689307,IT,IE,RETA1,RAWMI,0.78,74983.274,4,4,74983.269,0.0,0.0,0.0,0.005,96132.402564
1651638,IT,CY,BASIC,RUBBE,0.09,74981.667,4,4,74981.662,0.0,0.0,0.0,0.005,833129.633333
1807499,IT,WF,RENTI,IRONO,0.45,74978.399,4,4,74978.395,0.0,0.0,0.0,0.004,166618.664444
1689684,IT,IE,POSTT,POSTT,1.23,74976.023,4,4,74976.017,0.0,0.0,0.0,0.006,60956.11626
1763199,IT,MX,LEATH,EDUCA,0.54,74966.821,5,5,74965.808,0.0,1.0,0.0,0.013,138827.446296
1776951,IT,TR,PLAST,HEALT,0.16,74966.699,4,4,74966.691,0.0,0.0,0.0,0.008,468541.86875
1656403,IT,DE,WOODW,RAILW,0.21,74965.557,4,4,74965.552,0.0,0.0,0.0,0.005,356978.842857
1674332,IT,FR,CHEM1,MEAT1,0.16,74963.164,4,4,74963.156,0.0,0.0,0.0,0.008,468519.775
1752958,IT,CA,CHEM1,VEGET,0.16,74963.159,4,4,74963.151,0.0,0.0,0.0,0.008,468519.74375
1731704,IT,SI,WOODW,BUSIN,0.21,74954.954,4,4,74954.949,0.0,0.0,0.0,0.005,356928.352381
1646060,IT,BE,BASIC,PULP5,0.09,74953.907,4,4,74953.902,0.0,0.0,0.0,0.005,832821.188889
1729255,IT,SE,CERAM,93197,0.12,74952.876,4,4,74952.872,0.0,0.0,0.0,0.004,624607.3
1721304,IT,PL,LANDT,RESEA,0.48,74951.133,4,4,74951.129,0.0,0.0,0.0,0.004,156148.19375
1656521,IT,DE,PAPER,MEDIC,0.29,74950.806,5,5,74949.799,0.0,1.0,0.0,0.007,258451.055172
1674086,IT,FR,GASDI,93197,0.11,74947.705,4,4,74947.699,0.0,0.0,0.0,0.006,681342.772727
1720429,IT,PL,MACHI,BITU1,0.42,74947.637,4,4,74947.631,0.0,0.0,0.0,0.006,178446.754762
1679522,IT,GR,ADDIT,MOTOR,0.17,74947.615,5,5,74946.609,0.0,1.0,0.0,0.006,440868.323529
1722542,IT,PT,BEVER,FISH5,0.32,74945.096,4,4,74945.091,0.0,0.0,0.0,0.005,234203.425
1670745,IT,FI,PAPER,WHOLE,0.29,74943.548,5,5,74942.541,0.0,1.0,0.0,0.007,258426.027586
1721251,IT,PL,LANDT,CERAM,0.48,74941.416,4,4,74941.412,0.0,0.0,0.0,0.004,156127.95
1666644,IT,ES,CHEM1,FOOD3,0.16,74939.869,4,4,74939.861,0.0,0.0,0.0,0.008,468374.18125
1643546,IT,AT,SEACO,GASDI,0.08,74939.53,3,3,74939.53,0.0,0.0,0.0,0.0,936744.125
1765953,IT,RU,CHEM1,FORES,0.16,74928.97,4,4,74928.962,0.0,0.0,0.0,0.008,468306.0625
1739296,IT,GB,HOTEL,MOTO1,0.54,74928.603,4,4,74928.597,0.0,0.0,0.0,0.006,138756.672222
1790033,IT,WA,NONME,RAILW,0.15,74926.25,4,4,74926.242,0.0,0.0,0.0,0.008,499508.333333
1799819,IT,WE,GASDI,COPPE,0.11,74924.743,4,4,74924.737,0.0,0.0,0.0,0.006,681134.027273
1789808,IT,WA,CERAM,FORES,0.12,74923.537,4,4,74923.533,0.0,0.0,0.0,0.004,624362.808333
1718493,IT,PL,TEXTI,OFFIC,0.44,74920.911,4,4,74920.901,0.0,0.0,0.0,0.01,170274.797727
1745901,IT,JP,LEATH,INSUR,0.54,74909.792,5,5,74908.779,0.0,1.0,0.0,0.013,138721.837037
1751215,IT,CN,HOTEL,COPP1,0.54,74905.007,4,4,74905.001,0.0,0.0,0.0,0.006,138712.975926
1684179,IT,HR,LANDT,DIST1,0.48,74903.446,4,4,74903.442,0.0,0.0,0.0,0.004,156048.845833
1727136,IT,RO,LANDT,ELEC5,0.48,74900.142,4,4,74900.138,0.0,0.0,0.0,0.004,156041.9625
1785408,IT,ZA,PAPER,RUBBE,0.29,74895.188,5,5,74894.181,0.0,1.0,0.0,0.007,258259.268966
1737385,IT,GB,TEXTI,PAPER,0.44,74893.052,4,4,74893.042,0.0,0.0,0.0,0.01,170211.481818
1668872,IT,ES,SEACO,PLAST,0.08,74886.361,3,3,74886.361,0.0,0.0,0.0,0.0,936079.5125
1736079,IT,SK,FURNI,RECRE,0.24,74884.893,4,4,74884.887,0.0,0.0,0.0,0.006,312020.3875
1710032,IT,LT,COPP1,RADIO,0.19,74874.901,4,4,74874.897,0.0,0.0,0.0,0.004,394078.426316
1790027,IT,WA,NONME,DIST1,0.15,74873.949,4,4,74873.941,0.0,0.0,0.0,0.008,499159.66
1765193,IT,MX,BUSIN,LANDT,0.77,74862.83,4,4,74862.825,0.0,0.0,0.0,0.005,97224.454545
1671294,IT,FI,PREC1,BUSIN,0.13,74858.801,4,4,74858.798,0.0,0.0,0.0,0.003,575836.930769
1680500,IT,GR,ELEC6,LUBRI,0.01,74853.153,4,4,74853.141,0.0,0.0,0.0,0.012,7485315.3
1780914,IT,TW,RESEA,DISTR,0.41,74850.645,4,4,74850.64,0.0,0.0,0.0,0.005,182562.54878
1771896,IT,CH,PULP5,PUBLI,0.23,74849.693,4,4,74849.686,0.0,0.0,0.0,0.007,325433.447826
1753553,IT,CA,MACHI,NONSP,0.42,74848.748,4,4,74848.742,0.0,0.0,0.0,0.006,178211.304762
1680981,IT,GR,INLAN,WHOLE,0.12,74833.305,4,4,74833.3,0.0,0.0,0.0,0.005,623610.875
1814099,IT,WM,AIRTR,NAPHT,0.08,74831.983,4,4,74831.981,0.0,0.0,0.0,0.002,935399.7875
1721148,IT,PL,RAILW,FABRI,0.5,74826.914,5,5,74825.911,0.0,0.0,1.0,0.003,149653.828
1656725,IT,DE,MOTOR,DIST1,0.11,74824.497,4,4,74824.491,0.0,0.0,0.0,0.006,680222.7
1685942,IT,HU,CHEM1,WASTE,0.16,74823.138,4,4,74823.13,0.0,0.0,0.0,0.008,467644.6125
1781069,IT,TW,PUBLI,NAPHT,1.23,74821.576,4,4,74821.571,0.0,0.0,0.0,0.005,60830.549593
1778916,IT,TR,SEACO,BIODI,0.08,74820.922,3,3,74820.922,0.0,0.0,0.0,0.0,935261.525
1650526,IT,BG,ELEC6,BUSIN,0.01,74819.028,4,4,74819.016,0.0,0.0,0.0,0.012,7481902.8
1776210,IT,TR,WOODW,CERAM,0.21,74815.322,4,4,74815.317,0.0,0.0,0.0,0.005,356263.438095
1758903,IT,BR,HOTEL,POSTT,0.54,74804.737,4,4,74804.731,0.0,0.0,0.0,0.006,138527.290741
1646487,IT,BE,MACHI,MEDIC,0.42,74804.369,4,4,74804.363,0.0,0.0,0.0,0.006,178105.640476
1812736,IT,WM,NONF1,CHARC,0.02,74799.465,3,3,74799.465,0.0,0.0,0.0,0.0,3739973.25
1760889,IT,IN,GASDI,ELEC6,0.11,74797.964,4,4,74797.958,0.0,0.0,0.0,0.006,679981.490909
1791131,IT,WA,TRANS,FINAN,0.45,74795.841,4,4,74795.837,0.0,0.0,0.0,0.004,166212.98
1741721,IT,US,NAPHT,MOTOR,0.13,74794.544,4,4,74794.539,0.0,0.0,0.0,0.005,575342.646154
1662348,IT,DK,BASIC,NUCLE,0.09,74792.743,4,4,74792.738,0.0,0.0,0.0,0.005,831030.477778
1783510,IT,NO,OILHA,ALUM1,0.43,74783.835,4,4,74783.831,0.0,0.0,0.0,0.004,173915.895349
1741272,IT,US,PAPER,TEXTI,0.29,74781.696,5,5,74780.689,0.0,1.0,0.0,0.007,257867.917241
1752929,IT,CA,PLAST,PULP5,0.16,74780.861,4,4,74780.853,0.0,0.0,0.0,0.008,467380.38125
1715490,IT,NL,KERO1,SUGAR,0.11,74780.072,4,4,74780.066,0.0,0.0,0.0,0.006,679818.836364
1671520,IT,FI,MACHI,SALEM,0.42,74776.172,4,4,74776.166,0.0,0.0,0.0,0.006,178038.504762
1778519,IT,TR,RETA1,FOOD5,0.78,74773.094,4,4,74773.089,0.0,0.0,0.0,0.005,95862.941026
1772686,IT,CH,CERAM,CEMEN,0.12,74770.671,4,4,74770.667,0.0,0.0,0.0,0.004,623088.925
1774513,IT,CH,LANDT,SUPPO,0.48,74769.856,4,4,74769.852,0.0,0.0,0.0,0.004,155770.533333
1666328,IT,ES,LIQUE,ELEC4,0.13,74767.482,4,4,74767.476,0.0,0.0,0.0,0.006,575134.476923
1674560,IT,FR,RUBBE,ALUM1,0.25,74757.411,4,4,74757.404,0.0,0.0,0.0,0.007,299029.644
1813864,IT,WM,LANDT,MOTOR,0.48,74754.911,4,4,74754.907,0.0,0.0,0.0,0.004,155739.397917
1655742,IT,DE,MEATC,SEACO,0.25,74750.936,5,5,74749.931,0.0,1.0,0.0,0.005,299003.744
1747206,IT,JP,CONST,EDUCA,0.42,74745.407,4,4,74745.403,0.0,0.0,0.0,0.004,177965.254762
1800808,IT,WE,BASIC,WOODW,0.09,74738.698,4,4,74738.693,0.0,0.0,0.0,0.005,830429.977778
1811204,IT,WM,NAPHT,RESEA,0.13,74738.494,4,4,74738.489,0.0,0.0,0.0,0.005,574911.492308
1813043,IT,WM,OFFIC,PRINT,0.23,74738.068,4,4,74738.063,0.0,0.0,0.0,0.005,324948.121739
1749337,IT,CN,PRINT,MACHI,0.72,74734.358,4,4,74734.352,0.0,0.0,0.0,0.006,103797.719444
1812231,IT,WM,NONME,ELECT,0.15,74732.009,4,4,74732.001,0.0,0.0,0.0,0.008,498213.393333
1714634,IT,NL,MEATC,HEALT,0.25,74724.858,5,5,74723.853,0.0,1.0,0.0,0.005,298899.432
1785439,IT,ZA,PAPER,REALE,0.29,74723.244,5,5,74722.237,0.0,1.0,0.0,0.007,257666.358621
1685944,IT,HU,CHEM1,PAPE4,0.16,74720.094,4,4,74720.086,0.0,0.0,0.0,0.008,467000.5875
1795992,IT,WL,MOTO1,ELEC2,0.4,74719.063,4,4,74719.058,0.0,0.0,0.0,0.005,186797.6575
1809691,IT,WM,PROCE,PFERT,0.51,74718.52,4,4,74718.515,0.0,0.0,0.0,0.005,146506.901961
1658141,IT,DE,ALUM1,COPP1,0.13,74711.877,4,4,74711.871,0.0,0.0,0.0,0.006,574706.746154
1786053,IT,ZA,CERAM,HEALT,0.12,74707.399,4,4,74707.395,0.0,0.0,0.0,0.004,622561.658333
1730276,IT,SE,SEACO,SALEM,0.08,74706.882,3,3,74706.882,0.0,0.0,0.0,0.0,933836.025
1780015,IT,TW,SALEM,CONST,0.6,74706.406,4,4,74706.401,0.0,0.0,0.0,0.005,124510.676667
1799467,IT,WE,PAPER,BRICK,0.29,74706.129,5,5,74705.122,0.0,1.0,0.0,0.007,257607.341379
1813869,IT,WM,LANDT,LIQUE,0.48,74694.56,4,4,74694.556,0.0,0.0,0.0,0.004,155613.666667
1789192,IT,WA,PLAST,NAPHT,0.16,74693.717,4,4,74693.709,0.0,0.0,0.0,0.008,466835.73125
1746495,IT,JP,CERAM,MEDIC,0.12,74691.174,4,4,74691.17,0.0,0.0,0.0,0.004,622426.45
1804259,IT,WF,MOTOR,BITUM,0.11,74690.969,4,4,74690.963,0.0,0.0,0.0,0.006,679008.809091
1806852,IT,WF,RETA1,POSTT,0.78,74690.908,4,4,74690.903,0.0,0.0,0.0,0.005,95757.574359
1648690,IT,BG,FOOD5,CATTL,0.36,74690.598,4,4,74690.591,0.0,0.0,0.0,0.007,207473.883333
1810031,IT,WM,TEXTI,TOBAC,0.44,74689.275,4,4,74689.265,0.0,0.0,0.0,0.01,169748.352273
1749188,IT,CN,PULP5,ELECT,0.23,74685.335,4,4,74685.328,0.0,0.0,0.0,0.007,324718.847826
1810778,IT,WM,KEROS,ANIMA,0.11,74684.719,4,4,74684.713,0.0,0.0,0.0,0.006,678951.990909
1738274,IT,GB,NONME,FABRI,0.15,74684.124,4,4,74684.116,0.0,0.0,0.0,0.008,497894.16
1718409,IT,PL,BEVER,REALE,0.32,74671.231,4,4,74671.226,0.0,0.0,0.0,0.005,233347.596875
1789794,IT,WA,GLASS,RESEA,0.2,74667.084,4,4,74667.08,0.0,0.0,0.0,0.004,373335.42
1742775,IT,US,FABRI,RADIO,0.3,74664.306,4,4,74664.301,0.0,0.0,0.0,0.005,248881.02
1686723,IT,HU,COPP1,COKE1,0.19,74658.459,4,4,74658.455,0.0,0.0,0.0,0.004,392939.257895
1809399,IT,WM,CHEMI,TOBAC,0.18,74657.254,5,5,74653.247,0.0,0.0,4.0,0.007,414762.522222
1741890,IT,US,CHEM1,KERO1,0.16,74646.928,4,4,74646.92,0.0,0.0,0.0,0.008,466543.3
1673905,IT,FR,MOTOR,POULT,0.11,74645.447,4,4,74645.441,0.0,0.0,0.0,0.006,678594.972727
1659582,IT,DE,HOTEL,WOODW,0.54,74645.054,4,4,74645.048,0.0,0.0,0.0,0.006,138231.581481
1773785,IT,CH,ELEC2,RAILW,0.02,74638.372,4,4,74638.364,0.0,0.0,0.0,0.008,3731918.6
1747203,IT,JP,CONST,RESEA,0.42,74628.401,4,4,74628.397,0.0,0.0,0.0,0.004,177686.669048
1746741,IT,JP,FABRI,RESEA,0.3,74625.123,4,4,74625.118,0.0,0.0,0.0,0.005,248750.41
1714917,IT,NL,BEVER,DISTR,0.32,74624.947,4,4,74624.942,0.0,0.0,0.0,0.005,233202.959375
1752687,IT,CA,WEARI,EDUCA,0.56,74623.519,4,4,74623.505,0.0,0.0,0.0,0.014,133256.283929
1766387,IT,RU,BASIC,PLAST,0.09,74620.445,4,4,74620.44,0.0,0.0,0.0,0.005,829116.055556
1812716,IT,WM,NONF1,SANDC,0.02,74618.721,3,3,74618.721,0.0,0.0,0.0,0.0,3730936.05
1796208,IT,WL,FURNI,OFFIC,0.24,74617.966,4,4,74617.96,0.0,0.0,0.0,0.006,310908.191667
1743975,IT,US,AIRTR,TOBAC,0.08,74617.853,4,4,74617.851,0.0,0.0,0.0,0.002,932723.1625
1812759,IT,WM,NONF1,HOTEL,0.02,74614.501,3,3,74614.501,0.0,0.0,0.0,0.0,3730725.05
1654924,IT,CZ,INSUR,GASDI,1.54,74602.196,4,4,74602.193,0.0,0.0,0.0,0.003,48442.984416
1754098,IT,CA,AIRTR,BASIC,0.08,74597.817,4,4,74597.815,0.0,0.0,0.0,0.002,932472.7125
1806497,IT,WF,TRANS,LANDT,0.45,74595.079,4,4,74595.075,0.0,0.0,0.0,0.004,165766.842222
1790405,IT,WA,LEAD1,CHARC,0.13,74593.683,4,4,74593.677,0.0,0.0,0.0,0.006,573797.561538
1774438,IT,CH,RAILW,RESEA,0.5,74592.818,5,5,74591.815,0.0,0.0,1.0,0.003,149185.636
1729097,IT,SE,RUBBE,FOODW,0.25,74585.698,4,4,74585.691,0.0,0.0,0.0,0.007,298342.792
1723490,IT,PT,ALUM1,RESEA,0.13,74576.019,4,4,74576.013,0.0,0.0,0.0,0.006,573661.684615
1667127,IT,ES,BASIC,TEXTI,0.09,74572.531,4,4,74572.526,0.0,0.0,0.0,0.005,828583.677778
1662755,IT,DK,OFFIC,POSTT,0.23,74570.987,4,4,74570.982,0.0,0.0,0.0,0.005,324221.682609
1762293,IT,IN,AIRTR,COLLE,0.08,74566.417,4,4,74566.415,0.0,0.0,0.0,0.002,932080.2125
1647079,IT,BE,HOTEL,WOODW,0.54,74564.79,4,4,74564.784,0.0,0.0,0.0,0.006,138082.944444
1653062,IT,CZ,PLAST,COMPU,0.16,74563.967,4,4,74563.959,0.0,0.0,0.0,0.008,466024.79375
1661483,IT,DK,FOOD5,FISHF,0.36,74556.472,4,4,74556.465,0.0,0.0,0.0,0.007,207101.311111
1655344,IT,DE,VEGET,COMPU,0.26,74555.059,4,4,74555.056,0.0,0.0,0.0,0.003,286750.226923
1804474,IT,WF,GASDI,PROCE,0.11,74550.128,4,4,74550.122,0.0,0.0,0.0,0.006,677728.436364
1761210,IT,IN,ADDIT,FABRI,0.17,74548.769,5,5,74547.763,0.0,1.0,0.0,0.006,438522.170588
1753607,IT,CA,MACHI,REALE,0.42,74538.638,4,4,74538.632,0.0,0.0,0.0,0.006,177472.947619
1738525,IT,GB,NONF1,RAILW,0.02,74537.733,3,3,74537.733,0.0,0.0,0.0,0.0,3726886.65
1788734,IT,WA,MOTOR,OFFIC,0.11,74532.788,4,4,74532.782,0.0,0.0,0.0,0.006,677570.8
1791032,IT,WA,TRANS,CROPS,0.44,74531.983,4,4,74531.979,0.0,0.0,0.0,0.004,169390.870455
1733443,IT,SI,CONST,WHOLE,0.42,74528.54,4,4,74528.536,0.0,0.0,0.0,0.004,177448.904762
1807383,IT,WF,FINAN,CONST,0.97,74524.607,4,4,74524.605,0.0,0.0,0.0,0.002,76829.491753
1759071,IT,BR,SEACO,WHOLE,0.08,74517.584,3,3,74517.584,0.0,0.0,0.0,0.0,931469.8
1796375,IT,WL,WHOLE,BEVER,0.64,74515.237,4,4,74515.233,0.0,0.0,0.0,0.004,116430.057812
1724137,IT,PT,RETA1,MOTO1,0.78,74508.368,4,4,74508.363,0.0,0.0,0.0,0.005,95523.548718
1750244,IT,CN,COPP1,GLASS,0.19,74499.928,4,4,74499.924,0.0,0.0,0.0,0.004,392104.884211
1687972,IT,HU,RENTI,BASIC,0.45,74494.665,4,4,74494.661,0.0,0.0,0.0,0.004,165543.7
1760486,IT,IN,TEXTI,ELECT,0.44,74494.343,4,4,74494.333,0.0,0.0,0.0,0.01,169305.325
1776287,IT,TR,PAPER,FISH5,0.29,74489.597,5,5,74488.59,0.0,1.0,0.0,0.007,256860.67931
1761791,IT,IN,MACHI,HOTEL,0.42,74489.267,4,4,74489.261,0.0,0.0,0.0,0.006,177355.397619
1794908,IT,WL,CHEM1,STONE,0.16,74483.599,4,4,74483.591,0.0,0.0,0.0,0.008,465522.49375
1685659,IT,HU,GASDI,RAILW,0.11,74483.042,4,4,74483.036,0.0,0.0,0.0,0.006,677118.563636
1750254,IT,CN,COPP1,NONF1,0.19,74481.538,4,4,74481.534,0.0,0.0,0.0,0.004,392008.094737
1679996,IT,GR,FABRI,HEALT,0.3,74477.153,4,4,74477.148,0.0,0.0,0.0,0.005,248257.176667
1677412,IT,FR,INSUR,ELEC3,1.53,74472.538,4,4,74472.535,0.0,0.0,0.0,0.003,48674.861438
1743136,IT,US,MOTO1,ELEC2,0.4,74471.213,4,4,74471.208,0.0,0.0,0.0,0.005,186178.0325
1781314,IT,NO,VEGE1,PLAST,0.23,74466.294,4,4,74466.278,0.0,0.0,0.0,0.016,323766.495652
1757377,IT,BR,LEATH,LEATH,0.53,74463.667,5,5,74462.654,0.0,1.0,0.0,0.013,140497.484906
1659013,IT,DE,ELEC2,NONME,0.02,74462.447,4,4,74462.439,0.0,0.0,0.0,0.008,3723122.35
1734740,IT,SK,LEATH,COMPU,0.53,74459.585,5,5,74458.572,0.0,1.0,0.0,0.013,140489.783019
1776145,IT,TR,LEATH,MACHI,0.53,74455.266,5,5,74454.253,0.0,1.0,0.0,0.013,140481.633962
1719932,IT,PL,PREC1,COPP1,0.13,74454.522,4,4,74454.519,0.0,0.0,0.0,0.003,572727.092308
1756125,IT,KR,FABRI,EDUCA,0.3,74451.3,4,4,74451.295,0.0,0.0,0.0,0.005,248171.0
1749148,IT,CN,WOODW,EDUCA,0.21,74446.048,4,4,74446.043,0.0,0.0,0.0,0.005,354504.990476
1723188,IT,PT,RUBBE,CERAM,0.25,74439.258,4,4,74439.251,0.0,0.0,0.0,0.007,297757.032
1796474,IT,WL,RETA1,MEATC,0.78,74430.254,4,4,74430.249,0.0,0.0,0.0,0.005,95423.402564
1770484,IT,AU,AIRTR,BASIC,0.08,74424.332,4,4,74424.33,0.0,0.0,0.0,0.002,930304.15
1801503,IT,WE,MOTO1,ELEC3,0.4,74424.11,4,4,74424.105,0.0,0.0,0.0,0.005,186060.275
1766535,IT,RU,COPP1,CHEM1,0.19,74421.156,4,4,74421.152,0.0,0.0,0.0,0.004,391690.294737
1782885,IT,NO,SEACO,PLAST,0.08,74420.986,3,3,74420.986,0.0,0.0,0.0,0.0,930262.325
1750220,IT,CN,LEAD1,MOTO1,0.13,74418.761,4,4,74418.755,0.0,0.0,0.0,0.006,572452.007692
1791402,IT,WA,WHOLE,CATTL,0.64,74414.213,4,4,74414.209,0.0,0.0,0.0,0.004,116272.207812
1725378,IT,RO,TEXTI,PRINT,0.44,74412.616,4,4,74412.606,0.0,0.0,0.0,0.01,169119.581818
1654239,IT,CZ,TRANS,FURNI,0.44,74407.738,4,4,74407.734,0.0,0.0,0.0,0.004,169108.495455
1814166,IT,WM,SUPPO,CRUDE,0.53,74406.673,4,4,74406.669,0.0,0.0,0.0,0.004,140389.949057
1656930,IT,DE,LIQUE,TEXTI,0.13,74402.035,4,4,74402.029,0.0,0.0,0.0,0.006,572323.346154
1660950,IT,DE,BUSIN,NUCLE,0.76,74401.326,4,4,74401.321,0.0,0.0,0.0,0.005,97896.481579
1662811,IT,DK,FURNI,PUBLI,0.24,74400.981,4,4,74400.975,0.0,0.0,0.0,0.006,310004.0875
1728685,IT,SE,PRINT,HEALT,0.71,74397.777,4,4,74397.771,0.0,0.0,0.0,0.006,104785.601408
1760457,IT,IN,FISH5,PROCE,0.31,74391.88,4,4,74391.842,0.0,0.0,0.0,0.038,239973.806452
1746196,IT,JP,CHEM1,PIGS9,0.16,74391.352,4,4,74391.344,0.0,0.0,0.0,0.008,464945.95
1777413,IT,TR,CEMEN,MEMBE,0.12,74390.977,4,4,74390.974,0.0,0.0,0.0,0.003,619924.808333
1669885,IT,ES,PUBLI,TRANS,1.22,74389.102,4,4,74389.097,0.0,0.0,0.0,0.005,60974.67377
1687023,IT,HU,OFFIC,WHOLE,0.23,74385.011,4,4,74385.006,0.0,0.0,0.0,0.005,323413.091304
1738017,IT,GB,RUBBE,WHEAT,0.25,74384.618,4,4,74384.611,0.0,0.0,0.0,0.007,297538.472
1758152,IT,BR,NONME,PLAST,0.15,74372.252,4,4,74372.244,0.0,0.0,0.0,0.008,495815.013333
1763895,IT,MX,BASIC,CROPS,0.09,74371.133,4,4,74371.128,0.0,0.0,0.0,0.005,826345.922222
1670542,IT,FI,TEXTI,WOODW,0.44,74358.173,4,4,74358.163,0.0,0.0,0.0,0.01,168995.847727
1713754,IT,MT,OFFIC,WHOLE,0.23,74356.482,4,4,74356.477,0.0,0.0,0.0,0.005,323289.052174
1788853,IT,WA,GASDI,MOTOR,0.11,74353.605,4,4,74353.599,0.0,0.0,0.0,0.006,675941.863636
1765932,IT,RU,PLAST,REALE,0.16,74351.391,4,4,74351.383,0.0,0.0,0.0,0.008,464696.19375
1757739,IT,BR,LUBRI,GASDI,0.09,74343.722,4,4,74343.718,0.0,0.0,0.0,0.004,826041.355556
1646184,IT,BE,ALUM1,CEMEN,0.13,74342.223,4,4,74342.217,0.0,0.0,0.0,0.006,571863.253846
1746290,IT,JP,CHEM1,AIRTR,0.16,74335.002,4,4,74334.994,0.0,0.0,0.0,0.008,464593.7625
1722748,IT,PT,PAPER,MEATP,0.29,74327.229,5,5,74326.222,0.0,1.0,0.0,0.007,256300.789655
1673918,IT,FR,MOTOR,FURNI,0.11,74322.019,4,4,74322.013,0.0,0.0,0.0,0.006,675654.718182
1715636,IT,NL,NAPHT,NONSP,0.13,74321.998,4,4,74321.993,0.0,0.0,0.0,0.005,571707.676923
1743489,IT,US,WHOLE,BUSIN,0.64,74321.053,4,4,74321.049,0.0,0.0,0.0,0.004,116126.645312
1687498,IT,HU,LANDT,MEATP,0.48,74320.179,4,4,74320.175,0.0,0.0,0.0,0.004,154833.70625
1779544,IT,TR,COMPU,MEAT1,0.85,74320.175,4,4,74320.17,0.0,0.0,0.0,0.005,87435.5
1726093,IT,RO,RUBBE,GLASS,0.25,74316.628,4,4,74316.621,0.0,0.0,0.0,0.007,297266.512
1710594,IT,LU,VEGET,FOOD5,0.26,74314.428,4,4,74314.425,0.0,0.0,0.0,0.003,285824.723077
1667349,IT,ES,LEAD1,ELECT,0.13,74313.84,4,4,74313.834,0.0,0.0,0.0,0.006,571644.923077
1661602,IT,DK,BEVER,EDUCA,0.32,74294.88,4,4,74294.875,0.0,0.0,0.0,0.005,232171.5
1809826,IT,WM,FOOD5,RETAI,0.36,74275.386,4,4,74275.379,0.0,0.0,0.0,0.007,206320.516667
1659588,IT,DE,HOTEL,GASDI,0.54,74273.311,4,4,74273.305,0.0,0.0,0.0,0.006,137543.168519
1685377,IT,HU,LEATH,BASIC,0.53,74267.93,5,5,74266.917,0.0,1.0,0.0,0.013,140128.169811
1740237,IT,GB,BUSIN,RADIO,0.76,74266.609,4,4,74266.604,0.0,0.0,0.0,0.005,97719.222368
1656114,IT,DE,FISH5,MEATP,0.31,74260.549,4,4,74260.511,0.0,0.0,0.0,0.038,239550.158065
1744717,IT,US,COMPU,EDUCA,0.85,74258.97,4,4,74258.965,0.0,0.0,0.0,0.005,87363.494118
1668042,IT,ES,FURNI,FURNI,0.24,74254.565,4,4,74254.559,0.0,0.0,0.0,0.006,309394.020833
1792050,IT,WA,AIRTR,LEATH,0.08,74243.055,4,4,74243.053,0.0,0.0,0.0,0.002,928038.1875
1689764,IT,IE,FINAN,RECRE,0.97,74239.129,4,4,74239.127,0.0,0.0,0.0,0.002,76535.184536
1759147,IT,BR,AIRTR,DISTR,0.08,74232.146,4,4,74232.144,0.0,0.0,0.0,0.002,927901.825
1719911,IT,PL,PREC1,NAPHT,0.13,74227.565,4,4,74227.562,0.0,0.0,0.0,0.003,570981.269231
1642004,IT,AT,RUBBE,DISTR,0.25,74220.699,4,4,74220.692,0.0,0.0,0.0,0.007,296882.796
1781260,IT,NO,CHEMI,NATUR,0.18,74218.963,5,5,74214.956,0.0,0.0,4.0,0.007,412327.572222
1801102,IT,WE,COPP1,RECRE,0.19,74215.341,4,4,74215.337,0.0,0.0,0.0,0.004,390607.057895
1673230,IT,FR,FISH5,SUGA1,0.31,74208.604,4,4,74208.566,0.0,0.0,0.0,0.038,239382.593548
1661677,IT,DK,TEXTI,PUBLI,0.44,74205.275,4,4,74205.265,0.0,0.0,0.0,0.01,168648.352273
1744779,IT,US,RESEA,GLASS,0.4,74205.219,4,4,74205.214,0.0,0.0,0.0,0.005,185513.0475
1645516,IT,BE,PLAST,BASIC,0.16,74198.223,4,4,74198.215,0.0,0.0,0.0,0.008,463738.89375
1734810,IT,SK,PULP5,PLAST,0.23,74196.472,4,4,74196.465,0.0,0.0,0.0,0.007,322593.356522
1737808,IT,GB,NAPHT,BUSIN,0.13,74177.564,4,4,74177.559,0.0,0.0,0.0,0.005,570596.646154
1640478,IT,AT,DAIRY,WHOLE,0.3,74177.326,5,5,74176.321,0.0,1.0,0.0,0.005,247257.753333
1773871,IT,CH,ELEC7,WOODW,0.05,74176.858,3,3,74176.858,0.0,0.0,0.0,0.0,1483537.16
1771509,IT,CH,FISH5,TEXTI,0.31,74173.553,4,4,74173.515,0.0,0.0,0.0,0.038,239269.525806
1660349,IT,DE,FINAN,MOTOR,0.97,74171.572,4,4,74171.57,0.0,0.0,0.0,0.002,76465.538144
1660266,IT,DE,POSTT,FURNI,1.22,74171.287,4,4,74171.281,0.0,0.0,0.0,0.006,60796.136885
1756225,IT,KR,MACHI,COLLE,0.41,74168.801,4,4,74168.795,0.0,0.0,0.0,0.006,180899.514634
1748370,IT,CN,OILSE,WHOLE,0.05,74166.995,5,5,74165.992,0.0,1.0,0.0,0.003,1483339.9
1674911,IT,FR,BASIC,DAIRY,0.09,74166.381,4,4,74166.376,0.0,0.0,0.0,0.005,824070.9
1735085,IT,SK,CHEM1,BASIC,0.15,74162.963,4,4,74162.955,0.0,0.0,0.0,0.008,494419.753333
1669280,IT,ES,FINAN,PAPER,0.97,74159.134,4,4,74159.132,0.0,0.0,0.0,0.002,76452.715464
1737845,IT,GB,PLAST,LEATH,0.16,74156.672,4,4,74156.664,0.0,0.0,0.0,0.008,463479.2
1756096,IT,KR,FABRI,ELEC2,0.3,74155.112,4,4,74155.107,0.0,0.0,0.0,0.005,247183.706667
1743703,IT,US,RAILW,LANDT,0.5,74147.269,5,5,74146.266,0.0,0.0,1.0,0.003,148294.538
1773468,IT,CH,OFFIC,TRAN2,0.23,74145.268,4,4,74145.263,0.0,0.0,0.0,0.005,322370.730435
1688636,IT,IE,PLAST,MOTO1,0.16,74144.914,4,4,74144.906,0.0,0.0,0.0,0.008,463405.7125
1761193,IT,IN,ADDIT,LIQUE,0.17,74144.691,5,5,74143.685,0.0,1.0,0.0,0.006,436145.241176
1650882,IT,BG,LANDT,HEALT,0.48,74144.331,4,4,74144.327,0.0,0.0,0.0,0.004,154467.35625
1783623,IT,NO,FOOD3,BASIC,0.21,74144.057,4,4,74144.053,0.0,0.0,0.0,0.004,353066.938095
1733349,IT,SI,TRANS,FABRI,0.44,74138.849,4,4,74138.845,0.0,0.0,0.0,0.004,168497.384091
1717351,IT,NL,FINAN,DISTR,0.97,74137.46,4,4,74137.458,0.0,0.0,0.0,0.002,76430.371134
1805847,IT,WF,ALUM1,CHEMI,0.13,74136.473,4,4,74136.467,0.0,0.0,0.0,0.006,570280.561538
1742856,IT,US,MACHI,LIGNI,0.41,74134.368,4,4,74134.362,0.0,0.0,0.0,0.006,180815.531707
1681827,IT,HR,VEGE1,RAWMI,0.23,74134.079,4,4,74134.063,0.0,0.0,0.0,0.016,322322.082609
1655575,IT,DE,SANDC,WOODW,0.17,74133.821,5,5,74117.818,0.0,0.0,16.0,0.003,436081.3
1753384,IT,CA,ALUM1,CONST,0.13,74131.131,4,4,74131.125,0.0,0.0,0.0,0.006,570239.469231
1652375,IT,CZ,TEXTI,SANDC,0.44,74130.296,4,4,74130.286,0.0,0.0,0.0,0.01,168477.945455
1665261,IT,ES,BEVER,LEATH,0.32,74128.118,4,4,74128.113,0.0,0.0,0.0,0.005,231650.36875
1649350,IT,BG,PLAST,DIST1,0.16,74127.813,4,4,74127.805,0.0,0.0,0.0,0.008,463298.83125
1709605,IT,LT,PAPER,MACHI,0.29,74126.199,5,5,74125.192,0.0,1.0,0.0,0.007,255607.582759
1780019,IT,TW,SALEM,LANDT,0.6,74118.886,4,4,74118.881,0.0,0.0,0.0,0.005,123531.476667
1726250,IT,RO,BASIC,CROPS,0.09,74117.344,4,4,74117.339,0.0,0.0,0.0,0.005,823526.044444
1804981,IT,WF,PLAST,URANI,0.16,74116.749,4,4,74116.741,0.0,0.0,0.0,0.008,463229.68125
1730816,IT,SE,BUSIN,SEACO,0.76,74116.151,4,4,74116.146,0.0,0.0,0.0,0.005,97521.251316
1715900,IT,NL,RUBBE,93197,0.25,74114.182,4,4,74114.175,0.0,0.0,0.0,0.007,296456.728
1646447,IT,BE,MACHI,WOODW,0.41,74102.858,4,4,74102.852,0.0,0.0,0.0,0.006,180738.678049
1743787,IT,US,LANDT,ELECT,0.48,74091.271,4,4,74091.267,0.0,0.0,0.0,0.004,154356.814583
1802342,IT,WE,SEACO,CRUDE,0.08,74088.954,3,3,74088.954,0.0,0.0,0.0,0.0,926111.925
1773058,IT,CH,ALUM1,CONST,0.13,74085.647,4,4,74085.641,0.0,0.0,0.0,0.006,569889.592308
1718321,IT,PL,FOOD5,BUSIN,0.36,74085.423,4,4,74085.416,0.0,0.0,0.0,0.007,205792.841667
1749122,IT,CN,WOODW,ELECT,0.21,74079.902,4,4,74079.897,0.0,0.0,0.0,0.005,352761.438095
1736523,IT,SK,AIRTR,BUSIN,0.08,74077.331,4,4,74077.329,0.0,0.0,0.0,0.002,925966.6375
1719746,IT,PL,BASIC,WHEAT,0.09,74075.009,4,4,74075.004,0.0,0.0,0.0,0.005,823055.655556
1667948,IT,ES,MOTO1,INERT,0.39,74071.037,4,4,74071.032,0.0,0.0,0.0,0.005,189925.735897
1798840,IT,WE,FOOD5,INSUR,0.36,74068.779,4,4,74068.772,0.0,0.0,0.0,0.007,205746.608333
1742663,IT,US,COPP1,REALE,0.19,74067.815,4,4,74067.811,0.0,0.0,0.0,0.004,389830.605263
1719602,IT,PL,CERAM,BIODI,0.12,74062.417,4,4,74062.413,0.0,0.0,0.0,0.004,617186.808333
1737358,IT,GB,BEVER,RESEA,0.31,74060.465,4,4,74060.46,0.0,0.0,0.0,0.005,238904.725806
1767535,IT,RU,AIRTR,RUBBE,0.08,74051.57,4,4,74051.568,0.0,0.0,0.0,0.002,925644.625
1641547,IT,AT,HEAVY,ELEC6,0.12,74050.51,4,4,74050.504,0.0,0.0,0.0,0.006,617087.583333
1745034,IT,US,PUBLI,PFERT,1.21,74046.43,4,4,74046.425,0.0,0.0,0.0,0.005,61195.396694
1681541,IT,GR,BUSIN,ALUM1,0.76,74040.699,4,4,74040.694,0.0,0.0,0.0,0.005,97421.972368
1672465,IT,FI,OILHA,NICKE,0.42,74038.045,4,4,74038.041,0.0,0.0,0.0,0.004,176281.059524
1728166,IT,SE,DAIRY,PUBLI,0.3,74035.981,5,5,74034.976,0.0,1.0,0.0,0.005,246786.603333
1791480,IT,WA,WHOLE,POSTT,0.64,74024.357,4,4,74024.353,0.0,0.0,0.0,0.004,115663.057812
1803146,IT,WF,VEGET,WHOLE,0.26,74023.435,4,4,74023.432,0.0,0.0,0.0,0.003,284705.519231
1710626,IT,LU,MEATC,RETA1,0.25,74018.513,5,5,74017.508,0.0,1.0,0.0,0.005,296074.052
1659759,IT,DE,LANDT,VEGET,0.48,74015.203,4,4,74015.2,0.0,0.0,0.0,0.003,154198.339583
1811275,IT,WM,BITU1,LEATH,0.12,74014.777,4,4,74014.771,0.0,0.0,0.0,0.006,616789.808333
1674093,IT,FR,HEAVY,PIGS9,0.12,74014.486,4,4,74014.48,0.0,0.0,0.0,0.006,616787.383333
1721452,IT,PL,AIRTR,FURNI,0.08,74014.005,4,4,74014.003,0.0,0.0,0.0,0.002,925175.0625
1660034,IT,DE,AIRTR,SANDC,0.08,74013.153,4,4,74013.151,0.0,0.0,0.0,0.002,925164.4125
1742105,IT,US,RUBBE,RADIO,0.25,74012.156,4,4,74012.149,0.0,0.0,0.0,0.007,296048.624
1777483,IT,TR,BASIC,KEROS,0.09,74010.623,4,4,74010.618,0.0,0.0,0.0,0.005,822340.255556
1794613,IT,WL,HEAVY,INSUR,0.12,74007.145,4,4,74007.139,0.0,0.0,0.0,0.006,616726.208333
1783643,IT,NO,FOOD3,FOODW,0.21,74006.193,4,4,74006.189,0.0,0.0,0.0,0.004,352410.442857
1715385,IT,NL,PRINT,SUPPO,0.71,74002.934,4,4,74002.928,0.0,0.0,0.0,0.006,104229.484507
1745236,IT,JP,STONE,REALE,0.24,74002.396,5,5,73998.393,0.0,0.0,4.0,0.003,308343.316667
1673956,IT,FR,KEROS,WHEAT,0.11,73999.976,4,4,73999.97,0.0,0.0,0.0,0.006,672727.054545
1673983,IT,FR,KEROS,CONST,0.11,73994.586,4,4,73994.58,0.0,0.0,0.0,0.006,672678.054545
1680068,IT,GR,MACHI,COLLE,0.41,73989.273,4,4,73989.267,0.0,0.0,0.0,0.006,180461.641463
1736861,IT,SK,BUSIN,RUBBE,0.76,73987.28,4,4,73987.275,0.0,0.0,0.0,0.005,97351.684211
1665708,IT,ES,PAPER,SUGA1,0.29,73983.354,5,5,73982.347,0.0,1.0,0.0,0.007,255115.013793
1664904,IT,ES,CRUDE,LUBRI,0.15,73983.135,4,4,73983.129,0.0,0.0,0.0,0.006,493220.9
1804927,IT,WF,BITU1,HEALT,0.12,73977.988,4,4,73977.982,0.0,0.0,0.0,0.006,616483.233333
1805874,IT,WF,ALUM1,CHARC,0.13,73975.9,4,4,73975.894,0.0,0.0,0.0,0.006,569045.384615
1716361,IT,NL,MACHI,VEGET,0.41,73974.832,4,4,73974.826,0.0,0.0,0.0,0.006,180426.419512
1799801,IT,WE,GASDI,CROPS,0.11,73969.903,4,4,73969.897,0.0,0.0,0.0,0.006,672453.663636
1731446,IT,SI,FOOD5,RECRE,0.36,73966.411,4,4,73966.404,0.0,0.0,0.0,0.007,205462.252778
1753016,IT,CA,CHEM1,CEMEN,0.15,73964.665,4,4,73964.657,0.0,0.0,0.0,0.008,493097.766667
1733101,IT,SI,FABRI,BEVER,0.3,73963.873,4,4,73963.868,0.0,0.0,0.0,0.005,246546.243333
1761839,IT,IN,MOTO1,TRANS,0.39,73963.299,4,4,73963.294,0.0,0.0,0.0,0.005,189649.484615
1711055,IT,LU,BASIC,BUSIN,0.09,73959.006,4,4,73959.001,0.0,0.0,0.0,0.005,821766.733333
1641882,IT,AT,BIODI,PRINT,0.15,73955.281,4,4,73955.273,0.0,0.0,0.0,0.008,493035.206667
1792179,IT,WA,SUPPO,CONST,0.53,73952.896,4,4,73952.892,0.0,0.0,0.0,0.004,139533.766038
1752125,IT,CN,BUSIN,ELEC3,0.76,73949.2,4,4,73949.195,0.0,0.0,0.0,0.005,97301.578947
1738352,IT,GB,BASIC,PLAS2,0.09,73948.607,4,4,73948.602,0.0,0.0,0.0,0.005,821651.188889
1716795,IT,NL,RETA1,REALE,0.77,73943.279,4,4,73943.274,0.0,0.0,0.0,0.005,96030.232468
1776243,IT,TR,PULP5,TEXTI,0.23,73941.226,4,4,73941.219,0.0,0.0,0.0,0.007,321483.591304
1782807,IT,NO,HOTEL,RETAI,0.54,73936.879,4,4,73936.873,0.0,0.0,0.0,0.006,136920.146296
1664020,IT,EE,KEROS,PUBLI,0.11,73935.466,4,4,73935.46,0.0,0.0,0.0,0.006,672140.6
1773391,IT,CH,MACHI,FOOD2,0.41,73934.388,4,4,73934.382,0.0,0.0,0.0,0.006,180327.77561
1720838,IT,PL,FURNI,CONST,0.24,73926.444,4,4,73926.438,0.0,0.0,0.0,0.006,308026.85
1642610,IT,AT,FABRI,PRINT,0.3,73924.816,4,4,73924.811,0.0,0.0,0.0,0.005,246416.053333
1778202,IT,TR,FURNI,CERAM,0.24,73920.572,4,4,73920.566,0.0,0.0,0.0,0.006,308002.383333
1759322,IT,BR,POSTT,RECRE,1.22,73916.217,4,4,73916.211,0.0,0.0,0.0,0.006,60587.063115
1662210,IT,DK,GLASS,FISH5,0.2,73913.342,4,4,73913.338,0.0,0.0,0.0,0.004,369566.71
1766205,IT,RU,GLASS,PFERT,0.2,73912.72,4,4,73912.716,0.0,0.0,0.0,0.004,369563.6
1766670,IT,RU,FABRI,DISTR,0.3,73910.393,4,4,73910.388,0.0,0.0,0.0,0.005,246367.976667
1738379,IT,GB,PREC1,ALUM1,0.13,73909.637,4,4,73909.634,0.0,0.0,0.0,0.003,568535.669231
1751192,IT,CN,HOTEL,GASDI,0.54,73908.659,4,4,73908.653,0.0,0.0,0.0,0.006,136867.887037
1784709,IT,ID,FURNI,ELEC1,0.24,73908.481,4,4,73908.475,0.0,0.0,0.0,0.006,307952.004167
1644963,IT,BE,WOODW,FABRI,0.21,73906.312,4,4,73906.307,0.0,0.0,0.0,0.005,351934.819048
1663265,IT,DK,SEACO,ELECT,0.08,73904.326,3,3,73904.326,0.0,0.0,0.0,0.0,923804.075
1675229,IT,FR,FABRI,LEATH,0.3,73904.267,4,4,73904.262,0.0,0.0,0.0,0.005,246347.556667
1791073,IT,WA,TRANS,KEROS,0.44,73904.177,4,4,73904.173,0.0,0.0,0.0,0.004,167964.038636
1712192,IT,LV,WOODW,REALE,0.21,73903.156,4,4,73903.151,0.0,0.0,0.0,0.005,351919.790476
1740151,IT,GB,COMPU,FINAN,0.84,73902.932,4,4,73902.927,0.0,0.0,0.0,0.005,87979.680952
1762961,IT,MX,VEGE1,HEALT,0.23,73898.275,4,4,73898.259,0.0,0.0,0.0,0.016,321296.847826
1721368,IT,PL,SEACO,FISH5,0.08,73896.939,3,3,73896.939,0.0,0.0,0.0,0.0,923711.7375
1679404,IT,GR,NFERT,VEGET,0.02,73896.912,4,4,73896.906,0.0,0.0,0.0,0.006,3694845.6
1765262,IT,RU,VEGE1,RAWMI,0.23,73887.22,4,4,73887.204,0.0,0.0,0.0,0.016,321248.782609
1742708,IT,US,FABRI,PLANT,0.3,73884.703,4,4,73884.698,0.0,0.0,0.0,0.005,246282.343333
1760724,IT,IN,PAPER,SUPPO,0.29,73884.687,5,5,73883.68,0.0,1.0,0.0,0.007,254774.782759
1767469,IT,RU,SEACO,NATUR,0.08,73881.843,3,3,73881.843,0.0,0.0,0.0,0.0,923523.0375
1720676,IT,PL,MOTO1,RAILW,0.39,73875.789,4,4,73875.784,0.0,0.0,0.0,0.005,189425.1
1763981,IT,MX,ALUM1,WEARI,0.13,73870.767,4,4,73870.761,0.0,0.0,0.0,0.006,568236.669231
1789300,IT,WA,PFERT,CHEM1,0.03,73869.645,4,4,73869.633,0.0,0.0,0.0,0.012,2462321.5
1788839,IT,WA,GASDI,NATUR,0.11,73869.607,4,4,73869.601,0.0,0.0,0.0,0.006,671541.881818
1793587,IT,WL,VEGE1,MEAT4,0.23,73864.453,4,4,73864.437,0.0,0.0,0.0,0.016,321149.795652
1735660,IT,SK,FABRI,IRONO,0.3,73863.964,4,4,73863.959,0.0,0.0,0.0,0.005,246213.213333
1751086,IT,CN,RETA1,FISH5,0.77,73862.979,4,4,73862.974,0.0,0.0,0.0,0.005,95925.946753
1671324,IT,FI,ALUM1,ELECT,0.13,73862.702,4,4,73862.696,0.0,0.0,0.0,0.006,568174.630769
1788826,IT,WA,GASDI,CEREA,0.11,73862.623,4,4,73862.617,0.0,0.0,0.0,0.006,671478.390909
1742255,IT,US,CERAM,INSUR,0.12,73859.326,4,4,73859.322,0.0,0.0,0.0,0.004,615494.383333
1656163,IT,DE,TEXTI,FISHF,0.44,73850.103,4,4,73850.093,0.0,0.0,0.0,0.01,167841.143182
1656961,IT,DE,LIQUE,FURNI,0.13,73848.997,4,4,73848.991,0.0,0.0,0.0,0.006,568069.207692
1715954,IT,NL,CERAM,SANDC,0.12,73848.932,4,4,73848.928,0.0,0.0,0.0,0.004,615407.766667
1767088,IT,RU,FURNI,ELECT,0.24,73848.848,4,4,73848.842,0.0,0.0,0.0,0.006,307703.533333
1675879,IT,FR,ELEC2,PAPER,0.02,73846.46,4,4,73846.452,0.0,0.0,0.0,0.008,3692323.0
1674783,IT,FR,CERAM,WASTE,0.12,73845.393,4,4,73845.389,0.0,0.0,0.0,0.004,615378.275
1760985,IT,IN,NAPHT,ELEC8,0.13,73831.506,4,4,73831.501,0.0,0.0,0.0,0.005,567934.661538
1720716,IT,PL,TRANS,ANIMA,0.44,73830.407,4,4,73830.403,0.0,0.0,0.0,0.004,167796.379545
1755098,IT,KR,LEATH,FOOD5,0.53,73829.796,5,5,73828.783,0.0,1.0,0.0,0.013,139301.501887
1746144,IT,JP,PLAST,FOOD5,0.15,73826.446,4,4,73826.438,0.0,0.0,0.0,0.008,492176.306667
1806114,IT,WF,FABRI,LEATH,0.3,73826.021,4,4,73826.016,0.0,0.0,0.0,0.005,246086.736667
1650746,IT,BG,HOTEL,LANDT,0.54,73817.653,4,4,73817.647,0.0,0.0,0.0,0.006,136699.357407
1661807,IT,DK,WOODW,FABRI,0.21,73809.004,4,4,73808.999,0.0,0.0,0.0,0.005,351471.447619
1652741,IT,CZ,PAPER,FURNI,0.29,73808.538,5,5,73807.531,0.0,1.0,0.0,0.007,254512.2
1653641,IT,CZ,ALUM1,GLASS,0.13,73806.351,4,4,73806.345,0.0,0.0,0.0,0.006,567741.161538
1785958,IT,ZA,RUBBE,FABRI,0.24,73806.252,4,4,73806.245,0.0,0.0,0.0,0.007,307526.05
1684101,IT,HR,HOTEL,HEALT,0.53,73801.862,4,4,73801.856,0.0,0.0,0.0,0.006,139248.796226
1735966,IT,SK,MOTO1,HOTEL,0.39,73800.993,4,4,73800.988,0.0,0.0,0.0,0.005,189233.315385
1735548,IT,SK,ALUM1,CEMEN,0.13,73788.303,4,4,73788.297,0.0,0.0,0.0,0.006,567602.330769
1730662,IT,SE,RENTI,COMPU,0.44,73781.658,4,4,73781.654,0.0,0.0,0.0,0.004,167685.586364
1755423,IT,KR,HEAVY,NAPHT,0.12,73780.891,4,4,73780.885,0.0,0.0,0.0,0.006,614840.758333
1806112,IT,WF,FABRI,TEXTI,0.3,73776.229,4,4,73776.224,0.0,0.0,0.0,0.005,245920.763333
1753689,IT,CA,MOTO1,SUPPO,0.39,73773.418,4,4,73773.413,0.0,0.0,0.0,0.005,189162.610256
1719193,IT,PL,PLAST,COMPU,0.15,73766.542,4,4,73766.534,0.0,0.0,0.0,0.008,491776.946667
1663849,IT,EE,TEXTI,FURNI,0.44,73759.568,4,4,73759.558,0.0,0.0,0.0,0.01,167635.381818
1761897,IT,IN,FURNI,BITUM,0.24,73758.764,4,4,73758.758,0.0,0.0,0.0,0.006,307328.183333
1769080,IT,AU,PLAST,CEMEN,0.15,73757.93,4,4,73757.922,0.0,0.0,0.0,0.008,491719.533333
1662253,IT,DK,CERAM,CERAM,0.11,73755.118,4,4,73755.114,0.0,0.0,0.0,0.004,670501.072727
1674248,IT,FR,LUBRI,LANDT,0.09,73748.595,4,4,73748.591,0.0,0.0,0.0,0.004,819428.833333
1649020,IT,BG,WOODW,RUBBE,0.21,73739.122,4,4,73739.117,0.0,0.0,0.0,0.005,351138.67619
1804958,IT,WF,NUCLE,HEALT,0.15,73737.022,4,4,73737.017,0.0,0.0,0.0,0.005,491580.146667
1800742,IT,WE,NONME,PAPER,0.15,73729.54,4,4,73729.532,0.0,0.0,0.0,0.008,491530.266667
1642567,IT,AT,NONF1,FURNI,0.02,73727.291,3,3,73727.291,0.0,0.0,0.0,0.0,3686364.55
1748078,IT,JP,BUSIN,RETAI,0.76,73720.17,4,4,73720.165,0.0,0.0,0.0,0.005,97000.223684
1684962,IT,HU,MEAT4,FOOD5,0.41,73719.911,4,4,73719.906,0.0,0.0,0.0,0.005,179804.660976
1711225,IT,LU,MACHI,WHOLE,0.41,73717.541,4,4,73717.535,0.0,0.0,0.0,0.006,179798.880488
1793729,IT,WL,BEVER,RAWMI,0.31,73716.897,4,4,73716.892,0.0,0.0,0.0,0.005,237796.441935
1776881,IT,TR,PLAST,COPPE,0.15,73713.898,4,4,73713.891,0.0,0.0,0.0,0.007,491425.986667
1785831,IT,ZA,CHEM1,MACHI,0.15,73713.693,4,4,73713.685,0.0,0.0,0.0,0.008,491424.62
1771753,IT,CH,LEATH,MOTO1,0.53,73713.073,5,5,73712.06,0.0,1.0,0.0,0.013,139081.269811
1727786,IT,RO,BUSIN,PAPER,0.76,73709.65,4,4,73709.645,0.0,0.0,0.0,0.005,96986.381579
1760356,IT,IN,CHEMI,CERAM,0.18,73709.626,5,5,73705.619,0.0,0.0,4.0,0.007,409497.922222
1726046,IT,RO,ADDIT,KEROS,0.17,73705.291,5,5,73704.285,0.0,1.0,0.0,0.006,433560.535294
1689446,IT,IE,HOTEL,TRANS,0.53,73700.787,4,4,73700.781,0.0,0.0,0.0,0.006,139058.088679
1792199,IT,WA,SUPPO,PUBLI,0.53,73698.478,4,4,73698.474,0.0,0.0,0.0,0.004,139053.732075
1652001,IT,CZ,VEGET,VEGE1,0.26,73697.974,4,4,73697.971,0.0,0.0,0.0,0.003,283453.746154
1735262,IT,SK,GLASS,WEARI,0.2,73697.218,4,4,73697.214,0.0,0.0,0.0,0.004,368486.09
1683053,IT,HR,CHEM1,93197,0.15,73694.234,4,4,73694.226,0.0,0.0,0.0,0.008,491294.893333
1683626,IT,HR,FABRI,TEXTI,0.3,73693.785,4,4,73693.78,0.0,0.0,0.0,0.005,245645.95
1767287,IT,RU,HOTEL,MEDIC,0.53,73691.727,4,4,73691.721,0.0,0.0,0.0,0.006,139040.99434
1710759,IT,LU,FISH5,RENTI,0.31,73686.966,4,4,73686.928,0.0,0.0,0.0,0.038,237699.890323
1642006,IT,AT,RUBBE,DIST1,0.24,73685.447,4,4,73685.44,0.0,0.0,0.0,0.007,307022.695833
1661861,IT,DK,PAPER,ELECT,0.29,73684.982,5,5,73683.975,0.0,1.0,0.0,0.007,254086.144828
1661940,IT,DK,MOTOR,LANDT,0.11,73683.048,4,4,73683.042,0.0,0.0,0.0,0.006,669845.890909
1743582,IT,US,HOTEL,PAPER,0.53,73680.532,4,4,73680.526,0.0,0.0,0.0,0.006,139019.871698
1720621,IT,PL,MOTO1,BEVER,0.39,73679.369,4,4,73679.364,0.0,0.0,0.0,0.005,188921.458974
1806208,IT,WF,MACHI,NICKE,0.41,73674.808,4,4,73674.802,0.0,0.0,0.0,0.006,179694.653659
1653675,IT,CZ,ALUM1,REALE,0.13,73674.154,4,4,73674.148,0.0,0.0,0.0,0.006,566724.261538
1774289,IT,CH,HOTEL,RAWMI,0.53,73674.119,4,4,73674.113,0.0,0.0,0.0,0.006,139007.771698
1745990,IT,JP,PULP5,PAPER,0.22,73672.972,4,4,73672.965,0.0,0.0,0.0,0.007,334877.145455
1776442,IT,TR,MOTOR,COPPE,0.11,73670.292,4,4,73670.286,0.0,0.0,0.0,0.006,669729.927273
1647845,IT,BE,AUXIL,SUPPO,1.35,73669.983,4,4,73669.979,0.0,0.0,0.0,0.004,54570.357778
1652261,IT,CZ,FOOD5,RETA1,0.35,73660.721,4,4,73660.714,0.0,0.0,0.0,0.007,210459.202857
1767374,IT,RU,LANDT,RAWMI,0.48,73659.952,4,4,73659.949,0.0,0.0,0.0,0.003,153458.233333
1668750,IT,ES,LANDT,MEDIC,0.48,73659.525,4,4,73659.522,0.0,0.0,0.0,0.003,153457.34375
1690364,IT,IE,WASTE,MEAT4,0.23,73654.891,4,4,73654.887,0.0,0.0,0.0,0.004,320238.656522
1738649,IT,GB,MACHI,MEATC,0.41,73654.009,4,4,73654.003,0.0,0.0,0.0,0.006,179643.92439
1749594,IT,CN,PFERT,MEATA,0.03,73649.899,4,4,73649.887,0.0,0.0,0.0,0.012,2454996.633333
1758013,IT,BR,RUBBE,CERAM,0.24,73648.555,4,4,73648.548,0.0,0.0,0.0,0.007,306868.979167
1668321,IT,ES,WHOLE,WHOLE,0.64,73645.911,4,4,73645.907,0.0,0.0,0.0,0.004,115071.735937
1776565,IT,TR,GASDI,WHEAT,0.11,73636.307,4,4,73636.301,0.0,0.0,0.0,0.006,669420.972727
1714536,IT,NL,CRUDE,CEMEN,0.15,73635.949,4,4,73635.943,0.0,0.0,0.0,0.006,490906.326667
1683052,IT,HR,CHEM1,RECRE,0.15,73635.527,4,4,73635.519,0.0,0.0,0.0,0.008,490903.513333
1666046,IT,ES,KEROS,COMPU,0.11,73634.914,4,4,73634.908,0.0,0.0,0.0,0.006,669408.309091
1722823,IT,PT,PAPER,RENTI,0.29,73634.654,5,5,73633.647,0.0,1.0,0.0,0.007,253912.6
1659426,IT,DE,WHOLE,ELEC1,0.64,73625.33,4,4,73625.326,0.0,0.0,0.0,0.004,115039.578125
1804512,IT,WF,GASDI,OFFIC,0.11,73622.732,4,4,73622.726,0.0,0.0,0.0,0.006,669297.563636
1767144,IT,RU,CONST,PUBLI,0.41,73618.776,4,4,73618.772,0.0,0.0,0.0,0.004,179557.990244
1740057,IT,GB,RENTI,HOTEL,0.44,73605.213,4,4,73605.209,0.0,0.0,0.0,0.004,167284.575
1641088,IT,AT,PAPER,BRICK,0.29,73603.468,5,5,73602.461,0.0,1.0,0.0,0.007,253805.062069
1762184,IT,IN,SEACO,PADDY,0.07,73601.938,3,3,73601.938,0.0,0.0,0.0,0.0,1051456.257143
1710085,IT,LT,FABRI,MACHI,0.3,73592.214,4,4,73592.209,0.0,0.0,0.0,0.005,245307.38
1667072,IT,ES,NONME,TRANS,0.15,73574.952,4,4,73574.944,0.0,0.0,0.0,0.008,490499.68
1714098,IT,MT,SEACO,OFFIC,0.07,73573.863,3,3,73573.863,0.0,0.0,0.0,0.0,1051055.185714
1729453,IT,SE,PREC1,FABRI,0.12,73569.826,4,4,73569.823,0.0,0.0,0.0,0.003,613081.883333
1683845,IT,HR,MOTO1,MACHI,0.39,73568.073,4,4,73568.068,0.0,0.0,0.0,0.005,188636.084615
1768953,IT,AU,PAPER,PFERT,0.29,73566.353,5,5,73565.346,0.0,1.0,0.0,0.007,253677.07931
1752944,IT,CA,PLAST,BIODI,0.15,73563.29,4,4,73563.283,0.0,0.0,0.0,0.007,490421.933333
1650085,IT,BG,MACHI,REALE,0.41,73555.136,4,4,73555.13,0.0,0.0,0.0,0.006,179402.770732
1751918,IT,CN,COMPU,ELECT,0.84,73536.076,4,4,73536.071,0.0,0.0,0.0,0.005,87542.947619
1644523,IT,BE,DAIRY,REALE,0.3,73527.092,5,5,73526.087,0.0,1.0,0.0,0.005,245090.306667
1740697,IT,US,CHEMI,FOOD5,0.18,73526.59,5,5,73522.583,0.0,0.0,4.0,0.007,408481.055556
1740584,IT,US,ANIMA,TEXTI,0.29,73521.769,4,4,73521.765,0.0,0.0,0.0,0.004,253523.341379
1660855,IT,DE,COMPU,AIRTR,0.84,73516.309,4,4,73516.304,0.0,0.0,0.0,0.005,87519.415476
1644660,IT,BE,BEVER,CHEMI,0.31,73513.748,4,4,73513.743,0.0,0.0,0.0,0.005,237141.122581
1661952,IT,DK,HEAVY,STEAM,0.12,73510.839,4,4,73510.833,0.0,0.0,0.0,0.006,612590.325
1710913,IT,LU,LIQUE,RENTI,0.13,73497.253,4,4,73497.247,0.0,0.0,0.0,0.006,565363.484615
1668124,IT,ES,CONST,RENTI,0.41,73497.113,4,4,73497.109,0.0,0.0,0.0,0.004,179261.25122
1665623,IT,ES,WOODW,PFERT,0.21,73492.364,4,4,73492.359,0.0,0.0,0.0,0.005,349963.638095
1735613,IT,SK,COPP1,BASIC,0.19,73490.74,4,4,73490.736,0.0,0.0,0.0,0.004,386793.368421
1795330,IT,WL,NONME,BIOGA,0.15,73490.236,4,4,73490.228,0.0,0.0,0.0,0.008,489934.906667
1787110,IT,ZA,BUSIN,CONST,0.75,73489.538,4,4,73489.533,0.0,0.0,0.0,0.005,97986.050667
1730253,IT,SE,SEACO,PRINT,0.07,73487.679,3,3,73487.679,0.0,0.0,0.0,0.0,1049823.985714
1742582,IT,US,ALUM1,TOBAC,0.13,73482.758,4,4,73482.752,0.0,0.0,0.0,0.006,565251.984615
1800888,IT,WE,PREC1,TEXTI,0.12,73482.225,4,4,73482.222,0.0,0.0,0.0,0.003,612351.875
1789812,IT,WA,CERAM,PRECI,0.11,73480.2,4,4,73480.196,0.0,0.0,0.0,0.004,668001.818182
1774016,IT,CH,RETAI,PRINT,0.58,73477.318,4,4,73477.313,0.0,0.0,0.0,0.005,126685.031034
1661407,IT,DK,VEGE1,CHEM1,0.23,73476.564,4,4,73476.548,0.0,0.0,0.0,0.016,319463.321739
1811047,IT,WM,HEAVY,WOODW,0.12,73476.205,4,4,73476.199,0.0,0.0,0.0,0.006,612301.708333
1720781,IT,PL,TRANS,RENTI,0.44,73469.502,4,4,73469.498,0.0,0.0,0.0,0.004,166976.140909
1652814,IT,CZ,PRINT,CHEM1,0.7,73465.559,4,4,73465.553,0.0,0.0,0.0,0.006,104950.798571
1810939,IT,WM,GASDI,BEVER,0.11,73460.904,4,4,73460.898,0.0,0.0,0.0,0.006,667826.4
1802452,IT,WE,SUPPO,CRUDE,0.53,73458.864,4,4,73458.86,0.0,0.0,0.0,0.004,138601.630189
1651706,IT,CY,FABRI,COLLE,0.3,73455.608,4,4,73455.603,0.0,0.0,0.0,0.005,244852.026667
1729044,IT,SE,RUBBE,NUCLE,0.24,73451.744,4,4,73451.737,0.0,0.0,0.0,0.007,306048.933333
1653127,IT,CZ,CHEM1,BIODI,0.15,73449.704,4,4,73449.696,0.0,0.0,0.0,0.008,489664.693333
1728990,IT,SE,ADDIT,SUPPO,0.17,73443.667,5,5,73442.661,0.0,1.0,0.0,0.006,432021.570588
1719757,IT,PL,BASIC,FISHF,0.08,73437.02,4,4,73437.015,0.0,0.0,0.0,0.005,917962.75
1679652,IT,GR,GLASS,ELECT,0.2,73432.146,4,4,73432.142,0.0,0.0,0.0,0.004,367160.73
1684094,IT,HR,HOTEL,REALE,0.53,73427.753,4,4,73427.747,0.0,0.0,0.0,0.006,138542.930189
1647456,IT,BE,AIRTR,HEALT,0.08,73426.717,4,4,73426.715,0.0,0.0,0.0,0.002,917833.9625
1773944,IT,CH,SALEM,CEMEN,0.59,73416.089,4,4,73416.084,0.0,0.0,0.0,0.005,124434.049153
1804692,IT,WF,LIQUE,CERAM,0.13,73414.482,4,4,73414.476,0.0,0.0,0.0,0.006,564726.784615
1686412,IT,HU,BASIC,PREC1,0.08,73407.823,4,4,73407.818,0.0,0.0,0.0,0.005,917597.7875
1652653,IT,CZ,WOODW,RETA1,0.21,73403.597,4,4,73403.592,0.0,0.0,0.0,0.005,349540.938095
1769280,IT,AU,RUBBE,MEDIC,0.24,73399.047,4,4,73399.04,0.0,0.0,0.0,0.007,305829.3625
1796818,IT,WL,SEACO,SUGAR,0.07,73397.833,3,3,73397.833,0.0,0.0,0.0,0.0,1048540.471429
1785041,IT,ID,BUSIN,WHOLE,0.75,73393.358,4,4,73393.353,0.0,0.0,0.0,0.005,97857.810667
1732957,IT,SI,ALUM1,ELEC2,0.13,73390.207,4,4,73390.201,0.0,0.0,0.0,0.006,564540.053846
1683043,IT,HR,CHEM1,PUBLI,0.15,73388.887,4,4,73388.879,0.0,0.0,0.0,0.008,489259.246667
1792896,IT,WA,HEALT,MEAT4,0.38,73386.253,4,4,73386.25,0.0,0.0,0.0,0.003,193121.718421
1746487,IT,JP,CERAM,BASIC,0.11,73384.941,4,4,73384.937,0.0,0.0,0.0,0.004,667135.827273
1771587,IT,CH,TEXTI,TRAN2,0.43,73384.04,4,4,73384.03,0.0,0.0,0.0,0.01,170660.55814
1645843,IT,BE,GLASS,FISH5,0.2,73381.233,4,4,73381.229,0.0,0.0,0.0,0.004,366906.165
1806065,IT,WF,NONF1,SUGA1,0.02,73374.881,3,3,73374.881,0.0,0.0,0.0,0.0,3668744.05
1808572,IT,WF,PAPE4,HOTEL,0.48,73374.698,4,4,73374.694,0.0,0.0,0.0,0.004,152863.954167
1656638,IT,DE,PRINT,AUXIL,0.7,73374.102,4,4,73374.096,0.0,0.0,0.0,0.006,104820.145714
1759173,IT,BR,AIRTR,RESEA,0.08,73371.984,4,4,73371.982,0.0,0.0,0.0,0.002,917149.8
1795351,IT,WL,NONME,WHOLE,0.15,73370.792,4,4,73370.784,0.0,0.0,0.0,0.008,489138.613333
1670922,IT,FI,CHEM1,PAPER,0.15,73370.548,4,4,73370.54,0.0,0.0,0.0,0.008,489136.986667
1716791,IT,NL,RETA1,SEACO,0.77,73369.869,4,4,73369.864,0.0,0.0,0.0,0.005,95285.544156
1802896,IT,WE,RECRE,REALE,0.93,73364.954,4,4,73364.949,0.0,0.0,0.0,0.005,78887.047312
1785187,IT,ZA,FOOD5,BUSIN,0.35,73363.07,4,4,73363.063,0.0,0.0,0.0,0.007,209608.771429
1667804,IT,ES,OFFIC,MEDIC,0.23,73361.294,4,4,73361.289,0.0,0.0,0.0,0.005,318962.147826
1771650,IT,CH,WEARI,RUBBE,0.55,73349.506,4,4,73349.492,0.0,0.0,0.0,0.014,133362.738182
1813495,IT,WM,SALEM,PUBLI,0.59,73347.678,4,4,73347.673,0.0,0.0,0.0,0.005,124318.098305
1642778,IT,AT,MACHI,TRAN2,0.41,73346.198,4,4,73346.192,0.0,0.0,0.0,0.006,178893.165854
1761644,IT,IN,FABRI,NAPHT,0.3,73344.25,4,4,73344.245,0.0,0.0,0.0,0.005,244480.833333
1744958,IT,US,BUSIN,AIRTR,0.75,73343.184,4,4,73343.179,0.0,0.0,0.0,0.005,97790.912
1804119,IT,WF,PAPER,TOBAC,0.28,73341.011,5,5,73340.004,0.0,1.0,0.0,0.007,261932.182143
1813650,IT,WM,RETA1,KEROS,0.77,73334.287,4,4,73334.282,0.0,0.0,0.0,0.005,95239.333766
1726701,IT,RO,FURNI,BEVER,0.23,73332.998,4,4,73332.992,0.0,0.0,0.0,0.006,318839.121739
1726148,IT,RO,RUBBE,93197,0.24,73329.863,4,4,73329.856,0.0,0.0,0.0,0.007,305541.095833
1653227,IT,CZ,RUBBE,PRINT,0.24,73326.739,4,4,73326.732,0.0,0.0,0.0,0.007,305528.079167
1720218,IT,PL,COPP1,SEWAG,0.19,73320.329,4,4,73320.325,0.0,0.0,0.0,0.004,385896.468421
1711750,IT,LU,BUSIN,EDUCA,0.75,73317.728,4,4,73317.723,0.0,0.0,0.0,0.005,97756.970667
1721303,IT,PL,LANDT,COMPU,0.47,73315.742,4,4,73315.739,0.0,0.0,0.0,0.003,155990.940426
1719504,IT,PL,GLASS,FISH5,0.2,73310.866,4,4,73310.862,0.0,0.0,0.0,0.004,366554.33
1772360,IT,CH,CHEM1,MEATA,0.15,73307.809,4,4,73307.801,0.0,0.0,0.0,0.008,488718.726667
1684262,IT,HR,SEACO,COMPU,0.07,73307.71,3,3,73307.71,0.0,0.0,0.0,0.0,1047253.0
1739798,IT,GB,POSTT,HOTEL,1.21,73304.054,4,4,73304.048,0.0,0.0,0.0,0.006,60581.86281
1660393,IT,DE,FINAN,ELEC5,0.95,73297.948,4,4,73297.946,0.0,0.0,0.0,0.002,77155.734737
1670366,IT,FI,DAIRY,RETA1,0.3,73293.977,5,5,73292.972,0.0,1.0,0.0,0.005,244313.256667
1793276,IT,WA,PRIVA,PFERT,16.35,73291.554,5,5,73290.542,1.0,0.0,0.0,0.012,4482.663853
1761982,IT,IN,CONST,RADIO,0.41,73278.267,4,4,73278.263,0.0,0.0,0.0,0.004,178727.480488
1643441,IT,AT,LANDT,PREC1,0.47,73276.588,4,4,73276.585,0.0,0.0,0.0,0.003,155907.634043
1791177,IT,WA,FURNI,SANDC,0.23,73270.7,4,4,73270.694,0.0,0.0,0.0,0.006,318568.26087
1814200,IT,WM,SUPPO,CONST,0.53,73264.343,4,4,73264.339,0.0,0.0,0.0,0.004,138234.609434
1738209,IT,GB,CERAM,BUSIN,0.11,73253.086,4,4,73253.082,0.0,0.0,0.0,0.004,665937.145455
1813836,IT,WM,LANDT,VEGET,0.47,73248.796,4,4,73248.793,0.0,0.0,0.0,0.003,155848.502128
1757243,IT,BR,VEGE1,BIOGA,0.23,73244.12,4,4,73244.104,0.0,0.0,0.0,0.016,318452.695652
1683301,IT,HR,CEMEN,HOTEL,0.12,73238.929,4,4,73238.926,0.0,0.0,0.0,0.003,610324.408333
1746323,IT,JP,ADDIT,KERO1,0.17,73235.831,5,5,73234.825,0.0,1.0,0.0,0.006,430799.005882
1650058,IT,BG,MACHI,FURNI,0.41,73235.421,4,4,73235.415,0.0,0.0,0.0,0.006,178622.978049
1799584,IT,WE,PRINT,93197,0.7,73235.395,4,4,73235.389,0.0,0.0,0.0,0.006,104621.992857
1663187,IT,DK,LANDT,SALEM,0.47,73231.157,4,4,73231.154,0.0,0.0,0.0,0.003,155810.97234
1774664,IT,CH,AIRTR,SALEM,0.08,73222.462,4,4,73222.46,0.0,0.0,0.0,0.002,915280.775
1718841,IT,PL,PAPER,RAILW,0.28,73217.798,5,5,73216.791,0.0,1.0,0.0,0.007,261492.135714
1794094,IT,WL,PAPER,BIODI,0.28,73212.389,5,5,73211.382,0.0,1.0,0.0,0.007,261472.817857
1669965,IT,ES,EDUCA,WHOLE,1.83,73211.012,4,4,73211.007,0.0,0.0,0.0,0.005,40006.017486
1645067,IT,BE,PAPER,NONME,0.28,73210.632,5,5,73209.625,0.0,1.0,0.0,0.007,261466.542857
1685306,IT,HU,WEARI,TEXTI,0.55,73206.916,4,4,73206.902,0.0,0.0,0.0,0.014,133103.483636
1801041,IT,WE,COPP1,CROPS,0.18,73203.55,4,4,73203.546,0.0,0.0,0.0,0.004,406686.388889
1732931,IT,SI,ALUM1,PULP5,0.13,73201.617,4,4,73201.611,0.0,0.0,0.0,0.006,563089.361538
1743942,IT,US,INLAN,BRICK,0.12,73199.883,4,4,73199.878,0.0,0.0,0.0,0.005,609999.025
1746023,IT,JP,PAPER,FURNI,0.28,73195.8,5,5,73194.793,0.0,1.0,0.0,0.007,261413.571429
1738043,IT,GB,RUBBE,LEATH,0.24,73191.056,4,4,73191.049,0.0,0.0,0.0,0.007,304962.733333
1802441,IT,WE,AIRTR,RESEA,0.08,73184.369,4,4,73184.367,0.0,0.0,0.0,0.002,914804.6125
1792085,IT,WA,AIRTR,RADIO,0.08,73183.712,4,4,73183.71,0.0,0.0,0.0,0.002,914796.4
1684986,IT,HU,VEGE1,MEAT1,0.23,73178.993,4,4,73178.977,0.0,0.0,0.0,0.016,318169.534783
1721193,IT,PL,LANDT,PIGS9,0.47,73177.461,4,4,73177.458,0.0,0.0,0.0,0.003,155696.725532
1787895,IT,WA,BEVER,LEATH,0.31,73173.206,4,4,73173.201,0.0,0.0,0.0,0.005,236042.6
1747188,IT,JP,CONST,RETA1,0.41,73173.054,4,4,73173.05,0.0,0.0,0.0,0.004,178470.863415
1794505,IT,WL,GASDI,FINAN,0.11,73172.762,4,4,73172.756,0.0,0.0,0.0,0.006,665206.927273
1746305,IT,JP,CHEM1,PAPE1,0.15,73171.067,4,4,73171.059,0.0,0.0,0.0,0.008,487807.113333
1674737,IT,FR,CERAM,CROPS,0.11,73168.247,4,4,73168.243,0.0,0.0,0.0,0.004,665165.881818
1667045,IT,ES,NONME,GASDI,0.15,73165.919,4,4,73165.911,0.0,0.0,0.0,0.008,487772.793333
1653491,IT,CZ,BASIC,SANDC,0.08,73165.817,4,4,73165.812,0.0,0.0,0.0,0.005,914572.7125
1755524,IT,KR,CHEM1,COKEO,0.15,73154.907,4,4,73154.899,0.0,0.0,0.0,0.008,487699.38
1683647,IT,HR,FABRI,NONF1,0.3,73148.51,4,4,73148.505,0.0,0.0,0.0,0.005,243828.366667
1732224,IT,SI,HEAVY,LANDT,0.12,73145.612,4,4,73145.606,0.0,0.0,0.0,0.006,609546.766667
1732457,IT,SI,CHEM1,NONME,0.15,73119.753,4,4,73119.745,0.0,0.0,0.0,0.008,487465.02
1749574,IT,CN,PLAST,ELEC1,0.15,73114.876,4,4,73114.869,0.0,0.0,0.0,0.007,487432.506667
1682824,IT,HR,HEAVY,INLAN,0.12,73114.183,4,4,73114.177,0.0,0.0,0.0,0.006,609284.858333
1768993,IT,AU,PAPER,REALE,0.28,73113.82,5,5,73112.813,0.0,1.0,0.0,0.007,261120.785714
1811827,IT,WM,RUBBE,PLANT,0.24,73108.573,4,4,73108.566,0.0,0.0,0.0,0.007,304619.054167
1682413,IT,HR,PAPER,PULP5,0.28,73107.275,5,5,73106.268,0.0,1.0,0.0,0.007,261097.410714
1741937,IT,US,CHEM1,ELEC5,0.15,73105.871,4,4,73105.863,0.0,0.0,0.0,0.008,487372.473333
1735611,IT,SK,COPP1,RUBBE,0.18,73101.364,4,4,73101.36,0.0,0.0,0.0,0.004,406118.688889
1713671,IT,MT,COPP1,SEACO,0.18,73099.638,4,4,73099.634,0.0,0.0,0.0,0.004,406109.1
1715844,IT,NL,RUBBE,FOUND,0.24,73093.017,4,4,73093.01,0.0,0.0,0.0,0.007,304554.2375
1723036,IT,PT,PLAST,RENTI,0.15,73087.12,4,4,73087.113,0.0,0.0,0.0,0.007,487247.466667
1731716,IT,SI,PULP5,FORES,0.22,73087.087,4,4,73087.08,0.0,0.0,0.0,0.007,332214.031818
1805225,IT,WF,CHEM1,LEAD1,0.15,73085.704,4,4,73085.696,0.0,0.0,0.0,0.008,487238.026667
1719862,IT,PL,BASIC,PAPE1,0.08,73078.858,4,4,73078.853,0.0,0.0,0.0,0.005,913485.725
1645678,IT,BE,CHEM1,FOOD1,0.15,73078.503,4,4,73078.495,0.0,0.0,0.0,0.008,487190.02
1674452,IT,FR,BIODI,CEREA,0.15,73068.981,4,4,73068.973,0.0,0.0,0.0,0.008,487126.54
1796844,IT,WL,SEACO,WOODW,0.07,73065.42,3,3,73065.42,0.0,0.0,0.0,0.0,1043791.714286
1741623,IT,US,HEAVY,NATU1,0.12,73064.71,4,4,73064.704,0.0,0.0,0.0,0.006,608872.583333
1809777,IT,WM,FOOD5,PAPER,0.35,73059.218,4,4,73059.211,0.0,0.0,0.0,0.007,208740.622857
1762225,IT,IN,SEACO,COMPU,0.07,73057.743,3,3,73057.743,0.0,0.0,0.0,0.0,1043682.042857
1683167,IT,HR,GLASS,TEXTI,0.2,73056.66,4,4,73056.656,0.0,0.0,0.0,0.004,365283.3
1779731,IT,TR,BUSIN,PAPER,0.75,73056.639,4,4,73056.634,0.0,0.0,0.0,0.005,97408.852
1771484,IT,CH,BEVER,SEACO,0.31,73055.128,4,4,73055.123,0.0,0.0,0.0,0.005,235661.703226
1665653,IT,ES,WOODW,SUPPO,0.2,73054.47,4,4,73054.465,0.0,0.0,0.0,0.005,365272.35
1763628,IT,MX,RUBBE,VEGET,0.24,73048.045,4,4,73048.038,0.0,0.0,0.0,0.007,304366.854167
1739870,IT,GB,FINAN,TRANS,0.95,73043.714,4,4,73043.712,0.0,0.0,0.0,0.002,76888.12
1799618,IT,WE,MOTOR,SANDC,0.11,73043.655,4,4,73043.649,0.0,0.0,0.0,0.006,664033.227273
1773983,IT,CH,SALEM,COMPU,0.59,73039.189,4,4,73039.184,0.0,0.0,0.0,0.005,123795.235593
1649774,IT,BG,BASIC,SALEM,0.08,73036.239,4,4,73036.234,0.0,0.0,0.0,0.005,912952.9875
1743362,IT,US,SALEM,TEXTI,0.59,73033.822,4,4,73033.817,0.0,0.0,0.0,0.005,123786.138983
1776774,IT,TR,LIQUE,EDUCA,0.13,73032.341,4,4,73032.335,0.0,0.0,0.0,0.006,561787.238462
1813513,IT,WM,RETAI,CHEM1,0.57,73027.651,4,4,73027.646,0.0,0.0,0.0,0.005,128118.685965
1742437,IT,US,BASIC,VEGET,0.08,73026.046,4,4,73026.041,0.0,0.0,0.0,0.005,912825.575
1733198,IT,SI,MACHI,WEARI,0.41,73020.409,4,4,73020.403,0.0,0.0,0.0,0.006,178098.558537
1648051,IT,BE,COMPU,SALEM,0.83,73019.655,4,4,73019.65,0.0,0.0,0.0,0.005,87975.487952
1772894,IT,CH,BASIC,TRAN2,0.08,73018.827,4,4,73018.822,0.0,0.0,0.0,0.005,912735.3375
1659408,IT,DE,WHOLE,CERAM,0.63,73018.451,4,4,73018.447,0.0,0.0,0.0,0.004,115902.303175
1752876,IT,CA,MOTOR,BUSIN,0.11,73017.44,4,4,73017.434,0.0,0.0,0.0,0.006,663794.909091
1652231,IT,CZ,FOOD5,MEAT4,0.35,73010.201,4,4,73010.194,0.0,0.0,0.0,0.007,208600.574286
1674041,IT,FR,GASDI,MACHI,0.11,73005.492,4,4,73005.486,0.0,0.0,0.0,0.006,663686.290909
1797178,IT,WL,POSTT,AUXIL,1.2,73002.63,4,4,73002.624,0.0,0.0,0.0,0.006,60835.525
1684842,IT,HU,CRUDE,MOTOR,0.14,73000.419,4,4,73000.413,0.0,0.0,0.0,0.006,521431.564286
1720056,IT,PL,ALUM1,SALEM,0.13,72999.517,4,4,72999.511,0.0,0.0,0.0,0.006,561534.746154
1789346,IT,WA,CHEM1,DAIRY,0.15,72996.329,4,4,72996.321,0.0,0.0,0.0,0.008,486642.193333
1796626,IT,WL,HOTEL,PREC1,0.53,72993.387,4,4,72993.382,0.0,0.0,0.0,0.005,137723.371698
1799409,IT,WE,PAPER,PIGS9,0.28,72987.547,5,5,72986.54,0.0,1.0,0.0,0.007,260669.810714
1746035,IT,JP,PAPER,HOTEL,0.28,72987.188,5,5,72986.181,0.0,1.0,0.0,0.007,260668.528571
1640664,IT,AT,BEVER,93197,0.31,72986.47,4,4,72986.465,0.0,0.0,0.0,0.005,235440.225806
1742852,IT,US,MACHI,ANTHR,0.41,72982.305,4,4,72982.299,0.0,0.0,0.0,0.006,178005.621951
1687172,IT,HU,FURNI,LANDT,0.23,72976.511,4,4,72976.505,0.0,0.0,0.0,0.006,317289.178261
1655850,IT,DE,VEGE1,RENTI,0.22,72974.009,4,4,72973.993,0.0,0.0,0.0,0.016,331700.040909
1664256,IT,EE,BASIC,PFERT,0.08,72969.093,4,4,72969.088,0.0,0.0,0.0,0.005,912113.6625
1723481,IT,PT,ALUM1,TRANS,0.13,72960.006,4,4,72960.0,0.0,0.0,0.0,0.006,561230.815385
1677426,IT,FR,INSUR,LANDT,1.5,72958.638,4,4,72958.635,0.0,0.0,0.0,0.003,48639.092
1772168,IT,CH,GASDI,CATTL,0.11,72955.76,4,4,72955.754,0.0,0.0,0.0,0.006,663234.181818
1658976,IT,DE,ELEC1,OFFIC,0.01,72955.585,4,4,72955.58,0.0,0.0,0.0,0.005,7295558.5
1652842,IT,CZ,PRINT,SUPPO,0.7,72952.3,4,4,72952.294,0.0,0.0,0.0,0.006,104217.571429
1742438,IT,US,BASIC,OILSE,0.08,72945.827,4,4,72945.822,0.0,0.0,0.0,0.005,911822.8375
1789289,IT,WA,PFERT,FISHF,0.03,72934.501,4,4,72934.489,0.0,0.0,0.0,0.012,2431150.033333
1662125,IT,DK,RUBBE,MEATC,0.24,72933.3,4,4,72933.293,0.0,0.0,0.0,0.007,303888.75
1674244,IT,FR,NAPHT,BIODI,0.12,72928.825,4,4,72928.82,0.0,0.0,0.0,0.005,607740.208333
1801712,IT,WE,ELEC1,MOTOR,0.01,72928.463,4,4,72928.458,0.0,0.0,0.0,0.005,7292846.3
1712307,IT,LV,RUBBE,STONE,0.24,72920.08,4,4,72920.073,0.0,0.0,0.0,0.007,303833.666667
1678528,IT,GR,CEREA,HOTEL,0.12,72918.318,4,4,72918.314,0.0,0.0,0.0,0.004,607652.65
1754508,IT,CA,BUSIN,NONME,0.75,72917.382,4,4,72917.377,0.0,0.0,0.0,0.005,97223.176
1763813,IT,MX,CERAM,RAILW,0.11,72914.786,4,4,72914.782,0.0,0.0,0.0,0.004,662861.690909
1743116,IT,US,MOTO1,GLASS,0.39,72914.222,4,4,72914.217,0.0,0.0,0.0,0.005,186959.54359
1748890,IT,CN,WEARI,GASDI,0.55,72912.17,4,4,72912.156,0.0,0.0,0.0,0.014,132567.581818
1800347,IT,WE,CHEM1,FOOD5,0.15,72911.429,4,4,72911.421,0.0,0.0,0.0,0.008,486076.193333
1647537,IT,BE,SUPPO,HOTEL,0.52,72907.45,4,4,72907.446,0.0,0.0,0.0,0.004,140206.634615
1746016,IT,JP,PAPER,MACHI,0.28,72905.815,5,5,72904.808,0.0,1.0,0.0,0.007,260377.910714
1750854,IT,CN,FURNI,ELEC5,0.23,72902.335,4,4,72902.329,0.0,0.0,0.0,0.006,316966.673913
1667319,IT,ES,ALUM1,LANDT,0.13,72899.526,4,4,72899.52,0.0,0.0,0.0,0.006,560765.584615
1655696,IT,DE,CHEMI,TRAN1,0.17,72898.766,5,5,72894.759,0.0,0.0,4.0,0.007,428816.270588
1682568,IT,HR,MOTOR,POSTT,0.11,72897.338,4,4,72897.332,0.0,0.0,0.0,0.006,662703.072727
1673411,IT,FR,WEARI,GASDI,0.55,72895.654,4,4,72895.64,0.0,0.0,0.0,0.014,132537.552727
1799908,IT,WE,GASDI,MEMBE,0.11,72895.461,4,4,72895.455,0.0,0.0,0.0,0.006,662686.009091
1741162,IT,US,LEATH,MACHI,0.52,72894.404,5,5,72893.391,0.0,1.0,0.0,0.013,140181.546154
1788888,IT,WA,GASDI,TRAN2,0.11,72888.051,4,4,72888.045,0.0,0.0,0.0,0.006,662618.645455
1755305,IT,KR,PAPER,SUPPO,0.28,72886.7,5,5,72885.693,0.0,1.0,0.0,0.007,260309.642857
1725932,IT,RO,PLAST,FABRI,0.15,72881.161,4,4,72881.154,0.0,0.0,0.0,0.007,485874.406667
1795578,IT,WL,COPP1,WHOLE,0.18,72881.046,4,4,72881.042,0.0,0.0,0.0,0.004,404894.7
1785857,IT,ZA,CHEM1,RESEA,0.15,72877.11,4,4,72877.102,0.0,0.0,0.0,0.008,485847.4
1709506,IT,LT,LEATH,POULT,0.52,72875.178,5,5,72874.165,0.0,1.0,0.0,0.013,140144.573077
1676671,IT,FR,RAILW,DAIRY,0.49,72874.729,5,5,72873.726,0.0,0.0,1.0,0.003,148723.936735
1739444,IT,GB,LANDT,LEATH,0.47,72874.373,4,4,72874.37,0.0,0.0,0.0,0.003,155051.857447
1712423,IT,LV,BASIC,FOOD5,0.08,72866.434,4,4,72866.429,0.0,0.0,0.0,0.005,910830.425
1766100,IT,RU,RUBBE,LEATH,0.24,72855.896,4,4,72855.889,0.0,0.0,0.0,0.007,303566.233333
1673408,IT,FR,WEARI,PRINT,0.55,72855.024,4,4,72855.01,0.0,0.0,0.0,0.014,132463.68
1795532,IT,WL,ALUM1,MEDIC,0.13,72854.309,4,4,72854.303,0.0,0.0,0.0,0.006,560417.761538
1723052,IT,PT,CHEM1,FORES,0.15,72851.691,4,4,72851.683,0.0,0.0,0.0,0.008,485677.94
1799944,IT,WE,HEAVY,STONE,0.12,72849.521,4,4,72849.515,0.0,0.0,0.0,0.006,607079.341667
1794624,IT,WL,HEAVY,93197,0.12,72845.263,4,4,72845.257,0.0,0.0,0.0,0.006,607043.858333
1810377,IT,WM,WOODW,INSUR,0.2,72844.045,4,4,72844.04,0.0,0.0,0.0,0.005,364220.225
1679586,IT,GR,RUBBE,ELEC1,0.24,72839.102,4,4,72839.095,0.0,0.0,0.0,0.007,303496.258333
1738294,IT,GB,BASIC,FOOD5,0.08,72838.31,4,4,72838.305,0.0,0.0,0.0,0.005,910478.875
1641042,IT,AT,PULP5,MEMBE,0.22,72827.069,4,4,72827.062,0.0,0.0,0.0,0.007,331032.131818
1773491,IT,CH,MOTO1,VEGET,0.39,72824.317,4,4,72824.312,0.0,0.0,0.0,0.005,186729.017949
1676215,IT,FR,CONST,AUXIL,0.41,72821.342,4,4,72821.338,0.0,0.0,0.0,0.004,177613.029268
1772127,IT,CH,MOTOR,SUPPO,0.11,72812.249,4,4,72812.243,0.0,0.0,0.0,0.006,661929.536364
1670453,IT,FI,FOOD5,HEALT,0.35,72811.901,4,4,72811.894,0.0,0.0,0.0,0.007,208034.002857
1671884,IT,FI,HOTEL,HOTEL,0.53,72807.381,4,4,72807.376,0.0,0.0,0.0,0.005,137372.416981
1781679,IT,NO,LEATH,HEALT,0.52,72804.12,5,5,72803.107,0.0,1.0,0.0,0.013,140007.923077
1786772,IT,ZA,HOTEL,FOOD5,0.53,72803.324,4,4,72803.319,0.0,0.0,0.0,0.005,137364.762264
1661734,IT,DK,LEATH,MEATP,0.52,72798.373,5,5,72797.36,0.0,1.0,0.0,0.013,139996.871154
1810788,IT,WM,KEROS,HYDRO,0.11,72787.71,4,4,72787.704,0.0,0.0,0.0,0.006,661706.454545
1684060,IT,HR,HOTEL,FABRI,0.53,72785.358,4,4,72785.353,0.0,0.0,0.0,0.005,137330.864151
1657912,IT,DE,BASIC,NFERT,0.08,72780.125,4,4,72780.12,0.0,0.0,0.0,0.005,909751.5625
1789838,IT,WA,CERAM,NAPHT,0.11,72771.352,4,4,72771.348,0.0,0.0,0.0,0.004,661557.745455
1746983,IT,JP,MOTO1,FOODW,0.39,72769.36,4,4,72769.355,0.0,0.0,0.0,0.005,186588.102564
1689445,IT,IE,HOTEL,MOTO1,0.53,72759.959,4,4,72759.954,0.0,0.0,0.0,0.005,137282.941509
1644240,IT,BE,CROPS,CATTL,0.58,72756.589,4,4,72756.585,0.0,0.0,0.0,0.004,125442.394828
1758194,IT,BR,BASIC,CATTL,0.08,72750.565,4,4,72750.56,0.0,0.0,0.0,0.005,909382.0625
1679712,IT,GR,NONME,NONME,0.15,72743.044,4,4,72743.036,0.0,0.0,0.0,0.008,484953.626667
1728444,IT,SE,WEARI,HEALT,0.55,72741.291,4,4,72741.277,0.0,0.0,0.0,0.014,132256.892727
1775152,IT,CH,RESEA,STONE,0.39,72734.662,4,4,72734.657,0.0,0.0,0.0,0.005,186499.133333
1803729,IT,WF,FISH5,MEAT4,0.31,72732.148,4,4,72732.111,0.0,0.0,0.0,0.037,234619.832258
1794165,IT,WL,PRINT,FOOD5,0.7,72728.322,4,4,72728.316,0.0,0.0,0.0,0.006,103897.602857
1656664,IT,DE,PRINT,93197,0.7,72726.021,4,4,72726.015,0.0,0.0,0.0,0.006,103894.315714
1681010,IT,GR,AIRTR,PLAST,0.08,72724.267,4,4,72724.265,0.0,0.0,0.0,0.002,909053.3375
1737865,IT,GB,PLAST,BRICK,0.15,72722.628,4,4,72722.621,0.0,0.0,0.0,0.007,484817.52
1803957,IT,WF,LEATH,CATTL,0.52,72722.28,5,5,72721.267,0.0,1.0,0.0,0.013,139850.538462
1643666,IT,AT,AIRTR,MEMBE,0.08,72722.098,4,4,72722.096,0.0,0.0,0.0,0.002,909026.225
1666535,IT,ES,CHEM1,FISHF,0.15,72721.761,4,4,72721.753,0.0,0.0,0.0,0.008,484811.74
1724898,IT,PT,BUSIN,ELEC4,0.75,72721.293,4,4,72721.288,0.0,0.0,0.0,0.005,96961.724
1803174,IT,WF,OILSE,93197,0.05,72720.364,5,5,72719.361,0.0,1.0,0.0,0.003,1454407.28
1722739,IT,PT,PAPER,VEGET,0.28,72720.139,5,5,72719.132,0.0,1.0,0.0,0.007,259714.782143
1746202,IT,JP,CHEM1,FISHF,0.15,72716.51,4,4,72716.502,0.0,0.0,0.0,0.008,484776.733333
1758558,IT,BR,MACHI,RECRE,0.41,72716.088,4,4,72716.082,0.0,0.0,0.0,0.006,177356.312195
1714955,IT,NL,FISH5,DAIRY,0.31,72712.528,4,4,72712.491,0.0,0.0,0.0,0.037,234556.541935
1728773,IT,SE,HEAVY,WOODW,0.12,72708.842,4,4,72708.836,0.0,0.0,0.0,0.006,605907.016667
1670714,IT,FI,PAPER,FOOD5,0.28,72704.342,5,5,72703.335,0.0,1.0,0.0,0.007,259658.364286
1776412,IT,TR,PRINT,RESEA,0.7,72697.176,4,4,72697.17,0.0,0.0,0.0,0.006,103853.108571
1804185,IT,WF,PAPER,MEMBE,0.28,72696.821,5,5,72695.814,0.0,1.0,0.0,0.007,259631.503571
1682547,IT,HR,MOTOR,OFFIC,0.11,72682.496,4,4,72682.49,0.0,0.0,0.0,0.006,660749.963636
1764742,IT,MX,HOTEL,ELEC6,0.53,72681.326,4,4,72681.321,0.0,0.0,0.0,0.005,137134.577358
1813281,IT,WM,TRANS,FURNI,0.43,72678.883,4,4,72678.879,0.0,0.0,0.0,0.004,169020.65814
1709776,IT,LT,RUBBE,SUGA1,0.24,72677.13,4,4,72677.123,0.0,0.0,0.0,0.007,302821.375
1674154,IT,FR,HEAVY,LANDT,0.12,72673.528,4,4,72673.522,0.0,0.0,0.0,0.006,605612.733333
1771828,IT,CH,WOODW,PLAST,0.2,72673.062,4,4,72673.057,0.0,0.0,0.0,0.005,363365.31
1675312,IT,FR,FABRI,WOOD1,0.3,72672.918,4,4,72672.913,0.0,0.0,0.0,0.005,242243.06
1649148,IT,BG,PAPER,RECRE,0.28,72665.342,5,5,72664.335,0.0,1.0,0.0,0.007,259519.078571
1670959,IT,FI,CHEM1,ELEC3,0.15,72660.136,4,4,72660.128,0.0,0.0,0.0,0.008,484400.906667
1683808,IT,HR,OFFIC,RETA1,0.23,72659.96,4,4,72659.955,0.0,0.0,0.0,0.005,315912.869565
1686159,IT,HU,GLASS,CROPS,0.2,72658.803,4,4,72658.799,0.0,0.0,0.0,0.004,363294.015
1678631,IT,GR,CHEMI,SEWAG,0.17,72657.611,5,5,72653.604,0.0,0.0,4.0,0.007,427397.711765
1805989,IT,WF,COPP1,WOODW,0.18,72653.923,4,4,72653.919,0.0,0.0,0.0,0.004,403632.905556
1744073,IT,US,SUPPO,OILSE,0.52,72649.526,4,4,72649.522,0.0,0.0,0.0,0.004,139710.626923
1652370,IT,CZ,TEXTI,CROPS,0.43,72649.43,4,4,72649.42,0.0,0.0,0.0,0.01,168952.162791
1644030,IT,AT,BUSIN,MOTOR,0.75,72648.132,4,4,72648.127,0.0,0.0,0.0,0.005,96864.176
1751582,IT,CN,POSTT,MACHI,1.2,72647.615,4,4,72647.609,0.0,0.0,0.0,0.006,60539.679167
1804714,IT,WF,LIQUE,CONST,0.13,72646.879,4,4,72646.873,0.0,0.0,0.0,0.006,558822.146154
1796368,IT,WL,WHOLE,MEAT1,0.63,72645.011,4,4,72645.007,0.0,0.0,0.0,0.004,115309.54127
1781875,IT,NO,CHEM1,MEAT1,0.15,72639.812,4,4,72639.804,0.0,0.0,0.0,0.008,484265.413333
1666431,IT,ES,BITU1,LANDT,0.11,72639.56,4,4,72639.554,0.0,0.0,0.0,0.006,660359.636364
1807916,IT,WF,PLAS1,COPPE,0.26,72636.175,4,4,72636.17,0.0,0.0,0.0,0.005,279369.903846
1689443,IT,IE,HOTEL,MACHI,0.53,72629.946,4,4,72629.941,0.0,0.0,0.0,0.005,137037.633962
1682544,IT,HR,MOTOR,PRINT,0.11,72627.392,4,4,72627.386,0.0,0.0,0.0,0.006,660249.018182
1676544,IT,FR,HOTEL,MEATC,0.53,72625.759,4,4,72625.754,0.0,0.0,0.0,0.005,137029.733962
1788392,IT,WA,WOODW,NONF1,0.2,72623.477,4,4,72623.472,0.0,0.0,0.0,0.005,363117.385
1775310,IT,CH,BUSIN,COLLE,0.75,72622.478,4,4,72622.473,0.0,0.0,0.0,0.005,96829.970667
1814006,IT,WM,SEACO,LEAD1,0.07,72614.929,3,3,72614.929,0.0,0.0,0.0,0.0,1037356.128571
1777316,IT,TR,GLASS,PAPER,0.2,72614.086,4,4,72614.082,0.0,0.0,0.0,0.004,363070.43
1796222,IT,WL,FURNI,RETAI,0.23,72606.411,4,4,72606.405,0.0,0.0,0.0,0.006,315680.047826
1663201,IT,DK,LANDT,RESEA,0.47,72606.191,4,4,72606.188,0.0,0.0,0.0,0.003,154481.257447
1726918,IT,RO,HOTEL,RAWMI,0.53,72605.767,4,4,72605.762,0.0,0.0,0.0,0.005,136992.013208
1733301,IT,SI,MOTO1,FABRI,0.39,72600.23,4,4,72600.225,0.0,0.0,0.0,0.005,186154.435897
1765647,IT,RU,PAPER,VEGET,0.28,72590.396,5,5,72589.389,0.0,1.0,0.0,0.007,259251.414286
1733669,IT,SI,HOTEL,HEALT,0.53,72580.024,4,4,72580.019,0.0,0.0,0.0,0.005,136943.441509
1684838,IT,HU,CRUDE,CRUDE,0.14,72574.441,4,4,72574.435,0.0,0.0,0.0,0.006,518388.864286
1667278,IT,ES,ALUM1,PFERT,0.13,72573.904,4,4,72573.898,0.0,0.0,0.0,0.006,558260.8
1672685,IT,FR,STONE,FABRI,0.23,72572.887,5,5,72568.884,0.0,0.0,4.0,0.003,315534.291304
1763533,IT,MX,CHEM1,TOBAC,0.15,72569.14,4,4,72569.132,0.0,0.0,0.0,0.008,483794.266667
1720174,IT,PL,COPP1,LEAD1,0.18,72564.913,4,4,72564.909,0.0,0.0,0.0,0.004,403138.405556
1771015,IT,CH,MEATA,CATTL,0.39,72559.755,4,4,72559.744,0.0,0.0,0.0,0.011,186050.653846
1782867,IT,NO,SEACO,POULT,0.07,72558.106,3,3,72558.106,0.0,0.0,0.0,0.0,1036544.371429
1645404,IT,BE,LIQUE,FISHF,0.13,72557.034,4,4,72557.028,0.0,0.0,0.0,0.006,558131.030769
1712315,IT,LV,RUBBE,FISH5,0.24,72556.967,4,4,72556.96,0.0,0.0,0.0,0.007,302320.695833
1798922,IT,WE,FISH5,BEVER,0.3,72556.518,4,4,72556.481,0.0,0.0,0.0,0.037,241855.06
1718283,IT,PL,FOOD5,PFERT,0.35,72544.521,4,4,72544.515,0.0,0.0,0.0,0.006,207270.06
1664711,IT,EE,SUPPO,WOODW,0.52,72540.36,4,4,72540.356,0.0,0.0,0.0,0.004,139500.692308
1685085,IT,HU,FOOD5,MEATC,0.35,72530.617,4,4,72530.611,0.0,0.0,0.0,0.006,207230.334286
1646485,IT,BE,MACHI,ELECT,0.4,72526.66,4,4,72526.654,0.0,0.0,0.0,0.006,181316.65
1675642,IT,FR,MOTO1,WASTE,0.39,72524.365,4,4,72524.36,0.0,0.0,0.0,0.005,185959.910256
1811121,IT,WM,NAPHT,COPPE,0.12,72501.648,4,4,72501.643,0.0,0.0,0.0,0.005,604180.4
1719496,IT,PL,GLASS,MEATC,0.2,72498.783,4,4,72498.779,0.0,0.0,0.0,0.004,362493.915
1808933,IT,WM,CEREA,CHEM1,0.12,72488.087,4,4,72488.083,0.0,0.0,0.0,0.004,604067.391667
1789751,IT,WA,GLASS,HEAVY,0.2,72486.539,4,4,72486.535,0.0,0.0,0.0,0.004,362432.695
1718234,IT,PL,PROCE,FURNI,0.49,72486.199,4,4,72486.195,0.0,0.0,0.0,0.004,147931.018367
1789255,IT,WA,PLAST,REALE,0.15,72482.918,4,4,72482.911,0.0,0.0,0.0,0.007,483219.453333
1753582,IT,CA,MACHI,ELEC1,0.4,72482.108,4,4,72482.102,0.0,0.0,0.0,0.006,181205.27
1780414,IT,TW,SUPPO,MOTOR,0.52,72480.829,4,4,72480.825,0.0,0.0,0.0,0.004,139386.209615
1767389,IT,RU,LANDT,FISH5,0.47,72472.901,4,4,72472.898,0.0,0.0,0.0,0.003,154197.661702
1684099,IT,HR,HOTEL,PUBLI,0.53,72466.549,4,4,72466.544,0.0,0.0,0.0,0.005,136729.337736
1679428,IT,GR,CHEM1,CATTL,0.15,72465.826,4,4,72465.818,0.0,0.0,0.0,0.008,483105.506667
1644400,IT,BE,MEATP,MEATP,0.29,72461.637,4,4,72461.629,0.0,0.0,0.0,0.008,249867.713793
1777302,IT,TR,GLASS,STONE,0.2,72452.1,4,4,72452.096,0.0,0.0,0.0,0.004,362260.5
1743058,IT,US,OFFIC,MEMBE,0.22,72450.346,4,4,72450.341,0.0,0.0,0.0,0.005,329319.754545
1792046,IT,WA,AIRTR,FISH5,0.08,72444.13,4,4,72444.128,0.0,0.0,0.0,0.002,905551.625
1773868,IT,CH,ELEC6,REALE,0.01,72439.198,4,4,72439.186,0.0,0.0,0.0,0.012,7243919.8
1735214,IT,SK,RUBBE,TRAN2,0.24,72437.753,4,4,72437.746,0.0,0.0,0.0,0.007,301823.970833
1689558,IT,IE,AIRTR,MEAT1,0.08,72435.09,4,4,72435.088,0.0,0.0,0.0,0.002,905438.625
1813395,IT,WM,FURNI,DIST1,0.23,72434.994,4,4,72434.988,0.0,0.0,0.0,0.006,314934.756522
1761812,IT,IN,MACHI,93197,0.4,72429.091,4,4,72429.085,0.0,0.0,0.0,0.006,181072.7275
1653024,IT,CZ,PLAST,CERAM,0.15,72426.738,4,4,72426.731,0.0,0.0,0.0,0.007,482844.92
1788307,IT,WA,LEATH,ELEC1,0.52,72420.962,5,5,72419.949,0.0,1.0,0.0,0.013,139271.080769
1743243,IT,US,TRANS,WASTE,0.43,72418.56,4,4,72418.556,0.0,0.0,0.0,0.004,168415.255814
1793887,IT,WL,TEXTI,RECRE,0.43,72418.22,4,4,72418.21,0.0,0.0,0.0,0.01,168414.465116
1728302,IT,SE,BEVER,RETAI,0.31,72417.129,4,4,72417.124,0.0,0.0,0.0,0.005,233603.641935
1722740,IT,PT,PAPER,CROPS,0.28,72398.936,5,5,72397.929,0.0,1.0,0.0,0.007,258567.628571
1803118,IT,WF,VEGET,PRINT,0.26,72397.304,4,4,72397.301,0.0,0.0,0.0,0.003,278451.169231
1671497,IT,FI,MACHI,BASIC,0.4,72394.186,4,4,72394.18,0.0,0.0,0.0,0.006,180985.465
1662070,IT,DK,CHEM1,BRICK,0.15,72393.397,4,4,72393.389,0.0,0.0,0.0,0.008,482622.646667
1720628,IT,PL,MOTO1,PULP5,0.39,72390.728,4,4,72390.723,0.0,0.0,0.0,0.005,185617.251282
1687652,IT,HU,AIRTR,BIOGA,0.08,72390.16,4,4,72390.158,0.0,0.0,0.0,0.002,904877.0
1663293,IT,DK,SEACO,RECRE,0.07,72383.647,3,3,72383.647,0.0,0.0,0.0,0.0,1034052.1
1735731,IT,SK,FABRI,RENTI,0.29,72380.534,4,4,72380.529,0.0,0.0,0.0,0.005,249588.048276
1658270,IT,DE,COPP1,BIOGA,0.18,72373.652,4,4,72373.648,0.0,0.0,0.0,0.004,402075.844444
1784845,IT,ID,SEACO,RUBBE,0.07,72371.312,3,3,72371.312,0.0,0.0,0.0,0.0,1033875.885714
1717693,IT,NL,BUSIN,DISTR,0.74,72370.598,4,4,72370.593,0.0,0.0,0.0,0.005,97798.105405
1643690,IT,AT,SUPPO,PULP5,0.52,72368.866,4,4,72368.862,0.0,0.0,0.0,0.004,139170.896154
1728480,IT,SE,LEATH,EDUCA,0.52,72367.193,5,5,72366.18,0.0,1.0,0.0,0.013,139167.678846
1655266,IT,DE,WHEAT,MEAT4,0.05,72363.171,5,5,72362.169,0.0,1.0,0.0,0.002,1447263.42
1793918,IT,WL,WEARI,93197,0.55,72360.75,4,4,72360.736,0.0,0.0,0.0,0.014,131565.0
1802974,IT,WF,WHEAT,MOTOR,0.05,72360.458,5,5,72359.456,0.0,1.0,0.0,0.002,1447209.16
1764356,IT,MX,MOTO1,SUGA1,0.39,72355.73,4,4,72355.725,0.0,0.0,0.0,0.005,185527.512821
1812542,IT,WM,ALUM1,BASIC,0.13,72352.729,4,4,72352.723,0.0,0.0,0.0,0.006,556559.453846
1795922,IT,WL,MOTO1,POULT,0.39,72347.562,4,4,72347.557,0.0,0.0,0.0,0.005,185506.569231
1788451,IT,WA,PULP5,MOTOR,0.22,72347.548,4,4,72347.541,0.0,0.0,0.0,0.007,328852.490909
1754765,IT,KR,DAIRY,BUSIN,0.29,72344.916,5,5,72343.911,0.0,1.0,0.0,0.005,249465.227586
1752631,IT,CA,TEXTI,MACHI,0.43,72344.601,4,4,72344.591,0.0,0.0,0.0,0.01,168243.25814
1642538,IT,AT,COPP1,DIST1,0.18,72338.856,4,4,72338.852,0.0,0.0,0.0,0.004,401882.533333
1649732,IT,BG,BASIC,FOOD5,0.08,72332.695,4,4,72332.69,0.0,0.0,0.0,0.005,904158.6875
1723285,IT,PT,GLASS,RESEA,0.2,72323.644,4,4,72323.64,0.0,0.0,0.0,0.004,361618.22
1774340,IT,CH,HOTEL,ELECT,0.52,72321.003,4,4,72320.998,0.0,0.0,0.0,0.005,139078.851923
1674667,IT,FR,GLASS,KEROS,0.2,72319.224,4,4,72319.22,0.0,0.0,0.0,0.004,361596.12
1723623,IT,PT,FABRI,LANDT,0.29,72317.17,4,4,72317.165,0.0,0.0,0.0,0.005,249369.551724
1683318,IT,HR,NONME,DAIRY,0.15,72317.015,4,4,72317.007,0.0,0.0,0.0,0.008,482113.433333
1650017,IT,BG,MACHI,FOOD5,0.4,72313.375,4,4,72313.369,0.0,0.0,0.0,0.006,180783.4375
1750389,IT,CN,FABRI,ELEC3,0.29,72312.003,4,4,72311.998,0.0,0.0,0.0,0.005,249351.734483
1801657,IT,WE,FURNI,PFERT,0.23,72309.783,4,4,72309.777,0.0,0.0,0.0,0.006,314390.36087
1778045,IT,TR,OFFIC,SALEM,0.22,72306.18,4,4,72306.175,0.0,0.0,0.0,0.005,328664.454545
1742834,IT,US,FABRI,93197,0.29,72304.902,4,4,72304.897,0.0,0.0,0.0,0.005,249327.248276
1788065,IT,WA,TEXTI,TRAN2,0.43,72297.621,4,4,72297.611,0.0,0.0,0.0,0.01,168134.002326
1656329,IT,DE,WOODW,VEGET,0.2,72296.809,4,4,72296.804,0.0,0.0,0.0,0.005,361484.045
1733032,IT,SI,COPP1,WEARI,0.18,72296.455,4,4,72296.451,0.0,0.0,0.0,0.004,401646.972222
1763294,IT,MX,PAPER,GLASS,0.28,72295.574,5,5,72294.567,0.0,1.0,0.0,0.007,258198.478571
1737493,IT,GB,LEATH,RECRE,0.52,72294.198,5,5,72293.185,0.0,1.0,0.0,0.013,139027.303846
1790107,IT,WA,BASIC,NAPHT,0.08,72293.614,4,4,72293.609,0.0,0.0,0.0,0.005,903670.175
1680400,IT,GR,ELEC2,FINAN,0.02,72292.643,4,4,72292.635,0.0,0.0,0.0,0.008,3614632.15
1765327,IT,RU,FOOD5,SUGA1,0.35,72290.66,4,4,72290.654,0.0,0.0,0.0,0.006,206544.742857
1731769,IT,SI,PAPER,MEAT1,0.28,72289.921,5,5,72288.914,0.0,1.0,0.0,0.007,258178.289286
1788474,IT,WA,PULP5,NONF1,0.22,72288.501,4,4,72288.494,0.0,0.0,0.0,0.007,328584.095455
1785816,IT,ZA,CHEM1,PFERT,0.15,72285.797,4,4,72285.789,0.0,0.0,0.0,0.008,481905.313333
1682286,IT,HR,LEATH,RETA1,0.52,72285.726,5,5,72284.713,0.0,1.0,0.0,0.013,139011.011538
1753468,IT,CA,FABRI,MEDIC,0.29,72285.1,4,4,72285.095,0.0,0.0,0.0,0.005,249258.965517
1814219,IT,WM,SUPPO,BUSIN,0.52,72283.775,4,4,72283.771,0.0,0.0,0.0,0.004,139007.259615
1654681,IT,CZ,LANDT,ELEC3,0.47,72283.605,4,4,72283.602,0.0,0.0,0.0,0.003,153794.904255
1733257,IT,SI,MACHI,COMPU,0.4,72281.384,4,4,72281.378,0.0,0.0,0.0,0.006,180703.46
1758144,IT,BR,NONME,CROPS,0.15,72281.181,4,4,72281.173,0.0,0.0,0.0,0.008,481874.54
1778777,IT,TR,LANDT,PRINT,0.47,72266.998,4,4,72266.995,0.0,0.0,0.0,0.003,153759.570213
1798665,IT,WE,VEGE1,MEAT1,0.22,72265.907,4,4,72265.891,0.0,0.0,0.0,0.016,328481.395455
1748572,IT,CN,VEGE1,RUBBE,0.22,72263.174,4,4,72263.158,0.0,0.0,0.0,0.016,328468.972727
1664348,IT,EE,FABRI,MOTO1,0.29,72255.952,4,4,72255.947,0.0,0.0,0.0,0.005,249158.455172
1667592,IT,ES,MACHI,OILSE,0.4,72253.592,4,4,72253.586,0.0,0.0,0.0,0.006,180633.98
1719631,IT,PL,CERAM,RENTI,0.11,72232.196,4,4,72232.192,0.0,0.0,0.0,0.004,656656.327273
1739367,IT,GB,RAILW,FABRI,0.48,72231.486,5,5,72230.483,0.0,0.0,1.0,0.003,150482.2625
1774676,IT,CH,AIRTR,REALE,0.08,72231.029,4,4,72231.027,0.0,0.0,0.0,0.002,902887.8625
1800867,IT,WE,BASIC,93197,0.08,72230.829,4,4,72230.824,0.0,0.0,0.0,0.005,902885.3625
1797471,IT,WL,RESEA,WHOLE,0.39,72227.492,4,4,72227.487,0.0,0.0,0.0,0.005,185198.697436
1681720,IT,HR,FISHF,HOTEL,0.12,72226.934,4,4,72226.931,0.0,0.0,0.0,0.003,601891.116667
1715488,IT,NL,KEROS,PUBLI,0.11,72225.6,4,4,72225.594,0.0,0.0,0.0,0.006,656596.363636
1750861,IT,CN,FURNI,STEAM,0.23,72219.137,4,4,72219.131,0.0,0.0,0.0,0.006,313996.247826
1793974,IT,WL,WOODW,PULP5,0.2,72219.036,4,4,72219.031,0.0,0.0,0.0,0.005,361095.18
1795645,IT,WL,FABRI,HEAVY,0.29,72215.076,4,4,72215.071,0.0,0.0,0.0,0.005,249017.503448
1667827,IT,ES,OFFIC,RAILW,0.22,72209.889,4,4,72209.884,0.0,0.0,0.0,0.005,328226.768182
1715310,IT,NL,PAPER,SUPPO,0.28,72200.692,5,5,72199.685,0.0,1.0,0.0,0.007,257859.614286
1678980,IT,GR,WEARI,HEALT,0.54,72185.533,4,4,72185.519,0.0,0.0,0.0,0.014,133676.912963
1799147,IT,WE,WEARI,CEMEN,0.54,72184.755,4,4,72184.741,0.0,0.0,0.0,0.014,133675.472222
1663609,IT,DK,BUSIN,PRINT,0.74,72184.657,4,4,72184.652,0.0,0.0,0.0,0.005,97546.833784
1811210,IT,WM,NAPHT,93197,0.12,72184.641,4,4,72184.636,0.0,0.0,0.0,0.005,601538.675
1791663,IT,WA,HOTEL,OFFIC,0.52,72172.5,4,4,72172.495,0.0,0.0,0.0,0.005,138793.269231
1804946,IT,WF,NONSP,HEAVY,0.09,72172.448,4,4,72172.444,0.0,0.0,0.0,0.004,801916.088889
1782924,IT,NO,AIRTR,NATUR,0.08,72169.058,4,4,72169.056,0.0,0.0,0.0,0.002,902113.225
1724045,IT,PT,WHOLE,TEXTI,0.62,72166.989,4,4,72166.985,0.0,0.0,0.0,0.004,116398.369355
1755821,IT,KR,CERAM,RESEA,0.11,72160.53,4,4,72160.526,0.0,0.0,0.0,0.004,656004.818182
1794228,IT,WL,PRINT,AUXIL,0.69,72160.234,4,4,72160.229,0.0,0.0,0.0,0.005,104580.049275
1720718,IT,PL,TRANS,FORES,0.43,72158.359,4,4,72158.355,0.0,0.0,0.0,0.004,167810.137209
1799038,IT,WE,TEXTI,BASIC,0.43,72157.252,4,4,72157.242,0.0,0.0,0.0,0.01,167807.562791
1766504,IT,RU,ALUM1,WHOLE,0.13,72156.538,4,4,72156.532,0.0,0.0,0.0,0.006,555050.292308
1656564,IT,DE,PRINT,DAIRY,0.69,72156.191,4,4,72156.186,0.0,0.0,0.0,0.005,104574.189855
1641530,IT,AT,HEAVY,PREC1,0.12,72153.428,4,4,72153.422,0.0,0.0,0.0,0.006,601278.566667
1675632,IT,FR,MOTO1,PLAS1,0.38,72147.386,4,4,72147.381,0.0,0.0,0.0,0.005,189861.542105
1738169,IT,GB,GLASS,RENTI,0.2,72144.789,4,4,72144.785,0.0,0.0,0.0,0.004,360723.945
1741259,IT,US,PAPER,CRUDE,0.28,72144.364,5,5,72143.357,0.0,1.0,0.0,0.007,257658.442857
1740801,IT,US,VEGE1,FISH5,0.22,72141.977,4,4,72141.961,0.0,0.0,0.0,0.016,327918.077273
1750245,IT,CN,COPP1,CERAM,0.18,72140.503,4,4,72140.499,0.0,0.0,0.0,0.004,400780.572222
1737164,IT,GB,VEGE1,BUSIN,0.22,72128.15,4,4,72128.134,0.0,0.0,0.0,0.016,327855.227273
1748885,IT,CN,WEARI,PRINT,0.54,72124.947,4,4,72124.933,0.0,0.0,0.0,0.014,133564.716667
1747959,IT,JP,RESEA,MOTO1,0.39,72119.669,4,4,72119.664,0.0,0.0,0.0,0.005,184922.228205
1680269,IT,GR,FURNI,BEVER,0.23,72118.467,4,4,72118.461,0.0,0.0,0.0,0.006,313558.552174
1805652,IT,WF,NONME,WHOLE,0.15,72110.524,4,4,72110.516,0.0,0.0,0.0,0.008,480736.826667
1646477,IT,BE,MACHI,ALUM1,0.4,72110.253,4,4,72110.247,0.0,0.0,0.0,0.006,180275.6325
1795363,IT,WL,BASIC,COKIN,0.08,72105.704,4,4,72105.699,0.0,0.0,0.0,0.005,901321.3
1642822,IT,AT,OFFIC,TRANS,0.22,72105.423,4,4,72105.418,0.0,0.0,0.0,0.005,327751.922727
1657808,IT,DE,NONME,OFFIC,0.15,72099.908,4,4,72099.9,0.0,0.0,0.0,0.008,480666.053333
1746632,IT,JP,LEAD1,BASIC,0.13,72097.651,4,4,72097.645,0.0,0.0,0.0,0.006,554597.315385
1805335,IT,WF,RUBBE,LEADZ,0.24,72093.307,4,4,72093.3,0.0,0.0,0.0,0.007,300388.779167
1788961,IT,WA,HEAVY,RUBBE,0.12,72091.413,4,4,72091.407,0.0,0.0,0.0,0.006,600761.775
1786058,IT,ZA,CEMEN,PIGS9,0.12,72081.308,4,4,72081.305,0.0,0.0,0.0,0.003,600677.566667
1740196,IT,GB,BUSIN,TEXTI,0.74,72079.886,4,4,72079.881,0.0,0.0,0.0,0.005,97405.251351
1683373,IT,HR,BASIC,PIGS9,0.08,72078.733,4,4,72078.728,0.0,0.0,0.0,0.005,900984.1625
1728354,IT,SE,TEXTI,PLAST,0.43,72064.133,4,4,72064.123,0.0,0.0,0.0,0.01,167591.006977
1811905,IT,WM,RUBBE,ELEC6,0.24,72060.99,4,4,72060.983,0.0,0.0,0.0,0.007,300254.125
1778545,IT,TR,RETA1,FABRI,0.75,72058.954,4,4,72058.949,0.0,0.0,0.0,0.005,96078.605333
1761915,IT,IN,FURNI,MOTOR,0.23,72048.969,4,4,72048.963,0.0,0.0,0.0,0.006,313256.386957
1651993,IT,CZ,VEGET,MEATA,0.26,72048.354,4,4,72048.351,0.0,0.0,0.0,0.003,277109.053846
1648413,IT,BE,PRIVA,GASDI,16.08,72045.201,5,5,72044.19,1.0,0.0,0.0,0.011,4480.422948
1679217,IT,GR,MOTOR,WHOLE,0.11,72044.178,4,4,72044.172,0.0,0.0,0.0,0.006,654947.072727
1726258,IT,RO,BASIC,TEXTI,0.08,72042.499,4,4,72042.494,0.0,0.0,0.0,0.005,900531.2375
1682401,IT,HR,PAPER,VEGE1,0.28,72041.844,5,5,72040.837,0.0,1.0,0.0,0.007,257292.3
1677887,IT,FR,BUSIN,BIOGA,0.74,72036.384,4,4,72036.379,0.0,0.0,0.0,0.005,97346.464865
1648149,IT,BE,BUSIN,STONE,0.74,72032.598,4,4,72032.593,0.0,0.0,0.0,0.005,97341.348649
1780055,IT,TW,WHOLE,MOTOR,0.62,72029.355,4,4,72029.351,0.0,0.0,0.0,0.004,116176.379032
1667418,IT,ES,COPP1,SALEM,0.18,72022.815,4,4,72022.811,0.0,0.0,0.0,0.004,400126.75
1758489,IT,BR,MACHI,NONSP,0.4,72021.69,4,4,72021.684,0.0,0.0,0.0,0.006,180054.225
1729182,IT,SE,GLASS,FOOD2,0.2,72021.18,4,4,72021.176,0.0,0.0,0.0,0.004,360105.9
1786164,IT,ZA,BASIC,PUBLI,0.08,72012.89,4,4,72012.885,0.0,0.0,0.0,0.005,900161.125
1778451,IT,TR,WHOLE,ELEC1,0.62,72010.727,4,4,72010.723,0.0,0.0,0.0,0.004,116146.333871
1655568,IT,DE,STONE,BUSIN,0.23,72003.149,5,5,71999.146,0.0,0.0,4.0,0.003,313057.169565
1659451,IT,DE,WHOLE,RENTI,0.62,72000.237,4,4,72000.233,0.0,0.0,0.0,0.004,116129.414516
1774294,IT,CH,HOTEL,CHEMI,0.52,71995.261,4,4,71995.256,0.0,0.0,0.0,0.005,138452.425
1786474,IT,ZA,MOTO1,MEDIC,0.38,71994.633,4,4,71994.628,0.0,0.0,0.0,0.005,189459.560526
1643736,IT,AT,SUPPO,SALEM,0.52,71982.51,4,4,71982.506,0.0,0.0,0.0,0.004,138427.903846
1795636,IT,WL,FABRI,LEATH,0.29,71980.157,4,4,71980.152,0.0,0.0,0.0,0.005,248207.437931
1672769,IT,FR,MEATC,PUBLI,0.24,71978.248,5,5,71977.243,0.0,1.0,0.0,0.005,299909.366667
1677508,IT,FR,AUXIL,COLLE,1.32,71976.808,4,4,71976.804,0.0,0.0,0.0,0.004,54527.884848
1674874,IT,FR,NONME,COLLE,0.15,71974.042,4,4,71974.034,0.0,0.0,0.0,0.008,479826.946667
1666260,IT,ES,HEAVY,RAILW,0.12,71973.941,4,4,71973.935,0.0,0.0,0.0,0.006,599782.841667
1772279,IT,CH,NAPHT,RADIO,0.12,71970.958,4,4,71970.953,0.0,0.0,0.0,0.005,599757.983333
1782809,IT,NO,HOTEL,RETA1,0.52,71965.225,4,4,71965.22,0.0,0.0,0.0,0.005,138394.663462
1668168,IT,ES,SALEM,CONST,0.58,71958.534,4,4,71958.53,0.0,0.0,0.0,0.004,124066.437931
1786044,IT,ZA,CERAM,RETA1,0.11,71958.451,4,4,71958.447,0.0,0.0,0.0,0.004,654167.736364
1663713,IT,EE,MEATC,SEACO,0.24,71957.638,5,5,71956.633,0.0,1.0,0.0,0.005,299823.491667
1780119,IT,TW,HOTEL,FISH5,0.52,71954.448,4,4,71954.443,0.0,0.0,0.0,0.005,138373.938462
1688015,IT,HU,RENTI,HEALT,0.43,71949.332,4,4,71949.328,0.0,0.0,0.0,0.004,167324.027907
1809429,IT,WM,CHEMI,FOUND,0.17,71946.821,5,5,71942.814,0.0,0.0,4.0,0.007,423216.594118
1709812,IT,LT,RUBBE,MEDIC,0.24,71942.484,4,4,71942.477,0.0,0.0,0.0,0.007,299760.35
1725106,IT,RO,STONE,ELEC1,0.23,71940.497,5,5,71936.494,0.0,0.0,4.0,0.003,312784.769565
1666527,IT,ES,CHEM1,OILSE,0.15,71939.084,4,4,71939.076,0.0,0.0,0.0,0.008,479593.893333
1666862,IT,ES,GLASS,GASDI,0.2,71936.887,4,4,71936.883,0.0,0.0,0.0,0.004,359684.435
1758967,IT,BR,LANDT,SUGAR,0.46,71935.379,4,4,71935.376,0.0,0.0,0.0,0.003,156381.258696
1660047,IT,DE,AIRTR,WEARI,0.08,71934.404,4,4,71934.402,0.0,0.0,0.0,0.002,899180.05
1734460,IT,SK,FISHF,TEXTI,0.12,71932.657,4,4,71932.654,0.0,0.0,0.0,0.003,599438.808333
1719107,IT,PL,NONSP,WHOLE,0.09,71930.951,4,4,71930.947,0.0,0.0,0.0,0.004,799232.788889
1756416,IT,KR,FURNI,93197,0.23,71929.227,4,4,71929.221,0.0,0.0,0.0,0.006,312735.769565
1785741,IT,ZA,PLAST,TOBAC,0.15,71928.211,4,4,71928.204,0.0,0.0,0.0,0.007,479521.406667
1688503,IT,IE,WOODW,STONE,0.2,71927.819,4,4,71927.814,0.0,0.0,0.0,0.005,359639.095
1798554,IT,WE,CHEMI,WEARI,0.17,71924.387,5,5,71920.38,0.0,0.0,4.0,0.007,423084.629412
1783667,IT,NO,WASTE,NONF1,0.23,71920.367,4,4,71920.363,0.0,0.0,0.0,0.004,312697.247826
1801649,IT,WE,FURNI,PAPER,0.23,71917.579,4,4,71917.573,0.0,0.0,0.0,0.006,312685.126087
1650820,IT,BG,LANDT,WEARI,0.46,71916.637,4,4,71916.634,0.0,0.0,0.0,0.003,156340.515217
1667325,IT,ES,ALUM1,RENTI,0.12,71916.204,4,4,71916.198,0.0,0.0,0.0,0.006,599301.7
1745883,IT,JP,LEATH,COKE1,0.52,71914.379,5,5,71913.367,0.0,1.0,0.0,0.012,138296.882692
1812447,IT,WM,PREC1,BRICK,0.12,71913.317,4,4,71913.314,0.0,0.0,0.0,0.003,599277.641667
1667765,IT,ES,OFFIC,FISH5,0.22,71908.595,4,4,71908.59,0.0,0.0,0.0,0.005,326857.25
1688400,IT,IE,BEVER,CATTL,0.31,71905.889,4,4,71905.884,0.0,0.0,0.0,0.005,231954.480645
1746426,IT,JP,RUBBE,PUBLI,0.24,71905.018,4,4,71905.011,0.0,0.0,0.0,0.007,299604.241667
1715506,IT,NL,GASDI,PIGS9,0.11,71892.06,4,4,71892.054,0.0,0.0,0.0,0.006,653564.181818
1745078,IT,US,PUBLI,SEACO,1.18,71890.285,4,4,71890.28,0.0,0.0,0.0,0.005,60923.970339
1796020,IT,WL,MOTO1,COMPU,0.38,71890.075,4,4,71890.07,0.0,0.0,0.0,0.005,189184.407895
1804844,IT,WF,NAPHT,93197,0.12,71889.028,4,4,71889.023,0.0,0.0,0.0,0.005,599075.233333
1717561,IT,NL,COMPU,PRINT,0.82,71887.189,4,4,71887.184,0.0,0.0,0.0,0.005,87667.303659
1799769,IT,WE,KEROS,INSUR,0.11,71881.825,4,4,71881.819,0.0,0.0,0.0,0.006,653471.136364
1788347,IT,WA,LEATH,WASTE,0.51,71880.397,5,5,71879.385,0.0,1.0,0.0,0.012,140941.954902
1811453,IT,WM,PLAST,ALUM1,0.15,71873.535,4,4,71873.528,0.0,0.0,0.0,0.007,479156.9
1779732,IT,TR,BUSIN,PRINT,0.74,71872.868,4,4,71872.863,0.0,0.0,0.0,0.005,97125.497297
1796031,IT,WL,TRANS,WHEAT,0.43,71869.482,4,4,71869.478,0.0,0.0,0.0,0.004,167138.330233
1751148,IT,CN,HOTEL,CROPS,0.52,71868.733,4,4,71868.728,0.0,0.0,0.0,0.005,138209.101923
1664945,IT,ES,STONE,WHOLE,0.23,71863.286,5,5,71859.283,0.0,0.0,4.0,0.003,312449.069565
1686289,IT,HU,CEMEN,PULP5,0.11,71847.316,4,4,71847.313,0.0,0.0,0.0,0.003,653157.418182
1670551,IT,FI,TEXTI,RUBBE,0.43,71846.947,4,4,71846.937,0.0,0.0,0.0,0.01,167085.923256
1674601,IT,FR,RUBBE,FINAN,0.24,71844.547,4,4,71844.54,0.0,0.0,0.0,0.007,299352.279167
1782127,IT,NO,CERAM,PUBLI,0.11,71844.416,4,4,71844.412,0.0,0.0,0.0,0.004,653131.054545
1676214,IT,FR,CONST,INSUR,0.4,71843.983,4,4,71843.979,0.0,0.0,0.0,0.004,179609.9575
1806930,IT,WF,RAILW,RAILW,0.48,71842.704,5,5,71841.701,0.0,0.0,1.0,0.003,149672.3
1688640,IT,IE,PLAST,RENTI,0.15,71840.95,4,4,71840.943,0.0,0.0,0.0,0.007,478939.666667
1751887,IT,CN,COMPU,COKEO,0.82,71838.585,4,4,71838.58,0.0,0.0,0.0,0.005,87608.030488
1803766,IT,WF,TEXTI,POULT,0.43,71835.576,4,4,71835.566,0.0,0.0,0.0,0.01,167059.47907
1809721,IT,WM,SUGA1,FOOD5,0.18,71831.807,4,4,71831.795,0.0,0.0,0.0,0.012,399065.594444
1805013,IT,WF,PLAST,HEAVY,0.15,71828.336,4,4,71828.329,0.0,0.0,0.0,0.007,478855.573333
1763176,IT,MX,LEATH,FABRI,0.51,71824.724,5,5,71823.712,0.0,1.0,0.0,0.012,140832.792157
1755682,IT,KR,RUBBE,DIST1,0.24,71820.552,4,4,71820.545,0.0,0.0,0.0,0.007,299252.3
1686220,IT,HU,GLASS,SUPPO,0.2,71819.774,4,4,71819.77,0.0,0.0,0.0,0.004,359098.87
1716184,IT,NL,ALUM1,BASIC,0.12,71818.737,4,4,71818.731,0.0,0.0,0.0,0.006,598489.475
1780076,IT,TW,WHOLE,MOTO1,0.62,71818.189,4,4,71818.185,0.0,0.0,0.0,0.004,115835.78871
1721837,IT,PL,REALE,LEAD1,3.03,71812.805,4,4,71812.8,0.0,0.0,0.0,0.005,23700.59571
1673164,IT,FR,BEVER,RUBBE,0.31,71806.682,4,4,71806.677,0.0,0.0,0.0,0.005,231634.458065
1768678,IT,AU,TEXTI,MOTO1,0.43,71806.316,4,4,71806.306,0.0,0.0,0.0,0.01,166991.432558
1738410,IT,GB,ALUM1,LEATH,0.12,71804.267,4,4,71804.261,0.0,0.0,0.0,0.006,598368.891667
1768989,IT,AU,PAPER,POSTT,0.28,71794.942,5,5,71793.935,0.0,1.0,0.0,0.007,256410.507143
1757878,IT,BR,CHEM1,PETRO,0.15,71786.35,4,4,71786.342,0.0,0.0,0.0,0.008,478575.666667
1769651,IT,AU,FABRI,RADIO,0.29,71781.299,4,4,71781.294,0.0,0.0,0.0,0.005,247521.72069
1660345,IT,DE,FINAN,WOODW,0.93,71780.324,4,4,71780.322,0.0,0.0,0.0,0.002,77183.144086
1672394,IT,FI,BUSIN,TRANS,0.74,71778.921,4,4,71778.916,0.0,0.0,0.0,0.005,96998.541892
1666246,IT,ES,HEAVY,MEDIC,0.12,71777.245,4,4,71777.239,0.0,0.0,0.0,0.006,598143.708333
1736382,IT,SK,LANDT,MEAT1,0.46,71776.961,4,4,71776.958,0.0,0.0,0.0,0.003,156036.871739
1679057,IT,GR,WOODW,WHOLE,0.2,71771.648,4,4,71771.643,0.0,0.0,0.0,0.005,358858.24
1750608,IT,CN,OFFIC,ELEC8,0.22,71771.09,4,4,71771.085,0.0,0.0,0.0,0.005,326232.227273
1657870,IT,DE,BASIC,ANTHR,0.08,71765.626,4,4,71765.621,0.0,0.0,0.0,0.005,897070.325
1713060,IT,MT,VEGE1,FISH5,0.22,71757.923,4,4,71757.907,0.0,0.0,0.0,0.016,326172.377273
1789884,IT,WA,BRICK,SANDC,0.11,71757.799,4,4,71757.794,0.0,0.0,0.0,0.005,652343.627273
1668742,IT,ES,LANDT,COPP1,0.46,71756.662,4,4,71756.659,0.0,0.0,0.0,0.003,155992.743478
1773451,IT,CH,OFFIC,MOTO1,0.22,71755.998,4,4,71755.993,0.0,0.0,0.0,0.005,326163.627273
1813367,IT,WM,FURNI,GLASS,0.23,71753.556,4,4,71753.55,0.0,0.0,0.0,0.006,311971.982609
1795897,IT,WL,OFFIC,SUPPO,0.22,71743.751,4,4,71743.746,0.0,0.0,0.0,0.005,326107.959091
1764030,IT,MX,COPP1,MACHI,0.18,71735.452,4,4,71735.448,0.0,0.0,0.0,0.004,398530.288889
1670898,IT,FI,CHEM1,CEREA,0.15,71733.081,4,4,71733.073,0.0,0.0,0.0,0.008,478220.54
1780107,IT,TW,HOTEL,FORES,0.52,71732.342,4,4,71732.337,0.0,0.0,0.0,0.005,137946.811538
1646321,IT,BE,NONF1,FOOD3,0.02,71731.918,3,3,71731.918,0.0,0.0,0.0,0.0,3586595.9
1751015,IT,CN,WHOLE,PAPER,0.62,71728.061,4,4,71728.057,0.0,0.0,0.0,0.004,115690.420968
1710675,IT,LU,DAIRY,FOOD5,0.29,71723.982,5,5,71722.977,0.0,1.0,0.0,0.005,247324.075862
1809358,IT,WM,SANDC,INSUR,0.16,71723.749,5,5,71707.746,0.0,0.0,16.0,0.003,448273.43125
1747558,IT,JP,AIRTR,REFI1,0.08,71721.3,4,4,71721.298,0.0,0.0,0.0,0.002,896516.25
1773703,IT,CH,FURNI,RAILW,0.23,71717.272,4,4,71717.266,0.0,0.0,0.0,0.006,311814.226087
1655669,IT,DE,CHEMI,ADDIT,0.17,71710.947,5,5,71706.94,0.0,0.0,4.0,0.007,421829.1
1686469,IT,HU,BASIC,WOOD2,0.08,71706.629,4,4,71706.624,0.0,0.0,0.0,0.005,896332.8625
1771493,IT,CH,BEVER,COMPU,0.3,71702.924,4,4,71702.919,0.0,0.0,0.0,0.005,239009.746667
1751179,IT,CN,HOTEL,BEVER,0.52,71700.146,4,4,71700.141,0.0,0.0,0.0,0.005,137884.896154
1682594,IT,HR,KEROS,POULT,0.11,71699.801,4,4,71699.795,0.0,0.0,0.0,0.006,651816.372727
1675814,IT,FR,FURNI,MEMBE,0.23,71698.285,4,4,71698.279,0.0,0.0,0.0,0.006,311731.673913
1794313,IT,WL,MOTOR,LEAD1,0.11,71697.671,4,4,71697.665,0.0,0.0,0.0,0.006,651797.009091
1683818,IT,HR,OFFIC,PUBLI,0.22,71696.466,4,4,71696.461,0.0,0.0,0.0,0.005,325893.027273
1727017,IT,RO,HOTEL,FOOD2,0.52,71683.814,4,4,71683.809,0.0,0.0,0.0,0.005,137853.488462
1688419,IT,IE,BEVER,WHOLE,0.3,71682.862,4,4,71682.857,0.0,0.0,0.0,0.005,238942.873333
1775050,IT,CH,RENTI,PLAST,0.43,71679.356,4,4,71679.352,0.0,0.0,0.0,0.004,166696.176744
1726133,IT,RO,RUBBE,PUBLI,0.24,71675.62,4,4,71675.614,0.0,0.0,0.0,0.006,298648.416667
1673352,IT,FR,TEXTI,AUXIL,0.42,71674.196,4,4,71674.186,0.0,0.0,0.0,0.01,170652.847619
1666367,IT,ES,NAPHT,BEVER,0.12,71671.283,4,4,71671.278,0.0,0.0,0.0,0.005,597260.691667
1660076,IT,DE,AIRTR,NONME,0.08,71668.829,4,4,71668.827,0.0,0.0,0.0,0.002,895860.3625
1803070,IT,WF,CEREA,SALEM,0.12,71667.467,4,4,71667.463,0.0,0.0,0.0,0.004,597228.891667
1727840,IT,RO,BUSIN,AIRTR,0.74,71666.958,4,4,71666.953,0.0,0.0,0.0,0.005,96847.240541
1801548,IT,WE,TRANS,BITUM,0.43,71662.022,4,4,71662.018,0.0,0.0,0.0,0.004,166655.865116
1807096,IT,WF,SEACO,LANDT,0.07,71656.514,3,3,71656.514,0.0,0.0,0.0,0.0,1023664.485714
1757666,IT,BR,HEAVY,LUBRI,0.12,71656.339,4,4,71656.333,0.0,0.0,0.0,0.006,597136.158333
1680891,IT,GR,LANDT,FABRI,0.46,71652.877,4,4,71652.874,0.0,0.0,0.0,0.003,155767.123913
1671847,IT,FI,RETA1,EDUCA,0.75,71639.782,4,4,71639.777,0.0,0.0,0.0,0.005,95519.709333
1757176,IT,BR,CHEMI,HEALT,0.17,71631.537,5,5,71627.53,0.0,0.0,4.0,0.007,421361.982353
1715537,IT,NL,GASDI,HOTEL,0.11,71627.253,4,4,71627.247,0.0,0.0,0.0,0.006,651156.845455
1718980,IT,PL,PRINT,MEMBE,0.69,71625.192,4,4,71625.187,0.0,0.0,0.0,0.005,103804.626087
1661512,IT,DK,FOOD5,FURNI,0.34,71624.695,4,4,71624.689,0.0,0.0,0.0,0.006,210660.867647
1721025,IT,PL,HOTEL,WOODW,0.52,71622.838,4,4,71622.833,0.0,0.0,0.0,0.005,137736.226923
1777185,IT,TR,RUBBE,PLANT,0.24,71620.69,4,4,71620.684,0.0,0.0,0.0,0.006,298419.541667
1778303,IT,TR,SALEM,MACHI,0.58,71618.513,4,4,71618.509,0.0,0.0,0.0,0.004,123480.194828
1718010,IT,PL,CHEMI,PLAST,0.17,71613.26,5,5,71609.253,0.0,0.0,4.0,0.007,421254.470588
1720553,IT,PL,OFFIC,MACHI,0.22,71613.209,4,4,71613.204,0.0,0.0,0.0,0.005,325514.586364
1767406,IT,RU,LANDT,PFERT,0.46,71607.213,4,4,71607.21,0.0,0.0,0.0,0.003,155667.854348
1670945,IT,FI,CHEM1,ALUM1,0.15,71601.01,4,4,71601.002,0.0,0.0,0.0,0.008,477340.066667
1659601,IT,DE,HOTEL,BIODI,0.52,71593.949,4,4,71593.944,0.0,0.0,0.0,0.005,137680.671154
1747202,IT,JP,CONST,COMPU,0.4,71588.114,4,4,71588.11,0.0,0.0,0.0,0.004,178970.285
1661781,IT,DK,LEATH,PUBLI,0.51,71583.736,5,5,71582.724,0.0,1.0,0.0,0.012,140360.266667
1656308,IT,DE,LEATH,TRANS,0.51,71583.53,5,5,71582.518,0.0,1.0,0.0,0.012,140359.862745
1757097,IT,KR,BUSIN,MEMBE,0.74,71572.651,4,4,71572.646,0.0,0.0,0.0,0.005,96719.798649
1766766,IT,RU,MACHI,PRINT,0.4,71572.374,4,4,71572.368,0.0,0.0,0.0,0.006,178930.935
1716526,IT,NL,MOTO1,CONST,0.38,71564.33,4,4,71564.325,0.0,0.0,0.0,0.005,188327.184211
1805498,IT,WF,CERAM,NONFE,0.11,71563.196,4,4,71563.192,0.0,0.0,0.0,0.004,650574.509091
1796985,IT,WL,AIRTR,MEDIC,0.08,71557.655,4,4,71557.653,0.0,0.0,0.0,0.002,894470.6875
1640157,IT,AT,VEGET,MEATC,0.25,71552.33,4,4,71552.327,0.0,0.0,0.0,0.003,286209.32
1728574,IT,SE,PAPER,OFFIC,0.28,71532.533,5,5,71531.526,0.0,1.0,0.0,0.007,255473.332143
1806510,IT,WF,TRANS,BUSIN,0.43,71530.689,4,4,71530.685,0.0,0.0,0.0,0.004,166350.439535
1683320,IT,HR,NONME,BEVER,0.14,71529.581,4,4,71529.573,0.0,0.0,0.0,0.008,510925.578571
1739892,IT,GB,FINAN,SEACO,0.93,71528.409,4,4,71528.407,0.0,0.0,0.0,0.002,76912.267742
1758688,IT,BR,SALEM,MOTO1,0.58,71525.159,4,4,71525.155,0.0,0.0,0.0,0.004,123319.239655
1754268,IT,CA,POSTT,REALE,1.18,71524.511,4,4,71524.506,0.0,0.0,0.0,0.005,60613.992373
1729743,IT,SE,MACHI,NUCLE,0.4,71522.705,4,4,71522.699,0.0,0.0,0.0,0.006,178806.7625
1760014,IT,BR,INTER,FOOD4,0.43,71517.117,4,4,71517.112,0.0,0.0,0.0,0.005,166318.876744
1789504,IT,WA,ADDIT,CHARC,0.17,71515.464,5,5,71514.458,0.0,1.0,0.0,0.006,420679.2
1740132,IT,GB,COMPU,FURNI,0.82,71513.78,4,4,71513.776,0.0,0.0,0.0,0.004,87211.926829
1803172,IT,WF,OILSE,HEALT,0.05,71512.543,5,5,71511.54,0.0,1.0,0.0,0.003,1430250.86
1678600,IT,GR,FISHF,FISHF,0.12,71499.573,4,4,71499.57,0.0,0.0,0.0,0.003,595829.775
1688656,IT,IE,CHEM1,RAWMI,0.15,71496.817,4,4,71496.809,0.0,0.0,0.0,0.008,476645.446667
1758671,IT,BR,FURNI,BUSIN,0.23,71493.439,4,4,71493.433,0.0,0.0,0.0,0.006,310841.03913
1811954,IT,WM,GLASS,NATU1,0.2,71488.864,4,4,71488.86,0.0,0.0,0.0,0.004,357444.32
1654192,IT,CZ,MOTO1,RETA1,0.38,71488.122,4,4,71488.117,0.0,0.0,0.0,0.005,188126.636842
1649378,IT,BG,CHEM1,PIGS9,0.15,71479.26,4,4,71479.252,0.0,0.0,0.0,0.008,476528.4
1761610,IT,IN,FABRI,VEGET,0.29,71476.303,4,4,71476.298,0.0,0.0,0.0,0.005,246470.010345
1773742,IT,CH,ELEC1,SUPPO,0.01,71474.13,4,4,71474.125,0.0,0.0,0.0,0.005,7147413.0
1710605,IT,LU,FISHF,FOOD5,0.12,71472.605,4,4,71472.602,0.0,0.0,0.0,0.003,595605.041667
1756322,IT,KR,MOTO1,HOTEL,0.38,71471.876,4,4,71471.871,0.0,0.0,0.0,0.005,188083.884211
1719797,IT,PL,BASIC,BITU1,0.08,71471.849,4,4,71471.844,0.0,0.0,0.0,0.005,893398.1125
1758944,IT,BR,RAILW,BASIC,0.48,71470.014,4,4,71470.011,0.0,0.0,0.0,0.003,148895.8625
1812276,IT,WM,BASIC,POULT,0.08,71469.897,4,4,71469.892,0.0,0.0,0.0,0.005,893373.7125
1765662,IT,RU,PAPER,PROCE,0.28,71469.586,5,5,71468.579,0.0,1.0,0.0,0.007,255248.521429
1735158,IT,SK,RUBBE,MEAT1,0.24,71468.696,4,4,71468.69,0.0,0.0,0.0,0.006,297786.233333
1800802,IT,WE,BASIC,FOOD5,0.08,71467.999,4,4,71467.994,0.0,0.0,0.0,0.005,893349.9875
1712321,IT,LV,RUBBE,PRINT,0.24,71467.213,4,4,71467.207,0.0,0.0,0.0,0.006,297780.054167
1710664,IT,LU,VEGE1,PREC1,0.22,71452.378,4,4,71452.362,0.0,0.0,0.0,0.016,324783.536364
1716130,IT,NL,PREC1,CEMEN,0.12,71438.216,4,4,71438.213,0.0,0.0,0.0,0.003,595318.466667
1646688,IT,BE,FURNI,WHOLE,0.23,71428.524,4,4,71428.518,0.0,0.0,0.0,0.006,310558.8
1728270,IT,SE,BEVER,SUGA1,0.3,71427.844,4,4,71427.839,0.0,0.0,0.0,0.005,238092.813333
1792470,IT,WA,AUXIL,REALE,1.31,71411.461,4,4,71411.458,0.0,0.0,0.0,0.003,54512.565649
1812758,IT,WM,NONF1,RETA1,0.02,71408.747,3,3,71408.747,0.0,0.0,0.0,0.0,3570437.35
1752640,IT,CA,TEXTI,SALEM,0.42,71401.599,4,4,71401.59,0.0,0.0,0.0,0.009,170003.807143
1661842,IT,DK,PAPER,WEARI,0.28,71391.044,5,5,71390.037,0.0,1.0,0.0,0.007,254968.014286
1731934,IT,SI,MOTOR,ELEC4,0.11,71380.109,4,4,71380.103,0.0,0.0,0.0,0.006,648910.081818
1715733,IT,NL,PLAST,BUSIN,0.15,71374.556,4,4,71374.549,0.0,0.0,0.0,0.007,475830.373333
1799087,IT,WE,WEARI,CATTL,0.54,71358.516,4,4,71358.502,0.0,0.0,0.0,0.014,132145.4
1794122,IT,WL,PAPER,RETAI,0.28,71349.858,5,5,71348.851,0.0,1.0,0.0,0.007,254820.921429
1750041,IT,CN,NONME,WHOLE,0.14,71333.153,4,4,71333.145,0.0,0.0,0.0,0.008,509522.521429
1655519,IT,DE,CRUDE,COMPU,0.14,71324.618,4,4,71324.612,0.0,0.0,0.0,0.006,509461.557143
1814114,IT,WM,AIRTR,COPP1,0.08,71322.445,4,4,71322.443,0.0,0.0,0.0,0.002,891530.5625
1739559,IT,GB,TRAN2,RETAI,0.11,71321.297,4,4,71321.295,0.0,0.0,0.0,0.002,648375.427273
1814618,IT,WM,HEALT,HEALT,0.37,71319.76,4,4,71319.757,0.0,0.0,0.0,0.003,192756.108108
1718698,IT,PL,WOODW,LANDT,0.2,71319.505,4,4,71319.5,0.0,0.0,0.0,0.005,356597.525
1674213,IT,FR,LIQUE,SALEM,0.12,71318.198,4,4,71318.192,0.0,0.0,0.0,0.006,594318.316667
1727268,IT,RO,SUPPO,COMPU,0.51,71317.245,4,4,71317.241,0.0,0.0,0.0,0.004,139837.735294
1650867,IT,BG,LANDT,LANDT,0.46,71316.757,4,4,71316.754,0.0,0.0,0.0,0.003,155036.428261
1743898,IT,US,SEACO,ELECT,0.07,71311.911,3,3,71311.911,0.0,0.0,0.0,0.0,1018741.585714
1728529,IT,SE,WOODW,OILHA,0.2,71310.778,4,4,71310.773,0.0,0.0,0.0,0.005,356553.89
1667111,IT,ES,NONME,93197,0.14,71305.804,4,4,71305.796,0.0,0.0,0.0,0.008,509327.171429
1782031,IT,NO,RUBBE,EDUCA,0.24,71304.96,4,4,71304.954,0.0,0.0,0.0,0.006,297104.0
1795998,IT,WL,MOTO1,TRAN1,0.38,71303.677,4,4,71303.672,0.0,0.0,0.0,0.005,187641.255263
1720866,IT,PL,FURNI,MEMBE,0.23,71296.026,4,4,71296.02,0.0,0.0,0.0,0.006,309982.721739
1680662,IT,GR,WHOLE,PRINT,0.62,71293.209,4,4,71293.205,0.0,0.0,0.0,0.004,114989.046774
1641897,IT,AT,BIODI,OFFIC,0.15,71292.858,4,4,71292.85,0.0,0.0,0.0,0.008,475285.72
1807539,IT,WF,RENTI,RETA1,0.43,71291.927,4,4,71291.923,0.0,0.0,0.0,0.004,165795.17907
1729507,IT,SE,ALUM1,COMPU,0.12,71291.645,4,4,71291.639,0.0,0.0,0.0,0.006,594097.041667
1780986,IT,TW,BUSIN,CERAM,0.73,71290.718,4,4,71290.713,0.0,0.0,0.0,0.005,97658.517808
1729161,IT,SE,GLASS,STEAM,0.2,71290.391,4,4,71290.387,0.0,0.0,0.0,0.004,356451.955
1676079,IT,FR,ELEC7,LANDT,0.05,71282.5,3,3,71282.5,0.0,0.0,0.0,0.0,1425650.0
1679823,IT,GR,ALUM1,PAPER,0.12,71279.147,4,4,71279.141,0.0,0.0,0.0,0.006,593992.891667
1679541,IT,GR,RUBBE,VEGE1,0.24,71278.106,4,4,71278.1,0.0,0.0,0.0,0.006,296992.108333
1642255,IT,AT,NONME,BASIC,0.14,71276.499,4,4,71276.491,0.0,0.0,0.0,0.008,509117.85
1732465,IT,SI,CHEM1,MOTO1,0.15,71273.612,4,4,71273.604,0.0,0.0,0.0,0.008,475157.413333
1788446,IT,WA,PULP5,LEATH,0.22,71268.648,4,4,71268.641,0.0,0.0,0.0,0.007,323948.4
1715212,IT,NL,WOODW,TRANS,0.2,71263.455,4,4,71263.45,0.0,0.0,0.0,0.005,356317.275
1796330,IT,WL,SALEM,EDUCA,0.58,71263.115,4,4,71263.111,0.0,0.0,0.0,0.004,122867.439655
1755933,IT,KR,BASIC,SUPPO,0.08,71255.757,4,4,71255.752,0.0,0.0,0.0,0.005,890696.9625
1743945,IT,US,INLAN,RADIO,0.12,71254.183,4,4,71254.178,0.0,0.0,0.0,0.005,593784.858333
1715794,IT,NL,RUBBE,POULT,0.24,71254.002,4,4,71253.996,0.0,0.0,0.0,0.006,296891.675
1720220,IT,PL,COPP1,FOOD3,0.18,71251.507,4,4,71251.503,0.0,0.0,0.0,0.004,395841.705556
1773450,IT,CH,OFFIC,MEDIC,0.22,71250.075,4,4,71250.07,0.0,0.0,0.0,0.005,323863.977273
1801647,IT,WE,FURNI,LEATH,0.23,71240.45,4,4,71240.444,0.0,0.0,0.0,0.006,309741.086957
1720818,IT,PL,FURNI,RUBBE,0.23,71233.316,4,4,71233.31,0.0,0.0,0.0,0.006,309710.069565
1680807,IT,GR,RAILW,HEAVY,0.48,71232.792,4,4,71232.789,0.0,0.0,0.0,0.003,148401.65
1640452,IT,AT,VEGE1,RESEA,0.22,71224.505,4,4,71224.49,0.0,0.0,0.0,0.015,323747.75
1676297,IT,FR,SALEM,MEMBE,0.57,71216.547,4,4,71216.543,0.0,0.0,0.0,0.004,124941.310526
1758155,IT,BR,NONME,CHARC,0.14,71213.25,4,4,71213.242,0.0,0.0,0.0,0.008,508666.071429
1757570,IT,BR,GASDI,POULT,0.11,71212.646,4,4,71212.64,0.0,0.0,0.0,0.006,647387.690909
1731206,IT,SI,CHEMI,ELEC7,0.17,71205.304,5,5,71202.297,0.0,0.0,3.0,0.007,418854.729412
1788439,IT,WA,PULP5,SUGA1,0.22,71204.388,4,4,71204.381,0.0,0.0,0.0,0.007,323656.309091
1667750,IT,ES,OFFIC,NICKE,0.22,71201.207,4,4,71201.202,0.0,0.0,0.0,0.005,323641.85
1750252,IT,CN,COPP1,LEAD1,0.18,71198.31,4,4,71198.306,0.0,0.0,0.0,0.004,395546.166667
1740126,IT,GB,COMPU,MACHI,0.81,71197.964,4,4,71197.96,0.0,0.0,0.0,0.004,87898.720988
1663049,IT,DK,HOTEL,FINAN,0.52,71194.603,4,4,71194.598,0.0,0.0,0.0,0.005,136912.698077
1666988,IT,ES,CEMEN,CHEMI,0.11,71191.807,4,4,71191.804,0.0,0.0,0.0,0.003,647198.245455
1654812,IT,CZ,SUPPO,WHOLE,0.51,71191.345,4,4,71191.342,0.0,0.0,0.0,0.003,139590.872549
1808210,IT,WF,OILHA,93197,0.41,71184.472,4,4,71184.468,0.0,0.0,0.0,0.004,173620.663415
1662047,IT,DK,CHEM1,MEATC,0.15,71180.899,4,4,71180.891,0.0,0.0,0.0,0.008,474539.326667
1740329,IT,GB,PUBLI,HOTEL,1.17,71177.235,4,4,71177.23,0.0,0.0,0.0,0.005,60835.24359
1799018,IT,WE,TEXTI,KEROS,0.42,71175.513,4,4,71175.504,0.0,0.0,0.0,0.009,169465.507143
1785334,IT,ZA,LEATH,RECRE,0.51,71175.503,5,5,71174.491,0.0,1.0,0.0,0.012,139559.809804
1721437,IT,PL,AIRTR,PLAST,0.08,71173.769,4,4,71173.767,0.0,0.0,0.0,0.002,889672.1125
1801756,IT,WE,ELEC2,RETA1,0.02,71172.354,4,4,71172.347,0.0,0.0,0.0,0.007,3558617.7
1740330,IT,GB,PUBLI,RAILW,1.17,71169.312,4,4,71169.307,0.0,0.0,0.0,0.005,60828.471795
1677481,IT,FR,AUXIL,TEXTI,1.3,71169.086,4,4,71169.083,0.0,0.0,0.0,0.003,54745.450769
1672990,IT,FR,PROCE,VEGE1,0.48,71166.736,4,4,71166.732,0.0,0.0,0.0,0.004,148264.033333
1799097,IT,WE,WEARI,LIGNI,0.54,71164.069,4,4,71164.055,0.0,0.0,0.0,0.014,131785.312963
1742435,IT,US,BASIC,WHEAT,0.08,71158.895,4,4,71158.891,0.0,0.0,0.0,0.004,889486.1875
1755172,IT,KR,LEATH,AUXIL,0.51,71156.636,5,5,71155.624,0.0,1.0,0.0,0.012,139522.815686
1641948,IT,AT,RUBBE,MEAT1,0.24,71155.549,4,4,71155.543,0.0,0.0,0.0,0.006,296481.454167
1769553,IT,AU,ALUM1,ELEC1,0.12,71148.784,4,4,71148.778,0.0,0.0,0.0,0.006,592906.533333
1792612,IT,WA,COMPU,POSTT,0.81,71146.956,4,4,71146.952,0.0,0.0,0.0,0.004,87835.748148
1714880,IT,NL,BEVER,VEGE1,0.3,71146.727,4,4,71146.722,0.0,0.0,0.0,0.005,237155.756667
1670971,IT,FI,CHEM1,SALEM,0.15,71145.502,4,4,71145.494,0.0,0.0,0.0,0.008,474303.346667
1687454,IT,HU,RAILW,MACHI,0.48,71140.281,4,4,71140.278,0.0,0.0,0.0,0.003,148208.91875
1804136,IT,WF,PAPER,CHEM1,0.28,71133.294,5,5,71132.287,0.0,1.0,0.0,0.007,254047.478571
1786806,IT,ZA,HOTEL,ELECT,0.52,71132.199,4,4,71132.194,0.0,0.0,0.0,0.005,136792.690385
1770887,IT,AU,BUSIN,POSTT,0.73,71131.704,4,4,71131.699,0.0,0.0,0.0,0.005,97440.690411
1774206,IT,CH,RETA1,HEAVY,0.74,71129.996,4,4,71129.991,0.0,0.0,0.0,0.005,96121.616216
1712835,IT,LV,AUXIL,WOODW,1.3,71129.686,4,4,71129.683,0.0,0.0,0.0,0.003,54715.143077
1658526,IT,DE,MACHI,POULT,0.4,71129.176,4,4,71129.17,0.0,0.0,0.0,0.006,177822.94
1647326,IT,BE,TRAN2,COMPU,0.11,71126.154,4,4,71126.152,0.0,0.0,0.0,0.002,646601.4
1686042,IT,HU,RUBBE,WHEAT,0.24,71115.733,4,4,71115.727,0.0,0.0,0.0,0.006,296315.554167
1641211,IT,AT,PRINT,RESEA,0.68,71110.315,4,4,71110.31,0.0,0.0,0.0,0.005,104573.992647
1675276,IT,FR,FABRI,ELEC8,0.29,71105.529,4,4,71105.524,0.0,0.0,0.0,0.005,245191.47931
1727689,IT,RO,RENTI,RECRE,0.43,71104.951,4,4,71104.947,0.0,0.0,0.0,0.004,165360.351163
1724375,IT,PT,SEACO,SUPPO,0.07,71096.878,3,3,71096.878,0.0,0.0,0.0,0.0,1015669.685714
1725211,IT,RO,SUGA1,WHOLE,0.18,71096.668,4,4,71096.656,0.0,0.0,0.0,0.012,394981.488889
1686225,IT,HU,GLASS,RESEA,0.2,71094.243,4,4,71094.239,0.0,0.0,0.0,0.004,355471.215
1640249,IT,AT,FISHF,REALE,0.12,71091.863,4,4,71091.86,0.0,0.0,0.0,0.003,592432.191667
1794518,IT,WL,GASDI,PRIVA,0.11,71091.211,4,4,71091.205,0.0,0.0,0.0,0.006,646283.736364
1776436,IT,TR,MOTOR,POULT,0.11,71086.035,4,4,71086.029,0.0,0.0,0.0,0.006,646236.681818
1773084,IT,CH,ALUM1,93197,0.12,71083.267,4,4,71083.261,0.0,0.0,0.0,0.006,592360.558333
1715837,IT,NL,RUBBE,NONME,0.24,71081.879,4,4,71081.873,0.0,0.0,0.0,0.006,296174.495833
1655780,IT,DE,MEAT1,HEALT,0.33,71080.923,4,4,71080.914,0.0,0.0,0.0,0.009,215396.736364
1675222,IT,FR,FABRI,SUGA1,0.29,71080.918,4,4,71080.913,0.0,0.0,0.0,0.005,245106.613793
1719848,IT,PL,BASIC,INLAN,0.08,71078.757,4,4,71078.753,0.0,0.0,0.0,0.004,888484.4625
1778563,IT,TR,RETA1,CONST,0.74,71074.383,4,4,71074.378,0.0,0.0,0.0,0.005,96046.463514
1669059,IT,ES,SUPPO,MACHI,0.51,71071.643,4,4,71071.64,0.0,0.0,0.0,0.003,139356.162745
1800819,IT,WE,BASIC,NFERT,0.08,71071.037,4,4,71071.033,0.0,0.0,0.0,0.004,888387.9625
1785597,IT,ZA,GASDI,FURNI,0.11,71069.782,4,4,71069.776,0.0,0.0,0.0,0.006,646088.927273
1799266,IT,WE,LEATH,OFFIC,0.51,71062.442,5,5,71061.43,0.0,1.0,0.0,0.012,139338.121569
1679993,IT,GR,FABRI,RESEA,0.29,71056.043,4,4,71056.038,0.0,0.0,0.0,0.005,245020.837931
1671052,IT,FI,RUBBE,BASIC,0.24,71053.897,4,4,71053.891,0.0,0.0,0.0,0.006,296057.904167
1686272,IT,HU,CERAM,SUPPO,0.11,71050.394,4,4,71050.39,0.0,0.0,0.0,0.004,645912.672727
1739820,IT,GB,FINAN,CRUDE,0.92,71040.742,4,4,71040.74,0.0,0.0,0.0,0.002,77218.197826
1805434,IT,WF,GLASS,PRECI,0.19,71024.477,4,4,71024.473,0.0,0.0,0.0,0.004,373813.036842
1746337,IT,JP,ADDIT,NONF1,0.16,71017.049,5,5,71016.043,0.0,1.0,0.0,0.006,443856.55625
1725563,IT,RO,LEATH,BUSIN,0.51,71012.098,5,5,71011.086,0.0,1.0,0.0,0.012,139239.407843
1665656,IT,ES,WOODW,RENTI,0.2,71002.726,4,4,71002.721,0.0,0.0,0.0,0.005,355013.63
1689825,IT,IE,INSUR,ELEC5,1.46,70999.291,4,4,70999.288,0.0,0.0,0.0,0.003,48629.65137
1643411,IT,AT,LANDT,LEATH,0.46,70998.681,4,4,70998.678,0.0,0.0,0.0,0.003,154344.958696
1778760,IT,TR,LANDT,STONE,0.46,70995.747,4,4,70995.744,0.0,0.0,0.0,0.003,154338.580435
1659037,IT,DE,ELEC2,RENTI,0.02,70988.094,4,4,70988.087,0.0,0.0,0.0,0.007,3549404.7
1786542,IT,ZA,FURNI,CHEM1,0.23,70980.321,4,4,70980.315,0.0,0.0,0.0,0.006,308610.091304
1734301,IT,SI,BUSIN,CHEM1,0.73,70978.926,4,4,70978.921,0.0,0.0,0.0,0.005,97231.405479
1652020,IT,CZ,VEGET,OFFIC,0.25,70976.169,4,4,70976.166,0.0,0.0,0.0,0.003,283904.676
1679084,IT,GR,PULP5,REALE,0.22,70975.44,4,4,70975.433,0.0,0.0,0.0,0.007,322615.636364
1686393,IT,HU,BASIC,PRINT,0.08,70966.193,4,4,70966.189,0.0,0.0,0.0,0.004,887077.4125
1782388,IT,NO,FABRI,HOTEL,0.29,70964.612,4,4,70964.607,0.0,0.0,0.0,0.005,244705.558621
1680100,IT,GR,MACHI,MEMBE,0.4,70962.887,4,4,70962.881,0.0,0.0,0.0,0.006,177407.2175
1787283,IT,WA,VEGET,PUBLI,0.25,70962.36,4,4,70962.357,0.0,0.0,0.0,0.003,283849.44
1779899,IT,TW,CONST,COPPE,0.4,70958.511,4,4,70958.507,0.0,0.0,0.0,0.004,177396.2775
1754721,IT,KR,VEGE1,PRIVA,0.22,70947.766,4,4,70947.751,0.0,0.0,0.0,0.015,322489.845455
1725785,IT,RO,PRINT,SALEM,0.68,70946.395,4,4,70946.39,0.0,0.0,0.0,0.005,104332.933824
1714766,IT,NL,DAIRY,RECRE,0.29,70943.704,5,5,70942.699,0.0,1.0,0.0,0.005,244633.462069
1726491,IT,RO,FABRI,RENTI,0.29,70934.636,4,4,70934.631,0.0,0.0,0.0,0.005,244602.193103
1681004,IT,GR,AIRTR,LIQUE,0.08,70932.156,4,4,70932.154,0.0,0.0,0.0,0.002,886651.95
1782207,IT,NO,BASIC,LEAD1,0.08,70929.865,4,4,70929.861,0.0,0.0,0.0,0.004,886623.3125
1741296,IT,US,PAPER,BASIC,0.27,70927.744,5,5,70926.737,0.0,1.0,0.0,0.007,262695.348148
1726066,IT,RO,RUBBE,NATUR,0.23,70923.11,4,4,70923.104,0.0,0.0,0.0,0.006,308361.347826
1736431,IT,SK,LANDT,TRAN1,0.46,70920.121,4,4,70920.118,0.0,0.0,0.0,0.003,154174.176087
1721473,IT,PL,AIRTR,PUBLI,0.08,70911.406,4,4,70911.404,0.0,0.0,0.0,0.002,886392.575
1663971,IT,EE,PAPER,OFFIC,0.27,70910.38,5,5,70909.373,0.0,1.0,0.0,0.007,262631.037037
1727549,IT,RO,REALE,WOODW,3.0,70904.969,4,4,70904.964,0.0,0.0,0.0,0.005,23634.989667
1681041,IT,GR,AIRTR,REALE,0.08,70902.851,4,4,70902.849,0.0,0.0,0.0,0.002,886285.6375
1649369,IT,BG,NFERT,WHEAT,0.01,70902.031,4,4,70902.025,0.0,0.0,0.0,0.006,7090203.1
1711218,IT,LU,MACHI,MOTO1,0.4,70901.193,4,4,70901.187,0.0,0.0,0.0,0.006,177252.9825
1770470,IT,AU,AIRTR,FOOD5,0.08,70898.762,4,4,70898.76,0.0,0.0,0.0,0.002,886234.525
1663039,IT,DK,HOTEL,WHOLE,0.51,70894.449,4,4,70894.444,0.0,0.0,0.0,0.005,139008.723529
1718046,IT,PL,MEATC,FISH5,0.24,70890.263,5,5,70889.258,0.0,1.0,0.0,0.005,295376.095833
1811984,IT,WM,GLASS,PLAST,0.19,70887.303,4,4,70887.299,0.0,0.0,0.0,0.004,373091.068421
1674129,IT,FR,HEAVY,NONSP,0.11,70883.259,4,4,70883.253,0.0,0.0,0.0,0.006,644393.263636
1641090,IT,AT,PAPER,NONME,0.27,70883.252,5,5,70882.245,0.0,1.0,0.0,0.007,262530.562963
1656653,IT,DE,PRINT,OILHA,0.68,70883.088,4,4,70883.083,0.0,0.0,0.0,0.005,104239.835294
1735906,IT,SK,OFFIC,SUPPO,0.22,70869.861,4,4,70869.856,0.0,0.0,0.0,0.005,322135.731818
1650532,IT,BG,ELEC7,CHEMI,0.05,70866.895,3,3,70866.895,0.0,0.0,0.0,0.0,1417337.9
1795272,IT,WL,CERAM,RETA1,0.11,70865.977,4,4,70865.973,0.0,0.0,0.0,0.004,644236.154545
1718496,IT,PL,TEXTI,TRANS,0.42,70864.49,4,4,70864.481,0.0,0.0,0.0,0.009,168724.97619
1656051,IT,DE,BEVER,WOODW,0.3,70862.686,4,4,70862.681,0.0,0.0,0.0,0.005,236208.953333
1660983,IT,DE,BUSIN,ELEC1,0.73,70861.267,4,4,70861.262,0.0,0.0,0.0,0.005,97070.228767
1686091,IT,HU,RUBBE,BRICK,0.23,70858.721,4,4,70858.715,0.0,0.0,0.0,0.006,308081.395652
1668791,IT,ES,LANDT,EDUCA,0.46,70856.704,4,4,70856.701,0.0,0.0,0.0,0.003,154036.313043
1726383,IT,RO,COPP1,RECRE,0.18,70852.939,4,4,70852.935,0.0,0.0,0.0,0.004,393627.438889
1814060,IT,WM,AIRTR,POULT,0.08,70847.464,4,4,70847.462,0.0,0.0,0.0,0.002,885593.3
1742033,IT,US,ADDIT,RECRE,0.16,70846.787,5,5,70845.781,0.0,1.0,0.0,0.006,442792.41875
1788874,IT,WA,GASDI,OFFIC,0.11,70845.14,4,4,70845.134,0.0,0.0,0.0,0.006,644046.727273
1779520,IT,TR,RENTI,EDUCA,0.42,70824.866,4,4,70824.862,0.0,0.0,0.0,0.004,168630.633333
1788345,IT,WA,LEATH,PAPE1,0.51,70821.51,4,4,70821.498,0.0,0.0,0.0,0.012,138865.705882
1805113,IT,WF,NFERT,HOTEL,0.01,70819.711,4,4,70819.705,0.0,0.0,0.0,0.006,7081971.1
1710996,IT,LU,CERAM,WHOLE,0.11,70819.605,4,4,70819.601,0.0,0.0,0.0,0.004,643814.590909
1813054,IT,WM,OFFIC,CHEM1,0.22,70818.401,4,4,70818.396,0.0,0.0,0.0,0.005,321901.822727
1806130,IT,WF,FABRI,RUBBE,0.29,70816.737,4,4,70816.732,0.0,0.0,0.0,0.005,244195.644828
1714792,IT,NL,SUGA1,COPP1,0.18,70806.349,4,4,70806.337,0.0,0.0,0.0,0.012,393368.605556
1786206,IT,ZA,ALUM1,ALUM1,0.12,70805.367,4,4,70805.361,0.0,0.0,0.0,0.006,590044.725
1725845,IT,RO,GASDI,VEGET,0.11,70802.476,4,4,70802.47,0.0,0.0,0.0,0.006,643658.872727
1649582,IT,BG,RUBBE,PUBLI,0.23,70801.065,4,4,70801.059,0.0,0.0,0.0,0.006,307830.717391
1810403,IT,WM,PULP5,CRUDE,0.22,70800.922,4,4,70800.915,0.0,0.0,0.0,0.007,321822.372727
1644377,IT,BE,CHEMI,PLAS1,0.17,70796.798,5,5,70793.791,0.0,0.0,3.0,0.007,416451.752941
1641774,IT,AT,CHEM1,LIQUE,0.15,70794.711,4,4,70794.703,0.0,0.0,0.0,0.008,471964.74
1805047,IT,WF,PLAST,ELEC6,0.15,70793.941,4,4,70793.934,0.0,0.0,0.0,0.007,471959.606667
1788279,IT,WA,LEATH,NFERT,0.51,70784.721,4,4,70784.709,0.0,0.0,0.0,0.012,138793.570588
1776248,IT,TR,PULP5,PLAST,0.22,70782.448,4,4,70782.441,0.0,0.0,0.0,0.007,321738.4
1763414,IT,MX,GASDI,LANDT,0.11,70778.118,4,4,70778.112,0.0,0.0,0.0,0.006,643437.436364
1742317,IT,US,CEMEN,WHOLE,0.11,70776.477,4,4,70776.474,0.0,0.0,0.0,0.003,643422.518182
1716121,IT,NL,PREC1,PULP5,0.12,70773.881,4,4,70773.878,0.0,0.0,0.0,0.003,589782.341667
1734936,IT,SK,KEROS,RAILW,0.11,70773.339,4,4,70773.333,0.0,0.0,0.0,0.006,643393.990909
1683137,IT,HR,RUBBE,HEALT,0.23,70772.476,4,4,70772.47,0.0,0.0,0.0,0.006,307706.417391
1713756,IT,MT,OFFIC,HOTEL,0.22,70770.785,4,4,70770.78,0.0,0.0,0.0,0.005,321685.386364
1770423,IT,AU,SEACO,NATUR,0.07,70764.954,3,3,70764.954,0.0,0.0,0.0,0.0,1010927.914286
1685309,IT,HU,WEARI,PAPER,0.53,70755.011,4,4,70754.998,0.0,0.0,0.0,0.013,133500.020755
1656099,IT,DE,BEVER,RENTI,0.3,70753.37,4,4,70753.365,0.0,0.0,0.0,0.005,235844.566667
1683880,IT,HR,TRANS,PRINT,0.42,70739.97,4,4,70739.966,0.0,0.0,0.0,0.004,168428.5
1711735,IT,LU,BUSIN,LANDT,0.73,70736.468,4,4,70736.463,0.0,0.0,0.0,0.005,96899.271233
1664817,IT,ES,OILSE,MEATP,0.05,70734.653,4,4,70734.65,0.0,0.0,0.0,0.003,1414693.06
1769217,IT,AU,RUBBE,PLANT,0.23,70730.688,4,4,70730.682,0.0,0.0,0.0,0.006,307524.730435
1776228,IT,TR,WOODW,RETA1,0.2,70728.581,4,4,70728.576,0.0,0.0,0.0,0.005,353642.905
1794064,IT,WL,PAPER,VEGE1,0.27,70720.809,5,5,70719.802,0.0,1.0,0.0,0.007,261928.922222
1686545,IT,HU,ALUM1,MOTOR,0.12,70717.396,4,4,70717.39,0.0,0.0,0.0,0.006,589311.633333
1812641,IT,WM,COPP1,PROCE,0.18,70699.593,4,4,70699.589,0.0,0.0,0.0,0.004,392775.516667
1666974,IT,ES,CERAM,PUBLI,0.11,70696.485,4,4,70696.481,0.0,0.0,0.0,0.004,642695.318182
1683897,IT,HR,TRANS,RECRE,0.42,70694.779,4,4,70694.775,0.0,0.0,0.0,0.004,168320.902381
1736444,IT,SK,LANDT,RAILW,0.46,70693.025,4,4,70693.022,0.0,0.0,0.0,0.003,153680.48913
1676385,IT,FR,WHOLE,BASIC,0.61,70688.682,4,4,70688.678,0.0,0.0,0.0,0.004,115883.085246
1710903,IT,LU,GASDI,FOOD3,0.11,70686.785,4,4,70686.779,0.0,0.0,0.0,0.006,642607.136364
1784470,IT,ID,COPP1,FABRI,0.18,70685.7,4,4,70685.696,0.0,0.0,0.0,0.004,392698.333333
1776678,IT,TR,HEAVY,PETRO,0.11,70685.44,4,4,70685.434,0.0,0.0,0.0,0.006,642594.909091
1752135,IT,CN,BUSIN,STEAM,0.73,70683.039,4,4,70683.034,0.0,0.0,0.0,0.005,96826.080822
1788829,IT,WA,GASDI,SUGAR,0.11,70673.347,4,4,70673.341,0.0,0.0,0.0,0.006,642484.972727
1643634,IT,AT,AIRTR,ELEC4,0.08,70671.198,4,4,70671.196,0.0,0.0,0.0,0.002,883389.975
1738836,IT,GB,MOTO1,SUPPO,0.38,70659.997,4,4,70659.992,0.0,0.0,0.0,0.005,185947.360526
1646951,IT,BE,WHOLE,BUSIN,0.61,70659.568,4,4,70659.564,0.0,0.0,0.0,0.004,115835.357377
1656280,IT,DE,LEATH,PIGS9,0.51,70658.844,4,4,70658.832,0.0,0.0,0.0,0.012,138546.752941
1674183,IT,FR,LIQUE,TEXTI,0.12,70658.433,4,4,70658.427,0.0,0.0,0.0,0.006,588820.275
1667073,IT,ES,NONME,FURNI,0.14,70657.871,4,4,70657.863,0.0,0.0,0.0,0.008,504699.078571
1666094,IT,ES,GASDI,LEATH,0.11,70647.335,4,4,70647.329,0.0,0.0,0.0,0.006,642248.5
1656832,IT,DE,GASDI,RESEA,0.11,70642.35,4,4,70642.344,0.0,0.0,0.0,0.006,642203.181818
1674917,IT,FR,BASIC,PAPER,0.08,70638.091,4,4,70638.087,0.0,0.0,0.0,0.004,882976.1375
1805450,IT,WF,GLASS,WOODW,0.19,70637.898,4,4,70637.894,0.0,0.0,0.0,0.004,371778.410526
1685918,IT,HU,CHEM1,LANDT,0.15,70634.192,4,4,70634.184,0.0,0.0,0.0,0.008,470894.613333
1772152,IT,CH,KERO1,WHOLE,0.1,70633.77,4,4,70633.764,0.0,0.0,0.0,0.006,706337.7
1660207,IT,DE,SUPPO,PUBLI,0.51,70631.671,4,4,70631.668,0.0,0.0,0.0,0.003,138493.472549
1796547,IT,WL,RETA1,POSTT,0.74,70628.965,4,4,70628.96,0.0,0.0,0.0,0.005,95444.547297
1641028,IT,AT,PULP5,DIST1,0.22,70626.093,4,4,70626.086,0.0,0.0,0.0,0.007,321027.695455
1792751,IT,WA,BUSIN,FABRI,0.73,70623.941,4,4,70623.936,0.0,0.0,0.0,0.005,96745.124658
1800687,IT,WE,BRICK,CRUDE,0.11,70617.334,4,4,70617.329,0.0,0.0,0.0,0.005,641975.763636
1743751,IT,US,LANDT,PRINT,0.46,70617.249,4,4,70617.246,0.0,0.0,0.0,0.003,153515.758696
1686812,IT,HU,FABRI,CERAM,0.29,70616.552,4,4,70616.547,0.0,0.0,0.0,0.005,243505.351724
1664132,IT,EE,RUBBE,CEMEN,0.23,70615.896,4,4,70615.89,0.0,0.0,0.0,0.006,307025.634783
1807687,IT,WF,BUSIN,PRINT,0.73,70613.867,4,4,70613.862,0.0,0.0,0.0,0.005,96731.324658
1752936,IT,CA,PLAST,LUBRI,0.15,70611.291,4,4,70611.284,0.0,0.0,0.0,0.007,470741.94
1812766,IT,WM,NONF1,RESEA,0.02,70606.888,3,3,70606.888,0.0,0.0,0.0,0.0,3530344.4
1763815,IT,MX,CERAM,SUPPO,0.11,70602.403,4,4,70602.399,0.0,0.0,0.0,0.004,641840.027273
1759112,IT,BR,AIRTR,NAPHT,0.08,70590.851,4,4,70590.849,0.0,0.0,0.0,0.002,882385.6375
1733229,IT,SI,MACHI,ELEC1,0.39,70589.724,4,4,70589.718,0.0,0.0,0.0,0.006,180999.292308
1727109,IT,RO,LANDT,PULP5,0.46,70586.103,4,4,70586.1,0.0,0.0,0.0,0.003,153448.05
1740817,IT,US,VEGE1,NAPHT,0.22,70584.454,4,4,70584.439,0.0,0.0,0.0,0.015,320838.427273
1685088,IT,HU,FOOD5,MEAT4,0.34,70581.118,4,4,70581.112,0.0,0.0,0.0,0.006,207591.523529
1763525,IT,MX,CHEM1,MEATP,0.15,70580.761,4,4,70580.753,0.0,0.0,0.0,0.008,470538.406667
1647484,IT,BE,SUPPO,TOBAC,0.51,70578.179,4,4,70578.176,0.0,0.0,0.0,0.003,138388.586275
1801453,IT,WE,MOTO1,VEGE1,0.38,70573.685,4,4,70573.68,0.0,0.0,0.0,0.005,185720.223684
1776713,IT,TR,HEAVY,PUBLI,0.11,70572.211,4,4,70572.205,0.0,0.0,0.0,0.006,641565.554545
1792731,IT,WA,BUSIN,HEAVY,0.72,70568.543,4,4,70568.538,0.0,0.0,0.0,0.005,98011.865278
1731168,IT,SI,SANDC,FABRI,0.16,70568.104,5,5,70553.101,0.0,0.0,15.0,0.003,441050.65
1678655,IT,GR,MEAT1,TRANS,0.33,70557.338,4,4,70557.329,0.0,0.0,0.0,0.009,213810.115152
1785376,IT,ZA,WOODW,EDUCA,0.2,70555.88,4,4,70555.875,0.0,0.0,0.0,0.005,352779.4
1713019,IT,MT,MEATC,REALE,0.24,70553.669,5,5,70552.664,0.0,1.0,0.0,0.005,293973.620833
1673762,IT,FR,PAPER,INLAN,0.27,70545.621,5,5,70544.614,0.0,1.0,0.0,0.007,261280.077778
1799466,IT,WE,PAPER,CERAM,0.27,70545.437,5,5,70544.43,0.0,1.0,0.0,0.007,261279.396296
1650543,IT,BG,ELEC7,CHEM1,0.05,70545.139,3,3,70545.139,0.0,0.0,0.0,0.0,1410902.78
1731190,IT,SI,CHEMI,FOOD5,0.17,70544.627,5,5,70541.62,0.0,0.0,3.0,0.007,414968.394118
1640818,IT,AT,WEARI,WHOLE,0.53,70544.111,4,4,70544.098,0.0,0.0,0.0,0.013,133102.096226
1796938,IT,WL,AIRTR,SUGA1,0.08,70542.006,4,4,70542.004,0.0,0.0,0.0,0.002,881775.075
1747189,IT,JP,CONST,HOTEL,0.39,70538.713,4,4,70538.709,0.0,0.0,0.0,0.004,180868.494872
1743899,IT,US,SEACO,RADIO,0.07,70531.86,3,3,70531.86,0.0,0.0,0.0,0.0,1007598.0
1781955,IT,NO,ADDIT,LANDT,0.16,70527.202,5,5,70526.196,0.0,1.0,0.0,0.006,440795.0125
1730281,IT,SE,SEACO,LANDT,0.07,70526.026,3,3,70526.026,0.0,0.0,0.0,0.0,1007514.657143
1774534,IT,CH,TRAN2,HEAVY,0.11,70524.343,4,4,70524.341,0.0,0.0,0.0,0.002,641130.390909
1744206,IT,US,POSTT,WOODW,1.16,70518.579,4,4,70518.574,0.0,0.0,0.0,0.005,60791.878448
1647449,IT,BE,AIRTR,REALE,0.08,70518.264,4,4,70518.262,0.0,0.0,0.0,0.002,881478.3
1732307,IT,SI,NAPHT,GLASS,0.12,70517.942,4,4,70517.937,0.0,0.0,0.0,0.005,587649.516667
1765710,IT,RU,PAPER,HOTEL,0.27,70515.829,5,5,70514.822,0.0,1.0,0.0,0.007,261169.737037
1774657,IT,CH,AIRTR,TRANS,0.08,70511.405,4,4,70511.403,0.0,0.0,0.0,0.002,881392.5625
1747492,IT,JP,SEACO,MEDIC,0.07,70510.693,3,3,70510.693,0.0,0.0,0.0,0.0,1007295.614286
1787492,IT,WA,CHEMI,CATTL,0.17,70509.908,5,5,70506.901,0.0,0.0,3.0,0.007,414764.164706
1752005,IT,CN,RESEA,MACHI,0.38,70503.975,4,4,70503.97,0.0,0.0,0.0,0.005,185536.776316
1677184,IT,FR,POSTT,TRANS,1.16,70503.666,4,4,70503.661,0.0,0.0,0.0,0.005,60779.022414
1689238,IT,IE,WHOLE,BEVER,0.61,70503.31,4,4,70503.306,0.0,0.0,0.0,0.004,115579.196721
1785939,IT,ZA,RUBBE,MOTOR,0.23,70501.136,4,4,70501.13,0.0,0.0,0.0,0.006,306526.678261
1795075,IT,WL,RUBBE,CEREA,0.23,70498.601,4,4,70498.595,0.0,0.0,0.0,0.006,306515.656522
1771708,IT,CH,LEATH,VEGET,0.5,70498.122,4,4,70498.11,0.0,0.0,0.0,0.012,140996.244
1774547,IT,CH,SEACO,CATTL,0.07,70495.239,3,3,70495.239,0.0,0.0,0.0,0.0,1007074.842857
1640326,IT,AT,CHEMI,CHEM1,0.17,70494.788,5,5,70491.781,0.0,0.0,3.0,0.007,414675.223529
1642564,IT,AT,NONF1,MACHI,0.02,70493.446,3,3,70493.446,0.0,0.0,0.0,0.0,3524672.3
1807264,IT,WF,SUPPO,HEALT,0.51,70491.857,4,4,70491.854,0.0,0.0,0.0,0.003,138219.327451
1751458,IT,CN,AIRTR,COPP1,0.08,70486.826,4,4,70486.824,0.0,0.0,0.0,0.002,881085.325
1779646,IT,TR,RESEA,PAPER,0.38,70485.57,4,4,70485.565,0.0,0.0,0.0,0.005,185488.342105
1736410,IT,SK,LANDT,BASIC,0.45,70484.969,4,4,70484.966,0.0,0.0,0.0,0.003,156633.264444
1758808,IT,BR,RETA1,RETA1,0.74,70483.299,4,4,70483.294,0.0,0.0,0.0,0.005,95247.701351
1662609,IT,DK,FABRI,HEALT,0.29,70482.436,4,4,70482.431,0.0,0.0,0.0,0.005,243042.882759
1712331,IT,LV,RUBBE,OFFIC,0.23,70474.722,4,4,70474.716,0.0,0.0,0.0,0.006,306411.834783
1656873,IT,DE,HEAVY,GLASS,0.11,70474.002,4,4,70473.996,0.0,0.0,0.0,0.006,640672.745455
1746417,IT,JP,RUBBE,SUPPO,0.23,70467.607,4,4,70467.601,0.0,0.0,0.0,0.006,306380.9
1751169,IT,CN,HOTEL,STONE,0.51,70464.187,4,4,70464.182,0.0,0.0,0.0,0.005,138165.072549
1726089,IT,RO,RUBBE,CHEM1,0.23,70462.889,4,4,70462.883,0.0,0.0,0.0,0.006,306360.386957
1740137,IT,GB,COMPU,DISTR,0.8,70458.074,4,4,70458.07,0.0,0.0,0.0,0.004,88072.5925
1663334,IT,DK,AIRTR,PUBLI,0.08,70448.311,4,4,70448.309,0.0,0.0,0.0,0.002,880603.8875
1807888,IT,WF,PAPE1,REALE,0.49,70445.854,4,4,70445.849,0.0,0.0,0.0,0.005,143767.04898
1715570,IT,NL,HEAVY,PARAF,0.11,70444.383,4,4,70444.377,0.0,0.0,0.0,0.006,640403.481818
1662329,IT,DK,BASIC,NATUR,0.08,70441.651,4,4,70441.647,0.0,0.0,0.0,0.004,880520.6375
1713047,IT,MT,MEAT4,DISTR,0.39,70440.55,4,4,70440.545,0.0,0.0,0.0,0.005,180616.794872
1748964,IT,CN,WEARI,MEMBE,0.53,70435.028,4,4,70435.015,0.0,0.0,0.0,0.013,132896.279245
1789847,IT,WA,CERAM,BIOGA,0.11,70434.471,4,4,70434.467,0.0,0.0,0.0,0.004,640313.372727
1670564,IT,FI,TEXTI,FURNI,0.42,70433.535,4,4,70433.526,0.0,0.0,0.0,0.009,167698.892857
1656648,IT,DE,PRINT,PAPE1,0.68,70432.346,4,4,70432.341,0.0,0.0,0.0,0.005,103576.979412
1716392,IT,NL,MACHI,RADIO,0.39,70430.556,4,4,70430.55,0.0,0.0,0.0,0.006,180591.169231
1808395,IT,WF,WASTE,RETA1,0.22,70427.743,4,4,70427.739,0.0,0.0,0.0,0.004,320126.104545
1650013,IT,BG,MACHI,MEAT1,0.39,70423.152,4,4,70423.146,0.0,0.0,0.0,0.006,180572.184615
1798956,IT,WE,FISH5,93197,0.3,70418.281,4,4,70418.245,0.0,0.0,0.0,0.036,234727.603333
1784221,IT,ID,PLAST,PAPER,0.15,70417.198,4,4,70417.191,0.0,0.0,0.0,0.007,469447.986667
1728028,IT,SE,CHEMI,BIOGA,0.17,70412.352,5,5,70409.345,0.0,0.0,3.0,0.007,414190.305882
1729435,IT,SE,BASIC,FOOD3,0.08,70410.915,4,4,70410.911,0.0,0.0,0.0,0.004,880136.4375
1651491,IT,CY,HEAVY,FABRI,0.11,70410.243,4,4,70410.237,0.0,0.0,0.0,0.006,640093.118182
1647430,IT,BE,AIRTR,FURNI,0.08,70407.692,4,4,70407.69,0.0,0.0,0.0,0.002,880096.15
1643986,IT,AT,COMPU,REALE,0.8,70406.449,4,4,70406.445,0.0,0.0,0.0,0.004,88008.06125
1750006,IT,CN,NONME,COKEO,0.14,70406.157,4,4,70406.149,0.0,0.0,0.0,0.008,502901.121429
1713481,IT,MT,RUBBE,MEATP,0.23,70405.748,4,4,70405.742,0.0,0.0,0.0,0.006,306111.947826
1714932,IT,NL,BEVER,PUBLI,0.3,70401.357,4,4,70401.352,0.0,0.0,0.0,0.005,234671.19
1772233,IT,CH,HEAVY,KEROS,0.11,70399.075,4,4,70399.069,0.0,0.0,0.0,0.006,639991.590909
1793447,IT,WL,NATUR,ELEC2,0.1,70398.314,4,4,70398.309,0.0,0.0,0.0,0.005,703983.14
1787518,IT,WA,CHEMI,WEARI,0.17,70394.909,5,5,70391.902,0.0,0.0,3.0,0.007,414087.7
1648069,IT,BE,COMPU,COMPU,0.8,70390.916,4,4,70390.912,0.0,0.0,0.0,0.004,87988.645
1811894,IT,WM,RUBBE,FOUND,0.23,70390.853,4,4,70390.847,0.0,0.0,0.0,0.006,306047.186957
1743817,IT,US,LANDT,INSUR,0.45,70390.263,4,4,70390.26,0.0,0.0,0.0,0.003,156422.806667
1653384,IT,CZ,CERAM,TEXTI,0.11,70386.845,4,4,70386.841,0.0,0.0,0.0,0.004,639880.409091
1756327,IT,KR,MOTO1,POSTT,0.37,70386.595,4,4,70386.59,0.0,0.0,0.0,0.005,190234.040541
1677471,IT,FR,AUXIL,CRUDE,1.29,70381.608,4,4,70381.605,0.0,0.0,0.0,0.003,54559.386047
1722339,IT,PT,FORES,FURNI,0.61,70379.743,5,5,70352.741,0.0,27.0,0.0,0.002,115376.627869
1675034,IT,FR,ALUM1,MEATC,0.12,70377.428,4,4,70377.422,0.0,0.0,0.0,0.006,586478.566667
1779568,IT,TR,COMPU,BASIC,0.8,70373.268,4,4,70373.264,0.0,0.0,0.0,0.004,87966.585
1678654,IT,GR,MEATP,REALE,0.29,70369.831,4,4,70369.823,0.0,0.0,0.0,0.008,242654.589655
1714605,IT,NL,CHEMI,PIGS9,0.17,70368.311,5,5,70365.304,0.0,0.0,3.0,0.007,413931.241176
1809813,IT,WM,FOOD5,FURNI,0.34,70365.576,4,4,70365.57,0.0,0.0,0.0,0.006,206957.576471
1653415,IT,CZ,BRICK,CONST,0.11,70364.441,4,4,70364.436,0.0,0.0,0.0,0.005,639676.736364
1657457,IT,DE,RUBBE,ELEC7,0.23,70360.887,4,4,70360.881,0.0,0.0,0.0,0.006,305916.9
1718323,IT,PL,FOOD5,EDUCA,0.34,70358.689,4,4,70358.683,0.0,0.0,0.0,0.006,206937.320588
1806391,IT,WF,MOTO1,FURNI,0.37,70354.856,4,4,70354.851,0.0,0.0,0.0,0.005,190148.259459
1713665,IT,MT,COPP1,FABRI,0.18,70350.661,4,4,70350.657,0.0,0.0,0.0,0.004,390837.005556
1650256,IT,BG,ELEC1,MEAT1,0.01,70349.369,4,4,70349.365,0.0,0.0,0.0,0.004,7034936.9
1756754,IT,KR,AIRTR,COALT,0.08,70345.724,4,4,70345.722,0.0,0.0,0.0,0.002,879321.55
1662308,IT,DK,NONME,MOTO1,0.14,70341.7,4,4,70341.692,0.0,0.0,0.0,0.008,502440.714286
1770897,IT,AU,BUSIN,EDUCA,0.72,70333.336,4,4,70333.331,0.0,0.0,0.0,0.005,97685.188889
1689530,IT,IE,SEACO,GASDI,0.07,70332.401,3,3,70332.401,0.0,0.0,0.0,0.0,1004748.585714
1719752,IT,PL,BASIC,POULT,0.08,70313.193,4,4,70313.189,0.0,0.0,0.0,0.004,878914.9125
1641952,IT,AT,RUBBE,SUGA1,0.23,70309.707,4,4,70309.701,0.0,0.0,0.0,0.006,305694.378261
1681521,IT,GR,BUSIN,GASDI,0.72,70308.4,4,4,70308.395,0.0,0.0,0.0,0.005,97650.555556
1732900,IT,SI,PREC1,NONF1,0.12,70300.58,4,4,70300.577,0.0,0.0,0.0,0.003,585838.166667
1714607,IT,NL,CHEMI,RAWMI,0.17,70299.451,5,5,70296.444,0.0,0.0,3.0,0.007,413526.182353
1803547,IT,WF,VEGE1,RECRE,0.22,70296.131,4,4,70296.116,0.0,0.0,0.0,0.015,319527.868182
1738495,IT,GB,COPP1,RENTI,0.18,70294.278,4,4,70294.274,0.0,0.0,0.0,0.004,390523.766667
1740335,IT,GB,PUBLI,REALE,1.15,70292.84,4,4,70292.835,0.0,0.0,0.0,0.005,61124.208696
1786070,IT,ZA,CEMEN,CONST,0.11,70290.544,4,4,70290.541,0.0,0.0,0.0,0.003,639004.945455
1738450,IT,GB,LEAD1,GLASS,0.12,70287.915,4,4,70287.909,0.0,0.0,0.0,0.006,585732.625
1667303,IT,ES,ALUM1,ELEC1,0.12,70287.323,4,4,70287.317,0.0,0.0,0.0,0.006,585727.691667
1740218,IT,GB,BUSIN,BIOGA,0.72,70283.342,4,4,70283.337,0.0,0.0,0.0,0.005,97615.752778
1687510,IT,HU,LANDT,WOODW,0.45,70274.322,4,4,70274.319,0.0,0.0,0.0,0.003,156165.16
1763649,IT,MX,RUBBE,MEAT4,0.23,70263.842,4,4,70263.836,0.0,0.0,0.0,0.006,305494.965217
1657446,IT,DE,RUBBE,MEDIC,0.23,70262.599,4,4,70262.593,0.0,0.0,0.0,0.006,305489.56087
1789974,IT,WA,NONME,NONFE,0.14,70261.037,4,4,70261.029,0.0,0.0,0.0,0.008,501864.55
1811722,IT,WM,ADDIT,NATU1,0.16,70259.894,5,5,70258.889,0.0,1.0,0.0,0.005,439124.3375
1746960,IT,JP,MOTO1,COLLE,0.37,70254.893,4,4,70254.888,0.0,0.0,0.0,0.005,189878.089189
1747217,IT,JP,CONST,93197,0.39,70254.383,4,4,70254.379,0.0,0.0,0.0,0.004,180139.44359
1750580,IT,CN,OFFIC,PLAST,0.22,70253.914,4,4,70253.909,0.0,0.0,0.0,0.005,319335.972727
1642504,IT,AT,LEAD1,SUPPO,0.12,70253.861,4,4,70253.855,0.0,0.0,0.0,0.006,585448.841667
1745894,IT,JP,LEATH,RAILW,0.5,70251.832,4,4,70251.82,0.0,0.0,0.0,0.012,140503.664
1780138,IT,TW,HOTEL,LUBRI,0.51,70241.134,4,4,70241.129,0.0,0.0,0.0,0.005,137727.713725
1729889,IT,SE,TRANS,LANDT,0.42,70238.346,4,4,70238.342,0.0,0.0,0.0,0.004,167234.157143
1666267,IT,ES,HEAVY,REALE,0.11,70238.271,4,4,70238.265,0.0,0.0,0.0,0.006,638529.736364
1744928,IT,US,BUSIN,RADIO,0.72,70236.625,4,4,70236.62,0.0,0.0,0.0,0.005,97550.868056
1659112,IT,DE,ELEC6,HOTEL,0.01,70222.426,4,4,70222.415,0.0,0.0,0.0,0.011,7022242.6
1644309,IT,BE,FISHF,MEDIC,0.12,70222.422,4,4,70222.419,0.0,0.0,0.0,0.003,585186.85
1664727,IT,EE,SUPPO,SEACO,0.5,70218.565,4,4,70218.562,0.0,0.0,0.0,0.003,140437.13
1729123,IT,SE,GLASS,PRECI,0.19,70214.51,4,4,70214.506,0.0,0.0,0.0,0.004,369550.052632
1777828,IT,TR,FABRI,MEDIC,0.29,70213.806,4,4,70213.801,0.0,0.0,0.0,0.005,242116.572414
1731722,IT,SI,PULP5,PRINT,0.21,70212.036,4,4,70212.029,0.0,0.0,0.0,0.007,334343.028571
1768954,IT,AU,PAPER,CHEM1,0.27,70211.872,5,5,70210.865,0.0,1.0,0.0,0.007,260043.97037
1768392,IT,AU,VEGE1,MEAT4,0.22,70210.165,4,4,70210.15,0.0,0.0,0.0,0.015,319137.113636
1777620,IT,TR,ALUM1,MEDIC,0.12,70208.98,4,4,70208.974,0.0,0.0,0.0,0.006,585074.833333
1812266,IT,WM,BASIC,PADDY,0.08,70207.75,4,4,70207.746,0.0,0.0,0.0,0.004,877596.875
1805257,IT,WF,CHEM1,FINAN,0.15,70207.325,4,4,70207.317,0.0,0.0,0.0,0.008,468048.833333
1739094,IT,GB,WHOLE,PULP5,0.61,70194.139,4,4,70194.135,0.0,0.0,0.0,0.004,115072.359016
1765605,IT,RU,WOODW,PFERT,0.2,70187.908,4,4,70187.903,0.0,0.0,0.0,0.005,350939.54
1747497,IT,JP,SEACO,ELEC1,0.07,70182.112,3,3,70182.112,0.0,0.0,0.0,0.0,1002601.6
1677296,IT,FR,FINAN,MOTO1,0.91,70173.734,4,4,70173.732,0.0,0.0,0.0,0.002,77113.993407
1804387,IT,WF,KEROS,FABRI,0.1,70172.557,4,4,70172.551,0.0,0.0,0.0,0.006,701725.57
1749303,IT,CN,PAPER,93197,0.27,70170.015,5,5,70169.008,0.0,1.0,0.0,0.007,259888.944444
1752835,IT,CA,PAPER,HOTEL,0.27,70169.383,5,5,70168.376,0.0,1.0,0.0,0.007,259886.603704
1690211,IT,IE,BUSIN,CONST,0.72,70167.922,4,4,70167.917,0.0,0.0,0.0,0.005,97455.447222
1657809,IT,DE,NONME,ELECT,0.14,70158.787,4,4,70158.779,0.0,0.0,0.0,0.008,501134.192857
1813952,IT,WM,SEACO,CATTL,0.07,70151.675,3,3,70151.675,0.0,0.0,0.0,0.0,1002166.785714
1753412,IT,CA,NONF1,COPP1,0.02,70149.839,3,3,70149.839,0.0,0.0,0.0,0.0,3507491.95
1656028,IT,DE,FOOD5,RECRE,0.34,70141.631,4,4,70141.625,0.0,0.0,0.0,0.006,206298.914706
1687265,IT,HU,WHOLE,FABRI,0.61,70138.985,4,4,70138.981,0.0,0.0,0.0,0.004,114981.942623
1754348,IT,CA,INSUR,CONST,1.45,70136.212,4,4,70136.209,0.0,0.0,0.0,0.003,48369.801379
1717996,IT,PL,CHEMI,CROPS,0.17,70135.352,5,5,70132.345,0.0,0.0,3.0,0.007,412560.894118
1715345,IT,NL,PRINT,FOOD5,0.67,70128.837,4,4,70128.832,0.0,0.0,0.0,0.005,104669.90597
1788375,IT,WA,WOODW,WEARI,0.2,70125.672,4,4,70125.667,0.0,0.0,0.0,0.005,350628.36
1774753,IT,CH,SUPPO,COMPU,0.5,70123.364,4,4,70123.361,0.0,0.0,0.0,0.003,140246.728
1807327,IT,WF,POSTT,HOTEL,1.15,70119.231,4,4,70119.226,0.0,0.0,0.0,0.005,60973.244348
1659106,IT,DE,ELEC6,CHEM1,0.01,70114.286,4,4,70114.275,0.0,0.0,0.0,0.011,7011428.6
1643950,IT,AT,COMPU,CEMEN,0.8,70106.095,4,4,70106.091,0.0,0.0,0.0,0.004,87632.61875
1791255,IT,WA,FURNI,EDUCA,0.22,70105.431,4,4,70105.425,0.0,0.0,0.0,0.006,318661.05
1803826,IT,WF,TEXTI,ALUM1,0.42,70102.524,4,4,70102.515,0.0,0.0,0.0,0.009,166910.771429
1721221,IT,PL,LANDT,WEARI,0.45,70102.38,4,4,70102.377,0.0,0.0,0.0,0.003,155783.066667
1651682,IT,CY,COPP1,CONST,0.18,70102.216,4,4,70102.212,0.0,0.0,0.0,0.004,389456.755556
1658993,IT,DE,ELEC2,PIGS9,0.02,70101.254,4,4,70101.247,0.0,0.0,0.0,0.007,3505062.7
1772710,IT,CH,CERAM,REALE,0.11,70100.61,4,4,70100.606,0.0,0.0,0.0,0.004,637278.272727
1809202,IT,WM,MEATA,EDUCA,0.38,70100.579,4,4,70100.568,0.0,0.0,0.0,0.011,184475.207895
1675619,IT,FR,MOTO1,FINAN,0.37,70092.793,4,4,70092.788,0.0,0.0,0.0,0.005,189439.981081
1659973,IT,DE,SEACO,CHEM1,0.07,70091.607,3,3,70091.607,0.0,0.0,0.0,0.0,1001308.671429
1671210,IT,FI,NONME,FURNI,0.14,70089.836,4,4,70089.828,0.0,0.0,0.0,0.008,500641.685714
1750012,IT,CN,NONME,RUBBE,0.14,70081.319,4,4,70081.311,0.0,0.0,0.0,0.008,500580.85
1684146,IT,HR,LANDT,WEARI,0.45,70080.761,4,4,70080.758,0.0,0.0,0.0,0.003,155735.024444
1684849,IT,HU,CRUDE,CHEM1,0.14,70073.525,4,4,70073.519,0.0,0.0,0.0,0.006,500525.178571
1652880,IT,CZ,COALT,ELEC1,0.11,70060.951,4,4,70060.947,0.0,0.0,0.0,0.004,636917.736364
1664927,IT,ES,LEADZ,LEAD1,0.11,70058.808,4,4,70058.803,0.0,0.0,0.0,0.005,636898.254545
1768727,IT,AU,WEARI,WEARI,0.53,70050.339,4,4,70050.326,0.0,0.0,0.0,0.013,132170.450943
1812963,IT,WM,MACHI,BITU1,0.39,70042.407,4,4,70042.401,0.0,0.0,0.0,0.006,179595.915385
1720211,IT,PL,COPP1,PUBLI,0.18,70042.188,4,4,70042.184,0.0,0.0,0.0,0.004,389123.266667
1790024,IT,WA,NONME,MEDIC,0.14,70038.907,4,4,70038.899,0.0,0.0,0.0,0.008,500277.907143
1675606,IT,FR,MOTO1,COLLE,0.37,70035.636,4,4,70035.631,0.0,0.0,0.0,0.005,189285.502703
1779994,IT,TW,SALEM,NAPHT,0.57,70034.836,4,4,70034.832,0.0,0.0,0.0,0.004,122868.133333
1737206,IT,GB,DAIRY,RECRE,0.28,70031.476,4,4,70031.471,0.0,0.0,0.0,0.005,250112.414286
1763781,IT,MX,GLASS,PUBLI,0.19,70025.177,4,4,70025.173,0.0,0.0,0.0,0.004,368553.563158
1748170,IT,JP,FOODW,TRANS,0.52,70019.202,4,4,70019.198,0.0,0.0,0.0,0.004,134652.311538
1763152,IT,MX,LEATH,WOODW,0.5,70012.78,4,4,70012.768,0.0,0.0,0.0,0.012,140025.56
1682919,IT,HR,NAPHT,CONST,0.12,69981.416,4,4,69981.411,0.0,0.0,0.0,0.005,583178.466667
1741662,IT,US,HEAVY,BIOGA,0.11,69979.347,4,4,69979.341,0.0,0.0,0.0,0.006,636175.881818
1768701,IT,AU,TEXTI,BUSIN,0.41,69978.799,4,4,69978.79,0.0,0.0,0.0,0.009,170679.997561
1791452,IT,WA,WHOLE,OFFIC,0.6,69976.479,4,4,69976.475,0.0,0.0,0.0,0.004,116627.465
1744629,IT,US,RENTI,HEALT,0.42,69975.288,4,4,69975.284,0.0,0.0,0.0,0.004,166607.828571
1739596,IT,GB,SEACO,CHEM1,0.07,69974.402,3,3,69974.402,0.0,0.0,0.0,0.0,999634.314286
1661619,IT,DK,FISH5,FOOD5,0.29,69972.448,4,4,69972.412,0.0,0.0,0.0,0.036,241284.303448
1766244,IT,RU,GLASS,BUSIN,0.19,69971.928,4,4,69971.924,0.0,0.0,0.0,0.004,368273.305263
1755662,IT,KR,RUBBE,NONME,0.23,69965.556,4,4,69965.55,0.0,0.0,0.0,0.006,304198.069565
1685281,IT,HU,TEXTI,BUSIN,0.41,69964.077,4,4,69964.068,0.0,0.0,0.0,0.009,170644.090244
1672677,IT,FR,CRUDE,PRIVA,0.14,69963.563,4,4,69963.557,0.0,0.0,0.0,0.006,499739.735714
1805475,IT,WF,GLASS,FINAN,0.19,69954.729,4,4,69954.725,0.0,0.0,0.0,0.004,368182.784211
1667213,IT,ES,PREC1,BIOGA,0.12,69951.898,4,4,69951.895,0.0,0.0,0.0,0.003,582932.483333
1739626,IT,GB,SEACO,BUSIN,0.07,69949.409,3,3,69949.409,0.0,0.0,0.0,0.0,999277.271429
1734547,IT,SK,FOOD5,POULT,0.34,69947.455,4,4,69947.449,0.0,0.0,0.0,0.006,205727.808824
1811407,IT,WM,PLAST,MEATP,0.15,69946.594,4,4,69946.587,0.0,0.0,0.0,0.007,466310.626667
1786507,IT,ZA,TRANS,NICKE,0.42,69946.117,4,4,69946.113,0.0,0.0,0.0,0.004,166538.37381
1759973,IT,BR,PLAS1,WASTE,0.25,69941.621,4,4,69941.616,0.0,0.0,0.0,0.005,279766.484
1674026,IT,FR,GASDI,MEATA,0.1,69940.279,4,4,69940.273,0.0,0.0,0.0,0.006,699402.79
1762438,IT,IN,POSTT,BUSIN,1.15,69939.894,4,4,69939.889,0.0,0.0,0.0,0.005,60817.29913
1811945,IT,WM,RUBBE,PRIVA,0.23,69939.774,4,4,69939.768,0.0,0.0,0.0,0.006,304085.973913
1771786,IT,CH,LEATH,BUSIN,0.5,69931.604,4,4,69931.592,0.0,0.0,0.0,0.012,139863.208
1686621,IT,HU,LEAD1,CHEM1,0.12,69923.211,4,4,69923.205,0.0,0.0,0.0,0.006,582693.425
1805019,IT,WF,PLAST,CHEM1,0.15,69922.421,4,4,69922.414,0.0,0.0,0.0,0.007,466149.473333
1722619,IT,PT,TEXTI,CHEM1,0.41,69922.332,4,4,69922.323,0.0,0.0,0.0,0.009,170542.273171
1659109,IT,DE,ELEC6,FABRI,0.01,69917.809,4,4,69917.798,0.0,0.0,0.0,0.011,6991780.9
1733429,IT,SI,ELEC7,LIGNI,0.05,69917.78,3,3,69917.78,0.0,0.0,0.0,0.0,1398355.6
1648084,IT,BE,COMPU,RECRE,0.8,69914.93,4,4,69914.926,0.0,0.0,0.0,0.004,87393.6625
1757482,IT,BR,PAPER,WHOLE,0.27,69912.942,5,5,69911.935,0.0,1.0,0.0,0.007,258936.822222
1647266,IT,BE,LANDT,DIST1,0.45,69912.118,4,4,69912.115,0.0,0.0,0.0,0.003,155360.262222
1757691,IT,BR,HEAVY,FURNI,0.11,69909.937,4,4,69909.931,0.0,0.0,0.0,0.006,635544.881818
1710662,IT,LU,VEGE1,BEVER,0.21,69902.648,4,4,69902.633,0.0,0.0,0.0,0.015,332869.752381
1739077,IT,GB,RETAI,FOOD4,0.55,69898.159,4,4,69898.154,0.0,0.0,0.0,0.005,127087.561818
1653219,IT,CZ,RUBBE,BEVER,0.23,69897.565,4,4,69897.559,0.0,0.0,0.0,0.006,303902.456522
1728110,IT,SE,VEGE1,PLAST,0.21,69895.79,4,4,69895.775,0.0,0.0,0.0,0.015,332837.095238
1750099,IT,CN,BASIC,BLAST,0.08,69895.679,4,4,69895.675,0.0,0.0,0.0,0.004,873695.9875
1789033,IT,WA,NAPHT,BITU1,0.12,69893.983,4,4,69893.978,0.0,0.0,0.0,0.005,582449.858333
1673959,IT,FR,KEROS,OILSE,0.1,69891.454,4,4,69891.448,0.0,0.0,0.0,0.006,698914.54
1687208,IT,HU,CONST,CONST,0.39,69886.355,4,4,69886.351,0.0,0.0,0.0,0.004,179195.782051
1797234,IT,WL,FINAN,RETA1,0.91,69886.316,4,4,69886.314,0.0,0.0,0.0,0.002,76798.149451
1723342,IT,PT,NONME,BASIC,0.14,69881.955,4,4,69881.947,0.0,0.0,0.0,0.008,499156.821429
1796950,IT,WL,AIRTR,COKEO,0.08,69879.925,4,4,69879.923,0.0,0.0,0.0,0.002,873499.0625
1688138,IT,HU,BUSIN,RUBBE,0.72,69874.453,4,4,69874.448,0.0,0.0,0.0,0.005,97047.851389
1712098,IT,LV,BEVER,EDUCA,0.3,69873.509,4,4,69873.505,0.0,0.0,0.0,0.004,232911.696667
1752598,IT,CA,TEXTI,VEGET,0.41,69869.272,4,4,69869.263,0.0,0.0,0.0,0.009,170412.858537
1748204,IT,JP,PAPE1,TRANS,0.49,69868.733,4,4,69868.729,0.0,0.0,0.0,0.004,142589.25102
1814299,IT,WM,POSTT,93197,1.15,69866.823,4,4,69866.818,0.0,0.0,0.0,0.005,60753.75913
1783532,IT,NO,OILHA,INTER,0.4,69861.891,4,4,69861.887,0.0,0.0,0.0,0.004,174654.7275
1786907,IT,ZA,AIRTR,CHEM1,0.08,69861.055,4,4,69861.053,0.0,0.0,0.0,0.002,873263.1875
1804861,IT,WF,BITU1,CHEMI,0.11,69856.646,4,4,69856.64,0.0,0.0,0.0,0.006,635060.418182
1712246,IT,LV,PAPER,EDUCA,0.27,69852.901,5,5,69851.894,0.0,1.0,0.0,0.007,258714.448148
1720014,IT,PL,ALUM1,HEAVY,0.12,69850.378,4,4,69850.372,0.0,0.0,0.0,0.006,582086.483333
1806091,IT,WF,FABRI,COPPE,0.28,69845.375,4,4,69845.37,0.0,0.0,0.0,0.005,249447.767857
1772864,IT,CH,BASIC,PREC1,0.08,69843.741,4,4,69843.737,0.0,0.0,0.0,0.004,873046.7625
1714462,IT,NL,FORES,WHOLE,0.61,69841.329,5,5,69814.327,0.0,27.0,0.0,0.002,114493.981967
1725263,IT,RO,FOOD5,EDUCA,0.34,69837.362,4,4,69837.356,0.0,0.0,0.0,0.006,205404.005882
1779388,IT,TR,AUXIL,INSUR,1.28,69834.862,4,4,69834.859,0.0,0.0,0.0,0.003,54558.485937
1793242,IT,WA,PRIVA,MEAT1,15.58,69829.293,5,5,69828.282,1.0,0.0,0.0,0.011,4481.982863
1668071,IT,ES,FURNI,PUBLI,0.22,69828.988,4,4,69828.982,0.0,0.0,0.0,0.006,317404.490909
1641663,IT,AT,PETRO,CERAM,0.12,69826.642,4,4,69826.637,0.0,0.0,0.0,0.005,581888.683333
1645492,IT,BE,PLAST,BEVER,0.15,69825.349,4,4,69825.342,0.0,0.0,0.0,0.007,465502.326667
1738768,IT,GB,OFFIC,RUBBE,0.22,69823.838,4,4,69823.833,0.0,0.0,0.0,0.005,317381.081818
1737388,IT,GB,TEXTI,NFERT,0.41,69822.418,4,4,69822.409,0.0,0.0,0.0,0.009,170298.580488
1757211,IT,BR,VEGE1,OILSE,0.21,69820.558,4,4,69820.543,0.0,0.0,0.0,0.015,332478.847619
1765917,IT,RU,PLAST,TRANS,0.15,69819.593,4,4,69819.586,0.0,0.0,0.0,0.007,465463.953333
1719276,IT,PL,CHEM1,COPP1,0.15,69818.78,4,4,69818.772,0.0,0.0,0.0,0.008,465458.533333
1788516,IT,WA,PAPER,NATUR,0.27,69818.349,5,5,69817.342,0.0,1.0,0.0,0.007,258586.477778
1799513,IT,WE,PAPER,BUSIN,0.27,69815.869,5,5,69814.862,0.0,1.0,0.0,0.007,258577.292593
1733813,IT,SI,LANDT,HEALT,0.45,69809.371,4,4,69809.368,0.0,0.0,0.0,0.003,155131.935556
1757765,IT,BR,PLAST,SUGA1,0.15,69809.277,4,4,69809.27,0.0,0.0,0.0,0.007,465395.18
1662723,IT,DK,MACHI,RECRE,0.39,69804.489,4,4,69804.483,0.0,0.0,0.0,0.006,178985.869231
1810345,IT,WM,WOODW,GLASS,0.2,69803.441,4,4,69803.436,0.0,0.0,0.0,0.005,349017.205
1648821,IT,BG,FISH5,BUSIN,0.29,69800.189,4,4,69800.153,0.0,0.0,0.0,0.036,240690.306897
1725872,IT,RO,HEAVY,DAIRY,0.11,69788.427,4,4,69788.421,0.0,0.0,0.0,0.006,634440.245455
1733796,IT,SI,LANDT,RAILW,0.45,69784.473,4,4,69784.47,0.0,0.0,0.0,0.003,155076.606667
1769984,IT,AU,TRANS,REALE,0.42,69774.242,4,4,69774.238,0.0,0.0,0.0,0.004,166129.147619
1793206,IT,WA,93197,93197,0.47,69767.857,4,4,69767.851,0.0,0.0,0.0,0.006,148442.248936
1791241,IT,WA,FURNI,TRAN2,0.22,69754.06,4,4,69754.054,0.0,0.0,0.0,0.006,317063.909091
1736140,IT,SK,CONST,COMPU,0.39,69751.007,4,4,69751.003,0.0,0.0,0.0,0.004,178848.735897
1799518,IT,WE,PAPER,RECRE,0.27,69747.221,5,5,69746.214,0.0,1.0,0.0,0.007,258323.040741
1726965,IT,RO,HOTEL,CERAM,0.51,69746.246,4,4,69746.241,0.0,0.0,0.0,0.005,136757.345098
1712265,IT,LV,HEAVY,WOODW,0.11,69731.908,4,4,69731.902,0.0,0.0,0.0,0.006,633926.436364
1753078,IT,CA,RUBBE,HYDRO,0.23,69731.709,4,4,69731.703,0.0,0.0,0.0,0.006,303181.343478
1646211,IT,BE,ALUM1,POSTT,0.12,69730.386,4,4,69730.38,0.0,0.0,0.0,0.006,581086.55
1667228,IT,ES,PREC1,OFFIC,0.12,69728.588,4,4,69728.585,0.0,0.0,0.0,0.003,581071.566667
1803473,IT,WF,MEAT4,WEARI,0.38,69726.29,4,4,69726.285,0.0,0.0,0.0,0.005,183490.236842
1686421,IT,HU,BASIC,ELECT,0.08,69721.105,4,4,69721.101,0.0,0.0,0.0,0.004,871513.8125
1796444,IT,WL,WHOLE,RESEA,0.6,69719.706,4,4,69719.702,0.0,0.0,0.0,0.004,116199.51
1641096,IT,AT,PAPER,NONF1,0.27,69719.079,5,5,69718.072,0.0,1.0,0.0,0.007,258218.811111
1728032,IT,SE,CHEMI,SECO9,0.17,69714.284,5,5,69711.277,0.0,0.0,3.0,0.007,410084.023529
1776777,IT,TR,LIQUE,93197,0.12,69707.573,4,4,69707.567,0.0,0.0,0.0,0.006,580896.441667
1645269,IT,BE,MOTOR,NAPHT,0.1,69691.783,4,4,69691.777,0.0,0.0,0.0,0.006,696917.83
1677390,IT,FR,INSUR,NUCLE,1.44,69685.406,4,4,69685.403,0.0,0.0,0.0,0.003,48392.643056
1746418,IT,JP,RUBBE,POSTT,0.23,69680.146,4,4,69680.14,0.0,0.0,0.0,0.006,302957.156522
1682710,IT,HR,GASDI,PRINT,0.1,69674.105,4,4,69674.099,0.0,0.0,0.0,0.006,696741.05
1718205,IT,PL,DAIRY,HEALT,0.28,69671.81,4,4,69671.805,0.0,0.0,0.0,0.005,248827.892857
1688797,IT,IE,GLASS,CHEM1,0.19,69669.563,4,4,69669.559,0.0,0.0,0.0,0.004,366681.910526
1744711,IT,US,COMPU,REALE,0.8,69669.043,4,4,69669.039,0.0,0.0,0.0,0.004,87086.30375
1781837,IT,NO,PLAST,CHEM1,0.15,69668.638,4,4,69668.631,0.0,0.0,0.0,0.007,464457.586667
1655868,IT,DE,DAIRY,MEAT4,0.28,69651.825,4,4,69651.82,0.0,0.0,0.0,0.005,248756.517857
1790149,IT,WA,BASIC,CONST,0.08,69648.856,4,4,69648.852,0.0,0.0,0.0,0.004,870610.7
1732882,IT,SI,BASIC,PAPE4,0.08,69644.213,4,4,69644.209,0.0,0.0,0.0,0.004,870552.6625
1668909,IT,ES,SEACO,POSTT,0.07,69642.563,3,3,69642.563,0.0,0.0,0.0,0.0,994893.757143
1810714,IT,WM,MOTOR,FABRI,0.1,69641.244,4,4,69641.238,0.0,0.0,0.0,0.006,696412.44
1746094,IT,JP,PRINT,WHOLE,0.67,69636.686,4,4,69636.681,0.0,0.0,0.0,0.005,103935.352239
1755500,IT,KR,CHEM1,FISHF,0.15,69630.892,4,4,69630.884,0.0,0.0,0.0,0.008,464205.946667
1786422,IT,ZA,MACHI,FOOD3,0.39,69623.405,4,4,69623.399,0.0,0.0,0.0,0.006,178521.551282
1720104,IT,PL,LEAD1,GASDI,0.12,69619.288,4,4,69619.282,0.0,0.0,0.0,0.006,580160.733333
1775239,IT,CH,BUSIN,POULT,0.71,69615.055,4,4,69615.05,0.0,0.0,0.0,0.005,98049.373239
1781270,IT,NO,CHEMI,NONME,0.17,69597.968,5,5,69594.961,0.0,0.0,3.0,0.007,409399.811765
1803078,IT,WF,CEREA,POSTT,0.11,69595.83,4,4,69595.826,0.0,0.0,0.0,0.004,632689.363636
1648499,IT,BG,OILSE,HOTEL,0.05,69594.71,4,4,69594.707,0.0,0.0,0.0,0.003,1391894.2
1671300,IT,FI,ALUM1,TEXTI,0.12,69592.934,4,4,69592.928,0.0,0.0,0.0,0.006,579941.116667
1686110,IT,HU,RUBBE,ELEC3,0.23,69585.876,4,4,69585.87,0.0,0.0,0.0,0.006,302547.286957
1659779,IT,DE,LANDT,MEAT1,0.45,69585.307,4,4,69585.304,0.0,0.0,0.0,0.003,154634.015556
1760865,IT,IN,GASDI,OILSE,0.1,69582.487,4,4,69582.481,0.0,0.0,0.0,0.006,695824.87
1716516,IT,NL,OFFIC,RECRE,0.22,69574.331,4,4,69574.326,0.0,0.0,0.0,0.005,316246.959091
1721995,IT,PL,COMPU,CONST,0.79,69572.066,4,4,69572.062,0.0,0.0,0.0,0.004,88065.906329
1811596,IT,WM,CHEM1,STONE,0.15,69570.976,4,4,69570.968,0.0,0.0,0.0,0.008,463806.506667
1716838,IT,NL,HOTEL,WEARI,0.5,69570.021,4,4,69570.016,0.0,0.0,0.0,0.005,139140.042
1780477,IT,TW,POSTT,KEROS,1.15,69563.995,4,4,69563.99,0.0,0.0,0.0,0.005,60490.430435
1754986,IT,KR,TEXTI,COMPU,0.41,69559.719,4,4,69559.71,0.0,0.0,0.0,0.009,169657.85122
1684989,IT,HU,VEGE1,DAIRY,0.21,69558.376,4,4,69558.361,0.0,0.0,0.0,0.015,331230.361905
1729639,IT,SE,FABRI,CHEM1,0.28,69550.967,4,4,69550.962,0.0,0.0,0.0,0.005,248396.310714
1791866,IT,WA,LANDT,POSTT,0.45,69543.146,4,4,69543.143,0.0,0.0,0.0,0.003,154540.324444
1809818,IT,WM,FOOD5,TRAN1,0.33,69543.097,4,4,69543.091,0.0,0.0,0.0,0.006,210736.657576
1742206,IT,US,GLASS,RENTI,0.19,69542.522,4,4,69542.518,0.0,0.0,0.0,0.004,366013.273684
1811080,IT,WM,HEAVY,OFFIC,0.11,69540.891,4,4,69540.885,0.0,0.0,0.0,0.006,632189.918182
1753167,IT,CA,GLASS,FOOD5,0.19,69537.572,4,4,69537.568,0.0,0.0,0.0,0.004,365987.221053
1790472,IT,WA,COPP1,WOODW,0.18,69533.938,4,4,69533.934,0.0,0.0,0.0,0.004,386299.655556
1789862,IT,WA,CERAM,DIST1,0.11,69533.501,4,4,69533.497,0.0,0.0,0.0,0.004,632122.736364
1655195,IT,CZ,BUSIN,COMPU,0.71,69527.084,4,4,69527.079,0.0,0.0,0.0,0.005,97925.470423
1741428,IT,US,MOTOR,PAPER,0.1,69526.56,4,4,69526.554,0.0,0.0,0.0,0.006,695265.6
1678573,IT,GR,CROPS,FURNI,0.55,69523.349,4,4,69523.345,0.0,0.0,0.0,0.004,126406.089091
1810145,IT,WM,WEARI,PRINT,0.52,69522.704,4,4,69522.691,0.0,0.0,0.0,0.013,133697.507692
1662333,IT,DK,BASIC,MEAT1,0.08,69504.875,4,4,69504.871,0.0,0.0,0.0,0.004,868810.9375
1745055,IT,US,PUBLI,ELECT,1.14,69502.356,4,4,69502.351,0.0,0.0,0.0,0.005,60966.978947
1812326,IT,WM,BASIC,BITU1,0.08,69496.649,4,4,69496.645,0.0,0.0,0.0,0.004,868708.1125
1779718,IT,TR,BUSIN,MEATC,0.71,69490.413,4,4,69490.408,0.0,0.0,0.0,0.005,97873.821127
1742473,IT,US,BASIC,ADDIT,0.08,69487.483,4,4,69487.479,0.0,0.0,0.0,0.004,868593.5375
1646948,IT,BE,WHOLE,RENTI,0.6,69485.136,4,4,69485.132,0.0,0.0,0.0,0.004,115808.56
1799855,IT,WE,GASDI,NFERT,0.1,69484.645,4,4,69484.639,0.0,0.0,0.0,0.006,694846.45
1645476,IT,BE,NONSP,MOTOR,0.09,69484.629,4,4,69484.625,0.0,0.0,0.0,0.004,772051.433333
1780514,IT,TW,POSTT,WHOLE,1.14,69478.214,4,4,69478.209,0.0,0.0,0.0,0.005,60945.801754
1642220,IT,AT,CEMEN,RESEA,0.11,69477.058,4,4,69477.055,0.0,0.0,0.0,0.003,631609.618182
1673456,IT,FR,WEARI,INSUR,0.52,69475.887,4,4,69475.874,0.0,0.0,0.0,0.013,133607.475
1657749,IT,DE,CEMEN,BUSIN,0.11,69468.914,4,4,69468.911,0.0,0.0,0.0,0.003,631535.581818
1740139,IT,GB,COMPU,CONST,0.79,69466.513,4,4,69466.509,0.0,0.0,0.0,0.004,87932.294937
1682719,IT,HR,GASDI,FABRI,0.1,69461.99,4,4,69461.984,0.0,0.0,0.0,0.006,694619.9
1717620,IT,NL,BUSIN,RAWMI,0.71,69457.872,4,4,69457.867,0.0,0.0,0.0,0.005,97827.988732
1782821,IT,NO,HOTEL,RESEA,0.5,69455.96,4,4,69455.955,0.0,0.0,0.0,0.005,138911.92
1765156,IT,MX,BUSIN,PLAST,0.71,69454.788,4,4,69454.783,0.0,0.0,0.0,0.005,97823.64507
1715471,IT,NL,KEROS,NONSP,0.1,69454.697,4,4,69454.691,0.0,0.0,0.0,0.006,694546.97
1781466,IT,NO,BEVER,OFFIC,0.3,69449.886,4,4,69449.882,0.0,0.0,0.0,0.004,231499.62
1778442,IT,TR,WHOLE,NONF1,0.6,69449.601,4,4,69449.597,0.0,0.0,0.0,0.004,115749.335
1752987,IT,CA,CHEM1,LEATH,0.15,69443.025,4,4,69443.017,0.0,0.0,0.0,0.008,462953.5
1773435,IT,CH,OFFIC,GLASS,0.22,69441.681,4,4,69441.676,0.0,0.0,0.0,0.005,315644.004545
1658531,IT,DE,MACHI,ANTHR,0.39,69441.607,4,4,69441.601,0.0,0.0,0.0,0.006,178055.402564
1659745,IT,DE,RAILW,BUSIN,0.46,69441.563,4,4,69441.56,0.0,0.0,0.0,0.003,150959.919565
1677873,IT,FR,BUSIN,HEAVY,0.71,69441.105,4,4,69441.1,0.0,0.0,0.0,0.005,97804.373239
1768939,IT,AU,PAPER,PROCE,0.27,69438.459,5,5,69437.452,0.0,1.0,0.0,0.007,257179.477778
1809346,IT,WM,SANDC,KEROS,0.16,69434.413,5,5,69419.411,0.0,0.0,15.0,0.002,433965.08125
1641182,IT,AT,PRINT,OFFIC,0.67,69431.862,4,4,69431.857,0.0,0.0,0.0,0.005,103629.644776
1681207,IT,GR,POSTT,PUBLI,1.14,69430.99,4,4,69430.985,0.0,0.0,0.0,0.005,60904.377193
1796984,IT,WL,AIRTR,RADIO,0.08,69419.381,4,4,69419.379,0.0,0.0,0.0,0.002,867742.2625
1653979,IT,CZ,MACHI,KEROS,0.39,69418.25,4,4,69418.244,0.0,0.0,0.0,0.006,177995.512821
1762656,IT,IN,COMPU,POSTT,0.79,69413.105,4,4,69413.101,0.0,0.0,0.0,0.004,87864.689873
1797360,IT,WL,REALE,EDUCA,2.93,69412.23,4,4,69412.225,0.0,0.0,0.0,0.005,23690.180887
1770992,IT,CH,VEGET,RECRE,0.25,69409.949,4,4,69409.946,0.0,0.0,0.0,0.003,277639.796
1735077,IT,SK,CHEM1,BIOGA,0.15,69409.437,4,4,69409.429,0.0,0.0,0.0,0.008,462729.58
1689251,IT,IE,WHOLE,NUCLE,0.6,69409.206,4,4,69409.202,0.0,0.0,0.0,0.004,115682.01
1650312,IT,BG,ELEC2,SANDC,0.02,69407.176,4,4,69407.169,0.0,0.0,0.0,0.007,3470358.8
1656033,IT,DE,BEVER,MEATA,0.3,69405.446,4,4,69405.442,0.0,0.0,0.0,0.004,231351.486667
1749389,IT,CN,MOTOR,KEROS,0.1,69404.615,4,4,69404.609,0.0,0.0,0.0,0.006,694046.15
1732890,IT,SI,PREC1,WOODW,0.12,69400.721,4,4,69400.718,0.0,0.0,0.0,0.003,578339.341667
1683203,IT,HR,GLASS,SUPPO,0.19,69397.378,4,4,69397.374,0.0,0.0,0.0,0.004,365249.357895
1808946,IT,WM,CEREA,HOTEL,0.11,69397.194,4,4,69397.19,0.0,0.0,0.0,0.004,630883.581818
1735605,IT,SK,COPP1,LIQUE,0.18,69395.293,4,4,69395.289,0.0,0.0,0.0,0.004,385529.405556
1774943,IT,CH,INSUR,REALE,1.43,69390.488,4,4,69390.485,0.0,0.0,0.0,0.003,48524.816783
1766243,IT,RU,GLASS,RESEA,0.19,69389.481,4,4,69389.477,0.0,0.0,0.0,0.004,365207.794737
1800818,IT,WE,BASIC,PLAST,0.08,69387.314,4,4,69387.31,0.0,0.0,0.0,0.004,867341.425
1757432,IT,BR,PAPER,PRECI,0.27,69381.335,5,5,69380.328,0.0,1.0,0.0,0.007,256967.907407
1645935,IT,BE,CERAM,COPP1,0.11,69379.118,4,4,69379.114,0.0,0.0,0.0,0.004,630719.254545
1715681,IT,NL,NONSP,BIODI,0.09,69375.149,4,4,69375.145,0.0,0.0,0.0,0.004,770834.988889
1729310,IT,SE,NONME,FABRI,0.14,69371.991,4,4,69371.983,0.0,0.0,0.0,0.008,495514.221429
1679853,IT,GR,ALUM1,SUPPO,0.12,69370.044,4,4,69370.038,0.0,0.0,0.0,0.006,578083.7
1735751,IT,SK,MACHI,OILSE,0.39,69365.401,4,4,69365.395,0.0,0.0,0.0,0.006,177860.002564
1647374,IT,BE,SEACO,RESEA,0.07,69357.32,3,3,69357.32,0.0,0.0,0.0,0.0,990818.857143
1713057,IT,MT,VEGE1,VEGET,0.21,69352.141,4,4,69352.126,0.0,0.0,0.0,0.015,330248.290476
1748464,IT,CN,STONE,PREC1,0.22,69350.606,5,5,69346.603,0.0,0.0,4.0,0.003,315230.027273
1794754,IT,WL,PLAST,CEREA,0.15,69348.384,4,4,69348.377,0.0,0.0,0.0,0.007,462322.56
1672602,IT,FR,FORES,FORES,0.61,69346.986,5,5,69319.984,0.0,27.0,0.0,0.002,113683.583607
1710191,IT,LT,MACHI,REALE,0.39,69345.446,4,4,69345.44,0.0,0.0,0.0,0.006,177808.835897
1641746,IT,AT,CHEM1,STONE,0.14,69344.12,4,4,69344.112,0.0,0.0,0.0,0.008,495315.142857
1715209,IT,NL,WOODW,ELECT,0.19,69336.364,4,4,69336.359,0.0,0.0,0.0,0.005,364928.231579
1664091,IT,EE,CHEM1,WHOLE,0.14,69336.156,4,4,69336.148,0.0,0.0,0.0,0.008,495258.257143
1795600,IT,WL,FABRI,CEREA,0.28,69332.648,4,4,69332.643,0.0,0.0,0.0,0.005,247616.6
1802337,IT,WE,SEACO,POULT,0.07,69331.898,3,3,69331.898,0.0,0.0,0.0,0.0,990455.685714
1735118,IT,SK,CHEM1,EDUCA,0.14,69325.325,4,4,69325.317,0.0,0.0,0.0,0.008,495180.892857
1688073,IT,HU,COMPU,FINAN,0.79,69323.097,4,4,69323.093,0.0,0.0,0.0,0.004,87750.755696
1689456,IT,IE,HOTEL,COLLE,0.5,69322.088,4,4,69322.083,0.0,0.0,0.0,0.005,138644.176
1769652,IT,AU,FABRI,MEDIC,0.28,69321.864,4,4,69321.859,0.0,0.0,0.0,0.005,247578.085714
1810546,IT,WM,PAPER,ELECT,0.27,69320.283,5,5,69319.276,0.0,1.0,0.0,0.007,256741.788889
1739266,IT,GB,HOTEL,BEVER,0.5,69313.416,4,4,69313.411,0.0,0.0,0.0,0.005,138626.832
1641394,IT,AT,KERO1,MOTOR,0.1,69313.212,4,4,69313.206,0.0,0.0,0.0,0.006,693132.12
1667049,IT,ES,NONME,BITU1,0.14,69309.795,4,4,69309.787,0.0,0.0,0.0,0.008,495069.964286
1722079,IT,PL,BUSIN,TEXTI,0.71,69308.452,4,4,69308.447,0.0,0.0,0.0,0.005,97617.538028
1792224,IT,WA,POSTT,MEAT4,1.14,69305.415,4,4,69305.41,0.0,0.0,0.0,0.005,60794.223684
1727227,IT,RO,SUPPO,PLAST,0.5,69304.002,4,4,69303.999,0.0,0.0,0.0,0.003,138608.004
1741086,IT,US,TEXTI,COMPU,0.41,69302.193,4,4,69302.184,0.0,0.0,0.0,0.009,169029.739024
1762117,IT,IN,RAILW,COPP1,0.46,69299.641,4,4,69299.638,0.0,0.0,0.0,0.003,150651.393478
1685989,IT,HU,BIODI,FOOD5,0.14,69298.573,4,4,69298.565,0.0,0.0,0.0,0.008,494989.807143
1807397,IT,WF,FINAN,AUXIL,0.9,69297.69,4,4,69297.688,0.0,0.0,0.0,0.002,76997.433333
1791103,IT,WA,TRANS,RADIO,0.41,69295.958,4,4,69295.954,0.0,0.0,0.0,0.004,169014.531707
1732110,IT,SI,KERO1,93197,0.1,69293.817,4,4,69293.811,0.0,0.0,0.0,0.006,692938.17
1733306,IT,SI,MOTO1,FURNI,0.37,69291.145,4,4,69291.14,0.0,0.0,0.0,0.005,187273.364865
1742851,IT,US,MACHI,FISHF,0.39,69288.729,4,4,69288.723,0.0,0.0,0.0,0.006,177663.407692
1641857,IT,AT,BIOGA,LANDT,0.14,69282.644,4,4,69282.637,0.0,0.0,0.0,0.007,494876.028571
1652518,IT,CZ,WEARI,WHOLE,0.52,69276.382,4,4,69276.369,0.0,0.0,0.0,0.013,133223.811538
1683477,IT,HR,PREC1,MACHI,0.12,69274.739,4,4,69274.736,0.0,0.0,0.0,0.003,577289.491667
1784587,IT,ID,MACHI,NAPHT,0.39,69273.763,4,4,69273.757,0.0,0.0,0.0,0.006,177625.033333
1802824,IT,WE,EDUCA,REALE,1.73,69267.128,4,4,69267.123,0.0,0.0,0.0,0.005,40038.802312
1670985,IT,FI,CHEM1,EDUCA,0.14,69266.375,4,4,69266.367,0.0,0.0,0.0,0.008,494759.821429
1805646,IT,WF,NONME,LEAD1,0.14,69263.389,4,4,69263.381,0.0,0.0,0.0,0.008,494738.492857
1742026,IT,US,ADDIT,HEALT,0.16,69260.539,5,5,69259.534,0.0,1.0,0.0,0.005,432878.36875
1670436,IT,FI,FOOD5,WHOLE,0.33,69257.954,4,4,69257.948,0.0,0.0,0.0,0.006,209872.587879
1804481,IT,WF,GASDI,WEARI,0.1,69254.888,4,4,69254.882,0.0,0.0,0.0,0.006,692548.88
1771269,IT,CH,VEGE1,EDUCA,0.21,69252.314,4,4,69252.299,0.0,0.0,0.0,0.015,329772.92381
1650493,IT,BG,ELEC6,COPPE,0.01,69251.181,4,4,69251.17,0.0,0.0,0.0,0.011,6925118.1
1753160,IT,CA,RUBBE,93197,0.23,69247.624,4,4,69247.618,0.0,0.0,0.0,0.006,301076.626087
1667880,IT,ES,MOTO1,PRINT,0.37,69246.954,4,4,69246.949,0.0,0.0,0.0,0.005,187153.92973
1805924,IT,WF,LEAD1,PRECI,0.12,69232.922,4,4,69232.916,0.0,0.0,0.0,0.006,576941.016667
1757751,IT,BR,NONSP,HEAVY,0.09,69232.491,4,4,69232.487,0.0,0.0,0.0,0.004,769249.9
1736881,IT,SK,BUSIN,ELEC3,0.71,69230.212,4,4,69230.207,0.0,0.0,0.0,0.005,97507.340845
1658736,IT,DE,OFFIC,SUPPO,0.21,69225.244,4,4,69225.239,0.0,0.0,0.0,0.005,329644.019048
1661749,IT,DK,LEATH,CHEM1,0.5,69215.48,4,4,69215.468,0.0,0.0,0.0,0.012,138430.96
1807455,IT,WF,AUXIL,REALE,1.27,69210.791,4,4,69210.788,0.0,0.0,0.0,0.003,54496.685827
1754524,IT,CA,BUSIN,FURNI,0.71,69196.843,4,4,69196.838,0.0,0.0,0.0,0.005,97460.342254
1675086,IT,FR,ALUM1,WOOD1,0.12,69194.653,4,4,69194.647,0.0,0.0,0.0,0.006,576622.108333
1796551,IT,WL,RETA1,REALE,0.72,69190.56,4,4,69190.555,0.0,0.0,0.0,0.005,96098.0
1664659,IT,EE,LANDT,LANDT,0.45,69190.425,4,4,69190.422,0.0,0.0,0.0,0.003,153756.5
1680053,IT,GR,MACHI,MEDIC,0.39,69190.418,4,4,69190.412,0.0,0.0,0.0,0.006,177411.328205
1670611,IT,FI,WEARI,RENTI,0.52,69190.056,4,4,69190.043,0.0,0.0,0.0,0.013,133057.8
1768786,IT,AU,LEATH,VEGET,0.5,69189.8,4,4,69189.788,0.0,0.0,0.0,0.012,138379.6
1750836,IT,CN,FURNI,LEAD1,0.22,69171.622,4,4,69171.616,0.0,0.0,0.0,0.006,314416.463636
1748872,IT,CN,WEARI,NATUR,0.52,69171.002,4,4,69170.989,0.0,0.0,0.0,0.013,133021.157692
1782039,IT,NO,RUBBE,OILHA,0.23,69166.639,4,4,69166.633,0.0,0.0,0.0,0.006,300724.517391
1753074,IT,CA,RUBBE,FORES,0.23,69164.152,4,4,69164.146,0.0,0.0,0.0,0.006,300713.704348
1772461,IT,CH,CHEM1,PAPE4,0.14,69157.965,4,4,69157.957,0.0,0.0,0.0,0.008,493985.464286
1732650,IT,SI,GLASS,REALE,0.19,69157.091,4,4,69157.087,0.0,0.0,0.0,0.004,363984.689474
1790691,IT,WA,FABRI,DIST1,0.28,69154.751,4,4,69154.746,0.0,0.0,0.0,0.005,246981.253571
1658999,IT,DE,ELEC2,TEXTI,0.02,69151.173,4,4,69151.166,0.0,0.0,0.0,0.007,3457558.65
1715031,IT,NL,TEXTI,PAPER,0.41,69149.674,4,4,69149.665,0.0,0.0,0.0,0.009,168657.741463
1755951,IT,KR,PREC1,NONF1,0.12,69146.884,4,4,69146.881,0.0,0.0,0.0,0.003,576224.033333
1733148,IT,SI,FABRI,RAILW,0.28,69143.337,4,4,69143.332,0.0,0.0,0.0,0.005,246940.489286
1653659,IT,CZ,ALUM1,ELEC1,0.12,69136.628,4,4,69136.622,0.0,0.0,0.0,0.006,576138.566667
1723427,IT,PT,BASIC,WASTE,0.08,69136.352,4,4,69136.348,0.0,0.0,0.0,0.004,864204.4
1656553,IT,DE,PAPER,MEMBE,0.27,69126.648,5,5,69125.641,0.0,1.0,0.0,0.007,256024.622222
1684026,IT,HR,HOTEL,FORES,0.5,69126.269,4,4,69126.264,0.0,0.0,0.0,0.005,138252.538
1789879,IT,WA,CERAM,PRIVA,0.11,69120.351,4,4,69120.347,0.0,0.0,0.0,0.004,628366.827273
1799927,IT,WE,HEAVY,FORES,0.11,69118.563,4,4,69118.557,0.0,0.0,0.0,0.006,628350.572727
1744461,IT,US,AUXIL,AIRTR,1.26,69117.024,4,4,69117.021,0.0,0.0,0.0,0.003,54854.780952
1715501,IT,NL,KERO1,REALE,0.1,69116.979,4,4,69116.973,0.0,0.0,0.0,0.006,691169.79
1785450,IT,ZA,PAPER,RECRE,0.27,69114.4,5,5,69113.393,0.0,1.0,0.0,0.007,255979.259259
1768435,IT,AU,DAIRY,SUGA1,0.28,69111.297,4,4,69111.292,0.0,0.0,0.0,0.005,246826.060714
1769510,IT,AU,BASIC,FOOD1,0.08,69111.228,4,4,69111.224,0.0,0.0,0.0,0.004,863890.35
1751212,IT,CN,HOTEL,PREC1,0.5,69109.326,4,4,69109.321,0.0,0.0,0.0,0.005,138218.652
1812926,IT,WM,MACHI,ALUMI,0.39,69107.026,4,4,69107.02,0.0,0.0,0.0,0.006,177197.502564
1740685,IT,US,CHEMI,WHEAT,0.16,69106.081,5,5,69103.075,0.0,0.0,3.0,0.006,431913.00625
1680993,IT,GR,AIRTR,FOOD5,0.08,69101.626,4,4,69101.624,0.0,0.0,0.0,0.002,863770.325
1755536,IT,KR,CHEM1,LUBRI,0.14,69092.117,4,4,69092.109,0.0,0.0,0.0,0.008,493515.121429
1790052,IT,WA,BASIC,OILSE,0.08,69090.656,4,4,69090.652,0.0,0.0,0.0,0.004,863633.2
1645543,IT,BE,PLAST,INTER,0.14,69081.13,4,4,69081.123,0.0,0.0,0.0,0.007,493436.642857
1682706,IT,HR,GASDI,TOBAC,0.1,69081.111,4,4,69081.105,0.0,0.0,0.0,0.006,690811.11
1732872,IT,SI,BASIC,PUBLI,0.08,69062.146,4,4,69062.142,0.0,0.0,0.0,0.004,863276.825
1648551,IT,BG,CRUDE,LIQUE,0.14,69061.209,4,4,69061.203,0.0,0.0,0.0,0.006,493294.35
1764041,IT,MX,NONF1,ALUM1,0.02,69058.455,3,3,69058.455,0.0,0.0,0.0,0.0,3452922.75
1657493,IT,DE,RUBBE,TEXT1,0.23,69057.494,4,4,69057.488,0.0,0.0,0.0,0.006,300249.973913
1739049,IT,GB,RETAI,TRANS,0.54,69048.619,4,4,69048.615,0.0,0.0,0.0,0.004,127867.812963
1777525,IT,TR,BASIC,RETAI,0.08,69041.102,4,4,69041.098,0.0,0.0,0.0,0.004,863013.775
1764900,IT,MX,AIRTR,HOTEL,0.08,69039.389,4,4,69039.387,0.0,0.0,0.0,0.002,862992.3625
1732873,IT,SI,BASIC,EDUCA,0.08,69036.782,4,4,69036.778,0.0,0.0,0.0,0.004,862959.775
1686970,IT,HU,MACHI,HOTEL,0.39,69034.89,4,4,69034.884,0.0,0.0,0.0,0.006,177012.538462
1682134,IT,HR,TEXTI,ELECT,0.41,69028.839,4,4,69028.83,0.0,0.0,0.0,0.009,168363.021951
1710239,IT,LT,OFFIC,HEALT,0.21,69027.6,4,4,69027.595,0.0,0.0,0.0,0.005,328702.857143
1730171,IT,SE,LANDT,PLAST,0.45,69023.105,4,4,69023.102,0.0,0.0,0.0,0.003,153384.677778
1676598,IT,FR,HOTEL,RADIO,0.5,69023.025,4,4,69023.02,0.0,0.0,0.0,0.005,138046.05
1729198,IT,SE,CERAM,FOOD5,0.11,69022.238,4,4,69022.234,0.0,0.0,0.0,0.004,627474.890909
1662649,IT,DK,MACHI,PRINT,0.39,69012.941,4,4,69012.935,0.0,0.0,0.0,0.006,176956.258974
1759244,IT,BR,POSTT,LEATH,1.14,69012.603,4,4,69012.598,0.0,0.0,0.0,0.005,60537.371053
1718278,IT,PL,FOOD5,GASDI,0.33,69008.053,4,4,69008.047,0.0,0.0,0.0,0.006,209115.312121
1798208,IT,WE,VEGET,TEXTI,0.24,68996.015,4,4,68996.012,0.0,0.0,0.0,0.003,287483.395833
1767124,IT,RU,FURNI,EDUCA,0.22,68995.568,4,4,68995.562,0.0,0.0,0.0,0.006,313616.218182
1749205,IT,CN,PULP5,MEMBE,0.21,68994.715,4,4,68994.709,0.0,0.0,0.0,0.006,328546.261905
1666183,IT,ES,HEAVY,VEGET,0.11,68990.844,4,4,68990.838,0.0,0.0,0.0,0.006,627189.490909
1689461,IT,IE,HOTEL,HOTEL,0.5,68981.643,4,4,68981.638,0.0,0.0,0.0,0.005,137963.286
1719754,IT,PL,BASIC,ANIMA,0.08,68973.92,4,4,68973.916,0.0,0.0,0.0,0.004,862174.0
1736580,IT,SK,SUPPO,BUSIN,0.5,68971.903,4,4,68971.9,0.0,0.0,0.0,0.003,137943.806
1794483,IT,WL,GASDI,COPP1,0.1,68966.967,4,4,68966.961,0.0,0.0,0.0,0.006,689669.67
1754995,IT,KR,TEXTI,93197,0.41,68961.93,4,4,68961.921,0.0,0.0,0.0,0.009,168199.829268
1661269,IT,DK,OILSE,MEATA,0.05,68959.478,4,4,68959.475,0.0,0.0,0.0,0.003,1379189.56
1796197,IT,WL,FURNI,CEMEN,0.22,68957.626,4,4,68957.62,0.0,0.0,0.0,0.006,313443.754545
1646885,IT,BE,WHOLE,PULP5,0.6,68956.653,4,4,68956.649,0.0,0.0,0.0,0.004,114927.755
1682753,IT,HR,GASDI,EDUCA,0.1,68955.757,4,4,68955.751,0.0,0.0,0.0,0.006,689557.57
1790054,IT,WA,BASIC,PLANT,0.08,68955.724,4,4,68955.72,0.0,0.0,0.0,0.004,861946.55
1649368,IT,BG,PLAST,93197,0.14,68951.137,4,4,68951.13,0.0,0.0,0.0,0.007,492508.121429
1793138,IT,WA,RECRE,RECRE,0.88,68945.68,4,4,68945.675,0.0,0.0,0.0,0.005,78347.363636
1741652,IT,US,HEAVY,WHITE,0.11,68938.174,4,4,68938.168,0.0,0.0,0.0,0.006,626710.672727
1780903,IT,TW,RESEA,RADIO,0.37,68934.761,4,4,68934.756,0.0,0.0,0.0,0.005,186310.164865
1812423,IT,WM,PREC1,TEXTI,0.12,68928.507,4,4,68928.504,0.0,0.0,0.0,0.003,574404.225
1741725,IT,US,NAPHT,LUBRI,0.12,68924.376,4,4,68924.371,0.0,0.0,0.0,0.005,574369.8
1689888,IT,IE,AUXIL,NUCLE,1.26,68921.379,4,4,68921.376,0.0,0.0,0.0,0.003,54699.507143
1713482,IT,MT,RUBBE,MEAT1,0.23,68921.111,4,4,68921.105,0.0,0.0,0.0,0.006,299657.004348
1773519,IT,CH,MOTO1,KEROS,0.37,68919.998,4,4,68919.994,0.0,0.0,0.0,0.004,186270.264865
1739129,IT,GB,WHOLE,COMPU,0.6,68906.425,4,4,68906.421,0.0,0.0,0.0,0.004,114844.041667
1802957,IT,WF,WHEAT,MEAT1,0.05,68904.571,5,5,68903.569,0.0,1.0,0.0,0.002,1378091.42
1733410,IT,SI,ELEC2,REALE,0.02,68901.778,4,4,68901.771,0.0,0.0,0.0,0.007,3445088.9
1779719,IT,TR,BUSIN,MEAT1,0.71,68888.516,4,4,68888.511,0.0,0.0,0.0,0.005,97026.078873
1641102,IT,AT,PAPER,RADIO,0.27,68886.345,5,5,68885.338,0.0,1.0,0.0,0.007,255134.611111
1790468,IT,WA,COPP1,FOOD5,0.17,68882.147,4,4,68882.143,0.0,0.0,0.0,0.004,405189.1
1799848,IT,WE,GASDI,KEROS,0.1,68879.947,4,4,68879.941,0.0,0.0,0.0,0.006,688799.47
1644829,IT,BE,TEXTI,SALEM,0.41,68879.63,4,4,68879.621,0.0,0.0,0.0,0.009,167999.097561
1717000,IT,NL,LANDT,PRINT,0.44,68871.558,4,4,68871.555,0.0,0.0,0.0,0.003,156526.268182
1650500,IT,BG,ELEC6,PULP5,0.01,68869.178,4,4,68869.167,0.0,0.0,0.0,0.011,6886917.8
1805835,IT,WF,ALUM1,BITUM,0.12,68864.906,4,4,68864.9,0.0,0.0,0.0,0.006,573874.216667
1676452,IT,FR,RETA1,FOOD5,0.72,68864.65,4,4,68864.645,0.0,0.0,0.0,0.005,95645.347222
1722102,IT,PL,BUSIN,PFERT,0.71,68863.641,4,4,68863.636,0.0,0.0,0.0,0.005,96991.043662
1788469,IT,WA,PULP5,NONME,0.21,68861.391,4,4,68861.385,0.0,0.0,0.0,0.006,327911.385714
1714252,IT,MT,RENTI,RENTI,0.41,68855.808,4,4,68855.804,0.0,0.0,0.0,0.004,167940.995122
1661775,IT,DK,LEATH,SUPPO,0.49,68849.528,4,4,68849.516,0.0,0.0,0.0,0.012,140509.240816
1766329,IT,RU,NONME,ELECT,0.14,68848.742,4,4,68848.734,0.0,0.0,0.0,0.008,491776.728571
1799336,IT,WE,WOODW,RADIO,0.19,68847.616,4,4,68847.611,0.0,0.0,0.0,0.005,362355.873684
1644488,IT,BE,DAIRY,PIGS9,0.28,68842.825,4,4,68842.82,0.0,0.0,0.0,0.005,245867.232143
1653353,IT,CZ,GLASS,FURNI,0.19,68841.818,4,4,68841.814,0.0,0.0,0.0,0.004,362325.357895
1640349,IT,AT,MEATC,FOOD5,0.23,68840.86,5,5,68839.856,0.0,1.0,0.0,0.004,299308.086957
1732246,IT,SI,LIQUE,RUBBE,0.12,68840.55,4,4,68840.544,0.0,0.0,0.0,0.006,573671.25
1750668,IT,CN,MOTO1,PFERT,0.37,68840.409,4,4,68840.405,0.0,0.0,0.0,0.004,186055.159459
1790115,IT,WA,BASIC,BIOGA,0.08,68834.275,4,4,68834.271,0.0,0.0,0.0,0.004,860428.4375
1718347,IT,PL,BEVER,MEATP,0.29,68833.001,4,4,68832.997,0.0,0.0,0.0,0.004,237355.175862
1657526,IT,DE,GLASS,LIGNI,0.19,68828.156,4,4,68828.152,0.0,0.0,0.0,0.004,362253.452632
1798656,IT,WE,VEGE1,CROPS,0.21,68826.898,4,4,68826.883,0.0,0.0,0.0,0.015,327747.133333
1651582,IT,CY,GLASS,WOODW,0.19,68824.074,4,4,68824.07,0.0,0.0,0.0,0.004,362231.968421
1650947,IT,BG,AIRTR,DISTR,0.07,68823.203,4,4,68823.201,0.0,0.0,0.0,0.002,983188.614286
1714137,IT,MT,AIRTR,RETA1,0.07,68818.073,4,4,68818.071,0.0,0.0,0.0,0.002,983115.328571
1683008,IT,HR,CHEM1,BRICK,0.14,68815.658,4,4,68815.65,0.0,0.0,0.0,0.008,491540.414286
1740940,IT,US,FOOD5,DIST1,0.33,68811.934,4,4,68811.928,0.0,0.0,0.0,0.006,208521.012121
1767565,IT,RU,AIRTR,FINAN,0.07,68809.355,4,4,68809.353,0.0,0.0,0.0,0.002,982990.785714
1738916,IT,GB,FURNI,DISTR,0.22,68808.281,4,4,68808.275,0.0,0.0,0.0,0.006,312764.913636
1762663,IT,IN,COMPU,PUBLI,0.79,68805.474,4,4,68805.47,0.0,0.0,0.0,0.004,87095.536709
1814016,IT,WM,SEACO,MOTO1,0.07,68804.561,3,3,68804.561,0.0,0.0,0.0,0.0,982922.3
1681942,IT,HR,FOOD5,VEGE1,0.33,68801.282,4,4,68801.276,0.0,0.0,0.0,0.006,208488.733333
1795113,IT,WL,RUBBE,PULP5,0.23,68799.759,4,4,68799.753,0.0,0.0,0.0,0.006,299129.386957
1736473,IT,SK,TRAN2,GASDI,0.11,68799.302,4,4,68799.3,0.0,0.0,0.0,0.002,625448.2
1644717,IT,BE,BEVER,RETA1,0.29,68793.319,4,4,68793.315,0.0,0.0,0.0,0.004,237218.341379
1759979,IT,BR,PLAS1,WOOD2,0.25,68791.25,4,4,68791.245,0.0,0.0,0.0,0.005,275165.0
1787388,IT,WA,FORES,NONF1,0.6,68787.142,5,5,68761.14,0.0,26.0,0.0,0.002,114645.236667
1769170,IT,AU,CHEM1,ELECT,0.14,68784.56,4,4,68784.552,0.0,0.0,0.0,0.008,491318.285714
1667339,IT,ES,LEAD1,CHEM1,0.12,68781.75,4,4,68781.744,0.0,0.0,0.0,0.006,573181.25
1800343,IT,WE,CHEM1,MEAT4,0.14,68778.967,4,4,68778.959,0.0,0.0,0.0,0.008,491278.335714
1802475,IT,WE,SUPPO,LANDT,0.49,68773.469,4,4,68773.466,0.0,0.0,0.0,0.003,140354.018367
1673398,IT,FR,WEARI,DAIRY,0.52,68767.794,4,4,68767.781,0.0,0.0,0.0,0.013,132245.757692
1649825,IT,BG,ALUM1,RUBBE,0.12,68759.765,4,4,68759.759,0.0,0.0,0.0,0.006,572998.041667
1795773,IT,WL,MACHI,REFI1,0.38,68759.442,4,4,68759.436,0.0,0.0,0.0,0.006,180945.9
1808909,IT,WM,CEREA,MEATA,0.11,68758.132,4,4,68758.128,0.0,0.0,0.0,0.004,625073.927273
1793928,IT,WL,LEATH,WEARI,0.49,68756.087,4,4,68756.075,0.0,0.0,0.0,0.012,140318.544898
1765323,IT,RU,FOOD5,MEAT1,0.33,68755.743,4,4,68755.737,0.0,0.0,0.0,0.006,208350.736364
1757181,IT,BR,MEATP,MEATP,0.28,68750.631,4,4,68750.624,0.0,0.0,0.0,0.007,245537.967857
1679286,IT,GR,HEAVY,FOOD5,0.11,68747.951,4,4,68747.945,0.0,0.0,0.0,0.006,624981.372727
1687416,IT,HU,HOTEL,REALE,0.5,68745.311,4,4,68745.306,0.0,0.0,0.0,0.005,137490.622
1742798,IT,US,FABRI,SEACO,0.28,68742.879,4,4,68742.874,0.0,0.0,0.0,0.005,245510.282143
1652384,IT,CZ,TEXTI,LEATH,0.41,68736.839,4,4,68736.83,0.0,0.0,0.0,0.009,167650.826829
1780512,IT,TW,POSTT,SALEM,1.13,68734.536,4,4,68734.531,0.0,0.0,0.0,0.005,60827.023009
1738272,IT,GB,NONME,BASIC,0.14,68731.234,4,4,68731.226,0.0,0.0,0.0,0.008,490937.385714
1681684,IT,HR,OILSE,STEAM,0.05,68730.968,4,4,68730.965,0.0,0.0,0.0,0.003,1374619.36
1740149,IT,GB,COMPU,SUPPO,0.78,68728.099,4,4,68728.095,0.0,0.0,0.0,0.004,88112.947436
1646167,IT,BE,ALUM1,FOOD5,0.12,68724.449,4,4,68724.443,0.0,0.0,0.0,0.006,572703.741667
1683468,IT,HR,PREC1,RUBBE,0.12,68724.385,4,4,68724.382,0.0,0.0,0.0,0.003,572703.208333
1799822,IT,WE,GASDI,LEADZ,0.1,68720.115,4,4,68720.109,0.0,0.0,0.0,0.006,687201.15
1776500,IT,TR,MOTOR,SEACO,0.1,68716.402,4,4,68716.396,0.0,0.0,0.0,0.006,687164.02
1800786,IT,WE,BASIC,SUBBI,0.08,68715.322,4,4,68715.318,0.0,0.0,0.0,0.004,858941.525
1720332,IT,PL,FABRI,RETAI,0.28,68710.75,4,4,68710.745,0.0,0.0,0.0,0.005,245395.535714
1779086,IT,TR,SUPPO,RUBBE,0.49,68707.925,4,4,68707.922,0.0,0.0,0.0,0.003,140220.255102
1644307,IT,BE,FISHF,ELECT,0.12,68706.054,4,4,68706.052,0.0,0.0,0.0,0.002,572550.45
1738335,IT,GB,BASIC,AUXIL,0.08,68702.768,4,4,68702.764,0.0,0.0,0.0,0.004,858784.6
1669759,IT,ES,BUSIN,KERO1,0.71,68690.971,4,4,68690.966,0.0,0.0,0.0,0.005,96747.846479
1731422,IT,SI,FOOD5,DIST1,0.33,68689.389,4,4,68689.383,0.0,0.0,0.0,0.006,208149.663636
1808508,IT,WF,FOOD4,HEALT,0.5,68688.911,4,4,68688.907,0.0,0.0,0.0,0.004,137377.822
1757495,IT,BR,PAPER,COMPU,0.27,68688.54,5,5,68687.533,0.0,1.0,0.0,0.007,254402.0
1682814,IT,HR,HEAVY,COLLE,0.11,68686.877,4,4,68686.871,0.0,0.0,0.0,0.006,624426.154545
1745290,IT,JP,MEAT4,FISH5,0.38,68682.316,4,4,68682.311,0.0,0.0,0.0,0.005,180742.936842
1776841,IT,TR,BITU1,KEROS,0.11,68679.945,4,4,68679.94,0.0,0.0,0.0,0.005,624363.136364
1660317,IT,DE,POSTT,93197,1.13,68678.62,4,4,68678.615,0.0,0.0,0.0,0.005,60777.539823
1645195,IT,BE,PRINT,EDUCA,0.66,68675.304,4,4,68675.299,0.0,0.0,0.0,0.005,104053.490909
1769215,IT,AU,RUBBE,VEGET,0.23,68673.816,4,4,68673.81,0.0,0.0,0.0,0.006,298581.808696
1710820,IT,LU,PAPER,RUBBE,0.27,68673.022,5,5,68672.015,0.0,1.0,0.0,0.007,254344.525926
1679572,IT,GR,RUBBE,CEMEN,0.23,68670.03,4,4,68670.024,0.0,0.0,0.0,0.006,298565.347826
1750098,IT,CN,BASIC,COKE1,0.08,68669.962,4,4,68669.958,0.0,0.0,0.0,0.004,858374.525
1728101,IT,SE,VEGE1,VEGE1,0.21,68667.564,4,4,68667.549,0.0,0.0,0.0,0.015,326988.4
1813924,IT,WM,LANDT,RECRE,0.44,68666.948,4,4,68666.945,0.0,0.0,0.0,0.003,156061.245455
1719134,IT,PL,PLAST,WEARI,0.14,68663.782,4,4,68663.775,0.0,0.0,0.0,0.007,490455.585714
1674898,IT,FR,NONME,FOOD4,0.14,68663.64,4,4,68663.632,0.0,0.0,0.0,0.008,490454.571429
1674623,IT,FR,RUBBE,FOOD4,0.23,68663.445,4,4,68663.439,0.0,0.0,0.0,0.006,298536.717391
1663567,IT,DK,COMPU,EDUCA,0.78,68653.185,4,4,68653.181,0.0,0.0,0.0,0.004,88016.903846
1716228,IT,NL,LEAD1,MACHI,0.12,68649.047,4,4,68649.041,0.0,0.0,0.0,0.006,572075.391667
1748635,IT,CN,DAIRY,CHEM1,0.28,68645.307,4,4,68645.302,0.0,0.0,0.0,0.005,245161.810714
1733174,IT,SI,FABRI,RECRE,0.28,68643.767,4,4,68643.762,0.0,0.0,0.0,0.005,245156.310714
1681442,IT,GR,RENTI,PUBLI,0.41,68643.383,4,4,68643.379,0.0,0.0,0.0,0.004,167422.885366
1716921,IT,NL,HOTEL,MEMBE,0.5,68642.374,4,4,68642.369,0.0,0.0,0.0,0.005,137284.748
1808034,IT,WF,INTER,RETA1,0.41,68639.411,4,4,68639.407,0.0,0.0,0.0,0.004,167413.197561
1798578,IT,WE,CHEMI,HEALT,0.16,68636.939,5,5,68633.933,0.0,0.0,3.0,0.006,428980.86875
1685089,IT,HU,FOOD5,VEGE1,0.33,68634.833,4,4,68634.827,0.0,0.0,0.0,0.006,207984.342424
1651757,IT,CY,MACHI,SUPPO,0.38,68630.821,4,4,68630.815,0.0,0.0,0.0,0.006,180607.423684
1777449,IT,TR,NONME,WHOLE,0.14,68624.598,4,4,68624.59,0.0,0.0,0.0,0.008,490175.7
1800242,IT,WE,PLAST,ADDIT,0.14,68623.863,4,4,68623.856,0.0,0.0,0.0,0.007,490170.45
1684223,IT,HR,SEACO,BEVER,0.07,68621.488,3,3,68621.488,0.0,0.0,0.0,0.0,980306.971429
1716225,IT,NL,LEAD1,NONME,0.12,68618.496,4,4,68618.49,0.0,0.0,0.0,0.006,571820.8
1674477,IT,FR,BIODI,DISTR,0.14,68613.148,4,4,68613.141,0.0,0.0,0.0,0.007,490093.914286
1664544,IT,EE,FURNI,HEALT,0.22,68607.115,4,4,68607.109,0.0,0.0,0.0,0.006,311850.522727
1650743,IT,BG,HOTEL,RETA1,0.5,68605.781,4,4,68605.776,0.0,0.0,0.0,0.005,137211.562
1751940,IT,CN,COMPU,HOTEL,0.78,68603.289,4,4,68603.285,0.0,0.0,0.0,0.004,87952.934615
1672259,IT,FI,REALE,RENTI,2.9,68597.467,4,4,68597.462,0.0,0.0,0.0,0.005,23654.298966
1806588,IT,WF,CONST,POSTT,0.38,68593.733,4,4,68593.729,0.0,0.0,0.0,0.004,180509.823684
1675484,IT,FR,OFFIC,RUBBE,0.21,68591.192,4,4,68591.187,0.0,0.0,0.0,0.005,326624.72381
1778656,IT,TR,HOTEL,ELEC8,0.5,68587.877,4,4,68587.872,0.0,0.0,0.0,0.005,137175.754
1790020,IT,WA,NONME,MACHI,0.14,68583.689,4,4,68583.681,0.0,0.0,0.0,0.008,489883.492857
1683113,IT,HR,RUBBE,COLLE,0.23,68578.923,4,4,68578.917,0.0,0.0,0.0,0.006,298169.230435
1683720,IT,HR,MACHI,WOODW,0.38,68578.55,4,4,68578.544,0.0,0.0,0.0,0.006,180469.868421
1681582,IT,GR,BUSIN,EDUCA,0.7,68569.762,4,4,68569.757,0.0,0.0,0.0,0.005,97956.802857
1654067,IT,CZ,MACHI,PAPE4,0.38,68565.251,4,4,68565.245,0.0,0.0,0.0,0.006,180434.871053
1655795,IT,DE,VEGE1,CATTL,0.21,68564.259,4,4,68564.244,0.0,0.0,0.0,0.015,326496.471429
1807893,IT,WF,PAPE1,EDUCA,0.48,68562.493,4,4,68562.489,0.0,0.0,0.0,0.004,142838.527083
1763271,IT,MX,PAPER,DAIRY,0.27,68559.917,5,5,68558.91,0.0,1.0,0.0,0.007,253925.618519
1668970,IT,ES,AIRTR,SECO9,0.07,68556.779,4,4,68556.777,0.0,0.0,0.0,0.002,979382.557143
1667509,IT,ES,FABRI,BIOGA,0.28,68554.954,4,4,68554.949,0.0,0.0,0.0,0.005,244839.121429
1679116,IT,GR,PAPER,NFERT,0.27,68551.769,5,5,68550.762,0.0,1.0,0.0,0.007,253895.440741
1728820,IT,SE,PLAST,PRECI,0.14,68549.948,4,4,68549.941,0.0,0.0,0.0,0.007,489642.485714
1765212,IT,MX,BUSIN,RECRE,0.7,68547.657,4,4,68547.652,0.0,0.0,0.0,0.005,97925.224286
1656363,IT,DE,WOODW,PRINT,0.19,68545.757,4,4,68545.752,0.0,0.0,0.0,0.005,360767.142105
1800229,IT,WE,PLAST,MOTOR,0.14,68539.029,4,4,68539.022,0.0,0.0,0.0,0.007,489564.492857
1652587,IT,CZ,LEATH,WHOLE,0.49,68537.74,4,4,68537.728,0.0,0.0,0.0,0.012,139872.938776
1673760,IT,FR,PAPER,TRAN2,0.27,68533.073,5,5,68532.066,0.0,1.0,0.0,0.007,253826.196296
1793915,IT,WL,WEARI,PUBLI,0.52,68532.125,4,4,68532.112,0.0,0.0,0.0,0.013,131792.548077
1757167,IT,BR,CHEMI,FORES,0.16,68529.449,5,5,68526.443,0.0,0.0,3.0,0.006,428309.05625
1772523,IT,CH,RUBBE,MOTOR,0.23,68529.079,4,4,68529.073,0.0,0.0,0.0,0.006,297952.517391
1736959,IT,GB,OILSE,FOOD5,0.05,68525.645,4,4,68525.642,0.0,0.0,0.0,0.003,1370512.9
1810697,IT,WM,MOTOR,PLAST,0.1,68523.766,4,4,68523.76,0.0,0.0,0.0,0.006,685237.66
1809282,IT,WM,NATUR,FURNI,0.1,68523.74,4,4,68523.736,0.0,0.0,0.0,0.004,685237.4
1648487,IT,BG,OILSE,WEARI,0.05,68522.556,4,4,68522.553,0.0,0.0,0.0,0.003,1370451.12
1714469,IT,NL,FORES,PUBLI,0.6,68521.868,5,5,68495.866,0.0,26.0,0.0,0.002,114203.113333
1672038,IT,FI,AIRTR,NONME,0.07,68519.605,4,4,68519.603,0.0,0.0,0.0,0.002,978851.5
1812701,IT,WM,COPP1,COMPU,0.17,68517.319,4,4,68517.315,0.0,0.0,0.0,0.004,403043.052941
1789548,IT,WA,ADDIT,HEALT,0.16,68511.764,5,5,68510.759,0.0,1.0,0.0,0.005,428198.525
1685526,IT,HU,PAPER,BRICK,0.27,68508.868,5,5,68507.861,0.0,1.0,0.0,0.007,253736.548148
1763964,IT,MX,BASIC,PUBLI,0.08,68504.179,4,4,68504.175,0.0,0.0,0.0,0.004,856302.2375
1647397,IT,BE,AIRTR,TEXTI,0.07,68502.308,4,4,68502.306,0.0,0.0,0.0,0.002,978604.4
1794477,IT,WL,GASDI,CEMEN,0.1,68500.836,4,4,68500.83,0.0,0.0,0.0,0.006,685008.36
1671087,IT,FI,RUBBE,REALE,0.23,68499.938,4,4,68499.932,0.0,0.0,0.0,0.006,297825.817391
1739625,IT,GB,SEACO,RESEA,0.07,68497.633,3,3,68497.633,0.0,0.0,0.0,0.0,978537.614286
1775277,IT,CH,BUSIN,PFERT,0.7,68490.207,4,4,68490.202,0.0,0.0,0.0,0.005,97843.152857
1720390,IT,PL,MACHI,HYDRO,0.38,68489.523,4,4,68489.517,0.0,0.0,0.0,0.006,180235.586842
1808588,IT,WF,PAPE4,HEALT,0.45,68489.061,4,4,68489.057,0.0,0.0,0.0,0.004,152197.913333
1797421,IT,WL,COMPU,CONST,0.78,68481.94,4,4,68481.936,0.0,0.0,0.0,0.004,87797.358974
1741239,IT,US,WOODW,FINAN,0.19,68478.559,4,4,68478.554,0.0,0.0,0.0,0.005,360413.468421
1775833,IT,TR,MEAT4,LEATH,0.38,68475.414,4,4,68475.409,0.0,0.0,0.0,0.005,180198.457895
1807649,IT,WF,RESEA,POSTT,0.37,68465.244,4,4,68465.239,0.0,0.0,0.0,0.005,185041.2
1756336,IT,KR,MOTO1,HEALT,0.36,68464.237,4,4,68464.233,0.0,0.0,0.0,0.004,190178.436111
1680499,IT,GR,ELEC6,GASDI,0.01,68463.689,4,4,68463.678,0.0,0.0,0.0,0.011,6846368.9
1811594,IT,WM,CHEM1,LEADZ,0.14,68462.292,4,4,68462.285,0.0,0.0,0.0,0.007,489016.371429
1740803,IT,US,VEGE1,TEXTI,0.21,68460.871,4,4,68460.856,0.0,0.0,0.0,0.015,326004.147619
1657127,IT,DE,PLAST,BIODI,0.14,68457.806,4,4,68457.799,0.0,0.0,0.0,0.007,488984.328571
1772488,IT,CH,BIODI,RESEA,0.14,68454.525,4,4,68454.518,0.0,0.0,0.0,0.007,488960.892857
1677291,IT,FR,FINAN,FABRI,0.89,68453.877,4,4,68453.875,0.0,0.0,0.0,0.002,76914.468539
1734343,IT,SI,BUSIN,BUSIN,0.7,68452.162,4,4,68452.157,0.0,0.0,0.0,0.005,97788.802857
1642940,IT,AT,FURNI,RUBBE,0.22,68451.606,4,4,68451.6,0.0,0.0,0.0,0.006,311143.663636
1729086,IT,SE,RUBBE,POSTT,0.23,68438.543,4,4,68438.537,0.0,0.0,0.0,0.006,297558.882609
1685702,IT,HU,NAPHT,CHEM1,0.12,68437.95,4,4,68437.945,0.0,0.0,0.0,0.005,570316.25
1770893,IT,AU,BUSIN,COMPU,0.7,68434.545,4,4,68434.54,0.0,0.0,0.0,0.005,97763.635714
1648731,IT,BG,FOOD5,RETA1,0.33,68432.164,4,4,68432.158,0.0,0.0,0.0,0.006,207370.193939
1773605,IT,CH,TRANS,OFFIC,0.41,68426.313,4,4,68426.309,0.0,0.0,0.0,0.004,166893.446341
1717878,IT,PL,VEGET,RENTI,0.24,68425.94,4,4,68425.937,0.0,0.0,0.0,0.003,285108.083333
1738631,IT,GB,FABRI,93197,0.28,68424.905,4,4,68424.9,0.0,0.0,0.0,0.005,244374.660714
1760959,IT,IN,HEAVY,LANDT,0.11,68421.902,4,4,68421.897,0.0,0.0,0.0,0.005,622017.290909
1683055,IT,HR,RUBBE,VEGET,0.23,68421.193,4,4,68421.187,0.0,0.0,0.0,0.006,297483.447826
1793555,IT,WL,MEAT4,PFERT,0.38,68417.874,4,4,68417.869,0.0,0.0,0.0,0.005,180047.036842
1800164,IT,WE,NONSP,PLAST,0.09,68417.128,4,4,68417.124,0.0,0.0,0.0,0.004,760190.311111
1810968,IT,WM,GASDI,NONME,0.1,68411.81,4,4,68411.804,0.0,0.0,0.0,0.006,684118.1
1753486,IT,CA,FABRI,REALE,0.28,68410.872,4,4,68410.867,0.0,0.0,0.0,0.005,244324.542857
1738133,IT,GB,GLASS,PAPER,0.19,68406.403,4,4,68406.399,0.0,0.0,0.0,0.004,360033.7
1654332,IT,CZ,ELEC2,RECRE,0.02,68392.181,4,4,68392.174,0.0,0.0,0.0,0.007,3419609.05
1688882,IT,IE,ALUM1,OFFIC,0.12,68388.689,4,4,68388.684,0.0,0.0,0.0,0.005,569905.741667
1657218,IT,DE,CHEM1,REFI1,0.14,68386.76,4,4,68386.753,0.0,0.0,0.0,0.007,488476.857143
1682761,IT,HR,GASDI,RECRE,0.1,68385.045,4,4,68385.039,0.0,0.0,0.0,0.006,683850.45
1758422,IT,BR,FABRI,ELEC5,0.28,68384.445,4,4,68384.44,0.0,0.0,0.0,0.005,244230.160714
1665249,IT,ES,BEVER,MEATP,0.29,68382.745,4,4,68382.741,0.0,0.0,0.0,0.004,235802.568966
1735680,IT,SK,FABRI,PRINT,0.28,68382.203,4,4,68382.198,0.0,0.0,0.0,0.005,244222.153571
1796733,IT,WL,LANDT,FISH5,0.44,68381.059,4,4,68381.056,0.0,0.0,0.0,0.003,155411.497727
1808905,IT,WM,WHEAT,FOOD5,0.05,68380.436,4,4,68380.434,0.0,0.0,0.0,0.002,1367608.72
1661931,IT,DK,PRINT,PUBLI,0.66,68374.657,4,4,68374.652,0.0,0.0,0.0,0.005,103597.965152
1785744,IT,ZA,PLAST,LEATH,0.14,68363.524,4,4,68363.517,0.0,0.0,0.0,0.007,488310.885714
1659202,IT,DE,CONST,BUSIN,0.38,68363.352,4,4,68363.348,0.0,0.0,0.0,0.004,179903.557895
1688767,IT,IE,RUBBE,RUBBE,0.23,68359.735,4,4,68359.729,0.0,0.0,0.0,0.006,297216.23913
1758796,IT,BR,RETA1,MACHI,0.71,68348.718,4,4,68348.714,0.0,0.0,0.0,0.004,96265.8
1811205,IT,WM,NAPHT,BUSIN,0.12,68342.882,4,4,68342.877,0.0,0.0,0.0,0.005,569524.016667
1664236,IT,EE,NONME,FABRI,0.14,68339.473,4,4,68339.466,0.0,0.0,0.0,0.007,488139.092857
1653792,IT,CZ,COPP1,SEWAG,0.17,68336.718,4,4,68336.714,0.0,0.0,0.0,0.004,401980.694118
1769939,IT,AU,MOTO1,POSTT,0.36,68335.624,4,4,68335.62,0.0,0.0,0.0,0.004,189821.177778
1681818,IT,HR,MEAT4,HOTEL,0.38,68332.186,4,4,68332.181,0.0,0.0,0.0,0.005,179821.542105
1717741,IT,NL,BUSIN,MEMBE,0.7,68330.943,4,4,68330.938,0.0,0.0,0.0,0.005,97615.632857
1803767,IT,WF,TEXTI,MEATA,0.4,68329.389,4,4,68329.38,0.0,0.0,0.0,0.009,170823.4725
1783649,IT,NO,FOOD3,OILHA,0.19,68328.957,4,4,68328.954,0.0,0.0,0.0,0.003,359626.089474
1715211,IT,NL,WOODW,MOTO1,0.19,68327.422,4,4,68327.417,0.0,0.0,0.0,0.005,359618.010526
1772188,IT,CH,GASDI,FABRI,0.1,68327.073,4,4,68327.067,0.0,0.0,0.0,0.006,683270.73
1808392,IT,WF,WASTE,CONST,0.22,68323.786,4,4,68323.782,0.0,0.0,0.0,0.004,310562.663636
1715217,IT,NL,WOODW,HOTEL,0.19,68321.792,4,4,68321.787,0.0,0.0,0.0,0.005,359588.378947
1732456,IT,SI,CHEM1,CEMEN,0.14,68317.842,4,4,68317.835,0.0,0.0,0.0,0.007,487984.585714
1642278,IT,AT,NONME,RETA1,0.14,68317.398,4,4,68317.391,0.0,0.0,0.0,0.007,487981.414286
1763325,IT,MX,PAPER,SUPPO,0.26,68314.367,5,5,68313.36,0.0,1.0,0.0,0.007,262747.565385
1799724,IT,WE,KEROS,CROPS,0.1,68314.241,4,4,68314.235,0.0,0.0,0.0,0.006,683142.41
1647516,IT,BE,SUPPO,BASIC,0.49,68313.516,4,4,68313.513,0.0,0.0,0.0,0.003,139415.338776
1640153,IT,AT,CEREA,HEALT,0.11,68312.733,4,4,68312.729,0.0,0.0,0.0,0.004,621024.845455
1683319,IT,HR,NONME,FOOD5,0.14,68311.285,4,4,68311.278,0.0,0.0,0.0,0.007,487937.75
1732602,IT,SI,GLASS,WEARI,0.19,68306.45,4,4,68306.446,0.0,0.0,0.0,0.004,359507.631579
1752831,IT,CA,PAPER,CONST,0.26,68298.805,5,5,68297.798,0.0,1.0,0.0,0.007,262687.711538
1654162,IT,CZ,MOTO1,CEMEN,0.36,68294.824,4,4,68294.82,0.0,0.0,0.0,0.004,189707.844444
1677113,IT,FR,SUPPO,INTER,0.49,68289.93,4,4,68289.927,0.0,0.0,0.0,0.003,139367.204082
1761572,IT,IN,COPP1,MOTO1,0.17,68289.538,4,4,68289.534,0.0,0.0,0.0,0.004,401703.164706
1788535,IT,WA,PAPER,FISH5,0.26,68288.513,5,5,68287.506,0.0,1.0,0.0,0.007,262648.126923
1650625,IT,BG,CONST,COPP1,0.38,68285.815,4,4,68285.811,0.0,0.0,0.0,0.004,179699.513158
1732046,IT,SI,KEROS,TRAN2,0.1,68283.815,4,4,68283.809,0.0,0.0,0.0,0.006,682838.15
1662352,IT,DK,BASIC,CERAM,0.08,68280.545,4,4,68280.541,0.0,0.0,0.0,0.004,853506.8125
1808972,IT,WM,VEGET,FORES,0.24,68279.618,4,4,68279.615,0.0,0.0,0.0,0.003,284498.408333
1717596,IT,NL,COMPU,PUBLI,0.78,68277.828,4,4,68277.824,0.0,0.0,0.0,0.004,87535.676923
1679812,IT,GR,ALUM1,VEGE1,0.12,68275.009,4,4,68275.004,0.0,0.0,0.0,0.005,568958.408333
1778523,IT,TR,RETA1,TEXTI,0.71,68272.977,4,4,68272.973,0.0,0.0,0.0,0.004,96159.122535
1648123,IT,BE,RESEA,RADIO,0.37,68271.737,4,4,68271.732,0.0,0.0,0.0,0.005,184518.208108
1716125,IT,NL,PREC1,PLAST,0.12,68267.036,4,4,68267.033,0.0,0.0,0.0,0.003,568891.966667
1752466,IT,CA,DAIRY,RETA1,0.28,68266.974,4,4,68266.969,0.0,0.0,0.0,0.005,243810.621429
1787497,IT,WA,CHEMI,RAWMI,0.16,68266.181,5,5,68263.175,0.0,0.0,3.0,0.006,426663.63125
1812935,IT,WM,MACHI,VEGE1,0.38,68263.458,4,4,68263.452,0.0,0.0,0.0,0.006,179640.678947
1658998,IT,DE,ELEC2,BEVER,0.02,68263.02,4,4,68263.013,0.0,0.0,0.0,0.007,3413151.0
1709737,IT,LT,CHEM1,HOTEL,0.14,68262.882,4,4,68262.875,0.0,0.0,0.0,0.007,487592.014286
1676539,IT,FR,HOTEL,CRUDE,0.49,68256.566,4,4,68256.561,0.0,0.0,0.0,0.005,139299.114286
1766377,IT,RU,BASIC,WEARI,0.08,68254.865,4,4,68254.861,0.0,0.0,0.0,0.004,853185.8125
1680374,IT,GR,ELEC2,PFERT,0.02,68250.43,4,4,68250.423,0.0,0.0,0.0,0.007,3412521.5
1689324,IT,IE,RETA1,BEVER,0.71,68250.024,4,4,68250.02,0.0,0.0,0.0,0.004,96126.794366
1745372,IT,JP,VEGE1,FURNI,0.21,68240.701,4,4,68240.686,0.0,0.0,0.0,0.015,324955.719048
1762793,IT,IN,BUSIN,93197,0.7,68237.648,4,4,68237.643,0.0,0.0,0.0,0.005,97482.354286
1759240,IT,BR,POSTT,BEVER,1.12,68235.207,4,4,68235.202,0.0,0.0,0.0,0.005,60924.291964
1774698,IT,CH,SUPPO,FOOD5,0.49,68233.428,4,4,68233.425,0.0,0.0,0.0,0.003,139251.893878
1656438,IT,DE,PULP5,RUBBE,0.21,68232.721,4,4,68232.715,0.0,0.0,0.0,0.006,324917.719048
1742958,IT,US,MACHI,SUPPO,0.38,68226.289,4,4,68226.283,0.0,0.0,0.0,0.006,179542.865789
1769894,IT,AU,MOTO1,NATUR,0.36,68224.739,4,4,68224.735,0.0,0.0,0.0,0.004,189513.163889
1648593,IT,BG,MEATC,FOOD5,0.23,68221.128,5,5,68220.124,0.0,1.0,0.0,0.004,296613.6
1809879,IT,WM,BEVER,FISH5,0.29,68207.94,4,4,68207.936,0.0,0.0,0.0,0.004,235199.793103
1715801,IT,NL,RUBBE,MEATC,0.23,68206.99,4,4,68206.984,0.0,0.0,0.0,0.006,296552.130435
1688296,IT,IE,CHEMI,VEGET,0.16,68203.712,5,5,68200.706,0.0,0.0,3.0,0.006,426273.2
1754117,IT,CA,AIRTR,COLLE,0.07,68202.776,4,4,68202.774,0.0,0.0,0.0,0.002,974325.371429
1744982,IT,US,BUSIN,WASTE,0.7,68198.659,4,4,68198.654,0.0,0.0,0.0,0.005,97426.655714
1805108,IT,WF,NFERT,CHARC,0.01,68196.937,4,4,68196.931,0.0,0.0,0.0,0.006,6819693.7
1715180,IT,NL,WOODW,FOOD5,0.19,68189.794,4,4,68189.789,0.0,0.0,0.0,0.005,358893.652632
1743990,IT,US,AIRTR,LUBRI,0.07,68189.54,4,4,68189.538,0.0,0.0,0.0,0.002,974136.285714
1675168,IT,FR,COPP1,PAPE4,0.17,68188.603,4,4,68188.599,0.0,0.0,0.0,0.004,401109.429412
1680973,IT,GR,INLAN,CHEM1,0.11,68186.815,4,4,68186.81,0.0,0.0,0.0,0.005,619880.136364
1767685,IT,RU,POSTT,RECRE,1.12,68186.077,4,4,68186.072,0.0,0.0,0.0,0.005,60880.425893
1715476,IT,NL,KEROS,FURNI,0.1,68182.938,4,4,68182.932,0.0,0.0,0.0,0.006,681829.38
1729638,IT,SE,FABRI,PLAST,0.28,68182.754,4,4,68182.749,0.0,0.0,0.0,0.005,243509.835714
1813735,IT,WM,HOTEL,KEROS,0.49,68180.772,4,4,68180.767,0.0,0.0,0.0,0.005,139144.432653
1650516,IT,BG,ELEC6,DISTR,0.01,68179.429,4,4,68179.418,0.0,0.0,0.0,0.011,6817942.9
1687061,IT,HU,MOTO1,GLASS,0.36,68178.896,4,4,68178.892,0.0,0.0,0.0,0.004,189385.822222
1804656,IT,WF,HEAVY,COMPU,0.11,68172.737,4,4,68172.732,0.0,0.0,0.0,0.005,619752.154545
1648861,IT,BG,TEXTI,CHEM1,0.4,68168.721,4,4,68168.712,0.0,0.0,0.0,0.009,170421.8025
1803323,IT,WF,STONE,CHARC,0.22,68167.885,5,5,68163.882,0.0,0.0,4.0,0.003,309854.022727
1718511,IT,PL,TEXTI,LANDT,0.4,68164.027,4,4,68164.018,0.0,0.0,0.0,0.009,170410.0675
1759804,IT,BR,BUSIN,INSUR,0.7,68157.208,4,4,68157.203,0.0,0.0,0.0,0.005,97367.44
1805497,IT,WF,CERAM,LEADZ,0.11,68149.555,4,4,68149.551,0.0,0.0,0.0,0.004,619541.409091
1662403,IT,DK,BASIC,PRIVA,0.08,68149.532,4,4,68149.528,0.0,0.0,0.0,0.004,851869.15
1755387,IT,KR,KEROS,REFI1,0.1,68144.255,4,4,68144.249,0.0,0.0,0.0,0.006,681442.55
1784918,IT,ID,POSTT,POSTT,1.12,68141.665,4,4,68141.66,0.0,0.0,0.0,0.005,60840.772321
1662494,IT,DK,COPP1,FISHF,0.17,68138.291,4,4,68138.287,0.0,0.0,0.0,0.004,400813.476471
1795055,IT,WL,ADDIT,CONST,0.16,68135.702,5,5,68134.697,0.0,1.0,0.0,0.005,425848.1375
1781298,IT,NO,VEGE1,FISHF,0.21,68135.695,4,4,68135.68,0.0,0.0,0.0,0.015,324455.690476
1653283,IT,CZ,RUBBE,COMPU,0.23,68133.795,4,4,68133.789,0.0,0.0,0.0,0.006,296233.891304
1800162,IT,WE,NONSP,HEAVY,0.09,68129.321,4,4,68129.317,0.0,0.0,0.0,0.004,756992.455556
1689370,IT,IE,RETA1,LANDT,0.71,68125.722,4,4,68125.718,0.0,0.0,0.0,0.004,95951.721127
1764263,IT,MX,MACHI,ELEC5,0.38,68124.136,4,4,68124.13,0.0,0.0,0.0,0.006,179274.042105
1767285,IT,RU,HOTEL,ELECT,0.49,68122.523,4,4,68122.518,0.0,0.0,0.0,0.005,139025.557143
1771862,IT,CH,WOODW,LANDT,0.19,68120.52,4,4,68120.515,0.0,0.0,0.0,0.005,358529.052632
1773113,IT,CH,COPP1,RUBBE,0.17,68115.992,4,4,68115.988,0.0,0.0,0.0,0.004,400682.305882
1722103,IT,PL,BUSIN,CHEM1,0.7,68115.601,4,4,68115.596,0.0,0.0,0.0,0.005,97308.001429
1667822,IT,ES,OFFIC,SALEM,0.21,68110.082,4,4,68110.077,0.0,0.0,0.0,0.005,324333.72381
1680132,IT,GR,OFFIC,HOTEL,0.21,68109.349,4,4,68109.344,0.0,0.0,0.0,0.005,324330.233333
1790648,IT,WA,FABRI,NAPHT,0.28,68103.574,4,4,68103.569,0.0,0.0,0.0,0.005,243227.05
1761500,IT,IN,ALUM1,RUBBE,0.12,68101.204,4,4,68101.199,0.0,0.0,0.0,0.005,567510.033333
1740633,IT,US,CRUDE,PLAST,0.13,68099.335,4,4,68099.329,0.0,0.0,0.0,0.006,523841.038462
1735247,IT,SK,GLASS,PRECI,0.19,68098.401,4,4,68098.397,0.0,0.0,0.0,0.004,358412.636842
1662647,IT,DK,MACHI,PULP5,0.38,68095.751,4,4,68095.745,0.0,0.0,0.0,0.006,179199.344737
1766082,IT,RU,RUBBE,NATUR,0.23,68095.204,4,4,68095.198,0.0,0.0,0.0,0.006,296066.104348
1653629,IT,CZ,ALUM1,PAPER,0.12,68092.602,4,4,68092.597,0.0,0.0,0.0,0.005,567438.35
1744137,IT,US,SUPPO,SALEM,0.49,68090.608,4,4,68090.605,0.0,0.0,0.0,0.003,138960.42449
1729514,IT,SE,ALUM1,WASTE,0.12,68083.917,4,4,68083.912,0.0,0.0,0.0,0.005,567365.975
1714931,IT,NL,BEVER,BUSIN,0.29,68083.494,4,4,68083.49,0.0,0.0,0.0,0.004,234770.668966
1746582,IT,JP,PREC1,PAPER,0.12,68072.784,4,4,68072.781,0.0,0.0,0.0,0.003,567273.2
1663517,IT,DK,RENTI,HEALT,0.41,68071.291,4,4,68071.287,0.0,0.0,0.0,0.004,166027.539024
1668646,IT,ES,RAILW,WHOLE,0.46,68068.206,4,4,68068.203,0.0,0.0,0.0,0.003,147974.36087
1796632,IT,WL,HOTEL,FABRI,0.49,68067.027,4,4,68067.022,0.0,0.0,0.0,0.005,138912.3
1647105,IT,BE,HOTEL,FABRI,0.49,68066.43,4,4,68066.425,0.0,0.0,0.0,0.005,138911.081633
1764138,IT,MX,FABRI,SALEM,0.28,68064.648,4,4,68064.643,0.0,0.0,0.0,0.005,243088.028571
1801123,IT,WE,NONF1,ELEC3,0.01,68060.885,3,3,68060.885,0.0,0.0,0.0,0.0,6806088.5
1677719,IT,FR,RENTI,SEACO,0.41,68060.248,4,4,68060.244,0.0,0.0,0.0,0.004,166000.604878
1799495,IT,WE,PAPER,RETAI,0.26,68058.954,5,5,68057.947,0.0,1.0,0.0,0.007,261765.207692
1795688,IT,WL,FABRI,RETAI,0.28,68057.873,4,4,68057.868,0.0,0.0,0.0,0.005,243063.832143
1811093,IT,WM,HEAVY,TRAN2,0.11,68056.169,4,4,68056.164,0.0,0.0,0.0,0.005,618692.445455
1657100,IT,DE,NONSP,COMPU,0.09,68052.35,4,4,68052.346,0.0,0.0,0.0,0.004,756137.222222
1758141,IT,BR,NONME,VEGET,0.14,68048.673,4,4,68048.666,0.0,0.0,0.0,0.007,486061.95
1810128,IT,WM,WEARI,NATU1,0.51,68045.683,4,4,68045.67,0.0,0.0,0.0,0.013,133422.907843
1756477,IT,KR,CONST,BUSIN,0.38,68044.315,4,4,68044.311,0.0,0.0,0.0,0.004,179063.986842
1711234,IT,LU,MACHI,FINAN,0.38,68040.704,4,4,68040.698,0.0,0.0,0.0,0.006,179054.484211
1749094,IT,CN,WOODW,LEATH,0.19,68039.961,4,4,68039.956,0.0,0.0,0.0,0.005,358105.057895
1665784,IT,ES,PAPER,RENTI,0.26,68032.013,5,5,68031.006,0.0,1.0,0.0,0.007,261661.588462
1729102,IT,SE,RUBBE,WOOD1,0.23,68031.457,4,4,68031.451,0.0,0.0,0.0,0.006,295788.943478
1657264,IT,DE,CHEM1,ELEC8,0.14,68028.781,4,4,68028.774,0.0,0.0,0.0,0.007,485919.864286
1725824,IT,RO,MOTOR,RETA1,0.1,68028.366,4,4,68028.36,0.0,0.0,0.0,0.006,680283.66
1645501,IT,BE,PLAST,GASDI,0.14,68025.889,4,4,68025.882,0.0,0.0,0.0,0.007,485899.207143
1643241,IT,AT,HOTEL,MEDIC,0.49,68025.112,4,4,68025.107,0.0,0.0,0.0,0.005,138826.759184
1643582,IT,AT,INLAN,WHOLE,0.11,68023.801,4,4,68023.796,0.0,0.0,0.0,0.005,618398.190909
1678687,IT,GR,VEGE1,WOODW,0.21,68023.238,4,4,68023.223,0.0,0.0,0.0,0.015,323920.180952
1674502,IT,FR,RUBBE,CROPS,0.23,68020.118,4,4,68020.112,0.0,0.0,0.0,0.006,295739.643478
1778188,IT,TR,FURNI,WOODW,0.22,68020.092,4,4,68020.086,0.0,0.0,0.0,0.006,309182.236364
1758896,IT,BR,HOTEL,HOTEL,0.49,68014.529,4,4,68014.524,0.0,0.0,0.0,0.005,138805.161224
1739169,IT,GB,RETA1,MOTOR,0.71,68012.538,4,4,68012.534,0.0,0.0,0.0,0.004,95792.307042
1763354,IT,MX,PRINT,PRINT,0.65,68007.053,4,4,68007.048,0.0,0.0,0.0,0.005,104626.235385
1651693,IT,CY,FABRI,WOODW,0.28,68005.651,4,4,68005.646,0.0,0.0,0.0,0.005,242877.325
1664366,IT,EE,FABRI,SUPPO,0.28,68003.867,4,4,68003.862,0.0,0.0,0.0,0.005,242870.953571
1796403,IT,WL,WHOLE,CEMEN,0.59,68003.48,4,4,68003.476,0.0,0.0,0.0,0.004,115260.135593
1725957,IT,RO,CHEM1,MEATC,0.14,67995.231,4,4,67995.224,0.0,0.0,0.0,0.007,485680.221429
1812454,IT,WM,PREC1,MACHI,0.12,67992.64,4,4,67992.637,0.0,0.0,0.0,0.003,566605.333333
1684766,IT,HU,OILSE,HOTEL,0.05,67990.76,4,4,67990.757,0.0,0.0,0.0,0.003,1359815.2
1720223,IT,PL,COPP1,PAPE4,0.17,67990.672,4,4,67990.668,0.0,0.0,0.0,0.004,399945.129412
1810873,IT,WM,KEROS,AUXIL,0.1,67990.334,4,4,67990.328,0.0,0.0,0.0,0.006,679903.34
1672045,IT,FI,AIRTR,WHOLE,0.07,67987.903,4,4,67987.901,0.0,0.0,0.0,0.002,971255.757143
1785918,IT,ZA,RUBBE,STONE,0.23,67986.65,4,4,67986.644,0.0,0.0,0.0,0.006,295594.130435
1746405,IT,JP,RUBBE,DIST1,0.23,67984.696,4,4,67984.69,0.0,0.0,0.0,0.006,295585.634783
1722825,IT,PT,PAPER,RESEA,0.26,67979.783,5,5,67978.776,0.0,1.0,0.0,0.007,261460.703846
1749986,IT,CN,BRICK,CONST,0.1,67978.864,4,4,67978.86,0.0,0.0,0.0,0.004,679788.64
1746687,IT,JP,FABRI,PAPER,0.28,67971.477,4,4,67971.472,0.0,0.0,0.0,0.005,242755.275
1641324,IT,AT,KEROS,RAWMI,0.1,67968.667,4,4,67968.661,0.0,0.0,0.0,0.006,679686.67
1646590,IT,BE,MOTO1,COPP1,0.36,67960.608,4,4,67960.604,0.0,0.0,0.0,0.004,188779.466667
1804849,IT,WF,BITU1,BITUM,0.11,67951.882,4,4,67951.877,0.0,0.0,0.0,0.005,617744.381818
1660953,IT,DE,BUSIN,PFERT,0.7,67951.47,4,4,67951.465,0.0,0.0,0.0,0.005,97073.528571
1656312,IT,DE,LEATH,WHOLE,0.49,67949.547,4,4,67949.535,0.0,0.0,0.0,0.012,138672.544898
1749295,IT,CN,PAPER,RENTI,0.26,67947.66,5,5,67946.653,0.0,1.0,0.0,0.007,261337.153846
1757677,IT,BR,HEAVY,CERAM,0.11,67945.08,4,4,67945.075,0.0,0.0,0.0,0.005,617682.545455
1792070,IT,WA,AIRTR,CERAM,0.07,67941.876,4,4,67941.874,0.0,0.0,0.0,0.002,970598.228571
1643081,IT,AT,WHOLE,LEATH,0.59,67941.16,4,4,67941.156,0.0,0.0,0.0,0.004,115154.508475
1660658,IT,DE,REALE,PUBLI,2.87,67938.384,4,4,67938.38,0.0,0.0,0.0,0.004,23671.910801
1723270,IT,PT,GLASS,MACHI,0.19,67934.544,4,4,67934.54,0.0,0.0,0.0,0.004,357550.231579
1782887,IT,NO,SEACO,CHEM1,0.07,67933.408,3,3,67933.408,0.0,0.0,0.0,0.0,970477.257143
1666504,IT,ES,PLAST,TRANS,0.14,67930.345,4,4,67930.338,0.0,0.0,0.0,0.007,485216.75
1774185,IT,CH,RETA1,MEATC,0.71,67930.041,4,4,67930.037,0.0,0.0,0.0,0.004,95676.114085
1672944,IT,FR,DAIRY,ELECT,0.28,67927.943,4,4,67927.938,0.0,0.0,0.0,0.005,242599.796429
1753458,IT,CA,FABRI,ALUM1,0.28,67927.315,4,4,67927.31,0.0,0.0,0.0,0.005,242597.553571
1716893,IT,NL,HOTEL,SEACO,0.49,67924.783,4,4,67924.778,0.0,0.0,0.0,0.005,138622.006122
1811515,IT,WM,NFERT,MEATA,0.01,67921.24,4,4,67921.234,0.0,0.0,0.0,0.006,6792124.0
1719880,IT,PL,BASIC,RECRE,0.08,67915.835,4,4,67915.831,0.0,0.0,0.0,0.004,848947.9375
1781241,IT,NO,FORES,WOODW,0.59,67915.084,5,5,67889.082,0.0,26.0,0.0,0.002,115110.311864
1792415,IT,WA,INSUR,RETA1,1.4,67910.876,4,4,67910.873,0.0,0.0,0.0,0.003,48507.768571
1709689,IT,LT,PLAST,RETA1,0.14,67906.868,4,4,67906.861,0.0,0.0,0.0,0.007,485049.057143
1660727,IT,DE,RENTI,SALEM,0.41,67905.02,4,4,67905.016,0.0,0.0,0.0,0.004,165622.0
1741317,IT,US,PAPER,RETAI,0.26,67901.968,5,5,67900.961,0.0,1.0,0.0,0.007,261161.415385
1653999,IT,CZ,MACHI,BRICK,0.38,67901.839,4,4,67901.833,0.0,0.0,0.0,0.006,178689.05
1802959,IT,WF,WHEAT,VEGE1,0.05,67899.97,4,4,67899.968,0.0,0.0,0.0,0.002,1357999.4
1811552,IT,WM,PFERT,KEROS,0.03,67898.269,4,4,67898.258,0.0,0.0,0.0,0.011,2263275.633333
1767419,IT,RU,LANDT,FABRI,0.44,67894.897,4,4,67894.894,0.0,0.0,0.0,0.003,154306.584091
1766832,IT,RU,MACHI,INLAN,0.38,67889.171,4,4,67889.165,0.0,0.0,0.0,0.006,178655.713158
1657308,IT,DE,CHEM1,INERT,0.14,67887.997,4,4,67887.99,0.0,0.0,0.0,0.007,484914.264286
1747107,IT,JP,FURNI,RENTI,0.22,67887.703,4,4,67887.697,0.0,0.0,0.0,0.006,308580.468182
1725865,IT,RO,GASDI,BUSIN,0.1,67885.646,4,4,67885.64,0.0,0.0,0.0,0.006,678856.46
1654201,IT,CZ,MOTO1,RENTI,0.36,67884.523,4,4,67884.519,0.0,0.0,0.0,0.004,188568.119444
1687198,IT,HU,CONST,NAPHT,0.38,67884.193,4,4,67884.189,0.0,0.0,0.0,0.004,178642.613158
1667358,IT,ES,LEAD1,DISTR,0.12,67879.785,4,4,67879.779,0.0,0.0,0.0,0.006,565664.875
1658912,IT,DE,FURNI,BASIC,0.22,67878.359,4,4,67878.353,0.0,0.0,0.0,0.006,308537.995455
1753747,IT,CA,FURNI,PAPER,0.22,67872.031,4,4,67872.025,0.0,0.0,0.0,0.006,308509.231818
1686998,IT,HU,MACHI,FOOD4,0.38,67861.423,4,4,67861.417,0.0,0.0,0.0,0.006,178582.692105
1800105,IT,WE,NAPHT,NAPHT,0.12,67856.113,4,4,67856.108,0.0,0.0,0.0,0.005,565467.608333
1644433,IT,BE,VEGE1,CATTL,0.21,67851.671,4,4,67851.656,0.0,0.0,0.0,0.015,323103.195238
1788780,IT,WA,KEROS,BEVER,0.1,67849.918,4,4,67849.912,0.0,0.0,0.0,0.006,678499.18
1725251,IT,RO,FOOD5,RETA1,0.33,67847.898,4,4,67847.892,0.0,0.0,0.0,0.006,205599.690909
1749563,IT,CN,PLAST,NONF1,0.14,67838.267,4,4,67838.26,0.0,0.0,0.0,0.007,484559.05
1684067,IT,HR,HOTEL,TRANS,0.49,67837.366,4,4,67837.361,0.0,0.0,0.0,0.005,138443.604082
1807142,IT,WF,AIRTR,FOOD5,0.07,67835.288,4,4,67835.286,0.0,0.0,0.0,0.002,969075.542857
1684537,IT,HR,BUSIN,CHEM1,0.7,67833.199,4,4,67833.194,0.0,0.0,0.0,0.005,96904.57
1801418,IT,WE,MOTO1,WHEAT,0.36,67832.225,4,4,67832.221,0.0,0.0,0.0,0.004,188422.847222
1712806,IT,LV,AIRTR,CONST,0.07,67831.455,4,4,67831.453,0.0,0.0,0.0,0.002,969020.785714
1652271,IT,CZ,FOOD5,HEALT,0.33,67830.529,4,4,67830.523,0.0,0.0,0.0,0.006,205547.057576
1662525,IT,DK,COPP1,RESEA,0.17,67827.279,4,4,67827.275,0.0,0.0,0.0,0.004,398983.994118
1763761,IT,MX,GLASS,RADIO,0.19,67811.522,4,4,67811.518,0.0,0.0,0.0,0.004,356902.747368
1685890,IT,HU,CHEM1,ELECT,0.14,67811.036,4,4,67811.029,0.0,0.0,0.0,0.007,484364.542857
1776966,IT,TR,NFERT,WHEAT,0.01,67808.241,4,4,67808.235,0.0,0.0,0.0,0.006,6780824.1
1721108,IT,PL,HOTEL,93197,0.49,67792.019,4,4,67792.014,0.0,0.0,0.0,0.005,138351.059184
1757812,IT,BR,PFERT,CATTL,0.03,67791.541,4,4,67791.53,0.0,0.0,0.0,0.011,2259718.033333
1710471,IT,LT,LANDT,CONST,0.44,67785.428,4,4,67785.425,0.0,0.0,0.0,0.003,154057.790909
1647031,IT,BE,RETA1,AIRTR,0.71,67785.107,4,4,67785.103,0.0,0.0,0.0,0.004,95471.98169
1731843,IT,SI,PAPER,RECRE,0.26,67783.952,5,5,67782.945,0.0,1.0,0.0,0.007,260707.507692
1809006,IT,WM,VEGET,NAPHT,0.24,67783.591,4,4,67783.588,0.0,0.0,0.0,0.003,282431.629167
1756051,IT,KR,FABRI,TEXTI,0.28,67779.123,4,4,67779.118,0.0,0.0,0.0,0.005,242068.296429
1657851,IT,DE,NONME,SEWAG,0.14,67757.452,4,4,67757.445,0.0,0.0,0.0,0.007,483981.8
1794076,IT,WL,PAPER,PULP5,0.26,67756.432,5,5,67755.425,0.0,1.0,0.0,0.007,260601.661538
1753028,IT,CA,CHEM1,RADIO,0.14,67750.337,4,4,67750.33,0.0,0.0,0.0,0.007,483930.978571
1797596,IT,WL,HEALT,BUSIN,0.35,67748.344,4,4,67748.341,0.0,0.0,0.0,0.003,193566.697143
1769666,IT,AU,FABRI,SALEM,0.28,67746.013,4,4,67746.008,0.0,0.0,0.0,0.005,241950.046429
1747190,IT,JP,CONST,RAILW,0.38,67745.569,4,4,67745.565,0.0,0.0,0.0,0.004,178277.813158
1721468,IT,PL,AIRTR,REALE,0.07,67742.851,4,4,67742.849,0.0,0.0,0.0,0.002,967755.014286
1684593,IT,HR,BUSIN,RECRE,0.7,67738.113,4,4,67738.108,0.0,0.0,0.0,0.005,96768.732857
1727944,IT,SE,OILSE,BEVER,0.05,67730.547,4,4,67730.544,0.0,0.0,0.0,0.003,1354610.94
1803770,IT,WF,TEXTI,FORES,0.4,67730.28,4,4,67730.271,0.0,0.0,0.0,0.009,169325.7
1790922,IT,WA,OFFIC,ELEC4,0.21,67727.285,4,4,67727.28,0.0,0.0,0.0,0.005,322510.880952
1709474,IT,LT,TEXTI,BUSIN,0.4,67725.088,4,4,67725.079,0.0,0.0,0.0,0.009,169312.72
1792020,IT,WA,AIRTR,SUGAR,0.07,67723.746,4,4,67723.744,0.0,0.0,0.0,0.002,967482.085714
1741542,IT,US,KERO1,EDUCA,0.1,67722.348,4,4,67722.342,0.0,0.0,0.0,0.006,677223.48
1758831,IT,BR,HOTEL,FORES,0.49,67722.01,4,4,67722.005,0.0,0.0,0.0,0.005,138208.183673
1764339,IT,MX,OFFIC,FINAN,0.21,67721.265,4,4,67721.26,0.0,0.0,0.0,0.005,322482.214286
1805820,IT,WF,PREC1,FINAN,0.12,67715.848,4,4,67715.845,0.0,0.0,0.0,0.003,564298.733333
1729258,IT,SE,BRICK,CONST,0.1,67714.931,4,4,67714.927,0.0,0.0,0.0,0.004,677149.31
1780677,IT,TW,AUXIL,FINAN,1.24,67698.001,4,4,67697.998,0.0,0.0,0.0,0.003,54595.162097
1777630,IT,TR,ALUM1,DISTR,0.12,67694.045,4,4,67694.04,0.0,0.0,0.0,0.005,564117.041667
1719229,IT,PL,CHEM1,LEADZ,0.14,67686.008,4,4,67686.001,0.0,0.0,0.0,0.007,483471.485714
1805219,IT,WF,CHEM1,BRICK,0.14,67672.043,4,4,67672.036,0.0,0.0,0.0,0.007,483371.735714
1804809,IT,WF,NAPHT,RADIO,0.11,67670.668,4,4,67670.663,0.0,0.0,0.0,0.005,615187.890909
1758173,IT,BR,NONME,ELEC6,0.14,67669.363,4,4,67669.356,0.0,0.0,0.0,0.007,483352.592857
1790557,IT,WA,NONF1,GLASS,0.01,67667.704,3,3,67667.704,0.0,0.0,0.0,0.0,6766770.4
1777948,IT,TR,MACHI,COPP1,0.38,67666.073,4,4,67666.067,0.0,0.0,0.0,0.006,178068.613158
1661797,IT,DK,WOODW,LEATH,0.19,67664.077,4,4,67664.072,0.0,0.0,0.0,0.005,356126.721053
1711544,IT,LU,POSTT,PUBLI,1.11,67661.655,4,4,67661.65,0.0,0.0,0.0,0.005,60956.445946
1790763,IT,WA,MACHI,MEATC,0.38,67660.28,4,4,67660.274,0.0,0.0,0.0,0.006,178053.368421
1663232,IT,DK,SEACO,NATUR,0.07,67655.981,3,3,67655.981,0.0,0.0,0.0,0.0,966514.014286
1683089,IT,HR,RUBBE,PLAST,0.22,67648.2,4,4,67648.194,0.0,0.0,0.0,0.006,307491.818182
1688412,IT,IE,BEVER,FISH5,0.29,67644.775,4,4,67644.771,0.0,0.0,0.0,0.004,233257.844828
1782071,IT,NO,GLASS,CHEM1,0.19,67643.083,4,4,67643.079,0.0,0.0,0.0,0.004,356016.226316
1666642,IT,ES,CHEM1,SEWAG,0.14,67641.37,4,4,67641.363,0.0,0.0,0.0,0.007,483152.642857
1743028,IT,US,OFFIC,COLLE,0.21,67639.494,4,4,67639.489,0.0,0.0,0.0,0.005,322092.828571
1735111,IT,SK,CHEM1,SUPPO,0.14,67639.237,4,4,67639.23,0.0,0.0,0.0,0.007,483137.407143
1672016,IT,FI,SEACO,WHOLE,0.07,67623.85,3,3,67623.85,0.0,0.0,0.0,0.0,966055.0
1715810,IT,NL,RUBBE,FISH5,0.22,67623.673,4,4,67623.667,0.0,0.0,0.0,0.006,307380.331818
1756219,IT,KR,MACHI,ELEC8,0.38,67623.56,4,4,67623.554,0.0,0.0,0.0,0.006,177956.736842
1811580,IT,WM,CHEM1,PIGS9,0.14,67622.881,4,4,67622.874,0.0,0.0,0.0,0.007,483020.578571
1761684,IT,IN,FABRI,POSTT,0.28,67619.043,4,4,67619.038,0.0,0.0,0.0,0.005,241496.582143
1650103,IT,BG,OFFIC,ALUM1,0.21,67617.028,4,4,67617.023,0.0,0.0,0.0,0.005,321985.847619
1782375,IT,NO,FABRI,MOTO1,0.28,67611.472,4,4,67611.467,0.0,0.0,0.0,0.005,241469.542857
1768517,IT,AU,FOOD5,CHEM1,0.32,67607.076,4,4,67607.07,0.0,0.0,0.0,0.006,211272.1125
1719141,IT,PL,PLAST,MOTOR,0.14,67599.591,4,4,67599.584,0.0,0.0,0.0,0.007,482854.221429
1728972,IT,SE,CHEM1,FOOD2,0.14,67599.414,4,4,67599.407,0.0,0.0,0.0,0.007,482852.957143
1796786,IT,WL,LANDT,INSUR,0.44,67598.225,4,4,67598.222,0.0,0.0,0.0,0.003,153632.329545
1764086,IT,MX,FABRI,WEARI,0.28,67597.034,4,4,67597.029,0.0,0.0,0.0,0.005,241417.978571
1728561,IT,SE,PAPER,PLAST,0.26,67591.276,5,5,67590.269,0.0,1.0,0.0,0.007,259966.446154
1732332,IT,SI,NAPHT,COLLE,0.11,67584.534,4,4,67584.529,0.0,0.0,0.0,0.005,614404.854545
1788152,IT,WA,WEARI,BASIC,0.51,67578.83,4,4,67578.817,0.0,0.0,0.0,0.013,132507.509804
1679732,IT,GR,BASIC,BEVER,0.08,67564.719,4,4,67564.715,0.0,0.0,0.0,0.004,844558.9875
1764431,IT,MX,FURNI,WEARI,0.22,67564.567,4,4,67564.561,0.0,0.0,0.0,0.006,307111.668182
1710176,IT,LT,MACHI,DISTR,0.38,67557.717,4,4,67557.711,0.0,0.0,0.0,0.006,177783.465789
1717364,IT,NL,FINAN,REALE,0.88,67551.85,4,4,67551.848,0.0,0.0,0.0,0.002,76763.465909
1754549,IT,CA,BUSIN,INSUR,0.69,67548.735,4,4,67548.73,0.0,0.0,0.0,0.005,97896.717391
1769277,IT,AU,RUBBE,OFFIC,0.22,67544.482,4,4,67544.476,0.0,0.0,0.0,0.006,307020.372727
1760739,IT,IN,PAPER,RECRE,0.26,67541.21,5,5,67540.203,0.0,1.0,0.0,0.007,259773.884615
1722334,IT,PT,FORES,CHEM1,0.59,67535.692,5,5,67509.69,0.0,26.0,0.0,0.002,114467.274576
1760420,IT,IN,FOOD5,RAWMI,0.32,67530.383,4,4,67530.377,0.0,0.0,0.0,0.006,211032.446875
1789947,IT,WA,CEMEN,RETA1,0.11,67528.855,4,4,67528.852,0.0,0.0,0.0,0.003,613898.681818
1653171,IT,CZ,CHEM1,COMPU,0.14,67526.041,4,4,67526.034,0.0,0.0,0.0,0.007,482328.864286
1768797,IT,AU,LEATH,FISHF,0.48,67525.94,4,4,67525.928,0.0,0.0,0.0,0.012,140679.041667
1681053,IT,GR,SUPPO,PLANT,0.49,67522.331,4,4,67522.328,0.0,0.0,0.0,0.003,137800.67551
1792302,IT,WA,POSTT,93197,1.11,67516.927,4,4,67516.922,0.0,0.0,0.0,0.005,60826.06036
1652757,IT,CZ,PAPER,RAILW,0.26,67513.51,5,5,67512.503,0.0,1.0,0.0,0.007,259667.346154
1789024,IT,WA,NAPHT,KERO1,0.11,67511.055,4,4,67511.05,0.0,0.0,0.0,0.005,613736.863636
1654713,IT,CZ,LANDT,PUBLI,0.44,67510.809,4,4,67510.806,0.0,0.0,0.0,0.003,153433.656818
1728431,IT,SE,WEARI,HOTEL,0.51,67509.66,4,4,67509.647,0.0,0.0,0.0,0.013,132371.882353
1772632,IT,CH,GLASS,NONME,0.19,67507.5,4,4,67507.496,0.0,0.0,0.0,0.004,355302.631579
1668974,IT,ES,AIRTR,SALEM,0.07,67507.302,4,4,67507.3,0.0,0.0,0.0,0.002,964390.028571
1739752,IT,GB,SUPPO,PAPE4,0.49,67505.068,4,4,67505.065,0.0,0.0,0.0,0.003,137765.444898
1654065,IT,CZ,MACHI,WASTE,0.38,67504.767,4,4,67504.761,0.0,0.0,0.0,0.006,177644.123684
1733227,IT,SI,MACHI,FURNI,0.38,67501.852,4,4,67501.846,0.0,0.0,0.0,0.006,177636.452632
1800312,IT,WE,PFERT,CROPS,0.03,67497.991,4,4,67497.98,0.0,0.0,0.0,0.011,2249933.033333
1672066,IT,FI,AIRTR,RECRE,0.07,67497.844,4,4,67497.842,0.0,0.0,0.0,0.002,964254.914286
1809171,IT,WM,CATTL,AUXIL,0.15,67493.491,5,5,67491.486,0.0,2.0,0.0,0.005,449956.606667
1753709,IT,CA,TRANS,MACHI,0.4,67491.988,4,4,67491.984,0.0,0.0,0.0,0.004,168729.97
1758374,IT,BR,FABRI,TOBAC,0.27,67491.486,4,4,67491.481,0.0,0.0,0.0,0.005,249968.466667
1649419,IT,BG,CHEM1,ADDIT,0.14,67485.894,4,4,67485.887,0.0,0.0,0.0,0.007,482042.1
1769560,IT,AU,ALUM1,LANDT,0.12,67485.611,4,4,67485.606,0.0,0.0,0.0,0.005,562380.091667
1794307,IT,WL,MOTOR,BRICK,0.1,67480.991,4,4,67480.986,0.0,0.0,0.0,0.005,674809.91
1770207,IT,AU,HOTEL,COKIN,0.49,67478.886,4,4,67478.881,0.0,0.0,0.0,0.005,137712.012245
1752065,IT,CN,BUSIN,NATUR,0.69,67476.775,4,4,67476.77,0.0,0.0,0.0,0.005,97792.427536
1752408,IT,CA,VEGE1,NFERT,0.21,67474.994,4,4,67474.979,0.0,0.0,0.0,0.015,321309.495238
1791112,IT,WA,TRANS,DISTR,0.4,67471.374,4,4,67471.37,0.0,0.0,0.0,0.004,168678.435
1723916,IT,PT,FURNI,REALE,0.22,67468.419,4,4,67468.413,0.0,0.0,0.0,0.006,306674.631818
1808450,IT,WF,FOOD4,WEARI,0.49,67467.199,4,4,67467.195,0.0,0.0,0.0,0.004,137688.161224
1749871,IT,CN,RUBBE,DIST1,0.22,67465.696,4,4,67465.69,0.0,0.0,0.0,0.006,306662.254545
1752155,IT,CN,BUSIN,RENTI,0.69,67462.622,4,4,67462.617,0.0,0.0,0.0,0.005,97771.915942
1662004,IT,DK,PLAST,TEXTI,0.14,67462.054,4,4,67462.047,0.0,0.0,0.0,0.007,481871.814286
1803593,IT,WF,FOOD5,CROPS,0.32,67458.876,4,4,67458.87,0.0,0.0,0.0,0.006,210808.9875
1643540,IT,AT,SEACO,BEVER,0.07,67458.117,3,3,67458.117,0.0,0.0,0.0,0.0,963687.385714
1751377,IT,CN,SEACO,CHEM1,0.07,67457.855,3,3,67457.855,0.0,0.0,0.0,0.0,963683.642857
1649104,IT,BG,PAPER,ALUM1,0.26,67454.166,5,5,67453.159,0.0,1.0,0.0,0.007,259439.1
1667361,IT,ES,LEAD1,WHOLE,0.12,67442.894,4,4,67442.888,0.0,0.0,0.0,0.006,562024.116667
1795925,IT,WL,MOTO1,RAWMI,0.36,67438.611,4,4,67438.607,0.0,0.0,0.0,0.004,187329.475
1742568,IT,US,PREC1,RETA1,0.11,67437.897,4,4,67437.894,0.0,0.0,0.0,0.003,613071.790909
1754274,IT,CA,POSTT,EDUCA,1.11,67436.342,4,4,67436.337,0.0,0.0,0.0,0.005,60753.461261
1713670,IT,MT,COPP1,CONST,0.17,67431.699,4,4,67431.696,0.0,0.0,0.0,0.003,396657.052941
1807068,IT,WF,SEACO,NATUR,0.07,67431.267,3,3,67431.267,0.0,0.0,0.0,0.0,963303.814286
1711468,IT,LU,LANDT,BUSIN,0.43,67430.604,4,4,67430.601,0.0,0.0,0.0,0.003,156815.35814
1766492,IT,RU,ALUM1,MEDIC,0.12,67429.038,4,4,67429.033,0.0,0.0,0.0,0.005,561908.65
1794447,IT,WL,GASDI,DAIRY,0.1,67426.293,4,4,67426.288,0.0,0.0,0.0,0.005,674262.93
1804221,IT,WF,PRINT,FINAN,0.65,67422.534,4,4,67422.529,0.0,0.0,0.0,0.005,103726.975385
1685553,IT,HU,PAPER,LANDT,0.26,67422.002,5,5,67420.995,0.0,1.0,0.0,0.007,259315.392308
1720690,IT,PL,MOTO1,EDUCA,0.36,67419.503,4,4,67419.499,0.0,0.0,0.0,0.004,187276.397222
1687680,IT,HU,AIRTR,POSTT,0.07,67417.731,4,4,67417.729,0.0,0.0,0.0,0.002,963110.442857
1766761,IT,RU,MACHI,WEARI,0.38,67415.885,4,4,67415.879,0.0,0.0,0.0,0.006,177410.223684
1645862,IT,BE,GLASS,CEMEN,0.19,67413.964,4,4,67413.96,0.0,0.0,0.0,0.004,354810.336842
1641242,IT,AT,MOTOR,FORES,0.1,67412.767,4,4,67412.762,0.0,0.0,0.0,0.005,674127.67
1684978,IT,HU,VEGE1,PIGS9,0.21,67409.71,4,4,67409.695,0.0,0.0,0.0,0.015,320998.619048
1811300,IT,WM,BITU1,CERAM,0.11,67409.548,4,4,67409.543,0.0,0.0,0.0,0.005,612814.072727
1687640,IT,HU,AIRTR,WOODW,0.07,67400.513,4,4,67400.511,0.0,0.0,0.0,0.002,962864.471429
1676260,IT,FR,SALEM,CEMEN,0.54,67394.639,4,4,67394.635,0.0,0.0,0.0,0.004,124804.887037
1802669,IT,WE,RENTI,CONST,0.4,67393.842,4,4,67393.838,0.0,0.0,0.0,0.004,168484.605
1690125,IT,IE,COMPU,SECO9,0.77,67388.089,4,4,67388.085,0.0,0.0,0.0,0.004,87516.998701
1765688,IT,RU,PAPER,FABRI,0.26,67387.306,5,5,67386.299,0.0,1.0,0.0,0.007,259181.946154
1671410,IT,FI,FABRI,CHEM1,0.27,67383.381,4,4,67383.376,0.0,0.0,0.0,0.005,249568.077778
1647619,IT,BE,POSTT,SUPPO,1.11,67382.752,4,4,67382.747,0.0,0.0,0.0,0.005,60705.181982
1786139,IT,ZA,BASIC,FOUND,0.08,67382.266,4,4,67382.262,0.0,0.0,0.0,0.004,842278.325
1806218,IT,WF,MACHI,MEAT1,0.38,67381.264,4,4,67381.258,0.0,0.0,0.0,0.006,177319.115789
1643627,IT,AT,AIRTR,ELECT,0.07,67379.593,4,4,67379.591,0.0,0.0,0.0,0.002,962565.614286
1773290,IT,CH,MACHI,RAWMI,0.38,67378.44,4,4,67378.434,0.0,0.0,0.0,0.006,177311.684211
1790971,IT,WA,MOTO1,WEARI,0.36,67376.142,4,4,67376.138,0.0,0.0,0.0,0.004,187155.95
1809620,IT,WM,DAIRY,MEAT4,0.27,67372.564,4,4,67372.559,0.0,0.0,0.0,0.005,249528.014815
1741199,IT,US,WOODW,DAIRY,0.19,67371.072,4,4,67371.067,0.0,0.0,0.0,0.005,354584.589474
1643696,IT,AT,SUPPO,GASDI,0.48,67370.168,4,4,67370.165,0.0,0.0,0.0,0.003,140354.516667
1794259,IT,WL,MOTOR,NATUR,0.1,67366.378,4,4,67366.373,0.0,0.0,0.0,0.005,673663.78
1728927,IT,SE,CHEM1,TRANS,0.14,67366.0,4,4,67365.993,0.0,0.0,0.0,0.007,481185.714286
1764370,IT,MX,MOTO1,RUBBE,0.36,67364.768,4,4,67364.764,0.0,0.0,0.0,0.004,187124.355556
1665812,IT,ES,PAPER,93197,0.26,67359.522,5,5,67358.515,0.0,1.0,0.0,0.007,259075.084615
1739672,IT,GB,SUPPO,CRUDE,0.48,67353.708,4,4,67353.705,0.0,0.0,0.0,0.003,140320.225
1794578,IT,WL,HEAVY,BIODI,0.11,67353.631,4,4,67353.626,0.0,0.0,0.0,0.005,612305.736364
1725535,IT,RO,LEATH,FOUND,0.48,67345.43,4,4,67345.418,0.0,0.0,0.0,0.012,140302.979167
1777522,IT,TR,BASIC,COLLE,0.08,67344.792,4,4,67344.788,0.0,0.0,0.0,0.004,841809.9
1809973,IT,WM,FISH5,SUPPO,0.28,67344.653,4,4,67344.618,0.0,0.0,0.0,0.035,240516.617857
1716599,IT,NL,SALEM,TRANS,0.54,67342.063,4,4,67342.059,0.0,0.0,0.0,0.004,124707.524074
1652974,IT,CZ,NONSP,SUGA1,0.09,67335.636,4,4,67335.632,0.0,0.0,0.0,0.004,748173.733333
1733393,IT,SI,ELEC2,LEATH,0.02,67331.143,4,4,67331.136,0.0,0.0,0.0,0.007,3366557.15
1729312,IT,SE,NONME,ELECT,0.14,67330.494,4,4,67330.487,0.0,0.0,0.0,0.007,480932.1
1679642,IT,GR,GLASS,GLASS,0.18,67324.805,4,4,67324.801,0.0,0.0,0.0,0.004,374026.694444
1651419,IT,CY,KEROS,POSTT,0.1,67323.721,4,4,67323.716,0.0,0.0,0.0,0.005,673237.21
1735764,IT,SK,MACHI,PRECI,0.38,67319.839,4,4,67319.833,0.0,0.0,0.0,0.006,177157.471053
1779962,IT,TW,CONST,PUBLI,0.38,67316.152,4,4,67316.148,0.0,0.0,0.0,0.004,177147.768421
1714870,IT,NL,BEVER,CROPS,0.29,67313.338,4,4,67313.334,0.0,0.0,0.0,0.004,232114.958621
1755154,IT,KR,LEATH,DISTR,0.48,67312.898,4,4,67312.886,0.0,0.0,0.0,0.012,140235.204167
1782030,IT,NO,RUBBE,PUBLI,0.22,67304.873,4,4,67304.867,0.0,0.0,0.0,0.006,305931.240909
1786045,IT,ZA,CERAM,HOTEL,0.1,67304.465,4,4,67304.461,0.0,0.0,0.0,0.004,673044.65
1675123,IT,FR,COPP1,PRINT,0.17,67298.104,4,4,67298.101,0.0,0.0,0.0,0.003,395871.2
1778205,IT,TR,FURNI,BASIC,0.21,67297.511,4,4,67297.505,0.0,0.0,0.0,0.006,320464.338095
1643517,IT,AT,TRAN2,HEAVY,0.1,67293.975,4,4,67293.973,0.0,0.0,0.0,0.002,672939.75
1660702,IT,DE,RENTI,RUBBE,0.4,67293.26,4,4,67293.256,0.0,0.0,0.0,0.004,168233.15
1769314,IT,AU,RUBBE,RECRE,0.22,67292.301,4,4,67292.295,0.0,0.0,0.0,0.006,305874.095455
1734605,IT,SK,BEVER,HEALT,0.29,67291.186,4,4,67291.182,0.0,0.0,0.0,0.004,232038.572414
1755947,IT,KR,PREC1,CHEM1,0.11,67289.312,4,4,67289.309,0.0,0.0,0.0,0.003,611721.018182
1733963,IT,SI,SUPPO,CONST,0.48,67284.688,4,4,67284.685,0.0,0.0,0.0,0.003,140176.433333
1683747,IT,HR,MACHI,FURNI,0.38,67281.163,4,4,67281.157,0.0,0.0,0.0,0.006,177055.692105
1725208,IT,RO,PROCE,RECRE,0.46,67279.152,4,4,67279.148,0.0,0.0,0.0,0.004,146259.026087
1714996,IT,NL,TOBAC,RETA1,0.26,67275.743,4,4,67275.739,0.0,0.0,0.0,0.004,258752.857692
1674733,IT,FR,GLASS,INERT,0.18,67272.226,4,4,67272.222,0.0,0.0,0.0,0.004,373734.588889
1648175,IT,BE,BUSIN,KERO1,0.69,67266.074,4,4,67266.069,0.0,0.0,0.0,0.005,97487.063768
1809141,IT,WM,CROPS,SUPPO,0.53,67261.351,4,4,67261.347,0.0,0.0,0.0,0.004,126908.209434
1777813,IT,TR,FABRI,BRICK,0.27,67259.663,4,4,67259.658,0.0,0.0,0.0,0.005,249109.862963
1724274,IT,PT,LANDT,RUBBE,0.43,67258.327,4,4,67258.324,0.0,0.0,0.0,0.003,156414.713953
1715262,IT,NL,PAPER,FISH5,0.26,67257.381,5,5,67256.374,0.0,1.0,0.0,0.007,258682.234615
1813554,IT,WM,WHOLE,HEAVY,0.58,67254.559,4,4,67254.555,0.0,0.0,0.0,0.004,115956.136207
1790068,IT,WA,BASIC,LIGNI,0.08,67248.788,4,4,67248.784,0.0,0.0,0.0,0.004,840609.85
1642902,IT,AT,TRANS,FABRI,0.4,67239.202,4,4,67239.198,0.0,0.0,0.0,0.004,168098.005
1789686,IT,WA,RUBBE,RAILW,0.22,67235.958,4,4,67235.952,0.0,0.0,0.0,0.006,305617.990909
1807249,IT,WF,SUPPO,RAILW,0.48,67231.605,4,4,67231.602,0.0,0.0,0.0,0.003,140065.84375
1744933,IT,US,BUSIN,ELEC1,0.69,67231.311,4,4,67231.306,0.0,0.0,0.0,0.005,97436.682609
1805984,IT,WF,COPP1,FISH5,0.17,67226.602,4,4,67226.599,0.0,0.0,0.0,0.003,395450.6
1667518,IT,ES,FABRI,PREC1,0.27,67225.841,4,4,67225.836,0.0,0.0,0.0,0.005,248984.596296
1805647,IT,WF,NONME,NONF1,0.14,67223.043,4,4,67223.036,0.0,0.0,0.0,0.007,480164.592857
1710140,IT,LT,MACHI,TEXTI,0.38,67217.231,4,4,67217.225,0.0,0.0,0.0,0.006,176887.45
1735173,IT,SK,RUBBE,PRINT,0.22,67216.15,4,4,67216.144,0.0,0.0,0.0,0.006,305527.954545
1784473,IT,ID,COPP1,CONST,0.17,67213.607,4,4,67213.604,0.0,0.0,0.0,0.003,395374.158824
1813247,IT,WM,TRANS,MOTOR,0.4,67208.394,4,4,67208.39,0.0,0.0,0.0,0.004,168020.985
1729772,IT,SE,MACHI,ELEC4,0.37,67205.054,4,4,67205.048,0.0,0.0,0.0,0.006,181635.281081
1715025,IT,NL,TEXTI,TOBAC,0.4,67204.496,4,4,67204.487,0.0,0.0,0.0,0.009,168011.24
1682867,IT,HR,LIQUE,HEALT,0.12,67201.78,4,4,67201.775,0.0,0.0,0.0,0.005,560014.833333
1798454,IT,WE,NATUR,NONME,0.09,67201.663,4,4,67201.659,0.0,0.0,0.0,0.004,746685.144444
1668672,IT,ES,LANDT,PADDY,0.43,67201.628,4,4,67201.625,0.0,0.0,0.0,0.003,156282.855814
1799166,IT,WE,WEARI,ELEC4,0.51,67199.914,4,4,67199.901,0.0,0.0,0.0,0.013,131764.537255
1679509,IT,GR,CHEM1,POSTT,0.14,67197.289,4,4,67197.282,0.0,0.0,0.0,0.007,479980.635714
1747184,IT,JP,CONST,COLLE,0.38,67196.065,4,4,67196.061,0.0,0.0,0.0,0.004,176831.75
1747185,IT,JP,CONST,CONST,0.38,67194.445,4,4,67194.441,0.0,0.0,0.0,0.004,176827.486842
1733118,IT,SI,FABRI,NONME,0.27,67194.348,4,4,67194.343,0.0,0.0,0.0,0.005,248867.955556
1770935,IT,CH,VEGET,FORES,0.24,67193.692,4,4,67193.689,0.0,0.0,0.0,0.003,279973.716667
1776398,IT,TR,PRINT,WHOLE,0.64,67184.184,4,4,67184.179,0.0,0.0,0.0,0.005,104975.2875
1738743,IT,GB,MACHI,FOOD4,0.37,67182.603,4,4,67182.597,0.0,0.0,0.0,0.006,181574.602703
1757165,IT,BR,CHEMI,POULT,0.16,67181.321,5,5,67178.315,0.0,0.0,3.0,0.006,419883.25625
1747443,IT,JP,SEACO,FISHF,0.07,67175.291,3,3,67175.291,0.0,0.0,0.0,0.0,959647.014286
1737931,IT,GB,CHEM1,ETHAN,0.14,67170.318,4,4,67170.311,0.0,0.0,0.0,0.007,479787.985714
1761125,IT,IN,CHEM1,KERO1,0.14,67169.743,4,4,67169.736,0.0,0.0,0.0,0.007,479783.878571
1733952,IT,SI,SUPPO,MOTO1,0.48,67169.175,4,4,67169.172,0.0,0.0,0.0,0.003,139935.78125
1762233,IT,IN,SEACO,93197,0.07,67168.595,3,3,67168.595,0.0,0.0,0.0,0.0,959551.357143
1723674,IT,PT,MACHI,WEARI,0.37,67168.061,4,4,67168.055,0.0,0.0,0.0,0.006,181535.3
1747194,IT,JP,CONST,AIRTR,0.38,67167.428,4,4,67167.424,0.0,0.0,0.0,0.004,176756.389474
1781993,IT,NO,RUBBE,RUBBE,0.22,67166.239,4,4,67166.233,0.0,0.0,0.0,0.006,305301.086364
1758041,IT,BR,RUBBE,SEACO,0.22,67166.216,4,4,67166.21,0.0,0.0,0.0,0.006,305300.981818
1652549,IT,CZ,WEARI,93197,0.51,67163.692,4,4,67163.679,0.0,0.0,0.0,0.013,131693.513725
1747468,IT,JP,SEACO,BITU1,0.07,67158.606,3,3,67158.606,0.0,0.0,0.0,0.0,959408.657143
1649332,IT,BG,PLAST,BIODI,0.14,67157.18,4,4,67157.173,0.0,0.0,0.0,0.007,479694.142857
1757898,IT,BR,CHEM1,COPP1,0.14,67155.466,4,4,67155.459,0.0,0.0,0.0,0.007,479681.9
1711177,IT,LU,FABRI,PUBLI,0.27,67155.388,4,4,67155.383,0.0,0.0,0.0,0.005,248723.659259
1730294,IT,SE,SEACO,WOOD1,0.07,67145.15,3,3,67145.15,0.0,0.0,0.0,0.0,959216.428571
1790802,IT,WA,MACHI,CHARC,0.37,67138.208,4,4,67138.202,0.0,0.0,0.0,0.006,181454.616216
1652433,IT,CZ,TEXTI,TRAN2,0.4,67130.859,4,4,67130.85,0.0,0.0,0.0,0.009,167827.1475
1763232,IT,MX,WOODW,MACHI,0.19,67130.582,4,4,67130.577,0.0,0.0,0.0,0.005,353318.852632
1807894,IT,WF,PAPE1,HEALT,0.47,67125.933,4,4,67125.929,0.0,0.0,0.0,0.004,142821.134043
1749032,IT,CN,LEATH,MEDIC,0.48,67125.339,4,4,67125.327,0.0,0.0,0.0,0.012,139844.45625
1790023,IT,WA,NONME,RADIO,0.14,67113.555,4,4,67113.548,0.0,0.0,0.0,0.007,479382.535714
1647429,IT,BE,AIRTR,TRANS,0.07,67109.429,4,4,67109.427,0.0,0.0,0.0,0.002,958706.128571
1666768,IT,ES,RUBBE,RADIO,0.22,67099.294,4,4,67099.288,0.0,0.0,0.0,0.006,304996.790909
1782344,IT,NO,FABRI,PROCE,0.27,67094.89,4,4,67094.885,0.0,0.0,0.0,0.005,248499.592593
1686769,IT,HU,FABRI,CROPS,0.27,67092.906,4,4,67092.901,0.0,0.0,0.0,0.005,248492.244444
1775297,IT,CH,BUSIN,RADIO,0.69,67076.535,4,4,67076.53,0.0,0.0,0.0,0.005,97212.369565
1679707,IT,GR,NONME,WEARI,0.14,67072.981,4,4,67072.974,0.0,0.0,0.0,0.007,479092.721429
1665971,IT,ES,MOTOR,ALUM1,0.1,67071.104,4,4,67071.099,0.0,0.0,0.0,0.005,670711.04
1793341,IT,WA,PRIVA,EDUCA,14.97,67069.545,5,5,67068.534,1.0,0.0,0.0,0.011,4480.263527
1676577,IT,FR,HOTEL,ADDIT,0.49,67058.341,4,4,67058.336,0.0,0.0,0.0,0.005,136853.757143
1675482,IT,FR,OFFIC,CHEM1,0.21,67057.752,4,4,67057.747,0.0,0.0,0.0,0.005,319322.628571
1737612,IT,GB,PAPER,CERAM,0.26,67056.35,5,5,67055.343,0.0,1.0,0.0,0.007,257909.038462
1801771,IT,WE,ELEC4,CRUDE,1.07,67056.302,4,4,67056.298,0.0,0.0,0.0,0.004,62669.441121
1807322,IT,WF,POSTT,CONST,1.1,67056.278,4,4,67056.273,0.0,0.0,0.0,0.005,60960.252727
1755899,IT,KR,BASIC,GASDI,0.08,67056.068,4,4,67056.064,0.0,0.0,0.0,0.004,838200.85
1655546,IT,DE,STONE,ELEC1,0.22,67051.743,5,5,67047.74,0.0,0.0,4.0,0.003,304780.65
1804279,IT,WF,MOTOR,PROCE,0.1,67050.32,4,4,67050.315,0.0,0.0,0.0,0.005,670503.2
1721248,IT,PL,LANDT,BIODI,0.43,67047.276,4,4,67047.273,0.0,0.0,0.0,0.003,155923.897674
1663557,IT,DK,COMPU,POSTT,0.77,67043.864,4,4,67043.86,0.0,0.0,0.0,0.004,87069.953247
1671495,IT,FI,MACHI,CEMEN,0.37,67041.796,4,4,67041.79,0.0,0.0,0.0,0.006,181194.043243
1739589,IT,GB,SEACO,LUBRI,0.07,67039.595,3,3,67039.595,0.0,0.0,0.0,0.0,957708.5
1734674,IT,SK,WEARI,PUBLI,0.51,67038.034,4,4,67038.021,0.0,0.0,0.0,0.013,131447.12549
1778582,IT,TR,RETA1,COMPU,0.7,67032.538,4,4,67032.534,0.0,0.0,0.0,0.004,95760.768571
1768736,IT,AU,WEARI,PFERT,0.51,67027.321,4,4,67027.308,0.0,0.0,0.0,0.013,131426.119608
1795404,IT,WL,BASIC,NONF1,0.08,67021.127,4,4,67021.123,0.0,0.0,0.0,0.004,837764.0875
1757311,IT,BR,FOOD5,PUBLI,0.32,67018.708,4,4,67018.702,0.0,0.0,0.0,0.006,209433.4625
1750352,IT,CN,FABRI,PRINT,0.27,67014.867,4,4,67014.862,0.0,0.0,0.0,0.005,248203.211111
1805875,IT,WF,ALUM1,RUBBE,0.12,67013.979,4,4,67013.974,0.0,0.0,0.0,0.005,558449.825
1689379,IT,IE,RETA1,REALE,0.7,67013.249,4,4,67013.245,0.0,0.0,0.0,0.004,95733.212857
1790747,IT,WA,MACHI,LIGNI,0.37,67012.713,4,4,67012.707,0.0,0.0,0.0,0.006,181115.440541
1647349,IT,BE,SEACO,RUBBE,0.07,67011.839,3,3,67011.839,0.0,0.0,0.0,0.0,957311.985714
1781362,IT,NO,DAIRY,OFFIC,0.27,67009.782,4,4,67009.777,0.0,0.0,0.0,0.005,248184.377778
1751011,IT,CN,WHOLE,WEARI,0.58,67007.117,4,4,67007.113,0.0,0.0,0.0,0.004,115529.512069
1751400,IT,CN,SEACO,SECO9,0.07,67005.757,3,3,67005.757,0.0,0.0,0.0,0.0,957225.1
1784504,IT,ID,FABRI,RUBBE,0.27,67005.184,4,4,67005.179,0.0,0.0,0.0,0.005,248167.348148
1808145,IT,WF,OILHA,VEGET,0.38,67003.505,4,4,67003.501,0.0,0.0,0.0,0.004,176325.013158
1725434,IT,RO,TEXTI,FOOD4,0.4,67003.051,4,4,67003.042,0.0,0.0,0.0,0.009,167507.6275
1686503,IT,HU,PREC1,FURNI,0.11,66998.593,4,4,66998.59,0.0,0.0,0.0,0.003,609078.118182
1735832,IT,SK,MACHI,RAILW,0.37,66994.855,4,4,66994.849,0.0,0.0,0.0,0.006,181067.175676
1741969,IT,US,CHEM1,PAPE1,0.14,66993.363,4,4,66993.356,0.0,0.0,0.0,0.007,478524.021429
1676213,IT,FR,CONST,FINAN,0.37,66992.907,4,4,66992.903,0.0,0.0,0.0,0.004,181061.910811
1729791,IT,SE,MACHI,FINAN,0.37,66984.115,4,4,66984.109,0.0,0.0,0.0,0.006,181038.148649
1659717,IT,DE,RAILW,OFFIC,0.45,66982.829,4,4,66982.826,0.0,0.0,0.0,0.003,148850.731111
1721036,IT,PL,HOTEL,PLAST,0.49,66974.572,4,4,66974.567,0.0,0.0,0.0,0.005,136682.8
1801631,IT,WE,FURNI,FISHF,0.21,66974.51,4,4,66974.504,0.0,0.0,0.0,0.006,318926.238095
1685891,IT,HU,CHEM1,RADIO,0.14,66971.907,4,4,66971.9,0.0,0.0,0.0,0.007,478370.764286
1754427,IT,CA,RENTI,REALE,0.4,66970.213,4,4,66970.209,0.0,0.0,0.0,0.004,167425.5325
1683776,IT,HR,MACHI,RESEA,0.37,66969.175,4,4,66969.169,0.0,0.0,0.0,0.006,180997.77027
1714687,IT,NL,VEGE1,MOTOR,0.21,66963.215,4,4,66963.2,0.0,0.0,0.0,0.015,318872.452381
1682592,IT,HR,KEROS,CATTL,0.1,66960.512,4,4,66960.507,0.0,0.0,0.0,0.005,669605.12
1716038,IT,NL,NONME,FABRI,0.14,66956.76,4,4,66956.753,0.0,0.0,0.0,0.007,478262.571429
1652343,IT,CZ,FISH5,MEATC,0.28,66955.886,4,4,66955.852,0.0,0.0,0.0,0.034,239128.164286
1789091,IT,WA,BITU1,NONF1,0.11,66955.187,4,4,66955.182,0.0,0.0,0.0,0.005,608683.518182
1782570,IT,NO,TRANS,MACHI,0.4,66952.873,4,4,66952.869,0.0,0.0,0.0,0.004,167382.1825
1654765,IT,CZ,AIRTR,BUSIN,0.07,66949.921,4,4,66949.919,0.0,0.0,0.0,0.002,956427.442857
1653458,IT,CZ,NONME,WHOLE,0.14,66945.734,4,4,66945.727,0.0,0.0,0.0,0.007,478183.814286
1802389,IT,WE,SEACO,REALE,0.07,66945.58,3,3,66945.58,0.0,0.0,0.0,0.0,956365.428571
1794551,IT,WL,HEAVY,TOBAC,0.11,66944.683,4,4,66944.678,0.0,0.0,0.0,0.005,608588.027273
1670899,IT,FI,CHEM1,VEGET,0.14,66944.497,4,4,66944.49,0.0,0.0,0.0,0.007,478174.978571
1808363,IT,WF,FOOD3,HEALT,0.19,66943.819,4,4,66943.816,0.0,0.0,0.0,0.003,352335.889474
1646048,IT,BE,BASIC,STONE,0.08,66943.119,4,4,66943.115,0.0,0.0,0.0,0.004,836788.9875
1656355,IT,DE,WOODW,FISH5,0.19,66943.109,4,4,66943.104,0.0,0.0,0.0,0.005,352332.152632
1795024,IT,WL,ADDIT,STONE,0.16,66941.473,5,5,66940.468,0.0,1.0,0.0,0.005,418384.20625
1686196,IT,HU,GLASS,CEMEN,0.18,66919.267,4,4,66919.263,0.0,0.0,0.0,0.004,371773.705556
1792301,IT,WA,POSTT,RECRE,1.1,66916.593,4,4,66916.588,0.0,0.0,0.0,0.005,60833.266364
1790147,IT,WA,BASIC,DIST1,0.08,66915.968,4,4,66915.964,0.0,0.0,0.0,0.004,836449.6
1740113,IT,GB,COMPU,CHEM1,0.76,66912.328,4,4,66912.324,0.0,0.0,0.0,0.004,88042.536842
1771692,IT,CH,WEARI,EDUCA,0.5,66906.883,4,4,66906.87,0.0,0.0,0.0,0.013,133813.766
1805144,IT,WF,PFERT,NONF1,0.03,66905.98,4,4,66905.969,0.0,0.0,0.0,0.011,2230199.333333
1672391,IT,FI,BUSIN,ELECT,0.69,66905.813,4,4,66905.808,0.0,0.0,0.0,0.005,96964.946377
1720731,IT,PL,TRANS,WOODW,0.4,66902.481,4,4,66902.477,0.0,0.0,0.0,0.004,167256.2025
1654257,IT,CZ,TRANS,PUBLI,0.4,66901.485,4,4,66901.481,0.0,0.0,0.0,0.004,167253.7125
1679617,IT,GR,RUBBE,93197,0.22,66899.849,4,4,66899.843,0.0,0.0,0.0,0.006,304090.222727
1786005,IT,ZA,GLASS,CHEM1,0.18,66895.238,4,4,66895.234,0.0,0.0,0.0,0.004,371640.211111
1790448,IT,WA,LEAD1,RECRE,0.12,66892.551,4,4,66892.545,0.0,0.0,0.0,0.006,557437.925
1676752,IT,FR,LANDT,MEATA,0.43,66889.446,4,4,66889.443,0.0,0.0,0.0,0.003,155556.851163
1713632,IT,MT,PREC1,POSTT,0.11,66883.877,4,4,66883.874,0.0,0.0,0.0,0.003,608035.245455
1737091,IT,GB,CHEMI,BUSIN,0.16,66872.039,5,5,66869.033,0.0,0.0,3.0,0.006,417950.24375
1723263,IT,PT,GLASS,BIODI,0.18,66872.021,4,4,66872.017,0.0,0.0,0.0,0.004,371511.227778
1776221,IT,TR,WOODW,FURNI,0.19,66858.951,4,4,66858.946,0.0,0.0,0.0,0.005,351889.215789
1675896,IT,FR,ELEC2,FOUND,0.02,66853.273,4,4,66853.266,0.0,0.0,0.0,0.007,3342663.65
1812416,IT,WM,PREC1,VEGE1,0.11,66851.726,4,4,66851.723,0.0,0.0,0.0,0.003,607742.963636
1681816,IT,HR,MEAT4,WHOLE,0.37,66851.236,4,4,66851.231,0.0,0.0,0.0,0.005,180679.016216
1656576,IT,DE,PRINT,MOTOR,0.64,66846.935,4,4,66846.93,0.0,0.0,0.0,0.005,104448.335938
1738860,IT,GB,TRANS,MACHI,0.4,66844.88,4,4,66844.876,0.0,0.0,0.0,0.004,167112.2
1775770,IT,TR,CRUDE,WHOLE,0.13,66843.221,4,4,66843.215,0.0,0.0,0.0,0.006,514178.623077
1766331,IT,RU,NONME,MEDIC,0.14,66841.724,4,4,66841.717,0.0,0.0,0.0,0.007,477440.885714
1765442,IT,RU,TEXTI,TRANS,0.4,66837.276,4,4,66837.267,0.0,0.0,0.0,0.009,167093.19
1808819,IT,WF,WOOD2,EDUCA,0.36,66830.53,4,4,66830.526,0.0,0.0,0.0,0.004,185640.361111
1802520,IT,WE,POSTT,WHOLE,1.1,66825.114,4,4,66825.109,0.0,0.0,0.0,0.005,60750.103636
1709897,IT,LT,CEMEN,CONST,0.11,66822.558,4,4,66822.555,0.0,0.0,0.0,0.003,607477.8
1789305,IT,WA,PFERT,AUXIL,0.03,66821.839,4,4,66821.828,0.0,0.0,0.0,0.011,2227394.633333
1666589,IT,ES,CHEM1,PREC1,0.14,66816.288,4,4,66816.281,0.0,0.0,0.0,0.007,477259.2
1689097,IT,IE,FURNI,PUBLI,0.21,66816.066,4,4,66816.06,0.0,0.0,0.0,0.006,318171.742857
1764836,IT,MX,SEACO,MOTO1,0.07,66813.43,3,3,66813.43,0.0,0.0,0.0,0.0,954477.571429
1812911,IT,WM,MACHI,CATTL,0.37,66811.761,4,4,66811.756,0.0,0.0,0.0,0.005,180572.327027
1769937,IT,AU,MOTO1,AIRTR,0.36,66811.043,4,4,66811.039,0.0,0.0,0.0,0.004,185586.230556
1738758,IT,GB,OFFIC,LEATH,0.21,66810.097,4,4,66810.092,0.0,0.0,0.0,0.005,318143.319048
1682953,IT,HR,PLAST,PLAST,0.14,66806.45,4,4,66806.443,0.0,0.0,0.0,0.007,477188.928571
1676456,IT,FR,RETA1,WEARI,0.7,66806.11,4,4,66806.106,0.0,0.0,0.0,0.004,95437.3
1672561,IT,FR,OILSE,MEAT1,0.05,66806.083,4,4,66806.08,0.0,0.0,0.0,0.003,1336121.66
1644148,IT,AT,WASTE,BASIC,0.21,66803.767,4,4,66803.763,0.0,0.0,0.0,0.004,318113.17619
1813977,IT,WM,SEACO,TEXTI,0.07,66801.437,3,3,66801.437,0.0,0.0,0.0,0.0,954306.242857
1729785,IT,SE,MACHI,HOTEL,0.37,66798.457,4,4,66798.452,0.0,0.0,0.0,0.005,180536.37027
1668588,IT,ES,HOTEL,FOOD1,0.48,66794.208,4,4,66794.203,0.0,0.0,0.0,0.005,139154.6
1791406,IT,WA,WHOLE,RAWMI,0.58,66793.602,4,4,66793.598,0.0,0.0,0.0,0.004,115161.382759
1750479,IT,CN,MACHI,LIQUE,0.37,66789.751,4,4,66789.746,0.0,0.0,0.0,0.005,180512.840541
1804573,IT,WF,HEAVY,NICKE,0.11,66789.67,4,4,66789.665,0.0,0.0,0.0,0.005,607178.818182
1690225,IT,IE,BUSIN,AUXIL,0.69,66788.034,4,4,66788.029,0.0,0.0,0.0,0.005,96794.252174
1714783,IT,NL,PROCE,PREC1,0.45,66786.95,4,4,66786.946,0.0,0.0,0.0,0.004,148415.444444
1797189,IT,WL,POSTT,93197,1.1,66786.69,4,4,66786.685,0.0,0.0,0.0,0.005,60715.172727
1640651,IT,AT,BEVER,SUPPO,0.28,66784.409,4,4,66784.405,0.0,0.0,0.0,0.004,238515.746429
1796322,IT,WL,SALEM,SUPPO,0.54,66783.559,4,4,66783.555,0.0,0.0,0.0,0.004,123673.257407
1676649,IT,FR,HOTEL,FOOD4,0.48,66778.588,4,4,66778.583,0.0,0.0,0.0,0.005,139122.058333
1684040,IT,HR,HOTEL,WEARI,0.48,66776.884,4,4,66776.879,0.0,0.0,0.0,0.005,139118.508333
1651458,IT,CY,GASDI,INSUR,0.1,66776.657,4,4,66776.652,0.0,0.0,0.0,0.005,667766.57
1761571,IT,IN,COPP1,MEDIC,0.17,66772.053,4,4,66772.05,0.0,0.0,0.0,0.003,392776.782353
1756680,IT,KR,SEACO,WOODW,0.07,66755.315,3,3,66755.315,0.0,0.0,0.0,0.0,953647.357143
1759760,IT,BR,BUSIN,CEMEN,0.69,66753.074,4,4,66753.069,0.0,0.0,0.0,0.005,96743.585507
1757945,IT,BR,ADDIT,HEAVY,0.15,66753.066,5,5,66752.061,0.0,1.0,0.0,0.005,445020.44
1664081,IT,EE,CHEM1,MOTO1,0.14,66749.081,4,4,66749.074,0.0,0.0,0.0,0.007,476779.15
1796894,IT,WL,SEACO,AUXIL,0.07,66746.478,3,3,66746.478,0.0,0.0,0.0,0.0,953521.114286
1772321,IT,CH,PLAST,GLASS,0.14,66745.29,4,4,66745.283,0.0,0.0,0.0,0.007,476752.071429
1761064,IT,IN,PLAST,COLLE,0.14,66743.437,4,4,66743.43,0.0,0.0,0.0,0.007,476738.835714
1763068,IT,MX,TEXTI,TRANS,0.4,66742.461,4,4,66742.452,0.0,0.0,0.0,0.009,166856.1525
1736458,IT,SK,LANDT,PUBLI,0.43,66732.266,4,4,66732.263,0.0,0.0,0.0,0.003,155191.316279
1645865,IT,BE,GLASS,PREC1,0.18,66724.395,4,4,66724.391,0.0,0.0,0.0,0.004,370691.083333
1753489,IT,CA,FABRI,RESEA,0.27,66718.835,4,4,66718.83,0.0,0.0,0.0,0.005,247106.796296
1770299,IT,AU,HOTEL,DIST1,0.48,66716.908,4,4,66716.903,0.0,0.0,0.0,0.005,138993.558333
1725526,IT,RO,LEATH,PFERT,0.48,66713.455,4,4,66713.443,0.0,0.0,0.0,0.012,138986.364583
1657845,IT,DE,NONME,PLAS1,0.13,66712.165,4,4,66712.158,0.0,0.0,0.0,0.007,513170.5
1660387,IT,DE,FINAN,FURNI,0.87,66709.997,4,4,66709.995,0.0,0.0,0.0,0.002,76678.157471
1712535,IT,LV,FABRI,RENTI,0.27,66706.839,4,4,66706.834,0.0,0.0,0.0,0.005,247062.366667
1753039,IT,CA,CHEM1,SALEM,0.14,66705.378,4,4,66705.371,0.0,0.0,0.0,0.007,476466.985714
1661961,IT,DK,NAPHT,MOTOR,0.11,66703.803,4,4,66703.798,0.0,0.0,0.0,0.005,606398.209091
1729686,IT,SE,FABRI,HEALT,0.27,66701.109,4,4,66701.104,0.0,0.0,0.0,0.005,247041.144444
1686368,IT,HU,BASIC,POULT,0.08,66700.808,4,4,66700.804,0.0,0.0,0.0,0.004,833760.1
1724438,IT,PT,AIRTR,RETA1,0.07,66695.182,4,4,66695.18,0.0,0.0,0.0,0.002,952788.314286
1689690,IT,IE,POSTT,COMPU,1.1,66690.423,4,4,66690.418,0.0,0.0,0.0,0.005,60627.657273
1726915,IT,RO,HOTEL,POULT,0.48,66684.59,4,4,66684.585,0.0,0.0,0.0,0.005,138926.229167
1666070,IT,ES,GASDI,CROPS,0.1,66684.358,4,4,66684.353,0.0,0.0,0.0,0.005,666843.58
1741982,IT,US,CHEM1,PLAS2,0.14,66683.082,4,4,66683.075,0.0,0.0,0.0,0.007,476307.728571
1647420,IT,BE,AIRTR,COPP1,0.07,66678.614,4,4,66678.612,0.0,0.0,0.0,0.002,952551.628571
1756069,IT,KR,FABRI,PFERT,0.27,66677.533,4,4,66677.528,0.0,0.0,0.0,0.005,246953.825926
1754481,IT,CA,BUSIN,BEVER,0.68,66673.659,4,4,66673.654,0.0,0.0,0.0,0.005,98049.498529
1810003,IT,WM,TEXTI,POULT,0.4,66672.236,4,4,66672.227,0.0,0.0,0.0,0.009,166680.59
1808353,IT,WF,FOOD3,POSTT,0.19,66669.313,4,4,66669.31,0.0,0.0,0.0,0.003,350891.121053
1654535,IT,CZ,HOTEL,DISTR,0.48,66662.561,4,4,66662.556,0.0,0.0,0.0,0.005,138880.335417
1642753,IT,AT,MACHI,RADIO,0.37,66661.734,4,4,66661.729,0.0,0.0,0.0,0.005,180166.848649
1712368,IT,LV,GLASS,FOOD5,0.18,66656.9,4,4,66656.896,0.0,0.0,0.0,0.004,370316.111111
1647491,IT,BE,SUPPO,PRINT,0.48,66653.236,4,4,66653.233,0.0,0.0,0.0,0.003,138860.908333
1776628,IT,TR,GASDI,COLLE,0.1,66652.987,4,4,66652.982,0.0,0.0,0.0,0.005,666529.87
1666634,IT,ES,CHEM1,PAPE1,0.14,66648.964,4,4,66648.957,0.0,0.0,0.0,0.007,476064.028571
1782084,IT,NO,GLASS,CONST,0.18,66646.195,4,4,66646.191,0.0,0.0,0.0,0.004,370256.638889
1812723,IT,WM,NONF1,PRINT,0.01,66646.003,3,3,66646.003,0.0,0.0,0.0,0.0,6664600.3
1675058,IT,FR,ALUM1,BIODI,0.12,66643.748,4,4,66643.743,0.0,0.0,0.0,0.005,555364.566667
1813941,IT,WM,TRAN2,TRAN2,0.1,66641.991,4,4,66641.989,0.0,0.0,0.0,0.002,666419.91
1733735,IT,SI,LANDT,FORES,0.43,66639.905,4,4,66639.902,0.0,0.0,0.0,0.003,154976.523256
1651617,IT,CY,CEMEN,WOODW,0.11,66632.941,4,4,66632.938,0.0,0.0,0.0,0.003,605754.009091
1714927,IT,NL,BEVER,REALE,0.28,66631.528,4,4,66631.524,0.0,0.0,0.0,0.004,237969.742857
1795588,IT,WL,NONF1,PLAST,0.01,66627.24,3,3,66627.24,0.0,0.0,0.0,0.0,6662724.0
1771898,IT,CH,PAPER,VEGET,0.26,66624.919,5,5,66623.912,0.0,1.0,0.0,0.007,256249.688462
1767575,IT,RU,AIRTR,RECRE,0.07,66623.107,4,4,66623.105,0.0,0.0,0.0,0.002,951758.671429
1808292,IT,WF,FOOD2,WHOLE,0.39,66619.034,4,4,66619.03,0.0,0.0,0.0,0.004,170818.035897
1792824,IT,WA,EDUCA,MEAT4,1.66,66618.272,4,4,66618.267,0.0,0.0,0.0,0.005,40131.489157
1650739,IT,BG,HOTEL,CONST,0.48,66617.378,4,4,66617.373,0.0,0.0,0.0,0.005,138786.204167
1732793,IT,SI,NONME,RESEA,0.13,66615.072,4,4,66615.065,0.0,0.0,0.0,0.007,512423.630769
1666951,IT,ES,CERAM,MOTO1,0.1,66606.827,4,4,66606.823,0.0,0.0,0.0,0.004,666068.27
1758299,IT,BR,ALUM1,WHOLE,0.12,66604.992,4,4,66604.987,0.0,0.0,0.0,0.005,555041.6
1771867,IT,CH,WOODW,FINAN,0.19,66604.831,4,4,66604.827,0.0,0.0,0.0,0.004,350551.742105
1762981,IT,MX,FOOD5,PIGS9,0.32,66603.967,4,4,66603.961,0.0,0.0,0.0,0.006,208137.396875
1744340,IT,US,FINAN,INLAN,0.87,66602.104,4,4,66602.102,0.0,0.0,0.0,0.002,76554.142529
1756386,IT,KR,FURNI,ELECT,0.21,66601.563,4,4,66601.557,0.0,0.0,0.0,0.006,317150.3
1642581,IT,AT,FABRI,POULT,0.27,66599.617,4,4,66599.612,0.0,0.0,0.0,0.005,246665.248148
1732436,IT,SI,CHEM1,SANDC,0.14,66598.867,4,4,66598.86,0.0,0.0,0.0,0.007,475706.192857
1805967,IT,WF,COPP1,NATUR,0.17,66596.601,4,4,66596.598,0.0,0.0,0.0,0.003,391744.711765
1724093,IT,PT,WHOLE,RENTI,0.58,66595.232,4,4,66595.228,0.0,0.0,0.0,0.004,114819.365517
1643788,IT,AT,POSTT,COMPU,1.1,66594.743,4,4,66594.738,0.0,0.0,0.0,0.005,60540.675455
1791586,IT,WA,RETA1,PUBLI,0.7,66591.881,4,4,66591.877,0.0,0.0,0.0,0.004,95131.258571
1763502,IT,MX,CHEM1,CEREA,0.14,66591.233,4,4,66591.226,0.0,0.0,0.0,0.007,475651.664286
1735732,IT,SK,FABRI,COMPU,0.27,66582.725,4,4,66582.72,0.0,0.0,0.0,0.005,246602.685185
1796642,IT,WL,HOTEL,ELEC2,0.48,66575.976,4,4,66575.971,0.0,0.0,0.0,0.005,138699.95
1794698,IT,WL,NAPHT,COKE1,0.11,66571.063,4,4,66571.058,0.0,0.0,0.0,0.005,605191.481818
1763192,IT,MX,LEATH,AIRTR,0.48,66571.025,4,4,66571.013,0.0,0.0,0.0,0.012,138689.635417
1793992,IT,WL,WOODW,PREC1,0.19,66565.526,4,4,66565.522,0.0,0.0,0.0,0.004,350344.873684
1759639,IT,BR,RESEA,RUBBE,0.36,66550.845,4,4,66550.84,0.0,0.0,0.0,0.005,184863.458333
1749096,IT,CN,WOODW,PULP5,0.19,66549.229,4,4,66549.225,0.0,0.0,0.0,0.004,350259.1
1728511,IT,SE,WOODW,STEAM,0.19,66547.779,4,4,66547.775,0.0,0.0,0.0,0.004,350251.468421
1746806,IT,JP,MACHI,COPP1,0.37,66546.634,4,4,66546.629,0.0,0.0,0.0,0.005,179855.767568
1788650,IT,WA,PRINT,REALE,0.64,66541.991,4,4,66541.986,0.0,0.0,0.0,0.005,103971.860938
1657636,IT,DE,CERAM,PULP5,0.1,66539.742,4,4,66539.738,0.0,0.0,0.0,0.004,665397.42
1751359,IT,CN,TRAN2,WOODW,0.1,66539.051,4,4,66539.049,0.0,0.0,0.0,0.002,665390.51
1773575,IT,CH,MOTO1,EDUCA,0.35,66538.016,4,4,66538.012,0.0,0.0,0.0,0.004,190108.617143
1789336,IT,WA,CHEM1,LEADZ,0.14,66535.683,4,4,66535.676,0.0,0.0,0.0,0.007,475254.878571
1641029,IT,AT,PULP5,CONST,0.2,66527.402,4,4,66527.396,0.0,0.0,0.0,0.006,332637.01
1790216,IT,WA,PREC1,LIQUE,0.11,66525.951,4,4,66525.948,0.0,0.0,0.0,0.003,604781.372727
1682132,IT,HR,TEXTI,MACHI,0.39,66518.018,4,4,66518.009,0.0,0.0,0.0,0.009,170559.020513
1658882,IT,DE,TRANS,RAILW,0.4,66514.136,4,4,66514.132,0.0,0.0,0.0,0.004,166285.34
1803598,IT,WF,FOOD5,ANIMA,0.32,66510.06,4,4,66510.054,0.0,0.0,0.0,0.006,207843.9375
1686931,IT,HU,MACHI,BIODI,0.37,66506.849,4,4,66506.844,0.0,0.0,0.0,0.005,179748.240541
1653814,IT,CZ,NONF1,ELEC3,0.01,66504.682,3,3,66504.682,0.0,0.0,0.0,0.0,6650468.2
1675338,IT,FR,MACHI,POULT,0.37,66504.613,4,4,66504.608,0.0,0.0,0.0,0.005,179742.197297
1772814,IT,CH,NONME,EDUCA,0.13,66503.283,4,4,66503.276,0.0,0.0,0.0,0.007,511563.715385
1733875,IT,SI,SEACO,FABRI,0.07,66498.795,3,3,66498.795,0.0,0.0,0.0,0.0,949982.785714
1776718,IT,TR,LIQUE,VEGET,0.12,66496.435,4,4,66496.43,0.0,0.0,0.0,0.005,554136.958333
1686700,IT,HU,COPP1,BIOGA,0.17,66495.141,4,4,66495.138,0.0,0.0,0.0,0.003,391147.888235
1682280,IT,HR,LEATH,FURNI,0.48,66490.638,4,4,66490.626,0.0,0.0,0.0,0.012,138522.1625
1778680,IT,TR,HOTEL,COMPU,0.48,66488.617,4,4,66488.612,0.0,0.0,0.0,0.005,138517.952083
1724952,IT,PT,BUSIN,93197,0.68,66480.346,4,4,66480.341,0.0,0.0,0.0,0.005,97765.214706
1798804,IT,WE,FOOD5,BASIC,0.32,66480.152,4,4,66480.146,0.0,0.0,0.0,0.006,207750.475
1669048,IT,ES,SUPPO,RUBBE,0.48,66471.086,4,4,66471.083,0.0,0.0,0.0,0.003,138481.429167
1739226,IT,GB,RETA1,BUSIN,0.69,66470.246,4,4,66470.242,0.0,0.0,0.0,0.004,96333.689855
1787241,IT,WA,VEGET,PRINT,0.24,66469.465,4,4,66469.462,0.0,0.0,0.0,0.003,276956.104167
1728014,IT,SE,SANDC,SUPPO,0.15,66462.967,5,5,66447.965,0.0,0.0,15.0,0.002,443086.446667
1674774,IT,FR,CERAM,PLAS1,0.1,66458.868,4,4,66458.864,0.0,0.0,0.0,0.004,664588.68
1681976,IT,HR,FOOD5,CONST,0.32,66458.562,4,4,66458.556,0.0,0.0,0.0,0.006,207683.00625
1777945,IT,TR,MACHI,PREC1,0.37,66456.804,4,4,66456.799,0.0,0.0,0.0,0.005,179612.983784
1687417,IT,HU,HOTEL,RENTI,0.48,66456.733,4,4,66456.728,0.0,0.0,0.0,0.005,138451.527083
1753151,IT,CA,RUBBE,RESEA,0.22,66451.23,4,4,66451.224,0.0,0.0,0.0,0.006,302051.045455
1807172,IT,WF,AIRTR,NONF1,0.07,66442.53,4,4,66442.528,0.0,0.0,0.0,0.002,949179.0
1729141,IT,SE,GLASS,CHEM1,0.18,66440.915,4,4,66440.911,0.0,0.0,0.0,0.004,369116.194444
1771487,IT,CH,BEVER,SUPPO,0.28,66440.76,4,4,66440.756,0.0,0.0,0.0,0.004,237288.428571
1777637,IT,TR,ALUM1,RETA1,0.12,66439.317,4,4,66439.312,0.0,0.0,0.0,0.005,553660.975
1751972,IT,CN,RESEA,WOODW,0.36,66438.752,4,4,66438.747,0.0,0.0,0.0,0.005,184552.088889
1740708,IT,US,CHEMI,FABRI,0.16,66432.757,5,5,66429.751,0.0,0.0,3.0,0.006,415204.73125
1685104,IT,HU,FOOD5,BIOGA,0.32,66422.559,4,4,66422.553,0.0,0.0,0.0,0.006,207570.496875
1688250,IT,IE,VEGET,WHOLE,0.24,66422.521,4,4,66422.518,0.0,0.0,0.0,0.003,276760.504167
1720661,IT,PL,MOTO1,ELEC1,0.35,66421.055,4,4,66421.051,0.0,0.0,0.0,0.004,189774.442857
1777583,IT,TR,ALUM1,CHEMI,0.12,66419.416,4,4,66419.411,0.0,0.0,0.0,0.005,553495.133333
1770960,IT,CH,VEGET,MACHI,0.24,66415.534,4,4,66415.531,0.0,0.0,0.0,0.003,276731.391667
1686459,IT,HU,BASIC,OILHA,0.08,66415.386,4,4,66415.382,0.0,0.0,0.0,0.004,830192.325
1806905,IT,WF,HOTEL,AUXIL,0.48,66411.938,4,4,66411.933,0.0,0.0,0.0,0.005,138358.204167
1790866,IT,WA,MACHI,FOOD3,0.37,66402.065,4,4,66402.06,0.0,0.0,0.0,0.005,179465.040541
1648257,IT,BE,BUSIN,INTER,0.68,66394.326,4,4,66394.321,0.0,0.0,0.0,0.005,97638.714706
1640780,IT,AT,TEXTI,PUBLI,0.39,66390.862,4,4,66390.853,0.0,0.0,0.0,0.009,170232.979487
1652145,IT,CZ,MEAT4,BIOGA,0.37,66384.428,4,4,66384.423,0.0,0.0,0.0,0.005,179417.372973
1796892,IT,WL,SEACO,FINAN,0.07,66384.369,3,3,66384.369,0.0,0.0,0.0,0.0,948348.128571
1798784,IT,WE,FOOD5,PRINT,0.32,66373.106,4,4,66373.1,0.0,0.0,0.0,0.006,207415.95625
1644211,IT,BE,VEGET,WHOLE,0.23,66368.795,4,4,66368.792,0.0,0.0,0.0,0.003,288559.978261
1671944,IT,FI,LANDT,KEROS,0.43,66364.536,4,4,66364.533,0.0,0.0,0.0,0.003,154336.130233
1774118,IT,CH,WHOLE,MOTO1,0.57,66360.265,4,4,66360.261,0.0,0.0,0.0,0.004,116421.517544
1711342,IT,LU,WHOLE,HOTEL,0.57,66354.095,4,4,66354.091,0.0,0.0,0.0,0.004,116410.692982
1779904,IT,TW,CONST,CHEMI,0.37,66351.34,4,4,66351.336,0.0,0.0,0.0,0.004,179327.945946
1659010,IT,DE,ELEC2,BIODI,0.02,66350.048,4,4,66350.041,0.0,0.0,0.0,0.007,3317502.4
1745396,IT,JP,VEGE1,REALE,0.2,66344.887,4,4,66344.873,0.0,0.0,0.0,0.014,331724.435
1647069,IT,BE,HOTEL,DAIRY,0.48,66330.86,4,4,66330.855,0.0,0.0,0.0,0.005,138189.291667
1684730,IT,HU,VEGET,OFFIC,0.23,66319.102,4,4,66319.099,0.0,0.0,0.0,0.003,288343.921739
1809958,IT,WM,FISH5,GASDI,0.28,66317.273,4,4,66317.239,0.0,0.0,0.0,0.034,236847.403571
1734756,IT,SK,WOODW,FORES,0.19,66314.966,4,4,66314.962,0.0,0.0,0.0,0.004,349026.136842
1643603,IT,AT,AIRTR,PRINT,0.07,66310.105,4,4,66310.103,0.0,0.0,0.0,0.002,947287.214286
1662894,IT,DK,WHOLE,RESEA,0.57,66309.133,4,4,66309.129,0.0,0.0,0.0,0.004,116331.812281
1758229,IT,BR,BASIC,LEAD1,0.08,66306.723,4,4,66306.719,0.0,0.0,0.0,0.004,828834.0375
1643092,IT,AT,WHOLE,BASIC,0.57,66306.223,4,4,66306.219,0.0,0.0,0.0,0.004,116326.707018
1658321,IT,DE,COPP1,POSTT,0.17,66304.499,4,4,66304.496,0.0,0.0,0.0,0.003,390026.464706
1714801,IT,NL,FOOD5,RAWMI,0.32,66301.273,4,4,66301.267,0.0,0.0,0.0,0.006,207191.478125
1658782,IT,DE,MOTO1,WOODW,0.35,66299.167,4,4,66299.163,0.0,0.0,0.0,0.004,189426.191429
1647362,IT,BE,SEACO,TRANS,0.07,66291.024,3,3,66291.024,0.0,0.0,0.0,0.0,947014.628571
1731718,IT,SI,PULP5,LEATH,0.2,66284.805,4,4,66284.799,0.0,0.0,0.0,0.006,331424.025
1715800,IT,NL,RUBBE,CHEMI,0.22,66281.378,4,4,66281.372,0.0,0.0,0.0,0.006,301278.990909
1649973,IT,BG,FABRI,FINAN,0.27,66277.014,4,4,66277.009,0.0,0.0,0.0,0.005,245470.422222
1664959,IT,ES,SANDC,BRICK,0.15,66265.789,5,5,66250.787,0.0,0.0,15.0,0.002,441771.926667
1679523,IT,GR,ADDIT,KEROS,0.15,66264.886,5,5,66263.881,0.0,1.0,0.0,0.005,441765.906667
1777700,IT,TR,COPP1,RADIO,0.17,66264.426,4,4,66264.423,0.0,0.0,0.0,0.003,389790.741176
1795635,IT,WL,FABRI,WEARI,0.27,66262.956,4,4,66262.951,0.0,0.0,0.0,0.005,245418.355556
1768915,IT,AU,WOODW,BUSIN,0.19,66262.912,4,4,66262.908,0.0,0.0,0.0,0.004,348752.168421
1726743,IT,RO,FURNI,RESEA,0.21,66258.162,4,4,66258.156,0.0,0.0,0.0,0.006,315515.057143
1797063,IT,WL,SUPPO,AIRTR,0.48,66256.492,4,4,66256.489,0.0,0.0,0.0,0.003,138034.358333
1682351,IT,HR,WOODW,ELEC7,0.19,66252.83,4,4,66252.826,0.0,0.0,0.0,0.004,348699.105263
1747129,IT,JP,CONST,SANDC,0.37,66252.593,4,4,66252.589,0.0,0.0,0.0,0.004,179061.062162
1686470,IT,HU,BASIC,RECRE,0.08,66249.964,4,4,66249.96,0.0,0.0,0.0,0.004,828124.55
1666031,IT,ES,AVIAT,SUPPO,0.15,66245.472,4,4,66245.467,0.0,0.0,0.0,0.005,441636.48
1790304,IT,WA,ALUM1,TEXTI,0.12,66245.026,4,4,66245.021,0.0,0.0,0.0,0.005,552041.883333
1778469,IT,TR,WHOLE,SEACO,0.57,66241.622,4,4,66241.618,0.0,0.0,0.0,0.004,116213.37193
1748586,IT,CN,VEGE1,MEDIC,0.2,66240.069,4,4,66240.055,0.0,0.0,0.0,0.014,331200.345
1804920,IT,WF,BITU1,POSTT,0.1,66239.919,4,4,66239.914,0.0,0.0,0.0,0.005,662399.19
1668089,IT,ES,CONST,CHEMI,0.37,66237.245,4,4,66237.241,0.0,0.0,0.0,0.004,179019.581081
1797109,IT,WL,POSTT,FISH5,1.09,66231.107,4,4,66231.102,0.0,0.0,0.0,0.005,60762.483486
1659634,IT,DE,HOTEL,DIST1,0.48,66229.77,4,4,66229.765,0.0,0.0,0.0,0.005,137978.6875
1673439,IT,FR,WEARI,DISTR,0.5,66228.347,4,4,66228.334,0.0,0.0,0.0,0.013,132456.694
1778108,IT,TR,MOTO1,CONST,0.35,66227.175,4,4,66227.171,0.0,0.0,0.0,0.004,189220.5
1785180,IT,ZA,FOOD5,WHOLE,0.32,66222.945,4,4,66222.939,0.0,0.0,0.0,0.006,206946.703125
1689539,IT,IE,SEACO,MOTO1,0.07,66220.626,3,3,66220.626,0.0,0.0,0.0,0.0,946008.942857
1764355,IT,MX,MOTO1,PROCE,0.35,66219.781,4,4,66219.777,0.0,0.0,0.0,0.004,189199.374286
1684985,IT,HU,VEGE1,MEATP,0.2,66218.503,4,4,66218.489,0.0,0.0,0.0,0.014,331092.515
1793644,IT,WL,DAIRY,WHOLE,0.27,66216.789,4,4,66216.785,0.0,0.0,0.0,0.004,245247.366667
1666254,IT,ES,HEAVY,COLLE,0.11,66206.201,4,4,66206.196,0.0,0.0,0.0,0.005,601874.554545
1728526,IT,SE,WOODW,PAPE1,0.19,66204.464,4,4,66204.46,0.0,0.0,0.0,0.004,348444.547368
1811916,IT,WM,RUBBE,RETAI,0.22,66204.323,4,4,66204.317,0.0,0.0,0.0,0.006,300928.740909
1660920,IT,DE,BUSIN,VEGE1,0.68,66200.66,4,4,66200.655,0.0,0.0,0.0,0.005,97353.911765
1725066,IT,RO,CROPS,RAWMI,0.52,66198.87,4,4,66198.866,0.0,0.0,0.0,0.004,127305.519231
1764012,IT,MX,LEAD1,SUGAR,0.12,66198.441,4,4,66198.435,0.0,0.0,0.0,0.006,551653.675
1765576,IT,RU,LEATH,SUPPO,0.47,66196.686,4,4,66196.675,0.0,0.0,0.0,0.011,140844.012766
1743395,IT,US,SALEM,INLAN,0.53,66196.582,4,4,66196.578,0.0,0.0,0.0,0.004,124899.211321
1646768,IT,BE,CONST,SUPPO,0.37,66196.343,4,4,66196.339,0.0,0.0,0.0,0.004,178909.035135
1780303,IT,TW,TRAN2,MOTOR,0.1,66194.178,4,4,66194.176,0.0,0.0,0.0,0.002,661941.78
1713803,IT,MT,FURNI,MACHI,0.21,66190.76,4,4,66190.754,0.0,0.0,0.0,0.006,315194.095238
1721293,IT,PL,LANDT,TRAN2,0.43,66188.448,4,4,66188.445,0.0,0.0,0.0,0.003,153926.623256
1795073,IT,WL,RUBBE,PADDY,0.22,66186.191,4,4,66186.185,0.0,0.0,0.0,0.006,300846.322727
1672024,IT,FI,SEACO,FINAN,0.07,66177.665,3,3,66177.665,0.0,0.0,0.0,0.0,945395.214286
1742244,IT,US,CERAM,DIST1,0.1,66163.196,4,4,66163.192,0.0,0.0,0.0,0.004,661631.96
1665295,IT,ES,BEVER,COLLE,0.28,66151.454,4,4,66151.45,0.0,0.0,0.0,0.004,236255.192857
1755211,IT,KR,WOODW,MACHI,0.19,66144.279,4,4,66144.275,0.0,0.0,0.0,0.004,348127.784211
1687560,IT,HU,LANDT,SALEM,0.43,66144.117,4,4,66144.114,0.0,0.0,0.0,0.003,153823.527907
1724855,IT,PT,BUSIN,WOODW,0.68,66140.668,4,4,66140.663,0.0,0.0,0.0,0.005,97265.688235
1808050,IT,WF,INTER,EDUCA,0.4,66139.537,4,4,66139.533,0.0,0.0,0.0,0.004,165348.8425
1782323,IT,NO,NONF1,TRANS,0.01,66138.799,3,3,66138.799,0.0,0.0,0.0,0.0,6613879.9
1737305,IT,GB,BEVER,MEATC,0.28,66136.674,4,4,66136.67,0.0,0.0,0.0,0.004,236202.407143
1732738,IT,SI,CEMEN,RAILW,0.11,66124.071,4,4,66124.068,0.0,0.0,0.0,0.003,601127.918182
1758025,IT,BR,RUBBE,OFFIC,0.22,66122.569,4,4,66122.563,0.0,0.0,0.0,0.006,300557.131818
1723233,IT,PT,RUBBE,RECRE,0.22,66122.5,4,4,66122.494,0.0,0.0,0.0,0.006,300556.818182
1810069,IT,WM,TEXTI,OFFIC,0.39,66119.005,4,4,66118.996,0.0,0.0,0.0,0.009,169535.910256
1643715,IT,AT,SUPPO,ALUM1,0.48,66116.683,4,4,66116.68,0.0,0.0,0.0,0.003,137743.089583
1744001,IT,US,AIRTR,GLASS,0.07,66116.165,4,4,66116.163,0.0,0.0,0.0,0.002,944516.642857
1807581,IT,WF,COMPU,RETA1,0.76,66115.947,4,4,66115.943,0.0,0.0,0.0,0.004,86994.667105
1768091,IT,RU,BUSIN,RETAI,0.68,66115.616,4,4,66115.611,0.0,0.0,0.0,0.005,97228.847059
1789410,IT,WA,CHEM1,CONST,0.14,66111.202,4,4,66111.195,0.0,0.0,0.0,0.007,472222.871429
1786274,IT,ZA,FABRI,PAPER,0.27,66110.472,4,4,66110.467,0.0,0.0,0.0,0.005,244853.6
1731377,IT,SI,FOOD5,POULT,0.32,66109.627,4,4,66109.621,0.0,0.0,0.0,0.006,206592.584375
1755722,IT,KR,GLASS,WEARI,0.18,66106.698,4,4,66106.694,0.0,0.0,0.0,0.004,367259.433333
1750629,IT,CN,OFFIC,RESEA,0.2,66105.262,4,4,66105.257,0.0,0.0,0.0,0.005,330526.31
1658026,IT,DE,PREC1,LIQUI,0.11,66102.003,4,4,66102.0,0.0,0.0,0.0,0.003,600927.3
1713575,IT,MT,CEMEN,RENTI,0.11,66097.873,4,4,66097.87,0.0,0.0,0.0,0.003,600889.754545
1645289,IT,BE,KEROS,KERO1,0.1,66097.367,4,4,66097.362,0.0,0.0,0.0,0.005,660973.67
1803705,IT,WF,BEVER,REALE,0.28,66093.9,4,4,66093.896,0.0,0.0,0.0,0.004,236049.642857
1748359,IT,CN,OILSE,FOOD5,0.05,66091.114,4,4,66091.111,0.0,0.0,0.0,0.003,1321822.28
1802343,IT,WE,SEACO,NATUR,0.07,66087.927,3,3,66087.927,0.0,0.0,0.0,0.0,944113.242857
1717839,IT,PL,VEGET,MEATA,0.23,66084.632,4,4,66084.629,0.0,0.0,0.0,0.003,287324.486957
1732773,IT,SI,NONME,MACHI,0.13,66082.943,4,4,66082.936,0.0,0.0,0.0,0.007,508330.330769
1788286,IT,WA,LEATH,GLASS,0.47,66082.696,4,4,66082.685,0.0,0.0,0.0,0.011,140601.480851
1728267,IT,SE,BEVER,MEAT4,0.28,66075.425,4,4,66075.421,0.0,0.0,0.0,0.004,235983.660714
1809281,IT,WM,CRUDE,93197,0.13,66072.583,4,4,66072.577,0.0,0.0,0.0,0.006,508250.638462
1662397,IT,DK,BASIC,SEWAG,0.08,66068.032,4,4,66068.028,0.0,0.0,0.0,0.004,825850.4
1685340,IT,HU,WEARI,RESEA,0.5,66067.825,4,4,66067.812,0.0,0.0,0.0,0.013,132135.65
1737180,IT,GB,DAIRY,SUGA1,0.27,66067.287,4,4,66067.283,0.0,0.0,0.0,0.004,244693.655556
1787249,IT,WA,VEGET,CHEM1,0.23,66065.549,4,4,66065.546,0.0,0.0,0.0,0.003,287241.517391
1665902,IT,ES,COALT,NAPHT,0.1,66063.907,4,4,66063.903,0.0,0.0,0.0,0.004,660639.07
1774848,IT,CH,FINAN,WOODW,0.86,66063.159,4,4,66063.157,0.0,0.0,0.0,0.002,76817.626744
1659007,IT,DE,ELEC2,HEAVY,0.02,66062.058,4,4,66062.051,0.0,0.0,0.0,0.007,3303102.9
1729345,IT,SE,BASIC,CEREA,0.08,66057.296,4,4,66057.292,0.0,0.0,0.0,0.004,825716.2
1650006,IT,BG,MACHI,PRECI,0.37,66054.787,4,4,66054.782,0.0,0.0,0.0,0.005,178526.451351
1756762,IT,KR,AIRTR,CEMEN,0.07,66054.035,4,4,66054.033,0.0,0.0,0.0,0.002,943629.071429
1759797,IT,BR,BUSIN,TRAN2,0.68,66053.162,4,4,66053.157,0.0,0.0,0.0,0.005,97137.002941
1676553,IT,FR,HOTEL,FISH5,0.48,66051.193,4,4,66051.188,0.0,0.0,0.0,0.005,137606.652083
1758646,IT,BR,FURNI,WEARI,0.21,66048.802,4,4,66048.796,0.0,0.0,0.0,0.006,314518.104762
1746195,IT,JP,CHEM1,CATTL,0.14,66048.423,4,4,66048.416,0.0,0.0,0.0,0.007,471774.45
1670213,IT,ES,RECRE,RETA1,0.84,66038.989,4,4,66038.984,0.0,0.0,0.0,0.005,78617.844048
1784361,IT,ID,RUBBE,HOTEL,0.22,66031.295,4,4,66031.289,0.0,0.0,0.0,0.006,300142.25
1679637,IT,GR,GLASS,PLAST,0.18,66030.999,4,4,66030.995,0.0,0.0,0.0,0.004,366838.883333
1645739,IT,BE,RUBBE,MOTOR,0.22,66029.977,4,4,66029.971,0.0,0.0,0.0,0.006,300136.259091
1772737,IT,CH,CEMEN,ELEC4,0.11,66028.36,4,4,66028.357,0.0,0.0,0.0,0.003,600257.818182
1656813,IT,DE,GASDI,OFFIC,0.1,66022.963,4,4,66022.958,0.0,0.0,0.0,0.005,660229.63
1738248,IT,GB,CEMEN,LANDT,0.11,66022.024,4,4,66022.021,0.0,0.0,0.0,0.003,600200.218182
1793586,IT,WL,VEGE1,MEAT1,0.2,66013.333,4,4,66013.319,0.0,0.0,0.0,0.014,330066.665
1802150,IT,WE,HOTEL,NATUR,0.48,66011.517,4,4,66011.512,0.0,0.0,0.0,0.005,137523.99375
1791088,IT,WA,TRANS,GLASS,0.39,66008.935,4,4,66008.931,0.0,0.0,0.0,0.004,169253.679487
1769391,IT,AU,CERAM,DIST1,0.1,66002.418,4,4,66002.414,0.0,0.0,0.0,0.004,660024.18
1729859,IT,SE,MOTO1,SUPPO,0.35,66000.501,4,4,66000.497,0.0,0.0,0.0,0.004,188572.86
1782811,IT,NO,HOTEL,LANDT,0.48,65999.147,4,4,65999.142,0.0,0.0,0.0,0.005,137498.222917
1783696,IT,NO,WASTE,INERT,0.21,65999.08,4,4,65999.076,0.0,0.0,0.0,0.004,314281.333333
1788046,IT,WA,TEXTI,MEDIC,0.39,65996.972,4,4,65996.963,0.0,0.0,0.0,0.009,169223.005128
1678978,IT,GR,WEARI,PUBLI,0.5,65995.839,4,4,65995.826,0.0,0.0,0.0,0.013,131991.678
1738100,IT,GB,RUBBE,HEALT,0.22,65987.657,4,4,65987.651,0.0,0.0,0.0,0.006,299943.895455
1775816,IT,TR,CHEMI,FABRI,0.16,65985.857,5,5,65982.851,0.0,0.0,3.0,0.006,412411.60625
1785656,IT,ZA,HEAVY,ELECT,0.11,65981.665,4,4,65981.66,0.0,0.0,0.0,0.005,599833.318182
1723821,IT,PT,MOTO1,FABRI,0.35,65981.076,4,4,65981.072,0.0,0.0,0.0,0.004,188517.36
1688602,IT,IE,KEROS,AIRTR,0.1,65976.722,4,4,65976.717,0.0,0.0,0.0,0.005,659767.22
1811101,IT,WM,HEAVY,COMPU,0.11,65975.232,4,4,65975.227,0.0,0.0,0.0,0.005,599774.836364
1644913,IT,BE,LEATH,CONST,0.47,65974.745,4,4,65974.734,0.0,0.0,0.0,0.011,140371.797872
1779595,IT,TR,COMPU,SALEM,0.75,65974.425,4,4,65974.421,0.0,0.0,0.0,0.004,87965.9
1733104,IT,SI,FABRI,WEARI,0.27,65973.867,4,4,65973.862,0.0,0.0,0.0,0.005,244347.655556
1677547,IT,FR,AUXIL,MEMBE,1.21,65970.657,4,4,65970.654,0.0,0.0,0.0,0.003,54521.204132
1716965,IT,NL,RAILW,COMPU,0.44,65963.028,4,4,65963.025,0.0,0.0,0.0,0.003,149915.972727
1685128,IT,HU,FOOD5,RETA1,0.32,65962.992,4,4,65962.986,0.0,0.0,0.0,0.006,206134.35
1784572,IT,ID,MACHI,TOBAC,0.37,65962.239,4,4,65962.234,0.0,0.0,0.0,0.005,178276.321622
1806904,IT,WF,HOTEL,INSUR,0.48,65962.109,4,4,65962.104,0.0,0.0,0.0,0.005,137421.060417
1778190,IT,TR,FURNI,PRINT,0.21,65961.843,4,4,65961.837,0.0,0.0,0.0,0.006,314104.014286
1804588,IT,WF,HEAVY,SUGA1,0.11,65951.579,4,4,65951.574,0.0,0.0,0.0,0.005,599559.809091
1796150,IT,WL,FURNI,PADDY,0.21,65946.795,4,4,65946.789,0.0,0.0,0.0,0.006,314032.357143
1715983,IT,NL,CERAM,RESEA,0.1,65944.777,4,4,65944.773,0.0,0.0,0.0,0.004,659447.77
1676253,IT,FR,SALEM,FISHF,0.53,65939.612,4,4,65939.608,0.0,0.0,0.0,0.004,124414.362264
1768423,IT,AU,DAIRY,OILSE,0.27,65939.245,4,4,65939.241,0.0,0.0,0.0,0.004,244219.425926
1753373,IT,CA,ALUM1,CHEM1,0.11,65929.681,4,4,65929.676,0.0,0.0,0.0,0.005,599360.736364
1753199,IT,CA,GLASS,TRANS,0.18,65929.212,4,4,65929.208,0.0,0.0,0.0,0.004,366273.4
1772827,IT,CH,BASIC,ANIMA,0.08,65928.057,4,4,65928.053,0.0,0.0,0.0,0.004,824100.7125
1683115,IT,HR,RUBBE,SALEM,0.22,65927.05,4,4,65927.044,0.0,0.0,0.0,0.006,299668.409091
1672399,IT,FI,BUSIN,ELEC3,0.68,65926.625,4,4,65926.62,0.0,0.0,0.0,0.005,96950.919118
1757088,IT,KR,BUSIN,AUXIL,0.68,65923.192,4,4,65923.187,0.0,0.0,0.0,0.005,96945.870588
1722614,IT,PT,TEXTI,PAPER,0.39,65920.785,4,4,65920.776,0.0,0.0,0.0,0.009,169027.653846
1731220,IT,SI,CHEMI,EDUCA,0.16,65909.214,5,5,65906.208,0.0,0.0,3.0,0.006,411932.5875
1676876,IT,FR,LANDT,93197,0.43,65906.865,4,4,65906.862,0.0,0.0,0.0,0.003,153271.77907
1649535,IT,BG,RUBBE,BIODI,0.22,65905.172,4,4,65905.166,0.0,0.0,0.0,0.006,299568.963636
1769454,IT,AU,NONME,RENTI,0.13,65902.734,4,4,65902.727,0.0,0.0,0.0,0.007,506944.107692
1658992,IT,DE,ELEC2,VEGET,0.02,65898.776,4,4,65898.769,0.0,0.0,0.0,0.007,3294938.8
1774645,IT,CH,AIRTR,RUBBE,0.07,65897.764,4,4,65897.762,0.0,0.0,0.0,0.002,941396.628571
1739737,IT,GB,SUPPO,EDUCA,0.47,65894.274,4,4,65894.271,0.0,0.0,0.0,0.003,140200.582979
1806259,IT,WF,MACHI,LEAD1,0.37,65891.981,4,4,65891.976,0.0,0.0,0.0,0.005,178086.435135
1710044,IT,LT,NONF1,FABRI,0.01,65890.1,3,3,65890.1,0.0,0.0,0.0,0.0,6589010.0
1646340,IT,BE,FABRI,BEVER,0.27,65888.674,4,4,65888.669,0.0,0.0,0.0,0.005,244032.125926
1793909,IT,WL,WEARI,RETA1,0.5,65888.062,4,4,65888.049,0.0,0.0,0.0,0.013,131776.124
1713597,IT,MT,BASIC,PLAST,0.08,65885.528,4,4,65885.524,0.0,0.0,0.0,0.004,823569.1
1746550,IT,JP,NONME,DISTR,0.13,65884.839,4,4,65884.832,0.0,0.0,0.0,0.007,506806.453846
1712701,IT,LV,HOTEL,MACHI,0.48,65883.657,4,4,65883.652,0.0,0.0,0.0,0.005,137257.61875
1801824,IT,WE,ELEC7,VEGET,0.05,65882.339,3,3,65882.339,0.0,0.0,0.0,0.0,1317646.78
1800703,IT,WE,CEMEN,LEATH,0.11,65879.192,4,4,65879.189,0.0,0.0,0.0,0.003,598901.745455
1640253,IT,AT,FISHF,RECRE,0.11,65878.62,4,4,65878.618,0.0,0.0,0.0,0.002,598896.545455
1646531,IT,BE,MACHI,MEMBE,0.37,65873.493,4,4,65873.488,0.0,0.0,0.0,0.005,178036.467568
1689212,IT,IE,RETAI,RESEA,0.52,65873.059,4,4,65873.055,0.0,0.0,0.0,0.004,126678.959615
1683546,IT,HR,ALUM1,LANDT,0.11,65872.784,4,4,65872.779,0.0,0.0,0.0,0.005,598843.490909
1670410,IT,FI,FOOD5,MEAT1,0.32,65872.138,4,4,65872.132,0.0,0.0,0.0,0.006,205850.43125
1654040,IT,CZ,MACHI,RAILW,0.37,65871.63,4,4,65871.625,0.0,0.0,0.0,0.005,178031.432432
1667939,IT,ES,MOTO1,FOOD1,0.35,65870.026,4,4,65870.022,0.0,0.0,0.0,0.004,188200.074286
1714558,IT,NL,CRUDE,SEACO,0.13,65869.638,4,4,65869.632,0.0,0.0,0.0,0.006,506689.523077
1776445,IT,TR,MOTOR,SANDC,0.1,65859.638,4,4,65859.633,0.0,0.0,0.0,0.005,658596.38
1769195,IT,AU,CHEM1,SUPPO,0.14,65859.391,4,4,65859.384,0.0,0.0,0.0,0.007,470424.221429
1725347,IT,RO,TOBAC,HOTEL,0.26,65858.548,4,4,65858.544,0.0,0.0,0.0,0.004,253302.107692
1810281,IT,WM,LEATH,RAILW,0.47,65858.043,4,4,65858.032,0.0,0.0,0.0,0.011,140123.495745
1724628,IT,PT,FINAN,SUPPO,0.86,65855.745,4,4,65855.743,0.0,0.0,0.0,0.002,76576.447674
1749813,IT,CN,RUBBE,MEAT4,0.22,65854.876,4,4,65854.87,0.0,0.0,0.0,0.006,299340.345455
1667269,IT,ES,ALUM1,FISH5,0.11,65853.395,4,4,65853.39,0.0,0.0,0.0,0.005,598667.227273
1748406,IT,CN,ANIMA,MEAT4,0.26,65852.378,4,4,65852.375,0.0,0.0,0.0,0.003,253278.376923
1765178,IT,MX,BUSIN,FURNI,0.68,65851.289,4,4,65851.284,0.0,0.0,0.0,0.005,96840.130882
1744467,IT,US,AUXIL,COMPU,1.2,65850.022,4,4,65850.019,0.0,0.0,0.0,0.003,54875.018333
1790232,IT,WA,PREC1,CEMEN,0.11,65849.288,4,4,65849.285,0.0,0.0,0.0,0.003,598629.890909
1654250,IT,CZ,TRANS,AIRTR,0.39,65845.847,4,4,65845.843,0.0,0.0,0.0,0.004,168835.505128
1676766,IT,FR,LANDT,SUGA1,0.42,65841.491,4,4,65841.488,0.0,0.0,0.0,0.003,156765.454762
1649523,IT,BG,RUBBE,PAPER,0.22,65836.994,4,4,65836.988,0.0,0.0,0.0,0.006,299259.063636
1807137,IT,WF,AIRTR,MEAT1,0.07,65836.582,4,4,65836.58,0.0,0.0,0.0,0.002,940522.6
1728525,IT,SE,WOODW,FOODW,0.18,65835.392,4,4,65835.388,0.0,0.0,0.0,0.004,365752.177778
1651598,IT,CY,GLASS,REALE,0.18,65828.514,4,4,65828.51,0.0,0.0,0.0,0.004,365713.966667
1801764,IT,WE,ELEC2,EDUCA,0.02,65821.343,4,4,65821.336,0.0,0.0,0.0,0.007,3291067.15
1731822,IT,SI,PAPER,SUPPO,0.26,65816.546,5,5,65815.54,0.0,1.0,0.0,0.006,253140.561538
1778567,IT,TR,RETA1,RETA1,0.69,65813.54,4,4,65813.536,0.0,0.0,0.0,0.004,95381.942029
1775245,IT,CH,BUSIN,STONE,0.68,65808.008,4,4,65808.003,0.0,0.0,0.0,0.005,96776.482353
1642315,IT,AT,BASIC,GASDI,0.08,65804.738,4,4,65804.734,0.0,0.0,0.0,0.004,822559.225
1729716,IT,SE,MACHI,PRECI,0.37,65803.077,4,4,65803.072,0.0,0.0,0.0,0.005,177846.154054
1790974,IT,WA,MOTO1,KEROS,0.35,65801.937,4,4,65801.933,0.0,0.0,0.0,0.004,188005.534286
1656915,IT,DE,LIQUE,POULT,0.12,65796.818,4,4,65796.813,0.0,0.0,0.0,0.005,548306.816667
1666521,IT,ES,PLAST,EDUCA,0.14,65794.083,4,4,65794.076,0.0,0.0,0.0,0.007,469957.735714
1687087,IT,HU,MOTO1,SUPPO,0.35,65793.249,4,4,65793.245,0.0,0.0,0.0,0.004,187980.711429
1781222,IT,NO,VEGET,BUSIN,0.23,65790.529,4,4,65790.526,0.0,0.0,0.0,0.003,286045.778261
1720061,IT,PL,ALUM1,RAILW,0.11,65787.217,4,4,65787.212,0.0,0.0,0.0,0.005,598065.609091
1760363,IT,IN,CHEMI,MOTO1,0.16,65778.438,5,5,65775.432,0.0,0.0,3.0,0.006,411115.2375
1779932,IT,TW,CONST,NONME,0.37,65771.887,4,4,65771.883,0.0,0.0,0.0,0.004,177761.856757
1717356,IT,NL,FINAN,RAILW,0.86,65767.381,4,4,65767.379,0.0,0.0,0.0,0.002,76473.698837
1747279,IT,JP,WHOLE,RUBBE,0.57,65765.989,4,4,65765.985,0.0,0.0,0.0,0.004,115378.92807
1673576,IT,FR,WOODW,SANDC,0.18,65764.279,4,4,65764.275,0.0,0.0,0.0,0.004,365357.105556
1805741,IT,WF,BASIC,ELEC2,0.08,65761.805,4,4,65761.801,0.0,0.0,0.0,0.004,822022.5625
1794654,IT,WL,NAPHT,FISH5,0.11,65760.753,4,4,65760.748,0.0,0.0,0.0,0.005,597825.027273
1776479,IT,TR,MOTOR,FABRI,0.1,65758.197,4,4,65758.192,0.0,0.0,0.0,0.005,657581.97
1685655,IT,HU,GASDI,CONST,0.1,65757.032,4,4,65757.027,0.0,0.0,0.0,0.005,657570.32
1752385,IT,CA,VEGE1,CHEMI,0.2,65746.594,4,4,65746.58,0.0,0.0,0.0,0.014,328732.97
1770503,IT,AU,AIRTR,COLLE,0.07,65745.772,4,4,65745.77,0.0,0.0,0.0,0.002,939225.314286
1786325,IT,ZA,MACHI,WHEAT,0.37,65743.325,4,4,65743.32,0.0,0.0,0.0,0.005,177684.662162
1664854,IT,ES,MEATA,BUSIN,0.36,65740.434,4,4,65740.424,0.0,0.0,0.0,0.01,182612.316667
1728819,IT,SE,PLAST,COPPE,0.14,65738.77,4,4,65738.763,0.0,0.0,0.0,0.007,469562.642857
1745575,IT,JP,BEVER,93197,0.28,65735.806,4,4,65735.802,0.0,0.0,0.0,0.004,234770.735714
1659423,IT,DE,WHOLE,MOTO1,0.57,65734.379,4,4,65734.375,0.0,0.0,0.0,0.004,115323.47193
1749358,IT,CN,PRINT,SALEM,0.63,65732.167,4,4,65732.162,0.0,0.0,0.0,0.005,104336.773016
1798977,IT,WE,TOBAC,COMPU,0.26,65724.618,4,4,65724.614,0.0,0.0,0.0,0.004,252786.992308
1768762,IT,AU,WEARI,RETA1,0.5,65718.488,4,4,65718.476,0.0,0.0,0.0,0.012,131436.976
1776467,IT,TR,MOTOR,PLAST,0.1,65718.074,4,4,65718.069,0.0,0.0,0.0,0.005,657180.74
1647286,IT,BE,LANDT,COMPU,0.42,65717.632,4,4,65717.629,0.0,0.0,0.0,0.003,156470.552381
1670405,IT,FI,FOOD5,RAWMI,0.32,65715.827,4,4,65715.821,0.0,0.0,0.0,0.006,205361.959375
1682911,IT,HR,NAPHT,ELEC4,0.11,65713.441,4,4,65713.436,0.0,0.0,0.0,0.005,597394.918182
1766989,IT,RU,MOTO1,RENTI,0.35,65704.347,4,4,65704.343,0.0,0.0,0.0,0.004,187726.705714
1799335,IT,WE,WOODW,FABRI,0.18,65702.429,4,4,65702.425,0.0,0.0,0.0,0.004,365013.494444
1752386,IT,CA,VEGE1,MEATC,0.2,65700.534,4,4,65700.52,0.0,0.0,0.0,0.014,328502.67
1782321,IT,NO,NONF1,MACHI,0.01,65695.014,3,3,65695.014,0.0,0.0,0.0,0.0,6569501.4
1769527,IT,AU,ALUM1,PRINT,0.11,65691.639,4,4,65691.634,0.0,0.0,0.0,0.005,597196.718182
1813423,IT,WM,FURNI,FOOD4,0.21,65690.721,4,4,65690.715,0.0,0.0,0.0,0.006,312812.957143
1790548,IT,WA,NONF1,NAPHT,0.01,65683.722,3,3,65683.722,0.0,0.0,0.0,0.0,6568372.2
1761142,IT,IN,CHEM1,BIODI,0.14,65680.003,4,4,65679.996,0.0,0.0,0.0,0.007,469142.878571
1809371,IT,WM,CHEMI,SUGAR,0.16,65678.179,5,5,65675.173,0.0,0.0,3.0,0.006,410488.61875
1806862,IT,WF,RETA1,HEALT,0.69,65678.013,4,4,65678.009,0.0,0.0,0.0,0.004,95185.526087
1799838,IT,WE,GASDI,TOBAC,0.1,65675.821,4,4,65675.816,0.0,0.0,0.0,0.005,656758.21
1800184,IT,WE,PLAST,ANIMA,0.14,65675.686,4,4,65675.679,0.0,0.0,0.0,0.007,469112.042857
1640246,IT,AT,FISHF,RETA1,0.11,65673.472,4,4,65673.47,0.0,0.0,0.0,0.002,597031.563636
1649389,IT,BG,CHEM1,SANDC,0.14,65673.366,4,4,65673.359,0.0,0.0,0.0,0.007,469095.471429
1722958,IT,PT,HEAVY,PLAST,0.11,65671.557,4,4,65671.552,0.0,0.0,0.0,0.005,597014.154545
1757616,IT,BR,GASDI,TRAN2,0.1,65670.618,4,4,65670.613,0.0,0.0,0.0,0.005,656706.18
1794241,IT,WL,MOTOR,WHEAT,0.1,65668.672,4,4,65668.667,0.0,0.0,0.0,0.005,656686.72
1744929,IT,US,BUSIN,MEDIC,0.67,65667.559,4,4,65667.554,0.0,0.0,0.0,0.005,98011.28209
1721137,IT,PL,RAILW,PLAST,0.44,65662.833,4,4,65662.83,0.0,0.0,0.0,0.003,149233.711364
1755455,IT,KR,PLAST,TEXTI,0.14,65661.54,4,4,65661.533,0.0,0.0,0.0,0.007,469011.0
1682694,IT,HR,GASDI,VEGET,0.1,65660.857,4,4,65660.852,0.0,0.0,0.0,0.005,656608.57
1782156,IT,NO,NONME,GLASS,0.13,65657.687,4,4,65657.68,0.0,0.0,0.0,0.007,505059.130769
1653763,IT,CZ,COPP1,ELEC3,0.17,65655.541,4,4,65655.538,0.0,0.0,0.0,0.003,386209.064706
1804800,IT,WF,NAPHT,PREC1,0.11,65652.371,4,4,65652.366,0.0,0.0,0.0,0.005,596839.736364
1719092,IT,PL,NONSP,GASDI,0.09,65645.757,4,4,65645.753,0.0,0.0,0.0,0.004,729397.3
1805331,IT,WF,RUBBE,IRONO,0.22,65644.508,4,4,65644.502,0.0,0.0,0.0,0.006,298384.127273
1742695,IT,US,NONF1,HOTEL,0.01,65641.941,3,3,65641.941,0.0,0.0,0.0,0.0,6564194.1
1649547,IT,BG,RUBBE,FOUND,0.22,65638.028,4,4,65638.022,0.0,0.0,0.0,0.006,298354.672727
1725052,IT,RO,OILSE,MEAT4,0.05,65633.816,4,4,65633.813,0.0,0.0,0.0,0.003,1312676.32
1723990,IT,PT,SALEM,HEALT,0.53,65633.339,4,4,65633.335,0.0,0.0,0.0,0.004,123836.488679
1787125,IT,ZA,BUSIN,REALE,0.67,65632.985,4,4,65632.98,0.0,0.0,0.0,0.005,97959.679104
1679553,IT,GR,RUBBE,PULP5,0.22,65628.276,4,4,65628.27,0.0,0.0,0.0,0.006,298310.345455
1791269,IT,WA,CONST,MEAT4,0.37,65627.482,4,4,65627.478,0.0,0.0,0.0,0.004,177371.572973
1768703,IT,AU,TEXTI,EDUCA,0.39,65626.737,4,4,65626.728,0.0,0.0,0.0,0.009,168273.684615
1804516,IT,WF,GASDI,MOTO1,0.1,65611.047,4,4,65611.042,0.0,0.0,0.0,0.005,656110.47
1781335,IT,NO,VEGE1,HEALT,0.2,65610.558,4,4,65610.544,0.0,0.0,0.0,0.014,328052.79
1650924,IT,BG,SEACO,MACHI,0.07,65610.221,3,3,65610.221,0.0,0.0,0.0,0.0,937288.871429
1780295,IT,TW,LANDT,REALE,0.42,65609.622,4,4,65609.619,0.0,0.0,0.0,0.003,156213.385714
1747452,IT,JP,SEACO,TEXTI,0.07,65609.621,3,3,65609.621,0.0,0.0,0.0,0.0,937280.3
1743722,IT,US,LANDT,VEGET,0.42,65608.894,4,4,65608.891,0.0,0.0,0.0,0.003,156211.652381
1749572,IT,CN,PLAST,TRANS,0.14,65602.751,4,4,65602.744,0.0,0.0,0.0,0.007,468591.078571
1786930,IT,ZA,AIRTR,COMPU,0.07,65600.254,4,4,65600.252,0.0,0.0,0.0,0.002,937146.485714
1782088,IT,NO,GLASS,HOTEL,0.18,65599.916,4,4,65599.912,0.0,0.0,0.0,0.004,364443.977778
1789063,IT,WA,NAPHT,BUSIN,0.11,65597.667,4,4,65597.662,0.0,0.0,0.0,0.005,596342.427273
1739651,IT,GB,AIRTR,CONST,0.07,65596.931,4,4,65596.929,0.0,0.0,0.0,0.002,937099.014286
1737464,IT,GB,LEATH,MOTO1,0.47,65593.008,4,4,65592.997,0.0,0.0,0.0,0.011,139559.591489
1651595,IT,CY,GLASS,HOTEL,0.18,65590.84,4,4,65590.836,0.0,0.0,0.0,0.004,364393.555556
1659541,IT,DE,RETA1,RESEA,0.68,65587.322,4,4,65587.318,0.0,0.0,0.0,0.004,96451.944118
1769774,IT,AU,MACHI,ALUM1,0.37,65582.921,4,4,65582.916,0.0,0.0,0.0,0.005,177251.137838
1726989,IT,RO,HOTEL,COLLE,0.48,65579.273,4,4,65579.268,0.0,0.0,0.0,0.005,136623.485417
1661612,IT,DK,BEVER,PRIVA,0.28,65573.704,4,4,65573.7,0.0,0.0,0.0,0.004,234191.8
1745627,IT,JP,TEXTI,WOODW,0.39,65569.913,4,4,65569.904,0.0,0.0,0.0,0.009,168127.982051
1653911,IT,CZ,FABRI,COMPU,0.27,65569.46,4,4,65569.455,0.0,0.0,0.0,0.005,242849.851852
1681769,IT,HR,SANDC,BUSIN,0.15,65569.326,5,5,65555.324,0.0,0.0,14.0,0.002,437128.84
1739237,IT,GB,RETA1,FOOD2,0.68,65567.212,4,4,65567.208,0.0,0.0,0.0,0.004,96422.370588
1738555,IT,GB,FABRI,FISH5,0.27,65564.525,4,4,65564.52,0.0,0.0,0.0,0.005,242831.574074
1658374,IT,DE,FABRI,OILSE,0.27,65563.154,4,4,65563.149,0.0,0.0,0.0,0.005,242826.496296
1720361,IT,PL,FABRI,FOOD4,0.27,65562.953,4,4,65562.948,0.0,0.0,0.0,0.005,242825.751852
1799940,IT,WE,HEAVY,ALUMI,0.11,65561.744,4,4,65561.739,0.0,0.0,0.0,0.005,596015.854545
1790722,IT,WA,FABRI,MEMBE,0.27,65561.077,4,4,65561.072,0.0,0.0,0.0,0.005,242818.803704
1644398,IT,BE,MEATC,PLAS2,0.22,65555.502,5,5,65554.498,0.0,1.0,0.0,0.004,297979.554545
1653697,IT,CZ,LEAD1,MACHI,0.11,65554.759,4,4,65554.753,0.0,0.0,0.0,0.006,595952.354545
1771817,IT,CH,WOODW,BEVER,0.18,65549.468,4,4,65549.464,0.0,0.0,0.0,0.004,364163.711111
1726243,IT,RO,NONME,WHOLE,0.13,65549.25,4,4,65549.243,0.0,0.0,0.0,0.007,504225.0
1788448,IT,WA,PULP5,PULP5,0.2,65546.909,4,4,65546.903,0.0,0.0,0.0,0.006,327734.545
1811627,IT,WM,CHEM1,WHITE,0.14,65546.209,4,4,65546.202,0.0,0.0,0.0,0.007,468187.207143
1763460,IT,MX,PLAST,PRINT,0.14,65545.032,4,4,65545.025,0.0,0.0,0.0,0.007,468178.8
1645823,IT,BE,RUBBE,INERT,0.22,65543.117,4,4,65543.111,0.0,0.0,0.0,0.006,297923.259091
1743170,IT,US,MOTO1,PLAS1,0.35,65526.208,4,4,65526.204,0.0,0.0,0.0,0.004,187217.737143
1738606,IT,GB,FABRI,FINAN,0.27,65521.649,4,4,65521.644,0.0,0.0,0.0,0.005,242672.774074
1813331,IT,WM,FURNI,CRUDE,0.21,65521.352,4,4,65521.346,0.0,0.0,0.0,0.006,312006.438095
1757858,IT,BR,CHEM1,TOBAC,0.14,65520.639,4,4,65520.632,0.0,0.0,0.0,0.007,468004.564286
1764171,IT,MX,MACHI,CROPS,0.37,65520.226,4,4,65520.221,0.0,0.0,0.0,0.005,177081.691892
1723733,IT,PT,MACHI,POSTT,0.37,65517.779,4,4,65517.774,0.0,0.0,0.0,0.005,177075.078378
1809985,IT,WM,FISH5,93197,0.28,65515.278,4,4,65515.244,0.0,0.0,0.0,0.034,233983.135714
1749794,IT,CN,BIOGA,LANDT,0.14,65510.192,4,4,65510.185,0.0,0.0,0.0,0.007,467929.942857
1738249,IT,GB,CEMEN,REALE,0.1,65509.563,4,4,65509.56,0.0,0.0,0.0,0.003,655095.63
1763114,IT,MX,WEARI,CONST,0.49,65509.401,4,4,65509.389,0.0,0.0,0.0,0.012,133692.655102
1811874,IT,WM,RUBBE,ETHAN,0.22,65508.389,4,4,65508.383,0.0,0.0,0.0,0.006,297765.404545
1669981,IT,ES,EDUCA,BUSIN,1.63,65506.539,4,4,65506.534,0.0,0.0,0.0,0.005,40188.060736
1645944,IT,BE,CERAM,FURNI,0.1,65505.793,4,4,65505.789,0.0,0.0,0.0,0.004,655057.93
1738370,IT,GB,PREC1,BIODI,0.11,65503.258,4,4,65503.255,0.0,0.0,0.0,0.003,595484.163636
1739661,IT,GB,AIRTR,AUXIL,0.07,65503.066,4,4,65503.064,0.0,0.0,0.0,0.002,935758.085714
1661343,IT,DK,MEATC,WEARI,0.22,65502.902,5,5,65501.898,0.0,1.0,0.0,0.004,297740.463636
1802286,IT,WE,LANDT,SALEM,0.42,65500.74,4,4,65500.737,0.0,0.0,0.0,0.003,155954.142857
1783719,IT,NO,FOOD4,WHOLE,0.47,65498.1,4,4,65498.096,0.0,0.0,0.0,0.004,139357.659574
1773180,IT,CH,FABRI,CHEMI,0.27,65495.021,4,4,65495.016,0.0,0.0,0.0,0.005,242574.151852
1805714,IT,WF,BASIC,HEAVY,0.08,65489.604,4,4,65489.6,0.0,0.0,0.0,0.004,818620.05
1728254,IT,SE,BEVER,PIGS9,0.28,65488.732,4,4,65488.728,0.0,0.0,0.0,0.004,233888.328571
1740128,IT,GB,COMPU,ELECT,0.75,65487.717,4,4,65487.713,0.0,0.0,0.0,0.004,87316.956
1648556,IT,BG,CRUDE,PFERT,0.13,65485.877,4,4,65485.871,0.0,0.0,0.0,0.006,503737.515385
1799813,IT,WE,GASDI,LIGNI,0.1,65481.413,4,4,65481.408,0.0,0.0,0.0,0.005,654814.13
1765546,IT,RU,LEATH,PRINT,0.47,65480.245,4,4,65480.234,0.0,0.0,0.0,0.011,139319.670213
1734786,IT,SK,WOODW,ELEC7,0.18,65479.909,4,4,65479.905,0.0,0.0,0.0,0.004,363777.272222
1647106,IT,BE,HOTEL,MACHI,0.47,65476.918,4,4,65476.913,0.0,0.0,0.0,0.005,139312.591489
1670810,IT,FI,MOTOR,GASDI,0.1,65472.581,4,4,65472.576,0.0,0.0,0.0,0.005,654725.81
1813946,IT,WM,SEACO,CEREA,0.07,65472.158,3,3,65472.158,0.0,0.0,0.0,0.0,935316.542857
1742914,IT,US,MACHI,PREC1,0.37,65460.797,4,4,65460.792,0.0,0.0,0.0,0.005,176921.072973
1765197,IT,MX,BUSIN,POSTT,0.67,65459.64,4,4,65459.635,0.0,0.0,0.0,0.005,97700.955224
1644457,IT,BE,VEGE1,PLAST,0.2,65459.373,4,4,65459.359,0.0,0.0,0.0,0.014,327296.865
1778000,IT,TR,MACHI,PAPE4,0.37,65458.893,4,4,65458.888,0.0,0.0,0.0,0.005,176915.927027
1642670,IT,AT,FABRI,INSUR,0.27,65458.042,4,4,65458.037,0.0,0.0,0.0,0.005,242437.192593
1721433,IT,PL,AIRTR,PRINT,0.07,65455.383,4,4,65455.381,0.0,0.0,0.0,0.002,935076.9
1641017,IT,AT,PULP5,LIQUE,0.2,65453.398,4,4,65453.392,0.0,0.0,0.0,0.006,327266.99
1655968,IT,DE,FOOD5,LEATH,0.31,65453.019,4,4,65453.013,0.0,0.0,0.0,0.006,211138.770968
1813654,IT,WM,RETA1,LIQUE,0.68,65447.069,4,4,65447.065,0.0,0.0,0.0,0.004,96245.689706
1747300,IT,JP,WHOLE,ELEC5,0.57,65446.454,4,4,65446.45,0.0,0.0,0.0,0.004,114818.340351
1662710,IT,DK,MACHI,PAPE1,0.37,65437.756,4,4,65437.751,0.0,0.0,0.0,0.005,176858.8
1733004,IT,SI,LEAD1,MACHI,0.11,65437.41,4,4,65437.404,0.0,0.0,0.0,0.006,594885.545455
1664429,IT,EE,MACHI,TRAN1,0.37,65434.655,4,4,65434.65,0.0,0.0,0.0,0.005,176850.418919
1718067,IT,PL,MEATP,HOTEL,0.27,65433.498,4,4,65433.491,0.0,0.0,0.0,0.007,242346.288889
1809067,IT,WM,OILSE,EDUCA,0.05,65431.08,4,4,65431.077,0.0,0.0,0.0,0.003,1308621.6
1762757,IT,IN,BUSIN,ELEC4,0.67,65430.689,4,4,65430.684,0.0,0.0,0.0,0.005,97657.744776
1799239,IT,WE,LEATH,WOODW,0.47,65427.127,4,4,65427.116,0.0,0.0,0.0,0.011,139206.653191
1776840,IT,TR,BITU1,MOTOR,0.1,65426.185,4,4,65426.18,0.0,0.0,0.0,0.005,654261.85
1740023,IT,GB,RENTI,NATUR,0.39,65417.028,4,4,65417.024,0.0,0.0,0.0,0.004,167735.969231
1789408,IT,WA,CHEM1,BIOG1,0.14,65415.538,4,4,65415.531,0.0,0.0,0.0,0.007,467253.842857
1644935,IT,BE,WOODW,SUGA1,0.18,65413.69,4,4,65413.686,0.0,0.0,0.0,0.004,363409.388889
1729975,IT,SE,CONST,BUSIN,0.37,65410.337,4,4,65410.334,0.0,0.0,0.0,0.003,176784.694595
1725073,IT,RO,CROPS,FOOD5,0.52,65405.771,4,4,65405.767,0.0,0.0,0.0,0.004,125780.328846
1733708,IT,SI,RAILW,SUPPO,0.44,65399.332,4,4,65399.329,0.0,0.0,0.0,0.003,148634.845455
1782536,IT,NO,OFFIC,REALE,0.2,65396.951,4,4,65396.946,0.0,0.0,0.0,0.005,326984.755
1761068,IT,IN,PLAST,POSTT,0.14,65381.555,4,4,65381.548,0.0,0.0,0.0,0.007,467011.107143
1773016,IT,CH,ALUM1,TEXTI,0.11,65377.174,4,4,65377.169,0.0,0.0,0.0,0.005,594337.945455
1679958,IT,GR,FABRI,COPP1,0.27,65373.635,4,4,65373.63,0.0,0.0,0.0,0.005,242124.574074
1754691,IT,KR,VEGE1,MOTOR,0.2,65370.668,4,4,65370.654,0.0,0.0,0.0,0.014,326853.34
1668722,IT,ES,LANDT,BITU1,0.42,65365.349,4,4,65365.346,0.0,0.0,0.0,0.003,155631.783333
1778633,IT,TR,HOTEL,RUBBE,0.47,65363.584,4,4,65363.579,0.0,0.0,0.0,0.005,139071.455319
1728039,IT,SE,CHEMI,RESEA,0.16,65357.944,5,5,65354.938,0.0,0.0,3.0,0.006,408487.15
1805133,IT,WF,PFERT,COPPE,0.03,65357.173,4,4,65357.163,0.0,0.0,0.0,0.01,2178572.433333
1644814,IT,BE,TEXTI,CHEM1,0.39,65356.398,4,4,65356.389,0.0,0.0,0.0,0.009,167580.507692
1749922,IT,CN,GLASS,NONME,0.18,65354.642,4,4,65354.638,0.0,0.0,0.0,0.004,363081.344444
1764044,IT,MX,NONF1,NONF1,0.01,65350.183,3,3,65350.183,0.0,0.0,0.0,0.0,6535018.3
1812407,IT,WM,PREC1,NATU1,0.11,65345.704,4,4,65345.701,0.0,0.0,0.0,0.003,594051.854545
1735713,IT,SK,FABRI,ELEC3,0.27,65340.289,4,4,65340.284,0.0,0.0,0.0,0.005,242001.07037
1775995,IT,TR,TEXTI,VEGET,0.39,65334.606,4,4,65334.597,0.0,0.0,0.0,0.009,167524.630769
1651703,IT,CY,FABRI,MOTO1,0.27,65323.748,4,4,65323.743,0.0,0.0,0.0,0.005,241939.807407
1640903,IT,AT,LEATH,WHOLE,0.47,65323.098,4,4,65323.087,0.0,0.0,0.0,0.011,138985.314894
1673284,IT,FR,TEXTI,CEREA,0.39,65322.94,4,4,65322.931,0.0,0.0,0.0,0.009,167494.717949
1792766,IT,WA,BUSIN,RETAI,0.67,65322.592,4,4,65322.587,0.0,0.0,0.0,0.005,97496.40597
1812613,IT,WM,LEAD1,INSUR,0.11,65317.157,4,4,65317.151,0.0,0.0,0.0,0.006,593792.336364
1677161,IT,FR,POSTT,NUCLE,1.08,65315.982,4,4,65315.977,0.0,0.0,0.0,0.005,60477.761111
1749802,IT,CN,RUBBE,POULT,0.22,65307.888,4,4,65307.882,0.0,0.0,0.0,0.006,296854.036364
1648040,IT,BE,COMPU,MOTO1,0.75,65306.965,4,4,65306.961,0.0,0.0,0.0,0.004,87075.953333
1681960,IT,HR,FOOD5,RUBBE,0.31,65305.901,4,4,65305.895,0.0,0.0,0.0,0.006,210664.196774
1781924,IT,NO,CHEM1,RAILW,0.14,65299.55,4,4,65299.543,0.0,0.0,0.0,0.007,466425.357143
1731010,IT,SE,FOOD3,DIST1,0.19,65297.769,4,4,65297.766,0.0,0.0,0.0,0.003,343672.468421
1778600,IT,TR,RETA1,93197,0.68,65292.515,4,4,65292.511,0.0,0.0,0.0,0.004,96018.404412
1785329,IT,ZA,LEATH,PUBLI,0.47,65289.122,4,4,65289.111,0.0,0.0,0.0,0.011,138913.025532
1813649,IT,WM,RETA1,MOTOR,0.68,65286.864,4,4,65286.86,0.0,0.0,0.0,0.004,96010.094118
1751418,IT,CN,SEACO,REALE,0.07,65284.892,3,3,65284.892,0.0,0.0,0.0,0.0,932641.314286
1804304,IT,WF,MOTOR,CHEM1,0.1,65283.963,4,4,65283.958,0.0,0.0,0.0,0.005,652839.63
1645525,IT,BE,PLAST,RADIO,0.14,65281.372,4,4,65281.365,0.0,0.0,0.0,0.007,466295.514286
1800573,IT,WE,GLASS,POULT,0.18,65277.651,4,4,65277.647,0.0,0.0,0.0,0.004,362653.616667
1747097,IT,JP,FURNI,LANDT,0.21,65275.95,4,4,65275.944,0.0,0.0,0.0,0.006,310837.857143
1805792,IT,WF,PREC1,WEARI,0.11,65274.725,4,4,65274.722,0.0,0.0,0.0,0.003,593406.590909
1719470,IT,PL,RUBBE,PAPE4,0.22,65252.874,4,4,65252.868,0.0,0.0,0.0,0.006,296603.972727
1655184,IT,CZ,BUSIN,LANDT,0.67,65244.741,4,4,65244.736,0.0,0.0,0.0,0.005,97380.210448
1765425,IT,RU,TEXTI,PFERT,0.39,65243.041,4,4,65243.032,0.0,0.0,0.0,0.009,167289.848718
1644283,IT,BE,CROPS,BUSIN,0.52,65242.217,4,4,65242.213,0.0,0.0,0.0,0.004,125465.801923
1723830,IT,PT,MOTO1,CONST,0.35,65240.344,4,4,65240.34,0.0,0.0,0.0,0.004,186400.982857
1760152,IT,BR,WASTE,NATU1,0.21,65239.958,4,4,65239.954,0.0,0.0,0.0,0.004,310666.466667
1643146,IT,AT,RETA1,TRANS,0.68,65237.111,4,4,65237.107,0.0,0.0,0.0,0.004,95936.927941
1731584,IT,SI,TEXTI,REALE,0.39,65236.553,4,4,65236.544,0.0,0.0,0.0,0.009,167273.212821
1768506,IT,AU,FOOD5,FISH5,0.31,65236.438,4,4,65236.432,0.0,0.0,0.0,0.006,210440.122581
1716199,IT,NL,ALUM1,SECO9,0.11,65231.443,4,4,65231.438,0.0,0.0,0.0,0.005,593013.118182
1740693,IT,US,CHEMI,NATUR,0.16,65231.368,5,5,65228.362,0.0,0.0,3.0,0.006,407696.05
1663638,IT,DK,BUSIN,DIST1,0.67,65231.28,4,4,65231.275,0.0,0.0,0.0,0.005,97360.119403
1747575,IT,JP,AIRTR,ALUM1,0.07,65228.357,4,4,65228.355,0.0,0.0,0.0,0.002,931833.671429
1661989,IT,DK,PETRO,RESEA,0.11,65228.309,4,4,65228.304,0.0,0.0,0.0,0.005,592984.627273
1759926,IT,BR,PLAS1,ANIMA,0.23,65227.043,4,4,65227.039,0.0,0.0,0.0,0.004,283595.83913
1797245,IT,WL,FINAN,AUXIL,0.85,65225.39,4,4,65225.388,0.0,0.0,0.0,0.002,76735.752941
1738252,IT,GB,CEMEN,RESEA,0.1,65216.769,4,4,65216.766,0.0,0.0,0.0,0.003,652167.69
1715530,IT,NL,GASDI,TRANS,0.1,65215.366,4,4,65215.361,0.0,0.0,0.0,0.005,652153.66
1683244,IT,HR,CERAM,RADIO,0.1,65214.017,4,4,65214.013,0.0,0.0,0.0,0.004,652140.17
1797426,IT,WL,COMPU,HOTEL,0.74,65209.777,4,4,65209.773,0.0,0.0,0.0,0.004,88121.32027
1723542,IT,PT,NONF1,LEAD1,0.01,65208.224,3,3,65208.224,0.0,0.0,0.0,0.0,6520822.4
1686761,IT,HU,NONF1,MACHI,0.01,65197.11,3,3,65197.11,0.0,0.0,0.0,0.0,6519711.0
1746727,IT,JP,FABRI,SALEM,0.27,65194.376,4,4,65194.371,0.0,0.0,0.0,0.005,241460.651852
1769175,IT,AU,CHEM1,FURNI,0.14,65188.058,4,4,65188.051,0.0,0.0,0.0,0.007,465628.985714
1726926,IT,RO,HOTEL,COPPE,0.47,65183.117,4,4,65183.112,0.0,0.0,0.0,0.005,138687.482979
1805982,IT,WF,COPP1,FOOD5,0.16,65182.657,4,4,65182.654,0.0,0.0,0.0,0.003,407391.60625
1772673,IT,CH,GLASS,RECRE,0.18,65180.621,4,4,65180.617,0.0,0.0,0.0,0.004,362114.561111
1668439,IT,ES,RETA1,SEACO,0.68,65176.932,4,4,65176.928,0.0,0.0,0.0,0.004,95848.429412
1804944,IT,WF,NONSP,KEROS,0.09,65174.063,4,4,65174.059,0.0,0.0,0.0,0.004,724156.255556
1673227,IT,FR,FISH5,MEAT4,0.27,65173.579,4,4,65173.545,0.0,0.0,0.0,0.034,241383.625926
1777476,IT,TR,BASIC,WEARI,0.08,65171.649,4,4,65171.645,0.0,0.0,0.0,0.004,814645.6125
1721194,IT,PL,LANDT,POULT,0.42,65169.969,4,4,65169.966,0.0,0.0,0.0,0.003,155166.592857
1773415,IT,CH,OFFIC,DAIRY,0.2,65168.63,4,4,65168.625,0.0,0.0,0.0,0.005,325843.15
1801433,IT,WE,MOTO1,COKIN,0.35,65168.215,4,4,65168.211,0.0,0.0,0.0,0.004,186194.9
1787695,IT,WA,VEGE1,PROCE,0.2,65163.85,4,4,65163.836,0.0,0.0,0.0,0.014,325819.25
1650299,IT,BG,ELEC2,OILSE,0.02,65153.163,4,4,65153.156,0.0,0.0,0.0,0.007,3257658.15
1640566,IT,AT,FOOD5,TRANS,0.31,65151.08,4,4,65151.074,0.0,0.0,0.0,0.006,210164.774194
1660203,IT,DE,SUPPO,RENTI,0.47,65147.818,4,4,65147.815,0.0,0.0,0.0,0.003,138612.378723
1658455,IT,DE,FABRI,SECO9,0.27,65146.286,4,4,65146.281,0.0,0.0,0.0,0.005,241282.540741
1713086,IT,MT,PROCE,RAILW,0.44,65145.779,4,4,65145.775,0.0,0.0,0.0,0.004,148058.588636
1717683,IT,NL,BUSIN,TRANS,0.67,65143.093,4,4,65143.089,0.0,0.0,0.0,0.004,97228.497015
1773616,IT,CH,TRANS,WHOLE,0.39,65136.137,4,4,65136.133,0.0,0.0,0.0,0.004,167015.735897
1794114,IT,WL,PAPER,MOTO1,0.25,65129.716,5,5,65128.71,0.0,1.0,0.0,0.006,260518.864
1766057,IT,RU,CHEM1,FOOD4,0.14,65112.969,4,4,65112.962,0.0,0.0,0.0,0.007,465092.635714
1785582,IT,ZA,GASDI,NICKE,0.1,65107.833,4,4,65107.828,0.0,0.0,0.0,0.005,651078.33
1809280,IT,WM,CRUDE,BUSIN,0.13,65107.39,4,4,65107.384,0.0,0.0,0.0,0.006,500826.076923
1652709,IT,CZ,PAPER,MOTOR,0.25,65106.555,5,5,65105.549,0.0,1.0,0.0,0.006,260426.22
1673930,IT,FR,MOTOR,FINAN,0.1,65103.654,4,4,65103.649,0.0,0.0,0.0,0.005,651036.54
1729015,IT,SE,RUBBE,FISHF,0.22,65096.696,4,4,65096.69,0.0,0.0,0.0,0.006,295894.072727
1733232,IT,SI,MACHI,ELEC4,0.36,65094.619,4,4,65094.614,0.0,0.0,0.0,0.005,180818.386111
1657999,IT,DE,PREC1,BEVER,0.11,65093.265,4,4,65093.262,0.0,0.0,0.0,0.003,591756.954545
1805730,IT,WF,BASIC,LEAD1,0.07,65081.855,4,4,65081.851,0.0,0.0,0.0,0.004,929740.785714
1677106,IT,FR,SUPPO,BUSIN,0.47,65075.917,4,4,65075.914,0.0,0.0,0.0,0.003,138459.397872
1780621,IT,TW,INSUR,CONST,1.34,65066.847,4,4,65066.844,0.0,0.0,0.0,0.003,48557.348507
1662709,IT,DK,MACHI,FOODW,0.36,65062.059,4,4,65062.054,0.0,0.0,0.0,0.005,180727.941667
1759111,IT,BR,AIRTR,REFI1,0.07,65059.864,4,4,65059.862,0.0,0.0,0.0,0.002,929426.628571
1750092,IT,CN,BASIC,ELEC2,0.07,65057.116,4,4,65057.112,0.0,0.0,0.0,0.004,929387.371429
1750287,IT,CN,NONF1,PRINT,0.01,65052.107,3,3,65052.107,0.0,0.0,0.0,0.0,6505210.7
1735820,IT,SK,MACHI,ELEC3,0.36,65049.829,4,4,65049.824,0.0,0.0,0.0,0.005,180693.969444
1783801,IT,NO,INERT,ALUM1,0.48,65049.318,4,4,65049.314,0.0,0.0,0.0,0.004,135519.4125
1648990,IT,BG,LEATH,TRAN2,0.47,65046.739,4,4,65046.728,0.0,0.0,0.0,0.011,138397.317021
1802042,IT,WE,WHOLE,HOTEL,0.56,65039.396,4,4,65039.392,0.0,0.0,0.0,0.004,116141.778571
1651538,IT,CY,RUBBE,CHEM1,0.22,65038.636,4,4,65038.63,0.0,0.0,0.0,0.006,295630.163636
1757969,IT,BR,RUBBE,CROPS,0.22,65037.291,4,4,65037.285,0.0,0.0,0.0,0.006,295624.05
1710828,IT,LU,PAPER,CONST,0.25,65036.915,5,5,65035.909,0.0,1.0,0.0,0.006,260147.66
1794251,IT,WL,MOTOR,MEATA,0.1,65029.401,4,4,65029.396,0.0,0.0,0.0,0.005,650294.01
1750125,IT,CN,PREC1,PFERT,0.11,65029.116,4,4,65029.113,0.0,0.0,0.0,0.003,591173.781818
1756000,IT,KR,COPP1,BASIC,0.16,65028.77,4,4,65028.767,0.0,0.0,0.0,0.003,406429.8125
1751390,IT,CN,SEACO,FOUND,0.07,65026.501,3,3,65026.501,0.0,0.0,0.0,0.0,928950.014286
1785888,IT,ZA,ADDIT,MACHI,0.15,65020.77,4,4,65020.765,0.0,0.0,0.0,0.005,433471.8
1786180,IT,ZA,PREC1,MACHI,0.11,65016.736,4,4,65016.733,0.0,0.0,0.0,0.003,591061.236364
1749180,IT,CN,PULP5,ALUM1,0.2,65014.84,4,4,65014.834,0.0,0.0,0.0,0.006,325074.2
1670979,IT,FI,CHEM1,REALE,0.14,65014.03,4,4,65014.023,0.0,0.0,0.0,0.007,464385.928571
1718747,IT,PL,PULP5,TRAN2,0.2,65010.989,4,4,65010.983,0.0,0.0,0.0,0.006,325054.945
1777092,IT,TR,CHEM1,POSTT,0.14,65001.298,4,4,65001.291,0.0,0.0,0.0,0.007,464294.985714
1764338,IT,MX,OFFIC,POSTT,0.2,65000.952,4,4,65000.947,0.0,0.0,0.0,0.005,325004.76
1735698,IT,SK,FABRI,LEAD1,0.26,64998.731,4,4,64998.726,0.0,0.0,0.0,0.005,249995.119231
1718921,IT,PL,PRINT,CEMEN,0.62,64997.491,4,4,64997.486,0.0,0.0,0.0,0.005,104834.662903
1785320,IT,ZA,LEATH,RADIO,0.47,64993.637,4,4,64993.626,0.0,0.0,0.0,0.011,138284.334043
1757248,IT,BR,VEGE1,CERAM,0.2,64988.708,4,4,64988.694,0.0,0.0,0.0,0.014,324943.54
1719125,IT,PL,PLAST,MEATP,0.14,64986.604,4,4,64986.597,0.0,0.0,0.0,0.007,464190.028571
1804717,IT,WF,LIQUE,WHOLE,0.11,64986.412,4,4,64986.407,0.0,0.0,0.0,0.005,590785.563636
1805547,IT,WF,BRICK,NONFE,0.1,64983.649,4,4,64983.645,0.0,0.0,0.0,0.004,649836.49
1689832,IT,IE,INSUR,SALEM,1.34,64976.533,4,4,64976.53,0.0,0.0,0.0,0.003,48489.95
1735045,IT,SK,CHEM1,SUGAR,0.14,64970.75,4,4,64970.743,0.0,0.0,0.0,0.007,464076.785714
1686313,IT,HU,NONME,FOOD5,0.13,64966.014,4,4,64966.007,0.0,0.0,0.0,0.007,499738.569231
1683797,IT,HR,OFFIC,ELECT,0.2,64961.861,4,4,64961.856,0.0,0.0,0.0,0.005,324809.305
1812870,IT,WM,FABRI,COLLE,0.26,64961.018,4,4,64961.013,0.0,0.0,0.0,0.005,249850.069231
1675805,IT,FR,FURNI,FOOD2,0.21,64958.23,4,4,64958.224,0.0,0.0,0.0,0.006,309324.904762
1671345,IT,FI,COPP1,PLAST,0.16,64956.457,4,4,64956.454,0.0,0.0,0.0,0.003,405977.85625
1752802,IT,CA,PAPER,BEVER,0.25,64953.767,5,5,64952.761,0.0,1.0,0.0,0.006,259815.068
1807341,IT,WF,POSTT,BUSIN,1.07,64951.901,4,4,64951.896,0.0,0.0,0.0,0.005,60702.711215
1646191,IT,BE,ALUM1,NONF1,0.11,64950.569,4,4,64950.564,0.0,0.0,0.0,0.005,590459.718182
1786890,IT,ZA,SEACO,COMPU,0.07,64949.83,3,3,64949.83,0.0,0.0,0.0,0.0,927854.714286
1755487,IT,KR,PLAST,REALE,0.14,64949.511,4,4,64949.504,0.0,0.0,0.0,0.007,463925.078571
1806899,IT,WF,HOTEL,LANDT,0.47,64945.409,4,4,64945.404,0.0,0.0,0.0,0.005,138181.721277
1675697,IT,FR,TRANS,INTER,0.39,64944.499,4,4,64944.495,0.0,0.0,0.0,0.004,166524.35641
1650117,IT,BG,OFFIC,WHOLE,0.2,64939.925,4,4,64939.92,0.0,0.0,0.0,0.005,324699.625
1742759,IT,US,FABRI,GLASS,0.26,64934.61,4,4,64934.605,0.0,0.0,0.0,0.005,249748.5
1758505,IT,BR,MACHI,COPP1,0.36,64934.487,4,4,64934.482,0.0,0.0,0.0,0.005,180373.575
1740618,IT,US,CRUDE,NATU1,0.13,64933.598,4,4,64933.592,0.0,0.0,0.0,0.006,499489.215385
1806416,IT,WF,MOTO1,RECRE,0.35,64921.924,4,4,64921.92,0.0,0.0,0.0,0.004,185491.211429
1796952,IT,WL,AIRTR,KEROS,0.07,64911.015,4,4,64911.013,0.0,0.0,0.0,0.002,927300.214286
1798438,IT,WE,NATUR,KEROS,0.09,64905.655,4,4,64905.651,0.0,0.0,0.0,0.004,721173.944444
1680248,IT,GR,TRANS,SUPPO,0.39,64900.919,4,4,64900.915,0.0,0.0,0.0,0.004,166412.612821
1743704,IT,US,RAILW,SUPPO,0.43,64899.805,4,4,64899.802,0.0,0.0,0.0,0.003,150929.77907
1748781,IT,CN,TEXTI,PRINT,0.38,64895.852,4,4,64895.843,0.0,0.0,0.0,0.009,170778.557895
1675551,IT,FR,MOTO1,MEATC,0.35,64891.489,4,4,64891.485,0.0,0.0,0.0,0.004,185404.254286
1790754,IT,WA,MACHI,COPPE,0.36,64891.285,4,4,64891.28,0.0,0.0,0.0,0.005,180253.569444
1798966,IT,WE,TOBAC,PAPER,0.26,64889.902,4,4,64889.898,0.0,0.0,0.0,0.004,249576.546154
1812419,IT,WM,PREC1,FOOD5,0.11,64889.815,4,4,64889.812,0.0,0.0,0.0,0.003,589907.409091
1648698,IT,BG,FOOD5,MEATC,0.31,64885.867,4,4,64885.861,0.0,0.0,0.0,0.006,209309.248387
1709408,IT,LT,BEVER,LANDT,0.28,64883.977,4,4,64883.973,0.0,0.0,0.0,0.004,231728.489286
1663942,IT,EE,WOODW,HOTEL,0.18,64883.498,4,4,64883.494,0.0,0.0,0.0,0.004,360463.877778
1801600,IT,WE,TRANS,SALEM,0.39,64880.014,4,4,64880.01,0.0,0.0,0.0,0.004,166359.010256
1802708,IT,WE,COMPU,POSTT,0.74,64876.485,4,4,64876.481,0.0,0.0,0.0,0.004,87670.925676
1810711,IT,WM,MOTOR,COPP1,0.1,64874.919,4,4,64874.914,0.0,0.0,0.0,0.005,648749.19
1673171,IT,FR,BEVER,ELECT,0.28,64871.912,4,4,64871.908,0.0,0.0,0.0,0.004,231685.4
1807056,IT,WF,SEACO,CEREA,0.07,64867.386,3,3,64867.386,0.0,0.0,0.0,0.0,926676.942857
1662199,IT,DK,RUBBE,PRIVA,0.21,64864.054,4,4,64864.048,0.0,0.0,0.0,0.006,308876.447619
1777750,IT,TR,NONF1,ELEC4,0.01,64863.874,3,3,64863.874,0.0,0.0,0.0,0.0,6486387.4
1768421,IT,AU,DAIRY,CEREA,0.26,64861.962,4,4,64861.958,0.0,0.0,0.0,0.004,249469.084615
1790292,IT,WA,ALUM1,MEATC,0.11,64858.145,4,4,64858.14,0.0,0.0,0.0,0.005,589619.5
1649070,IT,BG,PAPER,MEAT1,0.25,64855.561,5,5,64854.555,0.0,1.0,0.0,0.006,259422.244
1789453,IT,WA,ADDIT,SUGAR,0.15,64852.224,4,4,64852.219,0.0,0.0,0.0,0.005,432348.16
1650159,IT,BG,MOTO1,COPP1,0.35,64842.192,4,4,64842.188,0.0,0.0,0.0,0.004,185263.405714
1733787,IT,SI,LANDT,DIST1,0.42,64841.286,4,4,64841.283,0.0,0.0,0.0,0.003,154384.014286
1737634,IT,GB,PAPER,LANDT,0.25,64840.897,5,5,64839.891,0.0,1.0,0.0,0.006,259363.588
1670461,IT,FI,BEVER,RAWMI,0.28,64837.268,4,4,64837.264,0.0,0.0,0.0,0.004,231561.671429
1667087,IT,ES,NONME,RENTI,0.13,64835.085,4,4,64835.078,0.0,0.0,0.0,0.007,498731.423077
1669071,IT,ES,SUPPO,ELEC5,0.47,64830.542,4,4,64830.539,0.0,0.0,0.0,0.003,137937.323404
1687467,IT,HU,RAILW,RAILW,0.43,64828.57,4,4,64828.567,0.0,0.0,0.0,0.003,150764.116279
1746648,IT,JP,COPP1,OFFIC,0.16,64825.294,4,4,64825.291,0.0,0.0,0.0,0.003,405158.0875
1715819,IT,NL,RUBBE,MOTOR,0.21,64821.78,4,4,64821.774,0.0,0.0,0.0,0.006,308675.142857
1753129,IT,CA,RUBBE,MEDIC,0.21,64820.436,4,4,64820.43,0.0,0.0,0.0,0.006,308668.742857
1765488,IT,RU,WEARI,PFERT,0.49,64820.289,4,4,64820.277,0.0,0.0,0.0,0.012,132286.304082
1666256,IT,ES,HEAVY,SALEM,0.1,64819.067,4,4,64819.062,0.0,0.0,0.0,0.005,648190.67
1738746,IT,GB,MACHI,INERT,0.36,64815.815,4,4,64815.81,0.0,0.0,0.0,0.005,180043.930556
1676466,IT,FR,RETA1,CEMEN,0.68,64809.028,4,4,64809.024,0.0,0.0,0.0,0.004,95307.394118
1776817,IT,TR,NAPHT,DIST1,0.11,64806.057,4,4,64806.052,0.0,0.0,0.0,0.005,589145.972727
1684722,IT,HU,VEGET,PLAST,0.23,64806.032,4,4,64806.029,0.0,0.0,0.0,0.003,281765.356522
1674888,IT,FR,NONME,PLAS1,0.13,64803.948,4,4,64803.941,0.0,0.0,0.0,0.007,498491.907692
1671330,IT,FI,ALUM1,CONST,0.11,64798.906,4,4,64798.901,0.0,0.0,0.0,0.005,589080.963636
1732322,IT,SI,NAPHT,MOTO1,0.11,64794.929,4,4,64794.924,0.0,0.0,0.0,0.005,589044.809091
1717890,IT,PL,CATTL,MEATC,0.14,64793.256,5,5,64791.252,0.0,2.0,0.0,0.004,462808.971429
1663860,IT,EE,TEXTI,RENTI,0.38,64792.49,4,4,64792.481,0.0,0.0,0.0,0.009,170506.552632
1728719,IT,SE,MOTOR,REALE,0.1,64790.929,4,4,64790.924,0.0,0.0,0.0,0.005,647909.29
1796836,IT,WL,SEACO,PROCE,0.07,64788.009,3,3,64788.009,0.0,0.0,0.0,0.0,925542.985714
1667476,IT,ES,FABRI,STONE,0.26,64785.477,4,4,64785.472,0.0,0.0,0.0,0.005,249174.911538
1793875,IT,WL,TEXTI,POSTT,0.38,64779.795,4,4,64779.786,0.0,0.0,0.0,0.009,170473.144737
1649697,IT,BG,NONME,BRICK,0.13,64773.098,4,4,64773.091,0.0,0.0,0.0,0.007,498254.6
1807073,IT,WF,SEACO,MEAT4,0.07,64772.631,3,3,64772.631,0.0,0.0,0.0,0.0,925323.3
1791506,IT,WA,RETA1,MEATA,0.68,64770.959,4,4,64770.955,0.0,0.0,0.0,0.004,95251.410294
1686367,IT,HU,BASIC,PIGS9,0.07,64766.027,4,4,64766.023,0.0,0.0,0.0,0.004,925228.957143
1711979,IT,LV,VEGET,PFERT,0.23,64765.68,4,4,64765.677,0.0,0.0,0.0,0.003,281589.913043
1795161,IT,WL,RUBBE,RETAI,0.21,64763.567,4,4,64763.561,0.0,0.0,0.0,0.006,308397.938095
1764755,IT,MX,HOTEL,RAILW,0.47,64759.081,4,4,64759.076,0.0,0.0,0.0,0.005,137785.278723
1671987,IT,FI,LANDT,LANDT,0.42,64758.763,4,4,64758.76,0.0,0.0,0.0,0.003,154187.530952
1740406,IT,GB,HEALT,RESEA,0.34,64756.578,4,4,64756.575,0.0,0.0,0.0,0.003,190460.523529
1789501,IT,WA,ADDIT,NFERT,0.15,64754.44,4,4,64754.435,0.0,0.0,0.0,0.005,431696.266667
1799334,IT,WE,WOODW,BASIC,0.18,64751.302,4,4,64751.298,0.0,0.0,0.0,0.004,359729.455556
1755991,IT,KR,ALUM1,WHOLE,0.11,64749.211,4,4,64749.206,0.0,0.0,0.0,0.005,588629.190909
1799225,IT,WE,LEATH,MEATP,0.46,64733.165,4,4,64733.154,0.0,0.0,0.0,0.011,140724.271739
1658713,IT,DE,OFFIC,FURNI,0.2,64721.147,4,4,64721.142,0.0,0.0,0.0,0.005,323605.735
1781290,IT,NO,MEAT4,HOTEL,0.36,64719.669,4,4,64719.665,0.0,0.0,0.0,0.004,179776.858333
1777925,IT,TR,MACHI,HEAVY,0.36,64702.921,4,4,64702.916,0.0,0.0,0.0,0.005,179730.336111
1750294,IT,CN,NONF1,BRICK,0.01,64701.736,3,3,64701.736,0.0,0.0,0.0,0.0,6470173.6
1674417,IT,FR,CHEM1,TEXT1,0.14,64697.985,4,4,64697.978,0.0,0.0,0.0,0.007,462128.464286
1776765,IT,TR,LIQUE,LANDT,0.11,64697.097,4,4,64697.092,0.0,0.0,0.0,0.005,588155.427273
1665957,IT,ES,MOTOR,PARAF,0.1,64694.0,4,4,64693.995,0.0,0.0,0.0,0.005,646940.0
1805448,IT,WF,GLASS,WEARI,0.18,64686.321,4,4,64686.317,0.0,0.0,0.0,0.004,359368.45
1758564,IT,BR,OFFIC,WHOLE,0.2,64686.057,4,4,64686.052,0.0,0.0,0.0,0.005,323430.285
1759087,IT,BR,AIRTR,NATUR,0.07,64682.995,4,4,64682.993,0.0,0.0,0.0,0.002,924042.785714
1794231,IT,WL,PRINT,COMPU,0.62,64682.624,4,4,64682.619,0.0,0.0,0.0,0.005,104326.812903
1675597,IT,FR,MOTO1,FURNI,0.34,64681.845,4,4,64681.841,0.0,0.0,0.0,0.004,190240.720588
1764186,IT,MX,MACHI,IRONO,0.36,64681.193,4,4,64681.188,0.0,0.0,0.0,0.005,179669.980556
1780421,IT,TW,SUPPO,PLAST,0.46,64679.148,4,4,64679.145,0.0,0.0,0.0,0.003,140606.843478
1809072,IT,WM,CROPS,CROPS,0.51,64678.865,4,4,64678.861,0.0,0.0,0.0,0.004,126821.303922
1641968,IT,AT,RUBBE,GASDI,0.21,64677.83,4,4,64677.824,0.0,0.0,0.0,0.006,307989.666667
1793658,IT,WL,DAIRY,93197,0.26,64676.392,4,4,64676.388,0.0,0.0,0.0,0.004,248755.353846
1746729,IT,JP,FABRI,RETA1,0.26,64668.509,4,4,64668.504,0.0,0.0,0.0,0.005,248725.034615
1641446,IT,AT,GASDI,MOTO1,0.1,64668.208,4,4,64668.203,0.0,0.0,0.0,0.005,646682.08
1809798,IT,WM,FOOD5,NONME,0.31,64666.105,4,4,64666.099,0.0,0.0,0.0,0.006,208600.33871
1720004,IT,PL,ALUM1,WEARI,0.11,64662.474,4,4,64662.469,0.0,0.0,0.0,0.005,587840.672727
1688900,IT,IE,COPP1,FABRI,0.16,64660.717,4,4,64660.714,0.0,0.0,0.0,0.003,404129.48125
1739130,IT,GB,WHOLE,RESEA,0.56,64659.116,4,4,64659.112,0.0,0.0,0.0,0.004,115462.707143
1767476,IT,RU,SEACO,FISH5,0.07,64657.481,3,3,64657.481,0.0,0.0,0.0,0.0,923678.3
1792755,IT,WA,BUSIN,RADIO,0.66,64653.698,4,4,64653.694,0.0,0.0,0.0,0.004,97960.148485
1808498,IT,WF,FOOD4,POSTT,0.47,64651.319,4,4,64651.315,0.0,0.0,0.0,0.004,137555.997872
1712940,IT,MT,CEREA,PLAST,0.11,64650.82,4,4,64650.816,0.0,0.0,0.0,0.004,587734.727273
1684739,IT,HU,VEGET,HOTEL,0.23,64649.287,4,4,64649.284,0.0,0.0,0.0,0.003,281083.856522
1674622,IT,FR,RUBBE,WASTE,0.21,64638.204,4,4,64638.198,0.0,0.0,0.0,0.006,307800.971429
1682699,IT,HR,GASDI,FISHF,0.1,64630.287,4,4,64630.282,0.0,0.0,0.0,0.005,646302.87
1806128,IT,WF,FABRI,CHEM1,0.26,64620.898,4,4,64620.893,0.0,0.0,0.0,0.005,248541.915385
1651556,IT,CY,RUBBE,HOTEL,0.21,64619.928,4,4,64619.922,0.0,0.0,0.0,0.006,307713.942857
1688867,IT,IE,PREC1,CHEM1,0.11,64613.346,4,4,64613.343,0.0,0.0,0.0,0.003,587394.054545
1673487,IT,FR,LEATH,CEREA,0.46,64610.722,4,4,64610.711,0.0,0.0,0.0,0.011,140458.091304
1761461,IT,IN,PREC1,COKEO,0.11,64604.677,4,4,64604.674,0.0,0.0,0.0,0.003,587315.245455
1689579,IT,IE,AIRTR,BASIC,0.07,64604.348,4,4,64604.346,0.0,0.0,0.0,0.002,922919.257143
1814218,IT,WM,SUPPO,RESEA,0.46,64603.934,4,4,64603.931,0.0,0.0,0.0,0.003,140443.334783
1655520,IT,DE,CRUDE,RESEA,0.13,64601.073,4,4,64601.067,0.0,0.0,0.0,0.006,496931.330769
1751713,IT,CN,INSUR,FURNI,1.33,64598.309,4,4,64598.306,0.0,0.0,0.0,0.003,48570.157143
1669317,IT,ES,FINAN,ELEC3,0.84,64596.132,4,4,64596.13,0.0,0.0,0.0,0.002,76900.157143
1796414,IT,WL,WHOLE,OFFIC,0.56,64594.561,4,4,64594.557,0.0,0.0,0.0,0.004,115347.430357
1652644,IT,CZ,WOODW,FURNI,0.18,64587.65,4,4,64587.646,0.0,0.0,0.0,0.004,358820.277778
1688951,IT,IE,FABRI,RENTI,0.26,64587.558,4,4,64587.553,0.0,0.0,0.0,0.005,248413.684615
1772914,IT,CH,BASIC,FOOD2,0.07,64585.527,4,4,64585.523,0.0,0.0,0.0,0.004,922650.385714
1679117,IT,GR,PAPER,PFERT,0.25,64582.211,5,5,64581.205,0.0,1.0,0.0,0.006,258328.844
1766151,IT,RU,RUBBE,RETAI,0.21,64576.187,4,4,64576.181,0.0,0.0,0.0,0.006,307505.652381
1733099,IT,SI,FABRI,DAIRY,0.26,64574.736,4,4,64574.731,0.0,0.0,0.0,0.005,248364.369231
1794047,IT,WL,PAPER,PADDY,0.25,64573.411,5,5,64572.405,0.0,1.0,0.0,0.006,258293.644
1750534,IT,CN,MACHI,RETAI,0.36,64569.994,4,4,64569.989,0.0,0.0,0.0,0.005,179361.094444
1710783,IT,LU,WEARI,EDUCA,0.49,64569.937,4,4,64569.925,0.0,0.0,0.0,0.012,131775.381633
1667641,IT,ES,MACHI,LIQUE,0.36,64560.511,4,4,64560.506,0.0,0.0,0.0,0.005,179334.752778
1674897,IT,FR,NONME,WASTE,0.13,64554.642,4,4,64554.635,0.0,0.0,0.0,0.007,496574.169231
1795994,IT,WL,MOTO1,ELEC4,0.34,64549.201,4,4,64549.197,0.0,0.0,0.0,0.004,189850.591176
1763404,IT,MX,PRINT,RECRE,0.62,64543.774,4,4,64543.769,0.0,0.0,0.0,0.005,104102.86129
1798328,IT,WE,CROPS,FINAN,0.51,64541.28,4,4,64541.276,0.0,0.0,0.0,0.004,126551.529412
1717708,IT,NL,BUSIN,SEACO,0.66,64538.53,4,4,64538.526,0.0,0.0,0.0,0.004,97785.651515
1672526,IT,FR,WHEAT,SUGA1,0.05,64532.151,4,4,64532.149,0.0,0.0,0.0,0.002,1290643.02
1686758,IT,HU,NONF1,BASIC,0.01,64529.536,3,3,64529.536,0.0,0.0,0.0,0.0,6452953.6
1671226,IT,FI,BASIC,NONFE,0.07,64528.189,4,4,64528.185,0.0,0.0,0.0,0.004,921831.271429
1802796,IT,WE,BUSIN,AUXIL,0.66,64527.54,4,4,64527.536,0.0,0.0,0.0,0.004,97769.0
1773673,IT,CH,FURNI,CERAM,0.21,64524.346,4,4,64524.34,0.0,0.0,0.0,0.006,307258.790476
1744233,IT,US,POSTT,FABRI,1.06,64524.013,4,4,64524.008,0.0,0.0,0.0,0.005,60871.710377
1734621,IT,SK,TEXTI,WOODW,0.38,64523.665,4,4,64523.656,0.0,0.0,0.0,0.009,169799.118421
1641942,IT,AT,RUBBE,NONFE,0.21,64519.406,4,4,64519.4,0.0,0.0,0.0,0.006,307235.266667
1810644,IT,WM,MOTOR,SUGAR,0.1,64519.384,4,4,64519.379,0.0,0.0,0.0,0.005,645193.84
1685437,IT,HU,WOODW,PLAST,0.18,64517.689,4,4,64517.685,0.0,0.0,0.0,0.004,358431.605556
1811390,IT,WM,PLAST,ANIMA,0.14,64515.166,4,4,64515.159,0.0,0.0,0.0,0.007,460822.614286
1800832,IT,WE,BASIC,ALUM1,0.07,64510.861,4,4,64510.857,0.0,0.0,0.0,0.004,921583.728571
1758345,IT,BR,NONF1,MOTO1,0.01,64510.465,3,3,64510.465,0.0,0.0,0.0,0.0,6451046.5
1711157,IT,LU,FABRI,DIST1,0.26,64509.963,4,4,64509.958,0.0,0.0,0.0,0.005,248115.242308
1761549,IT,IN,LEAD1,FURNI,0.11,64506.718,4,4,64506.713,0.0,0.0,0.0,0.005,586424.709091
1676907,IT,FR,SEACO,MOTO1,0.07,64503.807,3,3,64503.807,0.0,0.0,0.0,0.0,921482.957143
1756681,IT,KR,SEACO,PULP5,0.07,64496.424,3,3,64496.424,0.0,0.0,0.0,0.0,921377.485714
1718638,IT,PL,LEATH,RESEA,0.46,64495.452,4,4,64495.441,0.0,0.0,0.0,0.011,140207.504348
1784308,IT,ID,CHEM1,FINAN,0.13,64493.846,4,4,64493.839,0.0,0.0,0.0,0.007,496106.507692
1791065,IT,WA,TRANS,TEXTI,0.38,64493.689,4,4,64493.685,0.0,0.0,0.0,0.004,169720.234211
1683805,IT,HR,OFFIC,CONST,0.2,64490.457,4,4,64490.452,0.0,0.0,0.0,0.005,322452.285
1676701,IT,FR,RAILW,TRANS,0.43,64490.194,4,4,64490.191,0.0,0.0,0.0,0.003,149977.195349
1756097,IT,KR,FABRI,ELEC3,0.26,64490.187,4,4,64490.182,0.0,0.0,0.0,0.005,248039.180769
1749263,IT,CN,PAPER,MEDIC,0.25,64488.998,5,5,64487.992,0.0,1.0,0.0,0.006,257955.992
1658820,IT,DE,MOTO1,ELEC3,0.34,64483.27,4,4,64483.266,0.0,0.0,0.0,0.004,189656.676471
1812741,IT,WM,NONF1,BASIC,0.01,64478.705,3,3,64478.705,0.0,0.0,0.0,0.0,6447870.5
1758588,IT,BR,MOTO1,FABRI,0.34,64477.16,4,4,64477.156,0.0,0.0,0.0,0.004,189638.705882
1656153,IT,DE,TEXTI,VEGET,0.38,64475.042,4,4,64475.033,0.0,0.0,0.0,0.009,169671.163158
1667284,IT,ES,ALUM1,CERAM,0.11,64471.994,4,4,64471.989,0.0,0.0,0.0,0.005,586109.036364
1671038,IT,FI,RUBBE,PRINT,0.21,64463.247,4,4,64463.241,0.0,0.0,0.0,0.006,306967.842857
1780746,IT,TW,REALE,93197,2.72,64462.875,4,4,64462.871,0.0,0.0,0.0,0.004,23699.586397
1653246,IT,CZ,RUBBE,NONME,0.21,64462.08,4,4,64462.074,0.0,0.0,0.0,0.006,306962.285714
1653352,IT,CZ,GLASS,TRANS,0.18,64457.874,4,4,64457.87,0.0,0.0,0.0,0.004,358099.3
1754711,IT,KR,VEGE1,FURNI,0.2,64456.729,4,4,64456.715,0.0,0.0,0.0,0.014,322283.645
1722422,IT,PT,MEAT1,HOTEL,0.3,64454.037,4,4,64454.029,0.0,0.0,0.0,0.008,214846.79
1756276,IT,KR,OFFIC,RESEA,0.2,64452.963,4,4,64452.958,0.0,0.0,0.0,0.005,322264.815
1642722,IT,AT,MACHI,PRINT,0.36,64452.14,4,4,64452.135,0.0,0.0,0.0,0.005,179033.722222
1644490,IT,BE,DAIRY,RAWMI,0.26,64451.769,4,4,64451.765,0.0,0.0,0.0,0.004,247891.419231
1726378,IT,RO,COPP1,TRANS,0.16,64450.773,4,4,64450.77,0.0,0.0,0.0,0.003,402817.33125
1759972,IT,BR,PLAS1,FOOD3,0.23,64443.999,4,4,64443.995,0.0,0.0,0.0,0.004,280191.3
1644977,IT,BE,WOODW,TRAN1,0.18,64443.522,4,4,64443.518,0.0,0.0,0.0,0.004,358019.566667
1752955,IT,CA,NFERT,OILSE,0.01,64443.046,4,4,64443.041,0.0,0.0,0.0,0.005,6444304.6
1729235,IT,SE,CERAM,LANDT,0.1,64441.216,4,4,64441.213,0.0,0.0,0.0,0.003,644412.16
1766748,IT,RU,MACHI,MEATC,0.36,64439.185,4,4,64439.18,0.0,0.0,0.0,0.005,178997.736111
1645514,IT,BE,PLAST,CEMEN,0.14,64436.863,4,4,64436.856,0.0,0.0,0.0,0.007,460263.307143
1657732,IT,DE,CEMEN,ELEC5,0.1,64433.364,4,4,64433.361,0.0,0.0,0.0,0.003,644333.64
1757016,IT,KR,BUSIN,TEXTI,0.66,64431.04,4,4,64431.036,0.0,0.0,0.0,0.004,97622.787879
1788403,IT,WA,WOODW,LANDT,0.18,64428.794,4,4,64428.79,0.0,0.0,0.0,0.004,357937.744444
1790413,IT,WA,LEAD1,NONME,0.11,64426.865,4,4,64426.86,0.0,0.0,0.0,0.005,585698.772727
1713324,IT,MT,KEROS,BUSIN,0.1,64422.496,4,4,64422.491,0.0,0.0,0.0,0.005,644224.96
1793801,IT,WL,TEXTI,RAWMI,0.38,64420.287,4,4,64420.278,0.0,0.0,0.0,0.009,169527.071053
1728126,IT,SE,VEGE1,RENTI,0.2,64415.978,4,4,64415.964,0.0,0.0,0.0,0.014,322079.89
1721016,IT,PL,HOTEL,DAIRY,0.47,64414.965,4,4,64414.96,0.0,0.0,0.0,0.005,137053.117021
1814394,IT,WM,AUXIL,AUXIL,1.18,64410.434,4,4,64410.431,0.0,0.0,0.0,0.003,54585.113559
1662451,IT,DK,ALUM1,PULP5,0.11,64408.635,4,4,64408.63,0.0,0.0,0.0,0.005,585533.045455
1756114,IT,KR,FABRI,SUPPO,0.26,64405.405,4,4,64405.4,0.0,0.0,0.0,0.005,247713.096154
1657451,IT,DE,RUBBE,ELEC1,0.21,64402.5,4,4,64402.494,0.0,0.0,0.0,0.006,306678.571429
1779229,IT,TR,POSTT,COMPU,1.06,64401.96,4,4,64401.955,0.0,0.0,0.0,0.005,60756.566038
1780043,IT,TW,WHOLE,PROCE,0.56,64390.84,4,4,64390.836,0.0,0.0,0.0,0.004,114983.642857
1668759,IT,ES,LANDT,ELEC5,0.42,64383.863,4,4,64383.86,0.0,0.0,0.0,0.003,153294.911905
1652385,IT,CZ,TEXTI,WOODW,0.38,64383.696,4,4,64383.687,0.0,0.0,0.0,0.009,169430.778947
1789534,IT,WA,ADDIT,TRAN2,0.15,64381.972,4,4,64381.967,0.0,0.0,0.0,0.005,429213.146667
1667285,IT,ES,ALUM1,BRICK,0.11,64381.633,4,4,64381.628,0.0,0.0,0.0,0.005,585287.572727
1791601,IT,WA,HOTEL,CATTL,0.47,64381.283,4,4,64381.278,0.0,0.0,0.0,0.005,136981.453191
1641628,IT,AT,BITU1,NAPHT,0.1,64381.187,4,4,64381.182,0.0,0.0,0.0,0.005,643811.87
1721380,IT,PL,SEACO,CHEM1,0.07,64373.849,3,3,64373.849,0.0,0.0,0.0,0.0,919626.414286
1720364,IT,PL,FABRI,INERT,0.26,64368.978,4,4,64368.973,0.0,0.0,0.0,0.005,247572.992308
1793792,IT,WL,TEXTI,VEGET,0.38,64368.288,4,4,64368.279,0.0,0.0,0.0,0.009,169390.231579
1647481,IT,BE,SUPPO,FOOD5,0.46,64368.216,4,4,64368.213,0.0,0.0,0.0,0.003,139930.904348
1685205,IT,HU,FISH5,RUBBE,0.27,64367.841,4,4,64367.808,0.0,0.0,0.0,0.033,238399.411111
1666625,IT,ES,CHEM1,AUXIL,0.13,64366.726,4,4,64366.719,0.0,0.0,0.0,0.007,495128.661538
1746824,IT,JP,MACHI,ELEC6,0.36,64361.685,4,4,64361.68,0.0,0.0,0.0,0.005,178782.458333
1751332,IT,CN,LANDT,ELECT,0.42,64361.155,4,4,64361.152,0.0,0.0,0.0,0.003,153240.845238
1687422,IT,HU,HOTEL,EDUCA,0.47,64355.612,4,4,64355.607,0.0,0.0,0.0,0.005,136926.834043
1760091,IT,BR,OILHA,INERT,0.37,64343.83,4,4,64343.826,0.0,0.0,0.0,0.004,173902.243243
1737064,IT,GB,SANDC,BUSIN,0.15,64341.503,5,5,64327.501,0.0,0.0,14.0,0.002,428943.353333
1642959,IT,AT,FURNI,RETA1,0.21,64340.676,4,4,64340.67,0.0,0.0,0.0,0.006,306384.171429
1667529,IT,ES,FABRI,MEDIC,0.26,64329.049,4,4,64329.044,0.0,0.0,0.0,0.005,247419.419231
1716699,IT,NL,WHOLE,DIST1,0.56,64325.467,4,4,64325.463,0.0,0.0,0.0,0.004,114866.905357
1805046,IT,WF,PLAST,ELEC5,0.13,64319.625,4,4,64319.618,0.0,0.0,0.0,0.007,494766.346154
1674613,IT,FR,RUBBE,PLAS1,0.21,64317.02,4,4,64317.014,0.0,0.0,0.0,0.006,306271.52381
1736904,IT,SK,BUSIN,COMPU,0.66,64316.326,4,4,64316.322,0.0,0.0,0.0,0.004,97448.978788
1678774,IT,GR,FOOD5,MEAT4,0.31,64314.915,4,4,64314.909,0.0,0.0,0.0,0.006,207467.467742
1676859,IT,FR,LANDT,INTER,0.41,64308.777,4,4,64308.774,0.0,0.0,0.0,0.003,156850.67561
1655446,IT,DE,FORES,FURNI,0.56,64303.578,5,5,64278.576,0.0,25.0,0.0,0.002,114827.817857
1678704,IT,GR,DAIRY,PIGS9,0.26,64301.216,4,4,64301.212,0.0,0.0,0.0,0.004,247312.369231
1791596,IT,WA,HOTEL,VEGET,0.47,64300.967,4,4,64300.962,0.0,0.0,0.0,0.005,136810.568085
1683012,IT,HR,CHEM1,ALUM1,0.13,64297.995,4,4,64297.988,0.0,0.0,0.0,0.007,494599.961538
1809737,IT,WM,FOOD5,WHEAT,0.31,64294.222,4,4,64294.216,0.0,0.0,0.0,0.006,207400.716129
1772408,IT,CH,CHEM1,LEAD1,0.13,64293.407,4,4,64293.4,0.0,0.0,0.0,0.007,494564.669231
1651957,IT,CY,BUSIN,RETA1,0.66,64291.738,4,4,64291.734,0.0,0.0,0.0,0.004,97411.724242
1763764,IT,MX,GLASS,TRANS,0.18,64287.824,4,4,64287.82,0.0,0.0,0.0,0.004,357154.577778
1735270,IT,SK,GLASS,PLAST,0.18,64283.28,4,4,64283.276,0.0,0.0,0.0,0.004,357129.333333
1654296,IT,CZ,ELEC2,TEXTI,0.02,64269.303,4,4,64269.296,0.0,0.0,0.0,0.007,3213465.15
1690506,IT,IE,INERT,CONST,0.47,64264.539,4,4,64264.535,0.0,0.0,0.0,0.004,136733.061702
1783706,IT,NO,FOOD4,BASIC,0.46,64259.771,4,4,64259.767,0.0,0.0,0.0,0.004,139695.154348
1665420,IT,ES,TEXTI,RETAI,0.38,64257.046,4,4,64257.037,0.0,0.0,0.0,0.009,169097.489474
1803506,IT,WF,VEGE1,MEATC,0.2,64256.095,4,4,64256.081,0.0,0.0,0.0,0.014,321280.475
1793404,IT,WL,CROPS,TOBAC,0.51,64253.716,4,4,64253.712,0.0,0.0,0.0,0.004,125987.678431
1646319,IT,BE,NONF1,CONST,0.01,64252.361,3,3,64252.361,0.0,0.0,0.0,0.0,6425236.1
1680922,IT,GR,LANDT,PUBLI,0.41,64249.794,4,4,64249.791,0.0,0.0,0.0,0.003,156706.814634
1663746,IT,EE,FOOD5,DAIRY,0.31,64247.317,4,4,64247.311,0.0,0.0,0.0,0.006,207249.409677
1804505,IT,WF,GASDI,PREC1,0.1,64244.912,4,4,64244.907,0.0,0.0,0.0,0.005,642449.12
1715561,IT,NL,HEAVY,KERO1,0.1,64238.709,4,4,64238.704,0.0,0.0,0.0,0.005,642387.09
1808765,IT,WF,WOOD2,CRUDE,0.35,64238.078,4,4,64238.074,0.0,0.0,0.0,0.004,183537.365714
1751568,IT,CN,POSTT,CHEM1,1.06,64236.208,4,4,64236.203,0.0,0.0,0.0,0.005,60600.196226
1675767,IT,FR,FURNI,ELEC5,0.21,64235.103,4,4,64235.097,0.0,0.0,0.0,0.006,305881.442857
1640158,IT,AT,VEGET,MEATP,0.23,64234.975,4,4,64234.972,0.0,0.0,0.0,0.003,279282.5
1669220,IT,ES,POSTT,RESEA,1.06,64229.01,4,4,64229.005,0.0,0.0,0.0,0.005,60593.40566
1740369,IT,GB,EDUCA,BUSIN,1.6,64228.869,4,4,64228.864,0.0,0.0,0.0,0.005,40143.043125
1679934,IT,GR,FABRI,PULP5,0.26,64221.481,4,4,64221.476,0.0,0.0,0.0,0.005,247005.696154
1785391,IT,ZA,PAPER,FISH5,0.25,64216.531,5,5,64215.525,0.0,1.0,0.0,0.006,256866.124
1772220,IT,CH,GASDI,PAPE1,0.1,64215.856,4,4,64215.851,0.0,0.0,0.0,0.005,642158.56
1643228,IT,AT,HOTEL,NONME,0.47,64214.749,4,4,64214.744,0.0,0.0,0.0,0.005,136627.125532
1782254,IT,NO,ALUM1,BASIC,0.11,64211.142,4,4,64211.137,0.0,0.0,0.0,0.005,583737.654545
1798791,IT,WE,FOOD5,PLAST,0.31,64204.978,4,4,64204.972,0.0,0.0,0.0,0.006,207112.832258
1755061,IT,KR,WEARI,RAILW,0.48,64204.929,4,4,64204.917,0.0,0.0,0.0,0.012,133760.26875
1683584,IT,HR,COPP1,FURNI,0.16,64203.082,4,4,64203.079,0.0,0.0,0.0,0.003,401269.2625
1793807,IT,WL,TEXTI,MEATC,0.38,64201.701,4,4,64201.692,0.0,0.0,0.0,0.009,168951.844737
1768064,IT,RU,BUSIN,ALUM1,0.66,64198.417,4,4,64198.413,0.0,0.0,0.0,0.004,97270.328788
1745384,IT,JP,VEGE1,WHOLE,0.2,64198.367,4,4,64198.353,0.0,0.0,0.0,0.014,320991.835
1809142,IT,WM,CROPS,POSTT,0.51,64195.717,4,4,64195.713,0.0,0.0,0.0,0.004,125873.954902
1685762,IT,HU,PLAST,PAPER,0.13,64182.951,4,4,64182.944,0.0,0.0,0.0,0.007,493715.007692
1774025,IT,CH,RETAI,NONME,0.5,64180.303,4,4,64180.299,0.0,0.0,0.0,0.004,128360.606
1750867,IT,CN,FURNI,HOTEL,0.2,64178.489,4,4,64178.483,0.0,0.0,0.0,0.006,320892.445
1650335,IT,BG,ELEC2,REFI1,0.02,64176.194,4,4,64176.187,0.0,0.0,0.0,0.007,3208809.7
1737184,IT,GB,DAIRY,PLAST,0.26,64174.043,4,4,64174.039,0.0,0.0,0.0,0.004,246823.242308
1650948,IT,BG,AIRTR,CONST,0.07,64169.979,4,4,64169.977,0.0,0.0,0.0,0.002,916713.985714
1790699,IT,WA,FABRI,RAILW,0.26,64167.959,4,4,64167.954,0.0,0.0,0.0,0.005,246799.842308
1795448,IT,WL,PREC1,PLAST,0.11,64167.687,4,4,64167.684,0.0,0.0,0.0,0.003,583342.609091
1778213,IT,TR,FURNI,RADIO,0.2,64165.592,4,4,64165.586,0.0,0.0,0.0,0.006,320827.96
1804677,IT,WF,LIQUE,MEAT4,0.11,64163.625,4,4,64163.62,0.0,0.0,0.0,0.005,583305.681818
1763746,IT,MX,GLASS,PLAST,0.18,64162.062,4,4,64162.058,0.0,0.0,0.0,0.004,356455.9
1726704,IT,RO,FURNI,WOODW,0.2,64154.417,4,4,64154.411,0.0,0.0,0.0,0.006,320772.085
1667435,IT,ES,COPP1,PUBLI,0.16,64153.506,4,4,64153.503,0.0,0.0,0.0,0.003,400959.4125
1794700,IT,WL,NAPHT,OXYGE,0.11,64146.313,4,4,64146.308,0.0,0.0,0.0,0.005,583148.3
1739292,IT,GB,HOTEL,MACHI,0.46,64145.202,4,4,64145.197,0.0,0.0,0.0,0.005,139446.091304
1813372,IT,WM,FURNI,BASIC,0.2,64145.109,4,4,64145.103,0.0,0.0,0.0,0.006,320725.545
1676206,IT,FR,CONST,LANDT,0.36,64142.634,4,4,64142.631,0.0,0.0,0.0,0.003,178173.983333
1804302,IT,WF,MOTOR,NFERT,0.1,64141.129,4,4,64141.124,0.0,0.0,0.0,0.005,641411.29
1736063,IT,SK,FURNI,RETA1,0.2,64139.951,4,4,64139.945,0.0,0.0,0.0,0.006,320699.755
1733014,IT,SI,LEAD1,WHOLE,0.11,64136.058,4,4,64136.053,0.0,0.0,0.0,0.005,583055.072727
1664151,IT,EE,RUBBE,SALEM,0.21,64131.597,4,4,64131.591,0.0,0.0,0.0,0.006,305388.557143
1719659,IT,PL,CEMEN,WHOLE,0.1,64130.231,4,4,64130.228,0.0,0.0,0.0,0.003,641302.31
1718836,IT,PL,PAPER,SALEM,0.25,64114.307,5,5,64113.301,0.0,1.0,0.0,0.006,256457.228
1689604,IT,IE,AIRTR,RENTI,0.07,64114.11,4,4,64114.108,0.0,0.0,0.0,0.002,915915.857143
1728917,IT,SE,CHEM1,LEAD1,0.13,64112.962,4,4,64112.955,0.0,0.0,0.0,0.007,493176.630769
1717292,IT,NL,POSTT,HEALT,1.06,64109.085,4,4,64109.08,0.0,0.0,0.0,0.005,60480.268868
1761600,IT,IN,NONF1,ELEC2,0.01,64103.076,3,3,64103.076,0.0,0.0,0.0,0.0,6410307.6
1643648,IT,AT,AIRTR,TRAN2,0.07,64100.387,4,4,64100.385,0.0,0.0,0.0,0.002,915719.814286
1716335,IT,NL,FABRI,LANDT,0.26,64091.02,4,4,64091.015,0.0,0.0,0.0,0.005,246503.923077
1803538,IT,WF,VEGE1,AUXIL,0.2,64090.605,4,4,64090.591,0.0,0.0,0.0,0.014,320453.025
1780845,IT,TW,COMPU,SALEM,0.73,64085.68,4,4,64085.676,0.0,0.0,0.0,0.004,87788.60274
1741514,IT,US,KEROS,MOTOR,0.1,64084.089,4,4,64084.084,0.0,0.0,0.0,0.005,640840.89
1737112,IT,GB,MEATP,HOTEL,0.26,64083.002,4,4,64082.995,0.0,0.0,0.0,0.007,246473.084615
1781500,IT,NO,TEXTI,NATUR,0.38,64081.724,4,4,64081.715,0.0,0.0,0.0,0.009,168636.115789
1717922,IT,PL,FISHF,RETA1,0.11,64080.647,4,4,64080.645,0.0,0.0,0.0,0.002,582551.336364
1658778,IT,DE,MOTO1,FOOD5,0.34,64073.831,4,4,64073.827,0.0,0.0,0.0,0.004,188452.444118
1800724,IT,WE,CEMEN,RECRE,0.1,64072.093,4,4,64072.09,0.0,0.0,0.0,0.003,640720.93
1790670,IT,WA,FABRI,COPP1,0.26,64067.905,4,4,64067.9,0.0,0.0,0.0,0.005,246415.019231
1791776,IT,WA,RAILW,EDUCA,0.43,64057.748,4,4,64057.745,0.0,0.0,0.0,0.003,148971.506977
1782040,IT,NO,RUBBE,FOOD2,0.21,64053.565,4,4,64053.559,0.0,0.0,0.0,0.006,305016.97619
1782602,IT,NO,FURNI,TRANS,0.2,64052.48,4,4,64052.474,0.0,0.0,0.0,0.006,320262.4
1656968,IT,DE,LIQUE,ELEC8,0.11,64042.151,4,4,64042.146,0.0,0.0,0.0,0.005,582201.372727
1773210,IT,CH,FABRI,CERAM,0.26,64041.537,4,4,64041.532,0.0,0.0,0.0,0.005,246313.603846
1670884,IT,FI,PLAST,MOTO1,0.13,64037.598,4,4,64037.591,0.0,0.0,0.0,0.007,492596.907692
1754564,IT,CA,BUSIN,93197,0.66,64033.735,4,4,64033.731,0.0,0.0,0.0,0.004,97020.810606
1750658,IT,CN,MOTO1,PAPER,0.34,64012.021,4,4,64012.017,0.0,0.0,0.0,0.004,188270.65
1786688,IT,ZA,WHOLE,EDUCA,0.55,64011.41,4,4,64011.406,0.0,0.0,0.0,0.004,116384.381818
1780049,IT,TW,WHOLE,WEARI,0.55,64010.649,4,4,64010.645,0.0,0.0,0.0,0.004,116382.998182
1753393,IT,CA,COPP1,NONF1,0.16,64009.679,4,4,64009.676,0.0,0.0,0.0,0.003,400060.49375
1748389,IT,CN,CROPS,TOBAC,0.51,64008.898,4,4,64008.894,0.0,0.0,0.0,0.004,125507.643137
1681538,IT,GR,BUSIN,CEMEN,0.66,64006.157,4,4,64006.153,0.0,0.0,0.0,0.004,96979.025758
1744882,IT,US,BUSIN,BEVER,0.66,64003.46,4,4,64003.456,0.0,0.0,0.0,0.004,96974.939394
1715485,IT,NL,KEROS,COMPU,0.1,64002.646,4,4,64002.641,0.0,0.0,0.0,0.005,640026.46
1750685,IT,CN,MOTO1,OFFIC,0.34,64001.001,4,4,64000.997,0.0,0.0,0.0,0.004,188238.238235
1796599,IT,WL,HOTEL,WOODW,0.46,64000.384,4,4,64000.379,0.0,0.0,0.0,0.005,139131.269565
1774517,IT,CH,LANDT,REALE,0.41,63994.742,4,4,63994.739,0.0,0.0,0.0,0.003,156084.736585
1807111,IT,WF,SEACO,EDUCA,0.07,63993.104,3,3,63993.104,0.0,0.0,0.0,0.0,914187.2
1807501,IT,WF,RENTI,NICKE,0.38,63978.616,4,4,63978.612,0.0,0.0,0.0,0.004,168364.778947
1804792,IT,WF,NAPHT,BIOGA,0.11,63976.264,4,4,63976.259,0.0,0.0,0.0,0.005,581602.4
1736128,IT,SK,CONST,HOTEL,0.36,63974.661,4,4,63974.658,0.0,0.0,0.0,0.003,177707.391667
1790194,IT,WA,PREC1,MEATC,0.11,63974.392,4,4,63974.389,0.0,0.0,0.0,0.003,581585.381818
1744663,IT,US,COMPU,PRINT,0.73,63973.431,4,4,63973.427,0.0,0.0,0.0,0.004,87634.836986
1739480,IT,GB,LANDT,COPP1,0.41,63970.283,4,4,63970.28,0.0,0.0,0.0,0.003,156025.080488
1719325,IT,PL,CHEM1,SEWAG,0.13,63967.646,4,4,63967.639,0.0,0.0,0.0,0.007,492058.815385
1672349,IT,FI,BUSIN,MEATP,0.66,63962.758,4,4,63962.754,0.0,0.0,0.0,0.004,96913.269697
1784043,IT,ID,TEXTI,RETA1,0.38,63959.114,4,4,63959.106,0.0,0.0,0.0,0.008,168313.457895
1741380,IT,US,PRINT,SALEM,0.61,63950.325,4,4,63950.32,0.0,0.0,0.0,0.005,104836.598361
1808963,IT,WM,CEREA,93197,0.1,63948.827,4,4,63948.823,0.0,0.0,0.0,0.004,639488.27
1798616,IT,WE,MEAT1,HOTEL,0.3,63947.761,4,4,63947.753,0.0,0.0,0.0,0.008,213159.203333
1654359,IT,CZ,ELEC7,DIST1,0.04,63945.584,3,3,63945.584,0.0,0.0,0.0,0.0,1598639.6
1780738,IT,TW,REALE,REALE,2.7,63944.836,4,4,63944.832,0.0,0.0,0.0,0.004,23683.272593
1682874,IT,HR,NAPHT,ANIMA,0.11,63940.958,4,4,63940.953,0.0,0.0,0.0,0.005,581281.436364
1747197,IT,JP,CONST,FINAN,0.36,63938.387,4,4,63938.384,0.0,0.0,0.0,0.003,177606.630556
1757244,IT,BR,VEGE1,BIODI,0.2,63937.508,4,4,63937.494,0.0,0.0,0.0,0.014,319687.54
1650071,IT,BG,MACHI,RETAI,0.36,63936.765,4,4,63936.76,0.0,0.0,0.0,0.005,177602.125
1686422,IT,HU,BASIC,RADIO,0.07,63932.057,4,4,63932.053,0.0,0.0,0.0,0.004,913315.1
1803150,IT,WF,VEGET,SUPPO,0.23,63928.891,4,4,63928.888,0.0,0.0,0.0,0.003,277951.7
1781064,IT,TW,PUBLI,KEROS,1.05,63928.519,4,4,63928.515,0.0,0.0,0.0,0.004,60884.30381
1812971,IT,WM,MACHI,RUBBE,0.36,63927.61,4,4,63927.605,0.0,0.0,0.0,0.005,177576.694444
1687556,IT,HU,LANDT,DIST1,0.41,63918.276,4,4,63918.273,0.0,0.0,0.0,0.003,155898.234146
1649836,IT,BG,ALUM1,MOTO1,0.11,63912.542,4,4,63912.537,0.0,0.0,0.0,0.005,581023.109091
1754770,IT,KR,DAIRY,93197,0.26,63910.655,4,4,63910.651,0.0,0.0,0.0,0.004,245810.211538
1777728,IT,TR,NONF1,CRUDE,0.01,63910.5,3,3,63910.5,0.0,0.0,0.0,0.0,6391050.0
1747594,IT,JP,AIRTR,ELEC5,0.07,63908.119,4,4,63908.117,0.0,0.0,0.0,0.002,912973.128571
1733039,IT,SI,COPP1,RUBBE,0.16,63906.415,4,4,63906.412,0.0,0.0,0.0,0.003,399415.09375
1683855,IT,HR,MOTO1,RETA1,0.34,63906.115,4,4,63906.111,0.0,0.0,0.0,0.004,187959.161765
1805780,IT,WF,PREC1,COPPE,0.11,63904.315,4,4,63904.312,0.0,0.0,0.0,0.003,580948.318182
1786880,IT,ZA,SEACO,SALEM,0.06,63903.359,3,3,63903.359,0.0,0.0,0.0,0.0,1065055.983333
1811981,IT,WM,GLASS,NAPHT,0.18,63896.723,4,4,63896.719,0.0,0.0,0.0,0.004,354981.794444
1683435,IT,HR,BASIC,POSTT,0.07,63890.003,4,4,63889.999,0.0,0.0,0.0,0.004,912714.328571
1679865,IT,GR,LEAD1,LEAD1,0.11,63887.036,4,4,63887.031,0.0,0.0,0.0,0.005,580791.236364
1656480,IT,DE,PAPER,VEGE1,0.25,63882.51,5,5,63881.504,0.0,1.0,0.0,0.006,255530.04
1664486,IT,EE,MOTO1,ALUM1,0.34,63881.215,4,4,63881.211,0.0,0.0,0.0,0.004,187885.926471
1814277,IT,WM,POSTT,HOTEL,1.05,63876.133,4,4,63876.128,0.0,0.0,0.0,0.005,60834.412381
1713538,IT,MT,GLASS,REALE,0.18,63872.618,4,4,63872.614,0.0,0.0,0.0,0.004,354847.877778
1799525,IT,WE,PRINT,CRUDE,0.61,63870.515,4,4,63870.51,0.0,0.0,0.0,0.005,104705.762295
1717272,IT,NL,POSTT,WHOLE,1.05,63866.063,4,4,63866.058,0.0,0.0,0.0,0.005,60824.821905
1799069,IT,WE,TEXTI,COMPU,0.38,63865.787,4,4,63865.779,0.0,0.0,0.0,0.008,168067.860526
1652426,IT,CZ,TEXTI,SALEM,0.38,63863.484,4,4,63863.476,0.0,0.0,0.0,0.008,168061.8
1784615,IT,ID,MACHI,ELEC4,0.36,63861.674,4,4,63861.669,0.0,0.0,0.0,0.005,177393.538889
1757611,IT,BR,GASDI,WHOLE,0.1,63860.789,4,4,63860.784,0.0,0.0,0.0,0.005,638607.89
1688879,IT,IE,ALUM1,ALUM1,0.11,63859.921,4,4,63859.916,0.0,0.0,0.0,0.005,580544.736364
1771782,IT,CH,LEATH,REALE,0.46,63857.634,4,4,63857.623,0.0,0.0,0.0,0.011,138820.943478
1662054,IT,DK,CHEM1,BEVER,0.13,63849.508,4,4,63849.501,0.0,0.0,0.0,0.007,491150.061538
1652579,IT,CZ,LEATH,TRANS,0.46,63841.77,4,4,63841.759,0.0,0.0,0.0,0.011,138786.456522
1778414,IT,TR,WHOLE,CHEMI,0.55,63841.659,4,4,63841.655,0.0,0.0,0.0,0.004,116075.743636
1774285,IT,CH,HOTEL,PIGS9,0.46,63839.458,4,4,63839.453,0.0,0.0,0.0,0.005,138781.430435
1761403,IT,IN,NONME,ELECT,0.13,63830.458,4,4,63830.451,0.0,0.0,0.0,0.007,491003.523077
1778551,IT,TR,RETA1,TRANS,0.67,63826.484,4,4,63826.48,0.0,0.0,0.0,0.004,95263.408955
1746468,IT,JP,GLASS,RESEA,0.18,63819.657,4,4,63819.653,0.0,0.0,0.0,0.004,354553.65
1686129,IT,HU,RUBBE,FINAN,0.21,63815.093,4,4,63815.087,0.0,0.0,0.0,0.006,303881.395238
1798754,IT,WE,FOOD5,BITUM,0.31,63814.32,4,4,63814.314,0.0,0.0,0.0,0.006,205852.645161
1763852,IT,MX,NONME,RUBBE,0.13,63813.555,4,4,63813.548,0.0,0.0,0.0,0.007,490873.5
1795977,IT,WL,MOTO1,PREC1,0.34,63804.11,4,4,63804.106,0.0,0.0,0.0,0.004,187659.147059
1755611,IT,KR,ADDIT,KERO1,0.15,63798.586,4,4,63798.581,0.0,0.0,0.0,0.005,425323.906667
1688482,IT,IE,LEATH,NATUR,0.46,63796.971,4,4,63796.96,0.0,0.0,0.0,0.011,138689.067391
1665848,IT,ES,PRINT,MACHI,0.61,63784.35,4,4,63784.345,0.0,0.0,0.0,0.005,104564.508197
1680475,IT,GR,ELEC5,DISTR,0.77,63778.03,4,4,63778.026,0.0,0.0,0.0,0.004,82828.61039
1792291,IT,WA,POSTT,AUXIL,1.05,63772.898,4,4,63772.893,0.0,0.0,0.0,0.005,60736.093333
1653193,IT,CZ,RUBBE,WHEAT,0.21,63772.79,4,4,63772.784,0.0,0.0,0.0,0.006,303679.952381
1805270,IT,WF,CHEM1,PRIVA,0.13,63766.023,4,4,63766.016,0.0,0.0,0.0,0.007,490507.869231
1709735,IT,LT,CHEM1,WHOLE,0.13,63765.571,4,4,63765.564,0.0,0.0,0.0,0.007,490504.392308
1676080,IT,FR,ELEC7,POSTT,0.04,63759.064,3,3,63759.064,0.0,0.0,0.0,0.0,1593976.6
1660068,IT,DE,AIRTR,BIOGA,0.07,63756.898,4,4,63756.896,0.0,0.0,0.0,0.002,910812.828571
1649806,IT,BG,PREC1,CONST,0.11,63754.616,4,4,63754.613,0.0,0.0,0.0,0.003,579587.418182
1776066,IT,TR,TEXTI,PUBLI,0.38,63754.029,4,4,63754.021,0.0,0.0,0.0,0.008,167773.760526
1757533,IT,BR,PRINT,MEMBE,0.61,63753.378,4,4,63753.373,0.0,0.0,0.0,0.005,104513.734426
1741832,IT,US,NFERT,BUSIN,0.01,63747.408,4,4,63747.403,0.0,0.0,0.0,0.005,6374740.8
1640729,IT,AT,TEXTI,PAPER,0.38,63738.117,4,4,63738.109,0.0,0.0,0.0,0.008,167731.886842
1681904,IT,HR,DAIRY,WHOLE,0.26,63736.474,4,4,63736.47,0.0,0.0,0.0,0.004,245140.284615
1650816,IT,BG,LANDT,BEVER,0.41,63734.743,4,4,63734.74,0.0,0.0,0.0,0.003,155450.592683
1795120,IT,WL,RUBBE,HEAVY,0.21,63733.322,4,4,63733.316,0.0,0.0,0.0,0.006,303492.009524
1713073,IT,MT,DAIRY,FISHF,0.26,63731.933,4,4,63731.929,0.0,0.0,0.0,0.004,245122.819231
1732505,IT,SI,RUBBE,MEAT1,0.21,63731.556,4,4,63731.55,0.0,0.0,0.0,0.006,303483.6
1759958,IT,BR,PLAS1,SUPPO,0.23,63728.719,4,4,63728.715,0.0,0.0,0.0,0.004,277081.386957
1675234,IT,FR,FABRI,MOTOR,0.26,63727.404,4,4,63727.399,0.0,0.0,0.0,0.005,245105.4
1767116,IT,RU,FURNI,FINAN,0.2,63726.322,4,4,63726.317,0.0,0.0,0.0,0.005,318631.61
1660962,IT,DE,BUSIN,CERAM,0.65,63722.169,4,4,63722.165,0.0,0.0,0.0,0.004,98034.106154
1722010,IT,PL,COMPU,AUXIL,0.73,63719.628,4,4,63719.624,0.0,0.0,0.0,0.004,87287.161644
1665835,IT,ES,PRINT,PLAST,0.61,63718.894,4,4,63718.889,0.0,0.0,0.0,0.005,104457.203279
1799404,IT,WE,PAPER,OILSE,0.25,63718.268,5,5,63717.262,0.0,1.0,0.0,0.006,254873.072
1716685,IT,NL,WHOLE,FOUND,0.55,63713.294,4,4,63713.29,0.0,0.0,0.0,0.004,115842.352727
1805623,IT,WF,NONME,CHEMI,0.13,63712.402,4,4,63712.395,0.0,0.0,0.0,0.007,490095.4
1676461,IT,FR,RETA1,PLAST,0.67,63709.491,4,4,63709.487,0.0,0.0,0.0,0.004,95088.792537
1719432,IT,PL,RUBBE,TRAN1,0.21,63706.847,4,4,63706.841,0.0,0.0,0.0,0.006,303365.938095
1729087,IT,SE,RUBBE,FINAN,0.21,63706.387,4,4,63706.381,0.0,0.0,0.0,0.006,303363.747619
1645176,IT,BE,PRINT,SALEM,0.61,63699.255,4,4,63699.25,0.0,0.0,0.0,0.005,104425.008197
1779979,IT,TW,SALEM,BEVER,0.51,63695.804,4,4,63695.8,0.0,0.0,0.0,0.004,124893.733333
1687639,IT,HU,AIRTR,LEATH,0.07,63693.558,4,4,63693.556,0.0,0.0,0.0,0.002,909907.971429
1789856,IT,WA,CERAM,MACHI,0.1,63691.745,4,4,63691.742,0.0,0.0,0.0,0.003,636917.45
1766559,IT,RU,COPP1,ELEC4,0.16,63687.541,4,4,63687.538,0.0,0.0,0.0,0.003,398047.13125
1662064,IT,DK,CHEM1,NUCLE,0.13,63687.234,4,4,63687.227,0.0,0.0,0.0,0.007,489901.8
1760139,IT,BR,FOOD3,BASIC,0.18,63686.379,4,4,63686.376,0.0,0.0,0.0,0.003,353813.216667
1725894,IT,RO,HEAVY,CONST,0.1,63685.211,4,4,63685.206,0.0,0.0,0.0,0.005,636852.11
1668041,IT,ES,FURNI,TRANS,0.2,63682.689,4,4,63682.684,0.0,0.0,0.0,0.005,318413.445
1659414,IT,DE,WHOLE,ALUM1,0.55,63681.931,4,4,63681.927,0.0,0.0,0.0,0.004,115785.329091
1671089,IT,FI,RUBBE,COMPU,0.21,63679.03,4,4,63679.024,0.0,0.0,0.0,0.006,303233.47619
1722836,IT,PT,PAPER,RECRE,0.25,63675.789,5,5,63674.783,0.0,1.0,0.0,0.006,254703.156
1646318,IT,BE,NONF1,MACHI,0.01,63667.257,3,3,63667.257,0.0,0.0,0.0,0.0,6366725.7
1716813,IT,NL,RETA1,MEMBE,0.66,63663.032,4,4,63663.028,0.0,0.0,0.0,0.004,96459.139394
1711025,IT,LU,NONME,SALEM,0.13,63658.94,4,4,63658.933,0.0,0.0,0.0,0.007,489684.153846
1673510,IT,FR,LEATH,TEXTI,0.46,63657.248,4,4,63657.237,0.0,0.0,0.0,0.011,138385.321739
1760919,IT,IN,HEAVY,FISHF,0.1,63657.167,4,4,63657.162,0.0,0.0,0.0,0.005,636571.67
1668720,IT,ES,LANDT,WHITE,0.41,63655.707,4,4,63655.704,0.0,0.0,0.0,0.003,155257.821951
1757921,IT,BR,CHEM1,SUPPO,0.13,63654.842,4,4,63654.835,0.0,0.0,0.0,0.007,489652.630769
1744470,IT,US,AUXIL,PUBLI,1.16,63651.861,4,4,63651.858,0.0,0.0,0.0,0.003,54872.293966
1721800,IT,PL,AUXIL,AUXIL,1.16,63651.746,4,4,63651.743,0.0,0.0,0.0,0.003,54872.194828
1740236,IT,GB,BUSIN,ELECT,0.65,63650.982,4,4,63650.978,0.0,0.0,0.0,0.004,97924.587692
1653034,IT,CZ,PLAST,FOUND,0.13,63648.591,4,4,63648.585,0.0,0.0,0.0,0.006,489604.546154
1755285,IT,KR,PAPER,RADIO,0.25,63642.671,5,5,63641.665,0.0,1.0,0.0,0.006,254570.684
1789406,IT,WA,CHEM1,COKE1,0.13,63638.225,4,4,63638.218,0.0,0.0,0.0,0.007,489524.807692
1662030,IT,DK,PLAST,COMPU,0.13,63637.583,4,4,63637.577,0.0,0.0,0.0,0.006,489519.869231
1782801,IT,NO,HOTEL,TRANS,0.46,63636.049,4,4,63636.044,0.0,0.0,0.0,0.005,138339.236957
1747610,IT,JP,AIRTR,RAILW,0.07,63630.962,4,4,63630.96,0.0,0.0,0.0,0.002,909013.742857
1758368,IT,BR,FABRI,DAIRY,0.26,63629.03,4,4,63629.025,0.0,0.0,0.0,0.005,244727.038462
1665997,IT,ES,MOTOR,HOTEL,0.1,63626.33,4,4,63626.325,0.0,0.0,0.0,0.005,636263.3
1813071,IT,WM,OFFIC,HOTEL,0.2,63625.21,4,4,63625.205,0.0,0.0,0.0,0.005,318126.05
1813717,IT,WM,HOTEL,NATU1,0.46,63623.697,4,4,63623.692,0.0,0.0,0.0,0.005,138312.384783
1726409,IT,RO,FABRI,RAWMI,0.26,63623.353,4,4,63623.348,0.0,0.0,0.0,0.005,244705.203846
1791391,IT,WA,RETAI,NONF1,0.5,63621.65,4,4,63621.646,0.0,0.0,0.0,0.004,127243.3
1745617,IT,JP,TEXTI,FORES,0.38,63620.755,4,4,63620.747,0.0,0.0,0.0,0.008,167423.039474
1789203,IT,WA,PLAST,BIODI,0.13,63619.163,4,4,63619.157,0.0,0.0,0.0,0.006,489378.176923
1785622,IT,ZA,GASDI,RECRE,0.09,63618.156,4,4,63618.151,0.0,0.0,0.0,0.005,706868.4
1644304,IT,BE,FISHF,FISH5,0.11,63617.868,4,4,63617.866,0.0,0.0,0.0,0.002,578344.254545
1728585,IT,SE,PAPER,COLLE,0.25,63616.154,5,5,63615.148,0.0,1.0,0.0,0.006,254464.616
1664407,IT,EE,MACHI,RUBBE,0.35,63615.774,4,4,63615.769,0.0,0.0,0.0,0.005,181759.354286
1683848,IT,HR,MOTO1,TRANS,0.34,63615.332,4,4,63615.328,0.0,0.0,0.0,0.004,187103.917647
1769260,IT,AU,RUBBE,PLAST,0.21,63611.319,4,4,63611.313,0.0,0.0,0.0,0.006,302911.042857
1765220,IT,RU,OILSE,VEGE1,0.05,63605.311,4,4,63605.308,0.0,0.0,0.0,0.003,1272106.22
1728402,IT,SE,TEXTI,RECRE,0.38,63604.693,4,4,63604.685,0.0,0.0,0.0,0.008,167380.771053
1773388,IT,CH,MACHI,OILHA,0.35,63602.572,4,4,63602.567,0.0,0.0,0.0,0.005,181721.634286
1764077,IT,MX,FABRI,VEGE1,0.26,63602.205,4,4,63602.2,0.0,0.0,0.0,0.005,244623.865385
1789240,IT,WA,PLAST,DIST1,0.13,63601.834,4,4,63601.828,0.0,0.0,0.0,0.006,489244.876923
1743635,IT,US,HOTEL,ELE11,0.46,63601.131,4,4,63601.126,0.0,0.0,0.0,0.005,138263.328261
1729729,IT,SE,MACHI,TEXTI,0.35,63599.56,4,4,63599.555,0.0,0.0,0.0,0.005,181713.028571
1748069,IT,JP,BUSIN,ELE12,0.65,63599.382,4,4,63599.378,0.0,0.0,0.0,0.004,97845.203077
1643164,IT,AT,RETA1,COMPU,0.66,63588.76,4,4,63588.756,0.0,0.0,0.0,0.004,96346.606061
1751427,IT,CN,SEACO,RECRE,0.06,63586.418,3,3,63586.418,0.0,0.0,0.0,0.0,1059773.633333
1751692,IT,CN,INSUR,PFERT,1.31,63582.286,4,4,63582.283,0.0,0.0,0.0,0.003,48536.096183
1739170,IT,GB,RETA1,KEROS,0.66,63580.217,4,4,63580.213,0.0,0.0,0.0,0.004,96333.662121
1667078,IT,ES,NONME,COLLE,0.13,63576.869,4,4,63576.862,0.0,0.0,0.0,0.007,489052.838462
1732766,IT,SI,NONME,BASIC,0.13,63575.768,4,4,63575.761,0.0,0.0,0.0,0.007,489044.369231
1714641,IT,NL,MEATP,FOOD5,0.26,63575.358,4,4,63575.351,0.0,0.0,0.0,0.007,244520.607692
1753551,IT,CA,MACHI,BITU1,0.35,63574.899,4,4,63574.894,0.0,0.0,0.0,0.005,181642.568571
1800996,IT,WE,ALUM1,AUXIL,0.11,63574.825,4,4,63574.82,0.0,0.0,0.0,0.005,577952.954545
1678518,IT,GR,CEREA,CATTL,0.1,63571.647,4,4,63571.643,0.0,0.0,0.0,0.004,635716.47
1784233,IT,ID,PLAST,MOTO1,0.13,63571.237,4,4,63571.231,0.0,0.0,0.0,0.006,489009.515385
1732624,IT,SI,GLASS,OFFIC,0.17,63568.447,4,4,63568.443,0.0,0.0,0.0,0.004,373932.041176
1761078,IT,IN,PFERT,SUGAR,0.03,63567.808,4,4,63567.798,0.0,0.0,0.0,0.01,2118926.933333
1646363,IT,BE,FABRI,GLASS,0.26,63567.344,4,4,63567.339,0.0,0.0,0.0,0.005,244489.784615
1677238,IT,FR,POSTT,93197,1.05,63563.582,4,4,63563.577,0.0,0.0,0.0,0.005,60536.744762
1645985,IT,BE,CEMEN,POSTT,0.1,63561.357,4,4,63561.354,0.0,0.0,0.0,0.003,635613.57
1673675,IT,FR,PAPER,OILSE,0.25,63556.466,5,5,63555.46,0.0,1.0,0.0,0.006,254225.864
1680173,IT,GR,MOTO1,HOTEL,0.34,63551.733,4,4,63551.729,0.0,0.0,0.0,0.004,186916.861765
1674176,IT,FR,LIQUE,MEATC,0.11,63549.484,4,4,63549.479,0.0,0.0,0.0,0.005,577722.581818
1758641,IT,BR,TRANS,RENTI,0.38,63543.879,4,4,63543.876,0.0,0.0,0.0,0.003,167220.734211
1646181,IT,BE,ALUM1,GLASS,0.11,63536.321,4,4,63536.316,0.0,0.0,0.0,0.005,577602.918182
1801153,IT,WE,FABRI,PEAT2,0.26,63535.97,4,4,63535.965,0.0,0.0,0.0,0.005,244369.115385
1723385,IT,PT,BASIC,PREC1,0.07,63533.059,4,4,63533.055,0.0,0.0,0.0,0.004,907615.128571
1807996,IT,WF,PLAS1,MEMBE,0.23,63532.827,4,4,63532.823,0.0,0.0,0.0,0.004,276229.682609
1751447,IT,CN,AIRTR,CHEM1,0.07,63530.03,4,4,63530.028,0.0,0.0,0.0,0.002,907571.857143
1723838,IT,PT,MOTO1,RENTI,0.34,63526.087,4,4,63526.083,0.0,0.0,0.0,0.004,186841.432353
1809237,IT,WM,CRUDE,PAPER,0.13,63524.642,4,4,63524.637,0.0,0.0,0.0,0.005,488651.092308
1667903,IT,ES,MOTO1,MEDIC,0.34,63522.833,4,4,63522.829,0.0,0.0,0.0,0.004,186831.861765
1640647,IT,AT,BEVER,LANDT,0.27,63521.768,4,4,63521.764,0.0,0.0,0.0,0.004,235265.807407
1726968,IT,RO,HOTEL,NONME,0.46,63521.548,4,4,63521.543,0.0,0.0,0.0,0.005,138090.321739
1738382,IT,GB,PREC1,NONF1,0.11,63520.525,4,4,63520.522,0.0,0.0,0.0,0.003,577459.318182
1757491,IT,BR,PAPER,FINAN,0.25,63519.719,5,5,63518.713,0.0,1.0,0.0,0.006,254078.876
1682056,IT,HR,FISH5,CHEM1,0.27,63517.087,4,4,63517.054,0.0,0.0,0.0,0.033,235248.47037
1796578,IT,WL,HOTEL,BITUM,0.46,63512.588,4,4,63512.583,0.0,0.0,0.0,0.005,138070.843478
1760574,IT,IN,WOODW,BITUM,0.18,63509.742,4,4,63509.738,0.0,0.0,0.0,0.004,352831.9
1758698,IT,BR,SALEM,FINAN,0.51,63505.486,4,4,63505.482,0.0,0.0,0.0,0.004,124520.560784
1751886,IT,CN,COMPU,PRINT,0.73,63505.251,4,4,63505.247,0.0,0.0,0.0,0.004,86993.494521
1665218,IT,ES,FOOD5,DIST1,0.31,63499.789,4,4,63499.783,0.0,0.0,0.0,0.006,204838.029032
1648836,IT,BG,TEXTI,PRECI,0.38,63499.747,4,4,63499.739,0.0,0.0,0.0,0.008,167104.597368
1767151,IT,RU,RETAI,SALEM,0.5,63495.961,4,4,63495.957,0.0,0.0,0.0,0.004,126991.922
1674078,IT,FR,GASDI,WASTE,0.09,63494.917,4,4,63494.912,0.0,0.0,0.0,0.005,705499.077778
1738409,IT,GB,ALUM1,TEXTI,0.11,63493.838,4,4,63493.833,0.0,0.0,0.0,0.005,577216.709091
1646301,IT,BE,COPP1,BUSIN,0.16,63492.122,4,4,63492.119,0.0,0.0,0.0,0.003,396825.7625
1671384,IT,FI,FABRI,RAWMI,0.26,63488.446,4,4,63488.441,0.0,0.0,0.0,0.005,244186.330769
1741637,IT,US,HEAVY,TEXTI,0.1,63484.94,4,4,63484.935,0.0,0.0,0.0,0.005,634849.4
1742358,IT,US,NONME,MOTOR,0.13,63484.787,4,4,63484.78,0.0,0.0,0.0,0.007,488344.515385
1643382,IT,AT,LANDT,VEGET,0.41,63484.62,4,4,63484.617,0.0,0.0,0.0,0.003,154840.536585
1762207,IT,IN,SEACO,ALUM1,0.06,63484.321,3,3,63484.321,0.0,0.0,0.0,0.0,1058072.016667
1715422,IT,NL,MOTOR,MACHI,0.09,63482.862,4,4,63482.857,0.0,0.0,0.0,0.005,705365.133333
1787683,IT,WA,VEGE1,CRUDE,0.2,63480.471,4,4,63480.457,0.0,0.0,0.0,0.014,317402.355
1785427,IT,ZA,PAPER,CONST,0.25,63478.219,5,5,63477.213,0.0,1.0,0.0,0.006,253912.876
1676136,IT,FR,ELE11,ELE11,0.93,63474.362,4,4,63474.329,0.0,0.0,0.0,0.033,68252.002151
1743183,IT,US,MOTO1,INERT,0.34,63474.261,4,4,63474.257,0.0,0.0,0.0,0.004,186689.002941
1790359,IT,WA,ALUM1,PUBLI,0.11,63474.025,4,4,63474.02,0.0,0.0,0.0,0.005,577036.590909
1782819,IT,NO,HOTEL,RENTI,0.46,63473.131,4,4,63473.126,0.0,0.0,0.0,0.005,137985.067391
1732996,IT,SI,LEAD1,PULP5,0.11,63469.919,4,4,63469.914,0.0,0.0,0.0,0.005,576999.263636
1757103,IT,BR,VEGET,VEGET,0.22,63455.075,4,4,63455.073,0.0,0.0,0.0,0.002,288432.159091
1751416,IT,CN,SEACO,FINAN,0.06,63451.958,3,3,63451.958,0.0,0.0,0.0,0.0,1057532.633333
1748123,IT,JP,PUBLI,MEDIC,1.04,63449.6,4,4,63449.596,0.0,0.0,0.0,0.004,61009.230769
1673451,IT,FR,WEARI,INLAN,0.48,63449.257,4,4,63449.245,0.0,0.0,0.0,0.012,132185.952083
1812838,IT,WM,FABRI,RUBBE,0.26,63447.402,4,4,63447.397,0.0,0.0,0.0,0.005,244028.469231
1720149,IT,PL,COPP1,WOODW,0.16,63440.277,4,4,63440.274,0.0,0.0,0.0,0.003,396501.73125
1765638,IT,RU,WOODW,BUSIN,0.18,63440.209,4,4,63440.205,0.0,0.0,0.0,0.004,352445.605556
1642493,IT,AT,LEAD1,MOTO1,0.11,63439.953,4,4,63439.948,0.0,0.0,0.0,0.005,576726.845455
1764914,IT,MX,AIRTR,RECRE,0.07,63439.486,4,4,63439.484,0.0,0.0,0.0,0.002,906278.371429
1743069,IT,US,MOTO1,CATTL,0.34,63439.346,4,4,63439.342,0.0,0.0,0.0,0.004,186586.311765
1721031,IT,PL,HOTEL,GASDI,0.46,63438.464,4,4,63438.459,0.0,0.0,0.0,0.005,137909.704348
1665923,IT,ES,MOTOR,CEREA,0.09,63435.993,4,4,63435.988,0.0,0.0,0.0,0.005,704844.366667
1667534,IT,ES,FABRI,ELEC1,0.26,63426.414,4,4,63426.409,0.0,0.0,0.0,0.005,243947.746154
1723007,IT,PT,PLAST,MOTOR,0.13,63423.644,4,4,63423.638,0.0,0.0,0.0,0.006,487874.184615
1798713,IT,WE,DAIRY,RETA1,0.26,63422.538,4,4,63422.534,0.0,0.0,0.0,0.004,243932.838462
1647884,IT,BE,REALE,KERO1,2.68,63420.468,4,4,63420.464,0.0,0.0,0.0,0.004,23664.353731
1664861,IT,ES,FORES,DAIRY,0.55,63419.606,5,5,63395.604,0.0,24.0,0.0,0.002,115308.374545
1733054,IT,SI,COPP1,SECO9,0.16,63413.504,4,4,63413.501,0.0,0.0,0.0,0.003,396334.4
1644399,IT,BE,MEATC,INERT,0.21,63410.189,5,5,63409.185,0.0,1.0,0.0,0.004,301953.280952
1806338,IT,WF,OFFIC,HEALT,0.2,63410.107,4,4,63410.102,0.0,0.0,0.0,0.005,317050.535
1748332,IT,CN,VEGET,POULT,0.22,63409.127,4,4,63409.125,0.0,0.0,0.0,0.002,288223.304545
1766968,IT,RU,MOTO1,FURNI,0.34,63402.287,4,4,63402.283,0.0,0.0,0.0,0.004,186477.314706
1668721,IT,ES,LANDT,LUBRI,0.41,63396.731,4,4,63396.728,0.0,0.0,0.0,0.003,154626.173171
1676815,IT,FR,LANDT,ELECT,0.41,63396.068,4,4,63396.065,0.0,0.0,0.0,0.003,154624.556098
1736873,IT,SK,BUSIN,MACHI,0.65,63390.698,4,4,63390.694,0.0,0.0,0.0,0.004,97524.150769
1721430,IT,PL,AIRTR,WOODW,0.07,63389.919,4,4,63389.917,0.0,0.0,0.0,0.002,905570.271429
1646453,IT,BE,MACHI,KEROS,0.35,63386.581,4,4,63386.576,0.0,0.0,0.0,0.005,181104.517143
1720401,IT,PL,MACHI,VEGE1,0.35,63384.072,4,4,63384.067,0.0,0.0,0.0,0.005,181097.348571
1795144,IT,WL,RUBBE,NONF1,0.21,63383.736,4,4,63383.73,0.0,0.0,0.0,0.006,301827.314286
1767567,IT,RU,AIRTR,REALE,0.07,63381.259,4,4,63381.257,0.0,0.0,0.0,0.002,905446.557143
1803933,IT,WF,WEARI,LANDT,0.48,63378.86,4,4,63378.848,0.0,0.0,0.0,0.012,132039.291667
1644444,IT,BE,VEGE1,SUGA1,0.19,63374.107,4,4,63374.093,0.0,0.0,0.0,0.014,333547.931579
1717092,IT,NL,LANDT,RECRE,0.41,63361.379,4,4,63361.376,0.0,0.0,0.0,0.003,154539.94878
1653325,IT,CZ,GLASS,PAPER,0.17,63359.907,4,4,63359.903,0.0,0.0,0.0,0.004,372705.335294
1758086,IT,BR,GLASS,PFERT,0.17,63359.773,4,4,63359.769,0.0,0.0,0.0,0.004,372704.547059
1674412,IT,FR,CHEM1,HEALT,0.13,63358.253,4,4,63358.246,0.0,0.0,0.0,0.007,487371.176923
1688939,IT,IE,FABRI,MOTO1,0.26,63356.628,4,4,63356.623,0.0,0.0,0.0,0.005,243679.338462
1813496,IT,WM,SALEM,EDUCA,0.51,63352.941,4,4,63352.937,0.0,0.0,0.0,0.004,124221.452941
1743052,IT,US,OFFIC,FOOD3,0.2,63352.671,4,4,63352.666,0.0,0.0,0.0,0.005,316763.355
1811265,IT,WM,BITU1,VEGE1,0.1,63352.347,4,4,63352.342,0.0,0.0,0.0,0.005,633523.47
1794585,IT,WL,HEAVY,BASIC,0.1,63348.975,4,4,63348.97,0.0,0.0,0.0,0.005,633489.75
1736460,IT,SK,LANDT,HEALT,0.41,63348.245,4,4,63348.242,0.0,0.0,0.0,0.003,154507.914634
1804289,IT,WF,MOTOR,PULP5,0.09,63337.774,4,4,63337.769,0.0,0.0,0.0,0.005,703753.044444
1788289,IT,WA,LEATH,CEMEN,0.45,63335.613,4,4,63335.602,0.0,0.0,0.0,0.011,140745.806667
1662419,IT,DK,PREC1,OFFIC,0.11,63335.367,4,4,63335.364,0.0,0.0,0.0,0.003,575776.063636
1755976,IT,KR,ALUM1,FOUND,0.11,63331.474,4,4,63331.469,0.0,0.0,0.0,0.005,575740.672727
1739606,IT,GB,SEACO,MACHI,0.06,63331.273,3,3,63331.273,0.0,0.0,0.0,0.0,1055521.216667
1730246,IT,SE,SEACO,DAIRY,0.06,63331.114,3,3,63331.114,0.0,0.0,0.0,0.0,1055518.566667
1776829,IT,TR,NAPHT,BUSIN,0.11,63322.282,4,4,63322.277,0.0,0.0,0.0,0.005,575657.109091
1751589,IT,CN,POSTT,FURNI,1.04,63320.67,4,4,63320.665,0.0,0.0,0.0,0.005,60885.259615
1686268,IT,HU,CERAM,RETA1,0.1,63314.871,4,4,63314.868,0.0,0.0,0.0,0.003,633148.71
1796624,IT,WL,HOTEL,NONME,0.46,63313.963,4,4,63313.958,0.0,0.0,0.0,0.005,137639.05
1769426,IT,AU,NONME,CRUDE,0.13,63313.942,4,4,63313.935,0.0,0.0,0.0,0.007,487030.323077
1796194,IT,WL,FURNI,GLASS,0.2,63306.994,4,4,63306.989,0.0,0.0,0.0,0.005,316534.97
1644441,IT,BE,VEGE1,VEGE1,0.19,63295.061,4,4,63295.047,0.0,0.0,0.0,0.014,333131.9
1649772,IT,BG,BASIC,COLLE,0.07,63292.664,4,4,63292.66,0.0,0.0,0.0,0.004,904180.914286
1808505,IT,WF,FOOD4,BUSIN,0.46,63286.532,4,4,63286.528,0.0,0.0,0.0,0.004,137579.417391
1726953,IT,RO,HOTEL,GASDI,0.46,63281.727,4,4,63281.722,0.0,0.0,0.0,0.005,137568.971739
1728374,IT,SE,TEXTI,FURNI,0.37,63280.728,4,4,63280.72,0.0,0.0,0.0,0.008,171028.994595
1665303,IT,ES,BEVER,REALE,0.27,63280.523,4,4,63280.519,0.0,0.0,0.0,0.004,234372.307407
1799742,IT,WE,KEROS,CEMEN,0.09,63279.582,4,4,63279.577,0.0,0.0,0.0,0.005,703106.466667
1675673,IT,FR,TRANS,CONST,0.38,63269.204,4,4,63269.201,0.0,0.0,0.0,0.003,166497.905263
1660660,IT,DE,REALE,HEALT,2.67,63265.115,4,4,63265.111,0.0,0.0,0.0,0.004,23694.799625
1686454,IT,HU,BASIC,FOODW,0.07,63264.124,4,4,63264.12,0.0,0.0,0.0,0.004,903773.2
1723143,IT,PT,CHEM1,INERT,0.13,63257.939,4,4,63257.932,0.0,0.0,0.0,0.007,486599.530769
1642435,IT,AT,ALUM1,CEMEN,0.11,63257.619,4,4,63257.614,0.0,0.0,0.0,0.005,575069.263636
1788525,IT,WA,PAPER,MEATC,0.25,63255.123,5,5,63254.117,0.0,1.0,0.0,0.006,253020.492
1653318,IT,CZ,GLASS,BEVER,0.17,63252.278,4,4,63252.274,0.0,0.0,0.0,0.004,372072.223529
1650953,IT,BG,AIRTR,PUBLI,0.07,63248.935,4,4,63248.933,0.0,0.0,0.0,0.002,903556.214286
1761578,IT,IN,NONF1,PRINT,0.01,63246.524,3,3,63246.524,0.0,0.0,0.0,0.0,6324652.4
1755880,IT,KR,NONME,TRANS,0.13,63243.902,4,4,63243.895,0.0,0.0,0.0,0.007,486491.553846
1781221,IT,NO,VEGET,RESEA,0.22,63238.982,4,4,63238.98,0.0,0.0,0.0,0.002,287449.918182
1643435,IT,AT,LANDT,GLASS,0.41,63237.927,4,4,63237.924,0.0,0.0,0.0,0.003,154238.846341
1730309,IT,SE,AIRTR,HOTEL,0.07,63237.352,4,4,63237.35,0.0,0.0,0.0,0.002,903390.742857
1777686,IT,TR,COPP1,RUBBE,0.16,63235.097,4,4,63235.094,0.0,0.0,0.0,0.003,395219.35625
1791159,IT,WA,FURNI,POULT,0.2,63233.997,4,4,63233.992,0.0,0.0,0.0,0.005,316169.985
1729487,IT,SE,ALUM1,BASIC,0.11,63233.858,4,4,63233.853,0.0,0.0,0.0,0.005,574853.254545
1661597,IT,DK,BEVER,RENTI,0.27,63233.272,4,4,63233.268,0.0,0.0,0.0,0.004,234197.303704
1804233,IT,WF,PRINT,93197,0.61,63222.724,4,4,63222.719,0.0,0.0,0.0,0.005,103643.809836
1654633,IT,CZ,LANDT,FOOD5,0.41,63220.741,4,4,63220.738,0.0,0.0,0.0,0.003,154196.929268
1679103,IT,GR,PAPER,WEARI,0.24,63212.306,5,5,63211.3,0.0,1.0,0.0,0.006,263384.608333
1812683,IT,WM,COPP1,ELEC2,0.16,63209.774,4,4,63209.771,0.0,0.0,0.0,0.003,395061.0875
1660078,IT,DE,AIRTR,ALUM1,0.07,63207.98,4,4,63207.978,0.0,0.0,0.0,0.002,902971.142857
1676648,IT,FR,HOTEL,WASTE,0.46,63201.955,4,4,63201.95,0.0,0.0,0.0,0.005,137395.554348
1760970,IT,IN,NAPHT,PRINT,0.11,63178.346,4,4,63178.341,0.0,0.0,0.0,0.005,574348.6
1783650,IT,NO,FOOD3,FOOD2,0.18,63174.023,4,4,63174.02,0.0,0.0,0.0,0.003,350966.794444
1689835,IT,IE,INSUR,HOTEL,1.3,63172.412,4,4,63172.409,0.0,0.0,0.0,0.003,48594.163077
1750878,IT,CN,FURNI,AUXIL,0.2,63168.722,4,4,63168.717,0.0,0.0,0.0,0.005,315843.61
1640741,IT,AT,TEXTI,NONME,0.37,63167.747,4,4,63167.739,0.0,0.0,0.0,0.008,170723.640541
1671526,IT,FI,MACHI,REALE,0.35,63160.765,4,4,63160.76,0.0,0.0,0.0,0.005,180459.328571
1811058,IT,WM,HEAVY,REFI1,0.1,63156.044,4,4,63156.039,0.0,0.0,0.0,0.005,631560.44
1784983,IT,ID,INSUR,INSUR,1.3,63155.873,4,4,63155.87,0.0,0.0,0.0,0.003,48581.440769
1801836,IT,WE,ELEC7,PAPER,0.04,63155.373,3,3,63155.373,0.0,0.0,0.0,0.0,1578884.325
1661335,IT,DK,MEATC,FISHF,0.21,63149.908,5,5,63148.904,0.0,1.0,0.0,0.004,300713.847619
1769331,IT,AU,GLASS,RUBBE,0.17,63143.563,4,4,63143.559,0.0,0.0,0.0,0.004,371432.723529
1656611,IT,DE,PRINT,TRANS,0.61,63138.106,4,4,63138.101,0.0,0.0,0.0,0.005,103505.091803
1682630,IT,HR,KEROS,BASIC,0.09,63136.703,4,4,63136.698,0.0,0.0,0.0,0.005,701518.922222
1731320,IT,SI,VEGE1,EDUCA,0.19,63136.603,4,4,63136.589,0.0,0.0,0.0,0.014,332297.910526
1758864,IT,BR,HOTEL,LIQUI,0.46,63136.143,4,4,63136.138,0.0,0.0,0.0,0.005,137252.484783
1748021,IT,JP,BUSIN,COKEO,0.65,63136.018,4,4,63136.014,0.0,0.0,0.0,0.004,97132.335385
1648693,IT,BG,FOOD5,MEATA,0.3,63135.714,4,4,63135.708,0.0,0.0,0.0,0.006,210452.38
1771413,IT,CH,FOOD5,COLLE,0.3,63132.234,4,4,63132.228,0.0,0.0,0.0,0.006,210440.78
1772809,IT,CH,NONME,SUPPO,0.13,63126.024,4,4,63126.017,0.0,0.0,0.0,0.007,485584.8
1803599,IT,WF,FOOD5,RAWMI,0.3,63124.797,4,4,63124.791,0.0,0.0,0.0,0.006,210415.99
1760998,IT,IN,NONSP,BITUM,0.08,63123.678,4,4,63123.675,0.0,0.0,0.0,0.003,789045.975
1776616,IT,TR,GASDI,CEMEN,0.09,63120.136,4,4,63120.131,0.0,0.0,0.0,0.005,701334.844444
1789983,IT,WA,NONME,FOOD5,0.13,63119.4,4,4,63119.393,0.0,0.0,0.0,0.007,485533.846154
1809160,IT,WM,CATTL,CRUDE,0.14,63116.203,5,5,63115.199,0.0,1.0,0.0,0.004,450830.021429
1681573,IT,GR,BUSIN,FINAN,0.65,63114.331,4,4,63114.327,0.0,0.0,0.0,0.004,97098.970769
1737661,IT,GB,PRINT,WOODW,0.61,63112.754,4,4,63112.749,0.0,0.0,0.0,0.005,103463.531148
1766911,IT,RU,OFFIC,REALE,0.2,63110.192,4,4,63110.187,0.0,0.0,0.0,0.005,315550.96
1710450,IT,LT,LANDT,CHEM1,0.41,63109.551,4,4,63109.548,0.0,0.0,0.0,0.003,153925.734146
1648800,IT,BG,BEVER,BUSIN,0.27,63104.251,4,4,63104.247,0.0,0.0,0.0,0.004,233719.448148
1779091,IT,TR,SUPPO,BASIC,0.45,63101.617,4,4,63101.614,0.0,0.0,0.0,0.003,140225.815556
1755503,IT,KR,CHEM1,NONFE,0.13,63099.216,4,4,63099.209,0.0,0.0,0.0,0.007,485378.584615
1809535,IT,WM,MEAT4,93197,0.35,63095.729,4,4,63095.725,0.0,0.0,0.0,0.004,180273.511429
1805464,IT,WF,GLASS,RADIO,0.17,63090.105,4,4,63090.101,0.0,0.0,0.0,0.004,371118.264706
1647842,IT,BE,AUXIL,SEACO,1.15,63090.097,4,4,63090.094,0.0,0.0,0.0,0.003,54860.953913
1677470,IT,FR,AUXIL,FISHF,1.15,63089.695,4,4,63089.692,0.0,0.0,0.0,0.003,54860.604348
1723579,IT,PT,FABRI,PRINT,0.26,63088.464,4,4,63088.459,0.0,0.0,0.0,0.005,242647.938462
1799572,IT,WE,PRINT,FINAN,0.61,63087.744,4,4,63087.739,0.0,0.0,0.0,0.005,103422.531148
1715140,IT,NL,LEATH,MACHI,0.45,63086.325,4,4,63086.314,0.0,0.0,0.0,0.011,140191.833333
1646884,IT,BE,WHOLE,WOODW,0.55,63084.087,4,4,63084.083,0.0,0.0,0.0,0.004,114698.34
1756309,IT,KR,MOTO1,SECO9,0.34,63082.49,4,4,63082.486,0.0,0.0,0.0,0.004,185536.735294
1725868,IT,RO,HEAVY,MEATP,0.1,63082.353,4,4,63082.348,0.0,0.0,0.0,0.005,630823.53
1682985,IT,HR,CHEM1,SANDC,0.13,63076.577,4,4,63076.57,0.0,0.0,0.0,0.007,485204.438462
1805470,IT,WF,GLASS,WHOLE,0.17,63074.125,4,4,63074.121,0.0,0.0,0.0,0.004,371024.264706
1766665,IT,RU,FABRI,ELEC2,0.26,63071.852,4,4,63071.847,0.0,0.0,0.0,0.005,242584.046154
1740840,IT,US,VEGE1,CONST,0.19,63070.579,4,4,63070.565,0.0,0.0,0.0,0.014,331950.415789
1793957,IT,WL,LEATH,PUBLI,0.45,63060.972,4,4,63060.961,0.0,0.0,0.0,0.011,140135.493333
1717290,IT,NL,POSTT,PUBLI,1.04,63058.665,4,4,63058.66,0.0,0.0,0.0,0.005,60633.331731
1645466,IT,BE,NAPHT,RENTI,0.11,63053.603,4,4,63053.598,0.0,0.0,0.0,0.005,573214.572727
1814085,IT,WM,AIRTR,TEXTI,0.07,63052.508,4,4,63052.506,0.0,0.0,0.0,0.002,900750.114286
1659741,IT,DE,RAILW,REALE,0.42,63051.935,4,4,63051.932,0.0,0.0,0.0,0.003,150123.654762
1778172,IT,TR,FURNI,FISHF,0.2,63045.036,4,4,63045.031,0.0,0.0,0.0,0.005,315225.18
1685171,IT,HU,BEVER,CHEM1,0.27,63044.879,4,4,63044.875,0.0,0.0,0.0,0.004,233499.551852
1754254,IT,CA,POSTT,SALEM,1.04,63042.823,4,4,63042.818,0.0,0.0,0.0,0.005,60618.099038
1709901,IT,LT,CEMEN,REALE,0.1,63041.091,4,4,63041.088,0.0,0.0,0.0,0.003,630410.91
1773448,IT,CH,OFFIC,ELECT,0.2,63040.628,4,4,63040.623,0.0,0.0,0.0,0.005,315203.14
1750724,IT,CN,MOTO1,EDUCA,0.34,63029.761,4,4,63029.757,0.0,0.0,0.0,0.004,185381.65
1757820,IT,BR,PFERT,MOTO1,0.03,63024.374,4,4,63024.364,0.0,0.0,0.0,0.01,2100812.466667
1677805,IT,FR,COMPU,REALE,0.72,63014.168,4,4,63014.164,0.0,0.0,0.0,0.004,87519.677778
1640273,IT,AT,STONE,WHOLE,0.2,63012.331,5,5,63008.328,0.0,0.0,4.0,0.003,315061.655
1720691,IT,PL,MOTO1,HEALT,0.34,63010.264,4,4,63010.26,0.0,0.0,0.0,0.004,185324.305882
1652984,IT,CZ,PLAST,VEGET,0.13,63009.982,4,4,63009.976,0.0,0.0,0.0,0.006,484692.169231
1771558,IT,CH,TEXTI,NONME,0.37,63009.639,4,4,63009.631,0.0,0.0,0.0,0.008,170296.321622
1728682,IT,SE,PRINT,BUSIN,0.6,63007.463,4,4,63007.458,0.0,0.0,0.0,0.005,105012.438333
1730186,IT,SE,LANDT,ELECT,0.41,63007.324,4,4,63007.321,0.0,0.0,0.0,0.003,153676.4
1718608,IT,PL,LEATH,RUBBE,0.45,63006.207,4,4,63006.196,0.0,0.0,0.0,0.011,140013.793333
1761049,IT,IN,PLAST,PREC1,0.13,63006.155,4,4,63006.149,0.0,0.0,0.0,0.006,484662.730769
1674677,IT,FR,GLASS,ADDIT,0.17,63005.583,4,4,63005.579,0.0,0.0,0.0,0.004,370621.076471
1780385,IT,TW,AIRTR,AIRTR,0.07,63004.561,4,4,63004.559,0.0,0.0,0.0,0.002,900065.157143
1758625,IT,BR,TRANS,MACHI,0.38,62989.288,4,4,62989.285,0.0,0.0,0.0,0.003,165761.284211
1814476,IT,WM,COMPU,EDUCA,0.72,62985.786,4,4,62985.782,0.0,0.0,0.0,0.004,87480.258333
1661475,IT,DK,PROCE,HOTEL,0.43,62985.183,4,4,62985.179,0.0,0.0,0.0,0.004,146477.169767
1672057,IT,FI,AIRTR,REALE,0.07,62979.93,4,4,62979.928,0.0,0.0,0.0,0.002,899713.285714
1684091,IT,HR,HOTEL,FINAN,0.46,62977.524,4,4,62977.519,0.0,0.0,0.0,0.005,136907.66087
1756177,IT,KR,MACHI,LIQUE,0.35,62976.649,4,4,62976.644,0.0,0.0,0.0,0.005,179933.282857
1653732,IT,CZ,COPP1,BITU1,0.16,62975.918,4,4,62975.915,0.0,0.0,0.0,0.003,393599.4875
1776064,IT,TR,TEXTI,RESEA,0.37,62975.628,4,4,62975.62,0.0,0.0,0.0,0.008,170204.4
1810826,IT,WM,KEROS,NONME,0.09,62971.525,4,4,62971.52,0.0,0.0,0.0,0.005,699683.611111
1675129,IT,FR,COPP1,NUCLE,0.16,62971.415,4,4,62971.412,0.0,0.0,0.0,0.003,393571.34375
1716116,IT,NL,PREC1,CROPS,0.11,62969.651,4,4,62969.648,0.0,0.0,0.0,0.003,572451.372727
1671939,IT,FI,LANDT,PULP5,0.41,62967.049,4,4,62967.046,0.0,0.0,0.0,0.003,153578.168293
1712465,IT,LV,ALUM1,MACHI,0.11,62966.62,4,4,62966.615,0.0,0.0,0.0,0.005,572423.818182
1802190,IT,WE,HOTEL,SALEM,0.46,62956.505,4,4,62956.5,0.0,0.0,0.0,0.005,136861.967391
1768291,IT,AU,OILSE,FOOD5,0.05,62955.716,4,4,62955.713,0.0,0.0,0.0,0.003,1259114.32
1752085,IT,CN,BUSIN,MOTOR,0.65,62950.109,4,4,62950.105,0.0,0.0,0.0,0.004,96846.321538
1642162,IT,AT,CERAM,DISTR,0.1,62947.54,4,4,62947.537,0.0,0.0,0.0,0.003,629475.4
1667200,IT,ES,PREC1,TEXTI,0.11,62943.614,4,4,62943.611,0.0,0.0,0.0,0.003,572214.672727
1801035,IT,WE,LEAD1,BUSIN,0.11,62940.683,4,4,62940.678,0.0,0.0,0.0,0.005,572188.027273
1661840,IT,DK,PAPER,TOBAC,0.24,62939.413,5,5,62938.407,0.0,1.0,0.0,0.006,262247.554167
1740173,IT,GB,BUSIN,CROPS,0.65,62937.897,4,4,62937.893,0.0,0.0,0.0,0.004,96827.533846
1799777,IT,WE,KEROS,RECRE,0.09,62935.662,4,4,62935.657,0.0,0.0,0.0,0.005,699285.133333
1783549,IT,NO,FOOD1,ALUM1,0.32,62930.414,4,4,62930.406,0.0,0.0,0.0,0.008,196657.54375
1663832,IT,EE,TEXTI,LEATH,0.37,62928.371,4,4,62928.363,0.0,0.0,0.0,0.008,170076.678378
1673668,IT,FR,PULP5,FURNI,0.19,62927.207,4,4,62927.201,0.0,0.0,0.0,0.006,331195.826316
1646691,IT,BE,FURNI,RAILW,0.2,62924.615,4,4,62924.61,0.0,0.0,0.0,0.005,314623.075
1758005,IT,BR,RUBBE,NFERT,0.21,62915.78,4,4,62915.774,0.0,0.0,0.0,0.006,299598.952381
1728675,IT,SE,PRINT,POSTT,0.6,62915.017,4,4,62915.012,0.0,0.0,0.0,0.005,104858.361667
1809345,IT,WM,SANDC,MOTOR,0.14,62914.405,5,5,62900.403,0.0,0.0,14.0,0.002,449388.607143
1771726,IT,CH,LEATH,BEVER,0.45,62913.96,4,4,62913.949,0.0,0.0,0.0,0.011,139808.8
1785138,IT,ZA,DAIRY,RETA1,0.26,62905.524,4,4,62905.52,0.0,0.0,0.0,0.004,241944.323077
1757530,IT,BR,PRINT,PUBLI,0.6,62904.195,4,4,62904.19,0.0,0.0,0.0,0.005,104840.325
1682417,IT,HR,PAPER,HEAVY,0.24,62903.661,5,5,62902.655,0.0,1.0,0.0,0.006,262098.5875
1755192,IT,KR,WOODW,MEATC,0.18,62895.957,4,4,62895.953,0.0,0.0,0.0,0.004,349421.983333
1652092,IT,CZ,SANDC,FOUND,0.14,62895.314,5,5,62881.312,0.0,0.0,14.0,0.002,449252.242857
1640808,IT,AT,WEARI,FABRI,0.47,62894.715,4,4,62894.703,0.0,0.0,0.0,0.012,133818.542553
1733413,IT,SI,ELEC2,PUBLI,0.02,62891.905,4,4,62891.898,0.0,0.0,0.0,0.007,3144595.25
1744357,IT,US,FINAN,RECRE,0.82,62891.486,4,4,62891.484,0.0,0.0,0.0,0.002,76696.934146
1742369,IT,US,NONME,BIOGA,0.13,62887.366,4,4,62887.359,0.0,0.0,0.0,0.007,483748.969231
1664359,IT,EE,FABRI,WHOLE,0.26,62882.547,4,4,62882.542,0.0,0.0,0.0,0.005,241855.95
1653540,IT,CZ,BASIC,SECO9,0.07,62878.326,4,4,62878.322,0.0,0.0,0.0,0.004,898261.8
1795626,IT,WL,FABRI,VEGE1,0.26,62874.132,4,4,62874.127,0.0,0.0,0.0,0.005,241823.584615
1666710,IT,ES,RUBBE,FISHF,0.21,62870.533,4,4,62870.527,0.0,0.0,0.0,0.006,299383.490476
1762198,IT,IN,SEACO,CHEM1,0.06,62868.397,3,3,62868.397,0.0,0.0,0.0,0.0,1047806.616667
1649991,IT,BG,MACHI,VEGET,0.35,62865.061,4,4,62865.056,0.0,0.0,0.0,0.005,179614.46
1786407,IT,ZA,MACHI,LANDT,0.35,62863.106,4,4,62863.101,0.0,0.0,0.0,0.005,179608.874286
1751957,IT,CN,RESEA,VEGET,0.34,62861.834,4,4,62861.83,0.0,0.0,0.0,0.004,184887.747059
1765191,IT,MX,BUSIN,HOTEL,0.65,62857.257,4,4,62857.253,0.0,0.0,0.0,0.004,96703.472308
1681572,IT,GR,BUSIN,POSTT,0.65,62849.061,4,4,62849.057,0.0,0.0,0.0,0.004,96690.863077
1735490,IT,SK,BASIC,INERT,0.07,62848.021,4,4,62848.017,0.0,0.0,0.0,0.004,897828.871429
1739835,IT,GB,FINAN,WOODW,0.82,62847.929,4,4,62847.927,0.0,0.0,0.0,0.002,76643.815854
1748010,IT,JP,BUSIN,FOOD5,0.65,62847.468,4,4,62847.464,0.0,0.0,0.0,0.004,96688.412308
1641747,IT,AT,CHEM1,SANDC,0.13,62846.722,4,4,62846.715,0.0,0.0,0.0,0.007,483436.323077
1811079,IT,WM,HEAVY,FABRI,0.1,62838.555,4,4,62838.55,0.0,0.0,0.0,0.005,628385.55
1772228,IT,CH,GASDI,MEMBE,0.09,62838.502,4,4,62838.497,0.0,0.0,0.0,0.005,698205.577778
1809614,IT,WM,DAIRY,CRUDE,0.26,62838.052,4,4,62838.048,0.0,0.0,0.0,0.004,241684.815385
1752786,IT,CA,WOODW,REALE,0.18,62836.678,4,4,62836.674,0.0,0.0,0.0,0.004,349092.655556
1794224,IT,WL,PRINT,SUPPO,0.6,62831.659,4,4,62831.654,0.0,0.0,0.0,0.005,104719.431667
1728762,IT,SE,GASDI,SUPPO,0.09,62829.057,4,4,62829.052,0.0,0.0,0.0,0.005,698100.633333
1665062,IT,ES,MEAT4,FOOD5,0.35,62826.727,4,4,62826.723,0.0,0.0,0.0,0.004,179504.934286
1773793,IT,CH,ELEC2,RENTI,0.02,62826.623,4,4,62826.616,0.0,0.0,0.0,0.007,3141331.15
1678856,IT,GR,FISH5,RAWMI,0.26,62825.575,4,4,62825.543,0.0,0.0,0.0,0.032,241636.826923
1667409,IT,ES,COPP1,ELEC4,0.16,62821.407,4,4,62821.404,0.0,0.0,0.0,0.003,392633.79375
1778876,IT,TR,SEACO,IRONO,0.06,62819.354,3,3,62819.354,0.0,0.0,0.0,0.0,1046989.233333
1642489,IT,AT,LEAD1,FOUND,0.11,62811.174,4,4,62811.169,0.0,0.0,0.0,0.005,571010.672727
1799211,IT,WE,LEATH,COKIN,0.45,62803.09,4,4,62803.079,0.0,0.0,0.0,0.011,139562.422222
1766451,IT,RU,BASIC,TEXT2,0.07,62800.561,4,4,62800.557,0.0,0.0,0.0,0.004,897150.871429
1645071,IT,BE,PAPER,COPP1,0.24,62798.071,5,5,62797.065,0.0,1.0,0.0,0.006,261658.629167
1723447,IT,PT,PREC1,CONST,0.11,62797.575,4,4,62797.572,0.0,0.0,0.0,0.003,570887.045455
1710773,IT,LU,TEXTI,EDUCA,0.37,62787.398,4,4,62787.39,0.0,0.0,0.0,0.008,169695.67027
1640242,IT,AT,FISHF,FISH5,0.11,62783.768,4,4,62783.766,0.0,0.0,0.0,0.002,570761.527273
1642296,IT,AT,BASIC,CHEMI,0.07,62780.474,4,4,62780.47,0.0,0.0,0.0,0.004,896863.914286
1652044,IT,CZ,OILSE,KEROS,0.05,62767.676,4,4,62767.673,0.0,0.0,0.0,0.003,1255353.52
1659506,IT,DE,RETA1,FURNI,0.66,62763.545,4,4,62763.541,0.0,0.0,0.0,0.004,95096.280303
1801619,IT,WE,TRANS,BUSIN,0.37,62759.002,4,4,62758.999,0.0,0.0,0.0,0.003,169618.924324
1641656,IT,AT,PETRO,HEAVY,0.11,62757.255,4,4,62757.25,0.0,0.0,0.0,0.005,570520.5
1791918,IT,WA,SEACO,CROPS,0.06,62756.622,3,3,62756.622,0.0,0.0,0.0,0.0,1045943.7
1778156,IT,TR,TRANS,AIRTR,0.37,62751.076,4,4,62751.073,0.0,0.0,0.0,0.003,169597.502703
1749137,IT,CN,WOODW,RAILW,0.18,62749.489,4,4,62749.485,0.0,0.0,0.0,0.004,348608.272222
1756263,IT,KR,OFFIC,ALUM1,0.19,62747.983,4,4,62747.978,0.0,0.0,0.0,0.005,330252.542105
1763146,IT,MX,LEATH,FOOD5,0.45,62746.69,4,4,62746.679,0.0,0.0,0.0,0.011,139437.088889
1793187,IT,WA,93197,WHOLE,0.42,62742.962,4,4,62742.956,0.0,0.0,0.0,0.006,149388.004762
1721458,IT,PL,AIRTR,HOTEL,0.07,62737.929,4,4,62737.927,0.0,0.0,0.0,0.002,896256.128571
1791022,IT,WA,MOTO1,RECRE,0.33,62736.422,4,4,62736.418,0.0,0.0,0.0,0.004,190110.369697
1662027,IT,DK,PLAST,FURNI,0.13,62736.201,4,4,62736.195,0.0,0.0,0.0,0.006,482586.161538
1673050,IT,FR,FOOD5,KEROS,0.3,62733.57,4,4,62733.564,0.0,0.0,0.0,0.006,209111.9
1770326,IT,AU,HOTEL,FOOD1,0.45,62733.091,4,4,62733.086,0.0,0.0,0.0,0.005,139406.868889
1710474,IT,LT,LANDT,WHOLE,0.4,62732.065,4,4,62732.062,0.0,0.0,0.0,0.003,156830.1625
1674170,IT,FR,LIQUE,PIGS9,0.11,62727.217,4,4,62727.212,0.0,0.0,0.0,0.005,570247.427273
1773331,IT,CH,MACHI,BASIC,0.35,62726.148,4,4,62726.143,0.0,0.0,0.0,0.005,179217.565714
1770243,IT,AU,HOTEL,COKEO,0.45,62725.255,4,4,62725.25,0.0,0.0,0.0,0.005,139389.455556
1644079,IT,AT,BUSIN,LANDT,0.64,62719.192,4,4,62719.188,0.0,0.0,0.0,0.004,97998.7375
1788466,IT,WA,PULP5,CERAM,0.19,62715.081,4,4,62715.075,0.0,0.0,0.0,0.006,330079.373684
1750713,IT,CN,MOTO1,AIRTR,0.33,62707.811,4,4,62707.807,0.0,0.0,0.0,0.004,190023.669697
1640494,IT,AT,DAIRY,RECRE,0.25,62694.848,4,4,62694.844,0.0,0.0,0.0,0.004,250779.392
1795605,IT,WL,FABRI,POULT,0.26,62693.368,4,4,62693.364,0.0,0.0,0.0,0.004,241128.338462
1753629,IT,CA,MACHI,INERT,0.35,62686.196,4,4,62686.191,0.0,0.0,0.0,0.005,179103.417143
1763640,IT,MX,RUBBE,COPPE,0.21,62683.666,4,4,62683.66,0.0,0.0,0.0,0.006,298493.647619
1773802,IT,CH,ELEC2,93197,0.02,62683.526,4,4,62683.519,0.0,0.0,0.0,0.007,3134176.3
1651191,IT,BG,BUSIN,OFFIC,0.64,62676.458,4,4,62676.454,0.0,0.0,0.0,0.004,97931.965625
1716371,IT,NL,MACHI,NATUR,0.35,62672.146,4,4,62672.141,0.0,0.0,0.0,0.005,179063.274286
1741843,IT,US,PFERT,CONST,0.03,62671.661,4,4,62671.651,0.0,0.0,0.0,0.01,2089055.366667
1754018,IT,CA,SEACO,VEGE1,0.06,62670.877,3,3,62670.877,0.0,0.0,0.0,0.0,1044514.616667
1754061,IT,CA,SEACO,RECRE,0.06,62669.542,3,3,62669.542,0.0,0.0,0.0,0.0,1044492.366667
1791891,IT,WA,TRAN2,MEAT4,0.1,62669.076,4,4,62669.074,0.0,0.0,0.0,0.002,626690.76
1783603,IT,NO,FOOD2,PAPE1,0.36,62668.505,4,4,62668.501,0.0,0.0,0.0,0.004,174079.180556
1728777,IT,SE,HEAVY,KEROS,0.1,62664.469,4,4,62664.464,0.0,0.0,0.0,0.005,626644.69
1728035,IT,SE,CHEMI,WHOLE,0.15,62663.708,5,5,62660.702,0.0,0.0,3.0,0.006,417758.053333
1813480,IT,WM,SALEM,SALEM,0.51,62662.296,4,4,62662.292,0.0,0.0,0.0,0.004,122867.247059
1751711,IT,CN,INSUR,MOTO1,1.29,62661.89,4,4,62661.887,0.0,0.0,0.0,0.003,48575.108527
1657165,IT,DE,NFERT,RAWMI,0.01,62661.391,4,4,62661.386,0.0,0.0,0.0,0.005,6266139.1
1709748,IT,LT,CHEM1,EDUCA,0.13,62661.387,4,4,62661.38,0.0,0.0,0.0,0.007,482010.669231
1793886,IT,WL,TEXTI,MEMBE,0.37,62660.142,4,4,62660.134,0.0,0.0,0.0,0.008,169351.735135
1750478,IT,CN,MACHI,HEAVY,0.35,62659.504,4,4,62659.499,0.0,0.0,0.0,0.005,179027.154286
1673515,IT,FR,LEATH,PAPER,0.45,62658.34,4,4,62658.329,0.0,0.0,0.0,0.011,139240.755556
1736207,IT,SK,WHOLE,BUSIN,0.54,62653.498,4,4,62653.494,0.0,0.0,0.0,0.004,116024.996296
1661950,IT,DK,GASDI,INLAN,0.09,62652.258,4,4,62652.253,0.0,0.0,0.0,0.005,696136.2
1791161,IT,WA,FURNI,ANIMA,0.2,62650.29,4,4,62650.285,0.0,0.0,0.0,0.005,313251.45
1733275,IT,SI,MACHI,93197,0.35,62649.77,4,4,62649.765,0.0,0.0,0.0,0.005,178999.342857
1654325,IT,CZ,ELEC2,POSTT,0.02,62649.042,4,4,62649.035,0.0,0.0,0.0,0.007,3132452.1
1796682,IT,WL,RAILW,CRUDE,0.42,62644.787,4,4,62644.784,0.0,0.0,0.0,0.003,149154.254762
1673036,IT,FR,FOOD5,VEGE1,0.3,62639.831,4,4,62639.825,0.0,0.0,0.0,0.006,208799.436667
1731700,IT,SI,WOODW,REALE,0.18,62635.679,4,4,62635.675,0.0,0.0,0.0,0.004,347975.994444
1711744,IT,LU,BUSIN,REALE,0.64,62628.429,4,4,62628.425,0.0,0.0,0.0,0.004,97856.920312
1777658,IT,TR,LEAD1,LEAD1,0.11,62618.546,4,4,62618.541,0.0,0.0,0.0,0.005,569259.509091
1729039,IT,SE,RUBBE,PRINT,0.21,62616.027,4,4,62616.021,0.0,0.0,0.0,0.006,298171.557143
1794110,IT,WL,PAPER,OFFIC,0.24,62605.694,5,5,62604.688,0.0,1.0,0.0,0.006,260857.058333
1795643,IT,WL,FABRI,KEROS,0.25,62602.762,4,4,62602.758,0.0,0.0,0.0,0.004,250411.048
1791998,IT,WA,SEACO,COMPU,0.06,62602.455,3,3,62602.455,0.0,0.0,0.0,0.0,1043374.25
1762937,IT,MX,VEGE1,CATTL,0.19,62597.511,4,4,62597.497,0.0,0.0,0.0,0.014,329460.584211
1674308,IT,FR,NFERT,PIGS9,0.01,62595.561,4,4,62595.556,0.0,0.0,0.0,0.005,6259556.1
1663328,IT,DK,AIRTR,AIRTR,0.07,62593.731,4,4,62593.729,0.0,0.0,0.0,0.002,894196.157143
1798779,IT,WE,FOOD5,WEARI,0.3,62588.455,4,4,62588.449,0.0,0.0,0.0,0.006,208628.183333
1776969,IT,TR,NFERT,OILSE,0.01,62585.043,4,4,62585.038,0.0,0.0,0.0,0.005,6258504.3
1757217,IT,BR,VEGE1,POULT,0.19,62581.383,4,4,62581.369,0.0,0.0,0.0,0.014,329375.7
1810530,IT,WM,PAPER,RUBBE,0.24,62565.326,5,5,62564.32,0.0,1.0,0.0,0.006,260688.858333
1722517,IT,PT,FOOD5,WHOLE,0.3,62563.724,4,4,62563.718,0.0,0.0,0.0,0.006,208545.746667
1723008,IT,PT,PLAST,KEROS,0.13,62562.086,4,4,62562.08,0.0,0.0,0.0,0.006,481246.815385
1791947,IT,WA,SEACO,PRINT,0.06,62559.633,3,3,62559.633,0.0,0.0,0.0,0.0,1042660.55
1661644,IT,DK,TEXTI,WOODW,0.37,62557.143,4,4,62557.135,0.0,0.0,0.0,0.008,169073.359459
1805294,IT,WF,ADDIT,CONST,0.14,62555.419,4,4,62555.414,0.0,0.0,0.0,0.005,446824.421429
1724860,IT,PT,BUSIN,KEROS,0.64,62553.045,4,4,62553.041,0.0,0.0,0.0,0.004,97739.132812
1687738,IT,HU,SUPPO,OFFIC,0.45,62551.199,4,4,62551.196,0.0,0.0,0.0,0.003,139002.664444
1751715,IT,CN,INSUR,ELEC1,1.29,62545.786,4,4,62545.783,0.0,0.0,0.0,0.003,48485.105426
1774392,IT,CH,HOTEL,FOOD2,0.45,62542.549,4,4,62542.544,0.0,0.0,0.0,0.005,138983.442222
1803369,IT,WF,CHEMI,PRECI,0.15,62542.215,5,5,62539.209,0.0,0.0,3.0,0.006,416948.1
1803242,IT,WF,CATTL,HEALT,0.14,62535.707,5,5,62534.703,0.0,1.0,0.0,0.004,446683.621429
1715769,IT,NL,BIODI,GLASS,0.13,62535.192,4,4,62535.185,0.0,0.0,0.0,0.007,481039.938462
1668444,IT,ES,RETA1,INSUR,0.65,62532.056,4,4,62532.052,0.0,0.0,0.0,0.004,96203.163077
1750400,IT,CN,FABRI,COLLE,0.25,62531.735,4,4,62531.731,0.0,0.0,0.0,0.004,250126.94
1663160,IT,DK,LANDT,CHEM1,0.4,62529.979,4,4,62529.976,0.0,0.0,0.0,0.003,156324.9475
1680983,IT,GR,INLAN,LANDT,0.1,62527.144,4,4,62527.14,0.0,0.0,0.0,0.004,625271.44
1760895,IT,IN,GASDI,RAILW,0.09,62525.084,4,4,62525.079,0.0,0.0,0.0,0.005,694723.155556
1761315,IT,IN,RUBBE,93197,0.21,62521.088,4,4,62521.082,0.0,0.0,0.0,0.006,297719.466667
1807149,IT,WF,AIRTR,WOODW,0.07,62519.252,4,4,62519.25,0.0,0.0,0.0,0.002,893132.171429
1755020,IT,KR,WEARI,GASDI,0.47,62518.474,4,4,62518.462,0.0,0.0,0.0,0.012,133018.029787
1798329,IT,WE,CROPS,INSUR,0.5,62515.856,4,4,62515.853,0.0,0.0,0.0,0.003,125031.712
1682795,IT,HR,HEAVY,CHEM1,0.1,62515.652,4,4,62515.647,0.0,0.0,0.0,0.005,625156.52
1786913,IT,ZA,AIRTR,MOTO1,0.07,62512.399,4,4,62512.397,0.0,0.0,0.0,0.002,893034.271429
1710791,IT,LU,WOODW,CONST,0.17,62507.742,4,4,62507.738,0.0,0.0,0.0,0.004,367692.6
1717146,IT,NL,INLAN,LANDT,0.1,62507.694,4,4,62507.69,0.0,0.0,0.0,0.004,625076.94
1789817,IT,WA,CERAM,MEATP,0.1,62507.151,4,4,62507.148,0.0,0.0,0.0,0.003,625071.51
1805185,IT,WF,CHEM1,MEATP,0.13,62506.223,4,4,62506.216,0.0,0.0,0.0,0.007,480817.1
1752834,IT,CA,PAPER,RETA1,0.24,62505.124,5,5,62504.118,0.0,1.0,0.0,0.006,260438.016667
1671050,IT,FI,RUBBE,CEMEN,0.21,62504.008,4,4,62504.002,0.0,0.0,0.0,0.006,297638.133333
1781935,IT,NO,CHEM1,PUBLI,0.13,62502.933,4,4,62502.926,0.0,0.0,0.0,0.007,480791.792308
1709362,IT,LT,FOOD5,POULT,0.3,62502.016,4,4,62502.01,0.0,0.0,0.0,0.006,208340.053333
1787698,IT,WA,VEGE1,BEVER,0.19,62500.419,4,4,62500.405,0.0,0.0,0.0,0.014,328949.573684
1791213,IT,WA,FURNI,ALUM1,0.2,62499.456,4,4,62499.451,0.0,0.0,0.0,0.005,312497.28
1729456,IT,SE,PREC1,CONST,0.11,62497.62,4,4,62497.617,0.0,0.0,0.0,0.003,568160.181818
1651509,IT,CY,NAPHT,WASTE,0.11,62492.661,4,4,62492.657,0.0,0.0,0.0,0.004,568115.1
1724152,IT,PT,RETA1,HOTEL,0.65,62479.045,4,4,62479.041,0.0,0.0,0.0,0.004,96121.607692
1740523,IT,GB,RECRE,SUPPO,0.79,62478.733,4,4,62478.728,0.0,0.0,0.0,0.005,79087.003797
1646138,IT,BE,PREC1,MOTO1,0.11,62478.148,4,4,62478.145,0.0,0.0,0.0,0.003,567983.163636
1737342,IT,GB,BEVER,SALEM,0.27,62477.33,4,4,62477.326,0.0,0.0,0.0,0.004,231397.518519
1665324,IT,ES,FISH5,VEGE1,0.26,62474.121,4,4,62474.089,0.0,0.0,0.0,0.032,240285.080769
1738069,IT,GB,RUBBE,ALUM1,0.21,62473.964,4,4,62473.958,0.0,0.0,0.0,0.006,297495.066667
1811640,IT,WM,CHEM1,BRICK,0.13,62473.152,4,4,62473.145,0.0,0.0,0.0,0.007,480562.707692
1709854,IT,LT,GLASS,WOODW,0.17,62467.413,4,4,62467.409,0.0,0.0,0.0,0.004,367455.370588
1805440,IT,WF,GLASS,MEATC,0.17,62466.032,4,4,62466.028,0.0,0.0,0.0,0.004,367447.247059
1732468,IT,SI,CHEM1,SECO9,0.13,62463.15,4,4,62463.143,0.0,0.0,0.0,0.007,480485.769231
1714377,IT,MT,PRIVA,RECRE,13.94,62462.881,5,5,62461.871,1.0,0.0,0.0,0.01,4480.837948
1652045,IT,CZ,OILSE,WHOLE,0.05,62460.731,4,4,62460.728,0.0,0.0,0.0,0.003,1249214.62
1657604,IT,DE,GLASS,RAILW,0.17,62457.757,4,4,62457.753,0.0,0.0,0.0,0.004,367398.570588
1667455,IT,ES,NONF1,WHOLE,0.01,62456.339,3,3,62456.339,0.0,0.0,0.0,0.0,6245633.9
1687165,IT,HU,FURNI,FURNI,0.2,62455.632,4,4,62455.627,0.0,0.0,0.0,0.005,312278.16
1720343,IT,PL,FABRI,FINAN,0.25,62455.464,4,4,62455.46,0.0,0.0,0.0,0.004,249821.856
1798975,IT,WE,TOBAC,AUXIL,0.25,62452.263,4,4,62452.259,0.0,0.0,0.0,0.004,249809.052
1784193,IT,ID,PAPER,EDUCA,0.24,62450.903,5,5,62449.897,0.0,1.0,0.0,0.006,260212.095833
1673220,IT,FR,FISH5,POULT,0.26,62449.355,4,4,62449.323,0.0,0.0,0.0,0.032,240189.826923
1772640,IT,CH,GLASS,MOTO1,0.17,62447.777,4,4,62447.773,0.0,0.0,0.0,0.004,367339.864706
1792562,IT,WA,RENTI,RETA1,0.37,62446.544,4,4,62446.541,0.0,0.0,0.0,0.003,168774.443243
1813893,IT,WM,LANDT,ELEC2,0.4,62444.763,4,4,62444.76,0.0,0.0,0.0,0.003,156111.9075
1762747,IT,IN,BUSIN,ELECT,0.64,62442.142,4,4,62442.138,0.0,0.0,0.0,0.004,97565.846875
1655853,IT,DE,VEGE1,BUSIN,0.19,62441.366,4,4,62441.352,0.0,0.0,0.0,0.014,328638.768421
1741549,IT,US,GASDI,SUGAR,0.09,62440.728,4,4,62440.723,0.0,0.0,0.0,0.005,693785.866667
1747311,IT,JP,WHOLE,POSTT,0.54,62431.895,4,4,62431.891,0.0,0.0,0.0,0.004,115614.62037
1733914,IT,SI,AIRTR,RESEA,0.07,62429.532,4,4,62429.53,0.0,0.0,0.0,0.002,891850.457143
1726559,IT,RO,OFFIC,FABRI,0.19,62426.339,4,4,62426.334,0.0,0.0,0.0,0.005,328559.678947
1657715,IT,DE,CEMEN,HEAVY,0.1,62423.878,4,4,62423.875,0.0,0.0,0.0,0.003,624238.78
1735541,IT,SK,ALUM1,GASDI,0.11,62420.487,4,4,62420.482,0.0,0.0,0.0,0.005,567458.972727
1677897,IT,FR,BUSIN,ALUM1,0.64,62417.982,4,4,62417.978,0.0,0.0,0.0,0.004,97528.096875
1807262,IT,WF,SUPPO,PUBLI,0.45,62417.632,4,4,62417.629,0.0,0.0,0.0,0.003,138705.848889
1771729,IT,CH,LEATH,WEARI,0.45,62414.918,4,4,62414.907,0.0,0.0,0.0,0.011,138699.817778
1776055,IT,TR,TEXTI,LANDT,0.37,62406.801,4,4,62406.793,0.0,0.0,0.0,0.008,168667.02973
1657760,IT,DE,NONME,MEATA,0.13,62395.525,4,4,62395.518,0.0,0.0,0.0,0.007,479965.576923
1655835,IT,DE,VEGE1,FURNI,0.19,62394.881,4,4,62394.867,0.0,0.0,0.0,0.014,328394.110526
1794656,IT,WL,NAPHT,TEXTI,0.11,62394.471,4,4,62394.467,0.0,0.0,0.0,0.004,567222.463636
1806687,IT,WF,WHOLE,MEAT4,0.54,62388.184,4,4,62388.18,0.0,0.0,0.0,0.004,115533.674074
1798290,IT,WE,CROPS,NATUR,0.49,62386.507,4,4,62386.504,0.0,0.0,0.0,0.003,127319.402041
1746507,IT,JP,CERAM,RENTI,0.1,62385.856,4,4,62385.853,0.0,0.0,0.0,0.003,623858.56
1809140,IT,WM,CROPS,LANDT,0.49,62385.479,4,4,62385.476,0.0,0.0,0.0,0.003,127317.304082
1804309,IT,WF,MOTOR,CERAM,0.09,62383.56,4,4,62383.555,0.0,0.0,0.0,0.005,693150.666667
1651530,IT,CY,RUBBE,DAIRY,0.21,62380.041,4,4,62380.035,0.0,0.0,0.0,0.006,297047.814286
1747989,IT,JP,RESEA,HEALT,0.34,62378.67,4,4,62378.666,0.0,0.0,0.0,0.004,183466.676471
1780444,IT,TW,SUPPO,SEACO,0.45,62378.176,4,4,62378.173,0.0,0.0,0.0,0.003,138618.168889
1769463,IT,AU,BASIC,COKIN,0.07,62377.917,4,4,62377.913,0.0,0.0,0.0,0.004,891113.1
1679412,IT,GR,NFERT,FOOD3,0.01,62377.202,4,4,62377.197,0.0,0.0,0.0,0.005,6237720.2
1806932,IT,WF,RAILW,SUPPO,0.42,62375.016,4,4,62375.013,0.0,0.0,0.0,0.003,148511.942857
1679414,IT,GR,NFERT,FOOD4,0.01,62371.728,4,4,62371.723,0.0,0.0,0.0,0.005,6237172.8
1679413,IT,GR,NFERT,WASTE,0.01,62371.441,4,4,62371.436,0.0,0.0,0.0,0.005,6237144.1
1679406,IT,GR,NFERT,SECO9,0.01,62370.756,4,4,62370.751,0.0,0.0,0.0,0.005,6237075.6
1679417,IT,GR,NFERT,INERT,0.01,62370.72,4,4,62370.715,0.0,0.0,0.0,0.005,6237072.0
1679408,IT,GR,NFERT,INTER,0.01,62370.719,4,4,62370.714,0.0,0.0,0.0,0.005,6237071.9
1679410,IT,GR,NFERT,SEWAG,0.01,62370.719,4,4,62370.714,0.0,0.0,0.0,0.005,6237071.9
1679409,IT,GR,NFERT,OILHA,0.01,62370.718,4,4,62370.713,0.0,0.0,0.0,0.005,6237071.8
1679411,IT,GR,NFERT,FOOD2,0.01,62370.717,4,4,62370.712,0.0,0.0,0.0,0.005,6237071.7
1679419,IT,GR,NFERT,WOOD2,0.01,62370.716,4,4,62370.711,0.0,0.0,0.0,0.005,6237071.6
1679418,IT,GR,NFERT,TEXT2,0.01,62370.715,4,4,62370.71,0.0,0.0,0.0,0.005,6237071.5
1679416,IT,GR,NFERT,PLAS2,0.01,62370.715,4,4,62370.71,0.0,0.0,0.0,0.005,6237071.5
1732119,IT,SI,GASDI,MEATA,0.09,62366.314,4,4,62366.309,0.0,0.0,0.0,0.005,692959.044444
1689591,IT,IE,AIRTR,DIST1,0.07,62366.161,4,4,62366.159,0.0,0.0,0.0,0.002,890945.157143
1738573,IT,GB,FABRI,CERAM,0.25,62366.145,4,4,62366.141,0.0,0.0,0.0,0.004,249464.58
1666734,IT,ES,RUBBE,MOTOR,0.21,62360.642,4,4,62360.636,0.0,0.0,0.0,0.006,296955.438095
1641556,IT,AT,HEAVY,RAILW,0.1,62357.371,4,4,62357.366,0.0,0.0,0.0,0.005,623573.71
1672612,IT,FR,FISHF,FISHF,0.11,62346.843,4,4,62346.841,0.0,0.0,0.0,0.002,566789.481818
1649211,IT,BG,MOTOR,WHOLE,0.09,62340.25,4,4,62340.245,0.0,0.0,0.0,0.005,692669.444444
1734951,IT,SK,GASDI,RAILW,0.09,62320.683,4,4,62320.678,0.0,0.0,0.0,0.005,692452.033333
1749696,IT,CN,CHEM1,ELEC8,0.13,62320.635,4,4,62320.628,0.0,0.0,0.0,0.007,479389.5
1810840,IT,WM,KEROS,MOTO1,0.09,62319.145,4,4,62319.14,0.0,0.0,0.0,0.005,692434.944444
1782396,IT,NO,FABRI,COMPU,0.25,62317.501,4,4,62317.497,0.0,0.0,0.0,0.004,249270.004
1771331,IT,CH,DAIRY,COMPU,0.25,62312.303,4,4,62312.299,0.0,0.0,0.0,0.004,249249.212
1754486,IT,CA,BUSIN,WOODW,0.64,62300.842,4,4,62300.838,0.0,0.0,0.0,0.004,97345.065625
1742003,IT,US,ADDIT,FABRI,0.14,62299.804,4,4,62299.799,0.0,0.0,0.0,0.005,444998.6
1669512,IT,ES,AUXIL,FINAN,1.14,62296.934,4,4,62296.931,0.0,0.0,0.0,0.003,54646.433333
1746167,IT,JP,PLAST,NONME,0.13,62295.653,4,4,62295.647,0.0,0.0,0.0,0.006,479197.330769
1657226,IT,DE,CHEM1,NFERT,0.13,62295.273,4,4,62295.266,0.0,0.0,0.0,0.007,479194.407692
1729140,IT,SE,GLASS,PLAST,0.17,62290.162,4,4,62290.158,0.0,0.0,0.0,0.004,366412.717647
1761346,IT,IN,GLASS,ELECT,0.17,62288.545,4,4,62288.541,0.0,0.0,0.0,0.004,366403.205882
1767510,IT,RU,SEACO,SALEM,0.06,62288.429,3,3,62288.429,0.0,0.0,0.0,0.0,1038140.483333
1778784,IT,TR,LANDT,CHEM1,0.4,62284.144,4,4,62284.141,0.0,0.0,0.0,0.003,155710.36
1809148,IT,WM,CROPS,COMPU,0.49,62282.49,4,4,62282.487,0.0,0.0,0.0,0.003,127107.122449
1689496,IT,IE,RAILW,ALUM1,0.42,62278.511,4,4,62278.508,0.0,0.0,0.0,0.003,148282.169048
1794507,IT,WL,GASDI,AUXIL,0.09,62278.288,4,4,62278.283,0.0,0.0,0.0,0.005,691980.977778
1727146,IT,RO,LANDT,RAILW,0.4,62276.59,4,4,62276.587,0.0,0.0,0.0,0.003,155691.475
1793863,IT,WL,TEXTI,SALEM,0.37,62275.148,4,4,62275.14,0.0,0.0,0.0,0.008,168311.210811
1682436,IT,HR,PAPER,ELECT,0.24,62273.2,5,5,62272.194,0.0,1.0,0.0,0.006,259471.666667
1728131,IT,SE,VEGE1,EDUCA,0.19,62272.133,4,4,62272.119,0.0,0.0,0.0,0.014,327748.068421
1718482,IT,PL,TEXTI,GLASS,0.37,62271.85,4,4,62271.842,0.0,0.0,0.0,0.008,168302.297297
1767087,IT,RU,FURNI,OFFIC,0.2,62270.905,4,4,62270.9,0.0,0.0,0.0,0.005,311354.525
1757043,IT,KR,BUSIN,GLASS,0.64,62265.491,4,4,62265.487,0.0,0.0,0.0,0.004,97289.829688
1748621,IT,CN,DAIRY,DAIRY,0.25,62263.169,4,4,62263.165,0.0,0.0,0.0,0.004,249052.676
1652557,IT,CZ,LEATH,TEXTI,0.45,62258.066,4,4,62258.055,0.0,0.0,0.0,0.011,138351.257778
1768043,IT,RU,BUSIN,MOTOR,0.64,62256.674,4,4,62256.67,0.0,0.0,0.0,0.004,97276.053125
1660763,IT,DE,RENTI,RECRE,0.37,62254.48,4,4,62254.477,0.0,0.0,0.0,0.003,168255.351351
1742200,IT,US,GLASS,SUPPO,0.17,62253.757,4,4,62253.753,0.0,0.0,0.0,0.004,366198.570588
1719033,IT,PL,HEAVY,KEROS,0.1,62249.676,4,4,62249.671,0.0,0.0,0.0,0.005,622496.76
1641966,IT,AT,RUBBE,MOTOR,0.21,62240.542,4,4,62240.536,0.0,0.0,0.0,0.006,296383.533333
1683854,IT,HR,MOTO1,WHOLE,0.33,62236.369,4,4,62236.365,0.0,0.0,0.0,0.004,188595.057576
1751919,IT,CN,COMPU,RADIO,0.71,62231.336,4,4,62231.332,0.0,0.0,0.0,0.004,87649.769014
1736129,IT,SK,CONST,RAILW,0.35,62226.373,4,4,62226.37,0.0,0.0,0.0,0.003,177789.637143
1764822,IT,MX,SEACO,PFERT,0.06,62225.943,3,3,62225.943,0.0,0.0,0.0,0.0,1037099.05
1654646,IT,CZ,LANDT,GASDI,0.4,62223.748,4,4,62223.745,0.0,0.0,0.0,0.003,155559.37
1782446,IT,NO,MACHI,RUBBE,0.35,62219.64,4,4,62219.635,0.0,0.0,0.0,0.005,177770.4
1687512,IT,HU,LANDT,PAPER,0.4,62210.053,4,4,62210.05,0.0,0.0,0.0,0.003,155525.1325
1641916,IT,AT,BIODI,REALE,0.13,62205.952,4,4,62205.945,0.0,0.0,0.0,0.007,478507.323077
1731437,IT,SI,FOOD5,REALE,0.3,62205.19,4,4,62205.184,0.0,0.0,0.0,0.006,207350.633333
1735601,IT,SK,COPP1,KEROS,0.16,62202.156,4,4,62202.153,0.0,0.0,0.0,0.003,388763.475
1667038,IT,ES,NONME,PAPER,0.13,62200.898,4,4,62200.891,0.0,0.0,0.0,0.007,478468.446154
1641745,IT,AT,CHEM1,NONFE,0.13,62200.408,4,4,62200.401,0.0,0.0,0.0,0.007,478464.676923
1775267,IT,CH,BUSIN,MOTOR,0.64,62195.791,4,4,62195.787,0.0,0.0,0.0,0.004,97180.923438
1777393,IT,TR,CERAM,WHOLE,0.1,62190.603,4,4,62190.6,0.0,0.0,0.0,0.003,621906.03
1753906,IT,CA,RAILW,FABRI,0.42,62190.438,4,4,62190.435,0.0,0.0,0.0,0.003,148072.471429
1680414,IT,GR,ELEC2,FOOD4,0.01,62190.392,4,4,62190.385,0.0,0.0,0.0,0.007,6219039.2
1680412,IT,GR,ELEC2,FOOD3,0.01,62189.104,4,4,62189.097,0.0,0.0,0.0,0.007,6218910.4
1746900,IT,JP,MOTO1,FOOD5,0.33,62186.649,4,4,62186.645,0.0,0.0,0.0,0.004,188444.390909
1750094,IT,CN,BASIC,ELEC4,0.07,62184.93,4,4,62184.926,0.0,0.0,0.0,0.004,888356.142857
1750456,IT,CN,MACHI,MEAT1,0.35,62183.79,4,4,62183.785,0.0,0.0,0.0,0.005,177667.971429
1643544,IT,AT,SEACO,MOTOR,0.06,62182.688,3,3,62182.688,0.0,0.0,0.0,0.0,1036378.133333
1713306,IT,MT,MOTOR,SUPPO,0.09,62176.507,4,4,62176.502,0.0,0.0,0.0,0.005,690850.077778
1777735,IT,TR,NONF1,CEMEN,0.01,62175.244,3,3,62175.244,0.0,0.0,0.0,0.0,6217524.4
1644080,IT,AT,BUSIN,TRAN2,0.64,62167.168,4,4,62167.164,0.0,0.0,0.0,0.004,97136.2
1809350,IT,WM,SANDC,LIQUE,0.14,62165.955,5,5,62151.953,0.0,0.0,14.0,0.002,444042.535714
1795385,IT,WL,BASIC,GASDI,0.07,62164.631,4,4,62164.627,0.0,0.0,0.0,0.004,888066.157143
1713290,IT,MT,PRINT,BUSIN,0.6,62163.032,4,4,62163.027,0.0,0.0,0.0,0.005,103605.053333
1765096,IT,MX,AUXIL,INSUR,1.14,62162.351,4,4,62162.348,0.0,0.0,0.0,0.003,54528.37807
1645686,IT,BE,CHEM1,PLAS2,0.13,62158.814,4,4,62158.807,0.0,0.0,0.0,0.007,478144.723077
1778036,IT,TR,OFFIC,MACHI,0.19,62158.557,4,4,62158.553,0.0,0.0,0.0,0.004,327150.3
1724099,IT,PT,WHOLE,HEALT,0.54,62157.152,4,4,62157.148,0.0,0.0,0.0,0.004,115105.837037
1741834,IT,US,PFERT,WHEAT,0.03,62154.544,4,4,62154.534,0.0,0.0,0.0,0.01,2071818.133333
1718085,IT,PL,MEAT4,FISH5,0.34,62154.05,4,4,62154.046,0.0,0.0,0.0,0.004,182806.029412
1748554,IT,CN,VEGE1,DAIRY,0.19,62153.779,4,4,62153.765,0.0,0.0,0.0,0.014,327125.152632
1790320,IT,WA,ALUM1,CHARC,0.11,62150.346,4,4,62150.341,0.0,0.0,0.0,0.005,565003.145455
1723727,IT,PT,MACHI,RAILW,0.35,62149.666,4,4,62149.661,0.0,0.0,0.0,0.005,177570.474286
1782464,IT,NO,MACHI,ELEC4,0.35,62146.156,4,4,62146.151,0.0,0.0,0.0,0.005,177560.445714
1711228,IT,LU,MACHI,RAILW,0.35,62143.621,4,4,62143.616,0.0,0.0,0.0,0.005,177553.202857
1776945,IT,TR,PLAST,POSTT,0.13,62141.014,4,4,62141.008,0.0,0.0,0.0,0.006,478007.8
1643687,IT,AT,SUPPO,WEARI,0.45,62140.349,4,4,62140.346,0.0,0.0,0.0,0.003,138089.664444
1788819,IT,WA,KEROS,FOOD3,0.09,62138.515,4,4,62138.51,0.0,0.0,0.0,0.005,690427.944444
1750579,IT,CN,OFFIC,PRINT,0.19,62136.242,4,4,62136.238,0.0,0.0,0.0,0.004,327032.852632
1802120,IT,WE,RETA1,RETA1,0.65,62136.011,4,4,62136.007,0.0,0.0,0.0,0.004,95593.863077
1763846,IT,MX,NONME,PAPER,0.13,62128.927,4,4,62128.92,0.0,0.0,0.0,0.007,477914.823077
1744961,IT,US,BUSIN,FINAN,0.64,62127.971,4,4,62127.967,0.0,0.0,0.0,0.004,97074.954688
1677831,IT,FR,BUSIN,WHEAT,0.64,62127.69,4,4,62127.686,0.0,0.0,0.0,0.004,97074.515625
1716522,IT,NL,MOTO1,OFFIC,0.33,62115.786,4,4,62115.782,0.0,0.0,0.0,0.004,188229.654545
1764289,IT,MX,MACHI,AUXIL,0.35,62114.903,4,4,62114.898,0.0,0.0,0.0,0.005,177471.151429
1651457,IT,CY,GASDI,FINAN,0.09,62111.985,4,4,62111.98,0.0,0.0,0.0,0.005,690133.166667
1774284,IT,CH,HOTEL,CATTL,0.45,62106.627,4,4,62106.622,0.0,0.0,0.0,0.005,138014.726667
1755046,IT,KR,WEARI,ELEC2,0.47,62104.446,4,4,62104.434,0.0,0.0,0.0,0.012,132137.119149
1685565,IT,HU,PAPER,EDUCA,0.24,62103.455,5,5,62102.449,0.0,1.0,0.0,0.006,258764.395833
1721633,IT,PL,POSTT,SUPPO,1.02,62101.741,4,4,62101.736,0.0,0.0,0.0,0.005,60884.059804
1746019,IT,JP,PAPER,RADIO,0.24,62100.529,5,5,62099.523,0.0,1.0,0.0,0.006,258752.204167
1765251,IT,RU,MEAT4,FISH5,0.34,62096.443,4,4,62096.439,0.0,0.0,0.0,0.004,182636.597059
1656933,IT,DE,LIQUE,PAPER,0.11,62096.141,4,4,62096.136,0.0,0.0,0.0,0.005,564510.372727
1752013,IT,CN,RESEA,ELEC3,0.34,62093.677,4,4,62093.673,0.0,0.0,0.0,0.004,182628.461765
1641912,IT,AT,BIODI,SUPPO,0.13,62089.354,4,4,62089.347,0.0,0.0,0.0,0.007,477610.415385
1662519,IT,DK,COPP1,TRANS,0.16,62086.065,4,4,62086.062,0.0,0.0,0.0,0.003,388037.90625
1677928,IT,FR,BUSIN,INLAN,0.64,62082.263,4,4,62082.259,0.0,0.0,0.0,0.004,97003.535938
1731678,IT,SI,WOODW,MACHI,0.17,62079.06,4,4,62079.056,0.0,0.0,0.0,0.004,365170.941176
1764844,IT,MX,SEACO,HOTEL,0.06,62078.636,3,3,62078.636,0.0,0.0,0.0,0.0,1034643.933333
1646265,IT,BE,LEAD1,RESEA,0.11,62076.883,4,4,62076.878,0.0,0.0,0.0,0.005,564335.3
1724859,IT,PT,BUSIN,MOTOR,0.64,62075.472,4,4,62075.468,0.0,0.0,0.0,0.004,96992.925
1729856,IT,SE,MOTO1,RETA1,0.33,62071.247,4,4,62071.243,0.0,0.0,0.0,0.004,188094.687879
1810828,IT,WM,KEROS,PREC1,0.09,62061.879,4,4,62061.874,0.0,0.0,0.0,0.005,689576.433333
1652085,IT,CZ,SANDC,PFERT,0.14,62060.138,5,5,62046.136,0.0,0.0,14.0,0.002,443286.7
1735003,IT,SK,PLAST,PULP5,0.13,62059.874,4,4,62059.868,0.0,0.0,0.0,0.006,477383.646154
1640680,IT,AT,FISH5,LEATH,0.26,62058.961,4,4,62058.929,0.0,0.0,0.0,0.032,238688.311538
1660963,IT,DE,BUSIN,BRICK,0.64,62056.067,4,4,62056.063,0.0,0.0,0.0,0.004,96962.604688
1655388,IT,DE,CROPS,RUBBE,0.49,62055.484,4,4,62055.481,0.0,0.0,0.0,0.003,126643.844898
1805493,IT,WF,CERAM,IRONO,0.1,62053.558,4,4,62053.555,0.0,0.0,0.0,0.003,620535.58
1650819,IT,BG,LANDT,TEXTI,0.4,62049.808,4,4,62049.805,0.0,0.0,0.0,0.003,155124.52
1810548,IT,WM,PAPER,MEDIC,0.24,62047.133,5,5,62046.127,0.0,1.0,0.0,0.006,258529.720833
1675193,IT,FR,NONF1,SEACO,0.01,62042.841,3,3,62042.841,0.0,0.0,0.0,0.0,6204284.1
1654662,IT,CZ,LANDT,CEMEN,0.4,62038.234,4,4,62038.231,0.0,0.0,0.0,0.003,155095.585
1764602,IT,MX,WHOLE,POSTT,0.54,62036.363,4,4,62036.359,0.0,0.0,0.0,0.004,114882.153704
1757599,IT,BR,GASDI,NONSP,0.09,62036.253,4,4,62036.248,0.0,0.0,0.0,0.005,689291.7
1664624,IT,EE,LANDT,BEVER,0.4,62032.72,4,4,62032.717,0.0,0.0,0.0,0.003,155081.8
1664411,IT,EE,MACHI,BASIC,0.35,62031.598,4,4,62031.593,0.0,0.0,0.0,0.005,177233.137143
1649340,IT,BG,PLAST,ALUM1,0.13,62029.924,4,4,62029.918,0.0,0.0,0.0,0.006,477153.261538
1774732,IT,CH,SUPPO,DISTR,0.45,62021.189,4,4,62021.186,0.0,0.0,0.0,0.003,137824.864444
1674807,IT,FR,CEMEN,TRAN2,0.1,62016.134,4,4,62016.131,0.0,0.0,0.0,0.003,620161.34
1810431,IT,WM,PULP5,PFERT,0.19,62012.031,4,4,62012.025,0.0,0.0,0.0,0.006,326379.110526
1719609,IT,PL,CERAM,FABRI,0.1,62010.827,4,4,62010.824,0.0,0.0,0.0,0.003,620108.27
1723666,IT,PT,MACHI,DAIRY,0.35,62008.812,4,4,62008.807,0.0,0.0,0.0,0.005,177168.034286
1689457,IT,IE,HOTEL,CONST,0.45,61998.182,4,4,61998.177,0.0,0.0,0.0,0.005,137773.737778
1738677,IT,GB,MACHI,BIOGA,0.35,61998.142,4,4,61998.137,0.0,0.0,0.0,0.005,177137.548571
1730323,IT,SE,AIRTR,RECRE,0.07,61993.205,4,4,61993.203,0.0,0.0,0.0,0.002,885617.214286
1801648,IT,WE,FURNI,WOODW,0.2,61992.388,4,4,61992.383,0.0,0.0,0.0,0.005,309961.94
1678670,IT,GR,MEAT4,HOTEL,0.34,61991.041,4,4,61991.037,0.0,0.0,0.0,0.004,182326.591176
1765847,IT,RU,HEAVY,RETA1,0.1,61989.43,4,4,61989.425,0.0,0.0,0.0,0.005,619894.3
1745460,IT,JP,FOOD5,CROPS,0.3,61987.802,4,4,61987.796,0.0,0.0,0.0,0.006,206626.006667
1779963,IT,TW,CONST,EDUCA,0.35,61986.605,4,4,61986.602,0.0,0.0,0.0,0.003,177104.585714
1664513,IT,EE,TRANS,WOODW,0.37,61986.114,4,4,61986.111,0.0,0.0,0.0,0.003,167530.037838
1711097,IT,LU,ALUM1,RENTI,0.11,61980.007,4,4,61980.002,0.0,0.0,0.0,0.005,563454.609091
1813982,IT,WM,SEACO,PAPER,0.06,61974.473,3,3,61974.473,0.0,0.0,0.0,0.0,1032907.883333
1780907,IT,TW,RESEA,FURNI,0.34,61973.947,4,4,61973.943,0.0,0.0,0.0,0.004,182276.314706
1747335,IT,JP,RETA1,PROCE,0.65,61971.488,4,4,61971.484,0.0,0.0,0.0,0.004,95340.750769
1763017,IT,MX,BEVER,HOTEL,0.26,61970.97,4,4,61970.966,0.0,0.0,0.0,0.004,238349.884615
1750480,IT,CN,MACHI,NAPHT,0.35,61969.773,4,4,61969.768,0.0,0.0,0.0,0.005,177056.494286
1742616,IT,US,ALUM1,SEWAG,0.11,61969.008,4,4,61969.003,0.0,0.0,0.0,0.005,563354.618182
1808814,IT,WF,WOOD2,REALE,0.34,61968.142,4,4,61968.138,0.0,0.0,0.0,0.004,182259.241176
1659522,IT,DE,RETA1,CONST,0.65,61967.681,4,4,61967.677,0.0,0.0,0.0,0.004,95334.893846
1661993,IT,DK,PLAST,CRUDE,0.13,61962.879,4,4,61962.873,0.0,0.0,0.0,0.006,476637.530769
1669093,IT,ES,SUPPO,POSTT,0.45,61958.465,4,4,61958.462,0.0,0.0,0.0,0.003,137685.477778
1729058,IT,SE,RUBBE,COPP1,0.21,61957.429,4,4,61957.423,0.0,0.0,0.0,0.006,295035.37619
1745744,IT,JP,WEARI,ALUM1,0.47,61950.335,4,4,61950.323,0.0,0.0,0.0,0.012,131809.223404
1788742,IT,WA,MOTOR,DIST1,0.09,61948.911,4,4,61948.906,0.0,0.0,0.0,0.005,688321.233333
1748514,IT,CN,CHEMI,VEGET,0.15,61947.87,5,5,61944.864,0.0,0.0,3.0,0.006,412985.8
1771263,IT,CH,VEGE1,REALE,0.19,61946.628,4,4,61946.615,0.0,0.0,0.0,0.013,326034.884211
1667614,IT,ES,MACHI,CHEMI,0.35,61942.777,4,4,61942.772,0.0,0.0,0.0,0.005,176979.362857
1671053,IT,FI,RUBBE,PREC1,0.21,61942.284,4,4,61942.278,0.0,0.0,0.0,0.006,294963.257143
1642893,IT,AT,MOTO1,MEMBE,0.33,61940.438,4,4,61940.434,0.0,0.0,0.0,0.004,187698.29697
1657047,IT,DE,PARAF,WHOLE,0.1,61940.105,4,4,61940.1,0.0,0.0,0.0,0.005,619401.05
1678968,IT,GR,WEARI,HOTEL,0.47,61939.556,4,4,61939.544,0.0,0.0,0.0,0.012,131786.289362
1654638,IT,CZ,LANDT,LEATH,0.4,61936.225,4,4,61936.222,0.0,0.0,0.0,0.003,154840.5625
1679043,IT,GR,WOODW,ALUM1,0.17,61929.67,4,4,61929.666,0.0,0.0,0.0,0.004,364292.176471
1813739,IT,WM,HOTEL,LIQUE,0.45,61926.555,4,4,61926.55,0.0,0.0,0.0,0.005,137614.566667
1809797,IT,WM,FOOD5,CEMEN,0.3,61926.15,4,4,61926.144,0.0,0.0,0.0,0.006,206420.5
1801430,IT,WE,MOTO1,RAWMI,0.33,61921.914,4,4,61921.91,0.0,0.0,0.0,0.004,187642.163636
1810581,IT,WM,PAPER,FOOD4,0.24,61919.069,4,4,61919.063,0.0,0.0,0.0,0.006,257996.120833
1754980,IT,KR,TEXTI,POSTT,0.37,61917.705,4,4,61917.697,0.0,0.0,0.0,0.008,167345.148649
1685170,IT,HU,BEVER,PLAST,0.26,61914.887,4,4,61914.883,0.0,0.0,0.0,0.004,238134.180769
1796806,IT,WL,TRAN2,TRAN2,0.1,61914.477,4,4,61914.475,0.0,0.0,0.0,0.002,619144.77
1800662,IT,WE,CERAM,TRANS,0.1,61905.637,4,4,61905.634,0.0,0.0,0.0,0.003,619056.37
1761778,IT,IN,MACHI,ELEC2,0.35,61896.041,4,4,61896.036,0.0,0.0,0.0,0.005,176845.831429
1794552,IT,WL,HEAVY,TEXTI,0.1,61889.438,4,4,61889.433,0.0,0.0,0.0,0.005,618894.38
1656947,IT,DE,LIQUE,CEMEN,0.11,61888.179,4,4,61888.174,0.0,0.0,0.0,0.005,562619.809091
1805546,IT,WF,BRICK,LEADZ,0.09,61883.852,4,4,61883.848,0.0,0.0,0.0,0.004,687598.355556
1781416,IT,NO,FOOD5,FISH5,0.3,61881.085,4,4,61881.079,0.0,0.0,0.0,0.006,206270.283333
1740548,IT,US,VEGET,VEGET,0.22,61870.977,4,4,61870.975,0.0,0.0,0.0,0.002,281231.713636
1666248,IT,ES,HEAVY,TRANS,0.1,61870.748,4,4,61870.743,0.0,0.0,0.0,0.005,618707.48
1746569,IT,JP,BASIC,FURNI,0.07,61869.78,4,4,61869.776,0.0,0.0,0.0,0.004,883854.0
1747171,IT,JP,CONST,MOTO1,0.35,61867.894,4,4,61867.891,0.0,0.0,0.0,0.003,176765.411429
1732759,IT,SI,NONME,CHEM1,0.12,61865.704,4,4,61865.697,0.0,0.0,0.0,0.007,515547.533333
1770902,IT,AU,BUSIN,RECRE,0.64,61859.768,4,4,61859.764,0.0,0.0,0.0,0.004,96655.8875
1679053,IT,GR,WOODW,ELEC7,0.17,61858.909,4,4,61858.905,0.0,0.0,0.0,0.004,363875.935294
1663648,IT,DK,BUSIN,LANDT,0.64,61856.863,4,4,61856.859,0.0,0.0,0.0,0.004,96651.348438
1805183,IT,WF,CHEM1,CHEMI,0.13,61854.554,4,4,61854.547,0.0,0.0,0.0,0.007,475804.261538
1652107,IT,CZ,CHEMI,MOTOR,0.15,61851.097,5,5,61848.091,0.0,0.0,3.0,0.006,412340.646667
1784489,IT,ID,FABRI,PROCE,0.25,61847.359,4,4,61847.355,0.0,0.0,0.0,0.004,247389.436
1718049,IT,PL,MEATC,RADIO,0.21,61845.332,5,5,61844.328,0.0,1.0,0.0,0.004,294501.580952
1760641,IT,IN,PULP5,OFFIC,0.19,61844.713,4,4,61844.707,0.0,0.0,0.0,0.006,325498.489474
1640543,IT,AT,FOOD5,WOODW,0.3,61842.334,4,4,61842.328,0.0,0.0,0.0,0.006,206141.113333
1684096,IT,HR,HOTEL,COMPU,0.45,61841.951,4,4,61841.946,0.0,0.0,0.0,0.005,137426.557778
1658567,IT,DE,MACHI,NAPHT,0.35,61841.853,4,4,61841.848,0.0,0.0,0.0,0.005,176691.008571
1774633,IT,CH,AIRTR,FOOD5,0.07,61840.47,4,4,61840.468,0.0,0.0,0.0,0.002,883435.285714
1791675,IT,WA,HOTEL,DISTR,0.45,61838.941,4,4,61838.936,0.0,0.0,0.0,0.005,137419.868889
1763572,IT,MX,CHEM1,FOUND,0.13,61835.75,4,4,61835.743,0.0,0.0,0.0,0.007,475659.615385
1807333,IT,WF,POSTT,SUPPO,1.02,61834.876,4,4,61834.871,0.0,0.0,0.0,0.005,60622.427451
1787574,IT,WA,MEATC,CHEM1,0.21,61834.068,5,5,61833.064,0.0,1.0,0.0,0.004,294447.942857
1760335,IT,IN,STONE,WHOLE,0.2,61831.629,5,5,61828.626,0.0,0.0,3.0,0.003,309158.145
1641761,IT,AT,CHEM1,WEARI,0.13,61822.75,4,4,61822.743,0.0,0.0,0.0,0.007,475559.615385
1805379,IT,WF,RUBBE,ALUM1,0.2,61822.442,4,4,61822.436,0.0,0.0,0.0,0.006,309112.21
1664276,IT,EE,BASIC,REALE,0.07,61820.609,4,4,61820.605,0.0,0.0,0.0,0.004,883151.557143
1791214,IT,WA,FURNI,LEAD1,0.2,61816.841,4,4,61816.836,0.0,0.0,0.0,0.005,309084.205
1732932,IT,SI,ALUM1,PAPER,0.11,61813.551,4,4,61813.546,0.0,0.0,0.0,0.005,561941.372727
1652764,IT,CZ,PAPER,AUXIL,0.24,61811.75,4,4,61811.744,0.0,0.0,0.0,0.006,257548.958333
1790074,IT,WA,BASIC,ALUMI,0.07,61811.359,4,4,61811.355,0.0,0.0,0.0,0.004,883019.414286
1808777,IT,WF,WOOD2,WEARI,0.34,61801.017,4,4,61801.013,0.0,0.0,0.0,0.004,181767.697059
1753441,IT,CA,FABRI,GASDI,0.25,61800.253,4,4,61800.249,0.0,0.0,0.0,0.004,247201.012
1800942,IT,WE,ALUM1,BITUM,0.11,61799.782,4,4,61799.777,0.0,0.0,0.0,0.005,561816.2
1774215,IT,CH,RETA1,NONME,0.65,61792.484,4,4,61792.48,0.0,0.0,0.0,0.004,95065.36
1809549,IT,WM,VEGE1,STONE,0.19,61783.798,4,4,61783.785,0.0,0.0,0.0,0.013,325177.884211
1777729,IT,TR,NONF1,TEXTI,0.01,61778.933,3,3,61778.933,0.0,0.0,0.0,0.0,6177893.3
1799619,IT,WE,MOTOR,CHEMI,0.09,61774.074,4,4,61774.069,0.0,0.0,0.0,0.005,686378.6
1801488,IT,WE,MOTO1,PREC1,0.33,61773.639,4,4,61773.635,0.0,0.0,0.0,0.004,187192.845455
1746292,IT,JP,CHEM1,POSTT,0.13,61770.796,4,4,61770.789,0.0,0.0,0.0,0.007,475159.969231
1673810,IT,FR,PRINT,RAWMI,0.59,61764.128,4,4,61764.123,0.0,0.0,0.0,0.005,104684.962712
1769433,IT,AU,NONME,RUBBE,0.12,61763.315,4,4,61763.308,0.0,0.0,0.0,0.007,514694.291667
1785833,IT,ZA,CHEM1,RADIO,0.13,61761.692,4,4,61761.685,0.0,0.0,0.0,0.007,475089.938462
1667858,IT,ES,OFFIC,FOOD4,0.19,61760.607,4,4,61760.603,0.0,0.0,0.0,0.004,325055.826316
1681494,IT,GR,BUSIN,VEGET,0.63,61758.791,4,4,61758.787,0.0,0.0,0.0,0.004,98029.826984
1709411,IT,LT,BEVER,REALE,0.26,61758.71,4,4,61758.706,0.0,0.0,0.0,0.004,237533.5
1642568,IT,AT,NONF1,CONST,0.01,61757.428,3,3,61757.428,0.0,0.0,0.0,0.0,6175742.8
1800598,IT,WE,GLASS,PAPER,0.17,61755.922,4,4,61755.918,0.0,0.0,0.0,0.004,363270.129412
1778189,IT,TR,FURNI,PAPER,0.2,61744.684,4,4,61744.679,0.0,0.0,0.0,0.005,308723.42
1668844,IT,ES,TRAN2,POSTT,0.1,61738.087,4,4,61738.085,0.0,0.0,0.0,0.002,617380.87
1715594,IT,NL,LIQUE,FABRI,0.11,61738.01,4,4,61738.005,0.0,0.0,0.0,0.005,561254.636364
1808405,IT,WF,WASTE,REALE,0.2,61729.329,4,4,61729.326,0.0,0.0,0.0,0.003,308646.645
1684696,IT,HU,CEREA,HOTEL,0.1,61725.252,4,4,61725.248,0.0,0.0,0.0,0.004,617252.52
1684745,IT,HU,VEGET,RENTI,0.22,61713.153,4,4,61713.151,0.0,0.0,0.0,0.002,280514.331818
1734846,IT,SK,PAPER,LEATH,0.24,61711.642,4,4,61711.636,0.0,0.0,0.0,0.006,257131.841667
1742829,IT,US,FABRI,INERT,0.25,61711.391,4,4,61711.387,0.0,0.0,0.0,0.004,246845.564
1813734,IT,WM,HOTEL,MOTOR,0.45,61711.055,4,4,61711.05,0.0,0.0,0.0,0.005,137135.677778
1667855,IT,ES,OFFIC,FOOD2,0.19,61706.196,4,4,61706.192,0.0,0.0,0.0,0.004,324769.452632
1784863,IT,ID,AIRTR,TOBAC,0.07,61704.598,4,4,61704.596,0.0,0.0,0.0,0.002,881494.257143
1722462,IT,PT,DAIRY,FISH5,0.25,61702.871,4,4,61702.867,0.0,0.0,0.0,0.004,246811.484
1771325,IT,CH,DAIRY,SUPPO,0.25,61701.346,4,4,61701.342,0.0,0.0,0.0,0.004,246805.384
1775501,IT,CH,OILHA,PUBLI,0.35,61699.45,4,4,61699.447,0.0,0.0,0.0,0.003,176284.142857
1727281,IT,RO,SUPPO,RECRE,0.44,61689.144,4,4,61689.141,0.0,0.0,0.0,0.003,140202.6
1683232,IT,HR,CERAM,PAPER,0.1,61689.125,4,4,61689.122,0.0,0.0,0.0,0.003,616891.25
1752413,IT,CA,VEGE1,BIODI,0.19,61688.914,4,4,61688.901,0.0,0.0,0.0,0.013,324678.494737
1781026,IT,TW,BUSIN,INSUR,0.63,61686.081,4,4,61686.077,0.0,0.0,0.0,0.004,97914.414286
1774063,IT,CH,WHOLE,POULT,0.53,61678.679,4,4,61678.675,0.0,0.0,0.0,0.004,116374.866038
1666633,IT,ES,CHEM1,FOODW,0.13,61677.709,4,4,61677.702,0.0,0.0,0.0,0.007,474443.915385
1788717,IT,WA,MOTOR,NAPHT,0.09,61673.639,4,4,61673.634,0.0,0.0,0.0,0.005,685262.655556
1668843,IT,ES,TRAN2,SUPPO,0.1,61672.491,4,4,61672.489,0.0,0.0,0.0,0.002,616724.91
1676638,IT,FR,HOTEL,PLAS1,0.45,61670.068,4,4,61670.063,0.0,0.0,0.0,0.005,137044.595556
1676473,IT,FR,RETA1,FOUND,0.64,61668.692,4,4,61668.688,0.0,0.0,0.0,0.004,96357.33125
1809606,IT,WM,VEGE1,RECRE,0.19,61664.347,4,4,61664.334,0.0,0.0,0.0,0.013,324549.194737
1723633,IT,PT,FABRI,COMPU,0.25,61663.772,4,4,61663.768,0.0,0.0,0.0,0.004,246655.088
1800206,IT,WE,PLAST,SANDC,0.13,61661.88,4,4,61661.874,0.0,0.0,0.0,0.006,474322.153846
1668165,IT,ES,SALEM,DISTR,0.5,61660.627,4,4,61660.623,0.0,0.0,0.0,0.004,123321.254
1660833,IT,DE,COMPU,ELEC3,0.7,61660.039,4,4,61660.035,0.0,0.0,0.0,0.004,88085.77
1653157,IT,CZ,CHEM1,DIST1,0.13,61648.482,4,4,61648.475,0.0,0.0,0.0,0.007,474219.092308
1805566,IT,WF,CEMEN,NATU1,0.1,61644.427,4,4,61644.424,0.0,0.0,0.0,0.003,616444.27
1647102,IT,BE,HOTEL,COPP1,0.45,61639.988,4,4,61639.983,0.0,0.0,0.0,0.005,136977.751111
1643973,IT,AT,COMPU,SALEM,0.7,61639.411,4,4,61639.407,0.0,0.0,0.0,0.004,88056.301429
1778872,IT,TR,SEACO,FISHF,0.06,61638.143,3,3,61638.143,0.0,0.0,0.0,0.0,1027302.383333
1767910,IT,RU,RENTI,CRUDE,0.37,61635.124,4,4,61635.121,0.0,0.0,0.0,0.003,166581.416216
1713761,IT,MT,OFFIC,POSTT,0.19,61634.912,4,4,61634.908,0.0,0.0,0.0,0.004,324394.273684
1655340,IT,DE,VEGET,LANDT,0.22,61633.66,4,4,61633.658,0.0,0.0,0.0,0.002,280153.0
1795458,IT,WL,PREC1,PREC1,0.1,61627.251,4,4,61627.248,0.0,0.0,0.0,0.003,616272.51
1686633,IT,HU,LEAD1,OFFIC,0.11,61626.125,4,4,61626.12,0.0,0.0,0.0,0.005,560237.5
1675166,IT,FR,COPP1,WASTE,0.16,61625.933,4,4,61625.93,0.0,0.0,0.0,0.003,385162.08125
1773417,IT,CH,OFFIC,BEVER,0.19,61620.818,4,4,61620.814,0.0,0.0,0.0,0.004,324320.094737
1725306,IT,RO,BEVER,FURNI,0.26,61620.471,4,4,61620.467,0.0,0.0,0.0,0.004,237001.811538
1802953,IT,WF,WHEAT,NONFE,0.05,61618.428,3,3,61618.428,0.0,0.0,0.0,0.0,1232368.56
1675144,IT,FR,COPP1,FURNI,0.16,61615.408,4,4,61615.405,0.0,0.0,0.0,0.003,385096.3
1665876,IT,ES,PRINT,INSUR,0.59,61614.277,4,4,61614.272,0.0,0.0,0.0,0.005,104430.977966
1641320,IT,AT,KEROS,CROPS,0.09,61613.7,4,4,61613.695,0.0,0.0,0.0,0.005,684596.666667
1807721,IT,WF,BUSIN,AUXIL,0.63,61601.298,4,4,61601.294,0.0,0.0,0.0,0.004,97779.838095
1727958,IT,SE,OILSE,RECRE,0.04,61599.34,4,4,61599.337,0.0,0.0,0.0,0.003,1539983.5
1747186,IT,JP,CONST,SALEM,0.34,61595.651,4,4,61595.648,0.0,0.0,0.0,0.003,181163.679412
1769947,IT,AU,MOTO1,EDUCA,0.33,61592.268,4,4,61592.264,0.0,0.0,0.0,0.004,186643.236364
1716159,IT,NL,PREC1,FOOD2,0.1,61590.381,4,4,61590.378,0.0,0.0,0.0,0.003,615903.81
1743270,IT,US,FURNI,PLAST,0.2,61589.911,4,4,61589.906,0.0,0.0,0.0,0.005,307949.555
1741749,IT,US,BITU1,ELEC1,0.1,61584.606,4,4,61584.601,0.0,0.0,0.0,0.005,615846.06
1664339,IT,EE,FABRI,CEMEN,0.25,61577.527,4,4,61577.523,0.0,0.0,0.0,0.004,246310.108
1683231,IT,HR,CERAM,WOODW,0.1,61577.5,4,4,61577.497,0.0,0.0,0.0,0.003,615775.0
1763770,IT,MX,GLASS,RETA1,0.17,61568.099,4,4,61568.095,0.0,0.0,0.0,0.004,362165.288235
1676398,IT,FR,WHOLE,COLLE,0.53,61564.732,4,4,61564.728,0.0,0.0,0.0,0.004,116159.871698
1754959,IT,KR,TEXTI,RADIO,0.36,61557.205,4,4,61557.197,0.0,0.0,0.0,0.008,170992.236111
1675175,IT,FR,NONF1,PLAST,0.01,61556.021,3,3,61556.021,0.0,0.0,0.0,0.0,6155602.1
1806069,IT,WF,NONF1,LEAD1,0.01,61555.023,3,3,61555.023,0.0,0.0,0.0,0.0,6155502.3
1803542,IT,WF,VEGE1,BUSIN,0.19,61553.171,4,4,61553.158,0.0,0.0,0.0,0.013,323964.057895
1735157,IT,SK,RUBBE,MEATP,0.2,61551.776,4,4,61551.77,0.0,0.0,0.0,0.006,307758.88
1655485,IT,DE,FISHF,RECRE,0.11,61550.657,4,4,61550.655,0.0,0.0,0.0,0.002,559551.427273
1788696,IT,WA,MOTOR,MEATP,0.09,61541.824,4,4,61541.819,0.0,0.0,0.0,0.005,683798.044444
1726809,IT,RO,WHOLE,PRINT,0.53,61541.172,4,4,61541.168,0.0,0.0,0.0,0.004,116115.418868
1776017,IT,TR,TEXTI,LEATH,0.36,61539.524,4,4,61539.516,0.0,0.0,0.0,0.008,170943.122222
1811555,IT,WM,PFERT,LIQUE,0.03,61539.495,4,4,61539.485,0.0,0.0,0.0,0.01,2051316.5
1766502,IT,RU,ALUM1,SALEM,0.11,61536.271,4,4,61536.266,0.0,0.0,0.0,0.005,559420.645455
1721022,IT,PL,HOTEL,TEXTI,0.45,61532.569,4,4,61532.564,0.0,0.0,0.0,0.005,136739.042222
1729078,IT,SE,RUBBE,RETAI,0.2,61531.47,4,4,61531.464,0.0,0.0,0.0,0.006,307657.35
1655365,IT,DE,OILSE,BUSIN,0.04,61530.775,4,4,61530.772,0.0,0.0,0.0,0.003,1538269.375
1783730,IT,NO,FOOD4,PAPE1,0.45,61529.565,4,4,61529.561,0.0,0.0,0.0,0.004,136732.366667
1675700,IT,FR,TRANS,OILHA,0.37,61527.263,4,4,61527.26,0.0,0.0,0.0,0.003,166289.9
1763376,IT,MX,PRINT,MOTO1,0.59,61527.158,4,4,61527.153,0.0,0.0,0.0,0.005,104283.318644
1765240,IT,RU,SANDC,SUGA1,0.14,61524.382,5,5,61510.38,0.0,0.0,14.0,0.002,439459.871429
1806759,IT,WF,WHOLE,EDUCA,0.53,61518.257,4,4,61518.253,0.0,0.0,0.0,0.004,116072.183019
1811791,IT,WM,ADDIT,HOTEL,0.14,61516.056,4,4,61516.051,0.0,0.0,0.0,0.005,439400.4
1793671,IT,WL,FOOD5,VEGET,0.3,61508.765,4,4,61508.76,0.0,0.0,0.0,0.005,205029.216667
1640998,IT,AT,WOODW,EDUCA,0.17,61503.805,4,4,61503.801,0.0,0.0,0.0,0.004,361787.088235
1645698,IT,BE,ADDIT,REFI1,0.14,61503.388,4,4,61503.383,0.0,0.0,0.0,0.005,439309.914286
1763725,IT,MX,RUBBE,RECRE,0.2,61500.011,4,4,61500.005,0.0,0.0,0.0,0.006,307500.055
1671307,IT,FI,ALUM1,CHEM1,0.11,61498.847,4,4,61498.842,0.0,0.0,0.0,0.005,559080.427273
1688549,IT,IE,PAPER,BUSIN,0.24,61489.006,4,4,61489.0,0.0,0.0,0.0,0.006,256204.191667
1806684,IT,WF,WHOLE,MEATC,0.53,61487.528,4,4,61487.524,0.0,0.0,0.0,0.004,116014.203774
1711433,IT,LU,HOTEL,HEALT,0.45,61485.879,4,4,61485.874,0.0,0.0,0.0,0.005,136635.286667
1771236,IT,CH,VEGE1,MACHI,0.19,61483.031,4,4,61483.018,0.0,0.0,0.0,0.013,323594.9
1812147,IT,WM,CEMEN,KEROS,0.1,61479.856,4,4,61479.853,0.0,0.0,0.0,0.003,614798.56
1657547,IT,DE,GLASS,PRINT,0.17,61475.091,4,4,61475.087,0.0,0.0,0.0,0.004,361618.182353
1718688,IT,PL,WOODW,TRANS,0.17,61471.51,4,4,61471.506,0.0,0.0,0.0,0.004,361597.117647
1772183,IT,CH,GASDI,CHEM1,0.09,61471.501,4,4,61471.496,0.0,0.0,0.0,0.005,683016.677778
1814343,IT,WM,FINAN,CONST,0.8,61470.762,4,4,61470.76,0.0,0.0,0.0,0.002,76838.4525
1682888,IT,HR,NAPHT,KEROS,0.1,61469.797,4,4,61469.793,0.0,0.0,0.0,0.004,614697.97
1649506,IT,BG,RUBBE,SANDC,0.2,61466.356,4,4,61466.35,0.0,0.0,0.0,0.006,307331.78
1796859,IT,WL,SEACO,BIODI,0.06,61455.08,3,3,61455.08,0.0,0.0,0.0,0.0,1024251.333333
1812192,IT,WM,NONME,DAIRY,0.12,61451.7,4,4,61451.693,0.0,0.0,0.0,0.007,512097.5
1798229,IT,WE,VEGET,ALUM1,0.22,61451.191,4,4,61451.189,0.0,0.0,0.0,0.002,279323.595455
1790674,IT,WA,FABRI,MACHI,0.25,61449.254,4,4,61449.25,0.0,0.0,0.0,0.004,245797.016
1773437,IT,CH,OFFIC,CEMEN,0.19,61449.124,4,4,61449.12,0.0,0.0,0.0,0.004,323416.442105
1746546,IT,JP,NONME,ELEC4,0.12,61446.571,4,4,61446.564,0.0,0.0,0.0,0.007,512054.758333
1677780,IT,FR,COMPU,TRANS,0.7,61446.483,4,4,61446.479,0.0,0.0,0.0,0.004,87780.69
1788850,IT,WA,GASDI,WOODW,0.09,61442.83,4,4,61442.825,0.0,0.0,0.0,0.005,682698.111111
1686528,IT,HU,ALUM1,MEATP,0.11,61437.654,4,4,61437.649,0.0,0.0,0.0,0.005,558524.127273
1771851,IT,CH,WOODW,TRAN1,0.17,61436.178,4,4,61436.174,0.0,0.0,0.0,0.004,361389.282353
1651640,IT,CY,BASIC,NONME,0.07,61432.931,4,4,61432.927,0.0,0.0,0.0,0.004,877613.3
1712353,IT,LV,RUBBE,COMPU,0.2,61421.866,4,4,61421.86,0.0,0.0,0.0,0.006,307109.33
1643205,IT,AT,HOTEL,PAPER,0.45,61406.407,4,4,61406.402,0.0,0.0,0.0,0.005,136458.682222
1686377,IT,HU,BASIC,STONE,0.07,61404.242,4,4,61404.238,0.0,0.0,0.0,0.004,877203.457143
1778948,IT,TR,SEACO,STEAM,0.06,61398.898,3,3,61398.898,0.0,0.0,0.0,0.0,1023314.966667
1719480,IT,PL,GLASS,VEGET,0.17,61388.792,4,4,61388.788,0.0,0.0,0.0,0.004,361110.541176
1752919,IT,CA,PLAST,CROPS,0.13,61385.93,4,4,61385.924,0.0,0.0,0.0,0.006,472199.461538
1773454,IT,CH,OFFIC,SECO9,0.19,61385.0,4,4,61384.996,0.0,0.0,0.0,0.004,323078.947368
1679946,IT,GR,FABRI,NFERT,0.25,61384.808,4,4,61384.804,0.0,0.0,0.0,0.004,245539.232
1728678,IT,SE,PRINT,REALE,0.59,61384.566,4,4,61384.561,0.0,0.0,0.0,0.005,104041.637288
1663165,IT,DK,LANDT,CEMEN,0.4,61376.848,4,4,61376.845,0.0,0.0,0.0,0.003,153442.12
1665073,IT,ES,MEAT4,RECRE,0.34,61369.329,4,4,61369.325,0.0,0.0,0.0,0.004,180498.026471
1779222,IT,TR,POSTT,SUPPO,1.01,61357.531,4,4,61357.526,0.0,0.0,0.0,0.005,60750.030693
1675236,IT,FR,FABRI,GASDI,0.25,61354.188,4,4,61354.184,0.0,0.0,0.0,0.004,245416.752
1654111,IT,CZ,OFFIC,SUPPO,0.19,61344.729,4,4,61344.725,0.0,0.0,0.0,0.004,322866.994737
1679631,IT,GR,GLASS,TEXTI,0.17,61342.116,4,4,61342.112,0.0,0.0,0.0,0.004,360835.976471
1735594,IT,SK,COPP1,WEARI,0.15,61340.764,4,4,61340.761,0.0,0.0,0.0,0.003,408938.426667
1724470,IT,PT,SUPPO,OFFIC,0.44,61335.629,4,4,61335.626,0.0,0.0,0.0,0.003,139399.156818
1789288,IT,WA,PFERT,WOOLS,0.03,61334.827,4,4,61334.817,0.0,0.0,0.0,0.01,2044494.233333
1641346,IT,AT,KEROS,BASIC,0.09,61332.435,4,4,61332.43,0.0,0.0,0.0,0.005,681471.5
1783317,IT,NO,PAPE1,ALUM1,0.43,61331.987,4,4,61331.983,0.0,0.0,0.0,0.004,142632.527907
1688618,IT,IE,PLAST,NATUR,0.13,61330.869,4,4,61330.863,0.0,0.0,0.0,0.006,471775.915385
1733812,IT,SI,LANDT,EDUCA,0.4,61327.215,4,4,61327.212,0.0,0.0,0.0,0.003,153318.0375
1641233,IT,AT,MOTOR,WHEAT,0.09,61327.208,4,4,61327.203,0.0,0.0,0.0,0.005,681413.422222
1772820,IT,CH,NONME,93197,0.12,61323.799,4,4,61323.792,0.0,0.0,0.0,0.007,511031.658333
1811551,IT,WM,PFERT,MOTOR,0.03,61323.487,4,4,61323.477,0.0,0.0,0.0,0.01,2044116.233333
1784314,IT,ID,CHEM1,RESEA,0.13,61321.834,4,4,61321.827,0.0,0.0,0.0,0.007,471706.415385
1807329,IT,WF,POSTT,LANDT,1.01,61320.871,4,4,61320.866,0.0,0.0,0.0,0.005,60713.733663
1725587,IT,RO,WOODW,CERAM,0.17,61320.411,4,4,61320.407,0.0,0.0,0.0,0.004,360708.3
1759575,IT,BR,COMPU,MOTO1,0.7,61320.011,4,4,61320.007,0.0,0.0,0.0,0.004,87600.015714
1737175,IT,GB,DAIRY,MEAT1,0.25,61315.575,4,4,61315.571,0.0,0.0,0.0,0.004,245262.3
1746136,IT,JP,NAPHT,CHEM1,0.1,61315.276,4,4,61315.272,0.0,0.0,0.0,0.004,613152.76
1805775,IT,WF,PREC1,MEATA,0.1,61309.284,4,4,61309.281,0.0,0.0,0.0,0.003,613092.84
1789471,IT,WA,ADDIT,SANDC,0.14,61306.927,4,4,61306.922,0.0,0.0,0.0,0.005,437906.621429
1664860,IT,ES,FORES,FORES,0.54,61305.689,5,5,61281.687,0.0,24.0,0.0,0.002,113529.053704
1784724,IT,ID,FURNI,EDUCA,0.2,61302.542,4,4,61302.537,0.0,0.0,0.0,0.005,306512.71
1768074,IT,RU,BUSIN,MEDIC,0.63,61300.714,4,4,61300.71,0.0,0.0,0.0,0.004,97302.720635
1751250,IT,CN,HOTEL,SEACO,0.44,61299.76,4,4,61299.755,0.0,0.0,0.0,0.005,139317.636364
1686914,IT,HU,MACHI,PAPER,0.34,61296.096,4,4,61296.091,0.0,0.0,0.0,0.005,180282.635294
1710135,IT,LT,MACHI,SUGA1,0.34,61295.128,4,4,61295.123,0.0,0.0,0.0,0.005,180279.788235
1771133,IT,CH,MEATC,MEATC,0.2,61294.788,5,5,61293.784,0.0,1.0,0.0,0.004,306473.94
1644519,IT,BE,DAIRY,SUPPO,0.25,61294.622,4,4,61294.618,0.0,0.0,0.0,0.004,245178.488
1813238,IT,WM,TRANS,FISH5,0.37,61290.596,4,4,61290.593,0.0,0.0,0.0,0.003,165650.259459
1674518,IT,FR,RUBBE,VEGE1,0.2,61288.048,4,4,61288.042,0.0,0.0,0.0,0.006,306440.24
1719967,IT,PL,PREC1,FOOD2,0.1,61287.812,4,4,61287.809,0.0,0.0,0.0,0.003,612878.12
1726241,IT,RO,NONME,DIST1,0.12,61287.778,4,4,61287.771,0.0,0.0,0.0,0.007,510731.483333
1651187,IT,BG,BUSIN,COPP1,0.63,61285.401,4,4,61285.397,0.0,0.0,0.0,0.004,97278.414286
1737202,IT,GB,DAIRY,BUSIN,0.25,61282.941,4,4,61282.937,0.0,0.0,0.0,0.004,245131.764
1735213,IT,SK,RUBBE,LANDT,0.2,61277.755,4,4,61277.749,0.0,0.0,0.0,0.006,306388.775
1667458,IT,ES,FABRI,WHEAT,0.25,61276.172,4,4,61276.168,0.0,0.0,0.0,0.004,245104.688
1746780,IT,JP,MACHI,WEARI,0.34,61275.646,4,4,61275.641,0.0,0.0,0.0,0.005,180222.488235
1720570,IT,PL,OFFIC,RAILW,0.19,61265.404,4,4,61265.4,0.0,0.0,0.0,0.004,322449.494737
1726319,IT,RO,PREC1,RECRE,0.1,61260.332,4,4,61260.329,0.0,0.0,0.0,0.003,612603.32
1768301,IT,AU,STONE,CEMEN,0.2,61255.981,5,5,61252.978,0.0,0.0,3.0,0.003,306279.905
1745738,IT,JP,WEARI,CERAM,0.46,61255.381,4,4,61255.369,0.0,0.0,0.0,0.012,133163.871739
1766247,IT,RU,GLASS,HEALT,0.17,61253.175,4,4,61253.171,0.0,0.0,0.0,0.004,360312.794118
1714177,IT,MT,POSTT,COMPU,1.01,61252.371,4,4,61252.366,0.0,0.0,0.0,0.005,60645.911881
1813939,IT,WM,TRAN2,CHEM1,0.09,61251.399,4,4,61251.397,0.0,0.0,0.0,0.002,680571.1
1710714,IT,LU,FOOD5,MACHI,0.29,61250.899,4,4,61250.894,0.0,0.0,0.0,0.005,211209.996552
1726567,IT,RO,OFFIC,RETA1,0.19,61249.711,4,4,61249.707,0.0,0.0,0.0,0.004,322366.9
1801138,IT,WE,FABRI,CROPS,0.25,61249.096,4,4,61249.092,0.0,0.0,0.0,0.004,244996.384
1686021,IT,HU,BIODI,WHOLE,0.13,61247.479,4,4,61247.472,0.0,0.0,0.0,0.007,471134.453846
1665599,IT,ES,WOODW,VEGET,0.17,61239.283,4,4,61239.279,0.0,0.0,0.0,0.004,360231.076471
1782606,IT,NO,FURNI,RETAI,0.2,61236.669,4,4,61236.664,0.0,0.0,0.0,0.005,306183.345
1735552,IT,SK,ALUM1,LEAD1,0.11,61235.764,4,4,61235.759,0.0,0.0,0.0,0.005,556688.763636
1769870,IT,AU,OFFIC,RESEA,0.19,61232.061,4,4,61232.057,0.0,0.0,0.0,0.004,322274.005263
1732675,IT,SI,CERAM,CEMEN,0.1,61229.167,4,4,61229.164,0.0,0.0,0.0,0.003,612291.67
1754596,IT,KR,CROPS,HOTEL,0.48,61218.615,4,4,61218.612,0.0,0.0,0.0,0.003,127538.78125
1765263,IT,RU,VEGE1,FISHF,0.19,61215.822,4,4,61215.809,0.0,0.0,0.0,0.013,322188.536842
1809778,IT,WM,FOOD5,PRINT,0.29,61214.99,4,4,61214.985,0.0,0.0,0.0,0.005,211086.172414
1655172,IT,CZ,BUSIN,DISTR,0.63,61214.818,4,4,61214.814,0.0,0.0,0.0,0.004,97166.377778
1724857,IT,PT,BUSIN,PAPER,0.63,61212.364,4,4,61212.36,0.0,0.0,0.0,0.004,97162.48254
1646967,IT,BE,WHOLE,RECRE,0.53,61212.178,4,4,61212.174,0.0,0.0,0.0,0.004,115494.675472
1785993,IT,ZA,RUBBE,WASTE,0.2,61210.794,4,4,61210.788,0.0,0.0,0.0,0.006,306053.97
1791083,IT,WA,TRANS,CHEM1,0.37,61208.891,4,4,61208.888,0.0,0.0,0.0,0.003,165429.435135
1673441,IT,FR,WEARI,COLLE,0.46,61204.512,4,4,61204.5,0.0,0.0,0.0,0.012,133053.286957
1642868,IT,AT,MOTO1,FURNI,0.33,61196.091,4,4,61196.087,0.0,0.0,0.0,0.004,185442.7
1647119,IT,BE,HOTEL,DISTR,0.44,61187.733,4,4,61187.728,0.0,0.0,0.0,0.005,139063.029545
1799293,IT,WE,LEATH,FINAN,0.44,61182.543,4,4,61182.532,0.0,0.0,0.0,0.011,139051.234091
1804153,IT,WF,PAPER,ELECT,0.24,61178.408,4,4,61178.402,0.0,0.0,0.0,0.006,254910.033333
1722595,IT,PT,TEXTI,VEGET,0.36,61172.976,4,4,61172.968,0.0,0.0,0.0,0.008,169924.933333
1750797,IT,CN,FURNI,MEAT1,0.2,61170.423,4,4,61170.418,0.0,0.0,0.0,0.005,305852.115
1771451,IT,CH,BEVER,LEATH,0.26,61168.527,4,4,61168.523,0.0,0.0,0.0,0.004,235263.565385
1687572,IT,HU,LANDT,REALE,0.39,61160.138,4,4,61160.135,0.0,0.0,0.0,0.003,156820.866667
1786211,IT,ZA,ALUM1,OFFIC,0.11,61157.056,4,4,61157.051,0.0,0.0,0.0,0.005,555973.236364
1743816,IT,US,LANDT,FINAN,0.39,61152.067,4,4,61152.064,0.0,0.0,0.0,0.003,156800.171795
1769269,IT,AU,RUBBE,NONME,0.2,61151.871,4,4,61151.865,0.0,0.0,0.0,0.006,305759.355
1668537,IT,ES,HOTEL,OFFIC,0.44,61150.994,4,4,61150.989,0.0,0.0,0.0,0.005,138979.531818
1687603,IT,HU,TRAN2,NAPHT,0.09,61150.388,4,4,61150.386,0.0,0.0,0.0,0.002,679448.755556
1765599,IT,RU,WOODW,FISH5,0.17,61149.341,4,4,61149.337,0.0,0.0,0.0,0.004,359702.005882
1812364,IT,WM,BASIC,COLLE,0.07,61146.921,4,4,61146.917,0.0,0.0,0.0,0.004,873527.442857
1799775,IT,WE,KEROS,EDUCA,0.09,61146.488,4,4,61146.483,0.0,0.0,0.0,0.005,679405.422222
1791358,IT,WA,SALEM,CONST,0.49,61144.241,4,4,61144.237,0.0,0.0,0.0,0.004,124784.165306
1792016,IT,WA,AIRTR,WHEAT,0.07,61143.867,4,4,61143.865,0.0,0.0,0.0,0.002,873483.814286
1664209,IT,EE,CERAM,WHOLE,0.1,61141.833,4,4,61141.83,0.0,0.0,0.0,0.003,611418.33
1775746,IT,TR,FISHF,CERAM,0.11,61131.967,4,4,61131.965,0.0,0.0,0.0,0.002,555745.154545
1739707,IT,GB,SUPPO,FABRI,0.44,61131.965,4,4,61131.962,0.0,0.0,0.0,0.003,138936.284091
1731875,IT,SI,PRINT,WHOLE,0.59,61131.891,4,4,61131.886,0.0,0.0,0.0,0.005,103613.374576
1648895,IT,BG,TEXTI,AIRTR,0.36,61131.422,4,4,61131.414,0.0,0.0,0.0,0.008,169809.505556
1652486,IT,CZ,WEARI,PFERT,0.46,61122.428,4,4,61122.416,0.0,0.0,0.0,0.012,132874.843478
1733134,IT,SI,FABRI,SECO9,0.25,61118.674,4,4,61118.67,0.0,0.0,0.0,0.004,244474.696
1657388,IT,DE,RUBBE,STONE,0.2,61117.796,4,4,61117.79,0.0,0.0,0.0,0.006,305588.98
1683068,IT,HR,RUBBE,CHEMI,0.2,61111.154,4,4,61111.148,0.0,0.0,0.0,0.006,305555.77
1643623,IT,AT,AIRTR,FOUND,0.07,61104.452,4,4,61104.45,0.0,0.0,0.0,0.002,872920.742857
1749327,IT,CN,PRINT,PFERT,0.59,61104.069,4,4,61104.064,0.0,0.0,0.0,0.005,103566.218644
1640347,IT,AT,MEATC,NATUR,0.2,61101.612,5,5,61100.608,0.0,1.0,0.0,0.004,305508.06
1753467,IT,CA,FABRI,RADIO,0.25,61100.676,4,4,61100.672,0.0,0.0,0.0,0.004,244402.704
1814228,IT,WM,POSTT,CRUDE,1.01,61098.794,4,4,61098.789,0.0,0.0,0.0,0.005,60493.855446
1778586,IT,TR,RETA1,EDUCA,0.64,61098.195,4,4,61098.191,0.0,0.0,0.0,0.004,95465.929688
1760964,IT,IN,HEAVY,FOOD3,0.1,61094.787,4,4,61094.782,0.0,0.0,0.0,0.005,610947.87
1716960,IT,NL,RAILW,SUPPO,0.41,61093.27,4,4,61093.267,0.0,0.0,0.0,0.003,149007.97561
1748087,IT,JP,BUSIN,AIRTR,0.63,61088.899,4,4,61088.895,0.0,0.0,0.0,0.004,96966.506349
1680413,IT,GR,ELEC2,WASTE,0.01,61088.895,4,4,61088.889,0.0,0.0,0.0,0.006,6108889.5
1659510,IT,DE,RETA1,ELEC3,0.64,61086.011,4,4,61086.007,0.0,0.0,0.0,0.004,95446.892188
1654799,IT,CZ,SUPPO,FABRI,0.44,61085.096,4,4,61085.093,0.0,0.0,0.0,0.003,138829.763636
1789377,IT,WA,CHEM1,BIODI,0.13,61083.974,4,4,61083.967,0.0,0.0,0.0,0.007,469876.723077
1807479,IT,WF,REALE,RETA1,2.58,61081.722,4,4,61081.718,0.0,0.0,0.0,0.004,23675.086047
1775954,IT,TR,FOOD5,PUBLI,0.29,61079.531,4,4,61079.526,0.0,0.0,0.0,0.005,210619.072414
1751057,IT,CN,WHOLE,COMPU,0.53,61078.665,4,4,61078.661,0.0,0.0,0.0,0.004,115242.764151
1650879,IT,BG,LANDT,BUSIN,0.39,61076.499,4,4,61076.496,0.0,0.0,0.0,0.003,156606.407692
1760542,IT,IN,LEATH,NFERT,0.44,61067.67,4,4,61067.659,0.0,0.0,0.0,0.011,138790.159091
1656202,IT,DE,TEXTI,ELECT,0.36,61064.803,4,4,61064.795,0.0,0.0,0.0,0.008,169624.452778
1779233,IT,TR,POSTT,EDUCA,1.01,61059.089,4,4,61059.084,0.0,0.0,0.0,0.005,60454.543564
1658699,IT,DE,OFFIC,CEMEN,0.19,61056.244,4,4,61056.24,0.0,0.0,0.0,0.004,321348.652632
1799616,IT,WE,MOTOR,NONFE,0.09,61055.821,4,4,61055.816,0.0,0.0,0.0,0.005,678398.011111
1781023,IT,TW,BUSIN,SUPPO,0.63,61055.528,4,4,61055.524,0.0,0.0,0.0,0.004,96913.536508
1811176,IT,WM,NAPHT,RADIO,0.1,61051.068,4,4,61051.064,0.0,0.0,0.0,0.004,610510.68
1799081,IT,WE,WEARI,CEREA,0.46,61051.036,4,4,61051.024,0.0,0.0,0.0,0.012,132719.643478
1812420,IT,WM,PREC1,BEVER,0.1,61048.405,4,4,61048.402,0.0,0.0,0.0,0.003,610484.05
1782085,IT,NO,GLASS,SALEM,0.17,61039.273,4,4,61039.27,0.0,0.0,0.0,0.003,359054.547059
1709590,IT,LT,PAPER,PAPER,0.24,61028.019,4,4,61028.013,0.0,0.0,0.0,0.006,254283.4125
1668910,IT,ES,SEACO,REALE,0.06,61023.958,3,3,61023.958,0.0,0.0,0.0,0.0,1017065.966667
1783885,IT,NO,WOOD2,RENTI,0.33,61023.094,4,4,61023.09,0.0,0.0,0.0,0.004,184918.466667
1661975,IT,DK,PETRO,FISH5,0.1,61021.723,4,4,61021.718,0.0,0.0,0.0,0.005,610217.23
1688233,IT,IE,CEREA,RAWMI,0.1,61019.729,4,4,61019.726,0.0,0.0,0.0,0.003,610197.29
1760965,IT,IN,HEAVY,WASTE,0.1,61016.172,4,4,61016.167,0.0,0.0,0.0,0.005,610161.72
1685444,IT,HU,WOODW,CEMEN,0.17,61013.162,4,4,61013.158,0.0,0.0,0.0,0.004,358900.952941
1784586,IT,ID,MACHI,LIQUE,0.34,61011.6,4,4,61011.595,0.0,0.0,0.0,0.005,179445.882353
1689534,IT,IE,SEACO,CEMEN,0.06,61011.344,3,3,61011.344,0.0,0.0,0.0,0.0,1016855.733333
1644651,IT,BE,FOOD5,RECRE,0.29,61010.344,4,4,61010.339,0.0,0.0,0.0,0.005,210380.496552
1753205,IT,CA,GLASS,HOTEL,0.17,61000.323,4,4,61000.32,0.0,0.0,0.0,0.003,358825.429412
1786426,IT,ZA,MACHI,93197,0.34,60999.849,4,4,60999.844,0.0,0.0,0.0,0.005,179411.320588
1786539,IT,ZA,FURNI,PLAST,0.19,60999.312,4,4,60999.307,0.0,0.0,0.0,0.005,321049.010526
1664652,IT,EE,LANDT,CONST,0.39,60996.613,4,4,60996.61,0.0,0.0,0.0,0.003,156401.571795
1645323,IT,BE,GASDI,BEVER,0.09,60992.858,4,4,60992.853,0.0,0.0,0.0,0.005,677698.422222
1667628,IT,ES,MACHI,WEARI,0.34,60991.75,4,4,60991.745,0.0,0.0,0.0,0.005,179387.5
1687949,IT,HU,RENTI,BEVER,0.36,60990.311,4,4,60990.308,0.0,0.0,0.0,0.003,169417.530556
1650538,IT,BG,ELEC7,MOTOR,0.04,60986.982,3,3,60986.982,0.0,0.0,0.0,0.0,1524674.55
1770273,IT,AU,HOTEL,COPP1,0.44,60982.686,4,4,60982.681,0.0,0.0,0.0,0.005,138597.013636
1689455,IT,IE,HOTEL,DIST1,0.44,60982.356,4,4,60982.351,0.0,0.0,0.0,0.005,138596.263636
1765911,IT,RU,PLAST,MACHI,0.13,60978.355,4,4,60978.349,0.0,0.0,0.0,0.006,469064.269231
1675928,IT,FR,ELEC2,INTER,0.01,60977.405,4,4,60977.399,0.0,0.0,0.0,0.006,6097740.5
1789142,IT,WA,PLAST,PLANT,0.13,60976.497,4,4,60976.491,0.0,0.0,0.0,0.006,469049.976923
1803360,IT,WF,SANDC,RECRE,0.14,60973.294,5,5,60960.292,0.0,0.0,13.0,0.002,435523.528571
1686455,IT,HU,BASIC,PAPE1,0.07,60967.865,4,4,60967.861,0.0,0.0,0.0,0.004,870969.5
1653243,IT,CZ,RUBBE,CERAM,0.2,60955.43,4,4,60955.424,0.0,0.0,0.0,0.006,304777.15
1684901,IT,HU,SANDC,RECRE,0.14,60955.248,5,5,60942.246,0.0,0.0,13.0,0.002,435394.628571
1683646,IT,HR,FABRI,COPP1,0.25,60952.392,4,4,60952.388,0.0,0.0,0.0,0.004,243809.568
1648695,IT,BG,FOOD5,RAWMI,0.29,60950.745,4,4,60950.74,0.0,0.0,0.0,0.005,210174.982759
1738947,IT,GB,FURNI,FOOD4,0.19,60948.944,4,4,60948.939,0.0,0.0,0.0,0.005,320783.915789
1715751,IT,NL,BIODI,VEGET,0.13,60939.03,4,4,60939.023,0.0,0.0,0.0,0.007,468761.769231
1662863,IT,DK,WHOLE,TEXTI,0.53,60935.442,4,4,60935.438,0.0,0.0,0.0,0.004,114972.532075
1752883,IT,CA,KEROS,GASDI,0.09,60934.922,4,4,60934.917,0.0,0.0,0.0,0.005,677054.688889
1766557,IT,RU,COPP1,ELEC2,0.15,60934.651,4,4,60934.648,0.0,0.0,0.0,0.003,406231.006667
1735088,IT,SK,CHEM1,LEAD1,0.13,60931.313,4,4,60931.306,0.0,0.0,0.0,0.007,468702.407692
1734991,IT,SK,NONSP,TRANS,0.08,60929.305,4,4,60929.302,0.0,0.0,0.0,0.003,761616.3125
1806223,IT,WF,MACHI,SUGA1,0.34,60929.144,4,4,60929.139,0.0,0.0,0.0,0.005,179203.364706
1658392,IT,DE,FABRI,STONE,0.25,60926.562,4,4,60926.558,0.0,0.0,0.0,0.004,243706.248
1679432,IT,GR,CHEM1,ANIMA,0.13,60925.136,4,4,60925.129,0.0,0.0,0.0,0.007,468654.892308
1679525,IT,GR,ADDIT,HEAVY,0.14,60916.583,4,4,60916.578,0.0,0.0,0.0,0.005,435118.45
1713693,IT,MT,FABRI,RADIO,0.25,60912.501,4,4,60912.497,0.0,0.0,0.0,0.004,243650.004
1763245,IT,MX,WOODW,WHOLE,0.17,60909.109,4,4,60909.105,0.0,0.0,0.0,0.004,358288.876471
1746226,IT,JP,CHEM1,COALT,0.13,60907.561,4,4,60907.554,0.0,0.0,0.0,0.007,468519.7
1685978,IT,HU,BIODI,OILSE,0.13,60907.387,4,4,60907.38,0.0,0.0,0.0,0.007,468518.361538
1677065,IT,FR,SUPPO,NONME,0.44,60903.458,4,4,60903.455,0.0,0.0,0.0,0.003,138416.95
1723857,IT,PT,TRANS,FURNI,0.36,60900.846,4,4,60900.843,0.0,0.0,0.0,0.003,169169.016667
1683066,IT,HR,RUBBE,STONE,0.2,60899.842,4,4,60899.836,0.0,0.0,0.0,0.006,304499.21
1763648,IT,MX,RUBBE,MEATP,0.2,60896.455,4,4,60896.449,0.0,0.0,0.0,0.006,304482.275
1811773,IT,WM,ADDIT,RADIO,0.14,60896.332,4,4,60896.327,0.0,0.0,0.0,0.005,434973.8
1780494,IT,TW,POSTT,NONME,1.0,60896.143,4,4,60896.138,0.0,0.0,0.0,0.005,60896.143
1657007,IT,DE,NAPHT,HEAVY,0.1,60894.961,4,4,60894.957,0.0,0.0,0.0,0.004,608949.61
1662183,IT,DK,RUBBE,RENTI,0.2,60894.153,4,4,60894.147,0.0,0.0,0.0,0.006,304470.765
1711975,IT,LV,VEGET,BEVER,0.22,60892.173,4,4,60892.171,0.0,0.0,0.0,0.002,276782.604545
1714485,IT,NL,FISHF,HOTEL,0.1,60891.012,4,4,60891.01,0.0,0.0,0.0,0.002,608910.12
1775886,IT,TR,PROCE,FISH5,0.41,60890.366,4,4,60890.362,0.0,0.0,0.0,0.004,148513.087805
1646925,IT,BE,WHOLE,ELEC2,0.53,60887.088,4,4,60887.084,0.0,0.0,0.0,0.004,114881.298113
1714820,IT,NL,FOOD5,MOTOR,0.29,60885.732,4,4,60885.727,0.0,0.0,0.0,0.005,209950.8
1646564,IT,BE,OFFIC,RETA1,0.19,60883.44,4,4,60883.436,0.0,0.0,0.0,0.004,320439.157895
1776707,IT,TR,HEAVY,SUPPO,0.1,60883.21,4,4,60883.205,0.0,0.0,0.0,0.005,608832.1
1682964,IT,HR,PLAST,CONST,0.13,60875.392,4,4,60875.386,0.0,0.0,0.0,0.006,468272.246154
1648278,IT,BE,PUBLI,MOTOR,1.0,60869.085,4,4,60869.081,0.0,0.0,0.0,0.004,60869.085
1656285,IT,DE,LEATH,TEXTI,0.44,60864.667,4,4,60864.656,0.0,0.0,0.0,0.011,138328.788636
1813969,IT,WM,SEACO,VEGE1,0.06,60863.242,3,3,60863.242,0.0,0.0,0.0,0.0,1014387.366667
1768108,IT,RU,BUSIN,COMPU,0.63,60860.633,4,4,60860.629,0.0,0.0,0.0,0.004,96604.179365
1734608,IT,SK,FISH5,SALEM,0.26,60860.112,4,4,60860.081,0.0,0.0,0.0,0.031,234077.353846
1735668,IT,SK,FABRI,DAIRY,0.25,60857.815,4,4,60857.811,0.0,0.0,0.0,0.004,243431.26
1648789,IT,BG,BEVER,RETA1,0.26,60855.699,4,4,60855.695,0.0,0.0,0.0,0.004,234060.380769
1757823,IT,BR,PFERT,REALE,0.03,60847.93,4,4,60847.92,0.0,0.0,0.0,0.01,2028264.333333
1726111,IT,RO,RUBBE,BLAST,0.2,60840.0,4,4,60839.994,0.0,0.0,0.0,0.006,304200.0
1653716,IT,CZ,COPP1,TEXTI,0.15,60838.653,4,4,60838.65,0.0,0.0,0.0,0.003,405591.02
1739852,IT,GB,FINAN,RUBBE,0.79,60836.221,4,4,60836.219,0.0,0.0,0.0,0.002,77007.874684
1668814,IT,ES,LANDT,93197,0.39,60835.525,4,4,60835.522,0.0,0.0,0.0,0.003,155988.525641
1750323,IT,CN,NONF1,STEAM,0.01,60829.952,3,3,60829.952,0.0,0.0,0.0,0.0,6082995.2
1746723,IT,JP,FABRI,DISTR,0.25,60829.325,4,4,60829.321,0.0,0.0,0.0,0.004,243317.3
1760633,IT,IN,PULP5,CHEM1,0.19,60828.988,4,4,60828.982,0.0,0.0,0.0,0.006,320152.568421
1749879,IT,CN,RUBBE,RAILW,0.2,60828.301,4,4,60828.295,0.0,0.0,0.0,0.006,304141.505
1743903,IT,US,SEACO,FURNI,0.06,60824.327,3,3,60824.327,0.0,0.0,0.0,0.0,1013738.783333
1662770,IT,DK,MOTO1,MACHI,0.32,60823.991,4,4,60823.987,0.0,0.0,0.0,0.004,190074.971875
1795531,IT,WL,ALUM1,RADIO,0.11,60820.925,4,4,60820.92,0.0,0.0,0.0,0.005,552917.5
1650182,IT,BG,MOTO1,SUPPO,0.32,60815.506,4,4,60815.502,0.0,0.0,0.0,0.004,190048.45625
1649052,IT,BG,PAPER,WHEAT,0.24,60815.011,4,4,60815.005,0.0,0.0,0.0,0.006,253395.879167
1718712,IT,PL,WOODW,93197,0.17,60813.554,4,4,60813.55,0.0,0.0,0.0,0.004,357726.788235
1729726,IT,SE,MACHI,FOOD5,0.34,60807.523,4,4,60807.518,0.0,0.0,0.0,0.005,178845.655882
1733409,IT,SI,ELEC2,LANDT,0.01,60799.937,4,4,60799.931,0.0,0.0,0.0,0.006,6079993.7
1729209,IT,SE,CERAM,CEMEN,0.09,60798.156,4,4,60798.153,0.0,0.0,0.0,0.003,675535.066667
1656763,IT,DE,KEROS,PLAST,0.09,60798.1,4,4,60798.095,0.0,0.0,0.0,0.005,675534.444444
1813115,IT,WM,MOTO1,MEAT1,0.32,60796.469,4,4,60796.465,0.0,0.0,0.0,0.004,189988.965625
1799075,IT,WE,TEXTI,MEMBE,0.36,60795.702,4,4,60795.694,0.0,0.0,0.0,0.008,168876.95
1684165,IT,HR,LANDT,FABRI,0.39,60794.758,4,4,60794.755,0.0,0.0,0.0,0.003,155883.994872
1754095,IT,CA,AIRTR,CERAM,0.07,60794.018,4,4,60794.016,0.0,0.0,0.0,0.002,868485.971429
1749289,IT,CN,PAPER,AIRTR,0.24,60794.005,4,4,60793.999,0.0,0.0,0.0,0.006,253308.354167
1645877,IT,BE,GLASS,FURNI,0.17,60791.822,4,4,60791.819,0.0,0.0,0.0,0.003,357598.952941
1795131,IT,WL,RUBBE,BIOGA,0.2,60788.888,4,4,60788.882,0.0,0.0,0.0,0.006,303944.44
1769728,IT,AU,MACHI,SANDC,0.34,60787.991,4,4,60787.986,0.0,0.0,0.0,0.005,178788.208824
1795889,IT,WL,OFFIC,CONST,0.19,60784.343,4,4,60784.339,0.0,0.0,0.0,0.004,319917.594737
1668303,IT,ES,WHOLE,OFFIC,0.53,60784.152,4,4,60784.148,0.0,0.0,0.0,0.004,114687.079245
1801162,IT,WE,FABRI,NONFE,0.25,60783.575,4,4,60783.571,0.0,0.0,0.0,0.004,243134.3
1761274,IT,IN,RUBBE,PREC1,0.2,60781.344,4,4,60781.338,0.0,0.0,0.0,0.006,303906.72
1725471,IT,RO,WEARI,BASIC,0.46,60778.6,4,4,60778.588,0.0,0.0,0.0,0.012,132127.391304
1757471,IT,BR,PAPER,MACHI,0.24,60770.62,4,4,60770.614,0.0,0.0,0.0,0.006,253210.916667
1787273,IT,WA,VEGET,RETAI,0.22,60769.585,4,4,60769.583,0.0,0.0,0.0,0.002,276225.386364
1753765,IT,CA,FURNI,RADIO,0.19,60769.163,4,4,60769.158,0.0,0.0,0.0,0.005,319837.7
1671334,IT,FI,ALUM1,REALE,0.11,60768.808,4,4,60768.803,0.0,0.0,0.0,0.005,552443.709091
1810407,IT,WM,PULP5,MEAT1,0.19,60764.245,4,4,60764.239,0.0,0.0,0.0,0.006,319811.815789
1684049,IT,HR,HOTEL,PFERT,0.44,60762.321,4,4,60762.316,0.0,0.0,0.0,0.005,138096.184091
1777642,IT,TR,ALUM1,RENTI,0.11,60760.933,4,4,60760.928,0.0,0.0,0.0,0.005,552372.118182
1681117,IT,GR,SUPPO,LANDT,0.44,60754.414,4,4,60754.411,0.0,0.0,0.0,0.003,138078.213636
1813148,IT,WM,MOTO1,GLASS,0.32,60752.088,4,4,60752.084,0.0,0.0,0.0,0.004,189850.275
1811550,IT,WM,PFERT,BEVER,0.03,60751.545,4,4,60751.535,0.0,0.0,0.0,0.01,2025051.5
1801914,IT,WE,CONST,EDUCA,0.34,60751.439,4,4,60751.436,0.0,0.0,0.0,0.003,178680.702941
1720618,IT,PL,MOTO1,DAIRY,0.32,60751.165,4,4,60751.161,0.0,0.0,0.0,0.004,189847.390625
1741922,IT,US,CHEM1,NONF1,0.13,60750.609,4,4,60750.602,0.0,0.0,0.0,0.007,467312.376923
1745532,IT,JP,BEVER,FISHF,0.26,60744.855,4,4,60744.851,0.0,0.0,0.0,0.004,233634.057692
1653655,IT,CZ,ALUM1,RADIO,0.11,60743.002,4,4,60742.997,0.0,0.0,0.0,0.005,552209.109091
1772055,IT,CH,PRINT,DISTR,0.58,60740.199,4,4,60740.194,0.0,0.0,0.0,0.005,104724.481034
1641735,IT,AT,CHEM1,SUGAR,0.13,60739.891,4,4,60739.884,0.0,0.0,0.0,0.007,467229.930769
1675533,IT,FR,OFFIC,93197,0.19,60739.824,4,4,60739.82,0.0,0.0,0.0,0.004,319683.284211
1794610,IT,WL,HEAVY,SUPPO,0.1,60739.084,4,4,60739.079,0.0,0.0,0.0,0.005,607390.84
1640173,IT,AT,VEGET,WHOLE,0.22,60730.275,4,4,60730.273,0.0,0.0,0.0,0.002,276046.704545
1786198,IT,ZA,ALUM1,PRINT,0.11,60729.78,4,4,60729.775,0.0,0.0,0.0,0.005,552088.909091
1666330,IT,ES,LIQUE,ELEC6,0.11,60729.174,4,4,60729.169,0.0,0.0,0.0,0.005,552083.4
1675173,IT,FR,COPP1,RECRE,0.15,60728.669,4,4,60728.666,0.0,0.0,0.0,0.003,404857.793333
1796319,IT,WL,SALEM,RETA1,0.49,60727.213,4,4,60727.209,0.0,0.0,0.0,0.004,123933.087755
1793520,IT,WL,CHEMI,PUBLI,0.14,60726.034,5,5,60723.028,0.0,0.0,3.0,0.006,433757.385714
1719626,IT,PL,CERAM,LANDT,0.09,60726.025,4,4,60726.022,0.0,0.0,0.0,0.003,674733.611111
1807396,IT,WF,FINAN,INSUR,0.79,60725.577,4,4,60725.575,0.0,0.0,0.0,0.002,76867.818987
1658277,IT,DE,COPP1,CEMEN,0.15,60723.023,4,4,60723.02,0.0,0.0,0.0,0.003,404820.153333
1666591,IT,ES,CHEM1,LEAD1,0.13,60721.211,4,4,60721.204,0.0,0.0,0.0,0.007,467086.238462
1808958,IT,WM,CEREA,PUBLI,0.1,60717.835,4,4,60717.832,0.0,0.0,0.0,0.003,607178.35
1712345,IT,LV,RUBBE,LANDT,0.2,60716.776,4,4,60716.77,0.0,0.0,0.0,0.006,303583.88
1727134,IT,RO,LANDT,ELEC3,0.39,60698.443,4,4,60698.44,0.0,0.0,0.0,0.003,155637.033333
1722809,IT,PT,PAPER,CONST,0.24,60696.809,4,4,60696.803,0.0,0.0,0.0,0.006,252903.370833
1687994,IT,HU,RENTI,SALEM,0.36,60696.323,4,4,60696.32,0.0,0.0,0.0,0.003,168600.897222
1647754,IT,BE,INSUR,REALE,1.25,60696.17,4,4,60696.167,0.0,0.0,0.0,0.003,48556.936
1717667,IT,NL,BUSIN,CEMEN,0.62,60696.017,4,4,60696.013,0.0,0.0,0.0,0.004,97896.801613
1729359,IT,SE,BASIC,LEADZ,0.07,60694.788,4,4,60694.784,0.0,0.0,0.0,0.004,867068.4
1773763,IT,CH,ELEC2,PRINT,0.01,60693.925,4,4,60693.919,0.0,0.0,0.0,0.006,6069392.5
1745592,IT,JP,FISH5,PUBLI,0.26,60692.325,4,4,60692.294,0.0,0.0,0.0,0.031,233432.019231
1759277,IT,BR,POSTT,MACHI,1.0,60692.143,4,4,60692.138,0.0,0.0,0.0,0.005,60692.143
1762234,IT,IN,AIRTR,PADDY,0.07,60689.617,4,4,60689.615,0.0,0.0,0.0,0.002,866994.528571
1812137,IT,WM,BRICK,RESEA,0.09,60685.404,4,4,60685.4,0.0,0.0,0.0,0.004,674282.266667
1680083,IT,GR,MACHI,RESEA,0.34,60680.75,4,4,60680.745,0.0,0.0,0.0,0.005,178472.794118
1796867,IT,WL,SEACO,ALUM1,0.06,60677.949,3,3,60677.949,0.0,0.0,0.0,0.0,1011299.15
1796328,IT,WL,SALEM,BUSIN,0.49,60677.066,4,4,60677.062,0.0,0.0,0.0,0.004,123830.746939
1788893,IT,WA,GASDI,FINAN,0.09,60675.097,4,4,60675.092,0.0,0.0,0.0,0.005,674167.744444
1739383,IT,GB,RAILW,POSTT,0.41,60674.127,4,4,60674.124,0.0,0.0,0.0,0.003,147985.67561
1806776,IT,WF,RETA1,RAWMI,0.63,60673.994,4,4,60673.99,0.0,0.0,0.0,0.004,96307.926984
1720745,IT,PL,TRANS,BASIC,0.36,60668.253,4,4,60668.25,0.0,0.0,0.0,0.003,168522.925
1721929,IT,PL,RENTI,HEALT,0.36,60668.21,4,4,60668.207,0.0,0.0,0.0,0.003,168522.805556
1661974,IT,DK,PETRO,BEVER,0.1,60665.953,4,4,60665.948,0.0,0.0,0.0,0.005,606659.53
1745944,IT,JP,WOODW,PFERT,0.17,60665.866,4,4,60665.862,0.0,0.0,0.0,0.004,356858.035294
1771832,IT,CH,WOODW,CERAM,0.17,60664.408,4,4,60664.404,0.0,0.0,0.0,0.004,356849.458824
1663196,IT,DK,LANDT,POSTT,0.39,60661.698,4,4,60661.695,0.0,0.0,0.0,0.003,155542.815385
1813438,IT,WM,CONST,PFERT,0.34,60660.798,4,4,60660.795,0.0,0.0,0.0,0.003,178414.111765
1669571,IT,ES,REALE,HOTEL,2.56,60656.779,4,4,60656.775,0.0,0.0,0.0,0.004,23694.054297
1785936,IT,ZA,RUBBE,PULP5,0.2,60655.906,4,4,60655.901,0.0,0.0,0.0,0.005,303279.53
1808375,IT,WF,WASTE,CRUDE,0.19,60654.818,4,4,60654.815,0.0,0.0,0.0,0.003,319235.884211
1777020,IT,TR,CHEM1,TOBAC,0.13,60653.769,4,4,60653.762,0.0,0.0,0.0,0.007,466567.453846
1738551,IT,GB,FABRI,PROCE,0.25,60650.694,4,4,60650.69,0.0,0.0,0.0,0.004,242602.776
1679843,IT,GR,ALUM1,TRANS,0.11,60642.239,4,4,60642.234,0.0,0.0,0.0,0.005,551293.081818
1728982,IT,SE,ADDIT,COPPE,0.14,60641.162,4,4,60641.157,0.0,0.0,0.0,0.005,433151.157143
1814104,IT,WM,AIRTR,CHARC,0.07,60638.626,4,4,60638.624,0.0,0.0,0.0,0.002,866266.085714
1654935,IT,CZ,INSUR,CHEM1,1.25,60635.872,4,4,60635.869,0.0,0.0,0.0,0.003,48508.6976
1721939,IT,PL,RENTI,RECRE,0.36,60633.071,4,4,60633.068,0.0,0.0,0.0,0.003,168425.197222
1667305,IT,ES,ALUM1,ELEC3,0.11,60628.795,4,4,60628.79,0.0,0.0,0.0,0.005,551170.863636
1656270,IT,DE,WEARI,MEMBE,0.46,60626.487,4,4,60626.475,0.0,0.0,0.0,0.012,131796.71087
1680304,IT,GR,FURNI,RESEA,0.19,60621.378,4,4,60621.373,0.0,0.0,0.0,0.005,319059.884211
1742761,IT,US,FABRI,BRICK,0.25,60619.512,4,4,60619.508,0.0,0.0,0.0,0.004,242478.048
1763254,IT,MX,WOODW,BUSIN,0.17,60615.105,4,4,60615.101,0.0,0.0,0.0,0.004,356559.441176
1718720,IT,PL,PULP5,TEXTI,0.18,60606.623,4,4,60606.617,0.0,0.0,0.0,0.006,336703.461111
1731493,IT,SI,BEVER,BUSIN,0.26,60604.2,4,4,60604.196,0.0,0.0,0.0,0.004,233093.076923
1688929,IT,IE,FABRI,PLAST,0.25,60602.835,4,4,60602.831,0.0,0.0,0.0,0.004,242411.34
1810999,IT,WM,GASDI,INLAN,0.09,60601.761,4,4,60601.756,0.0,0.0,0.0,0.005,673352.9
1659586,IT,DE,HOTEL,MOTOR,0.44,60601.423,4,4,60601.418,0.0,0.0,0.0,0.005,137730.506818
1684755,IT,HU,OILSE,OILSE,0.04,60601.009,4,4,60601.006,0.0,0.0,0.0,0.003,1515025.225
1735641,IT,SK,COPP1,BUSIN,0.15,60596.257,4,4,60596.254,0.0,0.0,0.0,0.003,403975.046667
1756202,IT,KR,MACHI,NONF1,0.34,60593.616,4,4,60593.611,0.0,0.0,0.0,0.005,178216.517647
1682485,IT,HR,PRINT,PRINT,0.58,60593.473,4,4,60593.468,0.0,0.0,0.0,0.005,104471.505172
1727133,IT,RO,LANDT,ELEC1,0.39,60592.76,4,4,60592.757,0.0,0.0,0.0,0.003,155366.051282
1751623,IT,CN,POSTT,EDUCA,1.0,60591.096,4,4,60591.091,0.0,0.0,0.0,0.005,60591.096
1684301,IT,HR,AIRTR,BUSIN,0.07,60586.712,4,4,60586.71,0.0,0.0,0.0,0.002,865524.457143
1812649,IT,WM,COPP1,PRINT,0.15,60577.033,4,4,60577.03,0.0,0.0,0.0,0.003,403846.886667
1813122,IT,WM,MOTO1,BEVER,0.32,60572.475,4,4,60572.471,0.0,0.0,0.0,0.004,189288.984375
1758772,IT,BR,RETA1,TEXTI,0.63,60571.295,4,4,60571.291,0.0,0.0,0.0,0.004,96144.912698
1791763,IT,WA,RAILW,RAILW,0.41,60569.574,4,4,60569.571,0.0,0.0,0.0,0.003,147730.668293
1788756,IT,WA,MOTOR,FINAN,0.09,60569.482,4,4,60569.477,0.0,0.0,0.0,0.005,672994.244444
1649625,IT,BG,GLASS,TRANS,0.17,60568.884,4,4,60568.881,0.0,0.0,0.0,0.003,356287.552941
1726399,IT,RO,FABRI,WHEAT,0.25,60568.653,4,4,60568.649,0.0,0.0,0.0,0.004,242274.612
1655148,IT,CZ,BUSIN,RUBBE,0.62,60566.803,4,4,60566.799,0.0,0.0,0.0,0.004,97688.391935
1721471,IT,PL,AIRTR,RESEA,0.07,60566.597,4,4,60566.595,0.0,0.0,0.0,0.002,865237.1
1640915,IT,AT,LEATH,RENTI,0.43,60565.996,4,4,60565.986,0.0,0.0,0.0,0.01,140851.153488
1727858,IT,RO,BUSIN,FOOD4,0.62,60562.446,4,4,60562.442,0.0,0.0,0.0,0.004,97681.364516
1811345,IT,WM,BITU1,EDUCA,0.1,60558.273,4,4,60558.268,0.0,0.0,0.0,0.005,605582.73
1741838,IT,US,PFERT,FOOD5,0.03,60555.308,4,4,60555.298,0.0,0.0,0.0,0.01,2018510.266667
1682788,IT,HR,HEAVY,WEARI,0.1,60554.809,4,4,60554.804,0.0,0.0,0.0,0.005,605548.09
1728038,IT,SE,CHEMI,RENTI,0.14,60554.713,5,5,60551.707,0.0,0.0,3.0,0.006,432533.664286
1758793,IT,BR,RETA1,PREC1,0.63,60549.685,4,4,60549.681,0.0,0.0,0.0,0.004,96110.611111
1714559,IT,NL,CRUDE,INLAN,0.12,60547.503,4,4,60547.498,0.0,0.0,0.0,0.005,504562.525
1795971,IT,WL,MOTO1,GLASS,0.32,60540.775,4,4,60540.771,0.0,0.0,0.0,0.004,189189.921875
1719558,IT,PL,GLASS,SUPPO,0.17,60540.744,4,4,60540.741,0.0,0.0,0.0,0.003,356122.023529
1811017,IT,WM,GASDI,MEMBE,0.09,60539.265,4,4,60539.26,0.0,0.0,0.0,0.005,672658.5
1719346,IT,PL,RUBBE,WHEAT,0.2,60519.91,4,4,60519.905,0.0,0.0,0.0,0.005,302599.55
1765935,IT,RU,PLAST,RESEA,0.13,60509.223,4,4,60509.217,0.0,0.0,0.0,0.006,465455.561538
1669994,IT,ES,EDUCA,RECRE,1.51,60504.541,4,4,60504.537,0.0,0.0,0.0,0.004,40069.23245
1744324,IT,US,FINAN,TRANS,0.79,60504.337,4,4,60504.335,0.0,0.0,0.0,0.002,76587.768354
1668855,IT,ES,SEACO,MEATP,0.06,60502.169,3,3,60502.169,0.0,0.0,0.0,0.0,1008369.483333
1809016,IT,WM,VEGET,BRICK,0.21,60501.461,4,4,60501.459,0.0,0.0,0.0,0.002,288102.195238
1784290,IT,ID,CHEM1,ELEC1,0.13,60488.553,4,4,60488.546,0.0,0.0,0.0,0.007,465296.561538
1741321,IT,US,PAPER,RAILW,0.23,60485.011,4,4,60485.005,0.0,0.0,0.0,0.006,262978.308696
1718318,IT,PL,FOOD5,RENTI,0.29,60482.96,4,4,60482.955,0.0,0.0,0.0,0.005,208561.931034
1725352,IT,RO,TEXTI,CEREA,0.36,60482.374,4,4,60482.366,0.0,0.0,0.0,0.008,168006.594444
1731691,IT,SI,WOODW,RETA1,0.17,60480.902,4,4,60480.898,0.0,0.0,0.0,0.004,355770.011765
1801535,IT,WE,MOTO1,MEMBE,0.32,60479.969,4,4,60479.965,0.0,0.0,0.0,0.004,188999.903125
1660829,IT,DE,COMPU,FURNI,0.69,60468.262,4,4,60468.258,0.0,0.0,0.0,0.004,87635.162319
1642669,IT,AT,FABRI,FINAN,0.25,60467.305,4,4,60467.301,0.0,0.0,0.0,0.004,241869.22
1676356,IT,FR,WHOLE,SANDC,0.52,60459.796,4,4,60459.792,0.0,0.0,0.0,0.004,116268.838462
1645399,IT,BE,HEAVY,RENTI,0.1,60459.178,4,4,60459.173,0.0,0.0,0.0,0.005,604591.78
1789902,IT,WA,CEMEN,PIGS9,0.1,60458.899,4,4,60458.896,0.0,0.0,0.0,0.003,604588.99
1812630,IT,WM,COPP1,NATUR,0.15,60458.101,4,4,60458.098,0.0,0.0,0.0,0.003,403054.006667
1806430,IT,WF,TRANS,NATU1,0.36,60457.704,4,4,60457.701,0.0,0.0,0.0,0.003,167938.066667
1763701,IT,MX,RUBBE,COLLE,0.2,60453.708,4,4,60453.703,0.0,0.0,0.0,0.005,302268.54
1741029,IT,US,TEXTI,VEGET,0.36,60452.116,4,4,60452.108,0.0,0.0,0.0,0.008,167922.544444
1685232,IT,HU,TEXTI,FOOD5,0.36,60448.052,4,4,60448.044,0.0,0.0,0.0,0.008,167911.255556
1646909,IT,BE,WHOLE,BASIC,0.52,60443.685,4,4,60443.681,0.0,0.0,0.0,0.004,116237.855769
1761219,IT,IN,ADDIT,PUBLI,0.14,60441.862,4,4,60441.857,0.0,0.0,0.0,0.005,431727.585714
1812714,IT,WM,NONF1,COPPE,0.01,60440.276,3,3,60440.276,0.0,0.0,0.0,0.0,6044027.6
1813118,IT,WM,MOTO1,DAIRY,0.32,60435.617,4,4,60435.613,0.0,0.0,0.0,0.004,188861.303125
1650892,IT,BG,TRAN2,TRAN2,0.09,60435.554,4,4,60435.552,0.0,0.0,0.0,0.002,671506.155556
1648772,IT,BG,BEVER,WEARI,0.26,60435.11,4,4,60435.106,0.0,0.0,0.0,0.004,232442.730769
1646950,IT,BE,WHOLE,RESEA,0.52,60433.6,4,4,60433.596,0.0,0.0,0.0,0.004,116218.461538
1805601,IT,WF,CEMEN,RECRE,0.1,60433.495,4,4,60433.492,0.0,0.0,0.0,0.003,604334.95
1670376,IT,FI,DAIRY,BUSIN,0.25,60429.937,4,4,60429.933,0.0,0.0,0.0,0.004,241719.748
1797590,IT,WL,HEALT,RETA1,0.31,60428.625,4,4,60428.623,0.0,0.0,0.0,0.002,194931.048387
1661490,IT,DK,FOOD5,DAIRY,0.29,60427.364,4,4,60427.359,0.0,0.0,0.0,0.005,208370.22069
1716161,IT,NL,PREC1,WASTE,0.1,60426.647,4,4,60426.644,0.0,0.0,0.0,0.003,604266.47
1641518,IT,AT,HEAVY,PAPER,0.1,60426.401,4,4,60426.396,0.0,0.0,0.0,0.005,604264.01
1645945,IT,BE,CERAM,ELEC2,0.09,60425.774,4,4,60425.771,0.0,0.0,0.0,0.003,671397.488889
1711457,IT,LU,LANDT,WHOLE,0.39,60424.697,4,4,60424.694,0.0,0.0,0.0,0.003,154935.120513
1806489,IT,WF,TRANS,DIST1,0.36,60423.691,4,4,60423.688,0.0,0.0,0.0,0.003,167843.586111
1800564,IT,WE,RUBBE,MEMBE,0.2,60422.209,4,4,60422.204,0.0,0.0,0.0,0.005,302111.045
1807065,IT,WF,SEACO,RAWMI,0.06,60420.408,3,3,60420.408,0.0,0.0,0.0,0.0,1007006.8
1789545,IT,WA,ADDIT,BUSIN,0.14,60419.057,4,4,60419.052,0.0,0.0,0.0,0.005,431564.692857
1743077,IT,US,MOTO1,BITUM,0.32,60418.175,4,4,60418.171,0.0,0.0,0.0,0.004,188806.796875
1764459,IT,MX,FURNI,SALEM,0.19,60415.64,4,4,60415.635,0.0,0.0,0.0,0.005,317977.052632
1744934,IT,US,BUSIN,ELEC2,0.62,60413.818,4,4,60413.814,0.0,0.0,0.0,0.004,97441.641935
1808318,IT,WF,FOOD3,VEGET,0.17,60412.748,4,4,60412.745,0.0,0.0,0.0,0.003,355369.105882
1805899,IT,WF,ALUM1,RETA1,0.1,60409.542,4,4,60409.537,0.0,0.0,0.0,0.005,604095.42
1681315,IT,GR,INSUR,NAPHT,1.25,60408.913,4,4,60408.91,0.0,0.0,0.0,0.003,48327.1304
1798593,IT,WE,MEATC,FINAN,0.2,60408.47,5,5,60407.466,0.0,1.0,0.0,0.004,302042.35
1672673,IT,FR,CRUDE,RESEA,0.12,60401.998,4,4,60401.993,0.0,0.0,0.0,0.005,503349.983333
1812912,IT,WM,MACHI,PIGS9,0.34,60401.835,4,4,60401.83,0.0,0.0,0.0,0.005,177652.455882
1814056,IT,WM,AIRTR,SUGAR,0.07,60398.049,4,4,60398.047,0.0,0.0,0.0,0.002,862829.271429
1646616,IT,BE,MOTO1,HEALT,0.32,60397.055,4,4,60397.051,0.0,0.0,0.0,0.004,188740.796875
1739482,IT,GB,LANDT,FOUND,0.39,60391.732,4,4,60391.729,0.0,0.0,0.0,0.003,154850.594872
1729380,IT,SE,BASIC,CERAM,0.07,60389.387,4,4,60389.383,0.0,0.0,0.0,0.004,862705.528571
1759050,IT,BR,SEACO,COKEO,0.06,60388.807,3,3,60388.807,0.0,0.0,0.0,0.0,1006480.116667
1799918,IT,WE,HEAVY,PLANT,0.1,60386.538,4,4,60386.533,0.0,0.0,0.0,0.005,603865.38
1668202,IT,ES,SALEM,RECRE,0.49,60385.441,4,4,60385.437,0.0,0.0,0.0,0.004,123235.593878
1737870,IT,GB,PLAST,ALUM1,0.13,60385.268,4,4,60385.262,0.0,0.0,0.0,0.006,464502.061538
1765602,IT,RU,WOODW,PULP5,0.17,60380.437,4,4,60380.433,0.0,0.0,0.0,0.004,355179.041176
1764855,IT,MX,SEACO,RECRE,0.06,60380.326,3,3,60380.326,0.0,0.0,0.0,0.0,1006338.766667
1641583,IT,AT,HEAVY,93197,0.1,60380.306,4,4,60380.301,0.0,0.0,0.0,0.005,603803.06
1721533,IT,PL,SUPPO,OFFIC,0.43,60374.869,4,4,60374.866,0.0,0.0,0.0,0.003,140406.672093
1652218,IT,CZ,PROCE,HOTEL,0.41,60374.389,4,4,60374.385,0.0,0.0,0.0,0.004,147254.607317
1642573,IT,AT,FABRI,WHEAT,0.25,60373.471,4,4,60373.467,0.0,0.0,0.0,0.004,241493.884
1677689,IT,FR,RENTI,CHEM1,0.36,60373.257,4,4,60373.254,0.0,0.0,0.0,0.003,167703.491667
1683210,IT,HR,GLASS,HEALT,0.17,60366.124,4,4,60366.121,0.0,0.0,0.0,0.003,355094.847059
1809953,IT,WM,FISH5,BEVER,0.25,60365.896,4,4,60365.865,0.0,0.0,0.0,0.031,241463.584
1810474,IT,WM,PULP5,93197,0.18,60361.549,4,4,60361.543,0.0,0.0,0.0,0.006,335341.938889
1741133,IT,US,WEARI,REALE,0.45,60361.414,4,4,60361.403,0.0,0.0,0.0,0.011,134136.475556
1796838,IT,WL,SEACO,BEVER,0.06,60360.512,3,3,60360.512,0.0,0.0,0.0,0.0,1006008.533333
1810977,IT,WM,GASDI,MACHI,0.09,60359.736,4,4,60359.731,0.0,0.0,0.0,0.005,670663.733333
1653048,IT,CZ,PLAST,DISTR,0.13,60357.794,4,4,60357.788,0.0,0.0,0.0,0.006,464290.723077
1684260,IT,HR,SEACO,POSTT,0.06,60357.423,3,3,60357.423,0.0,0.0,0.0,0.0,1005957.05
1723141,IT,PT,CHEM1,PAPE4,0.13,60353.976,4,4,60353.969,0.0,0.0,0.0,0.007,464261.353846
1786301,IT,ZA,FABRI,DISTR,0.25,60353.177,4,4,60353.173,0.0,0.0,0.0,0.004,241412.708
1800158,IT,WE,NONSP,WEARI,0.08,60349.612,4,4,60349.609,0.0,0.0,0.0,0.003,754370.15
1739595,IT,GB,SEACO,PLAST,0.06,60348.491,3,3,60348.491,0.0,0.0,0.0,0.0,1005808.183333
1685765,IT,HU,PLAST,MOTOR,0.13,60338.317,4,4,60338.311,0.0,0.0,0.0,0.006,464140.9
1683773,IT,HR,MACHI,REALE,0.34,60337.037,4,4,60337.032,0.0,0.0,0.0,0.005,177461.873529
1782124,IT,NO,CERAM,RENTI,0.09,60330.113,4,4,60330.11,0.0,0.0,0.0,0.003,670334.588889
1661973,IT,DK,PETRO,FOOD5,0.1,60330.068,4,4,60330.063,0.0,0.0,0.0,0.005,603300.68
1794442,IT,WL,GASDI,SANDC,0.09,60329.996,4,4,60329.991,0.0,0.0,0.0,0.005,670333.288889
1779116,IT,TR,SUPPO,POSTT,0.43,60328.531,4,4,60328.528,0.0,0.0,0.0,0.003,140298.909302
1716024,IT,NL,NONME,WOODW,0.12,60321.983,4,4,60321.976,0.0,0.0,0.0,0.007,502683.191667
1802374,IT,WE,SEACO,SALEM,0.06,60319.699,3,3,60319.699,0.0,0.0,0.0,0.0,1005328.316667
1655525,IT,DE,NATUR,ELEC2,0.08,60319.136,4,4,60319.132,0.0,0.0,0.0,0.004,753989.2
1653164,IT,CZ,CHEM1,HOTEL,0.13,60318.833,4,4,60318.826,0.0,0.0,0.0,0.007,463991.023077
1683594,IT,HR,COPP1,SUPPO,0.15,60317.228,4,4,60317.225,0.0,0.0,0.0,0.003,402114.853333
1731670,IT,SI,WOODW,CEMEN,0.17,60307.064,4,4,60307.06,0.0,0.0,0.0,0.004,354747.435294
1774504,IT,CH,LANDT,SALEM,0.39,60304.862,4,4,60304.859,0.0,0.0,0.0,0.003,154627.851282
1664312,IT,EE,NONF1,BASIC,0.01,60303.451,3,3,60303.451,0.0,0.0,0.0,0.0,6030345.1
1672404,IT,FI,BUSIN,DISTR,0.62,60299.011,4,4,60299.007,0.0,0.0,0.0,0.004,97256.469355
1790327,IT,WA,ALUM1,CEMEN,0.1,60296.225,4,4,60296.22,0.0,0.0,0.0,0.005,602962.25
1744751,IT,US,RESEA,LEATH,0.33,60295.646,4,4,60295.642,0.0,0.0,0.0,0.004,182714.078788
1686778,IT,HU,FABRI,NATUR,0.25,60295.483,4,4,60295.479,0.0,0.0,0.0,0.004,241181.932
1793497,IT,WL,CHEMI,GLASS,0.14,60293.25,5,5,60290.244,0.0,0.0,3.0,0.006,430666.071429
1800484,IT,WE,RUBBE,MEAT1,0.2,60290.323,4,4,60290.318,0.0,0.0,0.0,0.005,301451.615
1725591,IT,RO,WOODW,BASIC,0.17,60288.249,4,4,60288.245,0.0,0.0,0.0,0.004,354636.758824
1781861,IT,NO,CHEM1,PIGS9,0.13,60288.117,4,4,60288.11,0.0,0.0,0.0,0.007,463754.746154
1651434,IT,CY,GASDI,DAIRY,0.09,60288.054,4,4,60288.049,0.0,0.0,0.0,0.005,669867.266667
1791618,IT,WA,HOTEL,MEAT1,0.44,60286.98,4,4,60286.975,0.0,0.0,0.0,0.005,137015.863636
1718136,IT,PL,VEGE1,CERAM,0.19,60284.931,4,4,60284.918,0.0,0.0,0.0,0.013,317289.110526
1739061,IT,GB,RETAI,LANDT,0.47,60279.607,4,4,60279.603,0.0,0.0,0.0,0.004,128254.482979
1751806,IT,CN,AUXIL,INSUR,1.1,60276.898,4,4,60276.895,0.0,0.0,0.0,0.003,54797.18
1731072,IT,SI,VEGET,RETA1,0.21,60274.706,4,4,60274.704,0.0,0.0,0.0,0.002,287022.409524
1792373,IT,WA,FINAN,PUBLI,0.78,60259.621,4,4,60259.619,0.0,0.0,0.0,0.002,77255.924359
1785387,IT,ZA,PAPER,DAIRY,0.23,60258.797,4,4,60258.791,0.0,0.0,0.0,0.006,261994.769565
1655374,IT,DE,CROPS,FORES,0.48,60258.401,4,4,60258.398,0.0,0.0,0.0,0.003,125538.335417
1664096,IT,EE,CHEM1,SUPPO,0.13,60258.29,4,4,60258.283,0.0,0.0,0.0,0.007,463525.307692
1654549,IT,CZ,HOTEL,AIRTR,0.44,60255.305,4,4,60255.3,0.0,0.0,0.0,0.005,136943.875
1732728,IT,SI,CEMEN,ALUM1,0.1,60253.322,4,4,60253.319,0.0,0.0,0.0,0.003,602533.22
1767453,IT,RU,LANDT,BUSIN,0.39,60251.367,4,4,60251.364,0.0,0.0,0.0,0.003,154490.684615
1643996,IT,AT,COMPU,RECRE,0.69,60251.182,4,4,60251.178,0.0,0.0,0.0,0.004,87320.553623
1641838,IT,AT,CHEM1,EDUCA,0.13,60249.053,4,4,60249.046,0.0,0.0,0.0,0.007,463454.253846
1656539,IT,DE,PAPER,RAILW,0.23,60248.896,4,4,60248.89,0.0,0.0,0.0,0.006,261951.721739
1755695,IT,KR,RUBBE,SUPPO,0.2,60247.199,4,4,60247.194,0.0,0.0,0.0,0.005,301235.995
1788954,IT,WA,HEAVY,BITU1,0.1,60242.478,4,4,60242.473,0.0,0.0,0.0,0.005,602424.78
1713747,IT,MT,OFFIC,MOTO1,0.19,60240.175,4,4,60240.171,0.0,0.0,0.0,0.004,317053.552632
1657849,IT,DE,NONME,OILHA,0.12,60234.572,4,4,60234.565,0.0,0.0,0.0,0.007,501954.766667
1732248,IT,SI,LIQUE,ALUM1,0.11,60232.874,4,4,60232.869,0.0,0.0,0.0,0.005,547571.581818
1742394,IT,US,NONME,ELEC2,0.12,60232.741,4,4,60232.734,0.0,0.0,0.0,0.007,501939.508333
1811125,IT,WM,NAPHT,MEATP,0.1,60229.294,4,4,60229.29,0.0,0.0,0.0,0.004,602292.94
1668737,IT,ES,LANDT,NONME,0.39,60225.027,4,4,60225.024,0.0,0.0,0.0,0.003,154423.146154
1801044,IT,WE,COPP1,FISHF,0.15,60224.789,4,4,60224.786,0.0,0.0,0.0,0.003,401498.593333
1719310,IT,PL,CHEM1,INSUR,0.13,60221.478,4,4,60221.471,0.0,0.0,0.0,0.007,463242.138462
1811150,IT,WM,NAPHT,ETHAN,0.1,60215.663,4,4,60215.659,0.0,0.0,0.0,0.004,602156.63
1739539,IT,GB,LANDT,PLAS2,0.39,60213.589,4,4,60213.586,0.0,0.0,0.0,0.003,154393.817949
1690002,IT,IE,REALE,WHOLE,2.54,60212.657,4,4,60212.653,0.0,0.0,0.0,0.004,23705.770472
1685401,IT,HU,LEATH,SUPPO,0.43,60211.549,4,4,60211.539,0.0,0.0,0.0,0.01,140026.85814
1733949,IT,SI,SUPPO,FABRI,0.43,60211.248,4,4,60211.245,0.0,0.0,0.0,0.003,140026.15814
1786086,IT,ZA,NONME,MOTOR,0.12,60210.643,4,4,60210.636,0.0,0.0,0.0,0.007,501755.358333
1727257,IT,RO,SUPPO,RAILW,0.43,60209.23,4,4,60209.227,0.0,0.0,0.0,0.003,140021.465116
1682154,IT,HR,TEXTI,POSTT,0.36,60206.421,4,4,60206.413,0.0,0.0,0.0,0.008,167240.058333
1653026,IT,CZ,PLAST,CEMEN,0.13,60203.415,4,4,60203.409,0.0,0.0,0.0,0.006,463103.192308
1649828,IT,BG,ALUM1,BASIC,0.1,60199.068,4,4,60199.063,0.0,0.0,0.0,0.005,601990.68
1803532,IT,WF,VEGE1,RETA1,0.19,60197.352,4,4,60197.339,0.0,0.0,0.0,0.013,316828.168421
1813246,IT,WM,TRANS,PRINT,0.36,60193.336,4,4,60193.333,0.0,0.0,0.0,0.003,167203.711111
1653761,IT,CZ,COPP1,ELEC1,0.15,60191.52,4,4,60191.517,0.0,0.0,0.0,0.003,401276.8
1814077,IT,WM,AIRTR,VEGE1,0.07,60182.432,4,4,60182.43,0.0,0.0,0.0,0.002,859749.028571
1785815,IT,ZA,CHEM1,NFERT,0.13,60174.897,4,4,60174.89,0.0,0.0,0.0,0.007,462883.823077
1729805,IT,SE,MACHI,INTER,0.34,60173.413,4,4,60173.408,0.0,0.0,0.0,0.005,176980.626471
1752910,IT,CA,HEAVY,FOOD2,0.1,60171.031,4,4,60171.026,0.0,0.0,0.0,0.005,601710.31
1785670,IT,ZA,HEAVY,LANDT,0.1,60167.998,4,4,60167.993,0.0,0.0,0.0,0.005,601679.98
1664070,IT,EE,CHEM1,CEMEN,0.13,60167.965,4,4,60167.958,0.0,0.0,0.0,0.007,462830.5
1778926,IT,TR,SEACO,LEAD1,0.06,60165.183,3,3,60165.183,0.0,0.0,0.0,0.0,1002753.05
1730743,IT,SE,BUSIN,COPPE,0.62,60164.489,4,4,60164.485,0.0,0.0,0.0,0.004,97039.498387
1655581,IT,DE,SANDC,PFERT,0.14,60164.227,5,5,60151.225,0.0,0.0,13.0,0.002,429744.478571
1765891,IT,RU,PLAST,MOTOR,0.13,60163.444,4,4,60163.438,0.0,0.0,0.0,0.006,462795.723077
1690482,IT,IE,PAPE4,PUBLI,0.4,60161.913,4,4,60161.91,0.0,0.0,0.0,0.003,150404.7825
1794297,IT,WL,MOTOR,NFERT,0.09,60161.325,4,4,60161.32,0.0,0.0,0.0,0.005,668459.166667
1641317,IT,AT,KEROS,VEGET,0.09,60156.506,4,4,60156.501,0.0,0.0,0.0,0.005,668405.622222
1665983,IT,ES,MOTOR,ELEC1,0.09,60155.351,4,4,60155.346,0.0,0.0,0.0,0.005,668392.788889
1814364,IT,WM,FINAN,EDUCA,0.78,60153.01,4,4,60153.008,0.0,0.0,0.0,0.002,77119.24359
1734568,IT,SK,BEVER,POULT,0.26,60149.798,4,4,60149.794,0.0,0.0,0.0,0.004,231345.376923
1769441,IT,AU,NONME,RADIO,0.12,60149.049,4,4,60149.042,0.0,0.0,0.0,0.007,501242.075
1685866,IT,HU,CHEM1,NONSP,0.13,60148.467,4,4,60148.46,0.0,0.0,0.0,0.007,462680.515385
1786071,IT,ZA,CEMEN,TRAN2,0.1,60143.982,4,4,60143.979,0.0,0.0,0.0,0.003,601439.82
1725205,IT,RO,DAIRY,HEALT,0.24,60141.254,4,4,60141.25,0.0,0.0,0.0,0.004,250588.558333
1721186,IT,PL,LANDT,CEREA,0.39,60137.452,4,4,60137.449,0.0,0.0,0.0,0.003,154198.594872
1813172,IT,WM,MOTO1,ELEC6,0.32,60136.416,4,4,60136.412,0.0,0.0,0.0,0.004,187926.3
1763655,IT,MX,RUBBE,BEVER,0.2,60134.987,4,4,60134.982,0.0,0.0,0.0,0.005,300674.935
1788204,IT,WA,LEATH,CEREA,0.43,60133.606,4,4,60133.596,0.0,0.0,0.0,0.01,139845.595349
1663658,IT,DK,BUSIN,REALE,0.62,60133.244,4,4,60133.24,0.0,0.0,0.0,0.004,96989.103226
1676459,IT,FR,RETA1,PAPER,0.63,60131.015,4,4,60131.011,0.0,0.0,0.0,0.004,95446.055556
1673225,IT,FR,FISH5,MEATP,0.25,60128.09,4,4,60128.059,0.0,0.0,0.0,0.031,240512.36
1653207,IT,CZ,RUBBE,COKIN,0.2,60127.866,4,4,60127.861,0.0,0.0,0.0,0.005,300639.33
1752136,IT,CN,BUSIN,COLLE,0.62,60120.039,4,4,60120.035,0.0,0.0,0.0,0.004,96967.804839
1734406,IT,SK,VEGET,REFI1,0.21,60118.799,4,4,60118.797,0.0,0.0,0.0,0.002,286279.995238
1767016,IT,RU,TRANS,MEDIC,0.36,60115.472,4,4,60115.469,0.0,0.0,0.0,0.003,166987.422222
1679645,IT,GR,GLASS,NONME,0.17,60114.312,4,4,60114.309,0.0,0.0,0.0,0.003,353613.6
1769634,IT,AU,FABRI,CHEM1,0.24,60110.453,4,4,60110.449,0.0,0.0,0.0,0.004,250460.220833
1647531,IT,BE,SUPPO,DIST1,0.43,60108.486,4,4,60108.483,0.0,0.0,0.0,0.003,139787.176744
1643724,IT,AT,SUPPO,MOTO1,0.43,60107.268,4,4,60107.265,0.0,0.0,0.0,0.003,139784.344186
1743135,IT,US,MOTO1,ELEC1,0.32,60106.435,4,4,60106.431,0.0,0.0,0.0,0.004,187832.609375
1645831,IT,BE,GLASS,STONE,0.16,60106.015,4,4,60106.012,0.0,0.0,0.0,0.003,375662.59375
1796784,IT,WL,LANDT,POSTT,0.39,60104.258,4,4,60104.255,0.0,0.0,0.0,0.003,154113.482051
1770928,IT,CH,CEREA,WHOLE,0.1,60100.864,4,4,60100.861,0.0,0.0,0.0,0.003,601008.64
1767280,IT,RU,HOTEL,NONF1,0.44,60094.188,4,4,60094.183,0.0,0.0,0.0,0.005,136577.7
1666323,IT,ES,LIQUE,MACHI,0.11,60093.888,4,4,60093.883,0.0,0.0,0.0,0.005,546308.072727
1752148,IT,CN,BUSIN,AIRTR,0.62,60089.712,4,4,60089.708,0.0,0.0,0.0,0.004,96918.890323
1780729,IT,TW,REALE,HOTEL,2.54,60089.537,4,4,60089.533,0.0,0.0,0.0,0.004,23657.298031
1645272,IT,BE,MOTOR,CHEM1,0.09,60085.958,4,4,60085.953,0.0,0.0,0.0,0.005,667621.755556
1660413,IT,DE,FINAN,AIRTR,0.78,60085.884,4,4,60085.882,0.0,0.0,0.0,0.002,77033.184615
1644083,IT,AT,BUSIN,POSTT,0.62,60085.518,4,4,60085.514,0.0,0.0,0.0,0.004,96912.125806
1672646,IT,FR,CRUDE,NONSP,0.12,60078.734,4,4,60078.729,0.0,0.0,0.0,0.005,500656.116667
1804285,IT,WF,MOTOR,TEXTI,0.09,60078.351,4,4,60078.346,0.0,0.0,0.0,0.005,667537.233333
1798507,IT,WE,STONE,ANIMA,0.19,60077.272,5,5,60074.269,0.0,0.0,3.0,0.003,316196.168421
1662411,IT,DK,PREC1,CHEM1,0.1,60062.733,4,4,60062.73,0.0,0.0,0.0,0.003,600627.33
1719155,IT,PL,PLAST,BRICK,0.13,60059.65,4,4,60059.644,0.0,0.0,0.0,0.006,461997.307692
1801107,IT,WE,NONF1,FOOD5,0.01,60054.74,3,3,60054.74,0.0,0.0,0.0,0.0,6005474.0
1753360,IT,CA,PREC1,FABRI,0.1,60054.015,4,4,60054.012,0.0,0.0,0.0,0.003,600540.15
1734997,IT,SK,PLAST,FOOD5,0.13,60051.744,4,4,60051.738,0.0,0.0,0.0,0.006,461936.492308
1813045,IT,WM,OFFIC,KEROS,0.19,60051.083,4,4,60051.079,0.0,0.0,0.0,0.004,316058.331579
1659328,IT,DE,RETAI,BASIC,0.47,60048.394,4,4,60048.39,0.0,0.0,0.0,0.004,127762.540426
1763421,IT,MX,HEAVY,GASDI,0.1,60045.03,4,4,60045.025,0.0,0.0,0.0,0.005,600450.3
1684882,IT,HU,SANDC,CEMEN,0.14,60039.091,5,5,60026.089,0.0,0.0,13.0,0.002,428850.65
1660148,IT,DE,SUPPO,WOODW,0.43,60037.101,4,4,60037.098,0.0,0.0,0.0,0.003,139621.165116
1790193,IT,WA,PREC1,SANDC,0.1,60032.1,4,4,60032.097,0.0,0.0,0.0,0.003,600321.0
1801278,IT,WE,MACHI,BITUM,0.33,60031.972,4,4,60031.967,0.0,0.0,0.0,0.005,181915.066667
1718956,IT,PL,PRINT,SUPPO,0.58,60031.19,4,4,60031.185,0.0,0.0,0.0,0.005,103502.051724
1802059,IT,WE,WHOLE,HEALT,0.52,60026.515,4,4,60026.512,0.0,0.0,0.0,0.003,115435.605769
1709989,IT,LT,PREC1,SUPPO,0.1,60026.135,4,4,60026.132,0.0,0.0,0.0,0.003,600261.35
1814472,IT,WM,COMPU,COMPU,0.69,60025.329,4,4,60025.325,0.0,0.0,0.0,0.004,86993.230435
1665894,IT,ES,COALT,MOTOR,0.1,60018.115,4,4,60018.111,0.0,0.0,0.0,0.004,600181.15
1661345,IT,DK,MEATC,ELEC7,0.2,60013.328,5,5,60012.324,0.0,1.0,0.0,0.004,300066.64
1680523,IT,GR,ELEC7,COLLE,0.04,60004.995,3,3,60004.995,0.0,0.0,0.0,0.0,1500124.875
1679724,IT,GR,NONME,WHOLE,0.12,60002.831,4,4,60002.824,0.0,0.0,0.0,0.007,500023.591667
1757519,IT,BR,PRINT,RETA1,0.58,59999.627,4,4,59999.622,0.0,0.0,0.0,0.005,103447.632759
1777373,IT,TR,CERAM,CRUDE,0.09,59985.832,4,4,59985.829,0.0,0.0,0.0,0.003,666509.244444
1715508,IT,NL,GASDI,RAWMI,0.09,59985.407,4,4,59985.402,0.0,0.0,0.0,0.005,666504.522222
1688989,IT,IE,MACHI,CEMEN,0.33,59985.342,4,4,59985.337,0.0,0.0,0.0,0.005,181773.763636
1768544,IT,AU,FOOD5,SUPPO,0.29,59982.556,4,4,59982.551,0.0,0.0,0.0,0.005,206836.4
1722293,IT,PT,PADDY,PROCE,0.61,59981.135,5,5,59980.132,0.0,1.0,0.0,0.003,98329.729508
1767316,IT,RU,HOTEL,INSUR,0.43,59976.395,4,4,59976.39,0.0,0.0,0.0,0.005,139479.988372
1664787,IT,ES,CEREA,BUSIN,0.1,59976.02,4,4,59976.017,0.0,0.0,0.0,0.003,599760.2
1731946,IT,SI,MOTOR,TRAN2,0.09,59969.701,4,4,59969.696,0.0,0.0,0.0,0.005,666330.011111
1651555,IT,CY,RUBBE,RETA1,0.2,59969.627,4,4,59969.622,0.0,0.0,0.0,0.005,299848.135
1724410,IT,PT,AIRTR,WOODW,0.07,59962.63,4,4,59962.628,0.0,0.0,0.0,0.002,856609.0
1752432,IT,CA,DAIRY,CHEMI,0.24,59960.622,4,4,59960.618,0.0,0.0,0.0,0.004,249835.925
1774561,IT,CH,SEACO,BEVER,0.06,59957.199,3,3,59957.199,0.0,0.0,0.0,0.0,999286.65
1673214,IT,FR,BEVER,MEMBE,0.25,59956.267,4,4,59956.263,0.0,0.0,0.0,0.004,239825.068
1733496,IT,SI,WHOLE,BEVER,0.52,59955.896,4,4,59955.893,0.0,0.0,0.0,0.003,115299.8
1757480,IT,BR,PAPER,SALEM,0.23,59954.265,4,4,59954.259,0.0,0.0,0.0,0.006,260670.717391
1811631,IT,WM,CHEM1,NONSP,0.13,59951.263,4,4,59951.256,0.0,0.0,0.0,0.007,461163.561538
1718288,IT,PL,FOOD5,CERAM,0.29,59949.472,4,4,59949.467,0.0,0.0,0.0,0.005,206722.317241
1776746,IT,TR,LIQUE,FABRI,0.1,59947.533,4,4,59947.528,0.0,0.0,0.0,0.005,599475.33
1672668,IT,FR,CRUDE,SEACO,0.12,59945.041,4,4,59945.036,0.0,0.0,0.0,0.005,499542.008333
1743736,IT,US,LANDT,MEATP,0.39,59944.328,4,4,59944.325,0.0,0.0,0.0,0.003,153703.405128
1652316,IT,CZ,BEVER,CONST,0.25,59943.472,4,4,59943.468,0.0,0.0,0.0,0.004,239773.888
1776647,IT,TR,GASDI,RESEA,0.09,59941.196,4,4,59941.191,0.0,0.0,0.0,0.005,666013.288889
1730624,IT,SE,RENTI,RUBBE,0.36,59939.315,4,4,59939.312,0.0,0.0,0.0,0.003,166498.097222
1738988,IT,GB,SALEM,RUBBE,0.48,59926.882,4,4,59926.878,0.0,0.0,0.0,0.004,124847.670833
1794866,IT,WL,PFERT,NATUR,0.03,59926.041,4,4,59926.031,0.0,0.0,0.0,0.01,1997534.7
1749370,IT,CN,PRINT,FINAN,0.57,59924.111,4,4,59924.106,0.0,0.0,0.0,0.005,105130.019298
1660534,IT,DE,INSUR,PUBLI,1.24,59922.494,4,4,59922.491,0.0,0.0,0.0,0.003,48324.591935
1802521,IT,WE,POSTT,RETA1,0.99,59917.263,4,4,59917.258,0.0,0.0,0.0,0.005,60522.487879
1738042,IT,GB,RUBBE,WEARI,0.2,59916.231,4,4,59916.226,0.0,0.0,0.0,0.005,299581.155
1644396,IT,BE,MEATC,SEWAG,0.2,59911.792,5,5,59910.788,0.0,1.0,0.0,0.004,299558.96
1729191,IT,SE,CERAM,PEAT2,0.09,59907.607,4,4,59907.604,0.0,0.0,0.0,0.003,665640.077778
1661812,IT,DK,WOODW,FURNI,0.17,59906.216,4,4,59906.212,0.0,0.0,0.0,0.004,352389.505882
1769699,IT,AU,MACHI,OILSE,0.33,59900.423,4,4,59900.418,0.0,0.0,0.0,0.005,181516.433333
1787130,IT,ZA,BUSIN,PUBLI,0.62,59898.3,4,4,59898.296,0.0,0.0,0.0,0.004,96610.16129
1801471,IT,WE,MOTO1,GASDI,0.32,59896.01,4,4,59896.006,0.0,0.0,0.0,0.004,187175.03125
1649711,IT,BG,NONME,WHOLE,0.12,59894.363,4,4,59894.356,0.0,0.0,0.0,0.007,499119.691667
1769874,IT,AU,OFFIC,HEALT,0.19,59892.581,4,4,59892.577,0.0,0.0,0.0,0.004,315224.110526
1780416,IT,TW,SUPPO,GASDI,0.43,59887.465,4,4,59887.462,0.0,0.0,0.0,0.003,139273.174419
1647356,IT,BE,SEACO,MACHI,0.06,59886.695,3,3,59886.695,0.0,0.0,0.0,0.0,998111.583333
1810566,IT,WM,PAPER,AIRTR,0.23,59886.213,4,4,59886.207,0.0,0.0,0.0,0.006,260374.83913
1769704,IT,AU,MACHI,PIGS9,0.33,59879.944,4,4,59879.939,0.0,0.0,0.0,0.005,181454.375758
1689215,IT,IE,WHOLE,VEGET,0.52,59878.724,4,4,59878.721,0.0,0.0,0.0,0.003,115151.392308
1645676,IT,BE,CHEM1,WOOD1,0.13,59877.73,4,4,59877.723,0.0,0.0,0.0,0.007,460597.923077
1672747,IT,FR,MEATC,MEAT4,0.2,59876.783,5,5,59875.779,0.0,1.0,0.0,0.004,299383.915
1765574,IT,RU,LEATH,LANDT,0.43,59874.953,4,4,59874.943,0.0,0.0,0.0,0.01,139244.076744
1718344,IT,PL,BEVER,COPPE,0.25,59873.863,4,4,59873.859,0.0,0.0,0.0,0.004,239495.452
1678550,IT,GR,VEGET,HOTEL,0.21,59868.457,4,4,59868.455,0.0,0.0,0.0,0.002,285087.890476
1776804,IT,TR,NAPHT,ALUM1,0.1,59867.056,4,4,59867.052,0.0,0.0,0.0,0.004,598670.56
1781689,IT,NO,LEATH,RECRE,0.43,59864.606,4,4,59864.596,0.0,0.0,0.0,0.01,139220.013953
1753128,IT,CA,RUBBE,RADIO,0.2,59864.208,4,4,59864.203,0.0,0.0,0.0,0.005,299321.04
1806916,IT,WF,RAILW,CRUDE,0.4,59864.058,4,4,59864.055,0.0,0.0,0.0,0.003,149660.145
1681090,IT,GR,SUPPO,COPP1,0.43,59863.204,4,4,59863.201,0.0,0.0,0.0,0.003,139216.753488
1746529,IT,JP,NONME,CERAM,0.12,59861.771,4,4,59861.764,0.0,0.0,0.0,0.007,498848.091667
1785740,IT,ZA,PLAST,FISH5,0.13,59855.003,4,4,59854.997,0.0,0.0,0.0,0.006,460423.1
1645870,IT,BE,GLASS,MACHI,0.16,59850.588,4,4,59850.585,0.0,0.0,0.0,0.003,374066.175
1727808,IT,RO,BUSIN,BASIC,0.61,59848.293,4,4,59848.289,0.0,0.0,0.0,0.004,98111.955738
1681755,IT,HR,SANDC,FOOD5,0.14,59845.994,5,5,59832.992,0.0,0.0,13.0,0.002,427471.385714
1666000,IT,ES,MOTOR,TRAN2,0.09,59844.132,4,4,59844.127,0.0,0.0,0.0,0.005,664934.8
1670344,IT,FI,VEGE1,PLAST,0.18,59842.651,4,4,59842.638,0.0,0.0,0.0,0.013,332459.172222
1675464,IT,FR,OFFIC,CROPS,0.19,59839.573,4,4,59839.569,0.0,0.0,0.0,0.004,314945.121053
1779989,IT,TW,SALEM,KEROS,0.48,59838.666,4,4,59838.662,0.0,0.0,0.0,0.004,124663.8875
1758552,IT,BR,MACHI,PAPE4,0.33,59837.257,4,4,59837.252,0.0,0.0,0.0,0.005,181325.021212
1655673,IT,DE,CHEMI,RUBBE,0.14,59836.327,5,5,59833.321,0.0,0.0,3.0,0.006,427402.335714
1725144,IT,RO,MEATP,VEGE1,0.24,59835.712,4,4,59835.706,0.0,0.0,0.0,0.006,249315.466667
1802793,IT,WE,BUSIN,POSTT,0.61,59830.6,4,4,59830.596,0.0,0.0,0.0,0.004,98082.95082
1657906,IT,DE,BASIC,BITU1,0.07,59830.271,4,4,59830.267,0.0,0.0,0.0,0.004,854718.157143
1763801,IT,MX,CERAM,MACHI,0.09,59828.853,4,4,59828.85,0.0,0.0,0.0,0.003,664765.033333
1662353,IT,DK,BASIC,BRICK,0.07,59814.678,4,4,59814.674,0.0,0.0,0.0,0.004,854495.4
1745255,IT,JP,CHEMI,WHOLE,0.14,59813.973,5,5,59810.967,0.0,0.0,3.0,0.006,427242.664286
1807731,IT,WF,BUSIN,93197,0.61,59813.185,4,4,59813.181,0.0,0.0,0.0,0.004,98054.401639
1781210,IT,NO,VEGET,RETA1,0.21,59809.781,4,4,59809.779,0.0,0.0,0.0,0.002,284808.480952
1689430,IT,IE,HOTEL,PLAST,0.43,59804.477,4,4,59804.472,0.0,0.0,0.0,0.005,139080.17907
1779631,IT,TR,RESEA,NATUR,0.32,59799.8,4,4,59799.796,0.0,0.0,0.0,0.004,186874.375
1764232,IT,MX,MACHI,NFERT,0.33,59798.665,4,4,59798.66,0.0,0.0,0.0,0.005,181208.075758
1681808,IT,HR,MEAT1,PAPER,0.28,59792.55,4,4,59792.543,0.0,0.0,0.0,0.007,213544.821429
1717709,IT,NL,BUSIN,INLAN,0.61,59792.378,4,4,59792.374,0.0,0.0,0.0,0.004,98020.291803
1737780,IT,GB,LIQUE,CEMEN,0.1,59790.973,4,4,59790.968,0.0,0.0,0.0,0.005,597909.73
1663273,IT,DK,SEACO,SALEM,0.06,59790.842,3,3,59790.842,0.0,0.0,0.0,0.0,996514.033333
1746421,IT,JP,RUBBE,REALE,0.2,59785.044,4,4,59785.039,0.0,0.0,0.0,0.005,298925.22
1683547,IT,HR,ALUM1,SUPPO,0.1,59784.833,4,4,59784.828,0.0,0.0,0.0,0.005,597848.33
1656170,IT,DE,TEXTI,DAIRY,0.35,59784.038,4,4,59784.03,0.0,0.0,0.0,0.008,170811.537143
1773167,IT,CH,NONF1,WHOLE,0.01,59783.487,3,3,59783.487,0.0,0.0,0.0,0.0,5978348.7
1795165,IT,WL,RUBBE,RAILW,0.2,59782.632,4,4,59782.627,0.0,0.0,0.0,0.005,298913.16
1648218,IT,BE,BUSIN,ELEC5,0.61,59781.79,4,4,59781.786,0.0,0.0,0.0,0.004,98002.934426
1677946,IT,FR,BUSIN,INTER,0.61,59781.752,4,4,59781.748,0.0,0.0,0.0,0.004,98002.872131
1781947,IT,NO,ADDIT,CRUDE,0.14,59774.35,4,4,59774.345,0.0,0.0,0.0,0.005,426959.642857
1730924,IT,SE,INTER,MACHI,0.36,59761.603,4,4,59761.599,0.0,0.0,0.0,0.004,166004.452778
1772458,IT,CH,CHEM1,FOOD2,0.12,59760.923,4,4,59760.916,0.0,0.0,0.0,0.007,498007.691667
1736418,IT,SK,LANDT,MACHI,0.39,59760.649,4,4,59760.646,0.0,0.0,0.0,0.003,153232.433333
1763865,IT,MX,NONME,OFFIC,0.12,59760.046,4,4,59760.039,0.0,0.0,0.0,0.007,498000.383333
1674079,IT,FR,GASDI,FOOD4,0.09,59758.83,4,4,59758.825,0.0,0.0,0.0,0.005,663987.0
1676846,IT,FR,LANDT,INSUR,0.39,59756.533,4,4,59756.53,0.0,0.0,0.0,0.003,153221.879487
1722978,IT,PT,NAPHT,BIODI,0.1,59753.175,4,4,59753.171,0.0,0.0,0.0,0.004,597531.75
1777203,IT,TR,RUBBE,SANDC,0.2,59749.837,4,4,59749.832,0.0,0.0,0.0,0.005,298749.185
1649233,IT,BG,KEROS,SUPPO,0.09,59747.608,4,4,59747.603,0.0,0.0,0.0,0.005,663862.311111
1761557,IT,IN,COPP1,CHEM1,0.15,59747.497,4,4,59747.494,0.0,0.0,0.0,0.003,398316.646667
1774580,IT,CH,SEACO,NONME,0.06,59744.897,3,3,59744.897,0.0,0.0,0.0,0.0,995748.283333
1814468,IT,WM,COMPU,FINAN,0.68,59743.447,4,4,59743.443,0.0,0.0,0.0,0.004,87858.010294
1684839,IT,HU,CRUDE,NATUR,0.12,59740.153,4,4,59740.148,0.0,0.0,0.0,0.005,497834.608333
1726337,IT,RO,ALUM1,BIODI,0.1,59738.552,4,4,59738.547,0.0,0.0,0.0,0.005,597385.52
1762932,IT,MX,MEAT4,TEXTI,0.33,59735.715,4,4,59735.711,0.0,0.0,0.0,0.004,181017.318182
1812806,IT,WM,FABRI,PROCE,0.24,59733.105,4,4,59733.101,0.0,0.0,0.0,0.004,248887.9375
1778287,IT,TR,SALEM,PRINT,0.48,59728.304,4,4,59728.3,0.0,0.0,0.0,0.004,124433.966667
1662707,IT,DK,MACHI,EDUCA,0.33,59728.18,4,4,59728.175,0.0,0.0,0.0,0.005,180994.484848
1689753,IT,IE,FINAN,AUXIL,0.78,59726.543,4,4,59726.541,0.0,0.0,0.0,0.002,76572.491026
1766236,IT,RU,GLASS,HOTEL,0.16,59725.956,4,4,59725.953,0.0,0.0,0.0,0.003,373287.225
1807169,IT,WF,AIRTR,ALUM1,0.07,59724.915,4,4,59724.913,0.0,0.0,0.0,0.002,853213.071429
1812713,IT,WM,NONF1,IRONO,0.01,59722.15,3,3,59722.15,0.0,0.0,0.0,0.0,5972215.0
1728503,IT,SE,WOODW,FABRI,0.17,59721.387,4,4,59721.383,0.0,0.0,0.0,0.004,351302.276471
1732708,IT,SI,CERAM,RECRE,0.09,59719.137,4,4,59719.134,0.0,0.0,0.0,0.003,663545.966667
1641214,IT,AT,PRINT,EDUCA,0.57,59715.37,4,4,59715.365,0.0,0.0,0.0,0.005,104763.807018
1681040,IT,GR,AIRTR,POSTT,0.07,59714.632,4,4,59714.63,0.0,0.0,0.0,0.002,853066.171429
1810677,IT,WM,MOTOR,WEARI,0.09,59707.809,4,4,59707.804,0.0,0.0,0.0,0.005,663420.1
1688237,IT,IE,VEGET,NATUR,0.21,59704.582,4,4,59704.58,0.0,0.0,0.0,0.002,284307.533333
1681518,IT,GR,BUSIN,MOTOR,0.61,59701.156,4,4,59701.152,0.0,0.0,0.0,0.004,97870.747541
1747066,IT,JP,FURNI,NONME,0.19,59701.005,4,4,59701.0,0.0,0.0,0.0,0.005,314215.815789
1804143,IT,WF,PAPER,NONME,0.23,59700.831,4,4,59700.825,0.0,0.0,0.0,0.006,259568.830435
1748336,IT,CN,VEGET,DAIRY,0.21,59700.53,4,4,59700.528,0.0,0.0,0.0,0.002,284288.238095
1768471,IT,AU,PROCE,BEVER,0.4,59698.016,4,4,59698.012,0.0,0.0,0.0,0.004,149245.04
1681198,IT,GR,POSTT,POSTT,0.98,59697.289,4,4,59697.284,0.0,0.0,0.0,0.005,60915.60102
1668334,IT,ES,WHOLE,REALE,0.52,59696.714,4,4,59696.711,0.0,0.0,0.0,0.003,114801.373077
1726354,IT,RO,ALUM1,RESEA,0.1,59694.897,4,4,59694.892,0.0,0.0,0.0,0.005,596948.97
1676388,IT,FR,WHOLE,COPP1,0.52,59694.2,4,4,59694.197,0.0,0.0,0.0,0.003,114796.538462
1731512,IT,SI,FISH5,CHEM1,0.25,59691.37,4,4,59691.339,0.0,0.0,0.0,0.031,238765.48
1748444,IT,CN,STONE,TEXTI,0.19,59689.12,5,5,59686.117,0.0,0.0,3.0,0.003,314153.263158
1806941,IT,WF,RAILW,EDUCA,0.4,59688.807,4,4,59688.804,0.0,0.0,0.0,0.003,149222.0175
1749968,IT,CN,CERAM,MOTO1,0.09,59687.792,4,4,59687.789,0.0,0.0,0.0,0.003,663197.688889
1755861,IT,KR,NONME,PAPER,0.12,59686.762,4,4,59686.755,0.0,0.0,0.0,0.007,497389.683333
1789425,IT,WA,CHEM1,INSUR,0.12,59684.69,4,4,59684.683,0.0,0.0,0.0,0.007,497372.416667
1766288,IT,RU,CERAM,REALE,0.09,59684.009,4,4,59684.006,0.0,0.0,0.0,0.003,663155.655556
1715438,IT,NL,MOTOR,RAILW,0.09,59677.366,4,4,59677.361,0.0,0.0,0.0,0.005,663081.844444
1656960,IT,DE,LIQUE,TRANS,0.1,59676.418,4,4,59676.413,0.0,0.0,0.0,0.005,596764.18
1732693,IT,SI,CERAM,RETA1,0.09,59674.451,4,4,59674.448,0.0,0.0,0.0,0.003,663049.455556
1673258,IT,FR,FISH5,RETA1,0.25,59670.864,4,4,59670.833,0.0,0.0,0.0,0.031,238683.456
1668058,IT,ES,FURNI,LANDT,0.19,59669.788,4,4,59669.783,0.0,0.0,0.0,0.005,314051.515789
1753364,IT,CA,PREC1,WHOLE,0.1,59656.86,4,4,59656.857,0.0,0.0,0.0,0.003,596568.6
1757892,IT,BR,CHEM1,CEMEN,0.12,59655.628,4,4,59655.621,0.0,0.0,0.0,0.007,497130.233333
1728129,IT,SE,VEGE1,BUSIN,0.18,59655.361,4,4,59655.348,0.0,0.0,0.0,0.013,331418.672222
1813593,IT,WM,WHOLE,LANDT,0.52,59649.925,4,4,59649.922,0.0,0.0,0.0,0.003,114711.394231
1777281,IT,TR,RUBBE,COMPU,0.2,59648.078,4,4,59648.073,0.0,0.0,0.0,0.005,298240.39
1763980,IT,MX,ALUM1,TEXTI,0.1,59645.461,4,4,59645.456,0.0,0.0,0.0,0.005,596454.61
1741815,IT,US,PLAST,RETAI,0.13,59642.975,4,4,59642.969,0.0,0.0,0.0,0.006,458792.115385
1650553,IT,BG,ELEC7,FABRI,0.04,59638.852,3,3,59638.852,0.0,0.0,0.0,0.0,1490971.3
1671782,IT,FI,WHOLE,RAWMI,0.52,59607.099,4,4,59607.096,0.0,0.0,0.0,0.003,114629.036538
1785995,IT,ZA,RUBBE,RECRE,0.2,59606.443,4,4,59606.438,0.0,0.0,0.0,0.005,298032.215
1747118,IT,JP,FURNI,93197,0.19,59604.232,4,4,59604.227,0.0,0.0,0.0,0.005,313706.484211
1746334,IT,JP,ADDIT,ALUM1,0.14,59603.35,4,4,59603.345,0.0,0.0,0.0,0.005,425738.214286
1775031,IT,CH,RENTI,SANDC,0.36,59602.248,4,4,59602.245,0.0,0.0,0.0,0.003,165561.8
1688011,IT,HU,RENTI,RESEA,0.36,59600.619,4,4,59600.616,0.0,0.0,0.0,0.003,165557.275
1657844,IT,DE,NONME,PAPE1,0.12,59592.913,4,4,59592.906,0.0,0.0,0.0,0.007,496607.608333
1790313,IT,WA,ALUM1,HEAVY,0.1,59592.885,4,4,59592.88,0.0,0.0,0.0,0.005,595928.85
1772174,IT,CH,GASDI,VEGE1,0.09,59588.821,4,4,59588.816,0.0,0.0,0.0,0.005,662098.011111
1744060,IT,US,AIRTR,WASTE,0.06,59587.684,4,4,59587.682,0.0,0.0,0.0,0.002,993128.066667
1756781,IT,KR,AIRTR,COLLE,0.06,59587.356,4,4,59587.354,0.0,0.0,0.0,0.002,993122.6
1792613,IT,WA,COMPU,FINAN,0.68,59583.173,4,4,59583.169,0.0,0.0,0.0,0.004,87622.313235
1719383,IT,PL,RUBBE,WEARI,0.2,59583.132,4,4,59583.127,0.0,0.0,0.0,0.005,297915.66
1653249,IT,CZ,RUBBE,ALUM1,0.2,59579.409,4,4,59579.404,0.0,0.0,0.0,0.005,297897.045
1787470,IT,WA,STONE,RESEA,0.19,59577.514,5,5,59574.511,0.0,0.0,3.0,0.003,313565.863158
1788934,IT,WA,HEAVY,FISH5,0.1,59571.655,4,4,59571.65,0.0,0.0,0.0,0.005,595716.55
1789561,IT,WA,BIOGA,PFERT,0.12,59568.532,4,4,59568.526,0.0,0.0,0.0,0.006,496404.433333
1674803,IT,FR,CEMEN,ELEC3,0.1,59567.127,4,4,59567.124,0.0,0.0,0.0,0.003,595671.27
1755794,IT,KR,CERAM,CEMEN,0.09,59564.115,4,4,59564.112,0.0,0.0,0.0,0.003,661823.5
1774925,IT,CH,INSUR,DIST1,1.23,59563.031,4,4,59563.028,0.0,0.0,0.0,0.003,48425.228455
1748576,IT,CN,VEGE1,NONME,0.18,59561.722,4,4,59561.709,0.0,0.0,0.0,0.013,330898.455556
1747201,IT,JP,CONST,RENTI,0.33,59556.43,4,4,59556.427,0.0,0.0,0.0,0.003,180474.030303
1764597,IT,MX,WHOLE,WHOLE,0.51,59552.054,4,4,59552.051,0.0,0.0,0.0,0.003,116768.733333
1750547,IT,CN,MACHI,INSUR,0.33,59550.002,4,4,59549.997,0.0,0.0,0.0,0.005,180454.551515
1807212,IT,WF,AIRTR,MEMBE,0.06,59545.009,4,4,59545.007,0.0,0.0,0.0,0.002,992416.816667
1678705,IT,GR,DAIRY,POULT,0.24,59544.447,4,4,59544.443,0.0,0.0,0.0,0.004,248101.8625
1789128,IT,WA,NONSP,NONF1,0.08,59542.026,4,4,59542.023,0.0,0.0,0.0,0.003,744275.325
1737825,IT,GB,PARAF,MOTOR,0.09,59541.656,4,4,59541.652,0.0,0.0,0.0,0.004,661573.955556
1749733,IT,CN,ADDIT,HYDRO,0.14,59540.985,4,4,59540.98,0.0,0.0,0.0,0.005,425292.75
1761010,IT,IN,PLAST,COKIN,0.12,59540.648,4,4,59540.642,0.0,0.0,0.0,0.006,496172.066667
1813916,IT,WM,LANDT,COMPU,0.38,59538.635,4,4,59538.632,0.0,0.0,0.0,0.003,156680.618421
1667665,IT,ES,MACHI,LEAD1,0.33,59537.349,4,4,59537.344,0.0,0.0,0.0,0.005,180416.209091
1669301,IT,ES,FINAN,ALUM1,0.78,59536.673,4,4,59536.671,0.0,0.0,0.0,0.002,76329.067949
1805438,IT,WF,GLASS,SANDC,0.16,59535.315,4,4,59535.312,0.0,0.0,0.0,0.003,372095.71875
1792287,IT,WA,POSTT,SUPPO,0.98,59533.036,4,4,59533.031,0.0,0.0,0.0,0.005,60747.995918
1686690,IT,HU,COPP1,PULP5,0.15,59532.631,4,4,59532.628,0.0,0.0,0.0,0.003,396884.206667
1804154,IT,WF,PAPER,RADIO,0.23,59531.383,4,4,59531.377,0.0,0.0,0.0,0.006,258832.1
1648677,IT,BG,SUGA1,FOOD5,0.15,59523.597,4,4,59523.587,0.0,0.0,0.0,0.01,396823.98
1668252,IT,ES,WHOLE,PIGS9,0.51,59519.662,4,4,59519.659,0.0,0.0,0.0,0.003,116705.219608
1770190,IT,AU,HOTEL,PADDY,0.43,59518.635,4,4,59518.631,0.0,0.0,0.0,0.004,138415.430233
1661443,IT,DK,DAIRY,CHEM1,0.24,59516.647,4,4,59516.643,0.0,0.0,0.0,0.004,247986.029167
1757158,IT,BR,SANDC,CONST,0.14,59515.984,5,5,59502.982,0.0,0.0,13.0,0.002,425114.171429
1754964,IT,KR,TEXTI,SECO9,0.35,59515.754,4,4,59515.746,0.0,0.0,0.0,0.008,170045.011429
1783005,IT,NO,POSTT,POSTT,0.98,59515.139,4,4,59515.134,0.0,0.0,0.0,0.005,60729.733673
1780057,IT,TW,WHOLE,GASDI,0.51,59514.434,4,4,59514.431,0.0,0.0,0.0,0.003,116694.968627
1645334,IT,BE,GASDI,RADIO,0.09,59513.221,4,4,59513.216,0.0,0.0,0.0,0.005,661258.011111
1745258,IT,JP,CHEMI,POSTT,0.14,59512.034,5,5,59509.028,0.0,0.0,3.0,0.006,425085.957143
1773885,IT,CH,ELEC7,PUBLI,0.04,59511.923,3,3,59511.923,0.0,0.0,0.0,0.0,1487798.075
1758301,IT,BR,ALUM1,REALE,0.1,59510.775,4,4,59510.77,0.0,0.0,0.0,0.005,595107.75
1641645,IT,AT,PARAF,GLASS,0.09,59510.16,4,4,59510.156,0.0,0.0,0.0,0.004,661224.0
1752387,IT,CA,VEGE1,MEATP,0.18,59510.097,4,4,59510.084,0.0,0.0,0.0,0.013,330611.65
1713679,IT,MT,FABRI,MEATP,0.24,59505.657,4,4,59505.653,0.0,0.0,0.0,0.004,247940.2375
1754253,IT,CA,POSTT,CONST,0.98,59501.431,4,4,59501.426,0.0,0.0,0.0,0.005,60715.745918
1737281,IT,GB,FOOD5,LANDT,0.29,59500.214,4,4,59500.209,0.0,0.0,0.0,0.005,205173.151724
1644498,IT,BE,DAIRY,BEVER,0.24,59498.667,4,4,59498.663,0.0,0.0,0.0,0.004,247911.1125
1732720,IT,SI,CEMEN,TEXTI,0.1,59497.697,4,4,59497.694,0.0,0.0,0.0,0.003,594976.97
1712397,IT,LV,CERAM,FABRI,0.09,59492.996,4,4,59492.993,0.0,0.0,0.0,0.003,661033.288889
1685697,IT,HU,NAPHT,MOTOR,0.1,59492.326,4,4,59492.322,0.0,0.0,0.0,0.004,594923.26
1674430,IT,FR,CHEM1,WOOD2,0.12,59491.421,4,4,59491.415,0.0,0.0,0.0,0.006,495761.841667
1754277,IT,CA,POSTT,RECRE,0.98,59491.306,4,4,59491.301,0.0,0.0,0.0,0.005,60705.414286
1786541,IT,ZA,FURNI,PFERT,0.19,59486.94,4,4,59486.935,0.0,0.0,0.0,0.005,313089.157895
1807165,IT,WF,AIRTR,CEMEN,0.06,59483.317,4,4,59483.315,0.0,0.0,0.0,0.002,991388.616667
1714432,IT,NL,PIGS9,FOOD5,0.13,59481.352,4,4,59481.349,0.0,0.0,0.0,0.003,457548.861538
1678601,IT,GR,FISHF,FISH5,0.1,59480.041,4,4,59480.039,0.0,0.0,0.0,0.002,594800.41
1746333,IT,JP,ADDIT,PREC1,0.14,59479.137,4,4,59479.132,0.0,0.0,0.0,0.005,424850.978571
1739293,IT,GB,HOTEL,OFFIC,0.43,59476.917,4,4,59476.913,0.0,0.0,0.0,0.004,138318.411628
1720368,IT,PL,FABRI,RECRE,0.24,59473.634,4,4,59473.63,0.0,0.0,0.0,0.004,247806.808333
1671179,IT,FI,CERAM,93197,0.09,59471.317,4,4,59471.314,0.0,0.0,0.0,0.003,660792.411111
1686766,IT,HU,FABRI,CEREA,0.24,59469.056,4,4,59469.052,0.0,0.0,0.0,0.004,247787.733333
1780980,IT,TW,BUSIN,NONSP,0.61,59467.126,4,4,59467.122,0.0,0.0,0.0,0.004,97487.091803
1811906,IT,WM,RUBBE,TRAN1,0.2,59464.761,4,4,59464.756,0.0,0.0,0.0,0.005,297323.805
1810277,IT,WM,LEATH,RETAI,0.43,59461.118,4,4,59461.108,0.0,0.0,0.0,0.01,138281.669767
1797181,IT,WL,POSTT,COMPU,0.98,59459.632,4,4,59459.627,0.0,0.0,0.0,0.005,60673.093878
1664260,IT,EE,BASIC,ALUM1,0.07,59459.2,4,4,59459.196,0.0,0.0,0.0,0.004,849417.142857
1774550,IT,CH,SEACO,RAWMI,0.06,59456.929,3,3,59456.929,0.0,0.0,0.0,0.0,990948.816667
1711067,IT,LU,PREC1,FABRI,0.1,59454.181,4,4,59454.178,0.0,0.0,0.0,0.003,594541.81
1785771,IT,ZA,PLAST,FURNI,0.12,59445.046,4,4,59445.04,0.0,0.0,0.0,0.006,495375.383333
1765295,IT,RU,VEGE1,EDUCA,0.18,59444.932,4,4,59444.919,0.0,0.0,0.0,0.013,330249.622222
1654310,IT,CZ,ELEC2,FURNI,0.01,59440.818,4,4,59440.812,0.0,0.0,0.0,0.006,5944081.8
1798724,IT,WE,DAIRY,RECRE,0.24,59438.694,4,4,59438.69,0.0,0.0,0.0,0.004,247661.225
1763838,IT,MX,NONME,SANDC,0.12,59435.613,4,4,59435.606,0.0,0.0,0.0,0.007,495296.775
1646009,IT,BE,NONME,RUBBE,0.12,59431.959,4,4,59431.952,0.0,0.0,0.0,0.007,495266.325
1808997,IT,WM,VEGET,PAPER,0.21,59431.252,4,4,59431.25,0.0,0.0,0.0,0.002,283005.961905
1766781,IT,RU,MACHI,PLAST,0.33,59427.12,4,4,59427.115,0.0,0.0,0.0,0.005,180082.181818
1814430,IT,WM,REALE,EDUCA,2.51,59427.114,4,4,59427.11,0.0,0.0,0.0,0.004,23676.141036
1724953,IT,PT,PUBLI,DAIRY,0.97,59426.337,4,4,59426.333,0.0,0.0,0.0,0.004,61264.264948
1750785,IT,CN,FURNI,CROPS,0.19,59425.557,4,4,59425.552,0.0,0.0,0.0,0.005,312766.089474
1742691,IT,US,NONF1,TRAN1,0.01,59424.952,3,3,59424.952,0.0,0.0,0.0,0.0,5942495.2
1767096,IT,RU,FURNI,ELEC3,0.19,59421.597,4,4,59421.592,0.0,0.0,0.0,0.005,312745.247368
1773351,IT,CH,MACHI,ELEC8,0.33,59418.208,4,4,59418.203,0.0,0.0,0.0,0.005,180055.175758
1798234,IT,WE,VEGET,OFFIC,0.21,59417.562,4,4,59417.56,0.0,0.0,0.0,0.002,282940.771429
1664848,IT,ES,MEATA,FOOD5,0.32,59414.534,4,4,59414.525,0.0,0.0,0.0,0.009,185670.41875
1679731,IT,GR,BASIC,FOOD5,0.07,59414.532,4,4,59414.528,0.0,0.0,0.0,0.004,848779.028571
1659947,IT,DE,TRAN2,COMPU,0.09,59412.72,4,4,59412.718,0.0,0.0,0.0,0.002,660141.333333
1745559,IT,JP,BEVER,SEACO,0.25,59406.684,4,4,59406.68,0.0,0.0,0.0,0.004,237626.736
1771889,IT,CH,PULP5,CHEM1,0.18,59404.922,4,4,59404.916,0.0,0.0,0.0,0.006,330027.344444
1755347,IT,KR,PRINT,WHOLE,0.57,59403.98,4,4,59403.975,0.0,0.0,0.0,0.005,104217.508772
1722393,IT,PT,MEATC,FOOD5,0.2,59401.322,5,5,59400.318,0.0,1.0,0.0,0.004,297006.61
1735528,IT,SK,ALUM1,DAIRY,0.1,59399.948,4,4,59399.943,0.0,0.0,0.0,0.005,593999.48
1652924,IT,CZ,GASDI,CONST,0.09,59399.876,4,4,59399.871,0.0,0.0,0.0,0.005,659998.622222
1796747,IT,WL,LANDT,PFERT,0.38,59398.269,4,4,59398.266,0.0,0.0,0.0,0.003,156311.234211
1776363,IT,TR,PRINT,CHEMI,0.57,59394.104,4,4,59394.099,0.0,0.0,0.0,0.005,104200.182456
1772337,IT,CH,PLAST,SALEM,0.12,59392.097,4,4,59392.091,0.0,0.0,0.0,0.006,494934.141667
1788945,IT,WA,HEAVY,KERO1,0.1,59390.842,4,4,59390.837,0.0,0.0,0.0,0.005,593908.42
1642280,IT,AT,NONME,LANDT,0.12,59386.883,4,4,59386.876,0.0,0.0,0.0,0.007,494890.691667
1746651,IT,JP,COPP1,MEDIC,0.15,59384.326,4,4,59384.323,0.0,0.0,0.0,0.003,395895.506667
1741457,IT,US,MOTOR,ELEC8,0.09,59380.581,4,4,59380.576,0.0,0.0,0.0,0.005,659784.233333
1806643,IT,WF,SALEM,PUBLI,0.48,59380.163,4,4,59380.159,0.0,0.0,0.0,0.004,123708.672917
1754422,IT,CA,RENTI,SUPPO,0.35,59378.038,4,4,59378.035,0.0,0.0,0.0,0.003,169651.537143
1786240,IT,ZA,NONF1,ELECT,0.01,59375.984,3,3,59375.984,0.0,0.0,0.0,0.0,5937598.4
1716425,IT,NL,MACHI,EDUCA,0.33,59375.661,4,4,59375.656,0.0,0.0,0.0,0.005,179926.245455
1669146,IT,ES,POSTT,KEROS,0.98,59373.865,4,4,59373.86,0.0,0.0,0.0,0.005,60585.576531
1668768,IT,ES,LANDT,COLLE,0.38,59370.39,4,4,59370.387,0.0,0.0,0.0,0.003,156237.868421
1776863,IT,TR,BITU1,INERT,0.09,59365.54,4,4,59365.535,0.0,0.0,0.0,0.005,659617.111111
1665922,IT,ES,MOTOR,WHEAT,0.09,59358.267,4,4,59358.262,0.0,0.0,0.0,0.005,659536.3
1670362,IT,FI,DAIRY,FOOD5,0.24,59356.567,4,4,59356.563,0.0,0.0,0.0,0.004,247319.029167
1813879,IT,WM,LANDT,CEMEN,0.38,59356.094,4,4,59356.091,0.0,0.0,0.0,0.003,156200.247368
1814181,IT,WM,SUPPO,KEROS,0.43,59350.836,4,4,59350.833,0.0,0.0,0.0,0.003,138025.2
1801604,IT,WE,TRANS,HOTEL,0.35,59350.257,4,4,59350.254,0.0,0.0,0.0,0.003,169572.162857
1675014,IT,FR,PREC1,PLAS1,0.1,59343.043,4,4,59343.04,0.0,0.0,0.0,0.003,593430.43
1658051,IT,DE,PREC1,ELEC3,0.1,59340.477,4,4,59340.474,0.0,0.0,0.0,0.003,593404.77
1754909,IT,KR,TEXTI,VEGET,0.35,59338.067,4,4,59338.059,0.0,0.0,0.0,0.008,169537.334286
1642231,IT,AT,NONME,STONE,0.12,59328.08,4,4,59328.073,0.0,0.0,0.0,0.007,494400.666667
1728102,IT,SE,VEGE1,DAIRY,0.18,59327.95,4,4,59327.937,0.0,0.0,0.0,0.013,329599.722222
1737426,IT,GB,WEARI,RETA1,0.45,59327.473,4,4,59327.462,0.0,0.0,0.0,0.011,131838.828889
1788201,IT,WA,WEARI,PRIVA,0.45,59326.989,4,4,59326.978,0.0,0.0,0.0,0.011,131837.753333
1711221,IT,LU,MACHI,DIST1,0.33,59326.149,4,4,59326.144,0.0,0.0,0.0,0.005,179776.209091
1764434,IT,MX,FURNI,PAPER,0.19,59317.169,4,4,59317.164,0.0,0.0,0.0,0.005,312195.626316
1811564,IT,WM,PFERT,RETA1,0.03,59314.789,4,4,59314.78,0.0,0.0,0.0,0.009,1977159.633333
1662231,IT,DK,GLASS,MOTO1,0.16,59314.079,4,4,59314.076,0.0,0.0,0.0,0.003,370712.99375
1795950,IT,WL,MOTO1,WOODW,0.32,59308.03,4,4,59308.026,0.0,0.0,0.0,0.004,185337.59375
1806222,IT,WF,MACHI,PROCE,0.33,59307.256,4,4,59307.251,0.0,0.0,0.0,0.005,179718.957576
1686644,IT,HU,LEAD1,WHOLE,0.1,59298.203,4,4,59298.198,0.0,0.0,0.0,0.005,592982.03
1786866,IT,ZA,SEACO,RUBBE,0.06,59296.678,3,3,59296.678,0.0,0.0,0.0,0.0,988277.966667
1806133,IT,WF,FABRI,BRICK,0.24,59293.283,4,4,59293.279,0.0,0.0,0.0,0.004,247055.345833
1766123,IT,RU,RUBBE,PREC1,0.2,59291.327,4,4,59291.322,0.0,0.0,0.0,0.005,296456.635
1737306,IT,GB,BEVER,MEATP,0.25,59287.288,4,4,59287.284,0.0,0.0,0.0,0.004,237149.152
1775156,IT,CH,RESEA,MEATP,0.32,59285.986,4,4,59285.982,0.0,0.0,0.0,0.004,185268.70625
1732656,IT,SI,GLASS,EDUCA,0.16,59285.124,4,4,59285.121,0.0,0.0,0.0,0.003,370532.025
1809707,IT,WM,PROCE,REALE,0.4,59284.428,4,4,59284.424,0.0,0.0,0.0,0.004,148211.07
1802346,IT,WE,SEACO,MEAT1,0.06,59283.316,3,3,59283.316,0.0,0.0,0.0,0.0,988055.266667
1809631,IT,WM,DAIRY,KEROS,0.24,59282.837,4,4,59282.833,0.0,0.0,0.0,0.004,247011.820833
1729136,IT,SE,GLASS,PULP5,0.16,59277.496,4,4,59277.493,0.0,0.0,0.0,0.003,370484.35
1683357,IT,HR,NONME,REALE,0.12,59277.466,4,4,59277.459,0.0,0.0,0.0,0.007,493978.883333
1779241,IT,TR,POSTT,93197,0.98,59277.173,4,4,59277.168,0.0,0.0,0.0,0.005,60486.911224
1736503,IT,SK,INLAN,HOTEL,0.1,59275.932,4,4,59275.928,0.0,0.0,0.0,0.004,592759.32
1789246,IT,WA,PLAST,RETA1,0.12,59262.496,4,4,59262.49,0.0,0.0,0.0,0.006,493854.133333
1768849,IT,AU,LEATH,RETA1,0.42,59261.637,4,4,59261.627,0.0,0.0,0.0,0.01,141099.135714
1674218,IT,FR,LIQUE,FINAN,0.1,59261.427,4,4,59261.422,0.0,0.0,0.0,0.005,592614.27
1726234,IT,RO,NONME,OFFIC,0.12,59259.572,4,4,59259.565,0.0,0.0,0.0,0.007,493829.766667
1781888,IT,NO,CHEM1,MOTOR,0.12,59258.591,4,4,59258.585,0.0,0.0,0.0,0.006,493821.591667
1674927,IT,FR,BASIC,BRICK,0.07,59256.333,4,4,59256.329,0.0,0.0,0.0,0.004,846519.042857
1672923,IT,FR,DAIRY,CATTL,0.24,59247.936,4,4,59247.932,0.0,0.0,0.0,0.004,246866.4
1644438,IT,BE,VEGE1,MEATP,0.18,59247.467,4,4,59247.454,0.0,0.0,0.0,0.013,329152.594444
1801506,IT,WE,MOTO1,TRAN1,0.32,59247.289,4,4,59247.285,0.0,0.0,0.0,0.004,185147.778125
1711204,IT,LU,MACHI,RUBBE,0.33,59245.812,4,4,59245.807,0.0,0.0,0.0,0.005,179532.763636
1730183,IT,SE,LANDT,FABRI,0.38,59243.197,4,4,59243.194,0.0,0.0,0.0,0.003,155903.15
1794275,IT,WL,MOTOR,TEXTI,0.09,59240.781,4,4,59240.776,0.0,0.0,0.0,0.005,658230.9
1756757,IT,KR,AIRTR,NFERT,0.06,59235.086,4,4,59235.084,0.0,0.0,0.0,0.002,987251.433333
1746048,IT,JP,PAPER,PUBLI,0.23,59234.054,4,4,59234.048,0.0,0.0,0.0,0.006,257539.365217
1713498,IT,MT,RUBBE,TRANS,0.2,59233.107,4,4,59233.102,0.0,0.0,0.0,0.005,296165.535
1782524,IT,NO,OFFIC,SALEM,0.18,59230.026,4,4,59230.022,0.0,0.0,0.0,0.004,329055.7
1737609,IT,GB,PAPER,BIODI,0.23,59229.807,4,4,59229.801,0.0,0.0,0.0,0.006,257520.9
1800695,IT,WE,CEMEN,CROPS,0.09,59228.288,4,4,59228.285,0.0,0.0,0.0,0.003,658092.088889
1762686,IT,IN,BUSIN,WHEAT,0.61,59221.995,4,4,59221.991,0.0,0.0,0.0,0.004,97085.237705
1647224,IT,BE,LANDT,HEAVY,0.38,59215.44,4,4,59215.437,0.0,0.0,0.0,0.003,155830.105263
1731310,IT,SI,VEGE1,WHOLE,0.18,59214.092,4,4,59214.079,0.0,0.0,0.0,0.013,328967.177778
1663022,IT,DK,HOTEL,ELECT,0.43,59212.807,4,4,59212.803,0.0,0.0,0.0,0.004,137704.202326
1810847,IT,WM,KEROS,ELEC5,0.09,59210.675,4,4,59210.67,0.0,0.0,0.0,0.005,657896.388889
1752404,IT,CA,VEGE1,LUBRI,0.18,59209.42,4,4,59209.407,0.0,0.0,0.0,0.013,328941.222222
1673999,IT,FR,KEROS,HEALT,0.09,59209.417,4,4,59209.412,0.0,0.0,0.0,0.005,657882.411111
1737764,IT,GB,HEAVY,LANDT,0.1,59208.758,4,4,59208.753,0.0,0.0,0.0,0.005,592087.58
1812974,IT,WM,MACHI,BRICK,0.33,59207.316,4,4,59207.311,0.0,0.0,0.0,0.005,179416.109091
1793757,IT,WL,BEVER,PUBLI,0.25,59207.003,4,4,59206.999,0.0,0.0,0.0,0.004,236828.012
1734769,IT,SK,WOODW,PAPER,0.17,59205.984,4,4,59205.98,0.0,0.0,0.0,0.004,348270.494118
1755972,IT,KR,ALUM1,GLASS,0.1,59200.887,4,4,59200.882,0.0,0.0,0.0,0.005,592008.87
1725945,IT,RO,CHEM1,WHEAT,0.12,59199.62,4,4,59199.614,0.0,0.0,0.0,0.006,493330.166667
1794011,IT,WL,WOODW,FINAN,0.17,59194.945,4,4,59194.941,0.0,0.0,0.0,0.004,348205.558824
1786578,IT,ZA,FURNI,RESEA,0.19,59190.899,4,4,59190.894,0.0,0.0,0.0,0.005,311531.047368
1767438,IT,RU,LANDT,SALEM,0.38,59185.536,4,4,59185.533,0.0,0.0,0.0,0.003,155751.410526
1710647,IT,LU,MEAT4,SALEM,0.33,59181.56,4,4,59181.556,0.0,0.0,0.0,0.004,179338.060606
1812756,IT,WM,NONF1,SALEM,0.01,59176.574,3,3,59176.574,0.0,0.0,0.0,0.0,5917657.4
1788344,IT,WA,LEATH,FOODW,0.42,59170.745,4,4,59170.735,0.0,0.0,0.0,0.01,140882.72619
1679243,IT,GR,KEROS,MEMBE,0.09,59168.861,4,4,59168.856,0.0,0.0,0.0,0.005,657431.788889
1757523,IT,BR,PRINT,FINAN,0.57,59167.676,4,4,59167.671,0.0,0.0,0.0,0.005,103802.940351
1767519,IT,RU,SEACO,BUSIN,0.06,59166.426,3,3,59166.426,0.0,0.0,0.0,0.0,986107.1
1795461,IT,WL,PREC1,OFFIC,0.1,59163.538,4,4,59163.535,0.0,0.0,0.0,0.003,591635.38
1651637,IT,CY,BASIC,CHEM1,0.07,59162.628,4,4,59162.624,0.0,0.0,0.0,0.004,845180.4
1742096,IT,US,RUBBE,PREC1,0.2,59153.771,4,4,59153.766,0.0,0.0,0.0,0.005,295768.855
1655572,IT,DE,SANDC,STONE,0.14,59148.968,5,5,59135.966,0.0,0.0,13.0,0.002,422492.628571
1790008,IT,WA,NONME,BIOGA,0.12,59148.168,4,4,59148.162,0.0,0.0,0.0,0.006,492901.4
1758569,IT,BR,OFFIC,BUSIN,0.18,59147.39,4,4,59147.386,0.0,0.0,0.0,0.004,328596.611111
1666272,IT,ES,HEAVY,PUBLI,0.1,59143.604,4,4,59143.599,0.0,0.0,0.0,0.005,591436.04
1716634,IT,NL,SALEM,93197,0.48,59141.933,4,4,59141.929,0.0,0.0,0.0,0.004,123212.360417
1735076,IT,SK,CHEM1,ADDIT,0.12,59137.76,4,4,59137.754,0.0,0.0,0.0,0.006,492814.666667
1805521,IT,WF,CERAM,RETA1,0.09,59135.508,4,4,59135.505,0.0,0.0,0.0,0.003,657061.2
1723192,IT,PT,RUBBE,BASIC,0.2,59132.782,4,4,59132.777,0.0,0.0,0.0,0.005,295663.91
1737234,IT,GB,SUGA1,DAIRY,0.15,59132.168,4,4,59132.158,0.0,0.0,0.0,0.01,394214.453333
1672945,IT,FR,DAIRY,RADIO,0.24,59130.77,4,4,59130.766,0.0,0.0,0.0,0.004,246378.208333
1755642,IT,KR,RUBBE,PRINT,0.2,59127.335,4,4,59127.33,0.0,0.0,0.0,0.005,295636.675
1658541,IT,DE,MACHI,MEATC,0.33,59117.622,4,4,59117.617,0.0,0.0,0.0,0.005,179144.309091
1811893,IT,WM,RUBBE,LEAD1,0.2,59113.061,4,4,59113.056,0.0,0.0,0.0,0.005,295565.305
1657133,IT,DE,PLAST,NONME,0.12,59106.016,4,4,59106.01,0.0,0.0,0.0,0.006,492550.133333
1664153,IT,EE,RUBBE,WHOLE,0.2,59105.157,4,4,59105.152,0.0,0.0,0.0,0.005,295525.785
1657600,IT,DE,GLASS,RETAI,0.16,59102.226,4,4,59102.223,0.0,0.0,0.0,0.003,369388.9125
1713695,IT,MT,FABRI,TRANS,0.24,59095.508,4,4,59095.504,0.0,0.0,0.0,0.004,246231.283333
1651099,IT,BG,REALE,ELEC1,2.5,59094.623,4,4,59094.619,0.0,0.0,0.0,0.004,23637.8492
1669024,IT,ES,SUPPO,WOODW,0.42,59089.612,4,4,59089.609,0.0,0.0,0.0,0.003,140689.552381
1812101,IT,WM,CERAM,COMPU,0.09,59088.679,4,4,59088.676,0.0,0.0,0.0,0.003,656540.877778
1714799,IT,NL,FOOD5,POULT,0.28,59080.004,4,4,59079.999,0.0,0.0,0.0,0.005,211000.014286
1772550,IT,CH,RUBBE,RADIO,0.2,59079.577,4,4,59079.572,0.0,0.0,0.0,0.005,295397.885
1682727,IT,HR,GASDI,FURNI,0.09,59077.455,4,4,59077.45,0.0,0.0,0.0,0.005,656416.166667
1721345,IT,PL,TRAN2,DIST1,0.09,59077.295,4,4,59077.293,0.0,0.0,0.0,0.002,656414.388889
1650888,IT,BG,TRAN2,GASDI,0.09,59069.929,4,4,59069.927,0.0,0.0,0.0,0.002,656332.544444
1798424,IT,WE,NATUR,SUGA1,0.08,59067.83,4,4,59067.826,0.0,0.0,0.0,0.004,738347.875
1798739,IT,WE,FOOD5,CEREA,0.28,59066.98,4,4,59066.975,0.0,0.0,0.0,0.005,210953.5
1736553,IT,SK,SUPPO,MOTO1,0.42,59063.311,4,4,59063.308,0.0,0.0,0.0,0.003,140626.930952
1665484,IT,ES,WEARI,CEMEN,0.45,59060.872,4,4,59060.861,0.0,0.0,0.0,0.011,131246.382222
1686147,IT,HU,RUBBE,FOOD4,0.2,59060.828,4,4,59060.823,0.0,0.0,0.0,0.005,295304.14
1806754,IT,WF,WHOLE,REALE,0.51,59060.154,4,4,59060.151,0.0,0.0,0.0,0.003,115804.223529
1727771,IT,RO,BUSIN,NATUR,0.61,59056.25,4,4,59056.246,0.0,0.0,0.0,0.004,96813.52459
1787716,IT,WA,VEGE1,CHARC,0.18,59054.399,4,4,59054.386,0.0,0.0,0.0,0.013,328079.994444
1802385,IT,WE,SEACO,POSTT,0.06,59054.195,3,3,59054.195,0.0,0.0,0.0,0.0,984236.583333
1741388,IT,US,PRINT,SUPPO,0.57,59049.923,4,4,59049.918,0.0,0.0,0.0,0.005,103596.35614
1642664,IT,AT,FABRI,LANDT,0.24,59049.356,4,4,59049.352,0.0,0.0,0.0,0.004,246038.983333
1808580,IT,WF,PAPE4,INSUR,0.39,59046.201,4,4,59046.198,0.0,0.0,0.0,0.003,151400.515385
1657841,IT,DE,NONME,PUBLI,0.12,59039.441,4,4,59039.435,0.0,0.0,0.0,0.006,491995.341667
1721416,IT,PL,SEACO,BUSIN,0.06,59027.507,3,3,59027.507,0.0,0.0,0.0,0.0,983791.783333
1775213,IT,CH,RESEA,INLAN,0.32,59026.815,4,4,59026.811,0.0,0.0,0.0,0.004,184458.796875
1724214,IT,PT,HOTEL,BUSIN,0.43,59026.756,4,4,59026.752,0.0,0.0,0.0,0.004,137271.525581
1685623,IT,HU,MOTOR,NAPHT,0.09,59019.101,4,4,59019.096,0.0,0.0,0.0,0.005,655767.788889
1676740,IT,FR,RAILW,RECRE,0.39,59014.748,4,4,59014.745,0.0,0.0,0.0,0.003,151319.866667
1725887,IT,RO,HEAVY,CEMEN,0.1,59012.061,4,4,59012.056,0.0,0.0,0.0,0.005,590120.61
1796037,IT,WL,TRANS,CROPS,0.35,59005.694,4,4,59005.691,0.0,0.0,0.0,0.003,168587.697143
1786120,IT,ZA,BASIC,FISH5,0.07,59004.484,4,4,59004.48,0.0,0.0,0.0,0.004,842921.2
1760353,IT,IN,CHEMI,PFERT,0.14,58994.111,5,5,58991.105,0.0,0.0,3.0,0.006,421386.507143
1746157,IT,JP,PLAST,HEAVY,0.12,58993.012,4,4,58993.006,0.0,0.0,0.0,0.006,491608.433333
1658681,IT,DE,OFFIC,PULP5,0.18,58986.432,4,4,58986.428,0.0,0.0,0.0,0.004,327702.4
1729018,IT,SE,RUBBE,PRECI,0.2,58974.025,4,4,58974.02,0.0,0.0,0.0,0.005,294870.125
1751023,IT,CN,WHOLE,CERAM,0.51,58973.359,4,4,58973.356,0.0,0.0,0.0,0.003,115634.037255
1774160,IT,CH,WHOLE,FOOD2,0.51,58973.166,4,4,58973.163,0.0,0.0,0.0,0.003,115633.658824
1810065,IT,WM,TEXTI,NONF1,0.35,58971.778,4,4,58971.77,0.0,0.0,0.0,0.008,168490.794286
1795252,IT,WL,CERAM,CHARC,0.09,58967.932,4,4,58967.929,0.0,0.0,0.0,0.003,655199.244444
1738441,IT,GB,ALUM1,RAILW,0.1,58964.796,4,4,58964.791,0.0,0.0,0.0,0.005,589647.96
1732485,IT,SI,CHEM1,REALE,0.12,58964.555,4,4,58964.549,0.0,0.0,0.0,0.006,491371.291667
1665864,IT,ES,PRINT,CONST,0.57,58948.536,4,4,58948.532,0.0,0.0,0.0,0.004,103418.484211
1713660,IT,MT,LEAD1,RAILW,0.1,58947.333,4,4,58947.328,0.0,0.0,0.0,0.005,589473.33
1794463,IT,WL,GASDI,HEAVY,0.09,58945.09,4,4,58945.085,0.0,0.0,0.0,0.005,654945.444444
1651208,IT,BG,BUSIN,HOTEL,0.61,58939.896,4,4,58939.892,0.0,0.0,0.0,0.004,96622.780328
1809134,IT,WM,CROPS,SALEM,0.47,58936.965,4,4,58936.962,0.0,0.0,0.0,0.003,125397.797872
1663577,IT,DK,RESEA,RESEA,0.32,58935.295,4,4,58935.291,0.0,0.0,0.0,0.004,184172.796875
1807021,IT,WF,LANDT,FINAN,0.38,58932.157,4,4,58932.154,0.0,0.0,0.0,0.003,155084.623684
1749147,IT,CN,WOODW,PUBLI,0.16,58923.067,4,4,58923.063,0.0,0.0,0.0,0.004,368269.16875
1797069,IT,WL,SUPPO,REALE,0.42,58922.518,4,4,58922.515,0.0,0.0,0.0,0.003,140291.709524
1782208,IT,NO,BASIC,COPP1,0.07,58921.359,4,4,58921.355,0.0,0.0,0.0,0.004,841733.7
1793202,IT,WA,93197,EDUCA,0.4,58919.527,4,4,58919.522,0.0,0.0,0.0,0.005,147298.8175
1672998,IT,FR,PROCE,RETA1,0.4,58914.025,4,4,58914.021,0.0,0.0,0.0,0.004,147285.0625
1761757,IT,IN,MACHI,BRICK,0.33,58911.201,4,4,58911.196,0.0,0.0,0.0,0.005,178518.790909
1773118,IT,CH,COPP1,COPP1,0.15,58911.026,4,4,58911.023,0.0,0.0,0.0,0.003,392740.173333
1749369,IT,CN,PRINT,POSTT,0.57,58910.901,4,4,58910.897,0.0,0.0,0.0,0.004,103352.457895
1648198,IT,BE,BUSIN,NONME,0.6,58905.503,4,4,58905.499,0.0,0.0,0.0,0.004,98175.838333
1722620,IT,PT,TEXTI,BIODI,0.35,58903.277,4,4,58903.269,0.0,0.0,0.0,0.008,168295.077143
1785118,IT,ZA,VEGE1,VEGE1,0.18,58902.8,4,4,58902.787,0.0,0.0,0.0,0.013,327237.777778
1720476,IT,PL,MACHI,RETAI,0.33,58902.051,4,4,58902.046,0.0,0.0,0.0,0.005,178491.063636
1665424,IT,ES,TEXTI,LANDT,0.35,58902.023,4,4,58902.015,0.0,0.0,0.0,0.008,168291.494286
1803385,IT,WF,CHEMI,FURNI,0.14,58899.912,5,5,58896.906,0.0,0.0,3.0,0.006,420713.657143
1775678,IT,TR,VEGET,HOTEL,0.21,58894.169,4,4,58894.167,0.0,0.0,0.0,0.002,280448.42381
1664655,IT,EE,LANDT,WHOLE,0.38,58891.836,4,4,58891.833,0.0,0.0,0.0,0.003,154978.515789
1667249,IT,ES,PREC1,SUPPO,0.1,58890.552,4,4,58890.549,0.0,0.0,0.0,0.003,588905.52
1677116,IT,FR,SUPPO,OILHA,0.42,58887.174,4,4,58887.171,0.0,0.0,0.0,0.003,140207.557143
1787520,IT,WA,CHEMI,WOODW,0.14,58886.802,5,5,58883.796,0.0,0.0,3.0,0.006,420620.014286
1807596,IT,WF,COMPU,EDUCA,0.67,58886.387,4,4,58886.383,0.0,0.0,0.0,0.004,87890.129851
1748988,IT,CN,LEATH,FOOD5,0.42,58884.701,4,4,58884.691,0.0,0.0,0.0,0.01,140201.669048
1813913,IT,WM,LANDT,AUXIL,0.38,58884.589,4,4,58884.586,0.0,0.0,0.0,0.003,154959.444737
1733299,IT,SI,MOTO1,RUBBE,0.31,58880.443,4,4,58880.439,0.0,0.0,0.0,0.004,189936.912903
1732968,IT,SI,ALUM1,RAILW,0.1,58874.272,4,4,58874.267,0.0,0.0,0.0,0.005,588742.72
1799093,IT,WE,WEARI,FISHF,0.44,58871.133,4,4,58871.122,0.0,0.0,0.0,0.011,133798.029545
1656187,IT,DE,TEXTI,BIODI,0.35,58868.744,4,4,58868.736,0.0,0.0,0.0,0.008,168196.411429
1665236,IT,ES,FOOD5,RECRE,0.28,58868.457,4,4,58868.452,0.0,0.0,0.0,0.005,210244.489286
1660085,IT,DE,AIRTR,ELECT,0.06,58865.026,4,4,58865.024,0.0,0.0,0.0,0.002,981083.766667
1721359,IT,PL,SEACO,NATUR,0.06,58862.573,3,3,58862.573,0.0,0.0,0.0,0.0,981042.883333
1757163,IT,BR,CHEMI,CATTL,0.14,58860.611,5,5,58857.605,0.0,0.0,3.0,0.006,420432.935714
1733169,IT,SI,FABRI,WASTE,0.24,58851.969,4,4,58851.965,0.0,0.0,0.0,0.004,245216.5375
1725329,IT,RO,BEVER,RECRE,0.25,58849.612,4,4,58849.608,0.0,0.0,0.0,0.004,235398.448
1763511,IT,MX,CHEM1,ANIMA,0.12,58847.568,4,4,58847.562,0.0,0.0,0.0,0.006,490396.4
1787148,IT,ZA,PUBLI,COKEO,0.96,58845.923,4,4,58845.919,0.0,0.0,0.0,0.004,61297.836458
1813978,IT,WM,SEACO,WEARI,0.06,58845.919,3,3,58845.919,0.0,0.0,0.0,0.0,980765.316667
1796479,IT,WL,RETA1,DAIRY,0.61,58844.126,4,4,58844.122,0.0,0.0,0.0,0.004,96465.780328
1774217,IT,CH,RETA1,PREC1,0.61,58842.597,4,4,58842.593,0.0,0.0,0.0,0.004,96463.27377
1661217,IT,DK,WHEAT,BUSIN,0.04,58842.422,3,3,58842.422,0.0,0.0,0.0,0.0,1471060.55
1801300,IT,WE,MACHI,PROCE,0.33,58841.223,4,4,58841.218,0.0,0.0,0.0,0.005,178306.736364
1755703,IT,KR,RUBBE,RESEA,0.19,58840.186,4,4,58840.181,0.0,0.0,0.0,0.005,309685.189474
1805432,IT,WF,GLASS,COPPE,0.16,58837.208,4,4,58837.205,0.0,0.0,0.0,0.003,367732.55
1790982,IT,WA,MOTO1,CHEM1,0.31,58836.833,4,4,58836.829,0.0,0.0,0.0,0.004,189796.235484
1722921,IT,PT,GASDI,VEGET,0.09,58835.021,4,4,58835.016,0.0,0.0,0.0,0.005,653722.455556
1666253,IT,ES,HEAVY,DIST1,0.1,58833.427,4,4,58833.422,0.0,0.0,0.0,0.005,588334.27
1730744,IT,SE,BUSIN,PRECI,0.6,58832.8,4,4,58832.796,0.0,0.0,0.0,0.004,98054.666667
1773759,IT,CH,ELEC2,BEVER,0.01,58829.602,4,4,58829.596,0.0,0.0,0.0,0.006,5882960.2
1682925,IT,HR,NAPHT,REALE,0.1,58828.089,4,4,58828.085,0.0,0.0,0.0,0.004,588280.89
1741412,IT,US,MOTOR,PLANT,0.09,58825.176,4,4,58825.171,0.0,0.0,0.0,0.005,653613.066667
1649848,IT,BG,ALUM1,LANDT,0.1,58823.266,4,4,58823.261,0.0,0.0,0.0,0.005,588232.66
1737558,IT,GB,PULP5,BRICK,0.18,58822.913,4,4,58822.907,0.0,0.0,0.0,0.006,326793.961111
1805491,IT,WF,CERAM,NATUR,0.09,58821.203,4,4,58821.2,0.0,0.0,0.0,0.003,653568.922222
1676199,IT,FR,CONST,COLLE,0.33,58820.516,4,4,58820.513,0.0,0.0,0.0,0.003,178243.987879
1774103,IT,CH,WHOLE,CERAM,0.51,58818.532,4,4,58818.529,0.0,0.0,0.0,0.003,115330.454902
1812102,IT,WM,CERAM,RESEA,0.09,58811.203,4,4,58811.2,0.0,0.0,0.0,0.003,653457.811111
1760826,IT,IN,MOTOR,HEAVY,0.09,58796.128,4,4,58796.123,0.0,0.0,0.0,0.005,653290.311111
1749887,IT,CN,RUBBE,FINAN,0.19,58795.396,4,4,58795.391,0.0,0.0,0.0,0.005,309449.452632
1727348,IT,RO,POSTT,AIRTR,0.97,58795.256,4,4,58795.252,0.0,0.0,0.0,0.004,60613.665979
1747372,IT,JP,RETA1,HOTEL,0.61,58795.037,4,4,58795.033,0.0,0.0,0.0,0.004,96385.306557
1688184,IT,HU,BUSIN,COMPU,0.6,58792.807,4,4,58792.803,0.0,0.0,0.0,0.004,97988.011667
1671194,IT,FI,NONME,PAPER,0.12,58791.264,4,4,58791.258,0.0,0.0,0.0,0.006,489927.2
1758207,IT,BR,BASIC,BEVER,0.07,58788.391,4,4,58788.387,0.0,0.0,0.0,0.004,839834.157143
1747176,IT,JP,CONST,ELEC2,0.33,58788.155,4,4,58788.152,0.0,0.0,0.0,0.003,178145.924242
1769173,IT,AU,CHEM1,MOTO1,0.12,58787.806,4,4,58787.8,0.0,0.0,0.0,0.006,489898.383333
1776709,IT,TR,HEAVY,REALE,0.09,58778.546,4,4,58778.541,0.0,0.0,0.0,0.005,653094.955556
1673723,IT,FR,PAPER,ADDIT,0.23,58768.156,4,4,58768.15,0.0,0.0,0.0,0.006,255513.721739
1812150,IT,WM,CEMEN,LIQUE,0.09,58765.811,4,4,58765.808,0.0,0.0,0.0,0.003,652953.455556
1640404,IT,AT,MEAT4,HOTEL,0.32,58765.596,4,4,58765.592,0.0,0.0,0.0,0.004,183642.4875
1686016,IT,HU,BIODI,DISTR,0.12,58757.222,4,4,58757.216,0.0,0.0,0.0,0.006,489643.516667
1721072,IT,PL,HOTEL,SALEM,0.43,58755.009,4,4,58755.005,0.0,0.0,0.0,0.004,136639.555814
1777382,IT,TR,CERAM,CEMEN,0.09,58755.003,4,4,58755.0,0.0,0.0,0.0,0.003,652833.366667
1781055,IT,TW,PUBLI,TOBAC,0.96,58753.721,4,4,58753.717,0.0,0.0,0.0,0.004,61201.792708
1785986,IT,ZA,RUBBE,COMPU,0.19,58750.687,4,4,58750.682,0.0,0.0,0.0,0.005,309214.142105
1680602,IT,GR,CONST,FOOD5,0.33,58749.469,4,4,58749.466,0.0,0.0,0.0,0.003,178028.693939
1784220,IT,ID,PLAST,WOODW,0.12,58746.741,4,4,58746.735,0.0,0.0,0.0,0.006,489556.175
1758133,IT,BR,BRICK,MEAT4,0.09,58744.863,4,4,58744.859,0.0,0.0,0.0,0.004,652720.7
1803270,IT,WF,FORES,PRECI,0.51,58734.837,5,5,58711.835,0.0,23.0,0.0,0.002,115166.347059
1715192,IT,NL,WOODW,PLAST,0.16,58733.076,4,4,58733.072,0.0,0.0,0.0,0.004,367081.725
1689836,IT,IE,INSUR,LANDT,1.21,58726.515,4,4,58726.512,0.0,0.0,0.0,0.003,48534.309917
1738090,IT,GB,RUBBE,POSTT,0.19,58724.628,4,4,58724.623,0.0,0.0,0.0,0.005,309076.989474
1645326,IT,BE,GASDI,GASDI,0.09,58723.32,4,4,58723.315,0.0,0.0,0.0,0.005,652481.333333
1802137,IT,WE,RETA1,HEALT,0.61,58720.257,4,4,58720.253,0.0,0.0,0.0,0.004,96262.716393
1652509,IT,CZ,WEARI,TRAN1,0.44,58718.335,4,4,58718.324,0.0,0.0,0.0,0.011,133450.761364
1645757,IT,BE,RUBBE,CERAM,0.19,58716.712,4,4,58716.707,0.0,0.0,0.0,0.005,309035.326316
1641067,IT,AT,PAPER,TOBAC,0.23,58716.511,4,4,58716.505,0.0,0.0,0.0,0.006,255289.178261
1656574,IT,DE,PRINT,PAPER,0.56,58715.212,4,4,58715.208,0.0,0.0,0.0,0.004,104848.592857
1641729,IT,AT,PLAST,HEALT,0.12,58714.79,4,4,58714.784,0.0,0.0,0.0,0.006,489289.916667
1670223,IT,ES,RECRE,BUSIN,0.75,58710.487,4,4,58710.483,0.0,0.0,0.0,0.004,78280.649333
1743177,IT,US,MOTO1,PAPE3,0.31,58708.895,4,4,58708.891,0.0,0.0,0.0,0.004,189383.532258
1680385,IT,GR,ELEC2,SECO9,0.01,58707.774,4,4,58707.768,0.0,0.0,0.0,0.006,5870777.4
1782246,IT,NO,ALUM1,WOODW,0.1,58705.504,4,4,58705.499,0.0,0.0,0.0,0.005,587055.04
1765250,IT,RU,MEAT4,FOOD5,0.32,58696.92,4,4,58696.916,0.0,0.0,0.0,0.004,183427.875
1672572,IT,FR,CROPS,POULT,0.46,58696.7,4,4,58696.697,0.0,0.0,0.0,0.003,127601.521739
1788419,IT,WA,PULP5,SUGAR,0.18,58695.938,4,4,58695.932,0.0,0.0,0.0,0.006,326088.544444
1683221,IT,HR,CERAM,MEAT1,0.09,58695.366,4,4,58695.363,0.0,0.0,0.0,0.003,652170.733333
1712667,IT,LV,CONST,ELEC2,0.33,58694.12,4,4,58694.117,0.0,0.0,0.0,0.003,177860.969697
1805194,IT,WF,CHEM1,FISH5,0.12,58691.145,4,4,58691.139,0.0,0.0,0.0,0.006,489092.875
1642387,IT,AT,BASIC,WASTE,0.07,58689.55,4,4,58689.546,0.0,0.0,0.0,0.004,838422.142857
1680949,IT,GR,SEACO,CONST,0.06,58684.581,3,3,58684.581,0.0,0.0,0.0,0.0,978076.35
1717032,IT,NL,LANDT,COPP1,0.38,58677.355,4,4,58677.352,0.0,0.0,0.0,0.003,154414.092105
1790525,IT,WA,NONF1,FORES,0.01,58673.702,3,3,58673.702,0.0,0.0,0.0,0.0,5867370.2
1794694,IT,WL,NAPHT,ELECT,0.1,58672.665,4,4,58672.661,0.0,0.0,0.0,0.004,586726.65
1802952,IT,WF,WHEAT,LEADZ,0.04,58671.08,3,3,58671.08,0.0,0.0,0.0,0.0,1466777.0
1683479,IT,HR,PREC1,MOTO1,0.1,58666.766,4,4,58666.763,0.0,0.0,0.0,0.003,586667.66
1716070,IT,NL,BASIC,PRINT,0.07,58665.114,4,4,58665.11,0.0,0.0,0.0,0.004,838073.057143
1779639,IT,TR,RESEA,BEVER,0.32,58658.162,4,4,58658.158,0.0,0.0,0.0,0.004,183306.75625
1750491,IT,CN,MACHI,BIOGA,0.33,58655.631,4,4,58655.626,0.0,0.0,0.0,0.005,177744.336364
1662695,IT,DK,MACHI,AIRTR,0.33,58653.999,4,4,58653.994,0.0,0.0,0.0,0.005,177739.390909
1685963,IT,HU,BIOGA,GASDI,0.12,58653.72,4,4,58653.714,0.0,0.0,0.0,0.006,488781.0
1731580,IT,SI,TEXTI,LANDT,0.35,58651.768,4,4,58651.76,0.0,0.0,0.0,0.008,167576.48
1681683,IT,HR,OILSE,CHEM1,0.04,58649.561,4,4,58649.558,0.0,0.0,0.0,0.003,1466239.025
1683192,IT,HR,GLASS,FURNI,0.16,58648.19,4,4,58648.187,0.0,0.0,0.0,0.003,366551.1875
1680410,IT,GR,ELEC2,SEWAG,0.01,58646.097,4,4,58646.091,0.0,0.0,0.0,0.006,5864609.7
1777659,IT,TR,LEAD1,FABRI,0.1,58643.614,4,4,58643.609,0.0,0.0,0.0,0.005,586436.14
1648162,IT,BE,BUSIN,FISH5,0.6,58642.115,4,4,58642.111,0.0,0.0,0.0,0.004,97736.858333
1741598,IT,US,GASDI,INLAN,0.09,58641.74,4,4,58641.735,0.0,0.0,0.0,0.005,651574.888889
1802402,IT,WE,AIRTR,CRUDE,0.06,58641.346,4,4,58641.344,0.0,0.0,0.0,0.002,977355.766667
1736044,IT,SK,FURNI,PRINT,0.19,58641.177,4,4,58641.172,0.0,0.0,0.0,0.005,308637.773684
1675930,IT,FR,ELEC2,FOOD2,0.01,58640.899,4,4,58640.893,0.0,0.0,0.0,0.006,5864089.9
1712377,IT,LV,GLASS,FABRI,0.16,58639.388,4,4,58639.385,0.0,0.0,0.0,0.003,366496.175
1796045,IT,WL,TRANS,FORES,0.35,58639.197,4,4,58639.194,0.0,0.0,0.0,0.003,167540.562857
1715673,IT,NL,NONSP,REFI1,0.08,58636.13,4,4,58636.127,0.0,0.0,0.0,0.003,732951.625
1761029,IT,IN,PLAST,MOTOR,0.12,58635.541,4,4,58635.535,0.0,0.0,0.0,0.006,488629.508333
1674785,IT,FR,CERAM,PAPE4,0.09,58634.245,4,4,58634.242,0.0,0.0,0.0,0.003,651491.611111
1751591,IT,CN,POSTT,ELEC1,0.97,58629.821,4,4,58629.817,0.0,0.0,0.0,0.004,60443.114433
1779615,IT,TR,COMPU,EDUCA,0.67,58628.1,4,4,58628.096,0.0,0.0,0.0,0.004,87504.626866
1772504,IT,CH,RUBBE,CHEMI,0.19,58622.948,4,4,58622.943,0.0,0.0,0.0,0.005,308541.831579
1689045,IT,IE,MOTO1,WHOLE,0.31,58620.942,4,4,58620.938,0.0,0.0,0.0,0.004,189099.812903
1783356,IT,NO,PLAS1,PLAST,0.21,58619.054,4,4,58619.05,0.0,0.0,0.0,0.004,279138.352381
1729405,IT,SE,BASIC,DISTR,0.07,58617.249,4,4,58617.245,0.0,0.0,0.0,0.004,837389.271429
1655863,IT,DE,DAIRY,MEATA,0.24,58612.019,4,4,58612.015,0.0,0.0,0.0,0.004,244216.745833
1759675,IT,BR,RESEA,BUSIN,0.32,58609.695,4,4,58609.691,0.0,0.0,0.0,0.004,183155.296875
1796604,IT,WL,HOTEL,MOTOR,0.42,58609.027,4,4,58609.023,0.0,0.0,0.0,0.004,139545.302381
1714929,IT,NL,BEVER,COMPU,0.25,58604.819,4,4,58604.815,0.0,0.0,0.0,0.004,234419.276
1718652,IT,PL,WOODW,FORES,0.16,58604.57,4,4,58604.566,0.0,0.0,0.0,0.004,366278.5625
1776487,IT,TR,MOTOR,TRAN1,0.09,58603.789,4,4,58603.784,0.0,0.0,0.0,0.005,651153.211111
1738019,IT,GB,RUBBE,VEGET,0.19,58601.034,4,4,58601.029,0.0,0.0,0.0,0.005,308426.494737
1649098,IT,BG,PAPER,GLASS,0.23,58595.595,4,4,58595.589,0.0,0.0,0.0,0.006,254763.456522
1788033,IT,WA,TEXTI,CEMEN,0.35,58595.178,4,4,58595.17,0.0,0.0,0.0,0.008,167414.794286
1661868,IT,DK,PAPER,SALEM,0.23,58590.814,4,4,58590.808,0.0,0.0,0.0,0.006,254742.669565
1790078,IT,WA,BASIC,SANDC,0.07,58590.351,4,4,58590.347,0.0,0.0,0.0,0.004,837005.014286
1744738,IT,US,RESEA,MEATP,0.32,58587.954,4,4,58587.95,0.0,0.0,0.0,0.004,183087.35625
1687555,IT,HU,LANDT,DISTR,0.38,58586.557,4,4,58586.554,0.0,0.0,0.0,0.003,154175.15
1737666,IT,GB,PRINT,CHEM1,0.56,58585.187,4,4,58585.183,0.0,0.0,0.0,0.004,104616.405357
1680417,IT,GR,ELEC2,INERT,0.01,58585.114,4,4,58585.108,0.0,0.0,0.0,0.006,5858511.4
1749595,IT,CN,PFERT,FISHF,0.03,58584.131,4,4,58584.122,0.0,0.0,0.0,0.009,1952804.366667
1772110,IT,CH,MOTOR,PAPER,0.09,58577.981,4,4,58577.976,0.0,0.0,0.0,0.005,650866.455556
1680408,IT,GR,ELEC2,INTER,0.01,58577.881,4,4,58577.875,0.0,0.0,0.0,0.006,5857788.1
1680409,IT,GR,ELEC2,OILHA,0.01,58577.309,4,4,58577.303,0.0,0.0,0.0,0.006,5857730.9
1733394,IT,SI,ELEC2,WOODW,0.01,58576.582,4,4,58576.576,0.0,0.0,0.0,0.006,5857658.2
1813517,IT,WM,RETAI,EDUCA,0.46,58575.752,4,4,58575.748,0.0,0.0,0.0,0.004,127338.591304
1661758,IT,DK,LEATH,MACHI,0.42,58574.836,4,4,58574.826,0.0,0.0,0.0,0.01,139463.895238
1741049,IT,US,TEXTI,PRINT,0.35,58571.914,4,4,58571.906,0.0,0.0,0.0,0.008,167348.325714
1680411,IT,GR,ELEC2,FOOD2,0.01,58570.713,4,4,58570.707,0.0,0.0,0.0,0.006,5857071.3
1759300,IT,BR,POSTT,LANDT,0.96,58568.04,4,4,58568.036,0.0,0.0,0.0,0.004,61008.375
1680419,IT,GR,ELEC2,WOOD2,0.01,58564.742,4,4,58564.736,0.0,0.0,0.0,0.006,5856474.2
1680416,IT,GR,ELEC2,PLAS2,0.01,58562.607,4,4,58562.601,0.0,0.0,0.0,0.006,5856260.7
1680418,IT,GR,ELEC2,TEXT2,0.01,58562.31,4,4,58562.304,0.0,0.0,0.0,0.006,5856231.0
1787708,IT,WA,VEGE1,GASDI,0.18,58560.777,4,4,58560.764,0.0,0.0,0.0,0.013,325337.65
1683304,IT,HR,CEMEN,REALE,0.09,58556.488,4,4,58556.485,0.0,0.0,0.0,0.003,650627.644444
1673907,IT,FR,MOTOR,RAWMI,0.09,58555.344,4,4,58555.339,0.0,0.0,0.0,0.005,650614.933333
1683340,IT,HR,NONME,MACHI,0.12,58554.492,4,4,58554.486,0.0,0.0,0.0,0.006,487954.1
1775327,IT,CH,BUSIN,AUXIL,0.6,58552.574,4,4,58552.57,0.0,0.0,0.0,0.004,97587.623333
1680228,IT,GR,TRANS,FABRI,0.35,58548.781,4,4,58548.778,0.0,0.0,0.0,0.003,167282.231429
1796256,IT,WL,CONST,FISH5,0.33,58546.127,4,4,58546.124,0.0,0.0,0.0,0.003,177412.506061
1770479,IT,AU,AIRTR,PLAST,0.06,58545.767,4,4,58545.765,0.0,0.0,0.0,0.002,975762.783333
1679880,IT,GR,COPP1,BASIC,0.15,58535.416,4,4,58535.413,0.0,0.0,0.0,0.003,390236.106667
1799067,IT,WE,TEXTI,AUXIL,0.35,58533.142,4,4,58533.134,0.0,0.0,0.0,0.008,167237.548571
1656116,IT,DE,FISH5,MEAT4,0.25,58532.885,4,4,58532.855,0.0,0.0,0.0,0.03,234131.54
1682370,IT,HR,WOODW,BUSIN,0.16,58530.912,4,4,58530.908,0.0,0.0,0.0,0.004,365818.2
1758090,IT,BR,GLASS,RUBBE,0.16,58530.601,4,4,58530.598,0.0,0.0,0.0,0.003,365816.25625
1676142,IT,FR,CONST,VEGET,0.33,58530.585,4,4,58530.582,0.0,0.0,0.0,0.003,177365.409091
1654677,IT,CZ,LANDT,FURNI,0.38,58524.458,4,4,58524.455,0.0,0.0,0.0,0.003,154011.731579
1769791,IT,AU,MACHI,ELEC4,0.33,58524.281,4,4,58524.276,0.0,0.0,0.0,0.005,177346.306061
1732955,IT,SI,ALUM1,SECO9,0.1,58524.21,4,4,58524.205,0.0,0.0,0.0,0.005,585242.1
1644375,IT,BE,CHEMI,RESEA,0.14,58522.245,5,5,58519.239,0.0,0.0,3.0,0.006,418016.035714
1754369,IT,CA,INSUR,BUSIN,1.21,58519.939,4,4,58519.936,0.0,0.0,0.0,0.003,48363.58595
1662033,IT,DK,PLAST,HEALT,0.12,58518.763,4,4,58518.757,0.0,0.0,0.0,0.006,487656.358333
1745636,IT,JP,TEXTI,PLAST,0.35,58516.158,4,4,58516.15,0.0,0.0,0.0,0.008,167189.022857
1755696,IT,KR,RUBBE,POSTT,0.19,58515.821,4,4,58515.816,0.0,0.0,0.0,0.005,307978.005263
1653904,IT,CZ,FABRI,RAILW,0.24,58505.09,4,4,58505.086,0.0,0.0,0.0,0.004,243771.208333
1811190,IT,WM,NAPHT,SALEM,0.1,58501.957,4,4,58501.953,0.0,0.0,0.0,0.004,585019.57
1738954,IT,GB,FURNI,93197,0.19,58501.754,4,4,58501.749,0.0,0.0,0.0,0.005,307903.968421
1767582,IT,RU,SUPPO,CRUDE,0.42,58500.252,4,4,58500.249,0.0,0.0,0.0,0.003,139286.314286
1713751,IT,MT,OFFIC,CONST,0.18,58499.536,4,4,58499.532,0.0,0.0,0.0,0.004,324997.422222
1814362,IT,WM,FINAN,BUSIN,0.76,58498.794,4,4,58498.792,0.0,0.0,0.0,0.002,76972.097368
1814113,IT,WM,AIRTR,LEAD1,0.06,58498.631,4,4,58498.629,0.0,0.0,0.0,0.002,974977.183333
1772175,IT,CH,GASDI,DAIRY,0.09,58497.627,4,4,58497.622,0.0,0.0,0.0,0.005,649973.633333
1675459,IT,FR,MACHI,TEXT2,0.33,58496.025,4,4,58496.02,0.0,0.0,0.0,0.005,177260.681818
1676862,IT,FR,LANDT,OILHA,0.38,58495.993,4,4,58495.99,0.0,0.0,0.0,0.003,153936.823684
1659764,IT,DE,LANDT,PIGS9,0.38,58495.146,4,4,58495.143,0.0,0.0,0.0,0.003,153934.594737
1662217,IT,DK,GLASS,CHEM1,0.16,58488.651,4,4,58488.648,0.0,0.0,0.0,0.003,365554.06875
1657671,IT,DE,CERAM,COLLE,0.09,58488.143,4,4,58488.14,0.0,0.0,0.0,0.003,649868.255556
1661801,IT,DK,WOODW,CHEM1,0.16,58480.706,4,4,58480.702,0.0,0.0,0.0,0.004,365504.4125
1679608,IT,GR,RUBBE,RENTI,0.19,58479.674,4,4,58479.669,0.0,0.0,0.0,0.005,307787.757895
1767533,IT,RU,AIRTR,PFERT,0.06,58478.816,4,4,58478.814,0.0,0.0,0.0,0.002,974646.933333
1727187,IT,RO,TRAN2,WHITE,0.09,58475.464,4,4,58475.462,0.0,0.0,0.0,0.002,649727.377778
1746951,IT,JP,MOTO1,ELEC4,0.31,58472.771,4,4,58472.767,0.0,0.0,0.0,0.004,188621.841935
1640592,IT,AT,FOOD5,93197,0.28,58471.062,4,4,58471.057,0.0,0.0,0.0,0.005,208825.221429
1732712,IT,SI,BRICK,COPP1,0.09,58469.446,4,4,58469.442,0.0,0.0,0.0,0.004,649660.511111
1724632,IT,PT,FINAN,AUXIL,0.76,58468.682,4,4,58468.68,0.0,0.0,0.0,0.002,76932.476316
1658397,IT,DE,FABRI,MEAT1,0.24,58463.951,4,4,58463.947,0.0,0.0,0.0,0.004,243599.795833
1796967,IT,WL,AIRTR,RUBBE,0.06,58463.372,4,4,58463.37,0.0,0.0,0.0,0.002,974389.533333
1738275,IT,GB,NONME,MACHI,0.12,58462.243,4,4,58462.237,0.0,0.0,0.0,0.006,487185.358333
1735673,IT,SK,FABRI,TOBAC,0.24,58461.668,4,4,58461.664,0.0,0.0,0.0,0.004,243590.283333
1655675,IT,DE,CHEMI,CERAM,0.14,58459.136,5,5,58456.131,0.0,0.0,3.0,0.005,417565.257143
1649448,IT,BG,CHEM1,STEAM,0.12,58455.905,4,4,58455.899,0.0,0.0,0.0,0.006,487132.541667
1721401,IT,PL,SEACO,SALEM,0.06,58454.938,3,3,58454.938,0.0,0.0,0.0,0.0,974248.966667
1804501,IT,WF,GASDI,BRICK,0.09,58454.887,4,4,58454.882,0.0,0.0,0.0,0.005,649498.744444
1787412,IT,WA,FISHF,NONF1,0.1,58451.814,4,4,58451.812,0.0,0.0,0.0,0.002,584518.14
1660425,IT,DE,FINAN,EDUCA,0.76,58450.885,4,4,58450.883,0.0,0.0,0.0,0.002,76909.059211
1724271,IT,PT,LANDT,PLAST,0.38,58447.013,4,4,58447.01,0.0,0.0,0.0,0.003,153807.928947
1731649,IT,SI,WOODW,FORES,0.16,58446.842,4,4,58446.838,0.0,0.0,0.0,0.004,365292.7625
1775557,IT,CH,INERT,POULT,0.43,58444.605,4,4,58444.601,0.0,0.0,0.0,0.004,135917.686047
1783628,IT,NO,FOOD3,NONF1,0.17,58441.895,4,4,58441.892,0.0,0.0,0.0,0.003,343775.852941
1809013,IT,WM,VEGET,CHARC,0.21,58440.859,4,4,58440.857,0.0,0.0,0.0,0.002,278289.804762
1654007,IT,CZ,MACHI,NONF1,0.33,58440.544,4,4,58440.539,0.0,0.0,0.0,0.005,177092.557576
1671025,IT,FI,RUBBE,MEAT4,0.19,58440.401,4,4,58440.396,0.0,0.0,0.0,0.005,307581.057895
1774721,IT,CH,SUPPO,MACHI,0.42,58440.141,4,4,58440.138,0.0,0.0,0.0,0.003,139143.192857
1714582,IT,NL,STONE,CONST,0.19,58437.613,5,5,58434.61,0.0,0.0,3.0,0.003,307566.384211
1659953,IT,DE,TRAN2,93197,0.09,58435.735,4,4,58435.733,0.0,0.0,0.0,0.002,649285.944444
1790477,IT,WA,COPP1,GASDI,0.15,58433.694,4,4,58433.691,0.0,0.0,0.0,0.003,389557.96
1678720,IT,GR,DAIRY,SEACO,0.24,58432.197,4,4,58432.193,0.0,0.0,0.0,0.004,243467.4875
1811509,IT,WM,NFERT,PADDY,0.01,58428.195,4,4,58428.19,0.0,0.0,0.0,0.005,5842819.5
1686664,IT,HU,LEAD1,FOOD3,0.1,58427.669,4,4,58427.664,0.0,0.0,0.0,0.005,584276.69
1781908,IT,NO,CHEM1,COPP1,0.12,58420.056,4,4,58420.05,0.0,0.0,0.0,0.006,486833.8
1641197,IT,AT,PRINT,RETA1,0.56,58417.593,4,4,58417.589,0.0,0.0,0.0,0.004,104317.130357
1796432,IT,WL,WHOLE,LANDT,0.5,58410.528,4,4,58410.525,0.0,0.0,0.0,0.003,116821.056
1784414,IT,ID,NONME,GLASS,0.12,58403.208,4,4,58403.202,0.0,0.0,0.0,0.006,486693.4
1683735,IT,HR,MACHI,BASIC,0.33,58399.5,4,4,58399.495,0.0,0.0,0.0,0.005,176968.181818
1808402,IT,WF,WASTE,POSTT,0.19,58398.655,4,4,58398.652,0.0,0.0,0.0,0.003,307361.342105
1805939,IT,WF,LEAD1,DISTR,0.1,58397.47,4,4,58397.465,0.0,0.0,0.0,0.005,583974.7
1764840,IT,MX,SEACO,ELEC2,0.06,58391.959,3,3,58391.959,0.0,0.0,0.0,0.0,973199.316667
1727091,IT,RO,LANDT,FORES,0.38,58390.235,4,4,58390.232,0.0,0.0,0.0,0.003,153658.513158
1679211,IT,GR,MOTOR,LUBRI,0.09,58389.651,4,4,58389.646,0.0,0.0,0.0,0.005,648773.9
1684048,IT,HR,HOTEL,PLAST,0.42,58386.397,4,4,58386.393,0.0,0.0,0.0,0.004,139015.230952
1654711,IT,CZ,LANDT,RESEA,0.38,58381.78,4,4,58381.777,0.0,0.0,0.0,0.003,153636.263158
1790131,IT,WA,BASIC,MACHI,0.07,58377.085,4,4,58377.081,0.0,0.0,0.0,0.004,833958.357143
1653667,IT,CZ,ALUM1,SALEM,0.1,58376.881,4,4,58376.876,0.0,0.0,0.0,0.005,583768.81
1784075,IT,ID,LEATH,WEARI,0.42,58375.578,4,4,58375.568,0.0,0.0,0.0,0.01,138989.471429
1763132,IT,MX,WEARI,93197,0.44,58370.341,4,4,58370.33,0.0,0.0,0.0,0.011,132659.865909
1714258,IT,MT,COMPU,FINAN,0.67,58368.784,4,4,58368.78,0.0,0.0,0.0,0.004,87117.58806
1744054,IT,US,AIRTR,PLAS1,0.06,58368.344,4,4,58368.342,0.0,0.0,0.0,0.002,972805.733333
1732903,IT,SI,PREC1,MACHI,0.1,58363.564,4,4,58363.561,0.0,0.0,0.0,0.003,583635.64
1742066,IT,US,RUBBE,TOBAC,0.19,58361.21,4,4,58361.205,0.0,0.0,0.0,0.005,307164.263158
1795064,IT,WL,ADDIT,REALE,0.14,58361.146,4,4,58361.141,0.0,0.0,0.0,0.005,416865.328571
1766316,IT,RU,NONME,CHEM1,0.12,58359.953,4,4,58359.947,0.0,0.0,0.0,0.006,486332.941667
1798778,IT,WE,FOOD5,TEXTI,0.28,58358.953,4,4,58358.948,0.0,0.0,0.0,0.005,208424.832143
1771932,IT,CH,PAPER,PFERT,0.23,58355.365,4,4,58355.359,0.0,0.0,0.0,0.006,253718.978261
1805639,IT,WF,NONME,CHARC,0.12,58355.165,4,4,58355.159,0.0,0.0,0.0,0.006,486293.041667
1744920,IT,US,BUSIN,ALUM1,0.6,58355.156,4,4,58355.152,0.0,0.0,0.0,0.004,97258.593333
1723223,IT,PT,RUBBE,COMPU,0.19,58354.565,4,4,58354.56,0.0,0.0,0.0,0.005,307129.289474
1745334,IT,JP,VEGE1,PAPER,0.18,58354.361,4,4,58354.348,0.0,0.0,0.0,0.013,324190.894444
1680627,IT,GR,SALEM,LANDT,0.47,58352.867,4,4,58352.863,0.0,0.0,0.0,0.004,124155.03617
1752997,IT,CA,CHEM1,HEAVY,0.12,58349.997,4,4,58349.991,0.0,0.0,0.0,0.006,486249.975
1771654,IT,CH,WEARI,NONME,0.44,58348.974,4,4,58348.963,0.0,0.0,0.0,0.011,132611.304545
1735627,IT,SK,COPP1,ELEC3,0.15,58347.211,4,4,58347.208,0.0,0.0,0.0,0.003,388981.406667
1686669,IT,HU,LEAD1,INERT,0.1,58342.483,4,4,58342.478,0.0,0.0,0.0,0.005,583424.83
1764185,IT,MX,MACHI,NATU1,0.33,58338.851,4,4,58338.846,0.0,0.0,0.0,0.005,176784.39697
1801003,IT,WE,ALUM1,HEALT,0.1,58335.81,4,4,58335.805,0.0,0.0,0.0,0.005,583358.1
1776321,IT,TR,PAPER,RADIO,0.23,58335.698,4,4,58335.692,0.0,0.0,0.0,0.006,253633.469565
1757116,IT,BR,VEGET,CHARC,0.21,58335.626,4,4,58335.624,0.0,0.0,0.0,0.002,277788.695238
1671122,IT,FI,GLASS,RUBBE,0.16,58333.324,4,4,58333.321,0.0,0.0,0.0,0.003,364583.275
1668443,IT,ES,RETA1,FINAN,0.61,58329.368,4,4,58329.364,0.0,0.0,0.0,0.004,95621.914754
1757635,IT,BR,HEAVY,POULT,0.09,58322.081,4,4,58322.076,0.0,0.0,0.0,0.005,648023.122222
1661394,IT,DK,VEGE1,MEATC,0.18,58321.808,4,4,58321.795,0.0,0.0,0.0,0.013,324010.044444
1678664,IT,GR,MEAT4,VEGE1,0.32,58315.444,4,4,58315.44,0.0,0.0,0.0,0.004,182235.7625
1789303,IT,WA,PFERT,FURNI,0.03,58314.073,4,4,58314.064,0.0,0.0,0.0,0.009,1943802.433333
1738214,IT,GB,BRICK,PLAST,0.09,58313.696,4,4,58313.692,0.0,0.0,0.0,0.004,647929.955556
1659515,IT,DE,RETA1,TRAN1,0.61,58312.642,4,4,58312.638,0.0,0.0,0.0,0.004,95594.495082
1645043,IT,BE,PAPER,TOBAC,0.23,58308.943,4,4,58308.937,0.0,0.0,0.0,0.006,253517.143478
1683521,IT,HR,ALUM1,CHEM1,0.1,58308.488,4,4,58308.483,0.0,0.0,0.0,0.005,583084.88
1753061,IT,CA,ADDIT,GASDI,0.14,58307.112,4,4,58307.107,0.0,0.0,0.0,0.005,416479.371429
1781542,IT,NO,TEXTI,RETA1,0.35,58304.054,4,4,58304.046,0.0,0.0,0.0,0.008,166583.011429
1689804,IT,IE,INSUR,CHEM1,1.2,58302.122,4,4,58302.119,0.0,0.0,0.0,0.003,48585.101667
1640229,IT,AT,FORES,STEAM,0.51,58300.228,5,5,58278.226,0.0,22.0,0.0,0.002,114314.172549
1809653,IT,WM,DAIRY,SUPPO,0.24,58292.243,4,4,58292.239,0.0,0.0,0.0,0.004,242884.345833
1763128,IT,MX,WEARI,EDUCA,0.44,58284.527,4,4,58284.516,0.0,0.0,0.0,0.011,132464.834091
1666697,IT,ES,RUBBE,WHEAT,0.19,58279.38,4,4,58279.375,0.0,0.0,0.0,0.005,306733.578947
1764345,IT,MX,OFFIC,PUBLI,0.18,58276.362,4,4,58276.358,0.0,0.0,0.0,0.004,323757.566667
1675203,IT,FR,FABRI,CROPS,0.24,58276.254,4,4,58276.25,0.0,0.0,0.0,0.004,242817.725
1735727,IT,SK,FABRI,TRAN2,0.24,58272.636,4,4,58272.632,0.0,0.0,0.0,0.004,242802.65
1685308,IT,HU,WEARI,LEATH,0.44,58271.64,4,4,58271.629,0.0,0.0,0.0,0.011,132435.545455
1787113,IT,ZA,BUSIN,WHOLE,0.6,58269.606,4,4,58269.602,0.0,0.0,0.0,0.004,97116.01
1648239,IT,BE,BUSIN,INLAN,0.6,58267.902,4,4,58267.898,0.0,0.0,0.0,0.004,97113.17
1656759,IT,DE,KEROS,NAPHT,0.09,58262.155,4,4,58262.15,0.0,0.0,0.0,0.005,647357.277778
1718773,IT,PL,PAPER,STONE,0.23,58260.85,4,4,58260.844,0.0,0.0,0.0,0.006,253308.043478
1809790,IT,WM,FOOD5,NFERT,0.28,58256.419,4,4,58256.414,0.0,0.0,0.0,0.005,208058.639286
1758346,IT,BR,NONF1,TRANS,0.01,58255.167,3,3,58255.167,0.0,0.0,0.0,0.0,5825516.7
1777758,IT,TR,NONF1,BUSIN,0.01,58254.94,3,3,58254.94,0.0,0.0,0.0,0.0,5825494.0
1806116,IT,WF,FABRI,PULP5,0.24,58250.778,4,4,58250.774,0.0,0.0,0.0,0.004,242711.575
1684995,IT,HU,VEGE1,PLAST,0.18,58247.343,4,4,58247.33,0.0,0.0,0.0,0.013,323596.35
1777166,IT,TR,BIODI,NONF1,0.12,58247.191,4,4,58247.185,0.0,0.0,0.0,0.006,485393.258333
1663627,IT,DK,BUSIN,RADIO,0.6,58246.941,4,4,58246.937,0.0,0.0,0.0,0.004,97078.235
1780356,IT,TW,AIRTR,GLASS,0.06,58245.336,4,4,58245.334,0.0,0.0,0.0,0.002,970755.6
1722675,IT,PT,WEARI,RECRE,0.44,58244.375,4,4,58244.364,0.0,0.0,0.0,0.011,132373.579545
1721198,IT,PL,LANDT,FORES,0.38,58242.27,4,4,58242.267,0.0,0.0,0.0,0.003,153269.131579
1811544,IT,WM,PFERT,FISHF,0.03,58241.417,4,4,58241.408,0.0,0.0,0.0,0.009,1941380.566667
1801905,IT,WE,CONST,POSTT,0.33,58241.19,4,4,58241.187,0.0,0.0,0.0,0.003,176488.454545
1733665,IT,SI,HOTEL,RESEA,0.42,58240.909,4,4,58240.905,0.0,0.0,0.0,0.004,138668.830952
1668339,IT,ES,WHOLE,PUBLI,0.5,58231.337,4,4,58231.334,0.0,0.0,0.0,0.003,116462.674
1752310,IT,CA,CHEMI,CEMEN,0.14,58229.644,5,5,58226.639,0.0,0.0,3.0,0.005,415926.028571
1783555,IT,NO,FOOD1,CONST,0.29,58229.27,4,4,58229.262,0.0,0.0,0.0,0.008,200790.586207
1682101,IT,HR,TEXTI,FOOD5,0.35,58224.533,4,4,58224.525,0.0,0.0,0.0,0.008,166355.808571
1754520,IT,CA,BUSIN,RADIO,0.6,58222.294,4,4,58222.29,0.0,0.0,0.0,0.004,97037.156667
1649684,IT,BG,CEMEN,TRANS,0.09,58221.979,4,4,58221.976,0.0,0.0,0.0,0.003,646910.877778
1740820,IT,US,VEGE1,BITU1,0.18,58219.67,4,4,58219.657,0.0,0.0,0.0,0.013,323442.611111
1722483,IT,PT,FOOD5,CROPS,0.28,58217.234,4,4,58217.229,0.0,0.0,0.0,0.005,207918.692857
1747131,IT,JP,CONST,PROCE,0.33,58217.223,4,4,58217.22,0.0,0.0,0.0,0.003,176415.827273
1806050,IT,WF,COPP1,BUSIN,0.15,58213.721,4,4,58213.718,0.0,0.0,0.0,0.003,388091.473333
1665397,IT,ES,TEXTI,NONME,0.34,58210.651,4,4,58210.643,0.0,0.0,0.0,0.008,171207.797059
1737932,IT,GB,CHEM1,NAPHT,0.12,58209.138,4,4,58209.132,0.0,0.0,0.0,0.006,485076.15
1776480,IT,TR,MOTOR,MACHI,0.09,58208.366,4,4,58208.361,0.0,0.0,0.0,0.005,646759.622222
1666939,IT,ES,CERAM,PLAST,0.09,58206.517,4,4,58206.514,0.0,0.0,0.0,0.003,646739.077778
1800501,IT,WE,RUBBE,MOTOR,0.19,58205.438,4,4,58205.433,0.0,0.0,0.0,0.005,306344.410526
1732258,IT,SI,LIQUE,MOTO1,0.1,58204.021,4,4,58204.016,0.0,0.0,0.0,0.005,582040.21
1673566,IT,FR,WOODW,SUGAR,0.16,58200.171,4,4,58200.167,0.0,0.0,0.0,0.004,363751.06875
1747291,IT,JP,WHOLE,FABRI,0.5,58197.65,4,4,58197.647,0.0,0.0,0.0,0.003,116395.3
1793585,IT,WL,VEGE1,MEATP,0.18,58196.424,4,4,58196.411,0.0,0.0,0.0,0.013,323313.466667
1779790,IT,TR,BUSIN,AIRTR,0.6,58192.609,4,4,58192.605,0.0,0.0,0.0,0.004,96987.681667
1735827,IT,SK,MACHI,SALEM,0.32,58192.173,4,4,58192.168,0.0,0.0,0.0,0.005,181850.540625
1718961,IT,PL,PRINT,REALE,0.56,58191.875,4,4,58191.871,0.0,0.0,0.0,0.004,103914.0625
1739455,IT,GB,LANDT,LIQUE,0.38,58188.575,4,4,58188.572,0.0,0.0,0.0,0.003,153127.828947
1793500,IT,WL,CHEMI,CEMEN,0.14,58185.922,5,5,58182.917,0.0,0.0,3.0,0.005,415613.728571
1738859,IT,GB,TRANS,FABRI,0.35,58185.526,4,4,58185.523,0.0,0.0,0.0,0.003,166244.36
1762228,IT,IN,SEACO,HEALT,0.06,58184.942,3,3,58184.942,0.0,0.0,0.0,0.0,969749.033333
1741501,IT,US,AVIAT,MOTOR,0.14,58181.245,4,4,58181.241,0.0,0.0,0.0,0.004,415580.321429
1796589,IT,WL,HOTEL,DAIRY,0.42,58180.856,4,4,58180.852,0.0,0.0,0.0,0.004,138525.847619
1814434,IT,WM,RENTI,NATUR,0.35,58176.748,4,4,58176.745,0.0,0.0,0.0,0.003,166219.28
1718582,IT,PL,LEATH,ANIMA,0.42,58168.263,4,4,58168.253,0.0,0.0,0.0,0.01,138495.864286
1735465,IT,SK,BASIC,COLLE,0.07,58161.206,4,4,58161.202,0.0,0.0,0.0,0.004,830874.371429
1715702,IT,NL,PLAST,WOODW,0.12,58156.491,4,4,58156.485,0.0,0.0,0.0,0.006,484637.425
1754860,IT,KR,BEVER,BUSIN,0.25,58155.375,4,4,58155.371,0.0,0.0,0.0,0.004,232621.5
1730802,IT,SE,BUSIN,TRAN1,0.6,58147.905,4,4,58147.901,0.0,0.0,0.0,0.004,96913.175
1741522,IT,US,KEROS,CONST,0.09,58147.155,4,4,58147.15,0.0,0.0,0.0,0.005,646079.5
1685847,IT,HU,CHEM1,SUGA1,0.12,58142.225,4,4,58142.219,0.0,0.0,0.0,0.006,484518.541667
1799352,IT,WE,WOODW,COMPU,0.16,58140.803,4,4,58140.799,0.0,0.0,0.0,0.004,363380.01875
1808944,IT,WM,CEREA,WHOLE,0.09,58131.117,4,4,58131.114,0.0,0.0,0.0,0.003,645901.3
1739641,IT,GB,AIRTR,NUCLE,0.06,58130.544,4,4,58130.542,0.0,0.0,0.0,0.002,968842.4
1773508,IT,CH,MOTO1,FOOD5,0.31,58129.389,4,4,58129.385,0.0,0.0,0.0,0.004,187514.158065
1746293,IT,JP,CHEM1,FINAN,0.12,58128.771,4,4,58128.765,0.0,0.0,0.0,0.006,484406.425
1681677,IT,HR,VEGET,BUSIN,0.21,58127.459,4,4,58127.457,0.0,0.0,0.0,0.002,276797.42381
1690119,IT,IE,COMPU,CHEM1,0.66,58124.729,4,4,58124.725,0.0,0.0,0.0,0.004,88067.771212
1724377,IT,PT,SEACO,REALE,0.06,58121.239,3,3,58121.239,0.0,0.0,0.0,0.0,968687.316667
1728573,IT,SE,PAPER,MACHI,0.23,58120.822,4,4,58120.816,0.0,0.0,0.0,0.006,252699.226087
1723139,IT,PT,CHEM1,WASTE,0.12,58120.306,4,4,58120.3,0.0,0.0,0.0,0.006,484335.883333
1723636,IT,PT,FABRI,PUBLI,0.24,58118.929,4,4,58118.925,0.0,0.0,0.0,0.004,242162.204167
1791229,IT,WA,FURNI,TRAN1,0.19,58117.915,4,4,58117.91,0.0,0.0,0.0,0.005,305883.763158
1659746,IT,DE,RAILW,PUBLI,0.39,58112.829,4,4,58112.826,0.0,0.0,0.0,0.003,149007.253846
1766166,IT,RU,RUBBE,RENTI,0.19,58106.066,4,4,58106.061,0.0,0.0,0.0,0.005,305821.4
1667438,IT,ES,NONF1,RUBBE,0.01,58103.907,3,3,58103.907,0.0,0.0,0.0,0.0,5810390.7
1782951,IT,NO,AIRTR,RETAI,0.06,58101.678,4,4,58101.676,0.0,0.0,0.0,0.002,968361.3
1657140,IT,DE,PLAST,OFFIC,0.12,58101.405,4,4,58101.399,0.0,0.0,0.0,0.006,484178.375
1665919,IT,ES,COALT,LANDT,0.09,58097.636,4,4,58097.633,0.0,0.0,0.0,0.003,645529.288889
1803876,IT,WF,WEARI,PADDY,0.44,58096.013,4,4,58096.002,0.0,0.0,0.0,0.011,132036.393182
1649329,IT,BG,PLAST,PFERT,0.12,58094.379,4,4,58094.373,0.0,0.0,0.0,0.006,484119.825
1760798,IT,IN,PRINT,BUSIN,0.56,58092.226,4,4,58092.222,0.0,0.0,0.0,0.004,103736.117857
1745389,IT,JP,VEGE1,SEACO,0.18,58082.462,4,4,58082.449,0.0,0.0,0.0,0.013,322680.344444
1743814,IT,US,LANDT,SUPPO,0.37,58080.063,4,4,58080.06,0.0,0.0,0.0,0.003,156973.143243
1813416,IT,WM,FURNI,COMPU,0.19,58079.251,4,4,58079.246,0.0,0.0,0.0,0.005,305680.268421
1782310,IT,NO,NONF1,PLAST,0.01,58078.968,3,3,58078.968,0.0,0.0,0.0,0.0,5807896.8
1812160,IT,WM,CEMEN,WHOLE,0.09,58077.975,4,4,58077.972,0.0,0.0,0.0,0.003,645310.833333
1788658,IT,WA,PRINT,RECRE,0.56,58076.919,4,4,58076.915,0.0,0.0,0.0,0.004,103708.783929
1728362,IT,SE,TEXTI,CEMEN,0.34,58076.387,4,4,58076.379,0.0,0.0,0.0,0.008,170812.902941
1645479,IT,BE,NONSP,HEAVY,0.08,58074.704,4,4,58074.701,0.0,0.0,0.0,0.003,725933.8
1653342,IT,CZ,GLASS,NONME,0.16,58073.937,4,4,58073.934,0.0,0.0,0.0,0.003,362962.10625
1657531,IT,DE,GLASS,MEATC,0.16,58073.097,4,4,58073.094,0.0,0.0,0.0,0.003,362956.85625
1805873,IT,WF,ALUM1,PFERT,0.1,58072.834,4,4,58072.829,0.0,0.0,0.0,0.005,580728.34
1804948,IT,WF,NONSP,NAPHT,0.08,58071.622,4,4,58071.619,0.0,0.0,0.0,0.003,725895.275
1731891,IT,SI,PRINT,PUBLI,0.56,58071.368,4,4,58071.364,0.0,0.0,0.0,0.004,103698.871429
1650357,IT,BG,ELEC2,FURNI,0.01,58066.436,4,4,58066.43,0.0,0.0,0.0,0.006,5806643.6
1640616,IT,AT,BEVER,WOODW,0.25,58066.164,4,4,58066.16,0.0,0.0,0.0,0.004,232264.656
1804216,IT,WF,PRINT,HOTEL,0.56,58064.417,4,4,58064.413,0.0,0.0,0.0,0.004,103686.458929
1718298,IT,PL,FOOD5,FURNI,0.28,58063.885,4,4,58063.88,0.0,0.0,0.0,0.005,207371.017857
1652286,IT,CZ,BEVER,DAIRY,0.25,58063.149,4,4,58063.145,0.0,0.0,0.0,0.004,232252.596
1784646,IT,ID,MACHI,FOOD3,0.32,58059.509,4,4,58059.504,0.0,0.0,0.0,0.005,181435.965625
1750146,IT,CN,PREC1,ELEC1,0.1,58059.019,4,4,58059.016,0.0,0.0,0.0,0.003,580590.19
1681922,IT,HR,PROCE,PAPER,0.39,58058.343,4,4,58058.339,0.0,0.0,0.0,0.004,148867.546154
1810563,IT,WM,PAPER,TRAN2,0.22,58055.933,4,4,58055.927,0.0,0.0,0.0,0.006,263890.604545
1783340,IT,NO,PAPE1,INTER,0.41,58055.718,4,4,58055.714,0.0,0.0,0.0,0.004,141599.312195
1668081,IT,ES,FURNI,MEMBE,0.19,58053.985,4,4,58053.98,0.0,0.0,0.0,0.005,305547.289474
1749628,IT,CN,CHEM1,DAIRY,0.12,58049.276,4,4,58049.27,0.0,0.0,0.0,0.006,483743.966667
1752595,IT,CA,TOBAC,LANDT,0.23,58048.168,4,4,58048.164,0.0,0.0,0.0,0.004,252383.33913
1673369,IT,FR,TEXTI,FOOD2,0.34,58040.056,4,4,58040.048,0.0,0.0,0.0,0.008,170706.047059
1805198,IT,WF,CHEM1,LEATH,0.12,58035.29,4,4,58035.284,0.0,0.0,0.0,0.006,483627.416667
1788569,IT,WA,PAPER,FABRI,0.22,58034.983,4,4,58034.977,0.0,0.0,0.0,0.006,263795.377273
1676582,IT,FR,HOTEL,GLASS,0.42,58028.452,4,4,58028.448,0.0,0.0,0.0,0.004,138162.980952
1661241,IT,DK,VEGET,SUGA1,0.21,58027.465,4,4,58027.463,0.0,0.0,0.0,0.002,276321.261905
1655676,IT,DE,CHEMI,BRICK,0.14,58025.135,5,5,58022.13,0.0,0.0,3.0,0.005,414465.25
1651224,IT,BG,BUSIN,PUBLI,0.6,58020.5,4,4,58020.496,0.0,0.0,0.0,0.004,96700.833333
1802762,IT,WE,BUSIN,CROPS,0.6,58017.725,4,4,58017.721,0.0,0.0,0.0,0.004,96696.208333
1741323,IT,US,PAPER,TRAN2,0.22,58014.987,4,4,58014.981,0.0,0.0,0.0,0.006,263704.486364
1743864,IT,US,SEACO,LEATH,0.06,58013.727,3,3,58013.727,0.0,0.0,0.0,0.0,966895.45
1681832,IT,HR,VEGE1,MEAT1,0.18,58008.918,4,4,58008.905,0.0,0.0,0.0,0.013,322271.766667
1723631,IT,PT,FABRI,REALE,0.24,58008.068,4,4,58008.064,0.0,0.0,0.0,0.004,241700.283333
1686885,IT,HU,MACHI,PIGS9,0.32,58006.728,4,4,58006.723,0.0,0.0,0.0,0.005,181271.025
1803791,IT,WF,TEXTI,VEGE1,0.34,58003.505,4,4,58003.497,0.0,0.0,0.0,0.008,170598.544118
1793409,IT,WL,CROPS,CHEM1,0.46,58002.941,4,4,58002.938,0.0,0.0,0.0,0.003,126093.35
1776735,IT,TR,LIQUE,KEROS,0.1,57992.789,4,4,57992.784,0.0,0.0,0.0,0.005,579927.89
1813286,IT,WM,TRANS,TRAN1,0.35,57990.253,4,4,57990.25,0.0,0.0,0.0,0.003,165686.437143
1671472,IT,FI,MACHI,VEGET,0.32,57986.518,4,4,57986.513,0.0,0.0,0.0,0.005,181207.86875
1789690,IT,WA,RUBBE,AIRTR,0.19,57985.1,4,4,57985.095,0.0,0.0,0.0,0.005,305184.736842
1771311,IT,CH,DAIRY,SECO9,0.24,57982.556,4,4,57982.552,0.0,0.0,0.0,0.004,241593.983333
1772134,IT,CH,MOTOR,BUSIN,0.09,57980.815,4,4,57980.81,0.0,0.0,0.0,0.005,644231.277778
1661586,IT,DK,BEVER,CONST,0.25,57980.059,4,4,57980.055,0.0,0.0,0.0,0.004,231920.236
1731212,IT,SI,CHEMI,RETA1,0.14,57980.025,5,5,57977.02,0.0,0.0,3.0,0.005,414143.035714
1742548,IT,US,PREC1,RUBBE,0.1,57970.483,4,4,57970.48,0.0,0.0,0.0,0.003,579704.83
1679610,IT,GR,RUBBE,RESEA,0.19,57965.951,4,4,57965.946,0.0,0.0,0.0,0.005,305083.952632
1729597,IT,SE,NONF1,MOTO1,0.01,57965.892,3,3,57965.892,0.0,0.0,0.0,0.0,5796589.2
1651632,IT,CY,BASIC,TOBAC,0.07,57963.003,4,4,57962.999,0.0,0.0,0.0,0.004,828042.9
1676667,IT,FR,RAILW,MEATP,0.39,57958.811,4,4,57958.808,0.0,0.0,0.0,0.003,148612.335897
1709364,IT,LT,FOOD5,RAWMI,0.28,57958.177,4,4,57958.172,0.0,0.0,0.0,0.005,206993.489286
1754086,IT,CA,AIRTR,PAPER,0.06,57952.347,4,4,57952.345,0.0,0.0,0.0,0.002,965872.45
1747060,IT,JP,FURNI,PLAST,0.18,57944.705,4,4,57944.7,0.0,0.0,0.0,0.005,321915.027778
1785934,IT,ZA,RUBBE,LEATH,0.19,57943.206,4,4,57943.201,0.0,0.0,0.0,0.005,304964.242105
1685424,IT,HU,WOODW,SANDC,0.16,57933.053,4,4,57933.049,0.0,0.0,0.0,0.004,362081.58125
1757129,IT,BR,OILSE,TEXTI,0.04,57931.582,4,4,57931.579,0.0,0.0,0.0,0.003,1448289.55
1760600,IT,IN,WOODW,FABRI,0.16,57930.547,4,4,57930.543,0.0,0.0,0.0,0.004,362065.91875
1731175,IT,SI,SANDC,RAILW,0.13,57930.287,5,5,57917.285,0.0,0.0,13.0,0.002,445617.592308
1670849,IT,FI,NONSP,STEAM,0.08,57929.735,4,4,57929.732,0.0,0.0,0.0,0.003,724121.6875
1732452,IT,SI,CHEM1,PFERT,0.12,57925.071,4,4,57925.065,0.0,0.0,0.0,0.006,482708.925
1795473,IT,WL,PREC1,HOTEL,0.1,57924.209,4,4,57924.206,0.0,0.0,0.0,0.003,579242.09
1782797,IT,NO,HOTEL,FABRI,0.42,57922.492,4,4,57922.488,0.0,0.0,0.0,0.004,137910.695238
1685345,IT,HU,WEARI,RECRE,0.44,57920.713,4,4,57920.702,0.0,0.0,0.0,0.011,131637.984091
1803039,IT,WF,CEREA,NATUR,0.09,57918.348,4,4,57918.345,0.0,0.0,0.0,0.003,643537.2
1716618,IT,NL,SALEM,AUXIL,0.47,57908.608,4,4,57908.604,0.0,0.0,0.0,0.004,123209.804255
1672573,IT,FR,CROPS,MEATA,0.46,57907.838,4,4,57907.835,0.0,0.0,0.0,0.003,125886.604348
1785313,IT,ZA,LEATH,WOODW,0.41,57905.341,4,4,57905.331,0.0,0.0,0.0,0.01,141232.539024
1659205,IT,DE,CONST,HEALT,0.32,57898.469,4,4,57898.466,0.0,0.0,0.0,0.003,180932.715625
1768988,IT,AU,PAPER,SUPPO,0.22,57898.43,4,4,57898.424,0.0,0.0,0.0,0.006,263174.681818
1789880,IT,WA,BRICK,ANIMA,0.09,57897.567,4,4,57897.563,0.0,0.0,0.0,0.004,643306.3
1772734,IT,CH,CEMEN,OFFIC,0.09,57896.486,4,4,57896.483,0.0,0.0,0.0,0.003,643294.288889
1796291,IT,WL,CONST,POSTT,0.32,57896.048,4,4,57896.045,0.0,0.0,0.0,0.003,180925.15
1750386,IT,CN,FABRI,SECO9,0.24,57895.919,4,4,57895.915,0.0,0.0,0.0,0.004,241232.995833
1715392,IT,NL,PRINT,COMPU,0.56,57892.905,4,4,57892.901,0.0,0.0,0.0,0.004,103380.1875
1789820,IT,WA,CERAM,VEGE1,0.09,57888.799,4,4,57888.796,0.0,0.0,0.0,0.003,643208.877778
1794652,IT,WL,NAPHT,FOOD5,0.1,57886.409,4,4,57886.405,0.0,0.0,0.0,0.004,578864.09
1736507,IT,SK,INLAN,SUPPO,0.09,57885.676,4,4,57885.672,0.0,0.0,0.0,0.004,643174.177778
1719896,IT,PL,PREC1,TEXTI,0.1,57884.403,4,4,57884.4,0.0,0.0,0.0,0.003,578844.03
1679095,IT,GR,PAPER,VEGE1,0.22,57883.432,4,4,57883.426,0.0,0.0,0.0,0.006,263106.509091
1644936,IT,BE,WOODW,FOOD5,0.16,57882.226,4,4,57882.222,0.0,0.0,0.0,0.004,361763.9125
1673124,IT,FR,FOOD5,93197,0.28,57879.905,4,4,57879.9,0.0,0.0,0.0,0.005,206713.946429
1730435,IT,SE,POSTT,MOTO1,0.95,57879.533,4,4,57879.529,0.0,0.0,0.0,0.004,60925.824211
1783033,IT,NO,INSUR,CRUDE,1.19,57875.999,4,4,57875.996,0.0,0.0,0.0,0.003,48635.293277
1813812,IT,WM,RAILW,WHOLE,0.39,57873.609,4,4,57873.606,0.0,0.0,0.0,0.003,148393.869231
1656013,IT,DE,FOOD5,LANDT,0.28,57873.199,4,4,57873.194,0.0,0.0,0.0,0.005,206689.996429
1672362,IT,FI,BUSIN,PULP5,0.59,57871.344,4,4,57871.34,0.0,0.0,0.0,0.004,98087.023729
1763442,IT,MX,NONSP,HEAVY,0.08,57863.308,4,4,57863.305,0.0,0.0,0.0,0.003,723291.35
1751945,IT,CN,COMPU,AIRTR,0.66,57862.158,4,4,57862.154,0.0,0.0,0.0,0.004,87669.936364
1739200,IT,GB,RETA1,FURNI,0.6,57857.446,4,4,57857.442,0.0,0.0,0.0,0.004,96429.076667
1653115,IT,CZ,CHEM1,LIQUE,0.12,57853.45,4,4,57853.444,0.0,0.0,0.0,0.006,482112.083333
1786221,IT,ZA,COPP1,PAPER,0.15,57853.439,4,4,57853.436,0.0,0.0,0.0,0.003,385689.593333
1646718,IT,BE,FURNI,RECRE,0.18,57853.316,4,4,57853.311,0.0,0.0,0.0,0.005,321407.311111
1766585,IT,RU,NONF1,MOTO1,0.01,57852.644,3,3,57852.644,0.0,0.0,0.0,0.0,5785264.4
1762720,IT,IN,BUSIN,LIQUE,0.59,57852.337,4,4,57852.333,0.0,0.0,0.0,0.004,98054.808475
1776415,IT,TR,PRINT,EDUCA,0.55,57840.245,4,4,57840.241,0.0,0.0,0.0,0.004,105164.081818
1761608,IT,IN,FABRI,WHEAT,0.24,57839.115,4,4,57839.111,0.0,0.0,0.0,0.004,240996.3125
1793457,IT,WL,STONE,CHARC,0.19,57837.4,5,5,57834.397,0.0,0.0,3.0,0.003,304407.368421
1645718,IT,BE,RUBBE,SANDC,0.19,57837.387,4,4,57837.382,0.0,0.0,0.0,0.005,304407.3
1673188,IT,FR,BEVER,SEACO,0.25,57833.656,4,4,57833.652,0.0,0.0,0.0,0.004,231334.624
1753085,IT,CA,RUBBE,MEATC,0.19,57830.347,4,4,57830.342,0.0,0.0,0.0,0.005,304370.247368
1778821,IT,TR,LANDT,RETAI,0.37,57824.771,4,4,57824.768,0.0,0.0,0.0,0.003,156283.164865
1669718,IT,ES,RESEA,RESEA,0.31,57818.539,4,4,57818.535,0.0,0.0,0.0,0.004,186511.416129
1711727,IT,LU,BUSIN,DIST1,0.59,57816.55,4,4,57816.546,0.0,0.0,0.0,0.004,97994.152542
1800969,IT,WE,ALUM1,NFERT,0.1,57815.191,4,4,57815.186,0.0,0.0,0.0,0.005,578151.91
1656877,IT,DE,HEAVY,NONME,0.09,57814.229,4,4,57814.224,0.0,0.0,0.0,0.005,642380.322222
1671063,IT,FI,RUBBE,RADIO,0.19,57813.775,4,4,57813.77,0.0,0.0,0.0,0.005,304283.026316
1664139,IT,EE,RUBBE,FABRI,0.19,57810.485,4,4,57810.48,0.0,0.0,0.0,0.005,304265.710526
1780291,IT,TW,LANDT,POSTT,0.37,57808.904,4,4,57808.901,0.0,0.0,0.0,0.003,156240.281081
1752843,IT,CA,PAPER,HEALT,0.22,57807.904,4,4,57807.898,0.0,0.0,0.0,0.006,262763.2
1801187,IT,WE,FABRI,MOTOR,0.24,57805.041,4,4,57805.037,0.0,0.0,0.0,0.004,240854.3375
1775114,IT,CH,COMPU,OFFIC,0.66,57802.687,4,4,57802.683,0.0,0.0,0.0,0.004,87579.828788
1675644,IT,FR,MOTO1,PAPE4,0.31,57797.432,4,4,57797.428,0.0,0.0,0.0,0.004,186443.329032
1799806,IT,WE,GASDI,ANIMA,0.09,57797.2,4,4,57797.195,0.0,0.0,0.0,0.005,642191.111111
1793207,IT,WA,PRIVA,PADDY,12.9,57792.819,5,5,57791.81,1.0,0.0,0.0,0.009,4480.063488
1676808,IT,FR,LANDT,ALUM1,0.37,57791.49,4,4,57791.487,0.0,0.0,0.0,0.003,156193.216216
1722849,IT,PT,PRINT,PRINT,0.55,57785.055,4,4,57785.051,0.0,0.0,0.0,0.004,105063.736364
1762232,IT,IN,SEACO,RECRE,0.06,57784.856,3,3,57784.856,0.0,0.0,0.0,0.0,963080.933333
1724097,IT,PT,WHOLE,PUBLI,0.5,57784.591,4,4,57784.588,0.0,0.0,0.0,0.003,115569.182
1643571,IT,AT,SEACO,REALE,0.06,57768.115,3,3,57768.115,0.0,0.0,0.0,0.0,962801.916667
1804347,IT,WF,MOTOR,INLAN,0.09,57767.101,4,4,57767.096,0.0,0.0,0.0,0.005,641856.677778
1714434,IT,NL,POULT,MEAT1,0.15,57765.969,4,4,57765.964,0.0,0.0,0.0,0.005,385106.46
1652392,IT,CZ,TEXTI,GASDI,0.34,57764.003,4,4,57763.995,0.0,0.0,0.0,0.008,169894.126471
1741743,IT,US,BITU1,KEROS,0.09,57762.014,4,4,57762.009,0.0,0.0,0.0,0.005,641800.155556
1725083,IT,RO,MEATA,LEATH,0.31,57761.855,4,4,57761.846,0.0,0.0,0.0,0.009,186328.564516
1795969,IT,WL,MOTO1,BIODI,0.31,57761.535,4,4,57761.531,0.0,0.0,0.0,0.004,186327.532258
1657299,IT,DE,CHEM1,TEXT1,0.12,57757.476,4,4,57757.47,0.0,0.0,0.0,0.006,481312.3
1808679,IT,WF,INERT,RETA1,0.42,57757.151,4,4,57757.147,0.0,0.0,0.0,0.004,137517.02619
1756203,IT,KR,MACHI,FOUND,0.32,57753.572,4,4,57753.567,0.0,0.0,0.0,0.005,180479.9125
1776025,IT,TR,TEXTI,PFERT,0.34,57753.276,4,4,57753.268,0.0,0.0,0.0,0.008,169862.576471
1739590,IT,GB,SEACO,BITU1,0.06,57751.285,3,3,57751.285,0.0,0.0,0.0,0.0,962521.416667
1667236,IT,ES,PREC1,ELEC3,0.1,57750.045,4,4,57750.042,0.0,0.0,0.0,0.003,577500.45
1679753,IT,GR,BASIC,MEDIC,0.07,57748.849,4,4,57748.845,0.0,0.0,0.0,0.004,824983.557143
1688980,IT,IE,MACHI,PRINT,0.32,57741.008,4,4,57741.003,0.0,0.0,0.0,0.005,180440.65
1739889,IT,GB,FINAN,RAILW,0.75,57737.101,4,4,57737.099,0.0,0.0,0.0,0.002,76982.801333
1742022,IT,US,ADDIT,RESEA,0.13,57735.987,4,4,57735.982,0.0,0.0,0.0,0.005,444122.976923
1751171,IT,CN,HOTEL,CHEMI,0.42,57734.936,4,4,57734.932,0.0,0.0,0.0,0.004,137464.133333
1791717,IT,WA,RAILW,MEATA,0.39,57726.853,4,4,57726.85,0.0,0.0,0.0,0.003,148017.571795
1771908,IT,CH,PAPER,MEATP,0.22,57726.243,4,4,57726.237,0.0,0.0,0.0,0.006,262392.013636
1741839,IT,US,PFERT,PLAST,0.03,57725.374,4,4,57725.365,0.0,0.0,0.0,0.009,1924179.133333
1666741,IT,ES,RUBBE,LUBRI,0.19,57724.859,4,4,57724.854,0.0,0.0,0.0,0.005,303815.047368
1714920,IT,NL,BEVER,WHOLE,0.25,57724.736,4,4,57724.732,0.0,0.0,0.0,0.004,230898.944
1735671,IT,SK,FABRI,BEVER,0.23,57722.544,4,4,57722.54,0.0,0.0,0.0,0.004,250967.582609
1684166,IT,HR,LANDT,MACHI,0.37,57716.011,4,4,57716.008,0.0,0.0,0.0,0.003,155989.218919
1719511,IT,PL,GLASS,PRINT,0.16,57715.281,4,4,57715.278,0.0,0.0,0.0,0.003,360720.50625
1641356,IT,AT,KEROS,MOTO1,0.09,57713.12,4,4,57713.115,0.0,0.0,0.0,0.005,641256.888889
1813426,IT,WM,FURNI,RECRE,0.18,57711.92,4,4,57711.915,0.0,0.0,0.0,0.005,320621.777778
1740634,IT,US,CRUDE,PFERT,0.11,57710.896,4,4,57710.891,0.0,0.0,0.0,0.005,524644.509091
1716931,IT,NL,RAILW,MOTOR,0.39,57706.898,4,4,57706.895,0.0,0.0,0.0,0.003,147966.405128
1805537,IT,WF,CERAM,MEMBE,0.09,57706.179,4,4,57706.176,0.0,0.0,0.0,0.003,641179.766667
1792618,IT,WA,COMPU,RESEA,0.66,57702.515,4,4,57702.511,0.0,0.0,0.0,0.004,87428.05303
1759595,IT,BR,COMPU,AIRTR,0.66,57697.543,4,4,57697.539,0.0,0.0,0.0,0.004,87420.519697
1721915,IT,PL,RENTI,HOTEL,0.34,57693.44,4,4,57693.437,0.0,0.0,0.0,0.003,169686.588235
1738509,IT,GB,NONF1,CEMEN,0.01,57692.35,3,3,57692.35,0.0,0.0,0.0,0.0,5769235.0
1792185,IT,WA,SUPPO,RAILW,0.41,57690.432,4,4,57690.429,0.0,0.0,0.0,0.003,140708.370732
1735834,IT,SK,MACHI,TRAN2,0.32,57690.102,4,4,57690.097,0.0,0.0,0.0,0.005,180281.56875
1684143,IT,HR,LANDT,BEVER,0.37,57689.654,4,4,57689.651,0.0,0.0,0.0,0.003,155917.983784
1722757,IT,PT,PAPER,TOBAC,0.22,57688.87,4,4,57688.864,0.0,0.0,0.0,0.006,262222.136364
1777564,IT,TR,PREC1,MACHI,0.1,57686.072,4,4,57686.069,0.0,0.0,0.0,0.003,576860.72
1710101,IT,LT,FABRI,LANDT,0.23,57684.018,4,4,57684.014,0.0,0.0,0.0,0.004,250800.078261
1758530,IT,BR,MACHI,RAILW,0.32,57683.515,4,4,57683.51,0.0,0.0,0.0,0.005,180260.984375
1729593,IT,SE,NONF1,FOUND,0.01,57679.748,3,3,57679.748,0.0,0.0,0.0,0.0,5767974.8
1740155,IT,GB,COMPU,RENTI,0.66,57679.514,4,4,57679.51,0.0,0.0,0.0,0.004,87393.20303
1764768,IT,MX,HOTEL,RESEA,0.42,57676.671,4,4,57676.667,0.0,0.0,0.0,0.004,137325.407143
1663694,IT,EE,VEGET,FOOD5,0.2,57673.089,4,4,57673.087,0.0,0.0,0.0,0.002,288365.445
1785765,IT,ZA,PLAST,MACHI,0.12,57667.363,4,4,57667.357,0.0,0.0,0.0,0.006,480561.358333
1653942,IT,CZ,MACHI,POULT,0.32,57666.929,4,4,57666.924,0.0,0.0,0.0,0.005,180209.153125
1715304,IT,NL,PAPER,RETA1,0.22,57666.518,4,4,57666.512,0.0,0.0,0.0,0.006,262120.536364
1732910,IT,SI,PREC1,CONST,0.1,57666.241,4,4,57666.238,0.0,0.0,0.0,0.003,576662.41
1653441,IT,CZ,NONME,RUBBE,0.12,57662.213,4,4,57662.207,0.0,0.0,0.0,0.006,480518.441667
1802445,IT,WE,AIRTR,HEALT,0.06,57659.681,4,4,57659.679,0.0,0.0,0.0,0.002,960994.683333
1722012,IT,PL,COMPU,RENTI,0.66,57659.201,4,4,57659.197,0.0,0.0,0.0,0.004,87362.425758
1795587,IT,WL,NONF1,MOTOR,0.01,57656.566,3,3,57656.566,0.0,0.0,0.0,0.0,5765656.6
1713364,IT,MT,GASDI,RENTI,0.09,57653.463,4,4,57653.458,0.0,0.0,0.0,0.005,640594.033333
1813896,IT,WM,LANDT,DISTR,0.37,57651.312,4,4,57651.309,0.0,0.0,0.0,0.003,155814.356757
1789662,IT,WA,RUBBE,NONF1,0.19,57651.165,4,4,57651.16,0.0,0.0,0.0,0.005,303427.184211
1690083,IT,IE,RENTI,COLLE,0.34,57649.017,4,4,57649.014,0.0,0.0,0.0,0.003,169555.932353
1711086,IT,LU,ALUM1,FABRI,0.1,57648.395,4,4,57648.39,0.0,0.0,0.0,0.005,576483.95
1735878,IT,SK,OFFIC,PLAST,0.18,57642.721,4,4,57642.717,0.0,0.0,0.0,0.004,320237.338889
1718633,IT,PL,LEATH,SUPPO,0.41,57638.649,4,4,57638.639,0.0,0.0,0.0,0.01,140582.070732
1677021,IT,FR,SUPPO,STONE,0.41,57636.523,4,4,57636.52,0.0,0.0,0.0,0.003,140576.885366
1685186,IT,HU,BEVER,RETA1,0.25,57634.548,4,4,57634.544,0.0,0.0,0.0,0.004,230538.192
1772986,IT,CH,PREC1,BUSIN,0.1,57633.901,4,4,57633.898,0.0,0.0,0.0,0.003,576339.01
1812720,IT,WM,NONF1,LEATH,0.01,57631.612,3,3,57631.612,0.0,0.0,0.0,0.0,5763161.2
1684294,IT,HR,AIRTR,SUPPO,0.06,57630.407,4,4,57630.405,0.0,0.0,0.0,0.002,960506.783333
1763051,IT,MX,TEXTI,GLASS,0.34,57628.964,4,4,57628.956,0.0,0.0,0.0,0.008,169496.952941
1768700,IT,AU,TEXTI,RESEA,0.34,57628.187,4,4,57628.179,0.0,0.0,0.0,0.008,169494.667647
1660004,IT,DE,INLAN,GASDI,0.09,57625.176,4,4,57625.172,0.0,0.0,0.0,0.004,640279.733333
1738744,IT,GB,MACHI,PAPE4,0.32,57625.041,4,4,57625.036,0.0,0.0,0.0,0.005,180078.253125
1715494,IT,NL,KERO1,GASDI,0.08,57623.54,4,4,57623.535,0.0,0.0,0.0,0.005,720294.25
1791884,IT,WA,TRAN2,MEATA,0.09,57622.79,4,4,57622.788,0.0,0.0,0.0,0.002,640253.222222
1681759,IT,HR,SANDC,ALUM1,0.13,57620.232,5,5,57607.23,0.0,0.0,13.0,0.002,443232.553846
1812760,IT,WM,NONF1,TRAN2,0.01,57617.463,3,3,57617.463,0.0,0.0,0.0,0.0,5761746.3
1746109,IT,JP,PRINT,RESEA,0.55,57616.379,4,4,57616.375,0.0,0.0,0.0,0.004,104757.052727
1753751,IT,CA,FURNI,CHEM1,0.18,57612.58,4,4,57612.575,0.0,0.0,0.0,0.005,320069.888889
1710493,IT,LT,TRAN2,MOTOR,0.09,57611.237,4,4,57611.235,0.0,0.0,0.0,0.002,640124.855556
1732338,IT,SI,NAPHT,HOTEL,0.1,57610.471,4,4,57610.467,0.0,0.0,0.0,0.004,576104.71
1772191,IT,CH,GASDI,TRANS,0.09,57607.917,4,4,57607.912,0.0,0.0,0.0,0.005,640087.966667
1782260,IT,NO,ALUM1,OFFIC,0.1,57606.157,4,4,57606.152,0.0,0.0,0.0,0.005,576061.57
1786603,IT,ZA,SALEM,MOTO1,0.46,57600.704,4,4,57600.7,0.0,0.0,0.0,0.004,125218.921739
1790990,IT,WA,MOTO1,FABRI,0.31,57600.313,4,4,57600.309,0.0,0.0,0.0,0.004,185807.46129
1722576,IT,PT,FISH5,BEVER,0.24,57599.832,4,4,57599.802,0.0,0.0,0.0,0.03,239999.3
1719254,IT,PL,CHEM1,GASDI,0.12,57599.583,4,4,57599.577,0.0,0.0,0.0,0.006,479996.525
1790542,IT,WA,NONF1,PRINT,0.01,57598.707,3,3,57598.707,0.0,0.0,0.0,0.0,5759870.7
1746457,IT,JP,GLASS,TRANS,0.16,57598.354,4,4,57598.351,0.0,0.0,0.0,0.003,359989.7125
1744064,IT,US,AIRTR,INERT,0.06,57591.191,4,4,57591.189,0.0,0.0,0.0,0.002,959853.183333
1763120,IT,MX,WEARI,FINAN,0.43,57589.448,4,4,57589.437,0.0,0.0,0.0,0.011,133928.948837
1667721,IT,ES,MACHI,OILHA,0.32,57585.737,4,4,57585.732,0.0,0.0,0.0,0.005,179955.428125
1749000,IT,CN,LEATH,MOTOR,0.41,57575.682,4,4,57575.672,0.0,0.0,0.0,0.01,140428.492683
1647837,IT,BE,AUXIL,RETA1,1.05,57575.406,4,4,57575.403,0.0,0.0,0.0,0.003,54833.72
1648054,IT,BE,COMPU,RETA1,0.66,57573.989,4,4,57573.985,0.0,0.0,0.0,0.004,87233.316667
1674042,IT,FR,GASDI,OFFIC,0.09,57568.697,4,4,57568.692,0.0,0.0,0.0,0.005,639652.188889
1763402,IT,MX,PRINT,HEALT,0.55,57568.13,4,4,57568.126,0.0,0.0,0.0,0.004,104669.327273
1646943,IT,BE,WHOLE,AIRTR,0.5,57561.506,4,4,57561.503,0.0,0.0,0.0,0.003,115123.012
1661399,IT,DK,VEGE1,DAIRY,0.18,57561.492,4,4,57561.479,0.0,0.0,0.0,0.013,319786.066667
1793910,IT,WL,WEARI,HOTEL,0.43,57559.974,4,4,57559.963,0.0,0.0,0.0,0.011,133860.404651
1662858,IT,DK,WHOLE,DAIRY,0.5,57556.338,4,4,57556.335,0.0,0.0,0.0,0.003,115112.676
1793590,IT,WL,VEGE1,PROCE,0.18,57553.991,4,4,57553.978,0.0,0.0,0.0,0.013,319744.394444
1669428,IT,ES,INSUR,SALEM,1.19,57552.738,4,4,57552.735,0.0,0.0,0.0,0.003,48363.645378
1753895,IT,CA,RAILW,FOOD5,0.39,57549.901,4,4,57549.898,0.0,0.0,0.0,0.003,147563.848718
1667599,IT,ES,MACHI,MEATA,0.32,57546.089,4,4,57546.084,0.0,0.0,0.0,0.005,179831.528125
1754692,IT,KR,VEGE1,KEROS,0.18,57542.991,4,4,57542.978,0.0,0.0,0.0,0.013,319683.283333
1649376,IT,BG,CHEM1,CROPS,0.12,57541.124,4,4,57541.118,0.0,0.0,0.0,0.006,479509.366667
1805147,IT,WF,PFERT,RETA1,0.03,57541.071,4,4,57541.062,0.0,0.0,0.0,0.009,1918035.7
1810823,IT,WM,KEROS,CERAM,0.09,57533.963,4,4,57533.958,0.0,0.0,0.0,0.005,639266.255556
1667512,IT,ES,FABRI,GLASS,0.23,57530.221,4,4,57530.217,0.0,0.0,0.0,0.004,250131.395652
1777845,IT,TR,FABRI,RETAI,0.23,57526.369,4,4,57526.365,0.0,0.0,0.0,0.004,250114.647826
1662534,IT,DK,NONF1,FABRI,0.01,57524.401,3,3,57524.401,0.0,0.0,0.0,0.0,5752440.1
1783602,IT,NO,FOOD2,FOODW,0.33,57524.379,4,4,57524.375,0.0,0.0,0.0,0.004,174316.3
1752476,IT,CA,DAIRY,MEMBE,0.23,57522.872,4,4,57522.868,0.0,0.0,0.0,0.004,250099.443478
1811525,IT,WM,NFERT,HOTEL,0.01,57520.182,4,4,57520.177,0.0,0.0,0.0,0.005,5752018.2
1652928,IT,CZ,GASDI,LANDT,0.09,57501.965,4,4,57501.96,0.0,0.0,0.0,0.005,638910.722222
1728528,IT,SE,WOODW,WOOD1,0.16,57501.078,4,4,57501.074,0.0,0.0,0.0,0.004,359381.7375
1664770,IT,ES,WHEAT,FOOD5,0.04,57498.222,3,3,57498.222,0.0,0.0,0.0,0.0,1437455.55
1769751,IT,AU,MACHI,KEROS,0.32,57497.441,4,4,57497.436,0.0,0.0,0.0,0.005,179679.503125
1666450,IT,ES,NONSP,HEAVY,0.08,57490.432,4,4,57490.429,0.0,0.0,0.0,0.003,718630.4
1656846,IT,DE,GASDI,93197,0.09,57483.543,4,4,57483.538,0.0,0.0,0.0,0.005,638706.033333
1685080,IT,HU,FOOD5,MEATA,0.28,57483.068,4,4,57483.063,0.0,0.0,0.0,0.005,205296.671429
1689164,IT,IE,SALEM,EDUCA,0.46,57481.251,4,4,57481.247,0.0,0.0,0.0,0.004,124959.241304
1674061,IT,FR,GASDI,AUXIL,0.09,57480.724,4,4,57480.719,0.0,0.0,0.0,0.005,638674.711111
1677255,IT,FR,FINAN,MEATC,0.75,57480.2,4,4,57480.198,0.0,0.0,0.0,0.002,76640.266667
1686737,IT,HU,COPP1,SUPPO,0.15,57477.485,4,4,57477.482,0.0,0.0,0.0,0.003,383183.233333
1784016,IT,ID,TEXTI,FISHF,0.34,57475.907,4,4,57475.899,0.0,0.0,0.0,0.008,169046.785294
1738246,IT,GB,CEMEN,HOTEL,0.09,57473.527,4,4,57473.524,0.0,0.0,0.0,0.003,638594.744444
1801206,IT,WE,FABRI,BRICK,0.23,57473.44,4,4,57473.436,0.0,0.0,0.0,0.004,249884.521739
1710029,IT,LT,COPP1,MACHI,0.15,57468.371,4,4,57468.368,0.0,0.0,0.0,0.003,383122.473333
1745996,IT,JP,PAPER,BEVER,0.22,57466.931,4,4,57466.925,0.0,0.0,0.0,0.006,261213.322727
1811997,IT,WM,GLASS,ELECT,0.16,57464.115,4,4,57464.112,0.0,0.0,0.0,0.003,359150.71875
1784703,IT,ID,FURNI,OFFIC,0.18,57462.803,4,4,57462.798,0.0,0.0,0.0,0.005,319237.794444
1774279,IT,CH,HOTEL,CEREA,0.42,57462.249,4,4,57462.245,0.0,0.0,0.0,0.004,136814.878571
1645620,IT,BE,CHEM1,LEAD1,0.12,57461.613,4,4,57461.607,0.0,0.0,0.0,0.006,478846.775
1722294,IT,PT,PADDY,FOOD5,0.59,57459.432,5,5,57458.429,0.0,1.0,0.0,0.003,97388.867797
1719969,IT,PL,PREC1,WASTE,0.1,57458.367,4,4,57458.364,0.0,0.0,0.0,0.003,574583.67
1801331,IT,WE,MACHI,ADDIT,0.32,57454.001,4,4,57453.996,0.0,0.0,0.0,0.005,179543.753125
1805300,IT,WF,ADDIT,LANDT,0.13,57446.985,4,4,57446.981,0.0,0.0,0.0,0.004,441899.884615
1726406,IT,RO,FABRI,POULT,0.23,57446.158,4,4,57446.154,0.0,0.0,0.0,0.004,249765.904348
1739716,IT,GB,SUPPO,CONST,0.41,57443.161,4,4,57443.158,0.0,0.0,0.0,0.003,140105.270732
1668451,IT,ES,RETA1,PUBLI,0.6,57443.046,4,4,57443.042,0.0,0.0,0.0,0.004,95738.41
1755925,IT,KR,BASIC,DISTR,0.07,57442.137,4,4,57442.133,0.0,0.0,0.0,0.004,820601.957143
1755267,IT,KR,PAPER,PFERT,0.22,57437.914,4,4,57437.908,0.0,0.0,0.0,0.006,261081.427273
1684159,IT,HR,LANDT,CEMEN,0.37,57435.434,4,4,57435.431,0.0,0.0,0.0,0.003,155230.902703
1801061,IT,WE,COPP1,KEROS,0.15,57435.201,4,4,57435.198,0.0,0.0,0.0,0.003,382901.34
1790579,IT,WA,NONF1,DIST1,0.01,57432.253,3,3,57432.253,0.0,0.0,0.0,0.0,5743225.3
1684097,IT,HR,HOTEL,RESEA,0.42,57432.137,4,4,57432.133,0.0,0.0,0.0,0.004,136743.183333
1640654,IT,AT,BEVER,REALE,0.24,57420.694,4,4,57420.69,0.0,0.0,0.0,0.004,239252.891667
1675620,IT,FR,MOTO1,INSUR,0.31,57419.189,4,4,57419.185,0.0,0.0,0.0,0.004,185223.190323
1813539,IT,WM,WHOLE,FOOD5,0.5,57417.607,4,4,57417.604,0.0,0.0,0.0,0.003,114835.214
1799092,IT,WE,WEARI,RAWMI,0.43,57417.124,4,4,57417.113,0.0,0.0,0.0,0.011,133528.195349
1771742,IT,CH,LEATH,CEMEN,0.41,57414.218,4,4,57414.208,0.0,0.0,0.0,0.01,140034.678049
1664235,IT,EE,NONME,NONME,0.12,57413.294,4,4,57413.288,0.0,0.0,0.0,0.006,478444.116667
1735374,IT,SK,NONME,MACHI,0.12,57411.266,4,4,57411.26,0.0,0.0,0.0,0.006,478427.216667
1684900,IT,HU,SANDC,EDUCA,0.13,57411.237,5,5,57398.235,0.0,0.0,13.0,0.002,441624.9
1798515,IT,WE,STONE,WEARI,0.19,57408.196,5,5,57405.193,0.0,0.0,3.0,0.003,302148.4
1650313,IT,BG,ELEC2,CHEMI,0.01,57408.035,4,4,57408.029,0.0,0.0,0.0,0.006,5740803.5
1798812,IT,WE,FOOD5,OFFIC,0.28,57408.0,4,4,57407.995,0.0,0.0,0.0,0.005,205028.571429
1723788,IT,PT,OFFIC,MOTO1,0.18,57399.64,4,4,57399.636,0.0,0.0,0.0,0.004,318886.888889
1752801,IT,CA,PAPER,FOOD5,0.22,57398.464,4,4,57398.458,0.0,0.0,0.0,0.006,260902.109091
1653485,IT,CZ,BASIC,BITUM,0.07,57390.398,4,4,57390.394,0.0,0.0,0.0,0.004,819862.828571
1789595,IT,WA,RUBBE,RAWMI,0.19,57390.27,4,4,57390.265,0.0,0.0,0.0,0.005,302054.052632
1803797,IT,WF,TEXTI,FISH5,0.34,57386.167,4,4,57386.159,0.0,0.0,0.0,0.008,168782.844118
1757749,IT,BR,NONSP,KEROS,0.08,57386.044,4,4,57386.041,0.0,0.0,0.0,0.003,717325.55
1784705,IT,ID,FURNI,RADIO,0.18,57382.156,4,4,57382.151,0.0,0.0,0.0,0.005,318789.755556
1653263,IT,CZ,RUBBE,ELEC1,0.19,57380.873,4,4,57380.868,0.0,0.0,0.0,0.005,302004.594737
1670806,IT,FI,PRINT,EDUCA,0.55,57376.323,4,4,57376.319,0.0,0.0,0.0,0.004,104320.587273
1783100,IT,NO,INSUR,PUBLI,1.18,57369.489,4,4,57369.486,0.0,0.0,0.0,0.003,48618.211017
1779951,IT,TW,CONST,HOTEL,0.32,57366.96,4,4,57366.957,0.0,0.0,0.0,0.003,179271.75
1799470,IT,WE,PAPER,BASIC,0.22,57365.78,4,4,57365.774,0.0,0.0,0.0,0.006,260753.545455
1777799,IT,TR,FABRI,MOTOR,0.23,57363.227,4,4,57363.223,0.0,0.0,0.0,0.004,249405.334783
1792606,IT,WA,COMPU,RETA1,0.66,57361.571,4,4,57361.567,0.0,0.0,0.0,0.004,86911.471212
1805922,IT,WF,LEAD1,COPPE,0.1,57352.934,4,4,57352.929,0.0,0.0,0.0,0.005,573529.34
1686014,IT,HU,BIODI,ELEC3,0.12,57352.244,4,4,57352.238,0.0,0.0,0.0,0.006,477935.366667
1744235,IT,US,POSTT,OFFIC,0.94,57347.431,4,4,57347.427,0.0,0.0,0.0,0.004,61007.905319
1718092,IT,PL,MEAT4,HOTEL,0.32,57342.993,4,4,57342.989,0.0,0.0,0.0,0.004,179196.853125
1653809,IT,CZ,NONF1,FABRI,0.01,57342.555,3,3,57342.555,0.0,0.0,0.0,0.0,5734255.5
1777617,IT,TR,ALUM1,OFFIC,0.1,57341.359,4,4,57341.354,0.0,0.0,0.0,0.005,573413.59
1756233,IT,KR,MACHI,LANDT,0.32,57341.27,4,4,57341.265,0.0,0.0,0.0,0.005,179191.46875
1641885,IT,AT,BIODI,PLAST,0.12,57337.495,4,4,57337.489,0.0,0.0,0.0,0.006,477812.458333
1734872,IT,SK,PAPER,FURNI,0.22,57337.204,4,4,57337.198,0.0,0.0,0.0,0.006,260623.654545
1682642,IT,HR,KEROS,FURNI,0.09,57335.01,4,4,57335.005,0.0,0.0,0.0,0.005,637055.666667
1780078,IT,TW,WHOLE,FURNI,0.5,57329.046,4,4,57329.043,0.0,0.0,0.0,0.003,114658.092
1688404,IT,IE,BEVER,RAWMI,0.24,57328.05,4,4,57328.046,0.0,0.0,0.0,0.004,238866.875
1743775,IT,US,LANDT,CEMEN,0.37,57324.32,4,4,57324.317,0.0,0.0,0.0,0.003,154930.594595
1813131,IT,WM,MOTO1,PRINT,0.31,57316.311,4,4,57316.307,0.0,0.0,0.0,0.004,184891.325806
1782313,IT,NO,NONF1,BRICK,0.01,57312.455,3,3,57312.455,0.0,0.0,0.0,0.0,5731245.5
1644956,IT,BE,WOODW,BRICK,0.16,57310.784,4,4,57310.78,0.0,0.0,0.0,0.004,358192.4
1793338,IT,WA,PRIVA,RESEA,12.79,57310.029,5,5,57309.02,1.0,0.0,0.0,0.009,4480.846677
1796748,IT,WL,LANDT,CHEM1,0.37,57309.364,4,4,57309.361,0.0,0.0,0.0,0.003,154890.172973
1711671,IT,LU,COMPU,COMPU,0.65,57308.484,4,4,57308.48,0.0,0.0,0.0,0.004,88166.898462
1814273,IT,WM,POSTT,SALEM,0.94,57308.411,4,4,57308.407,0.0,0.0,0.0,0.004,60966.394681
1678918,IT,GR,TEXTI,RUBBE,0.34,57305.796,4,4,57305.788,0.0,0.0,0.0,0.008,168546.458824
1776346,IT,TR,PAPER,POSTT,0.22,57301.51,4,4,57301.504,0.0,0.0,0.0,0.006,260461.409091
1712729,IT,LV,HOTEL,RECRE,0.42,57301.458,4,4,57301.454,0.0,0.0,0.0,0.004,136432.042857
1658690,IT,DE,OFFIC,PFERT,0.18,57299.257,4,4,57299.253,0.0,0.0,0.0,0.004,318329.205556
1649868,IT,BG,COPP1,CONST,0.14,57298.343,4,4,57298.34,0.0,0.0,0.0,0.003,409273.878571
1710430,IT,LT,LANDT,MEATP,0.37,57298.059,4,4,57298.056,0.0,0.0,0.0,0.003,154859.618919
1674304,IT,FR,NFERT,CEREA,0.01,57292.585,4,4,57292.58,0.0,0.0,0.0,0.005,5729258.5
1757532,IT,BR,PRINT,HEALT,0.55,57287.059,4,4,57287.055,0.0,0.0,0.0,0.004,104158.289091
1756779,IT,KR,AIRTR,BLAST,0.06,57286.497,4,4,57286.495,0.0,0.0,0.0,0.002,954774.95
1686554,IT,HU,ALUM1,BIODI,0.1,57286.451,4,4,57286.446,0.0,0.0,0.0,0.005,572864.51
1789321,IT,WA,CHEM1,WOOLS,0.12,57285.771,4,4,57285.765,0.0,0.0,0.0,0.006,477381.425
1774784,IT,CH,POSTT,PRINT,0.94,57283.557,4,4,57283.553,0.0,0.0,0.0,0.004,60939.954255
1677118,IT,FR,SUPPO,SEWAG,0.41,57278.185,4,4,57278.182,0.0,0.0,0.0,0.003,139702.890244
1712425,IT,LV,BASIC,FISH5,0.07,57267.56,4,4,57267.556,0.0,0.0,0.0,0.004,818108.0
1660850,IT,DE,COMPU,HOTEL,0.65,57265.296,4,4,57265.292,0.0,0.0,0.0,0.004,88100.455385
1720388,IT,PL,MACHI,CRUDE,0.32,57262.088,4,4,57262.083,0.0,0.0,0.0,0.005,178944.025
1670654,IT,FI,LEATH,RESEA,0.41,57262.001,4,4,57261.991,0.0,0.0,0.0,0.01,139663.417073
1683472,IT,HR,PREC1,NONME,0.1,57250.276,4,4,57250.273,0.0,0.0,0.0,0.003,572502.76
1735496,IT,SK,PREC1,WOODW,0.1,57248.657,4,4,57248.654,0.0,0.0,0.0,0.003,572486.57
1801483,IT,WE,MOTO1,CERAM,0.3,57247.353,4,4,57247.349,0.0,0.0,0.0,0.004,190824.51
1772293,IT,CH,PARAF,SANDC,0.09,57246.761,4,4,57246.757,0.0,0.0,0.0,0.004,636075.122222
1655289,IT,DE,CEREA,RAWMI,0.09,57242.569,4,4,57242.566,0.0,0.0,0.0,0.003,636028.544444
1773249,IT,CH,FABRI,AIRTR,0.23,57241.913,4,4,57241.909,0.0,0.0,0.0,0.004,248877.882609
1748843,IT,CN,TEXTI,RENTI,0.34,57239.252,4,4,57239.244,0.0,0.0,0.0,0.008,168350.741176
1781098,IT,TW,PUBLI,CONST,0.94,57238.506,4,4,57238.502,0.0,0.0,0.0,0.004,60892.02766
1809661,IT,WM,DAIRY,BUSIN,0.23,57238.461,4,4,57238.457,0.0,0.0,0.0,0.004,248862.873913
1711040,IT,LU,BASIC,LEAD1,0.07,57235.941,4,4,57235.937,0.0,0.0,0.0,0.004,817656.3
1747496,IT,JP,SEACO,SECO9,0.06,57231.732,3,3,57231.732,0.0,0.0,0.0,0.0,953862.2
1717030,IT,NL,LANDT,ALUM1,0.37,57231.074,4,4,57231.071,0.0,0.0,0.0,0.003,154678.578378
1742088,IT,US,RUBBE,BIODI,0.19,57225.149,4,4,57225.144,0.0,0.0,0.0,0.005,301184.994737
1808346,IT,WF,FOOD3,RETA1,0.16,57219.885,4,4,57219.882,0.0,0.0,0.0,0.003,357624.28125
1750739,IT,CN,TRANS,WOODW,0.34,57213.311,4,4,57213.308,0.0,0.0,0.0,0.003,168274.444118
1729879,IT,SE,TRANS,MACHI,0.34,57208.795,4,4,57208.792,0.0,0.0,0.0,0.003,168261.161765
1791973,IT,WA,SEACO,MOTO1,0.06,57205.439,3,3,57205.439,0.0,0.0,0.0,0.0,953423.983333
1809342,IT,WM,SANDC,CRUDE,0.13,57203.736,5,5,57190.734,0.0,0.0,13.0,0.002,440028.738462
1731552,IT,SI,TEXTI,LEATH,0.34,57202.254,4,4,57202.246,0.0,0.0,0.0,0.008,168241.923529
1751683,IT,CN,INSUR,TEXTI,1.18,57192.151,4,4,57192.148,0.0,0.0,0.0,0.003,48467.924576
1801504,IT,WE,MOTO1,ELEC4,0.3,57185.903,4,4,57185.899,0.0,0.0,0.0,0.004,190619.676667
1752611,IT,CA,TEXTI,BEVER,0.34,57182.853,4,4,57182.845,0.0,0.0,0.0,0.008,168184.861765
1788656,IT,WA,PRINT,HEALT,0.55,57181.994,4,4,57181.99,0.0,0.0,0.0,0.004,103967.261818
1752389,IT,CA,VEGE1,MEAT4,0.18,57179.869,4,4,57179.857,0.0,0.0,0.0,0.012,317665.938889
1743575,IT,US,HOTEL,FISH5,0.41,57179.7,4,4,57179.696,0.0,0.0,0.0,0.004,139462.682927
1774591,IT,CH,SEACO,MEDIC,0.06,57176.004,3,3,57176.004,0.0,0.0,0.0,0.0,952933.4
1742291,IT,US,BRICK,RECRE,0.09,57175.92,4,4,57175.916,0.0,0.0,0.0,0.004,635288.0
1787237,IT,WA,VEGET,LEATH,0.2,57173.361,4,4,57173.359,0.0,0.0,0.0,0.002,285866.805
1686374,IT,HU,BASIC,CRUDE,0.07,57170.955,4,4,57170.951,0.0,0.0,0.0,0.004,816727.928571
1796983,IT,WL,AIRTR,ELECT,0.06,57162.785,4,4,57162.783,0.0,0.0,0.0,0.002,952713.083333
1670448,IT,FI,FOOD5,COMPU,0.27,57162.665,4,4,57162.66,0.0,0.0,0.0,0.005,211713.574074
1746774,IT,JP,MACHI,SUGA1,0.32,57161.613,4,4,57161.608,0.0,0.0,0.0,0.005,178630.040625
1668203,IT,ES,SALEM,93197,0.46,57160.425,4,4,57160.421,0.0,0.0,0.0,0.004,124261.793478
1666032,IT,ES,AVIAT,PUBLI,0.13,57157.285,4,4,57157.281,0.0,0.0,0.0,0.004,439671.423077
1812431,IT,WM,PREC1,KERO1,0.1,57152.906,4,4,57152.903,0.0,0.0,0.0,0.003,571529.06
1782913,IT,NO,SEACO,RENTI,0.06,57152.547,3,3,57152.547,0.0,0.0,0.0,0.0,952542.45
1656631,IT,DE,PRINT,SEACO,0.55,57151.48,4,4,57151.476,0.0,0.0,0.0,0.004,103911.781818
1665114,IT,ES,VEGE1,HEALT,0.18,57146.576,4,4,57146.564,0.0,0.0,0.0,0.012,317480.977778
1730239,IT,SE,TRAN2,SUPPO,0.09,57145.674,4,4,57145.672,0.0,0.0,0.0,0.002,634951.933333
1802533,IT,WE,POSTT,PUBLI,0.94,57145.193,4,4,57145.189,0.0,0.0,0.0,0.004,60792.758511
1806870,IT,WF,HOTEL,NATUR,0.41,57144.567,4,4,57144.563,0.0,0.0,0.0,0.004,139376.992683
1667749,IT,ES,OFFIC,COPPE,0.18,57144.061,4,4,57144.057,0.0,0.0,0.0,0.004,317467.005556
1805650,IT,WF,NONME,BIOG1,0.12,57142.51,4,4,57142.504,0.0,0.0,0.0,0.006,476187.583333
1669634,IT,ES,RENTI,REALE,0.34,57137.042,4,4,57137.039,0.0,0.0,0.0,0.003,168050.123529
1689253,IT,IE,WHOLE,CHEM1,0.49,57136.18,4,4,57136.177,0.0,0.0,0.0,0.003,116604.44898
1756712,IT,KR,SEACO,SALEM,0.06,57135.698,3,3,57135.698,0.0,0.0,0.0,0.0,952261.633333
1680200,IT,GR,TRANS,BEVER,0.34,57134.684,4,4,57134.681,0.0,0.0,0.0,0.003,168043.188235
1664490,IT,EE,MOTO1,FABRI,0.3,57134.309,4,4,57134.305,0.0,0.0,0.0,0.004,190447.696667
1813362,IT,WM,FURNI,PLAST,0.18,57131.287,4,4,57131.282,0.0,0.0,0.0,0.005,317396.038889
1809405,IT,WM,CHEMI,PAPER,0.14,57128.243,5,5,57125.238,0.0,0.0,3.0,0.005,408058.878571
1747578,IT,JP,AIRTR,NONF1,0.06,57127.457,4,4,57127.455,0.0,0.0,0.0,0.002,952124.283333
1728136,IT,SE,DAIRY,RAWMI,0.23,57124.091,4,4,57124.087,0.0,0.0,0.0,0.004,248365.613043
1807335,IT,WF,POSTT,FINAN,0.94,57120.569,4,4,57120.565,0.0,0.0,0.0,0.004,60766.562766
1782236,IT,NO,PREC1,PREC1,0.1,57117.722,4,4,57117.719,0.0,0.0,0.0,0.003,571177.22
1648165,IT,BE,BUSIN,WEARI,0.59,57117.594,4,4,57117.59,0.0,0.0,0.0,0.004,96809.481356
1769134,IT,AU,CHEM1,FOOD5,0.12,57111.324,4,4,57111.318,0.0,0.0,0.0,0.006,475927.7
1685062,IT,HU,PROCE,FOOD5,0.39,57107.711,4,4,57107.707,0.0,0.0,0.0,0.004,146430.028205
1795286,IT,WL,CERAM,PRIVA,0.09,57102.254,4,4,57102.251,0.0,0.0,0.0,0.003,634469.488889
1684145,IT,HR,LANDT,TEXTI,0.37,57099.582,4,4,57099.579,0.0,0.0,0.0,0.003,154323.194595
1720306,IT,PL,FABRI,LEAD1,0.23,57096.644,4,4,57096.64,0.0,0.0,0.0,0.004,248246.278261
1803708,IT,WF,BEVER,PUBLI,0.24,57093.177,4,4,57093.173,0.0,0.0,0.0,0.004,237888.2375
1810825,IT,WM,KEROS,CEMEN,0.08,57080.156,4,4,57080.151,0.0,0.0,0.0,0.005,713501.95
1793484,IT,WL,CHEMI,FOOD5,0.14,57079.888,5,5,57076.883,0.0,0.0,3.0,0.005,407713.485714
1641642,IT,AT,PARAF,NFERT,0.09,57077.721,4,4,57077.717,0.0,0.0,0.0,0.004,634196.9
1791067,IT,WA,TRANS,LEATH,0.34,57075.914,4,4,57075.911,0.0,0.0,0.0,0.003,167870.335294
1682168,IT,HR,TEXTI,WASTE,0.34,57074.925,4,4,57074.917,0.0,0.0,0.0,0.008,167867.426471
1658217,IT,DE,LEAD1,ELEC1,0.1,57074.059,4,4,57074.054,0.0,0.0,0.0,0.005,570740.59
1806100,IT,WF,FABRI,MEATC,0.23,57074.032,4,4,57074.028,0.0,0.0,0.0,0.004,248147.965217
1777606,IT,TR,ALUM1,CEMEN,0.1,57072.73,4,4,57072.725,0.0,0.0,0.0,0.005,570727.3
1690370,IT,IE,WASTE,WOODW,0.18,57071.709,4,4,57071.706,0.0,0.0,0.0,0.003,317065.05
1645864,IT,BE,GLASS,BASIC,0.16,57066.012,4,4,57066.009,0.0,0.0,0.0,0.003,356662.575
1718276,IT,PL,FOOD5,MOTOR,0.27,57063.9,4,4,57063.895,0.0,0.0,0.0,0.005,211347.777778
1670629,IT,FI,LEATH,LEATH,0.41,57063.393,4,4,57063.383,0.0,0.0,0.0,0.01,139179.007317
1800727,IT,WE,NONME,CROPS,0.12,57056.14,4,4,57056.134,0.0,0.0,0.0,0.006,475467.833333
1641725,IT,AT,PLAST,RENTI,0.12,57054.853,4,4,57054.847,0.0,0.0,0.0,0.006,475457.108333
1748436,IT,CN,STONE,CROPS,0.18,57053.513,5,5,57050.51,0.0,0.0,3.0,0.003,316963.961111
1715982,IT,NL,CERAM,COMPU,0.09,57053.459,4,4,57053.456,0.0,0.0,0.0,0.003,633927.322222
1718960,IT,PL,PRINT,AUXIL,0.55,57041.415,4,4,57041.411,0.0,0.0,0.0,0.004,103711.663636
1761217,IT,IN,ADDIT,FURNI,0.13,57039.27,4,4,57039.266,0.0,0.0,0.0,0.004,438763.615385
1791872,IT,WA,LANDT,RESEA,0.37,57038.609,4,4,57038.606,0.0,0.0,0.0,0.003,154158.402703
1679044,IT,GR,WOODW,COPP1,0.16,57035.783,4,4,57035.779,0.0,0.0,0.0,0.004,356473.64375
1726922,IT,RO,HOTEL,LIGNI,0.41,57033.899,4,4,57033.895,0.0,0.0,0.0,0.004,139107.070732
1718885,IT,PL,PRINT,BITUM,0.55,57031.376,4,4,57031.372,0.0,0.0,0.0,0.004,103693.410909
1729596,IT,SE,NONF1,OFFIC,0.01,57027.476,3,3,57027.476,0.0,0.0,0.0,0.0,5702747.6
1670897,IT,FI,CHEM1,WHEAT,0.12,57024.744,4,4,57024.738,0.0,0.0,0.0,0.006,475206.2
1656321,IT,DE,LEATH,RESEA,0.41,57022.081,4,4,57022.071,0.0,0.0,0.0,0.01,139078.246341
1727282,IT,RO,SUPPO,93197,0.41,57021.304,4,4,57021.301,0.0,0.0,0.0,0.003,139076.35122
1668261,IT,ES,WHOLE,MEATP,0.49,57018.618,4,4,57018.615,0.0,0.0,0.0,0.003,116364.526531
1811519,IT,WM,NFERT,PROCE,0.01,57017.859,4,4,57017.854,0.0,0.0,0.0,0.005,5701785.9
1688647,IT,IE,CHEM1,WHEAT,0.12,57016.053,4,4,57016.047,0.0,0.0,0.0,0.006,475133.775
1800479,IT,WE,RUBBE,STONE,0.19,57012.397,4,4,57012.392,0.0,0.0,0.0,0.005,300065.247368
1640916,IT,AT,LEATH,COMPU,0.41,57007.407,4,4,57007.397,0.0,0.0,0.0,0.01,139042.456098
1665314,IT,ES,FISH5,CATTL,0.24,57007.227,4,4,57007.198,0.0,0.0,0.0,0.029,237530.1125
1659397,IT,DE,WHOLE,LEATH,0.49,56993.049,4,4,56993.046,0.0,0.0,0.0,0.003,116312.344898
1807744,IT,WF,PUBLI,SUGA1,0.93,56991.766,4,4,56991.762,0.0,0.0,0.0,0.004,61281.468817
1727905,IT,SE,CEREA,HEALT,0.09,56985.454,4,4,56985.451,0.0,0.0,0.0,0.003,633171.711111
1775648,IT,CH,93197,INSUR,0.38,56983.533,4,4,56983.528,0.0,0.0,0.0,0.005,149956.665789
1733968,IT,SI,SUPPO,HOTEL,0.41,56981.903,4,4,56981.9,0.0,0.0,0.0,0.003,138980.25122
1798170,IT,WE,WHEAT,93197,0.04,56981.454,3,3,56981.454,0.0,0.0,0.0,0.0,1424536.35
1783246,IT,NO,PUBLI,WOODW,0.93,56977.601,4,4,56977.597,0.0,0.0,0.0,0.004,61266.237634
1647493,IT,BE,SUPPO,MOTOR,0.41,56976.404,4,4,56976.401,0.0,0.0,0.0,0.003,138966.839024
1680875,IT,GR,LANDT,LIQUE,0.37,56976.232,4,4,56976.229,0.0,0.0,0.0,0.003,153989.816216
1670328,IT,FI,MEAT4,HOTEL,0.31,56975.938,4,4,56975.934,0.0,0.0,0.0,0.004,183793.348387
1641436,IT,AT,GASDI,ALUM1,0.08,56974.517,4,4,56974.512,0.0,0.0,0.0,0.005,712181.4625
1665904,IT,ES,COALT,LUBRI,0.09,56968.937,4,4,56968.934,0.0,0.0,0.0,0.003,632988.188889
1662069,IT,DK,CHEM1,CERAM,0.12,56967.895,4,4,56967.889,0.0,0.0,0.0,0.006,474732.458333
1743585,IT,US,HOTEL,KEROS,0.41,56966.759,4,4,56966.755,0.0,0.0,0.0,0.004,138943.314634
1667478,IT,ES,FABRI,CHEMI,0.23,56965.211,4,4,56965.207,0.0,0.0,0.0,0.004,247674.830435
1755799,IT,KR,CERAM,MACHI,0.09,56957.855,4,4,56957.852,0.0,0.0,0.0,0.003,632865.055556
1737189,IT,GB,DAIRY,WHOLE,0.23,56957.658,4,4,56957.654,0.0,0.0,0.0,0.004,247641.991304
1800974,IT,WE,ALUM1,RUBBE,0.1,56957.297,4,4,56957.292,0.0,0.0,0.0,0.005,569572.97
1737734,IT,GB,HEAVY,RAWMI,0.09,56956.828,4,4,56956.823,0.0,0.0,0.0,0.005,632853.644444
1805437,IT,WF,GLASS,STONE,0.16,56953.868,4,4,56953.865,0.0,0.0,0.0,0.003,355961.675
1658825,IT,DE,MOTO1,TRAN1,0.3,56953.787,4,4,56953.783,0.0,0.0,0.0,0.004,189845.956667
1750587,IT,CN,OFFIC,BASIC,0.18,56952.076,4,4,56952.072,0.0,0.0,0.0,0.004,316400.422222
1673179,IT,FR,BEVER,DIST1,0.24,56949.945,4,4,56949.941,0.0,0.0,0.0,0.004,237291.4375
1645126,IT,BE,PAPER,RECRE,0.22,56949.389,4,4,56949.383,0.0,0.0,0.0,0.006,258860.859091
1714380,IT,NL,WHEAT,FOOD5,0.04,56945.661,3,3,56945.661,0.0,0.0,0.0,0.0,1423641.525
1771525,IT,CH,TEXTI,CROPS,0.34,56936.481,4,4,56936.473,0.0,0.0,0.0,0.008,167460.238235
1757853,IT,BR,CHEM1,PROCE,0.12,56930.337,4,4,56930.331,0.0,0.0,0.0,0.006,474419.475
1814982,IT,WM,PRIVA,RESEA,12.7,56924.945,5,5,56923.936,1.0,0.0,0.0,0.009,4482.279134
1761119,IT,IN,CHEM1,PULP5,0.12,56924.93,4,4,56924.924,0.0,0.0,0.0,0.006,474374.416667
1737154,IT,GB,VEGE1,WHOLE,0.18,56923.032,4,4,56923.02,0.0,0.0,0.0,0.012,316239.066667
1661447,IT,DK,DAIRY,WHOLE,0.23,56922.474,4,4,56922.47,0.0,0.0,0.0,0.004,247489.017391
1757943,IT,BR,ADDIT,KEROS,0.13,56920.657,4,4,56920.653,0.0,0.0,0.0,0.004,437851.207692
1689583,IT,IE,AIRTR,NONF1,0.06,56917.907,4,4,56917.905,0.0,0.0,0.0,0.002,948631.783333
1685395,IT,HU,LEATH,WHOLE,0.41,56916.05,4,4,56916.04,0.0,0.0,0.0,0.01,138819.634146
1656316,IT,DE,LEATH,LANDT,0.41,56915.952,4,4,56915.942,0.0,0.0,0.0,0.01,138819.395122
1777059,IT,TR,CHEM1,NONF1,0.12,56914.566,4,4,56914.56,0.0,0.0,0.0,0.006,474288.05
1756880,IT,KR,POSTT,FINAN,0.94,56908.75,4,4,56908.746,0.0,0.0,0.0,0.004,60541.223404
1687676,IT,HU,AIRTR,RAILW,0.06,56906.311,4,4,56906.309,0.0,0.0,0.0,0.002,948438.516667
1719946,IT,PL,PREC1,COLLE,0.1,56904.538,4,4,56904.535,0.0,0.0,0.0,0.003,569045.38
1641255,IT,AT,MOTOR,NAPHT,0.09,56903.391,4,4,56903.386,0.0,0.0,0.0,0.005,632259.9
1806658,IT,WF,RETAI,INSUR,0.45,56893.825,4,4,56893.821,0.0,0.0,0.0,0.004,126430.722222
1793877,IT,WL,TEXTI,INSUR,0.34,56892.244,4,4,56892.236,0.0,0.0,0.0,0.008,167330.129412
1677865,IT,FR,BUSIN,PULP5,0.58,56890.622,4,4,56890.618,0.0,0.0,0.0,0.004,98087.27931
1755105,IT,KR,LEATH,WOODW,0.41,56889.009,4,4,56888.999,0.0,0.0,0.0,0.01,138753.680488
1755706,IT,KR,RUBBE,EDUCA,0.19,56888.259,4,4,56888.254,0.0,0.0,0.0,0.005,299411.889474
1662501,IT,DK,COPP1,FISH5,0.14,56883.908,4,4,56883.905,0.0,0.0,0.0,0.003,406313.628571
1808411,IT,WF,WASTE,HEALT,0.18,56880.911,4,4,56880.908,0.0,0.0,0.0,0.003,316005.061111
1780273,IT,TW,LANDT,FABRI,0.37,56880.808,4,4,56880.805,0.0,0.0,0.0,0.003,153731.913514
1720533,IT,PL,OFFIC,PRINT,0.18,56874.766,4,4,56874.762,0.0,0.0,0.0,0.004,315970.922222
1806460,IT,WF,TRANS,PFERT,0.34,56871.636,4,4,56871.633,0.0,0.0,0.0,0.003,167269.517647
1806015,IT,WF,COPP1,NONME,0.14,56869.935,4,4,56869.932,0.0,0.0,0.0,0.003,406213.821429
1663600,IT,DK,BUSIN,FOOD5,0.58,56867.41,4,4,56867.406,0.0,0.0,0.0,0.004,98047.258621
1721567,IT,PL,SUPPO,RECRE,0.41,56865.249,4,4,56865.246,0.0,0.0,0.0,0.003,138695.729268
1656334,IT,DE,WOODW,PIGS9,0.16,56863.49,4,4,56863.486,0.0,0.0,0.0,0.004,355396.8125
1788249,IT,WA,LEATH,FISH5,0.41,56858.555,4,4,56858.545,0.0,0.0,0.0,0.01,138679.402439
1641616,IT,AT,NAPHT,SUPPO,0.1,56855.796,4,4,56855.792,0.0,0.0,0.0,0.004,568557.96
1676830,IT,FR,LANDT,COLLE,0.37,56850.563,4,4,56850.56,0.0,0.0,0.0,0.003,153650.17027
1659370,IT,DE,WHOLE,WHEAT,0.49,56847.479,4,4,56847.476,0.0,0.0,0.0,0.003,116015.263265
1812514,IT,WM,ALUM1,PROCE,0.1,56847.003,4,4,56846.998,0.0,0.0,0.0,0.005,568470.03
1730308,IT,SE,AIRTR,RETA1,0.06,56845.602,4,4,56845.6,0.0,0.0,0.0,0.002,947426.7
1811070,IT,WM,HEAVY,GLASS,0.09,56841.165,4,4,56841.16,0.0,0.0,0.0,0.005,631568.5
1732431,IT,SI,CHEM1,VEGET,0.12,56840.6,4,4,56840.594,0.0,0.0,0.0,0.006,473671.666667
1810062,IT,WM,TEXTI,ALUM1,0.34,56837.776,4,4,56837.768,0.0,0.0,0.0,0.008,167169.929412
1791091,IT,WA,TRANS,CEMEN,0.34,56836.99,4,4,56836.987,0.0,0.0,0.0,0.003,167167.617647
1798426,IT,WE,NATUR,BEVER,0.08,56835.051,4,4,56835.047,0.0,0.0,0.0,0.004,710438.1375
1803176,IT,WF,CROPS,CROPS,0.45,56834.857,4,4,56834.854,0.0,0.0,0.0,0.003,126299.682222
1742978,IT,US,MACHI,FOOD2,0.32,56833.38,4,4,56833.375,0.0,0.0,0.0,0.005,177604.3125
1759280,IT,BR,POSTT,RADIO,0.94,56830.198,4,4,56830.194,0.0,0.0,0.0,0.004,60457.657447
1814467,IT,WM,COMPU,POSTT,0.65,56830.148,4,4,56830.144,0.0,0.0,0.0,0.004,87430.996923
1745861,IT,JP,LEATH,FOUND,0.41,56829.003,4,4,56828.993,0.0,0.0,0.0,0.01,138607.32439
1788937,IT,WA,HEAVY,WEARI,0.09,56827.383,4,4,56827.378,0.0,0.0,0.0,0.005,631415.366667
1808519,IT,WF,PAPE4,CATTL,0.37,56822.94,4,4,56822.937,0.0,0.0,0.0,0.003,153575.513514
1664180,IT,EE,GLASS,RUBBE,0.16,56818.697,4,4,56818.694,0.0,0.0,0.0,0.003,355116.85625
1686630,IT,HU,LEAD1,FOUND,0.1,56818.571,4,4,56818.566,0.0,0.0,0.0,0.005,568185.71
1737708,IT,GB,KEROS,HEAVY,0.08,56818.498,4,4,56818.493,0.0,0.0,0.0,0.005,710231.225
1678946,IT,GR,TEXTI,REALE,0.34,56816.305,4,4,56816.297,0.0,0.0,0.0,0.008,167106.779412
1742230,IT,US,CERAM,NONME,0.09,56813.922,4,4,56813.919,0.0,0.0,0.0,0.003,631265.8
1672953,IT,FR,DAIRY,SEACO,0.23,56810.454,4,4,56810.45,0.0,0.0,0.0,0.004,247001.973913
1806066,IT,WF,NONF1,CHARC,0.01,56810.426,3,3,56810.426,0.0,0.0,0.0,0.0,5681042.6
1676346,IT,FR,WHOLE,OILSE,0.49,56810.197,4,4,56810.194,0.0,0.0,0.0,0.003,115939.177551
1669176,IT,ES,POSTT,FABRI,0.94,56809.561,4,4,56809.557,0.0,0.0,0.0,0.004,60435.703191
1796560,IT,WL,RETA1,93197,0.59,56809.006,4,4,56809.002,0.0,0.0,0.0,0.004,96286.450847
1724454,IT,PT,AIRTR,EDUCA,0.06,56807.012,4,4,56807.01,0.0,0.0,0.0,0.002,946783.533333
1793935,IT,WL,LEATH,CHEM1,0.41,56806.59,4,4,56806.58,0.0,0.0,0.0,0.01,138552.658537
1663015,IT,DK,HOTEL,ALUM1,0.41,56805.315,4,4,56805.311,0.0,0.0,0.0,0.004,138549.54878
1643975,IT,AT,COMPU,WHOLE,0.65,56796.918,4,4,56796.914,0.0,0.0,0.0,0.004,87379.873846
1746425,IT,JP,RUBBE,BUSIN,0.19,56796.133,4,4,56796.128,0.0,0.0,0.0,0.005,298927.015789
1747984,IT,JP,RESEA,COMPU,0.31,56795.492,4,4,56795.488,0.0,0.0,0.0,0.004,183211.264516
1792619,IT,WA,COMPU,BUSIN,0.65,56794.241,4,4,56794.237,0.0,0.0,0.0,0.004,87375.755385
1645791,IT,BE,RUBBE,TRAN2,0.19,56793.448,4,4,56793.443,0.0,0.0,0.0,0.005,298912.884211
1689432,IT,IE,HOTEL,RUBBE,0.41,56793.053,4,4,56793.049,0.0,0.0,0.0,0.004,138519.641463
1792760,IT,WA,BUSIN,DISTR,0.58,56792.456,4,4,56792.452,0.0,0.0,0.0,0.004,97918.027586
1722756,IT,PT,PAPER,FISH5,0.22,56787.86,4,4,56787.854,0.0,0.0,0.0,0.006,258126.636364
1719993,IT,PL,ALUM1,STONE,0.1,56785.725,4,4,56785.72,0.0,0.0,0.0,0.005,567857.25
1689584,IT,IE,AIRTR,FABRI,0.06,56785.249,4,4,56785.247,0.0,0.0,0.0,0.002,946420.816667
1779341,IT,TR,INSUR,ELEC5,1.17,56780.429,4,4,56780.426,0.0,0.0,0.0,0.003,48530.281197
1785382,IT,ZA,PAPER,MEATC,0.22,56779.238,4,4,56779.232,0.0,0.0,0.0,0.006,258087.445455
1729023,IT,SE,RUBBE,MEATC,0.19,56774.132,4,4,56774.127,0.0,0.0,0.0,0.005,298811.221053
1812621,IT,WM,LEAD1,HEALT,0.1,56769.275,4,4,56769.27,0.0,0.0,0.0,0.005,567692.75
1739515,IT,GB,LANDT,FINAN,0.37,56760.769,4,4,56760.766,0.0,0.0,0.0,0.003,153407.483784
1775856,IT,TR,DAIRY,MEAT4,0.23,56757.815,4,4,56757.811,0.0,0.0,0.0,0.004,246773.108696
1661508,IT,DK,FOOD5,RADIO,0.27,56749.955,4,4,56749.95,0.0,0.0,0.0,0.005,210185.018519
1768418,IT,AU,VEGE1,HEALT,0.17,56749.694,4,4,56749.682,0.0,0.0,0.0,0.012,333821.729412
1668731,IT,ES,LANDT,BIODI,0.37,56747.094,4,4,56747.091,0.0,0.0,0.0,0.003,153370.524324
1740588,IT,US,FORES,FOOD5,0.5,56744.801,4,4,56722.801,0.0,22.0,0.0,0.0,113489.602
1721469,IT,PL,AIRTR,RENTI,0.06,56743.565,4,4,56743.563,0.0,0.0,0.0,0.002,945726.083333
1752679,IT,CA,WEARI,RETA1,0.43,56743.111,4,4,56743.1,0.0,0.0,0.0,0.011,131960.723256
1646348,IT,BE,FABRI,PAPER,0.23,56742.414,4,4,56742.41,0.0,0.0,0.0,0.004,246706.147826
1754179,IT,CA,SUPPO,CONST,0.41,56739.409,4,4,56739.406,0.0,0.0,0.0,0.003,138388.802439
1745640,IT,JP,TEXTI,GLASS,0.34,56738.92,4,4,56738.912,0.0,0.0,0.0,0.008,166879.176471
1649916,IT,BG,FABRI,PAPER,0.23,56738.733,4,4,56738.729,0.0,0.0,0.0,0.004,246690.143478
1761310,IT,IN,RUBBE,HEALT,0.19,56738.171,4,4,56738.166,0.0,0.0,0.0,0.005,298621.952632
1741203,IT,US,WOODW,TEXTI,0.16,56738.003,4,4,56737.999,0.0,0.0,0.0,0.004,354612.51875
1670994,IT,FI,CHEM1,FOOD3,0.12,56734.762,4,4,56734.756,0.0,0.0,0.0,0.006,472789.683333
1732651,IT,SI,GLASS,RENTI,0.16,56734.232,4,4,56734.229,0.0,0.0,0.0,0.003,354588.95
1757313,IT,BR,FOOD5,HEALT,0.27,56731.166,4,4,56731.161,0.0,0.0,0.0,0.005,210115.42963
1793185,IT,WA,93197,SALEM,0.38,56730.477,4,4,56730.472,0.0,0.0,0.0,0.005,149290.728947
1720428,IT,PL,MACHI,LUBRI,0.32,56729.291,4,4,56729.286,0.0,0.0,0.0,0.005,177279.034375
1806927,IT,WF,RAILW,WHOLE,0.38,56726.958,4,4,56726.955,0.0,0.0,0.0,0.003,149281.468421
1795930,IT,WL,MOTO1,BITUM,0.3,56724.69,4,4,56724.686,0.0,0.0,0.0,0.004,189082.3
1783750,IT,NO,PAPE4,BASIC,0.37,56723.784,4,4,56723.781,0.0,0.0,0.0,0.003,153307.524324
1725677,IT,RO,PAPER,GLASS,0.22,56723.437,4,4,56723.431,0.0,0.0,0.0,0.006,257833.804545
1655305,IT,DE,CEREA,PUBLI,0.09,56718.791,4,4,56718.788,0.0,0.0,0.0,0.003,630208.788889
1656633,IT,DE,PRINT,AIRTR,0.54,56718.677,4,4,56718.673,0.0,0.0,0.0,0.004,105034.587037
1749410,IT,CN,KEROS,NONFE,0.08,56717.644,4,4,56717.639,0.0,0.0,0.0,0.005,708970.55
1725424,IT,RO,TEXTI,RESEA,0.34,56717.489,4,4,56717.481,0.0,0.0,0.0,0.008,166816.144118
1661867,IT,DK,PAPER,CONST,0.22,56712.129,4,4,56712.123,0.0,0.0,0.0,0.006,257782.404545
1763800,IT,MX,CERAM,FABRI,0.09,56711.307,4,4,56711.304,0.0,0.0,0.0,0.003,630125.633333
1685913,IT,HU,CHEM1,RETAI,0.12,56710.275,4,4,56710.269,0.0,0.0,0.0,0.006,472585.625
1787557,IT,WA,CHEMI,REALE,0.14,56708.971,5,5,56705.966,0.0,0.0,3.0,0.005,405064.078571
1730314,IT,SE,AIRTR,REALE,0.06,56705.244,4,4,56705.242,0.0,0.0,0.0,0.002,945087.4
1646889,IT,BE,WHOLE,MOTOR,0.49,56701.847,4,4,56701.844,0.0,0.0,0.0,0.003,115718.055102
1746719,IT,JP,FABRI,ELEC4,0.23,56700.654,4,4,56700.65,0.0,0.0,0.0,0.004,246524.582609
1670814,IT,FI,KEROS,CATTL,0.08,56697.221,4,4,56697.216,0.0,0.0,0.0,0.005,708715.2625
1645628,IT,BE,CHEM1,MEDIC,0.12,56693.0,4,4,56692.994,0.0,0.0,0.0,0.006,472441.666667
1682287,IT,HR,LEATH,HOTEL,0.41,56691.91,4,4,56691.9,0.0,0.0,0.0,0.01,138272.95122
1807877,IT,WF,PAPE1,RETA1,0.4,56684.82,4,4,56684.816,0.0,0.0,0.0,0.004,141712.05
1738777,IT,GB,OFFIC,MOTO1,0.18,56683.919,4,4,56683.915,0.0,0.0,0.0,0.004,314910.661111
1714534,IT,NL,CRUDE,CERAM,0.11,56680.878,4,4,56680.873,0.0,0.0,0.0,0.005,515280.709091
1677018,IT,FR,SUPPO,RAWMI,0.41,56679.777,4,4,56679.774,0.0,0.0,0.0,0.003,138243.358537
1662155,IT,DK,RUBBE,COPP1,0.19,56677.967,4,4,56677.962,0.0,0.0,0.0,0.005,298305.089474
1659378,IT,DE,WHOLE,POULT,0.49,56677.851,4,4,56677.848,0.0,0.0,0.0,0.003,115669.083673
1801409,IT,WE,OFFIC,REALE,0.18,56673.977,4,4,56673.973,0.0,0.0,0.0,0.004,314855.427778
1675091,IT,FR,ALUM1,FOOD3,0.1,56671.631,4,4,56671.626,0.0,0.0,0.0,0.005,566716.31
1764778,IT,MX,HOTEL,MEMBE,0.41,56669.621,4,4,56669.617,0.0,0.0,0.0,0.004,138218.587805
1746661,IT,JP,NONF1,LEAD1,0.01,56669.265,3,3,56669.265,0.0,0.0,0.0,0.0,5666926.5
1749583,IT,CN,PLAST,MEMBE,0.12,56668.565,4,4,56668.559,0.0,0.0,0.0,0.006,472238.041667
1644238,IT,BE,OILSE,BUSIN,0.04,56665.35,4,4,56665.347,0.0,0.0,0.0,0.003,1416633.75
1643962,IT,AT,COMPU,TRANS,0.65,56663.25,4,4,56663.246,0.0,0.0,0.0,0.004,87174.230769
1753904,IT,CA,RAILW,BASIC,0.38,56663.135,4,4,56663.132,0.0,0.0,0.0,0.003,149113.513158
1657792,IT,DE,NONME,ADDIT,0.11,56661.726,4,4,56661.72,0.0,0.0,0.0,0.006,515106.6
1805393,IT,WF,RUBBE,ELEC4,0.19,56659.656,4,4,56659.651,0.0,0.0,0.0,0.005,298208.715789
1729479,IT,SE,ALUM1,CHEM1,0.1,56659.218,4,4,56659.213,0.0,0.0,0.0,0.005,566592.18
1803142,IT,WF,VEGET,FURNI,0.2,56645.733,4,4,56645.731,0.0,0.0,0.0,0.002,283228.665
1795932,IT,WL,MOTO1,NATUR,0.3,56642.966,4,4,56642.962,0.0,0.0,0.0,0.004,188809.886667
1653846,IT,CZ,FABRI,LEATH,0.23,56642.762,4,4,56642.758,0.0,0.0,0.0,0.004,246272.878261
1786263,IT,ZA,FABRI,NONFE,0.23,56641.781,4,4,56641.777,0.0,0.0,0.0,0.004,246268.613043
1646881,IT,BE,WHOLE,TEXTI,0.49,56641.647,4,4,56641.644,0.0,0.0,0.0,0.003,115595.197959
1807168,IT,WF,AIRTR,PREC1,0.06,56641.023,4,4,56641.021,0.0,0.0,0.0,0.002,944017.05
1667259,IT,ES,PREC1,RECRE,0.1,56640.567,4,4,56640.564,0.0,0.0,0.0,0.003,566405.67
1709762,IT,LT,RUBBE,PIGS9,0.19,56637.43,4,4,56637.425,0.0,0.0,0.0,0.005,298091.736842
1682880,IT,HR,NAPHT,FOOD5,0.1,56636.12,4,4,56636.116,0.0,0.0,0.0,0.004,566361.2
1812711,IT,WM,NONF1,ANIMA,0.01,56631.644,3,3,56631.644,0.0,0.0,0.0,0.0,5663164.4
1788733,IT,WA,MOTOR,MACHI,0.08,56628.062,4,4,56628.057,0.0,0.0,0.0,0.005,707850.775
1640409,IT,AT,VEGE1,CATTL,0.17,56625.658,4,4,56625.646,0.0,0.0,0.0,0.012,333092.105882
1764466,IT,MX,FURNI,SUPPO,0.18,56625.608,4,4,56625.603,0.0,0.0,0.0,0.005,314586.711111
1728650,IT,SE,PRINT,MACHI,0.54,56620.74,4,4,56620.736,0.0,0.0,0.0,0.004,104853.222222
1660206,IT,DE,SUPPO,BUSIN,0.41,56615.522,4,4,56615.519,0.0,0.0,0.0,0.003,138086.639024
1717213,IT,NL,SUPPO,CONST,0.41,56614.731,4,4,56614.728,0.0,0.0,0.0,0.003,138084.709756
1799209,IT,WE,LEATH,RAWMI,0.41,56612.929,4,4,56612.919,0.0,0.0,0.0,0.01,138080.314634
1654966,IT,CZ,INSUR,CONST,1.17,56612.835,4,4,56612.832,0.0,0.0,0.0,0.003,48387.038462
1712660,IT,LV,CONST,VEGET,0.32,56611.544,4,4,56611.541,0.0,0.0,0.0,0.003,176911.075
1796384,IT,WL,WHOLE,PRINT,0.49,56611.232,4,4,56611.229,0.0,0.0,0.0,0.003,115533.126531
1742440,IT,US,BASIC,CATTL,0.07,56607.912,4,4,56607.908,0.0,0.0,0.0,0.004,808684.457143
1752930,IT,CA,PLAST,COKEO,0.12,56605.853,4,4,56605.847,0.0,0.0,0.0,0.006,471715.441667
1678747,IT,GR,SUGA1,FOOD5,0.14,56604.942,4,4,56604.932,0.0,0.0,0.0,0.01,404321.014286
1751903,IT,CN,COMPU,GLASS,0.65,56602.605,4,4,56602.601,0.0,0.0,0.0,0.004,87080.930769
1664594,IT,EE,HOTEL,BUSIN,0.41,56601.706,4,4,56601.702,0.0,0.0,0.0,0.004,138052.941463
1801197,IT,WE,FABRI,NFERT,0.23,56599.994,4,4,56599.99,0.0,0.0,0.0,0.004,246086.930435
1806032,IT,WF,COPP1,DISTR,0.14,56599.915,4,4,56599.912,0.0,0.0,0.0,0.003,404285.107143
1773064,IT,CH,ALUM1,RAILW,0.1,56599.901,4,4,56599.896,0.0,0.0,0.0,0.005,565999.01
1750675,IT,CN,MOTO1,NONME,0.3,56597.833,4,4,56597.829,0.0,0.0,0.0,0.004,188659.443333
1726146,IT,RO,RUBBE,MEMBE,0.19,56589.914,4,4,56589.909,0.0,0.0,0.0,0.005,297841.652632
1757770,IT,BR,PLAST,WOODW,0.12,56589.779,4,4,56589.773,0.0,0.0,0.0,0.006,471581.491667
1678891,IT,GR,TEXTI,FISHF,0.34,56588.845,4,4,56588.837,0.0,0.0,0.0,0.008,166437.779412
1713680,IT,MT,FABRI,MEAT1,0.23,56585.513,4,4,56585.509,0.0,0.0,0.0,0.004,246023.969565
1800919,IT,WE,PREC1,WHOLE,0.1,56584.916,4,4,56584.913,0.0,0.0,0.0,0.003,565849.16
1652822,IT,CZ,PRINT,MACHI,0.54,56582.234,4,4,56582.23,0.0,0.0,0.0,0.004,104781.914815
1798679,IT,WE,VEGE1,CHEM1,0.17,56581.236,4,4,56581.224,0.0,0.0,0.0,0.012,332830.8
1740056,IT,GB,RENTI,RETA1,0.34,56580.046,4,4,56580.043,0.0,0.0,0.0,0.003,166411.9
1712026,IT,LV,DAIRY,HOTEL,0.23,56573.014,4,4,56573.01,0.0,0.0,0.0,0.004,245969.626087
1762704,IT,IN,BUSIN,FOOD5,0.58,56572.106,4,4,56572.102,0.0,0.0,0.0,0.004,97538.113793
1673328,IT,FR,TEXTI,ALUM1,0.34,56569.37,4,4,56569.362,0.0,0.0,0.0,0.008,166380.5
1714038,IT,MT,HOTEL,DISTR,0.41,56568.175,4,4,56568.171,0.0,0.0,0.0,0.004,137971.158537
1643824,IT,AT,FINAN,DISTR,0.74,56566.368,4,4,56566.366,0.0,0.0,0.0,0.002,76441.037838
1658962,IT,DE,FURNI,RECRE,0.18,56563.46,4,4,56563.455,0.0,0.0,0.0,0.005,314241.444444
1675913,IT,FR,ELEC2,TRAN2,0.01,56562.51,4,4,56562.504,0.0,0.0,0.0,0.006,5656251.0
1720842,IT,PL,FURNI,HOTEL,0.18,56560.412,4,4,56560.407,0.0,0.0,0.0,0.005,314224.511111
1656812,IT,DE,GASDI,MACHI,0.08,56554.425,4,4,56554.42,0.0,0.0,0.0,0.005,706930.3125
1810693,IT,WM,MOTOR,WHITE,0.08,56552.183,4,4,56552.178,0.0,0.0,0.0,0.005,706902.2875
1656719,IT,DE,MOTOR,ELEC3,0.08,56551.815,4,4,56551.81,0.0,0.0,0.0,0.005,706897.6875
1664698,IT,EE,AIRTR,CONST,0.06,56549.838,4,4,56549.836,0.0,0.0,0.0,0.002,942497.3
1658565,IT,DE,MACHI,LIQUE,0.32,56546.488,4,4,56546.483,0.0,0.0,0.0,0.005,176707.775
1667379,IT,ES,COPP1,WOODW,0.14,56545.596,4,4,56545.593,0.0,0.0,0.0,0.003,403897.114286
1640817,IT,AT,WEARI,SALEM,0.43,56538.319,4,4,56538.308,0.0,0.0,0.0,0.011,131484.462791
1770200,IT,AU,HOTEL,POULT,0.41,56535.501,4,4,56535.497,0.0,0.0,0.0,0.004,137891.465854
1657372,IT,DE,RUBBE,SUGAR,0.19,56531.89,4,4,56531.885,0.0,0.0,0.0,0.005,297536.263158
1814004,IT,WM,SEACO,PREC1,0.06,56526.544,3,3,56526.544,0.0,0.0,0.0,0.0,942109.066667
1757821,IT,BR,PFERT,FURNI,0.02,56525.363,4,4,56525.354,0.0,0.0,0.0,0.009,2826268.15
1809178,IT,WM,CATTL,RECRE,0.12,56525.056,5,5,56524.052,0.0,1.0,0.0,0.004,471042.133333
1789407,IT,WA,CHEM1,BLAST,0.12,56523.528,4,4,56523.522,0.0,0.0,0.0,0.006,471029.4
1736075,IT,SK,FURNI,EDUCA,0.18,56522.993,4,4,56522.988,0.0,0.0,0.0,0.005,314016.627778
1728071,IT,SE,MEAT4,MEATC,0.31,56522.593,4,4,56522.589,0.0,0.0,0.0,0.004,182330.945161
1796990,IT,WL,AIRTR,ELEC3,0.06,56516.572,4,4,56516.57,0.0,0.0,0.0,0.002,941942.866667
1812962,IT,WM,MACHI,LUBRI,0.32,56515.79,4,4,56515.785,0.0,0.0,0.0,0.005,176611.84375
1680271,IT,GR,FURNI,WEARI,0.18,56513.009,4,4,56513.004,0.0,0.0,0.0,0.005,313961.161111
1729592,IT,SE,NONF1,NONF1,0.01,56510.856,3,3,56510.856,0.0,0.0,0.0,0.0,5651085.6
1644637,IT,BE,FOOD5,SUPPO,0.27,56508.499,4,4,56508.494,0.0,0.0,0.0,0.005,209290.737037
1789925,IT,WA,CEMEN,LIQUE,0.09,56508.352,4,4,56508.349,0.0,0.0,0.0,0.003,627870.577778
1742334,IT,US,CEMEN,FOOD3,0.09,56505.477,4,4,56505.474,0.0,0.0,0.0,0.003,627838.633333
1763687,IT,MX,RUBBE,FOUND,0.19,56501.808,4,4,56501.803,0.0,0.0,0.0,0.005,297377.936842
1683613,IT,HR,FABRI,CHEMI,0.23,56500.736,4,4,56500.732,0.0,0.0,0.0,0.004,245655.373913
1747495,IT,JP,SEACO,FURNI,0.06,56494.619,3,3,56494.619,0.0,0.0,0.0,0.0,941576.983333
1723364,IT,PT,BASIC,STONE,0.07,56494.056,4,4,56494.052,0.0,0.0,0.0,0.004,807057.942857
1687982,IT,HU,RENTI,MOTO1,0.34,56491.13,4,4,56491.127,0.0,0.0,0.0,0.003,166150.382353
1783729,IT,NO,FOOD4,FOODW,0.41,56485.753,4,4,56485.749,0.0,0.0,0.0,0.004,137770.129268
1809260,IT,WM,CRUDE,OFFIC,0.11,56479.518,4,4,56479.513,0.0,0.0,0.0,0.005,513450.163636
1740395,IT,GB,HEALT,TRANS,0.29,56479.352,4,4,56479.35,0.0,0.0,0.0,0.002,194756.386207
1786360,IT,ZA,MACHI,DAIRY,0.32,56476.872,4,4,56476.867,0.0,0.0,0.0,0.005,176490.225
1739481,IT,GB,LANDT,NONF1,0.36,56475.656,4,4,56475.653,0.0,0.0,0.0,0.003,156876.822222
1649207,IT,BG,MOTOR,LEATH,0.08,56474.574,4,4,56474.569,0.0,0.0,0.0,0.005,705932.175
1673172,IT,FR,BEVER,RADIO,0.24,56470.519,4,4,56470.515,0.0,0.0,0.0,0.004,235293.829167
1642236,IT,AT,NONME,BEVER,0.11,56469.739,4,4,56469.733,0.0,0.0,0.0,0.006,513361.263636
1650555,IT,BG,ELEC7,OFFIC,0.04,56469.614,3,3,56469.614,0.0,0.0,0.0,0.0,1411740.35
1749023,IT,CN,LEATH,LEAD1,0.4,56469.254,4,4,56469.244,0.0,0.0,0.0,0.01,141173.135
1724370,IT,PT,SEACO,RETA1,0.06,56468.797,3,3,56468.797,0.0,0.0,0.0,0.0,941146.616667
1761518,IT,IN,ALUM1,TRANS,0.1,56467.127,4,4,56467.122,0.0,0.0,0.0,0.005,564671.27
1659498,IT,DE,RETA1,NONF1,0.59,56465.202,4,4,56465.198,0.0,0.0,0.0,0.004,95703.732203
1750429,IT,CN,MACHI,WHEAT,0.32,56464.39,4,4,56464.385,0.0,0.0,0.0,0.005,176451.21875
1740624,IT,US,CRUDE,HEAVY,0.11,56462.461,4,4,56462.456,0.0,0.0,0.0,0.005,513295.1
1732905,IT,SI,PREC1,MOTO1,0.1,56455.006,4,4,56455.003,0.0,0.0,0.0,0.003,564550.06
1649970,IT,BG,FABRI,AIRTR,0.23,56450.784,4,4,56450.78,0.0,0.0,0.0,0.004,245438.191304
1749964,IT,CN,CERAM,MACHI,0.09,56450.036,4,4,56450.033,0.0,0.0,0.0,0.003,627222.622222
1802211,IT,WE,HOTEL,RECRE,0.41,56446.725,4,4,56446.721,0.0,0.0,0.0,0.004,137674.939024
1726702,IT,RO,FURNI,TEXTI,0.18,56446.005,4,4,56446.0,0.0,0.0,0.0,0.005,313588.916667
1806064,IT,WF,NONF1,CHEMI,0.01,56442.52,3,3,56442.52,0.0,0.0,0.0,0.0,5644252.0
1765769,IT,RU,PRINT,HEALT,0.54,56440.76,4,4,56440.756,0.0,0.0,0.0,0.004,104519.925926
1763937,IT,MX,BASIC,NONF1,0.06,56436.052,4,4,56436.048,0.0,0.0,0.0,0.004,940600.866667
1723461,IT,PT,ALUM1,PAPER,0.1,56432.536,4,4,56432.531,0.0,0.0,0.0,0.005,564325.36
1662437,IT,DK,ALUM1,FISHF,0.1,56430.994,4,4,56430.989,0.0,0.0,0.0,0.005,564309.94
1664581,IT,EE,HOTEL,HOTEL,0.41,56430.901,4,4,56430.897,0.0,0.0,0.0,0.004,137636.343902
1722545,IT,PT,BEVER,LEATH,0.24,56426.986,4,4,56426.982,0.0,0.0,0.0,0.004,235112.441667
1773502,IT,CH,MOTO1,CHEMI,0.3,56426.095,4,4,56426.091,0.0,0.0,0.0,0.004,188086.983333
1812995,IT,WM,MACHI,ELEC4,0.31,56424.872,4,4,56424.867,0.0,0.0,0.0,0.005,182015.716129
1804456,IT,WF,GASDI,BITUM,0.08,56424.056,4,4,56424.051,0.0,0.0,0.0,0.005,705300.7
1686606,IT,HU,ALUM1,PAPE4,0.1,56423.077,4,4,56423.072,0.0,0.0,0.0,0.005,564230.77
1678530,IT,GR,VEGET,CATTL,0.2,56420.828,4,4,56420.826,0.0,0.0,0.0,0.002,282104.14
1674484,IT,FR,BIODI,SUPPO,0.12,56420.735,4,4,56420.729,0.0,0.0,0.0,0.006,470172.791667
1670158,IT,ES,MEMBE,PREC1,0.66,56420.473,4,4,56420.469,0.0,0.0,0.0,0.004,85485.565152
1784476,IT,ID,NONF1,LEAD1,0.01,56419.333,3,3,56419.333,0.0,0.0,0.0,0.0,5641933.3
1684291,IT,HR,AIRTR,WHOLE,0.06,56414.112,4,4,56414.11,0.0,0.0,0.0,0.002,940235.2
1720010,IT,PL,ALUM1,COKEO,0.1,56412.351,4,4,56412.346,0.0,0.0,0.0,0.005,564123.51
1709381,IT,LT,BEVER,POULT,0.24,56409.424,4,4,56409.42,0.0,0.0,0.0,0.004,235039.266667
1740543,IT,GB,93197,RECRE,0.38,56407.621,4,4,56407.616,0.0,0.0,0.0,0.005,148441.107895
1686933,IT,HU,MACHI,GLASS,0.31,56406.901,4,4,56406.896,0.0,0.0,0.0,0.005,181957.745161
1717285,IT,NL,POSTT,REALE,0.93,56402.122,4,4,56402.118,0.0,0.0,0.0,0.004,60647.443011
1653955,IT,CZ,MACHI,STONE,0.31,56394.812,4,4,56394.807,0.0,0.0,0.0,0.005,181918.748387
1655833,IT,DE,VEGE1,MEDIC,0.17,56389.768,4,4,56389.756,0.0,0.0,0.0,0.012,331704.517647
1763587,IT,MX,CHEM1,DISTR,0.12,56388.784,4,4,56388.778,0.0,0.0,0.0,0.006,469906.533333
1657737,IT,DE,CEMEN,DIST1,0.09,56387.829,4,4,56387.826,0.0,0.0,0.0,0.003,626531.433333
1770559,IT,AU,SUPPO,SUPPO,0.41,56376.118,4,4,56376.115,0.0,0.0,0.0,0.003,137502.726829
1800570,IT,WE,GLASS,CROPS,0.15,56375.004,4,4,56375.001,0.0,0.0,0.0,0.003,375833.36
1688682,IT,IE,CHEM1,HEAVY,0.12,56373.905,4,4,56373.899,0.0,0.0,0.0,0.006,469782.541667
1767516,IT,RU,SEACO,REALE,0.06,56372.412,3,3,56372.412,0.0,0.0,0.0,0.0,939540.2
1813522,IT,WM,WHOLE,VEGET,0.49,56371.037,4,4,56371.034,0.0,0.0,0.0,0.003,115042.932653
1726036,IT,RO,CHEM1,FOOD2,0.12,56370.25,4,4,56370.244,0.0,0.0,0.0,0.006,469752.083333
1684469,IT,HR,RENTI,LANDT,0.34,56363.98,4,4,56363.977,0.0,0.0,0.0,0.003,165776.411765
1762877,IT,MX,VEGET,FOOD5,0.2,56363.238,4,4,56363.236,0.0,0.0,0.0,0.002,281816.19
1790189,IT,WA,PREC1,ALUMI,0.1,56354.238,4,4,56354.235,0.0,0.0,0.0,0.003,563542.38
1772062,IT,CH,PRINT,WHOLE,0.54,56352.05,4,4,56352.046,0.0,0.0,0.0,0.004,104355.648148
1651465,IT,CY,GASDI,HEALT,0.08,56350.777,4,4,56350.772,0.0,0.0,0.0,0.005,704384.7125
1805542,IT,WF,BRICK,IRONO,0.08,56348.339,4,4,56348.335,0.0,0.0,0.0,0.004,704354.2375
1732177,IT,SI,GASDI,INSUR,0.08,56346.05,4,4,56346.045,0.0,0.0,0.0,0.005,704325.625
1813173,IT,WM,MOTO1,TRAN1,0.3,56344.37,4,4,56344.366,0.0,0.0,0.0,0.004,187814.566667
1744354,IT,US,FINAN,HEALT,0.73,56341.938,4,4,56341.936,0.0,0.0,0.0,0.002,77180.736986
1727849,IT,RO,BUSIN,RESEA,0.58,56338.409,4,4,56338.405,0.0,0.0,0.0,0.004,97135.187931
1766927,IT,RU,MOTO1,FORES,0.3,56337.187,4,4,56337.183,0.0,0.0,0.0,0.004,187790.623333
1778068,IT,TR,MOTO1,VEGET,0.3,56336.743,4,4,56336.739,0.0,0.0,0.0,0.004,187789.143333
1800334,IT,WE,CHEM1,FISHF,0.12,56335.052,4,4,56335.046,0.0,0.0,0.0,0.006,469458.766667
1744803,IT,US,RESEA,ELEC5,0.31,56332.677,4,4,56332.673,0.0,0.0,0.0,0.004,181718.312903
1775795,IT,TR,CHEMI,WOODW,0.13,56330.294,5,5,56327.289,0.0,0.0,3.0,0.005,433309.953846
1716137,IT,NL,PREC1,MOTO1,0.1,56327.129,4,4,56327.126,0.0,0.0,0.0,0.003,563271.29
1809385,IT,WM,CHEMI,NATU1,0.13,56326.075,5,5,56323.07,0.0,0.0,3.0,0.005,433277.5
1745134,IT,US,RECRE,POSTT,0.72,56324.829,4,4,56324.825,0.0,0.0,0.0,0.004,78228.929167
1738114,IT,GB,GLASS,NATUR,0.15,56323.952,4,4,56323.949,0.0,0.0,0.0,0.003,375493.013333
1810096,IT,WM,TEXTI,INLAN,0.33,56319.065,4,4,56319.058,0.0,0.0,0.0,0.007,170663.833333
1757803,IT,BR,NFERT,NFERT,0.01,56318.952,4,4,56318.947,0.0,0.0,0.0,0.005,5631895.2
1679856,IT,GR,ALUM1,RENTI,0.1,56318.846,4,4,56318.841,0.0,0.0,0.0,0.005,563188.46
1746201,IT,JP,CHEM1,FORES,0.12,56318.685,4,4,56318.679,0.0,0.0,0.0,0.006,469322.375
1678554,IT,GR,OILSE,BEVER,0.04,56316.262,4,4,56316.259,0.0,0.0,0.0,0.003,1407906.55
1738184,IT,GB,CERAM,WOODW,0.09,56315.699,4,4,56315.696,0.0,0.0,0.0,0.003,625729.988889
1798843,IT,WE,FOOD5,COMPU,0.27,56301.793,4,4,56301.788,0.0,0.0,0.0,0.005,208525.159259
1664867,IT,ES,FORES,PULP5,0.49,56298.019,4,4,56276.019,0.0,22.0,0.0,0.0,114893.916327
1640950,IT,AT,WOODW,PRINT,0.16,56296.939,4,4,56296.935,0.0,0.0,0.0,0.004,351855.86875
1653815,IT,CZ,NONF1,CONST,0.01,56294.75,3,3,56294.75,0.0,0.0,0.0,0.0,5629475.0
1723627,IT,PT,FABRI,AIRTR,0.23,56294.108,4,4,56294.104,0.0,0.0,0.0,0.004,244756.991304
1668021,IT,ES,FURNI,PRINT,0.18,56293.205,4,4,56293.2,0.0,0.0,0.0,0.005,312740.027778
1681565,IT,GR,BUSIN,RETA1,0.58,56289.69,4,4,56289.686,0.0,0.0,0.0,0.004,97051.189655
1732002,IT,SI,KEROS,FISH5,0.08,56283.996,4,4,56283.991,0.0,0.0,0.0,0.005,703549.95
1792053,IT,WA,AIRTR,PAPER,0.06,56281.741,4,4,56281.739,0.0,0.0,0.0,0.002,938029.016667
1808976,IT,WM,VEGET,NATU1,0.2,56280.962,4,4,56280.96,0.0,0.0,0.0,0.002,281404.81
1731049,IT,SI,CEREA,TEXTI,0.09,56275.76,4,4,56275.757,0.0,0.0,0.0,0.003,625286.222222
1681862,IT,HR,VEGE1,RETA1,0.17,56274.834,4,4,56274.822,0.0,0.0,0.0,0.012,331028.435294
1679764,IT,GR,BASIC,LANDT,0.06,56274.706,4,4,56274.702,0.0,0.0,0.0,0.004,937911.766667
1668943,IT,ES,AIRTR,NAPHT,0.06,56264.867,4,4,56264.865,0.0,0.0,0.0,0.002,937747.783333
1785167,IT,ZA,FOOD5,BEVER,0.27,56264.474,4,4,56264.469,0.0,0.0,0.0,0.005,208386.940741
1721114,IT,PL,RAILW,BITUM,0.38,56261.397,4,4,56261.394,0.0,0.0,0.0,0.003,148056.307895
1752455,IT,CA,DAIRY,BIODI,0.23,56260.916,4,4,56260.912,0.0,0.0,0.0,0.004,244612.678261
1771168,IT,CH,MEAT4,WEARI,0.31,56259.128,4,4,56259.124,0.0,0.0,0.0,0.004,181481.058065
1790871,IT,WA,MACHI,PRIVA,0.31,56254.799,4,4,56254.794,0.0,0.0,0.0,0.005,181467.093548
1795314,IT,WL,NONME,VEGE1,0.11,56249.669,4,4,56249.663,0.0,0.0,0.0,0.006,511360.627273
1710405,IT,LT,HOTEL,HEALT,0.41,56249.361,4,4,56249.357,0.0,0.0,0.0,0.004,137193.563415
1663257,IT,DK,SEACO,BRICK,0.06,56249.25,3,3,56249.25,0.0,0.0,0.0,0.0,937487.5
1791578,IT,WA,RETA1,POSTT,0.59,56244.842,4,4,56244.838,0.0,0.0,0.0,0.004,95330.240678
1780235,IT,TW,RAILW,EDUCA,0.38,56244.159,4,4,56244.156,0.0,0.0,0.0,0.003,148010.944737
1741041,IT,US,TEXTI,FOOD5,0.33,56240.378,4,4,56240.371,0.0,0.0,0.0,0.007,170425.387879
1728523,IT,SE,WOODW,BUSIN,0.16,56239.526,4,4,56239.522,0.0,0.0,0.0,0.004,351497.0375
1756324,IT,KR,MOTO1,SEACO,0.3,56234.175,4,4,56234.171,0.0,0.0,0.0,0.004,187447.25
1768326,IT,AU,CHEMI,FOUND,0.13,56230.795,5,5,56227.79,0.0,0.0,3.0,0.005,432544.576923
1742872,IT,US,MACHI,PROCE,0.31,56230.119,4,4,56230.114,0.0,0.0,0.0,0.005,181387.480645
1752718,IT,CA,LEATH,FABRI,0.4,56229.309,4,4,56229.299,0.0,0.0,0.0,0.01,140573.2725
1761825,IT,IN,OFFIC,EDUCA,0.17,56229.187,4,4,56229.183,0.0,0.0,0.0,0.004,330759.923529
1673851,IT,FR,PRINT,SUPPO,0.54,56226.22,4,4,56226.216,0.0,0.0,0.0,0.004,104122.62963
1683277,IT,HR,BRICK,OFFIC,0.08,56224.332,4,4,56224.328,0.0,0.0,0.0,0.004,702804.15
1725328,IT,RO,BEVER,MEMBE,0.24,56219.18,4,4,56219.176,0.0,0.0,0.0,0.004,234246.583333
1713503,IT,MT,RUBBE,HOTEL,0.19,56214.922,4,4,56214.917,0.0,0.0,0.0,0.005,295868.010526
1738464,IT,GB,COPP1,PRINT,0.14,56213.383,4,4,56213.38,0.0,0.0,0.0,0.003,401524.164286
1717009,IT,NL,LANDT,LIQUE,0.36,56211.325,4,4,56211.322,0.0,0.0,0.0,0.003,156142.569444
1788897,IT,WA,GASDI,COMPU,0.08,56199.687,4,4,56199.682,0.0,0.0,0.0,0.005,702496.0875
1795745,IT,WL,MACHI,SANDC,0.31,56199.228,4,4,56199.223,0.0,0.0,0.0,0.005,181287.832258
1729546,IT,SE,COPP1,LUBRI,0.14,56196.254,4,4,56196.251,0.0,0.0,0.0,0.003,401401.814286
1664773,IT,ES,CEREA,PIGS9,0.09,56195.869,4,4,56195.866,0.0,0.0,0.0,0.003,624398.544444
1647369,IT,BE,SEACO,LANDT,0.06,56194.82,3,3,56194.82,0.0,0.0,0.0,0.0,936580.333333
1733826,IT,SI,LANDT,RECRE,0.36,56192.416,4,4,56192.413,0.0,0.0,0.0,0.003,156090.044444
1643163,IT,AT,RETA1,RENTI,0.59,56190.46,4,4,56190.456,0.0,0.0,0.0,0.004,95238.067797
1780983,IT,TW,BUSIN,CHEM1,0.58,56190.011,4,4,56190.007,0.0,0.0,0.0,0.004,96879.32931
1726318,IT,RO,PREC1,RESEA,0.1,56189.84,4,4,56189.837,0.0,0.0,0.0,0.003,561898.4
1794422,IT,WL,GASDI,WHEAT,0.08,56187.659,4,4,56187.654,0.0,0.0,0.0,0.005,702345.7375
1669281,IT,ES,FINAN,PRINT,0.73,56185.485,4,4,56185.483,0.0,0.0,0.0,0.002,76966.417808
1775858,IT,TR,DAIRY,DAIRY,0.23,56184.96,4,4,56184.956,0.0,0.0,0.0,0.004,244282.434783
1727947,IT,SE,OILSE,CONST,0.04,56183.339,4,4,56183.336,0.0,0.0,0.0,0.003,1404583.475
1740337,IT,GB,PUBLI,COMPU,0.92,56183.219,4,4,56183.215,0.0,0.0,0.0,0.004,61068.716304
1645222,IT,BE,COALT,SUBBI,0.09,56176.555,4,4,56176.552,0.0,0.0,0.0,0.003,624183.944444
1716800,IT,NL,RETA1,PUBLI,0.59,56172.66,4,4,56172.656,0.0,0.0,0.0,0.004,95207.898305
1755614,IT,KR,ADDIT,LIQUE,0.13,56171.286,4,4,56171.282,0.0,0.0,0.0,0.004,432086.815385
1686242,IT,HU,CERAM,PLAST,0.09,56170.299,4,4,56170.296,0.0,0.0,0.0,0.003,624114.433333
1717112,IT,NL,SEACO,NFERT,0.06,56163.466,3,3,56163.466,0.0,0.0,0.0,0.0,936057.766667
1716412,IT,NL,MACHI,RAILW,0.31,56163.138,4,4,56163.133,0.0,0.0,0.0,0.005,181171.412903
1783763,IT,NO,PAPE4,WHOLE,0.37,56161.683,4,4,56161.68,0.0,0.0,0.0,0.003,151788.332432
1640727,IT,AT,TEXTI,WOODW,0.33,56158.933,4,4,56158.926,0.0,0.0,0.0,0.007,170178.584848
1794701,IT,WL,NAPHT,GASWO,0.1,56156.524,4,4,56156.52,0.0,0.0,0.0,0.004,561565.24
1719531,IT,PL,GLASS,ALUM1,0.15,56154.532,4,4,56154.529,0.0,0.0,0.0,0.003,374363.546667
1641842,IT,AT,CHEM1,INTER,0.12,56152.039,4,4,56152.033,0.0,0.0,0.0,0.006,467933.658333
1761413,IT,IN,NONME,93197,0.11,56150.186,4,4,56150.18,0.0,0.0,0.0,0.006,510456.236364
1658356,IT,DE,NONF1,ELEC8,0.01,56149.779,3,3,56149.779,0.0,0.0,0.0,0.0,5614977.9
1674746,IT,FR,CERAM,FABRI,0.09,56148.74,4,4,56148.737,0.0,0.0,0.0,0.003,623874.888889
1787243,IT,WA,VEGET,KEROS,0.2,56147.753,4,4,56147.751,0.0,0.0,0.0,0.002,280738.765
1788549,IT,WA,PAPER,LIQUE,0.22,56146.638,4,4,56146.632,0.0,0.0,0.0,0.006,255211.990909
1778062,IT,TR,OFFIC,BUSIN,0.17,56143.415,4,4,56143.411,0.0,0.0,0.0,0.004,330255.382353
1720266,IT,PL,FABRI,MEAT1,0.23,56140.845,4,4,56140.841,0.0,0.0,0.0,0.004,244090.630435
1809551,IT,WM,VEGE1,MEATC,0.17,56140.809,4,4,56140.797,0.0,0.0,0.0,0.012,330240.052941
1771025,IT,CH,MEATA,PUBLI,0.31,56134.24,4,4,56134.231,0.0,0.0,0.0,0.009,181078.193548
1648845,IT,BG,TEXTI,BEVER,0.33,56131.955,4,4,56131.948,0.0,0.0,0.0,0.007,170096.833333
1710804,IT,LU,PULP5,RENTI,0.17,56129.979,4,4,56129.974,0.0,0.0,0.0,0.005,330176.347059
1677292,IT,FR,FINAN,MACHI,0.73,56127.341,4,4,56127.339,0.0,0.0,0.0,0.002,76886.768493
1722901,IT,PT,MOTOR,NAPHT,0.08,56124.345,4,4,56124.34,0.0,0.0,0.0,0.005,701554.3125
1759559,IT,BR,COMPU,PFERT,0.64,56122.578,4,4,56122.574,0.0,0.0,0.0,0.004,87691.528125
1747297,IT,JP,WHOLE,MOTO1,0.48,56116.211,4,4,56116.208,0.0,0.0,0.0,0.003,116908.772917
1774100,IT,CH,WHOLE,CHEM1,0.48,56106.688,4,4,56106.685,0.0,0.0,0.0,0.003,116888.933333
1664368,IT,EE,FABRI,REALE,0.23,56106.373,4,4,56106.369,0.0,0.0,0.0,0.004,243940.752174
1812721,IT,WM,NONF1,WOODW,0.01,56104.524,3,3,56104.524,0.0,0.0,0.0,0.0,5610452.4
1789000,IT,WA,HEAVY,HEALT,0.09,56104.292,4,4,56104.287,0.0,0.0,0.0,0.005,623381.022222
1756151,IT,KR,MACHI,CHEMI,0.31,56102.856,4,4,56102.851,0.0,0.0,0.0,0.005,180976.954839
1720336,IT,PL,FABRI,RAILW,0.23,56096.439,4,4,56096.435,0.0,0.0,0.0,0.004,243897.56087
1812125,IT,WM,BRICK,ELEC2,0.08,56094.09,4,4,56094.086,0.0,0.0,0.0,0.004,701176.125
1745397,IT,JP,VEGE1,RENTI,0.17,56093.195,4,4,56093.183,0.0,0.0,0.0,0.012,329959.970588
1752902,IT,CA,HEAVY,MOTOR,0.09,56091.321,4,4,56091.316,0.0,0.0,0.0,0.005,623236.9
1766558,IT,RU,COPP1,ELEC3,0.14,56091.26,4,4,56091.257,0.0,0.0,0.0,0.003,400651.857143
1713008,IT,MT,MEATC,FISHF,0.19,56087.897,5,5,56086.893,0.0,1.0,0.0,0.004,295199.457895
1644810,IT,BE,TEXTI,PULP5,0.33,56086.085,4,4,56086.078,0.0,0.0,0.0,0.007,169957.833333
1655719,IT,DE,CHEMI,RECRE,0.13,56085.894,5,5,56082.889,0.0,0.0,3.0,0.005,431429.953846
1664997,IT,ES,CHEMI,NONSP,0.13,56083.714,5,5,56080.709,0.0,0.0,3.0,0.005,431413.184615
1670682,IT,FI,WOODW,PULP5,0.16,56083.055,4,4,56083.051,0.0,0.0,0.0,0.004,350519.09375
1678848,IT,GR,BEVER,MEMBE,0.24,56082.417,4,4,56082.413,0.0,0.0,0.0,0.004,233676.7375
1741219,IT,US,WOODW,OFFIC,0.16,56080.309,4,4,56080.305,0.0,0.0,0.0,0.004,350501.93125
1779575,IT,TR,COMPU,MACHI,0.64,56078.178,4,4,56078.174,0.0,0.0,0.0,0.004,87622.153125
1721548,IT,PL,SUPPO,HOTEL,0.4,56077.371,4,4,56077.368,0.0,0.0,0.0,0.003,140193.4275
1650024,IT,BG,MACHI,WOODW,0.31,56069.96,4,4,56069.955,0.0,0.0,0.0,0.005,180870.83871
1779964,IT,TW,CONST,HEALT,0.31,56068.076,4,4,56068.073,0.0,0.0,0.0,0.003,180864.76129
1763929,IT,MX,BASIC,CERAM,0.06,56067.251,4,4,56067.247,0.0,0.0,0.0,0.004,934454.183333
1771771,IT,CH,LEATH,HOTEL,0.4,56063.533,4,4,56063.523,0.0,0.0,0.0,0.01,140158.8325
1667261,IT,ES,ALUM1,NICKE,0.1,56055.194,4,4,56055.19,0.0,0.0,0.0,0.004,560551.94
1662680,IT,DK,MACHI,DISTR,0.31,56053.562,4,4,56053.557,0.0,0.0,0.0,0.005,180817.941935
1782132,IT,NO,CEMEN,CEMEN,0.09,56051.145,4,4,56051.142,0.0,0.0,0.0,0.003,622790.5
1767928,IT,RU,RENTI,LANDT,0.34,56045.525,4,4,56045.522,0.0,0.0,0.0,0.003,164839.779412
1686486,IT,HU,PREC1,PLAST,0.1,56045.384,4,4,56045.381,0.0,0.0,0.0,0.003,560453.84
1719277,IT,PL,CHEM1,FOUND,0.12,56042.927,4,4,56042.921,0.0,0.0,0.0,0.006,467024.391667
1726235,IT,RO,NONME,MOTO1,0.11,56042.712,4,4,56042.706,0.0,0.0,0.0,0.006,509479.2
1668181,IT,ES,SALEM,RENTI,0.45,56040.396,4,4,56040.393,0.0,0.0,0.0,0.003,124534.213333
1729678,IT,SE,FABRI,POSTT,0.23,56034.487,4,4,56034.483,0.0,0.0,0.0,0.004,243628.204348
1657833,IT,DE,NONME,LANDT,0.11,56032.754,4,4,56032.748,0.0,0.0,0.0,0.006,509388.672727
1709680,IT,LT,PLAST,MACHI,0.12,56032.013,4,4,56032.007,0.0,0.0,0.0,0.006,466933.441667
1765715,IT,RU,PAPER,FINAN,0.22,56027.895,4,4,56027.889,0.0,0.0,0.0,0.006,254672.25
1719184,IT,PL,PLAST,HOTEL,0.12,56026.031,4,4,56026.025,0.0,0.0,0.0,0.006,466883.591667
1723922,IT,PT,FURNI,EDUCA,0.18,56023.503,4,4,56023.498,0.0,0.0,0.0,0.005,311241.683333
1668544,IT,ES,HOTEL,SECO9,0.41,56022.974,4,4,56022.97,0.0,0.0,0.0,0.004,136641.4
1709877,IT,LT,CERAM,HEAVY,0.09,56020.094,4,4,56020.091,0.0,0.0,0.0,0.003,622445.488889
1643509,IT,AT,TRAN2,CRUDE,0.09,56019.412,4,4,56019.41,0.0,0.0,0.0,0.002,622437.911111
1764841,IT,MX,SEACO,SALEM,0.06,56017.398,3,3,56017.398,0.0,0.0,0.0,0.0,933623.3
1738420,IT,GB,ALUM1,GLASS,0.1,56016.742,4,4,56016.738,0.0,0.0,0.0,0.004,560167.42
1805333,IT,WF,RUBBE,NICKE,0.19,56014.082,4,4,56014.077,0.0,0.0,0.0,0.005,294810.957895
1745377,IT,JP,VEGE1,ELEC4,0.17,56012.295,4,4,56012.283,0.0,0.0,0.0,0.012,329484.088235
1651799,IT,CY,TRANS,AIRTR,0.33,56011.393,4,4,56011.39,0.0,0.0,0.0,0.003,169731.493939
1640443,IT,AT,VEGE1,HOTEL,0.17,56010.77,4,4,56010.758,0.0,0.0,0.0,0.012,329475.117647
1661804,IT,DK,WOODW,CERAM,0.16,56008.662,4,4,56008.658,0.0,0.0,0.0,0.004,350054.1375
1657587,IT,DE,GLASS,ELEC3,0.15,56006.345,4,4,56006.342,0.0,0.0,0.0,0.003,373375.633333
1777800,IT,TR,FABRI,KEROS,0.23,56006.128,4,4,56006.124,0.0,0.0,0.0,0.004,243504.904348
1743544,IT,US,HOTEL,CROPS,0.41,56003.737,4,4,56003.733,0.0,0.0,0.0,0.004,136594.480488
1781961,IT,NO,RUBBE,VEGET,0.19,56003.031,4,4,56003.026,0.0,0.0,0.0,0.005,294752.794737
1723533,IT,PT,COPP1,RESEA,0.14,56002.664,4,4,56002.661,0.0,0.0,0.0,0.003,400019.028571
1808324,IT,WF,FOOD3,CRUDE,0.16,56002.064,4,4,56002.061,0.0,0.0,0.0,0.003,350012.9
1674175,IT,FR,LIQUE,SANDC,0.1,56001.736,4,4,56001.731,0.0,0.0,0.0,0.005,560017.36
1773626,IT,CH,TRANS,POSTT,0.33,56001.53,4,4,56001.527,0.0,0.0,0.0,0.003,169701.606061
1643694,IT,AT,SUPPO,MOTOR,0.4,56000.795,4,4,56000.792,0.0,0.0,0.0,0.003,140001.9875
1648637,IT,BG,VEGE1,BEVER,0.17,55998.63,4,4,55998.618,0.0,0.0,0.0,0.012,329403.705882
1786320,IT,ZA,FABRI,HEALT,0.23,55990.759,4,4,55990.755,0.0,0.0,0.0,0.004,243438.082609
1715732,IT,NL,PLAST,RESEA,0.12,55990.749,4,4,55990.743,0.0,0.0,0.0,0.006,466589.575
1682892,IT,HR,NAPHT,CHARC,0.1,55989.98,4,4,55989.976,0.0,0.0,0.0,0.004,559899.8
1718949,IT,PL,PRINT,HOTEL,0.54,55989.702,4,4,55989.698,0.0,0.0,0.0,0.004,103684.633333
1810147,IT,WM,WEARI,KEROS,0.42,55987.709,4,4,55987.698,0.0,0.0,0.0,0.011,133304.069048
1756888,IT,KR,POSTT,PUBLI,0.92,55986.584,4,4,55986.58,0.0,0.0,0.0,0.004,60854.982609
1683370,IT,HR,BASIC,OILSE,0.06,55982.234,4,4,55982.23,0.0,0.0,0.0,0.004,933037.233333
1647851,IT,BE,AUXIL,RENTI,1.02,55982.227,4,4,55982.224,0.0,0.0,0.0,0.003,54884.536275
1683451,IT,HR,BASIC,TEXT2,0.06,55981.79,4,4,55981.786,0.0,0.0,0.0,0.004,933029.833333
1644901,IT,BE,LEATH,BASIC,0.4,55980.67,4,4,55980.66,0.0,0.0,0.0,0.01,139951.675
1738026,IT,GB,RUBBE,RAWMI,0.19,55980.6,4,4,55980.595,0.0,0.0,0.0,0.005,294634.736842
1786214,IT,ZA,ALUM1,MEDIC,0.1,55979.033,4,4,55979.029,0.0,0.0,0.0,0.004,559790.33
1809913,IT,WM,BEVER,SALEM,0.24,55975.661,4,4,55975.657,0.0,0.0,0.0,0.004,233231.920833
1795512,IT,WL,ALUM1,NFERT,0.1,55973.195,4,4,55973.191,0.0,0.0,0.0,0.004,559731.95
1804654,IT,WF,HEAVY,AUXIL,0.09,55968.786,4,4,55968.782,0.0,0.0,0.0,0.004,621875.4
1675929,IT,FR,ELEC2,OILHA,0.01,55968.768,4,4,55968.762,0.0,0.0,0.0,0.006,5596876.8
1788273,IT,WA,LEATH,BITU1,0.4,55966.841,4,4,55966.831,0.0,0.0,0.0,0.01,139917.1025
1683360,IT,HR,NONME,PUBLI,0.11,55966.351,4,4,55966.345,0.0,0.0,0.0,0.006,508785.009091
1810026,IT,WM,TEXTI,PROCE,0.33,55965.598,4,4,55965.591,0.0,0.0,0.0,0.007,169592.721212
1777438,IT,TR,NONME,MACHI,0.11,55963.42,4,4,55963.414,0.0,0.0,0.0,0.006,508758.363636
1717101,IT,NL,TRAN2,NAPHT,0.09,55959.195,4,4,55959.193,0.0,0.0,0.0,0.002,621768.833333
1756239,IT,KR,MACHI,POSTT,0.31,55958.779,4,4,55958.774,0.0,0.0,0.0,0.005,180512.190323
1790079,IT,WA,BASIC,CHEMI,0.06,55958.605,4,4,55958.601,0.0,0.0,0.0,0.004,932643.416667
1786782,IT,ZA,HOTEL,PRINT,0.41,55958.343,4,4,55958.339,0.0,0.0,0.0,0.004,136483.763415
1661278,IT,DK,OILSE,CHEM1,0.04,55955.828,4,4,55955.825,0.0,0.0,0.0,0.003,1398895.7
1790660,IT,WA,FABRI,RUBBE,0.23,55954.681,4,4,55954.677,0.0,0.0,0.0,0.004,243281.221739
1768985,IT,AU,PAPER,LANDT,0.22,55952.237,4,4,55952.231,0.0,0.0,0.0,0.006,254328.35
1780978,IT,TW,BUSIN,BITU1,0.57,55951.106,4,4,55951.102,0.0,0.0,0.0,0.004,98159.835088
1722950,IT,PT,HEAVY,WOODW,0.09,55949.12,4,4,55949.116,0.0,0.0,0.0,0.004,621656.888889
1677904,IT,FR,BUSIN,ELECT,0.57,55948.818,4,4,55948.814,0.0,0.0,0.0,0.004,98155.821053
1729572,IT,SE,COPP1,REALE,0.14,55947.509,4,4,55947.506,0.0,0.0,0.0,0.003,399625.064286
1806221,IT,WF,MACHI,DAIRY,0.31,55940.157,4,4,55940.152,0.0,0.0,0.0,0.005,180452.119355
1650062,IT,BG,MACHI,ELEC4,0.31,55938.648,4,4,55938.643,0.0,0.0,0.0,0.005,180447.251613
1779910,IT,TW,CONST,TEXTI,0.31,55933.419,4,4,55933.416,0.0,0.0,0.0,0.003,180430.383871
1760928,IT,IN,HEAVY,LEATH,0.09,55933.178,4,4,55933.174,0.0,0.0,0.0,0.004,621479.755556
1745972,IT,JP,WOODW,DIST1,0.16,55929.353,4,4,55929.349,0.0,0.0,0.0,0.004,349558.45625
1725610,IT,RO,WOODW,SUPPO,0.16,55927.986,4,4,55927.982,0.0,0.0,0.0,0.004,349549.9125
1670395,IT,FI,PROCE,HOTEL,0.38,55926.267,4,4,55926.264,0.0,0.0,0.0,0.003,147174.386842
1664450,IT,EE,MACHI,RENTI,0.31,55925.388,4,4,55925.383,0.0,0.0,0.0,0.005,180404.477419
1772607,IT,CH,GLASS,SANDC,0.15,55924.957,4,4,55924.954,0.0,0.0,0.0,0.003,372833.046667
1740262,IT,GB,BUSIN,SEACO,0.57,55922.721,4,4,55922.717,0.0,0.0,0.0,0.004,98110.036842
1682728,IT,HR,GASDI,SECO9,0.08,55922.463,4,4,55922.458,0.0,0.0,0.0,0.005,699030.7875
1805849,IT,WF,ALUM1,MEATP,0.1,55922.292,4,4,55922.288,0.0,0.0,0.0,0.004,559222.92
1711242,IT,LU,MACHI,HEALT,0.31,55918.578,4,4,55918.573,0.0,0.0,0.0,0.005,180382.509677
1654170,IT,CZ,MOTO1,FOUND,0.3,55918.135,4,4,55918.131,0.0,0.0,0.0,0.004,186393.783333
1658365,IT,DE,NONF1,SUPPO,0.01,55916.993,3,3,55916.993,0.0,0.0,0.0,0.0,5591699.3
1807243,IT,WF,SUPPO,CONST,0.4,55916.128,4,4,55916.125,0.0,0.0,0.0,0.003,139790.32
1767446,IT,RU,LANDT,SUPPO,0.36,55914.759,4,4,55914.756,0.0,0.0,0.0,0.003,155318.775
1668388,IT,ES,RETA1,TEXTI,0.58,55912.426,4,4,55912.422,0.0,0.0,0.0,0.004,96400.734483
1648169,IT,BE,BUSIN,PAPER,0.57,55912.252,4,4,55912.248,0.0,0.0,0.0,0.004,98091.670175
1710166,IT,LT,MACHI,ELECT,0.31,55908.175,4,4,55908.17,0.0,0.0,0.0,0.005,180348.951613
1642390,IT,AT,BASIC,INERT,0.06,55901.243,4,4,55901.239,0.0,0.0,0.0,0.004,931687.383333
1718907,IT,PL,PRINT,GASDI,0.54,55898.291,4,4,55898.287,0.0,0.0,0.0,0.004,103515.353704
1664369,IT,EE,FABRI,RENTI,0.23,55897.291,4,4,55897.287,0.0,0.0,0.0,0.004,243031.7
1722582,IT,PT,FISH5,BIODI,0.23,55895.627,4,4,55895.598,0.0,0.0,0.0,0.029,243024.465217
1735510,IT,SK,PREC1,MOTO1,0.09,55891.586,4,4,55891.583,0.0,0.0,0.0,0.003,621017.622222
1769302,IT,AU,RUBBE,COMPU,0.19,55888.674,4,4,55888.669,0.0,0.0,0.0,0.005,294150.915789
1712937,IT,MT,WHEAT,RAWMI,0.04,55888.125,3,3,55888.125,0.0,0.0,0.0,0.0,1397203.125
1676173,IT,FR,CONST,PLAST,0.31,55887.832,4,4,55887.829,0.0,0.0,0.0,0.003,180283.329032
1685820,IT,HU,NFERT,CEREA,0.01,55886.971,4,4,55886.966,0.0,0.0,0.0,0.005,5588697.1
1648156,IT,BE,BUSIN,VEGE1,0.57,55885.865,4,4,55885.861,0.0,0.0,0.0,0.004,98045.377193
1728478,IT,SE,LEATH,BUSIN,0.4,55880.03,4,4,55880.02,0.0,0.0,0.0,0.01,139700.075
1646397,IT,BE,FABRI,SUPPO,0.23,55879.631,4,4,55879.627,0.0,0.0,0.0,0.004,242954.917391
1729308,IT,SE,NONME,BASIC,0.11,55874.391,4,4,55874.385,0.0,0.0,0.0,0.006,507949.009091
1758077,IT,BR,GLASS,DAIRY,0.15,55873.365,4,4,55873.362,0.0,0.0,0.0,0.003,372489.1
1812041,IT,WM,CERAM,SANDC,0.09,55870.573,4,4,55870.57,0.0,0.0,0.0,0.003,620784.144444
1671136,IT,FI,GLASS,TRANS,0.15,55868.808,4,4,55868.805,0.0,0.0,0.0,0.003,372458.72
1752055,IT,CN,BUSIN,MEATA,0.57,55862.321,4,4,55862.317,0.0,0.0,0.0,0.004,98004.07193
1789980,IT,WA,NONME,MEAT4,0.11,55862.206,4,4,55862.2,0.0,0.0,0.0,0.006,507838.236364
1719355,IT,PL,RUBBE,POULT,0.19,55858.406,4,4,55858.401,0.0,0.0,0.0,0.005,293991.610526
1749052,IT,CN,LEATH,SALEM,0.4,55856.203,4,4,55856.193,0.0,0.0,0.0,0.01,139640.5075
1809655,IT,WM,DAIRY,FINAN,0.23,55855.869,4,4,55855.865,0.0,0.0,0.0,0.004,242851.604348
1801645,IT,WE,FURNI,TEXTI,0.18,55851.69,4,4,55851.685,0.0,0.0,0.0,0.005,310287.166667
1679272,IT,GR,GASDI,SUPPO,0.08,55846.591,4,4,55846.586,0.0,0.0,0.0,0.005,698082.3875
1685758,IT,HU,PLAST,WEARI,0.12,55846.504,4,4,55846.498,0.0,0.0,0.0,0.006,465387.533333
1675561,IT,FR,MOTO1,TEXTI,0.3,55845.531,4,4,55845.527,0.0,0.0,0.0,0.004,186151.77
1641364,IT,AT,KEROS,DIST1,0.08,55843.298,4,4,55843.293,0.0,0.0,0.0,0.005,698041.225
1772070,IT,CH,PRINT,AIRTR,0.54,55842.49,4,4,55842.486,0.0,0.0,0.0,0.004,103412.018519
1662152,IT,DK,RUBBE,BASIC,0.19,55841.688,4,4,55841.683,0.0,0.0,0.0,0.005,293903.621053
1686658,IT,HU,LEAD1,INTER,0.1,55840.782,4,4,55840.777,0.0,0.0,0.0,0.005,558407.82
1782166,IT,NO,NONME,FABRI,0.11,55840.737,4,4,55840.731,0.0,0.0,0.0,0.006,507643.063636
1784701,IT,ID,FURNI,FABRI,0.18,55839.741,4,4,55839.736,0.0,0.0,0.0,0.005,310220.783333
1685043,IT,HU,DAIRY,CONST,0.23,55839.548,4,4,55839.544,0.0,0.0,0.0,0.004,242780.643478
1663324,IT,DK,AIRTR,WHOLE,0.06,55833.766,4,4,55833.764,0.0,0.0,0.0,0.002,930562.766667
1682322,IT,HR,WOODW,DAIRY,0.16,55832.617,4,4,55832.613,0.0,0.0,0.0,0.004,348953.85625
1765401,IT,RU,TOBAC,WHOLE,0.22,55828.239,4,4,55828.235,0.0,0.0,0.0,0.004,253764.722727
1810790,IT,WM,KEROS,LEADZ,0.08,55823.61,4,4,55823.605,0.0,0.0,0.0,0.005,697795.125
1770512,IT,AU,AIRTR,SEACO,0.06,55823.102,4,4,55823.1,0.0,0.0,0.0,0.002,930385.033333
1640353,IT,AT,MEATC,NFERT,0.19,55821.418,5,5,55820.414,0.0,1.0,0.0,0.004,293796.936842
1650112,IT,BG,OFFIC,DISTR,0.17,55812.197,4,4,55812.193,0.0,0.0,0.0,0.004,328307.041176
1772720,IT,CH,BRICK,BRICK,0.08,55803.338,4,4,55803.334,0.0,0.0,0.0,0.004,697541.725
1680007,IT,GR,MACHI,VEGE1,0.31,55803.067,4,4,55803.062,0.0,0.0,0.0,0.005,180009.893548
1737071,IT,GB,CHEMI,BIODI,0.13,55801.468,5,5,55798.463,0.0,0.0,3.0,0.005,429242.061538
1781054,IT,TW,PUBLI,FISH5,0.91,55799.262,4,4,55799.258,0.0,0.0,0.0,0.004,61317.87033
1643145,IT,AT,RETA1,MOTO1,0.58,55798.39,4,4,55798.386,0.0,0.0,0.0,0.004,96204.12069
1642232,IT,AT,NONME,SANDC,0.11,55796.476,4,4,55796.47,0.0,0.0,0.0,0.006,507240.690909
1744144,IT,US,SUPPO,SEACO,0.4,55795.525,4,4,55795.522,0.0,0.0,0.0,0.003,139488.8125
1770898,IT,AU,BUSIN,HEALT,0.57,55794.045,4,4,55794.041,0.0,0.0,0.0,0.004,97884.289474
1812739,IT,WM,NONF1,CEMEN,0.01,55792.732,3,3,55792.732,0.0,0.0,0.0,0.0,5579273.2
1683789,IT,HR,OFFIC,TEXTI,0.17,55792.688,4,4,55792.684,0.0,0.0,0.0,0.004,328192.282353
1745824,IT,JP,LEATH,FISHF,0.4,55784.361,4,4,55784.351,0.0,0.0,0.0,0.01,139460.9025
1645863,IT,BE,GLASS,NONME,0.15,55779.365,4,4,55779.362,0.0,0.0,0.0,0.003,371862.433333
1653962,IT,CZ,MACHI,VEGE1,0.31,55775.579,4,4,55775.574,0.0,0.0,0.0,0.005,179921.222581
1671427,IT,FI,FABRI,OFFIC,0.23,55773.218,4,4,55773.214,0.0,0.0,0.0,0.004,242492.252174
1773576,IT,CH,MOTO1,HEALT,0.3,55769.709,4,4,55769.705,0.0,0.0,0.0,0.004,185899.03
1749378,IT,CN,PRINT,HEALT,0.54,55765.869,4,4,55765.865,0.0,0.0,0.0,0.004,103270.127778
1787706,IT,WA,VEGE1,MOTOR,0.17,55765.345,4,4,55765.333,0.0,0.0,0.0,0.012,328031.441176
1683852,IT,HR,MOTO1,CONST,0.3,55762.816,4,4,55762.812,0.0,0.0,0.0,0.004,185876.053333
1765893,IT,RU,PLAST,GASDI,0.12,55761.358,4,4,55761.352,0.0,0.0,0.0,0.006,464677.983333
1768540,IT,AU,FOOD5,LANDT,0.27,55758.9,4,4,55758.895,0.0,0.0,0.0,0.005,206514.444444
1778574,IT,TR,RETA1,AIRTR,0.58,55755.32,4,4,55755.316,0.0,0.0,0.0,0.004,96129.862069
1725689,IT,RO,PAPER,TRANS,0.22,55751.266,4,4,55751.261,0.0,0.0,0.0,0.005,253414.845455
1719804,IT,PL,BASIC,BIOGA,0.06,55745.39,4,4,55745.386,0.0,0.0,0.0,0.004,929089.833333
1735933,IT,SK,MOTO1,TOBAC,0.3,55739.753,4,4,55739.749,0.0,0.0,0.0,0.004,185799.176667
1773672,IT,CH,FURNI,GLASS,0.18,55739.556,4,4,55739.551,0.0,0.0,0.0,0.005,309664.2
1676864,IT,FR,LANDT,SEWAG,0.36,55735.42,4,4,55735.417,0.0,0.0,0.0,0.003,154820.611111
1790790,IT,WA,MACHI,REFI1,0.31,55734.772,4,4,55734.767,0.0,0.0,0.0,0.005,179789.587097
1812692,IT,WM,COPP1,HOTEL,0.14,55734.632,4,4,55734.629,0.0,0.0,0.0,0.003,398104.514286
1808397,IT,WF,WASTE,RAILW,0.18,55733.936,4,4,55733.933,0.0,0.0,0.0,0.003,309632.977778
1716497,IT,NL,OFFIC,INLAN,0.17,55727.29,4,4,55727.286,0.0,0.0,0.0,0.004,327807.588235
1686487,IT,HU,PREC1,CHEM1,0.09,55723.224,4,4,55723.221,0.0,0.0,0.0,0.003,619146.933333
1724432,IT,PT,AIRTR,FURNI,0.06,55720.957,4,4,55720.955,0.0,0.0,0.0,0.002,928682.616667
1811066,IT,WM,HEAVY,PLAST,0.09,55708.482,4,4,55708.478,0.0,0.0,0.0,0.004,618983.133333
1675326,IT,FR,FABRI,MEMBE,0.23,55705.647,4,4,55705.643,0.0,0.0,0.0,0.004,242198.465217
1795390,IT,WL,BASIC,PFERT,0.06,55692.633,4,4,55692.629,0.0,0.0,0.0,0.004,928210.55
1763962,IT,MX,BASIC,RENTI,0.06,55680.041,4,4,55680.037,0.0,0.0,0.0,0.004,928000.683333
1808482,IT,WF,FOOD4,ELEC4,0.4,55678.078,4,4,55678.075,0.0,0.0,0.0,0.003,139195.195
1777341,IT,TR,GLASS,TRANS,0.15,55672.296,4,4,55672.293,0.0,0.0,0.0,0.003,371148.64
1641489,IT,AT,HEAVY,VEGET,0.09,55671.896,4,4,55671.892,0.0,0.0,0.0,0.004,618576.622222
1649574,IT,BG,RUBBE,AIRTR,0.18,55671.491,4,4,55671.486,0.0,0.0,0.0,0.005,309286.061111
1790475,IT,WA,COPP1,MOTOR,0.14,55666.068,4,4,55666.065,0.0,0.0,0.0,0.003,397614.771429
1737826,IT,GB,PARAF,KEROS,0.09,55665.505,4,4,55665.501,0.0,0.0,0.0,0.004,618505.611111
1676431,IT,FR,RETA1,VEGET,0.58,55665.276,4,4,55665.272,0.0,0.0,0.0,0.004,95974.613793
1677346,IT,FR,FINAN,MEMBE,0.72,55663.829,4,4,55663.827,0.0,0.0,0.0,0.002,77310.873611
1716468,IT,NL,OFFIC,PLAST,0.17,55660.219,4,4,55660.215,0.0,0.0,0.0,0.004,327413.052941
1648598,IT,BG,MEATC,WHOLE,0.19,55659.5,5,5,55658.496,0.0,1.0,0.0,0.004,292944.736842
1746113,IT,JP,PRINT,HEALT,0.53,55658.897,4,4,55658.893,0.0,0.0,0.0,0.004,105016.786792
1683548,IT,HR,ALUM1,REALE,0.1,55658.841,4,4,55658.837,0.0,0.0,0.0,0.004,556588.41
1661592,IT,DK,BEVER,SEACO,0.24,55658.197,4,4,55658.193,0.0,0.0,0.0,0.004,231909.154167
1786803,IT,ZA,HOTEL,FABRI,0.4,55652.61,4,4,55652.606,0.0,0.0,0.0,0.004,139131.525
1668328,IT,ES,WHOLE,AIRTR,0.48,55651.25,4,4,55651.247,0.0,0.0,0.0,0.003,115940.104167
1732854,IT,SI,BASIC,RETAI,0.06,55649.183,4,4,55649.179,0.0,0.0,0.0,0.004,927486.383333
1789962,IT,WA,NONME,CATTL,0.11,55648.368,4,4,55648.362,0.0,0.0,0.0,0.006,505894.254545
1782045,IT,NO,RUBBE,INERT,0.18,55647.183,4,4,55647.178,0.0,0.0,0.0,0.005,309151.016667
1782914,IT,NO,SEACO,COMPU,0.06,55647.013,3,3,55647.013,0.0,0.0,0.0,0.0,927450.216667
1678748,IT,GR,SUGA1,BEVER,0.14,55645.851,4,4,55645.842,0.0,0.0,0.0,0.009,397470.364286
1766182,IT,RU,RUBBE,FOOD4,0.18,55642.52,4,4,55642.515,0.0,0.0,0.0,0.005,309125.111111
1664430,IT,EE,MACHI,DISTR,0.31,55642.019,4,4,55642.014,0.0,0.0,0.0,0.005,179490.383871
1664489,IT,EE,MOTO1,NONF1,0.3,55639.082,4,4,55639.078,0.0,0.0,0.0,0.004,185463.606667
1760180,IT,BR,FOOD4,BASIC,0.4,55638.478,4,4,55638.475,0.0,0.0,0.0,0.003,139096.195
1751435,IT,CN,AIRTR,PRECI,0.06,55636.954,4,4,55636.952,0.0,0.0,0.0,0.002,927282.566667
1668470,IT,ES,RETA1,MEMBE,0.58,55636.099,4,4,55636.095,0.0,0.0,0.0,0.004,95924.308621
1675210,IT,FR,FABRI,FORES,0.23,55634.427,4,4,55634.423,0.0,0.0,0.0,0.004,241888.813043
1778895,IT,TR,SEACO,TOBAC,0.06,55634.111,3,3,55634.111,0.0,0.0,0.0,0.0,927235.183333
1712446,IT,LV,BASIC,RAILW,0.06,55633.919,4,4,55633.915,0.0,0.0,0.0,0.004,927231.983333
1809569,IT,WM,VEGE1,HEAVY,0.17,55627.962,4,4,55627.95,0.0,0.0,0.0,0.012,327223.305882
1687404,IT,HU,HOTEL,HOTEL,0.4,55625.919,4,4,55625.915,0.0,0.0,0.0,0.004,139064.7975
1795081,IT,WL,RUBBE,POULT,0.18,55623.147,4,4,55623.142,0.0,0.0,0.0,0.005,309017.483333
1646747,IT,BE,CONST,FABRI,0.31,55621.785,4,4,55621.782,0.0,0.0,0.0,0.003,179425.112903
1741197,IT,US,WOODW,CRUDE,0.16,55621.298,4,4,55621.294,0.0,0.0,0.0,0.004,347633.1125
1640188,IT,AT,OILSE,BEVER,0.04,55621.177,4,4,55621.174,0.0,0.0,0.0,0.003,1390529.425
1724358,IT,PT,SEACO,COPP1,0.06,55620.956,3,3,55620.956,0.0,0.0,0.0,0.0,927015.933333
1766961,IT,RU,MOTO1,MACHI,0.3,55618.909,4,4,55618.905,0.0,0.0,0.0,0.004,185396.363333
1672669,IT,FR,CRUDE,INLAN,0.11,55612.661,4,4,55612.656,0.0,0.0,0.0,0.005,505569.645455
1742597,IT,US,ALUM1,OFFIC,0.1,55612.421,4,4,55612.417,0.0,0.0,0.0,0.004,556124.21
1648691,IT,BG,FOOD5,PIGS9,0.27,55610.248,4,4,55610.243,0.0,0.0,0.0,0.005,205963.881481
1651832,IT,CY,HOTEL,BUSIN,0.4,55602.924,4,4,55602.92,0.0,0.0,0.0,0.004,139007.31
1811752,IT,WM,ADDIT,BITU1,0.13,55601.613,4,4,55601.609,0.0,0.0,0.0,0.004,427704.715385
1643016,IT,AT,CONST,OFFIC,0.31,55599.949,4,4,55599.946,0.0,0.0,0.0,0.003,179354.674194
1683611,IT,HR,FABRI,STONE,0.23,55595.716,4,4,55595.712,0.0,0.0,0.0,0.004,241720.504348
1671198,IT,FI,NONME,GLASS,0.11,55593.299,4,4,55593.293,0.0,0.0,0.0,0.006,505393.627273
1805692,IT,WF,BASIC,CHEMI,0.06,55591.274,4,4,55591.27,0.0,0.0,0.0,0.004,926521.233333
1661750,IT,DK,LEATH,RUBBE,0.4,55590.188,4,4,55590.178,0.0,0.0,0.0,0.01,138975.47
1778453,IT,TR,WHOLE,ELEC4,0.48,55589.551,4,4,55589.548,0.0,0.0,0.0,0.003,115811.564583
1752061,IT,CN,BUSIN,COKIN,0.57,55587.656,4,4,55587.652,0.0,0.0,0.0,0.004,97522.203509
1723684,IT,PT,MACHI,LUBRI,0.31,55582.121,4,4,55582.116,0.0,0.0,0.0,0.005,179297.164516
1647627,IT,BE,POSTT,RESEA,0.92,55576.856,4,4,55576.852,0.0,0.0,0.0,0.004,60409.626087
1778316,IT,TR,SALEM,LANDT,0.45,55573.776,4,4,55573.773,0.0,0.0,0.0,0.003,123497.28
1773025,IT,CH,ALUM1,PLAST,0.1,55572.9,4,4,55572.896,0.0,0.0,0.0,0.004,555729.0
1785066,IT,ZA,VEGET,WEARI,0.2,55568.911,4,4,55568.909,0.0,0.0,0.0,0.002,277844.555
1765782,IT,RU,MOTOR,KEROS,0.08,55568.818,4,4,55568.813,0.0,0.0,0.0,0.005,694610.225
1671891,IT,FI,HOTEL,FINAN,0.4,55567.997,4,4,55567.993,0.0,0.0,0.0,0.004,138919.9925
1791727,IT,WA,RAILW,MEAT4,0.37,55565.486,4,4,55565.484,0.0,0.0,0.0,0.002,150176.989189
1751708,IT,CN,INSUR,ELECT,1.15,55559.495,4,4,55559.492,0.0,0.0,0.0,0.003,48312.604348
1745353,IT,JP,VEGE1,CERAM,0.17,55554.704,4,4,55554.692,0.0,0.0,0.0,0.012,326792.376471
1709672,IT,LT,PLAST,CHEM1,0.12,55553.589,4,4,55553.583,0.0,0.0,0.0,0.006,462946.575
1751583,IT,CN,POSTT,OFFIC,0.91,55552.605,4,4,55552.601,0.0,0.0,0.0,0.004,61046.818681
1723406,IT,PT,BASIC,COLLE,0.06,55547.586,4,4,55547.582,0.0,0.0,0.0,0.004,925793.1
1745021,IT,US,PUBLI,KEROS,0.91,55544.927,4,4,55544.923,0.0,0.0,0.0,0.004,61038.381319
1769182,IT,AU,CHEM1,TRAN1,0.12,55542.875,4,4,55542.869,0.0,0.0,0.0,0.006,462857.291667
1679551,IT,GR,RUBBE,LEATH,0.18,55541.184,4,4,55541.179,0.0,0.0,0.0,0.005,308562.133333
1803149,IT,WF,VEGET,RAILW,0.2,55538.327,4,4,55538.325,0.0,0.0,0.0,0.002,277691.635
1767475,IT,RU,SEACO,BEVER,0.06,55537.481,3,3,55537.481,0.0,0.0,0.0,0.0,925624.683333
1760421,IT,IN,FOOD5,FISHF,0.27,55530.825,4,4,55530.82,0.0,0.0,0.0,0.005,205669.722222
1690576,IT,IE,PRIVA,AIRTR,12.39,55530.421,5,5,55529.412,1.0,0.0,0.0,0.009,4481.874173
1809323,IT,WM,STONE,SALEM,0.18,55525.624,5,5,55522.621,0.0,0.0,3.0,0.003,308475.688889
1771184,IT,CH,MEAT4,DIST1,0.31,55525.149,4,4,55525.145,0.0,0.0,0.0,0.004,179113.383871
1756718,IT,KR,SEACO,TRAN2,0.06,55524.766,3,3,55524.766,0.0,0.0,0.0,0.0,925412.766667
1682816,IT,HR,HEAVY,SALEM,0.09,55519.993,4,4,55519.989,0.0,0.0,0.0,0.004,616888.811111
1721429,IT,PL,AIRTR,WEARI,0.06,55518.987,4,4,55518.985,0.0,0.0,0.0,0.002,925316.45
1790443,IT,WA,LEAD1,HEALT,0.1,55518.655,4,4,55518.65,0.0,0.0,0.0,0.005,555186.55
1756695,IT,KR,SEACO,ALUM1,0.06,55518.086,3,3,55518.086,0.0,0.0,0.0,0.0,925301.433333
1727245,IT,RO,SUPPO,TRANS,0.4,55515.9,4,4,55515.897,0.0,0.0,0.0,0.003,138789.75
1669748,IT,ES,BUSIN,FISH5,0.57,55512.503,4,4,55512.499,0.0,0.0,0.0,0.004,97390.35614
1801852,IT,WE,ELE11,WEARI,0.82,55511.333,4,4,55511.304,0.0,0.0,0.0,0.029,67696.747561
1752254,IT,CA,FORES,FORES,0.48,55509.009,4,4,55488.009,0.0,21.0,0.0,0.0,115643.76875
1776078,IT,TR,WEARI,TEXTI,0.42,55503.457,4,4,55503.446,0.0,0.0,0.0,0.011,132151.088095
1688253,IT,IE,CROPS,CATTL,0.44,55501.181,4,4,55501.178,0.0,0.0,0.0,0.003,126139.047727
1644714,IT,BE,BEVER,CONST,0.24,55498.073,4,4,55498.069,0.0,0.0,0.0,0.004,231241.970833
1640985,IT,AT,WOODW,HOTEL,0.16,55495.431,4,4,55495.427,0.0,0.0,0.0,0.004,346846.44375
1745850,IT,JP,LEATH,GLASS,0.4,55493.082,4,4,55493.072,0.0,0.0,0.0,0.01,138732.705
1759080,IT,BR,SEACO,BUSIN,0.06,55489.15,3,3,55489.15,0.0,0.0,0.0,0.0,924819.166667
1801613,IT,WE,TRANS,FINAN,0.33,55488.646,4,4,55488.643,0.0,0.0,0.0,0.003,168147.412121
1715000,IT,NL,TOBAC,RENTI,0.22,55487.927,4,4,55487.924,0.0,0.0,0.0,0.003,252217.85
1790586,IT,WA,NONF1,BUSIN,0.01,55487.5,3,3,55487.5,0.0,0.0,0.0,0.0,5548750.0
1771876,IT,CH,WOODW,HEALT,0.16,55483.615,4,4,55483.611,0.0,0.0,0.0,0.004,346772.59375
1679183,IT,GR,PRINT,HOTEL,0.53,55482.461,4,4,55482.457,0.0,0.0,0.0,0.004,104683.888679
1742284,IT,US,BRICK,HOTEL,0.08,55480.331,4,4,55480.327,0.0,0.0,0.0,0.004,693504.1375
1724318,IT,PT,LANDT,HEALT,0.36,55477.283,4,4,55477.28,0.0,0.0,0.0,0.003,154103.563889
1653390,IT,CZ,CERAM,ADDIT,0.09,55475.965,4,4,55475.962,0.0,0.0,0.0,0.003,616399.611111
1802436,IT,WE,AIRTR,FINAN,0.06,55469.585,4,4,55469.583,0.0,0.0,0.0,0.002,924493.083333
1726592,IT,RO,MOTO1,VEGET,0.3,55469.357,4,4,55469.353,0.0,0.0,0.0,0.004,184897.856667
1740305,IT,GB,PUBLI,CHEM1,0.91,55468.552,4,4,55468.548,0.0,0.0,0.0,0.004,60954.452747
1675419,IT,FR,MACHI,RETAI,0.31,55465.819,4,4,55465.814,0.0,0.0,0.0,0.005,178921.996774
1677717,IT,FR,RENTI,HOTEL,0.33,55463.907,4,4,55463.904,0.0,0.0,0.0,0.003,168072.445455
1743464,IT,US,WHOLE,NONF1,0.48,55463.846,4,4,55463.843,0.0,0.0,0.0,0.003,115549.679167
1688625,IT,IE,PLAST,WOODW,0.12,55463.539,4,4,55463.533,0.0,0.0,0.0,0.006,462196.158333
1809324,IT,WM,STONE,RETAI,0.18,55460.929,5,5,55457.926,0.0,0.0,3.0,0.003,308116.272222
1776734,IT,TR,LIQUE,MOTOR,0.1,55460.218,4,4,55460.214,0.0,0.0,0.0,0.004,554602.18
1763212,IT,MX,WOODW,WEARI,0.16,55458.454,4,4,55458.45,0.0,0.0,0.0,0.004,346615.3375
1688705,IT,IE,CHEM1,SECO9,0.12,55455.32,4,4,55455.314,0.0,0.0,0.0,0.006,462127.666667
1794066,IT,WL,PAPER,PROCE,0.21,55453.061,4,4,55453.056,0.0,0.0,0.0,0.005,264062.195238
1729112,IT,SE,RUBBE,93197,0.18,55452.109,4,4,55452.104,0.0,0.0,0.0,0.005,308067.272222
1650567,IT,BG,ELEC7,RENTI,0.04,55452.063,3,3,55452.063,0.0,0.0,0.0,0.0,1386301.575
1750660,IT,CN,MOTO1,COKEO,0.3,55450.347,4,4,55450.343,0.0,0.0,0.0,0.004,184834.49
1767056,IT,RU,FURNI,BEVER,0.18,55449.854,4,4,55449.849,0.0,0.0,0.0,0.005,308054.744444
1749074,IT,CN,LEATH,MEMBE,0.4,55449.23,4,4,55449.22,0.0,0.0,0.0,0.01,138623.075
1673635,IT,FR,WOODW,RESEA,0.16,55447.825,4,4,55447.821,0.0,0.0,0.0,0.004,346548.90625
1680370,IT,GR,ELEC2,LIQUE,0.01,55447.053,4,4,55447.047,0.0,0.0,0.0,0.006,5544705.3
1786489,IT,ZA,MOTO1,AIRTR,0.3,55445.725,4,4,55445.721,0.0,0.0,0.0,0.004,184819.083333
1781001,IT,TW,BUSIN,MEDIC,0.57,55437.733,4,4,55437.729,0.0,0.0,0.0,0.004,97259.180702
1725602,IT,RO,WOODW,STEAM,0.16,55437.705,4,4,55437.701,0.0,0.0,0.0,0.004,346485.65625
1811376,IT,WM,NUCLE,RESEA,0.12,55428.365,4,4,55428.361,0.0,0.0,0.0,0.004,461903.041667
1724168,IT,PT,RETA1,93197,0.58,55426.333,4,4,55426.329,0.0,0.0,0.0,0.004,95562.643103
1661333,IT,DK,CHEMI,HEALT,0.13,55423.805,5,5,55420.8,0.0,0.0,3.0,0.005,426336.961538
1675748,IT,FR,FURNI,GLASS,0.18,55423.514,4,4,55423.509,0.0,0.0,0.0,0.005,307908.411111
1688649,IT,IE,CHEM1,VEGET,0.12,55420.036,4,4,55420.03,0.0,0.0,0.0,0.006,461833.633333
1790794,IT,WA,MACHI,LUBRI,0.31,55417.157,4,4,55417.152,0.0,0.0,0.0,0.005,178765.022581
1684235,IT,HR,SEACO,CEMEN,0.06,55414.383,3,3,55414.383,0.0,0.0,0.0,0.0,923573.05
1813101,IT,WM,MOTO1,MEATA,0.29,55413.973,4,4,55413.969,0.0,0.0,0.0,0.004,191082.665517
1755420,IT,KR,HEAVY,HEAVY,0.09,55402.432,4,4,55402.428,0.0,0.0,0.0,0.004,615582.577778
1770341,IT,AU,RAILW,COPPE,0.37,55390.574,4,4,55390.572,0.0,0.0,0.0,0.002,149704.254054
1754545,IT,CA,BUSIN,AIRTR,0.57,55387.231,4,4,55387.227,0.0,0.0,0.0,0.004,97170.580702
1642546,IT,AT,COPP1,REALE,0.14,55386.005,4,4,55386.002,0.0,0.0,0.0,0.003,395614.321429
1755810,IT,KR,CERAM,TRAN1,0.09,55384.418,4,4,55384.415,0.0,0.0,0.0,0.003,615382.422222
1675716,IT,FR,FURNI,FISHF,0.18,55384.362,4,4,55384.357,0.0,0.0,0.0,0.005,307690.9
1733311,IT,SI,MOTO1,CONST,0.29,55384.224,4,4,55384.22,0.0,0.0,0.0,0.004,190980.082759
1710402,IT,LT,HOTEL,BUSIN,0.4,55383.233,4,4,55383.229,0.0,0.0,0.0,0.004,138458.0825
1812139,IT,WM,CEMEN,CROPS,0.09,55382.575,4,4,55382.573,0.0,0.0,0.0,0.002,615361.944444
1782875,IT,NO,SEACO,FOOD5,0.06,55381.394,3,3,55381.394,0.0,0.0,0.0,0.0,923023.233333
1659267,IT,DE,SALEM,RETAI,0.45,55380.73,4,4,55380.727,0.0,0.0,0.0,0.003,123068.288889
1668325,IT,ES,WHOLE,LANDT,0.48,55378.083,4,4,55378.08,0.0,0.0,0.0,0.003,115371.00625
1650917,IT,BG,SEACO,RUBBE,0.06,55377.897,3,3,55377.897,0.0,0.0,0.0,0.0,922964.95
1802296,IT,WE,LANDT,FINAN,0.36,55364.904,4,4,55364.901,0.0,0.0,0.0,0.003,153791.4
1729099,IT,SE,RUBBE,PLAS1,0.18,55363.089,4,4,55363.084,0.0,0.0,0.0,0.005,307572.716667
1734922,IT,SK,PRINT,PUBLI,0.53,55357.26,4,4,55357.256,0.0,0.0,0.0,0.004,104447.660377
1669344,IT,ES,FINAN,RENTI,0.72,55351.982,4,4,55351.98,0.0,0.0,0.0,0.002,76877.752778
1738268,IT,GB,NONME,CERAM,0.11,55343.511,4,4,55343.505,0.0,0.0,0.0,0.006,503122.827273
1799145,IT,WE,WEARI,CERAM,0.42,55342.178,4,4,55342.167,0.0,0.0,0.0,0.011,131767.090476
1739411,IT,GB,LANDT,WHEAT,0.36,55337.855,4,4,55337.852,0.0,0.0,0.0,0.003,153716.263889
1728550,IT,SE,PAPER,DAIRY,0.21,55324.647,4,4,55324.642,0.0,0.0,0.0,0.005,263450.7
1750005,IT,CN,NONME,PAPER,0.11,55321.164,4,4,55321.158,0.0,0.0,0.0,0.006,502919.672727
1751898,IT,CN,COMPU,PLAST,0.63,55319.37,4,4,55319.367,0.0,0.0,0.0,0.003,87808.52381
1766291,IT,RU,CERAM,BUSIN,0.09,55317.902,4,4,55317.899,0.0,0.0,0.0,0.003,614643.355556
1730508,IT,SE,FINAN,REALE,0.72,55316.441,4,4,55316.439,0.0,0.0,0.0,0.002,76828.390278
1717974,IT,PL,SANDC,FABRI,0.13,55315.22,5,5,55303.218,0.0,0.0,12.0,0.002,425501.692308
1714951,IT,NL,FISH5,MEATP,0.23,55312.895,4,4,55312.867,0.0,0.0,0.0,0.028,240490.847826
1771032,IT,CH,FORES,FORES,0.48,55312.133,4,4,55291.133,0.0,21.0,0.0,0.0,115233.610417
1711709,IT,LU,BUSIN,BASIC,0.57,55297.321,4,4,55297.317,0.0,0.0,0.0,0.004,97012.84386
1805049,IT,WF,PLAST,ELE11,0.12,55297.309,4,4,55297.303,0.0,0.0,0.0,0.006,460810.908333
1686008,IT,HU,BIODI,OFFIC,0.11,55296.569,4,4,55296.563,0.0,0.0,0.0,0.006,502696.081818
1709866,IT,LT,GLASS,CONST,0.15,55289.016,4,4,55289.013,0.0,0.0,0.0,0.003,368593.44
1767482,IT,RU,SEACO,PAPER,0.06,55287.824,3,3,55287.824,0.0,0.0,0.0,0.0,921463.733333
1752379,IT,CA,VEGE1,CROPS,0.17,55286.886,4,4,55286.874,0.0,0.0,0.0,0.012,325216.976471
1809863,IT,WM,BEVER,FISHF,0.24,55284.834,4,4,55284.83,0.0,0.0,0.0,0.004,230353.475
1715204,IT,NL,WOODW,NONF1,0.15,55284.028,4,4,55284.024,0.0,0.0,0.0,0.004,368560.186667
1664155,IT,EE,RUBBE,HOTEL,0.18,55279.376,4,4,55279.371,0.0,0.0,0.0,0.005,307107.644444
1681768,IT,HR,SANDC,SUPPO,0.13,55278.999,5,5,55266.997,0.0,0.0,12.0,0.002,425223.069231
1769935,IT,AU,MOTO1,SEACO,0.29,55277.764,4,4,55277.76,0.0,0.0,0.0,0.004,190612.97931
1677507,IT,FR,AUXIL,DIST1,1.01,55276.503,4,4,55276.5,0.0,0.0,0.0,0.003,54729.210891
1728099,IT,SE,VEGE1,MEAT1,0.17,55276.236,4,4,55276.224,0.0,0.0,0.0,0.012,325154.329412
1812143,IT,WM,CEMEN,LEADZ,0.09,55268.322,4,4,55268.32,0.0,0.0,0.0,0.002,614092.466667
1660812,IT,DE,COMPU,CEMEN,0.63,55264.926,4,4,55264.923,0.0,0.0,0.0,0.003,87722.104762
1791620,IT,WA,HOTEL,VEGE1,0.4,55263.839,4,4,55263.835,0.0,0.0,0.0,0.004,138159.5975
1766673,IT,RU,FABRI,COLLE,0.22,55258.357,4,4,55258.353,0.0,0.0,0.0,0.004,251174.35
1750692,IT,CN,MOTO1,SECO9,0.29,55258.08,4,4,55258.076,0.0,0.0,0.0,0.004,190545.103448
1689223,IT,IE,WHOLE,FORES,0.48,55257.52,4,4,55257.517,0.0,0.0,0.0,0.003,115119.833333
1812411,IT,WM,PREC1,SANDC,0.09,55256.804,4,4,55256.801,0.0,0.0,0.0,0.003,613964.488889
1804499,IT,WF,GASDI,GLASS,0.08,55254.629,4,4,55254.625,0.0,0.0,0.0,0.004,690682.8625
1763685,IT,MX,RUBBE,COPP1,0.18,55249.773,4,4,55249.768,0.0,0.0,0.0,0.005,306943.183333
1662657,IT,DK,MACHI,BRICK,0.31,55245.777,4,4,55245.772,0.0,0.0,0.0,0.005,178212.183871
1812146,IT,WM,CEMEN,MOTOR,0.09,55244.638,4,4,55244.636,0.0,0.0,0.0,0.002,613829.311111
1731905,IT,SI,MOTOR,CROPS,0.08,55239.616,4,4,55239.612,0.0,0.0,0.0,0.004,690495.2
1655596,IT,DE,SANDC,FABRI,0.13,55228.81,5,5,55216.808,0.0,0.0,12.0,0.002,424837.0
1672459,IT,FI,INTER,PLAST,0.33,55228.027,4,4,55228.023,0.0,0.0,0.0,0.004,167357.657576
1746046,IT,JP,PAPER,RESEA,0.21,55224.214,4,4,55224.209,0.0,0.0,0.0,0.005,262972.447619
1668300,IT,ES,WHOLE,FOUND,0.48,55223.548,4,4,55223.545,0.0,0.0,0.0,0.003,115049.058333
1811522,IT,WM,NFERT,DISTR,0.01,55218.967,4,4,55218.962,0.0,0.0,0.0,0.005,5521896.7
1767011,IT,RU,TRANS,FABRI,0.33,55217.403,4,4,55217.4,0.0,0.0,0.0,0.003,167325.463636
1792200,IT,WA,SUPPO,EDUCA,0.4,55209.042,4,4,55209.039,0.0,0.0,0.0,0.003,138022.605
1773428,IT,CH,OFFIC,KEROS,0.17,55207.775,4,4,55207.771,0.0,0.0,0.0,0.004,324751.617647
1746896,IT,JP,MOTO1,SANDC,0.29,55204.45,4,4,55204.446,0.0,0.0,0.0,0.004,190360.172414
1757805,IT,BR,NFERT,CONST,0.01,55202.905,4,4,55202.9,0.0,0.0,0.0,0.005,5520290.5
1724301,IT,PT,LANDT,WHOLE,0.36,55202.156,4,4,55202.153,0.0,0.0,0.0,0.003,153339.322222
1768270,IT,AU,VEGET,VEGET,0.2,55199.66,4,4,55199.658,0.0,0.0,0.0,0.002,275998.3
1742671,IT,US,NONF1,WOODW,0.01,55199.042,3,3,55199.042,0.0,0.0,0.0,0.0,5519904.2
1656469,IT,DE,PAPER,RAWMI,0.21,55197.207,4,4,55197.202,0.0,0.0,0.0,0.005,262843.842857
1782543,IT,NO,OFFIC,HEALT,0.17,55195.288,4,4,55195.284,0.0,0.0,0.0,0.004,324678.164706
1773053,IT,CH,ALUM1,TRAN1,0.1,55192.893,4,4,55192.889,0.0,0.0,0.0,0.004,551928.93
1797382,IT,WL,COMPU,CRUDE,0.63,55192.836,4,4,55192.833,0.0,0.0,0.0,0.003,87607.67619
1680276,IT,GR,FURNI,FABRI,0.18,55192.513,4,4,55192.508,0.0,0.0,0.0,0.005,306625.072222
1663642,IT,DK,BUSIN,SALEM,0.57,55192.463,4,4,55192.459,0.0,0.0,0.0,0.004,96828.882456
1750344,IT,CN,FABRI,BEVER,0.22,55192.31,4,4,55192.306,0.0,0.0,0.0,0.004,250874.136364
1645723,IT,BE,RUBBE,VEGE1,0.18,55191.482,4,4,55191.477,0.0,0.0,0.0,0.005,306619.344444
1765798,IT,RU,MOTOR,RETA1,0.08,55190.125,4,4,55190.121,0.0,0.0,0.0,0.004,689876.5625
1723346,IT,PT,NONME,FABRI,0.11,55186.838,4,4,55186.832,0.0,0.0,0.0,0.006,501698.527273
1676816,IT,FR,LANDT,RADIO,0.36,55185.809,4,4,55185.806,0.0,0.0,0.0,0.003,153293.913889
1657949,IT,DE,BASIC,ELE12,0.06,55184.215,4,4,55184.212,0.0,0.0,0.0,0.003,919736.916667
1745685,IT,JP,TEXTI,EDUCA,0.33,55181.501,4,4,55181.494,0.0,0.0,0.0,0.007,167216.669697
1679263,IT,GR,GASDI,DIST1,0.08,55179.683,4,4,55179.679,0.0,0.0,0.0,0.004,689746.0375
1673969,IT,FR,KEROS,PRINT,0.08,55175.708,4,4,55175.704,0.0,0.0,0.0,0.004,689696.35
1674152,IT,FR,HEAVY,RETA1,0.09,55170.672,4,4,55170.668,0.0,0.0,0.0,0.004,613007.466667
1773386,IT,CH,MACHI,TEXT1,0.31,55168.21,4,4,55168.205,0.0,0.0,0.0,0.005,177961.967742
1735805,IT,SK,MACHI,LEAD1,0.31,55164.795,4,4,55164.79,0.0,0.0,0.0,0.005,177950.951613
1751722,IT,CN,INSUR,DISTR,1.14,55150.221,4,4,55150.218,0.0,0.0,0.0,0.003,48377.386842
1681873,IT,HR,VEGE1,EDUCA,0.17,55145.273,4,4,55145.261,0.0,0.0,0.0,0.012,324383.958824
1735408,IT,SK,BASIC,DAIRY,0.06,55143.34,4,4,55143.337,0.0,0.0,0.0,0.003,919055.666667
1681867,IT,HR,VEGE1,FINAN,0.17,55141.508,4,4,55141.496,0.0,0.0,0.0,0.012,324361.811765
1740131,IT,GB,COMPU,TRANS,0.63,55139.981,4,4,55139.978,0.0,0.0,0.0,0.003,87523.779365
1801972,IT,WE,RETAI,REALE,0.43,55134.45,4,4,55134.446,0.0,0.0,0.0,0.004,128219.651163
1766120,IT,RU,RUBBE,CEMEN,0.18,55134.287,4,4,55134.282,0.0,0.0,0.0,0.005,306301.594444
1743651,IT,US,HOTEL,TRAN2,0.4,55131.084,4,4,55131.08,0.0,0.0,0.0,0.004,137827.71
1653334,IT,CZ,GLASS,PFERT,0.15,55129.152,4,4,55129.149,0.0,0.0,0.0,0.003,367527.68
1758276,IT,BR,ALUM1,PLAST,0.1,55128.526,4,4,55128.522,0.0,0.0,0.0,0.004,551285.26
1804868,IT,WF,BITU1,FOOD5,0.09,55128.455,4,4,55128.451,0.0,0.0,0.0,0.004,612538.388889
1800325,IT,WE,CHEM1,VEGET,0.12,55122.443,4,4,55122.437,0.0,0.0,0.0,0.006,459353.691667
1748736,IT,CN,BEVER,FURNI,0.23,55122.149,4,4,55122.145,0.0,0.0,0.0,0.004,239661.517391
1735467,IT,SK,BASIC,SALEM,0.06,55120.341,4,4,55120.338,0.0,0.0,0.0,0.003,918672.35
1644638,IT,BE,FOOD5,REALE,0.26,55119.893,4,4,55119.888,0.0,0.0,0.0,0.005,211999.588462
1688914,IT,IE,NONF1,OFFIC,0.01,55119.692,3,3,55119.692,0.0,0.0,0.0,0.0,5511969.2
1679143,IT,GR,PAPER,RETAI,0.21,55116.866,4,4,55116.861,0.0,0.0,0.0,0.005,262461.266667
1776922,IT,TR,PLAST,NONF1,0.12,55112.51,4,4,55112.504,0.0,0.0,0.0,0.006,459270.916667
1788875,IT,WA,GASDI,MEDIC,0.08,55111.809,4,4,55111.805,0.0,0.0,0.0,0.004,688897.6125
1757342,IT,BR,TEXTI,FURNI,0.33,55110.819,4,4,55110.812,0.0,0.0,0.0,0.007,167002.481818
1791398,IT,WA,WHOLE,VEGET,0.48,55106.766,4,4,55106.763,0.0,0.0,0.0,0.003,114805.7625
1654735,IT,CZ,TRAN2,SEACO,0.09,55103.136,4,4,55103.134,0.0,0.0,0.0,0.002,612257.066667
1667363,IT,ES,LEAD1,LANDT,0.1,55100.135,4,4,55100.13,0.0,0.0,0.0,0.005,551001.35
1784542,IT,ID,FABRI,PUBLI,0.22,55099.502,4,4,55099.498,0.0,0.0,0.0,0.004,250452.281818
1732555,IT,SI,RUBBE,RAILW,0.18,55099.216,4,4,55099.211,0.0,0.0,0.0,0.005,306106.755556
1776971,IT,TR,NFERT,FOOD5,0.01,55094.968,4,4,55094.963,0.0,0.0,0.0,0.005,5509496.8
1776993,IT,TR,CHEM1,ANIMA,0.12,55088.94,4,4,55088.934,0.0,0.0,0.0,0.006,459074.5
1728346,IT,SE,TEXTI,BEVER,0.33,55086.409,4,4,55086.402,0.0,0.0,0.0,0.007,166928.512121
1658013,IT,DE,PREC1,NAPHT,0.09,55083.798,4,4,55083.795,0.0,0.0,0.0,0.003,612042.2
1722321,IT,PT,OILSE,VEGE1,0.04,55073.8,4,4,55073.797,0.0,0.0,0.0,0.003,1376845.0
1728307,IT,SE,BEVER,LANDT,0.23,55072.45,4,4,55072.446,0.0,0.0,0.0,0.004,239445.434783
1710033,IT,LT,COPP1,MEDIC,0.14,55071.643,4,4,55071.64,0.0,0.0,0.0,0.003,393368.878571
1726416,IT,RO,FABRI,MEATP,0.22,55067.824,4,4,55067.82,0.0,0.0,0.0,0.004,250308.290909
1717177,IT,NL,AIRTR,RESEA,0.06,55067.677,4,4,55067.675,0.0,0.0,0.0,0.002,917794.616667
1652654,IT,CZ,WOODW,HOTEL,0.15,55065.925,4,4,55065.921,0.0,0.0,0.0,0.004,367106.166667
1808312,IT,WF,FOOD2,93197,0.32,55059.456,4,4,55059.452,0.0,0.0,0.0,0.004,172060.8
1722041,IT,PL,RESEA,PUBLI,0.3,55059.112,4,4,55059.108,0.0,0.0,0.0,0.004,183530.373333
1762895,IT,MX,STONE,RETA1,0.18,55056.487,5,5,55053.484,0.0,0.0,3.0,0.003,305869.372222
1742955,IT,US,MACHI,SEACO,0.31,55055.423,4,4,55055.418,0.0,0.0,0.0,0.005,177598.13871
1795118,IT,WL,RUBBE,KEROS,0.18,55054.278,4,4,55054.273,0.0,0.0,0.0,0.005,305857.1
1741404,IT,US,PRINT,RECRE,0.53,55053.924,4,4,55053.92,0.0,0.0,0.0,0.004,103875.328302
1734594,IT,SK,BEVER,RETA1,0.23,55053.434,4,4,55053.43,0.0,0.0,0.0,0.004,239362.756522
1751428,IT,CN,SEACO,93197,0.06,55053.016,3,3,55053.016,0.0,0.0,0.0,0.0,917550.266667
1644330,IT,BE,STONE,REALE,0.18,55045.631,5,5,55042.628,0.0,0.0,3.0,0.003,305809.061111
1739205,IT,GB,RETA1,TRAN1,0.57,55044.394,4,4,55044.39,0.0,0.0,0.0,0.004,96569.112281
1781248,IT,NO,STONE,NONME,0.18,55044.164,5,5,55041.161,0.0,0.0,3.0,0.003,305800.911111
1779167,IT,TR,POSTT,PRINT,0.91,55041.118,4,4,55041.114,0.0,0.0,0.0,0.004,60484.745055
1685493,IT,HU,PAPER,NATUR,0.21,55040.641,4,4,55040.636,0.0,0.0,0.0,0.005,262098.290476
1792076,IT,WA,AIRTR,ALUM1,0.06,55034.917,4,4,55034.915,0.0,0.0,0.0,0.002,917248.616667
1644203,IT,BE,VEGET,DAIRY,0.19,55027.919,4,4,55027.917,0.0,0.0,0.0,0.002,289620.626316
1746997,IT,JP,MOTO1,93197,0.29,55026.823,4,4,55026.819,0.0,0.0,0.0,0.004,189747.665517
1782509,IT,NO,OFFIC,NATUR,0.17,55022.513,4,4,55022.509,0.0,0.0,0.0,0.004,323661.841176
1779484,IT,TR,RENTI,RUBBE,0.33,55019.13,4,4,55019.127,0.0,0.0,0.0,0.003,166724.636364
1640549,IT,AT,FOOD5,BIOGA,0.26,55018.678,4,4,55018.673,0.0,0.0,0.0,0.005,211610.3
1728812,IT,SE,NONSP,HEAVY,0.07,55012.407,4,4,55012.404,0.0,0.0,0.0,0.003,785891.528571
1674554,IT,FR,RUBBE,CERAM,0.18,55011.272,4,4,55011.267,0.0,0.0,0.0,0.005,305618.177778
1745886,IT,JP,LEATH,GASWO,0.39,55005.048,4,4,55005.038,0.0,0.0,0.0,0.01,141038.584615
1795092,IT,WL,RUBBE,NATU1,0.18,55003.024,4,4,55003.019,0.0,0.0,0.0,0.005,305572.355556
1653878,IT,CZ,FABRI,COPP1,0.22,55001.594,4,4,55001.59,0.0,0.0,0.0,0.004,250007.245455
1788502,IT,WA,PULP5,MEMBE,0.17,54994.984,4,4,54994.979,0.0,0.0,0.0,0.005,323499.905882
1771767,IT,CH,LEATH,SALEM,0.39,54989.064,4,4,54989.054,0.0,0.0,0.0,0.01,140997.6
1656789,IT,DE,GASDI,RAWMI,0.08,54986.468,4,4,54986.464,0.0,0.0,0.0,0.004,687330.85
1646805,IT,BE,SALEM,CONST,0.44,54979.517,4,4,54979.514,0.0,0.0,0.0,0.003,124953.447727
1686513,IT,HU,PREC1,BUSIN,0.09,54977.359,4,4,54977.356,0.0,0.0,0.0,0.003,610859.544444
1666411,IT,ES,BITU1,MOTOR,0.09,54976.315,4,4,54976.311,0.0,0.0,0.0,0.004,610847.944444
1646754,IT,BE,CONST,ELEC3,0.31,54975.933,4,4,54975.93,0.0,0.0,0.0,0.003,177341.719355
1802201,IT,WE,HOTEL,INSUR,0.4,54973.133,4,4,54973.129,0.0,0.0,0.0,0.004,137432.8325
1812801,IT,WM,FABRI,MEATP,0.22,54972.151,4,4,54972.147,0.0,0.0,0.0,0.004,249873.413636
1725457,IT,RO,WEARI,TEXTI,0.41,54972.136,4,4,54972.126,0.0,0.0,0.0,0.01,134078.380488
1674747,IT,FR,CERAM,MACHI,0.09,54966.817,4,4,54966.814,0.0,0.0,0.0,0.003,610742.411111
1756665,IT,KR,SEACO,PADDY,0.06,54964.067,3,3,54964.067,0.0,0.0,0.0,0.0,916067.783333
1733283,IT,SI,OFFIC,WHOLE,0.17,54963.783,4,4,54963.779,0.0,0.0,0.0,0.004,323316.370588
1712308,IT,LV,RUBBE,SANDC,0.18,54959.459,4,4,54959.454,0.0,0.0,0.0,0.005,305330.327778
1664702,IT,EE,AIRTR,POSTT,0.06,54957.826,4,4,54957.824,0.0,0.0,0.0,0.002,915963.766667
1812719,IT,WM,NONF1,FOOD5,0.01,54954.447,3,3,54954.447,0.0,0.0,0.0,0.0,5495444.7
1688202,IT,HU,BUSIN,RECRE,0.56,54952.001,4,4,54951.997,0.0,0.0,0.0,0.004,98128.573214
1646140,IT,BE,PREC1,ELEC2,0.09,54945.519,4,4,54945.516,0.0,0.0,0.0,0.003,610505.766667
1753172,IT,CA,GLASS,PAPER,0.15,54945.25,4,4,54945.247,0.0,0.0,0.0,0.003,366301.666667
1722020,IT,PL,COMPU,RECRE,0.63,54944.743,4,4,54944.74,0.0,0.0,0.0,0.003,87213.877778
1749915,IT,CN,GLASS,PAPER,0.15,54939.923,4,4,54939.92,0.0,0.0,0.0,0.003,366266.153333
1794538,IT,WL,HEAVY,STONE,0.09,54928.864,4,4,54928.86,0.0,0.0,0.0,0.004,610320.711111
1756328,IT,KR,MOTO1,FINAN,0.29,54928.712,4,4,54928.708,0.0,0.0,0.0,0.004,189409.351724
1790436,IT,WA,LEAD1,AUXIL,0.1,54927.952,4,4,54927.947,0.0,0.0,0.0,0.005,549279.52
1772795,IT,CH,NONME,ELEC4,0.11,54924.081,4,4,54924.075,0.0,0.0,0.0,0.006,499309.827273
1659394,IT,DE,WHOLE,TOBAC,0.47,54920.452,4,4,54920.449,0.0,0.0,0.0,0.003,116852.025532
1773384,IT,CH,MACHI,PLAS1,0.31,54919.797,4,4,54919.792,0.0,0.0,0.0,0.005,177160.635484
1725857,IT,RO,GASDI,SALEM,0.08,54917.217,4,4,54917.213,0.0,0.0,0.0,0.004,686465.2125
1799217,IT,WE,LEATH,CRUDE,0.39,54914.201,4,4,54914.191,0.0,0.0,0.0,0.01,140805.64359
1676258,IT,FR,SALEM,BEVER,0.44,54913.949,4,4,54913.946,0.0,0.0,0.0,0.003,124804.429545
1800179,IT,WE,PLAST,CROPS,0.12,54913.807,4,4,54913.801,0.0,0.0,0.0,0.006,457615.058333
1789551,IT,WA,ADDIT,MEMBE,0.13,54910.712,4,4,54910.708,0.0,0.0,0.0,0.004,422390.092308
1664784,IT,ES,CEREA,PLAST,0.09,54903.802,4,4,54903.799,0.0,0.0,0.0,0.003,610042.244444
1812048,IT,WM,CERAM,FOOD5,0.09,54901.106,4,4,54901.103,0.0,0.0,0.0,0.003,610012.288889
1716287,IT,NL,FABRI,FISH5,0.22,54898.261,4,4,54898.257,0.0,0.0,0.0,0.004,249537.55
1806191,IT,WF,MACHI,PIGS9,0.31,54895.074,4,4,54895.069,0.0,0.0,0.0,0.005,177080.883871
1740834,IT,US,VEGE1,OFFIC,0.17,54888.172,4,4,54888.16,0.0,0.0,0.0,0.012,322871.6
1672049,IT,FI,AIRTR,LANDT,0.06,54872.805,4,4,54872.803,0.0,0.0,0.0,0.002,914546.75
1659999,IT,DE,SEACO,RESEA,0.06,54870.159,3,3,54870.159,0.0,0.0,0.0,0.0,914502.65
1684256,IT,HR,SEACO,TRAN2,0.06,54869.974,3,3,54869.974,0.0,0.0,0.0,0.0,914499.566667
1750057,IT,CN,BASIC,LEATH,0.06,54869.764,4,4,54869.761,0.0,0.0,0.0,0.003,914496.066667
1756585,IT,KR,RETA1,HEALT,0.57,54869.535,4,4,54869.531,0.0,0.0,0.0,0.004,96262.342105
1800901,IT,WE,PREC1,PFERT,0.09,54867.986,4,4,54867.983,0.0,0.0,0.0,0.003,609644.288889
1787728,IT,WA,VEGE1,FURNI,0.17,54867.511,4,4,54867.499,0.0,0.0,0.0,0.012,322750.064706
1654922,IT,CZ,INSUR,MOTOR,1.13,54864.831,4,4,54864.828,0.0,0.0,0.0,0.003,48552.947788
1761424,IT,IN,BASIC,CERAM,0.06,54862.819,4,4,54862.816,0.0,0.0,0.0,0.003,914380.316667
1673268,IT,FR,FISH5,RESEA,0.23,54862.668,4,4,54862.64,0.0,0.0,0.0,0.028,238533.33913
1787646,IT,WA,MEAT4,FURNI,0.3,54862.049,4,4,54862.045,0.0,0.0,0.0,0.004,182873.496667
1757081,IT,KR,BUSIN,SEACO,0.56,54858.364,4,4,54858.36,0.0,0.0,0.0,0.004,97961.364286
1737538,IT,GB,WOODW,LANDT,0.15,54856.052,4,4,54856.048,0.0,0.0,0.0,0.004,365707.013333
1675766,IT,FR,FURNI,ELEC4,0.18,54854.877,4,4,54854.872,0.0,0.0,0.0,0.005,304749.316667
1795692,IT,WL,FABRI,RAILW,0.22,54853.827,4,4,54853.823,0.0,0.0,0.0,0.004,249335.577273
1794607,IT,WL,HEAVY,TRAN2,0.09,54853.564,4,4,54853.56,0.0,0.0,0.0,0.004,609484.044444
1802956,IT,WF,WHEAT,MEATP,0.04,54850.264,3,3,54850.264,0.0,0.0,0.0,0.0,1371256.6
1803940,IT,WF,WEARI,INSUR,0.41,54850.176,4,4,54850.166,0.0,0.0,0.0,0.01,133780.917073
1777733,IT,TR,NONF1,GLASS,0.01,54849.772,3,3,54849.772,0.0,0.0,0.0,0.0,5484977.2
1651655,IT,CY,BASIC,WHOLE,0.06,54848.123,4,4,54848.12,0.0,0.0,0.0,0.003,914135.383333
1683425,IT,HR,BASIC,RETAI,0.06,54843.097,4,4,54843.094,0.0,0.0,0.0,0.003,914051.616667
1776566,IT,TR,GASDI,CEREA,0.08,54843.061,4,4,54843.057,0.0,0.0,0.0,0.004,685538.2625
1729172,IT,SE,GLASS,RESEA,0.15,54842.182,4,4,54842.179,0.0,0.0,0.0,0.003,365614.546667
1763759,IT,MX,GLASS,OFFIC,0.15,54839.376,4,4,54839.373,0.0,0.0,0.0,0.003,365595.84
1755761,IT,KR,GLASS,SUPPO,0.15,54838.29,4,4,54838.287,0.0,0.0,0.0,0.003,365588.6
1786484,IT,ZA,MOTO1,RETA1,0.29,54837.33,4,4,54837.326,0.0,0.0,0.0,0.004,189094.241379
1756084,IT,KR,FABRI,FOUND,0.22,54836.527,4,4,54836.523,0.0,0.0,0.0,0.004,249256.940909
1786003,IT,ZA,GLASS,WOODW,0.15,54835.589,4,4,54835.586,0.0,0.0,0.0,0.003,365570.593333
1642345,IT,AT,BASIC,ELEC1,0.06,54835.314,4,4,54835.311,0.0,0.0,0.0,0.003,913921.9
1814053,IT,WM,AIRTR,CEREA,0.06,54835.284,4,4,54835.282,0.0,0.0,0.0,0.002,913921.4
1787282,IT,WA,VEGET,BUSIN,0.19,54834.184,4,4,54834.182,0.0,0.0,0.0,0.002,288600.968421
1646349,IT,BE,FABRI,PRINT,0.22,54834.007,4,4,54834.003,0.0,0.0,0.0,0.004,249245.486364
1714856,IT,NL,FOOD5,BUSIN,0.26,54828.94,4,4,54828.935,0.0,0.0,0.0,0.005,210880.538462
1733693,IT,SI,RAILW,FABRI,0.37,54827.493,4,4,54827.491,0.0,0.0,0.0,0.002,148182.413514
1744784,IT,US,RESEA,BASIC,0.3,54827.368,4,4,54827.364,0.0,0.0,0.0,0.004,182757.893333
1671931,IT,FI,LANDT,DAIRY,0.35,54826.308,4,4,54826.305,0.0,0.0,0.0,0.003,156646.594286
1800483,IT,WE,RUBBE,MEATP,0.18,54826.257,4,4,54826.252,0.0,0.0,0.0,0.005,304590.316667
1783579,IT,NO,FOOD2,BASIC,0.32,54820.761,4,4,54820.757,0.0,0.0,0.0,0.004,171314.878125
1803071,IT,WF,CEREA,RETAI,0.09,54820.141,4,4,54820.138,0.0,0.0,0.0,0.003,609112.677778
1807454,IT,WF,AUXIL,AUXIL,1.0,54807.278,4,4,54807.275,0.0,0.0,0.0,0.003,54807.278
1649326,IT,BG,PLAST,PRINT,0.11,54806.043,4,4,54806.037,0.0,0.0,0.0,0.006,498236.754545
1648469,IT,BG,VEGET,DIST1,0.19,54805.615,4,4,54805.613,0.0,0.0,0.0,0.002,288450.605263
1794537,IT,WL,HEAVY,NATU1,0.09,54797.322,4,4,54797.318,0.0,0.0,0.0,0.004,608859.133333
1752829,IT,CA,PAPER,FURNI,0.21,54794.289,4,4,54794.284,0.0,0.0,0.0,0.005,260925.185714
1731456,IT,SI,BEVER,BEVER,0.23,54790.675,4,4,54790.671,0.0,0.0,0.0,0.004,238220.326087
1665193,IT,ES,FOOD5,SUGA1,0.26,54783.139,4,4,54783.134,0.0,0.0,0.0,0.005,210704.380769
1750560,IT,CN,OFFIC,VEGET,0.17,54781.084,4,4,54781.08,0.0,0.0,0.0,0.004,322241.670588
1813039,IT,WM,OFFIC,NATU1,0.17,54781.082,4,4,54781.078,0.0,0.0,0.0,0.004,322241.658824
1775058,IT,CH,RENTI,NONME,0.33,54779.786,4,4,54779.783,0.0,0.0,0.0,0.003,165999.351515
1685977,IT,HU,BIODI,VEGET,0.11,54779.569,4,4,54779.563,0.0,0.0,0.0,0.006,497996.081818
1749531,IT,CN,NONSP,PFERT,0.07,54779.323,4,4,54779.32,0.0,0.0,0.0,0.003,782561.757143
1654496,IT,CZ,HOTEL,WOODW,0.4,54777.863,4,4,54777.859,0.0,0.0,0.0,0.004,136944.6575
1663332,IT,DK,AIRTR,RESEA,0.06,54776.857,4,4,54776.855,0.0,0.0,0.0,0.002,912947.616667
1684297,IT,HR,AIRTR,AUXIL,0.06,54776.38,4,4,54776.378,0.0,0.0,0.0,0.002,912939.666667
1787200,IT,WA,WHEAT,HOTEL,0.04,54773.674,3,3,54773.674,0.0,0.0,0.0,0.0,1369341.85
1722733,IT,PT,WOODW,BUSIN,0.15,54767.884,4,4,54767.88,0.0,0.0,0.0,0.004,365119.226667
1655600,IT,DE,SANDC,FURNI,0.13,54766.535,5,5,54754.533,0.0,0.0,12.0,0.002,421281.038462
1772324,IT,CH,PLAST,ALUM1,0.11,54765.692,4,4,54765.686,0.0,0.0,0.0,0.006,497869.927273
1682831,IT,HR,HEAVY,COMPU,0.09,54758.595,4,4,54758.591,0.0,0.0,0.0,0.004,608428.833333
1661945,IT,DK,KEROS,WEARI,0.08,54756.313,4,4,54756.309,0.0,0.0,0.0,0.004,684453.9125
1772218,IT,CH,GASDI,EDUCA,0.08,54755.627,4,4,54755.623,0.0,0.0,0.0,0.004,684445.3375
1709736,IT,LT,CHEM1,RETA1,0.11,54755.622,4,4,54755.616,0.0,0.0,0.0,0.006,497778.381818
1798333,IT,WE,CROPS,RESEA,0.43,54752.65,4,4,54752.647,0.0,0.0,0.0,0.003,127331.744186
1725336,IT,RO,FISH5,LIQUE,0.23,54752.066,4,4,54752.038,0.0,0.0,0.0,0.028,238052.46087
1719909,IT,PL,PREC1,LIQUE,0.09,54751.199,4,4,54751.196,0.0,0.0,0.0,0.003,608346.655556
1794977,IT,WL,CHEM1,ELEC6,0.11,54747.5,4,4,54747.494,0.0,0.0,0.0,0.006,497704.545455
1803693,IT,WF,BEVER,CONST,0.23,54744.924,4,4,54744.92,0.0,0.0,0.0,0.004,238021.408696
1730320,IT,SE,AIRTR,EDUCA,0.06,54739.79,4,4,54739.788,0.0,0.0,0.0,0.002,912329.833333
1808199,IT,WF,OILHA,INSUR,0.31,54737.425,4,4,54737.422,0.0,0.0,0.0,0.003,176572.33871
1722641,IT,PT,TEXTI,RETA1,0.32,54734.915,4,4,54734.908,0.0,0.0,0.0,0.007,171046.609375
1640911,IT,AT,LEATH,FINAN,0.39,54734.897,4,4,54734.888,0.0,0.0,0.0,0.009,140345.889744
1718250,IT,PL,FOOD5,MEATA,0.26,54733.653,4,4,54733.648,0.0,0.0,0.0,0.005,210514.05
1640659,IT,AT,BEVER,PUBLI,0.23,54721.175,4,4,54721.171,0.0,0.0,0.0,0.004,237918.152174
1719467,IT,PL,RUBBE,FOOD3,0.18,54717.644,4,4,54717.639,0.0,0.0,0.0,0.005,303986.911111
1737293,IT,GB,FOOD5,EDUCA,0.26,54717.608,4,4,54717.603,0.0,0.0,0.0,0.005,210452.338462
1648057,IT,BE,COMPU,LANDT,0.62,54716.334,4,4,54716.331,0.0,0.0,0.0,0.003,88252.151613
1754834,IT,KR,FOOD5,93197,0.26,54716.042,4,4,54716.037,0.0,0.0,0.0,0.005,210446.315385
1726218,IT,RO,NONME,MOTOR,0.11,54710.25,4,4,54710.244,0.0,0.0,0.0,0.006,497365.909091
1678932,IT,GR,TEXTI,FURNI,0.32,54709.227,4,4,54709.22,0.0,0.0,0.0,0.007,170966.334375
1651219,IT,BG,BUSIN,REALE,0.56,54707.565,4,4,54707.561,0.0,0.0,0.0,0.004,97692.080357
1808246,IT,WF,FOOD2,CATTL,0.32,54707.035,4,4,54707.031,0.0,0.0,0.0,0.004,170959.484375
1660018,IT,DE,INLAN,SUPPO,0.09,54703.09,4,4,54703.086,0.0,0.0,0.0,0.004,607812.111111
1813049,IT,WM,OFFIC,LIQUE,0.17,54701.873,4,4,54701.869,0.0,0.0,0.0,0.004,321775.723529
1724265,IT,PT,LANDT,MOTOR,0.35,54701.019,4,4,54701.016,0.0,0.0,0.0,0.003,156288.625714
1770476,IT,AU,AIRTR,MOTOR,0.06,54697.608,4,4,54697.606,0.0,0.0,0.0,0.002,911626.8
1780305,IT,TW,TRAN2,GASDI,0.08,54693.104,4,4,54693.102,0.0,0.0,0.0,0.002,683663.8
1714756,IT,NL,DAIRY,BUSIN,0.22,54688.172,4,4,54688.168,0.0,0.0,0.0,0.004,248582.6
1715315,IT,NL,PAPER,REALE,0.21,54687.275,4,4,54687.27,0.0,0.0,0.0,0.005,260415.595238
1716938,IT,NL,RAILW,PLAST,0.37,54686.318,4,4,54686.316,0.0,0.0,0.0,0.002,147800.859459
1683544,IT,HR,ALUM1,HOTEL,0.1,54679.735,4,4,54679.731,0.0,0.0,0.0,0.004,546797.35
1757668,IT,BR,HEAVY,PETRO,0.09,54677.561,4,4,54677.557,0.0,0.0,0.0,0.004,607528.455556
1747517,IT,JP,SEACO,EDUCA,0.06,54674.537,3,3,54674.537,0.0,0.0,0.0,0.0,911242.283333
1787937,IT,WA,BEVER,PRIVA,0.23,54673.801,4,4,54673.797,0.0,0.0,0.0,0.004,237712.178261
1677186,IT,FR,POSTT,ELEC3,0.9,54660.241,4,4,54660.237,0.0,0.0,0.0,0.004,60733.601111
1754304,IT,CA,INSUR,CRUDE,1.13,54659.06,4,4,54659.057,0.0,0.0,0.0,0.003,48370.849558
1750273,IT,CN,COPP1,DIST1,0.14,54657.779,4,4,54657.776,0.0,0.0,0.0,0.003,390412.707143
1757838,IT,BR,CHEM1,ANIMA,0.11,54657.103,4,4,54657.097,0.0,0.0,0.0,0.006,496882.754545
1777668,IT,TR,LEAD1,REALE,0.1,54656.979,4,4,54656.974,0.0,0.0,0.0,0.005,546569.79
1774374,IT,CH,HOTEL,AUXIL,0.4,54656.493,4,4,54656.489,0.0,0.0,0.0,0.004,136641.2325
1660485,IT,DE,INSUR,RUBBE,1.13,54651.059,4,4,54651.056,0.0,0.0,0.0,0.003,48363.769027
1754905,IT,KR,TOBAC,BUSIN,0.22,54649.91,4,4,54649.907,0.0,0.0,0.0,0.003,248408.681818
1739172,IT,GB,RETA1,GASDI,0.57,54647.871,4,4,54647.867,0.0,0.0,0.0,0.004,95873.457895
1649082,IT,BG,PAPER,PULP5,0.21,54647.61,4,4,54647.605,0.0,0.0,0.0,0.005,260226.714286
1754581,IT,KR,CROPS,POULT,0.43,54645.917,4,4,54645.914,0.0,0.0,0.0,0.003,127083.527907
1681825,IT,HR,VEGE1,MEATA,0.17,54645.866,4,4,54645.854,0.0,0.0,0.0,0.012,321446.270588
1783374,IT,NO,PLAS1,CONST,0.2,54644.441,4,4,54644.437,0.0,0.0,0.0,0.004,273222.205
1777428,IT,TR,NONME,RUBBE,0.11,54644.266,4,4,54644.26,0.0,0.0,0.0,0.006,496766.054545
1652596,IT,CZ,LEATH,RESEA,0.39,54639.436,4,4,54639.427,0.0,0.0,0.0,0.009,140101.117949
1807027,IT,WF,LANDT,BUSIN,0.35,54635.083,4,4,54635.08,0.0,0.0,0.0,0.003,156100.237143
1812020,IT,WM,GLASS,RENTI,0.15,54633.557,4,4,54633.554,0.0,0.0,0.0,0.003,364223.713333
1689553,IT,IE,AIRTR,LEADZ,0.06,54630.44,4,4,54630.438,0.0,0.0,0.0,0.002,910507.333333
1649030,IT,BG,WOODW,MOTO1,0.15,54626.912,4,4,54626.908,0.0,0.0,0.0,0.004,364179.413333
1786281,IT,ZA,FABRI,RUBBE,0.22,54626.308,4,4,54626.304,0.0,0.0,0.0,0.004,248301.4
1757306,IT,BR,FOOD5,RETA1,0.26,54623.21,4,4,54623.205,0.0,0.0,0.0,0.005,210089.269231
1751932,IT,CN,COMPU,DISTR,0.62,54620.554,4,4,54620.551,0.0,0.0,0.0,0.003,88097.667742
1739056,IT,GB,RETAI,SALEM,0.43,54618.387,4,4,54618.383,0.0,0.0,0.0,0.004,127019.504651
1655645,IT,DE,CHEMI,SANDC,0.13,54617.927,5,5,54614.922,0.0,0.0,3.0,0.005,420137.9
1749136,IT,CN,WOODW,HOTEL,0.15,54614.511,4,4,54614.507,0.0,0.0,0.0,0.004,364096.74
1781602,IT,NO,WEARI,CONST,0.41,54613.094,4,4,54613.084,0.0,0.0,0.0,0.01,133202.668293
1653393,IT,CZ,CERAM,RUBBE,0.09,54608.739,4,4,54608.736,0.0,0.0,0.0,0.003,606763.766667
1752424,IT,CA,VEGE1,LANDT,0.17,54607.854,4,4,54607.842,0.0,0.0,0.0,0.012,321222.670588
1812499,IT,WM,ALUM1,ANIMA,0.09,54607.574,4,4,54607.57,0.0,0.0,0.0,0.004,606750.822222
1659385,IT,DE,WHOLE,MEATC,0.47,54607.314,4,4,54607.311,0.0,0.0,0.0,0.003,116185.774468
1768395,IT,AU,VEGE1,PROCE,0.17,54606.85,4,4,54606.838,0.0,0.0,0.0,0.012,321216.764706
1772777,IT,CH,NONME,RUBBE,0.11,54603.354,4,4,54603.348,0.0,0.0,0.0,0.006,496394.127273
1769344,IT,AU,GLASS,FURNI,0.15,54602.31,4,4,54602.307,0.0,0.0,0.0,0.003,364015.4
1674638,IT,FR,GLASS,CROPS,0.15,54601.059,4,4,54601.056,0.0,0.0,0.0,0.003,364007.06
1783655,IT,NO,FOOD3,INERT,0.16,54594.266,4,4,54594.263,0.0,0.0,0.0,0.003,341214.1625
1666836,IT,ES,GLASS,NICKE,0.15,54591.356,4,4,54591.353,0.0,0.0,0.0,0.003,363942.373333
1811999,IT,WM,GLASS,MEDIC,0.15,54589.606,4,4,54589.603,0.0,0.0,0.0,0.003,363930.706667
1660017,IT,DE,INLAN,SEACO,0.09,54587.017,4,4,54587.013,0.0,0.0,0.0,0.004,606522.411111
1753421,IT,CA,FABRI,HYDRO,0.22,54582.825,4,4,54582.821,0.0,0.0,0.0,0.004,248103.75
1713650,IT,MT,ALUM1,CONST,0.09,54581.753,4,4,54581.749,0.0,0.0,0.0,0.004,606463.922222
1734735,IT,SK,LEATH,SUPPO,0.39,54580.296,4,4,54580.287,0.0,0.0,0.0,0.009,139949.476923
1785921,IT,ZA,RUBBE,MEATC,0.18,54576.796,4,4,54576.791,0.0,0.0,0.0,0.005,303204.422222
1681418,IT,GR,RENTI,NONME,0.33,54575.598,4,4,54575.595,0.0,0.0,0.0,0.003,165380.6
1718677,IT,PL,WOODW,CERAM,0.15,54575.208,4,4,54575.204,0.0,0.0,0.0,0.004,363834.72
1774115,IT,CH,WHOLE,OFFIC,0.47,54573.597,4,4,54573.594,0.0,0.0,0.0,0.003,116114.03617
1655700,IT,DE,CHEMI,COLLE,0.13,54570.169,5,5,54567.164,0.0,0.0,3.0,0.005,419770.530769
1725888,IT,RO,HEAVY,BASIC,0.09,54567.88,4,4,54567.876,0.0,0.0,0.0,0.004,606309.777778
1752796,IT,CA,PAPER,SANDC,0.21,54567.716,4,4,54567.711,0.0,0.0,0.0,0.005,259846.266667
1781505,IT,NO,TEXTI,MEAT1,0.32,54564.39,4,4,54564.383,0.0,0.0,0.0,0.007,170513.71875
1644200,IT,BE,VEGET,MEAT1,0.19,54561.659,4,4,54561.657,0.0,0.0,0.0,0.002,287166.626316
1689294,IT,IE,WHOLE,RECRE,0.47,54558.899,4,4,54558.896,0.0,0.0,0.0,0.003,116082.76383
1796004,IT,WL,MOTO1,RETAI,0.29,54558.266,4,4,54558.262,0.0,0.0,0.0,0.004,188131.951724
1683550,IT,HR,ALUM1,BUSIN,0.09,54552.246,4,4,54552.242,0.0,0.0,0.0,0.004,606136.066667
1805173,IT,WF,CHEM1,URANI,0.11,54550.29,4,4,54550.284,0.0,0.0,0.0,0.006,495911.727273
1641427,IT,AT,GASDI,KEROS,0.08,54548.804,4,4,54548.8,0.0,0.0,0.0,0.004,681860.05
1677949,IT,FR,BUSIN,OILHA,0.56,54548.111,4,4,54548.107,0.0,0.0,0.0,0.004,97407.341071
1677677,IT,FR,RENTI,BEVER,0.33,54538.742,4,4,54538.739,0.0,0.0,0.0,0.003,165268.915152
1741615,IT,US,GASDI,MEMBE,0.08,54534.539,4,4,54534.535,0.0,0.0,0.0,0.004,681681.7375
1782866,IT,NO,TRAN2,TRAN2,0.08,54530.884,3,3,54530.884,0.0,0.0,0.0,0.0,681636.05
1767534,IT,RU,AIRTR,CHEM1,0.06,54526.711,4,4,54526.709,0.0,0.0,0.0,0.002,908778.516667
1729446,IT,SE,PREC1,PLAST,0.09,54521.081,4,4,54521.078,0.0,0.0,0.0,0.003,605789.788889
1769122,IT,AU,CHEM1,NATUR,0.11,54518.48,4,4,54518.474,0.0,0.0,0.0,0.006,495622.545455
1682387,IT,HR,PAPER,CROPS,0.21,54515.728,4,4,54515.723,0.0,0.0,0.0,0.005,259598.704762
1758632,IT,BR,TRANS,SALEM,0.33,54514.216,4,4,54514.213,0.0,0.0,0.0,0.003,165194.593939
1750322,IT,CN,NONF1,DIST1,0.01,54513.134,3,3,54513.134,0.0,0.0,0.0,0.0,5451313.4
1673303,IT,FR,TEXTI,DAIRY,0.32,54499.125,4,4,54499.118,0.0,0.0,0.0,0.007,170309.765625
1765643,IT,RU,WOODW,93197,0.15,54498.946,4,4,54498.942,0.0,0.0,0.0,0.004,363326.306667
1781514,IT,NO,TEXTI,WOODW,0.32,54493.106,4,4,54493.099,0.0,0.0,0.0,0.007,170290.95625
1784601,IT,ID,MACHI,COPP1,0.3,54491.376,4,4,54491.372,0.0,0.0,0.0,0.004,181637.92
1659913,IT,DE,TRAN2,WHITE,0.08,54485.507,3,3,54485.507,0.0,0.0,0.0,0.0,681068.8375
1793551,IT,WL,MEAT4,WEARI,0.3,54476.673,4,4,54476.669,0.0,0.0,0.0,0.004,181588.91
1776550,IT,TR,KERO1,ALUMI,0.08,54473.242,4,4,54473.238,0.0,0.0,0.0,0.004,680915.525
1743340,IT,US,SALEM,CEREA,0.44,54466.452,4,4,54466.449,0.0,0.0,0.0,0.003,123787.390909
1749465,IT,CN,HEAVY,NONF1,0.09,54463.948,4,4,54463.944,0.0,0.0,0.0,0.004,605154.977778
1669290,IT,ES,FINAN,CHEM1,0.71,54463.062,4,4,54463.06,0.0,0.0,0.0,0.002,76708.538028
1723937,IT,PT,CONST,CONST,0.3,54458.765,4,4,54458.762,0.0,0.0,0.0,0.003,181529.216667
1681284,IT,GR,FINAN,PUBLI,0.71,54455.794,4,4,54455.792,0.0,0.0,0.0,0.002,76698.301408
1810814,IT,WM,KEROS,REFIN,0.08,54453.309,4,4,54453.305,0.0,0.0,0.0,0.004,680666.3625
1738207,IT,GB,CERAM,COMPU,0.08,54452.488,4,4,54452.485,0.0,0.0,0.0,0.003,680656.1
1787616,IT,WA,MEAT4,RAWMI,0.3,54451.642,4,4,54451.638,0.0,0.0,0.0,0.004,181505.473333
1764351,IT,MX,MOTO1,CROPS,0.29,54448.468,4,4,54448.464,0.0,0.0,0.0,0.004,187753.337931
1641896,IT,AT,BIODI,MACHI,0.11,54448.187,4,4,54448.181,0.0,0.0,0.0,0.006,494983.518182
1813997,IT,WM,SEACO,CHARC,0.06,54445.702,3,3,54445.702,0.0,0.0,0.0,0.0,907428.366667
1667886,IT,ES,MOTO1,GLASS,0.29,54443.66,4,4,54443.656,0.0,0.0,0.0,0.004,187736.758621
1640575,IT,AT,FOOD5,LANDT,0.26,54440.069,4,4,54440.064,0.0,0.0,0.0,0.005,209384.880769
1738634,IT,GB,MACHI,VEGET,0.3,54439.634,4,4,54439.63,0.0,0.0,0.0,0.004,181465.446667
1661851,IT,DK,PAPER,BRICK,0.21,54439.433,4,4,54439.428,0.0,0.0,0.0,0.005,259235.395238
1759129,IT,BR,AIRTR,CEMEN,0.06,54438.939,4,4,54438.937,0.0,0.0,0.0,0.002,907315.65
1766432,IT,RU,BASIC,RENTI,0.06,54438.095,4,4,54438.092,0.0,0.0,0.0,0.003,907301.583333
1809419,IT,WM,CHEMI,CHARC,0.13,54436.914,5,5,54433.909,0.0,0.0,3.0,0.005,418745.492308
1743859,IT,US,SEACO,FOOD5,0.06,54435.624,3,3,54435.624,0.0,0.0,0.0,0.0,907260.4
1640221,IT,AT,FORES,RUBBE,0.48,54427.983,4,4,54406.983,0.0,21.0,0.0,0.0,113391.63125
1810213,IT,WM,LEATH,NATU1,0.39,54427.09,4,4,54427.081,0.0,0.0,0.0,0.009,139556.641026
1771472,IT,CH,BEVER,SECO9,0.23,54423.95,4,4,54423.947,0.0,0.0,0.0,0.003,236625.869565
1748766,IT,CN,FISH5,HOTEL,0.23,54421.67,4,4,54421.642,0.0,0.0,0.0,0.028,236615.956522
1755904,IT,KR,BASIC,CHEM1,0.06,54421.118,4,4,54421.115,0.0,0.0,0.0,0.003,907018.633333
1813981,IT,WM,SEACO,PULP5,0.06,54420.542,3,3,54420.542,0.0,0.0,0.0,0.0,907009.033333
1758270,IT,BR,ALUM1,MEAT1,0.09,54418.402,4,4,54418.398,0.0,0.0,0.0,0.004,604648.911111
1789695,IT,WA,RUBBE,AUXIL,0.18,54412.012,4,4,54412.007,0.0,0.0,0.0,0.005,302288.955556
1746472,IT,JP,GLASS,HEALT,0.15,54409.58,4,4,54409.577,0.0,0.0,0.0,0.003,362730.533333
1771676,IT,CH,WEARI,RAILW,0.41,54408.587,4,4,54408.577,0.0,0.0,0.0,0.01,132703.870732
1642044,IT,AT,GLASS,VEGET,0.15,54407.894,4,4,54407.891,0.0,0.0,0.0,0.003,362719.293333
1755511,IT,KR,CHEM1,PROCE,0.11,54407.493,4,4,54407.487,0.0,0.0,0.0,0.006,494613.572727
1774086,IT,CH,WHOLE,LEATH,0.47,54406.255,4,4,54406.252,0.0,0.0,0.0,0.003,115757.989362
1793645,IT,WL,DAIRY,RETA1,0.22,54405.484,4,4,54405.48,0.0,0.0,0.0,0.004,247297.654545
1722342,IT,PT,FORES,DIST1,0.48,54399.83,4,4,54378.83,0.0,21.0,0.0,0.0,113332.979167
1799126,IT,WE,WEARI,PAPER,0.41,54391.938,4,4,54391.928,0.0,0.0,0.0,0.01,132663.263415
1681535,IT,GR,BUSIN,RUBBE,0.56,54391.829,4,4,54391.825,0.0,0.0,0.0,0.004,97128.266071
1749554,IT,CN,PLAST,CERAM,0.11,54388.751,4,4,54388.745,0.0,0.0,0.0,0.006,494443.190909
1688204,IT,HU,PUBLI,PUBLI,0.89,54387.961,4,4,54387.957,0.0,0.0,0.0,0.004,61110.068539
1785200,IT,ZA,BEVER,TEXTI,0.23,54387.881,4,4,54387.878,0.0,0.0,0.0,0.003,236469.047826
1807174,IT,WF,AIRTR,FABRI,0.06,54386.115,4,4,54386.113,0.0,0.0,0.0,0.002,906435.25
1682978,IT,HR,CHEM1,OILSE,0.11,54385.569,4,4,54385.563,0.0,0.0,0.0,0.006,494414.263636
1673682,IT,FR,PAPER,MEATA,0.21,54377.571,4,4,54377.566,0.0,0.0,0.0,0.005,258940.814286
1733347,IT,SI,TRANS,ALUM1,0.32,54376.772,4,4,54376.769,0.0,0.0,0.0,0.003,169927.4125
1719150,IT,PL,PLAST,BIOGA,0.11,54375.56,4,4,54375.554,0.0,0.0,0.0,0.006,494323.272727
1777839,IT,TR,FABRI,DISTR,0.22,54375.273,4,4,54375.269,0.0,0.0,0.0,0.004,247160.331818
1803131,IT,WF,VEGET,ALUM1,0.19,54372.489,4,4,54372.487,0.0,0.0,0.0,0.002,286170.994737
1666814,IT,ES,RUBBE,OILHA,0.18,54368.946,4,4,54368.941,0.0,0.0,0.0,0.005,302049.7
1755582,IT,KR,CHEM1,LANDT,0.11,54367.212,4,4,54367.206,0.0,0.0,0.0,0.006,494247.381818
1653364,IT,CZ,GLASS,HOTEL,0.15,54364.645,4,4,54364.642,0.0,0.0,0.0,0.003,362430.966667
1719900,IT,PL,PREC1,PULP5,0.09,54363.177,4,4,54363.174,0.0,0.0,0.0,0.003,604035.3
1755379,IT,KR,MOTOR,BUSIN,0.08,54362.39,4,4,54362.386,0.0,0.0,0.0,0.004,679529.875
1780855,IT,TW,COMPU,INSUR,0.62,54362.121,4,4,54362.118,0.0,0.0,0.0,0.003,87680.840323
1658391,IT,DE,FABRI,NATUR,0.22,54358.762,4,4,54358.758,0.0,0.0,0.0,0.004,247085.281818
1798639,IT,WE,MEAT4,TRANS,0.3,54357.371,4,4,54357.367,0.0,0.0,0.0,0.004,181191.236667
1686895,IT,HU,MACHI,STONE,0.3,54344.716,4,4,54344.712,0.0,0.0,0.0,0.004,181149.053333
1681126,IT,GR,SUPPO,COMPU,0.39,54343.207,4,4,54343.204,0.0,0.0,0.0,0.003,139341.55641
1727154,IT,RO,LANDT,FINAN,0.35,54343.04,4,4,54343.037,0.0,0.0,0.0,0.003,155265.828571
1669333,IT,ES,FINAN,RAILW,0.71,54337.266,4,4,54337.264,0.0,0.0,0.0,0.002,76531.360563
1805777,IT,WF,PREC1,CRUDE,0.09,54336.854,4,4,54336.851,0.0,0.0,0.0,0.003,603742.822222
1667629,IT,ES,MACHI,LEATH,0.3,54334.73,4,4,54334.726,0.0,0.0,0.0,0.004,181115.766667
1677443,IT,FR,INSUR,HEALT,1.12,54327.454,4,4,54327.451,0.0,0.0,0.0,0.003,48506.655357
1659409,IT,DE,WHOLE,BRICK,0.47,54325.486,4,4,54325.483,0.0,0.0,0.0,0.003,115586.140426
1682455,IT,HR,PAPER,LANDT,0.21,54322.421,4,4,54322.416,0.0,0.0,0.0,0.005,258678.195238
1812056,IT,WM,CERAM,KERO1,0.08,54321.514,4,4,54321.511,0.0,0.0,0.0,0.003,679018.925
1808137,IT,WF,WOOD1,PUBLI,0.37,54320.354,4,4,54320.351,0.0,0.0,0.0,0.003,146811.767568
1805958,IT,WF,COPP1,CROPS,0.14,54315.645,4,4,54315.642,0.0,0.0,0.0,0.003,387968.892857
1685548,IT,HU,PAPER,RETAI,0.21,54314.838,4,4,54314.833,0.0,0.0,0.0,0.005,258642.085714
1792354,IT,WA,FINAN,CONST,0.71,54314.053,4,4,54314.051,0.0,0.0,0.0,0.002,76498.666197
1805146,IT,WF,PFERT,WHOLE,0.02,54312.395,4,4,54312.386,0.0,0.0,0.0,0.009,2715619.75
1730303,IT,SE,AIRTR,MACHI,0.06,54310.312,4,4,54310.31,0.0,0.0,0.0,0.002,905171.866667
1736007,IT,SK,TRANS,CONST,0.32,54308.994,4,4,54308.991,0.0,0.0,0.0,0.003,169715.60625
1726267,IT,RO,BASIC,NAPHT,0.06,54307.58,4,4,54307.577,0.0,0.0,0.0,0.003,905126.333333
1687569,IT,HU,LANDT,SUPPO,0.35,54307.415,4,4,54307.412,0.0,0.0,0.0,0.003,155164.042857
1668292,IT,ES,WHOLE,BRICK,0.47,54306.913,4,4,54306.91,0.0,0.0,0.0,0.003,115546.623404
1675695,IT,FR,TRANS,PAPE1,0.32,54304.559,4,4,54304.556,0.0,0.0,0.0,0.003,169701.746875
1738128,IT,GB,GLASS,TEXTI,0.15,54299.648,4,4,54299.645,0.0,0.0,0.0,0.003,361997.653333
1813044,IT,WM,OFFIC,MOTOR,0.17,54295.844,4,4,54295.84,0.0,0.0,0.0,0.004,319387.317647
1687702,IT,HU,SUPPO,CROPS,0.39,54294.433,4,4,54294.43,0.0,0.0,0.0,0.003,139216.494872
1747440,IT,JP,SEACO,SUGAR,0.06,54291.379,3,3,54291.379,0.0,0.0,0.0,0.0,904856.316667
1719090,IT,PL,NONSP,MOTOR,0.07,54290.526,4,4,54290.523,0.0,0.0,0.0,0.003,775578.942857
1715146,IT,NL,LEATH,WHOLE,0.39,54289.552,4,4,54289.543,0.0,0.0,0.0,0.009,139203.979487
1784453,IT,ID,PREC1,FURNI,0.09,54284.766,4,4,54284.764,0.0,0.0,0.0,0.002,603164.066667
1769394,IT,AU,CERAM,RETAI,0.08,54283.546,4,4,54283.543,0.0,0.0,0.0,0.003,678544.325
1794317,IT,WL,MOTOR,FABRI,0.08,54283.095,4,4,54283.091,0.0,0.0,0.0,0.004,678538.6875
1788773,IT,WA,AVIAT,AIRTR,0.13,54282.201,4,4,54282.197,0.0,0.0,0.0,0.004,417555.392308
1791014,IT,WA,MOTO1,REALE,0.29,54281.413,4,4,54281.409,0.0,0.0,0.0,0.004,187177.286207
1677043,IT,FR,SUPPO,KEROS,0.39,54281.112,4,4,54281.109,0.0,0.0,0.0,0.003,139182.338462
1750667,IT,CN,MOTO1,PLAST,0.29,54278.662,4,4,54278.658,0.0,0.0,0.0,0.004,187167.8
1766613,IT,RU,FABRI,MEAT1,0.22,54277.668,4,4,54277.664,0.0,0.0,0.0,0.004,246716.672727
1781074,IT,TW,PUBLI,PLAST,0.89,54276.514,4,4,54276.51,0.0,0.0,0.0,0.004,60984.847191
1795753,IT,WL,MACHI,SUGA1,0.3,54275.588,4,4,54275.584,0.0,0.0,0.0,0.004,180918.626667
1789218,IT,WA,PLAST,MACHI,0.11,54274.643,4,4,54274.637,0.0,0.0,0.0,0.006,493405.845455
1810313,IT,WM,WOODW,NATU1,0.15,54270.266,4,4,54270.262,0.0,0.0,0.0,0.004,361801.773333
1682794,IT,HR,HEAVY,PLAST,0.09,54269.209,4,4,54269.205,0.0,0.0,0.0,0.004,602991.211111
1712183,IT,LV,WOODW,OFFIC,0.15,54265.47,4,4,54265.466,0.0,0.0,0.0,0.004,361769.8
1668594,IT,ES,HOTEL,FOOD4,0.39,54265.278,4,4,54265.274,0.0,0.0,0.0,0.004,139141.738462
1715840,IT,NL,RUBBE,ALUM1,0.18,54262.061,4,4,54262.056,0.0,0.0,0.0,0.005,301455.894444
1746450,IT,JP,GLASS,FABRI,0.15,54261.52,4,4,54261.517,0.0,0.0,0.0,0.003,361743.466667
1679606,IT,GR,RUBBE,INSUR,0.18,54260.492,4,4,54260.487,0.0,0.0,0.0,0.005,301447.177778
1744297,IT,US,POSTT,93197,0.89,54259.376,4,4,54259.372,0.0,0.0,0.0,0.004,60965.591011
1770220,IT,AU,HOTEL,LEADZ,0.39,54257.778,4,4,54257.774,0.0,0.0,0.0,0.004,139122.507692
1795975,IT,WL,MOTO1,NONME,0.29,54257.279,4,4,54257.275,0.0,0.0,0.0,0.004,187094.065517
1763315,IT,MX,PAPER,DIST1,0.21,54255.217,4,4,54255.212,0.0,0.0,0.0,0.005,258358.17619
1671522,IT,FI,MACHI,RAILW,0.3,54254.107,4,4,54254.103,0.0,0.0,0.0,0.004,180847.023333
1660869,IT,DE,COMPU,FOODW,0.62,54254.03,4,4,54254.027,0.0,0.0,0.0,0.003,87506.5
1727097,IT,RO,LANDT,MEAT1,0.35,54249.46,4,4,54249.457,0.0,0.0,0.0,0.003,154998.457143
1808652,IT,WF,INERT,PRECI,0.4,54249.277,4,4,54249.274,0.0,0.0,0.0,0.003,135623.1925
1747530,IT,JP,AIRTR,FISHF,0.06,54240.464,4,4,54240.462,0.0,0.0,0.0,0.002,904007.733333
1759236,IT,BR,POSTT,DAIRY,0.89,54240.259,4,4,54240.255,0.0,0.0,0.0,0.004,60944.111236
1799789,IT,WE,KERO1,FOOD5,0.08,54239.578,4,4,54239.574,0.0,0.0,0.0,0.004,677994.725
1752026,IT,CN,RESEA,RAILW,0.29,54230.941,4,4,54230.937,0.0,0.0,0.0,0.004,187003.244828
1677351,IT,FR,INSUR,VEGET,1.12,54228.995,4,4,54228.992,0.0,0.0,0.0,0.003,48418.745536
1801582,IT,WE,TRANS,BASIC,0.32,54226.75,4,4,54226.747,0.0,0.0,0.0,0.003,169458.59375
1741819,IT,US,PLAST,BUSIN,0.11,54226.547,4,4,54226.541,0.0,0.0,0.0,0.006,492968.609091
1777853,IT,TR,FABRI,SUPPO,0.22,54225.282,4,4,54225.278,0.0,0.0,0.0,0.004,246478.554545
1654295,IT,CZ,ELEC2,DAIRY,0.01,54224.87,4,4,54224.864,0.0,0.0,0.0,0.006,5422487.0
1668179,IT,ES,SALEM,AUXIL,0.44,54224.696,4,4,54224.693,0.0,0.0,0.0,0.003,123237.945455
1811357,IT,WM,NONSP,CRUDE,0.07,54223.877,4,4,54223.874,0.0,0.0,0.0,0.003,774626.814286
1714054,IT,MT,HOTEL,REALE,0.39,54218.87,4,4,54218.866,0.0,0.0,0.0,0.004,139022.74359
1684949,IT,HU,MEATP,HOTEL,0.22,54217.574,4,4,54217.568,0.0,0.0,0.0,0.006,246443.518182
1770494,IT,AU,AIRTR,TRANS,0.06,54215.071,4,4,54215.069,0.0,0.0,0.0,0.002,903584.516667
1746711,IT,JP,FABRI,MEDIC,0.22,54209.511,4,4,54209.507,0.0,0.0,0.0,0.004,246406.868182
1740044,IT,GB,RENTI,MACHI,0.32,54208.429,4,4,54208.426,0.0,0.0,0.0,0.003,169401.340625
1719000,IT,PL,KEROS,FABRI,0.08,54205.97,4,4,54205.966,0.0,0.0,0.0,0.004,677574.625
1809245,IT,WM,CRUDE,REFI1,0.11,54202.542,4,4,54202.537,0.0,0.0,0.0,0.005,492750.381818
1641519,IT,AT,HEAVY,PRINT,0.09,54196.4,4,4,54196.396,0.0,0.0,0.0,0.004,602182.222222
1794456,IT,WL,GASDI,WOODW,0.08,54194.846,4,4,54194.842,0.0,0.0,0.0,0.004,677435.575
1743964,IT,US,AIRTR,NATU1,0.06,54194.328,4,4,54194.326,0.0,0.0,0.0,0.002,903238.8
1780479,IT,TW,POSTT,HEAVY,0.89,54193.859,4,4,54193.855,0.0,0.0,0.0,0.004,60891.976404
1659998,IT,DE,SEACO,COMPU,0.06,54191.1,3,3,54191.1,0.0,0.0,0.0,0.0,903185.0
1671983,IT,FI,LANDT,WHOLE,0.35,54188.87,4,4,54188.867,0.0,0.0,0.0,0.003,154825.342857
1727995,IT,SE,SANDC,WOODW,0.12,54187.393,5,5,54175.391,0.0,0.0,12.0,0.002,451561.608333
1813733,IT,WM,HOTEL,PRINT,0.39,54187.11,4,4,54187.106,0.0,0.0,0.0,0.004,138941.307692
1664842,IT,ES,CATTL,FOOD5,0.12,54182.693,5,5,54181.689,0.0,1.0,0.0,0.004,451522.441667
1739064,IT,GB,RETAI,FINAN,0.43,54180.358,4,4,54180.354,0.0,0.0,0.0,0.004,126000.832558
1738349,IT,GB,BASIC,WASTE,0.06,54180.156,4,4,54180.153,0.0,0.0,0.0,0.003,903002.6
1754554,IT,CA,BUSIN,RESEA,0.56,54176.971,4,4,54176.967,0.0,0.0,0.0,0.004,96744.591071
1759243,IT,BR,POSTT,TEXTI,0.89,54170.656,4,4,54170.652,0.0,0.0,0.0,0.004,60865.905618
1810628,IT,WM,PRINT,93197,0.52,54167.575,4,4,54167.571,0.0,0.0,0.0,0.004,104168.413462
1683661,IT,HR,FABRI,DIST1,0.22,54166.183,4,4,54166.179,0.0,0.0,0.0,0.004,246209.922727
1810978,IT,WM,GASDI,OFFIC,0.08,54164.862,4,4,54164.858,0.0,0.0,0.0,0.004,677060.775
1787514,IT,WA,CHEMI,FOOD5,0.13,54159.715,5,5,54156.71,0.0,0.0,3.0,0.005,416613.192308
1658514,IT,DE,FABRI,INERT,0.22,54159.66,4,4,54159.656,0.0,0.0,0.0,0.004,246180.272727
1715362,IT,NL,PRINT,OFFIC,0.52,54158.906,4,4,54158.902,0.0,0.0,0.0,0.004,104151.742308
1760790,IT,IN,PRINT,POSTT,0.52,54158.02,4,4,54158.016,0.0,0.0,0.0,0.004,104150.038462
1783560,IT,NO,FOOD1,WASTE,0.27,54157.733,4,4,54157.726,0.0,0.0,0.0,0.007,200584.196296
1809106,IT,WM,CROPS,HEAVY,0.43,54151.028,4,4,54151.025,0.0,0.0,0.0,0.003,125932.623256
1808695,IT,WF,INERT,EDUCA,0.4,54147.205,4,4,54147.202,0.0,0.0,0.0,0.003,135368.0125
1806500,IT,WF,TRANS,INLAN,0.32,54146.368,4,4,54146.365,0.0,0.0,0.0,0.003,169207.4
1668591,IT,ES,HOTEL,FOOD2,0.39,54146.038,4,4,54146.034,0.0,0.0,0.0,0.004,138835.994872
1727066,IT,RO,RAILW,COMPU,0.36,54141.827,4,4,54141.825,0.0,0.0,0.0,0.002,150393.963889
1763601,IT,MX,CHEM1,INSUR,0.11,54141.712,4,4,54141.706,0.0,0.0,0.0,0.006,492197.381818
1737638,IT,GB,PAPER,POSTT,0.21,54140.851,4,4,54140.846,0.0,0.0,0.0,0.005,257813.57619
1814849,IT,WM,MEMBE,REALE,0.63,54139.043,4,4,54139.039,0.0,0.0,0.0,0.004,85934.988889
1798612,IT,WE,MEAT1,WEARI,0.25,54137.888,4,4,54137.881,0.0,0.0,0.0,0.007,216551.552
1677660,IT,FR,REALE,RECRE,2.29,54136.907,4,4,54136.903,0.0,0.0,0.0,0.004,23640.570742
1666245,IT,ES,HEAVY,ELECT,0.09,54136.645,4,4,54136.641,0.0,0.0,0.0,0.004,601518.277778
1760590,IT,IN,WOODW,RUBBE,0.15,54133.109,4,4,54133.105,0.0,0.0,0.0,0.004,360887.393333
1807136,IT,WF,AIRTR,MEATP,0.06,54132.593,4,4,54132.591,0.0,0.0,0.0,0.002,902209.883333
1671010,IT,FI,RUBBE,WHEAT,0.18,54131.352,4,4,54131.347,0.0,0.0,0.0,0.005,300729.733333
1774927,IT,CH,INSUR,CONST,1.12,54129.003,4,4,54129.0,0.0,0.0,0.0,0.003,48329.466964
1784034,IT,ID,TEXTI,ELECT,0.32,54122.6,4,4,54122.593,0.0,0.0,0.0,0.007,169133.125
1800082,IT,WE,NAPHT,MEAT4,0.09,54118.947,4,4,54118.943,0.0,0.0,0.0,0.004,601321.633333
1683568,IT,HR,LEAD1,PUBLI,0.09,54115.018,4,4,54115.013,0.0,0.0,0.0,0.005,601277.977778
1793012,IT,WA,FOOD3,CHEM1,0.15,54114.627,4,4,54114.624,0.0,0.0,0.0,0.003,360764.18
1790952,IT,WA,MOTO1,CROPS,0.29,54113.452,4,4,54113.448,0.0,0.0,0.0,0.004,186598.110345
1669184,IT,ES,POSTT,FURNI,0.89,54110.251,4,4,54110.247,0.0,0.0,0.0,0.004,60798.034831
1732134,IT,SI,GASDI,PULP5,0.08,54110.108,4,4,54110.104,0.0,0.0,0.0,0.004,676376.35
1662080,IT,DK,CHEM1,OFFIC,0.11,54108.778,4,4,54108.772,0.0,0.0,0.0,0.006,491897.981818
1725670,IT,RO,PAPER,GASDI,0.21,54108.62,4,4,54108.615,0.0,0.0,0.0,0.005,257660.095238
1806628,IT,WF,SALEM,WHOLE,0.44,54107.362,4,4,54107.359,0.0,0.0,0.0,0.003,122971.277273
1809830,IT,WM,FOOD5,RAILW,0.26,54104.597,4,4,54104.592,0.0,0.0,0.0,0.005,208094.603846
1804682,IT,WF,LIQUE,WEARI,0.09,54103.681,4,4,54103.677,0.0,0.0,0.0,0.004,601152.011111
1751156,IT,CN,HOTEL,FISHF,0.39,54101.973,4,4,54101.969,0.0,0.0,0.0,0.004,138723.007692
1741859,IT,US,CHEM1,FORES,0.11,54097.31,4,4,54097.304,0.0,0.0,0.0,0.006,491793.727273
1808290,IT,WF,FOOD2,CONST,0.31,54095.928,4,4,54095.924,0.0,0.0,0.0,0.004,174502.993548
1674721,IT,FR,GLASS,INTER,0.15,54095.752,4,4,54095.749,0.0,0.0,0.0,0.003,360638.346667
1666006,IT,ES,MOTOR,COMPU,0.08,54091.423,4,4,54091.419,0.0,0.0,0.0,0.004,676142.7875
1686026,IT,HU,BIODI,SUPPO,0.11,54091.151,4,4,54091.145,0.0,0.0,0.0,0.006,491737.736364
1753923,IT,CA,RAILW,SUPPO,0.36,54089.614,4,4,54089.612,0.0,0.0,0.0,0.002,150248.927778
1752605,IT,CA,TEXTI,FISHF,0.32,54089.456,4,4,54089.449,0.0,0.0,0.0,0.007,169029.55
1744241,IT,US,POSTT,FURNI,0.89,54087.383,4,4,54087.379,0.0,0.0,0.0,0.004,60772.340449
1777981,IT,TR,MACHI,SEACO,0.3,54082.934,4,4,54082.93,0.0,0.0,0.0,0.004,180276.446667
1743277,IT,US,FURNI,NONME,0.17,54078.733,4,4,54078.728,0.0,0.0,0.0,0.005,318110.194118
1732450,IT,SI,CHEM1,PRINT,0.11,54078.624,4,4,54078.618,0.0,0.0,0.0,0.006,491623.854545
1761560,IT,IN,COPP1,NONME,0.14,54078.133,4,4,54078.13,0.0,0.0,0.0,0.003,386272.378571
1659417,IT,DE,WHOLE,NONF1,0.47,54077.603,4,4,54077.6,0.0,0.0,0.0,0.003,115058.729787
1758949,IT,BR,RAILW,MOTO1,0.36,54075.069,4,4,54075.067,0.0,0.0,0.0,0.002,150208.525
1662635,IT,DK,MACHI,MEAT1,0.3,54074.131,4,4,54074.127,0.0,0.0,0.0,0.004,180247.103333
1676840,IT,FR,LANDT,SEACO,0.35,54072.149,4,4,54072.146,0.0,0.0,0.0,0.003,154491.854286
1733070,IT,SI,COPP1,COMPU,0.14,54071.421,4,4,54071.418,0.0,0.0,0.0,0.003,386224.435714
1647193,IT,BE,LANDT,CROPS,0.35,54066.032,4,4,54066.029,0.0,0.0,0.0,0.003,154474.377143
1713759,IT,MT,OFFIC,AIRTR,0.17,54060.319,4,4,54060.315,0.0,0.0,0.0,0.004,318001.876471
1761293,IT,IN,RUBBE,SALEM,0.18,54057.313,4,4,54057.308,0.0,0.0,0.0,0.005,300318.405556
1716786,IT,NL,RETA1,RETA1,0.56,54055.091,4,4,54055.087,0.0,0.0,0.0,0.004,96526.948214
1780762,IT,TW,RENTI,PLAST,0.32,54052.041,4,4,54052.038,0.0,0.0,0.0,0.003,168912.628125
1682708,IT,HR,GASDI,WEARI,0.08,54050.915,4,4,54050.911,0.0,0.0,0.0,0.004,675636.4375
1781053,IT,TW,PUBLI,BEVER,0.89,54049.124,4,4,54049.12,0.0,0.0,0.0,0.004,60729.352809
1666303,IT,ES,LIQUE,HEAVY,0.09,54046.799,4,4,54046.795,0.0,0.0,0.0,0.004,600519.988889
1675216,IT,FR,FABRI,MEATP,0.22,54042.396,4,4,54042.392,0.0,0.0,0.0,0.004,245647.254545
1732323,IT,SI,NAPHT,FURNI,0.09,54041.666,4,4,54041.662,0.0,0.0,0.0,0.004,600462.955556
1653245,IT,CZ,RUBBE,CEMEN,0.18,54040.056,4,4,54040.051,0.0,0.0,0.0,0.005,300222.533333
1795586,IT,WL,NONF1,FOOD5,0.01,54039.177,3,3,54039.177,0.0,0.0,0.0,0.0,5403917.7
1814528,IT,WM,RESEA,BUSIN,0.29,54037.586,4,4,54037.582,0.0,0.0,0.0,0.004,186336.503448
1776350,IT,TR,PAPER,REALE,0.21,54028.505,4,4,54028.5,0.0,0.0,0.0,0.005,257278.595238
1644026,IT,AT,BUSIN,PULP5,0.55,54027.195,4,4,54027.191,0.0,0.0,0.0,0.004,98231.263636
1685025,IT,HU,DAIRY,VEGE1,0.22,54023.935,4,4,54023.931,0.0,0.0,0.0,0.004,245563.340909
1726543,IT,RO,OFFIC,WOODW,0.17,54021.247,4,4,54021.243,0.0,0.0,0.0,0.004,317772.041176
1800340,IT,WE,CHEM1,MEATC,0.11,54018.711,4,4,54018.705,0.0,0.0,0.0,0.006,491079.190909
1808294,IT,WF,FOOD2,HOTEL,0.31,54017.318,4,4,54017.314,0.0,0.0,0.0,0.004,174249.412903
1682257,IT,HR,LEATH,LEATH,0.39,54015.041,4,4,54015.032,0.0,0.0,0.0,0.009,138500.105128
1811258,IT,WM,BITU1,LEADZ,0.09,54014.618,4,4,54014.614,0.0,0.0,0.0,0.004,600162.422222
1736388,IT,SK,LANDT,BEVER,0.35,54013.99,4,4,54013.987,0.0,0.0,0.0,0.003,154325.685714
1674708,IT,FR,GLASS,AIRTR,0.15,54004.505,4,4,54004.502,0.0,0.0,0.0,0.003,360030.033333
1782297,IT,NO,COPP1,MACHI,0.14,54003.441,4,4,54003.438,0.0,0.0,0.0,0.003,385738.864286
1781744,IT,NO,PAPER,RETAI,0.21,54002.77,4,4,54002.765,0.0,0.0,0.0,0.005,257156.047619
1679220,IT,GR,MOTOR,LANDT,0.08,54002.169,4,4,54002.165,0.0,0.0,0.0,0.004,675027.1125
1720293,IT,PL,FABRI,PFERT,0.22,54001.937,4,4,54001.933,0.0,0.0,0.0,0.004,245463.35
1752447,IT,CA,DAIRY,LUBRI,0.22,53998.722,4,4,53998.718,0.0,0.0,0.0,0.004,245448.736364
1647072,IT,BE,HOTEL,FOOD5,0.39,53997.195,4,4,53997.191,0.0,0.0,0.0,0.004,138454.346154
1749579,IT,CN,PLAST,DISTR,0.11,53996.944,4,4,53996.939,0.0,0.0,0.0,0.005,490881.309091
1789913,IT,WA,CEMEN,CHEMI,0.09,53992.557,4,4,53992.555,0.0,0.0,0.0,0.002,599917.3
1659495,IT,DE,RETA1,ALUM1,0.56,53991.936,4,4,53991.932,0.0,0.0,0.0,0.004,96414.171429
1658721,IT,DE,OFFIC,DISTR,0.17,53986.975,4,4,53986.971,0.0,0.0,0.0,0.004,317570.441176
1718016,IT,PL,CHEMI,RUBBE,0.13,53980.673,5,5,53977.668,0.0,0.0,3.0,0.005,415235.946154
1804366,IT,WF,AVIAT,TRANS,0.13,53979.109,4,4,53979.105,0.0,0.0,0.0,0.004,415223.915385
1724266,IT,PT,LANDT,KEROS,0.35,53977.527,4,4,53977.524,0.0,0.0,0.0,0.003,154221.505714
1712330,IT,LV,RUBBE,MACHI,0.18,53974.83,4,4,53974.825,0.0,0.0,0.0,0.005,299860.166667
1787529,IT,WA,CHEMI,NFERT,0.13,53966.056,5,5,53963.051,0.0,0.0,3.0,0.005,415123.507692
1651411,IT,CY,KEROS,FABRI,0.08,53965.693,4,4,53965.689,0.0,0.0,0.0,0.004,674571.1625
1650040,IT,BG,MACHI,BIODI,0.3,53964.801,4,4,53964.797,0.0,0.0,0.0,0.004,179882.67
1807343,IT,WF,POSTT,EDUCA,0.89,53961.869,4,4,53961.865,0.0,0.0,0.0,0.004,60631.313483
1780472,IT,TW,POSTT,WOODW,0.89,53957.065,4,4,53957.061,0.0,0.0,0.0,0.004,60625.91573
1644833,IT,BE,TEXTI,LANDT,0.32,53956.846,4,4,53956.839,0.0,0.0,0.0,0.007,168615.14375
1755234,IT,KR,PULP5,PLAST,0.16,53954.328,4,4,53954.323,0.0,0.0,0.0,0.005,337214.55
1651430,IT,CY,GASDI,RAWMI,0.08,53952.597,4,4,53952.593,0.0,0.0,0.0,0.004,674407.4625
1754040,IT,CA,SEACO,MEDIC,0.05,53945.727,3,3,53945.727,0.0,0.0,0.0,0.0,1078914.54
1763709,IT,MX,RUBBE,AIRTR,0.18,53944.48,4,4,53944.475,0.0,0.0,0.0,0.005,299691.555556
1808680,IT,WF,INERT,HOTEL,0.4,53938.663,4,4,53938.66,0.0,0.0,0.0,0.003,134846.6575
1744350,IT,US,FINAN,RESEA,0.7,53934.955,4,4,53934.953,0.0,0.0,0.0,0.002,77049.935714
1760835,IT,IN,MOTOR,ELEC4,0.08,53927.148,4,4,53927.144,0.0,0.0,0.0,0.004,674089.35
1686301,IT,HU,CEMEN,REALE,0.09,53926.384,4,4,53926.382,0.0,0.0,0.0,0.002,599182.044444
1682264,IT,HR,LEATH,RUBBE,0.39,53926.324,4,4,53926.315,0.0,0.0,0.0,0.009,138272.625641
1726186,IT,RO,GLASS,RECRE,0.15,53925.062,4,4,53925.059,0.0,0.0,0.0,0.003,359500.413333
1752818,IT,CA,PAPER,NONME,0.21,53924.063,4,4,53924.058,0.0,0.0,0.0,0.005,256781.252381
1796260,IT,WL,CONST,PFERT,0.3,53916.307,4,4,53916.304,0.0,0.0,0.0,0.003,179721.023333
1667572,IT,ES,FABRI,OILHA,0.22,53916.108,4,4,53916.104,0.0,0.0,0.0,0.004,245073.218182
1769001,IT,AU,PAPER,FOOD1,0.21,53915.1,4,4,53915.095,0.0,0.0,0.0,0.005,256738.571429
1725507,IT,RO,LEATH,CRUDE,0.39,53909.235,4,4,53909.226,0.0,0.0,0.0,0.009,138228.807692
1775534,IT,CH,FOOD4,LEATH,0.39,53908.213,4,4,53908.21,0.0,0.0,0.0,0.003,138226.187179
1657889,IT,DE,BASIC,FISH5,0.06,53906.0,4,4,53905.997,0.0,0.0,0.0,0.003,898433.333333
1655264,IT,DE,WHEAT,MEATP,0.04,53905.523,3,3,53905.523,0.0,0.0,0.0,0.0,1347638.075
1800932,IT,WE,PREC1,HEALT,0.09,53898.526,4,4,53898.524,0.0,0.0,0.0,0.002,598872.511111
1662824,IT,DK,CONST,RESEA,0.3,53892.256,4,4,53892.253,0.0,0.0,0.0,0.003,179640.853333
1668838,IT,ES,TRAN2,DIST1,0.08,53890.945,3,3,53890.945,0.0,0.0,0.0,0.0,673636.8125
1680394,IT,GR,ELEC2,RAILW,0.01,53889.987,4,4,53889.981,0.0,0.0,0.0,0.006,5388998.7
1752023,IT,CN,RESEA,SALEM,0.29,53889.365,4,4,53889.361,0.0,0.0,0.0,0.004,185825.396552
1715603,IT,NL,LIQUE,DISTR,0.09,53882.006,4,4,53882.002,0.0,0.0,0.0,0.004,598688.955556
1731733,IT,SI,PULP5,OFFIC,0.16,53880.123,4,4,53880.118,0.0,0.0,0.0,0.005,336750.76875
1793504,IT,WL,CHEMI,NONF1,0.13,53877.933,5,5,53874.928,0.0,0.0,3.0,0.005,414445.638462
1763957,IT,MX,BASIC,LANDT,0.06,53877.272,4,4,53877.269,0.0,0.0,0.0,0.003,897954.533333
1758693,IT,BR,SALEM,RETA1,0.43,53875.331,4,4,53875.328,0.0,0.0,0.0,0.003,125291.467442
1688547,IT,IE,PAPER,COMPU,0.21,53874.93,4,4,53874.925,0.0,0.0,0.0,0.005,256547.285714
1722452,IT,PT,DAIRY,PIGS9,0.22,53874.907,4,4,53874.903,0.0,0.0,0.0,0.004,244885.940909
1662142,IT,DK,RUBBE,PRINT,0.18,53873.611,4,4,53873.606,0.0,0.0,0.0,0.005,299297.838889
1670716,IT,FI,PAPER,FISH5,0.21,53869.654,4,4,53869.649,0.0,0.0,0.0,0.005,256522.161905
1658011,IT,DE,PREC1,LIQUE,0.09,53865.865,4,4,53865.863,0.0,0.0,0.0,0.002,598509.611111
1798664,IT,WE,VEGE1,MEATP,0.17,53864.44,4,4,53864.428,0.0,0.0,0.0,0.012,316849.647059
1726317,IT,RO,PREC1,REALE,0.09,53864.016,4,4,53864.014,0.0,0.0,0.0,0.002,598489.066667
1755082,IT,KR,WEARI,PRIVA,0.41,53859.391,4,4,53859.381,0.0,0.0,0.0,0.01,131364.368293
1746782,IT,JP,MACHI,WOODW,0.3,53859.306,4,4,53859.302,0.0,0.0,0.0,0.004,179531.02
1812243,IT,WM,NONME,HOTEL,0.11,53856.316,4,4,53856.31,0.0,0.0,0.0,0.006,489602.872727
1813986,IT,WM,SEACO,KERO1,0.05,53852.32,3,3,53852.32,0.0,0.0,0.0,0.0,1077046.4
1748521,IT,CN,CHEMI,GLASS,0.13,53852.284,5,5,53849.279,0.0,0.0,3.0,0.005,414248.338462
1660649,IT,DE,REALE,POSTT,2.28,53850.516,4,4,53850.512,0.0,0.0,0.0,0.004,23618.647368
1789890,IT,WA,BRICK,LEAD1,0.08,53849.488,4,4,53849.485,0.0,0.0,0.0,0.003,673118.6
1793621,IT,WL,DAIRY,RAWMI,0.22,53846.937,4,4,53846.933,0.0,0.0,0.0,0.004,244758.804545
1673758,IT,FR,PAPER,RAILW,0.21,53836.542,4,4,53836.537,0.0,0.0,0.0,0.005,256364.485714
1742043,IT,US,RUBBE,CATTL,0.18,53835.6,4,4,53835.595,0.0,0.0,0.0,0.005,299086.666667
1756727,IT,KR,SEACO,RENTI,0.05,53834.122,3,3,53834.122,0.0,0.0,0.0,0.0,1076682.44
1786836,IT,ZA,HOTEL,COMPU,0.39,53834.116,4,4,53834.112,0.0,0.0,0.0,0.004,138036.194872
1683296,IT,HR,CEMEN,COLLE,0.09,53828.512,4,4,53828.51,0.0,0.0,0.0,0.002,598094.577778
1640342,IT,AT,CHEMI,SUPPO,0.13,53824.837,5,5,53821.832,0.0,0.0,3.0,0.005,414037.207692
1751624,IT,CN,POSTT,HEALT,0.89,53824.006,4,4,53824.002,0.0,0.0,0.0,0.004,60476.411236
1667741,IT,ES,OFFIC,CROPS,0.17,53818.941,4,4,53818.937,0.0,0.0,0.0,0.004,316582.005882
1681977,IT,HR,FOOD5,SALEM,0.26,53818.125,4,4,53818.12,0.0,0.0,0.0,0.005,206992.788462
1760859,IT,IN,KERO1,RENTI,0.08,53817.059,4,4,53817.055,0.0,0.0,0.0,0.004,672713.2375
1726294,IT,RO,BASIC,COLLE,0.06,53815.345,4,4,53815.342,0.0,0.0,0.0,0.003,896922.416667
1640363,IT,AT,MEATC,HEALT,0.18,53815.301,5,5,53814.298,0.0,1.0,0.0,0.003,298973.894444
1776452,IT,TR,MOTOR,WOODW,0.08,53813.559,4,4,53813.555,0.0,0.0,0.0,0.004,672669.4875
1789973,IT,WA,NONME,PRECI,0.11,53811.59,4,4,53811.584,0.0,0.0,0.0,0.006,489196.272727
1668442,IT,ES,RETA1,POSTT,0.56,53811.526,4,4,53811.522,0.0,0.0,0.0,0.004,96092.010714
1760610,IT,IN,WOODW,WHOLE,0.15,53811.342,4,4,53811.338,0.0,0.0,0.0,0.004,358742.28
1788135,IT,WA,WEARI,KEROS,0.41,53810.94,4,4,53810.93,0.0,0.0,0.0,0.01,131246.195122
1736939,IT,GB,CEREA,RAWMI,0.09,53809.733,4,4,53809.73,0.0,0.0,0.0,0.003,597885.922222
1774670,IT,CH,AIRTR,SEACO,0.06,53807.68,4,4,53807.678,0.0,0.0,0.0,0.002,896794.666667
1787248,IT,WA,VEGET,PLAST,0.19,53806.752,4,4,53806.75,0.0,0.0,0.0,0.002,283193.431579
1644656,IT,BE,BEVER,POULT,0.23,53805.813,4,4,53805.81,0.0,0.0,0.0,0.003,233938.317391
1794396,IT,WL,KEROS,LANDT,0.08,53803.928,4,4,53803.924,0.0,0.0,0.0,0.004,672549.1
1806014,IT,WF,COPP1,CEMEN,0.14,53802.476,4,4,53802.473,0.0,0.0,0.0,0.003,384303.4
1689972,IT,IE,REALE,CHEM1,2.27,53800.775,4,4,53800.771,0.0,0.0,0.0,0.004,23700.781938
1738359,IT,GB,PREC1,TEXTI,0.09,53799.803,4,4,53799.801,0.0,0.0,0.0,0.002,597775.588889
1656344,IT,DE,WOODW,SANDC,0.15,53797.917,4,4,53797.913,0.0,0.0,0.0,0.004,358652.78
1728665,IT,SE,PRINT,CONST,0.52,53796.469,4,4,53796.465,0.0,0.0,0.0,0.004,103454.748077
1814180,IT,WM,SUPPO,MOTOR,0.39,53794.283,4,4,53794.28,0.0,0.0,0.0,0.003,137934.058974
1675742,IT,FR,FURNI,NFERT,0.17,53794.098,4,4,53794.093,0.0,0.0,0.0,0.005,316435.870588
1791593,IT,WA,HOTEL,PADDY,0.39,53793.062,4,4,53793.058,0.0,0.0,0.0,0.004,137930.928205
1777876,IT,TR,FABRI,93197,0.22,53791.004,4,4,53791.0,0.0,0.0,0.0,0.004,244504.563636
1784715,IT,ID,FURNI,SALEM,0.17,53789.354,4,4,53789.349,0.0,0.0,0.0,0.005,316407.964706
1795439,IT,WL,PREC1,FOOD5,0.09,53788.173,4,4,53788.171,0.0,0.0,0.0,0.002,597646.366667
1679294,IT,GR,HEAVY,BASIC,0.09,53781.797,4,4,53781.793,0.0,0.0,0.0,0.004,597575.522222
1710922,IT,LU,NAPHT,WHOLE,0.09,53780.128,4,4,53780.124,0.0,0.0,0.0,0.004,597556.977778
1743991,IT,US,AIRTR,BITU1,0.06,53779.733,4,4,53779.731,0.0,0.0,0.0,0.002,896328.883333
1653366,IT,CZ,GLASS,LANDT,0.15,53777.125,4,4,53777.122,0.0,0.0,0.0,0.003,358514.166667
1649230,IT,BG,KEROS,WHOLE,0.08,53776.916,4,4,53776.912,0.0,0.0,0.0,0.004,672211.45
1807139,IT,WF,AIRTR,VEGE1,0.06,53776.807,4,4,53776.805,0.0,0.0,0.0,0.002,896280.116667
1681871,IT,HR,VEGE1,BUSIN,0.17,53772.048,4,4,53772.036,0.0,0.0,0.0,0.012,316306.164706
1715446,IT,NL,MOTOR,COMPU,0.08,53768.586,4,4,53768.582,0.0,0.0,0.0,0.004,672107.325
1676533,IT,FR,HOTEL,MEATA,0.39,53768.316,4,4,53768.312,0.0,0.0,0.0,0.004,137867.476923
1719076,IT,PL,PARAF,CONST,0.08,53768.274,4,4,53768.27,0.0,0.0,0.0,0.004,672103.425
1650545,IT,BG,ELEC7,RUBBE,0.04,53767.858,3,3,53767.858,0.0,0.0,0.0,0.0,1344196.45
1646183,IT,BE,ALUM1,BRICK,0.09,53765.175,4,4,53765.171,0.0,0.0,0.0,0.004,597390.833333
1732132,IT,SI,GASDI,WEARI,0.08,53763.571,4,4,53763.567,0.0,0.0,0.0,0.004,672044.6375
1771106,IT,CH,STONE,PUBLI,0.17,53763.039,5,5,53760.037,0.0,0.0,3.0,0.002,316253.170588
1641033,IT,AT,PULP5,TRAN2,0.16,53762.786,4,4,53762.781,0.0,0.0,0.0,0.005,336017.4125
1798159,IT,WE,WHEAT,WEARI,0.04,53760.573,3,3,53760.573,0.0,0.0,0.0,0.0,1344014.325
1718013,IT,PL,CHEMI,CHEM1,0.13,53756.827,5,5,53753.822,0.0,0.0,3.0,0.005,413514.053846
1741304,IT,US,PAPER,ELECT,0.21,53751.672,4,4,53751.667,0.0,0.0,0.0,0.005,255960.342857
1754801,IT,KR,FOOD5,RUBBE,0.26,53748.906,4,4,53748.901,0.0,0.0,0.0,0.005,206726.561538
1659704,IT,DE,RAILW,RUBBE,0.36,53743.386,4,4,53743.384,0.0,0.0,0.0,0.002,149287.183333
1785238,IT,ZA,TEXTI,KEROS,0.32,53738.337,4,4,53738.33,0.0,0.0,0.0,0.007,167932.303125
1649570,IT,BG,RUBBE,RAILW,0.18,53736.428,4,4,53736.423,0.0,0.0,0.0,0.005,298535.711111
1811169,IT,WM,NAPHT,LEAD1,0.09,53735.948,4,4,53735.944,0.0,0.0,0.0,0.004,597066.088889
1794451,IT,WL,GASDI,FISH5,0.08,53734.887,4,4,53734.883,0.0,0.0,0.0,0.004,671686.0875
1788379,IT,WA,WOODW,KEROS,0.15,53732.249,4,4,53732.245,0.0,0.0,0.0,0.004,358214.993333
1757436,IT,BR,PAPER,MEAT1,0.21,53730.972,4,4,53730.967,0.0,0.0,0.0,0.005,255861.771429
1649945,IT,BG,FABRI,MOTO1,0.22,53730.404,4,4,53730.4,0.0,0.0,0.0,0.004,244229.109091
1653796,IT,CZ,COPP1,FOOD4,0.14,53730.08,4,4,53730.077,0.0,0.0,0.0,0.003,383786.285714
1767388,IT,RU,LANDT,BEVER,0.35,53728.024,4,4,53728.021,0.0,0.0,0.0,0.003,153508.64
1734469,IT,SK,STONE,RUBBE,0.17,53727.682,5,5,53724.68,0.0,0.0,3.0,0.002,316045.188235
1796627,IT,WL,HOTEL,ALUM1,0.39,53726.844,4,4,53726.84,0.0,0.0,0.0,0.004,137761.138462
1745440,IT,JP,DAIRY,SEACO,0.22,53723.422,4,4,53723.418,0.0,0.0,0.0,0.004,244197.372727
1775185,IT,CH,RESEA,PREC1,0.29,53723.298,4,4,53723.294,0.0,0.0,0.0,0.004,185252.751724
1663850,IT,EE,TEXTI,CONST,0.32,53721.839,4,4,53721.832,0.0,0.0,0.0,0.007,167880.746875
1676670,IT,FR,RAILW,VEGE1,0.36,53719.085,4,4,53719.083,0.0,0.0,0.0,0.002,149219.680556
1791995,IT,WA,SEACO,INSUR,0.05,53716.149,3,3,53716.149,0.0,0.0,0.0,0.0,1074322.98
1649483,IT,BG,BIOGA,ELEC8,0.11,53711.414,4,4,53711.409,0.0,0.0,0.0,0.005,488285.581818
1733360,IT,SI,TRANS,CONST,0.32,53711.357,4,4,53711.354,0.0,0.0,0.0,0.003,167847.990625
1759624,IT,BR,RESEA,MEAT1,0.29,53708.331,4,4,53708.327,0.0,0.0,0.0,0.004,185201.141379
1760529,IT,IN,WEARI,PUBLI,0.4,53706.738,4,4,53706.728,0.0,0.0,0.0,0.01,134266.845
1755754,IT,KR,GLASS,RETA1,0.15,53705.796,4,4,53705.793,0.0,0.0,0.0,0.003,358038.64
1674865,IT,FR,NONME,TRANS,0.11,53701.852,4,4,53701.846,0.0,0.0,0.0,0.006,488198.654545
1811704,IT,WM,ADDIT,CEREA,0.12,53690.408,4,4,53690.404,0.0,0.0,0.0,0.004,447420.066667
1803561,IT,WF,DAIRY,FISH5,0.22,53690.178,4,4,53690.174,0.0,0.0,0.0,0.004,244046.263636
1722759,IT,PT,PAPER,WEARI,0.21,53686.798,4,4,53686.793,0.0,0.0,0.0,0.005,255651.419048
1724343,IT,PT,SEACO,TOBAC,0.05,53681.349,3,3,53681.349,0.0,0.0,0.0,0.0,1073626.98
1714055,IT,MT,HOTEL,RENTI,0.39,53680.508,4,4,53680.504,0.0,0.0,0.0,0.004,137642.328205
1664801,IT,ES,VEGET,PLAST,0.19,53679.946,4,4,53679.944,0.0,0.0,0.0,0.002,282526.031579
1782937,IT,NO,AIRTR,PLAST,0.06,53676.58,4,4,53676.578,0.0,0.0,0.0,0.002,894609.666667
1765563,IT,RU,LEATH,FURNI,0.38,53674.857,4,4,53674.848,0.0,0.0,0.0,0.009,141249.623684
1710475,IT,LT,LANDT,RETA1,0.35,53670.044,4,4,53670.041,0.0,0.0,0.0,0.003,153342.982857
1785951,IT,ZA,RUBBE,CEMEN,0.18,53669.155,4,4,53669.15,0.0,0.0,0.0,0.005,298161.972222
1651498,IT,CY,HEAVY,CONST,0.09,53666.928,4,4,53666.924,0.0,0.0,0.0,0.004,596299.2
1782095,IT,NO,GLASS,BUSIN,0.15,53666.892,4,4,53666.889,0.0,0.0,0.0,0.003,357779.28
1647026,IT,BE,RETA1,HOTEL,0.56,53665.898,4,4,53665.894,0.0,0.0,0.0,0.004,95831.960714
1778319,IT,TR,SALEM,AIRTR,0.43,53665.39,4,4,53665.387,0.0,0.0,0.0,0.003,124803.232558
1680316,IT,GR,FURNI,PAPE4,0.17,53664.965,4,4,53664.96,0.0,0.0,0.0,0.005,315676.264706
1783711,IT,NO,FOOD4,NONF1,0.39,53661.992,4,4,53661.989,0.0,0.0,0.0,0.003,137594.851282
1648491,IT,BG,OILSE,PFERT,0.04,53659.338,4,4,53659.336,0.0,0.0,0.0,0.002,1341483.45
1712560,IT,LV,MACHI,WOODW,0.3,53656.888,4,4,53656.884,0.0,0.0,0.0,0.004,178856.293333
1680885,IT,GR,LANDT,RUBBE,0.35,53654.058,4,4,53654.055,0.0,0.0,0.0,0.003,153297.308571
1681885,IT,HR,DAIRY,DAIRY,0.22,53650.903,4,4,53650.899,0.0,0.0,0.0,0.004,243867.740909
1687507,IT,HU,LANDT,TEXTI,0.35,53645.293,4,4,53645.29,0.0,0.0,0.0,0.003,153272.265714
1686911,IT,HU,MACHI,LEATH,0.3,53641.449,4,4,53641.445,0.0,0.0,0.0,0.004,178804.83
1800389,IT,WE,CHEM1,WHOLE,0.11,53640.316,4,4,53640.31,0.0,0.0,0.0,0.006,487639.236364
1674536,IT,FR,RUBBE,HEAVY,0.18,53636.045,4,4,53636.04,0.0,0.0,0.0,0.005,297978.027778
1649791,IT,BG,BASIC,PUBLI,0.06,53634.124,4,4,53634.121,0.0,0.0,0.0,0.003,893902.066667
1641862,IT,AT,BIODI,WHEAT,0.11,53634.081,4,4,53634.075,0.0,0.0,0.0,0.006,487582.554545
1772663,IT,CH,GLASS,RENTI,0.15,53631.642,4,4,53631.639,0.0,0.0,0.0,0.003,357544.28
1642052,IT,AT,GLASS,SANDC,0.15,53630.539,4,4,53630.536,0.0,0.0,0.0,0.003,357536.926667
1746102,IT,JP,PRINT,POSTT,0.51,53630.511,4,4,53630.507,0.0,0.0,0.0,0.004,105157.864706
1753086,IT,CA,RUBBE,MEATP,0.18,53628.176,4,4,53628.171,0.0,0.0,0.0,0.005,297934.311111
1683222,IT,HR,CERAM,MEAT4,0.08,53625.583,4,4,53625.58,0.0,0.0,0.0,0.003,670319.7875
1675311,IT,FR,FABRI,TEXT1,0.22,53625.214,4,4,53625.21,0.0,0.0,0.0,0.004,243750.972727
1735913,IT,SK,OFFIC,RESEA,0.17,53623.409,4,4,53623.405,0.0,0.0,0.0,0.004,315431.817647
1774133,IT,CH,WHOLE,HOTEL,0.46,53615.363,4,4,53615.36,0.0,0.0,0.0,0.003,116555.136957
1736872,IT,SK,BUSIN,FABRI,0.55,53609.922,4,4,53609.918,0.0,0.0,0.0,0.004,97472.585455
1721026,IT,PL,HOTEL,PULP5,0.39,53609.597,4,4,53609.593,0.0,0.0,0.0,0.004,137460.505128
1760017,IT,BR,INTER,INERT,0.32,53606.028,4,4,53606.025,0.0,0.0,0.0,0.003,167518.8375
1769113,IT,AU,CHEM1,CATTL,0.11,53604.031,4,4,53604.025,0.0,0.0,0.0,0.006,487309.372727
1739646,IT,GB,AIRTR,FABRI,0.06,53603.38,4,4,53603.378,0.0,0.0,0.0,0.002,893389.666667
1679298,IT,GR,HEAVY,TRANS,0.09,53600.068,4,4,53600.064,0.0,0.0,0.0,0.004,595556.311111
1663954,IT,EE,PAPER,DAIRY,0.21,53599.949,4,4,53599.944,0.0,0.0,0.0,0.005,255237.852381
1640536,IT,AT,FOOD5,SUGA1,0.26,53597.208,4,4,53597.203,0.0,0.0,0.0,0.005,206143.107692
1669750,IT,ES,BUSIN,TEXTI,0.55,53596.92,4,4,53596.916,0.0,0.0,0.0,0.004,97448.945455
1764401,IT,MX,MOTO1,SUPPO,0.29,53591.797,4,4,53591.794,0.0,0.0,0.0,0.003,184799.3
1659281,IT,DE,SALEM,RESEA,0.43,53591.158,4,4,53591.155,0.0,0.0,0.0,0.003,124630.6
1681833,IT,HR,VEGE1,MEAT4,0.16,53589.564,4,4,53589.552,0.0,0.0,0.0,0.012,334934.775
1807084,IT,WF,SEACO,COPP1,0.05,53587.827,3,3,53587.827,0.0,0.0,0.0,0.0,1071756.54
1729551,IT,SE,COPP1,RUBBE,0.14,53587.302,4,4,53587.299,0.0,0.0,0.0,0.003,382766.442857
1811108,IT,WM,HEAVY,RECRE,0.09,53586.621,4,4,53586.617,0.0,0.0,0.0,0.004,595406.9
1766916,IT,RU,OFFIC,PUBLI,0.17,53584.787,4,4,53584.783,0.0,0.0,0.0,0.004,315204.629412
1671626,IT,FI,FURNI,HOTEL,0.17,53578.717,4,4,53578.712,0.0,0.0,0.0,0.005,315168.923529
1782596,IT,NO,FURNI,WOODW,0.17,53578.422,4,4,53578.417,0.0,0.0,0.0,0.005,315167.188235
1684855,IT,HU,CRUDE,MEDIC,0.11,53577.081,4,4,53577.076,0.0,0.0,0.0,0.005,487064.372727
1764378,IT,MX,MOTO1,COPP1,0.29,53576.228,4,4,53576.225,0.0,0.0,0.0,0.003,184745.613793
1714541,IT,NL,CRUDE,FABRI,0.11,53576.111,4,4,53576.106,0.0,0.0,0.0,0.005,487055.554545
1774639,IT,CH,AIRTR,PRINT,0.06,53574.867,4,4,53574.865,0.0,0.0,0.0,0.002,892914.45
1726949,IT,RO,HOTEL,PAPER,0.39,53572.589,4,4,53572.585,0.0,0.0,0.0,0.004,137365.612821
1776537,IT,TR,KEROS,COMPU,0.08,53571.833,4,4,53571.829,0.0,0.0,0.0,0.004,669647.9125
1658678,IT,DE,OFFIC,TEXTI,0.17,53565.891,4,4,53565.887,0.0,0.0,0.0,0.004,315093.476471
1801366,IT,WE,MACHI,STEAM,0.3,53563.345,4,4,53563.341,0.0,0.0,0.0,0.004,178544.483333
1713042,IT,MT,MEAT4,FISH5,0.29,53553.587,4,4,53553.583,0.0,0.0,0.0,0.004,184667.541379
1763712,IT,MX,RUBBE,FINAN,0.18,53549.619,4,4,53549.614,0.0,0.0,0.0,0.005,297497.883333
1724340,IT,PT,SEACO,DAIRY,0.05,53546.933,3,3,53546.933,0.0,0.0,0.0,0.0,1070938.66
1796371,IT,WL,WHOLE,DAIRY,0.46,53545.891,4,4,53545.888,0.0,0.0,0.0,0.003,116404.11087
1640487,IT,AT,DAIRY,RENTI,0.22,53545.869,4,4,53545.865,0.0,0.0,0.0,0.004,243390.313636
1724407,IT,PT,AIRTR,TEXTI,0.06,53541.302,4,4,53541.3,0.0,0.0,0.0,0.002,892355.033333
1732594,IT,SI,GLASS,MEATC,0.15,53541.178,4,4,53541.175,0.0,0.0,0.0,0.003,356941.186667
1721020,IT,PL,HOTEL,FISH5,0.39,53539.579,4,4,53539.575,0.0,0.0,0.0,0.004,137280.971795
1676983,IT,FR,AIRTR,RAILW,0.06,53532.002,4,4,53532.0,0.0,0.0,0.0,0.002,892200.033333
1786084,IT,ZA,NONME,WOODW,0.11,53531.985,4,4,53531.979,0.0,0.0,0.0,0.006,486654.409091
1663294,IT,DK,SEACO,PRIVA,0.05,53530.725,3,3,53530.725,0.0,0.0,0.0,0.0,1070614.5
1777037,IT,TR,CHEM1,NAPHT,0.11,53530.685,4,4,53530.679,0.0,0.0,0.0,0.006,486642.590909
1660125,IT,DE,AIRTR,INTER,0.06,53527.895,4,4,53527.893,0.0,0.0,0.0,0.002,892131.583333
1685014,IT,HU,VEGE1,BUSIN,0.16,53527.78,4,4,53527.768,0.0,0.0,0.0,0.012,334548.625
1763177,IT,MX,LEATH,MACHI,0.38,53525.522,4,4,53525.513,0.0,0.0,0.0,0.009,140856.636842
1669244,IT,ES,POSTT,MEMBE,0.88,53513.421,4,4,53513.417,0.0,0.0,0.0,0.004,60810.705682
1771226,IT,CH,VEGE1,GASDI,0.16,53510.82,4,4,53510.808,0.0,0.0,0.0,0.012,334442.625
1793825,IT,WL,TEXTI,PRINT,0.32,53510.167,4,4,53510.16,0.0,0.0,0.0,0.007,167219.271875
1662659,IT,DK,MACHI,NONME,0.3,53510.042,4,4,53510.038,0.0,0.0,0.0,0.004,178366.806667
1772736,IT,CH,CEMEN,FURNI,0.09,53508.809,4,4,53508.807,0.0,0.0,0.0,0.002,594542.322222
1653371,IT,CZ,GLASS,RESEA,0.15,53507.732,4,4,53507.729,0.0,0.0,0.0,0.003,356718.213333
1795129,IT,WL,RUBBE,CHARC,0.18,53506.975,4,4,53506.97,0.0,0.0,0.0,0.005,297260.972222
1810184,IT,WM,WEARI,AUXIL,0.4,53505.695,4,4,53505.685,0.0,0.0,0.0,0.01,133764.2375
1670697,IT,FI,WOODW,FURNI,0.15,53504.989,4,4,53504.985,0.0,0.0,0.0,0.004,356699.926667
1810347,IT,WM,WOODW,CEMEN,0.15,53501.923,4,4,53501.919,0.0,0.0,0.0,0.004,356679.486667
1779163,IT,TR,POSTT,WEARI,0.88,53498.502,4,4,53498.498,0.0,0.0,0.0,0.004,60793.752273
1785215,IT,ZA,BEVER,SUPPO,0.23,53493.674,4,4,53493.671,0.0,0.0,0.0,0.003,232581.191304
1738021,IT,GB,RUBBE,CATTL,0.18,53489.509,4,4,53489.504,0.0,0.0,0.0,0.005,297163.938889
1811788,IT,WM,ADDIT,RETAI,0.12,53486.85,4,4,53486.846,0.0,0.0,0.0,0.004,445723.75
1785512,IT,ZA,MOTOR,FURNI,0.08,53483.576,4,4,53483.572,0.0,0.0,0.0,0.004,668544.7
1724409,IT,PT,AIRTR,LEATH,0.06,53481.662,4,4,53481.66,0.0,0.0,0.0,0.002,891361.033333
1679773,IT,GR,BASIC,PAPE4,0.06,53480.492,4,4,53480.489,0.0,0.0,0.0,0.003,891341.533333
1733053,IT,SI,COPP1,FURNI,0.14,53480.018,4,4,53480.015,0.0,0.0,0.0,0.003,382000.128571
1668389,IT,ES,RETA1,WEARI,0.56,53478.547,4,4,53478.544,0.0,0.0,0.0,0.003,95497.405357
1737592,IT,GB,PAPER,WEARI,0.21,53477.258,4,4,53477.253,0.0,0.0,0.0,0.005,254653.609524
1781267,IT,NO,CHEMI,PLAST,0.13,53473.506,5,5,53470.501,0.0,0.0,3.0,0.005,411334.661538
1786097,IT,ZA,NONME,RADIO,0.11,53471.971,4,4,53471.965,0.0,0.0,0.0,0.006,486108.827273
1710323,IT,LT,FURNI,LANDT,0.17,53468.964,4,4,53468.959,0.0,0.0,0.0,0.005,314523.317647
1640394,IT,AT,MEAT4,FOOD5,0.29,53468.562,4,4,53468.558,0.0,0.0,0.0,0.004,184374.351724
1795916,IT,WL,MOTO1,OILSE,0.28,53467.09,4,4,53467.087,0.0,0.0,0.0,0.003,190953.892857
1811351,IT,WM,PARAF,ELEC2,0.08,53466.854,4,4,53466.85,0.0,0.0,0.0,0.004,668335.675
1662073,IT,DK,CHEM1,BASIC,0.11,53465.318,4,4,53465.312,0.0,0.0,0.0,0.006,486048.345455
1811770,IT,WM,ADDIT,FABRI,0.12,53463.274,4,4,53463.27,0.0,0.0,0.0,0.004,445527.283333
1749322,IT,CN,PRINT,COKEO,0.51,53460.307,4,4,53460.303,0.0,0.0,0.0,0.004,104824.131373
1803162,IT,WF,VEGET,MEMBE,0.19,53460.069,4,4,53460.067,0.0,0.0,0.0,0.002,281368.784211
1758841,IT,BR,HOTEL,SUGA1,0.39,53452.547,4,4,53452.543,0.0,0.0,0.0,0.004,137057.812821
1803882,IT,WF,WEARI,CATTL,0.4,53452.206,4,4,53452.196,0.0,0.0,0.0,0.01,133630.515
1678509,IT,GR,WHEAT,BEVER,0.04,53446.516,3,3,53446.516,0.0,0.0,0.0,0.0,1336162.9
1687961,IT,HU,RENTI,GASDI,0.32,53445.528,4,4,53445.525,0.0,0.0,0.0,0.003,167017.275
1644086,IT,AT,BUSIN,AUXIL,0.55,53445.457,4,4,53445.453,0.0,0.0,0.0,0.004,97173.558182
1782340,IT,NO,FABRI,MEATP,0.22,53443.506,4,4,53443.502,0.0,0.0,0.0,0.004,242925.027273
1769138,IT,AU,CHEM1,WEARI,0.11,53443.231,4,4,53443.225,0.0,0.0,0.0,0.006,485847.554545
1648773,IT,BG,BEVER,LEATH,0.23,53441.463,4,4,53441.46,0.0,0.0,0.0,0.003,232354.186957
1741316,IT,US,PAPER,SALEM,0.21,53441.396,4,4,53441.391,0.0,0.0,0.0,0.005,254482.838095
1786297,IT,ZA,FABRI,ELEC1,0.22,53435.714,4,4,53435.71,0.0,0.0,0.0,0.004,242889.609091
1785276,IT,ZA,WEARI,BITUM,0.4,53435.328,4,4,53435.318,0.0,0.0,0.0,0.01,133588.32
1808491,IT,WF,FOOD4,HOTEL,0.39,53434.715,4,4,53434.712,0.0,0.0,0.0,0.003,137012.089744
1800424,IT,WE,ADDIT,PFERT,0.12,53434.343,4,4,53434.339,0.0,0.0,0.0,0.004,445286.191667
1674820,IT,FR,CEMEN,MEMBE,0.09,53431.581,4,4,53431.579,0.0,0.0,0.0,0.002,593684.233333
1644890,IT,BE,LEATH,MOTOR,0.38,53431.453,4,4,53431.444,0.0,0.0,0.0,0.009,140609.086842
1640405,IT,AT,MEAT4,SUPPO,0.29,53430.994,4,4,53430.99,0.0,0.0,0.0,0.004,184244.806897
1790529,IT,WA,NONF1,PRECI,0.01,53430.437,3,3,53430.437,0.0,0.0,0.0,0.0,5343043.7
1684746,IT,HU,VEGET,COMPU,0.19,53429.531,4,4,53429.529,0.0,0.0,0.0,0.002,281208.057895
1758376,IT,BR,FABRI,LEATH,0.22,53427.846,4,4,53427.842,0.0,0.0,0.0,0.004,242853.845455
1662250,IT,DK,CERAM,WOODW,0.08,53427.16,4,4,53427.157,0.0,0.0,0.0,0.003,667839.5
1810493,IT,WM,PAPER,SANDC,0.21,53425.386,4,4,53425.381,0.0,0.0,0.0,0.005,254406.6
1750181,IT,CN,ALUM1,COPP1,0.09,53423.688,4,4,53423.684,0.0,0.0,0.0,0.004,593596.533333
1668696,IT,ES,LANDT,VEGE1,0.34,53422.977,4,4,53422.974,0.0,0.0,0.0,0.003,157126.402941
1802948,IT,WF,WHEAT,IRONO,0.04,53422.807,3,3,53422.807,0.0,0.0,0.0,0.0,1335570.175
1744568,IT,US,REALE,BUSIN,2.26,53422.113,4,4,53422.109,0.0,0.0,0.0,0.004,23638.103097
1648505,IT,BG,OILSE,HEALT,0.04,53414.636,4,4,53414.634,0.0,0.0,0.0,0.002,1335365.9
1732101,IT,SI,KERO1,BUSIN,0.08,53412.216,4,4,53412.212,0.0,0.0,0.0,0.004,667652.7
1769921,IT,AU,MOTO1,TRANS,0.28,53411.738,4,4,53411.735,0.0,0.0,0.0,0.003,190756.207143
1769542,IT,AU,ALUM1,NONF1,0.09,53408.657,4,4,53408.653,0.0,0.0,0.0,0.004,593429.522222
1788690,IT,WA,MOTOR,RAWMI,0.08,53407.16,4,4,53407.156,0.0,0.0,0.0,0.004,667589.5
1781693,IT,NO,WOODW,PULP5,0.15,53406.333,4,4,53406.329,0.0,0.0,0.0,0.004,356042.22
1762924,IT,MX,CHEMI,WHOLE,0.13,53399.203,5,5,53396.198,0.0,0.0,3.0,0.005,410763.1
1686197,IT,HU,GLASS,NONME,0.15,53396.556,4,4,53396.553,0.0,0.0,0.0,0.003,355977.04
1788994,IT,WA,HEAVY,REALE,0.09,53396.48,4,4,53396.476,0.0,0.0,0.0,0.004,593294.222222
1715935,IT,NL,GLASS,TRANS,0.15,53392.837,4,4,53392.834,0.0,0.0,0.0,0.003,355952.246667
1799107,IT,WE,WEARI,SANDC,0.4,53389.895,4,4,53389.885,0.0,0.0,0.0,0.01,133474.7375
1667942,IT,ES,MOTO1,FOOD2,0.28,53388.286,4,4,53388.283,0.0,0.0,0.0,0.003,190672.45
1794106,IT,WL,PAPER,NONF1,0.21,53380.506,4,4,53380.501,0.0,0.0,0.0,0.005,254192.885714
1680199,IT,GR,TRANS,FOOD5,0.32,53375.882,4,4,53375.879,0.0,0.0,0.0,0.003,166799.63125
1749507,IT,CN,PETRO,KEROS,0.09,53374.685,4,4,53374.681,0.0,0.0,0.0,0.004,593052.055556
1766049,IT,RU,CHEM1,COMPU,0.11,53371.203,4,4,53371.197,0.0,0.0,0.0,0.006,485192.754545
1790555,IT,WA,NONF1,BIODI,0.01,53367.426,3,3,53367.426,0.0,0.0,0.0,0.0,5336742.6
1650564,IT,BG,ELEC7,SUPPO,0.04,53366.555,3,3,53366.555,0.0,0.0,0.0,0.0,1334163.875
1757581,IT,BR,GASDI,DAIRY,0.08,53365.145,4,4,53365.141,0.0,0.0,0.0,0.004,667064.3125
1679548,IT,GR,RUBBE,TOBAC,0.18,53364.958,4,4,53364.953,0.0,0.0,0.0,0.005,296471.988889
1775720,IT,TR,CATTL,WHOLE,0.12,53364.389,5,5,53363.385,0.0,1.0,0.0,0.004,444703.241667
1787962,IT,WA,TOBAC,HOTEL,0.21,53362.821,4,4,53362.818,0.0,0.0,0.0,0.003,254108.671429
1757247,IT,BR,VEGE1,GLASS,0.16,53360.433,4,4,53360.421,0.0,0.0,0.0,0.012,333502.70625
1778236,IT,TR,FURNI,RENTI,0.17,53360.153,4,4,53360.148,0.0,0.0,0.0,0.005,313883.252941
1735423,IT,SK,BASIC,KEROS,0.06,53360.017,4,4,53360.014,0.0,0.0,0.0,0.003,889333.616667
1665178,IT,ES,FOOD5,MEATA,0.26,53352.916,4,4,53352.911,0.0,0.0,0.0,0.005,205203.523077
1756690,IT,KR,SEACO,GLASS,0.05,53348.626,3,3,53348.626,0.0,0.0,0.0,0.0,1066972.52
1804433,IT,WF,KERO1,INSUR,0.08,53346.431,4,4,53346.427,0.0,0.0,0.0,0.004,666830.3875
1713040,IT,MT,MEAT4,VEGET,0.29,53343.944,4,4,53343.94,0.0,0.0,0.0,0.004,183944.634483
1642849,IT,AT,MOTO1,WOODW,0.28,53342.131,4,4,53342.128,0.0,0.0,0.0,0.003,190507.610714
1690401,IT,IE,FOOD4,WOODW,0.39,53341.46,4,4,53341.457,0.0,0.0,0.0,0.003,136772.974359
1761861,IT,IN,MOTO1,PUBLI,0.28,53339.317,4,4,53339.314,0.0,0.0,0.0,0.003,190497.560714
1644974,IT,BE,WOODW,ELEC5,0.15,53337.022,4,4,53337.018,0.0,0.0,0.0,0.004,355580.146667
1803302,IT,WF,FISHF,WHOLE,0.09,53336.924,4,4,53336.922,0.0,0.0,0.0,0.002,592632.488889
1729373,IT,SE,BASIC,GASDI,0.06,53336.644,4,4,53336.641,0.0,0.0,0.0,0.003,888944.066667
1766707,IT,RU,FABRI,FOOD4,0.22,53336.396,4,4,53336.392,0.0,0.0,0.0,0.004,242438.163636
1794582,IT,WL,HEAVY,BRICK,0.09,53334.467,4,4,53334.463,0.0,0.0,0.0,0.004,592605.188889
1656572,IT,DE,PRINT,WOODW,0.51,53334.213,4,4,53334.209,0.0,0.0,0.0,0.004,104576.888235
1672165,IT,FI,INSUR,RENTI,1.1,53329.368,4,4,53329.366,0.0,0.0,0.0,0.002,48481.243636
1679208,IT,GR,MOTOR,GASDI,0.08,53326.936,4,4,53326.932,0.0,0.0,0.0,0.004,666586.7
1662023,IT,DK,PLAST,RADIO,0.11,53326.652,4,4,53326.647,0.0,0.0,0.0,0.005,484787.745455
1807920,IT,WF,PLAS1,NONFE,0.19,53323.001,4,4,53322.997,0.0,0.0,0.0,0.004,280647.373684
1716279,IT,NL,FABRI,MEATC,0.22,53322.062,4,4,53322.058,0.0,0.0,0.0,0.004,242373.009091
1665912,IT,ES,COALT,BIODI,0.08,53314.306,4,4,53314.303,0.0,0.0,0.0,0.003,666428.825
1802196,IT,WE,HOTEL,LANDT,0.39,53314.213,4,4,53314.209,0.0,0.0,0.0,0.004,136703.110256
1684176,IT,HR,LANDT,ELEC4,0.34,53312.923,4,4,53312.92,0.0,0.0,0.0,0.003,156802.714706
1713390,IT,MT,LIQUE,RENTI,0.09,53308.633,4,4,53308.629,0.0,0.0,0.0,0.004,592318.144444
1720879,IT,PL,CONST,STEAM,0.3,53307.791,4,4,53307.788,0.0,0.0,0.0,0.003,177692.636667
1780781,IT,TW,RENTI,WHOLE,0.32,53307.604,4,4,53307.601,0.0,0.0,0.0,0.003,166586.2625
1774799,IT,CH,POSTT,MACHI,0.88,53306.126,4,4,53306.122,0.0,0.0,0.0,0.004,60575.143182
1667204,IT,ES,PREC1,PAPER,0.09,53304.152,4,4,53304.15,0.0,0.0,0.0,0.002,592268.355556
1674648,IT,FR,GLASS,CHEMI,0.15,53303.54,4,4,53303.537,0.0,0.0,0.0,0.003,355356.933333
1644028,IT,AT,BUSIN,PRINT,0.55,53296.955,4,4,53296.951,0.0,0.0,0.0,0.004,96903.554545
1804436,IT,WF,KERO1,HEALT,0.08,53295.708,4,4,53295.704,0.0,0.0,0.0,0.004,666196.35
1717175,IT,NL,AIRTR,RENTI,0.06,53291.962,4,4,53291.96,0.0,0.0,0.0,0.002,888199.366667
1791968,IT,WA,SEACO,FABRI,0.05,53291.264,3,3,53291.264,0.0,0.0,0.0,0.0,1065825.28
1737562,IT,GB,PULP5,WHOLE,0.16,53290.128,4,4,53290.123,0.0,0.0,0.0,0.005,333063.3
1661551,IT,DK,BEVER,SUGA1,0.23,53288.673,4,4,53288.67,0.0,0.0,0.0,0.003,231689.882609
1679473,IT,GR,CHEM1,GLASS,0.11,53287.564,4,4,53287.558,0.0,0.0,0.0,0.006,484432.4
1739587,IT,GB,SEACO,ETHAN,0.05,53284.854,3,3,53284.854,0.0,0.0,0.0,0.0,1065697.08
1750267,IT,CN,COPP1,ELEC2,0.13,53284.54,4,4,53284.537,0.0,0.0,0.0,0.003,409881.076923
1778282,IT,TR,SALEM,TEXTI,0.43,53282.423,4,4,53282.42,0.0,0.0,0.0,0.003,123912.611628
1715238,IT,NL,WOODW,93197,0.15,53281.649,4,4,53281.645,0.0,0.0,0.0,0.004,355210.993333
1675381,IT,FR,MACHI,ADDIT,0.3,53279.637,4,4,53279.633,0.0,0.0,0.0,0.004,177598.79
1814185,IT,WM,SUPPO,LIQUE,0.38,53270.815,4,4,53270.812,0.0,0.0,0.0,0.003,140186.355263
1641361,IT,AT,KEROS,ELEC5,0.08,53266.325,4,4,53266.321,0.0,0.0,0.0,0.004,665829.0625
1713394,IT,MT,LIQUE,HEALT,0.09,53266.17,4,4,53266.166,0.0,0.0,0.0,0.004,591846.333333
1711603,IT,LU,INSUR,FINAN,1.1,53262.077,4,4,53262.075,0.0,0.0,0.0,0.002,48420.07
1798084,IT,WL,RECRE,EDUCA,0.68,53255.311,4,4,53255.307,0.0,0.0,0.0,0.004,78316.633824
1653495,IT,CZ,BASIC,FOOD5,0.06,53252.446,4,4,53252.443,0.0,0.0,0.0,0.003,887540.766667
1687066,IT,HU,MOTO1,BASIC,0.28,53250.935,4,4,53250.932,0.0,0.0,0.0,0.003,190181.910714
1688821,IT,IE,BRICK,CONST,0.08,53247.648,4,4,53247.645,0.0,0.0,0.0,0.003,665595.6
1663549,IT,DK,COMPU,WHOLE,0.61,53247.063,4,4,53247.06,0.0,0.0,0.0,0.003,87290.267213
1681713,IT,HR,FISHF,LEATH,0.09,53245.012,4,4,53245.01,0.0,0.0,0.0,0.002,591611.244444
1812064,IT,WM,CERAM,PLAST,0.08,53243.61,4,4,53243.607,0.0,0.0,0.0,0.003,665545.125
1742580,IT,US,ALUM1,FOOD5,0.09,53234.407,4,4,53234.403,0.0,0.0,0.0,0.004,591493.411111
1722702,IT,PT,LEATH,RECRE,0.38,53227.148,4,4,53227.139,0.0,0.0,0.0,0.009,140071.442105
1740599,IT,US,FORES,CHEM1,0.46,53223.341,4,4,53203.341,0.0,20.0,0.0,0.0,115702.915217
1688388,IT,IE,FOOD5,PLAST,0.26,53222.598,4,4,53222.593,0.0,0.0,0.0,0.005,204702.3
1738064,IT,GB,RUBBE,BRICK,0.18,53221.572,4,4,53221.567,0.0,0.0,0.0,0.005,295675.4
1810991,IT,WM,GASDI,RETAI,0.08,53220.733,4,4,53220.729,0.0,0.0,0.0,0.004,665259.1625
1788818,IT,WA,KEROS,PUBLI,0.08,53218.213,4,4,53218.209,0.0,0.0,0.0,0.004,665227.6625
1775268,IT,CH,BUSIN,KEROS,0.55,53217.863,4,4,53217.859,0.0,0.0,0.0,0.004,96759.750909
1713818,IT,MT,FURNI,FINAN,0.17,53217.745,4,4,53217.74,0.0,0.0,0.0,0.005,313045.558824
1755881,IT,KR,NONME,FURNI,0.11,53217.017,4,4,53217.011,0.0,0.0,0.0,0.006,483791.063636
1746934,IT,JP,MOTO1,ALUM1,0.28,53216.426,4,4,53216.423,0.0,0.0,0.0,0.003,190058.664286
1814512,IT,WM,RESEA,DISTR,0.29,53212.641,4,4,53212.637,0.0,0.0,0.0,0.004,183491.865517
1770978,IT,CH,VEGET,SUPPO,0.19,53212.241,4,4,53212.239,0.0,0.0,0.0,0.002,280064.426316
1676239,IT,FR,CONST,MEMBE,0.3,53207.967,4,4,53207.964,0.0,0.0,0.0,0.003,177359.89
1798818,IT,WE,FOOD5,FURNI,0.26,53200.299,4,4,53200.294,0.0,0.0,0.0,0.005,204616.534615
1675029,IT,FR,PREC1,WOOD2,0.09,53199.409,4,4,53199.407,0.0,0.0,0.0,0.002,591104.544444
1807543,IT,WF,RENTI,AIRTR,0.32,53198.963,4,4,53198.96,0.0,0.0,0.0,0.003,166246.759375
1742478,IT,US,BASIC,GLASS,0.06,53197.33,4,4,53197.327,0.0,0.0,0.0,0.003,886622.166667
1716143,IT,NL,PREC1,RETA1,0.09,53196.664,4,4,53196.662,0.0,0.0,0.0,0.002,591074.044444
1814089,IT,WM,AIRTR,PULP5,0.06,53194.766,4,4,53194.764,0.0,0.0,0.0,0.002,886579.433333
1666075,IT,ES,GASDI,RAWMI,0.08,53191.389,4,4,53191.385,0.0,0.0,0.0,0.004,664892.3625
1661929,IT,DK,PRINT,RESEA,0.51,53190.933,4,4,53190.929,0.0,0.0,0.0,0.004,104295.947059
1680863,IT,GR,LANDT,WEARI,0.34,53189.767,4,4,53189.764,0.0,0.0,0.0,0.003,156440.491176
1675702,IT,FR,TRANS,SEWAG,0.32,53187.612,4,4,53187.609,0.0,0.0,0.0,0.003,166211.2875
1740849,IT,US,VEGE1,COMPU,0.16,53178.767,4,4,53178.755,0.0,0.0,0.0,0.012,332367.29375
1669136,IT,ES,POSTT,BEVER,0.88,53172.299,4,4,53172.295,0.0,0.0,0.0,0.004,60423.067045
1716103,IT,NL,BASIC,LANDT,0.06,53165.876,4,4,53165.873,0.0,0.0,0.0,0.003,886097.933333
1762647,IT,IN,COMPU,CONST,0.61,53165.674,4,4,53165.671,0.0,0.0,0.0,0.003,87156.842623
1657825,IT,DE,NONME,COLLE,0.11,53165.579,4,4,53165.573,0.0,0.0,0.0,0.006,483323.445455
1737418,IT,GB,TEXTI,93197,0.32,53163.294,4,4,53163.287,0.0,0.0,0.0,0.007,166135.29375
1710117,IT,LT,MACHI,SUGAR,0.3,53161.835,4,4,53161.831,0.0,0.0,0.0,0.004,177206.116667
1644320,IT,BE,STONE,FOOD5,0.17,53159.315,5,5,53156.313,0.0,0.0,3.0,0.002,312701.852941
1666690,IT,ES,BIODI,WHOLE,0.11,53158.224,4,4,53158.218,0.0,0.0,0.0,0.006,483256.581818
1670652,IT,FI,LEATH,RENTI,0.38,53154.328,4,4,53154.319,0.0,0.0,0.0,0.009,139879.810526
1712426,IT,LV,BASIC,TEXTI,0.06,53153.321,4,4,53153.318,0.0,0.0,0.0,0.003,885888.683333
1780300,IT,TW,LANDT,EDUCA,0.34,53153.073,4,4,53153.07,0.0,0.0,0.0,0.003,156332.567647
1718189,IT,PL,DAIRY,CONST,0.22,53149.796,4,4,53149.792,0.0,0.0,0.0,0.004,241589.981818
1761390,IT,IN,NONME,CHEM1,0.11,53148.852,4,4,53148.846,0.0,0.0,0.0,0.006,483171.381818
1712715,IT,LV,HOTEL,LANDT,0.39,53148.074,4,4,53148.07,0.0,0.0,0.0,0.004,136277.112821
1775247,IT,CH,BUSIN,CHEMI,0.55,53145.091,4,4,53145.087,0.0,0.0,0.0,0.004,96627.438182
1789896,IT,WA,BRICK,RESEA,0.08,53142.37,4,4,53142.367,0.0,0.0,0.0,0.003,664279.625
1788476,IT,WA,PULP5,FABRI,0.16,53138.975,4,4,53138.97,0.0,0.0,0.0,0.005,332118.59375
1788534,IT,WA,PAPER,BEVER,0.21,53138.431,4,4,53138.426,0.0,0.0,0.0,0.005,253040.147619
1749911,IT,CN,GLASS,TEXTI,0.15,53136.975,4,4,53136.972,0.0,0.0,0.0,0.003,354246.5
1718034,IT,PL,CHEMI,AUXIL,0.13,53136.867,5,5,53133.862,0.0,0.0,3.0,0.005,408745.130769
1684835,IT,HU,FISHF,93197,0.09,53136.619,4,4,53136.617,0.0,0.0,0.0,0.002,590406.877778
1801460,IT,WE,MOTO1,TOBAC,0.28,53136.596,4,4,53136.593,0.0,0.0,0.0,0.003,189773.557143
1779517,IT,TR,RENTI,COMPU,0.32,53135.902,4,4,53135.899,0.0,0.0,0.0,0.003,166049.69375
1684074,IT,HR,HOTEL,DIST1,0.39,53135.808,4,4,53135.804,0.0,0.0,0.0,0.004,136245.661538
1676440,IT,FR,RETA1,FORES,0.55,53134.212,4,4,53134.209,0.0,0.0,0.0,0.003,96607.658182
1751275,IT,CN,HOTEL,WASTE,0.39,53127.387,4,4,53127.383,0.0,0.0,0.0,0.004,136224.069231
1720950,IT,PL,WHOLE,WEARI,0.46,53123.892,4,4,53123.889,0.0,0.0,0.0,0.003,115486.721739
1802121,IT,WE,RETA1,HOTEL,0.55,53120.166,4,4,53120.163,0.0,0.0,0.0,0.003,96582.12
1642001,IT,AT,RUBBE,ELEC4,0.18,53119.393,4,4,53119.388,0.0,0.0,0.0,0.005,295107.738889
1723409,IT,PT,BASIC,RETAI,0.06,53116.319,4,4,53116.316,0.0,0.0,0.0,0.003,885271.983333
1796756,IT,WL,LANDT,CEMEN,0.34,53115.609,4,4,53115.606,0.0,0.0,0.0,0.003,156222.379412
1721971,IT,PL,COMPU,RUBBE,0.61,53114.401,4,4,53114.398,0.0,0.0,0.0,0.003,87072.788525
1778139,IT,TR,TRANS,FABRI,0.32,53112.972,4,4,53112.969,0.0,0.0,0.0,0.003,165978.0375
1783608,IT,NO,FOOD2,OILHA,0.31,53111.742,4,4,53111.739,0.0,0.0,0.0,0.003,171328.2
1788246,IT,WA,LEATH,SUGA1,0.38,53111.268,4,4,53111.259,0.0,0.0,0.0,0.009,139766.494737
1809635,IT,WM,DAIRY,LIQUE,0.22,53109.942,4,4,53109.938,0.0,0.0,0.0,0.004,241408.827273
1811323,IT,WM,BITU1,COKE1,0.08,53109.037,4,4,53109.033,0.0,0.0,0.0,0.004,663862.9625
1684848,IT,HU,CRUDE,PFERT,0.1,53107.724,4,4,53107.719,0.0,0.0,0.0,0.005,531077.24
1675208,IT,FR,FABRI,ANIMA,0.22,53107.214,4,4,53107.21,0.0,0.0,0.0,0.004,241396.427273
1770458,IT,AU,AIRTR,CATTL,0.06,53105.827,4,4,53105.825,0.0,0.0,0.0,0.002,885097.116667
1736286,IT,SK,HOTEL,FABRI,0.38,53096.606,4,4,53096.602,0.0,0.0,0.0,0.004,139727.910526
1803069,IT,WF,CEREA,CONST,0.09,53095.635,4,4,53095.632,0.0,0.0,0.0,0.003,589951.5
1739422,IT,GB,LANDT,RAWMI,0.34,53088.23,4,4,53088.227,0.0,0.0,0.0,0.003,156141.852941
1690175,IT,IE,BUSIN,MEATC,0.55,53087.858,4,4,53087.854,0.0,0.0,0.0,0.004,96523.378182
1809401,IT,WM,CHEMI,WEARI,0.13,53084.547,5,5,53081.542,0.0,0.0,3.0,0.005,408342.669231
1769951,IT,AU,MOTO1,RECRE,0.28,53071.936,4,4,53071.933,0.0,0.0,0.0,0.003,189542.628571
1732130,IT,SI,GASDI,FISH5,0.08,53063.128,4,4,53063.124,0.0,0.0,0.0,0.004,663289.1
1647440,IT,BE,AIRTR,TRAN2,0.06,53060.817,4,4,53060.815,0.0,0.0,0.0,0.002,884346.95
1779950,IT,TW,CONST,RETA1,0.3,53058.418,4,4,53058.415,0.0,0.0,0.0,0.003,176861.393333
1765300,IT,RU,DAIRY,FISH5,0.22,53055.429,4,4,53055.425,0.0,0.0,0.0,0.004,241161.040909
1658440,IT,DE,FABRI,PREC1,0.22,53053.08,4,4,53053.076,0.0,0.0,0.0,0.004,241150.363636
1784718,IT,ID,FURNI,HOTEL,0.17,53052.007,4,4,53052.002,0.0,0.0,0.0,0.005,312070.629412
1675537,IT,FR,MOTO1,OILSE,0.28,53050.693,4,4,53050.69,0.0,0.0,0.0,0.003,189466.760714
1746313,IT,JP,CHEM1,WASTE,0.11,53049.951,4,4,53049.945,0.0,0.0,0.0,0.006,482272.281818
1686579,IT,HU,ALUM1,DIST1,0.09,53049.887,4,4,53049.883,0.0,0.0,0.0,0.004,589443.188889
1811387,IT,WM,PLAST,PIGS9,0.11,53049.764,4,4,53049.759,0.0,0.0,0.0,0.005,482270.581818
1733854,IT,SI,TRAN2,RENTI,0.08,53040.925,3,3,53040.925,0.0,0.0,0.0,0.0,663011.5625
1667882,IT,ES,MOTO1,PLAST,0.28,53040.153,4,4,53040.15,0.0,0.0,0.0,0.003,189429.117857
1714685,IT,NL,VEGE1,FISH5,0.16,53039.126,4,4,53039.114,0.0,0.0,0.0,0.012,331494.5375
1710898,IT,LU,KEROS,RENTI,0.08,53034.902,4,4,53034.898,0.0,0.0,0.0,0.004,662936.275
1804716,IT,WF,LIQUE,RETAI,0.09,53030.155,4,4,53030.151,0.0,0.0,0.0,0.004,589223.944444
1777131,IT,TR,ADDIT,BITU1,0.12,53028.062,4,4,53028.058,0.0,0.0,0.0,0.004,441900.516667
1745961,IT,JP,WOODW,MOTO1,0.15,53026.569,4,4,53026.565,0.0,0.0,0.0,0.004,353510.46
1742451,IT,US,BASIC,CHEMI,0.06,53025.151,4,4,53025.148,0.0,0.0,0.0,0.003,883752.516667
1660970,IT,DE,BUSIN,COPP1,0.54,53017.732,4,4,53017.728,0.0,0.0,0.0,0.004,98180.985185
1777817,IT,TR,FABRI,PREC1,0.22,53016.946,4,4,53016.942,0.0,0.0,0.0,0.004,240986.118182
1689630,IT,IE,SUPPO,AIRTR,0.38,53015.473,4,4,53015.47,0.0,0.0,0.0,0.003,139514.402632
1712367,IT,LV,GLASS,DAIRY,0.15,53013.933,4,4,53013.93,0.0,0.0,0.0,0.003,353426.22
1647534,IT,BE,SUPPO,RETAI,0.38,53013.385,4,4,53013.382,0.0,0.0,0.0,0.003,139508.907895
1780887,IT,TW,RESEA,LUBRI,0.29,53010.308,4,4,53010.304,0.0,0.0,0.0,0.004,182794.165517
1649036,IT,BG,WOODW,WHOLE,0.15,53004.473,4,4,53004.469,0.0,0.0,0.0,0.004,353363.153333
1644147,IT,AT,FOOD3,BASIC,0.15,53003.579,4,4,53003.576,0.0,0.0,0.0,0.003,353357.193333
1687092,IT,HU,MOTO1,COMPU,0.28,53003.401,4,4,53003.398,0.0,0.0,0.0,0.003,189297.860714
1734691,IT,SK,LEATH,BEVER,0.38,53001.649,4,4,53001.64,0.0,0.0,0.0,0.009,139478.023684
1785804,IT,ZA,CHEM1,BEVER,0.11,52991.718,4,4,52991.712,0.0,0.0,0.0,0.006,481742.890909
1730247,IT,SE,SEACO,FOOD5,0.05,52990.681,3,3,52990.681,0.0,0.0,0.0,0.0,1059813.62
1736019,IT,SK,TRANS,RENTI,0.32,52990.657,4,4,52990.654,0.0,0.0,0.0,0.003,165595.803125
1683335,IT,HR,NONME,NONME,0.11,52986.156,4,4,52986.15,0.0,0.0,0.0,0.006,481692.327273
1768877,IT,AU,WOODW,NATUR,0.15,52983.337,4,4,52983.333,0.0,0.0,0.0,0.004,353222.246667
1663320,IT,DK,AIRTR,FURNI,0.06,52982.426,4,4,52982.424,0.0,0.0,0.0,0.002,883040.433333
1800504,IT,WE,RUBBE,HEAVY,0.18,52980.761,4,4,52980.756,0.0,0.0,0.0,0.005,294337.561111
1715360,IT,NL,PRINT,FABRI,0.51,52980.215,4,4,52980.211,0.0,0.0,0.0,0.004,103882.77451
1756720,IT,KR,SEACO,AIRTR,0.05,52979.842,3,3,52979.842,0.0,0.0,0.0,0.0,1059596.84
1672845,IT,FR,VEGE1,MEATA,0.16,52978.862,4,4,52978.85,0.0,0.0,0.0,0.012,331117.8875
1719635,IT,PL,CERAM,PUBLI,0.08,52965.861,4,4,52965.858,0.0,0.0,0.0,0.003,662073.2625
1760782,IT,IN,PRINT,CONST,0.51,52962.037,4,4,52962.033,0.0,0.0,0.0,0.004,103847.131373
1678531,IT,GR,VEGET,PIGS9,0.19,52959.274,4,4,52959.272,0.0,0.0,0.0,0.002,278733.021053
1689292,IT,IE,WHOLE,WASTE,0.46,52959.124,4,4,52959.121,0.0,0.0,0.0,0.003,115128.530435
1645150,IT,BE,PRINT,CHEM1,0.51,52959.079,4,4,52959.075,0.0,0.0,0.0,0.004,103841.331373
1724819,IT,PT,COMPU,COMPU,0.6,52956.741,4,4,52956.738,0.0,0.0,0.0,0.003,88261.235
1748982,IT,CN,LEATH,NATUR,0.38,52956.478,4,4,52956.469,0.0,0.0,0.0,0.009,139359.152632
1799776,IT,WE,KEROS,HEALT,0.08,52956.391,4,4,52956.387,0.0,0.0,0.0,0.004,661954.8875
1742993,IT,US,OFFIC,CRUDE,0.16,52955.329,4,4,52955.325,0.0,0.0,0.0,0.004,330970.80625
1723283,IT,PT,GLASS,REALE,0.15,52953.246,4,4,52953.243,0.0,0.0,0.0,0.003,353021.64
1673518,IT,FR,LEATH,KEROS,0.38,52951.768,4,4,52951.759,0.0,0.0,0.0,0.009,139346.757895
1778566,IT,TR,RETA1,WHOLE,0.55,52950.307,4,4,52950.304,0.0,0.0,0.0,0.003,96273.285455
1805495,IT,WF,CERAM,NICKE,0.08,52949.914,4,4,52949.911,0.0,0.0,0.0,0.003,661873.925
1709961,IT,LT,BASIC,RESEA,0.06,52948.526,4,4,52948.523,0.0,0.0,0.0,0.003,882475.433333
1678841,IT,GR,BEVER,REALE,0.23,52947.116,4,4,52947.113,0.0,0.0,0.0,0.003,230204.852174
1768837,IT,AU,LEATH,MOTO1,0.38,52943.965,4,4,52943.956,0.0,0.0,0.0,0.009,139326.223684
1651479,IT,CY,HEAVY,WOODW,0.09,52939.87,4,4,52939.866,0.0,0.0,0.0,0.004,588220.777778
1674904,IT,FR,NONME,RECRE,0.11,52939.659,4,4,52939.653,0.0,0.0,0.0,0.006,481269.627273
1712408,IT,LV,NONME,VEGET,0.11,52936.543,4,4,52936.537,0.0,0.0,0.0,0.006,481241.3
1651374,IT,CY,PAPER,BUSIN,0.21,52931.486,4,4,52931.481,0.0,0.0,0.0,0.005,252054.695238
1794144,IT,WL,PAPER,MEMBE,0.21,52931.482,4,4,52931.477,0.0,0.0,0.0,0.005,252054.67619
1799860,IT,WE,GASDI,RUBBE,0.08,52929.085,4,4,52929.081,0.0,0.0,0.0,0.004,661613.5625
1747569,IT,JP,AIRTR,GLASS,0.06,52927.54,4,4,52927.538,0.0,0.0,0.0,0.002,882125.666667
1781493,IT,NO,FISH5,MEATC,0.22,52927.517,4,4,52927.49,0.0,0.0,0.0,0.027,240579.622727
1688579,IT,IE,PRINT,ELEC5,0.51,52926.056,4,4,52926.052,0.0,0.0,0.0,0.004,103776.580392
1761781,IT,IN,MACHI,ELEC5,0.3,52925.853,4,4,52925.849,0.0,0.0,0.0,0.004,176419.51
1775248,IT,CH,BUSIN,MEATC,0.54,52916.911,4,4,52916.907,0.0,0.0,0.0,0.004,97994.27963
1763278,IT,MX,PAPER,WEARI,0.21,52915.324,4,4,52915.319,0.0,0.0,0.0,0.005,251977.733333
1732015,IT,SI,KEROS,NONME,0.08,52914.733,4,4,52914.729,0.0,0.0,0.0,0.004,661434.1625
1790899,IT,WA,OFFIC,LEATH,0.16,52914.186,4,4,52914.182,0.0,0.0,0.0,0.004,330713.6625
1656217,IT,DE,TEXTI,LANDT,0.31,52914.074,4,4,52914.067,0.0,0.0,0.0,0.007,170690.56129
1805231,IT,WF,CHEM1,ELECT,0.11,52909.701,4,4,52909.695,0.0,0.0,0.0,0.006,480997.281818
1782167,IT,NO,NONME,MACHI,0.11,52908.027,4,4,52908.021,0.0,0.0,0.0,0.006,480982.063636
1794461,IT,WL,GASDI,KEROS,0.08,52907.003,4,4,52906.999,0.0,0.0,0.0,0.004,661337.5375
1641524,IT,AT,HEAVY,GLASS,0.09,52893.539,4,4,52893.535,0.0,0.0,0.0,0.004,587705.988889
1723130,IT,PT,CHEM1,PAPE1,0.11,52892.823,4,4,52892.817,0.0,0.0,0.0,0.006,480843.845455
1710452,IT,LT,LANDT,RUBBE,0.34,52890.887,4,4,52890.884,0.0,0.0,0.0,0.003,155561.432353
1803829,IT,WF,TEXTI,NONF1,0.31,52887.918,4,4,52887.911,0.0,0.0,0.0,0.007,170606.187097
1779751,IT,TR,BUSIN,BASIC,0.54,52884.008,4,4,52884.004,0.0,0.0,0.0,0.004,97933.348148
1782087,IT,NO,GLASS,RETA1,0.15,52880.789,4,4,52880.786,0.0,0.0,0.0,0.003,352538.593333
1776625,IT,TR,GASDI,MOTO1,0.08,52880.514,4,4,52880.51,0.0,0.0,0.0,0.004,661006.425
1733415,IT,SI,ELEC2,HEALT,0.01,52874.411,4,4,52874.405,0.0,0.0,0.0,0.006,5287441.1
1806914,IT,WF,HOTEL,RECRE,0.38,52873.235,4,4,52873.231,0.0,0.0,0.0,0.004,139140.092105
1769278,IT,AU,RUBBE,ELECT,0.18,52871.076,4,4,52871.071,0.0,0.0,0.0,0.005,293728.2
1742461,IT,US,BASIC,MOTOR,0.06,52870.528,4,4,52870.525,0.0,0.0,0.0,0.003,881175.466667
1798831,IT,WE,FOOD5,RAILW,0.25,52866.905,4,4,52866.9,0.0,0.0,0.0,0.005,211467.62
1665471,IT,ES,WEARI,PRINT,0.4,52865.4,4,4,52865.39,0.0,0.0,0.0,0.01,132163.5
1667958,IT,ES,TRANS,TEXTI,0.32,52863.785,4,4,52863.782,0.0,0.0,0.0,0.003,165199.328125
1777904,IT,TR,MACHI,MEAT1,0.29,52862.035,4,4,52862.031,0.0,0.0,0.0,0.004,182282.87931
1772602,IT,CH,GLASS,VEGET,0.15,52861.203,4,4,52861.2,0.0,0.0,0.0,0.003,352408.02
1644423,IT,BE,MEAT4,FOOD5,0.29,52856.815,4,4,52856.811,0.0,0.0,0.0,0.004,182264.87931
1810254,IT,WM,LEATH,CEMEN,0.38,52852.122,4,4,52852.113,0.0,0.0,0.0,0.009,139084.531579
1650568,IT,BG,ELEC7,BUSIN,0.04,52851.761,3,3,52851.761,0.0,0.0,0.0,0.0,1321294.025
1759005,IT,BR,LANDT,MOTO1,0.34,52851.664,4,4,52851.662,0.0,0.0,0.0,0.002,155446.070588
1747261,IT,JP,WHOLE,PAPER,0.46,52850.068,4,4,52850.065,0.0,0.0,0.0,0.003,114891.452174
1802491,IT,WE,SUPPO,93197,0.38,52849.204,4,4,52849.201,0.0,0.0,0.0,0.003,139076.852632
1776593,IT,TR,GASDI,WEARI,0.08,52846.155,4,4,52846.151,0.0,0.0,0.0,0.004,660576.9375
1810515,IT,WM,PAPER,KERO1,0.2,52844.07,4,4,52844.065,0.0,0.0,0.0,0.005,264220.35
1806861,IT,WF,RETA1,EDUCA,0.55,52843.555,4,4,52843.552,0.0,0.0,0.0,0.003,96079.190909
1735069,IT,SK,CHEM1,PAPER,0.11,52833.844,4,4,52833.838,0.0,0.0,0.0,0.006,480307.672727
1798435,IT,WE,NATUR,PRINT,0.07,52832.191,4,4,52832.188,0.0,0.0,0.0,0.003,754745.585714
1784044,IT,ID,TEXTI,HOTEL,0.31,52832.03,4,4,52832.023,0.0,0.0,0.0,0.007,170425.903226
1640264,IT,AT,STONE,FOUND,0.17,52831.6,5,5,52828.598,0.0,0.0,3.0,0.002,310774.117647
1766489,IT,RU,ALUM1,OFFIC,0.09,52830.974,4,4,52830.97,0.0,0.0,0.0,0.004,587010.822222
1742285,IT,US,BRICK,POSTT,0.08,52823.371,4,4,52823.368,0.0,0.0,0.0,0.003,660292.1375
1743988,IT,US,AIRTR,NAPHT,0.06,52821.513,4,4,52821.511,0.0,0.0,0.0,0.002,880358.55
1783773,IT,NO,PAPE4,PAPE1,0.35,52821.436,4,4,52821.433,0.0,0.0,0.0,0.003,150918.388571
1667945,IT,ES,MOTO1,FOOD4,0.28,52818.494,4,4,52818.491,0.0,0.0,0.0,0.003,188637.478571
1732420,IT,SI,PLAST,REALE,0.11,52816.117,4,4,52816.112,0.0,0.0,0.0,0.005,480146.518182
1655366,IT,DE,OILSE,PUBLI,0.04,52812.322,4,4,52812.32,0.0,0.0,0.0,0.002,1320308.05
1779633,IT,TR,RESEA,STONE,0.29,52810.288,4,4,52810.284,0.0,0.0,0.0,0.004,182104.441379
1791954,IT,WA,SEACO,PLAST,0.05,52809.731,3,3,52809.731,0.0,0.0,0.0,0.0,1056194.62
1720789,IT,PL,FURNI,CROPS,0.17,52808.753,4,4,52808.748,0.0,0.0,0.0,0.005,310639.723529
1769286,IT,AU,RUBBE,DISTR,0.17,52808.18,4,4,52808.175,0.0,0.0,0.0,0.005,310636.352941
1660838,IT,DE,COMPU,TRAN1,0.6,52807.511,4,4,52807.508,0.0,0.0,0.0,0.003,88012.518333
1675808,IT,FR,FURNI,FOOD4,0.17,52801.506,4,4,52801.501,0.0,0.0,0.0,0.005,310597.094118
1676824,IT,FR,LANDT,ELEC8,0.34,52797.927,4,4,52797.925,0.0,0.0,0.0,0.002,155288.020588
1653474,IT,CZ,BASIC,OILSE,0.06,52797.756,4,4,52797.753,0.0,0.0,0.0,0.003,879962.6
1780972,IT,TW,BUSIN,REFIN,0.54,52793.79,4,4,52793.786,0.0,0.0,0.0,0.004,97766.277778
1689260,IT,IE,WHOLE,NONF1,0.46,52790.742,4,4,52790.739,0.0,0.0,0.0,0.003,114762.482609
1720580,IT,PL,OFFIC,RENTI,0.16,52787.262,4,4,52787.258,0.0,0.0,0.0,0.004,329920.3875
1731968,IT,SI,MOTOR,INERT,0.08,52784.593,4,4,52784.589,0.0,0.0,0.0,0.004,659807.4125
1775027,IT,CH,RENTI,RAWMI,0.32,52782.056,4,4,52782.053,0.0,0.0,0.0,0.003,164943.925
1679887,IT,GR,COPP1,RADIO,0.13,52781.606,4,4,52781.603,0.0,0.0,0.0,0.003,406012.353846
1665196,IT,ES,FOOD5,FISH5,0.25,52781.387,4,4,52781.382,0.0,0.0,0.0,0.005,211125.548
1662652,IT,DK,MACHI,NUCLE,0.29,52777.923,4,4,52777.919,0.0,0.0,0.0,0.004,181992.837931
1646474,IT,BE,MACHI,NONME,0.29,52773.532,4,4,52773.528,0.0,0.0,0.0,0.004,181977.696552
1782921,IT,NO,SEACO,RECRE,0.05,52773.194,3,3,52773.194,0.0,0.0,0.0,0.0,1055463.88
1731098,IT,SI,FORES,PULP5,0.46,52771.214,4,4,52751.214,0.0,20.0,0.0,0.0,114720.030435
1682158,IT,HR,TEXTI,RENTI,0.31,52770.495,4,4,52770.488,0.0,0.0,0.0,0.007,170227.403226
1809229,IT,WM,FISHF,EDUCA,0.09,52768.924,4,4,52768.922,0.0,0.0,0.0,0.002,586321.377778
1771328,IT,CH,DAIRY,INSUR,0.21,52768.597,4,4,52768.593,0.0,0.0,0.0,0.004,251279.033333
1738476,IT,GB,COPP1,ALUM1,0.13,52765.918,4,4,52765.915,0.0,0.0,0.0,0.003,405891.676923
1788154,IT,WA,WEARI,NONF1,0.4,52765.073,4,4,52765.063,0.0,0.0,0.0,0.01,131912.6825
1800430,IT,WE,ADDIT,SALEM,0.12,52763.275,4,4,52763.271,0.0,0.0,0.0,0.004,439693.958333
1709319,IT,LT,MEAT4,MEAT4,0.29,52762.613,4,4,52762.609,0.0,0.0,0.0,0.004,181940.044828
1756769,IT,KR,AIRTR,MEDIC,0.06,52761.93,4,4,52761.928,0.0,0.0,0.0,0.002,879365.5
1743062,IT,US,MOTO1,WHEAT,0.28,52760.629,4,4,52760.626,0.0,0.0,0.0,0.003,188430.817857
1711640,IT,LU,RENTI,RENTI,0.32,52756.683,4,4,52756.68,0.0,0.0,0.0,0.003,164864.634375
1791982,IT,WA,SEACO,RETAI,0.05,52756.161,3,3,52756.161,0.0,0.0,0.0,0.0,1055123.22
1789296,IT,WA,PFERT,KEROS,0.02,52754.518,4,4,52754.51,0.0,0.0,0.0,0.008,2637725.9
1725657,IT,RO,PAPER,MEAT1,0.2,52750.319,4,4,52750.314,0.0,0.0,0.0,0.005,263751.595
1649556,IT,BG,RUBBE,ELEC3,0.17,52745.015,4,4,52745.01,0.0,0.0,0.0,0.005,310264.794118
1804478,IT,WF,GASDI,FISH5,0.08,52744.501,4,4,52744.497,0.0,0.0,0.0,0.004,659306.2625
1652247,IT,CZ,FOOD5,BIODI,0.25,52732.579,4,4,52732.574,0.0,0.0,0.0,0.005,210930.316
1712935,IT,MT,WHEAT,POULT,0.04,52730.066,3,3,52730.066,0.0,0.0,0.0,0.0,1318251.65
1645090,IT,BE,PAPER,SALEM,0.2,52727.865,4,4,52727.86,0.0,0.0,0.0,0.005,263639.325
1713166,IT,MT,FISH5,BUSIN,0.22,52727.278,4,4,52727.251,0.0,0.0,0.0,0.027,239669.445455
1767247,IT,RU,HOTEL,FOOD5,0.38,52720.334,4,4,52720.33,0.0,0.0,0.0,0.004,138737.721053
1641552,IT,AT,HEAVY,RETAI,0.09,52719.551,4,4,52719.547,0.0,0.0,0.0,0.004,585772.788889
1713472,IT,MT,CHEM1,COMPU,0.11,52714.748,4,4,52714.742,0.0,0.0,0.0,0.006,479224.981818
1773307,IT,CH,MACHI,TOBAC,0.29,52713.514,4,4,52713.51,0.0,0.0,0.0,0.004,181770.737931
1751951,IT,CN,COMPU,RESEA,0.6,52712.034,4,4,52712.031,0.0,0.0,0.0,0.003,87853.39
1759263,IT,BR,POSTT,RUBBE,0.87,52708.512,4,4,52708.508,0.0,0.0,0.0,0.004,60584.496552
1771490,IT,CH,BEVER,INSUR,0.22,52703.479,4,4,52703.476,0.0,0.0,0.0,0.003,239561.268182
1660287,IT,DE,POSTT,TRAN2,0.87,52700.204,4,4,52700.2,0.0,0.0,0.0,0.004,60574.947126
1656956,IT,DE,LIQUE,OFFIC,0.09,52700.129,4,4,52700.125,0.0,0.0,0.0,0.004,585556.988889
1652993,IT,CZ,PLAST,BITUM,0.11,52697.299,4,4,52697.294,0.0,0.0,0.0,0.005,479066.354545
1646129,IT,BE,PREC1,RUBBE,0.09,52697.104,4,4,52697.102,0.0,0.0,0.0,0.002,585523.377778
1680815,IT,GR,RAILW,CHEM1,0.35,52696.526,4,4,52696.524,0.0,0.0,0.0,0.002,150561.502857
1668145,IT,ES,SALEM,PRINT,0.43,52694.584,4,4,52694.581,0.0,0.0,0.0,0.003,122545.544186
1788697,IT,WA,MOTOR,MEAT1,0.08,52693.671,4,4,52693.667,0.0,0.0,0.0,0.004,658670.8875
1796654,IT,WL,HOTEL,RETAI,0.38,52688.997,4,4,52688.993,0.0,0.0,0.0,0.004,138655.255263
1649921,IT,BG,FABRI,HEAVY,0.21,52684.168,4,4,52684.164,0.0,0.0,0.0,0.004,250876.990476
1661892,IT,DK,PAPER,PRIVA,0.2,52682.166,4,4,52682.161,0.0,0.0,0.0,0.005,263410.83
1658841,IT,DE,MOTO1,SEACO,0.28,52679.343,4,4,52679.34,0.0,0.0,0.0,0.003,188140.510714
1683194,IT,HR,GLASS,STEAM,0.14,52673.132,4,4,52673.129,0.0,0.0,0.0,0.003,376236.657143
1753915,IT,CA,RAILW,CONST,0.35,52672.519,4,4,52672.517,0.0,0.0,0.0,0.002,150492.911429
1789585,IT,WA,RUBBE,WHEAT,0.17,52671.912,4,4,52671.907,0.0,0.0,0.0,0.005,309834.776471
1752877,IT,CA,MOTOR,PUBLI,0.08,52667.119,4,4,52667.115,0.0,0.0,0.0,0.004,658338.9875
1789298,IT,WA,PFERT,PLAST,0.02,52666.988,4,4,52666.98,0.0,0.0,0.0,0.008,2633349.4
1791888,IT,WA,TRAN2,MEATC,0.08,52666.859,3,3,52666.859,0.0,0.0,0.0,0.0,658335.7375
1765862,IT,RU,NONSP,MOTOR,0.07,52666.519,4,4,52666.516,0.0,0.0,0.0,0.003,752378.842857
1685779,IT,HU,PLAST,CEMEN,0.11,52665.393,4,4,52665.388,0.0,0.0,0.0,0.005,478776.3
1737317,IT,GB,BEVER,WEARI,0.22,52662.647,4,4,52662.644,0.0,0.0,0.0,0.003,239375.668182
1685346,IT,HU,WEARI,93197,0.4,52659.99,4,4,52659.98,0.0,0.0,0.0,0.01,131649.975
1737900,IT,GB,CHEM1,NATUR,0.11,52656.947,4,4,52656.941,0.0,0.0,0.0,0.006,478699.518182
1713239,IT,MT,PAPER,MEAT4,0.2,52656.616,4,4,52656.611,0.0,0.0,0.0,0.005,263283.08
1722113,IT,PL,BUSIN,PREC1,0.54,52655.62,4,4,52655.616,0.0,0.0,0.0,0.004,97510.407407
1719885,IT,PL,PREC1,ANIMA,0.09,52655.206,4,4,52655.204,0.0,0.0,0.0,0.002,585057.844444
1738008,IT,GB,ADDIT,LIQUE,0.12,52654.118,4,4,52654.114,0.0,0.0,0.0,0.004,438784.316667
1750773,IT,CN,TRANS,RENTI,0.31,52649.071,4,4,52649.068,0.0,0.0,0.0,0.003,169835.712903
1647802,IT,BE,AUXIL,CHEM1,0.96,52644.53,4,4,52644.527,0.0,0.0,0.0,0.003,54838.052083
1721222,IT,PL,LANDT,LEATH,0.34,52643.009,4,4,52643.007,0.0,0.0,0.0,0.002,154832.379412
1789752,IT,WA,GLASS,LIQUE,0.14,52642.855,4,4,52642.852,0.0,0.0,0.0,0.003,376020.392857
1685714,IT,HU,PARAF,CHEM1,0.08,52641.637,4,4,52641.633,0.0,0.0,0.0,0.004,658020.4625
1728000,IT,SE,SANDC,CHEM1,0.12,52638.197,5,5,52626.195,0.0,0.0,12.0,0.002,438651.641667
1798832,IT,WE,FOOD5,LANDT,0.25,52637.369,4,4,52637.364,0.0,0.0,0.0,0.005,210549.476
1776761,IT,TR,LIQUE,SALEM,0.09,52635.124,4,4,52635.12,0.0,0.0,0.0,0.004,584834.711111
1656827,IT,DE,GASDI,SUPPO,0.08,52634.613,4,4,52634.609,0.0,0.0,0.0,0.004,657932.6625
1658130,IT,DE,ALUM1,LIQUI,0.09,52630.393,4,4,52630.389,0.0,0.0,0.0,0.004,584782.144444
1732526,IT,SI,RUBBE,NONME,0.17,52627.8,4,4,52627.795,0.0,0.0,0.0,0.005,309575.294118
1811834,IT,WM,RUBBE,FORES,0.17,52622.836,4,4,52622.831,0.0,0.0,0.0,0.005,309546.094118
1765141,IT,MX,BUSIN,BEVER,0.54,52619.44,4,4,52619.436,0.0,0.0,0.0,0.004,97443.407407
1686967,IT,HU,MACHI,RETAI,0.29,52617.78,4,4,52617.776,0.0,0.0,0.0,0.004,181440.62069
1711998,IT,LV,SUGAR,LEATH,0.08,52614.738,4,4,52614.733,0.0,0.0,0.0,0.005,657684.225
1806665,IT,WF,WHOLE,CEREA,0.45,52614.637,4,4,52614.634,0.0,0.0,0.0,0.003,116921.415556
1710833,IT,LU,PAPER,HOTEL,0.2,52609.563,4,4,52609.558,0.0,0.0,0.0,0.005,263047.815
1664939,IT,ES,STONE,FABRI,0.17,52608.947,5,5,52605.945,0.0,0.0,3.0,0.002,309464.394118
1753429,IT,CA,FABRI,FOOD5,0.21,52607.748,4,4,52607.744,0.0,0.0,0.0,0.004,250513.085714
1711629,IT,LU,REALE,FINAN,2.22,52604.974,4,4,52604.971,0.0,0.0,0.0,0.003,23695.934234
1674586,IT,FR,RUBBE,COLLE,0.17,52600.929,4,4,52600.924,0.0,0.0,0.0,0.005,309417.229412
1644402,IT,BE,MEATP,FISH5,0.21,52599.623,4,4,52599.617,0.0,0.0,0.0,0.006,250474.395238
1665625,IT,ES,WOODW,BIODI,0.15,52599.532,4,4,52599.528,0.0,0.0,0.0,0.004,350663.546667
1774298,IT,CH,HOTEL,VEGE1,0.38,52595.235,4,4,52595.231,0.0,0.0,0.0,0.004,138408.513158
1807491,IT,WF,RENTI,VEGET,0.31,52595.217,4,4,52595.214,0.0,0.0,0.0,0.003,169661.990323
1791584,IT,WA,RETA1,RESEA,0.55,52593.554,4,4,52593.551,0.0,0.0,0.0,0.003,95624.643636
1740392,IT,GB,HEALT,MACHI,0.27,52587.663,4,4,52587.661,0.0,0.0,0.0,0.002,194769.122222
1729307,IT,SE,NONME,NONME,0.11,52586.371,4,4,52586.365,0.0,0.0,0.0,0.006,478057.918182
1790569,IT,WA,NONF1,MACHI,0.01,52586.175,3,3,52586.175,0.0,0.0,0.0,0.0,5258617.5
1653483,IT,CZ,BASIC,FISHF,0.06,52585.444,4,4,52585.441,0.0,0.0,0.0,0.003,876424.066667
1762219,IT,IN,SEACO,SALEM,0.05,52584.33,3,3,52584.33,0.0,0.0,0.0,0.0,1051686.6
1655866,IT,DE,DAIRY,MEATP,0.21,52584.136,4,4,52584.132,0.0,0.0,0.0,0.004,250400.647619
1744058,IT,US,AIRTR,PAPE3,0.06,52580.53,4,4,52580.528,0.0,0.0,0.0,0.002,876342.166667
1660943,IT,DE,BUSIN,NAPHT,0.54,52579.559,4,4,52579.555,0.0,0.0,0.0,0.004,97369.553704
1768072,IT,RU,BUSIN,ELECT,0.54,52578.178,4,4,52578.174,0.0,0.0,0.0,0.004,97366.996296
1783825,IT,NO,INERT,INTER,0.39,52576.997,4,4,52576.994,0.0,0.0,0.0,0.003,134812.812821
1798841,IT,WE,FOOD5,AUXIL,0.25,52557.324,4,4,52557.319,0.0,0.0,0.0,0.005,210229.296
1783934,IT,ID,STONE,PFERT,0.17,52553.861,5,5,52550.859,0.0,0.0,3.0,0.002,309140.358824
1718209,IT,PL,PROCE,CROPS,0.36,52553.385,4,4,52553.382,0.0,0.0,0.0,0.003,145981.625
1719555,IT,PL,GLASS,RAILW,0.14,52549.65,4,4,52549.647,0.0,0.0,0.0,0.003,375354.642857
1672874,IT,FR,VEGE1,BIOGA,0.16,52545.51,4,4,52545.499,0.0,0.0,0.0,0.011,328409.4375
1766203,IT,RU,GLASS,WOODW,0.14,52539.576,4,4,52539.573,0.0,0.0,0.0,0.003,375282.685714
1773707,IT,CH,FURNI,INLAN,0.17,52536.228,4,4,52536.223,0.0,0.0,0.0,0.005,309036.635294
1779766,IT,TR,BUSIN,FURNI,0.54,52533.805,4,4,52533.801,0.0,0.0,0.0,0.004,97284.824074
1804010,IT,WF,WOODW,MEATA,0.15,52533.427,4,4,52533.423,0.0,0.0,0.0,0.004,350222.846667
1714609,IT,NL,CHEMI,CHEM1,0.13,52532.664,5,5,52529.659,0.0,0.0,3.0,0.005,404097.415385
1752510,IT,CA,FOOD5,WOODW,0.25,52532.016,4,4,52532.011,0.0,0.0,0.0,0.005,210128.064
1725693,IT,RO,PAPER,ELEC4,0.2,52531.89,4,4,52531.885,0.0,0.0,0.0,0.005,262659.45
1735107,IT,SK,CHEM1,HOTEL,0.11,52525.14,4,4,52525.134,0.0,0.0,0.0,0.006,477501.272727
1748413,IT,CN,FORES,FORES,0.46,52523.01,4,4,52503.01,0.0,20.0,0.0,0.0,114180.456522
1667407,IT,ES,COPP1,ELEC2,0.13,52522.476,4,4,52522.473,0.0,0.0,0.0,0.003,404019.046154
1726973,IT,RO,HOTEL,NONF1,0.38,52519.796,4,4,52519.792,0.0,0.0,0.0,0.004,138209.989474
1725197,IT,RO,DAIRY,HOTEL,0.21,52514.03,4,4,52514.026,0.0,0.0,0.0,0.004,250066.809524
1757099,IT,KR,BUSIN,93197,0.54,52513.974,4,4,52513.97,0.0,0.0,0.0,0.004,97248.1
1723800,IT,PT,OFFIC,POSTT,0.16,52513.247,4,4,52513.243,0.0,0.0,0.0,0.004,328207.79375
1807911,IT,WF,PLAS1,FISHF,0.19,52511.724,4,4,52511.72,0.0,0.0,0.0,0.004,276377.494737
1767485,IT,RU,SEACO,GASDI,0.05,52509.439,3,3,52509.439,0.0,0.0,0.0,0.0,1050188.78
1799774,IT,WE,KEROS,BUSIN,0.08,52507.272,4,4,52507.268,0.0,0.0,0.0,0.004,656340.9
1733403,IT,SI,ELEC2,TRAN1,0.01,52505.921,4,4,52505.916,0.0,0.0,0.0,0.005,5250592.1
1667452,IT,ES,NONF1,ELEC5,0.01,52503.111,3,3,52503.111,0.0,0.0,0.0,0.0,5250311.1
1801190,IT,WE,FABRI,HEAVY,0.21,52502.469,4,4,52502.465,0.0,0.0,0.0,0.004,250011.757143
1718486,IT,PL,TEXTI,NONME,0.31,52501.831,4,4,52501.824,0.0,0.0,0.0,0.007,169360.745161
1682400,IT,HR,PAPER,MEAT4,0.2,52501.268,4,4,52501.263,0.0,0.0,0.0,0.005,262506.34
1751200,IT,CN,HOTEL,PLAST,0.38,52500.974,4,4,52500.97,0.0,0.0,0.0,0.004,138160.457895
1733777,IT,SI,LANDT,TRANS,0.34,52500.251,4,4,52500.249,0.0,0.0,0.0,0.002,154412.502941
1646008,IT,BE,NONME,BIODI,0.11,52499.072,4,4,52499.066,0.0,0.0,0.0,0.006,477264.290909
1732009,IT,SI,KEROS,NFERT,0.08,52497.018,4,4,52497.014,0.0,0.0,0.0,0.004,656212.725
1811751,IT,WM,ADDIT,LUBRI,0.12,52494.872,4,4,52494.868,0.0,0.0,0.0,0.004,437457.266667
1737183,IT,GB,DAIRY,FISH5,0.21,52493.251,4,4,52493.247,0.0,0.0,0.0,0.004,249967.861905
1662383,IT,DK,BASIC,POSTT,0.06,52491.795,4,4,52491.792,0.0,0.0,0.0,0.003,874863.25
1667385,IT,ES,COPP1,BIODI,0.13,52491.422,4,4,52491.419,0.0,0.0,0.0,0.003,403780.169231
1769325,IT,AU,GLASS,BEVER,0.14,52488.34,4,4,52488.337,0.0,0.0,0.0,0.003,374916.714286
1795955,IT,WL,MOTO1,MOTOR,0.28,52487.886,4,4,52487.883,0.0,0.0,0.0,0.003,187456.735714
1725245,IT,RO,FOOD5,FURNI,0.25,52487.758,4,4,52487.753,0.0,0.0,0.0,0.005,209951.032
1795887,IT,WL,OFFIC,ELEC4,0.16,52487.514,4,4,52487.51,0.0,0.0,0.0,0.004,328046.9625
1715715,IT,NL,PLAST,BIODI,0.11,52486.83,4,4,52486.825,0.0,0.0,0.0,0.005,477153.0
1811023,IT,WM,HEAVY,CEREA,0.08,52485.523,4,4,52485.519,0.0,0.0,0.0,0.004,656069.0375
1740614,IT,US,FISHF,HOTEL,0.09,52484.932,4,4,52484.93,0.0,0.0,0.0,0.002,583165.911111
1783874,IT,NO,WOOD2,ALUM1,0.28,52483.253,4,4,52483.25,0.0,0.0,0.0,0.003,187440.189286
1720857,IT,PL,FURNI,RESEA,0.17,52478.147,4,4,52478.142,0.0,0.0,0.0,0.005,308694.982353
1733779,IT,SI,LANDT,SECO9,0.34,52476.42,4,4,52476.418,0.0,0.0,0.0,0.002,154342.411765
1770169,IT,AU,RETA1,CONST,0.55,52474.403,4,4,52474.4,0.0,0.0,0.0,0.003,95408.005455
1716865,IT,NL,HOTEL,NONF1,0.38,52472.056,4,4,52472.052,0.0,0.0,0.0,0.004,138084.357895
1773949,IT,CH,SALEM,OFFIC,0.42,52471.734,4,4,52471.731,0.0,0.0,0.0,0.003,124932.7
1796835,IT,WL,SEACO,DAIRY,0.05,52470.703,3,3,52470.703,0.0,0.0,0.0,0.0,1049414.06
1803347,IT,WF,SANDC,SUGA1,0.12,52467.211,5,5,52455.209,0.0,0.0,12.0,0.002,437226.758333
1645847,IT,BE,GLASS,WOODW,0.14,52465.754,4,4,52465.751,0.0,0.0,0.0,0.003,374755.385714
1793715,IT,WL,FOOD5,SUPPO,0.25,52465.586,4,4,52465.581,0.0,0.0,0.0,0.005,209862.344
1713746,IT,MT,OFFIC,RADIO,0.16,52462.812,4,4,52462.808,0.0,0.0,0.0,0.004,327892.575
1670879,IT,FI,PLAST,COPP1,0.11,52462.746,4,4,52462.741,0.0,0.0,0.0,0.005,476934.054545
1774947,IT,CH,INSUR,BUSIN,1.08,52462.172,4,4,52462.17,0.0,0.0,0.0,0.002,48576.085185
1715813,IT,NL,RUBBE,WEARI,0.17,52461.009,4,4,52461.004,0.0,0.0,0.0,0.005,308594.170588
1681665,IT,HR,VEGET,OFFIC,0.19,52458.432,4,4,52458.43,0.0,0.0,0.0,0.002,276097.010526
1755030,IT,KR,WEARI,CERAM,0.4,52458.187,4,4,52458.177,0.0,0.0,0.0,0.01,131145.4675
1809630,IT,WM,DAIRY,MOTOR,0.21,52456.681,4,4,52456.677,0.0,0.0,0.0,0.004,249793.719048
1682975,IT,HR,CHEM1,WHEAT,0.11,52452.026,4,4,52452.02,0.0,0.0,0.0,0.006,476836.6
1686986,IT,HU,MACHI,HEALT,0.29,52451.267,4,4,52451.263,0.0,0.0,0.0,0.004,180866.437931
1656874,IT,DE,HEAVY,CERAM,0.08,52450.14,4,4,52450.136,0.0,0.0,0.0,0.004,655626.75
1779978,IT,TW,SALEM,FOOD5,0.42,52448.976,4,4,52448.973,0.0,0.0,0.0,0.003,124878.514286
1737957,IT,GB,CHEM1,FOUND,0.11,52448.643,4,4,52448.637,0.0,0.0,0.0,0.006,476805.845455
1734983,IT,SK,PARAF,PLAST,0.08,52444.399,4,4,52444.395,0.0,0.0,0.0,0.004,655554.9875
1741774,IT,US,NONSP,COLLE,0.07,52443.351,4,4,52443.348,0.0,0.0,0.0,0.003,749190.728571
1735165,IT,SK,RUBBE,FISH5,0.17,52428.476,4,4,52428.471,0.0,0.0,0.0,0.005,308402.8
1647275,IT,BE,LANDT,TRAN2,0.34,52425.292,4,4,52425.29,0.0,0.0,0.0,0.002,154192.035294
1661738,IT,DK,LEATH,DAIRY,0.38,52423.785,4,4,52423.776,0.0,0.0,0.0,0.009,137957.328947
1768600,IT,AU,BEVER,AIRTR,0.22,52422.127,4,4,52422.124,0.0,0.0,0.0,0.003,238282.395455
1670583,IT,FI,TEXTI,PUBLI,0.31,52420.921,4,4,52420.914,0.0,0.0,0.0,0.007,169099.745161
1719501,IT,PL,GLASS,SUGA1,0.14,52419.134,4,4,52419.131,0.0,0.0,0.0,0.003,374422.385714
1682645,IT,HR,KEROS,ELEC2,0.08,52409.203,4,4,52409.199,0.0,0.0,0.0,0.004,655115.0375
1738580,IT,GB,FABRI,LEAD1,0.21,52406.903,4,4,52406.899,0.0,0.0,0.0,0.004,249556.680952
1663051,IT,DK,HOTEL,AUXIL,0.38,52399.518,4,4,52399.514,0.0,0.0,0.0,0.004,137893.468421
1753165,IT,CA,GLASS,CHEMI,0.14,52399.077,4,4,52399.074,0.0,0.0,0.0,0.003,374279.121429
1729144,IT,SE,GLASS,RUBBE,0.14,52398.175,4,4,52398.172,0.0,0.0,0.0,0.003,374272.678571
1673372,IT,FR,TEXTI,FOOD4,0.31,52395.856,4,4,52395.849,0.0,0.0,0.0,0.007,169018.890323
1775692,IT,TR,CROPS,KEROS,0.41,52393.101,4,4,52393.098,0.0,0.0,0.0,0.003,127788.05122
1763987,IT,MX,ALUM1,CHEM1,0.09,52389.757,4,4,52389.753,0.0,0.0,0.0,0.004,582108.411111
1728998,IT,SE,BIOGA,AUXIL,0.11,52386.135,4,4,52386.13,0.0,0.0,0.0,0.005,476237.590909
1664573,IT,EE,HOTEL,MACHI,0.38,52382.737,4,4,52382.733,0.0,0.0,0.0,0.004,137849.307895
1673911,IT,FR,MOTOR,MOTOR,0.08,52379.928,4,4,52379.924,0.0,0.0,0.0,0.004,654749.1
1742765,IT,US,FABRI,PREC1,0.21,52379.766,4,4,52379.762,0.0,0.0,0.0,0.004,249427.457143
1681520,IT,GR,BUSIN,KEROS,0.54,52375.038,4,4,52375.034,0.0,0.0,0.0,0.004,96990.811111
1778764,IT,TR,LANDT,MEAT4,0.34,52374.97,4,4,52374.968,0.0,0.0,0.0,0.002,154044.029412
1750725,IT,CN,MOTO1,HEALT,0.28,52373.42,4,4,52373.417,0.0,0.0,0.0,0.003,187047.928571
1805106,IT,WF,NFERT,FOOD5,0.01,52373.414,4,4,52373.41,0.0,0.0,0.0,0.004,5237341.4
1805819,IT,WF,PREC1,POSTT,0.09,52373.159,4,4,52373.157,0.0,0.0,0.0,0.002,581923.988889
1660764,IT,DE,RENTI,93197,0.31,52371.451,4,4,52371.448,0.0,0.0,0.0,0.003,168940.164516
1715053,IT,NL,TEXTI,POSTT,0.31,52366.629,4,4,52366.622,0.0,0.0,0.0,0.007,168924.609677
1782054,IT,NO,GLASS,NATUR,0.14,52365.528,4,4,52365.525,0.0,0.0,0.0,0.003,374039.485714
1715498,IT,NL,KERO1,PLAST,0.08,52363.467,4,4,52363.463,0.0,0.0,0.0,0.004,654543.3375
1674294,IT,FR,PLAST,FABRI,0.11,52360.799,4,4,52360.794,0.0,0.0,0.0,0.005,476007.263636
1667859,IT,ES,OFFIC,PAPE4,0.16,52349.922,4,4,52349.918,0.0,0.0,0.0,0.004,327187.0125
1657680,IT,DE,CERAM,POSTT,0.08,52348.798,4,4,52348.795,0.0,0.0,0.0,0.003,654359.975
1687062,IT,HU,MOTO1,CERAM,0.28,52348.391,4,4,52348.388,0.0,0.0,0.0,0.003,186958.539286
1782461,IT,NO,MACHI,MOTO1,0.29,52344.664,4,4,52344.66,0.0,0.0,0.0,0.004,180498.841379
1789011,IT,WA,NAPHT,PRECI,0.09,52344.054,4,4,52344.05,0.0,0.0,0.0,0.004,581600.6
1729382,IT,SE,BASIC,NONME,0.06,52343.766,4,4,52343.763,0.0,0.0,0.0,0.003,872396.1
1768938,IT,AU,PAPER,DAIRY,0.2,52343.44,4,4,52343.435,0.0,0.0,0.0,0.005,261717.2
1682638,IT,HR,KEROS,RADIO,0.08,52343.085,4,4,52343.081,0.0,0.0,0.0,0.004,654288.5625
1736061,IT,SK,FURNI,SALEM,0.17,52342.117,4,4,52342.112,0.0,0.0,0.0,0.005,307894.805882
1709577,IT,LT,PAPER,MEATC,0.2,52341.783,4,4,52341.778,0.0,0.0,0.0,0.005,261708.915
1809232,IT,WM,CRUDE,NATUR,0.1,52341.558,4,4,52341.553,0.0,0.0,0.0,0.005,523415.58
1788263,IT,WA,LEATH,KERO1,0.37,52340.978,4,4,52340.969,0.0,0.0,0.0,0.009,141462.102703
1778794,IT,TR,LANDT,ALUM1,0.34,52339.999,4,4,52339.997,0.0,0.0,0.0,0.002,153941.173529
1739643,IT,GB,AIRTR,CHEM1,0.06,52339.505,4,4,52339.503,0.0,0.0,0.0,0.002,872325.083333
1783986,IT,ID,FOOD5,MEATA,0.25,52339.035,4,4,52339.03,0.0,0.0,0.0,0.005,209356.14
1769948,IT,AU,MOTO1,HEALT,0.28,52337.788,4,4,52337.785,0.0,0.0,0.0,0.003,186920.671429
1748643,IT,CN,DAIRY,FURNI,0.21,52336.902,4,4,52336.898,0.0,0.0,0.0,0.004,249223.342857
1749867,IT,CN,RUBBE,DISTR,0.17,52335.624,4,4,52335.619,0.0,0.0,0.0,0.005,307856.611765
1774682,IT,CH,AIRTR,EDUCA,0.06,52335.399,4,4,52335.397,0.0,0.0,0.0,0.002,872256.65
1777038,IT,TR,CHEM1,LUBRI,0.11,52335.35,4,4,52335.344,0.0,0.0,0.0,0.006,475775.909091
1777788,IT,TR,FABRI,BEVER,0.21,52334.464,4,4,52334.46,0.0,0.0,0.0,0.004,249211.733333
1785106,IT,ZA,MEAT4,COLLE,0.29,52333.594,4,4,52333.59,0.0,0.0,0.0,0.004,180460.668966
1741433,IT,US,MOTOR,HEAVY,0.08,52333.428,4,4,52333.424,0.0,0.0,0.0,0.004,654167.85
1717884,IT,PL,VEGET,HEALT,0.19,52325.576,4,4,52325.574,0.0,0.0,0.0,0.002,275397.768421
1678526,IT,GR,CEREA,BEVER,0.09,52325.248,4,4,52325.245,0.0,0.0,0.0,0.003,581391.644444
1773775,IT,CH,ELEC2,FURNI,0.01,52324.943,4,4,52324.938,0.0,0.0,0.0,0.005,5232494.3
1665434,IT,ES,TEXTI,COMPU,0.31,52323.333,4,4,52323.326,0.0,0.0,0.0,0.007,168784.945161
1647097,IT,BE,HOTEL,CEMEN,0.38,52321.675,4,4,52321.671,0.0,0.0,0.0,0.004,137688.618421
1780822,IT,TW,COMPU,CEMEN,0.6,52320.514,4,4,52320.511,0.0,0.0,0.0,0.003,87200.856667
1777115,IT,TR,CHEM1,MEMBE,0.11,52320.263,4,4,52320.257,0.0,0.0,0.0,0.006,475638.754545
1674194,IT,FR,LIQUE,RUBBE,0.09,52320.194,4,4,52320.19,0.0,0.0,0.0,0.004,581335.488889
1788982,IT,WA,HEAVY,SALEM,0.08,52319.317,4,4,52319.313,0.0,0.0,0.0,0.004,653991.4625
1801152,IT,WE,FABRI,BKBPE,0.21,52317.498,4,4,52317.494,0.0,0.0,0.0,0.004,249130.942857
1738550,IT,GB,FABRI,DAIRY,0.21,52315.169,4,4,52315.165,0.0,0.0,0.0,0.004,249119.852381
1773164,IT,CH,NONF1,ELEC4,0.01,52313.027,3,3,52313.027,0.0,0.0,0.0,0.0,5231302.7
1767524,IT,RU,AIRTR,FISH5,0.06,52306.783,4,4,52306.781,0.0,0.0,0.0,0.002,871779.716667
1671588,IT,FI,MOTO1,RESEA,0.28,52306.598,4,4,52306.595,0.0,0.0,0.0,0.003,186809.278571
1685454,IT,HU,WOODW,FURNI,0.15,52301.747,4,4,52301.743,0.0,0.0,0.0,0.004,348678.313333
1788574,IT,WA,PAPER,MOTO1,0.2,52301.147,4,4,52301.142,0.0,0.0,0.0,0.005,261505.735
1778271,IT,TR,SALEM,HYDRO,0.42,52301.019,4,4,52301.016,0.0,0.0,0.0,0.003,124526.235714
1667701,IT,ES,MACHI,TRAN2,0.29,52299.258,4,4,52299.254,0.0,0.0,0.0,0.004,180342.268966
1722793,IT,PT,PAPER,MACHI,0.2,52296.915,4,4,52296.91,0.0,0.0,0.0,0.005,261484.575
1672046,IT,FI,AIRTR,RETA1,0.06,52293.376,4,4,52293.374,0.0,0.0,0.0,0.002,871556.266667
1752343,IT,CA,MEAT4,BEVER,0.29,52292.465,4,4,52292.461,0.0,0.0,0.0,0.004,180318.844828
1729600,IT,SE,NONF1,RENTI,0.01,52288.874,3,3,52288.874,0.0,0.0,0.0,0.0,5228887.4
1742572,IT,US,PREC1,RENTI,0.09,52288.367,4,4,52288.365,0.0,0.0,0.0,0.002,580981.855556
1733159,IT,SI,FABRI,COMPU,0.21,52286.809,4,4,52286.805,0.0,0.0,0.0,0.004,248984.804762
1803050,IT,WF,CEREA,WEARI,0.09,52284.027,4,4,52284.024,0.0,0.0,0.0,0.003,580933.633333
1665763,IT,ES,PAPER,ELEC8,0.2,52281.827,4,4,52281.822,0.0,0.0,0.0,0.005,261409.135
1672656,IT,FR,CRUDE,CEMEN,0.1,52280.562,4,4,52280.558,0.0,0.0,0.0,0.004,522805.62
1715726,IT,NL,PLAST,FURNI,0.11,52275.91,4,4,52275.905,0.0,0.0,0.0,0.005,475235.545455
1709900,IT,LT,CEMEN,SUPPO,0.08,52275.245,4,4,52275.243,0.0,0.0,0.0,0.002,653440.5625
1680904,IT,GR,LANDT,DIST1,0.34,52269.972,4,4,52269.97,0.0,0.0,0.0,0.002,153735.211765
1647405,IT,BE,AIRTR,GASDI,0.06,52269.965,4,4,52269.963,0.0,0.0,0.0,0.002,871166.083333
1642922,IT,AT,TRANS,COMPU,0.31,52264.188,4,4,52264.185,0.0,0.0,0.0,0.003,168594.154839
1667589,IT,ES,MACHI,WHEAT,0.29,52263.012,4,4,52263.008,0.0,0.0,0.0,0.004,180217.282759
1666934,IT,ES,CERAM,WOODW,0.08,52255.936,4,4,52255.933,0.0,0.0,0.0,0.003,653199.2
1793681,IT,WL,FOOD5,FISHF,0.25,52254.172,4,4,52254.167,0.0,0.0,0.0,0.005,209016.688
1674288,IT,FR,PLAST,PAPER,0.11,52251.353,4,4,52251.348,0.0,0.0,0.0,0.005,475012.3
1726729,IT,RO,FURNI,DISTR,0.17,52250.712,4,4,52250.708,0.0,0.0,0.0,0.004,307357.129412
1810012,IT,WM,TEXTI,NATU1,0.31,52249.339,4,4,52249.332,0.0,0.0,0.0,0.007,168546.254839
1794406,IT,WL,KEROS,COMPU,0.08,52247.59,4,4,52247.586,0.0,0.0,0.0,0.004,653094.875
1812765,IT,WM,NONF1,RENTI,0.01,52245.398,3,3,52245.398,0.0,0.0,0.0,0.0,5224539.8
1795864,IT,WL,OFFIC,PRINT,0.16,52244.273,4,4,52244.269,0.0,0.0,0.0,0.004,326526.70625
1774731,IT,CH,SUPPO,TRAN1,0.38,52244.044,4,4,52244.041,0.0,0.0,0.0,0.003,137484.326316
1656787,IT,DE,GASDI,PIGS9,0.08,52243.308,4,4,52243.304,0.0,0.0,0.0,0.004,653041.35
1810376,IT,WM,WOODW,FINAN,0.15,52243.082,4,4,52243.078,0.0,0.0,0.0,0.004,348287.213333
1647924,IT,BE,REALE,SUPPO,2.21,52241.97,4,4,52241.967,0.0,0.0,0.0,0.003,23638.900452
1808945,IT,WM,CEREA,RETA1,0.09,52240.985,4,4,52240.982,0.0,0.0,0.0,0.003,580455.388889
1665688,IT,ES,PULP5,AUXIL,0.16,52240.897,4,4,52240.892,0.0,0.0,0.0,0.005,326505.60625
1646049,IT,BE,BASIC,SANDC,0.06,52237.908,4,4,52237.905,0.0,0.0,0.0,0.003,870631.8
1671630,IT,FI,FURNI,POSTT,0.17,52235.031,4,4,52235.027,0.0,0.0,0.0,0.004,307264.888235
1792065,IT,WA,AIRTR,CHARC,0.06,52234.779,4,4,52234.777,0.0,0.0,0.0,0.002,870579.65
1790905,IT,WA,OFFIC,PFERT,0.16,52234.297,4,4,52234.293,0.0,0.0,0.0,0.004,326464.35625
1645886,IT,BE,GLASS,SUPPO,0.14,52231.811,4,4,52231.808,0.0,0.0,0.0,0.003,373084.364286
1677380,IT,FR,INSUR,KEROS,1.08,52231.157,4,4,52231.155,0.0,0.0,0.0,0.002,48362.182407
1668296,IT,ES,WHOLE,ALUM1,0.45,52231.145,4,4,52231.142,0.0,0.0,0.0,0.003,116069.211111
1792526,IT,WA,REALE,HOTEL,2.21,52230.106,4,4,52230.103,0.0,0.0,0.0,0.003,23633.532127
1790867,IT,WA,MACHI,WASTE,0.29,52225.658,4,4,52225.654,0.0,0.0,0.0,0.004,180088.475862
1689679,IT,IE,POSTT,RETA1,0.86,52225.361,4,4,52225.357,0.0,0.0,0.0,0.004,60727.163953
1752750,IT,CA,WOODW,PRECI,0.15,52225.158,4,4,52225.154,0.0,0.0,0.0,0.004,348167.72
1658504,IT,DE,FABRI,FOOD1,0.21,52215.534,4,4,52215.53,0.0,0.0,0.0,0.004,248645.4
1641865,IT,AT,BIODI,OILSE,0.11,52211.949,4,4,52211.943,0.0,0.0,0.0,0.006,474654.081818
1809211,IT,WM,ANIMA,REALE,0.21,52211.043,4,4,52211.04,0.0,0.0,0.0,0.003,248624.014286
1794606,IT,WL,HEAVY,LANDT,0.08,52210.125,4,4,52210.121,0.0,0.0,0.0,0.004,652626.5625
1796312,IT,WL,SALEM,CHEM1,0.42,52209.993,4,4,52209.99,0.0,0.0,0.0,0.003,124309.507143
1649387,IT,BG,CHEM1,LEADZ,0.11,52207.714,4,4,52207.708,0.0,0.0,0.0,0.006,474615.581818
1754372,IT,CA,INSUR,HEALT,1.08,52206.006,4,4,52206.004,0.0,0.0,0.0,0.002,48338.894444
1658873,IT,DE,TRANS,OFFIC,0.31,52205.877,4,4,52205.874,0.0,0.0,0.0,0.003,168406.054839
1720155,IT,PL,COPP1,KEROS,0.13,52204.683,4,4,52204.68,0.0,0.0,0.0,0.003,401574.484615
1765703,IT,RU,PAPER,DIST1,0.2,52199.815,4,4,52199.81,0.0,0.0,0.0,0.005,260999.075
1723254,IT,PT,GLASS,TEXTI,0.14,52199.287,4,4,52199.284,0.0,0.0,0.0,0.003,372852.05
1736455,IT,SK,LANDT,COMPU,0.34,52197.347,4,4,52197.345,0.0,0.0,0.0,0.002,153521.608824
1676062,IT,FR,ELEC7,PLAST,0.04,52194.079,3,3,52194.079,0.0,0.0,0.0,0.0,1304851.975
1752087,IT,CN,BUSIN,GASDI,0.54,52191.677,4,4,52191.673,0.0,0.0,0.0,0.004,96651.253704
1749152,IT,CN,WOODW,93197,0.15,52187.989,4,4,52187.985,0.0,0.0,0.0,0.004,347919.926667
1727645,IT,RO,RENTI,RUBBE,0.31,52186.611,4,4,52186.608,0.0,0.0,0.0,0.003,168343.906452
1806488,IT,WF,TRANS,DISTR,0.31,52183.568,4,4,52183.565,0.0,0.0,0.0,0.003,168334.090323
1810933,IT,WM,GASDI,MEAT4,0.08,52180.179,4,4,52180.175,0.0,0.0,0.0,0.004,652252.2375
1717580,IT,NL,COMPU,WHOLE,0.6,52177.131,4,4,52177.128,0.0,0.0,0.0,0.003,86961.885
1675694,IT,FR,TRANS,FOODW,0.31,52177.092,4,4,52177.089,0.0,0.0,0.0,0.003,168313.2
1807588,IT,WF,COMPU,FINAN,0.6,52176.452,4,4,52176.449,0.0,0.0,0.0,0.003,86960.753333
1670880,IT,FI,PLAST,NONF1,0.11,52170.617,4,4,52170.612,0.0,0.0,0.0,0.005,474278.336364
1772792,IT,CH,NONME,TRANS,0.11,52169.974,4,4,52169.968,0.0,0.0,0.0,0.006,474272.490909
1645642,IT,BE,CHEM1,BLAST,0.11,52167.812,4,4,52167.806,0.0,0.0,0.0,0.006,474252.836364
1778435,IT,TR,WHOLE,CEMEN,0.45,52164.155,4,4,52164.152,0.0,0.0,0.0,0.003,115920.344444
1729279,IT,SE,CEMEN,BUSIN,0.08,52161.108,4,4,52161.106,0.0,0.0,0.0,0.002,652013.85
1722016,IT,PL,COMPU,PUBLI,0.6,52158.463,4,4,52158.46,0.0,0.0,0.0,0.003,86930.771667
1807954,IT,WF,PLAS1,BASIC,0.19,52157.293,4,4,52157.289,0.0,0.0,0.0,0.004,274512.068421
1737765,IT,GB,HEAVY,SUPPO,0.08,52153.447,4,4,52153.443,0.0,0.0,0.0,0.004,651918.0875
1812503,IT,WM,ALUM1,IRONO,0.09,52150.734,4,4,52150.73,0.0,0.0,0.0,0.004,579452.6
1732102,IT,SI,KERO1,EDUCA,0.07,52149.901,4,4,52149.897,0.0,0.0,0.0,0.004,744998.585714
1764427,IT,MX,TRANS,PUBLI,0.31,52149.144,4,4,52149.141,0.0,0.0,0.0,0.003,168223.045161
1783735,IT,NO,FOOD4,OILHA,0.38,52145.863,4,4,52145.86,0.0,0.0,0.0,0.003,137225.955263
1778314,IT,TR,SALEM,WHOLE,0.42,52142.3,4,4,52142.297,0.0,0.0,0.0,0.003,124148.333333
1679566,IT,GR,RUBBE,CHEM1,0.17,52140.953,4,4,52140.948,0.0,0.0,0.0,0.005,306711.488235
1677179,IT,FR,POSTT,MACHI,0.86,52139.849,4,4,52139.845,0.0,0.0,0.0,0.004,60627.731395
1765571,IT,RU,LEATH,RETA1,0.37,52139.4,4,4,52139.391,0.0,0.0,0.0,0.009,140917.297297
1722953,IT,PT,HEAVY,MOTOR,0.08,52135.44,4,4,52135.436,0.0,0.0,0.0,0.004,651693.0
1649061,IT,BG,PAPER,FORES,0.2,52131.844,4,4,52131.839,0.0,0.0,0.0,0.005,260659.22
1646878,IT,BE,WHOLE,BEVER,0.45,52131.655,4,4,52131.652,0.0,0.0,0.0,0.003,115848.122222
1754114,IT,CA,AIRTR,ELEC4,0.06,52131.074,4,4,52131.072,0.0,0.0,0.0,0.002,868851.233333
1644675,IT,BE,BEVER,PAPER,0.22,52127.494,4,4,52127.491,0.0,0.0,0.0,0.003,236943.154545
1658224,IT,DE,LEAD1,DISTR,0.09,52121.247,4,4,52121.243,0.0,0.0,0.0,0.004,579124.966667
1649852,IT,BG,ALUM1,RESEA,0.09,52118.815,4,4,52118.811,0.0,0.0,0.0,0.004,579097.944444
1673222,IT,FR,FISH5,RAWMI,0.22,52118.731,4,4,52118.704,0.0,0.0,0.0,0.027,236903.322727
1733791,IT,SI,LANDT,SALEM,0.34,52116.497,4,4,52116.495,0.0,0.0,0.0,0.002,153283.814706
1781747,IT,NO,PAPER,HOTEL,0.2,52115.144,4,4,52115.139,0.0,0.0,0.0,0.005,260575.72
1715536,IT,NL,GASDI,RETA1,0.08,52114.902,4,4,52114.898,0.0,0.0,0.0,0.004,651436.275
1677437,IT,FR,INSUR,RENTI,1.07,52113.651,4,4,52113.649,0.0,0.0,0.0,0.002,48704.346729
1799148,IT,WE,WEARI,NONME,0.39,52113.447,4,4,52113.437,0.0,0.0,0.0,0.01,133624.223077
1799124,IT,WE,WEARI,WOODW,0.39,52112.194,4,4,52112.184,0.0,0.0,0.0,0.01,133621.010256
1739683,IT,GB,SUPPO,FISH5,0.37,52109.739,4,4,52109.736,0.0,0.0,0.0,0.003,140837.132432
1653614,IT,CZ,PREC1,BUSIN,0.09,52105.844,4,4,52105.842,0.0,0.0,0.0,0.002,578953.822222
1642992,IT,AT,CONST,NATUR,0.29,52104.595,4,4,52104.592,0.0,0.0,0.0,0.003,179671.017241
1717982,IT,PL,SANDC,TRAN1,0.12,52101.611,5,5,52090.609,0.0,0.0,11.0,0.002,434180.091667
1737561,IT,GB,PULP5,FURNI,0.16,52100.964,4,4,52100.959,0.0,0.0,0.0,0.005,325631.025
1682288,IT,HR,LEATH,RAILW,0.37,52094.905,4,4,52094.896,0.0,0.0,0.0,0.009,140797.040541
1721029,IT,PL,HOTEL,MOTOR,0.38,52090.964,4,4,52090.96,0.0,0.0,0.0,0.004,137081.484211
1737465,IT,GB,LEATH,TRANS,0.37,52090.555,4,4,52090.546,0.0,0.0,0.0,0.009,140785.283784
1761356,IT,IN,GLASS,HOTEL,0.14,52089.187,4,4,52089.184,0.0,0.0,0.0,0.003,372065.621429
1730256,IT,SE,SEACO,KEROS,0.05,52085.23,3,3,52085.23,0.0,0.0,0.0,0.0,1041704.6
1742443,IT,US,BASIC,RAWMI,0.06,52080.954,4,4,52080.951,0.0,0.0,0.0,0.003,868015.9
1654256,IT,CZ,TRANS,BUSIN,0.31,52079.095,4,4,52079.092,0.0,0.0,0.0,0.003,167997.080645
1808357,IT,WF,FOOD3,REALE,0.15,52072.316,4,4,52072.313,0.0,0.0,0.0,0.003,347148.773333
1646635,IT,BE,TRANS,RAILW,0.31,52070.917,4,4,52070.914,0.0,0.0,0.0,0.003,167970.7
1803656,IT,WF,FOOD5,REALE,0.25,52070.914,4,4,52070.909,0.0,0.0,0.0,0.005,208283.656
1747126,IT,JP,CONST,FORES,0.29,52068.388,4,4,52068.385,0.0,0.0,0.0,0.003,179546.165517
1662973,IT,DK,HOTEL,PIGS9,0.38,52065.432,4,4,52065.428,0.0,0.0,0.0,0.004,137014.294737
1765207,IT,MX,BUSIN,EDUCA,0.53,52063.573,4,4,52063.569,0.0,0.0,0.0,0.004,98233.156604
1684927,IT,HU,CHEMI,HOTEL,0.12,52058.404,5,5,52055.399,0.0,0.0,3.0,0.005,433820.033333
1643162,IT,AT,RETA1,REALE,0.54,52056.545,4,4,52056.542,0.0,0.0,0.0,0.003,96401.009259
1740286,IT,GB,BUSIN,FOOD2,0.53,52054.597,4,4,52054.593,0.0,0.0,0.0,0.004,98216.220755
1804923,IT,WF,BITU1,RESEA,0.08,52052.953,4,4,52052.949,0.0,0.0,0.0,0.004,650661.9125
1762712,IT,IN,BUSIN,PAPER,0.53,52052.839,4,4,52052.835,0.0,0.0,0.0,0.004,98212.903774
1734327,IT,SI,BUSIN,RETA1,0.53,52050.214,4,4,52050.21,0.0,0.0,0.0,0.004,98207.950943
1679063,IT,GR,WOODW,REALE,0.15,52049.441,4,4,52049.437,0.0,0.0,0.0,0.004,346996.273333
1756675,IT,KR,SEACO,FISH5,0.05,52046.78,3,3,52046.78,0.0,0.0,0.0,0.0,1040935.6
1655703,IT,DE,CHEMI,RETA1,0.12,52045.335,5,5,52042.33,0.0,0.0,3.0,0.005,433711.125
1761635,IT,IN,FABRI,PRINT,0.21,52042.755,4,4,52042.751,0.0,0.0,0.0,0.004,247822.642857
1799573,IT,WE,PRINT,INSUR,0.5,52040.922,4,4,52040.918,0.0,0.0,0.0,0.004,104081.844
1757922,IT,BR,CHEM1,POSTT,0.11,52039.333,4,4,52039.327,0.0,0.0,0.0,0.006,473084.845455
1766030,IT,RU,CHEM1,DIST1,0.11,52038.664,4,4,52038.658,0.0,0.0,0.0,0.006,473078.763636
1790907,IT,WA,OFFIC,CHARC,0.16,52034.545,4,4,52034.541,0.0,0.0,0.0,0.004,325215.90625
1757634,IT,BR,HEAVY,PIGS9,0.08,52033.346,4,4,52033.342,0.0,0.0,0.0,0.004,650416.825
1808854,IT,WF,PRIVA,SUGA1,11.61,52024.939,5,5,52023.931,1.0,0.0,0.0,0.008,4481.045564
1790139,IT,WA,BASIC,ELEC1,0.06,52023.45,4,4,52023.447,0.0,0.0,0.0,0.003,867057.5
1649981,IT,BG,FABRI,PUBLI,0.21,52019.972,4,4,52019.968,0.0,0.0,0.0,0.004,247714.152381
1812923,IT,WM,MACHI,HYDRO,0.29,52019.74,4,4,52019.736,0.0,0.0,0.0,0.004,179378.413793
1750987,IT,CN,WHOLE,VEGET,0.45,52014.983,4,4,52014.98,0.0,0.0,0.0,0.003,115588.851111
1754540,IT,CA,BUSIN,RAILW,0.53,52012.527,4,4,52012.523,0.0,0.0,0.0,0.004,98136.843396
1728869,IT,SE,CHEM1,CROPS,0.11,52010.577,4,4,52010.571,0.0,0.0,0.0,0.006,472823.427273
1742673,IT,US,NONF1,RUBBE,0.01,52007.212,3,3,52007.212,0.0,0.0,0.0,0.0,5200721.2
1737077,IT,GB,CHEMI,NONME,0.12,52005.141,5,5,52002.136,0.0,0.0,3.0,0.005,433376.175
1763064,IT,MX,TEXTI,ELECT,0.31,52005.09,4,4,52005.083,0.0,0.0,0.0,0.007,167758.354839
1769059,IT,AU,PLAST,NATUR,0.11,51999.463,4,4,51999.458,0.0,0.0,0.0,0.005,472722.390909
1686061,IT,HU,RUBBE,VEGE1,0.17,51997.149,4,4,51997.144,0.0,0.0,0.0,0.005,305865.582353
1718964,IT,PL,PRINT,RESEA,0.5,51996.774,4,4,51996.77,0.0,0.0,0.0,0.004,103993.548
1658338,IT,DE,NONF1,BIODI,0.01,51990.542,3,3,51990.542,0.0,0.0,0.0,0.0,5199054.2
1661648,IT,DK,TEXTI,RUBBE,0.31,51989.444,4,4,51989.437,0.0,0.0,0.0,0.007,167707.883871
1754996,IT,KR,TEXTI,PRIVA,0.31,51987.567,4,4,51987.56,0.0,0.0,0.0,0.007,167701.829032
1719822,IT,PL,BASIC,ELECT,0.06,51986.291,4,4,51986.288,0.0,0.0,0.0,0.003,866438.183333
1686468,IT,HU,BASIC,TEXT2,0.06,51985.726,4,4,51985.723,0.0,0.0,0.0,0.003,866428.766667
1768819,IT,AU,LEATH,CHEM1,0.37,51982.672,4,4,51982.663,0.0,0.0,0.0,0.009,140493.708108
1777645,IT,TR,ALUM1,BUSIN,0.09,51973.146,4,4,51973.142,0.0,0.0,0.0,0.004,577479.4
1671996,IT,FI,LANDT,PUBLI,0.34,51970.449,4,4,51970.447,0.0,0.0,0.0,0.002,152854.261765
1647509,IT,BE,SUPPO,BIODI,0.37,51965.262,4,4,51965.259,0.0,0.0,0.0,0.003,140446.654054
1671618,IT,FI,FURNI,TRANS,0.17,51963.231,4,4,51963.227,0.0,0.0,0.0,0.004,305666.064706
1788460,IT,WA,PULP5,CHEM1,0.16,51958.089,4,4,51958.084,0.0,0.0,0.0,0.005,324738.05625
1742225,IT,US,CERAM,CHEM1,0.08,51953.097,4,4,51953.094,0.0,0.0,0.0,0.003,649413.7125
1667351,IT,ES,LEAD1,FURNI,0.09,51952.215,4,4,51952.211,0.0,0.0,0.0,0.004,577246.833333
1712422,IT,LV,BASIC,DAIRY,0.06,51941.634,4,4,51941.631,0.0,0.0,0.0,0.003,865693.9
1711018,IT,LU,NONME,NFERT,0.1,51940.193,4,4,51940.187,0.0,0.0,0.0,0.006,519401.93
1801048,IT,WE,COPP1,COPPE,0.13,51939.217,4,4,51939.214,0.0,0.0,0.0,0.003,399532.438462
1809059,IT,WM,OILSE,VEGE1,0.04,51939.104,4,4,51939.102,0.0,0.0,0.0,0.002,1298477.6
1813993,IT,WM,SEACO,PLAST,0.05,51937.313,3,3,51937.313,0.0,0.0,0.0,0.0,1038746.26
1664833,IT,ES,OILSE,EDUCA,0.04,51935.084,4,4,51935.082,0.0,0.0,0.0,0.002,1298377.1
1762016,IT,IN,WHOLE,NONME,0.45,51934.497,4,4,51934.494,0.0,0.0,0.0,0.003,115409.993333
1756368,IT,KR,FURNI,TEXTI,0.17,51933.407,4,4,51933.403,0.0,0.0,0.0,0.004,305490.629412
1645469,IT,BE,NAPHT,BUSIN,0.09,51930.385,4,4,51930.381,0.0,0.0,0.0,0.004,577004.277778
1673089,IT,FR,FOOD5,LANDT,0.25,51929.045,4,4,51929.04,0.0,0.0,0.0,0.005,207716.18
1725530,IT,RO,LEATH,CERAM,0.37,51926.312,4,4,51926.303,0.0,0.0,0.0,0.009,140341.383784
1667554,IT,ES,FABRI,LANDT,0.21,51924.736,4,4,51924.732,0.0,0.0,0.0,0.004,247260.647619
1667902,IT,ES,MOTO1,RADIO,0.28,51923.446,4,4,51923.443,0.0,0.0,0.0,0.003,185440.878571
1677951,IT,FR,BUSIN,SEWAG,0.53,51923.062,4,4,51923.058,0.0,0.0,0.0,0.004,97968.041509
1665686,IT,ES,PULP5,WHOLE,0.16,51922.306,4,4,51922.301,0.0,0.0,0.0,0.005,324514.4125
1753420,IT,CA,FABRI,NATUR,0.21,51921.288,4,4,51921.284,0.0,0.0,0.0,0.004,247244.228571
1759785,IT,BR,BUSIN,DISTR,0.53,51919.445,4,4,51919.441,0.0,0.0,0.0,0.004,97961.216981
1788284,IT,WA,LEATH,BIODI,0.37,51917.697,4,4,51917.688,0.0,0.0,0.0,0.009,140318.1
1807658,IT,WF,RESEA,EDUCA,0.28,51913.063,4,4,51913.059,0.0,0.0,0.0,0.004,185403.796429
1802204,IT,WE,HOTEL,COMPU,0.38,51908.716,4,4,51908.712,0.0,0.0,0.0,0.004,136601.884211
1732443,IT,SI,CHEM1,BEVER,0.11,51905.908,4,4,51905.902,0.0,0.0,0.0,0.006,471871.890909
1785698,IT,ZA,NAPHT,LIQUE,0.09,51902.227,4,4,51902.223,0.0,0.0,0.0,0.004,576691.411111
1646172,IT,BE,ALUM1,PULP5,0.09,51897.253,4,4,51897.249,0.0,0.0,0.0,0.004,576636.144444
1685027,IT,HU,DAIRY,FOOD5,0.21,51895.683,4,4,51895.679,0.0,0.0,0.0,0.004,247122.3
1669702,IT,ES,COMPU,SUPPO,0.59,51895.101,4,4,51895.098,0.0,0.0,0.0,0.003,87957.798305
1751013,IT,CN,WHOLE,WOODW,0.45,51895.054,4,4,51895.051,0.0,0.0,0.0,0.003,115322.342222
1716856,IT,NL,HOTEL,RUBBE,0.38,51893.19,4,4,51893.186,0.0,0.0,0.0,0.004,136561.026316
1804489,IT,WF,GASDI,GASDI,0.08,51883.252,4,4,51883.248,0.0,0.0,0.0,0.004,648540.65
1674899,IT,FR,NONME,PAPE4,0.1,51882.161,4,4,51882.155,0.0,0.0,0.0,0.006,518821.61
1685239,IT,HU,TEXTI,WOODW,0.31,51878.666,4,4,51878.659,0.0,0.0,0.0,0.007,167350.535484
1813714,IT,WM,HOTEL,VEGET,0.38,51871.623,4,4,51871.619,0.0,0.0,0.0,0.004,136504.271053
1764469,IT,MX,FURNI,REALE,0.17,51869.394,4,4,51869.39,0.0,0.0,0.0,0.004,305114.082353
1765651,IT,RU,PAPER,FORES,0.2,51861.957,4,4,51861.952,0.0,0.0,0.0,0.005,259309.785
1674624,IT,FR,RUBBE,PAPE4,0.17,51849.135,4,4,51849.13,0.0,0.0,0.0,0.005,304994.911765
1738650,IT,GB,MACHI,MEATP,0.29,51848.137,4,4,51848.133,0.0,0.0,0.0,0.004,178786.67931
1655905,IT,DE,DAIRY,MEMBE,0.21,51841.752,4,4,51841.748,0.0,0.0,0.0,0.004,246865.485714
1681625,IT,GR,RECRE,HOTEL,0.66,51839.623,4,4,51839.619,0.0,0.0,0.0,0.004,78544.883333
1771395,IT,CH,FOOD5,TEXTI,0.25,51839.307,4,4,51839.302,0.0,0.0,0.0,0.005,207357.228
1650560,IT,BG,ELEC7,HOTEL,0.04,51834.71,3,3,51834.71,0.0,0.0,0.0,0.0,1295867.75
1788757,IT,WA,MOTOR,INSUR,0.08,51833.428,4,4,51833.424,0.0,0.0,0.0,0.004,647917.85
1716166,IT,NL,ALUM1,TEXTI,0.09,51830.101,4,4,51830.097,0.0,0.0,0.0,0.004,575890.011111
1647213,IT,BE,LANDT,TEXTI,0.33,51829.33,4,4,51829.328,0.0,0.0,0.0,0.002,157058.575758
1674221,IT,FR,LIQUE,COMPU,0.09,51828.906,4,4,51828.902,0.0,0.0,0.0,0.004,575876.733333
1685280,IT,HU,TEXTI,RESEA,0.31,51827.274,4,4,51827.267,0.0,0.0,0.0,0.007,167184.754839
1738621,IT,GB,FABRI,FOOD2,0.21,51824.794,4,4,51824.79,0.0,0.0,0.0,0.004,246784.733333
1783411,IT,NO,INTER,ALUM1,0.31,51824.643,4,4,51824.64,0.0,0.0,0.0,0.003,167176.267742
1756736,IT,KR,SEACO,93197,0.05,51823.058,3,3,51823.058,0.0,0.0,0.0,0.0,1036461.16
1749757,IT,CN,ADDIT,PETRO,0.12,51821.881,4,4,51821.877,0.0,0.0,0.0,0.004,431849.008333
1765773,IT,RU,MOTOR,ANTHR,0.08,51819.817,4,4,51819.813,0.0,0.0,0.0,0.004,647747.7125
1749601,IT,CN,PFERT,CONST,0.02,51818.966,4,4,51818.958,0.0,0.0,0.0,0.008,2590948.3
1761577,IT,IN,NONF1,PAPER,0.01,51818.601,3,3,51818.601,0.0,0.0,0.0,0.0,5181860.1
1756514,IT,KR,WHOLE,PAPER,0.45,51817.618,4,4,51817.615,0.0,0.0,0.0,0.003,115150.262222
1781832,IT,NO,PLAST,PAPER,0.11,51816.992,4,4,51816.987,0.0,0.0,0.0,0.005,471063.563636
1671408,IT,FI,FABRI,PLAST,0.21,51814.851,4,4,51814.847,0.0,0.0,0.0,0.004,246737.385714
1767072,IT,RU,FURNI,PFERT,0.17,51813.448,4,4,51813.444,0.0,0.0,0.0,0.004,304784.988235
1653762,IT,CZ,COPP1,ELEC2,0.13,51811.849,4,4,51811.846,0.0,0.0,0.0,0.003,398552.684615
1803367,IT,WF,CHEMI,COPPE,0.12,51810.828,5,5,51807.823,0.0,0.0,3.0,0.005,431756.9
1655822,IT,DE,VEGE1,ADDIT,0.16,51809.989,4,4,51809.978,0.0,0.0,0.0,0.011,323812.43125
1689374,IT,IE,RETA1,SUPPO,0.54,51808.916,4,4,51808.913,0.0,0.0,0.0,0.003,95942.437037
1782027,IT,NO,RUBBE,COMPU,0.17,51808.685,4,4,51808.68,0.0,0.0,0.0,0.005,304756.970588
1666402,IT,ES,NAPHT,SUPPO,0.09,51802.034,4,4,51802.03,0.0,0.0,0.0,0.004,575578.155556
1763057,IT,MX,TEXTI,ALUM1,0.31,51800.703,4,4,51800.696,0.0,0.0,0.0,0.007,167099.041935
1722527,IT,PT,BEVER,CATTL,0.22,51798.47,4,4,51798.467,0.0,0.0,0.0,0.003,235447.590909
1642269,IT,AT,NONME,ELEC2,0.1,51797.191,4,4,51797.185,0.0,0.0,0.0,0.006,517971.91
1661420,IT,DK,VEGE1,RESEA,0.16,51792.188,4,4,51792.177,0.0,0.0,0.0,0.011,323701.175
1743002,IT,US,OFFIC,MOTOR,0.16,51789.487,4,4,51789.483,0.0,0.0,0.0,0.004,323684.29375
1687176,IT,HU,FURNI,FINAN,0.17,51788.527,4,4,51788.523,0.0,0.0,0.0,0.004,304638.394118
1800305,IT,WE,NFERT,POULT,0.01,51786.462,4,4,51786.458,0.0,0.0,0.0,0.004,5178646.2
1786224,IT,ZA,COPP1,CHEM1,0.13,51785.838,4,4,51785.835,0.0,0.0,0.0,0.003,398352.6
1674156,IT,FR,HEAVY,INLAN,0.08,51784.271,4,4,51784.267,0.0,0.0,0.0,0.004,647303.3875
1684464,IT,HR,RENTI,CONST,0.31,51781.636,4,4,51781.633,0.0,0.0,0.0,0.003,167037.535484
1640919,IT,AT,LEATH,PUBLI,0.37,51780.306,4,4,51780.297,0.0,0.0,0.0,0.009,139946.772973
1794214,IT,WL,PRINT,CONST,0.5,51779.912,4,4,51779.908,0.0,0.0,0.0,0.004,103559.824
1800853,IT,WE,BASIC,SEACO,0.06,51778.462,4,4,51778.459,0.0,0.0,0.0,0.003,862974.366667
1801614,IT,WE,TRANS,INSUR,0.31,51777.596,4,4,51777.593,0.0,0.0,0.0,0.003,167024.503226
1775599,IT,CH,RECRE,RETA1,0.66,51775.911,4,4,51775.907,0.0,0.0,0.0,0.004,78448.35
1804830,IT,WF,NAPHT,LANDT,0.09,51775.46,4,4,51775.456,0.0,0.0,0.0,0.004,575282.888889
1690221,IT,IE,BUSIN,SUPPO,0.53,51768.623,4,4,51768.619,0.0,0.0,0.0,0.004,97676.64717
1712609,IT,LV,OFFIC,DIST1,0.16,51767.95,4,4,51767.946,0.0,0.0,0.0,0.004,323549.6875
1652761,IT,CZ,PAPER,POSTT,0.2,51763.468,4,4,51763.463,0.0,0.0,0.0,0.005,258817.34
1811161,IT,WM,NAPHT,RUBBE,0.09,51762.623,4,4,51762.619,0.0,0.0,0.0,0.004,575140.255556
1738507,IT,GB,NONF1,CHEM1,0.01,51760.254,3,3,51760.254,0.0,0.0,0.0,0.0,5176025.4
1743281,IT,US,FURNI,ELECT,0.17,51755.196,4,4,51755.192,0.0,0.0,0.0,0.004,304442.329412
1722018,IT,PL,COMPU,HEALT,0.59,51755.101,4,4,51755.098,0.0,0.0,0.0,0.003,87720.510169
1791176,IT,WA,FURNI,STONE,0.17,51746.458,4,4,51746.454,0.0,0.0,0.0,0.004,304390.929412
1721333,IT,PL,TRAN2,HEAVY,0.08,51744.531,3,3,51744.531,0.0,0.0,0.0,0.0,646806.6375
1653903,IT,CZ,FABRI,HOTEL,0.21,51743.17,4,4,51743.166,0.0,0.0,0.0,0.004,246396.047619
1752563,IT,CA,BEVER,RETA1,0.22,51742.889,4,4,51742.886,0.0,0.0,0.0,0.003,235194.95
1756367,IT,KR,FURNI,TOBAC,0.17,51741.626,4,4,51741.622,0.0,0.0,0.0,0.004,304362.505882
1728355,IT,SE,TEXTI,CHEM1,0.31,51740.859,4,4,51740.852,0.0,0.0,0.0,0.007,166905.996774
1757387,IT,BR,LEATH,MOTO1,0.37,51738.157,4,4,51738.148,0.0,0.0,0.0,0.009,139832.856757
1801575,IT,WE,TRANS,PFERT,0.31,51737.002,4,4,51736.999,0.0,0.0,0.0,0.003,166893.554839
1674909,IT,FR,BASIC,CHEMI,0.06,51734.998,4,4,51734.995,0.0,0.0,0.0,0.003,862249.966667
1723259,IT,PT,GLASS,PAPER,0.14,51734.22,4,4,51734.217,0.0,0.0,0.0,0.003,369530.142857
1720358,IT,PL,FABRI,FOOD2,0.21,51729.899,4,4,51729.895,0.0,0.0,0.0,0.004,246332.852381
1811116,IT,WM,NAPHT,FORES,0.09,51724.478,4,4,51724.474,0.0,0.0,0.0,0.004,574716.422222
1667590,IT,ES,MACHI,CEREA,0.29,51721.559,4,4,51721.555,0.0,0.0,0.0,0.004,178350.203448
1744087,IT,US,SUPPO,MEAT1,0.37,51719.312,4,4,51719.309,0.0,0.0,0.0,0.003,139781.924324
1668526,IT,ES,HOTEL,CEMEN,0.37,51718.02,4,4,51718.016,0.0,0.0,0.0,0.004,139778.432432
1784358,IT,ID,RUBBE,SALEM,0.17,51713.174,4,4,51713.169,0.0,0.0,0.0,0.005,304195.141176
1773086,IT,CH,LEAD1,CHEM1,0.09,51711.554,4,4,51711.55,0.0,0.0,0.0,0.004,574572.822222
1790614,IT,WA,FABRI,ALUMI,0.21,51710.857,4,4,51710.853,0.0,0.0,0.0,0.004,246242.17619
1782097,IT,NO,GLASS,EDUCA,0.14,51710.242,4,4,51710.239,0.0,0.0,0.0,0.003,369358.871429
1739117,IT,GB,WHOLE,MOTO1,0.45,51709.637,4,4,51709.634,0.0,0.0,0.0,0.003,114910.304444
1641329,IT,AT,KEROS,NONFE,0.08,51708.557,4,4,51708.553,0.0,0.0,0.0,0.004,646356.9625
1720102,IT,PL,LEAD1,MOTOR,0.09,51708.242,4,4,51708.238,0.0,0.0,0.0,0.004,574536.022222
1671451,IT,FI,FABRI,REALE,0.21,51705.065,4,4,51705.061,0.0,0.0,0.0,0.004,246214.595238
1798965,IT,WE,TOBAC,LEATH,0.2,51703.352,4,4,51703.349,0.0,0.0,0.0,0.003,258516.76
1713937,IT,MT,CONST,HOTEL,0.29,51702.691,4,4,51702.688,0.0,0.0,0.0,0.003,178285.141379
1713473,IT,MT,CHEM1,BUSIN,0.11,51701.911,4,4,51701.905,0.0,0.0,0.0,0.006,470017.372727
1720322,IT,PL,FABRI,ELEC5,0.21,51701.421,4,4,51701.417,0.0,0.0,0.0,0.004,246197.242857
1748558,IT,CN,VEGE1,TEXTI,0.16,51699.738,4,4,51699.727,0.0,0.0,0.0,0.011,323123.3625
1785763,IT,ZA,PLAST,NONF1,0.11,51697.638,4,4,51697.633,0.0,0.0,0.0,0.005,469978.527273
1789337,IT,WA,CHEM1,NONFE,0.11,51696.483,4,4,51696.477,0.0,0.0,0.0,0.006,469968.027273
1655167,IT,CZ,BUSIN,ELEC3,0.53,51693.779,4,4,51693.775,0.0,0.0,0.0,0.004,97535.432075
1644213,IT,BE,VEGET,HOTEL,0.18,51692.698,4,4,51692.696,0.0,0.0,0.0,0.002,287181.655556
1749715,IT,CN,CHEM1,INLAN,0.11,51690.343,4,4,51690.337,0.0,0.0,0.0,0.006,469912.209091
1680300,IT,GR,FURNI,POSTT,0.17,51688.966,4,4,51688.962,0.0,0.0,0.0,0.004,304052.741176
1792191,IT,WA,SUPPO,POSTT,0.37,51676.307,4,4,51676.304,0.0,0.0,0.0,0.003,139665.694595
1642364,IT,AT,BASIC,RAILW,0.06,51675.636,4,4,51675.633,0.0,0.0,0.0,0.003,861260.6
1739757,IT,GB,SUPPO,RECRE,0.37,51675.274,4,4,51675.271,0.0,0.0,0.0,0.003,139662.902703
1766736,IT,RU,MACHI,LIGNI,0.29,51675.264,4,4,51675.26,0.0,0.0,0.0,0.004,178190.565517
1731668,IT,SI,WOODW,CERAM,0.14,51672.463,4,4,51672.46,0.0,0.0,0.0,0.003,369089.021429
1755278,IT,KR,PAPER,BASIC,0.2,51671.265,4,4,51671.26,0.0,0.0,0.0,0.005,258356.325
1640990,IT,AT,WOODW,POSTT,0.14,51668.408,4,4,51668.405,0.0,0.0,0.0,0.003,369060.057143
1809128,IT,WM,CROPS,FURNI,0.41,51662.38,4,4,51662.377,0.0,0.0,0.0,0.003,126005.804878
1679262,IT,GR,GASDI,ELEC6,0.08,51662.194,4,4,51662.19,0.0,0.0,0.0,0.004,645777.425
1665810,IT,ES,PAPER,MEMBE,0.2,51659.467,4,4,51659.462,0.0,0.0,0.0,0.005,258297.335
1729450,IT,SE,PREC1,PREC1,0.09,51659.454,4,4,51659.452,0.0,0.0,0.0,0.002,573993.933333
1749210,IT,CN,PAPER,POULT,0.2,51659.016,4,4,51659.011,0.0,0.0,0.0,0.005,258295.08
1648638,IT,BG,VEGE1,GLASS,0.16,51658.718,4,4,51658.707,0.0,0.0,0.0,0.011,322866.9875
1661733,IT,DK,LEATH,MEATC,0.37,51657.355,4,4,51657.346,0.0,0.0,0.0,0.009,139614.472973
1732407,IT,SI,PLAST,FURNI,0.11,51657.296,4,4,51657.291,0.0,0.0,0.0,0.005,469611.781818
1745945,IT,JP,WOODW,CHEM1,0.14,51655.035,4,4,51655.032,0.0,0.0,0.0,0.003,368964.535714
1665285,IT,ES,BEVER,FURNI,0.22,51652.714,4,4,51652.711,0.0,0.0,0.0,0.003,234785.063636
1709360,IT,LT,FOOD5,CATTL,0.25,51652.263,4,4,51652.258,0.0,0.0,0.0,0.005,206609.052
1667406,IT,ES,COPP1,ELEC1,0.13,51651.37,4,4,51651.367,0.0,0.0,0.0,0.003,397318.230769
1789275,IT,WA,NFERT,PIGS9,0.01,51648.156,4,4,51648.152,0.0,0.0,0.0,0.004,5164815.6
1806017,IT,WF,COPP1,PREC1,0.13,51647.395,4,4,51647.392,0.0,0.0,0.0,0.003,397287.653846
1780287,IT,TW,LANDT,HOTEL,0.33,51647.355,4,4,51647.353,0.0,0.0,0.0,0.002,156507.136364
1752274,IT,CA,STONE,PFERT,0.17,51646.607,5,5,51643.605,0.0,0.0,3.0,0.002,303803.570588
1650814,IT,BG,LANDT,DAIRY,0.33,51645.569,4,4,51645.567,0.0,0.0,0.0,0.002,156501.724242
1810627,IT,WM,PRINT,RECRE,0.5,51645.222,4,4,51645.218,0.0,0.0,0.0,0.004,103290.444
1730621,IT,SE,RENTI,PAPER,0.31,51644.934,4,4,51644.931,0.0,0.0,0.0,0.003,166596.56129
1721360,IT,PL,SEACO,COPPE,0.05,51644.749,3,3,51644.749,0.0,0.0,0.0,0.0,1032894.98
1733213,IT,SI,MACHI,NONME,0.29,51639.789,4,4,51639.785,0.0,0.0,0.0,0.004,178068.237931
1777485,IT,TR,BASIC,HEAVY,0.06,51639.64,4,4,51639.637,0.0,0.0,0.0,0.003,860660.666667
1798570,IT,WE,CHEMI,FINAN,0.12,51638.505,5,5,51635.5,0.0,0.0,3.0,0.005,430320.875
1733690,IT,SI,RAILW,BASIC,0.35,51636.773,4,4,51636.771,0.0,0.0,0.0,0.002,147533.637143
1753524,IT,CA,MACHI,CHEMI,0.29,51635.614,4,4,51635.61,0.0,0.0,0.0,0.004,178053.841379
1670280,IT,FI,FORES,WOODW,0.45,51634.987,4,4,51614.987,0.0,20.0,0.0,0.0,114744.415556
1641908,IT,AT,BIODI,HOTEL,0.11,51634.65,4,4,51634.644,0.0,0.0,0.0,0.006,469405.909091
1758672,IT,BR,FURNI,PUBLI,0.16,51632.81,4,4,51632.806,0.0,0.0,0.0,0.004,322705.0625
1762440,IT,IN,POSTT,EDUCA,0.85,51630.676,4,4,51630.672,0.0,0.0,0.0,0.004,60741.971765
1796419,IT,WL,WHOLE,FURNI,0.45,51626.655,4,4,51626.652,0.0,0.0,0.0,0.003,114725.9
1743593,IT,US,HOTEL,BITU1,0.37,51623.374,4,4,51623.37,0.0,0.0,0.0,0.004,139522.632432
1795900,IT,WL,OFFIC,INSUR,0.16,51618.496,4,4,51618.492,0.0,0.0,0.0,0.004,322615.6
1641938,IT,AT,RUBBE,RAWMI,0.17,51617.403,4,4,51617.398,0.0,0.0,0.0,0.005,303631.782353
1646341,IT,BE,FABRI,FISH5,0.21,51615.336,4,4,51615.332,0.0,0.0,0.0,0.004,245787.314286
1646393,IT,BE,FABRI,RAILW,0.21,51613.677,4,4,51613.673,0.0,0.0,0.0,0.004,245779.414286
1777941,IT,TR,MACHI,BRICK,0.29,51611.316,4,4,51611.312,0.0,0.0,0.0,0.004,177970.055172
1733178,IT,SI,MACHI,VEGET,0.29,51609.968,4,4,51609.964,0.0,0.0,0.0,0.004,177965.406897
1778539,IT,TR,RETA1,BASIC,0.54,51606.533,4,4,51606.53,0.0,0.0,0.0,0.003,95567.653704
1789590,IT,WA,RUBBE,PLANT,0.17,51606.285,4,4,51606.28,0.0,0.0,0.0,0.005,303566.382353
1645726,IT,BE,RUBBE,SUGA1,0.17,51600.831,4,4,51600.826,0.0,0.0,0.0,0.005,303534.3
1812586,IT,WM,LEAD1,GASDI,0.09,51599.708,4,4,51599.704,0.0,0.0,0.0,0.004,573330.088889
1650907,IT,BG,SEACO,PAPER,0.05,51599.604,3,3,51599.604,0.0,0.0,0.0,0.0,1031992.08
1729560,IT,SE,COPP1,OFFIC,0.13,51598.646,4,4,51598.643,0.0,0.0,0.0,0.003,396912.661538
1742566,IT,US,PREC1,RETAI,0.09,51597.981,4,4,51597.979,0.0,0.0,0.0,0.002,573310.9
1724444,IT,PT,AIRTR,POSTT,0.06,51597.305,4,4,51597.303,0.0,0.0,0.0,0.002,859955.083333
1813370,IT,WM,FURNI,CEMEN,0.16,51593.891,4,4,51593.887,0.0,0.0,0.0,0.004,322461.81875
1652742,IT,CZ,PAPER,SECO9,0.2,51591.41,4,4,51591.405,0.0,0.0,0.0,0.005,257957.05
1772392,IT,CH,CHEM1,NAPHT,0.11,51589.691,4,4,51589.685,0.0,0.0,0.0,0.006,468997.190909
1659227,IT,DE,SALEM,FOOD5,0.42,51589.685,4,4,51589.682,0.0,0.0,0.0,0.003,122832.583333
1776603,IT,TR,GASDI,LIQUE,0.08,51588.736,4,4,51588.732,0.0,0.0,0.0,0.004,644859.2
1719629,IT,PL,CERAM,FINAN,0.08,51586.247,4,4,51586.244,0.0,0.0,0.0,0.003,644828.0875
1722011,IT,PL,COMPU,REALE,0.59,51584.489,4,4,51584.486,0.0,0.0,0.0,0.003,87431.337288
1772979,IT,CH,PREC1,POSTT,0.09,51583.603,4,4,51583.601,0.0,0.0,0.0,0.002,573151.144444
1675022,IT,FR,PREC1,FOOD3,0.09,51580.129,4,4,51580.127,0.0,0.0,0.0,0.002,573112.544444
1730505,IT,SE,FINAN,FINAN,0.67,51579.393,3,3,51579.393,0.0,0.0,0.0,0.0,76984.168657
1729461,IT,SE,PREC1,BUSIN,0.09,51577.759,4,4,51577.757,0.0,0.0,0.0,0.002,573086.211111
1758906,IT,BR,HOTEL,AUXIL,0.37,51576.048,4,4,51576.044,0.0,0.0,0.0,0.004,139394.724324
1648960,IT,BG,WEARI,PUBLI,0.39,51575.534,4,4,51575.524,0.0,0.0,0.0,0.01,132244.958974
1802749,IT,WE,RESEA,POSTT,0.28,51573.748,4,4,51573.744,0.0,0.0,0.0,0.004,184191.957143
1717440,IT,NL,INSUR,BUSIN,1.06,51569.794,4,4,51569.792,0.0,0.0,0.0,0.002,48650.749057
1759644,IT,BR,RESEA,BASIC,0.28,51568.801,4,4,51568.797,0.0,0.0,0.0,0.004,184174.289286
1653401,IT,CZ,CERAM,FURNI,0.08,51568.423,4,4,51568.42,0.0,0.0,0.0,0.003,644605.2875
1768609,IT,AU,BEVER,BUSIN,0.22,51566.325,4,4,51566.322,0.0,0.0,0.0,0.003,234392.386364
1673950,IT,FR,MOTOR,INERT,0.08,51560.107,4,4,51560.103,0.0,0.0,0.0,0.004,644501.3375
1802403,IT,WE,AIRTR,NATUR,0.06,51553.685,4,4,51553.683,0.0,0.0,0.0,0.002,859228.083333
1723577,IT,PT,FABRI,PULP5,0.21,51553.646,4,4,51553.642,0.0,0.0,0.0,0.004,245493.552381
1673371,IT,FR,TEXTI,WASTE,0.31,51551.67,4,4,51551.663,0.0,0.0,0.0,0.007,166295.709677
1770272,IT,AU,HOTEL,LEAD1,0.37,51549.387,4,4,51549.383,0.0,0.0,0.0,0.004,139322.667568
1719809,IT,PL,BASIC,BRICK,0.06,51548.769,4,4,51548.766,0.0,0.0,0.0,0.003,859146.15
1710497,IT,LT,SEACO,MOTOR,0.05,51548.191,3,3,51548.191,0.0,0.0,0.0,0.0,1030963.82
1656784,IT,DE,GASDI,VEGET,0.08,51542.168,4,4,51542.164,0.0,0.0,0.0,0.004,644277.1
1721307,IT,PL,LANDT,EDUCA,0.33,51538.751,4,4,51538.749,0.0,0.0,0.0,0.002,156178.033333
1742283,IT,US,BRICK,RETAI,0.08,51538.515,4,4,51538.512,0.0,0.0,0.0,0.003,644231.4375
1813964,IT,WM,SEACO,SANDC,0.05,51537.729,3,3,51537.729,0.0,0.0,0.0,0.0,1030754.58
1741796,IT,US,PLAST,PRINT,0.11,51536.489,4,4,51536.484,0.0,0.0,0.0,0.005,468513.536364
1725435,IT,RO,TEXTI,PAPE4,0.31,51534.385,4,4,51534.378,0.0,0.0,0.0,0.007,166239.951613
1804294,IT,WF,MOTOR,KERO1,0.08,51533.458,4,4,51533.454,0.0,0.0,0.0,0.004,644168.225
1761290,IT,IN,RUBBE,DIST1,0.17,51528.671,4,4,51528.666,0.0,0.0,0.0,0.005,303109.829412
1728907,IT,SE,CHEM1,CHEM1,0.11,51528.17,4,4,51528.164,0.0,0.0,0.0,0.006,468437.909091
1759374,IT,BR,FINAN,FINAN,0.67,51524.857,3,3,51524.857,0.0,0.0,0.0,0.0,76902.771642
1758570,IT,BR,OFFIC,PUBLI,0.16,51523.803,4,4,51523.799,0.0,0.0,0.0,0.004,322023.76875
1642039,IT,AT,RUBBE,MEMBE,0.17,51516.176,4,4,51516.171,0.0,0.0,0.0,0.005,303036.329412
1808810,IT,WF,WOOD2,POSTT,0.28,51516.117,4,4,51516.114,0.0,0.0,0.0,0.003,183986.132143
1654322,IT,CZ,ELEC2,RAILW,0.01,51511.9,4,4,51511.895,0.0,0.0,0.0,0.005,5151190.0
1725977,IT,RO,CHEM1,LIQUE,0.11,51510.203,4,4,51510.197,0.0,0.0,0.0,0.006,468274.572727
1768615,IT,AU,BEVER,93197,0.22,51509.803,4,4,51509.8,0.0,0.0,0.0,0.003,234135.468182
1712637,IT,LV,MOTO1,LANDT,0.27,51509.751,4,4,51509.748,0.0,0.0,0.0,0.003,190776.855556
1668054,IT,ES,FURNI,SALEM,0.16,51508.081,4,4,51508.077,0.0,0.0,0.0,0.004,321925.50625
1652101,IT,CZ,SANDC,CONST,0.12,51505.355,5,5,51494.353,0.0,0.0,11.0,0.002,429211.291667
1711528,IT,LU,POSTT,RETA1,0.85,51504.258,4,4,51504.254,0.0,0.0,0.0,0.004,60593.244706
1672335,IT,FI,RESEA,COMPU,0.28,51503.307,4,4,51503.303,0.0,0.0,0.0,0.004,183940.382143
1735339,IT,SK,BRICK,CONST,0.08,51500.385,4,4,51500.382,0.0,0.0,0.0,0.003,643754.8125
1778875,IT,TR,SEACO,CRUDE,0.05,51499.985,3,3,51499.985,0.0,0.0,0.0,0.0,1029999.7
1770445,IT,AU,SEACO,LANDT,0.05,51498.746,3,3,51498.746,0.0,0.0,0.0,0.0,1029974.92
1687132,IT,HU,TRANS,BUSIN,0.31,51495.653,4,4,51495.65,0.0,0.0,0.0,0.003,166115.009677
1775614,IT,CH,RECRE,RESEA,0.65,51494.297,4,4,51494.293,0.0,0.0,0.0,0.004,79221.995385
1673640,IT,FR,WOODW,FOODW,0.14,51493.325,4,4,51493.322,0.0,0.0,0.0,0.003,367809.464286
1735080,IT,SK,CHEM1,GLASS,0.11,51493.067,4,4,51493.061,0.0,0.0,0.0,0.006,468118.790909
1792058,IT,WA,AIRTR,HEAVY,0.06,51493.063,4,4,51493.061,0.0,0.0,0.0,0.002,858217.716667
1719546,IT,PL,GLASS,DIST1,0.14,51492.82,4,4,51492.817,0.0,0.0,0.0,0.003,367805.857143
1806767,IT,WF,RETA1,CEREA,0.54,51490.719,4,4,51490.716,0.0,0.0,0.0,0.003,95353.183333
1753209,IT,CA,GLASS,REALE,0.14,51490.081,4,4,51490.078,0.0,0.0,0.0,0.003,367786.292857
1792469,IT,WA,AUXIL,AUXIL,0.94,51488.824,4,4,51488.821,0.0,0.0,0.0,0.003,54775.344681
1653006,IT,CZ,PLAST,PULP5,0.11,51487.906,4,4,51487.901,0.0,0.0,0.0,0.005,468071.872727
1795135,IT,WL,RUBBE,CERAM,0.17,51482.228,4,4,51482.223,0.0,0.0,0.0,0.005,302836.635294
1667854,IT,ES,OFFIC,SEWAG,0.16,51478.789,4,4,51478.785,0.0,0.0,0.0,0.004,321742.43125
1685644,IT,HU,KEROS,FURNI,0.08,51471.927,4,4,51471.923,0.0,0.0,0.0,0.004,643399.0875
1667086,IT,ES,NONME,REALE,0.1,51464.149,4,4,51464.143,0.0,0.0,0.0,0.006,514641.49
1801034,IT,WE,LEAD1,COMPU,0.09,51461.934,4,4,51461.93,0.0,0.0,0.0,0.004,571799.266667
1680921,IT,GR,LANDT,BUSIN,0.33,51454.012,4,4,51454.01,0.0,0.0,0.0,0.002,155921.248485
1761135,IT,IN,CHEM1,NONSP,0.11,51451.702,4,4,51451.696,0.0,0.0,0.0,0.006,467742.745455
1669752,IT,ES,BUSIN,LEATH,0.53,51450.896,4,4,51450.892,0.0,0.0,0.0,0.004,97077.162264
1734466,IT,SK,CRUDE,GASDI,0.1,51445.139,4,4,51445.135,0.0,0.0,0.0,0.004,514451.39
1788793,IT,WA,KEROS,LUBRI,0.08,51444.393,4,4,51444.389,0.0,0.0,0.0,0.004,643054.9125
1794430,IT,WL,GASDI,PIGS9,0.08,51441.805,4,4,51441.801,0.0,0.0,0.0,0.004,643022.5625
1688170,IT,HU,BUSIN,RETA1,0.53,51441.2,4,4,51441.196,0.0,0.0,0.0,0.004,97058.867925
1762241,IT,IN,AIRTR,FISHF,0.06,51437.275,4,4,51437.273,0.0,0.0,0.0,0.002,857287.916667
1759634,IT,BR,RESEA,PAPER,0.28,51433.033,4,4,51433.029,0.0,0.0,0.0,0.004,183689.403571
1715581,IT,NL,HEAVY,BUSIN,0.08,51430.72,4,4,51430.716,0.0,0.0,0.0,0.004,642884.0
1745492,IT,JP,FOOD5,BASIC,0.25,51428.8,4,4,51428.795,0.0,0.0,0.0,0.005,205715.2
1742019,IT,US,ADDIT,REALE,0.12,51428.716,4,4,51428.712,0.0,0.0,0.0,0.004,428572.633333
1724853,IT,PT,BUSIN,WEARI,0.53,51427.271,4,4,51427.267,0.0,0.0,0.0,0.004,97032.586792
1666846,IT,ES,GLASS,PROCE,0.14,51426.765,4,4,51426.762,0.0,0.0,0.0,0.003,367334.035714
1657995,IT,DE,PREC1,SANDC,0.09,51426.523,4,4,51426.521,0.0,0.0,0.0,0.002,571405.811111
1648964,IT,BG,LEATH,PADDY,0.37,51425.907,4,4,51425.898,0.0,0.0,0.0,0.009,138988.937838
1654739,IT,CZ,AIRTR,MEATP,0.06,51425.518,4,4,51425.516,0.0,0.0,0.0,0.002,857091.966667
1689219,IT,IE,WHOLE,PIGS9,0.44,51425.192,4,4,51425.189,0.0,0.0,0.0,0.003,116875.436364
1755822,IT,KR,CERAM,BUSIN,0.08,51421.565,4,4,51421.562,0.0,0.0,0.0,0.003,642769.5625
1776194,IT,TR,WOODW,CRUDE,0.14,51416.196,4,4,51416.193,0.0,0.0,0.0,0.003,367258.542857
1722954,IT,PT,HEAVY,KEROS,0.08,51416.081,4,4,51416.077,0.0,0.0,0.0,0.004,642701.0125
1782309,IT,NO,NONF1,FISH5,0.01,51413.696,3,3,51413.696,0.0,0.0,0.0,0.0,5141369.6
1646070,IT,BE,BASIC,GLASS,0.06,51409.155,4,4,51409.152,0.0,0.0,0.0,0.003,856819.25
1667829,IT,ES,OFFIC,TRAN2,0.16,51408.747,4,4,51408.743,0.0,0.0,0.0,0.004,321304.66875
1660172,IT,DE,SUPPO,MACHI,0.37,51406.462,4,4,51406.459,0.0,0.0,0.0,0.003,138936.383784
1758004,IT,BR,RUBBE,PLAST,0.17,51404.348,4,4,51404.343,0.0,0.0,0.0,0.005,302378.517647
1771523,IT,CH,TEXTI,VEGET,0.3,51404.214,4,4,51404.207,0.0,0.0,0.0,0.007,171347.38
1645605,IT,BE,CHEM1,NFERT,0.11,51404.039,4,4,51404.033,0.0,0.0,0.0,0.006,467309.445455
1652373,IT,CZ,TEXTI,FORES,0.3,51403.252,4,4,51403.245,0.0,0.0,0.0,0.007,171344.173333
1799869,IT,WE,GASDI,LEAD1,0.08,51402.272,4,4,51402.268,0.0,0.0,0.0,0.004,642528.4
1795596,IT,WL,NONF1,HOTEL,0.01,51402.213,3,3,51402.213,0.0,0.0,0.0,0.0,5140221.3
1673958,IT,FR,KEROS,VEGET,0.08,51401.824,4,4,51401.82,0.0,0.0,0.0,0.004,642522.8
1761913,IT,IN,FURNI,PRINT,0.16,51395.596,4,4,51395.592,0.0,0.0,0.0,0.004,321222.475
1804053,IT,WF,WOODW,MOTO1,0.14,51394.226,4,4,51394.223,0.0,0.0,0.0,0.003,367101.614286
1714111,IT,MT,SEACO,LANDT,0.05,51391.986,3,3,51391.986,0.0,0.0,0.0,0.0,1027839.72
1803116,IT,WF,VEGET,WOODW,0.18,51391.813,4,4,51391.811,0.0,0.0,0.0,0.002,285510.072222
1712209,IT,LV,PAPER,FOOD5,0.2,51389.302,4,4,51389.297,0.0,0.0,0.0,0.005,256946.51
1776800,IT,TR,NAPHT,CEMEN,0.09,51384.754,4,4,51384.75,0.0,0.0,0.0,0.004,570941.711111
1685763,IT,HU,PLAST,PRINT,0.11,51381.697,4,4,51381.692,0.0,0.0,0.0,0.005,467106.336364
1754977,IT,KR,TEXTI,INLAN,0.3,51380.802,4,4,51380.795,0.0,0.0,0.0,0.007,171269.34
1770502,IT,AU,AIRTR,DIST1,0.06,51380.335,4,4,51380.333,0.0,0.0,0.0,0.002,856338.916667
1754084,IT,CA,AIRTR,WOODW,0.06,51379.486,4,4,51379.484,0.0,0.0,0.0,0.002,856324.766667
1659020,IT,DE,ELEC2,TRANS,0.01,51377.92,4,4,51377.915,0.0,0.0,0.0,0.005,5137792.0
1660509,IT,DE,INSUR,DISTR,1.06,51376.038,4,4,51376.036,0.0,0.0,0.0,0.002,48467.960377
1726553,IT,RO,OFFIC,BASIC,0.16,51372.682,4,4,51372.678,0.0,0.0,0.0,0.004,321079.2625
1748537,IT,CN,MEATP,MEATP,0.21,51369.996,4,4,51369.99,0.0,0.0,0.0,0.006,244619.028571
1689264,IT,IE,WHOLE,MOTO1,0.44,51367.93,4,4,51367.927,0.0,0.0,0.0,0.003,116745.295455
1673901,IT,FR,MOTOR,OILSE,0.08,51367.061,4,4,51367.057,0.0,0.0,0.0,0.004,642088.2625
1781473,IT,NO,BEVER,CONST,0.22,51358.458,4,4,51358.455,0.0,0.0,0.0,0.003,233447.536364
1661977,IT,DK,PETRO,LIQUE,0.09,51357.548,4,4,51357.544,0.0,0.0,0.0,0.004,570639.422222
1715613,IT,NL,LIQUE,BUSIN,0.09,51355.742,4,4,51355.738,0.0,0.0,0.0,0.004,570619.355556
1687426,IT,HU,HOTEL,RECRE,0.37,51353.246,4,4,51353.242,0.0,0.0,0.0,0.004,138792.556757
1641006,IT,AT,WOODW,RECRE,0.14,51352.922,4,4,51352.919,0.0,0.0,0.0,0.003,366806.585714
1745257,IT,JP,CHEMI,SUPPO,0.12,51352.201,5,5,51349.196,0.0,0.0,3.0,0.005,427935.008333
1662533,IT,DK,NONF1,BASIC,0.01,51349.873,3,3,51349.873,0.0,0.0,0.0,0.0,5134987.3
1748472,IT,CN,STONE,OFFIC,0.17,51347.723,5,5,51344.721,0.0,0.0,3.0,0.002,302045.429412
1664405,IT,EE,MACHI,PFERT,0.29,51345.516,4,4,51345.512,0.0,0.0,0.0,0.004,177053.503448
1717127,IT,NL,SEACO,RESEA,0.05,51344.063,3,3,51344.063,0.0,0.0,0.0,0.0,1026881.26
1644055,IT,AT,BUSIN,NONF1,0.53,51343.819,4,4,51343.815,0.0,0.0,0.0,0.004,96875.130189
1737177,IT,GB,DAIRY,VEGE1,0.21,51340.517,4,4,51340.514,0.0,0.0,0.0,0.003,244478.652381
1786339,IT,ZA,MACHI,FISHF,0.29,51339.417,4,4,51339.413,0.0,0.0,0.0,0.004,177032.472414
1799615,IT,WE,MOTOR,LEADZ,0.08,51338.774,4,4,51338.77,0.0,0.0,0.0,0.004,641734.675
1771535,IT,CH,TEXTI,BEVER,0.3,51337.72,4,4,51337.713,0.0,0.0,0.0,0.007,171125.733333
1689361,IT,IE,RETA1,DISTR,0.54,51334.122,4,4,51334.119,0.0,0.0,0.0,0.003,95063.188889
1646702,IT,BE,FURNI,REALE,0.16,51332.454,4,4,51332.45,0.0,0.0,0.0,0.004,320827.8375
1710628,IT,LU,MEATC,RENTI,0.17,51324.91,5,5,51323.907,0.0,1.0,0.0,0.003,301911.235294
1645772,IT,BE,RUBBE,RADIO,0.17,51322.94,4,4,51322.935,0.0,0.0,0.0,0.005,301899.647059
1774677,IT,CH,AIRTR,RENTI,0.06,51322.382,4,4,51322.38,0.0,0.0,0.0,0.002,855373.033333
1749093,IT,CN,WOODW,WEARI,0.14,51321.662,4,4,51321.659,0.0,0.0,0.0,0.003,366583.3
1674045,IT,FR,GASDI,FURNI,0.08,51321.614,4,4,51321.61,0.0,0.0,0.0,0.004,641520.175
1807562,IT,WF,COMPU,CRUDE,0.59,51313.982,4,4,51313.979,0.0,0.0,0.0,0.003,86972.850847
1728040,IT,SE,CHEMI,BUSIN,0.12,51311.612,5,5,51308.607,0.0,0.0,3.0,0.005,427596.766667
1747234,IT,JP,SALEM,SALEM,0.41,51304.006,4,4,51304.003,0.0,0.0,0.0,0.003,125131.721951
1804225,IT,WF,PRINT,COMPU,0.49,51301.729,4,4,51301.725,0.0,0.0,0.0,0.004,104697.406122
1781987,IT,NO,RUBBE,PRINT,0.17,51300.48,4,4,51300.475,0.0,0.0,0.0,0.005,301767.529412
1758886,IT,BR,HOTEL,ELEC4,0.37,51298.433,4,4,51298.429,0.0,0.0,0.0,0.004,138644.413514
1754133,IT,CA,AIRTR,REALE,0.06,51298.428,4,4,51298.426,0.0,0.0,0.0,0.002,854973.8
1666983,IT,ES,CERAM,RECRE,0.08,51292.975,4,4,51292.972,0.0,0.0,0.0,0.003,641162.1875
1755592,IT,KR,CHEM1,RENTI,0.11,51291.05,4,4,51291.044,0.0,0.0,0.0,0.006,466282.272727
1656255,IT,DE,WEARI,FURNI,0.39,51289.678,4,4,51289.668,0.0,0.0,0.0,0.01,131511.994872
1812668,IT,WM,COPP1,CEMEN,0.13,51288.691,4,4,51288.688,0.0,0.0,0.0,0.003,394528.392308
1792633,IT,WA,RESEA,MEATA,0.28,51285.811,4,4,51285.807,0.0,0.0,0.0,0.004,183163.610714
1806096,IT,WF,FABRI,NONFE,0.21,51284.392,4,4,51284.388,0.0,0.0,0.0,0.004,244211.390476
1813251,IT,WM,TRANS,HEAVY,0.31,51282.761,4,4,51282.758,0.0,0.0,0.0,0.003,165428.26129
1651341,IT,CY,WOODW,RETA1,0.14,51281.489,4,4,51281.486,0.0,0.0,0.0,0.003,366296.35
1768991,IT,AU,PAPER,INSUR,0.2,51275.77,4,4,51275.765,0.0,0.0,0.0,0.005,256378.85
1665445,IT,ES,WEARI,VEGET,0.39,51275.266,4,4,51275.256,0.0,0.0,0.0,0.01,131475.041026
1812869,IT,WM,FABRI,DIST1,0.21,51273.708,4,4,51273.704,0.0,0.0,0.0,0.004,244160.514286
1712456,IT,LV,PREC1,CONST,0.09,51272.537,4,4,51272.535,0.0,0.0,0.0,0.002,569694.855556
1788789,IT,WA,KEROS,REFI1,0.08,51271.292,4,4,51271.288,0.0,0.0,0.0,0.004,640891.15
1649919,IT,BG,FABRI,KEROS,0.21,51267.908,4,4,51267.904,0.0,0.0,0.0,0.004,244132.895238
1665293,IT,ES,BEVER,DISTR,0.22,51266.285,4,4,51266.282,0.0,0.0,0.0,0.003,233028.568182
1735265,IT,SK,GLASS,PULP5,0.14,51265.356,4,4,51265.353,0.0,0.0,0.0,0.003,366181.114286
1642266,IT,AT,NONME,TRANS,0.1,51265.189,4,4,51265.183,0.0,0.0,0.0,0.006,512651.89
1780250,IT,TW,LANDT,FOOD5,0.33,51262.332,4,4,51262.33,0.0,0.0,0.0,0.002,155340.4
1809279,IT,WM,CRUDE,RESEA,0.1,51256.748,4,4,51256.744,0.0,0.0,0.0,0.004,512567.48
1772391,IT,CH,CHEM1,LIQUE,0.11,51256.707,4,4,51256.701,0.0,0.0,0.0,0.006,465970.063636
1778857,IT,TR,TRAN2,NONF1,0.08,51252.314,3,3,51252.314,0.0,0.0,0.0,0.0,640653.925
1661844,IT,DK,PAPER,PULP5,0.2,51251.559,4,4,51251.554,0.0,0.0,0.0,0.005,256257.795
1794183,IT,WL,PRINT,CHEM1,0.49,51251.484,4,4,51251.48,0.0,0.0,0.0,0.004,104594.865306
1729334,IT,SE,NONME,BUSIN,0.1,51249.151,4,4,51249.145,0.0,0.0,0.0,0.006,512491.51
1676384,IT,FR,WHOLE,NONME,0.44,51246.507,4,4,51246.504,0.0,0.0,0.0,0.003,116469.334091
1711361,IT,LU,WHOLE,RECRE,0.44,51246.155,4,4,51246.152,0.0,0.0,0.0,0.003,116468.534091
1642211,IT,AT,CEMEN,RETA1,0.08,51244.872,4,4,51244.87,0.0,0.0,0.0,0.002,640560.9
1671880,IT,FI,HOTEL,CONST,0.37,51238.699,4,4,51238.695,0.0,0.0,0.0,0.004,138482.97027
1673402,IT,FR,WEARI,FISH5,0.39,51238.182,4,4,51238.172,0.0,0.0,0.0,0.01,131379.953846
1749525,IT,CN,NONSP,LIQUE,0.07,51236.945,4,4,51236.942,0.0,0.0,0.0,0.003,731956.357143
1763496,IT,MX,PFERT,WHEAT,0.02,51236.846,4,4,51236.838,0.0,0.0,0.0,0.008,2561842.3
1814059,IT,WM,AIRTR,CATTL,0.06,51236.331,4,4,51236.329,0.0,0.0,0.0,0.002,853938.85
1729173,IT,SE,GLASS,BUSIN,0.14,51233.271,4,4,51233.268,0.0,0.0,0.0,0.003,365951.935714
1738404,IT,GB,ALUM1,CRUDE,0.09,51230.574,4,4,51230.57,0.0,0.0,0.0,0.004,569228.6
1685672,IT,HU,HEAVY,GASDI,0.08,51229.591,4,4,51229.587,0.0,0.0,0.0,0.004,640369.8875
1769429,IT,AU,NONME,WOODW,0.1,51227.887,4,4,51227.881,0.0,0.0,0.0,0.006,512278.87
1757744,IT,BR,PARAF,GASDI,0.08,51225.983,4,4,51225.979,0.0,0.0,0.0,0.004,640324.7875
1798526,IT,WE,STONE,CONST,0.17,51224.845,5,5,51221.843,0.0,0.0,3.0,0.002,301322.617647
1752236,IT,CA,VEGET,DIST1,0.18,51223.159,4,4,51223.157,0.0,0.0,0.0,0.002,284573.105556
1743976,IT,US,AIRTR,TEXTI,0.06,51216.324,4,4,51216.322,0.0,0.0,0.0,0.002,853605.4
1738948,IT,GB,FURNI,PAPE4,0.16,51215.056,4,4,51215.052,0.0,0.0,0.0,0.004,320094.1
1719892,IT,PL,PREC1,STONE,0.09,51213.972,4,4,51213.97,0.0,0.0,0.0,0.002,569044.133333
1731587,IT,SI,TEXTI,RESEA,0.3,51208.096,4,4,51208.089,0.0,0.0,0.0,0.007,170693.653333
1808568,IT,WF,PAPE4,CONST,0.34,51204.84,4,4,51204.837,0.0,0.0,0.0,0.003,150602.470588
1783102,IT,NO,INSUR,HEALT,1.06,51204.354,4,4,51204.352,0.0,0.0,0.0,0.002,48305.99434
1771399,IT,CH,FOOD5,PAPER,0.25,51204.061,4,4,51204.056,0.0,0.0,0.0,0.005,204816.244
1782872,IT,NO,SEACO,MEATP,0.05,51203.565,3,3,51203.565,0.0,0.0,0.0,0.0,1024071.3
1790506,IT,WA,COPP1,TRANS,0.13,51197.936,4,4,51197.933,0.0,0.0,0.0,0.003,393830.276923
1717106,IT,NL,SEACO,BEVER,0.05,51193.023,3,3,51193.023,0.0,0.0,0.0,0.0,1023860.46
1710832,IT,LU,PAPER,RETA1,0.2,51192.456,4,4,51192.451,0.0,0.0,0.0,0.005,255962.28
1657637,IT,DE,CERAM,PAPER,0.08,51191.013,4,4,51191.01,0.0,0.0,0.0,0.003,639887.6625
1653711,IT,CZ,COPP1,STONE,0.13,51188.992,4,4,51188.989,0.0,0.0,0.0,0.003,393761.476923
1653910,IT,CZ,FABRI,RENTI,0.21,51188.126,4,4,51188.122,0.0,0.0,0.0,0.004,243752.980952
1720312,IT,PL,FABRI,ELECT,0.21,51181.588,4,4,51181.584,0.0,0.0,0.0,0.004,243721.847619
1738868,IT,GB,TRANS,HOTEL,0.31,51181.572,4,4,51181.569,0.0,0.0,0.0,0.003,165101.845161
1664477,IT,EE,MOTO1,FORES,0.27,51173.971,4,4,51173.968,0.0,0.0,0.0,0.003,189533.225926
1773076,IT,CH,ALUM1,BUSIN,0.09,51173.442,4,4,51173.438,0.0,0.0,0.0,0.004,568593.8
1752832,IT,CA,PAPER,SALEM,0.2,51172.003,4,4,51171.998,0.0,0.0,0.0,0.005,255860.015
1766687,IT,RU,FABRI,POSTT,0.21,51167.804,4,4,51167.8,0.0,0.0,0.0,0.004,243656.209524
1767019,IT,RU,TRANS,FURNI,0.31,51167.35,4,4,51167.347,0.0,0.0,0.0,0.003,165055.967742
1660015,IT,DE,INLAN,WHOLE,0.08,51166.081,4,4,51166.078,0.0,0.0,0.0,0.003,639576.0125
1654641,IT,CZ,LANDT,PAPER,0.33,51163.395,4,4,51163.393,0.0,0.0,0.0,0.002,155040.590909
1753212,IT,CA,GLASS,BUSIN,0.14,51159.967,4,4,51159.964,0.0,0.0,0.0,0.003,365428.335714
1808424,IT,WF,FOOD4,POULT,0.37,51158.845,4,4,51158.842,0.0,0.0,0.0,0.003,138267.148649
1777458,IT,TR,BASIC,LIGNI,0.06,51151.323,4,4,51151.32,0.0,0.0,0.0,0.003,852522.05
1672592,IT,FR,POULT,LEATH,0.14,51150.679,4,4,51150.675,0.0,0.0,0.0,0.004,365361.992857
1789094,IT,WA,BITU1,WHOLE,0.08,51149.8,4,4,51149.796,0.0,0.0,0.0,0.004,639372.5
1800805,IT,WE,BASIC,TEXTI,0.06,51149.456,4,4,51149.453,0.0,0.0,0.0,0.003,852490.933333
1793809,IT,WL,TEXTI,MEAT1,0.3,51149.232,4,4,51149.225,0.0,0.0,0.0,0.007,170497.44
1648850,IT,BG,TEXTI,LEATH,0.3,51146.099,4,4,51146.092,0.0,0.0,0.0,0.007,170486.996667
1675112,IT,FR,LEAD1,FABRI,0.09,51143.738,4,4,51143.734,0.0,0.0,0.0,0.004,568263.755556
1759247,IT,BR,POSTT,PAPER,0.84,51143.735,4,4,51143.731,0.0,0.0,0.0,0.004,60885.39881
1749481,IT,CN,HEAVY,SUPPO,0.08,51142.668,4,4,51142.664,0.0,0.0,0.0,0.004,639283.35
1680383,IT,GR,ELEC2,OFFIC,0.01,51139.939,4,4,51139.934,0.0,0.0,0.0,0.005,5113993.9
1793817,IT,WL,TEXTI,FISH5,0.3,51138.655,4,4,51138.648,0.0,0.0,0.0,0.007,170462.183333
1725367,IT,RO,TEXTI,MEAT1,0.3,51138.348,4,4,51138.341,0.0,0.0,0.0,0.007,170461.16
1661658,IT,DK,TEXTI,MACHI,0.3,51136.981,4,4,51136.974,0.0,0.0,0.0,0.007,170456.603333
1751878,IT,CN,COMPU,FOOD5,0.58,51123.625,4,4,51123.622,0.0,0.0,0.0,0.003,88144.181034
1755922,IT,KR,BASIC,ELEC2,0.06,51123.52,4,4,51123.517,0.0,0.0,0.0,0.003,852058.666667
1763219,IT,MX,WOODW,PLAST,0.14,51119.026,4,4,51119.023,0.0,0.0,0.0,0.003,365135.9
1760244,IT,BR,TEXT2,CONST,0.37,51117.025,4,4,51117.022,0.0,0.0,0.0,0.003,138154.121622
1771681,IT,CH,WEARI,SUPPO,0.39,51115.946,4,4,51115.936,0.0,0.0,0.0,0.01,131066.528205
1754491,IT,CA,BUSIN,MOTOR,0.52,51114.1,4,4,51114.096,0.0,0.0,0.0,0.004,98296.346154
1793418,IT,WL,CROPS,HOTEL,0.4,51109.904,4,4,51109.901,0.0,0.0,0.0,0.003,127774.76
1742781,IT,US,FABRI,ELEC2,0.21,51109.413,4,4,51109.409,0.0,0.0,0.0,0.004,243378.157143
1809736,IT,WM,FOOD5,PADDY,0.25,51109.033,4,4,51109.028,0.0,0.0,0.0,0.005,204436.132
1762294,IT,IN,AIRTR,SALEM,0.06,51108.879,4,4,51108.877,0.0,0.0,0.0,0.002,851814.65
1740547,IT,US,CEREA,FOOD5,0.08,51108.079,4,4,51108.076,0.0,0.0,0.0,0.003,638850.9875
1802397,IT,WE,SEACO,93197,0.05,51107.881,3,3,51107.881,0.0,0.0,0.0,0.0,1022157.62
1810959,IT,WM,GASDI,NFERT,0.08,51106.981,4,4,51106.977,0.0,0.0,0.0,0.004,638837.2625
1726596,IT,RO,MOTO1,FORES,0.27,51105.649,4,4,51105.646,0.0,0.0,0.0,0.003,189280.181481
1664500,IT,EE,MOTO1,WHOLE,0.27,51105.187,4,4,51105.184,0.0,0.0,0.0,0.003,189278.47037
1673784,IT,FR,PAPER,FOOD1,0.2,51101.542,4,4,51101.537,0.0,0.0,0.0,0.005,255507.71
1793871,IT,WL,TEXTI,SEACO,0.3,51099.375,4,4,51099.368,0.0,0.0,0.0,0.007,170331.25
1717743,IT,NL,BUSIN,93197,0.52,51097.369,4,4,51097.365,0.0,0.0,0.0,0.004,98264.171154
1738928,IT,GB,FURNI,POSTT,0.16,51095.352,4,4,51095.348,0.0,0.0,0.0,0.004,319345.95
1686695,IT,HU,COPP1,GASDI,0.13,51095.047,4,4,51095.044,0.0,0.0,0.0,0.003,393038.823077
1656948,IT,DE,LIQUE,NONME,0.09,51094.959,4,4,51094.955,0.0,0.0,0.0,0.004,567721.766667
1676526,IT,FR,HOTEL,OILSE,0.37,51092.883,4,4,51092.879,0.0,0.0,0.0,0.004,138088.872973
1752781,IT,CA,WOODW,RETA1,0.14,51090.945,4,4,51090.942,0.0,0.0,0.0,0.003,364935.321429
1796919,IT,WL,AIRTR,WOOLS,0.06,51089.805,4,4,51089.803,0.0,0.0,0.0,0.002,851496.75
1712046,IT,LV,BEVER,PIGS9,0.22,51088.714,4,4,51088.711,0.0,0.0,0.0,0.003,232221.427273
1654125,IT,CZ,MOTO1,WHEAT,0.27,51084.677,4,4,51084.674,0.0,0.0,0.0,0.003,189202.507407
1803000,IT,WF,WHEAT,RADIO,0.04,51084.165,3,3,51084.165,0.0,0.0,0.0,0.0,1277104.125
1657121,IT,DE,PLAST,NUCLE,0.11,51082.883,4,4,51082.878,0.0,0.0,0.0,0.005,464389.845455
1660374,IT,DE,FINAN,ALUM1,0.67,51074.341,3,3,51074.341,0.0,0.0,0.0,0.0,76230.359701
1666128,IT,ES,GASDI,FOUND,0.08,51073.542,4,4,51073.538,0.0,0.0,0.0,0.004,638419.275
1752369,IT,CA,MEAT4,WHOLE,0.28,51072.459,4,4,51072.456,0.0,0.0,0.0,0.003,182401.639286
1782620,IT,NO,FURNI,COMPU,0.16,51072.457,4,4,51072.453,0.0,0.0,0.0,0.004,319202.85625
1787912,IT,WA,BEVER,OFFIC,0.22,51072.366,4,4,51072.363,0.0,0.0,0.0,0.003,232147.118182
1740920,IT,US,FOOD5,FISH5,0.25,51071.945,4,4,51071.94,0.0,0.0,0.0,0.005,204287.78
1713316,IT,MT,MOTOR,RECRE,0.08,51071.338,4,4,51071.334,0.0,0.0,0.0,0.004,638391.725
1719045,IT,PL,HEAVY,LANDT,0.08,51067.323,4,4,51067.319,0.0,0.0,0.0,0.004,638341.5375
1731534,IT,SI,FISH5,BUSIN,0.21,51066.19,4,4,51066.164,0.0,0.0,0.0,0.026,243172.333333
1745133,IT,US,RECRE,HOTEL,0.65,51064.25,4,4,51064.246,0.0,0.0,0.0,0.004,78560.384615
1666966,IT,ES,CERAM,LANDT,0.08,51061.62,4,4,51061.617,0.0,0.0,0.0,0.003,638270.25
1651751,IT,CY,MACHI,HOTEL,0.28,51061.605,4,4,51061.601,0.0,0.0,0.0,0.004,182362.875
1788015,IT,WA,TEXTI,HEAVY,0.3,51057.188,4,4,51057.181,0.0,0.0,0.0,0.007,170190.626667
1712329,IT,LV,RUBBE,FABRI,0.17,51055.191,4,4,51055.186,0.0,0.0,0.0,0.005,300324.652941
1648141,IT,BE,BUSIN,CROPS,0.52,51053.166,4,4,51053.162,0.0,0.0,0.0,0.004,98179.165385
1800493,IT,WE,RUBBE,TOBAC,0.17,51052.739,4,4,51052.734,0.0,0.0,0.0,0.005,300310.229412
1731560,IT,SI,TEXTI,FABRI,0.3,51047.662,4,4,51047.655,0.0,0.0,0.0,0.007,170158.873333
1721326,IT,PL,LANDT,93197,0.33,51046.392,4,4,51046.39,0.0,0.0,0.0,0.002,154686.036364
1724369,IT,PT,SEACO,WHOLE,0.05,51046.368,3,3,51046.368,0.0,0.0,0.0,0.0,1020927.36
1659646,IT,DE,HOTEL,INLAN,0.37,51045.33,4,4,51045.326,0.0,0.0,0.0,0.004,137960.351351
1751316,IT,CN,LANDT,FISH5,0.33,51043.321,4,4,51043.319,0.0,0.0,0.0,0.002,154676.730303
1753778,IT,CA,FURNI,SUPPO,0.16,51038.685,4,4,51038.681,0.0,0.0,0.0,0.004,318991.78125
1642258,IT,AT,NONME,LEAD1,0.1,51038.548,4,4,51038.542,0.0,0.0,0.0,0.006,510385.48
1679234,IT,GR,KEROS,LUBRI,0.08,51031.958,4,4,51031.954,0.0,0.0,0.0,0.004,637899.475
1789552,IT,WA,ADDIT,RECRE,0.12,51028.068,4,4,51028.064,0.0,0.0,0.0,0.004,425233.9
1731788,IT,SI,PAPER,CERAM,0.2,51026.953,4,4,51026.948,0.0,0.0,0.0,0.005,255134.765
1789871,IT,WA,CERAM,RESEA,0.08,51024.599,4,4,51024.596,0.0,0.0,0.0,0.003,637807.4875
1714478,IT,NL,FORES,RECRE,0.45,51024.332,4,4,51004.332,0.0,20.0,0.0,0.0,113387.404444
1792732,IT,WA,BUSIN,LIQUE,0.52,51018.739,4,4,51018.735,0.0,0.0,0.0,0.004,98112.959615
1795519,IT,WL,ALUM1,RUBBE,0.09,51017.619,4,4,51017.615,0.0,0.0,0.0,0.004,566862.433333
1743932,IT,US,SEACO,FOODW,0.05,51015.95,3,3,51015.95,0.0,0.0,0.0,0.0,1020319.0
1756048,IT,KR,FABRI,FOOD5,0.21,51012.642,4,4,51012.638,0.0,0.0,0.0,0.004,242917.342857
1725433,IT,RO,TEXTI,WASTE,0.3,51011.533,4,4,51011.526,0.0,0.0,0.0,0.007,170038.443333
1772799,IT,CH,NONME,COLLE,0.1,51010.602,4,4,51010.596,0.0,0.0,0.0,0.006,510106.02
1808678,IT,WF,INERT,WHOLE,0.37,51008.657,4,4,51008.654,0.0,0.0,0.0,0.003,137861.235135
1758876,IT,BR,HOTEL,FABRI,0.37,51006.739,4,4,51006.735,0.0,0.0,0.0,0.004,137856.051351
1661225,IT,DK,CEREA,HOTEL,0.08,51006.537,4,4,51006.534,0.0,0.0,0.0,0.003,637581.7125
1733042,IT,SI,COPP1,BASIC,0.13,51002.511,4,4,51002.508,0.0,0.0,0.0,0.003,392327.007692
1763999,IT,MX,ALUM1,OFFIC,0.09,51000.314,4,4,51000.31,0.0,0.0,0.0,0.004,566670.155556
1727266,IT,RO,SUPPO,REALE,0.37,50999.682,4,4,50999.679,0.0,0.0,0.0,0.003,137836.978378
1643443,IT,AT,LANDT,LEAD1,0.33,50998.86,4,4,50998.858,0.0,0.0,0.0,0.002,154542.0
1684086,IT,HR,HOTEL,SEACO,0.37,50996.24,4,4,50996.236,0.0,0.0,0.0,0.004,137827.675676
1713767,IT,MT,OFFIC,HEALT,0.16,50995.077,4,4,50995.073,0.0,0.0,0.0,0.004,318719.23125
1797436,IT,WL,COMPU,AUXIL,0.58,50994.684,4,4,50994.681,0.0,0.0,0.0,0.003,87921.868966
1723545,IT,PT,NONF1,OFFIC,0.01,50993.48,3,3,50993.48,0.0,0.0,0.0,0.0,5099348.0
1666893,IT,ES,GLASS,SECO9,0.14,50992.997,4,4,50992.994,0.0,0.0,0.0,0.003,364235.692857
1688183,IT,HU,BUSIN,RENTI,0.52,50991.546,4,4,50991.542,0.0,0.0,0.0,0.004,98060.665385
1747151,IT,JP,CONST,PFERT,0.29,50988.931,4,4,50988.928,0.0,0.0,0.0,0.003,175823.9
1666882,IT,ES,GLASS,COPP1,0.14,50988.376,4,4,50988.373,0.0,0.0,0.0,0.003,364202.685714
1682695,IT,HR,GASDI,OILSE,0.08,50985.337,4,4,50985.333,0.0,0.0,0.0,0.004,637316.7125
1718039,IT,PL,MEATC,MEATC,0.17,50984.348,5,5,50983.345,0.0,1.0,0.0,0.003,299907.929412
1766499,IT,RU,ALUM1,DISTR,0.09,50980.615,4,4,50980.611,0.0,0.0,0.0,0.004,566451.277778
1665075,IT,ES,VEGE1,CATTL,0.16,50979.325,4,4,50979.314,0.0,0.0,0.0,0.011,318620.78125
1725867,IT,RO,HEAVY,MEATC,0.08,50977.142,4,4,50977.138,0.0,0.0,0.0,0.004,637214.275
1671133,IT,FI,GLASS,MACHI,0.14,50976.855,4,4,50976.852,0.0,0.0,0.0,0.003,364120.392857
1714436,IT,NL,MEATA,MEAT4,0.28,50975.304,4,4,50975.296,0.0,0.0,0.0,0.008,182054.657143
1678489,IT,FR,RECRE,RENTI,0.65,50972.821,4,4,50972.817,0.0,0.0,0.0,0.004,78419.724615
1785675,IT,ZA,HEAVY,RENTI,0.08,50972.03,4,4,50972.026,0.0,0.0,0.0,0.004,637150.375
1780664,IT,TW,AUXIL,BASIC,0.93,50966.964,4,4,50966.962,0.0,0.0,0.0,0.002,54803.187097
1749504,IT,CN,PETRO,BITUM,0.09,50966.773,4,4,50966.769,0.0,0.0,0.0,0.004,566297.477778
1751473,IT,CN,AIRTR,RETAI,0.06,50965.538,4,4,50965.536,0.0,0.0,0.0,0.002,849425.633333
1746222,IT,JP,CHEM1,PULP5,0.11,50965.188,4,4,50965.182,0.0,0.0,0.0,0.006,463319.890909
1733967,IT,SI,SUPPO,RETA1,0.37,50957.747,4,4,50957.744,0.0,0.0,0.0,0.003,137723.640541
1812676,IT,WM,COPP1,OFFIC,0.13,50957.339,4,4,50957.336,0.0,0.0,0.0,0.003,391979.530769
1648743,IT,BG,FOOD5,BUSIN,0.24,50957.126,4,4,50957.121,0.0,0.0,0.0,0.005,212321.358333
1665152,IT,ES,DAIRY,EDUCA,0.21,50956.019,4,4,50956.016,0.0,0.0,0.0,0.003,242647.709524
1642402,IT,AT,PREC1,FABRI,0.09,50954.342,4,4,50954.34,0.0,0.0,0.0,0.002,566159.355556
1653109,IT,CZ,CHEM1,COKEO,0.11,50953.887,4,4,50953.881,0.0,0.0,0.0,0.006,463217.154545
1764832,IT,MX,SEACO,FABRI,0.05,50953.839,3,3,50953.839,0.0,0.0,0.0,0.0,1019076.78
1660370,IT,DE,FINAN,CEMEN,0.66,50952.536,3,3,50952.536,0.0,0.0,0.0,0.0,77200.812121
1769319,IT,AU,GLASS,BITUM,0.14,50952.308,4,4,50952.305,0.0,0.0,0.0,0.003,363945.057143
1672706,IT,FR,SANDC,FOUND,0.12,50951.512,5,5,50940.51,0.0,0.0,11.0,0.002,424595.933333
1812114,IT,WM,BRICK,CROPS,0.08,50951.141,4,4,50951.138,0.0,0.0,0.0,0.003,636889.2625
1681991,IT,HR,FOOD5,PUBLI,0.24,50950.604,4,4,50950.599,0.0,0.0,0.0,0.005,212294.183333
1740966,IT,US,FOOD5,93197,0.24,50950.143,4,4,50950.138,0.0,0.0,0.0,0.005,212292.2625
1671580,IT,FI,MOTO1,FURNI,0.27,50949.277,4,4,50949.274,0.0,0.0,0.0,0.003,188701.025926
1754728,IT,KR,DAIRY,MEATP,0.21,50941.123,4,4,50941.12,0.0,0.0,0.0,0.003,242576.77619
1715381,IT,NL,PRINT,LANDT,0.49,50938.095,4,4,50938.091,0.0,0.0,0.0,0.004,103955.295918
1801089,IT,WE,COPP1,RETA1,0.13,50936.476,4,4,50936.473,0.0,0.0,0.0,0.003,391819.046154
1666188,IT,ES,HEAVY,STONE,0.08,50928.245,4,4,50928.241,0.0,0.0,0.0,0.004,636603.0625
1791413,IT,WA,WHOLE,MEATC,0.44,50925.407,4,4,50925.404,0.0,0.0,0.0,0.003,115739.561364
1640556,IT,AT,FOOD5,PREC1,0.24,50920.632,4,4,50920.627,0.0,0.0,0.0,0.005,212169.3
1769662,IT,AU,FABRI,DISTR,0.21,50918.426,4,4,50918.422,0.0,0.0,0.0,0.004,242468.695238
1805846,IT,WF,ALUM1,SANDC,0.09,50918.161,4,4,50918.157,0.0,0.0,0.0,0.004,565757.344444
1778240,IT,TR,FURNI,PUBLI,0.16,50916.787,4,4,50916.783,0.0,0.0,0.0,0.004,318229.91875
1732698,IT,SI,CERAM,REALE,0.08,50911.978,4,4,50911.975,0.0,0.0,0.0,0.003,636399.725
1677859,IT,FR,BUSIN,FISH5,0.52,50909.118,4,4,50909.114,0.0,0.0,0.0,0.004,97902.15
1720235,IT,PL,NONF1,COPP1,0.01,50908.554,3,3,50908.554,0.0,0.0,0.0,0.0,5090855.4
1720397,IT,PL,MACHI,MEATC,0.28,50905.99,4,4,50905.986,0.0,0.0,0.0,0.004,181807.107143
1805284,IT,WF,ADDIT,MEAT4,0.12,50903.925,4,4,50903.921,0.0,0.0,0.0,0.004,424199.375
1776901,IT,TR,PLAST,MOTOR,0.11,50898.035,4,4,50898.03,0.0,0.0,0.0,0.005,462709.409091
1652388,IT,CZ,TEXTI,PRINT,0.3,50897.913,4,4,50897.906,0.0,0.0,0.0,0.007,169659.71
1640582,IT,AT,FOOD5,REALE,0.24,50897.75,4,4,50897.745,0.0,0.0,0.0,0.005,212073.958333
1660743,IT,DE,RENTI,COMPU,0.3,50897.358,4,4,50897.355,0.0,0.0,0.0,0.003,169657.86
1785907,IT,ZA,RUBBE,ANTHR,0.17,50896.068,4,4,50896.063,0.0,0.0,0.0,0.005,299388.635294
1684219,IT,HR,SEACO,FISHF,0.05,50894.597,3,3,50894.597,0.0,0.0,0.0,0.0,1017891.94
1775533,IT,CH,FOOD4,MEAT1,0.37,50892.956,4,4,50892.953,0.0,0.0,0.0,0.003,137548.52973
1801291,IT,WE,MACHI,STONE,0.28,50889.437,4,4,50889.433,0.0,0.0,0.0,0.004,181747.989286
1709729,IT,LT,CHEM1,FURNI,0.11,50886.048,4,4,50886.042,0.0,0.0,0.0,0.006,462600.436364
1772692,IT,CH,CERAM,TRANS,0.08,50884.527,4,4,50884.524,0.0,0.0,0.0,0.003,636056.5875
1676151,IT,FR,CONST,FISHF,0.28,50884.347,4,4,50884.344,0.0,0.0,0.0,0.003,181729.810714
1726465,IT,RO,FABRI,FURNI,0.21,50883.642,4,4,50883.638,0.0,0.0,0.0,0.004,242303.057143
1681071,IT,GR,SUPPO,BEVER,0.37,50882.749,4,4,50882.747,0.0,0.0,0.0,0.002,137520.943243
1674271,IT,FR,PARAF,NAPHT,0.08,50881.045,4,4,50881.041,0.0,0.0,0.0,0.004,636013.0625
1737291,IT,GB,FOOD5,RESEA,0.24,50879.797,4,4,50879.792,0.0,0.0,0.0,0.005,211999.154167
1687024,IT,HU,OFFIC,RETA1,0.16,50877.59,4,4,50877.586,0.0,0.0,0.0,0.004,317984.9375
1720849,IT,PL,FURNI,SUPPO,0.16,50875.482,4,4,50875.478,0.0,0.0,0.0,0.004,317971.7625
1660793,IT,DE,COMPU,GASDI,0.58,50874.712,4,4,50874.709,0.0,0.0,0.0,0.003,87715.02069
1648282,IT,BE,PUBLI,HEAVY,0.83,50873.562,4,4,50873.558,0.0,0.0,0.0,0.004,61293.448193
1798571,IT,WE,CHEMI,INSUR,0.12,50872.253,5,5,50870.248,0.0,0.0,2.0,0.005,423935.441667
1750038,IT,CN,NONME,DISTR,0.1,50863.243,4,4,50863.237,0.0,0.0,0.0,0.006,508632.43
1650314,IT,BG,ELEC2,MEATC,0.01,50862.886,4,4,50862.881,0.0,0.0,0.0,0.005,5086288.6
1744072,IT,US,SUPPO,VEGET,0.37,50862.712,4,4,50862.71,0.0,0.0,0.0,0.002,137466.789189
1814493,IT,WM,RESEA,GASDI,0.28,50862.0,4,4,50861.996,0.0,0.0,0.0,0.004,181650.0
1796864,IT,WL,SEACO,NONME,0.05,50856.266,3,3,50856.266,0.0,0.0,0.0,0.0,1017125.32
1653617,IT,CZ,ALUM1,CROPS,0.09,50855.027,4,4,50855.023,0.0,0.0,0.0,0.004,565055.855556
1664337,IT,EE,FABRI,RUBBE,0.21,50854.229,4,4,50854.225,0.0,0.0,0.0,0.004,242162.995238
1688788,IT,IE,RUBBE,RESEA,0.17,50853.524,4,4,50853.519,0.0,0.0,0.0,0.005,299138.376471
1805487,IT,WF,CERAM,VEGET,0.08,50850.759,4,4,50850.756,0.0,0.0,0.0,0.003,635634.4875
1759686,IT,BR,RESEA,93197,0.28,50850.608,4,4,50850.604,0.0,0.0,0.0,0.004,181609.314286
1785365,IT,ZA,WOODW,WHOLE,0.14,50849.808,4,4,50849.805,0.0,0.0,0.0,0.003,363212.914286
1773426,IT,CH,OFFIC,PRINT,0.16,50849.709,4,4,50849.705,0.0,0.0,0.0,0.004,317810.68125
1729304,IT,SE,NONME,CERAM,0.1,50848.603,4,4,50848.597,0.0,0.0,0.0,0.006,508486.03
1748928,IT,CN,WEARI,ELEC3,0.38,50848.099,4,4,50848.089,0.0,0.0,0.0,0.01,133810.786842
1716013,IT,NL,CEMEN,WHOLE,0.08,50845.148,4,4,50845.146,0.0,0.0,0.0,0.002,635564.35
1670662,IT,FI,LEATH,INTER,0.36,50843.589,4,4,50843.58,0.0,0.0,0.0,0.009,141232.191667
1765244,IT,RU,SANDC,ELE11,0.12,50843.245,5,5,50832.243,0.0,0.0,11.0,0.002,423693.708333
1784334,IT,ID,RUBBE,TOBAC,0.17,50843.189,4,4,50843.184,0.0,0.0,0.0,0.005,299077.582353
1797244,IT,WL,FINAN,INSUR,0.66,50841.271,3,3,50841.271,0.0,0.0,0.0,0.0,77032.228788
1776967,IT,TR,NFERT,CEREA,0.01,50834.288,4,4,50834.284,0.0,0.0,0.0,0.004,5083428.8
1662399,IT,DK,BASIC,FOOD3,0.06,50833.608,4,4,50833.605,0.0,0.0,0.0,0.003,847226.8
1798168,IT,WE,WHEAT,PUBLI,0.04,50825.404,3,3,50825.404,0.0,0.0,0.0,0.0,1270635.1
1658838,IT,DE,MOTO1,RAILW,0.27,50824.918,4,4,50824.915,0.0,0.0,0.0,0.003,188240.437037
1649657,IT,BG,CERAM,WEARI,0.08,50821.276,4,4,50821.273,0.0,0.0,0.0,0.003,635265.95
1801563,IT,WE,TRANS,WEARI,0.3,50820.29,4,4,50820.287,0.0,0.0,0.0,0.003,169400.966667
1734962,IT,SK,HEAVY,MOTO1,0.08,50819.534,4,4,50819.53,0.0,0.0,0.0,0.004,635244.175
1726201,IT,RO,BRICK,CERAM,0.08,50817.725,4,4,50817.722,0.0,0.0,0.0,0.003,635221.5625
1757236,IT,BR,VEGE1,PAPER,0.16,50815.485,4,4,50815.474,0.0,0.0,0.0,0.011,317596.78125
1744566,IT,US,REALE,COMPU,2.15,50812.713,4,4,50812.71,0.0,0.0,0.0,0.003,23633.82
1759703,IT,BR,BUSIN,FISHF,0.52,50812.332,4,4,50812.328,0.0,0.0,0.0,0.004,97716.023077
1788417,IT,WA,PULP5,WHEAT,0.15,50812.262,4,4,50812.257,0.0,0.0,0.0,0.005,338748.413333
1778564,IT,TR,RETA1,SALEM,0.53,50806.715,4,4,50806.712,0.0,0.0,0.0,0.003,95861.726415
1812722,IT,WM,NONF1,PAPER,0.01,50805.388,3,3,50805.388,0.0,0.0,0.0,0.0,5080538.8
1810146,IT,WM,WEARI,MOTOR,0.38,50798.784,4,4,50798.774,0.0,0.0,0.0,0.01,133681.010526
1664181,IT,EE,GLASS,GLASS,0.14,50797.181,4,4,50797.178,0.0,0.0,0.0,0.003,362837.007143
1791503,IT,WA,RETA1,CATTL,0.53,50796.408,4,4,50796.405,0.0,0.0,0.0,0.003,95842.279245
1646209,IT,BE,ALUM1,LANDT,0.09,50793.891,4,4,50793.887,0.0,0.0,0.0,0.004,564376.566667
1643206,IT,AT,HOTEL,PRINT,0.37,50791.411,4,4,50791.407,0.0,0.0,0.0,0.004,137274.083784
1652705,IT,CZ,PAPER,PULP5,0.2,50789.716,4,4,50789.711,0.0,0.0,0.0,0.005,253948.58
1772184,IT,CH,GASDI,RUBBE,0.08,50788.164,4,4,50788.16,0.0,0.0,0.0,0.004,634852.05
1773845,IT,CH,ELEC5,BASIC,0.61,50784.604,4,4,50784.601,0.0,0.0,0.0,0.003,83253.44918
1761497,IT,IN,ALUM1,PFERT,0.09,50783.805,4,4,50783.801,0.0,0.0,0.0,0.004,564264.5
1811115,IT,WM,NAPHT,PIGS9,0.09,50782.321,4,4,50782.317,0.0,0.0,0.0,0.004,564248.011111
1797346,IT,WL,REALE,WHOLE,2.15,50781.676,4,4,50781.673,0.0,0.0,0.0,0.003,23619.384186
1807919,IT,WF,PLAS1,LEADZ,0.18,50779.031,4,4,50779.028,0.0,0.0,0.0,0.003,282105.727778
1758805,IT,BR,RETA1,SALEM,0.53,50775.085,4,4,50775.082,0.0,0.0,0.0,0.003,95802.04717
1794726,IT,WL,BITU1,MOTOR,0.08,50773.74,4,4,50773.736,0.0,0.0,0.0,0.004,634671.75
1656910,IT,DE,LIQUE,OILSE,0.09,50773.525,4,4,50773.521,0.0,0.0,0.0,0.004,564150.277778
1728880,IT,SE,CHEM1,LEADZ,0.11,50772.882,4,4,50772.876,0.0,0.0,0.0,0.006,461571.654545
1757152,IT,BR,STONE,MEMBE,0.16,50772.324,5,5,50769.322,0.0,0.0,3.0,0.002,317327.025
1666972,IT,ES,CERAM,RESEA,0.08,50770.435,4,4,50770.432,0.0,0.0,0.0,0.003,634630.4375
1790060,IT,WA,BASIC,ANIMA,0.06,50770.321,4,4,50770.318,0.0,0.0,0.0,0.003,846172.016667
1811729,IT,WM,ADDIT,PROCE,0.12,50768.705,4,4,50768.701,0.0,0.0,0.0,0.004,423072.541667
1713755,IT,MT,OFFIC,RETA1,0.16,50765.491,4,4,50765.487,0.0,0.0,0.0,0.004,317284.31875
1736472,IT,SK,TRAN2,MOTOR,0.08,50765.322,3,3,50765.322,0.0,0.0,0.0,0.0,634566.525
1744722,IT,US,COMPU,RECRE,0.58,50763.891,4,4,50763.888,0.0,0.0,0.0,0.003,87523.95
1742655,IT,US,COPP1,FURNI,0.13,50763.034,4,4,50763.031,0.0,0.0,0.0,0.003,390484.876923
1649096,IT,BG,PAPER,BIODI,0.2,50762.215,4,4,50762.21,0.0,0.0,0.0,0.005,253811.075
1750972,IT,CN,RETAI,OFFIC,0.4,50759.093,4,4,50759.09,0.0,0.0,0.0,0.003,126897.7325
1725508,IT,RO,LEATH,NATUR,0.36,50754.821,4,4,50754.812,0.0,0.0,0.0,0.009,140985.613889
1748716,IT,CN,BEVER,WEARI,0.22,50753.023,4,4,50753.02,0.0,0.0,0.0,0.003,230695.559091
1667107,IT,ES,NONME,INERT,0.1,50751.784,4,4,50751.778,0.0,0.0,0.0,0.006,507517.84
1736909,IT,SK,BUSIN,HEALT,0.52,50751.501,4,4,50751.497,0.0,0.0,0.0,0.004,97599.040385
1777142,IT,TR,ADDIT,INTER,0.12,50751.091,4,4,50751.087,0.0,0.0,0.0,0.004,422925.758333
1777146,IT,TR,ADDIT,WASTE,0.12,50751.091,4,4,50751.087,0.0,0.0,0.0,0.004,422925.758333
1777138,IT,TR,ADDIT,SECO9,0.12,50751.091,4,4,50751.087,0.0,0.0,0.0,0.004,422925.758333
1777147,IT,TR,ADDIT,FOOD4,0.12,50751.091,4,4,50751.087,0.0,0.0,0.0,0.004,422925.758333
1777145,IT,TR,ADDIT,FOOD3,0.12,50751.091,4,4,50751.087,0.0,0.0,0.0,0.004,422925.758333
1777148,IT,TR,ADDIT,PAPE4,0.12,50751.091,4,4,50751.087,0.0,0.0,0.0,0.004,422925.758333
1777144,IT,TR,ADDIT,FOOD2,0.12,50751.091,4,4,50751.087,0.0,0.0,0.0,0.004,422925.758333
1777143,IT,TR,ADDIT,OILHA,0.12,50751.091,4,4,50751.087,0.0,0.0,0.0,0.004,422925.758333
1777152,IT,TR,ADDIT,WOOD2,0.12,50751.091,4,4,50751.087,0.0,0.0,0.0,0.004,422925.758333
1777149,IT,TR,ADDIT,PLAS2,0.12,50751.091,4,4,50751.087,0.0,0.0,0.0,0.004,422925.758333
1765460,IT,RU,TEXTI,RESEA,0.3,50749.426,4,4,50749.419,0.0,0.0,0.0,0.007,169164.753333
1671219,IT,FI,NONME,BUSIN,0.1,50749.044,4,4,50749.038,0.0,0.0,0.0,0.006,507490.44
1800955,IT,WE,ALUM1,TOBAC,0.09,50748.319,4,4,50748.315,0.0,0.0,0.0,0.004,563870.211111
1770285,IT,AU,HOTEL,SECO9,0.37,50747.234,4,4,50747.23,0.0,0.0,0.0,0.004,137154.686486
1755556,IT,KR,CHEM1,NONF1,0.11,50745.047,4,4,50745.041,0.0,0.0,0.0,0.006,461318.609091
1661043,IT,DE,BUSIN,INERT,0.52,50740.512,4,4,50740.508,0.0,0.0,0.0,0.004,97577.907692
1778788,IT,TR,LANDT,CERAM,0.33,50739.92,4,4,50739.918,0.0,0.0,0.0,0.002,153757.333333
1712462,IT,LV,ALUM1,CEMEN,0.09,50738.14,4,4,50738.136,0.0,0.0,0.0,0.004,563757.111111
1800852,IT,WE,BASIC,LANDT,0.06,50738.09,4,4,50738.087,0.0,0.0,0.0,0.003,845634.833333
1712622,IT,LV,OFFIC,COMPU,0.16,50733.506,4,4,50733.502,0.0,0.0,0.0,0.004,317084.4125
1758523,IT,BR,MACHI,COLLE,0.28,50730.356,4,4,50730.352,0.0,0.0,0.0,0.004,181179.842857
1749467,IT,CN,HEAVY,MACHI,0.08,50728.622,4,4,50728.618,0.0,0.0,0.0,0.004,634107.775
1667220,IT,ES,PREC1,BASIC,0.09,50728.232,4,4,50728.23,0.0,0.0,0.0,0.002,563647.022222
1645458,IT,BE,NAPHT,BIOGA,0.09,50725.682,4,4,50725.678,0.0,0.0,0.0,0.004,563618.688889
1727825,IT,RO,BUSIN,DISTR,0.52,50722.48,4,4,50722.476,0.0,0.0,0.0,0.004,97543.230769
1761322,IT,IN,GLASS,WEARI,0.14,50721.987,4,4,50721.984,0.0,0.0,0.0,0.003,362299.907143
1685901,IT,HU,CHEM1,ELEC5,0.11,50715.902,4,4,50715.896,0.0,0.0,0.0,0.006,461053.654545
1721415,IT,PL,SEACO,RESEA,0.05,50710.462,3,3,50710.462,0.0,0.0,0.0,0.0,1014209.24
1654300,IT,CZ,ELEC2,CHEM1,0.01,50710.458,4,4,50710.453,0.0,0.0,0.0,0.005,5071045.8
1791098,IT,WA,TRANS,NONF1,0.3,50708.95,4,4,50708.947,0.0,0.0,0.0,0.003,169029.833333
1811563,IT,WM,PFERT,WHOLE,0.02,50707.611,4,4,50707.603,0.0,0.0,0.0,0.008,2535380.55
1666038,IT,ES,KEROS,COLLE,0.08,50707.522,4,4,50707.518,0.0,0.0,0.0,0.004,633844.025
1683736,IT,HR,MACHI,ALUM1,0.28,50705.985,4,4,50705.981,0.0,0.0,0.0,0.004,181092.803571
1714413,IT,NL,VEGET,WHOLE,0.18,50705.571,4,4,50705.569,0.0,0.0,0.0,0.002,281697.616667
1748634,IT,CN,DAIRY,PLAST,0.21,50704.735,4,4,50704.732,0.0,0.0,0.0,0.003,241451.119048
1774043,IT,CH,RETAI,INLAN,0.4,50692.423,4,4,50692.42,0.0,0.0,0.0,0.003,126731.0575
1753100,IT,CA,RUBBE,MOTOR,0.17,50690.25,4,4,50690.245,0.0,0.0,0.0,0.005,298177.941176
1663248,IT,DK,SEACO,KEROS,0.05,50690.196,3,3,50690.196,0.0,0.0,0.0,0.0,1013803.92
1674140,IT,FR,HEAVY,ALUM1,0.08,50689.689,4,4,50689.685,0.0,0.0,0.0,0.004,633621.1125
1807990,IT,WF,PLAS1,COMPU,0.18,50683.166,4,4,50683.163,0.0,0.0,0.0,0.003,281573.144444
1741516,IT,US,KEROS,GASDI,0.08,50682.614,4,4,50682.61,0.0,0.0,0.0,0.004,633532.675
1766632,IT,RU,FABRI,GASDI,0.21,50682.282,4,4,50682.278,0.0,0.0,0.0,0.004,241344.2
1789883,IT,WA,BRICK,STONE,0.08,50681.542,4,4,50681.539,0.0,0.0,0.0,0.003,633519.275
1728763,IT,SE,GASDI,REALE,0.08,50680.68,4,4,50680.676,0.0,0.0,0.0,0.004,633508.5
1772462,IT,CH,CHEM1,PLAS2,0.11,50680.471,4,4,50680.465,0.0,0.0,0.0,0.006,460731.554545
1740921,IT,US,FOOD5,TEXTI,0.24,50678.787,4,4,50678.782,0.0,0.0,0.0,0.005,211161.6125
1641350,IT,AT,KEROS,COPP1,0.08,50668.753,4,4,50668.749,0.0,0.0,0.0,0.004,633359.4125
1650351,IT,BG,ELEC2,FOUND,0.01,50667.203,4,4,50667.198,0.0,0.0,0.0,0.005,5066720.3
1802049,IT,WE,WHOLE,POSTT,0.44,50660.137,4,4,50660.134,0.0,0.0,0.0,0.003,115136.675
1748361,IT,CN,OILSE,WEARI,0.04,50658.943,4,4,50658.941,0.0,0.0,0.0,0.002,1266473.575
1723718,IT,PT,MACHI,DISTR,0.28,50658.534,4,4,50658.53,0.0,0.0,0.0,0.004,180923.335714
1677676,IT,FR,RENTI,FOOD5,0.3,50658.056,4,4,50658.053,0.0,0.0,0.0,0.003,168860.186667
1810730,IT,WM,MOTOR,COLLE,0.08,50657.903,4,4,50657.899,0.0,0.0,0.0,0.004,633223.7875
1784515,IT,ID,FABRI,RADIO,0.21,50656.279,4,4,50656.275,0.0,0.0,0.0,0.004,241220.37619
1776972,IT,TR,NFERT,PLAST,0.01,50654.966,4,4,50654.962,0.0,0.0,0.0,0.004,5065496.6
1808571,IT,WF,PAPE4,RETA1,0.33,50654.956,4,4,50654.953,0.0,0.0,0.0,0.003,153499.866667
1791977,IT,WA,SEACO,ELEC2,0.05,50654.471,3,3,50654.471,0.0,0.0,0.0,0.0,1013089.42
1721799,IT,PL,AUXIL,INSUR,0.93,50653.143,4,4,50653.141,0.0,0.0,0.0,0.002,54465.745161
1727356,IT,RO,POSTT,COMPU,0.83,50647.182,4,4,50647.178,0.0,0.0,0.0,0.004,61020.701205
1738311,IT,GB,BASIC,CERAM,0.06,50646.416,4,4,50646.413,0.0,0.0,0.0,0.003,844106.933333
1653181,IT,CZ,CHEM1,SEWAG,0.11,50641.28,4,4,50641.274,0.0,0.0,0.0,0.006,460375.272727
1726964,IT,RO,HOTEL,GLASS,0.37,50635.973,4,4,50635.969,0.0,0.0,0.0,0.004,136853.981081
1810340,IT,WM,WOODW,PLAST,0.14,50634.104,4,4,50634.101,0.0,0.0,0.0,0.003,361672.171429
1758606,IT,BR,MOTO1,REALE,0.27,50627.073,4,4,50627.07,0.0,0.0,0.0,0.003,187507.677778
1794394,IT,WL,KEROS,HOTEL,0.08,50625.218,4,4,50625.214,0.0,0.0,0.0,0.004,632815.225
1786532,IT,ZA,FURNI,FISH5,0.16,50624.997,4,4,50624.993,0.0,0.0,0.0,0.004,316406.23125
1649100,IT,BG,PAPER,BRICK,0.2,50622.912,4,4,50622.907,0.0,0.0,0.0,0.005,253114.56
1726054,IT,RO,BIODI,LANDT,0.1,50622.888,4,4,50622.883,0.0,0.0,0.0,0.005,506228.88
1715812,IT,NL,RUBBE,TEXTI,0.17,50617.746,4,4,50617.741,0.0,0.0,0.0,0.005,297751.447059
1805756,IT,WF,BASIC,AIRTR,0.06,50616.995,4,4,50616.992,0.0,0.0,0.0,0.003,843616.583333
1814087,IT,WM,AIRTR,LEATH,0.06,50616.77,4,4,50616.768,0.0,0.0,0.0,0.002,843612.833333
1764757,IT,MX,HOTEL,SEACO,0.37,50614.994,4,4,50614.99,0.0,0.0,0.0,0.004,136797.281081
1798688,IT,WE,DAIRY,CROPS,0.21,50614.659,4,4,50614.656,0.0,0.0,0.0,0.003,241022.185714
1813612,IT,WM,WHOLE,93197,0.44,50613.639,4,4,50613.636,0.0,0.0,0.0,0.003,115030.997727
1746158,IT,JP,PLAST,LIQUE,0.11,50612.986,4,4,50612.981,0.0,0.0,0.0,0.005,460118.054545
1809393,IT,WM,CHEMI,VEGE1,0.12,50611.1,5,5,50609.095,0.0,0.0,2.0,0.005,421759.166667
1768812,IT,AU,LEATH,LEATH,0.36,50610.096,4,4,50610.087,0.0,0.0,0.0,0.009,140583.6
1773244,IT,CH,FABRI,RAILW,0.21,50609.94,4,4,50609.936,0.0,0.0,0.0,0.004,240999.714286
1774310,IT,CH,HOTEL,PULP5,0.37,50609.827,4,4,50609.823,0.0,0.0,0.0,0.004,136783.316216
1679684,IT,GR,CERAM,WHOLE,0.08,50609.169,4,4,50609.166,0.0,0.0,0.0,0.003,632614.6125
1674978,IT,FR,PREC1,PRINT,0.09,50605.825,4,4,50605.823,0.0,0.0,0.0,0.002,562286.944444
1797343,IT,WL,REALE,COPP1,2.14,50605.08,4,4,50605.077,0.0,0.0,0.0,0.003,23647.233645
1650121,IT,BG,OFFIC,SUPPO,0.16,50602.791,4,4,50602.787,0.0,0.0,0.0,0.004,316267.44375
1788250,IT,WA,LEATH,TOBAC,0.36,50602.453,4,4,50602.444,0.0,0.0,0.0,0.009,140562.369444
1717330,IT,NL,FINAN,CEMEN,0.66,50599.787,3,3,50599.787,0.0,0.0,0.0,0.0,76666.343939
1668885,IT,ES,SEACO,PREC1,0.05,50596.722,3,3,50596.722,0.0,0.0,0.0,0.0,1011934.44
1742382,IT,US,NONME,NONF1,0.1,50593.461,4,4,50593.455,0.0,0.0,0.0,0.006,505934.61
1802747,IT,WE,RESEA,WHOLE,0.27,50591.685,4,4,50591.681,0.0,0.0,0.0,0.004,187376.611111
1652525,IT,CZ,WEARI,REALE,0.38,50588.623,4,4,50588.613,0.0,0.0,0.0,0.01,133127.955263
1656272,IT,DE,WEARI,93197,0.38,50587.826,4,4,50587.816,0.0,0.0,0.0,0.01,133125.857895
1755877,IT,KR,NONME,ELECT,0.1,50586.188,4,4,50586.182,0.0,0.0,0.0,0.006,505861.88
1650129,IT,BG,OFFIC,BUSIN,0.16,50581.585,4,4,50581.581,0.0,0.0,0.0,0.004,316134.90625
1746904,IT,JP,MOTO1,TEXTI,0.27,50579.496,4,4,50579.493,0.0,0.0,0.0,0.003,187331.466667
1759578,IT,BR,COMPU,ELEC4,0.58,50578.828,4,4,50578.825,0.0,0.0,0.0,0.003,87204.875862
1782541,IT,NO,OFFIC,PUBLI,0.16,50572.594,4,4,50572.59,0.0,0.0,0.0,0.004,316078.7125
1734521,IT,SK,DAIRY,DAIRY,0.21,50571.062,4,4,50571.059,0.0,0.0,0.0,0.003,240814.580952
1807106,IT,WF,SEACO,REALE,0.05,50569.517,3,3,50569.517,0.0,0.0,0.0,0.0,1011390.34
1668170,IT,ES,SALEM,RETA1,0.41,50558.651,4,4,50558.648,0.0,0.0,0.0,0.003,123313.782927
1807197,IT,WF,AIRTR,TRAN2,0.06,50556.877,4,4,50556.875,0.0,0.0,0.0,0.002,842614.616667
1748345,IT,CN,VEGET,RUBBE,0.18,50554.868,4,4,50554.866,0.0,0.0,0.0,0.002,280860.377778
1796061,IT,WL,TRANS,VEGE1,0.3,50554.679,4,4,50554.676,0.0,0.0,0.0,0.003,168515.596667
1772273,IT,CH,NAPHT,ALUM1,0.09,50554.469,4,4,50554.465,0.0,0.0,0.0,0.004,561716.322222
1773816,IT,CH,ELEC4,DISTR,0.8,50553.63,4,4,50553.627,0.0,0.0,0.0,0.003,63192.0375
1647524,IT,BE,SUPPO,OFFIC,0.36,50549.794,4,4,50549.792,0.0,0.0,0.0,0.002,140416.094444
1786884,IT,ZA,SEACO,RAILW,0.05,50544.36,3,3,50544.36,0.0,0.0,0.0,0.0,1010887.2
1763224,IT,MX,WOODW,BRICK,0.14,50541.51,4,4,50541.507,0.0,0.0,0.0,0.003,361010.785714
1731823,IT,SI,PAPER,POSTT,0.2,50535.874,4,4,50535.869,0.0,0.0,0.0,0.005,252679.37
1683344,IT,HR,NONME,FURNI,0.1,50533.991,4,4,50533.985,0.0,0.0,0.0,0.006,505339.91
1770457,IT,AU,AIRTR,VEGET,0.06,50531.525,4,4,50531.523,0.0,0.0,0.0,0.002,842192.083333
1710750,IT,LU,FISH5,FOOD5,0.21,50530.034,4,4,50530.008,0.0,0.0,0.0,0.026,240619.209524
1737520,IT,GB,WOODW,BASIC,0.14,50528.259,4,4,50528.256,0.0,0.0,0.0,0.003,360916.135714
1780114,IT,TW,HOTEL,VEGE1,0.37,50526.958,4,4,50526.954,0.0,0.0,0.0,0.004,136559.345946
1709403,IT,LT,BEVER,RETAI,0.21,50526.678,4,4,50526.675,0.0,0.0,0.0,0.003,240603.228571
1677823,IT,FR,COMPU,RECRE,0.58,50520.203,4,4,50520.2,0.0,0.0,0.0,0.003,87103.798276
1674738,IT,FR,CERAM,TEXTI,0.08,50515.615,4,4,50515.612,0.0,0.0,0.0,0.003,631445.1875
1673410,IT,FR,WEARI,KEROS,0.38,50511.204,4,4,50511.194,0.0,0.0,0.0,0.01,132924.221053
1763883,IT,MX,NONME,RAILW,0.1,50507.304,4,4,50507.298,0.0,0.0,0.0,0.006,505073.04
1786137,IT,ZA,BASIC,COPP1,0.06,50505.433,4,4,50505.43,0.0,0.0,0.0,0.003,841757.216667
1810151,IT,WM,WEARI,LIQUE,0.38,50497.743,4,4,50497.733,0.0,0.0,0.0,0.01,132888.797368
1758111,IT,BR,GLASS,HEALT,0.14,50495.809,4,4,50495.806,0.0,0.0,0.0,0.003,360684.35
1769511,IT,AU,BASIC,WASTE,0.06,50494.87,4,4,50494.867,0.0,0.0,0.0,0.003,841581.166667
1641208,IT,AT,PRINT,REALE,0.48,50493.352,4,4,50493.348,0.0,0.0,0.0,0.004,105194.483333
1784321,IT,ID,ADDIT,ELEC5,0.12,50492.158,4,4,50492.154,0.0,0.0,0.0,0.004,420767.983333
1672060,IT,FI,AIRTR,RESEA,0.05,50489.081,4,4,50489.079,0.0,0.0,0.0,0.002,1009781.62
1783434,IT,NO,INTER,INTER,0.3,50488.844,4,4,50488.841,0.0,0.0,0.0,0.003,168296.146667
1644673,IT,BE,BEVER,WOODW,0.21,50488.733,4,4,50488.73,0.0,0.0,0.0,0.003,240422.538095
1796914,IT,WL,AIRTR,PIGS9,0.05,50487.908,4,4,50487.906,0.0,0.0,0.0,0.002,1009758.16
1718671,IT,PL,WOODW,PLAST,0.14,50486.81,4,4,50486.807,0.0,0.0,0.0,0.003,360620.071429
1660227,IT,DE,POSTT,FOOD5,0.83,50486.237,4,4,50486.233,0.0,0.0,0.0,0.004,60826.791566
1663027,IT,DK,HOTEL,FURNI,0.37,50484.961,4,4,50484.957,0.0,0.0,0.0,0.004,136445.840541
1710127,IT,LT,MACHI,STONE,0.28,50484.402,4,4,50484.398,0.0,0.0,0.0,0.004,180301.435714
1753735,IT,CA,FURNI,FISHF,0.16,50482.553,4,4,50482.549,0.0,0.0,0.0,0.004,315515.95625
1675807,IT,FR,FURNI,WASTE,0.16,50480.235,4,4,50480.231,0.0,0.0,0.0,0.004,315501.46875
1719994,IT,PL,ALUM1,MEATC,0.09,50478.895,4,4,50478.891,0.0,0.0,0.0,0.004,560876.611111
1765268,IT,RU,VEGE1,VEGE1,0.16,50478.125,4,4,50478.114,0.0,0.0,0.0,0.011,315488.28125
1737044,IT,GB,SANDC,CHEM1,0.12,50474.423,5,5,50463.421,0.0,0.0,11.0,0.002,420620.191667
1677486,IT,FR,AUXIL,PAPER,0.92,50474.381,4,4,50474.379,0.0,0.0,0.0,0.002,54863.457609
1784713,IT,ID,FURNI,DISTR,0.16,50474.276,4,4,50474.272,0.0,0.0,0.0,0.004,315464.225
1782022,IT,NO,RUBBE,AIRTR,0.17,50467.801,4,4,50467.796,0.0,0.0,0.0,0.005,296869.417647
1660062,IT,DE,AIRTR,BITU1,0.05,50465.887,4,4,50465.885,0.0,0.0,0.0,0.002,1009317.74
1770500,IT,AU,AIRTR,TRAN1,0.05,50464.3,4,4,50464.298,0.0,0.0,0.0,0.002,1009286.0
1715444,IT,NL,MOTOR,REALE,0.08,50463.984,4,4,50463.98,0.0,0.0,0.0,0.004,630799.8
1811711,IT,WM,ADDIT,POULT,0.12,50462.962,4,4,50462.958,0.0,0.0,0.0,0.004,420524.683333
1730865,IT,SE,FOODW,FOOD5,0.37,50457.854,4,4,50457.851,0.0,0.0,0.0,0.003,136372.578378
1749234,IT,CN,PAPER,KEROS,0.2,50456.867,4,4,50456.862,0.0,0.0,0.0,0.005,252284.335
1791724,IT,WA,RAILW,MEATC,0.34,50452.703,4,4,50452.701,0.0,0.0,0.0,0.002,148390.302941
1733370,IT,SI,TRANS,REALE,0.3,50451.206,4,4,50451.203,0.0,0.0,0.0,0.003,168170.686667
1767622,IT,RU,SUPPO,LANDT,0.36,50449.698,4,4,50449.696,0.0,0.0,0.0,0.002,140138.05
1687425,IT,HU,HOTEL,MEMBE,0.37,50448.233,4,4,50448.229,0.0,0.0,0.0,0.004,136346.575676
1655545,IT,DE,STONE,SECO9,0.16,50447.355,5,5,50444.353,0.0,0.0,3.0,0.002,315295.96875
1758451,IT,BR,MACHI,VEGET,0.28,50439.994,4,4,50439.99,0.0,0.0,0.0,0.004,180142.835714
1727107,IT,RO,LANDT,LEATH,0.33,50438.353,4,4,50438.351,0.0,0.0,0.0,0.002,152843.493939
1651864,IT,CY,AIRTR,BUSIN,0.05,50433.222,4,4,50433.22,0.0,0.0,0.0,0.002,1008664.44
1663686,IT,DK,HEALT,FOOD5,0.26,50431.57,4,4,50431.568,0.0,0.0,0.0,0.002,193967.576923
1737979,IT,GB,CHEM1,FINAN,0.11,50429.595,4,4,50429.589,0.0,0.0,0.0,0.006,458450.863636
1673913,IT,FR,MOTOR,GASDI,0.08,50429.294,4,4,50429.29,0.0,0.0,0.0,0.004,630366.175
1744762,IT,US,RESEA,LIQUE,0.27,50428.395,4,4,50428.391,0.0,0.0,0.0,0.004,186771.833333
1761698,IT,IN,FABRI,93197,0.21,50427.675,4,4,50427.671,0.0,0.0,0.0,0.004,240131.785714
1663146,IT,DK,LANDT,DAIRY,0.33,50425.148,4,4,50425.146,0.0,0.0,0.0,0.002,152803.478788
1752302,IT,CA,CHEMI,FOOD5,0.12,50422.231,5,5,50420.226,0.0,0.0,2.0,0.005,420185.258333
1653432,IT,CZ,NONME,WOODW,0.1,50422.063,4,4,50422.057,0.0,0.0,0.0,0.006,504220.63
1788573,IT,WA,PAPER,MEDIC,0.2,50418.329,4,4,50418.324,0.0,0.0,0.0,0.005,252091.645
1728287,IT,SE,BEVER,NONME,0.21,50415.024,4,4,50415.021,0.0,0.0,0.0,0.003,240071.542857
1751104,IT,CN,RETA1,RUBBE,0.53,50410.775,4,4,50410.772,0.0,0.0,0.0,0.003,95114.669811
1789588,IT,WA,RUBBE,OILSE,0.17,50409.622,4,4,50409.617,0.0,0.0,0.0,0.005,296527.188235
1768832,IT,AU,LEATH,MACHI,0.36,50407.277,4,4,50407.268,0.0,0.0,0.0,0.009,140020.213889
1724928,IT,PT,BUSIN,RESEA,0.52,50405.574,4,4,50405.571,0.0,0.0,0.0,0.003,96933.796154
1748362,IT,CN,OILSE,LEATH,0.04,50405.534,4,4,50405.532,0.0,0.0,0.0,0.002,1260138.35
1752827,IT,CA,PAPER,MOTO1,0.2,50403.718,4,4,50403.713,0.0,0.0,0.0,0.005,252018.59
1777903,IT,TR,MACHI,MEATC,0.28,50397.662,4,4,50397.658,0.0,0.0,0.0,0.004,179991.65
1647926,IT,BE,REALE,FINAN,2.13,50386.398,4,4,50386.395,0.0,0.0,0.0,0.003,23655.585915
1798926,IT,WE,FISH5,WEARI,0.21,50385.569,4,4,50385.543,0.0,0.0,0.0,0.026,239931.280952
1654685,IT,CZ,LANDT,TRAN1,0.33,50384.336,4,4,50384.334,0.0,0.0,0.0,0.002,152679.806061
1736450,IT,SK,LANDT,POSTT,0.33,50383.253,4,4,50383.251,0.0,0.0,0.0,0.002,152676.524242
1679550,IT,GR,RUBBE,WEARI,0.17,50381.783,4,4,50381.778,0.0,0.0,0.0,0.005,296363.429412
1790042,IT,WA,NONME,BUSIN,0.1,50378.511,4,4,50378.505,0.0,0.0,0.0,0.006,503785.11
1777057,IT,TR,CHEM1,LEAD1,0.11,50377.145,4,4,50377.14,0.0,0.0,0.0,0.005,457974.045455
1811259,IT,WM,BITU1,STONE,0.08,50370.621,4,4,50370.617,0.0,0.0,0.0,0.004,629632.7625
1648552,IT,BG,CRUDE,REFI1,0.1,50368.683,4,4,50368.679,0.0,0.0,0.0,0.004,503686.83
1807833,IT,WF,PAPE1,VEGET,0.35,50366.634,4,4,50366.631,0.0,0.0,0.0,0.003,143904.668571
1679889,IT,GR,COPP1,MOTO1,0.13,50366.529,4,4,50366.526,0.0,0.0,0.0,0.003,387434.838462
1666711,IT,ES,RUBBE,STONE,0.17,50365.357,4,4,50365.352,0.0,0.0,0.0,0.005,296266.805882
1764359,IT,MX,MOTO1,WEARI,0.27,50364.019,4,4,50364.016,0.0,0.0,0.0,0.003,186533.403704
1657112,IT,DE,PLAST,FISH5,0.11,50360.792,4,4,50360.787,0.0,0.0,0.0,0.005,457825.381818
1654003,IT,CZ,MACHI,PREC1,0.28,50358.512,4,4,50358.508,0.0,0.0,0.0,0.004,179851.828571
1658335,IT,DE,NONF1,HEAVY,0.01,50357.291,3,3,50357.291,0.0,0.0,0.0,0.0,5035729.1
1673641,IT,FR,WOODW,PAPE1,0.14,50353.416,4,4,50353.413,0.0,0.0,0.0,0.003,359667.257143
1767547,IT,RU,AIRTR,MEDIC,0.05,50347.249,4,4,50347.247,0.0,0.0,0.0,0.002,1006944.98
1754048,IT,CA,SEACO,WHOLE,0.05,50346.33,3,3,50346.33,0.0,0.0,0.0,0.0,1006926.6
1771566,IT,CH,TEXTI,RADIO,0.3,50344.381,4,4,50344.374,0.0,0.0,0.0,0.007,167814.603333
1730293,IT,SE,SEACO,PLAS1,0.05,50343.688,3,3,50343.688,0.0,0.0,0.0,0.0,1006873.76
1656776,IT,DE,KEROS,BUSIN,0.07,50343.524,4,4,50343.52,0.0,0.0,0.0,0.004,719193.2
1686125,IT,HU,RUBBE,TRAN2,0.17,50340.944,4,4,50340.939,0.0,0.0,0.0,0.005,296123.2
1771108,IT,CH,SANDC,SANDC,0.12,50339.877,5,5,50328.875,0.0,0.0,11.0,0.002,419498.975
1654764,IT,CZ,AIRTR,COMPU,0.05,50339.817,4,4,50339.815,0.0,0.0,0.0,0.002,1006796.34
1678802,IT,GR,FOOD5,PUBLI,0.24,50339.648,4,4,50339.643,0.0,0.0,0.0,0.005,209748.533333
1641804,IT,AT,CHEM1,MEDIC,0.11,50337.812,4,4,50337.807,0.0,0.0,0.0,0.005,457616.472727
1791074,IT,WA,TRANS,GASDI,0.3,50331.599,4,4,50331.596,0.0,0.0,0.0,0.003,167771.996667
1801512,IT,WE,MOTO1,SALEM,0.27,50328.027,4,4,50328.024,0.0,0.0,0.0,0.003,186400.1
1765818,IT,RU,GASDI,ELEC2,0.07,50324.056,4,4,50324.052,0.0,0.0,0.0,0.004,718915.085714
1775336,IT,CH,BUSIN,PAPE1,0.52,50320.757,4,4,50320.754,0.0,0.0,0.0,0.003,96770.686538
1682090,IT,HR,TEXTI,NATU1,0.3,50319.599,4,4,50319.592,0.0,0.0,0.0,0.007,167731.996667
1676077,IT,FR,ELEC7,HOTEL,0.03,50312.281,3,3,50312.281,0.0,0.0,0.0,0.0,1677076.033333
1672086,IT,FI,SUPPO,SEACO,0.36,50310.578,4,4,50310.576,0.0,0.0,0.0,0.002,139751.605556
1676901,IT,FR,SEACO,PLAST,0.05,50309.354,3,3,50309.354,0.0,0.0,0.0,0.0,1006187.08
1664057,IT,EE,CHEM1,BEVER,0.11,50303.44,4,4,50303.435,0.0,0.0,0.0,0.005,457304.0
1656799,IT,DE,GASDI,KEROS,0.07,50301.09,4,4,50301.086,0.0,0.0,0.0,0.004,718587.0
1758049,IT,BR,RUBBE,RENTI,0.17,50295.549,4,4,50295.544,0.0,0.0,0.0,0.005,295856.170588
1650106,IT,BG,OFFIC,MACHI,0.16,50294.412,4,4,50294.408,0.0,0.0,0.0,0.004,314340.075
1795381,IT,WL,BASIC,PRINT,0.06,50292.28,4,4,50292.277,0.0,0.0,0.0,0.003,838204.666667
1658818,IT,DE,MOTO1,ELEC1,0.27,50291.573,4,4,50291.57,0.0,0.0,0.0,0.003,186265.085185
1760851,IT,IN,MOTOR,EDUCA,0.08,50290.861,4,4,50290.857,0.0,0.0,0.0,0.004,628635.7625
1779614,IT,TR,COMPU,PUBLI,0.57,50287.748,4,4,50287.745,0.0,0.0,0.0,0.003,88224.119298
1802804,IT,WE,BUSIN,RECRE,0.52,50283.653,4,4,50283.65,0.0,0.0,0.0,0.003,96699.332692
1724842,IT,PT,BUSIN,MEAT1,0.52,50281.326,4,4,50281.323,0.0,0.0,0.0,0.003,96694.857692
1640830,IT,AT,WEARI,BUSIN,0.38,50281.232,4,4,50281.222,0.0,0.0,0.0,0.01,132319.031579
1781822,IT,NO,NONSP,CHEM1,0.07,50279.816,4,4,50279.813,0.0,0.0,0.0,0.003,718283.085714
1714555,IT,NL,CRUDE,RAILW,0.1,50275.546,4,4,50275.542,0.0,0.0,0.0,0.004,502755.46
1674860,IT,FR,NONME,FOUND,0.1,50275.096,4,4,50275.09,0.0,0.0,0.0,0.006,502750.96
1679866,IT,GR,LEAD1,FABRI,0.09,50274.19,4,4,50274.186,0.0,0.0,0.0,0.004,558602.111111
1799372,IT,WE,PULP5,PAPER,0.15,50273.582,4,4,50273.577,0.0,0.0,0.0,0.005,335157.213333
1661220,IT,DK,CEREA,PIGS9,0.08,50265.747,4,4,50265.744,0.0,0.0,0.0,0.003,628321.8375
1772511,IT,CH,RUBBE,PROCE,0.17,50261.386,4,4,50261.381,0.0,0.0,0.0,0.005,295655.211765
1761910,IT,IN,FURNI,LEATH,0.16,50260.293,4,4,50260.289,0.0,0.0,0.0,0.004,314126.83125
1721436,IT,PL,AIRTR,GASDI,0.05,50257.398,4,4,50257.396,0.0,0.0,0.0,0.002,1005147.96
1716219,IT,NL,LEAD1,DAIRY,0.09,50255.897,4,4,50255.893,0.0,0.0,0.0,0.004,558398.855556
1753493,IT,CA,FABRI,HEALT,0.2,50255.874,4,4,50255.87,0.0,0.0,0.0,0.004,251279.37
1756676,IT,KR,SEACO,TOBAC,0.05,50252.403,3,3,50252.403,0.0,0.0,0.0,0.0,1005048.06
1656728,IT,DE,MOTOR,SALEM,0.08,50246.976,4,4,50246.972,0.0,0.0,0.0,0.004,628087.2
1660886,IT,DE,COMPU,MEMBE,0.57,50243.452,4,4,50243.449,0.0,0.0,0.0,0.003,88146.407018
1727922,IT,SE,VEGET,WHOLE,0.18,50241.761,4,4,50241.759,0.0,0.0,0.0,0.002,279120.894444
1808394,IT,WF,WASTE,WHOLE,0.16,50239.207,4,4,50239.204,0.0,0.0,0.0,0.003,313995.04375
1739271,IT,GB,HOTEL,WOODW,0.36,50237.646,4,4,50237.642,0.0,0.0,0.0,0.004,139549.016667
1641606,IT,AT,NAPHT,BIOGA,0.09,50236.409,4,4,50236.405,0.0,0.0,0.0,0.004,558182.322222
1670577,IT,FI,TEXTI,SEACO,0.3,50233.095,4,4,50233.088,0.0,0.0,0.0,0.007,167443.65
1645835,IT,BE,GLASS,MEATP,0.14,50231.553,4,4,50231.55,0.0,0.0,0.0,0.003,358796.807143
1796112,IT,WL,TRANS,RADIO,0.3,50231.551,4,4,50231.548,0.0,0.0,0.0,0.003,167438.503333
1689281,IT,IE,WHOLE,POSTT,0.43,50230.618,4,4,50230.615,0.0,0.0,0.0,0.003,116815.390698
1781839,IT,NO,PLAST,NONME,0.11,50222.68,4,4,50222.675,0.0,0.0,0.0,0.005,456569.818182
1740861,IT,US,DAIRY,PROCE,0.2,50211.842,4,4,50211.839,0.0,0.0,0.0,0.003,251059.21
1803001,IT,WF,WHEAT,MEDIC,0.04,50211.163,3,3,50211.163,0.0,0.0,0.0,0.0,1255279.075
1709857,IT,LT,GLASS,RUBBE,0.14,50208.861,4,4,50208.858,0.0,0.0,0.0,0.003,358634.721429
1649668,IT,BG,CERAM,WHOLE,0.08,50208.704,4,4,50208.701,0.0,0.0,0.0,0.003,627608.8
1768503,IT,AU,FOOD5,SUGA1,0.24,50207.852,4,4,50207.848,0.0,0.0,0.0,0.004,209199.383333
1641995,IT,AT,RUBBE,MEDIC,0.17,50206.745,4,4,50206.74,0.0,0.0,0.0,0.005,295333.794118
1782892,IT,NO,SEACO,ALUM1,0.05,50205.637,3,3,50205.637,0.0,0.0,0.0,0.0,1004112.74
1676650,IT,FR,HOTEL,PAPE4,0.36,50200.389,4,4,50200.385,0.0,0.0,0.0,0.004,139445.525
1676086,IT,FR,ELEC7,HEALT,0.03,50191.633,3,3,50191.633,0.0,0.0,0.0,0.0,1673054.433333
1792801,IT,WA,PUBLI,VEGE1,0.82,50190.854,4,4,50190.85,0.0,0.0,0.0,0.004,61208.358537
1664642,IT,EE,LANDT,OFFIC,0.32,50188.965,4,4,50188.963,0.0,0.0,0.0,0.002,156840.515625
1671242,IT,FI,BASIC,GLASS,0.06,50187.349,4,4,50187.346,0.0,0.0,0.0,0.003,836455.816667
1807545,IT,WF,RENTI,POSTT,0.3,50182.125,4,4,50182.122,0.0,0.0,0.0,0.003,167273.75
1735648,IT,SK,NONF1,ELEC3,0.01,50177.445,3,3,50177.445,0.0,0.0,0.0,0.0,5017744.5
1780419,IT,TW,SUPPO,NAPHT,0.36,50176.451,4,4,50176.449,0.0,0.0,0.0,0.002,139379.030556
1798783,IT,WE,FOOD5,PAPER,0.24,50173.773,4,4,50173.769,0.0,0.0,0.0,0.004,209057.3875
1795625,IT,WL,FABRI,MEAT4,0.2,50168.863,4,4,50168.859,0.0,0.0,0.0,0.004,250844.315
1719884,IT,PL,PREC1,MEATA,0.09,50168.04,4,4,50168.038,0.0,0.0,0.0,0.002,557422.666667
1670992,IT,FI,CHEM1,SEWAG,0.1,50167.226,4,4,50167.221,0.0,0.0,0.0,0.005,501672.26
1754275,IT,CA,POSTT,HEALT,0.83,50166.824,4,4,50166.82,0.0,0.0,0.0,0.004,60441.956627
1748555,IT,CN,VEGE1,PROCE,0.15,50166.304,4,4,50166.293,0.0,0.0,0.0,0.011,334442.026667
1711348,IT,LU,WHOLE,FINAN,0.43,50164.622,4,4,50164.619,0.0,0.0,0.0,0.003,116661.911628
1753127,IT,CA,RUBBE,ELECT,0.17,50164.475,4,4,50164.47,0.0,0.0,0.0,0.005,295085.147059
1666491,IT,ES,PLAST,CEMEN,0.11,50162.977,4,4,50162.972,0.0,0.0,0.0,0.005,456027.063636
1732441,IT,SI,CHEM1,DAIRY,0.1,50161.395,4,4,50161.39,0.0,0.0,0.0,0.005,501613.95
1796840,IT,WL,SEACO,TOBAC,0.05,50161.393,3,3,50161.393,0.0,0.0,0.0,0.0,1003227.86
1690058,IT,IE,RENTI,PLAST,0.3,50159.609,4,4,50159.606,0.0,0.0,0.0,0.003,167198.696667
1741813,IT,US,PLAST,CONST,0.11,50157.421,4,4,50157.416,0.0,0.0,0.0,0.005,455976.554545
1769812,IT,AU,MACHI,TRAN2,0.28,50156.754,4,4,50156.75,0.0,0.0,0.0,0.004,179131.264286
1765895,IT,RU,PLAST,LIQUE,0.11,50155.655,4,4,50155.65,0.0,0.0,0.0,0.005,455960.5
1640937,IT,AT,WOODW,NONFE,0.14,50155.453,4,4,50155.45,0.0,0.0,0.0,0.003,358253.235714
1646047,IT,BE,BASIC,NONFE,0.06,50152.674,4,4,50152.671,0.0,0.0,0.0,0.003,835877.9
1789961,IT,WA,NONME,PLANT,0.1,50152.055,4,4,50152.049,0.0,0.0,0.0,0.006,501520.55
1726233,IT,RO,NONME,MACHI,0.1,50149.052,4,4,50149.046,0.0,0.0,0.0,0.006,501490.52
1713494,IT,MT,RUBBE,MACHI,0.17,50147.307,4,4,50147.302,0.0,0.0,0.0,0.005,294984.158824
1755719,IT,KR,GLASS,FOOD5,0.14,50141.551,4,4,50141.548,0.0,0.0,0.0,0.003,358153.935714
1748622,IT,CN,DAIRY,PROCE,0.2,50141.041,4,4,50141.038,0.0,0.0,0.0,0.003,250705.205
1662505,IT,DK,COPP1,PAPER,0.13,50140.866,4,4,50140.863,0.0,0.0,0.0,0.003,385698.969231
1778681,IT,TR,HOTEL,RESEA,0.36,50140.484,4,4,50140.48,0.0,0.0,0.0,0.004,139279.122222
1656757,IT,DE,KEROS,LIQUE,0.07,50136.036,4,4,50136.032,0.0,0.0,0.0,0.004,716229.085714
1749036,IT,CN,LEATH,SECO9,0.36,50135.173,4,4,50135.164,0.0,0.0,0.0,0.009,139264.369444
1726603,IT,RO,MOTO1,FOOD5,0.27,50134.828,4,4,50134.825,0.0,0.0,0.0,0.003,185684.548148
1664030,IT,EE,PLAST,PRINT,0.11,50134.124,4,4,50134.119,0.0,0.0,0.0,0.005,455764.763636
1728077,IT,SE,MEAT4,SUGA1,0.28,50133.191,4,4,50133.188,0.0,0.0,0.0,0.003,179047.110714
1673527,IT,FR,LEATH,BASIC,0.36,50132.547,4,4,50132.538,0.0,0.0,0.0,0.009,139257.075
1682136,IT,HR,TEXTI,MEDIC,0.3,50130.523,4,4,50130.516,0.0,0.0,0.0,0.007,167101.743333
1678649,IT,GR,MEATC,HEALT,0.17,50127.923,5,5,50126.92,0.0,1.0,0.0,0.003,294870.135294
1758898,IT,BR,HOTEL,LANDT,0.36,50126.13,4,4,50126.126,0.0,0.0,0.0,0.004,139239.25
1761256,IT,IN,RUBBE,LIQUE,0.17,50123.656,4,4,50123.651,0.0,0.0,0.0,0.005,294845.035294
1672338,IT,FI,RESEA,PUBLI,0.27,50122.369,4,4,50122.365,0.0,0.0,0.0,0.004,185638.403704
1732474,IT,SI,CHEM1,DIST1,0.1,50121.917,4,4,50121.912,0.0,0.0,0.0,0.005,501219.17
1786504,IT,ZA,TRANS,NATUR,0.3,50121.76,4,4,50121.757,0.0,0.0,0.0,0.003,167072.533333
1659861,IT,DE,LANDT,RETAI,0.32,50121.669,4,4,50121.667,0.0,0.0,0.0,0.002,156630.215625
1669032,IT,ES,SUPPO,HEAVY,0.36,50121.568,4,4,50121.566,0.0,0.0,0.0,0.002,139226.577778
1668302,IT,ES,WHOLE,MACHI,0.43,50120.597,4,4,50120.594,0.0,0.0,0.0,0.003,116559.527907
1665502,IT,ES,WEARI,COLLE,0.38,50119.721,4,4,50119.711,0.0,0.0,0.0,0.01,131894.002632
1640240,IT,AT,FISHF,FISHF,0.09,50119.439,4,4,50119.437,0.0,0.0,0.0,0.002,556882.655556
1711462,IT,LU,LANDT,SUPPO,0.32,50117.895,4,4,50117.893,0.0,0.0,0.0,0.002,156618.421875
1811962,IT,WM,GLASS,MEAT4,0.14,50115.828,4,4,50115.825,0.0,0.0,0.0,0.003,357970.2
1679269,IT,GR,GASDI,LANDT,0.07,50114.915,4,4,50114.911,0.0,0.0,0.0,0.004,715927.357143
1810231,IT,WM,LEATH,WOODW,0.36,50112.661,4,4,50112.652,0.0,0.0,0.0,0.009,139201.836111
1734722,IT,SK,LEATH,FURNI,0.36,50108.327,4,4,50108.318,0.0,0.0,0.0,0.009,139189.797222
1659487,IT,DE,RETA1,PFERT,0.52,50107.189,4,4,50107.186,0.0,0.0,0.0,0.003,96359.978846
1650301,IT,BG,ELEC2,PIGS9,0.01,50104.684,4,4,50104.679,0.0,0.0,0.0,0.005,5010468.4
1781485,IT,NO,BEVER,RENTI,0.21,50102.841,4,4,50102.838,0.0,0.0,0.0,0.003,238584.957143
1713460,IT,MT,CHEM1,CONST,0.1,50100.535,4,4,50100.53,0.0,0.0,0.0,0.005,501005.35
1765360,IT,RU,BEVER,FOOD5,0.21,50097.897,4,4,50097.894,0.0,0.0,0.0,0.003,238561.414286
1724376,IT,PT,SEACO,POSTT,0.05,50093.482,3,3,50093.482,0.0,0.0,0.0,0.0,1001869.64
1755306,IT,KR,PAPER,POSTT,0.19,50091.987,4,4,50091.982,0.0,0.0,0.0,0.005,263642.036842
1769581,IT,AU,COPP1,MOTO1,0.13,50091.82,4,4,50091.817,0.0,0.0,0.0,0.003,385321.692308
1774601,IT,CH,SEACO,DIST1,0.05,50090.368,3,3,50090.368,0.0,0.0,0.0,0.0,1001807.36
1788587,IT,WA,PAPER,SEACO,0.19,50081.753,4,4,50081.748,0.0,0.0,0.0,0.005,263588.173684
1689625,IT,IE,SUPPO,WHOLE,0.36,50079.226,4,4,50079.224,0.0,0.0,0.0,0.002,139108.961111
1752479,IT,CA,PROCE,FOOD5,0.34,50073.52,4,4,50073.517,0.0,0.0,0.0,0.003,147275.058824
1651611,IT,CY,BRICK,WOODW,0.08,50072.025,4,4,50072.022,0.0,0.0,0.0,0.003,625900.3125
1807052,IT,WF,TRAN2,EDUCA,0.08,50070.017,3,3,50070.017,0.0,0.0,0.0,0.0,625875.2125
1649250,IT,BG,HEAVY,WOODW,0.08,50067.114,4,4,50067.11,0.0,0.0,0.0,0.004,625838.925
1645095,IT,BE,PAPER,RAILW,0.19,50066.462,4,4,50066.457,0.0,0.0,0.0,0.005,263507.694737
1803232,IT,WF,CATTL,PRECI,0.11,50064.685,5,5,50063.682,0.0,1.0,0.0,0.003,455133.5
1690333,IT,IE,FOOD2,PUBLI,0.29,50063.746,4,4,50063.743,0.0,0.0,0.0,0.003,172633.606897
1650886,IT,BG,TRAN2,MOTOR,0.08,50063.321,3,3,50063.321,0.0,0.0,0.0,0.0,625791.5125
1673700,IT,FR,PAPER,TOBAC,0.19,50061.272,4,4,50061.267,0.0,0.0,0.0,0.005,263480.378947
1652577,IT,CZ,LEATH,RADIO,0.36,50058.54,4,4,50058.531,0.0,0.0,0.0,0.009,139051.5
1747476,IT,JP,SEACO,GLASS,0.05,50055.968,3,3,50055.968,0.0,0.0,0.0,0.0,1001119.36
1792367,IT,WA,FINAN,INSUR,0.65,50054.798,3,3,50054.798,0.0,0.0,0.0,0.0,77007.381538
1791634,IT,WA,HOTEL,PRINT,0.36,50052.274,4,4,50052.27,0.0,0.0,0.0,0.004,139034.094444
1716825,IT,NL,HOTEL,SANDC,0.36,50045.897,4,4,50045.893,0.0,0.0,0.0,0.004,139016.380556
1667065,IT,ES,NONME,FOUND,0.1,50045.499,4,4,50045.494,0.0,0.0,0.0,0.005,500454.99
1742502,IT,US,BASIC,DIST1,0.06,50043.38,4,4,50043.377,0.0,0.0,0.0,0.003,834056.333333
1725615,IT,RO,WOODW,COMPU,0.14,50042.477,4,4,50042.474,0.0,0.0,0.0,0.003,357446.264286
1809601,IT,WM,VEGE1,BUSIN,0.15,50037.462,4,4,50037.451,0.0,0.0,0.0,0.011,333583.08
1807166,IT,WF,AIRTR,NONME,0.05,50032.464,4,4,50032.462,0.0,0.0,0.0,0.002,1000649.28
1656158,IT,DE,TEXTI,PIGS9,0.3,50031.872,4,4,50031.865,0.0,0.0,0.0,0.007,166772.906667
1662771,IT,DK,MOTO1,OFFIC,0.27,50029.747,4,4,50029.744,0.0,0.0,0.0,0.003,185295.359259
1645192,IT,BE,PRINT,RESEA,0.48,50029.348,4,4,50029.344,0.0,0.0,0.0,0.004,104227.808333
1811235,IT,WM,LUBRI,GASDI,0.06,50025.221,4,4,50025.219,0.0,0.0,0.0,0.002,833753.683333
1688225,IT,IE,WHEAT,CATTL,0.04,50022.022,3,3,50022.022,0.0,0.0,0.0,0.0,1250550.55
1769671,IT,AU,FABRI,RAILW,0.2,50018.254,4,4,50018.25,0.0,0.0,0.0,0.004,250091.27
1650371,IT,BG,ELEC2,TRAN2,0.01,50018.218,4,4,50018.213,0.0,0.0,0.0,0.005,5001821.8
1777289,IT,TR,RUBBE,FOOD4,0.17,50017.093,4,4,50017.088,0.0,0.0,0.0,0.005,294218.194118
1646333,IT,BE,FABRI,MEATP,0.2,50016.966,4,4,50016.962,0.0,0.0,0.0,0.004,250084.83
1754224,IT,CA,POSTT,PRINT,0.82,50016.841,4,4,50016.837,0.0,0.0,0.0,0.004,60996.147561
1755280,IT,KR,PAPER,COPP1,0.19,50015.07,4,4,50015.065,0.0,0.0,0.0,0.005,263237.210526
1661890,IT,DK,PAPER,RECRE,0.19,50012.783,4,4,50012.778,0.0,0.0,0.0,0.005,263225.173684
1690161,IT,IE,COMPU,RECRE,0.57,50012.165,4,4,50012.162,0.0,0.0,0.0,0.003,87740.640351
1778053,IT,TR,OFFIC,SUPPO,0.15,50011.571,4,4,50011.567,0.0,0.0,0.0,0.004,333410.473333
1784433,IT,ID,BASIC,CRUDE,0.06,50011.088,4,4,50011.085,0.0,0.0,0.0,0.003,833518.133333
1775691,IT,TR,CROPS,MOTOR,0.4,50009.065,4,4,50009.062,0.0,0.0,0.0,0.003,125022.6625
1744733,IT,US,RESEA,NATU1,0.27,50007.955,4,4,50007.951,0.0,0.0,0.0,0.004,185214.648148
1778204,IT,TR,FURNI,NONME,0.16,50007.642,4,4,50007.638,0.0,0.0,0.0,0.004,312547.7625
1745713,IT,JP,WEARI,DAIRY,0.38,50005.838,4,4,50005.828,0.0,0.0,0.0,0.01,131594.310526
1665001,IT,ES,CHEMI,BIOGA,0.12,50005.494,5,5,50003.489,0.0,0.0,2.0,0.005,416712.45
1746541,IT,JP,NONME,MOTO1,0.1,50002.268,4,4,50002.263,0.0,0.0,0.0,0.005,500022.68
1748468,IT,CN,STONE,NONF1,0.16,50002.213,5,5,49999.211,0.0,0.0,3.0,0.002,312513.83125
1776101,IT,TR,WEARI,BUSIN,0.38,50001.282,4,4,50001.272,0.0,0.0,0.0,0.01,131582.321053
1737697,IT,GB,PRINT,RECRE,0.48,50001.278,4,4,50001.274,0.0,0.0,0.0,0.004,104169.329167
1662725,IT,DK,MACHI,PRIVA,0.28,50001.003,4,4,50000.999,0.0,0.0,0.0,0.004,178575.010714
1754068,IT,CA,AIRTR,MEATA,0.05,49997.792,4,4,49997.79,0.0,0.0,0.0,0.002,999955.84
1658028,IT,DE,PREC1,GLASS,0.08,49997.164,4,4,49997.162,0.0,0.0,0.0,0.002,624964.55
1667926,IT,ES,MOTO1,COMPU,0.27,49997.135,4,4,49997.132,0.0,0.0,0.0,0.003,185174.574074
1813091,IT,WM,MOTO1,WHEAT,0.27,49991.122,4,4,49991.119,0.0,0.0,0.0,0.003,185152.303704
1769681,IT,AU,FABRI,COMPU,0.2,49985.585,4,4,49985.581,0.0,0.0,0.0,0.004,249927.925
1751103,IT,CN,RETA1,CHEM1,0.52,49984.02,4,4,49984.017,0.0,0.0,0.0,0.003,96123.115385
1642061,IT,AT,GLASS,TEXTI,0.14,49979.985,4,4,49979.982,0.0,0.0,0.0,0.003,356999.892857
1655423,IT,DE,ANIMA,EDUCA,0.2,49979.348,4,4,49979.346,0.0,0.0,0.0,0.002,249896.74
1658284,IT,DE,COPP1,NONF1,0.13,49976.575,4,4,49976.572,0.0,0.0,0.0,0.003,384435.192308
1763326,IT,MX,PAPER,POSTT,0.19,49975.515,4,4,49975.51,0.0,0.0,0.0,0.005,263029.026316
1655971,IT,DE,FOOD5,PAPER,0.24,49973.034,4,4,49973.03,0.0,0.0,0.0,0.004,208220.975
1713985,IT,MT,WHOLE,OFFIC,0.43,49972.489,4,4,49972.486,0.0,0.0,0.0,0.003,116215.090698
1777724,IT,TR,COPP1,BUSIN,0.13,49969.188,4,4,49969.185,0.0,0.0,0.0,0.003,384378.369231
1730274,IT,SE,SEACO,STEAM,0.05,49966.93,3,3,49966.93,0.0,0.0,0.0,0.0,999338.6
1785559,IT,ZA,KERO1,FOOD5,0.07,49965.54,4,4,49965.536,0.0,0.0,0.0,0.004,713793.428571
1683343,IT,HR,NONME,TRANS,0.1,49961.305,4,4,49961.3,0.0,0.0,0.0,0.005,499613.05
1690180,IT,IE,BUSIN,FOOD5,0.51,49960.493,4,4,49960.49,0.0,0.0,0.0,0.003,97961.75098
1759657,IT,BR,RESEA,ELEC2,0.27,49956.895,4,4,49956.892,0.0,0.0,0.0,0.003,185025.537037
1812116,IT,WM,BRICK,LEADZ,0.07,49956.808,4,4,49956.805,0.0,0.0,0.0,0.003,713668.685714
1675114,IT,FR,LEAD1,MOTO1,0.09,49954.167,4,4,49954.163,0.0,0.0,0.0,0.004,555046.3
1642250,IT,AT,NONME,GLASS,0.1,49949.253,4,4,49949.248,0.0,0.0,0.0,0.005,499492.53
1655200,IT,CZ,BUSIN,HEALT,0.51,49942.21,4,4,49942.207,0.0,0.0,0.0,0.003,97925.901961
1713752,IT,MT,OFFIC,SALEM,0.15,49935.256,4,4,49935.252,0.0,0.0,0.0,0.004,332901.706667
1671323,IT,FI,ALUM1,OFFIC,0.09,49934.819,4,4,49934.815,0.0,0.0,0.0,0.004,554831.322222
1716972,IT,NL,LANDT,VEGET,0.32,49932.893,4,4,49932.891,0.0,0.0,0.0,0.002,156040.290625
1789761,IT,WA,GLASS,CHARC,0.14,49931.809,4,4,49931.806,0.0,0.0,0.0,0.003,356655.778571
1804018,IT,WF,WOODW,PRECI,0.14,49930.236,4,4,49930.233,0.0,0.0,0.0,0.003,356644.542857
1790057,IT,WA,BASIC,PIGS9,0.06,49927.769,4,4,49927.766,0.0,0.0,0.0,0.003,832129.483333
1657197,IT,DE,CHEM1,VEGE1,0.1,49922.2,4,4,49922.195,0.0,0.0,0.0,0.005,499222.0
1655724,IT,DE,MEATC,MEAT4,0.17,49922.001,5,5,49920.998,0.0,1.0,0.0,0.003,293658.829412
1675245,IT,FR,FABRI,ADDIT,0.2,49913.958,4,4,49913.954,0.0,0.0,0.0,0.004,249569.79
1776159,IT,TR,LEATH,CONST,0.36,49913.42,4,4,49913.411,0.0,0.0,0.0,0.009,138648.388889
1654978,IT,CZ,INSUR,INSUR,1.03,49912.23,4,4,49912.228,0.0,0.0,0.0,0.002,48458.475728
1680190,IT,GR,MOTO1,PAPE4,0.27,49911.334,4,4,49911.331,0.0,0.0,0.0,0.003,184856.792593
1770442,IT,AU,SEACO,RETA1,0.05,49910.863,3,3,49910.863,0.0,0.0,0.0,0.0,998217.26
1747519,IT,JP,SEACO,RECRE,0.05,49906.918,3,3,49906.918,0.0,0.0,0.0,0.0,998138.36
1812730,IT,WM,NONF1,ETHAN,0.01,49906.88,3,3,49906.88,0.0,0.0,0.0,0.0,4990688.0
1711689,IT,LU,BUSIN,DAIRY,0.51,49904.569,4,4,49904.566,0.0,0.0,0.0,0.003,97852.096078
1793964,IT,WL,WOODW,VEGET,0.14,49900.119,4,4,49900.116,0.0,0.0,0.0,0.003,356429.421429
1771639,IT,CH,WEARI,WOODW,0.38,49898.809,4,4,49898.8,0.0,0.0,0.0,0.009,131312.655263
1719140,IT,PL,PLAST,COKEO,0.1,49897.453,4,4,49897.448,0.0,0.0,0.0,0.005,498974.53
1798281,IT,WE,OILSE,RECRE,0.04,49894.432,4,4,49894.43,0.0,0.0,0.0,0.002,1247360.8
1714531,IT,NL,CRUDE,LIQUI,0.1,49892.396,4,4,49892.392,0.0,0.0,0.0,0.004,498923.96
1766808,IT,RU,MACHI,SECO9,0.28,49890.259,4,4,49890.255,0.0,0.0,0.0,0.004,178179.496429
1715608,IT,NL,LIQUE,WHOLE,0.09,49889.301,4,4,49889.297,0.0,0.0,0.0,0.004,554325.566667
1776950,IT,TR,PLAST,BUSIN,0.1,49881.135,4,4,49881.13,0.0,0.0,0.0,0.005,498811.35
1654528,IT,CZ,HOTEL,TRANS,0.36,49878.641,4,4,49878.637,0.0,0.0,0.0,0.004,138551.780556
1768851,IT,AU,LEATH,RAILW,0.36,49876.924,4,4,49876.915,0.0,0.0,0.0,0.009,138547.011111
1682059,IT,HR,FISH5,STEAM,0.21,49875.641,4,4,49875.615,0.0,0.0,0.0,0.026,237503.052381
1777641,IT,TR,ALUM1,REALE,0.09,49869.313,4,4,49869.309,0.0,0.0,0.0,0.004,554103.477778
1666658,IT,ES,ADDIT,ELEC3,0.12,49868.822,4,4,49868.818,0.0,0.0,0.0,0.004,415573.516667
1760903,IT,IN,GASDI,COMPU,0.07,49867.105,4,4,49867.101,0.0,0.0,0.0,0.004,712387.214286
1640906,IT,AT,LEATH,RAILW,0.36,49863.991,4,4,49863.982,0.0,0.0,0.0,0.009,138511.086111
1780060,IT,TW,WHOLE,NAPHT,0.43,49863.91,4,4,49863.907,0.0,0.0,0.0,0.003,115962.581395
1801862,IT,WE,CONST,CRUDE,0.28,49859.516,4,4,49859.513,0.0,0.0,0.0,0.003,178069.7
1688592,IT,IE,PRINT,COMPU,0.48,49857.483,4,4,49857.479,0.0,0.0,0.0,0.004,103869.75625
1777638,IT,TR,ALUM1,HOTEL,0.09,49856.172,4,4,49856.168,0.0,0.0,0.0,0.004,553957.466667
1769686,IT,AU,FABRI,HEALT,0.2,49853.943,4,4,49853.939,0.0,0.0,0.0,0.004,249269.715
1740747,IT,US,MEAT4,FISH5,0.27,49851.52,4,4,49851.517,0.0,0.0,0.0,0.003,184635.259259
1758507,IT,BR,MACHI,FOUND,0.28,49849.481,4,4,49849.477,0.0,0.0,0.0,0.004,178033.860714
1746452,IT,JP,GLASS,OFFIC,0.14,49849.389,4,4,49849.386,0.0,0.0,0.0,0.003,356067.064286
1670771,IT,FI,PAPER,RECRE,0.19,49847.646,4,4,49847.641,0.0,0.0,0.0,0.005,262356.031579
1644665,IT,BE,BEVER,DAIRY,0.21,49847.293,4,4,49847.29,0.0,0.0,0.0,0.003,237368.061905
1679903,IT,GR,COPP1,RESEA,0.13,49842.288,4,4,49842.285,0.0,0.0,0.0,0.003,383402.215385
1806101,IT,WF,FABRI,MEATP,0.2,49841.314,4,4,49841.31,0.0,0.0,0.0,0.004,249206.57
1738560,IT,GB,FABRI,PULP5,0.2,49840.727,4,4,49840.723,0.0,0.0,0.0,0.004,249203.635
1745233,IT,JP,STONE,RETA1,0.16,49839.313,5,5,49836.311,0.0,0.0,3.0,0.002,311495.70625
1728472,IT,SE,LEATH,POSTT,0.36,49837.665,4,4,49837.656,0.0,0.0,0.0,0.009,138437.958333
1735293,IT,SK,GLASS,FURNI,0.14,49832.74,4,4,49832.737,0.0,0.0,0.0,0.003,355948.142857
1732565,IT,SI,RUBBE,RENTI,0.17,49826.24,4,4,49826.235,0.0,0.0,0.0,0.005,293095.529412
1793677,IT,WL,FOOD5,MEATA,0.24,49824.64,4,4,49824.636,0.0,0.0,0.0,0.004,207602.666667
1656575,IT,DE,PRINT,PRINT,0.48,49823.992,4,4,49823.988,0.0,0.0,0.0,0.004,103799.983333
1688913,IT,IE,NONF1,MACHI,0.01,49823.462,3,3,49823.462,0.0,0.0,0.0,0.0,4982346.2
1723651,IT,PT,FABRI,93197,0.2,49823.147,4,4,49823.143,0.0,0.0,0.0,0.004,249115.735
1757772,IT,BR,PLAST,PRINT,0.1,49822.82,4,4,49822.815,0.0,0.0,0.0,0.005,498228.2
1742074,IT,US,RUBBE,KEROS,0.17,49822.592,4,4,49822.587,0.0,0.0,0.0,0.005,293074.070588
1798245,IT,WE,VEGET,SUPPO,0.18,49822.478,4,4,49822.476,0.0,0.0,0.0,0.002,276791.544444
1777998,IT,TR,MACHI,WASTE,0.28,49821.325,4,4,49821.321,0.0,0.0,0.0,0.004,177933.303571
1780322,IT,TW,AIRTR,ALUMI,0.05,49818.287,4,4,49818.285,0.0,0.0,0.0,0.002,996365.74
1741009,IT,US,FISH5,FOOD5,0.21,49813.412,4,4,49813.386,0.0,0.0,0.0,0.026,237206.72381
1724443,IT,PT,AIRTR,SUPPO,0.05,49813.126,4,4,49813.124,0.0,0.0,0.0,0.002,996262.52
1648449,IT,BG,CEREA,FOOD5,0.08,49811.465,4,4,49811.462,0.0,0.0,0.0,0.003,622643.3125
1765414,IT,RU,TEXTI,FOOD5,0.3,49809.25,4,4,49809.243,0.0,0.0,0.0,0.007,166030.833333
1775619,IT,CH,RECRE,MEMBE,0.63,49808.556,4,4,49808.552,0.0,0.0,0.0,0.004,79061.2
1685560,IT,HU,PAPER,RENTI,0.19,49805.576,4,4,49805.571,0.0,0.0,0.0,0.005,262134.610526
1668825,IT,ES,TRAN2,LIQUE,0.08,49804.28,3,3,49804.28,0.0,0.0,0.0,0.0,622553.5
1679598,IT,GR,RUBBE,RAILW,0.17,49804.038,4,4,49804.033,0.0,0.0,0.0,0.005,292964.929412
1781066,IT,TW,PUBLI,HEAVY,0.82,49803.54,4,4,49803.537,0.0,0.0,0.0,0.003,60736.02439
1791990,IT,WA,SEACO,INLAN,0.05,49801.21,3,3,49801.21,0.0,0.0,0.0,0.0,996024.2
1763959,IT,MX,BASIC,POSTT,0.06,49800.799,4,4,49800.796,0.0,0.0,0.0,0.003,830013.316667
1758684,IT,BR,SALEM,FISHF,0.4,49798.305,4,4,49798.302,0.0,0.0,0.0,0.003,124495.7625
1790425,IT,WA,LEAD1,MOTO1,0.09,49797.57,4,4,49797.566,0.0,0.0,0.0,0.004,553306.333333
1665003,IT,ES,CHEMI,RUBBE,0.12,49797.033,5,5,49795.028,0.0,0.0,2.0,0.005,414975.275
1674115,IT,FR,HEAVY,COALT,0.08,49796.015,4,4,49796.011,0.0,0.0,0.0,0.004,622450.1875
1747272,IT,JP,WHOLE,NAPHT,0.43,49792.039,4,4,49792.036,0.0,0.0,0.0,0.003,115795.439535
1717696,IT,NL,BUSIN,DIST1,0.51,49783.612,4,4,49783.609,0.0,0.0,0.0,0.003,97614.92549
1670017,IT,ES,HEALT,HEALT,0.26,49782.119,4,4,49782.117,0.0,0.0,0.0,0.002,191469.688462
1788532,IT,WA,PAPER,SUGA1,0.19,49779.601,4,4,49779.596,0.0,0.0,0.0,0.005,261997.9
1780581,IT,TW,INSUR,SANDC,1.03,49776.529,4,4,49776.527,0.0,0.0,0.0,0.002,48326.727184
1760493,IT,IN,TEXTI,RETA1,0.29,49773.521,4,4,49773.514,0.0,0.0,0.0,0.007,171632.831034
1796293,IT,WL,CONST,INSUR,0.28,49771.526,4,4,49771.523,0.0,0.0,0.0,0.003,177755.45
1755982,IT,KR,ALUM1,MEDIC,0.09,49767.991,4,4,49767.987,0.0,0.0,0.0,0.004,552977.677778
1814474,IT,WM,COMPU,BUSIN,0.57,49766.058,4,4,49766.055,0.0,0.0,0.0,0.003,87308.873684
1729881,IT,SE,TRANS,MOTO1,0.3,49765.641,4,4,49765.638,0.0,0.0,0.0,0.003,165885.47
1674334,IT,FR,CHEM1,VEGE1,0.1,49762.877,4,4,49762.872,0.0,0.0,0.0,0.005,497628.77
1746460,IT,JP,GLASS,SALEM,0.14,49761.142,4,4,49761.139,0.0,0.0,0.0,0.003,355436.728571
1802135,IT,WE,RETA1,PUBLI,0.52,49760.202,4,4,49760.199,0.0,0.0,0.0,0.003,95692.696154
1710062,IT,LT,FABRI,PULP5,0.2,49759.742,4,4,49759.738,0.0,0.0,0.0,0.004,248798.71
1710099,IT,LT,FABRI,HOTEL,0.2,49758.191,4,4,49758.187,0.0,0.0,0.0,0.004,248790.955
1687033,IT,HU,OFFIC,PUBLI,0.15,49754.902,4,4,49754.898,0.0,0.0,0.0,0.004,331699.346667
1740244,IT,GB,BUSIN,ELEC4,0.51,49751.331,4,4,49751.328,0.0,0.0,0.0,0.003,97551.629412
1677812,IT,FR,COMPU,HEALT,0.57,49744.847,4,4,49744.844,0.0,0.0,0.0,0.003,87271.661404
1668337,IT,ES,WHOLE,RESEA,0.43,49742.696,4,4,49742.693,0.0,0.0,0.0,0.003,115680.688372
1787485,IT,WA,SANDC,RETA1,0.11,49741.274,5,5,49730.272,0.0,0.0,11.0,0.002,452193.4
1644070,IT,AT,BUSIN,DIST1,0.51,49739.674,4,4,49739.671,0.0,0.0,0.0,0.003,97528.772549
1779607,IT,TR,COMPU,INSUR,0.57,49736.573,4,4,49736.57,0.0,0.0,0.0,0.003,87257.145614
1737510,IT,GB,WOODW,PLAST,0.14,49735.94,4,4,49735.937,0.0,0.0,0.0,0.003,355256.714286
1664100,IT,EE,CHEM1,RESEA,0.1,49734.337,4,4,49734.332,0.0,0.0,0.0,0.005,497343.37
1733739,IT,SI,LANDT,MEATC,0.32,49730.415,4,4,49730.413,0.0,0.0,0.0,0.002,155407.546875
1777739,IT,TR,NONF1,LEAD1,0.01,49728.038,3,3,49728.038,0.0,0.0,0.0,0.0,4972803.8
1682099,IT,HR,TEXTI,DAIRY,0.29,49726.598,4,4,49726.591,0.0,0.0,0.0,0.007,171471.027586
1709400,IT,LT,BEVER,ELEC5,0.21,49725.635,4,4,49725.632,0.0,0.0,0.0,0.003,236788.738095
1685556,IT,HU,PAPER,SUPPO,0.19,49715.786,4,4,49715.781,0.0,0.0,0.0,0.005,261662.031579
1676857,IT,FR,LANDT,PAPE1,0.32,49714.862,4,4,49714.86,0.0,0.0,0.0,0.002,155358.94375
1653502,IT,CZ,BASIC,PULP5,0.06,49709.345,4,4,49709.342,0.0,0.0,0.0,0.003,828489.083333
1780917,IT,TW,RESEA,WHOLE,0.27,49707.223,4,4,49707.22,0.0,0.0,0.0,0.003,184100.825926
1665344,IT,ES,FISH5,RETA1,0.21,49707.185,4,4,49707.159,0.0,0.0,0.0,0.026,236700.880952
1804388,IT,WF,KEROS,ELECT,0.07,49706.092,4,4,49706.088,0.0,0.0,0.0,0.004,710087.028571
1720230,IT,PL,NONF1,NATUR,0.01,49705.925,3,3,49705.925,0.0,0.0,0.0,0.0,4970592.5
1731585,IT,SI,TEXTI,RENTI,0.29,49705.442,4,4,49705.435,0.0,0.0,0.0,0.007,171398.075862
1671585,IT,FI,MOTO1,REALE,0.26,49705.056,4,4,49705.053,0.0,0.0,0.0,0.003,191173.292308
1742465,IT,US,BASIC,LIQUE,0.06,49701.967,4,4,49701.964,0.0,0.0,0.0,0.003,828366.116667
1804477,IT,WF,GASDI,BEVER,0.07,49701.952,4,4,49701.948,0.0,0.0,0.0,0.004,710027.885714
1679198,IT,GR,PRINT,EDUCA,0.48,49699.812,4,4,49699.808,0.0,0.0,0.0,0.004,103541.275
1684267,IT,HR,SEACO,HEALT,0.05,49695.369,3,3,49695.369,0.0,0.0,0.0,0.0,993907.38
1644712,IT,BE,BEVER,DISTR,0.21,49692.893,4,4,49692.89,0.0,0.0,0.0,0.003,236632.82381
1732062,IT,SI,KEROS,OILHA,0.07,49690.365,4,4,49690.361,0.0,0.0,0.0,0.004,709862.357143
1761528,IT,IN,LEAD1,PFERT,0.09,49689.185,4,4,49689.181,0.0,0.0,0.0,0.004,552102.055556
1758553,IT,BR,MACHI,PLAS2,0.28,49688.603,4,4,49688.599,0.0,0.0,0.0,0.004,177459.296429
1716658,IT,NL,WHOLE,MEAT1,0.43,49684.241,4,4,49684.238,0.0,0.0,0.0,0.003,115544.746512
1773457,IT,CH,OFFIC,BIOG1,0.15,49682.82,4,4,49682.816,0.0,0.0,0.0,0.004,331218.8
1730795,IT,SE,BUSIN,FURNI,0.51,49682.603,4,4,49682.6,0.0,0.0,0.0,0.003,97416.868627
1721039,IT,PL,HOTEL,CHEM1,0.36,49682.125,4,4,49682.121,0.0,0.0,0.0,0.004,138005.902778
1641363,IT,AT,KEROS,DISTR,0.07,49677.623,4,4,49677.619,0.0,0.0,0.0,0.004,709680.328571
1667727,IT,ES,MACHI,WASTE,0.28,49676.655,4,4,49676.651,0.0,0.0,0.0,0.004,177416.625
1777151,IT,TR,ADDIT,TEXT2,0.12,49670.671,4,4,49670.667,0.0,0.0,0.0,0.004,413922.258333
1786312,IT,ZA,FABRI,POSTT,0.2,49667.233,4,4,49667.229,0.0,0.0,0.0,0.004,248336.165
1653479,IT,CZ,BASIC,POULT,0.06,49666.461,4,4,49666.458,0.0,0.0,0.0,0.003,827774.35
1796152,IT,WL,FURNI,CROPS,0.16,49665.416,4,4,49665.412,0.0,0.0,0.0,0.004,310408.85
1709964,IT,LT,BASIC,FOOD2,0.06,49661.047,4,4,49661.044,0.0,0.0,0.0,0.003,827684.116667
1774170,IT,CH,RETA1,VEGET,0.52,49660.057,4,4,49660.054,0.0,0.0,0.0,0.003,95500.109615
1660874,IT,DE,COMPU,WOOD1,0.57,49651.04,4,4,49651.037,0.0,0.0,0.0,0.003,87107.087719
1686544,IT,HU,ALUM1,PRINT,0.09,49650.98,4,4,49650.976,0.0,0.0,0.0,0.004,551677.555556
1680948,IT,GR,SEACO,FURNI,0.05,49647.923,3,3,49647.923,0.0,0.0,0.0,0.0,992958.46
1766319,IT,RU,NONME,CERAM,0.1,49645.117,4,4,49645.112,0.0,0.0,0.0,0.005,496451.17
1646604,IT,BE,MOTO1,RAILW,0.26,49640.277,4,4,49640.274,0.0,0.0,0.0,0.003,190924.142308
1684393,IT,HR,POSTT,POSTT,0.82,49640.247,4,4,49640.243,0.0,0.0,0.0,0.004,60536.886585
1802297,IT,WE,LANDT,INSUR,0.32,49636.05,4,4,49636.048,0.0,0.0,0.0,0.002,155112.65625
1644436,IT,BE,VEGE1,RAWMI,0.15,49633.487,4,4,49633.476,0.0,0.0,0.0,0.011,330889.913333
1809766,IT,WM,FOOD5,PROCE,0.24,49621.787,4,4,49621.783,0.0,0.0,0.0,0.004,206757.445833
1751342,IT,CN,LANDT,WHOLE,0.32,49621.042,4,4,49621.04,0.0,0.0,0.0,0.002,155065.75625
1645832,IT,BE,GLASS,SANDC,0.14,49613.984,4,4,49613.981,0.0,0.0,0.0,0.003,354385.6
1714525,IT,NL,CRUDE,NONSP,0.1,49612.173,4,4,49612.169,0.0,0.0,0.0,0.004,496121.73
1771850,IT,CH,WOODW,ELEC7,0.14,49611.531,4,4,49611.528,0.0,0.0,0.0,0.003,354368.078571
1676756,IT,FR,LANDT,FISHF,0.32,49605.179,4,4,49605.177,0.0,0.0,0.0,0.002,155016.184375
1785359,IT,ZA,WOODW,RADIO,0.14,49603.5,4,4,49603.497,0.0,0.0,0.0,0.003,354310.714286
1646320,IT,BE,NONF1,WHOLE,0.01,49602.425,3,3,49602.425,0.0,0.0,0.0,0.0,4960242.5
1792092,IT,WA,AIRTR,ELEC4,0.05,49602.162,4,4,49602.16,0.0,0.0,0.0,0.002,992043.24
1641354,IT,AT,KEROS,MACHI,0.07,49597.69,4,4,49597.686,0.0,0.0,0.0,0.004,708538.428571
1734897,IT,SK,PAPER,EDUCA,0.19,49595.733,4,4,49595.728,0.0,0.0,0.0,0.005,261030.173684
1642815,IT,AT,OFFIC,FABRI,0.15,49594.256,4,4,49594.252,0.0,0.0,0.0,0.004,330628.373333
1709782,IT,LT,RUBBE,WEARI,0.16,49593.006,4,4,49593.002,0.0,0.0,0.0,0.004,309956.2875
1800420,IT,WE,ADDIT,LIQUE,0.11,49592.549,4,4,49592.545,0.0,0.0,0.0,0.004,450841.354545
1658509,IT,DE,FABRI,FOOD3,0.2,49587.97,4,4,49587.966,0.0,0.0,0.0,0.004,247939.85
1753660,IT,CA,MOTO1,CRUDE,0.26,49587.257,4,4,49587.254,0.0,0.0,0.0,0.003,190720.219231
1719361,IT,PL,RUBBE,COKIN,0.16,49584.086,4,4,49584.082,0.0,0.0,0.0,0.004,309900.5375
1643646,IT,AT,AIRTR,RAILW,0.05,49581.53,4,4,49581.528,0.0,0.0,0.0,0.002,991630.6
1673648,IT,FR,WOODW,SEWAG,0.14,49573.037,4,4,49573.034,0.0,0.0,0.0,0.003,354093.121429
1723131,IT,PT,CHEM1,PLAS1,0.1,49571.58,4,4,49571.575,0.0,0.0,0.0,0.005,495715.8
1681131,IT,GR,SUPPO,SEWAG,0.36,49568.396,4,4,49568.394,0.0,0.0,0.0,0.002,137689.988889
1783416,IT,NO,INTER,MACHI,0.3,49568.299,4,4,49568.296,0.0,0.0,0.0,0.003,165227.663333
1654507,IT,CZ,HOTEL,NFERT,0.36,49568.212,4,4,49568.208,0.0,0.0,0.0,0.004,137689.477778
1677111,IT,FR,SUPPO,PAPE1,0.36,49568.142,4,4,49568.14,0.0,0.0,0.0,0.002,137689.283333
1676799,IT,FR,LANDT,BIOGA,0.32,49566.214,4,4,49566.212,0.0,0.0,0.0,0.002,154894.41875
1754116,IT,CA,AIRTR,DISTR,0.05,49565.788,4,4,49565.786,0.0,0.0,0.0,0.002,991315.76
1759068,IT,BR,SEACO,TRANS,0.05,49565.759,3,3,49565.759,0.0,0.0,0.0,0.0,991315.18
1656088,IT,DE,BEVER,CONST,0.21,49565.222,4,4,49565.219,0.0,0.0,0.0,0.003,236024.866667
1643719,IT,AT,SUPPO,FOUND,0.36,49561.103,4,4,49561.101,0.0,0.0,0.0,0.002,137669.730556
1725490,IT,RO,WEARI,SUPPO,0.37,49556.312,4,4,49556.303,0.0,0.0,0.0,0.009,133935.978378
1754263,IT,CA,POSTT,SUPPO,0.82,49551.252,4,4,49551.248,0.0,0.0,0.0,0.004,60428.356098
1813935,IT,WM,TRAN2,HEAVY,0.08,49551.186,3,3,49551.186,0.0,0.0,0.0,0.0,619389.825
1649239,IT,BG,GASDI,OILSE,0.07,49548.314,4,4,49548.31,0.0,0.0,0.0,0.004,707833.057143
1645603,IT,BE,CHEM1,NUCLE,0.1,49547.729,4,4,49547.724,0.0,0.0,0.0,0.005,495477.29
1743549,IT,US,HOTEL,ANIMA,0.36,49546.308,4,4,49546.304,0.0,0.0,0.0,0.004,137628.633333
1649577,IT,BG,RUBBE,REALE,0.16,49545.271,4,4,49545.267,0.0,0.0,0.0,0.004,309657.94375
1734861,IT,SK,PAPER,CEMEN,0.19,49543.855,4,4,49543.85,0.0,0.0,0.0,0.005,260757.131579
1788330,IT,WA,LEATH,AIRTR,0.35,49542.002,4,4,49541.993,0.0,0.0,0.0,0.009,141548.577143
1814933,IT,WM,PRIVA,CHEM1,11.05,49538.322,4,4,49538.314,0.0,0.0,0.0,0.008,4483.106063
1799080,IT,WE,WEARI,WHEAT,0.37,49536.921,4,4,49536.912,0.0,0.0,0.0,0.009,133883.57027
1758190,IT,BR,BASIC,OILSE,0.06,49534.636,4,4,49534.633,0.0,0.0,0.0,0.003,825577.266667
1731344,IT,SI,DAIRY,RETA1,0.2,49533.032,4,4,49533.029,0.0,0.0,0.0,0.003,247665.16
1724371,IT,PT,SEACO,HOTEL,0.05,49527.963,3,3,49527.963,0.0,0.0,0.0,0.0,990559.26
1715225,IT,NL,WOODW,RENTI,0.14,49527.443,4,4,49527.44,0.0,0.0,0.0,0.003,353767.45
1665797,IT,ES,PAPER,OILHA,0.19,49525.316,4,4,49525.311,0.0,0.0,0.0,0.005,260659.557895
1795978,IT,WL,MOTO1,ALUM1,0.26,49525.3,4,4,49525.297,0.0,0.0,0.0,0.003,190481.923077
1714200,IT,MT,INSUR,SEACO,1.02,49524.519,4,4,49524.517,0.0,0.0,0.0,0.002,48553.45
1721086,IT,PL,HOTEL,REALE,0.36,49524.415,4,4,49524.411,0.0,0.0,0.0,0.004,137567.819444
1798324,IT,WE,CROPS,WHOLE,0.39,49524.021,4,4,49524.018,0.0,0.0,0.0,0.003,126984.669231
1764720,IT,MX,HOTEL,CEMEN,0.36,49522.769,4,4,49522.765,0.0,0.0,0.0,0.004,137563.247222
1740228,IT,GB,BUSIN,ALUM1,0.51,49517.401,4,4,49517.398,0.0,0.0,0.0,0.003,97092.943137
1666660,IT,ES,ADDIT,SALEM,0.11,49516.926,4,4,49516.922,0.0,0.0,0.0,0.004,450153.872727
1731210,IT,SI,CHEMI,CONST,0.12,49515.734,5,5,49513.729,0.0,0.0,2.0,0.005,412631.116667
1778032,IT,TR,OFFIC,BASIC,0.15,49513.606,4,4,49513.602,0.0,0.0,0.0,0.004,330090.706667
1773612,IT,CH,TRANS,DIST1,0.3,49511.348,4,4,49511.345,0.0,0.0,0.0,0.003,165037.826667
1647853,IT,BE,AUXIL,RESEA,0.91,49510.255,4,4,49510.253,0.0,0.0,0.0,0.002,54406.873626
1682131,IT,HR,TEXTI,FABRI,0.29,49508.09,4,4,49508.083,0.0,0.0,0.0,0.007,170717.551724
1777964,IT,TR,MACHI,ELEC5,0.28,49507.214,4,4,49507.21,0.0,0.0,0.0,0.004,176811.478571
1749413,IT,CN,KEROS,BASIC,0.07,49504.368,4,4,49504.364,0.0,0.0,0.0,0.004,707205.257143
1684811,IT,HU,FISHF,RAWMI,0.09,49502.763,4,4,49502.761,0.0,0.0,0.0,0.002,550030.7
1682394,IT,HR,PAPER,FORES,0.19,49499.77,4,4,49499.765,0.0,0.0,0.0,0.005,260525.105263
1672416,IT,FI,BUSIN,LANDT,0.51,49497.229,4,4,49497.226,0.0,0.0,0.0,0.003,97053.390196
1679641,IT,GR,GLASS,RUBBE,0.14,49493.9,4,4,49493.897,0.0,0.0,0.0,0.003,353527.857143
1715760,IT,NL,BIODI,VEGE1,0.1,49493.561,4,4,49493.556,0.0,0.0,0.0,0.005,494935.61
1649133,IT,BG,PAPER,AIRTR,0.19,49490.868,4,4,49490.863,0.0,0.0,0.0,0.005,260478.252632
1645345,IT,BE,GASDI,INLAN,0.07,49489.902,4,4,49489.898,0.0,0.0,0.0,0.004,706998.6
1676947,IT,FR,AIRTR,LIQUE,0.05,49487.323,4,4,49487.321,0.0,0.0,0.0,0.002,989746.46
1787462,IT,WA,STONE,CONST,0.16,49478.645,5,5,49475.643,0.0,0.0,3.0,0.002,309241.53125
1803796,IT,WF,TEXTI,BEVER,0.29,49474.902,4,4,49474.895,0.0,0.0,0.0,0.007,170603.110345
1746730,IT,JP,FABRI,HOTEL,0.2,49474.369,4,4,49474.365,0.0,0.0,0.0,0.004,247371.845
1685522,IT,HU,PAPER,BIODI,0.19,49472.212,4,4,49472.207,0.0,0.0,0.0,0.005,260380.063158
1729013,IT,SE,RUBBE,RAWMI,0.16,49471.746,4,4,49471.742,0.0,0.0,0.0,0.004,309198.4125
1722105,IT,PL,BUSIN,BIODI,0.51,49468.561,4,4,49468.558,0.0,0.0,0.0,0.003,96997.178431
1730189,IT,SE,LANDT,TRANS,0.32,49468.55,4,4,49468.548,0.0,0.0,0.0,0.002,154589.21875
1742723,IT,US,FABRI,MEATP,0.2,49467.947,4,4,49467.943,0.0,0.0,0.0,0.004,247339.735
1814418,IT,WM,REALE,RETA1,2.09,49467.792,4,4,49467.789,0.0,0.0,0.0,0.003,23668.8
1752162,IT,CN,BUSIN,MEMBE,0.51,49466.401,4,4,49466.398,0.0,0.0,0.0,0.003,96992.943137
1771092,IT,CH,NATUR,POSTT,0.07,49466.126,4,4,49466.123,0.0,0.0,0.0,0.003,706658.942857
1664791,IT,ES,VEGET,MEATC,0.18,49461.131,4,4,49461.129,0.0,0.0,0.0,0.002,274784.061111
1761930,IT,IN,FURNI,NONME,0.16,49461.116,4,4,49461.112,0.0,0.0,0.0,0.004,309131.975
1661907,IT,DK,PRINT,OFFIC,0.47,49460.965,4,4,49460.961,0.0,0.0,0.0,0.004,105236.095745
1725397,IT,RO,TEXTI,NONF1,0.29,49458.932,4,4,49458.925,0.0,0.0,0.0,0.007,170548.041379
1796522,IT,WL,RETA1,OFFIC,0.52,49456.605,4,4,49456.602,0.0,0.0,0.0,0.003,95108.855769
1768994,IT,AU,PAPER,RENTI,0.19,49455.674,4,4,49455.669,0.0,0.0,0.0,0.005,260293.021053
1769297,IT,AU,RUBBE,AIRTR,0.16,49454.544,4,4,49454.54,0.0,0.0,0.0,0.004,309090.9
1674046,IT,FR,GASDI,ELEC6,0.07,49453.953,4,4,49453.949,0.0,0.0,0.0,0.004,706485.042857
1746341,IT,JP,ADDIT,RENTI,0.11,49444.073,4,4,49444.069,0.0,0.0,0.0,0.004,449491.572727
1658442,IT,DE,FABRI,LEAD1,0.2,49443.187,4,4,49443.183,0.0,0.0,0.0,0.004,247215.935
1779929,IT,TW,CONST,CHEM1,0.28,49441.744,4,4,49441.741,0.0,0.0,0.0,0.003,176577.657143
1740649,IT,US,CRUDE,WHOLE,0.1,49440.231,4,4,49440.227,0.0,0.0,0.0,0.004,494402.31
1742036,IT,US,RUBBE,WHEAT,0.16,49440.14,4,4,49440.136,0.0,0.0,0.0,0.004,309000.875
1652862,IT,CZ,COALT,IRONO,0.08,49439.981,4,4,49439.978,0.0,0.0,0.0,0.003,617999.7625
1732325,IT,SI,NAPHT,ELEC1,0.08,49436.26,4,4,49436.256,0.0,0.0,0.0,0.004,617953.25
1723711,IT,PT,MACHI,SECO9,0.28,49435.346,4,4,49435.342,0.0,0.0,0.0,0.004,176554.807143
1721321,IT,PL,LANDT,INERT,0.32,49434.366,4,4,49434.364,0.0,0.0,0.0,0.002,154482.39375
1753380,IT,CA,ALUM1,ELECT,0.09,49433.067,4,4,49433.063,0.0,0.0,0.0,0.004,549256.3
1751409,IT,CN,SEACO,RAILW,0.05,49432.998,3,3,49432.998,0.0,0.0,0.0,0.0,988659.96
1658622,IT,DE,MACHI,STEAM,0.28,49431.256,4,4,49431.252,0.0,0.0,0.0,0.004,176540.2
1689769,IT,IE,INSUR,CATTL,1.02,49429.815,4,4,49429.813,0.0,0.0,0.0,0.002,48460.602941
1772297,IT,CH,PETRO,BRICK,0.08,49428.296,4,4,49428.292,0.0,0.0,0.0,0.004,617853.7
1750133,IT,CN,PREC1,BASIC,0.08,49426.632,4,4,49426.63,0.0,0.0,0.0,0.002,617832.9
1682450,IT,HR,PAPER,RETAI,0.19,49424.509,4,4,49424.504,0.0,0.0,0.0,0.005,260128.994737
1805805,IT,WF,PREC1,FOUND,0.08,49423.958,4,4,49423.956,0.0,0.0,0.0,0.002,617799.475
1651352,IT,CY,PAPER,PAPER,0.19,49422.631,4,4,49422.626,0.0,0.0,0.0,0.005,260119.110526
1758775,IT,BR,RETA1,PULP5,0.52,49422.367,4,4,49422.364,0.0,0.0,0.0,0.003,95043.013462
1776391,IT,TR,PRINT,FURNI,0.47,49420.738,4,4,49420.734,0.0,0.0,0.0,0.004,105150.506383
1747215,IT,JP,CONST,MEMBE,0.28,49420.384,4,4,49420.381,0.0,0.0,0.0,0.003,176501.371429
1776590,IT,TR,GASDI,BEVER,0.07,49417.024,4,4,49417.02,0.0,0.0,0.0,0.004,705957.485714
1749021,IT,CN,LEATH,PREC1,0.35,49409.728,4,4,49409.719,0.0,0.0,0.0,0.009,141170.651429
1762187,IT,IN,SEACO,CRUDE,0.05,49409.006,3,3,49409.006,0.0,0.0,0.0,0.0,988180.12
1795014,IT,WL,ADDIT,CROPS,0.11,49408.859,4,4,49408.855,0.0,0.0,0.0,0.004,449171.445455
1655304,IT,DE,CEREA,BUSIN,0.08,49406.764,4,4,49406.761,0.0,0.0,0.0,0.003,617584.55
1804721,IT,WF,LIQUE,LANDT,0.09,49406.434,4,4,49406.43,0.0,0.0,0.0,0.004,548960.377778
1804247,IT,WF,MOTOR,PLANT,0.07,49405.187,4,4,49405.183,0.0,0.0,0.0,0.004,705788.385714
1721904,IT,PL,RENTI,MOTO1,0.3,49404.357,4,4,49404.354,0.0,0.0,0.0,0.003,164681.19
1747199,IT,JP,CONST,AUXIL,0.28,49403.478,4,4,49403.475,0.0,0.0,0.0,0.003,176440.992857
1772370,IT,CH,CHEM1,MEAT1,0.1,49401.342,4,4,49401.337,0.0,0.0,0.0,0.005,494013.42
1671309,IT,FI,ALUM1,GLASS,0.09,49398.578,4,4,49398.574,0.0,0.0,0.0,0.004,548873.088889
1739593,IT,GB,SEACO,NONSP,0.05,49397.251,3,3,49397.251,0.0,0.0,0.0,0.0,987945.02
1734773,IT,SK,WOODW,RUBBE,0.14,49393.212,4,4,49393.209,0.0,0.0,0.0,0.003,352808.657143
1722389,IT,PT,CHEMI,REALE,0.12,49392.615,5,5,49390.61,0.0,0.0,2.0,0.005,411605.125
1733811,IT,SI,LANDT,PUBLI,0.32,49392.105,4,4,49392.103,0.0,0.0,0.0,0.002,154350.328125
1746938,IT,JP,MOTO1,FOUND,0.26,49389.18,4,4,49389.177,0.0,0.0,0.0,0.003,189958.384615
1723669,IT,PT,MACHI,FOOD5,0.28,49386.723,4,4,49386.719,0.0,0.0,0.0,0.004,176381.153571
1791173,IT,WA,FURNI,ALUMI,0.16,49382.786,4,4,49382.782,0.0,0.0,0.0,0.004,308642.4125
1654666,IT,CZ,LANDT,ALUM1,0.32,49380.245,4,4,49380.243,0.0,0.0,0.0,0.002,154313.265625
1664889,IT,ES,CRUDE,SUGA1,0.1,49379.047,4,4,49379.043,0.0,0.0,0.0,0.004,493790.47
1725986,IT,RO,CHEM1,BIOGA,0.1,49378.867,4,4,49378.862,0.0,0.0,0.0,0.005,493788.67
1762156,IT,IN,LANDT,OFFIC,0.32,49375.111,4,4,49375.109,0.0,0.0,0.0,0.002,154297.221875
1743528,IT,US,RETA1,BUSIN,0.52,49374.006,4,4,49374.003,0.0,0.0,0.0,0.003,94950.011538
1670420,IT,FI,FOOD5,PAPER,0.24,49372.387,4,4,49372.383,0.0,0.0,0.0,0.004,205718.279167
1761268,IT,IN,RUBBE,GLASS,0.16,49371.218,4,4,49371.214,0.0,0.0,0.0,0.004,308570.1125
1763899,IT,MX,BASIC,IRONO,0.06,49368.511,4,4,49368.508,0.0,0.0,0.0,0.003,822808.516667
1671582,IT,FI,MOTO1,WHOLE,0.26,49368.27,4,4,49368.267,0.0,0.0,0.0,0.003,189877.961538
1759052,IT,BR,SEACO,GASDI,0.05,49364.389,3,3,49364.389,0.0,0.0,0.0,0.0,987287.78
1733884,IT,SI,SEACO,CONST,0.05,49363.448,3,3,49363.448,0.0,0.0,0.0,0.0,987268.96
1786165,IT,ZA,BASIC,EDUCA,0.06,49362.175,4,4,49362.172,0.0,0.0,0.0,0.003,822702.916667
1676394,IT,FR,WHOLE,ELEC5,0.43,49357.616,4,4,49357.613,0.0,0.0,0.0,0.003,114785.153488
1807094,IT,WF,SEACO,HOTEL,0.05,49357.58,3,3,49357.58,0.0,0.0,0.0,0.0,987151.6
1686809,IT,HU,FABRI,BIODI,0.2,49356.589,4,4,49356.585,0.0,0.0,0.0,0.004,246782.945
1730667,IT,SE,RENTI,HEALT,0.3,49353.893,4,4,49353.89,0.0,0.0,0.0,0.003,164512.976667
1798852,IT,WE,FOOD5,PRIVA,0.24,49352.907,4,4,49352.903,0.0,0.0,0.0,0.004,205637.1125
1753274,IT,CA,NONME,STONE,0.1,49352.325,4,4,49352.32,0.0,0.0,0.0,0.005,493523.25
1794714,IT,WL,NAPHT,RESEA,0.08,49349.543,4,4,49349.539,0.0,0.0,0.0,0.004,616869.2875
1808035,IT,WF,INTER,HOTEL,0.3,49348.536,4,4,49348.533,0.0,0.0,0.0,0.003,164495.12
1773771,IT,CH,ELEC2,PREC1,0.01,49346.913,4,4,49346.908,0.0,0.0,0.0,0.005,4934691.3
1763850,IT,MX,NONME,PFERT,0.1,49346.444,4,4,49346.439,0.0,0.0,0.0,0.005,493464.44
1804131,IT,WF,PAPER,LIQUE,0.19,49342.639,4,4,49342.634,0.0,0.0,0.0,0.005,259698.1
1771803,IT,CH,LEATH,93197,0.35,49338.629,4,4,49338.62,0.0,0.0,0.0,0.009,140967.511429
1784344,IT,ID,RUBBE,CHEM1,0.16,49337.867,4,4,49337.863,0.0,0.0,0.0,0.004,308361.66875
1643526,IT,AT,TRAN2,ELEC2,0.08,49336.784,3,3,49336.784,0.0,0.0,0.0,0.0,616709.8
1799875,IT,WE,GASDI,ELECT,0.07,49334.121,4,4,49334.117,0.0,0.0,0.0,0.004,704773.157143
1729563,IT,SE,COPP1,MOTO1,0.12,49333.054,4,4,49333.051,0.0,0.0,0.0,0.003,411108.783333
1755685,IT,KR,RUBBE,SALEM,0.16,49332.108,4,4,49332.104,0.0,0.0,0.0,0.004,308325.675
1785496,IT,ZA,MOTOR,FORES,0.07,49330.535,4,4,49330.531,0.0,0.0,0.0,0.004,704721.928571
1728194,IT,SE,FOOD5,POULT,0.24,49324.954,4,4,49324.95,0.0,0.0,0.0,0.004,205520.641667
1771658,IT,CH,WEARI,MACHI,0.37,49314.54,4,4,49314.531,0.0,0.0,0.0,0.009,133282.540541
1677287,IT,FR,FINAN,BASIC,0.64,49312.383,3,3,49312.383,0.0,0.0,0.0,0.0,77050.598438
1642502,IT,AT,LEAD1,HOTEL,0.09,49308.704,4,4,49308.7,0.0,0.0,0.0,0.004,547874.488889
1800584,IT,WE,GLASS,MEATP,0.14,49299.26,4,4,49299.257,0.0,0.0,0.0,0.003,352137.571429
1783818,IT,NO,INERT,RESEA,0.36,49299.043,4,4,49299.04,0.0,0.0,0.0,0.003,136941.786111
1714942,IT,NL,BEVER,FOOD2,0.21,49297.095,4,4,49297.092,0.0,0.0,0.0,0.003,234748.071429
1781757,IT,NO,PAPER,PUBLI,0.19,49295.299,4,4,49295.294,0.0,0.0,0.0,0.005,259448.942105
1807338,IT,WF,POSTT,REALE,0.81,49293.221,4,4,49293.217,0.0,0.0,0.0,0.004,60855.828395
1773205,IT,CH,FABRI,PLAST,0.2,49292.681,4,4,49292.677,0.0,0.0,0.0,0.004,246463.405
1723728,IT,PT,MACHI,LANDT,0.27,49291.664,4,4,49291.66,0.0,0.0,0.0,0.004,182561.718519
1771940,IT,CH,PAPER,BASIC,0.19,49289.591,4,4,49289.586,0.0,0.0,0.0,0.005,259418.9
1754355,IT,CA,INSUR,LANDT,1.02,49289.181,4,4,49289.179,0.0,0.0,0.0,0.002,48322.726471
1756743,IT,KR,AIRTR,FOOD5,0.05,49286.224,4,4,49286.222,0.0,0.0,0.0,0.002,985724.48
1719487,IT,PL,GLASS,RAWMI,0.14,49285.858,4,4,49285.855,0.0,0.0,0.0,0.003,352041.842857
1731504,IT,SI,FISH5,MEATC,0.21,49284.154,4,4,49284.129,0.0,0.0,0.0,0.025,234686.447619
1754745,IT,KR,DAIRY,RADIO,0.2,49284.094,4,4,49284.091,0.0,0.0,0.0,0.003,246420.47
1682994,IT,HR,CHEM1,TOBAC,0.1,49283.819,4,4,49283.814,0.0,0.0,0.0,0.005,492838.19
1680792,IT,GR,HOTEL,PUBLI,0.36,49279.816,4,4,49279.812,0.0,0.0,0.0,0.004,136888.377778
1741202,IT,US,WOODW,TOBAC,0.14,49279.682,4,4,49279.679,0.0,0.0,0.0,0.003,351997.728571
1812398,IT,WM,PREC1,PLANT,0.08,49274.856,4,4,49274.854,0.0,0.0,0.0,0.002,615935.7
1803776,IT,WF,TEXTI,NATU1,0.29,49272.612,4,4,49272.605,0.0,0.0,0.0,0.007,169905.558621
1651315,IT,CY,WEARI,HOTEL,0.37,49266.918,4,4,49266.909,0.0,0.0,0.0,0.009,133153.832432
1724079,IT,PT,WHOLE,CONST,0.43,49263.952,4,4,49263.949,0.0,0.0,0.0,0.003,114567.330233
1758275,IT,BR,ALUM1,PRINT,0.09,49253.71,4,4,49253.706,0.0,0.0,0.0,0.004,547263.444444
1812003,IT,WM,GLASS,ELEC2,0.14,49253.394,4,4,49253.391,0.0,0.0,0.0,0.003,351809.957143
1661280,IT,DK,OILSE,HOTEL,0.04,49253.187,4,4,49253.185,0.0,0.0,0.0,0.002,1231329.675
1657856,IT,DE,NONME,RECRE,0.1,49252.48,4,4,49252.475,0.0,0.0,0.0,0.005,492524.8
1761000,IT,IN,NONSP,MOTOR,0.06,49251.805,4,4,49251.802,0.0,0.0,0.0,0.003,820863.416667
1786196,IT,ZA,ALUM1,WOODW,0.09,49250.114,4,4,49250.11,0.0,0.0,0.0,0.004,547223.488889
1672571,IT,FR,CROPS,PIGS9,0.39,49248.493,4,4,49248.49,0.0,0.0,0.0,0.003,126278.187179
1811038,IT,WM,HEAVY,DAIRY,0.08,49247.686,4,4,49247.682,0.0,0.0,0.0,0.004,615596.075
1682797,IT,HR,HEAVY,BRICK,0.08,49243.649,4,4,49243.645,0.0,0.0,0.0,0.004,615545.6125
1666383,IT,ES,NAPHT,PARAF,0.08,49239.499,4,4,49239.495,0.0,0.0,0.0,0.004,615493.7375
1643083,IT,AT,WHOLE,PRINT,0.43,49238.857,4,4,49238.854,0.0,0.0,0.0,0.003,114508.969767
1666258,IT,ES,HEAVY,RETA1,0.08,49237.629,4,4,49237.625,0.0,0.0,0.0,0.004,615470.3625
1810696,IT,WM,MOTOR,NONSP,0.07,49236.938,4,4,49236.934,0.0,0.0,0.0,0.004,703384.828571
1762269,IT,IN,AIRTR,ALUM1,0.05,49234.411,4,4,49234.409,0.0,0.0,0.0,0.002,984688.22
1738974,IT,GB,SALEM,CRUDE,0.4,49234.389,4,4,49234.386,0.0,0.0,0.0,0.003,123085.9725
1786264,IT,ZA,FABRI,STONE,0.2,49234.119,4,4,49234.115,0.0,0.0,0.0,0.004,246170.595
1662676,IT,DK,MACHI,ELEC5,0.27,49234.014,4,4,49234.01,0.0,0.0,0.0,0.004,182348.2
1675885,IT,FR,ELEC2,LIQUE,0.01,49233.395,4,4,49233.39,0.0,0.0,0.0,0.005,4923339.5
1760402,IT,IN,DAIRY,HOTEL,0.2,49232.086,4,4,49232.083,0.0,0.0,0.0,0.003,246160.43
1710173,IT,LT,MACHI,ELEC5,0.27,49230.466,4,4,49230.462,0.0,0.0,0.0,0.004,182335.059259
1804441,IT,WF,GASDI,VEGET,0.07,49230.425,4,4,49230.421,0.0,0.0,0.0,0.004,703291.785714
1649045,IT,BG,WOODW,RESEA,0.14,49229.954,4,4,49229.951,0.0,0.0,0.0,0.003,351642.528571
1672810,IT,FR,MEAT1,HOTEL,0.23,49229.553,4,4,49229.547,0.0,0.0,0.0,0.006,214041.534783
1806625,IT,WF,SALEM,CONST,0.4,49223.047,4,4,49223.044,0.0,0.0,0.0,0.003,123057.6175
1777953,IT,TR,MACHI,OFFIC,0.27,49223.039,4,4,49223.035,0.0,0.0,0.0,0.004,182307.551852
1683228,IT,HR,CERAM,TEXTI,0.08,49219.127,4,4,49219.124,0.0,0.0,0.0,0.003,615239.0875
1719007,IT,PL,KEROS,AIRTR,0.07,49218.556,4,4,49218.552,0.0,0.0,0.0,0.004,703122.228571
1683025,IT,HR,CHEM1,COLLE,0.1,49217.238,4,4,49217.233,0.0,0.0,0.0,0.005,492172.38
1644751,IT,BE,FISH5,MEATC,0.21,49214.336,4,4,49214.311,0.0,0.0,0.0,0.025,234353.980952
1723253,IT,PT,GLASS,FISH5,0.14,49214.017,4,4,49214.014,0.0,0.0,0.0,0.003,351528.692857
1773926,IT,CH,SALEM,FOOD5,0.4,49212.133,4,4,49212.13,0.0,0.0,0.0,0.003,123030.3325
1785495,IT,ZA,MOTOR,RAWMI,0.07,49212.122,4,4,49212.118,0.0,0.0,0.0,0.004,703030.314286
1758330,IT,BR,NONF1,MEAT1,0.01,49209.958,3,3,49209.958,0.0,0.0,0.0,0.0,4920995.8
1668958,IT,ES,AIRTR,CEMEN,0.05,49208.484,4,4,49208.482,0.0,0.0,0.0,0.002,984169.68
1761474,IT,IN,PREC1,ALUM1,0.08,49208.123,4,4,49208.121,0.0,0.0,0.0,0.002,615101.5375
1652300,IT,CZ,BEVER,PFERT,0.21,49206.129,4,4,49206.126,0.0,0.0,0.0,0.003,234314.9
1795953,IT,WL,MOTO1,PRINT,0.26,49203.999,4,4,49203.996,0.0,0.0,0.0,0.003,189246.15
1716376,IT,NL,MACHI,WEARI,0.27,49201.534,4,4,49201.53,0.0,0.0,0.0,0.004,182227.903704
1810302,IT,WM,LEATH,MEMBE,0.35,49195.614,4,4,49195.605,0.0,0.0,0.0,0.009,140558.897143
1796562,IT,WL,HOTEL,PADDY,0.36,49184.767,4,4,49184.763,0.0,0.0,0.0,0.004,136624.352778
1686253,IT,HU,CERAM,COPP1,0.08,49180.455,4,4,49180.452,0.0,0.0,0.0,0.003,614755.6875
1685053,IT,HU,DAIRY,BUSIN,0.2,49178.267,4,4,49178.264,0.0,0.0,0.0,0.003,245891.335
1674985,IT,FR,PREC1,NAPHT,0.08,49176.595,4,4,49176.593,0.0,0.0,0.0,0.002,614707.4375
1718143,IT,PL,VEGE1,CONST,0.15,49176.558,4,4,49176.547,0.0,0.0,0.0,0.011,327843.72
1661642,IT,DK,TEXTI,WEARI,0.29,49175.409,4,4,49175.402,0.0,0.0,0.0,0.007,169570.375862
1793351,IT,WA,PRIVA,PRIVA,10.97,49171.825,4,4,49171.817,0.0,0.0,0.0,0.008,4482.390611
1678792,IT,GR,FOOD5,WHOLE,0.24,49166.015,4,4,49166.011,0.0,0.0,0.0,0.004,204858.395833
1659928,IT,DE,TRAN2,SECO9,0.08,49165.522,3,3,49165.522,0.0,0.0,0.0,0.0,614569.025
1654021,IT,CZ,MACHI,ELEC4,0.27,49165.277,4,4,49165.273,0.0,0.0,0.0,0.004,182093.618519
1716619,IT,NL,SALEM,REALE,0.4,49157.841,4,4,49157.838,0.0,0.0,0.0,0.003,122894.6025
1729176,IT,SE,GLASS,HEALT,0.13,49150.532,4,4,49150.529,0.0,0.0,0.0,0.003,378081.015385
1685463,IT,HU,WOODW,LANDT,0.14,49149.846,4,4,49149.843,0.0,0.0,0.0,0.003,351070.328571
1802786,IT,WE,BUSIN,CONST,0.5,49149.226,4,4,49149.223,0.0,0.0,0.0,0.003,98298.452
1773192,IT,CH,FABRI,TEXTI,0.2,49141.976,4,4,49141.972,0.0,0.0,0.0,0.004,245709.88
1778672,IT,TR,HOTEL,AIRTR,0.36,49140.935,4,4,49140.931,0.0,0.0,0.0,0.004,136502.597222
1659438,IT,DE,WHOLE,DIST1,0.42,49140.223,4,4,49140.22,0.0,0.0,0.0,0.003,117000.530952
1812576,IT,WM,ALUM1,RECRE,0.09,49139.221,4,4,49139.217,0.0,0.0,0.0,0.004,545991.344444
1759009,IT,BR,LANDT,CONST,0.32,49138.28,4,4,49138.278,0.0,0.0,0.0,0.002,153557.125
1733498,IT,SI,WHOLE,LEATH,0.42,49137.169,4,4,49137.166,0.0,0.0,0.0,0.003,116993.259524
1659775,IT,DE,LANDT,SANDC,0.32,49136.882,4,4,49136.88,0.0,0.0,0.0,0.002,153552.75625
1713663,IT,MT,COPP1,FISH5,0.12,49136.593,4,4,49136.59,0.0,0.0,0.0,0.003,409471.608333
1663503,IT,DK,RENTI,RETA1,0.29,49134.029,4,4,49134.026,0.0,0.0,0.0,0.003,169427.686207
1796595,IT,WL,HOTEL,TOBAC,0.36,49133.923,4,4,49133.919,0.0,0.0,0.0,0.004,136483.119444
1672863,IT,FR,VEGE1,LEATH,0.15,49129.331,4,4,49129.32,0.0,0.0,0.0,0.011,327528.873333
1666713,IT,ES,RUBBE,CHEMI,0.16,49129.326,4,4,49129.322,0.0,0.0,0.0,0.004,307058.2875
1651668,IT,CY,ALUM1,ALUM1,0.09,49128.754,4,4,49128.75,0.0,0.0,0.0,0.004,545875.044444
1737593,IT,GB,PAPER,LEATH,0.19,49128.418,4,4,49128.413,0.0,0.0,0.0,0.005,258570.621053
1740389,IT,GB,HEALT,CERAM,0.26,49122.387,4,4,49122.385,0.0,0.0,0.0,0.002,188932.257692
1644544,IT,BE,PROCE,BEVER,0.33,49119.965,4,4,49119.962,0.0,0.0,0.0,0.003,148848.378788
1642505,IT,AT,LEAD1,REALE,0.09,49119.406,4,4,49119.402,0.0,0.0,0.0,0.004,545771.177778
1804657,IT,WF,HEAVY,RESEA,0.08,49113.405,4,4,49113.401,0.0,0.0,0.0,0.004,613917.5625
1807007,IT,WF,LANDT,DISTR,0.32,49112.594,4,4,49112.592,0.0,0.0,0.0,0.002,153476.85625
1804271,IT,WF,MOTOR,SANDC,0.07,49111.218,4,4,49111.214,0.0,0.0,0.0,0.004,701588.828571
1789200,IT,WA,PLAST,CHEM1,0.1,49109.414,4,4,49109.409,0.0,0.0,0.0,0.005,491094.14
1648844,IT,BG,TEXTI,FOOD5,0.29,49109.067,4,4,49109.06,0.0,0.0,0.0,0.007,169341.610345
1679730,IT,GR,BASIC,DAIRY,0.06,49105.066,4,4,49105.063,0.0,0.0,0.0,0.003,818417.766667
1719651,IT,PL,CEMEN,RUBBE,0.08,49100.742,4,4,49100.74,0.0,0.0,0.0,0.002,613759.275
1783609,IT,NO,FOOD2,FOOD2,0.29,49099.56,4,4,49099.557,0.0,0.0,0.0,0.003,169308.827586
1761189,IT,IN,ADDIT,KEROS,0.11,49096.758,4,4,49096.754,0.0,0.0,0.0,0.004,446334.163636
1725525,IT,RO,LEATH,PLAST,0.35,49096.385,4,4,49096.377,0.0,0.0,0.0,0.008,140275.385714
1813424,IT,WM,FURNI,INERT,0.16,49096.307,4,4,49096.303,0.0,0.0,0.0,0.004,306851.91875
1758543,IT,BR,MACHI,RESEA,0.27,49095.384,4,4,49095.38,0.0,0.0,0.0,0.004,181834.755556
1746893,IT,JP,MOTO1,FORES,0.26,49094.463,4,4,49094.46,0.0,0.0,0.0,0.003,188824.857692
1753014,IT,CA,CHEM1,CERAM,0.1,49091.459,4,4,49091.454,0.0,0.0,0.0,0.005,490914.59
1645360,IT,BE,HEAVY,SUGA1,0.08,49089.417,4,4,49089.413,0.0,0.0,0.0,0.004,613617.7125
1680397,IT,GR,ELEC2,AIRTR,0.01,49087.937,4,4,49087.932,0.0,0.0,0.0,0.005,4908793.7
1737770,IT,GB,HEAVY,COMPU,0.08,49085.872,4,4,49085.868,0.0,0.0,0.0,0.004,613573.4
1642653,IT,AT,FABRI,BLAST,0.2,49083.97,4,4,49083.966,0.0,0.0,0.0,0.004,245419.85
1674830,IT,FR,NONME,RAWMI,0.1,49083.567,4,4,49083.562,0.0,0.0,0.0,0.005,490835.67
1773181,IT,CH,FABRI,MEATC,0.2,49080.986,4,4,49080.982,0.0,0.0,0.0,0.004,245404.93
1758554,IT,BR,MACHI,INERT,0.27,49077.321,4,4,49077.317,0.0,0.0,0.0,0.004,181767.855556
1723387,IT,PT,BASIC,LEAD1,0.06,49074.016,4,4,49074.013,0.0,0.0,0.0,0.003,817900.266667
1738086,IT,GB,RUBBE,RAILW,0.16,49072.447,4,4,49072.443,0.0,0.0,0.0,0.004,306702.79375
1722522,IT,PT,FOOD5,BUSIN,0.24,49072.095,4,4,49072.091,0.0,0.0,0.0,0.004,204467.0625
1791484,IT,WA,WHOLE,REALE,0.42,49069.39,4,4,49069.387,0.0,0.0,0.0,0.003,116831.880952
1730163,IT,SE,LANDT,PAPER,0.32,49067.337,4,4,49067.335,0.0,0.0,0.0,0.002,153335.428125
1778002,IT,TR,MACHI,INERT,0.27,49064.331,4,4,49064.327,0.0,0.0,0.0,0.004,181719.744444
1732435,IT,SI,CHEM1,STONE,0.1,49062.374,4,4,49062.369,0.0,0.0,0.0,0.005,490623.74
1760332,IT,IN,STONE,DISTR,0.16,49061.898,5,5,49058.896,0.0,0.0,3.0,0.002,306636.8625
1647248,IT,BE,LANDT,OFFIC,0.32,49061.035,4,4,49061.033,0.0,0.0,0.0,0.002,153315.734375
1661033,IT,DE,BUSIN,FOOD1,0.5,49060.738,4,4,49060.735,0.0,0.0,0.0,0.003,98121.476
1640123,IT,AT,WHEAT,FOOD5,0.04,49058.721,3,3,49058.721,0.0,0.0,0.0,0.0,1226468.025
1719483,IT,PL,GLASS,PIGS9,0.13,49056.831,4,4,49056.828,0.0,0.0,0.0,0.003,377360.238462
1711186,IT,LU,MACHI,VEGET,0.27,49055.408,4,4,49055.404,0.0,0.0,0.0,0.004,181686.696296
1802057,IT,WE,WHOLE,PUBLI,0.42,49053.879,4,4,49053.876,0.0,0.0,0.0,0.003,116794.95
1775303,IT,CH,BUSIN,ELEC3,0.5,49051.585,4,4,49051.582,0.0,0.0,0.0,0.003,98103.17
1672805,IT,FR,MEAT1,SUGA1,0.23,49051.266,4,4,49051.26,0.0,0.0,0.0,0.006,213266.373913
1713662,IT,MT,COPP1,VEGET,0.12,49049.949,4,4,49049.946,0.0,0.0,0.0,0.003,408749.575
1718404,IT,PL,BEVER,SUPPO,0.21,49049.869,4,4,49049.866,0.0,0.0,0.0,0.003,233570.804762
1652251,IT,CZ,FOOD5,FABRI,0.24,49043.053,4,4,49043.049,0.0,0.0,0.0,0.004,204346.054167
1684226,IT,HR,SEACO,WEARI,0.05,49041.427,3,3,49041.427,0.0,0.0,0.0,0.0,980828.54
1725565,IT,RO,LEATH,EDUCA,0.35,49040.614,4,4,49040.606,0.0,0.0,0.0,0.008,140116.04
1755273,IT,KR,PAPER,GLASS,0.19,49033.878,4,4,49033.873,0.0,0.0,0.0,0.005,258073.042105
1813376,IT,WM,FURNI,COPP1,0.16,49033.707,4,4,49033.703,0.0,0.0,0.0,0.004,306460.66875
1683717,IT,HR,MACHI,TEXTI,0.27,49032.145,4,4,49032.141,0.0,0.0,0.0,0.004,181600.537037
1653661,IT,CZ,ALUM1,ELEC3,0.09,49028.041,4,4,49028.037,0.0,0.0,0.0,0.004,544756.011111
1795155,IT,WL,RUBBE,ELEC4,0.16,49027.287,4,4,49027.283,0.0,0.0,0.0,0.004,306420.54375
1739849,IT,GB,FINAN,CHEM1,0.64,49021.299,3,3,49021.299,0.0,0.0,0.0,0.0,76595.779687
1792771,IT,WA,BUSIN,LANDT,0.5,49019.037,4,4,49019.034,0.0,0.0,0.0,0.003,98038.074
1768499,IT,AU,FOOD5,MEAT4,0.24,49015.709,4,4,49015.705,0.0,0.0,0.0,0.004,204232.120833
1714101,IT,MT,SEACO,TRANS,0.05,49013.827,3,3,49013.827,0.0,0.0,0.0,0.0,980276.54
1652232,IT,CZ,FOOD5,VEGE1,0.24,49011.8,4,4,49011.796,0.0,0.0,0.0,0.004,204215.833333
1772443,IT,CH,CHEM1,AUXIL,0.1,49005.081,4,4,49005.076,0.0,0.0,0.0,0.005,490050.81
1808051,IT,WF,INTER,HEALT,0.29,49003.937,4,4,49003.934,0.0,0.0,0.0,0.003,168979.093103
1757090,IT,KR,BUSIN,RENTI,0.5,49003.769,4,4,49003.766,0.0,0.0,0.0,0.003,98007.538
1749804,IT,CN,RUBBE,FORES,0.16,49001.203,4,4,49001.199,0.0,0.0,0.0,0.004,306257.51875
1745601,IT,JP,TOBAC,CONST,0.19,48999.696,4,4,48999.693,0.0,0.0,0.0,0.003,257893.136842
1814531,IT,WM,RESEA,HEALT,0.27,48999.117,4,4,48999.114,0.0,0.0,0.0,0.003,181478.211111
1812695,IT,WM,COPP1,SUPPO,0.12,48989.105,4,4,48989.102,0.0,0.0,0.0,0.003,408242.541667
1666797,IT,ES,RUBBE,FINAN,0.16,48981.624,4,4,48981.62,0.0,0.0,0.0,0.004,306135.15
1687716,IT,HU,SUPPO,FOOD5,0.35,48981.6,4,4,48981.598,0.0,0.0,0.0,0.002,139947.428571
1684007,IT,HR,RETA1,RETA1,0.51,48981.397,4,4,48981.394,0.0,0.0,0.0,0.003,96041.954902
1812248,IT,WM,NONME,POSTT,0.1,48979.156,4,4,48979.151,0.0,0.0,0.0,0.005,489791.56
1792359,IT,WA,FINAN,HOTEL,0.64,48977.113,3,3,48977.113,0.0,0.0,0.0,0.0,76526.739062
1776596,IT,TR,GASDI,PAPER,0.07,48975.258,4,4,48975.254,0.0,0.0,0.0,0.004,699646.542857
1813179,IT,WM,MOTO1,RETAI,0.26,48973.014,4,4,48973.011,0.0,0.0,0.0,0.003,188357.746154
1757380,IT,BR,LEATH,PLAST,0.35,48972.732,4,4,48972.724,0.0,0.0,0.0,0.008,139922.091429
1686663,IT,HU,LEAD1,FOOD2,0.09,48972.663,4,4,48972.659,0.0,0.0,0.0,0.004,544140.7
1789537,IT,WA,ADDIT,SUPPO,0.11,48962.405,4,4,48962.401,0.0,0.0,0.0,0.004,445112.772727
1766596,IT,RU,FABRI,CROPS,0.2,48959.731,4,4,48959.727,0.0,0.0,0.0,0.004,244798.655
1763641,IT,MX,RUBBE,PRECI,0.16,48959.392,4,4,48959.388,0.0,0.0,0.0,0.004,305996.2
1775782,IT,TR,SANDC,WOODW,0.11,48958.185,5,5,48947.183,0.0,0.0,11.0,0.002,445074.409091
1751240,IT,CN,HOTEL,COLLE,0.35,48954.414,4,4,48954.41,0.0,0.0,0.0,0.004,139869.754286
1755383,IT,KR,KEROS,KERO1,0.07,48952.347,4,4,48952.343,0.0,0.0,0.0,0.004,699319.242857
1679468,IT,GR,CHEM1,NFERT,0.1,48950.928,4,4,48950.923,0.0,0.0,0.0,0.005,489509.28
1785864,IT,ZA,CHEM1,MEMBE,0.1,48950.722,4,4,48950.717,0.0,0.0,0.0,0.005,489507.22
1659035,IT,DE,ELEC2,INSUR,0.01,48947.495,4,4,48947.49,0.0,0.0,0.0,0.005,4894749.5
1670927,IT,FI,CHEM1,KEROS,0.1,48944.057,4,4,48944.052,0.0,0.0,0.0,0.005,489440.57
1674695,IT,FR,GLASS,ELEC3,0.13,48938.323,4,4,48938.32,0.0,0.0,0.0,0.003,376448.638462
1813128,IT,WM,MOTO1,WOODW,0.26,48934.935,4,4,48934.932,0.0,0.0,0.0,0.003,188211.288462
1781975,IT,NO,RUBBE,MEATP,0.16,48933.071,4,4,48933.067,0.0,0.0,0.0,0.004,305831.69375
1653310,IT,CZ,GLASS,SANDC,0.13,48931.548,4,4,48931.545,0.0,0.0,0.0,0.003,376396.523077
1744007,IT,US,AIRTR,PREC1,0.05,48928.5,4,4,48928.498,0.0,0.0,0.0,0.002,978570.0
1682857,IT,HR,LIQUE,CONST,0.09,48926.423,4,4,48926.419,0.0,0.0,0.0,0.004,543626.922222
1776308,IT,TR,PAPER,BRICK,0.19,48926.308,4,4,48926.303,0.0,0.0,0.0,0.005,257506.884211
1717965,IT,PL,SANDC,GLASS,0.11,48924.035,5,5,48913.033,0.0,0.0,11.0,0.002,444763.954545
1743181,IT,US,MOTO1,PAPE4,0.26,48918.867,4,4,48918.864,0.0,0.0,0.0,0.003,188149.488462
1688645,IT,IE,NFERT,DAIRY,0.01,48917.619,4,4,48917.615,0.0,0.0,0.0,0.004,4891761.9
1765199,IT,MX,BUSIN,INSUR,0.5,48917.264,4,4,48917.261,0.0,0.0,0.0,0.003,97834.528
1643135,IT,AT,RETA1,TEXTI,0.51,48916.945,4,4,48916.942,0.0,0.0,0.0,0.003,95915.578431
1732003,IT,SI,KEROS,TEXTI,0.07,48916.63,4,4,48916.626,0.0,0.0,0.0,0.004,698809.0
1785927,IT,ZA,RUBBE,SUGA1,0.16,48916.498,4,4,48916.494,0.0,0.0,0.0,0.004,305728.1125
1645499,IT,BE,PLAST,MOTOR,0.1,48913.511,4,4,48913.506,0.0,0.0,0.0,0.005,489135.11
1738895,IT,GB,FURNI,PRINT,0.16,48912.393,4,4,48912.389,0.0,0.0,0.0,0.004,305702.45625
1790089,IT,WA,BASIC,BEVER,0.06,48910.836,4,4,48910.833,0.0,0.0,0.0,0.003,815180.6
1790617,IT,WA,FABRI,NONFE,0.2,48910.802,4,4,48910.798,0.0,0.0,0.0,0.004,244554.01
1646566,IT,BE,OFFIC,SUPPO,0.15,48908.773,4,4,48908.769,0.0,0.0,0.0,0.004,326058.486667
1770888,IT,AU,BUSIN,FINAN,0.5,48908.475,4,4,48908.472,0.0,0.0,0.0,0.003,97816.95
1773674,IT,CH,FURNI,CEMEN,0.16,48907.482,4,4,48907.478,0.0,0.0,0.0,0.004,305671.7625
1681719,IT,HR,FISHF,RETA1,0.08,48907.062,4,4,48907.06,0.0,0.0,0.0,0.002,611338.275
1681522,IT,GR,BUSIN,HEAVY,0.5,48906.134,4,4,48906.131,0.0,0.0,0.0,0.003,97812.268
1799854,IT,WE,GASDI,PLAST,0.07,48902.136,4,4,48902.132,0.0,0.0,0.0,0.004,698601.942857
1664140,IT,EE,RUBBE,MACHI,0.16,48900.404,4,4,48900.4,0.0,0.0,0.0,0.004,305627.525
1765255,IT,RU,MEAT4,HOTEL,0.27,48900.09,4,4,48900.087,0.0,0.0,0.0,0.003,181111.444444
1684325,IT,HR,SUPPO,CHEM1,0.35,48899.575,4,4,48899.573,0.0,0.0,0.0,0.002,139713.071429
1736320,IT,SK,HOTEL,RECRE,0.35,48899.516,4,4,48899.512,0.0,0.0,0.0,0.004,139712.902857
1742079,IT,US,RUBBE,LUBRI,0.16,48897.955,4,4,48897.951,0.0,0.0,0.0,0.004,305612.21875
1796553,IT,WL,RETA1,RESEA,0.51,48897.406,4,4,48897.403,0.0,0.0,0.0,0.003,95877.266667
1809026,IT,WM,VEGET,FABRI,0.17,48895.551,4,4,48895.549,0.0,0.0,0.0,0.002,287620.888235
1685527,IT,HU,PAPER,CEMEN,0.19,48895.526,4,4,48895.521,0.0,0.0,0.0,0.005,257344.873684
1662608,IT,DK,FABRI,EDUCA,0.2,48893.767,4,4,48893.763,0.0,0.0,0.0,0.004,244468.835
1680019,IT,GR,MACHI,PULP5,0.27,48893.057,4,4,48893.053,0.0,0.0,0.0,0.004,181085.396296
1797043,IT,WL,SUPPO,CHEM1,0.35,48892.565,4,4,48892.563,0.0,0.0,0.0,0.002,139693.042857
1773411,IT,CH,OFFIC,MEATC,0.15,48891.84,4,4,48891.836,0.0,0.0,0.0,0.004,325945.6
1649948,IT,BG,FABRI,SECO9,0.2,48890.89,4,4,48890.886,0.0,0.0,0.0,0.004,244454.45
1671160,IT,FI,CERAM,FABRI,0.08,48889.98,4,4,48889.977,0.0,0.0,0.0,0.003,611124.75
1762737,IT,IN,BUSIN,BASIC,0.5,48885.854,4,4,48885.851,0.0,0.0,0.0,0.003,97771.708
1730432,IT,SE,POSTT,OFFIC,0.81,48883.327,4,4,48883.323,0.0,0.0,0.0,0.004,60349.78642
1721417,IT,PL,SEACO,HEALT,0.05,48881.54,3,3,48881.54,0.0,0.0,0.0,0.0,977630.8
1662582,IT,DK,FABRI,ELECT,0.2,48877.357,4,4,48877.353,0.0,0.0,0.0,0.004,244386.785
1668757,IT,ES,LANDT,ELEC3,0.32,48874.206,4,4,48874.204,0.0,0.0,0.0,0.002,152731.89375
1788820,IT,WA,KEROS,WASTE,0.07,48872.348,4,4,48872.344,0.0,0.0,0.0,0.004,698176.4
1660061,IT,DE,AIRTR,LUBRI,0.05,48869.642,4,4,48869.64,0.0,0.0,0.0,0.002,977392.84
1642942,IT,AT,FURNI,CEMEN,0.16,48865.656,4,4,48865.652,0.0,0.0,0.0,0.004,305410.35
1673957,IT,FR,KEROS,CEREA,0.07,48864.041,4,4,48864.037,0.0,0.0,0.0,0.004,698057.728571
1772054,IT,CH,PRINT,TRAN1,0.47,48858.382,4,4,48858.378,0.0,0.0,0.0,0.004,103954.004255
1741172,IT,US,LEATH,COLLE,0.35,48856.835,4,4,48856.827,0.0,0.0,0.0,0.008,139590.957143
1761858,IT,IN,MOTO1,RENTI,0.26,48853.096,4,4,48853.093,0.0,0.0,0.0,0.003,187896.523077
1667578,IT,ES,FABRI,WASTE,0.2,48850.872,4,4,48850.868,0.0,0.0,0.0,0.004,244254.36
1666056,IT,ES,KERO1,LIQUE,0.07,48850.653,4,4,48850.649,0.0,0.0,0.0,0.004,697866.471429
1787696,IT,WA,VEGE1,SUGA1,0.15,48844.437,4,4,48844.426,0.0,0.0,0.0,0.011,325629.58
1655884,IT,DE,DAIRY,FURNI,0.2,48841.665,4,4,48841.662,0.0,0.0,0.0,0.003,244208.325
1726674,IT,RO,TRANS,FABRI,0.29,48840.12,4,4,48840.117,0.0,0.0,0.0,0.003,168414.206897
1813789,IT,WM,HOTEL,MEMBE,0.35,48836.018,4,4,48836.014,0.0,0.0,0.0,0.004,139531.48
1660706,IT,DE,RENTI,CEMEN,0.29,48834.884,4,4,48834.881,0.0,0.0,0.0,0.003,168396.151724
1668847,IT,ES,TRAN2,BUSIN,0.08,48834.288,3,3,48834.288,0.0,0.0,0.0,0.0,610428.6
1799233,IT,WE,LEATH,BEVER,0.35,48829.848,4,4,48829.84,0.0,0.0,0.0,0.008,139513.851429
1678882,IT,GR,FISH5,HEALT,0.21,48828.581,4,4,48828.556,0.0,0.0,0.0,0.025,232517.052381
1732447,IT,SI,CHEM1,LEATH,0.1,48826.084,4,4,48826.079,0.0,0.0,0.0,0.005,488260.84
1719683,IT,PL,NONME,FOOD5,0.1,48823.75,4,4,48823.745,0.0,0.0,0.0,0.005,488237.5
1782941,IT,NO,AIRTR,ALUM1,0.05,48823.16,4,4,48823.158,0.0,0.0,0.0,0.002,976463.2
1765201,IT,MX,BUSIN,REALE,0.5,48822.977,4,4,48822.974,0.0,0.0,0.0,0.003,97645.954
1719308,IT,PL,CHEM1,POSTT,0.1,48820.232,4,4,48820.227,0.0,0.0,0.0,0.005,488202.32
1813638,IT,WM,RETA1,FOOD5,0.51,48819.062,4,4,48819.059,0.0,0.0,0.0,0.003,95723.65098
1806095,IT,WF,FABRI,LEADZ,0.2,48817.623,4,4,48817.619,0.0,0.0,0.0,0.004,244088.115
1801105,IT,WE,NONF1,BITUM,0.01,48812.978,3,3,48812.978,0.0,0.0,0.0,0.0,4881297.8
1807261,IT,WF,SUPPO,BUSIN,0.35,48812.16,4,4,48812.158,0.0,0.0,0.0,0.002,139463.314286
1728360,IT,SE,TEXTI,GLASS,0.29,48811.893,4,4,48811.887,0.0,0.0,0.0,0.006,168316.872414
1710093,IT,LT,FABRI,STEAM,0.2,48811.705,4,4,48811.701,0.0,0.0,0.0,0.004,244058.525
1658057,IT,DE,PREC1,TRAN1,0.08,48809.436,4,4,48809.434,0.0,0.0,0.0,0.002,610117.95
1806508,IT,WF,TRANS,COMPU,0.29,48804.039,4,4,48804.036,0.0,0.0,0.0,0.003,168289.789655
1728896,IT,SE,CHEM1,LEATH,0.1,48803.852,4,4,48803.847,0.0,0.0,0.0,0.005,488038.52
1807540,IT,WF,RENTI,HOTEL,0.29,48801.077,4,4,48801.074,0.0,0.0,0.0,0.003,168279.575862
1789649,IT,WA,RUBBE,CHARC,0.16,48799.653,4,4,48799.649,0.0,0.0,0.0,0.004,304997.83125
1774589,IT,CH,SEACO,ELECT,0.05,48794.971,3,3,48794.971,0.0,0.0,0.0,0.0,975899.42
1758870,IT,BR,HOTEL,BASIC,0.35,48794.593,4,4,48794.589,0.0,0.0,0.0,0.004,139413.122857
1688159,IT,HU,BUSIN,ELEC3,0.5,48793.106,4,4,48793.103,0.0,0.0,0.0,0.003,97586.212
1801032,IT,WE,LEAD1,AUXIL,0.08,48791.336,4,4,48791.332,0.0,0.0,0.0,0.004,609891.7
1647530,IT,BE,SUPPO,FURNI,0.35,48789.657,4,4,48789.655,0.0,0.0,0.0,0.002,139399.02
1784435,IT,ID,BASIC,CERAM,0.06,48786.829,4,4,48786.826,0.0,0.0,0.0,0.003,813113.816667
1731601,IT,SI,WEARI,COPP1,0.37,48784.786,4,4,48784.777,0.0,0.0,0.0,0.009,131850.772973
1735134,IT,SK,ADDIT,GASDI,0.11,48780.933,4,4,48780.929,0.0,0.0,0.0,0.004,443463.027273
1799501,IT,WE,PAPER,TRAN2,0.19,48778.067,4,4,48778.062,0.0,0.0,0.0,0.005,256726.668421
1746575,IT,JP,PREC1,CROPS,0.08,48777.451,4,4,48777.449,0.0,0.0,0.0,0.002,609718.1375
1784457,IT,ID,ALUM1,PRINT,0.08,48776.841,4,4,48776.837,0.0,0.0,0.0,0.004,609710.5125
1654791,IT,CZ,SUPPO,CHEM1,0.35,48775.033,4,4,48775.031,0.0,0.0,0.0,0.002,139357.237143
1664565,IT,EE,HOTEL,PLAST,0.35,48774.921,4,4,48774.917,0.0,0.0,0.0,0.004,139356.917143
1744681,IT,US,COMPU,MACHI,0.56,48773.905,4,4,48773.902,0.0,0.0,0.0,0.003,87096.258929
1654213,IT,CZ,MOTO1,SEWAG,0.26,48764.193,4,4,48764.19,0.0,0.0,0.0,0.003,187554.588462
1757440,IT,BR,PAPER,FOOD5,0.19,48760.163,4,4,48760.158,0.0,0.0,0.0,0.005,256632.436842
1810265,IT,WM,LEATH,OFFIC,0.35,48755.268,4,4,48755.26,0.0,0.0,0.0,0.008,139300.765714
1803073,IT,WF,CEREA,RETA1,0.08,48753.505,4,4,48753.502,0.0,0.0,0.0,0.003,609418.8125
1807594,IT,WF,COMPU,BUSIN,0.56,48752.267,4,4,48752.264,0.0,0.0,0.0,0.003,87057.619643
1792032,IT,WA,AIRTR,BITUM,0.05,48751.001,4,4,48750.999,0.0,0.0,0.0,0.002,975020.02
1650926,IT,BG,SEACO,MOTO1,0.05,48742.635,3,3,48742.635,0.0,0.0,0.0,0.0,974852.7
1810911,IT,WM,GASDI,PLANT,0.07,48741.878,4,4,48741.874,0.0,0.0,0.0,0.004,696312.542857
1786330,IT,ZA,MACHI,PLANT,0.27,48737.925,4,4,48737.921,0.0,0.0,0.0,0.004,180510.833333
1807668,IT,WF,BUSIN,NATU1,0.5,48736.448,4,4,48736.445,0.0,0.0,0.0,0.003,97472.896
1760818,IT,IN,MOTOR,PROCE,0.07,48735.39,4,4,48735.386,0.0,0.0,0.0,0.004,696219.857143
1653185,IT,CZ,CHEM1,FOOD4,0.1,48735.345,4,4,48735.34,0.0,0.0,0.0,0.005,487353.45
1761912,IT,IN,FURNI,PAPER,0.16,48732.227,4,4,48732.223,0.0,0.0,0.0,0.004,304576.41875
1652733,IT,CZ,PAPER,FOUND,0.19,48720.996,4,4,48720.991,0.0,0.0,0.0,0.005,256426.294737
1801436,IT,WE,MOTO1,LIGNI,0.26,48716.072,4,4,48716.069,0.0,0.0,0.0,0.003,187369.507692
1723769,IT,PT,OFFIC,BEVER,0.15,48709.757,4,4,48709.753,0.0,0.0,0.0,0.004,324731.713333
1752428,IT,CA,VEGE1,BUSIN,0.15,48705.268,4,4,48705.257,0.0,0.0,0.0,0.011,324701.786667
1677905,IT,FR,BUSIN,RADIO,0.5,48703.033,4,4,48703.03,0.0,0.0,0.0,0.003,97406.066
1785923,IT,ZA,RUBBE,MEAT1,0.16,48702.877,4,4,48702.873,0.0,0.0,0.0,0.004,304392.98125
1737435,IT,GB,WEARI,BUSIN,0.37,48702.667,4,4,48702.658,0.0,0.0,0.0,0.009,131628.82973
1712085,IT,LV,BEVER,WHOLE,0.21,48700.263,4,4,48700.26,0.0,0.0,0.0,0.003,231906.014286
1653398,IT,CZ,CERAM,FABRI,0.08,48694.219,4,4,48694.216,0.0,0.0,0.0,0.003,608677.7375
1712427,IT,LV,BASIC,WOODW,0.06,48682.659,4,4,48682.656,0.0,0.0,0.0,0.003,811377.65
1749219,IT,CN,PAPER,DAIRY,0.19,48682.204,4,4,48682.199,0.0,0.0,0.0,0.005,256222.126316
1765784,IT,RU,MOTOR,HEAVY,0.07,48680.153,4,4,48680.149,0.0,0.0,0.0,0.004,695430.757143
1716661,IT,NL,WHOLE,SUGA1,0.42,48679.648,4,4,48679.645,0.0,0.0,0.0,0.003,115903.92381
1751036,IT,CN,WHOLE,ELECT,0.42,48679.483,4,4,48679.48,0.0,0.0,0.0,0.003,115903.530952
1788504,IT,WA,PAPER,PADDY,0.19,48675.956,4,4,48675.951,0.0,0.0,0.0,0.005,256189.242105
1783678,IT,NO,WASTE,REALE,0.15,48675.571,4,4,48675.568,0.0,0.0,0.0,0.003,324503.806667
1712158,IT,LV,LEATH,LEATH,0.35,48674.706,4,4,48674.698,0.0,0.0,0.0,0.008,139070.588571
1640876,IT,AT,LEATH,BITU1,0.35,48671.004,4,4,48670.996,0.0,0.0,0.0,0.008,139060.011429
1785590,IT,ZA,GASDI,PFERT,0.07,48668.844,4,4,48668.84,0.0,0.0,0.0,0.004,695269.2
1740388,IT,GB,HEALT,RUBBE,0.25,48668.536,4,4,48668.534,0.0,0.0,0.0,0.002,194674.144
1731358,IT,SI,DAIRY,HEALT,0.2,48665.425,4,4,48665.422,0.0,0.0,0.0,0.003,243327.125
1653824,IT,CZ,FABRI,RAWMI,0.2,48665.329,4,4,48665.326,0.0,0.0,0.0,0.003,243326.645
1805114,IT,WF,NFERT,RESEA,0.01,48663.615,4,4,48663.611,0.0,0.0,0.0,0.004,4866361.5
1744729,IT,US,RESEA,BITUM,0.26,48658.125,4,4,48658.122,0.0,0.0,0.0,0.003,187146.634615
1650372,IT,BG,ELEC2,SEACO,0.01,48657.829,4,4,48657.824,0.0,0.0,0.0,0.005,4865782.9
1803268,IT,WF,FORES,COPPE,0.42,48656.197,4,4,48637.197,0.0,19.0,0.0,0.0,115848.088095
1733876,IT,SI,SEACO,MACHI,0.05,48655.97,3,3,48655.97,0.0,0.0,0.0,0.0,973119.4
1779334,IT,TR,INSUR,ELECT,1.0,48652.39,4,4,48652.388,0.0,0.0,0.0,0.002,48652.39
1688790,IT,IE,RUBBE,PUBLI,0.16,48651.025,4,4,48651.021,0.0,0.0,0.0,0.004,304068.90625
1763423,IT,MX,HEAVY,LIQUE,0.08,48649.819,4,4,48649.815,0.0,0.0,0.0,0.004,608122.7375
1712379,IT,LV,GLASS,OFFIC,0.13,48649.755,4,4,48649.752,0.0,0.0,0.0,0.003,374228.884615
1814213,IT,WM,SUPPO,FINAN,0.35,48648.454,4,4,48648.452,0.0,0.0,0.0,0.002,138995.582857
1672597,IT,FR,MEATA,RAWMI,0.26,48648.188,4,4,48648.18,0.0,0.0,0.0,0.008,187108.415385
1732210,IT,SI,HEAVY,VEGE1,0.08,48644.206,4,4,48644.202,0.0,0.0,0.0,0.004,608052.575
1734706,IT,SK,LEATH,PLAST,0.35,48642.235,4,4,48642.227,0.0,0.0,0.0,0.008,138977.814286
1755647,IT,KR,RUBBE,GASDI,0.16,48641.41,4,4,48641.406,0.0,0.0,0.0,0.004,304008.8125
1802703,IT,WE,COMPU,RETA1,0.56,48639.773,4,4,48639.77,0.0,0.0,0.0,0.003,86856.7375
1665648,IT,ES,WOODW,RETA1,0.14,48634.409,4,4,48634.406,0.0,0.0,0.0,0.003,347388.635714
1737839,IT,GB,PLAST,NATUR,0.1,48631.206,4,4,48631.201,0.0,0.0,0.0,0.005,486312.06
1805845,IT,WF,ALUM1,STONE,0.08,48630.51,4,4,48630.506,0.0,0.0,0.0,0.004,607881.375
1750963,IT,CN,SALEM,SALEM,0.39,48629.573,4,4,48629.57,0.0,0.0,0.0,0.003,124691.212821
1676192,IT,FR,CONST,FURNI,0.27,48628.604,4,4,48628.601,0.0,0.0,0.0,0.003,180105.940741
1777665,IT,TR,LEAD1,DIST1,0.08,48628.518,4,4,48628.514,0.0,0.0,0.0,0.004,607856.475
1776094,IT,TR,WEARI,RETA1,0.37,48628.023,4,4,48628.014,0.0,0.0,0.0,0.009,131427.089189
1719601,IT,PL,CERAM,BIOGA,0.08,48627.975,4,4,48627.972,0.0,0.0,0.0,0.003,607849.6875
1791404,IT,WA,WHOLE,POULT,0.42,48625.93,4,4,48625.927,0.0,0.0,0.0,0.003,115776.02381
1677766,IT,FR,COMPU,CHEM1,0.56,48619.795,4,4,48619.792,0.0,0.0,0.0,0.003,86821.0625
1739359,IT,GB,RAILW,RUBBE,0.33,48614.69,4,4,48614.688,0.0,0.0,0.0,0.002,147317.242424
1777336,IT,TR,GLASS,OFFIC,0.13,48614.617,4,4,48614.614,0.0,0.0,0.0,0.003,373958.592308
1644729,IT,BE,BEVER,COMPU,0.21,48611.991,4,4,48611.988,0.0,0.0,0.0,0.003,231485.671429
1738286,IT,GB,NONME,RESEA,0.1,48611.902,4,4,48611.897,0.0,0.0,0.0,0.005,486119.02
1765524,IT,RU,WEARI,93197,0.37,48609.941,4,4,48609.932,0.0,0.0,0.0,0.009,131378.218919
1766743,IT,RU,MACHI,PRECI,0.27,48609.146,4,4,48609.142,0.0,0.0,0.0,0.004,180033.874074
1728243,IT,SE,FOOD5,REALE,0.23,48608.524,4,4,48608.52,0.0,0.0,0.0,0.004,211341.408696
1794736,IT,WL,PARAF,GASDI,0.08,48603.458,4,4,48603.454,0.0,0.0,0.0,0.004,607543.225
1653455,IT,CZ,NONME,FURNI,0.1,48603.288,4,4,48603.283,0.0,0.0,0.0,0.005,486032.88
1686183,IT,HU,GLASS,PAPER,0.13,48603.171,4,4,48603.168,0.0,0.0,0.0,0.003,373870.546154
1787389,IT,WA,FORES,WHOLE,0.42,48600.297,4,4,48581.297,0.0,19.0,0.0,0.0,115714.992857
1712047,IT,LV,BEVER,POULT,0.21,48599.39,4,4,48599.387,0.0,0.0,0.0,0.003,231425.666667
1676257,IT,FR,SALEM,FOOD5,0.39,48597.784,4,4,48597.781,0.0,0.0,0.0,0.003,124609.702564
1785109,IT,ZA,MEAT4,COMPU,0.27,48597.116,4,4,48597.113,0.0,0.0,0.0,0.003,179989.318519
1757610,IT,BR,GASDI,SALEM,0.07,48595.519,4,4,48595.515,0.0,0.0,0.0,0.004,694221.7
1732918,IT,SI,PREC1,BUSIN,0.08,48595.177,4,4,48595.175,0.0,0.0,0.0,0.002,607439.7125
1663302,IT,DK,AIRTR,CROPS,0.05,48594.742,4,4,48594.74,0.0,0.0,0.0,0.002,971894.84
1665967,IT,ES,MOTOR,GLASS,0.07,48590.796,4,4,48590.792,0.0,0.0,0.0,0.004,694154.228571
1725469,IT,RO,WEARI,CEMEN,0.37,48589.859,4,4,48589.85,0.0,0.0,0.0,0.009,131323.943243
1813938,IT,WM,TRAN2,PFERT,0.08,48589.029,3,3,48589.029,0.0,0.0,0.0,0.0,607362.8625
1807344,IT,WF,POSTT,HEALT,0.8,48587.438,4,4,48587.434,0.0,0.0,0.0,0.004,60734.2975
1795464,IT,WL,PREC1,MEDIC,0.08,48587.163,4,4,48587.161,0.0,0.0,0.0,0.002,607339.5375
1709947,IT,LT,BASIC,SALEM,0.06,48582.143,4,4,48582.14,0.0,0.0,0.0,0.003,809702.383333
1767678,IT,RU,POSTT,COMPU,0.8,48578.651,4,4,48578.647,0.0,0.0,0.0,0.004,60723.31375
1785766,IT,ZA,PLAST,ELECT,0.1,48575.994,4,4,48575.989,0.0,0.0,0.0,0.005,485759.94
1781529,IT,NO,TEXTI,MOTO1,0.29,48574.868,4,4,48574.862,0.0,0.0,0.0,0.006,167499.544828
1690010,IT,IE,REALE,SUPPO,2.05,48574.741,4,4,48574.738,0.0,0.0,0.0,0.003,23694.99561
1796618,IT,WL,HOTEL,BIODI,0.35,48573.439,4,4,48573.435,0.0,0.0,0.0,0.004,138781.254286
1801677,IT,WE,FURNI,DISTR,0.16,48571.818,4,4,48571.814,0.0,0.0,0.0,0.004,303573.8625
1645887,IT,BE,GLASS,POSTT,0.13,48571.404,4,4,48571.401,0.0,0.0,0.0,0.003,373626.184615
1812325,IT,WM,BASIC,LUBRI,0.06,48566.096,4,4,48566.093,0.0,0.0,0.0,0.003,809434.933333
1761007,IT,IN,NONSP,BLAST,0.06,48565.103,4,4,48565.1,0.0,0.0,0.0,0.003,809418.383333
1680064,IT,GR,MACHI,TRAN1,0.27,48563.524,4,4,48563.52,0.0,0.0,0.0,0.004,179864.903704
1664165,IT,EE,RUBBE,RESEA,0.16,48560.082,4,4,48560.078,0.0,0.0,0.0,0.004,303500.5125
1712623,IT,LV,OFFIC,BUSIN,0.15,48553.424,4,4,48553.42,0.0,0.0,0.0,0.004,323689.493333
1789301,IT,WA,PFERT,BIOGA,0.02,48549.471,4,4,48549.463,0.0,0.0,0.0,0.008,2427473.55
1759600,IT,BR,COMPU,AUXIL,0.55,48544.782,4,4,48544.779,0.0,0.0,0.0,0.003,88263.24
1801947,IT,WE,SALEM,LANDT,0.39,48536.067,4,4,48536.064,0.0,0.0,0.0,0.003,124451.453846
1686090,IT,HU,RUBBE,CERAM,0.16,48534.763,4,4,48534.759,0.0,0.0,0.0,0.004,303342.26875
1716443,IT,NL,OFFIC,RAWMI,0.15,48534.257,4,4,48534.254,0.0,0.0,0.0,0.003,323561.713333
1814431,IT,WM,REALE,HEALT,2.05,48533.679,4,4,48533.676,0.0,0.0,0.0,0.003,23674.965366
1755993,IT,KR,LEAD1,PULP5,0.08,48533.593,4,4,48533.589,0.0,0.0,0.0,0.004,606669.9125
1747319,IT,JP,WHOLE,BUSIN,0.42,48530.571,4,4,48530.568,0.0,0.0,0.0,0.003,115548.978571
1727433,IT,RO,FINAN,BUSIN,0.63,48530.142,3,3,48530.142,0.0,0.0,0.0,0.0,77031.971429
1780743,IT,TW,REALE,HEALT,2.05,48525.032,4,4,48525.029,0.0,0.0,0.0,0.003,23670.747317
1679384,IT,GR,PLAST,LANDT,0.1,48524.99,4,4,48524.985,0.0,0.0,0.0,0.005,485249.9
1714754,IT,NL,DAIRY,COMPU,0.2,48515.877,4,4,48515.874,0.0,0.0,0.0,0.003,242579.385
1727200,IT,RO,SUPPO,VEGET,0.35,48514.786,4,4,48514.784,0.0,0.0,0.0,0.002,138613.674286
1716040,IT,NL,NONME,OFFIC,0.1,48514.107,4,4,48514.102,0.0,0.0,0.0,0.005,485141.07
1790471,IT,WA,COPP1,LEATH,0.12,48513.551,4,4,48513.548,0.0,0.0,0.0,0.003,404279.591667
1750747,IT,CN,TRANS,BASIC,0.29,48513.26,4,4,48513.257,0.0,0.0,0.0,0.003,167287.103448
1753919,IT,CA,RAILW,HOTEL,0.32,48509.404,4,4,48509.402,0.0,0.0,0.0,0.002,151591.8875
1709760,IT,LT,RUBBE,CROPS,0.16,48506.711,4,4,48506.707,0.0,0.0,0.0,0.004,303166.94375
1741419,IT,US,MOTOR,FORES,0.07,48503.968,4,4,48503.964,0.0,0.0,0.0,0.004,692913.828571
1731985,IT,SI,KEROS,ANIMA,0.07,48494.997,4,4,48494.993,0.0,0.0,0.0,0.004,692785.671429
1641248,IT,AT,MOTOR,WOODW,0.07,48493.332,4,4,48493.328,0.0,0.0,0.0,0.004,692761.885714
1783772,IT,NO,PAPE4,FOODW,0.32,48492.79,4,4,48492.787,0.0,0.0,0.0,0.003,151539.96875
1789520,IT,WA,ADDIT,FURNI,0.11,48492.31,4,4,48492.306,0.0,0.0,0.0,0.004,440839.181818
1646401,IT,BE,FABRI,AUXIL,0.2,48492.024,4,4,48492.021,0.0,0.0,0.0,0.003,242460.12
1762231,IT,IN,SEACO,MEMBE,0.05,48491.783,3,3,48491.783,0.0,0.0,0.0,0.0,969835.66
1718384,IT,PL,BEVER,FABRI,0.21,48491.726,4,4,48491.723,0.0,0.0,0.0,0.003,230912.980952
1811558,IT,WM,PFERT,CHEM1,0.02,48490.779,4,4,48490.771,0.0,0.0,0.0,0.008,2424538.95
1743849,IT,US,SEACO,FORES,0.05,48484.684,3,3,48484.684,0.0,0.0,0.0,0.0,969693.68
1806048,IT,WF,COPP1,COMPU,0.12,48483.722,4,4,48483.719,0.0,0.0,0.0,0.003,404031.016667
1737681,IT,GB,PRINT,WHOLE,0.47,48482.103,4,4,48482.099,0.0,0.0,0.0,0.004,103153.410638
1680181,IT,GR,MOTO1,PUBLI,0.26,48481.476,4,4,48481.473,0.0,0.0,0.0,0.003,186467.215385
1726341,IT,RO,ALUM1,BRICK,0.08,48478.588,4,4,48478.584,0.0,0.0,0.0,0.004,605982.35
1796483,IT,WL,RETA1,BEVER,0.51,48477.04,4,4,48477.037,0.0,0.0,0.0,0.003,95053.019608
1773071,IT,CH,ALUM1,FINAN,0.08,48475.334,4,4,48475.33,0.0,0.0,0.0,0.004,605941.675
1795551,IT,WL,ALUM1,93197,0.08,48473.996,4,4,48473.992,0.0,0.0,0.0,0.004,605924.95
1747570,IT,JP,AIRTR,CERAM,0.05,48469.71,4,4,48469.708,0.0,0.0,0.0,0.002,969394.2
1785662,IT,ZA,HEAVY,ELEC8,0.08,48468.906,4,4,48468.902,0.0,0.0,0.0,0.004,605861.325
1777790,IT,TR,FABRI,TOBAC,0.2,48468.835,4,4,48468.832,0.0,0.0,0.0,0.003,242344.175
1688257,IT,IE,CROPS,RAWMI,0.38,48468.708,4,4,48468.705,0.0,0.0,0.0,0.003,127549.231579
1651246,IT,CY,VEGET,FOOD5,0.17,48465.436,4,4,48465.434,0.0,0.0,0.0,0.002,285090.8
1758114,IT,BR,CERAM,MEAT1,0.08,48463.408,4,4,48463.405,0.0,0.0,0.0,0.003,605792.6
1645833,IT,BE,GLASS,CHEMI,0.13,48463.172,4,4,48463.169,0.0,0.0,0.0,0.003,372793.630769
1688659,IT,IE,CHEM1,PEAT2,0.1,48462.61,4,4,48462.605,0.0,0.0,0.0,0.005,484626.1
1796907,IT,WL,AIRTR,CEREA,0.05,48459.416,4,4,48459.414,0.0,0.0,0.0,0.002,969188.32
1783031,IT,NO,INSUR,FISHF,1.0,48457.825,4,4,48457.823,0.0,0.0,0.0,0.002,48457.825
1737802,IT,GB,NAPHT,HOTEL,0.08,48457.491,4,4,48457.488,0.0,0.0,0.0,0.003,605718.6375
1664072,IT,EE,CHEM1,BASIC,0.1,48451.706,4,4,48451.701,0.0,0.0,0.0,0.005,484517.06
1715734,IT,NL,PLAST,HEALT,0.1,48450.176,4,4,48450.171,0.0,0.0,0.0,0.005,484501.76
1716360,IT,NL,FABRI,93197,0.2,48448.134,4,4,48448.131,0.0,0.0,0.0,0.003,242240.67
1644596,IT,BE,FOOD5,FISH5,0.23,48447.356,4,4,48447.352,0.0,0.0,0.0,0.004,210640.678261
1642659,IT,AT,FABRI,RETAI,0.2,48447.34,4,4,48447.337,0.0,0.0,0.0,0.003,242236.7
1672765,IT,FR,MEATC,RENTI,0.16,48447.243,5,5,48446.24,0.0,1.0,0.0,0.003,302795.26875
1773986,IT,CH,SALEM,PUBLI,0.39,48445.395,4,4,48445.392,0.0,0.0,0.0,0.003,124218.961538
1679430,IT,GR,CHEM1,POULT,0.1,48443.794,4,4,48443.789,0.0,0.0,0.0,0.005,484437.94
1677700,IT,FR,RENTI,MACHI,0.29,48441.361,4,4,48441.358,0.0,0.0,0.0,0.003,167039.175862
1790183,IT,WA,PREC1,ANIMA,0.08,48440.96,4,4,48440.958,0.0,0.0,0.0,0.002,605512.0
1811045,IT,WM,HEAVY,TEXTI,0.08,48440.502,4,4,48440.498,0.0,0.0,0.0,0.004,605506.275
1795523,IT,WL,ALUM1,CEMEN,0.08,48439.987,4,4,48439.983,0.0,0.0,0.0,0.004,605499.8375
1685092,IT,HU,FOOD5,SUGA1,0.23,48437.785,4,4,48437.781,0.0,0.0,0.0,0.004,210599.065217
1716369,IT,NL,MACHI,FORES,0.27,48437.773,4,4,48437.769,0.0,0.0,0.0,0.004,179399.159259
1683058,IT,HR,RUBBE,CROPS,0.16,48433.865,4,4,48433.861,0.0,0.0,0.0,0.004,302711.65625
1783081,IT,NO,INSUR,CONST,1.0,48432.863,4,4,48432.861,0.0,0.0,0.0,0.002,48432.863
1743081,IT,US,MOTO1,NATU1,0.26,48432.725,4,4,48432.722,0.0,0.0,0.0,0.003,186279.711538
1803199,IT,WF,CROPS,PFERT,0.38,48430.173,4,4,48430.17,0.0,0.0,0.0,0.003,127447.823684
1645743,IT,BE,RUBBE,HEAVY,0.16,48424.178,4,4,48424.174,0.0,0.0,0.0,0.004,302651.1125
1769792,IT,AU,MACHI,ELEC5,0.27,48422.483,4,4,48422.479,0.0,0.0,0.0,0.004,179342.52963
1786349,IT,ZA,MACHI,NICKE,0.27,48421.563,4,4,48421.559,0.0,0.0,0.0,0.004,179339.122222
1750605,IT,CN,OFFIC,ELEC3,0.15,48419.564,4,4,48419.561,0.0,0.0,0.0,0.003,322797.093333
1726126,IT,RO,RUBBE,FINAN,0.16,48417.461,4,4,48417.457,0.0,0.0,0.0,0.004,302609.13125
1717987,IT,PL,SANDC,WHOLE,0.11,48416.185,5,5,48405.183,0.0,0.0,11.0,0.002,440147.136364
1736010,IT,SK,TRANS,RETA1,0.29,48416.086,4,4,48416.083,0.0,0.0,0.0,0.003,166952.02069
1683072,IT,HR,RUBBE,MEAT4,0.16,48415.754,4,4,48415.75,0.0,0.0,0.0,0.004,302598.4625
1710414,IT,LT,RAILW,RAILW,0.32,48415.487,4,4,48415.485,0.0,0.0,0.0,0.002,151298.396875
1789710,IT,WA,RUBBE,MEMBE,0.16,48414.26,4,4,48414.256,0.0,0.0,0.0,0.004,302589.125
1746830,IT,JP,MACHI,COKE1,0.27,48406.443,4,4,48406.439,0.0,0.0,0.0,0.004,179283.122222
1757597,IT,BR,GASDI,BITU1,0.07,48405.972,4,4,48405.968,0.0,0.0,0.0,0.004,691513.885714
1749463,IT,CN,HEAVY,LEAD1,0.08,48403.092,4,4,48403.088,0.0,0.0,0.0,0.004,605038.65
1753414,IT,CA,NONF1,FURNI,0.01,48400.157,3,3,48400.157,0.0,0.0,0.0,0.0,4840015.7
1669703,IT,ES,COMPU,POSTT,0.55,48399.609,4,4,48399.606,0.0,0.0,0.0,0.003,87999.289091
1653973,IT,CZ,MACHI,PULP5,0.27,48394.96,4,4,48394.956,0.0,0.0,0.0,0.004,179240.592593
1728064,IT,SE,MEATP,FOOD5,0.2,48388.854,4,4,48388.849,0.0,0.0,0.0,0.005,241944.27
1802702,IT,WE,COMPU,WHOLE,0.55,48378.439,4,4,48378.436,0.0,0.0,0.0,0.003,87960.798182
1802302,IT,WE,LANDT,BUSIN,0.31,48376.795,4,4,48376.793,0.0,0.0,0.0,0.002,156054.177419
1642492,IT,AT,LEAD1,OFFIC,0.08,48376.235,4,4,48376.231,0.0,0.0,0.0,0.004,604702.9375
1659945,IT,DE,TRAN2,REALE,0.07,48371.956,3,3,48371.956,0.0,0.0,0.0,0.0,691027.942857
1748625,IT,CN,DAIRY,WEARI,0.2,48371.948,4,4,48371.945,0.0,0.0,0.0,0.003,241859.74
1731927,IT,SI,MOTOR,MACHI,0.07,48370.008,4,4,48370.004,0.0,0.0,0.0,0.004,691000.114286
1645104,IT,BE,PAPER,AUXIL,0.19,48367.365,4,4,48367.36,0.0,0.0,0.0,0.005,254565.078947
1811949,IT,WM,GLASS,POULT,0.13,48359.058,4,4,48359.055,0.0,0.0,0.0,0.003,371992.753846
1728884,IT,SE,CHEM1,MEATC,0.1,48355.644,4,4,48355.639,0.0,0.0,0.0,0.005,483556.44
1803837,IT,WF,TEXTI,TRANS,0.29,48355.045,4,4,48355.039,0.0,0.0,0.0,0.006,166741.534483
1650247,IT,BG,FURNI,HEALT,0.15,48343.187,4,4,48343.183,0.0,0.0,0.0,0.004,322287.913333
1709710,IT,LT,CHEM1,WEARI,0.1,48342.11,4,4,48342.105,0.0,0.0,0.0,0.005,483421.1
1725636,IT,RO,PULP5,PAPER,0.15,48339.133,4,4,48339.128,0.0,0.0,0.0,0.005,322260.886667
1803216,IT,WF,CROPS,FINAN,0.38,48335.592,4,4,48335.589,0.0,0.0,0.0,0.003,127198.926316
1751499,IT,CN,SUPPO,CRUDE,0.35,48332.667,4,4,48332.665,0.0,0.0,0.0,0.002,138093.334286
1685277,IT,HU,TEXTI,REALE,0.29,48332.458,4,4,48332.452,0.0,0.0,0.0,0.006,166663.648276
1718766,IT,PL,PAPER,ANIMA,0.19,48332.419,4,4,48332.414,0.0,0.0,0.0,0.005,254381.152632
1761006,IT,IN,NONSP,COKE1,0.06,48331.652,4,4,48331.649,0.0,0.0,0.0,0.003,805527.533333
1677438,IT,FR,INSUR,COMPU,1.0,48327.875,4,4,48327.873,0.0,0.0,0.0,0.002,48327.875
1711337,IT,LU,WHOLE,CONST,0.42,48327.122,4,4,48327.119,0.0,0.0,0.0,0.003,115064.57619
1652648,IT,CZ,WOODW,STEAM,0.14,48324.932,4,4,48324.929,0.0,0.0,0.0,0.003,345178.085714
1715433,IT,NL,MOTOR,SALEM,0.07,48324.856,4,4,48324.852,0.0,0.0,0.0,0.004,690355.085714
1680365,IT,GR,ELEC2,PAPER,0.01,48318.67,4,4,48318.665,0.0,0.0,0.0,0.005,4831867.0
1644474,IT,BE,VEGE1,SUPPO,0.15,48314.472,4,4,48314.461,0.0,0.0,0.0,0.011,322096.48
1806773,IT,WF,RETA1,POULT,0.5,48312.124,4,4,48312.121,0.0,0.0,0.0,0.003,96624.248
1778005,IT,TR,MACHI,MEMBE,0.27,48310.553,4,4,48310.549,0.0,0.0,0.0,0.004,178927.974074
1742149,IT,US,RUBBE,WASTE,0.16,48306.806,4,4,48306.802,0.0,0.0,0.0,0.004,301917.5375
1759978,IT,BR,PLAS1,TEXT2,0.17,48302.263,4,4,48302.26,0.0,0.0,0.0,0.003,284130.958824
1718616,IT,PL,LEATH,MACHI,0.35,48300.335,4,4,48300.327,0.0,0.0,0.0,0.008,138000.957143
1645697,IT,BE,ADDIT,LIQUE,0.11,48299.93,4,4,48299.926,0.0,0.0,0.0,0.004,439090.272727
1744244,IT,US,POSTT,ELEC3,0.8,48297.902,4,4,48297.898,0.0,0.0,0.0,0.004,60372.3775
1777254,IT,TR,RUBBE,SECO9,0.16,48293.974,4,4,48293.97,0.0,0.0,0.0,0.004,301837.3375
1656898,IT,DE,HEAVY,COMPU,0.08,48291.218,4,4,48291.214,0.0,0.0,0.0,0.004,603640.225
1662066,IT,DK,CHEM1,CHEM1,0.1,48290.916,4,4,48290.911,0.0,0.0,0.0,0.005,482909.16
1656647,IT,DE,PRINT,FOODW,0.46,48289.85,4,4,48289.846,0.0,0.0,0.0,0.004,104977.934783
1655395,IT,DE,CROPS,HOTEL,0.38,48288.117,4,4,48288.114,0.0,0.0,0.0,0.003,127073.992105
1775934,IT,TR,FOOD5,RUBBE,0.23,48285.245,4,4,48285.241,0.0,0.0,0.0,0.004,209935.847826
1654069,IT,CZ,MACHI,INERT,0.27,48284.794,4,4,48284.79,0.0,0.0,0.0,0.004,178832.57037
1686620,IT,HU,LEAD1,PLAST,0.08,48281.484,4,4,48281.48,0.0,0.0,0.0,0.004,603518.55
1716398,IT,NL,MACHI,ELEC2,0.27,48281.093,4,4,48281.089,0.0,0.0,0.0,0.004,178818.862963
1779750,IT,TR,BUSIN,NONME,0.5,48280.394,4,4,48280.391,0.0,0.0,0.0,0.003,96560.788
1720900,IT,PL,SALEM,FABRI,0.39,48280.285,4,4,48280.282,0.0,0.0,0.0,0.003,123795.602564
1757203,IT,BR,MEAT4,REALE,0.27,48279.518,4,4,48279.515,0.0,0.0,0.0,0.003,178813.02963
1669165,IT,ES,POSTT,RUBBE,0.8,48277.689,4,4,48277.685,0.0,0.0,0.0,0.004,60347.11125
1671955,IT,FI,LANDT,RUBBE,0.31,48277.331,4,4,48277.329,0.0,0.0,0.0,0.002,155733.325806
1738407,IT,GB,ALUM1,BEVER,0.08,48272.181,4,4,48272.177,0.0,0.0,0.0,0.004,603402.2625
1777721,IT,TR,COPP1,RENTI,0.12,48271.69,4,4,48271.688,0.0,0.0,0.0,0.002,402264.083333
1809009,IT,WM,VEGET,PLAST,0.17,48269.412,4,4,48269.41,0.0,0.0,0.0,0.002,283937.717647
1719664,IT,PL,CEMEN,REALE,0.08,48268.437,4,4,48268.435,0.0,0.0,0.0,0.002,603355.4625
1742668,IT,US,COPP1,HEALT,0.12,48266.714,4,4,48266.712,0.0,0.0,0.0,0.002,402222.616667
1783369,IT,NO,PLAS1,FABRI,0.17,48265.174,4,4,48265.171,0.0,0.0,0.0,0.003,283912.788235
1792663,IT,WA,RESEA,OFFIC,0.26,48260.18,4,4,48260.177,0.0,0.0,0.0,0.003,185616.076923
1728514,IT,SE,WOODW,WHOLE,0.14,48259.533,4,4,48259.53,0.0,0.0,0.0,0.003,344710.95
1652747,IT,CZ,PAPER,DISTR,0.19,48255.853,4,4,48255.848,0.0,0.0,0.0,0.005,253978.173684
1656057,IT,DE,BEVER,GASDI,0.21,48255.671,4,4,48255.668,0.0,0.0,0.0,0.003,229788.909524
1674706,IT,FR,GLASS,SEACO,0.13,48255.043,4,4,48255.04,0.0,0.0,0.0,0.003,371192.638462
1773283,IT,CH,MACHI,SUGAR,0.27,48254.794,4,4,48254.79,0.0,0.0,0.0,0.004,178721.459259
1808952,IT,WM,CEREA,INSUR,0.08,48253.93,4,4,48253.927,0.0,0.0,0.0,0.003,603174.125
1755472,IT,KR,PLAST,CEMEN,0.1,48253.627,4,4,48253.622,0.0,0.0,0.0,0.005,482536.27
1807215,IT,WF,AIRTR,PRIVA,0.05,48252.237,4,4,48252.235,0.0,0.0,0.0,0.002,965044.74
1646448,IT,BE,MACHI,PULP5,0.27,48244.596,4,4,48244.592,0.0,0.0,0.0,0.004,178683.688889
1778787,IT,TR,LANDT,GLASS,0.31,48243.251,4,4,48243.249,0.0,0.0,0.0,0.002,155623.390323
1778293,IT,TR,SALEM,CHEM1,0.39,48236.612,4,4,48236.609,0.0,0.0,0.0,0.003,123683.620513
1741811,IT,US,PLAST,TRANS,0.1,48233.196,4,4,48233.191,0.0,0.0,0.0,0.005,482331.96
1785683,IT,ZA,HEAVY,MEMBE,0.08,48230.487,4,4,48230.483,0.0,0.0,0.0,0.004,602881.0875
1776984,IT,TR,CHEM1,CEREA,0.1,48230.034,4,4,48230.029,0.0,0.0,0.0,0.005,482300.34
1728674,IT,SE,PRINT,SUPPO,0.46,48226.15,4,4,48226.146,0.0,0.0,0.0,0.004,104839.456522
1783736,IT,NO,FOOD4,FOOD2,0.35,48224.419,4,4,48224.416,0.0,0.0,0.0,0.003,137784.054286
1772749,IT,CH,CEMEN,PUBLI,0.08,48222.221,4,4,48222.219,0.0,0.0,0.0,0.002,602777.7625
1719952,IT,PL,PREC1,RAILW,0.08,48219.634,4,4,48219.632,0.0,0.0,0.0,0.002,602745.425
1664231,IT,EE,NONME,GLASS,0.1,48215.705,4,4,48215.7,0.0,0.0,0.0,0.005,482157.05
1759091,IT,BR,AIRTR,DAIRY,0.05,48214.092,4,4,48214.09,0.0,0.0,0.0,0.002,964281.84
1795890,IT,WL,OFFIC,SALEM,0.15,48213.307,4,4,48213.304,0.0,0.0,0.0,0.003,321422.046667
1746775,IT,JP,MACHI,FOOD5,0.27,48211.44,4,4,48211.436,0.0,0.0,0.0,0.004,178560.888889
1686999,IT,HU,MACHI,PAPE4,0.27,48209.59,4,4,48209.586,0.0,0.0,0.0,0.004,178554.037037
1644893,IT,BE,LEATH,GASDI,0.35,48209.133,4,4,48209.125,0.0,0.0,0.0,0.008,137740.38
1758826,IT,BR,RETA1,EDUCA,0.5,48208.094,4,4,48208.091,0.0,0.0,0.0,0.003,96416.188
1653636,IT,CZ,ALUM1,PFERT,0.08,48204.184,4,4,48204.18,0.0,0.0,0.0,0.004,602552.3
1650171,IT,BG,MOTO1,DISTR,0.26,48200.328,4,4,48200.325,0.0,0.0,0.0,0.003,185385.876923
1770022,IT,AU,FURNI,HOTEL,0.15,48194.231,4,4,48194.227,0.0,0.0,0.0,0.004,321294.873333
1785895,IT,ZA,ADDIT,COLLE,0.11,48192.829,4,4,48192.825,0.0,0.0,0.0,0.004,438116.627273
1746482,IT,JP,CERAM,CHEM1,0.08,48191.154,4,4,48191.151,0.0,0.0,0.0,0.003,602389.425
1783955,IT,ID,CHEMI,WHOLE,0.11,48189.216,5,5,48187.211,0.0,0.0,2.0,0.005,438083.781818
1766979,IT,RU,MOTO1,RETAI,0.26,48188.401,4,4,48188.398,0.0,0.0,0.0,0.003,185340.003846
1674203,IT,FR,LIQUE,OFFIC,0.08,48188.36,4,4,48188.356,0.0,0.0,0.0,0.004,602354.5
1658035,IT,DE,PREC1,ALUM1,0.08,48180.236,4,4,48180.234,0.0,0.0,0.0,0.002,602252.95
1768783,IT,AU,WEARI,93197,0.36,48179.351,4,4,48179.342,0.0,0.0,0.0,0.009,133831.530556
1772724,IT,CH,BRICK,DIST1,0.07,48178.425,4,4,48178.422,0.0,0.0,0.0,0.003,688263.214286
1763372,IT,MX,PRINT,OFFIC,0.46,48178.271,4,4,48178.267,0.0,0.0,0.0,0.004,104735.371739
1643692,IT,AT,SUPPO,PRINT,0.35,48177.916,4,4,48177.914,0.0,0.0,0.0,0.002,137651.188571
1779567,IT,TR,COMPU,NONME,0.55,48176.691,4,4,48176.688,0.0,0.0,0.0,0.003,87593.983636
1730634,IT,SE,RENTI,OFFIC,0.29,48175.949,4,4,48175.946,0.0,0.0,0.0,0.003,166123.962069
1796832,IT,WL,SEACO,MEATP,0.05,48174.351,3,3,48174.351,0.0,0.0,0.0,0.0,963487.02
1735215,IT,SK,RUBBE,SUPPO,0.16,48172.854,4,4,48172.85,0.0,0.0,0.0,0.004,301080.3375
1807269,IT,WF,POSTT,VEGET,0.79,48172.511,4,4,48172.507,0.0,0.0,0.0,0.004,60977.862025
1761619,IT,IN,FABRI,NATUR,0.2,48164.229,4,4,48164.226,0.0,0.0,0.0,0.003,240821.145
1660409,IT,DE,FINAN,LANDT,0.63,48163.66,3,3,48163.66,0.0,0.0,0.0,0.0,76450.253968
1807983,IT,WF,PLAS1,AIRTR,0.17,48157.514,4,4,48157.511,0.0,0.0,0.0,0.003,283279.494118
1689176,IT,IE,SALEM,MEMBE,0.39,48156.843,4,4,48156.84,0.0,0.0,0.0,0.003,123479.084615
1738662,IT,GB,MACHI,LEATH,0.27,48153.221,4,4,48153.217,0.0,0.0,0.0,0.004,178345.262963
1676207,IT,FR,CONST,TRAN2,0.27,48153.137,4,4,48153.134,0.0,0.0,0.0,0.003,178344.951852
1677348,IT,FR,FINAN,93197,0.63,48152.981,3,3,48152.981,0.0,0.0,0.0,0.0,76433.303175
1685001,IT,HU,VEGE1,MOTO1,0.15,48152.16,4,4,48152.15,0.0,0.0,0.0,0.01,321014.4
1777093,IT,TR,CHEM1,FINAN,0.1,48151.865,4,4,48151.86,0.0,0.0,0.0,0.005,481518.65
1763183,IT,MX,LEATH,TRANS,0.34,48150.445,4,4,48150.437,0.0,0.0,0.0,0.008,141618.955882
1732812,IT,SI,BASIC,FISH5,0.06,48149.763,4,4,48149.76,0.0,0.0,0.0,0.003,802496.05
1802446,IT,WE,AIRTR,RECRE,0.05,48148.532,4,4,48148.53,0.0,0.0,0.0,0.002,962970.64
1747317,IT,JP,WHOLE,COMPU,0.42,48138.316,4,4,48138.313,0.0,0.0,0.0,0.003,114615.038095
1777199,IT,TR,RUBBE,COPPE,0.16,48136.654,4,4,48136.65,0.0,0.0,0.0,0.004,300854.0875
1741558,IT,US,GASDI,BITUM,0.07,48135.632,4,4,48135.628,0.0,0.0,0.0,0.004,687651.885714
1664379,IT,EE,MACHI,VEGET,0.27,48132.346,4,4,48132.342,0.0,0.0,0.0,0.004,178267.948148
1654245,IT,CZ,TRANS,WHOLE,0.29,48130.833,4,4,48130.83,0.0,0.0,0.0,0.003,165968.389655
1653587,IT,CZ,BASIC,PLAS2,0.06,48129.28,4,4,48129.277,0.0,0.0,0.0,0.003,802154.666667
1780528,IT,TW,POSTT,RESEA,0.79,48126.023,4,4,48126.019,0.0,0.0,0.0,0.004,60919.016456
1757802,IT,BR,NFERT,WOODW,0.01,48122.469,4,4,48122.465,0.0,0.0,0.0,0.004,4812246.9
1757918,IT,BR,CHEM1,LANDT,0.1,48122.292,4,4,48122.287,0.0,0.0,0.0,0.005,481222.92
1810001,IT,WM,TEXTI,CATTL,0.29,48122.119,4,4,48122.113,0.0,0.0,0.0,0.006,165938.341379
1770810,IT,AU,COMPU,POSTT,0.55,48121.807,4,4,48121.804,0.0,0.0,0.0,0.003,87494.194545
1793505,IT,WL,CHEMI,FOUND,0.11,48119.106,5,5,48117.101,0.0,0.0,2.0,0.005,437446.418182
1654052,IT,CZ,MACHI,PUBLI,0.27,48118.601,4,4,48118.597,0.0,0.0,0.0,0.004,178217.040741
1807760,IT,WF,PUBLI,LEAD1,0.79,48114.713,4,4,48114.71,0.0,0.0,0.0,0.003,60904.7
1767422,IT,RU,LANDT,ELECT,0.31,48113.999,4,4,48113.997,0.0,0.0,0.0,0.002,155206.448387
1658333,IT,DE,NONF1,KEROS,0.01,48113.114,3,3,48113.114,0.0,0.0,0.0,0.0,4811311.4
1751046,IT,CN,WHOLE,RETA1,0.42,48112.723,4,4,48112.72,0.0,0.0,0.0,0.003,114554.102381
1762678,IT,IN,RESEA,RESEA,0.26,48111.667,4,4,48111.664,0.0,0.0,0.0,0.003,185044.873077
1717370,IT,NL,FINAN,EDUCA,0.63,48110.055,3,3,48110.055,0.0,0.0,0.0,0.0,76365.166667
1777240,IT,TR,RUBBE,ALUM1,0.16,48106.288,4,4,48106.284,0.0,0.0,0.0,0.004,300664.3
1679429,IT,GR,CHEM1,PIGS9,0.1,48103.515,4,4,48103.51,0.0,0.0,0.0,0.005,481035.15
1812560,IT,WM,ALUM1,HOTEL,0.08,48101.273,4,4,48101.269,0.0,0.0,0.0,0.004,601265.9125
1643464,IT,AT,LANDT,DISTR,0.31,48101.265,4,4,48101.263,0.0,0.0,0.0,0.002,155165.370968
1719185,IT,PL,PLAST,RAILW,0.1,48095.01,4,4,48095.005,0.0,0.0,0.0,0.005,480950.1
1645978,IT,BE,CEMEN,PREC1,0.08,48094.448,4,4,48094.446,0.0,0.0,0.0,0.002,601180.6
1782981,IT,NO,SUPPO,AIRTR,0.35,48094.082,4,4,48094.08,0.0,0.0,0.0,0.002,137411.662857
1655215,IT,CZ,BUSIN,RECRE,0.49,48093.868,4,4,48093.865,0.0,0.0,0.0,0.003,98150.75102
1732106,IT,SI,KERO1,FOOD4,0.07,48089.903,4,4,48089.899,0.0,0.0,0.0,0.004,686998.614286
1811528,IT,WM,NFERT,BUSIN,0.01,48088.965,4,4,48088.961,0.0,0.0,0.0,0.004,4808896.5
1791235,IT,WA,FURNI,RETAI,0.15,48087.814,4,4,48087.81,0.0,0.0,0.0,0.004,320585.426667
1640969,IT,AT,WOODW,FOUND,0.13,48085.854,4,4,48085.851,0.0,0.0,0.0,0.003,369891.184615
1805544,IT,WF,BRICK,NICKE,0.07,48081.69,4,4,48081.687,0.0,0.0,0.0,0.003,686881.285714
1672023,IT,FI,SEACO,POSTT,0.05,48080.43,3,3,48080.43,0.0,0.0,0.0,0.0,961608.6
1715256,IT,NL,PAPER,VEGE1,0.19,48079.516,4,4,48079.511,0.0,0.0,0.0,0.005,253050.084211
1804864,IT,WF,BITU1,MEAT1,0.08,48078.414,4,4,48078.41,0.0,0.0,0.0,0.004,600980.175
1776530,IT,TR,KEROS,NONF1,0.07,48078.288,4,4,48078.284,0.0,0.0,0.0,0.004,686832.685714
1664385,IT,EE,MACHI,HYDRO,0.27,48074.891,4,4,48074.887,0.0,0.0,0.0,0.004,178055.151852
1749524,IT,CN,NONSP,HEAVY,0.06,48068.477,4,4,48068.474,0.0,0.0,0.0,0.003,801141.283333
1752278,IT,CA,STONE,NONME,0.16,48068.013,5,5,48065.011,0.0,0.0,3.0,0.002,300425.08125
1741977,IT,US,CHEM1,PAPE3,0.1,48061.066,4,4,48061.061,0.0,0.0,0.0,0.005,480610.66
1718107,IT,PL,VEGE1,POULT,0.15,48060.738,4,4,48060.728,0.0,0.0,0.0,0.01,320404.92
1654327,IT,CZ,ELEC2,RESEA,0.01,48056.058,4,4,48056.053,0.0,0.0,0.0,0.005,4805605.8
1740077,IT,GB,RENTI,SEWAG,0.29,48054.518,4,4,48054.515,0.0,0.0,0.0,0.003,165705.234483
1650546,IT,BG,ELEC7,GLASS,0.03,48051.303,3,3,48051.303,0.0,0.0,0.0,0.0,1601710.1
1755863,IT,KR,NONME,PLAST,0.1,48049.032,4,4,48049.027,0.0,0.0,0.0,0.005,480490.32
1667541,IT,ES,FABRI,ELEC8,0.2,48048.641,4,4,48048.638,0.0,0.0,0.0,0.003,240243.205
1772068,IT,CH,PRINT,SEACO,0.46,48044.798,4,4,48044.794,0.0,0.0,0.0,0.004,104445.213043
1805524,IT,WF,CERAM,SEACO,0.07,48043.804,4,4,48043.801,0.0,0.0,0.0,0.003,686340.057143
1786863,IT,ZA,SEACO,PULP5,0.05,48040.938,3,3,48040.938,0.0,0.0,0.0,0.0,960818.76
1724424,IT,PT,AIRTR,BASIC,0.05,48039.363,4,4,48039.361,0.0,0.0,0.0,0.002,960787.26
1784830,IT,ID,HOTEL,RECRE,0.35,48039.064,4,4,48039.06,0.0,0.0,0.0,0.004,137254.468571
1673792,IT,FR,PAPER,PLAS2,0.19,48037.138,4,4,48037.133,0.0,0.0,0.0,0.005,252827.042105
1732760,IT,SI,NONME,RUBBE,0.1,48033.511,4,4,48033.506,0.0,0.0,0.0,0.005,480335.11
1720360,IT,PL,FABRI,WASTE,0.2,48032.219,4,4,48032.216,0.0,0.0,0.0,0.003,240161.095
1787535,IT,WA,CHEMI,CERAM,0.11,48030.374,5,5,48028.369,0.0,0.0,2.0,0.005,436639.763636
1782848,IT,NO,LANDT,CONST,0.31,48025.489,4,4,48025.487,0.0,0.0,0.0,0.002,154920.932258
1670699,IT,FI,WOODW,CONST,0.13,48025.015,4,4,48025.012,0.0,0.0,0.0,0.003,369423.192308
1679204,IT,GR,MOTOR,VEGET,0.07,48018.447,4,4,48018.443,0.0,0.0,0.0,0.004,685977.814286
1758344,IT,BR,NONF1,RADIO,0.01,48018.112,3,3,48018.112,0.0,0.0,0.0,0.0,4801811.2
1809065,IT,WM,OILSE,REALE,0.03,48016.37,4,4,48016.368,0.0,0.0,0.0,0.002,1600545.666667
1720093,IT,PL,ALUM1,93197,0.08,48013.873,4,4,48013.869,0.0,0.0,0.0,0.004,600173.4125
1710045,IT,LT,FABRI,WHEAT,0.2,48012.904,4,4,48012.901,0.0,0.0,0.0,0.003,240064.52
1663266,IT,DK,SEACO,RADIO,0.05,48011.468,3,3,48011.468,0.0,0.0,0.0,0.0,960229.36
1727214,IT,RO,SUPPO,MEATP,0.35,48009.771,4,4,48009.769,0.0,0.0,0.0,0.002,137170.774286
1717163,IT,NL,AIRTR,SALEM,0.05,48009.568,4,4,48009.566,0.0,0.0,0.0,0.002,960191.36
1717099,IT,NL,TRAN2,HEAVY,0.07,48005.921,3,3,48005.921,0.0,0.0,0.0,0.0,685798.871429
1794519,IT,WL,HEAVY,PADDY,0.08,47996.815,4,4,47996.811,0.0,0.0,0.0,0.004,599960.1875
1763391,IT,MX,PRINT,POSTT,0.46,47996.724,4,4,47996.72,0.0,0.0,0.0,0.004,104340.704348
1763261,IT,MX,PULP5,PAPER,0.15,47994.033,4,4,47994.028,0.0,0.0,0.0,0.005,319960.22
1649929,IT,BG,FABRI,BIODI,0.2,47991.723,4,4,47991.72,0.0,0.0,0.0,0.003,239958.615
1676583,IT,FR,HOTEL,CERAM,0.35,47990.396,4,4,47990.392,0.0,0.0,0.0,0.004,137115.417143
1793818,IT,WL,TEXTI,TOBAC,0.28,47989.349,4,4,47989.343,0.0,0.0,0.0,0.006,171390.532143
1727779,IT,RO,BUSIN,FOOD5,0.49,47986.903,4,4,47986.9,0.0,0.0,0.0,0.003,97932.455102
1770239,IT,AU,HOTEL,LEATH,0.35,47982.984,4,4,47982.98,0.0,0.0,0.0,0.004,137094.24
1805137,IT,WF,PFERT,NONFE,0.02,47980.485,4,4,47980.477,0.0,0.0,0.0,0.008,2399024.25
1759323,IT,BR,POSTT,93197,0.79,47979.771,4,4,47979.767,0.0,0.0,0.0,0.004,60733.887342
1797018,IT,WL,AIRTR,RENTI,0.05,47979.742,4,4,47979.74,0.0,0.0,0.0,0.002,959594.84
1799458,IT,WE,PAPER,NFERT,0.19,47977.355,4,4,47977.35,0.0,0.0,0.0,0.005,252512.394737
1800048,IT,WE,LIQUE,PAPER,0.08,47977.312,4,4,47977.308,0.0,0.0,0.0,0.004,599716.4
1662133,IT,DK,RUBBE,BEVER,0.16,47973.487,4,4,47973.483,0.0,0.0,0.0,0.004,299834.29375
1799158,IT,WE,WEARI,ELECT,0.36,47972.236,4,4,47972.227,0.0,0.0,0.0,0.009,133256.211111
1790559,IT,WA,NONF1,BRICK,0.01,47970.048,3,3,47970.048,0.0,0.0,0.0,0.0,4797004.8
1813854,IT,WM,LANDT,FOOD5,0.31,47966.275,4,4,47966.273,0.0,0.0,0.0,0.002,154729.919355
1783530,IT,NO,OILHA,PAPE1,0.28,47962.32,4,4,47962.317,0.0,0.0,0.0,0.003,171294.0
1666910,IT,ES,GLASS,SUPPO,0.13,47961.029,4,4,47961.026,0.0,0.0,0.0,0.003,368930.992308
1718594,IT,PL,LEATH,TEXTI,0.34,47960.772,4,4,47960.764,0.0,0.0,0.0,0.008,141061.094118
1764977,IT,MX,POSTT,PUBLI,0.79,47959.713,4,4,47959.709,0.0,0.0,0.0,0.004,60708.497468
1685505,IT,HU,PAPER,TOBAC,0.19,47958.737,4,4,47958.732,0.0,0.0,0.0,0.005,252414.405263
1812845,IT,WM,FABRI,PREC1,0.2,47957.744,4,4,47957.741,0.0,0.0,0.0,0.003,239788.72
1643233,IT,AT,HOTEL,COPP1,0.35,47955.876,4,4,47955.872,0.0,0.0,0.0,0.004,137016.788571
1747441,IT,JP,SEACO,CROPS,0.05,47955.83,3,3,47955.83,0.0,0.0,0.0,0.0,959116.6
1775759,IT,TR,CRUDE,LUBRI,0.09,47954.939,4,4,47954.935,0.0,0.0,0.0,0.004,532832.655556
1799186,IT,WE,WEARI,AUXIL,0.36,47953.669,4,4,47953.66,0.0,0.0,0.0,0.009,133204.636111
1783990,IT,ID,FOOD5,FISHF,0.23,47951.133,4,4,47951.129,0.0,0.0,0.0,0.004,208483.186957
1670563,IT,FI,TEXTI,TRANS,0.28,47948.966,4,4,47948.96,0.0,0.0,0.0,0.006,171246.307143
1682553,IT,HR,MOTOR,TRAN1,0.07,47945.949,4,4,47945.945,0.0,0.0,0.0,0.004,684942.128571
1679913,IT,GR,NONF1,PAPE4,0.01,47943.869,3,3,47943.869,0.0,0.0,0.0,0.0,4794386.9
1686837,IT,HU,FABRI,DISTR,0.2,47943.392,4,4,47943.389,0.0,0.0,0.0,0.003,239716.96
1710970,IT,LU,GLASS,RUBBE,0.13,47941.57,4,4,47941.567,0.0,0.0,0.0,0.003,368781.307692
1688147,IT,HU,BUSIN,FABRI,0.49,47938.651,4,4,47938.648,0.0,0.0,0.0,0.003,97833.981633
1684092,IT,HR,HOTEL,INSUR,0.35,47938.468,4,4,47938.464,0.0,0.0,0.0,0.004,136967.051429
1746612,IT,JP,ALUM1,RUBBE,0.08,47936.151,4,4,47936.147,0.0,0.0,0.0,0.004,599201.8875
1745275,IT,JP,MEATP,WHOLE,0.19,47934.887,4,4,47934.882,0.0,0.0,0.0,0.005,252288.878947
1788688,IT,WA,MOTOR,POULT,0.07,47934.493,4,4,47934.489,0.0,0.0,0.0,0.004,684778.471429
1728003,IT,SE,SANDC,CEMEN,0.11,47932.904,5,5,47921.902,0.0,0.0,11.0,0.002,435753.672727
1687984,IT,HU,RENTI,FURNI,0.29,47932.686,4,4,47932.683,0.0,0.0,0.0,0.003,165285.124138
1742876,IT,US,MACHI,FISH5,0.27,47931.843,4,4,47931.839,0.0,0.0,0.0,0.004,177525.344444
1647221,IT,BE,LANDT,KEROS,0.31,47928.009,4,4,47928.007,0.0,0.0,0.0,0.002,154606.480645
1785248,IT,ZA,TEXTI,CHEM1,0.28,47925.352,4,4,47925.346,0.0,0.0,0.0,0.006,171161.971429
1668893,IT,ES,SEACO,OFFIC,0.05,47925.057,3,3,47925.057,0.0,0.0,0.0,0.0,958501.14
1779708,IT,TR,BUSIN,CRUDE,0.49,47924.913,4,4,47924.91,0.0,0.0,0.0,0.003,97805.944898
1709597,IT,LT,PAPER,CHEM1,0.19,47919.753,4,4,47919.748,0.0,0.0,0.0,0.005,252209.226316
1665320,IT,ES,FISH5,MEATC,0.2,47919.229,4,4,47919.204,0.0,0.0,0.0,0.025,239596.145
1777108,IT,TR,CHEM1,WASTE,0.1,47919.121,4,4,47919.116,0.0,0.0,0.0,0.005,479191.21
1674490,IT,FR,BIODI,RESEA,0.1,47916.733,4,4,47916.728,0.0,0.0,0.0,0.005,479167.33
1720669,IT,PL,MOTO1,COLLE,0.26,47916.324,4,4,47916.321,0.0,0.0,0.0,0.003,184293.553846
1766907,IT,RU,OFFIC,AIRTR,0.15,47915.472,4,4,47915.469,0.0,0.0,0.0,0.003,319436.48
1641267,IT,AT,MOTOR,MACHI,0.07,47915.241,4,4,47915.237,0.0,0.0,0.0,0.004,684503.442857
1745467,IT,JP,FOOD5,FISHF,0.23,47913.498,4,4,47913.494,0.0,0.0,0.0,0.004,208319.556522
1713340,IT,MT,GASDI,MEATP,0.07,47911.871,4,4,47911.867,0.0,0.0,0.0,0.004,684455.3
1659376,IT,DE,WHOLE,CATTL,0.41,47911.752,4,4,47911.749,0.0,0.0,0.0,0.003,116857.931707
1720342,IT,PL,FABRI,POSTT,0.19,47908.54,4,4,47908.537,0.0,0.0,0.0,0.003,252150.210526
1783755,IT,NO,PAPE4,NONF1,0.32,47908.528,4,4,47908.525,0.0,0.0,0.0,0.003,149714.15
1677584,IT,FR,REALE,NUCLE,2.02,47908.023,4,4,47908.02,0.0,0.0,0.0,0.003,23716.843069
1653813,IT,CZ,NONF1,FURNI,0.01,47901.809,3,3,47901.809,0.0,0.0,0.0,0.0,4790180.9
1652148,IT,CZ,MEAT4,HOTEL,0.26,47899.867,4,4,47899.864,0.0,0.0,0.0,0.003,184230.257692
1646016,IT,BE,NONME,PREC1,0.1,47899.296,4,4,47899.291,0.0,0.0,0.0,0.005,478992.96
1810720,IT,WM,MOTOR,MOTO1,0.07,47893.44,4,4,47893.436,0.0,0.0,0.0,0.004,684192.0
1760938,IT,IN,HEAVY,CERAM,0.08,47890.239,4,4,47890.235,0.0,0.0,0.0,0.004,598627.9875
1715955,IT,NL,CERAM,CHEMI,0.07,47889.486,4,4,47889.483,0.0,0.0,0.0,0.003,684135.514286
1667307,IT,ES,ALUM1,ELEC5,0.08,47887.374,4,4,47887.37,0.0,0.0,0.0,0.004,598592.175
1671514,IT,FI,MACHI,TRAN1,0.27,47887.281,4,4,47887.277,0.0,0.0,0.0,0.004,177360.3
1742525,IT,US,BASIC,PAPE1,0.06,47886.67,4,4,47886.667,0.0,0.0,0.0,0.003,798111.166667
1748570,IT,CN,VEGE1,BIOGA,0.15,47882.673,4,4,47882.663,0.0,0.0,0.0,0.01,319217.82
1785839,IT,ZA,CHEM1,TRAN1,0.1,47878.578,4,4,47878.573,0.0,0.0,0.0,0.005,478785.78
1665573,IT,ES,LEATH,WHOLE,0.34,47873.033,4,4,47873.025,0.0,0.0,0.0,0.008,140803.038235
1713219,IT,MT,WOODW,CONST,0.13,47872.323,4,4,47872.32,0.0,0.0,0.0,0.003,368248.638462
1780428,IT,TW,SUPPO,BASIC,0.34,47871.462,4,4,47871.46,0.0,0.0,0.0,0.002,140798.417647
1808189,IT,WF,OILHA,WHOLE,0.27,47870.783,4,4,47870.78,0.0,0.0,0.0,0.003,177299.196296
1794421,IT,WL,GASDI,PADDY,0.07,47870.167,4,4,47870.163,0.0,0.0,0.0,0.004,683859.528571
1734680,IT,SK,LEATH,FORES,0.34,47869.233,4,4,47869.225,0.0,0.0,0.0,0.008,140791.861765
1642570,IT,AT,NONF1,RENTI,0.01,47868.833,3,3,47868.833,0.0,0.0,0.0,0.0,4786883.3
1661862,IT,DK,PAPER,RADIO,0.19,47868.388,4,4,47868.383,0.0,0.0,0.0,0.005,251938.884211
1658607,IT,DE,MACHI,ELEC2,0.27,47867.329,4,4,47867.325,0.0,0.0,0.0,0.004,177286.403704
1799567,IT,WE,PRINT,HOTEL,0.46,47860.325,4,4,47860.321,0.0,0.0,0.0,0.004,104044.184783
1740304,IT,GB,PUBLI,PFERT,0.78,47859.813,4,4,47859.81,0.0,0.0,0.0,0.003,61358.734615
1669712,IT,ES,COMPU,PUBLI,0.55,47858.487,4,4,47858.484,0.0,0.0,0.0,0.003,87015.430909
1683185,IT,HR,GLASS,MACHI,0.13,47857.901,4,4,47857.898,0.0,0.0,0.0,0.003,368137.7
1646342,IT,BE,FABRI,TOBAC,0.19,47856.25,4,4,47856.247,0.0,0.0,0.0,0.003,251875.0
1783099,IT,NO,INSUR,BUSIN,0.99,47849.49,4,4,47849.488,0.0,0.0,0.0,0.002,48332.818182
1686035,IT,HU,BIODI,EDUCA,0.1,47849.254,4,4,47849.249,0.0,0.0,0.0,0.005,478492.54
1749346,IT,CN,PRINT,ELEC1,0.46,47848.922,4,4,47848.918,0.0,0.0,0.0,0.004,104019.395652
1814510,IT,WM,RESEA,ELEC2,0.26,47848.085,4,4,47848.082,0.0,0.0,0.0,0.003,184031.096154
1786571,IT,ZA,FURNI,SUPPO,0.15,47846.941,4,4,47846.937,0.0,0.0,0.0,0.004,318979.606667
1760939,IT,IN,HEAVY,CEMEN,0.08,47846.568,4,4,47846.564,0.0,0.0,0.0,0.004,598082.1
1752218,IT,CN,PUBLI,BUSIN,0.78,47843.327,4,4,47843.324,0.0,0.0,0.0,0.003,61337.598718
1794649,IT,WL,NAPHT,VEGE1,0.08,47843.189,4,4,47843.186,0.0,0.0,0.0,0.003,598039.8625
1737827,IT,GB,PARAF,GASDI,0.08,47843.058,4,4,47843.055,0.0,0.0,0.0,0.003,598038.225
1794221,IT,WL,PRINT,LANDT,0.46,47841.884,4,4,47841.88,0.0,0.0,0.0,0.004,104004.095652
1662117,IT,DK,RUBBE,PIGS9,0.16,47838.789,4,4,47838.785,0.0,0.0,0.0,0.004,298992.43125
1814003,IT,WM,SEACO,BASIC,0.05,47834.375,3,3,47834.375,0.0,0.0,0.0,0.0,956687.5
1769834,IT,AU,MACHI,PAPE4,0.27,47833.695,4,4,47833.691,0.0,0.0,0.0,0.004,177161.833333
1714827,IT,NL,FOOD5,CHEM1,0.23,47833.354,4,4,47833.35,0.0,0.0,0.0,0.004,207971.104348
1786476,IT,ZA,MOTO1,TRANS,0.25,47832.186,4,4,47832.183,0.0,0.0,0.0,0.003,191328.744
1654115,IT,CZ,OFFIC,REALE,0.15,47830.28,4,4,47830.277,0.0,0.0,0.0,0.003,318868.533333
1717570,IT,NL,COMPU,OFFIC,0.55,47830.177,4,4,47830.174,0.0,0.0,0.0,0.003,86963.958182
1803900,IT,WF,WEARI,TEXTI,0.36,47829.946,4,4,47829.937,0.0,0.0,0.0,0.009,132860.961111
1766714,IT,RU,FABRI,RECRE,0.19,47828.597,4,4,47828.594,0.0,0.0,0.0,0.003,251729.457895
1643342,IT,AT,RAILW,NONF1,0.32,47828.163,4,4,47828.161,0.0,0.0,0.0,0.002,149463.009375
1672655,IT,FR,CRUDE,CERAM,0.09,47825.548,4,4,47825.544,0.0,0.0,0.0,0.004,531394.977778
1652907,IT,CZ,KEROS,RAILW,0.07,47823.454,4,4,47823.45,0.0,0.0,0.0,0.004,683192.2
1716277,IT,NL,FABRI,SANDC,0.19,47820.394,4,4,47820.391,0.0,0.0,0.0,0.003,251686.284211
1763665,IT,MX,RUBBE,MOTOR,0.16,47820.359,4,4,47820.355,0.0,0.0,0.0,0.004,298877.24375
1689479,IT,IE,HOTEL,EDUCA,0.35,47814.987,4,4,47814.983,0.0,0.0,0.0,0.004,136614.248571
1769308,IT,AU,RUBBE,FOOD1,0.16,47814.365,4,4,47814.361,0.0,0.0,0.0,0.004,298839.78125
1730654,IT,SE,RENTI,SEACO,0.29,47813.158,4,4,47813.155,0.0,0.0,0.0,0.003,164872.958621
1759276,IT,BR,POSTT,FABRI,0.79,47810.429,4,4,47810.425,0.0,0.0,0.0,0.004,60519.53038
1722340,IT,PT,FORES,SECO9,0.42,47810.05,4,4,47792.05,0.0,18.0,0.0,0.0,113833.452381
1725123,IT,RO,CHEMI,DIST1,0.11,47809.045,5,5,47807.041,0.0,0.0,2.0,0.004,434627.681818
1764235,IT,MX,MACHI,ADDIT,0.27,47804.52,4,4,47804.516,0.0,0.0,0.0,0.004,177053.777778
1810958,IT,WM,GASDI,PLAST,0.07,47804.125,4,4,47804.121,0.0,0.0,0.0,0.004,682916.071429
1684283,IT,HR,AIRTR,OFFIC,0.05,47800.653,4,4,47800.651,0.0,0.0,0.0,0.002,956013.06
1773526,IT,CH,MOTO1,GLASS,0.25,47794.895,4,4,47794.892,0.0,0.0,0.0,0.003,191179.58
1689529,IT,IE,SEACO,KERO1,0.05,47792.201,3,3,47792.201,0.0,0.0,0.0,0.0,955844.02
1658824,IT,DE,MOTO1,ELEC8,0.25,47791.258,4,4,47791.255,0.0,0.0,0.0,0.003,191165.032
1789610,IT,WA,RUBBE,LEADZ,0.16,47789.845,4,4,47789.841,0.0,0.0,0.0,0.004,298686.53125
1665096,IT,ES,VEGE1,PLAST,0.15,47788.474,4,4,47788.464,0.0,0.0,0.0,0.01,318589.826667
1735114,IT,SK,CHEM1,COMPU,0.1,47785.841,4,4,47785.836,0.0,0.0,0.0,0.005,477858.41
1784854,IT,ID,SEACO,RETA1,0.05,47783.841,3,3,47783.841,0.0,0.0,0.0,0.0,955676.82
1669276,IT,ES,FINAN,WEARI,0.62,47782.936,3,3,47782.936,0.0,0.0,0.0,0.0,77069.251613
1719306,IT,PL,CHEM1,AIRTR,0.1,47779.948,4,4,47779.943,0.0,0.0,0.0,0.005,477799.48
1802301,IT,WE,LANDT,RESEA,0.31,47777.811,4,4,47777.809,0.0,0.0,0.0,0.002,154121.970968
1774744,IT,CH,SUPPO,INLAN,0.34,47771.985,4,4,47771.983,0.0,0.0,0.0,0.002,140505.838235
1794481,IT,WL,GASDI,ALUM1,0.07,47771.87,4,4,47771.866,0.0,0.0,0.0,0.004,682455.285714
1649572,IT,BG,RUBBE,TRAN2,0.16,47770.283,4,4,47770.279,0.0,0.0,0.0,0.004,298564.26875
1721838,IT,PL,REALE,COPP1,2.02,47768.93,4,4,47768.927,0.0,0.0,0.0,0.003,23647.985149
1795017,IT,WL,ADDIT,ANIMA,0.11,47768.906,4,4,47768.902,0.0,0.0,0.0,0.004,434262.781818
1672019,IT,FI,SEACO,LANDT,0.05,47768.629,3,3,47768.629,0.0,0.0,0.0,0.0,955372.58
1645132,IT,BE,PRINT,DAIRY,0.46,47766.729,4,4,47766.725,0.0,0.0,0.0,0.004,103840.715217
1772295,IT,CH,PARAF,CHEM1,0.08,47762.956,4,4,47762.953,0.0,0.0,0.0,0.003,597036.95
1752586,IT,CA,FISH5,CHEM1,0.2,47759.772,4,4,47759.747,0.0,0.0,0.0,0.025,238798.86
1720651,IT,PL,MOTO1,COPP1,0.25,47758.364,4,4,47758.361,0.0,0.0,0.0,0.003,191033.456
1738544,IT,GB,FABRI,NATUR,0.19,47757.779,4,4,47757.776,0.0,0.0,0.0,0.003,251356.731579
1773770,IT,CH,ELEC2,BASIC,0.01,47757.408,4,4,47757.403,0.0,0.0,0.0,0.005,4775740.8
1642248,IT,AT,NONME,CHEM1,0.1,47754.591,4,4,47754.586,0.0,0.0,0.0,0.005,477545.91
1784873,IT,ID,AIRTR,MACHI,0.05,47752.333,4,4,47752.331,0.0,0.0,0.0,0.002,955046.66
1710454,IT,LT,LANDT,CEMEN,0.31,47750.577,4,4,47750.575,0.0,0.0,0.0,0.002,154034.119355
1740871,IT,US,DAIRY,CONST,0.19,47750.145,4,4,47750.142,0.0,0.0,0.0,0.003,251316.552632
1732628,IT,SI,GLASS,SECO9,0.13,47748.183,4,4,47748.18,0.0,0.0,0.0,0.003,367293.715385
1688898,IT,IE,COPP1,CHEM1,0.12,47747.141,4,4,47747.139,0.0,0.0,0.0,0.002,397892.841667
1809832,IT,WM,FOOD5,TRAN2,0.23,47743.509,4,4,47743.505,0.0,0.0,0.0,0.004,207580.473913
1657985,IT,DE,BASIC,SEWAG,0.05,47743.303,4,4,47743.3,0.0,0.0,0.0,0.003,954866.06
1661212,IT,DK,WHEAT,FOOD5,0.04,47741.516,3,3,47741.516,0.0,0.0,0.0,0.0,1193537.9
1749002,IT,CN,LEATH,GASDI,0.34,47735.762,4,4,47735.754,0.0,0.0,0.0,0.008,140399.3
1776782,IT,TR,NAPHT,CHEMI,0.08,47735.728,4,4,47735.725,0.0,0.0,0.0,0.003,596696.6
1769562,IT,AU,ALUM1,RENTI,0.08,47734.645,4,4,47734.641,0.0,0.0,0.0,0.004,596683.0625
1787319,IT,WA,CROPS,WEARI,0.38,47731.272,4,4,47731.269,0.0,0.0,0.0,0.003,125608.610526
1760978,IT,IN,NAPHT,FURNI,0.08,47730.258,4,4,47730.255,0.0,0.0,0.0,0.003,596628.225
1645924,IT,BE,CERAM,NAPHT,0.07,47726.898,4,4,47726.895,0.0,0.0,0.0,0.003,681812.828571
1669625,IT,ES,RENTI,COLLE,0.29,47725.988,4,4,47725.985,0.0,0.0,0.0,0.003,164572.372414
1775107,IT,CH,COMPU,CHEM1,0.54,47722.799,4,4,47722.796,0.0,0.0,0.0,0.003,88375.553704
1760194,IT,BR,PAPE4,BASIC,0.31,47722.268,4,4,47722.265,0.0,0.0,0.0,0.003,153942.8
1752349,IT,CA,MEAT4,LIQUE,0.26,47717.99,4,4,47717.987,0.0,0.0,0.0,0.003,183530.730769
1687083,IT,HU,MOTO1,RETA1,0.25,47716.86,4,4,47716.857,0.0,0.0,0.0,0.003,190867.44
1684295,IT,HR,AIRTR,POSTT,0.05,47715.59,4,4,47715.588,0.0,0.0,0.0,0.002,954311.8
1784449,IT,ID,BASIC,WHOLE,0.05,47712.952,4,4,47712.949,0.0,0.0,0.0,0.003,954259.04
1810500,IT,WM,PAPER,PROCE,0.18,47708.534,4,4,47708.529,0.0,0.0,0.0,0.005,265047.411111
1812798,IT,WM,FABRI,STONE,0.19,47707.0,4,4,47706.997,0.0,0.0,0.0,0.003,251089.473684
1713348,IT,MT,GASDI,DISTR,0.07,47702.747,4,4,47702.743,0.0,0.0,0.0,0.004,681467.814286
1725873,IT,RO,HEAVY,PROCE,0.08,47701.67,4,4,47701.666,0.0,0.0,0.0,0.004,596270.875
1762711,IT,IN,BUSIN,WOODW,0.49,47697.707,4,4,47697.704,0.0,0.0,0.0,0.003,97342.259184
1796794,IT,WL,LANDT,HEALT,0.31,47695.693,4,4,47695.691,0.0,0.0,0.0,0.002,153857.074194
1677306,IT,FR,FINAN,COLLE,0.62,47692.357,3,3,47692.357,0.0,0.0,0.0,0.0,76923.156452
1662233,IT,DK,GLASS,FURNI,0.13,47691.88,4,4,47691.877,0.0,0.0,0.0,0.003,366860.615385
1662111,IT,DK,CHEM1,PRIVA,0.1,47691.472,4,4,47691.467,0.0,0.0,0.0,0.005,476914.72
1642114,IT,AT,GLASS,RENTI,0.13,47690.286,4,4,47690.283,0.0,0.0,0.0,0.003,366848.353846
1716793,IT,NL,RETA1,INSUR,0.5,47689.985,4,4,47689.982,0.0,0.0,0.0,0.003,95379.97
1710715,IT,LU,FOOD5,DISTR,0.23,47686.051,4,4,47686.047,0.0,0.0,0.0,0.004,207330.656522
1645449,IT,BE,NAPHT,SUGA1,0.08,47685.927,4,4,47685.924,0.0,0.0,0.0,0.003,596074.0875
1807971,IT,WF,PLAS1,DISTR,0.17,47685.694,4,4,47685.691,0.0,0.0,0.0,0.003,280504.082353
1666096,IT,ES,GASDI,PULP5,0.07,47682.779,4,4,47682.775,0.0,0.0,0.0,0.004,681182.557143
1749375,IT,CN,PRINT,RESEA,0.46,47680.234,4,4,47680.23,0.0,0.0,0.0,0.004,103652.682609
1717963,IT,PL,SANDC,BIODI,0.11,47679.033,5,5,47669.031,0.0,0.0,10.0,0.002,433445.754545
1814254,IT,WM,POSTT,CHEM1,0.79,47674.953,4,4,47674.949,0.0,0.0,0.0,0.004,60348.041772
1654545,IT,CZ,HOTEL,RAILW,0.35,47674.133,4,4,47674.129,0.0,0.0,0.0,0.004,136211.808571
1804425,IT,WF,KERO1,PRECI,0.07,47674.066,4,4,47674.062,0.0,0.0,0.0,0.004,681058.085714
1723540,IT,PT,NONF1,BASIC,0.01,47673.509,3,3,47673.509,0.0,0.0,0.0,0.0,4767350.9
1725409,IT,RO,TEXTI,WHOLE,0.28,47672.309,4,4,47672.303,0.0,0.0,0.0,0.006,170258.246429
1786331,IT,ZA,MACHI,CROPS,0.27,47669.089,4,4,47669.085,0.0,0.0,0.0,0.004,176552.181481
1651840,IT,CY,LANDT,ELEC6,0.31,47666.505,4,4,47666.503,0.0,0.0,0.0,0.002,153762.919355
1689340,IT,IE,RETA1,RUBBE,0.5,47666.492,4,4,47666.489,0.0,0.0,0.0,0.003,95332.984
1715518,IT,NL,GASDI,PLAST,0.07,47665.009,4,4,47665.005,0.0,0.0,0.0,0.004,680928.7
1800051,IT,WE,LIQUE,GASDI,0.08,47659.817,4,4,47659.813,0.0,0.0,0.0,0.004,595747.7125
1786186,IT,ZA,PREC1,FURNI,0.08,47659.419,4,4,47659.417,0.0,0.0,0.0,0.002,595742.7375
1656716,IT,DE,MOTOR,FURNI,0.07,47658.63,4,4,47658.626,0.0,0.0,0.0,0.004,680837.571429
1645994,IT,BE,NONME,SANDC,0.1,47658.329,4,4,47658.324,0.0,0.0,0.0,0.005,476583.29
1713458,IT,MT,CHEM1,FURNI,0.1,47657.494,4,4,47657.489,0.0,0.0,0.0,0.005,476574.94
1799877,IT,WE,GASDI,MEDIC,0.07,47657.382,4,4,47657.378,0.0,0.0,0.0,0.004,680819.742857
1667245,IT,ES,PREC1,RETA1,0.08,47657.358,4,4,47657.356,0.0,0.0,0.0,0.002,595716.975
1755124,IT,KR,LEATH,BIODI,0.34,47655.435,4,4,47655.427,0.0,0.0,0.0,0.008,140163.044118
1760901,IT,IN,GASDI,FINAN,0.07,47653.409,4,4,47653.405,0.0,0.0,0.0,0.004,680762.985714
1645818,IT,BE,RUBBE,FOOD3,0.16,47652.143,4,4,47652.139,0.0,0.0,0.0,0.004,297825.89375
1766590,IT,RU,NONF1,DISTR,0.01,47649.636,3,3,47649.636,0.0,0.0,0.0,0.0,4764963.6
1640630,IT,AT,BEVER,PREC1,0.2,47646.94,4,4,47646.937,0.0,0.0,0.0,0.003,238234.7
1766534,IT,RU,COPP1,PFERT,0.12,47644.592,4,4,47644.59,0.0,0.0,0.0,0.002,397038.266667
1741759,IT,US,NONSP,HEAVY,0.06,47640.871,4,4,47640.868,0.0,0.0,0.0,0.003,794014.516667
1729817,IT,SE,MACHI,93197,0.27,47639.543,4,4,47639.539,0.0,0.0,0.0,0.004,176442.751852
1732480,IT,SI,CHEM1,RETA1,0.1,47633.824,4,4,47633.819,0.0,0.0,0.0,0.005,476338.24
1809184,IT,WM,MEATA,PFERT,0.26,47633.736,4,4,47633.729,0.0,0.0,0.0,0.007,183206.676923
1645646,IT,BE,CHEM1,STEAM,0.1,47633.4,4,4,47633.395,0.0,0.0,0.0,0.005,476334.0
1753965,IT,CA,LANDT,PFERT,0.31,47629.309,4,4,47629.307,0.0,0.0,0.0,0.002,153642.932258
1740669,IT,US,STONE,CEMEN,0.15,47628.877,5,5,47625.875,0.0,0.0,3.0,0.002,317525.846667
1743554,IT,US,HOTEL,BITUM,0.35,47626.75,4,4,47626.746,0.0,0.0,0.0,0.004,136076.428571
1756080,IT,KR,FABRI,ALUM1,0.19,47626.024,4,4,47626.021,0.0,0.0,0.0,0.003,250663.284211
1713025,IT,MT,MEATP,CHEM1,0.19,47617.884,4,4,47617.879,0.0,0.0,0.0,0.005,250620.442105
1764198,IT,MX,MACHI,MEAT4,0.27,47617.843,4,4,47617.839,0.0,0.0,0.0,0.004,176362.381481
1747513,IT,JP,SEACO,COMPU,0.05,47614.412,3,3,47614.412,0.0,0.0,0.0,0.0,952288.24
1723129,IT,PT,CHEM1,FOODW,0.1,47612.732,4,4,47612.727,0.0,0.0,0.0,0.005,476127.32
1782934,IT,NO,AIRTR,GASDI,0.05,47609.73,3,3,47609.73,0.0,0.0,0.0,0.0,952194.6
1810668,IT,WM,MOTOR,VEGE1,0.07,47608.718,4,4,47608.714,0.0,0.0,0.0,0.004,680124.542857
1800860,IT,WE,BASIC,RESEA,0.05,47607.552,4,4,47607.549,0.0,0.0,0.0,0.003,952151.04
1712389,IT,LV,GLASS,REALE,0.13,47604.375,4,4,47604.372,0.0,0.0,0.0,0.003,366187.5
1737185,IT,GB,DAIRY,CHEM1,0.19,47601.466,4,4,47601.463,0.0,0.0,0.0,0.003,250534.031579
1670427,IT,FI,FOOD5,LIQUI,0.23,47601.209,4,4,47601.205,0.0,0.0,0.0,0.004,206961.778261
1643006,IT,AT,CONST,NFERT,0.27,47600.873,4,4,47600.87,0.0,0.0,0.0,0.003,176299.52963
1814116,IT,WM,AIRTR,FOUND,0.05,47600.558,3,3,47600.558,0.0,0.0,0.0,0.0,952011.16
1732645,IT,SI,GLASS,AIRTR,0.13,47594.879,4,4,47594.876,0.0,0.0,0.0,0.003,366114.453846
1641978,IT,AT,RUBBE,GLASS,0.16,47590.603,4,4,47590.599,0.0,0.0,0.0,0.004,297441.26875
1675798,IT,FR,FURNI,PLAS1,0.15,47588.259,4,4,47588.255,0.0,0.0,0.0,0.004,317255.06
1657720,IT,DE,CEMEN,GLASS,0.08,47577.177,4,4,47577.175,0.0,0.0,0.0,0.002,594714.7125
1746535,IT,JP,NONME,FABRI,0.1,47574.915,4,4,47574.91,0.0,0.0,0.0,0.005,475749.15
1644684,IT,BE,BEVER,REFI1,0.2,47574.115,4,4,47574.112,0.0,0.0,0.0,0.003,237870.575
1668174,IT,ES,SALEM,AIRTR,0.38,47571.418,4,4,47571.415,0.0,0.0,0.0,0.003,125187.942105
1664314,IT,EE,NONF1,SALEM,0.01,47570.889,3,3,47570.889,0.0,0.0,0.0,0.0,4757088.9
1683881,IT,HR,TRANS,RUBBE,0.28,47569.854,4,4,47569.851,0.0,0.0,0.0,0.003,169892.335714
1810056,IT,WM,TEXTI,CERAM,0.28,47569.85,4,4,47569.844,0.0,0.0,0.0,0.006,169892.321429
1757021,IT,KR,BUSIN,PAPER,0.49,47568.803,4,4,47568.8,0.0,0.0,0.0,0.003,97079.189796
1791507,IT,WA,RETA1,RAWMI,0.5,47567.131,4,4,47567.128,0.0,0.0,0.0,0.003,95134.262
1764114,IT,MX,FABRI,LEAD1,0.19,47566.918,4,4,47566.915,0.0,0.0,0.0,0.003,250352.2
1763726,IT,MX,RUBBE,93197,0.16,47564.549,4,4,47564.545,0.0,0.0,0.0,0.004,297278.43125
1737554,IT,GB,PULP5,PRINT,0.15,47563.205,4,4,47563.201,0.0,0.0,0.0,0.004,317088.033333
1644689,IT,BE,BEVER,BIOGA,0.2,47561.708,4,4,47561.705,0.0,0.0,0.0,0.003,237808.54
1744352,IT,US,FINAN,PUBLI,0.62,47557.336,3,3,47557.336,0.0,0.0,0.0,0.0,76705.380645
1648557,IT,BG,CRUDE,CHEM1,0.09,47554.636,4,4,47554.632,0.0,0.0,0.0,0.004,528384.844444
1809298,IT,WM,STONE,TOBAC,0.15,47551.278,5,5,47548.276,0.0,0.0,3.0,0.002,317008.52
1719716,IT,PL,NONME,ELEC1,0.1,47545.156,4,4,47545.151,0.0,0.0,0.0,0.005,475451.56
1657664,IT,DE,CERAM,ELEC7,0.07,47543.701,4,4,47543.698,0.0,0.0,0.0,0.003,679195.728571
1737423,IT,GB,WEARI,CONST,0.36,47543.43,4,4,47543.421,0.0,0.0,0.0,0.009,132065.083333
1747303,IT,JP,WHOLE,SALEM,0.41,47541.12,4,4,47541.117,0.0,0.0,0.0,0.003,115953.95122
1712989,IT,MT,STONE,BUSIN,0.15,47540.88,5,5,47537.878,0.0,0.0,3.0,0.002,316939.2
1765480,IT,RU,WEARI,FOOD5,0.36,47540.099,4,4,47540.09,0.0,0.0,0.0,0.009,132055.830556
1749526,IT,CN,NONSP,NAPHT,0.06,47539.358,4,4,47539.355,0.0,0.0,0.0,0.003,792322.633333
1679123,IT,GR,PAPER,CEMEN,0.18,47539.227,4,4,47539.222,0.0,0.0,0.0,0.005,264106.816667
1656921,IT,DE,LIQUE,SANDC,0.08,47538.497,4,4,47538.493,0.0,0.0,0.0,0.004,594231.2125
1781753,IT,NO,PAPER,RENTI,0.18,47537.878,4,4,47537.873,0.0,0.0,0.0,0.005,264099.322222
1756060,IT,KR,FABRI,MOTOR,0.19,47534.678,4,4,47534.675,0.0,0.0,0.0,0.003,250182.515789
1759150,IT,BR,AIRTR,GASWO,0.05,47533.253,3,3,47533.253,0.0,0.0,0.0,0.0,950665.06
1683204,IT,HR,GLASS,REALE,0.13,47532.515,4,4,47532.512,0.0,0.0,0.0,0.003,365634.730769
1671032,IT,FI,RUBBE,TEXTI,0.16,47529.403,4,4,47529.399,0.0,0.0,0.0,0.004,297058.76875
1733151,IT,SI,FABRI,AIRTR,0.19,47527.575,4,4,47527.572,0.0,0.0,0.0,0.003,250145.131579
1740582,IT,US,MEATA,PUBLI,0.26,47526.468,4,4,47526.461,0.0,0.0,0.0,0.007,182794.107692
1742827,IT,US,FABRI,PAPE4,0.19,47523.42,4,4,47523.417,0.0,0.0,0.0,0.003,250123.263158
1669389,IT,ES,INSUR,TEXTI,0.98,47520.152,4,4,47520.15,0.0,0.0,0.0,0.002,48489.95102
1812531,IT,WM,ALUM1,NAPHT,0.08,47518.873,4,4,47518.869,0.0,0.0,0.0,0.004,593985.9125
1743119,IT,US,MOTO1,NONME,0.25,47516.482,4,4,47516.479,0.0,0.0,0.0,0.003,190065.928
1790812,IT,WA,MACHI,PREC1,0.27,47513.568,4,4,47513.564,0.0,0.0,0.0,0.004,175976.177778
1723926,IT,PT,FURNI,93197,0.15,47509.028,4,4,47509.024,0.0,0.0,0.0,0.004,316726.853333
1651228,IT,BG,BUSIN,RECRE,0.49,47508.511,4,4,47508.508,0.0,0.0,0.0,0.003,96956.144898
1801414,IT,WE,OFFIC,HEALT,0.15,47506.962,4,4,47506.959,0.0,0.0,0.0,0.003,316713.08
1770252,IT,AU,HOTEL,ETHAN,0.34,47505.793,4,4,47505.789,0.0,0.0,0.0,0.004,139722.920588
1770303,IT,AU,HOTEL,RETAI,0.34,47503.215,4,4,47503.211,0.0,0.0,0.0,0.004,139715.338235
1668924,IT,ES,AIRTR,FISHF,0.05,47503.076,3,3,47503.076,0.0,0.0,0.0,0.0,950061.52
1709841,IT,LT,RUBBE,INERT,0.16,47502.682,4,4,47502.678,0.0,0.0,0.0,0.004,296891.7625
1642655,IT,AT,FABRI,STEAM,0.19,47500.228,4,4,47500.225,0.0,0.0,0.0,0.003,250001.2
1681834,IT,HR,VEGE1,VEGE1,0.15,47497.684,4,4,47497.674,0.0,0.0,0.0,0.01,316651.226667
1777920,IT,TR,MACHI,COKEO,0.26,47496.313,4,4,47496.309,0.0,0.0,0.0,0.004,182678.126923
1679912,IT,GR,NONF1,CONST,0.01,47496.054,3,3,47496.054,0.0,0.0,0.0,0.0,4749605.4
1732222,IT,SI,HEAVY,HOTEL,0.08,47494.741,4,4,47494.737,0.0,0.0,0.0,0.004,593684.2625
1811735,IT,WM,ADDIT,WOODW,0.11,47492.718,4,4,47492.714,0.0,0.0,0.0,0.004,431751.981818
1648410,IT,BE,PRIVA,MOTOR,10.6,47490.604,4,4,47490.596,0.0,0.0,0.0,0.008,4480.24566
1684833,IT,HU,FISHF,BUSIN,0.08,47490.253,4,4,47490.251,0.0,0.0,0.0,0.002,593628.1625
1799451,IT,WE,PAPER,KEROS,0.18,47489.33,4,4,47489.325,0.0,0.0,0.0,0.005,263829.611111
1788232,IT,WA,LEATH,ALUMI,0.34,47482.164,4,4,47482.156,0.0,0.0,0.0,0.008,139653.423529
1669171,IT,ES,POSTT,BASIC,0.78,47480.807,4,4,47480.803,0.0,0.0,0.0,0.004,60872.829487
1787684,IT,WA,VEGE1,IRONO,0.15,47479.608,4,4,47479.598,0.0,0.0,0.0,0.01,316530.72
1641935,IT,AT,RUBBE,PIGS9,0.16,47479.438,4,4,47479.434,0.0,0.0,0.0,0.004,296746.4875
1744287,IT,US,POSTT,FOOD3,0.78,47476.094,4,4,47476.09,0.0,0.0,0.0,0.004,60866.787179
1796284,IT,WL,CONST,WHOLE,0.27,47472.93,4,4,47472.927,0.0,0.0,0.0,0.003,175825.666667
1771546,IT,CH,TEXTI,HEAVY,0.28,47470.323,4,4,47470.317,0.0,0.0,0.0,0.006,169536.867857
1645547,IT,BE,PLAST,FOOD3,0.1,47467.313,4,4,47467.308,0.0,0.0,0.0,0.005,474673.13
1721381,IT,PL,SEACO,BIODI,0.05,47465.423,3,3,47465.423,0.0,0.0,0.0,0.0,949308.46
1655876,IT,DE,DAIRY,CHEM1,0.19,47462.271,4,4,47462.268,0.0,0.0,0.0,0.003,249801.426316
1661096,IT,DE,PUBLI,BUSIN,0.78,47460.993,4,4,47460.99,0.0,0.0,0.0,0.003,60847.426923
1752398,IT,CA,VEGE1,COKEO,0.15,47460.948,4,4,47460.938,0.0,0.0,0.0,0.01,316406.32
1814586,IT,WM,BUSIN,FURNI,0.49,47458.075,4,4,47458.072,0.0,0.0,0.0,0.003,96853.214286
1685133,IT,HU,FOOD5,REALE,0.23,47456.971,4,4,47456.967,0.0,0.0,0.0,0.004,206334.656522
1797444,IT,WL,COMPU,HEALT,0.54,47456.576,4,4,47456.573,0.0,0.0,0.0,0.003,87882.548148
1710105,IT,LT,FABRI,REALE,0.19,47453.924,4,4,47453.921,0.0,0.0,0.0,0.003,249757.494737
1801658,IT,WE,FURNI,CHEM1,0.15,47453.518,4,4,47453.514,0.0,0.0,0.0,0.004,316356.786667
1799691,IT,WE,MOTOR,STEAM,0.07,47453.314,4,4,47453.31,0.0,0.0,0.0,0.004,677904.485714
1664056,IT,EE,CHEM1,FOOD5,0.1,47449.291,4,4,47449.286,0.0,0.0,0.0,0.005,474492.91
1763619,IT,MX,ADDIT,NAPHT,0.11,47448.482,4,4,47448.478,0.0,0.0,0.0,0.004,431349.836364
1689182,IT,IE,RETAI,FISHF,0.37,47445.588,4,4,47445.585,0.0,0.0,0.0,0.003,128231.318919
1750635,IT,CN,OFFIC,RECRE,0.15,47443.797,4,4,47443.794,0.0,0.0,0.0,0.003,316291.98
1725381,IT,RO,TEXTI,GASDI,0.28,47443.581,4,4,47443.575,0.0,0.0,0.0,0.006,169441.360714
1741577,IT,US,GASDI,NONME,0.07,47443.495,4,4,47443.491,0.0,0.0,0.0,0.004,677764.214286
1676467,IT,FR,RETA1,NONME,0.5,47443.055,4,4,47443.052,0.0,0.0,0.0,0.003,94886.11
1717999,IT,PL,CHEMI,COPPE,0.11,47442.923,5,5,47440.919,0.0,0.0,2.0,0.004,431299.3
1796880,IT,WL,SEACO,RETAI,0.05,47440.684,3,3,47440.684,0.0,0.0,0.0,0.0,948813.68
1715334,IT,NL,PAPER,93197,0.18,47438.562,4,4,47438.557,0.0,0.0,0.0,0.005,263547.566667
1802476,IT,WE,SUPPO,SEACO,0.34,47437.341,4,4,47437.339,0.0,0.0,0.0,0.002,139521.591176
1777857,IT,TR,FABRI,COMPU,0.19,47432.619,4,4,47432.616,0.0,0.0,0.0,0.003,249645.363158
1807339,IT,WF,POSTT,COMPU,0.78,47432.138,4,4,47432.134,0.0,0.0,0.0,0.004,60810.433333
1641478,IT,AT,GASDI,INTER,0.07,47426.624,4,4,47426.62,0.0,0.0,0.0,0.004,677523.2
1709746,IT,LT,CHEM1,BUSIN,0.1,47423.612,4,4,47423.607,0.0,0.0,0.0,0.005,474236.12
1809060,IT,WM,OILSE,FOOD5,0.03,47422.919,4,4,47422.917,0.0,0.0,0.0,0.002,1580763.966667
1781015,IT,TW,BUSIN,RETAI,0.49,47421.598,4,4,47421.595,0.0,0.0,0.0,0.003,96778.771429
1785298,IT,ZA,WEARI,HEALT,0.36,47420.797,4,4,47420.788,0.0,0.0,0.0,0.009,131724.436111
1796896,IT,WL,SEACO,COMPU,0.05,47420.003,3,3,47420.003,0.0,0.0,0.0,0.0,948400.06
1660128,IT,DE,AIRTR,SEWAG,0.05,47414.778,3,3,47414.778,0.0,0.0,0.0,0.0,948295.56
1799350,IT,WE,WOODW,AUXIL,0.13,47414.045,4,4,47414.042,0.0,0.0,0.0,0.003,364723.423077
1649874,IT,BG,NONF1,ALUM1,0.01,47414.02,3,3,47414.02,0.0,0.0,0.0,0.0,4741402.0
1648036,IT,BE,COMPU,OFFIC,0.54,47411.941,4,4,47411.938,0.0,0.0,0.0,0.003,87799.890741
1741050,IT,US,TEXTI,PLAST,0.28,47409.583,4,4,47409.577,0.0,0.0,0.0,0.006,169319.939286
1809169,IT,WM,CATTL,FINAN,0.1,47408.304,5,5,47407.301,0.0,1.0,0.0,0.003,474083.04
1682827,IT,HR,HEAVY,POSTT,0.08,47404.809,4,4,47404.805,0.0,0.0,0.0,0.004,592560.1125
1807049,IT,WF,TRAN2,REALE,0.07,47401.807,3,3,47401.807,0.0,0.0,0.0,0.0,677168.671429
1789134,IT,WA,NONSP,WHOLE,0.06,47399.939,4,4,47399.936,0.0,0.0,0.0,0.003,789998.983333
1791474,IT,WA,WHOLE,LANDT,0.41,47396.492,4,4,47396.489,0.0,0.0,0.0,0.003,115601.2
1659939,IT,DE,TRAN2,RAILW,0.07,47395.962,3,3,47395.962,0.0,0.0,0.0,0.0,677085.171429
1657918,IT,DE,BASIC,LIQUI,0.05,47395.152,4,4,47395.149,0.0,0.0,0.0,0.003,947903.04
1758278,IT,BR,ALUM1,LIQUI,0.08,47390.17,4,4,47390.166,0.0,0.0,0.0,0.004,592377.125
1761458,IT,IN,PREC1,WOODW,0.08,47388.76,4,4,47388.758,0.0,0.0,0.0,0.002,592359.5
1782302,IT,NO,COPP1,CONST,0.12,47381.005,4,4,47381.003,0.0,0.0,0.0,0.002,394841.708333
1657592,IT,DE,GLASS,TRAN1,0.13,47379.412,4,4,47379.409,0.0,0.0,0.0,0.003,364457.015385
1804270,IT,WF,MOTOR,STONE,0.07,47379.071,4,4,47379.067,0.0,0.0,0.0,0.004,676843.871429
1722190,IT,PL,PUBLI,BASIC,0.78,47378.423,4,4,47378.42,0.0,0.0,0.0,0.003,60741.567949
1655781,IT,DE,MEAT4,FOOD5,0.26,47376.722,4,4,47376.719,0.0,0.0,0.0,0.003,182218.161538
1716757,IT,NL,RETA1,CEMEN,0.49,47375.221,4,4,47375.218,0.0,0.0,0.0,0.003,96684.12449
1807536,IT,WF,RENTI,SALEM,0.28,47374.162,4,4,47374.159,0.0,0.0,0.0,0.003,169193.435714
1664166,IT,EE,RUBBE,BUSIN,0.16,47369.468,4,4,47369.464,0.0,0.0,0.0,0.004,296059.175
1670274,IT,FI,VEGET,HEALT,0.17,47365.279,4,4,47365.277,0.0,0.0,0.0,0.002,278619.288235
1801748,IT,WE,ELEC2,LIQUE,0.01,47364.16,4,4,47364.155,0.0,0.0,0.0,0.005,4736416.0
1747198,IT,JP,CONST,INSUR,0.26,47362.081,4,4,47362.078,0.0,0.0,0.0,0.003,182161.85
1768085,IT,RU,BUSIN,DISTR,0.49,47360.717,4,4,47360.714,0.0,0.0,0.0,0.003,96654.52449
1662282,IT,DK,CEMEN,FURNI,0.08,47360.514,4,4,47360.512,0.0,0.0,0.0,0.002,592006.425
1730055,IT,SE,WHOLE,COMPU,0.41,47359.589,4,4,47359.586,0.0,0.0,0.0,0.003,115511.192683
1760210,IT,BR,PLAS2,CONST,0.39,47356.236,4,4,47356.233,0.0,0.0,0.0,0.003,121426.246154
1658543,IT,DE,MACHI,MEAT1,0.26,47355.912,4,4,47355.908,0.0,0.0,0.0,0.004,182138.123077
1749271,IT,CN,PAPER,ELEC4,0.18,47355.092,4,4,47355.087,0.0,0.0,0.0,0.005,263083.844444
1814107,IT,WM,AIRTR,BRICK,0.05,47354.889,3,3,47354.889,0.0,0.0,0.0,0.0,947097.78
1717964,IT,PL,SANDC,RUBBE,0.11,47354.74,5,5,47344.738,0.0,0.0,10.0,0.002,430497.636364
1677110,IT,FR,SUPPO,FOODW,0.34,47354.037,4,4,47354.035,0.0,0.0,0.0,0.002,139276.579412
1744727,IT,US,RESEA,FORES,0.26,47353.544,4,4,47353.541,0.0,0.0,0.0,0.003,182129.015385
1761147,IT,IN,CHEM1,CEMEN,0.1,47352.425,4,4,47352.42,0.0,0.0,0.0,0.005,473524.25
1787274,IT,WA,VEGET,WHOLE,0.17,47341.897,4,4,47341.895,0.0,0.0,0.0,0.002,278481.747059
1688737,IT,IE,CHEM1,93197,0.1,47341.643,4,4,47341.638,0.0,0.0,0.0,0.005,473416.43
1677014,IT,FR,SUPPO,CATTL,0.34,47339.256,4,4,47339.254,0.0,0.0,0.0,0.002,139233.105882
1651210,IT,BG,BUSIN,LANDT,0.49,47339.247,4,4,47339.244,0.0,0.0,0.0,0.003,96610.708163
1763491,IT,MX,PLAST,BUSIN,0.1,47336.619,4,4,47336.614,0.0,0.0,0.0,0.005,473366.19
1641040,IT,AT,PULP5,BUSIN,0.14,47336.175,4,4,47336.171,0.0,0.0,0.0,0.004,338115.535714
1803494,IT,WF,VEGE1,ANIMA,0.15,47333.262,4,4,47333.252,0.0,0.0,0.0,0.01,315555.08
1813273,IT,WM,TRANS,FABRI,0.28,47330.338,4,4,47330.335,0.0,0.0,0.0,0.003,169036.921429
1649190,IT,BG,PRINT,SUPPO,0.45,47330.148,4,4,47330.144,0.0,0.0,0.0,0.004,105178.106667
1757434,IT,BR,PAPER,MEATC,0.18,47329.024,4,4,47329.019,0.0,0.0,0.0,0.005,262939.022222
1674141,IT,FR,HEAVY,COPP1,0.08,47326.002,4,4,47325.998,0.0,0.0,0.0,0.004,591575.025
1669821,IT,ES,BUSIN,TRAN2,0.49,47325.036,4,4,47325.033,0.0,0.0,0.0,0.003,96581.706122
1735624,IT,SK,COPP1,FURNI,0.12,47323.434,4,4,47323.432,0.0,0.0,0.0,0.002,394361.95
1795103,IT,WL,RUBBE,PROCE,0.16,47313.528,4,4,47313.524,0.0,0.0,0.0,0.004,295709.55
1785488,IT,ZA,MOTOR,OILSE,0.07,47312.597,4,4,47312.593,0.0,0.0,0.0,0.004,675894.242857
1764701,IT,MX,HOTEL,LEATH,0.34,47305.015,4,4,47305.011,0.0,0.0,0.0,0.004,139132.397059
1653627,IT,CZ,ALUM1,WOODW,0.08,47301.562,4,4,47301.558,0.0,0.0,0.0,0.004,591269.525
1656486,IT,DE,PAPER,TOBAC,0.18,47300.288,4,4,47300.283,0.0,0.0,0.0,0.005,262779.377778
1688448,IT,IE,TEXTI,CHEM1,0.28,47299.333,4,4,47299.327,0.0,0.0,0.0,0.006,168926.189286
1758053,IT,BR,RUBBE,EDUCA,0.16,47298.986,4,4,47298.982,0.0,0.0,0.0,0.004,295618.6625
1786029,IT,ZA,GLASS,HEALT,0.13,47298.851,4,4,47298.848,0.0,0.0,0.0,0.003,363837.315385
1737608,IT,GB,PAPER,BIOGA,0.18,47295.104,4,4,47295.099,0.0,0.0,0.0,0.005,262750.577778
1806022,IT,WF,COPP1,OFFIC,0.12,47286.01,4,4,47286.008,0.0,0.0,0.0,0.002,394050.083333
1651956,IT,CY,BUSIN,WHOLE,0.49,47284.825,4,4,47284.822,0.0,0.0,0.0,0.003,96499.642857
1669144,IT,ES,POSTT,PRINT,0.78,47281.356,4,4,47281.352,0.0,0.0,0.0,0.004,60617.123077
1769548,IT,AU,ALUM1,RADIO,0.08,47277.607,4,4,47277.603,0.0,0.0,0.0,0.004,590970.0875
1803110,IT,WF,VEGET,FOOD5,0.17,47276.957,4,4,47276.955,0.0,0.0,0.0,0.002,278099.747059
1729017,IT,SE,RUBBE,COPPE,0.16,47273.064,4,4,47273.06,0.0,0.0,0.0,0.004,295456.65
1730302,IT,SE,AIRTR,FABRI,0.05,47271.706,3,3,47271.706,0.0,0.0,0.0,0.0,945434.12
1796791,IT,WL,LANDT,BUSIN,0.3,47269.684,4,4,47269.682,0.0,0.0,0.0,0.002,157565.613333
1801136,IT,WE,FABRI,SUGAR,0.19,47267.938,4,4,47267.935,0.0,0.0,0.0,0.003,248778.621053
1766326,IT,RU,NONME,FABRI,0.1,47264.595,4,4,47264.59,0.0,0.0,0.0,0.005,472645.95
1771406,IT,CH,FOOD5,MACHI,0.23,47262.63,4,4,47262.626,0.0,0.0,0.0,0.004,205489.695652
1648399,IT,BE,RECRE,BUSIN,0.6,47262.019,4,4,47262.016,0.0,0.0,0.0,0.003,78770.031667
1640451,IT,AT,VEGE1,COMPU,0.15,47256.991,4,4,47256.981,0.0,0.0,0.0,0.01,315046.606667
1652990,IT,CZ,PLAST,RAWMI,0.1,47254.03,4,4,47254.025,0.0,0.0,0.0,0.005,472540.3
1794575,IT,WL,HEAVY,CHEM1,0.08,47251.636,4,4,47251.632,0.0,0.0,0.0,0.004,590645.45
1775765,IT,TR,CRUDE,PFERT,0.09,47250.545,4,4,47250.541,0.0,0.0,0.0,0.004,525006.055556
1644051,IT,AT,BUSIN,PREC1,0.49,47246.779,4,4,47246.776,0.0,0.0,0.0,0.003,96421.997959
1734707,IT,SK,LEATH,RUBBE,0.34,47246.554,4,4,47246.546,0.0,0.0,0.0,0.008,138960.452941
1729014,IT,SE,RUBBE,FORES,0.16,47243.591,4,4,47243.587,0.0,0.0,0.0,0.004,295272.44375
1781567,IT,NO,WEARI,CRUDE,0.36,47242.58,4,4,47242.571,0.0,0.0,0.0,0.009,131229.388889
1724102,IT,PT,WHOLE,RECRE,0.41,47241.642,4,4,47241.639,0.0,0.0,0.0,0.003,115223.517073
1729887,IT,SE,TRANS,HOTEL,0.28,47240.953,4,4,47240.95,0.0,0.0,0.0,0.003,168717.689286
1646242,IT,BE,LEAD1,RUBBE,0.08,47237.908,4,4,47237.904,0.0,0.0,0.0,0.004,590473.85
1727721,IT,RO,COMPU,WHOLE,0.54,47235.85,4,4,47235.847,0.0,0.0,0.0,0.003,87473.796296
1751612,IT,CN,POSTT,SUPPO,0.78,47232.995,4,4,47232.991,0.0,0.0,0.0,0.004,60555.121795
1799681,IT,WE,MOTOR,ELEC1,0.07,47229.136,4,4,47229.132,0.0,0.0,0.0,0.004,674701.942857
1712202,IT,LV,PAPER,RAWMI,0.18,47228.634,4,4,47228.629,0.0,0.0,0.0,0.005,262381.3
1809275,IT,WM,CRUDE,LANDT,0.09,47226.624,4,4,47226.62,0.0,0.0,0.0,0.004,524740.266667
1748689,IT,CN,FOOD5,FISH5,0.23,47226.604,4,4,47226.6,0.0,0.0,0.0,0.004,205333.06087
1681533,IT,GR,BUSIN,CHEM1,0.49,47225.485,4,4,47225.482,0.0,0.0,0.0,0.003,96378.540816
1676371,IT,FR,WHOLE,MOTOR,0.41,47220.616,4,4,47220.613,0.0,0.0,0.0,0.003,115172.234146
1795628,IT,WL,FABRI,PROCE,0.19,47218.846,4,4,47218.843,0.0,0.0,0.0,0.003,248520.242105
1795287,IT,WL,BRICK,CHEM1,0.07,47216.846,4,4,47216.843,0.0,0.0,0.0,0.003,674526.371429
1682438,IT,HR,PAPER,MEDIC,0.18,47207.774,4,4,47207.769,0.0,0.0,0.0,0.005,262265.411111
1685824,IT,HU,CHEM1,SUGAR,0.1,47205.848,4,4,47205.843,0.0,0.0,0.0,0.005,472058.48
1731077,IT,SI,VEGET,REALE,0.17,47205.284,4,4,47205.282,0.0,0.0,0.0,0.002,277678.141176
1739166,IT,GB,RETA1,PULP5,0.49,47200.892,4,4,47200.889,0.0,0.0,0.0,0.003,96328.35102
1765861,IT,RU,NONSP,NATUR,0.06,47197.707,4,4,47197.704,0.0,0.0,0.0,0.003,786628.45
1676428,IT,FR,WHOLE,93197,0.41,47196.957,4,4,47196.954,0.0,0.0,0.0,0.003,115114.529268
1725600,IT,RO,WOODW,TRANS,0.13,47193.641,4,4,47193.638,0.0,0.0,0.0,0.003,363028.007692
1643102,IT,AT,WHOLE,DISTR,0.41,47191.056,4,4,47191.053,0.0,0.0,0.0,0.003,115100.136585
1766624,IT,RU,FABRI,LEATH,0.19,47186.783,4,4,47186.78,0.0,0.0,0.0,0.003,248351.489474
1752800,IT,CA,PAPER,DAIRY,0.18,47185.152,4,4,47185.147,0.0,0.0,0.0,0.005,262139.733333
1712786,IT,LV,TRAN2,RETAI,0.07,47179.828,3,3,47179.828,0.0,0.0,0.0,0.0,673997.542857
1656730,IT,DE,MOTOR,RETA1,0.07,47179.749,4,4,47179.745,0.0,0.0,0.0,0.004,673996.414286
1766296,IT,RU,CERAM,93197,0.07,47179.594,4,4,47179.591,0.0,0.0,0.0,0.003,673994.2
1755405,IT,KR,GASDI,WHOLE,0.07,47179.302,4,4,47179.298,0.0,0.0,0.0,0.004,673990.028571
1743953,IT,US,INLAN,FINAN,0.08,47178.834,4,4,47178.831,0.0,0.0,0.0,0.003,589735.425
1804102,IT,WF,PAPER,PRECI,0.18,47175.748,4,4,47175.743,0.0,0.0,0.0,0.005,262087.488889
1675621,IT,FR,MOTO1,AUXIL,0.25,47168.679,4,4,47168.676,0.0,0.0,0.0,0.003,188674.716
1809430,IT,WM,CHEMI,FABRI,0.11,47166.34,5,5,47164.336,0.0,0.0,2.0,0.004,428784.909091
1663995,IT,EE,PAPER,HEALT,0.18,47165.347,4,4,47165.342,0.0,0.0,0.0,0.005,262029.705556
1785384,IT,ZA,PAPER,MEAT1,0.18,47164.077,4,4,47164.072,0.0,0.0,0.0,0.005,262022.65
1807217,IT,WF,SUPPO,CRUDE,0.34,47162.481,4,4,47162.479,0.0,0.0,0.0,0.002,138713.179412
1656342,IT,DE,WOODW,BKBPE,0.13,47162.346,4,4,47162.343,0.0,0.0,0.0,0.003,362787.276923
1709870,IT,LT,GLASS,SUPPO,0.13,47161.284,4,4,47161.281,0.0,0.0,0.0,0.003,362779.107692
1758701,IT,BR,RETAI,POULT,0.37,47157.379,4,4,47157.376,0.0,0.0,0.0,0.003,127452.375676
1761970,IT,IN,FURNI,RENTI,0.15,47155.594,4,4,47155.59,0.0,0.0,0.0,0.004,314370.626667
1769565,IT,AU,ALUM1,BUSIN,0.08,47154.8,4,4,47154.796,0.0,0.0,0.0,0.004,589435.0
1807025,IT,WF,LANDT,COMPU,0.3,47154.337,4,4,47154.335,0.0,0.0,0.0,0.002,157181.123333
1765384,IT,RU,BEVER,PUBLI,0.2,47146.865,4,4,47146.862,0.0,0.0,0.0,0.003,235734.325
1773633,IT,CH,TRANS,RESEA,0.28,47146.578,4,4,47146.575,0.0,0.0,0.0,0.003,168380.635714
1650823,IT,BG,LANDT,PULP5,0.3,47146.335,4,4,47146.333,0.0,0.0,0.0,0.002,157154.45
1648463,IT,BG,VEGET,PAPER,0.17,47145.567,4,4,47145.565,0.0,0.0,0.0,0.002,277326.864706
1648708,IT,BG,FOOD5,WEARI,0.23,47144.202,4,4,47144.198,0.0,0.0,0.0,0.004,204974.791304
1801083,IT,WE,COPP1,MEDIC,0.12,47144.062,4,4,47144.06,0.0,0.0,0.0,0.002,392867.183333
1755589,IT,KR,CHEM1,INSUR,0.1,47142.453,4,4,47142.448,0.0,0.0,0.0,0.005,471424.53
1648780,IT,BG,BEVER,GLASS,0.2,47135.881,4,4,47135.878,0.0,0.0,0.0,0.003,235679.405
1667695,IT,ES,MACHI,RETAI,0.26,47130.65,4,4,47130.646,0.0,0.0,0.0,0.004,181271.730769
1675927,IT,FR,ELEC2,PAPE1,0.01,47130.4,4,4,47130.395,0.0,0.0,0.0,0.005,4713040.0
1790805,IT,WA,MACHI,RUBBE,0.26,47124.348,4,4,47124.344,0.0,0.0,0.0,0.004,181247.492308
1782249,IT,NO,ALUM1,PLAST,0.08,47123.735,4,4,47123.731,0.0,0.0,0.0,0.004,589046.6875
1801493,IT,WE,MOTO1,FOUND,0.25,47121.783,4,4,47121.78,0.0,0.0,0.0,0.003,188487.132
1781980,IT,NO,RUBBE,FOOD5,0.16,47120.118,4,4,47120.114,0.0,0.0,0.0,0.004,294500.7375
1786753,IT,ZA,RETA1,HEALT,0.49,47119.908,4,4,47119.905,0.0,0.0,0.0,0.003,96163.077551
1714845,IT,NL,FOOD5,CONST,0.23,47119.162,4,4,47119.158,0.0,0.0,0.0,0.004,204865.921739
1755409,IT,KR,GASDI,SEACO,0.07,47117.927,4,4,47117.923,0.0,0.0,0.0,0.004,673113.242857
1710912,IT,LU,LIQUE,FINAN,0.08,47116.009,4,4,47116.005,0.0,0.0,0.0,0.004,588950.1125
1663504,IT,DK,RENTI,HOTEL,0.28,47115.446,4,4,47115.443,0.0,0.0,0.0,0.003,168269.45
1668069,IT,ES,FURNI,RESEA,0.15,47104.97,4,4,47104.966,0.0,0.0,0.0,0.004,314033.133333
1775575,IT,CH,RECRE,PRINT,0.6,47104.284,4,4,47104.281,0.0,0.0,0.0,0.003,78507.14
1775923,IT,TR,FOOD5,FISH5,0.23,47102.519,4,4,47102.515,0.0,0.0,0.0,0.004,204793.56087
1750211,IT,CN,LEAD1,NONME,0.08,47101.995,4,4,47101.991,0.0,0.0,0.0,0.004,588774.9375
1806027,IT,WF,COPP1,ELEC2,0.12,47099.58,4,4,47099.578,0.0,0.0,0.0,0.002,392496.5
1656219,IT,DE,TEXTI,SEACO,0.28,47097.073,4,4,47097.067,0.0,0.0,0.0,0.006,168203.832143
1662077,IT,DK,CHEM1,COPP1,0.1,47095.846,4,4,47095.841,0.0,0.0,0.0,0.005,470958.46
1805155,IT,WF,CHEM1,VEGET,0.1,47094.398,4,4,47094.393,0.0,0.0,0.0,0.005,470943.98
1734987,IT,SK,NONSP,GASDI,0.06,47094.032,4,4,47094.029,0.0,0.0,0.0,0.003,784900.533333
1735539,IT,SK,ALUM1,MOTOR,0.08,47092.143,4,4,47092.139,0.0,0.0,0.0,0.004,588651.7875
1736419,IT,SK,LANDT,OFFIC,0.3,47090.675,4,4,47090.673,0.0,0.0,0.0,0.002,156968.916667
1711081,IT,LU,ALUM1,RUBBE,0.08,47090.652,4,4,47090.648,0.0,0.0,0.0,0.004,588633.15
1757733,IT,BR,NAPHT,FURNI,0.08,47090.411,4,4,47090.408,0.0,0.0,0.0,0.003,588630.1375
1672631,IT,FR,CRUDE,COKEO,0.09,47090.242,4,4,47090.238,0.0,0.0,0.0,0.004,523224.911111
1774494,IT,CH,LANDT,TRANS,0.3,47088.991,4,4,47088.989,0.0,0.0,0.0,0.002,156963.303333
1750284,IT,CN,NONF1,TOBAC,0.01,47088.619,3,3,47088.619,0.0,0.0,0.0,0.0,4708861.9
1768429,IT,AU,DAIRY,MEATA,0.19,47083.991,4,4,47083.988,0.0,0.0,0.0,0.003,247810.478947
1712245,IT,LV,PAPER,PUBLI,0.18,47082.98,4,4,47082.975,0.0,0.0,0.0,0.005,261572.111111
1673710,IT,FR,PAPER,HEAVY,0.18,47079.522,4,4,47079.517,0.0,0.0,0.0,0.005,261552.9
1726453,IT,RO,FABRI,NONME,0.19,47077.798,4,4,47077.795,0.0,0.0,0.0,0.003,247777.884211
1743527,IT,US,RETA1,RESEA,0.49,47075.577,4,4,47075.574,0.0,0.0,0.0,0.003,96072.606122
1799041,IT,WE,TEXTI,LEAD1,0.28,47074.727,4,4,47074.721,0.0,0.0,0.0,0.006,168124.025
1678520,IT,GR,CEREA,POULT,0.08,47074.023,4,4,47074.02,0.0,0.0,0.0,0.003,588425.2875
1721459,IT,PL,AIRTR,RAILW,0.05,47072.251,3,3,47072.251,0.0,0.0,0.0,0.0,941445.02
1645993,IT,BE,NONME,STONE,0.1,47072.229,4,4,47072.224,0.0,0.0,0.0,0.005,470722.29
1766598,IT,RU,FABRI,POULT,0.19,47069.867,4,4,47069.864,0.0,0.0,0.0,0.003,247736.142105
1646893,IT,BE,WHOLE,HEAVY,0.41,47066.883,4,4,47066.88,0.0,0.0,0.0,0.003,114797.27561
1716332,IT,NL,FABRI,RETA1,0.19,47066.331,4,4,47066.328,0.0,0.0,0.0,0.003,247717.531579
1765691,IT,RU,PAPER,ELECT,0.18,47065.437,4,4,47065.432,0.0,0.0,0.0,0.005,261474.65
1712533,IT,LV,FABRI,SUPPO,0.19,47065.238,4,4,47065.235,0.0,0.0,0.0,0.003,247711.778947
1735381,IT,SK,NONME,WHOLE,0.1,47063.261,4,4,47063.256,0.0,0.0,0.0,0.005,470632.61
1801755,IT,WE,ELEC2,WHOLE,0.01,47062.967,4,4,47062.962,0.0,0.0,0.0,0.005,4706296.7
1683243,IT,HR,CERAM,ELECT,0.07,47058.151,4,4,47058.148,0.0,0.0,0.0,0.003,672259.3
1650217,IT,BG,TRANS,HEALT,0.28,47056.177,4,4,47056.174,0.0,0.0,0.0,0.003,168057.775
1674377,IT,FR,CHEM1,ELEC1,0.1,47055.915,4,4,47055.91,0.0,0.0,0.0,0.005,470559.15
1810701,IT,WM,MOTOR,CHARC,0.07,47055.461,4,4,47055.457,0.0,0.0,0.0,0.004,672220.871429
1748752,IT,CN,BEVER,REALE,0.2,47051.296,4,4,47051.293,0.0,0.0,0.0,0.003,235256.48
1743342,IT,US,SALEM,OILSE,0.38,47049.881,4,4,47049.878,0.0,0.0,0.0,0.003,123815.476316
1738505,IT,GB,NONF1,PAPER,0.01,47047.144,3,3,47047.144,0.0,0.0,0.0,0.0,4704714.4
1746007,IT,JP,PAPER,RUBBE,0.18,47046.329,4,4,47046.324,0.0,0.0,0.0,0.005,261368.494444
1681712,IT,HR,FISHF,BEVER,0.08,47046.071,4,4,47046.069,0.0,0.0,0.0,0.002,588075.8875
1640192,IT,AT,OILSE,BIOGA,0.03,47045.724,4,4,47045.722,0.0,0.0,0.0,0.002,1568190.8
1798272,IT,WE,OILSE,TRANS,0.03,47044.936,4,4,47044.934,0.0,0.0,0.0,0.002,1568164.533333
1757954,IT,BR,ADDIT,PFERT,0.11,47041.158,4,4,47041.154,0.0,0.0,0.0,0.004,427646.890909
1657834,IT,DE,NONME,SUPPO,0.1,47039.376,4,4,47039.371,0.0,0.0,0.0,0.005,470393.76
1774570,IT,CH,SEACO,KEROS,0.05,47036.629,3,3,47036.629,0.0,0.0,0.0,0.0,940732.58
1723444,IT,PT,PREC1,MACHI,0.08,47035.487,4,4,47035.485,0.0,0.0,0.0,0.002,587943.5875
1789641,IT,WA,RUBBE,NAPHT,0.16,47034.847,4,4,47034.843,0.0,0.0,0.0,0.004,293967.79375
1655667,IT,DE,CHEMI,PFERT,0.11,47032.82,5,5,47030.816,0.0,0.0,2.0,0.004,427571.090909
1689687,IT,IE,POSTT,AUXIL,0.77,47023.546,4,4,47023.542,0.0,0.0,0.0,0.004,61069.54026
1795624,IT,WL,FABRI,MEAT1,0.19,47022.097,4,4,47022.094,0.0,0.0,0.0,0.003,247484.721053
1662890,IT,DK,WHOLE,SALEM,0.41,47021.429,4,4,47021.426,0.0,0.0,0.0,0.003,114686.412195
1797034,IT,WL,SUPPO,FISH5,0.34,47020.333,4,4,47020.331,0.0,0.0,0.0,0.002,138295.097059
1753245,IT,CA,CERAM,AUXIL,0.07,47020.191,4,4,47020.188,0.0,0.0,0.0,0.003,671717.014286
1735074,IT,SK,CHEM1,PLAST,0.1,47019.834,4,4,47019.829,0.0,0.0,0.0,0.005,470198.34
1785250,IT,ZA,TEXTI,RUBBE,0.28,47018.606,4,4,47018.6,0.0,0.0,0.0,0.006,167923.592857
1658682,IT,DE,OFFIC,PAPER,0.15,47016.82,4,4,47016.817,0.0,0.0,0.0,0.003,313445.466667
1717274,IT,NL,POSTT,HOTEL,0.77,47007.292,4,4,47007.288,0.0,0.0,0.0,0.004,61048.431169
1742786,IT,US,FABRI,DISTR,0.19,47007.072,4,4,47007.069,0.0,0.0,0.0,0.003,247405.642105
1643400,IT,AT,LANDT,MEAT1,0.3,46997.219,4,4,46997.217,0.0,0.0,0.0,0.002,156657.396667
1786516,IT,ZA,TRANS,DISTR,0.28,46989.579,4,4,46989.576,0.0,0.0,0.0,0.003,167819.925
1720921,IT,PL,SALEM,HEALT,0.38,46989.462,4,4,46989.459,0.0,0.0,0.0,0.003,123656.478947
1811292,IT,WM,BITU1,BITU1,0.07,46986.291,4,4,46986.287,0.0,0.0,0.0,0.004,671232.728571
1682871,IT,HR,NAPHT,PIGS9,0.08,46985.411,4,4,46985.408,0.0,0.0,0.0,0.003,587317.6375
1662600,IT,DK,FABRI,SUPPO,0.19,46981.291,4,4,46981.288,0.0,0.0,0.0,0.003,247269.952632
1813290,IT,WM,TRANS,RETAI,0.28,46981.052,4,4,46981.049,0.0,0.0,0.0,0.003,167789.471429
1755769,IT,KR,GLASS,RESEA,0.13,46977.277,4,4,46977.274,0.0,0.0,0.0,0.003,361363.669231
1768921,IT,AU,WOODW,93197,0.13,46967.65,4,4,46967.647,0.0,0.0,0.0,0.003,361289.615385
1760921,IT,IN,HEAVY,NATUR,0.08,46964.444,4,4,46964.44,0.0,0.0,0.0,0.004,587055.55
1788461,IT,WA,PULP5,CHARC,0.14,46960.783,4,4,46960.779,0.0,0.0,0.0,0.004,335434.164286
1766582,IT,RU,NONF1,ALUM1,0.01,46960.303,3,3,46960.303,0.0,0.0,0.0,0.0,4696030.3
1806789,IT,WF,RETA1,MEAT4,0.49,46958.883,4,4,46958.88,0.0,0.0,0.0,0.003,95834.455102
1782944,IT,NO,AIRTR,MACHI,0.05,46957.13,3,3,46957.13,0.0,0.0,0.0,0.0,939142.6
1728949,IT,SE,CHEM1,TRAN2,0.1,46955.151,4,4,46955.146,0.0,0.0,0.0,0.005,469551.51
1810463,IT,WM,PULP5,INSUR,0.14,46954.873,4,4,46954.869,0.0,0.0,0.0,0.004,335391.95
1678753,IT,GR,SUGA1,COPP1,0.12,46953.873,4,4,46953.865,0.0,0.0,0.0,0.008,391282.275
1752430,IT,CA,DAIRY,CROPS,0.19,46953.182,4,4,46953.179,0.0,0.0,0.0,0.003,247122.010526
1767631,IT,RU,SUPPO,PUBLI,0.34,46947.333,4,4,46947.331,0.0,0.0,0.0,0.002,138080.391176
1814224,IT,WM,SUPPO,RECRE,0.34,46947.231,4,4,46947.229,0.0,0.0,0.0,0.002,138080.091176
1732643,IT,SI,GLASS,RAILW,0.13,46945.47,4,4,46945.467,0.0,0.0,0.0,0.003,361119.0
1723032,IT,PT,PLAST,SALEM,0.1,46944.129,4,4,46944.124,0.0,0.0,0.0,0.005,469441.29
1652180,IT,CZ,DAIRY,PIGS9,0.19,46941.616,4,4,46941.613,0.0,0.0,0.0,0.003,247061.136842
1732988,IT,SI,ALUM1,TEXT2,0.08,46939.826,4,4,46939.822,0.0,0.0,0.0,0.004,586747.825
1674003,IT,FR,KEROS,INTER,0.07,46938.31,4,4,46938.306,0.0,0.0,0.0,0.004,670547.285714
1772130,IT,CH,MOTOR,INSUR,0.07,46934.81,4,4,46934.806,0.0,0.0,0.0,0.004,670497.285714
1736488,IT,SK,INLAN,TOBAC,0.08,46932.812,4,4,46932.809,0.0,0.0,0.0,0.003,586660.15
1754750,IT,KR,DAIRY,SECO9,0.19,46931.248,4,4,46931.245,0.0,0.0,0.0,0.003,247006.568421
1808570,IT,WF,PAPE4,WHOLE,0.31,46930.828,4,4,46930.825,0.0,0.0,0.0,0.003,151389.767742
1644074,IT,AT,BUSIN,RETAI,0.48,46930.264,4,4,46930.261,0.0,0.0,0.0,0.003,97771.383333
1740160,IT,GB,COMPU,HEALT,0.54,46925.535,4,4,46925.532,0.0,0.0,0.0,0.003,86899.138889
1663898,IT,EE,LEATH,LEATH,0.34,46922.972,4,4,46922.964,0.0,0.0,0.0,0.008,138008.741176
1737070,IT,GB,CHEMI,BIOGA,0.11,46922.824,5,5,46920.82,0.0,0.0,2.0,0.004,426571.127273
1798490,IT,WE,NATUR,RESEA,0.07,46922.482,4,4,46922.479,0.0,0.0,0.0,0.003,670321.171429
1805784,IT,WF,PREC1,NONFE,0.08,46913.945,4,4,46913.943,0.0,0.0,0.0,0.002,586424.3125
1667287,IT,ES,ALUM1,NONME,0.08,46908.372,4,4,46908.368,0.0,0.0,0.0,0.004,586354.65
1801059,IT,WE,COPP1,PRINT,0.12,46907.727,4,4,46907.725,0.0,0.0,0.0,0.002,390897.725
1777472,IT,TR,BASIC,FOOD5,0.05,46903.094,4,4,46903.091,0.0,0.0,0.0,0.003,938061.88
1760722,IT,IN,PAPER,LANDT,0.18,46898.125,4,4,46898.12,0.0,0.0,0.0,0.005,260545.138889
1759530,IT,BR,RENTI,MOTO1,0.28,46895.036,4,4,46895.033,0.0,0.0,0.0,0.003,167482.271429
1745470,IT,JP,FOOD5,MEAT1,0.23,46894.88,4,4,46894.876,0.0,0.0,0.0,0.004,203890.782609
1776657,IT,TR,HEAVY,STONE,0.08,46894.18,4,4,46894.176,0.0,0.0,0.0,0.004,586177.25
1729386,IT,SE,BASIC,LEAD1,0.05,46894.027,4,4,46894.024,0.0,0.0,0.0,0.003,937880.54
1779339,IT,TR,INSUR,ELEC1,0.97,46893.056,4,4,46893.054,0.0,0.0,0.0,0.002,48343.356701
1796850,IT,WL,SEACO,GASDI,0.05,46889.41,3,3,46889.41,0.0,0.0,0.0,0.0,937788.2
1649607,IT,BG,GLASS,TEXTI,0.13,46884.467,4,4,46884.464,0.0,0.0,0.0,0.003,360649.746154
1687013,IT,HU,OFFIC,RUBBE,0.15,46880.482,4,4,46880.479,0.0,0.0,0.0,0.003,312536.546667
1768045,IT,RU,BUSIN,GASDI,0.48,46875.845,4,4,46875.842,0.0,0.0,0.0,0.003,97658.010417
1791309,IT,WA,CONST,EDUCA,0.26,46875.553,4,4,46875.55,0.0,0.0,0.0,0.003,180290.588462
1658206,IT,DE,LEAD1,RUBBE,0.08,46873.886,4,4,46873.882,0.0,0.0,0.0,0.004,585923.575
1762706,IT,IN,BUSIN,FISH5,0.48,46871.77,4,4,46871.767,0.0,0.0,0.0,0.003,97649.520833
1759233,IT,BR,POSTT,MEAT1,0.77,46869.352,4,4,46869.348,0.0,0.0,0.0,0.004,60869.288312
1747053,IT,JP,FURNI,TEXTI,0.15,46868.393,4,4,46868.389,0.0,0.0,0.0,0.004,312455.953333
1647387,IT,BE,INLAN,WHOLE,0.08,46868.18,4,4,46868.177,0.0,0.0,0.0,0.003,585852.25
1662307,IT,DK,NONME,OFFIC,0.09,46867.553,4,4,46867.548,0.0,0.0,0.0,0.005,520750.588889
1656862,IT,DE,HEAVY,NAPHT,0.08,46867.328,4,4,46867.324,0.0,0.0,0.0,0.004,585841.6
1662648,IT,DK,MACHI,PAPER,0.26,46864.424,4,4,46864.42,0.0,0.0,0.0,0.004,180247.784615
1739139,IT,GB,RETA1,CATTL,0.49,46864.145,4,4,46864.142,0.0,0.0,0.0,0.003,95641.112245
1735580,IT,SK,ALUM1,RESEA,0.08,46861.673,4,4,46861.669,0.0,0.0,0.0,0.004,585770.9125
1673169,IT,FR,BEVER,MACHI,0.2,46855.913,4,4,46855.91,0.0,0.0,0.0,0.003,234279.565
1726225,IT,RO,NONME,CERAM,0.09,46855.315,4,4,46855.31,0.0,0.0,0.0,0.005,520614.611111
1766667,IT,RU,FABRI,ELEC4,0.19,46853.994,4,4,46853.991,0.0,0.0,0.0,0.003,246599.968421
1807179,IT,WF,AIRTR,MOTO1,0.05,46852.36,3,3,46852.36,0.0,0.0,0.0,0.0,937047.2
1686917,IT,HU,MACHI,KEROS,0.26,46851.265,4,4,46851.261,0.0,0.0,0.0,0.004,180197.173077
1733346,IT,SI,TRANS,BASIC,0.28,46850.268,4,4,46850.265,0.0,0.0,0.0,0.003,167322.385714
1647093,IT,BE,HOTEL,RUBBE,0.34,46843.521,4,4,46843.517,0.0,0.0,0.0,0.004,137775.061765
1772249,IT,CH,HEAVY,DISTR,0.08,46835.774,4,4,46835.77,0.0,0.0,0.0,0.004,585447.175
1641827,IT,AT,CHEM1,AIRTR,0.1,46831.771,4,4,46831.766,0.0,0.0,0.0,0.005,468317.71
1806087,IT,WF,FABRI,CRUDE,0.19,46829.397,4,4,46829.394,0.0,0.0,0.0,0.003,246470.510526
1712617,IT,LV,OFFIC,AIRTR,0.15,46826.26,4,4,46826.257,0.0,0.0,0.0,0.003,312175.066667
1645035,IT,BE,PAPER,MEAT1,0.18,46826.087,4,4,46826.082,0.0,0.0,0.0,0.005,260144.927778
1759914,IT,BR,PAPE1,FOOD4,0.33,46825.872,4,4,46825.869,0.0,0.0,0.0,0.003,141896.581818
1793320,IT,WA,PRIVA,SALEM,10.45,46824.326,4,4,46824.319,0.0,0.0,0.0,0.007,4480.796746
1786875,IT,ZA,SEACO,MACHI,0.05,46822.975,3,3,46822.975,0.0,0.0,0.0,0.0,936459.5
1653807,IT,CZ,NONF1,COPP1,0.01,46821.477,3,3,46821.477,0.0,0.0,0.0,0.0,4682147.7
1806047,IT,WF,COPP1,REALE,0.12,46818.894,4,4,46818.892,0.0,0.0,0.0,0.002,390157.45
1760355,IT,IN,CHEMI,GLASS,0.11,46812.622,5,5,46810.618,0.0,0.0,2.0,0.004,425569.290909
1748972,IT,CN,LEATH,CROPS,0.34,46812.085,4,4,46812.077,0.0,0.0,0.0,0.008,137682.602941
1690433,IT,IE,FOOD4,RESEA,0.34,46811.833,4,4,46811.83,0.0,0.0,0.0,0.003,137681.861765
1725466,IT,RO,WEARI,RUBBE,0.35,46809.893,4,4,46809.884,0.0,0.0,0.0,0.009,133742.551429
1801833,IT,WE,ELEC7,TOBAC,0.03,46806.102,3,3,46806.102,0.0,0.0,0.0,0.0,1560203.4
1667768,IT,ES,OFFIC,WEARI,0.15,46805.474,4,4,46805.471,0.0,0.0,0.0,0.003,312036.493333
1788801,IT,WA,KEROS,MEDIC,0.07,46801.744,4,4,46801.74,0.0,0.0,0.0,0.004,668596.342857
1813804,IT,WM,RAILW,PFERT,0.31,46798.57,4,4,46798.568,0.0,0.0,0.0,0.002,150963.129032
1710818,IT,LU,PAPER,PRINT,0.18,46796.804,4,4,46796.799,0.0,0.0,0.0,0.005,259982.244444
1645013,IT,BE,PULP5,RUBBE,0.14,46796.432,4,4,46796.428,0.0,0.0,0.0,0.004,334260.228571
1682298,IT,HR,LEATH,HEALT,0.34,46790.904,4,4,46790.896,0.0,0.0,0.0,0.008,137620.305882
1656723,IT,DE,MOTOR,TRAN1,0.07,46790.537,4,4,46790.533,0.0,0.0,0.0,0.004,668436.242857
1773987,IT,CH,SALEM,EDUCA,0.38,46790.136,4,4,46790.133,0.0,0.0,0.0,0.003,123131.936842
1798221,IT,WE,VEGET,CHEM1,0.17,46789.16,4,4,46789.158,0.0,0.0,0.0,0.002,275230.352941
1773187,IT,CH,FABRI,PROCE,0.19,46784.787,4,4,46784.784,0.0,0.0,0.0,0.003,246235.721053
1677479,IT,FR,AUXIL,BEVER,0.86,46784.495,4,4,46784.493,0.0,0.0,0.0,0.002,54400.575581
1732350,IT,SI,NAPHT,SEWAG,0.08,46781.478,4,4,46781.475,0.0,0.0,0.0,0.003,584768.475
1796394,IT,WL,WHOLE,PFERT,0.4,46778.405,4,4,46778.402,0.0,0.0,0.0,0.003,116946.0125
1755885,IT,KR,NONME,REALE,0.09,46776.622,4,4,46776.617,0.0,0.0,0.0,0.005,519740.244444
1643172,IT,AT,RETA1,93197,0.49,46773.225,4,4,46773.222,0.0,0.0,0.0,0.003,95455.561224
1667317,IT,ES,ALUM1,RETA1,0.08,46771.462,4,4,46771.458,0.0,0.0,0.0,0.004,584643.275
1773201,IT,CH,FABRI,GASDI,0.19,46769.724,4,4,46769.721,0.0,0.0,0.0,0.003,246156.442105
1662176,IT,DK,RUBBE,SEACO,0.15,46769.617,4,4,46769.613,0.0,0.0,0.0,0.004,311797.446667
1749083,IT,CN,WOODW,COKIN,0.13,46768.456,4,4,46768.453,0.0,0.0,0.0,0.003,359757.353846
1733326,IT,SI,MOTO1,PUBLI,0.25,46767.423,4,4,46767.42,0.0,0.0,0.0,0.003,187069.692
1723004,IT,PT,PLAST,PULP5,0.1,46765.751,4,4,46765.746,0.0,0.0,0.0,0.005,467657.51
1729960,IT,SE,CONST,OFFIC,0.26,46761.289,4,4,46761.286,0.0,0.0,0.0,0.003,179851.111538
1653165,IT,CZ,CHEM1,RAILW,0.1,46760.693,4,4,46760.688,0.0,0.0,0.0,0.005,467606.93
1810079,IT,WM,TEXTI,ELEC6,0.28,46760.063,4,4,46760.057,0.0,0.0,0.0,0.006,167000.225
1788482,IT,WA,PULP5,MOTO1,0.14,46756.637,4,4,46756.633,0.0,0.0,0.0,0.004,333975.978571
1775769,IT,TR,CRUDE,SALEM,0.09,46751.173,4,4,46751.169,0.0,0.0,0.0,0.004,519457.477778
1713810,IT,MT,FURNI,WHOLE,0.15,46749.132,4,4,46749.128,0.0,0.0,0.0,0.004,311660.88
1711436,IT,LU,RAILW,TOBAC,0.31,46747.459,4,4,46747.457,0.0,0.0,0.0,0.002,150798.254839
1767495,IT,RU,SEACO,PREC1,0.05,46745.495,3,3,46745.495,0.0,0.0,0.0,0.0,934909.9
1808960,IT,WM,CEREA,HEALT,0.08,46744.005,4,4,46744.002,0.0,0.0,0.0,0.003,584300.0625
1658340,IT,DE,NONF1,NONME,0.01,46743.767,3,3,46743.767,0.0,0.0,0.0,0.0,4674376.7
1714733,IT,NL,DAIRY,MOTOR,0.19,46741.341,4,4,46741.338,0.0,0.0,0.0,0.003,246007.057895
1801192,IT,WE,FABRI,LIQUE,0.19,46741.144,4,4,46741.141,0.0,0.0,0.0,0.003,246006.021053
1735945,IT,SK,MOTO1,GLASS,0.25,46737.402,4,4,46737.399,0.0,0.0,0.0,0.003,186949.608
1749790,IT,CN,ADDIT,DISTR,0.11,46736.54,4,4,46736.536,0.0,0.0,0.0,0.004,424877.636364
1757674,IT,BR,HEAVY,LIQUI,0.08,46736.317,4,4,46736.313,0.0,0.0,0.0,0.004,584203.9625
1757241,IT,BR,VEGE1,CHEM1,0.14,46734.51,4,4,46734.5,0.0,0.0,0.0,0.01,333817.928571
1741936,IT,US,CHEM1,ELEC4,0.1,46734.164,4,4,46734.159,0.0,0.0,0.0,0.005,467341.64
1751978,IT,CN,RESEA,KEROS,0.25,46731.763,4,4,46731.76,0.0,0.0,0.0,0.003,186927.052
1716445,IT,NL,OFFIC,NATUR,0.14,46729.237,4,4,46729.234,0.0,0.0,0.0,0.003,333780.264286
1663108,IT,DK,RAILW,WHOLE,0.31,46727.193,4,4,46727.191,0.0,0.0,0.0,0.002,150732.880645
1642018,IT,AT,RUBBE,AIRTR,0.15,46726.265,4,4,46726.261,0.0,0.0,0.0,0.004,311508.433333
1746704,IT,JP,FABRI,NONF1,0.19,46715.451,4,4,46715.448,0.0,0.0,0.0,0.003,245870.794737
1647758,IT,BE,INSUR,BUSIN,0.96,46713.692,4,4,46713.69,0.0,0.0,0.0,0.002,48660.095833
1773024,IT,CH,ALUM1,HEAVY,0.08,46711.886,4,4,46711.882,0.0,0.0,0.0,0.004,583898.575
1738265,IT,GB,NONME,CHEM1,0.09,46710.639,4,4,46710.634,0.0,0.0,0.0,0.005,519007.1
1750442,IT,CN,MACHI,WOOLS,0.26,46708.916,4,4,46708.912,0.0,0.0,0.0,0.004,179649.676923
1737298,IT,GB,BEVER,CATTL,0.2,46707.806,4,4,46707.803,0.0,0.0,0.0,0.003,233539.03
1660002,IT,DE,INLAN,MOTOR,0.08,46707.288,4,4,46707.285,0.0,0.0,0.0,0.003,583841.1
1780870,IT,TW,RESEA,TOBAC,0.25,46704.159,4,4,46704.156,0.0,0.0,0.0,0.003,186816.636
1748805,IT,CN,TEXTI,NONF1,0.28,46703.224,4,4,46703.218,0.0,0.0,0.0,0.006,166797.228571
1721998,IT,PL,COMPU,WHOLE,0.53,46702.465,4,4,46702.462,0.0,0.0,0.0,0.003,88117.858491
1678652,IT,GR,MEATP,HOTEL,0.19,46699.84,4,4,46699.835,0.0,0.0,0.0,0.005,245788.631579
1768087,IT,RU,BUSIN,STEAM,0.48,46699.221,4,4,46699.218,0.0,0.0,0.0,0.003,97290.04375
1736907,IT,SK,BUSIN,PUBLI,0.48,46699.126,4,4,46699.123,0.0,0.0,0.0,0.003,97289.845833
1710281,IT,LT,MOTO1,BUSIN,0.25,46690.762,4,4,46690.759,0.0,0.0,0.0,0.003,186763.048
1646502,IT,BE,MACHI,SEACO,0.26,46690.24,4,4,46690.236,0.0,0.0,0.0,0.004,179577.846154
1660124,IT,DE,AIRTR,PLAS1,0.05,46687.184,3,3,46687.184,0.0,0.0,0.0,0.0,933743.68
1738005,IT,GB,ADDIT,KERO1,0.11,46685.317,4,4,46685.313,0.0,0.0,0.0,0.004,424411.972727
1805190,IT,WF,CHEM1,PROCE,0.1,46683.681,4,4,46683.676,0.0,0.0,0.0,0.005,466836.81
1670412,IT,FI,FOOD5,VEGE1,0.22,46681.815,4,4,46681.811,0.0,0.0,0.0,0.004,212190.068182
1663114,IT,DK,RAILW,SUPPO,0.31,46680.097,4,4,46680.095,0.0,0.0,0.0,0.002,150580.958065
1711196,IT,LU,MACHI,TEXTI,0.26,46678.674,4,4,46678.67,0.0,0.0,0.0,0.004,179533.361538
1713819,IT,MT,FURNI,REALE,0.15,46675.442,4,4,46675.438,0.0,0.0,0.0,0.004,311169.613333
1731160,IT,SI,SANDC,STONE,0.11,46674.186,5,5,46664.184,0.0,0.0,10.0,0.002,424310.781818
1767623,IT,RU,SUPPO,SEACO,0.34,46673.728,4,4,46673.726,0.0,0.0,0.0,0.002,137275.670588
1796853,IT,WL,SEACO,PLAST,0.05,46672.878,3,3,46672.878,0.0,0.0,0.0,0.0,933457.56
1685278,IT,HU,TEXTI,RENTI,0.28,46671.204,4,4,46671.198,0.0,0.0,0.0,0.006,166682.871429
1647398,IT,BE,AIRTR,WEARI,0.05,46668.903,3,3,46668.903,0.0,0.0,0.0,0.0,933378.06
1725772,IT,RO,PRINT,MACHI,0.45,46667.083,4,4,46667.079,0.0,0.0,0.0,0.004,103704.628889
1775579,IT,CH,RECRE,CHEM1,0.59,46663.02,4,4,46663.017,0.0,0.0,0.0,0.003,79089.864407
1656989,IT,DE,LIQUE,EDUCA,0.08,46662.617,4,4,46662.613,0.0,0.0,0.0,0.004,583282.7125
1641617,IT,AT,NAPHT,REALE,0.08,46659.646,4,4,46659.643,0.0,0.0,0.0,0.003,583245.575
1655263,IT,DE,WHEAT,RAWMI,0.04,46657.291,3,3,46657.291,0.0,0.0,0.0,0.0,1166432.275
1721442,IT,PL,AIRTR,CEMEN,0.05,46655.868,3,3,46655.868,0.0,0.0,0.0,0.0,933117.36
1715965,IT,NL,CERAM,CERAM,0.07,46654.099,4,4,46654.096,0.0,0.0,0.0,0.003,666487.128571
1733888,IT,SI,SEACO,HOTEL,0.05,46652.204,3,3,46652.204,0.0,0.0,0.0,0.0,933044.08
1719581,IT,PL,CERAM,CROPS,0.07,46646.674,4,4,46646.671,0.0,0.0,0.0,0.003,666381.057143
1785580,IT,ZA,GASDI,NATUR,0.07,46645.752,4,4,46645.748,0.0,0.0,0.0,0.004,666367.885714
1657861,IT,DE,BASIC,OILSE,0.05,46641.566,4,4,46641.563,0.0,0.0,0.0,0.003,932831.32
1787195,IT,WA,WHEAT,CATTL,0.04,46635.07,3,3,46635.07,0.0,0.0,0.0,0.0,1165876.75
1802290,IT,WE,LANDT,HOTEL,0.3,46633.477,4,4,46633.475,0.0,0.0,0.0,0.002,155444.923333
1793997,IT,WL,WOODW,FABRI,0.13,46631.166,4,4,46631.163,0.0,0.0,0.0,0.003,358701.276923
1760843,IT,IN,MOTOR,SUPPO,0.07,46629.244,4,4,46629.24,0.0,0.0,0.0,0.004,666132.057143
1798334,IT,WE,CROPS,BUSIN,0.37,46629.052,4,4,46629.049,0.0,0.0,0.0,0.003,126024.464865
1804219,IT,WF,PRINT,SUPPO,0.45,46625.888,4,4,46625.884,0.0,0.0,0.0,0.004,103613.084444
1659690,IT,DE,RAILW,KEROS,0.31,46623.597,4,4,46623.595,0.0,0.0,0.0,0.002,150398.7
1664388,IT,EE,MACHI,MEAT1,0.26,46620.431,4,4,46620.427,0.0,0.0,0.0,0.004,179309.35
1711716,IT,LU,BUSIN,MACHI,0.48,46620.304,4,4,46620.301,0.0,0.0,0.0,0.003,97125.633333
1722455,IT,PT,DAIRY,RAWMI,0.19,46618.384,4,4,46618.381,0.0,0.0,0.0,0.003,245359.915789
1752789,IT,CA,WOODW,BUSIN,0.13,46617.398,4,4,46617.395,0.0,0.0,0.0,0.003,358595.369231
1779991,IT,TW,SALEM,HEAVY,0.38,46617.34,4,4,46617.337,0.0,0.0,0.0,0.003,122677.210526
1724445,IT,PT,AIRTR,FINAN,0.05,46617.014,3,3,46617.014,0.0,0.0,0.0,0.0,932340.28
1666560,IT,ES,CHEM1,COALT,0.1,46616.691,4,4,46616.686,0.0,0.0,0.0,0.005,466166.91
1689284,IT,IE,WHOLE,AUXIL,0.4,46614.773,4,4,46614.77,0.0,0.0,0.0,0.003,116536.9325
1689145,IT,IE,SALEM,ELEC5,0.38,46607.905,4,4,46607.902,0.0,0.0,0.0,0.003,122652.381579
1779025,IT,TR,AIRTR,TRANS,0.05,46606.985,3,3,46606.985,0.0,0.0,0.0,0.0,932139.7
1760667,IT,IN,PAPER,BEVER,0.18,46606.745,4,4,46606.74,0.0,0.0,0.0,0.005,258926.361111
1733882,IT,SI,SEACO,TRAN1,0.05,46605.741,3,3,46605.741,0.0,0.0,0.0,0.0,932114.82
1640712,IT,AT,TEXTI,VEGET,0.28,46605.707,4,4,46605.701,0.0,0.0,0.0,0.006,166448.953571
1753162,IT,CA,GLASS,FORES,0.13,46604.952,4,4,46604.949,0.0,0.0,0.0,0.003,358499.630769
1758578,IT,BR,MOTO1,WOODW,0.25,46604.942,4,4,46604.939,0.0,0.0,0.0,0.003,186419.768
1681868,IT,HR,VEGE1,REALE,0.14,46604.909,4,4,46604.899,0.0,0.0,0.0,0.01,332892.207143
1652777,IT,CZ,PAPER,SEWAG,0.18,46604.825,4,4,46604.82,0.0,0.0,0.0,0.005,258915.694444
1718412,IT,PL,BEVER,RESEA,0.2,46604.583,4,4,46604.58,0.0,0.0,0.0,0.003,233022.915
1653982,IT,CZ,MACHI,LIQUE,0.26,46604.561,4,4,46604.557,0.0,0.0,0.0,0.004,179248.311538
1735953,IT,SK,MOTO1,LEAD1,0.25,46603.538,4,4,46603.535,0.0,0.0,0.0,0.003,186414.152
1812738,IT,WM,NONF1,BRICK,0.01,46603.16,3,3,46603.16,0.0,0.0,0.0,0.0,4660316.0
1643566,IT,AT,SEACO,CONST,0.05,46600.43,3,3,46600.43,0.0,0.0,0.0,0.0,932008.6
1753227,IT,CA,CERAM,PREC1,0.07,46599.335,4,4,46599.332,0.0,0.0,0.0,0.003,665704.785714
1788869,IT,WA,GASDI,BASIC,0.07,46594.715,4,4,46594.711,0.0,0.0,0.0,0.004,665638.785714
1684830,IT,HU,FISHF,REALE,0.08,46593.946,4,4,46593.944,0.0,0.0,0.0,0.002,582424.325
1770020,IT,AU,FURNI,WHOLE,0.15,46593.147,4,4,46593.143,0.0,0.0,0.0,0.004,310620.98
1663380,IT,DK,POSTT,MACHI,0.77,46592.503,4,4,46592.499,0.0,0.0,0.0,0.004,60509.744156
1660498,IT,DE,INSUR,MOTO1,0.96,46591.593,4,4,46591.591,0.0,0.0,0.0,0.002,48532.909375
1684197,IT,HR,LANDT,BUSIN,0.3,46590.711,4,4,46590.709,0.0,0.0,0.0,0.002,155302.37
1782049,IT,NO,RUBBE,RECRE,0.15,46590.045,4,4,46590.041,0.0,0.0,0.0,0.004,310600.3
1661179,IT,DE,93197,CONST,0.31,46587.578,4,4,46587.574,0.0,0.0,0.0,0.004,150282.509677
1671372,IT,FI,NONF1,LEAD1,0.01,46587.38,3,3,46587.38,0.0,0.0,0.0,0.0,4658738.0
1667229,IT,ES,PREC1,ELECT,0.08,46586.859,4,4,46586.857,0.0,0.0,0.0,0.002,582335.7375
1725522,IT,RO,LEATH,GASDI,0.33,46586.709,4,4,46586.701,0.0,0.0,0.0,0.008,141171.845455
1688743,IT,IE,ADDIT,PAPER,0.11,46583.281,4,4,46583.277,0.0,0.0,0.0,0.004,423484.372727
1789092,IT,WA,BITU1,OFFIC,0.07,46583.071,4,4,46583.067,0.0,0.0,0.0,0.004,665472.442857
1649659,IT,BG,CERAM,CERAM,0.07,46581.437,4,4,46581.434,0.0,0.0,0.0,0.003,665449.1
1727859,IT,RO,BUSIN,PAPE4,0.48,46580.691,4,4,46580.688,0.0,0.0,0.0,0.003,97043.10625
1673945,IT,FR,MOTOR,FOOD2,0.07,46580.284,4,4,46580.28,0.0,0.0,0.0,0.004,665432.628571
1676758,IT,FR,LANDT,SANDC,0.3,46580.146,4,4,46580.144,0.0,0.0,0.0,0.002,155267.153333
1787891,IT,WA,BEVER,BEVER,0.2,46579.409,4,4,46579.406,0.0,0.0,0.0,0.003,232897.045
1781978,IT,NO,RUBBE,DAIRY,0.15,46578.51,4,4,46578.506,0.0,0.0,0.0,0.004,310523.4
1675174,IT,FR,COPP1,93197,0.12,46577.279,4,4,46577.277,0.0,0.0,0.0,0.002,388143.991667
1653785,IT,CZ,COPP1,COMPU,0.12,46574.511,4,4,46574.509,0.0,0.0,0.0,0.002,388120.925
1722055,IT,PL,BUSIN,FORES,0.48,46571.878,4,4,46571.875,0.0,0.0,0.0,0.003,97024.745833
1803406,IT,WF,CHEMI,MEMBE,0.11,46571.526,5,5,46569.522,0.0,0.0,2.0,0.004,423377.509091
1734493,IT,SK,MEAT4,MOTO1,0.26,46570.859,4,4,46570.856,0.0,0.0,0.0,0.003,179118.688462
1687486,IT,HU,LANDT,POULT,0.3,46570.499,4,4,46570.497,0.0,0.0,0.0,0.002,155234.996667
1746252,IT,JP,CHEM1,PREC1,0.1,46567.145,4,4,46567.14,0.0,0.0,0.0,0.005,465671.45
1777731,IT,TR,NONF1,CHEM1,0.01,46566.269,3,3,46566.269,0.0,0.0,0.0,0.0,4656626.9
1640587,IT,AT,FOOD5,PUBLI,0.22,46565.862,4,4,46565.858,0.0,0.0,0.0,0.004,211663.009091
1720169,IT,PL,COPP1,CEMEN,0.12,46564.749,4,4,46564.747,0.0,0.0,0.0,0.002,388039.575
1745857,IT,JP,LEATH,ALUM1,0.33,46563.966,4,4,46563.958,0.0,0.0,0.0,0.008,141102.927273
1750204,IT,CN,LEAD1,PRINT,0.08,46562.466,4,4,46562.462,0.0,0.0,0.0,0.004,582030.825
1766446,IT,RU,BASIC,WASTE,0.05,46561.477,4,4,46561.474,0.0,0.0,0.0,0.003,931229.54
1781564,IT,NO,TEXTI,MEMBE,0.28,46560.966,4,4,46560.96,0.0,0.0,0.0,0.006,166289.164286
1687528,IT,HU,LANDT,CHEM1,0.3,46560.635,4,4,46560.633,0.0,0.0,0.0,0.002,155202.116667
1737794,IT,GB,NAPHT,HEAVY,0.08,46560.533,4,4,46560.53,0.0,0.0,0.0,0.003,582006.6625
1800462,IT,WE,RUBBE,ANIMA,0.15,46557.447,4,4,46557.443,0.0,0.0,0.0,0.004,310382.98
1665518,IT,ES,WEARI,COMPU,0.35,46556.813,4,4,46556.804,0.0,0.0,0.0,0.009,133019.465714
1674329,IT,FR,CHEM1,CHEMI,0.1,46550.624,4,4,46550.619,0.0,0.0,0.0,0.005,465506.24
1725781,IT,RO,PRINT,DISTR,0.45,46549.681,4,4,46549.677,0.0,0.0,0.0,0.004,103443.735556
1791035,IT,WA,TRANS,POULT,0.28,46549.487,4,4,46549.484,0.0,0.0,0.0,0.003,166248.167857
1668369,IT,ES,RETA1,RAWMI,0.49,46544.441,4,4,46544.438,0.0,0.0,0.0,0.003,94988.655102
1799214,IT,WE,LEATH,LIGNI,0.33,46542.784,4,4,46542.776,0.0,0.0,0.0,0.008,141038.739394
1725869,IT,RO,HEAVY,MEAT1,0.08,46542.22,4,4,46542.216,0.0,0.0,0.0,0.004,581777.75
1675017,IT,FR,PREC1,WOOD1,0.08,46541.605,4,4,46541.603,0.0,0.0,0.0,0.002,581770.0625
1754480,IT,CA,BUSIN,FOOD5,0.48,46536.257,4,4,46536.254,0.0,0.0,0.0,0.003,96950.535417
1721532,IT,PL,SUPPO,MACHI,0.33,46535.133,4,4,46535.131,0.0,0.0,0.0,0.002,141015.554545
1679231,IT,GR,KEROS,GASDI,0.07,46533.059,4,4,46533.055,0.0,0.0,0.0,0.004,664757.985714
1739417,IT,GB,LANDT,CATTL,0.3,46530.854,4,4,46530.852,0.0,0.0,0.0,0.002,155102.846667
1661568,IT,DK,BEVER,RUBBE,0.2,46530.819,4,4,46530.816,0.0,0.0,0.0,0.003,232654.095
1795946,IT,WL,MOTO1,TOBAC,0.25,46528.356,4,4,46528.353,0.0,0.0,0.0,0.003,186113.424
1790086,IT,WA,BASIC,PROCE,0.05,46527.147,4,4,46527.144,0.0,0.0,0.0,0.003,930542.94
1799614,IT,WE,MOTOR,PRECI,0.07,46526.372,4,4,46526.368,0.0,0.0,0.0,0.004,664662.457143
1661828,IT,DK,PAPER,FISHF,0.18,46526.05,4,4,46526.045,0.0,0.0,0.0,0.005,258478.055556
1681843,IT,HR,VEGE1,LEATH,0.14,46525.555,4,4,46525.545,0.0,0.0,0.0,0.01,332325.392857
1764845,IT,MX,SEACO,AIRTR,0.05,46525.238,3,3,46525.238,0.0,0.0,0.0,0.0,930504.76
1640199,IT,AT,OILSE,RESEA,0.03,46524.461,4,4,46524.459,0.0,0.0,0.0,0.002,1550815.366667
1804545,IT,WF,GASDI,MEMBE,0.07,46522.048,4,4,46522.044,0.0,0.0,0.0,0.004,664600.685714
1739413,IT,GB,LANDT,VEGET,0.3,46520.597,4,4,46520.595,0.0,0.0,0.0,0.002,155068.656667
1642625,IT,AT,FABRI,CERAM,0.19,46520.521,4,4,46520.518,0.0,0.0,0.0,0.003,244844.847368
1650554,IT,BG,ELEC7,MACHI,0.03,46520.283,3,3,46520.283,0.0,0.0,0.0,0.0,1550676.1
1756541,IT,KR,WHOLE,PUBLI,0.4,46519.616,4,4,46519.613,0.0,0.0,0.0,0.003,116299.04
1728074,IT,SE,MEAT4,MEAT4,0.26,46518.893,4,4,46518.89,0.0,0.0,0.0,0.003,178918.819231
1683799,IT,HR,OFFIC,MEDIC,0.14,46518.561,4,4,46518.558,0.0,0.0,0.0,0.003,332275.435714
1766338,IT,RU,NONME,ELEC4,0.09,46516.32,4,4,46516.315,0.0,0.0,0.0,0.005,516848.0
1764167,IT,MX,MACHI,CEREA,0.26,46514.06,4,4,46514.056,0.0,0.0,0.0,0.004,178900.230769
1766607,IT,RU,FABRI,NATUR,0.19,46514.027,4,4,46514.024,0.0,0.0,0.0,0.003,244810.668421
1683831,IT,HR,MOTO1,WEARI,0.25,46512.254,4,4,46512.251,0.0,0.0,0.0,0.003,186049.016
1725898,IT,RO,NAPHT,TRAN1,0.08,46509.984,4,4,46509.981,0.0,0.0,0.0,0.003,581374.8
1724854,IT,PT,BUSIN,LEATH,0.48,46509.78,4,4,46509.777,0.0,0.0,0.0,0.003,96895.375
1719689,IT,PL,NONME,PULP5,0.09,46509.523,4,4,46509.518,0.0,0.0,0.0,0.005,516772.477778
1789046,IT,WA,NAPHT,OFFIC,0.08,46508.722,4,4,46508.719,0.0,0.0,0.0,0.003,581359.025
1805128,IT,WF,PFERT,FISHF,0.02,46506.526,4,4,46506.519,0.0,0.0,0.0,0.007,2325326.3
1716892,IT,NL,HOTEL,TRAN2,0.34,46505.116,4,4,46505.112,0.0,0.0,0.0,0.004,136779.752941
1650300,IT,BG,ELEC2,CATTL,0.01,46503.876,4,4,46503.871,0.0,0.0,0.0,0.005,4650387.6
1662440,IT,DK,ALUM1,MEATP,0.08,46503.351,4,4,46503.347,0.0,0.0,0.0,0.004,581291.8875
1712057,IT,LV,BEVER,MEAT1,0.2,46502.964,4,4,46502.961,0.0,0.0,0.0,0.003,232514.82
1732217,IT,SI,HEAVY,CHEM1,0.08,46501.382,4,4,46501.378,0.0,0.0,0.0,0.004,581267.275
1732683,IT,SI,CERAM,MOTO1,0.07,46500.374,4,4,46500.371,0.0,0.0,0.0,0.003,664291.057143
1741446,IT,US,MOTOR,NONME,0.07,46499.35,4,4,46499.346,0.0,0.0,0.0,0.004,664276.428571
1739731,IT,GB,SUPPO,AUXIL,0.33,46497.143,4,4,46497.141,0.0,0.0,0.0,0.002,140900.433333
1713764,IT,MT,OFFIC,RENTI,0.14,46496.617,4,4,46496.614,0.0,0.0,0.0,0.003,332118.692857
1665969,IT,ES,MOTOR,NONME,0.07,46496.607,4,4,46496.603,0.0,0.0,0.0,0.004,664237.242857
1641904,IT,AT,BIODI,SALEM,0.1,46494.444,4,4,46494.439,0.0,0.0,0.0,0.005,464944.44
1654888,IT,CZ,POSTT,BUSIN,0.77,46491.356,4,4,46491.352,0.0,0.0,0.0,0.004,60378.384416
1809511,IT,WM,MEAT4,GASDI,0.26,46486.748,4,4,46486.745,0.0,0.0,0.0,0.003,178795.184615
1666090,IT,ES,GASDI,FISH5,0.07,46482.108,4,4,46482.104,0.0,0.0,0.0,0.004,664030.114286
1787216,IT,WA,VEGET,FISHF,0.16,46479.936,4,4,46479.934,0.0,0.0,0.0,0.002,290499.6
1738504,IT,GB,NONF1,PULP5,0.01,46478.342,3,3,46478.342,0.0,0.0,0.0,0.0,4647834.2
1813660,IT,WM,RETA1,CHEM1,0.49,46476.794,4,4,46476.791,0.0,0.0,0.0,0.003,94850.6
1741788,IT,US,NONSP,RECRE,0.06,46476.313,4,4,46476.31,0.0,0.0,0.0,0.003,774605.216667
1753960,IT,CA,LANDT,MOTOR,0.3,46476.277,4,4,46476.275,0.0,0.0,0.0,0.002,154920.923333
1807255,IT,WF,SUPPO,FINAN,0.33,46475.711,4,4,46475.709,0.0,0.0,0.0,0.002,140835.487879
1802758,IT,WE,RESEA,EDUCA,0.25,46475.317,4,4,46475.314,0.0,0.0,0.0,0.003,185901.268
1763022,IT,MX,BEVER,EDUCA,0.2,46472.772,4,4,46472.769,0.0,0.0,0.0,0.003,232363.86
1652562,IT,CZ,LEATH,PAPER,0.33,46465.56,4,4,46465.552,0.0,0.0,0.0,0.008,140804.727273
1764883,IT,MX,AIRTR,FOUND,0.05,46464.782,3,3,46464.782,0.0,0.0,0.0,0.0,929295.64
1768398,IT,AU,VEGE1,BEVER,0.14,46461.977,4,4,46461.967,0.0,0.0,0.0,0.01,331871.264286
1762247,IT,IN,AIRTR,VEGE1,0.05,46461.429,3,3,46461.429,0.0,0.0,0.0,0.0,929228.58
1796376,IT,WL,WHOLE,FISH5,0.4,46461.202,4,4,46461.199,0.0,0.0,0.0,0.003,116153.005
1745424,IT,JP,DAIRY,MACHI,0.19,46460.673,4,4,46460.67,0.0,0.0,0.0,0.003,244529.857895
1665936,IT,ES,MOTOR,FOOD5,0.07,46459.532,4,4,46459.528,0.0,0.0,0.0,0.004,663707.6
1724138,IT,PT,RETA1,TRANS,0.49,46455.037,4,4,46455.034,0.0,0.0,0.0,0.003,94806.197959
1715378,IT,NL,PRINT,RETA1,0.45,46454.93,4,4,46454.926,0.0,0.0,0.0,0.004,103233.177778
1686536,IT,HU,ALUM1,FISH5,0.08,46454.837,4,4,46454.833,0.0,0.0,0.0,0.004,580685.4625
1653438,IT,CZ,NONME,NFERT,0.09,46449.339,4,4,46449.334,0.0,0.0,0.0,0.005,516103.766667
1666632,IT,ES,CHEM1,HEALT,0.1,46446.137,4,4,46446.132,0.0,0.0,0.0,0.005,464461.37
1688812,IT,IE,GLASS,COMPU,0.13,46438.932,4,4,46438.929,0.0,0.0,0.0,0.003,357222.553846
1782269,IT,NO,ALUM1,RESEA,0.08,46432.403,4,4,46432.399,0.0,0.0,0.0,0.004,580405.0375
1764848,IT,MX,SEACO,FINAN,0.05,46429.517,3,3,46429.517,0.0,0.0,0.0,0.0,928590.34
1667869,IT,ES,MOTO1,FISHF,0.25,46423.351,4,4,46423.348,0.0,0.0,0.0,0.003,185693.404
1665987,IT,ES,MOTOR,ELEC8,0.07,46422.83,4,4,46422.826,0.0,0.0,0.0,0.004,663183.285714
1711229,IT,LU,MACHI,LANDT,0.26,46419.625,4,4,46419.621,0.0,0.0,0.0,0.004,178537.019231
1729082,IT,SE,RUBBE,RAILW,0.15,46418.162,4,4,46418.158,0.0,0.0,0.0,0.004,309454.413333
1755478,IT,KR,PLAST,OFFIC,0.1,46416.435,4,4,46416.43,0.0,0.0,0.0,0.005,464164.35
1732142,IT,SI,GASDI,BASIC,0.07,46416.158,4,4,46416.154,0.0,0.0,0.0,0.004,663087.971429
1667283,IT,ES,ALUM1,GLASS,0.08,46413.265,4,4,46413.261,0.0,0.0,0.0,0.004,580165.8125
1741739,IT,US,NAPHT,COMPU,0.08,46412.528,4,4,46412.525,0.0,0.0,0.0,0.003,580156.6
1755970,IT,KR,ALUM1,CHEM1,0.08,46408.286,4,4,46408.282,0.0,0.0,0.0,0.004,580103.575
1776585,IT,TR,GASDI,MEAT1,0.07,46407.985,4,4,46407.981,0.0,0.0,0.0,0.004,662971.214286
1752869,IT,CA,MOTOR,WHOLE,0.07,46402.302,4,4,46402.298,0.0,0.0,0.0,0.004,662890.028571
1738189,IT,GB,CERAM,RUBBE,0.07,46402.183,4,4,46402.18,0.0,0.0,0.0,0.003,662888.328571
1741682,IT,US,HEAVY,ELEC5,0.07,46400.526,4,4,46400.522,0.0,0.0,0.0,0.004,662864.657143
1657533,IT,DE,GLASS,MEAT1,0.13,46400.229,4,4,46400.226,0.0,0.0,0.0,0.003,356924.838462
1661038,IT,DE,BUSIN,FOOD3,0.48,46399.726,4,4,46399.723,0.0,0.0,0.0,0.003,96666.095833
1681958,IT,HR,FOOD5,PLAST,0.22,46397.953,4,4,46397.949,0.0,0.0,0.0,0.004,210899.786364
1754102,IT,CA,AIRTR,NONF1,0.05,46397.601,3,3,46397.601,0.0,0.0,0.0,0.0,927952.02
1650912,IT,BG,SEACO,LIQUE,0.05,46395.661,3,3,46395.661,0.0,0.0,0.0,0.0,927913.22
1811891,IT,WM,RUBBE,BASIC,0.15,46394.437,4,4,46394.433,0.0,0.0,0.0,0.004,309296.246667
1792791,IT,WA,BUSIN,MEMBE,0.48,46393.907,4,4,46393.904,0.0,0.0,0.0,0.003,96653.972917
1717828,IT,NL,RECRE,RENTI,0.59,46391.938,4,4,46391.935,0.0,0.0,0.0,0.003,78630.40339
1713108,IT,MT,FOOD5,MACHI,0.22,46390.291,4,4,46390.287,0.0,0.0,0.0,0.004,210864.959091
1814057,IT,WM,AIRTR,PLANT,0.05,46389.299,3,3,46389.299,0.0,0.0,0.0,0.0,927785.98
1745085,IT,US,PUBLI,AUXIL,0.76,46387.754,4,4,46387.751,0.0,0.0,0.0,0.003,61036.518421
1677428,IT,FR,INSUR,SEACO,0.96,46387.59,4,4,46387.588,0.0,0.0,0.0,0.002,48320.40625
1811217,IT,WM,WHITE,TEXTI,0.25,46385.439,4,4,46385.436,0.0,0.0,0.0,0.003,185541.756
1677944,IT,FR,BUSIN,PAPE1,0.48,46381.799,4,4,46381.796,0.0,0.0,0.0,0.003,96628.747917
1747523,IT,JP,AIRTR,CROPS,0.05,46376.215,3,3,46376.215,0.0,0.0,0.0,0.0,927524.3
1786500,IT,ZA,MOTO1,FOOD3,0.25,46375.436,4,4,46375.433,0.0,0.0,0.0,0.003,185501.744
1717631,IT,NL,BUSIN,MEAT1,0.48,46374.098,4,4,46374.095,0.0,0.0,0.0,0.003,96612.704167
1752894,IT,CA,GASDI,RAILW,0.07,46371.504,4,4,46371.5,0.0,0.0,0.0,0.004,662450.057143
1679805,IT,GR,PREC1,INERT,0.08,46369.655,4,4,46369.653,0.0,0.0,0.0,0.002,579620.6875
1661458,IT,DK,DAIRY,PUBLI,0.19,46369.162,4,4,46369.159,0.0,0.0,0.0,0.003,244048.221053
1679791,IT,GR,PREC1,SECO9,0.08,46367.241,4,4,46367.239,0.0,0.0,0.0,0.002,579590.5125
1679800,IT,GR,PREC1,FOOD3,0.08,46366.939,4,4,46366.937,0.0,0.0,0.0,0.002,579586.7375
1679798,IT,GR,PREC1,SEWAG,0.08,46366.888,4,4,46366.886,0.0,0.0,0.0,0.002,579586.1
1679801,IT,GR,PREC1,WASTE,0.08,46366.882,4,4,46366.88,0.0,0.0,0.0,0.002,579586.025
1679796,IT,GR,PREC1,INTER,0.08,46366.837,4,4,46366.835,0.0,0.0,0.0,0.002,579585.4625
1679802,IT,GR,PREC1,FOOD4,0.08,46366.836,4,4,46366.834,0.0,0.0,0.0,0.002,579585.45
1679797,IT,GR,PREC1,OILHA,0.08,46366.836,4,4,46366.834,0.0,0.0,0.0,0.002,579585.45
1679799,IT,GR,PREC1,FOOD2,0.08,46366.815,4,4,46366.813,0.0,0.0,0.0,0.002,579585.1875
1679807,IT,GR,PREC1,WOOD2,0.08,46366.797,4,4,46366.795,0.0,0.0,0.0,0.002,579584.9625
1679806,IT,GR,PREC1,TEXT2,0.08,46366.79,4,4,46366.788,0.0,0.0,0.0,0.002,579584.875
1679804,IT,GR,PREC1,PLAS2,0.08,46366.79,4,4,46366.788,0.0,0.0,0.0,0.002,579584.875
1759843,IT,BR,FOODW,PREC1,0.34,46364.443,4,4,46364.44,0.0,0.0,0.0,0.003,136366.008824
1757224,IT,BR,VEGE1,MEATC,0.14,46359.936,4,4,46359.926,0.0,0.0,0.0,0.01,331142.4
1678853,IT,GR,FISH5,POULT,0.19,46359.923,4,4,46359.899,0.0,0.0,0.0,0.024,243999.594737
1798432,IT,WE,NATUR,WOODW,0.06,46359.439,4,4,46359.436,0.0,0.0,0.0,0.003,772657.316667
1681751,IT,HR,STONE,BUSIN,0.15,46356.787,5,5,46353.785,0.0,0.0,3.0,0.002,309045.246667
1796824,IT,WL,SEACO,RAWMI,0.05,46356.501,3,3,46356.501,0.0,0.0,0.0,0.0,927130.02
1753204,IT,CA,GLASS,RETA1,0.13,46356.265,4,4,46356.262,0.0,0.0,0.0,0.003,356586.653846
1643240,IT,AT,HOTEL,RADIO,0.34,46354.572,4,4,46354.569,0.0,0.0,0.0,0.003,136336.976471
1734432,IT,SK,OILSE,WHOLE,0.03,46350.72,4,4,46350.718,0.0,0.0,0.0,0.002,1545024.0
1752122,IT,CN,BUSIN,SECO9,0.48,46350.403,4,4,46350.4,0.0,0.0,0.0,0.003,96563.339583
1748180,IT,JP,FOODW,MEMBE,0.34,46344.872,4,4,46344.869,0.0,0.0,0.0,0.003,136308.447059
1657158,IT,DE,PLAST,HEALT,0.1,46342.968,4,4,46342.963,0.0,0.0,0.0,0.005,463429.68
1804107,IT,WF,PAPER,CHEMI,0.18,46342.452,4,4,46342.447,0.0,0.0,0.0,0.005,257458.066667
1649669,IT,BG,CERAM,RETA1,0.07,46340.477,4,4,46340.474,0.0,0.0,0.0,0.003,662006.814286
1714800,IT,NL,FOOD5,MEATA,0.22,46337.037,4,4,46337.033,0.0,0.0,0.0,0.004,210622.895455
1747136,IT,JP,CONST,WEARI,0.26,46332.772,4,4,46332.77,0.0,0.0,0.0,0.002,178202.969231
1662615,IT,DK,FABRI,RECRE,0.19,46328.714,4,4,46328.711,0.0,0.0,0.0,0.003,243835.336842
1677441,IT,FR,INSUR,PUBLI,0.95,46328.685,4,4,46328.683,0.0,0.0,0.0,0.002,48767.036842
1719747,IT,PL,BASIC,CEREA,0.05,46327.875,4,4,46327.872,0.0,0.0,0.0,0.003,926557.5
1686764,IT,HU,NONF1,CONST,0.01,46327.671,3,3,46327.671,0.0,0.0,0.0,0.0,4632767.1
1674724,IT,FR,GLASS,OILHA,0.13,46327.402,4,4,46327.399,0.0,0.0,0.0,0.003,356364.630769
1727810,IT,RO,BUSIN,LEAD1,0.48,46326.546,4,4,46326.543,0.0,0.0,0.0,0.003,96513.6375
1749368,IT,CN,PRINT,SUPPO,0.44,46325.577,4,4,46325.573,0.0,0.0,0.0,0.004,105285.402273
1738240,IT,GB,CEMEN,MOTO1,0.07,46323.979,4,4,46323.977,0.0,0.0,0.0,0.002,661771.128571
1661996,IT,DK,PLAST,MEATP,0.1,46323.555,4,4,46323.55,0.0,0.0,0.0,0.005,463235.55
1758591,IT,BR,MOTO1,ELECT,0.25,46322.098,4,4,46322.095,0.0,0.0,0.0,0.003,185288.392
1650303,IT,BG,ELEC2,MEATA,0.01,46318.296,4,4,46318.291,0.0,0.0,0.0,0.005,4631829.6
1716679,IT,NL,WHOLE,BASIC,0.4,46314.523,4,4,46314.52,0.0,0.0,0.0,0.003,115786.3075
1660296,IT,DE,POSTT,RENTI,0.76,46313.23,4,4,46313.226,0.0,0.0,0.0,0.004,60938.460526
1741466,IT,US,MOTOR,RETAI,0.07,46313.004,4,4,46313.0,0.0,0.0,0.0,0.004,661614.342857
1643331,IT,AT,RAILW,RUBBE,0.31,46310.067,4,4,46310.065,0.0,0.0,0.0,0.002,149387.312903
1679280,IT,GR,HEAVY,VEGET,0.07,46305.79,4,4,46305.786,0.0,0.0,0.0,0.004,661511.285714
1774469,IT,CH,LANDT,PRINT,0.3,46303.549,4,4,46303.547,0.0,0.0,0.0,0.002,154345.163333
1658030,IT,DE,PREC1,BRICK,0.08,46299.19,4,4,46299.188,0.0,0.0,0.0,0.002,578739.875
1766646,IT,RU,FABRI,NONME,0.19,46298.163,4,4,46298.16,0.0,0.0,0.0,0.003,243674.542105
1715993,IT,NL,BRICK,MACHI,0.07,46298.095,4,4,46298.092,0.0,0.0,0.0,0.003,661401.357143
1717888,IT,PL,OILSE,VEGE1,0.03,46293.492,4,4,46293.49,0.0,0.0,0.0,0.002,1543116.4
1785625,IT,ZA,HEAVY,CEREA,0.07,46290.835,4,4,46290.831,0.0,0.0,0.0,0.004,661297.642857
1653599,IT,CZ,PREC1,RUBBE,0.08,46282.594,4,4,46282.592,0.0,0.0,0.0,0.002,578532.425
1810582,IT,WM,PAPER,INERT,0.18,46277.429,4,4,46277.424,0.0,0.0,0.0,0.005,257096.827778
1768033,IT,RU,BUSIN,FISH5,0.48,46275.858,4,4,46275.855,0.0,0.0,0.0,0.003,96408.0375
1649352,IT,BG,PLAST,SALEM,0.1,46275.48,4,4,46275.475,0.0,0.0,0.0,0.005,462754.8
1663012,IT,DK,HOTEL,NONME,0.34,46272.942,4,4,46272.939,0.0,0.0,0.0,0.003,136096.888235
1809767,IT,WM,FOOD5,SUGA1,0.22,46272.552,4,4,46272.548,0.0,0.0,0.0,0.004,210329.781818
1689689,IT,IE,POSTT,RENTI,0.76,46272.362,4,4,46272.358,0.0,0.0,0.0,0.004,60884.686842
1746483,IT,JP,CERAM,RUBBE,0.07,46268.27,4,4,46268.267,0.0,0.0,0.0,0.003,660975.285714
1643404,IT,AT,LANDT,SUGA1,0.3,46267.86,4,4,46267.858,0.0,0.0,0.0,0.002,154226.2
1810263,IT,WM,LEATH,FABRI,0.33,46262.629,4,4,46262.621,0.0,0.0,0.0,0.008,140189.784848
1803559,IT,WF,DAIRY,FOOD5,0.19,46262.045,4,4,46262.042,0.0,0.0,0.0,0.003,243484.447368
1671992,IT,FI,LANDT,RENTI,0.3,46258.904,4,4,46258.902,0.0,0.0,0.0,0.002,154196.346667
1758188,IT,BR,BASIC,CEREA,0.05,46256.417,4,4,46256.414,0.0,0.0,0.0,0.003,925128.34
1787132,IT,ZA,BUSIN,HEALT,0.48,46256.242,4,4,46256.239,0.0,0.0,0.0,0.003,96367.170833
1679125,IT,GR,PAPER,BASIC,0.18,46255.499,4,4,46255.494,0.0,0.0,0.0,0.005,256974.994444
1779587,IT,TR,COMPU,ELE11,0.53,46255.416,4,4,46255.413,0.0,0.0,0.0,0.003,87274.369811
1662761,IT,DK,OFFIC,PUBLI,0.14,46255.021,4,4,46255.018,0.0,0.0,0.0,0.003,330393.007143
1664533,IT,EE,FURNI,CONST,0.15,46250.823,4,4,46250.819,0.0,0.0,0.0,0.004,308338.82
1711345,IT,LU,WHOLE,AIRTR,0.4,46249.718,4,4,46249.715,0.0,0.0,0.0,0.003,115624.295
1739089,IT,GB,WHOLE,BEVER,0.4,46247.444,4,4,46247.441,0.0,0.0,0.0,0.003,115618.61
1785433,IT,ZA,PAPER,LANDT,0.18,46247.436,4,4,46247.431,0.0,0.0,0.0,0.005,256930.2
1748215,IT,JP,PAPE1,MEMBE,0.32,46243.92,4,4,46243.917,0.0,0.0,0.0,0.003,144512.25
1751017,IT,CN,WHOLE,COKEO,0.4,46241.449,4,4,46241.446,0.0,0.0,0.0,0.003,115603.6225
1753903,IT,CA,RAILW,NONME,0.31,46240.026,4,4,46240.024,0.0,0.0,0.0,0.002,149161.374194
1807915,IT,WF,PLAS1,IRONO,0.17,46236.828,4,4,46236.825,0.0,0.0,0.0,0.003,271981.341176
1785489,IT,ZA,MOTOR,SUGAR,0.07,46232.853,4,4,46232.849,0.0,0.0,0.0,0.004,660469.328571
1727123,IT,RO,LANDT,ALUM1,0.3,46231.658,4,4,46231.656,0.0,0.0,0.0,0.002,154105.526667
1663678,IT,DK,BUSIN,MEMBE,0.47,46231.395,4,4,46231.392,0.0,0.0,0.0,0.003,98364.670213
1667769,IT,ES,OFFIC,LEATH,0.14,46229.785,4,4,46229.782,0.0,0.0,0.0,0.003,330212.75
1786336,IT,ZA,MACHI,RAWMI,0.26,46225.716,4,4,46225.712,0.0,0.0,0.0,0.004,177791.215385
1682703,IT,HR,GASDI,DAIRY,0.07,46225.316,4,4,46225.312,0.0,0.0,0.0,0.004,660361.657143
1768426,IT,AU,DAIRY,CATTL,0.19,46224.805,4,4,46224.802,0.0,0.0,0.0,0.003,243288.447368
1683465,IT,HR,PREC1,PLAST,0.08,46220.078,4,4,46220.076,0.0,0.0,0.0,0.002,577750.975
1663036,IT,DK,HOTEL,COLLE,0.33,46220.066,4,4,46220.063,0.0,0.0,0.0,0.003,140060.806061
1743769,IT,US,LANDT,BIOGA,0.3,46216.705,4,4,46216.703,0.0,0.0,0.0,0.002,154055.683333
1730278,IT,SE,SEACO,RETA1,0.05,46215.905,3,3,46215.905,0.0,0.0,0.0,0.0,924318.1
1709537,IT,LT,WOODW,PULP5,0.13,46211.866,4,4,46211.863,0.0,0.0,0.0,0.003,355475.892308
1710617,IT,LU,SANDC,WASTE,0.11,46210.311,5,5,46200.309,0.0,0.0,10.0,0.002,420093.736364
1809135,IT,WM,CROPS,RETAI,0.37,46207.647,4,4,46207.644,0.0,0.0,0.0,0.003,124885.532432
1658375,IT,DE,FABRI,SUGAR,0.19,46206.762,4,4,46206.759,0.0,0.0,0.0,0.003,243193.484211
1766948,IT,RU,MOTO1,LIQUE,0.25,46206.225,4,4,46206.222,0.0,0.0,0.0,0.003,184824.9
1779559,IT,TR,COMPU,PLAST,0.53,46204.109,4,4,46204.106,0.0,0.0,0.0,0.003,87177.564151
1715037,IT,NL,TEXTI,GLASS,0.27,46203.522,4,4,46203.516,0.0,0.0,0.0,0.006,171124.155556
1645766,IT,BE,RUBBE,NONF1,0.15,46203.175,4,4,46203.171,0.0,0.0,0.0,0.004,308021.166667
1740629,IT,US,CRUDE,LUBRI,0.09,46201.58,4,4,46201.576,0.0,0.0,0.0,0.004,513350.888889
1789678,IT,WA,RUBBE,DIST1,0.15,46200.935,4,4,46200.931,0.0,0.0,0.0,0.004,308006.233333
1759054,IT,BR,SEACO,PLAST,0.05,46199.301,3,3,46199.301,0.0,0.0,0.0,0.0,923986.02
1800956,IT,WE,ALUM1,TEXTI,0.08,46199.036,4,4,46199.032,0.0,0.0,0.0,0.004,577487.95
1676856,IT,FR,LANDT,FOODW,0.3,46198.236,4,4,46198.234,0.0,0.0,0.0,0.002,153994.12
1752032,IT,CN,RESEA,POSTT,0.25,46198.23,4,4,46198.227,0.0,0.0,0.0,0.003,184792.92
1727912,IT,SE,VEGET,MEATP,0.16,46197.958,4,4,46197.956,0.0,0.0,0.0,0.002,288737.2375
1758250,IT,BR,BASIC,RENTI,0.05,46196.587,4,4,46196.584,0.0,0.0,0.0,0.003,923931.74
1743291,IT,US,FURNI,COLLE,0.15,46193.552,4,4,46193.548,0.0,0.0,0.0,0.004,307957.013333
1812199,IT,WM,NONME,PAPER,0.09,46189.404,4,4,46189.399,0.0,0.0,0.0,0.005,513215.6
1718905,IT,PL,PRINT,MOTOR,0.44,46188.176,4,4,46188.172,0.0,0.0,0.0,0.004,104973.127273
1711734,IT,LU,BUSIN,RAILW,0.47,46179.146,4,4,46179.143,0.0,0.0,0.0,0.003,98253.502128
1679789,IT,GR,PREC1,MOTO1,0.08,46178.345,4,4,46178.343,0.0,0.0,0.0,0.002,577229.3125
1728386,IT,SE,TEXTI,TRAN2,0.27,46177.212,4,4,46177.206,0.0,0.0,0.0,0.006,171026.711111
1799314,IT,WE,WOODW,NATUR,0.13,46175.598,4,4,46175.595,0.0,0.0,0.0,0.003,355196.907692
1641326,IT,AT,KEROS,CRUDE,0.07,46170.713,4,4,46170.709,0.0,0.0,0.0,0.004,659581.614286
1748589,IT,CN,VEGE1,FURNI,0.14,46163.712,4,4,46163.702,0.0,0.0,0.0,0.01,329740.8
1658044,IT,DE,PREC1,RADIO,0.08,46161.487,4,4,46161.485,0.0,0.0,0.0,0.002,577018.5875
1684760,IT,HU,OILSE,FISH5,0.03,46160.872,4,4,46160.87,0.0,0.0,0.0,0.002,1538695.733333
1775718,IT,TR,CATTL,NONF1,0.1,46157.885,5,5,46156.882,0.0,1.0,0.0,0.003,461578.85
1640683,IT,AT,FISH5,PLAST,0.19,46153.015,4,4,46152.991,0.0,0.0,0.0,0.024,242910.605263
1744095,IT,US,SUPPO,WOODW,0.33,46149.148,4,4,46149.146,0.0,0.0,0.0,0.002,139845.90303
1673042,IT,FR,FOOD5,TOBAC,0.22,46148.822,4,4,46148.818,0.0,0.0,0.0,0.004,209767.372727
1796813,IT,WL,SEACO,PADDY,0.05,46141.614,3,3,46141.614,0.0,0.0,0.0,0.0,922832.28
1664796,IT,ES,VEGET,DAIRY,0.16,46138.396,4,4,46138.394,0.0,0.0,0.0,0.002,288364.975
1727218,IT,RO,SUPPO,FOOD5,0.33,46138.329,4,4,46138.327,0.0,0.0,0.0,0.002,139813.118182
1747054,IT,JP,FURNI,WEARI,0.15,46137.024,4,4,46137.02,0.0,0.0,0.0,0.004,307580.16
1711658,IT,LU,COMPU,WHOLE,0.53,46134.023,4,4,46134.02,0.0,0.0,0.0,0.003,87045.326415
1672301,IT,FI,RENTI,RESEA,0.28,46133.588,4,4,46133.585,0.0,0.0,0.0,0.003,164762.814286
1651772,IT,CY,OFFIC,HOTEL,0.14,46133.481,4,4,46133.478,0.0,0.0,0.0,0.003,329524.864286
1761272,IT,IN,RUBBE,NONME,0.15,46133.124,4,4,46133.12,0.0,0.0,0.0,0.004,307554.16
1804379,IT,WF,KEROS,BRICK,0.07,46129.786,4,4,46129.782,0.0,0.0,0.0,0.004,658996.942857
1647335,IT,BE,SEACO,WOODW,0.05,46128.523,3,3,46128.523,0.0,0.0,0.0,0.0,922570.46
1717638,IT,NL,BUSIN,BEVER,0.47,46127.192,4,4,46127.189,0.0,0.0,0.0,0.003,98142.961702
1812606,IT,WM,LEAD1,WHOLE,0.08,46126.549,4,4,46126.545,0.0,0.0,0.0,0.004,576581.8625
1737557,IT,GB,PULP5,RUBBE,0.14,46122.341,4,4,46122.337,0.0,0.0,0.0,0.004,329445.292857
1687987,IT,HU,RENTI,ELEC3,0.28,46119.0,4,4,46118.997,0.0,0.0,0.0,0.003,164710.714286
1726007,IT,RO,CHEM1,ELEC3,0.1,46114.461,4,4,46114.456,0.0,0.0,0.0,0.005,461144.61
1727857,IT,RO,BUSIN,WASTE,0.47,46108.097,4,4,46108.094,0.0,0.0,0.0,0.003,98102.334043
1658310,IT,DE,COPP1,COLLE,0.12,46107.276,4,4,46107.274,0.0,0.0,0.0,0.002,384227.3
1766591,IT,RU,FABRI,WHEAT,0.19,46105.71,4,4,46105.707,0.0,0.0,0.0,0.003,242661.631579
1716003,IT,NL,BRICK,BUSIN,0.07,46105.505,4,4,46105.502,0.0,0.0,0.0,0.003,658650.071429
1647251,IT,BE,LANDT,MEDIC,0.3,46104.226,4,4,46104.224,0.0,0.0,0.0,0.002,153680.753333
1740890,IT,US,DAIRY,MEMBE,0.19,46101.284,4,4,46101.281,0.0,0.0,0.0,0.003,242638.336842
1739875,IT,GB,FINAN,ELEC5,0.6,46098.507,3,3,46098.507,0.0,0.0,0.0,0.0,76830.845
1762224,IT,IN,SEACO,REALE,0.05,46095.867,3,3,46095.867,0.0,0.0,0.0,0.0,921917.34
1778562,IT,TR,RETA1,COLLE,0.48,46094.297,4,4,46094.294,0.0,0.0,0.0,0.003,96029.785417
1728885,IT,SE,CHEM1,MEATP,0.1,46092.13,4,4,46092.125,0.0,0.0,0.0,0.005,460921.3
1672379,IT,FI,BUSIN,CEMEN,0.47,46091.789,4,4,46091.786,0.0,0.0,0.0,0.003,98067.63617
1805489,IT,WF,CERAM,MEATA,0.07,46088.158,4,4,46088.156,0.0,0.0,0.0,0.002,658402.257143
1718679,IT,PL,WOODW,CEMEN,0.13,46087.532,4,4,46087.529,0.0,0.0,0.0,0.003,354519.476923
1803713,IT,WF,BEVER,93197,0.2,46087.235,4,4,46087.232,0.0,0.0,0.0,0.003,230436.175
1659992,IT,DE,SEACO,TRAN2,0.05,46084.217,3,3,46084.217,0.0,0.0,0.0,0.0,921684.34
1749048,IT,CN,LEATH,DIST1,0.33,46083.439,4,4,46083.431,0.0,0.0,0.0,0.008,139646.784848
1755408,IT,KR,GASDI,LANDT,0.07,46080.125,4,4,46080.121,0.0,0.0,0.0,0.004,658287.5
1659804,IT,DE,LANDT,WHITE,0.3,46079.738,4,4,46079.736,0.0,0.0,0.0,0.002,153599.126667
1736002,IT,SK,TRANS,MACHI,0.27,46079.219,4,4,46079.216,0.0,0.0,0.0,0.003,170663.774074
1720427,IT,PL,MACHI,WHITE,0.26,46077.236,4,4,46077.232,0.0,0.0,0.0,0.004,177220.138462
1683223,IT,HR,CERAM,VEGE1,0.07,46076.423,4,4,46076.421,0.0,0.0,0.0,0.002,658234.614286
1810464,IT,WM,PULP5,AUXIL,0.14,46075.376,4,4,46075.372,0.0,0.0,0.0,0.004,329109.828571
1733168,IT,SI,FABRI,FOOD3,0.19,46073.402,4,4,46073.399,0.0,0.0,0.0,0.003,242491.589474
1757916,IT,BR,CHEM1,HOTEL,0.1,46073.297,4,4,46073.292,0.0,0.0,0.0,0.005,460732.97
1717381,IT,NL,FINAN,MEMBE,0.6,46070.212,3,3,46070.212,0.0,0.0,0.0,0.0,76783.686667
1790799,IT,WA,MACHI,NFERT,0.26,46066.575,4,4,46066.571,0.0,0.0,0.0,0.004,177179.134615
1803816,IT,WF,TEXTI,CHARC,0.27,46066.503,4,4,46066.497,0.0,0.0,0.0,0.006,170616.677778
1644691,IT,BE,BEVER,RUBBE,0.2,46065.331,4,4,46065.328,0.0,0.0,0.0,0.003,230326.655
1759625,IT,BR,RESEA,DAIRY,0.25,46065.152,4,4,46065.149,0.0,0.0,0.0,0.003,184260.608
1794801,IT,WL,PLAST,CHARC,0.1,46064.791,4,4,46064.786,0.0,0.0,0.0,0.005,460647.91
1748171,IT,JP,FOODW,FURNI,0.34,46064.018,4,4,46064.015,0.0,0.0,0.0,0.003,135482.405882
1809507,IT,WM,MEAT4,WEARI,0.25,46060.338,4,4,46060.335,0.0,0.0,0.0,0.003,184241.352
1678624,IT,GR,CHEMI,CEMEN,0.11,46059.829,5,5,46057.825,0.0,0.0,2.0,0.004,418725.718182
1714375,IT,MT,PRIVA,HEALT,10.28,46058.441,4,4,46058.434,0.0,0.0,0.0,0.007,4480.393093
1738372,IT,GB,PREC1,GLASS,0.08,46057.25,4,4,46057.248,0.0,0.0,0.0,0.002,575715.625
1690201,IT,IE,BUSIN,OFFIC,0.47,46055.447,4,4,46055.444,0.0,0.0,0.0,0.003,97990.312766
1643361,IT,AT,RAILW,RAILW,0.31,46054.692,4,4,46054.69,0.0,0.0,0.0,0.002,148563.522581
1645372,IT,BE,HEAVY,REFI1,0.07,46053.439,4,4,46053.435,0.0,0.0,0.0,0.004,657906.271429
1793475,IT,WL,CHEMI,CATTL,0.11,46051.902,5,5,46049.898,0.0,0.0,2.0,0.004,418653.654545
1742393,IT,US,NONME,ELEC1,0.09,46051.771,4,4,46051.766,0.0,0.0,0.0,0.005,511686.344444
1780278,IT,TW,LANDT,MOTO1,0.3,46051.654,4,4,46051.652,0.0,0.0,0.0,0.002,153505.513333
1768856,IT,AU,LEATH,POSTT,0.33,46049.363,4,4,46049.355,0.0,0.0,0.0,0.008,139543.524242
1660091,IT,DE,AIRTR,SECO9,0.05,46049.259,3,3,46049.259,0.0,0.0,0.0,0.0,920985.18
1727606,IT,RO,REALE,BUSIN,1.95,46049.071,4,4,46049.068,0.0,0.0,0.0,0.003,23614.908205
1668857,IT,ES,SEACO,VEGE1,0.05,46044.003,3,3,46044.003,0.0,0.0,0.0,0.0,920880.06
1749081,IT,CN,WOODW,FORES,0.13,46043.052,4,4,46043.049,0.0,0.0,0.0,0.003,354177.323077
1766445,IT,RU,BASIC,FOOD3,0.05,46039.971,4,4,46039.968,0.0,0.0,0.0,0.003,920799.42
1719216,IT,PL,CHEM1,MEATA,0.1,46039.191,4,4,46039.186,0.0,0.0,0.0,0.005,460391.91
1681204,IT,GR,POSTT,COMPU,0.76,46037.092,4,4,46037.088,0.0,0.0,0.0,0.004,60575.121053
1674060,IT,FR,GASDI,INSUR,0.07,46036.663,4,4,46036.659,0.0,0.0,0.0,0.004,657666.614286
1768628,IT,AU,FISH5,WHOLE,0.19,46035.918,4,4,46035.894,0.0,0.0,0.0,0.024,242294.305263
1671239,IT,FI,BASIC,PFERT,0.05,46035.045,4,4,46035.042,0.0,0.0,0.0,0.003,920700.9
1717111,IT,NL,SEACO,PLAST,0.05,46034.9,3,3,46034.9,0.0,0.0,0.0,0.0,920698.0
1743113,IT,US,MOTO1,BIOGA,0.25,46034.317,4,4,46034.314,0.0,0.0,0.0,0.003,184137.268
1709683,IT,LT,PLAST,TRANS,0.1,46023.231,4,4,46023.226,0.0,0.0,0.0,0.005,460232.31
1682321,IT,HR,WOODW,VEGE1,0.13,46023.219,4,4,46023.216,0.0,0.0,0.0,0.003,354024.761538
1745731,IT,JP,WEARI,LIQUE,0.35,46021.874,4,4,46021.865,0.0,0.0,0.0,0.009,131491.068571
1718410,IT,PL,BEVER,RENTI,0.2,46020.77,4,4,46020.767,0.0,0.0,0.0,0.003,230103.85
1769859,IT,AU,OFFIC,WHOLE,0.14,46019.79,4,4,46019.787,0.0,0.0,0.0,0.003,328712.785714
1782912,IT,NO,SEACO,REALE,0.05,46018.529,3,3,46018.529,0.0,0.0,0.0,0.0,920370.58
1647833,IT,BE,AUXIL,CONST,0.84,46009.325,4,4,46009.323,0.0,0.0,0.0,0.002,54773.005952
1760381,IT,IN,VEGE1,PROCE,0.14,46006.862,4,4,46006.852,0.0,0.0,0.0,0.01,328620.442857
1805706,IT,WF,BASIC,LEATH,0.05,46004.477,4,4,46004.474,0.0,0.0,0.0,0.003,920089.54
1721062,IT,PL,HOTEL,FURNI,0.33,45997.425,4,4,45997.422,0.0,0.0,0.0,0.003,139386.136364
1685886,IT,HU,CHEM1,FOUND,0.1,45996.077,4,4,45996.072,0.0,0.0,0.0,0.005,459960.77
1769944,IT,AU,MOTO1,RESEA,0.24,45996.009,4,4,45996.006,0.0,0.0,0.0,0.003,191650.0375
1759058,IT,BR,SEACO,RUBBE,0.05,45994.967,3,3,45994.967,0.0,0.0,0.0,0.0,919899.34
1731548,IT,SI,TEXTI,BEVER,0.27,45992.774,4,4,45992.768,0.0,0.0,0.0,0.006,170343.607407
1757752,IT,BR,NONSP,LIQUE,0.06,45991.723,4,4,45991.721,0.0,0.0,0.0,0.002,766528.716667
1785746,IT,ZA,PLAST,PAPER,0.1,45984.896,4,4,45984.891,0.0,0.0,0.0,0.005,459848.96
1764227,IT,MX,MACHI,BITU1,0.26,45984.611,4,4,45984.607,0.0,0.0,0.0,0.004,176863.888462
1811863,IT,WM,RUBBE,PULP5,0.15,45980.838,4,4,45980.834,0.0,0.0,0.0,0.004,306538.92
1767270,IT,RU,HOTEL,RUBBE,0.33,45979.751,4,4,45979.748,0.0,0.0,0.0,0.003,139332.578788
1649447,IT,BG,CHEM1,DIST1,0.1,45979.18,4,4,45979.175,0.0,0.0,0.0,0.005,459791.8
1810246,IT,WM,LEATH,PLAST,0.33,45978.613,4,4,45978.605,0.0,0.0,0.0,0.008,139329.130303
1713387,IT,MT,LIQUE,HOTEL,0.08,45978.487,4,4,45978.483,0.0,0.0,0.0,0.004,574731.0875
1773589,IT,CH,MOTO1,93197,0.24,45976.96,4,4,45976.957,0.0,0.0,0.0,0.003,191570.666667
1721201,IT,PL,LANDT,BITUM,0.3,45976.339,4,4,45976.337,0.0,0.0,0.0,0.002,153254.463333
1741503,IT,US,AVIAT,GASDI,0.11,45974.444,4,4,45974.441,0.0,0.0,0.0,0.003,417949.490909
1641440,IT,AT,GASDI,FABRI,0.07,45973.3,4,4,45973.296,0.0,0.0,0.0,0.004,656761.428571
1709810,IT,LT,RUBBE,ELECT,0.15,45971.079,4,4,45971.075,0.0,0.0,0.0,0.004,306473.86
1674184,IT,FR,LIQUE,WOODW,0.08,45966.235,4,4,45966.231,0.0,0.0,0.0,0.004,574577.9375
1729812,IT,SE,MACHI,WASTE,0.26,45961.899,4,4,45961.895,0.0,0.0,0.0,0.004,176776.534615
1648378,IT,BE,RECRE,PLAST,0.58,45961.523,4,4,45961.52,0.0,0.0,0.0,0.003,79244.005172
1776281,IT,TR,PAPER,MEAT4,0.18,45957.869,4,4,45957.864,0.0,0.0,0.0,0.005,255321.494444
1713258,IT,MT,PAPER,SUPPO,0.18,45955.442,4,4,45955.437,0.0,0.0,0.0,0.005,255308.011111
1667373,IT,ES,COPP1,NICKE,0.12,45951.361,4,4,45951.359,0.0,0.0,0.0,0.002,382928.008333
1729153,IT,SE,GLASS,MOTO1,0.13,45950.783,4,4,45950.78,0.0,0.0,0.0,0.003,353467.561538
1768024,IT,RU,BUSIN,MEATP,0.47,45949.432,4,4,45949.429,0.0,0.0,0.0,0.003,97764.748936
1664957,IT,ES,SANDC,GLASS,0.11,45947.553,5,5,45937.551,0.0,0.0,10.0,0.002,417705.027273
1711733,IT,LU,BUSIN,HOTEL,0.47,45946.028,4,4,45946.025,0.0,0.0,0.0,0.003,97757.506383
1788309,IT,WA,LEATH,ELEC4,0.33,45945.072,4,4,45945.064,0.0,0.0,0.0,0.008,139227.490909
1757606,IT,BR,GASDI,MOTO1,0.07,45944.247,4,4,45944.243,0.0,0.0,0.0,0.004,656346.385714
1735726,IT,SK,FABRI,LANDT,0.19,45941.628,4,4,45941.625,0.0,0.0,0.0,0.003,241798.042105
1791092,IT,WA,TRANS,NONME,0.27,45935.248,4,4,45935.246,0.0,0.0,0.0,0.002,170130.548148
1746936,IT,JP,MOTO1,COPP1,0.24,45935.203,4,4,45935.2,0.0,0.0,0.0,0.003,191396.679167
1765196,IT,MX,BUSIN,SUPPO,0.47,45931.414,4,4,45931.411,0.0,0.0,0.0,0.003,97726.412766
1769194,IT,AU,CHEM1,AIRTR,0.1,45929.907,4,4,45929.902,0.0,0.0,0.0,0.005,459299.07
1643559,IT,AT,SEACO,FABRI,0.05,45929.888,3,3,45929.888,0.0,0.0,0.0,0.0,918597.76
1669735,IT,ES,BUSIN,STONE,0.47,45928.346,4,4,45928.343,0.0,0.0,0.0,0.003,97719.885106
1761194,IT,IN,ADDIT,NAPHT,0.11,45925.299,4,4,45925.295,0.0,0.0,0.0,0.004,417502.718182
1750574,IT,CN,OFFIC,TEXTI,0.14,45923.044,4,4,45923.041,0.0,0.0,0.0,0.003,328021.742857
1728890,IT,SE,CHEM1,SUGA1,0.1,45921.635,4,4,45921.63,0.0,0.0,0.0,0.005,459216.35
1756560,IT,KR,RETA1,BASIC,0.48,45918.316,4,4,45918.313,0.0,0.0,0.0,0.003,95663.158333
1718485,IT,PL,TEXTI,CEMEN,0.27,45918.173,4,4,45918.167,0.0,0.0,0.0,0.006,170067.307407
1649862,IT,BG,COPP1,FABRI,0.12,45917.156,4,4,45917.154,0.0,0.0,0.0,0.002,382642.966667
1803939,IT,WF,WEARI,FINAN,0.35,45915.242,4,4,45915.233,0.0,0.0,0.0,0.009,131186.405714
1809293,IT,WM,STONE,SANDC,0.15,45914.946,5,5,45911.944,0.0,0.0,3.0,0.002,306099.64
1760089,IT,BR,OILHA,PAPE4,0.26,45912.691,4,4,45912.688,0.0,0.0,0.0,0.003,176587.273077
1806311,IT,WF,OFFIC,NATUR,0.14,45911.228,4,4,45911.225,0.0,0.0,0.0,0.003,327937.342857
1757564,IT,BR,GASDI,VEGET,0.07,45908.166,4,4,45908.162,0.0,0.0,0.0,0.004,655830.942857
1809427,IT,WM,CHEMI,LEAD1,0.11,45900.824,5,5,45898.82,0.0,0.0,2.0,0.004,417280.218182
1667142,IT,ES,BASIC,CEMEN,0.05,45900.796,4,4,45900.793,0.0,0.0,0.0,0.003,918015.92
1770194,IT,AU,HOTEL,OILSE,0.33,45900.344,4,4,45900.341,0.0,0.0,0.0,0.003,139091.951515
1655084,IT,CZ,COMPU,WHOLE,0.52,45900.122,4,4,45900.119,0.0,0.0,0.0,0.003,88269.465385
1729313,IT,SE,NONME,RADIO,0.09,45895.315,4,4,45895.31,0.0,0.0,0.0,0.005,509947.944444
1719830,IT,PL,BASIC,ELEC5,0.05,45894.129,4,4,45894.126,0.0,0.0,0.0,0.003,917882.58
1668595,IT,ES,HOTEL,PAPE4,0.33,45893.533,4,4,45893.53,0.0,0.0,0.0,0.003,139071.312121
1784641,IT,ID,MACHI,RESEA,0.26,45893.434,4,4,45893.43,0.0,0.0,0.0,0.004,176513.207692
1662137,IT,DK,RUBBE,WEARI,0.15,45890.752,4,4,45890.748,0.0,0.0,0.0,0.004,305938.346667
1806504,IT,WF,TRANS,FINAN,0.27,45889.114,4,4,45889.112,0.0,0.0,0.0,0.002,169959.681481
1689592,IT,IE,AIRTR,CONST,0.05,45888.773,3,3,45888.773,0.0,0.0,0.0,0.0,917775.46
1787955,IT,WA,TOBAC,CHEM1,0.18,45886.891,4,4,45886.888,0.0,0.0,0.0,0.003,254927.172222
1728465,IT,SE,LEATH,CONST,0.33,45881.901,4,4,45881.893,0.0,0.0,0.0,0.008,139036.063636
1651408,IT,CY,KEROS,CROPS,0.07,45881.408,4,4,45881.404,0.0,0.0,0.0,0.004,655448.685714
1647276,IT,BE,LANDT,SEACO,0.3,45881.351,4,4,45881.349,0.0,0.0,0.0,0.002,152937.836667
1654160,IT,CZ,MOTO1,CERAM,0.24,45880.505,4,4,45880.502,0.0,0.0,0.0,0.003,191168.770833
1726188,IT,RO,CERAM,CERAM,0.07,45875.248,4,4,45875.246,0.0,0.0,0.0,0.002,655360.685714
1761260,IT,IN,RUBBE,PLAST,0.15,45874.8,4,4,45874.796,0.0,0.0,0.0,0.004,305832.0
1663244,IT,DK,SEACO,LEATH,0.05,45873.387,3,3,45873.387,0.0,0.0,0.0,0.0,917467.74
1673019,IT,FR,SUGA1,HEALT,0.11,45870.843,4,4,45870.835,0.0,0.0,0.0,0.008,417007.663636
1771259,IT,CH,VEGE1,SUPPO,0.14,45869.518,4,4,45869.508,0.0,0.0,0.0,0.01,327639.414286
1713403,IT,MT,BITU1,MOTO1,0.07,45864.091,4,4,45864.087,0.0,0.0,0.0,0.004,655201.3
1742649,IT,US,COPP1,OFFIC,0.12,45863.891,4,4,45863.889,0.0,0.0,0.0,0.002,382199.091667
1737445,IT,GB,LEATH,WEARI,0.33,45859.765,4,4,45859.757,0.0,0.0,0.0,0.008,138968.984848
1711161,IT,LU,FABRI,WHOLE,0.19,45859.261,4,4,45859.258,0.0,0.0,0.0,0.003,241364.531579
1785629,IT,ZA,HEAVY,CATTL,0.07,45856.448,4,4,45856.444,0.0,0.0,0.0,0.004,655092.114286
1748628,IT,CN,DAIRY,MOTOR,0.19,45855.233,4,4,45855.23,0.0,0.0,0.0,0.003,241343.331579
1688741,IT,IE,ADDIT,WOODW,0.11,45852.073,4,4,45852.069,0.0,0.0,0.0,0.004,416837.027273
1754528,IT,CA,BUSIN,ELEC4,0.47,45850.679,4,4,45850.676,0.0,0.0,0.0,0.003,97554.63617
1782314,IT,NO,NONF1,NONME,0.01,45849.638,3,3,45849.638,0.0,0.0,0.0,0.0,4584963.8
1794444,IT,WL,GASDI,MEATP,0.07,45848.856,4,4,45848.852,0.0,0.0,0.0,0.004,654983.657143
1749406,IT,CN,KEROS,IRONO,0.07,45846.875,4,4,45846.871,0.0,0.0,0.0,0.004,654955.357143
1738968,IT,GB,CONST,REALE,0.26,45841.076,4,4,45841.074,0.0,0.0,0.0,0.002,176311.830769
1723467,IT,PT,ALUM1,GLASS,0.08,45840.168,4,4,45840.164,0.0,0.0,0.0,0.004,573002.1
1712068,IT,LV,BEVER,CHEM1,0.19,45838.235,4,4,45838.232,0.0,0.0,0.0,0.003,241253.868421
1737954,IT,GB,CHEM1,LEAD1,0.1,45836.689,4,4,45836.684,0.0,0.0,0.0,0.005,458366.89
1662722,IT,DK,MACHI,MEMBE,0.26,45832.281,4,4,45832.277,0.0,0.0,0.0,0.004,176278.003846
1774735,IT,CH,SUPPO,SALEM,0.33,45832.252,4,4,45832.25,0.0,0.0,0.0,0.002,138885.612121
1787679,IT,WA,VEGE1,ANIMA,0.14,45831.058,4,4,45831.048,0.0,0.0,0.0,0.01,327364.7
1748970,IT,CN,LEATH,SUGAR,0.33,45830.486,4,4,45830.478,0.0,0.0,0.0,0.008,138880.260606
1666820,IT,ES,RUBBE,WASTE,0.15,45827.993,4,4,45827.989,0.0,0.0,0.0,0.004,305519.953333
1649311,IT,BG,NONSP,STEAM,0.06,45826.219,4,4,45826.217,0.0,0.0,0.0,0.002,763770.316667
1643972,IT,AT,COMPU,CONST,0.52,45824.422,4,4,45824.419,0.0,0.0,0.0,0.003,88123.888462
1780308,IT,TW,TRAN2,NAPHT,0.07,45824.377,3,3,45824.377,0.0,0.0,0.0,0.0,654633.957143
1660929,IT,DE,BUSIN,WEARI,0.47,45821.043,4,4,45821.04,0.0,0.0,0.0,0.003,97491.580851
1652161,IT,CZ,VEGE1,MEATP,0.14,45819.945,4,4,45819.935,0.0,0.0,0.0,0.01,327285.321429
1720254,IT,PL,FABRI,COKIN,0.19,45818.607,4,4,45818.604,0.0,0.0,0.0,0.003,241150.563158
1666269,IT,ES,HEAVY,COMPU,0.07,45818.005,4,4,45818.001,0.0,0.0,0.0,0.004,654542.928571
1684934,IT,HU,MEATC,CROPS,0.15,45817.036,5,5,45816.033,0.0,1.0,0.0,0.003,305446.906667
1644373,IT,BE,CHEMI,REALE,0.11,45813.167,5,5,45811.163,0.0,0.0,2.0,0.004,416483.336364
1779239,IT,TR,POSTT,MEMBE,0.75,45803.201,4,4,45803.198,0.0,0.0,0.0,0.003,61070.934667
1796175,IT,WL,FURNI,LEATH,0.15,45801.159,4,4,45801.155,0.0,0.0,0.0,0.004,305341.06
1788806,IT,WA,KEROS,RETA1,0.07,45795.76,4,4,45795.756,0.0,0.0,0.0,0.004,654225.142857
1711729,IT,LU,BUSIN,SALEM,0.47,45794.148,4,4,45794.145,0.0,0.0,0.0,0.003,97434.357447
1723260,IT,PT,GLASS,PRINT,0.13,45790.014,4,4,45790.011,0.0,0.0,0.0,0.003,352230.876923
1669519,IT,ES,AUXIL,BUSIN,0.84,45788.338,4,4,45788.336,0.0,0.0,0.0,0.002,54509.92619
1763009,IT,MX,BEVER,FOOD5,0.19,45783.255,4,4,45783.252,0.0,0.0,0.0,0.003,240964.5
1649238,IT,BG,GASDI,CEREA,0.07,45780.544,4,4,45780.54,0.0,0.0,0.0,0.004,654007.771429
1712194,IT,LV,PAPER,WHEAT,0.18,45778.687,4,4,45778.682,0.0,0.0,0.0,0.005,254326.038889
1741184,IT,US,LEATH,RENTI,0.33,45774.483,4,4,45774.475,0.0,0.0,0.0,0.008,138710.554545
1723921,IT,PT,FURNI,PUBLI,0.15,45774.339,4,4,45774.335,0.0,0.0,0.0,0.004,305162.26
1735785,IT,SK,MACHI,PRINT,0.26,45771.778,4,4,45771.774,0.0,0.0,0.0,0.004,176045.3
1794773,IT,WL,PLAST,VEGE1,0.1,45765.933,4,4,45765.928,0.0,0.0,0.0,0.005,457659.33
1733121,IT,SI,FABRI,LEAD1,0.19,45764.132,4,4,45764.129,0.0,0.0,0.0,0.003,240863.852632
1789868,IT,WA,CERAM,FINAN,0.07,45757.565,4,4,45757.563,0.0,0.0,0.0,0.002,653679.5
1646518,IT,BE,MACHI,INTER,0.26,45757.101,4,4,45757.097,0.0,0.0,0.0,0.004,175988.85
1790041,IT,WA,NONME,RESEA,0.09,45756.298,4,4,45756.293,0.0,0.0,0.0,0.005,508403.311111
1761808,IT,IN,MACHI,FOOD3,0.26,45755.81,4,4,45755.806,0.0,0.0,0.0,0.004,175983.884615
1772594,IT,CH,RUBBE,FOOD2,0.15,45751.795,4,4,45751.791,0.0,0.0,0.0,0.004,305011.966667
1805910,IT,WF,ALUM1,PUBLI,0.08,45748.595,4,4,45748.591,0.0,0.0,0.0,0.004,571857.4375
1789677,IT,WA,RUBBE,BIOG1,0.15,45745.578,4,4,45745.574,0.0,0.0,0.0,0.004,304970.52
1757815,IT,BR,PFERT,RAWMI,0.02,45736.286,4,4,45736.279,0.0,0.0,0.0,0.007,2286814.3
1641755,IT,AT,CHEM1,SUGA1,0.1,45732.246,4,4,45732.241,0.0,0.0,0.0,0.005,457322.46
1752281,IT,CA,STONE,FOUND,0.15,45729.895,5,5,45726.893,0.0,0.0,3.0,0.002,304865.966667
1750226,IT,CN,LEAD1,DISTR,0.08,45729.08,4,4,45729.076,0.0,0.0,0.0,0.004,571613.5
1751601,IT,CN,POSTT,SALEM,0.75,45726.724,4,4,45726.721,0.0,0.0,0.0,0.003,60968.965333
1656597,IT,DE,PRINT,CEMEN,0.44,45724.176,4,4,45724.173,0.0,0.0,0.0,0.003,103918.581818
1714585,IT,NL,STONE,PUBLI,0.15,45723.629,5,5,45720.627,0.0,0.0,3.0,0.002,304824.193333
1642508,IT,AT,LEAD1,RESEA,0.08,45722.41,4,4,45722.406,0.0,0.0,0.0,0.004,571530.125
1794553,IT,WL,HEAVY,WEARI,0.07,45720.268,4,4,45720.264,0.0,0.0,0.0,0.004,653146.685714
1798474,IT,WE,NATUR,CONST,0.06,45716.892,4,4,45716.889,0.0,0.0,0.0,0.003,761948.2
1773101,IT,CH,LEAD1,REALE,0.08,45712.181,4,4,45712.177,0.0,0.0,0.0,0.004,571402.2625
1738950,IT,GB,FURNI,INERT,0.15,45708.505,4,4,45708.501,0.0,0.0,0.0,0.004,304723.366667
1752926,IT,CA,PLAST,TEXTI,0.1,45706.938,4,4,45706.933,0.0,0.0,0.0,0.005,457069.38
1655377,IT,DE,CROPS,MEAT4,0.36,45704.335,4,4,45704.332,0.0,0.0,0.0,0.003,126956.486111
1727162,IT,RO,LANDT,EDUCA,0.29,45703.746,4,4,45703.744,0.0,0.0,0.0,0.002,157599.124138
1794653,IT,WL,NAPHT,BEVER,0.08,45702.444,4,4,45702.441,0.0,0.0,0.0,0.003,571280.55
1788912,IT,WA,HEAVY,PIGS9,0.07,45699.228,4,4,45699.224,0.0,0.0,0.0,0.004,652846.114286
1723400,IT,PT,BASIC,SECO9,0.05,45699.117,4,4,45699.114,0.0,0.0,0.0,0.003,913982.34
1761809,IT,IN,MACHI,WASTE,0.25,45696.932,4,4,45696.928,0.0,0.0,0.0,0.004,182787.728
1676363,IT,FR,WHOLE,SUGA1,0.39,45695.485,4,4,45695.482,0.0,0.0,0.0,0.003,117167.910256
1724147,IT,PT,RETA1,CONST,0.48,45692.982,4,4,45692.979,0.0,0.0,0.0,0.003,95193.7125
1805136,IT,WF,PFERT,LEADZ,0.02,45691.01,4,4,45691.003,0.0,0.0,0.0,0.007,2284550.5
1757627,IT,BR,GASDI,HEALT,0.07,45690.811,4,4,45690.807,0.0,0.0,0.0,0.004,652725.871429
1653212,IT,CZ,RUBBE,MEATC,0.15,45688.968,4,4,45688.964,0.0,0.0,0.0,0.004,304593.12
1746115,IT,JP,PRINT,RECRE,0.44,45687.907,4,4,45687.904,0.0,0.0,0.0,0.003,103836.152273
1790235,IT,WA,PREC1,LEAD1,0.08,45686.966,4,4,45686.964,0.0,0.0,0.0,0.002,571087.075
1791205,IT,WA,FURNI,RUBBE,0.15,45685.755,4,4,45685.751,0.0,0.0,0.0,0.004,304571.7
1789051,IT,WA,NAPHT,ELEC2,0.08,45675.763,4,4,45675.76,0.0,0.0,0.0,0.003,570947.0375
1805369,IT,WF,RUBBE,CHARC,0.15,45675.526,4,4,45675.522,0.0,0.0,0.0,0.004,304503.506667
1804625,IT,WF,HEAVY,LEAD1,0.07,45671.035,4,4,45671.031,0.0,0.0,0.0,0.004,652443.357143
1721168,IT,PL,RAILW,POSTT,0.31,45670.226,4,4,45670.224,0.0,0.0,0.0,0.002,147323.309677
1788458,IT,WA,PULP5,NFERT,0.14,45667.105,4,4,45667.101,0.0,0.0,0.0,0.004,326193.607143
1772049,IT,CH,PRINT,FURNI,0.44,45666.738,4,4,45666.735,0.0,0.0,0.0,0.003,103788.040909
1751584,IT,CN,POSTT,ELECT,0.75,45666.342,4,4,45666.339,0.0,0.0,0.0,0.003,60888.456
1671269,IT,FI,BASIC,RAILW,0.05,45665.221,4,4,45665.218,0.0,0.0,0.0,0.003,913304.42
1732136,IT,SI,GASDI,PRINT,0.07,45662.563,4,4,45662.559,0.0,0.0,0.0,0.004,652322.328571
1800734,IT,WE,NONME,NATUR,0.09,45658.461,4,4,45658.456,0.0,0.0,0.0,0.005,507316.233333
1789500,IT,WA,ADDIT,PLAST,0.11,45657.148,4,4,45657.144,0.0,0.0,0.0,0.004,415064.981818
1795571,IT,WL,COPP1,ELECT,0.12,45652.407,4,4,45652.405,0.0,0.0,0.0,0.002,380436.725
1725459,IT,RO,WEARI,LEATH,0.34,45646.902,4,4,45646.893,0.0,0.0,0.0,0.009,134255.594118
1717051,IT,NL,LANDT,DISTR,0.29,45644.617,4,4,45644.615,0.0,0.0,0.0,0.002,157395.231034
1791942,IT,WA,SEACO,WEARI,0.05,45639.955,3,3,45639.955,0.0,0.0,0.0,0.0,912799.1
1755377,IT,KR,MOTOR,LANDT,0.07,45638.197,4,4,45638.193,0.0,0.0,0.0,0.004,651974.242857
1725732,IT,RO,PAPER,93197,0.18,45635.665,4,4,45635.66,0.0,0.0,0.0,0.005,253531.472222
1712958,IT,MT,OILSE,PLAST,0.03,45634.984,4,4,45634.982,0.0,0.0,0.0,0.002,1521166.133333
1647928,IT,BE,REALE,AUXIL,1.93,45631.581,4,4,45631.578,0.0,0.0,0.0,0.003,23643.306218
1761548,IT,IN,LEAD1,TRANS,0.08,45630.194,4,4,45630.19,0.0,0.0,0.0,0.004,570377.425
1778879,IT,TR,SEACO,PRECI,0.05,45627.224,3,3,45627.224,0.0,0.0,0.0,0.0,912544.48
1732215,IT,SI,HEAVY,FISH5,0.07,45626.032,4,4,45626.028,0.0,0.0,0.0,0.004,651800.457143
1715690,IT,NL,NONSP,WHOLE,0.06,45625.65,4,4,45625.648,0.0,0.0,0.0,0.002,760427.5
1653738,IT,CZ,COPP1,ADDIT,0.12,45622.497,4,4,45622.495,0.0,0.0,0.0,0.002,380187.475
1712018,IT,LV,VEGE1,FOOD5,0.14,45622.424,4,4,45622.414,0.0,0.0,0.0,0.01,325874.457143
1735073,IT,SK,CHEM1,GASDI,0.1,45620.788,4,4,45620.783,0.0,0.0,0.0,0.005,456207.88
1656619,IT,DE,PRINT,DISTR,0.44,45619.844,4,4,45619.841,0.0,0.0,0.0,0.003,103681.463636
1753004,IT,CA,CHEM1,BITU1,0.1,45618.721,4,4,45618.716,0.0,0.0,0.0,0.005,456187.21
1746268,IT,JP,CHEM1,ELEC1,0.1,45618.686,4,4,45618.681,0.0,0.0,0.0,0.005,456186.86
1683028,IT,HR,CHEM1,RETAI,0.1,45618.63,4,4,45618.625,0.0,0.0,0.0,0.005,456186.3
1781631,IT,NO,LEATH,NATUR,0.33,45615.805,4,4,45615.797,0.0,0.0,0.0,0.008,138229.712121
1662572,IT,DK,FABRI,CEMEN,0.19,45610.174,4,4,45610.171,0.0,0.0,0.0,0.003,240053.547368
1652629,IT,CZ,WOODW,CERAM,0.13,45609.141,4,4,45609.138,0.0,0.0,0.0,0.003,350839.546154
1727049,IT,RO,RAILW,FABRI,0.31,45608.974,4,4,45608.972,0.0,0.0,0.0,0.002,147125.722581
1770214,IT,AU,HOTEL,URANI,0.33,45604.07,4,4,45604.067,0.0,0.0,0.0,0.003,138194.151515
1747532,IT,JP,AIRTR,SANDC,0.05,45601.05,3,3,45601.05,0.0,0.0,0.0,0.0,912021.0
1777488,IT,TR,BASIC,PFERT,0.05,45600.922,4,4,45600.919,0.0,0.0,0.0,0.003,912018.44
1649071,IT,BG,PAPER,MEAT4,0.18,45600.581,4,4,45600.577,0.0,0.0,0.0,0.004,253336.561111
1763501,IT,MX,PFERT,PLAST,0.02,45599.894,4,4,45599.887,0.0,0.0,0.0,0.007,2279994.7
1661835,IT,DK,PAPER,DAIRY,0.18,45594.332,4,4,45594.328,0.0,0.0,0.0,0.004,253301.844444
1802950,IT,WF,WHEAT,NICKE,0.03,45593.628,3,3,45593.628,0.0,0.0,0.0,0.0,1519787.6
1807045,IT,WF,TRAN2,TRAN2,0.07,45591.206,3,3,45591.206,0.0,0.0,0.0,0.0,651302.942857
1723815,IT,PT,MOTO1,TEXTI,0.24,45587.487,4,4,45587.484,0.0,0.0,0.0,0.003,189947.8625
1678799,IT,GR,FOOD5,REALE,0.22,45586.851,4,4,45586.847,0.0,0.0,0.0,0.004,207212.959091
1764638,IT,MX,RETA1,CHEM1,0.48,45586.675,4,4,45586.672,0.0,0.0,0.0,0.003,94972.239583
1809860,IT,WM,BEVER,MEATA,0.19,45584.847,4,4,45584.844,0.0,0.0,0.0,0.003,239920.247368
1731917,IT,SI,MOTOR,WOODW,0.07,45584.473,4,4,45584.469,0.0,0.0,0.0,0.004,651206.757143
1777584,IT,TR,ALUM1,MEATC,0.08,45584.249,4,4,45584.245,0.0,0.0,0.0,0.004,569803.1125
1731948,IT,SI,MOTOR,AIRTR,0.07,45583.879,4,4,45583.875,0.0,0.0,0.0,0.004,651198.271429
1799358,IT,WE,WOODW,RECRE,0.13,45583.586,4,4,45583.583,0.0,0.0,0.0,0.003,350642.969231
1710926,IT,LU,NONSP,AIRTR,0.06,45583.439,4,4,45583.437,0.0,0.0,0.0,0.002,759723.983333
1803597,IT,WF,FOOD5,MEATA,0.22,45581.393,4,4,45581.389,0.0,0.0,0.0,0.004,207188.15
1673358,IT,FR,TEXTI,EDUCA,0.27,45580.976,4,4,45580.97,0.0,0.0,0.0,0.006,168818.42963
1733164,IT,SI,FABRI,HEALT,0.19,45579.705,4,4,45579.702,0.0,0.0,0.0,0.003,239893.184211
1777609,IT,TR,ALUM1,PREC1,0.08,45579.432,4,4,45579.428,0.0,0.0,0.0,0.004,569742.9
1735392,IT,SK,BASIC,CROPS,0.05,45577.566,4,4,45577.563,0.0,0.0,0.0,0.003,911551.32
1777095,IT,TR,CHEM1,AUXIL,0.1,45576.007,4,4,45576.002,0.0,0.0,0.0,0.005,455760.07
1804955,IT,WF,NONSP,CONST,0.06,45575.493,4,4,45575.491,0.0,0.0,0.0,0.002,759591.55
1715343,IT,NL,PRINT,DAIRY,0.44,45574.274,4,4,45574.271,0.0,0.0,0.0,0.003,103577.895455
1769475,IT,AU,BASIC,PAPER,0.05,45573.65,4,4,45573.647,0.0,0.0,0.0,0.003,911473.0
1809891,IT,WM,BEVER,HEAVY,0.19,45571.528,4,4,45571.525,0.0,0.0,0.0,0.003,239850.147368
1746047,IT,JP,PAPER,BUSIN,0.18,45571.187,4,4,45571.183,0.0,0.0,0.0,0.004,253173.261111
1688802,IT,IE,GLASS,OFFIC,0.13,45565.045,4,4,45565.042,0.0,0.0,0.0,0.003,350500.346154
1802999,IT,WF,WHEAT,ELECT,0.03,45562.633,3,3,45562.633,0.0,0.0,0.0,0.0,1518754.433333
1716082,IT,NL,BASIC,NONME,0.05,45562.609,4,4,45562.606,0.0,0.0,0.0,0.003,911252.18
1742000,IT,US,ADDIT,LIQUE,0.11,45561.524,4,4,45561.52,0.0,0.0,0.0,0.004,414195.672727
1671234,IT,FI,BASIC,MOTOR,0.05,45560.077,4,4,45560.074,0.0,0.0,0.0,0.003,911201.54
1641641,IT,AT,PARAF,PLAST,0.07,45556.209,4,4,45556.206,0.0,0.0,0.0,0.003,650802.985714
1753050,IT,CA,CHEM1,COMPU,0.1,45552.868,4,4,45552.863,0.0,0.0,0.0,0.005,455528.68
1768575,IT,AU,BEVER,PROCE,0.19,45550.329,4,4,45550.326,0.0,0.0,0.0,0.003,239738.573684
1679736,IT,GR,BASIC,WOODW,0.05,45549.835,4,4,45549.832,0.0,0.0,0.0,0.003,910996.7
1652916,IT,CZ,KEROS,HEALT,0.07,45547.041,4,4,45547.037,0.0,0.0,0.0,0.004,650672.014286
1802962,IT,WF,WHEAT,SUGA1,0.03,45542.851,3,3,45542.851,0.0,0.0,0.0,0.0,1518095.033333
1758486,IT,BR,MACHI,LIQUE,0.25,45542.545,4,4,45542.541,0.0,0.0,0.0,0.004,182170.18
1813178,IT,WM,MOTO1,SALEM,0.24,45542.502,4,4,45542.499,0.0,0.0,0.0,0.003,189760.425
1640216,IT,AT,FORES,PAPER,0.4,45539.329,4,4,45521.329,0.0,18.0,0.0,0.0,113848.3225
1678901,IT,GR,TEXTI,TOBAC,0.27,45538.636,4,4,45538.63,0.0,0.0,0.0,0.006,168661.614815
1761291,IT,IN,RUBBE,COLLE,0.15,45533.771,4,4,45533.767,0.0,0.0,0.0,0.004,303558.473333
1660941,IT,DE,BUSIN,LIQUE,0.47,45533.646,4,4,45533.643,0.0,0.0,0.0,0.003,96880.097872
1667238,IT,ES,PREC1,ELEC5,0.08,45531.9,4,4,45531.898,0.0,0.0,0.0,0.002,569148.75
1752765,IT,CA,WOODW,NONME,0.13,45523.299,4,4,45523.296,0.0,0.0,0.0,0.003,350179.223077
1719729,IT,PL,NONME,REALE,0.09,45520.433,4,4,45520.428,0.0,0.0,0.0,0.005,505782.588889
1804698,IT,WF,LIQUE,ALUM1,0.08,45520.111,4,4,45520.107,0.0,0.0,0.0,0.004,569001.3875
1728591,IT,SE,PAPER,HOTEL,0.18,45518.553,4,4,45518.549,0.0,0.0,0.0,0.004,252880.85
1779493,IT,TR,RENTI,FABRI,0.27,45517.903,4,4,45517.9,0.0,0.0,0.0,0.003,168584.825926
1758129,IT,BR,CERAM,REALE,0.07,45516.335,4,4,45516.333,0.0,0.0,0.0,0.002,650233.357143
1647508,IT,BE,SUPPO,BIOGA,0.33,45513.012,4,4,45513.01,0.0,0.0,0.0,0.002,137918.218182
1728874,IT,SE,CHEM1,RAWMI,0.1,45512.26,4,4,45512.255,0.0,0.0,0.0,0.005,455122.6
1666792,IT,ES,RUBBE,TRAN2,0.15,45510.705,4,4,45510.701,0.0,0.0,0.0,0.004,303404.7
1668833,IT,ES,TRAN2,CHEM1,0.07,45505.339,3,3,45505.339,0.0,0.0,0.0,0.0,650076.271429
1654644,IT,CZ,LANDT,MOTOR,0.29,45504.213,4,4,45504.211,0.0,0.0,0.0,0.002,156911.07931
1771665,IT,CH,WEARI,FURNI,0.34,45502.919,4,4,45502.91,0.0,0.0,0.0,0.009,133832.114706
1640492,IT,AT,DAIRY,EDUCA,0.18,45497.555,4,4,45497.552,0.0,0.0,0.0,0.003,252764.194444
1719338,IT,PL,BIOGA,LANDT,0.09,45494.295,4,4,45494.29,0.0,0.0,0.0,0.005,505492.166667
1668733,IT,ES,LANDT,GLASS,0.29,45489.313,4,4,45489.311,0.0,0.0,0.0,0.002,156859.7
1790890,IT,WA,OFFIC,SANDC,0.14,45486.971,4,4,45486.968,0.0,0.0,0.0,0.003,324906.935714
1649213,IT,BG,MOTOR,RAILW,0.07,45482.69,4,4,45482.686,0.0,0.0,0.0,0.004,649752.714286
1799938,IT,WE,HEAVY,COPPE,0.07,45482.292,4,4,45482.288,0.0,0.0,0.0,0.004,649747.028571
1776414,IT,TR,PRINT,PUBLI,0.44,45482.12,4,4,45482.117,0.0,0.0,0.0,0.003,103368.454545
1770474,IT,AU,AIRTR,PAPER,0.05,45481.819,3,3,45481.819,0.0,0.0,0.0,0.0,909636.38
1774758,IT,CH,SUPPO,HEALT,0.33,45481.285,4,4,45481.283,0.0,0.0,0.0,0.002,137822.075758
1679037,IT,GR,WOODW,RUBBE,0.13,45481.045,4,4,45481.042,0.0,0.0,0.0,0.003,349854.192308
1758595,IT,BR,MOTO1,TRANS,0.24,45479.516,4,4,45479.513,0.0,0.0,0.0,0.003,189497.983333
1735150,IT,SK,RUBBE,FORES,0.15,45466.158,4,4,45466.154,0.0,0.0,0.0,0.004,303107.72
1684346,IT,HR,SUPPO,CONST,0.33,45463.362,4,4,45463.36,0.0,0.0,0.0,0.002,137767.763636
1723987,IT,PT,SALEM,BUSIN,0.37,45462.595,4,4,45462.592,0.0,0.0,0.0,0.003,122871.878378
1676373,IT,FR,WHOLE,GASDI,0.39,45462.117,4,4,45462.114,0.0,0.0,0.0,0.003,116569.530769
1789511,IT,WA,ADDIT,LEAD1,0.11,45461.651,4,4,45461.647,0.0,0.0,0.0,0.004,413287.736364
1786014,IT,ZA,GLASS,MEDIC,0.12,45460.842,4,4,45460.839,0.0,0.0,0.0,0.003,378840.35
1737400,IT,GB,TEXTI,FURNI,0.27,45460.262,4,4,45460.256,0.0,0.0,0.0,0.006,168371.340741
1742017,IT,US,ADDIT,INSUR,0.11,45459.029,4,4,45459.025,0.0,0.0,0.0,0.004,413263.9
1647972,IT,BE,RENTI,WHOLE,0.27,45456.721,4,4,45456.718,0.0,0.0,0.0,0.003,168358.225926
1805837,IT,WF,ALUM1,NATUR,0.08,45455.658,4,4,45455.654,0.0,0.0,0.0,0.004,568195.725
1800399,IT,WE,CHEM1,FINAN,0.09,45455.558,4,4,45455.553,0.0,0.0,0.0,0.005,505061.755556
1771758,IT,CH,LEATH,ELEC3,0.33,45451.995,4,4,45451.987,0.0,0.0,0.0,0.008,137733.318182
1657821,IT,DE,NONME,ELEC8,0.09,45450.946,4,4,45450.941,0.0,0.0,0.0,0.005,505010.511111
1670858,IT,FI,PLAST,FISH5,0.1,45450.216,4,4,45450.211,0.0,0.0,0.0,0.005,454502.16
1731440,IT,SI,FOOD5,RESEA,0.22,45447.698,4,4,45447.694,0.0,0.0,0.0,0.004,206580.445455
1650951,IT,BG,AIRTR,SUPPO,0.05,45447.343,3,3,45447.343,0.0,0.0,0.0,0.0,908946.86
1676592,IT,FR,HOTEL,NONF1,0.33,45444.537,4,4,45444.534,0.0,0.0,0.0,0.003,137710.718182
1794612,IT,WL,HEAVY,FINAN,0.07,45442.747,4,4,45442.743,0.0,0.0,0.0,0.004,649182.1
1761128,IT,IN,CHEM1,REFIN,0.09,45442.489,4,4,45442.484,0.0,0.0,0.0,0.005,504916.544444
1653496,IT,CZ,BASIC,BEVER,0.05,45440.334,4,4,45440.331,0.0,0.0,0.0,0.003,908806.68
1796816,IT,WL,SEACO,VEGET,0.05,45437.259,3,3,45437.259,0.0,0.0,0.0,0.0,908745.18
1795860,IT,WL,OFFIC,FISH5,0.14,45436.732,4,4,45436.729,0.0,0.0,0.0,0.003,324548.085714
1717868,IT,PL,VEGET,DIST1,0.16,45435.542,4,4,45435.54,0.0,0.0,0.0,0.002,283972.1375
1747022,IT,JP,TRANS,CONST,0.27,45432.091,4,4,45432.089,0.0,0.0,0.0,0.002,168267.003704
1723497,IT,PT,LEAD1,CONST,0.08,45431.402,4,4,45431.398,0.0,0.0,0.0,0.004,567892.525
1720500,IT,PL,MACHI,PLAS1,0.25,45431.295,4,4,45431.291,0.0,0.0,0.0,0.004,181725.18
1761920,IT,IN,FURNI,LIQUE,0.15,45431.051,4,4,45431.047,0.0,0.0,0.0,0.004,302873.673333
1654695,IT,CZ,LANDT,SALEM,0.29,45427.632,4,4,45427.63,0.0,0.0,0.0,0.002,156647.006897
1790393,IT,WA,LEAD1,PAPER,0.08,45425.966,4,4,45425.962,0.0,0.0,0.0,0.004,567824.575
1678752,IT,GR,SUGA1,ALUM1,0.11,45425.668,4,4,45425.66,0.0,0.0,0.0,0.008,412960.618182
1642412,IT,AT,PREC1,BUSIN,0.08,45423.325,4,4,45423.323,0.0,0.0,0.0,0.002,567791.5625
1670214,IT,ES,RECRE,HOTEL,0.58,45420.433,4,4,45420.43,0.0,0.0,0.0,0.003,78311.091379
1786687,IT,ZA,WHOLE,PUBLI,0.39,45414.722,4,4,45414.719,0.0,0.0,0.0,0.003,116448.005128
1662570,IT,DK,FABRI,CERAM,0.18,45414.375,4,4,45414.372,0.0,0.0,0.0,0.003,252302.083333
1773804,IT,CH,ELEC4,MEATC,0.72,45413.193,4,4,45413.19,0.0,0.0,0.0,0.003,63073.879167
1669751,IT,ES,BUSIN,WEARI,0.47,45409.906,4,4,45409.903,0.0,0.0,0.0,0.003,96616.821277
1649905,IT,BG,FABRI,DAIRY,0.18,45409.901,4,4,45409.898,0.0,0.0,0.0,0.003,252277.227778
1782910,IT,NO,SEACO,SUPPO,0.05,45409.488,3,3,45409.488,0.0,0.0,0.0,0.0,908189.76
1674236,IT,FR,LIQUE,93197,0.08,45408.562,4,4,45408.558,0.0,0.0,0.0,0.004,567607.025
1688529,IT,IE,PAPER,PRINT,0.18,45408.188,4,4,45408.184,0.0,0.0,0.0,0.004,252267.711111
1812681,IT,WM,COPP1,TRANS,0.11,45407.887,4,4,45407.885,0.0,0.0,0.0,0.002,412798.972727
1656780,IT,DE,KERO1,GASDI,0.07,45407.079,4,4,45407.075,0.0,0.0,0.0,0.004,648672.557143
1712542,IT,LV,MACHI,WHEAT,0.25,45406.542,4,4,45406.538,0.0,0.0,0.0,0.004,181626.168
1802671,IT,WE,RENTI,WHOLE,0.27,45404.534,4,4,45404.531,0.0,0.0,0.0,0.003,168164.940741
1793335,IT,WA,PRIVA,REALE,10.13,45404.026,4,4,45404.019,0.0,0.0,0.0,0.007,4482.134847
1737155,IT,GB,VEGE1,RETA1,0.14,45403.836,4,4,45403.826,0.0,0.0,0.0,0.01,324313.114286
1759659,IT,BR,RESEA,ELEC4,0.25,45403.106,4,4,45403.103,0.0,0.0,0.0,0.003,181612.424
1679206,IT,GR,MOTOR,MOTOR,0.07,45402.368,4,4,45402.364,0.0,0.0,0.0,0.004,648605.257143
1797576,IT,WL,EDUCA,CHEM1,1.13,45400.558,4,4,45400.555,0.0,0.0,0.0,0.003,40177.484956
1743815,IT,US,LANDT,POSTT,0.29,45398.866,4,4,45398.864,0.0,0.0,0.0,0.002,156547.813793
1686003,IT,HU,BIODI,CEMEN,0.09,45397.735,4,4,45397.73,0.0,0.0,0.0,0.005,504419.277778
1649204,IT,BG,PRINT,RECRE,0.44,45396.757,4,4,45396.754,0.0,0.0,0.0,0.003,103174.447727
1764717,IT,MX,HOTEL,GLASS,0.33,45396.202,4,4,45396.199,0.0,0.0,0.0,0.003,137564.248485
1684076,IT,HR,HOTEL,COLLE,0.33,45395.382,4,4,45395.379,0.0,0.0,0.0,0.003,137561.763636
1795254,IT,WL,CERAM,BIODI,0.07,45394.464,4,4,45394.462,0.0,0.0,0.0,0.002,648492.342857
1753317,IT,CA,BASIC,PREC1,0.05,45393.492,4,4,45393.489,0.0,0.0,0.0,0.003,907869.84
1791072,IT,WA,TRANS,MOTOR,0.27,45392.836,4,4,45392.834,0.0,0.0,0.0,0.002,168121.614815
1689785,IT,IE,INSUR,FOOD5,0.94,45385.645,4,4,45385.643,0.0,0.0,0.0,0.002,48282.601064
1669716,IT,ES,COMPU,RECRE,0.52,45384.177,4,4,45384.174,0.0,0.0,0.0,0.003,87277.263462
1787972,IT,WA,TEXTI,CATTL,0.27,45383.263,4,4,45383.257,0.0,0.0,0.0,0.006,168086.159259
1718378,IT,PL,BEVER,RUBBE,0.19,45383.019,4,4,45383.016,0.0,0.0,0.0,0.003,238857.994737
1648466,IT,BG,VEGET,ALUM1,0.16,45382.466,4,4,45382.464,0.0,0.0,0.0,0.002,283640.4125
1770438,IT,AU,SEACO,ELEC1,0.05,45382.417,3,3,45382.417,0.0,0.0,0.0,0.0,907648.34
1774227,IT,CH,RETA1,MOTO1,0.47,45381.005,4,4,45381.002,0.0,0.0,0.0,0.003,96555.329787
1664115,IT,EE,RUBBE,FOOD5,0.15,45379.858,4,4,45379.854,0.0,0.0,0.0,0.004,302532.386667
1674726,IT,FR,GLASS,SEWAG,0.12,45375.43,4,4,45375.427,0.0,0.0,0.0,0.003,378128.583333
1663275,IT,DK,SEACO,RETA1,0.05,45372.614,3,3,45372.614,0.0,0.0,0.0,0.0,907452.28
1684238,IT,HR,SEACO,MACHI,0.05,45372.09,3,3,45372.09,0.0,0.0,0.0,0.0,907441.8
1760614,IT,IN,WOODW,BUSIN,0.13,45369.186,4,4,45369.183,0.0,0.0,0.0,0.003,348993.738462
1780092,IT,TW,WHOLE,BUSIN,0.39,45368.705,4,4,45368.702,0.0,0.0,0.0,0.003,116330.012821
1794646,IT,WL,NAPHT,NICKE,0.08,45368.657,4,4,45368.654,0.0,0.0,0.0,0.003,567108.2125
1753811,IT,CA,WHOLE,NATUR,0.39,45367.798,4,4,45367.795,0.0,0.0,0.0,0.003,116327.687179
1751181,IT,CN,HOTEL,TOBAC,0.33,45367.474,4,4,45367.471,0.0,0.0,0.0,0.003,137477.193939
1806440,IT,WF,TRANS,MEAT4,0.27,45367.176,4,4,45367.174,0.0,0.0,0.0,0.002,168026.577778
1641721,IT,AT,PLAST,RETA1,0.1,45366.991,4,4,45366.986,0.0,0.0,0.0,0.005,453669.91
1767537,IT,RU,AIRTR,PREC1,0.05,45364.836,3,3,45364.836,0.0,0.0,0.0,0.0,907296.72
1679324,IT,GR,NAPHT,PLAST,0.08,45360.815,4,4,45360.812,0.0,0.0,0.0,0.003,567010.1875
1771788,IT,CH,LEATH,EDUCA,0.32,45359.562,4,4,45359.554,0.0,0.0,0.0,0.008,141748.63125
1717679,IT,NL,BUSIN,ELECT,0.47,45359.436,4,4,45359.433,0.0,0.0,0.0,0.003,96509.438298
1678477,IT,FR,RECRE,RETA1,0.58,45358.204,4,4,45358.201,0.0,0.0,0.0,0.003,78203.8
1752017,IT,CN,RESEA,TRAN1,0.25,45357.944,4,4,45357.941,0.0,0.0,0.0,0.003,181431.776
1728343,IT,SE,TEXTI,DAIRY,0.27,45356.851,4,4,45356.845,0.0,0.0,0.0,0.006,167988.337037
1740972,IT,US,BEVER,DAIRY,0.19,45356.704,4,4,45356.701,0.0,0.0,0.0,0.003,238719.494737
1778963,IT,TR,SEACO,POSTT,0.05,45355.552,3,3,45355.552,0.0,0.0,0.0,0.0,907111.04
1756009,IT,KR,COPP1,FURNI,0.11,45354.686,4,4,45354.684,0.0,0.0,0.0,0.002,412315.327273
1650066,IT,BG,MACHI,DIST1,0.25,45353.919,4,4,45353.915,0.0,0.0,0.0,0.004,181415.676
1641443,IT,AT,GASDI,ELECT,0.07,45353.128,4,4,45353.124,0.0,0.0,0.0,0.004,647901.828571
1735182,IT,SK,RUBBE,GLASS,0.15,45351.166,4,4,45351.162,0.0,0.0,0.0,0.004,302341.106667
1754997,IT,KR,WEARI,PADDY,0.34,45348.403,4,4,45348.394,0.0,0.0,0.0,0.009,133377.655882
1653877,IT,CZ,FABRI,LEAD1,0.18,45348.257,4,4,45348.254,0.0,0.0,0.0,0.003,251934.761111
1778502,IT,TR,RETA1,FISHF,0.47,45346.812,4,4,45346.809,0.0,0.0,0.0,0.003,96482.578723
1789577,IT,WA,BIODI,OFFIC,0.09,45344.832,4,4,45344.827,0.0,0.0,0.0,0.005,503831.466667
1737413,IT,GB,TEXTI,RESEA,0.27,45336.707,4,4,45336.701,0.0,0.0,0.0,0.006,167913.72963
1662480,IT,DK,ALUM1,BUSIN,0.08,45333.8,4,4,45333.796,0.0,0.0,0.0,0.004,566672.5
1722506,IT,PT,FOOD5,PAPER,0.22,45333.035,4,4,45333.031,0.0,0.0,0.0,0.004,206059.25
1648306,IT,BE,PUBLI,BUSIN,0.74,45332.102,4,4,45332.099,0.0,0.0,0.0,0.003,61259.597297
1770490,IT,AU,AIRTR,ELECT,0.05,45331.501,3,3,45331.501,0.0,0.0,0.0,0.0,906630.02
1755201,IT,KR,WOODW,PLAST,0.13,45331.447,4,4,45331.444,0.0,0.0,0.0,0.003,348703.438462
1791966,IT,WA,SEACO,COPP1,0.05,45328.425,3,3,45328.425,0.0,0.0,0.0,0.0,906568.5
1802447,IT,WE,AIRTR,93197,0.05,45327.302,3,3,45327.302,0.0,0.0,0.0,0.0,906546.04
1675900,IT,FR,ELEC2,ELECT,0.01,45320.248,4,4,45320.243,0.0,0.0,0.0,0.005,4532024.8
1716534,IT,NL,MOTO1,COMPU,0.24,45319.147,4,4,45319.144,0.0,0.0,0.0,0.003,188829.779167
1722015,IT,PL,COMPU,BUSIN,0.52,45317.468,4,4,45317.465,0.0,0.0,0.0,0.003,87148.976923
1783969,IT,ID,VEGE1,PLAST,0.14,45317.227,4,4,45317.217,0.0,0.0,0.0,0.01,323694.478571
1667117,IT,ES,BASIC,STONE,0.05,45316.821,4,4,45316.818,0.0,0.0,0.0,0.003,906336.42
1648678,IT,BG,SUGA1,BEVER,0.11,45316.475,4,4,45316.467,0.0,0.0,0.0,0.008,411967.954545
1678950,IT,GR,TEXTI,BUSIN,0.27,45315.538,4,4,45315.532,0.0,0.0,0.0,0.006,167835.325926
1743957,IT,US,INLAN,EDUCA,0.07,45313.873,4,4,45313.87,0.0,0.0,0.0,0.003,647341.042857
1784302,IT,ID,CHEM1,RAILW,0.09,45311.098,4,4,45311.093,0.0,0.0,0.0,0.005,503456.644444
1712594,IT,LV,MACHI,PUBLI,0.25,45309.585,4,4,45309.581,0.0,0.0,0.0,0.004,181238.34
1715072,IT,NL,TEXTI,93197,0.27,45306.201,4,4,45306.195,0.0,0.0,0.0,0.006,167800.744444
1680231,IT,GR,TRANS,ELECT,0.27,45302.062,4,4,45302.06,0.0,0.0,0.0,0.002,167785.414815
1731993,IT,SI,KEROS,MEATC,0.07,45300.597,4,4,45300.593,0.0,0.0,0.0,0.004,647151.385714
1736667,IT,SK,INSUR,TRAN2,0.93,45300.161,4,4,45300.159,0.0,0.0,0.0,0.002,48709.850538
1686279,IT,HU,CERAM,HEALT,0.07,45294.331,4,4,45294.329,0.0,0.0,0.0,0.002,647061.871429
1804532,IT,WF,GASDI,AIRTR,0.07,45293.353,4,4,45293.349,0.0,0.0,0.0,0.004,647047.9
1724904,IT,PT,BUSIN,DISTR,0.47,45292.801,4,4,45292.798,0.0,0.0,0.0,0.003,96367.661702
1775478,IT,CH,PLAS1,REALE,0.16,45290.461,4,4,45290.458,0.0,0.0,0.0,0.003,283065.38125
1725077,IT,RO,CATTL,MEATC,0.1,45286.702,5,5,45285.699,0.0,1.0,0.0,0.003,452867.02
1710440,IT,LT,LANDT,WOODW,0.29,45286.035,4,4,45286.033,0.0,0.0,0.0,0.002,156158.741379
1674077,IT,FR,GASDI,FOOD3,0.07,45284.096,4,4,45284.092,0.0,0.0,0.0,0.004,646915.657143
1795976,IT,WL,MOTO1,BASIC,0.24,45274.996,4,4,45274.993,0.0,0.0,0.0,0.003,188645.816667
1656881,IT,DE,HEAVY,FOUND,0.07,45272.549,4,4,45272.545,0.0,0.0,0.0,0.004,646750.7
1774394,IT,CH,HOTEL,FOOD3,0.33,45268.315,4,4,45268.312,0.0,0.0,0.0,0.003,137176.712121
1778413,IT,TR,WHOLE,SANDC,0.39,45267.752,4,4,45267.749,0.0,0.0,0.0,0.003,116071.158974
1813528,IT,WM,WHOLE,NATUR,0.39,45261.658,4,4,45261.655,0.0,0.0,0.0,0.003,116055.533333
1662091,IT,DK,CHEM1,SEACO,0.09,45261.459,4,4,45261.454,0.0,0.0,0.0,0.005,502905.1
1752391,IT,CA,VEGE1,DAIRY,0.14,45261.068,4,4,45261.058,0.0,0.0,0.0,0.01,323293.342857
1640276,IT,AT,STONE,SUPPO,0.15,45261.022,5,5,45258.02,0.0,0.0,3.0,0.002,301740.146667
1777190,IT,TR,RUBBE,RAWMI,0.15,45260.819,4,4,45260.815,0.0,0.0,0.0,0.004,301738.793333
1648226,IT,BE,BUSIN,DIST1,0.46,45260.27,4,4,45260.267,0.0,0.0,0.0,0.003,98391.891304
1714147,IT,MT,AIRTR,PUBLI,0.05,45259.553,3,3,45259.553,0.0,0.0,0.0,0.0,905191.06
1732631,IT,SI,GLASS,ELEC3,0.12,45258.774,4,4,45258.771,0.0,0.0,0.0,0.003,377156.45
1744942,IT,US,BUSIN,TRAN1,0.46,45256.402,4,4,45256.399,0.0,0.0,0.0,0.003,98383.482609
1804389,IT,WF,KEROS,MOTO1,0.07,45253.009,4,4,45253.005,0.0,0.0,0.0,0.004,646471.557143
1812039,IT,WM,CERAM,COPPE,0.07,45251.998,4,4,45251.996,0.0,0.0,0.0,0.002,646457.114286
1656377,IT,DE,WOODW,NONME,0.13,45251.585,4,4,45251.582,0.0,0.0,0.0,0.003,348089.115385
1766560,IT,RU,COPP1,TRAN1,0.11,45250.839,4,4,45250.837,0.0,0.0,0.0,0.002,411371.263636
1643025,IT,AT,CONST,DISTR,0.25,45249.413,4,4,45249.411,0.0,0.0,0.0,0.002,180997.652
1680101,IT,GR,MACHI,RECRE,0.25,45248.129,4,4,45248.125,0.0,0.0,0.0,0.004,180992.516
1678834,IT,GR,BEVER,WHOLE,0.19,45246.495,4,4,45246.492,0.0,0.0,0.0,0.003,238139.447368
1781218,IT,NO,VEGET,REALE,0.16,45244.607,4,4,45244.605,0.0,0.0,0.0,0.002,282778.79375
1647846,IT,BE,AUXIL,POSTT,0.83,45244.529,4,4,45244.527,0.0,0.0,0.0,0.002,54511.480723
1658012,IT,DE,PREC1,REFI1,0.08,45235.53,4,4,45235.528,0.0,0.0,0.0,0.002,565444.125
1738344,IT,GB,BASIC,INTER,0.05,45234.586,4,4,45234.583,0.0,0.0,0.0,0.003,904691.72
1663200,IT,DK,LANDT,COMPU,0.29,45229.755,4,4,45229.753,0.0,0.0,0.0,0.002,155964.672414
1654199,IT,CZ,MOTO1,FINAN,0.24,45228.807,4,4,45228.804,0.0,0.0,0.0,0.003,188453.3625
1766444,IT,RU,BASIC,OILHA,0.05,45227.461,4,4,45227.458,0.0,0.0,0.0,0.003,904549.22
1676444,IT,FR,RETA1,SANDC,0.47,45226.393,4,4,45226.39,0.0,0.0,0.0,0.003,96226.368085
1803137,IT,WF,VEGET,OFFIC,0.16,45226.13,4,4,45226.128,0.0,0.0,0.0,0.002,282663.3125
1714950,IT,NL,FISH5,MEATC,0.19,45225.092,4,4,45225.069,0.0,0.0,0.0,0.023,238026.8
1713519,IT,MT,GLASS,MEAT1,0.12,45223.6,4,4,45223.597,0.0,0.0,0.0,0.003,376863.333333
1652748,IT,CZ,PAPER,DIST1,0.18,45222.992,4,4,45222.988,0.0,0.0,0.0,0.004,251238.844444
1651704,IT,CY,FABRI,FURNI,0.18,45222.857,4,4,45222.854,0.0,0.0,0.0,0.003,251238.094444
1725344,IT,RO,TOBAC,CONST,0.18,45221.76,4,4,45221.757,0.0,0.0,0.0,0.003,251232.0
1652348,IT,CZ,FISH5,DAIRY,0.19,45220.53,4,4,45220.507,0.0,0.0,0.0,0.023,238002.789474
1677367,IT,FR,INSUR,DAIRY,0.93,45219.879,4,4,45219.877,0.0,0.0,0.0,0.002,48623.525806
1766439,IT,RU,BASIC,PAPE1,0.05,45213.229,4,4,45213.226,0.0,0.0,0.0,0.003,904264.58
1644861,IT,BE,WEARI,WHOLE,0.34,45212.655,4,4,45212.646,0.0,0.0,0.0,0.009,132978.397059
1780500,IT,TW,POSTT,FABRI,0.74,45211.973,4,4,45211.97,0.0,0.0,0.0,0.003,61097.260811
1789652,IT,WA,RUBBE,RUBBE,0.15,45211.028,4,4,45211.024,0.0,0.0,0.0,0.004,301406.853333
1683019,IT,HR,CHEM1,TRANS,0.09,45210.961,4,4,45210.956,0.0,0.0,0.0,0.005,502344.011111
1741837,IT,US,PFERT,OILSE,0.02,45209.379,4,4,45209.372,0.0,0.0,0.0,0.007,2260468.95
1673296,IT,FR,TEXTI,FISHF,0.27,45208.276,4,4,45208.27,0.0,0.0,0.0,0.006,167438.059259
1800204,IT,WE,PLAST,NONFE,0.09,45207.018,4,4,45207.013,0.0,0.0,0.0,0.005,502300.2
1654202,IT,CZ,MOTO1,COMPU,0.24,45200.914,4,4,45200.911,0.0,0.0,0.0,0.003,188337.141667
1677062,IT,FR,SUPPO,CERAM,0.32,45200.774,4,4,45200.772,0.0,0.0,0.0,0.002,141252.41875
1683467,IT,HR,PREC1,CHEM1,0.08,45189.988,4,4,45189.986,0.0,0.0,0.0,0.002,564874.85
1738067,IT,GB,RUBBE,BASIC,0.15,45187.431,4,4,45187.427,0.0,0.0,0.0,0.004,301249.54
1648164,IT,BE,BUSIN,TEXTI,0.46,45184.547,4,4,45184.544,0.0,0.0,0.0,0.003,98227.276087
1794667,IT,WL,NAPHT,HEAVY,0.08,45183.785,4,4,45183.782,0.0,0.0,0.0,0.003,564797.3125
1670497,IT,FI,BEVER,NONF1,0.19,45183.685,4,4,45183.682,0.0,0.0,0.0,0.003,237808.868421
1667929,IT,ES,MOTO1,PUBLI,0.24,45183.039,4,4,45183.036,0.0,0.0,0.0,0.003,188262.6625
1786485,IT,ZA,MOTO1,RAILW,0.24,45181.583,4,4,45181.58,0.0,0.0,0.0,0.003,188256.595833
1642181,IT,AT,CERAM,EDUCA,0.07,45181.047,4,4,45181.045,0.0,0.0,0.0,0.002,645443.528571
1766438,IT,RU,BASIC,FOODW,0.05,45177.691,4,4,45177.688,0.0,0.0,0.0,0.003,903553.82
1645251,IT,BE,COALT,HOTEL,0.07,45176.834,4,4,45176.831,0.0,0.0,0.0,0.003,645383.342857
1773001,IT,CH,ALUM1,VEGET,0.08,45176.53,4,4,45176.526,0.0,0.0,0.0,0.004,564706.625
1756076,IT,KR,FABRI,CEMEN,0.18,45175.669,4,4,45175.666,0.0,0.0,0.0,0.003,250975.938889
1758175,IT,BR,NONME,DISTR,0.09,45175.355,4,4,45175.35,0.0,0.0,0.0,0.005,501948.388889
1775160,IT,CH,RESEA,BEVER,0.24,45172.237,4,4,45172.234,0.0,0.0,0.0,0.003,188217.654167
1723132,IT,PT,CHEM1,INTER,0.09,45171.504,4,4,45171.499,0.0,0.0,0.0,0.005,501905.6
1645950,IT,BE,CERAM,SALEM,0.07,45170.278,4,4,45170.276,0.0,0.0,0.0,0.002,645289.685714
1793244,IT,WA,PRIVA,VEGE1,10.08,45168.943,4,4,45168.936,0.0,0.0,0.0,0.007,4481.045933
1667270,IT,ES,ALUM1,TEXTI,0.08,45168.154,4,4,45168.15,0.0,0.0,0.0,0.004,564601.925
1671469,IT,FI,FABRI,93197,0.18,45165.987,4,4,45165.984,0.0,0.0,0.0,0.003,250922.15
1748524,IT,CN,CHEMI,FOUND,0.11,45163.803,5,5,45161.799,0.0,0.0,2.0,0.004,410580.027273
1762192,IT,IN,SEACO,LEATH,0.05,45163.122,3,3,45163.122,0.0,0.0,0.0,0.0,903262.44
1785595,IT,ZA,GASDI,ELECT,0.07,45159.077,4,4,45159.073,0.0,0.0,0.0,0.004,645129.671429
1665037,IT,ES,MEATC,FISH5,0.15,45157.617,5,5,45156.614,0.0,1.0,0.0,0.003,301050.78
1670525,IT,FI,BEVER,EDUCA,0.19,45152.825,4,4,45152.822,0.0,0.0,0.0,0.003,237646.447368
1669698,IT,ES,COMPU,HOTEL,0.52,45151.872,4,4,45151.869,0.0,0.0,0.0,0.003,86830.523077
1806279,IT,WF,MACHI,BIOG1,0.25,45151.176,4,4,45151.172,0.0,0.0,0.0,0.004,180604.704
1766440,IT,RU,BASIC,PLAS1,0.05,45150.381,4,4,45150.378,0.0,0.0,0.0,0.003,903007.62
1648707,IT,BG,FOOD5,TEXTI,0.22,45148.05,4,4,45148.046,0.0,0.0,0.0,0.004,205218.409091
1805744,IT,WF,BASIC,BIOG1,0.05,45147.329,4,4,45147.326,0.0,0.0,0.0,0.003,902946.58
1795476,IT,WL,PREC1,RESEA,0.08,45145.635,4,4,45145.633,0.0,0.0,0.0,0.002,564320.4375
1671005,IT,FI,ADDIT,MOTOR,0.1,45143.074,4,4,45143.07,0.0,0.0,0.0,0.004,451430.74
1663314,IT,DK,AIRTR,ALUM1,0.05,45141.559,3,3,45141.559,0.0,0.0,0.0,0.0,902831.18
1668167,IT,ES,SALEM,COLLE,0.36,45140.498,4,4,45140.495,0.0,0.0,0.0,0.003,125390.272222
1758550,IT,BR,MACHI,WASTE,0.25,45139.22,4,4,45139.216,0.0,0.0,0.0,0.004,180556.88
1739971,IT,GB,AUXIL,WHOLE,0.83,45135.989,4,4,45135.987,0.0,0.0,0.0,0.002,54380.709639
1758214,IT,BR,BASIC,REFI1,0.05,45133.133,4,4,45133.13,0.0,0.0,0.0,0.003,902662.66
1668590,IT,ES,HOTEL,SEWAG,0.33,45133.057,4,4,45133.054,0.0,0.0,0.0,0.003,136766.839394
1686934,IT,HU,MACHI,CERAM,0.25,45130.974,4,4,45130.97,0.0,0.0,0.0,0.004,180523.896
1755041,IT,KR,WEARI,MOTO1,0.34,45125.745,4,4,45125.736,0.0,0.0,0.0,0.009,132722.779412
1690016,IT,IE,REALE,RENTI,1.91,45121.977,4,4,45121.974,0.0,0.0,0.0,0.003,23624.071728
1793275,IT,WA,PRIVA,NFERT,10.07,45120.452,4,4,45120.445,0.0,0.0,0.0,0.007,4480.680437
1784385,IT,ID,GLASS,GLASS,0.12,45118.018,4,4,45118.015,0.0,0.0,0.0,0.003,375983.483333
1756820,IT,KR,SUPPO,SUPPO,0.32,45114.893,4,4,45114.891,0.0,0.0,0.0,0.002,140984.040625
1744884,IT,US,BUSIN,TOBAC,0.46,45109.048,4,4,45109.045,0.0,0.0,0.0,0.003,98063.147826
1754735,IT,KR,DAIRY,TEXTI,0.18,45108.96,4,4,45108.957,0.0,0.0,0.0,0.003,250605.333333
1729249,IT,SE,CERAM,TEXT1,0.07,45107.026,4,4,45107.024,0.0,0.0,0.0,0.002,644386.085714
1724298,IT,PT,LANDT,CONST,0.29,45105.335,4,4,45105.333,0.0,0.0,0.0,0.002,155535.637931
1787928,IT,WA,BEVER,REALE,0.19,45105.058,4,4,45105.055,0.0,0.0,0.0,0.003,237395.042105
1640520,IT,AT,SUGA1,BUSIN,0.11,45098.967,4,4,45098.959,0.0,0.0,0.0,0.008,409990.609091
1754531,IT,CA,BUSIN,DISTR,0.46,45095.803,4,4,45095.8,0.0,0.0,0.0,0.003,98034.354348
1764817,IT,MX,SEACO,WEARI,0.05,45094.37,3,3,45094.37,0.0,0.0,0.0,0.0,901887.4
1682122,IT,HR,TEXTI,CHEM1,0.27,45091.7,4,4,45091.694,0.0,0.0,0.0,0.006,167006.296296
1788647,IT,WA,PRINT,FINAN,0.43,45085.172,4,4,45085.169,0.0,0.0,0.0,0.003,104849.237209
1721525,IT,PL,SUPPO,CEMEN,0.32,45085.17,4,4,45085.168,0.0,0.0,0.0,0.002,140891.15625
1646813,IT,BE,SALEM,POSTT,0.36,45083.273,4,4,45083.27,0.0,0.0,0.0,0.003,125231.313889
1738242,IT,GB,CEMEN,FURNI,0.07,45083.073,4,4,45083.071,0.0,0.0,0.0,0.002,644043.9
1771927,IT,CH,PAPER,HEAVY,0.17,45082.776,4,4,45082.772,0.0,0.0,0.0,0.004,265192.8
1754644,IT,KR,STONE,WHOLE,0.15,45082.663,5,5,45079.661,0.0,0.0,3.0,0.002,300551.086667
1786874,IT,ZA,SEACO,FABRI,0.05,45080.24,3,3,45080.24,0.0,0.0,0.0,0.0,901604.8
1741084,IT,US,TEXTI,REALE,0.27,45078.632,4,4,45078.626,0.0,0.0,0.0,0.006,166957.896296
1716882,IT,NL,HOTEL,DISTR,0.33,45078.489,4,4,45078.486,0.0,0.0,0.0,0.003,136601.481818
1766443,IT,RU,BASIC,WOOD1,0.05,45076.572,4,4,45076.569,0.0,0.0,0.0,0.003,901531.44
1683453,IT,HR,BASIC,RECRE,0.05,45076.115,4,4,45076.112,0.0,0.0,0.0,0.003,901522.3
1672730,IT,FR,CHEMI,BIODI,0.11,45069.999,5,5,45067.995,0.0,0.0,2.0,0.004,409727.263636
1725927,IT,RO,PLAST,CHEM1,0.09,45069.861,4,4,45069.856,0.0,0.0,0.0,0.005,500776.233333
1686170,IT,HU,GLASS,MEAT1,0.12,45063.612,4,4,45063.609,0.0,0.0,0.0,0.003,375530.1
1792106,IT,WA,AIRTR,TRAN2,0.05,45062.732,3,3,45062.732,0.0,0.0,0.0,0.0,901254.64
1662153,IT,DK,RUBBE,ALUM1,0.15,45060.293,4,4,45060.289,0.0,0.0,0.0,0.004,300401.953333
1684808,IT,HU,FISHF,PIGS9,0.08,45056.796,4,4,45056.794,0.0,0.0,0.0,0.002,563209.95
1647249,IT,BE,LANDT,ELECT,0.29,45053.768,4,4,45053.766,0.0,0.0,0.0,0.002,155357.82069
1641448,IT,AT,GASDI,FURNI,0.07,45052.764,4,4,45052.76,0.0,0.0,0.0,0.004,643610.914286
1813340,IT,WM,FURNI,MEAT1,0.14,45051.445,4,4,45051.441,0.0,0.0,0.0,0.004,321796.035714
1646395,IT,BE,FABRI,TRAN2,0.18,45051.393,4,4,45051.39,0.0,0.0,0.0,0.003,250285.516667
1790914,IT,WA,OFFIC,FABRI,0.14,45048.802,4,4,45048.799,0.0,0.0,0.0,0.003,321777.157143
1667890,IT,ES,MOTO1,NONME,0.24,45046.341,4,4,45046.338,0.0,0.0,0.0,0.003,187693.0875
1711351,IT,LU,WHOLE,RENTI,0.39,45044.295,4,4,45044.292,0.0,0.0,0.0,0.003,115498.192308
1749898,IT,CN,RUBBE,RECRE,0.15,45034.128,4,4,45034.124,0.0,0.0,0.0,0.004,300227.52
1667260,IT,ES,ALUM1,COPPE,0.08,45033.658,4,4,45033.654,0.0,0.0,0.0,0.004,562920.725
1651818,IT,CY,HOTEL,RETA1,0.33,45033.073,4,4,45033.07,0.0,0.0,0.0,0.003,136463.857576
1674481,IT,FR,BIODI,RAILW,0.09,45032.172,4,4,45032.167,0.0,0.0,0.0,0.005,500357.466667
1810422,IT,WM,PULP5,PRINT,0.14,45030.983,4,4,45030.979,0.0,0.0,0.0,0.004,321649.878571
1781855,IT,NO,PLAST,BUSIN,0.09,45024.8,4,4,45024.795,0.0,0.0,0.0,0.005,500275.555556
1798624,IT,WE,MEAT1,HEALT,0.21,45023.298,4,4,45023.292,0.0,0.0,0.0,0.006,214396.657143
1653093,IT,CZ,CHEM1,MEATP,0.09,45021.044,4,4,45021.039,0.0,0.0,0.0,0.005,500233.822222
1777250,IT,TR,RUBBE,MEDIC,0.15,45019.841,4,4,45019.837,0.0,0.0,0.0,0.004,300132.273333
1712450,IT,LV,BASIC,RENTI,0.05,45019.107,4,4,45019.104,0.0,0.0,0.0,0.003,900382.14
1721984,IT,PL,COMPU,MOTO1,0.51,45018.461,4,4,45018.458,0.0,0.0,0.0,0.003,88271.492157
1777349,IT,TR,GLASS,DIST1,0.12,45015.777,4,4,45015.774,0.0,0.0,0.0,0.003,375131.475
1771834,IT,CH,WOODW,NONME,0.13,45014.552,4,4,45014.549,0.0,0.0,0.0,0.003,346265.784615
1746422,IT,JP,RUBBE,RENTI,0.15,45014.263,4,4,45014.259,0.0,0.0,0.0,0.004,300095.086667
1714892,IT,NL,BEVER,KEROS,0.19,45013.543,4,4,45013.54,0.0,0.0,0.0,0.003,236913.384211
1752129,IT,CN,BUSIN,TRAN1,0.46,45011.663,4,4,45011.66,0.0,0.0,0.0,0.003,97851.441304
1729433,IT,SE,BASIC,SEWAG,0.05,45007.556,4,4,45007.553,0.0,0.0,0.0,0.003,900151.12
1787554,IT,WA,CHEMI,HOTEL,0.11,45006.224,5,5,45004.22,0.0,0.0,2.0,0.004,409147.490909
1780945,IT,TW,BUSIN,PRECI,0.46,44998.909,4,4,44998.906,0.0,0.0,0.0,0.003,97823.715217
1774643,IT,CH,AIRTR,PLAST,0.05,44997.578,3,3,44997.578,0.0,0.0,0.0,0.0,899951.56
1756178,IT,KR,MACHI,REFI1,0.25,44996.314,4,4,44996.31,0.0,0.0,0.0,0.004,179985.256
1799563,IT,WE,PRINT,SALEM,0.43,44996.248,4,4,44996.245,0.0,0.0,0.0,0.003,104642.437209
1725392,IT,RO,TEXTI,NONME,0.27,44995.638,4,4,44995.632,0.0,0.0,0.0,0.006,166650.511111
1782761,IT,NO,HOTEL,MEAT1,0.33,44994.122,4,4,44994.119,0.0,0.0,0.0,0.003,136345.824242
1775252,IT,CH,BUSIN,VEGE1,0.46,44993.401,4,4,44993.398,0.0,0.0,0.0,0.003,97811.741304
1776965,IT,TR,PLAST,93197,0.09,44993.264,4,4,44993.259,0.0,0.0,0.0,0.005,499925.155556
1799768,IT,WE,KEROS,FINAN,0.07,44992.425,4,4,44992.421,0.0,0.0,0.0,0.004,642748.928571
1714400,IT,NL,VEGET,MEAT1,0.16,44991.539,4,4,44991.537,0.0,0.0,0.0,0.002,281197.11875
1666107,IT,ES,GASDI,NAPHT,0.07,44991.364,4,4,44991.36,0.0,0.0,0.0,0.004,642733.771429
1743245,IT,US,TRANS,93197,0.27,44989.65,4,4,44989.648,0.0,0.0,0.0,0.002,166628.333333
1645194,IT,BE,PRINT,PUBLI,0.43,44987.402,4,4,44987.399,0.0,0.0,0.0,0.003,104621.865116
1665205,IT,ES,FOOD5,CHEM1,0.22,44986.723,4,4,44986.719,0.0,0.0,0.0,0.004,204485.104545
1773006,IT,CH,ALUM1,SANDC,0.08,44985.811,4,4,44985.807,0.0,0.0,0.0,0.004,562322.6375
1654529,IT,CZ,HOTEL,FURNI,0.33,44984.261,4,4,44984.258,0.0,0.0,0.0,0.003,136315.942424
1794586,IT,WL,HEAVY,PREC1,0.07,44982.984,4,4,44982.98,0.0,0.0,0.0,0.004,642614.057143
1811705,IT,WM,ADDIT,VEGET,0.1,44975.304,4,4,44975.3,0.0,0.0,0.0,0.004,449753.04
1675544,IT,FR,MOTO1,MEATA,0.24,44975.098,4,4,44975.095,0.0,0.0,0.0,0.003,187396.241667
1772976,IT,CH,PREC1,LANDT,0.08,44972.438,4,4,44972.436,0.0,0.0,0.0,0.002,562155.475
1658199,IT,DE,LEAD1,GASDI,0.08,44971.123,4,4,44971.119,0.0,0.0,0.0,0.004,562139.0375
1673544,IT,FR,LEATH,INSUR,0.32,44970.533,4,4,44970.525,0.0,0.0,0.0,0.008,140532.915625
1749041,IT,CN,LEATH,ELEC5,0.32,44970.14,4,4,44970.132,0.0,0.0,0.0,0.008,140531.6875
1753121,IT,CA,RUBBE,LEAD1,0.15,44970.101,4,4,44970.097,0.0,0.0,0.0,0.004,299800.673333
1792539,IT,WA,REALE,HEALT,1.9,44966.113,4,4,44966.11,0.0,0.0,0.0,0.003,23666.375263
1752010,IT,CN,RESEA,SECO9,0.24,44965.647,4,4,44965.644,0.0,0.0,0.0,0.003,187356.8625
1725889,IT,RO,HEAVY,FABRI,0.07,44963.694,4,4,44963.69,0.0,0.0,0.0,0.004,642338.485714
1731679,IT,SI,WOODW,OFFIC,0.13,44961.096,4,4,44961.093,0.0,0.0,0.0,0.003,345854.584615
1742293,IT,US,CEMEN,NATUR,0.07,44959.822,4,4,44959.82,0.0,0.0,0.0,0.002,642283.171429
1753067,IT,CA,RUBBE,OILSE,0.15,44959.634,4,4,44959.63,0.0,0.0,0.0,0.004,299730.893333
1779742,IT,TR,BUSIN,PFERT,0.46,44959.624,4,4,44959.621,0.0,0.0,0.0,0.003,97738.313043
1770929,IT,CH,CEREA,RETA1,0.07,44959.056,4,4,44959.053,0.0,0.0,0.0,0.003,642272.228571
1810382,IT,WM,WOODW,RESEA,0.13,44957.366,4,4,44957.363,0.0,0.0,0.0,0.003,345825.892308
1667098,IT,ES,NONME,FOOD1,0.09,44957.152,4,4,44957.147,0.0,0.0,0.0,0.005,499523.911111
1785632,IT,ZA,HEAVY,RAWMI,0.07,44956.786,4,4,44956.782,0.0,0.0,0.0,0.004,642239.8
1655642,IT,DE,CHEMI,RAWMI,0.11,44949.816,5,5,44947.812,0.0,0.0,2.0,0.004,408634.690909
1768243,IT,RU,HEALT,HEALT,0.23,44948.219,4,4,44948.217,0.0,0.0,0.0,0.002,195427.03913
1753824,IT,CA,WHOLE,BASIC,0.39,44946.646,4,4,44946.643,0.0,0.0,0.0,0.003,115247.810256
1646072,IT,BE,BASIC,BRICK,0.05,44945.642,4,4,44945.639,0.0,0.0,0.0,0.003,898912.84
1735464,IT,SK,BASIC,STEAM,0.05,44945.337,4,4,44945.334,0.0,0.0,0.0,0.003,898906.74
1670845,IT,FI,NONSP,CEMEN,0.06,44944.51,4,4,44944.508,0.0,0.0,0.0,0.002,749075.166667
1657731,IT,DE,CEMEN,ELEC3,0.07,44942.948,4,4,44942.946,0.0,0.0,0.0,0.002,642042.114286
1808650,IT,WF,INERT,COPPE,0.33,44940.646,4,4,44940.643,0.0,0.0,0.0,0.003,136183.775758
1690472,IT,IE,PAPE4,WHOLE,0.3,44940.504,4,4,44940.501,0.0,0.0,0.0,0.003,149801.68
1732030,IT,SI,KEROS,ELEC2,0.07,44939.447,4,4,44939.443,0.0,0.0,0.0,0.004,641992.1
1716499,IT,NL,OFFIC,SUPPO,0.14,44934.618,4,4,44934.615,0.0,0.0,0.0,0.003,320961.557143
1648985,IT,BG,LEATH,WHOLE,0.32,44933.408,4,4,44933.4,0.0,0.0,0.0,0.008,140416.9
1769386,IT,AU,CERAM,MACHI,0.07,44932.756,4,4,44932.754,0.0,0.0,0.0,0.002,641896.514286
1659046,IT,DE,ELEC4,OILSE,0.72,44932.498,4,4,44932.495,0.0,0.0,0.0,0.003,62406.247222
1788936,IT,WA,HEAVY,TEXTI,0.07,44932.06,4,4,44932.056,0.0,0.0,0.0,0.004,641886.571429
1743019,IT,US,OFFIC,TRANS,0.14,44931.664,4,4,44931.661,0.0,0.0,0.0,0.003,320940.457143
1723804,IT,PT,OFFIC,RESEA,0.14,44928.11,4,4,44928.107,0.0,0.0,0.0,0.003,320915.071429
1754702,IT,KR,VEGE1,ADDIT,0.14,44927.999,4,4,44927.989,0.0,0.0,0.0,0.01,320914.278571
1793629,IT,WL,DAIRY,BEVER,0.18,44927.911,4,4,44927.908,0.0,0.0,0.0,0.003,249599.505556
1713725,IT,MT,MACHI,FURNI,0.25,44927.869,4,4,44927.865,0.0,0.0,0.0,0.004,179711.476
1674242,IT,FR,NAPHT,ADDIT,0.08,44924.225,4,4,44924.222,0.0,0.0,0.0,0.003,561552.8125
1722089,IT,PL,BUSIN,KEROS,0.46,44923.848,4,4,44923.845,0.0,0.0,0.0,0.003,97660.53913
1683462,IT,HR,PREC1,PULP5,0.08,44921.825,4,4,44921.823,0.0,0.0,0.0,0.002,561522.8125
1666443,IT,ES,PARAF,DIST1,0.07,44920.64,4,4,44920.637,0.0,0.0,0.0,0.003,641723.428571
1800202,IT,WE,PLAST,PRECI,0.09,44920.394,4,4,44920.389,0.0,0.0,0.0,0.005,499115.488889
1646668,IT,BE,FURNI,RUBBE,0.14,44918.058,4,4,44918.054,0.0,0.0,0.0,0.004,320843.271429
1723818,IT,PT,MOTO1,PAPER,0.24,44914.981,4,4,44914.978,0.0,0.0,0.0,0.003,187145.754167
1806756,IT,WF,WHOLE,RESEA,0.39,44913.078,4,4,44913.075,0.0,0.0,0.0,0.003,115161.738462
1767924,IT,RU,RENTI,CONST,0.27,44912.262,4,4,44912.259,0.0,0.0,0.0,0.003,166341.711111
1788039,IT,WA,TEXTI,NONF1,0.27,44910.788,4,4,44910.782,0.0,0.0,0.0,0.006,166336.251852
1724297,IT,PT,LANDT,DIST1,0.29,44910.093,4,4,44910.091,0.0,0.0,0.0,0.002,154862.389655
1672726,IT,FR,CHEMI,PFERT,0.11,44907.419,5,5,44905.415,0.0,0.0,2.0,0.004,408249.263636
1645477,IT,BE,NONSP,KEROS,0.06,44907.203,4,4,44907.201,0.0,0.0,0.0,0.002,748453.383333
1746236,IT,JP,CHEM1,LUBRI,0.09,44906.804,4,4,44906.799,0.0,0.0,0.0,0.005,498964.488889
1640411,IT,AT,VEGE1,POULT,0.14,44906.264,4,4,44906.254,0.0,0.0,0.0,0.01,320759.028571
1725074,IT,RO,CROPS,BEVER,0.36,44905.449,4,4,44905.447,0.0,0.0,0.0,0.002,124737.358333
1730873,IT,SE,FOODW,WHOLE,0.33,44901.371,4,4,44901.368,0.0,0.0,0.0,0.003,136064.760606
1772999,IT,CH,PREC1,RECRE,0.08,44900.894,4,4,44900.892,0.0,0.0,0.0,0.002,561261.175
1673964,IT,FR,KEROS,POULT,0.07,44899.246,4,4,44899.242,0.0,0.0,0.0,0.004,641417.8
1785834,IT,ZA,CHEM1,MEDIC,0.09,44897.324,4,4,44897.319,0.0,0.0,0.0,0.005,498859.155556
1726274,IT,RO,BASIC,BIODI,0.05,44889.749,4,4,44889.746,0.0,0.0,0.0,0.003,897794.98
1644949,IT,BE,WOODW,REFI1,0.13,44887.731,4,4,44887.728,0.0,0.0,0.0,0.003,345290.238462
1716164,IT,NL,ALUM1,MEATA,0.08,44886.381,4,4,44886.377,0.0,0.0,0.0,0.004,561079.7625
1790814,IT,WA,MACHI,LEAD1,0.25,44883.135,4,4,44883.131,0.0,0.0,0.0,0.004,179532.54
1742011,IT,US,ADDIT,RAILW,0.1,44882.805,4,4,44882.801,0.0,0.0,0.0,0.004,448828.05
1649324,IT,BG,PLAST,PULP5,0.09,44879.573,4,4,44879.568,0.0,0.0,0.0,0.005,498661.922222
1716114,IT,NL,BASIC,WASTE,0.05,44879.394,4,4,44879.391,0.0,0.0,0.0,0.003,897587.88
1650939,IT,BG,SEACO,SUPPO,0.05,44877.84,3,3,44877.84,0.0,0.0,0.0,0.0,897556.8
1770830,IT,AU,BUSIN,BITUM,0.46,44877.237,4,4,44877.234,0.0,0.0,0.0,0.003,97559.21087
1667946,IT,ES,MOTO1,PAPE4,0.24,44871.911,4,4,44871.908,0.0,0.0,0.0,0.003,186966.295833
1759732,IT,BR,BUSIN,PULP5,0.46,44862.975,4,4,44862.972,0.0,0.0,0.0,0.003,97528.206522
1666783,IT,ES,RUBBE,COLLE,0.15,44862.558,4,4,44862.554,0.0,0.0,0.0,0.004,299083.72
1686288,IT,HU,CEMEN,WOODW,0.07,44861.936,4,4,44861.934,0.0,0.0,0.0,0.002,640884.8
1801899,IT,WE,CONST,RETA1,0.25,44861.017,4,4,44861.015,0.0,0.0,0.0,0.002,179444.068
1795436,IT,WL,PREC1,ALUMI,0.08,44859.461,4,4,44859.459,0.0,0.0,0.0,0.002,560743.2625
1762113,IT,IN,RAILW,BASIC,0.3,44859.168,4,4,44859.166,0.0,0.0,0.0,0.002,149530.56
1790174,IT,WA,BASIC,FOOD4,0.05,44859.091,4,4,44859.088,0.0,0.0,0.0,0.003,897181.82
1748657,IT,CN,DAIRY,REALE,0.18,44858.41,4,4,44858.407,0.0,0.0,0.0,0.003,249213.388889
1679297,IT,GR,HEAVY,FABRI,0.07,44856.644,4,4,44856.64,0.0,0.0,0.0,0.004,640809.2
1744150,IT,US,SUPPO,AUXIL,0.32,44856.429,4,4,44856.427,0.0,0.0,0.0,0.002,140176.340625
1801047,IT,WE,COPP1,NATUR,0.11,44856.014,4,4,44856.012,0.0,0.0,0.0,0.002,407781.945455
1742760,IT,US,FABRI,CERAM,0.18,44854.411,4,4,44854.408,0.0,0.0,0.0,0.003,249191.172222
1778947,IT,TR,SEACO,DIST1,0.05,44846.773,3,3,44846.773,0.0,0.0,0.0,0.0,896935.46
1721428,IT,PL,AIRTR,TEXTI,0.05,44846.274,3,3,44846.274,0.0,0.0,0.0,0.0,896925.48
1739297,IT,GB,HOTEL,TRANS,0.33,44846.15,4,4,44846.147,0.0,0.0,0.0,0.003,135897.424242
1779344,IT,TR,INSUR,TRAN1,0.92,44843.407,4,4,44843.405,0.0,0.0,0.0,0.002,48742.833696
1743480,IT,US,WHOLE,HOTEL,0.39,44839.885,4,4,44839.882,0.0,0.0,0.0,0.003,114974.064103
1813868,IT,WM,LANDT,HEAVY,0.29,44838.502,4,4,44838.5,0.0,0.0,0.0,0.002,154615.524138
1781895,IT,NO,CHEM1,NUCLE,0.09,44837.593,4,4,44837.588,0.0,0.0,0.0,0.005,498195.477778
1669406,IT,ES,INSUR,BASIC,0.92,44836.732,4,4,44836.73,0.0,0.0,0.0,0.002,48735.578261
1763795,IT,MX,CERAM,RUBBE,0.07,44835.385,4,4,44835.383,0.0,0.0,0.0,0.002,640505.5
1730296,IT,SE,SEACO,FOOD2,0.05,44834.826,3,3,44834.826,0.0,0.0,0.0,0.0,896696.52
1723594,IT,PT,FABRI,NONME,0.18,44832.758,4,4,44832.755,0.0,0.0,0.0,0.003,249070.877778
1790589,IT,WA,FABRI,CEREA,0.18,44832.709,4,4,44832.706,0.0,0.0,0.0,0.003,249070.605556
1671119,IT,FI,GLASS,CHEM1,0.12,44832.172,4,4,44832.169,0.0,0.0,0.0,0.003,373601.433333
1796381,IT,WL,WHOLE,WOODW,0.39,44831.51,4,4,44831.507,0.0,0.0,0.0,0.003,114952.589744
1718903,IT,PL,PRINT,PAPER,0.43,44829.07,4,4,44829.067,0.0,0.0,0.0,0.003,104253.651163
1766442,IT,RU,BASIC,TEXT1,0.05,44827.897,4,4,44827.894,0.0,0.0,0.0,0.003,896557.94
1768470,IT,AU,PROCE,FOOD5,0.3,44826.289,4,4,44826.286,0.0,0.0,0.0,0.003,149420.963333
1739018,IT,GB,SALEM,RESEA,0.36,44825.644,4,4,44825.641,0.0,0.0,0.0,0.003,124515.677778
1653670,IT,CZ,ALUM1,RETA1,0.08,44823.385,4,4,44823.381,0.0,0.0,0.0,0.004,560292.3125
1803062,IT,WF,CEREA,PREC1,0.07,44821.974,4,4,44821.971,0.0,0.0,0.0,0.003,640313.914286
1642973,IT,AT,FURNI,RECRE,0.14,44821.587,4,4,44821.583,0.0,0.0,0.0,0.004,320154.192857
1719171,IT,PL,PLAST,ELEC1,0.09,44821.135,4,4,44821.13,0.0,0.0,0.0,0.005,498012.611111
1689423,IT,IE,HOTEL,PAPER,0.32,44820.782,4,4,44820.779,0.0,0.0,0.0,0.003,140064.94375
1779977,IT,TW,SALEM,PROCE,0.36,44817.103,4,4,44817.1,0.0,0.0,0.0,0.003,124491.952778
1805832,IT,WF,ALUM1,MEATA,0.08,44814.58,4,4,44814.576,0.0,0.0,0.0,0.004,560182.25
1717543,IT,NL,RENTI,SEACO,0.27,44812.634,4,4,44812.631,0.0,0.0,0.0,0.003,165972.718519
1674006,IT,FR,KEROS,OILHA,0.07,44811.082,4,4,44811.078,0.0,0.0,0.0,0.004,640158.314286
1772684,IT,CH,CERAM,GLASS,0.07,44809.012,4,4,44809.01,0.0,0.0,0.0,0.002,640128.742857
1685864,IT,HU,CHEM1,REFIN,0.09,44806.758,4,4,44806.753,0.0,0.0,0.0,0.005,497852.866667
1760048,IT,BR,WOOD1,TEXT2,0.3,44806.753,4,4,44806.75,0.0,0.0,0.0,0.003,149355.843333
1677314,IT,FR,FINAN,LANDT,0.58,44805.778,3,3,44805.778,0.0,0.0,0.0,0.0,77251.341379
1664775,IT,ES,CEREA,RAWMI,0.07,44798.623,4,4,44798.62,0.0,0.0,0.0,0.003,639980.328571
1646143,IT,BE,PREC1,CONST,0.08,44798.053,4,4,44798.051,0.0,0.0,0.0,0.002,559975.6625
1786075,IT,ZA,CEMEN,PUBLI,0.07,44796.311,4,4,44796.309,0.0,0.0,0.0,0.002,639947.3
1713706,IT,MT,FABRI,POSTT,0.18,44796.091,4,4,44796.088,0.0,0.0,0.0,0.003,248867.172222
1814783,IT,WM,FOOD4,PFERT,0.32,44793.312,4,4,44793.309,0.0,0.0,0.0,0.003,139979.1
1724315,IT,PT,LANDT,BUSIN,0.29,44790.712,4,4,44790.71,0.0,0.0,0.0,0.002,154450.731034
1679890,IT,GR,COPP1,FURNI,0.11,44790.296,4,4,44790.294,0.0,0.0,0.0,0.002,407184.509091
1686984,IT,HU,MACHI,PUBLI,0.25,44788.6,4,4,44788.596,0.0,0.0,0.0,0.004,179154.4
1681777,IT,HR,CHEMI,STEAM,0.11,44788.176,5,5,44786.172,0.0,0.0,2.0,0.004,407165.236364
1647013,IT,BE,RETA1,MOTO1,0.47,44786.126,4,4,44786.123,0.0,0.0,0.0,0.003,95289.629787
1682120,IT,HR,TEXTI,PLAST,0.27,44781.27,4,4,44781.264,0.0,0.0,0.0,0.006,165856.555556
1645432,IT,BE,LIQUE,MEDIC,0.08,44780.763,4,4,44780.759,0.0,0.0,0.0,0.004,559759.5375
1723931,IT,PT,CONST,HEAVY,0.25,44780.657,4,4,44780.655,0.0,0.0,0.0,0.002,179122.628
1772988,IT,CH,PREC1,EDUCA,0.08,44779.334,4,4,44779.332,0.0,0.0,0.0,0.002,559741.675
1763877,IT,MX,NONME,DISTR,0.09,44776.024,4,4,44776.019,0.0,0.0,0.0,0.005,497511.377778
1777258,IT,TR,RUBBE,ELEC5,0.15,44772.26,4,4,44772.256,0.0,0.0,0.0,0.004,298481.733333
1735935,IT,SK,MOTO1,WEARI,0.24,44768.554,4,4,44768.551,0.0,0.0,0.0,0.003,186535.641667
1728455,IT,SE,LEATH,PRINT,0.32,44767.684,4,4,44767.676,0.0,0.0,0.0,0.008,139899.0125
1783778,IT,NO,PAPE4,OILHA,0.3,44765.629,4,4,44765.626,0.0,0.0,0.0,0.003,149218.763333
1682707,IT,HR,GASDI,TEXTI,0.07,44762.825,4,4,44762.821,0.0,0.0,0.0,0.004,639468.928571
1786110,IT,ZA,NONME,POSTT,0.09,44759.128,4,4,44759.123,0.0,0.0,0.0,0.005,497323.644444
1812409,IT,WM,PREC1,COPPE,0.08,44757.33,4,4,44757.328,0.0,0.0,0.0,0.002,559466.625
1653984,IT,CZ,MACHI,NAPHT,0.25,44757.241,4,4,44757.237,0.0,0.0,0.0,0.004,179028.964
1785941,IT,ZA,RUBBE,GASDI,0.15,44756.167,4,4,44756.163,0.0,0.0,0.0,0.004,298374.446667
1662433,IT,DK,ALUM1,CROPS,0.08,44752.808,4,4,44752.804,0.0,0.0,0.0,0.004,559410.1
1810645,IT,WM,MOTOR,PLANT,0.07,44752.468,4,4,44752.464,0.0,0.0,0.0,0.004,639320.971429
1733194,IT,SI,MACHI,FOOD5,0.25,44751.212,4,4,44751.208,0.0,0.0,0.0,0.004,179004.848
1727955,IT,SE,OILSE,BUSIN,0.03,44750.325,4,4,44750.323,0.0,0.0,0.0,0.002,1491677.5
1649733,IT,BG,BASIC,BEVER,0.05,44742.846,4,4,44742.843,0.0,0.0,0.0,0.003,894856.92
1808343,IT,WF,FOOD3,CONST,0.13,44742.793,4,4,44742.791,0.0,0.0,0.0,0.002,344175.330769
1779981,IT,TW,SALEM,TEXTI,0.36,44741.333,4,4,44741.33,0.0,0.0,0.0,0.003,124281.480556
1766077,IT,RU,RUBBE,ANTHR,0.15,44740.567,4,4,44740.563,0.0,0.0,0.0,0.004,298270.446667
1813705,IT,WM,RETA1,RESEA,0.47,44738.442,4,4,44738.439,0.0,0.0,0.0,0.003,95188.174468
1777820,IT,TR,FABRI,COPP1,0.18,44735.319,4,4,44735.316,0.0,0.0,0.0,0.003,248529.55
1689787,IT,IE,INSUR,FISH5,0.92,44735.279,4,4,44735.277,0.0,0.0,0.0,0.002,48625.303261
1766671,IT,RU,FABRI,DIST1,0.18,44731.786,4,4,44731.783,0.0,0.0,0.0,0.003,248509.922222
1814215,IT,WM,SUPPO,AUXIL,0.32,44729.559,4,4,44729.557,0.0,0.0,0.0,0.002,139779.871875
1780819,IT,TW,COMPU,CHEM1,0.51,44729.069,4,4,44729.066,0.0,0.0,0.0,0.003,87704.056863
1779361,IT,TR,INSUR,REALE,0.92,44724.347,4,4,44724.345,0.0,0.0,0.0,0.002,48613.420652
1669326,IT,ES,FINAN,COLLE,0.58,44717.189,3,3,44717.189,0.0,0.0,0.0,0.0,77098.601724
1751157,IT,CN,HOTEL,COKIN,0.32,44716.967,4,4,44716.964,0.0,0.0,0.0,0.003,139740.521875
1720536,IT,PL,OFFIC,GASDI,0.14,44716.635,4,4,44716.632,0.0,0.0,0.0,0.003,319404.535714
1732512,IT,SI,RUBBE,WEARI,0.15,44716.479,4,4,44716.475,0.0,0.0,0.0,0.004,298109.86
1683034,IT,HR,CHEM1,SEACO,0.09,44716.013,4,4,44716.008,0.0,0.0,0.0,0.005,496844.588889
1772374,IT,CH,CHEM1,PROCE,0.09,44714.958,4,4,44714.953,0.0,0.0,0.0,0.005,496832.866667
1675298,IT,FR,FABRI,FINAN,0.18,44714.434,4,4,44714.431,0.0,0.0,0.0,0.003,248413.522222
1738215,IT,GB,BRICK,CHEM1,0.07,44712.009,4,4,44712.006,0.0,0.0,0.0,0.003,638742.985714
1709722,IT,LT,CHEM1,FABRI,0.09,44704.633,4,4,44704.628,0.0,0.0,0.0,0.005,496718.144444
1772132,IT,CH,MOTOR,RENTI,0.07,44698.854,4,4,44698.85,0.0,0.0,0.0,0.004,638555.057143
1757923,IT,BR,CHEM1,FINAN,0.09,44688.289,4,4,44688.284,0.0,0.0,0.0,0.005,496536.544444
1647289,IT,BE,LANDT,PUBLI,0.29,44680.185,4,4,44680.183,0.0,0.0,0.0,0.002,154069.603448
1795638,IT,WL,FABRI,PULP5,0.18,44679.809,4,4,44679.806,0.0,0.0,0.0,0.003,248221.161111
1790368,IT,WA,LEAD1,FISHF,0.08,44678.79,4,4,44678.786,0.0,0.0,0.0,0.004,558484.875
1773558,IT,CH,MOTO1,RAILW,0.24,44678.491,4,4,44678.488,0.0,0.0,0.0,0.003,186160.379167
1750043,IT,CN,NONME,EDUCA,0.09,44677.604,4,4,44677.599,0.0,0.0,0.0,0.005,496417.822222
1755249,IT,KR,PAPER,BEVER,0.17,44676.078,4,4,44676.074,0.0,0.0,0.0,0.004,262800.458824
1805783,IT,WF,PREC1,LEADZ,0.08,44674.966,4,4,44674.964,0.0,0.0,0.0,0.002,558437.075
1654827,IT,CZ,SUPPO,BUSIN,0.32,44671.075,4,4,44671.073,0.0,0.0,0.0,0.002,139597.109375
1773501,IT,CH,MOTO1,SANDC,0.24,44669.239,4,4,44669.236,0.0,0.0,0.0,0.003,186121.829167
1665756,IT,ES,PAPER,ELEC1,0.17,44668.121,4,4,44668.117,0.0,0.0,0.0,0.004,262753.652941
1767104,IT,RU,FURNI,SALEM,0.14,44667.965,4,4,44667.961,0.0,0.0,0.0,0.004,319056.892857
1683599,IT,HR,FABRI,CEREA,0.18,44665.539,4,4,44665.536,0.0,0.0,0.0,0.003,248141.883333
1641147,IT,AT,PAPER,MEMBE,0.17,44664.222,4,4,44664.218,0.0,0.0,0.0,0.004,262730.717647
1658061,IT,DE,PREC1,BIOG1,0.08,44661.65,4,4,44661.648,0.0,0.0,0.0,0.002,558270.625
1661657,IT,DK,TEXTI,FABRI,0.26,44661.128,4,4,44661.122,0.0,0.0,0.0,0.006,171773.569231
1771745,IT,CH,LEATH,PREC1,0.32,44661.116,4,4,44661.108,0.0,0.0,0.0,0.008,139565.9875
1811728,IT,WM,ADDIT,VEGE1,0.1,44657.224,4,4,44657.221,0.0,0.0,0.0,0.003,446572.24
1675635,IT,FR,MOTO1,WOOD1,0.24,44653.411,4,4,44653.408,0.0,0.0,0.0,0.003,186055.879167
1664273,IT,EE,BASIC,LANDT,0.05,44647.792,4,4,44647.789,0.0,0.0,0.0,0.003,892955.84
1664774,IT,ES,CEREA,POULT,0.07,44646.763,4,4,44646.76,0.0,0.0,0.0,0.003,637810.9
1641601,IT,AT,NAPHT,BITU1,0.08,44640.286,4,4,44640.283,0.0,0.0,0.0,0.003,558003.575
1651665,IT,CY,BASIC,PUBLI,0.05,44638.229,4,4,44638.226,0.0,0.0,0.0,0.003,892764.58
1775912,IT,TR,FOOD5,RAWMI,0.21,44638.219,4,4,44638.215,0.0,0.0,0.0,0.004,212562.947619
1727151,IT,RO,LANDT,AIRTR,0.29,44637.489,4,4,44637.487,0.0,0.0,0.0,0.002,153922.375862
1796580,IT,WL,HOTEL,NATUR,0.32,44635.735,4,4,44635.732,0.0,0.0,0.0,0.003,139486.671875
1781452,IT,NO,BEVER,FOOD5,0.19,44632.105,4,4,44632.102,0.0,0.0,0.0,0.003,234905.815789
1759651,IT,BR,RESEA,ELECT,0.24,44629.477,4,4,44629.474,0.0,0.0,0.0,0.003,185956.154167
1790388,IT,WA,LEAD1,TEXTI,0.08,44627.724,4,4,44627.72,0.0,0.0,0.0,0.004,557846.55
1721256,IT,PL,LANDT,PREC1,0.29,44626.707,4,4,44626.705,0.0,0.0,0.0,0.002,153885.196552
1641063,IT,AT,PAPER,SUGA1,0.17,44625.487,4,4,44625.483,0.0,0.0,0.0,0.004,262502.864706
1743482,IT,US,WHOLE,INLAN,0.39,44624.183,4,4,44624.18,0.0,0.0,0.0,0.003,114420.982051
1732939,IT,SI,ALUM1,BRICK,0.08,44621.352,4,4,44621.348,0.0,0.0,0.0,0.004,557766.9
1686379,IT,HU,BASIC,MEATP,0.05,44620.858,4,4,44620.855,0.0,0.0,0.0,0.003,892417.16
1731111,IT,SI,FISHF,FABRI,0.08,44620.369,4,4,44620.367,0.0,0.0,0.0,0.002,557754.6125
1689304,IT,IE,RETA1,POULT,0.47,44617.253,4,4,44617.25,0.0,0.0,0.0,0.003,94930.325532
1766419,IT,RU,BASIC,DIST1,0.05,44612.885,4,4,44612.882,0.0,0.0,0.0,0.003,892257.7
1669178,IT,ES,POSTT,OFFIC,0.73,44612.025,4,4,44612.022,0.0,0.0,0.0,0.003,61112.363014
1686655,IT,HU,LEAD1,FOODW,0.08,44609.698,4,4,44609.694,0.0,0.0,0.0,0.004,557621.225
1792524,IT,WA,REALE,WHOLE,1.88,44608.874,4,4,44608.871,0.0,0.0,0.0,0.003,23728.124468
1655503,IT,DE,CRUDE,PARAF,0.09,44608.223,4,4,44608.219,0.0,0.0,0.0,0.004,495646.922222
1750794,IT,CN,FURNI,NATUR,0.14,44600.252,4,4,44600.248,0.0,0.0,0.0,0.004,318573.228571
1683458,IT,HR,PREC1,VEGE1,0.08,44599.234,4,4,44599.232,0.0,0.0,0.0,0.002,557490.425
1653565,IT,CZ,BASIC,SEACO,0.05,44598.49,4,4,44598.487,0.0,0.0,0.0,0.003,891969.8
1802163,IT,WE,HOTEL,PRINT,0.32,44598.017,4,4,44598.014,0.0,0.0,0.0,0.003,139368.803125
1684966,IT,HU,MEAT4,SECO9,0.25,44597.097,4,4,44597.094,0.0,0.0,0.0,0.003,178388.388
1764811,IT,MX,SEACO,SUGAR,0.05,44596.146,3,3,44596.146,0.0,0.0,0.0,0.0,891922.92
1756126,IT,KR,FABRI,HEALT,0.18,44595.492,4,4,44595.489,0.0,0.0,0.0,0.003,247752.733333
1713807,IT,MT,FURNI,TRANS,0.14,44595.192,4,4,44595.188,0.0,0.0,0.0,0.004,318537.085714
1788035,IT,WA,TEXTI,BASIC,0.26,44594.636,4,4,44594.63,0.0,0.0,0.0,0.006,171517.830769
1785162,IT,ZA,FOOD5,MEAT4,0.21,44593.453,4,4,44593.449,0.0,0.0,0.0,0.004,212349.77619
1653280,IT,CZ,RUBBE,SUPPO,0.15,44592.577,4,4,44592.573,0.0,0.0,0.0,0.004,297283.846667
1792682,IT,WA,RESEA,POSTT,0.24,44586.01,4,4,44586.007,0.0,0.0,0.0,0.003,185775.041667
1679318,IT,GR,NAPHT,LIQUE,0.08,44585.635,4,4,44585.632,0.0,0.0,0.0,0.003,557320.4375
1667941,IT,ES,MOTO1,SEWAG,0.24,44585.078,4,4,44585.075,0.0,0.0,0.0,0.003,185771.158333
1655844,IT,DE,VEGE1,LANDT,0.14,44584.025,4,4,44584.015,0.0,0.0,0.0,0.01,318457.321429
1771775,IT,CH,LEATH,SEACO,0.32,44583.322,4,4,44583.314,0.0,0.0,0.0,0.008,139322.88125
1661081,IT,DE,PUBLI,DIST1,0.73,44582.12,4,4,44582.117,0.0,0.0,0.0,0.003,61071.39726
1674036,IT,FR,GASDI,WOODW,0.07,44582.084,4,4,44582.08,0.0,0.0,0.0,0.004,636886.914286
1641059,IT,AT,PAPER,MEAT1,0.17,44579.092,4,4,44579.088,0.0,0.0,0.0,0.004,262229.952941
1807826,IT,WF,FOODW,EDUCA,0.33,44578.018,4,4,44578.015,0.0,0.0,0.0,0.003,135084.90303
1712394,IT,LV,CERAM,DAIRY,0.07,44576.558,4,4,44576.556,0.0,0.0,0.0,0.002,636807.971429
1772748,IT,CH,CEMEN,REALE,0.07,44575.667,4,4,44575.665,0.0,0.0,0.0,0.002,636795.242857
1729024,IT,SE,RUBBE,MEATP,0.15,44575.406,4,4,44575.402,0.0,0.0,0.0,0.004,297169.373333
1811940,IT,WM,RUBBE,FOOD4,0.15,44574.342,4,4,44574.338,0.0,0.0,0.0,0.004,297162.28
1810510,IT,WM,PAPER,PULP5,0.17,44569.64,4,4,44569.636,0.0,0.0,0.0,0.004,262174.352941
1812355,IT,WM,BASIC,ELEC1,0.05,44564.646,4,4,44564.643,0.0,0.0,0.0,0.003,891292.92
1714847,IT,NL,FOOD5,RETA1,0.21,44561.879,4,4,44561.875,0.0,0.0,0.0,0.004,212199.42381
1685941,IT,HU,CHEM1,FOOD3,0.09,44560.15,4,4,44560.145,0.0,0.0,0.0,0.005,495112.777778
1738999,IT,GB,SALEM,TRAN1,0.36,44559.848,4,4,44559.845,0.0,0.0,0.0,0.003,123777.355556
1795910,IT,WL,OFFIC,RECRE,0.14,44556.717,4,4,44556.714,0.0,0.0,0.0,0.003,318262.264286
1781279,IT,NO,MEAT4,CROPS,0.25,44555.588,4,4,44555.585,0.0,0.0,0.0,0.003,178222.352
1682005,IT,HR,BEVER,FOOD5,0.19,44555.258,4,4,44555.255,0.0,0.0,0.0,0.003,234501.357895
1666061,IT,ES,KERO1,CHEM1,0.06,44553.121,4,4,44553.117,0.0,0.0,0.0,0.004,742552.016667
1643976,IT,AT,COMPU,RETA1,0.51,44551.613,4,4,44551.61,0.0,0.0,0.0,0.003,87356.103922
1781900,IT,NO,CHEM1,BIODI,0.09,44550.162,4,4,44550.157,0.0,0.0,0.0,0.005,495001.8
1665232,IT,ES,FOOD5,PUBLI,0.21,44547.978,4,4,44547.974,0.0,0.0,0.0,0.004,212133.228571
1672825,IT,FR,MEAT4,FISH5,0.25,44547.332,4,4,44547.329,0.0,0.0,0.0,0.003,178189.328
1655512,IT,DE,CRUDE,DIST1,0.09,44545.827,4,4,44545.823,0.0,0.0,0.0,0.004,494953.633333
1669277,IT,ES,FINAN,LEATH,0.58,44545.654,3,3,44545.654,0.0,0.0,0.0,0.0,76802.851724
1768303,IT,AU,STONE,FOUND,0.14,44544.408,5,5,44542.406,0.0,0.0,2.0,0.002,318174.342857
1782339,IT,NO,FABRI,MEATC,0.18,44543.432,4,4,44543.429,0.0,0.0,0.0,0.003,247463.511111
1774545,IT,CH,SEACO,CEREA,0.05,44541.29,3,3,44541.29,0.0,0.0,0.0,0.0,890825.8
1645867,IT,BE,GLASS,COPP1,0.12,44540.857,4,4,44540.854,0.0,0.0,0.0,0.003,371173.808333
1752164,IT,CN,BUSIN,93197,0.46,44537.957,4,4,44537.954,0.0,0.0,0.0,0.003,96821.645652
1727175,IT,RO,LANDT,MEMBE,0.29,44536.315,4,4,44536.313,0.0,0.0,0.0,0.002,153573.5
1799876,IT,WE,GASDI,RADIO,0.07,44532.886,4,4,44532.882,0.0,0.0,0.0,0.004,636184.085714
1745851,IT,JP,LEATH,CERAM,0.32,44527.317,4,4,44527.309,0.0,0.0,0.0,0.008,139147.865625
1682945,IT,HR,PLAST,TOBAC,0.09,44526.423,4,4,44526.418,0.0,0.0,0.0,0.005,494738.033333
1805182,IT,WF,CHEM1,SANDC,0.09,44525.889,4,4,44525.884,0.0,0.0,0.0,0.005,494732.1
1737310,IT,GB,BEVER,DAIRY,0.19,44525.005,4,4,44525.002,0.0,0.0,0.0,0.003,234342.131579
1726332,IT,RO,ALUM1,PAPER,0.08,44523.832,4,4,44523.828,0.0,0.0,0.0,0.004,556547.9
1738753,IT,GB,OFFIC,FOOD5,0.14,44523.681,4,4,44523.678,0.0,0.0,0.0,0.003,318026.292857
1786027,IT,ZA,GLASS,PUBLI,0.12,44521.186,4,4,44521.183,0.0,0.0,0.0,0.003,371009.883333
1798565,IT,WE,CHEMI,FURNI,0.11,44517.636,5,5,44515.632,0.0,0.0,2.0,0.004,404705.781818
1657141,IT,DE,PLAST,ELECT,0.09,44516.375,4,4,44516.37,0.0,0.0,0.0,0.005,494626.388889
1747589,IT,JP,AIRTR,SECO9,0.05,44515.391,3,3,44515.391,0.0,0.0,0.0,0.0,890307.82
1811912,IT,WM,RUBBE,DIST1,0.15,44514.985,4,4,44514.981,0.0,0.0,0.0,0.004,296766.566667
1810344,IT,WM,WOODW,RUBBE,0.12,44514.848,4,4,44514.845,0.0,0.0,0.0,0.003,370957.066667
1734883,IT,SK,PAPER,HOTEL,0.17,44513.049,4,4,44513.045,0.0,0.0,0.0,0.004,261841.464706
1778945,IT,TR,SEACO,TRAN1,0.05,44512.426,3,3,44512.426,0.0,0.0,0.0,0.0,890248.52
1791352,IT,WA,SALEM,MOTO1,0.36,44512.125,4,4,44512.122,0.0,0.0,0.0,0.003,123644.791667
1731262,IT,SI,MEATP,RETA1,0.18,44511.393,4,4,44511.388,0.0,0.0,0.0,0.005,247285.516667
1688603,IT,IE,HEAVY,DAIRY,0.07,44508.947,4,4,44508.943,0.0,0.0,0.0,0.004,635842.1
1758063,IT,BR,RUBBE,93197,0.15,44508.36,4,4,44508.356,0.0,0.0,0.0,0.004,296722.4
1663980,IT,EE,PAPER,HOTEL,0.17,44508.018,4,4,44508.014,0.0,0.0,0.0,0.004,261811.870588
1732413,IT,SI,PLAST,CONST,0.09,44507.107,4,4,44507.102,0.0,0.0,0.0,0.005,494523.411111
1673147,IT,FR,BEVER,WEARI,0.19,44505.848,4,4,44505.845,0.0,0.0,0.0,0.003,234241.305263
1674011,IT,FR,KEROS,FOOD4,0.07,44503.103,4,4,44503.099,0.0,0.0,0.0,0.004,635758.614286
1732820,IT,SI,BASIC,PLAST,0.05,44500.689,4,4,44500.686,0.0,0.0,0.0,0.003,890013.78
1671079,IT,FI,RUBBE,RAILW,0.15,44500.64,4,4,44500.636,0.0,0.0,0.0,0.004,296670.933333
1754418,IT,CA,RENTI,HOTEL,0.27,44496.352,4,4,44496.35,0.0,0.0,0.0,0.002,164801.303704
1773456,IT,CH,OFFIC,ELEC4,0.14,44495.526,4,4,44495.523,0.0,0.0,0.0,0.003,317825.185714
1644434,IT,BE,VEGE1,PIGS9,0.14,44494.92,4,4,44494.91,0.0,0.0,0.0,0.01,317820.857143
1804748,IT,WF,NAPHT,URANI,0.08,44494.783,4,4,44494.78,0.0,0.0,0.0,0.003,556184.7875
1758462,IT,BR,MACHI,FISHF,0.25,44493.036,4,4,44493.032,0.0,0.0,0.0,0.004,177972.144
1649325,IT,BG,PLAST,PAPER,0.09,44490.944,4,4,44490.939,0.0,0.0,0.0,0.005,494343.822222
1767055,IT,RU,FURNI,FOOD5,0.14,44490.91,4,4,44490.906,0.0,0.0,0.0,0.004,317792.214286
1775860,IT,TR,DAIRY,FISH5,0.18,44489.666,4,4,44489.663,0.0,0.0,0.0,0.003,247164.811111
1780256,IT,TW,LANDT,PAPER,0.29,44489.095,4,4,44489.093,0.0,0.0,0.0,0.002,153410.672414
1664540,IT,EE,FURNI,RENTI,0.14,44487.703,4,4,44487.699,0.0,0.0,0.0,0.004,317769.307143
1660411,IT,DE,FINAN,SEACO,0.58,44484.886,3,3,44484.886,0.0,0.0,0.0,0.0,76698.07931
1794254,IT,WL,MOTOR,WOOLS,0.07,44483.028,4,4,44483.024,0.0,0.0,0.0,0.004,635471.828571
1729471,IT,SE,ALUM1,TEXTI,0.08,44482.124,4,4,44482.12,0.0,0.0,0.0,0.004,556026.55
1777516,IT,TR,BASIC,ELEC5,0.05,44480.934,4,4,44480.931,0.0,0.0,0.0,0.003,889618.68
1683082,IT,HR,RUBBE,LEATH,0.15,44480.445,4,4,44480.441,0.0,0.0,0.0,0.004,296536.3
1743303,IT,US,FURNI,FINAN,0.14,44474.883,4,4,44474.879,0.0,0.0,0.0,0.004,317677.735714
1802598,IT,WE,INSUR,WEARI,0.92,44470.21,4,4,44470.208,0.0,0.0,0.0,0.002,48337.184783
1809303,IT,WM,STONE,KERO1,0.14,44468.53,5,5,44466.528,0.0,0.0,2.0,0.002,317632.357143
1795394,IT,WL,BASIC,BIODI,0.05,44467.312,4,4,44467.309,0.0,0.0,0.0,0.003,889346.24
1812245,IT,WM,NONME,LANDT,0.09,44466.658,4,4,44466.653,0.0,0.0,0.0,0.005,494073.977778
1713478,IT,MT,RUBBE,FISHF,0.15,44465.606,4,4,44465.602,0.0,0.0,0.0,0.004,296437.373333
1800970,IT,WE,ALUM1,PFERT,0.08,44464.814,4,4,44464.81,0.0,0.0,0.0,0.004,555810.175
1758827,IT,BR,RETA1,MEMBE,0.46,44464.078,4,4,44464.075,0.0,0.0,0.0,0.003,96661.03913
1741618,IT,US,HEAVY,FORES,0.07,44463.79,4,4,44463.786,0.0,0.0,0.0,0.004,635197.0
1759069,IT,BR,SEACO,FURNI,0.05,44460.835,3,3,44460.835,0.0,0.0,0.0,0.0,889216.7
1793874,IT,WL,TEXTI,SUPPO,0.26,44459.099,4,4,44459.093,0.0,0.0,0.0,0.006,170996.534615
1722509,IT,PT,FOOD5,BIODI,0.21,44458.698,4,4,44458.694,0.0,0.0,0.0,0.004,211708.085714
1653542,IT,CZ,BASIC,ELEC2,0.05,44457.975,4,4,44457.972,0.0,0.0,0.0,0.003,889159.5
1666842,IT,ES,GLASS,MEAT1,0.12,44457.712,4,4,44457.709,0.0,0.0,0.0,0.003,370480.933333
1717936,IT,PL,STONE,CEMEN,0.14,44456.119,5,5,44454.117,0.0,0.0,2.0,0.002,317543.707143
1806090,IT,WF,FABRI,IRONO,0.18,44450.846,4,4,44450.843,0.0,0.0,0.0,0.003,246949.144444
1757563,IT,BR,GASDI,CEREA,0.07,44450.779,4,4,44450.775,0.0,0.0,0.0,0.004,635011.128571
1795413,IT,WL,BASIC,ELEC4,0.05,44449.912,4,4,44449.909,0.0,0.0,0.0,0.003,888998.24
1689840,IT,IE,INSUR,SUPPO,0.92,44449.821,4,4,44449.819,0.0,0.0,0.0,0.002,48315.022826
1766886,IT,RU,OFFIC,FABRI,0.14,44448.349,4,4,44448.346,0.0,0.0,0.0,0.003,317488.207143
1660718,IT,DE,RENTI,FURNI,0.27,44447.867,4,4,44447.865,0.0,0.0,0.0,0.002,164621.72963
1666343,IT,ES,LIQUE,LANDT,0.08,44447.288,4,4,44447.284,0.0,0.0,0.0,0.004,555591.1
1688653,IT,IE,CHEM1,PIGS9,0.09,44446.634,4,4,44446.629,0.0,0.0,0.0,0.005,493851.488889
1784033,IT,ID,TEXTI,OFFIC,0.26,44445.849,4,4,44445.843,0.0,0.0,0.0,0.006,170945.573077
1751731,IT,CN,INSUR,WHOLE,0.92,44443.372,4,4,44443.37,0.0,0.0,0.0,0.002,48308.013043
1765657,IT,RU,PAPER,MEATP,0.17,44443.126,4,4,44443.122,0.0,0.0,0.0,0.004,261430.152941
1791784,IT,WA,LANDT,VEGET,0.29,44440.563,4,4,44440.561,0.0,0.0,0.0,0.002,153243.32069
1643982,IT,AT,COMPU,SUPPO,0.51,44437.622,4,4,44437.619,0.0,0.0,0.0,0.003,87132.592157
1672486,IT,FI,INERT,BUSIN,0.33,44434.747,4,4,44434.744,0.0,0.0,0.0,0.003,134650.748485
1737243,IT,GB,FOOD5,RAWMI,0.21,44426.908,4,4,44426.904,0.0,0.0,0.0,0.004,211556.704762
1752934,IT,CA,PLAST,NAPHT,0.09,44425.78,4,4,44425.775,0.0,0.0,0.0,0.005,493619.777778
1648350,IT,BE,HEALT,WASTE,0.23,44425.653,4,4,44425.651,0.0,0.0,0.0,0.002,193155.013043
1651675,IT,CY,COPP1,PAPER,0.11,44419.39,4,4,44419.388,0.0,0.0,0.0,0.002,403812.636364
1799319,IT,WE,WOODW,LEATH,0.12,44416.685,4,4,44416.682,0.0,0.0,0.0,0.003,370139.041667
1779188,IT,TR,POSTT,FABRI,0.73,44415.757,4,4,44415.754,0.0,0.0,0.0,0.003,60843.50274
1794641,IT,WL,LIQUE,EDUCA,0.08,44413.526,4,4,44413.522,0.0,0.0,0.0,0.004,555169.075
1797055,IT,WL,SUPPO,SALEM,0.32,44412.231,4,4,44412.229,0.0,0.0,0.0,0.002,138788.221875
1766127,IT,RU,RUBBE,NONF1,0.15,44412.182,4,4,44412.178,0.0,0.0,0.0,0.004,296081.213333
1652268,IT,CZ,FOOD5,BUSIN,0.21,44410.442,4,4,44410.438,0.0,0.0,0.0,0.004,211478.295238
1710027,IT,LT,COPP1,COPP1,0.11,44410.327,4,4,44410.325,0.0,0.0,0.0,0.002,403730.245455
1782956,IT,NO,AIRTR,SEACO,0.05,44409.531,3,3,44409.531,0.0,0.0,0.0,0.0,888190.62
1659676,IT,DE,HOTEL,93197,0.32,44409.476,4,4,44409.473,0.0,0.0,0.0,0.003,138779.6125
1809283,IT,WM,NATUR,ELEC2,0.06,44408.854,4,4,44408.851,0.0,0.0,0.0,0.003,740147.566667
1748637,IT,CN,DAIRY,MACHI,0.18,44402.74,4,4,44402.737,0.0,0.0,0.0,0.003,246681.888889
1741308,IT,US,PAPER,TRANS,0.17,44401.406,4,4,44401.402,0.0,0.0,0.0,0.004,261184.741176
1773140,IT,CH,COPP1,LANDT,0.11,44399.522,4,4,44399.52,0.0,0.0,0.0,0.002,403632.018182
1798827,IT,WE,FOOD5,RETAI,0.21,44397.349,4,4,44397.345,0.0,0.0,0.0,0.004,211415.947619
1805966,IT,WF,COPP1,CRUDE,0.11,44394.194,4,4,44394.192,0.0,0.0,0.0,0.002,403583.581818
1710287,IT,LT,TRANS,PAPER,0.26,44389.496,4,4,44389.494,0.0,0.0,0.0,0.002,170728.830769
1814990,IT,WM,PRIVA,93197,9.91,44389.324,4,4,44389.317,0.0,0.0,0.0,0.007,4479.24561
1721265,IT,PL,LANDT,RADIO,0.29,44389.243,4,4,44389.241,0.0,0.0,0.0,0.002,153066.355172
1750457,IT,CN,MACHI,MEAT4,0.25,44382.159,4,4,44382.155,0.0,0.0,0.0,0.004,177528.636
1658087,IT,DE,ALUM1,RAWMI,0.08,44381.323,4,4,44381.319,0.0,0.0,0.0,0.004,554766.5375
1781428,IT,NO,FOOD5,MACHI,0.21,44380.857,4,4,44380.853,0.0,0.0,0.0,0.004,211337.414286
1668728,IT,ES,LANDT,PFERT,0.29,44373.768,4,4,44373.766,0.0,0.0,0.0,0.002,153012.993103
1665227,IT,ES,FOOD5,REALE,0.21,44372.558,4,4,44372.554,0.0,0.0,0.0,0.004,211297.895238
1721325,IT,PL,LANDT,RECRE,0.29,44372.174,4,4,44372.172,0.0,0.0,0.0,0.002,153007.496552
1741776,IT,US,NONSP,WHOLE,0.06,44370.878,4,4,44370.876,0.0,0.0,0.0,0.002,739514.633333
1729610,IT,SE,FABRI,FORES,0.18,44366.848,4,4,44366.845,0.0,0.0,0.0,0.003,246482.488889
1672884,IT,FR,VEGE1,MOTO1,0.14,44366.425,4,4,44366.415,0.0,0.0,0.0,0.01,316903.035714
1769973,IT,AU,TRANS,RETA1,0.26,44366.025,4,4,44366.023,0.0,0.0,0.0,0.002,170638.557692
1681645,IT,HR,VEGET,MEAT1,0.16,44365.164,4,4,44365.162,0.0,0.0,0.0,0.002,277282.275
1732583,IT,SI,GLASS,VEGET,0.12,44364.699,4,4,44364.696,0.0,0.0,0.0,0.003,369705.825
1740678,IT,US,SANDC,NATUR,0.1,44363.309,5,5,44353.307,0.0,0.0,10.0,0.002,443633.09
1678525,IT,GR,CEREA,FOOD5,0.07,44361.263,4,4,44361.26,0.0,0.0,0.0,0.003,633732.328571
1742527,IT,US,BASIC,INTER,0.05,44357.376,4,4,44357.373,0.0,0.0,0.0,0.003,887147.52
1773225,IT,CH,FABRI,MEDIC,0.18,44356.433,4,4,44356.43,0.0,0.0,0.0,0.003,246424.627778
1673424,IT,FR,WEARI,BASIC,0.33,44353.736,4,4,44353.728,0.0,0.0,0.0,0.008,134405.260606
1678694,IT,GR,VEGE1,WHOLE,0.14,44350.376,4,4,44350.366,0.0,0.0,0.0,0.01,316788.4
1778577,IT,TR,RETA1,FINAN,0.46,44345.572,4,4,44345.569,0.0,0.0,0.0,0.003,96403.417391
1757946,IT,BR,ADDIT,LIQUE,0.1,44343.956,4,4,44343.953,0.0,0.0,0.0,0.003,443439.56
1752980,IT,CA,CHEM1,CHEMI,0.09,44343.561,4,4,44343.556,0.0,0.0,0.0,0.005,492706.233333
1796261,IT,WL,CONST,CHEM1,0.25,44343.408,4,4,44343.406,0.0,0.0,0.0,0.002,177373.632
1672632,IT,FR,CRUDE,COALT,0.09,44342.943,4,4,44342.939,0.0,0.0,0.0,0.004,492699.366667
1646726,IT,BE,CONST,TOBAC,0.25,44342.551,4,4,44342.549,0.0,0.0,0.0,0.002,177370.204
1782831,IT,NO,HOTEL,MEMBE,0.32,44342.045,4,4,44342.042,0.0,0.0,0.0,0.003,138568.890625
1744481,IT,US,AUXIL,MEMBE,0.81,44341.181,4,4,44341.179,0.0,0.0,0.0,0.002,54742.198765
1744062,IT,US,AIRTR,PAPE4,0.05,44340.715,3,3,44340.715,0.0,0.0,0.0,0.0,886814.3
1811782,IT,WM,ADDIT,OXYGE,0.1,44338.443,4,4,44338.44,0.0,0.0,0.0,0.003,443384.43
1760312,IT,IN,STONE,CHEM1,0.14,44337.756,5,5,44335.754,0.0,0.0,2.0,0.002,316698.257143
1648366,IT,BE,MEMBE,NONF1,0.52,44336.724,4,4,44336.721,0.0,0.0,0.0,0.003,85262.930769
1728140,IT,SE,DAIRY,MEATP,0.18,44333.85,4,4,44333.847,0.0,0.0,0.0,0.003,246299.166667
1715081,IT,NL,WEARI,PRINT,0.33,44333.464,4,4,44333.456,0.0,0.0,0.0,0.008,134343.830303
1770471,IT,AU,AIRTR,BEVER,0.05,44331.868,3,3,44331.868,0.0,0.0,0.0,0.0,886637.36
1673255,IT,FR,FISH5,CONST,0.19,44329.09,4,4,44329.067,0.0,0.0,0.0,0.023,233311.0
1764344,IT,MX,OFFIC,BUSIN,0.14,44328.184,4,4,44328.181,0.0,0.0,0.0,0.003,316629.885714
1713815,IT,MT,FURNI,AIRTR,0.14,44327.686,4,4,44327.682,0.0,0.0,0.0,0.004,316626.328571
1641045,IT,AT,PAPER,VEGET,0.17,44323.902,4,4,44323.898,0.0,0.0,0.0,0.004,260728.835294
1720714,IT,PL,TRANS,PIGS9,0.26,44323.33,4,4,44323.328,0.0,0.0,0.0,0.002,170474.346154
1719966,IT,PL,PREC1,SEWAG,0.08,44322.846,4,4,44322.844,0.0,0.0,0.0,0.002,554035.575
1689302,IT,IE,RETA1,CATTL,0.46,44322.685,4,4,44322.682,0.0,0.0,0.0,0.003,96353.663043
1649830,IT,BG,ALUM1,LEAD1,0.08,44320.265,4,4,44320.261,0.0,0.0,0.0,0.004,554003.3125
1657377,IT,DE,RUBBE,MEATA,0.15,44317.575,4,4,44317.571,0.0,0.0,0.0,0.004,295450.5
1773755,IT,CH,ELEC2,SANDC,0.01,44316.636,4,4,44316.631,0.0,0.0,0.0,0.005,4431663.6
1813231,IT,WM,TRANS,MEAT1,0.26,44314.466,4,4,44314.464,0.0,0.0,0.0,0.002,170440.253846
1690490,IT,IE,PLAS2,FORES,0.37,44313.89,4,4,44313.887,0.0,0.0,0.0,0.003,119767.27027
1673587,IT,FR,WOODW,TEXTI,0.12,44312.416,4,4,44312.413,0.0,0.0,0.0,0.003,369270.133333
1648564,IT,BG,LEADZ,GASDI,0.07,44312.333,4,4,44312.33,0.0,0.0,0.0,0.003,633033.328571
1686576,IT,HU,ALUM1,ELEC2,0.08,44311.791,4,4,44311.787,0.0,0.0,0.0,0.004,553897.3875
1677370,IT,FR,INSUR,BEVER,0.91,44311.234,4,4,44311.232,0.0,0.0,0.0,0.002,48693.663736
1676887,IT,FR,TRAN2,BITU1,0.07,44311.102,3,3,44311.102,0.0,0.0,0.0,0.0,633015.742857
1682377,IT,HR,WOODW,93197,0.12,44301.501,4,4,44301.498,0.0,0.0,0.0,0.003,369179.175
1811644,IT,WM,CHEM1,PREC1,0.09,44300.031,4,4,44300.026,0.0,0.0,0.0,0.005,492222.566667
1775740,IT,TR,FORES,PAPER,0.39,44296.814,4,4,44279.814,0.0,17.0,0.0,0.0,113581.574359
1657053,IT,DE,NONSP,FOOD5,0.06,44296.228,4,4,44296.226,0.0,0.0,0.0,0.002,738270.466667
1766623,IT,RU,FABRI,WEARI,0.18,44295.624,4,4,44295.621,0.0,0.0,0.0,0.003,246086.8
1803351,IT,WF,SANDC,LEAD1,0.1,44294.796,5,5,44284.794,0.0,0.0,10.0,0.002,442947.96
1796620,IT,WL,HOTEL,GLASS,0.32,44293.948,4,4,44293.945,0.0,0.0,0.0,0.003,138418.5875
1739547,IT,GB,TRAN2,NATUR,0.07,44291.622,3,3,44291.622,0.0,0.0,0.0,0.0,632737.457143
1737003,IT,GB,FORES,PAPER,0.39,44290.058,4,4,44273.058,0.0,17.0,0.0,0.0,113564.251282
1807741,IT,WF,PUBLI,CHEMI,0.73,44288.948,4,4,44288.945,0.0,0.0,0.0,0.003,60669.791781
1758015,IT,BR,RUBBE,CEMEN,0.15,44288.651,4,4,44288.647,0.0,0.0,0.0,0.004,295257.673333
1641181,IT,AT,PRINT,MACHI,0.42,44284.522,4,4,44284.519,0.0,0.0,0.0,0.003,105439.338095
1763346,IT,MX,PRINT,BEVER,0.42,44282.502,4,4,44282.499,0.0,0.0,0.0,0.003,105434.528571
1796847,IT,WL,SEACO,PRINT,0.05,44277.924,3,3,44277.924,0.0,0.0,0.0,0.0,885558.48
1808676,IT,WF,INERT,CONST,0.32,44276.378,4,4,44276.375,0.0,0.0,0.0,0.003,138363.68125
1659402,IT,DE,WHOLE,PLAST,0.38,44275.108,4,4,44275.105,0.0,0.0,0.0,0.003,116513.442105
1746735,IT,JP,FABRI,SUPPO,0.18,44272.01,4,4,44272.007,0.0,0.0,0.0,0.003,245955.611111
1761493,IT,IN,ALUM1,PAPER,0.08,44270.707,4,4,44270.703,0.0,0.0,0.0,0.004,553383.8375
1746526,IT,JP,NONME,CHEM1,0.09,44269.39,4,4,44269.385,0.0,0.0,0.0,0.005,491882.111111
1813706,IT,WM,RETA1,BUSIN,0.46,44267.554,4,4,44267.551,0.0,0.0,0.0,0.003,96233.813043
1793496,IT,WL,CHEMI,BIODI,0.11,44266.527,5,5,44264.523,0.0,0.0,2.0,0.004,402422.972727
1759072,IT,BR,SEACO,RETA1,0.05,44266.321,3,3,44266.321,0.0,0.0,0.0,0.0,885326.42
1726103,IT,RO,RUBBE,FOUND,0.15,44265.249,4,4,44265.245,0.0,0.0,0.0,0.004,295101.66
1809929,IT,WM,BEVER,COMPU,0.19,44260.693,4,4,44260.69,0.0,0.0,0.0,0.003,232951.015789
1641609,IT,AT,NAPHT,CERAM,0.08,44260.16,4,4,44260.157,0.0,0.0,0.0,0.003,553252.0
1738661,IT,GB,MACHI,WEARI,0.25,44259.746,4,4,44259.742,0.0,0.0,0.0,0.004,177038.984
1784338,IT,ID,RUBBE,WOODW,0.15,44258.249,4,4,44258.245,0.0,0.0,0.0,0.004,295054.993333
1688887,IT,IE,ALUM1,COMPU,0.08,44258.086,4,4,44258.082,0.0,0.0,0.0,0.004,553226.075
1674474,IT,FR,BIODI,ELEC4,0.09,44257.731,4,4,44257.726,0.0,0.0,0.0,0.005,491752.566667
1666370,IT,ES,NAPHT,PAPER,0.08,44256.208,4,4,44256.205,0.0,0.0,0.0,0.003,553202.6
1660019,IT,DE,INLAN,REALE,0.07,44256.106,4,4,44256.103,0.0,0.0,0.0,0.003,632230.085714
1720530,IT,PL,OFFIC,WOODW,0.14,44255.438,4,4,44255.435,0.0,0.0,0.0,0.003,316110.271429
1793510,IT,WL,CHEMI,SALEM,0.11,44252.927,5,5,44250.923,0.0,0.0,2.0,0.004,402299.336364
1813481,IT,WM,SALEM,WHOLE,0.36,44252.056,4,4,44252.053,0.0,0.0,0.0,0.003,122922.377778
1805341,IT,WF,RUBBE,MEATP,0.15,44250.736,4,4,44250.732,0.0,0.0,0.0,0.004,295004.906667
1742345,IT,US,NONME,STONE,0.09,44250.443,4,4,44250.438,0.0,0.0,0.0,0.005,491671.588889
1720032,IT,PL,ALUM1,NONME,0.08,44248.221,4,4,44248.217,0.0,0.0,0.0,0.004,553102.7625
1658696,IT,DE,OFFIC,GLASS,0.14,44241.281,4,4,44241.278,0.0,0.0,0.0,0.003,316009.15
1794255,IT,WL,MOTOR,FORES,0.07,44239.396,4,4,44239.392,0.0,0.0,0.0,0.004,631991.371429
1656652,IT,DE,PRINT,WOOD1,0.42,44237.545,4,4,44237.542,0.0,0.0,0.0,0.003,105327.488095
1670672,IT,FI,LEATH,INERT,0.32,44236.319,4,4,44236.311,0.0,0.0,0.0,0.008,138238.496875
1742543,IT,US,PREC1,WOODW,0.08,44233.881,4,4,44233.879,0.0,0.0,0.0,0.002,552923.5125
1770492,IT,AU,AIRTR,MEDIC,0.05,44233.07,3,3,44233.07,0.0,0.0,0.0,0.0,884661.4
1739452,IT,GB,LANDT,KERO1,0.29,44231.814,4,4,44231.812,0.0,0.0,0.0,0.002,152523.496552
1641687,IT,AT,PLAST,PULP5,0.09,44227.832,4,4,44227.828,0.0,0.0,0.0,0.004,491420.355556
1792908,IT,WA,HEALT,PFERT,0.23,44226.407,4,4,44226.405,0.0,0.0,0.0,0.002,192288.726087
1754634,IT,KR,STONE,RAWMI,0.14,44224.478,5,5,44222.476,0.0,0.0,2.0,0.002,315889.128571
1790697,IT,WA,FABRI,RETA1,0.18,44224.312,4,4,44224.309,0.0,0.0,0.0,0.003,245690.622222
1782489,IT,NO,MACHI,EDUCA,0.25,44221.167,4,4,44221.163,0.0,0.0,0.0,0.004,176884.668
1769287,IT,AU,RUBBE,DIST1,0.15,44220.243,4,4,44220.239,0.0,0.0,0.0,0.004,294801.62
1771950,IT,CH,PAPER,RADIO,0.17,44215.741,4,4,44215.737,0.0,0.0,0.0,0.004,260092.594118
1801796,IT,WE,ELEC4,PUBLI,0.7,44213.295,4,4,44213.292,0.0,0.0,0.0,0.003,63161.85
1744236,IT,US,POSTT,ELECT,0.73,44212.25,4,4,44212.247,0.0,0.0,0.0,0.003,60564.726027
1772712,IT,CH,CERAM,RESEA,0.07,44210.71,4,4,44210.708,0.0,0.0,0.0,0.002,631581.571429
1738557,IT,GB,FABRI,WEARI,0.18,44209.156,4,4,44209.153,0.0,0.0,0.0,0.003,245606.422222
1642096,IT,AT,GLASS,FURNI,0.12,44208.094,4,4,44208.091,0.0,0.0,0.0,0.003,368400.783333
1719236,IT,PL,CHEM1,VEGE1,0.09,44206.304,4,4,44206.299,0.0,0.0,0.0,0.005,491181.155556
1748690,IT,CN,FOOD5,TEXTI,0.21,44205.663,4,4,44205.659,0.0,0.0,0.0,0.004,210503.157143
1785337,IT,ZA,WOODW,BITUM,0.12,44203.548,4,4,44203.545,0.0,0.0,0.0,0.003,368362.9
1744789,IT,US,RESEA,FOUND,0.24,44201.418,4,4,44201.415,0.0,0.0,0.0,0.003,184172.575
1723832,IT,PT,MOTO1,RETAI,0.24,44198.565,4,4,44198.562,0.0,0.0,0.0,0.003,184160.6875
1729835,IT,SE,OFFIC,BUSIN,0.14,44197.244,4,4,44197.241,0.0,0.0,0.0,0.003,315694.6
1715684,IT,NL,NONSP,ELEC5,0.06,44195.984,4,4,44195.982,0.0,0.0,0.0,0.002,736599.733333
1685233,IT,HU,TEXTI,BEVER,0.26,44194.574,4,4,44194.568,0.0,0.0,0.0,0.006,169979.130769
1685538,IT,HU,PAPER,TRANS,0.17,44194.1,4,4,44194.096,0.0,0.0,0.0,0.004,259965.294118
1675085,IT,FR,ALUM1,TEXT1,0.08,44191.321,4,4,44191.317,0.0,0.0,0.0,0.004,552391.5125
1785586,IT,ZA,GASDI,PULP5,0.07,44187.804,4,4,44187.8,0.0,0.0,0.0,0.004,631254.342857
1652912,IT,CZ,KEROS,REALE,0.07,44187.56,4,4,44187.556,0.0,0.0,0.0,0.004,631250.857143
1716207,IT,NL,ALUM1,RENTI,0.08,44183.648,4,4,44183.644,0.0,0.0,0.0,0.004,552295.6
1728996,IT,SE,ADDIT,MEMBE,0.1,44182.056,4,4,44182.053,0.0,0.0,0.0,0.003,441820.56
1796535,IT,WL,RETA1,SALEM,0.46,44176.558,4,4,44176.555,0.0,0.0,0.0,0.003,96035.995652
1747310,IT,JP,WHOLE,SUPPO,0.38,44174.186,4,4,44174.183,0.0,0.0,0.0,0.003,116247.857895
1681579,IT,GR,BUSIN,RESEA,0.45,44172.99,4,4,44172.987,0.0,0.0,0.0,0.003,98162.2
1726703,IT,RO,FURNI,WEARI,0.14,44172.801,4,4,44172.797,0.0,0.0,0.0,0.004,315520.007143
1750866,IT,CN,FURNI,RETA1,0.14,44171.955,4,4,44171.951,0.0,0.0,0.0,0.004,315513.964286
1777585,IT,TR,ALUM1,MEAT1,0.08,44171.938,4,4,44171.934,0.0,0.0,0.0,0.004,552149.225
1809728,IT,WM,SUGA1,HOTEL,0.11,44170.992,4,4,44170.984,0.0,0.0,0.0,0.008,401554.472727
1641488,IT,AT,HEAVY,CEREA,0.07,44169.655,4,4,44169.651,0.0,0.0,0.0,0.004,630995.071429
1798400,IT,WE,NATUR,VEGET,0.06,44169.319,4,4,44169.316,0.0,0.0,0.0,0.003,736155.316667
1788188,IT,WA,WEARI,AUXIL,0.33,44168.933,4,4,44168.925,0.0,0.0,0.0,0.008,133845.251515
1782079,IT,NO,GLASS,MACHI,0.12,44167.491,4,4,44167.488,0.0,0.0,0.0,0.003,368062.425
1676557,IT,FR,HOTEL,LEATH,0.32,44166.951,4,4,44166.948,0.0,0.0,0.0,0.003,138021.721875
1789967,IT,WA,NONME,FORES,0.09,44164.528,4,4,44164.523,0.0,0.0,0.0,0.005,490716.977778
1751191,IT,CN,HOTEL,KEROS,0.32,44164.139,4,4,44164.136,0.0,0.0,0.0,0.003,138012.934375
1683279,IT,HR,BRICK,ELEC1,0.07,44162.915,4,4,44162.912,0.0,0.0,0.0,0.003,630898.785714
1666016,IT,ES,MOTOR,OILHA,0.07,44161.323,4,4,44161.319,0.0,0.0,0.0,0.004,630876.042857
1653504,IT,CZ,BASIC,PRINT,0.05,44161.245,4,4,44161.242,0.0,0.0,0.0,0.003,883224.9
1684127,IT,HR,LANDT,VEGET,0.28,44157.218,4,4,44157.216,0.0,0.0,0.0,0.002,157704.35
1813318,IT,WM,FURNI,WHEAT,0.14,44157.103,4,4,44157.099,0.0,0.0,0.0,0.004,315407.878571
1740303,IT,GB,PUBLI,PLAST,0.72,44156.337,4,4,44156.334,0.0,0.0,0.0,0.003,61328.245833
1724094,IT,PT,WHOLE,COMPU,0.38,44155.74,4,4,44155.737,0.0,0.0,0.0,0.003,116199.315789
1710643,IT,LU,MEAT4,FOOD5,0.24,44155.238,4,4,44155.235,0.0,0.0,0.0,0.003,183980.158333
1742215,IT,US,GLASS,MEMBE,0.12,44154.623,4,4,44154.62,0.0,0.0,0.0,0.003,367955.191667
1677267,IT,FR,FINAN,WOODW,0.57,44154.185,3,3,44154.185,0.0,0.0,0.0,0.0,77463.482456
1802779,IT,WE,BUSIN,BASIC,0.45,44153.069,4,4,44153.066,0.0,0.0,0.0,0.003,98117.931111
1793146,IT,WA,93197,MEATA,0.3,44150.79,4,4,44150.786,0.0,0.0,0.0,0.004,147169.3
1747576,IT,JP,AIRTR,LEAD1,0.05,44150.336,3,3,44150.336,0.0,0.0,0.0,0.0,883006.72
1681634,IT,GR,RECRE,RECRE,0.56,44149.929,4,4,44149.926,0.0,0.0,0.0,0.003,78839.158929
1684078,IT,HR,HOTEL,SALEM,0.32,44146.74,4,4,44146.737,0.0,0.0,0.0,0.003,137958.5625
1686800,IT,HU,FABRI,GASDI,0.18,44146.472,4,4,44146.469,0.0,0.0,0.0,0.003,245258.177778
1709890,IT,LT,CEMEN,SUGA1,0.07,44142.968,4,4,44142.966,0.0,0.0,0.0,0.002,630613.828571
1640163,IT,AT,VEGET,SUGA1,0.16,44136.402,4,4,44136.4,0.0,0.0,0.0,0.002,275852.5125
1662242,IT,DK,GLASS,RESEA,0.12,44134.633,4,4,44134.63,0.0,0.0,0.0,0.003,367788.608333
1663524,IT,DK,RENTI,RECRE,0.26,44134.344,4,4,44134.342,0.0,0.0,0.0,0.002,169747.476923
1649265,IT,BG,HEAVY,CONST,0.07,44129.881,4,4,44129.877,0.0,0.0,0.0,0.004,630426.871429
1784255,IT,ID,CHEM1,BEVER,0.09,44127.883,4,4,44127.878,0.0,0.0,0.0,0.005,490309.811111
1672861,IT,FR,VEGE1,TEXTI,0.14,44122.962,4,4,44122.952,0.0,0.0,0.0,0.01,315164.014286
1804494,IT,WF,GASDI,NFERT,0.07,44120.928,4,4,44120.924,0.0,0.0,0.0,0.004,630298.971429
1731121,IT,SI,FISHF,BUSIN,0.08,44118.824,4,4,44118.822,0.0,0.0,0.0,0.002,551485.3
1674545,IT,FR,RUBBE,PFERT,0.15,44110.705,4,4,44110.701,0.0,0.0,0.0,0.004,294071.366667
1772230,IT,CH,GASDI,93197,0.07,44110.428,4,4,44110.424,0.0,0.0,0.0,0.004,630148.971429
1795678,IT,WL,FABRI,TRANS,0.18,44109.812,4,4,44109.809,0.0,0.0,0.0,0.003,245054.511111
1662778,IT,DK,MOTO1,RENTI,0.23,44108.835,4,4,44108.832,0.0,0.0,0.0,0.003,191777.543478
1689129,IT,IE,SALEM,RUBBE,0.36,44106.686,4,4,44106.683,0.0,0.0,0.0,0.003,122518.572222
1729496,IT,SE,ALUM1,TRANS,0.08,44106.46,4,4,44106.456,0.0,0.0,0.0,0.004,551330.75
1720569,IT,PL,OFFIC,HOTEL,0.14,44103.469,4,4,44103.466,0.0,0.0,0.0,0.003,315024.778571
1686661,IT,HU,LEAD1,OILHA,0.08,44101.755,4,4,44101.751,0.0,0.0,0.0,0.004,551271.9375
1726239,IT,RO,NONME,TRAN1,0.09,44100.858,4,4,44100.853,0.0,0.0,0.0,0.005,490009.533333
1712926,IT,LV,RENTI,AIRTR,0.26,44099.752,4,4,44099.75,0.0,0.0,0.0,0.002,169614.430769
1687485,IT,HU,LANDT,PIGS9,0.28,44099.229,4,4,44099.227,0.0,0.0,0.0,0.002,157497.246429
1801668,IT,WE,FURNI,OFFIC,0.14,44099.171,4,4,44099.167,0.0,0.0,0.0,0.004,314994.078571
1671333,IT,FI,ALUM1,LANDT,0.08,44097.222,4,4,44097.218,0.0,0.0,0.0,0.004,551215.275
1662559,IT,DK,FABRI,WEARI,0.18,44096.57,4,4,44096.567,0.0,0.0,0.0,0.003,244980.944444
1727470,IT,RO,AUXIL,PRINT,0.81,44091.128,4,4,44091.126,0.0,0.0,0.0,0.002,54433.491358
1723780,IT,PT,OFFIC,RUBBE,0.14,44090.769,4,4,44090.766,0.0,0.0,0.0,0.003,314934.064286
1689593,IT,IE,AIRTR,SALEM,0.05,44089.87,3,3,44089.87,0.0,0.0,0.0,0.0,881797.4
1790621,IT,WA,FABRI,MEATC,0.18,44084.782,4,4,44084.779,0.0,0.0,0.0,0.003,244915.455556
1665574,IT,ES,LEATH,RETA1,0.32,44079.67,4,4,44079.662,0.0,0.0,0.0,0.008,137748.96875
1780809,IT,TW,COMPU,PRINT,0.5,44079.044,4,4,44079.041,0.0,0.0,0.0,0.003,88158.088
1734700,IT,SK,LEATH,PRINT,0.32,44078.94,4,4,44078.932,0.0,0.0,0.0,0.008,137746.6875
1722713,IT,PT,WOODW,RUBBE,0.12,44078.85,4,4,44078.847,0.0,0.0,0.0,0.003,367323.75
1779227,IT,TR,POSTT,REALE,0.73,44077.107,4,4,44077.104,0.0,0.0,0.0,0.003,60379.59863
1655306,IT,DE,CEREA,HEALT,0.07,44074.404,4,4,44074.401,0.0,0.0,0.0,0.003,629634.342857
1753454,IT,CA,FABRI,CEMEN,0.18,44074.237,4,4,44074.234,0.0,0.0,0.0,0.003,244856.872222
1782138,IT,NO,NONME,BITUM,0.09,44070.697,4,4,44070.692,0.0,0.0,0.0,0.005,489674.411111
1787288,IT,WA,VEGET,93197,0.16,44066.605,4,4,44066.603,0.0,0.0,0.0,0.002,275416.28125
1649987,IT,BG,FABRI,RECRE,0.18,44065.444,4,4,44065.441,0.0,0.0,0.0,0.003,244808.022222
1768284,IT,AU,VEGET,HOTEL,0.16,44064.086,4,4,44064.084,0.0,0.0,0.0,0.002,275400.5375
1727473,IT,RO,AUXIL,GASDI,0.81,44062.585,4,4,44062.583,0.0,0.0,0.0,0.002,54398.253086
1752943,IT,CA,PLAST,BIOGA,0.09,44061.57,4,4,44061.566,0.0,0.0,0.0,0.004,489573.0
1666735,IT,ES,RUBBE,KEROS,0.15,44059.471,4,4,44059.467,0.0,0.0,0.0,0.004,293729.806667
1763916,IT,MX,BASIC,MOTOR,0.05,44059.206,4,4,44059.203,0.0,0.0,0.0,0.003,881184.12
1749160,IT,CN,PULP5,WEARI,0.13,44056.802,4,4,44056.798,0.0,0.0,0.0,0.004,338898.476923
1650865,IT,BG,LANDT,HOTEL,0.28,44052.269,4,4,44052.267,0.0,0.0,0.0,0.002,157329.532143
1790474,IT,WA,COPP1,PRINT,0.11,44046.653,4,4,44046.651,0.0,0.0,0.0,0.002,400424.118182
1793700,IT,WL,FOOD5,CHEM1,0.21,44045.88,4,4,44045.876,0.0,0.0,0.0,0.004,209742.285714
1790833,IT,WA,MACHI,COKE1,0.25,44044.074,4,4,44044.07,0.0,0.0,0.0,0.004,176176.296
1792386,IT,WA,INSUR,PRECI,0.91,44043.852,4,4,44043.85,0.0,0.0,0.0,0.002,48399.837363
1714748,IT,NL,DAIRY,RETA1,0.18,44042.454,4,4,44042.451,0.0,0.0,0.0,0.003,244680.3
1788198,IT,WA,WEARI,MEMBE,0.33,44040.721,4,4,44040.713,0.0,0.0,0.0,0.008,133456.730303
1788561,IT,WA,PAPER,RUBBE,0.17,44038.441,4,4,44038.437,0.0,0.0,0.0,0.004,259049.652941
1680996,IT,GR,AIRTR,WEARI,0.05,44035.861,3,3,44035.861,0.0,0.0,0.0,0.0,880717.22
1727022,IT,RO,HOTEL,PLAS2,0.32,44033.132,4,4,44033.129,0.0,0.0,0.0,0.003,137603.5375
1767372,IT,RU,LANDT,PIGS9,0.28,44027.024,4,4,44027.022,0.0,0.0,0.0,0.002,157239.371429
1686720,IT,HU,COPP1,ELEC3,0.11,44026.432,4,4,44026.43,0.0,0.0,0.0,0.002,400240.290909
1811848,IT,WM,RUBBE,MEATP,0.15,44024.336,4,4,44024.332,0.0,0.0,0.0,0.004,293495.573333
1783529,IT,NO,OILHA,FOODW,0.25,44024.189,4,4,44024.187,0.0,0.0,0.0,0.002,176096.756
1801017,IT,WE,LEAD1,PAPER,0.08,44023.645,4,4,44023.641,0.0,0.0,0.0,0.004,550295.5625
1670651,IT,FI,LEATH,REALE,0.32,44016.978,4,4,44016.97,0.0,0.0,0.0,0.008,137553.05625
1784349,IT,ID,RUBBE,FABRI,0.15,44016.536,4,4,44016.532,0.0,0.0,0.0,0.004,293443.573333
1676529,IT,FR,HOTEL,CROPS,0.32,44015.947,4,4,44015.944,0.0,0.0,0.0,0.003,137549.834375
1772150,IT,CH,KERO1,SANDC,0.06,44014.33,4,4,44014.326,0.0,0.0,0.0,0.004,733572.166667
1787585,IT,WA,MEATP,MEATA,0.18,44013.647,4,4,44013.642,0.0,0.0,0.0,0.005,244520.261111
1662522,IT,DK,COPP1,SALEM,0.11,44012.684,4,4,44012.682,0.0,0.0,0.0,0.002,400115.309091
1730665,IT,SE,RENTI,PUBLI,0.26,44011.919,4,4,44011.917,0.0,0.0,0.0,0.002,169276.611538
1683616,IT,HR,FABRI,MEAT1,0.18,44010.359,4,4,44010.356,0.0,0.0,0.0,0.003,244501.994444
1656444,IT,DE,PULP5,FURNI,0.13,44006.405,4,4,44006.401,0.0,0.0,0.0,0.004,338510.807692
1741554,IT,US,GASDI,POULT,0.07,44005.684,4,4,44005.68,0.0,0.0,0.0,0.004,628652.628571
1656835,IT,DE,GASDI,EDUCA,0.07,44005.29,4,4,44005.286,0.0,0.0,0.0,0.004,628647.0
1753405,IT,CA,COPP1,CONST,0.11,44001.254,4,4,44001.252,0.0,0.0,0.0,0.002,400011.4
1796601,IT,WL,HOTEL,PAPER,0.32,44001.179,4,4,44001.176,0.0,0.0,0.0,0.003,137503.684375
1716306,IT,NL,FABRI,CEMEN,0.18,44000.185,4,4,44000.182,0.0,0.0,0.0,0.003,244445.472222
1784153,IT,ID,PAPER,LEATH,0.17,43999.839,4,4,43999.835,0.0,0.0,0.0,0.004,258822.582353
1720556,IT,PL,OFFIC,MOTO1,0.14,43998.942,4,4,43998.939,0.0,0.0,0.0,0.003,314278.157143
1806557,IT,WF,FURNI,SEACO,0.14,43998.304,4,4,43998.3,0.0,0.0,0.0,0.004,314273.6
1720454,IT,PL,MACHI,RADIO,0.25,43998.285,4,4,43998.281,0.0,0.0,0.0,0.004,175993.14
1640907,IT,AT,LEATH,LANDT,0.32,43997.654,4,4,43997.646,0.0,0.0,0.0,0.008,137492.66875
1665928,IT,ES,MOTOR,PIGS9,0.07,43996.444,4,4,43996.44,0.0,0.0,0.0,0.004,628520.628571
1774615,IT,CH,SEACO,INSUR,0.04,43995.179,3,3,43995.179,0.0,0.0,0.0,0.0,1099879.475
1716439,IT,NL,OFFIC,VEGET,0.14,43992.841,4,4,43992.838,0.0,0.0,0.0,0.003,314234.578571
1683206,IT,HR,GLASS,RESEA,0.12,43987.675,4,4,43987.672,0.0,0.0,0.0,0.003,366563.958333
1765245,IT,RU,SANDC,CONST,0.1,43984.977,5,5,43974.975,0.0,0.0,10.0,0.002,439849.77
1711143,IT,LU,FABRI,RUBBE,0.18,43982.022,4,4,43982.019,0.0,0.0,0.0,0.003,244344.566667
1773779,IT,CH,ELEC2,COLLE,0.01,43981.541,4,4,43981.536,0.0,0.0,0.0,0.005,4398154.1
1747561,IT,JP,AIRTR,BITU1,0.05,43979.732,3,3,43979.732,0.0,0.0,0.0,0.0,879594.64
1772505,IT,CH,RUBBE,MEATC,0.15,43974.19,4,4,43974.186,0.0,0.0,0.0,0.004,293161.266667
1716437,IT,NL,MACHI,RECRE,0.25,43973.955,4,4,43973.951,0.0,0.0,0.0,0.004,175895.82
1661010,IT,DE,BUSIN,SEACO,0.45,43972.961,4,4,43972.958,0.0,0.0,0.0,0.003,97717.691111
1794261,IT,WL,MOTOR,STONE,0.07,43972.632,4,4,43972.628,0.0,0.0,0.0,0.004,628180.457143
1650344,IT,BG,ELEC2,CERAM,0.01,43971.439,4,4,43971.434,0.0,0.0,0.0,0.005,4397143.9
1782532,IT,NO,OFFIC,SEACO,0.14,43969.148,4,4,43969.145,0.0,0.0,0.0,0.003,314065.342857
1722068,IT,PL,BUSIN,MEATC,0.45,43965.677,4,4,43965.674,0.0,0.0,0.0,0.003,97701.504444
1665581,IT,ES,LEATH,RENTI,0.31,43965.567,4,4,43965.559,0.0,0.0,0.0,0.008,141824.409677
1646331,IT,BE,FABRI,CHEMI,0.18,43964.134,4,4,43964.131,0.0,0.0,0.0,0.003,244245.188889
1711680,IT,LU,BUSIN,VEGET,0.45,43963.349,4,4,43963.346,0.0,0.0,0.0,0.003,97696.331111
1796329,IT,WL,SALEM,PUBLI,0.35,43962.1,4,4,43962.097,0.0,0.0,0.0,0.003,125606.0
1741814,IT,US,PLAST,SALEM,0.09,43957.853,4,4,43957.849,0.0,0.0,0.0,0.004,488420.588889
1649605,IT,BG,GLASS,FOOD5,0.12,43957.777,4,4,43957.774,0.0,0.0,0.0,0.003,366314.808333
1664193,IT,EE,GLASS,HOTEL,0.12,43956.532,4,4,43956.529,0.0,0.0,0.0,0.003,366304.433333
1676405,IT,FR,WHOLE,INSUR,0.38,43953.623,4,4,43953.62,0.0,0.0,0.0,0.003,115667.428947
1788102,IT,WA,WEARI,POULT,0.33,43953.398,4,4,43953.39,0.0,0.0,0.0,0.008,133192.115152
1794405,IT,WL,KEROS,REALE,0.07,43953.293,4,4,43953.289,0.0,0.0,0.0,0.004,627904.185714
1646087,IT,BE,BASIC,MEDIC,0.05,43952.555,4,4,43952.552,0.0,0.0,0.0,0.003,879051.1
1714702,IT,NL,VEGE1,WHOLE,0.14,43951.138,4,4,43951.128,0.0,0.0,0.0,0.01,313936.7
1801212,IT,WE,FABRI,LEAD1,0.18,43946.651,4,4,43946.648,0.0,0.0,0.0,0.003,244148.061111
1646222,IT,BE,ALUM1,FOOD3,0.08,43942.268,4,4,43942.264,0.0,0.0,0.0,0.004,549278.35
1767176,IT,RU,WHOLE,FOUND,0.38,43941.416,4,4,43941.413,0.0,0.0,0.0,0.003,115635.305263
1779486,IT,TR,RENTI,CERAM,0.26,43941.244,4,4,43941.242,0.0,0.0,0.0,0.002,169004.784615
1728540,IT,SE,PAPER,FORES,0.17,43935.696,4,4,43935.692,0.0,0.0,0.0,0.004,258445.270588
1657954,IT,DE,BASIC,GASWO,0.05,43935.558,4,4,43935.555,0.0,0.0,0.0,0.003,878711.16
1684237,IT,HR,SEACO,FABRI,0.04,43931.892,3,3,43931.892,0.0,0.0,0.0,0.0,1098297.3
1680941,IT,GR,TRAN2,RETAI,0.07,43928.944,3,3,43928.944,0.0,0.0,0.0,0.0,627556.342857
1780110,IT,TW,HOTEL,CHEMI,0.32,43927.597,4,4,43927.594,0.0,0.0,0.0,0.003,137273.740625
1678508,IT,GR,WHEAT,FOOD5,0.03,43923.045,3,3,43923.045,0.0,0.0,0.0,0.0,1464101.5
1805211,IT,WF,CHEM1,NFERT,0.09,43922.36,4,4,43922.355,0.0,0.0,0.0,0.005,488026.222222
1682310,IT,HR,WOODW,VEGET,0.12,43921.909,4,4,43921.906,0.0,0.0,0.0,0.003,366015.908333
1808882,IT,WF,PRIVA,LEAD1,9.8,43920.528,4,4,43920.521,0.0,0.0,0.0,0.007,4481.686531
1730120,IT,SE,HOTEL,RENTI,0.32,43918.422,4,4,43918.419,0.0,0.0,0.0,0.003,137245.06875
1665661,IT,ES,WOODW,EDUCA,0.12,43917.394,4,4,43917.391,0.0,0.0,0.0,0.003,365978.283333
1671915,IT,FI,RAILW,RAILW,0.29,43917.134,4,4,43917.132,0.0,0.0,0.0,0.002,151438.393103
1769526,IT,AU,ALUM1,PAPER,0.08,43915.768,4,4,43915.764,0.0,0.0,0.0,0.004,548947.1
1689362,IT,IE,RETA1,DIST1,0.46,43915.408,4,4,43915.405,0.0,0.0,0.0,0.003,95468.278261
1669313,IT,ES,FINAN,FURNI,0.57,43909.65,3,3,43909.65,0.0,0.0,0.0,0.0,77034.473684
1800691,IT,WE,BRICK,RADIO,0.07,43904.238,4,4,43904.235,0.0,0.0,0.0,0.003,627203.4
1798175,IT,WE,CEREA,WEARI,0.07,43902.616,4,4,43902.614,0.0,0.0,0.0,0.002,627180.228571
1808369,IT,WF,WASTE,VEGET,0.14,43902.603,4,4,43902.601,0.0,0.0,0.0,0.002,313590.021429
1732666,IT,SI,CERAM,DAIRY,0.07,43902.259,4,4,43902.257,0.0,0.0,0.0,0.002,627175.128571
1671882,IT,FI,HOTEL,WHOLE,0.32,43901.621,4,4,43901.618,0.0,0.0,0.0,0.003,137192.565625
1813339,IT,WM,FURNI,MEATC,0.14,43901.516,4,4,43901.512,0.0,0.0,0.0,0.004,313582.257143
1732776,IT,SI,NONME,TRANS,0.09,43899.766,4,4,43899.761,0.0,0.0,0.0,0.005,487775.177778
1804877,IT,WF,BITU1,KERO1,0.07,43897.428,4,4,43897.425,0.0,0.0,0.0,0.003,627106.114286
1724561,IT,PT,POSTT,PUBLI,0.72,43886.753,4,4,43886.75,0.0,0.0,0.0,0.003,60953.823611
1764281,IT,MX,MACHI,TRAN2,0.24,43884.137,4,4,43884.133,0.0,0.0,0.0,0.004,182850.570833
1752770,IT,CA,WOODW,MACHI,0.12,43882.436,4,4,43882.433,0.0,0.0,0.0,0.003,365686.966667
1656591,IT,DE,PRINT,BIODI,0.42,43881.091,4,4,43881.088,0.0,0.0,0.0,0.003,104478.788095
1674517,IT,FR,RUBBE,MEAT4,0.15,43880.262,4,4,43880.258,0.0,0.0,0.0,0.004,292535.08
1689227,IT,IE,WHOLE,LEADZ,0.38,43878.827,4,4,43878.824,0.0,0.0,0.0,0.003,115470.597368
1776919,IT,TR,PLAST,ALUM1,0.09,43875.112,4,4,43875.108,0.0,0.0,0.0,0.004,487501.244444
1658524,IT,DE,MACHI,CATTL,0.24,43874.243,4,4,43874.239,0.0,0.0,0.0,0.004,182809.345833
1743363,IT,US,SALEM,WEARI,0.35,43873.311,4,4,43873.308,0.0,0.0,0.0,0.003,125352.317143
1755204,IT,KR,WOODW,RUBBE,0.12,43868.806,4,4,43868.803,0.0,0.0,0.0,0.003,365573.383333
1739536,IT,GB,LANDT,WASTE,0.28,43863.124,4,4,43863.122,0.0,0.0,0.0,0.002,156654.014286
1722729,IT,PT,WOODW,HOTEL,0.12,43860.15,4,4,43860.147,0.0,0.0,0.0,0.003,365501.25
1809197,IT,WM,MEATA,REALE,0.24,43858.109,4,4,43858.102,0.0,0.0,0.0,0.007,182742.120833
1645079,IT,BE,PAPER,MEDIC,0.17,43857.268,4,4,43857.264,0.0,0.0,0.0,0.004,257983.929412
1774332,IT,CH,HOTEL,PREC1,0.32,43854.628,4,4,43854.625,0.0,0.0,0.0,0.003,137045.7125
1666835,IT,ES,GLASS,COPPE,0.12,43851.909,4,4,43851.906,0.0,0.0,0.0,0.003,365432.575
1762268,IT,IN,AIRTR,PREC1,0.05,43849.342,3,3,43849.342,0.0,0.0,0.0,0.0,876986.84
1685428,IT,HU,WOODW,FOOD5,0.12,43849.259,4,4,43849.256,0.0,0.0,0.0,0.003,365410.491667
1683391,IT,HR,BASIC,PULP5,0.05,43848.451,4,4,43848.448,0.0,0.0,0.0,0.003,876969.02
1772881,IT,CH,BASIC,TRAN1,0.05,43845.839,4,4,43845.836,0.0,0.0,0.0,0.003,876916.78
1686671,IT,HU,LEAD1,WOOD2,0.08,43845.508,4,4,43845.504,0.0,0.0,0.0,0.004,548068.85
1658904,IT,DE,FURNI,PLAST,0.14,43842.374,4,4,43842.37,0.0,0.0,0.0,0.004,313159.814286
1715302,IT,NL,PAPER,SALEM,0.17,43837.662,4,4,43837.658,0.0,0.0,0.0,0.004,257868.6
1676760,IT,FR,LANDT,MEATP,0.28,43835.793,4,4,43835.791,0.0,0.0,0.0,0.002,156556.403571
1735618,IT,SK,COPP1,FOUND,0.11,43834.86,4,4,43834.858,0.0,0.0,0.0,0.002,398498.727273
1676704,IT,FR,RAILW,SALEM,0.29,43833.089,4,4,43833.087,0.0,0.0,0.0,0.002,151148.582759
1671889,IT,FI,HOTEL,SUPPO,0.32,43830.711,4,4,43830.708,0.0,0.0,0.0,0.003,136970.971875
1666333,IT,ES,LIQUE,TRAN1,0.08,43825.364,4,4,43825.36,0.0,0.0,0.0,0.004,547817.05
1651452,IT,CY,GASDI,RAILW,0.07,43824.661,4,4,43824.657,0.0,0.0,0.0,0.004,626066.585714
1655677,IT,DE,CHEMI,CEMEN,0.1,43822.474,5,5,43820.47,0.0,0.0,2.0,0.004,438224.74
1715124,IT,NL,LEATH,FORES,0.31,43821.606,4,4,43821.598,0.0,0.0,0.0,0.008,141360.019355
1642824,IT,AT,OFFIC,CONST,0.14,43821.054,4,4,43821.051,0.0,0.0,0.0,0.003,313007.528571
1680059,IT,GR,MACHI,ELEC2,0.24,43819.452,4,4,43819.448,0.0,0.0,0.0,0.004,182581.05
1755473,IT,KR,PLAST,NONME,0.09,43817.957,4,4,43817.953,0.0,0.0,0.0,0.004,486866.188889
1761207,IT,IN,ADDIT,LEAD1,0.1,43817.21,4,4,43817.207,0.0,0.0,0.0,0.003,438172.1
1751694,IT,CN,INSUR,RUBBE,0.9,43813.814,4,4,43813.812,0.0,0.0,0.0,0.002,48682.015556
1719628,IT,PL,CERAM,SUPPO,0.07,43811.017,4,4,43811.015,0.0,0.0,0.0,0.002,625871.671429
1788401,IT,WA,WOODW,HOTEL,0.12,43808.998,4,4,43808.995,0.0,0.0,0.0,0.003,365074.983333
1679295,IT,GR,HEAVY,ALUM1,0.07,43807.054,4,4,43807.05,0.0,0.0,0.0,0.004,625815.057143
1676911,IT,FR,SEACO,LANDT,0.04,43806.597,3,3,43806.597,0.0,0.0,0.0,0.0,1095164.925
1791362,IT,WA,SALEM,RETA1,0.35,43806.209,4,4,43806.206,0.0,0.0,0.0,0.003,125160.597143
1646345,IT,BE,FABRI,LEATH,0.18,43802.92,4,4,43802.917,0.0,0.0,0.0,0.003,243349.555556
1709666,IT,LT,PLAST,TEXTI,0.09,43801.411,4,4,43801.407,0.0,0.0,0.0,0.004,486682.344444
1645430,IT,BE,LIQUE,ELECT,0.08,43798.918,4,4,43798.914,0.0,0.0,0.0,0.004,547486.475
1743004,IT,US,OFFIC,GASDI,0.14,43794.333,4,4,43794.33,0.0,0.0,0.0,0.003,312816.664286
1787809,IT,WA,PROCE,CHEM1,0.3,43793.701,4,4,43793.698,0.0,0.0,0.0,0.003,145979.003333
1656461,IT,DE,PAPER,VEGET,0.17,43791.57,4,4,43791.566,0.0,0.0,0.0,0.004,257597.470588
1767494,IT,RU,SEACO,BASIC,0.04,43790.723,3,3,43790.723,0.0,0.0,0.0,0.0,1094768.075
1675769,IT,FR,FURNI,TRAN1,0.14,43788.539,4,4,43788.535,0.0,0.0,0.0,0.004,312775.278571
1776178,IT,TR,LEATH,EDUCA,0.31,43786.866,4,4,43786.858,0.0,0.0,0.0,0.008,141247.954839
1771424,IT,CH,FOOD5,SUPPO,0.21,43786.756,4,4,43786.752,0.0,0.0,0.0,0.004,208508.361905
1738890,IT,GB,FURNI,FOOD5,0.14,43786.01,4,4,43786.006,0.0,0.0,0.0,0.004,312757.214286
1649257,IT,BG,HEAVY,PFERT,0.07,43782.268,4,4,43782.264,0.0,0.0,0.0,0.004,625460.971429
1763222,IT,MX,WOODW,GLASS,0.12,43781.298,4,4,43781.295,0.0,0.0,0.0,0.003,364844.15
1735386,IT,SK,NONME,BUSIN,0.09,43780.015,4,4,43780.01,0.0,0.0,0.0,0.005,486444.611111
1674782,IT,FR,CERAM,FOOD3,0.07,43779.958,4,4,43779.956,0.0,0.0,0.0,0.002,625427.971429
1641717,IT,AT,PLAST,FURNI,0.09,43778.864,4,4,43778.86,0.0,0.0,0.0,0.004,486431.822222
1781101,IT,TW,PUBLI,RETA1,0.72,43777.429,4,4,43777.426,0.0,0.0,0.0,0.003,60801.984722
1647497,IT,BE,SUPPO,HEAVY,0.31,43776.547,4,4,43776.545,0.0,0.0,0.0,0.002,141214.667742
1748341,IT,CN,VEGET,LEATH,0.15,43771.447,4,4,43771.445,0.0,0.0,0.0,0.002,291809.646667
1788566,IT,WA,PAPER,NONME,0.17,43771.297,4,4,43771.293,0.0,0.0,0.0,0.004,257478.217647
1804954,IT,WF,NONSP,ELEC6,0.06,43770.38,4,4,43770.378,0.0,0.0,0.0,0.002,729506.333333
1715430,IT,NL,MOTOR,DISTR,0.07,43767.392,4,4,43767.388,0.0,0.0,0.0,0.004,625248.457143
1804892,IT,WF,BITU1,BASIC,0.07,43766.088,4,4,43766.085,0.0,0.0,0.0,0.003,625229.828571
1651468,IT,CY,HEAVY,VEGET,0.07,43763.961,4,4,43763.957,0.0,0.0,0.0,0.004,625199.442857
1778855,IT,TR,TRAN2,CRUDE,0.07,43761.016,3,3,43761.016,0.0,0.0,0.0,0.0,625157.371429
1785649,IT,ZA,HEAVY,CHEM1,0.07,43757.683,4,4,43757.679,0.0,0.0,0.0,0.004,625109.757143
1754585,IT,KR,CROPS,FOOD5,0.35,43757.645,4,4,43757.643,0.0,0.0,0.0,0.002,125021.842857
1778824,IT,TR,LANDT,RAILW,0.28,43753.038,4,4,43753.036,0.0,0.0,0.0,0.002,156260.85
1800637,IT,WE,CERAM,PLANT,0.07,43752.398,4,4,43752.396,0.0,0.0,0.0,0.002,625034.257143
1802977,IT,WF,WHEAT,HEAVY,0.03,43750.568,3,3,43750.568,0.0,0.0,0.0,0.0,1458352.266667
1679529,IT,GR,ADDIT,CHEM1,0.1,43750.343,4,4,43750.34,0.0,0.0,0.0,0.003,437503.43
1686271,IT,HU,CERAM,LANDT,0.07,43745.686,4,4,43745.684,0.0,0.0,0.0,0.002,624938.371429
1753755,IT,CA,FURNI,BASIC,0.14,43745.044,4,4,43745.04,0.0,0.0,0.0,0.004,312464.6
1785599,IT,ZA,GASDI,DISTR,0.07,43736.589,4,4,43736.585,0.0,0.0,0.0,0.004,624808.414286
1689914,IT,IE,AUXIL,RETA1,0.8,43734.876,4,4,43734.874,0.0,0.0,0.0,0.002,54668.595
1642554,IT,AT,COPP1,INTER,0.11,43733.263,4,4,43733.261,0.0,0.0,0.0,0.002,397575.118182
1796630,IT,WL,HOTEL,NONF1,0.32,43731.7,4,4,43731.697,0.0,0.0,0.0,0.003,136661.5625
1766148,IT,RU,RUBBE,COLLE,0.14,43731.515,4,4,43731.511,0.0,0.0,0.0,0.004,312367.964286
1653842,IT,CZ,FABRI,BEVER,0.18,43727.772,4,4,43727.769,0.0,0.0,0.0,0.003,242932.066667
1685020,IT,HU,DAIRY,PIGS9,0.18,43725.75,4,4,43725.747,0.0,0.0,0.0,0.003,242920.833333
1744741,IT,US,RESEA,VEGE1,0.24,43725.015,4,4,43725.012,0.0,0.0,0.0,0.003,182187.5625
1787619,IT,WA,MEAT4,CRUDE,0.24,43723.104,4,4,43723.101,0.0,0.0,0.0,0.003,182179.6
1758795,IT,BR,RETA1,FABRI,0.46,43722.081,4,4,43722.078,0.0,0.0,0.0,0.003,95048.002174
1741560,IT,US,GASDI,NATUR,0.07,43721.921,4,4,43721.917,0.0,0.0,0.0,0.004,624598.871429
1669385,IT,ES,INSUR,FOOD5,0.9,43720.91,4,4,43720.908,0.0,0.0,0.0,0.002,48578.788889
1808983,IT,WM,VEGET,MEAT1,0.15,43718.877,4,4,43718.875,0.0,0.0,0.0,0.002,291459.18
1732188,IT,SI,GASDI,OILHA,0.07,43718.361,4,4,43718.357,0.0,0.0,0.0,0.004,624548.014286
1757814,IT,BR,PFERT,POULT,0.02,43713.743,4,4,43713.736,0.0,0.0,0.0,0.007,2185687.15
1814524,IT,WM,RESEA,AUXIL,0.24,43713.23,4,4,43713.227,0.0,0.0,0.0,0.003,182138.458333
1809995,IT,WM,TEXTI,CEREA,0.26,43713.002,4,4,43712.996,0.0,0.0,0.0,0.006,168126.930769
1758395,IT,BR,FABRI,BIOGA,0.18,43712.066,4,4,43712.063,0.0,0.0,0.0,0.003,242844.811111
1727270,IT,RO,SUPPO,EDUCA,0.31,43710.918,4,4,43710.916,0.0,0.0,0.0,0.002,141002.96129
1746126,IT,JP,GASDI,CONST,0.07,43705.172,4,4,43705.168,0.0,0.0,0.0,0.004,624359.6
1745740,IT,JP,WEARI,CEMEN,0.33,43704.8,4,4,43704.792,0.0,0.0,0.0,0.008,132438.787879
1749050,IT,CN,LEATH,COLLE,0.31,43704.135,4,4,43704.127,0.0,0.0,0.0,0.008,140981.080645
1646879,IT,BE,WHOLE,FISH5,0.38,43703.66,4,4,43703.657,0.0,0.0,0.0,0.003,115009.631579
1678635,IT,GR,MEATC,BEVER,0.15,43701.952,5,5,43700.949,0.0,1.0,0.0,0.003,291346.346667
1658216,IT,DE,LEAD1,SECO9,0.08,43698.909,4,4,43698.905,0.0,0.0,0.0,0.004,546236.3625
1678739,IT,GR,PROCE,HOTEL,0.3,43696.344,4,4,43696.341,0.0,0.0,0.0,0.003,145654.48
1794407,IT,WL,KEROS,RESEA,0.06,43695.568,4,4,43695.564,0.0,0.0,0.0,0.004,728259.466667
1721240,IT,PL,LANDT,BITU1,0.28,43692.584,4,4,43692.582,0.0,0.0,0.0,0.002,156044.942857
1766251,IT,RU,CERAM,CROPS,0.07,43690.699,4,4,43690.697,0.0,0.0,0.0,0.002,624152.842857
1735006,IT,SK,PLAST,COKEO,0.09,43688.168,4,4,43688.164,0.0,0.0,0.0,0.004,485424.088889
1762310,IT,IN,AIRTR,RESEA,0.05,43686.073,3,3,43686.073,0.0,0.0,0.0,0.0,873721.46
1676167,IT,FR,CONST,PAPER,0.24,43677.859,4,4,43677.857,0.0,0.0,0.0,0.002,181991.079167
1746551,IT,JP,NONME,COLLE,0.09,43674.335,4,4,43674.33,0.0,0.0,0.0,0.005,485270.388889
1713291,IT,MT,PRINT,PUBLI,0.42,43673.176,4,4,43673.173,0.0,0.0,0.0,0.003,103983.752381
1776963,IT,TR,PLAST,MEMBE,0.09,43672.747,4,4,43672.743,0.0,0.0,0.0,0.004,485252.744444
1663297,IT,DK,INLAN,WHOLE,0.07,43671.756,4,4,43671.753,0.0,0.0,0.0,0.003,623882.228571
1765694,IT,RU,PAPER,MOTO1,0.17,43670.24,4,4,43670.236,0.0,0.0,0.0,0.004,256883.764706
1658197,IT,DE,LEAD1,MOTOR,0.08,43669.463,4,4,43669.459,0.0,0.0,0.0,0.004,545868.2875
1641644,IT,AT,PARAF,CHEM1,0.07,43668.386,4,4,43668.383,0.0,0.0,0.0,0.003,623834.085714
1722375,IT,PT,SANDC,RETA1,0.1,43667.854,5,5,43657.852,0.0,0.0,10.0,0.002,436678.54
1754982,IT,KR,TEXTI,INSUR,0.26,43666.308,4,4,43666.302,0.0,0.0,0.0,0.006,167947.338462
1757717,IT,BR,NAPHT,MOTOR,0.07,43663.076,4,4,43663.073,0.0,0.0,0.0,0.003,623758.228571
1715981,IT,NL,CERAM,RENTI,0.07,43662.834,4,4,43662.832,0.0,0.0,0.0,0.002,623754.771429
1728018,IT,SE,SANDC,BUSIN,0.1,43656.692,5,5,43646.69,0.0,0.0,10.0,0.002,436566.92
1740853,IT,US,VEGE1,HEALT,0.13,43653.191,4,4,43653.182,0.0,0.0,0.0,0.009,335793.776923
1813279,IT,WM,TRANS,MOTO1,0.26,43651.393,4,4,43651.391,0.0,0.0,0.0,0.002,167889.973077
1645014,IT,BE,PULP5,CERAM,0.13,43648.392,4,4,43648.388,0.0,0.0,0.0,0.004,335756.861538
1675869,IT,FR,ELEC2,SANDC,0.01,43643.743,4,4,43643.738,0.0,0.0,0.0,0.005,4364374.3
1768390,IT,AU,VEGE1,MEATC,0.13,43642.699,4,4,43642.69,0.0,0.0,0.0,0.009,335713.069231
1719121,IT,PL,PLAST,NATUR,0.09,43641.058,4,4,43641.054,0.0,0.0,0.0,0.004,484900.644444
1807102,IT,WF,SEACO,POSTT,0.04,43639.878,3,3,43639.878,0.0,0.0,0.0,0.0,1090996.95
1795389,IT,WL,BASIC,NFERT,0.05,43638.319,4,4,43638.316,0.0,0.0,0.0,0.003,872766.38
1780005,IT,TW,SALEM,FABRI,0.35,43636.991,4,4,43636.988,0.0,0.0,0.0,0.003,124677.117143
1672879,IT,FR,VEGE1,FABRI,0.13,43636.02,4,4,43636.011,0.0,0.0,0.0,0.009,335661.692308
1778585,IT,TR,RETA1,PUBLI,0.46,43632.259,4,4,43632.256,0.0,0.0,0.0,0.003,94852.736957
1731783,IT,SI,PAPER,PLAST,0.17,43628.282,4,4,43628.278,0.0,0.0,0.0,0.004,256636.952941
1740717,IT,US,CHEMI,WHOLE,0.1,43628.02,5,5,43626.016,0.0,0.0,2.0,0.004,436280.2
1776372,IT,TR,PRINT,PRINT,0.42,43627.001,4,4,43626.998,0.0,0.0,0.0,0.003,103873.811905
1748340,IT,CN,VEGET,WEARI,0.15,43625.566,4,4,43625.564,0.0,0.0,0.0,0.002,290837.106667
1658099,IT,DE,ALUM1,MEAT4,0.08,43621.284,4,4,43621.281,0.0,0.0,0.0,0.003,545266.05
1775450,IT,CH,PAPE1,MEATP,0.31,43619.313,4,4,43619.31,0.0,0.0,0.0,0.003,140707.46129
1805661,IT,WF,NONME,RESEA,0.09,43615.23,4,4,43615.225,0.0,0.0,0.0,0.005,484613.666667
1800009,IT,WE,HEAVY,BLAST,0.07,43613.922,4,4,43613.918,0.0,0.0,0.0,0.004,623056.028571
1728729,IT,SE,MOTOR,RECRE,0.07,43612.038,4,4,43612.034,0.0,0.0,0.0,0.004,623029.114286
1733016,IT,SI,LEAD1,HOTEL,0.08,43611.581,4,4,43611.577,0.0,0.0,0.0,0.004,545144.7625
1672723,IT,FR,CHEMI,WOODW,0.1,43608.364,5,5,43606.36,0.0,0.0,2.0,0.004,436083.64
1750566,IT,CN,OFFIC,CRUDE,0.14,43606.806,4,4,43606.803,0.0,0.0,0.0,0.003,311477.185714
1646212,IT,BE,ALUM1,REALE,0.08,43606.346,4,4,43606.343,0.0,0.0,0.0,0.003,545079.325
1740061,IT,GB,RENTI,POSTT,0.26,43606.235,4,4,43606.233,0.0,0.0,0.0,0.002,167716.288462
1781486,IT,NO,BEVER,COMPU,0.19,43604.302,4,4,43604.299,0.0,0.0,0.0,0.003,229496.326316
1738595,IT,GB,FABRI,DISTR,0.18,43602.761,4,4,43602.758,0.0,0.0,0.0,0.003,242237.561111
1745724,IT,JP,WEARI,PULP5,0.33,43599.764,4,4,43599.756,0.0,0.0,0.0,0.008,132120.49697
1777387,IT,TR,CERAM,ELECT,0.07,43598.704,4,4,43598.702,0.0,0.0,0.0,0.002,622838.628571
1756255,IT,KR,MACHI,WOOD1,0.24,43597.458,4,4,43597.454,0.0,0.0,0.0,0.004,181656.075
1806330,IT,WF,OFFIC,FINAN,0.14,43595.786,4,4,43595.783,0.0,0.0,0.0,0.003,311398.471429
1761694,IT,IN,FABRI,FOOD3,0.18,43589.61,4,4,43589.607,0.0,0.0,0.0,0.003,242164.5
1665230,IT,ES,FOOD5,RESEA,0.21,43588.782,4,4,43588.778,0.0,0.0,0.0,0.004,207565.628571
1643664,IT,AT,AIRTR,INTER,0.05,43586.195,3,3,43586.195,0.0,0.0,0.0,0.0,871723.9
1642382,IT,AT,BASIC,WOOD1,0.05,43584.836,4,4,43584.833,0.0,0.0,0.0,0.003,871696.72
1770059,IT,AU,RETAI,SALEM,0.34,43581.153,4,4,43581.15,0.0,0.0,0.0,0.003,128179.861765
1716469,IT,NL,OFFIC,CHEM1,0.14,43580.664,4,4,43580.661,0.0,0.0,0.0,0.003,311290.457143
1669421,IT,ES,INSUR,ELEC5,0.9,43578.386,4,4,43578.384,0.0,0.0,0.0,0.002,48420.428889
1671319,IT,FI,ALUM1,NONF1,0.08,43573.975,4,4,43573.972,0.0,0.0,0.0,0.003,544674.6875
1676883,IT,FR,TRAN2,REFI1,0.07,43572.463,3,3,43572.463,0.0,0.0,0.0,0.0,622463.757143
1732190,IT,SI,GASDI,FOOD3,0.06,43569.618,4,4,43569.614,0.0,0.0,0.0,0.004,726160.3
1748889,IT,CN,WEARI,KEROS,0.33,43568.688,4,4,43568.68,0.0,0.0,0.0,0.008,132026.327273
1652215,IT,CZ,PROCE,BEVER,0.29,43561.941,4,4,43561.938,0.0,0.0,0.0,0.003,150213.589655
1689181,IT,IE,RETAI,FORES,0.34,43561.39,4,4,43561.387,0.0,0.0,0.0,0.003,128121.735294
1660565,IT,DE,AUXIL,REALE,0.8,43561.286,4,4,43561.284,0.0,0.0,0.0,0.002,54451.6075
1743066,IT,US,MOTO1,SUGAR,0.23,43561.061,4,4,43561.058,0.0,0.0,0.0,0.003,189395.917391
1661368,IT,DK,MEATP,HOTEL,0.18,43552.404,4,4,43552.399,0.0,0.0,0.0,0.005,241957.8
1723683,IT,PT,MACHI,REFI1,0.24,43547.515,4,4,43547.511,0.0,0.0,0.0,0.004,181447.979167
1760963,IT,IN,HEAVY,PUBLI,0.07,43546.498,4,4,43546.495,0.0,0.0,0.0,0.003,622092.828571
1645459,IT,BE,NAPHT,BIODI,0.07,43545.722,4,4,43545.719,0.0,0.0,0.0,0.003,622081.742857
1647391,IT,BE,AIRTR,DAIRY,0.05,43544.386,3,3,43544.386,0.0,0.0,0.0,0.0,870887.72
1729219,IT,SE,CERAM,ELEC4,0.07,43535.096,4,4,43535.094,0.0,0.0,0.0,0.002,621929.942857
1813617,IT,WM,RETA1,VEGET,0.45,43534.926,4,4,43534.923,0.0,0.0,0.0,0.003,96744.28
1814876,IT,WM,93197,93197,0.29,43534.822,4,4,43534.818,0.0,0.0,0.0,0.004,150120.075862
1761695,IT,IN,FABRI,WASTE,0.18,43533.521,4,4,43533.518,0.0,0.0,0.0,0.003,241852.894444
1664307,IT,EE,COPP1,MACHI,0.11,43528.546,4,4,43528.544,0.0,0.0,0.0,0.002,395714.054545
1771870,IT,CH,WOODW,RENTI,0.12,43521.443,4,4,43521.44,0.0,0.0,0.0,0.003,362678.691667
1727062,IT,RO,RAILW,SUPPO,0.29,43519.609,4,4,43519.607,0.0,0.0,0.0,0.002,150067.617241
1789556,IT,WA,BIOGA,VEGE1,0.09,43518.378,4,4,43518.374,0.0,0.0,0.0,0.004,483537.533333
1810255,IT,WM,LEATH,NONME,0.31,43518.331,4,4,43518.323,0.0,0.0,0.0,0.008,140381.712903
1757904,IT,BR,CHEM1,RADIO,0.09,43517.598,4,4,43517.593,0.0,0.0,0.0,0.005,483528.866667
1666541,IT,ES,CHEM1,MEATC,0.09,43516.41,4,4,43516.405,0.0,0.0,0.0,0.005,483515.666667
1669802,IT,ES,BUSIN,ELEC4,0.45,43516.304,4,4,43516.301,0.0,0.0,0.0,0.003,96702.897778
1754025,IT,CA,SEACO,PRINT,0.04,43516.025,3,3,43516.025,0.0,0.0,0.0,0.0,1087900.625
1749111,IT,CN,WOODW,NONME,0.12,43515.646,4,4,43515.643,0.0,0.0,0.0,0.003,362630.383333
1774816,IT,CH,POSTT,SALEM,0.72,43514.721,4,4,43514.718,0.0,0.0,0.0,0.003,60437.1125
1660285,IT,DE,POSTT,RAILW,0.72,43511.149,4,4,43511.146,0.0,0.0,0.0,0.003,60432.151389
1685016,IT,HU,VEGE1,HEALT,0.13,43509.214,4,4,43509.205,0.0,0.0,0.0,0.009,334686.261538
1749952,IT,CN,GLASS,PUBLI,0.12,43504.403,4,4,43504.401,0.0,0.0,0.0,0.002,362536.691667
1713811,IT,MT,FURNI,HOTEL,0.14,43500.066,4,4,43500.062,0.0,0.0,0.0,0.004,310714.757143
1777626,IT,TR,ALUM1,ELEC2,0.08,43499.91,4,4,43499.907,0.0,0.0,0.0,0.003,543748.875
1667811,IT,ES,OFFIC,ELEC3,0.13,43499.078,4,4,43499.075,0.0,0.0,0.0,0.003,334608.292308
1765435,IT,RU,TEXTI,FABRI,0.26,43496.201,4,4,43496.195,0.0,0.0,0.0,0.006,167293.080769
1782400,IT,NO,FABRI,EDUCA,0.18,43495.186,4,4,43495.183,0.0,0.0,0.0,0.003,241639.922222
1655367,IT,DE,OILSE,HEALT,0.03,43494.018,4,4,43494.016,0.0,0.0,0.0,0.002,1449800.6
1746917,IT,JP,MOTO1,HEAVY,0.23,43491.161,4,4,43491.158,0.0,0.0,0.0,0.003,189092.004348
1658994,IT,DE,ELEC2,POULT,0.01,43486.779,4,4,43486.774,0.0,0.0,0.0,0.005,4348677.9
1656212,IT,DE,TEXTI,RETAI,0.26,43482.87,4,4,43482.864,0.0,0.0,0.0,0.006,167241.807692
1787688,IT,WA,VEGE1,SANDC,0.13,43482.85,4,4,43482.841,0.0,0.0,0.0,0.009,334483.461538
1781616,IT,NO,WEARI,BUSIN,0.33,43482.214,4,4,43482.206,0.0,0.0,0.0,0.008,131764.284848
1728515,IT,SE,WOODW,RETA1,0.12,43480.844,4,4,43480.841,0.0,0.0,0.0,0.003,362340.366667
1683508,IT,HR,ALUM1,SANDC,0.08,43479.153,4,4,43479.15,0.0,0.0,0.0,0.003,543489.4125
1751114,IT,CN,RETA1,MACHI,0.45,43478.319,4,4,43478.316,0.0,0.0,0.0,0.003,96618.486667
1666575,IT,ES,CHEM1,NONSP,0.09,43477.577,4,4,43477.572,0.0,0.0,0.0,0.005,483084.188889
1720648,IT,PL,MOTO1,PREC1,0.23,43477.494,4,4,43477.491,0.0,0.0,0.0,0.003,189032.582609
1741450,IT,US,MOTOR,RADIO,0.06,43472.652,4,4,43472.648,0.0,0.0,0.0,0.004,724544.2
1804666,IT,WF,LIQUE,FORES,0.08,43472.51,4,4,43472.506,0.0,0.0,0.0,0.004,543406.375
1729364,IT,SE,BASIC,BEVER,0.05,43471.938,4,4,43471.935,0.0,0.0,0.0,0.003,869438.76
1793907,IT,WL,WEARI,SALEM,0.33,43469.604,4,4,43469.596,0.0,0.0,0.0,0.008,131726.072727
1720959,IT,PL,WHOLE,CHEM1,0.38,43466.946,4,4,43466.943,0.0,0.0,0.0,0.003,114386.7
1763430,IT,MX,NAPHT,CHEM1,0.07,43466.731,4,4,43466.728,0.0,0.0,0.0,0.003,620953.3
1685744,IT,HU,PLAST,NATUR,0.09,43461.51,4,4,43461.506,0.0,0.0,0.0,0.004,482905.666667
1660424,IT,DE,FINAN,PUBLI,0.57,43459.657,3,3,43459.657,0.0,0.0,0.0,0.0,76245.012281
1672065,IT,FI,AIRTR,MEMBE,0.05,43459.434,3,3,43459.434,0.0,0.0,0.0,0.0,869188.68
1659371,IT,DE,WHOLE,CEREA,0.38,43456.65,4,4,43456.647,0.0,0.0,0.0,0.003,114359.605263
1810406,IT,WM,PULP5,MEATC,0.13,43456.044,4,4,43456.04,0.0,0.0,0.0,0.004,334277.261538
1745063,IT,US,PUBLI,ELEC3,0.71,43455.433,4,4,43455.43,0.0,0.0,0.0,0.003,61204.835211
1668387,IT,ES,RETA1,FISH5,0.45,43453.073,4,4,43453.07,0.0,0.0,0.0,0.003,96562.384444
1808994,IT,WM,VEGET,LEATH,0.15,43451.761,4,4,43451.759,0.0,0.0,0.0,0.002,289678.406667
1728826,IT,SE,PLAST,LEATH,0.09,43451.596,4,4,43451.592,0.0,0.0,0.0,0.004,482795.511111
1680823,IT,GR,RAILW,RADIO,0.29,43450.842,4,4,43450.84,0.0,0.0,0.0,0.002,149830.489655
1676918,IT,FR,INLAN,FISH5,0.07,43449.237,4,4,43449.234,0.0,0.0,0.0,0.003,620703.385714
1803128,IT,WF,VEGET,NONME,0.15,43446.67,4,4,43446.668,0.0,0.0,0.0,0.002,289644.466667
1730457,IT,SE,POSTT,SEACO,0.72,43446.606,4,4,43446.603,0.0,0.0,0.0,0.003,60342.508333
1789910,IT,WA,CEMEN,PRECI,0.07,43445.488,4,4,43445.486,0.0,0.0,0.0,0.002,620649.828571
1644933,IT,BE,WOODW,MEAT1,0.12,43445.08,4,4,43445.077,0.0,0.0,0.0,0.003,362042.333333
1725027,IT,RO,WHEAT,WHEAT,0.03,43443.053,3,3,43443.053,0.0,0.0,0.0,0.0,1448101.766667
1781323,IT,NO,VEGE1,WHOLE,0.13,43442.179,4,4,43442.17,0.0,0.0,0.0,0.009,334170.607692
1748356,IT,CN,OILSE,RAWMI,0.03,43438.558,4,4,43438.556,0.0,0.0,0.0,0.002,1447951.933333
1759286,IT,BR,POSTT,ELEC4,0.72,43438.548,4,4,43438.545,0.0,0.0,0.0,0.003,60331.316667
1710088,IT,LT,FABRI,RADIO,0.18,43437.753,4,4,43437.75,0.0,0.0,0.0,0.003,241320.85
1679050,IT,GR,WOODW,MOTO1,0.12,43434.222,4,4,43434.219,0.0,0.0,0.0,0.003,361951.85
1721390,IT,PL,SEACO,COPP1,0.04,43429.751,3,3,43429.751,0.0,0.0,0.0,0.0,1085743.775
1728598,IT,SE,PAPER,FINAN,0.17,43429.283,4,4,43429.279,0.0,0.0,0.0,0.004,255466.370588
1776517,IT,TR,AVIAT,NONF1,0.1,43426.982,4,4,43426.979,0.0,0.0,0.0,0.003,434269.82
1787536,IT,WA,CHEMI,CEMEN,0.1,43424.09,5,5,43422.086,0.0,0.0,2.0,0.004,434240.9
1762434,IT,IN,POSTT,REALE,0.72,43423.781,4,4,43423.778,0.0,0.0,0.0,0.003,60310.806944
1648901,IT,BG,TEXTI,RESEA,0.26,43422.928,4,4,43422.922,0.0,0.0,0.0,0.006,167011.261538
1660892,IT,DE,RESEA,COMPU,0.24,43422.606,4,4,43422.603,0.0,0.0,0.0,0.003,180927.525
1789849,IT,WA,CERAM,RUBBE,0.07,43422.516,4,4,43422.514,0.0,0.0,0.0,0.002,620321.657143
1796094,IT,WL,TRANS,BIODI,0.26,43421.482,4,4,43421.48,0.0,0.0,0.0,0.002,167005.7
1798823,IT,WE,FOOD5,DISTR,0.21,43419.466,4,4,43419.462,0.0,0.0,0.0,0.004,206759.361905
1682629,IT,HR,KEROS,NONME,0.06,43416.573,4,4,43416.569,0.0,0.0,0.0,0.004,723609.55
1769776,IT,AU,MACHI,COPP1,0.24,43416.396,4,4,43416.392,0.0,0.0,0.0,0.004,180901.65
1758476,IT,BR,MACHI,FOOD5,0.24,43415.222,4,4,43415.218,0.0,0.0,0.0,0.004,180896.758333
1660902,IT,DE,BUSIN,CATTL,0.45,43412.906,4,4,43412.903,0.0,0.0,0.0,0.003,96473.124444
1688871,IT,IE,PREC1,BUSIN,0.07,43412.367,4,4,43412.365,0.0,0.0,0.0,0.002,620176.671429
1711173,IT,LU,FABRI,RENTI,0.18,43409.521,4,4,43409.518,0.0,0.0,0.0,0.003,241164.005556
1751088,IT,CN,RETA1,WEARI,0.45,43408.672,4,4,43408.669,0.0,0.0,0.0,0.003,96463.715556
1722487,IT,PT,FOOD5,MEATA,0.21,43408.419,4,4,43408.415,0.0,0.0,0.0,0.004,206706.757143
1800346,IT,WE,CHEM1,SUGA1,0.09,43406.278,4,4,43406.273,0.0,0.0,0.0,0.005,482291.977778
1712972,IT,MT,FISHF,FOOD5,0.07,43405.453,4,4,43405.451,0.0,0.0,0.0,0.002,620077.9
1797432,IT,WL,COMPU,SUPPO,0.5,43402.712,4,4,43402.709,0.0,0.0,0.0,0.003,86805.424
1733218,IT,SI,MACHI,COPP1,0.24,43394.869,4,4,43394.865,0.0,0.0,0.0,0.004,180811.954167
1737844,IT,GB,PLAST,WEARI,0.09,43394.147,4,4,43394.143,0.0,0.0,0.0,0.004,482157.188889
1649979,IT,BG,FABRI,RESEA,0.18,43393.651,4,4,43393.648,0.0,0.0,0.0,0.003,241075.838889
1779516,IT,TR,RENTI,REALE,0.26,43391.129,4,4,43391.127,0.0,0.0,0.0,0.002,166888.957692
1750751,IT,CN,TRANS,FABRI,0.26,43390.626,4,4,43390.624,0.0,0.0,0.0,0.002,166887.023077
1645912,IT,BE,CERAM,FISH5,0.07,43389.552,4,4,43389.55,0.0,0.0,0.0,0.002,619850.742857
1782960,IT,NO,AIRTR,REALE,0.05,43388.457,3,3,43388.457,0.0,0.0,0.0,0.0,867769.14
1720780,IT,PL,TRANS,REALE,0.26,43386.12,4,4,43386.118,0.0,0.0,0.0,0.002,166869.692308
1641114,IT,AT,PAPER,DIST1,0.17,43385.971,4,4,43385.967,0.0,0.0,0.0,0.004,255211.594118
1657063,IT,DE,NONSP,NAPHT,0.06,43383.177,4,4,43383.175,0.0,0.0,0.0,0.002,723052.95
1796177,IT,WL,FURNI,PULP5,0.14,43381.457,4,4,43381.453,0.0,0.0,0.0,0.004,309867.55
1683545,IT,HR,ALUM1,RAILW,0.08,43379.616,4,4,43379.613,0.0,0.0,0.0,0.003,542245.2
1644367,IT,BE,CHEMI,MEDIC,0.1,43379.467,5,5,43377.463,0.0,0.0,2.0,0.004,433794.67
1777898,IT,TR,MACHI,LEADZ,0.24,43379.202,4,4,43379.198,0.0,0.0,0.0,0.004,180746.675
1807874,IT,WF,PAPE1,CONST,0.3,43377.203,4,4,43377.2,0.0,0.0,0.0,0.003,144590.676667
1752577,IT,CA,BEVER,MEMBE,0.18,43376.32,4,4,43376.317,0.0,0.0,0.0,0.003,240979.555556
1727311,IT,RO,POSTT,RUBBE,0.71,43374.766,4,4,43374.763,0.0,0.0,0.0,0.003,61091.219718
1646251,IT,BE,LEAD1,MACHI,0.08,43369.976,4,4,43369.972,0.0,0.0,0.0,0.004,542124.7
1753889,IT,CA,RAILW,CRUDE,0.29,43368.549,4,4,43368.547,0.0,0.0,0.0,0.002,149546.72069
1686414,IT,HU,BASIC,LEAD1,0.05,43368.033,4,4,43368.03,0.0,0.0,0.0,0.003,867360.66
1681279,IT,GR,FINAN,REALE,0.56,43365.815,3,3,43365.815,0.0,0.0,0.0,0.0,77438.955357
1723973,IT,PT,SALEM,CONST,0.35,43364.629,4,4,43364.626,0.0,0.0,0.0,0.003,123898.94
1803054,IT,WF,CEREA,PRINT,0.07,43364.495,4,4,43364.493,0.0,0.0,0.0,0.002,619492.785714
1723686,IT,PT,MACHI,NONSP,0.24,43363.761,4,4,43363.757,0.0,0.0,0.0,0.004,180682.3375
1781945,IT,NO,CHEM1,93197,0.09,43360.171,4,4,43360.166,0.0,0.0,0.0,0.005,481779.677778
1648503,IT,BG,OILSE,BUSIN,0.03,43360.05,4,4,43360.048,0.0,0.0,0.0,0.002,1445335.0
1727663,IT,RO,RENTI,SALEM,0.26,43358.744,4,4,43358.742,0.0,0.0,0.0,0.002,166764.4
1779514,IT,TR,RENTI,INSUR,0.26,43355.978,4,4,43355.976,0.0,0.0,0.0,0.002,166753.761538
1670407,IT,FI,FOOD5,PEAT2,0.21,43355.488,4,4,43355.484,0.0,0.0,0.0,0.004,206454.704762
1723980,IT,PT,SALEM,AIRTR,0.35,43354.355,4,4,43354.352,0.0,0.0,0.0,0.003,123869.585714
1761885,IT,IN,TRANS,AIRTR,0.26,43351.266,4,4,43351.264,0.0,0.0,0.0,0.002,166735.638462
1747262,IT,JP,WHOLE,PRINT,0.37,43350.986,4,4,43350.983,0.0,0.0,0.0,0.003,117164.827027
1802202,IT,WE,HOTEL,AUXIL,0.31,43349.343,4,4,43349.34,0.0,0.0,0.0,0.003,139836.590323
1679861,IT,GR,ALUM1,PAPE4,0.08,43348.192,4,4,43348.189,0.0,0.0,0.0,0.003,541852.4
1718322,IT,PL,FOOD5,PUBLI,0.21,43345.463,4,4,43345.459,0.0,0.0,0.0,0.004,206406.966667
1752321,IT,CA,CHEMI,HOTEL,0.1,43345.299,5,5,43343.295,0.0,0.0,2.0,0.004,433452.99
1739017,IT,GB,SALEM,COMPU,0.35,43344.905,4,4,43344.902,0.0,0.0,0.0,0.003,123842.585714
1750735,IT,CN,TRANS,CRUDE,0.26,43344.866,4,4,43344.864,0.0,0.0,0.0,0.002,166711.023077
1719105,IT,PL,NONSP,STEAM,0.06,43344.783,4,4,43344.781,0.0,0.0,0.0,0.002,722413.05
1649541,IT,BG,RUBBE,NONME,0.14,43342.977,4,4,43342.973,0.0,0.0,0.0,0.004,309592.692857
1663260,IT,DK,SEACO,BASIC,0.04,43340.552,3,3,43340.552,0.0,0.0,0.0,0.0,1083513.8
1754011,IT,CA,SEACO,OILSE,0.04,43339.285,3,3,43339.285,0.0,0.0,0.0,0.0,1083482.125
1764821,IT,MX,SEACO,PRINT,0.04,43338.756,3,3,43338.756,0.0,0.0,0.0,0.0,1083468.9
1748401,IT,CN,CROPS,CONST,0.34,43338.138,4,4,43338.136,0.0,0.0,0.0,0.002,127465.111765
1656456,IT,DE,PULP5,BUSIN,0.13,43334.855,4,4,43334.851,0.0,0.0,0.0,0.004,333345.038462
1752901,IT,CA,HEAVY,PAPER,0.07,43331.856,4,4,43331.853,0.0,0.0,0.0,0.003,619026.514286
1718750,IT,PL,PULP5,AUXIL,0.13,43331.69,4,4,43331.686,0.0,0.0,0.0,0.004,333320.692308
1665751,IT,ES,PAPER,MEDIC,0.17,43331.368,4,4,43331.364,0.0,0.0,0.0,0.004,254890.4
1640162,IT,AT,VEGET,DAIRY,0.15,43330.503,4,4,43330.501,0.0,0.0,0.0,0.002,288870.02
1710197,IT,LT,MACHI,EDUCA,0.24,43330.476,4,4,43330.472,0.0,0.0,0.0,0.004,180543.65
1689139,IT,IE,SALEM,MOTO1,0.35,43327.395,4,4,43327.392,0.0,0.0,0.0,0.003,123792.557143
1725623,IT,RO,WOODW,RECRE,0.12,43327.362,4,4,43327.359,0.0,0.0,0.0,0.003,361061.35
1666310,IT,ES,LIQUE,CHEM1,0.08,43325.882,4,4,43325.879,0.0,0.0,0.0,0.003,541573.525
1745838,IT,JP,LEATH,PULP5,0.31,43325.006,4,4,43324.999,0.0,0.0,0.0,0.007,139758.083871
1731556,IT,SI,TEXTI,CHEM1,0.26,43322.913,4,4,43322.907,0.0,0.0,0.0,0.006,166626.588462
1809404,IT,WM,CHEMI,PULP5,0.1,43322.881,5,5,43320.877,0.0,0.0,2.0,0.004,433228.81
1785411,IT,ZA,PAPER,CEMEN,0.17,43322.814,4,4,43322.81,0.0,0.0,0.0,0.004,254840.082353
1723532,IT,PT,COPP1,RENTI,0.11,43322.067,4,4,43322.065,0.0,0.0,0.0,0.002,393836.972727
1778651,IT,TR,HOTEL,MOTO1,0.31,43316.368,4,4,43316.365,0.0,0.0,0.0,0.003,139730.219355
1734678,IT,SK,LEATH,MEATA,0.31,43316.019,4,4,43316.012,0.0,0.0,0.0,0.007,139729.093548
1675926,IT,FR,ELEC2,FOODW,0.01,43314.985,4,4,43314.98,0.0,0.0,0.0,0.005,4331498.5
1750409,IT,CN,FABRI,TRAN2,0.18,43311.812,4,4,43311.809,0.0,0.0,0.0,0.003,240621.177778
1785321,IT,ZA,LEATH,MEDIC,0.31,43311.073,4,4,43311.066,0.0,0.0,0.0,0.007,139713.13871
1743977,IT,US,AIRTR,WEARI,0.05,43307.824,3,3,43307.824,0.0,0.0,0.0,0.0,866156.48
1788707,IT,WA,MOTOR,WOODW,0.06,43306.585,4,4,43306.581,0.0,0.0,0.0,0.004,721776.416667
1663008,IT,DK,HOTEL,GLASS,0.31,43306.241,4,4,43306.238,0.0,0.0,0.0,0.003,139697.551613
1643294,IT,AT,HOTEL,FOOD2,0.31,43305.565,4,4,43305.562,0.0,0.0,0.0,0.003,139695.370968
1757810,IT,BR,PFERT,SUGAR,0.02,43304.567,4,4,43304.56,0.0,0.0,0.0,0.007,2165228.35
1661849,IT,DK,PAPER,GLASS,0.17,43304.288,4,4,43304.284,0.0,0.0,0.0,0.004,254731.105882
1753359,IT,CA,PREC1,NONF1,0.07,43304.252,4,4,43304.25,0.0,0.0,0.0,0.002,618632.171429
1790314,IT,WA,ALUM1,LIQUE,0.08,43302.517,4,4,43302.514,0.0,0.0,0.0,0.003,541281.4625
1739149,IT,GB,RETA1,NATUR,0.45,43301.018,4,4,43301.015,0.0,0.0,0.0,0.003,96224.484444
1726672,IT,RO,TRANS,GLASS,0.26,43298.619,4,4,43298.617,0.0,0.0,0.0,0.002,166533.15
1655906,IT,DE,DAIRY,RECRE,0.18,43296.251,4,4,43296.248,0.0,0.0,0.0,0.003,240534.727778
1664296,IT,EE,ALUM1,MOTO1,0.08,43292.889,4,4,43292.886,0.0,0.0,0.0,0.003,541161.1125
1715478,IT,NL,KEROS,WHOLE,0.06,43292.276,4,4,43292.272,0.0,0.0,0.0,0.004,721537.933333
1718349,IT,PL,BEVER,MEAT4,0.18,43288.561,4,4,43288.558,0.0,0.0,0.0,0.003,240492.005556
1768292,IT,AU,OILSE,WEARI,0.03,43287.77,4,4,43287.768,0.0,0.0,0.0,0.002,1442925.666667
1658831,IT,DE,MOTO1,COLLE,0.23,43286.377,4,4,43286.374,0.0,0.0,0.0,0.003,188201.63913
1814122,IT,WM,AIRTR,MEDIC,0.05,43285.171,3,3,43285.171,0.0,0.0,0.0,0.0,865703.42
1733642,IT,SI,HOTEL,TRAN1,0.31,43284.868,4,4,43284.865,0.0,0.0,0.0,0.003,139628.606452
1730248,IT,SE,SEACO,BEVER,0.04,43284.798,3,3,43284.798,0.0,0.0,0.0,0.0,1082119.95
1752441,IT,CA,DAIRY,COKEO,0.18,43284.163,4,4,43284.16,0.0,0.0,0.0,0.003,240467.572222
1782590,IT,NO,FURNI,FISHF,0.14,43282.733,4,4,43282.729,0.0,0.0,0.0,0.004,309162.378571
1740991,IT,US,BEVER,SEACO,0.18,43279.835,4,4,43279.832,0.0,0.0,0.0,0.003,240443.527778
1673152,IT,FR,BEVER,MOTOR,0.18,43278.289,4,4,43278.286,0.0,0.0,0.0,0.003,240434.938889
1784139,IT,ID,PULP5,RENTI,0.13,43277.486,4,4,43277.482,0.0,0.0,0.0,0.004,332903.738462
1650821,IT,BG,LANDT,LEATH,0.28,43276.513,4,4,43276.511,0.0,0.0,0.0,0.002,154558.975
1746505,IT,JP,CERAM,SEACO,0.07,43275.432,4,4,43275.43,0.0,0.0,0.0,0.002,618220.457143
1661518,IT,DK,FOOD5,WHOLE,0.21,43274.839,4,4,43274.835,0.0,0.0,0.0,0.004,206070.661905
1713362,IT,MT,GASDI,AUXIL,0.06,43274.52,4,4,43274.516,0.0,0.0,0.0,0.004,721242.0
1777002,IT,TR,CHEM1,IRONO,0.09,43273.979,4,4,43273.974,0.0,0.0,0.0,0.005,480821.988889
1810489,IT,WM,PAPER,COPPE,0.17,43273.926,4,4,43273.922,0.0,0.0,0.0,0.004,254552.505882
1728527,IT,SE,WOODW,PLAS1,0.12,43272.012,4,4,43272.009,0.0,0.0,0.0,0.003,360600.1
1654738,IT,CZ,SEACO,SUPPO,0.04,43267.794,3,3,43267.794,0.0,0.0,0.0,0.0,1081694.85
1688977,IT,IE,MACHI,WOODW,0.24,43267.51,4,4,43267.506,0.0,0.0,0.0,0.004,180281.291667
1662445,IT,DK,ALUM1,BEVER,0.08,43262.213,4,4,43262.21,0.0,0.0,0.0,0.003,540777.6625
1669052,IT,ES,SUPPO,CEMEN,0.31,43260.901,4,4,43260.899,0.0,0.0,0.0,0.002,139551.293548
1738276,IT,GB,NONME,OFFIC,0.09,43260.615,4,4,43260.61,0.0,0.0,0.0,0.005,480673.5
1787196,IT,WA,WHEAT,PIGS9,0.03,43260.294,3,3,43260.294,0.0,0.0,0.0,0.0,1442009.8
1763902,IT,MX,BASIC,NONFE,0.05,43258.262,4,4,43258.259,0.0,0.0,0.0,0.003,865165.24
1681547,IT,GR,BUSIN,RADIO,0.44,43256.936,4,4,43256.933,0.0,0.0,0.0,0.003,98311.218182
1751665,IT,CN,INSUR,SUGAR,0.89,43255.202,4,4,43255.2,0.0,0.0,0.0,0.002,48601.350562
1642726,IT,AT,MACHI,KEROS,0.24,43254.516,4,4,43254.512,0.0,0.0,0.0,0.004,180227.15
1785442,IT,ZA,PAPER,RESEA,0.17,43253.9,4,4,43253.896,0.0,0.0,0.0,0.004,254434.705882
1754044,IT,CA,SEACO,ELEC1,0.04,43249.762,3,3,43249.762,0.0,0.0,0.0,0.0,1081244.05
1764823,IT,MX,SEACO,CHEM1,0.04,43249.726,3,3,43249.726,0.0,0.0,0.0,0.0,1081243.15
1800392,IT,WE,CHEM1,RAILW,0.09,43249.265,4,4,43249.26,0.0,0.0,0.0,0.005,480547.388889
1710620,IT,LU,CHEMI,CONST,0.1,43247.818,5,5,43245.814,0.0,0.0,2.0,0.004,432478.18
1663270,IT,DK,SEACO,FURNI,0.04,43247.714,3,3,43247.714,0.0,0.0,0.0,0.0,1081192.85
1723614,IT,PT,FABRI,DIST1,0.18,43245.817,4,4,43245.814,0.0,0.0,0.0,0.003,240254.538889
1710109,IT,LT,FABRI,BUSIN,0.18,43242.058,4,4,43242.055,0.0,0.0,0.0,0.003,240233.655556
1647345,IT,BE,SEACO,NAPHT,0.04,43241.377,3,3,43241.377,0.0,0.0,0.0,0.0,1081034.425
1728739,IT,SE,KEROS,REALE,0.06,43241.141,4,4,43241.137,0.0,0.0,0.0,0.004,720685.683333
1766900,IT,RU,OFFIC,CONST,0.13,43240.929,4,4,43240.926,0.0,0.0,0.0,0.003,332622.530769
1667195,IT,ES,PREC1,NICKE,0.07,43240.46,4,4,43240.458,0.0,0.0,0.0,0.002,617720.857143
1788027,IT,WA,TEXTI,BIOGA,0.26,43239.105,4,4,43239.099,0.0,0.0,0.0,0.006,166304.25
1726660,IT,RO,TRANS,BEVER,0.26,43237.993,4,4,43237.991,0.0,0.0,0.0,0.002,166299.973077
1755035,IT,KR,WEARI,FABRI,0.33,43237.672,4,4,43237.664,0.0,0.0,0.0,0.008,131023.248485
1809956,IT,WM,FISH5,KEROS,0.18,43237.094,4,4,43237.072,0.0,0.0,0.0,0.022,240206.077778
1665681,IT,ES,PULP5,OFFIC,0.13,43236.36,4,4,43236.356,0.0,0.0,0.0,0.004,332587.384615
1727058,IT,RO,RAILW,RETA1,0.29,43232.638,4,4,43232.636,0.0,0.0,0.0,0.002,149078.062069
1814201,IT,WM,SUPPO,SALEM,0.31,43232.188,4,4,43232.186,0.0,0.0,0.0,0.002,139458.670968
1728255,IT,SE,BEVER,POULT,0.18,43231.109,4,4,43231.106,0.0,0.0,0.0,0.003,240172.827778
1672900,IT,FR,VEGE1,SUPPO,0.13,43229.132,4,4,43229.123,0.0,0.0,0.0,0.009,332531.784615
1716314,IT,NL,FABRI,FOUND,0.18,43222.853,4,4,43222.85,0.0,0.0,0.0,0.003,240126.961111
1746901,IT,JP,MOTO1,BEVER,0.23,43222.192,4,4,43222.189,0.0,0.0,0.0,0.003,187922.573913
1741861,IT,US,CHEM1,BITUM,0.09,43221.817,4,4,43221.812,0.0,0.0,0.0,0.005,480242.411111
1771265,IT,CH,VEGE1,COMPU,0.13,43220.204,4,4,43220.195,0.0,0.0,0.0,0.009,332463.107692
1656298,IT,DE,LEATH,BASIC,0.31,43217.094,4,4,43217.087,0.0,0.0,0.0,0.007,139409.980645
1645890,IT,BE,GLASS,COMPU,0.12,43214.291,4,4,43214.289,0.0,0.0,0.0,0.002,360119.091667
1644481,IT,BE,VEGE1,PUBLI,0.13,43213.961,4,4,43213.952,0.0,0.0,0.0,0.009,332415.084615
1731509,IT,SI,FISH5,BEVER,0.18,43213.164,4,4,43213.142,0.0,0.0,0.0,0.022,240073.133333
1683628,IT,HR,FABRI,LEATH,0.18,43213.059,4,4,43213.056,0.0,0.0,0.0,0.003,240072.55
1749810,IT,CN,RUBBE,NATUR,0.14,43212.257,4,4,43212.253,0.0,0.0,0.0,0.004,308658.978571
1749313,IT,CN,PRINT,FOOD5,0.41,43211.873,4,4,43211.87,0.0,0.0,0.0,0.003,105394.812195
1653465,IT,CZ,NONME,BUSIN,0.09,43211.459,4,4,43211.454,0.0,0.0,0.0,0.005,480127.322222
1808345,IT,WF,FOOD3,WHOLE,0.12,43210.037,4,4,43210.035,0.0,0.0,0.0,0.002,360083.641667
1665683,IT,ES,PULP5,DIST1,0.13,43209.701,4,4,43209.697,0.0,0.0,0.0,0.004,332382.315385
1811071,IT,WM,HEAVY,CERAM,0.07,43208.381,4,4,43208.378,0.0,0.0,0.0,0.003,617262.585714
1809422,IT,WM,CHEMI,BRICK,0.1,43203.285,5,5,43201.281,0.0,0.0,2.0,0.004,432032.85
1732684,IT,SI,CERAM,TRANS,0.07,43202.832,4,4,43202.83,0.0,0.0,0.0,0.002,617183.314286
1779902,IT,TW,CONST,LEADZ,0.24,43195.751,4,4,43195.749,0.0,0.0,0.0,0.002,179982.295833
1656751,IT,DE,MOTOR,93197,0.06,43194.239,4,4,43194.235,0.0,0.0,0.0,0.004,719903.983333
1805436,IT,WF,GLASS,NONFE,0.12,43193.261,4,4,43193.259,0.0,0.0,0.0,0.002,359943.841667
1801830,IT,WE,ELEC7,MEAT1,0.03,43190.824,3,3,43190.824,0.0,0.0,0.0,0.0,1439694.133333
1673151,IT,FR,BEVER,PRINT,0.18,43190.188,4,4,43190.185,0.0,0.0,0.0,0.003,239945.488889
1654303,IT,CZ,ELEC2,NONME,0.01,43187.994,4,4,43187.989,0.0,0.0,0.0,0.005,4318799.4
1733325,IT,SI,MOTO1,BUSIN,0.23,43187.384,4,4,43187.381,0.0,0.0,0.0,0.003,187771.234783
1764825,IT,MX,SEACO,GLASS,0.04,43185.276,3,3,43185.276,0.0,0.0,0.0,0.0,1079631.9
1667321,IT,ES,ALUM1,SUPPO,0.08,43181.797,4,4,43181.794,0.0,0.0,0.0,0.003,539772.4625
1790039,IT,WA,NONME,RENTI,0.09,43177.917,4,4,43177.912,0.0,0.0,0.0,0.005,479754.633333
1737721,IT,GB,GASDI,NUCLE,0.06,43176.544,4,4,43176.54,0.0,0.0,0.0,0.004,719609.066667
1772034,IT,CH,PRINT,RUBBE,0.41,43173.329,4,4,43173.326,0.0,0.0,0.0,0.003,105300.802439
1760930,IT,IN,HEAVY,PAPER,0.07,43170.524,4,4,43170.521,0.0,0.0,0.0,0.003,616721.771429
1686636,IT,HU,LEAD1,FURNI,0.08,43168.276,4,4,43168.272,0.0,0.0,0.0,0.004,539603.45
1679822,IT,GR,ALUM1,WOODW,0.08,43167.581,4,4,43167.578,0.0,0.0,0.0,0.003,539594.7625
1766421,IT,RU,BASIC,COLLE,0.05,43163.622,4,4,43163.619,0.0,0.0,0.0,0.003,863272.44
1748799,IT,CN,TEXTI,NONME,0.26,43163.343,4,4,43163.337,0.0,0.0,0.0,0.006,166012.857692
1675872,IT,FR,ELEC2,SUGA1,0.01,43159.805,4,4,43159.8,0.0,0.0,0.0,0.005,4315980.5
1752904,IT,CA,HEAVY,GASDI,0.07,43159.504,4,4,43159.501,0.0,0.0,0.0,0.003,616564.342857
1802380,IT,WE,SEACO,LANDT,0.04,43158.984,3,3,43158.984,0.0,0.0,0.0,0.0,1078974.6
1771823,IT,CH,WOODW,PRINT,0.12,43158.635,4,4,43158.632,0.0,0.0,0.0,0.003,359655.291667
1749043,IT,CN,LEATH,TRAN1,0.31,43157.181,4,4,43157.174,0.0,0.0,0.0,0.007,139216.712903
1772668,IT,CH,GLASS,EDUCA,0.12,43154.979,4,4,43154.977,0.0,0.0,0.0,0.002,359624.825
1791941,IT,WA,SEACO,TEXTI,0.04,43154.951,3,3,43154.951,0.0,0.0,0.0,0.0,1078873.775
1786150,IT,ZA,BASIC,ELEC3,0.05,43151.104,4,4,43151.101,0.0,0.0,0.0,0.003,863022.08
1681350,IT,GR,INSUR,SEACO,0.89,43150.086,4,4,43150.084,0.0,0.0,0.0,0.002,48483.242697
1725883,IT,RO,HEAVY,PLAST,0.07,43148.9,4,4,43148.897,0.0,0.0,0.0,0.003,616412.857143
1787620,IT,WA,MEAT4,PRECI,0.24,43147.909,4,4,43147.906,0.0,0.0,0.0,0.003,179782.954167
1673842,IT,FR,PRINT,CONST,0.41,43147.578,4,4,43147.575,0.0,0.0,0.0,0.003,105237.995122
1795936,IT,WL,MOTO1,MEATP,0.23,43143.377,4,4,43143.374,0.0,0.0,0.0,0.003,187579.9
1643832,IT,AT,FINAN,REALE,0.56,43139.627,3,3,43139.627,0.0,0.0,0.0,0.0,77035.048214
1673270,IT,FR,FISH5,PUBLI,0.18,43139.069,4,4,43139.047,0.0,0.0,0.0,0.022,239661.494444
1779698,IT,TR,RESEA,RESEA,0.23,43137.334,4,4,43137.331,0.0,0.0,0.0,0.003,187553.626087
1770945,IT,CH,VEGET,PAPER,0.15,43137.24,4,4,43137.238,0.0,0.0,0.0,0.002,287581.6
1801084,IT,WE,COPP1,TRANS,0.11,43132.321,4,4,43132.319,0.0,0.0,0.0,0.002,392112.009091
1795721,IT,WL,MACHI,PLANT,0.24,43130.623,4,4,43130.619,0.0,0.0,0.0,0.004,179710.929167
1774635,IT,CH,AIRTR,TOBAC,0.05,43130.359,3,3,43130.359,0.0,0.0,0.0,0.0,862607.18
1666098,IT,ES,GASDI,PRINT,0.06,43129.102,4,4,43129.098,0.0,0.0,0.0,0.004,718818.366667
1663075,IT,DK,HOTEL,PRIVA,0.31,43128.45,4,4,43128.447,0.0,0.0,0.0,0.003,139124.032258
1641741,IT,AT,CHEM1,FORES,0.09,43126.792,4,4,43126.787,0.0,0.0,0.0,0.005,479186.577778
1758168,IT,BR,NONME,MACHI,0.09,43126.441,4,4,43126.436,0.0,0.0,0.0,0.005,479182.677778
1646441,IT,BE,MACHI,BEVER,0.24,43125.218,4,4,43125.214,0.0,0.0,0.0,0.004,179688.408333
1732874,IT,SI,BASIC,HEALT,0.05,43123.805,4,4,43123.802,0.0,0.0,0.0,0.003,862476.1
1676617,IT,FR,HOTEL,RAILW,0.31,43123.777,4,4,43123.774,0.0,0.0,0.0,0.003,139108.958065
1731724,IT,SI,PULP5,CHEM1,0.13,43122.314,4,4,43122.31,0.0,0.0,0.0,0.004,331710.107692
1728081,IT,SE,MEAT4,WHOLE,0.24,43119.667,4,4,43119.664,0.0,0.0,0.0,0.003,179665.279167
1737094,IT,GB,MEATC,FOOD5,0.14,43117.537,5,5,43116.534,0.0,1.0,0.0,0.003,307982.407143
1719642,IT,PL,CERAM,MEMBE,0.07,43116.949,4,4,43116.947,0.0,0.0,0.0,0.002,615956.414286
1720538,IT,PL,OFFIC,PLAST,0.13,43115.238,4,4,43115.235,0.0,0.0,0.0,0.003,331655.676923
1674777,IT,FR,CERAM,WOOD1,0.07,43115.151,4,4,43115.149,0.0,0.0,0.0,0.002,615930.728571
1789133,IT,WA,NONSP,CONST,0.06,43114.334,4,4,43114.332,0.0,0.0,0.0,0.002,718572.233333
1724157,IT,PT,RETA1,POSTT,0.45,43110.765,4,4,43110.762,0.0,0.0,0.0,0.003,95801.7
1720121,IT,PL,LEAD1,ELEC1,0.07,43109.595,4,4,43109.591,0.0,0.0,0.0,0.004,615851.357143
1801588,IT,WE,TRANS,OFFIC,0.26,43108.776,4,4,43108.774,0.0,0.0,0.0,0.002,165802.984615
1787494,IT,WA,CHEMI,POULT,0.1,43107.565,5,5,43105.561,0.0,0.0,2.0,0.004,431075.65
1755386,IT,KR,KEROS,LIQUE,0.06,43099.969,4,4,43099.965,0.0,0.0,0.0,0.004,718332.816667
1710325,IT,LT,FURNI,SUPPO,0.14,43099.759,4,4,43099.755,0.0,0.0,0.0,0.004,307855.421429
1687623,IT,HU,AIRTR,MEATA,0.05,43097.71,3,3,43097.71,0.0,0.0,0.0,0.0,861954.2
1789544,IT,WA,ADDIT,RESEA,0.1,43096.273,4,4,43096.27,0.0,0.0,0.0,0.003,430962.73
1737730,IT,GB,HEAVY,CATTL,0.07,43096.263,4,4,43096.26,0.0,0.0,0.0,0.003,615660.9
1737168,IT,GB,VEGE1,RECRE,0.13,43094.673,4,4,43094.664,0.0,0.0,0.0,0.009,331497.484615
1762194,IT,IN,SEACO,PAPER,0.04,43093.63,3,3,43093.63,0.0,0.0,0.0,0.0,1077340.75
1729925,IT,SE,FURNI,SALEM,0.14,43093.071,4,4,43093.067,0.0,0.0,0.0,0.004,307807.65
1778852,IT,TR,LANDT,RECRE,0.28,43092.959,4,4,43092.957,0.0,0.0,0.0,0.002,153903.425
1792722,IT,WA,BUSIN,LEATH,0.44,43092.567,4,4,43092.564,0.0,0.0,0.0,0.003,97937.652273
1760863,IT,IN,GASDI,CEREA,0.06,43091.775,4,4,43091.771,0.0,0.0,0.0,0.004,718196.25
1679867,IT,GR,LEAD1,MACHI,0.07,43089.577,4,4,43089.573,0.0,0.0,0.0,0.004,615565.385714
1745355,IT,JP,VEGE1,CEMEN,0.13,43086.808,4,4,43086.799,0.0,0.0,0.0,0.009,331436.984615
1713269,IT,MT,PAPER,RECRE,0.17,43085.15,4,4,43085.146,0.0,0.0,0.0,0.004,253442.058824
1789470,IT,WA,ADDIT,STONE,0.1,43083.185,4,4,43083.182,0.0,0.0,0.0,0.003,430831.85
1726152,IT,RO,GLASS,MEATP,0.12,43081.355,4,4,43081.353,0.0,0.0,0.0,0.002,359011.291667
1743531,IT,US,RETA1,HEALT,0.45,43080.408,4,4,43080.405,0.0,0.0,0.0,0.003,95734.24
1771763,IT,CH,LEATH,DIST1,0.31,43077.153,4,4,43077.146,0.0,0.0,0.0,0.007,138958.558065
1711402,IT,LU,RETA1,BUSIN,0.45,43075.14,4,4,43075.137,0.0,0.0,0.0,0.003,95722.533333
1754579,IT,KR,CROPS,CATTL,0.34,43072.057,4,4,43072.055,0.0,0.0,0.0,0.002,126682.520588
1676424,IT,FR,WHOLE,INERT,0.37,43071.768,4,4,43071.766,0.0,0.0,0.0,0.002,116410.183784
1714721,IT,NL,DAIRY,POULT,0.17,43070.136,4,4,43070.133,0.0,0.0,0.0,0.003,253353.741176
1793201,IT,WA,93197,PUBLI,0.29,43067.67,4,4,43067.666,0.0,0.0,0.0,0.004,148509.206897
1748729,IT,CN,BEVER,MACHI,0.18,43067.279,4,4,43067.276,0.0,0.0,0.0,0.003,239262.661111
1711058,IT,LU,BASIC,FOOD2,0.05,43066.177,4,4,43066.174,0.0,0.0,0.0,0.003,861323.54
1767283,IT,RU,HOTEL,MACHI,0.31,43064.416,4,4,43064.413,0.0,0.0,0.0,0.003,138917.470968
1773045,IT,CH,ALUM1,MEDIC,0.07,43061.5,4,4,43061.497,0.0,0.0,0.0,0.003,615164.285714
1784307,IT,ID,CHEM1,POSTT,0.09,43054.526,4,4,43054.521,0.0,0.0,0.0,0.005,478383.622222
1733975,IT,SI,SUPPO,POSTT,0.31,43053.7,4,4,43053.698,0.0,0.0,0.0,0.002,138882.903226
1643230,IT,AT,HOTEL,PREC1,0.31,43051.891,4,4,43051.888,0.0,0.0,0.0,0.003,138877.067742
1688185,IT,HU,BUSIN,RESEA,0.44,43050.507,4,4,43050.504,0.0,0.0,0.0,0.003,97842.061364
1799323,IT,WE,WOODW,PRINT,0.12,43048.999,4,4,43048.996,0.0,0.0,0.0,0.003,358741.658333
1658763,IT,DE,MOTO1,OILSE,0.23,43046.309,4,4,43046.306,0.0,0.0,0.0,0.003,187157.865217
1802311,IT,WE,TRAN2,CRUDE,0.07,43044.152,3,3,43044.152,0.0,0.0,0.0,0.0,614916.457143
1642938,IT,AT,FURNI,CHEM1,0.14,43044.114,4,4,43044.11,0.0,0.0,0.0,0.004,307457.957143
1752967,IT,CA,CHEM1,FISHF,0.09,43043.911,4,4,43043.906,0.0,0.0,0.0,0.005,478265.677778
1727937,IT,SE,OILSE,CROPS,0.03,43037.203,4,4,43037.201,0.0,0.0,0.0,0.002,1434573.433333
1780501,IT,TW,POSTT,OFFIC,0.71,43034.214,4,4,43034.211,0.0,0.0,0.0,0.003,60611.569014
1681950,IT,HR,FOOD5,WEARI,0.21,43029.02,4,4,43029.016,0.0,0.0,0.0,0.004,204900.095238
1677943,IT,FR,BUSIN,FOODW,0.44,43027.285,4,4,43027.282,0.0,0.0,0.0,0.003,97789.284091
1660748,IT,DE,RENTI,HEALT,0.26,43025.831,4,4,43025.829,0.0,0.0,0.0,0.002,165483.965385
1781605,IT,NO,WEARI,WHOLE,0.32,43025.821,4,4,43025.813,0.0,0.0,0.0,0.008,134455.690625
1790497,IT,WA,COPP1,NONF1,0.11,43024.787,4,4,43024.785,0.0,0.0,0.0,0.002,391134.427273
1720128,IT,PL,LEAD1,REALE,0.07,43024.609,4,4,43024.605,0.0,0.0,0.0,0.004,614637.271429
1803130,IT,WF,VEGET,PREC1,0.15,43020.414,4,4,43020.412,0.0,0.0,0.0,0.002,286802.76
1753383,IT,CA,ALUM1,FURNI,0.07,43018.038,4,4,43018.035,0.0,0.0,0.0,0.003,614543.4
1644846,IT,BE,TEXTI,93197,0.25,43015.963,4,4,43015.957,0.0,0.0,0.0,0.006,172063.852
1809261,IT,WM,CRUDE,FURNI,0.08,43011.929,4,4,43011.925,0.0,0.0,0.0,0.004,537649.1125
1644023,IT,AT,BUSIN,WEARI,0.44,43010.278,4,4,43010.275,0.0,0.0,0.0,0.003,97750.631818
1668169,IT,ES,SALEM,WHOLE,0.35,43009.477,4,4,43009.474,0.0,0.0,0.0,0.003,122884.22
1656449,IT,DE,PULP5,HOTEL,0.13,43009.037,4,4,43009.033,0.0,0.0,0.0,0.004,330838.746154
1807042,IT,WF,TRAN2,RETAI,0.07,43004.423,3,3,43004.423,0.0,0.0,0.0,0.0,614348.9
1641867,IT,AT,BIODI,CROPS,0.09,43004.185,4,4,43004.18,0.0,0.0,0.0,0.005,477824.277778
1717920,IT,PL,FISHF,CONST,0.07,42999.676,4,4,42999.674,0.0,0.0,0.0,0.002,614281.085714
1791566,IT,WA,RETA1,SALEM,0.45,42999.499,4,4,42999.496,0.0,0.0,0.0,0.003,95554.442222
1786217,IT,ZA,ALUM1,FURNI,0.07,42996.771,4,4,42996.768,0.0,0.0,0.0,0.003,614239.585714
1798505,IT,WE,STONE,POULT,0.14,42995.703,5,5,42993.701,0.0,0.0,2.0,0.002,307112.164286
1686216,IT,HU,GLASS,RETA1,0.12,42994.88,4,4,42994.878,0.0,0.0,0.0,0.002,358290.666667
1721444,IT,PL,AIRTR,BASIC,0.05,42992.597,3,3,42992.597,0.0,0.0,0.0,0.0,859851.94
1746709,IT,JP,FABRI,ELECT,0.17,42992.089,4,4,42992.086,0.0,0.0,0.0,0.003,252894.641176
1763526,IT,MX,CHEM1,MEAT4,0.09,42990.429,4,4,42990.424,0.0,0.0,0.0,0.005,477671.433333
1658166,IT,DE,ALUM1,BIOG1,0.07,42984.161,4,4,42984.158,0.0,0.0,0.0,0.003,614059.442857
1678706,IT,GR,DAIRY,MEATA,0.17,42983.543,4,4,42983.54,0.0,0.0,0.0,0.003,252844.370588
1794472,IT,WL,GASDI,BIODI,0.06,42979.259,4,4,42979.256,0.0,0.0,0.0,0.003,716320.983333
1743562,IT,US,HOTEL,STONE,0.31,42979.211,4,4,42979.208,0.0,0.0,0.0,0.003,138642.616129
1648718,IT,BG,FOOD5,GLASS,0.21,42979.202,4,4,42979.198,0.0,0.0,0.0,0.004,204662.866667
1754276,IT,CA,POSTT,MEMBE,0.71,42978.228,4,4,42978.225,0.0,0.0,0.0,0.003,60532.715493
1757680,IT,BR,HEAVY,NONME,0.07,42971.572,4,4,42971.569,0.0,0.0,0.0,0.003,613879.6
1724413,IT,PT,AIRTR,PRINT,0.05,42970.701,3,3,42970.701,0.0,0.0,0.0,0.0,859414.02
1663808,IT,EE,BEVER,HEALT,0.18,42967.878,4,4,42967.875,0.0,0.0,0.0,0.003,238710.433333
1646036,IT,BE,NONME,POSTT,0.09,42967.792,4,4,42967.787,0.0,0.0,0.0,0.005,477419.911111
1679857,IT,GR,ALUM1,COMPU,0.07,42964.68,4,4,42964.677,0.0,0.0,0.0,0.003,613781.142857
1664816,IT,ES,OILSE,MEATC,0.03,42964.091,4,4,42964.089,0.0,0.0,0.0,0.002,1432136.366667
1719550,IT,PL,GLASS,SALEM,0.12,42963.36,4,4,42963.358,0.0,0.0,0.0,0.002,358028.0
1740750,IT,US,MEAT4,MOTOR,0.24,42962.501,4,4,42962.498,0.0,0.0,0.0,0.003,179010.420833
1803033,IT,WF,CEREA,MEATA,0.07,42961.175,4,4,42961.173,0.0,0.0,0.0,0.002,613731.071429
1712578,IT,LV,MACHI,SALEM,0.24,42952.712,4,4,42952.708,0.0,0.0,0.0,0.004,178969.633333
1737746,IT,GB,HEAVY,NAPHT,0.07,42951.202,4,4,42951.199,0.0,0.0,0.0,0.003,613588.6
1730187,IT,SE,LANDT,RADIO,0.28,42948.459,4,4,42948.457,0.0,0.0,0.0,0.002,153387.353571
1653715,IT,CZ,COPP1,BEVER,0.11,42948.117,4,4,42948.115,0.0,0.0,0.0,0.002,390437.427273
1738971,IT,GB,CONST,BUSIN,0.24,42947.256,4,4,42947.254,0.0,0.0,0.0,0.002,178946.9
1773043,IT,CH,ALUM1,ELECT,0.07,42947.051,4,4,42947.048,0.0,0.0,0.0,0.003,613529.3
1798900,IT,WE,BEVER,COMPU,0.18,42944.156,4,4,42944.153,0.0,0.0,0.0,0.003,238578.644444
1682840,IT,HR,HEAVY,RECRE,0.07,42944.109,4,4,42944.106,0.0,0.0,0.0,0.003,613487.271429
1649624,IT,BG,GLASS,MOTO1,0.12,42941.993,4,4,42941.991,0.0,0.0,0.0,0.002,357849.941667
1785960,IT,ZA,RUBBE,OFFIC,0.14,42940.886,4,4,42940.882,0.0,0.0,0.0,0.004,306720.614286
1803383,IT,WF,CHEMI,NONME,0.1,42939.853,5,5,42937.849,0.0,0.0,2.0,0.004,429398.53
1662671,IT,DK,MACHI,MEDIC,0.24,42939.445,4,4,42939.441,0.0,0.0,0.0,0.004,178914.354167
1807120,IT,WF,AIRTR,CROPS,0.05,42939.231,3,3,42939.231,0.0,0.0,0.0,0.0,858784.62
1772041,IT,CH,PRINT,FABRI,0.41,42939.025,4,4,42939.022,0.0,0.0,0.0,0.003,104729.329268
1763823,IT,MX,CERAM,MEMBE,0.07,42934.479,4,4,42934.477,0.0,0.0,0.0,0.002,613349.7
1736997,IT,GB,FORES,BEVER,0.37,42932.769,4,4,42915.769,0.0,17.0,0.0,0.0,116034.510811
1688134,IT,HU,BUSIN,PLAST,0.44,42931.998,4,4,42931.995,0.0,0.0,0.0,0.003,97572.722727
1802252,IT,WE,LANDT,NATUR,0.28,42931.616,4,4,42931.614,0.0,0.0,0.0,0.002,153327.2
1669585,IT,ES,REALE,BUSIN,1.81,42931.444,4,4,42931.441,0.0,0.0,0.0,0.003,23719.029834
1761731,IT,IN,MACHI,LEATH,0.24,42929.485,4,4,42929.481,0.0,0.0,0.0,0.004,178872.854167
1684816,IT,HU,FISHF,NFERT,0.07,42929.295,4,4,42929.293,0.0,0.0,0.0,0.002,613275.642857
1785806,IT,ZA,CHEM1,TOBAC,0.09,42928.988,4,4,42928.983,0.0,0.0,0.0,0.005,476988.755556
1737906,IT,GB,CHEM1,MEAT1,0.09,42923.724,4,4,42923.719,0.0,0.0,0.0,0.005,476930.266667
1653850,IT,CZ,FABRI,PRINT,0.17,42923.499,4,4,42923.496,0.0,0.0,0.0,0.003,252491.170588
1660346,IT,DE,FINAN,PULP5,0.56,42922.927,3,3,42922.927,0.0,0.0,0.0,0.0,76648.083929
1765566,IT,RU,LEATH,DIST1,0.31,42921.02,4,4,42921.013,0.0,0.0,0.0,0.007,138454.903226
1798763,IT,WE,FOOD5,STONE,0.21,42917.689,4,4,42917.685,0.0,0.0,0.0,0.004,204369.947619
1685573,IT,HU,PAPER,93197,0.17,42915.076,4,4,42915.072,0.0,0.0,0.0,0.004,252441.623529
1642158,IT,AT,CERAM,ELEC4,0.07,42911.606,4,4,42911.604,0.0,0.0,0.0,0.002,613022.942857
1788581,IT,WA,PAPER,SALEM,0.17,42911.281,4,4,42911.277,0.0,0.0,0.0,0.004,252419.3
1675641,IT,FR,MOTO1,FOOD3,0.23,42909.191,4,4,42909.188,0.0,0.0,0.0,0.003,186561.7
1666725,IT,ES,RUBBE,TOBAC,0.14,42908.758,4,4,42908.754,0.0,0.0,0.0,0.004,306491.128571
1739116,IT,GB,WHOLE,OFFIC,0.37,42905.354,4,4,42905.352,0.0,0.0,0.0,0.002,115960.416216
1773044,IT,CH,ALUM1,RADIO,0.07,42904.861,4,4,42904.858,0.0,0.0,0.0,0.003,612926.585714
1658426,IT,DE,FABRI,PFERT,0.17,42903.404,4,4,42903.401,0.0,0.0,0.0,0.003,252372.964706
1658580,IT,DE,MACHI,BIOGA,0.24,42902.859,4,4,42902.855,0.0,0.0,0.0,0.004,178761.9125
1656233,IT,DE,TEXTI,93197,0.25,42901.344,4,4,42901.338,0.0,0.0,0.0,0.006,171605.376
1678674,IT,GR,VEGE1,PIGS9,0.13,42897.922,4,4,42897.913,0.0,0.0,0.0,0.009,329984.015385
1804918,IT,WF,BITU1,AIRTR,0.07,42895.954,4,4,42895.951,0.0,0.0,0.0,0.003,612799.342857
1649634,IT,BG,GLASS,RETA1,0.12,42894.535,4,4,42894.533,0.0,0.0,0.0,0.002,357454.458333
1779065,IT,TR,SUPPO,PRECI,0.31,42893.337,4,4,42893.335,0.0,0.0,0.0,0.002,138365.603226
1790418,IT,WA,LEAD1,FOUND,0.07,42888.923,4,4,42888.919,0.0,0.0,0.0,0.004,612698.9
1753187,IT,CA,GLASS,BIODI,0.12,42887.8,4,4,42887.798,0.0,0.0,0.0,0.002,357398.333333
1726821,IT,RO,WHOLE,TRANS,0.37,42875.948,4,4,42875.946,0.0,0.0,0.0,0.002,115880.940541
1790764,IT,WA,MACHI,MEATP,0.24,42872.775,4,4,42872.771,0.0,0.0,0.0,0.004,178636.5625
1780415,IT,TW,SUPPO,KEROS,0.31,42871.406,4,4,42871.404,0.0,0.0,0.0,0.002,138294.858065
1677695,IT,FR,RENTI,BASIC,0.26,42868.496,4,4,42868.494,0.0,0.0,0.0,0.002,164878.830769
1690355,IT,IE,FOOD3,PUBLI,0.12,42868.385,4,4,42868.383,0.0,0.0,0.0,0.002,357236.541667
1715703,IT,NL,PLAST,PULP5,0.09,42868.338,4,4,42868.334,0.0,0.0,0.0,0.004,476314.866667
1666524,IT,ES,CHEM1,PADDY,0.09,42867.02,4,4,42867.015,0.0,0.0,0.0,0.005,476300.222222
1726049,IT,RO,ADDIT,LIQUE,0.1,42866.782,4,4,42866.779,0.0,0.0,0.0,0.003,428667.82
1686511,IT,HU,PREC1,COMPU,0.07,42864.386,4,4,42864.384,0.0,0.0,0.0,0.002,612348.371429
1772920,IT,CH,PREC1,CATTL,0.07,42863.445,4,4,42863.443,0.0,0.0,0.0,0.002,612334.928571
1782942,IT,NO,AIRTR,NONF1,0.05,42862.669,3,3,42862.669,0.0,0.0,0.0,0.0,857253.38
1779746,IT,TR,BUSIN,GLASS,0.44,42862.084,4,4,42862.081,0.0,0.0,0.0,0.003,97413.827273
1761949,IT,IN,FURNI,ELEC5,0.14,42858.823,4,4,42858.819,0.0,0.0,0.0,0.004,306134.45
1720256,IT,PL,FABRI,LIGNI,0.17,42858.178,4,4,42858.175,0.0,0.0,0.0,0.003,252106.929412
1667366,IT,ES,LEAD1,REALE,0.07,42857.204,4,4,42857.2,0.0,0.0,0.0,0.004,612245.771429
1780018,IT,TW,SALEM,HOTEL,0.35,42854.413,4,4,42854.41,0.0,0.0,0.0,0.003,122441.18
1791505,IT,WA,RETA1,POULT,0.45,42852.107,4,4,42852.104,0.0,0.0,0.0,0.003,95226.904444
1735756,IT,SK,MACHI,POULT,0.24,42850.132,4,4,42850.128,0.0,0.0,0.0,0.004,178542.216667
1765225,IT,RU,CROPS,RAWMI,0.34,42848.496,4,4,42848.494,0.0,0.0,0.0,0.002,126024.988235
1773886,IT,CH,ELEC8,WOODW,0.57,42842.658,4,4,42842.656,0.0,0.0,0.0,0.002,75162.557895
1757506,IT,BR,PAPER,MEMBE,0.17,42836.625,4,4,42836.621,0.0,0.0,0.0,0.004,251980.147059
1675593,IT,FR,MOTO1,ELECT,0.23,42835.57,4,4,42835.567,0.0,0.0,0.0,0.003,186241.608696
1722903,IT,PT,MOTOR,PLAST,0.06,42834.979,4,4,42834.976,0.0,0.0,0.0,0.003,713916.316667
1721626,IT,PL,POSTT,RETA1,0.71,42833.553,4,4,42833.55,0.0,0.0,0.0,0.003,60328.947887
1671280,IT,FI,PREC1,PLAST,0.07,42832.767,4,4,42832.765,0.0,0.0,0.0,0.002,611896.671429
1723587,IT,PT,FABRI,CHEM1,0.17,42832.1,4,4,42832.097,0.0,0.0,0.0,0.003,251953.529412
1645980,IT,BE,CEMEN,OFFIC,0.07,42831.539,4,4,42831.537,0.0,0.0,0.0,0.002,611879.128571
1793816,IT,WL,TEXTI,BEVER,0.25,42831.151,4,4,42831.145,0.0,0.0,0.0,0.006,171324.604
1644383,IT,BE,MEATC,PLAST,0.14,42827.658,5,5,42826.655,0.0,1.0,0.0,0.003,305911.842857
1739026,IT,GB,SALEM,FOOD2,0.35,42826.525,4,4,42826.522,0.0,0.0,0.0,0.003,122361.5
1746803,IT,JP,MACHI,PREC1,0.24,42824.334,4,4,42824.33,0.0,0.0,0.0,0.004,178434.725
1772566,IT,CH,RUBBE,RETAI,0.14,42822.203,4,4,42822.199,0.0,0.0,0.0,0.004,305872.878571
1667217,IT,ES,PREC1,BRICK,0.07,42820.44,4,4,42820.438,0.0,0.0,0.0,0.002,611720.571429
1650031,IT,BG,MACHI,HEAVY,0.24,42817.884,4,4,42817.88,0.0,0.0,0.0,0.004,178407.85
1757194,IT,BR,MEAT4,BIOGA,0.24,42817.401,4,4,42817.398,0.0,0.0,0.0,0.003,178405.8375
1648670,IT,BG,PROCE,PRECI,0.29,42816.486,4,4,42816.483,0.0,0.0,0.0,0.003,147643.055172
1758382,IT,BR,FABRI,MOTOR,0.17,42815.447,4,4,42815.444,0.0,0.0,0.0,0.003,251855.570588
1665028,IT,ES,CHEMI,RESEA,0.1,42813.723,5,5,42811.719,0.0,0.0,2.0,0.004,428137.23
1678861,IT,GR,FISH5,VEGE1,0.18,42813.405,4,4,42813.383,0.0,0.0,0.0,0.022,237852.25
1645127,IT,BE,PAPER,93197,0.17,42812.483,4,4,42812.479,0.0,0.0,0.0,0.004,251838.135294
1649385,IT,BG,CHEM1,COPPE,0.09,42809.528,4,4,42809.523,0.0,0.0,0.0,0.005,475661.422222
1792368,IT,WA,FINAN,AUXIL,0.56,42809.384,3,3,42809.384,0.0,0.0,0.0,0.0,76445.328571
1681348,IT,GR,INSUR,LANDT,0.88,42807.246,4,4,42807.244,0.0,0.0,0.0,0.002,48644.597727
1784592,IT,ID,MACHI,PFERT,0.24,42795.825,4,4,42795.821,0.0,0.0,0.0,0.004,178315.9375
1781705,IT,NO,WOODW,WHOLE,0.12,42794.804,4,4,42794.801,0.0,0.0,0.0,0.003,356623.366667
1649992,IT,BG,MACHI,OILSE,0.24,42794.26,4,4,42794.256,0.0,0.0,0.0,0.004,178309.416667
1780631,IT,TW,INSUR,FINAN,0.88,42793.917,4,4,42793.915,0.0,0.0,0.0,0.002,48629.451136
1719955,IT,PL,PREC1,SUPPO,0.07,42792.444,4,4,42792.442,0.0,0.0,0.0,0.002,611320.628571
1646099,IT,BE,BASIC,RAILW,0.05,42785.361,4,4,42785.358,0.0,0.0,0.0,0.003,855707.22
1754478,IT,CA,BUSIN,DAIRY,0.44,42782.688,4,4,42782.685,0.0,0.0,0.0,0.003,97233.381818
1809755,IT,WM,FOOD5,NATU1,0.21,42776.707,4,4,42776.703,0.0,0.0,0.0,0.004,203698.604762
1769908,IT,AU,MOTO1,CEMEN,0.23,42776.405,4,4,42776.402,0.0,0.0,0.0,0.003,185984.369565
1806405,IT,WF,MOTO1,FINAN,0.23,42775.973,4,4,42775.97,0.0,0.0,0.0,0.003,185982.491304
1681886,IT,HR,DAIRY,FOOD5,0.17,42773.366,4,4,42773.363,0.0,0.0,0.0,0.003,251608.035294
1774514,IT,CH,LANDT,POSTT,0.28,42764.804,4,4,42764.802,0.0,0.0,0.0,0.002,152731.442857
1784126,IT,ID,PULP5,TEXTI,0.13,42763.198,4,4,42763.194,0.0,0.0,0.0,0.004,328947.676923
1805181,IT,WF,CHEM1,STONE,0.09,42763.112,4,4,42763.107,0.0,0.0,0.0,0.005,475145.688889
1759740,IT,BR,BUSIN,HEAVY,0.44,42761.461,4,4,42761.458,0.0,0.0,0.0,0.003,97185.138636
1748719,IT,CN,BEVER,MOTOR,0.18,42759.534,4,4,42759.531,0.0,0.0,0.0,0.003,237552.966667
1653057,IT,CZ,PLAST,HOTEL,0.09,42758.241,4,4,42758.237,0.0,0.0,0.0,0.004,475091.566667
1642035,IT,AT,RUBBE,INTER,0.14,42756.339,4,4,42756.335,0.0,0.0,0.0,0.004,305402.421429
1684850,IT,HU,CRUDE,BIOGA,0.08,42755.076,4,4,42755.072,0.0,0.0,0.0,0.004,534438.45
1660977,IT,DE,BUSIN,RADIO,0.44,42753.956,4,4,42753.953,0.0,0.0,0.0,0.003,97168.081818
1663767,IT,EE,BEVER,PIGS9,0.18,42753.593,4,4,42753.59,0.0,0.0,0.0,0.003,237519.961111
1654624,IT,CZ,LANDT,FORES,0.28,42751.168,4,4,42751.166,0.0,0.0,0.0,0.002,152682.742857
1678904,IT,GR,TEXTI,LEATH,0.25,42747.993,4,4,42747.987,0.0,0.0,0.0,0.006,170991.972
1764163,IT,MX,FABRI,RECRE,0.17,42744.87,4,4,42744.867,0.0,0.0,0.0,0.003,251440.411765
1646085,IT,BE,BASIC,ELECT,0.05,42741.926,4,4,42741.923,0.0,0.0,0.0,0.003,854838.52
1764094,IT,MX,FABRI,KEROS,0.17,42740.174,4,4,42740.171,0.0,0.0,0.0,0.003,251412.788235
1709858,IT,LT,GLASS,GLASS,0.12,42739.899,4,4,42739.897,0.0,0.0,0.0,0.002,356165.825
1669097,IT,ES,SUPPO,RENTI,0.31,42738.753,4,4,42738.751,0.0,0.0,0.0,0.002,137866.945161
1776614,IT,TR,GASDI,GLASS,0.06,42738.629,4,4,42738.626,0.0,0.0,0.0,0.003,712310.483333
1805695,IT,WF,BASIC,MEAT1,0.05,42736.728,4,4,42736.725,0.0,0.0,0.0,0.003,854734.56
1779730,IT,TR,BUSIN,WOODW,0.44,42735.999,4,4,42735.996,0.0,0.0,0.0,0.003,97127.270455
1722006,IT,PL,COMPU,SUPPO,0.49,42733.66,4,4,42733.657,0.0,0.0,0.0,0.003,87211.55102
1728269,IT,SE,BEVER,DAIRY,0.18,42733.392,4,4,42733.389,0.0,0.0,0.0,0.003,237407.733333
1666387,IT,ES,NAPHT,PFERT,0.07,42729.312,4,4,42729.309,0.0,0.0,0.0,0.003,610418.742857
1793459,IT,WL,STONE,BIODI,0.14,42727.657,5,5,42725.655,0.0,0.0,2.0,0.002,305197.55
1754362,IT,CA,INSUR,FINAN,0.88,42726.875,4,4,42726.873,0.0,0.0,0.0,0.002,48553.267045
1801567,IT,WE,TRANS,PRINT,0.25,42726.421,4,4,42726.419,0.0,0.0,0.0,0.002,170905.684
1771543,IT,CH,TEXTI,MOTOR,0.25,42723.781,4,4,42723.775,0.0,0.0,0.0,0.006,170895.124
1745499,IT,JP,FOOD5,ELEC1,0.21,42722.309,4,4,42722.305,0.0,0.0,0.0,0.004,203439.566667
1800946,IT,WE,ALUM1,STONE,0.07,42722.025,4,4,42722.022,0.0,0.0,0.0,0.003,610314.642857
1787329,IT,WA,CROPS,CHEM1,0.34,42721.678,4,4,42721.676,0.0,0.0,0.0,0.002,125651.994118
1659960,IT,DE,SEACO,COKEO,0.04,42718.992,3,3,42718.992,0.0,0.0,0.0,0.0,1067974.8
1716978,IT,NL,LANDT,RAWMI,0.28,42718.089,4,4,42718.087,0.0,0.0,0.0,0.002,152564.603571
1660080,IT,DE,AIRTR,NONF1,0.05,42715.586,3,3,42715.586,0.0,0.0,0.0,0.0,854311.72
1687595,IT,HU,LANDT,RECRE,0.28,42714.239,4,4,42714.237,0.0,0.0,0.0,0.002,152550.853571
1653385,IT,CZ,CERAM,WOODW,0.07,42708.768,4,4,42708.766,0.0,0.0,0.0,0.002,610125.257143
1745483,IT,JP,FOOD5,PLAST,0.21,42708.533,4,4,42708.529,0.0,0.0,0.0,0.004,203373.966667
1732385,IT,SI,PLAST,PRINT,0.09,42707.889,4,4,42707.885,0.0,0.0,0.0,0.004,474532.1
1759679,IT,BR,RESEA,FOOD4,0.23,42704.279,4,4,42704.276,0.0,0.0,0.0,0.003,185670.778261
1672330,IT,FI,RESEA,OFFIC,0.23,42703.532,4,4,42703.529,0.0,0.0,0.0,0.003,185667.530435
1663203,IT,DK,LANDT,PUBLI,0.28,42702.483,4,4,42702.481,0.0,0.0,0.0,0.002,152508.867857
1804138,IT,WF,PAPER,RUBBE,0.17,42701.161,4,4,42701.157,0.0,0.0,0.0,0.004,251183.3
1752624,IT,CA,TEXTI,NONME,0.25,42696.681,4,4,42696.675,0.0,0.0,0.0,0.006,170786.724
1649781,IT,BG,BASIC,TRAN2,0.05,42696.117,4,4,42696.114,0.0,0.0,0.0,0.003,853922.34
1805747,IT,WF,BASIC,RETAI,0.05,42695.423,4,4,42695.42,0.0,0.0,0.0,0.003,853908.46
1768290,IT,AU,OILSE,OILSE,0.03,42694.47,4,4,42694.468,0.0,0.0,0.0,0.002,1423149.0
1799823,IT,WE,GASDI,NONFE,0.06,42694.423,4,4,42694.42,0.0,0.0,0.0,0.003,711573.716667
1728825,IT,SE,PLAST,WEARI,0.09,42693.858,4,4,42693.854,0.0,0.0,0.0,0.004,474376.2
1734923,IT,SK,PRINT,EDUCA,0.41,42686.055,4,4,42686.052,0.0,0.0,0.0,0.003,104112.329268
1808919,IT,WM,CEREA,MEAT4,0.07,42684.302,4,4,42684.3,0.0,0.0,0.0,0.002,609775.742857
1800172,IT,WE,PLAST,PADDY,0.09,42680.668,4,4,42680.664,0.0,0.0,0.0,0.004,474229.644444
1645075,IT,BE,PAPER,MACHI,0.17,42678.8,4,4,42678.796,0.0,0.0,0.0,0.004,251051.764706
1807898,IT,WF,PLAS1,PADDY,0.15,42677.034,4,4,42677.031,0.0,0.0,0.0,0.003,284513.56
1712360,IT,LV,GLASS,FORES,0.12,42675.001,4,4,42674.999,0.0,0.0,0.0,0.002,355625.008333
1645077,IT,BE,PAPER,ELECT,0.17,42674.9,4,4,42674.896,0.0,0.0,0.0,0.004,251028.823529
1718883,IT,PL,PRINT,FORES,0.41,42673.865,4,4,42673.862,0.0,0.0,0.0,0.003,104082.597561
1668370,IT,ES,RETA1,FORES,0.45,42672.959,4,4,42672.956,0.0,0.0,0.0,0.003,94828.797778
1644011,IT,AT,BUSIN,MEATC,0.44,42672.66,4,4,42672.657,0.0,0.0,0.0,0.003,96983.318182
1810484,IT,WM,PAPER,FORES,0.17,42672.383,4,4,42672.379,0.0,0.0,0.0,0.004,251014.017647
1790975,IT,WA,MOTO1,GASDI,0.23,42671.134,4,4,42671.131,0.0,0.0,0.0,0.003,185526.669565
1779785,IT,TR,BUSIN,RAILW,0.44,42669.444,4,4,42669.441,0.0,0.0,0.0,0.003,96976.009091
1663863,IT,EE,TEXTI,BUSIN,0.25,42666.291,4,4,42666.285,0.0,0.0,0.0,0.006,170665.164
1772333,IT,CH,PLAST,TRANS,0.09,42664.77,4,4,42664.766,0.0,0.0,0.0,0.004,474053.0
1767073,IT,RU,FURNI,CHEM1,0.14,42664.367,4,4,42664.363,0.0,0.0,0.0,0.004,304745.478571
1677081,IT,FR,SUPPO,ELEC5,0.31,42663.419,4,4,42663.417,0.0,0.0,0.0,0.002,137623.932258
1711564,IT,LU,FINAN,RUBBE,0.56,42661.516,3,3,42661.516,0.0,0.0,0.0,0.0,76181.278571
1809414,IT,WM,CHEMI,NAPHT,0.1,42660.345,5,5,42658.341,0.0,0.0,2.0,0.004,426603.45
1788100,IT,WA,WEARI,CATTL,0.32,42660.012,4,4,42660.004,0.0,0.0,0.0,0.008,133312.5375
1724254,IT,PT,LANDT,FOOD5,0.28,42658.484,4,4,42658.482,0.0,0.0,0.0,0.002,152351.728571
1745373,IT,JP,VEGE1,SECO9,0.13,42655.598,4,4,42655.589,0.0,0.0,0.0,0.009,328119.984615
1683641,IT,HR,FABRI,BRICK,0.17,42653.211,4,4,42653.208,0.0,0.0,0.0,0.003,250901.241176
1789009,IT,WA,NAPHT,FORES,0.07,42651.319,4,4,42651.316,0.0,0.0,0.0,0.003,609304.557143
1789731,IT,WA,GLASS,SANDC,0.12,42649.895,4,4,42649.893,0.0,0.0,0.0,0.002,355415.791667
1729293,IT,SE,NONME,DAIRY,0.09,42648.804,4,4,42648.799,0.0,0.0,0.0,0.005,473875.6
1807117,IT,WF,AIRTR,CEREA,0.05,42647.857,3,3,42647.857,0.0,0.0,0.0,0.0,852957.14
1710968,IT,LU,GLASS,NFERT,0.12,42647.672,4,4,42647.67,0.0,0.0,0.0,0.002,355397.266667
1766688,IT,RU,FABRI,FINAN,0.17,42644.744,4,4,42644.741,0.0,0.0,0.0,0.003,250851.435294
1687204,IT,HU,CONST,PLAST,0.24,42642.93,4,4,42642.928,0.0,0.0,0.0,0.002,177678.875
1737711,IT,GB,KEROS,RETA1,0.06,42642.435,4,4,42642.432,0.0,0.0,0.0,0.003,710707.25
1663322,IT,DK,AIRTR,CONST,0.05,42642.184,3,3,42642.184,0.0,0.0,0.0,0.0,852843.68
1685729,IT,HU,NONSP,CHEM1,0.06,42641.469,4,4,42641.467,0.0,0.0,0.0,0.002,710691.15
1649856,IT,BG,LEAD1,FOUND,0.07,42634.674,4,4,42634.67,0.0,0.0,0.0,0.004,609066.771429
1723974,IT,PT,SALEM,SALEM,0.34,42633.935,4,4,42633.932,0.0,0.0,0.0,0.003,125393.926471
1674091,IT,FR,HEAVY,SUGAR,0.07,42632.697,4,4,42632.694,0.0,0.0,0.0,0.003,609038.528571
1772122,IT,CH,MOTOR,RETA1,0.06,42632.64,4,4,42632.637,0.0,0.0,0.0,0.003,710544.0
1710845,IT,LU,PAPER,COMPU,0.17,42627.979,4,4,42627.975,0.0,0.0,0.0,0.004,250752.817647
1761807,IT,IN,MACHI,HEALT,0.24,42626.04,4,4,42626.036,0.0,0.0,0.0,0.004,177608.5
1709366,IT,LT,FOOD5,MEATC,0.2,42625.501,4,4,42625.497,0.0,0.0,0.0,0.004,213127.505
1641532,IT,AT,HEAVY,LEAD1,0.07,42624.7,4,4,42624.697,0.0,0.0,0.0,0.003,608924.285714
1795470,IT,WL,PREC1,SALEM,0.07,42623.359,4,4,42623.357,0.0,0.0,0.0,0.002,608905.128571
1729372,IT,SE,BASIC,MOTOR,0.05,42622.713,4,4,42622.71,0.0,0.0,0.0,0.003,852454.26
1666401,IT,ES,NAPHT,TRAN2,0.07,42620.471,4,4,42620.468,0.0,0.0,0.0,0.003,608863.871429
1741731,IT,US,NAPHT,ADDIT,0.07,42619.827,4,4,42619.824,0.0,0.0,0.0,0.003,608854.671429
1807035,IT,WF,TRAN2,NATUR,0.07,42617.808,3,3,42617.808,0.0,0.0,0.0,0.0,608825.828571
1782689,IT,NO,WHOLE,HOTEL,0.37,42617.387,4,4,42617.385,0.0,0.0,0.0,0.002,115182.127027
1801045,IT,WE,COPP1,BITUM,0.11,42617.339,4,4,42617.337,0.0,0.0,0.0,0.002,387430.354545
1729485,IT,SE,ALUM1,CEMEN,0.07,42615.65,4,4,42615.647,0.0,0.0,0.0,0.003,608795.0
1789482,IT,WA,ADDIT,PAPER,0.1,42615.251,4,4,42615.248,0.0,0.0,0.0,0.003,426152.51
1652978,IT,CZ,NONSP,CHEM1,0.06,42615.165,4,4,42615.163,0.0,0.0,0.0,0.002,710252.75
1724042,IT,PT,WHOLE,FOOD5,0.37,42613.351,4,4,42613.349,0.0,0.0,0.0,0.002,115171.218919
1711673,IT,LU,COMPU,BUSIN,0.49,42612.638,4,4,42612.635,0.0,0.0,0.0,0.003,86964.567347
1641688,IT,AT,PLAST,PAPER,0.09,42610.796,4,4,42610.792,0.0,0.0,0.0,0.004,473453.288889
1666336,IT,ES,LIQUE,COLLE,0.07,42610.298,4,4,42610.295,0.0,0.0,0.0,0.003,608718.542857
1787947,IT,WA,FISH5,SEACO,0.18,42607.782,4,4,42607.76,0.0,0.0,0.0,0.022,236709.9
1766384,IT,RU,BASIC,GASDI,0.05,42607.158,4,4,42607.155,0.0,0.0,0.0,0.003,852143.16
1756723,IT,KR,SEACO,FINAN,0.04,42606.964,3,3,42606.964,0.0,0.0,0.0,0.0,1065174.1
1780056,IT,TW,WHOLE,KEROS,0.37,42604.367,4,4,42604.365,0.0,0.0,0.0,0.002,115146.937838
1642429,IT,AT,ALUM1,BIOGA,0.07,42600.896,4,4,42600.893,0.0,0.0,0.0,0.003,608584.228571
1669697,IT,ES,COMPU,RETA1,0.49,42598.629,4,4,42598.626,0.0,0.0,0.0,0.003,86935.977551
1780824,IT,TW,COMPU,BASIC,0.49,42595.863,4,4,42595.86,0.0,0.0,0.0,0.003,86930.332653
1672986,IT,FR,PROCE,MEATC,0.29,42592.764,4,4,42592.761,0.0,0.0,0.0,0.003,146871.6
1662875,IT,DK,WHOLE,RUBBE,0.37,42591.309,4,4,42591.307,0.0,0.0,0.0,0.002,115111.645946
1649635,IT,BG,GLASS,HOTEL,0.12,42590.814,4,4,42590.812,0.0,0.0,0.0,0.002,354923.45
1681949,IT,HR,FOOD5,TEXTI,0.2,42590.204,4,4,42590.2,0.0,0.0,0.0,0.004,212951.02
1752118,IT,CN,BUSIN,MEDIC,0.44,42589.611,4,4,42589.608,0.0,0.0,0.0,0.003,96794.570455
1778639,IT,TR,HOTEL,BASIC,0.31,42588.367,4,4,42588.364,0.0,0.0,0.0,0.003,137381.829032
1672666,IT,FR,CRUDE,LANDT,0.08,42585.314,4,4,42585.31,0.0,0.0,0.0,0.004,532316.425
1757298,IT,BR,FOOD5,WOODW,0.2,42584.52,4,4,42584.516,0.0,0.0,0.0,0.004,212922.6
1793710,IT,WL,FOOD5,SALEM,0.2,42584.48,4,4,42584.476,0.0,0.0,0.0,0.004,212922.4
1774914,IT,CH,INSUR,MACHI,0.88,42584.37,4,4,42584.368,0.0,0.0,0.0,0.002,48391.329545
1724914,IT,PT,BUSIN,RAILW,0.44,42580.49,4,4,42580.487,0.0,0.0,0.0,0.003,96773.840909
1684169,IT,HR,LANDT,RADIO,0.27,42579.37,4,4,42579.368,0.0,0.0,0.0,0.002,157701.37037
1726136,IT,RO,RUBBE,INTER,0.14,42578.999,4,4,42578.995,0.0,0.0,0.0,0.004,304135.707143
1800941,IT,WE,ALUM1,FORES,0.07,42575.628,4,4,42575.625,0.0,0.0,0.0,0.003,608223.257143
1668166,IT,ES,SALEM,DIST1,0.34,42569.656,4,4,42569.653,0.0,0.0,0.0,0.003,125204.870588
1739316,IT,GB,HOTEL,FINAN,0.31,42566.81,4,4,42566.807,0.0,0.0,0.0,0.003,137312.290323
1737494,IT,GB,LEATH,93197,0.3,42566.743,4,4,42566.736,0.0,0.0,0.0,0.007,141889.143333
1722979,IT,PT,NAPHT,FURNI,0.07,42558.746,4,4,42558.743,0.0,0.0,0.0,0.003,607982.085714
1766146,IT,RU,RUBBE,DIST1,0.14,42551.053,4,4,42551.049,0.0,0.0,0.0,0.004,303936.092857
1803392,IT,WF,CHEMI,RETAI,0.1,42549.014,5,5,42547.01,0.0,0.0,2.0,0.004,425490.14
1746129,IT,JP,HEAVY,MOTOR,0.07,42546.435,4,4,42546.432,0.0,0.0,0.0,0.003,607806.214286
1725243,IT,RO,FOOD5,MOTO1,0.2,42544.524,4,4,42544.52,0.0,0.0,0.0,0.004,212722.62
1664480,IT,EE,MOTO1,WOODW,0.23,42543.546,4,4,42543.543,0.0,0.0,0.0,0.003,184971.93913
1751333,IT,CN,LANDT,RADIO,0.27,42542.646,4,4,42542.644,0.0,0.0,0.0,0.002,157565.355556
1741254,IT,US,PULP5,WOODW,0.13,42541.644,4,4,42541.64,0.0,0.0,0.0,0.004,327243.415385
1740554,IT,US,VEGET,CHEM1,0.15,42541.334,4,4,42541.332,0.0,0.0,0.0,0.002,283608.893333
1744466,IT,US,AUXIL,RENTI,0.78,42538.994,4,4,42538.992,0.0,0.0,0.0,0.002,54537.171795
1651297,IT,CY,FISH5,DAIRY,0.18,42535.66,4,4,42535.638,0.0,0.0,0.0,0.022,236309.222222
1725512,IT,RO,LEATH,BEVER,0.3,42535.265,4,4,42535.258,0.0,0.0,0.0,0.007,141784.216667
1769538,IT,AU,ALUM1,PREC1,0.07,42533.901,4,4,42533.898,0.0,0.0,0.0,0.003,607627.157143
1720600,IT,PL,MOTO1,PIGS9,0.23,42531.668,4,4,42531.665,0.0,0.0,0.0,0.003,184920.295652
1775413,IT,CH,PUBLI,BUSIN,0.7,42531.665,4,4,42531.662,0.0,0.0,0.0,0.003,60759.521429
1810002,IT,WM,TEXTI,PIGS9,0.25,42530.386,4,4,42530.38,0.0,0.0,0.0,0.006,170121.544
1778578,IT,TR,RETA1,INSUR,0.44,42529.69,4,4,42529.687,0.0,0.0,0.0,0.003,96658.386364
1663925,IT,EE,WOODW,FORES,0.12,42529.115,4,4,42529.112,0.0,0.0,0.0,0.003,354409.291667
1742340,IT,US,NONME,BITUM,0.09,42525.854,4,4,42525.849,0.0,0.0,0.0,0.005,472509.488889
1742628,IT,US,LEAD1,MOTO1,0.07,42525.672,4,4,42525.668,0.0,0.0,0.0,0.004,607509.6
1662291,IT,DK,NONME,FISH5,0.09,42525.171,4,4,42525.166,0.0,0.0,0.0,0.005,472501.9
1712955,IT,MT,VEGET,BUSIN,0.15,42521.297,4,4,42521.295,0.0,0.0,0.0,0.002,283475.313333
1758592,IT,BR,MOTO1,RADIO,0.23,42520.282,4,4,42520.279,0.0,0.0,0.0,0.003,184870.791304
1664266,IT,EE,BASIC,FURNI,0.05,42519.87,4,4,42519.867,0.0,0.0,0.0,0.003,850397.4
1772608,IT,CH,GLASS,CHEMI,0.12,42519.696,4,4,42519.694,0.0,0.0,0.0,0.002,354330.8
1724412,IT,PT,AIRTR,PAPER,0.05,42517.685,3,3,42517.685,0.0,0.0,0.0,0.0,850353.7
1732295,IT,SI,NAPHT,FISH5,0.07,42515.938,4,4,42515.935,0.0,0.0,0.0,0.003,607370.542857
1661932,IT,DK,PRINT,EDUCA,0.41,42515.735,4,4,42515.732,0.0,0.0,0.0,0.003,103696.914634
1675235,IT,FR,FABRI,KEROS,0.17,42513.837,4,4,42513.834,0.0,0.0,0.0,0.003,250081.394118
1644926,IT,BE,LEATH,PUBLI,0.3,42512.554,4,4,42512.547,0.0,0.0,0.0,0.007,141708.513333
1805267,IT,WF,CHEM1,MEMBE,0.09,42509.87,4,4,42509.865,0.0,0.0,0.0,0.005,472331.888889
1782915,IT,NO,SEACO,RESEA,0.04,42502.813,3,3,42502.813,0.0,0.0,0.0,0.0,1062570.325
1763153,IT,MX,LEATH,PULP5,0.3,42502.665,4,4,42502.658,0.0,0.0,0.0,0.007,141675.55
1689220,IT,IE,WHOLE,MEATA,0.37,42502.496,4,4,42502.494,0.0,0.0,0.0,0.002,114871.610811
1645644,IT,BE,CHEM1,BIOG1,0.09,42500.055,4,4,42500.05,0.0,0.0,0.0,0.005,472222.833333
1658694,IT,DE,OFFIC,BIODI,0.13,42499.719,4,4,42499.716,0.0,0.0,0.0,0.003,326920.915385
1640819,IT,AT,WEARI,RETA1,0.32,42494.414,4,4,42494.406,0.0,0.0,0.0,0.008,132795.04375
1731892,IT,SI,PRINT,EDUCA,0.41,42492.354,4,4,42492.351,0.0,0.0,0.0,0.003,103639.887805
1727952,IT,SE,OILSE,SEACO,0.03,42491.941,4,4,42491.939,0.0,0.0,0.0,0.002,1416398.033333
1810618,IT,WM,PRINT,COMPU,0.41,42491.12,4,4,42491.117,0.0,0.0,0.0,0.003,103636.878049
1772050,IT,CH,PRINT,SECO9,0.41,42490.546,4,4,42490.543,0.0,0.0,0.0,0.003,103635.478049
1775918,IT,TR,FOOD5,VEGE1,0.2,42490.084,4,4,42490.08,0.0,0.0,0.0,0.004,212450.42
1714787,IT,NL,PROCE,HOTEL,0.29,42486.468,4,4,42486.465,0.0,0.0,0.0,0.003,146505.062069
1735696,IT,SK,FABRI,PREC1,0.17,42486.395,4,4,42486.392,0.0,0.0,0.0,0.003,249919.970588
1801511,IT,WE,MOTO1,CONST,0.23,42485.961,4,4,42485.958,0.0,0.0,0.0,0.003,184721.569565
1678517,IT,GR,CEREA,CROPS,0.07,42482.707,4,4,42482.705,0.0,0.0,0.0,0.002,606895.814286
1647210,IT,BE,LANDT,BEVER,0.27,42482.189,4,4,42482.187,0.0,0.0,0.0,0.002,157341.440741
1806122,IT,WF,FABRI,HEAVY,0.17,42481.188,4,4,42481.185,0.0,0.0,0.0,0.003,249889.341176
1778013,IT,TR,OFFIC,MEATC,0.13,42480.445,4,4,42480.442,0.0,0.0,0.0,0.003,326772.653846
1783974,IT,ID,DAIRY,FISHF,0.17,42479.881,4,4,42479.878,0.0,0.0,0.0,0.003,249881.652941
1686735,IT,HU,COPP1,RAILW,0.11,42479.043,4,4,42479.041,0.0,0.0,0.0,0.002,386173.118182
1794093,IT,WL,PAPER,BIOGA,0.16,42477.481,4,4,42477.477,0.0,0.0,0.0,0.004,265484.25625
1761399,IT,IN,NONME,FOUND,0.09,42475.943,4,4,42475.938,0.0,0.0,0.0,0.005,471954.922222
1791940,IT,WA,SEACO,FISH5,0.04,42474.956,3,3,42474.956,0.0,0.0,0.0,0.0,1061873.9
1710892,IT,LU,KEROS,TRANS,0.06,42474.295,4,4,42474.292,0.0,0.0,0.0,0.003,707904.916667
1781280,IT,NO,MEAT4,FISHF,0.23,42474.026,4,4,42474.023,0.0,0.0,0.0,0.003,184669.678261
1814526,IT,WM,RESEA,COMPU,0.23,42473.121,4,4,42473.118,0.0,0.0,0.0,0.003,184665.743478
1772855,IT,CH,BASIC,PLAST,0.05,42472.648,4,4,42472.645,0.0,0.0,0.0,0.003,849452.96
1784185,IT,ID,PAPER,FINAN,0.16,42472.114,4,4,42472.11,0.0,0.0,0.0,0.004,265450.7125
1808033,IT,WF,INTER,WHOLE,0.25,42470.938,4,4,42470.935,0.0,0.0,0.0,0.003,169883.752
1659326,IT,DE,RETAI,CEMEN,0.33,42469.259,4,4,42469.256,0.0,0.0,0.0,0.003,128694.724242
1687164,IT,HU,FURNI,TRANS,0.14,42461.966,4,4,42461.962,0.0,0.0,0.0,0.004,303299.757143
1728722,IT,SE,MOTOR,BUSIN,0.06,42460.716,4,4,42460.713,0.0,0.0,0.0,0.003,707678.6
1770477,IT,AU,AIRTR,GASDI,0.05,42459.942,3,3,42459.942,0.0,0.0,0.0,0.0,849198.84
1654101,IT,CZ,OFFIC,FURNI,0.13,42459.581,4,4,42459.578,0.0,0.0,0.0,0.003,326612.161538
1774538,IT,CH,TRAN2,RETAI,0.07,42458.546,3,3,42458.546,0.0,0.0,0.0,0.0,606550.657143
1687116,IT,HU,TRANS,MOTO1,0.25,42456.743,4,4,42456.741,0.0,0.0,0.0,0.002,169826.972
1656241,IT,DE,WEARI,FOOD5,0.32,42456.332,4,4,42456.324,0.0,0.0,0.0,0.008,132676.0375
1751062,IT,CN,WHOLE,HEALT,0.37,42454.402,4,4,42454.4,0.0,0.0,0.0,0.002,114741.627027
1805862,IT,WF,ALUM1,WOODW,0.07,42453.623,4,4,42453.62,0.0,0.0,0.0,0.003,606480.328571
1754978,IT,KR,TEXTI,AIRTR,0.25,42450.918,4,4,42450.912,0.0,0.0,0.0,0.006,169803.672
1761009,IT,IN,NONSP,DIST1,0.06,42448.087,4,4,42448.085,0.0,0.0,0.0,0.002,707468.116667
1796383,IT,WL,WHOLE,PAPER,0.37,42447.86,4,4,42447.858,0.0,0.0,0.0,0.002,114723.945946
1645168,IT,BE,PRINT,TRANS,0.41,42446.078,4,4,42446.075,0.0,0.0,0.0,0.003,103527.019512
1799850,IT,WE,GASDI,HEAVY,0.06,42445.669,4,4,42445.666,0.0,0.0,0.0,0.003,707427.816667
1641066,IT,AT,PAPER,FISH5,0.16,42442.535,4,4,42442.531,0.0,0.0,0.0,0.004,265265.84375
1644365,IT,BE,CHEMI,ELECT,0.1,42442.028,5,5,42440.024,0.0,0.0,2.0,0.004,424420.28
1687626,IT,HU,AIRTR,NATUR,0.05,42441.194,3,3,42441.194,0.0,0.0,0.0,0.0,848823.88
1737163,IT,GB,VEGE1,RESEA,0.13,42437.125,4,4,42437.116,0.0,0.0,0.0,0.009,326439.423077
1725960,IT,RO,CHEM1,VEGE1,0.09,42432.718,4,4,42432.713,0.0,0.0,0.0,0.005,471474.644444
1806679,IT,WF,WHOLE,NATUR,0.37,42432.42,4,4,42432.418,0.0,0.0,0.0,0.002,114682.216216
1783614,IT,NO,FOOD2,INERT,0.25,42432.141,4,4,42432.138,0.0,0.0,0.0,0.003,169728.564
1642433,IT,AT,ALUM1,CERAM,0.07,42431.711,4,4,42431.708,0.0,0.0,0.0,0.003,606167.3
1726716,IT,RO,FURNI,BASIC,0.14,42426.194,4,4,42426.19,0.0,0.0,0.0,0.004,303044.242857
1683385,IT,HR,BASIC,FOOD5,0.05,42425.983,4,4,42425.98,0.0,0.0,0.0,0.003,848519.66
1745874,IT,JP,LEATH,ELEC3,0.3,42423.135,4,4,42423.128,0.0,0.0,0.0,0.007,141410.45
1672933,IT,FR,DAIRY,MEATP,0.17,42419.855,4,4,42419.852,0.0,0.0,0.0,0.003,249528.558824
1680511,IT,GR,ELEC7,VEGET,0.03,42419.288,3,3,42419.288,0.0,0.0,0.0,0.0,1413976.266667
1669318,IT,ES,FINAN,ELEC4,0.55,42418.359,3,3,42418.359,0.0,0.0,0.0,0.0,77124.289091
1665398,IT,ES,TEXTI,BASIC,0.25,42417.953,4,4,42417.947,0.0,0.0,0.0,0.006,169671.812
1729122,IT,SE,GLASS,COPPE,0.12,42416.417,4,4,42416.415,0.0,0.0,0.0,0.002,353470.141667
1782793,IT,NO,HOTEL,ALUM1,0.31,42412.327,4,4,42412.324,0.0,0.0,0.0,0.003,136813.958065
1640512,IT,AT,SUGA1,BEVER,0.11,42411.251,4,4,42411.244,0.0,0.0,0.0,0.007,385556.827273
1793969,IT,WL,WOODW,BEVER,0.12,42407.671,4,4,42407.668,0.0,0.0,0.0,0.003,353397.258333
1649088,IT,BG,PAPER,HEAVY,0.16,42405.888,4,4,42405.884,0.0,0.0,0.0,0.004,265036.8
1787694,IT,WA,VEGE1,DAIRY,0.13,42405.265,4,4,42405.256,0.0,0.0,0.0,0.009,326194.346154
1720195,IT,PL,COPP1,SALEM,0.11,42404.122,4,4,42404.12,0.0,0.0,0.0,0.002,385492.018182
1812427,IT,WM,PREC1,PAPER,0.07,42403.878,4,4,42403.876,0.0,0.0,0.0,0.002,605769.685714
1684887,IT,HU,SANDC,MACHI,0.1,42403.564,5,5,42394.562,0.0,0.0,9.0,0.002,424035.64
1790192,IT,WA,PREC1,STONE,0.07,42398.079,4,4,42398.077,0.0,0.0,0.0,0.002,605686.842857
1790343,IT,WA,ALUM1,DISTR,0.07,42396.598,4,4,42396.595,0.0,0.0,0.0,0.003,605665.685714
1649766,IT,BG,BASIC,ELEC4,0.05,42395.616,4,4,42395.613,0.0,0.0,0.0,0.003,847912.32
1655488,IT,DE,CRUDE,COKIN,0.08,42392.189,4,4,42392.185,0.0,0.0,0.0,0.004,529902.3625
1709436,IT,LT,TEXTI,WOODW,0.25,42388.381,4,4,42388.375,0.0,0.0,0.0,0.006,169553.524
1721423,IT,PL,AIRTR,MEATP,0.05,42386.784,3,3,42386.784,0.0,0.0,0.0,0.0,847735.68
1747704,IT,JP,POSTT,PUBLI,0.7,42384.638,4,4,42384.635,0.0,0.0,0.0,0.003,60549.482857
1791175,IT,WA,FURNI,NONFE,0.14,42384.19,4,4,42384.186,0.0,0.0,0.0,0.004,302744.214286
1776711,IT,TR,HEAVY,RESEA,0.07,42383.886,4,4,42383.883,0.0,0.0,0.0,0.003,605484.085714
1676379,IT,FR,WHOLE,RUBBE,0.37,42383.256,4,4,42383.254,0.0,0.0,0.0,0.002,114549.340541
1723582,IT,PT,FABRI,GASDI,0.17,42382.317,4,4,42382.314,0.0,0.0,0.0,0.003,249307.747059
1672905,IT,FR,VEGE1,REALE,0.13,42376.995,4,4,42376.986,0.0,0.0,0.0,0.009,325976.884615
1658601,IT,DE,MACHI,MEDIC,0.24,42375.425,4,4,42375.422,0.0,0.0,0.0,0.003,176564.270833
1709943,IT,LT,BASIC,DIST1,0.05,42369.94,4,4,42369.937,0.0,0.0,0.0,0.003,847398.8
1762886,IT,MX,STONE,NONME,0.14,42369.568,5,5,42367.566,0.0,0.0,2.0,0.002,302639.771429
1798834,IT,WE,FOOD5,SEACO,0.2,42364.492,4,4,42364.488,0.0,0.0,0.0,0.004,211822.46
1710609,IT,LU,STONE,BEVER,0.14,42362.284,5,5,42360.282,0.0,0.0,2.0,0.002,302587.742857
1760015,IT,BR,INTER,PAPE4,0.25,42361.173,4,4,42361.17,0.0,0.0,0.0,0.003,169444.692
1734688,IT,SK,LEATH,DAIRY,0.3,42358.399,4,4,42358.392,0.0,0.0,0.0,0.007,141194.663333
1793512,IT,WL,CHEMI,WHOLE,0.1,42358.077,5,5,42356.073,0.0,0.0,2.0,0.004,423580.77
1782897,IT,NO,SEACO,OFFIC,0.04,42357.619,3,3,42357.619,0.0,0.0,0.0,0.0,1058940.475
1773178,IT,CH,FABRI,STONE,0.17,42356.591,4,4,42356.588,0.0,0.0,0.0,0.003,249156.417647
1660879,IT,DE,COMPU,FOOD2,0.48,42354.723,4,4,42354.72,0.0,0.0,0.0,0.003,88239.00625
1794509,IT,WL,GASDI,COMPU,0.06,42352.341,4,4,42352.338,0.0,0.0,0.0,0.003,705872.35
1746119,IT,JP,KEROS,MOTOR,0.06,42351.683,4,4,42351.68,0.0,0.0,0.0,0.003,705861.383333
1712999,IT,MT,CHEMI,MEATP,0.1,42351.615,5,5,42349.611,0.0,0.0,2.0,0.004,423516.15
1662398,IT,DK,BASIC,FOOD2,0.05,42351.194,4,4,42351.191,0.0,0.0,0.0,0.003,847023.88
1644149,IT,AT,FOOD4,BASIC,0.31,42346.273,4,4,42346.27,0.0,0.0,0.0,0.003,136600.880645
1772745,IT,CH,CEMEN,LANDT,0.07,42345.395,4,4,42345.393,0.0,0.0,0.0,0.002,604934.214286
1715312,IT,NL,PAPER,FINAN,0.16,42341.084,4,4,42341.08,0.0,0.0,0.0,0.004,264631.775
1809553,IT,WM,VEGE1,MEAT1,0.13,42340.398,4,4,42340.389,0.0,0.0,0.0,0.009,325695.369231
1735009,IT,SK,PLAST,CHEM1,0.09,42333.909,4,4,42333.905,0.0,0.0,0.0,0.004,470376.766667
1750688,IT,CN,MOTO1,MEDIC,0.23,42331.947,4,4,42331.944,0.0,0.0,0.0,0.003,184051.943478
1774811,IT,CH,POSTT,DISTR,0.7,42329.336,4,4,42329.333,0.0,0.0,0.0,0.003,60470.48
1719428,IT,PL,RUBBE,ELEC2,0.14,42323.27,4,4,42323.266,0.0,0.0,0.0,0.004,302309.071429
1688748,IT,IE,ADDIT,CHEM1,0.1,42320.75,4,4,42320.747,0.0,0.0,0.0,0.003,423207.5
1665388,IT,ES,TEXTI,PFERT,0.25,42317.645,4,4,42317.639,0.0,0.0,0.0,0.006,169270.58
1785695,IT,ZA,NAPHT,KERO1,0.07,42312.511,4,4,42312.508,0.0,0.0,0.0,0.003,604464.442857
1642967,IT,AT,FURNI,RENTI,0.14,42312.136,4,4,42312.132,0.0,0.0,0.0,0.004,302229.542857
1719612,IT,PL,CERAM,MOTO1,0.07,42310.555,4,4,42310.553,0.0,0.0,0.0,0.002,604436.5
1725092,IT,RO,FORES,WOODW,0.37,42302.092,4,4,42286.092,0.0,16.0,0.0,0.0,114329.978378
1766692,IT,RU,FABRI,COMPU,0.17,42301.825,4,4,42301.822,0.0,0.0,0.0,0.003,248834.264706
1755878,IT,KR,NONME,RADIO,0.09,42300.721,4,4,42300.716,0.0,0.0,0.0,0.005,470008.011111
1690130,IT,IE,COMPU,HOTEL,0.48,42299.416,4,4,42299.413,0.0,0.0,0.0,0.003,88123.783333
1683913,IT,HR,FURNI,RADIO,0.14,42298.084,4,4,42298.08,0.0,0.0,0.0,0.004,302129.171429
1812049,IT,WM,CERAM,BEVER,0.07,42296.719,4,4,42296.717,0.0,0.0,0.0,0.002,604238.842857
1721496,IT,PL,SUPPO,BEVER,0.3,42296.217,4,4,42296.215,0.0,0.0,0.0,0.002,140987.39
1776789,IT,TR,NAPHT,PAPER,0.07,42295.681,4,4,42295.678,0.0,0.0,0.0,0.003,604224.014286
1814298,IT,WM,POSTT,RECRE,0.7,42295.646,4,4,42295.643,0.0,0.0,0.0,0.003,60422.351429
1759231,IT,BR,POSTT,MEATC,0.7,42295.283,4,4,42295.28,0.0,0.0,0.0,0.003,60421.832857
1725847,IT,RO,GASDI,CROPS,0.06,42295.159,4,4,42295.156,0.0,0.0,0.0,0.003,704919.316667
1711057,IT,LU,BASIC,INTER,0.05,42295.042,4,4,42295.039,0.0,0.0,0.0,0.003,845900.84
1748954,IT,CN,WEARI,INSUR,0.32,42294.84,4,4,42294.832,0.0,0.0,0.0,0.008,132171.375
1665147,IT,ES,DAIRY,REALE,0.17,42293.302,4,4,42293.299,0.0,0.0,0.0,0.003,248784.129412
1680649,IT,GR,WHOLE,FISHF,0.37,42292.267,4,4,42292.265,0.0,0.0,0.0,0.002,114303.424324
1650245,IT,BG,FURNI,PUBLI,0.13,42285.914,4,4,42285.91,0.0,0.0,0.0,0.004,325276.261538
1669891,IT,ES,PUBLI,WHOLE,0.69,42285.908,4,4,42285.905,0.0,0.0,0.0,0.003,61283.924638
1808138,IT,WF,WOOD1,EDUCA,0.29,42285.592,4,4,42285.589,0.0,0.0,0.0,0.003,145812.386207
1791047,IT,WA,TRANS,NATU1,0.25,42285.304,4,4,42285.302,0.0,0.0,0.0,0.002,169141.216
1762229,IT,IN,SEACO,FOOD3,0.04,42280.904,3,3,42280.904,0.0,0.0,0.0,0.0,1057022.6
1716983,IT,NL,LANDT,MEATC,0.27,42279.237,4,4,42279.235,0.0,0.0,0.0,0.002,156589.766667
1680230,IT,GR,TRANS,OFFIC,0.25,42278.507,4,4,42278.505,0.0,0.0,0.0,0.002,169114.028
1660127,IT,DE,AIRTR,OILHA,0.05,42277.294,3,3,42277.294,0.0,0.0,0.0,0.0,845545.88
1735108,IT,SK,CHEM1,RAILW,0.09,42275.477,4,4,42275.472,0.0,0.0,0.0,0.005,469727.522222
1714692,IT,NL,VEGE1,PLAST,0.13,42272.43,4,4,42272.421,0.0,0.0,0.0,0.009,325172.538462
1652390,IT,CZ,TEXTI,MOTOR,0.25,42267.535,4,4,42267.529,0.0,0.0,0.0,0.006,169070.14
1750332,IT,CN,FABRI,FORES,0.17,42264.795,4,4,42264.792,0.0,0.0,0.0,0.003,248616.441176
1686520,IT,HU,ALUM1,MEATA,0.07,42263.024,4,4,42263.021,0.0,0.0,0.0,0.003,603757.485714
1718676,IT,PL,WOODW,GLASS,0.12,42262.429,4,4,42262.426,0.0,0.0,0.0,0.003,352186.908333
1747447,IT,JP,SEACO,DAIRY,0.04,42262.39,3,3,42262.39,0.0,0.0,0.0,0.0,1056559.75
1787335,IT,WA,CROPS,OFFIC,0.33,42262.131,4,4,42262.129,0.0,0.0,0.0,0.002,128067.063636
1657256,IT,DE,CHEM1,SECO9,0.09,42260.456,4,4,42260.451,0.0,0.0,0.0,0.005,469560.622222
1681269,IT,GR,FINAN,HOTEL,0.55,42260.044,3,3,42260.044,0.0,0.0,0.0,0.0,76836.443636
1768605,IT,AU,BEVER,REALE,0.18,42257.212,4,4,42257.209,0.0,0.0,0.0,0.003,234762.288889
1737512,IT,GB,WOODW,CHEM1,0.12,42254.564,4,4,42254.561,0.0,0.0,0.0,0.003,352121.366667
1718375,IT,PL,BEVER,CHEM1,0.18,42254.436,4,4,42254.433,0.0,0.0,0.0,0.003,234746.866667
1712963,IT,MT,POULT,HOTEL,0.11,42251.473,4,4,42251.47,0.0,0.0,0.0,0.003,384104.3
1662753,IT,DK,OFFIC,AIRTR,0.13,42250.174,4,4,42250.171,0.0,0.0,0.0,0.003,325001.338462
1672020,IT,FI,SEACO,SEACO,0.04,42249.979,3,3,42249.979,0.0,0.0,0.0,0.0,1056249.475
1763870,IT,MX,NONME,TRANS,0.09,42249.85,4,4,42249.845,0.0,0.0,0.0,0.005,469442.777778
1715824,IT,NL,RUBBE,NUCLE,0.14,42247.627,4,4,42247.623,0.0,0.0,0.0,0.004,301768.764286
1643235,IT,AT,HOTEL,FOUND,0.31,42247.565,4,4,42247.562,0.0,0.0,0.0,0.003,136282.467742
1776986,IT,TR,CHEM1,OILSE,0.09,42246.879,4,4,42246.874,0.0,0.0,0.0,0.005,469409.766667
1795388,IT,WL,BASIC,PLAST,0.05,42246.646,4,4,42246.643,0.0,0.0,0.0,0.003,844932.92
1723377,IT,PT,BASIC,BIODI,0.05,42245.54,4,4,42245.537,0.0,0.0,0.0,0.003,844910.8
1780930,IT,TW,RESEA,93197,0.23,42245.166,4,4,42245.163,0.0,0.0,0.0,0.003,183674.634783
1801751,IT,WE,ELEC2,LEAD1,0.01,42243.695,4,4,42243.691,0.0,0.0,0.0,0.004,4224369.5
1804482,IT,WF,GASDI,LEATH,0.06,42241.301,4,4,42241.298,0.0,0.0,0.0,0.003,704021.683333
1679782,IT,GR,PREC1,COPP1,0.07,42240.732,4,4,42240.73,0.0,0.0,0.0,0.002,603439.028571
1656709,IT,DE,MOTOR,BASIC,0.06,42237.608,4,4,42237.605,0.0,0.0,0.0,0.003,703960.133333
1640977,IT,AT,WOODW,FURNI,0.12,42236.724,4,4,42236.721,0.0,0.0,0.0,0.003,351972.7
1762230,IT,IN,SEACO,WASTE,0.04,42226.498,3,3,42226.498,0.0,0.0,0.0,0.0,1055662.45
1662873,IT,DK,WHOLE,NUCLE,0.36,42224.541,4,4,42224.539,0.0,0.0,0.0,0.002,117290.391667
1747470,IT,JP,SEACO,NONSP,0.04,42224.141,3,3,42224.141,0.0,0.0,0.0,0.0,1055603.525
1644709,IT,BE,BEVER,ELEC3,0.18,42218.431,4,4,42218.428,0.0,0.0,0.0,0.003,234546.838889
1657373,IT,DE,RUBBE,CROPS,0.14,42218.385,4,4,42218.381,0.0,0.0,0.0,0.004,301559.892857
1667916,IT,ES,MOTO1,RETAI,0.22,42216.194,4,4,42216.191,0.0,0.0,0.0,0.003,191891.790909
1654553,IT,CZ,HOTEL,INSUR,0.31,42213.382,4,4,42213.379,0.0,0.0,0.0,0.003,136172.2
1798358,IT,WE,MEATA,WEARI,0.23,42212.277,4,4,42212.27,0.0,0.0,0.0,0.007,183531.63913
1682954,IT,HR,PLAST,CHEM1,0.09,42209.534,4,4,42209.53,0.0,0.0,0.0,0.004,468994.822222
1653673,IT,CZ,ALUM1,LANDT,0.07,42204.448,4,4,42204.445,0.0,0.0,0.0,0.003,602920.685714
1724416,IT,PT,AIRTR,GASDI,0.05,42196.252,3,3,42196.252,0.0,0.0,0.0,0.0,843925.04
1730368,IT,SE,SUPPO,BUSIN,0.3,42195.395,4,4,42195.393,0.0,0.0,0.0,0.002,140651.316667
1719391,IT,PL,RUBBE,KEROS,0.14,42194.815,4,4,42194.811,0.0,0.0,0.0,0.004,301391.535714
1662323,IT,DK,BASIC,MEATA,0.05,42193.265,4,4,42193.262,0.0,0.0,0.0,0.003,843865.3
1677691,IT,FR,RENTI,RUBBE,0.25,42192.807,4,4,42192.805,0.0,0.0,0.0,0.002,168771.228
1671257,IT,FI,BASIC,RADIO,0.05,42192.078,4,4,42192.075,0.0,0.0,0.0,0.003,843841.56
1784678,IT,ID,MOTO1,FURNI,0.22,42186.957,4,4,42186.954,0.0,0.0,0.0,0.003,191758.895455
1673140,IT,FR,BEVER,DAIRY,0.18,42185.82,4,4,42185.817,0.0,0.0,0.0,0.003,234365.666667
1719376,IT,PL,RUBBE,VEGE1,0.14,42185.401,4,4,42185.397,0.0,0.0,0.0,0.004,301324.292857
1739298,IT,GB,HOTEL,FURNI,0.31,42185.283,4,4,42185.28,0.0,0.0,0.0,0.003,136081.558065
1683295,IT,HR,CEMEN,FURNI,0.07,42184.72,4,4,42184.718,0.0,0.0,0.0,0.002,602638.857143
1711000,IT,LU,CERAM,REALE,0.07,42179.787,4,4,42179.785,0.0,0.0,0.0,0.002,602568.385714
1718965,IT,PL,PRINT,BUSIN,0.4,42179.539,4,4,42179.536,0.0,0.0,0.0,0.003,105448.8475
1670915,IT,FI,CHEM1,BEVER,0.09,42178.559,4,4,42178.554,0.0,0.0,0.0,0.005,468650.655556
1676380,IT,FR,WHOLE,GLASS,0.36,42173.57,4,4,42173.568,0.0,0.0,0.0,0.002,117148.805556
1676382,IT,FR,WHOLE,BRICK,0.36,42168.443,4,4,42168.441,0.0,0.0,0.0,0.002,117134.563889
1780016,IT,TW,SALEM,SALEM,0.34,42163.118,4,4,42163.115,0.0,0.0,0.0,0.003,124009.170588
1791070,IT,WA,TRANS,PAPER,0.25,42159.268,4,4,42159.266,0.0,0.0,0.0,0.002,168637.072
1709914,IT,LT,BASIC,POULT,0.05,42153.443,4,4,42153.44,0.0,0.0,0.0,0.003,843068.86
1792720,IT,WA,BUSIN,TEXTI,0.43,42146.312,4,4,42146.309,0.0,0.0,0.0,0.003,98014.67907
1752047,IT,CN,BUSIN,VEGET,0.43,42146.116,4,4,42146.113,0.0,0.0,0.0,0.003,98014.223256
1677687,IT,FR,RENTI,NUCLE,0.25,42140.579,4,4,42140.577,0.0,0.0,0.0,0.002,168562.316
1686214,IT,HU,GLASS,RETAI,0.12,42138.865,4,4,42138.863,0.0,0.0,0.0,0.002,351157.208333
1761573,IT,IN,COPP1,TRANS,0.11,42137.858,4,4,42137.856,0.0,0.0,0.0,0.002,383071.436364
1734844,IT,SK,PAPER,TEXTI,0.16,42137.37,4,4,42137.366,0.0,0.0,0.0,0.004,263358.5625
1755515,IT,KR,CHEM1,FISH5,0.09,42131.255,4,4,42131.25,0.0,0.0,0.0,0.005,468125.055556
1726438,IT,RO,FABRI,WHITE,0.17,42130.804,4,4,42130.801,0.0,0.0,0.0,0.003,247828.258824
1654357,IT,CZ,ELEC7,TRAN1,0.03,42130.348,3,3,42130.348,0.0,0.0,0.0,0.0,1404344.933333
1719399,IT,PL,RUBBE,NFERT,0.14,42130.123,4,4,42130.119,0.0,0.0,0.0,0.004,300929.45
1796012,IT,WL,MOTO1,INLAN,0.22,42128.599,4,4,42128.596,0.0,0.0,0.0,0.003,191493.631818
1741235,IT,US,WOODW,LANDT,0.12,42128.24,4,4,42128.237,0.0,0.0,0.0,0.003,351068.666667
1794761,IT,WL,PLAST,FORES,0.09,42124.317,4,4,42124.313,0.0,0.0,0.0,0.004,468047.966667
1661903,IT,DK,PRINT,CHEM1,0.4,42122.9,4,4,42122.897,0.0,0.0,0.0,0.003,105307.25
1744802,IT,US,RESEA,ELEC4,0.23,42122.868,4,4,42122.865,0.0,0.0,0.0,0.003,183142.904348
1723465,IT,PT,ALUM1,BIODI,0.07,42121.569,4,4,42121.566,0.0,0.0,0.0,0.003,601736.7
1649891,IT,BG,FABRI,LIGNI,0.17,42120.032,4,4,42120.029,0.0,0.0,0.0,0.003,247764.894118
1755072,IT,KR,WEARI,RENTI,0.32,42119.288,4,4,42119.28,0.0,0.0,0.0,0.008,131622.775
1661493,IT,DK,FOOD5,BEVER,0.2,42114.178,4,4,42114.174,0.0,0.0,0.0,0.004,210570.89
1750852,IT,CN,FURNI,ELEC3,0.13,42109.836,4,4,42109.832,0.0,0.0,0.0,0.004,323921.815385
1773240,IT,CH,FABRI,RETAI,0.17,42108.908,4,4,42108.905,0.0,0.0,0.0,0.003,247699.458824
1676393,IT,FR,WHOLE,ELEC4,0.36,42108.867,4,4,42108.865,0.0,0.0,0.0,0.002,116969.075
1726424,IT,RO,FABRI,WEARI,0.17,42107.497,4,4,42107.494,0.0,0.0,0.0,0.003,247691.158824
1783584,IT,NO,FOOD2,NONF1,0.24,42107.061,4,4,42107.058,0.0,0.0,0.0,0.003,175446.0875
1752696,IT,CA,LEATH,CHEMI,0.3,42107.042,4,4,42107.035,0.0,0.0,0.0,0.007,140356.806667
1805926,IT,WF,LEAD1,NONFE,0.07,42103.714,4,4,42103.71,0.0,0.0,0.0,0.004,601481.628571
1754370,IT,CA,INSUR,PUBLI,0.87,42102.708,4,4,42102.706,0.0,0.0,0.0,0.002,48393.917241
1767545,IT,RU,AIRTR,ELECT,0.05,42098.999,3,3,42098.999,0.0,0.0,0.0,0.0,841979.98
1782130,IT,NO,CEMEN,CRUDE,0.07,42098.488,4,4,42098.486,0.0,0.0,0.0,0.002,601406.971429
1798327,IT,WE,CROPS,POSTT,0.33,42096.879,4,4,42096.877,0.0,0.0,0.0,0.002,127566.3
1785709,IT,ZA,NAPHT,PREC1,0.07,42096.055,4,4,42096.052,0.0,0.0,0.0,0.003,601372.214286
1743820,IT,US,LANDT,RENTI,0.27,42095.388,4,4,42095.386,0.0,0.0,0.0,0.002,155908.844444
1665549,IT,ES,LEATH,TEXTI,0.3,42087.725,4,4,42087.718,0.0,0.0,0.0,0.007,140292.416667
1646450,IT,BE,MACHI,PRINT,0.23,42086.632,4,4,42086.629,0.0,0.0,0.0,0.003,182985.356522
1766441,IT,RU,BASIC,INTER,0.05,42083.214,4,4,42083.211,0.0,0.0,0.0,0.003,841664.28
1769385,IT,AU,CERAM,FABRI,0.07,42081.561,4,4,42081.559,0.0,0.0,0.0,0.002,601165.157143
1813422,IT,WM,FURNI,FOOD3,0.13,42079.473,4,4,42079.469,0.0,0.0,0.0,0.004,323688.253846
1791669,IT,WA,HOTEL,FURNI,0.3,42079.087,4,4,42079.084,0.0,0.0,0.0,0.003,140263.623333
1648221,IT,BE,BUSIN,TRAN1,0.43,42078.184,4,4,42078.181,0.0,0.0,0.0,0.003,97856.24186
1654642,IT,CZ,LANDT,PRINT,0.27,42077.677,4,4,42077.675,0.0,0.0,0.0,0.002,155843.248148
1804278,IT,WF,MOTOR,DAIRY,0.06,42074.945,4,4,42074.942,0.0,0.0,0.0,0.003,701249.083333
1768113,IT,RU,BUSIN,HEALT,0.43,42074.59,4,4,42074.587,0.0,0.0,0.0,0.003,97847.883721
1720844,IT,PL,FURNI,LANDT,0.13,42072.393,4,4,42072.389,0.0,0.0,0.0,0.004,323633.792308
1802613,IT,WE,AUXIL,FINAN,0.77,42071.908,4,4,42071.906,0.0,0.0,0.0,0.002,54638.841558
1674821,IT,FR,NONME,WHEAT,0.08,42071.489,4,4,42071.484,0.0,0.0,0.0,0.005,525893.6125
1733636,IT,SI,HOTEL,TRANS,0.3,42070.852,4,4,42070.849,0.0,0.0,0.0,0.003,140236.173333
1794776,IT,WL,PLAST,SUGA1,0.09,42068.089,4,4,42068.085,0.0,0.0,0.0,0.004,467423.211111
1731844,IT,SI,PAPER,93197,0.16,42067.659,4,4,42067.655,0.0,0.0,0.0,0.004,262922.86875
1738565,IT,GB,FABRI,NUCLE,0.17,42063.768,4,4,42063.765,0.0,0.0,0.0,0.003,247433.929412
1796113,IT,WL,TRANS,MEDIC,0.25,42061.256,4,4,42061.254,0.0,0.0,0.0,0.002,168245.024
1652141,IT,CZ,MEAT4,MEAT4,0.23,42060.54,4,4,42060.537,0.0,0.0,0.0,0.003,182871.913043
1774833,IT,CH,POSTT,RENTI,0.69,42055.131,4,4,42055.128,0.0,0.0,0.0,0.003,60949.465217
1750119,IT,CN,PREC1,TEXTI,0.07,42051.728,4,4,42051.726,0.0,0.0,0.0,0.002,600738.971429
1717135,IT,NL,SEACO,FOOD2,0.04,42050.922,3,3,42050.922,0.0,0.0,0.0,0.0,1051273.05
1737007,IT,GB,FORES,NONF1,0.37,42050.656,4,4,42034.656,0.0,16.0,0.0,0.0,113650.421622
1684984,IT,HU,VEGE1,MEATC,0.13,42048.589,4,4,42048.58,0.0,0.0,0.0,0.009,323450.684615
1782380,IT,NO,FABRI,DISTR,0.17,42048.027,4,4,42048.024,0.0,0.0,0.0,0.003,247341.335294
1686902,IT,HU,MACHI,VEGE1,0.23,42046.813,4,4,42046.81,0.0,0.0,0.0,0.003,182812.230435
1646101,IT,BE,BASIC,SUPPO,0.05,42044.631,4,4,42044.628,0.0,0.0,0.0,0.003,840892.62
1803830,IT,WF,TEXTI,FOUND,0.25,42043.054,4,4,42043.048,0.0,0.0,0.0,0.006,168172.216
1732283,IT,SI,LIQUE,RECRE,0.07,42042.851,4,4,42042.848,0.0,0.0,0.0,0.003,600612.157143
1716560,IT,NL,TRANS,PUBLI,0.25,42040.561,4,4,42040.559,0.0,0.0,0.0,0.002,168162.244
1794302,IT,WL,MOTOR,BIOGA,0.06,42040.534,4,4,42040.531,0.0,0.0,0.0,0.003,700675.566667
1728974,IT,SE,CHEM1,WASTE,0.09,42039.999,4,4,42039.994,0.0,0.0,0.0,0.005,467111.1
1685921,IT,HU,CHEM1,POSTT,0.09,42039.777,4,4,42039.772,0.0,0.0,0.0,0.005,467108.633333
1660472,IT,DE,INSUR,GASDI,0.87,42039.629,4,4,42039.627,0.0,0.0,0.0,0.002,48321.412644
1725080,IT,RO,POULT,FOOD5,0.11,42039.14,4,4,42039.137,0.0,0.0,0.0,0.003,382174.0
1779914,IT,TW,CONST,PAPER,0.24,42036.469,4,4,42036.467,0.0,0.0,0.0,0.002,175151.954167
1802257,IT,WE,LANDT,WEARI,0.27,42036.048,4,4,42036.046,0.0,0.0,0.0,0.002,155689.066667
1729808,IT,SE,MACHI,OILHA,0.23,42035.989,4,4,42035.986,0.0,0.0,0.0,0.003,182765.169565
1810964,IT,WM,GASDI,GLASS,0.06,42035.084,4,4,42035.081,0.0,0.0,0.0,0.003,700584.733333
1688118,IT,HU,BUSIN,FOOD5,0.43,42034.548,4,4,42034.545,0.0,0.0,0.0,0.003,97754.762791
1722982,IT,PT,LUBRI,DIST1,0.05,42027.934,4,4,42027.932,0.0,0.0,0.0,0.002,840558.68
1788509,IT,WA,PAPER,CATTL,0.16,42027.109,4,4,42027.105,0.0,0.0,0.0,0.004,262669.43125
1779189,IT,TR,POSTT,MACHI,0.69,42026.034,4,4,42026.031,0.0,0.0,0.0,0.003,60907.295652
1735084,IT,SK,CHEM1,NONME,0.09,42025.112,4,4,42025.107,0.0,0.0,0.0,0.005,466945.688889
1769112,IT,AU,CHEM1,PLANT,0.09,42021.597,4,4,42021.592,0.0,0.0,0.0,0.005,466906.633333
1771924,IT,CH,PAPER,MOTOR,0.16,42021.441,4,4,42021.437,0.0,0.0,0.0,0.004,262634.00625
1770221,IT,AU,HOTEL,NONFE,0.3,42019.656,4,4,42019.653,0.0,0.0,0.0,0.003,140065.52
1797680,IT,WL,PLAS1,MEATC,0.15,42017.711,4,4,42017.708,0.0,0.0,0.0,0.003,280118.073333
1810713,IT,WM,MOTOR,FOUND,0.06,42016.549,4,4,42016.546,0.0,0.0,0.0,0.003,700275.816667
1674385,IT,FR,CHEM1,ELE12,0.09,42016.01,4,4,42016.005,0.0,0.0,0.0,0.005,466844.555556
1731727,IT,SI,PULP5,BASIC,0.13,42015.849,4,4,42015.845,0.0,0.0,0.0,0.004,323198.838462
1646245,IT,BE,LEAD1,PREC1,0.07,42015.3,4,4,42015.296,0.0,0.0,0.0,0.004,600218.571429
1710456,IT,LT,LANDT,FABRI,0.27,42013.863,4,4,42013.861,0.0,0.0,0.0,0.002,155606.9
1739839,IT,GB,FINAN,MOTOR,0.55,42013.836,3,3,42013.836,0.0,0.0,0.0,0.0,76388.792727
1810844,IT,WM,KEROS,ELEC2,0.06,42009.754,4,4,42009.751,0.0,0.0,0.0,0.003,700162.566667
1659731,IT,DE,RAILW,RETA1,0.28,42007.443,4,4,42007.441,0.0,0.0,0.0,0.002,150026.582143
1721521,IT,PL,SUPPO,RUBBE,0.3,42006.21,4,4,42006.208,0.0,0.0,0.0,0.002,140020.7
1687641,IT,HU,AIRTR,PULP5,0.05,42005.359,3,3,42005.359,0.0,0.0,0.0,0.0,840107.18
1806506,IT,WF,TRANS,AUXIL,0.25,42003.962,4,4,42003.96,0.0,0.0,0.0,0.002,168015.848
1771499,IT,CH,BEVER,FOOD2,0.18,42001.445,4,4,42001.442,0.0,0.0,0.0,0.003,233341.361111
1769487,IT,AU,BASIC,COPP1,0.05,42000.898,4,4,42000.895,0.0,0.0,0.0,0.003,840017.96
1779008,IT,TR,AIRTR,PFERT,0.05,42000.263,3,3,42000.263,0.0,0.0,0.0,0.0,840005.26
1801684,IT,WE,FURNI,RAILW,0.13,41998.556,4,4,41998.552,0.0,0.0,0.0,0.004,323065.815385
1798680,IT,WE,VEGE1,TRANS,0.13,41996.742,4,4,41996.733,0.0,0.0,0.0,0.009,323051.861538
1664903,IT,ES,CRUDE,WHITE,0.08,41994.859,4,4,41994.855,0.0,0.0,0.0,0.004,524935.7375
1644980,IT,BE,WOODW,DIST1,0.12,41994.314,4,4,41994.311,0.0,0.0,0.0,0.003,349952.616667
1647415,IT,BE,AIRTR,CEMEN,0.05,41992.722,3,3,41992.722,0.0,0.0,0.0,0.0,839854.44
1757596,IT,BR,GASDI,LUBRI,0.06,41991.306,4,4,41991.303,0.0,0.0,0.0,0.003,699855.1
1770202,IT,AU,HOTEL,ANIMA,0.3,41990.385,4,4,41990.382,0.0,0.0,0.0,0.003,139967.95
1641351,IT,AT,KEROS,NONF1,0.06,41985.495,4,4,41985.492,0.0,0.0,0.0,0.003,699758.25
1725286,IT,RO,BEVER,VEGE1,0.18,41983.487,4,4,41983.484,0.0,0.0,0.0,0.003,233241.594444
1771132,IT,CH,MEATC,VEGET,0.14,41982.238,5,5,41981.235,0.0,1.0,0.0,0.003,299873.128571
1733220,IT,SI,MACHI,FOUND,0.23,41982.085,4,4,41982.082,0.0,0.0,0.0,0.003,182530.804348
1721311,IT,PL,LANDT,INTER,0.27,41976.861,4,4,41976.859,0.0,0.0,0.0,0.002,155469.855556
1676908,IT,FR,SEACO,TRANS,0.04,41975.049,3,3,41975.049,0.0,0.0,0.0,0.0,1049376.225
1804646,IT,WF,HEAVY,RAILW,0.07,41971.087,4,4,41971.084,0.0,0.0,0.0,0.003,599586.957143
1803104,IT,WF,VEGET,PRECI,0.15,41970.868,4,4,41970.866,0.0,0.0,0.0,0.002,279805.786667
1791631,IT,WA,HOTEL,WOODW,0.3,41968.241,4,4,41968.238,0.0,0.0,0.0,0.003,139894.136667
1746698,IT,JP,FABRI,NONME,0.17,41965.67,4,4,41965.667,0.0,0.0,0.0,0.003,246856.882353
1787287,IT,WA,VEGET,RECRE,0.15,41962.807,4,4,41962.805,0.0,0.0,0.0,0.002,279752.046667
1798494,IT,WE,NATUR,HEALT,0.06,41959.275,4,4,41959.272,0.0,0.0,0.0,0.003,699321.25
1786292,IT,ZA,FABRI,RADIO,0.17,41958.616,4,4,41958.613,0.0,0.0,0.0,0.003,246815.388235
1772846,IT,CH,BASIC,LEATH,0.05,41956.808,4,4,41956.805,0.0,0.0,0.0,0.003,839136.16
1755158,IT,KR,LEATH,SALEM,0.3,41955.436,4,4,41955.429,0.0,0.0,0.0,0.007,139851.453333
1674914,IT,FR,BASIC,FISH5,0.05,41952.703,4,4,41952.7,0.0,0.0,0.0,0.003,839054.06
1714166,IT,MT,POSTT,RETA1,0.69,41947.598,4,4,41947.595,0.0,0.0,0.0,0.003,60793.62029
1685703,IT,HU,NAPHT,BIOGA,0.07,41946.779,4,4,41946.776,0.0,0.0,0.0,0.003,599239.7
1779771,IT,TR,BUSIN,ELEC5,0.43,41946.148,4,4,41946.145,0.0,0.0,0.0,0.003,97549.181395
1719888,IT,PL,PREC1,CRUDE,0.07,41943.265,4,4,41943.263,0.0,0.0,0.0,0.002,599189.5
1805347,IT,WF,RUBBE,SUGA1,0.14,41943.247,4,4,41943.243,0.0,0.0,0.0,0.004,299594.621429
1800505,IT,WE,RUBBE,LIQUE,0.14,41941.999,4,4,41941.995,0.0,0.0,0.0,0.004,299585.707143
1719901,IT,PL,PREC1,PAPER,0.07,41941.392,4,4,41941.39,0.0,0.0,0.0,0.002,599162.742857
1762140,IT,IN,LANDT,PFERT,0.27,41940.48,4,4,41940.478,0.0,0.0,0.0,0.002,155335.111111
1735037,IT,SK,PLAST,RESEA,0.09,41940.264,4,4,41940.26,0.0,0.0,0.0,0.004,466002.933333
1768887,IT,AU,WOODW,PRINT,0.12,41935.288,4,4,41935.285,0.0,0.0,0.0,0.003,349460.733333
1793255,IT,WA,PRIVA,WOODW,9.36,41934.956,4,4,41934.949,0.0,0.0,0.0,0.007,4480.230342
1681578,IT,GR,BUSIN,COMPU,0.43,41930.891,4,4,41930.888,0.0,0.0,0.0,0.003,97513.7
1775261,IT,CH,BUSIN,WEARI,0.43,41927.985,4,4,41927.982,0.0,0.0,0.0,0.003,97506.94186
1735845,IT,SK,MACHI,EDUCA,0.23,41927.884,4,4,41927.881,0.0,0.0,0.0,0.003,182295.147826
1784509,IT,ID,FABRI,NONF1,0.17,41927.617,4,4,41927.614,0.0,0.0,0.0,0.003,246633.041176
1728157,IT,SE,DAIRY,LANDT,0.17,41924.237,4,4,41924.234,0.0,0.0,0.0,0.003,246613.158824
1774153,IT,CH,WHOLE,PAPE1,0.36,41923.814,4,4,41923.812,0.0,0.0,0.0,0.002,116455.038889
1804301,IT,WF,MOTOR,PLAST,0.06,41923.36,4,4,41923.357,0.0,0.0,0.0,0.003,698722.666667
1765586,IT,RU,LEATH,93197,0.3,41922.981,4,4,41922.974,0.0,0.0,0.0,0.007,139743.27
1741836,IT,US,PFERT,VEGET,0.02,41922.93,4,4,41922.923,0.0,0.0,0.0,0.007,2096146.5
1741288,IT,US,PAPER,BIOGA,0.16,41922.408,4,4,41922.404,0.0,0.0,0.0,0.004,262015.05
1734733,IT,SK,LEATH,LANDT,0.3,41920.614,4,4,41920.607,0.0,0.0,0.0,0.007,139735.38
1760432,IT,IN,FOOD5,CHEM1,0.2,41918.089,4,4,41918.085,0.0,0.0,0.0,0.004,209590.445
1796725,IT,WL,LANDT,CRUDE,0.27,41918.049,4,4,41918.047,0.0,0.0,0.0,0.002,155252.033333
1664059,IT,EE,CHEM1,WEARI,0.09,41917.432,4,4,41917.427,0.0,0.0,0.0,0.005,465749.244444
1770204,IT,AU,HOTEL,WOOLS,0.3,41917.257,4,4,41917.254,0.0,0.0,0.0,0.003,139724.19
1808812,IT,WF,WOOD2,INSUR,0.23,41916.988,4,4,41916.985,0.0,0.0,0.0,0.003,182247.773913
1660245,IT,DE,POSTT,BIODI,0.69,41911.96,4,4,41911.957,0.0,0.0,0.0,0.003,60741.971014
1658995,IT,DE,ELEC2,SANDC,0.01,41911.345,4,4,41911.341,0.0,0.0,0.0,0.004,4191134.5
1793518,IT,WL,CHEMI,RESEA,0.1,41907.622,5,5,41905.618,0.0,0.0,2.0,0.004,419076.22
1645324,IT,BE,GASDI,MOTOR,0.06,41906.867,4,4,41906.864,0.0,0.0,0.0,0.003,698447.783333
1677683,IT,FR,RENTI,PRINT,0.25,41903.587,4,4,41903.585,0.0,0.0,0.0,0.002,167614.348
1641496,IT,AT,HEAVY,FORES,0.07,41901.067,4,4,41901.064,0.0,0.0,0.0,0.003,598586.671429
1794450,IT,WL,GASDI,BEVER,0.06,41897.949,4,4,41897.946,0.0,0.0,0.0,0.003,698299.15
1660106,IT,DE,AIRTR,TRAN2,0.05,41894.091,3,3,41894.091,0.0,0.0,0.0,0.0,837881.82
1775874,IT,TR,DAIRY,PUBLI,0.17,41893.309,4,4,41893.306,0.0,0.0,0.0,0.003,246431.229412
1657079,IT,DE,NONSP,MOTO1,0.06,41892.918,4,4,41892.916,0.0,0.0,0.0,0.002,698215.3
1710666,IT,LU,VEGE1,CONST,0.13,41891.434,4,4,41891.425,0.0,0.0,0.0,0.009,322241.8
1723765,IT,PT,OFFIC,DAIRY,0.13,41889.441,4,4,41889.438,0.0,0.0,0.0,0.003,322226.469231
1748443,IT,CN,STONE,NATUR,0.14,41888.123,5,5,41886.121,0.0,0.0,2.0,0.002,299200.878571
1763309,IT,MX,PAPER,MEDIC,0.16,41887.288,4,4,41887.284,0.0,0.0,0.0,0.004,261795.55
1662555,IT,DK,FABRI,BEVER,0.17,41885.559,4,4,41885.556,0.0,0.0,0.0,0.003,246385.641176
1752041,IT,CN,RESEA,MEMBE,0.23,41885.182,4,4,41885.179,0.0,0.0,0.0,0.003,182109.486957
1811706,IT,WM,ADDIT,OILSE,0.1,41885.036,4,4,41885.033,0.0,0.0,0.0,0.003,418850.36
1803395,IT,WF,CHEMI,HOTEL,0.1,41883.568,5,5,41881.564,0.0,0.0,2.0,0.004,418835.68
1786855,IT,ZA,SEACO,POULT,0.04,41883.288,3,3,41883.288,0.0,0.0,0.0,0.0,1047082.2
1737858,IT,GB,PLAST,PFERT,0.09,41879.212,4,4,41879.208,0.0,0.0,0.0,0.004,465324.577778
1711232,IT,LU,MACHI,SUPPO,0.23,41878.087,4,4,41878.084,0.0,0.0,0.0,0.003,182078.63913
1759248,IT,BR,POSTT,PRINT,0.69,41876.087,4,4,41876.084,0.0,0.0,0.0,0.003,60689.981159
1761939,IT,IN,FURNI,ELECT,0.13,41876.078,4,4,41876.074,0.0,0.0,0.0,0.004,322123.676923
1670713,IT,FI,PAPER,DAIRY,0.16,41875.321,4,4,41875.317,0.0,0.0,0.0,0.004,261720.75625
1641112,IT,AT,PAPER,DISTR,0.16,41873.763,4,4,41873.759,0.0,0.0,0.0,0.004,261711.01875
1651642,IT,CY,BASIC,ALUM1,0.05,41870.199,4,4,41870.196,0.0,0.0,0.0,0.003,837403.98
1776619,IT,TR,GASDI,ALUM1,0.06,41868.253,4,4,41868.25,0.0,0.0,0.0,0.003,697804.216667
1644680,IT,BE,BEVER,GASDI,0.18,41865.56,4,4,41865.557,0.0,0.0,0.0,0.003,232586.444444
1646690,IT,BE,FURNI,HOTEL,0.13,41863.258,4,4,41863.254,0.0,0.0,0.0,0.004,322025.061538
1742237,IT,US,CERAM,RADIO,0.07,41862.329,4,4,41862.327,0.0,0.0,0.0,0.002,598033.271429
1717219,IT,NL,SUPPO,RAILW,0.3,41857.877,4,4,41857.875,0.0,0.0,0.0,0.002,139526.256667
1729685,IT,SE,FABRI,EDUCA,0.17,41856.978,4,4,41856.975,0.0,0.0,0.0,0.003,246217.517647
1714165,IT,MT,POSTT,WHOLE,0.69,41850.374,4,4,41850.371,0.0,0.0,0.0,0.003,60652.715942
1646205,IT,BE,ALUM1,SALEM,0.07,41847.301,4,4,41847.298,0.0,0.0,0.0,0.003,597818.585714
1725892,IT,RO,HEAVY,ELEC6,0.07,41846.218,4,4,41846.215,0.0,0.0,0.0,0.003,597803.114286
1652335,IT,CZ,BEVER,RECRE,0.18,41845.397,4,4,41845.394,0.0,0.0,0.0,0.003,232474.427778
1791488,IT,WA,WHOLE,BUSIN,0.36,41844.74,4,4,41844.738,0.0,0.0,0.0,0.002,116235.388889
1804739,IT,WF,NAPHT,POULT,0.07,41843.187,4,4,41843.184,0.0,0.0,0.0,0.003,597759.814286
1723246,IT,PT,GLASS,MEATP,0.11,41842.983,4,4,41842.981,0.0,0.0,0.0,0.002,380390.754545
1668972,IT,ES,AIRTR,COLLE,0.05,41842.114,3,3,41842.114,0.0,0.0,0.0,0.0,836842.28
1745004,IT,US,PUBLI,MEAT1,0.69,41841.216,4,4,41841.213,0.0,0.0,0.0,0.003,60639.443478
1752547,IT,CA,FOOD5,MEMBE,0.2,41835.495,4,4,41835.491,0.0,0.0,0.0,0.004,209177.475
1769968,IT,AU,TRANS,MOTO1,0.25,41835.343,4,4,41835.341,0.0,0.0,0.0,0.002,167341.372
1806037,IT,WF,COPP1,RETAI,0.11,41833.653,4,4,41833.651,0.0,0.0,0.0,0.002,380305.936364
1780523,IT,TW,POSTT,FINAN,0.69,41832.956,4,4,41832.953,0.0,0.0,0.0,0.003,60627.472464
1800683,IT,WE,CERAM,RECRE,0.07,41828.487,4,4,41828.485,0.0,0.0,0.0,0.002,597549.814286
1748747,IT,CN,BEVER,RAILW,0.18,41824.291,4,4,41824.288,0.0,0.0,0.0,0.003,232357.172222
1677478,IT,FR,AUXIL,FOOD5,0.76,41823.597,4,4,41823.595,0.0,0.0,0.0,0.002,55031.048684
1713634,IT,MT,PREC1,BUSIN,0.07,41823.134,4,4,41823.132,0.0,0.0,0.0,0.002,597473.342857
1724286,IT,PT,LANDT,MACHI,0.27,41822.525,4,4,41822.523,0.0,0.0,0.0,0.002,154898.240741
1686148,IT,HU,RUBBE,PAPE4,0.14,41818.748,4,4,41818.744,0.0,0.0,0.0,0.004,298705.342857
1709709,IT,LT,CHEM1,TEXTI,0.09,41817.414,4,4,41817.409,0.0,0.0,0.0,0.005,464637.933333
1690373,IT,IE,WASTE,LIQUE,0.13,41817.326,4,4,41817.324,0.0,0.0,0.0,0.002,321671.738462
1659969,IT,DE,SEACO,LUBRI,0.04,41815.574,3,3,41815.574,0.0,0.0,0.0,0.0,1045389.35
1724850,IT,PT,BUSIN,FISH5,0.43,41813.79,4,4,41813.787,0.0,0.0,0.0,0.003,97241.372093
1646762,IT,BE,CONST,RETA1,0.23,41813.265,4,4,41813.263,0.0,0.0,0.0,0.002,181796.804348
1678532,IT,GR,VEGET,POULT,0.15,41809.446,4,4,41809.444,0.0,0.0,0.0,0.002,278729.64
1670963,IT,FI,CHEM1,TRAN1,0.09,41808.859,4,4,41808.854,0.0,0.0,0.0,0.005,464542.877778
1730418,IT,SE,POSTT,RUBBE,0.69,41806.911,4,4,41806.908,0.0,0.0,0.0,0.003,60589.726087
1679311,IT,GR,HEAVY,HEALT,0.07,41804.707,4,4,41804.704,0.0,0.0,0.0,0.003,597210.1
1785925,IT,ZA,RUBBE,VEGE1,0.14,41802.659,4,4,41802.655,0.0,0.0,0.0,0.004,298590.421429
1663327,IT,DK,AIRTR,SEACO,0.05,41802.615,3,3,41802.615,0.0,0.0,0.0,0.0,836052.3
1653755,IT,CZ,COPP1,ELECT,0.11,41801.95,4,4,41801.948,0.0,0.0,0.0,0.002,380017.727273
1813827,IT,WM,RAILW,PUBLI,0.28,41801.746,4,4,41801.744,0.0,0.0,0.0,0.002,149291.95
1679575,IT,GR,RUBBE,ALUM1,0.14,41800.933,4,4,41800.929,0.0,0.0,0.0,0.004,298578.092857
1679283,IT,GR,HEAVY,MEAT4,0.07,41800.619,4,4,41800.616,0.0,0.0,0.0,0.003,597151.7
1737467,IT,GB,LEATH,CONST,0.3,41796.52,4,4,41796.513,0.0,0.0,0.0,0.007,139321.733333
1808187,IT,WF,OILHA,CONST,0.24,41795.111,4,4,41795.109,0.0,0.0,0.0,0.002,174146.295833
1729232,IT,SE,CERAM,RETA1,0.07,41795.048,4,4,41795.046,0.0,0.0,0.0,0.002,597072.114286
1658725,IT,DE,OFFIC,SALEM,0.13,41788.126,4,4,41788.123,0.0,0.0,0.0,0.003,321447.123077
1688267,IT,IE,CROPS,BEVER,0.33,41785.721,4,4,41785.719,0.0,0.0,0.0,0.002,126623.39697
1710952,IT,LU,RUBBE,WHOLE,0.14,41779.54,4,4,41779.536,0.0,0.0,0.0,0.004,298425.285714
1721083,IT,PL,HOTEL,FINAN,0.3,41779.137,4,4,41779.134,0.0,0.0,0.0,0.003,139263.79
1645903,IT,BE,CERAM,CHEMI,0.07,41778.853,4,4,41778.851,0.0,0.0,0.0,0.002,596840.757143
1749645,IT,CN,CHEM1,AVIAT,0.09,41777.304,4,4,41777.299,0.0,0.0,0.0,0.005,464192.266667
1730777,IT,SE,BUSIN,BIODI,0.43,41776.398,4,4,41776.395,0.0,0.0,0.0,0.003,97154.413953
1784242,IT,ID,CHEM1,FORES,0.09,41772.721,4,4,41772.716,0.0,0.0,0.0,0.005,464141.344444
1686453,IT,HU,BASIC,HEALT,0.05,41769.508,4,4,41769.505,0.0,0.0,0.0,0.003,835390.16
1678491,IT,FR,RECRE,RESEA,0.53,41767.566,4,4,41767.563,0.0,0.0,0.0,0.003,78806.728302
1657983,IT,DE,BASIC,OILHA,0.05,41766.103,4,4,41766.1,0.0,0.0,0.0,0.003,835322.06
1767070,IT,RU,FURNI,LIQUE,0.13,41765.831,4,4,41765.827,0.0,0.0,0.0,0.004,321275.623077
1791958,IT,WA,SEACO,GLASS,0.04,41764.454,3,3,41764.454,0.0,0.0,0.0,0.0,1044111.35
1684893,IT,HU,SANDC,WHOLE,0.1,41762.608,4,4,41753.608,0.0,0.0,9.0,0.0,417626.08
1716908,IT,NL,HOTEL,HEALT,0.3,41762.141,4,4,41762.138,0.0,0.0,0.0,0.003,139207.136667
1753235,IT,CA,CERAM,TRANS,0.07,41759.044,4,4,41759.042,0.0,0.0,0.0,0.002,596557.771429
1665084,IT,ES,VEGE1,MEAT4,0.13,41755.248,4,4,41755.239,0.0,0.0,0.0,0.009,321194.215385
1788939,IT,WA,HEAVY,WOODW,0.07,41754.336,4,4,41754.333,0.0,0.0,0.0,0.003,596490.514286
1664488,IT,EE,MOTO1,COPP1,0.22,41753.134,4,4,41753.131,0.0,0.0,0.0,0.003,189786.972727
1728268,IT,SE,BEVER,VEGE1,0.18,41752.157,4,4,41752.154,0.0,0.0,0.0,0.003,231956.427778
1690456,IT,IE,PAPE4,WOODW,0.28,41749.03,4,4,41749.028,0.0,0.0,0.0,0.002,149103.678571
1660123,IT,DE,AIRTR,PAPE1,0.05,41748.787,3,3,41748.787,0.0,0.0,0.0,0.0,834975.74
1660079,IT,DE,AIRTR,COPP1,0.05,41745.653,3,3,41745.653,0.0,0.0,0.0,0.0,834913.06
1813962,IT,WM,SEACO,COPPE,0.04,41745.015,3,3,41745.015,0.0,0.0,0.0,0.0,1043625.375
1653733,IT,CZ,COPP1,NONSP,0.11,41740.541,4,4,41740.539,0.0,0.0,0.0,0.002,379459.463636
1717173,IT,NL,AIRTR,AUXIL,0.05,41739.785,3,3,41739.785,0.0,0.0,0.0,0.0,834795.7
1684272,IT,HR,AIRTR,BEVER,0.05,41738.012,3,3,41738.012,0.0,0.0,0.0,0.0,834760.24
1652011,IT,CZ,VEGET,PFERT,0.15,41737.518,4,4,41737.516,0.0,0.0,0.0,0.002,278250.12
1754703,IT,KR,VEGE1,BIODI,0.13,41737.325,4,4,41737.316,0.0,0.0,0.0,0.009,321056.346154
1640470,IT,AT,DAIRY,BEVER,0.17,41735.277,4,4,41735.274,0.0,0.0,0.0,0.003,245501.629412
1670757,IT,FI,PAPER,RENTI,0.16,41735.048,4,4,41735.044,0.0,0.0,0.0,0.004,260844.05
1784120,IT,ID,PULP5,BITUM,0.13,41735.039,4,4,41735.035,0.0,0.0,0.0,0.004,321038.761538
1716039,IT,NL,NONME,MACHI,0.08,41734.75,4,4,41734.745,0.0,0.0,0.0,0.005,521684.375
1721005,IT,PL,HOTEL,FORES,0.3,41732.177,4,4,41732.174,0.0,0.0,0.0,0.003,139107.256667
1673827,IT,FR,PRINT,CHEM1,0.4,41728.474,4,4,41728.471,0.0,0.0,0.0,0.003,104321.185
1643489,IT,AT,LANDT,PUBLI,0.27,41727.69,4,4,41727.688,0.0,0.0,0.0,0.002,154547.0
1792750,IT,WA,BUSIN,NONF1,0.43,41726.81,4,4,41726.807,0.0,0.0,0.0,0.003,97039.093023
1733228,IT,SI,MACHI,SECO9,0.23,41726.406,4,4,41726.403,0.0,0.0,0.0,0.003,181419.156522
1769034,IT,AU,PRINT,BUSIN,0.4,41725.989,4,4,41725.986,0.0,0.0,0.0,0.003,104314.9725
1787114,IT,ZA,BUSIN,RETA1,0.43,41724.782,4,4,41724.779,0.0,0.0,0.0,0.003,97034.376744
1673693,IT,FR,PAPER,VEGE1,0.16,41722.672,4,4,41722.668,0.0,0.0,0.0,0.004,260766.7
1715483,IT,NL,KEROS,REALE,0.06,41717.375,4,4,41717.372,0.0,0.0,0.0,0.003,695289.583333
1650727,IT,BG,HOTEL,FABRI,0.3,41717.068,4,4,41717.065,0.0,0.0,0.0,0.003,139056.893333
1803601,IT,WF,FOOD5,FORES,0.2,41714.691,4,4,41714.687,0.0,0.0,0.0,0.004,208573.455
1745367,IT,JP,VEGE1,ELECT,0.13,41714.561,4,4,41714.552,0.0,0.0,0.0,0.009,320881.238462
1666134,IT,ES,GASDI,MEDIC,0.06,41712.501,4,4,41712.498,0.0,0.0,0.0,0.003,695208.35
1750223,IT,CN,LEAD1,ELEC3,0.07,41710.444,4,4,41710.44,0.0,0.0,0.0,0.004,595863.485714
1759572,IT,BR,COMPU,ELECT,0.48,41709.542,4,4,41709.539,0.0,0.0,0.0,0.003,86894.879167
1679498,IT,GR,CHEM1,SALEM,0.09,41708.776,4,4,41708.771,0.0,0.0,0.0,0.005,463430.844444
1744265,IT,US,POSTT,AIRTR,0.69,41708.108,4,4,41708.105,0.0,0.0,0.0,0.003,60446.533333
1654302,IT,CZ,ELEC2,CEMEN,0.01,41706.347,4,4,41706.343,0.0,0.0,0.0,0.004,4170634.7
1659611,IT,DE,HOTEL,ALUM1,0.3,41706.292,4,4,41706.289,0.0,0.0,0.0,0.003,139020.973333
1743852,IT,US,SEACO,COKIN,0.04,41704.842,3,3,41704.842,0.0,0.0,0.0,0.0,1042621.05
1719793,IT,PL,BASIC,REFI1,0.05,41703.528,4,4,41703.525,0.0,0.0,0.0,0.003,834070.56
1763277,IT,MX,PAPER,TEXTI,0.16,41702.202,4,4,41702.198,0.0,0.0,0.0,0.004,260638.7625
1731768,IT,SI,PAPER,MEATP,0.16,41699.475,4,4,41699.471,0.0,0.0,0.0,0.004,260621.71875
1752999,IT,CA,CHEM1,REFI1,0.09,41695.657,4,4,41695.652,0.0,0.0,0.0,0.005,463285.077778
1654653,IT,CZ,LANDT,PLAST,0.27,41695.354,4,4,41695.352,0.0,0.0,0.0,0.002,154427.237037
1743906,IT,US,SEACO,DIST1,0.04,41694.089,3,3,41694.089,0.0,0.0,0.0,0.0,1042352.225
1641463,IT,AT,GASDI,POSTT,0.06,41692.717,4,4,41692.714,0.0,0.0,0.0,0.003,694878.616667
1769145,IT,AU,CHEM1,KEROS,0.09,41690.834,4,4,41690.829,0.0,0.0,0.0,0.005,463231.488889
1714300,IT,MT,PUBLI,SEACO,0.68,41690.828,4,4,41690.825,0.0,0.0,0.0,0.003,61310.041176
1814121,IT,WM,AIRTR,RADIO,0.05,41686.369,3,3,41686.369,0.0,0.0,0.0,0.0,833727.38
1774481,IT,CH,LANDT,CEMEN,0.27,41686.204,4,4,41686.202,0.0,0.0,0.0,0.002,154393.348148
1713176,IT,MT,TEXTI,HOTEL,0.25,41685.264,4,4,41685.258,0.0,0.0,0.0,0.006,166741.056
1731921,IT,SI,MOTOR,RUBBE,0.06,41684.673,4,4,41684.67,0.0,0.0,0.0,0.003,694744.55
1797188,IT,WL,POSTT,RECRE,0.69,41683.909,4,4,41683.906,0.0,0.0,0.0,0.003,60411.462319
1804662,IT,WF,HEAVY,MEMBE,0.07,41682.69,4,4,41682.687,0.0,0.0,0.0,0.003,595467.0
1679780,IT,GR,PREC1,PREC1,0.07,41679.647,4,4,41679.645,0.0,0.0,0.0,0.002,595423.528571
1679121,IT,GR,PAPER,CERAM,0.16,41678.158,4,4,41678.154,0.0,0.0,0.0,0.004,260488.4875
1765712,IT,RU,PAPER,LANDT,0.16,41677.447,4,4,41677.443,0.0,0.0,0.0,0.004,260484.04375
1650029,IT,BG,MACHI,KEROS,0.23,41673.897,4,4,41673.894,0.0,0.0,0.0,0.003,181190.856522
1783741,IT,NO,FOOD4,INERT,0.3,41672.992,4,4,41672.989,0.0,0.0,0.0,0.003,138909.973333
1689134,IT,IE,SALEM,LEAD1,0.34,41670.644,4,4,41670.641,0.0,0.0,0.0,0.003,122560.717647
1684225,IT,HR,SEACO,TEXTI,0.04,41669.776,3,3,41669.776,0.0,0.0,0.0,0.0,1041744.4
1687133,IT,HU,TRANS,PUBLI,0.25,41667.8,4,4,41667.798,0.0,0.0,0.0,0.002,166671.2
1673154,IT,FR,BEVER,GASDI,0.18,41666.602,4,4,41666.599,0.0,0.0,0.0,0.003,231481.122222
1779240,IT,TR,POSTT,RECRE,0.69,41666.089,4,4,41666.086,0.0,0.0,0.0,0.003,60385.636232
1733263,IT,SI,MACHI,INTER,0.23,41665.726,4,4,41665.723,0.0,0.0,0.0,0.003,181155.330435
1645821,IT,BE,RUBBE,PAPE4,0.14,41664.636,4,4,41664.632,0.0,0.0,0.0,0.004,297604.542857
1667203,IT,ES,PREC1,PULP5,0.07,41661.887,4,4,41661.885,0.0,0.0,0.0,0.002,595169.814286
1714886,IT,NL,BEVER,LEATH,0.18,41657.341,4,4,41657.338,0.0,0.0,0.0,0.003,231429.672222
1742664,IT,US,COPP1,COMPU,0.11,41653.025,4,4,41653.023,0.0,0.0,0.0,0.002,378663.863636
1684039,IT,HR,HOTEL,TEXTI,0.3,41648.33,4,4,41648.327,0.0,0.0,0.0,0.003,138827.766667
1748357,IT,CN,OILSE,BITUM,0.03,41648.001,4,4,41647.999,0.0,0.0,0.0,0.002,1388266.7
1656055,IT,DE,BEVER,MOTOR,0.18,41646.186,4,4,41646.183,0.0,0.0,0.0,0.003,231367.7
1670476,IT,FI,BEVER,FISH5,0.18,41644.942,4,4,41644.939,0.0,0.0,0.0,0.003,231360.788889
1735468,IT,SK,BASIC,RETAI,0.05,41644.414,4,4,41644.411,0.0,0.0,0.0,0.003,832888.28
1652149,IT,CZ,MEAT4,FINAN,0.23,41642.786,4,4,41642.783,0.0,0.0,0.0,0.003,181055.591304
1795912,IT,WL,MOTO1,PADDY,0.22,41639.641,4,4,41639.638,0.0,0.0,0.0,0.003,189271.095455
1763595,IT,MX,CHEM1,RAILW,0.09,41639.189,4,4,41639.184,0.0,0.0,0.0,0.005,462657.655556
1728487,IT,SE,WOODW,NONFE,0.12,41636.048,4,4,41636.045,0.0,0.0,0.0,0.003,346967.066667
1756213,IT,KR,MACHI,SECO9,0.23,41636.012,4,4,41636.009,0.0,0.0,0.0,0.003,181026.13913
1785753,IT,ZA,PLAST,CHARC,0.09,41635.152,4,4,41635.148,0.0,0.0,0.0,0.004,462612.8
1713382,IT,MT,LIQUE,FABRI,0.07,41634.295,4,4,41634.292,0.0,0.0,0.0,0.003,594775.642857
1722853,IT,PT,PRINT,RUBBE,0.4,41634.178,4,4,41634.175,0.0,0.0,0.0,0.003,104085.445
1719971,IT,PL,PREC1,PAPE4,0.07,41632.572,4,4,41632.57,0.0,0.0,0.0,0.002,594751.028571
1742780,IT,US,FABRI,ELEC1,0.17,41630.879,4,4,41630.876,0.0,0.0,0.0,0.003,244887.523529
1645871,IT,BE,GLASS,OFFIC,0.11,41630.212,4,4,41630.21,0.0,0.0,0.0,0.002,378456.472727
1799090,IT,WE,WEARI,MEATA,0.31,41622.623,4,4,41622.615,0.0,0.0,0.0,0.008,134266.525806
1668450,IT,ES,RETA1,BUSIN,0.43,41621.847,4,4,41621.844,0.0,0.0,0.0,0.003,96794.993023
1665803,IT,ES,PAPER,WASTE,0.16,41621.376,4,4,41621.372,0.0,0.0,0.0,0.004,260133.6
1718705,IT,PL,WOODW,BUSIN,0.12,41621.057,4,4,41621.054,0.0,0.0,0.0,0.003,346842.141667
1659532,IT,DE,RETA1,INLAN,0.43,41619.939,4,4,41619.936,0.0,0.0,0.0,0.003,96790.555814
1688906,IT,IE,COPP1,WHOLE,0.11,41617.714,4,4,41617.712,0.0,0.0,0.0,0.002,378342.854545
1787300,IT,WA,CROPS,POULT,0.33,41617.707,4,4,41617.705,0.0,0.0,0.0,0.002,126114.263636
1796424,IT,WL,WHOLE,DISTR,0.36,41616.69,4,4,41616.688,0.0,0.0,0.0,0.002,115601.916667
1649926,IT,BG,FABRI,PFERT,0.17,41615.569,4,4,41615.566,0.0,0.0,0.0,0.003,244797.464706
1641399,IT,AT,KERO1,PLAST,0.06,41615.544,4,4,41615.541,0.0,0.0,0.0,0.003,693592.4
1673933,IT,FR,MOTOR,REALE,0.06,41615.41,4,4,41615.407,0.0,0.0,0.0,0.003,693590.166667
1784849,IT,ID,SEACO,FABRI,0.04,41615.374,3,3,41615.374,0.0,0.0,0.0,0.0,1040384.35
1719078,IT,PL,PARAF,RETA1,0.07,41614.586,4,4,41614.583,0.0,0.0,0.0,0.003,594494.085714
1669391,IT,ES,INSUR,LEATH,0.86,41614.553,4,4,41614.551,0.0,0.0,0.0,0.002,48389.015116
1767477,IT,RU,SEACO,TOBAC,0.04,41614.154,3,3,41614.154,0.0,0.0,0.0,0.0,1040353.85
1769366,IT,AU,CERAM,CATTL,0.06,41610.573,4,4,41610.571,0.0,0.0,0.0,0.002,693509.55
1647431,IT,BE,AIRTR,DIST1,0.05,41610.289,3,3,41610.289,0.0,0.0,0.0,0.0,832205.78
1688487,IT,IE,LEATH,CHEM1,0.3,41607.279,4,4,41607.272,0.0,0.0,0.0,0.007,138690.93
1729105,IT,SE,RUBBE,FOOD2,0.14,41607.265,4,4,41607.261,0.0,0.0,0.0,0.004,297194.75
1669275,IT,ES,FINAN,TEXTI,0.54,41607.012,3,3,41607.012,0.0,0.0,0.0,0.0,77050.022222
1796080,IT,WL,TRANS,GASDI,0.25,41606.07,4,4,41606.068,0.0,0.0,0.0,0.002,166424.28
1775990,IT,TR,FISH5,HOTEL,0.17,41604.31,4,4,41604.289,0.0,0.0,0.0,0.021,244731.235294
1805132,IT,WF,PFERT,IRONO,0.02,41603.945,4,4,41603.938,0.0,0.0,0.0,0.007,2080197.25
1796910,IT,WL,AIRTR,SUGAR,0.05,41603.226,3,3,41603.226,0.0,0.0,0.0,0.0,832064.52
1644761,IT,BE,FISH5,CHEM1,0.17,41603.217,4,4,41603.196,0.0,0.0,0.0,0.021,244724.805882
1807079,IT,WF,SEACO,PFERT,0.04,41601.603,3,3,41601.603,0.0,0.0,0.0,0.0,1040040.075
1712220,IT,LV,PAPER,RUBBE,0.16,41597.96,4,4,41597.956,0.0,0.0,0.0,0.004,259987.25
1640924,IT,AT,LEATH,RECRE,0.3,41595.139,4,4,41595.132,0.0,0.0,0.0,0.007,138650.463333
1667023,IT,ES,NONME,CHEMI,0.08,41587.627,4,4,41587.622,0.0,0.0,0.0,0.005,519845.3375
1771090,IT,CH,NATUR,TRAN2,0.06,41586.219,4,4,41586.216,0.0,0.0,0.0,0.003,693103.65
1681544,IT,GR,BUSIN,MACHI,0.43,41581.268,4,4,41581.265,0.0,0.0,0.0,0.003,96700.623256
1774607,IT,CH,SEACO,RAILW,0.04,41578.32,3,3,41578.32,0.0,0.0,0.0,0.0,1039458.0
1801832,IT,WE,ELEC7,FOOD5,0.03,41572.298,3,3,41572.298,0.0,0.0,0.0,0.0,1385743.266667
1746149,IT,JP,PLAST,LEATH,0.09,41572.184,4,4,41572.18,0.0,0.0,0.0,0.004,461913.155556
1652553,IT,CZ,LEATH,CROPS,0.3,41570.766,4,4,41570.759,0.0,0.0,0.0,0.007,138569.22
1773271,IT,CH,FABRI,FOOD2,0.17,41569.524,4,4,41569.521,0.0,0.0,0.0,0.003,244526.611765
1652849,IT,CZ,PRINT,RESEA,0.4,41567.951,4,4,41567.948,0.0,0.0,0.0,0.003,103919.8775
1719252,IT,PL,CHEM1,MOTOR,0.09,41565.863,4,4,41565.858,0.0,0.0,0.0,0.005,461842.922222
1738490,IT,GB,COPP1,RAILW,0.11,41565.49,4,4,41565.488,0.0,0.0,0.0,0.002,377868.090909
1734427,IT,SK,OILSE,VEGE1,0.03,41563.798,4,4,41563.796,0.0,0.0,0.0,0.002,1385459.933333
1672839,IT,FR,MEAT4,HEALT,0.23,41561.996,4,4,41561.993,0.0,0.0,0.0,0.003,180704.330435
1682744,IT,HR,GASDI,POSTT,0.06,41560.216,4,4,41560.213,0.0,0.0,0.0,0.003,692670.266667
1757198,IT,BR,MEAT4,FABRI,0.23,41559.629,4,4,41559.626,0.0,0.0,0.0,0.003,180694.03913
1643014,IT,AT,CONST,FABRI,0.23,41559.614,4,4,41559.612,0.0,0.0,0.0,0.002,180693.973913
1768376,IT,AU,MEAT4,EDUCA,0.23,41558.766,4,4,41558.763,0.0,0.0,0.0,0.003,180690.286957
1809773,IT,WM,FOOD5,WEARI,0.2,41558.627,4,4,41558.623,0.0,0.0,0.0,0.004,207793.135
1643041,IT,AT,CONST,RESEA,0.23,41555.106,4,4,41555.104,0.0,0.0,0.0,0.002,180674.373913
1793189,IT,WA,93197,HOTEL,0.28,41553.022,4,4,41553.018,0.0,0.0,0.0,0.004,148403.65
1661469,IT,DK,PROCE,FOOD5,0.28,41550.862,4,4,41550.859,0.0,0.0,0.0,0.003,148395.935714
1665248,IT,ES,BEVER,MEATC,0.18,41549.783,4,4,41549.78,0.0,0.0,0.0,0.003,230832.127778
1764639,IT,MX,RETA1,RUBBE,0.43,41549.11,4,4,41549.107,0.0,0.0,0.0,0.003,96625.837209
1813327,IT,WM,FURNI,MEATA,0.13,41546.264,4,4,41546.26,0.0,0.0,0.0,0.004,319586.646154
1656097,IT,DE,BEVER,SUPPO,0.18,41544.903,4,4,41544.9,0.0,0.0,0.0,0.003,230805.016667
1689140,IT,IE,SALEM,TRANS,0.34,41544.491,4,4,41544.488,0.0,0.0,0.0,0.003,122189.679412
1802570,IT,WE,FINAN,CONST,0.54,41542.487,3,3,41542.487,0.0,0.0,0.0,0.0,76930.531481
1663929,IT,EE,WOODW,PAPER,0.12,41542.457,4,4,41542.454,0.0,0.0,0.0,0.003,346187.141667
1768838,IT,AU,LEATH,TRANS,0.3,41541.804,4,4,41541.797,0.0,0.0,0.0,0.007,138472.68
1753718,IT,CA,TRANS,SEACO,0.25,41539.838,4,4,41539.836,0.0,0.0,0.0,0.002,166159.352
1807254,IT,WF,SUPPO,POSTT,0.3,41539.415,4,4,41539.413,0.0,0.0,0.0,0.002,138464.716667
1752356,IT,CA,MEAT4,NONSP,0.23,41536.604,4,4,41536.601,0.0,0.0,0.0,0.003,180593.930435
1717437,IT,NL,INSUR,RENTI,0.86,41535.36,4,4,41535.358,0.0,0.0,0.0,0.002,48296.930233
1737364,IT,GB,BEVER,93197,0.18,41533.96,4,4,41533.957,0.0,0.0,0.0,0.003,230744.222222
1746611,IT,JP,ALUM1,CHEM1,0.07,41532.362,4,4,41532.359,0.0,0.0,0.0,0.003,593319.457143
1641751,IT,AT,CHEM1,MEAT1,0.09,41530.549,4,4,41530.544,0.0,0.0,0.0,0.005,461450.544444
1756188,IT,KR,MACHI,ADDIT,0.23,41529.629,4,4,41529.626,0.0,0.0,0.0,0.003,180563.604348
1783594,IT,NO,FOOD2,WHOLE,0.24,41523.374,4,4,41523.371,0.0,0.0,0.0,0.003,173014.058333
1664677,IT,EE,TRAN2,TRAN2,0.06,41522.456,3,3,41522.456,0.0,0.0,0.0,0.0,692040.933333
1721434,IT,PL,AIRTR,MOTOR,0.05,41515.953,3,3,41515.953,0.0,0.0,0.0,0.0,830319.06
1782098,IT,NO,GLASS,HEALT,0.11,41508.835,4,4,41508.833,0.0,0.0,0.0,0.002,377353.045455
1750643,IT,CN,MOTO1,MEATA,0.22,41505.316,4,4,41505.313,0.0,0.0,0.0,0.003,188660.527273
1657045,IT,DE,PARAF,PLAST,0.07,41503.926,4,4,41503.923,0.0,0.0,0.0,0.003,592913.228571
1745818,IT,JP,LEATH,CATTL,0.3,41499.715,4,4,41499.708,0.0,0.0,0.0,0.007,138332.383333
1741968,IT,US,CHEM1,FOODW,0.09,41498.617,4,4,41498.612,0.0,0.0,0.0,0.005,461095.744444
1644783,IT,BE,TOBAC,TOBAC,0.16,41498.428,4,4,41498.425,0.0,0.0,0.0,0.003,259365.175
1683325,IT,HR,NONME,PAPER,0.08,41497.705,4,4,41497.7,0.0,0.0,0.0,0.005,518721.3125
1807114,IT,WF,SEACO,93197,0.04,41495.057,3,3,41495.057,0.0,0.0,0.0,0.0,1037376.425
1712499,IT,LV,FABRI,FOOD5,0.17,41494.855,4,4,41494.852,0.0,0.0,0.0,0.003,244087.382353
1798898,IT,WE,BEVER,AUXIL,0.18,41492.792,4,4,41492.789,0.0,0.0,0.0,0.003,230515.511111
1735833,IT,SK,MACHI,LANDT,0.23,41491.203,4,4,41491.2,0.0,0.0,0.0,0.003,180396.534783
1774542,IT,CH,TRAN2,PUBLI,0.06,41490.305,3,3,41490.305,0.0,0.0,0.0,0.0,691505.083333
1662979,IT,DK,HOTEL,NATUR,0.3,41490.056,4,4,41490.053,0.0,0.0,0.0,0.003,138300.186667
1774044,IT,CH,RETAI,SUPPO,0.33,41489.204,4,4,41489.201,0.0,0.0,0.0,0.003,125724.860606
1649403,IT,BG,CHEM1,LEATH,0.09,41485.86,4,4,41485.855,0.0,0.0,0.0,0.005,460954.0
1673307,IT,FR,TEXTI,FISH5,0.25,41484.42,4,4,41484.414,0.0,0.0,0.0,0.006,165937.68
1752817,IT,CA,PAPER,CEMEN,0.16,41484.066,4,4,41484.062,0.0,0.0,0.0,0.004,259275.4125
1766643,IT,RU,FABRI,CERAM,0.17,41480.692,4,4,41480.689,0.0,0.0,0.0,0.003,244004.070588
1676359,IT,FR,WHOLE,MEATP,0.36,41479.305,4,4,41479.303,0.0,0.0,0.0,0.002,115220.291667
1808302,IT,WF,FOOD2,INSUR,0.24,41477.611,4,4,41477.608,0.0,0.0,0.0,0.003,172823.379167
1673528,IT,FR,LEATH,FOUND,0.3,41476.557,4,4,41476.55,0.0,0.0,0.0,0.007,138255.19
1803230,IT,WF,CATTL,COPPE,0.09,41474.022,5,5,41473.019,0.0,1.0,0.0,0.003,460822.466667
1746000,IT,JP,PAPER,WOODW,0.16,41473.599,4,4,41473.595,0.0,0.0,0.0,0.004,259209.99375
1670885,IT,FI,PLAST,TRANS,0.09,41473.039,4,4,41473.035,0.0,0.0,0.0,0.004,460811.544444
1676427,IT,FR,WHOLE,MEMBE,0.36,41470.65,4,4,41470.648,0.0,0.0,0.0,0.002,115196.25
1679374,IT,GR,PLAST,ELECT,0.09,41468.211,4,4,41468.207,0.0,0.0,0.0,0.004,460757.9
1760360,IT,IN,CHEMI,FABRI,0.1,41461.098,5,5,41459.094,0.0,0.0,2.0,0.004,414610.98
1645509,IT,BE,PLAST,BIODI,0.09,41460.909,4,4,41460.905,0.0,0.0,0.0,0.004,460676.766667
1660791,IT,DE,COMPU,MOTOR,0.47,41460.207,4,4,41460.204,0.0,0.0,0.0,0.003,88213.206383
1710447,IT,LT,LANDT,HEAVY,0.27,41458.523,4,4,41458.521,0.0,0.0,0.0,0.002,153550.085185
1666993,IT,ES,CEMEN,BITU1,0.07,41449.906,4,4,41449.904,0.0,0.0,0.0,0.002,592141.514286
1769107,IT,AU,PLAST,93197,0.09,41447.948,4,4,41447.944,0.0,0.0,0.0,0.004,460532.755556
1647983,IT,BE,RENTI,COMPU,0.25,41446.336,4,4,41446.334,0.0,0.0,0.0,0.002,165785.344
1769795,IT,AU,MACHI,ELEC8,0.23,41446.143,4,4,41446.14,0.0,0.0,0.0,0.003,180200.621739
1664952,IT,ES,SANDC,PAPER,0.1,41444.918,4,4,41435.918,0.0,0.0,9.0,0.0,414449.18
1709775,IT,LT,RUBBE,DAIRY,0.14,41444.452,4,4,41444.448,0.0,0.0,0.0,0.004,296031.8
1749082,IT,CN,WOODW,FISHF,0.12,41441.96,4,4,41441.957,0.0,0.0,0.0,0.003,345349.666667
1712395,IT,LV,CERAM,TEXTI,0.06,41440.569,4,4,41440.567,0.0,0.0,0.0,0.002,690676.15
1795513,IT,WL,ALUM1,PFERT,0.07,41440.528,4,4,41440.525,0.0,0.0,0.0,0.003,592007.542857
1649593,IT,BG,GLASS,CROPS,0.11,41438.253,4,4,41438.251,0.0,0.0,0.0,0.002,376711.390909
1751717,IT,CN,INSUR,ELEC3,0.85,41437.706,4,4,41437.704,0.0,0.0,0.0,0.002,48750.242353
1719712,IT,PL,NONME,OFFIC,0.08,41435.962,4,4,41435.957,0.0,0.0,0.0,0.005,517949.525
1737290,IT,GB,FOOD5,COMPU,0.2,41434.579,4,4,41434.575,0.0,0.0,0.0,0.004,207172.895
1655145,IT,CZ,BUSIN,PFERT,0.43,41433.004,4,4,41433.001,0.0,0.0,0.0,0.003,96355.823256
1714596,IT,NL,SANDC,CEMEN,0.1,41432.746,4,4,41423.746,0.0,0.0,9.0,0.0,414327.46
1724494,IT,PT,SUPPO,PUBLI,0.3,41431.203,4,4,41431.201,0.0,0.0,0.0,0.002,138104.01
1719796,IT,PL,BASIC,LUBRI,0.05,41429.255,4,4,41429.252,0.0,0.0,0.0,0.003,828585.1
1785361,IT,ZA,WOODW,FURNI,0.12,41425.805,4,4,41425.802,0.0,0.0,0.0,0.003,345215.041667
1726056,IT,RO,RUBBE,CEREA,0.14,41418.067,4,4,41418.063,0.0,0.0,0.0,0.004,295843.335714
1667485,IT,ES,FABRI,PROCE,0.17,41417.197,4,4,41417.194,0.0,0.0,0.0,0.003,243630.570588
1809525,IT,WM,MEAT4,INSUR,0.23,41416.865,4,4,41416.862,0.0,0.0,0.0,0.003,180073.326087
1754727,IT,KR,DAIRY,MEATC,0.17,41413.033,4,4,41413.03,0.0,0.0,0.0,0.003,243606.076471
1721161,IT,PL,RAILW,WHOLE,0.28,41411.874,4,4,41411.872,0.0,0.0,0.0,0.002,147899.55
1676686,IT,FR,RAILW,BIOGA,0.28,41408.566,4,4,41408.564,0.0,0.0,0.0,0.002,147887.735714
1798957,IT,WE,TOBAC,CROPS,0.16,41408.24,4,4,41408.237,0.0,0.0,0.0,0.003,258801.5
1789665,IT,WA,RUBBE,MACHI,0.14,41406.668,4,4,41406.664,0.0,0.0,0.0,0.004,295761.914286
1732644,IT,SI,GLASS,LANDT,0.11,41405.054,4,4,41405.052,0.0,0.0,0.0,0.002,376409.581818
1731376,IT,SI,FOOD5,PIGS9,0.2,41404.372,4,4,41404.368,0.0,0.0,0.0,0.004,207021.86
1797422,IT,WL,COMPU,SALEM,0.47,41403.963,4,4,41403.96,0.0,0.0,0.0,0.003,88093.538298
1783779,IT,NO,PAPE4,FOOD2,0.27,41401.845,4,4,41401.843,0.0,0.0,0.0,0.002,153340.166667
1786142,IT,ZA,BASIC,OFFIC,0.05,41401.09,4,4,41401.087,0.0,0.0,0.0,0.003,828021.8
1673136,IT,FR,BEVER,MEATP,0.18,41397.788,4,4,41397.785,0.0,0.0,0.0,0.003,229987.711111
1741584,IT,US,GASDI,ELEC5,0.06,41397.348,4,4,41397.345,0.0,0.0,0.0,0.003,689955.8
1778599,IT,TR,RETA1,MEMBE,0.43,41397.209,4,4,41397.206,0.0,0.0,0.0,0.003,96272.57907
1648854,IT,BG,TEXTI,PRINT,0.25,41396.03,4,4,41396.025,0.0,0.0,0.0,0.005,165584.12
1722324,IT,PT,OILSE,HOTEL,0.03,41395.528,4,4,41395.526,0.0,0.0,0.0,0.002,1379850.933333
1752646,IT,CA,TEXTI,SUPPO,0.25,41391.246,4,4,41391.241,0.0,0.0,0.0,0.005,165564.984
1746017,IT,JP,PAPER,OFFIC,0.16,41390.903,4,4,41390.899,0.0,0.0,0.0,0.004,258693.14375
1794013,IT,WL,WOODW,AUXIL,0.12,41385.593,4,4,41385.59,0.0,0.0,0.0,0.003,344879.941667
1795726,IT,WL,MACHI,MEATA,0.23,41385.483,4,4,41385.48,0.0,0.0,0.0,0.003,179936.882609
1641934,IT,AT,RUBBE,CATTL,0.14,41381.201,4,4,41381.197,0.0,0.0,0.0,0.004,295580.007143
1790077,IT,WA,BASIC,STONE,0.05,41378.92,4,4,41378.917,0.0,0.0,0.0,0.003,827578.4
1643310,IT,AT,RAILW,BEVER,0.28,41378.597,4,4,41378.595,0.0,0.0,0.0,0.002,147780.703571
1715186,IT,NL,WOODW,PAPER,0.12,41378.419,4,4,41378.416,0.0,0.0,0.0,0.003,344820.158333
1709292,IT,LT,VEGET,VEGET,0.15,41377.995,4,4,41377.993,0.0,0.0,0.0,0.002,275853.3
1643556,IT,AT,SEACO,ALUM1,0.04,41377.896,3,3,41377.896,0.0,0.0,0.0,0.0,1034447.4
1802429,IT,WE,AIRTR,HOTEL,0.05,41377.717,3,3,41377.717,0.0,0.0,0.0,0.0,827554.34
1710689,IT,LU,PROCE,FABRI,0.28,41377.256,4,4,41377.253,0.0,0.0,0.0,0.003,147775.914286
1804316,IT,WF,MOTOR,LEAD1,0.06,41375.575,4,4,41375.572,0.0,0.0,0.0,0.003,689592.916667
1643629,IT,AT,AIRTR,MEDIC,0.05,41372.807,3,3,41372.807,0.0,0.0,0.0,0.0,827456.14
1647757,IT,BE,INSUR,RESEA,0.85,41372.112,4,4,41372.11,0.0,0.0,0.0,0.002,48673.072941
1721426,IT,PL,AIRTR,BEVER,0.05,41370.88,3,3,41370.88,0.0,0.0,0.0,0.0,827417.6
1775971,IT,TR,BEVER,CONST,0.18,41368.19,4,4,41368.187,0.0,0.0,0.0,0.003,229823.277778
1766069,IT,RU,RUBBE,OILSE,0.14,41367.323,4,4,41367.319,0.0,0.0,0.0,0.004,295480.878571
1758965,IT,BR,LANDT,VEGET,0.27,41366.859,4,4,41366.857,0.0,0.0,0.0,0.002,153210.588889
1666651,IT,ES,CHEM1,WOOD2,0.09,41366.448,4,4,41366.443,0.0,0.0,0.0,0.005,459627.2
1721485,IT,PL,SUPPO,BITUM,0.3,41366.017,4,4,41366.015,0.0,0.0,0.0,0.002,137886.723333
1804016,IT,WF,WOODW,COPPE,0.12,41362.546,4,4,41362.543,0.0,0.0,0.0,0.003,344687.883333
1729118,IT,SE,GLASS,RAWMI,0.11,41361.795,4,4,41361.793,0.0,0.0,0.0,0.002,376016.318182
1746234,IT,JP,CHEM1,REFI1,0.09,41361.274,4,4,41361.269,0.0,0.0,0.0,0.005,459569.711111
1722140,IT,PL,BUSIN,COLLE,0.42,41361.044,4,4,41361.041,0.0,0.0,0.0,0.003,98478.67619
1730875,IT,SE,FOODW,HOTEL,0.31,41359.504,4,4,41359.501,0.0,0.0,0.0,0.003,133417.754839
1737051,IT,GB,SANDC,BASIC,0.09,41358.312,4,4,41349.312,0.0,0.0,9.0,0.0,459536.8
1804155,IT,WF,PAPER,MEDIC,0.16,41356.729,4,4,41356.725,0.0,0.0,0.0,0.004,258479.55625
1710234,IT,LT,OFFIC,COMPU,0.13,41354.958,4,4,41354.955,0.0,0.0,0.0,0.003,318115.061538
1741869,IT,US,CHEM1,MEATC,0.09,41354.849,4,4,41354.844,0.0,0.0,0.0,0.005,459498.322222
1664062,IT,EE,CHEM1,PRINT,0.09,41353.011,4,4,41353.006,0.0,0.0,0.0,0.005,459477.9
1647222,IT,BE,LANDT,KERO1,0.27,41350.837,4,4,41350.835,0.0,0.0,0.0,0.002,153151.248148
1733163,IT,SI,FABRI,EDUCA,0.17,41349.921,4,4,41349.918,0.0,0.0,0.0,0.003,243234.829412
1713461,IT,MT,CHEM1,WHOLE,0.09,41349.652,4,4,41349.647,0.0,0.0,0.0,0.005,459440.577778
1683173,IT,HR,GLASS,PRINT,0.11,41348.126,4,4,41348.124,0.0,0.0,0.0,0.002,375892.054545
1782918,IT,NO,SEACO,EDUCA,0.04,41347.994,3,3,41347.994,0.0,0.0,0.0,0.0,1033699.85
1642007,IT,AT,RUBBE,STEAM,0.14,41347.213,4,4,41347.209,0.0,0.0,0.0,0.004,295337.235714
1746004,IT,JP,PAPER,PLAST,0.16,41345.461,4,4,41345.457,0.0,0.0,0.0,0.004,258409.13125
1814365,IT,WM,FINAN,HEALT,0.54,41340.695,3,3,41340.695,0.0,0.0,0.0,0.0,76556.842593
1766363,IT,RU,BASIC,FORES,0.05,41338.837,4,4,41338.834,0.0,0.0,0.0,0.003,826776.74
1685255,IT,HU,TEXTI,ALUM1,0.24,41338.305,4,4,41338.3,0.0,0.0,0.0,0.005,172242.9375
1710097,IT,LT,FABRI,WHOLE,0.17,41334.975,4,4,41334.972,0.0,0.0,0.0,0.003,243146.911765
1764275,IT,MX,MACHI,RETAI,0.23,41332.595,4,4,41332.592,0.0,0.0,0.0,0.003,179706.934783
1785930,IT,ZA,RUBBE,FISH5,0.14,41329.049,4,4,41329.045,0.0,0.0,0.0,0.004,295207.492857
1668567,IT,ES,HOTEL,AIRTR,0.3,41326.244,4,4,41326.241,0.0,0.0,0.0,0.003,137754.146667
1648048,IT,BE,COMPU,DISTR,0.47,41324.031,4,4,41324.028,0.0,0.0,0.0,0.003,87923.470213
1642082,IT,AT,GLASS,PREC1,0.11,41322.347,4,4,41322.345,0.0,0.0,0.0,0.002,375657.7
1726671,IT,RO,TRANS,RUBBE,0.25,41322.281,4,4,41322.279,0.0,0.0,0.0,0.002,165289.124
1811291,IT,WM,BITU1,LUBRI,0.07,41320.611,4,4,41320.608,0.0,0.0,0.0,0.003,590294.442857
1668758,IT,ES,LANDT,ELEC4,0.27,41320.23,4,4,41320.228,0.0,0.0,0.0,0.002,153037.888889
1748368,IT,CN,OILSE,MEDIC,0.03,41319.616,4,4,41319.614,0.0,0.0,0.0,0.002,1377320.533333
1805425,IT,WF,GLASS,MEATA,0.11,41319.215,4,4,41319.213,0.0,0.0,0.0,0.002,375629.227273
1742742,IT,US,FABRI,KEROS,0.17,41318.185,4,4,41318.182,0.0,0.0,0.0,0.003,243048.147059
1679781,IT,GR,PREC1,ALUM1,0.07,41315.234,4,4,41315.232,0.0,0.0,0.0,0.002,590217.628571
1674357,IT,FR,CHEM1,NFERT,0.09,41314.995,4,4,41314.99,0.0,0.0,0.0,0.005,459055.5
1777711,IT,TR,COPP1,DISTR,0.1,41312.182,4,4,41312.18,0.0,0.0,0.0,0.002,413121.82
1660396,IT,DE,FINAN,TRAN1,0.54,41309.337,3,3,41309.337,0.0,0.0,0.0,0.0,76498.772222
1685637,IT,HU,KEROS,PAPER,0.06,41308.372,4,4,41308.369,0.0,0.0,0.0,0.003,688472.866667
1806010,IT,WF,COPP1,RUBBE,0.1,41305.383,4,4,41305.381,0.0,0.0,0.0,0.002,413053.83
1807577,IT,WF,COMPU,CONST,0.47,41302.587,4,4,41302.584,0.0,0.0,0.0,0.003,87877.844681
1724448,IT,PT,AIRTR,REALE,0.04,41301.533,3,3,41301.533,0.0,0.0,0.0,0.0,1032538.325
1751008,IT,CN,WHOLE,FISH5,0.36,41300.412,4,4,41300.41,0.0,0.0,0.0,0.002,114723.366667
1656512,IT,DE,PAPER,BASIC,0.16,41300.174,4,4,41300.17,0.0,0.0,0.0,0.004,258126.0875
1663164,IT,DK,LANDT,BRICK,0.27,41300.141,4,4,41300.139,0.0,0.0,0.0,0.002,152963.485185
1664834,IT,ES,OILSE,HEALT,0.03,41298.694,4,4,41298.692,0.0,0.0,0.0,0.002,1376623.133333
1710886,IT,LU,MOTOR,RAILW,0.06,41298.097,4,4,41298.094,0.0,0.0,0.0,0.003,688301.616667
1743438,IT,US,WHOLE,VEGET,0.36,41297.637,4,4,41297.635,0.0,0.0,0.0,0.002,114715.658333
1793155,IT,WA,93197,MEAT4,0.28,41297.06,4,4,41297.056,0.0,0.0,0.0,0.004,147489.5
1688880,IT,IE,ALUM1,FABRI,0.07,41295.747,4,4,41295.744,0.0,0.0,0.0,0.003,589939.242857
1798692,IT,WE,DAIRY,PRECI,0.17,41295.536,4,4,41295.533,0.0,0.0,0.0,0.003,242914.917647
1649496,IT,BG,RUBBE,FORES,0.14,41295.043,4,4,41295.039,0.0,0.0,0.0,0.004,294964.592857
1739516,IT,GB,LANDT,AUXIL,0.27,41292.487,4,4,41292.485,0.0,0.0,0.0,0.002,152935.137037
1714456,IT,NL,FORES,RUBBE,0.36,41292.437,4,4,41276.437,0.0,16.0,0.0,0.0,114701.213889
1642134,IT,AT,CERAM,MOTOR,0.06,41292.033,4,4,41292.031,0.0,0.0,0.0,0.002,688200.55
1776712,IT,TR,HEAVY,BUSIN,0.07,41290.065,4,4,41290.062,0.0,0.0,0.0,0.003,589858.071429
1646277,IT,BE,COPP1,BIODI,0.1,41287.461,4,4,41287.459,0.0,0.0,0.0,0.002,412874.61
1649086,IT,BG,PAPER,KEROS,0.16,41286.869,4,4,41286.865,0.0,0.0,0.0,0.004,258042.93125
1739101,IT,GB,WHOLE,PFERT,0.36,41284.513,4,4,41284.511,0.0,0.0,0.0,0.002,114679.202778
1745014,IT,US,PUBLI,WEARI,0.68,41282.797,4,4,41282.794,0.0,0.0,0.0,0.003,60709.995588
1760263,IT,IN,VEGET,BEVER,0.15,41282.645,4,4,41282.643,0.0,0.0,0.0,0.002,275217.633333
1778674,IT,TR,HOTEL,POSTT,0.3,41280.604,4,4,41280.601,0.0,0.0,0.0,0.003,137602.013333
1684843,IT,HU,CRUDE,KEROS,0.08,41280.188,4,4,41280.184,0.0,0.0,0.0,0.004,516002.35
1721901,IT,PL,RENTI,FABRI,0.25,41278.12,4,4,41278.118,0.0,0.0,0.0,0.002,165112.48
1802675,IT,WE,RENTI,LANDT,0.25,41276.067,4,4,41276.065,0.0,0.0,0.0,0.002,165104.268
1711484,IT,LU,AIRTR,RENTI,0.04,41275.28,3,3,41275.28,0.0,0.0,0.0,0.0,1031882.0
1649778,IT,BG,BASIC,HOTEL,0.05,41274.829,4,4,41274.826,0.0,0.0,0.0,0.003,825496.58
1776322,IT,TR,PAPER,MEDIC,0.16,41273.493,4,4,41273.489,0.0,0.0,0.0,0.004,257959.33125
1797684,IT,WL,PLAS1,FOOD5,0.15,41270.715,4,4,41270.712,0.0,0.0,0.0,0.003,275138.1
1664297,IT,EE,ALUM1,CONST,0.07,41270.147,4,4,41270.144,0.0,0.0,0.0,0.003,589573.528571
1663978,IT,EE,PAPER,WHOLE,0.16,41269.205,4,4,41269.201,0.0,0.0,0.0,0.004,257932.53125
1772936,IT,CH,PREC1,LIQUE,0.07,41268.782,4,4,41268.78,0.0,0.0,0.0,0.002,589554.028571
1679588,IT,GR,RUBBE,ELEC5,0.14,41265.463,4,4,41265.459,0.0,0.0,0.0,0.004,294753.307143
1685041,IT,HU,DAIRY,MOTO1,0.17,41263.26,4,4,41263.257,0.0,0.0,0.0,0.003,242725.058824
1807144,IT,WF,AIRTR,FISH5,0.04,41261.309,3,3,41261.309,0.0,0.0,0.0,0.0,1031532.725
1801496,IT,WE,MOTO1,ELECT,0.22,41260.389,4,4,41260.386,0.0,0.0,0.0,0.003,187547.222727
1648255,IT,BE,BUSIN,PAPE1,0.42,41259.257,4,4,41259.254,0.0,0.0,0.0,0.003,98236.32619
1813507,IT,WM,RETAI,GASDI,0.32,41258.931,4,4,41258.928,0.0,0.0,0.0,0.003,128934.159375
1766370,IT,RU,BASIC,VEGE1,0.05,41258.788,4,4,41258.785,0.0,0.0,0.0,0.003,825175.76
1687455,IT,HU,RAILW,OFFIC,0.28,41253.76,4,4,41253.758,0.0,0.0,0.0,0.002,147334.857143
1683402,IT,HR,BASIC,CERAM,0.05,41252.384,4,4,41252.381,0.0,0.0,0.0,0.003,825047.68
1809210,IT,WM,ANIMA,HOTEL,0.16,41248.917,4,4,41248.915,0.0,0.0,0.0,0.002,257805.73125
1663155,IT,DK,LANDT,PULP5,0.27,41248.489,4,4,41248.487,0.0,0.0,0.0,0.002,152772.181481
1671325,IT,FI,ALUM1,RADIO,0.07,41247.932,4,4,41247.929,0.0,0.0,0.0,0.003,589256.171429
1647929,IT,BE,REALE,REALE,1.74,41247.779,4,4,41247.776,0.0,0.0,0.0,0.003,23705.620115
1776662,IT,TR,HEAVY,TEXTI,0.07,41247.346,4,4,41247.343,0.0,0.0,0.0,0.003,589247.8
1645907,IT,BE,CERAM,MEAT4,0.06,41247.05,4,4,41247.048,0.0,0.0,0.0,0.002,687450.833333
1732254,IT,SI,LIQUE,OFFIC,0.07,41240.605,4,4,41240.602,0.0,0.0,0.0,0.003,589151.5
1736815,IT,SK,COMPU,COMPU,0.47,41239.747,4,4,41239.744,0.0,0.0,0.0,0.003,87744.142553
1645011,IT,BE,PULP5,PLAST,0.13,41233.64,4,4,41233.636,0.0,0.0,0.0,0.004,317181.846154
1683033,IT,HR,CHEM1,LANDT,0.09,41232.004,4,4,41231.999,0.0,0.0,0.0,0.005,458133.377778
1753499,IT,CA,FABRI,93197,0.17,41229.909,4,4,41229.906,0.0,0.0,0.0,0.003,242528.876471
1755071,IT,KR,WEARI,REALE,0.31,41227.671,4,4,41227.663,0.0,0.0,0.0,0.008,132992.487097
1794759,IT,WL,PLAST,CROPS,0.09,41227.639,4,4,41227.635,0.0,0.0,0.0,0.004,458084.877778
1772138,IT,CH,MOTOR,MEMBE,0.06,41226.332,4,4,41226.329,0.0,0.0,0.0,0.003,687105.533333
1656095,IT,DE,BEVER,INLAN,0.18,41225.851,4,4,41225.848,0.0,0.0,0.0,0.003,229032.505556
1668402,IT,ES,RETA1,CEMEN,0.43,41225.324,4,4,41225.321,0.0,0.0,0.0,0.003,95872.846512
1715100,IT,NL,WEARI,POSTT,0.31,41225.176,4,4,41225.168,0.0,0.0,0.0,0.008,132984.43871
1713769,IT,MT,MOTO1,PRINT,0.22,41225.138,4,4,41225.135,0.0,0.0,0.0,0.003,187386.990909
1686206,IT,HU,GLASS,TRANS,0.11,41216.227,4,4,41216.225,0.0,0.0,0.0,0.002,374692.972727
1645089,IT,BE,PAPER,CONST,0.16,41215.425,4,4,41215.421,0.0,0.0,0.0,0.004,257596.40625
1764437,IT,MX,FURNI,CHEM1,0.13,41215.346,4,4,41215.342,0.0,0.0,0.0,0.004,317041.123077
1670751,IT,FI,PAPER,SUPPO,0.16,41214.973,4,4,41214.969,0.0,0.0,0.0,0.004,257593.58125
1646910,IT,BE,WHOLE,PREC1,0.36,41214.79,4,4,41214.788,0.0,0.0,0.0,0.002,114485.527778
1713037,IT,MT,MEAT1,REALE,0.19,41213.953,4,4,41213.948,0.0,0.0,0.0,0.005,216915.542105
1803127,IT,WF,VEGET,CEMEN,0.15,41213.161,4,4,41213.159,0.0,0.0,0.0,0.002,274754.406667
1710977,IT,LU,GLASS,SALEM,0.11,41208.069,4,4,41208.067,0.0,0.0,0.0,0.002,374618.809091
1806548,IT,WF,FURNI,MOTO1,0.13,41207.227,4,4,41207.223,0.0,0.0,0.0,0.004,316978.669231
1655746,IT,DE,MEATC,REALE,0.14,41206.723,5,5,41205.72,0.0,1.0,0.0,0.003,294333.735714
1764745,IT,MX,HOTEL,TRAN1,0.3,41202.962,4,4,41202.959,0.0,0.0,0.0,0.003,137343.206667
1663920,IT,EE,LEATH,BUSIN,0.3,41199.769,4,4,41199.762,0.0,0.0,0.0,0.007,137332.563333
1712620,IT,LV,OFFIC,REALE,0.13,41196.978,4,4,41196.975,0.0,0.0,0.0,0.003,316899.830769
1711035,IT,LU,BASIC,TEXTI,0.05,41196.47,4,4,41196.467,0.0,0.0,0.0,0.003,823929.4
1785809,IT,ZA,CHEM1,LEATH,0.09,41195.772,4,4,41195.768,0.0,0.0,0.0,0.004,457730.8
1657335,IT,DE,ADDIT,BUSIN,0.1,41195.257,4,4,41195.254,0.0,0.0,0.0,0.003,411952.57
1730112,IT,SE,HOTEL,OFFIC,0.3,41194.335,4,4,41194.332,0.0,0.0,0.0,0.003,137314.45
1746364,IT,JP,RUBBE,MOTOR,0.14,41192.874,4,4,41192.87,0.0,0.0,0.0,0.004,294234.814286
1665088,IT,ES,VEGE1,SUGA1,0.13,41192.045,4,4,41192.036,0.0,0.0,0.0,0.009,316861.884615
1716486,IT,NL,OFFIC,FURNI,0.13,41189.83,4,4,41189.827,0.0,0.0,0.0,0.003,316844.846154
1764199,IT,MX,MACHI,DAIRY,0.23,41189.178,4,4,41189.175,0.0,0.0,0.0,0.003,179083.382609
1796829,IT,WL,SEACO,NATUR,0.04,41188.659,3,3,41188.659,0.0,0.0,0.0,0.0,1029716.475
1689135,IT,IE,SALEM,NONF1,0.33,41187.595,4,4,41187.592,0.0,0.0,0.0,0.003,124810.893939
1808348,IT,WF,FOOD3,RAILW,0.12,41187.527,4,4,41187.525,0.0,0.0,0.0,0.002,343229.391667
1766064,IT,RU,ADDIT,COLLE,0.1,41186.84,4,4,41186.837,0.0,0.0,0.0,0.003,411868.4
1789541,IT,WA,ADDIT,REALE,0.1,41184.805,4,4,41184.802,0.0,0.0,0.0,0.003,411848.05
1646053,IT,BE,BASIC,FOOD5,0.05,41184.58,4,4,41184.577,0.0,0.0,0.0,0.003,823691.6
1648621,IT,BG,MEAT4,WHOLE,0.23,41184.168,4,4,41184.165,0.0,0.0,0.0,0.003,179061.6
1728252,IT,SE,BEVER,CROPS,0.18,41183.092,4,4,41183.089,0.0,0.0,0.0,0.003,228794.955556
1728082,IT,SE,MEAT4,HOTEL,0.23,41181.833,4,4,41181.83,0.0,0.0,0.0,0.003,179051.447826
1648667,IT,BG,DAIRY,BUSIN,0.17,41180.931,4,4,41180.928,0.0,0.0,0.0,0.003,242240.770588
1731940,IT,SI,MOTOR,RETAI,0.06,41179.92,4,4,41179.917,0.0,0.0,0.0,0.003,686332.0
1788845,IT,WA,GASDI,VEGE1,0.06,41179.601,4,4,41179.598,0.0,0.0,0.0,0.003,686326.683333
1798240,IT,WE,VEGET,RETAI,0.15,41179.541,4,4,41179.539,0.0,0.0,0.0,0.002,274530.273333
1791020,IT,WA,MOTO1,EDUCA,0.22,41177.76,4,4,41177.757,0.0,0.0,0.0,0.003,187171.636364
1732826,IT,SI,BASIC,BRICK,0.05,41177.211,4,4,41177.208,0.0,0.0,0.0,0.003,823544.22
1771380,IT,CH,FOOD5,ANIMA,0.2,41174.236,4,4,41174.232,0.0,0.0,0.0,0.004,205871.18
1737868,IT,GB,PLAST,BASIC,0.09,41172.578,4,4,41172.574,0.0,0.0,0.0,0.004,457473.088889
1781816,IT,NO,BITU1,ELEC4,0.06,41172.274,4,4,41172.271,0.0,0.0,0.0,0.003,686204.566667
1689551,IT,IE,AIRTR,FISHF,0.04,41169.783,3,3,41169.783,0.0,0.0,0.0,0.0,1029244.575
1647394,IT,BE,AIRTR,BEVER,0.04,41168.504,3,3,41168.504,0.0,0.0,0.0,0.0,1029212.6
1651001,IT,BG,SUPPO,HOTEL,0.3,41165.431,4,4,41165.429,0.0,0.0,0.0,0.002,137218.103333
1683211,IT,HR,GLASS,RECRE,0.11,41164.172,4,4,41164.17,0.0,0.0,0.0,0.002,374219.745455
1649355,IT,BG,PLAST,RETA1,0.09,41161.156,4,4,41161.152,0.0,0.0,0.0,0.004,457346.177778
1716550,IT,NL,TRANS,WHOLE,0.25,41160.647,4,4,41160.645,0.0,0.0,0.0,0.002,164642.588
1747687,IT,JP,POSTT,RETA1,0.68,41159.514,4,4,41159.511,0.0,0.0,0.0,0.003,60528.697059
1791186,IT,WA,FURNI,FOOD5,0.13,41157.595,4,4,41157.591,0.0,0.0,0.0,0.004,316596.884615
1723979,IT,PT,SALEM,LANDT,0.33,41149.839,4,4,41149.836,0.0,0.0,0.0,0.003,124696.481818
1794677,IT,WL,NAPHT,ADDIT,0.07,41149.71,4,4,41149.707,0.0,0.0,0.0,0.003,587853.0
1766981,IT,RU,MOTO1,RETA1,0.22,41147.572,4,4,41147.569,0.0,0.0,0.0,0.003,187034.418182
1813152,IT,WM,MOTO1,NONME,0.22,41140.866,4,4,41140.863,0.0,0.0,0.0,0.003,187003.936364
1798260,IT,WE,VEGET,PRIVA,0.15,41138.828,4,4,41138.826,0.0,0.0,0.0,0.002,274258.853333
1674317,IT,FR,CHEM1,PLANT,0.09,41137.821,4,4,41137.817,0.0,0.0,0.0,0.004,457086.9
1753179,IT,CA,GLASS,LUBRI,0.11,41137.049,4,4,41137.047,0.0,0.0,0.0,0.002,373973.172727
1683171,IT,HR,GLASS,PULP5,0.11,41134.851,4,4,41134.849,0.0,0.0,0.0,0.002,373953.190909
1755923,IT,KR,BASIC,ELEC3,0.05,41134.012,4,4,41134.009,0.0,0.0,0.0,0.003,822680.24
1745878,IT,JP,LEATH,ELEC8,0.29,41133.944,4,4,41133.937,0.0,0.0,0.0,0.007,141841.186207
1805435,IT,WF,GLASS,LEADZ,0.11,41132.877,4,4,41132.875,0.0,0.0,0.0,0.002,373935.245455
1802489,IT,WE,SUPPO,HEALT,0.3,41132.041,4,4,41132.039,0.0,0.0,0.0,0.002,137106.803333
1774198,IT,CH,RETA1,LEATH,0.43,41131.359,4,4,41131.356,0.0,0.0,0.0,0.003,95654.323256
1757895,IT,BR,CHEM1,PREC1,0.09,41130.382,4,4,41130.378,0.0,0.0,0.0,0.004,457004.244444
1735048,IT,SK,CHEM1,POULT,0.09,41130.38,4,4,41130.376,0.0,0.0,0.0,0.004,457004.222222
1811570,IT,WM,PFERT,93197,0.02,41129.996,4,4,41129.989,0.0,0.0,0.0,0.007,2056499.8
1720073,IT,PL,ALUM1,PUBLI,0.07,41128.246,4,4,41128.243,0.0,0.0,0.0,0.003,587546.371429
1644231,IT,BE,OILSE,RADIO,0.03,41126.122,4,4,41126.12,0.0,0.0,0.0,0.002,1370870.733333
1771880,IT,CH,WOODW,MEMBE,0.12,41124.719,4,4,41124.716,0.0,0.0,0.0,0.003,342705.991667
1731498,IT,SI,BEVER,RECRE,0.17,41120.303,4,4,41120.3,0.0,0.0,0.0,0.003,241884.135294
1727844,IT,RO,BUSIN,INSUR,0.42,41119.276,4,4,41119.273,0.0,0.0,0.0,0.003,97903.038095
1687547,IT,HU,LANDT,TRANS,0.27,41118.915,4,4,41118.913,0.0,0.0,0.0,0.002,152292.277778
1810252,IT,WM,LEATH,CERAM,0.29,41107.446,4,4,41107.439,0.0,0.0,0.0,0.007,141749.813793
1725518,IT,RO,LEATH,PAPER,0.29,41106.631,4,4,41106.624,0.0,0.0,0.0,0.007,141747.003448
1646256,IT,BE,LEAD1,FURNI,0.07,41106.626,4,4,41106.623,0.0,0.0,0.0,0.003,587237.514286
1778297,IT,TR,SALEM,CEMEN,0.33,41101.945,4,4,41101.942,0.0,0.0,0.0,0.003,124551.348485
1773177,IT,CH,FABRI,FORES,0.17,41091.889,4,4,41091.886,0.0,0.0,0.0,0.003,241716.994118
1662997,IT,DK,HOTEL,PAPER,0.3,41091.696,4,4,41091.693,0.0,0.0,0.0,0.003,136972.32
1811194,IT,WM,NAPHT,HOTEL,0.07,41088.426,4,4,41088.423,0.0,0.0,0.0,0.003,586977.514286
1685488,IT,HU,PAPER,POULT,0.16,41086.925,4,4,41086.921,0.0,0.0,0.0,0.004,256793.28125
1709556,IT,LT,WOODW,CONST,0.11,41086.877,4,4,41086.874,0.0,0.0,0.0,0.003,373517.063636
1661986,IT,DK,PETRO,TRANS,0.07,41086.512,4,4,41086.509,0.0,0.0,0.0,0.003,586950.171429
1769036,IT,AU,PRINT,EDUCA,0.39,41082.049,4,4,41082.046,0.0,0.0,0.0,0.003,105338.587179
1807842,IT,WF,PAPE1,CRUDE,0.29,41081.148,4,4,41081.145,0.0,0.0,0.0,0.003,141659.131034
1720672,IT,PL,MOTO1,RETAI,0.22,41079.877,4,4,41079.874,0.0,0.0,0.0,0.003,186726.713636
1801330,IT,WE,MACHI,CHARC,0.23,41079.718,4,4,41079.715,0.0,0.0,0.0,0.003,178607.469565
1770612,IT,AU,POSTT,BUSIN,0.68,41078.479,4,4,41078.476,0.0,0.0,0.0,0.003,60409.527941
1646587,IT,BE,MOTO1,PREC1,0.22,41072.537,4,4,41072.534,0.0,0.0,0.0,0.003,186693.35
1720548,IT,PL,OFFIC,BASIC,0.13,41072.178,4,4,41072.175,0.0,0.0,0.0,0.003,315939.830769
1792088,IT,WA,AIRTR,TRANS,0.04,41071.08,3,3,41071.08,0.0,0.0,0.0,0.0,1026777.0
1715507,IT,NL,GASDI,POULT,0.06,41069.927,4,4,41069.924,0.0,0.0,0.0,0.003,684498.783333
1783658,IT,NO,WASTE,CRUDE,0.13,41067.266,4,4,41067.264,0.0,0.0,0.0,0.002,315902.046154
1718317,IT,PL,FOOD5,REALE,0.2,41067.057,4,4,41067.053,0.0,0.0,0.0,0.004,205335.285
1788125,IT,WA,WEARI,FOOD5,0.31,41061.203,4,4,41061.195,0.0,0.0,0.0,0.008,132455.493548
1716633,IT,NL,SALEM,MEMBE,0.33,41061.08,4,4,41061.077,0.0,0.0,0.0,0.003,124427.515152
1760556,IT,IN,LEATH,FABRI,0.29,41059.887,4,4,41059.88,0.0,0.0,0.0,0.007,141585.817241
1753694,IT,CA,MOTO1,BUSIN,0.22,41059.412,4,4,41059.409,0.0,0.0,0.0,0.003,186633.690909
1655269,IT,DE,WHEAT,SUGA1,0.03,41056.467,3,3,41056.467,0.0,0.0,0.0,0.0,1368548.9
1654281,IT,CZ,FURNI,BUSIN,0.13,41056.295,4,4,41056.291,0.0,0.0,0.0,0.004,315817.653846
1675056,IT,FR,ALUM1,ADDIT,0.07,41052.613,4,4,41052.61,0.0,0.0,0.0,0.003,586465.9
1756315,IT,KR,MOTO1,DISTR,0.22,41052.372,4,4,41052.369,0.0,0.0,0.0,0.003,186601.690909
1711254,IT,LU,OFFIC,AIRTR,0.13,41051.716,4,4,41051.713,0.0,0.0,0.0,0.003,315782.430769
1668395,IT,ES,RETA1,PLAST,0.43,41051.651,4,4,41051.648,0.0,0.0,0.0,0.003,95468.955814
1809743,IT,WM,FOOD5,CROPS,0.2,41051.451,4,4,41051.447,0.0,0.0,0.0,0.004,205257.255
1742121,IT,US,RUBBE,RETAI,0.14,41048.71,4,4,41048.706,0.0,0.0,0.0,0.004,293205.071429
1683867,IT,HR,MOTO1,BUSIN,0.22,41047.489,4,4,41047.486,0.0,0.0,0.0,0.003,186579.495455
1689773,IT,IE,INSUR,RAWMI,0.85,41047.105,4,4,41047.103,0.0,0.0,0.0,0.002,48290.711765
1643161,IT,AT,RETA1,INSUR,0.43,41046.577,4,4,41046.574,0.0,0.0,0.0,0.003,95457.155814
1739871,IT,GB,FINAN,FURNI,0.53,41043.68,3,3,41043.68,0.0,0.0,0.0,0.0,77440.90566
1748585,IT,CN,VEGE1,ELECT,0.13,41042.338,4,4,41042.329,0.0,0.0,0.0,0.009,315710.292308
1758807,IT,BR,RETA1,WHOLE,0.43,41042.282,4,4,41042.279,0.0,0.0,0.0,0.003,95447.167442
1666392,IT,ES,NAPHT,MACHI,0.07,41040.998,4,4,41040.995,0.0,0.0,0.0,0.003,586299.971429
1765564,IT,RU,LEATH,ELEC2,0.29,41039.668,4,4,41039.661,0.0,0.0,0.0,0.007,141516.096552
1641143,IT,AT,PAPER,INTER,0.16,41033.406,4,4,41033.402,0.0,0.0,0.0,0.004,256458.7875
1734821,IT,SK,PULP5,BUSIN,0.13,41033.09,4,4,41033.086,0.0,0.0,0.0,0.004,315639.153846
1788183,IT,WA,WEARI,AIRTR,0.31,41028.919,4,4,41028.911,0.0,0.0,0.0,0.008,132351.351613
1812443,IT,WM,PREC1,CHARC,0.07,41028.467,4,4,41028.465,0.0,0.0,0.0,0.002,586120.957143
1665570,IT,ES,LEATH,CONST,0.29,41027.106,4,4,41027.099,0.0,0.0,0.0,0.007,141472.77931
1723731,IT,PT,MACHI,AIRTR,0.23,41026.878,4,4,41026.875,0.0,0.0,0.0,0.003,178377.730435
1665624,IT,ES,WOODW,CHEM1,0.11,41022.01,4,4,41022.007,0.0,0.0,0.0,0.003,372927.363636
1663733,IT,EE,DAIRY,HOTEL,0.17,41016.943,4,4,41016.94,0.0,0.0,0.0,0.003,241276.135294
1645927,IT,BE,CERAM,RUBBE,0.06,41014.651,4,4,41014.649,0.0,0.0,0.0,0.002,683577.516667
1722822,IT,PT,PAPER,REALE,0.16,41014.388,4,4,41014.384,0.0,0.0,0.0,0.004,256339.925
1672989,IT,FR,PROCE,MEAT4,0.28,41011.975,4,4,41011.972,0.0,0.0,0.0,0.003,146471.339286
1669741,IT,ES,BUSIN,MEAT4,0.42,41005.189,4,4,41005.186,0.0,0.0,0.0,0.003,97631.402381
1682896,IT,HR,NAPHT,CERAM,0.07,41003.97,4,4,41003.967,0.0,0.0,0.0,0.003,585771.0
1804267,IT,WF,MOTOR,PRECI,0.06,41002.167,4,4,41002.164,0.0,0.0,0.0,0.003,683369.45
1685359,IT,HU,LEATH,FOOD5,0.29,41001.731,4,4,41001.724,0.0,0.0,0.0,0.007,141385.27931
1759967,IT,BR,PLAS1,BUSIN,0.15,41001.534,4,4,41001.531,0.0,0.0,0.0,0.003,273343.56
1677693,IT,FR,RENTI,CEMEN,0.25,41000.191,4,4,41000.189,0.0,0.0,0.0,0.002,164000.764
1805507,IT,WF,CERAM,CHEM1,0.06,41000.123,4,4,41000.121,0.0,0.0,0.0,0.002,683335.383333
1785286,IT,ZA,WEARI,RETA1,0.31,40998.939,4,4,40998.931,0.0,0.0,0.0,0.008,132254.641935
1767555,IT,RU,AIRTR,SALEM,0.04,40998.455,3,3,40998.455,0.0,0.0,0.0,0.0,1024961.375
1810963,IT,WM,GASDI,RUBBE,0.06,40997.781,4,4,40997.778,0.0,0.0,0.0,0.003,683296.35
1804691,IT,WF,LIQUE,GLASS,0.07,40995.865,4,4,40995.862,0.0,0.0,0.0,0.003,585655.214286
1764624,IT,MX,RETA1,FISH5,0.43,40994.843,4,4,40994.84,0.0,0.0,0.0,0.003,95336.844186
1653576,IT,CZ,BASIC,PLAS1,0.05,40994.106,4,4,40994.103,0.0,0.0,0.0,0.003,819882.12
1759499,IT,BR,REALE,ALUM1,1.73,40991.322,4,4,40991.319,0.0,0.0,0.0,0.003,23694.40578
1768894,IT,AU,WOODW,CEMEN,0.11,40987.926,4,4,40987.923,0.0,0.0,0.0,0.003,372617.509091
1656001,IT,DE,FOOD5,FURNI,0.2,40987.131,4,4,40987.127,0.0,0.0,0.0,0.004,204935.655
1732189,IT,SI,GASDI,FOOD2,0.06,40982.941,4,4,40982.938,0.0,0.0,0.0,0.003,683049.016667
1713357,IT,MT,GASDI,INLAN,0.06,40982.939,4,4,40982.936,0.0,0.0,0.0,0.003,683048.983333
1753517,IT,CA,MACHI,NICKE,0.23,40981.139,4,4,40981.136,0.0,0.0,0.0,0.003,178178.865217
1643276,IT,AT,HOTEL,AUXIL,0.3,40978.361,4,4,40978.358,0.0,0.0,0.0,0.003,136594.536667
1711129,IT,LU,COPP1,MOTO1,0.1,40976.274,4,4,40976.272,0.0,0.0,0.0,0.002,409762.74
1688865,IT,IE,PREC1,FOOD5,0.07,40973.058,4,4,40973.056,0.0,0.0,0.0,0.002,585329.4
1725575,IT,RO,WOODW,BEVER,0.11,40972.488,4,4,40972.485,0.0,0.0,0.0,0.003,372477.163636
1653727,IT,CZ,COPP1,HEAVY,0.1,40970.332,4,4,40970.33,0.0,0.0,0.0,0.002,409703.32
1729775,IT,SE,MACHI,TRAN1,0.23,40970.195,4,4,40970.192,0.0,0.0,0.0,0.003,178131.282609
1657843,IT,DE,NONME,FOODW,0.08,40964.405,4,4,40964.401,0.0,0.0,0.0,0.004,512055.0625
1771648,IT,CH,WEARI,PFERT,0.31,40962.029,4,4,40962.021,0.0,0.0,0.0,0.008,132135.577419
1752268,IT,CA,FISHF,FISH5,0.07,40961.675,3,3,40961.675,0.0,0.0,0.0,0.0,585166.785714
1720503,IT,PL,MACHI,OILHA,0.23,40961.588,4,4,40961.585,0.0,0.0,0.0,0.003,178093.86087
1674643,IT,FR,GLASS,ANIMA,0.11,40960.659,4,4,40960.657,0.0,0.0,0.0,0.002,372369.627273
1723859,IT,PT,TRANS,SALEM,0.24,40959.462,4,4,40959.46,0.0,0.0,0.0,0.002,170664.425
1715473,IT,NL,KEROS,CHEM1,0.06,40957.719,4,4,40957.716,0.0,0.0,0.0,0.003,682628.65
1794614,IT,WL,HEAVY,AUXIL,0.07,40957.482,4,4,40957.479,0.0,0.0,0.0,0.003,585106.885714
1720706,IT,PL,MOTO1,MEMBE,0.22,40957.336,4,4,40957.333,0.0,0.0,0.0,0.003,186169.709091
1649849,IT,BG,ALUM1,SUPPO,0.07,40952.841,4,4,40952.838,0.0,0.0,0.0,0.003,585040.585714
1811542,IT,WM,PFERT,MEATA,0.02,40952.184,4,4,40952.177,0.0,0.0,0.0,0.007,2047609.2
1745924,IT,JP,LEATH,MEMBE,0.29,40951.403,4,4,40951.396,0.0,0.0,0.0,0.007,141211.734483
1664254,IT,EE,BASIC,PRINT,0.05,40950.929,4,4,40950.926,0.0,0.0,0.0,0.003,819018.58
1651395,IT,CY,MOTOR,INSUR,0.06,40949.504,4,4,40949.501,0.0,0.0,0.0,0.003,682491.733333
1714723,IT,NL,DAIRY,RAWMI,0.17,40949.408,4,4,40949.405,0.0,0.0,0.0,0.003,240878.870588
1713668,IT,MT,COPP1,MOTO1,0.1,40948.579,4,4,40948.577,0.0,0.0,0.0,0.002,409485.79
1798484,IT,WE,NATUR,POSTT,0.06,40947.016,4,4,40947.013,0.0,0.0,0.0,0.003,682450.266667
1788967,IT,WA,HEAVY,ALUM1,0.07,40941.843,4,4,40941.84,0.0,0.0,0.0,0.003,584883.471429
1737903,IT,GB,CHEM1,CHEMI,0.09,40941.035,4,4,40941.031,0.0,0.0,0.0,0.004,454900.388889
1646011,IT,BE,NONME,CERAM,0.08,40939.966,4,4,40939.962,0.0,0.0,0.0,0.004,511749.575
1746566,IT,JP,BASIC,MEDIC,0.05,40934.385,4,4,40934.382,0.0,0.0,0.0,0.003,818687.7
1675337,IT,FR,MACHI,PIGS9,0.23,40928.387,4,4,40928.384,0.0,0.0,0.0,0.003,177949.508696
1771240,IT,CH,VEGE1,MEDIC,0.13,40928.139,4,4,40928.13,0.0,0.0,0.0,0.009,314831.838462
1653976,IT,CZ,MACHI,COKEO,0.23,40921.366,4,4,40921.363,0.0,0.0,0.0,0.003,177918.982609
1725107,IT,RO,STONE,DIST1,0.13,40920.335,5,5,40918.333,0.0,0.0,2.0,0.002,314771.807692
1710504,IT,LT,SEACO,SUPPO,0.04,40919.762,3,3,40919.762,0.0,0.0,0.0,0.0,1022994.05
1658784,IT,DE,MOTO1,PRINT,0.22,40914.921,4,4,40914.918,0.0,0.0,0.0,0.003,185976.913636
1789248,IT,WA,PLAST,RAILW,0.09,40914.414,4,4,40914.41,0.0,0.0,0.0,0.004,454604.6
1728794,IT,SE,NAPHT,KEROS,0.07,40913.634,4,4,40913.631,0.0,0.0,0.0,0.003,584480.485714
1741141,IT,US,WEARI,FOOD3,0.31,40906.89,4,4,40906.882,0.0,0.0,0.0,0.008,131957.709677
1655694,IT,DE,CHEMI,ELEC8,0.1,40906.745,5,5,40904.741,0.0,0.0,2.0,0.004,409067.45
1644690,IT,BE,BEVER,BIODI,0.17,40906.71,4,4,40906.707,0.0,0.0,0.0,0.003,240627.705882
1810054,IT,WM,TEXTI,RUBBE,0.24,40899.201,4,4,40899.196,0.0,0.0,0.0,0.005,170413.3375
1643363,IT,AT,RAILW,SUPPO,0.27,40896.997,4,4,40896.995,0.0,0.0,0.0,0.002,151470.359259
1796003,IT,WL,MOTO1,SALEM,0.22,40896.612,4,4,40896.609,0.0,0.0,0.0,0.003,185893.690909
1791951,IT,WA,SEACO,HEAVY,0.04,40890.225,3,3,40890.225,0.0,0.0,0.0,0.0,1022255.625
1673489,IT,FR,LEATH,OILSE,0.29,40888.853,4,4,40888.846,0.0,0.0,0.0,0.007,140996.044828
1653059,IT,CZ,PLAST,LANDT,0.09,40887.641,4,4,40887.637,0.0,0.0,0.0,0.004,454307.122222
1784122,IT,ID,PULP5,CRUDE,0.12,40886.246,4,4,40886.242,0.0,0.0,0.0,0.004,340718.716667
1810676,IT,WM,MOTOR,TEXTI,0.06,40880.423,4,4,40880.42,0.0,0.0,0.0,0.003,681340.383333
1677425,IT,FR,INSUR,HOTEL,0.84,40879.847,4,4,40879.845,0.0,0.0,0.0,0.002,48666.484524
1804212,IT,WF,PRINT,CONST,0.39,40874.54,4,4,40874.537,0.0,0.0,0.0,0.003,104806.512821
1714594,IT,NL,SANDC,CHEM1,0.09,40874.309,4,4,40865.309,0.0,0.0,9.0,0.0,454158.988889
1783921,IT,ID,ANIMA,MEAT4,0.16,40871.068,4,4,40871.066,0.0,0.0,0.0,0.002,255444.175
1741403,IT,US,PRINT,MEMBE,0.39,40868.876,4,4,40868.873,0.0,0.0,0.0,0.003,104791.989744
1757212,IT,BR,VEGE1,SUGAR,0.13,40868.028,4,4,40868.019,0.0,0.0,0.0,0.009,314369.446154
1650977,IT,BG,SUPPO,PRINT,0.29,40868.0,4,4,40867.998,0.0,0.0,0.0,0.002,140924.137931
1788748,IT,WA,MOTOR,HOTEL,0.06,40866.946,4,4,40866.943,0.0,0.0,0.0,0.003,681115.766667
1783352,IT,NO,PLAS1,FISHF,0.15,40866.551,4,4,40866.548,0.0,0.0,0.0,0.003,272443.673333
1745637,IT,JP,TEXTI,PFERT,0.24,40865.493,4,4,40865.488,0.0,0.0,0.0,0.005,170272.8875
1775038,IT,CH,RENTI,TOBAC,0.24,40864.956,4,4,40864.954,0.0,0.0,0.0,0.002,170270.65
1731928,IT,SI,MOTOR,OFFIC,0.06,40864.533,4,4,40864.53,0.0,0.0,0.0,0.003,681075.55
1782518,IT,NO,OFFIC,MACHI,0.13,40864.459,4,4,40864.456,0.0,0.0,0.0,0.003,314341.992308
1798945,IT,WE,FISH5,FINAN,0.17,40862.556,4,4,40862.535,0.0,0.0,0.0,0.021,240367.976471
1641918,IT,AT,BIODI,COMPU,0.08,40861.962,4,4,40861.958,0.0,0.0,0.0,0.004,510774.525
1677183,IT,FR,POSTT,MOTO1,0.67,40856.8,4,4,40856.797,0.0,0.0,0.0,0.003,60980.298507
1782063,IT,NO,GLASS,PULP5,0.11,40852.479,4,4,40852.477,0.0,0.0,0.0,0.002,371386.172727
1803517,IT,WF,VEGE1,WEARI,0.13,40850.578,4,4,40850.569,0.0,0.0,0.0,0.009,314235.215385
1776584,IT,TR,GASDI,MEATC,0.06,40849.349,4,4,40849.346,0.0,0.0,0.0,0.003,680822.483333
1667635,IT,ES,MACHI,MOTOR,0.23,40848.246,4,4,40848.243,0.0,0.0,0.0,0.003,177601.069565
1790997,IT,WA,MOTO1,TRANS,0.22,40845.48,4,4,40845.477,0.0,0.0,0.0,0.003,185661.272727
1801069,IT,WE,COPP1,PFERT,0.1,40845.238,4,4,40845.236,0.0,0.0,0.0,0.002,408452.38
1668880,IT,ES,SEACO,CERAM,0.04,40843.409,3,3,40843.409,0.0,0.0,0.0,0.0,1021085.225
1737437,IT,GB,WEARI,EDUCA,0.31,40841.591,4,4,40841.583,0.0,0.0,0.0,0.008,131747.067742
1658501,IT,DE,FABRI,TEXT1,0.17,40840.867,4,4,40840.864,0.0,0.0,0.0,0.003,240240.394118
1757082,IT,KR,BUSIN,INLAN,0.42,40839.368,4,4,40839.365,0.0,0.0,0.0,0.003,97236.590476
1717031,IT,NL,LANDT,LEAD1,0.26,40836.02,4,4,40836.018,0.0,0.0,0.0,0.002,157061.615385
1724331,IT,PT,TRAN2,RETAI,0.06,40835.726,3,3,40835.726,0.0,0.0,0.0,0.0,680595.433333
1808820,IT,WF,WOOD2,HEALT,0.22,40834.237,4,4,40834.234,0.0,0.0,0.0,0.003,185610.168182
1728241,IT,SE,FOOD5,SEACO,0.2,40834.187,4,4,40834.183,0.0,0.0,0.0,0.004,204170.935
1661999,IT,DK,PLAST,DAIRY,0.09,40833.164,4,4,40833.16,0.0,0.0,0.0,0.004,453701.822222
1722633,IT,PT,TEXTI,TRANS,0.24,40833.039,4,4,40833.034,0.0,0.0,0.0,0.005,170137.6625
1719983,IT,PL,ALUM1,ANIMA,0.07,40829.197,4,4,40829.194,0.0,0.0,0.0,0.003,583274.242857
1742549,IT,US,PREC1,NONME,0.07,40822.252,4,4,40822.25,0.0,0.0,0.0,0.002,583175.028571
1805463,IT,WF,GLASS,ELECT,0.11,40820.501,4,4,40820.499,0.0,0.0,0.0,0.002,371095.463636
1709968,IT,LT,BASIC,PAPE4,0.05,40820.466,4,4,40820.463,0.0,0.0,0.0,0.003,816409.32
1716216,IT,NL,LEAD1,CHEMI,0.07,40818.624,4,4,40818.621,0.0,0.0,0.0,0.003,583123.2
1666071,IT,ES,GASDI,CATTL,0.06,40815.271,4,4,40815.268,0.0,0.0,0.0,0.003,680254.516667
1654640,IT,CZ,LANDT,PULP5,0.26,40812.63,4,4,40812.628,0.0,0.0,0.0,0.002,156971.653846
1681511,IT,GR,BUSIN,TEXTI,0.42,40808.9,4,4,40808.897,0.0,0.0,0.0,0.003,97164.047619
1673286,IT,FR,TEXTI,OILSE,0.24,40807.788,4,4,40807.783,0.0,0.0,0.0,0.005,170032.45
1800327,IT,WE,CHEM1,CROPS,0.09,40805.075,4,4,40805.071,0.0,0.0,0.0,0.004,453389.722222
1747346,IT,JP,RETA1,PLAST,0.43,40802.893,4,4,40802.89,0.0,0.0,0.0,0.003,94890.448837
1783508,IT,NO,OILHA,BASIC,0.23,40801.211,4,4,40801.209,0.0,0.0,0.0,0.002,177396.569565
1684084,IT,HR,HOTEL,LANDT,0.3,40799.572,4,4,40799.569,0.0,0.0,0.0,0.003,135998.573333
1779113,IT,TR,SUPPO,INLAN,0.29,40799.457,4,4,40799.455,0.0,0.0,0.0,0.002,140687.782759
1757083,IT,KR,BUSIN,AIRTR,0.42,40796.323,4,4,40796.32,0.0,0.0,0.0,0.003,97134.102381
1642512,IT,AT,COPP1,WOODW,0.1,40795.28,4,4,40795.278,0.0,0.0,0.0,0.002,407952.8
1756870,IT,KR,POSTT,RETA1,0.67,40791.304,4,4,40791.301,0.0,0.0,0.0,0.003,60882.543284
1812424,IT,WM,PREC1,WEARI,0.07,40785.919,4,4,40785.917,0.0,0.0,0.0,0.002,582655.985714
1645995,IT,BE,NONME,CHEMI,0.08,40782.848,4,4,40782.844,0.0,0.0,0.0,0.004,509785.6
1785555,IT,ZA,KEROS,RESEA,0.06,40780.927,4,4,40780.924,0.0,0.0,0.0,0.003,679682.116667
1796155,IT,WL,FURNI,FISHF,0.13,40779.726,4,4,40779.722,0.0,0.0,0.0,0.004,313690.2
1711236,IT,LU,MACHI,REALE,0.23,40779.529,4,4,40779.526,0.0,0.0,0.0,0.003,177302.3
1672337,IT,FI,RESEA,BUSIN,0.22,40778.836,4,4,40778.833,0.0,0.0,0.0,0.003,185358.345455
1658205,IT,DE,LEAD1,BIODI,0.07,40777.376,4,4,40777.373,0.0,0.0,0.0,0.003,582533.942857
1758135,IT,BR,CEMEN,NATUR,0.07,40775.637,4,4,40775.635,0.0,0.0,0.0,0.002,582509.1
1723426,IT,PT,BASIC,FOOD3,0.05,40774.777,4,4,40774.774,0.0,0.0,0.0,0.003,815495.54
1766362,IT,RU,BASIC,CROPS,0.05,40773.177,4,4,40773.174,0.0,0.0,0.0,0.003,815463.54
1803346,IT,WF,SANDC,CHEMI,0.09,40772.468,4,4,40763.468,0.0,0.0,9.0,0.0,453027.422222
1742129,IT,US,RUBBE,AIRTR,0.14,40771.551,4,4,40771.547,0.0,0.0,0.0,0.004,291225.364286
1672665,IT,FR,CRUDE,RAILW,0.08,40770.347,4,4,40770.343,0.0,0.0,0.0,0.004,509629.3375
1757883,IT,BR,CHEM1,CHEM1,0.09,40769.96,4,4,40769.956,0.0,0.0,0.0,0.004,452999.555556
1657480,IT,DE,RUBBE,FINAN,0.14,40769.125,4,4,40769.121,0.0,0.0,0.0,0.004,291208.035714
1778125,IT,TR,MOTO1,MEMBE,0.22,40768.106,4,4,40768.103,0.0,0.0,0.0,0.003,185309.572727
1651588,IT,CY,GLASS,ALUM1,0.11,40766.53,4,4,40766.528,0.0,0.0,0.0,0.002,370604.818182
1681750,IT,HR,STONE,SUPPO,0.13,40764.718,5,5,40762.716,0.0,0.0,2.0,0.002,313574.753846
1680909,IT,GR,LANDT,RETA1,0.26,40757.321,4,4,40757.319,0.0,0.0,0.0,0.002,156758.926923
1668690,IT,ES,LANDT,SANDC,0.26,40755.77,4,4,40755.768,0.0,0.0,0.0,0.002,156752.961538
1763783,IT,MX,GLASS,HEALT,0.11,40755.587,4,4,40755.585,0.0,0.0,0.0,0.002,370505.336364
1714148,IT,MT,AIRTR,HEALT,0.04,40755.294,3,3,40755.294,0.0,0.0,0.0,0.0,1018882.35
1665673,IT,ES,PULP5,PRINT,0.12,40749.767,4,4,40749.763,0.0,0.0,0.0,0.004,339581.391667
1719478,IT,PL,GLASS,WHEAT,0.11,40745.148,4,4,40745.146,0.0,0.0,0.0,0.002,370410.436364
1722017,IT,PL,COMPU,EDUCA,0.47,40744.331,4,4,40744.328,0.0,0.0,0.0,0.003,86690.065957
1670658,IT,FI,LEATH,HEALT,0.29,40743.785,4,4,40743.778,0.0,0.0,0.0,0.007,140495.810345
1746187,IT,JP,PLAST,HEALT,0.09,40742.272,4,4,40742.268,0.0,0.0,0.0,0.004,452691.911111
1738369,IT,GB,PREC1,BIOGA,0.07,40740.071,4,4,40740.069,0.0,0.0,0.0,0.002,582001.014286
1675290,IT,FR,FABRI,RAILW,0.17,40736.454,4,4,40736.451,0.0,0.0,0.0,0.003,239626.2
1812435,IT,WM,PREC1,ETHAN,0.07,40734.103,4,4,40734.101,0.0,0.0,0.0,0.002,581915.757143
1686622,IT,HU,LEAD1,BIOGA,0.07,40732.703,4,4,40732.7,0.0,0.0,0.0,0.003,581895.757143
1750851,IT,CN,FURNI,ELEC2,0.13,40730.539,4,4,40730.535,0.0,0.0,0.0,0.004,313311.838462
1758825,IT,BR,RETA1,PUBLI,0.43,40730.522,4,4,40730.519,0.0,0.0,0.0,0.003,94722.144186
1642234,IT,AT,NONME,DAIRY,0.08,40726.232,4,4,40726.228,0.0,0.0,0.0,0.004,509077.9
1686263,IT,HU,CERAM,ELEC3,0.06,40724.428,4,4,40724.426,0.0,0.0,0.0,0.002,678740.466667
1647218,IT,BE,LANDT,PRINT,0.26,40723.848,4,4,40723.846,0.0,0.0,0.0,0.002,156630.184615
1810138,IT,WM,WEARI,FOOD5,0.31,40723.167,4,4,40723.159,0.0,0.0,0.0,0.008,131365.054839
1808148,IT,WF,OILHA,CATTL,0.23,40722.82,4,4,40722.818,0.0,0.0,0.0,0.002,177055.73913
1805956,IT,WF,COPP1,CEREA,0.1,40720.757,4,4,40720.755,0.0,0.0,0.0,0.002,407207.57
1772245,IT,CH,HEAVY,OFFIC,0.07,40719.869,4,4,40719.866,0.0,0.0,0.0,0.003,581712.414286
1741781,IT,US,NONSP,REALE,0.05,40718.285,4,4,40718.283,0.0,0.0,0.0,0.002,814365.7
1669047,IT,ES,SUPPO,BIODI,0.29,40716.58,4,4,40716.578,0.0,0.0,0.0,0.002,140402.0
1799227,IT,WE,LEATH,MEAT4,0.29,40712.282,4,4,40712.275,0.0,0.0,0.0,0.007,140387.17931
1683541,IT,HR,ALUM1,SALEM,0.07,40711.389,4,4,40711.386,0.0,0.0,0.0,0.003,581591.271429
1677704,IT,FR,RENTI,MOTO1,0.24,40702.074,4,4,40702.072,0.0,0.0,0.0,0.002,169591.975
1645883,IT,BE,GLASS,HOTEL,0.11,40701.718,4,4,40701.716,0.0,0.0,0.0,0.002,370015.618182
1666492,IT,ES,PLAST,NONME,0.09,40700.029,4,4,40700.025,0.0,0.0,0.0,0.004,452222.544444
1666349,IT,ES,LIQUE,RESEA,0.07,40699.578,4,4,40699.575,0.0,0.0,0.0,0.003,581422.542857
1670895,IT,FI,PLAST,HEALT,0.09,40695.969,4,4,40695.965,0.0,0.0,0.0,0.004,452177.433333
1653400,IT,CZ,CERAM,MOTO1,0.06,40691.698,4,4,40691.696,0.0,0.0,0.0,0.002,678194.966667
1809372,IT,WM,CHEMI,PLANT,0.1,40689.567,5,5,40687.563,0.0,0.0,2.0,0.004,406895.67
1648558,IT,BG,CRUDE,GLASS,0.08,40688.57,4,4,40688.567,0.0,0.0,0.0,0.003,508607.125
1685504,IT,HU,PAPER,FISH5,0.16,40686.926,4,4,40686.922,0.0,0.0,0.0,0.004,254293.2875
1718831,IT,PL,PAPER,DISTR,0.16,40681.711,4,4,40681.707,0.0,0.0,0.0,0.004,254260.69375
1662955,IT,DK,RETA1,BUSIN,0.42,40681.478,4,4,40681.475,0.0,0.0,0.0,0.003,96860.661905
1784191,IT,ID,PAPER,BUSIN,0.16,40679.83,4,4,40679.826,0.0,0.0,0.0,0.004,254248.9375
1805779,IT,WF,PREC1,IRONO,0.07,40678.765,4,4,40678.763,0.0,0.0,0.0,0.002,581125.214286
1718022,IT,PL,CHEMI,FABRI,0.1,40677.942,5,5,40675.938,0.0,0.0,2.0,0.004,406779.42
1766506,IT,RU,ALUM1,SUPPO,0.07,40675.682,4,4,40675.679,0.0,0.0,0.0,0.003,581081.171429
1646278,IT,BE,COPP1,RUBBE,0.1,40674.963,4,4,40674.961,0.0,0.0,0.0,0.002,406749.63
1786904,IT,ZA,AIRTR,MOTOR,0.04,40670.631,3,3,40670.631,0.0,0.0,0.0,0.0,1016765.775
1690063,IT,IE,RENTI,CEMEN,0.24,40668.916,4,4,40668.914,0.0,0.0,0.0,0.002,169453.816667
1655847,IT,DE,VEGE1,AIRTR,0.13,40667.553,4,4,40667.544,0.0,0.0,0.0,0.009,312827.330769
1644674,IT,BE,BEVER,PULP5,0.17,40667.429,4,4,40667.426,0.0,0.0,0.0,0.003,239220.170588
1787531,IT,WA,CHEMI,CHEM1,0.1,40666.883,5,5,40664.879,0.0,0.0,2.0,0.004,406668.83
1715497,IT,NL,KERO1,NAPHT,0.06,40660.453,4,4,40660.45,0.0,0.0,0.0,0.003,677674.216667
1722453,IT,PT,DAIRY,POULT,0.17,40659.938,4,4,40659.935,0.0,0.0,0.0,0.003,239176.105882
1745295,IT,JP,MEAT4,LIQUE,0.22,40659.049,4,4,40659.046,0.0,0.0,0.0,0.003,184813.859091
1738312,IT,GB,BASIC,BRICK,0.05,40657.717,4,4,40657.714,0.0,0.0,0.0,0.003,813154.34
1750469,IT,CN,MACHI,PULP5,0.23,40656.608,4,4,40656.605,0.0,0.0,0.0,0.003,176767.86087
1674551,IT,FR,RUBBE,LIQUI,0.13,40656.435,4,4,40656.431,0.0,0.0,0.0,0.004,312741.807692
1684585,IT,HR,BUSIN,EDUCA,0.42,40656.148,4,4,40656.145,0.0,0.0,0.0,0.003,96800.352381
1766855,IT,RU,MACHI,WASTE,0.23,40653.395,4,4,40653.392,0.0,0.0,0.0,0.003,176753.891304
1762975,IT,MX,DAIRY,PUBLI,0.17,40652.531,4,4,40652.528,0.0,0.0,0.0,0.003,239132.535294
1750568,IT,CN,OFFIC,MEATP,0.13,40652.316,4,4,40652.313,0.0,0.0,0.0,0.003,312710.123077
1795598,IT,WL,FABRI,PADDY,0.17,40652.133,4,4,40652.13,0.0,0.0,0.0,0.003,239130.194118
1725432,IT,RO,TEXTI,FOOD3,0.24,40651.751,4,4,40651.746,0.0,0.0,0.0,0.005,169382.295833
1768818,IT,AU,LEATH,PFERT,0.29,40650.481,4,4,40650.474,0.0,0.0,0.0,0.007,140174.072414
1664797,IT,ES,VEGET,PROCE,0.14,40648.428,4,4,40648.426,0.0,0.0,0.0,0.002,290345.914286
1783535,IT,NO,OILHA,OILHA,0.23,40648.397,4,4,40648.395,0.0,0.0,0.0,0.002,176732.16087
1726691,IT,RO,TRANS,INLAN,0.24,40647.305,4,4,40647.303,0.0,0.0,0.0,0.002,169363.770833
1773577,IT,CH,MOTO1,FOODW,0.22,40647.173,4,4,40647.17,0.0,0.0,0.0,0.003,184759.877273
1670891,IT,FI,PLAST,RENTI,0.09,40645.734,4,4,40645.73,0.0,0.0,0.0,0.004,451619.266667
1783952,IT,ID,CHEMI,PFERT,0.1,40644.824,5,5,40642.82,0.0,0.0,2.0,0.004,406448.24
1745118,IT,US,EDUCA,EDUCA,1.01,40643.857,4,4,40643.854,0.0,0.0,0.0,0.003,40241.442574
1763651,IT,MX,RUBBE,DAIRY,0.13,40642.186,4,4,40642.182,0.0,0.0,0.0,0.004,312632.2
1665723,IT,ES,PAPER,GASDI,0.16,40641.736,4,4,40641.732,0.0,0.0,0.0,0.004,254010.85
1755073,IT,KR,WEARI,COMPU,0.31,40639.876,4,4,40639.868,0.0,0.0,0.0,0.008,131096.374194
1804232,IT,WF,PRINT,RECRE,0.39,40638.067,4,4,40638.064,0.0,0.0,0.0,0.003,104200.171795
1752823,IT,CA,PAPER,FABRI,0.16,40635.607,4,4,40635.603,0.0,0.0,0.0,0.004,253972.54375
1677484,IT,FR,AUXIL,WOODW,0.74,40631.603,4,4,40631.601,0.0,0.0,0.0,0.002,54907.571622
1672593,IT,FR,MEATA,CATTL,0.22,40631.229,4,4,40631.223,0.0,0.0,0.0,0.006,184687.404545
1683314,IT,HR,NONME,SANDC,0.08,40628.568,4,4,40628.564,0.0,0.0,0.0,0.004,507857.1
1660804,IT,DE,COMPU,ADDIT,0.46,40627.2,4,4,40627.197,0.0,0.0,0.0,0.003,88320.0
1729344,IT,SE,BASIC,WHEAT,0.05,40627.078,4,4,40627.075,0.0,0.0,0.0,0.003,812541.56
1723448,IT,PT,PREC1,WHOLE,0.07,40626.182,4,4,40626.18,0.0,0.0,0.0,0.002,580374.028571
1811370,IT,WM,NONSP,PFERT,0.05,40625.698,4,4,40625.696,0.0,0.0,0.0,0.002,812513.96
1766071,IT,RU,RUBBE,CROPS,0.13,40625.314,4,4,40625.31,0.0,0.0,0.0,0.004,312502.415385
1781974,IT,NO,RUBBE,MEATC,0.13,40624.992,4,4,40624.988,0.0,0.0,0.0,0.004,312499.938462
1685885,IT,HU,CHEM1,COPP1,0.08,40624.956,4,4,40624.952,0.0,0.0,0.0,0.004,507811.95
1755085,IT,KR,LEATH,FISHF,0.29,40624.46,4,4,40624.453,0.0,0.0,0.0,0.007,140084.344828
1671173,IT,FI,CERAM,REALE,0.06,40623.319,4,4,40623.317,0.0,0.0,0.0,0.002,677055.316667
1796554,IT,WL,RETA1,BUSIN,0.42,40622.17,4,4,40622.167,0.0,0.0,0.0,0.003,96719.452381
1787359,IT,WA,ANIMA,CHEM1,0.16,40621.353,4,4,40621.351,0.0,0.0,0.0,0.002,253883.45625
1727405,IT,RO,FINAN,OFFIC,0.53,40620.955,3,3,40620.955,0.0,0.0,0.0,0.0,76643.311321
1786085,IT,ZA,NONME,PAPER,0.08,40617.508,4,4,40617.504,0.0,0.0,0.0,0.004,507718.85
1662351,IT,DK,BASIC,GLASS,0.05,40617.011,4,4,40617.008,0.0,0.0,0.0,0.003,812340.22
1784218,IT,ID,PLAST,TEXTI,0.09,40614.812,4,4,40614.808,0.0,0.0,0.0,0.004,451275.688889
1751032,IT,CN,WHOLE,NONF1,0.35,40614.149,4,4,40614.147,0.0,0.0,0.0,0.002,116040.425714
1679336,IT,GR,PETRO,LUBRI,0.07,40612.68,4,4,40612.677,0.0,0.0,0.0,0.003,580181.142857
1741532,IT,US,KERO1,ELEC2,0.06,40612.613,4,4,40612.61,0.0,0.0,0.0,0.003,676876.883333
1683738,IT,HR,MACHI,NONF1,0.23,40610.513,4,4,40610.51,0.0,0.0,0.0,0.003,176567.447826
1653003,IT,CZ,PLAST,WEARI,0.09,40610.116,4,4,40610.112,0.0,0.0,0.0,0.004,451223.511111
1736042,IT,SK,FURNI,LEATH,0.13,40608.533,4,4,40608.53,0.0,0.0,0.0,0.003,312373.330769
1789938,IT,WA,CEMEN,FABRI,0.06,40607.884,4,4,40607.882,0.0,0.0,0.0,0.002,676798.066667
1648035,IT,BE,COMPU,MACHI,0.46,40607.268,4,4,40607.265,0.0,0.0,0.0,0.003,88276.669565
1774583,IT,CH,SEACO,ALUM1,0.04,40606.555,3,3,40606.555,0.0,0.0,0.0,0.0,1015163.875
1712348,IT,LV,RUBBE,AIRTR,0.13,40605.771,4,4,40605.767,0.0,0.0,0.0,0.004,312352.084615
1783976,IT,ID,DAIRY,FISH5,0.16,40604.811,4,4,40604.808,0.0,0.0,0.0,0.003,253780.06875
1725566,IT,RO,LEATH,HEALT,0.29,40604.634,4,4,40604.627,0.0,0.0,0.0,0.007,140015.97931
1807507,IT,WF,RENTI,SUGA1,0.24,40604.393,4,4,40604.391,0.0,0.0,0.0,0.002,169184.970833
1642792,IT,AT,MACHI,INTER,0.23,40603.074,4,4,40603.071,0.0,0.0,0.0,0.003,176535.104348
1748806,IT,CN,TEXTI,FOUND,0.24,40597.948,4,4,40597.943,0.0,0.0,0.0,0.005,169158.116667
1686604,IT,HU,ALUM1,WASTE,0.07,40597.574,4,4,40597.571,0.0,0.0,0.0,0.003,579965.342857
1806982,IT,WF,LANDT,PFERT,0.26,40597.308,4,4,40597.306,0.0,0.0,0.0,0.002,156143.492308
1761133,IT,IN,CHEM1,PARAF,0.08,40596.771,4,4,40596.767,0.0,0.0,0.0,0.004,507459.6375
1813479,IT,WM,SALEM,CONST,0.33,40596.73,4,4,40596.727,0.0,0.0,0.0,0.003,123020.393939
1768548,IT,AU,FOOD5,REALE,0.2,40595.662,4,4,40595.658,0.0,0.0,0.0,0.004,202978.31
1657450,IT,DE,RUBBE,SECO9,0.13,40594.885,4,4,40594.881,0.0,0.0,0.0,0.004,312268.346154
1725260,IT,RO,FOOD5,COMPU,0.2,40593.731,4,4,40593.727,0.0,0.0,0.0,0.004,202968.655
1732278,IT,SI,LIQUE,BUSIN,0.07,40592.455,4,4,40592.452,0.0,0.0,0.0,0.003,579892.214286
1744026,IT,US,AIRTR,ELEC8,0.04,40592.236,3,3,40592.236,0.0,0.0,0.0,0.0,1014805.9
1796511,IT,WL,RETA1,CEMEN,0.42,40591.273,4,4,40591.27,0.0,0.0,0.0,0.003,96645.888095
1725544,IT,RO,LEATH,DISTR,0.29,40591.169,4,4,40591.162,0.0,0.0,0.0,0.007,139969.548276
1752983,IT,CA,CHEM1,FOOD5,0.08,40589.21,4,4,40589.206,0.0,0.0,0.0,0.004,507365.125
1798315,IT,WE,CROPS,BASIC,0.32,40586.74,4,4,40586.738,0.0,0.0,0.0,0.002,126833.5625
1721490,IT,PL,SUPPO,MEATP,0.29,40586.57,4,4,40586.568,0.0,0.0,0.0,0.002,139953.689655
1784567,IT,ID,MACHI,MEAT1,0.23,40584.688,4,4,40584.685,0.0,0.0,0.0,0.003,176455.165217
1668290,IT,ES,WHOLE,GLASS,0.35,40582.945,4,4,40582.943,0.0,0.0,0.0,0.002,115951.271429
1786433,IT,ZA,OFFIC,POSTT,0.13,40579.083,4,4,40579.08,0.0,0.0,0.0,0.003,312146.792308
1784825,IT,ID,HOTEL,BUSIN,0.29,40578.987,4,4,40578.984,0.0,0.0,0.0,0.003,139927.541379
1773438,IT,CH,OFFIC,NONME,0.13,40577.107,4,4,40577.104,0.0,0.0,0.0,0.003,312131.592308
1714178,IT,MT,POSTT,BUSIN,0.67,40574.8,4,4,40574.797,0.0,0.0,0.0,0.003,60559.402985
1667542,IT,ES,FABRI,ELEC9,0.17,40572.931,4,4,40572.928,0.0,0.0,0.0,0.003,238664.3
1731578,IT,SI,TEXTI,HOTEL,0.24,40570.715,4,4,40570.71,0.0,0.0,0.0,0.005,169044.645833
1655440,IT,DE,FORES,RUBBE,0.35,40570.435,4,4,40554.435,0.0,16.0,0.0,0.0,115915.528571
1714139,IT,MT,AIRTR,SUPPO,0.04,40569.834,3,3,40569.834,0.0,0.0,0.0,0.0,1014245.85
1735514,IT,SK,PREC1,DIST1,0.07,40569.419,4,4,40569.417,0.0,0.0,0.0,0.002,579563.128571
1790919,IT,WA,OFFIC,TRANS,0.13,40568.197,4,4,40568.194,0.0,0.0,0.0,0.003,312063.053846
1798690,IT,WE,DAIRY,FISHF,0.16,40567.3,4,4,40567.297,0.0,0.0,0.0,0.003,253545.625
1737166,IT,GB,VEGE1,HEALT,0.12,40567.196,4,4,40567.187,0.0,0.0,0.0,0.009,338059.966667
1813123,IT,WM,MOTO1,FISH5,0.22,40566.384,4,4,40566.381,0.0,0.0,0.0,0.003,184392.654545
1774341,IT,CH,HOTEL,RADIO,0.29,40563.51,4,4,40563.507,0.0,0.0,0.0,0.003,139874.172414
1666236,IT,ES,HEAVY,PREC1,0.07,40562.676,4,4,40562.673,0.0,0.0,0.0,0.003,579466.8
1776978,IT,TR,PFERT,PRECI,0.02,40562.122,4,4,40562.116,0.0,0.0,0.0,0.006,2028106.1
1802383,IT,WE,SEACO,AIRTR,0.04,40556.75,3,3,40556.75,0.0,0.0,0.0,0.0,1013918.75
1710195,IT,LT,MACHI,BUSIN,0.23,40555.926,4,4,40555.923,0.0,0.0,0.0,0.003,176330.113043
1747156,IT,JP,CONST,BRICK,0.23,40552.295,4,4,40552.293,0.0,0.0,0.0,0.002,176314.326087
1653676,IT,CZ,ALUM1,COMPU,0.07,40550.886,4,4,40550.883,0.0,0.0,0.0,0.003,579298.371429
1750763,IT,CN,TRANS,WHOLE,0.24,40550.42,4,4,40550.418,0.0,0.0,0.0,0.002,168960.083333
1680020,IT,GR,MACHI,PAPER,0.23,40549.294,4,4,40549.291,0.0,0.0,0.0,0.003,176301.278261
1804284,IT,WF,MOTOR,TOBAC,0.06,40545.81,4,4,40545.807,0.0,0.0,0.0,0.003,675763.5
1811965,IT,WM,GLASS,PROCE,0.11,40542.96,4,4,40542.958,0.0,0.0,0.0,0.002,368572.363636
1676162,IT,FR,CONST,TEXTI,0.23,40541.978,4,4,40541.976,0.0,0.0,0.0,0.002,176269.469565
1685690,IT,HU,HEAVY,93197,0.07,40541.558,4,4,40541.555,0.0,0.0,0.0,0.003,579165.114286
1684988,IT,HU,VEGE1,VEGE1,0.12,40540.689,4,4,40540.68,0.0,0.0,0.0,0.009,337839.075
1670612,IT,FI,WEARI,COMPU,0.31,40540.605,4,4,40540.597,0.0,0.0,0.0,0.008,130776.145161
1681646,IT,HR,VEGET,MEAT4,0.14,40539.722,4,4,40539.72,0.0,0.0,0.0,0.002,289569.442857
1734323,IT,SI,BUSIN,CONST,0.42,40538.165,4,4,40538.162,0.0,0.0,0.0,0.003,96519.440476
1667619,IT,ES,MACHI,VEGE1,0.23,40537.561,4,4,40537.558,0.0,0.0,0.0,0.003,176250.265217
1682092,IT,HR,TEXTI,SANDC,0.24,40536.434,4,4,40536.429,0.0,0.0,0.0,0.005,168901.808333
1765998,IT,RU,CHEM1,PFERT,0.08,40535.228,4,4,40535.224,0.0,0.0,0.0,0.004,506690.35
1806080,IT,WF,FABRI,CATTL,0.16,40534.266,4,4,40534.263,0.0,0.0,0.0,0.003,253339.1625
1734836,IT,SK,PAPER,MEAT1,0.16,40527.954,4,4,40527.95,0.0,0.0,0.0,0.004,253299.7125
1714570,IT,NL,CRUDE,HEALT,0.08,40527.2,4,4,40527.197,0.0,0.0,0.0,0.003,506590.0
1768401,IT,AU,VEGE1,PAPER,0.12,40520.535,4,4,40520.526,0.0,0.0,0.0,0.009,337671.125
1652971,IT,CZ,NAPHT,SECO9,0.07,40519.797,4,4,40519.794,0.0,0.0,0.0,0.003,578854.242857
1641825,IT,AT,CHEM1,LANDT,0.08,40518.637,4,4,40518.633,0.0,0.0,0.0,0.004,506482.9625
1714777,IT,NL,PROCE,FISH5,0.27,40515.03,4,4,40515.027,0.0,0.0,0.0,0.003,150055.666667
1770738,IT,AU,AUXIL,AUXIL,0.74,40513.268,4,4,40513.266,0.0,0.0,0.0,0.002,54747.659459
1687506,IT,HU,LANDT,FISH5,0.26,40508.68,4,4,40508.678,0.0,0.0,0.0,0.002,155802.615385
1688096,IT,HU,RESEA,WHOLE,0.22,40503.316,4,4,40503.313,0.0,0.0,0.0,0.003,184105.981818
1724134,IT,PT,RETA1,FABRI,0.42,40500.934,4,4,40500.931,0.0,0.0,0.0,0.003,96430.795238
1649129,IT,BG,PAPER,LANDT,0.16,40496.831,4,4,40496.827,0.0,0.0,0.0,0.004,253105.19375
1715763,IT,NL,BIODI,SUGA1,0.08,40495.046,4,4,40495.042,0.0,0.0,0.0,0.004,506188.075
1802119,IT,WE,RETA1,WHOLE,0.42,40493.699,4,4,40493.696,0.0,0.0,0.0,0.003,96413.569048
1806439,IT,WF,TRANS,MEATP,0.24,40493.493,4,4,40493.491,0.0,0.0,0.0,0.002,168722.8875
1764586,IT,MX,WHOLE,MACHI,0.35,40493.309,4,4,40493.307,0.0,0.0,0.0,0.002,115695.168571
1731205,IT,SI,CHEMI,TRANS,0.1,40491.619,5,5,40489.615,0.0,0.0,2.0,0.004,404916.19
1809025,IT,WM,VEGET,FOUND,0.14,40491.403,4,4,40491.401,0.0,0.0,0.0,0.002,289224.307143
1656860,IT,DE,HEAVY,LIQUE,0.07,40488.339,4,4,40488.336,0.0,0.0,0.0,0.003,578404.842857
1796285,IT,WL,CONST,RETA1,0.23,40487.921,4,4,40487.919,0.0,0.0,0.0,0.002,176034.43913
1654163,IT,CZ,MOTO1,NONME,0.22,40485.499,4,4,40485.496,0.0,0.0,0.0,0.003,184024.995455
1715096,IT,NL,WEARI,HOTEL,0.31,40483.851,4,4,40483.843,0.0,0.0,0.0,0.008,130593.067742
1794101,IT,WL,PAPER,BASIC,0.16,40482.551,4,4,40482.547,0.0,0.0,0.0,0.004,253015.94375
1785576,IT,ZA,GASDI,WOOLS,0.06,40478.928,4,4,40478.925,0.0,0.0,0.0,0.003,674648.8
1787524,IT,WA,CHEMI,KEROS,0.1,40476.873,5,5,40474.869,0.0,0.0,2.0,0.004,404768.73
1721640,IT,PL,POSTT,COMPU,0.67,40473.879,4,4,40473.876,0.0,0.0,0.0,0.003,60408.774627
1795901,IT,WL,OFFIC,AUXIL,0.13,40472.928,4,4,40472.925,0.0,0.0,0.0,0.003,311330.215385
1678924,IT,GR,TEXTI,FABRI,0.24,40471.993,4,4,40471.988,0.0,0.0,0.0,0.005,168633.304167
1777389,IT,TR,CERAM,FURNI,0.06,40470.335,4,4,40470.333,0.0,0.0,0.0,0.002,674505.583333
1773447,IT,CH,OFFIC,OFFIC,0.13,40469.984,4,4,40469.981,0.0,0.0,0.0,0.003,311307.569231
1686974,IT,HU,MACHI,AIRTR,0.23,40468.201,4,4,40468.198,0.0,0.0,0.0,0.003,175948.7
1643479,IT,AT,LANDT,AIRTR,0.26,40466.419,4,4,40466.417,0.0,0.0,0.0,0.002,155640.073077
1660524,IT,DE,INSUR,SUPPO,0.83,40464.035,4,4,40464.033,0.0,0.0,0.0,0.002,48751.849398
1750645,IT,CN,MOTO1,FORES,0.22,40463.393,4,4,40463.39,0.0,0.0,0.0,0.003,183924.513636
1762191,IT,IN,SEACO,WEARI,0.04,40462.142,3,3,40462.142,0.0,0.0,0.0,0.0,1011553.55
1755224,IT,KR,WOODW,BUSIN,0.11,40461.538,4,4,40461.535,0.0,0.0,0.0,0.003,367832.163636
1650822,IT,BG,LANDT,WOODW,0.26,40460.085,4,4,40460.083,0.0,0.0,0.0,0.002,155615.711538
1739078,IT,GB,RETAI,PAPE4,0.32,40459.352,4,4,40459.349,0.0,0.0,0.0,0.003,126435.475
1658069,IT,DE,PREC1,RAILW,0.07,40458.244,4,4,40458.242,0.0,0.0,0.0,0.002,577974.914286
1657390,IT,DE,RUBBE,CHEMI,0.13,40457.731,4,4,40457.727,0.0,0.0,0.0,0.004,311213.315385
1728630,IT,SE,PRINT,WOODW,0.39,40455.958,4,4,40455.955,0.0,0.0,0.0,0.003,103733.225641
1797126,IT,WL,POSTT,CHEM1,0.67,40452.717,4,4,40452.714,0.0,0.0,0.0,0.003,60377.189552
1668653,IT,ES,RAILW,POSTT,0.27,40451.553,4,4,40451.551,0.0,0.0,0.0,0.002,149820.566667
1678728,IT,GR,DAIRY,HEALT,0.16,40450.526,4,4,40450.523,0.0,0.0,0.0,0.003,252815.7875
1790435,IT,WA,LEAD1,FINAN,0.07,40447.41,4,4,40447.407,0.0,0.0,0.0,0.003,577820.142857
1800803,IT,WE,BASIC,BEVER,0.05,40447.278,4,4,40447.275,0.0,0.0,0.0,0.003,808945.56
1676886,IT,FR,TRAN2,LUBRI,0.06,40447.053,3,3,40447.053,0.0,0.0,0.0,0.0,674117.55
1756102,IT,KR,FABRI,COLLE,0.16,40446.556,4,4,40446.553,0.0,0.0,0.0,0.003,252790.975
1642191,IT,AT,CEMEN,STONE,0.06,40446.301,4,4,40446.299,0.0,0.0,0.0,0.002,674105.016667
1775150,IT,CH,COMPU,RECRE,0.46,40444.385,4,4,40444.382,0.0,0.0,0.0,0.003,87922.576087
1667219,IT,ES,PREC1,NONME,0.07,40444.373,4,4,40444.371,0.0,0.0,0.0,0.002,577776.757143
1807162,IT,WF,AIRTR,GLASS,0.04,40443.967,3,3,40443.967,0.0,0.0,0.0,0.0,1011099.175
1682665,IT,HR,KEROS,RENTI,0.06,40443.123,4,4,40443.12,0.0,0.0,0.0,0.003,674052.05
1746745,IT,JP,FABRI,HEALT,0.16,40441.541,4,4,40441.538,0.0,0.0,0.0,0.003,252759.63125
1768992,IT,AU,PAPER,AUXIL,0.16,40441.421,4,4,40441.417,0.0,0.0,0.0,0.004,252758.88125
1766778,IT,RU,MACHI,PARAF,0.23,40438.972,4,4,40438.969,0.0,0.0,0.0,0.003,175821.617391
1795262,IT,WL,CERAM,OFFIC,0.06,40435.867,4,4,40435.865,0.0,0.0,0.0,0.002,673931.116667
1781748,IT,NO,PAPER,SEACO,0.16,40434.442,4,4,40434.438,0.0,0.0,0.0,0.004,252715.2625
1787350,IT,WA,MEATA,CHEM1,0.22,40434.18,4,4,40434.174,0.0,0.0,0.0,0.006,183791.727273
1670441,IT,FI,FOOD5,SUPPO,0.19,40429.535,4,4,40429.531,0.0,0.0,0.0,0.004,212787.026316
1672929,IT,FR,DAIRY,FISHF,0.16,40428.414,4,4,40428.411,0.0,0.0,0.0,0.003,252677.5875
1668748,IT,ES,LANDT,ELECT,0.26,40428.299,4,4,40428.297,0.0,0.0,0.0,0.002,155493.457692
1808847,IT,WF,PRIVA,CHEMI,9.02,40428.24,4,4,40428.234,0.0,0.0,0.0,0.006,4482.066519
1686656,IT,HU,LEAD1,PAPE1,0.07,40427.469,4,4,40427.466,0.0,0.0,0.0,0.003,577535.271429
1778359,IT,TR,RETAI,BASIC,0.32,40423.497,4,4,40423.494,0.0,0.0,0.0,0.003,126323.428125
1730799,IT,SE,BUSIN,ELEC5,0.42,40422.263,4,4,40422.26,0.0,0.0,0.0,0.003,96243.483333
1759299,IT,BR,POSTT,RAILW,0.67,40420.715,4,4,40420.712,0.0,0.0,0.0,0.003,60329.425373
1681028,IT,GR,AIRTR,ELEC5,0.04,40418.648,3,3,40418.648,0.0,0.0,0.0,0.0,1010466.2
1813296,IT,WM,TRANS,TRAN2,0.24,40418.021,4,4,40418.019,0.0,0.0,0.0,0.002,168408.420833
1741418,IT,US,MOTOR,RAWMI,0.06,40417.141,4,4,40417.138,0.0,0.0,0.0,0.003,673619.016667
1753302,IT,CA,BASIC,CHEMI,0.05,40416.491,4,4,40416.488,0.0,0.0,0.0,0.003,808329.82
1668313,IT,ES,WHOLE,ELEC5,0.35,40415.382,4,4,40415.38,0.0,0.0,0.0,0.002,115472.52
1643350,IT,AT,RAILW,FURNI,0.27,40411.985,4,4,40411.983,0.0,0.0,0.0,0.002,149674.018519
1646306,IT,BE,COPP1,FOOD3,0.1,40411.039,4,4,40411.037,0.0,0.0,0.0,0.002,404110.39
1763893,IT,MX,BASIC,PADDY,0.05,40410.143,4,4,40410.14,0.0,0.0,0.0,0.003,808202.86
1657810,IT,DE,NONME,RADIO,0.08,40408.808,4,4,40408.804,0.0,0.0,0.0,0.004,505110.1
1673953,IT,FR,MOTOR,93197,0.06,40406.692,4,4,40406.689,0.0,0.0,0.0,0.003,673444.866667
1803789,IT,WF,TEXTI,MEAT1,0.24,40404.998,4,4,40404.993,0.0,0.0,0.0,0.005,168354.158333
1728938,IT,SE,CHEM1,DIST1,0.08,40402.86,4,4,40402.856,0.0,0.0,0.0,0.004,505035.75
1786899,IT,ZA,AIRTR,BITUM,0.04,40401.615,3,3,40401.615,0.0,0.0,0.0,0.0,1010040.375
1642974,IT,AT,FURNI,93197,0.13,40399.392,4,4,40399.389,0.0,0.0,0.0,0.003,310764.553846
1798876,IT,WE,BEVER,PAPER,0.17,40398.823,4,4,40398.82,0.0,0.0,0.0,0.003,237640.135294
1777303,IT,TR,GLASS,SANDC,0.11,40397.311,4,4,40397.309,0.0,0.0,0.0,0.002,367248.281818
1774263,IT,CH,RETA1,PAPE1,0.42,40396.232,4,4,40396.229,0.0,0.0,0.0,0.003,96181.504762
1779176,IT,TR,POSTT,RUBBE,0.67,40396.09,4,4,40396.087,0.0,0.0,0.0,0.003,60292.671642
1666339,IT,ES,LIQUE,WHOLE,0.07,40393.64,4,4,40393.637,0.0,0.0,0.0,0.003,577052.0
1789676,IT,WA,RUBBE,BLAST,0.13,40390.151,4,4,40390.147,0.0,0.0,0.0,0.004,310693.469231
1760665,IT,IN,PAPER,PROCE,0.16,40389.738,4,4,40389.734,0.0,0.0,0.0,0.004,252435.8625
1743123,IT,US,MOTO1,COPP1,0.21,40387.158,4,4,40387.155,0.0,0.0,0.0,0.003,192319.8
1742336,IT,US,CEMEN,MEMBE,0.06,40386.77,4,4,40386.768,0.0,0.0,0.0,0.002,673112.833333
1642452,IT,AT,ALUM1,ELEC2,0.07,40386.51,4,4,40386.507,0.0,0.0,0.0,0.003,576950.142857
1785476,IT,ZA,PRINT,EDUCA,0.39,40384.271,4,4,40384.268,0.0,0.0,0.0,0.003,103549.412821
1778014,IT,TR,OFFIC,MEAT1,0.13,40379.49,4,4,40379.487,0.0,0.0,0.0,0.003,310611.461538
1718662,IT,PL,WOODW,TEXTI,0.11,40377.86,4,4,40377.857,0.0,0.0,0.0,0.003,367071.454545
1690324,IT,IE,FOOD2,WHOLE,0.23,40376.071,4,4,40376.068,0.0,0.0,0.0,0.003,175548.134783
1739283,IT,GB,HOTEL,RUBBE,0.29,40375.029,4,4,40375.026,0.0,0.0,0.0,0.003,139224.237931
1733247,IT,SI,MACHI,TRAN2,0.23,40372.269,4,4,40372.266,0.0,0.0,0.0,0.003,175531.604348
1790973,IT,WA,MOTO1,MOTOR,0.21,40371.465,4,4,40371.462,0.0,0.0,0.0,0.003,192245.071429
1717830,IT,NL,RECRE,BUSIN,0.51,40371.403,4,4,40371.4,0.0,0.0,0.0,0.003,79159.613725
1757079,IT,KR,BUSIN,LANDT,0.41,40370.976,4,4,40370.973,0.0,0.0,0.0,0.003,98465.795122
1717165,IT,NL,AIRTR,RETA1,0.04,40370.779,3,3,40370.779,0.0,0.0,0.0,0.0,1009269.475
1760894,IT,IN,GASDI,HOTEL,0.06,40368.815,4,4,40368.812,0.0,0.0,0.0,0.003,672813.583333
1647257,IT,BE,LANDT,ELEC5,0.26,40368.593,4,4,40368.591,0.0,0.0,0.0,0.002,155263.819231
1755407,IT,KR,GASDI,RAILW,0.06,40364.688,4,4,40364.685,0.0,0.0,0.0,0.003,672744.8
1811335,IT,WM,BITU1,POSTT,0.06,40364.167,4,4,40364.164,0.0,0.0,0.0,0.003,672736.116667
1785170,IT,ZA,FOOD5,LEATH,0.19,40364.118,4,4,40364.114,0.0,0.0,0.0,0.004,212442.726316
1789733,IT,WA,GLASS,MEATC,0.11,40360.471,4,4,40360.469,0.0,0.0,0.0,0.002,366913.372727
1665849,IT,ES,PRINT,OFFIC,0.39,40353.486,4,4,40353.483,0.0,0.0,0.0,0.003,103470.476923
1748504,IT,CN,SANDC,FABRI,0.09,40353.089,4,4,40344.089,0.0,0.0,9.0,0.0,448367.655556
1728059,IT,SE,MEATC,EDUCA,0.13,40352.675,5,5,40351.672,0.0,1.0,0.0,0.003,310405.192308
1688646,IT,IE,PFERT,ELEC2,0.02,40351.753,4,4,40351.747,0.0,0.0,0.0,0.006,2017587.65
1764866,IT,MX,AIRTR,TEXTI,0.04,40350.426,3,3,40350.426,0.0,0.0,0.0,0.0,1008760.65
1684548,IT,HR,BUSIN,OFFIC,0.41,40348.841,4,4,40348.838,0.0,0.0,0.0,0.003,98411.807317
1681510,IT,GR,BUSIN,TOBAC,0.41,40347.017,4,4,40347.014,0.0,0.0,0.0,0.003,98407.358537
1809119,IT,WM,CROPS,CEMEN,0.32,40346.291,4,4,40346.289,0.0,0.0,0.0,0.002,126082.159375
1683365,IT,HR,NONME,RECRE,0.08,40345.943,4,4,40345.939,0.0,0.0,0.0,0.004,504324.2875
1738837,IT,GB,MOTO1,POSTT,0.21,40340.643,4,4,40340.64,0.0,0.0,0.0,0.003,192098.3
1805919,IT,WF,LEAD1,NATUR,0.07,40338.376,4,4,40338.373,0.0,0.0,0.0,0.003,576262.514286
1685917,IT,HU,CHEM1,RAILW,0.08,40336.028,4,4,40336.024,0.0,0.0,0.0,0.004,504200.35
1795253,IT,WL,CERAM,BIOGA,0.06,40330.545,4,4,40330.543,0.0,0.0,0.0,0.002,672175.75
1766633,IT,RU,FABRI,HEAVY,0.16,40328.65,4,4,40328.647,0.0,0.0,0.0,0.003,252054.0625
1690013,IT,IE,REALE,INSUR,1.7,40327.078,4,4,40327.075,0.0,0.0,0.0,0.003,23721.810588
1709976,IT,LT,PREC1,FABRI,0.07,40325.361,4,4,40325.359,0.0,0.0,0.0,0.002,576076.585714
1810360,IT,WM,WOODW,TRANS,0.11,40324.513,4,4,40324.51,0.0,0.0,0.0,0.003,366586.481818
1709732,IT,LT,CHEM1,STEAM,0.08,40321.9,4,4,40321.896,0.0,0.0,0.0,0.004,504023.75
1722583,IT,PT,FISH5,FURNI,0.17,40320.302,4,4,40320.281,0.0,0.0,0.0,0.021,237178.247059
1762425,IT,IN,POSTT,LANDT,0.66,40317.318,4,4,40317.315,0.0,0.0,0.0,0.003,61086.845455
1783595,IT,NO,FOOD2,RETA1,0.23,40313.788,4,4,40313.785,0.0,0.0,0.0,0.003,175277.33913
1730982,IT,SE,OILHA,FOOD5,0.23,40307.004,4,4,40307.002,0.0,0.0,0.0,0.002,175247.843478
1775802,IT,TR,CHEMI,LIQUE,0.1,40305.089,5,5,40303.085,0.0,0.0,2.0,0.004,403050.89
1720124,IT,PL,LEAD1,WHOLE,0.07,40302.046,4,4,40302.043,0.0,0.0,0.0,0.003,575743.514286
1804129,IT,WF,PAPER,GASDI,0.16,40298.627,4,4,40298.623,0.0,0.0,0.0,0.004,251866.41875
1685212,IT,HU,FISH5,FURNI,0.17,40298.555,4,4,40298.534,0.0,0.0,0.0,0.021,237050.323529
1651970,IT,CY,BUSIN,EDUCA,0.41,40296.243,4,4,40296.24,0.0,0.0,0.0,0.003,98283.519512
1677436,IT,FR,INSUR,REALE,0.83,40289.503,4,4,40289.501,0.0,0.0,0.0,0.002,48541.56988
1659416,IT,DE,WHOLE,COPP1,0.35,40288.407,4,4,40288.405,0.0,0.0,0.0,0.002,115109.734286
1677037,IT,FR,SUPPO,LEATH,0.29,40287.624,4,4,40287.622,0.0,0.0,0.0,0.002,138922.841379
1754175,IT,CA,SUPPO,MOTO1,0.29,40286.946,4,4,40286.944,0.0,0.0,0.0,0.002,138920.503448
1796901,IT,WL,SEACO,HEALT,0.04,40285.608,3,3,40285.608,0.0,0.0,0.0,0.0,1007140.2
1674104,IT,FR,HEAVY,SUGA1,0.07,40284.223,4,4,40284.22,0.0,0.0,0.0,0.003,575488.9
1709924,IT,LT,BASIC,CEMEN,0.05,40283.468,4,4,40283.465,0.0,0.0,0.0,0.003,805669.36
1674764,IT,FR,CERAM,INLAN,0.06,40283.185,4,4,40283.183,0.0,0.0,0.0,0.002,671386.416667
1807274,IT,WF,POSTT,CRUDE,0.66,40280.869,4,4,40280.866,0.0,0.0,0.0,0.003,61031.619697
1789347,IT,WA,CHEM1,PROCE,0.08,40280.843,4,4,40280.839,0.0,0.0,0.0,0.004,503510.5375
1725784,IT,RO,PRINT,CONST,0.39,40277.338,4,4,40277.335,0.0,0.0,0.0,0.003,103275.225641
1720799,IT,PL,FURNI,FOOD5,0.13,40274.633,4,4,40274.63,0.0,0.0,0.0,0.003,309804.869231
1674285,IT,FR,PLAST,TEXTI,0.08,40267.973,4,4,40267.969,0.0,0.0,0.0,0.004,503349.6625
1720191,IT,PL,COPP1,DIST1,0.1,40265.403,4,4,40265.401,0.0,0.0,0.0,0.002,402654.03
1709539,IT,LT,WOODW,MOTOR,0.11,40265.385,4,4,40265.382,0.0,0.0,0.0,0.003,366048.954545
1661866,IT,DK,PAPER,FURNI,0.16,40262.78,4,4,40262.776,0.0,0.0,0.0,0.004,251642.375
1681969,IT,HR,FOOD5,RADIO,0.19,40262.339,4,4,40262.335,0.0,0.0,0.0,0.004,211907.047368
1689007,IT,IE,MACHI,SALEM,0.22,40257.547,4,4,40257.544,0.0,0.0,0.0,0.003,182988.85
1759917,IT,BR,PAPE1,INERT,0.28,40257.011,4,4,40257.008,0.0,0.0,0.0,0.003,143775.039286
1750437,IT,CN,MACHI,PIGS9,0.22,40252.69,4,4,40252.687,0.0,0.0,0.0,0.003,182966.772727
1754146,IT,CA,AIRTR,93197,0.04,40251.084,3,3,40251.084,0.0,0.0,0.0,0.0,1006277.1
1679118,IT,GR,PAPER,CHEM1,0.16,40245.646,4,4,40245.642,0.0,0.0,0.0,0.004,251535.2875
1647331,IT,BE,SEACO,BEVER,0.04,40239.849,3,3,40239.849,0.0,0.0,0.0,0.0,1005996.225
1641380,IT,AT,KEROS,AUXIL,0.06,40236.849,4,4,40236.846,0.0,0.0,0.0,0.003,670614.15
1766638,IT,RU,FABRI,PLAST,0.16,40236.199,4,4,40236.196,0.0,0.0,0.0,0.003,251476.24375
1758634,IT,BR,TRANS,WHOLE,0.24,40234.889,4,4,40234.887,0.0,0.0,0.0,0.002,167645.370833
1672926,IT,FR,DAIRY,MEATA,0.16,40233.697,4,4,40233.694,0.0,0.0,0.0,0.003,251460.60625
1762423,IT,IN,POSTT,RETA1,0.66,40229.917,4,4,40229.914,0.0,0.0,0.0,0.003,60954.419697
1796644,IT,WL,HOTEL,ELEC4,0.29,40225.799,4,4,40225.796,0.0,0.0,0.0,0.003,138709.651724
1670838,IT,FI,NONSP,PAPER,0.05,40223.567,4,4,40223.565,0.0,0.0,0.0,0.002,804471.34
1765505,IT,RU,WEARI,SALEM,0.3,40223.346,4,4,40223.338,0.0,0.0,0.0,0.008,134077.82
1671579,IT,FI,MOTO1,TRANS,0.21,40221.793,4,4,40221.79,0.0,0.0,0.0,0.003,191532.347619
1744334,IT,US,FINAN,WHOLE,0.52,40221.524,3,3,40221.524,0.0,0.0,0.0,0.0,77349.084615
1764191,IT,MX,MACHI,NONFE,0.22,40220.937,4,4,40220.934,0.0,0.0,0.0,0.003,182822.440909
1755961,IT,KR,PREC1,CONST,0.07,40220.149,4,4,40220.147,0.0,0.0,0.0,0.002,574573.557143
1645954,IT,BE,CERAM,LANDT,0.06,40218.966,4,4,40218.964,0.0,0.0,0.0,0.002,670316.1
1760104,IT,BR,FOOD2,NATU1,0.23,40217.262,4,4,40217.259,0.0,0.0,0.0,0.003,174857.66087
1669742,IT,ES,BUSIN,VEGE1,0.41,40208.362,4,4,40208.359,0.0,0.0,0.0,0.003,98069.17561
1647462,IT,BE,AIRTR,FOOD2,0.04,40200.31,3,3,40200.31,0.0,0.0,0.0,0.0,1005007.75
1776315,IT,TR,PAPER,COPP1,0.16,40199.845,4,4,40199.841,0.0,0.0,0.0,0.004,251249.03125
1715721,IT,NL,PLAST,FOUND,0.08,40198.454,4,4,40198.45,0.0,0.0,0.0,0.004,502480.675
1809356,IT,WM,SANDC,CONST,0.09,40196.474,4,4,40187.474,0.0,0.0,9.0,0.0,446627.488889
1672450,IT,FI,PUBLI,REALE,0.66,40195.893,4,4,40195.89,0.0,0.0,0.0,0.003,60902.868182
1741508,IT,US,KEROS,CEREA,0.06,40194.958,4,4,40194.955,0.0,0.0,0.0,0.003,669915.966667
1742180,IT,US,GLASS,FOUND,0.11,40193.755,4,4,40193.753,0.0,0.0,0.0,0.002,365397.772727
1805560,IT,WF,CEMEN,CATTL,0.06,40193.315,4,4,40193.313,0.0,0.0,0.0,0.002,669888.583333
1661324,IT,DK,CHEMI,ELECT,0.1,40192.479,5,5,40190.475,0.0,0.0,2.0,0.004,401924.79
1715216,IT,NL,WOODW,RETA1,0.11,40191.827,4,4,40191.824,0.0,0.0,0.0,0.003,365380.245455
1673281,IT,FR,TOBAC,BEVER,0.16,40191.185,4,4,40191.182,0.0,0.0,0.0,0.003,251194.90625
1678754,IT,GR,SUGA1,FABRI,0.1,40190.889,4,4,40190.882,0.0,0.0,0.0,0.007,401908.89
1738893,IT,GB,FURNI,WEARI,0.13,40190.683,4,4,40190.68,0.0,0.0,0.0,0.003,309159.1
1766269,IT,RU,CERAM,MEDIC,0.06,40190.172,4,4,40190.17,0.0,0.0,0.0,0.002,669836.2
1751907,IT,CN,COMPU,NONME,0.46,40185.131,4,4,40185.128,0.0,0.0,0.0,0.003,87358.980435
1664612,IT,EE,LANDT,CATTL,0.26,40185.106,4,4,40185.104,0.0,0.0,0.0,0.002,154558.1
1759738,IT,BR,BUSIN,KEROS,0.41,40184.8,4,4,40184.797,0.0,0.0,0.0,0.003,98011.707317
1679302,IT,GR,HEAVY,CONST,0.06,40180.171,4,4,40180.168,0.0,0.0,0.0,0.003,669669.516667
1771686,IT,CH,WEARI,REALE,0.3,40179.358,4,4,40179.35,0.0,0.0,0.0,0.008,133931.193333
1720091,IT,PL,ALUM1,MEMBE,0.07,40177.709,4,4,40177.706,0.0,0.0,0.0,0.003,573967.271429
1688902,IT,IE,COPP1,OFFIC,0.1,40177.101,4,4,40177.099,0.0,0.0,0.0,0.002,401771.01
1786055,IT,ZA,BRICK,CONST,0.06,40176.868,4,4,40176.865,0.0,0.0,0.0,0.003,669614.466667
1645385,IT,BE,HEAVY,BASIC,0.06,40176.386,4,4,40176.383,0.0,0.0,0.0,0.003,669606.433333
1795048,IT,WL,ADDIT,BIODI,0.09,40176.221,4,4,40176.218,0.0,0.0,0.0,0.003,446402.455556
1737884,IT,GB,PLAST,RAILW,0.08,40175.784,4,4,40175.78,0.0,0.0,0.0,0.004,502197.3
1717426,IT,NL,INSUR,HOTEL,0.83,40172.121,4,4,40172.119,0.0,0.0,0.0,0.002,48400.145783
1725832,IT,RO,KEROS,TRANS,0.06,40170.625,4,4,40170.622,0.0,0.0,0.0,0.003,669510.416667
1640489,IT,AT,DAIRY,RESEA,0.16,40170.372,4,4,40170.369,0.0,0.0,0.0,0.003,251064.825
1793948,IT,WL,LEATH,CONST,0.29,40164.318,4,4,40164.311,0.0,0.0,0.0,0.007,138497.648276
1773323,IT,CH,MACHI,PFERT,0.22,40162.004,4,4,40162.001,0.0,0.0,0.0,0.003,182554.563636
1746398,IT,JP,RUBBE,ELEC2,0.13,40159.757,4,4,40159.753,0.0,0.0,0.0,0.004,308921.207692
1719162,IT,PL,PLAST,COPP1,0.08,40158.586,4,4,40158.582,0.0,0.0,0.0,0.004,501982.325
1745254,IT,JP,CHEMI,FABRI,0.1,40158.302,5,5,40156.298,0.0,0.0,2.0,0.004,401583.02
1737495,IT,GB,WOODW,MEATC,0.11,40158.115,4,4,40158.112,0.0,0.0,0.0,0.003,365073.772727
1796796,IT,WL,LANDT,93197,0.26,40157.485,4,4,40157.483,0.0,0.0,0.0,0.002,154451.865385
1721980,IT,PL,COMPU,FABRI,0.46,40156.386,4,4,40156.383,0.0,0.0,0.0,0.003,87296.491304
1784879,IT,ID,AIRTR,WHOLE,0.04,40156.145,3,3,40156.145,0.0,0.0,0.0,0.0,1003903.625
1674479,IT,FR,BIODI,SALEM,0.08,40155.392,4,4,40155.388,0.0,0.0,0.0,0.004,501942.4
1726951,IT,RO,HOTEL,MOTOR,0.29,40155.182,4,4,40155.179,0.0,0.0,0.0,0.003,138466.144828
1789175,IT,WA,PLAST,TOBAC,0.08,40154.986,4,4,40154.982,0.0,0.0,0.0,0.004,501937.325
1662309,IT,DK,NONME,TRANS,0.08,40152.98,4,4,40152.976,0.0,0.0,0.0,0.004,501912.25
1790120,IT,WA,BASIC,BRICK,0.05,40151.743,4,4,40151.74,0.0,0.0,0.0,0.003,803034.86
1759689,IT,BR,BUSIN,CEREA,0.41,40151.647,4,4,40151.644,0.0,0.0,0.0,0.003,97930.846341
1688297,IT,IE,CHEMI,OILSE,0.1,40149.869,5,5,40147.865,0.0,0.0,2.0,0.004,401498.69
1806515,IT,WF,TRANS,RECRE,0.24,40149.515,4,4,40149.513,0.0,0.0,0.0,0.002,167289.645833
1721560,IT,PL,SUPPO,RENTI,0.29,40149.495,4,4,40149.493,0.0,0.0,0.0,0.002,138446.534483
1658566,IT,DE,MACHI,REFI1,0.22,40147.967,4,4,40147.964,0.0,0.0,0.0,0.003,182490.759091
1781882,IT,NO,CHEM1,TOBAC,0.08,40147.369,4,4,40147.365,0.0,0.0,0.0,0.004,501842.1125
1763330,IT,MX,PAPER,REALE,0.16,40144.274,4,4,40144.27,0.0,0.0,0.0,0.004,250901.7125
1749848,IT,CN,RUBBE,LEAD1,0.13,40142.33,4,4,40142.326,0.0,0.0,0.0,0.004,308787.153846
1756530,IT,KR,WHOLE,SEACO,0.35,40141.664,4,4,40141.662,0.0,0.0,0.0,0.002,114690.468571
1751617,IT,CN,POSTT,REALE,0.66,40138.397,4,4,40138.394,0.0,0.0,0.0,0.003,60815.75303
1770452,IT,AU,SEACO,BUSIN,0.04,40138.17,3,3,40138.17,0.0,0.0,0.0,0.0,1003454.25
1679148,IT,GR,PAPER,LANDT,0.16,40138.087,4,4,40138.083,0.0,0.0,0.0,0.004,250863.04375
1688455,IT,IE,TEXTI,RENTI,0.24,40137.217,4,4,40137.212,0.0,0.0,0.0,0.005,167238.404167
1804480,IT,WF,GASDI,TEXTI,0.06,40136.039,4,4,40136.036,0.0,0.0,0.0,0.003,668933.983333
1741632,IT,US,HEAVY,MEAT1,0.06,40134.136,4,4,40134.133,0.0,0.0,0.0,0.003,668902.266667
1746563,IT,JP,BASIC,OFFIC,0.05,40131.879,4,4,40131.876,0.0,0.0,0.0,0.003,802637.58
1648956,IT,BG,WEARI,REALE,0.3,40130.304,4,4,40130.296,0.0,0.0,0.0,0.008,133767.68
1671545,IT,FI,OFFIC,SALEM,0.12,40130.02,4,4,40130.017,0.0,0.0,0.0,0.003,334416.833333
1799743,IT,WE,KEROS,NONME,0.06,40129.893,4,4,40129.89,0.0,0.0,0.0,0.003,668831.55
1654587,IT,CZ,RAILW,MACHI,0.27,40124.998,4,4,40124.996,0.0,0.0,0.0,0.002,148611.103704
1738429,IT,GB,ALUM1,COPP1,0.07,40124.003,4,4,40124.0,0.0,0.0,0.0,0.003,573200.042857
1732980,IT,SI,ALUM1,PUBLI,0.07,40123.602,4,4,40123.599,0.0,0.0,0.0,0.003,573194.314286
1665632,IT,ES,WOODW,BASIC,0.11,40123.04,4,4,40123.037,0.0,0.0,0.0,0.003,364754.909091
1760524,IT,IN,WEARI,HOTEL,0.3,40121.968,4,4,40121.96,0.0,0.0,0.0,0.008,133739.893333
1642639,IT,AT,FABRI,ELECT,0.16,40120.696,4,4,40120.693,0.0,0.0,0.0,0.003,250754.35
1794370,IT,WL,KEROS,NATUR,0.06,40117.108,4,4,40117.105,0.0,0.0,0.0,0.003,668618.466667
1679207,IT,GR,MOTOR,KEROS,0.06,40115.861,4,4,40115.858,0.0,0.0,0.0,0.003,668597.683333
1679127,IT,GR,PAPER,FABRI,0.16,40106.936,4,4,40106.932,0.0,0.0,0.0,0.004,250668.35
1778340,IT,TR,SALEM,MEMBE,0.32,40104.848,4,4,40104.846,0.0,0.0,0.0,0.002,125327.65
1720629,IT,PL,MOTO1,PAPER,0.21,40104.535,4,4,40104.532,0.0,0.0,0.0,0.003,190973.97619
1671553,IT,FI,OFFIC,RENTI,0.12,40102.563,4,4,40102.56,0.0,0.0,0.0,0.003,334188.025
1789870,IT,WA,CERAM,RENTI,0.06,40098.12,4,4,40098.118,0.0,0.0,0.0,0.002,668302.0
1643564,IT,AT,SEACO,FURNI,0.04,40095.58,3,3,40095.58,0.0,0.0,0.0,0.0,1002389.5
1805925,IT,WF,LEAD1,LEADZ,0.07,40095.317,4,4,40095.314,0.0,0.0,0.0,0.003,572790.242857
1773223,IT,CH,FABRI,ELECT,0.16,40092.392,4,4,40092.389,0.0,0.0,0.0,0.003,250577.45
1724879,IT,PT,BUSIN,BASIC,0.41,40090.911,4,4,40090.908,0.0,0.0,0.0,0.003,97782.709756
1759028,IT,BR,TRAN2,CRUDE,0.06,40089.935,3,3,40089.935,0.0,0.0,0.0,0.0,668165.583333
1664821,IT,ES,OILSE,DAIRY,0.03,40089.802,4,4,40089.8,0.0,0.0,0.0,0.002,1336326.733333
1655090,IT,CZ,COMPU,POSTT,0.46,40089.198,4,4,40089.195,0.0,0.0,0.0,0.003,87150.430435
1668864,IT,ES,SEACO,TEXTI,0.04,40083.737,3,3,40083.737,0.0,0.0,0.0,0.0,1002093.425
1773321,IT,CH,MACHI,PLAST,0.22,40081.953,4,4,40081.95,0.0,0.0,0.0,0.003,182190.695455
1662626,IT,DK,MACHI,RAWMI,0.22,40079.973,4,4,40079.97,0.0,0.0,0.0,0.003,182181.695455
1765969,IT,RU,CHEM1,SUGA1,0.08,40079.89,4,4,40079.886,0.0,0.0,0.0,0.004,500998.625
1710180,IT,LT,MACHI,SALEM,0.22,40079.794,4,4,40079.791,0.0,0.0,0.0,0.003,182180.881818
1674891,IT,FR,NONME,WOOD1,0.08,40078.757,4,4,40078.753,0.0,0.0,0.0,0.004,500984.4625
1669273,IT,ES,FINAN,FISH5,0.52,40074.879,3,3,40074.879,0.0,0.0,0.0,0.0,77067.075
1649691,IT,BG,NONME,TEXTI,0.08,40073.022,4,4,40073.018,0.0,0.0,0.0,0.004,500912.775
1760740,IT,IN,PAPER,93197,0.16,40072.66,4,4,40072.656,0.0,0.0,0.0,0.004,250454.125
1795657,IT,WL,FABRI,BIODI,0.16,40072.123,4,4,40072.12,0.0,0.0,0.0,0.003,250450.76875
1641758,IT,AT,CHEM1,FISH5,0.08,40071.748,4,4,40071.744,0.0,0.0,0.0,0.004,500896.85
1813653,IT,WM,RETA1,HEAVY,0.42,40069.663,4,4,40069.66,0.0,0.0,0.0,0.003,95403.959524
1662180,IT,DK,RUBBE,POSTT,0.13,40066.47,4,4,40066.466,0.0,0.0,0.0,0.004,308203.615385
1681682,IT,HR,OILSE,FISH5,0.03,40062.811,4,4,40062.809,0.0,0.0,0.0,0.002,1335427.033333
1812669,IT,WM,COPP1,NONME,0.1,40062.41,4,4,40062.408,0.0,0.0,0.0,0.002,400624.1
1760785,IT,IN,PRINT,RETA1,0.38,40061.665,4,4,40061.662,0.0,0.0,0.0,0.003,105425.434211
1776778,IT,TR,NAPHT,CRUDE,0.07,40059.682,4,4,40059.679,0.0,0.0,0.0,0.003,572281.171429
1805824,IT,WF,PREC1,PUBLI,0.07,40059.373,4,4,40059.371,0.0,0.0,0.0,0.002,572276.757143
1665440,IT,ES,TEXTI,MEMBE,0.24,40056.628,4,4,40056.623,0.0,0.0,0.0,0.005,166902.616667
1742870,IT,US,MACHI,VEGE1,0.22,40056.03,4,4,40056.027,0.0,0.0,0.0,0.003,182072.863636
1812083,IT,WM,CERAM,COLLE,0.06,40055.028,4,4,40055.026,0.0,0.0,0.0,0.002,667583.8
1738176,IT,GB,GLASS,RECRE,0.11,40053.002,4,4,40053.0,0.0,0.0,0.0,0.002,364118.2
1658801,IT,DE,MOTO1,NONME,0.21,40049.48,4,4,40049.477,0.0,0.0,0.0,0.003,190711.809524
1728349,IT,SE,TEXTI,LEATH,0.24,40048.58,4,4,40048.575,0.0,0.0,0.0,0.005,166869.083333
1661630,IT,DK,FISH5,BUSIN,0.17,40047.725,4,4,40047.704,0.0,0.0,0.0,0.021,235574.852941
1726119,IT,RO,RUBBE,HOTEL,0.13,40047.488,4,4,40047.484,0.0,0.0,0.0,0.004,308057.6
1812415,IT,WM,PREC1,MEAT4,0.07,40047.282,4,4,40047.28,0.0,0.0,0.0,0.002,572104.028571
1724160,IT,PT,RETA1,RENTI,0.42,40047.278,4,4,40047.275,0.0,0.0,0.0,0.003,95350.661905
1769455,IT,AU,NONME,COMPU,0.08,40043.841,4,4,40043.837,0.0,0.0,0.0,0.004,500548.0125
1750414,IT,CN,FABRI,POSTT,0.16,40043.124,4,4,40043.121,0.0,0.0,0.0,0.003,250269.525
1719233,IT,PL,CHEM1,MEATP,0.08,40041.237,4,4,40041.233,0.0,0.0,0.0,0.004,500515.4625
1767525,IT,RU,AIRTR,TOBAC,0.04,40036.666,3,3,40036.666,0.0,0.0,0.0,0.0,1000916.65
1806328,IT,WF,OFFIC,SUPPO,0.12,40035.342,4,4,40035.339,0.0,0.0,0.0,0.003,333627.85
1743590,IT,US,HOTEL,LIQUE,0.29,40034.002,4,4,40033.999,0.0,0.0,0.0,0.003,138048.282759
1764197,IT,MX,MACHI,MEAT1,0.22,40033.084,4,4,40033.081,0.0,0.0,0.0,0.003,181968.563636
1726321,IT,RO,ALUM1,VEGET,0.07,40032.548,4,4,40032.545,0.0,0.0,0.0,0.003,571893.542857
1807827,IT,WF,FOODW,HEALT,0.3,40032.367,4,4,40032.365,0.0,0.0,0.0,0.002,133441.223333
1689409,IT,IE,HOTEL,SANDC,0.29,40029.016,4,4,40029.013,0.0,0.0,0.0,0.003,138031.089655
1768107,IT,RU,BUSIN,RENTI,0.41,40026.932,4,4,40026.929,0.0,0.0,0.0,0.003,97626.663415
1642714,IT,AT,MACHI,FISH5,0.22,40021.716,4,4,40021.713,0.0,0.0,0.0,0.003,181916.890909
1775972,IT,TR,BEVER,WHOLE,0.17,40020.622,4,4,40020.619,0.0,0.0,0.0,0.003,235415.423529
1721150,IT,PL,RAILW,OFFIC,0.27,40017.576,4,4,40017.574,0.0,0.0,0.0,0.002,148213.244444
1718356,IT,PL,BEVER,TEXTI,0.17,40016.158,4,4,40016.155,0.0,0.0,0.0,0.003,235389.164706
1752701,IT,CA,LEATH,WOODW,0.29,40014.236,4,4,40014.229,0.0,0.0,0.0,0.007,137980.124138
1805011,IT,WF,PLAST,KEROS,0.08,40013.114,4,4,40013.11,0.0,0.0,0.0,0.004,500163.925
1714872,IT,NL,BEVER,PIGS9,0.17,40006.188,4,4,40006.185,0.0,0.0,0.0,0.003,235330.517647
1796527,IT,WL,RETA1,FURNI,0.42,40004.839,4,4,40004.836,0.0,0.0,0.0,0.003,95249.616667
1726279,IT,RO,BASIC,NONME,0.05,40001.352,4,4,40001.349,0.0,0.0,0.0,0.003,800027.04
1738989,IT,GB,SALEM,FABRI,0.32,40000.872,4,4,40000.87,0.0,0.0,0.0,0.002,125002.725
1805963,IT,WF,COPP1,RAWMI,0.1,40000.696,4,4,40000.694,0.0,0.0,0.0,0.002,400006.96
1755096,IT,KR,LEATH,DAIRY,0.29,39998.423,4,4,39998.416,0.0,0.0,0.0,0.007,137925.596552
1737541,IT,GB,WOODW,RENTI,0.11,39993.261,4,4,39993.258,0.0,0.0,0.0,0.003,363575.1
1660789,IT,DE,COMPU,PAPER,0.46,39987.862,4,4,39987.859,0.0,0.0,0.0,0.003,86930.134783
1752242,IT,CA,OILSE,OILSE,0.03,39987.769,4,4,39987.767,0.0,0.0,0.0,0.002,1332925.633333
1686546,IT,HU,ALUM1,KEROS,0.07,39985.644,4,4,39985.641,0.0,0.0,0.0,0.003,571223.485714
1728337,IT,SE,TEXTI,PRECI,0.24,39984.983,4,4,39984.978,0.0,0.0,0.0,0.005,166604.095833
1645740,IT,BE,RUBBE,KEROS,0.13,39984.657,4,4,39984.653,0.0,0.0,0.0,0.004,307574.284615
1781380,IT,NO,DAIRY,BUSIN,0.16,39984.049,4,4,39984.046,0.0,0.0,0.0,0.003,249900.30625
1664438,IT,EE,MACHI,RETA1,0.22,39982.567,4,4,39982.564,0.0,0.0,0.0,0.003,181738.940909
1665889,IT,ES,COALT,SUGA1,0.06,39981.464,4,4,39981.462,0.0,0.0,0.0,0.002,666357.733333
1777457,IT,TR,NONME,93197,0.08,39980.565,4,4,39980.561,0.0,0.0,0.0,0.004,499757.0625
1795427,IT,WL,BASIC,COMPU,0.05,39979.641,4,4,39979.638,0.0,0.0,0.0,0.003,799592.82
1767065,IT,RU,FURNI,PRINT,0.13,39979.279,4,4,39979.276,0.0,0.0,0.0,0.003,307532.915385
1672663,IT,FR,CRUDE,CONST,0.08,39979.022,4,4,39979.019,0.0,0.0,0.0,0.003,499737.775
1766861,IT,RU,MACHI,WOOD2,0.22,39977.858,4,4,39977.855,0.0,0.0,0.0,0.003,181717.536364
1787403,IT,WA,FISHF,KEROS,0.07,39977.273,3,3,39977.273,0.0,0.0,0.0,0.0,571103.9
1739391,IT,GB,RAILW,PUBLI,0.27,39976.975,4,4,39976.973,0.0,0.0,0.0,0.002,148062.87037
1761765,IT,IN,MACHI,NONF1,0.22,39975.217,4,4,39975.214,0.0,0.0,0.0,0.003,181705.531818
1710136,IT,LT,MACHI,FOOD5,0.22,39974.051,4,4,39974.048,0.0,0.0,0.0,0.003,181700.231818
1713313,IT,MT,MOTOR,BUSIN,0.06,39971.424,4,4,39971.421,0.0,0.0,0.0,0.003,666190.4
1757685,IT,BR,HEAVY,COPP1,0.06,39969.775,4,4,39969.772,0.0,0.0,0.0,0.003,666162.916667
1752867,IT,CA,MOTOR,CONST,0.06,39965.778,4,4,39965.775,0.0,0.0,0.0,0.003,666096.3
1715641,IT,NL,NAPHT,ADDIT,0.07,39963.66,4,4,39963.657,0.0,0.0,0.0,0.003,570909.428571
1681876,IT,HR,DAIRY,VEGET,0.16,39958.866,4,4,39958.863,0.0,0.0,0.0,0.003,249742.9125
1681199,IT,GR,POSTT,FINAN,0.66,39958.589,4,4,39958.586,0.0,0.0,0.0,0.003,60543.316667
1730356,IT,SE,SUPPO,RETA1,0.29,39952.639,4,4,39952.637,0.0,0.0,0.0,0.002,137767.72069
1776150,IT,TR,LEATH,MOTO1,0.29,39951.967,4,4,39951.96,0.0,0.0,0.0,0.007,137765.403448
1688471,IT,IE,WEARI,DISTR,0.3,39951.739,4,4,39951.731,0.0,0.0,0.0,0.008,133172.463333
1764713,IT,MX,HOTEL,PFERT,0.29,39947.77,4,4,39947.767,0.0,0.0,0.0,0.003,137750.931034
1798422,IT,WE,NATUR,VEGE1,0.06,39947.639,4,4,39947.636,0.0,0.0,0.0,0.003,665793.983333
1660225,IT,DE,POSTT,DAIRY,0.66,39947.378,4,4,39947.375,0.0,0.0,0.0,0.003,60526.330303
1748027,IT,JP,BUSIN,HEAVY,0.41,39943.312,4,4,39943.309,0.0,0.0,0.0,0.003,97422.712195
1663805,IT,EE,BEVER,BUSIN,0.17,39941.518,4,4,39941.515,0.0,0.0,0.0,0.003,234950.105882
1729803,IT,SE,MACHI,PAPE1,0.22,39939.758,4,4,39939.755,0.0,0.0,0.0,0.003,181544.354545
1673947,IT,FR,MOTOR,WASTE,0.06,39936.589,4,4,39936.586,0.0,0.0,0.0,0.003,665609.816667
1661681,IT,DK,TEXTI,RECRE,0.24,39926.413,4,4,39926.408,0.0,0.0,0.0,0.005,166360.054167
1690450,IT,IE,PAPE4,FORES,0.26,39924.997,4,4,39924.995,0.0,0.0,0.0,0.002,153557.680769
1682383,IT,HR,PAPER,VEGET,0.15,39924.906,4,4,39924.902,0.0,0.0,0.0,0.004,266166.04
1804587,IT,WF,HEAVY,PROCE,0.06,39924.358,4,4,39924.355,0.0,0.0,0.0,0.003,665405.966667
1799251,IT,WE,LEATH,PFERT,0.29,39924.135,4,4,39924.128,0.0,0.0,0.0,0.007,137669.431034
1799649,IT,WE,MOTOR,LUBRI,0.06,39922.698,4,4,39922.695,0.0,0.0,0.0,0.003,665378.3
1640486,IT,AT,DAIRY,REALE,0.16,39922.549,4,4,39922.546,0.0,0.0,0.0,0.003,249515.93125
1715387,IT,NL,PRINT,FINAN,0.38,39920.611,4,4,39920.608,0.0,0.0,0.0,0.003,105054.239474
1719774,IT,PL,BASIC,SUGA1,0.05,39920.267,4,4,39920.264,0.0,0.0,0.0,0.003,798405.34
1714492,IT,NL,FISHF,INTER,0.07,39920.173,3,3,39920.173,0.0,0.0,0.0,0.0,570288.185714
1669693,IT,ES,COMPU,CONST,0.46,39919.547,4,4,39919.544,0.0,0.0,0.0,0.003,86781.623913
1738118,IT,GB,GLASS,MEATC,0.11,39916.008,4,4,39916.006,0.0,0.0,0.0,0.002,362872.8
1642937,IT,AT,FURNI,PLAST,0.13,39915.723,4,4,39915.72,0.0,0.0,0.0,0.003,307044.023077
1716975,IT,NL,LANDT,PIGS9,0.26,39915.344,4,4,39915.342,0.0,0.0,0.0,0.002,153520.553846
1710835,IT,LU,PAPER,LANDT,0.15,39914.478,4,4,39914.474,0.0,0.0,0.0,0.004,266096.52
1711664,IT,LU,COMPU,SUPPO,0.46,39914.375,4,4,39914.372,0.0,0.0,0.0,0.003,86770.380435
1651420,IT,CY,KEROS,FINAN,0.06,39913.33,4,4,39913.327,0.0,0.0,0.0,0.003,665222.166667
1674616,IT,FR,RUBBE,WOOD1,0.13,39912.102,4,4,39912.098,0.0,0.0,0.0,0.004,307016.169231
1789499,IT,WA,ADDIT,NONSP,0.09,39907.881,4,4,39907.878,0.0,0.0,0.0,0.003,443420.9
1662477,IT,DK,ALUM1,RENTI,0.07,39907.694,4,4,39907.691,0.0,0.0,0.0,0.003,570109.914286
1669188,IT,ES,POSTT,ELEC3,0.66,39906.736,4,4,39906.733,0.0,0.0,0.0,0.003,60464.751515
1768824,IT,AU,LEATH,CEMEN,0.29,39905.983,4,4,39905.976,0.0,0.0,0.0,0.007,137606.837931
1812931,IT,WM,MACHI,MEATC,0.22,39905.419,4,4,39905.416,0.0,0.0,0.0,0.003,181388.268182
1792006,IT,WA,SEACO,RECRE,0.04,39903.405,3,3,39903.405,0.0,0.0,0.0,0.0,997585.125
1772162,IT,CH,KERO1,BUSIN,0.06,39903.25,4,4,39903.247,0.0,0.0,0.0,0.003,665054.166667
1756061,IT,KR,FABRI,KEROS,0.16,39902.556,4,4,39902.553,0.0,0.0,0.0,0.003,249390.975
1641428,IT,AT,GASDI,GASDI,0.06,39901.827,4,4,39901.824,0.0,0.0,0.0,0.003,665030.45
1676463,IT,FR,RETA1,GLASS,0.42,39901.674,4,4,39901.671,0.0,0.0,0.0,0.003,95003.985714
1722350,IT,PT,FISHF,FISHF,0.07,39899.822,3,3,39899.822,0.0,0.0,0.0,0.0,569997.457143
1661985,IT,DK,PETRO,FABRI,0.07,39897.616,4,4,39897.613,0.0,0.0,0.0,0.003,569965.942857
1734424,IT,SK,VEGET,BUSIN,0.14,39896.077,4,4,39896.075,0.0,0.0,0.0,0.002,284971.978571
1749396,IT,CN,MOTOR,CONST,0.06,39895.584,4,4,39895.581,0.0,0.0,0.0,0.003,664926.4
1675368,IT,FR,MACHI,HEAVY,0.22,39894.992,4,4,39894.989,0.0,0.0,0.0,0.003,181340.872727
1813626,IT,WM,RETA1,NATUR,0.42,39894.773,4,4,39894.77,0.0,0.0,0.0,0.003,94987.554762
1796597,IT,WL,HOTEL,WEARI,0.29,39892.886,4,4,39892.883,0.0,0.0,0.0,0.003,137561.675862
1744393,IT,US,INSUR,REALE,0.82,39888.576,4,4,39888.574,0.0,0.0,0.0,0.002,48644.604878
1773644,IT,CH,FURNI,VEGET,0.13,39887.435,4,4,39887.432,0.0,0.0,0.0,0.003,306826.423077
1734653,IT,SK,TEXTI,PUBLI,0.24,39885.681,4,4,39885.676,0.0,0.0,0.0,0.005,166190.3375
1741183,IT,US,LEATH,REALE,0.29,39885.153,4,4,39885.146,0.0,0.0,0.0,0.007,137535.010345
1803788,IT,WF,TEXTI,MEATP,0.24,39881.326,4,4,39881.321,0.0,0.0,0.0,0.005,166172.191667
1799519,IT,WE,PAPER,93197,0.15,39880.233,4,4,39880.229,0.0,0.0,0.0,0.004,265868.22
1787876,IT,WA,BEVER,MEATA,0.17,39880.107,4,4,39880.104,0.0,0.0,0.0,0.003,234588.864706
1739665,IT,GB,AIRTR,RESEA,0.04,39879.219,3,3,39879.219,0.0,0.0,0.0,0.0,996980.475
1645115,IT,BE,PAPER,PLAS1,0.15,39879.094,4,4,39879.09,0.0,0.0,0.0,0.004,265860.626667
1682367,IT,HR,WOODW,RENTI,0.11,39876.026,4,4,39876.023,0.0,0.0,0.0,0.003,362509.327273
1669906,IT,ES,PUBLI,RESEA,0.65,39875.177,4,4,39875.174,0.0,0.0,0.0,0.003,61346.426154
1748652,IT,CN,DAIRY,RAILW,0.16,39875.017,4,4,39875.014,0.0,0.0,0.0,0.003,249218.85625
1728467,IT,SE,LEATH,RETAI,0.29,39874.149,4,4,39874.142,0.0,0.0,0.0,0.007,137497.065517
1790061,IT,WA,BASIC,RAWMI,0.05,39873.179,4,4,39873.176,0.0,0.0,0.0,0.003,797463.58
1809022,IT,WM,VEGET,LEAD1,0.14,39872.895,4,4,39872.893,0.0,0.0,0.0,0.002,284806.392857
1655871,IT,DE,DAIRY,SUGA1,0.16,39871.95,4,4,39871.947,0.0,0.0,0.0,0.003,249199.6875
1756189,IT,KR,MACHI,BIODI,0.22,39866.816,4,4,39866.813,0.0,0.0,0.0,0.003,181212.8
1729499,IT,SE,ALUM1,STEAM,0.07,39866.203,4,4,39866.2,0.0,0.0,0.0,0.003,569517.185714
1726619,IT,RO,MOTO1,BASIC,0.21,39864.384,4,4,39864.381,0.0,0.0,0.0,0.003,189830.4
1794966,IT,WL,CHEM1,MACHI,0.08,39862.814,4,4,39862.81,0.0,0.0,0.0,0.004,498285.175
1671116,IT,FI,GLASS,PAPER,0.11,39862.342,4,4,39862.34,0.0,0.0,0.0,0.002,362384.927273
1813236,IT,WM,TRANS,FOOD5,0.24,39857.877,4,4,39857.875,0.0,0.0,0.0,0.002,166074.4875
1797067,IT,WL,SUPPO,INSUR,0.29,39857.762,4,4,39857.76,0.0,0.0,0.0,0.002,137440.558621
1758699,IT,BR,SALEM,INSUR,0.32,39857.247,4,4,39857.245,0.0,0.0,0.0,0.002,124553.896875
1783338,IT,NO,PAPE1,PAPE1,0.28,39857.157,4,4,39857.154,0.0,0.0,0.0,0.003,142346.989286
1652640,IT,CZ,WOODW,ELECT,0.11,39852.705,4,4,39852.702,0.0,0.0,0.0,0.003,362297.318182
1654114,IT,CZ,OFFIC,INSUR,0.12,39852.307,4,4,39852.304,0.0,0.0,0.0,0.003,332102.558333
1787252,IT,WA,VEGET,GLASS,0.14,39851.062,4,4,39851.06,0.0,0.0,0.0,0.002,284650.442857
1771006,IT,CH,OILSE,PUBLI,0.03,39848.77,4,4,39848.768,0.0,0.0,0.0,0.002,1328292.333333
1684264,IT,HR,SEACO,BUSIN,0.04,39847.578,3,3,39847.578,0.0,0.0,0.0,0.0,996189.45
1756311,IT,KR,MOTO1,ELEC2,0.21,39846.288,4,4,39846.285,0.0,0.0,0.0,0.003,189744.228571
1770453,IT,AU,SEACO,PUBLI,0.04,39845.534,3,3,39845.534,0.0,0.0,0.0,0.0,996138.35
1738879,IT,GB,TRANS,BUSIN,0.24,39844.091,4,4,39844.089,0.0,0.0,0.0,0.002,166017.045833
1724255,IT,PT,LANDT,BEVER,0.26,39842.877,4,4,39842.875,0.0,0.0,0.0,0.002,153241.834615
1776385,IT,TR,PRINT,OFFIC,0.38,39842.848,4,4,39842.845,0.0,0.0,0.0,0.003,104849.6
1752037,IT,CN,RESEA,RENTI,0.22,39841.472,4,4,39841.469,0.0,0.0,0.0,0.003,181097.6
1651554,IT,CY,RUBBE,WHOLE,0.13,39839.949,4,4,39839.945,0.0,0.0,0.0,0.004,306461.146154
1650877,IT,BG,LANDT,COMPU,0.26,39836.965,4,4,39836.963,0.0,0.0,0.0,0.002,153219.096154
1657827,IT,DE,NONME,SALEM,0.08,39833.461,4,4,39833.457,0.0,0.0,0.0,0.004,497918.2625
1666326,IT,ES,LIQUE,FURNI,0.07,39833.161,4,4,39833.158,0.0,0.0,0.0,0.003,569045.157143
1646532,IT,BE,MACHI,RECRE,0.22,39832.978,4,4,39832.975,0.0,0.0,0.0,0.003,181058.990909
1736424,IT,SK,LANDT,ELEC1,0.26,39831.722,4,4,39831.72,0.0,0.0,0.0,0.002,153198.930769
1758609,IT,BR,MOTO1,EDUCA,0.21,39830.462,4,4,39830.459,0.0,0.0,0.0,0.003,189668.866667
1660154,IT,DE,SUPPO,GASDI,0.29,39829.629,4,4,39829.627,0.0,0.0,0.0,0.002,137343.548276
1726482,IT,RO,FABRI,HOTEL,0.16,39827.925,4,4,39827.922,0.0,0.0,0.0,0.003,248924.53125
1771244,IT,CH,VEGE1,SECO9,0.12,39826.07,4,4,39826.061,0.0,0.0,0.0,0.009,331883.916667
1671969,IT,FI,LANDT,MOTO1,0.26,39826.004,4,4,39826.002,0.0,0.0,0.0,0.002,153176.938462
1752979,IT,CA,CHEM1,SANDC,0.08,39821.674,4,4,39821.67,0.0,0.0,0.0,0.004,497770.925
1667024,IT,ES,NONME,MEATC,0.08,39820.909,4,4,39820.905,0.0,0.0,0.0,0.004,497761.3625
1682774,IT,HR,HEAVY,FISHF,0.06,39819.382,4,4,39819.379,0.0,0.0,0.0,0.003,663656.366667
1723789,IT,PT,OFFIC,TRANS,0.12,39818.112,4,4,39818.109,0.0,0.0,0.0,0.003,331817.6
1785648,IT,ZA,HEAVY,PFERT,0.06,39816.656,4,4,39816.653,0.0,0.0,0.0,0.003,663610.933333
1814522,IT,WM,RESEA,FINAN,0.22,39815.527,4,4,39815.524,0.0,0.0,0.0,0.003,180979.668182
1682726,IT,HR,GASDI,TRANS,0.06,39813.611,4,4,39813.608,0.0,0.0,0.0,0.003,663560.183333
1716666,IT,NL,WHOLE,WEARI,0.34,39809.207,4,4,39809.205,0.0,0.0,0.0,0.002,117085.902941
1682637,IT,HR,KEROS,ELECT,0.06,39804.758,4,4,39804.755,0.0,0.0,0.0,0.003,663412.633333
1655670,IT,DE,CHEMI,BIOGA,0.09,39798.996,5,5,39796.992,0.0,0.0,2.0,0.004,442211.066667
1684178,IT,HR,LANDT,DISTR,0.26,39797.043,4,4,39797.041,0.0,0.0,0.0,0.002,153065.55
1647390,IT,BE,AIRTR,CHEMI,0.04,39796.133,3,3,39796.133,0.0,0.0,0.0,0.0,994903.325
1689149,IT,IE,SALEM,DIST1,0.32,39795.354,4,4,39795.352,0.0,0.0,0.0,0.002,124360.48125
1753587,IT,CA,MACHI,ELEC6,0.22,39794.394,4,4,39794.391,0.0,0.0,0.0,0.003,180883.609091
1643960,IT,AT,COMPU,OFFIC,0.45,39794.277,4,4,39794.274,0.0,0.0,0.0,0.003,88431.726667
1658078,IT,DE,PREC1,PUBLI,0.07,39793.079,4,4,39793.077,0.0,0.0,0.0,0.002,568472.557143
1798226,IT,WE,VEGET,NONME,0.14,39792.56,4,4,39792.558,0.0,0.0,0.0,0.002,284232.571429
1664779,IT,ES,CEREA,VEGE1,0.06,39792.151,4,4,39792.149,0.0,0.0,0.0,0.002,663202.516667
1730950,IT,SE,INTER,INTER,0.24,39790.686,4,4,39790.683,0.0,0.0,0.0,0.003,165794.525
1731245,IT,SI,MEATP,DAIRY,0.16,39788.37,4,4,39788.366,0.0,0.0,0.0,0.004,248677.3125
1788028,IT,WA,TEXTI,BIODI,0.24,39786.537,4,4,39786.532,0.0,0.0,0.0,0.005,165777.2375
1712549,IT,LV,MACHI,FORES,0.22,39784.461,4,4,39784.458,0.0,0.0,0.0,0.003,180838.459091
1781905,IT,NO,CHEM1,NONME,0.08,39784.171,4,4,39784.167,0.0,0.0,0.0,0.004,497302.1375
1662758,IT,DK,OFFIC,COMPU,0.12,39782.069,4,4,39782.066,0.0,0.0,0.0,0.003,331517.241667
1655887,IT,DE,DAIRY,CONST,0.16,39781.74,4,4,39781.737,0.0,0.0,0.0,0.003,248635.875
1813265,IT,WM,TRANS,CEMEN,0.24,39779.586,4,4,39779.584,0.0,0.0,0.0,0.002,165748.275
1782117,IT,NO,CERAM,RETAI,0.06,39779.498,4,4,39779.496,0.0,0.0,0.0,0.002,662991.633333
1746163,IT,JP,PLAST,GLASS,0.08,39776.322,4,4,39776.318,0.0,0.0,0.0,0.004,497204.025
1645076,IT,BE,PAPER,OFFIC,0.15,39775.175,4,4,39775.171,0.0,0.0,0.0,0.004,265167.833333
1782263,IT,NO,ALUM1,FURNI,0.07,39775.102,4,4,39775.099,0.0,0.0,0.0,0.003,568215.742857
1730450,IT,SE,POSTT,RETAI,0.66,39773.334,4,4,39773.331,0.0,0.0,0.0,0.003,60262.627273
1713404,IT,MT,BITU1,FURNI,0.06,39772.203,4,4,39772.2,0.0,0.0,0.0,0.003,662870.05
1685110,IT,HU,FOOD5,CEMEN,0.19,39772.058,4,4,39772.054,0.0,0.0,0.0,0.004,209326.621053
1809425,IT,WM,CHEMI,PREC1,0.09,39771.505,5,5,39769.501,0.0,0.0,2.0,0.004,441905.611111
1687005,IT,HU,MACHI,RECRE,0.22,39771.031,4,4,39771.028,0.0,0.0,0.0,0.003,180777.413636
1776488,IT,TR,MOTOR,DISTR,0.06,39769.428,4,4,39769.425,0.0,0.0,0.0,0.003,662823.8
1676925,IT,FR,INLAN,HEALT,0.06,39767.679,4,4,39767.676,0.0,0.0,0.0,0.003,662794.65
1787473,IT,WA,STONE,PRIVA,0.13,39767.332,5,5,39765.33,0.0,0.0,2.0,0.002,305902.553846
1796352,IT,WL,WHOLE,VEGET,0.34,39765.808,4,4,39765.806,0.0,0.0,0.0,0.002,116958.258824
1776109,IT,TR,LEATH,NONFE,0.28,39763.967,4,4,39763.96,0.0,0.0,0.0,0.007,142014.167857
1729074,IT,SE,RUBBE,STEAM,0.13,39763.653,4,4,39763.649,0.0,0.0,0.0,0.004,305874.253846
1689919,IT,IE,AUXIL,AIRTR,0.73,39763.394,4,4,39763.392,0.0,0.0,0.0,0.002,54470.40274
1737613,IT,GB,PAPER,BRICK,0.15,39761.558,4,4,39761.554,0.0,0.0,0.0,0.004,265077.053333
1797159,IT,WL,POSTT,DISTR,0.65,39759.144,4,4,39759.141,0.0,0.0,0.0,0.003,61167.913846
1759663,IT,BR,RESEA,CONST,0.22,39758.35,4,4,39758.347,0.0,0.0,0.0,0.003,180719.772727
1688888,IT,IE,ALUM1,RESEA,0.07,39757.59,4,4,39757.587,0.0,0.0,0.0,0.003,567965.571429
1789933,IT,WA,CEMEN,CERAM,0.06,39755.98,4,4,39755.978,0.0,0.0,0.0,0.002,662599.666667
1801829,IT,WE,ELEC7,FORES,0.03,39753.126,3,3,39753.126,0.0,0.0,0.0,0.0,1325104.2
1790038,IT,WA,NONME,REALE,0.08,39749.872,4,4,39749.868,0.0,0.0,0.0,0.004,496873.4
1644727,IT,BE,BEVER,REALE,0.17,39747.282,4,4,39747.279,0.0,0.0,0.0,0.003,233807.541176
1682626,IT,HR,KEROS,CERAM,0.06,39747.26,4,4,39747.257,0.0,0.0,0.0,0.003,662454.333333
1674578,IT,FR,RUBBE,ELE10,0.13,39746.958,4,4,39746.954,0.0,0.0,0.0,0.004,305745.830769
1655529,IT,DE,ALUMI,ALUM1,0.07,39746.567,4,4,39746.564,0.0,0.0,0.0,0.003,567808.1
1657042,IT,DE,PARAF,NAPHT,0.06,39745.251,4,4,39745.248,0.0,0.0,0.0,0.003,662420.85
1643561,IT,AT,SEACO,OFFIC,0.04,39742.83,3,3,39742.83,0.0,0.0,0.0,0.0,993570.75
1677482,IT,FR,AUXIL,WEARI,0.73,39741.568,4,4,39741.566,0.0,0.0,0.0,0.002,54440.50411
1652265,IT,CZ,FOOD5,REALE,0.19,39738.454,4,4,39738.45,0.0,0.0,0.0,0.004,209149.757895
1655098,IT,CZ,COMPU,BUSIN,0.45,39737.911,4,4,39737.909,0.0,0.0,0.0,0.002,88306.468889
1774076,IT,CH,WHOLE,VEGE1,0.34,39735.999,4,4,39735.997,0.0,0.0,0.0,0.002,116870.585294
1801085,IT,WE,COPP1,ELEC3,0.1,39735.862,4,4,39735.86,0.0,0.0,0.0,0.002,397358.62
1728816,IT,SE,NUCLE,STONE,0.08,39735.406,4,4,39735.403,0.0,0.0,0.0,0.003,496692.575
1679738,IT,GR,BASIC,PLAST,0.05,39734.518,4,4,39734.515,0.0,0.0,0.0,0.003,794690.36
1725023,IT,PT,RECRE,RECRE,0.51,39734.41,4,4,39734.407,0.0,0.0,0.0,0.003,77910.607843
1792246,IT,WA,POSTT,PFERT,0.65,39733.837,4,4,39733.834,0.0,0.0,0.0,0.003,61128.98
1731622,IT,SI,LEATH,WEARI,0.28,39733.81,4,4,39733.803,0.0,0.0,0.0,0.007,141906.464286
1655260,IT,DE,WHEAT,WHEAT,0.03,39732.493,3,3,39732.493,0.0,0.0,0.0,0.0,1324416.433333
1776267,IT,TR,PAPER,VEGET,0.15,39731.038,4,4,39731.034,0.0,0.0,0.0,0.004,264873.586667
1664079,IT,EE,CHEM1,MACHI,0.08,39729.487,4,4,39729.483,0.0,0.0,0.0,0.004,496618.5875
1682731,IT,HR,GASDI,COLLE,0.06,39721.656,4,4,39721.653,0.0,0.0,0.0,0.003,662027.6
1663748,IT,EE,FOOD5,FOOD5,0.19,39720.793,4,4,39720.789,0.0,0.0,0.0,0.004,209056.805263
1721981,IT,PL,COMPU,MACHI,0.45,39719.205,4,4,39719.203,0.0,0.0,0.0,0.002,88264.9
1674483,IT,FR,BIODI,SEACO,0.08,39716.9,4,4,39716.896,0.0,0.0,0.0,0.004,496461.25
1732010,IT,SI,KEROS,RUBBE,0.06,39711.72,4,4,39711.717,0.0,0.0,0.0,0.003,661862.0
1798626,IT,WE,MEAT1,93197,0.19,39711.457,4,4,39711.452,0.0,0.0,0.0,0.005,209007.668421
1736377,IT,SK,LANDT,STONE,0.26,39706.014,4,4,39706.012,0.0,0.0,0.0,0.002,152715.438462
1814160,IT,WM,AIRTR,FOOD4,0.04,39705.844,3,3,39705.844,0.0,0.0,0.0,0.0,992646.1
1744886,IT,US,BUSIN,WEARI,0.41,39704.872,4,4,39704.869,0.0,0.0,0.0,0.003,96841.15122
1652155,IT,CZ,VEGE1,PIGS9,0.12,39702.429,4,4,39702.42,0.0,0.0,0.0,0.009,330853.575
1711540,IT,LU,POSTT,RENTI,0.65,39701.65,4,4,39701.647,0.0,0.0,0.0,0.003,61079.461538
1648414,IT,BE,PRIVA,HEAVY,8.86,39701.504,4,4,39701.498,0.0,0.0,0.0,0.006,4480.982393
1646801,IT,BE,SALEM,MACHI,0.32,39700.536,4,4,39700.534,0.0,0.0,0.0,0.002,124064.175
1724546,IT,PT,POSTT,HOTEL,0.65,39694.4,4,4,39694.397,0.0,0.0,0.0,0.003,61068.307692
1676084,IT,FR,ELEC7,PUBLI,0.03,39692.766,3,3,39692.766,0.0,0.0,0.0,0.0,1323092.2
1642235,IT,AT,NONME,FOOD5,0.08,39691.987,4,4,39691.983,0.0,0.0,0.0,0.004,496149.8375
1666309,IT,ES,LIQUE,PLAST,0.07,39690.57,4,4,39690.567,0.0,0.0,0.0,0.003,567008.142857
1768040,IT,RU,BUSIN,PAPER,0.41,39690.45,4,4,39690.447,0.0,0.0,0.0,0.003,96805.97561
1687681,IT,HU,AIRTR,FINAN,0.04,39689.728,3,3,39689.728,0.0,0.0,0.0,0.0,992243.2
1714279,IT,MT,BUSIN,HOTEL,0.41,39689.436,4,4,39689.433,0.0,0.0,0.0,0.003,96803.502439
1814471,IT,WM,COMPU,REALE,0.45,39687.665,4,4,39687.663,0.0,0.0,0.0,0.002,88194.811111
1740711,IT,US,CHEMI,FURNI,0.09,39686.148,5,5,39684.144,0.0,0.0,2.0,0.004,440957.2
1686362,IT,HU,BASIC,WHEAT,0.05,39685.13,4,4,39685.127,0.0,0.0,0.0,0.003,793702.6
1678812,IT,GR,BEVER,ANIMA,0.17,39683.072,4,4,39683.069,0.0,0.0,0.0,0.003,233429.835294
1649137,IT,BG,PAPER,INSUR,0.15,39683.071,4,4,39683.067,0.0,0.0,0.0,0.004,264553.806667
1745789,IT,JP,WEARI,AUXIL,0.3,39681.504,4,4,39681.496,0.0,0.0,0.0,0.008,132271.68
1758235,IT,BR,BASIC,OFFIC,0.05,39680.828,4,4,39680.825,0.0,0.0,0.0,0.003,793616.56
1652838,IT,CZ,PRINT,WHOLE,0.38,39680.827,4,4,39680.824,0.0,0.0,0.0,0.003,104423.228947
1805314,IT,WF,RUBBE,WHEAT,0.13,39680.767,4,4,39680.763,0.0,0.0,0.0,0.004,305236.669231
1672876,IT,FR,VEGE1,RUBBE,0.12,39678.527,4,4,39678.518,0.0,0.0,0.0,0.009,330654.391667
1756413,IT,KR,FURNI,HEALT,0.13,39678.171,4,4,39678.168,0.0,0.0,0.0,0.003,305216.7
1801606,IT,WE,TRANS,LANDT,0.24,39674.574,4,4,39674.572,0.0,0.0,0.0,0.002,165310.725
1711105,IT,LU,ALUM1,WASTE,0.07,39672.553,4,4,39672.55,0.0,0.0,0.0,0.003,566750.757143
1764861,IT,MX,AIRTR,CRUDE,0.04,39671.394,3,3,39671.394,0.0,0.0,0.0,0.0,991784.85
1754052,IT,CA,SEACO,AIRTR,0.04,39666.852,3,3,39666.852,0.0,0.0,0.0,0.0,991671.3
1653142,IT,CZ,CHEM1,OFFIC,0.08,39665.095,4,4,39665.091,0.0,0.0,0.0,0.004,495813.6875
1810580,IT,WM,PAPER,FOOD3,0.15,39663.467,4,4,39663.463,0.0,0.0,0.0,0.004,264423.113333
1710732,IT,LU,BEVER,FISH5,0.17,39663.449,4,4,39663.446,0.0,0.0,0.0,0.003,233314.405882
1666702,IT,ES,RUBBE,CROPS,0.13,39662.107,4,4,39662.103,0.0,0.0,0.0,0.004,305093.130769
1645508,IT,BE,PLAST,BIOGA,0.08,39660.89,4,4,39660.886,0.0,0.0,0.0,0.004,495761.125
1737517,IT,GB,WOODW,BRICK,0.11,39660.329,4,4,39660.326,0.0,0.0,0.0,0.003,360548.445455
1662371,IT,DK,BASIC,SECO9,0.05,39660.053,4,4,39660.05,0.0,0.0,0.0,0.003,793201.06
1660975,IT,DE,BUSIN,OFFIC,0.41,39658.04,4,4,39658.037,0.0,0.0,0.0,0.003,96726.926829
1657030,IT,DE,NAPHT,COMPU,0.07,39655.217,4,4,39655.214,0.0,0.0,0.0,0.003,566503.1
1664515,IT,EE,TRANS,BASIC,0.24,39654.064,4,4,39654.062,0.0,0.0,0.0,0.002,165225.266667
1744994,IT,US,PUBLI,FISHF,0.65,39652.774,4,4,39652.771,0.0,0.0,0.0,0.003,61004.267692
1689909,IT,IE,AUXIL,DIST1,0.72,39651.123,4,4,39651.121,0.0,0.0,0.0,0.002,55071.004167
1729715,IT,SE,MACHI,COPPE,0.22,39649.778,4,4,39649.775,0.0,0.0,0.0,0.003,180226.263636
1792547,IT,WA,RENTI,PRECI,0.24,39649.227,4,4,39649.225,0.0,0.0,0.0,0.002,165205.1125
1806590,IT,WF,CONST,INSUR,0.22,39647.841,4,4,39647.839,0.0,0.0,0.0,0.002,180217.459091
1710691,IT,LU,PROCE,MOTO1,0.27,39646.869,4,4,39646.867,0.0,0.0,0.0,0.002,146840.255556
1687074,IT,HU,MOTO1,TRANS,0.21,39645.635,4,4,39645.632,0.0,0.0,0.0,0.003,188788.738095
1769829,IT,AU,MACHI,PAPE2,0.22,39645.389,4,4,39645.386,0.0,0.0,0.0,0.003,180206.313636
1668953,IT,ES,AIRTR,BIODI,0.04,39642.884,3,3,39642.884,0.0,0.0,0.0,0.0,991072.1
1742879,IT,US,MACHI,WEARI,0.22,39642.413,4,4,39642.41,0.0,0.0,0.0,0.003,180192.786364
1673799,IT,FR,PRINT,WHEAT,0.38,39642.073,4,4,39642.07,0.0,0.0,0.0,0.003,104321.244737
1720683,IT,PL,MOTO1,AUXIL,0.21,39641.262,4,4,39641.259,0.0,0.0,0.0,0.003,188767.914286
1763393,IT,MX,PRINT,INSUR,0.38,39641.051,4,4,39641.048,0.0,0.0,0.0,0.003,104318.555263
1760588,IT,IN,WOODW,PFERT,0.11,39639.64,4,4,39639.637,0.0,0.0,0.0,0.003,360360.363636
1782158,IT,NO,NONME,BRICK,0.08,39639.119,4,4,39639.115,0.0,0.0,0.0,0.004,495488.9875
1803508,IT,WF,VEGE1,MEAT1,0.12,39638.984,4,4,39638.975,0.0,0.0,0.0,0.009,330324.866667
1807478,IT,WF,REALE,WHOLE,1.67,39637.474,4,4,39637.471,0.0,0.0,0.0,0.003,23735.014371
1679229,IT,GR,KEROS,MOTOR,0.06,39633.584,4,4,39633.581,0.0,0.0,0.0,0.003,660559.733333
1648009,IT,BE,COMPU,PRINT,0.45,39630.272,4,4,39630.27,0.0,0.0,0.0,0.002,88067.271111
1789773,IT,WA,GLASS,ELECT,0.11,39630.152,4,4,39630.15,0.0,0.0,0.0,0.002,360274.109091
1655480,IT,DE,FISHF,COMPU,0.07,39629.202,3,3,39629.202,0.0,0.0,0.0,0.0,566131.457143
1690349,IT,IE,FOOD3,WHOLE,0.11,39627.041,4,4,39627.039,0.0,0.0,0.0,0.002,360245.827273
1786613,IT,ZA,SALEM,EDUCA,0.32,39626.447,4,4,39626.445,0.0,0.0,0.0,0.002,123832.646875
1791029,IT,WA,TRANS,OILSE,0.24,39626.281,4,4,39626.279,0.0,0.0,0.0,0.002,165109.504167
1739080,IT,GB,RETAI,INERT,0.31,39626.049,4,4,39626.046,0.0,0.0,0.0,0.003,127825.964516
1738453,IT,GB,LEAD1,NONME,0.07,39625.718,4,4,39625.715,0.0,0.0,0.0,0.003,566081.685714
1810425,IT,WM,PULP5,GASDI,0.12,39625.059,4,4,39625.055,0.0,0.0,0.0,0.004,330208.825
1734775,IT,SK,WOODW,CEMEN,0.11,39623.428,4,4,39623.425,0.0,0.0,0.0,0.003,360212.981818
1792374,IT,WA,FINAN,EDUCA,0.52,39620.505,3,3,39620.505,0.0,0.0,0.0,0.0,76193.278846
1714182,IT,MT,POSTT,RECRE,0.65,39619.271,4,4,39619.268,0.0,0.0,0.0,0.003,60952.724615
1721462,IT,PL,AIRTR,AIRTR,0.04,39618.093,3,3,39618.093,0.0,0.0,0.0,0.0,990452.325
1647489,IT,BE,SUPPO,PULP5,0.28,39617.5,4,4,39617.498,0.0,0.0,0.0,0.002,141491.071429
1643519,IT,AT,TRAN2,NAPHT,0.06,39617.044,3,3,39617.044,0.0,0.0,0.0,0.0,660284.066667
1785645,IT,ZA,HEAVY,PRINT,0.06,39616.645,4,4,39616.642,0.0,0.0,0.0,0.003,660277.416667
1743692,IT,US,RAILW,FURNI,0.27,39616.472,4,4,39616.47,0.0,0.0,0.0,0.002,146727.674074
1688154,IT,HU,BUSIN,TRANS,0.41,39611.764,4,4,39611.761,0.0,0.0,0.0,0.003,96614.058537
1710156,IT,LT,MACHI,CEMEN,0.22,39608.826,4,4,39608.823,0.0,0.0,0.0,0.003,180040.118182
1807758,IT,WF,PUBLI,CHARC,0.65,39604.775,4,4,39604.772,0.0,0.0,0.0,0.003,60930.423077
1648182,IT,BE,BUSIN,WHITE,0.41,39601.643,4,4,39601.64,0.0,0.0,0.0,0.003,96589.373171
1790898,IT,WA,OFFIC,TEXTI,0.12,39597.599,4,4,39597.596,0.0,0.0,0.0,0.003,329979.991667
1650905,IT,BG,SEACO,LEATH,0.04,39594.569,3,3,39594.569,0.0,0.0,0.0,0.0,989864.225
1680915,IT,GR,LANDT,SUPPO,0.26,39589.584,4,4,39589.582,0.0,0.0,0.0,0.002,152267.630769
1771766,IT,CH,LEATH,CONST,0.28,39588.72,4,4,39588.713,0.0,0.0,0.0,0.007,141388.285714
1743992,IT,US,AIRTR,PETRO,0.04,39587.972,3,3,39587.972,0.0,0.0,0.0,0.0,989699.3
1651284,IT,CY,FOOD5,FOOD5,0.19,39587.745,4,4,39587.741,0.0,0.0,0.0,0.004,208356.552632
1779513,IT,TR,RENTI,FINAN,0.24,39585.155,4,4,39585.153,0.0,0.0,0.0,0.002,164938.145833
1729802,IT,SE,MACHI,FOODW,0.22,39582.96,4,4,39582.957,0.0,0.0,0.0,0.003,179922.545455
1712352,IT,LV,RUBBE,RENTI,0.13,39580.894,4,4,39580.89,0.0,0.0,0.0,0.004,304468.415385
1667789,IT,ES,OFFIC,BRICK,0.12,39578.369,4,4,39578.366,0.0,0.0,0.0,0.003,329819.741667
1712723,IT,LV,HOTEL,COMPU,0.29,39573.835,4,4,39573.832,0.0,0.0,0.0,0.003,136461.5
1671897,IT,FI,HOTEL,RESEA,0.29,39568.134,4,4,39568.131,0.0,0.0,0.0,0.003,136441.841379
1672936,IT,FR,DAIRY,VEGE1,0.16,39565.041,4,4,39565.038,0.0,0.0,0.0,0.003,247281.50625
1714124,IT,MT,SEACO,PUBLI,0.04,39564.648,3,3,39564.648,0.0,0.0,0.0,0.0,989116.2
1679700,IT,GR,CEMEN,WHOLE,0.06,39564.149,4,4,39564.147,0.0,0.0,0.0,0.002,659402.483333
1666433,IT,ES,BITU1,BUSIN,0.06,39562.813,4,4,39562.81,0.0,0.0,0.0,0.003,659380.216667
1766685,IT,RU,FABRI,AIRTR,0.16,39560.609,4,4,39560.606,0.0,0.0,0.0,0.003,247253.80625
1766696,IT,RU,FABRI,EDUCA,0.16,39558.198,4,4,39558.195,0.0,0.0,0.0,0.003,247238.7375
1641447,IT,AT,GASDI,TRANS,0.06,39557.993,4,4,39557.99,0.0,0.0,0.0,0.003,659299.883333
1731975,IT,SI,AVIAT,REALE,0.09,39557.212,4,4,39557.209,0.0,0.0,0.0,0.003,439524.577778
1721284,IT,PL,LANDT,COLLE,0.26,39556.118,4,4,39556.116,0.0,0.0,0.0,0.002,152138.915385
1670402,IT,FI,FOOD5,PIGS9,0.19,39555.259,4,4,39555.255,0.0,0.0,0.0,0.004,208185.573684
1739236,IT,GB,RETA1,SEWAG,0.41,39554.918,4,4,39554.915,0.0,0.0,0.0,0.003,96475.409756
1774872,IT,CH,FINAN,REALE,0.52,39553.438,3,3,39553.438,0.0,0.0,0.0,0.0,76064.303846
1781401,IT,NO,FOOD5,POULT,0.19,39552.218,4,4,39552.214,0.0,0.0,0.0,0.004,208169.568421
1714431,IT,NL,PIGS9,MEATP,0.09,39551.345,4,4,39551.343,0.0,0.0,0.0,0.002,439459.388889
1813950,IT,WM,SEACO,PLANT,0.04,39550.944,3,3,39550.944,0.0,0.0,0.0,0.0,988773.6
1758549,IT,BR,MACHI,FOOD3,0.22,39549.565,4,4,39549.562,0.0,0.0,0.0,0.003,179770.75
1786685,IT,ZA,WHOLE,COMPU,0.34,39549.087,4,4,39549.085,0.0,0.0,0.0,0.002,116320.844118
1800276,IT,WE,PLAST,STEAM,0.08,39548.977,4,4,39548.973,0.0,0.0,0.0,0.004,494362.2125
1792052,IT,WA,AIRTR,PULP5,0.04,39544.675,3,3,39544.675,0.0,0.0,0.0,0.0,988616.875
1767680,IT,RU,POSTT,BUSIN,0.65,39540.641,4,4,39540.638,0.0,0.0,0.0,0.003,60831.755385
1709777,IT,LT,RUBBE,FOOD5,0.13,39538.129,4,4,39538.125,0.0,0.0,0.0,0.004,304139.453846
1747386,IT,JP,RETA1,HEALT,0.41,39537.722,4,4,39537.719,0.0,0.0,0.0,0.003,96433.468293
1750754,IT,CN,TRANS,ELECT,0.24,39536.548,4,4,39536.546,0.0,0.0,0.0,0.002,164735.616667
1682212,IT,HR,WEARI,SALEM,0.3,39533.294,4,4,39533.286,0.0,0.0,0.0,0.008,131777.646667
1667549,IT,ES,FABRI,RETAI,0.16,39530.18,4,4,39530.177,0.0,0.0,0.0,0.003,247063.625
1782907,IT,NO,SEACO,LANDT,0.04,39528.65,3,3,39528.65,0.0,0.0,0.0,0.0,988216.25
1651677,IT,CY,COPP1,COPP1,0.1,39526.074,4,4,39526.072,0.0,0.0,0.0,0.002,395260.74
1648014,IT,BE,COMPU,GASDI,0.45,39525.569,4,4,39525.567,0.0,0.0,0.0,0.002,87834.597778
1720782,IT,PL,TRANS,COMPU,0.24,39522.39,4,4,39522.388,0.0,0.0,0.0,0.002,164676.625
1683486,IT,HR,PREC1,DISTR,0.07,39522.342,4,4,39522.34,0.0,0.0,0.0,0.002,564604.885714
1771088,IT,CH,NATUR,HOTEL,0.06,39522.212,4,4,39522.209,0.0,0.0,0.0,0.003,658703.533333
1776118,IT,TR,LEATH,FOOD5,0.28,39522.048,4,4,39522.041,0.0,0.0,0.0,0.007,141150.171429
1772780,IT,CH,NONME,BRICK,0.08,39520.556,4,4,39520.552,0.0,0.0,0.0,0.004,494006.95
1659194,IT,DE,CONST,SUPPO,0.22,39520.304,4,4,39520.302,0.0,0.0,0.0,0.002,179637.745455
1674001,IT,FR,KEROS,PAPE1,0.06,39516.548,4,4,39516.545,0.0,0.0,0.0,0.003,658609.133333
1809775,IT,WM,FOOD5,WOODW,0.19,39515.809,4,4,39515.805,0.0,0.0,0.0,0.004,207977.942105
1811763,IT,WM,ADDIT,CEMEN,0.09,39515.069,4,4,39515.066,0.0,0.0,0.0,0.003,439056.322222
1790795,IT,WA,MACHI,BITU1,0.22,39513.84,4,4,39513.837,0.0,0.0,0.0,0.003,179608.363636
1677241,IT,FR,FINAN,VEGET,0.51,39513.216,3,3,39513.216,0.0,0.0,0.0,0.0,77476.894118
1735208,IT,SK,RUBBE,SALEM,0.13,39513.027,4,4,39513.023,0.0,0.0,0.0,0.004,303946.361538
1742707,IT,US,FABRI,SUGAR,0.16,39512.887,4,4,39512.884,0.0,0.0,0.0,0.003,246955.54375
1641126,IT,AT,PAPER,AIRTR,0.15,39511.775,4,4,39511.771,0.0,0.0,0.0,0.004,263411.833333
1740704,IT,US,CHEMI,CHEM1,0.09,39506.383,5,5,39504.379,0.0,0.0,2.0,0.004,438959.811111
1742445,IT,US,BASIC,SUBBI,0.05,39506.053,4,4,39506.051,0.0,0.0,0.0,0.002,790121.06
1679289,IT,GR,HEAVY,WEARI,0.06,39504.049,4,4,39504.046,0.0,0.0,0.0,0.003,658400.816667
1670664,IT,FI,LEATH,OILHA,0.28,39503.362,4,4,39503.355,0.0,0.0,0.0,0.007,141083.435714
1745073,IT,US,PUBLI,RETAI,0.65,39503.194,4,4,39503.191,0.0,0.0,0.0,0.003,60774.144615
1711122,IT,LU,LEAD1,BUSIN,0.07,39503.182,4,4,39503.179,0.0,0.0,0.0,0.003,564331.171429
1664185,IT,EE,GLASS,OFFIC,0.11,39500.597,4,4,39500.595,0.0,0.0,0.0,0.002,359096.336364
1801847,IT,WE,ELEC8,PUBLI,0.53,39500.471,4,4,39500.469,0.0,0.0,0.0,0.002,74529.190566
1713476,IT,MT,CHEM1,93197,0.08,39499.194,4,4,39499.19,0.0,0.0,0.0,0.004,493739.925
1720163,IT,PL,COPP1,CHEM1,0.1,39495.473,4,4,39495.471,0.0,0.0,0.0,0.002,394954.73
1709878,IT,LT,CERAM,LIQUE,0.06,39495.094,4,4,39495.092,0.0,0.0,0.0,0.002,658251.566667
1804423,IT,WF,KERO1,COPPE,0.06,39493.448,4,4,39493.445,0.0,0.0,0.0,0.003,658224.133333
1643741,IT,AT,SUPPO,RAILW,0.28,39493.073,4,4,39493.071,0.0,0.0,0.0,0.002,141046.689286
1737836,IT,GB,NONSP,RAILW,0.05,39490.119,4,4,39490.117,0.0,0.0,0.0,0.002,789802.38
1645511,IT,BE,PLAST,GLASS,0.08,39489.726,4,4,39489.722,0.0,0.0,0.0,0.004,493621.575
1772396,IT,CH,CHEM1,NFERT,0.08,39488.828,4,4,39488.824,0.0,0.0,0.0,0.004,493610.35
1678625,IT,GR,CHEMI,NONME,0.09,39485.423,5,5,39483.419,0.0,0.0,2.0,0.004,438726.922222
1796611,IT,WL,HOTEL,PLAST,0.29,39483.043,4,4,39483.04,0.0,0.0,0.0,0.003,136148.424138
1749187,IT,CN,PULP5,OFFIC,0.12,39482.961,4,4,39482.957,0.0,0.0,0.0,0.004,329024.675
1673951,IT,FR,MOTOR,MEMBE,0.06,39480.554,4,4,39480.551,0.0,0.0,0.0,0.003,658009.233333
1809692,IT,WM,PROCE,CHEM1,0.27,39480.208,4,4,39480.206,0.0,0.0,0.0,0.002,146222.992593
1746352,IT,JP,RUBBE,FOOD5,0.13,39479.606,4,4,39479.602,0.0,0.0,0.0,0.004,303689.276923
1721068,IT,PL,HOTEL,DIST1,0.29,39479.301,4,4,39479.298,0.0,0.0,0.0,0.003,136135.52069
1664808,IT,ES,VEGET,WHOLE,0.14,39478.926,4,4,39478.924,0.0,0.0,0.0,0.002,281992.328571
1784861,IT,ID,AIRTR,BITUM,0.04,39478.786,3,3,39478.786,0.0,0.0,0.0,0.0,986969.65
1683285,IT,HR,BRICK,SUPPO,0.06,39477.193,4,4,39477.19,0.0,0.0,0.0,0.003,657953.216667
1777690,IT,TR,COPP1,NONME,0.1,39475.321,4,4,39475.319,0.0,0.0,0.0,0.002,394753.21
1687244,IT,HU,WHOLE,FOOD5,0.34,39474.641,4,4,39474.639,0.0,0.0,0.0,0.002,116101.885294
1735109,IT,SK,CHEM1,LANDT,0.08,39473.607,4,4,39473.603,0.0,0.0,0.0,0.004,493420.0875
1723761,IT,PT,OFFIC,MEATP,0.12,39473.591,4,4,39473.588,0.0,0.0,0.0,0.003,328946.591667
1677911,IT,FR,BUSIN,ELEC5,0.41,39472.862,4,4,39472.859,0.0,0.0,0.0,0.003,96275.273171
1745547,IT,JP,BEVER,ELEC2,0.17,39469.059,4,4,39469.056,0.0,0.0,0.0,0.003,232170.935294
1654954,IT,CZ,INSUR,TRANS,0.81,39467.539,4,4,39467.537,0.0,0.0,0.0,0.002,48725.35679
1660161,IT,DE,SUPPO,CHEM1,0.28,39466.977,4,4,39466.975,0.0,0.0,0.0,0.002,140953.489286
1766299,IT,RU,CEMEN,CEMEN,0.06,39461.953,4,4,39461.951,0.0,0.0,0.0,0.002,657699.216667
1736890,IT,SK,BUSIN,WHOLE,0.41,39460.853,4,4,39460.85,0.0,0.0,0.0,0.003,96245.982927
1721027,IT,PL,HOTEL,PAPER,0.29,39457.49,4,4,39457.487,0.0,0.0,0.0,0.003,136060.310345
1807917,IT,WF,PLAS1,NICKE,0.14,39453.734,4,4,39453.731,0.0,0.0,0.0,0.003,281812.385714
1763102,IT,MX,WEARI,PFERT,0.3,39446.569,4,4,39446.562,0.0,0.0,0.0,0.007,131488.563333
1740096,IT,GB,COMPU,FOOD5,0.45,39437.417,4,4,39437.415,0.0,0.0,0.0,0.002,87638.704444
1764870,IT,MX,AIRTR,PAPER,0.04,39437.26,3,3,39437.26,0.0,0.0,0.0,0.0,985931.5
1800991,IT,WE,ALUM1,RETA1,0.07,39433.229,4,4,39433.226,0.0,0.0,0.0,0.003,563331.842857
1668563,IT,ES,HOTEL,RAILW,0.29,39431.428,4,4,39431.425,0.0,0.0,0.0,0.003,135970.441379
1719209,IT,PL,PLAST,93197,0.08,39430.73,4,4,39430.726,0.0,0.0,0.0,0.004,492884.125
1715281,IT,NL,PAPER,CEMEN,0.15,39429.415,4,4,39429.411,0.0,0.0,0.0,0.004,262862.766667
1665482,IT,ES,WEARI,CERAM,0.3,39423.168,4,4,39423.161,0.0,0.0,0.0,0.007,131410.56
1742823,IT,US,FABRI,PAPE3,0.16,39421.116,4,4,39421.113,0.0,0.0,0.0,0.003,246381.975
1793509,IT,WL,CHEMI,CONST,0.09,39420.427,5,5,39418.423,0.0,0.0,2.0,0.004,438004.744444
1765894,IT,RU,PLAST,HEAVY,0.08,39418.198,4,4,39418.194,0.0,0.0,0.0,0.004,492727.475
1779108,IT,TR,SUPPO,SALEM,0.28,39414.506,4,4,39414.504,0.0,0.0,0.0,0.002,140766.092857
1782180,IT,NO,NONME,EDUCA,0.08,39412.207,4,4,39412.203,0.0,0.0,0.0,0.004,492652.5875
1806744,IT,WF,WHOLE,LANDT,0.34,39411.652,4,4,39411.65,0.0,0.0,0.0,0.002,115916.623529
1709915,IT,LT,BASIC,RAWMI,0.05,39411.257,4,4,39411.255,0.0,0.0,0.0,0.002,788225.14
1683727,IT,HR,MACHI,PFERT,0.22,39410.642,4,4,39410.639,0.0,0.0,0.0,0.003,179139.281818
1765170,IT,MX,BUSIN,FABRI,0.4,39409.843,4,4,39409.84,0.0,0.0,0.0,0.003,98524.6075
1794869,IT,WL,PFERT,FOOD5,0.02,39408.655,4,4,39408.649,0.0,0.0,0.0,0.006,1970432.75
1744704,IT,US,COMPU,RAILW,0.45,39406.727,4,4,39406.725,0.0,0.0,0.0,0.002,87570.504444
1789085,IT,WA,BITU1,MEAT4,0.06,39404.994,4,4,39404.991,0.0,0.0,0.0,0.003,656749.9
1733814,IT,SI,LANDT,INTER,0.25,39403.401,4,4,39403.399,0.0,0.0,0.0,0.002,157613.604
1785435,IT,ZA,PAPER,AIRTR,0.15,39402.472,4,4,39402.468,0.0,0.0,0.0,0.004,262683.146667
1735338,IT,SK,BRICK,PREC1,0.06,39397.749,4,4,39397.746,0.0,0.0,0.0,0.003,656629.15
1683214,IT,HR,CERAM,CROPS,0.06,39396.577,4,4,39396.575,0.0,0.0,0.0,0.002,656609.616667
1679261,IT,GR,GASDI,TRANS,0.06,39396.316,4,4,39396.313,0.0,0.0,0.0,0.003,656605.266667
1782184,IT,NO,BASIC,BITUM,0.05,39394.903,4,4,39394.901,0.0,0.0,0.0,0.002,787898.06
1721374,IT,PL,SEACO,PAPER,0.04,39393.906,3,3,39393.906,0.0,0.0,0.0,0.0,984847.65
1678756,IT,GR,SUGA1,MOTO1,0.1,39393.699,4,4,39393.692,0.0,0.0,0.0,0.007,393936.99
1715020,IT,NL,TEXTI,FORES,0.23,39391.723,4,4,39391.718,0.0,0.0,0.0,0.005,171268.36087
1677641,IT,FR,REALE,HEALT,1.66,39390.808,4,4,39390.805,0.0,0.0,0.0,0.003,23729.40241
1670184,IT,ES,RECRE,FOOD5,0.5,39386.429,4,4,39386.426,0.0,0.0,0.0,0.003,78772.858
1679775,IT,GR,PREC1,TEXTI,0.07,39379.746,4,4,39379.744,0.0,0.0,0.0,0.002,562567.8
1732265,IT,SI,LIQUE,WHOLE,0.07,39379.241,4,4,39379.238,0.0,0.0,0.0,0.003,562560.585714
1790085,IT,WA,BASIC,DAIRY,0.05,39378.432,4,4,39378.43,0.0,0.0,0.0,0.002,787568.64
1785122,IT,ZA,VEGE1,CHEM1,0.12,39375.54,4,4,39375.531,0.0,0.0,0.0,0.009,328129.5
1728036,IT,SE,CHEMI,SUPPO,0.09,39368.48,5,5,39366.476,0.0,0.0,2.0,0.004,437427.555556
1810396,IT,WM,PULP5,VEGET,0.12,39368.398,4,4,39368.394,0.0,0.0,0.0,0.004,328069.983333
1720693,IT,PL,MOTO1,INTER,0.21,39367.35,4,4,39367.347,0.0,0.0,0.0,0.003,187463.571429
1716123,IT,NL,PREC1,PRINT,0.07,39365.027,4,4,39365.025,0.0,0.0,0.0,0.002,562357.528571
1710317,IT,LT,FURNI,CONST,0.13,39364.021,4,4,39364.018,0.0,0.0,0.0,0.003,302800.161538
1796111,IT,WL,TRANS,ELECT,0.23,39361.312,4,4,39361.31,0.0,0.0,0.0,0.002,171136.13913
1670496,IT,FI,BEVER,COPP1,0.17,39361.275,4,4,39361.272,0.0,0.0,0.0,0.003,231536.911765
1726041,IT,RO,CHEM1,PLAS2,0.08,39361.236,4,4,39361.232,0.0,0.0,0.0,0.004,492015.45
1655597,IT,DE,SANDC,MACHI,0.09,39357.876,4,4,39348.876,0.0,0.0,9.0,0.0,437309.733333
1804473,IT,WF,GASDI,DAIRY,0.06,39357.553,4,4,39357.55,0.0,0.0,0.0,0.003,655959.216667
1765811,IT,RU,GASDI,COKIN,0.06,39354.905,4,4,39354.902,0.0,0.0,0.0,0.003,655915.083333
1779896,IT,TW,CONST,ANIMA,0.22,39354.085,4,4,39354.083,0.0,0.0,0.0,0.002,178882.204545
1740938,IT,US,FOOD5,ELEC2,0.19,39353.501,4,4,39353.497,0.0,0.0,0.0,0.004,207123.689474
1676746,IT,FR,LANDT,SUGAR,0.25,39353.053,4,4,39353.051,0.0,0.0,0.0,0.002,157412.212
1673373,IT,FR,TEXTI,PAPE4,0.23,39352.466,4,4,39352.461,0.0,0.0,0.0,0.005,171097.678261
1794440,IT,WL,GASDI,NATUR,0.06,39350.945,4,4,39350.942,0.0,0.0,0.0,0.003,655849.083333
1759180,IT,BR,AIRTR,FOOD4,0.04,39345.417,3,3,39345.417,0.0,0.0,0.0,0.0,983635.425
1667436,IT,ES,COPP1,EDUCA,0.1,39345.403,4,4,39345.401,0.0,0.0,0.0,0.002,393454.03
1778310,IT,TR,SALEM,COLLE,0.32,39345.175,4,4,39345.173,0.0,0.0,0.0,0.002,122953.671875
1773920,IT,CH,SALEM,NATUR,0.32,39344.191,4,4,39344.189,0.0,0.0,0.0,0.002,122950.596875
1675809,IT,FR,FURNI,PAPE4,0.13,39342.722,4,4,39342.719,0.0,0.0,0.0,0.003,302636.323077
1723319,IT,PT,NONME,RAWMI,0.08,39342.25,4,4,39342.246,0.0,0.0,0.0,0.004,491778.125
1749441,IT,CN,GASDI,RAILW,0.06,39341.899,4,4,39341.896,0.0,0.0,0.0,0.003,655698.316667
1731566,IT,SI,TEXTI,FURNI,0.23,39341.758,4,4,39341.753,0.0,0.0,0.0,0.005,171051.121739
1778616,IT,TR,HOTEL,FOOD5,0.29,39340.712,4,4,39340.709,0.0,0.0,0.0,0.003,135657.627586
1755290,IT,KR,PAPER,SECO9,0.15,39340.368,4,4,39340.364,0.0,0.0,0.0,0.004,262269.12
1737916,IT,GB,CHEM1,WEARI,0.08,39340.306,4,4,39340.302,0.0,0.0,0.0,0.004,491753.825
1646659,IT,BE,FURNI,PRINT,0.13,39339.575,4,4,39339.572,0.0,0.0,0.0,0.003,302612.115385
1685125,IT,HU,FOOD5,CONST,0.19,39338.705,4,4,39338.701,0.0,0.0,0.0,0.004,207045.815789
1712654,IT,LV,TRANS,RAILW,0.23,39336.732,4,4,39336.73,0.0,0.0,0.0,0.002,171029.269565
1648279,IT,BE,PUBLI,KEROS,0.64,39336.161,4,4,39336.158,0.0,0.0,0.0,0.003,61462.751562
1798427,IT,WE,NATUR,FISH5,0.06,39333.298,4,4,39333.295,0.0,0.0,0.0,0.003,655554.966667
1754088,IT,CA,AIRTR,MOTOR,0.04,39333.248,3,3,39333.248,0.0,0.0,0.0,0.0,983331.2
1689492,IT,IE,HOTEL,MEMBE,0.29,39332.623,4,4,39332.62,0.0,0.0,0.0,0.003,135629.734483
1714806,IT,NL,FOOD5,MEAT4,0.19,39331.369,4,4,39331.365,0.0,0.0,0.0,0.004,207007.205263
1732745,IT,SI,CEMEN,RECRE,0.06,39328.445,4,4,39328.443,0.0,0.0,0.0,0.002,655474.083333
1776065,IT,TR,TEXTI,BUSIN,0.23,39328.107,4,4,39328.102,0.0,0.0,0.0,0.005,170991.769565
1660074,IT,DE,AIRTR,BRICK,0.04,39327.114,3,3,39327.114,0.0,0.0,0.0,0.0,983177.85
1768745,IT,AU,WEARI,FABRI,0.3,39326.623,4,4,39326.616,0.0,0.0,0.0,0.007,131088.743333
1803786,IT,WF,TEXTI,CHEMI,0.23,39326.587,4,4,39326.582,0.0,0.0,0.0,0.005,170985.16087
1742768,IT,US,FABRI,COPP1,0.16,39325.439,4,4,39325.436,0.0,0.0,0.0,0.003,245783.99375
1755868,IT,KR,NONME,CERAM,0.08,39323.885,4,4,39323.881,0.0,0.0,0.0,0.004,491548.5625
1741444,IT,US,MOTOR,GLASS,0.06,39323.232,4,4,39323.229,0.0,0.0,0.0,0.003,655387.2
1798186,IT,WE,CEREA,93197,0.06,39320.249,4,4,39320.247,0.0,0.0,0.0,0.002,655337.483333
1689317,IT,IE,RETA1,MEAT1,0.41,39318.108,4,4,39318.105,0.0,0.0,0.0,0.003,95897.82439
1789622,IT,WA,RUBBE,SUGA1,0.13,39315.081,4,4,39315.077,0.0,0.0,0.0,0.004,302423.7
1679344,IT,GR,PLAST,MEAT4,0.08,39311.87,4,4,39311.866,0.0,0.0,0.0,0.004,491398.375
1726708,IT,RO,FURNI,GASDI,0.13,39311.031,4,4,39311.028,0.0,0.0,0.0,0.003,302392.546154
1778120,IT,TR,MOTO1,COMPU,0.21,39304.481,4,4,39304.478,0.0,0.0,0.0,0.003,187164.195238
1765171,IT,MX,BUSIN,MACHI,0.4,39302.558,4,4,39302.555,0.0,0.0,0.0,0.003,98256.395
1650233,IT,BG,FURNI,CONST,0.13,39301.322,4,4,39301.319,0.0,0.0,0.0,0.003,302317.861538
1762155,IT,IN,LANDT,MACHI,0.25,39300.165,4,4,39300.163,0.0,0.0,0.0,0.002,157200.66
1758370,IT,BR,FABRI,SUGA1,0.16,39299.781,4,4,39299.778,0.0,0.0,0.0,0.003,245623.63125
1758603,IT,BR,MOTO1,SUPPO,0.21,39299.455,4,4,39299.452,0.0,0.0,0.0,0.003,187140.261905
1664428,IT,EE,MACHI,ELEC6,0.22,39296.455,4,4,39296.452,0.0,0.0,0.0,0.003,178620.25
1809415,IT,WM,CHEMI,PLAST,0.09,39295.381,5,5,39293.377,0.0,0.0,2.0,0.004,436615.344444
1668809,IT,ES,LANDT,INERT,0.25,39290.062,4,4,39290.06,0.0,0.0,0.0,0.002,157160.248
1769121,IT,AU,CHEM1,CRUDE,0.08,39289.311,4,4,39289.307,0.0,0.0,0.0,0.004,491116.3875
1743233,IT,US,TRANS,RENTI,0.23,39288.5,4,4,39288.498,0.0,0.0,0.0,0.002,170819.565217
1769693,IT,AU,FABRI,RECRE,0.16,39288.293,4,4,39288.29,0.0,0.0,0.0,0.003,245551.83125
1747119,IT,JP,CONST,PADDY,0.22,39282.875,4,4,39282.873,0.0,0.0,0.0,0.002,178558.522727
1793798,IT,WL,TEXTI,POULT,0.23,39280.579,4,4,39280.574,0.0,0.0,0.0,0.005,170785.126087
1801016,IT,WE,LEAD1,LEATH,0.07,39278.686,4,4,39278.683,0.0,0.0,0.0,0.003,561124.085714
1746787,IT,JP,MACHI,COALT,0.22,39273.459,4,4,39273.456,0.0,0.0,0.0,0.003,178515.722727
1790398,IT,WA,LEAD1,HEAVY,0.07,39270.287,4,4,39270.284,0.0,0.0,0.0,0.003,561004.1
1689318,IT,IE,RETA1,MEAT4,0.41,39268.747,4,4,39268.744,0.0,0.0,0.0,0.003,95777.431707
1739840,IT,GB,FINAN,KEROS,0.51,39267.686,3,3,39267.686,0.0,0.0,0.0,0.0,76995.462745
1725415,IT,RO,TEXTI,AIRTR,0.23,39264.944,4,4,39264.939,0.0,0.0,0.0,0.005,170717.147826
1747797,IT,JP,AUXIL,AUXIL,0.72,39262.46,4,4,39262.458,0.0,0.0,0.0,0.002,54531.194444
1802395,IT,WE,SEACO,HEALT,0.04,39260.381,3,3,39260.381,0.0,0.0,0.0,0.0,981509.525
1782936,IT,NO,AIRTR,LIQUE,0.04,39258.255,3,3,39258.255,0.0,0.0,0.0,0.0,981456.375
1779634,IT,TR,RESEA,SANDC,0.21,39258.102,4,4,39258.099,0.0,0.0,0.0,0.003,186943.342857
1772417,IT,CH,CHEM1,MOTO1,0.08,39257.651,4,4,39257.647,0.0,0.0,0.0,0.004,490720.6375
1766058,IT,RU,CHEM1,PAPE4,0.08,39253.854,4,4,39253.85,0.0,0.0,0.0,0.004,490673.175
1746216,IT,JP,CHEM1,FISH5,0.08,39253.334,4,4,39253.33,0.0,0.0,0.0,0.004,490666.675
1771095,IT,CH,NATUR,COMPU,0.05,39252.74,4,4,39252.737,0.0,0.0,0.0,0.003,785054.8
1715988,IT,NL,CERAM,93197,0.06,39251.002,4,4,39251.0,0.0,0.0,0.0,0.002,654183.366667
1735481,IT,SK,BASIC,PUBLI,0.05,39249.258,4,4,39249.256,0.0,0.0,0.0,0.002,784985.16
1776515,IT,TR,MOTOR,RECRE,0.06,39247.792,4,4,39247.789,0.0,0.0,0.0,0.003,654129.866667
1674196,IT,FR,LIQUE,CERAM,0.07,39246.94,4,4,39246.937,0.0,0.0,0.0,0.003,560670.571429
1776351,IT,TR,PAPER,RENTI,0.15,39246.83,4,4,39246.826,0.0,0.0,0.0,0.004,261645.533333
1688806,IT,IE,GLASS,TRAN1,0.11,39244.784,4,4,39244.782,0.0,0.0,0.0,0.002,356770.763636
1715629,IT,NL,NAPHT,REFIN,0.07,39243.603,4,4,39243.6,0.0,0.0,0.0,0.003,560622.9
1687605,IT,HU,TRAN2,PLAST,0.06,39243.354,3,3,39243.354,0.0,0.0,0.0,0.0,654055.9
1712610,IT,LV,OFFIC,CONST,0.12,39241.996,4,4,39241.993,0.0,0.0,0.0,0.003,327016.633333
1791060,IT,WA,TRANS,SUGA1,0.23,39240.723,4,4,39240.721,0.0,0.0,0.0,0.002,170611.83913
1804642,IT,WF,HEAVY,RETAI,0.06,39239.372,4,4,39239.369,0.0,0.0,0.0,0.003,653989.533333
1664922,IT,ES,ALUMI,ALUM1,0.06,39235.957,4,4,39235.954,0.0,0.0,0.0,0.003,653932.616667
1783275,IT,NO,FOODW,ALUM1,0.29,39235.612,4,4,39235.61,0.0,0.0,0.0,0.002,135295.213793
1779498,IT,TR,RENTI,MOTO1,0.23,39235.223,4,4,39235.221,0.0,0.0,0.0,0.002,170587.926087
1740677,IT,US,SANDC,CRUDE,0.09,39235.135,4,4,39226.135,0.0,0.0,9.0,0.0,435945.944444
1642858,IT,AT,MOTO1,NONF1,0.21,39233.098,4,4,39233.095,0.0,0.0,0.0,0.003,186824.27619
1722081,IT,PL,BUSIN,LEATH,0.4,39231.486,4,4,39231.483,0.0,0.0,0.0,0.003,98078.715
1812924,IT,WM,MACHI,IRONO,0.22,39230.318,4,4,39230.315,0.0,0.0,0.0,0.003,178319.627273
1780590,IT,TW,INSUR,TEXTI,0.81,39230.275,4,4,39230.273,0.0,0.0,0.0,0.002,48432.438272
1796409,IT,WL,WHOLE,COPP1,0.34,39230.243,4,4,39230.241,0.0,0.0,0.0,0.002,115383.067647
1686577,IT,HU,ALUM1,ELEC3,0.07,39229.47,4,4,39229.467,0.0,0.0,0.0,0.003,560421.0
1658098,IT,DE,ALUM1,MEAT1,0.07,39227.904,4,4,39227.901,0.0,0.0,0.0,0.003,560398.628571
1752899,IT,CA,HEAVY,WOODW,0.06,39226.704,4,4,39226.701,0.0,0.0,0.0,0.003,653778.4
1792355,IT,WA,FINAN,SALEM,0.51,39224.279,3,3,39224.279,0.0,0.0,0.0,0.0,76910.35098
1804931,IT,WF,PETRO,NONME,0.07,39223.66,4,4,39223.657,0.0,0.0,0.0,0.003,560338.0
1651785,IT,CY,MOTO1,ALUM1,0.21,39222.568,4,4,39222.565,0.0,0.0,0.0,0.003,186774.133333
1760680,IT,IN,PAPER,GASDI,0.15,39219.676,4,4,39219.672,0.0,0.0,0.0,0.004,261464.506667
1766171,IT,RU,RUBBE,EDUCA,0.13,39218.333,4,4,39218.329,0.0,0.0,0.0,0.004,301679.484615
1756149,IT,KR,MACHI,STONE,0.22,39216.819,4,4,39216.816,0.0,0.0,0.0,0.003,178258.268182
1783637,IT,NO,FOOD3,REALE,0.11,39213.649,4,4,39213.647,0.0,0.0,0.0,0.002,356487.718182
1789620,IT,WA,RUBBE,DAIRY,0.13,39210.304,4,4,39210.3,0.0,0.0,0.0,0.004,301617.723077
1682648,IT,HR,KEROS,STEAM,0.06,39209.952,4,4,39209.949,0.0,0.0,0.0,0.003,653499.2
1749581,IT,CN,PLAST,STEAM,0.08,39209.464,4,4,39209.46,0.0,0.0,0.0,0.004,490118.3
1745048,IT,US,PUBLI,ALUM1,0.64,39207.246,4,4,39207.243,0.0,0.0,0.0,0.003,61261.321875
1763966,IT,MX,BASIC,HEALT,0.05,39206.083,4,4,39206.081,0.0,0.0,0.0,0.002,784121.66
1779000,IT,TR,AIRTR,FISH5,0.04,39205.575,3,3,39205.575,0.0,0.0,0.0,0.0,980139.375
1791111,IT,WA,TRANS,TRAN1,0.23,39202.945,4,4,39202.943,0.0,0.0,0.0,0.002,170447.586957
1760513,IT,IN,WEARI,CHEM1,0.3,39202.555,4,4,39202.548,0.0,0.0,0.0,0.007,130675.183333
1787206,IT,WA,CEREA,MEATA,0.06,39202.239,4,4,39202.237,0.0,0.0,0.0,0.002,653370.65
1732674,IT,SI,CERAM,CERAM,0.06,39201.511,4,4,39201.509,0.0,0.0,0.0,0.002,653358.516667
1720090,IT,PL,ALUM1,WOOD2,0.07,39193.852,4,4,39193.849,0.0,0.0,0.0,0.003,559912.171429
1810982,IT,WM,GASDI,MOTO1,0.06,39183.851,4,4,39183.848,0.0,0.0,0.0,0.003,653064.183333
1680933,IT,GR,TRAN2,LIQUE,0.06,39182.944,3,3,39182.944,0.0,0.0,0.0,0.0,653049.066667
1720596,IT,PL,MOTO1,VEGET,0.21,39181.346,4,4,39181.343,0.0,0.0,0.0,0.003,186577.838095
1762662,IT,IN,COMPU,BUSIN,0.45,39181.213,4,4,39181.211,0.0,0.0,0.0,0.002,87069.362222
1760583,IT,IN,WOODW,PRINT,0.11,39179.81,4,4,39179.807,0.0,0.0,0.0,0.003,356180.090909
1644289,IT,BE,ANIMA,BRICK,0.15,39178.624,4,4,39178.622,0.0,0.0,0.0,0.002,261190.826667
1730788,IT,SE,BUSIN,COPP1,0.4,39177.019,4,4,39177.016,0.0,0.0,0.0,0.003,97942.5475
1814863,IT,WM,RECRE,BUSIN,0.5,39173.988,4,4,39173.985,0.0,0.0,0.0,0.003,78347.976
1655927,IT,DE,PROCE,CONST,0.26,39171.798,4,4,39171.796,0.0,0.0,0.0,0.002,150660.761538
1665861,IT,ES,PRINT,DISTR,0.38,39169.964,4,4,39169.961,0.0,0.0,0.0,0.003,103078.852632
1781094,IT,TW,PUBLI,ELEC2,0.64,39169.554,4,4,39169.551,0.0,0.0,0.0,0.003,61202.428125
1749342,IT,CN,PRINT,MOTO1,0.38,39167.788,4,4,39167.785,0.0,0.0,0.0,0.003,103073.126316
1776131,IT,TR,LEATH,CHEM1,0.28,39167.503,4,4,39167.496,0.0,0.0,0.0,0.007,139883.939286
1811202,IT,WM,NAPHT,REALE,0.07,39165.251,4,4,39165.248,0.0,0.0,0.0,0.003,559503.585714
1711247,IT,LU,MACHI,RECRE,0.22,39164.012,4,4,39164.009,0.0,0.0,0.0,0.003,178018.236364
1722417,IT,PT,MEAT1,NAPHT,0.18,39162.927,4,4,39162.922,0.0,0.0,0.0,0.005,217571.816667
1649461,IT,BG,CHEM1,AIRTR,0.08,39160.302,4,4,39160.298,0.0,0.0,0.0,0.004,489503.775
1655918,IT,DE,PROCE,CHEM1,0.26,39159.425,4,4,39159.423,0.0,0.0,0.0,0.002,150613.173077
1673805,IT,FR,PRINT,CATTL,0.38,39158.562,4,4,39158.559,0.0,0.0,0.0,0.003,103048.847368
1756671,IT,KR,SEACO,PROCE,0.04,39153.664,3,3,39153.664,0.0,0.0,0.0,0.0,978841.6
1766930,IT,RU,MOTO1,BITUM,0.21,39153.437,4,4,39153.434,0.0,0.0,0.0,0.003,186444.938095
1780304,IT,TW,TRAN2,KEROS,0.06,39152.938,3,3,39152.938,0.0,0.0,0.0,0.0,652548.966667
1813486,IT,WM,SALEM,SUPPO,0.32,39150.494,4,4,39150.492,0.0,0.0,0.0,0.002,122345.29375
1771790,IT,CH,LEATH,FOODW,0.28,39150.109,4,4,39150.102,0.0,0.0,0.0,0.007,139821.817857
1781860,IT,NO,CHEM1,CATTL,0.08,39148.303,4,4,39148.299,0.0,0.0,0.0,0.004,489353.7875
1766594,IT,RU,FABRI,OILSE,0.16,39147.559,4,4,39147.556,0.0,0.0,0.0,0.003,244672.24375
1776008,IT,TR,TEXTI,MEAT1,0.23,39146.574,4,4,39146.569,0.0,0.0,0.0,0.005,170202.495652
1737723,IT,GB,GASDI,WHOLE,0.06,39141.44,4,4,39141.437,0.0,0.0,0.0,0.003,652357.333333
1757355,IT,BR,TEXTI,HEALT,0.23,39140.976,4,4,39140.971,0.0,0.0,0.0,0.005,170178.156522
1665744,IT,ES,PAPER,COPP1,0.15,39140.802,4,4,39140.798,0.0,0.0,0.0,0.004,260938.68
1726271,IT,RO,BASIC,NONSP,0.05,39137.138,4,4,39137.136,0.0,0.0,0.0,0.002,782742.76
1799288,IT,WE,LEATH,SEACO,0.28,39135.484,4,4,39135.477,0.0,0.0,0.0,0.007,139769.585714
1646093,IT,BE,BASIC,DIST1,0.05,39133.487,4,4,39133.485,0.0,0.0,0.0,0.002,782669.74
1809023,IT,WM,VEGET,COPP1,0.14,39130.595,4,4,39130.593,0.0,0.0,0.0,0.002,279504.25
1766615,IT,RU,FABRI,VEGE1,0.16,39123.071,4,4,39123.068,0.0,0.0,0.0,0.003,244519.19375
1640689,IT,AT,FISH5,WHOLE,0.16,39118.233,4,4,39118.213,0.0,0.0,0.0,0.02,244488.95625
1649049,IT,BG,PULP5,WOODW,0.12,39110.066,4,4,39110.062,0.0,0.0,0.0,0.004,325917.216667
1713677,IT,MT,FABRI,STONE,0.16,39109.977,4,4,39109.974,0.0,0.0,0.0,0.003,244437.35625
1645162,IT,BE,PRINT,FABRI,0.38,39109.141,4,4,39109.138,0.0,0.0,0.0,0.003,102918.792105
1664954,IT,ES,SANDC,PLAST,0.09,39108.391,4,4,39099.391,0.0,0.0,9.0,0.0,434537.677778
1800351,IT,WE,CHEM1,TEXTI,0.08,39108.293,4,4,39108.289,0.0,0.0,0.0,0.004,488853.6625
1778581,IT,TR,RETA1,RENTI,0.41,39107.138,4,4,39107.135,0.0,0.0,0.0,0.003,95383.263415
1789132,IT,WA,NONSP,DIST1,0.05,39105.606,4,4,39105.604,0.0,0.0,0.0,0.002,782112.12
1642205,IT,AT,CEMEN,FURNI,0.06,39105.516,4,4,39105.514,0.0,0.0,0.0,0.002,651758.6
1713354,IT,MT,GASDI,RAILW,0.06,39103.019,4,4,39103.016,0.0,0.0,0.0,0.003,651716.983333
1773517,IT,CH,MOTO1,PRINT,0.21,39101.948,4,4,39101.945,0.0,0.0,0.0,0.003,186199.752381
1763727,IT,MX,GLASS,VEGET,0.11,39101.302,4,4,39101.3,0.0,0.0,0.0,0.002,355466.381818
1665253,IT,ES,BEVER,DAIRY,0.17,39100.928,4,4,39100.925,0.0,0.0,0.0,0.003,230005.458824
1796981,IT,WL,AIRTR,MACHI,0.04,39099.929,3,3,39099.929,0.0,0.0,0.0,0.0,977498.225
1714946,IT,NL,BEVER,93197,0.17,39097.59,4,4,39097.587,0.0,0.0,0.0,0.003,229985.823529
1714649,IT,NL,MEAT1,HOTEL,0.18,39096.765,4,4,39096.76,0.0,0.0,0.0,0.005,217204.25
1746049,IT,JP,PAPER,EDUCA,0.15,39095.71,4,4,39095.706,0.0,0.0,0.0,0.004,260638.066667
1797054,IT,WL,SUPPO,CONST,0.28,39093.532,4,4,39093.53,0.0,0.0,0.0,0.002,139619.757143
1745385,IT,JP,VEGE1,RETA1,0.12,39092.123,4,4,39092.114,0.0,0.0,0.0,0.009,325767.691667
1669570,IT,ES,REALE,RETA1,1.65,39087.754,4,4,39087.751,0.0,0.0,0.0,0.003,23689.547879
1769352,IT,AU,GLASS,HOTEL,0.11,39087.466,4,4,39087.464,0.0,0.0,0.0,0.002,355340.6
1754020,IT,CA,SEACO,TEXTI,0.04,39087.149,3,3,39087.149,0.0,0.0,0.0,0.0,977178.725
1749942,IT,CN,GLASS,RETA1,0.11,39085.897,4,4,39085.895,0.0,0.0,0.0,0.002,355326.336364
1649579,IT,BG,RUBBE,COMPU,0.13,39083.604,4,4,39083.6,0.0,0.0,0.0,0.004,300643.107692
1714843,IT,NL,FOOD5,DISTR,0.19,39081.519,4,4,39081.516,0.0,0.0,0.0,0.003,205692.205263
1687697,IT,HU,AIRTR,93197,0.04,39080.973,3,3,39080.973,0.0,0.0,0.0,0.0,977024.325
1804100,IT,WF,PAPER,COPPE,0.15,39080.948,4,4,39080.944,0.0,0.0,0.0,0.004,260539.653333
1644104,IT,AT,BUSIN,93197,0.4,39080.831,4,4,39080.828,0.0,0.0,0.0,0.003,97702.0775
1735725,IT,SK,FABRI,RAILW,0.16,39080.367,4,4,39080.364,0.0,0.0,0.0,0.003,244252.29375
1798781,IT,WE,FOOD5,WOODW,0.19,39080.333,4,4,39080.33,0.0,0.0,0.0,0.003,205685.963158
1659608,IT,DE,HOTEL,NONME,0.28,39078.772,4,4,39078.769,0.0,0.0,0.0,0.003,139567.042857
1643314,IT,AT,RAILW,WOODW,0.26,39078.101,4,4,39078.099,0.0,0.0,0.0,0.002,150300.388462
1718294,IT,PL,FOOD5,MACHI,0.19,39075.059,4,4,39075.056,0.0,0.0,0.0,0.003,205658.205263
1670257,IT,FI,VEGET,MEATA,0.14,39072.714,4,4,39072.712,0.0,0.0,0.0,0.002,279090.814286
1688761,IT,IE,RUBBE,FOOD5,0.13,39070.571,4,4,39070.567,0.0,0.0,0.0,0.004,300542.853846
1739136,IT,GB,RETA1,VEGET,0.41,39070.122,4,4,39070.119,0.0,0.0,0.0,0.003,95292.980488
1669438,IT,ES,INSUR,POSTT,0.81,39069.654,4,4,39069.652,0.0,0.0,0.0,0.002,48234.140741
1737653,IT,GB,PAPER,93197,0.15,39069.4,4,4,39069.396,0.0,0.0,0.0,0.004,260462.666667
1800153,IT,WE,NONSP,NATUR,0.05,39067.54,4,4,39067.538,0.0,0.0,0.0,0.002,781350.8
1755359,IT,KR,PRINT,COMPU,0.37,39067.503,4,4,39067.5,0.0,0.0,0.0,0.003,105587.845946
1711250,IT,LU,OFFIC,CONST,0.12,39066.836,4,4,39066.833,0.0,0.0,0.0,0.003,325556.966667
1740116,IT,GB,COMPU,RUBBE,0.45,39065.882,4,4,39065.88,0.0,0.0,0.0,0.002,86813.071111
1797095,IT,WL,POSTT,CRUDE,0.64,39063.693,4,4,39063.69,0.0,0.0,0.0,0.003,61037.020312
1778052,IT,TR,OFFIC,AIRTR,0.12,39061.232,4,4,39061.229,0.0,0.0,0.0,0.003,325510.266667
1665265,IT,ES,BEVER,KEROS,0.17,39057.093,4,4,39057.09,0.0,0.0,0.0,0.003,229747.605882
1731937,IT,SI,MOTOR,COLLE,0.06,39056.932,4,4,39056.929,0.0,0.0,0.0,0.003,650948.866667
1709525,IT,LT,LEATH,SUPPO,0.28,39055.093,4,4,39055.086,0.0,0.0,0.0,0.007,139482.475
1789949,IT,WA,CEMEN,RAILW,0.06,39055.016,4,4,39055.014,0.0,0.0,0.0,0.002,650916.933333
1757583,IT,BR,GASDI,BEVER,0.06,39055.008,4,4,39055.005,0.0,0.0,0.0,0.003,650916.8
1773652,IT,CH,FURNI,MEATP,0.12,39048.785,4,4,39048.782,0.0,0.0,0.0,0.003,325406.541667
1810795,IT,WM,KEROS,VEGE1,0.06,39048.335,4,4,39048.332,0.0,0.0,0.0,0.003,650805.583333
1776450,IT,TR,MOTOR,TEXTI,0.06,39048.292,4,4,39048.289,0.0,0.0,0.0,0.003,650804.866667
1773147,IT,CH,COPP1,RENTI,0.1,39046.71,4,4,39046.708,0.0,0.0,0.0,0.002,390467.1
1718627,IT,PL,LEATH,WHOLE,0.28,39045.755,4,4,39045.748,0.0,0.0,0.0,0.007,139449.125
1779077,IT,TR,SUPPO,WEARI,0.28,39043.566,4,4,39043.564,0.0,0.0,0.0,0.002,139441.307143
1664905,IT,ES,CRUDE,BITU1,0.08,39043.254,4,4,39043.251,0.0,0.0,0.0,0.003,488040.675
1686309,IT,HU,NONME,SANDC,0.08,39042.029,4,4,39042.025,0.0,0.0,0.0,0.004,488025.3625
1763002,IT,MX,FOOD5,RETA1,0.19,39040.461,4,4,39040.458,0.0,0.0,0.0,0.003,205476.110526
1737800,IT,GB,NAPHT,FURNI,0.07,39040.371,4,4,39040.368,0.0,0.0,0.0,0.003,557719.585714
1745693,IT,JP,TEXTI,93197,0.23,39038.357,4,4,39038.352,0.0,0.0,0.0,0.005,169731.986957
1788568,IT,WA,PAPER,NONF1,0.15,39038.16,4,4,39038.156,0.0,0.0,0.0,0.004,260254.4
1720916,IT,PL,SALEM,FINAN,0.32,39037.344,4,4,39037.342,0.0,0.0,0.0,0.002,121991.7
1668506,IT,ES,HOTEL,HEAVY,0.28,39036.793,4,4,39036.79,0.0,0.0,0.0,0.003,139417.117857
1660204,IT,DE,SUPPO,COMPU,0.28,39035.465,4,4,39035.463,0.0,0.0,0.0,0.002,139412.375
1789957,IT,WA,CEMEN,EDUCA,0.06,39035.439,4,4,39035.437,0.0,0.0,0.0,0.002,650590.65
1715683,IT,NL,NONSP,ELEC2,0.05,39033.66,4,4,39033.658,0.0,0.0,0.0,0.002,780673.2
1643201,IT,AT,HOTEL,WEARI,0.28,39032.559,4,4,39032.556,0.0,0.0,0.0,0.003,139401.996429
1719014,IT,PL,GASDI,CEREA,0.06,39029.691,4,4,39029.688,0.0,0.0,0.0,0.003,650494.85
1719132,IT,PL,PLAST,FISH5,0.08,39029.025,4,4,39029.021,0.0,0.0,0.0,0.004,487862.8125
1725561,IT,RO,LEATH,RENTI,0.28,39028.357,4,4,39028.35,0.0,0.0,0.0,0.007,139386.989286
1763647,IT,MX,RUBBE,MEATC,0.13,39027.659,4,4,39027.655,0.0,0.0,0.0,0.004,300212.761538
1681043,IT,GR,AIRTR,COMPU,0.04,39027.533,3,3,39027.533,0.0,0.0,0.0,0.0,975688.325
1726996,IT,RO,HOTEL,RAILW,0.28,39026.971,4,4,39026.968,0.0,0.0,0.0,0.003,139382.039286
1731420,IT,SI,FOOD5,ELEC4,0.19,39024.724,4,4,39024.721,0.0,0.0,0.0,0.003,205393.284211
1742007,IT,US,ADDIT,SALEM,0.09,39021.467,4,4,39021.464,0.0,0.0,0.0,0.003,433571.855556
1714441,IT,NL,MEATA,BIODI,0.21,39019.99,4,4,39019.984,0.0,0.0,0.0,0.006,185809.47619
1750131,IT,CN,PREC1,CEMEN,0.07,39019.844,4,4,39019.842,0.0,0.0,0.0,0.002,557426.342857
1738355,IT,GB,BASIC,WOOD2,0.04,39018.62,4,4,39018.618,0.0,0.0,0.0,0.002,975465.5
1733782,IT,SI,LANDT,ELEC3,0.25,39011.836,4,4,39011.834,0.0,0.0,0.0,0.002,156047.344
1807403,IT,WF,FINAN,EDUCA,0.51,39011.12,3,3,39011.12,0.0,0.0,0.0,0.0,76492.392157
1666076,IT,ES,GASDI,FORES,0.06,39009.328,4,4,39009.325,0.0,0.0,0.0,0.003,650155.466667
1670759,IT,FI,PAPER,RESEA,0.15,39008.222,4,4,39008.218,0.0,0.0,0.0,0.004,260054.813333
1732014,IT,SI,KEROS,CEMEN,0.06,39006.373,4,4,39006.37,0.0,0.0,0.0,0.003,650106.216667
1667177,IT,ES,BASIC,TRAN2,0.04,39005.776,4,4,39005.774,0.0,0.0,0.0,0.002,975144.4
1741557,IT,US,GASDI,FORES,0.06,39004.467,4,4,39004.464,0.0,0.0,0.0,0.003,650074.45
1764150,IT,MX,FABRI,FINAN,0.16,39004.126,4,4,39004.123,0.0,0.0,0.0,0.003,243775.7875
1670433,IT,FI,FOOD5,CONST,0.19,38998.062,4,4,38998.059,0.0,0.0,0.0,0.003,205252.957895
1731701,IT,SI,WOODW,RENTI,0.11,38997.513,4,4,38997.51,0.0,0.0,0.0,0.003,354522.845455
1656268,IT,DE,WEARI,PUBLI,0.29,38996.136,4,4,38996.129,0.0,0.0,0.0,0.007,134469.434483
1689809,IT,IE,INSUR,NONME,0.8,38994.718,4,4,38994.716,0.0,0.0,0.0,0.002,48743.3975
1688955,IT,IE,FABRI,PUBLI,0.16,38990.583,4,4,38990.58,0.0,0.0,0.0,0.003,243691.14375
1646344,IT,BE,FABRI,WEARI,0.16,38990.368,4,4,38990.365,0.0,0.0,0.0,0.003,243689.8
1653184,IT,CZ,CHEM1,WASTE,0.08,38987.407,4,4,38987.403,0.0,0.0,0.0,0.004,487342.5875
1735283,IT,SK,GLASS,COPP1,0.11,38985.276,4,4,38985.274,0.0,0.0,0.0,0.002,354411.6
1682643,IT,HR,KEROS,SECO9,0.06,38985.261,4,4,38985.258,0.0,0.0,0.0,0.003,649754.35
1642484,IT,AT,LEAD1,PLAST,0.07,38984.56,4,4,38984.557,0.0,0.0,0.0,0.003,556922.285714
1668744,IT,ES,LANDT,FOUND,0.25,38983.915,4,4,38983.913,0.0,0.0,0.0,0.002,155935.66
1648662,IT,BG,DAIRY,HOTEL,0.16,38983.681,4,4,38983.678,0.0,0.0,0.0,0.003,243648.00625
1645810,IT,BE,RUBBE,PLAS1,0.13,38982.168,4,4,38982.164,0.0,0.0,0.0,0.004,299862.830769
1643633,IT,AT,AIRTR,ELEC2,0.04,38977.709,3,3,38977.709,0.0,0.0,0.0,0.0,974442.725
1714430,IT,NL,CATTL,FOOD5,0.08,38972.415,5,5,38971.412,0.0,1.0,0.0,0.003,487155.1875
1801617,IT,WE,TRANS,COMPU,0.23,38971.818,4,4,38971.816,0.0,0.0,0.0,0.002,169442.686957
1713049,IT,MT,MEAT4,SALEM,0.21,38971.129,4,4,38971.126,0.0,0.0,0.0,0.003,185576.804762
1757265,IT,BR,DAIRY,DAIRY,0.16,38969.53,4,4,38969.527,0.0,0.0,0.0,0.003,243559.5625
1770981,IT,CH,VEGET,REALE,0.14,38966.575,4,4,38966.573,0.0,0.0,0.0,0.002,278332.678571
1645827,IT,BE,RUBBE,RECRE,0.13,38966.492,4,4,38966.488,0.0,0.0,0.0,0.004,299742.246154
1730400,IT,SE,POSTT,DAIRY,0.64,38965.384,4,4,38965.381,0.0,0.0,0.0,0.003,60883.4125
1772415,IT,CH,CHEM1,ELECT,0.08,38964.47,4,4,38964.466,0.0,0.0,0.0,0.004,487055.875
1814124,IT,WM,AIRTR,TRANS,0.04,38960.735,3,3,38960.735,0.0,0.0,0.0,0.0,974018.375
1771241,IT,CH,VEGE1,MOTO1,0.12,38959.897,4,4,38959.889,0.0,0.0,0.0,0.008,324665.808333
1681433,IT,GR,RENTI,AIRTR,0.23,38957.867,4,4,38957.865,0.0,0.0,0.0,0.002,169382.030435
1774045,IT,CH,RETAI,REALE,0.31,38955.325,4,4,38955.322,0.0,0.0,0.0,0.003,125662.33871
1778193,IT,TR,FURNI,GASDI,0.12,38952.8,4,4,38952.797,0.0,0.0,0.0,0.003,324606.666667
1724252,IT,PT,LANDT,DAIRY,0.25,38951.676,4,4,38951.674,0.0,0.0,0.0,0.002,155806.704
1747490,IT,JP,SEACO,ELECT,0.04,38949.725,3,3,38949.725,0.0,0.0,0.0,0.0,973743.125
1642008,IT,AT,RUBBE,COLLE,0.13,38949.056,4,4,38949.052,0.0,0.0,0.0,0.004,299608.123077
1689103,IT,IE,SALEM,SUGAR,0.31,38943.535,4,4,38943.533,0.0,0.0,0.0,0.002,125624.306452
1789605,IT,WA,RUBBE,NATU1,0.13,38942.733,4,4,38942.729,0.0,0.0,0.0,0.004,299559.484615
1760138,IT,BR,FOOD3,NONME,0.11,38940.066,4,4,38940.064,0.0,0.0,0.0,0.002,354000.6
1771804,IT,CH,WOODW,VEGET,0.11,38939.202,4,4,38939.199,0.0,0.0,0.0,0.003,353992.745455
1678675,IT,GR,VEGE1,POULT,0.12,38938.172,4,4,38938.164,0.0,0.0,0.0,0.008,324484.766667
1643637,IT,AT,AIRTR,DISTR,0.04,38935.815,3,3,38935.815,0.0,0.0,0.0,0.0,973395.375
1718357,IT,PL,BEVER,WEARI,0.17,38935.029,4,4,38935.026,0.0,0.0,0.0,0.003,229029.582353
1813328,IT,WM,FURNI,RAWMI,0.12,38934.379,4,4,38934.376,0.0,0.0,0.0,0.003,324453.158333
1736275,IT,SK,HOTEL,PLAST,0.28,38933.969,4,4,38933.966,0.0,0.0,0.0,0.003,139049.889286
1809955,IT,WM,FISH5,MOTOR,0.16,38933.872,4,4,38933.852,0.0,0.0,0.0,0.02,243336.7
1647995,IT,BE,COMPU,CHEMI,0.44,38933.485,4,4,38933.483,0.0,0.0,0.0,0.002,88485.193182
1681503,IT,GR,BUSIN,VEGE1,0.4,38931.412,4,4,38931.409,0.0,0.0,0.0,0.003,97328.53
1655472,IT,DE,FISHF,CONST,0.07,38930.897,3,3,38930.897,0.0,0.0,0.0,0.0,556155.671429
1806011,IT,WF,COPP1,GLASS,0.1,38929.973,4,4,38929.971,0.0,0.0,0.0,0.002,389299.73
1803075,IT,WF,CEREA,RAILW,0.06,38927.127,4,4,38927.125,0.0,0.0,0.0,0.002,648785.45
1799608,IT,WE,MOTOR,PEAT2,0.06,38925.016,4,4,38925.013,0.0,0.0,0.0,0.003,648750.266667
1801185,IT,WE,FABRI,COKEO,0.16,38922.606,4,4,38922.603,0.0,0.0,0.0,0.003,243266.2875
1734999,IT,SK,PLAST,TEXTI,0.08,38922.307,4,4,38922.303,0.0,0.0,0.0,0.004,486528.8375
1764599,IT,MX,WHOLE,HOTEL,0.34,38920.288,4,4,38920.286,0.0,0.0,0.0,0.002,114471.435294
1739770,IT,GB,POSTT,PRINT,0.64,38913.709,4,4,38913.706,0.0,0.0,0.0,0.003,60802.670313
1778266,IT,TR,SALEM,POULT,0.31,38913.617,4,4,38913.615,0.0,0.0,0.0,0.002,125527.796774
1791282,IT,WA,CONST,PFERT,0.22,38912.487,4,4,38912.485,0.0,0.0,0.0,0.002,176874.940909
1813068,IT,WM,OFFIC,SALEM,0.12,38908.829,4,4,38908.826,0.0,0.0,0.0,0.003,324240.241667
1743755,IT,US,LANDT,HEAVY,0.25,38908.38,4,4,38908.378,0.0,0.0,0.0,0.002,155633.52
1767014,IT,RU,TRANS,ELECT,0.23,38907.22,4,4,38907.218,0.0,0.0,0.0,0.002,169161.826087
1766124,IT,RU,RUBBE,ALUM1,0.13,38906.721,4,4,38906.717,0.0,0.0,0.0,0.004,299282.469231
1742164,IT,US,GLASS,PAPER,0.11,38904.958,4,4,38904.956,0.0,0.0,0.0,0.002,353681.436364
1793470,IT,WL,CHEMI,PADDY,0.09,38898.739,5,5,38896.735,0.0,0.0,2.0,0.004,432208.211111
1798467,IT,WE,NATUR,MOTO1,0.05,38898.59,4,4,38898.587,0.0,0.0,0.0,0.003,777971.8
1761357,IT,IN,GLASS,BUSIN,0.11,38897.201,4,4,38897.199,0.0,0.0,0.0,0.002,353610.918182
1803077,IT,WF,CEREA,SUPPO,0.06,38896.912,4,4,38896.91,0.0,0.0,0.0,0.002,648281.866667
1649197,IT,BG,PRINT,COMPU,0.37,38892.418,4,4,38892.415,0.0,0.0,0.0,0.003,105114.643243
1798500,IT,WE,STONE,VEGET,0.13,38891.769,5,5,38889.767,0.0,0.0,2.0,0.002,299167.453846
1766923,IT,RU,MOTO1,VEGET,0.21,38889.963,4,4,38889.96,0.0,0.0,0.0,0.003,185190.3
1735483,IT,SK,BASIC,HEALT,0.04,38887.68,4,4,38887.678,0.0,0.0,0.0,0.002,972192.0
1781691,IT,NO,WOODW,SANDC,0.11,38886.019,4,4,38886.016,0.0,0.0,0.0,0.003,353509.263636
1674719,IT,FR,GLASS,PAPE1,0.11,38884.016,4,4,38884.014,0.0,0.0,0.0,0.002,353491.054545
1789120,IT,WA,NONSP,NAPHT,0.05,38883.58,4,4,38883.578,0.0,0.0,0.0,0.002,777671.6
1749746,IT,CN,ADDIT,KERO1,0.09,38882.761,4,4,38882.758,0.0,0.0,0.0,0.003,432030.677778
1717932,IT,PL,LEADZ,LEAD1,0.06,38880.373,4,4,38880.37,0.0,0.0,0.0,0.003,648006.216667
1773530,IT,CH,MOTO1,NONME,0.21,38879.187,4,4,38879.184,0.0,0.0,0.0,0.003,185138.985714
1740715,IT,US,CHEMI,COLLE,0.09,38878.235,5,5,38876.231,0.0,0.0,2.0,0.004,431980.388889
1709987,IT,LT,PREC1,WHOLE,0.07,38877.907,4,4,38877.905,0.0,0.0,0.0,0.002,555398.671429
1785241,IT,ZA,TEXTI,HEAVY,0.23,38874.736,4,4,38874.731,0.0,0.0,0.0,0.005,169020.591304
1770357,IT,AU,RAILW,CONST,0.26,38874.574,4,4,38874.572,0.0,0.0,0.0,0.002,149517.592308
1805186,IT,WF,CHEM1,MEAT1,0.08,38873.265,4,4,38873.261,0.0,0.0,0.0,0.004,485915.8125
1741543,IT,US,KERO1,HEALT,0.06,38871.004,4,4,38871.001,0.0,0.0,0.0,0.003,647850.066667
1731856,IT,SI,PRINT,RUBBE,0.37,38869.628,4,4,38869.625,0.0,0.0,0.0,0.003,105053.048649
1716231,IT,NL,LEAD1,MOTO1,0.07,38869.55,4,4,38869.547,0.0,0.0,0.0,0.003,555279.285714
1804935,IT,WF,NONSP,NATU1,0.05,38867.325,4,4,38867.323,0.0,0.0,0.0,0.002,777346.5
1678490,IT,FR,RECRE,COMPU,0.49,38867.033,4,4,38867.03,0.0,0.0,0.0,0.003,79320.47551
1771109,IT,CH,SANDC,CHEMI,0.09,38866.521,4,4,38857.521,0.0,0.0,9.0,0.0,431850.233333
1735700,IT,SK,FABRI,NONF1,0.16,38866.475,4,4,38866.472,0.0,0.0,0.0,0.003,242915.46875
1683337,IT,HR,NONME,ALUM1,0.08,38866.237,4,4,38866.233,0.0,0.0,0.0,0.004,485827.9625
1649746,IT,BG,BASIC,GLASS,0.04,38865.257,4,4,38865.255,0.0,0.0,0.0,0.002,971631.425
1812512,IT,WM,ALUM1,MEAT4,0.07,38862.386,4,4,38862.383,0.0,0.0,0.0,0.003,555176.942857
1670447,IT,FI,FOOD5,RENTI,0.19,38859.858,4,4,38859.855,0.0,0.0,0.0,0.003,204525.568421
1747157,IT,JP,CONST,CEMEN,0.22,38858.065,4,4,38858.063,0.0,0.0,0.0,0.002,176627.568182
1795463,IT,WL,PREC1,RADIO,0.07,38856.994,4,4,38856.992,0.0,0.0,0.0,0.002,555099.914286
1644243,IT,BE,CROPS,RAWMI,0.31,38856.875,4,4,38856.873,0.0,0.0,0.0,0.002,125344.758065
1753897,IT,CA,RAILW,WOODW,0.26,38855.514,4,4,38855.512,0.0,0.0,0.0,0.002,149444.284615
1648983,IT,BG,LEATH,SALEM,0.28,38854.893,4,4,38854.886,0.0,0.0,0.0,0.007,138767.475
1753102,IT,CA,RUBBE,GASDI,0.13,38854.153,4,4,38854.149,0.0,0.0,0.0,0.004,298878.1
1738381,IT,GB,PREC1,COPP1,0.07,38853.095,4,4,38853.093,0.0,0.0,0.0,0.002,555044.214286
1668063,IT,ES,FURNI,FINAN,0.12,38852.822,4,4,38852.819,0.0,0.0,0.0,0.003,323773.516667
1753899,IT,CA,RAILW,PAPER,0.26,38852.147,4,4,38852.145,0.0,0.0,0.0,0.002,149431.334615
1717894,IT,PL,POULT,MEAT1,0.1,38851.876,4,4,38851.873,0.0,0.0,0.0,0.003,388518.76
1724316,IT,PT,LANDT,PUBLI,0.25,38851.73,4,4,38851.728,0.0,0.0,0.0,0.002,155406.92
1727576,IT,RO,REALE,OFFIC,1.64,38850.699,4,4,38850.696,0.0,0.0,0.0,0.003,23689.45061
1773317,IT,CH,MACHI,GASDI,0.22,38850.076,4,4,38850.073,0.0,0.0,0.0,0.003,176591.254545
1729320,IT,SE,NONME,DISTR,0.08,38849.118,4,4,38849.114,0.0,0.0,0.0,0.004,485613.975
1690407,IT,IE,FOOD4,LIQUE,0.28,38848.147,4,4,38848.145,0.0,0.0,0.0,0.002,138743.382143
1717288,IT,NL,POSTT,RESEA,0.64,38847.498,4,4,38847.495,0.0,0.0,0.0,0.003,60699.215625
1753424,IT,CA,FABRI,STONE,0.16,38846.318,4,4,38846.315,0.0,0.0,0.0,0.003,242789.4875
1806103,IT,WF,FABRI,MEAT4,0.16,38843.005,4,4,38843.002,0.0,0.0,0.0,0.003,242768.78125
1805138,IT,WF,PFERT,CHEMI,0.02,38840.088,4,4,38840.082,0.0,0.0,0.0,0.006,1942004.4
1758491,IT,BR,MACHI,CHEM1,0.22,38839.101,4,4,38839.098,0.0,0.0,0.0,0.003,176541.368182
1722107,IT,PL,BUSIN,GLASS,0.4,38838.929,4,4,38838.926,0.0,0.0,0.0,0.003,97097.3225
1719918,IT,PL,PREC1,PFERT,0.07,38836.616,4,4,38836.614,0.0,0.0,0.0,0.002,554808.8
1794009,IT,WL,WOODW,SUPPO,0.11,38836.419,4,4,38836.416,0.0,0.0,0.0,0.003,353058.354545
1646046,IT,BE,BASIC,FORES,0.04,38836.385,4,4,38836.383,0.0,0.0,0.0,0.002,970909.625
1750849,IT,CN,FURNI,SECO9,0.12,38833.18,4,4,38833.177,0.0,0.0,0.0,0.003,323609.833333
1735005,IT,SK,PLAST,PRINT,0.08,38832.162,4,4,38832.158,0.0,0.0,0.0,0.004,485402.025
1668932,IT,ES,AIRTR,WOODW,0.04,38829.628,3,3,38829.628,0.0,0.0,0.0,0.0,970740.7
1732362,IT,SI,PETRO,NONME,0.07,38828.46,4,4,38828.457,0.0,0.0,0.0,0.003,554692.285714
1683840,IT,HR,MOTO1,BASIC,0.21,38827.687,4,4,38827.684,0.0,0.0,0.0,0.003,184893.747619
1806476,IT,WF,TRANS,OFFIC,0.23,38827.639,4,4,38827.637,0.0,0.0,0.0,0.002,168815.821739
1743180,IT,US,MOTO1,FOOD4,0.21,38825.841,4,4,38825.838,0.0,0.0,0.0,0.003,184884.957143
1657997,IT,DE,PREC1,DAIRY,0.07,38823.316,4,4,38823.314,0.0,0.0,0.0,0.002,554618.8
1785608,IT,ZA,GASDI,INLAN,0.06,38822.507,4,4,38822.504,0.0,0.0,0.0,0.003,647041.783333
1678521,IT,GR,CEREA,MEATA,0.06,38821.55,4,4,38821.548,0.0,0.0,0.0,0.002,647025.833333
1758480,IT,BR,MACHI,LEATH,0.22,38816.908,4,4,38816.905,0.0,0.0,0.0,0.003,176440.490909
1653684,IT,CZ,ALUM1,SEWAG,0.07,38814.046,4,4,38814.043,0.0,0.0,0.0,0.003,554486.371429
1661808,IT,DK,WOODW,MACHI,0.11,38813.465,4,4,38813.462,0.0,0.0,0.0,0.003,352849.681818
1659768,IT,DE,LANDT,FORES,0.25,38813.45,4,4,38813.448,0.0,0.0,0.0,0.002,155253.8
1649650,IT,BG,CERAM,SANDC,0.06,38809.193,4,4,38809.191,0.0,0.0,0.0,0.002,646819.883333
1750576,IT,CN,OFFIC,LEATH,0.12,38808.649,4,4,38808.646,0.0,0.0,0.0,0.003,323405.408333
1778699,IT,TR,HOTEL,93197,0.28,38807.826,4,4,38807.823,0.0,0.0,0.0,0.003,138599.378571
1660735,IT,DE,RENTI,AIRTR,0.23,38807.136,4,4,38807.134,0.0,0.0,0.0,0.002,168726.678261
1683433,IT,HR,BASIC,AIRTR,0.04,38807.128,4,4,38807.126,0.0,0.0,0.0,0.002,970178.2
1786021,IT,ZA,GLASS,CONST,0.11,38804.65,4,4,38804.648,0.0,0.0,0.0,0.002,352769.545455
1668500,IT,ES,HOTEL,PAPER,0.28,38804.396,4,4,38804.393,0.0,0.0,0.0,0.003,138587.128571
1778484,IT,TR,WHOLE,WASTE,0.34,38803.985,4,4,38803.983,0.0,0.0,0.0,0.002,114129.367647
1729356,IT,SE,BASIC,IRONO,0.04,38802.781,4,4,38802.779,0.0,0.0,0.0,0.002,970069.525
1717502,IT,NL,REALE,POSTT,1.64,38801.884,4,4,38801.881,0.0,0.0,0.0,0.003,23659.685366
1727722,IT,RO,COMPU,RETA1,0.44,38801.104,4,4,38801.102,0.0,0.0,0.0,0.002,88184.327273
1655268,IT,DE,WHEAT,DAIRY,0.03,38797.766,3,3,38797.766,0.0,0.0,0.0,0.0,1293258.866667
1789010,IT,WA,NAPHT,CRUDE,0.07,38796.849,4,4,38796.846,0.0,0.0,0.0,0.003,554240.7
1729125,IT,SE,GLASS,NONFE,0.11,38796.338,4,4,38796.336,0.0,0.0,0.0,0.002,352693.981818
1788508,IT,WA,PAPER,CROPS,0.15,38796.166,4,4,38796.162,0.0,0.0,0.0,0.004,258641.106667
1792803,IT,WA,PUBLI,WEARI,0.64,38793.25,4,4,38793.247,0.0,0.0,0.0,0.003,60614.453125
1794436,IT,WL,GASDI,FORES,0.06,38791.713,4,4,38791.71,0.0,0.0,0.0,0.003,646528.55
1733219,IT,SI,MACHI,NONF1,0.22,38791.681,4,4,38791.678,0.0,0.0,0.0,0.003,176325.822727
1748050,IT,JP,BUSIN,FOUND,0.4,38791.336,4,4,38791.333,0.0,0.0,0.0,0.003,96978.34
1764349,IT,MX,OFFIC,RECRE,0.12,38790.747,4,4,38790.744,0.0,0.0,0.0,0.003,323256.225
1758381,IT,BR,FABRI,COKEO,0.16,38789.71,4,4,38789.707,0.0,0.0,0.0,0.003,242435.6875
1686785,IT,HU,FABRI,VEGE1,0.16,38789.574,4,4,38789.571,0.0,0.0,0.0,0.003,242434.8375
1656314,IT,DE,LEATH,HOTEL,0.28,38788.258,4,4,38788.251,0.0,0.0,0.0,0.007,138529.492857
1763589,IT,MX,CHEM1,COLLE,0.08,38784.638,4,4,38784.634,0.0,0.0,0.0,0.004,484807.975
1799739,IT,WE,KEROS,RUBBE,0.06,38784.422,4,4,38784.419,0.0,0.0,0.0,0.003,646407.033333
1765612,IT,RU,WOODW,BASIC,0.11,38780.296,4,4,38780.293,0.0,0.0,0.0,0.003,352548.145455
1653123,IT,CZ,CHEM1,PFERT,0.08,38778.267,4,4,38778.263,0.0,0.0,0.0,0.004,484728.3375
1786400,IT,ZA,MACHI,GASWO,0.22,38777.682,4,4,38777.679,0.0,0.0,0.0,0.003,176262.190909
1799825,IT,WE,GASDI,SANDC,0.06,38776.245,4,4,38776.242,0.0,0.0,0.0,0.003,646270.75
1668936,IT,ES,AIRTR,MOTOR,0.04,38775.582,3,3,38775.582,0.0,0.0,0.0,0.0,969389.55
1801911,IT,WE,CONST,RESEA,0.22,38775.437,4,4,38775.435,0.0,0.0,0.0,0.002,176251.986364
1766642,IT,RU,FABRI,GLASS,0.16,38774.849,4,4,38774.846,0.0,0.0,0.0,0.003,242342.80625
1766963,IT,RU,MOTO1,ELECT,0.21,38771.17,4,4,38771.167,0.0,0.0,0.0,0.003,184624.619048
1738144,IT,GB,GLASS,CERAM,0.11,38770.618,4,4,38770.616,0.0,0.0,0.0,0.002,352460.163636
1642367,IT,AT,BASIC,SEACO,0.04,38769.272,4,4,38769.27,0.0,0.0,0.0,0.002,969231.8
1813823,IT,WM,RAILW,REALE,0.26,38769.18,4,4,38769.178,0.0,0.0,0.0,0.002,149112.230769
1798332,IT,WE,CROPS,COMPU,0.31,38768.912,4,4,38768.91,0.0,0.0,0.0,0.002,125061.006452
1787671,IT,WA,VEGE1,OILSE,0.12,38765.186,4,4,38765.178,0.0,0.0,0.0,0.008,323043.216667
1655328,IT,DE,VEGET,MEDIC,0.14,38764.868,4,4,38764.866,0.0,0.0,0.0,0.002,276891.914286
1714040,IT,MT,HOTEL,SALEM,0.28,38762.78,4,4,38762.777,0.0,0.0,0.0,0.003,138438.5
1653797,IT,CZ,COPP1,PAPE4,0.1,38761.982,4,4,38761.98,0.0,0.0,0.0,0.002,387619.82
1803679,IT,WF,BEVER,BEVER,0.16,38761.583,4,4,38761.581,0.0,0.0,0.0,0.002,242259.89375
1753343,IT,CA,BASIC,COMPU,0.04,38760.652,4,4,38760.65,0.0,0.0,0.0,0.002,969016.3
1805570,IT,WF,CEMEN,PRECI,0.06,38759.44,4,4,38759.438,0.0,0.0,0.0,0.002,645990.666667
1751515,IT,CN,SUPPO,MACHI,0.28,38758.759,4,4,38758.757,0.0,0.0,0.0,0.002,138424.139286
1765820,IT,RU,GASDI,WHOLE,0.06,38757.862,4,4,38757.859,0.0,0.0,0.0,0.003,645964.366667
1709802,IT,LT,RUBBE,CEMEN,0.13,38757.795,4,4,38757.791,0.0,0.0,0.0,0.004,298136.884615
1755805,IT,KR,CERAM,TRANS,0.06,38755.621,4,4,38755.619,0.0,0.0,0.0,0.002,645927.016667
1684042,IT,HR,HOTEL,WOODW,0.28,38755.597,4,4,38755.594,0.0,0.0,0.0,0.003,138412.846429
1709781,IT,LT,RUBBE,TEXTI,0.13,38752.62,4,4,38752.616,0.0,0.0,0.0,0.004,298097.076923
1714257,IT,MT,COMPU,POSTT,0.44,38750.641,4,4,38750.639,0.0,0.0,0.0,0.002,88069.638636
1761960,IT,IN,FURNI,RAILW,0.12,38749.054,4,4,38749.051,0.0,0.0,0.0,0.003,322908.783333
1649050,IT,BG,PULP5,PAPER,0.12,38742.764,4,4,38742.76,0.0,0.0,0.0,0.004,322856.366667
1744777,IT,US,RESEA,LIQUI,0.21,38742.28,4,4,38742.277,0.0,0.0,0.0,0.003,184487.047619
1768454,IT,AU,DAIRY,REALE,0.16,38740.762,4,4,38740.759,0.0,0.0,0.0,0.003,242129.7625
1736954,IT,GB,VEGET,HOTEL,0.14,38740.344,4,4,38740.342,0.0,0.0,0.0,0.002,276716.742857
1734381,IT,SK,WHEAT,FOOD5,0.03,38738.973,3,3,38738.973,0.0,0.0,0.0,0.0,1291299.1
1763891,IT,MX,NONME,RECRE,0.08,38734.842,4,4,38734.838,0.0,0.0,0.0,0.004,484185.525
1731926,IT,SI,MOTOR,FABRI,0.06,38734.092,4,4,38734.089,0.0,0.0,0.0,0.003,645568.2
1662235,IT,DK,GLASS,SALEM,0.11,38728.751,4,4,38728.749,0.0,0.0,0.0,0.002,352079.554545
1727228,IT,RO,SUPPO,PFERT,0.28,38728.703,4,4,38728.701,0.0,0.0,0.0,0.002,138316.796429
1810943,IT,WM,GASDI,WEARI,0.06,38727.042,4,4,38727.039,0.0,0.0,0.0,0.003,645450.7
1784704,IT,ID,FURNI,ELECT,0.12,38726.038,4,4,38726.035,0.0,0.0,0.0,0.003,322716.983333
1681844,IT,HR,VEGE1,PRINT,0.12,38723.513,4,4,38723.505,0.0,0.0,0.0,0.008,322695.941667
1774897,IT,CH,INSUR,WOODW,0.8,38721.745,4,4,38721.743,0.0,0.0,0.0,0.002,48402.18125
1654064,IT,CZ,MACHI,FOOD3,0.22,38718.604,4,4,38718.601,0.0,0.0,0.0,0.003,175993.654545
1802159,IT,WE,HOTEL,WEARI,0.28,38708.836,4,4,38708.833,0.0,0.0,0.0,0.003,138245.842857
1683351,IT,HR,NONME,SALEM,0.08,38708.777,4,4,38708.773,0.0,0.0,0.0,0.004,483859.7125
1756295,IT,KR,MOTO1,BASIC,0.21,38707.619,4,4,38707.616,0.0,0.0,0.0,0.003,184321.995238
1776811,IT,TR,NAPHT,MOTO1,0.07,38707.074,4,4,38707.071,0.0,0.0,0.0,0.003,552958.2
1753144,IT,CA,RUBBE,AIRTR,0.13,38705.026,4,4,38705.022,0.0,0.0,0.0,0.004,297730.969231
1673018,IT,FR,SUGA1,EDUCA,0.1,38704.629,4,4,38704.622,0.0,0.0,0.0,0.007,387046.29
1788521,IT,WA,PAPER,LEADZ,0.15,38704.286,4,4,38704.282,0.0,0.0,0.0,0.004,258028.573333
1760467,IT,IN,TEXTI,LEATH,0.23,38703.238,4,4,38703.233,0.0,0.0,0.0,0.005,168274.947826
1751044,IT,CN,WHOLE,SALEM,0.33,38698.86,4,4,38698.858,0.0,0.0,0.0,0.002,117269.272727
1777464,IT,TR,BASIC,PRECI,0.04,38696.695,4,4,38696.693,0.0,0.0,0.0,0.002,967417.375
1791392,IT,WA,RETAI,WHOLE,0.3,38695.94,4,4,38695.937,0.0,0.0,0.0,0.003,128986.466667
1749600,IT,CN,PFERT,CHEM1,0.02,38695.494,4,4,38695.488,0.0,0.0,0.0,0.006,1934774.7
1800685,IT,WE,BRICK,CROPS,0.06,38694.625,4,4,38694.623,0.0,0.0,0.0,0.002,644910.416667
1757694,IT,BR,HEAVY,WHOLE,0.06,38693.425,4,4,38693.422,0.0,0.0,0.0,0.003,644890.416667
1800319,IT,WE,PFERT,CONST,0.02,38692.965,4,4,38692.959,0.0,0.0,0.0,0.006,1934648.25
1661083,IT,DE,PUBLI,CONST,0.63,38692.803,4,4,38692.8,0.0,0.0,0.0,0.003,61417.147619
1772489,IT,CH,BIODI,BUSIN,0.08,38692.669,4,4,38692.665,0.0,0.0,0.0,0.004,483658.3625
1803378,IT,WF,CHEMI,PRINT,0.09,38691.733,5,5,38689.729,0.0,0.0,2.0,0.004,429908.144444
1809960,IT,WM,FISH5,LIQUE,0.16,38688.667,4,4,38688.647,0.0,0.0,0.0,0.02,241804.16875
1752621,IT,CA,TEXTI,CHEM1,0.23,38687.097,4,4,38687.092,0.0,0.0,0.0,0.005,168204.769565
1790711,IT,WA,FABRI,RENTI,0.16,38686.325,4,4,38686.322,0.0,0.0,0.0,0.003,241789.53125
1806674,IT,WF,WHOLE,RAWMI,0.33,38684.582,4,4,38684.58,0.0,0.0,0.0,0.002,117226.006061
1753064,IT,CA,RUBBE,WHEAT,0.13,38682.477,4,4,38682.473,0.0,0.0,0.0,0.004,297557.515385
1774002,IT,CH,RETAI,STONE,0.3,38678.888,4,4,38678.885,0.0,0.0,0.0,0.003,128929.626667
1814111,IT,WM,AIRTR,PREC1,0.04,38678.531,3,3,38678.531,0.0,0.0,0.0,0.0,966963.275
1768282,IT,AU,VEGET,WHOLE,0.14,38678.116,4,4,38678.114,0.0,0.0,0.0,0.002,276272.257143
1776213,IT,TR,WOODW,BASIC,0.11,38676.909,4,4,38676.906,0.0,0.0,0.0,0.003,351608.263636
1740948,IT,US,FOOD5,SEACO,0.19,38674.952,4,4,38674.949,0.0,0.0,0.0,0.003,203552.378947
1785673,IT,ZA,HEAVY,FINAN,0.06,38674.608,4,4,38674.605,0.0,0.0,0.0,0.003,644576.8
1677713,IT,FR,RENTI,DIST1,0.23,38674.457,4,4,38674.455,0.0,0.0,0.0,0.002,168149.813043
1755829,IT,KR,BRICK,ANTHR,0.06,38673.608,4,4,38673.606,0.0,0.0,0.0,0.002,644560.133333
1795311,IT,WL,NONME,MEATC,0.08,38673.462,4,4,38673.458,0.0,0.0,0.0,0.004,483418.275
1664615,IT,EE,LANDT,FORES,0.25,38670.282,4,4,38670.28,0.0,0.0,0.0,0.002,154681.128
1755501,IT,KR,CHEM1,NATUR,0.08,38669.691,4,4,38669.687,0.0,0.0,0.0,0.004,483371.1375
1724845,IT,PT,BUSIN,DAIRY,0.4,38668.084,4,4,38668.081,0.0,0.0,0.0,0.003,96670.21
1690260,IT,IE,INTER,WHOLE,0.23,38667.802,4,4,38667.8,0.0,0.0,0.0,0.002,168120.878261
1644507,IT,BE,DAIRY,PLAST,0.16,38667.199,4,4,38667.196,0.0,0.0,0.0,0.003,241669.99375
1807121,IT,WF,AIRTR,MEATA,0.04,38666.816,3,3,38666.816,0.0,0.0,0.0,0.0,966670.4
1720268,IT,PL,FABRI,VEGE1,0.16,38665.155,4,4,38665.152,0.0,0.0,0.0,0.003,241657.21875
1686066,IT,HU,RUBBE,FISH5,0.13,38663.987,4,4,38663.983,0.0,0.0,0.0,0.004,297415.284615
1808031,IT,WF,INTER,CONST,0.23,38663.53,4,4,38663.528,0.0,0.0,0.0,0.002,168102.304348
1650088,IT,BG,MACHI,RESEA,0.22,38661.869,4,4,38661.866,0.0,0.0,0.0,0.003,175735.768182
1650979,IT,BG,SUPPO,RUBBE,0.28,38661.181,4,4,38661.179,0.0,0.0,0.0,0.002,138075.646429
1807553,IT,WF,RENTI,PUBLI,0.23,38661.057,4,4,38661.055,0.0,0.0,0.0,0.002,168091.552174
1721411,IT,PL,SEACO,POSTT,0.04,38660.318,3,3,38660.318,0.0,0.0,0.0,0.0,966507.95
1747948,IT,JP,RESEA,CHEM1,0.21,38659.095,4,4,38659.092,0.0,0.0,0.0,0.003,184090.928571
1729670,IT,SE,FABRI,RETAI,0.16,38658.419,4,4,38658.416,0.0,0.0,0.0,0.003,241615.11875
1746030,IT,JP,PAPER,CONST,0.15,38657.764,4,4,38657.76,0.0,0.0,0.0,0.004,257718.426667
1763129,IT,MX,WEARI,HEALT,0.29,38656.991,4,4,38656.984,0.0,0.0,0.0,0.007,133299.968966
1715405,IT,NL,PRINT,93197,0.37,38654.14,4,4,38654.137,0.0,0.0,0.0,0.003,104470.648649
1686251,IT,HU,CERAM,PREC1,0.06,38651.66,4,4,38651.658,0.0,0.0,0.0,0.002,644194.333333
1670732,IT,FI,PAPER,COPP1,0.15,38650.768,4,4,38650.764,0.0,0.0,0.0,0.004,257671.786667
1812834,IT,WM,FABRI,NFERT,0.16,38650.376,4,4,38650.373,0.0,0.0,0.0,0.003,241564.85
1711329,IT,LU,WHOLE,MACHI,0.33,38646.955,4,4,38646.953,0.0,0.0,0.0,0.002,117111.984848
1729909,IT,SE,FURNI,WEARI,0.12,38646.403,4,4,38646.4,0.0,0.0,0.0,0.003,322053.358333
1770029,IT,AU,FURNI,PUBLI,0.12,38642.279,4,4,38642.276,0.0,0.0,0.0,0.003,322018.991667
1735807,IT,SK,MACHI,NONF1,0.22,38640.803,4,4,38640.8,0.0,0.0,0.0,0.003,175640.013636
1770510,IT,AU,AIRTR,RAILW,0.04,38639.779,3,3,38639.779,0.0,0.0,0.0,0.0,965994.475
1673543,IT,FR,LEATH,FINAN,0.28,38638.102,4,4,38638.095,0.0,0.0,0.0,0.007,137993.221429
1743779,IT,US,LANDT,ALUM1,0.25,38637.742,4,4,38637.74,0.0,0.0,0.0,0.002,154550.968
1663184,IT,DK,LANDT,DIST1,0.25,38635.345,4,4,38635.343,0.0,0.0,0.0,0.002,154541.38
1686637,IT,HU,LEAD1,ELEC3,0.07,38631.745,4,4,38631.742,0.0,0.0,0.0,0.003,551882.071429
1678642,IT,GR,MEATC,SUPPO,0.13,38631.526,5,5,38630.524,0.0,1.0,0.0,0.002,297165.584615
1679788,IT,GR,PREC1,MEDIC,0.07,38629.737,4,4,38629.735,0.0,0.0,0.0,0.002,551853.385714
1813597,IT,WM,WHOLE,SUPPO,0.33,38625.02,4,4,38625.018,0.0,0.0,0.0,0.002,117045.515152
1803462,IT,WF,MEAT4,PRECI,0.21,38618.827,4,4,38618.824,0.0,0.0,0.0,0.003,183899.17619
1758447,IT,BR,FABRI,MEMBE,0.16,38618.288,4,4,38618.285,0.0,0.0,0.0,0.003,241364.3
1750268,IT,CN,COPP1,ELEC3,0.1,38616.945,4,4,38616.943,0.0,0.0,0.0,0.002,386169.45
1756338,IT,KR,MOTO1,RECRE,0.21,38615.425,4,4,38615.422,0.0,0.0,0.0,0.003,183882.97619
1730306,IT,SE,AIRTR,SALEM,0.04,38613.071,3,3,38613.071,0.0,0.0,0.0,0.0,965326.775
1673139,IT,FR,BEVER,VEGE1,0.16,38611.755,4,4,38611.753,0.0,0.0,0.0,0.002,241323.46875
1764015,IT,MX,COPP1,CATTL,0.1,38610.611,4,4,38610.609,0.0,0.0,0.0,0.002,386106.11
1769694,IT,AU,FABRI,93197,0.16,38610.548,4,4,38610.545,0.0,0.0,0.0,0.003,241315.925
1645259,IT,BE,COALT,PAPE2,0.06,38609.814,4,4,38609.812,0.0,0.0,0.0,0.002,643496.9
1789021,IT,WA,NAPHT,PAPER,0.07,38608.843,4,4,38608.84,0.0,0.0,0.0,0.003,551554.9
1732409,IT,SI,PLAST,ELEC3,0.08,38608.836,4,4,38608.832,0.0,0.0,0.0,0.004,482610.45
1666296,IT,ES,LIQUE,WOODW,0.07,38608.331,4,4,38608.328,0.0,0.0,0.0,0.003,551547.585714
1766195,IT,RU,GLASS,CRUDE,0.11,38607.613,4,4,38607.611,0.0,0.0,0.0,0.002,350978.3
1642527,IT,AT,COPP1,NONF1,0.1,38606.364,4,4,38606.362,0.0,0.0,0.0,0.002,386063.64
1801915,IT,WE,CONST,HEALT,0.22,38605.159,4,4,38605.157,0.0,0.0,0.0,0.002,175477.995455
1741072,IT,US,TEXTI,COLLE,0.23,38604.697,4,4,38604.692,0.0,0.0,0.0,0.005,167846.508696
1808001,IT,WF,INTER,VEGET,0.23,38600.141,4,4,38600.139,0.0,0.0,0.0,0.002,167826.7
1668185,IT,ES,SALEM,PUBLI,0.31,38600.078,4,4,38600.076,0.0,0.0,0.0,0.002,124516.380645
1742047,IT,US,RUBBE,RAWMI,0.13,38599.606,4,4,38599.603,0.0,0.0,0.0,0.003,296920.046154
1789073,IT,WA,WHITE,CHEM1,0.21,38597.237,4,4,38597.234,0.0,0.0,0.0,0.003,183796.366667
1652737,IT,CZ,PAPER,ELECT,0.15,38597.16,4,4,38597.156,0.0,0.0,0.0,0.004,257314.4
1643668,IT,AT,AIRTR,93197,0.04,38597.056,3,3,38597.056,0.0,0.0,0.0,0.0,964926.4
1738466,IT,GB,COPP1,PFERT,0.1,38595.923,4,4,38595.921,0.0,0.0,0.0,0.002,385959.23
1783676,IT,NO,WASTE,RETA1,0.12,38594.275,4,4,38594.273,0.0,0.0,0.0,0.002,321618.958333
1773175,IT,CH,FABRI,ANIMA,0.16,38592.455,4,4,38592.452,0.0,0.0,0.0,0.003,241202.84375
1809265,IT,WM,CRUDE,ELEC4,0.08,38591.806,4,4,38591.803,0.0,0.0,0.0,0.003,482397.575
1645498,IT,BE,PLAST,PRINT,0.08,38589.364,4,4,38589.36,0.0,0.0,0.0,0.004,482367.05
1688261,IT,IE,CROPS,MEATP,0.31,38588.357,4,4,38588.355,0.0,0.0,0.0,0.002,124478.570968
1806597,IT,WF,CONST,HEALT,0.22,38586.444,4,4,38586.442,0.0,0.0,0.0,0.002,175392.927273
1781369,IT,NO,DAIRY,RETA1,0.16,38585.985,4,4,38585.982,0.0,0.0,0.0,0.003,241162.40625
1812614,IT,WM,LEAD1,AUXIL,0.07,38585.794,4,4,38585.791,0.0,0.0,0.0,0.003,551225.628571
1797277,IT,WL,INSUR,CHARC,0.8,38585.631,4,4,38585.629,0.0,0.0,0.0,0.002,48232.03875
1710185,IT,LT,MACHI,RAILW,0.22,38584.85,4,4,38584.847,0.0,0.0,0.0,0.003,175385.681818
1807244,IT,WF,SUPPO,SALEM,0.28,38584.435,4,4,38584.433,0.0,0.0,0.0,0.002,137801.553571
1778830,IT,TR,LANDT,POSTT,0.25,38580.446,4,4,38580.444,0.0,0.0,0.0,0.002,154321.784
1783483,IT,NO,WOOD1,RENTI,0.26,38578.094,4,4,38578.092,0.0,0.0,0.0,0.002,148377.284615
1733052,IT,SI,COPP1,TRANS,0.1,38577.164,4,4,38577.162,0.0,0.0,0.0,0.002,385771.64
1646302,IT,BE,COPP1,INTER,0.1,38573.923,4,4,38573.921,0.0,0.0,0.0,0.002,385739.23
1718330,IT,PL,FOOD5,MEMBE,0.19,38573.601,4,4,38573.598,0.0,0.0,0.0,0.003,203018.952632
1807173,IT,WF,AIRTR,FOUND,0.04,38572.863,3,3,38572.863,0.0,0.0,0.0,0.0,964321.575
1806390,IT,WF,MOTO1,TRANS,0.21,38572.481,4,4,38572.478,0.0,0.0,0.0,0.003,183678.480952
1805700,IT,WF,BASIC,FOOD5,0.04,38570.857,4,4,38570.855,0.0,0.0,0.0,0.002,964271.425
1661838,IT,DK,PAPER,BEVER,0.15,38568.036,4,4,38568.032,0.0,0.0,0.0,0.004,257120.24
1756522,IT,KR,WHOLE,CEMEN,0.33,38566.998,4,4,38566.996,0.0,0.0,0.0,0.002,116869.690909
1799583,IT,WE,PRINT,RECRE,0.37,38566.69,4,4,38566.687,0.0,0.0,0.0,0.003,104234.297297
1664577,IT,EE,HOTEL,CONST,0.28,38564.434,4,4,38564.431,0.0,0.0,0.0,0.003,137730.121429
1657661,IT,DE,CERAM,ELEC1,0.06,38563.562,4,4,38563.56,0.0,0.0,0.0,0.002,642726.033333
1742266,IT,US,CERAM,MEMBE,0.06,38563.205,4,4,38563.203,0.0,0.0,0.0,0.002,642720.083333
1762715,IT,IN,BUSIN,KEROS,0.4,38563.111,4,4,38563.108,0.0,0.0,0.0,0.003,96407.7775
1764072,IT,MX,FABRI,SANDC,0.16,38562.933,4,4,38562.93,0.0,0.0,0.0,0.003,241018.33125
1763989,IT,MX,ALUM1,GLASS,0.07,38562.487,4,4,38562.484,0.0,0.0,0.0,0.003,550892.671429
1736692,IT,SK,AUXIL,INSUR,0.71,38560.628,4,4,38560.626,0.0,0.0,0.0,0.002,54310.743662
1719003,IT,PL,KEROS,MOTO1,0.06,38558.68,4,4,38558.677,0.0,0.0,0.0,0.003,642644.666667
1779084,IT,TR,SUPPO,PFERT,0.28,38556.281,4,4,38556.279,0.0,0.0,0.0,0.002,137701.003571
1774468,IT,CH,LANDT,PAPER,0.25,38555.436,4,4,38555.434,0.0,0.0,0.0,0.002,154221.744
1719035,IT,PL,HEAVY,HEAVY,0.06,38551.074,4,4,38551.071,0.0,0.0,0.0,0.003,642517.9
1755786,IT,KR,CERAM,GASDI,0.06,38550.896,4,4,38550.894,0.0,0.0,0.0,0.002,642514.933333
1686840,IT,HU,FABRI,COLLE,0.16,38549.538,4,4,38549.535,0.0,0.0,0.0,0.003,240934.6125
1657742,IT,DE,CEMEN,HOTEL,0.06,38548.927,4,4,38548.925,0.0,0.0,0.0,0.002,642482.116667
1668620,IT,ES,RAILW,GASDI,0.26,38548.809,4,4,38548.807,0.0,0.0,0.0,0.002,148264.65
1655523,IT,DE,NATUR,BASIC,0.05,38548.617,4,4,38548.614,0.0,0.0,0.0,0.003,770972.34
1710401,IT,LT,HOTEL,COMPU,0.28,38546.515,4,4,38546.512,0.0,0.0,0.0,0.003,137666.125
1716182,IT,NL,ALUM1,CEMEN,0.07,38545.774,4,4,38545.771,0.0,0.0,0.0,0.003,550653.914286
1802715,IT,WE,COMPU,BUSIN,0.44,38542.459,4,4,38542.457,0.0,0.0,0.0,0.002,87596.497727
1812171,IT,WM,NONME,PADDY,0.08,38542.137,4,4,38542.133,0.0,0.0,0.0,0.004,481776.7125
1795397,IT,WL,BASIC,CERAM,0.04,38541.961,4,4,38541.959,0.0,0.0,0.0,0.002,963549.025
1725855,IT,RO,GASDI,MOTO1,0.06,38541.089,4,4,38541.086,0.0,0.0,0.0,0.003,642351.483333
1735595,IT,SK,COPP1,LEATH,0.1,38539.922,4,4,38539.92,0.0,0.0,0.0,0.002,385399.22
1808054,IT,WF,INTER,93197,0.23,38538.62,4,4,38538.618,0.0,0.0,0.0,0.002,167559.217391
1766418,IT,RU,BASIC,DISTR,0.04,38537.391,4,4,38537.389,0.0,0.0,0.0,0.002,963434.775
1656054,IT,DE,BEVER,PRINT,0.16,38537.281,4,4,38537.279,0.0,0.0,0.0,0.002,240858.00625
1771262,IT,CH,VEGE1,INSUR,0.12,38536.372,4,4,38536.364,0.0,0.0,0.0,0.008,321136.433333
1795765,IT,WL,MACHI,COKEO,0.21,38533.872,4,4,38533.869,0.0,0.0,0.0,0.003,183494.628571
1728530,IT,SE,WOODW,FOOD2,0.11,38530.909,4,4,38530.906,0.0,0.0,0.0,0.003,350280.990909
1739177,IT,GB,RETA1,PLAST,0.4,38525.63,4,4,38525.627,0.0,0.0,0.0,0.003,96314.075
1791499,IT,WA,RETA1,VEGET,0.4,38524.22,4,4,38524.217,0.0,0.0,0.0,0.003,96310.55
1652414,IT,CZ,TEXTI,OFFIC,0.23,38524.172,4,4,38524.167,0.0,0.0,0.0,0.005,167496.4
1668725,IT,ES,LANDT,NONSP,0.25,38524.152,4,4,38524.15,0.0,0.0,0.0,0.002,154096.608
1689724,IT,IE,FINAN,CHEM1,0.5,38523.96,3,3,38523.96,0.0,0.0,0.0,0.0,77047.92
1688751,IT,IE,ADDIT,CEMEN,0.09,38520.836,4,4,38520.833,0.0,0.0,0.0,0.003,428009.288889
1730666,IT,SE,RENTI,EDUCA,0.23,38518.727,4,4,38518.725,0.0,0.0,0.0,0.002,167472.726087
1764879,IT,MX,AIRTR,BASIC,0.04,38516.842,3,3,38516.842,0.0,0.0,0.0,0.0,962921.05
1770610,IT,AU,POSTT,COMPU,0.63,38514.379,4,4,38514.376,0.0,0.0,0.0,0.003,61133.934921
1775878,IT,TR,DAIRY,93197,0.16,38513.681,4,4,38513.678,0.0,0.0,0.0,0.003,240710.50625
1659698,IT,DE,RAILW,NUCLE,0.26,38508.055,4,4,38508.053,0.0,0.0,0.0,0.002,148107.903846
1726735,IT,RO,FURNI,LANDT,0.12,38504.52,4,4,38504.517,0.0,0.0,0.0,0.003,320871.0
1758311,IT,BR,COPP1,BITU1,0.1,38503.967,4,4,38503.965,0.0,0.0,0.0,0.002,385039.67
1667002,IT,ES,CEMEN,MACHI,0.06,38503.937,4,4,38503.935,0.0,0.0,0.0,0.002,641732.283333
1781773,IT,NO,PRINT,RETAI,0.37,38501.622,4,4,38501.619,0.0,0.0,0.0,0.003,104058.437838
1684868,IT,HU,STONE,REALE,0.12,38500.632,5,5,38498.63,0.0,0.0,2.0,0.002,320838.6
1786831,IT,ZA,HOTEL,FINAN,0.28,38495.52,4,4,38495.517,0.0,0.0,0.0,0.003,137484.0
1794746,IT,WL,NONSP,CHARC,0.05,38494.383,4,4,38494.381,0.0,0.0,0.0,0.002,769887.66
1794772,IT,WL,PLAST,MEAT4,0.08,38494.024,4,4,38494.02,0.0,0.0,0.0,0.004,481175.3
1810919,IT,WM,GASDI,FORES,0.06,38491.481,4,4,38491.478,0.0,0.0,0.0,0.003,641524.683333
1680956,IT,GR,SEACO,POSTT,0.04,38491.149,3,3,38491.149,0.0,0.0,0.0,0.0,962278.725
1777612,IT,TR,ALUM1,COPP1,0.07,38490.571,4,4,38490.568,0.0,0.0,0.0,0.003,549865.3
1800807,IT,WE,BASIC,LEATH,0.04,38488.714,4,4,38488.712,0.0,0.0,0.0,0.002,962217.85
1761527,IT,IN,LEAD1,PLAST,0.07,38486.545,4,4,38486.542,0.0,0.0,0.0,0.003,549807.785714
1658124,IT,DE,ALUM1,PFERT,0.07,38485.032,4,4,38485.029,0.0,0.0,0.0,0.003,549786.171429
1764833,IT,MX,SEACO,MACHI,0.04,38482.599,3,3,38482.599,0.0,0.0,0.0,0.0,962064.975
1765385,IT,RU,BEVER,EDUCA,0.16,38482.543,4,4,38482.541,0.0,0.0,0.0,0.002,240515.89375
1737176,IT,GB,DAIRY,MEAT4,0.16,38481.908,4,4,38481.905,0.0,0.0,0.0,0.003,240511.925
1640194,IT,AT,OILSE,CERAM,0.03,38480.422,4,4,38480.42,0.0,0.0,0.0,0.002,1282680.733333
1806661,IT,WF,RETAI,HEALT,0.3,38479.97,4,4,38479.968,0.0,0.0,0.0,0.002,128266.566667
1647332,IT,BE,SEACO,FISH5,0.04,38479.965,3,3,38479.965,0.0,0.0,0.0,0.0,961999.125
1718998,IT,PL,MOTOR,SUPPO,0.06,38477.893,4,4,38477.89,0.0,0.0,0.0,0.003,641298.216667
1712234,IT,LV,PAPER,WHOLE,0.15,38477.867,4,4,38477.863,0.0,0.0,0.0,0.004,256519.113333
1647211,IT,BE,LANDT,FISH5,0.25,38476.957,4,4,38476.955,0.0,0.0,0.0,0.002,153907.828
1761108,IT,IN,CHEM1,DAIRY,0.08,38476.895,4,4,38476.891,0.0,0.0,0.0,0.004,480961.1875
1731967,IT,SI,MOTOR,PAPE4,0.06,38472.294,4,4,38472.291,0.0,0.0,0.0,0.003,641204.9
1658317,IT,DE,COPP1,RAILW,0.1,38471.209,4,4,38471.207,0.0,0.0,0.0,0.002,384712.09
1686020,IT,HU,BIODI,SALEM,0.08,38470.167,4,4,38470.163,0.0,0.0,0.0,0.004,480877.0875
1761811,IT,IN,MACHI,RECRE,0.21,38468.962,4,4,38468.959,0.0,0.0,0.0,0.003,183185.533333
1663023,IT,DK,HOTEL,RADIO,0.28,38467.284,4,4,38467.281,0.0,0.0,0.0,0.003,137383.157143
1676641,IT,FR,HOTEL,WOOD1,0.28,38467.031,4,4,38467.028,0.0,0.0,0.0,0.003,137382.253571
1789477,IT,WA,ADDIT,TOBAC,0.09,38466.401,4,4,38466.398,0.0,0.0,0.0,0.003,427404.455556
1808985,IT,WM,VEGET,VEGE1,0.14,38466.095,4,4,38466.093,0.0,0.0,0.0,0.002,274757.821429
1741132,IT,US,WEARI,INSUR,0.29,38461.932,4,4,38461.925,0.0,0.0,0.0,0.007,132627.351724
1757214,IT,BR,VEGE1,CROPS,0.12,38461.534,4,4,38461.526,0.0,0.0,0.0,0.008,320512.783333
1731907,IT,SI,MOTOR,PIGS9,0.06,38455.629,4,4,38455.626,0.0,0.0,0.0,0.003,640927.15
1643338,IT,AT,RAILW,PREC1,0.26,38455.097,4,4,38455.095,0.0,0.0,0.0,0.002,147904.219231
1791642,IT,WA,HOTEL,NFERT,0.28,38452.248,4,4,38452.245,0.0,0.0,0.0,0.003,137329.457143
1685798,IT,HU,PLAST,SALEM,0.08,38451.219,4,4,38451.215,0.0,0.0,0.0,0.004,480640.2375
1728977,IT,SE,CHEM1,INERT,0.08,38446.877,4,4,38446.873,0.0,0.0,0.0,0.004,480585.9625
1732149,IT,SI,GASDI,ELECT,0.06,38443.237,4,4,38443.234,0.0,0.0,0.0,0.003,640720.616667
1653507,IT,CZ,BASIC,KEROS,0.04,38442.804,4,4,38442.802,0.0,0.0,0.0,0.002,961070.1
1679388,IT,GR,PLAST,RENTI,0.08,38438.864,4,4,38438.86,0.0,0.0,0.0,0.004,480485.8
1649069,IT,BG,PAPER,MEATP,0.15,38437.996,4,4,38437.992,0.0,0.0,0.0,0.004,256253.306667
1645125,IT,BE,PAPER,MEMBE,0.15,38437.669,4,4,38437.665,0.0,0.0,0.0,0.004,256251.126667
1804395,IT,WF,KEROS,DIST1,0.06,38437.436,4,4,38437.433,0.0,0.0,0.0,0.003,640623.933333
1761711,IT,IN,MACHI,FORES,0.21,38436.984,4,4,38436.981,0.0,0.0,0.0,0.003,183033.257143
1668718,IT,ES,LANDT,REFI1,0.25,38432.857,4,4,38432.855,0.0,0.0,0.0,0.002,153731.428
1763168,IT,MX,LEATH,GLASS,0.28,38430.676,4,4,38430.669,0.0,0.0,0.0,0.007,137252.414286
1680557,IT,GR,ELEC8,DISTR,0.51,38429.189,4,4,38429.187,0.0,0.0,0.0,0.002,75351.35098
1740081,IT,GB,RENTI,FOOD4,0.23,38427.727,4,4,38427.725,0.0,0.0,0.0,0.002,167077.073913
1686032,IT,HU,BIODI,RESEA,0.08,38422.004,4,4,38422.0,0.0,0.0,0.0,0.004,480275.05
1811703,IT,WM,ADDIT,WHEAT,0.09,38420.243,4,4,38420.24,0.0,0.0,0.0,0.003,426891.588889
1730311,IT,SE,AIRTR,AIRTR,0.04,38420.112,3,3,38420.112,0.0,0.0,0.0,0.0,960502.8
1794943,IT,WL,CHEM1,NONSP,0.08,38418.059,4,4,38418.055,0.0,0.0,0.0,0.004,480225.7375
1754494,IT,CA,BUSIN,GASDI,0.39,38417.742,4,4,38417.739,0.0,0.0,0.0,0.003,98507.030769
1647488,IT,BE,SUPPO,WOODW,0.28,38416.709,4,4,38416.707,0.0,0.0,0.0,0.002,137202.532143
1755946,IT,KR,PREC1,PLAST,0.07,38416.245,4,4,38416.243,0.0,0.0,0.0,0.002,548803.5
1724327,IT,PT,TRAN2,HEAVY,0.06,38416.129,3,3,38416.129,0.0,0.0,0.0,0.0,640268.816667
1727159,IT,RO,LANDT,RESEA,0.25,38415.778,4,4,38415.776,0.0,0.0,0.0,0.002,153663.112
1768855,IT,AU,LEATH,SUPPO,0.28,38415.129,4,4,38415.122,0.0,0.0,0.0,0.007,137196.889286
1685685,IT,HU,HEAVY,REALE,0.06,38413.971,4,4,38413.968,0.0,0.0,0.0,0.003,640232.85
1647931,IT,BE,REALE,COMPU,1.62,38413.748,4,4,38413.745,0.0,0.0,0.0,0.003,23712.190123
1773385,IT,CH,MACHI,INTER,0.21,38413.434,4,4,38413.431,0.0,0.0,0.0,0.003,182921.114286
1768730,IT,AU,WEARI,PAPER,0.29,38411.856,4,4,38411.849,0.0,0.0,0.0,0.007,132454.675862
1782876,IT,NO,SEACO,WOODW,0.04,38411.182,3,3,38411.182,0.0,0.0,0.0,0.0,960279.55
1784072,IT,ID,LEATH,PROCE,0.28,38410.82,4,4,38410.813,0.0,0.0,0.0,0.007,137181.5
1754351,IT,CA,INSUR,WHOLE,0.79,38408.552,4,4,38408.55,0.0,0.0,0.0,0.002,48618.420253
1798310,IT,WE,CROPS,PFERT,0.3,38408.29,4,4,38408.288,0.0,0.0,0.0,0.002,128027.633333
1772536,IT,CH,RUBBE,CERAM,0.13,38408.282,4,4,38408.279,0.0,0.0,0.0,0.003,295448.323077
1671007,IT,FI,ADDIT,GASDI,0.09,38407.182,4,4,38407.179,0.0,0.0,0.0,0.003,426746.466667
1656115,IT,DE,FISH5,MEAT1,0.16,38405.876,4,4,38405.856,0.0,0.0,0.0,0.02,240036.725
1793428,IT,WL,MEATA,EDUCA,0.21,38405.649,4,4,38405.643,0.0,0.0,0.0,0.006,182884.042857
1746656,IT,JP,COPP1,SALEM,0.1,38404.349,4,4,38404.347,0.0,0.0,0.0,0.002,384043.49
1661030,IT,DE,BUSIN,TEXT1,0.39,38400.235,4,4,38400.232,0.0,0.0,0.0,0.003,98462.141026
1810812,IT,WM,KEROS,GASDI,0.06,38399.535,4,4,38399.532,0.0,0.0,0.0,0.003,639992.25
1762894,IT,MX,STONE,WHOLE,0.12,38399.072,5,5,38397.07,0.0,0.0,2.0,0.002,319992.266667
1683926,IT,HR,FURNI,PUBLI,0.12,38397.362,4,4,38397.359,0.0,0.0,0.0,0.003,319978.016667
1713564,IT,MT,CEMEN,OFFIC,0.06,38396.817,4,4,38396.815,0.0,0.0,0.0,0.002,639946.95
1781381,IT,NO,DAIRY,PUBLI,0.16,38396.64,4,4,38396.637,0.0,0.0,0.0,0.003,239979.0
1809061,IT,WM,OILSE,PFERT,0.03,38396.363,4,4,38396.361,0.0,0.0,0.0,0.002,1279878.766667
1682074,IT,HR,TOBAC,TRAN1,0.15,38396.045,4,4,38396.043,0.0,0.0,0.0,0.002,255973.633333
1690074,IT,IE,RENTI,FURNI,0.23,38395.863,4,4,38395.861,0.0,0.0,0.0,0.002,166938.534783
1686900,IT,HU,MACHI,MEAT1,0.21,38395.544,4,4,38395.541,0.0,0.0,0.0,0.003,182835.92381
1758391,IT,BR,FABRI,NFERT,0.16,38389.945,4,4,38389.942,0.0,0.0,0.0,0.003,239937.15625
1644780,IT,BE,TOBAC,CHEMI,0.15,38389.292,4,4,38389.29,0.0,0.0,0.0,0.002,255928.613333
1754832,IT,KR,FOOD5,MEMBE,0.18,38387.828,4,4,38387.825,0.0,0.0,0.0,0.003,213265.711111
1752396,IT,CA,VEGE1,TEXTI,0.12,38387.363,4,4,38387.355,0.0,0.0,0.0,0.008,319894.691667
1732344,IT,SI,NAPHT,RENTI,0.07,38385.201,4,4,38385.198,0.0,0.0,0.0,0.003,548360.014286
1794917,IT,WL,CHEM1,SUGA1,0.08,38383.752,4,4,38383.748,0.0,0.0,0.0,0.004,479796.9
1687573,IT,HU,LANDT,RENTI,0.25,38380.781,4,4,38380.779,0.0,0.0,0.0,0.002,153523.124
1790734,IT,WA,MACHI,CATTL,0.21,38379.953,4,4,38379.95,0.0,0.0,0.0,0.003,182761.680952
1738977,IT,GB,SALEM,FOOD5,0.31,38377.923,4,4,38377.921,0.0,0.0,0.0,0.002,123799.751613
1750709,IT,CN,MOTO1,HOTEL,0.2,38376.046,4,4,38376.044,0.0,0.0,0.0,0.002,191880.23
1655655,IT,DE,CHEMI,FISH5,0.09,38373.828,5,5,38371.824,0.0,0.0,2.0,0.004,426375.866667
1792538,IT,WA,REALE,EDUCA,1.62,38368.651,4,4,38368.648,0.0,0.0,0.0,0.003,23684.352469
1686652,IT,HU,LEAD1,COMPU,0.07,38367.055,4,4,38367.052,0.0,0.0,0.0,0.003,548100.785714
1655468,IT,DE,FISHF,CHEM1,0.07,38364.196,3,3,38364.196,0.0,0.0,0.0,0.0,548059.942857
1742034,IT,US,ADDIT,93197,0.09,38362.497,4,4,38362.494,0.0,0.0,0.0,0.003,426249.966667
1743359,IT,US,SALEM,FOOD5,0.31,38360.933,4,4,38360.931,0.0,0.0,0.0,0.002,123744.945161
1792031,IT,WA,AIRTR,ANTHR,0.04,38358.672,3,3,38358.672,0.0,0.0,0.0,0.0,958966.8
1652528,IT,CZ,WEARI,RESEA,0.29,38358.472,4,4,38358.465,0.0,0.0,0.0,0.007,132270.593103
1813692,IT,WM,RETA1,LANDT,0.4,38357.978,4,4,38357.975,0.0,0.0,0.0,0.003,95894.945
1713623,IT,MT,PREC1,MACHI,0.07,38357.078,4,4,38357.076,0.0,0.0,0.0,0.002,547958.257143
1796320,IT,WL,SALEM,HOTEL,0.31,38354.746,4,4,38354.744,0.0,0.0,0.0,0.002,123724.987097
1752949,IT,CA,PLAST,MEDIC,0.08,38352.207,4,4,38352.203,0.0,0.0,0.0,0.004,479402.5875
1814873,IT,WM,93197,PUBLI,0.26,38351.578,4,4,38351.575,0.0,0.0,0.0,0.003,147506.069231
1771861,IT,CH,WOODW,RAILW,0.11,38351.014,4,4,38351.011,0.0,0.0,0.0,0.003,348645.581818
1684856,IT,HU,CRUDE,STEAM,0.08,38350.172,4,4,38350.169,0.0,0.0,0.0,0.003,479377.15
1664044,IT,EE,PLAST,WHOLE,0.08,38347.128,4,4,38347.124,0.0,0.0,0.0,0.004,479339.1
1738205,IT,GB,CERAM,REALE,0.06,38346.695,4,4,38346.693,0.0,0.0,0.0,0.002,639111.583333
1710205,IT,LT,MACHI,INERT,0.21,38345.766,4,4,38345.763,0.0,0.0,0.0,0.003,182598.885714
1652351,IT,CZ,FISH5,BEVER,0.16,38344.808,4,4,38344.788,0.0,0.0,0.0,0.02,239655.05
1685172,IT,HU,BEVER,BIOGA,0.16,38343.144,4,4,38343.142,0.0,0.0,0.0,0.002,239644.65
1796421,IT,WL,WHOLE,ELEC2,0.33,38342.027,4,4,38342.025,0.0,0.0,0.0,0.002,116187.960606
1689421,IT,IE,HOTEL,WOODW,0.28,38339.583,4,4,38339.58,0.0,0.0,0.0,0.003,136927.082143
1729561,IT,SE,COPP1,ELECT,0.1,38334.499,4,4,38334.497,0.0,0.0,0.0,0.002,383344.99
1757679,IT,BR,HEAVY,CEMEN,0.06,38331.033,4,4,38331.03,0.0,0.0,0.0,0.003,638850.55
1674621,IT,FR,RUBBE,FOOD3,0.13,38328.084,4,4,38328.081,0.0,0.0,0.0,0.003,294831.415385
1729029,IT,SE,RUBBE,SUGA1,0.13,38325.556,4,4,38325.553,0.0,0.0,0.0,0.003,294811.969231
1795275,IT,WL,CERAM,SEACO,0.06,38323.699,4,4,38323.697,0.0,0.0,0.0,0.002,638728.316667
1758407,IT,BR,FABRI,COPP1,0.16,38321.398,4,4,38321.395,0.0,0.0,0.0,0.003,239508.7375
1646537,IT,BE,OFFIC,PAPER,0.12,38321.092,4,4,38321.089,0.0,0.0,0.0,0.003,319342.433333
1675124,IT,FR,COPP1,MOTOR,0.1,38317.351,4,4,38317.349,0.0,0.0,0.0,0.002,383173.51
1735901,IT,SK,OFFIC,HOTEL,0.12,38316.594,4,4,38316.591,0.0,0.0,0.0,0.003,319304.95
1710915,IT,LU,LIQUE,BUSIN,0.07,38315.548,4,4,38315.545,0.0,0.0,0.0,0.003,547364.971429
1738647,IT,GB,MACHI,NATU1,0.21,38315.494,4,4,38315.491,0.0,0.0,0.0,0.003,182454.733333
1757210,IT,BR,VEGE1,VEGET,0.12,38315.244,4,4,38315.236,0.0,0.0,0.0,0.008,319293.7
1717216,IT,NL,SUPPO,WHOLE,0.28,38312.62,4,4,38312.618,0.0,0.0,0.0,0.002,136830.785714
1800669,IT,WE,CERAM,SEACO,0.06,38311.53,4,4,38311.528,0.0,0.0,0.0,0.002,638525.5
1752314,IT,CA,CHEMI,NONF1,0.09,38310.402,5,5,38308.398,0.0,0.0,2.0,0.004,425671.133333
1749132,IT,CN,WOODW,SALEM,0.11,38309.282,4,4,38309.279,0.0,0.0,0.0,0.003,348266.2
1739571,IT,GB,SEACO,NATU1,0.04,38306.095,3,3,38306.095,0.0,0.0,0.0,0.0,957652.375
1667075,IT,ES,NONME,ELEC2,0.08,38304.437,4,4,38304.433,0.0,0.0,0.0,0.004,478805.4625
1787272,IT,WA,VEGET,CONST,0.14,38302.996,4,4,38302.994,0.0,0.0,0.0,0.002,273592.828571
1657561,IT,DE,GLASS,LIQUI,0.11,38301.659,4,4,38301.657,0.0,0.0,0.0,0.002,348196.9
1789719,IT,WA,GLASS,MEATA,0.11,38297.375,4,4,38297.373,0.0,0.0,0.0,0.002,348157.954545
1746609,IT,JP,ALUM1,PAPER,0.07,38296.847,4,4,38296.844,0.0,0.0,0.0,0.003,547097.814286
1649641,IT,BG,GLASS,REALE,0.11,38296.312,4,4,38296.31,0.0,0.0,0.0,0.002,348148.290909
1795294,IT,WL,CEMEN,CHARC,0.06,38295.874,4,4,38295.872,0.0,0.0,0.0,0.002,638264.566667
1688949,IT,IE,FABRI,RETA1,0.16,38292.293,4,4,38292.29,0.0,0.0,0.0,0.003,239326.83125
1772024,IT,CH,PRINT,PAPER,0.37,38292.269,4,4,38292.266,0.0,0.0,0.0,0.003,103492.618919
1674896,IT,FR,NONME,FOOD3,0.08,38292.124,4,4,38292.12,0.0,0.0,0.0,0.004,478651.55
1812085,IT,WM,CERAM,SALEM,0.06,38291.417,4,4,38291.415,0.0,0.0,0.0,0.002,638190.283333
1651000,IT,BG,SUPPO,RETA1,0.28,38288.725,4,4,38288.723,0.0,0.0,0.0,0.002,136745.446429
1763434,IT,MX,LUBRI,COLLE,0.05,38287.822,4,4,38287.82,0.0,0.0,0.0,0.002,765756.44
1662468,IT,DK,ALUM1,ELECT,0.07,38287.152,4,4,38287.149,0.0,0.0,0.0,0.003,546959.314286
1795241,IT,WL,CERAM,FOOD5,0.06,38286.63,4,4,38286.628,0.0,0.0,0.0,0.002,638110.5
1748349,IT,CN,VEGET,RETA1,0.14,38284.502,4,4,38284.5,0.0,0.0,0.0,0.002,273460.728571
1742290,IT,US,BRICK,HEALT,0.06,38283.65,4,4,38283.648,0.0,0.0,0.0,0.002,638060.833333
1777819,IT,TR,FABRI,LEAD1,0.16,38283.23,4,4,38283.227,0.0,0.0,0.0,0.003,239270.1875
1784529,IT,ID,FABRI,HOTEL,0.16,38283.178,4,4,38283.175,0.0,0.0,0.0,0.003,239269.8625
1752028,IT,CN,RESEA,SEACO,0.21,38279.434,4,4,38279.431,0.0,0.0,0.0,0.003,182283.019048
1640311,IT,AT,SANDC,BUSIN,0.09,38279.083,4,4,38271.083,0.0,0.0,8.0,0.0,425323.144444
1726276,IT,RO,BASIC,CERAM,0.04,38278.512,4,4,38278.51,0.0,0.0,0.0,0.002,956962.8
1751778,IT,CN,AUXIL,BASIC,0.7,38276.867,4,4,38276.865,0.0,0.0,0.0,0.002,54681.238571
1684210,IT,HR,TRAN2,BEVER,0.06,38272.801,3,3,38272.801,0.0,0.0,0.0,0.0,637880.016667
1762973,IT,MX,DAIRY,HOTEL,0.16,38269.176,4,4,38269.173,0.0,0.0,0.0,0.003,239182.35
1662122,IT,DK,RUBBE,CRUDE,0.13,38268.571,4,4,38268.568,0.0,0.0,0.0,0.003,294373.623077
1722002,IT,PL,COMPU,LANDT,0.44,38266.119,4,4,38266.117,0.0,0.0,0.0,0.002,86968.452273
1687499,IT,HU,LANDT,MEAT1,0.25,38265.834,4,4,38265.832,0.0,0.0,0.0,0.002,153063.336
1644916,IT,BE,LEATH,RETA1,0.27,38265.008,4,4,38265.001,0.0,0.0,0.0,0.007,141722.251852
1715284,IT,NL,PAPER,PREC1,0.15,38264.049,4,4,38264.045,0.0,0.0,0.0,0.004,255093.66
1796541,IT,WL,RETA1,LANDT,0.4,38259.053,4,4,38259.05,0.0,0.0,0.0,0.003,95647.6325
1718463,IT,PL,TEXTI,FOOD5,0.23,38258.585,4,4,38258.58,0.0,0.0,0.0,0.005,166341.673913
1811091,IT,WM,HEAVY,RAILW,0.06,38257.72,4,4,38257.717,0.0,0.0,0.0,0.003,637628.666667
1790785,IT,WA,MACHI,KERO1,0.21,38256.725,4,4,38256.722,0.0,0.0,0.0,0.003,182174.880952
1776597,IT,TR,GASDI,PRINT,0.06,38256.517,4,4,38256.514,0.0,0.0,0.0,0.003,637608.616667
1788752,IT,WA,MOTOR,SEACO,0.06,38253.985,4,4,38253.982,0.0,0.0,0.0,0.003,637566.416667
1807401,IT,WF,FINAN,BUSIN,0.5,38253.239,3,3,38253.239,0.0,0.0,0.0,0.0,76506.478
1804077,IT,WF,PULP5,PAPER,0.12,38252.667,4,4,38252.663,0.0,0.0,0.0,0.004,318772.225
1688171,IT,HU,BUSIN,HOTEL,0.39,38251.472,4,4,38251.469,0.0,0.0,0.0,0.003,98080.697436
1681343,IT,GR,INSUR,CONST,0.79,38249.836,4,4,38249.834,0.0,0.0,0.0,0.002,48417.513924
1728237,IT,SE,FOOD5,RETA1,0.18,38249.652,4,4,38249.649,0.0,0.0,0.0,0.003,212498.066667
1763255,IT,MX,WOODW,PUBLI,0.11,38249.259,4,4,38249.256,0.0,0.0,0.0,0.003,347720.536364
1746277,IT,JP,CHEM1,COKE1,0.08,38246.903,4,4,38246.899,0.0,0.0,0.0,0.004,478086.2875
1813979,IT,WM,SEACO,LEATH,0.04,38243.891,3,3,38243.891,0.0,0.0,0.0,0.0,956097.275
1680238,IT,GR,TRANS,CONST,0.23,38241.421,4,4,38241.419,0.0,0.0,0.0,0.002,166267.047826
1774569,IT,CH,SEACO,MOTOR,0.04,38240.188,3,3,38240.188,0.0,0.0,0.0,0.0,956004.7
1681068,IT,GR,SUPPO,VEGE1,0.27,38239.784,4,4,38239.782,0.0,0.0,0.0,0.002,141628.82963
1750418,IT,CN,FABRI,RENTI,0.16,38239.26,4,4,38239.257,0.0,0.0,0.0,0.003,238995.375
1745976,IT,JP,WOODW,RETA1,0.11,38237.107,4,4,38237.104,0.0,0.0,0.0,0.003,347610.063636
1779505,IT,TR,RENTI,COLLE,0.23,38236.75,4,4,38236.748,0.0,0.0,0.0,0.002,166246.73913
1669884,IT,ES,PUBLI,MOTO1,0.63,38235.766,4,4,38235.763,0.0,0.0,0.0,0.003,60691.692063
1640545,IT,AT,FOOD5,PAPER,0.18,38232.965,4,4,38232.962,0.0,0.0,0.0,0.003,212405.361111
1740221,IT,GB,BUSIN,GLASS,0.39,38230.889,4,4,38230.886,0.0,0.0,0.0,0.003,98027.920513
1801609,IT,WE,TRANS,INLAN,0.23,38226.954,4,4,38226.952,0.0,0.0,0.0,0.002,166204.147826
1770999,IT,CH,OILSE,RUBBE,0.03,38226.238,4,4,38226.236,0.0,0.0,0.0,0.002,1274207.933333
1778286,IT,TR,SALEM,PAPER,0.31,38225.36,4,4,38225.358,0.0,0.0,0.0,0.002,123307.612903
1716181,IT,NL,ALUM1,BRICK,0.07,38217.387,4,4,38217.384,0.0,0.0,0.0,0.003,545962.671429
1717148,IT,NL,INLAN,SUPPO,0.06,38216.625,4,4,38216.622,0.0,0.0,0.0,0.003,636943.75
1729438,IT,SE,BASIC,INERT,0.04,38211.803,4,4,38211.801,0.0,0.0,0.0,0.002,955295.075
1718752,IT,PL,PULP5,RENTI,0.12,38211.618,4,4,38211.614,0.0,0.0,0.0,0.004,318430.15
1713795,IT,MT,FURNI,VEGET,0.12,38205.434,4,4,38205.431,0.0,0.0,0.0,0.003,318378.616667
1786494,IT,ZA,MOTO1,COMPU,0.2,38205.139,4,4,38205.137,0.0,0.0,0.0,0.002,191025.695
1793519,IT,WL,CHEMI,BUSIN,0.09,38204.585,5,5,38202.581,0.0,0.0,2.0,0.004,424495.388889
1807988,IT,WF,PLAS1,AUXIL,0.14,38203.939,4,4,38203.936,0.0,0.0,0.0,0.003,272885.278571
1662302,IT,DK,NONME,NONME,0.08,38202.982,4,4,38202.978,0.0,0.0,0.0,0.004,477537.275
1726449,IT,RO,FABRI,GLASS,0.16,38202.725,4,4,38202.722,0.0,0.0,0.0,0.003,238767.03125
1723506,IT,PT,COPP1,CHEM1,0.1,38202.584,4,4,38202.582,0.0,0.0,0.0,0.002,382025.84
1666420,IT,ES,BITU1,WHITE,0.06,38202.403,4,4,38202.4,0.0,0.0,0.0,0.003,636706.716667
1800798,IT,WE,BASIC,VEGE1,0.04,38198.536,4,4,38198.534,0.0,0.0,0.0,0.002,954963.4
1761705,IT,IN,MACHI,CROPS,0.21,38197.983,4,4,38197.98,0.0,0.0,0.0,0.003,181895.157143
1791641,IT,WA,HOTEL,PLAST,0.28,38194.526,4,4,38194.523,0.0,0.0,0.0,0.003,136409.021429
1721515,IT,PL,SUPPO,PLAST,0.27,38192.863,4,4,38192.861,0.0,0.0,0.0,0.002,141455.048148
1810976,IT,WM,GASDI,FABRI,0.06,38191.248,4,4,38191.245,0.0,0.0,0.0,0.003,636520.8
1725104,IT,RO,STONE,CEMEN,0.12,38190.688,5,5,38188.686,0.0,0.0,2.0,0.002,318255.733333
1714752,IT,NL,DAIRY,REALE,0.16,38189.908,4,4,38189.905,0.0,0.0,0.0,0.003,238686.925
1648649,IT,BG,DAIRY,FISHF,0.16,38189.642,4,4,38189.639,0.0,0.0,0.0,0.003,238685.2625
1783384,IT,NO,PLAS1,HEALT,0.14,38189.106,4,4,38189.103,0.0,0.0,0.0,0.003,272779.328571
1734465,IT,SK,CRUDE,MOTOR,0.08,38184.836,4,4,38184.833,0.0,0.0,0.0,0.003,477310.45
1686613,IT,HU,LEAD1,WOODW,0.07,38184.11,4,4,38184.107,0.0,0.0,0.0,0.003,545487.285714
1648049,IT,BE,COMPU,DIST1,0.44,38183.881,4,4,38183.879,0.0,0.0,0.0,0.002,86781.547727
1772837,IT,CH,BASIC,MEAT1,0.04,38183.178,4,4,38183.176,0.0,0.0,0.0,0.002,954579.45
1796886,IT,WL,SEACO,TRAN2,0.04,38181.195,3,3,38181.195,0.0,0.0,0.0,0.0,954529.875
1808133,IT,WF,WOOD1,REALE,0.26,38178.646,4,4,38178.644,0.0,0.0,0.0,0.002,146840.946154
1659583,IT,DE,HOTEL,PULP5,0.28,38178.203,4,4,38178.2,0.0,0.0,0.0,0.003,136350.725
1749182,IT,CN,PULP5,COPP1,0.12,38178.171,4,4,38178.167,0.0,0.0,0.0,0.004,318151.425
1781810,IT,NO,BITU1,GASDI,0.06,38176.994,4,4,38176.991,0.0,0.0,0.0,0.003,636283.233333
1781432,IT,NO,FOOD5,RETA1,0.18,38176.689,4,4,38176.686,0.0,0.0,0.0,0.003,212092.716667
1687480,IT,HU,LANDT,WHEAT,0.25,38172.151,4,4,38172.149,0.0,0.0,0.0,0.002,152688.604
1674187,IT,FR,LIQUE,MOTOR,0.07,38166.42,4,4,38166.417,0.0,0.0,0.0,0.003,545234.571429
1717200,IT,NL,SUPPO,CHEM1,0.27,38165.969,4,4,38165.967,0.0,0.0,0.0,0.002,141355.440741
1744221,IT,US,POSTT,RUBBE,0.63,38165.967,4,4,38165.964,0.0,0.0,0.0,0.003,60580.9
1657439,IT,DE,RUBBE,NONF1,0.13,38165.113,4,4,38165.11,0.0,0.0,0.0,0.003,293577.792308
1755710,IT,KR,RUBBE,93197,0.13,38164.787,4,4,38164.784,0.0,0.0,0.0,0.003,293575.284615
1709505,IT,LT,LEATH,PIGS9,0.27,38163.96,4,4,38163.953,0.0,0.0,0.0,0.007,141348.0
1729170,IT,SE,GLASS,RENTI,0.1,38161.688,4,4,38161.686,0.0,0.0,0.0,0.002,381616.88
1729326,IT,SE,NONME,RETA1,0.08,38160.726,4,4,38160.722,0.0,0.0,0.0,0.004,477009.075
1753984,IT,CA,LANDT,MOTO1,0.25,38157.262,4,4,38157.26,0.0,0.0,0.0,0.002,152629.048
1664693,IT,EE,AIRTR,FABRI,0.04,38152.157,3,3,38152.157,0.0,0.0,0.0,0.0,953803.925
1804846,IT,WF,BITU1,VEGET,0.06,38151.687,4,4,38151.684,0.0,0.0,0.0,0.003,635861.45
1673514,IT,FR,LEATH,PULP5,0.27,38145.471,4,4,38145.464,0.0,0.0,0.0,0.007,141279.522222
1655383,IT,DE,CROPS,TOBAC,0.3,38143.559,4,4,38143.557,0.0,0.0,0.0,0.002,127145.196667
1752579,IT,CA,BEVER,93197,0.16,38142.571,4,4,38142.569,0.0,0.0,0.0,0.002,238391.06875
1752146,IT,CN,BUSIN,SEACO,0.39,38135.561,4,4,38135.558,0.0,0.0,0.0,0.003,97783.489744
1728266,IT,SE,BEVER,MEAT1,0.16,38134.202,4,4,38134.2,0.0,0.0,0.0,0.002,238338.7625
1801424,IT,WE,MOTO1,CROPS,0.2,38134.101,4,4,38134.099,0.0,0.0,0.0,0.002,190670.505
1806937,IT,WF,RAILW,REALE,0.26,38133.66,4,4,38133.658,0.0,0.0,0.0,0.002,146667.923077
1668177,IT,ES,SALEM,FINAN,0.31,38132.373,4,4,38132.371,0.0,0.0,0.0,0.002,123007.654839
1786088,IT,ZA,NONME,GASDI,0.08,38129.945,4,4,38129.941,0.0,0.0,0.0,0.004,476624.3125
1811554,IT,WM,PFERT,HEAVY,0.02,38127.526,4,4,38127.52,0.0,0.0,0.0,0.006,1906376.3
1728706,IT,SE,MOTOR,GASDI,0.06,38127.366,4,4,38127.363,0.0,0.0,0.0,0.003,635456.1
1757464,IT,BR,PAPER,CEMEN,0.15,38126.902,4,4,38126.898,0.0,0.0,0.0,0.004,254179.346667
1747525,IT,JP,AIRTR,PIGS9,0.04,38124.562,3,3,38124.562,0.0,0.0,0.0,0.0,953114.05
1645858,IT,BE,GLASS,BIODI,0.1,38123.67,4,4,38123.668,0.0,0.0,0.0,0.002,381236.7
1647427,IT,BE,AIRTR,MEDIC,0.04,38123.646,3,3,38123.646,0.0,0.0,0.0,0.0,953091.15
1678627,IT,GR,CHEMI,WHOLE,0.09,38119.767,5,5,38117.763,0.0,0.0,2.0,0.004,423552.966667
1665545,IT,ES,LEATH,FISHF,0.27,38118.352,4,4,38118.345,0.0,0.0,0.0,0.007,141179.081481
1714647,IT,NL,MEAT1,FOOD5,0.18,38114.151,4,4,38114.146,0.0,0.0,0.0,0.005,211745.283333
1801452,IT,WE,MOTO1,MEAT4,0.2,38114.082,4,4,38114.08,0.0,0.0,0.0,0.002,190570.41
1651506,IT,CY,NAPHT,FABRI,0.06,38112.554,4,4,38112.551,0.0,0.0,0.0,0.003,635209.233333
1720357,IT,PL,FABRI,SEWAG,0.16,38106.649,4,4,38106.646,0.0,0.0,0.0,0.003,238166.55625
1782538,IT,NO,OFFIC,COMPU,0.12,38106.023,4,4,38106.02,0.0,0.0,0.0,0.003,317550.191667
1689137,IT,IE,SALEM,MACHI,0.31,38105.762,4,4,38105.76,0.0,0.0,0.0,0.002,122921.812903
1666516,IT,ES,PLAST,REALE,0.08,38104.153,4,4,38104.149,0.0,0.0,0.0,0.004,476301.9125
1681776,IT,HR,CHEMI,CHEM1,0.09,38103.458,5,5,38101.454,0.0,0.0,2.0,0.004,423371.755556
1807148,IT,WF,AIRTR,LEATH,0.04,38103.164,3,3,38103.164,0.0,0.0,0.0,0.0,952579.1
1766577,IT,RU,COPP1,BUSIN,0.1,38102.312,4,4,38102.31,0.0,0.0,0.0,0.002,381023.12
1679166,IT,GR,PAPER,RECRE,0.15,38099.501,4,4,38099.497,0.0,0.0,0.0,0.004,253996.673333
1667374,IT,ES,COPP1,CHEMI,0.1,38099.459,4,4,38099.457,0.0,0.0,0.0,0.002,380994.59
1771101,IT,CH,NATUR,RECRE,0.05,38096.892,4,4,38096.89,0.0,0.0,0.0,0.002,761937.84
1679390,IT,GR,PLAST,RESEA,0.08,38095.519,4,4,38095.515,0.0,0.0,0.0,0.004,476193.9875
1773089,IT,CH,LEAD1,FABRI,0.07,38093.291,4,4,38093.288,0.0,0.0,0.0,0.003,544189.871429
1718529,IT,PL,TEXTI,93197,0.23,38090.789,4,4,38090.784,0.0,0.0,0.0,0.005,165612.126087
1712003,IT,LV,FORES,WOODW,0.33,38090.17,4,4,38075.17,0.0,15.0,0.0,0.0,115424.757576
1791897,IT,WA,TRAN2,KEROS,0.06,38090.096,3,3,38090.096,0.0,0.0,0.0,0.0,634834.933333
1716607,IT,NL,SALEM,DISTR,0.31,38087.286,4,4,38087.284,0.0,0.0,0.0,0.002,122862.212903
1674007,IT,FR,KEROS,SEWAG,0.06,38086.464,4,4,38086.461,0.0,0.0,0.0,0.003,634774.4
1681022,IT,GR,AIRTR,RADIO,0.04,38084.561,3,3,38084.561,0.0,0.0,0.0,0.0,952114.025
1725555,IT,RO,LEATH,LANDT,0.27,38083.21,4,4,38083.203,0.0,0.0,0.0,0.007,141048.925926
1712804,IT,LV,AIRTR,MACHI,0.04,38083.022,3,3,38083.022,0.0,0.0,0.0,0.0,952075.55
1660533,IT,DE,INSUR,BUSIN,0.78,38083.002,4,4,38083.0,0.0,0.0,0.0,0.002,48824.361538
1757393,IT,BR,WOODW,VEGET,0.11,38081.304,4,4,38081.301,0.0,0.0,0.0,0.003,346193.672727
1761934,IT,IN,FURNI,COPP1,0.12,38079.256,4,4,38079.253,0.0,0.0,0.0,0.003,317327.133333
1767759,IT,RU,INSUR,DAIRY,0.78,38077.853,4,4,38077.851,0.0,0.0,0.0,0.002,48817.760256
1714622,IT,NL,MEATC,FISH5,0.13,38077.464,5,5,38076.462,0.0,1.0,0.0,0.002,292903.569231
1797869,IT,WL,FOOD3,CHEM1,0.11,38076.683,4,4,38076.681,0.0,0.0,0.0,0.002,346151.663636
1656783,IT,DE,GASDI,CEREA,0.06,38076.448,4,4,38076.445,0.0,0.0,0.0,0.003,634607.466667
1667380,IT,ES,COPP1,PAPER,0.1,38076.372,4,4,38076.37,0.0,0.0,0.0,0.002,380763.72
1653473,IT,CZ,BASIC,VEGET,0.04,38072.491,4,4,38072.489,0.0,0.0,0.0,0.002,951812.275
1750162,IT,CN,ALUM1,TEXTI,0.07,38069.988,4,4,38069.985,0.0,0.0,0.0,0.003,543856.971429
1679928,IT,GR,FABRI,FISH5,0.15,38069.527,4,4,38069.524,0.0,0.0,0.0,0.003,253796.846667
1667565,IT,ES,FABRI,HEALT,0.15,38066.511,4,4,38066.508,0.0,0.0,0.0,0.003,253776.74
1794955,IT,WL,CHEM1,BRICK,0.08,38064.716,4,4,38064.712,0.0,0.0,0.0,0.004,475808.95
1647899,IT,BE,REALE,RUBBE,1.61,38064.637,4,4,38064.634,0.0,0.0,0.0,0.003,23642.631677
1775435,IT,CH,HEALT,RAWMI,0.2,38064.123,4,4,38064.121,0.0,0.0,0.0,0.002,190320.615
1734546,IT,SK,FOOD5,PIGS9,0.18,38063.742,4,4,38063.739,0.0,0.0,0.0,0.003,211465.233333
1645416,IT,BE,LIQUE,REFI1,0.07,38062.173,4,4,38062.17,0.0,0.0,0.0,0.003,543745.328571
1717302,IT,NL,FINAN,PIGS9,0.5,38061.436,3,3,38061.436,0.0,0.0,0.0,0.0,76122.872
1684996,IT,HU,VEGE1,CHEM1,0.12,38060.582,4,4,38060.574,0.0,0.0,0.0,0.008,317171.516667
1800163,IT,WE,NONSP,LIQUE,0.05,38059.507,4,4,38059.505,0.0,0.0,0.0,0.002,761190.14
1646443,IT,BE,MACHI,TOBAC,0.21,38058.292,4,4,38058.289,0.0,0.0,0.0,0.003,181229.961905
1711715,IT,LU,BUSIN,FABRI,0.39,38055.628,4,4,38055.625,0.0,0.0,0.0,0.003,97578.533333
1660713,IT,DE,RENTI,FABRI,0.23,38054.985,4,4,38054.983,0.0,0.0,0.0,0.002,165456.456522
1757346,IT,BR,TEXTI,HOTEL,0.23,38053.736,4,4,38053.731,0.0,0.0,0.0,0.005,165451.026087
1784884,IT,ID,AIRTR,POSTT,0.04,38051.028,3,3,38051.028,0.0,0.0,0.0,0.0,951275.7
1730897,IT,SE,PLAS1,FOOD5,0.14,38049.045,4,4,38049.042,0.0,0.0,0.0,0.003,271778.892857
1781085,IT,TW,PUBLI,FABRI,0.62,38047.263,4,4,38047.26,0.0,0.0,0.0,0.003,61366.553226
1656135,IT,DE,FISH5,WHOLE,0.16,38043.271,4,4,38043.251,0.0,0.0,0.0,0.02,237770.44375
1758298,IT,BR,ALUM1,SALEM,0.07,38040.428,4,4,38040.425,0.0,0.0,0.0,0.003,543434.685714
1721622,IT,PL,POSTT,CONST,0.63,38035.901,4,4,38035.898,0.0,0.0,0.0,0.003,60374.446032
1757072,IT,KR,BUSIN,COLLE,0.39,38035.281,4,4,38035.278,0.0,0.0,0.0,0.003,97526.361538
1803371,IT,WF,CHEMI,NONFE,0.09,38034.965,5,5,38032.961,0.0,0.0,2.0,0.004,422610.722222
1799770,IT,WE,KEROS,AUXIL,0.06,38033.992,4,4,38033.989,0.0,0.0,0.0,0.003,633899.866667
1657068,IT,DE,NONSP,CHEM1,0.05,38033.969,4,4,38033.967,0.0,0.0,0.0,0.002,760679.38
1646178,IT,BE,ALUM1,BIOGA,0.07,38031.908,4,4,38031.905,0.0,0.0,0.0,0.003,543312.971429
1786332,IT,ZA,MACHI,CATTL,0.21,38030.116,4,4,38030.113,0.0,0.0,0.0,0.003,181095.790476
1739753,IT,GB,SUPPO,PLAS2,0.27,38030.11,4,4,38030.108,0.0,0.0,0.0,0.002,140852.259259
1682927,IT,HR,NAPHT,BUSIN,0.06,38029.604,4,4,38029.601,0.0,0.0,0.0,0.003,633826.733333
1759288,IT,BR,POSTT,ELEC8,0.63,38028.675,4,4,38028.672,0.0,0.0,0.0,0.003,60362.97619
1780147,IT,TW,HOTEL,GLASS,0.28,38026.076,4,4,38026.073,0.0,0.0,0.0,0.003,135807.414286
1719579,IT,PL,GLASS,RECRE,0.1,38025.796,4,4,38025.794,0.0,0.0,0.0,0.002,380257.96
1785129,IT,ZA,VEGE1,RECRE,0.12,38024.523,4,4,38024.515,0.0,0.0,0.0,0.008,316871.025
1660820,IT,DE,COMPU,FOUND,0.43,38022.658,4,4,38022.656,0.0,0.0,0.0,0.002,88424.786047
1748630,IT,CN,DAIRY,GASDI,0.15,38018.385,4,4,38018.382,0.0,0.0,0.0,0.003,253455.9
1741664,IT,US,HEAVY,RUBBE,0.06,38017.407,4,4,38017.404,0.0,0.0,0.0,0.003,633623.45
1805816,IT,WF,PREC1,HOTEL,0.06,38014.527,4,4,38014.525,0.0,0.0,0.0,0.002,633575.45
1682780,IT,HR,HEAVY,VEGE1,0.06,38012.687,4,4,38012.684,0.0,0.0,0.0,0.003,633544.783333
1798169,IT,WE,WHEAT,HEALT,0.03,38008.273,3,3,38008.273,0.0,0.0,0.0,0.0,1266942.433333
1781550,IT,NO,TEXTI,RENTI,0.23,38008.048,4,4,38008.043,0.0,0.0,0.0,0.005,165252.382609
1642991,IT,AT,CONST,RAWMI,0.21,38007.949,4,4,38007.947,0.0,0.0,0.0,0.002,180990.233333
1770114,IT,AU,WHOLE,WHOLE,0.33,38005.686,4,4,38005.684,0.0,0.0,0.0,0.002,115168.745455
1675152,IT,FR,COPP1,COMPU,0.1,38001.392,4,4,38001.39,0.0,0.0,0.0,0.002,380013.92
1745666,IT,JP,TEXTI,COLLE,0.23,38000.905,4,4,38000.9,0.0,0.0,0.0,0.005,165221.326087
1720404,IT,PL,MACHI,SUGA1,0.21,37999.317,4,4,37999.314,0.0,0.0,0.0,0.003,180949.128571
1760940,IT,IN,HEAVY,NONME,0.06,37998.814,4,4,37998.811,0.0,0.0,0.0,0.003,633313.566667
1743742,IT,US,LANDT,BEVER,0.25,37995.01,4,4,37995.008,0.0,0.0,0.0,0.002,151980.04
1787260,IT,WA,VEGET,NONF1,0.13,37994.845,3,3,37994.845,0.0,0.0,0.0,0.0,292268.038462
1728765,IT,SE,GASDI,BUSIN,0.06,37993.026,4,4,37993.023,0.0,0.0,0.0,0.003,633217.1
1664067,IT,EE,CHEM1,CHEM1,0.08,37992.787,4,4,37992.783,0.0,0.0,0.0,0.004,474909.8375
1710923,IT,LU,NAPHT,RAILW,0.06,37992.573,4,4,37992.57,0.0,0.0,0.0,0.003,633209.55
1649210,IT,BG,MOTOR,CONST,0.06,37992.08,4,4,37992.077,0.0,0.0,0.0,0.003,633201.333333
1796705,IT,WL,RAILW,LANDT,0.25,37989.44,4,4,37989.438,0.0,0.0,0.0,0.002,151957.76
1796405,IT,WL,WHOLE,BASIC,0.33,37984.315,4,4,37984.313,0.0,0.0,0.0,0.002,115103.984848
1799197,IT,WE,WEARI,PRIVA,0.29,37980.709,4,4,37980.702,0.0,0.0,0.0,0.007,130967.962069
1802426,IT,WE,AIRTR,SALEM,0.04,37976.016,3,3,37976.016,0.0,0.0,0.0,0.0,949400.4
1774933,IT,CH,INSUR,LANDT,0.78,37975.64,4,4,37975.638,0.0,0.0,0.0,0.002,48686.717949
1642968,IT,AT,FURNI,COMPU,0.12,37973.415,4,4,37973.412,0.0,0.0,0.0,0.003,316445.125
1655399,IT,DE,CROPS,BUSIN,0.3,37972.858,4,4,37972.856,0.0,0.0,0.0,0.002,126576.193333
1772502,IT,CH,RUBBE,STONE,0.13,37972.061,4,4,37972.058,0.0,0.0,0.0,0.003,292092.776923
1788659,IT,WA,PRINT,93197,0.36,37971.635,4,4,37971.632,0.0,0.0,0.0,0.003,105476.763889
1802456,IT,WE,SUPPO,WEARI,0.27,37971.198,4,4,37971.196,0.0,0.0,0.0,0.002,140634.066667
1805235,IT,WF,CHEM1,TRANS,0.08,37969.667,4,4,37969.663,0.0,0.0,0.0,0.004,474620.8375
1794410,IT,WL,KEROS,EDUCA,0.06,37969.345,4,4,37969.342,0.0,0.0,0.0,0.003,632822.416667
1644976,IT,BE,WOODW,ELEC8,0.11,37965.491,4,4,37965.488,0.0,0.0,0.0,0.003,345140.827273
1766145,IT,RU,RUBBE,DISTR,0.13,37961.23,4,4,37961.227,0.0,0.0,0.0,0.003,292009.461538
1795456,IT,WL,PREC1,CEMEN,0.06,37958.887,4,4,37958.885,0.0,0.0,0.0,0.002,632648.116667
1763643,IT,MX,RUBBE,NONFE,0.13,37953.164,4,4,37953.161,0.0,0.0,0.0,0.003,291947.415385
1651579,IT,CY,GLASS,FOOD5,0.1,37953.045,4,4,37953.043,0.0,0.0,0.0,0.002,379530.45
1781887,IT,NO,CHEM1,PRINT,0.08,37950.848,4,4,37950.844,0.0,0.0,0.0,0.004,474385.6
1685343,IT,HU,WEARI,HEALT,0.29,37948.714,4,4,37948.707,0.0,0.0,0.0,0.007,130857.634483
1809942,IT,WM,FISH5,CRUDE,0.16,37947.749,4,4,37947.729,0.0,0.0,0.0,0.02,237173.43125
1670515,IT,FI,BEVER,POSTT,0.16,37946.945,4,4,37946.943,0.0,0.0,0.0,0.002,237168.40625
1732811,IT,SI,BASIC,BEVER,0.04,37937.929,4,4,37937.927,0.0,0.0,0.0,0.002,948448.225
1723058,IT,PT,CHEM1,MEAT4,0.08,37932.903,4,4,37932.899,0.0,0.0,0.0,0.004,474161.2875
1802368,IT,WE,SEACO,COPP1,0.04,37931.14,3,3,37931.14,0.0,0.0,0.0,0.0,948278.5
1764134,IT,MX,FABRI,DISTR,0.15,37930.746,4,4,37930.743,0.0,0.0,0.0,0.003,252871.64
1796166,IT,WL,FURNI,VEGE1,0.12,37930.211,4,4,37930.208,0.0,0.0,0.0,0.003,316085.091667
1806092,IT,WF,FABRI,NICKE,0.15,37929.617,4,4,37929.614,0.0,0.0,0.0,0.003,252864.113333
1656889,IT,DE,HEAVY,STEAM,0.06,37929.212,4,4,37929.209,0.0,0.0,0.0,0.003,632153.533333
1735474,IT,SK,BASIC,TRAN2,0.04,37928.622,4,4,37928.62,0.0,0.0,0.0,0.002,948215.55
1804180,IT,WF,PAPER,RESEA,0.15,37928.437,4,4,37928.433,0.0,0.0,0.0,0.004,252856.246667
1764881,IT,MX,AIRTR,ALUM1,0.04,37927.461,3,3,37927.461,0.0,0.0,0.0,0.0,948186.525
1730156,IT,SE,LANDT,FOOD5,0.24,37925.626,4,4,37925.624,0.0,0.0,0.0,0.002,158023.441667
1676755,IT,FR,LANDT,FORES,0.24,37925.544,4,4,37925.542,0.0,0.0,0.0,0.002,158023.1
1664128,IT,EE,RUBBE,PFERT,0.13,37923.999,4,4,37923.996,0.0,0.0,0.0,0.003,291723.069231
1788105,IT,WA,WEARI,RAWMI,0.29,37923.517,4,4,37923.51,0.0,0.0,0.0,0.007,130770.748276
1735117,IT,SK,CHEM1,PUBLI,0.08,37922.172,4,4,37922.168,0.0,0.0,0.0,0.004,474027.15
1775821,IT,TR,CHEMI,RETAI,0.09,37921.486,5,5,37919.482,0.0,0.0,2.0,0.004,421349.844444
1665614,IT,ES,WOODW,FISH5,0.11,37921.385,4,4,37921.382,0.0,0.0,0.0,0.003,344739.863636
1769672,IT,AU,FABRI,LANDT,0.15,37918.019,4,4,37918.016,0.0,0.0,0.0,0.003,252786.793333
1782777,IT,NO,HOTEL,GASDI,0.27,37914.222,4,4,37914.219,0.0,0.0,0.0,0.003,140423.044444
1807821,IT,WF,FOODW,REALE,0.28,37914.161,4,4,37914.159,0.0,0.0,0.0,0.002,135407.717857
1754944,IT,KR,TEXTI,ADDIT,0.22,37913.876,4,4,37913.871,0.0,0.0,0.0,0.005,172335.8
1771339,IT,CH,DAIRY,MEMBE,0.15,37912.614,4,4,37912.611,0.0,0.0,0.0,0.003,252750.76
1744200,IT,US,POSTT,FOOD5,0.62,37911.317,4,4,37911.314,0.0,0.0,0.0,0.003,61147.285484
1786921,IT,ZA,AIRTR,RETA1,0.04,37910.901,3,3,37910.901,0.0,0.0,0.0,0.0,947772.525
1755074,IT,KR,WEARI,RESEA,0.29,37910.749,4,4,37910.742,0.0,0.0,0.0,0.007,130726.72069
1678484,IT,FR,RECRE,POSTT,0.48,37910.621,4,4,37910.618,0.0,0.0,0.0,0.003,78980.460417
1735026,IT,SK,PLAST,TRANS,0.08,37908.639,4,4,37908.635,0.0,0.0,0.0,0.004,473857.9875
1763262,IT,MX,PAPER,VEGET,0.15,37908.431,4,4,37908.427,0.0,0.0,0.0,0.004,252722.873333
1790682,IT,WA,FABRI,ELEC1,0.15,37907.321,4,4,37907.318,0.0,0.0,0.0,0.003,252715.473333
1788864,IT,WA,GASDI,RUBBE,0.06,37904.577,4,4,37904.574,0.0,0.0,0.0,0.003,631742.95
1653771,IT,CZ,COPP1,STEAM,0.1,37896.675,4,4,37896.673,0.0,0.0,0.0,0.002,378966.75
1771856,IT,CH,WOODW,SALEM,0.11,37894.866,4,4,37894.863,0.0,0.0,0.0,0.003,344498.781818
1796280,IT,WL,CONST,DISTR,0.21,37894.431,4,4,37894.429,0.0,0.0,0.0,0.002,180449.671429
1728149,IT,SE,DAIRY,PLAST,0.15,37892.34,4,4,37892.337,0.0,0.0,0.0,0.003,252615.6
1750578,IT,CN,OFFIC,PAPER,0.12,37888.268,4,4,37888.265,0.0,0.0,0.0,0.003,315735.566667
1759145,IT,BR,AIRTR,ELEC6,0.04,37888.138,3,3,37888.138,0.0,0.0,0.0,0.0,947203.45
1760388,IT,IN,DAIRY,FISHF,0.15,37887.178,4,4,37887.175,0.0,0.0,0.0,0.003,252581.186667
1663556,IT,DK,COMPU,SUPPO,0.43,37885.542,4,4,37885.54,0.0,0.0,0.0,0.002,88105.911628
1757489,IT,BR,PAPER,SUPPO,0.15,37883.502,4,4,37883.498,0.0,0.0,0.0,0.004,252556.68
1779355,IT,TR,INSUR,HOTEL,0.78,37878.588,4,4,37878.586,0.0,0.0,0.0,0.002,48562.292308
1780996,IT,TW,BUSIN,FOUND,0.39,37878.111,4,4,37878.108,0.0,0.0,0.0,0.003,97123.361538
1651337,IT,CY,WOODW,MOTO1,0.11,37872.156,4,4,37872.153,0.0,0.0,0.0,0.003,344292.327273
1789889,IT,WA,BRICK,NONME,0.06,37867.299,4,4,37867.297,0.0,0.0,0.0,0.002,631121.65
1802127,IT,WE,RETA1,POSTT,0.4,37865.413,4,4,37865.411,0.0,0.0,0.0,0.002,94663.5325
1676930,IT,FR,AIRTR,MEATC,0.04,37863.911,3,3,37863.911,0.0,0.0,0.0,0.0,946597.775
1767373,IT,RU,LANDT,POULT,0.24,37860.596,4,4,37860.594,0.0,0.0,0.0,0.002,157752.483333
1726685,IT,RO,TRANS,RETAI,0.23,37860.457,4,4,37860.455,0.0,0.0,0.0,0.002,164610.682609
1751941,IT,CN,COMPU,RAILW,0.43,37859.566,4,4,37859.564,0.0,0.0,0.0,0.002,88045.502326
1791016,IT,WA,MOTO1,COMPU,0.2,37859.401,4,4,37859.399,0.0,0.0,0.0,0.002,189297.005
1737709,IT,GB,KEROS,LIQUE,0.06,37859.042,4,4,37859.039,0.0,0.0,0.0,0.003,630984.033333
1759653,IT,BR,RESEA,MEDIC,0.21,37856.029,4,4,37856.026,0.0,0.0,0.0,0.003,180266.804762
1782347,IT,NO,FABRI,FISH5,0.15,37855.687,4,4,37855.684,0.0,0.0,0.0,0.003,252371.246667
1758865,IT,BR,HOTEL,RUBBE,0.27,37855.347,4,4,37855.344,0.0,0.0,0.0,0.003,140204.988889
1753766,IT,CA,FURNI,MEDIC,0.12,37855.275,4,4,37855.272,0.0,0.0,0.0,0.003,315460.625
1758061,IT,BR,RUBBE,MEMBE,0.13,37854.945,4,4,37854.942,0.0,0.0,0.0,0.003,291191.884615
1734937,IT,SK,KEROS,LANDT,0.06,37854.575,4,4,37854.572,0.0,0.0,0.0,0.003,630909.583333
1785119,IT,ZA,VEGE1,FOOD5,0.12,37853.349,4,4,37853.341,0.0,0.0,0.0,0.008,315444.575
1749177,IT,CN,PULP5,NONME,0.12,37850.183,4,4,37850.179,0.0,0.0,0.0,0.004,315418.191667
1805722,IT,WF,BASIC,GLASS,0.04,37849.797,4,4,37849.795,0.0,0.0,0.0,0.002,946244.925
1732504,IT,SI,RUBBE,MEATP,0.13,37849.63,4,4,37849.627,0.0,0.0,0.0,0.003,291151.0
1763006,IT,MX,FOOD5,HEALT,0.18,37849.346,4,4,37849.343,0.0,0.0,0.0,0.003,210274.144444
1794117,IT,WL,PAPER,ELEC4,0.15,37848.916,4,4,37848.912,0.0,0.0,0.0,0.004,252326.106667
1711239,IT,LU,MACHI,RESEA,0.21,37848.7,4,4,37848.697,0.0,0.0,0.0,0.003,180231.904762
1659542,IT,DE,RETA1,BUSIN,0.4,37848.684,4,4,37848.682,0.0,0.0,0.0,0.002,94621.71
1744875,IT,US,BUSIN,MEATP,0.39,37848.653,4,4,37848.65,0.0,0.0,0.0,0.003,97047.828205
1769473,IT,AU,BASIC,LEATH,0.04,37847.091,4,4,37847.089,0.0,0.0,0.0,0.002,946177.275
1736988,IT,GB,ANIMA,NATUR,0.15,37846.195,4,4,37846.193,0.0,0.0,0.0,0.002,252307.966667
1715901,IT,NL,GLASS,VEGET,0.1,37845.855,4,4,37845.853,0.0,0.0,0.0,0.002,378458.55
1776749,IT,TR,LIQUE,MOTO1,0.07,37845.701,4,4,37845.698,0.0,0.0,0.0,0.003,540652.871429
1807340,IT,WF,POSTT,RESEA,0.62,37844.145,4,4,37844.142,0.0,0.0,0.0,0.003,61038.943548
1712655,IT,LV,TRANS,AIRTR,0.23,37842.794,4,4,37842.792,0.0,0.0,0.0,0.002,164533.886957
1770217,IT,AU,HOTEL,NICKE,0.27,37841.299,4,4,37841.296,0.0,0.0,0.0,0.003,140152.959259
1653795,IT,CZ,COPP1,WASTE,0.1,37840.367,4,4,37840.365,0.0,0.0,0.0,0.002,378403.67
1653141,IT,CZ,CHEM1,MACHI,0.08,37840.274,4,4,37840.27,0.0,0.0,0.0,0.004,473003.425
1796661,IT,WL,HOTEL,SEACO,0.27,37836.234,4,4,37836.231,0.0,0.0,0.0,0.003,140134.2
1810973,IT,WM,GASDI,COPP1,0.06,37835.982,4,4,37835.979,0.0,0.0,0.0,0.003,630599.7
1653308,IT,CZ,GLASS,FORES,0.1,37834.643,4,4,37834.641,0.0,0.0,0.0,0.002,378346.43
1716265,IT,NL,COPP1,BUSIN,0.1,37833.708,4,4,37833.706,0.0,0.0,0.0,0.002,378337.08
1667394,IT,ES,COPP1,LEAD1,0.1,37831.787,4,4,37831.785,0.0,0.0,0.0,0.002,378317.87
1675322,IT,FR,FABRI,PLAS2,0.15,37831.654,4,4,37831.651,0.0,0.0,0.0,0.003,252211.026667
1689125,IT,IE,SALEM,PAPER,0.31,37830.55,4,4,37830.548,0.0,0.0,0.0,0.002,122034.032258
1673903,IT,FR,MOTOR,CATTL,0.06,37829.63,4,4,37829.627,0.0,0.0,0.0,0.003,630493.833333
1652130,IT,CZ,MEATP,HOTEL,0.15,37828.889,4,4,37828.885,0.0,0.0,0.0,0.004,252192.593333
1674000,IT,FR,KEROS,FOODW,0.06,37828.116,4,4,37828.113,0.0,0.0,0.0,0.003,630468.6
1741723,IT,US,NAPHT,GASDI,0.06,37825.198,4,4,37825.195,0.0,0.0,0.0,0.003,630419.966667
1751733,IT,CN,INSUR,HOTEL,0.78,37821.195,4,4,37821.193,0.0,0.0,0.0,0.002,48488.711538
1760655,IT,IN,PAPER,VEGET,0.15,37819.933,4,4,37819.929,0.0,0.0,0.0,0.004,252132.886667
1735314,IT,SK,GLASS,RECRE,0.1,37818.106,4,4,37818.104,0.0,0.0,0.0,0.002,378181.06
1689559,IT,IE,AIRTR,DAIRY,0.04,37816.531,3,3,37816.531,0.0,0.0,0.0,0.0,945413.275
1757779,IT,BR,PLAST,BIOGA,0.08,37815.852,4,4,37815.848,0.0,0.0,0.0,0.004,472698.15
1679952,IT,GR,FABRI,CERAM,0.15,37815.368,4,4,37815.365,0.0,0.0,0.0,0.003,252102.453333
1747104,IT,JP,FURNI,INSUR,0.12,37813.638,4,4,37813.635,0.0,0.0,0.0,0.003,315113.65
1647082,IT,BE,HOTEL,PRINT,0.27,37809.362,4,4,37809.359,0.0,0.0,0.0,0.003,140034.674074
1796064,IT,WL,TRANS,SUGA1,0.23,37807.047,4,4,37807.045,0.0,0.0,0.0,0.002,164378.465217
1754948,IT,KR,TEXTI,GLASS,0.22,37806.481,4,4,37806.476,0.0,0.0,0.0,0.005,171847.640909
1646185,IT,BE,ALUM1,NONME,0.07,37806.215,4,4,37806.212,0.0,0.0,0.0,0.003,540088.785714
1664211,IT,EE,CERAM,HOTEL,0.06,37805.117,4,4,37805.115,0.0,0.0,0.0,0.002,630085.283333
1709509,IT,LT,LEATH,FOOD5,0.27,37803.523,4,4,37803.516,0.0,0.0,0.0,0.007,140013.048148
1798802,IT,WE,FOOD5,CEMEN,0.18,37803.522,4,4,37803.519,0.0,0.0,0.0,0.003,210019.566667
1685442,IT,HU,WOODW,CERAM,0.11,37803.495,4,4,37803.492,0.0,0.0,0.0,0.003,343668.136364
1641887,IT,AT,BIODI,RUBBE,0.08,37802.576,4,4,37802.572,0.0,0.0,0.0,0.004,472532.2
1761212,IT,IN,ADDIT,OFFIC,0.09,37802.476,4,4,37802.473,0.0,0.0,0.0,0.003,420027.511111
1651965,IT,CY,BUSIN,REALE,0.39,37801.192,4,4,37801.189,0.0,0.0,0.0,0.003,96926.133333
1806013,IT,WF,COPP1,BRICK,0.1,37801.072,4,4,37801.07,0.0,0.0,0.0,0.002,378010.72
1785563,IT,ZA,KERO1,RENTI,0.05,37800.217,4,4,37800.214,0.0,0.0,0.0,0.003,756004.34
1811369,IT,WM,NONSP,NAPHT,0.05,37799.577,4,4,37799.575,0.0,0.0,0.0,0.002,755991.54
1804328,IT,WF,MOTOR,ELEC1,0.06,37799.079,4,4,37799.076,0.0,0.0,0.0,0.003,629984.65
1656845,IT,DE,GASDI,RECRE,0.06,37798.493,4,4,37798.49,0.0,0.0,0.0,0.003,629974.883333
1740551,IT,US,VEGET,DAIRY,0.13,37797.71,3,3,37797.71,0.0,0.0,0.0,0.0,290751.615385
1738793,IT,GB,OFFIC,RENTI,0.12,37793.753,4,4,37793.75,0.0,0.0,0.0,0.003,314947.941667
1777431,IT,TR,NONME,BRICK,0.08,37791.162,4,4,37791.158,0.0,0.0,0.0,0.004,472389.525
1746556,IT,JP,BASIC,COALT,0.04,37790.342,4,4,37790.34,0.0,0.0,0.0,0.002,944758.55
1712066,IT,LV,BEVER,PLAST,0.16,37790.21,4,4,37790.208,0.0,0.0,0.0,0.002,236188.8125
1727798,IT,RO,BUSIN,PLAST,0.39,37789.599,4,4,37789.596,0.0,0.0,0.0,0.003,96896.407692
1786249,IT,ZA,FABRI,POULT,0.15,37786.16,4,4,37786.157,0.0,0.0,0.0,0.003,251907.733333
1721645,IT,PL,POSTT,HEALT,0.62,37783.77,4,4,37783.767,0.0,0.0,0.0,0.003,60941.564516
1649285,IT,BG,LIQUE,LANDT,0.07,37782.817,4,4,37782.814,0.0,0.0,0.0,0.003,539754.528571
1652136,IT,CZ,MEAT1,RECRE,0.18,37782.597,4,4,37782.592,0.0,0.0,0.0,0.005,209903.316667
1681013,IT,GR,AIRTR,RUBBE,0.04,37779.376,3,3,37779.376,0.0,0.0,0.0,0.0,944484.4
1757025,IT,KR,BUSIN,MOTOR,0.39,37779.226,4,4,37779.223,0.0,0.0,0.0,0.003,96869.810256
1666410,IT,ES,LUBRI,LANDT,0.05,37778.997,4,4,37778.995,0.0,0.0,0.0,0.002,755579.94
1725915,IT,RO,NONSP,ELEC1,0.05,37778.652,4,4,37778.65,0.0,0.0,0.0,0.002,755573.04
1796060,IT,WL,TRANS,MEAT4,0.23,37776.831,4,4,37776.829,0.0,0.0,0.0,0.002,164247.091304
1728679,IT,SE,PRINT,RENTI,0.36,37775.91,4,4,37775.907,0.0,0.0,0.0,0.003,104933.083333
1772155,IT,CH,KERO1,RAILW,0.05,37775.261,4,4,37775.258,0.0,0.0,0.0,0.003,755505.22
1774214,IT,CH,RETA1,CEMEN,0.39,37773.056,4,4,37773.054,0.0,0.0,0.0,0.002,96853.989744
1778235,IT,TR,FURNI,REALE,0.12,37772.451,4,4,37772.448,0.0,0.0,0.0,0.003,314770.425
1723209,IT,PT,RUBBE,DIST1,0.13,37772.046,4,4,37772.043,0.0,0.0,0.0,0.003,290554.2
1786910,IT,ZA,AIRTR,MACHI,0.04,37771.015,3,3,37771.015,0.0,0.0,0.0,0.0,944275.375
1687733,IT,HU,SUPPO,BASIC,0.27,37769.054,4,4,37769.052,0.0,0.0,0.0,0.002,139885.385185
1810805,IT,WM,KEROS,WOODW,0.06,37767.531,4,4,37767.528,0.0,0.0,0.0,0.003,629458.85
1664105,IT,EE,CHEM1,RECRE,0.08,37764.422,4,4,37764.418,0.0,0.0,0.0,0.004,472055.275
1679726,IT,GR,NONME,REALE,0.08,37762.538,4,4,37762.534,0.0,0.0,0.0,0.004,472031.725
1676381,IT,FR,WHOLE,CERAM,0.33,37760.639,4,4,37760.637,0.0,0.0,0.0,0.002,114426.178788
1783296,IT,NO,FOODW,INTER,0.28,37757.075,4,4,37757.073,0.0,0.0,0.0,0.002,134846.696429
1772807,IT,CH,NONME,LANDT,0.08,37756.521,4,4,37756.517,0.0,0.0,0.0,0.004,471956.5125
1650052,IT,BG,MACHI,FOUND,0.21,37756.195,4,4,37756.192,0.0,0.0,0.0,0.003,179791.404762
1812933,IT,WM,MACHI,MEAT1,0.21,37756.024,4,4,37756.021,0.0,0.0,0.0,0.003,179790.590476
1776568,IT,TR,GASDI,OILSE,0.06,37755.954,4,4,37755.951,0.0,0.0,0.0,0.003,629265.9
1662658,IT,DK,MACHI,CEMEN,0.21,37755.426,4,4,37755.423,0.0,0.0,0.0,0.003,179787.742857
1771053,IT,CH,FISHF,CHEM1,0.07,37754.192,3,3,37754.192,0.0,0.0,0.0,0.0,539345.6
1667588,IT,ES,MACHI,PADDY,0.21,37753.415,4,4,37753.412,0.0,0.0,0.0,0.003,179778.166667
1733950,IT,SI,SUPPO,MACHI,0.27,37752.821,4,4,37752.819,0.0,0.0,0.0,0.002,139825.262963
1731303,IT,SI,VEGE1,CHEM1,0.12,37751.807,4,4,37751.799,0.0,0.0,0.0,0.008,314598.391667
1742417,IT,US,NONME,EDUCA,0.08,37751.433,4,4,37751.429,0.0,0.0,0.0,0.004,471892.9125
1641261,IT,AT,MOTOR,CEMEN,0.06,37747.816,4,4,37747.813,0.0,0.0,0.0,0.003,629130.266667
1641238,IT,AT,MOTOR,CATTL,0.06,37747.469,4,4,37747.466,0.0,0.0,0.0,0.003,629124.483333
1790485,IT,WA,COPP1,CHARC,0.1,37744.463,4,4,37744.461,0.0,0.0,0.0,0.002,377444.63
1732095,IT,SI,KERO1,FINAN,0.05,37744.424,4,4,37744.421,0.0,0.0,0.0,0.003,754888.48
1679475,IT,GR,CHEM1,BRICK,0.08,37741.297,4,4,37741.293,0.0,0.0,0.0,0.004,471766.2125
1783991,IT,ID,FOOD5,FOOD5,0.18,37740.97,4,4,37740.967,0.0,0.0,0.0,0.003,209672.055556
1799282,IT,WE,LEATH,WHOLE,0.27,37740.541,4,4,37740.534,0.0,0.0,0.0,0.007,139779.781481
1746635,IT,JP,COPP1,WOODW,0.1,37736.44,4,4,37736.438,0.0,0.0,0.0,0.002,377364.4
1791494,IT,WA,WHOLE,93197,0.33,37735.592,4,4,37735.59,0.0,0.0,0.0,0.002,114350.278788
1794516,IT,WL,GASDI,RECRE,0.06,37731.488,4,4,37731.485,0.0,0.0,0.0,0.003,628858.133333
1655286,IT,DE,CEREA,PIGS9,0.06,37731.343,4,4,37731.341,0.0,0.0,0.0,0.002,628855.716667
1726745,IT,RO,CONST,WOODW,0.21,37729.279,4,4,37729.277,0.0,0.0,0.0,0.002,179663.233333
1726062,IT,RO,RUBBE,FORES,0.12,37726.609,4,4,37726.606,0.0,0.0,0.0,0.003,314388.408333
1640254,IT,AT,FISHF,93197,0.06,37726.246,3,3,37726.246,0.0,0.0,0.0,0.0,628770.766667
1647801,IT,BE,AUXIL,PLAST,0.69,37726.054,4,4,37726.052,0.0,0.0,0.0,0.002,54675.44058
1807876,IT,WF,PAPE1,WHOLE,0.26,37725.005,4,4,37725.003,0.0,0.0,0.0,0.002,145096.173077
1757642,IT,BR,HEAVY,MEATP,0.06,37724.391,4,4,37724.388,0.0,0.0,0.0,0.003,628739.85
1755537,IT,KR,CHEM1,BITU1,0.08,37724.074,4,4,37724.07,0.0,0.0,0.0,0.004,471550.925
1720707,IT,PL,MOTO1,RECRE,0.2,37723.885,4,4,37723.883,0.0,0.0,0.0,0.002,188619.425
1770894,IT,AU,BUSIN,RESEA,0.39,37722.976,4,4,37722.973,0.0,0.0,0.0,0.003,96725.579487
1709706,IT,LT,CHEM1,MEAT1,0.08,37719.914,4,4,37719.91,0.0,0.0,0.0,0.004,471498.925
1690070,IT,IE,RENTI,MACHI,0.23,37714.42,4,4,37714.418,0.0,0.0,0.0,0.002,163975.73913
1779793,IT,TR,BUSIN,INSUR,0.39,37713.664,4,4,37713.661,0.0,0.0,0.0,0.003,96701.702564
1769380,IT,AU,CERAM,CERAM,0.06,37713.452,4,4,37713.45,0.0,0.0,0.0,0.002,628557.533333
1670426,IT,FI,FOOD5,BIODI,0.18,37708.854,4,4,37708.851,0.0,0.0,0.0,0.003,209493.633333
1782113,IT,NO,CERAM,OFFIC,0.06,37708.67,4,4,37708.668,0.0,0.0,0.0,0.002,628477.833333
1688374,IT,IE,FOOD5,PIGS9,0.18,37708.072,4,4,37708.069,0.0,0.0,0.0,0.003,209489.288889
1674547,IT,FR,RUBBE,CHARC,0.12,37706.929,4,4,37706.926,0.0,0.0,0.0,0.003,314224.408333
1771129,IT,CH,CHEMI,LEATH,0.09,37706.612,5,5,37704.608,0.0,0.0,2.0,0.004,418962.355556
1738057,IT,GB,RUBBE,PFERT,0.12,37706.327,4,4,37706.324,0.0,0.0,0.0,0.003,314219.391667
1721347,IT,PL,TRAN2,WHOLE,0.06,37703.559,3,3,37703.559,0.0,0.0,0.0,0.0,628392.65
1665057,IT,ES,MEAT1,PRECI,0.18,37703.453,4,4,37703.448,0.0,0.0,0.0,0.005,209463.627778
1729582,IT,SE,COPP1,WASTE,0.1,37699.82,4,4,37699.818,0.0,0.0,0.0,0.002,376998.2
1659352,IT,DE,RETAI,COMPU,0.3,37698.755,4,4,37698.753,0.0,0.0,0.0,0.002,125662.516667
1776588,IT,TR,GASDI,DAIRY,0.06,37696.757,4,4,37696.754,0.0,0.0,0.0,0.003,628279.283333
1656790,IT,DE,GASDI,FORES,0.06,37696.643,4,4,37696.64,0.0,0.0,0.0,0.003,628277.383333
1670705,IT,FI,WOODW,BUSIN,0.11,37691.373,4,4,37691.37,0.0,0.0,0.0,0.003,342648.845455
1744483,IT,US,AUXIL,93197,0.69,37689.301,4,4,37689.299,0.0,0.0,0.0,0.002,54622.175362
1749592,IT,CN,PFERT,CROPS,0.02,37688.974,4,4,37688.968,0.0,0.0,0.0,0.006,1884448.7
1663796,IT,EE,BEVER,RETA1,0.16,37688.893,4,4,37688.891,0.0,0.0,0.0,0.002,235555.58125
1679346,IT,GR,PLAST,DAIRY,0.08,37688.619,4,4,37688.615,0.0,0.0,0.0,0.004,471107.7375
1682571,IT,HR,MOTOR,REALE,0.06,37685.216,4,4,37685.213,0.0,0.0,0.0,0.003,628086.933333
1789202,IT,WA,PLAST,BIOGA,0.08,37684.857,4,4,37684.853,0.0,0.0,0.0,0.004,471060.7125
1759101,IT,BR,AIRTR,WOODW,0.04,37681.627,3,3,37681.627,0.0,0.0,0.0,0.0,942040.675
1774189,IT,CH,RETA1,VEGE1,0.39,37681.533,4,4,37681.531,0.0,0.0,0.0,0.002,96619.315385
1772733,IT,CH,CEMEN,MACHI,0.06,37681.438,4,4,37681.436,0.0,0.0,0.0,0.002,628023.966667
1771727,IT,CH,LEATH,TOBAC,0.27,37681.132,4,4,37681.125,0.0,0.0,0.0,0.007,139559.748148
1775652,IT,CH,93197,BUSIN,0.25,37680.327,4,4,37680.324,0.0,0.0,0.0,0.003,150721.308
1689702,IT,IE,FINAN,CATTL,0.49,37675.445,3,3,37675.445,0.0,0.0,0.0,0.0,76888.663265
1811667,IT,WM,CHEM1,BIOG1,0.08,37675.181,4,4,37675.177,0.0,0.0,0.0,0.004,470939.7625
1771412,IT,CH,FOOD5,DIST1,0.18,37673.738,4,4,37673.735,0.0,0.0,0.0,0.003,209298.544444
1682633,IT,HR,KEROS,NONF1,0.06,37672.972,4,4,37672.969,0.0,0.0,0.0,0.003,627882.866667
1683575,IT,HR,COPP1,CEMEN,0.1,37669.81,4,4,37669.808,0.0,0.0,0.0,0.002,376698.1
1764587,IT,MX,WHOLE,ELECT,0.33,37668.897,4,4,37668.895,0.0,0.0,0.0,0.002,114148.172727
1735840,IT,SK,MACHI,RENTI,0.21,37668.062,4,4,37668.059,0.0,0.0,0.0,0.003,179371.72381
1792078,IT,WA,AIRTR,COPP1,0.04,37665.945,3,3,37665.945,0.0,0.0,0.0,0.0,941648.625
1807336,IT,WF,POSTT,INSUR,0.62,37665.805,4,4,37665.802,0.0,0.0,0.0,0.003,60751.298387
1771517,IT,CH,FISH5,PUBLI,0.16,37660.923,4,4,37660.904,0.0,0.0,0.0,0.019,235380.76875
1678696,IT,GR,VEGE1,SEACO,0.12,37657.619,4,4,37657.611,0.0,0.0,0.0,0.008,313813.491667
1787747,IT,WA,VEGE1,RESEA,0.12,37655.18,4,4,37655.172,0.0,0.0,0.0,0.008,313793.166667
1787528,IT,WA,CHEMI,PLAST,0.09,37654.815,5,5,37652.811,0.0,0.0,2.0,0.004,418386.833333
1804942,IT,WF,NONSP,MEAT4,0.05,37654.094,4,4,37654.092,0.0,0.0,0.0,0.002,753081.88
1762945,IT,MX,VEGE1,DAIRY,0.12,37651.497,4,4,37651.489,0.0,0.0,0.0,0.008,313762.475
1676163,IT,FR,CONST,WEARI,0.21,37650.802,4,4,37650.8,0.0,0.0,0.0,0.002,179289.533333
1663179,IT,DK,LANDT,FURNI,0.24,37646.701,4,4,37646.699,0.0,0.0,0.0,0.002,156861.254167
1775488,IT,CH,INTER,CERAM,0.23,37645.528,4,4,37645.526,0.0,0.0,0.0,0.002,163676.208696
1652359,IT,CZ,FISH5,WHOLE,0.16,37645.307,4,4,37645.288,0.0,0.0,0.0,0.019,235283.16875
1714853,IT,NL,FOOD5,RENTI,0.18,37644.447,4,4,37644.444,0.0,0.0,0.0,0.003,209135.816667
1781948,IT,NO,ADDIT,NATUR,0.09,37644.073,4,4,37644.07,0.0,0.0,0.0,0.003,418267.477778
1686994,IT,HU,MACHI,SEWAG,0.21,37642.266,4,4,37642.263,0.0,0.0,0.0,0.003,179248.885714
1662270,IT,DK,CERAM,COMPU,0.06,37640.437,4,4,37640.435,0.0,0.0,0.0,0.002,627340.616667
1651431,IT,CY,GASDI,MEATP,0.06,37639.94,4,4,37639.937,0.0,0.0,0.0,0.003,627332.333333
1767062,IT,RU,FURNI,WOODW,0.12,37634.775,4,4,37634.772,0.0,0.0,0.0,0.003,313623.125
1688862,IT,IE,BASIC,BUSIN,0.04,37634.686,4,4,37634.684,0.0,0.0,0.0,0.002,940867.15
1756565,IT,KR,RETA1,ELEC2,0.39,37634.623,4,4,37634.621,0.0,0.0,0.0,0.002,96499.033333
1749459,IT,CN,HEAVY,NONME,0.06,37632.923,4,4,37632.92,0.0,0.0,0.0,0.003,627215.383333
1642303,IT,AT,BASIC,FOOD5,0.04,37631.819,4,4,37631.817,0.0,0.0,0.0,0.002,940795.475
1646353,IT,BE,FABRI,GASDI,0.15,37630.783,4,4,37630.78,0.0,0.0,0.0,0.003,250871.886667
1766031,IT,RU,CHEM1,STEAM,0.08,37630.692,4,4,37630.688,0.0,0.0,0.0,0.004,470383.65
1657627,IT,DE,CERAM,STONE,0.06,37628.05,4,4,37628.048,0.0,0.0,0.0,0.002,627134.166667
1799168,IT,WE,WEARI,DISTR,0.28,37626.114,4,4,37626.107,0.0,0.0,0.0,0.007,134378.978571
1778622,IT,TR,HOTEL,WOODW,0.27,37624.694,4,4,37624.691,0.0,0.0,0.0,0.003,139350.718519
1749139,IT,CN,WOODW,SUPPO,0.11,37618.708,4,4,37618.705,0.0,0.0,0.0,0.003,341988.254545
1680277,IT,GR,FURNI,MACHI,0.12,37617.528,4,4,37617.525,0.0,0.0,0.0,0.003,313479.4
1800450,IT,WE,BIODI,REALE,0.08,37617.37,4,4,37617.366,0.0,0.0,0.0,0.004,470217.125
1745170,IT,JP,WHEAT,FOOD5,0.03,37617.294,3,3,37617.294,0.0,0.0,0.0,0.0,1253909.8
1689816,IT,IE,INSUR,MACHI,0.78,37613.064,4,4,37613.062,0.0,0.0,0.0,0.002,48221.876923
1716441,IT,NL,OFFIC,PIGS9,0.12,37608.095,4,4,37608.092,0.0,0.0,0.0,0.003,313400.791667
1664108,IT,EE,RUBBE,FORES,0.12,37606.964,4,4,37606.961,0.0,0.0,0.0,0.003,313391.366667
1665726,IT,ES,PAPER,LUBRI,0.15,37606.324,4,4,37606.32,0.0,0.0,0.0,0.004,250708.826667
1781458,IT,NO,BEVER,PRINT,0.16,37602.107,4,4,37602.105,0.0,0.0,0.0,0.002,235013.16875
1810680,IT,WM,MOTOR,PULP5,0.06,37601.522,4,4,37601.519,0.0,0.0,0.0,0.003,626692.033333
1668911,IT,ES,SEACO,RENTI,0.04,37595.152,3,3,37595.152,0.0,0.0,0.0,0.0,939878.8
1685487,IT,HU,PAPER,PIGS9,0.15,37594.25,4,4,37594.246,0.0,0.0,0.0,0.004,250628.333333
1774449,IT,CH,LANDT,CATTL,0.24,37591.362,4,4,37591.36,0.0,0.0,0.0,0.002,156630.675
1649741,IT,BG,BASIC,GASDI,0.04,37589.653,4,4,37589.651,0.0,0.0,0.0,0.002,939741.325
1746914,IT,JP,MOTO1,KEROS,0.2,37589.584,4,4,37589.582,0.0,0.0,0.0,0.002,187947.92
1742826,IT,US,FABRI,FOOD4,0.15,37588.031,4,4,37588.028,0.0,0.0,0.0,0.003,250586.873333
1803502,IT,WF,VEGE1,PRECI,0.12,37587.584,4,4,37587.576,0.0,0.0,0.0,0.008,313229.866667
1663730,IT,EE,DAIRY,CONST,0.15,37583.207,4,4,37583.204,0.0,0.0,0.0,0.003,250554.713333
1737039,IT,GB,STONE,RESEA,0.12,37581.474,5,5,37579.472,0.0,0.0,2.0,0.002,313178.95
1680882,IT,GR,LANDT,PLAST,0.24,37581.242,4,4,37581.24,0.0,0.0,0.0,0.002,156588.508333
1757822,IT,BR,PFERT,TRAN2,0.02,37577.488,4,4,37577.482,0.0,0.0,0.0,0.006,1878874.4
1783536,IT,NO,OILHA,FOOD2,0.22,37575.885,4,4,37575.883,0.0,0.0,0.0,0.002,170799.477273
1751885,IT,CN,COMPU,PAPER,0.43,37575.454,4,4,37575.452,0.0,0.0,0.0,0.002,87384.776744
1751231,IT,CN,HOTEL,ELEC4,0.27,37569.958,4,4,37569.955,0.0,0.0,0.0,0.003,139147.992593
1725788,IT,RO,PRINT,LANDT,0.36,37569.754,4,4,37569.751,0.0,0.0,0.0,0.003,104360.427778
1813155,IT,WM,MOTO1,ALUM1,0.2,37569.008,4,4,37569.006,0.0,0.0,0.0,0.002,187845.04
1791994,IT,WA,SEACO,FINAN,0.04,37564.197,3,3,37564.197,0.0,0.0,0.0,0.0,939104.925
1791322,IT,WA,SALEM,MEATA,0.3,37561.578,4,4,37561.576,0.0,0.0,0.0,0.002,125205.26
1641497,IT,AT,HEAVY,CRUDE,0.06,37560.865,4,4,37560.862,0.0,0.0,0.0,0.003,626014.416667
1742869,IT,US,MACHI,MEAT4,0.21,37560.703,4,4,37560.7,0.0,0.0,0.0,0.003,178860.490476
1813904,IT,WM,LANDT,RAILW,0.24,37559.863,4,4,37559.861,0.0,0.0,0.0,0.002,156499.429167
1643322,IT,AT,RAILW,HEAVY,0.25,37558.915,4,4,37558.913,0.0,0.0,0.0,0.002,150235.66
1810227,IT,WM,LEATH,TOBAC,0.27,37557.407,4,4,37557.401,0.0,0.0,0.0,0.006,139101.507407
1800804,IT,WE,BASIC,TOBAC,0.04,37556.367,4,4,37556.365,0.0,0.0,0.0,0.002,938909.175
1722818,IT,PT,PAPER,SUPPO,0.15,37556.363,4,4,37556.359,0.0,0.0,0.0,0.004,250375.753333
1675172,IT,FR,COPP1,WOOD2,0.09,37555.022,4,4,37555.02,0.0,0.0,0.0,0.002,417278.022222
1796999,IT,WL,AIRTR,DIST1,0.04,37552.092,3,3,37552.092,0.0,0.0,0.0,0.0,938802.3
1769200,IT,AU,CHEM1,COMPU,0.08,37550.399,4,4,37550.395,0.0,0.0,0.0,0.004,469379.9875
1779495,IT,TR,RENTI,ELECT,0.22,37546.133,4,4,37546.131,0.0,0.0,0.0,0.002,170664.240909
1745519,IT,JP,FOOD5,COMPU,0.18,37545.005,4,4,37545.002,0.0,0.0,0.0,0.003,208583.361111
1800390,IT,WE,CHEM1,RETA1,0.08,37544.562,4,4,37544.558,0.0,0.0,0.0,0.004,469307.025
1660171,IT,DE,SUPPO,FABRI,0.27,37543.883,4,4,37543.881,0.0,0.0,0.0,0.002,139051.418519
1750163,IT,CN,ALUM1,WEARI,0.07,37543.277,4,4,37543.274,0.0,0.0,0.0,0.003,536332.528571
1712581,IT,LV,MACHI,RETA1,0.21,37542.232,4,4,37542.229,0.0,0.0,0.0,0.003,178772.533333
1665306,IT,ES,BEVER,RESEA,0.16,37541.387,4,4,37541.385,0.0,0.0,0.0,0.002,234633.66875
1793996,IT,WL,WOODW,NONF1,0.11,37541.135,4,4,37541.132,0.0,0.0,0.0,0.003,341283.045455
1733235,IT,SI,MACHI,DISTR,0.21,37541.027,4,4,37541.024,0.0,0.0,0.0,0.003,178766.795238
1663962,IT,EE,PAPER,PAPER,0.15,37540.038,4,4,37540.034,0.0,0.0,0.0,0.004,250266.92
1780473,IT,TW,POSTT,PAPER,0.62,37537.967,4,4,37537.964,0.0,0.0,0.0,0.003,60545.108065
1746756,IT,JP,MACHI,CROPS,0.21,37536.855,4,4,37536.852,0.0,0.0,0.0,0.003,178746.928571
1672922,IT,FR,DAIRY,CROPS,0.15,37535.469,4,4,37535.466,0.0,0.0,0.0,0.003,250236.46
1798962,IT,WE,TOBAC,TOBAC,0.15,37532.893,4,4,37532.891,0.0,0.0,0.0,0.002,250219.286667
1657061,IT,DE,NONSP,LIQUE,0.05,37532.795,4,4,37532.793,0.0,0.0,0.0,0.002,750655.9
1709747,IT,LT,CHEM1,PUBLI,0.08,37529.463,4,4,37529.459,0.0,0.0,0.0,0.004,469118.2875
1773297,IT,CH,MACHI,MEATP,0.21,37528.552,4,4,37528.549,0.0,0.0,0.0,0.003,178707.390476
1777807,IT,TR,FABRI,PFERT,0.15,37527.454,4,4,37527.451,0.0,0.0,0.0,0.003,250183.026667
1665939,IT,ES,MOTOR,TEXTI,0.06,37524.667,4,4,37524.664,0.0,0.0,0.0,0.003,625411.116667
1742608,IT,US,ALUM1,HOTEL,0.07,37524.035,4,4,37524.032,0.0,0.0,0.0,0.003,536057.642857
1713642,IT,MT,ALUM1,RUBBE,0.07,37522.268,4,4,37522.265,0.0,0.0,0.0,0.003,536032.4
1715705,IT,NL,PLAST,PRINT,0.08,37520.081,4,4,37520.077,0.0,0.0,0.0,0.004,469001.0125
1749058,IT,CN,LEATH,LANDT,0.27,37517.894,4,4,37517.888,0.0,0.0,0.0,0.006,138955.162963
1773554,IT,CH,MOTO1,RETAI,0.2,37516.873,4,4,37516.871,0.0,0.0,0.0,0.002,187584.365
1684579,IT,HR,BUSIN,REALE,0.39,37515.789,4,4,37515.786,0.0,0.0,0.0,0.003,96194.330769
1772294,IT,CH,PARAF,PLAST,0.06,37512.771,4,4,37512.768,0.0,0.0,0.0,0.003,625212.85
1791378,IT,WA,SALEM,EDUCA,0.3,37512.745,4,4,37512.743,0.0,0.0,0.0,0.002,125042.483333
1811881,IT,WM,RUBBE,NFERT,0.12,37512.38,4,4,37512.377,0.0,0.0,0.0,0.003,312603.166667
1712769,IT,LV,LANDT,CONST,0.24,37511.513,4,4,37511.511,0.0,0.0,0.0,0.002,156297.970833
1653748,IT,CZ,COPP1,ALUM1,0.09,37510.428,4,4,37510.426,0.0,0.0,0.0,0.002,416782.533333
1660340,IT,DE,FINAN,BEVER,0.49,37508.928,3,3,37508.928,0.0,0.0,0.0,0.0,76548.832653
1719175,IT,PL,PLAST,DISTR,0.08,37505.491,4,4,37505.487,0.0,0.0,0.0,0.004,468818.6375
1654755,IT,CZ,AIRTR,RETA1,0.04,37505.189,3,3,37505.189,0.0,0.0,0.0,0.0,937629.725
1793458,IT,WL,STONE,BIOGA,0.12,37504.98,5,5,37502.978,0.0,0.0,2.0,0.002,312541.5
1653266,IT,CZ,RUBBE,DISTR,0.12,37504.945,4,4,37504.942,0.0,0.0,0.0,0.003,312541.208333
1642318,IT,AT,BASIC,PFERT,0.04,37504.18,4,4,37504.178,0.0,0.0,0.0,0.002,937604.5
1669983,IT,ES,EDUCA,EDUCA,0.94,37502.777,4,4,37502.774,0.0,0.0,0.0,0.003,39896.571277
1809975,IT,WM,FISH5,INSUR,0.16,37500.603,4,4,37500.584,0.0,0.0,0.0,0.019,234378.76875
1809349,IT,WM,SANDC,HEAVY,0.09,37496.709,4,4,37488.709,0.0,0.0,8.0,0.0,416630.1
1743182,IT,US,MOTO1,PLAS2,0.2,37494.703,4,4,37494.701,0.0,0.0,0.0,0.002,187473.515
1796412,IT,WL,WHOLE,FABRI,0.32,37492.886,4,4,37492.884,0.0,0.0,0.0,0.002,117165.26875
1720395,IT,PL,MACHI,STONE,0.21,37492.764,4,4,37492.761,0.0,0.0,0.0,0.003,178536.971429
1678339,IT,FR,WASTE,INERT,0.12,37492.551,4,4,37492.549,0.0,0.0,0.0,0.002,312437.925
1679590,IT,GR,RUBBE,DISTR,0.12,37492.428,4,4,37492.425,0.0,0.0,0.0,0.003,312436.9
1793322,IT,WA,PRIVA,WHOLE,8.37,37490.829,4,4,37490.823,0.0,0.0,0.0,0.006,4479.191039
1779028,IT,TR,AIRTR,ELEC2,0.04,37488.744,3,3,37488.744,0.0,0.0,0.0,0.0,937218.6
1656657,IT,DE,PRINT,FOOD2,0.36,37487.637,4,4,37487.634,0.0,0.0,0.0,0.003,104132.325
1715222,IT,NL,WOODW,POSTT,0.1,37487.401,4,4,37487.398,0.0,0.0,0.0,0.003,374874.01
1647334,IT,BE,SEACO,TEXTI,0.04,37486.105,3,3,37486.105,0.0,0.0,0.0,0.0,937152.625
1670189,IT,ES,RECRE,PRINT,0.48,37484.707,4,4,37484.704,0.0,0.0,0.0,0.003,78093.139583
1663240,IT,DK,SEACO,BEVER,0.04,37483.425,3,3,37483.425,0.0,0.0,0.0,0.0,937085.625
1656758,IT,DE,KEROS,REFI1,0.06,37482.622,4,4,37482.619,0.0,0.0,0.0,0.003,624710.366667
1659497,IT,DE,RETA1,COPP1,0.39,37481.743,4,4,37481.741,0.0,0.0,0.0,0.002,96107.033333
1722528,IT,PT,BEVER,PIGS9,0.16,37480.797,4,4,37480.795,0.0,0.0,0.0,0.002,234254.98125
1726668,IT,RO,TRANS,PLAST,0.22,37479.595,4,4,37479.593,0.0,0.0,0.0,0.002,170361.795455
1797059,IT,WL,SUPPO,HOTEL,0.27,37478.838,4,4,37478.836,0.0,0.0,0.0,0.002,138810.511111
1733750,IT,SI,LANDT,LEATH,0.24,37478.155,4,4,37478.153,0.0,0.0,0.0,0.002,156158.979167
1762197,IT,IN,SEACO,NFERT,0.04,37476.657,3,3,37476.657,0.0,0.0,0.0,0.0,936916.425
1751403,IT,CN,SEACO,COLLE,0.04,37473.889,3,3,37473.889,0.0,0.0,0.0,0.0,936847.225
1793323,IT,WA,PRIVA,RETA1,8.36,37469.626,4,4,37469.62,0.0,0.0,0.0,0.006,4482.012679
1681486,IT,GR,COMPU,RECRE,0.43,37468.263,4,4,37468.261,0.0,0.0,0.0,0.002,87135.495349
1649587,IT,BG,RUBBE,RECRE,0.12,37467.043,4,4,37467.04,0.0,0.0,0.0,0.003,312225.358333
1749811,IT,CN,RUBBE,MEATC,0.12,37461.641,4,4,37461.638,0.0,0.0,0.0,0.003,312180.341667
1646705,IT,BE,FURNI,RESEA,0.12,37461.298,4,4,37461.295,0.0,0.0,0.0,0.003,312177.483333
1798211,IT,WE,VEGET,WOODW,0.13,37460.802,3,3,37460.802,0.0,0.0,0.0,0.0,288160.015385
1664729,IT,EE,SUPPO,AIRTR,0.27,37460.13,4,4,37460.128,0.0,0.0,0.0,0.002,138741.222222
1643619,IT,AT,AIRTR,PREC1,0.04,37458.846,3,3,37458.846,0.0,0.0,0.0,0.0,936471.15
1647517,IT,BE,SUPPO,PREC1,0.27,37458.038,4,4,37458.036,0.0,0.0,0.0,0.002,138733.474074
1775869,IT,TR,DAIRY,WHOLE,0.15,37455.154,4,4,37455.151,0.0,0.0,0.0,0.003,249701.026667
1766090,IT,RU,RUBBE,VEGE1,0.12,37453.758,4,4,37453.755,0.0,0.0,0.0,0.003,312114.65
1805431,IT,WF,GLASS,IRONO,0.1,37453.536,4,4,37453.534,0.0,0.0,0.0,0.002,374535.36
1686977,IT,HU,MACHI,FINAN,0.21,37450.545,4,4,37450.542,0.0,0.0,0.0,0.003,178335.928571
1642272,IT,AT,NONME,DISTR,0.08,37448.331,4,4,37448.327,0.0,0.0,0.0,0.004,468104.1375
1776670,IT,TR,HEAVY,REFIN,0.06,37447.66,4,4,37447.657,0.0,0.0,0.0,0.003,624127.666667
1721376,IT,PL,SEACO,COKEO,0.04,37447.178,3,3,37447.178,0.0,0.0,0.0,0.0,936179.45
1726937,IT,RO,HOTEL,VEGE1,0.27,37444.427,4,4,37444.424,0.0,0.0,0.0,0.003,138683.062963
1767996,IT,RU,COMPU,RESEA,0.43,37441.929,4,4,37441.927,0.0,0.0,0.0,0.002,87074.253488
1716257,IT,NL,COPP1,FURNI,0.09,37439.727,4,4,37439.725,0.0,0.0,0.0,0.002,415996.966667
1711016,IT,LU,CEMEN,RECRE,0.06,37439.254,4,4,37439.252,0.0,0.0,0.0,0.002,623987.566667
1746517,IT,JP,NONME,PADDY,0.08,37439.029,4,4,37439.025,0.0,0.0,0.0,0.004,467987.8625
1788026,IT,WA,TEXTI,CHARC,0.22,37434.252,4,4,37434.247,0.0,0.0,0.0,0.005,170155.690909
1790762,IT,WA,MACHI,CHEMI,0.21,37431.248,4,4,37431.245,0.0,0.0,0.0,0.003,178244.038095
1746937,IT,JP,MOTO1,NONF1,0.2,37430.751,4,4,37430.749,0.0,0.0,0.0,0.002,187153.755
1689119,IT,IE,SALEM,FOOD5,0.3,37428.031,4,4,37428.029,0.0,0.0,0.0,0.002,124760.103333
1736095,IT,SK,CONST,BEVER,0.21,37425.754,4,4,37425.752,0.0,0.0,0.0,0.002,178217.87619
1726611,IT,RO,MOTO1,GASDI,0.2,37425.587,4,4,37425.585,0.0,0.0,0.0,0.002,187127.935
1671964,IT,FI,LANDT,FABRI,0.24,37424.839,4,4,37424.837,0.0,0.0,0.0,0.002,155936.829167
1767931,IT,RU,RENTI,SUPPO,0.22,37424.44,4,4,37424.438,0.0,0.0,0.0,0.002,170111.090909
1664988,IT,ES,CHEMI,FISH5,0.09,37423.521,5,5,37421.517,0.0,0.0,2.0,0.004,415816.9
1810936,IT,WM,GASDI,PROCE,0.06,37421.328,4,4,37421.325,0.0,0.0,0.0,0.003,623688.8
1805295,IT,WF,ADDIT,SALEM,0.09,37420.437,4,4,37420.434,0.0,0.0,0.0,0.003,415782.633333
1643712,IT,AT,SUPPO,NONME,0.27,37417.709,4,4,37417.707,0.0,0.0,0.0,0.002,138584.107407
1684796,IT,HU,FORES,WOODW,0.33,37417.571,4,4,37403.571,0.0,14.0,0.0,0.0,113386.578788
1785189,IT,ZA,FOOD5,EDUCA,0.18,37416.452,4,4,37416.449,0.0,0.0,0.0,0.003,207869.177778
1792059,IT,WA,AIRTR,LIQUE,0.04,37414.167,3,3,37414.167,0.0,0.0,0.0,0.0,935354.175
1737440,IT,GB,WEARI,RECRE,0.28,37413.185,4,4,37413.178,0.0,0.0,0.0,0.007,133618.517857
1762958,IT,MX,VEGE1,BUSIN,0.12,37412.032,4,4,37412.024,0.0,0.0,0.0,0.008,311766.933333
1643554,IT,AT,SEACO,BASIC,0.04,37411.628,3,3,37411.628,0.0,0.0,0.0,0.0,935290.7
1648150,IT,BE,BUSIN,SANDC,0.38,37409.629,4,4,37409.626,0.0,0.0,0.0,0.003,98446.392105
1688753,IT,IE,ADDIT,FABRI,0.09,37409.506,4,4,37409.503,0.0,0.0,0.0,0.003,415661.177778
1763677,IT,MX,RUBBE,CERAM,0.12,37408.668,4,4,37408.665,0.0,0.0,0.0,0.003,311738.9
1685483,IT,HU,PAPER,CEREA,0.14,37408.115,4,4,37408.111,0.0,0.0,0.0,0.004,267200.821429
1776923,IT,TR,PLAST,FOUND,0.08,37407.753,4,4,37407.749,0.0,0.0,0.0,0.004,467596.9125
1682094,IT,HR,TEXTI,MEATC,0.22,37406.378,4,4,37406.373,0.0,0.0,0.0,0.005,170028.990909
1724356,IT,PT,SEACO,ALUM1,0.04,37405.948,3,3,37405.948,0.0,0.0,0.0,0.0,935148.7
1657848,IT,DE,NONME,WOOD1,0.08,37405.639,4,4,37405.635,0.0,0.0,0.0,0.004,467570.4875
1752731,IT,CA,LEATH,HOTEL,0.27,37405.584,4,4,37405.578,0.0,0.0,0.0,0.006,138539.2
1716294,IT,NL,FABRI,MOTOR,0.15,37404.162,4,4,37404.159,0.0,0.0,0.0,0.003,249361.08
1799136,IT,WE,WEARI,PLAST,0.28,37403.553,4,4,37403.546,0.0,0.0,0.0,0.007,133584.117857
1747266,IT,JP,WHOLE,KERO1,0.32,37401.544,4,4,37401.542,0.0,0.0,0.0,0.002,116879.825
1752998,IT,CA,CHEM1,LIQUE,0.08,37398.037,4,4,37398.033,0.0,0.0,0.0,0.004,467475.4625
1791766,IT,WA,RAILW,SUPPO,0.25,37396.556,4,4,37396.554,0.0,0.0,0.0,0.002,149586.224
1662754,IT,DK,OFFIC,SUPPO,0.12,37395.179,4,4,37395.176,0.0,0.0,0.0,0.003,311626.491667
1810704,IT,WM,MOTOR,BRICK,0.06,37394.714,4,4,37394.711,0.0,0.0,0.0,0.003,623245.233333
1730796,IT,SE,BUSIN,SECO9,0.38,37393.433,4,4,37393.43,0.0,0.0,0.0,0.003,98403.771053
1667413,IT,ES,COPP1,TRAN1,0.09,37393.328,4,4,37393.326,0.0,0.0,0.0,0.002,415481.422222
1749905,IT,CN,GLASS,CRUDE,0.1,37393.239,4,4,37393.237,0.0,0.0,0.0,0.002,373932.39
1796927,IT,WL,AIRTR,COPPE,0.04,37391.731,3,3,37391.731,0.0,0.0,0.0,0.0,934793.275
1754960,IT,KR,TEXTI,MEDIC,0.22,37389.74,4,4,37389.735,0.0,0.0,0.0,0.005,169953.363636
1683271,IT,HR,CERAM,RECRE,0.06,37385.011,4,4,37385.009,0.0,0.0,0.0,0.002,623083.516667
1779922,IT,TW,CONST,LIQUE,0.21,37381.904,4,4,37381.902,0.0,0.0,0.0,0.002,178009.066667
1657527,IT,DE,GLASS,BKBPE,0.1,37381.733,4,4,37381.731,0.0,0.0,0.0,0.002,373817.33
1796902,IT,WL,SEACO,RECRE,0.04,37381.644,3,3,37381.644,0.0,0.0,0.0,0.0,934541.1
1716189,IT,NL,ALUM1,NONF1,0.06,37377.301,4,4,37377.298,0.0,0.0,0.0,0.003,622955.016667
1788362,IT,WA,WOODW,POULT,0.1,37376.169,4,4,37376.166,0.0,0.0,0.0,0.003,373761.69
1764835,IT,MX,SEACO,MEDIC,0.04,37376.079,3,3,37376.079,0.0,0.0,0.0,0.0,934401.975
1676647,IT,FR,HOTEL,FOOD3,0.27,37375.891,4,4,37375.888,0.0,0.0,0.0,0.003,138429.225926
1641249,IT,AT,MOTOR,PRINT,0.06,37373.554,4,4,37373.551,0.0,0.0,0.0,0.003,622892.566667
1739494,IT,GB,LANDT,ELEC4,0.24,37371.552,4,4,37371.55,0.0,0.0,0.0,0.002,155714.8
1656826,IT,DE,GASDI,INLAN,0.06,37369.604,4,4,37369.601,0.0,0.0,0.0,0.003,622826.733333
1756396,IT,KR,FURNI,RETA1,0.12,37366.424,4,4,37366.421,0.0,0.0,0.0,0.003,311386.866667
1732339,IT,SI,NAPHT,RAILW,0.06,37365.807,4,4,37365.804,0.0,0.0,0.0,0.003,622763.45
1768515,IT,AU,FOOD5,PLAST,0.18,37364.546,4,4,37364.543,0.0,0.0,0.0,0.003,207580.811111
1750880,IT,CN,FURNI,RENTI,0.12,37364.438,4,4,37364.435,0.0,0.0,0.0,0.003,311370.316667
1734835,IT,SK,PAPER,MEATP,0.14,37363.361,4,4,37363.357,0.0,0.0,0.0,0.004,266881.15
1672392,IT,FI,BUSIN,RADIO,0.38,37362.924,4,4,37362.921,0.0,0.0,0.0,0.003,98323.484211
1660927,IT,DE,BUSIN,TOBAC,0.38,37362.331,4,4,37362.328,0.0,0.0,0.0,0.003,98321.923684
1802922,IT,WF,PADDY,PRECI,0.38,37361.797,5,5,37360.795,0.0,1.0,0.0,0.002,98320.518421
1677318,IT,FR,FINAN,AIRTR,0.49,37360.986,3,3,37360.986,0.0,0.0,0.0,0.0,76246.910204
1666262,IT,ES,HEAVY,TRAN2,0.06,37360.514,4,4,37360.511,0.0,0.0,0.0,0.003,622675.233333
1653530,IT,CZ,BASIC,NONF1,0.04,37357.389,4,4,37357.387,0.0,0.0,0.0,0.002,933934.725
1684522,IT,HR,BUSIN,DAIRY,0.38,37355.748,4,4,37355.745,0.0,0.0,0.0,0.003,98304.6
1789297,IT,WA,PFERT,GASDI,0.02,37355.726,4,4,37355.72,0.0,0.0,0.0,0.006,1867786.3
1812060,IT,WM,CERAM,ETHAN,0.06,37354.427,4,4,37354.425,0.0,0.0,0.0,0.002,622573.783333
1649185,IT,BG,PRINT,HOTEL,0.36,37352.436,4,4,37352.433,0.0,0.0,0.0,0.003,103756.766667
1655722,IT,DE,MEATC,MEATP,0.12,37349.133,5,5,37348.131,0.0,1.0,0.0,0.002,311242.775
1761820,IT,IN,OFFIC,POSTT,0.12,37348.732,4,4,37348.729,0.0,0.0,0.0,0.003,311239.433333
1763740,IT,MX,GLASS,WEARI,0.1,37347.45,4,4,37347.448,0.0,0.0,0.0,0.002,373474.5
1641124,IT,AT,PAPER,LANDT,0.14,37345.201,4,4,37345.197,0.0,0.0,0.0,0.004,266751.435714
1743569,IT,US,HOTEL,VEGE1,0.27,37339.727,4,4,37339.724,0.0,0.0,0.0,0.003,138295.285185
1759591,IT,BR,COMPU,RAILW,0.43,37337.66,4,4,37337.658,0.0,0.0,0.0,0.002,86831.767442
1713350,IT,MT,GASDI,SALEM,0.06,37336.396,4,4,37336.393,0.0,0.0,0.0,0.003,622273.266667
1766725,IT,RU,MACHI,PIGS9,0.21,37326.851,4,4,37326.848,0.0,0.0,0.0,0.003,177746.909524
1754511,IT,CA,BUSIN,ALUM1,0.38,37326.254,4,4,37326.251,0.0,0.0,0.0,0.003,98226.984211
1717966,IT,PL,SANDC,CERAM,0.09,37323.289,4,4,37315.289,0.0,0.0,8.0,0.0,414703.211111
1738380,IT,GB,PREC1,LEAD1,0.06,37321.525,4,4,37321.523,0.0,0.0,0.0,0.002,622025.416667
1642613,IT,AT,FABRI,MOTOR,0.15,37316.497,4,4,37316.494,0.0,0.0,0.0,0.003,248776.646667
1780403,IT,TW,SUPPO,FOOD5,0.27,37315.983,4,4,37315.981,0.0,0.0,0.0,0.002,138207.344444
1758804,IT,BR,RETA1,CONST,0.39,37314.253,4,4,37314.251,0.0,0.0,0.0,0.002,95677.571795
1738023,IT,GB,RUBBE,POULT,0.12,37313.916,4,4,37313.913,0.0,0.0,0.0,0.003,310949.3
1762305,IT,IN,AIRTR,INSUR,0.04,37310.866,3,3,37310.866,0.0,0.0,0.0,0.0,932771.65
1652781,IT,CZ,PAPER,FOOD4,0.14,37309.71,4,4,37309.706,0.0,0.0,0.0,0.004,266497.928571
1733887,IT,SI,SEACO,RETA1,0.04,37308.073,3,3,37308.073,0.0,0.0,0.0,0.0,932701.825
1676757,IT,FR,LANDT,STONE,0.24,37306.735,4,4,37306.733,0.0,0.0,0.0,0.002,155444.729167
1741291,IT,US,PAPER,GLASS,0.14,37304.805,4,4,37304.801,0.0,0.0,0.0,0.004,266462.892857
1768937,IT,AU,PAPER,VEGE1,0.14,37303.12,4,4,37303.116,0.0,0.0,0.0,0.004,266450.857143
1765274,IT,RU,VEGE1,WOODW,0.11,37302.601,4,4,37302.593,0.0,0.0,0.0,0.008,339114.554545
1802717,IT,WE,COMPU,EDUCA,0.43,37302.316,4,4,37302.314,0.0,0.0,0.0,0.002,86749.572093
1660913,IT,DE,BUSIN,STONE,0.38,37296.994,4,4,37296.991,0.0,0.0,0.0,0.003,98149.984211
1807066,IT,WF,SEACO,FISHF,0.04,37295.091,3,3,37295.091,0.0,0.0,0.0,0.0,932377.275
1733441,IT,SI,CONST,CONST,0.21,37294.703,4,4,37294.701,0.0,0.0,0.0,0.002,177593.82381
1733763,IT,SI,LANDT,NONME,0.24,37294.442,4,4,37294.44,0.0,0.0,0.0,0.002,155393.508333
1762985,IT,MX,FOOD5,RAWMI,0.18,37294.041,4,4,37294.038,0.0,0.0,0.0,0.003,207189.116667
1676069,IT,FR,ELEC7,OFFIC,0.03,37292.48,3,3,37292.48,0.0,0.0,0.0,0.0,1243082.666667
1648869,IT,BG,TEXTI,BASIC,0.22,37291.183,4,4,37291.178,0.0,0.0,0.0,0.005,169505.377273
1731365,IT,SI,PROCE,NFERT,0.25,37290.771,4,4,37290.769,0.0,0.0,0.0,0.002,149163.084
1640212,IT,AT,FORES,NATUR,0.33,37289.083,4,4,37275.083,0.0,14.0,0.0,0.0,112997.221212
1762649,IT,IN,COMPU,WHOLE,0.43,37288.552,4,4,37288.55,0.0,0.0,0.0,0.002,86717.562791
1748942,IT,CN,WEARI,RETAI,0.28,37288.068,4,4,37288.061,0.0,0.0,0.0,0.007,133171.671429
1679015,IT,GR,WOODW,VEGE1,0.1,37288.045,4,4,37288.042,0.0,0.0,0.0,0.003,372880.45
1675594,IT,FR,MOTO1,RADIO,0.2,37288.044,4,4,37288.042,0.0,0.0,0.0,0.002,186440.22
1719968,IT,PL,PREC1,FOOD3,0.06,37285.015,4,4,37285.013,0.0,0.0,0.0,0.002,621416.916667
1641322,IT,AT,KEROS,PIGS9,0.06,37277.999,4,4,37277.996,0.0,0.0,0.0,0.003,621299.983333
1778811,IT,TR,LANDT,ELE11,0.24,37277.963,4,4,37277.961,0.0,0.0,0.0,0.002,155324.845833
1711575,IT,LU,FINAN,CONST,0.49,37277.613,3,3,37277.613,0.0,0.0,0.0,0.0,76076.761224
1761880,IT,IN,TRANS,WHOLE,0.22,37274.051,4,4,37274.049,0.0,0.0,0.0,0.002,169427.504545
1801288,IT,WE,MACHI,PRECI,0.21,37272.387,4,4,37272.384,0.0,0.0,0.0,0.003,177487.557143
1684171,IT,HR,LANDT,MOTO1,0.24,37271.728,4,4,37271.726,0.0,0.0,0.0,0.002,155298.866667
1740999,IT,US,BEVER,COMPU,0.16,37270.231,4,4,37270.229,0.0,0.0,0.0,0.002,232938.94375
1735516,IT,SK,PREC1,WHOLE,0.06,37266.99,4,4,37266.988,0.0,0.0,0.0,0.002,621116.5
1733152,IT,SI,FABRI,SUPPO,0.15,37266.113,4,4,37266.11,0.0,0.0,0.0,0.003,248440.753333
1728837,IT,SE,PLAST,BASIC,0.08,37265.237,4,4,37265.233,0.0,0.0,0.0,0.004,465815.4625
1721638,IT,PL,POSTT,REALE,0.61,37263.453,4,4,37263.45,0.0,0.0,0.0,0.003,61087.627869
1666636,IT,ES,CHEM1,INTER,0.08,37261.329,4,4,37261.325,0.0,0.0,0.0,0.004,465766.6125
1720604,IT,PL,MOTO1,RAWMI,0.2,37260.918,4,4,37260.916,0.0,0.0,0.0,0.002,186304.59
1810000,IT,WM,TEXTI,CROPS,0.22,37260.224,4,4,37260.219,0.0,0.0,0.0,0.005,169364.654545
1721149,IT,PL,RAILW,MACHI,0.25,37258.823,4,4,37258.821,0.0,0.0,0.0,0.002,149035.292
1796658,IT,WL,HOTEL,RAILW,0.27,37258.03,4,4,37258.027,0.0,0.0,0.0,0.003,137992.703704
1744740,IT,US,RESEA,MEAT4,0.2,37257.421,4,4,37257.418,0.0,0.0,0.0,0.003,186287.105
1684151,IT,HR,LANDT,PRINT,0.24,37257.122,4,4,37257.12,0.0,0.0,0.0,0.002,155238.008333
1659383,IT,DE,WHOLE,SANDC,0.32,37254.912,4,4,37254.91,0.0,0.0,0.0,0.002,116421.6
1665468,IT,ES,WEARI,WOODW,0.28,37254.613,4,4,37254.606,0.0,0.0,0.0,0.007,133052.189286
1809484,IT,WM,MEATC,HEALT,0.12,37254.289,5,5,37253.287,0.0,1.0,0.0,0.002,310452.408333
1789586,IT,WA,RUBBE,CEREA,0.12,37253.657,4,4,37253.654,0.0,0.0,0.0,0.003,310447.141667
1776826,IT,TR,NAPHT,RENTI,0.06,37253.213,4,4,37253.21,0.0,0.0,0.0,0.003,620886.883333
1728749,IT,SE,GASDI,FORES,0.06,37253.029,4,4,37253.026,0.0,0.0,0.0,0.003,620883.816667
1772087,IT,CH,PRINT,93197,0.36,37252.397,4,4,37252.394,0.0,0.0,0.0,0.003,103478.880556
1662982,IT,DK,HOTEL,MEATP,0.27,37251.164,4,4,37251.161,0.0,0.0,0.0,0.003,137967.274074
1722785,IT,PT,PAPER,CEMEN,0.14,37250.873,4,4,37250.869,0.0,0.0,0.0,0.004,266077.664286
1674520,IT,FR,RUBBE,PROCE,0.12,37250.188,4,4,37250.185,0.0,0.0,0.0,0.003,310418.233333
1778476,IT,TR,WHOLE,RESEA,0.32,37248.818,4,4,37248.816,0.0,0.0,0.0,0.002,116402.55625
1719347,IT,PL,RUBBE,CEREA,0.12,37245.99,4,4,37245.987,0.0,0.0,0.0,0.003,310383.25
1734777,IT,SK,WOODW,PREC1,0.1,37244.686,4,4,37244.683,0.0,0.0,0.0,0.003,372446.86
1738430,IT,GB,ALUM1,NONF1,0.06,37243.226,4,4,37243.223,0.0,0.0,0.0,0.003,620720.433333
1643501,IT,AT,LANDT,FOOD2,0.24,37241.186,4,4,37241.184,0.0,0.0,0.0,0.002,155171.608333
1752402,IT,CA,VEGE1,NAPHT,0.11,37238.733,4,4,37238.725,0.0,0.0,0.0,0.008,338533.936364
1675157,IT,FR,COPP1,PLAS1,0.09,37236.795,4,4,37236.793,0.0,0.0,0.0,0.002,413742.166667
1759102,IT,BR,AIRTR,PULP5,0.04,37233.901,3,3,37233.901,0.0,0.0,0.0,0.0,930847.525
1690495,IT,IE,PLAS2,COPP1,0.31,37233.167,4,4,37233.165,0.0,0.0,0.0,0.002,120106.990323
1667080,IT,ES,NONME,SALEM,0.08,37229.666,4,4,37229.662,0.0,0.0,0.0,0.004,465370.825
1754671,IT,KR,CHEMI,RECRE,0.09,37229.584,5,5,37227.581,0.0,0.0,2.0,0.003,413662.044444
1653324,IT,CZ,GLASS,PULP5,0.1,37228.14,4,4,37228.138,0.0,0.0,0.0,0.002,372281.4
1800437,IT,WE,ADDIT,PUBLI,0.09,37227.634,4,4,37227.631,0.0,0.0,0.0,0.003,413640.377778
1768852,IT,AU,LEATH,LANDT,0.27,37225.246,4,4,37225.24,0.0,0.0,0.0,0.006,137871.281481
1732911,IT,SI,PREC1,WHOLE,0.06,37224.327,4,4,37224.325,0.0,0.0,0.0,0.002,620405.45
1735212,IT,SK,RUBBE,RAILW,0.12,37223.497,4,4,37223.494,0.0,0.0,0.0,0.003,310195.808333
1787556,IT,WA,CHEMI,SUPPO,0.09,37223.003,5,5,37221.0,0.0,0.0,2.0,0.003,413588.922222
1717650,IT,NL,BUSIN,KEROS,0.38,37221.548,4,4,37221.545,0.0,0.0,0.0,0.003,97951.442105
1687973,IT,HU,RENTI,ALUM1,0.22,37220.853,4,4,37220.851,0.0,0.0,0.0,0.002,169185.695455
1800151,IT,WE,NONSP,BITUM,0.05,37218.981,4,4,37218.979,0.0,0.0,0.0,0.002,744379.62
1798008,IT,WL,INERT,CHEM1,0.27,37215.358,4,4,37215.356,0.0,0.0,0.0,0.002,137834.659259
1764315,IT,MX,OFFIC,RUBBE,0.12,37214.417,4,4,37214.414,0.0,0.0,0.0,0.003,310120.141667
1669070,IT,ES,SUPPO,ELEC4,0.27,37213.688,4,4,37213.686,0.0,0.0,0.0,0.002,137828.474074
1683663,IT,HR,FABRI,COLLE,0.15,37212.409,4,4,37212.406,0.0,0.0,0.0,0.003,248082.726667
1810178,IT,WM,WEARI,SEACO,0.28,37210.463,4,4,37210.456,0.0,0.0,0.0,0.007,132894.510714
1766906,IT,RU,OFFIC,LANDT,0.12,37206.509,4,4,37206.506,0.0,0.0,0.0,0.003,310054.241667
1711324,IT,LU,WHOLE,BASIC,0.32,37202.679,4,4,37202.677,0.0,0.0,0.0,0.002,116258.371875
1740835,IT,US,VEGE1,ELECT,0.11,37199.218,4,4,37199.21,0.0,0.0,0.0,0.008,338174.709091
1796465,IT,WL,RETA1,RAWMI,0.39,37198.218,4,4,37198.216,0.0,0.0,0.0,0.002,95380.046154
1790019,IT,WA,NONME,FABRI,0.08,37197.904,4,4,37197.9,0.0,0.0,0.0,0.004,464973.8
1652973,IT,CZ,PETRO,GASDI,0.06,37196.176,4,4,37196.173,0.0,0.0,0.0,0.003,619936.266667
1810765,IT,WM,AVIAT,PUBLI,0.09,37194.216,4,4,37194.213,0.0,0.0,0.0,0.003,413269.066667
1798668,IT,WE,VEGE1,DAIRY,0.11,37194.216,4,4,37194.208,0.0,0.0,0.0,0.008,338129.236364
1738295,IT,GB,BASIC,BEVER,0.04,37191.899,4,4,37191.897,0.0,0.0,0.0,0.002,929797.475
1681429,IT,GR,RENTI,HOTEL,0.22,37190.3,4,4,37190.298,0.0,0.0,0.0,0.002,169046.818182
1809291,IT,WM,STONE,COPPE,0.12,37190.186,5,5,37188.184,0.0,0.0,2.0,0.002,309918.216667
1642224,IT,AT,NONME,VEGET,0.08,37189.207,4,4,37189.203,0.0,0.0,0.0,0.004,464865.0875
1674718,IT,FR,GLASS,FOODW,0.1,37184.865,4,4,37184.863,0.0,0.0,0.0,0.002,371848.65
1650900,IT,BG,SEACO,DAIRY,0.04,37184.704,3,3,37184.704,0.0,0.0,0.0,0.0,929617.6
1812278,IT,WM,BASIC,ANIMA,0.04,37182.784,4,4,37182.782,0.0,0.0,0.0,0.002,929569.6
1787894,IT,WA,BEVER,WEARI,0.16,37182.751,4,4,37182.749,0.0,0.0,0.0,0.002,232392.19375
1734898,IT,SK,PAPER,HEALT,0.14,37178.351,4,4,37178.347,0.0,0.0,0.0,0.004,265559.65
1795481,IT,WL,PREC1,93197,0.06,37177.612,4,4,37177.61,0.0,0.0,0.0,0.002,619626.866667
1681940,IT,HR,FOOD5,MEAT1,0.18,37176.19,4,4,37176.187,0.0,0.0,0.0,0.003,206534.388889
1641215,IT,AT,PRINT,HEALT,0.36,37173.401,4,4,37173.398,0.0,0.0,0.0,0.003,103259.447222
1752964,IT,CA,CHEM1,ANIMA,0.08,37173.183,4,4,37173.179,0.0,0.0,0.0,0.004,464664.7875
1684035,IT,HR,HOTEL,FOOD5,0.27,37172.677,4,4,37172.674,0.0,0.0,0.0,0.003,137676.581481
1739688,IT,GB,SUPPO,WOODW,0.27,37172.424,4,4,37172.422,0.0,0.0,0.0,0.002,137675.644444
1649321,IT,BG,PLAST,WEARI,0.08,37171.885,4,4,37171.881,0.0,0.0,0.0,0.004,464648.5625
1783222,IT,NO,BUSIN,WHOLE,0.38,37165.162,4,4,37165.159,0.0,0.0,0.0,0.003,97803.057895
1782782,IT,NO,HOTEL,PLAST,0.27,37164.884,4,4,37164.881,0.0,0.0,0.0,0.003,137647.718519
1677369,IT,FR,INSUR,FOOD5,0.77,37164.802,4,4,37164.8,0.0,0.0,0.0,0.002,48265.976623
1734788,IT,SK,WOODW,STEAM,0.1,37164.633,4,4,37164.63,0.0,0.0,0.0,0.003,371646.33
1684148,IT,HR,LANDT,WOODW,0.24,37164.411,4,4,37164.409,0.0,0.0,0.0,0.002,154851.7125
1726099,IT,RO,RUBBE,ALUM1,0.12,37163.911,4,4,37163.908,0.0,0.0,0.0,0.003,309699.258333
1808704,IT,WF,TEXT2,CATTL,0.27,37163.125,4,4,37163.123,0.0,0.0,0.0,0.002,137641.203704
1766854,IT,RU,MACHI,FOOD3,0.21,37162.378,4,4,37162.375,0.0,0.0,0.0,0.003,176963.704762
1643552,IT,AT,SEACO,CEMEN,0.04,37162.215,3,3,37162.215,0.0,0.0,0.0,0.0,929055.375
1790293,IT,WA,ALUM1,MEATP,0.06,37160.398,4,4,37160.395,0.0,0.0,0.0,0.003,619339.966667
1713317,IT,MT,AVIAT,COMPU,0.09,37155.705,4,4,37155.702,0.0,0.0,0.0,0.003,412841.166667
1745997,IT,JP,PAPER,TOBAC,0.14,37155.228,4,4,37155.224,0.0,0.0,0.0,0.004,265394.485714
1673320,IT,FR,TEXTI,BIODI,0.22,37155.103,4,4,37155.098,0.0,0.0,0.0,0.005,168886.831818
1811765,IT,WM,ADDIT,BASIC,0.09,37153.444,4,4,37153.441,0.0,0.0,0.0,0.003,412816.044444
1770348,IT,AU,RAILW,BASIC,0.25,37152.643,4,4,37152.641,0.0,0.0,0.0,0.002,148610.572
1798222,IT,WE,VEGET,GLASS,0.13,37151.877,3,3,37151.877,0.0,0.0,0.0,0.0,285783.669231
1778326,IT,TR,SALEM,COMPU,0.3,37150.702,4,4,37150.7,0.0,0.0,0.0,0.002,123835.673333
1715425,IT,NL,MOTOR,TRANS,0.06,37149.755,4,4,37149.752,0.0,0.0,0.0,0.003,619162.583333
1717042,IT,NL,LANDT,FURNI,0.24,37147.296,4,4,37147.294,0.0,0.0,0.0,0.002,154780.4
1802360,IT,WE,SEACO,PFERT,0.04,37146.65,3,3,37146.65,0.0,0.0,0.0,0.0,928666.25
1728133,IT,SE,VEGE1,RECRE,0.11,37145.488,4,4,37145.48,0.0,0.0,0.0,0.008,337686.254545
1758817,IT,BR,RETA1,FINAN,0.39,37144.851,4,4,37144.849,0.0,0.0,0.0,0.002,95243.207692
1776799,IT,TR,NAPHT,CERAM,0.06,37144.403,4,4,37144.4,0.0,0.0,0.0,0.003,619073.383333
1675336,IT,FR,MACHI,CATTL,0.21,37142.162,4,4,37142.159,0.0,0.0,0.0,0.003,176867.438095
1711693,IT,LU,BUSIN,BEVER,0.38,37142.021,4,4,37142.018,0.0,0.0,0.0,0.003,97742.160526
1740927,IT,US,FOOD5,PRINT,0.18,37139.585,4,4,37139.582,0.0,0.0,0.0,0.003,206331.027778
1757795,IT,BR,PLAST,MEDIC,0.08,37135.687,4,4,37135.683,0.0,0.0,0.0,0.004,464196.0875
1743949,IT,US,INLAN,WHOLE,0.06,37134.725,4,4,37134.722,0.0,0.0,0.0,0.003,618912.083333
1785587,IT,ZA,GASDI,PRINT,0.06,37134.718,4,4,37134.715,0.0,0.0,0.0,0.003,618911.966667
1771258,IT,CH,VEGE1,AIRTR,0.11,37134.453,4,4,37134.445,0.0,0.0,0.0,0.008,337585.936364
1710598,IT,LU,OILSE,FINAN,0.03,37133.936,4,4,37133.934,0.0,0.0,0.0,0.002,1237797.866667
1791793,IT,WA,LANDT,RAWMI,0.24,37133.158,4,4,37133.156,0.0,0.0,0.0,0.002,154721.491667
1725275,IT,RO,BEVER,POULT,0.16,37132.568,4,4,37132.566,0.0,0.0,0.0,0.002,232078.55
1718364,IT,PL,BEVER,KEROS,0.16,37131.88,4,4,37131.878,0.0,0.0,0.0,0.002,232074.25
1647024,IT,BE,RETA1,SALEM,0.39,37129.409,4,4,37129.407,0.0,0.0,0.0,0.002,95203.612821
1763739,IT,MX,GLASS,TEXTI,0.1,37126.329,4,4,37126.327,0.0,0.0,0.0,0.002,371263.29
1764712,IT,MX,HOTEL,PLAST,0.27,37126.266,4,4,37126.263,0.0,0.0,0.0,0.003,137504.688889
1778456,IT,TR,WHOLE,TRAN1,0.32,37123.84,4,4,37123.838,0.0,0.0,0.0,0.002,116012.0
1716985,IT,NL,LANDT,MEAT1,0.24,37123.292,4,4,37123.29,0.0,0.0,0.0,0.002,154680.383333
1756331,IT,KR,MOTO1,REALE,0.2,37121.898,4,4,37121.896,0.0,0.0,0.0,0.002,185609.49
1748684,IT,CN,FOOD5,MEAT4,0.18,37121.547,4,4,37121.544,0.0,0.0,0.0,0.003,206230.816667
1747358,IT,JP,RETA1,RADIO,0.39,37121.506,4,4,37121.504,0.0,0.0,0.0,0.002,95183.348718
1743746,IT,US,LANDT,WEARI,0.24,37121.085,4,4,37121.083,0.0,0.0,0.0,0.002,154671.1875
1753814,IT,CA,WHOLE,FISH5,0.32,37118.995,4,4,37118.993,0.0,0.0,0.0,0.002,115996.859375
1764470,IT,MX,FURNI,RENTI,0.12,37118.296,4,4,37118.293,0.0,0.0,0.0,0.003,309319.133333
1666997,IT,ES,CEMEN,RUBBE,0.06,37117.909,4,4,37117.907,0.0,0.0,0.0,0.002,618631.816667
1647425,IT,BE,AIRTR,ELECT,0.04,37117.267,3,3,37117.267,0.0,0.0,0.0,0.0,927931.675
1764009,IT,MX,ALUM1,RETA1,0.06,37112.835,4,4,37112.832,0.0,0.0,0.0,0.003,618547.25
1727903,IT,SE,CEREA,FOOD5,0.06,37112.448,4,4,37112.446,0.0,0.0,0.0,0.002,618540.8
1667182,IT,ES,BASIC,FINAN,0.04,37111.674,4,4,37111.672,0.0,0.0,0.0,0.002,927791.85
1678634,IT,GR,MEATC,FOOD5,0.12,37109.437,5,5,37108.435,0.0,1.0,0.0,0.002,309245.308333
1791873,IT,WA,LANDT,BUSIN,0.24,37109.412,4,4,37109.41,0.0,0.0,0.0,0.002,154622.55
1749466,IT,CN,HEAVY,FABRI,0.06,37108.08,4,4,37108.077,0.0,0.0,0.0,0.003,618468.0
1670962,IT,FI,CHEM1,ELEC7,0.08,37106.117,4,4,37106.113,0.0,0.0,0.0,0.004,463826.4625
1734395,IT,SK,VEGET,DAIRY,0.13,37105.712,3,3,37105.712,0.0,0.0,0.0,0.0,285428.553846
1785510,IT,ZA,MOTOR,ELECT,0.06,37102.128,4,4,37102.125,0.0,0.0,0.0,0.003,618368.8
1772112,IT,CH,MOTOR,CHEM1,0.06,37101.759,4,4,37101.756,0.0,0.0,0.0,0.003,618362.65
1754378,IT,CA,AUXIL,INSUR,0.68,37100.796,4,4,37100.794,0.0,0.0,0.0,0.002,54559.994118
1653054,IT,CZ,PLAST,RETAI,0.08,37100.518,4,4,37100.514,0.0,0.0,0.0,0.004,463756.475
1741722,IT,US,NAPHT,KEROS,0.06,37100.222,4,4,37100.219,0.0,0.0,0.0,0.003,618337.033333
1773387,IT,CH,MACHI,WOOD1,0.21,37099.731,4,4,37099.728,0.0,0.0,0.0,0.003,176665.385714
1761251,IT,IN,RUBBE,KEROS,0.12,37098.514,4,4,37098.511,0.0,0.0,0.0,0.003,309154.283333
1763518,IT,MX,CHEM1,COPPE,0.08,37098.233,4,4,37098.229,0.0,0.0,0.0,0.004,463727.9125
1792237,IT,WA,POSTT,PRINT,0.61,37097.586,4,4,37097.583,0.0,0.0,0.0,0.003,60815.714754
1800266,IT,WE,PLAST,ELEC1,0.08,37097.374,4,4,37097.37,0.0,0.0,0.0,0.004,463717.175
1806608,IT,WF,SALEM,NATUR,0.3,37096.412,4,4,37096.41,0.0,0.0,0.0,0.002,123654.706667
1736139,IT,SK,CONST,RENTI,0.21,37096.015,4,4,37096.013,0.0,0.0,0.0,0.002,176647.690476
1771257,IT,CH,VEGE1,SEACO,0.11,37093.419,4,4,37093.411,0.0,0.0,0.0,0.008,337212.9
1723784,IT,PT,OFFIC,BASIC,0.11,37090.715,4,4,37090.712,0.0,0.0,0.0,0.003,337188.318182
1733686,IT,SI,RAILW,CHEM1,0.25,37089.617,4,4,37089.615,0.0,0.0,0.0,0.002,148358.468
1685625,IT,HU,MOTOR,PLAST,0.06,37088.963,4,4,37088.96,0.0,0.0,0.0,0.003,618149.383333
1813738,IT,WM,HOTEL,HEAVY,0.27,37088.401,4,4,37088.398,0.0,0.0,0.0,0.003,137364.448148
1685761,IT,HU,PLAST,PULP5,0.08,37088.126,4,4,37088.122,0.0,0.0,0.0,0.004,463601.575
1793769,IT,WL,FISH5,FOOD5,0.16,37087.047,4,4,37087.028,0.0,0.0,0.0,0.019,231794.04375
1788016,IT,WA,TEXTI,LIQUE,0.22,37086.726,4,4,37086.721,0.0,0.0,0.0,0.005,168576.027273
1802365,IT,WE,SEACO,BASIC,0.04,37085.695,3,3,37085.695,0.0,0.0,0.0,0.0,927142.375
1686510,IT,HU,PREC1,REALE,0.06,37085.087,4,4,37085.085,0.0,0.0,0.0,0.002,618084.783333
1662396,IT,DK,BASIC,OILHA,0.04,37083.855,4,4,37083.853,0.0,0.0,0.0,0.002,927096.375
1728218,IT,SE,FOOD5,BIODI,0.18,37082.309,4,4,37082.306,0.0,0.0,0.0,0.003,206012.827778
1767666,IT,RU,POSTT,RETA1,0.61,37079.777,4,4,37079.774,0.0,0.0,0.0,0.003,60786.519672
1743248,IT,US,FURNI,VEGET,0.12,37077.395,4,4,37077.392,0.0,0.0,0.0,0.003,308978.291667
1758629,IT,BR,TRANS,MOTO1,0.22,37074.023,4,4,37074.021,0.0,0.0,0.0,0.002,168518.286364
1723695,IT,PT,MACHI,BRICK,0.21,37072.694,4,4,37072.691,0.0,0.0,0.0,0.003,176536.638095
1796860,IT,WL,SEACO,GLASS,0.04,37070.501,3,3,37070.501,0.0,0.0,0.0,0.0,926762.525
1729333,IT,SE,NONME,RESEA,0.07,37070.036,4,4,37070.032,0.0,0.0,0.0,0.004,529571.942857
1656950,IT,DE,LIQUE,ALUM1,0.06,37069.497,4,4,37069.494,0.0,0.0,0.0,0.003,617824.95
1734439,IT,SK,CROPS,WEARI,0.29,37069.495,4,4,37069.493,0.0,0.0,0.0,0.002,127825.844828
1684759,IT,HU,OILSE,BEVER,0.03,37065.524,4,4,37065.522,0.0,0.0,0.0,0.002,1235517.466667
1740084,IT,GB,RENTI,INERT,0.22,37062.963,4,4,37062.961,0.0,0.0,0.0,0.002,168468.013636
1667193,IT,ES,BASIC,93197,0.04,37062.944,4,4,37062.942,0.0,0.0,0.0,0.002,926573.6
1677031,IT,FR,SUPPO,SUGA1,0.27,37062.839,4,4,37062.837,0.0,0.0,0.0,0.002,137269.774074
1657735,IT,DE,CEMEN,TRAN1,0.06,37062.648,4,4,37062.646,0.0,0.0,0.0,0.002,617710.8
1728676,IT,SE,PRINT,FINAN,0.36,37061.517,4,4,37061.514,0.0,0.0,0.0,0.003,102948.658333
1649525,IT,BG,RUBBE,MOTOR,0.12,37059.728,4,4,37059.725,0.0,0.0,0.0,0.003,308831.066667
1787204,IT,WA,CEREA,PIGS9,0.06,37056.035,4,4,37056.033,0.0,0.0,0.0,0.002,617600.583333
1733767,IT,SI,LANDT,COPP1,0.24,37054.993,4,4,37054.991,0.0,0.0,0.0,0.002,154395.804167
1739618,IT,GB,SEACO,LANDT,0.04,37054.368,3,3,37054.368,0.0,0.0,0.0,0.0,926359.2
1747289,IT,JP,WHOLE,NONF1,0.32,37052.732,4,4,37052.73,0.0,0.0,0.0,0.002,115789.7875
1668201,IT,ES,SALEM,MEMBE,0.3,37052.633,4,4,37052.631,0.0,0.0,0.0,0.002,123508.776667
1675692,IT,FR,TRANS,EDUCA,0.22,37051.617,4,4,37051.615,0.0,0.0,0.0,0.002,168416.440909
1794554,IT,WL,HEAVY,LEATH,0.06,37047.946,4,4,37047.943,0.0,0.0,0.0,0.003,617465.766667
1745746,IT,JP,WEARI,COPP1,0.28,37044.93,4,4,37044.923,0.0,0.0,0.0,0.007,132303.321429
1713149,IT,MT,FISH5,MEATC,0.16,37043.271,4,4,37043.252,0.0,0.0,0.0,0.019,231520.44375
1796888,IT,WL,SEACO,INLAN,0.04,37042.67,3,3,37042.67,0.0,0.0,0.0,0.0,926066.75
1776454,IT,TR,MOTOR,PRINT,0.06,37039.929,4,4,37039.926,0.0,0.0,0.0,0.003,617332.15
1754023,IT,CA,SEACO,PULP5,0.04,37036.905,3,3,37036.905,0.0,0.0,0.0,0.0,925922.625
1648561,IT,BG,CRUDE,WHOLE,0.07,37035.849,4,4,37035.846,0.0,0.0,0.0,0.003,529083.557143
1658096,IT,DE,ALUM1,MEATC,0.06,37030.96,4,4,37030.957,0.0,0.0,0.0,0.003,617182.666667
1667043,IT,ES,NONME,KEROS,0.07,37029.854,4,4,37029.85,0.0,0.0,0.0,0.004,528997.914286
1716785,IT,NL,RETA1,WHOLE,0.39,37028.985,4,4,37028.983,0.0,0.0,0.0,0.002,94946.115385
1648448,IT,BG,CEREA,RAWMI,0.06,37028.689,4,4,37028.687,0.0,0.0,0.0,0.002,617144.816667
1656567,IT,DE,PRINT,BEVER,0.36,37028.495,4,4,37028.492,0.0,0.0,0.0,0.003,102856.930556
1812167,IT,WM,CEMEN,BUSIN,0.06,37028.342,4,4,37028.34,0.0,0.0,0.0,0.002,617139.033333
1679333,IT,GR,PETRO,GASDI,0.06,37026.806,4,4,37026.803,0.0,0.0,0.0,0.003,617113.433333
1739037,IT,GB,SALEM,93197,0.3,37025.213,4,4,37025.211,0.0,0.0,0.0,0.002,123417.376667
1657904,IT,DE,BASIC,WHITE,0.04,37022.025,4,4,37022.023,0.0,0.0,0.0,0.002,925550.625
1794098,IT,WL,PAPER,BRICK,0.14,37019.393,4,4,37019.389,0.0,0.0,0.0,0.004,264424.235714
1732019,IT,SI,KEROS,FOUND,0.06,37017.939,4,4,37017.936,0.0,0.0,0.0,0.003,616965.65
1798460,IT,WE,NATUR,NONF1,0.05,37015.919,4,4,37015.917,0.0,0.0,0.0,0.002,740318.38
1664778,IT,ES,CEREA,MEAT1,0.06,37014.418,4,4,37014.416,0.0,0.0,0.0,0.002,616906.966667
1757297,IT,BR,FOOD5,BEVER,0.18,37013.837,4,4,37013.834,0.0,0.0,0.0,0.003,205632.427778
1732771,IT,SI,NONME,FOUND,0.07,37013.761,4,4,37013.757,0.0,0.0,0.0,0.004,528768.014286
1734743,IT,SK,LEATH,PUBLI,0.27,37013.0,4,4,37012.994,0.0,0.0,0.0,0.006,137085.185185
1749954,IT,CN,GLASS,HEALT,0.1,37012.534,4,4,37012.532,0.0,0.0,0.0,0.002,370125.34
1813103,IT,WM,MOTO1,RAWMI,0.2,37012.363,4,4,37012.361,0.0,0.0,0.0,0.002,185061.815
1674084,IT,FR,GASDI,MEMBE,0.06,37010.781,4,4,37010.778,0.0,0.0,0.0,0.003,616846.35
1661752,IT,DK,LEATH,CERAM,0.27,37008.298,4,4,37008.292,0.0,0.0,0.0,0.006,137067.77037
1782110,IT,NO,CERAM,LEAD1,0.06,37007.715,4,4,37007.713,0.0,0.0,0.0,0.002,616795.25
1749049,IT,CN,LEATH,STEAM,0.26,36997.096,4,4,36997.09,0.0,0.0,0.0,0.006,142296.523077
1772171,IT,CH,GASDI,FORES,0.06,36994.03,4,4,36994.027,0.0,0.0,0.0,0.003,616567.166667
1683574,IT,HR,COPP1,RUBBE,0.09,36991.518,4,4,36991.516,0.0,0.0,0.0,0.002,411016.866667
1769687,IT,AU,FABRI,FOOD1,0.15,36989.734,4,4,36989.731,0.0,0.0,0.0,0.003,246598.226667
1687140,IT,HU,FURNI,FOOD5,0.12,36987.655,4,4,36987.652,0.0,0.0,0.0,0.003,308230.458333
1813187,IT,WM,MOTO1,INLAN,0.2,36985.514,4,4,36985.512,0.0,0.0,0.0,0.002,184927.57
1771315,IT,CH,DAIRY,DIST1,0.15,36981.685,4,4,36981.682,0.0,0.0,0.0,0.003,246544.566667
1730970,IT,SE,WOOD1,FOOD5,0.25,36981.149,4,4,36981.147,0.0,0.0,0.0,0.002,147924.596
1814000,IT,WM,SEACO,BRICK,0.04,36980.178,3,3,36980.178,0.0,0.0,0.0,0.0,924504.45
1752412,IT,CA,VEGE1,BIOGA,0.11,36979.247,4,4,36979.239,0.0,0.0,0.0,0.008,336174.972727
1814991,IT,WM,PRIVA,PRIVA,8.25,36978.693,4,4,36978.687,0.0,0.0,0.0,0.006,4482.265818
1710013,IT,LT,ALUM1,WHOLE,0.06,36976.369,4,4,36976.366,0.0,0.0,0.0,0.003,616272.816667
1807388,IT,WF,FINAN,HOTEL,0.48,36975.267,3,3,36975.267,0.0,0.0,0.0,0.0,77031.80625
1738028,IT,GB,RUBBE,CRUDE,0.12,36973.427,4,4,36973.424,0.0,0.0,0.0,0.003,308111.891667
1802361,IT,WE,SEACO,CHEM1,0.04,36971.406,3,3,36971.406,0.0,0.0,0.0,0.0,924285.15
1791917,IT,WA,SEACO,SUGAR,0.04,36969.663,3,3,36969.663,0.0,0.0,0.0,0.0,924241.575
1802590,IT,WE,FINAN,HEALT,0.48,36967.299,3,3,36967.299,0.0,0.0,0.0,0.0,77015.20625
1727183,IT,RO,TRAN2,HEAVY,0.06,36966.939,3,3,36966.939,0.0,0.0,0.0,0.0,616115.65
1787244,IT,WA,VEGET,GASDI,0.13,36966.552,3,3,36966.552,0.0,0.0,0.0,0.0,284358.092308
1775080,IT,CH,RENTI,INLAN,0.22,36966.015,4,4,36966.013,0.0,0.0,0.0,0.002,168027.340909
1800138,IT,WE,NAPHT,RESEA,0.06,36966.002,4,4,36965.999,0.0,0.0,0.0,0.003,616100.033333
1772006,IT,CH,PRINT,ANIMA,0.35,36964.753,4,4,36964.75,0.0,0.0,0.0,0.003,105613.58
1775129,IT,CH,COMPU,RETA1,0.42,36963.726,4,4,36963.724,0.0,0.0,0.0,0.002,88008.871429
1733274,IT,SI,MACHI,RECRE,0.21,36962.298,4,4,36962.295,0.0,0.0,0.0,0.003,176010.942857
1664633,IT,EE,LANDT,PFERT,0.24,36961.759,4,4,36961.757,0.0,0.0,0.0,0.002,154007.329167
1812172,IT,WM,NONME,WHEAT,0.07,36961.687,4,4,36961.683,0.0,0.0,0.0,0.004,528024.1
1728568,IT,SE,PAPER,CEMEN,0.14,36961.53,4,4,36961.526,0.0,0.0,0.0,0.004,264010.928571
1685990,IT,HU,BIODI,BEVER,0.08,36960.998,4,4,36960.994,0.0,0.0,0.0,0.004,462012.475
1649262,IT,BG,HEAVY,COPP1,0.06,36959.27,4,4,36959.267,0.0,0.0,0.0,0.003,615987.833333
1790879,IT,WA,OFFIC,ANIMA,0.11,36958.083,4,4,36958.08,0.0,0.0,0.0,0.003,335982.572727
1681444,IT,GR,RENTI,HEALT,0.22,36957.773,4,4,36957.771,0.0,0.0,0.0,0.002,167989.877273
1728761,IT,SE,GASDI,SEACO,0.06,36954.624,4,4,36954.621,0.0,0.0,0.0,0.003,615910.4
1679209,IT,GR,MOTOR,HEAVY,0.06,36954.2,4,4,36954.197,0.0,0.0,0.0,0.003,615903.333333
1641658,IT,AT,PETRO,NAPHT,0.06,36950.251,4,4,36950.248,0.0,0.0,0.0,0.003,615837.516667
1803824,IT,WF,TEXTI,BASIC,0.22,36948.036,4,4,36948.031,0.0,0.0,0.0,0.005,167945.618182
1789034,IT,WA,NAPHT,NONSP,0.06,36947.221,4,4,36947.218,0.0,0.0,0.0,0.003,615787.016667
1812001,IT,WM,GLASS,TRANS,0.1,36946.766,4,4,36946.764,0.0,0.0,0.0,0.002,369467.66
1657842,IT,DE,NONME,EDUCA,0.07,36944.638,4,4,36944.634,0.0,0.0,0.0,0.004,527780.542857
1720546,IT,PL,OFFIC,CEMEN,0.11,36944.355,4,4,36944.352,0.0,0.0,0.0,0.003,335857.772727
1679054,IT,GR,WOODW,DIST1,0.1,36943.204,4,4,36943.202,0.0,0.0,0.0,0.002,369432.04
1665639,IT,ES,WOODW,ELECT,0.1,36942.361,4,4,36942.359,0.0,0.0,0.0,0.002,369423.61
1660026,IT,DE,INLAN,INTER,0.06,36940.275,4,4,36940.272,0.0,0.0,0.0,0.003,615671.25
1763307,IT,MX,PAPER,ELECT,0.14,36940.233,4,4,36940.229,0.0,0.0,0.0,0.004,263858.807143
1800796,IT,WE,BASIC,MEAT1,0.04,36937.431,4,4,36937.429,0.0,0.0,0.0,0.002,923435.775
1687181,IT,HU,FURNI,RESEA,0.12,36937.202,4,4,36937.199,0.0,0.0,0.0,0.003,307810.016667
1728733,IT,SE,KEROS,FURNI,0.05,36936.878,4,4,36936.875,0.0,0.0,0.0,0.003,738737.56
1645296,IT,BE,KEROS,WHITE,0.05,36936.283,4,4,36936.28,0.0,0.0,0.0,0.003,738725.66
1663788,IT,EE,BEVER,MOTO1,0.16,36935.411,4,4,36935.409,0.0,0.0,0.0,0.002,230846.31875
1761264,IT,IN,RUBBE,CHARC,0.12,36935.328,4,4,36935.325,0.0,0.0,0.0,0.003,307794.4
1791881,IT,WA,LANDT,93197,0.24,36933.625,4,4,36933.623,0.0,0.0,0.0,0.002,153890.104167
1722344,IT,PT,FORES,WHOLE,0.32,36932.856,4,4,36918.856,0.0,14.0,0.0,0.0,115415.175
1710987,IT,LU,GLASS,BUSIN,0.1,36932.43,4,4,36932.428,0.0,0.0,0.0,0.002,369324.3
1798082,IT,WL,RECRE,BUSIN,0.47,36927.137,4,4,36927.134,0.0,0.0,0.0,0.003,78568.376596
1802680,IT,WE,RENTI,FINAN,0.22,36926.239,4,4,36926.237,0.0,0.0,0.0,0.002,167846.540909
1764439,IT,MX,FURNI,GLASS,0.12,36925.77,4,4,36925.767,0.0,0.0,0.0,0.003,307714.75
1667372,IT,ES,COPP1,COPPE,0.09,36916.151,4,4,36916.149,0.0,0.0,0.0,0.002,410179.455556
1716372,IT,NL,MACHI,SANDC,0.21,36913.802,4,4,36913.799,0.0,0.0,0.0,0.003,175780.009524
1714980,IT,NL,FISH5,HEALT,0.16,36912.06,4,4,36912.041,0.0,0.0,0.0,0.019,230700.375
1651010,IT,BG,SUPPO,COMPU,0.27,36910.131,4,4,36910.129,0.0,0.0,0.0,0.002,136704.188889
1750117,IT,CN,BASIC,HEALT,0.04,36909.829,4,4,36909.827,0.0,0.0,0.0,0.002,922745.725
1668832,IT,ES,TRAN2,PLAST,0.06,36908.25,3,3,36908.25,0.0,0.0,0.0,0.0,615137.5
1716043,IT,NL,NONME,MOTO1,0.07,36908.071,4,4,36908.067,0.0,0.0,0.0,0.004,527258.157143
1742423,IT,US,NONME,SEWAG,0.07,36906.849,4,4,36906.845,0.0,0.0,0.0,0.004,527240.7
1771741,IT,CH,LEATH,CERAM,0.26,36904.934,4,4,36904.928,0.0,0.0,0.0,0.006,141942.053846
1724335,IT,PT,SEACO,VEGET,0.04,36904.423,3,3,36904.423,0.0,0.0,0.0,0.0,922610.575
1812547,IT,WM,ALUM1,MACHI,0.06,36901.617,4,4,36901.614,0.0,0.0,0.0,0.003,615026.95
1787203,IT,WA,CEREA,CATTL,0.06,36900.102,4,4,36900.1,0.0,0.0,0.0,0.002,615001.7
1732364,IT,SI,PETRO,ALUM1,0.06,36900.037,4,4,36900.034,0.0,0.0,0.0,0.003,615000.616667
1661230,IT,DK,VEGET,PIGS9,0.13,36899.806,3,3,36899.806,0.0,0.0,0.0,0.0,283844.661538
1748688,IT,CN,FOOD5,BEVER,0.18,36899.185,4,4,36899.182,0.0,0.0,0.0,0.003,204995.472222
1669337,IT,ES,FINAN,AIRTR,0.48,36898.719,3,3,36898.719,0.0,0.0,0.0,0.0,76872.33125
1771875,IT,CH,WOODW,EDUCA,0.1,36896.368,4,4,36896.366,0.0,0.0,0.0,0.002,368963.68
1784194,IT,ID,PAPER,HEALT,0.14,36896.334,4,4,36896.33,0.0,0.0,0.0,0.004,263545.242857
1790056,IT,WA,BASIC,CATTL,0.04,36895.258,4,4,36895.256,0.0,0.0,0.0,0.002,922381.45
1791606,IT,WA,HOTEL,RAWMI,0.27,36894.829,4,4,36894.826,0.0,0.0,0.0,0.003,136647.514815
1651462,IT,CY,GASDI,BUSIN,0.05,36893.886,4,4,36893.883,0.0,0.0,0.0,0.003,737877.72
1655764,IT,DE,MEATP,PUBLI,0.15,36893.769,4,4,36893.765,0.0,0.0,0.0,0.004,245958.46
1798430,IT,WE,NATUR,WEARI,0.05,36892.522,4,4,36892.52,0.0,0.0,0.0,0.002,737850.44
1658934,IT,DE,FURNI,RAILW,0.12,36892.165,4,4,36892.162,0.0,0.0,0.0,0.003,307434.708333
1680831,IT,GR,RAILW,SEACO,0.25,36890.43,4,4,36890.428,0.0,0.0,0.0,0.002,147561.72
1675126,IT,FR,COPP1,GASDI,0.09,36890.409,4,4,36890.407,0.0,0.0,0.0,0.002,409893.433333
1761531,IT,IN,LEAD1,RUBBE,0.06,36890.371,4,4,36890.368,0.0,0.0,0.0,0.003,614839.516667
1731439,IT,SI,FOOD5,COMPU,0.18,36890.058,4,4,36890.055,0.0,0.0,0.0,0.003,204944.766667
1745628,IT,JP,TEXTI,PULP5,0.22,36888.749,4,4,36888.744,0.0,0.0,0.0,0.005,167676.131818
1716144,IT,NL,PREC1,HOTEL,0.06,36888.311,4,4,36888.309,0.0,0.0,0.0,0.002,614805.183333
1786936,IT,ZA,AIRTR,RECRE,0.04,36888.226,3,3,36888.226,0.0,0.0,0.0,0.0,922205.65
1767983,IT,RU,COMPU,RETA1,0.42,36887.675,4,4,36887.673,0.0,0.0,0.0,0.002,87827.797619
1656383,IT,DE,WOODW,FOUND,0.1,36885.801,4,4,36885.799,0.0,0.0,0.0,0.002,368858.01
1796817,IT,WL,SEACO,OILSE,0.04,36883.221,3,3,36883.221,0.0,0.0,0.0,0.0,922080.525
1715464,IT,NL,KEROS,REFIN,0.05,36881.919,4,4,36881.916,0.0,0.0,0.0,0.003,737638.38
1647089,IT,BE,HOTEL,PLAST,0.27,36880.096,4,4,36880.093,0.0,0.0,0.0,0.003,136592.948148
1731114,IT,SI,FISHF,RETA1,0.06,36876.344,3,3,36876.344,0.0,0.0,0.0,0.0,614605.733333
1734961,IT,SK,HEAVY,PLAST,0.06,36875.118,4,4,36875.115,0.0,0.0,0.0,0.003,614585.3
1738763,IT,GB,OFFIC,PLAST,0.11,36874.106,4,4,36874.103,0.0,0.0,0.0,0.003,335219.145455
1769078,IT,AU,PLAST,GLASS,0.08,36872.467,4,4,36872.463,0.0,0.0,0.0,0.004,460905.8375
1720534,IT,PL,OFFIC,MOTOR,0.11,36869.897,4,4,36869.894,0.0,0.0,0.0,0.003,335180.881818
1682072,IT,HR,FISH5,RECRE,0.15,36868.808,4,4,36868.789,0.0,0.0,0.0,0.019,245792.053333
1802378,IT,WE,SEACO,HOTEL,0.04,36867.762,3,3,36867.762,0.0,0.0,0.0,0.0,921694.05
1740674,IT,US,STONE,RESEA,0.12,36866.897,5,5,36864.895,0.0,0.0,2.0,0.002,307224.141667
1809165,IT,WM,CATTL,FURNI,0.08,36866.203,5,5,36865.201,0.0,1.0,0.0,0.002,460827.5375
1744687,IT,US,COMPU,TRANS,0.42,36864.551,4,4,36864.549,0.0,0.0,0.0,0.002,87772.740476
1690222,IT,IE,BUSIN,POSTT,0.38,36860.202,4,4,36860.199,0.0,0.0,0.0,0.003,97000.531579
1805653,IT,WF,NONME,RETA1,0.07,36860.201,4,4,36860.197,0.0,0.0,0.0,0.004,526574.3
1766407,IT,RU,BASIC,RADIO,0.04,36859.039,4,4,36859.037,0.0,0.0,0.0,0.002,921475.975
1715620,IT,NL,NAPHT,BEVER,0.06,36858.269,4,4,36858.266,0.0,0.0,0.0,0.003,614304.483333
1786255,IT,ZA,FABRI,ANTHR,0.15,36857.575,4,4,36857.572,0.0,0.0,0.0,0.003,245717.166667
1661374,IT,DK,MEAT1,FISH5,0.17,36857.06,4,4,36857.055,0.0,0.0,0.0,0.005,216806.235294
1745041,IT,US,PUBLI,GLASS,0.6,36856.169,4,4,36856.166,0.0,0.0,0.0,0.003,61426.948333
1667699,IT,ES,MACHI,RAILW,0.21,36854.904,4,4,36854.901,0.0,0.0,0.0,0.003,175499.542857
1682167,IT,HR,TEXTI,FOOD3,0.22,36854.307,4,4,36854.302,0.0,0.0,0.0,0.005,167519.577273
1651631,IT,CY,BASIC,CHEMI,0.04,36852.963,4,4,36852.961,0.0,0.0,0.0,0.002,921324.075
1755207,IT,KR,WOODW,NONME,0.1,36851.589,4,4,36851.587,0.0,0.0,0.0,0.002,368515.89
1814355,IT,WM,FINAN,POSTT,0.48,36851.039,3,3,36851.039,0.0,0.0,0.0,0.0,76772.997917
1779260,IT,TR,FINAN,RUBBE,0.48,36842.577,3,3,36842.577,0.0,0.0,0.0,0.0,76755.36875
1722692,IT,PT,LEATH,WHOLE,0.26,36842.401,4,4,36842.395,0.0,0.0,0.0,0.006,141701.542308
1767398,IT,RU,LANDT,MOTOR,0.24,36841.146,4,4,36841.144,0.0,0.0,0.0,0.002,153504.775
1801157,IT,WE,FABRI,COPPE,0.15,36840.996,4,4,36840.993,0.0,0.0,0.0,0.003,245606.64
1812612,IT,WM,LEAD1,FINAN,0.06,36834.481,4,4,36834.478,0.0,0.0,0.0,0.003,613908.016667
1751686,IT,CN,INSUR,WOODW,0.76,36832.435,4,4,36832.433,0.0,0.0,0.0,0.002,48463.730263
1805177,IT,WF,CHEM1,ALUMI,0.08,36831.613,4,4,36831.609,0.0,0.0,0.0,0.004,460395.1625
1803672,IT,WF,BEVER,FISHF,0.16,36827.579,4,4,36827.577,0.0,0.0,0.0,0.002,230172.36875
1736514,IT,SK,AIRTR,CONST,0.04,36827.546,3,3,36827.546,0.0,0.0,0.0,0.0,920688.65
1766109,IT,RU,RUBBE,LIQUE,0.12,36826.96,4,4,36826.957,0.0,0.0,0.0,0.003,306891.333333
1761508,IT,IN,ALUM1,COPP1,0.06,36826.728,4,4,36826.725,0.0,0.0,0.0,0.003,613778.8
1665242,IT,ES,BEVER,MEATA,0.16,36825.901,4,4,36825.899,0.0,0.0,0.0,0.002,230161.88125
1640511,IT,AT,SUGA1,FOOD5,0.09,36824.076,4,4,36824.07,0.0,0.0,0.0,0.006,409156.4
1793968,IT,WL,WOODW,FOOD5,0.1,36820.977,4,4,36820.975,0.0,0.0,0.0,0.002,368209.77
1769576,IT,AU,COPP1,MACHI,0.09,36820.048,4,4,36820.046,0.0,0.0,0.0,0.002,409111.644444
1733077,IT,SI,COPP1,WASTE,0.09,36816.013,4,4,36816.011,0.0,0.0,0.0,0.002,409066.811111
1688187,IT,HU,BUSIN,PUBLI,0.38,36812.169,4,4,36812.166,0.0,0.0,0.0,0.003,96874.128947
1799740,IT,WE,KEROS,CERAM,0.05,36811.49,4,4,36811.487,0.0,0.0,0.0,0.003,736229.8
1649511,IT,BG,RUBBE,MEAT4,0.12,36810.85,4,4,36810.847,0.0,0.0,0.0,0.003,306757.083333
1738548,IT,GB,FABRI,MEAT1,0.15,36810.36,4,4,36810.357,0.0,0.0,0.0,0.003,245402.4
1800338,IT,WE,CHEM1,PRECI,0.08,36810.242,4,4,36810.238,0.0,0.0,0.0,0.004,460128.025
1679888,IT,GR,COPP1,MEDIC,0.09,36809.177,4,4,36809.175,0.0,0.0,0.0,0.002,408990.855556
1661663,IT,DK,TEXTI,FURNI,0.22,36808.234,4,4,36808.229,0.0,0.0,0.0,0.005,167310.154545
1810807,IT,WM,KEROS,PAPER,0.05,36807.28,4,4,36807.277,0.0,0.0,0.0,0.003,736145.6
1742227,IT,US,CERAM,CERAM,0.06,36806.404,4,4,36806.402,0.0,0.0,0.0,0.002,613440.066667
1769392,IT,AU,CERAM,COLLE,0.06,36805.777,4,4,36805.775,0.0,0.0,0.0,0.002,613429.616667
1738342,IT,GB,BASIC,PAPE1,0.04,36805.749,4,4,36805.747,0.0,0.0,0.0,0.002,920143.725
1640257,IT,AT,STONE,FISH5,0.12,36803.95,5,5,36801.948,0.0,0.0,2.0,0.002,306699.583333
1791486,IT,WA,WHOLE,COMPU,0.32,36803.405,4,4,36803.403,0.0,0.0,0.0,0.002,115010.640625
1669706,IT,ES,COMPU,AUXIL,0.42,36802.713,4,4,36802.711,0.0,0.0,0.0,0.002,87625.507143
1809585,IT,WM,VEGE1,CONST,0.11,36802.293,4,4,36802.285,0.0,0.0,0.0,0.008,334566.3
1766666,IT,RU,FABRI,ELEC3,0.15,36802.034,4,4,36802.031,0.0,0.0,0.0,0.003,245346.893333
1663742,IT,EE,FOOD5,RAWMI,0.18,36801.107,4,4,36801.104,0.0,0.0,0.0,0.003,204450.594444
1771988,IT,CH,PAPER,FOODW,0.14,36800.875,4,4,36800.871,0.0,0.0,0.0,0.004,262863.392857
1652372,IT,CZ,TEXTI,RAWMI,0.22,36800.267,4,4,36800.262,0.0,0.0,0.0,0.005,167273.940909
1754603,IT,KR,ANIMA,PFERT,0.14,36798.965,4,4,36798.963,0.0,0.0,0.0,0.002,262849.75
1755934,IT,KR,BASIC,POSTT,0.04,36798.378,4,4,36798.376,0.0,0.0,0.0,0.002,919959.45
1776328,IT,TR,PAPER,ELEC4,0.14,36796.32,4,4,36796.316,0.0,0.0,0.0,0.004,262830.857143
1648044,IT,BE,COMPU,ELEC3,0.42,36795.522,4,4,36795.52,0.0,0.0,0.0,0.002,87608.385714
1724406,IT,PT,AIRTR,FISH5,0.04,36795.22,3,3,36795.22,0.0,0.0,0.0,0.0,919880.5
1749702,IT,CN,CHEM1,GASWO,0.08,36793.811,4,4,36793.807,0.0,0.0,0.0,0.004,459922.6375
1769976,IT,AU,TRANS,LANDT,0.22,36793.542,4,4,36793.54,0.0,0.0,0.0,0.002,167243.372727
1644479,IT,BE,VEGE1,RESEA,0.11,36792.837,4,4,36792.829,0.0,0.0,0.0,0.008,334480.336364
1744896,IT,US,BUSIN,LIQUE,0.38,36791.128,4,4,36791.125,0.0,0.0,0.0,0.003,96818.757895
1728651,IT,SE,PRINT,OFFIC,0.35,36790.349,4,4,36790.346,0.0,0.0,0.0,0.003,105115.282857
1785423,IT,ZA,PAPER,FURNI,0.14,36790.023,4,4,36790.019,0.0,0.0,0.0,0.004,262785.878571
1711990,IT,LV,VEGET,SUPPO,0.13,36787.582,3,3,36787.582,0.0,0.0,0.0,0.0,282981.4
1798563,IT,WE,CHEMI,NONME,0.09,36785.751,5,5,36783.748,0.0,0.0,2.0,0.003,408730.566667
1651454,IT,CY,GASDI,SEACO,0.05,36784.803,4,4,36784.8,0.0,0.0,0.0,0.003,735696.06
1667247,IT,ES,PREC1,LANDT,0.06,36784.022,4,4,36784.02,0.0,0.0,0.0,0.002,613067.033333
1739388,IT,GB,RAILW,COMPU,0.25,36783.818,4,4,36783.816,0.0,0.0,0.0,0.002,147135.272
1813229,IT,WM,TRANS,MEATC,0.22,36780.683,4,4,36780.681,0.0,0.0,0.0,0.002,167184.922727
1746833,IT,JP,MACHI,GASWO,0.21,36779.331,4,4,36779.328,0.0,0.0,0.0,0.003,175139.671429
1667368,IT,ES,LEAD1,RESEA,0.06,36778.181,4,4,36778.178,0.0,0.0,0.0,0.003,612969.683333
1792641,IT,WA,RESEA,MEAT4,0.2,36775.08,4,4,36775.077,0.0,0.0,0.0,0.003,183875.4
1746386,IT,JP,RUBBE,FOUND,0.12,36771.282,4,4,36771.279,0.0,0.0,0.0,0.003,306427.35
1785190,IT,ZA,FOOD5,HEALT,0.18,36770.393,4,4,36770.39,0.0,0.0,0.0,0.003,204279.961111
1802038,IT,WE,WHOLE,SALEM,0.32,36769.928,4,4,36769.926,0.0,0.0,0.0,0.002,114906.025
1763172,IT,MX,LEATH,PREC1,0.26,36767.353,4,4,36767.347,0.0,0.0,0.0,0.006,141412.896154
1718350,IT,PL,BEVER,VEGE1,0.16,36766.95,4,4,36766.948,0.0,0.0,0.0,0.002,229793.4375
1714854,IT,NL,FOOD5,COMPU,0.18,36766.532,4,4,36766.529,0.0,0.0,0.0,0.003,204258.511111
1753783,IT,CA,FURNI,COMPU,0.12,36766.12,4,4,36766.117,0.0,0.0,0.0,0.003,306384.333333
1671488,IT,FI,MACHI,PRINT,0.21,36766.02,4,4,36766.017,0.0,0.0,0.0,0.003,175076.285714
1785144,IT,ZA,DAIRY,EDUCA,0.15,36764.395,4,4,36764.393,0.0,0.0,0.0,0.002,245095.966667
1717641,IT,NL,BUSIN,TEXTI,0.38,36763.953,4,4,36763.95,0.0,0.0,0.0,0.003,96747.244737
1684747,IT,HU,VEGET,RESEA,0.13,36763.938,3,3,36763.938,0.0,0.0,0.0,0.0,282799.523077
1746508,IT,JP,CERAM,BUSIN,0.06,36763.457,4,4,36763.455,0.0,0.0,0.0,0.002,612724.283333
1653619,IT,CZ,ALUM1,FORES,0.06,36763.199,4,4,36763.196,0.0,0.0,0.0,0.003,612719.983333
1682561,IT,HR,MOTOR,HOTEL,0.05,36760.356,4,4,36760.353,0.0,0.0,0.0,0.003,735207.12
1779003,IT,TR,AIRTR,LEATH,0.04,36758.3,3,3,36758.3,0.0,0.0,0.0,0.0,918957.5
1640455,IT,AT,VEGE1,EDUCA,0.11,36757.545,4,4,36757.537,0.0,0.0,0.0,0.008,334159.5
1782200,IT,NO,BASIC,CERAM,0.04,36756.623,4,4,36756.621,0.0,0.0,0.0,0.002,918915.575
1682822,IT,HR,HEAVY,TRAN2,0.06,36756.239,4,4,36756.236,0.0,0.0,0.0,0.003,612603.983333
1810187,IT,WM,WEARI,COMPU,0.28,36755.902,4,4,36755.895,0.0,0.0,0.0,0.007,131271.078571
1723691,IT,PT,MACHI,BIODI,0.21,36755.812,4,4,36755.809,0.0,0.0,0.0,0.003,175027.67619
1774440,IT,CH,RAILW,PUBLI,0.25,36755.515,4,4,36755.513,0.0,0.0,0.0,0.002,147022.06
1786017,IT,ZA,GLASS,FURNI,0.1,36752.248,4,4,36752.246,0.0,0.0,0.0,0.002,367522.48
1790163,IT,WA,BASIC,RENTI,0.04,36752.192,4,4,36752.19,0.0,0.0,0.0,0.002,918804.8
1644664,IT,BE,BEVER,VEGE1,0.16,36750.214,4,4,36750.212,0.0,0.0,0.0,0.002,229688.8375
1663086,IT,DK,RAILW,CHEM1,0.25,36748.777,4,4,36748.775,0.0,0.0,0.0,0.002,146995.108
1744164,IT,US,SUPPO,SEWAG,0.26,36747.145,4,4,36747.143,0.0,0.0,0.0,0.002,141335.173077
1769321,IT,AU,GLASS,NATUR,0.1,36745.369,4,4,36745.367,0.0,0.0,0.0,0.002,367453.69
1674189,IT,FR,LIQUE,GASDI,0.06,36745.098,4,4,36745.095,0.0,0.0,0.0,0.003,612418.3
1671061,IT,FI,RUBBE,OFFIC,0.12,36744.933,4,4,36744.93,0.0,0.0,0.0,0.003,306207.775
1684679,IT,HU,CEREA,CATTL,0.06,36744.676,4,4,36744.674,0.0,0.0,0.0,0.002,612411.266667
1649660,IT,BG,CERAM,CEMEN,0.06,36744.372,4,4,36744.37,0.0,0.0,0.0,0.002,612406.2
1686388,IT,HU,BASIC,WEARI,0.04,36742.443,4,4,36742.441,0.0,0.0,0.0,0.002,918561.075
1689889,IT,IE,AUXIL,PLAST,0.67,36740.363,4,4,36740.361,0.0,0.0,0.0,0.002,54836.362687
1739528,IT,GB,LANDT,INTER,0.24,36739.626,4,4,36739.624,0.0,0.0,0.0,0.002,153081.775
1736319,IT,SK,HOTEL,MEMBE,0.27,36739.221,4,4,36739.218,0.0,0.0,0.0,0.003,136071.188889
1731240,IT,SI,MEATC,EDUCA,0.12,36738.857,5,5,36737.855,0.0,1.0,0.0,0.002,306157.141667
1813604,IT,WM,WHOLE,COMPU,0.32,36734.725,4,4,36734.723,0.0,0.0,0.0,0.002,114796.015625
1764267,IT,MX,MACHI,ELE12,0.2,36734.052,4,4,36734.049,0.0,0.0,0.0,0.003,183670.26
1740880,IT,US,DAIRY,REALE,0.15,36733.348,4,4,36733.346,0.0,0.0,0.0,0.002,244888.986667
1656778,IT,DE,KERO1,MOTOR,0.05,36732.21,4,4,36732.207,0.0,0.0,0.0,0.003,734644.2
1755459,IT,KR,PLAST,PRINT,0.08,36730.52,4,4,36730.516,0.0,0.0,0.0,0.004,459131.5
1742999,IT,US,OFFIC,WOODW,0.11,36725.601,4,4,36725.598,0.0,0.0,0.0,0.003,333869.1
1811021,IT,WM,HEAVY,PADDY,0.06,36725.163,4,4,36725.16,0.0,0.0,0.0,0.003,612086.05
1808426,IT,WF,FOOD4,RAWMI,0.27,36724.42,4,4,36724.418,0.0,0.0,0.0,0.002,136016.37037
1770881,IT,AU,BUSIN,HOTEL,0.38,36723.382,4,4,36723.379,0.0,0.0,0.0,0.003,96640.478947
1690565,IT,IE,RECRE,PUBLI,0.47,36722.62,4,4,36722.617,0.0,0.0,0.0,0.003,78133.234043
1648260,IT,BE,BUSIN,OILHA,0.38,36721.432,4,4,36721.429,0.0,0.0,0.0,0.003,96635.347368
1686775,IT,HU,FABRI,FORES,0.15,36717.509,4,4,36717.506,0.0,0.0,0.0,0.003,244783.393333
1669507,IT,ES,AUXIL,HOTEL,0.67,36715.954,4,4,36715.952,0.0,0.0,0.0,0.002,54799.931343
1686739,IT,HU,COPP1,RENTI,0.09,36712.817,4,4,36712.815,0.0,0.0,0.0,0.002,407920.188889
1678507,IT,GR,WHEAT,WHEAT,0.03,36712.128,3,3,36712.128,0.0,0.0,0.0,0.0,1223737.6
1808760,IT,WF,WOOD2,POULT,0.2,36711.745,4,4,36711.743,0.0,0.0,0.0,0.002,183558.725
1772558,IT,CH,RUBBE,ELEC4,0.12,36711.171,4,4,36711.168,0.0,0.0,0.0,0.003,305926.425
1798330,IT,WE,CROPS,AUXIL,0.29,36708.682,4,4,36708.68,0.0,0.0,0.0,0.002,126581.662069
1807032,IT,WF,LANDT,RECRE,0.24,36707.092,4,4,36707.09,0.0,0.0,0.0,0.002,152946.216667
1732007,IT,SI,KEROS,PAPER,0.05,36706.786,4,4,36706.783,0.0,0.0,0.0,0.003,734135.72
1665627,IT,ES,WOODW,GLASS,0.1,36704.728,4,4,36704.726,0.0,0.0,0.0,0.002,367047.28
1784026,IT,ID,TEXTI,CHEM1,0.22,36704.532,4,4,36704.527,0.0,0.0,0.0,0.005,166838.781818
1762893,IT,MX,STONE,COLLE,0.12,36704.504,5,5,36702.502,0.0,0.0,2.0,0.002,305870.866667
1659615,IT,DE,HOTEL,FOUND,0.27,36703.739,4,4,36703.736,0.0,0.0,0.0,0.003,135939.774074
1760499,IT,IN,TEXTI,BUSIN,0.22,36701.381,4,4,36701.376,0.0,0.0,0.0,0.005,166824.459091
1730243,IT,SE,SEACO,COPPE,0.04,36699.059,3,3,36699.059,0.0,0.0,0.0,0.0,917476.475
1649042,IT,BG,WOODW,SUPPO,0.1,36693.389,4,4,36693.387,0.0,0.0,0.0,0.002,366933.89
1710884,IT,LU,MOTOR,CONST,0.05,36692.948,4,4,36692.945,0.0,0.0,0.0,0.003,733858.96
1778570,IT,TR,RETA1,LANDT,0.38,36692.673,4,4,36692.671,0.0,0.0,0.0,0.002,96559.665789
1776903,IT,TR,PLAST,GASDI,0.08,36687.444,4,4,36687.44,0.0,0.0,0.0,0.004,458593.05
1712067,IT,LV,BEVER,PFERT,0.16,36685.108,4,4,36685.106,0.0,0.0,0.0,0.002,229281.925
1777685,IT,TR,COPP1,CHEM1,0.09,36678.968,4,4,36678.966,0.0,0.0,0.0,0.002,407544.088889
1768932,IT,AU,PAPER,BITUM,0.14,36678.864,4,4,36678.86,0.0,0.0,0.0,0.004,261991.885714
1801664,IT,WE,FURNI,ALUM1,0.12,36678.585,4,4,36678.582,0.0,0.0,0.0,0.003,305654.875
1810832,IT,WM,KEROS,NONF1,0.05,36678.441,4,4,36678.438,0.0,0.0,0.0,0.003,733568.82
1809745,IT,WM,FOOD5,PIGS9,0.18,36677.95,4,4,36677.947,0.0,0.0,0.0,0.003,203766.388889
1717916,IT,PL,FISHF,PLAST,0.06,36677.601,3,3,36677.601,0.0,0.0,0.0,0.0,611293.35
1660399,IT,DE,FINAN,DIST1,0.48,36673.587,3,3,36673.587,0.0,0.0,0.0,0.0,76403.30625
1742010,IT,US,ADDIT,HOTEL,0.08,36673.563,4,4,36673.56,0.0,0.0,0.0,0.003,458419.5375
1791089,IT,WA,TRANS,CERAM,0.22,36670.576,4,4,36670.574,0.0,0.0,0.0,0.002,166684.436364
1643364,IT,AT,RAILW,POSTT,0.25,36670.521,4,4,36670.519,0.0,0.0,0.0,0.002,146682.084
1713667,IT,MT,COPP1,RADIO,0.09,36669.629,4,4,36669.627,0.0,0.0,0.0,0.002,407440.322222
1790176,IT,WA,BASIC,INERT,0.04,36669.416,4,4,36669.414,0.0,0.0,0.0,0.002,916735.4
1729615,IT,SE,FABRI,LEADZ,0.15,36663.772,4,4,36663.769,0.0,0.0,0.0,0.003,244425.146667
1798946,IT,WE,FISH5,INSUR,0.15,36656.508,4,4,36656.489,0.0,0.0,0.0,0.019,244376.72
1671318,IT,FI,ALUM1,COPP1,0.06,36653.847,4,4,36653.844,0.0,0.0,0.0,0.003,610897.45
1672865,IT,FR,VEGE1,PAPER,0.11,36651.407,4,4,36651.399,0.0,0.0,0.0,0.008,333194.609091
1778149,IT,TR,TRANS,SALEM,0.22,36650.306,4,4,36650.304,0.0,0.0,0.0,0.002,166592.3
1741568,IT,US,GASDI,PRINT,0.05,36649.824,4,4,36649.821,0.0,0.0,0.0,0.003,732996.48
1813065,IT,WM,OFFIC,ELEC6,0.11,36648.436,4,4,36648.433,0.0,0.0,0.0,0.003,333167.6
1721024,IT,PL,HOTEL,LEATH,0.27,36648.405,4,4,36648.402,0.0,0.0,0.0,0.003,135734.833333
1752566,IT,CA,BEVER,LANDT,0.16,36645.427,4,4,36645.425,0.0,0.0,0.0,0.002,229033.91875
1763311,IT,MX,PAPER,TRANS,0.14,36645.245,4,4,36645.241,0.0,0.0,0.0,0.004,261751.75
1789863,IT,WA,CERAM,SALEM,0.06,36643.227,4,4,36643.225,0.0,0.0,0.0,0.002,610720.45
1785434,IT,ZA,PAPER,TRAN2,0.14,36642.762,4,4,36642.758,0.0,0.0,0.0,0.004,261734.014286
1684577,IT,HR,BUSIN,INSUR,0.38,36642.48,4,4,36642.477,0.0,0.0,0.0,0.003,96427.578947
1641976,IT,AT,RUBBE,BIODI,0.12,36641.039,4,4,36641.036,0.0,0.0,0.0,0.003,305341.991667
1671636,IT,FI,FURNI,PUBLI,0.12,36640.53,4,4,36640.527,0.0,0.0,0.0,0.003,305337.75
1789065,IT,WA,NAPHT,PAPE1,0.06,36640.441,4,4,36640.438,0.0,0.0,0.0,0.003,610674.016667
1802901,IT,WE,RECRE,RECRE,0.47,36638.125,4,4,36638.122,0.0,0.0,0.0,0.003,77953.457447
1801422,IT,WE,MOTO1,SUGAR,0.2,36637.034,4,4,36637.032,0.0,0.0,0.0,0.002,183185.17
1645101,IT,BE,PAPER,POSTT,0.14,36635.778,4,4,36635.774,0.0,0.0,0.0,0.004,261684.128571
1713493,IT,MT,RUBBE,FABRI,0.12,36629.201,4,4,36629.198,0.0,0.0,0.0,0.003,305243.341667
1687755,IT,HU,SUPPO,HOTEL,0.26,36627.775,4,4,36627.773,0.0,0.0,0.0,0.002,140876.057692
1649229,IT,BG,KEROS,CONST,0.05,36626.775,4,4,36626.772,0.0,0.0,0.0,0.003,732535.5
1770422,IT,AU,SEACO,CRUDE,0.04,36625.813,3,3,36625.813,0.0,0.0,0.0,0.0,915645.325
1803094,IT,WF,VEGET,FORES,0.13,36622.308,3,3,36622.308,0.0,0.0,0.0,0.0,281710.061538
1677839,IT,FR,BUSIN,POULT,0.38,36615.151,4,4,36615.148,0.0,0.0,0.0,0.003,96355.660526
1713303,IT,MT,MOTOR,LANDT,0.05,36614.783,4,4,36614.78,0.0,0.0,0.0,0.003,732295.66
1801025,IT,WE,LEAD1,RADIO,0.06,36613.385,4,4,36613.382,0.0,0.0,0.0,0.003,610223.083333
1687150,IT,HU,FURNI,CHEM1,0.12,36611.833,4,4,36611.83,0.0,0.0,0.0,0.003,305098.608333
1659955,IT,DE,SEACO,FOOD5,0.04,36611.326,3,3,36611.326,0.0,0.0,0.0,0.0,915283.15
1729553,IT,SE,COPP1,CEMEN,0.09,36611.028,4,4,36611.026,0.0,0.0,0.0,0.002,406789.2
1809741,IT,WM,FOOD5,SUGAR,0.18,36609.913,4,4,36609.91,0.0,0.0,0.0,0.003,203388.405556
1787131,IT,ZA,BUSIN,EDUCA,0.38,36608.908,4,4,36608.905,0.0,0.0,0.0,0.003,96339.231579
1718130,IT,PL,VEGE1,PLAST,0.11,36606.684,4,4,36606.676,0.0,0.0,0.0,0.008,332788.036364
1779114,IT,TR,SUPPO,AIRTR,0.26,36605.313,4,4,36605.311,0.0,0.0,0.0,0.002,140789.665385
1765158,IT,MX,BUSIN,CHEM1,0.38,36603.824,4,4,36603.821,0.0,0.0,0.0,0.003,96325.852632
1649699,IT,BG,NONME,NONME,0.07,36601.538,4,4,36601.534,0.0,0.0,0.0,0.004,522879.114286
1673496,IT,FR,LEATH,MEATA,0.26,36598.357,4,4,36598.351,0.0,0.0,0.0,0.006,140762.911538
1662481,IT,DK,ALUM1,HEALT,0.06,36597.756,4,4,36597.753,0.0,0.0,0.0,0.003,609962.6
1760416,IT,IN,FOOD5,PADDY,0.18,36596.347,4,4,36596.344,0.0,0.0,0.0,0.003,203313.038889
1651424,IT,CY,KEROS,MEMBE,0.05,36595.921,4,4,36595.918,0.0,0.0,0.0,0.003,731918.42
1668139,IT,ES,SALEM,FOOD5,0.3,36595.118,4,4,36595.116,0.0,0.0,0.0,0.002,121983.726667
1763985,IT,MX,ALUM1,PRINT,0.06,36594.705,4,4,36594.702,0.0,0.0,0.0,0.003,609911.75
1659790,IT,DE,LANDT,LEATH,0.24,36593.071,4,4,36593.069,0.0,0.0,0.0,0.002,152471.129167
1712244,IT,LV,PAPER,BUSIN,0.14,36592.873,4,4,36592.869,0.0,0.0,0.0,0.004,261377.664286
1656250,IT,DE,WEARI,FABRI,0.28,36590.976,4,4,36590.969,0.0,0.0,0.0,0.007,130682.057143
1783337,IT,NO,PAPE1,FOODW,0.26,36585.626,4,4,36585.624,0.0,0.0,0.0,0.002,140713.946154
1658672,IT,DE,OFFIC,CHEMI,0.11,36581.156,4,4,36581.153,0.0,0.0,0.0,0.003,332555.963636
1798429,IT,WE,NATUR,TEXTI,0.05,36581.154,4,4,36581.152,0.0,0.0,0.0,0.002,731623.08
1765334,IT,RU,FOOD5,WOODW,0.18,36580.501,4,4,36580.498,0.0,0.0,0.0,0.003,203225.005556
1755375,IT,KR,MOTOR,WHOLE,0.05,36579.685,4,4,36579.682,0.0,0.0,0.0,0.003,731593.7
1813491,IT,WM,SALEM,REALE,0.3,36577.658,4,4,36577.656,0.0,0.0,0.0,0.002,121925.526667
1811807,IT,WM,ADDIT,EDUCA,0.08,36577.376,4,4,36577.373,0.0,0.0,0.0,0.003,457217.2
1774023,IT,CH,RETAI,CERAM,0.29,36573.826,4,4,36573.824,0.0,0.0,0.0,0.002,126116.641379
1788513,IT,WA,PAPER,RAWMI,0.14,36571.904,4,4,36571.9,0.0,0.0,0.0,0.004,261227.885714
1642338,IT,AT,BASIC,ELECT,0.04,36570.819,4,4,36570.817,0.0,0.0,0.0,0.002,914270.475
1646890,IT,BE,WHOLE,KEROS,0.32,36569.47,4,4,36569.468,0.0,0.0,0.0,0.002,114279.59375
1753465,IT,CA,FABRI,OFFIC,0.15,36567.867,4,4,36567.864,0.0,0.0,0.0,0.003,243785.78
1757541,IT,BR,MOTOR,COALT,0.05,36566.662,4,4,36566.659,0.0,0.0,0.0,0.003,731333.24
1672013,IT,FI,SEACO,ELEC2,0.04,36564.469,3,3,36564.469,0.0,0.0,0.0,0.0,914111.725
1686312,IT,HU,NONME,DAIRY,0.07,36563.691,4,4,36563.687,0.0,0.0,0.0,0.004,522338.442857
1661210,IT,DK,WHEAT,WHEAT,0.03,36562.355,3,3,36562.355,0.0,0.0,0.0,0.0,1218745.166667
1673404,IT,FR,WEARI,LEATH,0.28,36562.246,4,4,36562.239,0.0,0.0,0.0,0.007,130579.45
1763195,IT,MX,LEATH,REALE,0.26,36561.379,4,4,36561.373,0.0,0.0,0.0,0.006,140620.688462
1677586,IT,FR,REALE,CHEM1,1.54,36560.177,4,4,36560.175,0.0,0.0,0.0,0.002,23740.374675
1685508,IT,HU,PAPER,LEATH,0.14,36555.727,4,4,36555.723,0.0,0.0,0.0,0.004,261112.335714
1719519,IT,PL,GLASS,PFERT,0.1,36554.851,4,4,36554.849,0.0,0.0,0.0,0.002,365548.51
1726552,IT,RO,OFFIC,CEMEN,0.11,36554.335,4,4,36554.332,0.0,0.0,0.0,0.003,332312.136364
1679488,IT,GR,CHEM1,TRANS,0.08,36552.328,4,4,36552.324,0.0,0.0,0.0,0.004,456904.1
1743745,IT,US,LANDT,TEXTI,0.24,36551.142,4,4,36551.14,0.0,0.0,0.0,0.002,152296.425
1682677,IT,HR,KEROS,WASTE,0.05,36549.655,4,4,36549.652,0.0,0.0,0.0,0.003,730993.1
1675165,IT,FR,COPP1,FOOD3,0.09,36548.658,4,4,36548.656,0.0,0.0,0.0,0.002,406096.2
1776862,IT,TR,BITU1,PLAS2,0.06,36548.607,4,4,36548.604,0.0,0.0,0.0,0.003,609143.45
1776861,IT,TR,BITU1,PAPE4,0.06,36548.607,4,4,36548.604,0.0,0.0,0.0,0.003,609143.45
1776855,IT,TR,BITU1,INTER,0.06,36548.607,4,4,36548.604,0.0,0.0,0.0,0.003,609143.45
1776860,IT,TR,BITU1,FOOD4,0.06,36548.607,4,4,36548.604,0.0,0.0,0.0,0.003,609143.45
1776859,IT,TR,BITU1,WASTE,0.06,36548.607,4,4,36548.604,0.0,0.0,0.0,0.003,609143.45
1776850,IT,TR,BITU1,SECO9,0.06,36548.607,4,4,36548.604,0.0,0.0,0.0,0.003,609143.45
1776857,IT,TR,BITU1,FOOD2,0.06,36548.607,4,4,36548.604,0.0,0.0,0.0,0.003,609143.45
1776856,IT,TR,BITU1,OILHA,0.06,36548.607,4,4,36548.604,0.0,0.0,0.0,0.003,609143.45
1776865,IT,TR,BITU1,WOOD2,0.06,36548.607,4,4,36548.604,0.0,0.0,0.0,0.003,609143.45
1776858,IT,TR,BITU1,FOOD3,0.06,36548.607,4,4,36548.604,0.0,0.0,0.0,0.003,609143.45
1792847,IT,WA,EDUCA,PFERT,0.91,36546.817,4,4,36546.814,0.0,0.0,0.0,0.003,40161.337363
1739648,IT,GB,AIRTR,MOTO1,0.04,36544.802,3,3,36544.802,0.0,0.0,0.0,0.0,913620.05
1654669,IT,CZ,LANDT,FOUND,0.24,36544.297,4,4,36544.295,0.0,0.0,0.0,0.002,152267.904167
1782895,IT,NO,SEACO,FABRI,0.04,36542.643,3,3,36542.643,0.0,0.0,0.0,0.0,913566.075
1671695,IT,FI,SALEM,CHEMI,0.29,36540.881,4,4,36540.879,0.0,0.0,0.0,0.002,126003.037931
1780727,IT,TW,REALE,WHOLE,1.54,36539.285,4,4,36539.283,0.0,0.0,0.0,0.002,23726.808442
1713451,IT,MT,CHEM1,PRINT,0.08,36537.605,4,4,36537.601,0.0,0.0,0.0,0.004,456720.0625
1751276,IT,CN,HOTEL,FOOD4,0.26,36535.822,4,4,36535.819,0.0,0.0,0.0,0.003,140522.392308
1651532,IT,CY,RUBBE,BEVER,0.12,36535.378,4,4,36535.375,0.0,0.0,0.0,0.003,304461.483333
1685249,IT,HU,TEXTI,GLASS,0.22,36534.342,4,4,36534.337,0.0,0.0,0.0,0.005,166065.190909
1811330,IT,WM,BITU1,HOTEL,0.06,36530.307,4,4,36530.304,0.0,0.0,0.0,0.003,608838.45
1804487,IT,WF,GASDI,MOTOR,0.05,36529.363,4,4,36529.36,0.0,0.0,0.0,0.003,730587.26
1788149,IT,WA,WEARI,CERAM,0.28,36526.229,4,4,36526.222,0.0,0.0,0.0,0.007,130450.817857
1642556,IT,AT,COPP1,FOOD2,0.09,36525.391,4,4,36525.389,0.0,0.0,0.0,0.002,405837.677778
1679354,IT,GR,PLAST,PAPER,0.08,36525.1,4,4,36525.096,0.0,0.0,0.0,0.004,456563.75
1726510,IT,RO,MACHI,OFFIC,0.2,36524.562,4,4,36524.559,0.0,0.0,0.0,0.003,182622.81
1666192,IT,ES,HEAVY,MEATP,0.06,36524.132,4,4,36524.129,0.0,0.0,0.0,0.003,608735.533333
1774551,IT,CH,SEACO,FORES,0.04,36521.773,3,3,36521.773,0.0,0.0,0.0,0.0,913044.325
1645767,IT,BE,RUBBE,FOUND,0.12,36521.488,4,4,36521.485,0.0,0.0,0.0,0.003,304345.733333
1799757,IT,WE,KEROS,SALEM,0.05,36519.226,4,4,36519.223,0.0,0.0,0.0,0.003,730384.52
1773945,IT,CH,SALEM,NONME,0.29,36516.189,4,4,36516.187,0.0,0.0,0.0,0.002,125917.893103
1751719,IT,CN,INSUR,ELEC5,0.75,36513.858,4,4,36513.856,0.0,0.0,0.0,0.002,48685.144
1760929,IT,IN,HEAVY,WOODW,0.06,36511.614,4,4,36511.611,0.0,0.0,0.0,0.003,608526.9
1814862,IT,WM,RECRE,POSTT,0.46,36510.405,4,4,36510.402,0.0,0.0,0.0,0.003,79370.445652
1805921,IT,WF,LEAD1,IRONO,0.06,36508.79,4,4,36508.787,0.0,0.0,0.0,0.003,608479.833333
1717882,IT,PL,VEGET,PUBLI,0.13,36507.174,3,3,36507.174,0.0,0.0,0.0,0.0,280824.415385
1666167,IT,ES,GASDI,OILHA,0.05,36506.383,4,4,36506.38,0.0,0.0,0.0,0.003,730127.66
1811048,IT,WM,HEAVY,PULP5,0.06,36503.581,4,4,36503.578,0.0,0.0,0.0,0.003,608393.016667
1657986,IT,DE,BASIC,FOOD2,0.04,36501.975,4,4,36501.973,0.0,0.0,0.0,0.002,912549.375
1775049,IT,CH,RENTI,HEAVY,0.22,36500.598,4,4,36500.596,0.0,0.0,0.0,0.002,165911.809091
1688679,IT,IE,CHEM1,KEROS,0.08,36498.852,4,4,36498.848,0.0,0.0,0.0,0.004,456235.65
1735365,IT,SK,NONME,CERAM,0.07,36497.036,4,4,36497.032,0.0,0.0,0.0,0.004,521386.228571
1771807,IT,CH,WOODW,FORES,0.1,36495.067,4,4,36495.065,0.0,0.0,0.0,0.002,364950.67
1737910,IT,GB,CHEM1,SUGA1,0.08,36492.648,4,4,36492.644,0.0,0.0,0.0,0.004,456158.1
1643105,IT,AT,WHOLE,WHOLE,0.32,36490.659,4,4,36490.657,0.0,0.0,0.0,0.002,114033.309375
1717142,IT,NL,INLAN,MACHI,0.06,36490.104,4,4,36490.102,0.0,0.0,0.0,0.002,608168.4
1763797,IT,MX,CERAM,CEMEN,0.06,36489.12,4,4,36489.118,0.0,0.0,0.0,0.002,608152.0
1719451,IT,PL,RUBBE,AUXIL,0.12,36482.489,4,4,36482.486,0.0,0.0,0.0,0.003,304020.741667
1652194,IT,CZ,DAIRY,WHOLE,0.15,36479.979,4,4,36479.977,0.0,0.0,0.0,0.002,243199.86
1758042,IT,BR,RUBBE,INLAN,0.12,36479.223,4,4,36479.22,0.0,0.0,0.0,0.003,303993.525
1786779,IT,ZA,HOTEL,WOODW,0.26,36478.979,4,4,36478.976,0.0,0.0,0.0,0.003,140303.765385
1720120,IT,PL,LEAD1,FURNI,0.06,36477.911,4,4,36477.908,0.0,0.0,0.0,0.003,607965.183333
1675260,IT,FR,FABRI,NONF1,0.15,36474.063,4,4,36474.06,0.0,0.0,0.0,0.003,243160.42
1723507,IT,PT,COPP1,BIODI,0.09,36472.235,4,4,36472.233,0.0,0.0,0.0,0.002,405247.055556
1676518,IT,FR,RETA1,INERT,0.38,36468.403,4,4,36468.401,0.0,0.0,0.0,0.002,95969.481579
1728567,IT,SE,PAPER,CERAM,0.14,36466.3,4,4,36466.296,0.0,0.0,0.0,0.004,260473.571429
1734411,IT,SK,VEGET,BIODI,0.13,36466.141,3,3,36466.141,0.0,0.0,0.0,0.0,280508.776923
1753780,IT,CA,FURNI,AUXIL,0.12,36461.452,4,4,36461.449,0.0,0.0,0.0,0.003,303845.433333
1740068,IT,GB,RENTI,BUSIN,0.22,36460.933,4,4,36460.931,0.0,0.0,0.0,0.002,165731.513636
1786108,IT,ZA,NONME,AIRTR,0.07,36460.652,4,4,36460.648,0.0,0.0,0.0,0.004,520866.457143
1803349,IT,WF,SANDC,CHARC,0.08,36460.217,4,4,36452.217,0.0,0.0,8.0,0.0,455752.7125
1764149,IT,MX,FABRI,POSTT,0.15,36459.802,4,4,36459.799,0.0,0.0,0.0,0.003,243065.346667
1781201,IT,NO,VEGET,MACHI,0.13,36458.025,3,3,36458.025,0.0,0.0,0.0,0.0,280446.346154
1765457,IT,RU,TEXTI,REALE,0.22,36457.264,4,4,36457.259,0.0,0.0,0.0,0.005,165714.836364
1715569,IT,NL,HEAVY,BITU1,0.06,36456.5,4,4,36456.497,0.0,0.0,0.0,0.003,607608.333333
1667101,IT,ES,NONME,FOOD2,0.07,36456.346,4,4,36456.342,0.0,0.0,0.0,0.004,520804.942857
1776802,IT,TR,NAPHT,BASIC,0.06,36454.412,4,4,36454.409,0.0,0.0,0.0,0.003,607573.533333
1778776,IT,TR,LANDT,PAPER,0.24,36452.474,4,4,36452.472,0.0,0.0,0.0,0.002,151885.308333
1719765,IT,PL,BASIC,PRECI,0.04,36452.326,4,4,36452.324,0.0,0.0,0.0,0.002,911308.15
1789872,IT,WA,CERAM,BUSIN,0.06,36451.521,4,4,36451.519,0.0,0.0,0.0,0.002,607525.35
1723729,IT,PT,MACHI,TRAN2,0.2,36450.729,4,4,36450.726,0.0,0.0,0.0,0.003,182253.645
1750601,IT,CN,OFFIC,FURNI,0.11,36450.071,4,4,36450.068,0.0,0.0,0.0,0.003,331364.281818
1787839,IT,WA,FOOD5,MEAT4,0.18,36446.633,4,4,36446.63,0.0,0.0,0.0,0.003,202481.294444
1808696,IT,WF,INERT,HEALT,0.27,36446.401,4,4,36446.399,0.0,0.0,0.0,0.002,134986.67037
1754642,IT,KR,STONE,MOTO1,0.12,36436.387,5,5,36434.385,0.0,0.0,2.0,0.002,303636.558333
1756614,IT,KR,RAILW,MOTO1,0.24,36435.982,4,4,36435.98,0.0,0.0,0.0,0.002,151816.591667
1768719,IT,AU,WEARI,CRUDE,0.27,36433.129,4,4,36433.122,0.0,0.0,0.0,0.007,134937.514815
1745566,IT,JP,BEVER,REALE,0.15,36432.943,4,4,36432.941,0.0,0.0,0.0,0.002,242886.286667
1710495,IT,LT,TRAN2,GASDI,0.06,36432.41,3,3,36432.41,0.0,0.0,0.0,0.0,607206.833333
1677080,IT,FR,SUPPO,ELEC4,0.26,36429.585,4,4,36429.583,0.0,0.0,0.0,0.002,140113.788462
1642146,IT,AT,CERAM,ALUM1,0.06,36428.248,4,4,36428.246,0.0,0.0,0.0,0.002,607137.466667
1660782,IT,DE,COMPU,BEVER,0.42,36423.66,4,4,36423.658,0.0,0.0,0.0,0.002,86723.0
1753148,IT,CA,RUBBE,REALE,0.12,36421.873,4,4,36421.87,0.0,0.0,0.0,0.003,303515.608333
1667014,IT,ES,CEMEN,SUPPO,0.06,36421.114,4,4,36421.112,0.0,0.0,0.0,0.002,607018.566667
1730423,IT,SE,POSTT,BASIC,0.6,36419.091,4,4,36419.088,0.0,0.0,0.0,0.003,60698.485
1681029,IT,GR,AIRTR,DISTR,0.04,36418.67,3,3,36418.67,0.0,0.0,0.0,0.0,910466.75
1809984,IT,WM,FISH5,RECRE,0.15,36417.107,4,4,36417.088,0.0,0.0,0.0,0.019,242780.713333
1663789,IT,EE,BEVER,TRANS,0.15,36417.028,4,4,36417.026,0.0,0.0,0.0,0.002,242780.186667
1759168,IT,BR,AIRTR,INSUR,0.04,36416.564,3,3,36416.564,0.0,0.0,0.0,0.0,910414.1
1762955,IT,MX,VEGE1,WHOLE,0.11,36413.735,4,4,36413.727,0.0,0.0,0.0,0.008,331033.954545
1778124,IT,TR,MOTO1,HEALT,0.19,36412.844,4,4,36412.842,0.0,0.0,0.0,0.002,191646.547368
1753457,IT,CA,FABRI,PREC1,0.15,36411.676,4,4,36411.673,0.0,0.0,0.0,0.003,242744.506667
1794082,IT,WL,PAPER,GASDI,0.14,36411.522,4,4,36411.518,0.0,0.0,0.0,0.004,260082.3
1664146,IT,EE,RUBBE,ELEC6,0.12,36410.522,4,4,36410.519,0.0,0.0,0.0,0.003,303421.016667
1786813,IT,ZA,HOTEL,ELEC1,0.26,36410.368,4,4,36410.365,0.0,0.0,0.0,0.003,140039.876923
1659855,IT,DE,LANDT,BIOG1,0.23,36409.211,4,4,36409.209,0.0,0.0,0.0,0.002,158300.917391
1803218,IT,WF,CROPS,AUXIL,0.29,36408.803,4,4,36408.801,0.0,0.0,0.0,0.002,125547.596552
1681882,IT,HR,DAIRY,CHEMI,0.15,36407.191,4,4,36407.189,0.0,0.0,0.0,0.002,242714.606667
1650060,IT,BG,MACHI,ELEC1,0.2,36403.875,4,4,36403.872,0.0,0.0,0.0,0.003,182019.375
1773237,IT,CH,FABRI,COLLE,0.15,36403.353,4,4,36403.35,0.0,0.0,0.0,0.003,242689.02
1775739,IT,TR,FORES,WOODW,0.32,36402.301,4,4,36388.301,0.0,14.0,0.0,0.0,113757.190625
1777133,IT,TR,ADDIT,PLAST,0.08,36401.946,4,4,36401.943,0.0,0.0,0.0,0.003,455024.325
1749278,IT,CN,PAPER,COLLE,0.14,36401.263,4,4,36401.259,0.0,0.0,0.0,0.004,260009.021429
1785296,IT,ZA,WEARI,PUBLI,0.27,36400.525,4,4,36400.518,0.0,0.0,0.0,0.007,134816.759259
1674789,IT,FR,CERAM,WOOD2,0.06,36400.167,4,4,36400.165,0.0,0.0,0.0,0.002,606669.45
1809359,IT,WM,SANDC,AUXIL,0.08,36398.37,4,4,36390.37,0.0,0.0,8.0,0.0,454979.625
1642683,IT,AT,FABRI,INTER,0.15,36398.073,4,4,36398.07,0.0,0.0,0.0,0.003,242653.82
1660535,IT,DE,INSUR,EDUCA,0.75,36394.95,4,4,36394.948,0.0,0.0,0.0,0.002,48526.6
1813257,IT,WM,TRANS,NFERT,0.22,36394.397,4,4,36394.395,0.0,0.0,0.0,0.002,165429.077273
1721264,IT,PL,LANDT,ELECT,0.23,36393.286,4,4,36393.284,0.0,0.0,0.0,0.002,158231.678261
1791514,IT,WA,RETA1,MEATC,0.38,36392.536,4,4,36392.534,0.0,0.0,0.0,0.002,95769.831579
1643436,IT,AT,LANDT,CERAM,0.23,36391.529,4,4,36391.527,0.0,0.0,0.0,0.002,158224.03913
1669278,IT,ES,FINAN,WOODW,0.47,36389.771,3,3,36389.771,0.0,0.0,0.0,0.0,77425.044681
1649899,IT,BG,FABRI,CHEMI,0.15,36389.755,4,4,36389.752,0.0,0.0,0.0,0.003,242598.366667
1666708,IT,ES,RUBBE,RAWMI,0.12,36389.572,4,4,36389.569,0.0,0.0,0.0,0.003,303246.433333
1766908,IT,RU,OFFIC,SUPPO,0.11,36388.069,4,4,36388.066,0.0,0.0,0.0,0.003,330800.627273
1644677,IT,BE,BEVER,MOTOR,0.15,36386.419,4,4,36386.417,0.0,0.0,0.0,0.002,242576.126667
1766204,IT,RU,GLASS,PLAST,0.1,36384.823,4,4,36384.821,0.0,0.0,0.0,0.002,363848.23
1767502,IT,RU,SEACO,ELECT,0.04,36384.151,3,3,36384.151,0.0,0.0,0.0,0.0,909603.775
1726476,IT,RO,FABRI,STEAM,0.15,36383.781,4,4,36383.778,0.0,0.0,0.0,0.003,242558.54
1772623,IT,CH,GLASS,GASDI,0.1,36381.751,4,4,36381.749,0.0,0.0,0.0,0.002,363817.51
1814417,IT,WM,REALE,WHOLE,1.54,36379.172,4,4,36379.17,0.0,0.0,0.0,0.002,23622.838961
1753254,IT,CA,CEMEN,HYDRO,0.06,36376.376,4,4,36376.374,0.0,0.0,0.0,0.002,606272.933333
1778325,IT,TR,SALEM,RENTI,0.29,36376.333,4,4,36376.331,0.0,0.0,0.0,0.002,125435.631034
1747089,IT,JP,FURNI,DISTR,0.12,36375.839,4,4,36375.836,0.0,0.0,0.0,0.003,303131.991667
1670737,IT,FI,PAPER,TRANS,0.14,36374.485,4,4,36374.481,0.0,0.0,0.0,0.004,259817.75
1749450,IT,CN,HEAVY,MOTOR,0.06,36373.019,4,4,36373.016,0.0,0.0,0.0,0.003,606216.983333
1681726,IT,HR,CRUDE,FISH5,0.07,36371.893,4,4,36371.89,0.0,0.0,0.0,0.003,519598.471429
1797197,IT,WL,FINAN,CRUDE,0.47,36371.728,3,3,36371.728,0.0,0.0,0.0,0.0,77386.655319
1721274,IT,PL,LANDT,ELEC5,0.23,36370.819,4,4,36370.817,0.0,0.0,0.0,0.002,158133.995652
1653633,IT,CZ,ALUM1,GASDI,0.06,36368.361,4,4,36368.358,0.0,0.0,0.0,0.003,606139.35
1804896,IT,WF,BITU1,NONF1,0.06,36366.673,4,4,36366.67,0.0,0.0,0.0,0.003,606111.216667
1716235,IT,NL,LEAD1,RENTI,0.06,36366.017,4,4,36366.014,0.0,0.0,0.0,0.003,606100.283333
1710793,IT,LU,WOODW,HOTEL,0.1,36364.256,4,4,36364.254,0.0,0.0,0.0,0.002,363642.56
1677898,IT,FR,BUSIN,COPP1,0.37,36363.065,4,4,36363.062,0.0,0.0,0.0,0.003,98278.554054
1730776,IT,SE,BUSIN,BIOGA,0.37,36361.482,4,4,36361.479,0.0,0.0,0.0,0.003,98274.275676
1686709,IT,HU,COPP1,ALUM1,0.09,36360.96,4,4,36360.958,0.0,0.0,0.0,0.002,404010.666667
1755516,IT,KR,CHEM1,TOBAC,0.08,36359.586,4,4,36359.582,0.0,0.0,0.0,0.004,454494.825
1645373,IT,BE,HEAVY,NAPHT,0.06,36354.491,4,4,36354.488,0.0,0.0,0.0,0.003,605908.183333
1653622,IT,CZ,ALUM1,FOOD5,0.06,36351.366,4,4,36351.363,0.0,0.0,0.0,0.003,605856.1
1802529,IT,WE,POSTT,REALE,0.6,36350.089,4,4,36350.086,0.0,0.0,0.0,0.003,60583.481667
1680136,IT,GR,OFFIC,SUPPO,0.11,36349.122,4,4,36349.119,0.0,0.0,0.0,0.003,330446.563636
1804835,IT,WF,NAPHT,REALE,0.06,36346.606,4,4,36346.603,0.0,0.0,0.0,0.003,605776.766667
1661375,IT,DK,MEAT1,STEAM,0.17,36345.803,4,4,36345.799,0.0,0.0,0.0,0.004,213798.841176
1799283,IT,WE,LEATH,RETA1,0.26,36345.694,4,4,36345.688,0.0,0.0,0.0,0.006,139791.130769
1686317,IT,HU,NONME,WOODW,0.07,36345.453,4,4,36345.449,0.0,0.0,0.0,0.004,519220.757143
1738780,IT,GB,OFFIC,CONST,0.11,36344.571,4,4,36344.568,0.0,0.0,0.0,0.003,330405.190909
1683709,IT,HR,MACHI,VEGE1,0.2,36343.925,4,4,36343.922,0.0,0.0,0.0,0.003,181719.625
1720080,IT,PL,ALUM1,OILHA,0.06,36341.091,4,4,36341.088,0.0,0.0,0.0,0.003,605684.85
1798596,IT,WE,MEATC,BUSIN,0.12,36340.607,5,5,36339.605,0.0,1.0,0.0,0.002,302838.391667
1722531,IT,PT,BEVER,RAWMI,0.15,36336.437,4,4,36336.435,0.0,0.0,0.0,0.002,242242.913333
1666115,IT,ES,GASDI,PFERT,0.05,36336.109,4,4,36336.106,0.0,0.0,0.0,0.003,726722.18
1752034,IT,CN,RESEA,INSUR,0.2,36335.492,4,4,36335.489,0.0,0.0,0.0,0.003,181677.46
1670797,IT,FI,PRINT,SUPPO,0.35,36334.793,4,4,36334.79,0.0,0.0,0.0,0.003,103813.694286
1713101,IT,MT,FOOD5,FOOD5,0.17,36333.161,4,4,36333.158,0.0,0.0,0.0,0.003,213724.476471
1667481,IT,ES,FABRI,MEAT1,0.15,36332.252,4,4,36332.249,0.0,0.0,0.0,0.003,242215.013333
1793199,IT,WA,93197,RESEA,0.24,36332.174,4,4,36332.171,0.0,0.0,0.0,0.003,151384.058333
1647403,IT,BE,AIRTR,MOTOR,0.04,36330.938,3,3,36330.938,0.0,0.0,0.0,0.0,908273.45
1793914,IT,WL,WEARI,BUSIN,0.27,36330.863,4,4,36330.856,0.0,0.0,0.0,0.007,134558.751852
1670552,IT,FI,TEXTI,GLASS,0.22,36329.708,4,4,36329.703,0.0,0.0,0.0,0.005,165135.036364
1729223,IT,SE,CERAM,COKE1,0.06,36329.628,4,4,36329.626,0.0,0.0,0.0,0.002,605493.8
1720982,IT,PL,WHOLE,BUSIN,0.31,36326.268,4,4,36326.266,0.0,0.0,0.0,0.002,117181.509677
1757558,IT,BR,AVIAT,COLLE,0.08,36325.555,4,4,36325.552,0.0,0.0,0.0,0.003,454069.4375
1676070,IT,FR,ELEC7,MOTO1,0.02,36325.076,3,3,36325.076,0.0,0.0,0.0,0.0,1816253.8
1670722,IT,FI,PAPER,PLAST,0.14,36324.16,4,4,36324.156,0.0,0.0,0.0,0.004,259458.285714
1649358,IT,BG,PLAST,LANDT,0.08,36323.138,4,4,36323.134,0.0,0.0,0.0,0.004,454039.225
1764826,IT,MX,SEACO,CERAM,0.04,36319.544,3,3,36319.544,0.0,0.0,0.0,0.0,907988.6
1720827,IT,PL,FURNI,OFFIC,0.12,36314.056,4,4,36314.053,0.0,0.0,0.0,0.003,302617.133333
1775906,IT,TR,PROCE,BUSIN,0.25,36313.966,4,4,36313.964,0.0,0.0,0.0,0.002,145255.864
1741135,IT,US,WEARI,COMPU,0.27,36309.762,4,4,36309.755,0.0,0.0,0.0,0.007,134480.6
1747961,IT,JP,RESEA,ELEC2,0.2,36309.657,4,4,36309.654,0.0,0.0,0.0,0.003,181548.285
1777595,IT,TR,ALUM1,GASDI,0.06,36309.089,4,4,36309.086,0.0,0.0,0.0,0.003,605151.483333
1802709,IT,WE,COMPU,FINAN,0.41,36306.663,4,4,36306.661,0.0,0.0,0.0,0.002,88552.836585
1748489,IT,CN,STONE,WHOLE,0.12,36305.731,5,5,36303.729,0.0,0.0,2.0,0.002,302547.758333
1681984,IT,HR,FOOD5,SUPPO,0.17,36305.523,4,4,36305.52,0.0,0.0,0.0,0.003,213561.9
1788565,IT,WA,PAPER,CEMEN,0.14,36303.092,4,4,36303.088,0.0,0.0,0.0,0.004,259307.8
1640618,IT,AT,BEVER,PAPER,0.15,36298.806,4,4,36298.804,0.0,0.0,0.0,0.002,241992.04
1681019,IT,GR,AIRTR,MACHI,0.04,36298.396,3,3,36298.396,0.0,0.0,0.0,0.0,907459.9
1739433,IT,GB,LANDT,MEAT4,0.23,36298.126,4,4,36298.124,0.0,0.0,0.0,0.002,157817.93913
1794478,IT,WL,GASDI,NONME,0.05,36297.895,4,4,36297.892,0.0,0.0,0.0,0.003,725957.9
1714720,IT,NL,DAIRY,PIGS9,0.15,36293.122,4,4,36293.12,0.0,0.0,0.0,0.002,241954.146667
1781767,IT,NO,PRINT,PRINT,0.35,36291.647,4,4,36291.644,0.0,0.0,0.0,0.003,103690.42
1725771,IT,RO,PRINT,FABRI,0.35,36289.846,4,4,36289.843,0.0,0.0,0.0,0.003,103685.274286
1727090,IT,RO,LANDT,RAWMI,0.23,36289.735,4,4,36289.733,0.0,0.0,0.0,0.002,157781.456522
1751696,IT,CN,INSUR,CERAM,0.75,36289.07,4,4,36289.068,0.0,0.0,0.0,0.002,48385.426667
1788578,IT,WA,PAPER,BIOG1,0.14,36286.935,4,4,36286.931,0.0,0.0,0.0,0.004,259192.392857
1806215,IT,WF,MACHI,CHEMI,0.2,36286.856,4,4,36286.853,0.0,0.0,0.0,0.003,181434.28
1717424,IT,NL,INSUR,WHOLE,0.75,36282.371,4,4,36282.369,0.0,0.0,0.0,0.002,48376.494667
1717167,IT,NL,AIRTR,RAILW,0.04,36282.203,3,3,36282.203,0.0,0.0,0.0,0.0,907055.075
1752703,IT,CA,LEATH,PRINT,0.26,36282.083,4,4,36282.077,0.0,0.0,0.0,0.006,139546.473077
1648266,IT,BE,BUSIN,WASTE,0.37,36282.014,4,4,36282.011,0.0,0.0,0.0,0.003,98059.497297
1745194,IT,JP,CROPS,CHEM1,0.29,36280.204,4,4,36280.202,0.0,0.0,0.0,0.002,125104.151724
1779436,IT,TR,REALE,WHOLE,1.53,36278.631,4,4,36278.629,0.0,0.0,0.0,0.002,23711.523529
1738686,IT,GB,MACHI,PREC1,0.2,36275.789,4,4,36275.786,0.0,0.0,0.0,0.003,181378.945
1660518,IT,DE,INSUR,HOTEL,0.75,36270.302,4,4,36270.3,0.0,0.0,0.0,0.002,48360.402667
1744218,IT,US,POSTT,CHEM1,0.6,36267.977,4,4,36267.974,0.0,0.0,0.0,0.003,60446.628333
1716549,IT,NL,TRANS,CONST,0.22,36266.413,4,4,36266.411,0.0,0.0,0.0,0.002,164847.331818
1775842,IT,TR,VEGE1,DAIRY,0.11,36266.104,4,4,36266.096,0.0,0.0,0.0,0.008,329691.854545
1761040,IT,IN,PLAST,CHARC,0.08,36265.734,4,4,36265.73,0.0,0.0,0.0,0.004,453321.675
1754267,IT,CA,POSTT,AUXIL,0.6,36262.891,4,4,36262.888,0.0,0.0,0.0,0.003,60438.151667
1784022,IT,ID,TEXTI,WOODW,0.21,36261.992,4,4,36261.987,0.0,0.0,0.0,0.005,172676.152381
1790803,IT,WA,MACHI,BIOGA,0.2,36260.276,4,4,36260.273,0.0,0.0,0.0,0.003,181301.38
1729275,IT,SE,CEMEN,WHOLE,0.06,36259.931,4,4,36259.929,0.0,0.0,0.0,0.002,604332.183333
1785042,IT,ID,BUSIN,RETA1,0.37,36255.171,4,4,36255.168,0.0,0.0,0.0,0.003,97986.948649
1769927,IT,AU,MOTO1,COLLE,0.19,36250.221,4,4,36250.219,0.0,0.0,0.0,0.002,190790.636842
1720110,IT,PL,LEAD1,PREC1,0.06,36247.248,4,4,36247.245,0.0,0.0,0.0,0.003,604120.8
1764195,IT,MX,MACHI,MEATC,0.2,36246.824,4,4,36246.821,0.0,0.0,0.0,0.003,181234.12
1687736,IT,HU,SUPPO,FABRI,0.26,36245.834,4,4,36245.832,0.0,0.0,0.0,0.002,139407.053846
1723977,IT,PT,SALEM,RETA1,0.29,36244.076,4,4,36244.074,0.0,0.0,0.0,0.002,124979.572414
1714026,IT,MT,HOTEL,FOOD5,0.26,36243.002,4,4,36242.999,0.0,0.0,0.0,0.003,139396.161538
1684767,IT,HU,OILSE,BUSIN,0.03,36242.589,4,4,36242.587,0.0,0.0,0.0,0.002,1208086.3
1773499,IT,CH,MOTO1,RAWMI,0.19,36240.375,4,4,36240.373,0.0,0.0,0.0,0.002,190738.815789
1651798,IT,CY,TRANS,SEACO,0.22,36240.237,4,4,36240.235,0.0,0.0,0.0,0.002,164728.35
1768885,IT,AU,WOODW,PULP5,0.1,36238.336,4,4,36238.334,0.0,0.0,0.0,0.002,362383.36
1806672,IT,WF,WHOLE,MEATA,0.31,36236.662,4,4,36236.66,0.0,0.0,0.0,0.002,116892.458065
1674509,IT,FR,RUBBE,FORES,0.12,36232.654,4,4,36232.651,0.0,0.0,0.0,0.003,301938.783333
1667104,IT,ES,NONME,FOOD4,0.07,36232.497,4,4,36232.493,0.0,0.0,0.0,0.004,517607.1
1772353,IT,CH,CHEM1,CEREA,0.08,36230.152,4,4,36230.148,0.0,0.0,0.0,0.004,452876.9
1808319,IT,WF,FOOD3,CATTL,0.1,36229.876,4,4,36229.874,0.0,0.0,0.0,0.002,362298.76
1645009,IT,BE,PULP5,PRINT,0.11,36228.097,4,4,36228.094,0.0,0.0,0.0,0.003,329346.336364
1761678,IT,IN,FABRI,SALEM,0.15,36227.646,4,4,36227.643,0.0,0.0,0.0,0.003,241517.64
1734782,IT,SK,WOODW,MACHI,0.1,36225.589,4,4,36225.587,0.0,0.0,0.0,0.002,362255.89
1814460,IT,WM,COMPU,WHOLE,0.41,36225.459,4,4,36225.457,0.0,0.0,0.0,0.002,88354.778049
1729851,IT,SE,MOTO1,FURNI,0.19,36224.036,4,4,36224.034,0.0,0.0,0.0,0.002,190652.821053
1677178,IT,FR,POSTT,FABRI,0.6,36223.937,4,4,36223.934,0.0,0.0,0.0,0.003,60373.228333
1778426,IT,TR,WHOLE,PAPER,0.31,36223.434,4,4,36223.432,0.0,0.0,0.0,0.002,116849.787097
1722265,IT,PL,RECRE,BUSIN,0.46,36221.759,4,4,36221.756,0.0,0.0,0.0,0.003,78742.954348
1709926,IT,LT,BASIC,BASIC,0.04,36221.352,4,4,36221.35,0.0,0.0,0.0,0.002,905533.8
1803370,IT,WF,CHEMI,LEADZ,0.09,36220.746,5,5,36218.743,0.0,0.0,2.0,0.003,402452.733333
1753389,IT,CA,COPP1,CHEM1,0.09,36220.155,4,4,36220.153,0.0,0.0,0.0,0.002,402446.166667
1684209,IT,HR,TRAN2,FOOD5,0.06,36218.164,3,3,36218.164,0.0,0.0,0.0,0.0,603636.066667
1772713,IT,CH,CERAM,BUSIN,0.06,36218.154,4,4,36218.152,0.0,0.0,0.0,0.002,603635.9
1796884,IT,WL,SEACO,RAILW,0.04,36217.162,3,3,36217.162,0.0,0.0,0.0,0.0,905429.05
1712223,IT,LV,PAPER,CEMEN,0.14,36216.772,4,4,36216.768,0.0,0.0,0.0,0.004,258691.228571
1662506,IT,DK,COPP1,CHEM1,0.09,36215.651,4,4,36215.649,0.0,0.0,0.0,0.002,402396.122222
1716834,IT,NL,HOTEL,BEVER,0.26,36215.513,4,4,36215.51,0.0,0.0,0.0,0.003,139290.434615
1749517,IT,CN,PETRO,ELEC4,0.06,36214.686,4,4,36214.683,0.0,0.0,0.0,0.003,603578.1
1811968,IT,WM,GLASS,TEXTI,0.1,36214.122,4,4,36214.12,0.0,0.0,0.0,0.002,362141.22
1748820,IT,CN,TEXTI,ELEC4,0.21,36213.767,4,4,36213.762,0.0,0.0,0.0,0.005,172446.509524
1656496,IT,DE,PAPER,GASDI,0.14,36213.155,4,4,36213.151,0.0,0.0,0.0,0.004,258665.392857
1661401,IT,DK,VEGE1,SUGA1,0.11,36211.405,4,4,36211.397,0.0,0.0,0.0,0.008,329194.590909
1777494,IT,TR,BASIC,BRICK,0.04,36210.635,4,4,36210.633,0.0,0.0,0.0,0.002,905265.875
1735133,IT,SK,ADDIT,MOTOR,0.08,36207.346,4,4,36207.343,0.0,0.0,0.0,0.003,452591.825
1663908,IT,EE,LEATH,MOTO1,0.26,36206.039,4,4,36206.033,0.0,0.0,0.0,0.006,139253.996154
1734679,IT,SK,LEATH,ANIMA,0.26,36201.288,4,4,36201.282,0.0,0.0,0.0,0.006,139235.723077
1685649,IT,HU,KEROS,RESEA,0.05,36196.936,4,4,36196.933,0.0,0.0,0.0,0.003,723938.72
1757700,IT,BR,HEAVY,INLAN,0.06,36195.796,4,4,36195.793,0.0,0.0,0.0,0.003,603263.266667
1731489,IT,SI,BEVER,REALE,0.15,36194.85,4,4,36194.848,0.0,0.0,0.0,0.002,241299.0
1794237,IT,WL,PRINT,MEMBE,0.35,36194.118,4,4,36194.115,0.0,0.0,0.0,0.003,103411.765714
1680970,IT,GR,INLAN,NAPHT,0.06,36193.374,4,4,36193.372,0.0,0.0,0.0,0.002,603222.9
1677201,IT,FR,POSTT,LANDT,0.6,36191.49,4,4,36191.487,0.0,0.0,0.0,0.003,60319.15
1668123,IT,ES,CONST,REALE,0.2,36190.57,4,4,36190.568,0.0,0.0,0.0,0.002,180952.85
1679510,IT,GR,CHEM1,FINAN,0.08,36189.871,4,4,36189.867,0.0,0.0,0.0,0.004,452373.3875
1667291,IT,ES,ALUM1,LEAD1,0.06,36187.336,4,4,36187.333,0.0,0.0,0.0,0.003,603122.266667
1771465,IT,CH,BEVER,OFFIC,0.15,36186.009,4,4,36186.007,0.0,0.0,0.0,0.002,241240.06
1746849,IT,JP,MACHI,AUXIL,0.2,36185.783,4,4,36185.78,0.0,0.0,0.0,0.003,180928.915
1728712,IT,SE,MOTOR,SALEM,0.05,36182.75,4,4,36182.747,0.0,0.0,0.0,0.003,723655.0
1741096,IT,US,TEXTI,SEWAG,0.21,36181.137,4,4,36181.132,0.0,0.0,0.0,0.005,172291.128571
1651473,IT,CY,HEAVY,MEAT1,0.06,36177.97,4,4,36177.967,0.0,0.0,0.0,0.003,602966.166667
1709712,IT,LT,CHEM1,PULP5,0.08,36175.715,4,4,36175.711,0.0,0.0,0.0,0.004,452196.4375
1716923,IT,NL,HOTEL,93197,0.26,36174.451,4,4,36174.448,0.0,0.0,0.0,0.003,139132.503846
1649542,IT,BG,RUBBE,BASIC,0.12,36173.713,4,4,36173.71,0.0,0.0,0.0,0.003,301447.608333
1640967,IT,AT,WOODW,COPP1,0.1,36172.488,4,4,36172.486,0.0,0.0,0.0,0.002,361724.88
1778220,IT,TR,FURNI,COLLE,0.12,36171.304,4,4,36171.301,0.0,0.0,0.0,0.003,301427.533333
1756778,IT,KR,AIRTR,COKE1,0.04,36170.653,3,3,36170.653,0.0,0.0,0.0,0.0,904266.325
1738130,IT,GB,GLASS,LEATH,0.1,36170.635,4,4,36170.633,0.0,0.0,0.0,0.002,361706.35
1728807,IT,SE,NAPHT,RESEA,0.06,36168.709,4,4,36168.706,0.0,0.0,0.0,0.003,602811.816667
1738262,IT,GB,NONME,WOODW,0.07,36168.676,4,4,36168.672,0.0,0.0,0.0,0.004,516695.371429
1725791,IT,RO,PRINT,SUPPO,0.35,36167.904,4,4,36167.901,0.0,0.0,0.0,0.003,103336.868571
1754799,IT,KR,FOOD5,CHEM1,0.17,36166.192,4,4,36166.189,0.0,0.0,0.0,0.003,212742.305882
1729210,IT,SE,CERAM,FABRI,0.06,36164.723,4,4,36164.721,0.0,0.0,0.0,0.002,602745.383333
1684302,IT,HR,AIRTR,PUBLI,0.04,36164.305,3,3,36164.305,0.0,0.0,0.0,0.0,904107.625
1650544,IT,BG,ELEC7,BIODI,0.02,36161.883,3,3,36161.883,0.0,0.0,0.0,0.0,1808094.15
1719227,IT,PL,CHEM1,COPPE,0.08,36160.507,4,4,36160.503,0.0,0.0,0.0,0.004,452006.3375
1653223,IT,CZ,RUBBE,LEATH,0.12,36159.064,4,4,36159.061,0.0,0.0,0.0,0.003,301325.533333
1737158,IT,GB,VEGE1,LANDT,0.11,36154.687,4,4,36154.679,0.0,0.0,0.0,0.008,328678.972727
1776309,IT,TR,PAPER,CEMEN,0.14,36153.783,4,4,36153.779,0.0,0.0,0.0,0.004,258241.307143
1717587,IT,NL,COMPU,POSTT,0.41,36153.358,4,4,36153.356,0.0,0.0,0.0,0.002,88178.921951
1723596,IT,PT,FABRI,PREC1,0.15,36153.225,4,4,36153.222,0.0,0.0,0.0,0.003,241021.5
1808873,IT,WF,PRIVA,CHARC,8.07,36152.331,4,4,36152.325,0.0,0.0,0.0,0.006,4479.842751
1671490,IT,FI,MACHI,PLAST,0.2,36151.322,4,4,36151.319,0.0,0.0,0.0,0.003,180756.61
1757925,IT,BR,CHEM1,RENTI,0.08,36150.825,4,4,36150.821,0.0,0.0,0.0,0.004,451885.3125
1756284,IT,KR,MOTO1,TEXTI,0.19,36150.461,4,4,36150.459,0.0,0.0,0.0,0.002,190265.584211
1661547,IT,DK,BEVER,MEAT1,0.15,36149.541,4,4,36149.539,0.0,0.0,0.0,0.002,240996.94
1710236,IT,LT,OFFIC,BUSIN,0.11,36147.783,4,4,36147.78,0.0,0.0,0.0,0.003,328616.209091
1776434,IT,TR,MOTOR,CROPS,0.05,36147.61,4,4,36147.607,0.0,0.0,0.0,0.003,722952.2
1763984,IT,MX,ALUM1,PAPER,0.06,36147.298,4,4,36147.295,0.0,0.0,0.0,0.003,602454.966667
1641034,IT,AT,PULP5,SUPPO,0.11,36146.512,4,4,36146.509,0.0,0.0,0.0,0.003,328604.654545
1766530,IT,RU,COPP1,LUBRI,0.09,36146.12,4,4,36146.118,0.0,0.0,0.0,0.002,401623.555556
1782770,IT,NO,HOTEL,WOODW,0.26,36145.804,4,4,36145.801,0.0,0.0,0.0,0.003,139022.323077
1752582,IT,CA,FISH5,SUGA1,0.15,36145.359,4,4,36145.34,0.0,0.0,0.0,0.019,240969.06
1671126,IT,FI,GLASS,BASIC,0.1,36142.15,4,4,36142.148,0.0,0.0,0.0,0.002,361421.5
1662007,IT,DK,PLAST,WOODW,0.08,36142.003,4,4,36141.999,0.0,0.0,0.0,0.004,451775.0375
1767064,IT,RU,FURNI,PAPER,0.12,36141.911,4,4,36141.908,0.0,0.0,0.0,0.003,301182.591667
1655179,IT,CZ,BUSIN,RETAI,0.37,36140.915,4,4,36140.913,0.0,0.0,0.0,0.002,97678.148649
1779938,IT,TW,CONST,FABRI,0.2,36140.678,4,4,36140.676,0.0,0.0,0.0,0.002,180703.39
1709417,IT,LT,BEVER,HEALT,0.15,36139.5,4,4,36139.498,0.0,0.0,0.0,0.002,240930.0
1666909,IT,ES,GLASS,AIRTR,0.1,36139.208,4,4,36139.206,0.0,0.0,0.0,0.002,361392.08
1769596,IT,AU,FABRI,PLANT,0.15,36137.722,4,4,36137.719,0.0,0.0,0.0,0.003,240918.146667
1726253,IT,RO,BASIC,RAWMI,0.04,36137.104,4,4,36137.102,0.0,0.0,0.0,0.002,903427.6
1657016,IT,DE,NAPHT,ADDIT,0.06,36135.974,4,4,36135.971,0.0,0.0,0.0,0.003,602266.233333
1678977,IT,GR,WEARI,BUSIN,0.27,36133.72,4,4,36133.713,0.0,0.0,0.0,0.007,133828.592593
1679303,IT,GR,HEAVY,WHOLE,0.06,36132.793,4,4,36132.79,0.0,0.0,0.0,0.003,602213.216667
1745352,IT,JP,VEGE1,GLASS,0.11,36132.65,4,4,36132.642,0.0,0.0,0.0,0.008,328478.636364
1674167,IT,FR,LIQUE,SUGAR,0.06,36131.176,4,4,36131.173,0.0,0.0,0.0,0.003,602186.266667
1794593,IT,WL,HEAVY,OFFIC,0.06,36123.803,4,4,36123.8,0.0,0.0,0.0,0.003,602063.383333
1782932,IT,NO,AIRTR,MOTOR,0.04,36122.526,3,3,36122.526,0.0,0.0,0.0,0.0,903063.15
1648492,IT,BG,OILSE,CHEM1,0.03,36122.323,4,4,36122.321,0.0,0.0,0.0,0.002,1204077.433333
1668556,IT,ES,HOTEL,COLLE,0.26,36120.393,4,4,36120.39,0.0,0.0,0.0,0.003,138924.588462
1667184,IT,ES,BASIC,AUXIL,0.04,36118.7,4,4,36118.698,0.0,0.0,0.0,0.002,902967.5
1736810,IT,SK,COMPU,POSTT,0.41,36118.292,4,4,36118.29,0.0,0.0,0.0,0.002,88093.395122
1729328,IT,SE,NONME,LANDT,0.07,36115.532,4,4,36115.528,0.0,0.0,0.0,0.004,515936.171429
1648682,IT,BG,SUGA1,WHOLE,0.09,36113.359,4,4,36113.353,0.0,0.0,0.0,0.006,401259.544444
1784333,IT,ID,RUBBE,FISH5,0.12,36112.135,4,4,36112.132,0.0,0.0,0.0,0.003,300934.458333
1758735,IT,BR,WHOLE,LIQUI,0.31,36111.65,4,4,36111.648,0.0,0.0,0.0,0.002,116489.193548
1713734,IT,MT,MACHI,REALE,0.2,36111.221,4,4,36111.218,0.0,0.0,0.0,0.003,180556.105
1651471,IT,CY,HEAVY,RAWMI,0.06,36106.728,4,4,36106.725,0.0,0.0,0.0,0.003,601778.8
1727061,IT,RO,RAILW,LANDT,0.24,36105.417,4,4,36105.415,0.0,0.0,0.0,0.002,150439.2375
1724098,IT,PT,WHOLE,EDUCA,0.31,36103.174,4,4,36103.172,0.0,0.0,0.0,0.002,116461.851613
1813990,IT,WM,SEACO,ETHAN,0.04,36100.378,3,3,36100.378,0.0,0.0,0.0,0.0,902509.45
1790449,IT,WA,LEAD1,93197,0.06,36098.623,4,4,36098.62,0.0,0.0,0.0,0.003,601643.716667
1733966,IT,SI,SUPPO,WHOLE,0.26,36098.236,4,4,36098.234,0.0,0.0,0.0,0.002,138839.369231
1656973,IT,DE,LIQUE,COLLE,0.06,36097.674,4,4,36097.671,0.0,0.0,0.0,0.003,601627.9
1709682,IT,LT,PLAST,MOTO1,0.08,36097.467,4,4,36097.463,0.0,0.0,0.0,0.004,451218.3375
1724451,IT,PT,AIRTR,RESEA,0.04,36091.558,3,3,36091.558,0.0,0.0,0.0,0.0,902288.95
1689196,IT,IE,RETAI,CHEM1,0.28,36091.109,4,4,36091.107,0.0,0.0,0.0,0.002,128896.817857
1712772,IT,LV,LANDT,RETA1,0.23,36090.629,4,4,36090.627,0.0,0.0,0.0,0.002,156915.778261
1798860,IT,WE,BEVER,FISHF,0.15,36090.345,4,4,36090.343,0.0,0.0,0.0,0.002,240602.3
1783823,IT,NO,INERT,PAPE1,0.26,36089.328,4,4,36089.326,0.0,0.0,0.0,0.002,138805.107692
1723219,IT,PT,RUBBE,TRAN2,0.12,36083.984,4,4,36083.981,0.0,0.0,0.0,0.003,300699.866667
1768685,IT,AU,TEXTI,SALEM,0.21,36081.418,4,4,36081.413,0.0,0.0,0.0,0.005,171816.27619
1772626,IT,CH,GLASS,PLAST,0.1,36079.199,4,4,36079.197,0.0,0.0,0.0,0.002,360791.99
1800350,IT,WE,CHEM1,TOBAC,0.08,36079.04,4,4,36079.036,0.0,0.0,0.0,0.004,450988.0
1809742,IT,WM,FOOD5,PLANT,0.17,36077.232,4,4,36077.229,0.0,0.0,0.0,0.003,212219.011765
1683495,IT,HR,PREC1,SUPPO,0.06,36076.776,4,4,36076.774,0.0,0.0,0.0,0.002,601279.6
1807897,IT,WF,PAPE1,93197,0.25,36076.366,4,4,36076.364,0.0,0.0,0.0,0.002,144305.464
1760652,IT,IN,PULP5,MEMBE,0.11,36072.581,4,4,36072.578,0.0,0.0,0.0,0.003,327932.554545
1811404,IT,WM,PLAST,STONE,0.08,36070.846,4,4,36070.842,0.0,0.0,0.0,0.004,450885.575
1771645,IT,CH,WEARI,HEAVY,0.27,36066.62,4,4,36066.613,0.0,0.0,0.0,0.007,133580.074074
1800940,IT,WE,ALUM1,POULT,0.06,36066.077,4,4,36066.074,0.0,0.0,0.0,0.003,601101.283333
1800825,IT,WE,BASIC,GLASS,0.04,36065.83,4,4,36065.828,0.0,0.0,0.0,0.002,901645.75
1813451,IT,WM,CONST,POSTT,0.2,36063.888,4,4,36063.886,0.0,0.0,0.0,0.002,180319.44
1723432,IT,PT,PREC1,WOODW,0.06,36061.545,4,4,36061.543,0.0,0.0,0.0,0.002,601025.75
1689570,IT,IE,AIRTR,HEAVY,0.04,36060.865,3,3,36060.865,0.0,0.0,0.0,0.0,901521.625
1774439,IT,CH,RAILW,BUSIN,0.24,36060.611,4,4,36060.609,0.0,0.0,0.0,0.002,150252.545833
1668734,IT,ES,LANDT,CERAM,0.23,36055.852,4,4,36055.85,0.0,0.0,0.0,0.002,156764.573913
1716062,IT,NL,BASIC,RAWMI,0.04,36055.547,4,4,36055.545,0.0,0.0,0.0,0.002,901388.675
1656966,IT,DE,LIQUE,ELEC6,0.06,36054.991,4,4,36054.988,0.0,0.0,0.0,0.003,600916.516667
1793529,IT,WL,MEATP,HOTEL,0.15,36054.181,4,4,36054.177,0.0,0.0,0.0,0.004,240361.206667
1681881,IT,HR,DAIRY,STONE,0.15,36053.62,4,4,36053.618,0.0,0.0,0.0,0.002,240357.466667
1715148,IT,NL,LEATH,HOTEL,0.26,36050.352,4,4,36050.346,0.0,0.0,0.0,0.006,138655.2
1789268,IT,WA,PLAST,PAPE4,0.08,36050.266,4,4,36050.262,0.0,0.0,0.0,0.004,450628.325
1730424,IT,SE,POSTT,PREC1,0.59,36050.252,4,4,36050.249,0.0,0.0,0.0,0.003,61102.122034
1776173,IT,TR,LEATH,RENTI,0.26,36047.079,4,4,36047.073,0.0,0.0,0.0,0.006,138642.611538
1767292,IT,RU,HOTEL,ELEC2,0.26,36046.923,4,4,36046.92,0.0,0.0,0.0,0.003,138642.011538
1684281,IT,HR,AIRTR,FABRI,0.04,36042.741,3,3,36042.741,0.0,0.0,0.0,0.0,901068.525
1770886,IT,AU,BUSIN,SUPPO,0.37,36041.107,4,4,36041.105,0.0,0.0,0.0,0.002,97408.397297
1773074,IT,CH,ALUM1,COMPU,0.06,36039.997,4,4,36039.994,0.0,0.0,0.0,0.003,600666.616667
1719324,IT,PL,CHEM1,OILHA,0.08,36039.526,4,4,36039.522,0.0,0.0,0.0,0.004,450494.075
1789663,IT,WA,RUBBE,FOUND,0.12,36037.86,4,4,36037.857,0.0,0.0,0.0,0.003,300315.5
1661773,IT,DK,LEATH,SEACO,0.26,36035.304,4,4,36035.298,0.0,0.0,0.0,0.006,138597.323077
1657716,IT,DE,CEMEN,PLAST,0.06,36032.35,4,4,36032.348,0.0,0.0,0.0,0.002,600539.166667
1666060,IT,ES,KERO1,PLAST,0.05,36032.096,4,4,36032.093,0.0,0.0,0.0,0.003,720641.92
1780570,IT,TW,FINAN,REALE,0.47,36031.992,3,3,36031.992,0.0,0.0,0.0,0.0,76663.812766
1642983,IT,AT,ELEC7,DIST1,0.02,36030.513,3,3,36030.513,0.0,0.0,0.0,0.0,1801525.65
1788636,IT,WA,PRINT,OFFIC,0.35,36029.697,4,4,36029.694,0.0,0.0,0.0,0.003,102941.991429
1810322,IT,WM,WOODW,PROCE,0.1,36029.476,4,4,36029.474,0.0,0.0,0.0,0.002,360294.76
1682723,IT,HR,GASDI,RADIO,0.05,36028.821,4,4,36028.818,0.0,0.0,0.0,0.003,720576.42
1796181,IT,WL,FURNI,MOTOR,0.12,36027.614,4,4,36027.611,0.0,0.0,0.0,0.003,300230.116667
1720795,IT,PL,FURNI,COPPE,0.12,36026.043,4,4,36026.04,0.0,0.0,0.0,0.003,300217.025
1741935,IT,US,CHEM1,ELEC3,0.08,36025.838,4,4,36025.834,0.0,0.0,0.0,0.004,450322.975
1770558,IT,AU,SUPPO,AIRTR,0.26,36025.395,4,4,36025.393,0.0,0.0,0.0,0.002,138559.211538
1713369,IT,MT,GASDI,RECRE,0.05,36025.207,4,4,36025.204,0.0,0.0,0.0,0.003,720504.14
1805239,IT,WF,CHEM1,ELEC6,0.08,36022.204,4,4,36022.2,0.0,0.0,0.0,0.004,450277.55
1798076,IT,WL,RECRE,POSTT,0.46,36020.661,4,4,36020.658,0.0,0.0,0.0,0.003,78305.784783
1644151,IT,AT,PAPE4,BASIC,0.24,36020.052,4,4,36020.05,0.0,0.0,0.0,0.002,150083.55
1810539,IT,WM,PAPER,LEAD1,0.14,36019.222,4,4,36019.218,0.0,0.0,0.0,0.004,257280.157143
1728398,IT,SE,TEXTI,EDUCA,0.21,36017.673,4,4,36017.668,0.0,0.0,0.0,0.005,171512.728571
1789986,IT,WA,NONME,TEXTI,0.07,36016.504,4,4,36016.5,0.0,0.0,0.0,0.004,514521.485714
1812928,IT,WM,MACHI,NONFE,0.2,36016.499,4,4,36016.496,0.0,0.0,0.0,0.003,180082.495
1791180,IT,WA,FURNI,MEATP,0.11,36016.261,4,4,36016.258,0.0,0.0,0.0,0.003,327420.554545
1808413,IT,WF,WASTE,93197,0.11,36014.896,4,4,36014.894,0.0,0.0,0.0,0.002,327408.145455
1782128,IT,NO,CERAM,EDUCA,0.06,36011.895,4,4,36011.893,0.0,0.0,0.0,0.002,600198.25
1757990,IT,BR,RUBBE,TOBAC,0.12,36011.708,4,4,36011.705,0.0,0.0,0.0,0.003,300097.566667
1781386,IT,NO,PROCE,DAIRY,0.24,36011.694,4,4,36011.692,0.0,0.0,0.0,0.002,150048.725
1648258,IT,BE,BUSIN,TEXT1,0.37,36009.452,4,4,36009.45,0.0,0.0,0.0,0.002,97322.843243
1716459,IT,NL,OFFIC,WOODW,0.11,36009.088,4,4,36009.085,0.0,0.0,0.0,0.003,327355.345455
1666221,IT,ES,HEAVY,PARAF,0.06,36008.588,4,4,36008.585,0.0,0.0,0.0,0.003,600143.133333
1731735,IT,SI,PULP5,FURNI,0.11,36008.178,4,4,36008.175,0.0,0.0,0.0,0.003,327347.072727
1679002,IT,GR,LEATH,HEALT,0.26,36006.307,4,4,36006.301,0.0,0.0,0.0,0.006,138485.796154
1811099,IT,WM,HEAVY,AUXIL,0.06,36006.195,4,4,36006.192,0.0,0.0,0.0,0.003,600103.25
1801163,IT,WE,FABRI,STONE,0.15,36004.029,4,4,36004.026,0.0,0.0,0.0,0.003,240026.86
1765814,IT,RU,GASDI,FISH5,0.05,36003.218,4,4,36003.215,0.0,0.0,0.0,0.003,720064.36
1741394,IT,US,PRINT,RENTI,0.35,36001.878,4,4,36001.875,0.0,0.0,0.0,0.003,102862.508571
1784055,IT,ID,TEXTI,PUBLI,0.21,36001.519,4,4,36001.514,0.0,0.0,0.0,0.005,171435.804762
1774824,IT,CH,POSTT,SEACO,0.59,35996.038,4,4,35996.035,0.0,0.0,0.0,0.003,61010.233898
1675050,IT,FR,ALUM1,HEAVY,0.06,35995.642,4,4,35995.639,0.0,0.0,0.0,0.003,599927.366667
1812361,IT,WM,BASIC,COKE1,0.04,35995.279,4,4,35995.277,0.0,0.0,0.0,0.002,899881.975
1757114,IT,BR,VEGET,PLAST,0.13,35993.381,3,3,35993.381,0.0,0.0,0.0,0.0,276872.161538
1764827,IT,MX,SEACO,NONME,0.04,35988.476,3,3,35988.476,0.0,0.0,0.0,0.0,899711.9
1645502,IT,BE,PLAST,HEAVY,0.08,35979.543,4,4,35979.539,0.0,0.0,0.0,0.004,449744.2875
1784600,IT,ID,MACHI,LEAD1,0.2,35976.286,4,4,35976.283,0.0,0.0,0.0,0.003,179881.43
1764352,IT,MX,MOTO1,CRUDE,0.19,35976.054,4,4,35976.052,0.0,0.0,0.0,0.002,189347.652632
1682632,IT,HR,KEROS,COPP1,0.05,35974.094,4,4,35974.091,0.0,0.0,0.0,0.003,719481.88
1766107,IT,RU,RUBBE,GASDI,0.12,35972.619,4,4,35972.616,0.0,0.0,0.0,0.003,299771.825
1645196,IT,BE,PRINT,HEALT,0.35,35972.282,4,4,35972.279,0.0,0.0,0.0,0.003,102777.948571
1788842,IT,WA,GASDI,MEATP,0.05,35970.22,4,4,35970.217,0.0,0.0,0.0,0.003,719404.4
1777445,IT,TR,NONME,DIST1,0.07,35968.448,4,4,35968.444,0.0,0.0,0.0,0.004,513834.971429
1806567,IT,WF,CONST,NATUR,0.2,35967.194,4,4,35967.192,0.0,0.0,0.0,0.002,179835.97
1661276,IT,DK,OILSE,BEVER,0.03,35967.022,4,4,35967.02,0.0,0.0,0.0,0.002,1198900.733333
1715859,IT,NL,RUBBE,DISTR,0.12,35966.889,4,4,35966.886,0.0,0.0,0.0,0.003,299724.075
1782795,IT,NO,HOTEL,NONF1,0.26,35965.283,4,4,35965.28,0.0,0.0,0.0,0.003,138328.011538
1760571,IT,IN,WOODW,CEREA,0.1,35963.604,4,4,35963.602,0.0,0.0,0.0,0.002,359636.04
1667970,IT,ES,TRANS,BASIC,0.21,35960.944,4,4,35960.942,0.0,0.0,0.0,0.002,171242.590476
1649191,IT,BG,PRINT,POSTT,0.35,35958.227,4,4,35958.224,0.0,0.0,0.0,0.003,102737.791429
1729151,IT,SE,GLASS,ELECT,0.1,35957.675,4,4,35957.673,0.0,0.0,0.0,0.002,359576.75
1742738,IT,US,FABRI,PULP5,0.15,35957.631,4,4,35957.628,0.0,0.0,0.0,0.003,239717.54
1675781,IT,FR,FURNI,TRAN2,0.11,35957.589,4,4,35957.586,0.0,0.0,0.0,0.003,326887.172727
1728562,IT,SE,PAPER,CHEM1,0.14,35957.395,4,4,35957.391,0.0,0.0,0.0,0.004,256838.535714
1760340,IT,IN,SANDC,CERAM,0.08,35957.145,4,4,35949.145,0.0,0.0,8.0,0.0,449464.3125
1675490,IT,FR,OFFIC,BASIC,0.11,35953.051,4,4,35953.048,0.0,0.0,0.0,0.003,326845.918182
1738411,IT,GB,ALUM1,WOODW,0.06,35951.125,4,4,35951.122,0.0,0.0,0.0,0.003,599185.416667
1790290,IT,WA,ALUM1,SANDC,0.06,35950.643,4,4,35950.64,0.0,0.0,0.0,0.003,599177.383333
1734988,IT,SK,NONSP,PLAST,0.05,35950.369,4,4,35950.367,0.0,0.0,0.0,0.002,719007.38
1715909,IT,NL,GLASS,MEATP,0.1,35947.449,4,4,35947.447,0.0,0.0,0.0,0.002,359474.49
1684280,IT,HR,AIRTR,CEMEN,0.04,35945.996,3,3,35945.996,0.0,0.0,0.0,0.0,898649.9
1713068,IT,MT,VEGE1,REALE,0.11,35945.612,4,4,35945.604,0.0,0.0,0.0,0.008,326778.290909
1664277,IT,EE,BASIC,RENTI,0.04,35940.6,4,4,35940.598,0.0,0.0,0.0,0.002,898515.0
1681025,IT,GR,AIRTR,FURNI,0.04,35935.41,3,3,35935.41,0.0,0.0,0.0,0.0,898385.25
1809771,IT,WM,FOOD5,TOBAC,0.17,35935.328,4,4,35935.325,0.0,0.0,0.0,0.003,211384.282353
1668890,IT,ES,SEACO,FOUND,0.04,35935.293,3,3,35935.293,0.0,0.0,0.0,0.0,898382.325
1810708,IT,WM,MOTOR,PREC1,0.05,35934.91,4,4,35934.907,0.0,0.0,0.0,0.003,718698.2
1726308,IT,RO,PREC1,CERAM,0.06,35931.423,4,4,35931.421,0.0,0.0,0.0,0.002,598857.05
1754883,IT,KR,FISH5,EDUCA,0.15,35931.036,4,4,35931.018,0.0,0.0,0.0,0.018,239540.24
1722988,IT,PT,BITU1,HEAVY,0.06,35930.027,4,4,35930.024,0.0,0.0,0.0,0.003,598833.783333
1750825,IT,CN,FURNI,BIOGA,0.11,35928.522,4,4,35928.519,0.0,0.0,0.0,0.003,326622.927273
1666203,IT,ES,HEAVY,WEARI,0.06,35926.179,4,4,35926.176,0.0,0.0,0.0,0.003,598769.65
1688822,IT,IE,CEMEN,CEMEN,0.06,35925.672,4,4,35925.67,0.0,0.0,0.0,0.002,598761.2
1658274,IT,DE,COPP1,GLASS,0.09,35924.913,4,4,35924.911,0.0,0.0,0.0,0.002,399165.7
1642499,IT,AT,LEAD1,SALEM,0.06,35923.363,4,4,35923.36,0.0,0.0,0.0,0.003,598722.716667
1655127,IT,CZ,BUSIN,FOOD5,0.37,35922.615,4,4,35922.613,0.0,0.0,0.0,0.002,97088.148649
1643427,IT,AT,LANDT,BITU1,0.23,35918.876,4,4,35918.874,0.0,0.0,0.0,0.002,156169.026087
1679655,IT,GR,GLASS,MOTO1,0.1,35917.34,4,4,35917.338,0.0,0.0,0.0,0.002,359173.4
1786311,IT,ZA,FABRI,SUPPO,0.15,35916.723,4,4,35916.72,0.0,0.0,0.0,0.003,239444.82
1655261,IT,DE,WHEAT,CATTL,0.03,35915.764,3,3,35915.764,0.0,0.0,0.0,0.0,1197192.133333
1718769,IT,PL,PAPER,BITUM,0.14,35915.319,4,4,35915.315,0.0,0.0,0.0,0.004,256537.992857
1808354,IT,WF,FOOD3,FINAN,0.1,35914.228,4,4,35914.226,0.0,0.0,0.0,0.002,359142.28
1739185,IT,GB,RETA1,NONME,0.38,35914.227,4,4,35914.225,0.0,0.0,0.0,0.002,94511.123684
1769247,IT,AU,RUBBE,TEXTI,0.12,35914.088,4,4,35914.085,0.0,0.0,0.0,0.003,299284.066667
1742433,IT,US,NONME,93197,0.07,35912.022,4,4,35912.018,0.0,0.0,0.0,0.004,513028.885714
1765606,IT,RU,WOODW,CHEM1,0.1,35909.972,4,4,35909.97,0.0,0.0,0.0,0.002,359099.72
1799405,IT,WE,PAPER,SUGAR,0.14,35908.73,4,4,35908.726,0.0,0.0,0.0,0.004,256490.928571
1762721,IT,IN,BUSIN,NAPHT,0.37,35908.157,4,4,35908.155,0.0,0.0,0.0,0.002,97049.072973
1713305,IT,MT,MOTOR,INLAN,0.05,35907.594,4,4,35907.591,0.0,0.0,0.0,0.003,718151.88
1795611,IT,WL,FABRI,COKIN,0.15,35907.041,4,4,35907.038,0.0,0.0,0.0,0.003,239380.273333
1777678,IT,TR,COPP1,WOODW,0.09,35905.174,4,4,35905.172,0.0,0.0,0.0,0.002,398946.377778
1805148,IT,WF,PFERT,HOTEL,0.02,35904.424,4,4,35904.418,0.0,0.0,0.0,0.006,1795221.2
1725256,IT,RO,FOOD5,SUPPO,0.17,35904.303,4,4,35904.3,0.0,0.0,0.0,0.003,211201.782353
1793690,IT,WL,FOOD5,SUGA1,0.17,35903.711,4,4,35903.708,0.0,0.0,0.0,0.003,211198.3
1676584,IT,FR,HOTEL,BRICK,0.26,35903.162,4,4,35903.159,0.0,0.0,0.0,0.003,138089.084615
1729627,IT,SE,FABRI,TEXTI,0.15,35899.295,4,4,35899.292,0.0,0.0,0.0,0.003,239328.633333
1743398,IT,US,SALEM,AUXIL,0.29,35899.222,4,4,35899.22,0.0,0.0,0.0,0.002,123790.42069
1641895,IT,AT,BIODI,FABRI,0.07,35898.629,4,4,35898.625,0.0,0.0,0.0,0.004,512837.557143
1742242,IT,US,CERAM,ELEC2,0.06,35897.23,4,4,35897.228,0.0,0.0,0.0,0.002,598287.166667
1641548,IT,AT,HEAVY,DIST1,0.06,35894.078,4,4,35894.075,0.0,0.0,0.0,0.003,598234.633333
1738229,IT,GB,CEMEN,TEXTI,0.06,35892.756,4,4,35892.754,0.0,0.0,0.0,0.002,598212.6
1665302,IT,ES,BEVER,POSTT,0.15,35889.559,4,4,35889.557,0.0,0.0,0.0,0.002,239263.726667
1810519,IT,WM,PAPER,ETHAN,0.14,35889.24,4,4,35889.236,0.0,0.0,0.0,0.004,256351.714286
1645475,IT,BE,NONSP,SANDC,0.05,35887.553,4,4,35887.551,0.0,0.0,0.0,0.002,717751.06
1665968,IT,ES,MOTOR,CEMEN,0.05,35887.281,4,4,35887.278,0.0,0.0,0.0,0.003,717745.62
1753657,IT,CA,MOTO1,COKIN,0.19,35885.906,4,4,35885.904,0.0,0.0,0.0,0.002,188873.189474
1779291,IT,TR,FINAN,HEALT,0.47,35883.816,3,3,35883.816,0.0,0.0,0.0,0.0,76348.544681
1792384,IT,WA,INSUR,FORES,0.74,35882.829,4,4,35882.827,0.0,0.0,0.0,0.002,48490.309459
1786098,IT,ZA,NONME,MEDIC,0.07,35882.505,4,4,35882.501,0.0,0.0,0.0,0.004,512607.214286
1676827,IT,FR,LANDT,BLAST,0.23,35881.731,4,4,35881.729,0.0,0.0,0.0,0.002,156007.526087
1722942,IT,PT,GASDI,BUSIN,0.05,35879.542,4,4,35879.539,0.0,0.0,0.0,0.003,717590.84
1779503,IT,TR,RENTI,ELEC5,0.21,35877.82,4,4,35877.818,0.0,0.0,0.0,0.002,170846.761905
1717507,IT,NL,REALE,COMPU,1.52,35877.323,4,4,35877.321,0.0,0.0,0.0,0.002,23603.501974
1669060,IT,ES,SUPPO,OFFIC,0.26,35875.624,4,4,35875.622,0.0,0.0,0.0,0.002,137983.169231
1685688,IT,HU,HEAVY,BUSIN,0.06,35874.718,4,4,35874.715,0.0,0.0,0.0,0.003,597911.966667
1773420,IT,CH,OFFIC,TEXTI,0.11,35873.689,4,4,35873.686,0.0,0.0,0.0,0.003,326124.445455
1790685,IT,WA,FABRI,TRAN1,0.15,35873.142,4,4,35873.139,0.0,0.0,0.0,0.003,239154.28
1778060,IT,TR,OFFIC,COMPU,0.11,35872.504,4,4,35872.501,0.0,0.0,0.0,0.003,326113.672727
1808636,IT,WF,PLAS2,RECRE,0.3,35872.235,4,4,35872.233,0.0,0.0,0.0,0.002,119574.116667
1675349,IT,FR,MACHI,MEAT1,0.2,35872.184,4,4,35872.181,0.0,0.0,0.0,0.003,179360.92
1738341,IT,GB,BASIC,FOODW,0.04,35871.313,4,4,35871.311,0.0,0.0,0.0,0.002,896782.825
1807593,IT,WF,COMPU,RESEA,0.41,35870.327,4,4,35870.325,0.0,0.0,0.0,0.002,87488.602439
1778534,IT,TR,RETA1,GLASS,0.37,35870.19,4,4,35870.188,0.0,0.0,0.0,0.002,96946.459459
1651192,IT,BG,BUSIN,MOTO1,0.37,35869.415,4,4,35869.413,0.0,0.0,0.0,0.002,96944.364865
1775959,IT,TR,FOOD5,93197,0.17,35868.836,4,4,35868.833,0.0,0.0,0.0,0.003,210993.152941
1806629,IT,WF,SALEM,RETA1,0.29,35867.609,4,4,35867.607,0.0,0.0,0.0,0.002,123681.410345
1725304,IT,RO,BEVER,MOTO1,0.15,35866.58,4,4,35866.578,0.0,0.0,0.0,0.002,239110.533333
1798188,IT,WE,VEGET,CROPS,0.13,35866.249,3,3,35866.249,0.0,0.0,0.0,0.0,275894.223077
1718358,IT,PL,BEVER,LEATH,0.15,35865.685,4,4,35865.683,0.0,0.0,0.0,0.002,239104.566667
1728618,IT,SE,PAPER,MEMBE,0.14,35865.545,4,4,35865.541,0.0,0.0,0.0,0.004,256182.464286
1744885,IT,US,BUSIN,TEXTI,0.37,35862.003,4,4,35862.001,0.0,0.0,0.0,0.002,96924.332432
1640989,IT,AT,WOODW,SUPPO,0.1,35860.99,4,4,35860.988,0.0,0.0,0.0,0.002,358609.9
1768055,IT,RU,BUSIN,CHEM1,0.37,35858.788,4,4,35858.786,0.0,0.0,0.0,0.002,96915.643243
1758635,IT,BR,TRANS,RETA1,0.21,35855.721,4,4,35855.719,0.0,0.0,0.0,0.002,170741.528571
1645379,IT,BE,HEAVY,RUBBE,0.06,35851.424,4,4,35851.421,0.0,0.0,0.0,0.003,597523.733333
1742828,IT,US,FABRI,PLAS2,0.15,35849.891,4,4,35849.888,0.0,0.0,0.0,0.003,238999.273333
1675648,IT,FR,MOTO1,WOOD2,0.19,35848.933,4,4,35848.931,0.0,0.0,0.0,0.002,188678.594737
1791789,IT,WA,LANDT,CATTL,0.23,35848.088,4,4,35848.086,0.0,0.0,0.0,0.002,155861.252174
1780454,IT,TW,POSTT,IRONO,0.59,35847.969,4,4,35847.966,0.0,0.0,0.0,0.003,60759.269492
1736964,IT,GB,CROPS,RAWMI,0.28,35845.839,4,4,35845.837,0.0,0.0,0.0,0.002,128020.853571
1741630,IT,US,HEAVY,CHEMI,0.06,35844.968,4,4,35844.965,0.0,0.0,0.0,0.003,597416.133333
1673125,IT,FR,BEVER,CROPS,0.15,35843.265,4,4,35843.263,0.0,0.0,0.0,0.002,238955.1
1795478,IT,WL,PREC1,PUBLI,0.06,35843.136,4,4,35843.134,0.0,0.0,0.0,0.002,597385.6
1814499,IT,WM,RESEA,PFERT,0.19,35840.76,4,4,35840.757,0.0,0.0,0.0,0.003,188635.578947
1683841,IT,HR,MOTO1,ALUM1,0.19,35839.546,4,4,35839.544,0.0,0.0,0.0,0.002,188629.189474
1650974,IT,BG,SUPPO,WEARI,0.26,35835.096,4,4,35835.094,0.0,0.0,0.0,0.002,137827.292308
1672395,IT,FI,BUSIN,FURNI,0.37,35833.954,4,4,35833.952,0.0,0.0,0.0,0.002,96848.524324
1798479,IT,WE,NATUR,HOTEL,0.05,35833.737,4,4,35833.735,0.0,0.0,0.0,0.002,716674.74
1798855,IT,WE,BEVER,PIGS9,0.15,35830.913,4,4,35830.911,0.0,0.0,0.0,0.002,238872.753333
1739668,IT,GB,AIRTR,MEMBE,0.04,35830.355,3,3,35830.355,0.0,0.0,0.0,0.0,895758.875
1689544,IT,IE,SEACO,RENTI,0.04,35829.87,3,3,35829.87,0.0,0.0,0.0,0.0,895746.75
1813466,IT,WM,SALEM,NATUR,0.29,35827.544,4,4,35827.542,0.0,0.0,0.0,0.002,123543.255172
1724066,IT,PT,WHOLE,MACHI,0.31,35825.139,4,4,35825.137,0.0,0.0,0.0,0.002,115564.964516
1713255,IT,MT,PAPER,RETA1,0.14,35824.559,4,4,35824.555,0.0,0.0,0.0,0.004,255889.707143
1726183,IT,RO,GLASS,BUSIN,0.1,35823.772,4,4,35823.77,0.0,0.0,0.0,0.002,358237.72
1755370,IT,KR,MOTOR,GASDI,0.05,35823.571,4,4,35823.568,0.0,0.0,0.0,0.003,716471.42
1802772,IT,WE,BUSIN,LEATH,0.37,35820.419,4,4,35820.417,0.0,0.0,0.0,0.002,96811.943243
1652580,IT,CZ,LEATH,FURNI,0.26,35819.573,4,4,35819.567,0.0,0.0,0.0,0.006,137767.588462
1787755,IT,WA,VEGE1,93197,0.11,35817.735,4,4,35817.727,0.0,0.0,0.0,0.008,325615.772727
1794623,IT,WL,HEAVY,RECRE,0.06,35817.153,4,4,35817.15,0.0,0.0,0.0,0.003,596952.55
1812452,IT,WM,PREC1,LEAD1,0.06,35815.502,4,4,35815.5,0.0,0.0,0.0,0.002,596925.033333
1674475,IT,FR,BIODI,ELEC5,0.07,35813.825,4,4,35813.821,0.0,0.0,0.0,0.004,511626.071429
1783424,IT,NO,INTER,RETA1,0.21,35809.018,4,4,35809.016,0.0,0.0,0.0,0.002,170519.133333
1742640,IT,US,COPP1,RUBBE,0.09,35808.194,4,4,35808.192,0.0,0.0,0.0,0.002,397868.822222
1710038,IT,LT,COPP1,WHOLE,0.09,35807.231,4,4,35807.229,0.0,0.0,0.0,0.002,397858.122222
1738917,IT,GB,FURNI,COLLE,0.11,35807.183,4,4,35807.18,0.0,0.0,0.0,0.003,325519.845455
1649750,IT,BG,BASIC,NONME,0.04,35801.639,4,4,35801.637,0.0,0.0,0.0,0.002,895040.975
1780172,IT,TW,HOTEL,RAILW,0.26,35798.869,4,4,35798.866,0.0,0.0,0.0,0.003,137687.957692
1773677,IT,CH,FURNI,PREC1,0.11,35793.85,4,4,35793.847,0.0,0.0,0.0,0.003,325398.636364
1743842,IT,US,LANDT,93197,0.23,35793.637,4,4,35793.635,0.0,0.0,0.0,0.002,155624.508696
1797474,IT,WL,RESEA,POSTT,0.19,35792.057,4,4,35792.054,0.0,0.0,0.0,0.003,188379.247368
1789129,IT,WA,NONSP,MACHI,0.05,35787.203,4,4,35787.201,0.0,0.0,0.0,0.002,715744.06
1775639,IT,CH,93197,RETA1,0.24,35786.756,4,4,35786.753,0.0,0.0,0.0,0.003,149111.483333
1794267,IT,WL,MOTOR,VEGE1,0.05,35782.565,4,4,35782.562,0.0,0.0,0.0,0.003,715651.3
1688813,IT,IE,GLASS,RESEA,0.1,35782.185,4,4,35782.183,0.0,0.0,0.0,0.002,357821.85
1683556,IT,HR,LEAD1,OFFIC,0.06,35782.042,4,4,35782.039,0.0,0.0,0.0,0.003,596367.366667
1666451,IT,ES,NONSP,LIQUE,0.05,35781.449,4,4,35781.447,0.0,0.0,0.0,0.002,715628.98
1658679,IT,DE,OFFIC,WEARI,0.11,35780.319,4,4,35780.316,0.0,0.0,0.0,0.003,325275.627273
1726187,IT,RO,CERAM,WOODW,0.06,35779.071,4,4,35779.069,0.0,0.0,0.0,0.002,596317.85
1653194,IT,CZ,RUBBE,CEREA,0.12,35778.785,4,4,35778.782,0.0,0.0,0.0,0.003,298156.541667
1814009,IT,WM,SEACO,FOUND,0.04,35777.862,3,3,35777.862,0.0,0.0,0.0,0.0,894446.55
1783784,IT,NO,PAPE4,INERT,0.24,35776.882,4,4,35776.88,0.0,0.0,0.0,0.002,149070.341667
1672439,IT,FI,BUSIN,MEMBE,0.37,35775.633,4,4,35775.631,0.0,0.0,0.0,0.002,96690.9
1658063,IT,DE,PREC1,STEAM,0.06,35773.284,4,4,35773.282,0.0,0.0,0.0,0.002,596221.4
1796621,IT,WL,HOTEL,CERAM,0.26,35772.331,4,4,35772.328,0.0,0.0,0.0,0.003,137585.888462
1746220,IT,JP,CHEM1,LEATH,0.07,35771.485,4,4,35771.481,0.0,0.0,0.0,0.004,511021.214286
1808981,IT,WM,VEGET,MEATC,0.13,35770.793,3,3,35770.793,0.0,0.0,0.0,0.0,275159.946154
1776864,IT,TR,BITU1,TEXT2,0.06,35770.538,4,4,35770.535,0.0,0.0,0.0,0.003,596175.633333
1676058,IT,FR,ELEC7,BEVER,0.02,35769.95,3,3,35769.95,0.0,0.0,0.0,0.0,1788497.5
1753161,IT,CA,GLASS,CROPS,0.1,35769.473,4,4,35769.471,0.0,0.0,0.0,0.002,357694.73
1725184,IT,RO,DAIRY,MEATC,0.15,35768.876,4,4,35768.874,0.0,0.0,0.0,0.002,238459.173333
1673009,IT,FR,SUGA1,FISH5,0.09,35766.434,4,4,35766.428,0.0,0.0,0.0,0.006,397404.822222
1780840,IT,TW,COMPU,ELEC2,0.41,35764.741,4,4,35764.739,0.0,0.0,0.0,0.002,87231.07561
1668986,IT,ES,AIRTR,RENTI,0.04,35761.831,3,3,35761.831,0.0,0.0,0.0,0.0,894045.775
1648851,IT,BG,TEXTI,WOODW,0.21,35759.313,4,4,35759.308,0.0,0.0,0.0,0.005,170282.442857
1666669,IT,ES,ADDIT,COMPU,0.08,35759.274,4,4,35759.271,0.0,0.0,0.0,0.003,446990.925
1771010,IT,CH,CATTL,MEATC,0.08,35754.687,5,5,35753.685,0.0,1.0,0.0,0.002,446933.5875
1796585,IT,WL,HOTEL,MEATP,0.26,35750.231,4,4,35750.228,0.0,0.0,0.0,0.003,137500.888462
1714125,IT,MT,SEACO,EDUCA,0.04,35750.094,3,3,35750.094,0.0,0.0,0.0,0.0,893752.35
1737255,IT,GB,FOOD5,FISH5,0.17,35749.775,4,4,35749.772,0.0,0.0,0.0,0.003,210292.794118
1778103,IT,TR,MOTO1,MEDIC,0.19,35748.127,4,4,35748.125,0.0,0.0,0.0,0.002,188148.036842
1684303,IT,HR,AIRTR,EDUCA,0.04,35745.809,3,3,35745.809,0.0,0.0,0.0,0.0,893645.225
1804374,IT,WF,KEROS,BEVER,0.05,35745.618,4,4,35745.615,0.0,0.0,0.0,0.003,714912.36
1805164,IT,WF,CHEM1,ANIMA,0.07,35744.907,4,4,35744.903,0.0,0.0,0.0,0.004,510641.528571
1655792,IT,DE,MEAT4,PUBLI,0.2,35744.538,4,4,35744.536,0.0,0.0,0.0,0.002,178722.69
1718155,IT,PL,VEGE1,HEALT,0.11,35742.334,4,4,35742.326,0.0,0.0,0.0,0.008,324930.309091
1749064,IT,CN,LEATH,INSUR,0.26,35740.941,4,4,35740.935,0.0,0.0,0.0,0.006,137465.157692
1799851,IT,WE,GASDI,LIQUE,0.05,35740.565,4,4,35740.562,0.0,0.0,0.0,0.003,714811.3
1725422,IT,RO,TEXTI,RENTI,0.21,35739.515,4,4,35739.51,0.0,0.0,0.0,0.005,170188.166667
1738706,IT,GB,MACHI,ELEC8,0.2,35738.673,4,4,35738.67,0.0,0.0,0.0,0.003,178693.365
1798835,IT,WE,FOOD5,INLAN,0.17,35737.594,4,4,35737.591,0.0,0.0,0.0,0.003,210221.141176
1764722,IT,MX,HOTEL,BASIC,0.26,35736.61,4,4,35736.607,0.0,0.0,0.0,0.003,137448.5
1792311,IT,WA,FINAN,MEATA,0.47,35736.258,3,3,35736.258,0.0,0.0,0.0,0.0,76034.591489
1643617,IT,AT,AIRTR,NONME,0.04,35730.823,3,3,35730.823,0.0,0.0,0.0,0.0,893270.575
1658380,IT,DE,FABRI,MEATA,0.15,35727.11,4,4,35727.107,0.0,0.0,0.0,0.003,238180.733333
1746733,IT,JP,FABRI,SEACO,0.15,35725.611,4,4,35725.608,0.0,0.0,0.0,0.003,238170.74
1785743,IT,ZA,PLAST,WEARI,0.07,35723.33,4,4,35723.326,0.0,0.0,0.0,0.004,510333.285714
1739690,IT,GB,SUPPO,PAPER,0.26,35720.346,4,4,35720.344,0.0,0.0,0.0,0.002,137385.946154
1803272,IT,WF,FORES,NONFE,0.31,35719.36,4,4,35705.36,0.0,14.0,0.0,0.0,115223.741935
1777348,IT,TR,GLASS,DISTR,0.1,35719.005,4,4,35719.003,0.0,0.0,0.0,0.002,357190.05
1757479,IT,BR,PAPER,CONST,0.14,35714.773,4,4,35714.769,0.0,0.0,0.0,0.004,255105.521429
1775600,IT,CH,RECRE,HOTEL,0.45,35712.671,4,4,35712.668,0.0,0.0,0.0,0.003,79361.491111
1762896,IT,MX,STONE,LANDT,0.12,35711.899,5,5,35709.897,0.0,0.0,2.0,0.002,297599.158333
1774138,IT,CH,WHOLE,INLAN,0.31,35711.376,4,4,35711.374,0.0,0.0,0.0,0.002,115197.987097
1731021,IT,SE,PAPE4,PREC1,0.24,35709.746,4,4,35709.744,0.0,0.0,0.0,0.002,148790.608333
1715294,IT,NL,PAPER,FURNI,0.14,35707.686,4,4,35707.682,0.0,0.0,0.0,0.004,255054.9
1778187,IT,TR,FURNI,LEATH,0.11,35707.128,4,4,35707.125,0.0,0.0,0.0,0.003,324610.254545
1681641,IT,HR,VEGET,CROPS,0.13,35706.323,3,3,35706.323,0.0,0.0,0.0,0.0,274664.023077
1740870,IT,US,DAIRY,COLLE,0.15,35705.398,4,4,35705.396,0.0,0.0,0.0,0.002,238035.986667
1684221,IT,HR,SEACO,DAIRY,0.04,35703.476,3,3,35703.476,0.0,0.0,0.0,0.0,892586.9
1795126,IT,WL,RUBBE,NFERT,0.12,35703.219,4,4,35703.216,0.0,0.0,0.0,0.003,297526.825
1803215,IT,WF,CROPS,HOTEL,0.28,35701.32,4,4,35701.318,0.0,0.0,0.0,0.002,127504.714286
1681822,IT,HR,VEGE1,CROPS,0.11,35699.281,4,4,35699.273,0.0,0.0,0.0,0.008,324538.918182
1654700,IT,CZ,LANDT,RAILW,0.23,35699.151,4,4,35699.149,0.0,0.0,0.0,0.002,155213.7
1673293,IT,FR,TEXTI,MEATA,0.21,35699.082,4,4,35699.077,0.0,0.0,0.0,0.005,169995.628571
1712961,IT,MT,CATTL,MEATC,0.08,35698.01,5,5,35697.008,0.0,1.0,0.0,0.002,446225.125
1740740,IT,US,MEAT4,MEAT1,0.2,35697.102,4,4,35697.1,0.0,0.0,0.0,0.002,178485.51
1649192,IT,BG,PRINT,FINAN,0.34,35696.834,4,4,35696.831,0.0,0.0,0.0,0.003,104990.688235
1748762,IT,CN,FISH5,FOOD5,0.15,35696.462,4,4,35696.444,0.0,0.0,0.0,0.018,237976.413333
1761398,IT,IN,NONME,ALUM1,0.07,35693.736,4,4,35693.732,0.0,0.0,0.0,0.004,509910.514286
1800354,IT,WE,CHEM1,PULP5,0.07,35691.519,4,4,35691.515,0.0,0.0,0.0,0.004,509878.842857
1712580,IT,LV,MACHI,WHOLE,0.2,35691.2,4,4,35691.197,0.0,0.0,0.0,0.003,178456.0
1686355,IT,HU,NONME,RESEA,0.07,35689.752,4,4,35689.748,0.0,0.0,0.0,0.004,509853.6
1791801,IT,WA,LANDT,MEATP,0.23,35686.657,4,4,35686.655,0.0,0.0,0.0,0.002,155159.378261
1776209,IT,TR,WOODW,GLASS,0.1,35686.598,4,4,35686.596,0.0,0.0,0.0,0.002,356865.98
1799751,IT,WE,KEROS,ELECT,0.05,35685.769,4,4,35685.766,0.0,0.0,0.0,0.003,713715.38
1741996,IT,US,ADDIT,MOTOR,0.08,35683.524,4,4,35683.521,0.0,0.0,0.0,0.003,446044.05
1743890,IT,US,SEACO,BIODI,0.04,35681.181,3,3,35681.181,0.0,0.0,0.0,0.0,892029.525
1774948,IT,CH,INSUR,PUBLI,0.74,35681.145,4,4,35681.143,0.0,0.0,0.0,0.002,48217.763514
1715725,IT,NL,PLAST,TRANS,0.07,35680.429,4,4,35680.425,0.0,0.0,0.0,0.004,509720.414286
1754030,IT,CA,SEACO,CEMEN,0.04,35676.519,3,3,35676.519,0.0,0.0,0.0,0.0,891912.975
1648760,IT,BG,BEVER,SANDC,0.15,35675.959,4,4,35675.957,0.0,0.0,0.0,0.002,237839.726667
1733089,IT,SI,FABRI,FORES,0.15,35675.218,4,4,35675.215,0.0,0.0,0.0,0.003,237834.786667
1807072,IT,WF,SEACO,MEAT1,0.04,35674.67,3,3,35674.67,0.0,0.0,0.0,0.0,891866.75
1753962,IT,CA,LANDT,GASDI,0.23,35674.58,4,4,35674.578,0.0,0.0,0.0,0.002,155106.869565
1776126,IT,TR,LEATH,PRINT,0.26,35673.8,4,4,35673.794,0.0,0.0,0.0,0.006,137206.923077
1789364,IT,WA,CHEM1,HEAVY,0.07,35673.301,4,4,35673.297,0.0,0.0,0.0,0.004,509618.585714
1737776,IT,GB,LIQUE,NUCLE,0.06,35672.45,4,4,35672.447,0.0,0.0,0.0,0.003,594540.833333
1668046,IT,ES,FURNI,ELEC5,0.11,35670.441,4,4,35670.438,0.0,0.0,0.0,0.003,324276.736364
1789906,IT,WA,CEMEN,FORES,0.06,35670.296,4,4,35670.294,0.0,0.0,0.0,0.002,594504.933333
1670350,IT,FI,VEGE1,HOTEL,0.11,35669.889,4,4,35669.881,0.0,0.0,0.0,0.008,324271.718182
1809557,IT,WM,VEGE1,PROCE,0.11,35668.259,4,4,35668.251,0.0,0.0,0.0,0.008,324256.9
1645848,IT,BE,GLASS,PULP5,0.1,35667.352,4,4,35667.35,0.0,0.0,0.0,0.002,356673.52
1787439,IT,WA,STONE,TEXTI,0.12,35666.777,5,5,35664.775,0.0,0.0,2.0,0.002,297223.141667
1709726,IT,LT,CHEM1,RADIO,0.07,35663.352,4,4,35663.348,0.0,0.0,0.0,0.004,509476.457143
1651013,IT,BG,SUPPO,PUBLI,0.26,35662.906,4,4,35662.904,0.0,0.0,0.0,0.002,137165.023077
1755494,IT,KR,PFERT,PLAST,0.02,35661.68,4,4,35661.674,0.0,0.0,0.0,0.006,1783084.0
1671417,IT,FI,FABRI,NONME,0.15,35659.497,4,4,35659.494,0.0,0.0,0.0,0.003,237729.98
1673503,IT,FR,LEATH,VEGE1,0.26,35658.81,4,4,35658.804,0.0,0.0,0.0,0.006,137149.269231
1790882,IT,WA,OFFIC,FISHF,0.11,35656.831,4,4,35656.828,0.0,0.0,0.0,0.003,324153.009091
1774810,IT,CH,POSTT,TRAN1,0.59,35656.787,4,4,35656.784,0.0,0.0,0.0,0.003,60435.232203
1715353,IT,NL,PRINT,PULP5,0.34,35652.585,4,4,35652.582,0.0,0.0,0.0,0.003,104860.544118
1788760,IT,WA,MOTOR,RENTI,0.05,35651.068,4,4,35651.065,0.0,0.0,0.0,0.003,713021.36
1722302,IT,PT,CEREA,WOODW,0.06,35649.55,4,4,35649.548,0.0,0.0,0.0,0.002,594159.166667
1780077,IT,TW,WHOLE,TRANS,0.31,35649.346,4,4,35649.344,0.0,0.0,0.0,0.002,114997.890323
1673820,IT,FR,PRINT,WOODW,0.34,35648.137,4,4,35648.134,0.0,0.0,0.0,0.003,104847.461765
1676619,IT,FR,HOTEL,TRAN2,0.26,35646.381,4,4,35646.378,0.0,0.0,0.0,0.003,137101.465385
1794877,IT,WL,PFERT,RETA1,0.02,35646.287,4,4,35646.281,0.0,0.0,0.0,0.006,1782314.35
1653330,IT,CZ,GLASS,GASDI,0.1,35645.607,4,4,35645.605,0.0,0.0,0.0,0.002,356456.07
1812073,IT,WM,CERAM,LEAD1,0.06,35643.438,4,4,35643.436,0.0,0.0,0.0,0.002,594057.3
1641844,IT,AT,CHEM1,FOOD2,0.07,35643.368,4,4,35643.364,0.0,0.0,0.0,0.004,509190.971429
1709923,IT,LT,BASIC,RUBBE,0.04,35641.318,4,4,35641.316,0.0,0.0,0.0,0.002,891032.95
1796911,IT,WL,AIRTR,PLANT,0.04,35640.7,3,3,35640.7,0.0,0.0,0.0,0.0,891017.5
1664706,IT,EE,AIRTR,BUSIN,0.04,35637.802,3,3,35637.802,0.0,0.0,0.0,0.0,890945.05
1682758,IT,HR,GASDI,FOOD4,0.05,35637.012,4,4,35637.009,0.0,0.0,0.0,0.003,712740.24
1746496,IT,JP,CERAM,MOTO1,0.06,35636.375,4,4,35636.373,0.0,0.0,0.0,0.002,593939.583333
1662392,IT,DK,BASIC,PAPE1,0.04,35636.361,4,4,35636.359,0.0,0.0,0.0,0.002,890909.025
1798803,IT,WE,FOOD5,NONME,0.17,35635.747,4,4,35635.744,0.0,0.0,0.0,0.003,209622.041176
1647217,IT,BE,LANDT,PAPER,0.23,35635.141,4,4,35635.139,0.0,0.0,0.0,0.002,154935.395652
1712724,IT,LV,HOTEL,BUSIN,0.26,35634.226,4,4,35634.223,0.0,0.0,0.0,0.003,137054.715385
1651727,IT,CY,MACHI,FOOD5,0.2,35633.467,4,4,35633.464,0.0,0.0,0.0,0.003,178167.335
1762193,IT,IN,SEACO,WOODW,0.04,35633.096,3,3,35633.096,0.0,0.0,0.0,0.0,890827.4
1738630,IT,GB,FABRI,RECRE,0.14,35628.012,4,4,35628.009,0.0,0.0,0.0,0.003,254485.8
1641097,IT,AT,PAPER,FOUND,0.14,35627.649,4,4,35627.645,0.0,0.0,0.0,0.004,254483.207143
1732227,IT,SI,HEAVY,AUXIL,0.06,35626.827,4,4,35626.824,0.0,0.0,0.0,0.003,593780.45
1771128,IT,CH,CHEMI,MEAT1,0.08,35626.575,5,5,35624.572,0.0,0.0,2.0,0.003,445332.1875
1660391,IT,DE,FINAN,ELEC3,0.46,35626.075,3,3,35626.075,0.0,0.0,0.0,0.0,77447.98913
1773504,IT,CH,MOTO1,MEATP,0.19,35625.152,4,4,35625.15,0.0,0.0,0.0,0.002,187500.8
1740665,IT,US,STONE,COKIN,0.12,35625.006,5,5,35623.004,0.0,0.0,2.0,0.002,296875.05
1746583,IT,JP,PREC1,PRINT,0.06,35624.175,4,4,35624.173,0.0,0.0,0.0,0.002,593736.25
1742906,IT,US,MACHI,LIQUI,0.2,35622.333,4,4,35622.33,0.0,0.0,0.0,0.003,178111.665
1656203,IT,DE,TEXTI,RADIO,0.21,35618.886,4,4,35618.881,0.0,0.0,0.0,0.005,169613.742857
1749446,IT,CN,HEAVY,WEARI,0.06,35617.098,4,4,35617.095,0.0,0.0,0.0,0.003,593618.3
1733364,IT,SI,TRANS,RETA1,0.21,35614.972,4,4,35614.97,0.0,0.0,0.0,0.002,169595.104762
1654678,IT,CZ,LANDT,SECO9,0.23,35614.5,4,4,35614.498,0.0,0.0,0.0,0.002,154845.652174
1748475,IT,CN,STONE,MEDIC,0.12,35613.215,5,5,35611.213,0.0,0.0,2.0,0.002,296776.791667
1659524,IT,DE,RETA1,RETAI,0.37,35612.766,4,4,35612.764,0.0,0.0,0.0,0.002,96250.718919
1722077,IT,PL,BUSIN,FISH5,0.37,35609.271,4,4,35609.269,0.0,0.0,0.0,0.002,96241.272973
1725190,IT,RO,DAIRY,PROCE,0.14,35608.669,4,4,35608.667,0.0,0.0,0.0,0.002,254347.635714
1807885,IT,WF,PAPE1,FINAN,0.25,35605.761,4,4,35605.759,0.0,0.0,0.0,0.002,142423.044
1735103,IT,SK,CHEM1,SALEM,0.07,35605.031,4,4,35605.027,0.0,0.0,0.0,0.004,508643.3
1796310,IT,WL,SALEM,FISH5,0.29,35603.538,4,4,35603.536,0.0,0.0,0.0,0.002,122770.82069
1679954,IT,GR,FABRI,NONME,0.14,35602.205,4,4,35602.202,0.0,0.0,0.0,0.003,254301.464286
1798434,IT,WE,NATUR,PAPER,0.05,35602.139,4,4,35602.137,0.0,0.0,0.0,0.002,712042.78
1735773,IT,SK,MACHI,DAIRY,0.2,35600.791,4,4,35600.788,0.0,0.0,0.0,0.003,178003.955
1755636,IT,KR,RUBBE,TOBAC,0.12,35600.545,4,4,35600.542,0.0,0.0,0.0,0.003,296671.208333
1711096,IT,LU,ALUM1,REALE,0.06,35600.148,4,4,35600.145,0.0,0.0,0.0,0.003,593335.8
1764766,IT,MX,HOTEL,RENTI,0.26,35600.119,4,4,35600.116,0.0,0.0,0.0,0.003,136923.534615
1799476,IT,WE,PAPER,FOUND,0.14,35598.757,4,4,35598.753,0.0,0.0,0.0,0.004,254276.835714
1809402,IT,WM,CHEMI,LEATH,0.08,35598.551,5,5,35596.548,0.0,0.0,2.0,0.003,444981.8875
1652597,IT,CZ,LEATH,BUSIN,0.25,35597.799,4,4,35597.793,0.0,0.0,0.0,0.006,142391.196
1652040,IT,CZ,VEGET,RECRE,0.13,35597.787,3,3,35597.787,0.0,0.0,0.0,0.0,273829.130769
1744251,IT,US,POSTT,DIST1,0.59,35595.251,4,4,35595.248,0.0,0.0,0.0,0.003,60330.933898
1759741,IT,BR,BUSIN,LIQUE,0.37,35593.997,4,4,35593.995,0.0,0.0,0.0,0.002,96199.991892
1753734,IT,CA,FURNI,FORES,0.11,35592.402,4,4,35592.399,0.0,0.0,0.0,0.003,323567.290909
1752653,IT,CA,TEXTI,MEMBE,0.21,35592.085,4,4,35592.08,0.0,0.0,0.0,0.005,169486.119048
1796586,IT,WL,HOTEL,MEAT1,0.26,35591.947,4,4,35591.944,0.0,0.0,0.0,0.003,136892.103846
1800203,IT,WE,PLAST,LEADZ,0.07,35591.066,4,4,35591.062,0.0,0.0,0.0,0.004,508443.8
1682356,IT,HR,WOODW,SALEM,0.1,35590.534,4,4,35590.532,0.0,0.0,0.0,0.002,355905.34
1719730,IT,PL,NONME,RENTI,0.07,35588.328,4,4,35588.324,0.0,0.0,0.0,0.004,508404.685714
1735400,IT,SK,BASIC,NATUR,0.04,35585.764,4,4,35585.762,0.0,0.0,0.0,0.002,889644.1
1648453,IT,BG,CEREA,WHOLE,0.06,35585.512,4,4,35585.51,0.0,0.0,0.0,0.002,593091.866667
1804555,IT,WF,HEAVY,PLANT,0.06,35583.031,4,4,35583.028,0.0,0.0,0.0,0.003,593050.516667
1642833,IT,AT,OFFIC,POSTT,0.11,35582.76,4,4,35582.757,0.0,0.0,0.0,0.003,323479.636364
1724923,IT,PT,BUSIN,INSUR,0.37,35581.983,4,4,35581.981,0.0,0.0,0.0,0.002,96167.521622
1729075,IT,SE,RUBBE,COLLE,0.12,35581.808,4,4,35581.805,0.0,0.0,0.0,0.003,296515.066667
1755081,IT,KR,WEARI,93197,0.27,35581.337,4,4,35581.33,0.0,0.0,0.0,0.007,131782.72963
1646751,IT,BE,CONST,TRANS,0.2,35579.474,4,4,35579.472,0.0,0.0,0.0,0.002,177897.37
1712402,IT,LV,CERAM,REALE,0.06,35578.523,4,4,35578.521,0.0,0.0,0.0,0.002,592975.383333
1646290,IT,BE,COPP1,ELEC2,0.09,35578.043,4,4,35578.041,0.0,0.0,0.0,0.002,395311.588889
1750128,IT,CN,PREC1,GLASS,0.06,35575.895,4,4,35575.893,0.0,0.0,0.0,0.002,592931.583333
1661237,IT,DK,VEGET,MEAT1,0.13,35573.609,3,3,35573.609,0.0,0.0,0.0,0.0,273643.146154
1808748,IT,WF,TEXT2,EDUCA,0.26,35573.419,4,4,35573.417,0.0,0.0,0.0,0.002,136820.842308
1657130,IT,DE,PLAST,CERAM,0.07,35570.284,4,4,35570.28,0.0,0.0,0.0,0.004,508146.914286
1679992,IT,GR,FABRI,COMPU,0.14,35570.139,4,4,35570.136,0.0,0.0,0.0,0.003,254072.421429
1689157,IT,IE,SALEM,FINAN,0.29,35570.0,4,4,35569.998,0.0,0.0,0.0,0.002,122655.172414
1783373,IT,NO,PLAS1,FURNI,0.13,35567.901,4,4,35567.899,0.0,0.0,0.0,0.002,273599.238462
1686790,IT,HU,FABRI,FISH5,0.14,35567.012,4,4,35567.009,0.0,0.0,0.0,0.003,254050.085714
1640734,IT,AT,TEXTI,CHEM1,0.21,35566.157,4,4,35566.152,0.0,0.0,0.0,0.005,169362.652381
1741764,IT,US,NONSP,LUBRI,0.05,35565.992,4,4,35565.99,0.0,0.0,0.0,0.002,711319.84
1751929,IT,CN,COMPU,ELEC5,0.41,35564.865,4,4,35564.863,0.0,0.0,0.0,0.002,86743.573171
1794067,IT,WL,PAPER,SUGA1,0.14,35564.181,4,4,35564.177,0.0,0.0,0.0,0.004,254029.864286
1763881,IT,MX,NONME,RETA1,0.07,35561.399,4,4,35561.395,0.0,0.0,0.0,0.004,508019.985714
1645584,IT,BE,CHEM1,LEATH,0.07,35560.42,4,4,35560.416,0.0,0.0,0.0,0.004,508006.0
1776129,IT,TR,LEATH,PLAST,0.25,35558.596,4,4,35558.59,0.0,0.0,0.0,0.006,142234.384
1655910,IT,DE,PROCE,MEAT4,0.24,35556.428,4,4,35556.426,0.0,0.0,0.0,0.002,148151.783333
1750954,IT,CN,CONST,RECRE,0.2,35552.424,4,4,35552.422,0.0,0.0,0.0,0.002,177762.12
1776259,IT,TR,PULP5,WHOLE,0.11,35549.866,4,4,35549.863,0.0,0.0,0.0,0.003,323180.6
1684231,IT,HR,SEACO,PLAST,0.04,35549.813,3,3,35549.813,0.0,0.0,0.0,0.0,888745.325
1683048,IT,HR,CHEM1,FOOD4,0.07,35548.33,4,4,35548.326,0.0,0.0,0.0,0.004,507833.285714
1688931,IT,IE,FABRI,RUBBE,0.14,35548.098,4,4,35548.095,0.0,0.0,0.0,0.003,253914.985714
1677876,IT,FR,BUSIN,NAPHT,0.37,35547.951,4,4,35547.949,0.0,0.0,0.0,0.002,96075.543243
1650026,IT,BG,MACHI,PAPER,0.2,35546.425,4,4,35546.422,0.0,0.0,0.0,0.003,177732.125
1793839,IT,WL,TEXTI,BIODI,0.21,35546.262,4,4,35546.257,0.0,0.0,0.0,0.005,169267.914286
1665980,IT,ES,MOTOR,TRANS,0.05,35545.408,4,4,35545.405,0.0,0.0,0.0,0.003,710908.16
1646486,IT,BE,MACHI,RADIO,0.2,35544.758,4,4,35544.755,0.0,0.0,0.0,0.003,177723.79
1741695,IT,US,HEAVY,INLAN,0.06,35542.747,4,4,35542.744,0.0,0.0,0.0,0.003,592379.116667
1713921,IT,MT,ELEC8,COMPU,0.47,35542.712,4,4,35542.71,0.0,0.0,0.0,0.002,75622.791489
1737446,IT,GB,LEATH,LEATH,0.25,35540.995,4,4,35540.989,0.0,0.0,0.0,0.006,142163.98
1803820,IT,WF,TEXTI,CERAM,0.21,35539.558,4,4,35539.553,0.0,0.0,0.0,0.005,169235.990476
1786869,IT,ZA,SEACO,BASIC,0.04,35538.209,3,3,35538.209,0.0,0.0,0.0,0.0,888455.225
1659247,IT,DE,SALEM,FABRI,0.29,35536.861,4,4,35536.859,0.0,0.0,0.0,0.002,122540.9
1726726,IT,RO,FURNI,ELEC4,0.11,35535.119,4,4,35535.116,0.0,0.0,0.0,0.003,323046.536364
1654710,IT,CZ,LANDT,COMPU,0.23,35534.833,4,4,35534.831,0.0,0.0,0.0,0.002,154499.273913
1663365,IT,DK,SUPPO,BUSIN,0.26,35531.242,4,4,35531.24,0.0,0.0,0.0,0.002,136658.623077
1773894,IT,CH,ELEC8,DISTR,0.47,35530.681,4,4,35530.679,0.0,0.0,0.0,0.002,75597.193617
1766218,IT,RU,GLASS,RADIO,0.1,35529.856,4,4,35529.854,0.0,0.0,0.0,0.002,355298.56
1642727,IT,AT,MACHI,GASDI,0.2,35527.381,4,4,35527.378,0.0,0.0,0.0,0.003,177636.905
1754931,IT,KR,TEXTI,MOTOR,0.21,35526.14,4,4,35526.135,0.0,0.0,0.0,0.005,169172.095238
1718700,IT,PL,WOODW,SUPPO,0.1,35521.272,4,4,35521.27,0.0,0.0,0.0,0.002,355212.72
1745371,IT,JP,VEGE1,TRANS,0.11,35513.74,4,4,35513.732,0.0,0.0,0.0,0.008,322852.181818
1687403,IT,HU,HOTEL,RETA1,0.26,35511.297,4,4,35511.294,0.0,0.0,0.0,0.003,136581.911538
1769489,IT,AU,BASIC,FOUND,0.04,35511.286,4,4,35511.284,0.0,0.0,0.0,0.002,887782.15
1683245,IT,HR,CERAM,MEDIC,0.06,35511.087,4,4,35511.085,0.0,0.0,0.0,0.002,591851.45
1811624,IT,WM,CHEM1,REFI1,0.07,35510.499,4,4,35510.495,0.0,0.0,0.0,0.004,507292.842857
1801624,IT,WE,TRANS,RECRE,0.21,35509.098,4,4,35509.096,0.0,0.0,0.0,0.002,169090.942857
1756835,IT,KR,POSTT,PRINT,0.58,35508.714,4,4,35508.711,0.0,0.0,0.0,0.003,61221.92069
1777339,IT,TR,GLASS,MEDIC,0.1,35508.66,4,4,35508.658,0.0,0.0,0.0,0.002,355086.6
1810956,IT,WM,GASDI,NAPHT,0.05,35505.205,4,4,35505.202,0.0,0.0,0.0,0.003,710104.1
1805134,IT,WF,PFERT,NICKE,0.02,35500.543,4,4,35500.537,0.0,0.0,0.0,0.006,1775027.15
1724197,IT,PT,HOTEL,CONST,0.26,35497.346,4,4,35497.343,0.0,0.0,0.0,0.003,136528.253846
1760314,IT,IN,STONE,BRICK,0.11,35497.202,5,5,35495.2,0.0,0.0,2.0,0.002,322701.836364
1781315,IT,NO,VEGE1,CHEM1,0.11,35495.155,4,4,35495.147,0.0,0.0,0.0,0.008,322683.227273
1795540,IT,WL,ALUM1,RETA1,0.06,35493.629,4,4,35493.626,0.0,0.0,0.0,0.003,591560.483333
1786736,IT,ZA,RETA1,CONST,0.37,35493.6,4,4,35493.598,0.0,0.0,0.0,0.002,95928.648649
1791962,IT,WA,SEACO,NONME,0.04,35493.404,3,3,35493.404,0.0,0.0,0.0,0.0,887335.1
1643539,IT,AT,SEACO,FOOD5,0.04,35491.558,3,3,35491.558,0.0,0.0,0.0,0.0,887288.95
1807555,IT,WF,RENTI,HEALT,0.21,35490.188,4,4,35490.186,0.0,0.0,0.0,0.002,169000.895238
1685409,IT,HU,LEATH,HEALT,0.25,35488.439,4,4,35488.433,0.0,0.0,0.0,0.006,141953.756
1761350,IT,IN,GLASS,TRANS,0.1,35487.429,4,4,35487.427,0.0,0.0,0.0,0.002,354874.29
1795919,IT,WL,MOTO1,CROPS,0.19,35485.756,4,4,35485.754,0.0,0.0,0.0,0.002,186767.136842
1663928,IT,EE,WOODW,PULP5,0.1,35485.061,4,4,35485.059,0.0,0.0,0.0,0.002,354850.61
1715660,IT,NL,PARAF,MOTOR,0.06,35480.198,4,4,35480.195,0.0,0.0,0.0,0.003,591336.633333
1732089,IT,SI,KERO1,WHOLE,0.05,35478.88,4,4,35478.877,0.0,0.0,0.0,0.003,709577.6
1796286,IT,WL,CONST,HOTEL,0.2,35478.535,4,4,35478.533,0.0,0.0,0.0,0.002,177392.675
1713252,IT,MT,PAPER,FURNI,0.14,35478.199,4,4,35478.196,0.0,0.0,0.0,0.003,253415.707143
1653086,IT,CZ,CHEM1,BITUM,0.07,35476.756,4,4,35476.752,0.0,0.0,0.0,0.004,506810.8
1682329,IT,HR,WOODW,WEARI,0.1,35476.713,4,4,35476.711,0.0,0.0,0.0,0.002,354767.13
1683785,IT,HR,OFFIC,MEATC,0.11,35474.695,4,4,35474.692,0.0,0.0,0.0,0.003,322497.227273
1686588,IT,HU,ALUM1,RAILW,0.06,35473.727,4,4,35473.724,0.0,0.0,0.0,0.003,591228.783333
1747143,IT,JP,CONST,MOTOR,0.2,35472.639,4,4,35472.637,0.0,0.0,0.0,0.002,177363.195
1656902,IT,DE,HEAVY,EDUCA,0.06,35470.3,4,4,35470.297,0.0,0.0,0.0,0.003,591171.666667
1683592,IT,HR,COPP1,HOTEL,0.09,35465.8,4,4,35465.798,0.0,0.0,0.0,0.002,394064.444444
1804897,IT,WF,BITU1,FABRI,0.06,35463.597,4,4,35463.594,0.0,0.0,0.0,0.003,591059.95
1766162,IT,RU,RUBBE,POSTT,0.12,35462.753,4,4,35462.75,0.0,0.0,0.0,0.003,295522.941667
1726244,IT,RO,NONME,EDUCA,0.07,35460.84,4,4,35460.836,0.0,0.0,0.0,0.004,506583.428571
1741300,IT,US,PAPER,FOUND,0.14,35455.142,4,4,35455.139,0.0,0.0,0.0,0.003,253251.014286
1685499,IT,HU,PAPER,VEGE1,0.14,35455.005,4,4,35455.002,0.0,0.0,0.0,0.003,253250.035714
1724449,IT,PT,AIRTR,RENTI,0.04,35454.62,3,3,35454.62,0.0,0.0,0.0,0.0,886365.5
1745812,IT,JP,WEARI,MEMBE,0.27,35454.116,4,4,35454.109,0.0,0.0,0.0,0.007,131311.540741
1713058,IT,MT,VEGE1,FISHF,0.11,35453.245,4,4,35453.237,0.0,0.0,0.0,0.008,322302.227273
1810242,IT,WM,LEATH,NAPHT,0.25,35452.349,4,4,35452.343,0.0,0.0,0.0,0.006,141809.396
1748721,IT,CN,BEVER,GASDI,0.15,35451.753,4,4,35451.751,0.0,0.0,0.0,0.002,236345.02
1717756,IT,NL,PUBLI,PUBLI,0.58,35451.357,4,4,35451.355,0.0,0.0,0.0,0.002,61123.02931
1641338,IT,AT,KEROS,PRINT,0.05,35451.11,4,4,35451.107,0.0,0.0,0.0,0.003,709022.2
1813561,IT,WM,WHOLE,PFERT,0.31,35450.9,4,4,35450.898,0.0,0.0,0.0,0.002,114357.741935
1776446,IT,TR,MOTOR,MEATC,0.05,35449.933,4,4,35449.93,0.0,0.0,0.0,0.003,708998.66
1737332,IT,GB,BEVER,RUBBE,0.15,35449.621,4,4,35449.619,0.0,0.0,0.0,0.002,236330.806667
1719694,IT,PL,NONME,GASDI,0.07,35449.335,4,4,35449.331,0.0,0.0,0.0,0.004,506419.071429
1717600,IT,NL,COMPU,RECRE,0.4,35448.828,4,4,35448.826,0.0,0.0,0.0,0.002,88622.07
1681032,IT,GR,AIRTR,SALEM,0.04,35446.54,3,3,35446.54,0.0,0.0,0.0,0.0,886163.5
1750649,IT,CN,MOTO1,CRUDE,0.19,35443.446,4,4,35443.444,0.0,0.0,0.0,0.002,186544.452632
1764824,IT,MX,SEACO,RUBBE,0.04,35443.283,3,3,35443.283,0.0,0.0,0.0,0.0,886082.075
1791196,IT,WA,FURNI,PRINT,0.11,35442.56,4,4,35442.557,0.0,0.0,0.0,0.003,322205.090909
1752682,IT,CA,WEARI,SUPPO,0.27,35442.479,4,4,35442.472,0.0,0.0,0.0,0.007,131268.440741
1643542,IT,AT,SEACO,PULP5,0.04,35441.886,3,3,35441.886,0.0,0.0,0.0,0.0,886047.15
1689210,IT,IE,RETAI,RENTI,0.28,35435.269,4,4,35435.267,0.0,0.0,0.0,0.002,126554.532143
1649977,IT,BG,FABRI,RENTI,0.14,35434.438,4,4,35434.435,0.0,0.0,0.0,0.003,253103.128571
1656068,IT,DE,BEVER,LIQUI,0.15,35432.745,4,4,35432.743,0.0,0.0,0.0,0.002,236218.3
1714618,IT,NL,MEATC,DAIRY,0.12,35430.909,5,5,35429.907,0.0,1.0,0.0,0.002,295257.575
1756519,IT,KR,WHOLE,PFERT,0.31,35430.724,4,4,35430.722,0.0,0.0,0.0,0.002,114292.658065
1798911,IT,WE,FISH5,FISHF,0.15,35425.325,4,4,35425.307,0.0,0.0,0.0,0.018,236168.833333
1746375,IT,JP,RUBBE,GLASS,0.12,35423.488,4,4,35423.485,0.0,0.0,0.0,0.003,295195.733333
1658218,IT,DE,LEAD1,ELEC2,0.06,35423.366,4,4,35423.363,0.0,0.0,0.0,0.003,590389.433333
1753559,IT,CA,MACHI,BIODI,0.2,35422.509,4,4,35422.506,0.0,0.0,0.0,0.003,177112.545
1651330,IT,CY,WOODW,PULP5,0.1,35422.024,4,4,35422.022,0.0,0.0,0.0,0.002,354220.24
1650950,IT,BG,AIRTR,AIRTR,0.04,35421.434,3,3,35421.434,0.0,0.0,0.0,0.0,885535.85
1757816,IT,BR,PFERT,MEATP,0.02,35420.037,4,4,35420.031,0.0,0.0,0.0,0.006,1771001.85
1771483,IT,CH,BEVER,LANDT,0.15,35417.989,4,4,35417.987,0.0,0.0,0.0,0.002,236119.926667
1672424,IT,FI,BUSIN,INSUR,0.36,35417.076,4,4,35417.074,0.0,0.0,0.0,0.002,98380.766667
1716545,IT,NL,TRANS,OFFIC,0.21,35416.765,4,4,35416.763,0.0,0.0,0.0,0.002,168651.261905
1767520,IT,RU,AIRTR,VEGET,0.04,35416.011,3,3,35416.011,0.0,0.0,0.0,0.0,885400.275
1738191,IT,GB,CERAM,CEMEN,0.06,35414.178,4,4,35414.176,0.0,0.0,0.0,0.002,590236.3
1645490,IT,BE,PLAST,SUGA1,0.07,35411.839,4,4,35411.835,0.0,0.0,0.0,0.004,505883.414286
1641941,IT,AT,RUBBE,IRONO,0.12,35411.793,4,4,35411.79,0.0,0.0,0.0,0.003,295098.275
1788794,IT,WA,KEROS,BITU1,0.05,35409.035,4,4,35409.032,0.0,0.0,0.0,0.003,708180.7
1783812,IT,NO,INERT,WHOLE,0.26,35408.126,4,4,35408.124,0.0,0.0,0.0,0.002,136185.1
1734732,IT,SK,LEATH,RAILW,0.25,35406.734,4,4,35406.728,0.0,0.0,0.0,0.006,141626.936
1710098,IT,LT,FABRI,RETA1,0.14,35404.225,4,4,35404.222,0.0,0.0,0.0,0.003,252887.321429
1718501,IT,PL,TEXTI,DIST1,0.21,35403.473,4,4,35403.468,0.0,0.0,0.0,0.005,168587.966667
1769438,IT,AU,NONME,NONME,0.07,35403.399,4,4,35403.395,0.0,0.0,0.0,0.004,505762.842857
1664036,IT,EE,PLAST,MACHI,0.07,35400.598,4,4,35400.594,0.0,0.0,0.0,0.004,505722.828571
1787414,IT,WA,FISHF,WHOLE,0.06,35397.222,3,3,35397.222,0.0,0.0,0.0,0.0,589953.7
1745403,IT,JP,VEGE1,93197,0.11,35394.007,4,4,35393.999,0.0,0.0,0.0,0.008,321763.7
1730476,IT,SE,POSTT,INTER,0.58,35393.746,4,4,35393.743,0.0,0.0,0.0,0.003,61023.7
1657748,IT,DE,CEMEN,RESEA,0.06,35392.57,4,4,35392.568,0.0,0.0,0.0,0.002,589876.166667
1789964,IT,WA,NONME,POULT,0.07,35391.653,4,4,35391.649,0.0,0.0,0.0,0.004,505595.042857
1687028,IT,HU,OFFIC,REALE,0.11,35390.542,4,4,35390.539,0.0,0.0,0.0,0.003,321732.2
1727323,IT,RO,POSTT,MACHI,0.58,35389.952,4,4,35389.949,0.0,0.0,0.0,0.003,61017.158621
1747135,IT,JP,CONST,TEXTI,0.2,35388.476,4,4,35388.474,0.0,0.0,0.0,0.002,176942.38
1802136,IT,WE,RETA1,EDUCA,0.37,35383.164,4,4,35383.162,0.0,0.0,0.0,0.002,95630.172973
1645086,IT,BE,PAPER,DISTR,0.14,35381.143,4,4,35381.14,0.0,0.0,0.0,0.003,252722.45
1657385,IT,DE,RUBBE,BKBPE,0.12,35379.816,4,4,35379.813,0.0,0.0,0.0,0.003,294831.8
1714857,IT,NL,FOOD5,PUBLI,0.17,35379.128,4,4,35379.125,0.0,0.0,0.0,0.003,208112.517647
1655287,IT,DE,CEREA,POULT,0.06,35378.91,4,4,35378.908,0.0,0.0,0.0,0.002,589648.5
1643714,IT,AT,SUPPO,PREC1,0.25,35378.833,4,4,35378.831,0.0,0.0,0.0,0.002,141515.332
1737352,IT,GB,BEVER,FINAN,0.15,35377.109,4,4,35377.107,0.0,0.0,0.0,0.002,235847.393333
1769963,IT,AU,TRANS,NATUR,0.21,35374.871,4,4,35374.869,0.0,0.0,0.0,0.002,168451.766667
1641426,IT,AT,GASDI,MOTOR,0.05,35374.411,4,4,35374.408,0.0,0.0,0.0,0.003,707488.22
1641344,IT,AT,KEROS,CEMEN,0.05,35371.084,4,4,35371.081,0.0,0.0,0.0,0.003,707421.68
1797065,IT,WL,SUPPO,POSTT,0.25,35371.014,4,4,35371.012,0.0,0.0,0.0,0.002,141484.056
1777997,IT,TR,MACHI,FOOD3,0.2,35367.345,4,4,35367.342,0.0,0.0,0.0,0.003,176836.725
1800489,IT,WE,RUBBE,SUGA1,0.12,35365.59,4,4,35365.587,0.0,0.0,0.0,0.003,294713.25
1647514,IT,BE,SUPPO,CEMEN,0.25,35365.098,4,4,35365.096,0.0,0.0,0.0,0.002,141460.392
1771464,IT,CH,BEVER,MACHI,0.15,35363.244,4,4,35363.242,0.0,0.0,0.0,0.002,235754.96
1789515,IT,WA,ADDIT,OFFIC,0.08,35357.537,4,4,35357.534,0.0,0.0,0.0,0.003,441969.2125
1659814,IT,DE,LANDT,ADDIT,0.23,35354.633,4,4,35354.631,0.0,0.0,0.0,0.002,153715.795652
1751344,IT,CN,LANDT,HOTEL,0.23,35354.108,4,4,35354.106,0.0,0.0,0.0,0.002,153713.513043
1665442,IT,ES,TEXTI,93197,0.21,35354.062,4,4,35354.057,0.0,0.0,0.0,0.005,168352.67619
1807925,IT,WF,PLAS1,MEAT4,0.13,35353.87,4,4,35353.868,0.0,0.0,0.0,0.002,271952.846154
1665263,IT,ES,BEVER,PAPER,0.15,35352.905,4,4,35352.903,0.0,0.0,0.0,0.002,235686.033333
1788526,IT,WA,PAPER,MEATP,0.14,35352.693,4,4,35352.69,0.0,0.0,0.0,0.003,252519.235714
1801863,IT,WE,CONST,NATUR,0.2,35351.832,4,4,35351.83,0.0,0.0,0.0,0.002,176759.16
1716524,IT,NL,MOTO1,TRANS,0.19,35349.016,4,4,35349.014,0.0,0.0,0.0,0.002,186047.452632
1787758,IT,WA,DAIRY,CATTL,0.14,35346.81,4,4,35346.808,0.0,0.0,0.0,0.002,252477.214286
1795420,IT,WL,BASIC,HOTEL,0.04,35344.09,4,4,35344.088,0.0,0.0,0.0,0.002,883602.25
1647891,IT,BE,REALE,WHITE,1.49,35343.497,4,4,35343.495,0.0,0.0,0.0,0.002,23720.467785
1719416,IT,PL,RUBBE,FOUND,0.12,35342.471,4,4,35342.468,0.0,0.0,0.0,0.003,294520.591667
1687508,IT,HU,LANDT,WEARI,0.23,35341.112,4,4,35341.11,0.0,0.0,0.0,0.002,153657.008696
1740925,IT,US,FOOD5,PULP5,0.17,35340.426,4,4,35340.423,0.0,0.0,0.0,0.003,207884.858824
1668899,IT,ES,SEACO,DIST1,0.04,35340.139,3,3,35340.139,0.0,0.0,0.0,0.0,883503.475
1690360,IT,IE,WASTE,STONE,0.11,35340.011,4,4,35340.009,0.0,0.0,0.0,0.002,321272.827273
1807248,IT,WF,SUPPO,HOTEL,0.25,35333.28,4,4,35333.278,0.0,0.0,0.0,0.002,141333.12
1688393,IT,IE,FOOD5,HOTEL,0.17,35332.042,4,4,35332.039,0.0,0.0,0.0,0.003,207835.541176
1660601,IT,DE,REALE,PLAST,1.49,35329.906,4,4,35329.904,0.0,0.0,0.0,0.002,23711.346309
1648231,IT,BE,BUSIN,RETAI,0.36,35326.708,4,4,35326.706,0.0,0.0,0.0,0.002,98129.744444
1803227,IT,WF,CROPS,RECRE,0.28,35326.106,4,4,35326.104,0.0,0.0,0.0,0.002,126164.664286
1755939,IT,KR,BASIC,PUBLI,0.04,35325.944,4,4,35325.942,0.0,0.0,0.0,0.002,883148.6
1776058,IT,TR,TEXTI,SUPPO,0.21,35324.568,4,4,35324.563,0.0,0.0,0.0,0.005,168212.228571
1666422,IT,ES,BITU1,BITU1,0.06,35324.333,4,4,35324.33,0.0,0.0,0.0,0.003,588738.883333
1662538,IT,DK,FABRI,CROPS,0.14,35323.77,4,4,35323.767,0.0,0.0,0.0,0.003,252312.642857
1766385,IT,RU,BASIC,HEAVY,0.04,35323.31,4,4,35323.308,0.0,0.0,0.0,0.002,883082.75
1664822,IT,ES,OILSE,PROCE,0.03,35322.45,4,4,35322.448,0.0,0.0,0.0,0.002,1177415.0
1663682,IT,DK,PUBLI,FOOD5,0.58,35320.38,4,4,35320.378,0.0,0.0,0.0,0.002,60897.206897
1808093,IT,WF,WOOD1,VEGET,0.24,35320.089,4,4,35320.087,0.0,0.0,0.0,0.002,147167.0375
1776073,IT,TR,WEARI,PRECI,0.27,35318.934,4,4,35318.927,0.0,0.0,0.0,0.007,130810.866667
1676748,IT,FR,LANDT,CROPS,0.23,35318.386,4,4,35318.384,0.0,0.0,0.0,0.002,153558.2
1653608,IT,CZ,PREC1,CONST,0.06,35316.804,4,4,35316.802,0.0,0.0,0.0,0.002,588613.4
1761496,IT,IN,ALUM1,PLAST,0.06,35313.997,4,4,35313.994,0.0,0.0,0.0,0.003,588566.616667
1732755,IT,SI,NONME,WOODW,0.07,35313.905,4,4,35313.901,0.0,0.0,0.0,0.004,504484.357143
1664118,IT,EE,RUBBE,TEXTI,0.12,35312.842,4,4,35312.839,0.0,0.0,0.0,0.003,294273.683333
1749561,IT,CN,PLAST,LEAD1,0.07,35312.538,4,4,35312.534,0.0,0.0,0.0,0.004,504464.828571
1776049,IT,TR,TEXTI,SALEM,0.21,35310.262,4,4,35310.257,0.0,0.0,0.0,0.005,168144.104762
1720111,IT,PL,LEAD1,ALUM1,0.06,35309.475,4,4,35309.472,0.0,0.0,0.0,0.003,588491.25
1719726,IT,PL,NONME,LANDT,0.07,35308.418,4,4,35308.414,0.0,0.0,0.0,0.004,504405.971429
1644923,IT,BE,LEATH,COMPU,0.25,35307.899,4,4,35307.893,0.0,0.0,0.0,0.006,141231.596
1671953,IT,FI,LANDT,CHEM1,0.23,35307.615,4,4,35307.613,0.0,0.0,0.0,0.002,153511.369565
1664955,IT,ES,SANDC,CHEM1,0.08,35306.564,4,4,35298.564,0.0,0.0,8.0,0.0,441332.05
1757579,IT,BR,GASDI,MEAT4,0.05,35306.238,4,4,35306.235,0.0,0.0,0.0,0.003,706124.76
1648139,IT,BE,BUSIN,VEGET,0.36,35305.931,4,4,35305.929,0.0,0.0,0.0,0.002,98072.030556
1649509,IT,BG,RUBBE,MEATP,0.12,35299.554,4,4,35299.551,0.0,0.0,0.0,0.003,294162.95
1672009,IT,FI,SEACO,WOODW,0.04,35296.94,3,3,35296.94,0.0,0.0,0.0,0.0,882423.5
1730679,IT,SE,RENTI,93197,0.21,35296.499,4,4,35296.497,0.0,0.0,0.0,0.002,168078.566667
1643691,IT,AT,SUPPO,PAPER,0.25,35293.974,4,4,35293.972,0.0,0.0,0.0,0.002,141175.896
1725721,IT,RO,PAPER,INTER,0.14,35293.596,4,4,35293.593,0.0,0.0,0.0,0.003,252097.114286
1770480,IT,AU,AIRTR,PFERT,0.04,35289.599,3,3,35289.599,0.0,0.0,0.0,0.0,882239.975
1760371,IT,IN,MEAT4,MEAT4,0.19,35288.994,4,4,35288.992,0.0,0.0,0.0,0.002,185731.547368
1648108,IT,BE,RESEA,PFERT,0.19,35287.773,4,4,35287.771,0.0,0.0,0.0,0.002,185725.121053
1808801,IT,WF,WOOD2,SALEM,0.19,35284.988,4,4,35284.986,0.0,0.0,0.0,0.002,185710.463158
1793840,IT,WL,TEXTI,RUBBE,0.21,35284.838,4,4,35284.833,0.0,0.0,0.0,0.005,168023.038095
1661529,IT,DK,FOOD5,PUBLI,0.17,35283.936,4,4,35283.933,0.0,0.0,0.0,0.003,207552.564706
1758972,IT,BR,LANDT,POULT,0.23,35283.294,4,4,35283.292,0.0,0.0,0.0,0.002,153405.626087
1725538,IT,RO,LEATH,TRANS,0.25,35281.456,4,4,35281.45,0.0,0.0,0.0,0.006,141125.824
1685070,IT,HU,SUGA1,CROPS,0.09,35280.773,4,4,35280.767,0.0,0.0,0.0,0.006,392008.588889
1737379,IT,GB,TEXTI,BEVER,0.21,35280.523,4,4,35280.518,0.0,0.0,0.0,0.005,168002.490476
1809213,IT,WM,ANIMA,HEALT,0.14,35279.82,4,4,35279.818,0.0,0.0,0.0,0.002,251998.714286
1764724,IT,MX,HOTEL,ALUM1,0.26,35279.394,4,4,35279.391,0.0,0.0,0.0,0.003,135689.976923
1657719,IT,DE,CEMEN,RUBBE,0.06,35278.537,4,4,35278.535,0.0,0.0,0.0,0.002,587975.616667
1664404,IT,EE,MACHI,PLAST,0.2,35274.883,4,4,35274.88,0.0,0.0,0.0,0.003,176374.415
1769836,IT,AU,MACHI,INERT,0.2,35274.397,4,4,35274.394,0.0,0.0,0.0,0.003,176371.985
1681826,IT,HR,VEGE1,ANIMA,0.11,35270.828,4,4,35270.82,0.0,0.0,0.0,0.008,320643.890909
1811923,IT,WM,RUBBE,SEACO,0.12,35267.006,4,4,35267.003,0.0,0.0,0.0,0.003,293891.716667
1650000,IT,BG,MACHI,FORES,0.2,35266.906,4,4,35266.903,0.0,0.0,0.0,0.003,176334.53
1744680,IT,US,COMPU,FABRI,0.4,35261.451,4,4,35261.449,0.0,0.0,0.0,0.002,88153.6275
1779560,IT,TR,COMPU,PFERT,0.4,35253.042,4,4,35253.04,0.0,0.0,0.0,0.002,88132.605
1676439,IT,FR,RETA1,RAWMI,0.37,35250.962,4,4,35250.96,0.0,0.0,0.0,0.002,95272.87027
1761213,IT,IN,ADDIT,ELECT,0.08,35250.321,4,4,35250.318,0.0,0.0,0.0,0.003,440629.0125
1764682,IT,MX,HOTEL,NATU1,0.26,35250.081,4,4,35250.078,0.0,0.0,0.0,0.003,135577.234615
1798080,IT,WL,RECRE,REALE,0.45,35249.778,4,4,35249.775,0.0,0.0,0.0,0.003,78332.84
1788856,IT,WA,GASDI,HEAVY,0.05,35249.353,4,4,35249.35,0.0,0.0,0.0,0.003,704987.06
1749364,IT,CN,PRINT,LANDT,0.34,35249.321,4,4,35249.318,0.0,0.0,0.0,0.003,103674.473529
1713737,IT,MT,MACHI,BUSIN,0.2,35248.26,4,4,35248.257,0.0,0.0,0.0,0.003,176241.3
1783247,IT,NO,PUBLI,PULP5,0.58,35247.429,4,4,35247.427,0.0,0.0,0.0,0.002,60771.42931
1729166,IT,SE,GLASS,HOTEL,0.1,35242.412,4,4,35242.41,0.0,0.0,0.0,0.002,352424.12
1726238,IT,RO,NONME,ELEC5,0.07,35238.116,4,4,35238.112,0.0,0.0,0.0,0.004,503401.657143
1757719,IT,BR,NAPHT,PFERT,0.06,35236.012,4,4,35236.009,0.0,0.0,0.0,0.003,587266.866667
1801160,IT,WE,FABRI,PRECI,0.14,35235.069,4,4,35235.066,0.0,0.0,0.0,0.003,251679.064286
1805458,IT,WF,GLASS,PREC1,0.1,35234.843,4,4,35234.841,0.0,0.0,0.0,0.002,352348.43
1725597,IT,RO,WOODW,FABRI,0.1,35234.787,4,4,35234.785,0.0,0.0,0.0,0.002,352347.87
1679490,IT,GR,CHEM1,ELEC1,0.07,35234.528,4,4,35234.524,0.0,0.0,0.0,0.004,503350.4
1657713,IT,DE,CEMEN,WOODW,0.06,35234.214,4,4,35234.212,0.0,0.0,0.0,0.002,587236.9
1665621,IT,ES,WOODW,PRINT,0.1,35231.74,4,4,35231.738,0.0,0.0,0.0,0.002,352317.4
1791824,IT,WA,LANDT,PFERT,0.23,35227.576,4,4,35227.574,0.0,0.0,0.0,0.002,153163.373913
1813205,IT,WM,MOTO1,MEMBE,0.19,35226.877,4,4,35226.875,0.0,0.0,0.0,0.002,185404.615789
1683111,IT,HR,RUBBE,DIST1,0.12,35226.613,4,4,35226.61,0.0,0.0,0.0,0.003,293555.108333
1729667,IT,SE,FABRI,COLLE,0.14,35223.622,4,4,35223.619,0.0,0.0,0.0,0.003,251597.3
1769595,IT,AU,FABRI,VEGET,0.14,35222.357,4,4,35222.354,0.0,0.0,0.0,0.003,251588.264286
1673965,IT,FR,KEROS,RAWMI,0.05,35221.047,4,4,35221.044,0.0,0.0,0.0,0.003,704420.94
1656407,IT,DE,WOODW,POSTT,0.1,35221.016,4,4,35221.014,0.0,0.0,0.0,0.002,352210.16
1642463,IT,AT,ALUM1,SUPPO,0.06,35220.631,4,4,35220.628,0.0,0.0,0.0,0.003,587010.516667
1788136,IT,WA,WEARI,GASDI,0.27,35220.605,4,4,35220.598,0.0,0.0,0.0,0.007,130446.685185
1669443,IT,ES,INSUR,RENTI,0.73,35220.362,4,4,35220.36,0.0,0.0,0.0,0.002,48247.071233
1689575,IT,IE,AIRTR,GLASS,0.04,35218.732,3,3,35218.732,0.0,0.0,0.0,0.0,880468.3
1758872,IT,BR,HOTEL,ALUM1,0.26,35218.466,4,4,35218.463,0.0,0.0,0.0,0.003,135455.638462
1749328,IT,CN,PRINT,CHEM1,0.34,35218.091,4,4,35218.088,0.0,0.0,0.0,0.003,103582.620588
1791109,IT,WA,TRANS,ELEC2,0.21,35216.363,4,4,35216.361,0.0,0.0,0.0,0.002,167696.966667
1715696,IT,NL,NUCLE,PLAST,0.07,35214.295,4,4,35214.292,0.0,0.0,0.0,0.003,503061.357143
1644534,IT,BE,DAIRY,RECRE,0.14,35213.567,4,4,35213.565,0.0,0.0,0.0,0.002,251525.478571
1660152,IT,DE,SUPPO,MOTOR,0.25,35212.659,4,4,35212.657,0.0,0.0,0.0,0.002,140850.636
1787617,IT,WA,MEAT4,FORES,0.19,35212.3,4,4,35212.298,0.0,0.0,0.0,0.002,185327.894737
1741156,IT,US,LEATH,PLAST,0.25,35210.835,4,4,35210.829,0.0,0.0,0.0,0.006,140843.34
1771502,IT,CH,BEVER,93197,0.15,35210.714,4,4,35210.712,0.0,0.0,0.0,0.002,234738.093333
1761706,IT,IN,MACHI,POULT,0.2,35209.93,4,4,35209.927,0.0,0.0,0.0,0.003,176049.65
1711088,IT,LU,ALUM1,RADIO,0.06,35209.657,4,4,35209.654,0.0,0.0,0.0,0.003,586827.616667
1643033,IT,AT,CONST,LANDT,0.2,35207.574,4,4,35207.572,0.0,0.0,0.0,0.002,176037.87
1729054,IT,SE,RUBBE,NONME,0.12,35205.667,4,4,35205.664,0.0,0.0,0.0,0.003,293380.558333
1770832,IT,AU,BUSIN,NATUR,0.36,35205.437,4,4,35205.435,0.0,0.0,0.0,0.002,97792.880556
1757173,IT,BR,CHEMI,FURNI,0.08,35203.795,5,5,35201.792,0.0,0.0,2.0,0.003,440047.4375
1657336,IT,DE,ADDIT,93197,0.08,35203.219,4,4,35203.216,0.0,0.0,0.0,0.003,440040.2375
1720708,IT,PL,MOTO1,93197,0.19,35202.25,4,4,35202.248,0.0,0.0,0.0,0.002,185275.0
1766328,IT,RU,NONME,OFFIC,0.07,35199.623,4,4,35199.619,0.0,0.0,0.0,0.004,502851.757143
1675726,IT,FR,FURNI,SUGA1,0.11,35199.481,4,4,35199.478,0.0,0.0,0.0,0.003,319995.281818
1735128,IT,SK,CHEM1,FOOD4,0.07,35197.102,4,4,35197.098,0.0,0.0,0.0,0.004,502815.742857
1729836,IT,SE,OFFIC,PUBLI,0.11,35196.019,4,4,35196.016,0.0,0.0,0.0,0.003,319963.809091
1749963,IT,CN,CERAM,FABRI,0.05,35195.616,4,4,35195.614,0.0,0.0,0.0,0.002,703912.32
1812484,IT,WM,PREC1,RENTI,0.06,35195.075,4,4,35195.073,0.0,0.0,0.0,0.002,586584.583333
1799437,IT,WE,PAPER,PROCE,0.14,35192.84,4,4,35192.837,0.0,0.0,0.0,0.003,251377.428571
1710031,IT,LT,COPP1,ELECT,0.09,35190.653,4,4,35190.651,0.0,0.0,0.0,0.002,391007.255556
1758010,IT,BR,RUBBE,LIQUI,0.12,35190.454,4,4,35190.451,0.0,0.0,0.0,0.003,293253.783333
1763792,IT,MX,CERAM,WOODW,0.05,35187.486,4,4,35187.484,0.0,0.0,0.0,0.002,703749.72
1669112,IT,ES,SUPPO,RECRE,0.25,35187.265,4,4,35187.263,0.0,0.0,0.0,0.002,140749.06
1715280,IT,NL,PAPER,BRICK,0.14,35186.684,4,4,35186.681,0.0,0.0,0.0,0.003,251333.457143
1644310,IT,BE,FISHF,WHOLE,0.06,35186.147,3,3,35186.147,0.0,0.0,0.0,0.0,586435.783333
1750959,IT,CN,SALEM,PULP5,0.28,35184.231,4,4,35184.229,0.0,0.0,0.0,0.002,125657.967857
1805863,IT,WF,ALUM1,PULP5,0.06,35182.105,4,4,35182.102,0.0,0.0,0.0,0.003,586368.416667
1732989,IT,SI,ALUM1,WOOD2,0.06,35175.986,4,4,35175.983,0.0,0.0,0.0,0.003,586266.433333
1720157,IT,PL,COPP1,HEAVY,0.09,35175.079,4,4,35175.077,0.0,0.0,0.0,0.002,390834.211111
1731821,IT,SI,PAPER,AIRTR,0.14,35174.083,4,4,35174.08,0.0,0.0,0.0,0.003,251243.45
1775783,IT,TR,SANDC,PULP5,0.08,35173.797,4,4,35165.797,0.0,0.0,8.0,0.0,439672.4625
1745506,IT,JP,FOOD5,CONST,0.17,35173.022,4,4,35173.019,0.0,0.0,0.0,0.003,206900.129412
1768862,IT,AU,LEATH,BUSIN,0.25,35172.7,4,4,35172.694,0.0,0.0,0.0,0.006,140690.8
1642666,IT,AT,FABRI,AIRTR,0.14,35170.527,4,4,35170.524,0.0,0.0,0.0,0.003,251218.05
1757806,IT,BR,PFERT,WHEAT,0.02,35169.187,4,4,35169.181,0.0,0.0,0.0,0.006,1758459.35
1758815,IT,BR,RETA1,SUPPO,0.37,35168.413,4,4,35168.411,0.0,0.0,0.0,0.002,95049.764865
1654572,IT,CZ,HOTEL,93197,0.25,35167.548,4,4,35167.545,0.0,0.0,0.0,0.003,140670.192
1769480,IT,AU,BASIC,GLASS,0.04,35166.518,4,4,35166.516,0.0,0.0,0.0,0.002,879162.95
1723760,IT,PT,OFFIC,MEATC,0.11,35166.324,4,4,35166.321,0.0,0.0,0.0,0.003,319693.854545
1641194,IT,AT,PRINT,CONST,0.34,35165.79,4,4,35165.787,0.0,0.0,0.0,0.003,103428.794118
1641522,IT,AT,HEAVY,CHEM1,0.06,35165.03,4,4,35165.027,0.0,0.0,0.0,0.003,586083.833333
1806953,IT,WF,LANDT,NATUR,0.23,35164.893,4,4,35164.891,0.0,0.0,0.0,0.002,152890.83913
1741314,IT,US,PAPER,COLLE,0.14,35164.782,4,4,35164.779,0.0,0.0,0.0,0.003,251177.014286
1671471,IT,FI,MACHI,CEREA,0.2,35164.234,4,4,35164.231,0.0,0.0,0.0,0.003,175821.17
1655899,IT,DE,DAIRY,COMPU,0.14,35163.191,4,4,35163.189,0.0,0.0,0.0,0.002,251165.65
1794704,IT,WL,NAPHT,SALEM,0.06,35161.898,4,4,35161.895,0.0,0.0,0.0,0.003,586031.633333
1786929,IT,ZA,AIRTR,REALE,0.04,35160.726,3,3,35160.726,0.0,0.0,0.0,0.0,879018.15
1665571,IT,ES,LEATH,SALEM,0.25,35159.336,4,4,35159.33,0.0,0.0,0.0,0.006,140637.344
1642725,IT,AT,MACHI,MOTOR,0.2,35158.896,4,4,35158.893,0.0,0.0,0.0,0.003,175794.48
1664611,IT,EE,LANDT,CROPS,0.23,35158.049,4,4,35158.047,0.0,0.0,0.0,0.002,152861.082609
1722303,IT,PT,CEREA,PULP5,0.06,35156.856,4,4,35156.854,0.0,0.0,0.0,0.002,585947.6
1800056,IT,WE,LIQUE,CERAM,0.06,35155.366,4,4,35155.363,0.0,0.0,0.0,0.003,585922.766667
1644778,IT,BE,FISH5,HEALT,0.15,35155.0,4,4,35154.982,0.0,0.0,0.0,0.018,234366.666667
1771713,IT,CH,LEATH,RAWMI,0.25,35154.605,4,4,35154.599,0.0,0.0,0.0,0.006,140618.42
1719172,IT,PL,PLAST,ELEC2,0.07,35151.298,4,4,35151.294,0.0,0.0,0.0,0.004,502161.4
1709519,IT,LT,LEATH,CONST,0.25,35148.629,4,4,35148.623,0.0,0.0,0.0,0.006,140594.516
1745699,IT,JP,WEARI,CATTL,0.26,35147.482,4,4,35147.475,0.0,0.0,0.0,0.007,135182.623077
1643598,IT,AT,AIRTR,WEARI,0.04,35146.337,3,3,35146.337,0.0,0.0,0.0,0.0,878658.425
1793203,IT,WA,93197,HEALT,0.24,35146.208,4,4,35146.205,0.0,0.0,0.0,0.003,146442.533333
1663695,IT,EE,VEGET,BEVER,0.12,35145.017,3,3,35145.017,0.0,0.0,0.0,0.0,292875.141667
1720630,IT,PL,MOTO1,PRINT,0.19,35137.45,4,4,35137.448,0.0,0.0,0.0,0.002,184933.947368
1755538,IT,KR,CHEM1,NONSP,0.07,35135.444,4,4,35135.44,0.0,0.0,0.0,0.004,501934.914286
1676889,IT,FR,TRAN2,BIOG1,0.05,35134.384,3,3,35134.384,0.0,0.0,0.0,0.0,702687.68
1791916,IT,WA,SEACO,OILSE,0.04,35132.68,3,3,35132.68,0.0,0.0,0.0,0.0,878317.0
1798575,IT,WE,CHEMI,BUSIN,0.08,35132.455,5,5,35130.452,0.0,0.0,2.0,0.003,439155.6875
1811310,IT,WM,BITU1,OFFIC,0.06,35131.75,4,4,35131.747,0.0,0.0,0.0,0.003,585529.166667
1735263,IT,SK,GLASS,LEATH,0.1,35129.716,4,4,35129.714,0.0,0.0,0.0,0.002,351297.16
1791996,IT,WA,SEACO,AUXIL,0.04,35129.337,3,3,35129.337,0.0,0.0,0.0,0.0,878233.425
1719795,IT,PL,BASIC,WHITE,0.04,35124.472,4,4,35124.47,0.0,0.0,0.0,0.002,878111.8
1798584,IT,WE,MEATC,TOBAC,0.12,35119.738,5,5,35118.736,0.0,1.0,0.0,0.002,292664.483333
1682531,IT,HR,MOTOR,WHEAT,0.05,35118.423,4,4,35118.42,0.0,0.0,0.0,0.003,702368.46
1683843,IT,HR,MOTO1,NONF1,0.19,35113.699,4,4,35113.697,0.0,0.0,0.0,0.002,184808.942105
1770265,IT,AU,HOTEL,CERAM,0.25,35111.231,4,4,35111.228,0.0,0.0,0.0,0.003,140444.924
1660747,IT,DE,RENTI,EDUCA,0.21,35111.105,4,4,35111.103,0.0,0.0,0.0,0.002,167195.738095
1766074,IT,RU,RUBBE,RAWMI,0.12,35110.299,4,4,35110.296,0.0,0.0,0.0,0.003,292585.825
1644699,IT,BE,BEVER,FABRI,0.15,35110.222,4,4,35110.22,0.0,0.0,0.0,0.002,234068.146667
1684299,IT,HR,AIRTR,COMPU,0.04,35109.991,3,3,35109.991,0.0,0.0,0.0,0.0,877749.775
1813584,IT,WM,WHOLE,DISTR,0.3,35108.631,4,4,35108.629,0.0,0.0,0.0,0.002,117028.77
1767538,IT,RU,AIRTR,ALUM1,0.04,35108.394,3,3,35108.394,0.0,0.0,0.0,0.0,877709.85
1761033,IT,IN,PLAST,LIQUE,0.07,35108.112,4,4,35108.108,0.0,0.0,0.0,0.004,501544.457143
1711042,IT,LU,BASIC,NONF1,0.04,35107.942,4,4,35107.94,0.0,0.0,0.0,0.002,877698.55
1644094,IT,AT,BUSIN,HEALT,0.36,35107.314,4,4,35107.312,0.0,0.0,0.0,0.002,97520.316667
1806892,IT,WF,HOTEL,DISTR,0.25,35106.292,4,4,35106.289,0.0,0.0,0.0,0.003,140425.168
1725322,IT,RO,BEVER,PUBLI,0.15,35105.418,4,4,35105.416,0.0,0.0,0.0,0.002,234036.12
1751922,IT,CN,COMPU,TRANS,0.4,35103.405,4,4,35103.403,0.0,0.0,0.0,0.002,87758.5125
1674160,IT,FR,HEAVY,BUSIN,0.06,35101.967,4,4,35101.964,0.0,0.0,0.0,0.003,585032.783333
1689688,IT,IE,POSTT,REALE,0.58,35101.828,4,4,35101.825,0.0,0.0,0.0,0.003,60520.393103
1715839,IT,NL,RUBBE,PREC1,0.12,35099.639,4,4,35099.636,0.0,0.0,0.0,0.003,292496.991667
1647494,IT,BE,SUPPO,KEROS,0.25,35099.3,4,4,35099.298,0.0,0.0,0.0,0.002,140397.2
1667995,IT,ES,TRANS,REALE,0.21,35097.189,4,4,35097.187,0.0,0.0,0.0,0.002,167129.471429
1679757,IT,GR,BASIC,ELEC1,0.04,35094.523,4,4,35094.521,0.0,0.0,0.0,0.002,877363.075
1776551,IT,TR,KERO1,NONF1,0.05,35093.329,4,4,35093.326,0.0,0.0,0.0,0.003,701866.58
1771542,IT,CH,TEXTI,PRINT,0.21,35092.736,4,4,35092.731,0.0,0.0,0.0,0.005,167108.266667
1734731,IT,SK,LEATH,HOTEL,0.25,35089.873,4,4,35089.867,0.0,0.0,0.0,0.006,140359.492
1710403,IT,LT,HOTEL,PUBLI,0.25,35089.606,4,4,35089.603,0.0,0.0,0.0,0.003,140358.424
1688628,IT,IE,PLAST,LIQUE,0.07,35088.753,4,4,35088.749,0.0,0.0,0.0,0.004,501267.9
1729243,IT,SE,CERAM,PUBLI,0.05,35085.904,4,4,35085.902,0.0,0.0,0.0,0.002,701718.08
1679129,IT,GR,PAPER,OFFIC,0.14,35085.812,4,4,35085.809,0.0,0.0,0.0,0.003,250612.942857
1722429,IT,PT,VEGE1,CROPS,0.11,35084.64,4,4,35084.632,0.0,0.0,0.0,0.008,318951.272727
1742056,IT,US,RUBBE,MEATC,0.12,35081.588,4,4,35081.585,0.0,0.0,0.0,0.003,292346.566667
1740331,IT,GB,PUBLI,LANDT,0.57,35080.313,4,4,35080.311,0.0,0.0,0.0,0.002,61544.408772
1657508,IT,DE,RUBBE,MEMBE,0.12,35078.44,4,4,35078.437,0.0,0.0,0.0,0.003,292320.333333
1668037,IT,ES,FURNI,OFFIC,0.11,35077.94,4,4,35077.937,0.0,0.0,0.0,0.003,318890.363636
1777362,IT,TR,GLASS,RENTI,0.1,35074.409,4,4,35074.407,0.0,0.0,0.0,0.002,350744.09
1711112,IT,LU,LEAD1,MOTO1,0.06,35072.713,4,4,35072.71,0.0,0.0,0.0,0.003,584545.216667
1750798,IT,CN,FURNI,MEAT4,0.11,35071.956,4,4,35071.953,0.0,0.0,0.0,0.003,318835.963636
1770594,IT,AU,POSTT,CONST,0.58,35066.717,4,4,35066.714,0.0,0.0,0.0,0.003,60459.856897
1689123,IT,IE,SALEM,WOODW,0.28,35066.081,4,4,35066.079,0.0,0.0,0.0,0.002,125236.003571
1763345,IT,MX,PRINT,FOOD5,0.34,35065.438,4,4,35065.435,0.0,0.0,0.0,0.003,103133.641176
1788920,IT,WA,HEAVY,ALUMI,0.06,35064.925,4,4,35064.922,0.0,0.0,0.0,0.003,584415.416667
1664626,IT,EE,LANDT,TEXTI,0.23,35064.393,4,4,35064.391,0.0,0.0,0.0,0.002,152453.882609
1718935,IT,PL,PRINT,TRANS,0.34,35062.337,4,4,35062.334,0.0,0.0,0.0,0.003,103124.520588
1800711,IT,WE,CEMEN,TRANS,0.06,35060.727,4,4,35060.725,0.0,0.0,0.0,0.002,584345.45
1785712,IT,ZA,NAPHT,NONF1,0.06,35058.05,4,4,35058.047,0.0,0.0,0.0,0.003,584300.833333
1778237,IT,TR,FURNI,COMPU,0.11,35057.948,4,4,35057.945,0.0,0.0,0.0,0.003,318708.618182
1684820,IT,HU,FISHF,FURNI,0.06,35054.66,3,3,35054.66,0.0,0.0,0.0,0.0,584244.333333
1730162,IT,SE,LANDT,PULP5,0.23,35052.645,4,4,35052.643,0.0,0.0,0.0,0.002,152402.804348
1798301,IT,WE,CROPS,LEATH,0.28,35052.356,4,4,35052.354,0.0,0.0,0.0,0.002,125186.985714
1719615,IT,PL,CERAM,ELEC2,0.05,35052.165,4,4,35052.163,0.0,0.0,0.0,0.002,701043.3
1801800,IT,WE,ELEC4,93197,0.56,35051.475,4,4,35051.473,0.0,0.0,0.0,0.002,62591.919643
1743381,IT,US,SALEM,ELEC3,0.28,35050.258,4,4,35050.256,0.0,0.0,0.0,0.002,125179.492857
1800322,IT,WE,PFERT,HOTEL,0.02,35047.974,4,4,35047.968,0.0,0.0,0.0,0.006,1752398.7
1784502,IT,ID,FABRI,PFERT,0.14,35047.593,4,4,35047.59,0.0,0.0,0.0,0.003,250339.95
1798562,IT,WE,CHEMI,CEMEN,0.08,35047.443,5,5,35045.44,0.0,0.0,2.0,0.003,438093.0375
1797601,IT,WL,HEALT,RECRE,0.18,35045.724,3,3,35045.724,0.0,0.0,0.0,0.0,194698.466667
1683625,IT,HR,FABRI,TOBAC,0.14,35045.469,4,4,35045.466,0.0,0.0,0.0,0.003,250324.778571
1686022,IT,HU,BIODI,RETA1,0.07,35045.443,4,4,35045.439,0.0,0.0,0.0,0.004,500649.185714
1742357,IT,US,NONME,PRINT,0.07,35044.876,4,4,35044.872,0.0,0.0,0.0,0.004,500641.085714
1780349,IT,TW,AIRTR,LUBRI,0.04,35044.576,3,3,35044.576,0.0,0.0,0.0,0.0,876114.4
1764864,IT,MX,AIRTR,FISH5,0.04,35043.893,3,3,35043.893,0.0,0.0,0.0,0.0,876097.325
1787242,IT,WA,VEGET,MOTOR,0.12,35042.286,3,3,35042.286,0.0,0.0,0.0,0.0,292019.05
1658083,IT,DE,ALUM1,VEGET,0.06,35039.549,4,4,35039.546,0.0,0.0,0.0,0.003,583992.483333
1679230,IT,GR,KEROS,KEROS,0.05,35039.437,4,4,35039.434,0.0,0.0,0.0,0.003,700788.74
1781823,IT,NO,NONSP,SECO9,0.05,35039.412,4,4,35039.41,0.0,0.0,0.0,0.002,700788.24
1811774,IT,WM,ADDIT,MEDIC,0.08,35039.009,4,4,35039.006,0.0,0.0,0.0,0.003,437987.6125
1802229,IT,WE,RAILW,RAILW,0.23,35037.234,4,4,35037.232,0.0,0.0,0.0,0.002,152335.8
1781491,IT,NO,BEVER,HEALT,0.15,35037.051,4,4,35037.049,0.0,0.0,0.0,0.002,233580.34
1738472,IT,GB,COPP1,CEMEN,0.09,35036.546,4,4,35036.544,0.0,0.0,0.0,0.002,389294.955556
1652270,IT,CZ,FOOD5,EDUCA,0.17,35035.962,4,4,35035.959,0.0,0.0,0.0,0.003,206093.894118
1744061,IT,US,AIRTR,FOOD4,0.04,35035.769,3,3,35035.769,0.0,0.0,0.0,0.0,875894.225
1718982,IT,PL,PRINT,93197,0.34,35035.043,4,4,35035.04,0.0,0.0,0.0,0.003,103044.244118
1651189,IT,BG,BUSIN,FABRI,0.36,35033.505,4,4,35033.503,0.0,0.0,0.0,0.002,97315.291667
1780811,IT,TW,COMPU,MOTOR,0.4,35031.206,4,4,35031.204,0.0,0.0,0.0,0.002,87578.015
1753717,IT,CA,TRANS,LANDT,0.21,35030.997,4,4,35030.995,0.0,0.0,0.0,0.002,166814.271429
1774739,IT,CH,SUPPO,HOTEL,0.25,35030.481,4,4,35030.479,0.0,0.0,0.0,0.002,140121.924
1812176,IT,WM,NONME,POULT,0.07,35027.192,4,4,35027.188,0.0,0.0,0.0,0.004,500388.457143
1717195,IT,NL,SUPPO,FOOD5,0.25,35025.113,4,4,35025.111,0.0,0.0,0.0,0.002,140100.452
1686250,IT,HU,CERAM,BASIC,0.05,35024.842,4,4,35024.84,0.0,0.0,0.0,0.002,700496.84
1729779,IT,SE,MACHI,COLLE,0.2,35024.709,4,4,35024.706,0.0,0.0,0.0,0.003,175123.545
1640533,IT,AT,FOOD5,MEAT4,0.17,35024.596,4,4,35024.593,0.0,0.0,0.0,0.003,206027.035294
1672432,IT,FI,BUSIN,EDUCA,0.36,35023.65,4,4,35023.648,0.0,0.0,0.0,0.002,97287.916667
1720441,IT,PL,MACHI,BRICK,0.2,35019.664,4,4,35019.661,0.0,0.0,0.0,0.003,175098.32
1745574,IT,JP,BEVER,MEMBE,0.15,35019.565,4,4,35019.563,0.0,0.0,0.0,0.002,233463.766667
1769007,IT,AU,PAPER,93197,0.14,35017.837,4,4,35017.834,0.0,0.0,0.0,0.003,250127.407143
1645983,IT,BE,CEMEN,WHOLE,0.06,35016.794,4,4,35016.792,0.0,0.0,0.0,0.002,583613.233333
1672838,IT,FR,MEAT4,EDUCA,0.19,35015.566,4,4,35015.564,0.0,0.0,0.0,0.002,184292.452632
1736362,IT,SK,LANDT,WHEAT,0.23,35013.417,4,4,35013.415,0.0,0.0,0.0,0.002,152232.247826
1652282,IT,CZ,BEVER,MEATP,0.15,35011.648,4,4,35011.646,0.0,0.0,0.0,0.002,233410.986667
1811803,IT,WM,ADDIT,COMPU,0.08,35008.355,4,4,35008.352,0.0,0.0,0.0,0.003,437604.4375
1722952,IT,PT,HEAVY,PAPER,0.06,35007.968,4,4,35007.965,0.0,0.0,0.0,0.003,583466.133333
1641871,IT,AT,BIODI,FORES,0.07,35007.09,4,4,35007.086,0.0,0.0,0.0,0.004,500101.285714
1722131,IT,PL,BUSIN,ELEC5,0.36,35005.344,4,4,35005.342,0.0,0.0,0.0,0.002,97237.066667
1682696,IT,HR,GASDI,POULT,0.05,35003.632,4,4,35003.629,0.0,0.0,0.0,0.003,700072.64
1680866,IT,GR,LANDT,PULP5,0.23,35002.376,4,4,35002.374,0.0,0.0,0.0,0.002,152184.243478
1753784,IT,CA,FURNI,RESEA,0.11,34997.162,4,4,34997.159,0.0,0.0,0.0,0.003,318156.018182
1787450,IT,WA,STONE,BIODI,0.11,34996.351,5,5,34994.349,0.0,0.0,2.0,0.002,318148.645455
1772022,IT,CH,PRINT,WOODW,0.34,34995.936,4,4,34995.933,0.0,0.0,0.0,0.003,102929.223529
1740407,IT,GB,HEALT,BUSIN,0.18,34995.674,3,3,34995.674,0.0,0.0,0.0,0.0,194420.411111
1713373,IT,MT,HEAVY,MEAT1,0.06,34995.285,4,4,34995.282,0.0,0.0,0.0,0.003,583254.75
1785254,IT,ZA,TEXTI,RADIO,0.21,34994.97,4,4,34994.965,0.0,0.0,0.0,0.005,166642.714286
1776496,IT,TR,MOTOR,HOTEL,0.05,34994.798,4,4,34994.795,0.0,0.0,0.0,0.003,699895.96
1743000,IT,US,OFFIC,PAPER,0.11,34994.164,4,4,34994.161,0.0,0.0,0.0,0.003,318128.763636
1644775,IT,BE,FISH5,BUSIN,0.15,34992.223,4,4,34992.205,0.0,0.0,0.0,0.018,233281.486667
1790770,IT,WA,MACHI,SUGA1,0.2,34989.731,4,4,34989.728,0.0,0.0,0.0,0.003,174948.655
1769207,IT,AU,CHEM1,WASTE,0.07,34987.885,4,4,34987.881,0.0,0.0,0.0,0.004,499826.928571
1758452,IT,BR,MACHI,OILSE,0.2,34987.441,4,4,34987.438,0.0,0.0,0.0,0.003,174937.205
1803883,IT,WF,WEARI,POULT,0.26,34986.865,4,4,34986.858,0.0,0.0,0.0,0.007,134564.865385
1646146,IT,BE,PREC1,LANDT,0.06,34985.937,4,4,34985.935,0.0,0.0,0.0,0.002,583098.95
1684289,IT,HR,AIRTR,CONST,0.04,34985.489,3,3,34985.489,0.0,0.0,0.0,0.0,874637.225
1778095,IT,TR,MOTO1,COPP1,0.19,34984.65,4,4,34984.648,0.0,0.0,0.0,0.002,184129.736842
1748476,IT,CN,STONE,TRANS,0.11,34981.326,5,5,34979.324,0.0,0.0,2.0,0.002,318012.054545
1727080,IT,RO,LANDT,WHEAT,0.23,34981.323,4,4,34981.321,0.0,0.0,0.0,0.002,152092.708696
1761967,IT,IN,FURNI,FINAN,0.11,34981.247,4,4,34981.244,0.0,0.0,0.0,0.003,318011.336364
1757177,IT,BR,CHEMI,MEMBE,0.08,34979.466,5,5,34977.463,0.0,0.0,2.0,0.003,437243.325
1808922,IT,WM,CEREA,BEVER,0.06,34978.9,4,4,34978.898,0.0,0.0,0.0,0.002,582981.666667
1720362,IT,PL,FABRI,PAPE4,0.14,34975.908,4,4,34975.905,0.0,0.0,0.0,0.003,249827.914286
1728111,IT,SE,VEGE1,CHEM1,0.11,34974.762,4,4,34974.754,0.0,0.0,0.0,0.008,317952.381818
1739141,IT,GB,RETA1,POULT,0.37,34973.225,4,4,34973.223,0.0,0.0,0.0,0.002,94522.22973
1716837,IT,NL,HOTEL,TEXTI,0.25,34970.288,4,4,34970.285,0.0,0.0,0.0,0.003,139881.152
1802630,IT,WE,REALE,WHOLE,1.48,34968.525,4,4,34968.523,0.0,0.0,0.0,0.002,23627.381757
1645310,IT,BE,KEROS,COMPU,0.05,34968.392,4,4,34968.389,0.0,0.0,0.0,0.003,699367.84
1658670,IT,DE,OFFIC,STONE,0.11,34963.996,4,4,34963.993,0.0,0.0,0.0,0.003,317854.509091
1729807,IT,SE,MACHI,WOOD1,0.2,34963.877,4,4,34963.874,0.0,0.0,0.0,0.003,174819.385
1752439,IT,CA,DAIRY,TEXTI,0.14,34962.238,4,4,34962.236,0.0,0.0,0.0,0.002,249730.271429
1731506,IT,SI,FISH5,MEAT1,0.15,34961.155,4,4,34961.137,0.0,0.0,0.0,0.018,233074.366667
1734986,IT,SK,NONSP,MOTOR,0.05,34960.284,4,4,34960.282,0.0,0.0,0.0,0.002,699205.68
1660681,IT,DE,RENTI,PIGS9,0.21,34954.566,4,4,34954.564,0.0,0.0,0.0,0.002,166450.314286
1645968,IT,BE,CERAM,93197,0.05,34951.675,4,4,34951.673,0.0,0.0,0.0,0.002,699033.5
1801628,IT,WE,FURNI,CROPS,0.11,34949.51,4,4,34949.507,0.0,0.0,0.0,0.003,317722.818182
1648502,IT,BG,OILSE,REALE,0.03,34947.561,4,4,34947.559,0.0,0.0,0.0,0.002,1164918.7
1755989,IT,KR,ALUM1,CONST,0.06,34943.804,4,4,34943.801,0.0,0.0,0.0,0.003,582396.733333
1673912,IT,FR,MOTOR,KEROS,0.05,34943.707,4,4,34943.704,0.0,0.0,0.0,0.003,698874.14
1791300,IT,WA,CONST,POSTT,0.2,34943.259,4,4,34943.257,0.0,0.0,0.0,0.002,174716.295
1738073,IT,GB,RUBBE,FOUND,0.12,34941.979,4,4,34941.976,0.0,0.0,0.0,0.003,291183.158333
1740984,IT,US,BEVER,CONST,0.15,34938.283,4,4,34938.281,0.0,0.0,0.0,0.002,232921.886667
1663511,IT,DK,RENTI,RENTI,0.21,34935.466,4,4,34935.464,0.0,0.0,0.0,0.002,166359.361905
1795981,IT,WL,MOTO1,NONF1,0.19,34933.582,4,4,34933.58,0.0,0.0,0.0,0.002,183860.957895
1646871,IT,BE,WHOLE,MEATP,0.3,34932.65,4,4,34932.648,0.0,0.0,0.0,0.002,116442.166667
1648254,IT,BE,BUSIN,FOODW,0.36,34932.122,4,4,34932.12,0.0,0.0,0.0,0.002,97033.672222
1671791,IT,FI,WHOLE,FINAN,0.3,34929.971,4,4,34929.969,0.0,0.0,0.0,0.002,116433.236667
1647014,IT,BE,RETA1,TRANS,0.36,34929.654,4,4,34929.652,0.0,0.0,0.0,0.002,97026.816667
1723031,IT,PT,PLAST,CONST,0.07,34927.081,4,4,34927.077,0.0,0.0,0.0,0.004,498958.3
1657384,IT,DE,RUBBE,LIGNI,0.12,34925.902,4,4,34925.899,0.0,0.0,0.0,0.003,291049.183333
1712228,IT,LV,PAPER,OFFIC,0.14,34925.38,4,4,34925.377,0.0,0.0,0.0,0.003,249467.0
1786343,IT,ZA,MACHI,NATUR,0.19,34925.015,4,4,34925.012,0.0,0.0,0.0,0.003,183815.868421
1807055,IT,WF,SEACO,PADDY,0.04,34924.744,3,3,34924.744,0.0,0.0,0.0,0.0,873118.6
1786548,IT,ZA,FURNI,FABRI,0.11,34919.376,4,4,34919.373,0.0,0.0,0.0,0.003,317448.872727
1715495,IT,NL,KERO1,HEAVY,0.05,34918.904,4,4,34918.901,0.0,0.0,0.0,0.003,698378.08
1677069,IT,FR,SUPPO,COPP1,0.25,34918.613,4,4,34918.611,0.0,0.0,0.0,0.002,139674.452
1790878,IT,WA,OFFIC,MEATA,0.11,34918.471,4,4,34918.468,0.0,0.0,0.0,0.003,317440.645455
1793614,IT,WL,VEGE1,PUBLI,0.11,34918.084,4,4,34918.076,0.0,0.0,0.0,0.008,317437.127273
1677469,IT,FR,AUXIL,FORES,0.64,34915.718,4,4,34915.716,0.0,0.0,0.0,0.002,54555.809375
1750178,IT,CN,ALUM1,PREC1,0.06,34915.717,4,4,34915.714,0.0,0.0,0.0,0.003,581928.616667
1767371,IT,RU,LANDT,CATTL,0.23,34913.38,4,4,34913.378,0.0,0.0,0.0,0.002,151797.304348
1754941,IT,KR,TEXTI,PLAST,0.21,34912.67,4,4,34912.665,0.0,0.0,0.0,0.005,166250.809524
1671034,IT,FI,RUBBE,LEATH,0.12,34912.437,4,4,34912.434,0.0,0.0,0.0,0.003,290936.975
1788785,IT,WA,KEROS,KERO1,0.05,34911.817,4,4,34911.814,0.0,0.0,0.0,0.003,698236.34
1777443,IT,TR,NONME,ELEC2,0.07,34911.236,4,4,34911.232,0.0,0.0,0.0,0.004,498731.942857
1724159,IT,PT,RETA1,REALE,0.36,34908.012,4,4,34908.01,0.0,0.0,0.0,0.002,96966.7
1727951,IT,SE,OILSE,LANDT,0.03,34903.898,4,4,34903.896,0.0,0.0,0.0,0.002,1163463.266667
1738148,IT,GB,GLASS,BASIC,0.1,34903.492,4,4,34903.49,0.0,0.0,0.0,0.002,349034.92
1677578,IT,FR,REALE,PRINT,1.47,34901.632,4,4,34901.63,0.0,0.0,0.0,0.002,23742.606803
1766682,IT,RU,FABRI,TRAN2,0.14,34899.896,4,4,34899.893,0.0,0.0,0.0,0.003,249284.971429
1653213,IT,CZ,RUBBE,MEATP,0.12,34898.41,4,4,34898.407,0.0,0.0,0.0,0.003,290820.083333
1805272,IT,WF,ADDIT,CEREA,0.08,34894.934,4,4,34894.931,0.0,0.0,0.0,0.003,436186.675
1806774,IT,WF,RETA1,MEATA,0.36,34894.55,4,4,34894.548,0.0,0.0,0.0,0.002,96929.305556
1723332,IT,PT,NONME,PLAST,0.07,34894.343,4,4,34894.339,0.0,0.0,0.0,0.004,498490.614286
1690056,IT,IE,RENTI,PAPER,0.21,34890.735,4,4,34890.733,0.0,0.0,0.0,0.002,166146.357143
1651190,IT,BG,BUSIN,MACHI,0.36,34888.803,4,4,34888.801,0.0,0.0,0.0,0.002,96913.341667
1782700,IT,NO,WHOLE,MEMBE,0.3,34885.653,4,4,34885.651,0.0,0.0,0.0,0.002,116285.51
1786864,IT,ZA,SEACO,PAPER,0.04,34879.622,3,3,34879.622,0.0,0.0,0.0,0.0,871990.55
1800872,IT,WE,PREC1,POULT,0.06,34879.238,4,4,34879.236,0.0,0.0,0.0,0.002,581320.633333
1666847,IT,ES,GLASS,SUGA1,0.1,34878.128,4,4,34878.126,0.0,0.0,0.0,0.002,348781.28
1745391,IT,JP,VEGE1,SUPPO,0.11,34874.107,4,4,34874.099,0.0,0.0,0.0,0.008,317037.336364
1753995,IT,CA,LANDT,LANDT,0.22,34872.609,4,4,34872.607,0.0,0.0,0.0,0.002,158511.859091
1794213,IT,WL,PRINT,DISTR,0.33,34870.846,4,4,34870.843,0.0,0.0,0.0,0.003,105669.230303
1746193,IT,JP,CHEM1,SUGAR,0.07,34869.797,4,4,34869.793,0.0,0.0,0.0,0.004,498139.957143
1688772,IT,IE,RUBBE,MACHI,0.12,34868.564,4,4,34868.561,0.0,0.0,0.0,0.003,290571.366667
1687550,IT,HU,LANDT,ELEC1,0.22,34867.018,4,4,34867.016,0.0,0.0,0.0,0.002,158486.445455
1739263,IT,GB,HOTEL,DAIRY,0.25,34866.747,4,4,34866.744,0.0,0.0,0.0,0.003,139466.988
1656190,IT,DE,TEXTI,GLASS,0.21,34864.61,4,4,34864.605,0.0,0.0,0.0,0.005,166021.952381
1688234,IT,IE,CEREA,FORES,0.06,34863.895,4,4,34863.893,0.0,0.0,0.0,0.002,581064.916667
1642721,IT,AT,MACHI,PAPER,0.19,34862.87,4,4,34862.867,0.0,0.0,0.0,0.003,183488.789474
1735091,IT,SK,CHEM1,FOUND,0.07,34862.619,4,4,34862.615,0.0,0.0,0.0,0.004,498037.414286
1663847,IT,EE,TEXTI,MOTO1,0.21,34859.404,4,4,34859.399,0.0,0.0,0.0,0.005,165997.161905
1795815,IT,WL,MACHI,ELEC6,0.19,34859.4,4,4,34859.397,0.0,0.0,0.0,0.003,183470.526316
1766750,IT,RU,MACHI,MEAT1,0.19,34855.79,4,4,34855.787,0.0,0.0,0.0,0.003,183451.526316
1796008,IT,WL,MOTO1,RAILW,0.19,34854.57,4,4,34854.568,0.0,0.0,0.0,0.002,183445.105263
1681725,IT,HR,CRUDE,MEAT4,0.07,34853.792,4,4,34853.789,0.0,0.0,0.0,0.003,497911.314286
1771751,IT,CH,LEATH,MACHI,0.25,34852.929,4,4,34852.923,0.0,0.0,0.0,0.006,139411.716
1724924,IT,PT,BUSIN,AUXIL,0.36,34852.779,4,4,34852.777,0.0,0.0,0.0,0.002,96813.275
1666074,IT,ES,GASDI,MEATA,0.05,34851.592,4,4,34851.589,0.0,0.0,0.0,0.003,697031.84
1731925,IT,SI,MOTOR,ALUM1,0.05,34848.238,4,4,34848.235,0.0,0.0,0.0,0.003,696964.76
1663728,IT,EE,DAIRY,FOOD5,0.14,34848.219,4,4,34848.217,0.0,0.0,0.0,0.002,248915.85
1724084,IT,PT,WHOLE,HOTEL,0.3,34846.744,4,4,34846.742,0.0,0.0,0.0,0.002,116155.813333
1804602,IT,WF,HEAVY,KERO1,0.06,34845.572,4,4,34845.569,0.0,0.0,0.0,0.003,580759.533333
1672983,IT,FR,DAIRY,93197,0.14,34844.904,4,4,34844.902,0.0,0.0,0.0,0.002,248892.171429
1665425,IT,ES,TEXTI,TRAN2,0.21,34843.488,4,4,34843.483,0.0,0.0,0.0,0.005,165921.371429
1688763,IT,IE,RUBBE,FISH5,0.12,34842.995,4,4,34842.992,0.0,0.0,0.0,0.003,290358.291667
1812130,IT,WM,BRICK,RETA1,0.05,34840.415,4,4,34840.413,0.0,0.0,0.0,0.002,696808.3
1681566,IT,GR,BUSIN,RAILW,0.36,34837.262,4,4,34837.26,0.0,0.0,0.0,0.002,96770.172222
1640873,IT,AT,LEATH,LIQUE,0.25,34836.846,4,4,34836.84,0.0,0.0,0.0,0.006,139347.384
1682040,IT,HR,BEVER,EDUCA,0.15,34834.748,4,4,34834.746,0.0,0.0,0.0,0.002,232231.653333
1789516,IT,WA,ADDIT,RADIO,0.08,34831.61,4,4,34831.607,0.0,0.0,0.0,0.003,435395.125
1812494,IT,WM,PREC1,PRIVA,0.06,34830.533,4,4,34830.531,0.0,0.0,0.0,0.002,580508.883333
1752848,IT,CA,PRINT,PRINT,0.33,34829.771,4,4,34829.768,0.0,0.0,0.0,0.003,105544.760606
1658168,IT,DE,ALUM1,STEAM,0.06,34829.056,4,4,34829.053,0.0,0.0,0.0,0.003,580484.266667
1793610,IT,WL,VEGE1,AUXIL,0.11,34828.77,4,4,34828.762,0.0,0.0,0.0,0.008,316625.181818
1655637,IT,DE,CHEMI,VEGET,0.08,34828.686,5,5,34826.683,0.0,0.0,2.0,0.003,435358.575
1722408,IT,PT,MEAT1,FOOD5,0.16,34826.52,4,4,34826.516,0.0,0.0,0.0,0.004,217665.75
1733755,IT,SI,LANDT,PLAST,0.22,34825.477,4,4,34825.475,0.0,0.0,0.0,0.002,158297.622727
1729225,IT,SE,CERAM,OXYGE,0.05,34824.127,4,4,34824.125,0.0,0.0,0.0,0.002,696482.54
1727959,IT,SE,OILSE,93197,0.03,34821.349,4,4,34821.347,0.0,0.0,0.0,0.002,1160711.633333
1777647,IT,TR,ALUM1,93197,0.06,34821.313,4,4,34821.31,0.0,0.0,0.0,0.003,580355.216667
1740873,IT,US,DAIRY,RETA1,0.14,34818.992,4,4,34818.99,0.0,0.0,0.0,0.002,248707.085714
1729566,IT,SE,COPP1,STEAM,0.09,34818.928,4,4,34818.926,0.0,0.0,0.0,0.002,386876.977778
1672746,IT,FR,MEATC,MEAT1,0.12,34818.526,5,5,34817.524,0.0,1.0,0.0,0.002,290154.383333
1806120,IT,WF,FABRI,KEROS,0.14,34817.608,4,4,34817.606,0.0,0.0,0.0,0.002,248697.2
1652749,IT,CZ,PAPER,STEAM,0.13,34815.45,4,4,34815.447,0.0,0.0,0.0,0.003,267811.153846
1688733,IT,IE,CHEM1,FOOD4,0.07,34813.777,4,4,34813.773,0.0,0.0,0.0,0.004,497339.671429
1773072,IT,CH,ALUM1,REALE,0.06,34813.762,4,4,34813.759,0.0,0.0,0.0,0.003,580229.366667
1785647,IT,ZA,HEAVY,NFERT,0.06,34812.271,4,4,34812.268,0.0,0.0,0.0,0.003,580204.516667
1775930,IT,TR,FOOD5,PLAST,0.17,34809.507,4,4,34809.504,0.0,0.0,0.0,0.003,204761.805882
1640829,IT,AT,WEARI,RESEA,0.26,34807.649,4,4,34807.642,0.0,0.0,0.0,0.007,133875.573077
1765607,IT,RU,WOODW,RUBBE,0.1,34806.935,4,4,34806.933,0.0,0.0,0.0,0.002,348069.35
1719690,IT,PL,NONME,PAPER,0.07,34805.127,4,4,34805.123,0.0,0.0,0.0,0.004,497216.1
1640655,IT,AT,BEVER,RENTI,0.15,34802.901,4,4,34802.899,0.0,0.0,0.0,0.002,232019.34
1730359,IT,SE,SUPPO,LANDT,0.25,34799.179,4,4,34799.177,0.0,0.0,0.0,0.002,139196.716
1668800,IT,ES,LANDT,FOOD1,0.22,34798.905,4,4,34798.903,0.0,0.0,0.0,0.002,158176.840909
1662391,IT,DK,BASIC,FOODW,0.04,34794.018,4,4,34794.016,0.0,0.0,0.0,0.002,869850.45
1641775,IT,AT,CHEM1,REFI1,0.07,34792.933,4,4,34792.929,0.0,0.0,0.0,0.004,497041.9
1810424,IT,WM,PULP5,KEROS,0.11,34792.01,4,4,34792.007,0.0,0.0,0.0,0.003,316291.0
1751748,IT,CN,INSUR,PUBLI,0.72,34790.246,4,4,34790.244,0.0,0.0,0.0,0.002,48319.786111
1646252,IT,BE,LEAD1,OFFIC,0.06,34790.085,4,4,34790.082,0.0,0.0,0.0,0.003,579834.75
1667286,IT,ES,ALUM1,CEMEN,0.06,34789.516,4,4,34789.513,0.0,0.0,0.0,0.003,579825.266667
1672117,IT,FI,POSTT,STEAM,0.57,34789.215,4,4,34789.212,0.0,0.0,0.0,0.003,61033.710526
1686471,IT,HU,BASIC,93197,0.04,34788.299,4,4,34788.297,0.0,0.0,0.0,0.002,869707.475
1686180,IT,HU,GLASS,LEATH,0.1,34788.241,4,4,34788.239,0.0,0.0,0.0,0.002,347882.41
1733851,IT,SI,TRAN2,SEACO,0.05,34787.358,3,3,34787.358,0.0,0.0,0.0,0.0,695747.16
1753831,IT,CA,WHOLE,MOTO1,0.3,34786.345,4,4,34786.343,0.0,0.0,0.0,0.002,115954.483333
1757689,IT,BR,HEAVY,MACHI,0.06,34786.037,4,4,34786.034,0.0,0.0,0.0,0.003,579767.283333
1664064,IT,EE,CHEM1,HEAVY,0.07,34785.848,4,4,34785.844,0.0,0.0,0.0,0.004,496940.685714
1740052,IT,GB,RENTI,DISTR,0.21,34785.586,4,4,34785.584,0.0,0.0,0.0,0.002,165645.647619
1679587,IT,GR,RUBBE,ELEC4,0.12,34783.749,4,4,34783.746,0.0,0.0,0.0,0.003,289864.575
1712814,IT,LV,AIRTR,RECRE,0.04,34783.406,3,3,34783.406,0.0,0.0,0.0,0.0,869585.15
1814500,IT,WM,RESEA,CHEM1,0.19,34783.255,4,4,34783.253,0.0,0.0,0.0,0.002,183069.763158
1764402,IT,MX,MOTO1,POSTT,0.19,34775.298,4,4,34775.296,0.0,0.0,0.0,0.002,183027.884211
1645955,IT,BE,CERAM,SEACO,0.05,34775.291,4,4,34775.289,0.0,0.0,0.0,0.002,695505.82
1809486,IT,WM,MEAT1,MEAT1,0.16,34774.191,4,4,34774.187,0.0,0.0,0.0,0.004,217338.69375
1667479,IT,ES,FABRI,MEATC,0.14,34773.017,4,4,34773.015,0.0,0.0,0.0,0.002,248378.692857
1794793,IT,WL,PLAST,LIQUE,0.07,34772.191,4,4,34772.187,0.0,0.0,0.0,0.004,496745.585714
1766544,IT,RU,COPP1,NONF1,0.09,34770.278,4,4,34770.276,0.0,0.0,0.0,0.002,386336.422222
1667775,IT,ES,OFFIC,KEROS,0.11,34769.903,4,4,34769.9,0.0,0.0,0.0,0.003,316090.027273
1682391,IT,HR,PAPER,MEATA,0.13,34769.781,4,4,34769.778,0.0,0.0,0.0,0.003,267459.853846
1732618,IT,SI,GLASS,ALUM1,0.1,34769.657,4,4,34769.655,0.0,0.0,0.0,0.002,347696.57
1799833,IT,WE,GASDI,PROCE,0.05,34769.596,4,4,34769.593,0.0,0.0,0.0,0.003,695391.92
1676621,IT,FR,HOTEL,INLAN,0.25,34769.103,4,4,34769.1,0.0,0.0,0.0,0.003,139076.412
1803101,IT,WF,VEGET,COPPE,0.12,34768.909,3,3,34768.909,0.0,0.0,0.0,0.0,289740.908333
1686308,IT,HU,NONME,STONE,0.07,34767.092,4,4,34767.088,0.0,0.0,0.0,0.004,496672.742857
1774365,IT,CH,HOTEL,LANDT,0.25,34766.942,4,4,34766.939,0.0,0.0,0.0,0.003,139067.768
1777153,IT,TR,BIOGA,NONF1,0.07,34761.668,4,4,34761.664,0.0,0.0,0.0,0.004,496595.257143
1711138,IT,LU,FABRI,TEXTI,0.14,34761.365,4,4,34761.363,0.0,0.0,0.0,0.002,248295.464286
1773449,IT,CH,OFFIC,RADIO,0.11,34761.089,4,4,34761.086,0.0,0.0,0.0,0.003,316009.9
1713254,IT,MT,PAPER,WHOLE,0.13,34760.884,4,4,34760.881,0.0,0.0,0.0,0.003,267391.415385
1778039,IT,TR,OFFIC,RADIO,0.11,34759.446,4,4,34759.443,0.0,0.0,0.0,0.003,315994.963636
1656875,IT,DE,HEAVY,BRICK,0.06,34758.342,4,4,34758.339,0.0,0.0,0.0,0.003,579305.7
1800320,IT,WE,PFERT,WHOLE,0.02,34756.771,4,4,34756.765,0.0,0.0,0.0,0.006,1737838.55
1726246,IT,RO,BASIC,WHEAT,0.04,34755.11,4,4,34755.108,0.0,0.0,0.0,0.002,868877.75
1802672,IT,WE,RENTI,RETA1,0.21,34754.017,4,4,34754.015,0.0,0.0,0.0,0.002,165495.319048
1650130,IT,BG,OFFIC,PUBLI,0.11,34753.108,4,4,34753.105,0.0,0.0,0.0,0.003,315937.345455
1681122,IT,GR,SUPPO,INSUR,0.25,34749.322,4,4,34749.32,0.0,0.0,0.0,0.002,138997.288
1763754,IT,MX,GLASS,ALUM1,0.1,34749.112,4,4,34749.11,0.0,0.0,0.0,0.002,347491.12
1769472,IT,AU,BASIC,TEXTI,0.04,34746.024,4,4,34746.022,0.0,0.0,0.0,0.002,868650.6
1803944,IT,WF,WEARI,RESEA,0.26,34744.596,4,4,34744.589,0.0,0.0,0.0,0.007,133633.061538
1752237,IT,CA,VEGET,WHOLE,0.12,34739.649,3,3,34739.649,0.0,0.0,0.0,0.0,289497.075
1804985,IT,WF,PLAST,PRECI,0.07,34736.739,4,4,34736.735,0.0,0.0,0.0,0.004,496239.128571
1801898,IT,WE,CONST,WHOLE,0.19,34735.443,4,4,34735.441,0.0,0.0,0.0,0.002,182818.121053
1750767,IT,CN,TRANS,SEACO,0.21,34733.449,4,4,34733.447,0.0,0.0,0.0,0.002,165397.37619
1777267,IT,TR,RUBBE,RETAI,0.12,34733.286,4,4,34733.283,0.0,0.0,0.0,0.003,289444.05
1777687,IT,TR,COPP1,GLASS,0.09,34731.405,4,4,34731.403,0.0,0.0,0.0,0.002,385904.5
1682411,IT,HR,PAPER,LEATH,0.13,34730.255,4,4,34730.252,0.0,0.0,0.0,0.003,267155.807692
1667535,IT,ES,FABRI,ELEC2,0.14,34729.479,4,4,34729.477,0.0,0.0,0.0,0.002,248067.707143
1668274,IT,ES,WHOLE,PULP5,0.3,34728.534,4,4,34728.532,0.0,0.0,0.0,0.002,115761.78
1734812,IT,SK,PULP5,FABRI,0.11,34727.914,4,4,34727.911,0.0,0.0,0.0,0.003,315708.309091
1676718,IT,FR,RAILW,COMPU,0.23,34725.861,4,4,34725.859,0.0,0.0,0.0,0.002,150982.004348
1759696,IT,BR,BUSIN,PIGS9,0.36,34725.829,4,4,34725.827,0.0,0.0,0.0,0.002,96460.636111
1810074,IT,WM,TEXTI,TRANS,0.21,34723.742,4,4,34723.737,0.0,0.0,0.0,0.005,165351.152381
1755587,IT,KR,CHEM1,POSTT,0.07,34723.565,4,4,34723.561,0.0,0.0,0.0,0.004,496050.928571
1718211,IT,PL,PROCE,COPPE,0.23,34723.357,4,4,34723.355,0.0,0.0,0.0,0.002,150971.117391
1748024,IT,JP,BUSIN,KEROS,0.36,34723.29,4,4,34723.288,0.0,0.0,0.0,0.002,96453.583333
1663558,IT,DK,COMPU,FINAN,0.4,34722.787,4,4,34722.785,0.0,0.0,0.0,0.002,86806.9675
1675772,IT,FR,FURNI,COLLE,0.11,34719.047,4,4,34719.044,0.0,0.0,0.0,0.003,315627.7
1710595,IT,LU,VEGET,BEVER,0.12,34716.334,3,3,34716.334,0.0,0.0,0.0,0.0,289302.783333
1681874,IT,HR,VEGE1,HEALT,0.11,34714.065,4,4,34714.057,0.0,0.0,0.0,0.008,315582.409091
1771619,IT,CH,WEARI,VEGET,0.26,34713.338,4,4,34713.331,0.0,0.0,0.0,0.007,133512.838462
1666174,IT,ES,GASDI,PLAS2,0.05,34713.116,4,4,34713.113,0.0,0.0,0.0,0.003,694262.32
1781842,IT,NO,PLAST,MACHI,0.07,34712.731,4,4,34712.727,0.0,0.0,0.0,0.004,495896.157143
1805781,IT,WF,PREC1,NICKE,0.06,34710.942,4,4,34710.94,0.0,0.0,0.0,0.002,578515.7
1803222,IT,WF,CROPS,BUSIN,0.27,34708.392,4,4,34708.39,0.0,0.0,0.0,0.002,128549.6
1651286,IT,CY,FOOD5,HOTEL,0.17,34704.705,4,4,34704.702,0.0,0.0,0.0,0.003,204145.323529
1647413,IT,BE,AIRTR,GLASS,0.04,34702.799,3,3,34702.799,0.0,0.0,0.0,0.0,867569.975
1642614,IT,AT,FABRI,KEROS,0.14,34702.232,4,4,34702.23,0.0,0.0,0.0,0.002,247873.085714
1676311,IT,FR,RETAI,STONE,0.27,34699.461,4,4,34699.459,0.0,0.0,0.0,0.002,128516.522222
1780993,IT,TW,BUSIN,LEAD1,0.36,34699.077,4,4,34699.075,0.0,0.0,0.0,0.002,96386.325
1800527,IT,WE,RUBBE,NONF1,0.11,34698.754,4,4,34698.751,0.0,0.0,0.0,0.003,315443.218182
1646701,IT,BE,FURNI,AUXIL,0.11,34695.553,4,4,34695.55,0.0,0.0,0.0,0.003,315414.118182
1776257,IT,TR,PULP5,FURNI,0.11,34695.102,4,4,34695.099,0.0,0.0,0.0,0.003,315410.018182
1676354,IT,FR,WHOLE,FISHF,0.3,34691.228,4,4,34691.226,0.0,0.0,0.0,0.002,115637.426667
1811771,IT,WM,ADDIT,OFFIC,0.08,34690.99,4,4,34690.987,0.0,0.0,0.0,0.003,433637.375
1686587,IT,HU,ALUM1,HOTEL,0.06,34689.426,4,4,34689.423,0.0,0.0,0.0,0.003,578157.1
1671818,IT,FI,RETA1,GLASS,0.36,34686.657,4,4,34686.655,0.0,0.0,0.0,0.002,96351.825
1716435,IT,NL,MACHI,WASTE,0.19,34685.228,4,4,34685.225,0.0,0.0,0.0,0.003,182553.831579
1661941,IT,DK,KEROS,FISHF,0.05,34682.614,4,4,34682.611,0.0,0.0,0.0,0.003,693652.28
1682854,IT,HR,LIQUE,TRAN1,0.06,34681.625,4,4,34681.622,0.0,0.0,0.0,0.003,578027.083333
1735988,IT,SK,MOTO1,93197,0.18,34681.49,4,4,34681.488,0.0,0.0,0.0,0.002,192674.944444
1797719,IT,WL,PLAS1,INSUR,0.12,34679.157,4,4,34679.155,0.0,0.0,0.0,0.002,288992.975
1676666,IT,FR,RAILW,MEATC,0.23,34678.642,4,4,34678.64,0.0,0.0,0.0,0.002,150776.704348
1721375,IT,PL,SEACO,PRINT,0.04,34678.334,3,3,34678.334,0.0,0.0,0.0,0.0,866958.35
1648116,IT,BE,RESEA,CEMEN,0.19,34677.879,4,4,34677.877,0.0,0.0,0.0,0.002,182515.152632
1789567,IT,WA,BIODI,WEARI,0.07,34677.159,4,4,34677.155,0.0,0.0,0.0,0.004,495387.985714
1790067,IT,WA,BASIC,SUBBI,0.04,34675.898,4,4,34675.896,0.0,0.0,0.0,0.002,866897.45
1718112,IT,PL,VEGE1,SANDC,0.11,34675.267,4,4,34675.259,0.0,0.0,0.0,0.008,315229.7
1657178,IT,DE,CHEM1,ANIMA,0.07,34668.996,4,4,34668.992,0.0,0.0,0.0,0.004,495271.371429
1688226,IT,IE,WHEAT,RAWMI,0.03,34668.846,3,3,34668.846,0.0,0.0,0.0,0.0,1155628.2
1648532,IT,BG,FISHF,PFERT,0.06,34668.615,3,3,34668.615,0.0,0.0,0.0,0.0,577810.25
1712448,IT,LV,BASIC,SUPPO,0.04,34666.945,4,4,34666.943,0.0,0.0,0.0,0.002,866673.625
1731965,IT,SI,MOTOR,WASTE,0.05,34666.881,4,4,34666.878,0.0,0.0,0.0,0.003,693337.62
1642314,IT,AT,BASIC,KEROS,0.04,34666.412,4,4,34666.41,0.0,0.0,0.0,0.002,866660.3
1710053,IT,LT,FABRI,RAWMI,0.14,34664.659,4,4,34664.657,0.0,0.0,0.0,0.002,247604.707143
1709835,IT,LT,RUBBE,HEALT,0.11,34662.866,4,4,34662.863,0.0,0.0,0.0,0.003,315116.963636
1781404,IT,NO,FOOD5,RAWMI,0.17,34662.109,4,4,34662.106,0.0,0.0,0.0,0.003,203894.758824
1783432,IT,NO,INTER,PAPE1,0.21,34659.708,4,4,34659.706,0.0,0.0,0.0,0.002,165046.228571
1688775,IT,IE,RUBBE,TRANS,0.11,34658.86,4,4,34658.857,0.0,0.0,0.0,0.003,315080.545455
1767175,IT,RU,WHOLE,LEAD1,0.3,34657.185,4,4,34657.183,0.0,0.0,0.0,0.002,115523.95
1659614,IT,DE,HOTEL,NONF1,0.25,34656.793,4,4,34656.79,0.0,0.0,0.0,0.003,138627.172
1645105,IT,BE,PAPER,REALE,0.13,34656.574,4,4,34656.571,0.0,0.0,0.0,0.003,266589.030769
1753501,IT,CA,MACHI,CROPS,0.19,34654.284,4,4,34654.281,0.0,0.0,0.0,0.003,182390.968421
1718237,IT,PL,PROCE,RETA1,0.23,34653.474,4,4,34653.472,0.0,0.0,0.0,0.002,150667.278261
1812689,IT,WM,COPP1,RETAI,0.09,34651.548,4,4,34651.546,0.0,0.0,0.0,0.002,385017.2
1644871,IT,BE,WEARI,PUBLI,0.26,34646.707,4,4,34646.7,0.0,0.0,0.0,0.007,133256.565385
1739063,IT,GB,RETAI,POSTT,0.27,34644.479,4,4,34644.477,0.0,0.0,0.0,0.002,128312.885185
1811373,IT,WM,NONSP,FURNI,0.05,34640.888,4,4,34640.886,0.0,0.0,0.0,0.002,692817.76
1793878,IT,WL,TEXTI,AUXIL,0.21,34639.336,4,4,34639.331,0.0,0.0,0.0,0.005,164949.219048
1813399,IT,WM,FURNI,RETAI,0.11,34638.918,4,4,34638.915,0.0,0.0,0.0,0.003,314899.254545
1649312,IT,BG,PLAST,COPPE,0.07,34636.775,4,4,34636.771,0.0,0.0,0.0,0.004,494811.071429
1790323,IT,WA,ALUM1,RUBBE,0.06,34636.453,4,4,34636.45,0.0,0.0,0.0,0.003,577274.216667
1686784,IT,HU,FABRI,MEAT4,0.14,34636.14,4,4,34636.138,0.0,0.0,0.0,0.002,247401.0
1646261,IT,BE,LEAD1,POSTT,0.06,34635.771,4,4,34635.768,0.0,0.0,0.0,0.003,577262.85
1644972,IT,BE,WOODW,ELEC2,0.1,34635.752,4,4,34635.75,0.0,0.0,0.0,0.002,346357.52
1662003,IT,DK,PLAST,FISH5,0.07,34634.913,4,4,34634.909,0.0,0.0,0.0,0.004,494784.471429
1682575,IT,HR,MOTOR,EDUCA,0.05,34632.206,4,4,34632.203,0.0,0.0,0.0,0.003,692644.12
1786169,IT,ZA,PREC1,PAPER,0.06,34627.892,4,4,34627.89,0.0,0.0,0.0,0.002,577131.533333
1796870,IT,WL,SEACO,NONF1,0.04,34626.842,3,3,34626.842,0.0,0.0,0.0,0.0,865671.05
1771136,IT,CH,MEATC,TEXTI,0.12,34624.712,5,5,34623.71,0.0,1.0,0.0,0.002,288539.266667
1710601,IT,LU,MEATA,RUBBE,0.19,34624.703,4,4,34624.698,0.0,0.0,0.0,0.005,182235.278947
1768690,IT,AU,TEXTI,RAILW,0.21,34623.884,4,4,34623.879,0.0,0.0,0.0,0.005,164875.638095
1733894,IT,SI,SEACO,RENTI,0.04,34623.756,3,3,34623.756,0.0,0.0,0.0,0.0,865593.9
1800064,IT,WE,LIQUE,COMPU,0.06,34622.933,4,4,34622.93,0.0,0.0,0.0,0.003,577048.883333
1776609,IT,TR,GASDI,PLAST,0.05,34620.053,4,4,34620.05,0.0,0.0,0.0,0.003,692401.06
1715514,IT,NL,GASDI,MOTOR,0.05,34619.974,4,4,34619.971,0.0,0.0,0.0,0.003,692399.48
1745447,IT,JP,DAIRY,REALE,0.14,34619.348,4,4,34619.346,0.0,0.0,0.0,0.002,247281.057143
1758764,IT,BR,RETA1,MEAT1,0.36,34618.047,4,4,34618.045,0.0,0.0,0.0,0.002,96161.241667
1719363,IT,PL,RUBBE,LIGNI,0.11,34617.428,4,4,34617.425,0.0,0.0,0.0,0.003,314703.890909
1800897,IT,WE,PREC1,LIQUE,0.06,34617.245,4,4,34617.243,0.0,0.0,0.0,0.002,576954.083333
1684193,IT,HR,LANDT,REALE,0.22,34616.212,4,4,34616.21,0.0,0.0,0.0,0.002,157346.418182
1640747,IT,AT,TEXTI,NONF1,0.21,34612.234,4,4,34612.229,0.0,0.0,0.0,0.005,164820.161905
1670298,IT,FI,CHEMI,FISH5,0.08,34609.947,5,5,34607.944,0.0,0.0,2.0,0.003,432624.3375
1732571,IT,SI,RUBBE,HEALT,0.11,34609.507,4,4,34609.504,0.0,0.0,0.0,0.003,314631.881818
1643055,IT,AT,SALEM,SALEM,0.28,34608.787,4,4,34608.785,0.0,0.0,0.0,0.002,123602.810714
1666409,IT,ES,LUBRI,GASDI,0.04,34607.24,4,4,34607.238,0.0,0.0,0.0,0.002,865181.0
1710851,IT,LU,PAPER,RECRE,0.13,34606.167,4,4,34606.164,0.0,0.0,0.0,0.003,266201.284615
1682691,IT,HR,KERO1,RESEA,0.05,34605.696,4,4,34605.693,0.0,0.0,0.0,0.003,692113.92
1653043,IT,CZ,PLAST,SECO9,0.07,34603.851,4,4,34603.847,0.0,0.0,0.0,0.004,494340.728571
1726402,IT,RO,FABRI,OILSE,0.14,34602.116,4,4,34602.114,0.0,0.0,0.0,0.002,247157.971429
1796492,IT,WL,RETA1,PRINT,0.36,34600.603,4,4,34600.601,0.0,0.0,0.0,0.002,96112.786111
1781519,IT,NO,TEXTI,CHEM1,0.21,34599.01,4,4,34599.005,0.0,0.0,0.0,0.005,164757.190476
1742240,IT,US,CERAM,FURNI,0.05,34598.098,4,4,34598.096,0.0,0.0,0.0,0.002,691961.96
1688669,IT,IE,CHEM1,BEVER,0.07,34597.863,4,4,34597.859,0.0,0.0,0.0,0.004,494255.185714
1723880,IT,PT,FURNI,WOODW,0.11,34595.687,4,4,34595.684,0.0,0.0,0.0,0.003,314506.245455
1763782,IT,MX,GLASS,EDUCA,0.09,34592.864,4,4,34592.862,0.0,0.0,0.0,0.002,384365.155556
1764647,IT,MX,RETA1,MACHI,0.36,34590.704,4,4,34590.702,0.0,0.0,0.0,0.002,96085.288889
1650009,IT,BG,MACHI,SANDC,0.19,34590.048,4,4,34590.045,0.0,0.0,0.0,0.003,182052.884211
1728713,IT,SE,MOTOR,WHOLE,0.05,34589.969,4,4,34589.966,0.0,0.0,0.0,0.003,691799.38
1715231,IT,NL,WOODW,HEALT,0.1,34589.93,4,4,34589.928,0.0,0.0,0.0,0.002,345899.3
1730885,IT,SE,PAPE1,FOOD5,0.24,34588.415,4,4,34588.413,0.0,0.0,0.0,0.002,144118.395833
1656829,IT,DE,GASDI,REALE,0.05,34587.319,4,4,34587.316,0.0,0.0,0.0,0.003,691746.38
1675718,IT,FR,FURNI,SANDC,0.11,34585.391,4,4,34585.388,0.0,0.0,0.0,0.003,314412.645455
1808699,IT,WF,INERT,93197,0.25,34584.781,4,4,34584.779,0.0,0.0,0.0,0.002,138339.124
1655496,IT,DE,CRUDE,REFIN,0.07,34584.653,4,4,34584.65,0.0,0.0,0.0,0.003,494066.471429
1655405,IT,DE,CATTL,MEATC,0.08,34582.964,5,5,34581.962,0.0,1.0,0.0,0.002,432287.05
1657221,IT,DE,CHEM1,LUBRI,0.07,34581.336,4,4,34581.332,0.0,0.0,0.0,0.004,494019.085714
1673807,IT,FR,PRINT,POULT,0.33,34579.462,4,4,34579.459,0.0,0.0,0.0,0.003,104786.248485
1653828,IT,CZ,FABRI,LIGNI,0.14,34579.168,4,4,34579.166,0.0,0.0,0.0,0.002,246994.057143
1751040,IT,CN,WHOLE,TRANS,0.3,34578.991,4,4,34578.989,0.0,0.0,0.0,0.002,115263.303333
1788235,IT,WA,LEATH,NONFE,0.25,34578.166,4,4,34578.16,0.0,0.0,0.0,0.006,138312.664
1788423,IT,WA,PULP5,BITUM,0.11,34575.047,4,4,34575.044,0.0,0.0,0.0,0.003,314318.609091
1788907,IT,WA,HEAVY,WHEAT,0.06,34574.432,4,4,34574.429,0.0,0.0,0.0,0.003,576240.533333
1792602,IT,WA,COMPU,CONST,0.39,34570.365,4,4,34570.363,0.0,0.0,0.0,0.002,88641.961538
1762069,IT,IN,RETA1,RUBBE,0.36,34567.257,4,4,34567.255,0.0,0.0,0.0,0.002,96020.158333
1744093,IT,US,SUPPO,WEARI,0.25,34566.01,4,4,34566.008,0.0,0.0,0.0,0.002,138264.04
1671204,IT,FI,NONME,ALUM1,0.07,34564.013,4,4,34564.009,0.0,0.0,0.0,0.004,493771.614286
1805362,IT,WF,RUBBE,HEAVY,0.11,34560.671,4,4,34560.668,0.0,0.0,0.0,0.003,314187.918182
1804828,IT,WF,NAPHT,HOTEL,0.06,34560.289,4,4,34560.287,0.0,0.0,0.0,0.002,576004.816667
1804911,IT,WF,BITU1,SALEM,0.05,34559.957,4,4,34559.954,0.0,0.0,0.0,0.003,691199.14
1737312,IT,GB,BEVER,SUGA1,0.15,34559.006,4,4,34559.004,0.0,0.0,0.0,0.002,230393.373333
1754661,IT,KR,SANDC,BUSIN,0.08,34558.128,4,4,34550.128,0.0,0.0,8.0,0.0,431976.6
1714715,IT,NL,VEGE1,RECRE,0.11,34557.427,4,4,34557.419,0.0,0.0,0.0,0.008,314158.427273
1679285,IT,GR,HEAVY,DAIRY,0.06,34557.275,4,4,34557.272,0.0,0.0,0.0,0.003,575954.583333
1670574,IT,FI,TEXTI,HOTEL,0.2,34556.797,4,4,34556.792,0.0,0.0,0.0,0.005,172783.985
1760468,IT,IN,TEXTI,WOODW,0.2,34556.742,4,4,34556.737,0.0,0.0,0.0,0.005,172783.71
1676412,IT,FR,WHOLE,INTER,0.3,34554.137,4,4,34554.135,0.0,0.0,0.0,0.002,115180.456667
1662976,IT,DK,HOTEL,FORES,0.25,34553.734,4,4,34553.731,0.0,0.0,0.0,0.003,138214.936
1780941,IT,TW,BUSIN,RAWMI,0.35,34549.763,4,4,34549.761,0.0,0.0,0.0,0.002,98713.608571
1793387,IT,WL,OILSE,EDUCA,0.02,34547.782,4,4,34547.78,0.0,0.0,0.0,0.002,1727389.1
1649682,IT,BG,CEMEN,RUBBE,0.06,34547.383,4,4,34547.381,0.0,0.0,0.0,0.002,575789.716667
1775862,IT,TR,DAIRY,PAPER,0.14,34545.866,4,4,34545.864,0.0,0.0,0.0,0.002,246756.185714
1747544,IT,JP,AIRTR,LEATH,0.04,34545.746,3,3,34545.746,0.0,0.0,0.0,0.0,863643.65
1738183,IT,GB,CERAM,LEATH,0.05,34544.041,4,4,34544.039,0.0,0.0,0.0,0.002,690880.82
1684027,IT,HR,HOTEL,FISHF,0.25,34543.701,4,4,34543.698,0.0,0.0,0.0,0.003,138174.804
1660788,IT,DE,COMPU,PULP5,0.39,34542.862,4,4,34542.86,0.0,0.0,0.0,0.002,88571.441026
1802273,IT,WE,LANDT,BASIC,0.22,34541.43,4,4,34541.428,0.0,0.0,0.0,0.002,157006.5
1645186,IT,BE,PRINT,FINAN,0.33,34534.871,4,4,34534.868,0.0,0.0,0.0,0.003,104651.124242
1751142,IT,CN,HOTEL,WHEAT,0.25,34533.568,4,4,34533.565,0.0,0.0,0.0,0.003,138134.272
1689794,IT,IE,INSUR,PRINT,0.71,34533.276,4,4,34533.274,0.0,0.0,0.0,0.002,48638.416901
1642184,IT,AT,BRICK,CEMEN,0.05,34533.015,4,4,34533.013,0.0,0.0,0.0,0.002,690660.3
1745380,IT,JP,VEGE1,DIST1,0.11,34532.229,4,4,34532.221,0.0,0.0,0.0,0.008,313929.354545
1756766,IT,KR,AIRTR,MACHI,0.04,34529.393,3,3,34529.393,0.0,0.0,0.0,0.0,863234.825
1648933,IT,BG,WEARI,FOUND,0.26,34528.578,4,4,34528.571,0.0,0.0,0.0,0.007,132802.223077
1791840,IT,WA,LANDT,OFFIC,0.22,34526.858,4,4,34526.856,0.0,0.0,0.0,0.002,156940.263636
1661822,IT,DK,WOODW,BUSIN,0.1,34526.13,4,4,34526.128,0.0,0.0,0.0,0.002,345261.3
1648091,IT,BE,RESEA,SUGA1,0.19,34525.808,4,4,34525.806,0.0,0.0,0.0,0.002,181714.778947
1686947,IT,HU,MACHI,ELECT,0.19,34525.773,4,4,34525.77,0.0,0.0,0.0,0.003,181714.594737
1715953,IT,NL,CERAM,CROPS,0.05,34524.319,4,4,34524.317,0.0,0.0,0.0,0.002,690486.38
1776948,IT,TR,PLAST,COMPU,0.07,34524.229,4,4,34524.225,0.0,0.0,0.0,0.004,493203.271429
1781728,IT,NO,PAPER,PAPER,0.13,34523.822,4,4,34523.819,0.0,0.0,0.0,0.003,265567.861538
1689342,IT,IE,RETA1,CEMEN,0.36,34523.796,4,4,34523.794,0.0,0.0,0.0,0.002,95899.433333
1749336,IT,CN,PRINT,FABRI,0.33,34522.894,4,4,34522.891,0.0,0.0,0.0,0.003,104614.830303
1642912,IT,AT,TRANS,HOTEL,0.21,34522.045,4,4,34522.043,0.0,0.0,0.0,0.002,164390.690476
1685524,IT,HU,PAPER,GLASS,0.13,34520.901,4,4,34520.898,0.0,0.0,0.0,0.003,265545.392308
1787198,IT,WA,WHEAT,FOOD5,0.03,34519.761,3,3,34519.761,0.0,0.0,0.0,0.0,1150658.7
1769485,IT,AU,BASIC,ALUM1,0.04,34518.627,4,4,34518.625,0.0,0.0,0.0,0.002,862965.675
1756594,IT,KR,RAILW,COKEO,0.23,34517.869,4,4,34517.867,0.0,0.0,0.0,0.002,150077.691304
1640684,IT,AT,FISH5,CHEM1,0.15,34516.295,4,4,34516.277,0.0,0.0,0.0,0.018,230108.633333
1741024,IT,US,FISH5,RECRE,0.15,34515.424,4,4,34515.406,0.0,0.0,0.0,0.018,230102.826667
1760394,IT,IN,DAIRY,FISH5,0.14,34513.166,4,4,34513.164,0.0,0.0,0.0,0.002,246522.614286
1805959,IT,WF,COPP1,CATTL,0.09,34512.846,4,4,34512.844,0.0,0.0,0.0,0.002,383476.066667
1719024,IT,PL,GASDI,SUPPO,0.05,34512.529,4,4,34512.526,0.0,0.0,0.0,0.003,690250.58
1768001,IT,RU,COMPU,RECRE,0.39,34510.412,4,4,34510.41,0.0,0.0,0.0,0.002,88488.235897
1740955,IT,US,FOOD5,RENTI,0.17,34507.794,4,4,34507.791,0.0,0.0,0.0,0.003,202987.023529
1684525,IT,HR,BUSIN,BEVER,0.35,34503.477,4,4,34503.475,0.0,0.0,0.0,0.002,98581.362857
1672558,IT,FR,OILSE,OILSE,0.02,34503.141,4,4,34503.139,0.0,0.0,0.0,0.002,1725157.05
1745975,IT,JP,WOODW,WHOLE,0.1,34502.797,4,4,34502.795,0.0,0.0,0.0,0.002,345027.97
1745560,IT,JP,BEVER,AIRTR,0.15,34500.958,4,4,34500.956,0.0,0.0,0.0,0.002,230006.386667
1659812,IT,DE,LANDT,PFERT,0.22,34499.741,4,4,34499.739,0.0,0.0,0.0,0.002,156817.004545
1767384,IT,RU,LANDT,DAIRY,0.22,34499.445,4,4,34499.443,0.0,0.0,0.0,0.002,156815.659091
1727822,IT,RO,BUSIN,ELEC4,0.35,34495.786,4,4,34495.784,0.0,0.0,0.0,0.002,98559.388571
1729513,IT,SE,ALUM1,FOOD3,0.06,34491.091,4,4,34491.088,0.0,0.0,0.0,0.003,574851.516667
1652493,IT,CZ,WEARI,BASIC,0.26,34490.693,4,4,34490.686,0.0,0.0,0.0,0.007,132656.511538
1789017,IT,WA,NAPHT,TOBAC,0.06,34490.405,4,4,34490.403,0.0,0.0,0.0,0.002,574840.083333
1769063,IT,AU,PLAST,MEAT1,0.07,34489.796,4,4,34489.792,0.0,0.0,0.0,0.004,492711.371429
1741769,IT,US,NONSP,MACHI,0.05,34486.754,4,4,34486.752,0.0,0.0,0.0,0.002,689735.08
1717408,IT,NL,INSUR,MACHI,0.71,34484.58,4,4,34484.578,0.0,0.0,0.0,0.002,48569.830986
1644317,IT,BE,LEADZ,WOOD1,0.06,34482.528,4,4,34482.526,0.0,0.0,0.0,0.002,574708.8
1742593,IT,US,ALUM1,NONF1,0.06,34480.163,4,4,34480.16,0.0,0.0,0.0,0.003,574669.383333
1728775,IT,SE,HEAVY,PAPER,0.06,34477.9,4,4,34477.897,0.0,0.0,0.0,0.003,574631.666667
1812521,IT,WM,ALUM1,WOODW,0.06,34477.346,4,4,34477.343,0.0,0.0,0.0,0.003,574622.433333
1807023,IT,WF,LANDT,AUXIL,0.22,34475.301,4,4,34475.299,0.0,0.0,0.0,0.002,156705.913636
1724244,IT,PT,LANDT,VEGET,0.22,34474.03,4,4,34474.028,0.0,0.0,0.0,0.002,156700.136364
1684268,IT,HR,SEACO,RECRE,0.04,34471.979,3,3,34471.979,0.0,0.0,0.0,0.0,861799.475
1785756,IT,ZA,PLAST,CEMEN,0.07,34470.867,4,4,34470.863,0.0,0.0,0.0,0.004,492440.957143
1813411,IT,WM,FURNI,FINAN,0.11,34470.671,4,4,34470.668,0.0,0.0,0.0,0.003,313369.736364
1801276,IT,WE,MACHI,FORES,0.19,34470.37,4,4,34470.367,0.0,0.0,0.0,0.003,181423.0
1663255,IT,DK,SEACO,GLASS,0.04,34467.93,3,3,34467.93,0.0,0.0,0.0,0.0,861698.25
1712235,IT,LV,PAPER,RETA1,0.13,34466.915,4,4,34466.912,0.0,0.0,0.0,0.003,265130.115385
1668856,IT,ES,SEACO,MEAT1,0.04,34464.285,3,3,34464.285,0.0,0.0,0.0,0.0,861607.125
1719732,IT,PL,NONME,BUSIN,0.07,34461.348,4,4,34461.344,0.0,0.0,0.0,0.004,492304.971429
1782404,IT,NO,FABRI,INTER,0.14,34461.198,4,4,34461.196,0.0,0.0,0.0,0.002,246151.414286
1688028,IT,HU,RENTI,93197,0.21,34460.15,4,4,34460.148,0.0,0.0,0.0,0.002,164095.952381
1789720,IT,WA,GLASS,ANIMA,0.09,34459.846,4,4,34459.844,0.0,0.0,0.0,0.002,382887.177778
1689665,IT,IE,POSTT,ALUM1,0.57,34459.679,4,4,34459.676,0.0,0.0,0.0,0.003,60455.577193
1690091,IT,IE,RENTI,RENTI,0.21,34457.76,4,4,34457.758,0.0,0.0,0.0,0.002,164084.571429
1791243,IT,WA,FURNI,INLAN,0.11,34457.29,4,4,34457.287,0.0,0.0,0.0,0.003,313248.090909
1684676,IT,HU,WHEAT,CONST,0.03,34456.653,3,3,34456.653,0.0,0.0,0.0,0.0,1148555.1
1683459,IT,HR,PREC1,FOOD5,0.06,34456.438,4,4,34456.436,0.0,0.0,0.0,0.002,574273.966667
1645562,IT,BE,CHEM1,POULT,0.07,34449.26,4,4,34449.256,0.0,0.0,0.0,0.004,492132.285714
1671594,IT,FI,TRANS,OFFIC,0.21,34448.842,4,4,34448.84,0.0,0.0,0.0,0.002,164042.104762
1766163,IT,RU,RUBBE,FINAN,0.11,34448.059,4,4,34448.056,0.0,0.0,0.0,0.003,313164.172727
1727911,IT,SE,VEGET,MEATC,0.12,34447.922,3,3,34447.922,0.0,0.0,0.0,0.0,287066.016667
1790804,IT,WA,MACHI,BIODI,0.19,34446.88,4,4,34446.877,0.0,0.0,0.0,0.003,181299.368421
1804558,IT,WF,HEAVY,PIGS9,0.06,34446.818,4,4,34446.815,0.0,0.0,0.0,0.003,574113.633333
1735030,IT,SK,PLAST,SALEM,0.07,34444.122,4,4,34444.118,0.0,0.0,0.0,0.004,492058.885714
1640139,IT,AT,CEREA,CHEM1,0.06,34439.943,4,4,34439.941,0.0,0.0,0.0,0.002,573999.05
1756304,IT,KR,MOTO1,RADIO,0.18,34439.313,4,4,34439.311,0.0,0.0,0.0,0.002,191329.516667
1676489,IT,FR,RETA1,RAILW,0.36,34438.362,4,4,34438.36,0.0,0.0,0.0,0.002,95662.116667
1665741,IT,ES,PAPER,PREC1,0.13,34437.258,4,4,34437.255,0.0,0.0,0.0,0.003,264901.984615
1689404,IT,IE,HOTEL,FORES,0.25,34436.133,4,4,34436.13,0.0,0.0,0.0,0.003,137744.532
1745668,IT,JP,TEXTI,SALEM,0.2,34436.016,4,4,34436.011,0.0,0.0,0.0,0.005,172180.08
1785897,IT,ZA,ADDIT,FOOD3,0.08,34434.618,4,4,34434.615,0.0,0.0,0.0,0.003,430432.725
1678746,IT,GR,SUGA1,DAIRY,0.09,34432.485,4,4,34432.479,0.0,0.0,0.0,0.006,382583.166667
1673649,IT,FR,WOODW,FOOD2,0.1,34431.893,4,4,34431.891,0.0,0.0,0.0,0.002,344318.93
1669707,IT,ES,COMPU,REALE,0.39,34431.696,4,4,34431.694,0.0,0.0,0.0,0.002,88286.4
1657979,IT,DE,BASIC,PAPE1,0.04,34428.281,4,4,34428.279,0.0,0.0,0.0,0.002,860707.025
1726109,IT,RO,RUBBE,FURNI,0.11,34427.924,4,4,34427.921,0.0,0.0,0.0,0.003,312981.127273
1735267,IT,SK,GLASS,PRINT,0.09,34427.794,4,4,34427.792,0.0,0.0,0.0,0.002,382531.044444
1767674,IT,RU,POSTT,FINAN,0.57,34427.339,4,4,34427.336,0.0,0.0,0.0,0.003,60398.840351
1812783,IT,WM,FABRI,POULT,0.14,34425.13,4,4,34425.128,0.0,0.0,0.0,0.002,245893.785714
1717961,IT,PL,SANDC,CHEM1,0.08,34424.499,4,4,34416.499,0.0,0.0,8.0,0.0,430306.2375
1741866,IT,US,CHEM1,STONE,0.07,34423.872,4,4,34423.868,0.0,0.0,0.0,0.004,491769.6
1651161,IT,BG,BUSIN,FOOD5,0.35,34423.763,4,4,34423.761,0.0,0.0,0.0,0.002,98353.608571
1782238,IT,NO,PREC1,MOTO1,0.06,34423.003,4,4,34423.001,0.0,0.0,0.0,0.002,573716.716667
1682397,IT,HR,PAPER,MEATC,0.13,34422.303,4,4,34422.3,0.0,0.0,0.0,0.003,264786.946154
1765054,IT,MX,INSUR,CONST,0.71,34419.408,4,4,34419.406,0.0,0.0,0.0,0.002,48478.039437
1749038,IT,CN,LEATH,ELEC2,0.25,34419.303,4,4,34419.297,0.0,0.0,0.0,0.006,137677.212
1804711,IT,WF,LIQUE,TRAN1,0.06,34418.943,4,4,34418.94,0.0,0.0,0.0,0.003,573649.05
1790987,IT,WA,MOTO1,BASIC,0.18,34418.613,4,4,34418.611,0.0,0.0,0.0,0.002,191214.516667
1805532,IT,WF,CERAM,RESEA,0.05,34417.301,4,4,34417.299,0.0,0.0,0.0,0.002,688346.02
1686910,IT,HU,MACHI,WEARI,0.19,34415.937,4,4,34415.934,0.0,0.0,0.0,0.003,181136.510526
1794091,IT,WL,PAPER,CHARC,0.13,34415.781,4,4,34415.778,0.0,0.0,0.0,0.003,264736.776923
1755115,IT,KR,LEATH,LIQUE,0.25,34414.999,4,4,34414.993,0.0,0.0,0.0,0.006,137659.996
1786560,IT,ZA,FURNI,CONST,0.11,34414.901,4,4,34414.898,0.0,0.0,0.0,0.003,312862.736364
1798162,IT,WE,WHEAT,FINAN,0.03,34412.528,3,3,34412.528,0.0,0.0,0.0,0.0,1147084.266667
1650179,IT,BG,MOTO1,RAILW,0.18,34411.436,4,4,34411.434,0.0,0.0,0.0,0.002,191174.644444
1801615,IT,WE,TRANS,AUXIL,0.21,34410.114,4,4,34410.112,0.0,0.0,0.0,0.002,163857.685714
1807394,IT,WF,FINAN,POSTT,0.45,34407.24,3,3,34407.24,0.0,0.0,0.0,0.0,76460.533333
1709598,IT,LT,PAPER,BIODI,0.13,34406.815,4,4,34406.812,0.0,0.0,0.0,0.003,264667.807692
1655659,IT,DE,CHEMI,KEROS,0.08,34403.096,5,5,34401.093,0.0,0.0,2.0,0.003,430038.7
1776613,IT,TR,GASDI,RUBBE,0.05,34402.771,4,4,34402.768,0.0,0.0,0.0,0.003,688055.42
1722300,IT,PT,CEREA,FOOD5,0.06,34401.657,4,4,34401.655,0.0,0.0,0.0,0.002,573360.95
1788380,IT,WA,WOODW,GASDI,0.1,34401.113,4,4,34401.111,0.0,0.0,0.0,0.002,344011.13
1661248,IT,DK,VEGET,PAPER,0.12,34395.701,3,3,34395.701,0.0,0.0,0.0,0.0,286630.841667
1757058,IT,KR,BUSIN,MEDIC,0.35,34395.259,4,4,34395.257,0.0,0.0,0.0,0.002,98272.168571
1745214,IT,JP,FORES,PULP5,0.3,34395.027,4,4,34382.027,0.0,13.0,0.0,0.0,114650.09
1788160,IT,WA,WEARI,RADIO,0.26,34391.661,4,4,34391.654,0.0,0.0,0.0,0.007,132275.619231
1775810,IT,TR,CHEMI,RUBBE,0.08,34390.521,5,5,34388.518,0.0,0.0,2.0,0.003,429881.5125
1757768,IT,BR,PLAST,WEARI,0.07,34390.422,4,4,34390.419,0.0,0.0,0.0,0.003,491291.742857
1752025,IT,CN,RESEA,RETA1,0.19,34389.065,4,4,34389.063,0.0,0.0,0.0,0.002,180995.078947
1718697,IT,PL,WOODW,RAILW,0.1,34388.955,4,4,34388.953,0.0,0.0,0.0,0.002,343889.55
1664098,IT,EE,CHEM1,RENTI,0.07,34388.755,4,4,34388.751,0.0,0.0,0.0,0.004,491267.928571
1753347,IT,CA,BASIC,FOOD4,0.04,34387.995,4,4,34387.993,0.0,0.0,0.0,0.002,859699.875
1749953,IT,CN,GLASS,EDUCA,0.09,34382.449,4,4,34382.447,0.0,0.0,0.0,0.002,382027.211111
1713054,IT,MT,MEAT4,REALE,0.19,34381.873,4,4,34381.871,0.0,0.0,0.0,0.002,180957.226316
1778123,IT,TR,MOTO1,PUBLI,0.18,34380.988,4,4,34380.986,0.0,0.0,0.0,0.002,191005.488889
1678896,IT,GR,TEXTI,DAIRY,0.2,34378.782,4,4,34378.777,0.0,0.0,0.0,0.005,171893.91
1666312,IT,ES,LIQUE,GLASS,0.06,34378.336,4,4,34378.333,0.0,0.0,0.0,0.003,572972.266667
1771845,IT,CH,WOODW,TRANS,0.1,34376.719,4,4,34376.717,0.0,0.0,0.0,0.002,343767.19
1763223,IT,MX,WOODW,CERAM,0.1,34374.974,4,4,34374.972,0.0,0.0,0.0,0.002,343749.74
1772755,IT,CH,NONME,PIGS9,0.07,34370.255,4,4,34370.251,0.0,0.0,0.0,0.004,491003.642857
1686985,IT,HU,MACHI,EDUCA,0.19,34370.158,4,4,34370.155,0.0,0.0,0.0,0.003,180895.568421
1726129,IT,RO,RUBBE,RENTI,0.11,34368.744,4,4,34368.741,0.0,0.0,0.0,0.003,312443.127273
1764530,IT,MX,CONST,RECRE,0.19,34368.694,4,4,34368.692,0.0,0.0,0.0,0.002,180887.863158
1781958,IT,NO,ADDIT,MEMBE,0.08,34367.406,4,4,34367.403,0.0,0.0,0.0,0.003,429592.575
1798163,IT,WE,WHEAT,INSUR,0.03,34367.148,3,3,34367.148,0.0,0.0,0.0,0.0,1145571.6
1795321,IT,WL,NONME,MOTOR,0.07,34366.816,4,4,34366.812,0.0,0.0,0.0,0.004,490954.514286
1769169,IT,AU,CHEM1,OFFIC,0.07,34366.282,4,4,34366.278,0.0,0.0,0.0,0.004,490946.885714
1754142,IT,CA,AIRTR,PAPE4,0.04,34366.126,3,3,34366.126,0.0,0.0,0.0,0.0,859153.15
1766509,IT,RU,ALUM1,RESEA,0.06,34365.362,4,4,34365.359,0.0,0.0,0.0,0.003,572756.033333
1762147,IT,IN,LANDT,NONME,0.22,34358.858,4,4,34358.856,0.0,0.0,0.0,0.002,156176.627273
1689609,IT,IE,AIRTR,EDUCA,0.04,34356.997,3,3,34356.997,0.0,0.0,0.0,0.0,858924.925
1771238,IT,CH,VEGE1,ELECT,0.11,34355.814,4,4,34355.807,0.0,0.0,0.0,0.007,312325.581818
1749174,IT,CN,PULP5,GLASS,0.1,34353.8,4,4,34353.797,0.0,0.0,0.0,0.003,343538.0
1807266,IT,WF,SUPPO,RECRE,0.25,34353.444,4,4,34353.442,0.0,0.0,0.0,0.002,137413.776
1723329,IT,PT,NONME,WOODW,0.07,34344.829,4,4,34344.825,0.0,0.0,0.0,0.004,490640.414286
1658376,IT,DE,FABRI,CROPS,0.14,34340.997,4,4,34340.995,0.0,0.0,0.0,0.002,245292.835714
1658951,IT,DE,FURNI,INTER,0.11,34339.894,4,4,34339.891,0.0,0.0,0.0,0.003,312180.854545
1803773,IT,WF,TEXTI,BITUM,0.2,34338.621,4,4,34338.616,0.0,0.0,0.0,0.005,171693.105
1648072,IT,BE,COMPU,PUBLI,0.39,34336.616,4,4,34336.614,0.0,0.0,0.0,0.002,88042.605128
1725668,IT,RO,PAPER,MOTOR,0.13,34334.421,4,4,34334.418,0.0,0.0,0.0,0.003,264110.930769
1808969,IT,WM,VEGET,MEATA,0.12,34332.623,3,3,34332.623,0.0,0.0,0.0,0.0,286105.191667
1662389,IT,DK,BASIC,EDUCA,0.04,34332.189,4,4,34332.187,0.0,0.0,0.0,0.002,858304.725
1650749,IT,BG,HOTEL,AIRTR,0.25,34328.096,4,4,34328.093,0.0,0.0,0.0,0.003,137312.384
1675427,IT,FR,MACHI,INLAN,0.19,34325.998,4,4,34325.995,0.0,0.0,0.0,0.003,180663.147368
1790062,IT,WA,BASIC,FORES,0.04,34325.076,4,4,34325.074,0.0,0.0,0.0,0.002,858126.9
1737201,IT,GB,DAIRY,RESEA,0.14,34322.375,4,4,34322.373,0.0,0.0,0.0,0.002,245159.821429
1798184,IT,WE,CEREA,PUBLI,0.06,34322.149,4,4,34322.147,0.0,0.0,0.0,0.002,572035.816667
1792198,IT,WA,SUPPO,BUSIN,0.25,34319.791,4,4,34319.789,0.0,0.0,0.0,0.002,137279.164
1715450,IT,NL,MOTOR,EDUCA,0.05,34319.568,4,4,34319.565,0.0,0.0,0.0,0.003,686391.36
1755274,IT,KR,PAPER,CERAM,0.13,34317.306,4,4,34317.303,0.0,0.0,0.0,0.003,263979.276923
1801287,IT,WE,MACHI,ALUMI,0.19,34316.686,4,4,34316.683,0.0,0.0,0.0,0.003,180614.136842
1795216,IT,WL,GLASS,RADIO,0.09,34316.142,4,4,34316.14,0.0,0.0,0.0,0.002,381290.466667
1800549,IT,WE,RUBBE,TRAN2,0.11,34313.241,4,4,34313.238,0.0,0.0,0.0,0.003,311938.554545
1776508,IT,TR,MOTOR,RESEA,0.05,34309.933,4,4,34309.93,0.0,0.0,0.0,0.003,686198.66
1812585,IT,WM,LEAD1,KEROS,0.06,34309.594,4,4,34309.591,0.0,0.0,0.0,0.003,571826.566667
1809278,IT,WM,CRUDE,COMPU,0.07,34308.464,4,4,34308.461,0.0,0.0,0.0,0.003,490120.914286
1789295,IT,WA,PFERT,MOTOR,0.02,34306.855,4,4,34306.85,0.0,0.0,0.0,0.005,1715342.75
1729442,IT,SE,PREC1,NONFE,0.06,34305.064,4,4,34305.062,0.0,0.0,0.0,0.002,571751.066667
1787385,IT,WA,FORES,CHARC,0.3,34302.729,4,4,34289.729,0.0,13.0,0.0,0.0,114342.43
1641247,IT,AT,MOTOR,LEATH,0.05,34302.093,4,4,34302.09,0.0,0.0,0.0,0.003,686041.86
1802479,IT,WE,SUPPO,POSTT,0.25,34301.836,4,4,34301.834,0.0,0.0,0.0,0.002,137207.344
1786678,IT,ZA,WHOLE,RETA1,0.3,34299.604,4,4,34299.602,0.0,0.0,0.0,0.002,114332.013333
1764843,IT,MX,SEACO,RETA1,0.03,34299.536,3,3,34299.536,0.0,0.0,0.0,0.0,1143317.866667
1688337,IT,IE,DAIRY,RAWMI,0.14,34297.246,4,4,34297.244,0.0,0.0,0.0,0.002,244980.328571
1806749,IT,WF,WHOLE,SUPPO,0.3,34296.98,4,4,34296.978,0.0,0.0,0.0,0.002,114323.266667
1799286,IT,WE,LEATH,LANDT,0.25,34296.92,4,4,34296.914,0.0,0.0,0.0,0.006,137187.68
1661555,IT,DK,BEVER,TOBAC,0.15,34295.814,4,4,34295.812,0.0,0.0,0.0,0.002,228638.76
1807524,IT,WF,RENTI,LEAD1,0.21,34293.163,4,4,34293.161,0.0,0.0,0.0,0.002,163300.77619
1647020,IT,BE,RETA1,DISTR,0.36,34290.41,4,4,34290.408,0.0,0.0,0.0,0.002,95251.138889
1644303,IT,BE,FISHF,BEVER,0.06,34289.47,3,3,34289.47,0.0,0.0,0.0,0.0,571491.166667
1744320,IT,US,FINAN,ELECT,0.45,34286.996,3,3,34286.996,0.0,0.0,0.0,0.0,76193.324444
1670823,IT,FI,HEAVY,MOTOR,0.06,34282.877,4,4,34282.874,0.0,0.0,0.0,0.003,571381.283333
1674353,IT,FR,CHEM1,HEAVY,0.07,34282.658,4,4,34282.654,0.0,0.0,0.0,0.004,489752.257143
1661347,IT,DK,MEATC,WHOLE,0.11,34282.446,5,5,34281.444,0.0,1.0,0.0,0.002,311658.6
1808497,IT,WF,FOOD4,SUPPO,0.25,34280.571,4,4,34280.569,0.0,0.0,0.0,0.002,137122.284
1799310,IT,WE,WOODW,FISHF,0.1,34280.155,4,4,34280.153,0.0,0.0,0.0,0.002,342801.55
1768081,IT,RU,BUSIN,ELEC3,0.35,34280.102,4,4,34280.1,0.0,0.0,0.0,0.002,97943.148571
1652345,IT,CZ,FISH5,MEAT1,0.14,34278.266,4,4,34278.248,0.0,0.0,0.0,0.018,244844.757143
1790022,IT,WA,NONME,ELECT,0.07,34278.191,4,4,34278.187,0.0,0.0,0.0,0.004,489688.442857
1790912,IT,WA,OFFIC,LEAD1,0.11,34277.31,4,4,34277.308,0.0,0.0,0.0,0.002,311611.909091
1690314,IT,IE,FOOD2,WOODW,0.2,34276.284,4,4,34276.282,0.0,0.0,0.0,0.002,171381.42
1762956,IT,MX,VEGE1,RETA1,0.11,34275.695,4,4,34275.688,0.0,0.0,0.0,0.007,311597.227273
1740194,IT,GB,BUSIN,FISH5,0.35,34275.279,4,4,34275.277,0.0,0.0,0.0,0.002,97929.368571
1671896,IT,FI,HOTEL,COMPU,0.25,34275.011,4,4,34275.008,0.0,0.0,0.0,0.003,137100.044
1766066,IT,RU,RUBBE,WHEAT,0.11,34271.374,4,4,34271.371,0.0,0.0,0.0,0.003,311557.945455
1716041,IT,NL,NONME,ELECT,0.07,34271.361,4,4,34271.357,0.0,0.0,0.0,0.004,489590.871429
1655362,IT,DE,OILSE,BIODI,0.02,34268.101,4,4,34268.099,0.0,0.0,0.0,0.002,1713405.05
1806858,IT,WF,RETA1,RESEA,0.36,34266.306,4,4,34266.304,0.0,0.0,0.0,0.002,95184.183333
1809483,IT,WM,MEATC,EDUCA,0.11,34263.1,5,5,34262.098,0.0,1.0,0.0,0.002,311482.727273
1720051,IT,PL,ALUM1,DISTR,0.06,34260.801,4,4,34260.798,0.0,0.0,0.0,0.003,571013.35
1663013,IT,DK,HOTEL,BASIC,0.25,34258.927,4,4,34258.924,0.0,0.0,0.0,0.003,137035.708
1814978,IT,WM,PRIVA,INSUR,7.64,34258.017,4,4,34258.012,0.0,0.0,0.0,0.005,4484.033639
1771098,IT,CH,NATUR,PUBLI,0.05,34256.926,4,4,34256.924,0.0,0.0,0.0,0.002,685138.52
1731436,IT,SI,FOOD5,AUXIL,0.16,34256.586,4,4,34256.583,0.0,0.0,0.0,0.003,214103.6625
1652451,IT,CZ,WEARI,CEREA,0.26,34256.131,4,4,34256.124,0.0,0.0,0.0,0.007,131754.35
1686853,IT,HU,FABRI,FINAN,0.14,34253.852,4,4,34253.85,0.0,0.0,0.0,0.002,244670.371429
1735515,IT,SK,PREC1,CONST,0.06,34253.553,4,4,34253.551,0.0,0.0,0.0,0.002,570892.55
1733297,IT,SI,MOTO1,WOODW,0.18,34252.887,4,4,34252.885,0.0,0.0,0.0,0.002,190293.816667
1799570,IT,WE,PRINT,SUPPO,0.33,34252.632,4,4,34252.629,0.0,0.0,0.0,0.003,103795.854545
1687629,IT,HU,AIRTR,MEATP,0.04,34251.186,3,3,34251.186,0.0,0.0,0.0,0.0,856279.65
1641274,IT,AT,MOTOR,FURNI,0.05,34248.158,4,4,34248.155,0.0,0.0,0.0,0.003,684963.16
1745143,IT,US,RECRE,EDUCA,0.44,34247.627,4,4,34247.625,0.0,0.0,0.0,0.002,77835.515909
1748048,IT,JP,BUSIN,COPP1,0.35,34247.413,4,4,34247.411,0.0,0.0,0.0,0.002,97849.751429
1774313,IT,CH,HOTEL,MOTOR,0.25,34247.037,4,4,34247.034,0.0,0.0,0.0,0.003,136988.148
1803241,IT,WF,CATTL,EDUCA,0.07,34246.243,5,5,34245.241,0.0,1.0,0.0,0.002,489232.042857
1736859,IT,SK,BUSIN,PLAST,0.35,34245.928,4,4,34245.926,0.0,0.0,0.0,0.002,97845.508571
1723519,IT,PT,COPP1,OFFIC,0.09,34242.034,4,4,34242.032,0.0,0.0,0.0,0.002,380467.044444
1650122,IT,BG,OFFIC,POSTT,0.11,34239.872,4,4,34239.87,0.0,0.0,0.0,0.002,311271.563636
1774071,IT,CH,WHOLE,CHEMI,0.3,34239.703,4,4,34239.701,0.0,0.0,0.0,0.002,114132.343333
1775767,IT,TR,CRUDE,BIODI,0.07,34236.67,4,4,34236.667,0.0,0.0,0.0,0.003,489095.285714
1682334,IT,HR,WOODW,PRINT,0.1,34236.259,4,4,34236.257,0.0,0.0,0.0,0.002,342362.59
1669881,IT,ES,PUBLI,FABRI,0.56,34234.68,4,4,34234.678,0.0,0.0,0.0,0.002,61133.357143
1769932,IT,AU,MOTO1,HOTEL,0.18,34233.595,4,4,34233.593,0.0,0.0,0.0,0.002,190186.638889
1660942,IT,DE,BUSIN,REFI1,0.35,34232.582,4,4,34232.58,0.0,0.0,0.0,0.002,97807.377143
1757168,IT,BR,CHEMI,FISHF,0.08,34231.729,5,5,34229.726,0.0,0.0,2.0,0.003,427896.6125
1771439,IT,CH,FOOD5,93197,0.16,34231.232,4,4,34231.229,0.0,0.0,0.0,0.003,213945.2
1771581,IT,CH,TEXTI,RETAI,0.2,34224.747,4,4,34224.742,0.0,0.0,0.0,0.005,171123.735
1778859,IT,TR,TRAN2,RETAI,0.05,34224.546,3,3,34224.546,0.0,0.0,0.0,0.0,684490.92
1785348,IT,ZA,WOODW,MOTOR,0.1,34222.762,4,4,34222.76,0.0,0.0,0.0,0.002,342227.62
1791871,IT,WA,LANDT,COMPU,0.22,34222.039,4,4,34222.037,0.0,0.0,0.0,0.002,155554.722727
1650161,IT,BG,MOTO1,MACHI,0.18,34221.356,4,4,34221.354,0.0,0.0,0.0,0.002,190118.644444
1687440,IT,HU,RAILW,GASDI,0.23,34220.411,4,4,34220.409,0.0,0.0,0.0,0.002,148784.395652
1710907,IT,LU,HEAVY,BUSIN,0.06,34220.305,4,4,34220.302,0.0,0.0,0.0,0.003,570338.416667
1750716,IT,CN,MOTO1,FINAN,0.18,34218.409,4,4,34218.407,0.0,0.0,0.0,0.002,190102.272222
1661587,IT,DK,BEVER,RETAI,0.15,34216.918,4,4,34216.916,0.0,0.0,0.0,0.002,228112.786667
1770449,IT,AU,SEACO,POSTT,0.03,34212.672,3,3,34212.672,0.0,0.0,0.0,0.0,1140422.4
1650549,IT,BG,ELEC7,NONME,0.02,34212.626,3,3,34212.626,0.0,0.0,0.0,0.0,1710631.3
1794684,IT,WL,NAPHT,CEMEN,0.06,34211.578,4,4,34211.576,0.0,0.0,0.0,0.002,570192.966667
1740969,IT,US,BEVER,POULT,0.15,34211.358,4,4,34211.356,0.0,0.0,0.0,0.002,228075.72
1772563,IT,CH,RUBBE,COLLE,0.11,34210.445,4,4,34210.442,0.0,0.0,0.0,0.003,311004.045455
1671015,IT,FI,RUBBE,CROPS,0.11,34209.98,4,4,34209.977,0.0,0.0,0.0,0.003,310999.818182
1673120,IT,FR,FOOD5,INERT,0.16,34209.291,4,4,34209.288,0.0,0.0,0.0,0.003,213808.06875
1674144,IT,FR,HEAVY,MACHI,0.06,34209.164,4,4,34209.161,0.0,0.0,0.0,0.003,570152.733333
1717252,IT,NL,POSTT,PRINT,0.56,34206.046,4,4,34206.043,0.0,0.0,0.0,0.003,61082.225
1710921,IT,LU,NAPHT,CONST,0.06,34204.976,4,4,34204.974,0.0,0.0,0.0,0.002,570082.933333
1755197,IT,KR,WOODW,PULP5,0.1,34203.085,4,4,34203.083,0.0,0.0,0.0,0.002,342030.85
1806786,IT,WF,RETA1,MEATC,0.36,34202.059,4,4,34202.057,0.0,0.0,0.0,0.002,95005.719444
1680288,IT,GR,FURNI,CONST,0.11,34201.897,4,4,34201.894,0.0,0.0,0.0,0.003,310926.336364
1657040,IT,DE,PARAF,LIQUE,0.05,34201.789,4,4,34201.786,0.0,0.0,0.0,0.003,684035.78
1805953,IT,WF,LEAD1,MEMBE,0.06,34201.499,4,4,34201.496,0.0,0.0,0.0,0.003,570024.983333
1765562,IT,RU,LEATH,TRANS,0.24,34198.645,4,4,34198.639,0.0,0.0,0.0,0.006,142494.354167
1685766,IT,HU,PLAST,KEROS,0.07,34193.546,4,4,34193.543,0.0,0.0,0.0,0.003,488479.228571
1640275,IT,AT,STONE,HOTEL,0.11,34193.142,5,5,34191.14,0.0,0.0,2.0,0.002,310846.745455
1753510,IT,CA,MACHI,SUBBI,0.19,34192.697,4,4,34192.694,0.0,0.0,0.0,0.003,179961.563158
1809400,IT,WM,CHEMI,TEXTI,0.08,34191.502,5,5,34189.499,0.0,0.0,2.0,0.003,427393.775
1763015,IT,MX,BEVER,CONST,0.15,34190.777,4,4,34190.775,0.0,0.0,0.0,0.002,227938.513333
1810462,IT,WM,PULP5,FINAN,0.1,34189.958,4,4,34189.955,0.0,0.0,0.0,0.003,341899.58
1771200,IT,CH,MEAT4,BUSIN,0.19,34189.562,4,4,34189.56,0.0,0.0,0.0,0.002,179945.063158
1814429,IT,WM,REALE,PUBLI,1.44,34189.317,4,4,34189.315,0.0,0.0,0.0,0.002,23742.58125
1680042,IT,GR,MACHI,NONME,0.19,34187.656,4,4,34187.653,0.0,0.0,0.0,0.003,179935.031579
1733808,IT,SI,LANDT,COMPU,0.22,34186.495,4,4,34186.493,0.0,0.0,0.0,0.002,155393.159091
1745687,IT,JP,TEXTI,FOOD2,0.2,34180.007,4,4,34180.002,0.0,0.0,0.0,0.005,170900.035
1753215,IT,CA,CERAM,PRECI,0.05,34176.229,4,4,34176.227,0.0,0.0,0.0,0.002,683524.58
1757305,IT,BR,FOOD5,WHOLE,0.16,34175.961,4,4,34175.958,0.0,0.0,0.0,0.003,213599.75625
1782882,IT,NO,SEACO,GASDI,0.03,34174.983,3,3,34174.983,0.0,0.0,0.0,0.0,1139166.1
1664322,IT,EE,FABRI,DAIRY,0.14,34173.792,4,4,34173.79,0.0,0.0,0.0,0.002,244098.514286
1772824,IT,CH,BASIC,PIGS9,0.04,34173.33,4,4,34173.328,0.0,0.0,0.0,0.002,854333.25
1774147,IT,CH,WHOLE,COMPU,0.3,34170.348,4,4,34170.346,0.0,0.0,0.0,0.002,113901.16
1775399,IT,CH,PUBLI,RETA1,0.56,34170.23,4,4,34170.228,0.0,0.0,0.0,0.002,61018.267857
1789256,IT,WA,PLAST,RENTI,0.07,34169.437,4,4,34169.434,0.0,0.0,0.0,0.003,488134.814286
1784420,IT,ID,NONME,MACHI,0.07,34168.005,4,4,34168.001,0.0,0.0,0.0,0.004,488114.357143
1759070,IT,BR,SEACO,CONST,0.03,34164.795,3,3,34164.795,0.0,0.0,0.0,0.0,1138826.5
1686922,IT,HU,MACHI,NAPHT,0.19,34164.175,4,4,34164.172,0.0,0.0,0.0,0.003,179811.447368
1795610,IT,WL,FABRI,FISHF,0.14,34160.062,4,4,34160.06,0.0,0.0,0.0,0.002,244000.442857
1751457,IT,CN,AIRTR,LEAD1,0.04,34155.117,3,3,34155.117,0.0,0.0,0.0,0.0,853877.925
1653030,IT,CZ,PLAST,ALUM1,0.07,34154.938,4,4,34154.935,0.0,0.0,0.0,0.003,487927.685714
1715265,IT,NL,PAPER,WEARI,0.13,34150.233,4,4,34150.23,0.0,0.0,0.0,0.003,262694.1
1791959,IT,WA,SEACO,CERAM,0.03,34148.844,3,3,34148.844,0.0,0.0,0.0,0.0,1138294.8
1777466,IT,TR,BASIC,STONE,0.04,34146.083,4,4,34146.081,0.0,0.0,0.0,0.002,853652.075
1786916,IT,ZA,AIRTR,ELEC1,0.04,34143.949,3,3,34143.949,0.0,0.0,0.0,0.0,853598.725
1757780,IT,BR,PLAST,BIODI,0.07,34141.914,4,4,34141.911,0.0,0.0,0.0,0.003,487741.628571
1805289,IT,WF,ADDIT,HEAVY,0.08,34140.38,4,4,34140.377,0.0,0.0,0.0,0.003,426754.75
1751048,IT,CN,WHOLE,LANDT,0.3,34139.895,4,4,34139.893,0.0,0.0,0.0,0.002,113799.65
1753637,IT,CA,OFFIC,PRINT,0.11,34139.46,4,4,34139.458,0.0,0.0,0.0,0.002,310358.727273
1785124,IT,ZA,VEGE1,COLLE,0.1,34139.368,4,4,34139.361,0.0,0.0,0.0,0.007,341393.68
1776604,IT,TR,GASDI,REFI1,0.05,34138.363,4,4,34138.36,0.0,0.0,0.0,0.003,682767.26
1677460,IT,FR,AUXIL,VEGET,0.62,34137.848,4,4,34137.846,0.0,0.0,0.0,0.002,55061.045161
1662292,IT,DK,NONME,TEXTI,0.07,34136.571,4,4,34136.567,0.0,0.0,0.0,0.004,487665.3
1640525,IT,AT,FOOD5,MEATA,0.16,34136.401,4,4,34136.398,0.0,0.0,0.0,0.003,213352.50625
1741429,IT,US,MOTOR,PRINT,0.05,34135.481,4,4,34135.478,0.0,0.0,0.0,0.003,682709.62
1643530,IT,AT,TRAN2,WHOLE,0.05,34132.969,3,3,34132.969,0.0,0.0,0.0,0.0,682659.38
1795622,IT,WL,FABRI,MEATC,0.14,34132.574,4,4,34132.572,0.0,0.0,0.0,0.002,243804.1
1790482,IT,WA,COPP1,NFERT,0.09,34131.578,4,4,34131.576,0.0,0.0,0.0,0.002,379239.755556
1771918,IT,CH,PAPER,WEARI,0.13,34125.943,4,4,34125.94,0.0,0.0,0.0,0.003,262507.253846
1809807,IT,WM,FOOD5,OFFIC,0.16,34123.663,4,4,34123.66,0.0,0.0,0.0,0.003,213272.89375
1791870,IT,WA,LANDT,REALE,0.22,34115.904,4,4,34115.902,0.0,0.0,0.0,0.002,155072.290909
1680992,IT,GR,AIRTR,DAIRY,0.04,34113.028,3,3,34113.028,0.0,0.0,0.0,0.0,852825.7
1771743,IT,CH,LEATH,NONME,0.24,34112.839,4,4,34112.833,0.0,0.0,0.0,0.006,142136.829167
1681773,IT,HR,CHEMI,DAIRY,0.08,34112.507,5,5,34110.504,0.0,0.0,2.0,0.003,426406.3375
1676565,IT,FR,HOTEL,HEAVY,0.25,34112.427,4,4,34112.424,0.0,0.0,0.0,0.003,136449.708
1745309,IT,JP,MEAT4,ELEC1,0.19,34111.676,4,4,34111.674,0.0,0.0,0.0,0.002,179535.136842
1641487,IT,AT,HEAVY,WHEAT,0.06,34111.588,4,4,34111.585,0.0,0.0,0.0,0.003,568526.466667
1786283,IT,ZA,FABRI,NONME,0.14,34111.346,4,4,34111.344,0.0,0.0,0.0,0.002,243652.471429
1723598,IT,PT,FABRI,COPP1,0.14,34110.828,4,4,34110.826,0.0,0.0,0.0,0.002,243648.771429
1712349,IT,LV,RUBBE,SUPPO,0.11,34106.8,4,4,34106.797,0.0,0.0,0.0,0.003,310061.818182
1793844,IT,WL,TEXTI,CEMEN,0.2,34104.597,4,4,34104.592,0.0,0.0,0.0,0.005,170522.985
1668385,IT,ES,RETA1,FOOD5,0.36,34104.486,4,4,34104.484,0.0,0.0,0.0,0.002,94734.683333
1677476,IT,FR,AUXIL,DAIRY,0.62,34103.105,4,4,34103.103,0.0,0.0,0.0,0.002,55005.008065
1759788,IT,BR,BUSIN,COLLE,0.35,34099.819,4,4,34099.817,0.0,0.0,0.0,0.002,97428.054286
1646749,IT,BE,CONST,OFFIC,0.19,34098.453,4,4,34098.451,0.0,0.0,0.0,0.002,179465.542105
1813266,IT,WM,TRANS,NONME,0.2,34096.339,4,4,34096.337,0.0,0.0,0.0,0.002,170481.695
1796491,IT,WL,RETA1,PAPER,0.36,34094.194,4,4,34094.192,0.0,0.0,0.0,0.002,94706.094444
1758046,IT,BR,RUBBE,FINAN,0.11,34091.632,4,4,34091.629,0.0,0.0,0.0,0.003,309923.927273
1805977,IT,WF,COPP1,MEAT1,0.09,34090.473,4,4,34090.471,0.0,0.0,0.0,0.002,378783.033333
1810348,IT,WM,WOODW,NONME,0.1,34088.412,4,4,34088.41,0.0,0.0,0.0,0.002,340884.12
1784454,IT,ID,ALUM1,VEGE1,0.06,34088.318,4,4,34088.315,0.0,0.0,0.0,0.003,568138.633333
1741438,IT,US,MOTOR,LUBRI,0.05,34087.073,4,4,34087.07,0.0,0.0,0.0,0.003,681741.46
1660470,IT,DE,INSUR,MOTOR,0.7,34086.137,4,4,34086.135,0.0,0.0,0.0,0.002,48694.481429
1736422,IT,SK,LANDT,FURNI,0.22,34085.54,4,4,34085.538,0.0,0.0,0.0,0.002,154934.272727
1812149,IT,WM,CEMEN,HEAVY,0.05,34085.147,4,4,34085.145,0.0,0.0,0.0,0.002,681702.94
1800882,IT,WE,PREC1,VEGE1,0.06,34084.442,4,4,34084.44,0.0,0.0,0.0,0.002,568074.033333
1731219,IT,SI,CHEMI,BUSIN,0.08,34084.247,5,5,34082.244,0.0,0.0,2.0,0.003,426053.0875
1754008,IT,CA,SEACO,WHEAT,0.03,34084.167,3,3,34084.167,0.0,0.0,0.0,0.0,1136138.9
1802784,IT,WE,BUSIN,TRANS,0.35,34082.259,4,4,34082.257,0.0,0.0,0.0,0.002,97377.882857
1642406,IT,AT,PREC1,CONST,0.06,34081.637,4,4,34081.635,0.0,0.0,0.0,0.002,568027.283333
1729379,IT,SE,BASIC,GLASS,0.04,34080.841,4,4,34080.839,0.0,0.0,0.0,0.002,852021.025
1809120,IT,WM,CROPS,NONME,0.27,34079.549,4,4,34079.547,0.0,0.0,0.0,0.002,126220.551852
1723358,IT,PT,NONME,RESEA,0.07,34078.227,4,4,34078.223,0.0,0.0,0.0,0.004,486831.814286
1658289,IT,DE,COPP1,ELECT,0.09,34077.865,4,4,34077.863,0.0,0.0,0.0,0.002,378642.944444
1780897,IT,TW,RESEA,ALUM1,0.18,34075.558,4,4,34075.556,0.0,0.0,0.0,0.002,189308.655556
1709670,IT,LT,PLAST,PAPER,0.07,34074.702,4,4,34074.699,0.0,0.0,0.0,0.003,486781.457143
1735320,IT,SK,CERAM,PLAST,0.05,34074.317,4,4,34074.315,0.0,0.0,0.0,0.002,681486.34
1681866,IT,HR,VEGE1,SUPPO,0.1,34074.084,4,4,34074.077,0.0,0.0,0.0,0.007,340740.84
1801470,IT,WE,MOTO1,KEROS,0.18,34071.354,4,4,34071.352,0.0,0.0,0.0,0.002,189285.3
1732463,IT,SI,CHEM1,MACHI,0.07,34068.164,4,4,34068.16,0.0,0.0,0.0,0.004,486688.057143
1752651,IT,CA,TEXTI,EDUCA,0.2,34066.691,4,4,34066.686,0.0,0.0,0.0,0.005,170333.455
1771853,IT,CH,WOODW,BIOG1,0.1,34063.277,4,4,34063.275,0.0,0.0,0.0,0.002,340632.77
1682046,IT,HR,FISH5,RAWMI,0.14,34060.493,4,4,34060.475,0.0,0.0,0.0,0.018,243289.235714
1665254,IT,ES,BEVER,PROCE,0.14,34060.399,4,4,34060.397,0.0,0.0,0.0,0.002,243288.564286
1711033,IT,LU,NONME,BUSIN,0.07,34058.784,4,4,34058.78,0.0,0.0,0.0,0.004,486554.057143
1760653,IT,IN,PAPER,PADDY,0.13,34057.549,4,4,34057.546,0.0,0.0,0.0,0.003,261981.146154
1647559,IT,BE,SUPPO,PLAS1,0.24,34057.005,4,4,34057.003,0.0,0.0,0.0,0.002,141904.1875
1684894,IT,HU,SANDC,HOTEL,0.08,34056.184,4,4,34049.184,0.0,0.0,7.0,0.0,425702.3
1670419,IT,FI,FOOD5,WOODW,0.16,34054.144,4,4,34054.141,0.0,0.0,0.0,0.003,212838.4
1788611,IT,WA,PAPER,PRIVA,0.13,34053.643,4,4,34053.64,0.0,0.0,0.0,0.003,261951.1
1806757,IT,WF,WHOLE,BUSIN,0.29,34051.006,4,4,34051.004,0.0,0.0,0.0,0.002,117417.262069
1790896,IT,WA,OFFIC,FOOD5,0.11,34049.791,4,4,34049.789,0.0,0.0,0.0,0.002,309543.554545
1809546,IT,WM,VEGE1,FISHF,0.1,34046.692,4,4,34046.685,0.0,0.0,0.0,0.007,340466.92
1684575,IT,HR,BUSIN,POSTT,0.35,34045.251,4,4,34045.249,0.0,0.0,0.0,0.002,97272.145714
1677842,IT,FR,BUSIN,RAWMI,0.35,34043.242,4,4,34043.24,0.0,0.0,0.0,0.002,97266.405714
1726966,IT,RO,HOTEL,BRICK,0.25,34041.134,4,4,34041.131,0.0,0.0,0.0,0.003,136164.536
1745962,IT,JP,WOODW,TRANS,0.1,34041.125,4,4,34041.123,0.0,0.0,0.0,0.002,340411.25
1658389,IT,DE,FABRI,BKBPE,0.14,34040.73,4,4,34040.728,0.0,0.0,0.0,0.002,243148.071429
1716690,IT,NL,WHOLE,FURNI,0.29,34040.0,4,4,34039.998,0.0,0.0,0.0,0.002,117379.310345
1711132,IT,LU,COPP1,TRAN2,0.09,34039.395,4,4,34039.393,0.0,0.0,0.0,0.002,378215.5
1808504,IT,WF,FOOD4,RESEA,0.25,34038.866,4,4,34038.864,0.0,0.0,0.0,0.002,136155.464
1795991,IT,WL,MOTO1,ELEC1,0.18,34038.723,4,4,34038.721,0.0,0.0,0.0,0.002,189104.016667
1745180,IT,JP,OILSE,FOOD5,0.02,34038.664,4,4,34038.662,0.0,0.0,0.0,0.002,1701933.2
1781790,IT,NO,PRINT,HEALT,0.33,34037.831,4,4,34037.828,0.0,0.0,0.0,0.003,103144.942424
1775649,IT,CH,93197,REALE,0.23,34036.901,4,4,34036.898,0.0,0.0,0.0,0.003,147986.526087
1669604,IT,ES,RENTI,PLAST,0.2,34036.667,4,4,34036.665,0.0,0.0,0.0,0.002,170183.335
1735994,IT,SK,TRANS,WOODW,0.2,34036.445,4,4,34036.443,0.0,0.0,0.0,0.002,170182.225
1672348,IT,FI,BUSIN,MEATC,0.35,34034.889,4,4,34034.887,0.0,0.0,0.0,0.002,97242.54
1731972,IT,SI,MOTOR,93197,0.05,34033.887,4,4,34033.884,0.0,0.0,0.0,0.003,680677.74
1709960,IT,LT,BASIC,COMPU,0.04,34032.152,4,4,34032.15,0.0,0.0,0.0,0.002,850803.8
1666399,IT,ES,NAPHT,RAILW,0.06,34031.967,4,4,34031.965,0.0,0.0,0.0,0.002,567199.45
1655375,IT,DE,CROPS,MEATP,0.27,34031.628,4,4,34031.626,0.0,0.0,0.0,0.002,126043.066667
1750441,IT,CN,MACHI,RAWMI,0.19,34031.131,4,4,34031.128,0.0,0.0,0.0,0.003,179111.215789
1754864,IT,KR,BEVER,93197,0.14,34028.786,4,4,34028.784,0.0,0.0,0.0,0.002,243062.757143
1651259,IT,CY,MEAT1,MEAT1,0.16,34027.331,4,4,34027.327,0.0,0.0,0.0,0.004,212670.81875
1684815,IT,HU,FISHF,PLAST,0.06,34026.977,3,3,34026.977,0.0,0.0,0.0,0.0,567116.283333
1765864,IT,RU,NONSP,GASDI,0.04,34024.128,4,4,34024.126,0.0,0.0,0.0,0.002,850603.2
1682907,IT,HR,NAPHT,TRANS,0.06,34022.545,4,4,34022.543,0.0,0.0,0.0,0.002,567042.416667
1715617,IT,NL,NAPHT,MEAT4,0.06,34021.694,4,4,34021.692,0.0,0.0,0.0,0.002,567028.233333
1802481,IT,WE,SUPPO,INSUR,0.24,34019.727,4,4,34019.725,0.0,0.0,0.0,0.002,141748.8625
1642485,IT,AT,LEAD1,CHEM1,0.06,34019.467,4,4,34019.464,0.0,0.0,0.0,0.003,566991.116667
1760697,IT,IN,PAPER,FOUND,0.13,34019.443,4,4,34019.44,0.0,0.0,0.0,0.003,261688.023077
1799027,IT,WE,TEXTI,PFERT,0.2,34019.128,4,4,34019.123,0.0,0.0,0.0,0.005,170095.64
1740627,IT,US,CRUDE,NAPHT,0.07,34018.206,4,4,34018.203,0.0,0.0,0.0,0.003,485974.371429
1650852,IT,BG,LANDT,ELEC1,0.22,34017.916,4,4,34017.914,0.0,0.0,0.0,0.002,154626.890909
1651217,IT,BG,BUSIN,INSUR,0.35,34017.081,4,4,34017.079,0.0,0.0,0.0,0.002,97191.66
1645470,IT,BE,PARAF,PLAST,0.05,34016.539,4,4,34016.537,0.0,0.0,0.0,0.002,680330.78
1803271,IT,WF,FORES,LEADZ,0.3,34015.171,4,4,34002.171,0.0,13.0,0.0,0.0,113383.903333
1788454,IT,WA,PULP5,HEAVY,0.1,34015.091,4,4,34015.088,0.0,0.0,0.0,0.003,340150.91
1713817,IT,MT,FURNI,POSTT,0.11,34014.766,4,4,34014.763,0.0,0.0,0.0,0.003,309225.145455
1749862,IT,CN,RUBBE,ELEC1,0.11,34012.855,4,4,34012.852,0.0,0.0,0.0,0.003,309207.772727
1664357,IT,EE,FABRI,SALEM,0.14,34008.822,4,4,34008.82,0.0,0.0,0.0,0.002,242920.157143
1649139,IT,BG,PAPER,REALE,0.13,34008.544,4,4,34008.541,0.0,0.0,0.0,0.003,261604.184615
1800758,IT,WE,NONME,TRANS,0.07,34007.681,4,4,34007.677,0.0,0.0,0.0,0.004,485824.014286
1668363,IT,ES,RETA1,VEGET,0.36,34007.526,4,4,34007.524,0.0,0.0,0.0,0.002,94465.35
1724446,IT,PT,AIRTR,INSUR,0.04,34007.452,3,3,34007.452,0.0,0.0,0.0,0.0,850186.3
1726637,IT,RO,MOTO1,SALEM,0.18,34007.255,4,4,34007.253,0.0,0.0,0.0,0.002,188929.194444
1748931,IT,CN,WEARI,ELEC8,0.26,34005.648,4,4,34005.642,0.0,0.0,0.0,0.006,130790.953846
1774713,IT,CH,SUPPO,RUBBE,0.24,34005.609,4,4,34005.607,0.0,0.0,0.0,0.002,141690.0375
1719585,IT,PL,CERAM,COPPE,0.05,34003.339,4,4,34003.337,0.0,0.0,0.0,0.002,680066.78
1689332,IT,IE,RETA1,PRINT,0.36,33999.903,4,4,33999.901,0.0,0.0,0.0,0.002,94444.175
1646684,IT,BE,FURNI,DISTR,0.11,33998.424,4,4,33998.421,0.0,0.0,0.0,0.003,309076.581818
1732354,IT,SI,NAPHT,93197,0.06,33997.455,4,4,33997.453,0.0,0.0,0.0,0.002,566624.25
1785526,IT,ZA,MOTOR,RENTI,0.05,33996.768,4,4,33996.765,0.0,0.0,0.0,0.003,679935.36
1727635,IT,RO,RENTI,WOODW,0.2,33996.357,4,4,33996.355,0.0,0.0,0.0,0.002,169981.785
1653319,IT,CZ,GLASS,TOBAC,0.09,33994.65,4,4,33994.648,0.0,0.0,0.0,0.002,377718.333333
1776343,IT,TR,PAPER,LANDT,0.13,33992.886,4,4,33992.883,0.0,0.0,0.0,0.003,261483.738462
1758215,IT,BR,BASIC,NAPHT,0.04,33989.69,4,4,33989.688,0.0,0.0,0.0,0.002,849742.25
1793136,IT,WA,RECRE,BUSIN,0.43,33989.67,4,4,33989.668,0.0,0.0,0.0,0.002,79045.744186
1755570,IT,KR,CHEM1,ELEC3,0.07,33988.516,4,4,33988.512,0.0,0.0,0.0,0.004,485550.228571
1764325,IT,MX,OFFIC,MEDIC,0.11,33988.444,4,4,33988.442,0.0,0.0,0.0,0.002,308985.854545
1784871,IT,ID,AIRTR,RUBBE,0.04,33987.975,3,3,33987.975,0.0,0.0,0.0,0.0,849699.375
1794546,IT,WL,HEAVY,PROCE,0.05,33986.62,4,4,33986.617,0.0,0.0,0.0,0.003,679732.4
1667754,IT,ES,OFFIC,CHEMI,0.11,33986.488,4,4,33986.486,0.0,0.0,0.0,0.002,308968.072727
1793426,IT,WL,CROPS,93197,0.27,33986.052,4,4,33986.05,0.0,0.0,0.0,0.002,125874.266667
1731170,IT,SI,SANDC,MOTO1,0.08,33985.776,4,4,33978.776,0.0,0.0,7.0,0.0,424822.2
1725735,IT,RO,PRINT,VEGET,0.33,33984.693,4,4,33984.69,0.0,0.0,0.0,0.003,102983.918182
1677630,IT,FR,REALE,POSTT,1.44,33984.586,4,4,33984.584,0.0,0.0,0.0,0.002,23600.406944
1681027,IT,GR,AIRTR,ELEC4,0.04,33983.866,3,3,33983.866,0.0,0.0,0.0,0.0,849596.65
1788720,IT,WA,MOTOR,PLAST,0.05,33978.545,4,4,33978.542,0.0,0.0,0.0,0.003,679570.9
1805504,IT,WF,CERAM,SUGA1,0.05,33976.454,4,4,33976.452,0.0,0.0,0.0,0.002,679529.08
1804264,IT,WF,MOTOR,COPPE,0.05,33976.437,4,4,33976.434,0.0,0.0,0.0,0.003,679528.74
1780174,IT,TW,HOTEL,TRAN2,0.25,33974.398,4,4,33974.395,0.0,0.0,0.0,0.003,135897.592
1764400,IT,MX,MOTO1,AIRTR,0.18,33974.265,4,4,33974.263,0.0,0.0,0.0,0.002,188745.916667
1765132,IT,MX,BUSIN,CRUDE,0.35,33966.798,4,4,33966.796,0.0,0.0,0.0,0.002,97047.994286
1684762,IT,HU,OILSE,RUBBE,0.02,33963.357,4,4,33963.355,0.0,0.0,0.0,0.002,1698167.85
1752897,IT,CA,HEAVY,CRUDE,0.05,33962.8,4,4,33962.797,0.0,0.0,0.0,0.003,679256.0
1727690,IT,RO,RENTI,93197,0.2,33961.505,4,4,33961.503,0.0,0.0,0.0,0.002,169807.525
1754698,IT,KR,VEGE1,NAPHT,0.1,33961.185,4,4,33961.178,0.0,0.0,0.0,0.007,339611.85
1728161,IT,SE,DAIRY,REALE,0.14,33957.711,4,4,33957.709,0.0,0.0,0.0,0.002,242555.078571
1646533,IT,BE,MACHI,93197,0.19,33957.021,4,4,33957.018,0.0,0.0,0.0,0.003,178721.163158
1774762,IT,CH,SUPPO,RECRE,0.24,33956.541,4,4,33956.539,0.0,0.0,0.0,0.002,141485.5875
1798110,IT,WL,93197,93197,0.23,33956.111,4,4,33956.108,0.0,0.0,0.0,0.003,147635.265217
1679361,IT,GR,PLAST,CHEM1,0.07,33954.87,4,4,33954.867,0.0,0.0,0.0,0.003,485069.571429
1678851,IT,GR,FISH5,CATTL,0.14,33954.624,4,4,33954.607,0.0,0.0,0.0,0.017,242533.028571
1709678,IT,LT,PLAST,NONME,0.07,33953.909,4,4,33953.906,0.0,0.0,0.0,0.003,485055.842857
1641737,IT,AT,CHEM1,CATTL,0.07,33953.336,4,4,33953.332,0.0,0.0,0.0,0.004,485047.657143
1686114,IT,HU,RUBBE,DIST1,0.11,33951.198,4,4,33951.195,0.0,0.0,0.0,0.003,308647.254545
1656466,IT,DE,PAPER,PIGS9,0.13,33946.761,4,4,33946.758,0.0,0.0,0.0,0.003,261128.930769
1713714,IT,MT,MACHI,FISHF,0.19,33944.354,4,4,33944.351,0.0,0.0,0.0,0.003,178654.494737
1685662,IT,HU,GASDI,SUPPO,0.05,33943.95,4,4,33943.947,0.0,0.0,0.0,0.003,678879.0
1727507,IT,RO,AUXIL,LANDT,0.62,33942.611,4,4,33942.609,0.0,0.0,0.0,0.002,54746.146774
1792638,IT,WA,RESEA,MEATC,0.18,33940.559,4,4,33940.557,0.0,0.0,0.0,0.002,188558.661111
1710850,IT,LU,PAPER,HEALT,0.13,33939.072,4,4,33939.069,0.0,0.0,0.0,0.003,261069.784615
1666364,IT,ES,LIQUE,93197,0.06,33937.889,4,4,33937.886,0.0,0.0,0.0,0.003,565631.483333
1729649,IT,SE,FABRI,ALUM1,0.14,33936.203,4,4,33936.201,0.0,0.0,0.0,0.002,242401.45
1807008,IT,WF,LANDT,DIST1,0.22,33934.788,4,4,33934.786,0.0,0.0,0.0,0.002,154249.036364
1715552,IT,NL,GASDI,EDUCA,0.05,33934.775,4,4,33934.772,0.0,0.0,0.0,0.003,678695.5
1642285,IT,AT,NONME,RENTI,0.07,33934.533,4,4,33934.529,0.0,0.0,0.0,0.004,484779.042857
1785419,IT,ZA,PAPER,RADIO,0.13,33932.241,4,4,33932.238,0.0,0.0,0.0,0.003,261017.238462
1658705,IT,DE,OFFIC,FOUND,0.11,33932.133,4,4,33932.131,0.0,0.0,0.0,0.002,308473.936364
1643570,IT,AT,SEACO,SUPPO,0.03,33931.549,3,3,33931.549,0.0,0.0,0.0,0.0,1131051.633333
1659604,IT,DE,HOTEL,GLASS,0.25,33929.584,4,4,33929.581,0.0,0.0,0.0,0.003,135718.336
1776435,IT,TR,MOTOR,CATTL,0.05,33929.366,4,4,33929.363,0.0,0.0,0.0,0.003,678587.32
1735679,IT,SK,FABRI,PAPER,0.14,33924.078,4,4,33924.076,0.0,0.0,0.0,0.002,242314.842857
1644207,IT,BE,VEGET,PLAST,0.12,33924.074,3,3,33924.074,0.0,0.0,0.0,0.0,282700.616667
1752445,IT,CA,DAIRY,NAPHT,0.14,33923.011,4,4,33923.009,0.0,0.0,0.0,0.002,242307.221429
1781079,IT,TW,PUBLI,NONME,0.56,33922.649,4,4,33922.647,0.0,0.0,0.0,0.002,60576.158929
1749959,IT,CN,CERAM,RUBBE,0.05,33921.287,4,4,33921.285,0.0,0.0,0.0,0.002,678425.74
1657222,IT,DE,CHEM1,BITU1,0.07,33918.135,4,4,33918.131,0.0,0.0,0.0,0.004,484544.785714
1764564,IT,MX,WHOLE,TEXTI,0.29,33916.934,4,4,33916.932,0.0,0.0,0.0,0.002,116954.944828
1746447,IT,JP,GLASS,NONME,0.09,33915.573,4,4,33915.571,0.0,0.0,0.0,0.002,376839.7
1811312,IT,WM,BITU1,RADIO,0.05,33913.962,4,4,33913.959,0.0,0.0,0.0,0.003,678279.24
1809344,IT,WM,SANDC,PROCE,0.08,33913.168,4,4,33906.168,0.0,0.0,7.0,0.0,423914.6
1642738,IT,AT,MACHI,CERAM,0.19,33913.12,4,4,33913.117,0.0,0.0,0.0,0.003,178490.105263
1797428,IT,WL,COMPU,LANDT,0.39,33912.889,4,4,33912.887,0.0,0.0,0.0,0.002,86956.125641
1777327,IT,TR,GLASS,CEMEN,0.09,33912.078,4,4,33912.076,0.0,0.0,0.0,0.002,376800.866667
1786302,IT,ZA,FABRI,COLLE,0.14,33910.74,4,4,33910.738,0.0,0.0,0.0,0.002,242219.571429
1787445,IT,WA,STONE,PLAST,0.11,33910.716,5,5,33908.714,0.0,0.0,2.0,0.002,308279.236364
1803443,IT,WF,MEAT1,PRECI,0.16,33908.533,4,4,33908.529,0.0,0.0,0.0,0.004,211928.33125
1786424,IT,ZA,MACHI,MEMBE,0.19,33908.386,4,4,33908.383,0.0,0.0,0.0,0.003,178465.189474
1711012,IT,LU,CEMEN,HOTEL,0.05,33907.02,4,4,33907.018,0.0,0.0,0.0,0.002,678140.4
1772974,IT,CH,PREC1,HOTEL,0.06,33906.834,4,4,33906.832,0.0,0.0,0.0,0.002,565113.9
1778624,IT,TR,HOTEL,PRINT,0.25,33905.039,4,4,33905.036,0.0,0.0,0.0,0.003,135620.156
1684156,IT,HR,LANDT,RUBBE,0.22,33902.554,4,4,33902.552,0.0,0.0,0.0,0.002,154102.518182
1685375,IT,HU,LEATH,CEMEN,0.24,33900.437,4,4,33900.431,0.0,0.0,0.0,0.006,141251.820833
1776946,IT,TR,PLAST,REALE,0.07,33898.632,4,4,33898.629,0.0,0.0,0.0,0.003,484266.171429
1657767,IT,DE,NONME,STONE,0.07,33897.706,4,4,33897.702,0.0,0.0,0.0,0.004,484252.942857
1733091,IT,SI,FABRI,STONE,0.14,33897.146,4,4,33897.144,0.0,0.0,0.0,0.002,242122.471429
1769162,IT,AU,CHEM1,PREC1,0.07,33894.519,4,4,33894.515,0.0,0.0,0.0,0.004,484207.414286
1801775,IT,WE,ELEC4,WEARI,0.54,33891.225,4,4,33891.223,0.0,0.0,0.0,0.002,62761.527778
1673654,IT,FR,WOODW,INERT,0.09,33889.81,4,4,33889.808,0.0,0.0,0.0,0.002,376553.444444
1803905,IT,WF,WEARI,PRINT,0.26,33888.044,4,4,33888.038,0.0,0.0,0.0,0.006,130338.630769
1710638,IT,LU,MEAT1,RETA1,0.16,33885.685,4,4,33885.681,0.0,0.0,0.0,0.004,211785.53125
1735563,IT,SK,ALUM1,ELEC2,0.06,33884.709,4,4,33884.706,0.0,0.0,0.0,0.003,564745.15
1681416,IT,GR,RENTI,PLAST,0.2,33883.508,4,4,33883.506,0.0,0.0,0.0,0.002,169417.54
1657332,IT,DE,ADDIT,LANDT,0.08,33880.624,4,4,33880.621,0.0,0.0,0.0,0.003,423507.8
1794963,IT,WL,CHEM1,NONF1,0.07,33880.261,4,4,33880.257,0.0,0.0,0.0,0.004,484003.728571
1788942,IT,WA,HEAVY,PRINT,0.05,33878.25,4,4,33878.247,0.0,0.0,0.0,0.003,677565.0
1723059,IT,PT,CHEM1,VEGE1,0.07,33876.523,4,4,33876.519,0.0,0.0,0.0,0.004,483950.328571
1737941,IT,GB,CHEM1,PFERT,0.07,33872.789,4,4,33872.785,0.0,0.0,0.0,0.004,483896.985714
1769130,IT,AU,CHEM1,VEGE1,0.07,33871.671,4,4,33871.667,0.0,0.0,0.0,0.004,483881.014286
1762928,IT,MX,CHEMI,RECRE,0.08,33871.402,5,5,33869.399,0.0,0.0,2.0,0.003,423392.525
1768573,IT,AU,BEVER,MEAT4,0.14,33869.181,4,4,33869.179,0.0,0.0,0.0,0.002,241922.721429
1799063,IT,WE,TEXTI,SUPPO,0.2,33868.09,4,4,33868.086,0.0,0.0,0.0,0.004,169340.45
1666304,IT,ES,LIQUE,LIQUE,0.06,33867.408,4,4,33867.405,0.0,0.0,0.0,0.003,564456.8
1762780,IT,IN,BUSIN,AUXIL,0.35,33867.373,4,4,33867.371,0.0,0.0,0.0,0.002,96763.922857
1670809,IT,FI,MOTOR,KEROS,0.05,33866.802,4,4,33866.799,0.0,0.0,0.0,0.003,677336.04
1686691,IT,HU,COPP1,PAPER,0.09,33866.682,4,4,33866.68,0.0,0.0,0.0,0.002,376296.466667
1768917,IT,AU,WOODW,EDUCA,0.09,33864.212,4,4,33864.21,0.0,0.0,0.0,0.002,376269.022222
1753550,IT,CA,MACHI,LUBRI,0.19,33863.474,4,4,33863.471,0.0,0.0,0.0,0.003,178228.810526
1807404,IT,WF,FINAN,HEALT,0.44,33863.269,3,3,33863.269,0.0,0.0,0.0,0.0,76961.975
1724044,IT,PT,WHOLE,FISH5,0.29,33862.38,4,4,33862.378,0.0,0.0,0.0,0.002,116766.827586
1735908,IT,SK,OFFIC,FINAN,0.1,33862.292,4,4,33862.29,0.0,0.0,0.0,0.002,338622.92
1682316,IT,HR,WOODW,STONE,0.09,33856.593,4,4,33856.591,0.0,0.0,0.0,0.002,376184.366667
1716612,IT,NL,SALEM,RETA1,0.27,33855.649,4,4,33855.647,0.0,0.0,0.0,0.002,125391.292593
1655738,IT,DE,MEATC,WHOLE,0.11,33854.852,4,4,33854.85,0.0,0.0,0.0,0.002,307771.381818
1804127,IT,WF,PAPER,MOTOR,0.13,33854.009,4,4,33854.006,0.0,0.0,0.0,0.003,260415.453846
1655516,IT,DE,CRUDE,RAILW,0.07,33853.677,4,4,33853.674,0.0,0.0,0.0,0.003,483623.957143
1688594,IT,IE,PRINT,BUSIN,0.32,33852.806,4,4,33852.803,0.0,0.0,0.0,0.003,105790.01875
1798404,IT,WE,NATUR,CATTL,0.05,33850.035,4,4,33850.033,0.0,0.0,0.0,0.002,677000.7
1805052,IT,WF,PLAST,OXYGE,0.07,33849.685,4,4,33849.682,0.0,0.0,0.0,0.003,483566.928571
1808170,IT,WF,OILHA,WEARI,0.19,33848.878,4,4,33848.876,0.0,0.0,0.0,0.002,178151.989474
1782168,IT,NO,NONME,OFFIC,0.07,33847.887,4,4,33847.883,0.0,0.0,0.0,0.004,483541.242857
1686404,IT,HU,BASIC,BIODI,0.04,33847.639,4,4,33847.637,0.0,0.0,0.0,0.002,846190.975
1660086,IT,DE,AIRTR,RADIO,0.04,33847.178,3,3,33847.178,0.0,0.0,0.0,0.0,846179.45
1650895,IT,BG,SEACO,FISHF,0.03,33845.751,3,3,33845.751,0.0,0.0,0.0,0.0,1128191.7
1681672,IT,HR,VEGET,RETA1,0.12,33842.689,3,3,33842.689,0.0,0.0,0.0,0.0,282022.408333
1805774,IT,WF,PREC1,CROPS,0.06,33841.473,4,4,33841.471,0.0,0.0,0.0,0.002,564024.55
1682763,IT,HR,HEAVY,WHEAT,0.05,33841.304,4,4,33841.301,0.0,0.0,0.0,0.003,676826.08
1651261,IT,CY,MEAT4,RAILW,0.19,33835.419,4,4,33835.417,0.0,0.0,0.0,0.002,178081.152632
1655400,IT,DE,CROPS,PUBLI,0.27,33829.064,4,4,33829.062,0.0,0.0,0.0,0.002,125292.82963
1804124,IT,WF,PAPER,PULP5,0.13,33826.978,4,4,33826.975,0.0,0.0,0.0,0.003,260207.523077
1683148,IT,HR,GLASS,VEGET,0.09,33825.74,4,4,33825.738,0.0,0.0,0.0,0.002,375841.555556
1802480,IT,WE,SUPPO,FINAN,0.24,33825.018,4,4,33825.016,0.0,0.0,0.0,0.002,140937.575
1650534,IT,BG,ELEC7,BEVER,0.02,33824.724,3,3,33824.724,0.0,0.0,0.0,0.0,1691236.2
1711279,IT,LU,TRANS,BUSIN,0.2,33824.566,4,4,33824.564,0.0,0.0,0.0,0.002,169122.83
1655942,IT,DE,SUGA1,FOOD5,0.08,33821.689,4,4,33821.683,0.0,0.0,0.0,0.006,422771.1125
1793971,IT,WL,WOODW,TOBAC,0.09,33820.196,4,4,33820.194,0.0,0.0,0.0,0.002,375779.955556
1747085,IT,JP,FURNI,ELEC4,0.11,33819.655,4,4,33819.652,0.0,0.0,0.0,0.003,307451.409091
1781881,IT,NO,CHEM1,FISH5,0.07,33817.032,4,4,33817.028,0.0,0.0,0.0,0.004,483100.457143
1763716,IT,MX,RUBBE,RENTI,0.11,33816.384,4,4,33816.381,0.0,0.0,0.0,0.003,307421.672727
1778565,IT,TR,RETA1,RETAI,0.35,33814.703,4,4,33814.701,0.0,0.0,0.0,0.002,96613.437143
1676068,IT,FR,ELEC7,FABRI,0.02,33811.657,3,3,33811.657,0.0,0.0,0.0,0.0,1690582.85
1799808,IT,WE,GASDI,WOOLS,0.05,33810.576,4,4,33810.573,0.0,0.0,0.0,0.003,676211.52
1663966,IT,EE,PAPER,RUBBE,0.13,33810.035,4,4,33810.032,0.0,0.0,0.0,0.003,260077.192308
1806185,IT,WF,MACHI,VEGET,0.19,33810.0,4,4,33809.997,0.0,0.0,0.0,0.003,177947.368421
1744063,IT,US,AIRTR,PLAS2,0.04,33809.83,3,3,33809.83,0.0,0.0,0.0,0.0,845245.75
1672678,IT,FR,NATUR,WEARI,0.05,33809.429,4,4,33809.427,0.0,0.0,0.0,0.002,676188.58
1666950,IT,ES,CERAM,MEDIC,0.05,33809.341,4,4,33809.339,0.0,0.0,0.0,0.002,676186.82
1688453,IT,IE,TEXTI,RETA1,0.2,33808.188,4,4,33808.184,0.0,0.0,0.0,0.004,169040.94
1750454,IT,CN,MACHI,MEATC,0.19,33807.745,4,4,33807.742,0.0,0.0,0.0,0.003,177935.5
1666396,IT,ES,NAPHT,DIST1,0.06,33805.99,4,4,33805.988,0.0,0.0,0.0,0.002,563433.166667
1684057,IT,HR,HOTEL,ALUM1,0.25,33804.711,4,4,33804.708,0.0,0.0,0.0,0.003,135218.844
1724382,IT,PT,SEACO,HEALT,0.03,33804.227,3,3,33804.227,0.0,0.0,0.0,0.0,1126807.566667
1670451,IT,FI,FOOD5,PUBLI,0.16,33803.614,4,4,33803.611,0.0,0.0,0.0,0.003,211272.5875
1740700,IT,US,CHEMI,GASDI,0.08,33801.932,5,5,33799.929,0.0,0.0,2.0,0.003,422524.15
1642176,IT,AT,CERAM,RENTI,0.05,33801.922,4,4,33801.92,0.0,0.0,0.0,0.002,676038.44
1712711,IT,LV,HOTEL,WHOLE,0.24,33799.878,4,4,33799.875,0.0,0.0,0.0,0.003,140832.825
1716615,IT,NL,SALEM,AIRTR,0.27,33799.099,4,4,33799.097,0.0,0.0,0.0,0.002,125181.848148
1796367,IT,WL,WHOLE,MEATP,0.29,33798.734,4,4,33798.732,0.0,0.0,0.0,0.002,116547.358621
1667477,IT,ES,FABRI,SANDC,0.14,33797.797,4,4,33797.795,0.0,0.0,0.0,0.002,241412.835714
1809220,IT,WM,FORES,CHEM1,0.3,33797.116,4,4,33784.116,0.0,13.0,0.0,0.0,112657.053333
1813234,IT,WM,TRANS,DAIRY,0.2,33794.698,4,4,33794.696,0.0,0.0,0.0,0.002,168973.49
1805380,IT,WF,RUBBE,LEAD1,0.11,33794.26,4,4,33794.257,0.0,0.0,0.0,0.003,307220.545455
1794880,IT,WL,PFERT,BUSIN,0.01,33793.698,4,4,33793.693,0.0,0.0,0.0,0.005,3379369.8
1717578,IT,NL,COMPU,CONST,0.39,33792.731,4,4,33792.729,0.0,0.0,0.0,0.002,86648.028205
1671608,IT,FI,FURNI,PRINT,0.11,33792.697,4,4,33792.694,0.0,0.0,0.0,0.003,307206.336364
1685064,IT,HU,PROCE,WOODW,0.23,33792.46,4,4,33792.458,0.0,0.0,0.0,0.002,146923.73913
1780072,IT,TW,WHOLE,FABRI,0.29,33789.438,4,4,33789.436,0.0,0.0,0.0,0.002,116515.303448
1755261,IT,KR,PAPER,GASDI,0.13,33789.033,4,4,33789.03,0.0,0.0,0.0,0.003,259915.638462
1651489,IT,CY,HEAVY,ALUM1,0.05,33787.891,4,4,33787.888,0.0,0.0,0.0,0.003,675757.82
1749331,IT,CN,PRINT,CERAM,0.32,33787.813,4,4,33787.81,0.0,0.0,0.0,0.003,105586.915625
1644670,IT,BE,BEVER,TOBAC,0.14,33786.005,4,4,33786.003,0.0,0.0,0.0,0.002,241328.607143
1672797,IT,FR,MEATP,HEALT,0.14,33784.864,4,4,33784.86,0.0,0.0,0.0,0.004,241320.457143
1763785,IT,MX,CERAM,IRONO,0.05,33784.798,4,4,33784.796,0.0,0.0,0.0,0.002,675695.96
1721318,IT,PL,LANDT,FOOD4,0.22,33781.975,4,4,33781.973,0.0,0.0,0.0,0.002,153554.431818
1804734,IT,WF,LIQUE,MEMBE,0.06,33779.717,4,4,33779.714,0.0,0.0,0.0,0.003,562995.283333
1783343,IT,NO,PAPE1,OILHA,0.24,33779.349,4,4,33779.347,0.0,0.0,0.0,0.002,140747.2875
1716069,IT,NL,BASIC,PAPER,0.04,33778.626,4,4,33778.624,0.0,0.0,0.0,0.002,844465.65
1780466,IT,TW,POSTT,BEVER,0.56,33777.945,4,4,33777.942,0.0,0.0,0.0,0.003,60317.758929
1787945,IT,WA,FISH5,WHOLE,0.14,33775.684,4,4,33775.667,0.0,0.0,0.0,0.017,241254.885714
1725836,IT,RO,KEROS,PUBLI,0.05,33775.066,4,4,33775.063,0.0,0.0,0.0,0.003,675501.32
1652431,IT,CZ,TEXTI,RAILW,0.2,33773.707,4,4,33773.703,0.0,0.0,0.0,0.004,168868.535
1754761,IT,KR,DAIRY,REALE,0.14,33773.264,4,4,33773.262,0.0,0.0,0.0,0.002,241237.6
1758977,IT,BR,LANDT,MEAT1,0.22,33773.071,4,4,33773.069,0.0,0.0,0.0,0.002,153513.959091
1729119,IT,SE,GLASS,FORES,0.09,33771.064,4,4,33771.062,0.0,0.0,0.0,0.002,375234.044444
1749801,IT,CN,RUBBE,CROPS,0.11,33770.17,4,4,33770.167,0.0,0.0,0.0,0.003,307001.545455
1686113,IT,HU,RUBBE,DISTR,0.11,33766.818,4,4,33766.815,0.0,0.0,0.0,0.003,306971.072727
1670733,IT,FI,PAPER,NONF1,0.13,33765.5,4,4,33765.497,0.0,0.0,0.0,0.003,259734.615385
1745647,IT,JP,TEXTI,ALUM1,0.2,33765.444,4,4,33765.44,0.0,0.0,0.0,0.004,168827.22
1725692,IT,RO,PAPER,ELEC3,0.13,33764.778,4,4,33764.775,0.0,0.0,0.0,0.003,259729.061538
1644811,IT,BE,TEXTI,PAPER,0.2,33763.756,4,4,33763.752,0.0,0.0,0.0,0.004,168818.78
1788705,IT,WA,MOTOR,WEARI,0.05,33760.882,4,4,33760.879,0.0,0.0,0.0,0.003,675217.64
1744396,IT,US,INSUR,RESEA,0.7,33760.218,4,4,33760.216,0.0,0.0,0.0,0.002,48228.882857
1780446,IT,TW,SUPPO,AIRTR,0.24,33760.202,4,4,33760.2,0.0,0.0,0.0,0.002,140667.508333
1788721,IT,WA,MOTOR,NFERT,0.05,33760.08,4,4,33760.077,0.0,0.0,0.0,0.003,675201.6
1811470,IT,WM,PLAST,ELEC5,0.07,33758.12,4,4,33758.117,0.0,0.0,0.0,0.003,482258.857143
1746757,IT,JP,MACHI,CATTL,0.19,33758.108,4,4,33758.105,0.0,0.0,0.0,0.003,177674.252632
1781629,IT,NO,LEATH,FISHF,0.24,33757.755,4,4,33757.749,0.0,0.0,0.0,0.006,140657.3125
1739842,IT,GB,FINAN,GASDI,0.44,33756.911,3,3,33756.911,0.0,0.0,0.0,0.0,76720.252273
1768651,IT,AU,TEXTI,MEATC,0.2,33756.459,4,4,33756.455,0.0,0.0,0.0,0.004,168782.295
1810616,IT,WM,PRINT,AUXIL,0.32,33756.348,4,4,33756.345,0.0,0.0,0.0,0.003,105488.5875
1788386,IT,WA,WOODW,CHARC,0.09,33754.971,4,4,33754.969,0.0,0.0,0.0,0.002,375055.233333
1765756,IT,RU,PRINT,RETA1,0.32,33752.878,4,4,33752.875,0.0,0.0,0.0,0.003,105477.74375
1789659,IT,WA,RUBBE,ALUM1,0.11,33752.292,4,4,33752.289,0.0,0.0,0.0,0.003,306839.018182
1644308,IT,BE,FISHF,RADIO,0.06,33751.258,3,3,33751.258,0.0,0.0,0.0,0.0,562520.966667
1715194,IT,NL,WOODW,ADDIT,0.09,33749.565,4,4,33749.563,0.0,0.0,0.0,0.002,374995.166667
1640328,IT,AT,CHEMI,RUBBE,0.08,33749.281,5,5,33747.278,0.0,0.0,2.0,0.003,421866.0125
1730763,IT,SE,BUSIN,PULP5,0.35,33748.812,4,4,33748.81,0.0,0.0,0.0,0.002,96425.177143
1673016,IT,FR,SUGA1,BUSIN,0.08,33747.654,4,4,33747.648,0.0,0.0,0.0,0.006,421845.675
1676329,IT,FR,RETAI,TRAN1,0.26,33747.174,4,4,33747.172,0.0,0.0,0.0,0.002,129796.823077
1752475,IT,CA,DAIRY,BUSIN,0.14,33745.131,4,4,33745.129,0.0,0.0,0.0,0.002,241036.65
1749380,IT,CN,PRINT,RECRE,0.32,33744.705,4,4,33744.702,0.0,0.0,0.0,0.003,105452.203125
1677910,IT,FR,BUSIN,ELEC4,0.35,33738.847,4,4,33738.845,0.0,0.0,0.0,0.002,96396.705714
1726974,IT,RO,HOTEL,FOUND,0.24,33738.042,4,4,33738.039,0.0,0.0,0.0,0.003,140575.175
1676885,IT,FR,TRAN2,WHITE,0.05,33734.636,3,3,33734.636,0.0,0.0,0.0,0.0,674692.72
1682211,IT,HR,WEARI,CONST,0.25,33730.125,4,4,33730.119,0.0,0.0,0.0,0.006,134920.5
1720840,IT,PL,FURNI,WHOLE,0.11,33730.037,4,4,33730.034,0.0,0.0,0.0,0.003,306636.7
1649913,IT,BG,FABRI,LEATH,0.14,33729.93,4,4,33729.928,0.0,0.0,0.0,0.002,240928.071429
1656052,IT,DE,BEVER,PULP5,0.14,33728.01,4,4,33728.008,0.0,0.0,0.0,0.002,240914.357143
1682337,IT,HR,WOODW,CHEM1,0.09,33727.064,4,4,33727.062,0.0,0.0,0.0,0.002,374745.155556
1718320,IT,PL,FOOD5,RESEA,0.16,33727.005,4,4,33727.002,0.0,0.0,0.0,0.003,210793.78125
1762901,IT,MX,STONE,EDUCA,0.11,33726.782,5,5,33724.78,0.0,0.0,2.0,0.002,306607.109091
1768410,IT,AU,VEGE1,RUBBE,0.1,33724.054,4,4,33724.047,0.0,0.0,0.0,0.007,337240.54
1720855,IT,PL,FURNI,RENTI,0.11,33723.28,4,4,33723.277,0.0,0.0,0.0,0.003,306575.272727
1666648,IT,ES,CHEM1,PLAS2,0.07,33722.064,4,4,33722.06,0.0,0.0,0.0,0.004,481743.771429
1716263,IT,NL,COPP1,COMPU,0.09,33719.726,4,4,33719.724,0.0,0.0,0.0,0.002,374663.622222
1753394,IT,CA,COPP1,FOUND,0.09,33718.368,4,4,33718.366,0.0,0.0,0.0,0.002,374648.533333
1774838,IT,CH,POSTT,EDUCA,0.56,33717.412,4,4,33717.409,0.0,0.0,0.0,0.003,60209.664286
1719281,IT,PL,CHEM1,ELECT,0.07,33716.501,4,4,33716.497,0.0,0.0,0.0,0.004,481664.3
1687574,IT,HU,LANDT,COMPU,0.22,33714.812,4,4,33714.81,0.0,0.0,0.0,0.002,153249.145455
1670275,IT,FI,OILSE,FOOD5,0.02,33712.603,4,4,33712.601,0.0,0.0,0.0,0.002,1685630.15
1640890,IT,AT,LEATH,MACHI,0.24,33712.262,4,4,33712.256,0.0,0.0,0.0,0.006,140467.758333
1784665,IT,ID,OFFIC,POSTT,0.1,33709.865,4,4,33709.863,0.0,0.0,0.0,0.002,337098.65
1767043,IT,RU,FURNI,FISHF,0.11,33704.731,4,4,33704.728,0.0,0.0,0.0,0.003,306406.645455
1726228,IT,RO,NONME,NONME,0.07,33701.064,4,4,33701.06,0.0,0.0,0.0,0.004,481443.771429
1797107,IT,WL,POSTT,FOOD5,0.56,33700.012,4,4,33700.009,0.0,0.0,0.0,0.003,60178.592857
1745045,IT,US,PUBLI,NONME,0.55,33699.894,4,4,33699.892,0.0,0.0,0.0,0.002,61272.534545
1678713,IT,GR,DAIRY,OFFIC,0.14,33699.262,4,4,33699.26,0.0,0.0,0.0,0.002,240709.014286
1752454,IT,CA,DAIRY,BIOGA,0.14,33697.776,4,4,33697.774,0.0,0.0,0.0,0.002,240698.4
1780586,IT,TW,INSUR,FOOD5,0.69,33697.403,4,4,33697.401,0.0,0.0,0.0,0.002,48836.815942
1809794,IT,WM,FOOD5,GLASS,0.16,33696.735,4,4,33696.732,0.0,0.0,0.0,0.003,210604.59375
1744613,IT,US,RENTI,COLLE,0.2,33695.563,4,4,33695.561,0.0,0.0,0.0,0.002,168477.815
1672357,IT,FI,BUSIN,FISH5,0.35,33694.664,4,4,33694.662,0.0,0.0,0.0,0.002,96270.468571
1761849,IT,IN,MOTO1,WHOLE,0.18,33694.507,4,4,33694.505,0.0,0.0,0.0,0.002,187191.705556
1812807,IT,WM,FABRI,SUGA1,0.14,33688.324,4,4,33688.322,0.0,0.0,0.0,0.002,240630.885714
1725223,IT,RO,FOOD5,VEGE1,0.16,33687.492,4,4,33687.489,0.0,0.0,0.0,0.003,210546.825
1657630,IT,DE,CERAM,DAIRY,0.05,33685.609,4,4,33685.607,0.0,0.0,0.0,0.002,673712.18
1806086,IT,WF,FABRI,BITUM,0.14,33685.258,4,4,33685.256,0.0,0.0,0.0,0.002,240608.985714
1781642,IT,NO,LEATH,WOODW,0.24,33683.49,4,4,33683.484,0.0,0.0,0.0,0.006,140347.875
1687090,IT,HU,MOTO1,REALE,0.18,33683.137,4,4,33683.135,0.0,0.0,0.0,0.002,187128.538889
1723457,IT,PT,ALUM1,TEXTI,0.06,33681.183,4,4,33681.18,0.0,0.0,0.0,0.003,561353.05
1770613,IT,AU,POSTT,PUBLI,0.55,33672.197,4,4,33672.194,0.0,0.0,0.0,0.003,61222.176364
1720377,IT,PL,MACHI,CATTL,0.19,33672.006,4,4,33672.003,0.0,0.0,0.0,0.003,177221.084211
1781812,IT,NO,BITU1,LIQUE,0.05,33670.596,4,4,33670.593,0.0,0.0,0.0,0.003,673411.92
1786719,IT,ZA,RETA1,CHEM1,0.35,33669.452,4,4,33669.45,0.0,0.0,0.0,0.002,96198.434286
1771814,IT,CH,WOODW,DAIRY,0.09,33669.098,4,4,33669.096,0.0,0.0,0.0,0.002,374101.088889
1751188,IT,CN,HOTEL,COKEO,0.24,33666.498,4,4,33666.495,0.0,0.0,0.0,0.003,140277.075
1669147,IT,ES,POSTT,KERO1,0.55,33666.477,4,4,33666.474,0.0,0.0,0.0,0.003,61211.776364
1652958,IT,CZ,HEAVY,SUPPO,0.05,33666.152,4,4,33666.149,0.0,0.0,0.0,0.003,673323.04
1668837,IT,ES,TRAN2,FURNI,0.05,33665.219,3,3,33665.219,0.0,0.0,0.0,0.0,673304.38
1783315,IT,NO,PAPE1,BASIC,0.24,33664.946,4,4,33664.944,0.0,0.0,0.0,0.002,140270.608333
1729760,IT,SE,MACHI,FOUND,0.19,33664.944,4,4,33664.941,0.0,0.0,0.0,0.003,177183.915789
1741166,IT,US,LEATH,TRANS,0.24,33661.752,4,4,33661.746,0.0,0.0,0.0,0.006,140257.3
1795952,IT,WL,MOTO1,PAPER,0.18,33659.799,4,4,33659.797,0.0,0.0,0.0,0.002,186998.883333
1659067,IT,DE,ELEC4,TRAN1,0.54,33653.975,4,4,33653.973,0.0,0.0,0.0,0.002,62322.175926
1676396,IT,FR,WHOLE,TRAN1,0.29,33649.875,4,4,33649.873,0.0,0.0,0.0,0.002,116034.051724
1727261,IT,RO,SUPPO,AIRTR,0.24,33649.609,4,4,33649.607,0.0,0.0,0.0,0.002,140206.704167
1674826,IT,FR,NONME,CATTL,0.07,33645.422,4,4,33645.418,0.0,0.0,0.0,0.004,480648.885714
1662089,IT,DK,CHEM1,RETA1,0.07,33644.922,4,4,33644.918,0.0,0.0,0.0,0.004,480641.742857
1659975,IT,DE,SEACO,CEMEN,0.03,33644.213,3,3,33644.213,0.0,0.0,0.0,0.0,1121473.766667
1766189,IT,RU,RUBBE,RECRE,0.11,33642.19,4,4,33642.187,0.0,0.0,0.0,0.003,305838.090909
1795392,IT,WL,BASIC,CHARC,0.04,33640.11,4,4,33640.108,0.0,0.0,0.0,0.002,841002.75
1808462,IT,WF,FOOD4,CHEM1,0.24,33639.177,4,4,33639.175,0.0,0.0,0.0,0.002,140163.2375
1796874,IT,WL,SEACO,MOTO1,0.03,33634.88,3,3,33634.88,0.0,0.0,0.0,0.0,1121162.666667
1751022,IT,CN,WHOLE,GLASS,0.29,33634.812,4,4,33634.81,0.0,0.0,0.0,0.002,115982.110345
1685698,IT,HU,NAPHT,KEROS,0.06,33633.536,4,4,33633.534,0.0,0.0,0.0,0.002,560558.933333
1673637,IT,FR,WOODW,PUBLI,0.09,33631.543,4,4,33631.541,0.0,0.0,0.0,0.002,373683.811111
1642202,IT,AT,CEMEN,LEAD1,0.05,33629.692,4,4,33629.69,0.0,0.0,0.0,0.002,672593.84
1761717,IT,IN,MACHI,NATU1,0.19,33629.227,4,4,33629.224,0.0,0.0,0.0,0.003,176995.931579
1800313,IT,WE,PFERT,PIGS9,0.01,33628.938,4,4,33628.933,0.0,0.0,0.0,0.005,3362893.8
1799491,IT,WE,PAPER,BLAST,0.13,33628.655,4,4,33628.652,0.0,0.0,0.0,0.003,258681.961538
1714122,IT,MT,SEACO,RESEA,0.03,33627.599,3,3,33627.599,0.0,0.0,0.0,0.0,1120919.966667
1685954,IT,HU,ADDIT,GASDI,0.08,33626.035,4,4,33626.032,0.0,0.0,0.0,0.003,420325.4375
1718478,IT,PL,TEXTI,CHEM1,0.2,33625.42,4,4,33625.416,0.0,0.0,0.0,0.004,168127.1
1674390,IT,FR,CHEM1,CONST,0.07,33623.659,4,4,33623.655,0.0,0.0,0.0,0.004,480337.985714
1669330,IT,ES,FINAN,WHOLE,0.44,33621.906,3,3,33621.906,0.0,0.0,0.0,0.0,76413.422727
1680990,IT,GR,INLAN,HEALT,0.05,33616.736,4,4,33616.734,0.0,0.0,0.0,0.002,672334.72
1730761,IT,SE,BUSIN,LEATH,0.35,33614.478,4,4,33614.476,0.0,0.0,0.0,0.002,96041.365714
1771507,IT,CH,FISH5,DAIRY,0.14,33612.758,4,4,33612.741,0.0,0.0,0.0,0.017,240091.128571
1812578,IT,WM,LEAD1,CRUDE,0.06,33610.928,4,4,33610.925,0.0,0.0,0.0,0.003,560182.133333
1676477,IT,FR,RETA1,ELEC4,0.35,33609.762,4,4,33609.76,0.0,0.0,0.0,0.002,96027.891429
1794527,IT,WL,HEAVY,PIGS9,0.05,33606.979,4,4,33606.976,0.0,0.0,0.0,0.003,672139.58
1717671,IT,NL,BUSIN,ALUM1,0.35,33606.584,4,4,33606.582,0.0,0.0,0.0,0.002,96018.811429
1723468,IT,PT,ALUM1,CERAM,0.06,33606.484,4,4,33606.481,0.0,0.0,0.0,0.003,560108.066667
1795423,IT,WL,BASIC,AIRTR,0.04,33605.757,4,4,33605.755,0.0,0.0,0.0,0.002,840143.925
1767452,IT,RU,LANDT,RESEA,0.22,33601.978,4,4,33601.976,0.0,0.0,0.0,0.002,152736.263636
1798741,IT,WE,FOOD5,OILSE,0.16,33601.468,4,4,33601.465,0.0,0.0,0.0,0.003,210009.175
1741735,IT,US,NAPHT,RUBBE,0.06,33601.017,4,4,33601.015,0.0,0.0,0.0,0.002,560016.95
1729183,IT,SE,GLASS,PLAS2,0.09,33600.922,4,4,33600.92,0.0,0.0,0.0,0.002,373343.577778
1714731,IT,NL,DAIRY,FISH5,0.14,33599.731,4,4,33599.729,0.0,0.0,0.0,0.002,239998.078571
1753678,IT,CA,MOTO1,ELECT,0.18,33599.383,4,4,33599.381,0.0,0.0,0.0,0.002,186663.238889
1745708,IT,JP,WEARI,SANDC,0.25,33594.079,4,4,33594.073,0.0,0.0,0.0,0.006,134376.316
1753400,IT,CA,COPP1,MOTO1,0.08,33593.635,4,4,33593.633,0.0,0.0,0.0,0.002,419920.4375
1717118,IT,NL,SEACO,HOTEL,0.03,33593.408,3,3,33593.408,0.0,0.0,0.0,0.0,1119780.266667
1765609,IT,RU,WOODW,CERAM,0.09,33589.967,4,4,33589.965,0.0,0.0,0.0,0.002,373221.855556
1745507,IT,JP,FOOD5,SALEM,0.16,33588.935,4,4,33588.932,0.0,0.0,0.0,0.003,209930.84375
1812034,IT,WM,CERAM,VEGET,0.05,33588.378,4,4,33588.376,0.0,0.0,0.0,0.002,671767.56
1645549,IT,BE,PLAST,FOOD4,0.07,33586.871,4,4,33586.868,0.0,0.0,0.0,0.003,479812.442857
1769446,IT,AU,NONME,GASWO,0.07,33586.162,4,4,33586.158,0.0,0.0,0.0,0.004,479802.314286
1753216,IT,CA,CERAM,STONE,0.05,33585.803,4,4,33585.801,0.0,0.0,0.0,0.002,671716.06
1656494,IT,DE,PAPER,MOTOR,0.13,33585.338,4,4,33585.335,0.0,0.0,0.0,0.003,258348.753846
1738174,IT,GB,GLASS,EDUCA,0.09,33584.76,4,4,33584.758,0.0,0.0,0.0,0.002,373164.0
1716695,IT,NL,WHOLE,TRAN1,0.29,33582.319,4,4,33582.317,0.0,0.0,0.0,0.002,115801.1
1757423,IT,BR,PAPER,VEGET,0.13,33581.933,4,4,33581.93,0.0,0.0,0.0,0.003,258322.561538
1811438,IT,WM,PLAST,BITU1,0.07,33580.056,4,4,33580.053,0.0,0.0,0.0,0.003,479715.085714
1784564,IT,ID,MACHI,NICKE,0.19,33577.351,4,4,33577.348,0.0,0.0,0.0,0.003,176722.9
1769732,IT,AU,MACHI,MEAT1,0.19,33576.343,4,4,33576.34,0.0,0.0,0.0,0.003,176717.594737
1685939,IT,HU,CHEM1,SEWAG,0.07,33576.037,4,4,33576.033,0.0,0.0,0.0,0.004,479657.671429
1683050,IT,HR,CHEM1,INERT,0.07,33572.501,4,4,33572.497,0.0,0.0,0.0,0.004,479607.157143
1710902,IT,LU,GASDI,LANDT,0.05,33571.625,4,4,33571.622,0.0,0.0,0.0,0.003,671432.5
1763492,IT,MX,PLAST,HEALT,0.07,33567.755,4,4,33567.752,0.0,0.0,0.0,0.003,479539.357143
1710951,IT,LU,RUBBE,CONST,0.11,33567.68,4,4,33567.677,0.0,0.0,0.0,0.003,305160.727273
1737706,IT,GB,KEROS,KERO1,0.05,33567.391,4,4,33567.388,0.0,0.0,0.0,0.003,671347.82
1652908,IT,CZ,KEROS,LANDT,0.05,33565.965,4,4,33565.962,0.0,0.0,0.0,0.003,671319.3
1689039,IT,IE,OFFIC,BUSIN,0.1,33563.047,4,4,33563.045,0.0,0.0,0.0,0.002,335630.47
1719999,IT,PL,ALUM1,SUGA1,0.06,33560.421,4,4,33560.418,0.0,0.0,0.0,0.003,559340.35
1728130,IT,SE,VEGE1,PUBLI,0.1,33558.64,4,4,33558.633,0.0,0.0,0.0,0.007,335586.4
1661561,IT,DK,BEVER,PAPER,0.14,33555.597,4,4,33555.595,0.0,0.0,0.0,0.002,239682.835714
1769185,IT,AU,CHEM1,COLLE,0.07,33555.47,4,4,33555.466,0.0,0.0,0.0,0.004,479363.857143
1757621,IT,BR,GASDI,REALE,0.05,33554.738,4,4,33554.735,0.0,0.0,0.0,0.003,671094.76
1711174,IT,LU,FABRI,COMPU,0.14,33554.572,4,4,33554.57,0.0,0.0,0.0,0.002,239675.514286
1769521,IT,AU,ALUM1,VEGE1,0.06,33552.3,4,4,33552.297,0.0,0.0,0.0,0.003,559205.0
1673739,IT,FR,PAPER,ELECT,0.13,33552.035,4,4,33552.032,0.0,0.0,0.0,0.003,258092.576923
1722951,IT,PT,HEAVY,PULP5,0.05,33551.505,4,4,33551.502,0.0,0.0,0.0,0.003,671030.1
1753290,IT,CA,NONME,RETA1,0.07,33550.808,4,4,33550.804,0.0,0.0,0.0,0.004,479297.257143
1687637,IT,HU,AIRTR,TEXTI,0.04,33549.754,3,3,33549.754,0.0,0.0,0.0,0.0,838743.85
1670905,IT,FI,CHEM1,RAWMI,0.07,33545.875,4,4,33545.871,0.0,0.0,0.0,0.004,479226.785714
1655267,IT,DE,WHEAT,VEGE1,0.03,33542.454,3,3,33542.454,0.0,0.0,0.0,0.0,1118081.8
1791624,IT,WA,HOTEL,FOOD5,0.24,33538.313,4,4,33538.31,0.0,0.0,0.0,0.003,139742.970833
1671637,IT,FI,FURNI,EDUCA,0.11,33537.066,4,4,33537.063,0.0,0.0,0.0,0.003,304882.418182
1768906,IT,AU,WOODW,RETA1,0.09,33530.898,4,4,33530.896,0.0,0.0,0.0,0.002,372565.533333
1761956,IT,IN,FURNI,SALEM,0.11,33529.922,4,4,33529.919,0.0,0.0,0.0,0.003,304817.472727
1769081,IT,AU,PLAST,NONME,0.07,33529.776,4,4,33529.773,0.0,0.0,0.0,0.003,478996.8
1716146,IT,NL,PREC1,POSTT,0.06,33529.431,4,4,33529.429,0.0,0.0,0.0,0.002,558823.85
1787700,IT,WA,VEGE1,TEXTI,0.1,33527.741,4,4,33527.734,0.0,0.0,0.0,0.007,335277.41
1792372,IT,WA,FINAN,BUSIN,0.44,33526.479,3,3,33526.479,0.0,0.0,0.0,0.0,76196.543182
1680794,IT,GR,HOTEL,RECRE,0.24,33522.678,4,4,33522.675,0.0,0.0,0.0,0.003,139677.825
1731739,IT,SI,PULP5,CONST,0.1,33521.991,4,4,33521.988,0.0,0.0,0.0,0.003,335219.91
1798321,IT,WE,CROPS,CONST,0.27,33521.511,4,4,33521.509,0.0,0.0,0.0,0.002,124153.744444
1658394,IT,DE,FABRI,CHEMI,0.14,33520.834,4,4,33520.832,0.0,0.0,0.0,0.002,239434.528571
1726561,IT,RO,OFFIC,TRANS,0.1,33520.482,4,4,33520.48,0.0,0.0,0.0,0.002,335204.82
1796211,IT,WL,FURNI,MEDIC,0.11,33520.183,4,4,33520.18,0.0,0.0,0.0,0.003,304728.936364
1674828,IT,FR,NONME,POULT,0.07,33519.507,4,4,33519.503,0.0,0.0,0.0,0.004,478850.1
1731832,IT,SI,PAPER,PUBLI,0.13,33517.705,4,4,33517.702,0.0,0.0,0.0,0.003,257828.5
1794322,IT,WL,MOTOR,MOTO1,0.05,33516.59,4,4,33516.587,0.0,0.0,0.0,0.003,670331.8
1783619,IT,NO,FOOD3,CRUDE,0.1,33516.325,4,4,33516.323,0.0,0.0,0.0,0.002,335163.25
1669400,IT,ES,INSUR,RUBBE,0.69,33515.827,4,4,33515.825,0.0,0.0,0.0,0.002,48573.662319
1796785,IT,WL,LANDT,FINAN,0.22,33515.616,4,4,33515.614,0.0,0.0,0.0,0.002,152343.709091
1782283,IT,NO,COPP1,CRUDE,0.08,33514.896,4,4,33514.894,0.0,0.0,0.0,0.002,418936.2
1669683,IT,ES,COMPU,MOTO1,0.38,33514.657,4,4,33514.655,0.0,0.0,0.0,0.002,88196.465789
1742127,IT,US,RUBBE,TRAN2,0.11,33512.596,4,4,33512.593,0.0,0.0,0.0,0.003,304659.963636
1646022,IT,BE,NONME,OFFIC,0.07,33511.439,4,4,33511.435,0.0,0.0,0.0,0.004,478734.842857
1800616,IT,WE,GLASS,TRANS,0.09,33510.845,4,4,33510.843,0.0,0.0,0.0,0.002,372342.722222
1780035,IT,TW,WHOLE,IRONO,0.29,33509.373,4,4,33509.371,0.0,0.0,0.0,0.002,115549.562069
1641241,IT,AT,MOTOR,RAWMI,0.05,33507.023,4,4,33507.02,0.0,0.0,0.0,0.003,670140.46
1642615,IT,AT,FABRI,GASDI,0.14,33506.712,4,4,33506.71,0.0,0.0,0.0,0.002,239333.657143
1743214,IT,US,TRANS,ELEC5,0.2,33503.929,4,4,33503.927,0.0,0.0,0.0,0.002,167519.645
1646038,IT,BE,NONME,RENTI,0.07,33503.443,4,4,33503.439,0.0,0.0,0.0,0.004,478620.614286
1748822,IT,CN,TEXTI,TRAN1,0.2,33501.654,4,4,33501.65,0.0,0.0,0.0,0.004,167508.27
1683387,IT,HR,BASIC,TEXTI,0.04,33499.431,4,4,33499.429,0.0,0.0,0.0,0.002,837485.775
1684036,IT,HR,HOTEL,BEVER,0.24,33499.331,4,4,33499.328,0.0,0.0,0.0,0.003,139580.545833
1805562,IT,WF,CEMEN,MEATA,0.05,33496.932,4,4,33496.93,0.0,0.0,0.0,0.002,669938.64
1644056,IT,AT,BUSIN,FOUND,0.34,33496.862,4,4,33496.86,0.0,0.0,0.0,0.002,98520.182353
1758259,IT,BR,PREC1,PREC1,0.06,33493.839,4,4,33493.837,0.0,0.0,0.0,0.002,558230.65
1682427,IT,HR,PAPER,CEMEN,0.13,33493.629,4,4,33493.626,0.0,0.0,0.0,0.003,257643.3
1712589,IT,LV,MACHI,REALE,0.19,33493.003,4,4,33493.0,0.0,0.0,0.0,0.003,176278.963158
1771435,IT,CH,FOOD5,PAPE4,0.16,33492.914,4,4,33492.911,0.0,0.0,0.0,0.003,209330.7125
1746877,IT,JP,OFFIC,PRINT,0.1,33492.379,4,4,33492.377,0.0,0.0,0.0,0.002,334923.79
1763552,IT,MX,CHEM1,BITU1,0.07,33490.846,4,4,33490.842,0.0,0.0,0.0,0.004,478440.657143
1757573,IT,BR,GASDI,FORES,0.05,33490.413,4,4,33490.41,0.0,0.0,0.0,0.003,669808.26
1726929,IT,RO,HOTEL,NONFE,0.24,33489.235,4,4,33489.232,0.0,0.0,0.0,0.003,139538.479167
1765324,IT,RU,FOOD5,MEAT4,0.16,33488.208,4,4,33488.205,0.0,0.0,0.0,0.003,209301.3
1648853,IT,BG,TEXTI,PAPER,0.2,33481.797,4,4,33481.793,0.0,0.0,0.0,0.004,167408.985
1786897,IT,ZA,AIRTR,VEGET,0.04,33480.133,3,3,33480.133,0.0,0.0,0.0,0.0,837003.325
1709973,IT,LT,BASIC,93197,0.04,33477.604,4,4,33477.602,0.0,0.0,0.0,0.002,836940.1
1683488,IT,HR,PREC1,COLLE,0.06,33475.335,4,4,33475.333,0.0,0.0,0.0,0.002,557922.25
1753350,IT,CA,BASIC,93197,0.04,33473.872,4,4,33473.87,0.0,0.0,0.0,0.002,836846.8
1783395,IT,NO,PLAS1,FOOD4,0.12,33471.322,4,4,33471.32,0.0,0.0,0.0,0.002,278927.683333
1729501,IT,SE,ALUM1,SALEM,0.06,33468.065,4,4,33468.062,0.0,0.0,0.0,0.003,557801.083333
1684018,IT,HR,HOTEL,VEGET,0.24,33466.841,4,4,33466.838,0.0,0.0,0.0,0.003,139445.170833
1678934,IT,GR,TEXTI,DIST1,0.2,33466.471,4,4,33466.467,0.0,0.0,0.0,0.004,167332.355
1761749,IT,IN,MACHI,NFERT,0.19,33465.165,4,4,33465.162,0.0,0.0,0.0,0.003,176132.447368
1650880,IT,BG,LANDT,PUBLI,0.22,33463.917,4,4,33463.915,0.0,0.0,0.0,0.002,152108.713636
1731258,IT,SI,MEATP,CONST,0.14,33463.274,4,4,33463.27,0.0,0.0,0.0,0.004,239023.385714
1744595,IT,US,RENTI,TOBAC,0.2,33459.218,4,4,33459.216,0.0,0.0,0.0,0.002,167296.09
1732349,IT,SI,NAPHT,OILHA,0.06,33458.577,4,4,33458.575,0.0,0.0,0.0,0.002,557642.95
1759799,IT,BR,BUSIN,INLAN,0.34,33458.379,4,4,33458.377,0.0,0.0,0.0,0.002,98406.997059
1681821,IT,HR,MEAT4,COMPU,0.18,33457.956,4,4,33457.954,0.0,0.0,0.0,0.002,185877.533333
1659387,IT,DE,WHOLE,MEAT1,0.29,33457.182,4,4,33457.18,0.0,0.0,0.0,0.002,115369.593103
1805233,IT,WF,CHEM1,MEDIC,0.07,33457.109,4,4,33457.105,0.0,0.0,0.0,0.004,477958.7
1808544,IT,WF,PAPE4,WEARI,0.22,33456.631,4,4,33456.629,0.0,0.0,0.0,0.002,152075.595455
1764002,IT,MX,ALUM1,MEDIC,0.06,33456.566,4,4,33456.563,0.0,0.0,0.0,0.003,557609.433333
1797235,IT,WL,FINAN,HOTEL,0.44,33455.405,3,3,33455.405,0.0,0.0,0.0,0.0,76035.011364
1803239,IT,WF,CATTL,INSUR,0.07,33453.13,5,5,33452.128,0.0,1.0,0.0,0.002,477901.857143
1688496,IT,IE,LEATH,RETA1,0.24,33449.901,4,4,33449.895,0.0,0.0,0.0,0.006,139374.5875
1732066,IT,SI,KEROS,WASTE,0.05,33449.466,4,4,33449.463,0.0,0.0,0.0,0.003,668989.32
1810064,IT,WM,TEXTI,COPP1,0.2,33447.98,4,4,33447.976,0.0,0.0,0.0,0.004,167239.9
1785863,IT,ZA,CHEM1,WASTE,0.07,33447.189,4,4,33447.185,0.0,0.0,0.0,0.004,477816.985714
1728139,IT,SE,DAIRY,MEATC,0.14,33446.491,4,4,33446.489,0.0,0.0,0.0,0.002,238903.507143
1670327,IT,FI,MEAT4,RETA1,0.18,33445.49,4,4,33445.488,0.0,0.0,0.0,0.002,185808.277778
1664018,IT,EE,KEROS,AIRTR,0.05,33445.361,4,4,33445.358,0.0,0.0,0.0,0.003,668907.22
1810808,IT,WM,KEROS,PRINT,0.05,33445.198,4,4,33445.195,0.0,0.0,0.0,0.003,668903.96
1748545,IT,CN,MEAT4,HOTEL,0.18,33444.161,4,4,33444.159,0.0,0.0,0.0,0.002,185800.894444
1803781,IT,WF,TEXTI,PRECI,0.2,33443.763,4,4,33443.759,0.0,0.0,0.0,0.004,167218.815
1800905,IT,WE,PREC1,RUBBE,0.06,33443.699,4,4,33443.697,0.0,0.0,0.0,0.002,557394.983333
1680526,IT,GR,ELEC7,SUPPO,0.02,33443.597,3,3,33443.597,0.0,0.0,0.0,0.0,1672179.85
1796845,IT,WL,SEACO,PULP5,0.03,33443.19,3,3,33443.19,0.0,0.0,0.0,0.0,1114773.0
1760474,IT,IN,TEXTI,PFERT,0.2,33440.627,4,4,33440.623,0.0,0.0,0.0,0.004,167203.135
1775243,IT,CH,BUSIN,FORES,0.34,33435.991,4,4,33435.989,0.0,0.0,0.0,0.002,98341.15
1769206,IT,AU,CHEM1,FOOD1,0.07,33434.538,4,4,33434.534,0.0,0.0,0.0,0.004,477636.257143
1760179,IT,BR,FOOD4,NONME,0.24,33432.323,4,4,33432.321,0.0,0.0,0.0,0.002,139301.345833
1725097,IT,RO,FISHF,FISHF,0.06,33429.712,3,3,33429.712,0.0,0.0,0.0,0.0,557161.866667
1722074,IT,PL,BUSIN,SUGA1,0.34,33427.034,4,4,33427.032,0.0,0.0,0.0,0.002,98314.805882
1715058,IT,NL,TEXTI,RESEA,0.2,33424.029,4,4,33424.025,0.0,0.0,0.0,0.004,167120.145
1781932,IT,NO,CHEM1,COMPU,0.07,33421.978,4,4,33421.974,0.0,0.0,0.0,0.004,477456.828571
1781394,IT,NO,PROCE,FURNI,0.23,33419.071,4,4,33419.069,0.0,0.0,0.0,0.002,145300.308696
1673948,IT,FR,MOTOR,FOOD4,0.05,33418.911,4,4,33418.908,0.0,0.0,0.0,0.003,668378.22
1657725,IT,DE,CEMEN,FABRI,0.05,33417.864,4,4,33417.862,0.0,0.0,0.0,0.002,668357.28
1710134,IT,LT,MACHI,DAIRY,0.19,33417.439,4,4,33417.436,0.0,0.0,0.0,0.003,175881.257895
1674489,IT,FR,BIODI,COMPU,0.07,33417.409,4,4,33417.405,0.0,0.0,0.0,0.004,477391.557143
1800510,IT,WE,RUBBE,NFERT,0.11,33415.679,4,4,33415.676,0.0,0.0,0.0,0.003,303778.9
1648816,IT,BG,FISH5,WHOLE,0.14,33412.026,4,4,33412.009,0.0,0.0,0.0,0.017,238657.328571
1738416,IT,GB,ALUM1,PFERT,0.06,33411.917,4,4,33411.914,0.0,0.0,0.0,0.003,556865.283333
1766599,IT,RU,FABRI,RAWMI,0.14,33411.608,4,4,33411.606,0.0,0.0,0.0,0.002,238654.342857
1778021,IT,TR,OFFIC,PAPER,0.1,33411.563,4,4,33411.561,0.0,0.0,0.0,0.002,334115.63
1675634,IT,FR,MOTO1,TEXT1,0.18,33409.275,4,4,33409.273,0.0,0.0,0.0,0.002,185607.083333
1775595,IT,CH,RECRE,DIST1,0.42,33407.637,4,4,33407.635,0.0,0.0,0.0,0.002,79541.992857
1784310,IT,ID,CHEM1,AUXIL,0.07,33407.32,4,4,33407.316,0.0,0.0,0.0,0.004,477247.428571
1643202,IT,AT,HOTEL,LEATH,0.24,33405.8,4,4,33405.797,0.0,0.0,0.0,0.003,139190.833333
1668699,IT,ES,LANDT,SUGA1,0.22,33405.473,4,4,33405.471,0.0,0.0,0.0,0.002,151843.059091
1789089,IT,WA,BITU1,CHARC,0.05,33401.227,4,4,33401.224,0.0,0.0,0.0,0.003,668024.54
1780417,IT,TW,SUPPO,HEAVY,0.24,33398.989,4,4,33398.987,0.0,0.0,0.0,0.002,139162.454167
1789895,IT,WA,BRICK,RETA1,0.05,33396.152,4,4,33396.15,0.0,0.0,0.0,0.002,667923.04
1728313,IT,SE,BEVER,COMPU,0.14,33391.508,4,4,33391.506,0.0,0.0,0.0,0.002,238510.771429
1720005,IT,PL,ALUM1,LEATH,0.06,33390.387,4,4,33390.384,0.0,0.0,0.0,0.003,556506.45
1768420,IT,AU,DAIRY,WHEAT,0.14,33388.933,4,4,33388.931,0.0,0.0,0.0,0.002,238492.378571
1663838,IT,EE,TEXTI,RUBBE,0.2,33386.517,4,4,33386.513,0.0,0.0,0.0,0.004,166932.585
1765174,IT,MX,BUSIN,RADIO,0.34,33384.458,4,4,33384.456,0.0,0.0,0.0,0.002,98189.582353
1751346,IT,CN,LANDT,LANDT,0.22,33382.769,4,4,33382.767,0.0,0.0,0.0,0.002,151739.859091
1750115,IT,CN,BASIC,PUBLI,0.04,33380.673,4,4,33380.671,0.0,0.0,0.0,0.002,834516.825
1667784,IT,ES,OFFIC,BIOGA,0.1,33379.29,4,4,33379.288,0.0,0.0,0.0,0.002,333792.9
1809545,IT,WM,VEGE1,FORES,0.1,33377.818,4,4,33377.811,0.0,0.0,0.0,0.007,333778.18
1653231,IT,CZ,RUBBE,GASDI,0.11,33376.945,4,4,33376.942,0.0,0.0,0.0,0.003,303426.772727
1801267,IT,WE,MACHI,PLANT,0.19,33376.144,4,4,33376.141,0.0,0.0,0.0,0.003,175663.915789
1680052,IT,GR,MACHI,RADIO,0.19,33375.89,4,4,33375.887,0.0,0.0,0.0,0.003,175662.578947
1791905,IT,WA,TRAN2,RETAI,0.05,33373.384,3,3,33373.384,0.0,0.0,0.0,0.0,667467.68
1739134,IT,GB,RETA1,WHEAT,0.35,33370.817,4,4,33370.815,0.0,0.0,0.0,0.002,95345.191429
1645068,IT,BE,PAPER,BASIC,0.13,33370.242,4,4,33370.239,0.0,0.0,0.0,0.003,256694.169231
1784295,IT,ID,CHEM1,DISTR,0.07,33369.819,4,4,33369.815,0.0,0.0,0.0,0.004,476711.7
1772312,IT,CH,PLAST,KEROS,0.07,33369.492,4,4,33369.489,0.0,0.0,0.0,0.003,476707.028571
1783390,IT,NO,PLAS1,WOOD1,0.12,33368.717,4,4,33368.715,0.0,0.0,0.0,0.002,278072.641667
1769656,IT,AU,FABRI,ELEC1,0.14,33368.443,4,4,33368.441,0.0,0.0,0.0,0.002,238346.021429
1652715,IT,CZ,PAPER,PLAST,0.13,33365.066,4,4,33365.063,0.0,0.0,0.0,0.003,256654.353846
1797072,IT,WL,SUPPO,BUSIN,0.24,33364.513,4,4,33364.511,0.0,0.0,0.0,0.002,139018.804167
1642003,IT,AT,RUBBE,TRAN1,0.11,33363.873,4,4,33363.87,0.0,0.0,0.0,0.003,303307.936364
1715905,IT,NL,GLASS,RAWMI,0.09,33361.589,4,4,33361.587,0.0,0.0,0.0,0.002,370684.322222
1664539,IT,EE,FURNI,REALE,0.11,33359.903,4,4,33359.9,0.0,0.0,0.0,0.003,303271.845455
1810461,IT,WM,PULP5,POSTT,0.1,33355.196,4,4,33355.193,0.0,0.0,0.0,0.003,333551.96
1726998,IT,RO,HOTEL,TRAN2,0.24,33354.331,4,4,33354.328,0.0,0.0,0.0,0.003,138976.379167
1796715,IT,WL,RAILW,PUBLI,0.22,33353.6,4,4,33353.598,0.0,0.0,0.0,0.002,151607.272727
1675512,IT,FR,OFFIC,AUXIL,0.1,33353.277,4,4,33353.275,0.0,0.0,0.0,0.002,333532.77
1756403,IT,KR,FURNI,FINAN,0.11,33351.922,4,4,33351.919,0.0,0.0,0.0,0.003,303199.290909
1689740,IT,IE,FINAN,SALEM,0.43,33346.638,3,3,33346.638,0.0,0.0,0.0,0.0,77550.32093
1728840,IT,SE,PLAST,COPP1,0.07,33345.816,4,4,33345.813,0.0,0.0,0.0,0.003,476368.8
1769966,IT,AU,TRANS,FABRI,0.2,33345.744,4,4,33345.742,0.0,0.0,0.0,0.002,166728.72
1767484,IT,RU,SEACO,KEROS,0.03,33345.652,3,3,33345.652,0.0,0.0,0.0,0.0,1111521.733333
1674080,IT,FR,GASDI,PAPE4,0.05,33345.004,4,4,33345.001,0.0,0.0,0.0,0.003,666900.08
1713006,IT,MT,CHEMI,BUSIN,0.08,33343.941,5,5,33341.938,0.0,0.0,2.0,0.003,416799.2625
1643062,IT,AT,SALEM,RENTI,0.27,33343.764,4,4,33343.762,0.0,0.0,0.0,0.002,123495.422222
1732135,IT,SI,GASDI,PAPER,0.05,33343.002,4,4,33342.999,0.0,0.0,0.0,0.003,666860.04
1778299,IT,TR,SALEM,PREC1,0.27,33341.936,4,4,33341.934,0.0,0.0,0.0,0.002,123488.651852
1657631,IT,DE,CERAM,FOOD5,0.05,33339.489,4,4,33339.487,0.0,0.0,0.0,0.002,666789.78
1765990,IT,RU,CHEM1,WHITE,0.07,33339.259,4,4,33339.255,0.0,0.0,0.0,0.004,476275.128571
1643754,IT,AT,SUPPO,HEALT,0.24,33337.616,4,4,33337.614,0.0,0.0,0.0,0.002,138906.733333
1727344,IT,RO,POSTT,LANDT,0.55,33336.464,4,4,33336.461,0.0,0.0,0.0,0.003,60611.752727
1756545,IT,KR,WHOLE,RECRE,0.29,33336.111,4,4,33336.109,0.0,0.0,0.0,0.002,114952.106897
1648500,IT,BG,OILSE,LANDT,0.02,33335.839,4,4,33335.837,0.0,0.0,0.0,0.002,1666791.95
1727665,IT,RO,RENTI,LANDT,0.2,33335.749,4,4,33335.747,0.0,0.0,0.0,0.002,166678.745
1654801,IT,CZ,SUPPO,OFFIC,0.24,33332.195,4,4,33332.193,0.0,0.0,0.0,0.002,138884.145833
1764859,IT,MX,AIRTR,POULT,0.04,33332.13,3,3,33332.13,0.0,0.0,0.0,0.0,833303.25
1810526,IT,WM,PAPER,NFERT,0.13,33329.51,4,4,33329.507,0.0,0.0,0.0,0.003,256380.846154
1802587,IT,WE,FINAN,BUSIN,0.43,33324.996,3,3,33324.996,0.0,0.0,0.0,0.0,77499.990698
1746045,IT,JP,PAPER,COMPU,0.13,33322.71,4,4,33322.707,0.0,0.0,0.0,0.003,256328.538462
1730196,IT,SE,LANDT,DISTR,0.21,33321.328,4,4,33321.326,0.0,0.0,0.0,0.002,158672.990476
1804836,IT,WF,NAPHT,COMPU,0.06,33321.052,4,4,33321.05,0.0,0.0,0.0,0.002,555350.866667
1680143,IT,GR,OFFIC,EDUCA,0.1,33320.806,4,4,33320.804,0.0,0.0,0.0,0.002,333208.06
1763986,IT,MX,ALUM1,PLAST,0.06,33319.248,4,4,33319.245,0.0,0.0,0.0,0.003,555320.8
1801626,IT,WE,TRANS,PRIVA,0.2,33319.14,4,4,33319.138,0.0,0.0,0.0,0.002,166595.7
1742938,IT,US,MACHI,ELE11,0.19,33318.269,4,4,33318.266,0.0,0.0,0.0,0.003,175359.310526
1723877,IT,PT,FURNI,TEXTI,0.11,33317.221,4,4,33317.218,0.0,0.0,0.0,0.003,302883.827273
1659049,IT,DE,ELEC4,WOODW,0.53,33316.093,4,4,33316.091,0.0,0.0,0.0,0.002,62860.55283
1811941,IT,WM,RUBBE,INERT,0.11,33314.226,4,4,33314.223,0.0,0.0,0.0,0.003,302856.6
1779474,IT,TR,RENTI,PAPER,0.2,33310.752,4,4,33310.75,0.0,0.0,0.0,0.002,166553.76
1668928,IT,ES,AIRTR,TOBAC,0.04,33309.543,3,3,33309.543,0.0,0.0,0.0,0.0,832738.575
1688472,IT,IE,WEARI,DIST1,0.25,33307.316,4,4,33307.31,0.0,0.0,0.0,0.006,133229.264
1713300,IT,MT,MOTOR,WHOLE,0.05,33306.863,4,4,33306.86,0.0,0.0,0.0,0.003,666137.26
1737662,IT,GB,PRINT,PULP5,0.32,33304.958,4,4,33304.955,0.0,0.0,0.0,0.003,104077.99375
1784100,IT,ID,LEATH,PUBLI,0.24,33303.995,4,4,33303.989,0.0,0.0,0.0,0.006,138766.645833
1783799,IT,NO,INERT,BASIC,0.24,33301.495,4,4,33301.493,0.0,0.0,0.0,0.002,138756.229167
1709963,IT,LT,BASIC,INTER,0.04,33300.572,4,4,33300.57,0.0,0.0,0.0,0.002,832514.3
1758546,IT,BR,MACHI,EDUCA,0.19,33299.959,4,4,33299.956,0.0,0.0,0.0,0.003,175262.942105
1668879,IT,ES,SEACO,GLASS,0.03,33298.915,3,3,33298.915,0.0,0.0,0.0,0.0,1109963.833333
1757219,IT,BR,VEGE1,FORES,0.1,33298.02,4,4,33298.013,0.0,0.0,0.0,0.007,332980.2
1768618,IT,AU,FISH5,CATTL,0.14,33296.454,4,4,33296.437,0.0,0.0,0.0,0.017,237831.814286
1758032,IT,BR,RUBBE,ELEC4,0.11,33292.262,4,4,33292.259,0.0,0.0,0.0,0.003,302656.927273
1646255,IT,BE,LEAD1,MOTO1,0.06,33290.883,4,4,33290.88,0.0,0.0,0.0,0.003,554848.05
1798927,IT,WE,FISH5,LEATH,0.14,33288.27,4,4,33288.253,0.0,0.0,0.0,0.017,237773.357143
1663794,IT,EE,BEVER,RETAI,0.14,33285.305,4,4,33285.303,0.0,0.0,0.0,0.002,237752.178571
1710885,IT,LU,MOTOR,WHOLE,0.05,33283.709,4,4,33283.706,0.0,0.0,0.0,0.003,665674.18
1812404,IT,WM,PREC1,FISHF,0.06,33282.699,4,4,33282.697,0.0,0.0,0.0,0.002,554711.65
1648450,IT,BG,CEREA,WEARI,0.05,33281.386,4,4,33281.384,0.0,0.0,0.0,0.002,665627.72
1721341,IT,PL,TRAN2,BASIC,0.05,33273.999,3,3,33273.999,0.0,0.0,0.0,0.0,665479.98
1809474,IT,WM,MEATC,MEATC,0.11,33272.506,4,4,33272.504,0.0,0.0,0.0,0.002,302477.327273
1756099,IT,KR,FABRI,TRAN1,0.14,33270.881,4,4,33270.879,0.0,0.0,0.0,0.002,237649.15
1726754,IT,RO,SALEM,PRINT,0.27,33270.543,4,4,33270.541,0.0,0.0,0.0,0.002,123224.233333
1661424,IT,DK,VEGE1,HEALT,0.1,33269.999,4,4,33269.992,0.0,0.0,0.0,0.007,332699.99
1672919,IT,FR,VEGE1,MEMBE,0.1,33267.402,4,4,33267.395,0.0,0.0,0.0,0.007,332674.02
1736396,IT,SK,LANDT,PRINT,0.21,33266.831,4,4,33266.829,0.0,0.0,0.0,0.002,158413.480952
1641803,IT,AT,CHEM1,RADIO,0.07,33266.761,4,4,33266.757,0.0,0.0,0.0,0.004,475239.442857
1784121,IT,ID,PULP5,SUBBI,0.1,33266.67,4,4,33266.667,0.0,0.0,0.0,0.003,332666.7
1665433,IT,ES,TEXTI,RENTI,0.2,33265.775,4,4,33265.771,0.0,0.0,0.0,0.004,166328.875
1792064,IT,WA,AIRTR,CHEM1,0.04,33261.168,3,3,33261.168,0.0,0.0,0.0,0.0,831529.2
1813337,IT,WM,FURNI,NONFE,0.11,33259.267,4,4,33259.264,0.0,0.0,0.0,0.003,302356.972727
1724362,IT,PT,SEACO,OFFIC,0.03,33258.754,3,3,33258.754,0.0,0.0,0.0,0.0,1108625.133333
1655354,IT,DE,OILSE,MEAT4,0.02,33257.271,4,4,33257.269,0.0,0.0,0.0,0.002,1662863.55
1643507,IT,AT,LANDT,RECRE,0.21,33257.023,4,4,33257.021,0.0,0.0,0.0,0.002,158366.77619
1656179,IT,DE,TEXTI,PULP5,0.2,33255.877,4,4,33255.873,0.0,0.0,0.0,0.004,166279.385
1671118,IT,FI,GLASS,PLAST,0.09,33253.953,4,4,33253.951,0.0,0.0,0.0,0.002,369488.366667
1754009,IT,CA,SEACO,CEREA,0.03,33249.854,3,3,33249.854,0.0,0.0,0.0,0.0,1108328.466667
1729019,IT,SE,RUBBE,LEADZ,0.11,33249.831,4,4,33249.828,0.0,0.0,0.0,0.003,302271.190909
1753606,IT,CA,MACHI,AUXIL,0.19,33249.703,4,4,33249.7,0.0,0.0,0.0,0.003,174998.436842
1794905,IT,WL,CHEM1,PRECI,0.07,33247.063,4,4,33247.059,0.0,0.0,0.0,0.004,474958.042857
1640637,IT,AT,BEVER,ELEC2,0.14,33245.58,4,4,33245.578,0.0,0.0,0.0,0.002,237468.428571
1780028,IT,TW,SALEM,HEALT,0.27,33244.707,4,4,33244.705,0.0,0.0,0.0,0.002,123128.544444
1676056,IT,FR,ELEC7,DAIRY,0.02,33242.403,3,3,33242.403,0.0,0.0,0.0,0.0,1662120.15
1780979,IT,TW,BUSIN,PETRO,0.34,33242.243,4,4,33242.241,0.0,0.0,0.0,0.002,97771.302941
1682348,IT,HR,WOODW,MOTO1,0.09,33241.409,4,4,33241.407,0.0,0.0,0.0,0.002,369348.988889
1656119,IT,DE,FISH5,SUGA1,0.14,33240.125,4,4,33240.108,0.0,0.0,0.0,0.017,237429.464286
1737688,IT,GB,PRINT,AUXIL,0.32,33239.525,4,4,33239.522,0.0,0.0,0.0,0.003,103873.515625
1652514,IT,CZ,WEARI,COLLE,0.25,33239.248,4,4,33239.242,0.0,0.0,0.0,0.006,132956.992
1714918,IT,NL,BEVER,DIST1,0.14,33236.494,4,4,33236.492,0.0,0.0,0.0,0.002,237403.528571
1656806,IT,DE,GASDI,PLAST,0.05,33235.275,4,4,33235.272,0.0,0.0,0.0,0.003,664705.5
1759818,IT,BR,BUSIN,PAPE4,0.34,33235.195,4,4,33235.193,0.0,0.0,0.0,0.002,97750.573529
1737683,IT,GB,PRINT,HOTEL,0.32,33234.378,4,4,33234.375,0.0,0.0,0.0,0.003,103857.43125
1755069,IT,KR,WEARI,INSUR,0.25,33227.491,4,4,33227.485,0.0,0.0,0.0,0.006,132909.964
1641994,IT,AT,RUBBE,RADIO,0.11,33223.883,4,4,33223.88,0.0,0.0,0.0,0.003,302035.3
1796493,IT,WL,RETA1,MOTOR,0.35,33222.631,4,4,33222.629,0.0,0.0,0.0,0.002,94921.802857
1794571,IT,WL,HEAVY,NONSP,0.05,33220.885,4,4,33220.882,0.0,0.0,0.0,0.003,664417.7
1799229,IT,WE,LEATH,DAIRY,0.24,33220.775,4,4,33220.769,0.0,0.0,0.0,0.006,138419.895833
1746776,IT,JP,MACHI,BEVER,0.19,33220.357,4,4,33220.354,0.0,0.0,0.0,0.003,174843.984211
1789294,IT,WA,PFERT,LEATH,0.01,33217.11,4,4,33217.105,0.0,0.0,0.0,0.005,3321711.0
1643569,IT,AT,SEACO,RETA1,0.03,33216.786,3,3,33216.786,0.0,0.0,0.0,0.0,1107226.2
1788134,IT,WA,WEARI,MOTOR,0.25,33215.277,4,4,33215.271,0.0,0.0,0.0,0.006,132861.108
1650818,IT,BG,LANDT,TOBAC,0.21,33214.913,4,4,33214.911,0.0,0.0,0.0,0.002,158166.252381
1665926,IT,ES,MOTOR,CROPS,0.05,33214.128,4,4,33214.125,0.0,0.0,0.0,0.003,664282.56
1673843,IT,FR,PRINT,SALEM,0.32,33213.85,4,4,33213.847,0.0,0.0,0.0,0.003,103793.28125
1783722,IT,NO,FOOD4,REALE,0.24,33213.075,4,4,33213.073,0.0,0.0,0.0,0.002,138387.8125
1735382,IT,SK,NONME,RETA1,0.07,33211.633,4,4,33211.629,0.0,0.0,0.0,0.004,474451.9
1671888,IT,FI,HOTEL,AIRTR,0.24,33210.524,4,4,33210.521,0.0,0.0,0.0,0.003,138377.183333
1727087,IT,RO,LANDT,POULT,0.21,33210.433,4,4,33210.431,0.0,0.0,0.0,0.002,158144.919048
1784403,IT,ID,CERAM,WHOLE,0.05,33209.964,4,4,33209.962,0.0,0.0,0.0,0.002,664199.28
1798061,IT,WL,RECRE,FISH5,0.42,33208.294,4,4,33208.292,0.0,0.0,0.0,0.002,79067.366667
1758131,IT,BR,CERAM,HEALT,0.05,33204.092,4,4,33204.09,0.0,0.0,0.0,0.002,664081.84
1780785,IT,TW,RENTI,LANDT,0.2,33201.732,4,4,33201.73,0.0,0.0,0.0,0.002,166008.66
1649965,IT,BG,FABRI,RAILW,0.14,33201.727,4,4,33201.725,0.0,0.0,0.0,0.002,237155.192857
1786654,IT,ZA,WHOLE,RUBBE,0.29,33198.502,4,4,33198.5,0.0,0.0,0.0,0.002,114477.593103
1726309,IT,RO,PREC1,BRICK,0.06,33196.874,4,4,33196.872,0.0,0.0,0.0,0.002,553281.233333
1720808,IT,PL,FURNI,PAPER,0.11,33194.126,4,4,33194.123,0.0,0.0,0.0,0.003,301764.781818
1787284,IT,WA,VEGET,EDUCA,0.12,33193.968,3,3,33193.968,0.0,0.0,0.0,0.0,276616.4
1671809,IT,FI,RETA1,WEARI,0.35,33192.953,4,4,33192.951,0.0,0.0,0.0,0.002,94837.008571
1745364,IT,JP,VEGE1,FABRI,0.1,33192.408,4,4,33192.401,0.0,0.0,0.0,0.007,331924.08
1669346,IT,ES,FINAN,RESEA,0.43,33191.792,3,3,33191.792,0.0,0.0,0.0,0.0,77190.213953
1762237,IT,IN,AIRTR,PLANT,0.04,33191.69,3,3,33191.69,0.0,0.0,0.0,0.0,829792.25
1755288,IT,KR,PAPER,TRANS,0.13,33191.517,4,4,33191.514,0.0,0.0,0.0,0.003,255319.361538
1673676,IT,FR,PAPER,SUGAR,0.13,33191.356,4,4,33191.353,0.0,0.0,0.0,0.003,255318.123077
1780058,IT,TW,WHOLE,HEAVY,0.29,33190.951,4,4,33190.949,0.0,0.0,0.0,0.002,114451.555172
1805559,IT,WF,CEMEN,VEGET,0.05,33188.402,3,3,33188.402,0.0,0.0,0.0,0.0,663768.04
1802960,IT,WF,WHEAT,DAIRY,0.03,33187.32,3,3,33187.32,0.0,0.0,0.0,0.0,1106244.0
1781513,IT,NO,TEXTI,WEARI,0.2,33186.566,4,4,33186.562,0.0,0.0,0.0,0.004,165932.83
1709460,IT,LT,TEXTI,DISTR,0.2,33186.464,4,4,33186.46,0.0,0.0,0.0,0.004,165932.32
1756121,IT,KR,FABRI,COMPU,0.14,33186.148,4,4,33186.146,0.0,0.0,0.0,0.002,237043.914286
1717438,IT,NL,INSUR,COMPU,0.68,33184.388,4,4,33184.386,0.0,0.0,0.0,0.002,48800.570588
1749516,IT,CN,PETRO,ELEC2,0.06,33182.184,4,4,33182.181,0.0,0.0,0.0,0.003,553036.4
1642023,IT,AT,RUBBE,AUXIL,0.11,33179.919,4,4,33179.916,0.0,0.0,0.0,0.003,301635.627273
1744158,IT,US,SUPPO,HEALT,0.24,33178.25,4,4,33178.248,0.0,0.0,0.0,0.002,138242.708333
1712024,IT,LV,DAIRY,DAIRY,0.13,33177.614,4,4,33177.612,0.0,0.0,0.0,0.002,255212.415385
1766215,IT,RU,GLASS,MACHI,0.09,33175.808,4,4,33175.806,0.0,0.0,0.0,0.002,368620.088889
1732663,IT,SI,GLASS,RECRE,0.09,33175.289,4,4,33175.287,0.0,0.0,0.0,0.002,368614.322222
1731083,IT,SI,VEGET,EDUCA,0.12,33171.824,3,3,33171.824,0.0,0.0,0.0,0.0,276431.866667
1775169,IT,CH,RESEA,KEROS,0.18,33171.177,4,4,33171.175,0.0,0.0,0.0,0.002,184284.316667
1786522,IT,ZA,FURNI,BITUM,0.11,33168.008,4,4,33168.005,0.0,0.0,0.0,0.003,301527.345455
1787856,IT,WA,FOOD5,WHOLE,0.16,33166.735,4,4,33166.732,0.0,0.0,0.0,0.003,207292.09375
1668267,IT,ES,WHOLE,FOOD5,0.29,33165.742,4,4,33165.74,0.0,0.0,0.0,0.002,114364.627586
1673060,IT,FR,FOOD5,BIODI,0.16,33165.279,4,4,33165.276,0.0,0.0,0.0,0.003,207282.99375
1781271,IT,NO,CHEMI,FOUND,0.08,33165.041,5,5,33163.038,0.0,0.0,2.0,0.003,414563.0125
1781484,IT,NO,BEVER,REALE,0.14,33164.99,4,4,33164.988,0.0,0.0,0.0,0.002,236892.785714
1775198,IT,CH,RESEA,TRANS,0.18,33164.19,4,4,33164.188,0.0,0.0,0.0,0.002,184245.5
1687760,IT,HU,SUPPO,POSTT,0.24,33162.508,4,4,33162.506,0.0,0.0,0.0,0.002,138177.116667
1763104,IT,MX,WEARI,RUBBE,0.25,33162.488,4,4,33162.482,0.0,0.0,0.0,0.006,132649.952
1742918,IT,US,MACHI,NONF1,0.18,33158.588,4,4,33158.585,0.0,0.0,0.0,0.003,184214.377778
1728780,IT,SE,HEAVY,LIQUE,0.05,33158.509,4,4,33158.506,0.0,0.0,0.0,0.003,663170.18
1684228,IT,HR,SEACO,WOODW,0.03,33157.195,3,3,33157.195,0.0,0.0,0.0,0.0,1105239.833333
1784464,IT,ID,ALUM1,CONST,0.06,33153.588,4,4,33153.585,0.0,0.0,0.0,0.003,552559.8
1753280,IT,CA,NONME,CEMEN,0.07,33153.41,4,4,33153.406,0.0,0.0,0.0,0.004,473620.142857
1652567,IT,CZ,LEATH,RUBBE,0.24,33153.087,4,4,33153.081,0.0,0.0,0.0,0.006,138137.8625
1712100,IT,LV,BEVER,RECRE,0.14,33152.577,4,4,33152.575,0.0,0.0,0.0,0.002,236804.121429
1675703,IT,FR,TRANS,FOOD2,0.2,33147.149,4,4,33147.147,0.0,0.0,0.0,0.002,165735.745
1755958,IT,KR,PREC1,MOTO1,0.06,33146.017,4,4,33146.015,0.0,0.0,0.0,0.002,552433.616667
1649602,IT,BG,GLASS,MEAT1,0.09,33145.942,4,4,33145.94,0.0,0.0,0.0,0.002,368288.244444
1650020,IT,BG,MACHI,TOBAC,0.18,33144.424,4,4,33144.421,0.0,0.0,0.0,0.003,184135.688889
1802413,IT,WE,AIRTR,PRINT,0.04,33144.127,3,3,33144.127,0.0,0.0,0.0,0.0,828603.175
1646374,IT,BE,FABRI,FOUND,0.13,33143.795,4,4,33143.793,0.0,0.0,0.0,0.002,254952.269231
1790362,IT,WA,ALUM1,RECRE,0.06,33140.351,4,4,33140.348,0.0,0.0,0.0,0.003,552339.183333
1795833,IT,WL,MACHI,INLAN,0.18,33139.692,4,4,33139.689,0.0,0.0,0.0,0.003,184109.4
1763422,IT,MX,HEAVY,HEAVY,0.05,33136.751,4,4,33136.748,0.0,0.0,0.0,0.003,662735.02
1788774,IT,WA,KEROS,WHEAT,0.05,33135.57,4,4,33135.567,0.0,0.0,0.0,0.003,662711.4
1682801,IT,HR,HEAVY,ALUM1,0.05,33134.908,4,4,33134.905,0.0,0.0,0.0,0.003,662698.16
1729833,IT,SE,OFFIC,COMPU,0.1,33133.519,4,4,33133.517,0.0,0.0,0.0,0.002,331335.19
1682404,IT,HR,PAPER,SUGA1,0.13,33133.179,4,4,33133.176,0.0,0.0,0.0,0.003,254870.607692
1666941,IT,ES,CERAM,RUBBE,0.05,33130.767,4,4,33130.765,0.0,0.0,0.0,0.002,662615.34
1746332,IT,JP,ADDIT,RUBBE,0.08,33129.784,4,4,33129.781,0.0,0.0,0.0,0.003,414122.3
1765353,IT,RU,FOOD5,PUBLI,0.16,33129.105,4,4,33129.102,0.0,0.0,0.0,0.003,207056.90625
1676481,IT,FR,RETA1,DISTR,0.35,33128.466,4,4,33128.464,0.0,0.0,0.0,0.002,94652.76
1783822,IT,NO,INERT,FOODW,0.24,33128.022,4,4,33128.02,0.0,0.0,0.0,0.002,138033.425
1813185,IT,WM,MOTO1,TRAN2,0.18,33127.178,4,4,33127.176,0.0,0.0,0.0,0.002,184039.877778
1755638,IT,KR,RUBBE,WEARI,0.11,33125.218,4,4,33125.215,0.0,0.0,0.0,0.003,301138.345455
1666969,IT,ES,CERAM,REALE,0.05,33123.351,4,4,33123.349,0.0,0.0,0.0,0.002,662467.02
1659985,IT,DE,SEACO,ELEC2,0.03,33121.165,3,3,33121.165,0.0,0.0,0.0,0.0,1104038.833333
1811056,IT,WM,HEAVY,REFIN,0.05,33120.604,4,4,33120.601,0.0,0.0,0.0,0.003,662412.08
1649678,IT,BG,BRICK,CONST,0.05,33120.311,4,4,33120.309,0.0,0.0,0.0,0.002,662406.22
1726026,IT,RO,CHEM1,INSUR,0.07,33118.872,4,4,33118.868,0.0,0.0,0.0,0.004,473126.742857
1686154,IT,HU,RUBBE,93197,0.11,33117.511,4,4,33117.508,0.0,0.0,0.0,0.003,301068.281818
1774634,IT,CH,AIRTR,BEVER,0.04,33116.834,3,3,33116.834,0.0,0.0,0.0,0.0,827920.85
1657416,IT,DE,RUBBE,NAPHT,0.11,33116.561,4,4,33116.558,0.0,0.0,0.0,0.003,301059.645455
1767201,IT,RU,RETA1,NONF1,0.35,33116.353,4,4,33116.351,0.0,0.0,0.0,0.002,94618.151429
1757343,IT,BR,TEXTI,CONST,0.2,33115.498,4,4,33115.494,0.0,0.0,0.0,0.004,165577.49
1768817,IT,AU,LEATH,PLAST,0.24,33115.1,4,4,33115.094,0.0,0.0,0.0,0.006,137979.583333
1778241,IT,TR,FURNI,EDUCA,0.11,33114.512,4,4,33114.509,0.0,0.0,0.0,0.003,301041.018182
1666932,IT,ES,CERAM,BEVER,0.05,33114.188,4,4,33114.186,0.0,0.0,0.0,0.002,662283.76
1771122,IT,CH,SANDC,LANDT,0.08,33113.314,4,4,33106.314,0.0,0.0,7.0,0.0,413916.425
1723189,IT,PT,RUBBE,BRICK,0.11,33111.981,4,4,33111.978,0.0,0.0,0.0,0.003,301018.009091
1644644,IT,BE,FOOD5,EDUCA,0.16,33111.88,4,4,33111.877,0.0,0.0,0.0,0.003,206949.25
1640366,IT,AT,MEATP,NATUR,0.13,33109.052,4,4,33109.048,0.0,0.0,0.0,0.004,254685.015385
1790226,IT,WA,PREC1,BIOGA,0.06,33108.166,4,4,33108.164,0.0,0.0,0.0,0.002,551802.766667
1685506,IT,HU,PAPER,TEXTI,0.13,33107.756,4,4,33107.753,0.0,0.0,0.0,0.003,254675.046154
1733697,IT,SI,RAILW,TRANS,0.22,33107.512,3,3,33107.512,0.0,0.0,0.0,0.0,150488.690909
1717129,IT,NL,SEACO,PUBLI,0.03,33105.516,3,3,33105.516,0.0,0.0,0.0,0.0,1103517.2
1679944,IT,GR,FABRI,LUBRI,0.13,33103.135,4,4,33103.133,0.0,0.0,0.0,0.002,254639.5
1810612,IT,WM,PRINT,SUPPO,0.32,33103.072,4,4,33103.069,0.0,0.0,0.0,0.003,103447.1
1761782,IT,IN,MACHI,ELEC8,0.18,33101.515,4,4,33101.512,0.0,0.0,0.0,0.003,183897.305556
1717305,IT,NL,FINAN,RAWMI,0.43,33097.771,3,3,33097.771,0.0,0.0,0.0,0.0,76971.560465
1726844,IT,RO,WHOLE,MEMBE,0.29,33097.095,4,4,33097.093,0.0,0.0,0.0,0.002,114127.913793
1689245,IT,IE,WHOLE,PAPER,0.29,33095.759,4,4,33095.757,0.0,0.0,0.0,0.002,114123.306897
1775735,IT,TR,ANIMA,HOTEL,0.13,33090.545,4,4,33090.543,0.0,0.0,0.0,0.002,254542.653846
1685404,IT,HU,LEATH,RENTI,0.24,33090.003,4,4,33089.997,0.0,0.0,0.0,0.006,137875.0125
1783853,IT,NO,TEXT2,RESEA,0.24,33089.544,4,4,33089.542,0.0,0.0,0.0,0.002,137873.1
1682963,IT,HR,PLAST,FURNI,0.07,33087.957,4,4,33087.954,0.0,0.0,0.0,0.003,472685.1
1722622,IT,PT,TEXTI,GLASS,0.2,33087.715,4,4,33087.711,0.0,0.0,0.0,0.004,165438.575
1751581,IT,CN,POSTT,FABRI,0.54,33087.442,4,4,33087.439,0.0,0.0,0.0,0.003,61273.040741
1679001,IT,GR,LEATH,BUSIN,0.24,33087.024,4,4,33087.018,0.0,0.0,0.0,0.006,137862.6
1743603,IT,US,HOTEL,LIQUI,0.24,33086.678,4,4,33086.676,0.0,0.0,0.0,0.002,137861.158333
1717354,IT,NL,FINAN,CONST,0.43,33083.175,3,3,33083.175,0.0,0.0,0.0,0.0,76937.616279
1657320,IT,DE,ADDIT,WHITE,0.08,33078.097,4,4,33078.094,0.0,0.0,0.0,0.003,413476.2125
1720199,IT,PL,COPP1,RAILW,0.08,33074.484,4,4,33074.482,0.0,0.0,0.0,0.002,413431.05
1666859,IT,ES,GLASS,MOTOR,0.09,33073.943,4,4,33073.941,0.0,0.0,0.0,0.002,367488.255556
1802580,IT,WE,FINAN,POSTT,0.43,33072.995,3,3,33072.995,0.0,0.0,0.0,0.0,76913.94186
1781982,IT,NO,RUBBE,FISH5,0.11,33072.841,4,4,33072.838,0.0,0.0,0.0,0.003,300662.190909
1745965,IT,JP,WOODW,ELEC2,0.09,33071.497,4,4,33071.495,0.0,0.0,0.0,0.002,367461.077778
1772137,IT,CH,MOTOR,HEALT,0.05,33071.185,4,4,33071.182,0.0,0.0,0.0,0.003,661423.7
1768365,IT,AU,MEAT4,CONST,0.18,33070.613,4,4,33070.611,0.0,0.0,0.0,0.002,183725.627778
1806382,IT,WF,MOTO1,ALUM1,0.18,33070.481,4,4,33070.479,0.0,0.0,0.0,0.002,183724.894444
1662504,IT,DK,COPP1,PULP5,0.08,33070.433,4,4,33070.431,0.0,0.0,0.0,0.002,413380.4125
1744601,IT,US,RENTI,CERAM,0.2,33069.374,4,4,33069.372,0.0,0.0,0.0,0.002,165346.87
1781490,IT,NO,BEVER,EDUCA,0.14,33069.256,4,4,33069.254,0.0,0.0,0.0,0.002,236208.971429
1716078,IT,NL,BASIC,BIODI,0.04,33068.912,4,4,33068.91,0.0,0.0,0.0,0.002,826722.8
1801786,IT,WE,ELEC4,DISTR,0.53,33067.337,4,4,33067.335,0.0,0.0,0.0,0.002,62391.201887
1782064,IT,NO,GLASS,PAPER,0.09,33067.099,4,4,33067.097,0.0,0.0,0.0,0.002,367412.211111
1769151,IT,AU,CHEM1,NONSP,0.07,33065.68,4,4,33065.676,0.0,0.0,0.0,0.004,472366.857143
1661448,IT,DK,DAIRY,RETA1,0.13,33065.102,4,4,33065.1,0.0,0.0,0.0,0.002,254346.938462
1751574,IT,CN,POSTT,BASIC,0.54,33062.171,4,4,33062.168,0.0,0.0,0.0,0.003,61226.242593
1731914,IT,SI,MOTOR,BEVER,0.05,33060.98,4,4,33060.977,0.0,0.0,0.0,0.003,661219.6
1790227,IT,WA,PREC1,BIODI,0.06,33057.456,4,4,33057.454,0.0,0.0,0.0,0.002,550957.6
1713380,IT,MT,LIQUE,PLAST,0.06,33056.918,4,4,33056.915,0.0,0.0,0.0,0.003,550948.633333
1790195,IT,WA,PREC1,MEATP,0.06,33054.107,4,4,33054.105,0.0,0.0,0.0,0.002,550901.783333
1813892,IT,WM,LANDT,FURNI,0.21,33053.179,4,4,33053.177,0.0,0.0,0.0,0.002,157396.090476
1652647,IT,CZ,WOODW,DIST1,0.09,33052.969,4,4,33052.967,0.0,0.0,0.0,0.002,367255.211111
1746633,IT,JP,LEAD1,NONF1,0.06,33051.352,4,4,33051.349,0.0,0.0,0.0,0.003,550855.866667
1751116,IT,CN,RETA1,RADIO,0.35,33050.747,4,4,33050.745,0.0,0.0,0.0,0.002,94430.705714
1761284,IT,IN,RUBBE,RADIO,0.11,33050.556,4,4,33050.553,0.0,0.0,0.0,0.003,300459.6
1799026,IT,WE,TEXTI,NFERT,0.2,33048.96,4,4,33048.956,0.0,0.0,0.0,0.004,165244.8
1685261,IT,HU,TEXTI,TRANS,0.2,33047.813,4,4,33047.809,0.0,0.0,0.0,0.004,165239.065
1722753,IT,PT,PAPER,PROCE,0.13,33046.604,4,4,33046.601,0.0,0.0,0.0,0.003,254204.646154
1685961,IT,HU,BIOGA,MOTOR,0.07,33045.788,4,4,33045.785,0.0,0.0,0.0,0.003,472082.685714
1726141,IT,RO,RUBBE,FOOD4,0.11,33045.56,4,4,33045.557,0.0,0.0,0.0,0.003,300414.181818
1814205,IT,WM,SUPPO,HOTEL,0.24,33045.469,4,4,33045.467,0.0,0.0,0.0,0.002,137689.454167
1808499,IT,WF,FOOD4,FINAN,0.24,33044.322,4,4,33044.32,0.0,0.0,0.0,0.002,137684.675
1786185,IT,ZA,PREC1,MOTO1,0.06,33043.187,4,4,33043.185,0.0,0.0,0.0,0.002,550719.783333
1641500,IT,AT,HEAVY,STONE,0.05,33041.801,4,4,33041.798,0.0,0.0,0.0,0.003,660836.02
1720642,IT,PL,MOTO1,GLASS,0.18,33040.403,4,4,33040.401,0.0,0.0,0.0,0.002,183557.794444
1740647,IT,US,CRUDE,STEAM,0.07,33039.208,4,4,33039.205,0.0,0.0,0.0,0.003,471988.685714
1672741,IT,FR,CHEMI,CONST,0.08,33038.276,5,5,33036.273,0.0,0.0,2.0,0.003,412978.45
1765390,IT,RU,FISH5,WOODW,0.14,33037.954,4,4,33037.937,0.0,0.0,0.0,0.017,235985.385714
1745881,IT,JP,LEATH,TRAN1,0.24,33037.927,4,4,33037.921,0.0,0.0,0.0,0.006,137658.029167
1677119,IT,FR,SUPPO,FOOD2,0.24,33034.399,4,4,33034.397,0.0,0.0,0.0,0.002,137643.329167
1727517,IT,RO,AUXIL,EDUCA,0.6,33033.647,4,4,33033.645,0.0,0.0,0.0,0.002,55056.078333
1766622,IT,RU,FABRI,TEXTI,0.13,33033.336,4,4,33033.334,0.0,0.0,0.0,0.002,254102.584615
1757295,IT,BR,FOOD5,SUGA1,0.16,33031.328,4,4,33031.325,0.0,0.0,0.0,0.003,206445.8
1809716,IT,WM,PROCE,93197,0.22,33027.327,4,4,33027.325,0.0,0.0,0.0,0.002,150124.213636
1666459,IT,ES,NONSP,WHOLE,0.04,33027.283,4,4,33027.281,0.0,0.0,0.0,0.002,825682.075
1649395,IT,BG,CHEM1,VEGE1,0.07,33026.448,4,4,33026.444,0.0,0.0,0.0,0.004,471806.4
1745513,IT,JP,FOOD5,SEACO,0.16,33024.385,4,4,33024.382,0.0,0.0,0.0,0.003,206402.40625
1737302,IT,GB,BEVER,RAWMI,0.14,33023.17,4,4,33023.168,0.0,0.0,0.0,0.002,235879.785714
1662365,IT,DK,BASIC,ELECT,0.04,33018.763,4,4,33018.761,0.0,0.0,0.0,0.002,825469.075
1813235,IT,WM,TRANS,PROCE,0.2,33018.328,4,4,33018.326,0.0,0.0,0.0,0.002,165091.64
1672619,IT,FR,FISHF,DIST1,0.06,33017.383,3,3,33017.383,0.0,0.0,0.0,0.0,550289.716667
1761416,IT,IN,BASIC,TEXTI,0.04,33017.376,4,4,33017.374,0.0,0.0,0.0,0.002,825434.4
1805915,IT,WF,ALUM1,93197,0.06,33015.682,4,4,33015.679,0.0,0.0,0.0,0.003,550261.366667
1655626,IT,DE,SANDC,RENTI,0.08,33014.773,4,4,33007.773,0.0,0.0,7.0,0.0,412684.6625
1714770,IT,NL,PROCE,MEATC,0.22,33010.916,4,4,33010.914,0.0,0.0,0.0,0.002,150049.618182
1668724,IT,ES,LANDT,PETRO,0.21,33010.418,4,4,33010.416,0.0,0.0,0.0,0.002,157192.466667
1791961,IT,WA,SEACO,CEMEN,0.03,33009.624,3,3,33009.624,0.0,0.0,0.0,0.0,1100320.8
1644068,IT,AT,BUSIN,DISTR,0.34,33008.279,4,4,33008.277,0.0,0.0,0.0,0.002,97083.173529
1775136,IT,CH,COMPU,SUPPO,0.38,33008.161,4,4,33008.159,0.0,0.0,0.0,0.002,86863.581579
1659184,IT,DE,CONST,DISTR,0.18,33005.873,4,4,33005.871,0.0,0.0,0.0,0.002,183365.961111
1762115,IT,IN,RAILW,ALUM1,0.22,33003.719,3,3,33003.719,0.0,0.0,0.0,0.0,150016.904545
1651859,IT,CY,AIRTR,SUPPO,0.04,33002.177,3,3,33002.177,0.0,0.0,0.0,0.0,825054.425
1737874,IT,GB,PLAST,FOUND,0.07,33001.922,4,4,33001.919,0.0,0.0,0.0,0.003,471456.028571
1722769,IT,PT,PAPER,LIQUE,0.13,33001.407,4,4,33001.404,0.0,0.0,0.0,0.003,253856.976923
1717401,IT,NL,INSUR,PLAST,0.68,33000.056,4,4,33000.054,0.0,0.0,0.0,0.002,48529.494118
1744239,IT,US,POSTT,MOTO1,0.54,32998.767,4,4,32998.764,0.0,0.0,0.0,0.003,61108.827778
1654255,IT,CZ,TRANS,RESEA,0.2,32997.383,4,4,32997.381,0.0,0.0,0.0,0.002,164986.915
1788935,IT,WA,HEAVY,TOBAC,0.05,32995.07,4,4,32995.067,0.0,0.0,0.0,0.003,659901.4
1758539,IT,BR,MACHI,AUXIL,0.18,32991.799,4,4,32991.796,0.0,0.0,0.0,0.003,183287.772222
1808654,IT,WF,INERT,NONFE,0.24,32991.541,4,4,32991.539,0.0,0.0,0.0,0.002,137464.754167
1724440,IT,PT,AIRTR,RAILW,0.04,32991.469,3,3,32991.469,0.0,0.0,0.0,0.0,824786.725
1663923,IT,EE,LEATH,HEALT,0.24,32991.42,4,4,32991.414,0.0,0.0,0.0,0.006,137464.25
1804952,IT,WF,NONSP,COPP1,0.04,32990.755,4,4,32990.753,0.0,0.0,0.0,0.002,824768.875
1649863,IT,BG,COPP1,MACHI,0.08,32989.957,4,4,32989.955,0.0,0.0,0.0,0.002,412374.4625
1814491,IT,WM,RESEA,KEROS,0.18,32989.651,4,4,32989.649,0.0,0.0,0.0,0.002,183275.838889
1674507,IT,FR,RUBBE,ANIMA,0.11,32988.027,4,4,32988.024,0.0,0.0,0.0,0.003,299891.154545
1736498,IT,SK,INLAN,MACHI,0.05,32987.365,4,4,32987.363,0.0,0.0,0.0,0.002,659747.3
1688758,IT,IE,RUBBE,MEATC,0.11,32987.132,4,4,32987.129,0.0,0.0,0.0,0.003,299883.018182
1659453,IT,DE,WHOLE,RESEA,0.29,32985.398,4,4,32985.396,0.0,0.0,0.0,0.002,113742.751724
1663166,IT,DK,LANDT,NONME,0.21,32984.915,4,4,32984.913,0.0,0.0,0.0,0.002,157071.02381
1660006,IT,DE,INLAN,PLAST,0.05,32982.512,4,4,32982.51,0.0,0.0,0.0,0.002,659650.24
1749204,IT,CN,PULP5,AUXIL,0.1,32982.313,4,4,32982.31,0.0,0.0,0.0,0.003,329823.13
1803366,IT,WF,CHEMI,IRONO,0.08,32980.978,5,5,32978.975,0.0,0.0,2.0,0.003,412262.225
1726252,IT,RO,BASIC,POULT,0.04,32978.679,4,4,32978.677,0.0,0.0,0.0,0.002,824466.975
1753173,IT,CA,GLASS,COKEO,0.09,32975.666,4,4,32975.664,0.0,0.0,0.0,0.002,366396.288889
1666554,IT,ES,CHEM1,LEATH,0.07,32974.707,4,4,32974.703,0.0,0.0,0.0,0.004,471067.242857
1780181,IT,TW,HOTEL,AUXIL,0.24,32973.076,4,4,32973.074,0.0,0.0,0.0,0.002,137387.816667
1726095,IT,RO,RUBBE,BRICK,0.11,32972.881,4,4,32972.878,0.0,0.0,0.0,0.003,299753.463636
1659970,IT,DE,SEACO,BITU1,0.03,32971.84,3,3,32971.84,0.0,0.0,0.0,0.0,1099061.333333
1643958,IT,AT,COMPU,FABRI,0.38,32971.068,4,4,32971.066,0.0,0.0,0.0,0.002,86765.968421
1644135,IT,AT,OILHA,BASIC,0.19,32968.232,4,4,32968.23,0.0,0.0,0.0,0.002,173517.010526
1710506,IT,LT,AIRTR,TRANS,0.04,32965.522,3,3,32965.522,0.0,0.0,0.0,0.0,824138.05
1813549,IT,WM,WHOLE,PRINT,0.28,32965.246,4,4,32965.244,0.0,0.0,0.0,0.002,117733.021429
1769088,IT,AU,PLAST,MEDIC,0.07,32964.739,4,4,32964.736,0.0,0.0,0.0,0.003,470924.842857
1784339,IT,ID,RUBBE,PAPER,0.11,32962.712,4,4,32962.709,0.0,0.0,0.0,0.003,299661.018182
1746985,IT,JP,MOTO1,PLAS1,0.18,32961.967,4,4,32961.965,0.0,0.0,0.0,0.002,183122.038889
1775763,IT,TR,CRUDE,NONSP,0.06,32961.849,4,4,32961.846,0.0,0.0,0.0,0.003,549364.15
1754062,IT,CA,SEACO,93197,0.03,32961.41,3,3,32961.41,0.0,0.0,0.0,0.0,1098713.666667
1812421,IT,WM,PREC1,FISH5,0.06,32960.384,4,4,32960.382,0.0,0.0,0.0,0.002,549339.733333
1771969,IT,CH,PAPER,RAILW,0.13,32960.121,4,4,32960.118,0.0,0.0,0.0,0.003,253539.392308
1774553,IT,CH,SEACO,CHEMI,0.03,32959.514,3,3,32959.514,0.0,0.0,0.0,0.0,1098650.466667
1719488,IT,PL,GLASS,FORES,0.09,32956.744,4,4,32956.742,0.0,0.0,0.0,0.002,366186.044444
1767424,IT,RU,LANDT,MEDIC,0.21,32955.627,4,4,32955.625,0.0,0.0,0.0,0.002,156931.557143
1739497,IT,GB,LANDT,ELEC7,0.21,32953.483,4,4,32953.481,0.0,0.0,0.0,0.002,156921.347619
1653921,IT,CZ,FABRI,SEWAG,0.13,32951.931,4,4,32951.929,0.0,0.0,0.0,0.002,253476.392308
1749881,IT,CN,RUBBE,TRAN2,0.11,32951.089,4,4,32951.086,0.0,0.0,0.0,0.003,299555.354545
1684964,IT,HU,MEAT4,WOODW,0.18,32949.886,4,4,32949.884,0.0,0.0,0.0,0.002,183054.922222
1735308,IT,SK,GLASS,RESEA,0.09,32948.824,4,4,32948.822,0.0,0.0,0.0,0.002,366098.044444
1740082,IT,GB,RENTI,PAPE4,0.2,32948.6,4,4,32948.598,0.0,0.0,0.0,0.002,164743.0
1727930,IT,SE,VEGET,BUSIN,0.12,32948.235,3,3,32948.235,0.0,0.0,0.0,0.0,274568.625
1802300,IT,WE,LANDT,COMPU,0.21,32947.85,4,4,32947.848,0.0,0.0,0.0,0.002,156894.52381
1803813,IT,WF,TEXTI,NFERT,0.2,32947.769,4,4,32947.765,0.0,0.0,0.0,0.004,164738.845
1686601,IT,HU,ALUM1,SEWAG,0.06,32946.873,4,4,32946.87,0.0,0.0,0.0,0.003,549114.55
1750795,IT,CN,FURNI,MEATC,0.11,32946.571,4,4,32946.568,0.0,0.0,0.0,0.003,299514.281818
1756685,IT,KR,SEACO,LIQUE,0.03,32945.961,3,3,32945.961,0.0,0.0,0.0,0.0,1098198.7
1795744,IT,WL,MACHI,STONE,0.18,32945.639,4,4,32945.636,0.0,0.0,0.0,0.003,183031.327778
1803835,IT,WF,TEXTI,MEDIC,0.2,32945.559,4,4,32945.555,0.0,0.0,0.0,0.004,164727.795
1785889,IT,ZA,ADDIT,OFFIC,0.08,32944.646,4,4,32944.643,0.0,0.0,0.0,0.003,411808.075
1686277,IT,HU,CERAM,RESEA,0.05,32944.197,4,4,32944.195,0.0,0.0,0.0,0.002,658883.94
1651396,IT,CY,MOTOR,REALE,0.05,32942.665,4,4,32942.662,0.0,0.0,0.0,0.003,658853.3
1749409,IT,CN,KEROS,PRECI,0.05,32942.326,4,4,32942.323,0.0,0.0,0.0,0.003,658846.52
1640814,IT,AT,WEARI,TRANS,0.25,32941.431,4,4,32941.425,0.0,0.0,0.0,0.006,131765.724
1679939,IT,GR,FABRI,GASDI,0.13,32939.789,4,4,32939.787,0.0,0.0,0.0,0.002,253382.992308
1735522,IT,SK,PREC1,BUSIN,0.06,32939.733,4,4,32939.731,0.0,0.0,0.0,0.002,548995.55
1720622,IT,PL,MOTO1,FISH5,0.18,32939.033,4,4,32939.031,0.0,0.0,0.0,0.002,182994.627778
1760886,IT,IN,GASDI,MOTO1,0.05,32937.051,4,4,32937.048,0.0,0.0,0.0,0.003,658741.02
1790091,IT,WA,BASIC,TOBAC,0.04,32936.999,4,4,32936.997,0.0,0.0,0.0,0.002,823424.975
1814440,IT,WM,COMPU,CRUDE,0.38,32936.487,4,4,32936.485,0.0,0.0,0.0,0.002,86674.965789
1809584,IT,WM,VEGE1,FURNI,0.1,32936.411,4,4,32936.404,0.0,0.0,0.0,0.007,329364.11
1753512,IT,CA,MACHI,CRUDE,0.18,32934.638,4,4,32934.635,0.0,0.0,0.0,0.003,182970.211111
1754257,IT,CA,POSTT,HOTEL,0.54,32934.588,4,4,32934.585,0.0,0.0,0.0,0.003,60989.977778
1664526,IT,EE,FURNI,WEARI,0.11,32934.076,4,4,32934.073,0.0,0.0,0.0,0.003,299400.690909
1775890,IT,TR,PROCE,LIQUE,0.22,32929.302,4,4,32929.3,0.0,0.0,0.0,0.002,149678.645455
1798623,IT,WE,MEAT1,PUBLI,0.15,32927.001,4,4,32926.997,0.0,0.0,0.0,0.004,219513.34
1646503,IT,BE,MACHI,INLAN,0.18,32926.07,4,4,32926.067,0.0,0.0,0.0,0.003,182922.611111
1733972,IT,SI,SUPPO,SEACO,0.24,32921.709,4,4,32921.707,0.0,0.0,0.0,0.002,137173.7875
1731895,IT,SI,PRINT,RECRE,0.32,32921.47,4,4,32921.467,0.0,0.0,0.0,0.003,102879.59375
1653836,IT,CZ,FABRI,MEAT1,0.13,32920.95,4,4,32920.948,0.0,0.0,0.0,0.002,253238.076923
1670628,IT,FI,LEATH,TEXTI,0.24,32919.468,4,4,32919.462,0.0,0.0,0.0,0.006,137164.45
1662988,IT,DK,HOTEL,FOOD5,0.24,32917.967,4,4,32917.965,0.0,0.0,0.0,0.002,137158.195833
1752354,IT,CA,MEAT4,BITU1,0.18,32917.876,4,4,32917.874,0.0,0.0,0.0,0.002,182877.088889
1804848,IT,WF,BITU1,COKIN,0.05,32917.416,4,4,32917.413,0.0,0.0,0.0,0.003,658348.32
1722014,IT,PL,COMPU,RESEA,0.38,32912.874,4,4,32912.872,0.0,0.0,0.0,0.002,86612.826316
1762619,IT,IN,REALE,MACHI,1.39,32910.72,4,4,32910.718,0.0,0.0,0.0,0.002,23676.776978
1766565,IT,RU,COPP1,SALEM,0.08,32909.906,4,4,32909.904,0.0,0.0,0.0,0.002,411373.825
1772517,IT,CH,RUBBE,WEARI,0.11,32909.297,4,4,32909.294,0.0,0.0,0.0,0.003,299175.427273
1644049,IT,AT,BUSIN,NONME,0.34,32908.188,4,4,32908.186,0.0,0.0,0.0,0.002,96788.788235
1800528,IT,WE,RUBBE,FOUND,0.11,32903.058,4,4,32903.055,0.0,0.0,0.0,0.003,299118.709091
1739790,IT,GB,POSTT,DISTR,0.54,32901.256,4,4,32901.253,0.0,0.0,0.0,0.003,60928.251852
1656274,IT,DE,LEATH,CEREA,0.24,32898.538,4,4,32898.532,0.0,0.0,0.0,0.006,137077.241667
1682983,IT,HR,CHEM1,FISHF,0.07,32897.6,4,4,32897.596,0.0,0.0,0.0,0.004,469965.714286
1799443,IT,WE,PAPER,TEXTI,0.13,32897.332,4,4,32897.329,0.0,0.0,0.0,0.003,253056.4
1723885,IT,PT,FURNI,GASDI,0.11,32895.977,4,4,32895.974,0.0,0.0,0.0,0.003,299054.336364
1722513,IT,PT,FOOD5,FURNI,0.16,32894.826,4,4,32894.823,0.0,0.0,0.0,0.003,205592.6625
1651625,IT,CY,NONME,BRICK,0.07,32893.521,4,4,32893.517,0.0,0.0,0.0,0.004,469907.442857
1711604,IT,LU,INSUR,INSUR,0.68,32892.076,4,4,32892.074,0.0,0.0,0.0,0.002,48370.7
1665658,IT,ES,WOODW,RESEA,0.09,32890.509,4,4,32890.507,0.0,0.0,0.0,0.002,365450.1
1781788,IT,NO,PRINT,PUBLI,0.32,32890.462,4,4,32890.459,0.0,0.0,0.0,0.003,102782.69375
1685715,IT,HU,PARAF,BIOGA,0.05,32887.679,4,4,32887.677,0.0,0.0,0.0,0.002,657753.58
1735426,IT,SK,BASIC,REFIN,0.04,32887.44,4,4,32887.438,0.0,0.0,0.0,0.002,822186.0
1747320,IT,JP,WHOLE,PUBLI,0.28,32886.924,4,4,32886.922,0.0,0.0,0.0,0.002,117453.3
1720967,IT,PL,WHOLE,CONST,0.28,32884.297,4,4,32884.295,0.0,0.0,0.0,0.002,117443.917857
1643969,IT,AT,COMPU,DISTR,0.38,32880.563,4,4,32880.561,0.0,0.0,0.0,0.002,86527.797368
1646719,IT,BE,FURNI,93197,0.1,32880.421,4,4,32880.418,0.0,0.0,0.0,0.003,328804.21
1789399,IT,WA,CHEM1,ELEC1,0.07,32878.387,4,4,32878.383,0.0,0.0,0.0,0.004,469691.242857
1776164,IT,TR,LEATH,HOTEL,0.24,32876.354,4,4,32876.348,0.0,0.0,0.0,0.006,136984.808333
1735895,IT,SK,OFFIC,DIST1,0.1,32875.186,4,4,32875.184,0.0,0.0,0.0,0.002,328751.86
1664463,IT,EE,OFFIC,PLAST,0.1,32872.981,4,4,32872.979,0.0,0.0,0.0,0.002,328729.81
1761860,IT,IN,MOTO1,BUSIN,0.17,32872.69,4,4,32872.688,0.0,0.0,0.0,0.002,193368.764706
1803810,IT,WF,TEXTI,LIQUE,0.19,32868.529,4,4,32868.525,0.0,0.0,0.0,0.004,172992.257895
1714615,IT,NL,MEATC,MEATC,0.11,32867.411,4,4,32867.409,0.0,0.0,0.0,0.002,298794.645455
1728275,IT,SE,BEVER,LEATH,0.14,32866.047,4,4,32866.045,0.0,0.0,0.0,0.002,234757.478571
1773173,IT,CH,FABRI,POULT,0.13,32865.393,4,4,32865.391,0.0,0.0,0.0,0.002,252810.715385
1793481,IT,WL,CHEMI,VEGE1,0.08,32865.171,5,5,32863.168,0.0,0.0,2.0,0.003,410814.6375
1651671,IT,CY,ALUM1,MOTO1,0.06,32863.852,4,4,32863.849,0.0,0.0,0.0,0.003,547730.866667
1677720,IT,FR,RENTI,AIRTR,0.2,32861.057,4,4,32861.055,0.0,0.0,0.0,0.002,164305.285
1677800,IT,FR,COMPU,SUPPO,0.38,32858.488,4,4,32858.486,0.0,0.0,0.0,0.002,86469.705263
1722800,IT,PT,PAPER,FURNI,0.13,32856.863,4,4,32856.86,0.0,0.0,0.0,0.003,252745.1
1777885,IT,TR,MACHI,FORES,0.18,32855.437,4,4,32855.434,0.0,0.0,0.0,0.003,182530.205556
1758271,IT,BR,ALUM1,FOOD5,0.06,32855.219,4,4,32855.216,0.0,0.0,0.0,0.003,547586.983333
1786573,IT,ZA,FURNI,FINAN,0.1,32854.485,4,4,32854.482,0.0,0.0,0.0,0.003,328544.85
1810072,IT,WM,TEXTI,MEDIC,0.19,32853.279,4,4,32853.275,0.0,0.0,0.0,0.004,172911.994737
1685252,IT,HU,TEXTI,CEMEN,0.19,32852.842,4,4,32852.838,0.0,0.0,0.0,0.004,172909.694737
1681965,IT,HR,FOOD5,FABRI,0.16,32852.272,4,4,32852.269,0.0,0.0,0.0,0.003,205326.7
1740606,IT,US,FORES,FURNI,0.29,32851.331,4,4,32838.331,0.0,13.0,0.0,0.0,113280.451724
1811240,IT,WM,LUBRI,ELEC6,0.04,32850.512,4,4,32850.51,0.0,0.0,0.0,0.002,821262.8
1806129,IT,WF,FABRI,CHARC,0.13,32848.461,4,4,32848.459,0.0,0.0,0.0,0.002,252680.469231
1801408,IT,WE,OFFIC,FINAN,0.1,32847.847,4,4,32847.845,0.0,0.0,0.0,0.002,328478.47
1685635,IT,HU,KEROS,TEXTI,0.05,32844.616,4,4,32844.613,0.0,0.0,0.0,0.003,656892.32
1735728,IT,SK,FABRI,SUPPO,0.13,32843.484,4,4,32843.482,0.0,0.0,0.0,0.002,252642.184615
1771111,IT,CH,SANDC,CHEM1,0.08,32843.306,4,4,32836.306,0.0,0.0,7.0,0.0,410541.325
1682946,IT,HR,PLAST,TEXTI,0.07,32841.733,4,4,32841.73,0.0,0.0,0.0,0.003,469167.614286
1671357,IT,FI,COPP1,MOTO1,0.08,32841.136,4,4,32841.134,0.0,0.0,0.0,0.002,410514.2
1796193,IT,WL,FURNI,RUBBE,0.1,32840.556,4,4,32840.553,0.0,0.0,0.0,0.003,328405.56
1657862,IT,DE,BASIC,SUGAR,0.04,32840.46,4,4,32840.458,0.0,0.0,0.0,0.002,821011.5
1651839,IT,CY,RAILW,AUXIL,0.22,32839.967,3,3,32839.967,0.0,0.0,0.0,0.0,149272.577273
1684812,IT,HU,FISHF,FISHF,0.06,32838.416,3,3,32838.416,0.0,0.0,0.0,0.0,547306.933333
1767615,IT,RU,SUPPO,CONST,0.24,32838.231,4,4,32838.229,0.0,0.0,0.0,0.002,136825.9625
1711964,IT,LV,VEGET,CEREA,0.12,32838.025,3,3,32838.025,0.0,0.0,0.0,0.0,273650.208333
1748818,IT,CN,TEXTI,ELEC2,0.19,32837.682,4,4,32837.678,0.0,0.0,0.0,0.004,172829.905263
1793697,IT,WL,FOOD5,PAPER,0.16,32835.013,4,4,32835.01,0.0,0.0,0.0,0.003,205218.83125
1718763,IT,PL,PAPER,PIGS9,0.13,32831.98,4,4,32831.977,0.0,0.0,0.0,0.003,252553.692308
1714302,IT,MT,PUBLI,POSTT,0.54,32831.531,4,4,32831.529,0.0,0.0,0.0,0.002,60799.131481
1757600,IT,BR,GASDI,RUBBE,0.05,32830.265,4,4,32830.262,0.0,0.0,0.0,0.003,656605.3
1690398,IT,IE,FOOD4,STONE,0.24,32828.552,4,4,32828.55,0.0,0.0,0.0,0.002,136785.633333
1776224,IT,TR,WOODW,DIST1,0.09,32827.375,4,4,32827.373,0.0,0.0,0.0,0.002,364748.611111
1737842,IT,GB,PLAST,BEVER,0.07,32825.864,4,4,32825.861,0.0,0.0,0.0,0.003,468940.914286
1788378,IT,WA,WOODW,MOTOR,0.09,32825.616,4,4,32825.614,0.0,0.0,0.0,0.002,364729.066667
1744603,IT,US,RENTI,PREC1,0.2,32824.38,4,4,32824.378,0.0,0.0,0.0,0.002,164121.9
1679763,IT,GR,BASIC,RAILW,0.04,32824.228,4,4,32824.226,0.0,0.0,0.0,0.002,820605.7
1784224,IT,ID,PLAST,CHEM1,0.07,32824.218,4,4,32824.215,0.0,0.0,0.0,0.003,468917.4
1666895,IT,ES,GLASS,ELEC2,0.09,32822.384,4,4,32822.382,0.0,0.0,0.0,0.002,364693.155556
1789014,IT,WA,NAPHT,MEAT4,0.06,32820.612,4,4,32820.61,0.0,0.0,0.0,0.002,547010.2
1747993,IT,JP,BUSIN,VEGET,0.34,32817.479,4,4,32817.477,0.0,0.0,0.0,0.002,96521.997059
1725320,IT,RO,BEVER,COMPU,0.14,32813.592,4,4,32813.59,0.0,0.0,0.0,0.002,234382.8
1644623,IT,BE,FOOD5,MEDIC,0.16,32813.271,4,4,32813.268,0.0,0.0,0.0,0.003,205082.94375
1812897,IT,WM,FABRI,FOOD4,0.13,32812.444,4,4,32812.442,0.0,0.0,0.0,0.002,252403.415385
1713762,IT,MT,OFFIC,FINAN,0.1,32812.125,4,4,32812.123,0.0,0.0,0.0,0.002,328121.25
1804904,IT,WF,BITU1,ELEC1,0.05,32811.808,4,4,32811.805,0.0,0.0,0.0,0.003,656236.16
1780292,IT,TW,LANDT,FINAN,0.21,32808.603,4,4,32808.601,0.0,0.0,0.0,0.002,156231.442857
1757069,IT,KR,BUSIN,TRAN1,0.34,32804.93,4,4,32804.928,0.0,0.0,0.0,0.002,96485.088235
1645455,IT,BE,NAPHT,REFI1,0.06,32803.781,4,4,32803.779,0.0,0.0,0.0,0.002,546729.683333
1725570,IT,RO,WOODW,VEGET,0.09,32800.407,4,4,32800.405,0.0,0.0,0.0,0.002,364448.966667
1685774,IT,HU,PLAST,BIODI,0.07,32800.322,4,4,32800.319,0.0,0.0,0.0,0.003,468576.028571
1801519,IT,WE,MOTO1,TRAN2,0.17,32796.439,4,4,32796.437,0.0,0.0,0.0,0.002,192920.229412
1731586,IT,SI,TEXTI,COMPU,0.19,32796.394,4,4,32796.39,0.0,0.0,0.0,0.004,172612.6
1764056,IT,MX,FABRI,CATTL,0.13,32795.691,4,4,32795.689,0.0,0.0,0.0,0.002,252274.546154
1759163,IT,BR,AIRTR,INLAN,0.04,32793.896,3,3,32793.896,0.0,0.0,0.0,0.0,819847.4
1715355,IT,NL,PRINT,PRINT,0.31,32792.404,4,4,32792.402,0.0,0.0,0.0,0.002,105781.948387
1807498,IT,WF,RENTI,NATU1,0.2,32791.094,4,4,32791.092,0.0,0.0,0.0,0.002,163955.47
1754901,IT,KR,TOBAC,CONST,0.13,32788.732,4,4,32788.73,0.0,0.0,0.0,0.002,252221.015385
1780046,IT,TW,WHOLE,FISH5,0.28,32786.639,4,4,32786.637,0.0,0.0,0.0,0.002,117095.139286
1768892,IT,AU,WOODW,RUBBE,0.09,32786.489,4,4,32786.487,0.0,0.0,0.0,0.002,364294.322222
1803068,IT,WF,CEREA,FURNI,0.05,32783.614,4,4,32783.612,0.0,0.0,0.0,0.002,655672.28
1778579,IT,TR,RETA1,AUXIL,0.34,32783.202,4,4,32783.2,0.0,0.0,0.0,0.002,96421.182353
1765386,IT,RU,BEVER,HEALT,0.14,32782.174,4,4,32782.172,0.0,0.0,0.0,0.002,234158.385714
1723226,IT,PT,RUBBE,PUBLI,0.11,32777.331,4,4,32777.328,0.0,0.0,0.0,0.003,297975.736364
1775963,IT,TR,BEVER,BEVER,0.14,32773.553,4,4,32773.551,0.0,0.0,0.0,0.002,234096.807143
1750922,IT,CN,CONST,FURNI,0.18,32772.589,4,4,32772.587,0.0,0.0,0.0,0.002,182069.938889
1792135,IT,WA,SUPPO,MEATA,0.24,32771.878,4,4,32771.876,0.0,0.0,0.0,0.002,136549.491667
1761203,IT,IN,ADDIT,NONME,0.08,32770.274,4,4,32770.271,0.0,0.0,0.0,0.003,409628.425
1656140,IT,DE,FISH5,REALE,0.14,32769.393,4,4,32769.376,0.0,0.0,0.0,0.017,234067.092857
1786877,IT,ZA,SEACO,TRANS,0.03,32769.214,3,3,32769.214,0.0,0.0,0.0,0.0,1092307.133333
1781984,IT,NO,RUBBE,WOODW,0.11,32768.659,4,4,32768.656,0.0,0.0,0.0,0.003,297896.9
1641025,IT,AT,PULP5,OFFIC,0.1,32768.252,4,4,32768.249,0.0,0.0,0.0,0.003,327682.52
1756678,IT,KR,SEACO,WEARI,0.03,32768.145,3,3,32768.145,0.0,0.0,0.0,0.0,1092271.5
1727485,IT,RO,AUXIL,CEMEN,0.6,32768.004,4,4,32768.002,0.0,0.0,0.0,0.002,54613.34
1785891,IT,ZA,ADDIT,MEDIC,0.08,32766.342,4,4,32766.339,0.0,0.0,0.0,0.003,409579.275
1751805,IT,CN,AUXIL,FINAN,0.6,32765.623,4,4,32765.621,0.0,0.0,0.0,0.002,54609.371667
1656082,IT,DE,BEVER,FURNI,0.14,32764.464,4,4,32764.462,0.0,0.0,0.0,0.002,234031.885714
1710604,IT,LU,FISHF,DAIRY,0.06,32763.408,3,3,32763.408,0.0,0.0,0.0,0.0,546056.8
1747174,IT,JP,CONST,SECO9,0.18,32760.811,4,4,32760.809,0.0,0.0,0.0,0.002,182004.505556
1813048,IT,WM,OFFIC,HEAVY,0.1,32757.16,4,4,32757.158,0.0,0.0,0.0,0.002,327571.6
1660037,IT,DE,AIRTR,MEATP,0.04,32756.055,3,3,32756.055,0.0,0.0,0.0,0.0,818901.375
1756150,IT,KR,MACHI,SANDC,0.18,32754.859,4,4,32754.856,0.0,0.0,0.0,0.003,181971.438889
1754467,IT,CA,BUSIN,NATUR,0.34,32752.063,4,4,32752.061,0.0,0.0,0.0,0.002,96329.597059
1674269,IT,FR,PARAF,LIQUE,0.05,32751.898,4,4,32751.896,0.0,0.0,0.0,0.002,655037.96
1799576,IT,WE,PRINT,COMPU,0.31,32751.416,4,4,32751.414,0.0,0.0,0.0,0.002,105649.729032
1683481,IT,HR,PREC1,FURNI,0.06,32750.796,4,4,32750.794,0.0,0.0,0.0,0.002,545846.6
1668016,IT,ES,FURNI,WEARI,0.1,32749.474,4,4,32749.471,0.0,0.0,0.0,0.003,327494.74
1641263,IT,AT,MOTOR,ALUM1,0.05,32747.698,4,4,32747.695,0.0,0.0,0.0,0.003,654953.96
1795386,IT,WL,BASIC,HEAVY,0.04,32747.244,4,4,32747.242,0.0,0.0,0.0,0.002,818681.1
1715349,IT,NL,PRINT,TEXTI,0.31,32742.659,4,4,32742.657,0.0,0.0,0.0,0.002,105621.480645
1664886,IT,ES,FORES,BUSIN,0.29,32738.197,4,4,32725.197,0.0,13.0,0.0,0.0,112890.334483
1799846,IT,WE,GASDI,COKEO,0.05,32737.697,4,4,32737.694,0.0,0.0,0.0,0.003,654753.94
1729645,IT,SE,FABRI,CERAM,0.13,32737.278,4,4,32737.276,0.0,0.0,0.0,0.002,251825.215385
1745691,IT,JP,TEXTI,MEMBE,0.19,32737.049,4,4,32737.045,0.0,0.0,0.0,0.004,172300.257895
1645725,IT,BE,RUBBE,PROCE,0.11,32736.412,4,4,32736.409,0.0,0.0,0.0,0.003,297603.745455
1745494,IT,JP,FOOD5,MACHI,0.16,32733.055,4,4,32733.052,0.0,0.0,0.0,0.003,204581.59375
1790928,IT,WA,OFFIC,RETA1,0.1,32732.339,4,4,32732.337,0.0,0.0,0.0,0.002,327323.39
1770019,IT,AU,FURNI,SALEM,0.1,32731.71,4,4,32731.707,0.0,0.0,0.0,0.003,327317.1
1793767,IT,WL,FISH5,MEAT1,0.14,32728.903,4,4,32728.886,0.0,0.0,0.0,0.017,233777.878571
1743447,IT,US,WHOLE,MEAT1,0.28,32727.891,4,4,32727.889,0.0,0.0,0.0,0.002,116885.325
1750214,IT,CN,LEAD1,FOUND,0.06,32726.667,4,4,32726.664,0.0,0.0,0.0,0.003,545444.45
1754666,IT,KR,CHEMI,TRANS,0.08,32725.42,5,5,32723.417,0.0,0.0,2.0,0.003,409067.75
1756101,IT,KR,FABRI,DIST1,0.13,32724.771,4,4,32724.769,0.0,0.0,0.0,0.002,251729.007692
1674047,IT,FR,GASDI,COLLE,0.05,32724.211,4,4,32724.208,0.0,0.0,0.0,0.003,654484.22
1731297,IT,SI,VEGE1,MEAT1,0.1,32722.361,4,4,32722.354,0.0,0.0,0.0,0.007,327223.61
1741992,IT,US,ADDIT,SUBBI,0.08,32720.79,4,4,32720.787,0.0,0.0,0.0,0.003,409009.875
1809599,IT,WM,VEGE1,COMPU,0.1,32718.258,4,4,32718.251,0.0,0.0,0.0,0.007,327182.58
1669786,IT,ES,BUSIN,COPP1,0.34,32717.209,4,4,32717.207,0.0,0.0,0.0,0.002,96227.085294
1661659,IT,DK,TEXTI,OFFIC,0.19,32716.265,4,4,32716.261,0.0,0.0,0.0,0.004,172190.868421
1720730,IT,PL,TRANS,TEXTI,0.2,32715.31,4,4,32715.308,0.0,0.0,0.0,0.002,163576.55
1792035,IT,WA,AIRTR,NATU1,0.04,32715.06,3,3,32715.06,0.0,0.0,0.0,0.0,817876.5
1769933,IT,AU,MOTO1,RAILW,0.17,32713.201,4,4,32713.199,0.0,0.0,0.0,0.002,192430.594118
1649145,IT,BG,PAPER,EDUCA,0.13,32711.258,4,4,32711.255,0.0,0.0,0.0,0.003,251625.061538
1774134,IT,CH,WHOLE,RAILW,0.28,32711.076,4,4,32711.074,0.0,0.0,0.0,0.002,116825.271429
1794126,IT,WL,PAPER,RAILW,0.13,32710.962,4,4,32710.959,0.0,0.0,0.0,0.003,251622.784615
1766882,IT,RU,OFFIC,BASIC,0.1,32710.675,4,4,32710.673,0.0,0.0,0.0,0.002,327106.75
1736899,IT,SK,BUSIN,POSTT,0.34,32709.123,4,4,32709.121,0.0,0.0,0.0,0.002,96203.302941
1798232,IT,WE,VEGET,NONF1,0.12,32705.904,3,3,32705.904,0.0,0.0,0.0,0.0,272549.2
1800620,IT,WE,GLASS,WHOLE,0.09,32705.269,4,4,32705.267,0.0,0.0,0.0,0.002,363391.877778
1719484,IT,PL,GLASS,POULT,0.09,32704.316,4,4,32704.314,0.0,0.0,0.0,0.002,363381.288889
1757195,IT,BR,MEAT4,BIODI,0.18,32703.386,4,4,32703.384,0.0,0.0,0.0,0.002,181685.477778
1768964,IT,AU,PAPER,MACHI,0.13,32703.082,4,4,32703.079,0.0,0.0,0.0,0.003,251562.169231
1730043,IT,SE,WHOLE,FABRI,0.28,32702.41,4,4,32702.408,0.0,0.0,0.0,0.002,116794.321429
1721406,IT,PL,SEACO,RAILW,0.03,32702.361,3,3,32702.361,0.0,0.0,0.0,0.0,1090078.7
1670418,IT,FI,FOOD5,WEARI,0.16,32701.908,4,4,32701.905,0.0,0.0,0.0,0.003,204386.925
1651435,IT,CY,GASDI,FOOD5,0.05,32699.26,4,4,32699.257,0.0,0.0,0.0,0.003,653985.2
1806340,IT,WF,OFFIC,93197,0.1,32699.141,4,4,32699.139,0.0,0.0,0.0,0.002,326991.41
1776732,IT,TR,LIQUE,PAPER,0.06,32695.834,4,4,32695.831,0.0,0.0,0.0,0.003,544930.566667
1787040,IT,ZA,INSUR,HEALT,0.67,32695.143,4,4,32695.141,0.0,0.0,0.0,0.002,48798.720896
1743674,IT,US,HOTEL,OILHA,0.24,32693.774,4,4,32693.772,0.0,0.0,0.0,0.002,136224.058333
1686315,IT,HU,NONME,TEXTI,0.07,32691.929,4,4,32691.925,0.0,0.0,0.0,0.004,467027.557143
1798201,IT,WE,VEGET,MEAT4,0.12,32689.919,3,3,32689.919,0.0,0.0,0.0,0.0,272415.991667
1719414,IT,PL,RUBBE,LEAD1,0.11,32687.381,4,4,32687.378,0.0,0.0,0.0,0.003,297158.009091
1765045,IT,MX,INSUR,MOTO1,0.67,32686.268,4,4,32686.266,0.0,0.0,0.0,0.002,48785.474627
1736847,IT,SK,BUSIN,TEXTI,0.34,32686.22,4,4,32686.218,0.0,0.0,0.0,0.002,96135.941176
1766339,IT,RU,NONME,TRAN1,0.07,32684.802,4,4,32684.798,0.0,0.0,0.0,0.004,466925.742857
1803884,IT,WF,WEARI,MEATA,0.25,32683.71,4,4,32683.704,0.0,0.0,0.0,0.006,130734.84
1796529,IT,WL,RETA1,ELEC2,0.34,32680.608,4,4,32680.606,0.0,0.0,0.0,0.002,96119.435294
1673794,IT,FR,PAPER,TEXT2,0.13,32678.37,4,4,32678.367,0.0,0.0,0.0,0.003,251372.076923
1733090,IT,SI,FABRI,LIGNI,0.13,32677.681,4,4,32677.679,0.0,0.0,0.0,0.002,251366.776923
1780750,IT,TW,RENTI,FOOD5,0.2,32677.66,4,4,32677.658,0.0,0.0,0.0,0.002,163388.3
1800891,IT,WE,PREC1,WOODW,0.06,32676.989,4,4,32676.987,0.0,0.0,0.0,0.002,544616.483333
1811714,IT,WM,ADDIT,RAWMI,0.08,32675.679,4,4,32675.676,0.0,0.0,0.0,0.003,408445.9875
1729747,IT,SE,MACHI,BIODI,0.18,32675.466,4,4,32675.463,0.0,0.0,0.0,0.003,181530.366667
1732934,IT,SI,ALUM1,PLAST,0.06,32675.176,4,4,32675.173,0.0,0.0,0.0,0.003,544586.266667
1718175,IT,PL,DAIRY,BEVER,0.13,32672.678,4,4,32672.676,0.0,0.0,0.0,0.002,251328.292308
1645460,IT,BE,NAPHT,RUBBE,0.06,32672.528,4,4,32672.526,0.0,0.0,0.0,0.002,544542.133333
1660693,IT,DE,RENTI,WOODW,0.2,32671.803,4,4,32671.801,0.0,0.0,0.0,0.002,163359.015
1741064,IT,US,TEXTI,MEDIC,0.19,32668.875,4,4,32668.871,0.0,0.0,0.0,0.004,171941.447368
1745382,IT,JP,VEGE1,CONST,0.1,32662.82,4,4,32662.813,0.0,0.0,0.0,0.007,326628.2
1752597,IT,CA,TEXTI,CEREA,0.19,32661.734,4,4,32661.73,0.0,0.0,0.0,0.004,171903.863158
1781400,IT,NO,FOOD5,PIGS9,0.16,32660.655,4,4,32660.652,0.0,0.0,0.0,0.003,204129.09375
1736818,IT,SK,COMPU,PUBLI,0.37,32660.529,4,4,32660.527,0.0,0.0,0.0,0.002,88271.7
1651650,IT,CY,BASIC,SECO9,0.04,32659.861,4,4,32659.859,0.0,0.0,0.0,0.002,816496.525
1805275,IT,WF,ADDIT,CROPS,0.08,32656.796,4,4,32656.793,0.0,0.0,0.0,0.003,408209.95
1665351,IT,ES,FISH5,EDUCA,0.14,32655.775,4,4,32655.758,0.0,0.0,0.0,0.017,233255.535714
1750721,IT,CN,MOTO1,RESEA,0.17,32651.3,4,4,32651.298,0.0,0.0,0.0,0.002,192066.470588
1739543,IT,GB,LANDT,MEMBE,0.21,32651.004,4,4,32651.002,0.0,0.0,0.0,0.002,155480.971429
1766117,IT,RU,RUBBE,GLASS,0.11,32650.396,4,4,32650.393,0.0,0.0,0.0,0.003,296821.781818
1659631,IT,DE,HOTEL,TRAN1,0.24,32649.639,4,4,32649.637,0.0,0.0,0.0,0.002,136040.1625
1736953,IT,GB,VEGET,WHOLE,0.12,32649.389,3,3,32649.389,0.0,0.0,0.0,0.0,272078.241667
1671903,IT,FI,HOTEL,RECRE,0.24,32648.891,4,4,32648.889,0.0,0.0,0.0,0.002,136037.045833
1658808,IT,DE,MOTO1,FOUND,0.17,32647.296,4,4,32647.294,0.0,0.0,0.0,0.002,192042.917647
1769240,IT,AU,RUBBE,MEAT4,0.11,32647.1,4,4,32647.097,0.0,0.0,0.0,0.003,296791.818182
1795188,IT,WL,GLASS,BITUM,0.09,32645.366,4,4,32645.364,0.0,0.0,0.0,0.002,362726.288889
1780994,IT,TW,BUSIN,COPP1,0.34,32643.545,4,4,32643.543,0.0,0.0,0.0,0.002,96010.426471
1690014,IT,IE,REALE,AUXIL,1.38,32643.294,4,4,32643.292,0.0,0.0,0.0,0.002,23654.56087
1689905,IT,IE,AUXIL,ELEC5,0.6,32642.946,4,4,32642.944,0.0,0.0,0.0,0.002,54404.91
1782542,IT,NO,OFFIC,EDUCA,0.1,32641.619,4,4,32641.617,0.0,0.0,0.0,0.002,326416.19
1652211,IT,CZ,PROCE,DAIRY,0.22,32640.894,4,4,32640.892,0.0,0.0,0.0,0.002,148367.7
1720775,IT,PL,TRANS,INLAN,0.19,32639.561,4,4,32639.559,0.0,0.0,0.0,0.002,171787.163158
1665198,IT,ES,FOOD5,LEATH,0.16,32639.051,4,4,32639.048,0.0,0.0,0.0,0.003,203994.06875
1640583,IT,AT,FOOD5,RENTI,0.16,32638.796,4,4,32638.793,0.0,0.0,0.0,0.003,203992.475
1725641,IT,RO,PULP5,MEMBE,0.1,32638.366,4,4,32638.363,0.0,0.0,0.0,0.003,326383.66
1757406,IT,BR,WOODW,ALUM1,0.09,32637.085,4,4,32637.083,0.0,0.0,0.0,0.002,362634.277778
1802713,IT,WE,COMPU,COMPU,0.37,32636.203,4,4,32636.201,0.0,0.0,0.0,0.002,88205.954054
1739127,IT,GB,WHOLE,REALE,0.28,32635.131,4,4,32635.129,0.0,0.0,0.0,0.002,116554.039286
1799686,IT,WE,MOTOR,ELE11,0.05,32632.726,4,4,32632.723,0.0,0.0,0.0,0.003,652654.52
1777597,IT,TR,ALUM1,LIQUE,0.06,32631.703,4,4,32631.7,0.0,0.0,0.0,0.003,543861.716667
1784353,IT,ID,RUBBE,RADIO,0.11,32631.016,4,4,32631.013,0.0,0.0,0.0,0.003,296645.6
1810942,IT,WM,GASDI,TEXTI,0.05,32630.06,4,4,32630.057,0.0,0.0,0.0,0.003,652601.2
1755775,IT,KR,GLASS,RECRE,0.09,32629.785,4,4,32629.783,0.0,0.0,0.0,0.002,362553.166667
1685968,IT,HU,BIOGA,LANDT,0.07,32629.324,4,4,32629.321,0.0,0.0,0.0,0.003,466133.2
1670580,IT,FI,TEXTI,COMPU,0.19,32628.159,4,4,32628.155,0.0,0.0,0.0,0.004,171727.152632
1767568,IT,RU,AIRTR,COMPU,0.04,32626.955,3,3,32626.955,0.0,0.0,0.0,0.0,815673.875
1723421,IT,PT,BASIC,PUBLI,0.04,32626.398,4,4,32626.396,0.0,0.0,0.0,0.002,815659.95
1812534,IT,WM,ALUM1,NFERT,0.06,32625.723,4,4,32625.72,0.0,0.0,0.0,0.003,543762.05
1736867,IT,SK,BUSIN,ALUM1,0.34,32625.711,4,4,32625.709,0.0,0.0,0.0,0.002,95957.973529
1728506,IT,SE,WOODW,ELECT,0.09,32625.685,4,4,32625.683,0.0,0.0,0.0,0.002,362507.611111
1670836,IT,FI,NONSP,WOODW,0.04,32622.986,4,4,32622.984,0.0,0.0,0.0,0.002,815574.65
1741121,IT,US,WEARI,DIST1,0.25,32622.303,4,4,32622.297,0.0,0.0,0.0,0.006,130489.212
1782253,IT,NO,ALUM1,NONME,0.06,32621.055,4,4,32621.052,0.0,0.0,0.0,0.003,543684.25
1766140,IT,RU,RUBBE,ELEC2,0.11,32619.539,4,4,32619.536,0.0,0.0,0.0,0.003,296541.263636
1800567,IT,WE,RUBBE,PRIVA,0.11,32618.95,4,4,32618.947,0.0,0.0,0.0,0.003,296535.909091
1718031,IT,PL,CHEMI,CONST,0.08,32618.066,5,5,32616.063,0.0,0.0,2.0,0.003,407725.825
1807198,IT,WF,AIRTR,INLAN,0.04,32618.001,3,3,32618.001,0.0,0.0,0.0,0.0,815450.025
1785598,IT,ZA,GASDI,ELEC6,0.05,32617.668,4,4,32617.665,0.0,0.0,0.0,0.003,652353.36
1651635,IT,CY,BASIC,PAPER,0.04,32616.162,4,4,32616.16,0.0,0.0,0.0,0.002,815404.05
1711423,IT,LU,HOTEL,FINAN,0.24,32616.041,4,4,32616.039,0.0,0.0,0.0,0.002,135900.170833
1788052,IT,WA,TEXTI,DISTR,0.19,32615.362,4,4,32615.358,0.0,0.0,0.0,0.004,171659.8
1647241,IT,BE,LANDT,PREC1,0.21,32614.17,4,4,32614.168,0.0,0.0,0.0,0.002,155305.571429
1721239,IT,PL,LANDT,LUBRI,0.21,32613.078,4,4,32613.076,0.0,0.0,0.0,0.002,155300.371429
1674444,IT,FR,ADDIT,BITU1,0.08,32613.065,4,4,32613.062,0.0,0.0,0.0,0.003,407663.3125
1760862,IT,IN,GASDI,WHEAT,0.05,32612.844,4,4,32612.841,0.0,0.0,0.0,0.003,652256.88
1649416,IT,BG,CHEM1,PFERT,0.07,32612.528,4,4,32612.524,0.0,0.0,0.0,0.004,465893.257143
1728484,IT,SE,LEATH,MEMBE,0.23,32611.215,4,4,32611.209,0.0,0.0,0.0,0.006,141787.891304
1757580,IT,BR,GASDI,VEGE1,0.05,32610.243,4,4,32610.24,0.0,0.0,0.0,0.003,652204.86
1640757,IT,AT,TEXTI,FURNI,0.19,32609.767,4,4,32609.763,0.0,0.0,0.0,0.004,171630.352632
1786093,IT,ZA,NONME,BASIC,0.07,32608.991,4,4,32608.987,0.0,0.0,0.0,0.004,465842.728571
1646949,IT,BE,WHOLE,COMPU,0.28,32607.437,4,4,32607.435,0.0,0.0,0.0,0.002,116455.132143
1658806,IT,DE,MOTO1,COPP1,0.17,32603.895,4,4,32603.893,0.0,0.0,0.0,0.002,191787.617647
1743300,IT,US,FURNI,AIRTR,0.1,32601.23,4,4,32601.227,0.0,0.0,0.0,0.003,326012.3
1682536,IT,HR,MOTOR,FORES,0.05,32600.462,4,4,32600.459,0.0,0.0,0.0,0.003,652009.24
1710499,IT,LT,SEACO,GASDI,0.03,32598.239,3,3,32598.239,0.0,0.0,0.0,0.0,1086607.966667
1783382,IT,NO,PLAS1,RESEA,0.12,32597.818,4,4,32597.816,0.0,0.0,0.0,0.002,271648.483333
1729778,IT,SE,MACHI,STEAM,0.18,32595.963,4,4,32595.96,0.0,0.0,0.0,0.003,181088.683333
1745940,IT,JP,WOODW,PRINT,0.09,32595.583,4,4,32595.581,0.0,0.0,0.0,0.002,362173.144444
1657591,IT,DE,GLASS,ELEC8,0.09,32595.298,4,4,32595.296,0.0,0.0,0.0,0.002,362169.977778
1769737,IT,AU,MACHI,SUGA1,0.18,32593.214,4,4,32593.211,0.0,0.0,0.0,0.003,181073.411111
1657968,IT,DE,BASIC,SEACO,0.04,32592.559,4,4,32592.557,0.0,0.0,0.0,0.002,814813.975
1788577,IT,WA,PAPER,BLAST,0.13,32590.916,4,4,32590.913,0.0,0.0,0.0,0.003,250699.353846
1640129,IT,AT,CEREA,PIGS9,0.05,32590.168,4,4,32590.166,0.0,0.0,0.0,0.002,651803.36
1814246,IT,WM,POSTT,GASDI,0.54,32589.271,4,4,32589.269,0.0,0.0,0.0,0.002,60350.501852
1737205,IT,GB,DAIRY,MEMBE,0.13,32588.886,4,4,32588.884,0.0,0.0,0.0,0.002,250683.738462
1776939,IT,TR,PLAST,RETAI,0.07,32588.663,4,4,32588.66,0.0,0.0,0.0,0.003,465552.328571
1794113,IT,WL,PAPER,MEDIC,0.13,32587.133,4,4,32587.13,0.0,0.0,0.0,0.003,250670.253846
1664284,IT,EE,BASIC,INERT,0.04,32586.52,4,4,32586.518,0.0,0.0,0.0,0.002,814663.0
1797514,IT,WL,BUSIN,CHARC,0.33,32585.54,4,4,32585.538,0.0,0.0,0.0,0.002,98744.060606
1813116,IT,WM,MOTO1,MEAT4,0.17,32585.244,4,4,32585.242,0.0,0.0,0.0,0.002,191677.905882
1710308,IT,LT,FURNI,OFFIC,0.1,32585.15,4,4,32585.147,0.0,0.0,0.0,0.003,325851.5
1657551,IT,DE,GLASS,GASDI,0.09,32583.938,4,4,32583.936,0.0,0.0,0.0,0.002,362043.755556
1733859,IT,SI,SEACO,DAIRY,0.03,32582.621,3,3,32582.621,0.0,0.0,0.0,0.0,1086087.366667
1668904,IT,ES,SEACO,HOTEL,0.03,32581.761,3,3,32581.761,0.0,0.0,0.0,0.0,1086058.7
1772774,IT,CH,NONME,PLAST,0.07,32580.34,4,4,32580.336,0.0,0.0,0.0,0.004,465433.428571
1644640,IT,BE,FOOD5,COMPU,0.16,32578.917,4,4,32578.914,0.0,0.0,0.0,0.003,203618.23125
1720165,IT,PL,COPP1,BIODI,0.08,32578.392,4,4,32578.39,0.0,0.0,0.0,0.002,407229.9
1776579,IT,TR,GASDI,CRUDE,0.05,32575.298,4,4,32575.295,0.0,0.0,0.0,0.003,651505.96
1720153,IT,PL,COPP1,COKEO,0.08,32575.133,4,4,32575.131,0.0,0.0,0.0,0.002,407189.1625
1814469,IT,WM,COMPU,INSUR,0.37,32568.765,4,4,32568.763,0.0,0.0,0.0,0.002,88023.689189
1666673,IT,ES,ADDIT,EDUCA,0.08,32568.36,4,4,32568.357,0.0,0.0,0.0,0.003,407104.5
1768665,IT,AU,TEXTI,CHEM1,0.19,32568.252,4,4,32568.248,0.0,0.0,0.0,0.004,171411.852632
1774496,IT,CH,LANDT,SECO9,0.21,32567.837,4,4,32567.835,0.0,0.0,0.0,0.002,155084.938095
1747155,IT,JP,CONST,CERAM,0.18,32566.999,4,4,32566.997,0.0,0.0,0.0,0.002,180927.772222
1653186,IT,CZ,CHEM1,PAPE4,0.07,32566.467,4,4,32566.463,0.0,0.0,0.0,0.004,465235.242857
1743412,IT,US,SALEM,SEWAG,0.26,32565.167,4,4,32565.165,0.0,0.0,0.0,0.002,125250.642308
1664641,IT,EE,LANDT,MACHI,0.21,32563.258,4,4,32563.256,0.0,0.0,0.0,0.002,155063.133333
1805140,IT,WF,PFERT,MEAT4,0.01,32563.062,4,4,32563.057,0.0,0.0,0.0,0.005,3256306.2
1804701,IT,WF,LIQUE,FOUND,0.06,32562.657,4,4,32562.654,0.0,0.0,0.0,0.003,542710.95
1674333,IT,FR,CHEM1,MEAT4,0.07,32561.755,4,4,32561.751,0.0,0.0,0.0,0.004,465167.928571
1745895,IT,JP,LEATH,LANDT,0.23,32561.153,4,4,32561.147,0.0,0.0,0.0,0.006,141570.230435
1641877,IT,AT,BIODI,BEVER,0.07,32560.835,4,4,32560.831,0.0,0.0,0.0,0.004,465154.785714
1813241,IT,WM,TRANS,WEARI,0.19,32558.86,4,4,32558.858,0.0,0.0,0.0,0.002,171362.421053
1810544,IT,WM,PAPER,MACHI,0.13,32558.086,4,4,32558.083,0.0,0.0,0.0,0.003,250446.815385
1779564,IT,TR,COMPU,CERAM,0.37,32557.296,4,4,32557.294,0.0,0.0,0.0,0.002,87992.691892
1641003,IT,AT,WOODW,INTER,0.09,32556.158,4,4,32556.156,0.0,0.0,0.0,0.002,361735.088889
1752418,IT,CA,VEGE1,MEDIC,0.1,32554.797,4,4,32554.79,0.0,0.0,0.0,0.007,325547.97
1752320,IT,CA,CHEMI,RETA1,0.08,32552.456,5,5,32550.453,0.0,0.0,2.0,0.003,406905.7
1799847,IT,WE,GASDI,MOTOR,0.05,32552.328,4,4,32552.325,0.0,0.0,0.0,0.003,651046.56
1713636,IT,MT,ALUM1,MEATP,0.06,32551.132,4,4,32551.129,0.0,0.0,0.0,0.003,542518.866667
1722715,IT,PT,WOODW,CERAM,0.09,32550.28,4,4,32550.278,0.0,0.0,0.0,0.002,361669.777778
1804710,IT,WF,LIQUE,ELEC6,0.06,32549.124,4,4,32549.121,0.0,0.0,0.0,0.003,542485.4
1671304,IT,FI,ALUM1,AVIAT,0.06,32547.542,4,4,32547.539,0.0,0.0,0.0,0.003,542459.033333
1678858,IT,GR,FISH5,MEATP,0.14,32546.173,4,4,32546.156,0.0,0.0,0.0,0.017,232472.664286
1657711,IT,DE,CEMEN,SANDC,0.05,32545.662,3,3,32545.662,0.0,0.0,0.0,0.0,650913.24
1686870,IT,HU,FABRI,FOOD4,0.13,32545.016,4,4,32545.014,0.0,0.0,0.0,0.002,250346.276923
1721258,IT,PL,LANDT,LEAD1,0.21,32543.297,4,4,32543.295,0.0,0.0,0.0,0.002,154968.080952
1683912,IT,HR,FURNI,ELECT,0.1,32542.767,4,4,32542.764,0.0,0.0,0.0,0.003,325427.67
1750150,IT,CN,PREC1,TRAN1,0.06,32542.714,3,3,32542.714,0.0,0.0,0.0,0.0,542378.566667
1737729,IT,GB,GASDI,PUBLI,0.05,32542.579,4,4,32542.576,0.0,0.0,0.0,0.003,650851.58
1677748,IT,FR,COMPU,DAIRY,0.37,32541.595,4,4,32541.593,0.0,0.0,0.0,0.002,87950.256757
1713169,IT,MT,TEXTI,FISHF,0.19,32540.09,4,4,32540.086,0.0,0.0,0.0,0.004,171263.631579
1712060,IT,LV,BEVER,DAIRY,0.14,32538.714,4,4,32538.712,0.0,0.0,0.0,0.002,232419.385714
1651307,IT,CY,TEXTI,REALE,0.19,32538.418,4,4,32538.414,0.0,0.0,0.0,0.004,171254.831579
1640959,IT,AT,WOODW,CERAM,0.09,32533.075,4,4,32533.073,0.0,0.0,0.0,0.002,361478.611111
1746241,IT,JP,CHEM1,PLAST,0.07,32529.258,4,4,32529.254,0.0,0.0,0.0,0.004,464703.685714
1810678,IT,WM,MOTOR,LEATH,0.05,32527.977,4,4,32527.974,0.0,0.0,0.0,0.003,650559.54
1814483,IT,WM,RESEA,NATUR,0.18,32523.795,4,4,32523.793,0.0,0.0,0.0,0.002,180687.75
1809272,IT,WM,CRUDE,RETA1,0.06,32522.018,4,4,32522.015,0.0,0.0,0.0,0.003,542033.633333
1689512,IT,IE,LANDT,RETA1,0.21,32521.923,4,4,32521.921,0.0,0.0,0.0,0.002,154866.3
1735180,IT,SK,RUBBE,BIODI,0.11,32521.464,4,4,32521.461,0.0,0.0,0.0,0.003,295649.672727
1720425,IT,PL,MACHI,REFI1,0.18,32520.801,4,4,32520.798,0.0,0.0,0.0,0.003,180671.116667
1803115,IT,WF,VEGET,LEATH,0.12,32520.29,3,3,32520.29,0.0,0.0,0.0,0.0,271002.416667
1675314,IT,FR,FABRI,FOOD1,0.13,32520.165,4,4,32520.163,0.0,0.0,0.0,0.002,250155.115385
1759065,IT,BR,SEACO,ELECT,0.03,32519.709,3,3,32519.709,0.0,0.0,0.0,0.0,1083990.3
1681986,IT,HR,FOOD5,REALE,0.16,32518.025,4,4,32518.022,0.0,0.0,0.0,0.003,203237.65625
1770495,IT,AU,AIRTR,FURNI,0.04,32517.762,3,3,32517.762,0.0,0.0,0.0,0.0,812944.05
1723600,IT,PT,FABRI,FOUND,0.13,32516.086,4,4,32516.084,0.0,0.0,0.0,0.002,250123.738462
1773992,IT,CH,SALEM,93197,0.26,32512.454,4,4,32512.452,0.0,0.0,0.0,0.002,125047.9
1650831,IT,BG,LANDT,CHEM1,0.21,32510.314,4,4,32510.312,0.0,0.0,0.0,0.002,154811.019048
1646287,IT,BE,COPP1,OFFIC,0.08,32508.37,4,4,32508.368,0.0,0.0,0.0,0.002,406354.625
1740771,IT,US,MEAT4,WHOLE,0.18,32507.871,4,4,32507.869,0.0,0.0,0.0,0.002,180599.283333
1711632,IT,LU,REALE,RENTI,1.37,32507.148,4,4,32507.146,0.0,0.0,0.0,0.002,23727.845255
1757786,IT,BR,PLAST,NONME,0.07,32505.544,4,4,32505.541,0.0,0.0,0.0,0.003,464364.914286
1642576,IT,AT,FABRI,OILSE,0.13,32502.936,4,4,32502.934,0.0,0.0,0.0,0.002,250022.584615
1659579,IT,DE,HOTEL,FISH5,0.24,32502.7,4,4,32502.698,0.0,0.0,0.0,0.002,135427.916667
1731820,IT,SI,PAPER,LANDT,0.13,32502.235,4,4,32502.232,0.0,0.0,0.0,0.003,250017.192308
1647411,IT,BE,AIRTR,BIODI,0.04,32502.169,3,3,32502.169,0.0,0.0,0.0,0.0,812554.225
1766167,IT,RU,RUBBE,COMPU,0.11,32500.919,4,4,32500.916,0.0,0.0,0.0,0.003,295462.9
1652485,IT,CZ,WEARI,NFERT,0.24,32499.328,4,4,32499.322,0.0,0.0,0.0,0.006,135413.866667
1786641,IT,ZA,WHOLE,BEVER,0.28,32497.036,4,4,32497.034,0.0,0.0,0.0,0.002,116060.842857
1740186,IT,GB,BUSIN,MEATP,0.33,32496.914,4,4,32496.912,0.0,0.0,0.0,0.002,98475.49697
1672044,IT,FI,AIRTR,SALEM,0.04,32493.438,3,3,32493.438,0.0,0.0,0.0,0.0,812335.95
1655869,IT,DE,DAIRY,VEGE1,0.13,32493.006,4,4,32493.004,0.0,0.0,0.0,0.002,249946.2
1656831,IT,DE,GASDI,COMPU,0.05,32492.583,4,4,32492.58,0.0,0.0,0.0,0.003,649851.66
1798600,IT,WE,MEATP,HOTEL,0.13,32492.295,4,4,32492.291,0.0,0.0,0.0,0.004,249940.730769
1778092,IT,TR,MOTO1,PREC1,0.17,32489.745,4,4,32489.743,0.0,0.0,0.0,0.002,191116.147059
1683217,IT,HR,CERAM,SANDC,0.05,32487.465,4,4,32487.463,0.0,0.0,0.0,0.002,649749.3
1667421,IT,ES,COPP1,HOTEL,0.08,32487.13,4,4,32487.128,0.0,0.0,0.0,0.002,406089.125
1682627,IT,HR,KEROS,BRICK,0.05,32485.158,4,4,32485.155,0.0,0.0,0.0,0.003,649703.16
1651801,IT,CY,WHOLE,SEACO,0.28,32485.083,4,4,32485.081,0.0,0.0,0.0,0.002,116018.153571
1658892,IT,DE,TRANS,HEALT,0.19,32482.293,4,4,32482.291,0.0,0.0,0.0,0.002,170959.436842
1775859,IT,TR,DAIRY,FOOD5,0.13,32480.21,4,4,32480.208,0.0,0.0,0.0,0.002,249847.769231
1640485,IT,AT,DAIRY,SUPPO,0.13,32479.299,4,4,32479.297,0.0,0.0,0.0,0.002,249840.761538
1797117,IT,WL,POSTT,PRINT,0.53,32478.569,4,4,32478.567,0.0,0.0,0.0,0.002,61280.318868
1724893,IT,PT,BUSIN,TRANS,0.33,32477.198,4,4,32477.196,0.0,0.0,0.0,0.002,98415.751515
1687731,IT,HU,SUPPO,CEMEN,0.23,32475.433,4,4,32475.431,0.0,0.0,0.0,0.002,141197.534783
1811164,IT,WM,NAPHT,BRICK,0.06,32474.123,4,4,32474.121,0.0,0.0,0.0,0.002,541235.383333
1783541,IT,NO,OILHA,INERT,0.19,32473.605,4,4,32473.603,0.0,0.0,0.0,0.002,170913.710526
1787723,IT,WA,VEGE1,LEAD1,0.1,32473.578,4,4,32473.571,0.0,0.0,0.0,0.007,324735.78
1657052,IT,DE,NONSP,DAIRY,0.04,32473.34,4,4,32473.338,0.0,0.0,0.0,0.002,811833.5
1665730,IT,ES,PAPER,PFERT,0.13,32471.493,4,4,32471.49,0.0,0.0,0.0,0.003,249780.715385
1756451,IT,KR,CONST,FURNI,0.18,32471.084,4,4,32471.082,0.0,0.0,0.0,0.002,180394.911111
1738745,IT,GB,MACHI,PLAS2,0.18,32471.062,4,4,32471.059,0.0,0.0,0.0,0.003,180394.788889
1721315,IT,PL,LANDT,FOOD2,0.21,32470.492,4,4,32470.49,0.0,0.0,0.0,0.002,154621.390476
1787476,IT,WA,SANDC,PRECI,0.07,32470.191,4,4,32463.191,0.0,0.0,7.0,0.0,463859.871429
1737347,IT,GB,BEVER,RAILW,0.14,32469.32,4,4,32469.318,0.0,0.0,0.0,0.002,231923.714286
1781487,IT,NO,BEVER,RESEA,0.14,32469.195,4,4,32469.193,0.0,0.0,0.0,0.002,231922.821429
1779099,IT,TR,SUPPO,MOTO1,0.23,32468.09,4,4,32468.088,0.0,0.0,0.0,0.002,141165.608696
1679690,IT,GR,CERAM,REALE,0.05,32468.086,4,4,32468.084,0.0,0.0,0.0,0.002,649361.72
1766336,IT,RU,NONME,ELEC2,0.07,32467.084,4,4,32467.08,0.0,0.0,0.0,0.004,463815.485714
1809082,IT,WM,CROPS,NATUR,0.26,32466.871,4,4,32466.869,0.0,0.0,0.0,0.002,124872.580769
1723861,IT,PT,TRANS,WHOLE,0.19,32464.901,4,4,32464.899,0.0,0.0,0.0,0.002,170867.9
1784680,IT,ID,MOTO1,WHOLE,0.17,32461.222,4,4,32461.22,0.0,0.0,0.0,0.002,190948.364706
1801062,IT,WE,COPP1,GASDI,0.08,32461.02,4,4,32461.018,0.0,0.0,0.0,0.002,405762.75
1680962,IT,GR,SEACO,RECRE,0.03,32460.733,3,3,32460.733,0.0,0.0,0.0,0.0,1082024.433333
1775710,IT,TR,CROPS,PUBLI,0.26,32458.765,4,4,32458.763,0.0,0.0,0.0,0.002,124841.403846
1776677,IT,TR,HEAVY,PARAF,0.05,32457.651,4,4,32457.648,0.0,0.0,0.0,0.003,649153.02
1725100,IT,RO,ALUMI,ALUM1,0.05,32456.287,4,4,32456.284,0.0,0.0,0.0,0.003,649125.74
1733321,IT,SI,MOTO1,REALE,0.17,32456.271,4,4,32456.269,0.0,0.0,0.0,0.002,190919.241176
1650612,IT,BG,ELE11,CRUDE,0.48,32454.505,4,4,32454.488,0.0,0.0,0.0,0.017,67613.552083
1737908,IT,GB,CHEM1,VEGE1,0.07,32453.49,4,4,32453.486,0.0,0.0,0.0,0.004,463621.285714
1724836,IT,PT,BUSIN,FORES,0.33,32452.453,4,4,32452.451,0.0,0.0,0.0,0.002,98340.766667
1745393,IT,JP,VEGE1,FINAN,0.1,32452.243,4,4,32452.236,0.0,0.0,0.0,0.007,324522.43
1663628,IT,DK,BUSIN,MEDIC,0.33,32450.743,4,4,32450.741,0.0,0.0,0.0,0.002,98335.584848
1651819,IT,CY,HOTEL,HOTEL,0.24,32449.973,4,4,32449.971,0.0,0.0,0.0,0.002,135208.220833
1725355,IT,RO,TEXTI,CROPS,0.19,32449.549,4,4,32449.545,0.0,0.0,0.0,0.004,170787.1
1791517,IT,WA,RETA1,MEAT4,0.34,32446.921,4,4,32446.919,0.0,0.0,0.0,0.002,95432.120588
1640737,IT,AT,TEXTI,GLASS,0.19,32444.701,4,4,32444.697,0.0,0.0,0.0,0.004,170761.584211
1800317,IT,WE,PFERT,PRINT,0.01,32442.504,4,4,32442.499,0.0,0.0,0.0,0.005,3244250.4
1811556,IT,WM,PFERT,PLAST,0.01,32441.586,4,4,32441.581,0.0,0.0,0.0,0.005,3244158.6
1773007,IT,CH,ALUM1,CHEMI,0.06,32441.091,4,4,32441.088,0.0,0.0,0.0,0.003,540684.85
1713431,IT,MT,PLAST,FURNI,0.07,32439.926,4,4,32439.923,0.0,0.0,0.0,0.003,463427.514286
1654061,IT,CZ,MACHI,OILHA,0.18,32439.815,4,4,32439.812,0.0,0.0,0.0,0.003,180221.194444
1731434,IT,SI,FOOD5,FINAN,0.16,32438.231,4,4,32438.228,0.0,0.0,0.0,0.003,202738.94375
1714873,IT,NL,BEVER,POULT,0.14,32437.089,4,4,32437.087,0.0,0.0,0.0,0.002,231693.492857
1752616,IT,CA,TEXTI,PULP5,0.19,32436.689,4,4,32436.685,0.0,0.0,0.0,0.004,170719.415789
1803798,IT,WF,TEXTI,TOBAC,0.19,32435.776,4,4,32435.772,0.0,0.0,0.0,0.004,170714.610526
1793853,IT,WL,TEXTI,FABRI,0.19,32435.534,4,4,32435.53,0.0,0.0,0.0,0.004,170713.336842
1780434,IT,TW,SUPPO,MOTO1,0.23,32433.987,4,4,32433.985,0.0,0.0,0.0,0.002,141017.334783
1782378,IT,NO,FABRI,ELEC4,0.13,32431.855,4,4,32431.853,0.0,0.0,0.0,0.002,249475.807692
1744937,IT,US,BUSIN,ELEC5,0.33,32431.283,4,4,32431.281,0.0,0.0,0.0,0.002,98276.615152
1648237,IT,BE,BUSIN,TRAN2,0.33,32429.171,4,4,32429.169,0.0,0.0,0.0,0.002,98270.215152
1717153,IT,NL,INLAN,RESEA,0.05,32426.517,4,4,32426.515,0.0,0.0,0.0,0.002,648530.34
1811234,IT,WM,LUBRI,KEROS,0.04,32426.146,4,4,32426.144,0.0,0.0,0.0,0.002,810653.65
1669431,IT,ES,INSUR,RETA1,0.67,32420.359,4,4,32420.357,0.0,0.0,0.0,0.002,48388.595522
1739379,IT,GB,RAILW,LANDT,0.22,32420.185,3,3,32420.185,0.0,0.0,0.0,0.0,147364.477273
1682790,IT,HR,HEAVY,PULP5,0.05,32420.114,4,4,32420.111,0.0,0.0,0.0,0.003,648402.28
1687490,IT,HU,LANDT,FORES,0.21,32416.643,4,4,32416.641,0.0,0.0,0.0,0.002,154364.966667
1768941,IT,AU,PAPER,FOOD5,0.13,32414.056,4,4,32414.053,0.0,0.0,0.0,0.003,249338.892308
1752824,IT,CA,PAPER,MACHI,0.13,32411.437,4,4,32411.434,0.0,0.0,0.0,0.003,249318.746154
1716580,IT,NL,SALEM,TEXTI,0.26,32411.34,4,4,32411.338,0.0,0.0,0.0,0.002,124659.0
1655969,IT,DE,FOOD5,WOODW,0.16,32410.105,4,4,32410.102,0.0,0.0,0.0,0.003,202563.15625
1688350,IT,IE,DAIRY,RENTI,0.13,32409.995,4,4,32409.993,0.0,0.0,0.0,0.002,249307.653846
1811168,IT,WM,NAPHT,ALUM1,0.06,32408.868,4,4,32408.866,0.0,0.0,0.0,0.002,540147.8
1640776,IT,AT,TEXTI,RENTI,0.19,32407.653,4,4,32407.649,0.0,0.0,0.0,0.004,170566.594737
1686484,IT,HU,PREC1,GASDI,0.06,32406.739,3,3,32406.739,0.0,0.0,0.0,0.0,540112.316667
1686045,IT,HU,RUBBE,OILSE,0.11,32406.393,4,4,32406.39,0.0,0.0,0.0,0.003,294603.572727
1794737,IT,WL,PARAF,HEAVY,0.05,32402.762,4,4,32402.76,0.0,0.0,0.0,0.002,648055.24
1729631,IT,SE,FABRI,PULP5,0.13,32401.342,4,4,32401.34,0.0,0.0,0.0,0.002,249241.092308
1657852,IT,DE,NONME,FOOD2,0.07,32399.955,4,4,32399.951,0.0,0.0,0.0,0.004,462856.5
1732079,IT,SI,KERO1,FOOD5,0.05,32399.747,4,4,32399.744,0.0,0.0,0.0,0.003,647994.94
1761233,IT,IN,RUBBE,NATUR,0.11,32398.064,4,4,32398.061,0.0,0.0,0.0,0.003,294527.854545
1661382,IT,DK,MEAT4,FISH5,0.18,32398.035,4,4,32398.033,0.0,0.0,0.0,0.002,179989.083333
1659872,IT,DE,LANDT,FINAN,0.21,32397.812,4,4,32397.81,0.0,0.0,0.0,0.002,154275.295238
1763524,IT,MX,CHEM1,MEATC,0.07,32394.081,4,4,32394.077,0.0,0.0,0.0,0.004,462772.585714
1651132,IT,BG,COMPU,BUSIN,0.37,32392.194,4,4,32392.192,0.0,0.0,0.0,0.002,87546.47027
1673841,IT,FR,PRINT,COLLE,0.31,32391.167,4,4,32391.165,0.0,0.0,0.0,0.002,104487.635484
1684168,IT,HR,LANDT,ELECT,0.21,32389.687,4,4,32389.685,0.0,0.0,0.0,0.002,154236.604762
1716610,IT,NL,SALEM,CONST,0.26,32389.097,4,4,32389.095,0.0,0.0,0.0,0.002,124573.45
1747595,IT,JP,AIRTR,ELEC6,0.04,32388.203,3,3,32388.203,0.0,0.0,0.0,0.0,809705.075
1667392,IT,ES,COPP1,PREC1,0.08,32387.922,4,4,32387.92,0.0,0.0,0.0,0.002,404849.025
1781849,IT,NO,PLAST,WHOLE,0.07,32387.615,4,4,32387.612,0.0,0.0,0.0,0.003,462680.214286
1785346,IT,ZA,WOODW,PULP5,0.09,32386.986,4,4,32386.984,0.0,0.0,0.0,0.002,359855.4
1756173,IT,KR,MACHI,KERO1,0.18,32384.916,4,4,32384.913,0.0,0.0,0.0,0.003,179916.2
1765755,IT,RU,PRINT,WHOLE,0.31,32381.62,4,4,32381.618,0.0,0.0,0.0,0.002,104456.83871
1662258,IT,DK,CERAM,MOTO1,0.05,32381.131,4,4,32381.129,0.0,0.0,0.0,0.002,647622.62
1788859,IT,WA,GASDI,PLAST,0.05,32380.969,4,4,32380.966,0.0,0.0,0.0,0.003,647619.38
1735296,IT,SK,GLASS,DIST1,0.09,32380.509,4,4,32380.507,0.0,0.0,0.0,0.002,359783.433333
1717033,IT,NL,LANDT,NONF1,0.21,32380.198,4,4,32380.196,0.0,0.0,0.0,0.002,154191.419048
1685498,IT,HU,PAPER,MEAT4,0.13,32379.803,4,4,32379.8,0.0,0.0,0.0,0.003,249075.407692
1722991,IT,PT,PARAF,DIST1,0.05,32377.504,4,4,32377.502,0.0,0.0,0.0,0.002,647550.08
1729652,IT,SE,FABRI,FOUND,0.13,32375.847,4,4,32375.845,0.0,0.0,0.0,0.002,249044.976923
1646677,IT,BE,FURNI,TRANS,0.1,32374.878,4,4,32374.875,0.0,0.0,0.0,0.003,323748.78
1757598,IT,BR,GASDI,PETRO,0.05,32373.875,4,4,32373.872,0.0,0.0,0.0,0.003,647477.5
1715780,IT,NL,BIODI,RESEA,0.07,32373.627,4,4,32373.623,0.0,0.0,0.0,0.004,462480.385714
1743760,IT,US,LANDT,LUBRI,0.21,32373.587,4,4,32373.585,0.0,0.0,0.0,0.002,154159.938095
1661978,IT,DK,PETRO,CHEM1,0.05,32373.217,4,4,32373.214,0.0,0.0,0.0,0.003,647464.34
1782357,IT,NO,FABRI,PLAST,0.13,32370.823,4,4,32370.821,0.0,0.0,0.0,0.002,249006.330769
1724378,IT,PT,SEACO,RENTI,0.03,32370.349,3,3,32370.349,0.0,0.0,0.0,0.0,1079011.633333
1687374,IT,HU,HOTEL,CHEM1,0.23,32366.934,4,4,32366.932,0.0,0.0,0.0,0.002,140725.8
1664399,IT,EE,MACHI,PAPER,0.18,32366.46,4,4,32366.457,0.0,0.0,0.0,0.003,179813.666667
1796088,IT,WL,TRANS,NFERT,0.19,32365.126,4,4,32365.124,0.0,0.0,0.0,0.002,170342.768421
1756482,IT,KR,CONST,RECRE,0.18,32363.277,4,4,32363.275,0.0,0.0,0.0,0.002,179795.983333
1682986,IT,HR,CHEM1,MEAT1,0.07,32359.76,4,4,32359.756,0.0,0.0,0.0,0.004,462282.285714
1779054,IT,TR,AIRTR,RENTI,0.04,32357.58,3,3,32357.58,0.0,0.0,0.0,0.0,808939.5
1652084,IT,CZ,SANDC,NFERT,0.07,32356.85,4,4,32349.85,0.0,0.0,7.0,0.0,462240.714286
1766740,IT,RU,MACHI,NATU1,0.18,32349.246,4,4,32349.243,0.0,0.0,0.0,0.003,179718.033333
1780253,IT,TW,LANDT,TEXTI,0.21,32348.641,4,4,32348.639,0.0,0.0,0.0,0.002,154041.147619
1688332,IT,IE,VEGE1,FOOD4,0.1,32347.095,4,4,32347.088,0.0,0.0,0.0,0.007,323470.95
1651778,IT,CY,OFFIC,COMPU,0.1,32347.006,4,4,32347.004,0.0,0.0,0.0,0.002,323470.06
1658116,IT,DE,ALUM1,LIQUE,0.06,32346.383,4,4,32346.38,0.0,0.0,0.0,0.003,539106.383333
1808928,IT,WM,CEREA,GASDI,0.05,32345.862,4,4,32345.86,0.0,0.0,0.0,0.002,646917.24
1758518,IT,BR,MACHI,ELEC4,0.18,32345.303,4,4,32345.3,0.0,0.0,0.0,0.003,179696.127778
1712995,IT,MT,SANDC,TRANS,0.07,32345.195,4,4,32338.195,0.0,0.0,7.0,0.0,462074.214286
1642788,IT,AT,MACHI,EDUCA,0.18,32344.778,4,4,32344.775,0.0,0.0,0.0,0.003,179693.211111
1714422,IT,NL,VEGET,HEALT,0.11,32344.307,3,3,32344.307,0.0,0.0,0.0,0.0,294039.154545
1770930,IT,CH,CEREA,PAPE1,0.05,32342.46,4,4,32342.458,0.0,0.0,0.0,0.002,646849.2
1685204,IT,HU,FISH5,PAPER,0.14,32342.36,4,4,32342.343,0.0,0.0,0.0,0.017,231016.857143
1769815,IT,AU,MACHI,AIRTR,0.18,32340.795,4,4,32340.792,0.0,0.0,0.0,0.003,179671.083333
1712203,IT,LV,PAPER,FORES,0.13,32340.69,4,4,32340.687,0.0,0.0,0.0,0.003,248774.538462
1779661,IT,TR,RESEA,CEMEN,0.18,32335.92,4,4,32335.918,0.0,0.0,0.0,0.002,179644.0
1666717,IT,ES,RUBBE,MEAT4,0.11,32334.17,4,4,32334.167,0.0,0.0,0.0,0.003,293947.0
1749144,IT,CN,WOODW,COMPU,0.09,32332.778,4,4,32332.776,0.0,0.0,0.0,0.002,359253.088889
1641900,IT,AT,BIODI,MOTO1,0.07,32332.433,4,4,32332.429,0.0,0.0,0.0,0.004,461891.9
1718759,IT,PL,PAPER,VEGET,0.13,32332.17,4,4,32332.167,0.0,0.0,0.0,0.003,248709.0
1803052,IT,WF,CEREA,WOODW,0.05,32329.241,4,4,32329.239,0.0,0.0,0.0,0.002,646584.82
1655384,IT,DE,CROPS,TEXTI,0.26,32328.809,4,4,32328.807,0.0,0.0,0.0,0.002,124341.573077
1654785,IT,CZ,SUPPO,WOODW,0.23,32328.564,4,4,32328.562,0.0,0.0,0.0,0.002,140558.973913
1778112,IT,TR,MOTO1,RETA1,0.17,32323.927,4,4,32323.925,0.0,0.0,0.0,0.002,190140.747059
1798364,IT,WE,ANIMA,REALE,0.13,32323.858,4,4,32323.856,0.0,0.0,0.0,0.002,248645.061538
1672782,IT,FR,MEATP,SUGA1,0.13,32323.768,4,4,32323.765,0.0,0.0,0.0,0.003,248644.369231
1713530,IT,MT,GLASS,TRANS,0.09,32321.798,4,4,32321.796,0.0,0.0,0.0,0.002,359131.088889
1683779,IT,HR,MACHI,EDUCA,0.18,32321.634,4,4,32321.631,0.0,0.0,0.0,0.003,179564.633333
1713105,IT,MT,FOOD5,CHEM1,0.16,32318.789,4,4,32318.786,0.0,0.0,0.0,0.003,201992.43125
1661364,IT,DK,MEATP,MEATP,0.13,32318.113,4,4,32318.11,0.0,0.0,0.0,0.003,248600.869231
1813162,IT,WM,MOTO1,OFFIC,0.17,32317.936,4,4,32317.934,0.0,0.0,0.0,0.002,190105.505882
1756007,IT,KR,COPP1,MOTO1,0.08,32317.829,4,4,32317.827,0.0,0.0,0.0,0.002,403972.8625
1776708,IT,TR,HEAVY,POSTT,0.05,32316.619,4,4,32316.616,0.0,0.0,0.0,0.003,646332.38
1791572,IT,WA,RETA1,LANDT,0.34,32314.866,4,4,32314.864,0.0,0.0,0.0,0.002,95043.723529
1807810,IT,WF,FOODW,RETA1,0.24,32314.649,4,4,32314.647,0.0,0.0,0.0,0.002,134644.370833
1683795,IT,HR,OFFIC,MACHI,0.1,32314.628,4,4,32314.626,0.0,0.0,0.0,0.002,323146.28
1645857,IT,BE,GLASS,BIOGA,0.09,32314.498,4,4,32314.496,0.0,0.0,0.0,0.002,359049.977778
1733268,IT,SI,MACHI,WASTE,0.18,32312.86,4,4,32312.857,0.0,0.0,0.0,0.003,179515.888889
1686049,IT,HU,RUBBE,MEATA,0.11,32312.435,4,4,32312.432,0.0,0.0,0.0,0.003,293749.409091
1662536,IT,DK,FABRI,CEREA,0.13,32312.33,4,4,32312.328,0.0,0.0,0.0,0.002,248556.384615
1810469,IT,WM,PULP5,PUBLI,0.1,32309.736,4,4,32309.733,0.0,0.0,0.0,0.003,323097.36
1780407,IT,TW,SUPPO,TEXTI,0.23,32306.031,4,4,32306.029,0.0,0.0,0.0,0.002,140461.004348
1734960,IT,SK,HEAVY,GASDI,0.05,32305.766,4,4,32305.763,0.0,0.0,0.0,0.003,646115.32
1682318,IT,HR,WOODW,CHEMI,0.09,32304.094,4,4,32304.092,0.0,0.0,0.0,0.002,358934.377778
1792545,IT,WA,RENTI,FORES,0.19,32303.526,4,4,32303.524,0.0,0.0,0.0,0.002,170018.557895
1722399,IT,PT,MEATC,HEAVY,0.11,32301.612,4,4,32301.61,0.0,0.0,0.0,0.002,293651.018182
1786076,IT,ZA,CEMEN,EDUCA,0.05,32300.56,3,3,32300.56,0.0,0.0,0.0,0.0,646011.2
1656624,IT,DE,PRINT,RETAI,0.31,32295.683,4,4,32295.681,0.0,0.0,0.0,0.002,104179.622581
1655975,IT,DE,FOOD5,GASDI,0.16,32290.42,4,4,32290.417,0.0,0.0,0.0,0.003,201815.125
1776489,IT,TR,MOTOR,DIST1,0.05,32287.335,4,4,32287.332,0.0,0.0,0.0,0.003,645746.7
1743224,IT,US,TRANS,HOTEL,0.19,32286.382,4,4,32286.38,0.0,0.0,0.0,0.002,169928.326316
1801140,IT,WE,FABRI,PIGS9,0.13,32285.886,4,4,32285.884,0.0,0.0,0.0,0.002,248352.969231
1780776,IT,TW,RENTI,MOTO1,0.19,32284.305,4,4,32284.303,0.0,0.0,0.0,0.002,169917.394737
1782056,IT,NO,GLASS,SANDC,0.09,32283.666,4,4,32283.664,0.0,0.0,0.0,0.002,358707.4
1660813,IT,DE,COMPU,NONME,0.37,32281.987,4,4,32281.985,0.0,0.0,0.0,0.002,87248.613514
1668248,IT,ES,WHOLE,CEREA,0.28,32276.097,4,4,32276.095,0.0,0.0,0.0,0.002,115271.775
1728217,IT,SE,FOOD5,BIOGA,0.16,32275.203,4,4,32275.2,0.0,0.0,0.0,0.003,201720.01875
1760346,IT,IN,SANDC,WHOLE,0.07,32274.171,4,4,32267.171,0.0,0.0,7.0,0.0,461059.585714
1742996,IT,US,OFFIC,MEAT1,0.1,32273.222,4,4,32273.22,0.0,0.0,0.0,0.002,322732.22
1685668,IT,HU,HEAVY,FOOD5,0.05,32272.182,4,4,32272.179,0.0,0.0,0.0,0.003,645443.64
1809175,IT,WM,CATTL,BUSIN,0.07,32269.968,5,5,32268.966,0.0,1.0,0.0,0.002,460999.542857
1738764,IT,GB,OFFIC,PFERT,0.1,32268.69,4,4,32268.688,0.0,0.0,0.0,0.002,322686.9
1661649,IT,DK,TEXTI,GLASS,0.19,32268.389,4,4,32268.385,0.0,0.0,0.0,0.004,169833.626316
1656749,IT,DE,MOTOR,MEMBE,0.05,32267.925,4,4,32267.922,0.0,0.0,0.0,0.003,645358.5
1649033,IT,BG,WOODW,DIST1,0.09,32267.702,4,4,32267.7,0.0,0.0,0.0,0.002,358530.022222
1778044,IT,TR,OFFIC,CONST,0.1,32267.191,4,4,32267.189,0.0,0.0,0.0,0.002,322671.91
1761815,IT,IN,OFFIC,MOTO1,0.1,32267.049,4,4,32267.047,0.0,0.0,0.0,0.002,322670.49
1653718,IT,CZ,COPP1,WOODW,0.08,32266.978,4,4,32266.976,0.0,0.0,0.0,0.002,403337.225
1667271,IT,ES,ALUM1,LEATH,0.06,32266.715,4,4,32266.712,0.0,0.0,0.0,0.003,537778.583333
1664595,IT,EE,HOTEL,PUBLI,0.23,32265.398,4,4,32265.396,0.0,0.0,0.0,0.002,140284.33913
1761257,IT,IN,RUBBE,NAPHT,0.11,32264.927,4,4,32264.924,0.0,0.0,0.0,0.003,293317.518182
1803580,IT,WF,PROCE,HOTEL,0.22,32264.664,4,4,32264.662,0.0,0.0,0.0,0.002,146657.563636
1769421,IT,AU,CEMEN,REALE,0.05,32263.898,3,3,32263.898,0.0,0.0,0.0,0.0,645277.96
1678682,IT,GR,VEGE1,VEGE1,0.1,32262.883,4,4,32262.876,0.0,0.0,0.0,0.007,322628.83
1644204,IT,BE,VEGET,SUGA1,0.11,32262.777,3,3,32262.777,0.0,0.0,0.0,0.0,293297.972727
1711527,IT,LU,POSTT,WHOLE,0.53,32262.08,4,4,32262.078,0.0,0.0,0.0,0.002,60871.849057
1804695,IT,WF,LIQUE,NONME,0.06,32261.957,4,4,32261.954,0.0,0.0,0.0,0.003,537699.283333
1811046,IT,WM,HEAVY,WEARI,0.05,32260.067,4,4,32260.064,0.0,0.0,0.0,0.003,645201.34
1763894,IT,MX,BASIC,VEGET,0.04,32252.861,4,4,32252.859,0.0,0.0,0.0,0.002,806321.525
1651564,IT,CY,RUBBE,REALE,0.11,32251.023,4,4,32251.02,0.0,0.0,0.0,0.003,293191.118182
1716261,IT,NL,COPP1,REALE,0.08,32250.955,4,4,32250.953,0.0,0.0,0.0,0.002,403136.9375
1781910,IT,NO,CHEM1,FABRI,0.07,32245.668,4,4,32245.664,0.0,0.0,0.0,0.004,460652.4
1775958,IT,TR,FOOD5,RECRE,0.15,32242.146,4,4,32242.143,0.0,0.0,0.0,0.003,214947.64
1659638,IT,DE,HOTEL,RETAI,0.23,32241.549,4,4,32241.547,0.0,0.0,0.0,0.002,140180.647826
1733238,IT,SI,MACHI,COLLE,0.18,32240.254,4,4,32240.251,0.0,0.0,0.0,0.003,179112.522222
1804323,IT,WF,MOTOR,RADIO,0.05,32239.044,4,4,32239.041,0.0,0.0,0.0,0.003,644780.88
1665492,IT,ES,WEARI,ELECT,0.24,32238.411,4,4,32238.405,0.0,0.0,0.0,0.006,134326.7125
1731122,IT,SI,FISHF,EDUCA,0.06,32238.237,3,3,32238.237,0.0,0.0,0.0,0.0,537303.95
1669630,IT,ES,RENTI,SEACO,0.19,32237.628,4,4,32237.626,0.0,0.0,0.0,0.002,169671.726316
1711278,IT,LU,TRANS,RENTI,0.19,32236.88,4,4,32236.878,0.0,0.0,0.0,0.002,169667.789474
1782057,IT,NO,GLASS,MEAT4,0.09,32236.716,4,4,32236.714,0.0,0.0,0.0,0.002,358185.733333
1763209,IT,MX,WOODW,BEVER,0.09,32235.417,4,4,32235.415,0.0,0.0,0.0,0.002,358171.3
1651393,IT,CY,MOTOR,POSTT,0.05,32234.895,4,4,32234.892,0.0,0.0,0.0,0.003,644697.9
1777627,IT,TR,ALUM1,ELEC4,0.06,32234.813,4,4,32234.81,0.0,0.0,0.0,0.003,537246.883333
1674903,IT,FR,NONME,WOOD2,0.07,32234.731,4,4,32234.727,0.0,0.0,0.0,0.004,460496.157143
1743275,IT,US,FURNI,GLASS,0.1,32231.693,4,4,32231.69,0.0,0.0,0.0,0.003,322316.93
1729505,IT,SE,ALUM1,REALE,0.06,32226.59,4,4,32226.587,0.0,0.0,0.0,0.003,537109.833333
1721431,IT,PL,AIRTR,PULP5,0.04,32226.047,3,3,32226.047,0.0,0.0,0.0,0.0,805651.175
1731299,IT,SI,VEGE1,DAIRY,0.1,32222.662,4,4,32222.655,0.0,0.0,0.0,0.007,322226.62
1659628,IT,DE,HOTEL,ELEC5,0.23,32222.026,4,4,32222.024,0.0,0.0,0.0,0.002,140095.765217
1667337,IT,ES,LEAD1,HEAVY,0.06,32219.667,4,4,32219.664,0.0,0.0,0.0,0.003,536994.45
1783970,IT,ID,VEGE1,CHEM1,0.1,32219.149,4,4,32219.142,0.0,0.0,0.0,0.007,322191.49
1667643,IT,ES,MACHI,NAPHT,0.18,32218.607,4,4,32218.604,0.0,0.0,0.0,0.003,178992.261111
1803568,IT,WF,DAIRY,INSUR,0.13,32218.149,4,4,32218.147,0.0,0.0,0.0,0.002,247831.915385
1749420,IT,CN,KEROS,CONST,0.05,32217.688,4,4,32217.685,0.0,0.0,0.0,0.003,644353.76
1757026,IT,KR,BUSIN,KEROS,0.33,32216.993,4,4,32216.991,0.0,0.0,0.0,0.002,97627.251515
1640196,IT,AT,OILSE,WHOLE,0.02,32216.942,3,3,32216.942,0.0,0.0,0.0,0.0,1610847.1
1679232,IT,GR,KEROS,HEAVY,0.05,32216.603,4,4,32216.6,0.0,0.0,0.0,0.003,644332.06
1799264,IT,WE,LEATH,FOUND,0.23,32215.913,4,4,32215.907,0.0,0.0,0.0,0.006,140069.186957
1775132,IT,CH,COMPU,LANDT,0.37,32214.142,4,4,32214.14,0.0,0.0,0.0,0.002,87065.248649
1772639,IT,CH,GLASS,MEDIC,0.09,32213.996,4,4,32213.994,0.0,0.0,0.0,0.002,357933.288889
1718202,IT,PL,DAIRY,BUSIN,0.13,32213.542,4,4,32213.54,0.0,0.0,0.0,0.002,247796.476923
1800772,IT,WE,NONME,RECRE,0.07,32212.365,4,4,32212.361,0.0,0.0,0.0,0.004,460176.642857
1645987,IT,BE,CEMEN,RENTI,0.05,32211.514,3,3,32211.514,0.0,0.0,0.0,0.0,644230.28
1813580,IT,WM,WHOLE,FURNI,0.28,32210.497,4,4,32210.495,0.0,0.0,0.0,0.002,115037.489286
1682353,IT,HR,WOODW,STEAM,0.09,32209.823,4,4,32209.821,0.0,0.0,0.0,0.002,357886.922222
1741043,IT,US,TEXTI,TOBAC,0.19,32207.468,4,4,32207.464,0.0,0.0,0.0,0.004,169512.989474
1684982,IT,HU,VEGE1,RAWMI,0.1,32206.515,4,4,32206.508,0.0,0.0,0.0,0.007,322065.15
1774321,IT,CH,HOTEL,PLAST,0.23,32205.729,4,4,32205.727,0.0,0.0,0.0,0.002,140024.908696
1674628,IT,FR,RUBBE,WOOD2,0.11,32205.596,4,4,32205.593,0.0,0.0,0.0,0.003,292778.145455
1645358,IT,BE,HEAVY,MEAT1,0.05,32204.844,4,4,32204.841,0.0,0.0,0.0,0.003,644096.88
1769524,IT,AU,ALUM1,LEATH,0.06,32204.69,4,4,32204.687,0.0,0.0,0.0,0.003,536744.833333
1755237,IT,KR,PULP5,FURNI,0.1,32204.332,4,4,32204.329,0.0,0.0,0.0,0.003,322043.32
1779645,IT,TR,RESEA,WOODW,0.17,32203.531,4,4,32203.529,0.0,0.0,0.0,0.002,189432.535294
1780915,IT,TW,RESEA,CONST,0.17,32202.731,4,4,32202.729,0.0,0.0,0.0,0.002,189427.829412
1715842,IT,NL,RUBBE,COPP1,0.11,32202.066,4,4,32202.063,0.0,0.0,0.0,0.003,292746.054545
1676865,IT,FR,LANDT,FOOD2,0.21,32200.969,4,4,32200.967,0.0,0.0,0.0,0.002,153337.947619
1646217,IT,BE,ALUM1,INTER,0.06,32200.853,4,4,32200.85,0.0,0.0,0.0,0.003,536680.883333
1807384,IT,WF,FINAN,SALEM,0.42,32200.251,3,3,32200.251,0.0,0.0,0.0,0.0,76667.264286
1771492,IT,CH,BEVER,RENTI,0.14,32199.84,4,4,32199.838,0.0,0.0,0.0,0.002,229998.857143
1795917,IT,WL,MOTO1,SUGAR,0.17,32199.539,4,4,32199.537,0.0,0.0,0.0,0.002,189409.052941
1720426,IT,PL,MACHI,NAPHT,0.18,32199.054,4,4,32199.051,0.0,0.0,0.0,0.003,178883.633333
1647159,IT,BE,HOTEL,93197,0.23,32197.598,4,4,32197.596,0.0,0.0,0.0,0.002,139989.556522
1779998,IT,TW,SALEM,PLAST,0.26,32196.979,4,4,32196.977,0.0,0.0,0.0,0.002,123834.534615
1720652,IT,PL,MOTO1,FOUND,0.17,32194.792,4,4,32194.79,0.0,0.0,0.0,0.002,189381.129412
1803966,IT,WF,LEATH,PRECI,0.23,32190.301,4,4,32190.295,0.0,0.0,0.0,0.006,139957.830435
1745758,IT,JP,WEARI,SECO9,0.24,32189.711,4,4,32189.705,0.0,0.0,0.0,0.006,134123.795833
1805697,IT,WF,BASIC,VEGE1,0.04,32188.455,4,4,32188.453,0.0,0.0,0.0,0.002,804711.375
1721950,IT,PL,COMPU,FOOD5,0.37,32187.538,4,4,32187.536,0.0,0.0,0.0,0.002,86993.345946
1710642,IT,LU,MEAT4,MEATA,0.18,32187.49,4,4,32187.488,0.0,0.0,0.0,0.002,178819.388889
1676067,IT,FR,ELEC7,ALUM1,0.02,32187.299,3,3,32187.299,0.0,0.0,0.0,0.0,1609364.95
1756523,IT,KR,WHOLE,NONME,0.28,32186.455,4,4,32186.453,0.0,0.0,0.0,0.002,114951.625
1746592,IT,JP,PREC1,BASIC,0.05,32184.466,3,3,32184.466,0.0,0.0,0.0,0.0,643689.32
1731881,IT,SI,PRINT,SUPPO,0.31,32184.458,4,4,32184.456,0.0,0.0,0.0,0.002,103820.832258
1772928,IT,CH,PREC1,TEXTI,0.05,32182.228,3,3,32182.228,0.0,0.0,0.0,0.0,643644.56
1787735,IT,WA,VEGE1,RETA1,0.1,32177.453,4,4,32177.446,0.0,0.0,0.0,0.007,321774.53
1783552,IT,NO,FOOD1,NONF1,0.16,32177.184,4,4,32177.18,0.0,0.0,0.0,0.004,201107.4
1795450,IT,WL,PREC1,PFERT,0.05,32175.078,3,3,32175.078,0.0,0.0,0.0,0.0,643501.56
1674776,IT,FR,CERAM,TEXT1,0.05,32174.789,4,4,32174.787,0.0,0.0,0.0,0.002,643495.78
1716796,IT,NL,RETA1,RENTI,0.34,32172.29,4,4,32172.288,0.0,0.0,0.0,0.002,94624.382353
1723347,IT,PT,NONME,MACHI,0.06,32171.605,4,4,32171.601,0.0,0.0,0.0,0.004,536193.416667
1658093,IT,DE,ALUM1,STONE,0.06,32169.946,4,4,32169.943,0.0,0.0,0.0,0.003,536165.766667
1717366,IT,NL,FINAN,COMPU,0.42,32169.614,3,3,32169.614,0.0,0.0,0.0,0.0,76594.319048
1721992,IT,PL,COMPU,DISTR,0.37,32169.302,4,4,32169.3,0.0,0.0,0.0,0.002,86944.059459
1739602,IT,GB,SEACO,LEAD1,0.03,32166.266,3,3,32166.266,0.0,0.0,0.0,0.0,1072208.866667
1737256,IT,GB,FOOD5,WEARI,0.15,32165.541,4,4,32165.538,0.0,0.0,0.0,0.003,214436.94
1801325,IT,WE,MACHI,NONSP,0.18,32162.776,4,4,32162.773,0.0,0.0,0.0,0.003,178682.088889
1645250,IT,BE,COALT,WHOLE,0.05,32161.917,4,4,32161.915,0.0,0.0,0.0,0.002,643238.34
1643208,IT,AT,HOTEL,COALT,0.23,32161.685,4,4,32161.683,0.0,0.0,0.0,0.002,139833.413043
1745146,IT,US,RECRE,RECRE,0.41,32161.122,4,4,32161.12,0.0,0.0,0.0,0.002,78441.760976
1685282,IT,HU,TEXTI,PUBLI,0.19,32159.274,4,4,32159.27,0.0,0.0,0.0,0.004,169259.336842
1688239,IT,IE,VEGET,MEATP,0.11,32159.12,3,3,32159.12,0.0,0.0,0.0,0.0,292355.636364
1804011,IT,WF,WOODW,FORES,0.09,32157.809,4,4,32157.807,0.0,0.0,0.0,0.002,357308.988889
1764091,IT,MX,FABRI,PRINT,0.13,32157.76,4,4,32157.758,0.0,0.0,0.0,0.002,247367.384615
1746930,IT,JP,MOTO1,CEMEN,0.17,32157.104,4,4,32157.102,0.0,0.0,0.0,0.002,189159.435294
1785612,IT,ZA,GASDI,FINAN,0.05,32155.915,4,4,32155.912,0.0,0.0,0.0,0.003,643118.3
1813326,IT,WM,FURNI,POULT,0.1,32155.527,4,4,32155.524,0.0,0.0,0.0,0.003,321555.27
1806731,IT,WF,WHOLE,ELEC2,0.28,32154.943,4,4,32154.941,0.0,0.0,0.0,0.002,114839.082143
1660779,IT,DE,COMPU,DAIRY,0.37,32153.657,4,4,32153.655,0.0,0.0,0.0,0.002,86901.775676
1762603,IT,IN,AUXIL,INSUR,0.59,32153.214,4,4,32153.212,0.0,0.0,0.0,0.002,54496.972881
1757813,IT,BR,PFERT,PIGS9,0.01,32148.444,4,4,32148.439,0.0,0.0,0.0,0.005,3214844.4
1749176,IT,CN,PULP5,CEMEN,0.1,32146.681,4,4,32146.678,0.0,0.0,0.0,0.003,321466.81
1791264,IT,WA,CONST,CRUDE,0.18,32145.127,4,4,32145.125,0.0,0.0,0.0,0.002,178584.038889
1665378,IT,ES,TEXTI,PULP5,0.19,32141.748,4,4,32141.744,0.0,0.0,0.0,0.004,169167.094737
1687845,IT,HU,FINAN,REALE,0.42,32138.037,3,3,32138.037,0.0,0.0,0.0,0.0,76519.135714
1743862,IT,US,SEACO,TEXTI,0.03,32137.514,3,3,32137.514,0.0,0.0,0.0,0.0,1071250.466667
1756351,IT,KR,TRANS,FURNI,0.19,32134.749,4,4,32134.747,0.0,0.0,0.0,0.002,169130.257895
1749085,IT,CN,WOODW,CRUDE,0.09,32133.768,4,4,32133.766,0.0,0.0,0.0,0.002,357041.866667
1791991,IT,WA,SEACO,AIRTR,0.03,32132.435,3,3,32132.435,0.0,0.0,0.0,0.0,1071081.166667
1792614,IT,WA,COMPU,INSUR,0.37,32131.304,4,4,32131.302,0.0,0.0,0.0,0.002,86841.362162
1677629,IT,FR,REALE,SUPPO,1.36,32130.865,4,4,32130.863,0.0,0.0,0.0,0.002,23625.636029
1720483,IT,PL,MACHI,SEACO,0.18,32130.669,4,4,32130.666,0.0,0.0,0.0,0.003,178503.716667
1662214,IT,DK,GLASS,PULP5,0.09,32129.713,4,4,32129.711,0.0,0.0,0.0,0.002,356996.811111
1737238,IT,GB,FOOD5,CATTL,0.15,32129.273,4,4,32129.27,0.0,0.0,0.0,0.003,214195.153333
1790889,IT,WA,OFFIC,STONE,0.1,32126.318,4,4,32126.316,0.0,0.0,0.0,0.002,321263.18
1661739,IT,DK,LEATH,SUGA1,0.23,32125.807,4,4,32125.801,0.0,0.0,0.0,0.006,139677.421739
1642454,IT,AT,ALUM1,BLAST,0.06,32123.097,4,4,32123.094,0.0,0.0,0.0,0.003,535384.95
1643335,IT,AT,RAILW,CEMEN,0.21,32120.43,3,3,32120.43,0.0,0.0,0.0,0.0,152954.428571
1814184,IT,WM,SUPPO,HEAVY,0.23,32120.429,4,4,32120.427,0.0,0.0,0.0,0.002,139654.03913
1647740,IT,BE,INSUR,CONST,0.66,32119.917,3,3,32119.917,0.0,0.0,0.0,0.0,48666.540909
1809364,IT,WM,SANDC,RECRE,0.07,32119.426,4,4,32112.426,0.0,0.0,7.0,0.0,458848.942857
1681932,IT,HR,FOOD5,POULT,0.15,32112.941,4,4,32112.938,0.0,0.0,0.0,0.003,214086.273333
1736373,IT,SK,LANDT,FORES,0.21,32108.948,4,4,32108.946,0.0,0.0,0.0,0.002,152899.752381
1805568,IT,WF,CEMEN,COPPE,0.05,32108.768,3,3,32108.768,0.0,0.0,0.0,0.0,642175.36
1778167,IT,TR,FURNI,PLANT,0.1,32107.719,4,4,32107.716,0.0,0.0,0.0,0.003,321077.19
1687538,IT,HU,LANDT,ALUM1,0.21,32106.5,4,4,32106.498,0.0,0.0,0.0,0.002,152888.095238
1759949,IT,BR,PLAS1,COLLE,0.12,32105.945,4,4,32105.943,0.0,0.0,0.0,0.002,267549.541667
1686143,IT,HU,RUBBE,SEWAG,0.11,32105.922,4,4,32105.919,0.0,0.0,0.0,0.003,291872.018182
1725363,IT,RO,TEXTI,CRUDE,0.19,32105.535,4,4,32105.531,0.0,0.0,0.0,0.004,168976.5
1795507,IT,WL,ALUM1,MOTOR,0.06,32104.985,4,4,32104.982,0.0,0.0,0.0,0.003,535083.083333
1649827,IT,BG,ALUM1,CEMEN,0.06,32104.853,4,4,32104.85,0.0,0.0,0.0,0.003,535080.883333
1723173,IT,PT,RUBBE,TOBAC,0.11,32104.214,4,4,32104.211,0.0,0.0,0.0,0.003,291856.490909
1796192,IT,WL,FURNI,BIODI,0.1,32103.352,4,4,32103.349,0.0,0.0,0.0,0.003,321033.52
1646913,IT,BE,WHOLE,COPP1,0.28,32101.22,4,4,32101.218,0.0,0.0,0.0,0.002,114647.214286
1643030,IT,AT,CONST,RETA1,0.18,32101.211,4,4,32101.209,0.0,0.0,0.0,0.002,178340.061111
1642083,IT,AT,GLASS,ALUM1,0.09,32095.513,4,4,32095.511,0.0,0.0,0.0,0.002,356616.811111
1664469,IT,EE,OFFIC,MACHI,0.1,32094.915,4,4,32094.913,0.0,0.0,0.0,0.002,320949.15
1680017,IT,GR,MACHI,LEATH,0.18,32094.757,4,4,32094.754,0.0,0.0,0.0,0.003,178304.205556
1723556,IT,PT,FABRI,FISHF,0.13,32092.138,4,4,32092.136,0.0,0.0,0.0,0.002,246862.6
1767365,IT,RU,LANDT,WHEAT,0.21,32087.937,4,4,32087.935,0.0,0.0,0.0,0.002,152799.7
1682314,IT,HR,WOODW,FORES,0.09,32086.914,4,4,32086.912,0.0,0.0,0.0,0.002,356521.266667
1800518,IT,WE,RUBBE,CERAM,0.11,32086.726,4,4,32086.723,0.0,0.0,0.0,0.003,291697.509091
1741762,IT,US,NONSP,NAPHT,0.04,32086.461,4,4,32086.459,0.0,0.0,0.0,0.002,802161.525
1738907,IT,GB,FURNI,FABRI,0.1,32083.064,4,4,32083.061,0.0,0.0,0.0,0.003,320830.64
1665105,IT,ES,VEGE1,RETA1,0.1,32082.191,4,4,32082.184,0.0,0.0,0.0,0.007,320821.91
1764154,IT,MX,FABRI,RENTI,0.13,32081.811,4,4,32081.809,0.0,0.0,0.0,0.002,246783.161538
1671734,IT,FI,SALEM,FINAN,0.26,32080.533,4,4,32080.531,0.0,0.0,0.0,0.002,123386.665385
1784466,IT,ID,LEAD1,LEATH,0.06,32080.158,4,4,32080.155,0.0,0.0,0.0,0.003,534669.3
1737993,IT,GB,CHEM1,FOOD2,0.07,32079.287,4,4,32079.283,0.0,0.0,0.0,0.004,458275.528571
1793845,IT,WL,TEXTI,NONME,0.19,32079.235,4,4,32079.231,0.0,0.0,0.0,0.004,168838.078947
1664942,IT,ES,STONE,MEDIC,0.1,32075.247,4,4,32073.247,0.0,0.0,2.0,0.0,320752.47
1772325,IT,CH,PLAST,COPP1,0.07,32071.502,4,4,32071.499,0.0,0.0,0.0,0.003,458164.314286
1674440,IT,FR,ADDIT,REFI1,0.07,32069.425,4,4,32069.422,0.0,0.0,0.0,0.003,458134.642857
1657724,IT,DE,CEMEN,NONME,0.05,32068.771,3,3,32068.771,0.0,0.0,0.0,0.0,641375.42
1796625,IT,WL,HOTEL,BASIC,0.23,32063.573,4,4,32063.571,0.0,0.0,0.0,0.002,139406.83913
1733951,IT,SI,SUPPO,OFFIC,0.23,32063.033,4,4,32063.031,0.0,0.0,0.0,0.002,139404.491304
1716102,IT,NL,BASIC,HOTEL,0.04,32062.931,4,4,32062.929,0.0,0.0,0.0,0.002,801573.275
1748493,IT,CN,STONE,MEMBE,0.1,32058.283,4,4,32056.283,0.0,0.0,2.0,0.0,320582.83
1781489,IT,NO,BEVER,PUBLI,0.14,32057.198,4,4,32057.196,0.0,0.0,0.0,0.002,228979.985714
1723852,IT,PT,TRANS,FABRI,0.19,32057.184,4,4,32057.182,0.0,0.0,0.0,0.002,168722.021053
1774461,IT,CH,LANDT,BEVER,0.21,32057.014,4,4,32057.012,0.0,0.0,0.0,0.002,152652.447619
1725215,IT,RO,FOOD5,MEATA,0.15,32054.161,4,4,32054.158,0.0,0.0,0.0,0.003,213694.406667
1669218,IT,ES,POSTT,RENTI,0.53,32053.888,4,4,32053.886,0.0,0.0,0.0,0.002,60479.033962
1765335,IT,RU,FOOD5,PAPER,0.15,32053.312,4,4,32053.309,0.0,0.0,0.0,0.003,213688.746667
1745872,IT,JP,LEATH,ELEC1,0.23,32050.033,4,4,32050.027,0.0,0.0,0.0,0.006,139347.969565
1715227,IT,NL,WOODW,RESEA,0.09,32048.887,4,4,32048.885,0.0,0.0,0.0,0.002,356098.744444
1782391,IT,NO,FABRI,AIRTR,0.13,32047.793,4,4,32047.791,0.0,0.0,0.0,0.002,246521.484615
1689316,IT,IE,RETA1,MEATP,0.33,32047.568,4,4,32047.566,0.0,0.0,0.0,0.002,97113.842424
1772014,IT,CH,PRINT,DAIRY,0.31,32045.195,4,4,32045.193,0.0,0.0,0.0,0.002,103371.596774
1813928,IT,WM,TRAN2,NATUR,0.05,32044.943,3,3,32044.943,0.0,0.0,0.0,0.0,640898.86
1784528,IT,ID,FABRI,RETA1,0.13,32042.812,4,4,32042.81,0.0,0.0,0.0,0.002,246483.169231
1761132,IT,IN,CHEM1,BITU1,0.07,32041.484,4,4,32041.481,0.0,0.0,0.0,0.003,457735.485714
1763481,IT,MX,PLAST,MEDIC,0.07,32040.631,4,4,32040.628,0.0,0.0,0.0,0.003,457723.3
1737307,IT,GB,BEVER,MEAT1,0.14,32037.409,4,4,32037.407,0.0,0.0,0.0,0.002,228838.635714
1651216,IT,BG,BUSIN,FINAN,0.33,32032.35,4,4,32032.348,0.0,0.0,0.0,0.002,97067.727273
1739419,IT,GB,LANDT,POULT,0.21,32031.994,4,4,32031.992,0.0,0.0,0.0,0.002,152533.304762
1685245,IT,HU,TEXTI,CHEM1,0.19,32030.997,4,4,32030.993,0.0,0.0,0.0,0.004,168584.194737
1643543,IT,AT,SEACO,PAPER,0.03,32029.181,3,3,32029.181,0.0,0.0,0.0,0.0,1067639.366667
1670616,IT,FI,WEARI,HEALT,0.24,32028.727,4,4,32028.721,0.0,0.0,0.0,0.006,133453.029167
1648567,IT,BG,LEADZ,LEAD1,0.05,32027.483,4,4,32027.481,0.0,0.0,0.0,0.002,640549.66
1659346,IT,DE,RETAI,SUPPO,0.25,32026.032,4,4,32026.03,0.0,0.0,0.0,0.002,128104.128
1772838,IT,CH,BASIC,VEGE1,0.04,32022.48,4,4,32022.478,0.0,0.0,0.0,0.002,800562.0
1745683,IT,JP,TEXTI,BUSIN,0.19,32021.158,4,4,32021.154,0.0,0.0,0.0,0.004,168532.410526
1805883,IT,WF,ALUM1,NONF1,0.06,32021.059,4,4,32021.056,0.0,0.0,0.0,0.003,533684.316667
1740761,IT,US,MEAT4,BIODI,0.18,32020.937,4,4,32020.935,0.0,0.0,0.0,0.002,177894.094444
1797880,IT,WL,FOOD3,PUBLI,0.09,32016.727,4,4,32016.725,0.0,0.0,0.0,0.002,355741.411111
1776740,IT,TR,LIQUE,CHEM1,0.06,32014.61,4,4,32014.607,0.0,0.0,0.0,0.003,533576.833333
1806054,IT,WF,COPP1,MEMBE,0.08,32014.184,4,4,32014.182,0.0,0.0,0.0,0.002,400177.3
1798849,IT,WE,FOOD5,MEMBE,0.15,32013.201,4,4,32013.198,0.0,0.0,0.0,0.003,213421.34
1654194,IT,CZ,MOTO1,RAILW,0.17,32009.838,4,4,32009.836,0.0,0.0,0.0,0.002,188293.164706
1747368,IT,JP,RETA1,CONST,0.33,32008.925,4,4,32008.923,0.0,0.0,0.0,0.002,96996.742424
1675705,IT,FR,TRANS,WASTE,0.19,32008.731,4,4,32008.729,0.0,0.0,0.0,0.002,168467.005263
1790263,IT,WA,PREC1,BUSIN,0.05,32008.138,3,3,32008.138,0.0,0.0,0.0,0.0,640162.76
1679226,IT,GR,MOTOR,PAPE4,0.05,32008.099,4,4,32008.096,0.0,0.0,0.0,0.003,640161.98
1653407,IT,CZ,CERAM,LANDT,0.05,32007.099,4,4,32007.097,0.0,0.0,0.0,0.002,640141.98
1762789,IT,IN,BUSIN,FOOD3,0.33,32006.713,4,4,32006.711,0.0,0.0,0.0,0.002,96990.039394
1744591,IT,US,RENTI,MEATP,0.19,32003.951,4,4,32003.949,0.0,0.0,0.0,0.002,168441.847368
1663002,IT,DK,HOTEL,HEAVY,0.23,32001.687,4,4,32001.685,0.0,0.0,0.0,0.002,139137.769565
1712314,IT,LV,RUBBE,BEVER,0.11,31999.986,4,4,31999.983,0.0,0.0,0.0,0.003,290908.963636
1763610,IT,MX,CHEM1,MEMBE,0.07,31998.934,4,4,31998.931,0.0,0.0,0.0,0.003,457127.628571
1778778,IT,TR,LANDT,COKEO,0.21,31998.767,4,4,31998.765,0.0,0.0,0.0,0.002,152375.080952
1643458,IT,AT,LANDT,ELEC4,0.21,31998.706,4,4,31998.704,0.0,0.0,0.0,0.002,152374.790476
1661260,IT,DK,VEGET,RESEA,0.11,31997.755,3,3,31997.755,0.0,0.0,0.0,0.0,290888.681818
1794260,IT,WL,MOTOR,NATU1,0.05,31997.266,4,4,31997.263,0.0,0.0,0.0,0.003,639945.32
1730207,IT,SE,LANDT,LANDT,0.21,31996.127,4,4,31996.125,0.0,0.0,0.0,0.002,152362.509524
1814691,IT,WM,PLAS1,REALE,0.11,31994.22,4,4,31994.218,0.0,0.0,0.0,0.002,290856.545455
1688178,IT,HU,BUSIN,POSTT,0.33,31993.944,4,4,31993.942,0.0,0.0,0.0,0.002,96951.345455
1666264,IT,ES,HEAVY,INLAN,0.05,31993.422,4,4,31993.419,0.0,0.0,0.0,0.003,639868.44
1671074,IT,FI,RUBBE,SALEM,0.11,31993.208,4,4,31993.205,0.0,0.0,0.0,0.003,290847.345455
1753521,IT,CA,MACHI,NONFE,0.18,31992.935,4,4,31992.932,0.0,0.0,0.0,0.003,177738.527778
1813158,IT,WM,MOTO1,NONF1,0.17,31992.546,4,4,31992.544,0.0,0.0,0.0,0.002,188191.447059
1803460,IT,WF,MEAT4,COPPE,0.18,31992.041,4,4,31992.039,0.0,0.0,0.0,0.002,177733.561111
1672568,IT,FR,OILSE,PLAST,0.02,31992.027,3,3,31992.027,0.0,0.0,0.0,0.0,1599601.35
1758193,IT,BR,BASIC,CROPS,0.04,31991.281,4,4,31991.279,0.0,0.0,0.0,0.002,799782.025
1740630,IT,US,CRUDE,BITU1,0.06,31987.909,4,4,31987.906,0.0,0.0,0.0,0.003,533131.816667
1725127,IT,RO,MEATC,VEGE1,0.11,31987.734,4,4,31987.732,0.0,0.0,0.0,0.002,290797.581818
1793648,IT,WL,DAIRY,FINAN,0.13,31986.997,4,4,31986.995,0.0,0.0,0.0,0.002,246053.823077
1800120,IT,WE,NAPHT,BASIC,0.05,31986.529,4,4,31986.527,0.0,0.0,0.0,0.002,639730.58
1652870,IT,CZ,COALT,GASDI,0.05,31984.897,4,4,31984.895,0.0,0.0,0.0,0.002,639697.94
1755320,IT,KR,PAPER,93197,0.12,31984.758,4,4,31984.755,0.0,0.0,0.0,0.003,266539.65
1656770,IT,DE,KEROS,HOTEL,0.05,31984.147,4,4,31984.144,0.0,0.0,0.0,0.003,639682.94
1733330,IT,SI,MOTO1,WASTE,0.17,31981.797,4,4,31981.795,0.0,0.0,0.0,0.002,188128.217647
1686060,IT,HU,RUBBE,MEAT4,0.11,31976.074,4,4,31976.071,0.0,0.0,0.0,0.003,290691.581818
1754184,IT,CA,SUPPO,LANDT,0.23,31974.782,4,4,31974.78,0.0,0.0,0.0,0.002,139020.791304
1677791,IT,FR,COMPU,SALEM,0.37,31974.398,4,4,31974.396,0.0,0.0,0.0,0.002,86417.291892
1735836,IT,SK,MACHI,SUPPO,0.18,31974.264,4,4,31974.261,0.0,0.0,0.0,0.003,177634.8
1782082,IT,NO,GLASS,TRANS,0.09,31973.874,4,4,31973.872,0.0,0.0,0.0,0.002,355265.266667
1811958,IT,WM,GLASS,SANDC,0.09,31973.315,4,4,31973.313,0.0,0.0,0.0,0.002,355259.055556
1766669,IT,RU,FABRI,TRAN1,0.13,31970.231,4,4,31970.229,0.0,0.0,0.0,0.002,245924.853846
1715838,IT,NL,RUBBE,BASIC,0.11,31969.992,4,4,31969.989,0.0,0.0,0.0,0.003,290636.290909
1782526,IT,NO,OFFIC,WHOLE,0.1,31969.205,4,4,31969.203,0.0,0.0,0.0,0.002,319692.05
1652337,IT,CZ,FISH5,CATTL,0.13,31967.891,4,4,31967.875,0.0,0.0,0.0,0.016,245906.853846
1641917,IT,AT,BIODI,RENTI,0.07,31965.587,4,4,31965.584,0.0,0.0,0.0,0.003,456651.242857
1762790,IT,IN,BUSIN,WASTE,0.33,31965.536,4,4,31965.534,0.0,0.0,0.0,0.002,96865.260606
1756549,IT,KR,RETA1,RAWMI,0.33,31964.752,4,4,31964.75,0.0,0.0,0.0,0.002,96862.884848
1657793,IT,DE,NONME,BIOGA,0.06,31961.532,4,4,31961.528,0.0,0.0,0.0,0.004,532692.2
1800800,IT,WE,BASIC,PROCE,0.04,31960.436,4,4,31960.434,0.0,0.0,0.0,0.002,799010.9
1770218,IT,AU,HOTEL,ALUMI,0.23,31959.007,4,4,31959.005,0.0,0.0,0.0,0.002,138952.204348
1805433,IT,WF,GLASS,NICKE,0.09,31958.942,4,4,31958.94,0.0,0.0,0.0,0.002,355099.355556
1761449,IT,IN,BASIC,BUSIN,0.04,31958.12,4,4,31958.118,0.0,0.0,0.0,0.002,798953.0
1739015,IT,GB,SALEM,REALE,0.26,31956.503,4,4,31956.501,0.0,0.0,0.0,0.002,122909.626923
1797722,IT,WL,PLAS1,RESEA,0.11,31955.006,4,4,31955.004,0.0,0.0,0.0,0.002,290500.054545
1806126,IT,WF,FABRI,NFERT,0.13,31954.118,4,4,31954.116,0.0,0.0,0.0,0.002,245800.907692
1716337,IT,NL,FABRI,SUPPO,0.13,31953.087,4,4,31953.085,0.0,0.0,0.0,0.002,245792.976923
1789442,IT,WA,CHARC,WHOLE,0.08,31951.028,4,4,31951.025,0.0,0.0,0.0,0.003,399387.85
1715391,IT,NL,PRINT,RENTI,0.31,31949.247,4,4,31949.245,0.0,0.0,0.0,0.002,103062.087097
1710089,IT,LT,FABRI,MEDIC,0.13,31949.137,4,4,31949.135,0.0,0.0,0.0,0.002,245762.592308
1676972,IT,FR,AIRTR,FURNI,0.03,31945.986,3,3,31945.986,0.0,0.0,0.0,0.0,1064866.2
1786434,IT,ZA,OFFIC,REALE,0.1,31944.254,4,4,31944.252,0.0,0.0,0.0,0.002,319442.54
1673383,IT,FR,WEARI,VEGET,0.24,31942.544,4,4,31942.538,0.0,0.0,0.0,0.006,133093.933333
1665516,IT,ES,WEARI,REALE,0.24,31940.316,4,4,31940.31,0.0,0.0,0.0,0.006,133084.65
1641598,IT,AT,NAPHT,LIQUE,0.05,31939.52,4,4,31939.518,0.0,0.0,0.0,0.002,638790.4
1771085,IT,CH,NATUR,RETAI,0.04,31939.036,4,4,31939.034,0.0,0.0,0.0,0.002,798475.9
1663190,IT,DK,LANDT,HOTEL,0.21,31936.665,4,4,31936.663,0.0,0.0,0.0,0.002,152079.357143
1644621,IT,BE,FOOD5,ELECT,0.15,31935.551,4,4,31935.548,0.0,0.0,0.0,0.003,212903.673333
1666530,IT,ES,CHEM1,CATTL,0.07,31934.758,4,4,31934.755,0.0,0.0,0.0,0.003,456210.828571
1742735,IT,US,FABRI,WEARI,0.13,31930.754,4,4,31930.752,0.0,0.0,0.0,0.002,245621.184615
1711127,IT,LU,COPP1,FABRI,0.08,31929.567,4,4,31929.565,0.0,0.0,0.0,0.002,399119.5875
1686156,IT,HU,GLASS,CEREA,0.09,31927.339,4,4,31927.337,0.0,0.0,0.0,0.002,354748.211111
1806003,IT,WF,COPP1,NONSP,0.08,31927.078,4,4,31927.076,0.0,0.0,0.0,0.002,399088.475
1755709,IT,KR,RUBBE,RECRE,0.11,31925.614,4,4,31925.611,0.0,0.0,0.0,0.003,290232.854545
1777063,IT,TR,CHEM1,OFFIC,0.07,31924.922,4,4,31924.919,0.0,0.0,0.0,0.003,456070.314286
1752935,IT,CA,PLAST,WHITE,0.07,31924.131,4,4,31924.128,0.0,0.0,0.0,0.003,456059.014286
1750341,IT,CN,FABRI,MEAT4,0.13,31923.169,4,4,31923.167,0.0,0.0,0.0,0.002,245562.838462
1782814,IT,NO,HOTEL,AIRTR,0.23,31921.799,4,4,31921.797,0.0,0.0,0.0,0.002,138790.430435
1737981,IT,GB,CHEM1,AUXIL,0.07,31921.759,4,4,31921.756,0.0,0.0,0.0,0.003,456025.128571
1789768,IT,WA,GLASS,LEAD1,0.09,31921.52,4,4,31921.518,0.0,0.0,0.0,0.002,354683.555556
1643933,IT,AT,COMPU,WOODW,0.36,31918.88,4,4,31918.878,0.0,0.0,0.0,0.002,88663.555556
1737504,IT,GB,WOODW,WEARI,0.09,31918.139,4,4,31918.137,0.0,0.0,0.0,0.002,354645.988889
1807415,IT,WF,INSUR,PRECI,0.66,31915.971,3,3,31915.971,0.0,0.0,0.0,0.0,48357.531818
1780297,IT,TW,LANDT,RESEA,0.21,31914.521,4,4,31914.519,0.0,0.0,0.0,0.002,151973.909524
1640730,IT,AT,TEXTI,PRINT,0.19,31914.138,4,4,31914.134,0.0,0.0,0.0,0.004,167969.147368
1781046,IT,TW,PUBLI,SANDC,0.52,31914.138,4,4,31914.136,0.0,0.0,0.0,0.002,61373.342308
1774704,IT,CH,SUPPO,WOODW,0.23,31911.328,4,4,31911.326,0.0,0.0,0.0,0.002,138744.904348
1720284,IT,PL,FABRI,KEROS,0.13,31908.401,4,4,31908.399,0.0,0.0,0.0,0.002,245449.238462
1768308,IT,AU,STONE,RECRE,0.1,31907.087,4,4,31905.087,0.0,0.0,2.0,0.0,319070.87
1728973,IT,SE,CHEM1,FOOD3,0.07,31906.595,4,4,31906.592,0.0,0.0,0.0,0.003,455808.5
1751109,IT,CN,RETA1,BASIC,0.33,31906.173,4,4,31906.171,0.0,0.0,0.0,0.002,96685.372727
1642325,IT,AT,BASIC,BRICK,0.04,31905.718,4,4,31905.716,0.0,0.0,0.0,0.002,797642.95
1649729,IT,BG,BASIC,CHEMI,0.04,31903.422,4,4,31903.42,0.0,0.0,0.0,0.002,797585.55
1667042,IT,ES,NONME,MOTOR,0.06,31903.35,4,4,31903.346,0.0,0.0,0.0,0.004,531722.5
1738308,IT,GB,BASIC,BIODI,0.04,31902.438,4,4,31902.436,0.0,0.0,0.0,0.002,797560.95
1782515,IT,NO,OFFIC,ALUM1,0.1,31902.327,4,4,31902.325,0.0,0.0,0.0,0.002,319023.27
1769559,IT,AU,ALUM1,RAILW,0.06,31900.9,4,4,31900.897,0.0,0.0,0.0,0.003,531681.666667
1756409,IT,KR,FURNI,RESEA,0.1,31900.416,4,4,31900.413,0.0,0.0,0.0,0.003,319004.16
1789233,IT,WA,PLAST,ELEC8,0.07,31900.416,4,4,31900.413,0.0,0.0,0.0,0.003,455720.228571
1681636,IT,HR,CEREA,FOOD5,0.05,31900.002,4,4,31900.0,0.0,0.0,0.0,0.002,638000.04
1745037,IT,US,PUBLI,BIOGA,0.52,31899.621,4,4,31899.619,0.0,0.0,0.0,0.002,61345.425
1640186,IT,AT,OILSE,VEGE1,0.02,31899.208,3,3,31899.208,0.0,0.0,0.0,0.0,1594960.4
1773284,IT,CH,MACHI,CROPS,0.18,31898.087,4,4,31898.084,0.0,0.0,0.0,0.003,177211.594444
1740752,IT,US,MEAT4,GASDI,0.18,31897.027,4,4,31897.025,0.0,0.0,0.0,0.002,177205.705556
1764867,IT,MX,AIRTR,WEARI,0.03,31896.7,3,3,31896.7,0.0,0.0,0.0,0.0,1063223.333333
1671051,IT,FI,RUBBE,NONME,0.11,31895.124,4,4,31895.121,0.0,0.0,0.0,0.003,289955.672727
1756540,IT,KR,WHOLE,RESEA,0.28,31894.737,4,4,31894.735,0.0,0.0,0.0,0.002,113909.775
1719282,IT,PL,CHEM1,MEDIC,0.07,31894.217,4,4,31894.214,0.0,0.0,0.0,0.003,455631.671429
1654165,IT,CZ,MOTO1,PREC1,0.17,31893.556,4,4,31893.554,0.0,0.0,0.0,0.002,187609.152941
1772901,IT,CH,BASIC,INSUR,0.04,31891.202,4,4,31891.2,0.0,0.0,0.0,0.002,797280.05
1658018,IT,DE,PREC1,NUCLE,0.05,31890.791,3,3,31890.791,0.0,0.0,0.0,0.0,637815.82
1765426,IT,RU,TEXTI,CHEM1,0.19,31890.35,4,4,31890.346,0.0,0.0,0.0,0.004,167843.947368
1722529,IT,PT,BEVER,POULT,0.14,31890.284,4,4,31890.282,0.0,0.0,0.0,0.002,227787.742857
1730769,IT,SE,BUSIN,GASDI,0.33,31890.172,4,4,31890.17,0.0,0.0,0.0,0.002,96636.884848
1728517,IT,SE,WOODW,SUPPO,0.09,31888.531,4,4,31888.529,0.0,0.0,0.0,0.002,354317.011111
1676968,IT,FR,AIRTR,ELECT,0.03,31887.559,3,3,31887.559,0.0,0.0,0.0,0.0,1062918.633333
1655898,IT,DE,DAIRY,RENTI,0.13,31885.963,4,4,31885.961,0.0,0.0,0.0,0.002,245276.638462
1683283,IT,HR,BRICK,RETA1,0.05,31884.655,4,4,31884.653,0.0,0.0,0.0,0.002,637693.1
1722973,IT,PT,NAPHT,NAPHT,0.05,31884.451,4,4,31884.449,0.0,0.0,0.0,0.002,637689.02
1778538,IT,TR,RETA1,NONME,0.33,31882.814,4,4,31882.812,0.0,0.0,0.0,0.002,96614.587879
1755483,IT,KR,PLAST,TRANS,0.07,31881.869,4,4,31881.866,0.0,0.0,0.0,0.003,455455.271429
1656712,IT,DE,MOTOR,MACHI,0.05,31881.721,4,4,31881.718,0.0,0.0,0.0,0.003,637634.42
1666598,IT,ES,CHEM1,ELECT,0.07,31880.953,4,4,31880.95,0.0,0.0,0.0,0.003,455442.185714
1809262,IT,WM,CRUDE,ELEC1,0.06,31877.212,4,4,31877.209,0.0,0.0,0.0,0.003,531286.866667
1798399,IT,WE,NATUR,CEREA,0.04,31876.892,4,4,31876.89,0.0,0.0,0.0,0.002,796922.3
1735902,IT,SK,OFFIC,RAILW,0.1,31876.804,4,4,31876.802,0.0,0.0,0.0,0.002,318768.04
1720700,IT,PL,MOTO1,FOOD4,0.17,31876.651,4,4,31876.649,0.0,0.0,0.0,0.002,187509.711765
1764429,IT,MX,FURNI,FOOD5,0.1,31876.328,4,4,31876.325,0.0,0.0,0.0,0.003,318763.28
1760282,IT,IN,CROPS,HOTEL,0.25,31875.019,4,4,31875.017,0.0,0.0,0.0,0.002,127500.076
1641431,IT,AT,GASDI,RUBBE,0.05,31874.507,4,4,31874.504,0.0,0.0,0.0,0.003,637490.14
1667470,IT,ES,FABRI,RAWMI,0.13,31873.995,4,4,31873.993,0.0,0.0,0.0,0.002,245184.576923
1717297,IT,NL,POSTT,RECRE,0.52,31873.862,4,4,31873.86,0.0,0.0,0.0,0.002,61295.888462
1753403,IT,CA,COPP1,ELEC1,0.08,31871.899,4,4,31871.897,0.0,0.0,0.0,0.002,398398.7375
1663809,IT,EE,BEVER,RECRE,0.14,31868.315,4,4,31868.313,0.0,0.0,0.0,0.002,227630.821429
1792687,IT,WA,RESEA,COMPU,0.17,31866.727,4,4,31866.725,0.0,0.0,0.0,0.002,187451.335294
1682312,IT,HR,WOODW,POULT,0.09,31866.194,4,4,31866.192,0.0,0.0,0.0,0.002,354068.822222
1647549,IT,BE,SUPPO,REALE,0.23,31865.302,4,4,31865.3,0.0,0.0,0.0,0.002,138544.791304
1810378,IT,WM,WOODW,AUXIL,0.09,31865.272,4,4,31865.27,0.0,0.0,0.0,0.002,354058.577778
1656398,IT,DE,WOODW,SALEM,0.09,31865.212,4,4,31865.21,0.0,0.0,0.0,0.002,354057.911111
1779985,IT,TW,SALEM,PAPER,0.26,31864.944,4,4,31864.942,0.0,0.0,0.0,0.002,122557.476923
1791416,IT,WA,WHOLE,MEAT4,0.28,31861.985,4,4,31861.983,0.0,0.0,0.0,0.002,113792.803571
1650569,IT,BG,ELEC7,HEALT,0.02,31861.903,3,3,31861.903,0.0,0.0,0.0,0.0,1593095.15
1800040,IT,WE,LIQUE,CROPS,0.06,31861.477,4,4,31861.474,0.0,0.0,0.0,0.003,531024.616667
1770690,IT,AU,INSUR,CONST,0.66,31858.437,3,3,31858.437,0.0,0.0,0.0,0.0,48270.359091
1747224,IT,JP,SALEM,MACHI,0.26,31857.874,4,4,31857.872,0.0,0.0,0.0,0.002,122530.284615
1651971,IT,CY,BUSIN,HEALT,0.33,31857.475,4,4,31857.473,0.0,0.0,0.0,0.002,96537.80303
1803737,IT,WF,FISH5,PREC1,0.13,31855.65,4,4,31855.634,0.0,0.0,0.0,0.016,245043.461538
1806781,IT,WF,RETA1,NATUR,0.33,31852.727,4,4,31852.725,0.0,0.0,0.0,0.002,96523.415152
1776747,IT,TR,LIQUE,MACHI,0.06,31851.991,4,4,31851.988,0.0,0.0,0.0,0.003,530866.516667
1743086,IT,US,MOTO1,MEATP,0.17,31851.107,4,4,31851.105,0.0,0.0,0.0,0.002,187359.452941
1663177,IT,DK,LANDT,MOTO1,0.21,31848.735,4,4,31848.733,0.0,0.0,0.0,0.002,151660.642857
1791986,IT,WA,SEACO,RAILW,0.03,31844.574,3,3,31844.574,0.0,0.0,0.0,0.0,1061485.8
1741569,IT,US,GASDI,GASDI,0.05,31843.991,4,4,31843.988,0.0,0.0,0.0,0.003,636879.82
1808300,IT,WF,FOOD2,POSTT,0.19,31843.55,4,4,31843.548,0.0,0.0,0.0,0.002,167597.631579
1748281,IT,JP,MEMBE,WHOLE,0.37,31843.199,4,4,31843.197,0.0,0.0,0.0,0.002,86062.7
1751439,IT,CN,AIRTR,TEXTI,0.03,31838.983,3,3,31838.983,0.0,0.0,0.0,0.0,1061299.433333
1756111,IT,KR,FABRI,SEACO,0.13,31838.886,4,4,31838.884,0.0,0.0,0.0,0.002,244914.507692
1684088,IT,HR,HOTEL,AIRTR,0.23,31838.119,4,4,31838.117,0.0,0.0,0.0,0.002,138426.604348
1721388,IT,PL,SEACO,ALUM1,0.03,31836.308,3,3,31836.308,0.0,0.0,0.0,0.0,1061210.266667
1768698,IT,AU,TEXTI,RENTI,0.19,31834.583,4,4,31834.579,0.0,0.0,0.0,0.004,167550.436842
1649576,IT,BG,RUBBE,POSTT,0.11,31833.272,4,4,31833.269,0.0,0.0,0.0,0.003,289393.381818
1728486,IT,SE,WOODW,FORES,0.09,31833.238,4,4,31833.236,0.0,0.0,0.0,0.002,353702.644444
1645816,IT,BE,RUBBE,SEWAG,0.11,31832.102,4,4,31832.099,0.0,0.0,0.0,0.003,289382.745455
1688232,IT,IE,CEREA,MEATA,0.05,31831.591,4,4,31831.589,0.0,0.0,0.0,0.002,636631.82
1805228,IT,WF,CHEM1,FOUND,0.07,31830.226,4,4,31830.223,0.0,0.0,0.0,0.003,454717.514286
1669169,IT,ES,POSTT,CEMEN,0.52,31829.335,4,4,31829.333,0.0,0.0,0.0,0.002,61210.259615
1657980,IT,DE,BASIC,PLAS1,0.04,31828.362,4,4,31828.36,0.0,0.0,0.0,0.002,795709.05
1781871,IT,NO,CHEM1,SANDC,0.07,31825.394,4,4,31825.391,0.0,0.0,0.0,0.003,454648.485714
1647363,IT,BE,SEACO,FURNI,0.03,31823.202,3,3,31823.202,0.0,0.0,0.0,0.0,1060773.4
1653579,IT,CZ,BASIC,WOOD1,0.04,31822.287,4,4,31822.285,0.0,0.0,0.0,0.002,795557.175
1653517,IT,CZ,BASIC,BIOGA,0.04,31822.181,4,4,31822.179,0.0,0.0,0.0,0.002,795554.525
1795577,IT,WL,COPP1,SALEM,0.08,31821.982,4,4,31821.98,0.0,0.0,0.0,0.002,397774.775
1783431,IT,NO,INTER,FOODW,0.19,31819.893,4,4,31819.891,0.0,0.0,0.0,0.002,167473.121053
1809634,IT,WM,DAIRY,HEAVY,0.13,31817.922,4,4,31817.92,0.0,0.0,0.0,0.002,244753.246154
1783387,IT,NO,PLAS1,PLAS1,0.11,31816.491,4,4,31816.489,0.0,0.0,0.0,0.002,289240.827273
1788463,IT,WA,PULP5,BIODI,0.1,31815.87,4,4,31815.867,0.0,0.0,0.0,0.003,318158.7
1666534,IT,ES,CHEM1,FORES,0.07,31814.85,4,4,31814.847,0.0,0.0,0.0,0.003,454497.857143
1759656,IT,BR,RESEA,FURNI,0.17,31811.607,4,4,31811.605,0.0,0.0,0.0,0.002,187127.1
1659117,IT,DE,ELEC7,BASIC,0.02,31810.979,3,3,31810.979,0.0,0.0,0.0,0.0,1590548.95
1776234,IT,TR,WOODW,BUSIN,0.09,31810.753,4,4,31810.751,0.0,0.0,0.0,0.002,353452.811111
1793795,IT,WL,TEXTI,CROPS,0.19,31809.798,4,4,31809.794,0.0,0.0,0.0,0.004,167419.989474
1777118,IT,TR,ADDIT,BITUM,0.07,31807.432,4,4,31807.43,0.0,0.0,0.0,0.002,454391.885714
1668923,IT,ES,AIRTR,VEGET,0.03,31807.0,3,3,31807.0,0.0,0.0,0.0,0.0,1060233.333333
1686165,IT,HU,GLASS,NATUR,0.09,31805.866,4,4,31805.864,0.0,0.0,0.0,0.002,353398.511111
1723324,IT,PT,NONME,FOOD5,0.06,31805.466,4,4,31805.463,0.0,0.0,0.0,0.003,530091.1
1670909,IT,FI,CHEM1,SANDC,0.07,31804.105,4,4,31804.102,0.0,0.0,0.0,0.003,454344.357143
1788438,IT,WA,PULP5,PROCE,0.1,31803.001,4,4,31802.998,0.0,0.0,0.0,0.003,318030.01
1752030,IT,CN,RESEA,AIRTR,0.17,31801.149,4,4,31801.147,0.0,0.0,0.0,0.002,187065.582353
1761080,IT,IN,PFERT,CROPS,0.01,31801.146,4,4,31801.141,0.0,0.0,0.0,0.005,3180114.6
1754141,IT,CA,AIRTR,FOOD4,0.03,31800.805,3,3,31800.805,0.0,0.0,0.0,0.0,1060026.833333
1666127,IT,ES,GASDI,COPP1,0.05,31800.029,4,4,31800.026,0.0,0.0,0.0,0.003,636000.58
1673908,IT,FR,MOTOR,FISHF,0.05,31799.966,4,4,31799.963,0.0,0.0,0.0,0.003,635999.32
1740565,IT,US,OILSE,FOOD5,0.02,31798.641,3,3,31798.641,0.0,0.0,0.0,0.0,1589932.05
1766368,IT,RU,BASIC,NATUR,0.04,31797.569,4,4,31797.567,0.0,0.0,0.0,0.002,794939.225
1759787,IT,BR,BUSIN,DIST1,0.33,31796.587,4,4,31796.585,0.0,0.0,0.0,0.002,96353.293939
1750388,IT,CN,FABRI,ELEC2,0.13,31794.047,4,4,31794.045,0.0,0.0,0.0,0.002,244569.592308
1736003,IT,SK,TRANS,OFFIC,0.19,31793.134,4,4,31793.132,0.0,0.0,0.0,0.002,167332.284211
1641236,IT,AT,MOTOR,OILSE,0.05,31792.602,4,4,31792.599,0.0,0.0,0.0,0.003,635852.04
1802261,IT,WE,LANDT,PRINT,0.21,31792.126,4,4,31792.124,0.0,0.0,0.0,0.002,151391.07619
1746356,IT,JP,RUBBE,TEXTI,0.11,31788.056,4,4,31788.053,0.0,0.0,0.0,0.003,288982.327273
1751570,IT,CN,POSTT,GLASS,0.52,31785.563,4,4,31785.561,0.0,0.0,0.0,0.002,61126.082692
1655326,IT,DE,VEGET,ELECT,0.11,31785.455,3,3,31785.455,0.0,0.0,0.0,0.0,288958.681818
1771488,IT,CH,BEVER,POSTT,0.14,31785.39,4,4,31785.388,0.0,0.0,0.0,0.002,227038.5
1646332,IT,BE,FABRI,MEATC,0.13,31784.349,4,4,31784.347,0.0,0.0,0.0,0.002,244494.992308
1740816,IT,US,VEGE1,ETHAN,0.1,31781.28,4,4,31781.273,0.0,0.0,0.0,0.007,317812.8
1803426,IT,WF,MEATP,PRECI,0.13,31779.612,4,4,31779.609,0.0,0.0,0.0,0.003,244458.553846
1739542,IT,GB,LANDT,WOOD2,0.2,31776.854,4,4,31776.852,0.0,0.0,0.0,0.002,158884.27
1768737,IT,AU,WEARI,CHEM1,0.24,31775.833,4,4,31775.827,0.0,0.0,0.0,0.006,132399.304167
1808393,IT,WF,WASTE,SALEM,0.1,31775.299,4,4,31775.297,0.0,0.0,0.0,0.002,317752.99
1743947,IT,US,INLAN,CONST,0.05,31771.596,4,4,31771.594,0.0,0.0,0.0,0.002,635431.92
1641795,IT,AT,CHEM1,LEAD1,0.07,31770.273,4,4,31770.27,0.0,0.0,0.0,0.003,453861.042857
1807505,IT,WF,RENTI,CHEMI,0.19,31769.848,4,4,31769.846,0.0,0.0,0.0,0.002,167209.726316
1743030,IT,US,OFFIC,SALEM,0.1,31769.847,4,4,31769.845,0.0,0.0,0.0,0.002,317698.47
1646067,IT,BE,BASIC,BIOGA,0.04,31769.453,4,4,31769.451,0.0,0.0,0.0,0.002,794236.325
1793812,IT,WL,TEXTI,DAIRY,0.19,31769.146,4,4,31769.142,0.0,0.0,0.0,0.004,167206.031579
1686670,IT,HU,LEAD1,TEXT2,0.06,31768.59,4,4,31768.587,0.0,0.0,0.0,0.003,529476.5
1727504,IT,RO,AUXIL,SALEM,0.58,31767.999,4,4,31767.997,0.0,0.0,0.0,0.002,54772.412069
1748709,IT,CN,FOOD5,RECRE,0.15,31767.749,4,4,31767.746,0.0,0.0,0.0,0.003,211784.993333
1758263,IT,BR,PREC1,FURNI,0.05,31766.901,3,3,31766.901,0.0,0.0,0.0,0.0,635338.02
1788276,IT,WA,LEATH,NONSP,0.23,31765.931,4,4,31765.926,0.0,0.0,0.0,0.005,138112.743478
1797073,IT,WL,SUPPO,PUBLI,0.23,31765.489,4,4,31765.487,0.0,0.0,0.0,0.002,138110.821739
1791946,IT,WA,SEACO,PAPER,0.03,31764.581,3,3,31764.581,0.0,0.0,0.0,0.0,1058819.366667
1810479,IT,WM,PAPER,CROPS,0.12,31763.934,4,4,31763.931,0.0,0.0,0.0,0.003,264699.45
1795548,IT,WL,ALUM1,BUSIN,0.06,31763.105,4,4,31763.102,0.0,0.0,0.0,0.003,529385.083333
1765786,IT,RU,MOTOR,NAPHT,0.05,31761.094,4,4,31761.091,0.0,0.0,0.0,0.003,635221.88
1804722,IT,WF,LIQUE,SUPPO,0.06,31760.936,4,4,31760.933,0.0,0.0,0.0,0.003,529348.933333
1662583,IT,DK,FABRI,RADIO,0.13,31752.912,4,4,31752.91,0.0,0.0,0.0,0.002,244253.169231
1672033,IT,FI,SEACO,MEMBE,0.03,31750.872,3,3,31750.872,0.0,0.0,0.0,0.0,1058362.4
1720703,IT,PL,MOTO1,INERT,0.17,31749.902,4,4,31749.9,0.0,0.0,0.0,0.002,186764.129412
1640956,IT,AT,WOODW,CHEM1,0.09,31748.497,4,4,31748.495,0.0,0.0,0.0,0.002,352761.077778
1718767,IT,PL,PAPER,RAWMI,0.12,31748.274,4,4,31748.271,0.0,0.0,0.0,0.003,264568.95
1717465,IT,NL,AUXIL,SUPPO,0.58,31746.69,4,4,31746.688,0.0,0.0,0.0,0.002,54735.672414
1745147,IT,US,93197,CROPS,0.21,31746.544,4,4,31746.541,0.0,0.0,0.0,0.003,151174.019048
1672324,IT,FI,RESEA,GASDI,0.17,31745.925,4,4,31745.923,0.0,0.0,0.0,0.002,186740.735294
1714490,IT,NL,FISHF,BUSIN,0.05,31744.151,3,3,31744.151,0.0,0.0,0.0,0.0,634883.02
1743699,IT,US,RAILW,WHOLE,0.21,31743.706,3,3,31743.706,0.0,0.0,0.0,0.0,151160.504762
1803535,IT,WF,VEGE1,SUPPO,0.1,31742.187,4,4,31742.18,0.0,0.0,0.0,0.007,317421.87
1764410,IT,MX,MOTO1,HEALT,0.17,31741.989,4,4,31741.987,0.0,0.0,0.0,0.002,186717.582353
1738259,IT,GB,NONME,FOOD5,0.06,31741.817,4,4,31741.814,0.0,0.0,0.0,0.003,529030.283333
1807905,IT,WF,PLAS1,PIGS9,0.11,31741.562,4,4,31741.56,0.0,0.0,0.0,0.002,288559.654545
1714082,IT,MT,SEACO,STONE,0.03,31740.532,3,3,31740.532,0.0,0.0,0.0,0.0,1058017.733333
1667461,IT,ES,FABRI,OILSE,0.13,31739.677,4,4,31739.675,0.0,0.0,0.0,0.002,244151.361538
1711534,IT,LU,POSTT,AIRTR,0.52,31738.773,4,4,31738.771,0.0,0.0,0.0,0.002,61036.101923
1720638,IT,PL,MOTO1,CHEM1,0.17,31738.587,4,4,31738.585,0.0,0.0,0.0,0.002,186697.570588
1763016,IT,MX,BEVER,RETA1,0.13,31737.382,4,4,31737.38,0.0,0.0,0.0,0.002,244133.707692
1753169,IT,CA,GLASS,TEXTI,0.09,31737.274,4,4,31737.272,0.0,0.0,0.0,0.002,352636.377778
1737450,IT,GB,LEATH,PRINT,0.23,31736.76,4,4,31736.755,0.0,0.0,0.0,0.005,137985.913043
1779488,IT,TR,RENTI,CEMEN,0.19,31735.54,4,4,31735.538,0.0,0.0,0.0,0.002,167029.157895
1734404,IT,SK,VEGET,REFIN,0.11,31733.464,3,3,31733.464,0.0,0.0,0.0,0.0,288486.036364
1735307,IT,SK,GLASS,COMPU,0.09,31732.71,4,4,31732.708,0.0,0.0,0.0,0.002,352585.666667
1766630,IT,RU,FABRI,MOTOR,0.13,31731.206,4,4,31731.204,0.0,0.0,0.0,0.002,244086.2
1670345,IT,FI,VEGE1,CHEM1,0.1,31729.209,4,4,31729.202,0.0,0.0,0.0,0.007,317292.09
1725060,IT,RO,OILSE,BUSIN,0.02,31728.808,3,3,31728.808,0.0,0.0,0.0,0.0,1586440.4
1663744,IT,EE,FOOD5,MEATP,0.15,31728.342,4,4,31728.339,0.0,0.0,0.0,0.003,211522.28
1649294,IT,BG,NAPHT,BIOGA,0.05,31728.069,4,4,31728.067,0.0,0.0,0.0,0.002,634561.38
1709887,IT,LT,CERAM,HOTEL,0.05,31727.983,4,4,31727.981,0.0,0.0,0.0,0.002,634559.66
1776160,IT,TR,LEATH,SALEM,0.23,31724.935,4,4,31724.93,0.0,0.0,0.0,0.005,137934.5
1761873,IT,IN,TRANS,MACHI,0.19,31724.857,4,4,31724.855,0.0,0.0,0.0,0.002,166972.931579
1749431,IT,CN,GASDI,SUGAR,0.05,31723.809,4,4,31723.806,0.0,0.0,0.0,0.003,634476.18
1783089,IT,NO,INSUR,SEACO,0.65,31722.031,3,3,31722.031,0.0,0.0,0.0,0.0,48803.124615
1766995,IT,RU,MOTO1,HEALT,0.17,31721.417,4,4,31721.415,0.0,0.0,0.0,0.002,186596.570588
1746205,IT,JP,CHEM1,STONE,0.07,31721.223,4,4,31721.22,0.0,0.0,0.0,0.003,453160.328571
1791388,IT,WA,RETAI,CHARC,0.25,31719.661,4,4,31719.659,0.0,0.0,0.0,0.002,126878.644
1672385,IT,FI,BUSIN,COPP1,0.33,31719.085,4,4,31719.083,0.0,0.0,0.0,0.002,96118.439394
1648121,IT,BE,RESEA,OFFIC,0.17,31718.309,4,4,31718.307,0.0,0.0,0.0,0.002,186578.288235
1761415,IT,IN,BASIC,NATUR,0.04,31717.7,4,4,31717.698,0.0,0.0,0.0,0.002,792942.5
1809613,IT,WM,DAIRY,FISHF,0.13,31717.281,4,4,31717.279,0.0,0.0,0.0,0.002,243979.084615
1805626,IT,WF,NONME,MEAT4,0.06,31716.701,4,4,31716.698,0.0,0.0,0.0,0.003,528611.683333
1672836,IT,FR,MEAT4,BUSIN,0.17,31716.183,4,4,31716.181,0.0,0.0,0.0,0.002,186565.782353
1673132,IT,FR,BEVER,FISHF,0.13,31715.89,4,4,31715.888,0.0,0.0,0.0,0.002,243968.384615
1748335,IT,CN,VEGET,BITUM,0.11,31714.059,3,3,31714.059,0.0,0.0,0.0,0.0,288309.627273
1759128,IT,BR,AIRTR,BRICK,0.03,31713.989,3,3,31713.989,0.0,0.0,0.0,0.0,1057132.966667
1757825,IT,BR,PFERT,HEALT,0.01,31713.755,4,4,31713.75,0.0,0.0,0.0,0.005,3171375.5
1775155,IT,CH,RESEA,MEATC,0.17,31712.963,4,4,31712.961,0.0,0.0,0.0,0.002,186546.841176
1715918,IT,NL,GLASS,PULP5,0.09,31710.242,4,4,31710.24,0.0,0.0,0.0,0.002,352336.022222
1736892,IT,SK,BUSIN,HOTEL,0.33,31709.606,4,4,31709.604,0.0,0.0,0.0,0.002,96089.715152
1749785,IT,CN,ADDIT,ELEC1,0.07,31706.396,4,4,31706.394,0.0,0.0,0.0,0.002,452948.514286
1662096,IT,DK,CHEM1,RENTI,0.07,31706.259,4,4,31706.256,0.0,0.0,0.0,0.003,452946.557143
1796600,IT,WL,HOTEL,PULP5,0.23,31705.804,4,4,31705.802,0.0,0.0,0.0,0.002,137851.321739
1680518,IT,GR,ELEC7,ALUM1,0.02,31705.431,3,3,31705.431,0.0,0.0,0.0,0.0,1585271.55
1766365,IT,RU,BASIC,COKIN,0.04,31705.225,4,4,31705.223,0.0,0.0,0.0,0.002,792630.625
1793649,IT,WL,DAIRY,AUXIL,0.13,31704.092,4,4,31704.09,0.0,0.0,0.0,0.002,243877.630769
1652877,IT,CZ,COALT,LEAD1,0.05,31701.594,4,4,31701.592,0.0,0.0,0.0,0.002,634031.88
1673955,IT,FR,AVIAT,AIRTR,0.07,31699.312,4,4,31699.31,0.0,0.0,0.0,0.002,452847.314286
1762938,IT,MX,VEGE1,PIGS9,0.1,31698.283,4,4,31698.276,0.0,0.0,0.0,0.007,316982.83
1715898,IT,NL,RUBBE,MEMBE,0.11,31696.18,4,4,31696.177,0.0,0.0,0.0,0.003,288147.090909
1652997,IT,CZ,PLAST,DAIRY,0.07,31692.678,4,4,31692.675,0.0,0.0,0.0,0.003,452752.542857
1751691,IT,CN,INSUR,PLAST,0.65,31688.378,3,3,31688.378,0.0,0.0,0.0,0.0,48751.350769
1664968,IT,ES,SANDC,ELECT,0.07,31687.524,4,4,31680.524,0.0,0.0,7.0,0.0,452678.914286
1800207,IT,WE,PLAST,CHEMI,0.07,31686.123,4,4,31686.12,0.0,0.0,0.0,0.003,452658.9
1790746,IT,WA,MACHI,SUBBI,0.18,31683.794,4,4,31683.791,0.0,0.0,0.0,0.003,176021.077778
1655409,IT,DE,MEATA,RUBBE,0.17,31683.682,4,4,31683.677,0.0,0.0,0.0,0.005,186374.6
1670210,IT,ES,RECRE,SALEM,0.4,31681.809,4,4,31681.807,0.0,0.0,0.0,0.002,79204.5225
1740947,IT,US,FOOD5,LANDT,0.15,31679.914,4,4,31679.911,0.0,0.0,0.0,0.003,211199.426667
1795465,IT,WL,PREC1,MOTO1,0.05,31676.62,3,3,31676.62,0.0,0.0,0.0,0.0,633532.4
1662405,IT,DK,PREC1,PROCE,0.05,31674.217,3,3,31674.217,0.0,0.0,0.0,0.0,633484.34
1766282,IT,RU,CERAM,RETA1,0.05,31673.451,4,4,31673.449,0.0,0.0,0.0,0.002,633469.02
1737235,IT,GB,SUGA1,FOOD5,0.08,31671.82,4,4,31671.815,0.0,0.0,0.0,0.005,395897.75
1792017,IT,WA,AIRTR,CEREA,0.03,31670.921,3,3,31670.921,0.0,0.0,0.0,0.0,1055697.366667
1671604,IT,FI,TRANS,BUSIN,0.19,31668.738,4,4,31668.736,0.0,0.0,0.0,0.002,166677.568421
1722579,IT,PT,FISH5,PAPER,0.13,31667.799,4,4,31667.783,0.0,0.0,0.0,0.016,243598.453846
1784875,IT,ID,AIRTR,TRANS,0.03,31666.23,3,3,31666.23,0.0,0.0,0.0,0.0,1055541.0
1748466,IT,CN,STONE,LEAD1,0.1,31665.829,4,4,31663.829,0.0,0.0,2.0,0.0,316658.29
1790612,IT,WA,FABRI,COPPE,0.13,31665.568,4,4,31665.566,0.0,0.0,0.0,0.002,243581.292308
1777625,IT,TR,ALUM1,ELEC1,0.06,31665.553,4,4,31665.55,0.0,0.0,0.0,0.003,527759.216667
1790657,IT,WA,FABRI,CHARC,0.13,31665.223,4,4,31665.221,0.0,0.0,0.0,0.002,243578.638462
1730177,IT,SE,LANDT,CEMEN,0.2,31662.999,3,3,31662.999,0.0,0.0,0.0,0.0,158314.995
1723315,IT,PT,NONME,CATTL,0.06,31661.941,4,4,31661.938,0.0,0.0,0.0,0.003,527699.016667
1777441,IT,TR,NONME,FURNI,0.06,31660.51,4,4,31660.507,0.0,0.0,0.0,0.003,527675.166667
1796732,IT,WL,LANDT,BEVER,0.2,31659.465,3,3,31659.465,0.0,0.0,0.0,0.0,158297.325
1776475,IT,TR,MOTOR,NONME,0.05,31658.138,4,4,31658.135,0.0,0.0,0.0,0.003,633162.76
1725779,IT,RO,PRINT,ELEC4,0.3,31657.912,4,4,31657.91,0.0,0.0,0.0,0.002,105526.373333
1782300,IT,NO,COPP1,TRANS,0.08,31655.302,4,4,31655.3,0.0,0.0,0.0,0.002,395691.275
1674983,IT,FR,PREC1,LIQUE,0.05,31654.75,3,3,31654.75,0.0,0.0,0.0,0.0,633095.0
1769129,IT,AU,CHEM1,MEAT4,0.07,31654.656,4,4,31654.653,0.0,0.0,0.0,0.003,452209.371429
1798052,IT,WL,MEMBE,COPP1,0.37,31653.119,4,4,31653.117,0.0,0.0,0.0,0.002,85548.97027
1731994,IT,SI,KEROS,MEATP,0.05,31651.421,4,4,31651.418,0.0,0.0,0.0,0.003,633028.42
1715457,IT,NL,AVIAT,PUBLI,0.07,31651.387,4,4,31651.385,0.0,0.0,0.0,0.002,452162.671429
1778323,IT,TR,SALEM,AUXIL,0.26,31651.109,4,4,31651.107,0.0,0.0,0.0,0.002,121735.034615
1736994,IT,GB,FORES,CEREA,0.28,31649.924,4,4,31637.924,0.0,12.0,0.0,0.0,113035.442857
1800859,IT,WE,BASIC,COMPU,0.04,31649.479,4,4,31649.477,0.0,0.0,0.0,0.002,791236.975
1720359,IT,PL,FABRI,FOOD3,0.13,31648.327,4,4,31648.325,0.0,0.0,0.0,0.002,243448.669231
1794432,IT,WL,GASDI,MEATA,0.05,31647.763,4,4,31647.76,0.0,0.0,0.0,0.003,632955.26
1711253,IT,LU,OFFIC,HOTEL,0.1,31647.191,4,4,31647.189,0.0,0.0,0.0,0.002,316471.91
1710451,IT,LT,LANDT,BIODI,0.2,31646.043,3,3,31646.043,0.0,0.0,0.0,0.0,158230.215
1718204,IT,PL,DAIRY,EDUCA,0.13,31646.034,4,4,31646.032,0.0,0.0,0.0,0.002,243431.030769
1654882,IT,CZ,POSTT,INSUR,0.52,31645.469,4,4,31645.467,0.0,0.0,0.0,0.002,60856.671154
1764671,IT,MX,RETA1,HEALT,0.33,31642.463,4,4,31642.461,0.0,0.0,0.0,0.002,95886.251515
1809373,IT,WM,CHEMI,CROPS,0.08,31641.786,5,5,31639.783,0.0,0.0,2.0,0.003,395522.325
1750729,IT,CN,TRANS,VEGET,0.19,31639.293,4,4,31639.291,0.0,0.0,0.0,0.002,166522.594737
1740301,IT,GB,PUBLI,PRINT,0.52,31637.49,4,4,31637.488,0.0,0.0,0.0,0.002,60841.326923
1651863,IT,CY,AIRTR,COMPU,0.03,31635.714,3,3,31635.714,0.0,0.0,0.0,0.0,1054523.8
1812787,IT,WM,FABRI,FORES,0.13,31632.389,4,4,31632.387,0.0,0.0,0.0,0.002,243326.069231
1674629,IT,FR,RUBBE,MEMBE,0.1,31632.379,4,4,31632.376,0.0,0.0,0.0,0.003,316323.79
1765639,IT,RU,WOODW,PUBLI,0.09,31629.844,4,4,31629.842,0.0,0.0,0.0,0.002,351442.711111
1649414,IT,BG,CHEM1,NAPHT,0.07,31627.729,4,4,31627.726,0.0,0.0,0.0,0.003,451824.7
1757629,IT,BR,GASDI,MEMBE,0.05,31625.878,4,4,31625.875,0.0,0.0,0.0,0.003,632517.56
1755217,IT,KR,WOODW,RETA1,0.09,31623.34,4,4,31623.338,0.0,0.0,0.0,0.002,351370.444444
1757518,IT,BR,PRINT,WHOLE,0.3,31621.404,4,4,31621.402,0.0,0.0,0.0,0.002,105404.68
1774979,IT,CH,AUXIL,WHOLE,0.58,31621.036,4,4,31621.034,0.0,0.0,0.0,0.002,54519.027586
1809979,IT,WM,FISH5,RESEA,0.13,31620.239,4,4,31620.223,0.0,0.0,0.0,0.016,243232.607692
1652314,IT,CZ,BEVER,DISTR,0.13,31619.768,4,4,31619.766,0.0,0.0,0.0,0.002,243228.984615
1762674,IT,IN,RESEA,WHOLE,0.17,31617.551,4,4,31617.549,0.0,0.0,0.0,0.002,185985.594118
1675135,IT,FR,COPP1,RUBBE,0.08,31617.33,4,4,31617.328,0.0,0.0,0.0,0.002,395216.625
1661509,IT,DK,FOOD5,MEDIC,0.15,31616.683,4,4,31616.68,0.0,0.0,0.0,0.003,210777.886667
1679252,IT,GR,GASDI,BEVER,0.05,31615.219,4,4,31615.216,0.0,0.0,0.0,0.003,632304.38
1722323,IT,PT,OILSE,BEVER,0.02,31614.729,3,3,31614.729,0.0,0.0,0.0,0.0,1580736.45
1733339,IT,SI,TRANS,DAIRY,0.19,31614.711,4,4,31614.709,0.0,0.0,0.0,0.002,166393.215789
1664640,IT,EE,LANDT,FABRI,0.2,31614.284,3,3,31614.284,0.0,0.0,0.0,0.0,158071.42
1742099,IT,US,RUBBE,NONF1,0.1,31613.221,4,4,31613.218,0.0,0.0,0.0,0.003,316132.21
1802638,IT,WE,REALE,HEALT,1.34,31612.731,4,4,31612.729,0.0,0.0,0.0,0.002,23591.590299
1749373,IT,CN,PRINT,REALE,0.3,31612.14,4,4,31612.138,0.0,0.0,0.0,0.002,105373.8
1782306,IT,NO,COPP1,RESEA,0.08,31611.856,4,4,31611.854,0.0,0.0,0.0,0.002,395148.2
1787561,IT,WA,CHEMI,HEALT,0.08,31611.562,5,5,31609.559,0.0,0.0,2.0,0.003,395144.525
1795724,IT,WL,MACHI,PIGS9,0.18,31610.596,4,4,31610.593,0.0,0.0,0.0,0.003,175614.422222
1738642,IT,GB,MACHI,RAWMI,0.18,31609.689,4,4,31609.686,0.0,0.0,0.0,0.003,175609.383333
1758820,IT,BR,RETA1,REALE,0.33,31609.375,4,4,31609.373,0.0,0.0,0.0,0.002,95785.984848
1802404,IT,WE,AIRTR,MEATP,0.03,31609.132,3,3,31609.132,0.0,0.0,0.0,0.0,1053637.733333
1688863,IT,IE,BASIC,PUBLI,0.04,31607.283,4,4,31607.281,0.0,0.0,0.0,0.002,790182.075
1796861,IT,WL,SEACO,CERAM,0.03,31605.678,3,3,31605.678,0.0,0.0,0.0,0.0,1053522.6
1719681,IT,PL,NONME,DAIRY,0.06,31605.058,4,4,31605.055,0.0,0.0,0.0,0.003,526750.966667
1730833,IT,SE,BUSIN,PAPE1,0.32,31603.679,4,4,31603.677,0.0,0.0,0.0,0.002,98761.496875
1714371,IT,MT,PRIVA,COMPU,7.05,31603.014,4,4,31603.009,0.0,0.0,0.0,0.005,4482.697021
1666438,IT,ES,PARAF,HEAVY,0.05,31601.15,4,4,31601.148,0.0,0.0,0.0,0.002,632023.0
1729706,IT,SE,MACHI,CROPS,0.18,31600.697,4,4,31600.694,0.0,0.0,0.0,0.003,175559.427778
1735578,IT,SK,ALUM1,RENTI,0.05,31599.968,4,4,31599.965,0.0,0.0,0.0,0.003,631999.36
1758692,IT,BR,SALEM,WHOLE,0.26,31599.595,4,4,31599.593,0.0,0.0,0.0,0.002,121536.903846
1782962,IT,NO,AIRTR,COMPU,0.03,31596.766,3,3,31596.766,0.0,0.0,0.0,0.0,1053225.533333
1669164,IT,ES,POSTT,BIODI,0.52,31595.607,4,4,31595.605,0.0,0.0,0.0,0.002,60760.782692
1659703,IT,DE,RAILW,BIODI,0.21,31593.915,3,3,31593.915,0.0,0.0,0.0,0.0,150447.214286
1745772,IT,JP,WEARI,DIST1,0.24,31591.733,4,4,31591.727,0.0,0.0,0.0,0.006,131632.220833
1663783,IT,EE,BEVER,CHEM1,0.13,31590.643,4,4,31590.641,0.0,0.0,0.0,0.002,243004.946154
1727299,IT,RO,POSTT,WOODW,0.52,31590.507,4,4,31590.505,0.0,0.0,0.0,0.002,60750.975
1813262,IT,WM,TRANS,GLASS,0.19,31585.555,4,4,31585.553,0.0,0.0,0.0,0.002,166239.763158
1719773,IT,PL,BASIC,PROCE,0.04,31584.506,4,4,31584.504,0.0,0.0,0.0,0.002,789612.65
1751254,IT,CN,HOTEL,POSTT,0.23,31584.409,4,4,31584.407,0.0,0.0,0.0,0.002,137323.517391
1758197,IT,BR,BASIC,RAWMI,0.04,31583.231,4,4,31583.229,0.0,0.0,0.0,0.002,789580.775
1662278,IT,DK,BRICK,BRICK,0.05,31582.772,4,4,31582.77,0.0,0.0,0.0,0.002,631655.44
1739434,IT,GB,LANDT,VEGE1,0.2,31582.654,3,3,31582.654,0.0,0.0,0.0,0.0,157913.27
1737289,IT,GB,FOOD5,RENTI,0.15,31579.04,4,4,31579.037,0.0,0.0,0.0,0.003,210526.933333
1681064,IT,GR,SUPPO,CHEMI,0.23,31578.723,4,4,31578.721,0.0,0.0,0.0,0.002,137298.795652
1768673,IT,AU,TEXTI,MACHI,0.19,31578.347,4,4,31578.343,0.0,0.0,0.0,0.004,166201.826316
1712820,IT,LV,SUPPO,LANDT,0.23,31576.391,4,4,31576.389,0.0,0.0,0.0,0.002,137288.656522
1656118,IT,DE,FISH5,DAIRY,0.13,31575.737,4,4,31575.721,0.0,0.0,0.0,0.016,242890.284615
1684243,IT,HR,SEACO,MOTO1,0.03,31574.158,3,3,31574.158,0.0,0.0,0.0,0.0,1052471.933333
1794715,IT,WL,NAPHT,BUSIN,0.05,31573.885,4,4,31573.883,0.0,0.0,0.0,0.002,631477.7
1774452,IT,CH,LANDT,RAWMI,0.2,31573.644,3,3,31573.644,0.0,0.0,0.0,0.0,157868.22
1800480,IT,WE,RUBBE,SANDC,0.1,31573.577,4,4,31573.574,0.0,0.0,0.0,0.003,315735.77
1757857,IT,BR,CHEM1,FISH5,0.07,31569.707,4,4,31569.704,0.0,0.0,0.0,0.003,450995.814286
1773343,IT,CH,MACHI,MEDIC,0.18,31568.52,4,4,31568.517,0.0,0.0,0.0,0.003,175380.666667
1668392,IT,ES,RETA1,PULP5,0.33,31568.467,4,4,31568.465,0.0,0.0,0.0,0.002,95662.021212
1709595,IT,LT,PAPER,HEAVY,0.12,31567.256,4,4,31567.253,0.0,0.0,0.0,0.003,263060.466667
1788916,IT,WA,HEAVY,RAWMI,0.05,31565.647,4,4,31565.644,0.0,0.0,0.0,0.003,631312.94
1800380,IT,WE,CHEM1,TRANS,0.07,31563.785,4,4,31563.782,0.0,0.0,0.0,0.003,450911.214286
1642411,IT,AT,PREC1,RESEA,0.05,31563.301,3,3,31563.301,0.0,0.0,0.0,0.0,631266.02
1734313,IT,SI,BUSIN,MOTO1,0.32,31562.738,4,4,31562.736,0.0,0.0,0.0,0.002,98633.55625
1750607,IT,CN,OFFIC,ELEC5,0.1,31560.292,4,4,31560.29,0.0,0.0,0.0,0.002,315602.92
1725765,IT,RO,PRINT,BASIC,0.3,31560.194,4,4,31560.192,0.0,0.0,0.0,0.002,105200.646667
1640902,IT,AT,LEATH,SALEM,0.23,31560.152,4,4,31560.147,0.0,0.0,0.0,0.005,137218.052174
1644957,IT,BE,WOODW,CEMEN,0.09,31558.845,4,4,31558.843,0.0,0.0,0.0,0.002,350653.833333
1736566,IT,SK,SUPPO,CONST,0.23,31554.638,4,4,31554.636,0.0,0.0,0.0,0.002,137194.078261
1653952,IT,CZ,MACHI,BKBPE,0.18,31553.888,4,4,31553.885,0.0,0.0,0.0,0.003,175299.377778
1671235,IT,FI,BASIC,AVIAT,0.04,31553.5,4,4,31553.498,0.0,0.0,0.0,0.002,788837.5
1647621,IT,BE,POSTT,FINAN,0.52,31552.601,4,4,31552.599,0.0,0.0,0.0,0.002,60678.078846
1806856,IT,WF,RETA1,REALE,0.33,31551.519,4,4,31551.517,0.0,0.0,0.0,0.002,95610.663636
1670852,IT,FI,NONSP,BUSIN,0.04,31551.213,4,4,31551.211,0.0,0.0,0.0,0.002,788780.325
1747453,IT,JP,SEACO,WEARI,0.03,31550.854,3,3,31550.854,0.0,0.0,0.0,0.0,1051695.133333
1672889,IT,FR,VEGE1,DIST1,0.1,31550.445,4,4,31550.438,0.0,0.0,0.0,0.007,315504.45
1807167,IT,WF,AIRTR,BASIC,0.03,31548.918,3,3,31548.918,0.0,0.0,0.0,0.0,1051630.6
1754097,IT,CA,AIRTR,NONME,0.03,31547.065,3,3,31547.065,0.0,0.0,0.0,0.0,1051568.833333
1796875,IT,WL,SEACO,FURNI,0.03,31546.524,3,3,31546.524,0.0,0.0,0.0,0.0,1051550.8
1646449,IT,BE,MACHI,PAPER,0.18,31546.507,4,4,31546.504,0.0,0.0,0.0,0.003,175258.372222
1690069,IT,IE,RENTI,FABRI,0.19,31545.789,4,4,31545.787,0.0,0.0,0.0,0.002,166030.468421
1732097,IT,SI,KERO1,REALE,0.05,31545.349,4,4,31545.346,0.0,0.0,0.0,0.003,630906.98
1677845,IT,FR,BUSIN,CRUDE,0.32,31544.63,4,4,31544.628,0.0,0.0,0.0,0.002,98576.96875
1721802,IT,PL,AUXIL,RENTI,0.58,31544.165,4,4,31544.163,0.0,0.0,0.0,0.002,54386.491379
1666513,IT,ES,PLAST,CONST,0.07,31543.356,4,4,31543.353,0.0,0.0,0.0,0.003,450619.371429
1765177,IT,MX,BUSIN,TRANS,0.32,31542.742,4,4,31542.74,0.0,0.0,0.0,0.002,98571.06875
1682069,IT,HR,FISH5,RENTI,0.13,31541.673,4,4,31541.657,0.0,0.0,0.0,0.016,242628.253846
1751732,IT,CN,INSUR,RETA1,0.65,31541.63,3,3,31541.63,0.0,0.0,0.0,0.0,48525.584615
1679331,IT,GR,PETRO,MOTOR,0.05,31537.762,4,4,31537.76,0.0,0.0,0.0,0.002,630755.24
1645895,IT,BE,GLASS,PLAS1,0.09,31536.925,4,4,31536.923,0.0,0.0,0.0,0.002,350410.277778
1801918,IT,WE,CONST,93197,0.18,31536.12,4,4,31536.118,0.0,0.0,0.0,0.002,175200.666667
1802058,IT,WE,WHOLE,EDUCA,0.27,31533.784,4,4,31533.782,0.0,0.0,0.0,0.002,116791.792593
1792636,IT,WA,RESEA,CRUDE,0.17,31533.709,4,4,31533.707,0.0,0.0,0.0,0.002,185492.405882
1664785,IT,ES,CEREA,WHOLE,0.05,31533.175,4,4,31533.173,0.0,0.0,0.0,0.002,630663.5
1660844,IT,DE,COMPU,COLLE,0.36,31532.243,4,4,31532.241,0.0,0.0,0.0,0.002,87589.563889
1785199,IT,ZA,BEVER,FISH5,0.13,31531.794,4,4,31531.792,0.0,0.0,0.0,0.002,242552.261538
1735779,IT,SK,MACHI,TEXTI,0.18,31530.15,4,4,31530.147,0.0,0.0,0.0,0.003,175167.5
1664380,IT,EE,MACHI,OILSE,0.18,31526.69,4,4,31526.687,0.0,0.0,0.0,0.003,175148.277778
1781188,IT,NO,VEGET,CRUDE,0.11,31526.435,3,3,31526.435,0.0,0.0,0.0,0.0,286603.954545
1794941,IT,WL,CHEM1,BITU1,0.07,31526.079,4,4,31526.076,0.0,0.0,0.0,0.003,450372.557143
1672544,IT,FR,CEREA,SUGA1,0.05,31525.808,4,4,31525.806,0.0,0.0,0.0,0.002,630516.16
1754738,IT,KR,DAIRY,CHEM1,0.13,31525.57,4,4,31525.568,0.0,0.0,0.0,0.002,242504.384615
1766563,IT,RU,COPP1,COLLE,0.08,31523.374,4,4,31523.372,0.0,0.0,0.0,0.002,394042.175
1751047,IT,CN,WHOLE,HOTEL,0.27,31522.544,4,4,31522.542,0.0,0.0,0.0,0.002,116750.162963
1759311,IT,BR,POSTT,RENTI,0.52,31522.191,4,4,31522.189,0.0,0.0,0.0,0.002,60619.598077
1758400,IT,BR,FABRI,CERAM,0.13,31520.133,4,4,31520.131,0.0,0.0,0.0,0.002,242462.561538
1677439,IT,FR,INSUR,RESEA,0.65,31515.483,3,3,31515.483,0.0,0.0,0.0,0.0,48485.358462
1728289,IT,SE,BEVER,MACHI,0.13,31515.044,4,4,31515.042,0.0,0.0,0.0,0.002,242423.415385
1666635,IT,ES,CHEM1,PLAS1,0.07,31512.06,4,4,31512.057,0.0,0.0,0.0,0.003,450172.285714
1736748,IT,SK,REALE,BUSIN,1.33,31512.056,4,4,31512.054,0.0,0.0,0.0,0.002,23693.275188
1646737,IT,BE,CONST,CHEM1,0.18,31511.307,4,4,31511.305,0.0,0.0,0.0,0.002,175062.816667
1780090,IT,TW,WHOLE,REALE,0.27,31510.624,4,4,31510.622,0.0,0.0,0.0,0.002,116706.014815
1769227,IT,AU,RUBBE,COKIN,0.1,31510.519,4,4,31510.516,0.0,0.0,0.0,0.003,315105.19
1646280,IT,BE,COPP1,PREC1,0.08,31510.293,4,4,31510.291,0.0,0.0,0.0,0.002,393878.6625
1792097,IT,WA,AIRTR,STEAM,0.03,31509.143,3,3,31509.143,0.0,0.0,0.0,0.0,1050304.766667
1725901,IT,RO,LUBRI,MEMBE,0.04,31507.917,4,4,31507.915,0.0,0.0,0.0,0.002,787697.925
1664039,IT,EE,PLAST,TRANS,0.07,31504.377,4,4,31504.374,0.0,0.0,0.0,0.003,450062.528571
1671883,IT,FI,HOTEL,RETA1,0.23,31503.596,4,4,31503.594,0.0,0.0,0.0,0.002,136972.156522
1798156,IT,WE,WHEAT,WHEAT,0.02,31503.136,3,3,31503.136,0.0,0.0,0.0,0.0,1575156.8
1754032,IT,CA,SEACO,PREC1,0.03,31502.923,3,3,31502.923,0.0,0.0,0.0,0.0,1050097.433333
1676372,IT,FR,WHOLE,KEROS,0.27,31501.826,4,4,31501.824,0.0,0.0,0.0,0.002,116673.42963
1733753,IT,SI,LANDT,PAPER,0.2,31501.001,3,3,31501.001,0.0,0.0,0.0,0.0,157505.005
1761891,IT,IN,FURNI,PADDY,0.1,31498.891,4,4,31498.888,0.0,0.0,0.0,0.003,314988.91
1727164,IT,RO,LANDT,INTER,0.2,31497.203,3,3,31497.203,0.0,0.0,0.0,0.0,157486.015
1676387,IT,FR,WHOLE,ALUM1,0.27,31496.85,4,4,31496.848,0.0,0.0,0.0,0.002,116655.0
1765622,IT,RU,WOODW,MOTO1,0.09,31496.317,4,4,31496.315,0.0,0.0,0.0,0.002,349959.077778
1709910,IT,LT,BASIC,VEGET,0.04,31495.725,4,4,31495.723,0.0,0.0,0.0,0.002,787393.125
1733296,IT,SI,MOTO1,WEARI,0.17,31494.81,4,4,31494.808,0.0,0.0,0.0,0.002,185263.588235
1751052,IT,CN,WHOLE,POSTT,0.27,31494.107,4,4,31494.105,0.0,0.0,0.0,0.002,116644.840741
1738754,IT,GB,OFFIC,BEVER,0.1,31490.47,4,4,31490.468,0.0,0.0,0.0,0.002,314904.7
1658388,IT,DE,FABRI,LIGNI,0.13,31490.317,4,4,31490.315,0.0,0.0,0.0,0.002,242233.207692
1663246,IT,DK,SEACO,PRINT,0.03,31490.196,3,3,31490.196,0.0,0.0,0.0,0.0,1049673.2
1810800,IT,WM,KEROS,FISH5,0.05,31490.024,4,4,31490.021,0.0,0.0,0.0,0.003,629800.48
1682675,IT,HR,KEROS,FOOD2,0.05,31486.527,4,4,31486.524,0.0,0.0,0.0,0.003,629730.54
1656442,IT,DE,PULP5,OFFIC,0.1,31484.449,4,4,31484.446,0.0,0.0,0.0,0.003,314844.49
1667335,IT,ES,LEAD1,PRINT,0.05,31484.272,4,4,31484.269,0.0,0.0,0.0,0.003,629685.44
1813439,IT,WM,CONST,CHEM1,0.18,31483.564,4,4,31483.562,0.0,0.0,0.0,0.002,174908.688889
1758356,IT,BR,FABRI,CATTL,0.13,31481.897,4,4,31481.895,0.0,0.0,0.0,0.002,242168.438462
1739654,IT,GB,AIRTR,RETA1,0.03,31480.308,3,3,31480.308,0.0,0.0,0.0,0.0,1049343.6
1676941,IT,FR,AIRTR,PAPER,0.03,31480.212,3,3,31480.212,0.0,0.0,0.0,0.0,1049340.4
1786121,IT,ZA,BASIC,TEXTI,0.04,31478.832,4,4,31478.83,0.0,0.0,0.0,0.002,786970.8
1728497,IT,SE,WOODW,RUBBE,0.09,31478.501,4,4,31478.499,0.0,0.0,0.0,0.002,349761.122222
1679646,IT,GR,GLASS,BASIC,0.09,31473.46,4,4,31473.458,0.0,0.0,0.0,0.002,349705.111111
1728379,IT,SE,TEXTI,SALEM,0.19,31472.961,4,4,31472.957,0.0,0.0,0.0,0.004,165647.163158
1675043,IT,FR,ALUM1,LEATH,0.05,31472.316,4,4,31472.313,0.0,0.0,0.0,0.003,629446.32
1752865,IT,CA,MOTOR,ELEC4,0.05,31471.839,4,4,31471.836,0.0,0.0,0.0,0.003,629436.78
1788683,IT,WA,MOTOR,OILSE,0.05,31471.183,4,4,31471.18,0.0,0.0,0.0,0.003,629423.66
1800614,IT,WE,GLASS,MEDIC,0.09,31470.235,4,4,31470.233,0.0,0.0,0.0,0.002,349669.277778
1668403,IT,ES,RETA1,NONME,0.33,31470.156,4,4,31470.154,0.0,0.0,0.0,0.002,95364.109091
1660881,IT,DE,COMPU,WASTE,0.36,31468.778,4,4,31468.776,0.0,0.0,0.0,0.002,87413.272222
1765960,IT,RU,CHEM1,NATU1,0.07,31468.659,4,4,31468.656,0.0,0.0,0.0,0.003,449552.271429
1784862,IT,ID,AIRTR,SUBBI,0.03,31468.228,3,3,31468.228,0.0,0.0,0.0,0.0,1048940.933333
1667716,IT,ES,MACHI,PAPE1,0.18,31467.507,4,4,31467.504,0.0,0.0,0.0,0.003,174819.483333
1783635,IT,NO,FOOD3,RETA1,0.09,31465.802,4,4,31465.8,0.0,0.0,0.0,0.002,349620.022222
1660696,IT,DE,RENTI,PRINT,0.19,31464.994,4,4,31464.992,0.0,0.0,0.0,0.002,165605.231579
1743142,IT,US,MOTO1,DISTR,0.17,31463.908,4,4,31463.906,0.0,0.0,0.0,0.002,185081.811765
1684563,IT,HR,BUSIN,SALEM,0.32,31463.853,4,4,31463.851,0.0,0.0,0.0,0.002,98324.540625
1809823,IT,WM,FOOD5,COLLE,0.15,31463.293,4,4,31463.29,0.0,0.0,0.0,0.003,209755.286667
1642125,IT,AT,CERAM,SANDC,0.05,31462.425,4,4,31462.423,0.0,0.0,0.0,0.002,629248.5
1646579,IT,BE,OFFIC,RECRE,0.1,31461.895,4,4,31461.893,0.0,0.0,0.0,0.002,314618.95
1662092,IT,DK,CHEM1,SUPPO,0.07,31461.466,4,4,31461.463,0.0,0.0,0.0,0.003,449449.514286
1758252,IT,BR,BASIC,BUSIN,0.04,31457.869,4,4,31457.867,0.0,0.0,0.0,0.002,786446.725
1651653,IT,CY,BASIC,COLLE,0.04,31457.622,4,4,31457.62,0.0,0.0,0.0,0.002,786440.55
1723401,IT,PT,BASIC,ELEC2,0.04,31457.103,4,4,31457.101,0.0,0.0,0.0,0.002,786427.575
1809998,IT,WM,TEXTI,SUGAR,0.19,31456.78,4,4,31456.776,0.0,0.0,0.0,0.004,165562.0
1780430,IT,TW,SUPPO,FABRI,0.23,31455.473,4,4,31455.471,0.0,0.0,0.0,0.002,136762.926087
1800062,IT,WE,LIQUE,AUXIL,0.06,31454.198,4,4,31454.195,0.0,0.0,0.0,0.003,524236.633333
1793876,IT,WL,TEXTI,FINAN,0.19,31450.872,4,4,31450.868,0.0,0.0,0.0,0.004,165530.905263
1665662,IT,ES,WOODW,HEALT,0.09,31450.111,4,4,31450.109,0.0,0.0,0.0,0.002,349445.677778
1732466,IT,SI,CHEM1,TRANS,0.07,31448.927,4,4,31448.924,0.0,0.0,0.0,0.003,449270.385714
1777308,IT,TR,GLASS,VEGE1,0.09,31448.794,4,4,31448.792,0.0,0.0,0.0,0.002,349431.044444
1660595,IT,DE,REALE,PRINT,1.33,31447.312,4,4,31447.31,0.0,0.0,0.0,0.002,23644.595489
1767377,IT,RU,LANDT,NATUR,0.2,31445.429,3,3,31445.429,0.0,0.0,0.0,0.0,157227.145
1735567,IT,SK,ALUM1,DISTR,0.05,31445.359,4,4,31445.356,0.0,0.0,0.0,0.003,628907.18
1710026,IT,LT,COPP1,LEAD1,0.08,31445.163,4,4,31445.161,0.0,0.0,0.0,0.002,393064.5375
1768082,IT,RU,BUSIN,ELEC4,0.32,31442.808,4,4,31442.806,0.0,0.0,0.0,0.002,98258.775
1745186,IT,JP,CROPS,FOOD5,0.25,31442.605,4,4,31442.603,0.0,0.0,0.0,0.002,125770.42
1783522,IT,NO,OILHA,WHOLE,0.18,31442.454,4,4,31442.452,0.0,0.0,0.0,0.002,174680.3
1750279,IT,CN,COPP1,REALE,0.08,31441.853,4,4,31441.851,0.0,0.0,0.0,0.002,393023.1625
1814875,IT,WM,93197,HEALT,0.21,31437.052,4,4,31437.049,0.0,0.0,0.0,0.003,149700.247619
1650943,IT,BG,AIRTR,RUBBE,0.03,31436.969,3,3,31436.969,0.0,0.0,0.0,0.0,1047898.966667
1662412,IT,DK,PREC1,RUBBE,0.05,31435.602,3,3,31435.602,0.0,0.0,0.0,0.0,628712.04
1640124,IT,AT,WHEAT,PLAST,0.02,31434.681,3,3,31434.681,0.0,0.0,0.0,0.0,1571734.05
1724894,IT,PT,BUSIN,FURNI,0.32,31433.223,4,4,31433.221,0.0,0.0,0.0,0.002,98228.821875
1796489,IT,WL,RETA1,WOODW,0.33,31429.439,4,4,31429.437,0.0,0.0,0.0,0.002,95240.724242
1726633,IT,RO,MOTO1,DISTR,0.17,31428.555,4,4,31428.553,0.0,0.0,0.0,0.002,184873.852941
1668698,IT,ES,LANDT,PROCE,0.2,31426.601,3,3,31426.601,0.0,0.0,0.0,0.0,157133.005
1768768,IT,AU,WEARI,SUPPO,0.24,31425.76,4,4,31425.754,0.0,0.0,0.0,0.006,130940.666667
1719161,IT,PL,PLAST,LEAD1,0.07,31425.054,4,4,31425.051,0.0,0.0,0.0,0.003,448929.342857
1798951,IT,WE,FISH5,BUSIN,0.13,31424.729,4,4,31424.713,0.0,0.0,0.0,0.016,241728.684615
1657067,IT,DE,NONSP,PFERT,0.04,31422.209,4,4,31422.207,0.0,0.0,0.0,0.002,785555.225
1655935,IT,DE,PROCE,COMPU,0.21,31420.866,4,4,31420.864,0.0,0.0,0.0,0.002,149623.171429
1718706,IT,PL,WOODW,PUBLI,0.09,31418.479,4,4,31418.477,0.0,0.0,0.0,0.002,349094.211111
1774322,IT,CH,HOTEL,NFERT,0.23,31418.423,4,4,31418.421,0.0,0.0,0.0,0.002,136601.83913
1808653,IT,WF,INERT,LEADZ,0.23,31417.748,4,4,31417.746,0.0,0.0,0.0,0.002,136598.904348
1650913,IT,BG,SEACO,REFI1,0.03,31417.405,3,3,31417.405,0.0,0.0,0.0,0.0,1047246.833333
1772501,IT,CH,RUBBE,RAWMI,0.1,31416.912,4,4,31416.909,0.0,0.0,0.0,0.003,314169.12
1717022,IT,NL,LANDT,BIODI,0.2,31416.249,3,3,31416.249,0.0,0.0,0.0,0.0,157081.245
1740864,IT,US,DAIRY,WEARI,0.13,31414.023,4,4,31414.021,0.0,0.0,0.0,0.002,241646.330769
1781901,IT,NO,CHEM1,RUBBE,0.07,31413.129,4,4,31413.126,0.0,0.0,0.0,0.003,448758.985714
1786705,IT,ZA,RETA1,BEVER,0.33,31411.587,4,4,31411.585,0.0,0.0,0.0,0.002,95186.627273
1790050,IT,WA,BASIC,CEREA,0.04,31409.284,4,4,31409.282,0.0,0.0,0.0,0.002,785232.1
1652692,IT,CZ,PAPER,MEATP,0.12,31408.536,4,4,31408.533,0.0,0.0,0.0,0.003,261737.8
1792808,IT,WA,PUBLI,NONF1,0.51,31408.48,4,4,31408.478,0.0,0.0,0.0,0.002,61585.254902
1775126,IT,CH,COMPU,CONST,0.36,31408.293,4,4,31408.291,0.0,0.0,0.0,0.002,87245.258333
1734478,IT,SK,SANDC,RESEA,0.07,31407.788,4,4,31400.788,0.0,0.0,7.0,0.0,448682.685714
1721048,IT,PL,HOTEL,BASIC,0.23,31406.666,4,4,31406.664,0.0,0.0,0.0,0.002,136550.721739
1731018,IT,SE,WASTE,WHOLE,0.1,31404.223,4,4,31404.221,0.0,0.0,0.0,0.002,314042.23
1748015,IT,JP,BUSIN,WEARI,0.32,31402.132,4,4,31402.13,0.0,0.0,0.0,0.002,98131.6625
1667432,IT,ES,COPP1,COMPU,0.08,31401.661,4,4,31401.659,0.0,0.0,0.0,0.002,392520.7625
1684742,IT,HU,VEGET,SUPPO,0.11,31399.584,3,3,31399.584,0.0,0.0,0.0,0.0,285450.763636
1723869,IT,PT,TRANS,BUSIN,0.19,31399.138,4,4,31399.136,0.0,0.0,0.0,0.002,165258.621053
1737300,IT,GB,BEVER,POULT,0.13,31398.145,4,4,31398.143,0.0,0.0,0.0,0.002,241524.192308
1799113,IT,WE,WEARI,VEGE1,0.24,31398.117,4,4,31398.111,0.0,0.0,0.0,0.006,130825.4875
1748379,IT,CN,CROPS,CATTL,0.25,31396.439,4,4,31396.437,0.0,0.0,0.0,0.002,125585.756
1807238,IT,WF,SUPPO,TRANS,0.23,31395.191,4,4,31395.189,0.0,0.0,0.0,0.002,136500.830435
1686488,IT,HU,PREC1,BIOGA,0.05,31395.189,3,3,31395.189,0.0,0.0,0.0,0.0,627903.78
1784881,IT,ID,AIRTR,HOTEL,0.03,31395.105,3,3,31395.105,0.0,0.0,0.0,0.0,1046503.5
1747173,IT,JP,CONST,FURNI,0.18,31391.669,4,4,31391.667,0.0,0.0,0.0,0.002,174398.161111
1751961,IT,CN,RESEA,MEATA,0.17,31389.175,4,4,31389.173,0.0,0.0,0.0,0.002,184642.205882
1647111,IT,BE,HOTEL,MOTO1,0.23,31387.589,4,4,31387.587,0.0,0.0,0.0,0.002,136467.778261
1675706,IT,FR,TRANS,FOOD4,0.19,31387.051,4,4,31387.049,0.0,0.0,0.0,0.002,165195.005263
1665428,IT,ES,TEXTI,POSTT,0.19,31386.273,4,4,31386.269,0.0,0.0,0.0,0.004,165190.910526
1671115,IT,FI,GLASS,PULP5,0.09,31386.174,4,4,31386.172,0.0,0.0,0.0,0.002,348735.266667
1641275,IT,AT,MOTOR,ELEC4,0.05,31385.763,4,4,31385.76,0.0,0.0,0.0,0.003,627715.26
1767301,IT,RU,HOTEL,CONST,0.23,31383.455,4,4,31383.453,0.0,0.0,0.0,0.002,136449.804348
1794596,IT,WL,HEAVY,MOTO1,0.05,31383.245,4,4,31383.242,0.0,0.0,0.0,0.003,627664.9
1659722,IT,DE,RAILW,FURNI,0.21,31379.827,3,3,31379.827,0.0,0.0,0.0,0.0,149427.747619
1689026,IT,IE,MACHI,RECRE,0.18,31376.459,4,4,31376.456,0.0,0.0,0.0,0.003,174313.661111
1731311,IT,SI,VEGE1,RETA1,0.1,31375.772,4,4,31375.765,0.0,0.0,0.0,0.007,313757.72
1806763,IT,WF,WHOLE,93197,0.27,31373.563,4,4,31373.561,0.0,0.0,0.0,0.002,116198.381481
1642123,IT,AT,CERAM,NATU1,0.05,31370.784,4,4,31370.782,0.0,0.0,0.0,0.002,627415.68
1719719,IT,PL,NONME,COLLE,0.06,31369.626,4,4,31369.623,0.0,0.0,0.0,0.003,522827.1
1732140,IT,SI,GASDI,CEMEN,0.05,31368.06,4,4,31368.057,0.0,0.0,0.0,0.003,627361.2
1669067,IT,ES,SUPPO,ELEC1,0.23,31366.9,4,4,31366.898,0.0,0.0,0.0,0.002,136377.826087
1753555,IT,CA,MACHI,PFERT,0.17,31365.308,4,4,31365.305,0.0,0.0,0.0,0.003,184501.811765
1711014,IT,LU,CEMEN,COMPU,0.05,31364.743,3,3,31364.743,0.0,0.0,0.0,0.0,627294.86
1641498,IT,AT,HEAVY,NATU1,0.05,31363.799,4,4,31363.796,0.0,0.0,0.0,0.003,627275.98
1770415,IT,AU,TRAN2,CRUDE,0.05,31363.689,3,3,31363.689,0.0,0.0,0.0,0.0,627273.78
1801594,IT,WE,TRANS,FURNI,0.19,31361.845,4,4,31361.843,0.0,0.0,0.0,0.002,165062.342105
1732596,IT,SI,GLASS,MEAT1,0.09,31359.007,4,4,31359.005,0.0,0.0,0.0,0.002,348433.411111
1769050,IT,AU,NAPHT,CHEM1,0.05,31358.763,4,4,31358.761,0.0,0.0,0.0,0.002,627175.26
1651385,IT,CY,MOTOR,SALEM,0.05,31358.682,4,4,31358.679,0.0,0.0,0.0,0.003,627173.64
1643929,IT,AT,COMPU,BEVER,0.36,31358.556,4,4,31358.554,0.0,0.0,0.0,0.002,87107.1
1674756,IT,FR,CERAM,DIST1,0.05,31358.185,4,4,31358.183,0.0,0.0,0.0,0.002,627163.7
1796851,IT,WL,SEACO,HEAVY,0.03,31356.979,3,3,31356.979,0.0,0.0,0.0,0.0,1045232.633333
1671420,IT,FI,FABRI,ALUM1,0.13,31356.523,4,4,31356.521,0.0,0.0,0.0,0.002,241204.023077
1733284,IT,SI,OFFIC,RETA1,0.1,31355.703,4,4,31355.701,0.0,0.0,0.0,0.002,313557.03
1785533,IT,ZA,MOTOR,MEMBE,0.05,31354.241,4,4,31354.238,0.0,0.0,0.0,0.003,627084.82
1800959,IT,WE,ALUM1,WOODW,0.05,31353.626,4,4,31353.623,0.0,0.0,0.0,0.003,627072.52
1769265,IT,AU,RUBBE,GLASS,0.1,31352.707,4,4,31352.704,0.0,0.0,0.0,0.003,313527.07
1725406,IT,RO,TEXTI,STEAM,0.19,31352.091,4,4,31352.087,0.0,0.0,0.0,0.004,165011.005263
1787382,IT,WA,FORES,SANDC,0.27,31351.725,4,4,31339.725,0.0,12.0,0.0,0.0,116117.5
1737085,IT,GB,CHEMI,WHOLE,0.07,31350.634,5,5,31348.631,0.0,0.0,2.0,0.003,447866.2
1734772,IT,SK,WOODW,PLAST,0.09,31349.93,4,4,31349.928,0.0,0.0,0.0,0.002,348332.555556
1673946,IT,FR,MOTOR,FOOD3,0.05,31348.053,4,4,31348.05,0.0,0.0,0.0,0.003,626961.06
1737068,IT,GB,CHEMI,PLAST,0.07,31347.385,5,5,31345.382,0.0,0.0,2.0,0.003,447819.785714
1788651,IT,WA,PRINT,COMPU,0.3,31347.327,4,4,31347.325,0.0,0.0,0.0,0.002,104491.09
1667055,IT,ES,NONME,BIODI,0.06,31345.793,4,4,31345.79,0.0,0.0,0.0,0.003,522429.883333
1800146,IT,WE,BITU1,CONST,0.05,31345.152,4,4,31345.15,0.0,0.0,0.0,0.002,626903.04
1808043,IT,WF,INTER,INSUR,0.19,31344.926,4,4,31344.924,0.0,0.0,0.0,0.002,164973.294737
1737322,IT,GB,BEVER,PRINT,0.13,31344.369,4,4,31344.367,0.0,0.0,0.0,0.002,241110.530769
1758534,IT,BR,MACHI,INLAN,0.17,31342.079,4,4,31342.076,0.0,0.0,0.0,0.003,184365.170588
1683000,IT,HR,CHEM1,PAPER,0.07,31341.103,4,4,31341.1,0.0,0.0,0.0,0.003,447730.042857
1730627,IT,SE,RENTI,CEMEN,0.19,31339.839,4,4,31339.837,0.0,0.0,0.0,0.002,164946.521053
1674742,IT,FR,CERAM,CHEM1,0.05,31337.967,4,4,31337.965,0.0,0.0,0.0,0.002,626759.34
1793331,IT,WA,PRIVA,POSTT,6.99,31337.082,4,4,31337.077,0.0,0.0,0.0,0.005,4483.130472
1758762,IT,BR,RETA1,MEATC,0.33,31336.306,4,4,31336.304,0.0,0.0,0.0,0.002,94958.50303
1777296,IT,TR,GLASS,CRUDE,0.09,31335.598,4,4,31335.596,0.0,0.0,0.0,0.002,348173.311111
1663795,IT,EE,BEVER,WHOLE,0.13,31335.376,4,4,31335.374,0.0,0.0,0.0,0.002,241041.353846
1642102,IT,AT,GLASS,STEAM,0.09,31332.902,4,4,31332.9,0.0,0.0,0.0,0.002,348143.355556
1755374,IT,KR,MOTOR,CONST,0.05,31332.703,4,4,31332.7,0.0,0.0,0.0,0.003,626654.06
1757763,IT,BR,PLAST,MEATC,0.07,31332.531,4,4,31332.528,0.0,0.0,0.0,0.003,447607.585714
1669034,IT,ES,SUPPO,LIQUE,0.23,31330.273,4,4,31330.271,0.0,0.0,0.0,0.002,136218.578261
1742524,IT,US,BASIC,FOODW,0.04,31329.819,4,4,31329.817,0.0,0.0,0.0,0.002,783245.475
1756783,IT,KR,AIRTR,WHOLE,0.03,31329.664,3,3,31329.664,0.0,0.0,0.0,0.0,1044322.133333
1644177,IT,AT,RECRE,BUSIN,0.4,31329.368,4,4,31329.366,0.0,0.0,0.0,0.002,78323.42
1735220,IT,SK,RUBBE,COMPU,0.1,31328.882,4,4,31328.879,0.0,0.0,0.0,0.003,313288.82
1741126,IT,US,WEARI,WHOLE,0.24,31328.458,4,4,31328.452,0.0,0.0,0.0,0.006,130535.241667
1757620,IT,BR,GASDI,FINAN,0.05,31328.007,4,4,31328.004,0.0,0.0,0.0,0.003,626560.14
1756256,IT,KR,MACHI,OILHA,0.17,31326.047,4,4,31326.044,0.0,0.0,0.0,0.003,184270.864706
1650793,IT,BG,LANDT,CEREA,0.2,31325.083,3,3,31325.083,0.0,0.0,0.0,0.0,156625.415
1764314,IT,MX,OFFIC,CHEM1,0.1,31323.973,4,4,31323.971,0.0,0.0,0.0,0.002,313239.73
1664742,IT,EE,POSTT,POSTT,0.52,31322.977,4,4,31322.975,0.0,0.0,0.0,0.002,60236.494231
1751521,IT,CN,SUPPO,STEAM,0.23,31321.161,4,4,31321.159,0.0,0.0,0.0,0.002,136178.96087
1681747,IT,HR,STONE,CONST,0.1,31321.032,4,4,31319.032,0.0,0.0,2.0,0.0,313210.32
1804324,IT,WF,MOTOR,MEDIC,0.05,31319.886,4,4,31319.883,0.0,0.0,0.0,0.003,626397.72
1645834,IT,BE,GLASS,MEATC,0.09,31319.801,4,4,31319.799,0.0,0.0,0.0,0.002,347997.788889
1753370,IT,CA,ALUM1,WOODW,0.05,31319.366,4,4,31319.363,0.0,0.0,0.0,0.003,626387.32
1756437,IT,KR,CONST,GLASS,0.18,31318.849,4,4,31318.847,0.0,0.0,0.0,0.002,173993.605556
1810815,IT,WM,KEROS,LIQUE,0.05,31313.861,4,4,31313.858,0.0,0.0,0.0,0.003,626277.22
1653292,IT,CZ,RUBBE,SEWAG,0.1,31313.265,4,4,31313.262,0.0,0.0,0.0,0.003,313132.65
1782337,IT,NO,FABRI,NATU1,0.13,31313.25,4,4,31313.248,0.0,0.0,0.0,0.002,240871.153846
1795962,IT,WL,MOTO1,PLAST,0.17,31312.007,4,4,31312.005,0.0,0.0,0.0,0.002,184188.276471
1720295,IT,PL,FABRI,BIOGA,0.13,31310.949,4,4,31310.947,0.0,0.0,0.0,0.002,240853.453846
1733149,IT,SI,FABRI,LANDT,0.13,31309.224,4,4,31309.222,0.0,0.0,0.0,0.002,240840.184615
1685882,IT,HU,CHEM1,PREC1,0.07,31308.754,4,4,31308.751,0.0,0.0,0.0,0.003,447267.914286
1798410,IT,WE,NATUR,FISHF,0.04,31307.686,4,4,31307.684,0.0,0.0,0.0,0.002,782692.15
1685384,IT,HU,LEATH,TRANS,0.22,31304.811,4,4,31304.806,0.0,0.0,0.0,0.005,142294.595455
1792090,IT,WA,AIRTR,ELEC1,0.03,31303.384,3,3,31303.384,0.0,0.0,0.0,0.0,1043446.133333
1790692,IT,WA,FABRI,STEAM,0.13,31301.143,4,4,31301.141,0.0,0.0,0.0,0.002,240778.023077
1716828,IT,NL,HOTEL,MEATP,0.23,31300.899,4,4,31300.897,0.0,0.0,0.0,0.002,136090.865217
1748074,IT,JP,BUSIN,DIST1,0.32,31300.609,4,4,31300.607,0.0,0.0,0.0,0.002,97814.403125
1665479,IT,ES,WEARI,BIODI,0.24,31299.235,4,4,31299.229,0.0,0.0,0.0,0.006,130413.479167
1659234,IT,DE,SALEM,PRINT,0.25,31298.441,4,4,31298.439,0.0,0.0,0.0,0.002,125193.764
1759964,IT,BR,PLAS1,RENTI,0.11,31297.771,4,4,31297.769,0.0,0.0,0.0,0.002,284525.190909
1735281,IT,SK,GLASS,ALUM1,0.09,31296.348,4,4,31296.346,0.0,0.0,0.0,0.002,347737.2
1809594,IT,WM,VEGE1,POSTT,0.1,31296.247,4,4,31296.24,0.0,0.0,0.0,0.007,312962.47
1679692,IT,GR,CERAM,RESEA,0.05,31294.859,4,4,31294.857,0.0,0.0,0.0,0.002,625897.18
1672386,IT,FI,BUSIN,NONF1,0.32,31294.581,4,4,31294.579,0.0,0.0,0.0,0.002,97795.565625
1640495,IT,AT,DAIRY,93197,0.13,31293.983,4,4,31293.981,0.0,0.0,0.0,0.002,240722.946154
1793038,IT,WA,FOOD4,CHEM1,0.23,31293.761,4,4,31293.759,0.0,0.0,0.0,0.002,136059.830435
1738188,IT,GB,CERAM,CHEM1,0.05,31291.931,4,4,31291.929,0.0,0.0,0.0,0.002,625838.62
1776298,IT,TR,PAPER,GASDI,0.12,31291.031,4,4,31291.028,0.0,0.0,0.0,0.003,260758.591667
1713923,IT,MT,ELE11,BIOG1,0.46,31290.466,4,4,31290.45,0.0,0.0,0.0,0.016,68022.752174
1737674,IT,GB,PRINT,OFFIC,0.3,31288.284,4,4,31288.282,0.0,0.0,0.0,0.002,104294.28
1776872,IT,TR,NONSP,GASDI,0.04,31286.544,4,4,31286.542,0.0,0.0,0.0,0.002,782163.6
1664034,IT,EE,PLAST,CEMEN,0.07,31285.664,4,4,31285.661,0.0,0.0,0.0,0.003,446938.057143
1650757,IT,BG,HOTEL,COMPU,0.23,31282.942,4,4,31282.94,0.0,0.0,0.0,0.002,136012.791304
1653688,IT,CZ,ALUM1,FOOD4,0.05,31279.93,4,4,31279.927,0.0,0.0,0.0,0.003,625598.6
1782455,IT,NO,MACHI,COPP1,0.17,31270.195,4,4,31270.192,0.0,0.0,0.0,0.003,183942.323529
1718514,IT,PL,TEXTI,SUPPO,0.19,31269.61,4,4,31269.606,0.0,0.0,0.0,0.004,164576.894737
1723446,IT,PT,PREC1,FURNI,0.05,31268.909,3,3,31268.909,0.0,0.0,0.0,0.0,625378.18
1785908,IT,ZA,RUBBE,COKIN,0.1,31267.466,4,4,31267.463,0.0,0.0,0.0,0.003,312674.66
1796202,IT,WL,FURNI,LEAD1,0.1,31267.285,4,4,31267.282,0.0,0.0,0.0,0.003,312672.85
1764074,IT,MX,FABRI,MEATP,0.13,31265.84,4,4,31265.838,0.0,0.0,0.0,0.002,240506.461538
1652450,IT,CZ,WEARI,WHEAT,0.24,31262.663,4,4,31262.657,0.0,0.0,0.0,0.006,130261.095833
1806161,IT,WF,FABRI,RAILW,0.13,31261.155,4,4,31261.153,0.0,0.0,0.0,0.002,240470.423077
1753727,IT,CA,FURNI,VEGET,0.1,31260.667,4,4,31260.664,0.0,0.0,0.0,0.003,312606.67
1779600,IT,TR,COMPU,RAILW,0.36,31260.118,4,4,31260.116,0.0,0.0,0.0,0.002,86833.661111
1652035,IT,CZ,VEGET,COMPU,0.11,31257.823,3,3,31257.823,0.0,0.0,0.0,0.0,284162.027273
1651165,IT,BG,BUSIN,WEARI,0.32,31255.988,4,4,31255.986,0.0,0.0,0.0,0.002,97674.9625
1763519,IT,MX,CHEM1,PRECI,0.07,31255.98,4,4,31255.977,0.0,0.0,0.0,0.003,446514.0
1743191,IT,US,TRANS,FORES,0.19,31255.729,4,4,31255.727,0.0,0.0,0.0,0.002,164503.836842
1793841,IT,WL,TEXTI,GLASS,0.19,31252.622,4,4,31252.618,0.0,0.0,0.0,0.004,164487.484211
1722395,IT,PT,MEATC,FISH5,0.1,31251.756,4,4,31251.754,0.0,0.0,0.0,0.002,312517.56
1644370,IT,BE,CHEMI,CONST,0.07,31250.87,5,5,31248.867,0.0,0.0,2.0,0.003,446441.0
1783886,IT,NO,WOOD2,RESEA,0.17,31250.051,4,4,31250.049,0.0,0.0,0.0,0.002,183823.829412
1739066,IT,GB,RETAI,RENTI,0.25,31250.004,4,4,31250.002,0.0,0.0,0.0,0.002,125000.016
1781316,IT,NO,VEGE1,RUBBE,0.1,31248.425,4,4,31248.418,0.0,0.0,0.0,0.007,312484.25
1732825,IT,SI,BASIC,CERAM,0.04,31247.832,4,4,31247.83,0.0,0.0,0.0,0.002,781195.8
1766032,IT,RU,CHEM1,COLLE,0.07,31247.13,4,4,31247.127,0.0,0.0,0.0,0.003,446387.571429
1779015,IT,TR,AIRTR,NONME,0.03,31246.579,3,3,31246.579,0.0,0.0,0.0,0.0,1041552.633333
1716665,IT,NL,WHOLE,TEXTI,0.27,31244.674,4,4,31244.672,0.0,0.0,0.0,0.002,115721.014815
1811007,IT,WM,GASDI,RENTI,0.05,31244.051,4,4,31244.048,0.0,0.0,0.0,0.003,624881.02
1784723,IT,ID,FURNI,PUBLI,0.1,31243.639,4,4,31243.636,0.0,0.0,0.0,0.003,312436.39
1654656,IT,CZ,LANDT,CHEM1,0.2,31242.648,3,3,31242.648,0.0,0.0,0.0,0.0,156213.24
1760684,IT,IN,PAPER,PFERT,0.12,31240.944,4,4,31240.941,0.0,0.0,0.0,0.003,260341.2
1666946,IT,ES,CERAM,FABRI,0.05,31238.758,4,4,31238.756,0.0,0.0,0.0,0.002,624775.16
1751060,IT,CN,WHOLE,PUBLI,0.27,31236.973,4,4,31236.971,0.0,0.0,0.0,0.002,115692.492593
1777293,IT,TR,RUBBE,RECRE,0.1,31236.727,4,4,31236.724,0.0,0.0,0.0,0.003,312367.27
1673238,IT,FR,FISH5,WOODW,0.13,31232.905,4,4,31232.889,0.0,0.0,0.0,0.016,240253.115385
1744963,IT,US,BUSIN,AUXIL,0.32,31231.202,4,4,31231.2,0.0,0.0,0.0,0.002,97597.50625
1652927,IT,CZ,GASDI,RAILW,0.05,31230.453,4,4,31230.45,0.0,0.0,0.0,0.003,624609.06
1644585,IT,BE,FOOD5,CHEMI,0.15,31227.26,4,4,31227.257,0.0,0.0,0.0,0.003,208181.733333
1766497,IT,RU,ALUM1,ELEC4,0.05,31226.023,4,4,31226.02,0.0,0.0,0.0,0.003,624520.46
1783344,IT,NO,PAPE1,FOOD2,0.22,31225.272,4,4,31225.27,0.0,0.0,0.0,0.002,141933.054545
1788044,IT,WA,TEXTI,ELECT,0.19,31223.321,4,4,31223.317,0.0,0.0,0.0,0.004,164333.268421
1710941,IT,LU,RUBBE,TEXTI,0.1,31222.979,4,4,31222.976,0.0,0.0,0.0,0.003,312229.79
1771900,IT,CH,PAPER,CROPS,0.12,31222.28,4,4,31222.277,0.0,0.0,0.0,0.003,260185.666667
1731555,IT,SI,TEXTI,PRINT,0.19,31221.414,4,4,31221.41,0.0,0.0,0.0,0.004,164323.231579
1652628,IT,CZ,WOODW,GLASS,0.09,31220.865,4,4,31220.863,0.0,0.0,0.0,0.002,346898.5
1712517,IT,LV,FABRI,FURNI,0.13,31219.906,4,4,31219.904,0.0,0.0,0.0,0.002,240153.123077
1751663,IT,CN,INSUR,VEGET,0.64,31219.094,3,3,31219.094,0.0,0.0,0.0,0.0,48779.834375
1662966,IT,DK,HOTEL,WHEAT,0.23,31218.371,4,4,31218.369,0.0,0.0,0.0,0.002,135732.047826
1755361,IT,KR,PRINT,PUBLI,0.3,31217.843,4,4,31217.841,0.0,0.0,0.0,0.002,104059.476667
1770892,IT,AU,BUSIN,RENTI,0.32,31217.498,4,4,31217.496,0.0,0.0,0.0,0.002,97554.68125
1778809,IT,TR,LANDT,ELEC2,0.2,31214.543,3,3,31214.543,0.0,0.0,0.0,0.0,156072.715
1743571,IT,US,HOTEL,PROCE,0.23,31211.531,4,4,31211.529,0.0,0.0,0.0,0.002,135702.308696
1712943,IT,MT,VEGET,FOOD5,0.11,31210.122,3,3,31210.122,0.0,0.0,0.0,0.0,283728.381818
1715384,IT,NL,PRINT,AIRTR,0.3,31209.474,4,4,31209.472,0.0,0.0,0.0,0.002,104031.58
1801324,IT,WE,MACHI,BITU1,0.17,31207.634,4,4,31207.631,0.0,0.0,0.0,0.003,183574.317647
1745951,IT,JP,WOODW,BASIC,0.09,31205.791,4,4,31205.789,0.0,0.0,0.0,0.002,346731.011111
1740110,IT,GB,COMPU,NUCLE,0.36,31205.419,4,4,31205.417,0.0,0.0,0.0,0.002,86681.719444
1665852,IT,ES,PRINT,FURNI,0.3,31204.968,4,4,31204.966,0.0,0.0,0.0,0.002,104016.56
1658956,IT,DE,FURNI,SEWAG,0.1,31204.92,4,4,31204.917,0.0,0.0,0.0,0.003,312049.2
1715259,IT,NL,PAPER,SUGA1,0.12,31203.833,4,4,31203.83,0.0,0.0,0.0,0.003,260031.941667
1649468,IT,BG,CHEM1,RENTI,0.07,31203.754,4,4,31203.751,0.0,0.0,0.0,0.003,445767.914286
1771907,IT,CH,PAPER,MEATC,0.12,31202.857,4,4,31202.854,0.0,0.0,0.0,0.003,260023.808333
1809638,IT,WM,DAIRY,PLAST,0.13,31201.804,4,4,31201.802,0.0,0.0,0.0,0.002,240013.876923
1672472,IT,FI,WASTE,FOUND,0.1,31198.407,4,4,31198.405,0.0,0.0,0.0,0.002,311984.07
1715600,IT,NL,LIQUE,ELEC6,0.05,31198.148,4,4,31198.145,0.0,0.0,0.0,0.003,623962.96
1714675,IT,NL,VEGE1,RAWMI,0.1,31197.964,4,4,31197.957,0.0,0.0,0.0,0.007,311979.64
1679236,IT,GR,KEROS,ELEC5,0.05,31194.339,4,4,31194.336,0.0,0.0,0.0,0.003,623886.78
1799131,IT,WE,WEARI,GASDI,0.24,31193.354,4,4,31193.348,0.0,0.0,0.0,0.006,129972.308333
1783657,IT,NO,WASTE,FISHF,0.1,31191.557,4,4,31191.555,0.0,0.0,0.0,0.002,311915.57
1763600,IT,MX,CHEM1,POSTT,0.07,31190.776,4,4,31190.773,0.0,0.0,0.0,0.003,445582.514286
1655628,IT,DE,SANDC,RESEA,0.07,31189.791,4,4,31182.791,0.0,0.0,7.0,0.0,445568.442857
1646299,IT,BE,COPP1,COMPU,0.08,31187.895,4,4,31187.893,0.0,0.0,0.0,0.002,389848.6875
1755584,IT,KR,CHEM1,INLAN,0.07,31187.81,4,4,31187.807,0.0,0.0,0.0,0.003,445540.142857
1771297,IT,CH,DAIRY,PRINT,0.13,31187.797,4,4,31187.795,0.0,0.0,0.0,0.002,239906.130769
1752086,IT,CN,BUSIN,KEROS,0.32,31187.152,4,4,31187.15,0.0,0.0,0.0,0.002,97459.85
1729400,IT,SE,BASIC,ELEC3,0.04,31186.388,4,4,31186.386,0.0,0.0,0.0,0.002,779659.7
1664090,IT,EE,CHEM1,SALEM,0.07,31185.671,4,4,31185.668,0.0,0.0,0.0,0.003,445509.585714
1768679,IT,AU,TEXTI,TRANS,0.18,31183.882,4,4,31183.878,0.0,0.0,0.0,0.004,173243.788889
1682006,IT,HR,BEVER,BEVER,0.13,31183.415,4,4,31183.413,0.0,0.0,0.0,0.002,239872.423077
1723511,IT,PT,COPP1,CEMEN,0.08,31181.207,4,4,31181.205,0.0,0.0,0.0,0.002,389765.0875
1683595,IT,HR,COPP1,REALE,0.08,31180.068,4,4,31180.066,0.0,0.0,0.0,0.002,389750.85
1673064,IT,FR,FOOD5,BRICK,0.15,31179.48,4,4,31179.477,0.0,0.0,0.0,0.003,207863.2
1812403,IT,WM,PREC1,FORES,0.05,31178.929,3,3,31178.929,0.0,0.0,0.0,0.0,623578.58
1736512,IT,SK,AIRTR,MOTO1,0.03,31178.195,3,3,31178.195,0.0,0.0,0.0,0.0,1039273.166667
1810643,IT,WM,MOTOR,OILSE,0.05,31177.659,4,4,31177.656,0.0,0.0,0.0,0.003,623553.18
1683259,IT,HR,CERAM,LANDT,0.05,31176.942,4,4,31176.94,0.0,0.0,0.0,0.002,623538.84
1669569,IT,ES,REALE,WHOLE,1.32,31170.992,4,4,31170.99,0.0,0.0,0.0,0.002,23614.387879
1648671,IT,BG,PROCE,FOOD5,0.21,31170.073,4,4,31170.071,0.0,0.0,0.0,0.002,148428.919048
1683601,IT,HR,FABRI,OILSE,0.13,31168.034,4,4,31168.032,0.0,0.0,0.0,0.002,239754.107692
1775084,IT,CH,RENTI,PUBLI,0.19,31167.537,4,4,31167.535,0.0,0.0,0.0,0.002,164039.668421
1786854,IT,ZA,SEACO,CATTL,0.03,31165.914,3,3,31165.914,0.0,0.0,0.0,0.0,1038863.8
1654205,IT,CZ,MOTO1,PUBLI,0.17,31164.117,4,4,31164.115,0.0,0.0,0.0,0.002,183318.335294
1667092,IT,ES,NONME,EDUCA,0.06,31163.943,4,4,31163.94,0.0,0.0,0.0,0.003,519399.05
1666092,IT,ES,GASDI,TEXTI,0.05,31162.458,4,4,31162.455,0.0,0.0,0.0,0.003,623249.16
1764095,IT,MX,FABRI,GASDI,0.13,31161.348,4,4,31161.346,0.0,0.0,0.0,0.002,239702.676923
1757201,IT,BR,MEAT4,RETA1,0.17,31160.743,4,4,31160.741,0.0,0.0,0.0,0.002,183298.488235
1674427,IT,FR,CHEM1,PLAS2,0.07,31160.138,4,4,31160.135,0.0,0.0,0.0,0.003,445144.828571
1729708,IT,SE,MACHI,PIGS9,0.17,31159.508,4,4,31159.505,0.0,0.0,0.0,0.003,183291.223529
1761003,IT,IN,NONSP,LIQUE,0.04,31159.011,4,4,31159.009,0.0,0.0,0.0,0.002,778975.275
1805923,IT,WF,LEAD1,NICKE,0.05,31152.725,4,4,31152.722,0.0,0.0,0.0,0.003,623054.5
1727954,IT,SE,OILSE,RENTI,0.02,31149.936,3,3,31149.936,0.0,0.0,0.0,0.0,1557496.8
1796190,IT,WL,FURNI,CHARC,0.1,31147.706,4,4,31147.703,0.0,0.0,0.0,0.003,311477.06
1713581,IT,MT,NONME,PLAST,0.06,31146.769,4,4,31146.766,0.0,0.0,0.0,0.003,519112.816667
1742268,IT,US,CERAM,93197,0.05,31146.089,4,4,31146.087,0.0,0.0,0.0,0.002,622921.78
1754503,IT,CA,BUSIN,CHEM1,0.32,31145.917,4,4,31145.915,0.0,0.0,0.0,0.002,97330.990625
1673658,IT,FR,PULP5,TEXTI,0.09,31145.653,4,4,31145.65,0.0,0.0,0.0,0.003,346062.811111
1641718,IT,AT,PLAST,CONST,0.07,31145.602,4,4,31145.599,0.0,0.0,0.0,0.003,444937.171429
1652315,IT,CZ,BEVER,STEAM,0.13,31145.319,4,4,31145.317,0.0,0.0,0.0,0.002,239579.376923
1731109,IT,SI,FISHF,CHEM1,0.05,31143.039,3,3,31143.039,0.0,0.0,0.0,0.0,622860.78
1724259,IT,PT,LANDT,WEARI,0.2,31142.097,3,3,31142.097,0.0,0.0,0.0,0.0,155710.485
1644960,IT,BE,WOODW,PREC1,0.09,31140.633,4,4,31140.631,0.0,0.0,0.0,0.002,346007.033333
1657476,IT,DE,RUBBE,SEACO,0.1,31140.105,4,4,31140.102,0.0,0.0,0.0,0.003,311401.05
1757860,IT,BR,CHEM1,WEARI,0.07,31139.595,4,4,31139.592,0.0,0.0,0.0,0.003,444851.357143
1803500,IT,WF,VEGE1,COPPE,0.1,31137.757,4,4,31137.75,0.0,0.0,0.0,0.007,311377.57
1805381,IT,WF,RUBBE,COPP1,0.1,31136.799,4,4,31136.796,0.0,0.0,0.0,0.003,311367.99
1657534,IT,DE,GLASS,MEAT4,0.09,31134.995,4,4,31134.993,0.0,0.0,0.0,0.002,345944.388889
1712753,IT,LV,LANDT,WOODW,0.2,31134.717,3,3,31134.717,0.0,0.0,0.0,0.0,155673.585
1771783,IT,CH,LEATH,RENTI,0.22,31134.701,4,4,31134.696,0.0,0.0,0.0,0.005,141521.368182
1806044,IT,WF,COPP1,SUPPO,0.08,31134.463,4,4,31134.461,0.0,0.0,0.0,0.002,389180.7875
1782550,IT,NO,MOTO1,MOTO1,0.17,31134.25,4,4,31134.248,0.0,0.0,0.0,0.002,183142.647059
1782136,IT,NO,CEMEN,REALE,0.05,31134.014,3,3,31134.014,0.0,0.0,0.0,0.0,622680.28
1763743,IT,MX,GLASS,PAPER,0.09,31131.616,4,4,31131.614,0.0,0.0,0.0,0.002,345906.844444
1733374,IT,SI,TRANS,BUSIN,0.19,31131.458,4,4,31131.456,0.0,0.0,0.0,0.002,163849.778947
1739301,IT,GB,HOTEL,DISTR,0.23,31130.198,4,4,31130.196,0.0,0.0,0.0,0.002,135348.686957
1713374,IT,MT,HEAVY,MEAT4,0.05,31128.705,4,4,31128.703,0.0,0.0,0.0,0.002,622574.1
1685572,IT,HU,PAPER,RECRE,0.12,31127.426,4,4,31127.423,0.0,0.0,0.0,0.003,259395.216667
1674793,IT,FR,BRICK,CEMEN,0.05,31126.843,4,4,31126.841,0.0,0.0,0.0,0.002,622536.86
1676654,IT,FR,HOTEL,WOOD2,0.23,31124.452,4,4,31124.45,0.0,0.0,0.0,0.002,135323.704348
1790738,IT,WA,MACHI,ANIMA,0.17,31122.224,4,4,31122.221,0.0,0.0,0.0,0.003,183071.905882
1812414,IT,WM,PREC1,MEAT1,0.05,31121.696,3,3,31121.696,0.0,0.0,0.0,0.0,622433.92
1808744,IT,WF,TEXT2,REALE,0.22,31118.165,4,4,31118.163,0.0,0.0,0.0,0.002,141446.204545
1767294,IT,RU,HOTEL,ELEC4,0.23,31116.487,4,4,31116.485,0.0,0.0,0.0,0.002,135289.073913
1781677,IT,NO,LEATH,PUBLI,0.22,31115.996,4,4,31115.991,0.0,0.0,0.0,0.005,141436.345455
1716175,IT,NL,ALUM1,NONSP,0.05,31114.777,4,4,31114.775,0.0,0.0,0.0,0.002,622295.54
1812588,IT,WM,LEAD1,LIQUE,0.05,31113.881,4,4,31113.878,0.0,0.0,0.0,0.003,622277.62
1747482,IT,JP,SEACO,ALUM1,0.03,31113.273,3,3,31113.273,0.0,0.0,0.0,0.0,1037109.1
1667851,IT,ES,OFFIC,OILHA,0.1,31112.838,4,4,31112.836,0.0,0.0,0.0,0.002,311128.38
1661935,IT,DK,PRINT,RECRE,0.3,31110.56,4,4,31110.558,0.0,0.0,0.0,0.002,103701.866667
1681101,IT,GR,SUPPO,SECO9,0.22,31110.227,4,4,31110.225,0.0,0.0,0.0,0.002,141410.122727
1772810,IT,CH,NONME,REALE,0.06,31107.413,4,4,31107.41,0.0,0.0,0.0,0.003,518456.883333
1688167,IT,HU,BUSIN,SALEM,0.32,31106.939,4,4,31106.937,0.0,0.0,0.0,0.002,97209.184375
1758306,IT,BR,LEAD1,BASIC,0.05,31106.213,4,4,31106.21,0.0,0.0,0.0,0.003,622124.26
1719435,IT,PL,RUBBE,STEAM,0.1,31105.282,4,4,31105.279,0.0,0.0,0.0,0.003,311052.82
1652560,IT,CZ,LEATH,WOODW,0.22,31100.917,4,4,31100.912,0.0,0.0,0.0,0.005,141367.804545
1799647,IT,WE,MOTOR,REFI1,0.05,31100.407,4,4,31100.404,0.0,0.0,0.0,0.003,622008.14
1727040,IT,RO,RAILW,PLAST,0.21,31098.715,3,3,31098.715,0.0,0.0,0.0,0.0,148089.119048
1740822,IT,US,VEGE1,NONSP,0.1,31098.222,4,4,31098.215,0.0,0.0,0.0,0.007,310982.22
1775211,IT,CH,RESEA,TRAN2,0.17,31098.07,4,4,31098.068,0.0,0.0,0.0,0.002,182929.823529
1717409,IT,NL,INSUR,OFFIC,0.64,31097.846,3,3,31097.846,0.0,0.0,0.0,0.0,48590.384375
1672658,IT,FR,CRUDE,BASIC,0.06,31094.332,4,4,31094.329,0.0,0.0,0.0,0.003,518238.866667
1713237,IT,MT,PAPER,MEATP,0.12,31093.392,4,4,31093.389,0.0,0.0,0.0,0.003,259111.6
1673457,IT,FR,WEARI,AUXIL,0.23,31092.981,4,4,31092.975,0.0,0.0,0.0,0.006,135186.873913
1713447,IT,MT,CHEM1,MEAT4,0.06,31089.543,4,4,31089.54,0.0,0.0,0.0,0.003,518159.05
1689441,IT,IE,HOTEL,NONF1,0.23,31089.155,4,4,31089.153,0.0,0.0,0.0,0.002,135170.23913
1803744,IT,WF,FISH5,SEACO,0.13,31088.868,4,4,31088.852,0.0,0.0,0.0,0.016,239145.138462
1799926,IT,WE,HEAVY,WOOLS,0.05,31087.239,4,4,31087.237,0.0,0.0,0.0,0.002,621744.78
1683282,IT,HR,BRICK,WHOLE,0.05,31083.97,4,4,31083.968,0.0,0.0,0.0,0.002,621679.4
1725798,IT,RO,PRINT,COMPU,0.3,31082.936,4,4,31082.934,0.0,0.0,0.0,0.002,103609.786667
1753301,IT,CA,BASIC,SANDC,0.04,31082.249,4,4,31082.247,0.0,0.0,0.0,0.002,777056.225
1672763,IT,FR,MEATC,POSTT,0.1,31081.117,4,4,31081.115,0.0,0.0,0.0,0.002,310811.17
1652987,IT,CZ,PLAST,PLANT,0.07,31079.671,4,4,31079.668,0.0,0.0,0.0,0.003,443995.3
1739372,IT,GB,RAILW,FURNI,0.21,31078.934,3,3,31078.934,0.0,0.0,0.0,0.0,147994.92381
1713736,IT,MT,MACHI,COMPU,0.17,31078.723,4,4,31078.72,0.0,0.0,0.0,0.003,182816.017647
1685611,IT,HU,PRINT,PUBLI,0.3,31077.95,4,4,31077.948,0.0,0.0,0.0,0.002,103593.166667
1647975,IT,BE,RENTI,LANDT,0.19,31077.727,4,4,31077.725,0.0,0.0,0.0,0.002,163566.984211
1796450,IT,WL,WHOLE,RECRE,0.27,31077.536,4,4,31077.534,0.0,0.0,0.0,0.002,115101.985185
1800381,IT,WE,CHEM1,FURNI,0.06,31076.201,4,4,31076.198,0.0,0.0,0.0,0.003,517936.683333
1688616,IT,IE,NONSP,CONST,0.04,31075.963,4,4,31075.961,0.0,0.0,0.0,0.002,776899.075
1786176,IT,ZA,PREC1,PREC1,0.05,31074.863,3,3,31074.863,0.0,0.0,0.0,0.0,621497.26
1805909,IT,WF,ALUM1,BUSIN,0.05,31074.515,4,4,31074.513,0.0,0.0,0.0,0.002,621490.3
1812213,IT,WM,NONME,BITU1,0.06,31073.028,4,4,31073.025,0.0,0.0,0.0,0.003,517883.8
1661850,IT,DK,PAPER,CERAM,0.12,31072.324,4,4,31072.321,0.0,0.0,0.0,0.003,258936.033333
1777285,IT,TR,RUBBE,EDUCA,0.1,31070.085,4,4,31070.082,0.0,0.0,0.0,0.003,310700.85
1803821,IT,WF,TEXTI,BRICK,0.18,31069.054,4,4,31069.05,0.0,0.0,0.0,0.004,172605.855556
1674794,IT,FR,BRICK,MACHI,0.05,31069.025,4,4,31069.023,0.0,0.0,0.0,0.002,621380.5
1781011,IT,TW,BUSIN,TRAN1,0.32,31068.316,4,4,31068.314,0.0,0.0,0.0,0.002,97088.4875
1782587,IT,NO,TRANS,HEALT,0.19,31068.226,4,4,31068.224,0.0,0.0,0.0,0.002,163516.978947
1753979,IT,CA,LANDT,MACHI,0.2,31067.389,3,3,31067.389,0.0,0.0,0.0,0.0,155336.945
1802486,IT,WE,SUPPO,BUSIN,0.22,31067.257,4,4,31067.255,0.0,0.0,0.0,0.002,141214.804545
1741842,IT,US,PFERT,CHEM1,0.01,31067.101,4,4,31067.096,0.0,0.0,0.0,0.005,3106710.1
1664157,IT,EE,RUBBE,LANDT,0.1,31066.271,4,4,31066.268,0.0,0.0,0.0,0.003,310662.71
1641501,IT,AT,HEAVY,SANDC,0.05,31066.177,4,4,31066.175,0.0,0.0,0.0,0.002,621323.54
1659742,IT,DE,RAILW,RENTI,0.21,31066.096,3,3,31066.096,0.0,0.0,0.0,0.0,147933.790476
1651474,IT,CY,HEAVY,MEAT4,0.05,31061.014,4,4,31061.012,0.0,0.0,0.0,0.002,621220.28
1677063,IT,FR,SUPPO,BRICK,0.22,31060.173,4,4,31060.171,0.0,0.0,0.0,0.002,141182.604545
1645447,IT,BE,NAPHT,MEAT1,0.05,31059.881,4,4,31059.879,0.0,0.0,0.0,0.002,621197.62
1806634,IT,WF,SALEM,SUPPO,0.25,31058.576,4,4,31058.574,0.0,0.0,0.0,0.002,124234.304
1752790,IT,CA,WOODW,PUBLI,0.09,31056.877,4,4,31056.875,0.0,0.0,0.0,0.002,345076.411111
1641461,IT,AT,GASDI,TRAN2,0.05,31056.509,4,4,31056.506,0.0,0.0,0.0,0.003,621130.18
1687577,IT,HU,LANDT,PUBLI,0.2,31055.602,3,3,31055.602,0.0,0.0,0.0,0.0,155278.01
1649775,IT,BG,BASIC,RETAI,0.04,31054.752,4,4,31054.75,0.0,0.0,0.0,0.002,776368.8
1646480,IT,BE,MACHI,NONF1,0.17,31051.814,4,4,31051.811,0.0,0.0,0.0,0.003,182657.729412
1800041,IT,WE,LIQUE,POULT,0.05,31050.19,4,4,31050.187,0.0,0.0,0.0,0.003,621003.8
1799049,IT,WE,TEXTI,MEDIC,0.18,31049.834,4,4,31049.83,0.0,0.0,0.0,0.004,172499.077778
1773611,IT,CH,TRANS,DISTR,0.19,31049.494,4,4,31049.492,0.0,0.0,0.0,0.002,163418.389474
1758065,IT,BR,GLASS,OILSE,0.09,31044.721,4,4,31044.719,0.0,0.0,0.0,0.002,344941.344444
1741840,IT,US,PFERT,NFERT,0.01,31044.574,4,4,31044.569,0.0,0.0,0.0,0.005,3104457.4
1761298,IT,IN,RUBBE,TRAN2,0.1,31043.992,4,4,31043.989,0.0,0.0,0.0,0.003,310439.92
1652646,IT,CZ,WOODW,ELEC7,0.09,31043.538,4,4,31043.536,0.0,0.0,0.0,0.002,344928.2
1749958,IT,CN,CERAM,CHEM1,0.05,31042.82,4,4,31042.818,0.0,0.0,0.0,0.002,620856.4
1716462,IT,NL,OFFIC,MOTOR,0.1,31040.863,4,4,31040.861,0.0,0.0,0.0,0.002,310408.63
1809795,IT,WM,FOOD5,CERAM,0.15,31040.418,4,4,31040.415,0.0,0.0,0.0,0.003,206936.12
1743810,IT,US,LANDT,LANDT,0.2,31038.973,3,3,31038.973,0.0,0.0,0.0,0.0,155194.865
1811976,IT,WM,GLASS,KERO1,0.09,31038.136,4,4,31038.134,0.0,0.0,0.0,0.002,344868.177778
1663872,IT,EE,WEARI,WEARI,0.23,31036.544,4,4,31036.538,0.0,0.0,0.0,0.006,134941.495652
1782614,IT,NO,FURNI,AIRTR,0.1,31035.274,4,4,31035.271,0.0,0.0,0.0,0.003,310352.74
1653116,IT,CZ,CHEM1,NAPHT,0.06,31034.325,4,4,31034.322,0.0,0.0,0.0,0.003,517238.75
1646198,IT,BE,ALUM1,MEDIC,0.05,31032.481,4,4,31032.479,0.0,0.0,0.0,0.002,620649.62
1659599,IT,DE,HOTEL,ADDIT,0.22,31030.482,4,4,31030.48,0.0,0.0,0.0,0.002,141047.645455
1665407,IT,ES,TEXTI,OFFIC,0.18,31030.385,4,4,31030.381,0.0,0.0,0.0,0.004,172391.027778
1733692,IT,SI,RAILW,NONF1,0.21,31030.15,3,3,31030.15,0.0,0.0,0.0,0.0,147762.619048
1730806,IT,SE,BUSIN,COLLE,0.32,31029.393,4,4,31029.391,0.0,0.0,0.0,0.002,96966.853125
1767203,IT,RU,RETA1,FABRI,0.32,31027.656,4,4,31027.654,0.0,0.0,0.0,0.002,96961.425
1675044,IT,FR,ALUM1,WOODW,0.05,31026.768,4,4,31026.766,0.0,0.0,0.0,0.002,620535.36
1732946,IT,SI,ALUM1,COPP1,0.05,31026.22,4,4,31026.218,0.0,0.0,0.0,0.002,620524.4
1684818,IT,HU,FISHF,MACHI,0.05,31024.949,3,3,31024.949,0.0,0.0,0.0,0.0,620498.98
1789352,IT,WA,CHEM1,TOBAC,0.06,31024.836,4,4,31024.833,0.0,0.0,0.0,0.003,517080.6
1735579,IT,SK,ALUM1,COMPU,0.05,31024.64,4,4,31024.638,0.0,0.0,0.0,0.002,620492.8
1784513,IT,ID,FABRI,OFFIC,0.13,31024.566,4,4,31024.564,0.0,0.0,0.0,0.002,238650.507692
1733282,IT,SI,OFFIC,CONST,0.1,31023.752,4,4,31023.75,0.0,0.0,0.0,0.002,310237.52
1715394,IT,NL,PRINT,BUSIN,0.3,31023.28,4,4,31023.278,0.0,0.0,0.0,0.002,103410.933333
1757586,IT,BR,GASDI,PAPER,0.05,31021.294,4,4,31021.291,0.0,0.0,0.0,0.003,620425.88
1677836,IT,FR,BUSIN,CROPS,0.32,31020.237,4,4,31020.235,0.0,0.0,0.0,0.002,96938.240625
1663820,IT,EE,FISH5,HOTEL,0.13,31019.8,4,4,31019.784,0.0,0.0,0.0,0.016,238613.846154
1808733,IT,WF,TEXT2,RETA1,0.22,31019.649,4,4,31019.647,0.0,0.0,0.0,0.002,140998.404545
1652496,IT,CZ,WEARI,FABRI,0.23,31019.022,4,4,31019.016,0.0,0.0,0.0,0.006,134865.313043
1682064,IT,HR,FISH5,RAILW,0.13,31018.131,4,4,31018.115,0.0,0.0,0.0,0.016,238601.007692
1662759,IT,DK,OFFIC,RESEA,0.1,31017.687,4,4,31017.685,0.0,0.0,0.0,0.002,310176.87
1767444,IT,RU,LANDT,LANDT,0.2,31017.674,3,3,31017.674,0.0,0.0,0.0,0.0,155088.37
1665335,IT,ES,FISH5,PLAST,0.13,31017.249,4,4,31017.233,0.0,0.0,0.0,0.016,238594.223077
1685405,IT,HU,LEATH,COMPU,0.22,31015.711,4,4,31015.706,0.0,0.0,0.0,0.005,140980.504545
1754812,IT,KR,FOOD5,FURNI,0.15,31015.662,4,4,31015.659,0.0,0.0,0.0,0.003,206771.08
1805985,IT,WF,COPP1,TOBAC,0.08,31015.085,4,4,31015.083,0.0,0.0,0.0,0.002,387688.5625
1659946,IT,DE,TRAN2,RENTI,0.05,31014.849,3,3,31014.849,0.0,0.0,0.0,0.0,620296.98
1767281,IT,RU,HOTEL,FOUND,0.22,31013.975,4,4,31013.973,0.0,0.0,0.0,0.002,140972.613636
1718051,IT,PL,MEATC,RETA1,0.1,31013.534,4,4,31013.532,0.0,0.0,0.0,0.002,310135.34
1716858,IT,NL,HOTEL,CEMEN,0.22,31012.678,4,4,31012.676,0.0,0.0,0.0,0.002,140966.718182
1740200,IT,GB,BUSIN,PULP5,0.32,31011.377,4,4,31011.375,0.0,0.0,0.0,0.002,96910.553125
1713344,IT,MT,GASDI,TRANS,0.05,31011.004,4,4,31011.001,0.0,0.0,0.0,0.003,620220.08
1773419,IT,CH,OFFIC,TOBAC,0.1,31006.921,4,4,31006.919,0.0,0.0,0.0,0.002,310069.21
1761407,IT,IN,NONME,TRANS,0.06,31006.362,4,4,31006.359,0.0,0.0,0.0,0.003,516772.7
1780876,IT,TW,RESEA,PRINT,0.17,31005.498,4,4,31005.496,0.0,0.0,0.0,0.002,182385.282353
1761726,IT,IN,MACHI,BEVER,0.17,31002.795,4,4,31002.792,0.0,0.0,0.0,0.003,182369.382353
1745612,IT,JP,TEXTI,CATTL,0.18,31002.715,4,4,31002.711,0.0,0.0,0.0,0.004,172237.305556
1655710,IT,DE,CHEMI,COMPU,0.07,31002.681,5,5,31000.678,0.0,0.0,2.0,0.003,442895.442857
1727835,IT,RO,BUSIN,RAILW,0.32,31001.159,4,4,31001.157,0.0,0.0,0.0,0.002,96878.621875
1729037,IT,SE,RUBBE,PULP5,0.1,31000.935,4,4,31000.932,0.0,0.0,0.0,0.003,310009.35
1758624,IT,BR,TRANS,FABRI,0.19,31000.894,4,4,31000.892,0.0,0.0,0.0,0.002,163162.6
1746367,IT,JP,RUBBE,GASDI,0.1,31000.512,4,4,31000.509,0.0,0.0,0.0,0.003,310005.12
1684443,IT,HR,REALE,MACHI,1.31,30999.264,4,4,30999.262,0.0,0.0,0.0,0.002,23663.560305
1794634,IT,WL,LIQUE,LANDT,0.05,30998.891,4,4,30998.889,0.0,0.0,0.0,0.002,619977.82
1662325,IT,DK,BASIC,RAWMI,0.04,30997.205,4,4,30997.203,0.0,0.0,0.0,0.002,774930.125
1719926,IT,PL,PREC1,CEMEN,0.05,30996.905,3,3,30996.905,0.0,0.0,0.0,0.0,619938.1
1741436,IT,US,MOTOR,NAPHT,0.05,30995.443,4,4,30995.44,0.0,0.0,0.0,0.003,619908.86
1690118,IT,IE,COMPU,PLAST,0.35,30995.375,4,4,30995.373,0.0,0.0,0.0,0.002,88558.214286
1744361,IT,US,INSUR,CRUDE,0.64,30994.733,3,3,30994.733,0.0,0.0,0.0,0.0,48429.270312
1763444,IT,MX,NONSP,NAPHT,0.04,30993.85,4,4,30993.848,0.0,0.0,0.0,0.002,774846.25
1648810,IT,BG,FISH5,FOOD5,0.13,30987.984,4,4,30987.968,0.0,0.0,0.0,0.016,238369.107692
1788442,IT,WA,PULP5,FISH5,0.09,30987.711,4,4,30987.708,0.0,0.0,0.0,0.003,344307.9
1777827,IT,TR,FABRI,RADIO,0.13,30987.157,4,4,30987.155,0.0,0.0,0.0,0.002,238362.746154
1719108,IT,PL,NONSP,RETA1,0.04,30986.91,4,4,30986.908,0.0,0.0,0.0,0.002,774672.75
1666786,IT,ES,RUBBE,RETAI,0.1,30984.238,4,4,30984.235,0.0,0.0,0.0,0.003,309842.38
1793480,IT,WL,CHEMI,CRUDE,0.07,30983.436,5,5,30981.433,0.0,0.0,2.0,0.003,442620.514286
1777070,IT,TR,CHEM1,SECO9,0.06,30982.819,4,4,30982.816,0.0,0.0,0.0,0.003,516380.316667
1686456,IT,HU,BASIC,PLAS1,0.04,30981.558,4,4,30981.556,0.0,0.0,0.0,0.002,774538.95
1681848,IT,HR,VEGE1,RUBBE,0.1,30981.459,4,4,30981.452,0.0,0.0,0.0,0.007,309814.59
1733470,IT,SI,SALEM,POSTT,0.25,30980.826,4,4,30980.824,0.0,0.0,0.0,0.002,123923.304
1766993,IT,RU,MOTO1,PUBLI,0.16,30980.825,4,4,30980.823,0.0,0.0,0.0,0.002,193630.15625
1667465,IT,ES,FABRI,CATTL,0.13,30980.626,4,4,30980.624,0.0,0.0,0.0,0.002,238312.507692
1759643,IT,BR,RESEA,NONME,0.17,30979.979,4,4,30979.977,0.0,0.0,0.0,0.002,182235.170588
1676415,IT,FR,WHOLE,OILHA,0.27,30979.353,4,4,30979.351,0.0,0.0,0.0,0.002,114738.344444
1772260,IT,CH,NAPHT,CHEMI,0.05,30979.106,4,4,30979.104,0.0,0.0,0.0,0.002,619582.12
1665654,IT,ES,WOODW,POSTT,0.09,30978.736,4,4,30978.734,0.0,0.0,0.0,0.002,344208.177778
1782266,IT,NO,ALUM1,RETA1,0.05,30975.677,4,4,30975.675,0.0,0.0,0.0,0.002,619513.54
1773657,IT,CH,FURNI,TOBAC,0.1,30975.166,4,4,30975.163,0.0,0.0,0.0,0.003,309751.66
1735453,IT,SK,BASIC,SECO9,0.04,30973.682,4,4,30973.68,0.0,0.0,0.0,0.002,774342.05
1678815,IT,GR,BEVER,MEATC,0.13,30973.631,4,4,30973.629,0.0,0.0,0.0,0.002,238258.7
1803267,IT,WF,FORES,IRONO,0.27,30972.676,4,4,30960.676,0.0,12.0,0.0,0.0,114713.614815
1663807,IT,EE,BEVER,EDUCA,0.13,30972.41,4,4,30972.408,0.0,0.0,0.0,0.002,238249.307692
1711454,IT,LU,LANDT,RUBBE,0.2,30971.273,3,3,30971.273,0.0,0.0,0.0,0.0,154856.365
1645989,IT,BE,CEMEN,INTER,0.05,30969.947,3,3,30969.947,0.0,0.0,0.0,0.0,619398.94
1763713,IT,MX,RUBBE,INSUR,0.1,30968.565,4,4,30968.562,0.0,0.0,0.0,0.003,309685.65
1684282,IT,HR,AIRTR,MACHI,0.03,30965.871,3,3,30965.871,0.0,0.0,0.0,0.0,1032195.7
1676669,IT,FR,RAILW,MEAT4,0.21,30965.215,3,3,30965.215,0.0,0.0,0.0,0.0,147453.404762
1649622,IT,BG,GLASS,MACHI,0.08,30964.771,4,4,30964.769,0.0,0.0,0.0,0.002,387059.6375
1665840,IT,ES,PRINT,RUBBE,0.3,30960.166,4,4,30960.164,0.0,0.0,0.0,0.002,103200.553333
1651861,IT,CY,AIRTR,INSUR,0.03,30960.051,3,3,30960.051,0.0,0.0,0.0,0.0,1032001.7
1720697,IT,PL,MOTO1,FOOD2,0.16,30959.933,4,4,30959.931,0.0,0.0,0.0,0.002,193499.58125
1758247,IT,BR,BASIC,RAILW,0.04,30958.958,4,4,30958.956,0.0,0.0,0.0,0.002,773973.95
1788955,IT,WA,HEAVY,NONSP,0.05,30955.805,4,4,30955.803,0.0,0.0,0.0,0.002,619116.1
1775960,IT,TR,BEVER,MEATC,0.13,30955.553,4,4,30955.551,0.0,0.0,0.0,0.002,238119.638462
1737795,IT,GB,NAPHT,LIQUE,0.05,30954.285,4,4,30954.283,0.0,0.0,0.0,0.002,619085.7
1686797,IT,HU,FABRI,PRINT,0.13,30951.291,4,4,30951.289,0.0,0.0,0.0,0.002,238086.853846
1788701,IT,WA,MOTOR,FOOD5,0.05,30951.141,4,4,30951.138,0.0,0.0,0.0,0.003,619022.82
1802920,IT,WF,PADDY,COPPE,0.32,30950.882,5,5,30949.88,0.0,1.0,0.0,0.002,96721.50625
1746742,IT,JP,FABRI,BUSIN,0.13,30950.742,4,4,30950.74,0.0,0.0,0.0,0.002,238082.630769
1709813,IT,LT,RUBBE,MOTO1,0.1,30950.723,4,4,30950.72,0.0,0.0,0.0,0.003,309507.23
1787863,IT,WA,FOOD5,SUPPO,0.15,30949.898,4,4,30949.895,0.0,0.0,0.0,0.003,206332.653333
1791636,IT,WA,HOTEL,KEROS,0.22,30949.58,4,4,30949.578,0.0,0.0,0.0,0.002,140679.909091
1686369,IT,HU,BASIC,MEATA,0.04,30946.242,4,4,30946.24,0.0,0.0,0.0,0.002,773656.05
1646615,IT,BE,MOTO1,PUBLI,0.16,30945.375,4,4,30945.373,0.0,0.0,0.0,0.002,193408.59375
1780363,IT,TW,AIRTR,FOUND,0.03,30945.132,3,3,30945.132,0.0,0.0,0.0,0.0,1031504.4
1658950,IT,DE,FURNI,PLAS1,0.1,30944.858,4,4,30944.855,0.0,0.0,0.0,0.003,309448.58
1641218,IT,AT,PRINT,RECRE,0.3,30944.387,4,4,30944.385,0.0,0.0,0.0,0.002,103147.956667
1663996,IT,EE,PAPER,RECRE,0.12,30943.77,4,4,30943.767,0.0,0.0,0.0,0.003,257864.75
1785757,IT,ZA,PLAST,NONME,0.06,30943.543,4,4,30943.54,0.0,0.0,0.0,0.003,515725.716667
1645255,IT,BE,COALT,RESEA,0.05,30942.743,4,4,30942.741,0.0,0.0,0.0,0.002,618854.86
1732335,IT,SI,NAPHT,RETAI,0.05,30940.817,4,4,30940.815,0.0,0.0,0.0,0.002,618816.34
1666586,IT,ES,CHEM1,CEMEN,0.06,30939.348,4,4,30939.345,0.0,0.0,0.0,0.003,515655.8
1657514,IT,DE,GLASS,OILSE,0.08,30938.53,4,4,30938.528,0.0,0.0,0.0,0.002,386731.625
1647823,IT,BE,AUXIL,ELEC2,0.57,30938.417,4,4,30938.415,0.0,0.0,0.0,0.002,54277.924561
1804258,IT,WF,MOTOR,COKIN,0.05,30936.343,4,4,30936.34,0.0,0.0,0.0,0.003,618726.86
1662252,IT,DK,CERAM,RUBBE,0.05,30936.261,4,4,30936.259,0.0,0.0,0.0,0.002,618725.22
1773215,IT,CH,FABRI,ALUM1,0.13,30934.693,4,4,30934.691,0.0,0.0,0.0,0.002,237959.176923
1664055,IT,EE,CHEM1,MEATP,0.06,30934.449,4,4,30934.446,0.0,0.0,0.0,0.003,515574.15
1797446,IT,WL,COMPU,RECRE,0.35,30933.948,4,4,30933.946,0.0,0.0,0.0,0.002,88382.708571
1663979,IT,EE,PAPER,RETA1,0.12,30932.456,4,4,30932.453,0.0,0.0,0.0,0.003,257770.466667
1720807,IT,PL,FURNI,PULP5,0.1,30929.91,4,4,30929.907,0.0,0.0,0.0,0.003,309299.1
1666938,IT,ES,CERAM,GASDI,0.05,30927.972,4,4,30927.97,0.0,0.0,0.0,0.002,618559.44
1813758,IT,WM,HOTEL,FURNI,0.22,30926.088,4,4,30926.086,0.0,0.0,0.0,0.002,140573.127273
1809941,IT,WM,FISH5,FISHF,0.13,30925.611,4,4,30925.595,0.0,0.0,0.0,0.016,237889.315385
1760616,IT,IN,WOODW,93197,0.09,30924.213,4,4,30924.211,0.0,0.0,0.0,0.002,343602.366667
1772541,IT,CH,RUBBE,ALUM1,0.1,30924.18,4,4,30924.177,0.0,0.0,0.0,0.003,309241.8
1799788,IT,WE,KERO1,PROCE,0.04,30923.493,4,4,30923.49,0.0,0.0,0.0,0.003,773087.325
1722827,IT,PT,PAPER,PUBLI,0.12,30923.322,4,4,30923.319,0.0,0.0,0.0,0.003,257694.35
1807552,IT,WF,RENTI,BUSIN,0.18,30922.483,4,4,30922.481,0.0,0.0,0.0,0.002,171791.572222
1807779,IT,WF,FOODW,VEGET,0.23,30921.187,4,4,30921.185,0.0,0.0,0.0,0.002,134439.943478
1808951,IT,WM,CEREA,FINAN,0.05,30920.893,4,4,30920.891,0.0,0.0,0.0,0.002,618417.86
1681049,IT,GR,AIRTR,RECRE,0.03,30919.546,3,3,30919.546,0.0,0.0,0.0,0.0,1030651.533333
1668979,IT,ES,AIRTR,AIRTR,0.03,30918.193,3,3,30918.193,0.0,0.0,0.0,0.0,1030606.433333
1765860,IT,RU,NAPHT,BUSIN,0.05,30917.997,4,4,30917.995,0.0,0.0,0.0,0.002,618359.94
1799895,IT,WE,GASDI,AIRTR,0.05,30913.741,4,4,30913.738,0.0,0.0,0.0,0.003,618274.82
1672695,IT,FR,SANDC,WOODW,0.07,30913.038,4,4,30906.038,0.0,0.0,7.0,0.0,441614.828571
1803624,IT,WF,FOOD5,LEATH,0.15,30911.782,4,4,30911.779,0.0,0.0,0.0,0.003,206078.546667
1735784,IT,SK,MACHI,PAPER,0.17,30911.229,4,4,30911.226,0.0,0.0,0.0,0.003,181830.758824
1729221,IT,SE,CERAM,TRAN1,0.05,30911.218,4,4,30911.216,0.0,0.0,0.0,0.002,618224.36
1752680,IT,CA,WEARI,HOTEL,0.23,30910.27,4,4,30910.264,0.0,0.0,0.0,0.006,134392.478261
1792537,IT,WA,REALE,PUBLI,1.31,30910.127,4,4,30910.125,0.0,0.0,0.0,0.002,23595.516794
1666693,IT,ES,BIODI,SUPPO,0.06,30909.608,4,4,30909.605,0.0,0.0,0.0,0.003,515160.133333
1809919,IT,WM,BEVER,LANDT,0.13,30909.365,4,4,30909.363,0.0,0.0,0.0,0.002,237764.346154
1795869,IT,WL,OFFIC,CHEM1,0.1,30908.837,4,4,30908.835,0.0,0.0,0.0,0.002,309088.37
1728705,IT,SE,MOTOR,MOTOR,0.05,30908.225,4,4,30908.222,0.0,0.0,0.0,0.003,618164.5
1754729,IT,KR,DAIRY,MEAT1,0.13,30905.167,4,4,30905.165,0.0,0.0,0.0,0.002,237732.053846
1761550,IT,IN,LEAD1,ELEC3,0.05,30900.632,4,4,30900.629,0.0,0.0,0.0,0.003,618012.64
1667557,IT,ES,FABRI,POSTT,0.13,30900.608,4,4,30900.606,0.0,0.0,0.0,0.002,237696.984615
1729331,IT,SE,NONME,RENTI,0.06,30899.479,4,4,30899.476,0.0,0.0,0.0,0.003,514991.316667
1749532,IT,CN,NONSP,CHEM1,0.04,30891.947,4,4,30891.945,0.0,0.0,0.0,0.002,772298.675
1645327,IT,BE,GASDI,HEAVY,0.05,30888.901,4,4,30888.898,0.0,0.0,0.0,0.003,617778.02
1766073,IT,RU,RUBBE,POULT,0.1,30886.088,4,4,30886.085,0.0,0.0,0.0,0.003,308860.88
1768801,IT,AU,LEATH,MEATC,0.22,30886.076,4,4,30886.071,0.0,0.0,0.0,0.005,140391.254545
1812391,IT,WM,BASIC,FOOD4,0.04,30885.908,4,4,30885.906,0.0,0.0,0.0,0.002,772147.7
1798496,IT,WE,NATUR,93197,0.04,30883.442,4,4,30883.44,0.0,0.0,0.0,0.002,772086.05
1723146,IT,PT,CHEM1,MEMBE,0.06,30882.671,4,4,30882.668,0.0,0.0,0.0,0.003,514711.183333
1662293,IT,DK,NONME,WOODW,0.06,30881.894,4,4,30881.891,0.0,0.0,0.0,0.003,514698.233333
1786496,IT,ZA,MOTO1,BUSIN,0.16,30879.986,4,4,30879.984,0.0,0.0,0.0,0.002,192999.9125
1734845,IT,SK,PAPER,WEARI,0.12,30878.519,4,4,30878.516,0.0,0.0,0.0,0.003,257320.991667
1664850,IT,ES,MEATA,PLAST,0.17,30877.62,4,4,30877.615,0.0,0.0,0.0,0.005,181633.058824
1790877,IT,WA,OFFIC,POULT,0.1,30877.126,4,4,30877.124,0.0,0.0,0.0,0.002,308771.26
1681968,IT,HR,FOOD5,ELECT,0.15,30876.798,4,4,30876.795,0.0,0.0,0.0,0.003,205845.32
1776439,IT,TR,MOTOR,FISHF,0.05,30876.09,4,4,30876.087,0.0,0.0,0.0,0.003,617521.8
1713599,IT,MT,BASIC,RUBBE,0.04,30874.305,4,4,30874.303,0.0,0.0,0.0,0.002,771857.625
1778881,IT,TR,SEACO,NONFE,0.03,30873.588,3,3,30873.588,0.0,0.0,0.0,0.0,1029119.6
1749769,IT,CN,ADDIT,BASIC,0.07,30873.534,4,4,30873.532,0.0,0.0,0.0,0.002,441050.485714
1679102,IT,GR,PAPER,TEXTI,0.12,30873.381,4,4,30873.378,0.0,0.0,0.0,0.003,257278.175
1654893,IT,CZ,POSTT,RECRE,0.51,30871.673,4,4,30871.671,0.0,0.0,0.0,0.002,60532.692157
1767208,IT,RU,RETA1,MEDIC,0.32,30871.294,4,4,30871.292,0.0,0.0,0.0,0.002,96472.79375
1790218,IT,WA,PREC1,NAPHT,0.05,30870.647,3,3,30870.647,0.0,0.0,0.0,0.0,617412.94
1686838,IT,HU,FABRI,DIST1,0.13,30869.469,4,4,30869.467,0.0,0.0,0.0,0.002,237457.453846
1710394,IT,LT,HOTEL,AIRTR,0.22,30868.53,4,4,30868.528,0.0,0.0,0.0,0.002,140311.5
1675467,IT,FR,OFFIC,BEVER,0.1,30865.278,4,4,30865.276,0.0,0.0,0.0,0.002,308652.78
1746131,IT,JP,HEAVY,GASDI,0.05,30863.235,4,4,30863.233,0.0,0.0,0.0,0.002,617264.7
1642015,IT,AT,RUBBE,RAILW,0.1,30862.875,4,4,30862.872,0.0,0.0,0.0,0.003,308628.75
1783513,IT,NO,OILHA,NONF1,0.18,30862.212,4,4,30862.21,0.0,0.0,0.0,0.002,171456.733333
1676065,IT,FR,ELEC7,CEMEN,0.02,30859.74,3,3,30859.74,0.0,0.0,0.0,0.0,1542987.0
1773567,IT,CH,MOTO1,INSUR,0.16,30859.361,4,4,30859.359,0.0,0.0,0.0,0.002,192871.00625
1721993,IT,PL,COMPU,DIST1,0.35,30856.965,4,4,30856.963,0.0,0.0,0.0,0.002,88162.757143
1681134,IT,GR,SUPPO,WASTE,0.22,30856.602,4,4,30856.6,0.0,0.0,0.0,0.002,140257.281818
1678745,IT,GR,SUGA1,RAWMI,0.08,30855.486,4,4,30855.481,0.0,0.0,0.0,0.005,385693.575
1778117,IT,TR,MOTO1,SUPPO,0.16,30853.677,4,4,30853.675,0.0,0.0,0.0,0.002,192835.48125
1668000,IT,ES,TRANS,PUBLI,0.18,30853.131,4,4,30853.129,0.0,0.0,0.0,0.002,171406.283333
1709339,IT,LT,VEGE1,BUSIN,0.09,30851.937,4,4,30851.93,0.0,0.0,0.0,0.007,342799.3
1677009,IT,FR,AIRTR,INERT,0.03,30851.715,3,3,30851.715,0.0,0.0,0.0,0.0,1028390.5
1642216,IT,AT,CEMEN,POSTT,0.05,30851.263,3,3,30851.263,0.0,0.0,0.0,0.0,617025.26
1673846,IT,FR,PRINT,HOTEL,0.3,30850.459,4,4,30850.457,0.0,0.0,0.0,0.002,102834.863333
1651344,IT,CY,WOODW,REALE,0.09,30848.616,4,4,30848.614,0.0,0.0,0.0,0.002,342762.4
1742462,IT,US,BASIC,KEROS,0.04,30847.687,4,4,30847.685,0.0,0.0,0.0,0.002,771192.175
1793835,IT,WL,TEXTI,CHEM1,0.18,30846.806,4,4,30846.802,0.0,0.0,0.0,0.004,171371.144444
1641909,IT,AT,BIODI,RAILW,0.06,30845.362,4,4,30845.359,0.0,0.0,0.0,0.003,514089.366667
1785875,IT,ZA,ADDIT,PLAST,0.07,30845.212,4,4,30845.21,0.0,0.0,0.0,0.002,440645.885714
1675511,IT,FR,OFFIC,INSUR,0.1,30844.283,4,4,30844.281,0.0,0.0,0.0,0.002,308442.83
1718902,IT,PL,PRINT,PULP5,0.3,30841.617,4,4,30841.615,0.0,0.0,0.0,0.002,102805.39
1713913,IT,MT,ELEC7,CONST,0.02,30839.259,3,3,30839.259,0.0,0.0,0.0,0.0,1541962.95
1799331,IT,WE,WOODW,CHEM1,0.09,30838.133,4,4,30838.131,0.0,0.0,0.0,0.002,342645.922222
1757384,IT,BR,LEATH,FABRI,0.22,30836.869,4,4,30836.864,0.0,0.0,0.0,0.005,140167.586364
1711233,IT,LU,MACHI,POSTT,0.17,30835.305,4,4,30835.302,0.0,0.0,0.0,0.003,181384.147059
1709675,IT,LT,PLAST,GLASS,0.06,30834.202,4,4,30834.199,0.0,0.0,0.0,0.003,513903.366667
1813461,IT,WM,CONST,HEALT,0.17,30834.006,4,4,30834.004,0.0,0.0,0.0,0.002,181376.505882
1773392,IT,CH,MACHI,PAPE3,0.17,30832.519,4,4,30832.516,0.0,0.0,0.0,0.003,181367.758824
1644418,IT,BE,MEAT1,HOTEL,0.14,30828.792,4,4,30828.788,0.0,0.0,0.0,0.004,220205.657143
1715926,IT,NL,GLASS,CEMEN,0.08,30826.498,4,4,30826.496,0.0,0.0,0.0,0.002,385331.225
1716278,IT,NL,FABRI,CHEMI,0.13,30826.403,4,4,30826.401,0.0,0.0,0.0,0.002,237126.176923
1645701,IT,BE,ADDIT,NONSP,0.07,30826.314,4,4,30826.312,0.0,0.0,0.0,0.002,440375.914286
1716061,IT,NL,BASIC,MEATA,0.04,30825.874,4,4,30825.872,0.0,0.0,0.0,0.002,770646.85
1795727,IT,WL,MACHI,ANIMA,0.17,30823.426,4,4,30823.423,0.0,0.0,0.0,0.003,181314.270588
1655541,IT,DE,STONE,FABRI,0.1,30822.728,4,4,30820.728,0.0,0.0,2.0,0.0,308227.28
1748782,IT,CN,TEXTI,COKEO,0.18,30816.954,4,4,30816.95,0.0,0.0,0.0,0.004,171205.3
1686213,IT,HU,GLASS,SALEM,0.08,30816.563,4,4,30816.561,0.0,0.0,0.0,0.002,385207.0375
1667428,IT,ES,COPP1,POSTT,0.08,30816.499,4,4,30816.497,0.0,0.0,0.0,0.002,385206.2375
1682802,IT,HR,HEAVY,COPP1,0.05,30815.287,4,4,30815.285,0.0,0.0,0.0,0.002,616305.74
1686614,IT,HU,LEAD1,PULP5,0.05,30815.223,4,4,30815.22,0.0,0.0,0.0,0.003,616304.46
1682569,IT,HR,MOTOR,FINAN,0.05,30814.513,4,4,30814.51,0.0,0.0,0.0,0.003,616290.26
1803616,IT,WF,FOOD5,DAIRY,0.15,30813.996,4,4,30813.993,0.0,0.0,0.0,0.003,205426.64
1675392,IT,FR,MACHI,PREC1,0.17,30809.92,4,4,30809.917,0.0,0.0,0.0,0.003,181234.823529
1713531,IT,MT,GLASS,FURNI,0.08,30807.66,4,4,30807.658,0.0,0.0,0.0,0.002,385095.75
1673187,IT,FR,BEVER,LANDT,0.13,30805.795,4,4,30805.793,0.0,0.0,0.0,0.002,236967.653846
1670005,IT,ES,HEALT,CONST,0.16,30803.36,3,3,30803.36,0.0,0.0,0.0,0.0,192521.0
1678773,IT,GR,FOOD5,MEAT1,0.15,30801.986,4,4,30801.983,0.0,0.0,0.0,0.003,205346.573333
1779653,IT,TR,RESEA,PFERT,0.17,30799.469,4,4,30799.467,0.0,0.0,0.0,0.002,181173.347059
1664451,IT,EE,MACHI,COMPU,0.17,30798.342,4,4,30798.339,0.0,0.0,0.0,0.003,181166.717647
1684064,IT,HR,HOTEL,RADIO,0.22,30797.573,4,4,30797.571,0.0,0.0,0.0,0.002,139988.968182
1785214,IT,ZA,BEVER,AIRTR,0.13,30797.089,4,4,30797.087,0.0,0.0,0.0,0.002,236900.684615
1799640,IT,WE,MOTOR,COALT,0.05,30796.887,4,4,30796.884,0.0,0.0,0.0,0.003,615937.74
1687638,IT,HU,AIRTR,WEARI,0.03,30794.552,3,3,30794.552,0.0,0.0,0.0,0.0,1026485.066667
1752868,IT,CA,MOTOR,SALEM,0.05,30793.642,4,4,30793.639,0.0,0.0,0.0,0.003,615872.84
1656932,IT,DE,LIQUE,PULP5,0.05,30793.017,4,4,30793.015,0.0,0.0,0.0,0.002,615860.34
1785234,IT,ZA,TEXTI,WOODW,0.18,30791.366,4,4,30791.362,0.0,0.0,0.0,0.004,171063.144444
1717315,IT,NL,FINAN,TOBAC,0.4,30790.32,3,3,30790.32,0.0,0.0,0.0,0.0,76975.8
1674878,IT,FR,NONME,RETA1,0.06,30788.715,4,4,30788.712,0.0,0.0,0.0,0.003,513145.25
1652966,IT,CZ,NAPHT,GASDI,0.05,30788.014,4,4,30788.012,0.0,0.0,0.0,0.002,615760.28
1721559,IT,PL,SUPPO,REALE,0.22,30787.382,4,4,30787.38,0.0,0.0,0.0,0.002,139942.645455
1730838,IT,SE,BUSIN,OILHA,0.32,30785.466,4,4,30785.464,0.0,0.0,0.0,0.002,96204.58125
1752858,IT,CA,PRINT,EDUCA,0.3,30785.438,4,4,30785.436,0.0,0.0,0.0,0.002,102618.126667
1687127,IT,HU,TRANS,SUPPO,0.18,30785.237,4,4,30785.235,0.0,0.0,0.0,0.002,171029.094444
1648484,IT,BG,OILSE,DAIRY,0.02,30785.148,3,3,30785.148,0.0,0.0,0.0,0.0,1539257.4
1761558,IT,IN,COPP1,RUBBE,0.08,30784.476,4,4,30784.474,0.0,0.0,0.0,0.002,384805.95
1666687,IT,ES,BIODI,DISTR,0.06,30784.115,4,4,30784.112,0.0,0.0,0.0,0.003,513068.583333
1671222,IT,FI,BASIC,COPPE,0.04,30782.02,4,4,30782.018,0.0,0.0,0.0,0.002,769550.5
1803124,IT,WF,VEGET,GLASS,0.11,30781.427,3,3,30781.427,0.0,0.0,0.0,0.0,279831.154545
1808493,IT,WF,FOOD4,LANDT,0.22,30779.082,4,4,30779.08,0.0,0.0,0.0,0.002,139904.918182
1729521,IT,SE,LEAD1,FABRI,0.05,30777.451,4,4,30777.448,0.0,0.0,0.0,0.003,615549.02
1761973,IT,IN,FURNI,BUSIN,0.1,30777.176,4,4,30777.173,0.0,0.0,0.0,0.003,307771.76
1776983,IT,TR,CHEM1,WHEAT,0.06,30776.632,4,4,30776.629,0.0,0.0,0.0,0.003,512943.866667
1710077,IT,LT,FABRI,CEMEN,0.13,30773.813,4,4,30773.811,0.0,0.0,0.0,0.002,236721.638462
1790761,IT,WA,MACHI,SANDC,0.17,30773.295,4,4,30773.292,0.0,0.0,0.0,0.003,181019.382353
1761525,IT,IN,LEAD1,PRINT,0.05,30772.798,4,4,30772.795,0.0,0.0,0.0,0.003,615455.96
1749124,IT,CN,WOODW,MEDIC,0.09,30768.072,4,4,30768.07,0.0,0.0,0.0,0.002,341867.466667
1813092,IT,WM,MOTO1,CEREA,0.16,30767.724,4,4,30767.722,0.0,0.0,0.0,0.002,192298.275
1750905,IT,CN,CONST,COKEO,0.17,30767.494,4,4,30767.492,0.0,0.0,0.0,0.002,180985.258824
1765336,IT,RU,FOOD5,PFERT,0.15,30767.428,4,4,30767.425,0.0,0.0,0.0,0.003,205116.186667
1785652,IT,ZA,HEAVY,NONME,0.05,30766.508,4,4,30766.506,0.0,0.0,0.0,0.002,615330.16
1729947,IT,SE,FURNI,93197,0.1,30765.412,4,4,30765.409,0.0,0.0,0.0,0.003,307654.12
1800116,IT,WE,NAPHT,BIODI,0.05,30762.731,4,4,30762.729,0.0,0.0,0.0,0.002,615254.62
1658038,IT,DE,PREC1,NONF1,0.05,30762.027,3,3,30762.027,0.0,0.0,0.0,0.0,615240.54
1640852,IT,AT,LEATH,SANDC,0.22,30761.508,4,4,30761.503,0.0,0.0,0.0,0.005,139825.036364
1781224,IT,NO,VEGET,EDUCA,0.11,30758.777,3,3,30758.777,0.0,0.0,0.0,0.0,279625.245455
1775654,IT,CH,93197,EDUCA,0.21,30757.061,4,4,30757.058,0.0,0.0,0.0,0.003,146462.195238
1667105,IT,ES,NONME,PAPE4,0.06,30756.524,4,4,30756.521,0.0,0.0,0.0,0.003,512608.733333
1655199,IT,CZ,BUSIN,EDUCA,0.32,30756.111,4,4,30756.109,0.0,0.0,0.0,0.002,96112.846875
1649498,IT,BG,RUBBE,LIGNI,0.1,30755.78,4,4,30755.777,0.0,0.0,0.0,0.003,307557.8
1650933,IT,BG,SEACO,HOTEL,0.03,30755.379,3,3,30755.379,0.0,0.0,0.0,0.0,1025179.3
1803764,IT,WF,TEXTI,CATTL,0.18,30754.724,4,4,30754.72,0.0,0.0,0.0,0.004,170859.577778
1681778,IT,HR,CHEMI,RETA1,0.07,30754.255,5,5,30752.252,0.0,0.0,2.0,0.003,439346.5
1721518,IT,PL,SUPPO,CHEM1,0.22,30754.207,4,4,30754.205,0.0,0.0,0.0,0.002,139791.85
1801484,IT,WE,MOTO1,BRICK,0.16,30753.213,4,4,30753.211,0.0,0.0,0.0,0.002,192207.58125
1793611,IT,WL,VEGE1,REALE,0.09,30752.484,4,4,30752.477,0.0,0.0,0.0,0.007,341694.266667
1642808,IT,AT,OFFIC,RUBBE,0.1,30752.449,4,4,30752.447,0.0,0.0,0.0,0.002,307524.49
1764213,IT,MX,MACHI,COKEO,0.17,30750.252,4,4,30750.249,0.0,0.0,0.0,0.003,180883.835294
1798065,IT,WL,RECRE,CHEM1,0.39,30748.639,4,4,30748.637,0.0,0.0,0.0,0.002,78842.664103
1781317,IT,NO,VEGE1,CERAM,0.09,30746.889,4,4,30746.882,0.0,0.0,0.0,0.007,341632.1
1768441,IT,AU,DAIRY,CHEM1,0.12,30745.908,4,4,30745.906,0.0,0.0,0.0,0.002,256215.9
1642192,IT,AT,CEMEN,SANDC,0.05,30744.812,3,3,30744.812,0.0,0.0,0.0,0.0,614896.24
1751000,IT,CN,WHOLE,NATUR,0.27,30744.599,4,4,30744.597,0.0,0.0,0.0,0.002,113868.885185
1727493,IT,RO,AUXIL,TRANS,0.56,30743.499,4,4,30743.497,0.0,0.0,0.0,0.002,54899.105357
1779175,IT,TR,POSTT,CHEM1,0.51,30742.403,4,4,30742.401,0.0,0.0,0.0,0.002,60279.221569
1739466,IT,GB,LANDT,PFERT,0.2,30741.631,3,3,30741.631,0.0,0.0,0.0,0.0,153708.155
1802437,IT,WE,AIRTR,INSUR,0.03,30740.655,3,3,30740.655,0.0,0.0,0.0,0.0,1024688.5
1686077,IT,HU,RUBBE,GASDI,0.1,30740.531,4,4,30740.528,0.0,0.0,0.0,0.003,307405.31
1768637,IT,AU,TEXTI,VEGET,0.18,30740.288,4,4,30740.284,0.0,0.0,0.0,0.004,170779.377778
1805287,IT,WF,ADDIT,KEROS,0.07,30737.759,4,4,30737.757,0.0,0.0,0.0,0.002,439110.842857
1800417,IT,WE,ADDIT,KEROS,0.07,30737.727,4,4,30737.725,0.0,0.0,0.0,0.002,439110.385714
1801481,IT,WE,MOTO1,RUBBE,0.16,30733.107,4,4,30733.105,0.0,0.0,0.0,0.002,192081.91875
1681133,IT,GR,SUPPO,FOOD3,0.22,30733.026,4,4,30733.024,0.0,0.0,0.0,0.002,139695.572727
1733973,IT,SI,SUPPO,AIRTR,0.22,30728.377,4,4,30728.375,0.0,0.0,0.0,0.002,139674.440909
1796437,IT,WL,WHOLE,SUPPO,0.27,30727.009,4,4,30727.007,0.0,0.0,0.0,0.002,113803.737037
1666177,IT,ES,GASDI,WOOD2,0.05,30726.104,4,4,30726.101,0.0,0.0,0.0,0.003,614522.08
1721445,IT,PL,AIRTR,ALUM1,0.03,30726.087,3,3,30726.087,0.0,0.0,0.0,0.0,1024202.9
1788328,IT,WA,LEATH,SEACO,0.22,30725.274,4,4,30725.269,0.0,0.0,0.0,0.005,139660.336364
1786368,IT,ZA,MACHI,WOODW,0.17,30724.866,4,4,30724.863,0.0,0.0,0.0,0.003,180734.505882
1718630,IT,PL,LEATH,RAILW,0.22,30722.958,4,4,30722.953,0.0,0.0,0.0,0.005,139649.809091
1797358,IT,WL,REALE,BUSIN,1.3,30722.765,4,4,30722.763,0.0,0.0,0.0,0.002,23632.896154
1655108,IT,CZ,RESEA,RESEA,0.17,30721.825,4,4,30721.823,0.0,0.0,0.0,0.002,180716.617647
1746121,IT,JP,KEROS,GASDI,0.05,30721.669,4,4,30721.666,0.0,0.0,0.0,0.003,614433.38
1686707,IT,HU,COPP1,NONME,0.08,30720.522,4,4,30720.52,0.0,0.0,0.0,0.002,384006.525
1753195,IT,CA,GLASS,ELECT,0.08,30718.672,4,4,30718.67,0.0,0.0,0.0,0.002,383983.4
1771370,IT,CH,SUGA1,DAIRY,0.08,30715.703,4,4,30715.698,0.0,0.0,0.0,0.005,383946.2875
1682950,IT,HR,PLAST,PAPER,0.06,30713.976,4,4,30713.973,0.0,0.0,0.0,0.003,511899.6
1735626,IT,SK,COPP1,ELEC2,0.08,30713.442,4,4,30713.44,0.0,0.0,0.0,0.002,383918.025
1661647,IT,DK,TEXTI,CHEM1,0.18,30713.309,4,4,30713.305,0.0,0.0,0.0,0.004,170629.494444
1661791,IT,DK,WOODW,NATUR,0.09,30712.425,4,4,30712.423,0.0,0.0,0.0,0.002,341249.166667
1742354,IT,US,NONME,TEXTI,0.06,30712.349,4,4,30712.346,0.0,0.0,0.0,0.003,511872.483333
1787687,IT,WA,VEGE1,STONE,0.09,30711.2,4,4,30711.193,0.0,0.0,0.0,0.007,341235.555556
1809295,IT,WM,STONE,VEGE1,0.1,30710.668,4,4,30708.668,0.0,0.0,2.0,0.0,307106.68
1657528,IT,DE,GLASS,STONE,0.08,30710.275,4,4,30710.273,0.0,0.0,0.0,0.002,383878.4375
1643538,IT,AT,TRAN2,BUSIN,0.05,30710.116,3,3,30710.116,0.0,0.0,0.0,0.0,614202.32
1780452,IT,TW,POSTT,VEGET,0.51,30706.482,4,4,30706.48,0.0,0.0,0.0,0.002,60208.788235
1786293,IT,ZA,FABRI,MEDIC,0.12,30705.67,4,4,30705.668,0.0,0.0,0.0,0.002,255880.583333
1640427,IT,AT,VEGE1,WOODW,0.09,30704.294,4,4,30704.287,0.0,0.0,0.0,0.007,341158.822222
1711089,IT,LU,ALUM1,MOTO1,0.05,30704.238,4,4,30704.236,0.0,0.0,0.0,0.002,614084.76
1808365,IT,WF,FOOD3,93197,0.09,30704.072,4,4,30704.07,0.0,0.0,0.0,0.002,341156.355556
1679228,IT,GR,KEROS,VEGET,0.05,30703.779,4,4,30703.777,0.0,0.0,0.0,0.002,614075.58
1747446,IT,JP,SEACO,MEAT1,0.03,30703.101,3,3,30703.101,0.0,0.0,0.0,0.0,1023436.7
1640125,IT,AT,WHEAT,HOTEL,0.02,30701.515,3,3,30701.515,0.0,0.0,0.0,0.0,1535075.75
1677431,IT,FR,INSUR,SUPPO,0.63,30700.504,3,3,30700.504,0.0,0.0,0.0,0.0,48730.95873
1721421,IT,PL,AIRTR,FORES,0.03,30698.843,3,3,30698.843,0.0,0.0,0.0,0.0,1023294.766667
1664579,IT,EE,HOTEL,WHOLE,0.22,30697.479,4,4,30697.477,0.0,0.0,0.0,0.002,139533.995455
1809307,IT,WM,STONE,ETHAN,0.1,30696.644,4,4,30694.644,0.0,0.0,2.0,0.0,306966.44
1648411,IT,BE,PRIVA,KEROS,6.85,30694.945,4,4,30694.94,0.0,0.0,0.0,0.005,4481.013869
1732634,IT,SI,GLASS,DIST1,0.08,30694.904,4,4,30694.902,0.0,0.0,0.0,0.002,383686.3
1643834,IT,AT,FINAN,COMPU,0.4,30694.527,3,3,30694.527,0.0,0.0,0.0,0.0,76736.3175
1752020,IT,CN,RESEA,STEAM,0.17,30693.712,4,4,30693.71,0.0,0.0,0.0,0.002,180551.247059
1658118,IT,DE,ALUM1,NAPHT,0.05,30692.628,4,4,30692.626,0.0,0.0,0.0,0.002,613852.56
1660274,IT,DE,POSTT,DISTR,0.51,30688.18,4,4,30688.178,0.0,0.0,0.0,0.002,60172.901961
1767979,IT,RU,COMPU,CONST,0.35,30687.478,4,4,30687.476,0.0,0.0,0.0,0.002,87678.508571
1720125,IT,PL,LEAD1,RETA1,0.05,30687.372,4,4,30687.369,0.0,0.0,0.0,0.003,613747.44
1750093,IT,CN,BASIC,ELEC3,0.04,30687.333,4,4,30687.331,0.0,0.0,0.0,0.002,767183.325
1777405,IT,TR,CERAM,93197,0.05,30684.128,4,4,30684.126,0.0,0.0,0.0,0.002,613682.56
1739437,IT,GB,LANDT,SUGA1,0.2,30682.569,3,3,30682.569,0.0,0.0,0.0,0.0,153412.845
1733063,IT,SI,COPP1,RETA1,0.08,30682.38,4,4,30682.378,0.0,0.0,0.0,0.002,383529.75
1653642,IT,CZ,ALUM1,CERAM,0.05,30682.178,4,4,30682.176,0.0,0.0,0.0,0.002,613643.56
1686890,IT,HU,MACHI,FORES,0.17,30681.876,4,4,30681.873,0.0,0.0,0.0,0.003,180481.623529
1810740,IT,WM,MOTOR,SEACO,0.05,30678.639,4,4,30678.637,0.0,0.0,0.0,0.002,613572.78
1737084,IT,GB,CHEMI,FURNI,0.07,30673.863,5,5,30671.86,0.0,0.0,2.0,0.003,438198.042857
1680979,IT,GR,INLAN,ELEC1,0.05,30673.732,4,4,30673.73,0.0,0.0,0.0,0.002,613474.64
1773000,IT,CH,PREC1,93197,0.05,30669.65,3,3,30669.65,0.0,0.0,0.0,0.0,613393.0
1764216,IT,MX,MACHI,AVIAT,0.17,30669.47,4,4,30669.467,0.0,0.0,0.0,0.003,180408.647059
1723210,IT,PT,RUBBE,COLLE,0.1,30669.008,4,4,30669.005,0.0,0.0,0.0,0.003,306690.08
1642745,IT,AT,MACHI,LEAD1,0.17,30668.927,4,4,30668.924,0.0,0.0,0.0,0.003,180405.452941
1715436,IT,NL,MOTOR,RETA1,0.05,30668.408,4,4,30668.406,0.0,0.0,0.0,0.002,613368.16
1658544,IT,DE,MACHI,MEAT4,0.17,30667.986,4,4,30667.983,0.0,0.0,0.0,0.003,180399.917647
1759042,IT,BR,SEACO,FOOD5,0.03,30667.019,3,3,30667.019,0.0,0.0,0.0,0.0,1022233.966667
1683090,IT,HR,RUBBE,PFERT,0.1,30665.696,4,4,30665.693,0.0,0.0,0.0,0.003,306656.96
1810427,IT,WM,PULP5,LIQUE,0.09,30663.995,4,4,30663.992,0.0,0.0,0.0,0.003,340711.055556
1669664,IT,ES,COMPU,PRINT,0.35,30663.32,4,4,30663.318,0.0,0.0,0.0,0.002,87609.485714
1775199,IT,CH,RESEA,FURNI,0.17,30663.255,4,4,30663.253,0.0,0.0,0.0,0.002,180372.088235
1715633,IT,NL,NAPHT,WHITE,0.05,30661.673,4,4,30661.671,0.0,0.0,0.0,0.002,613233.46
1759116,IT,BR,AIRTR,NONSP,0.03,30661.632,3,3,30661.632,0.0,0.0,0.0,0.0,1022054.4
1658676,IT,DE,OFFIC,BEVER,0.1,30661.625,4,4,30661.623,0.0,0.0,0.0,0.002,306616.25
1666703,IT,ES,RUBBE,CATTL,0.1,30661.149,4,4,30661.146,0.0,0.0,0.0,0.003,306611.49
1644987,IT,BE,WOODW,SUPPO,0.09,30661.098,4,4,30661.096,0.0,0.0,0.0,0.002,340678.866667
1734350,IT,SI,BUSIN,RECRE,0.31,30660.532,4,4,30660.53,0.0,0.0,0.0,0.002,98904.941935
1731974,IT,SI,AVIAT,AIRTR,0.07,30659.831,4,4,30659.829,0.0,0.0,0.0,0.002,437997.585714
1644988,IT,BE,WOODW,POSTT,0.09,30658.269,4,4,30658.267,0.0,0.0,0.0,0.002,340647.433333
1800414,IT,WE,ADDIT,CRUDE,0.07,30657.984,4,4,30657.982,0.0,0.0,0.0,0.002,437971.2
1690092,IT,IE,RENTI,RESEA,0.18,30656.875,4,4,30656.873,0.0,0.0,0.0,0.002,170315.972222
1665631,IT,ES,WOODW,NONME,0.09,30656.475,4,4,30656.473,0.0,0.0,0.0,0.002,340627.5
1710266,IT,LT,MOTO1,FURNI,0.16,30654.58,4,4,30654.578,0.0,0.0,0.0,0.002,191591.125
1642578,IT,AT,FABRI,CROPS,0.12,30654.505,4,4,30654.503,0.0,0.0,0.0,0.002,255454.208333
1776137,IT,TR,LEATH,CEMEN,0.22,30653.87,4,4,30653.865,0.0,0.0,0.0,0.005,139335.772727
1652673,IT,CZ,WOODW,RECRE,0.09,30652.745,4,4,30652.743,0.0,0.0,0.0,0.002,340586.055556
1664372,IT,EE,FABRI,BUSIN,0.12,30649.886,4,4,30649.884,0.0,0.0,0.0,0.002,255415.716667
1669098,IT,ES,SUPPO,COMPU,0.22,30648.821,4,4,30648.819,0.0,0.0,0.0,0.002,139312.822727
1719990,IT,PL,ALUM1,CRUDE,0.05,30644.724,4,4,30644.722,0.0,0.0,0.0,0.002,612894.48
1753404,IT,CA,COPP1,ELEC2,0.08,30644.345,4,4,30644.343,0.0,0.0,0.0,0.002,383054.3125
1717658,IT,NL,BUSIN,NFERT,0.31,30644.139,4,4,30644.137,0.0,0.0,0.0,0.002,98852.06129
1727065,IT,RO,RAILW,REALE,0.21,30644.125,3,3,30644.125,0.0,0.0,0.0,0.0,145924.404762
1680527,IT,GR,ELEC7,HEALT,0.02,30643.508,3,3,30643.508,0.0,0.0,0.0,0.0,1532175.4
1809482,IT,WM,MEATC,PUBLI,0.1,30641.67,4,4,30641.668,0.0,0.0,0.0,0.002,306416.7
1710593,IT,LU,VEGET,VEGET,0.11,30641.008,3,3,30641.008,0.0,0.0,0.0,0.0,278554.618182
1802431,IT,WE,AIRTR,LANDT,0.03,30640.831,3,3,30640.831,0.0,0.0,0.0,0.0,1021361.033333
1748577,IT,CN,VEGE1,BASIC,0.09,30640.774,4,4,30640.767,0.0,0.0,0.0,0.007,340453.044444
1756881,IT,KR,POSTT,INSUR,0.5,30638.858,4,4,30638.856,0.0,0.0,0.0,0.002,61277.716
1654022,IT,CZ,MACHI,ELEC5,0.17,30637.793,4,4,30637.79,0.0,0.0,0.0,0.003,180222.311765
1739526,IT,GB,LANDT,PAPE1,0.2,30636.462,3,3,30636.462,0.0,0.0,0.0,0.0,153182.31
1651387,IT,CY,MOTOR,WHOLE,0.05,30631.553,4,4,30631.551,0.0,0.0,0.0,0.002,612631.06
1784880,IT,ID,AIRTR,RETA1,0.03,30631.374,3,3,30631.374,0.0,0.0,0.0,0.0,1021045.8
1647914,IT,BE,REALE,SALEM,1.29,30628.563,4,4,30628.561,0.0,0.0,0.0,0.002,23743.072093
1743402,IT,US,SALEM,RESEA,0.25,30626.874,4,4,30626.872,0.0,0.0,0.0,0.002,122507.496
1687627,IT,HU,AIRTR,SANDC,0.03,30626.731,3,3,30626.731,0.0,0.0,0.0,0.0,1020891.033333
1746856,IT,JP,MACHI,EDUCA,0.17,30626.245,4,4,30626.242,0.0,0.0,0.0,0.003,180154.382353
1764572,IT,MX,WHOLE,PFERT,0.26,30624.112,4,4,30624.11,0.0,0.0,0.0,0.002,117785.046154
1641239,IT,AT,MOTOR,PIGS9,0.05,30623.34,4,4,30623.338,0.0,0.0,0.0,0.002,612466.8
1731637,IT,SI,LEATH,WHOLE,0.22,30622.618,4,4,30622.613,0.0,0.0,0.0,0.005,139193.718182
1768979,IT,AU,PAPER,SALEM,0.12,30621.697,4,4,30621.694,0.0,0.0,0.0,0.003,255180.808333
1741230,IT,US,WOODW,RETAI,0.09,30620.931,4,4,30620.929,0.0,0.0,0.0,0.002,340232.566667
1739291,IT,GB,HOTEL,FABRI,0.22,30620.301,4,4,30620.299,0.0,0.0,0.0,0.002,139183.186364
1662691,IT,DK,MACHI,LANDT,0.17,30619.357,4,4,30619.354,0.0,0.0,0.0,0.003,180113.864706
1806700,IT,WF,WHOLE,PRINT,0.26,30618.507,4,4,30618.505,0.0,0.0,0.0,0.002,117763.488462
1800967,IT,WE,ALUM1,NONSP,0.05,30617.143,4,4,30617.141,0.0,0.0,0.0,0.002,612342.86
1734512,IT,SK,VEGE1,WHOLE,0.09,30616.184,4,4,30616.177,0.0,0.0,0.0,0.007,340179.822222
1726161,IT,RO,GLASS,PLAST,0.08,30615.391,4,4,30615.389,0.0,0.0,0.0,0.002,382692.3875
1649522,IT,BG,RUBBE,PULP5,0.1,30614.556,4,4,30614.553,0.0,0.0,0.0,0.003,306145.56
1682340,IT,HR,WOODW,CEMEN,0.09,30613.769,4,4,30613.767,0.0,0.0,0.0,0.002,340152.988889
1767179,IT,RU,WHOLE,RADIO,0.26,30613.561,4,4,30613.559,0.0,0.0,0.0,0.002,117744.465385
1750361,IT,CN,FABRI,PFERT,0.12,30613.555,4,4,30613.553,0.0,0.0,0.0,0.002,255112.958333
1789064,IT,WA,NAPHT,FOODW,0.05,30612.764,4,4,30612.762,0.0,0.0,0.0,0.002,612255.28
1641705,IT,AT,PLAST,BASIC,0.06,30612.722,4,4,30612.719,0.0,0.0,0.0,0.003,510212.033333
1640306,IT,AT,SANDC,LANDT,0.07,30611.718,4,4,30604.718,0.0,0.0,7.0,0.0,437310.257143
1767276,IT,RU,HOTEL,PREC1,0.22,30608.455,4,4,30608.453,0.0,0.0,0.0,0.002,139129.340909
1814473,IT,WM,COMPU,RESEA,0.35,30605.478,4,4,30605.476,0.0,0.0,0.0,0.002,87444.222857
1761244,IT,IN,RUBBE,LEATH,0.1,30605.244,4,4,30605.241,0.0,0.0,0.0,0.003,306052.44
1761663,IT,IN,FABRI,NONF1,0.12,30604.353,4,4,30604.351,0.0,0.0,0.0,0.002,255036.275
1641374,IT,AT,KEROS,TRAN2,0.05,30602.083,4,4,30602.081,0.0,0.0,0.0,0.002,612041.66
1725585,IT,RO,WOODW,RUBBE,0.09,30601.514,4,4,30601.512,0.0,0.0,0.0,0.002,340016.822222
1768028,IT,RU,BUSIN,DAIRY,0.31,30600.378,4,4,30600.376,0.0,0.0,0.0,0.002,98710.896774
1766108,IT,RU,RUBBE,HEAVY,0.1,30599.569,4,4,30599.566,0.0,0.0,0.0,0.003,305995.69
1784829,IT,ID,HOTEL,WASTE,0.22,30598.934,4,4,30598.932,0.0,0.0,0.0,0.002,139086.063636
1766747,IT,RU,MACHI,CHEMI,0.17,30595.054,4,4,30595.051,0.0,0.0,0.0,0.003,179970.905882
1678703,IT,GR,DAIRY,CATTL,0.12,30593.488,4,4,30593.486,0.0,0.0,0.0,0.002,254945.733333
1646507,IT,BE,MACHI,INSUR,0.17,30588.852,4,4,30588.849,0.0,0.0,0.0,0.003,179934.423529
1809907,IT,WM,BEVER,FURNI,0.13,30586.404,4,4,30586.402,0.0,0.0,0.0,0.002,235280.030769
1783828,IT,NO,INERT,OILHA,0.22,30585.781,4,4,30585.779,0.0,0.0,0.0,0.002,139026.277273
1728862,IT,SE,PLAST,93197,0.06,30583.696,4,4,30583.693,0.0,0.0,0.0,0.003,509728.266667
1721357,IT,PL,SEACO,FISHF,0.03,30580.124,3,3,30580.124,0.0,0.0,0.0,0.0,1019337.466667
1681129,IT,GR,SUPPO,INTER,0.22,30579.084,4,4,30579.082,0.0,0.0,0.0,0.002,138995.836364
1742615,IT,US,ALUM1,HEALT,0.05,30578.05,4,4,30578.048,0.0,0.0,0.0,0.002,611561.0
1764718,IT,MX,HOTEL,CERAM,0.22,30576.788,4,4,30576.786,0.0,0.0,0.0,0.002,138985.4
1803703,IT,WF,BEVER,INSUR,0.13,30575.472,4,4,30575.47,0.0,0.0,0.0,0.002,235195.938462
1688076,IT,HU,COMPU,REALE,0.35,30574.992,4,4,30574.99,0.0,0.0,0.0,0.002,87357.12
1688809,IT,IE,GLASS,RETA1,0.08,30574.854,4,4,30574.852,0.0,0.0,0.0,0.002,382185.675
1724458,IT,PT,AIRTR,93197,0.03,30574.781,3,3,30574.781,0.0,0.0,0.0,0.0,1019159.366667
1798288,IT,WE,CROPS,FISHF,0.24,30573.913,4,4,30573.911,0.0,0.0,0.0,0.002,127391.304167
1810150,IT,WM,WEARI,HEAVY,0.23,30573.621,4,4,30573.615,0.0,0.0,0.0,0.006,132928.786957
1656281,IT,DE,LEATH,POULT,0.22,30572.902,4,4,30572.897,0.0,0.0,0.0,0.005,138967.736364
1681138,IT,GR,SUPPO,INERT,0.22,30571.249,4,4,30571.247,0.0,0.0,0.0,0.002,138960.222727
1645601,IT,BE,CHEM1,PETRO,0.06,30570.478,4,4,30570.475,0.0,0.0,0.0,0.003,509507.966667
1730437,IT,SE,POSTT,FURNI,0.5,30569.159,4,4,30569.157,0.0,0.0,0.0,0.002,61138.318
1715903,IT,NL,GLASS,PIGS9,0.08,30568.463,4,4,30568.461,0.0,0.0,0.0,0.002,382105.7875
1798407,IT,WE,NATUR,MEATA,0.04,30568.186,4,4,30568.184,0.0,0.0,0.0,0.002,764204.65
1814094,IT,WM,AIRTR,KERO1,0.03,30567.479,3,3,30567.479,0.0,0.0,0.0,0.0,1018915.966667
1717584,IT,NL,COMPU,LANDT,0.35,30567.237,4,4,30567.235,0.0,0.0,0.0,0.002,87334.962857
1676434,IT,FR,RETA1,CATTL,0.32,30567.039,4,4,30567.037,0.0,0.0,0.0,0.002,95521.996875
1737454,IT,GB,LEATH,RUBBE,0.22,30566.017,4,4,30566.012,0.0,0.0,0.0,0.005,138936.440909
1712934,IT,MT,WHEAT,PIGS9,0.02,30565.63,3,3,30565.63,0.0,0.0,0.0,0.0,1528281.5
1731755,IT,SI,PAPER,VEGET,0.12,30565.439,4,4,30565.436,0.0,0.0,0.0,0.003,254711.991667
1761351,IT,IN,GLASS,FURNI,0.08,30561.419,4,4,30561.417,0.0,0.0,0.0,0.002,382017.7375
1750958,IT,CN,SALEM,WOODW,0.25,30559.766,4,4,30559.764,0.0,0.0,0.0,0.002,122239.064
1771458,IT,CH,BEVER,PLAST,0.13,30558.656,4,4,30558.654,0.0,0.0,0.0,0.002,235066.584615
1682714,IT,HR,GASDI,CEMEN,0.05,30558.337,4,4,30558.335,0.0,0.0,0.0,0.002,611166.74
1723795,IT,PT,OFFIC,HOTEL,0.09,30557.885,4,4,30557.883,0.0,0.0,0.0,0.002,339532.055556
1750577,IT,CN,OFFIC,WOODW,0.09,30556.993,4,4,30556.991,0.0,0.0,0.0,0.002,339522.144444
1731717,IT,SI,PULP5,TEXTI,0.09,30555.671,4,4,30555.668,0.0,0.0,0.0,0.003,339507.455556
1770552,IT,AU,SUPPO,WHOLE,0.22,30555.408,4,4,30555.406,0.0,0.0,0.0,0.002,138888.218182
1814495,IT,WM,RESEA,LIQUE,0.17,30550.696,4,4,30550.694,0.0,0.0,0.0,0.002,179709.976471
1681132,IT,GR,SUPPO,FOOD2,0.22,30550.241,4,4,30550.239,0.0,0.0,0.0,0.002,138864.731818
1799269,IT,WE,LEATH,MEDIC,0.22,30548.921,4,4,30548.916,0.0,0.0,0.0,0.005,138858.731818
1681130,IT,GR,SUPPO,OILHA,0.22,30547.372,4,4,30547.37,0.0,0.0,0.0,0.002,138851.690909
1740646,IT,US,CRUDE,FURNI,0.06,30546.624,4,4,30546.621,0.0,0.0,0.0,0.003,509110.4
1681135,IT,GR,SUPPO,FOOD4,0.22,30546.191,4,4,30546.189,0.0,0.0,0.0,0.002,138846.322727
1667315,IT,ES,ALUM1,SALEM,0.05,30545.053,4,4,30545.051,0.0,0.0,0.0,0.002,610901.06
1811206,IT,WM,NAPHT,PUBLI,0.05,30544.415,4,4,30544.413,0.0,0.0,0.0,0.002,610888.3
1750655,IT,CN,MOTO1,WEARI,0.16,30541.704,4,4,30541.702,0.0,0.0,0.0,0.002,190885.65
1664452,IT,EE,MACHI,RESEA,0.17,30541.622,4,4,30541.619,0.0,0.0,0.0,0.003,179656.6
1711420,IT,LU,HOTEL,AIRTR,0.22,30541.527,4,4,30541.525,0.0,0.0,0.0,0.002,138825.122727
1769700,IT,AU,MACHI,SUGAR,0.17,30540.457,4,4,30540.454,0.0,0.0,0.0,0.003,179649.747059
1800655,IT,WE,CERAM,CHEM1,0.05,30539.916,4,4,30539.914,0.0,0.0,0.0,0.002,610798.32
1716741,IT,NL,RETA1,FOOD5,0.32,30539.895,4,4,30539.893,0.0,0.0,0.0,0.002,95437.171875
1654984,IT,CZ,INSUR,BUSIN,0.63,30539.843,3,3,30539.843,0.0,0.0,0.0,0.0,48475.94127
1774523,IT,CH,LANDT,EDUCA,0.2,30538.405,3,3,30538.405,0.0,0.0,0.0,0.0,152692.025
1753353,IT,CA,PREC1,WOODW,0.05,30537.414,3,3,30537.414,0.0,0.0,0.0,0.0,610748.28
1810046,IT,WM,TEXTI,NAPHT,0.18,30537.404,4,4,30537.4,0.0,0.0,0.0,0.004,169652.244444
1673608,IT,FR,WOODW,COPP1,0.09,30536.339,4,4,30536.337,0.0,0.0,0.0,0.002,339292.655556
1793248,IT,WA,PRIVA,FOOD5,6.81,30536.135,4,4,30536.13,0.0,0.0,0.0,0.005,4484.01395
1783523,IT,NO,OILHA,RETA1,0.18,30535.204,4,4,30535.202,0.0,0.0,0.0,0.002,169640.022222
1674101,IT,FR,HEAVY,MEATP,0.05,30534.602,4,4,30534.6,0.0,0.0,0.0,0.002,610692.04
1660010,IT,DE,INLAN,FURNI,0.05,30534.015,4,4,30534.013,0.0,0.0,0.0,0.002,610680.3
1673370,IT,FR,TEXTI,FOOD3,0.18,30532.98,4,4,30532.976,0.0,0.0,0.0,0.004,169627.666667
1657096,IT,DE,NONSP,HOTEL,0.04,30530.969,4,4,30530.967,0.0,0.0,0.0,0.002,763274.225
1774531,IT,CH,LANDT,MEMBE,0.2,30529.28,3,3,30529.28,0.0,0.0,0.0,0.0,152646.4
1673433,IT,FR,WEARI,FURNI,0.23,30528.934,4,4,30528.928,0.0,0.0,0.0,0.006,132734.495652
1802231,IT,WE,RAILW,SUPPO,0.2,30528.36,3,3,30528.36,0.0,0.0,0.0,0.0,152641.8
1805030,IT,WF,PLAST,ALUM1,0.06,30526.123,4,4,30526.12,0.0,0.0,0.0,0.003,508768.716667
1794034,IT,WL,PULP5,CHARC,0.09,30525.73,4,4,30525.727,0.0,0.0,0.0,0.003,339174.777778
1650988,IT,BG,SUPPO,TRANS,0.22,30525.372,3,3,30525.372,0.0,0.0,0.0,0.0,138751.690909
1672675,IT,FR,CRUDE,HEALT,0.06,30524.941,4,4,30524.938,0.0,0.0,0.0,0.003,508749.016667
1721250,IT,PL,LANDT,GLASS,0.2,30522.66,3,3,30522.66,0.0,0.0,0.0,0.0,152613.3
1780527,IT,TW,POSTT,COMPU,0.5,30522.407,4,4,30522.405,0.0,0.0,0.0,0.002,61044.814
1685544,IT,HU,PAPER,DIST1,0.12,30522.118,4,4,30522.115,0.0,0.0,0.0,0.003,254350.983333
1738578,IT,GB,FABRI,PREC1,0.12,30520.537,4,4,30520.535,0.0,0.0,0.0,0.002,254337.808333
1806124,IT,WF,FABRI,NAPHT,0.12,30519.965,4,4,30519.963,0.0,0.0,0.0,0.002,254333.041667
1770705,IT,AU,INSUR,REALE,0.63,30519.684,3,3,30519.684,0.0,0.0,0.0,0.0,48443.942857
1756046,IT,KR,FABRI,DAIRY,0.12,30518.558,4,4,30518.556,0.0,0.0,0.0,0.002,254321.316667
1725202,IT,RO,DAIRY,BUSIN,0.12,30514.92,4,4,30514.918,0.0,0.0,0.0,0.002,254291.0
1665678,IT,ES,PULP5,RUBBE,0.09,30514.162,4,4,30514.159,0.0,0.0,0.0,0.003,339046.244444
1745546,IT,JP,BEVER,ELEC1,0.13,30512.071,4,4,30512.069,0.0,0.0,0.0,0.002,234708.238462
1667389,IT,ES,COPP1,CEMEN,0.08,30510.534,4,4,30510.532,0.0,0.0,0.0,0.002,381381.675
1657549,IT,DE,GLASS,MOTOR,0.08,30510.349,4,4,30510.347,0.0,0.0,0.0,0.002,381379.3625
1727917,IT,SE,VEGET,SUGA1,0.11,30506.402,3,3,30506.402,0.0,0.0,0.0,0.0,277330.927273
1810339,IT,WM,WOODW,NAPHT,0.09,30505.949,4,4,30505.947,0.0,0.0,0.0,0.002,338954.988889
1745733,IT,JP,WEARI,NFERT,0.23,30505.43,4,4,30505.424,0.0,0.0,0.0,0.006,132632.304348
1789084,IT,WA,BITU1,SANDC,0.05,30505.113,4,4,30505.111,0.0,0.0,0.0,0.002,610102.26
1712258,IT,LV,KEROS,FORES,0.05,30503.375,4,4,30503.373,0.0,0.0,0.0,0.002,610067.5
1678656,IT,GR,MEAT1,HOTEL,0.14,30502.979,4,4,30502.975,0.0,0.0,0.0,0.004,217878.421429
1780306,IT,TW,TRAN2,HEAVY,0.05,30502.113,3,3,30502.113,0.0,0.0,0.0,0.0,610042.26
1761964,IT,IN,FURNI,AIRTR,0.1,30500.836,4,4,30500.833,0.0,0.0,0.0,0.003,305008.36
1653135,IT,CZ,CHEM1,PREC1,0.06,30499.474,4,4,30499.471,0.0,0.0,0.0,0.003,508324.566667
1681140,IT,GR,SUPPO,WOOD2,0.22,30498.971,3,3,30498.971,0.0,0.0,0.0,0.0,138631.686364
1800375,IT,WE,CHEM1,FOUND,0.06,30497.317,4,4,30497.314,0.0,0.0,0.0,0.003,508288.616667
1723061,IT,PT,CHEM1,PROCE,0.06,30497.018,4,4,30497.015,0.0,0.0,0.0,0.003,508283.633333
1711977,IT,LV,VEGET,WEARI,0.11,30495.826,3,3,30495.826,0.0,0.0,0.0,0.0,277234.781818
1802905,IT,WE,93197,WEARI,0.21,30493.948,4,4,30493.945,0.0,0.0,0.0,0.003,145209.27619
1805551,IT,WF,BRICK,SUGA1,0.05,30493.272,4,4,30493.27,0.0,0.0,0.0,0.002,609865.44
1809573,IT,WM,VEGE1,PLAST,0.09,30491.696,4,4,30491.689,0.0,0.0,0.0,0.007,338796.622222
1681137,IT,GR,SUPPO,PLAS2,0.22,30490.816,3,3,30490.816,0.0,0.0,0.0,0.0,138594.618182
1681139,IT,GR,SUPPO,TEXT2,0.22,30490.328,3,3,30490.328,0.0,0.0,0.0,0.0,138592.4
1786773,IT,ZA,HOTEL,BEVER,0.22,30490.301,4,4,30490.299,0.0,0.0,0.0,0.002,138592.277273
1716168,IT,NL,ALUM1,PULP5,0.05,30484.777,4,4,30484.775,0.0,0.0,0.0,0.002,609695.54
1766029,IT,RU,CHEM1,DISTR,0.06,30484.34,4,4,30484.337,0.0,0.0,0.0,0.003,508072.333333
1763470,IT,MX,PLAST,BASIC,0.06,30483.447,4,4,30483.444,0.0,0.0,0.0,0.003,508057.45
1796036,IT,WL,TRANS,PLANT,0.18,30483.386,4,4,30483.384,0.0,0.0,0.0,0.002,169352.144444
1777395,IT,TR,CERAM,HOTEL,0.05,30482.435,4,4,30482.433,0.0,0.0,0.0,0.002,609648.7
1790010,IT,WA,NONME,RUBBE,0.06,30481.844,4,4,30481.841,0.0,0.0,0.0,0.003,508030.733333
1665417,IT,ES,TEXTI,DIST1,0.18,30479.877,4,4,30479.873,0.0,0.0,0.0,0.004,169332.65
1672952,IT,FR,DAIRY,LANDT,0.12,30479.832,4,4,30479.83,0.0,0.0,0.0,0.002,253998.6
1650207,IT,BG,TRANS,CONST,0.18,30479.001,4,4,30478.999,0.0,0.0,0.0,0.002,169327.783333
1760087,IT,BR,OILHA,WASTE,0.17,30478.716,4,4,30478.714,0.0,0.0,0.0,0.002,179286.564706
1664110,IT,EE,RUBBE,HYDRO,0.1,30477.743,4,4,30477.74,0.0,0.0,0.0,0.003,304777.43
1807997,IT,WF,PLAS1,RECRE,0.11,30476.093,4,4,30476.091,0.0,0.0,0.0,0.002,277055.390909
1644952,IT,BE,WOODW,CHEM1,0.09,30475.916,4,4,30475.914,0.0,0.0,0.0,0.002,338621.288889
1768386,IT,AU,VEGE1,CATTL,0.09,30474.926,4,4,30474.919,0.0,0.0,0.0,0.007,338610.288889
1673667,IT,FR,PULP5,CHEM1,0.09,30474.838,4,4,30474.835,0.0,0.0,0.0,0.003,338609.311111
1650810,IT,BG,LANDT,MEATP,0.2,30472.111,3,3,30472.111,0.0,0.0,0.0,0.0,152360.555
1656871,IT,DE,HEAVY,BIODI,0.05,30471.632,4,4,30471.63,0.0,0.0,0.0,0.002,609432.64
1755817,IT,KR,CERAM,LANDT,0.05,30471.268,4,4,30471.266,0.0,0.0,0.0,0.002,609425.36
1761725,IT,IN,MACHI,FOOD5,0.17,30471.058,4,4,30471.055,0.0,0.0,0.0,0.003,179241.517647
1796994,IT,WL,AIRTR,ELE11,0.03,30466.757,3,3,30466.757,0.0,0.0,0.0,0.0,1015558.566667
1643581,IT,AT,INLAN,CONST,0.05,30465.024,4,4,30465.022,0.0,0.0,0.0,0.002,609300.48
1729787,IT,SE,MACHI,LANDT,0.17,30464.491,4,4,30464.488,0.0,0.0,0.0,0.003,179202.888235
1749933,IT,CN,GLASS,MEDIC,0.08,30463.822,4,4,30463.82,0.0,0.0,0.0,0.002,380797.775
1647669,IT,BE,FINAN,RETA1,0.4,30463.554,3,3,30463.554,0.0,0.0,0.0,0.0,76158.885
1781713,IT,NO,PULP5,WOODW,0.09,30463.026,4,4,30463.023,0.0,0.0,0.0,0.003,338478.066667
1749476,IT,CN,HEAVY,WHOLE,0.05,30458.359,4,4,30458.357,0.0,0.0,0.0,0.002,609167.18
1813843,IT,WM,LANDT,NATUR,0.2,30458.064,3,3,30458.064,0.0,0.0,0.0,0.0,152290.32
1667569,IT,ES,FABRI,INTER,0.12,30457.484,4,4,30457.482,0.0,0.0,0.0,0.002,253812.366667
1716723,IT,NL,RETA1,VEGET,0.32,30456.54,4,4,30456.538,0.0,0.0,0.0,0.002,95176.6875
1752857,IT,CA,PRINT,PUBLI,0.29,30455.134,4,4,30455.132,0.0,0.0,0.0,0.002,105017.703448
1782873,IT,NO,SEACO,MEAT1,0.03,30454.952,3,3,30454.952,0.0,0.0,0.0,0.0,1015165.066667
1727197,IT,RO,SEACO,WOODW,0.03,30454.702,3,3,30454.702,0.0,0.0,0.0,0.0,1015156.733333
1731749,IT,SI,PULP5,BUSIN,0.09,30452.603,4,4,30452.6,0.0,0.0,0.0,0.003,338362.255556
1667110,IT,ES,NONME,RECRE,0.06,30451.386,4,4,30451.383,0.0,0.0,0.0,0.003,507523.1
1709323,IT,LT,MEAT4,FOOD4,0.17,30451.145,4,4,30451.143,0.0,0.0,0.0,0.002,179124.382353
1742098,IT,US,RUBBE,COPP1,0.1,30450.87,4,4,30450.867,0.0,0.0,0.0,0.003,304508.7
1732109,IT,SI,KERO1,RECRE,0.04,30450.821,4,4,30450.819,0.0,0.0,0.0,0.002,761270.525
1761037,IT,IN,PLAST,NFERT,0.06,30450.51,4,4,30450.507,0.0,0.0,0.0,0.003,507508.5
1751684,IT,CN,INSUR,WEARI,0.63,30448.589,3,3,30448.589,0.0,0.0,0.0,0.0,48331.093651
1735921,IT,SK,MOTO1,WHEAT,0.16,30448.548,4,4,30448.546,0.0,0.0,0.0,0.002,190303.425
1716477,IT,NL,OFFIC,NONF1,0.09,30447.205,4,4,30447.203,0.0,0.0,0.0,0.002,338302.277778
1803234,IT,WF,CATTL,NONFE,0.07,30447.023,5,5,30446.021,0.0,1.0,0.0,0.002,434957.471429
1742514,IT,US,BASIC,FINAN,0.04,30445.317,4,4,30445.315,0.0,0.0,0.0,0.002,761132.925
1714499,IT,NL,CRUDE,NONFE,0.06,30445.242,4,4,30445.239,0.0,0.0,0.0,0.003,507420.7
1736475,IT,SK,TRAN2,PLAST,0.05,30444.152,3,3,30444.152,0.0,0.0,0.0,0.0,608883.04
1738789,IT,GB,OFFIC,SUPPO,0.09,30443.158,4,4,30443.156,0.0,0.0,0.0,0.002,338257.311111
1683073,IT,HR,RUBBE,VEGE1,0.1,30440.416,4,4,30440.413,0.0,0.0,0.0,0.003,304404.16
1673378,IT,FR,TEXTI,MEMBE,0.18,30438.867,4,4,30438.863,0.0,0.0,0.0,0.004,169104.816667
1788384,IT,WA,WOODW,PLAST,0.09,30438.713,4,4,30438.711,0.0,0.0,0.0,0.002,338207.922222
1686509,IT,HU,PREC1,LANDT,0.05,30438.518,3,3,30438.518,0.0,0.0,0.0,0.0,608770.36
1712236,IT,LV,PAPER,HOTEL,0.12,30436.032,4,4,30436.029,0.0,0.0,0.0,0.003,253633.6
1768763,IT,AU,WEARI,HOTEL,0.23,30434.394,4,4,30434.388,0.0,0.0,0.0,0.006,132323.452174
1740314,IT,GB,PUBLI,FABRI,0.5,30434.135,4,4,30434.133,0.0,0.0,0.0,0.002,60868.27
1678716,IT,GR,DAIRY,WHOLE,0.12,30433.176,4,4,30433.174,0.0,0.0,0.0,0.002,253609.8
1653452,IT,CZ,NONME,MACHI,0.06,30431.925,4,4,30431.922,0.0,0.0,0.0,0.003,507198.75
1771005,IT,CH,OILSE,BUSIN,0.02,30430.942,3,3,30430.942,0.0,0.0,0.0,0.0,1521547.1
1788860,IT,WA,GASDI,NFERT,0.05,30429.223,4,4,30429.221,0.0,0.0,0.0,0.002,608584.46
1807257,IT,WF,SUPPO,AUXIL,0.22,30427.082,3,3,30427.082,0.0,0.0,0.0,0.0,138304.918182
1786046,IT,ZA,CERAM,SUPPO,0.05,30426.257,4,4,30426.255,0.0,0.0,0.0,0.002,608525.14
1753257,IT,CA,CEMEN,WOODW,0.05,30425.803,3,3,30425.803,0.0,0.0,0.0,0.0,608516.06
1652160,IT,CZ,VEGE1,MEATC,0.09,30425.31,4,4,30425.303,0.0,0.0,0.0,0.007,338059.0
1735683,IT,SK,FABRI,GASDI,0.12,30422.849,4,4,30422.847,0.0,0.0,0.0,0.002,253523.741667
1739758,IT,GB,SUPPO,93197,0.22,30421.501,3,3,30421.501,0.0,0.0,0.0,0.0,138279.55
1776345,IT,TR,PAPER,SUPPO,0.12,30419.469,4,4,30419.466,0.0,0.0,0.0,0.003,253495.575
1729840,IT,SE,MOTO1,WEARI,0.16,30419.175,4,4,30419.173,0.0,0.0,0.0,0.002,190119.84375
1739592,IT,GB,SEACO,PETRO,0.03,30419.06,3,3,30419.06,0.0,0.0,0.0,0.0,1013968.666667
1721542,IT,PL,SUPPO,DIST1,0.22,30417.302,3,3,30417.302,0.0,0.0,0.0,0.0,138260.463636
1755897,IT,KR,BASIC,MOTOR,0.04,30414.185,4,4,30414.183,0.0,0.0,0.0,0.002,760354.625
1727651,IT,RO,RENTI,FABRI,0.18,30412.15,4,4,30412.148,0.0,0.0,0.0,0.002,168956.388889
1667100,IT,ES,NONME,SEWAG,0.06,30411.286,4,4,30411.283,0.0,0.0,0.0,0.003,506854.766667
1800745,IT,WE,NONME,GASDI,0.06,30411.073,4,4,30411.07,0.0,0.0,0.0,0.003,506851.216667
1673879,IT,FR,PRINT,INERT,0.29,30410.773,4,4,30410.771,0.0,0.0,0.0,0.002,104864.734483
1800783,IT,WE,BASIC,FORES,0.04,30408.64,4,4,30408.638,0.0,0.0,0.0,0.002,760216.0
1676301,IT,FR,RETAI,VEGET,0.24,30403.286,4,4,30403.284,0.0,0.0,0.0,0.002,126680.358333
1684269,IT,HR,INLAN,CHEM1,0.05,30403.011,4,4,30403.009,0.0,0.0,0.0,0.002,608060.22
1682428,IT,HR,PAPER,NONME,0.12,30402.664,4,4,30402.661,0.0,0.0,0.0,0.003,253355.533333
1673065,IT,FR,FOOD5,NONME,0.15,30400.281,4,4,30400.278,0.0,0.0,0.0,0.003,202668.54
1811437,IT,WM,PLAST,LUBRI,0.06,30398.415,4,4,30398.412,0.0,0.0,0.0,0.003,506640.25
1763127,IT,MX,WEARI,PUBLI,0.23,30398.183,4,4,30398.177,0.0,0.0,0.0,0.006,132166.013043
1782061,IT,NO,GLASS,BEVER,0.08,30398.066,4,4,30398.064,0.0,0.0,0.0,0.002,379975.825
1796475,IT,WL,RETA1,MEATP,0.32,30395.911,4,4,30395.909,0.0,0.0,0.0,0.002,94987.221875
1781627,IT,NO,WEARI,RECRE,0.23,30395.645,4,4,30395.639,0.0,0.0,0.0,0.006,132154.978261
1679060,IT,GR,WOODW,LANDT,0.09,30392.241,4,4,30392.239,0.0,0.0,0.0,0.002,337691.566667
1738632,IT,GB,MACHI,WHEAT,0.17,30391.96,4,4,30391.958,0.0,0.0,0.0,0.002,178776.235294
1669640,IT,ES,RENTI,HEALT,0.18,30391.653,4,4,30391.651,0.0,0.0,0.0,0.002,168842.516667
1787207,IT,WA,CEREA,RAWMI,0.05,30390.856,4,4,30390.854,0.0,0.0,0.0,0.002,607817.12
1784088,IT,ID,LEATH,FURNI,0.22,30390.297,4,4,30390.292,0.0,0.0,0.0,0.005,138137.713636
1663667,IT,DK,BUSIN,PAPE1,0.31,30389.701,4,4,30389.699,0.0,0.0,0.0,0.002,98031.293548
1656861,IT,DE,HEAVY,REFI1,0.05,30389.379,4,4,30389.377,0.0,0.0,0.0,0.002,607787.58
1765799,IT,RU,MOTOR,LANDT,0.05,30387.394,4,4,30387.392,0.0,0.0,0.0,0.002,607747.88
1776538,IT,TR,KEROS,RESEA,0.05,30385.366,4,4,30385.364,0.0,0.0,0.0,0.002,607707.32
1811947,IT,WM,GLASS,CROPS,0.08,30383.479,4,4,30383.477,0.0,0.0,0.0,0.002,379793.4875
1749099,IT,CN,WOODW,COKEO,0.09,30379.714,4,4,30379.712,0.0,0.0,0.0,0.002,337552.377778
1754083,IT,CA,AIRTR,LEATH,0.03,30378.697,3,3,30378.697,0.0,0.0,0.0,0.0,1012623.233333
1782616,IT,NO,FURNI,POSTT,0.1,30378.525,4,4,30378.522,0.0,0.0,0.0,0.003,303785.25
1782539,IT,NO,OFFIC,RESEA,0.09,30378.249,4,4,30378.247,0.0,0.0,0.0,0.002,337536.1
1645908,IT,BE,CERAM,DAIRY,0.05,30378.145,4,4,30378.143,0.0,0.0,0.0,0.002,607562.9
1684068,IT,HR,HOTEL,FURNI,0.22,30375.271,4,4,30375.269,0.0,0.0,0.0,0.002,138069.413636
1737428,IT,GB,WEARI,FINAN,0.23,30373.728,4,4,30373.722,0.0,0.0,0.0,0.006,132059.686957
1656736,IT,DE,MOTOR,REALE,0.05,30372.714,4,4,30372.712,0.0,0.0,0.0,0.002,607454.28
1740166,IT,GB,COMPU,MEMBE,0.35,30369.539,4,4,30369.537,0.0,0.0,0.0,0.002,86770.111429
1760802,IT,IN,PRINT,MEMBE,0.29,30369.509,4,4,30369.507,0.0,0.0,0.0,0.002,104722.444828
1710024,IT,LT,COPP1,CROPS,0.08,30369.296,4,4,30369.294,0.0,0.0,0.0,0.002,379616.2
1731997,IT,SI,KEROS,VEGE1,0.05,30367.861,4,4,30367.859,0.0,0.0,0.0,0.002,607357.22
1804020,IT,WF,WOODW,NONFE,0.08,30364.972,4,4,30364.97,0.0,0.0,0.0,0.002,379562.15
1652162,IT,CZ,VEGE1,MEAT4,0.09,30364.701,4,4,30364.694,0.0,0.0,0.0,0.007,337385.566667
1786568,IT,ZA,FURNI,TRAN2,0.1,30364.594,4,4,30364.591,0.0,0.0,0.0,0.003,303645.94
1653044,IT,CZ,PLAST,ELEC1,0.06,30363.845,4,4,30363.842,0.0,0.0,0.0,0.003,506064.083333
1682920,IT,HR,NAPHT,SALEM,0.05,30362.777,4,4,30362.775,0.0,0.0,0.0,0.002,607255.54
1809509,IT,WM,MEAT4,KEROS,0.17,30361.592,4,4,30361.59,0.0,0.0,0.0,0.002,178597.6
1743696,IT,US,RAILW,COLLE,0.2,30360.689,3,3,30360.689,0.0,0.0,0.0,0.0,151803.445
1661183,IT,DE,93197,HOTEL,0.2,30360.067,4,4,30360.064,0.0,0.0,0.0,0.003,151800.335
1795352,IT,WL,NONME,RETA1,0.06,30359.078,4,4,30359.075,0.0,0.0,0.0,0.003,505984.633333
1787493,IT,WA,CHEMI,PIGS9,0.07,30357.427,5,5,30356.424,0.0,0.0,1.0,0.003,433677.528571
1793152,IT,WA,93197,MEATC,0.2,30356.889,4,4,30356.886,0.0,0.0,0.0,0.003,151784.445
1688706,IT,IE,CHEM1,ELEC1,0.06,30355.468,4,4,30355.465,0.0,0.0,0.0,0.003,505924.466667
1782298,IT,NO,COPP1,OFFIC,0.08,30355.296,4,4,30355.294,0.0,0.0,0.0,0.002,379441.2
1642828,IT,AT,OFFIC,HOTEL,0.09,30355.146,4,4,30355.144,0.0,0.0,0.0,0.002,337279.4
1659452,IT,DE,WHOLE,COMPU,0.26,30354.946,4,4,30354.944,0.0,0.0,0.0,0.002,116749.792308
1747298,IT,JP,WHOLE,TRANS,0.26,30354.911,4,4,30354.909,0.0,0.0,0.0,0.002,116749.657692
1771971,IT,CH,PAPER,TRAN2,0.12,30354.763,4,4,30354.76,0.0,0.0,0.0,0.003,252956.358333
1642772,IT,AT,MACHI,RETAI,0.17,30354.604,4,4,30354.602,0.0,0.0,0.0,0.002,178556.494118
1783370,IT,NO,PLAS1,MACHI,0.11,30354.218,4,4,30354.216,0.0,0.0,0.0,0.002,275947.436364
1751026,IT,CN,WHOLE,NONME,0.26,30353.315,4,4,30353.313,0.0,0.0,0.0,0.002,116743.519231
1686849,IT,HU,FABRI,TRAN2,0.12,30352.897,4,4,30352.895,0.0,0.0,0.0,0.002,252940.808333
1652328,IT,CZ,BEVER,RESEA,0.13,30351.849,4,4,30351.847,0.0,0.0,0.0,0.002,233475.761538
1805790,IT,WF,PREC1,FOOD5,0.05,30351.407,3,3,30351.407,0.0,0.0,0.0,0.0,607028.14
1761916,IT,IN,FURNI,KEROS,0.1,30351.346,4,4,30351.343,0.0,0.0,0.0,0.003,303513.46
1688571,IT,IE,PRINT,FABRI,0.29,30349.931,4,4,30349.929,0.0,0.0,0.0,0.002,104654.934483
1757884,IT,BR,CHEM1,CHARC,0.06,30348.895,4,4,30348.892,0.0,0.0,0.0,0.003,505814.916667
1659584,IT,DE,HOTEL,PAPER,0.22,30348.225,4,4,30348.223,0.0,0.0,0.0,0.002,137946.477273
1642767,IT,AT,MACHI,DIST1,0.17,30346.849,4,4,30346.847,0.0,0.0,0.0,0.002,178510.876471
1812584,IT,WM,LEAD1,MOTOR,0.05,30346.663,4,4,30346.66,0.0,0.0,0.0,0.003,606933.26
1807836,IT,WF,PAPE1,CATTL,0.21,30346.655,4,4,30346.653,0.0,0.0,0.0,0.002,144507.880952
1680035,IT,GR,MACHI,PFERT,0.17,30345.858,4,4,30345.856,0.0,0.0,0.0,0.002,178505.047059
1729923,IT,SE,FURNI,FURNI,0.1,30345.816,4,4,30345.813,0.0,0.0,0.0,0.003,303458.16
1755362,IT,KR,PRINT,EDUCA,0.29,30342.991,4,4,30342.989,0.0,0.0,0.0,0.002,104631.003448
1806227,IT,WF,MACHI,TOBAC,0.17,30342.103,4,4,30342.101,0.0,0.0,0.0,0.002,178482.958824
1812291,IT,WM,BASIC,NONFE,0.03,30341.976,4,4,30341.974,0.0,0.0,0.0,0.002,1011399.2
1659974,IT,DE,SEACO,RUBBE,0.03,30341.931,3,3,30341.931,0.0,0.0,0.0,0.0,1011397.7
1657054,IT,DE,NONSP,BEVER,0.04,30341.631,4,4,30341.629,0.0,0.0,0.0,0.002,758540.775
1756391,IT,KR,FURNI,DIST1,0.1,30339.195,4,4,30339.192,0.0,0.0,0.0,0.003,303391.95
1784562,IT,ID,MACHI,NATUR,0.17,30339.013,4,4,30339.011,0.0,0.0,0.0,0.002,178464.782353
1810607,IT,WM,PRINT,SALEM,0.29,30337.291,4,4,30337.289,0.0,0.0,0.0,0.002,104611.348276
1810036,IT,WM,TEXTI,PULP5,0.18,30336.748,4,4,30336.744,0.0,0.0,0.0,0.004,168537.488889
1722239,IT,PL,HEALT,BASIC,0.16,30335.322,3,3,30335.322,0.0,0.0,0.0,0.0,189595.7625
1658764,IT,DE,MOTO1,SUGAR,0.16,30334.697,4,4,30334.695,0.0,0.0,0.0,0.002,189591.85625
1672135,IT,FI,POSTT,BUSIN,0.5,30331.963,4,4,30331.961,0.0,0.0,0.0,0.002,60663.926
1733908,IT,SI,AIRTR,MOTO1,0.03,30329.302,3,3,30329.302,0.0,0.0,0.0,0.0,1010976.733333
1666537,IT,ES,CHEM1,NICKE,0.06,30328.246,4,4,30328.243,0.0,0.0,0.0,0.003,505470.766667
1781543,IT,NO,TEXTI,HOTEL,0.18,30326.949,4,4,30326.945,0.0,0.0,0.0,0.004,168483.05
1754188,IT,CA,SUPPO,SUPPO,0.22,30326.34,3,3,30326.34,0.0,0.0,0.0,0.0,137847.0
1676417,IT,FR,WHOLE,SEWAG,0.26,30324.392,4,4,30324.39,0.0,0.0,0.0,0.002,116632.276923
1643067,IT,AT,RETAI,MOTO1,0.24,30315.43,4,4,30315.428,0.0,0.0,0.0,0.002,126314.291667
1685055,IT,HU,DAIRY,HEALT,0.12,30311.549,4,4,30311.547,0.0,0.0,0.0,0.002,252596.241667
1713238,IT,MT,PAPER,MEAT1,0.12,30311.549,4,4,30311.546,0.0,0.0,0.0,0.003,252596.241667
1644344,IT,BE,SANDC,BUSIN,0.07,30309.465,4,4,30302.465,0.0,0.0,7.0,0.0,432992.357143
1739684,IT,GB,SUPPO,TOBAC,0.22,30308.225,3,3,30308.225,0.0,0.0,0.0,0.0,137764.659091
1747992,IT,JP,BUSIN,PADDY,0.31,30307.869,4,4,30307.867,0.0,0.0,0.0,0.002,97767.319355
1769166,IT,AU,CHEM1,NONF1,0.06,30307.742,4,4,30307.739,0.0,0.0,0.0,0.003,505129.033333
1711007,IT,LU,CEMEN,CEMEN,0.05,30307.621,3,3,30307.621,0.0,0.0,0.0,0.0,606152.42
1769099,IT,AU,PLAST,RETA1,0.06,30306.343,4,4,30306.34,0.0,0.0,0.0,0.003,505105.716667
1780773,IT,TW,RENTI,OFFIC,0.18,30302.625,4,4,30302.623,0.0,0.0,0.0,0.002,168347.916667
1642213,IT,AT,CEMEN,LANDT,0.05,30302.525,3,3,30302.525,0.0,0.0,0.0,0.0,606050.5
1646330,IT,BE,FABRI,SANDC,0.12,30301.118,4,4,30301.116,0.0,0.0,0.0,0.002,252509.316667
1784291,IT,ID,CHEM1,ELEC2,0.06,30300.147,4,4,30300.144,0.0,0.0,0.0,0.003,505002.45
1775988,IT,TR,FISH5,FOOD5,0.13,30298.639,4,4,30298.623,0.0,0.0,0.0,0.016,233066.453846
1805624,IT,WF,NONME,MEATC,0.06,30297.712,4,4,30297.709,0.0,0.0,0.0,0.003,504961.866667
1745366,IT,JP,VEGE1,OFFIC,0.09,30297.097,4,4,30297.09,0.0,0.0,0.0,0.007,336634.411111
1737351,IT,GB,BEVER,POSTT,0.13,30292.712,4,4,30292.71,0.0,0.0,0.0,0.002,233020.861538
1655749,IT,DE,MEATC,RESEA,0.1,30292.464,4,4,30292.462,0.0,0.0,0.0,0.002,302924.64
1738051,IT,GB,RUBBE,HEAVY,0.1,30291.644,4,4,30291.641,0.0,0.0,0.0,0.003,302916.44
1684261,IT,HR,SEACO,REALE,0.03,30291.104,3,3,30291.104,0.0,0.0,0.0,0.0,1009703.466667
1659997,IT,DE,SEACO,RENTI,0.03,30288.985,3,3,30288.985,0.0,0.0,0.0,0.0,1009632.833333
1642920,IT,AT,TRANS,REALE,0.18,30288.212,4,4,30288.21,0.0,0.0,0.0,0.002,168267.844444
1716299,IT,NL,FABRI,NUCLE,0.12,30287.768,4,4,30287.766,0.0,0.0,0.0,0.002,252398.066667
1650945,IT,BG,AIRTR,ELEC3,0.03,30286.993,3,3,30286.993,0.0,0.0,0.0,0.0,1009566.433333
1715742,IT,NL,BIOGA,CONST,0.06,30286.225,4,4,30286.222,0.0,0.0,0.0,0.003,504770.416667
1709335,IT,LT,VEGE1,WHOLE,0.09,30283.922,4,4,30283.915,0.0,0.0,0.0,0.007,336488.022222
1643601,IT,AT,AIRTR,PULP5,0.03,30283.771,3,3,30283.771,0.0,0.0,0.0,0.0,1009459.033333
1758575,IT,BR,MOTO1,MEAT4,0.16,30280.749,4,4,30280.747,0.0,0.0,0.0,0.002,189254.68125
1721067,IT,PL,HOTEL,DISTR,0.22,30279.752,4,4,30279.75,0.0,0.0,0.0,0.002,137635.236364
1651249,IT,CY,CATTL,MEATC,0.07,30278.864,5,5,30277.862,0.0,1.0,0.0,0.002,432555.2
1646110,IT,BE,BASIC,TEXT1,0.03,30278.655,4,4,30278.653,0.0,0.0,0.0,0.002,1009288.5
1814514,IT,WM,RESEA,CONST,0.16,30278.16,4,4,30278.158,0.0,0.0,0.0,0.002,189238.5
1800543,IT,WE,RUBBE,RETAI,0.1,30275.761,4,4,30275.758,0.0,0.0,0.0,0.003,302757.61
1721474,IT,PL,AIRTR,EDUCA,0.03,30275.331,3,3,30275.331,0.0,0.0,0.0,0.0,1009177.7
1722967,IT,PT,NAPHT,PAPER,0.05,30272.869,4,4,30272.867,0.0,0.0,0.0,0.002,605457.38
1646769,IT,BE,CONST,POSTT,0.17,30271.824,4,4,30271.822,0.0,0.0,0.0,0.002,178069.552941
1717427,IT,NL,INSUR,LANDT,0.62,30271.014,3,3,30271.014,0.0,0.0,0.0,0.0,48824.216129
1734514,IT,SK,VEGE1,HOTEL,0.09,30270.767,4,4,30270.76,0.0,0.0,0.0,0.007,336341.855556
1643121,IT,AT,WHOLE,93197,0.26,30270.27,4,4,30270.268,0.0,0.0,0.0,0.002,116424.115385
1788558,IT,WA,PAPER,CHARC,0.12,30268.972,4,4,30268.969,0.0,0.0,0.0,0.003,252241.433333
1770291,IT,AU,HOTEL,ELEC7,0.22,30267.706,4,4,30267.704,0.0,0.0,0.0,0.002,137580.481818
1643198,IT,AT,HOTEL,FISH5,0.22,30267.328,4,4,30267.326,0.0,0.0,0.0,0.002,137578.763636
1813825,IT,WM,RAILW,RESEA,0.2,30267.129,3,3,30267.129,0.0,0.0,0.0,0.0,151335.645
1797250,IT,WL,FINAN,BUSIN,0.39,30263.251,3,3,30263.251,0.0,0.0,0.0,0.0,77598.079487
1813821,IT,WM,RAILW,INSUR,0.2,30262.389,3,3,30262.389,0.0,0.0,0.0,0.0,151311.945
1784278,IT,ID,CHEM1,COPP1,0.06,30262.311,4,4,30262.308,0.0,0.0,0.0,0.003,504371.85
1774562,IT,CH,SEACO,TOBAC,0.03,30262.019,3,3,30262.019,0.0,0.0,0.0,0.0,1008733.966667
1728781,IT,SE,HEAVY,REFI1,0.05,30261.066,4,4,30261.064,0.0,0.0,0.0,0.002,605221.32
1677404,IT,FR,INSUR,FABRI,0.62,30260.446,3,3,30260.446,0.0,0.0,0.0,0.0,48807.170968
1728128,IT,SE,VEGE1,RESEA,0.09,30257.867,4,4,30257.86,0.0,0.0,0.0,0.007,336198.522222
1679824,IT,GR,ALUM1,PRINT,0.05,30256.96,4,4,30256.958,0.0,0.0,0.0,0.002,605139.2
1748814,IT,CN,TEXTI,TRANS,0.18,30255.432,4,4,30255.428,0.0,0.0,0.0,0.004,168085.733333
1657363,IT,DE,BIODI,BUSIN,0.06,30255.241,4,4,30255.238,0.0,0.0,0.0,0.003,504254.016667
1719941,IT,PL,PREC1,ELEC1,0.05,30252.956,3,3,30252.956,0.0,0.0,0.0,0.0,605059.12
1645500,IT,BE,PLAST,KEROS,0.06,30252.684,4,4,30252.681,0.0,0.0,0.0,0.003,504211.4
1753122,IT,CA,RUBBE,COPP1,0.1,30252.088,4,4,30252.085,0.0,0.0,0.0,0.003,302520.88
1653671,IT,CZ,ALUM1,HOTEL,0.05,30251.175,4,4,30251.173,0.0,0.0,0.0,0.002,605023.5
1736795,IT,SK,COMPU,MOTO1,0.35,30250.644,4,4,30250.642,0.0,0.0,0.0,0.002,86430.411429
1756374,IT,KR,FURNI,CHEM1,0.1,30250.127,4,4,30250.124,0.0,0.0,0.0,0.003,302501.27
1778667,IT,TR,HOTEL,RAILW,0.22,30249.937,4,4,30249.935,0.0,0.0,0.0,0.002,137499.713636
1641607,IT,AT,NAPHT,BIODI,0.05,30249.425,4,4,30249.423,0.0,0.0,0.0,0.002,604988.5
1644995,IT,BE,WOODW,PLAS1,0.08,30249.142,4,4,30249.14,0.0,0.0,0.0,0.002,378114.275
1746145,IT,JP,PLAST,BEVER,0.06,30248.504,4,4,30248.501,0.0,0.0,0.0,0.003,504141.733333
1640372,IT,AT,MEATP,NFERT,0.12,30247.81,4,4,30247.807,0.0,0.0,0.0,0.003,252065.083333
1660687,IT,DE,RENTI,DAIRY,0.18,30247.251,4,4,30247.249,0.0,0.0,0.0,0.002,168040.283333
1777556,IT,TR,PREC1,RUBBE,0.05,30242.154,3,3,30242.154,0.0,0.0,0.0,0.0,604843.08
1741765,IT,US,NONSP,BITU1,0.04,30240.664,4,4,30240.662,0.0,0.0,0.0,0.002,756016.6
1658919,IT,DE,FURNI,ELECT,0.1,30240.315,4,4,30240.312,0.0,0.0,0.0,0.003,302403.15
1742538,IT,US,BASIC,WOOD2,0.03,30239.397,4,4,30239.395,0.0,0.0,0.0,0.002,1007979.9
1684846,IT,HU,CRUDE,NAPHT,0.06,30238.678,4,4,30238.675,0.0,0.0,0.0,0.003,503977.966667
1714547,IT,NL,CRUDE,FURNI,0.06,30236.971,4,4,30236.968,0.0,0.0,0.0,0.003,503949.516667
1688978,IT,IE,MACHI,PULP5,0.17,30234.866,4,4,30234.864,0.0,0.0,0.0,0.002,177852.152941
1650824,IT,BG,LANDT,PAPER,0.2,30234.322,3,3,30234.322,0.0,0.0,0.0,0.0,151171.61
1774035,IT,CH,RETAI,COLLE,0.24,30234.064,4,4,30234.062,0.0,0.0,0.0,0.002,125975.266667
1678476,IT,FR,RECRE,WHOLE,0.38,30233.886,4,4,30233.884,0.0,0.0,0.0,0.002,79562.857895
1682246,IT,HR,LEATH,RAWMI,0.22,30229.21,4,4,30229.205,0.0,0.0,0.0,0.005,137405.5
1767293,IT,RU,HOTEL,ELEC3,0.22,30227.45,4,4,30227.448,0.0,0.0,0.0,0.002,137397.5
1688855,IT,IE,BASIC,FURNI,0.03,30227.278,4,4,30227.276,0.0,0.0,0.0,0.002,1007575.933333
1783375,IT,NO,PLAS1,SALEM,0.11,30226.657,4,4,30226.655,0.0,0.0,0.0,0.002,274787.790909
1764857,IT,MX,AIRTR,CATTL,0.03,30225.664,3,3,30225.664,0.0,0.0,0.0,0.0,1007522.133333
1649391,IT,BG,CHEM1,MEATC,0.06,30224.587,4,4,30224.584,0.0,0.0,0.0,0.003,503743.116667
1773287,IT,CH,MACHI,POULT,0.17,30224.209,4,4,30224.207,0.0,0.0,0.0,0.002,177789.464706
1688979,IT,IE,MACHI,PAPER,0.17,30222.39,4,4,30222.388,0.0,0.0,0.0,0.002,177778.764706
1795074,IT,WL,RUBBE,WHEAT,0.1,30221.999,4,4,30221.996,0.0,0.0,0.0,0.003,302219.99
1770926,IT,CH,CEREA,VEGE1,0.05,30220.927,4,4,30220.925,0.0,0.0,0.0,0.002,604418.54
1789420,IT,WA,CHEM1,INLAN,0.06,30220.789,4,4,30220.786,0.0,0.0,0.0,0.003,503679.816667
1794946,IT,WL,CHEM1,PFERT,0.06,30220.256,4,4,30220.253,0.0,0.0,0.0,0.003,503670.933333
1791102,IT,WA,TRANS,ELECT,0.18,30218.71,4,4,30218.708,0.0,0.0,0.0,0.002,167881.722222
1787315,IT,WA,CROPS,FOOD5,0.24,30218.348,4,4,30218.346,0.0,0.0,0.0,0.002,125909.783333
1647681,IT,BE,FINAN,REALE,0.39,30215.953,3,3,30215.953,0.0,0.0,0.0,0.0,77476.802564
1656174,IT,DE,TEXTI,FISH5,0.18,30214.858,4,4,30214.854,0.0,0.0,0.0,0.004,167860.322222
1669215,IT,ES,POSTT,INSUR,0.5,30214.677,4,4,30214.675,0.0,0.0,0.0,0.002,60429.354
1654271,IT,CZ,FURNI,CONST,0.1,30212.852,4,4,30212.849,0.0,0.0,0.0,0.003,302128.52
1810690,IT,WM,MOTOR,REFI1,0.05,30212.144,4,4,30212.142,0.0,0.0,0.0,0.002,604242.88
1785872,IT,ZA,ADDIT,WOODW,0.07,30211.339,4,4,30211.337,0.0,0.0,0.0,0.002,431590.557143
1767319,IT,RU,HOTEL,RENTI,0.22,30210.668,4,4,30210.666,0.0,0.0,0.0,0.002,137321.218182
1797348,IT,WL,REALE,HOTEL,1.28,30208.457,4,4,30208.455,0.0,0.0,0.0,0.002,23600.357031
1653080,IT,CZ,CHEM1,POULT,0.06,30208.019,4,4,30208.016,0.0,0.0,0.0,0.003,503466.983333
1746084,IT,JP,PRINT,ELEC2,0.29,30207.555,4,4,30207.553,0.0,0.0,0.0,0.002,104163.982759
1664395,IT,EE,MACHI,WEARI,0.17,30206.503,4,4,30206.501,0.0,0.0,0.0,0.002,177685.311765
1658102,IT,DE,ALUM1,SUGA1,0.05,30206.398,4,4,30206.396,0.0,0.0,0.0,0.002,604127.96
1658152,IT,DE,ALUM1,SECO9,0.05,30205.698,4,4,30205.696,0.0,0.0,0.0,0.002,604113.96
1730813,IT,SE,BUSIN,RAILW,0.31,30204.752,4,4,30204.75,0.0,0.0,0.0,0.002,97434.683871
1670833,IT,FI,PARAF,MOTOR,0.05,30204.646,4,4,30204.644,0.0,0.0,0.0,0.002,604092.92
1671989,IT,FI,LANDT,SUPPO,0.19,30204.569,3,3,30204.569,0.0,0.0,0.0,0.0,158971.415789
1687959,IT,HU,RENTI,MOTOR,0.18,30204.509,4,4,30204.507,0.0,0.0,0.0,0.002,167802.827778
1752948,IT,CA,PLAST,ELECT,0.06,30201.65,4,4,30201.647,0.0,0.0,0.0,0.003,503360.833333
1804705,IT,WF,LIQUE,MOTO1,0.05,30200.156,4,4,30200.154,0.0,0.0,0.0,0.002,604003.12
1787254,IT,WA,VEGET,NONME,0.11,30198.406,3,3,30198.406,0.0,0.0,0.0,0.0,274530.963636
1808953,IT,WM,CEREA,AUXIL,0.05,30198.226,4,4,30198.224,0.0,0.0,0.0,0.002,603964.52
1683825,IT,HR,MOTO1,FORES,0.16,30196.364,4,4,30196.362,0.0,0.0,0.0,0.002,188727.275
1715958,IT,NL,CERAM,WOODW,0.05,30196.031,4,4,30196.029,0.0,0.0,0.0,0.002,603920.62
1668018,IT,ES,FURNI,WOODW,0.1,30195.804,4,4,30195.801,0.0,0.0,0.0,0.003,301958.04
1714600,IT,NL,SANDC,REALE,0.07,30195.161,4,4,30188.161,0.0,0.0,7.0,0.0,431359.442857
1685153,IT,HU,BEVER,RAWMI,0.13,30194.79,4,4,30194.788,0.0,0.0,0.0,0.002,232267.615385
1667812,IT,ES,OFFIC,ELEC4,0.09,30189.493,4,4,30189.491,0.0,0.0,0.0,0.002,335438.811111
1677468,IT,FR,AUXIL,RAWMI,0.55,30189.226,3,3,30189.226,0.0,0.0,0.0,0.0,54889.501818
1812631,IT,WM,COPP1,NATU1,0.08,30189.134,4,4,30189.132,0.0,0.0,0.0,0.002,377364.175
1666099,IT,ES,GASDI,MOTOR,0.04,30187.882,4,4,30187.88,0.0,0.0,0.0,0.002,754697.05
1645382,IT,BE,HEAVY,BRICK,0.05,30186.965,4,4,30186.963,0.0,0.0,0.0,0.002,603739.3
1740721,IT,US,CHEMI,REALE,0.07,30185.907,5,5,30184.904,0.0,0.0,1.0,0.003,431227.242857
1775192,IT,CH,RESEA,MACHI,0.16,30184.412,4,4,30184.41,0.0,0.0,0.0,0.002,188652.575
1800525,IT,WE,RUBBE,LEAD1,0.1,30183.363,4,4,30183.36,0.0,0.0,0.0,0.003,301833.63
1648641,IT,BG,VEGE1,WHOLE,0.09,30177.813,4,4,30177.806,0.0,0.0,0.0,0.007,335309.033333
1776441,IT,TR,MOTOR,CRUDE,0.05,30176.992,4,4,30176.99,0.0,0.0,0.0,0.002,603539.84
1737881,IT,GB,PLAST,CONST,0.06,30176.383,4,4,30176.38,0.0,0.0,0.0,0.003,502939.716667
1793536,IT,WL,MEAT1,HOTEL,0.14,30175.486,4,4,30175.482,0.0,0.0,0.0,0.004,215539.185714
1689815,IT,IE,INSUR,FABRI,0.62,30173.051,3,3,30173.051,0.0,0.0,0.0,0.0,48666.21129
1681685,IT,HR,OILSE,WHOLE,0.02,30167.221,3,3,30167.221,0.0,0.0,0.0,0.0,1508361.05
1771847,IT,CH,WOODW,SECO9,0.08,30167.012,4,4,30167.01,0.0,0.0,0.0,0.002,377087.65
1778097,IT,TR,MOTO1,FOUND,0.16,30166.989,4,4,30166.987,0.0,0.0,0.0,0.002,188543.68125
1792595,IT,WA,COMPU,OFFIC,0.34,30166.638,4,4,30166.636,0.0,0.0,0.0,0.002,88725.405882
1781427,IT,NO,FOOD5,FABRI,0.14,30165.727,4,4,30165.724,0.0,0.0,0.0,0.003,215469.478571
1718033,IT,PL,CHEMI,RETA1,0.07,30165.072,5,5,30164.069,0.0,0.0,1.0,0.003,430929.6
1732229,IT,SI,HEAVY,RENTI,0.05,30164.82,4,4,30164.818,0.0,0.0,0.0,0.002,603296.4
1778130,IT,TR,TRANS,RUBBE,0.18,30164.805,4,4,30164.803,0.0,0.0,0.0,0.002,167582.25
1803182,IT,WF,CROPS,CRUDE,0.24,30160.403,4,4,30160.401,0.0,0.0,0.0,0.002,125668.345833
1659473,IT,DE,RETA1,PROCE,0.31,30160.272,4,4,30160.27,0.0,0.0,0.0,0.002,97291.2
1645427,IT,BE,LIQUE,FOUND,0.05,30159.733,4,4,30159.731,0.0,0.0,0.0,0.002,603194.66
1688291,IT,IE,FISHF,FISH5,0.05,30159.638,3,3,30159.638,0.0,0.0,0.0,0.0,603192.76
1689555,IT,IE,AIRTR,SANDC,0.03,30158.63,3,3,30158.63,0.0,0.0,0.0,0.0,1005287.666667
1730832,IT,SE,BUSIN,FOODW,0.31,30157.028,4,4,30157.026,0.0,0.0,0.0,0.002,97280.735484
1749452,IT,CN,HEAVY,GASDI,0.05,30156.72,4,4,30156.718,0.0,0.0,0.0,0.002,603134.4
1731089,IT,SI,OILSE,FOOD5,0.02,30155.885,3,3,30155.885,0.0,0.0,0.0,0.0,1507794.25
1651609,IT,CY,CERAM,REALE,0.05,30155.56,4,4,30155.558,0.0,0.0,0.0,0.002,603111.2
1768966,IT,AU,PAPER,ELECT,0.12,30154.984,4,4,30154.981,0.0,0.0,0.0,0.003,251291.533333
1728785,IT,SE,HEAVY,CEMEN,0.05,30154.883,4,4,30154.881,0.0,0.0,0.0,0.002,603097.66
1661328,IT,DK,CHEMI,FURNI,0.07,30154.686,5,5,30153.683,0.0,0.0,1.0,0.003,430781.228571
1745888,IT,JP,LEATH,COLLE,0.22,30149.605,4,4,30149.6,0.0,0.0,0.0,0.005,137043.659091
1812961,IT,WM,MACHI,WHITE,0.17,30149.451,4,4,30149.449,0.0,0.0,0.0,0.002,177349.711765
1795270,IT,WL,CERAM,SALEM,0.05,30147.63,4,4,30147.628,0.0,0.0,0.0,0.002,602952.6
1741423,IT,US,MOTOR,NATU1,0.05,30146.937,4,4,30146.935,0.0,0.0,0.0,0.002,602938.74
1683156,IT,HR,GLASS,CHEMI,0.08,30145.515,4,4,30145.513,0.0,0.0,0.0,0.002,376818.9375
1794262,IT,WL,MOTOR,SANDC,0.05,30143.388,4,4,30143.386,0.0,0.0,0.0,0.002,602867.76
1738812,IT,GB,MOTO1,GLASS,0.16,30142.412,4,4,30142.41,0.0,0.0,0.0,0.002,188390.075
1747686,IT,JP,POSTT,WHOLE,0.5,30142.114,4,4,30142.112,0.0,0.0,0.0,0.002,60284.228
1780065,IT,TW,WHOLE,RUBBE,0.26,30140.568,4,4,30140.566,0.0,0.0,0.0,0.002,115925.261538
1762445,IT,IN,POSTT,RECRE,0.5,30139.874,4,4,30139.872,0.0,0.0,0.0,0.002,60279.748
1720514,IT,PL,MACHI,WOOD2,0.17,30139.579,4,4,30139.577,0.0,0.0,0.0,0.002,177291.641176
1769530,IT,AU,ALUM1,CHEM1,0.05,30136.236,4,4,30136.234,0.0,0.0,0.0,0.002,602724.72
1755702,IT,KR,RUBBE,COMPU,0.1,30135.984,4,4,30135.981,0.0,0.0,0.0,0.003,301359.84
1741572,IT,US,GASDI,CHEM1,0.04,30135.695,4,4,30135.693,0.0,0.0,0.0,0.002,753392.375
1716212,IT,NL,ALUM1,EDUCA,0.05,30135.356,4,4,30135.354,0.0,0.0,0.0,0.002,602707.12
1675568,IT,FR,MOTO1,MOTOR,0.16,30134.911,4,4,30134.909,0.0,0.0,0.0,0.002,188343.19375
1752895,IT,CA,GASDI,LANDT,0.04,30133.529,4,4,30133.527,0.0,0.0,0.0,0.002,753338.225
1731180,IT,SI,SANDC,BUSIN,0.07,30133.314,4,4,30126.314,0.0,0.0,7.0,0.0,430475.914286
1780357,IT,TW,AIRTR,BRICK,0.03,30132.527,3,3,30132.527,0.0,0.0,0.0,0.0,1004417.566667
1797530,IT,WL,BUSIN,WHOLE,0.31,30128.854,4,4,30128.852,0.0,0.0,0.0,0.002,97189.851613
1744196,IT,US,POSTT,MEAT1,0.5,30127.409,4,4,30127.407,0.0,0.0,0.0,0.002,60254.818
1720029,IT,PL,ALUM1,CERAM,0.05,30126.962,4,4,30126.96,0.0,0.0,0.0,0.002,602539.24
1791704,IT,WA,HOTEL,MEMBE,0.22,30125.281,4,4,30125.279,0.0,0.0,0.0,0.002,136933.095455
1789730,IT,WA,GLASS,STONE,0.08,30123.298,4,4,30123.296,0.0,0.0,0.0,0.002,376541.225
1784249,IT,ID,CHEM1,MEAT4,0.06,30122.625,4,4,30122.622,0.0,0.0,0.0,0.003,502043.75
1788369,IT,WA,WOODW,SANDC,0.08,30121.845,4,4,30121.843,0.0,0.0,0.0,0.002,376523.0625
1770196,IT,AU,HOTEL,PLANT,0.22,30115.05,4,4,30115.048,0.0,0.0,0.0,0.002,136886.590909
1791460,IT,WA,WHOLE,ELEC2,0.26,30113.637,4,4,30113.635,0.0,0.0,0.0,0.002,115821.680769
1782586,IT,NO,TRANS,BUSIN,0.18,30113.508,4,4,30113.506,0.0,0.0,0.0,0.002,167297.266667
1718512,IT,PL,TEXTI,TRAN2,0.18,30113.504,4,4,30113.5,0.0,0.0,0.0,0.004,167297.244444
1718406,IT,PL,BEVER,FINAN,0.13,30113.161,4,4,30113.159,0.0,0.0,0.0,0.002,231639.7
1689596,IT,IE,AIRTR,SEACO,0.03,30112.833,3,3,30112.833,0.0,0.0,0.0,0.0,1003761.1
1750398,IT,CN,FABRI,DIST1,0.12,30111.192,4,4,30111.19,0.0,0.0,0.0,0.002,250926.6
1748653,IT,CN,DAIRY,SUPPO,0.12,30107.79,4,4,30107.788,0.0,0.0,0.0,0.002,250898.25
1758069,IT,BR,GLASS,CATTL,0.08,30107.489,4,4,30107.487,0.0,0.0,0.0,0.002,376343.6125
1649353,IT,BG,PLAST,RETAI,0.06,30105.488,4,4,30105.485,0.0,0.0,0.0,0.003,501758.133333
1725379,IT,RO,TEXTI,MOTOR,0.18,30105.147,4,4,30105.143,0.0,0.0,0.0,0.004,167250.816667
1763563,IT,MX,CHEM1,BRICK,0.06,30104.987,4,4,30104.984,0.0,0.0,0.0,0.003,501749.783333
1686624,IT,HU,LEAD1,RUBBE,0.05,30104.259,4,4,30104.256,0.0,0.0,0.0,0.003,602085.18
1748342,IT,CN,VEGET,WOODW,0.11,30102.705,3,3,30102.705,0.0,0.0,0.0,0.0,273660.954545
1809876,IT,WM,BEVER,PROCE,0.13,30101.35,4,4,30101.348,0.0,0.0,0.0,0.002,231548.846154
1736383,IT,SK,LANDT,MEAT4,0.19,30100.146,3,3,30100.146,0.0,0.0,0.0,0.0,158421.821053
1747063,IT,JP,FURNI,GLASS,0.1,30097.589,4,4,30097.586,0.0,0.0,0.0,0.003,300975.89
1656273,IT,DE,LEATH,WHEAT,0.22,30097.128,4,4,30097.123,0.0,0.0,0.0,0.005,136805.127273
1811672,IT,WM,CHEM1,RETAI,0.06,30096.79,4,4,30096.787,0.0,0.0,0.0,0.003,501613.166667
1663666,IT,DK,BUSIN,FOODW,0.31,30096.327,4,4,30096.325,0.0,0.0,0.0,0.002,97084.925806
1792897,IT,WA,HEALT,VEGE1,0.16,30093.252,3,3,30093.252,0.0,0.0,0.0,0.0,188082.825
1671046,IT,FI,RUBBE,LIQUI,0.1,30093.212,4,4,30093.209,0.0,0.0,0.0,0.003,300932.12
1749464,IT,CN,HEAVY,COPP1,0.05,30092.767,4,4,30092.765,0.0,0.0,0.0,0.002,601855.34
1786216,IT,ZA,ALUM1,TRANS,0.05,30092.328,4,4,30092.326,0.0,0.0,0.0,0.002,601846.56
1689178,IT,IE,SALEM,93197,0.24,30092.183,4,4,30092.181,0.0,0.0,0.0,0.002,125384.095833
1769926,IT,AU,MOTO1,DIST1,0.16,30090.755,4,4,30090.753,0.0,0.0,0.0,0.002,188067.21875
1803878,IT,WF,WEARI,CEREA,0.23,30090.246,4,4,30090.24,0.0,0.0,0.0,0.006,130827.156522
1672056,IT,FI,AIRTR,AUXIL,0.03,30089.701,3,3,30089.701,0.0,0.0,0.0,0.0,1002990.033333
1677162,IT,FR,POSTT,PLAST,0.5,30089.151,4,4,30089.149,0.0,0.0,0.0,0.002,60178.302
1666982,IT,ES,CERAM,MEMBE,0.05,30088.566,4,4,30088.564,0.0,0.0,0.0,0.002,601771.32
1740937,IT,US,FOOD5,ELEC1,0.14,30087.999,4,4,30087.996,0.0,0.0,0.0,0.003,214914.278571
1740738,IT,US,MEAT4,POULT,0.17,30085.006,4,4,30085.004,0.0,0.0,0.0,0.002,176970.623529
1784851,IT,ID,SEACO,RADIO,0.03,30084.718,3,3,30084.718,0.0,0.0,0.0,0.0,1002823.933333
1736519,IT,SK,AIRTR,LANDT,0.03,30083.945,3,3,30083.945,0.0,0.0,0.0,0.0,1002798.166667
1716763,IT,NL,RETA1,COPP1,0.31,30083.826,4,4,30083.824,0.0,0.0,0.0,0.002,97044.6
1715894,IT,NL,RUBBE,FOOD2,0.1,30083.382,4,4,30083.379,0.0,0.0,0.0,0.003,300833.82
1675020,IT,FR,PREC1,SEWAG,0.05,30083.333,3,3,30083.333,0.0,0.0,0.0,0.0,601666.66
1813494,IT,WM,SALEM,BUSIN,0.24,30082.728,4,4,30082.726,0.0,0.0,0.0,0.002,125344.7
1777654,IT,TR,LEAD1,CERAM,0.05,30081.33,4,4,30081.327,0.0,0.0,0.0,0.003,601626.6
1651678,IT,CY,COPP1,FABRI,0.08,30081.167,4,4,30081.165,0.0,0.0,0.0,0.002,376014.5875
1729894,IT,SE,TRANS,SUPPO,0.18,30080.765,4,4,30080.763,0.0,0.0,0.0,0.002,167115.361111
1645305,IT,BE,KEROS,LANDT,0.04,30076.953,4,4,30076.951,0.0,0.0,0.0,0.002,751923.825
1668012,IT,ES,FURNI,FOOD5,0.1,30076.908,4,4,30076.905,0.0,0.0,0.0,0.003,300769.08
1645423,IT,BE,LIQUE,PFERT,0.05,30072.793,4,4,30072.791,0.0,0.0,0.0,0.002,601455.86
1676454,IT,FR,RETA1,FISH5,0.31,30072.641,4,4,30072.639,0.0,0.0,0.0,0.002,97008.519355
1803961,IT,WF,LEATH,RAWMI,0.22,30069.928,4,4,30069.923,0.0,0.0,0.0,0.005,136681.490909
1662267,IT,DK,CERAM,SEACO,0.05,30069.758,4,4,30069.756,0.0,0.0,0.0,0.002,601395.16
1718284,IT,PL,FOOD5,CHEM1,0.14,30068.46,4,4,30068.457,0.0,0.0,0.0,0.003,214774.714286
1756773,IT,KR,AIRTR,SECO9,0.03,30067.746,3,3,30067.746,0.0,0.0,0.0,0.0,1002258.2
1651866,IT,CY,AIRTR,HEALT,0.03,30066.971,3,3,30066.971,0.0,0.0,0.0,0.0,1002232.366667
1770703,IT,AU,INSUR,INSUR,0.62,30065.871,3,3,30065.871,0.0,0.0,0.0,0.0,48493.340323
1645866,IT,BE,GLASS,ALUM1,0.08,30065.434,4,4,30065.432,0.0,0.0,0.0,0.002,375817.925
1772157,IT,CH,KERO1,POSTT,0.04,30064.037,4,4,30064.035,0.0,0.0,0.0,0.002,751600.925
1678333,IT,FR,WASTE,INTER,0.1,30063.779,4,4,30063.777,0.0,0.0,0.0,0.002,300637.79
1716948,IT,NL,RAILW,MOTO1,0.2,30063.251,3,3,30063.251,0.0,0.0,0.0,0.0,150316.255
1788680,IT,WA,MOTOR,WHEAT,0.04,30062.499,4,4,30062.497,0.0,0.0,0.0,0.002,751562.475
1737219,IT,GB,PROCE,FISH5,0.2,30062.18,4,4,30062.178,0.0,0.0,0.0,0.002,150310.9
1760885,IT,IN,GASDI,OFFIC,0.04,30059.117,4,4,30059.115,0.0,0.0,0.0,0.002,751477.925
1812797,IT,WM,FABRI,NONFE,0.12,30056.552,4,4,30056.55,0.0,0.0,0.0,0.002,250471.266667
1746021,IT,JP,PAPER,MOTO1,0.12,30056.268,4,4,30056.265,0.0,0.0,0.0,0.003,250468.9
1798431,IT,WE,NATUR,LEATH,0.04,30054.919,4,4,30054.917,0.0,0.0,0.0,0.002,751372.975
1662502,IT,DK,COPP1,TEXTI,0.08,30054.266,4,4,30054.264,0.0,0.0,0.0,0.002,375678.325
1744211,IT,US,POSTT,GASDI,0.49,30053.628,4,4,30053.626,0.0,0.0,0.0,0.002,61333.934694
1689470,IT,IE,HOTEL,FINAN,0.22,30051.017,4,4,30051.015,0.0,0.0,0.0,0.002,136595.531818
1781382,IT,NO,DAIRY,EDUCA,0.12,30049.909,4,4,30049.907,0.0,0.0,0.0,0.002,250415.908333
1646196,IT,BE,ALUM1,ELECT,0.05,30048.297,4,4,30048.295,0.0,0.0,0.0,0.002,600965.94
1787924,IT,WA,BEVER,POSTT,0.13,30048.057,4,4,30048.055,0.0,0.0,0.0,0.002,231138.9
1687765,IT,HU,SUPPO,RENTI,0.22,30046.901,3,3,30046.901,0.0,0.0,0.0,0.0,136576.822727
1736888,IT,SK,BUSIN,SALEM,0.31,30045.022,4,4,30045.02,0.0,0.0,0.0,0.002,96919.425806
1757521,IT,BR,PRINT,SUPPO,0.29,30044.075,4,4,30044.073,0.0,0.0,0.0,0.002,103600.258621
1791429,IT,WA,WHOLE,PRINT,0.26,30043.89,4,4,30043.888,0.0,0.0,0.0,0.002,115553.423077
1745291,IT,JP,MEAT4,TEXTI,0.17,30042.644,4,4,30042.642,0.0,0.0,0.0,0.002,176721.435294
1777926,IT,TR,MACHI,LIQUE,0.17,30042.022,4,4,30042.02,0.0,0.0,0.0,0.002,176717.776471
1647729,IT,BE,INSUR,MEDIC,0.62,30040.269,3,3,30040.269,0.0,0.0,0.0,0.0,48452.046774
1750941,IT,CN,CONST,POSTT,0.17,30040.268,4,4,30040.266,0.0,0.0,0.0,0.002,176707.458824
1762758,IT,IN,BUSIN,ELEC5,0.31,30038.278,4,4,30038.276,0.0,0.0,0.0,0.002,96897.670968
1687764,IT,HU,SUPPO,REALE,0.22,30037.811,3,3,30037.811,0.0,0.0,0.0,0.0,136535.504545
1765290,IT,RU,VEGE1,REALE,0.09,30036.345,4,4,30036.338,0.0,0.0,0.0,0.007,333737.166667
1757225,IT,BR,VEGE1,MEATP,0.09,30036.22,4,4,30036.213,0.0,0.0,0.0,0.007,333735.777778
1726076,IT,RO,RUBBE,LEATH,0.1,30035.868,4,4,30035.865,0.0,0.0,0.0,0.003,300358.68
1677405,IT,FR,INSUR,MACHI,0.62,30034.277,3,3,30034.277,0.0,0.0,0.0,0.0,48442.382258
1688611,IT,IE,NONSP,PLAST,0.04,30034.062,4,4,30034.06,0.0,0.0,0.0,0.002,750851.55
1758730,IT,BR,WHOLE,SUGA1,0.26,30032.487,4,4,30032.485,0.0,0.0,0.0,0.002,115509.565385
1749164,IT,CN,PULP5,MOTOR,0.09,30032.313,4,4,30032.31,0.0,0.0,0.0,0.003,333692.366667
1754957,IT,KR,TEXTI,OFFIC,0.18,30031.013,4,4,30031.009,0.0,0.0,0.0,0.004,166838.961111
1734553,IT,SK,FOOD5,FOOD5,0.14,30030.113,4,4,30030.11,0.0,0.0,0.0,0.003,214500.807143
1720381,IT,PL,MACHI,ANIMA,0.17,30029.829,4,4,30029.827,0.0,0.0,0.0,0.002,176646.052941
1758600,IT,BR,MOTO1,RETA1,0.16,30029.675,4,4,30029.673,0.0,0.0,0.0,0.002,187685.46875
1732076,IT,SI,KERO1,WHEAT,0.04,30029.329,4,4,30029.327,0.0,0.0,0.0,0.002,750733.225
1645061,IT,BE,PAPER,BIODI,0.12,30028.36,4,4,30028.357,0.0,0.0,0.0,0.003,250236.333333
1735233,IT,SK,RUBBE,INERT,0.1,30027.852,4,4,30027.849,0.0,0.0,0.0,0.003,300278.52
1669412,IT,ES,INSUR,MACHI,0.62,30027.653,3,3,30027.653,0.0,0.0,0.0,0.0,48431.698387
1794459,IT,WL,GASDI,PRINT,0.04,30026.545,4,4,30026.543,0.0,0.0,0.0,0.002,750663.625
1723557,IT,PT,FABRI,COPPE,0.12,30025.84,4,4,30025.838,0.0,0.0,0.0,0.002,250215.333333
1773410,IT,CH,OFFIC,CHEMI,0.09,30025.205,4,4,30025.203,0.0,0.0,0.0,0.002,333613.388889
1683812,IT,HR,OFFIC,POSTT,0.09,30024.088,4,4,30024.086,0.0,0.0,0.0,0.002,333600.977778
1739191,IT,GB,RETA1,NONF1,0.31,30023.918,4,4,30023.916,0.0,0.0,0.0,0.002,96851.348387
1757789,IT,BR,PLAST,ALUM1,0.06,30023.415,4,4,30023.412,0.0,0.0,0.0,0.003,500390.25
1719461,IT,PL,RUBBE,PLAS1,0.1,30022.41,4,4,30022.407,0.0,0.0,0.0,0.003,300224.1
1674495,IT,FR,BIODI,RECRE,0.06,30021.971,4,4,30021.968,0.0,0.0,0.0,0.003,500366.183333
1787595,IT,WA,MEATP,NONF1,0.12,30021.959,4,4,30021.956,0.0,0.0,0.0,0.003,250182.991667
1675160,IT,FR,COPP1,WOOD1,0.08,30021.101,4,4,30021.099,0.0,0.0,0.0,0.002,375263.7625
1671388,IT,FI,FABRI,SANDC,0.12,30020.689,4,4,30020.687,0.0,0.0,0.0,0.002,250172.408333
1786695,IT,ZA,RETA1,VEGET,0.31,30018.403,4,4,30018.401,0.0,0.0,0.0,0.002,96833.558065
1648220,IT,BE,BUSIN,ELEC8,0.31,30017.03,4,4,30017.028,0.0,0.0,0.0,0.002,96829.129032
1780439,IT,TW,SUPPO,WHOLE,0.22,30016.562,3,3,30016.562,0.0,0.0,0.0,0.0,136438.918182
1737955,IT,GB,CHEM1,COPP1,0.06,30015.724,4,4,30015.721,0.0,0.0,0.0,0.003,500262.066667
1727936,IT,SE,VEGET,93197,0.11,30012.964,3,3,30012.964,0.0,0.0,0.0,0.0,272845.127273
1727909,IT,SE,VEGET,CROPS,0.11,30012.62,3,3,30012.62,0.0,0.0,0.0,0.0,272842.0
1753497,IT,CA,FABRI,MEMBE,0.12,30012.553,4,4,30012.551,0.0,0.0,0.0,0.002,250104.608333
1737058,IT,GB,SANDC,CONST,0.07,30012.287,4,4,30005.287,0.0,0.0,7.0,0.0,428746.957143
1731872,IT,SI,PRINT,CONST,0.29,30010.619,4,4,30010.617,0.0,0.0,0.0,0.002,103484.893103
1731686,IT,SI,WOODW,DIST1,0.08,30010.429,4,4,30010.427,0.0,0.0,0.0,0.002,375130.3625
1737193,IT,GB,DAIRY,LANDT,0.12,30009.933,4,4,30009.931,0.0,0.0,0.0,0.002,250082.775
1771760,IT,CH,LEATH,TRAN1,0.21,30009.121,4,4,30009.116,0.0,0.0,0.0,0.005,142900.57619
1719981,IT,PL,ALUM1,PIGS9,0.05,30007.601,4,4,30007.599,0.0,0.0,0.0,0.002,600152.02
1655585,IT,DE,SANDC,RUBBE,0.07,30007.547,4,4,30000.547,0.0,0.0,7.0,0.0,428679.242857
1671135,IT,FI,GLASS,MOTO1,0.08,30007.508,4,4,30007.506,0.0,0.0,0.0,0.002,375093.85
1762189,IT,IN,SEACO,BEVER,0.03,30005.505,3,3,30005.505,0.0,0.0,0.0,0.0,1000183.5
1715584,IT,NL,LIQUE,FOOD5,0.05,30004.532,4,4,30004.53,0.0,0.0,0.0,0.002,600090.64
1661854,IT,DK,PAPER,BASIC,0.12,30002.768,4,4,30002.765,0.0,0.0,0.0,0.003,250023.066667
1675275,IT,FR,FABRI,ELEC6,0.12,30001.885,4,4,30001.883,0.0,0.0,0.0,0.002,250015.708333
1670842,IT,FI,NONSP,PLAST,0.04,30001.168,4,4,30001.166,0.0,0.0,0.0,0.002,750029.2
1682155,IT,HR,TEXTI,FINAN,0.18,29999.426,4,4,29999.422,0.0,0.0,0.0,0.004,166663.477778
1667718,IT,ES,MACHI,INTER,0.17,29996.791,4,4,29996.789,0.0,0.0,0.0,0.002,176451.711765
1677952,IT,FR,BUSIN,FOOD2,0.31,29996.521,4,4,29996.519,0.0,0.0,0.0,0.002,96762.970968
1737850,IT,GB,PLAST,MOTOR,0.06,29995.713,4,4,29995.71,0.0,0.0,0.0,0.003,499928.55
1661549,IT,DK,BEVER,VEGE1,0.13,29990.886,4,4,29990.884,0.0,0.0,0.0,0.002,230699.123077
1662810,IT,DK,FURNI,BUSIN,0.1,29990.508,4,4,29990.505,0.0,0.0,0.0,0.003,299905.08
1789106,IT,WA,PARAF,NONF1,0.05,29989.036,4,4,29989.034,0.0,0.0,0.0,0.002,599780.72
1742639,IT,US,COPP1,CHEM1,0.08,29988.528,4,4,29988.526,0.0,0.0,0.0,0.002,374856.6
1761052,IT,IN,PLAST,COPP1,0.06,29984.012,4,4,29984.009,0.0,0.0,0.0,0.003,499733.533333
1662131,IT,DK,RUBBE,SUGA1,0.1,29983.707,4,4,29983.704,0.0,0.0,0.0,0.003,299837.07
1789041,IT,WA,NAPHT,RUBBE,0.05,29983.429,4,4,29983.427,0.0,0.0,0.0,0.002,599668.58
1807554,IT,WF,RENTI,EDUCA,0.18,29982.89,4,4,29982.888,0.0,0.0,0.0,0.002,166571.611111
1738459,IT,GB,COPP1,TEXTI,0.08,29982.873,4,4,29982.871,0.0,0.0,0.0,0.002,374785.9125
1713589,IT,MT,NONME,CONST,0.06,29982.411,4,4,29982.408,0.0,0.0,0.0,0.003,499706.85
1644199,IT,BE,VEGET,MEATP,0.11,29982.085,3,3,29982.085,0.0,0.0,0.0,0.0,272564.409091
1667293,IT,ES,ALUM1,NONF1,0.05,29981.363,4,4,29981.361,0.0,0.0,0.0,0.002,599627.26
1659533,IT,DE,RETA1,SUPPO,0.31,29981.026,4,4,29981.024,0.0,0.0,0.0,0.002,96712.987097
1679616,IT,GR,RUBBE,RECRE,0.1,29979.115,4,4,29979.112,0.0,0.0,0.0,0.003,299791.15
1689243,IT,IE,WHOLE,WOODW,0.26,29976.41,4,4,29976.408,0.0,0.0,0.0,0.002,115293.884615
1804307,IT,WF,MOTOR,RUBBE,0.04,29975.121,4,4,29975.119,0.0,0.0,0.0,0.002,749378.025
1674890,IT,FR,NONME,TEXT1,0.06,29974.589,4,4,29974.586,0.0,0.0,0.0,0.003,499576.483333
1758220,IT,BR,BASIC,LIQUI,0.03,29972.65,4,4,29972.648,0.0,0.0,0.0,0.002,999088.333333
1740285,IT,GB,BUSIN,SEWAG,0.31,29971.338,4,4,29971.336,0.0,0.0,0.0,0.002,96681.735484
1651163,IT,BG,BUSIN,TOBAC,0.31,29971.313,4,4,29971.311,0.0,0.0,0.0,0.002,96681.654839
1808417,IT,WF,FOOD4,CEREA,0.22,29971.154,4,4,29971.152,0.0,0.0,0.0,0.002,136232.518182
1810471,IT,WM,PULP5,HEALT,0.09,29971.058,4,4,29971.055,0.0,0.0,0.0,0.003,333011.755556
1670829,IT,FI,NAPHT,MOTOR,0.05,29970.321,4,4,29970.319,0.0,0.0,0.0,0.002,599406.42
1717538,IT,NL,RENTI,SALEM,0.18,29969.748,4,4,29969.746,0.0,0.0,0.0,0.002,166498.6
1778604,IT,TR,HOTEL,CRUDE,0.22,29969.01,4,4,29969.008,0.0,0.0,0.0,0.002,136222.772727
1804886,IT,WF,BITU1,PFERT,0.05,29966.318,4,4,29966.316,0.0,0.0,0.0,0.002,599326.36
1732072,IT,SI,KEROS,WOOD2,0.04,29966.163,4,4,29966.161,0.0,0.0,0.0,0.002,749154.075
1733837,IT,SI,TRAN2,MOTO1,0.05,29964.291,3,3,29964.291,0.0,0.0,0.0,0.0,599285.82
1786865,IT,ZA,SEACO,PRINT,0.03,29963.197,3,3,29963.197,0.0,0.0,0.0,0.0,998773.233333
1713282,IT,MT,PRINT,HOTEL,0.29,29962.525,4,4,29962.523,0.0,0.0,0.0,0.002,103319.051724
1642274,IT,AT,NONME,COLLE,0.06,29959.898,4,4,29959.895,0.0,0.0,0.0,0.003,499331.633333
1769893,IT,AU,MOTO1,CRUDE,0.16,29958.902,4,4,29958.9,0.0,0.0,0.0,0.002,187243.1375
1720625,IT,PL,MOTO1,WEARI,0.16,29957.528,4,4,29957.526,0.0,0.0,0.0,0.002,187234.55
1753007,IT,CA,CHEM1,NFERT,0.06,29956.519,4,4,29956.516,0.0,0.0,0.0,0.003,499275.316667
1761545,IT,IN,LEAD1,RADIO,0.05,29955.105,4,4,29955.102,0.0,0.0,0.0,0.003,599102.1
1782445,IT,NO,MACHI,CHEM1,0.17,29955.05,4,4,29955.048,0.0,0.0,0.0,0.002,176206.176471
1732572,IT,SI,RUBBE,INTER,0.1,29953.462,4,4,29953.459,0.0,0.0,0.0,0.003,299534.62
1726831,IT,RO,WHOLE,AIRTR,0.26,29952.86,4,4,29952.858,0.0,0.0,0.0,0.002,115203.307692
1668013,IT,ES,FURNI,BEVER,0.1,29950.775,4,4,29950.772,0.0,0.0,0.0,0.003,299507.75
1727342,IT,RO,POSTT,HOTEL,0.49,29950.48,4,4,29950.478,0.0,0.0,0.0,0.002,61123.428571
1658037,IT,DE,PREC1,COPP1,0.05,29948.406,3,3,29948.406,0.0,0.0,0.0,0.0,598968.12
1734617,IT,SK,TEXTI,FISH5,0.18,29946.6,4,4,29946.596,0.0,0.0,0.0,0.004,166370.0
1720417,IT,PL,MACHI,COALT,0.17,29945.543,4,4,29945.541,0.0,0.0,0.0,0.002,176150.252941
1746525,IT,JP,NONME,PFERT,0.06,29941.224,4,4,29941.221,0.0,0.0,0.0,0.003,499020.4
1666852,IT,ES,GLASS,WEARI,0.08,29941.087,4,4,29941.085,0.0,0.0,0.0,0.002,374263.5875
1781803,IT,NO,NAPHT,PLAST,0.05,29939.306,4,4,29939.304,0.0,0.0,0.0,0.002,598786.12
1655478,IT,DE,FISHF,SEACO,0.05,29938.461,3,3,29938.461,0.0,0.0,0.0,0.0,598769.22
1675801,IT,FR,FURNI,WOOD1,0.1,29935.763,4,4,29935.76,0.0,0.0,0.0,0.003,299357.63
1710895,IT,LU,KEROS,LANDT,0.04,29935.745,4,4,29935.743,0.0,0.0,0.0,0.002,748393.625
1742552,IT,US,PREC1,COPP1,0.05,29934.547,3,3,29934.547,0.0,0.0,0.0,0.0,598690.94
1711209,IT,LU,MACHI,BASIC,0.17,29933.269,4,4,29933.267,0.0,0.0,0.0,0.002,176078.052941
1671236,IT,FI,BASIC,KEROS,0.03,29930.263,4,4,29930.261,0.0,0.0,0.0,0.002,997675.433333
1658738,IT,DE,OFFIC,FINAN,0.09,29929.252,4,4,29929.25,0.0,0.0,0.0,0.002,332547.244444
1686680,IT,HU,COPP1,NATUR,0.08,29927.841,4,4,29927.839,0.0,0.0,0.0,0.002,374098.0125
1813599,IT,WM,WHOLE,FINAN,0.26,29927.292,4,4,29927.29,0.0,0.0,0.0,0.002,115104.969231
1801497,IT,WE,MOTO1,RADIO,0.16,29927.124,4,4,29927.122,0.0,0.0,0.0,0.002,187044.525
1761972,IT,IN,FURNI,RESEA,0.1,29926.835,4,4,29926.832,0.0,0.0,0.0,0.003,299268.35
1778939,IT,TR,SEACO,SECO9,0.03,29926.244,3,3,29926.244,0.0,0.0,0.0,0.0,997541.466667
1733944,IT,SI,SUPPO,BASIC,0.22,29925.903,3,3,29925.903,0.0,0.0,0.0,0.0,136026.831818
1658554,IT,DE,MACHI,LEATH,0.17,29925.026,4,4,29925.024,0.0,0.0,0.0,0.002,176029.564706
1712343,IT,LV,RUBBE,HOTEL,0.1,29924.09,4,4,29924.087,0.0,0.0,0.0,0.003,299240.9
1760984,IT,IN,NAPHT,ELEC6,0.05,29923.337,4,4,29923.335,0.0,0.0,0.0,0.002,598466.74
1772990,IT,CH,PREC1,FOODW,0.05,29923.157,3,3,29923.157,0.0,0.0,0.0,0.0,598463.14
1729850,IT,SE,MOTO1,TRANS,0.16,29921.817,4,4,29921.815,0.0,0.0,0.0,0.002,187011.35625
1785336,IT,ZA,WOODW,VEGET,0.08,29920.782,4,4,29920.78,0.0,0.0,0.0,0.002,374009.775
1670715,IT,FI,PAPER,BEVER,0.12,29919.768,4,4,29919.765,0.0,0.0,0.0,0.003,249331.4
1726555,IT,RO,OFFIC,LEAD1,0.09,29918.989,4,4,29918.987,0.0,0.0,0.0,0.002,332433.211111
1809029,IT,WM,VEGET,MEDIC,0.11,29914.744,3,3,29914.744,0.0,0.0,0.0,0.0,271952.218182
1782512,IT,NO,OFFIC,WOODW,0.09,29913.991,4,4,29913.989,0.0,0.0,0.0,0.002,332377.677778
1794758,IT,WL,PLAST,PLANT,0.06,29913.175,4,4,29913.172,0.0,0.0,0.0,0.003,498552.916667
1750282,IT,CN,COPP1,HEALT,0.08,29912.184,4,4,29912.182,0.0,0.0,0.0,0.002,373902.3
1757078,IT,KR,BUSIN,RAILW,0.31,29910.53,4,4,29910.528,0.0,0.0,0.0,0.002,96485.580645
1646597,IT,BE,MOTO1,TRANS,0.16,29909.646,4,4,29909.644,0.0,0.0,0.0,0.002,186935.2875
1813712,IT,WM,RETA1,93197,0.31,29907.92,4,4,29907.918,0.0,0.0,0.0,0.002,96477.16129
1723414,IT,PT,BASIC,LANDT,0.03,29906.368,4,4,29906.366,0.0,0.0,0.0,0.002,996878.933333
1737441,IT,GB,WEARI,93197,0.23,29905.481,4,4,29905.475,0.0,0.0,0.0,0.006,130023.830435
1645356,IT,BE,GASDI,HEALT,0.04,29905.471,4,4,29905.469,0.0,0.0,0.0,0.002,747636.775
1681756,IT,HR,SANDC,BEVER,0.07,29905.297,4,4,29898.297,0.0,0.0,7.0,0.0,427218.528571
1721203,IT,PL,LANDT,NATUR,0.19,29905.281,3,3,29905.281,0.0,0.0,0.0,0.0,157396.215789
1788905,IT,WA,GASDI,PRIVA,0.04,29904.573,4,4,29904.571,0.0,0.0,0.0,0.002,747614.325
1739660,IT,GB,AIRTR,FINAN,0.03,29900.485,3,3,29900.485,0.0,0.0,0.0,0.0,996682.833333
1789777,IT,WA,GLASS,TRANS,0.08,29899.712,4,4,29899.71,0.0,0.0,0.0,0.002,373746.4
1798738,IT,WE,FOOD5,WHEAT,0.14,29899.618,4,4,29899.615,0.0,0.0,0.0,0.003,213568.7
1731065,IT,SI,VEGET,CHEM1,0.11,29898.338,3,3,29898.338,0.0,0.0,0.0,0.0,271803.072727
1785490,IT,ZA,MOTOR,CROPS,0.04,29898.185,4,4,29898.183,0.0,0.0,0.0,0.002,747454.625
1641266,IT,AT,MOTOR,FABRI,0.04,29896.942,4,4,29896.94,0.0,0.0,0.0,0.002,747423.55
1690461,IT,IE,PAPE4,LIQUE,0.2,29896.65,4,4,29896.648,0.0,0.0,0.0,0.002,149483.25
1662498,IT,DK,COPP1,DAIRY,0.08,29896.343,4,4,29896.341,0.0,0.0,0.0,0.002,373704.2875
1763494,IT,MX,PLAST,93197,0.06,29895.244,4,4,29895.241,0.0,0.0,0.0,0.003,498254.066667
1782601,IT,NO,FURNI,OFFIC,0.1,29893.721,4,4,29893.718,0.0,0.0,0.0,0.003,298937.21
1733726,IT,SI,LANDT,VEGET,0.19,29893.385,3,3,29893.385,0.0,0.0,0.0,0.0,157333.605263
1653046,IT,CZ,PLAST,ELEC3,0.06,29890.802,4,4,29890.799,0.0,0.0,0.0,0.003,498180.033333
1803923,IT,WF,WEARI,FURNI,0.23,29890.584,4,4,29890.578,0.0,0.0,0.0,0.006,129959.06087
1731838,IT,SI,PAPER,WASTE,0.12,29889.164,4,4,29889.161,0.0,0.0,0.0,0.003,249076.366667
1640789,IT,AT,TEXTI,93197,0.18,29887.811,4,4,29887.807,0.0,0.0,0.0,0.004,166043.394444
1793678,IT,WL,FOOD5,ANIMA,0.14,29886.356,4,4,29886.353,0.0,0.0,0.0,0.003,213473.971429
1649528,IT,BG,RUBBE,HEAVY,0.1,29886.029,4,4,29886.026,0.0,0.0,0.0,0.003,298860.29
1680700,IT,GR,WHOLE,PAPE4,0.26,29885.221,4,4,29885.219,0.0,0.0,0.0,0.002,114943.157692
1728632,IT,SE,PRINT,PAPER,0.29,29884.278,4,4,29884.276,0.0,0.0,0.0,0.002,103049.234483
1644745,IT,BE,BEVER,93197,0.13,29884.262,4,4,29884.26,0.0,0.0,0.0,0.002,229878.938462
1798582,IT,WE,MEATC,FORES,0.1,29883.933,4,4,29883.931,0.0,0.0,0.0,0.002,298839.33
1803014,IT,WF,WHEAT,SUPPO,0.02,29881.663,3,3,29881.663,0.0,0.0,0.0,0.0,1494083.15
1732876,IT,SI,BASIC,OILHA,0.03,29879.103,4,4,29879.101,0.0,0.0,0.0,0.002,995970.1
1778400,IT,TR,WHOLE,POULT,0.26,29878.077,4,4,29878.075,0.0,0.0,0.0,0.002,114915.680769
1805712,IT,WF,BASIC,KEROS,0.03,29874.964,4,4,29874.962,0.0,0.0,0.0,0.002,995832.133333
1787732,IT,WA,VEGE1,CONST,0.09,29874.736,4,4,29874.73,0.0,0.0,0.0,0.006,331941.511111
1800433,IT,WE,ADDIT,LANDT,0.07,29873.523,4,4,29873.521,0.0,0.0,0.0,0.002,426764.614286
1755218,IT,KR,WOODW,HOTEL,0.08,29872.485,4,4,29872.483,0.0,0.0,0.0,0.002,373406.0625
1764340,IT,MX,OFFIC,INSUR,0.09,29871.402,4,4,29871.4,0.0,0.0,0.0,0.002,331904.466667
1768309,IT,AU,SANDC,CEMEN,0.07,29870.386,4,4,29863.386,0.0,0.0,7.0,0.0,426719.8
1664572,IT,EE,HOTEL,FABRI,0.22,29869.896,4,4,29869.894,0.0,0.0,0.0,0.002,135772.254545
1663574,IT,DK,COMPU,RECRE,0.34,29869.431,4,4,29869.429,0.0,0.0,0.0,0.002,87851.267647
1768619,IT,AU,FISH5,PIGS9,0.13,29868.934,4,4,29868.919,0.0,0.0,0.0,0.015,229761.030769
1722420,IT,PT,MEAT1,PLAST,0.14,29866.075,4,4,29866.071,0.0,0.0,0.0,0.004,213329.107143
1754588,IT,KR,CROPS,PULP5,0.24,29863.877,4,4,29863.875,0.0,0.0,0.0,0.002,124432.820833
1662113,IT,DK,RUBBE,CEREA,0.1,29860.04,4,4,29860.037,0.0,0.0,0.0,0.003,298600.4
1645850,IT,BE,GLASS,PRINT,0.08,29859.711,4,4,29859.709,0.0,0.0,0.0,0.002,373246.3875
1784779,IT,ID,HOTEL,TOBAC,0.22,29859.307,4,4,29859.305,0.0,0.0,0.0,0.002,135724.122727
1669369,IT,ES,FINAN,93197,0.39,29857.073,3,3,29857.073,0.0,0.0,0.0,0.0,76556.597436
1764752,IT,MX,HOTEL,WHOLE,0.22,29855.297,4,4,29855.295,0.0,0.0,0.0,0.002,135705.895455
1674017,IT,FR,KEROS,RECRE,0.04,29853.518,4,4,29853.516,0.0,0.0,0.0,0.002,746337.95
1743027,IT,US,OFFIC,DIST1,0.09,29853.254,4,4,29853.252,0.0,0.0,0.0,0.002,331702.822222
1641327,IT,AT,KEROS,NATUR,0.04,29853.038,4,4,29853.036,0.0,0.0,0.0,0.002,746325.95
1684073,IT,HR,HOTEL,DISTR,0.22,29852.778,4,4,29852.776,0.0,0.0,0.0,0.002,135694.445455
1772215,IT,CH,GASDI,RESEA,0.04,29852.557,4,4,29852.555,0.0,0.0,0.0,0.002,746313.925
1664694,IT,EE,AIRTR,MACHI,0.03,29851.555,3,3,29851.555,0.0,0.0,0.0,0.0,995051.833333
1775646,IT,CH,93197,POSTT,0.2,29851.469,4,4,29851.466,0.0,0.0,0.0,0.003,149257.345
1685547,IT,HU,PAPER,SALEM,0.12,29851.268,4,4,29851.265,0.0,0.0,0.0,0.003,248760.566667
1709705,IT,LT,CHEM1,MEATP,0.06,29851.226,4,4,29851.223,0.0,0.0,0.0,0.003,497520.433333
1751950,IT,CN,COMPU,RENTI,0.34,29850.642,4,4,29850.64,0.0,0.0,0.0,0.002,87796.005882
1810924,IT,WM,GASDI,HYDRO,0.04,29847.198,4,4,29847.196,0.0,0.0,0.0,0.002,746179.95
1674615,IT,FR,RUBBE,TEXT1,0.1,29846.814,4,4,29846.811,0.0,0.0,0.0,0.003,298468.14
1798709,IT,WE,DAIRY,TRANS,0.12,29846.504,4,4,29846.502,0.0,0.0,0.0,0.002,248720.866667
1709365,IT,LT,FOOD5,FORES,0.14,29846.213,4,4,29846.21,0.0,0.0,0.0,0.003,213187.235714
1767286,IT,RU,HOTEL,RADIO,0.22,29846.028,4,4,29846.026,0.0,0.0,0.0,0.002,135663.763636
1806020,IT,WF,COPP1,NONF1,0.08,29845.561,4,4,29845.559,0.0,0.0,0.0,0.002,373069.5125
1671699,IT,FI,SALEM,FOOD5,0.24,29843.534,4,4,29843.532,0.0,0.0,0.0,0.002,124348.058333
1679154,IT,GR,PAPER,FINAN,0.12,29841.289,4,4,29841.286,0.0,0.0,0.0,0.003,248677.408333
1763588,IT,MX,CHEM1,DIST1,0.06,29840.982,4,4,29840.979,0.0,0.0,0.0,0.003,497349.7
1738461,IT,GB,COPP1,WOODW,0.08,29840.454,4,4,29840.452,0.0,0.0,0.0,0.002,373005.675
1785628,IT,ZA,HEAVY,SUGAR,0.05,29840.106,4,4,29840.104,0.0,0.0,0.0,0.002,596802.12
1683061,IT,HR,RUBBE,MEATA,0.1,29839.318,4,4,29839.315,0.0,0.0,0.0,0.003,298393.18
1757443,IT,BR,PAPER,TEXTI,0.12,29838.26,4,4,29838.257,0.0,0.0,0.0,0.003,248652.166667
1766393,IT,RU,BASIC,BRICK,0.03,29835.397,4,4,29835.395,0.0,0.0,0.0,0.002,994513.233333
1674070,IT,FR,GASDI,FOODW,0.04,29833.235,4,4,29833.233,0.0,0.0,0.0,0.002,745830.875
1672262,IT,FI,REALE,BUSIN,1.26,29830.565,4,4,29830.563,0.0,0.0,0.0,0.002,23675.051587
1780617,IT,TW,INSUR,FURNI,0.61,29830.153,3,3,29830.153,0.0,0.0,0.0,0.0,48901.890164
1712413,IT,LV,NONME,CEMEN,0.06,29829.558,4,4,29829.555,0.0,0.0,0.0,0.003,497159.3
1659514,IT,DE,RETA1,ELEC8,0.31,29827.095,4,4,29827.093,0.0,0.0,0.0,0.002,96216.435484
1760431,IT,IN,FOOD5,PFERT,0.14,29825.017,4,4,29825.014,0.0,0.0,0.0,0.003,213035.835714
1808123,IT,WF,WOOD1,HOTEL,0.2,29824.301,4,4,29824.299,0.0,0.0,0.0,0.002,149121.505
1766777,IT,RU,MACHI,BITU1,0.17,29823.419,4,4,29823.417,0.0,0.0,0.0,0.002,175431.876471
1660205,IT,DE,SUPPO,RESEA,0.21,29823.266,3,3,29823.266,0.0,0.0,0.0,0.0,142015.552381
1813119,IT,WM,MOTO1,PROCE,0.16,29822.606,4,4,29822.604,0.0,0.0,0.0,0.002,186391.2875
1771416,IT,CH,FOOD5,RETAI,0.14,29821.762,4,4,29821.759,0.0,0.0,0.0,0.003,213012.585714
1748110,IT,JP,BUSIN,MEMBE,0.31,29821.725,4,4,29821.723,0.0,0.0,0.0,0.002,96199.112903
1753750,IT,CA,FURNI,PFERT,0.1,29821.625,4,4,29821.622,0.0,0.0,0.0,0.003,298216.25
1643649,IT,AT,AIRTR,AIRTR,0.03,29820.83,3,3,29820.83,0.0,0.0,0.0,0.0,994027.666667
1735924,IT,SK,MOTO1,OILSE,0.16,29820.256,4,4,29820.254,0.0,0.0,0.0,0.002,186376.6
1660837,IT,DE,COMPU,ELEC8,0.34,29819.438,4,4,29819.436,0.0,0.0,0.0,0.002,87704.229412
1677144,IT,FR,POSTT,DAIRY,0.49,29818.94,4,4,29818.938,0.0,0.0,0.0,0.002,60854.979592
1645322,IT,BE,GASDI,SUGA1,0.04,29817.337,4,4,29817.335,0.0,0.0,0.0,0.002,745433.425
1810410,IT,WM,PULP5,DAIRY,0.09,29816.346,4,4,29816.343,0.0,0.0,0.0,0.003,331292.733333
1781808,IT,NO,BITU1,MOTOR,0.05,29816.328,4,4,29816.326,0.0,0.0,0.0,0.002,596326.56
1716233,IT,NL,LEAD1,WHOLE,0.05,29816.226,4,4,29816.223,0.0,0.0,0.0,0.003,596324.52
1779798,IT,TR,BUSIN,RESEA,0.31,29815.473,4,4,29815.471,0.0,0.0,0.0,0.002,96178.945161
1723771,IT,PT,OFFIC,TEXTI,0.09,29815.34,4,4,29815.338,0.0,0.0,0.0,0.002,331281.555556
1793324,IT,WA,PRIVA,HOTEL,6.65,29813.799,4,4,29813.794,0.0,0.0,0.0,0.005,4483.278045
1798113,IT,WL,PRIVA,CRUDE,6.65,29812.064,4,4,29812.059,0.0,0.0,0.0,0.005,4483.017143
1719618,IT,PL,CERAM,STEAM,0.05,29810.65,4,4,29810.648,0.0,0.0,0.0,0.002,596213.0
1814349,IT,WM,FINAN,RAILW,0.39,29810.276,3,3,29810.276,0.0,0.0,0.0,0.0,76436.605128
1655640,IT,DE,CHEMI,PIGS9,0.07,29809.625,5,5,29808.622,0.0,0.0,1.0,0.003,425851.785714
1653907,IT,CZ,FABRI,SEACO,0.12,29808.265,4,4,29808.263,0.0,0.0,0.0,0.002,248402.208333
1763387,IT,MX,PRINT,HOTEL,0.29,29807.356,4,4,29807.354,0.0,0.0,0.0,0.002,102783.986207
1772991,IT,CH,PREC1,PAPE1,0.05,29805.073,3,3,29805.073,0.0,0.0,0.0,0.0,596101.46
1772557,IT,CH,RUBBE,ELEC3,0.1,29801.346,4,4,29801.343,0.0,0.0,0.0,0.003,298013.46
1778676,IT,TR,HOTEL,INSUR,0.22,29800.55,4,4,29800.548,0.0,0.0,0.0,0.002,135457.045455
1681044,IT,GR,AIRTR,RESEA,0.03,29800.513,3,3,29800.513,0.0,0.0,0.0,0.0,993350.433333
1767999,IT,RU,COMPU,HEALT,0.34,29799.623,4,4,29799.621,0.0,0.0,0.0,0.002,87645.95
1685566,IT,HU,PAPER,HEALT,0.12,29798.783,4,4,29798.78,0.0,0.0,0.0,0.003,248323.191667
1766500,IT,RU,ALUM1,STEAM,0.05,29796.595,4,4,29796.593,0.0,0.0,0.0,0.002,595931.9
1679765,IT,GR,BASIC,SEACO,0.03,29796.421,4,4,29796.419,0.0,0.0,0.0,0.002,993214.033333
1754266,IT,CA,POSTT,INSUR,0.49,29796.17,4,4,29796.168,0.0,0.0,0.0,0.002,60808.510204
1768178,IT,RU,PUBLI,CONST,0.49,29794.794,4,4,29794.792,0.0,0.0,0.0,0.002,60805.702041
1721716,IT,PL,FINAN,HEALT,0.39,29794.654,3,3,29794.654,0.0,0.0,0.0,0.0,76396.548718
1769639,IT,AU,FABRI,NONME,0.12,29792.306,4,4,29792.304,0.0,0.0,0.0,0.002,248269.216667
1683671,IT,HR,FABRI,LANDT,0.12,29792.077,4,4,29792.075,0.0,0.0,0.0,0.002,248267.308333
1646189,IT,BE,ALUM1,LEAD1,0.05,29791.16,4,4,29791.158,0.0,0.0,0.0,0.002,595823.2
1729974,IT,SE,CONST,RESEA,0.17,29790.221,4,4,29790.219,0.0,0.0,0.0,0.002,175236.594118
1794107,IT,WL,PAPER,FOUND,0.12,29789.77,4,4,29789.767,0.0,0.0,0.0,0.003,248248.083333
1667254,IT,ES,PREC1,COMPU,0.05,29789.276,3,3,29789.276,0.0,0.0,0.0,0.0,595785.52
1641886,IT,AT,BIODI,CHEM1,0.06,29789.199,4,4,29789.196,0.0,0.0,0.0,0.003,496486.65
1728593,IT,SE,PAPER,LANDT,0.12,29787.266,4,4,29787.263,0.0,0.0,0.0,0.003,248227.216667
1651388,IT,CY,MOTOR,RETA1,0.04,29785.087,4,4,29785.085,0.0,0.0,0.0,0.002,744627.175
1813487,IT,WM,SALEM,POSTT,0.24,29784.679,4,4,29784.677,0.0,0.0,0.0,0.002,124102.829167
1665617,IT,ES,WOODW,LEATH,0.08,29781.393,4,4,29781.391,0.0,0.0,0.0,0.002,372267.4125
1684735,IT,HU,VEGET,CONST,0.11,29781.16,3,3,29781.16,0.0,0.0,0.0,0.0,270737.818182
1780607,IT,TW,INSUR,BASIC,0.61,29780.196,3,3,29780.196,0.0,0.0,0.0,0.0,48819.993443
1721635,IT,PL,POSTT,FINAN,0.49,29776.736,4,4,29776.734,0.0,0.0,0.0,0.002,60768.84898
1726131,IT,RO,RUBBE,RESEA,0.1,29776.369,4,4,29776.366,0.0,0.0,0.0,0.003,297763.69
1748367,IT,CN,OILSE,MACHI,0.02,29775.225,3,3,29775.225,0.0,0.0,0.0,0.0,1488761.25
1760852,IT,IN,MOTOR,MEMBE,0.04,29773.031,4,4,29773.029,0.0,0.0,0.0,0.002,744325.775
1683154,IT,HR,GLASS,STONE,0.08,29772.455,4,4,29772.453,0.0,0.0,0.0,0.002,372155.6875
1725611,IT,RO,WOODW,POSTT,0.08,29771.909,4,4,29771.907,0.0,0.0,0.0,0.002,372148.8625
1665115,IT,ES,VEGE1,RECRE,0.09,29771.65,4,4,29771.644,0.0,0.0,0.0,0.006,330796.111111
1762161,IT,IN,LANDT,FURNI,0.19,29771.339,3,3,29771.339,0.0,0.0,0.0,0.0,156691.257895
1674443,IT,FR,ADDIT,LUBRI,0.07,29769.116,4,4,29769.114,0.0,0.0,0.0,0.002,425273.085714
1793720,IT,WL,FOOD5,BUSIN,0.14,29768.917,4,4,29768.914,0.0,0.0,0.0,0.003,212635.121429
1649559,IT,BG,RUBBE,TRAN1,0.1,29768.013,4,4,29768.01,0.0,0.0,0.0,0.003,297680.13
1652555,IT,CZ,LEATH,FORES,0.21,29766.873,4,4,29766.868,0.0,0.0,0.0,0.005,141747.014286
1791009,IT,WA,MOTO1,SUPPO,0.16,29765.04,4,4,29765.038,0.0,0.0,0.0,0.002,186031.5
1768858,IT,AU,LEATH,REALE,0.21,29764.47,4,4,29764.465,0.0,0.0,0.0,0.005,141735.571429
1670302,IT,FI,CHEMI,LIQUI,0.07,29763.141,5,5,29762.138,0.0,0.0,1.0,0.003,425187.728571
1813940,IT,WM,TRAN2,RETAI,0.05,29762.458,3,3,29762.458,0.0,0.0,0.0,0.0,595249.16
1743971,IT,US,AIRTR,PROCE,0.03,29762.198,3,3,29762.198,0.0,0.0,0.0,0.0,992073.266667
1718737,IT,PL,PULP5,FABRI,0.09,29761.796,4,4,29761.793,0.0,0.0,0.0,0.003,330686.622222
1763332,IT,MX,PAPER,COMPU,0.12,29761.659,4,4,29761.656,0.0,0.0,0.0,0.003,248013.825
1679673,IT,GR,GLASS,RESEA,0.08,29760.99,4,4,29760.988,0.0,0.0,0.0,0.002,372012.375
1673746,IT,FR,PAPER,ELEC5,0.12,29760.683,4,4,29760.68,0.0,0.0,0.0,0.003,248005.691667
1777223,IT,TR,RUBBE,MOTOR,0.1,29758.953,4,4,29758.95,0.0,0.0,0.0,0.003,297589.53
1719545,IT,PL,GLASS,DISTR,0.08,29758.404,4,4,29758.402,0.0,0.0,0.0,0.002,371980.05
1743357,IT,US,SALEM,DAIRY,0.24,29755.057,4,4,29755.055,0.0,0.0,0.0,0.002,123979.404167
1648963,IT,BG,WEARI,RECRE,0.22,29755.026,4,4,29755.02,0.0,0.0,0.0,0.006,135250.118182
1712439,IT,LV,BASIC,FURNI,0.03,29754.722,4,4,29754.72,0.0,0.0,0.0,0.002,991824.066667
1798987,IT,WE,TEXTI,CATTL,0.18,29753.99,4,4,29753.986,0.0,0.0,0.0,0.004,165299.944444
1778087,IT,TR,MOTO1,GLASS,0.16,29753.182,4,4,29753.18,0.0,0.0,0.0,0.002,185957.3875
1771511,IT,CH,FISH5,WHOLE,0.13,29751.378,4,4,29751.363,0.0,0.0,0.0,0.015,228856.753846
1676910,IT,FR,SEACO,HOTEL,0.03,29750.804,3,3,29750.804,0.0,0.0,0.0,0.0,991693.466667
1685946,IT,HU,CHEM1,INERT,0.06,29750.732,4,4,29750.729,0.0,0.0,0.0,0.003,495845.533333
1739240,IT,GB,RETA1,FOOD4,0.31,29750.686,4,4,29750.684,0.0,0.0,0.0,0.002,95969.954839
1663623,IT,DK,BUSIN,FABRI,0.31,29750.285,4,4,29750.283,0.0,0.0,0.0,0.002,95968.66129
1778283,IT,TR,SALEM,WEARI,0.24,29746.836,4,4,29746.834,0.0,0.0,0.0,0.002,123945.15
1716700,IT,NL,WHOLE,CONST,0.26,29746.611,4,4,29746.609,0.0,0.0,0.0,0.002,114410.042308
1688345,IT,IE,DAIRY,RETA1,0.12,29745.253,4,4,29745.251,0.0,0.0,0.0,0.002,247877.108333
1666344,IT,ES,LIQUE,SUPPO,0.05,29743.354,4,4,29743.352,0.0,0.0,0.0,0.002,594867.08
1640338,IT,AT,CHEMI,ELEC2,0.07,29742.566,5,5,29741.563,0.0,0.0,1.0,0.003,424893.8
1750035,IT,CN,NONME,ELEC5,0.06,29739.265,4,4,29739.262,0.0,0.0,0.0,0.003,495654.416667
1669761,IT,ES,BUSIN,HEAVY,0.31,29738.78,4,4,29738.778,0.0,0.0,0.0,0.002,95931.548387
1784057,IT,ID,TEXTI,HEALT,0.18,29729.897,4,4,29729.893,0.0,0.0,0.0,0.004,165166.094444
1729016,IT,SE,RUBBE,IRONO,0.1,29729.222,4,4,29729.219,0.0,0.0,0.0,0.003,297292.22
1671932,IT,FI,LANDT,FOOD5,0.19,29728.318,3,3,29728.318,0.0,0.0,0.0,0.0,156464.831579
1666533,IT,ES,CHEM1,RAWMI,0.06,29724.958,4,4,29724.955,0.0,0.0,0.0,0.003,495415.966667
1677608,IT,FR,REALE,TRANS,1.26,29724.34,4,4,29724.338,0.0,0.0,0.0,0.002,23590.746032
1673228,IT,FR,FISH5,VEGE1,0.12,29723.368,4,4,29723.353,0.0,0.0,0.0,0.015,247694.733333
1754143,IT,CA,AIRTR,INERT,0.03,29722.643,3,3,29722.643,0.0,0.0,0.0,0.0,990754.766667
1769962,IT,AU,TRANS,CRUDE,0.18,29721.393,4,4,29721.391,0.0,0.0,0.0,0.002,165118.85
1772867,IT,CH,BASIC,FOUND,0.03,29721.15,4,4,29721.148,0.0,0.0,0.0,0.002,990705.0
1754586,IT,KR,CROPS,TOBAC,0.24,29720.654,4,4,29720.652,0.0,0.0,0.0,0.002,123836.058333
1767486,IT,RU,SEACO,HEAVY,0.03,29720.293,3,3,29720.293,0.0,0.0,0.0,0.0,990676.433333
1795654,IT,WL,FABRI,CHARC,0.12,29718.754,4,4,29718.752,0.0,0.0,0.0,0.002,247656.283333
1658577,IT,DE,MACHI,PFERT,0.17,29717.786,4,4,29717.784,0.0,0.0,0.0,0.002,174810.505882
1666809,IT,ES,RUBBE,PAPE1,0.1,29714.323,4,4,29714.32,0.0,0.0,0.0,0.003,297143.23
1671207,IT,FI,NONME,MACHI,0.06,29713.853,4,4,29713.85,0.0,0.0,0.0,0.003,495230.883333
1783892,IT,NO,WOOD2,INTER,0.16,29710.775,4,4,29710.773,0.0,0.0,0.0,0.002,185692.34375
1648518,IT,BG,CATTL,COMPU,0.06,29710.638,5,5,29709.636,0.0,1.0,0.0,0.002,495177.3
1644797,IT,BE,TOBAC,BUSIN,0.12,29710.217,4,4,29710.215,0.0,0.0,0.0,0.002,247585.141667
1662024,IT,DK,PLAST,MEDIC,0.06,29709.678,4,4,29709.675,0.0,0.0,0.0,0.003,495161.3
1810599,IT,WM,PRINT,PFERT,0.29,29708.687,4,4,29708.685,0.0,0.0,0.0,0.002,102443.748276
1789125,IT,WA,NONSP,CHARC,0.04,29707.892,4,4,29707.89,0.0,0.0,0.0,0.002,742697.3
1810941,IT,WM,GASDI,TOBAC,0.04,29707.844,4,4,29707.842,0.0,0.0,0.0,0.002,742696.1
1653546,IT,CZ,BASIC,ELEC7,0.03,29705.78,4,4,29705.778,0.0,0.0,0.0,0.002,990192.666667
1679070,IT,GR,WOODW,93197,0.08,29705.065,4,4,29705.063,0.0,0.0,0.0,0.002,371313.3125
1658515,IT,DE,FABRI,MEMBE,0.12,29704.715,4,4,29704.713,0.0,0.0,0.0,0.002,247539.291667
1654248,IT,CZ,TRANS,RAILW,0.18,29704.395,4,4,29704.393,0.0,0.0,0.0,0.002,165024.416667
1809586,IT,WM,VEGE1,SALEM,0.09,29704.168,4,4,29704.162,0.0,0.0,0.0,0.006,330046.311111
1665151,IT,ES,DAIRY,PUBLI,0.12,29703.533,4,4,29703.531,0.0,0.0,0.0,0.002,247529.441667
1786077,IT,ZA,NONME,CEREA,0.06,29703.292,4,4,29703.289,0.0,0.0,0.0,0.003,495054.866667
1710536,IT,LT,SUPPO,RETA1,0.21,29703.142,3,3,29703.142,0.0,0.0,0.0,0.0,141443.533333
1754100,IT,CA,AIRTR,ALUM1,0.03,29702.69,3,3,29702.69,0.0,0.0,0.0,0.0,990089.666667
1723773,IT,PT,OFFIC,LEATH,0.09,29702.601,4,4,29702.599,0.0,0.0,0.0,0.002,330028.9
1762664,IT,IN,COMPU,EDUCA,0.34,29701.513,4,4,29701.511,0.0,0.0,0.0,0.002,87357.391176
1778829,IT,TR,LANDT,SUPPO,0.19,29697.053,3,3,29697.053,0.0,0.0,0.0,0.0,156300.278947
1675806,IT,FR,FURNI,FOOD3,0.09,29696.523,4,4,29696.52,0.0,0.0,0.0,0.003,329961.366667
1689171,IT,IE,SALEM,FOOD4,0.24,29695.191,4,4,29695.189,0.0,0.0,0.0,0.002,123729.9625
1800815,IT,WE,BASIC,LIQUE,0.03,29694.902,4,4,29694.9,0.0,0.0,0.0,0.002,989830.066667
1682830,IT,HR,HEAVY,RENTI,0.05,29694.737,4,4,29694.735,0.0,0.0,0.0,0.002,593894.74
1795559,IT,WL,COPP1,FISH5,0.08,29694.154,4,4,29694.152,0.0,0.0,0.0,0.002,371176.925
1760833,IT,IN,MOTOR,MOTO1,0.04,29693.997,4,4,29693.995,0.0,0.0,0.0,0.002,742349.925
1671336,IT,FI,ALUM1,COMPU,0.05,29693.621,4,4,29693.619,0.0,0.0,0.0,0.002,593872.42
1774464,IT,CH,LANDT,WEARI,0.19,29691.816,3,3,29691.816,0.0,0.0,0.0,0.0,156272.715789
1682503,IT,HR,PRINT,WHOLE,0.28,29691.284,4,4,29691.282,0.0,0.0,0.0,0.002,106040.3
1794788,IT,WL,PLAST,COKEO,0.06,29691.061,4,4,29691.058,0.0,0.0,0.0,0.003,494851.016667
1689706,IT,IE,FINAN,RAWMI,0.39,29688.653,3,3,29688.653,0.0,0.0,0.0,0.0,76124.751282
1732108,IT,SI,KERO1,INERT,0.04,29688.591,4,4,29688.589,0.0,0.0,0.0,0.002,742214.775
1772843,IT,CH,BASIC,FISH5,0.03,29687.863,4,4,29687.861,0.0,0.0,0.0,0.002,989595.433333
1663237,IT,DK,SEACO,PROCE,0.03,29687.148,3,3,29687.148,0.0,0.0,0.0,0.0,989571.6
1744747,IT,US,RESEA,FISH5,0.16,29685.565,4,4,29685.563,0.0,0.0,0.0,0.002,185534.78125
1688620,IT,IE,PLAST,STONE,0.06,29683.671,4,4,29683.668,0.0,0.0,0.0,0.003,494727.85
1744238,IT,US,POSTT,MEDIC,0.49,29683.644,4,4,29683.642,0.0,0.0,0.0,0.002,60578.865306
1726556,IT,RO,OFFIC,COPP1,0.09,29683.147,4,4,29683.145,0.0,0.0,0.0,0.002,329812.744444
1667620,IT,ES,MACHI,DAIRY,0.17,29682.085,4,4,29682.083,0.0,0.0,0.0,0.002,174600.5
1663516,IT,DK,RENTI,EDUCA,0.18,29681.552,4,4,29681.55,0.0,0.0,0.0,0.002,164897.511111
1658281,IT,DE,COPP1,ALUM1,0.07,29681.256,4,4,29681.254,0.0,0.0,0.0,0.002,424017.942857
1640400,IT,AT,MEAT4,ELEC2,0.16,29680.88,4,4,29680.878,0.0,0.0,0.0,0.002,185505.5
1725460,IT,RO,WEARI,WOODW,0.22,29679.231,4,4,29679.225,0.0,0.0,0.0,0.006,134905.595455
1767217,IT,RU,RETA1,DISTR,0.31,29677.271,4,4,29677.269,0.0,0.0,0.0,0.002,95733.132258
1723776,IT,PT,OFFIC,PAPER,0.09,29676.566,4,4,29676.564,0.0,0.0,0.0,0.002,329739.622222
1716416,IT,NL,MACHI,SUPPO,0.17,29676.272,4,4,29676.27,0.0,0.0,0.0,0.002,174566.305882
1814161,IT,WM,AIRTR,INERT,0.03,29675.582,3,3,29675.582,0.0,0.0,0.0,0.0,989186.066667
1753561,IT,CA,MACHI,GLASS,0.17,29675.425,4,4,29675.423,0.0,0.0,0.0,0.002,174561.323529
1803166,IT,WF,OILSE,FINAN,0.02,29674.998,3,3,29674.998,0.0,0.0,0.0,0.0,1483749.9
1806327,IT,WF,OFFIC,LANDT,0.09,29670.125,4,4,29670.123,0.0,0.0,0.0,0.002,329668.055556
1753742,IT,CA,FURNI,BEVER,0.09,29670.113,4,4,29670.11,0.0,0.0,0.0,0.003,329667.922222
1720888,IT,PL,CONST,BUSIN,0.17,29669.744,4,4,29669.742,0.0,0.0,0.0,0.002,174527.905882
1759619,IT,BR,RESEA,FORES,0.16,29669.46,4,4,29669.458,0.0,0.0,0.0,0.002,185434.125
1781526,IT,NO,TEXTI,FABRI,0.18,29665.655,4,4,29665.651,0.0,0.0,0.0,0.004,164809.194444
1784781,IT,ID,HOTEL,WEARI,0.22,29665.122,4,4,29665.12,0.0,0.0,0.0,0.002,134841.463636
1769439,IT,AU,NONME,BASIC,0.06,29664.328,4,4,29664.325,0.0,0.0,0.0,0.003,494405.466667
1661239,IT,DK,VEGET,VEGE1,0.11,29663.383,3,3,29663.383,0.0,0.0,0.0,0.0,269667.118182
1756402,IT,KR,FURNI,POSTT,0.09,29662.425,4,4,29662.422,0.0,0.0,0.0,0.003,329582.5
1644639,IT,BE,FOOD5,RENTI,0.14,29661.182,4,4,29661.179,0.0,0.0,0.0,0.003,211865.585714
1777109,IT,TR,CHEM1,FOOD4,0.06,29656.008,4,4,29656.005,0.0,0.0,0.0,0.003,494266.8
1750917,IT,CN,CONST,OFFIC,0.17,29655.609,4,4,29655.607,0.0,0.0,0.0,0.002,174444.758824
1814490,IT,WM,RESEA,MOTOR,0.16,29653.157,4,4,29653.155,0.0,0.0,0.0,0.002,185332.23125
1762132,IT,IN,LANDT,TEXTI,0.19,29653.083,3,3,29653.083,0.0,0.0,0.0,0.0,156068.857895
1654659,IT,CZ,LANDT,GLASS,0.19,29652.89,3,3,29652.89,0.0,0.0,0.0,0.0,156067.842105
1663032,IT,DK,HOTEL,DISTR,0.21,29652.792,4,4,29652.79,0.0,0.0,0.0,0.002,141203.771429
1749961,IT,CN,CERAM,CEMEN,0.05,29652.607,4,4,29652.605,0.0,0.0,0.0,0.002,593052.14
1813218,IT,WM,TRANS,MEATA,0.18,29652.58,4,4,29652.578,0.0,0.0,0.0,0.002,164736.555556
1654237,IT,CZ,TRANS,MOTO1,0.18,29652.019,4,4,29652.017,0.0,0.0,0.0,0.002,164733.438889
1688325,IT,IE,VEGE1,CHEM1,0.09,29651.158,4,4,29651.152,0.0,0.0,0.0,0.006,329457.311111
1690017,IT,IE,REALE,COMPU,1.25,29650.898,4,4,29650.896,0.0,0.0,0.0,0.002,23720.7184
1769881,IT,AU,MOTO1,VEGET,0.16,29650.488,4,4,29650.486,0.0,0.0,0.0,0.002,185315.55
1666463,IT,ES,NUCLE,PLAST,0.06,29650.37,4,4,29650.368,0.0,0.0,0.0,0.002,494172.833333
1711541,IT,LU,POSTT,COMPU,0.49,29645.916,4,4,29645.914,0.0,0.0,0.0,0.002,60501.869388
1780695,IT,TW,REALE,TEXTI,1.25,29644.255,4,4,29644.253,0.0,0.0,0.0,0.002,23715.404
1735350,IT,SK,CEMEN,WHOLE,0.05,29644.108,3,3,29644.108,0.0,0.0,0.0,0.0,592882.16
1722728,IT,PT,WOODW,RETA1,0.08,29641.334,4,4,29641.332,0.0,0.0,0.0,0.002,370516.675
1766263,IT,RU,CERAM,CEMEN,0.05,29639.403,4,4,29639.401,0.0,0.0,0.0,0.002,592788.06
1690420,IT,IE,FOOD4,FURNI,0.21,29639.234,4,4,29639.232,0.0,0.0,0.0,0.002,141139.209524
1710494,IT,LT,TRAN2,KEROS,0.05,29637.147,3,3,29637.147,0.0,0.0,0.0,0.0,592742.94
1737616,IT,GB,PAPER,BASIC,0.11,29636.83,4,4,29636.827,0.0,0.0,0.0,0.003,269425.727273
1655973,IT,DE,FOOD5,MOTOR,0.14,29635.598,4,4,29635.595,0.0,0.0,0.0,0.003,211682.842857
1710766,IT,LU,TEXTI,MEDIC,0.18,29635.274,4,4,29635.27,0.0,0.0,0.0,0.004,164640.411111
1668637,IT,ES,RAILW,FABRI,0.2,29634.512,3,3,29634.512,0.0,0.0,0.0,0.0,148172.56
1735920,IT,SK,OFFIC,RECRE,0.09,29633.985,4,4,29633.983,0.0,0.0,0.0,0.002,329266.5
1733494,IT,SI,WHOLE,DAIRY,0.26,29633.391,4,4,29633.389,0.0,0.0,0.0,0.002,113974.580769
1737702,IT,GB,MOTOR,PUBLI,0.04,29633.361,4,4,29633.359,0.0,0.0,0.0,0.002,740834.025
1676347,IT,FR,WHOLE,SUGAR,0.26,29632.935,4,4,29632.933,0.0,0.0,0.0,0.002,113972.826923
1723568,IT,PT,FABRI,PROCE,0.12,29628.508,4,4,29628.506,0.0,0.0,0.0,0.002,246904.233333
1667083,IT,ES,NONME,HOTEL,0.06,29628.131,4,4,29628.128,0.0,0.0,0.0,0.003,493802.183333
1709320,IT,LT,MEAT4,WEARI,0.16,29627.318,4,4,29627.316,0.0,0.0,0.0,0.002,185170.7375
1748371,IT,CN,OILSE,RETA1,0.02,29626.572,3,3,29626.572,0.0,0.0,0.0,0.0,1481328.6
1768208,IT,RU,PUBLI,RECRE,0.49,29625.742,4,4,29625.74,0.0,0.0,0.0,0.002,60460.697959
1754259,IT,CA,POSTT,LANDT,0.49,29625.595,4,4,29625.593,0.0,0.0,0.0,0.002,60460.397959
1749469,IT,CN,HEAVY,MOTO1,0.05,29621.659,4,4,29621.657,0.0,0.0,0.0,0.002,592433.18
1758675,IT,BR,FURNI,MEMBE,0.09,29620.871,4,4,29620.868,0.0,0.0,0.0,0.003,329120.788889
1791952,IT,WA,SEACO,LIQUE,0.03,29620.424,3,3,29620.424,0.0,0.0,0.0,0.0,987347.466667
1796159,IT,WL,FURNI,NATUR,0.09,29620.163,4,4,29620.16,0.0,0.0,0.0,0.003,329112.922222
1748911,IT,CN,WEARI,ALUM1,0.22,29619.735,4,4,29619.729,0.0,0.0,0.0,0.006,134635.159091
1684826,IT,HU,FISHF,RETA1,0.05,29618.652,3,3,29618.652,0.0,0.0,0.0,0.0,592373.04
1718438,IT,PL,TOBAC,HOTEL,0.12,29618.407,4,4,29618.405,0.0,0.0,0.0,0.002,246820.058333
1645820,IT,BE,RUBBE,FOOD4,0.1,29614.976,4,4,29614.973,0.0,0.0,0.0,0.003,296149.76
1798362,IT,WE,ANIMA,WEARI,0.12,29612.051,3,3,29612.051,0.0,0.0,0.0,0.0,246767.091667
1732563,IT,SI,RUBBE,AUXIL,0.1,29609.705,4,4,29609.702,0.0,0.0,0.0,0.003,296097.05
1789743,IT,WA,GLASS,LEATH,0.08,29609.292,4,4,29609.29,0.0,0.0,0.0,0.002,370116.15
1739847,IT,GB,FINAN,PLAST,0.39,29608.303,3,3,29608.303,0.0,0.0,0.0,0.0,75918.725641
1714664,IT,NL,MEAT4,WHOLE,0.16,29605.976,4,4,29605.974,0.0,0.0,0.0,0.002,185037.35
1641237,IT,AT,MOTOR,CROPS,0.04,29603.85,4,4,29603.848,0.0,0.0,0.0,0.002,740096.25
1672679,IT,FR,ALUMI,ALUM1,0.05,29603.658,4,4,29603.656,0.0,0.0,0.0,0.002,592073.16
1766265,IT,RU,CERAM,FABRI,0.05,29602.72,4,4,29602.718,0.0,0.0,0.0,0.002,592054.4
1803066,IT,WF,CEREA,OFFIC,0.05,29600.624,4,4,29600.622,0.0,0.0,0.0,0.002,592012.48
1743366,IT,US,SALEM,PRINT,0.24,29599.186,4,4,29599.184,0.0,0.0,0.0,0.002,123329.941667
1798174,IT,WE,CEREA,FOOD5,0.05,29598.791,4,4,29598.789,0.0,0.0,0.0,0.002,591975.82
1814128,IT,WM,AIRTR,ELEC4,0.03,29597.426,3,3,29597.426,0.0,0.0,0.0,0.0,986580.866667
1687570,IT,HU,LANDT,POSTT,0.19,29596.072,3,3,29596.072,0.0,0.0,0.0,0.0,155768.8
1672453,IT,FI,PUBLI,PUBLI,0.48,29592.338,4,4,29592.336,0.0,0.0,0.0,0.002,61650.704167
1682010,IT,HR,BEVER,LEATH,0.13,29587.138,4,4,29587.136,0.0,0.0,0.0,0.002,227593.369231
1782963,IT,NO,AIRTR,RESEA,0.03,29586.819,3,3,29586.819,0.0,0.0,0.0,0.0,986227.3
1657125,IT,DE,PLAST,ADDIT,0.06,29586.516,4,4,29586.513,0.0,0.0,0.0,0.003,493108.6
1779987,IT,TW,SALEM,COKEO,0.24,29586.246,4,4,29586.244,0.0,0.0,0.0,0.002,123276.025
1736067,IT,SK,FURNI,SUPPO,0.09,29583.746,4,4,29583.743,0.0,0.0,0.0,0.003,328708.288889
1651618,IT,CY,CEMEN,PULP5,0.05,29583.283,3,3,29583.283,0.0,0.0,0.0,0.0,591665.66
1814338,IT,WM,FINAN,ELEC2,0.39,29582.527,3,3,29582.527,0.0,0.0,0.0,0.0,75852.633333
1645274,IT,BE,MOTOR,CONST,0.04,29580.148,4,4,29580.146,0.0,0.0,0.0,0.002,739503.7
1683359,IT,HR,NONME,BUSIN,0.06,29579.269,4,4,29579.266,0.0,0.0,0.0,0.003,492987.816667
1665485,IT,ES,WEARI,NONME,0.22,29578.66,4,4,29578.654,0.0,0.0,0.0,0.006,134448.454545
1813139,IT,WM,MOTO1,NAPHT,0.16,29578.646,4,4,29578.644,0.0,0.0,0.0,0.002,184866.5375
1669446,IT,ES,INSUR,BUSIN,0.61,29578.526,3,3,29578.526,0.0,0.0,0.0,0.0,48489.386885
1683856,IT,HR,MOTO1,HOTEL,0.16,29577.676,4,4,29577.674,0.0,0.0,0.0,0.002,184860.475
1762727,IT,IN,BUSIN,NFERT,0.3,29576.264,4,4,29576.262,0.0,0.0,0.0,0.002,98587.546667
1727511,IT,RO,AUXIL,FINAN,0.54,29575.291,3,3,29575.291,0.0,0.0,0.0,0.0,54769.057407
1671398,IT,FI,FABRI,TEXTI,0.12,29570.944,4,4,29570.942,0.0,0.0,0.0,0.002,246424.533333
1670756,IT,FI,PAPER,REALE,0.11,29567.992,4,4,29567.989,0.0,0.0,0.0,0.003,268799.927273
1775606,IT,CH,RECRE,SUPPO,0.38,29566.023,4,4,29566.021,0.0,0.0,0.0,0.002,77805.323684
1787498,IT,WA,CHEMI,FISHF,0.07,29562.165,5,5,29561.162,0.0,0.0,1.0,0.003,422316.642857
1751884,IT,CN,COMPU,WOODW,0.34,29562.073,4,4,29562.071,0.0,0.0,0.0,0.002,86947.273529
1772274,IT,CH,NAPHT,COPP1,0.05,29561.757,4,4,29561.755,0.0,0.0,0.0,0.002,591235.14
1644389,IT,BE,MEATC,WHOLE,0.1,29561.428,4,4,29561.426,0.0,0.0,0.0,0.002,295614.28
1725520,IT,RO,LEATH,MOTOR,0.21,29561.421,4,4,29561.416,0.0,0.0,0.0,0.005,140768.671429
1739636,IT,GB,AIRTR,NATUR,0.03,29561.413,3,3,29561.413,0.0,0.0,0.0,0.0,985380.433333
1755798,IT,KR,CERAM,FABRI,0.05,29560.423,4,4,29560.421,0.0,0.0,0.0,0.002,591208.46
1712612,IT,LV,OFFIC,RETA1,0.09,29558.591,4,4,29558.589,0.0,0.0,0.0,0.002,328428.788889
1640650,IT,AT,BEVER,AIRTR,0.13,29553.851,4,4,29553.849,0.0,0.0,0.0,0.002,227337.315385
1690215,IT,IE,BUSIN,HOTEL,0.3,29553.648,4,4,29553.646,0.0,0.0,0.0,0.002,98512.16
1787669,IT,WA,VEGE1,CEREA,0.09,29553.461,4,4,29553.455,0.0,0.0,0.0,0.006,328371.788889
1646588,IT,BE,MOTO1,ALUM1,0.16,29551.596,4,4,29551.594,0.0,0.0,0.0,0.002,184697.475
1686446,IT,HU,BASIC,POSTT,0.03,29546.774,4,4,29546.772,0.0,0.0,0.0,0.002,984892.466667
1766212,IT,RU,GLASS,PREC1,0.08,29545.339,4,4,29545.337,0.0,0.0,0.0,0.002,369316.7375
1677775,IT,FR,COMPU,MACHI,0.34,29544.686,4,4,29544.684,0.0,0.0,0.0,0.002,86896.135294
1810536,IT,WM,PAPER,BASIC,0.11,29543.422,4,4,29543.419,0.0,0.0,0.0,0.003,268576.563636
1675095,IT,FR,ALUM1,PLAS2,0.05,29543.171,4,4,29543.169,0.0,0.0,0.0,0.002,590863.42
1758438,IT,BR,FABRI,FINAN,0.12,29542.582,4,4,29542.58,0.0,0.0,0.0,0.002,246188.183333
1719061,IT,PL,LIQUE,INSUR,0.05,29541.895,4,4,29541.893,0.0,0.0,0.0,0.002,590837.9
1757676,IT,BR,HEAVY,GLASS,0.05,29541.474,4,4,29541.472,0.0,0.0,0.0,0.002,590829.48
1671200,IT,FI,NONME,BRICK,0.06,29540.995,4,4,29540.992,0.0,0.0,0.0,0.003,492349.916667
1765060,IT,MX,INSUR,LANDT,0.61,29540.466,3,3,29540.466,0.0,0.0,0.0,0.0,48426.993443
1662967,IT,DK,HOTEL,CEREA,0.21,29540.3,4,4,29540.298,0.0,0.0,0.0,0.002,140668.095238
1812623,IT,WM,LEAD1,RECRE,0.05,29540.131,4,4,29540.129,0.0,0.0,0.0,0.002,590802.62
1807903,IT,WF,PLAS1,CROPS,0.11,29539.962,4,4,29539.96,0.0,0.0,0.0,0.002,268545.109091
1728770,IT,SE,HEAVY,COPPE,0.05,29539.827,4,4,29539.825,0.0,0.0,0.0,0.002,590796.54
1657024,IT,DE,NAPHT,CONST,0.05,29539.085,4,4,29539.083,0.0,0.0,0.0,0.002,590781.7
1671237,IT,FI,BASIC,GASDI,0.03,29535.62,4,4,29535.618,0.0,0.0,0.0,0.002,984520.666667
1787410,IT,WA,FISHF,CHARC,0.05,29533.032,3,3,29533.032,0.0,0.0,0.0,0.0,590660.64
1742607,IT,US,ALUM1,RETA1,0.05,29529.062,4,4,29529.06,0.0,0.0,0.0,0.002,590581.24
1794735,IT,WL,PARAF,KEROS,0.05,29526.451,4,4,29526.449,0.0,0.0,0.0,0.002,590529.02
1679547,IT,GR,RUBBE,FISH5,0.1,29526.262,4,4,29526.259,0.0,0.0,0.0,0.003,295262.62
1669710,IT,ES,COMPU,RESEA,0.34,29525.501,4,4,29525.499,0.0,0.0,0.0,0.002,86839.708824
1710502,IT,LT,SEACO,RAILW,0.03,29524.46,3,3,29524.46,0.0,0.0,0.0,0.0,984148.666667
1713605,IT,MT,BASIC,TRANS,0.03,29522.807,4,4,29522.805,0.0,0.0,0.0,0.002,984093.566667
1677203,IT,FR,POSTT,SEACO,0.49,29522.125,4,4,29522.123,0.0,0.0,0.0,0.002,60249.234694
1758072,IT,BR,GLASS,RAWMI,0.08,29516.766,4,4,29516.764,0.0,0.0,0.0,0.002,368959.575
1732538,IT,SI,RUBBE,FURNI,0.1,29516.046,4,4,29516.043,0.0,0.0,0.0,0.003,295160.46
1742192,IT,US,GLASS,COLLE,0.08,29515.931,4,4,29515.929,0.0,0.0,0.0,0.002,368949.1375
1736341,IT,SK,RAILW,OFFIC,0.2,29515.406,3,3,29515.406,0.0,0.0,0.0,0.0,147577.03
1777420,IT,TR,NONME,FOOD5,0.06,29514.958,4,4,29514.955,0.0,0.0,0.0,0.003,491915.966667
1715468,IT,NL,KEROS,WHITE,0.04,29511.202,4,4,29511.2,0.0,0.0,0.0,0.002,737780.05
1651139,IT,BG,BUSIN,WHEAT,0.3,29511.085,4,4,29511.083,0.0,0.0,0.0,0.002,98370.283333
1755348,IT,KR,PRINT,RETA1,0.28,29508.945,4,4,29508.943,0.0,0.0,0.0,0.002,105389.089286
1683618,IT,HR,FABRI,VEGE1,0.12,29507.794,4,4,29507.792,0.0,0.0,0.0,0.002,245898.283333
1653397,IT,CZ,CERAM,PREC1,0.05,29506.638,4,4,29506.636,0.0,0.0,0.0,0.002,590132.76
1669734,IT,ES,BUSIN,NICKE,0.3,29505.146,4,4,29505.144,0.0,0.0,0.0,0.002,98350.486667
1651921,IT,CY,COMPU,COMPU,0.34,29504.812,4,4,29504.81,0.0,0.0,0.0,0.002,86778.858824
1732548,IT,SI,RUBBE,COLLE,0.1,29503.355,4,4,29503.352,0.0,0.0,0.0,0.003,295033.55
1667961,IT,ES,TRANS,PRINT,0.18,29503.121,4,4,29503.119,0.0,0.0,0.0,0.002,163906.227778
1769778,IT,AU,MACHI,FOUND,0.16,29502.397,4,4,29502.395,0.0,0.0,0.0,0.002,184389.98125
1726371,IT,RO,COPP1,BIODI,0.07,29502.361,4,4,29502.359,0.0,0.0,0.0,0.002,421462.3
1728234,IT,SE,FOOD5,SALEM,0.14,29502.207,4,4,29502.204,0.0,0.0,0.0,0.003,210730.05
1802990,IT,WF,WHEAT,BASIC,0.02,29500.607,3,3,29500.607,0.0,0.0,0.0,0.0,1475030.35
1768427,IT,AU,DAIRY,PIGS9,0.12,29500.488,4,4,29500.486,0.0,0.0,0.0,0.002,245837.4
1735970,IT,SK,MOTO1,SUPPO,0.16,29499.744,4,4,29499.742,0.0,0.0,0.0,0.002,184373.4
1668102,IT,ES,CONST,MACHI,0.16,29498.496,4,4,29498.494,0.0,0.0,0.0,0.002,184365.6
1776876,IT,TR,NONSP,ELEC8,0.04,29496.572,4,4,29496.57,0.0,0.0,0.0,0.002,737414.3
1783700,IT,NO,FOOD4,CRUDE,0.21,29496.032,4,4,29496.03,0.0,0.0,0.0,0.002,140457.295238
1730244,IT,SE,SEACO,PRECI,0.03,29495.713,3,3,29495.713,0.0,0.0,0.0,0.0,983190.433333
1727516,IT,RO,AUXIL,PUBLI,0.54,29494.326,3,3,29494.326,0.0,0.0,0.0,0.0,54619.122222
1644719,IT,BE,BEVER,RAILW,0.13,29493.384,4,4,29493.382,0.0,0.0,0.0,0.002,226872.184615
1723074,IT,PT,CHEM1,PLAST,0.06,29491.852,4,4,29491.849,0.0,0.0,0.0,0.003,491530.866667
1802488,IT,WE,SUPPO,EDUCA,0.21,29491.323,3,3,29491.323,0.0,0.0,0.0,0.0,140434.871429
1662071,IT,DK,CHEM1,CEMEN,0.06,29491.185,4,4,29491.182,0.0,0.0,0.0,0.003,491519.75
1755683,IT,KR,RUBBE,COLLE,0.1,29489.727,4,4,29489.724,0.0,0.0,0.0,0.003,294897.27
1774518,IT,CH,LANDT,RENTI,0.19,29489.148,3,3,29489.148,0.0,0.0,0.0,0.0,155206.042105
1778197,IT,TR,FURNI,PFERT,0.09,29488.181,4,4,29488.178,0.0,0.0,0.0,0.003,327646.455556
1743260,IT,US,FURNI,TOBAC,0.09,29486.841,4,4,29486.838,0.0,0.0,0.0,0.003,327631.566667
1790370,IT,WA,LEAD1,BITUM,0.05,29486.567,4,4,29486.565,0.0,0.0,0.0,0.002,589731.34
1771965,IT,CH,PAPER,RETAI,0.11,29486.022,4,4,29486.019,0.0,0.0,0.0,0.003,268054.745455
1731932,IT,SI,MOTOR,FURNI,0.04,29482.887,4,4,29482.885,0.0,0.0,0.0,0.002,737072.175
1663271,IT,DK,SEACO,SECO9,0.03,29479.207,3,3,29479.207,0.0,0.0,0.0,0.0,982640.233333
1783918,IT,ID,CROPS,PAPER,0.23,29477.573,4,4,29477.571,0.0,0.0,0.0,0.002,128163.36087
1769632,IT,AU,FABRI,PLAST,0.12,29477.418,4,4,29477.416,0.0,0.0,0.0,0.002,245645.15
1641907,IT,AT,BIODI,RETA1,0.06,29477.074,4,4,29477.071,0.0,0.0,0.0,0.003,491284.566667
1794940,IT,WL,CHEM1,LUBRI,0.06,29475.917,4,4,29475.914,0.0,0.0,0.0,0.003,491265.283333
1745597,IT,JP,TOBAC,ELEC1,0.12,29475.185,4,4,29475.183,0.0,0.0,0.0,0.002,245626.541667
1803858,IT,WF,TEXTI,INLAN,0.17,29474.506,4,4,29474.502,0.0,0.0,0.0,0.004,173379.447059
1641352,IT,AT,KEROS,FOUND,0.04,29473.001,4,4,29472.999,0.0,0.0,0.0,0.002,736825.025
1744242,IT,US,POSTT,ELEC1,0.49,29472.806,4,4,29472.804,0.0,0.0,0.0,0.002,60148.583673
1774555,IT,CH,SEACO,MEATP,0.03,29472.429,3,3,29472.429,0.0,0.0,0.0,0.0,982414.3
1717158,IT,NL,AIRTR,PRINT,0.03,29471.463,3,3,29471.463,0.0,0.0,0.0,0.0,982382.1
1640230,IT,AT,FORES,CONST,0.26,29471.396,4,4,29460.396,0.0,11.0,0.0,0.0,113351.523077
1737718,IT,GB,KERO1,CEREA,0.04,29470.175,4,4,29470.173,0.0,0.0,0.0,0.002,736754.375
1722994,IT,PT,NONSP,GASDI,0.04,29470.101,4,4,29470.099,0.0,0.0,0.0,0.002,736752.525
1648446,IT,BG,CEREA,POULT,0.05,29469.248,4,4,29469.246,0.0,0.0,0.0,0.002,589384.96
1644863,IT,BE,WEARI,HOTEL,0.22,29469.204,4,4,29469.198,0.0,0.0,0.0,0.006,133950.927273
1655693,IT,DE,CHEMI,ELEC7,0.07,29468.543,5,5,29467.54,0.0,0.0,1.0,0.003,420979.185714
1683609,IT,HR,FABRI,FORES,0.12,29467.775,4,4,29467.773,0.0,0.0,0.0,0.002,245564.791667
1709758,IT,LT,RUBBE,OILSE,0.1,29467.394,4,4,29467.391,0.0,0.0,0.0,0.003,294673.94
1769593,IT,AU,FABRI,WHEAT,0.12,29467.111,4,4,29467.109,0.0,0.0,0.0,0.002,245559.258333
1688794,IT,IE,GLASS,TEXTI,0.08,29466.82,4,4,29466.818,0.0,0.0,0.0,0.002,368335.25
1728496,IT,SE,WOODW,PLAST,0.08,29464.882,4,4,29464.88,0.0,0.0,0.0,0.002,368311.025
1778416,IT,TR,WHOLE,MEAT1,0.25,29461.981,4,4,29461.979,0.0,0.0,0.0,0.002,117847.924
1664311,IT,EE,COPP1,REALE,0.07,29461.813,4,4,29461.811,0.0,0.0,0.0,0.002,420883.042857
1758449,IT,BR,FABRI,93197,0.12,29460.956,4,4,29460.954,0.0,0.0,0.0,0.002,245507.966667
1728783,IT,SE,HEAVY,PLAST,0.05,29460.468,4,4,29460.466,0.0,0.0,0.0,0.002,589209.36
1727734,IT,RO,COMPU,BUSIN,0.34,29460.305,4,4,29460.303,0.0,0.0,0.0,0.002,86647.955882
1808252,IT,WF,FOOD2,CRUDE,0.17,29458.863,4,4,29458.861,0.0,0.0,0.0,0.002,173287.429412
1795195,IT,WL,GLASS,VEGE1,0.08,29458.513,4,4,29458.511,0.0,0.0,0.0,0.002,368231.4125
1718527,IT,PL,TEXTI,MEMBE,0.17,29457.915,4,4,29457.911,0.0,0.0,0.0,0.004,173281.852941
1790423,IT,WA,LEAD1,RADIO,0.05,29456.414,4,4,29456.412,0.0,0.0,0.0,0.002,589128.28
1777274,IT,TR,RUBBE,SEACO,0.1,29454.906,4,4,29454.903,0.0,0.0,0.0,0.003,294549.06
1756343,IT,KR,TRANS,FABRI,0.18,29454.202,4,4,29454.2,0.0,0.0,0.0,0.002,163634.455556
1774826,IT,CH,POSTT,AIRTR,0.49,29451.891,4,4,29451.889,0.0,0.0,0.0,0.002,60105.9
1671575,IT,FI,MOTO1,FABRI,0.16,29451.622,4,4,29451.62,0.0,0.0,0.0,0.002,184072.6375
1657660,IT,DE,CERAM,SECO9,0.05,29450.453,4,4,29450.451,0.0,0.0,0.0,0.002,589009.06
1662682,IT,DK,MACHI,DIST1,0.16,29450.183,4,4,29450.181,0.0,0.0,0.0,0.002,184063.64375
1758975,IT,BR,LANDT,MEATC,0.19,29448.6,3,3,29448.6,0.0,0.0,0.0,0.0,154992.631579
1803834,IT,WF,TEXTI,RADIO,0.17,29447.481,4,4,29447.477,0.0,0.0,0.0,0.004,173220.476471
1685270,IT,HU,TEXTI,RETA1,0.17,29447.261,4,4,29447.257,0.0,0.0,0.0,0.004,173219.182353
1679221,IT,GR,MOTOR,SUPPO,0.04,29445.614,4,4,29445.612,0.0,0.0,0.0,0.002,736140.35
1738820,IT,GB,MOTO1,NONF1,0.16,29444.237,4,4,29444.235,0.0,0.0,0.0,0.002,184026.48125
1664663,IT,EE,LANDT,POSTT,0.19,29442.603,3,3,29442.603,0.0,0.0,0.0,0.0,154961.068421
1754576,IT,KR,VEGET,HOTEL,0.1,29439.83,3,3,29439.83,0.0,0.0,0.0,0.0,294398.3
1644202,IT,BE,VEGET,VEGE1,0.1,29438.708,3,3,29438.708,0.0,0.0,0.0,0.0,294387.08
1716783,IT,NL,RETA1,COLLE,0.31,29438.011,4,4,29438.009,0.0,0.0,0.0,0.002,94961.325806
1710655,IT,LU,MEAT4,BUSIN,0.16,29437.935,4,4,29437.933,0.0,0.0,0.0,0.002,183987.09375
1748440,IT,CN,STONE,COKIN,0.1,29437.199,4,4,29435.199,0.0,0.0,2.0,0.0,294371.99
1763818,IT,MX,CERAM,RENTI,0.05,29436.313,4,4,29436.311,0.0,0.0,0.0,0.002,588726.26
1754640,IT,KR,STONE,MACHI,0.1,29436.249,4,4,29434.249,0.0,0.0,2.0,0.0,294362.49
1671286,IT,FI,PREC1,MACHI,0.05,29434.603,3,3,29434.603,0.0,0.0,0.0,0.0,588692.06
1716711,IT,NL,WHOLE,RESEA,0.25,29434.032,4,4,29434.03,0.0,0.0,0.0,0.002,117736.128
1652950,IT,CZ,HEAVY,MACHI,0.05,29432.561,4,4,29432.559,0.0,0.0,0.0,0.002,588651.22
1679899,IT,GR,COPP1,SUPPO,0.07,29431.885,4,4,29431.883,0.0,0.0,0.0,0.002,420455.5
1813003,IT,WM,MACHI,BIOG1,0.16,29431.485,4,4,29431.483,0.0,0.0,0.0,0.002,183946.78125
1646924,IT,BE,WHOLE,FURNI,0.25,29429.566,4,4,29429.564,0.0,0.0,0.0,0.002,117718.264
1642366,IT,AT,BASIC,TRAN2,0.03,29429.017,4,4,29429.015,0.0,0.0,0.0,0.002,980967.233333
1758390,IT,BR,FABRI,PLAST,0.12,29427.544,4,4,29427.542,0.0,0.0,0.0,0.002,245229.533333
1771461,IT,CH,BEVER,NONME,0.13,29425.791,4,4,29425.789,0.0,0.0,0.0,0.002,226352.238462
1782773,IT,NO,HOTEL,PRINT,0.21,29423.785,4,4,29423.783,0.0,0.0,0.0,0.002,140113.261905
1674293,IT,FR,PLAST,BIOGA,0.06,29423.436,4,4,29423.433,0.0,0.0,0.0,0.003,490390.6
1682688,IT,HR,KERO1,PLAST,0.04,29423.342,4,4,29423.34,0.0,0.0,0.0,0.002,735583.55
1715038,IT,NL,TEXTI,BRICK,0.17,29421.982,4,4,29421.978,0.0,0.0,0.0,0.004,173070.482353
1770940,IT,CH,VEGET,TOBAC,0.1,29421.603,3,3,29421.603,0.0,0.0,0.0,0.0,294216.03
1670725,IT,FI,PAPER,RUBBE,0.11,29420.619,4,4,29420.616,0.0,0.0,0.0,0.003,267460.172727
1786868,IT,ZA,SEACO,NONME,0.03,29419.368,3,3,29419.368,0.0,0.0,0.0,0.0,980645.6
1662206,IT,DK,GLASS,MEATP,0.08,29414.123,4,4,29414.121,0.0,0.0,0.0,0.002,367676.5375
1672766,IT,FR,MEATC,COMPU,0.1,29414.058,4,4,29414.056,0.0,0.0,0.0,0.002,294140.58
1732740,IT,SI,CEMEN,REALE,0.05,29412.66,3,3,29412.66,0.0,0.0,0.0,0.0,588253.2
1766474,IT,RU,ALUM1,FOOD5,0.05,29410.88,4,4,29410.878,0.0,0.0,0.0,0.002,588217.6
1645304,IT,BE,KEROS,RAILW,0.04,29410.682,4,4,29410.68,0.0,0.0,0.0,0.002,735267.05
1684581,IT,HR,BUSIN,COMPU,0.3,29410.175,4,4,29410.173,0.0,0.0,0.0,0.002,98033.916667
1780506,IT,TW,POSTT,FURNI,0.48,29407.679,4,4,29407.677,0.0,0.0,0.0,0.002,61265.997917
1810024,IT,WM,TEXTI,VEGE1,0.17,29407.415,4,4,29407.411,0.0,0.0,0.0,0.004,172984.794118
1792263,IT,WA,POSTT,OFFIC,0.48,29407.363,4,4,29407.361,0.0,0.0,0.0,0.002,61265.339583
1763300,IT,MX,PAPER,PREC1,0.11,29407.199,4,4,29407.196,0.0,0.0,0.0,0.003,267338.172727
1719676,IT,PL,NONME,NATUR,0.06,29407.064,4,4,29407.061,0.0,0.0,0.0,0.003,490117.733333
1724431,IT,PT,AIRTR,TRANS,0.03,29406.695,3,3,29406.695,0.0,0.0,0.0,0.0,980223.166667
1787788,IT,WA,DAIRY,RESEA,0.12,29406.34,4,4,29406.338,0.0,0.0,0.0,0.002,245052.833333
1761495,IT,IN,ALUM1,COKEO,0.05,29404.27,4,4,29404.268,0.0,0.0,0.0,0.002,588085.4
1717859,IT,PL,VEGET,CHEM1,0.1,29404.262,3,3,29404.262,0.0,0.0,0.0,0.0,294042.62
1785630,IT,ZA,HEAVY,POULT,0.05,29402.39,4,4,29402.388,0.0,0.0,0.0,0.002,588047.8
1805259,IT,WF,CHEM1,AUXIL,0.06,29400.609,4,4,29400.606,0.0,0.0,0.0,0.003,490010.15
1767013,IT,RU,TRANS,OFFIC,0.18,29395.712,4,4,29395.71,0.0,0.0,0.0,0.002,163309.511111
1721142,IT,PL,RAILW,RUBBE,0.2,29394.644,3,3,29394.644,0.0,0.0,0.0,0.0,146973.22
1780353,IT,TW,AIRTR,PFERT,0.03,29393.825,3,3,29393.825,0.0,0.0,0.0,0.0,979794.166667
1738949,IT,GB,FURNI,PLAS2,0.09,29393.823,4,4,29393.82,0.0,0.0,0.0,0.003,326598.033333
1655196,IT,CZ,BUSIN,RESEA,0.3,29392.469,4,4,29392.467,0.0,0.0,0.0,0.002,97974.896667
1685489,IT,HU,PAPER,MEATA,0.11,29392.153,4,4,29392.15,0.0,0.0,0.0,0.003,267201.390909
1807125,IT,WF,AIRTR,BITUM,0.03,29391.708,3,3,29391.708,0.0,0.0,0.0,0.0,979723.6
1795152,IT,WL,RUBBE,TRANS,0.1,29391.057,4,4,29391.054,0.0,0.0,0.0,0.003,293910.57
1808688,IT,WF,INERT,INSUR,0.22,29390.729,4,4,29390.727,0.0,0.0,0.0,0.002,133594.222727
1675609,IT,FR,MOTO1,RETAI,0.16,29390.329,4,4,29390.327,0.0,0.0,0.0,0.002,183689.55625
1647727,IT,BE,INSUR,ELECT,0.61,29389.705,3,3,29389.705,0.0,0.0,0.0,0.0,48179.844262
1734472,IT,SK,SANDC,CEMEN,0.07,29389.687,4,4,29383.687,0.0,0.0,6.0,0.0,419852.671429
1682771,IT,HR,HEAVY,MEATA,0.05,29389.186,4,4,29389.184,0.0,0.0,0.0,0.002,587783.72
1728899,IT,SE,CHEM1,PAPER,0.06,29389.014,4,4,29389.011,0.0,0.0,0.0,0.003,489816.9
1812265,IT,WM,NONME,93197,0.06,29387.719,4,4,29387.716,0.0,0.0,0.0,0.003,489795.316667
1767501,IT,RU,SEACO,OFFIC,0.03,29387.148,3,3,29387.148,0.0,0.0,0.0,0.0,979571.6
1683780,IT,HR,MACHI,HEALT,0.16,29383.596,4,4,29383.594,0.0,0.0,0.0,0.002,183647.475
1785572,IT,ZA,GASDI,PIGS9,0.04,29383.205,4,4,29383.203,0.0,0.0,0.0,0.002,734580.125
1762264,IT,IN,AIRTR,BRICK,0.03,29383.057,3,3,29383.057,0.0,0.0,0.0,0.0,979435.233333
1651478,IT,CY,HEAVY,FISH5,0.05,29382.347,4,4,29382.345,0.0,0.0,0.0,0.002,587646.94
1683874,IT,HR,MOTO1,FOOD4,0.16,29382.175,4,4,29382.173,0.0,0.0,0.0,0.002,183638.59375
1799607,IT,WE,MOTOR,BKBPE,0.04,29379.541,4,4,29379.539,0.0,0.0,0.0,0.002,734488.525
1783437,IT,NO,INTER,OILHA,0.18,29378.286,4,4,29378.284,0.0,0.0,0.0,0.002,163212.7
1750056,IT,CN,BASIC,WEARI,0.03,29377.841,4,4,29377.839,0.0,0.0,0.0,0.002,979261.366667
1646297,IT,BE,COPP1,REALE,0.07,29376.423,4,4,29376.421,0.0,0.0,0.0,0.002,419663.185714
1748591,IT,CN,VEGE1,ELEC1,0.09,29375.874,4,4,29375.868,0.0,0.0,0.0,0.006,326398.6
1759079,IT,BR,SEACO,REALE,0.03,29372.044,3,3,29372.044,0.0,0.0,0.0,0.0,979068.133333
1726653,IT,RO,TRANS,VEGET,0.18,29371.399,4,4,29371.397,0.0,0.0,0.0,0.002,163174.438889
1745144,IT,US,RECRE,HEALT,0.37,29370.461,4,4,29370.459,0.0,0.0,0.0,0.002,79379.624324
1751519,IT,CN,SUPPO,MOTO1,0.21,29370.262,3,3,29370.262,0.0,0.0,0.0,0.0,139858.390476
1796005,IT,WL,MOTO1,WHOLE,0.16,29367.575,4,4,29367.573,0.0,0.0,0.0,0.002,183547.34375
1739525,IT,GB,LANDT,FOODW,0.19,29367.333,3,3,29367.333,0.0,0.0,0.0,0.0,154564.910526
1733193,IT,SI,MACHI,SUGA1,0.16,29366.692,4,4,29366.69,0.0,0.0,0.0,0.002,183541.825
1752460,IT,CA,DAIRY,MEDIC,0.12,29366.184,4,4,29366.182,0.0,0.0,0.0,0.002,244718.2
1812647,IT,WM,COPP1,WOODW,0.07,29366.184,4,4,29366.182,0.0,0.0,0.0,0.002,419516.914286
1811233,IT,WM,LUBRI,MOTOR,0.04,29365.734,3,3,29365.734,0.0,0.0,0.0,0.0,734143.35
1772865,IT,CH,BASIC,ALUM1,0.03,29364.715,4,4,29364.713,0.0,0.0,0.0,0.002,978823.833333
1727038,IT,RO,RAILW,GASDI,0.2,29362.272,3,3,29362.272,0.0,0.0,0.0,0.0,146811.36
1647782,IT,BE,AUXIL,FOOD5,0.54,29359.974,3,3,29359.974,0.0,0.0,0.0,0.0,54370.322222
1808159,IT,WF,OILHA,PRECI,0.17,29359.884,4,4,29359.882,0.0,0.0,0.0,0.002,172705.2
1766745,IT,RU,MACHI,STONE,0.16,29359.879,4,4,29359.877,0.0,0.0,0.0,0.002,183499.24375
1766039,IT,RU,CHEM1,RAILW,0.06,29359.799,4,4,29359.796,0.0,0.0,0.0,0.003,489329.983333
1687596,IT,HU,LANDT,93197,0.19,29359.398,3,3,29359.398,0.0,0.0,0.0,0.0,154523.147368
1767259,IT,RU,HOTEL,MOTOR,0.21,29359.186,4,4,29359.184,0.0,0.0,0.0,0.002,139805.647619
1709898,IT,LT,CEMEN,WHOLE,0.05,29353.781,3,3,29353.781,0.0,0.0,0.0,0.0,587075.62
1772291,IT,CH,BITU1,CONST,0.05,29351.635,4,4,29351.633,0.0,0.0,0.0,0.002,587032.7
1794616,IT,WL,HEAVY,COMPU,0.05,29351.255,4,4,29351.253,0.0,0.0,0.0,0.002,587025.1
1717010,IT,NL,LANDT,REFI1,0.19,29351.159,3,3,29351.159,0.0,0.0,0.0,0.0,154479.784211
1690344,IT,IE,FOOD3,WOODW,0.08,29349.154,3,3,29349.154,0.0,0.0,0.0,0.0,366864.425
1665313,IT,ES,BEVER,93197,0.12,29348.18,4,4,29348.178,0.0,0.0,0.0,0.002,244568.166667
1755294,IT,KR,PAPER,DISTR,0.11,29346.378,4,4,29346.375,0.0,0.0,0.0,0.003,266785.254545
1782569,IT,NO,TRANS,FABRI,0.18,29345.751,4,4,29345.749,0.0,0.0,0.0,0.002,163031.95
1768608,IT,AU,BEVER,RESEA,0.12,29341.085,4,4,29341.083,0.0,0.0,0.0,0.002,244509.041667
1645338,IT,BE,GASDI,SALEM,0.04,29339.94,4,4,29339.938,0.0,0.0,0.0,0.002,733498.5
1677023,IT,FR,SUPPO,CHEMI,0.21,29338.597,3,3,29338.597,0.0,0.0,0.0,0.0,139707.604762
1755431,IT,KR,HEAVY,ELEC6,0.05,29330.845,4,4,29330.843,0.0,0.0,0.0,0.002,586616.9
1647608,IT,BE,POSTT,CONST,0.48,29330.547,4,4,29330.545,0.0,0.0,0.0,0.002,61105.30625
1807979,IT,WF,PLAS1,RAILW,0.11,29330.009,4,4,29330.007,0.0,0.0,0.0,0.002,266636.445455
1742577,IT,US,PREC1,HEALT,0.05,29329.804,3,3,29329.804,0.0,0.0,0.0,0.0,586596.08
1741439,IT,US,MOTOR,BITU1,0.04,29328.996,4,4,29328.994,0.0,0.0,0.0,0.002,733224.9
1740990,IT,US,BEVER,LANDT,0.12,29328.545,4,4,29328.543,0.0,0.0,0.0,0.002,244404.541667
1803220,IT,WF,CROPS,COMPU,0.23,29327.926,4,4,29327.924,0.0,0.0,0.0,0.002,127512.721739
1674071,IT,FR,GASDI,PAPE1,0.04,29326.991,4,4,29326.989,0.0,0.0,0.0,0.002,733174.775
1714420,IT,NL,VEGET,BUSIN,0.1,29325.47,3,3,29325.47,0.0,0.0,0.0,0.0,293254.7
1814435,IT,WM,RENTI,NATU1,0.18,29324.782,4,4,29324.78,0.0,0.0,0.0,0.002,162915.455556
1653076,IT,CZ,CHEM1,PLANT,0.06,29323.671,4,4,29323.668,0.0,0.0,0.0,0.003,488727.85
1746180,IT,JP,PLAST,TRANS,0.06,29322.189,4,4,29322.186,0.0,0.0,0.0,0.003,488703.15
1667813,IT,ES,OFFIC,ELEC5,0.09,29319.209,4,4,29319.207,0.0,0.0,0.0,0.002,325768.988889
1679160,IT,GR,PAPER,RESEA,0.11,29318.832,4,4,29318.829,0.0,0.0,0.0,0.003,266534.836364
1800047,IT,WE,LIQUE,LEATH,0.05,29317.237,4,4,29317.235,0.0,0.0,0.0,0.002,586344.74
1811050,IT,WM,HEAVY,PRINT,0.05,29316.448,4,4,29316.446,0.0,0.0,0.0,0.002,586328.96
1648997,IT,BG,LEATH,PUBLI,0.21,29314.711,4,4,29314.706,0.0,0.0,0.0,0.005,139593.861905
1797231,IT,WL,FINAN,CONST,0.38,29313.507,3,3,29313.507,0.0,0.0,0.0,0.0,77140.807895
1686230,IT,HU,CERAM,CROPS,0.05,29313.358,4,4,29313.356,0.0,0.0,0.0,0.002,586267.16
1668178,IT,ES,SALEM,INSUR,0.24,29310.688,4,4,29310.686,0.0,0.0,0.0,0.002,122127.866667
1664223,IT,EE,BRICK,FOOD4,0.04,29307.643,4,4,29307.641,0.0,0.0,0.0,0.002,732691.075
1807163,IT,WF,AIRTR,CERAM,0.03,29307.084,3,3,29307.084,0.0,0.0,0.0,0.0,976902.8
1663781,IT,EE,BEVER,PLAST,0.12,29306.055,4,4,29306.053,0.0,0.0,0.0,0.002,244217.125
1687119,IT,HU,TRANS,CONST,0.17,29305.139,4,4,29305.137,0.0,0.0,0.0,0.002,172383.170588
1810053,IT,WM,TEXTI,CHARC,0.17,29305.088,4,4,29305.084,0.0,0.0,0.0,0.004,172382.870588
1720106,IT,PL,LEAD1,PLAST,0.05,29304.631,4,4,29304.629,0.0,0.0,0.0,0.002,586092.62
1651967,IT,CY,BUSIN,COMPU,0.3,29304.372,4,4,29304.37,0.0,0.0,0.0,0.002,97681.24
1809914,IT,WM,BEVER,RETAI,0.12,29303.188,4,4,29303.186,0.0,0.0,0.0,0.002,244193.233333
1747182,IT,JP,CONST,DISTR,0.16,29302.614,4,4,29302.612,0.0,0.0,0.0,0.002,183141.3375
1770427,IT,AU,SEACO,MOTOR,0.03,29301.965,3,3,29301.965,0.0,0.0,0.0,0.0,976732.166667
1789970,IT,WA,NONME,NATU1,0.06,29296.601,4,4,29296.598,0.0,0.0,0.0,0.003,488276.683333
1791552,IT,WA,RETA1,OFFIC,0.31,29296.489,4,4,29296.487,0.0,0.0,0.0,0.002,94504.803226
1813863,IT,WM,LANDT,PRINT,0.19,29296.449,3,3,29296.449,0.0,0.0,0.0,0.0,154191.836842
1711971,IT,LV,VEGET,MEAT1,0.1,29296.331,3,3,29296.331,0.0,0.0,0.0,0.0,292963.31
1729529,IT,SE,LEAD1,BUSIN,0.05,29295.435,4,4,29295.433,0.0,0.0,0.0,0.002,585908.7
1758566,IT,BR,OFFIC,FINAN,0.09,29294.822,4,4,29294.82,0.0,0.0,0.0,0.002,325498.022222
1729773,IT,SE,MACHI,ELEC5,0.16,29291.114,4,4,29291.112,0.0,0.0,0.0,0.002,183069.4625
1788843,IT,WA,GASDI,MEAT1,0.04,29290.784,4,4,29290.782,0.0,0.0,0.0,0.002,732269.6
1729252,IT,SE,CERAM,FOOD2,0.05,29290.598,4,4,29290.596,0.0,0.0,0.0,0.002,585811.96
1720502,IT,PL,MACHI,WOOD1,0.16,29290.459,4,4,29290.457,0.0,0.0,0.0,0.002,183065.36875
1811745,IT,WM,ADDIT,REFIN,0.07,29286.64,4,4,29286.638,0.0,0.0,0.0,0.002,418380.571429
1761882,IT,IN,TRANS,RAILW,0.17,29285.48,4,4,29285.478,0.0,0.0,0.0,0.002,172267.529412
1670687,IT,FI,WOODW,CHEM1,0.08,29282.99,4,4,29282.988,0.0,0.0,0.0,0.002,366037.375
1682295,IT,HR,LEATH,BUSIN,0.21,29281.743,4,4,29281.738,0.0,0.0,0.0,0.005,139436.871429
1761174,IT,IN,CHEM1,POSTT,0.06,29280.594,4,4,29280.591,0.0,0.0,0.0,0.003,488009.9
1643115,IT,AT,WHOLE,RESEA,0.25,29277.622,4,4,29277.62,0.0,0.0,0.0,0.002,117110.488
1797373,IT,WL,RENTI,CHARC,0.18,29277.027,4,4,29277.025,0.0,0.0,0.0,0.002,162650.15
1650760,IT,BG,HOTEL,PUBLI,0.21,29273.816,4,4,29273.814,0.0,0.0,0.0,0.002,139399.12381
1740308,IT,GB,PUBLI,RUBBE,0.48,29271.719,4,4,29271.717,0.0,0.0,0.0,0.002,60982.747917
1761201,IT,IN,ADDIT,CERAM,0.07,29269.285,4,4,29269.283,0.0,0.0,0.0,0.002,418132.642857
1640368,IT,AT,MEATP,FOOD5,0.12,29268.067,4,4,29268.064,0.0,0.0,0.0,0.003,243900.558333
1667567,IT,ES,FABRI,PAPE1,0.12,29267.173,4,4,29267.171,0.0,0.0,0.0,0.002,243893.108333
1669200,IT,ES,POSTT,COLLE,0.48,29266.226,4,4,29266.224,0.0,0.0,0.0,0.002,60971.304167
1745361,IT,JP,VEGE1,COPP1,0.09,29265.41,4,4,29265.404,0.0,0.0,0.0,0.006,325171.222222
1796598,IT,WL,HOTEL,LEATH,0.21,29265.302,4,4,29265.3,0.0,0.0,0.0,0.002,139358.580952
1779336,IT,TR,INSUR,MOTO1,0.6,29264.85,3,3,29264.85,0.0,0.0,0.0,0.0,48774.75
1774533,IT,CH,LANDT,93197,0.19,29264.316,3,3,29264.316,0.0,0.0,0.0,0.0,154022.715789
1779271,IT,TR,FINAN,MACHI,0.38,29262.529,3,3,29262.529,0.0,0.0,0.0,0.0,77006.655263
1640775,IT,AT,TEXTI,REALE,0.17,29261.885,4,4,29261.881,0.0,0.0,0.0,0.004,172128.735294
1786138,IT,ZA,BASIC,NONF1,0.03,29261.703,4,4,29261.701,0.0,0.0,0.0,0.002,975390.1
1795104,IT,WL,RUBBE,SUGA1,0.1,29261.6,4,4,29261.597,0.0,0.0,0.0,0.003,292616.0
1797526,IT,WL,BUSIN,MOTO1,0.3,29261.127,4,4,29261.125,0.0,0.0,0.0,0.002,97537.09
1805032,IT,WF,PLAST,COPP1,0.06,29260.484,4,4,29260.481,0.0,0.0,0.0,0.003,487674.733333
1742276,IT,US,BRICK,BASIC,0.04,29258.906,4,4,29258.904,0.0,0.0,0.0,0.002,731472.65
1720524,IT,PL,OFFIC,FOOD5,0.09,29258.905,4,4,29258.903,0.0,0.0,0.0,0.002,325098.944444
1647546,IT,BE,SUPPO,FINAN,0.21,29257.431,3,3,29257.431,0.0,0.0,0.0,0.0,139321.1
1715994,IT,NL,BRICK,ELECT,0.04,29251.08,4,4,29251.078,0.0,0.0,0.0,0.002,731277.0
1794663,IT,WL,NAPHT,COKEO,0.05,29250.648,4,4,29250.646,0.0,0.0,0.0,0.002,585012.96
1741306,IT,US,PAPER,MEDIC,0.11,29249.387,4,4,29249.384,0.0,0.0,0.0,0.003,265903.518182
1643621,IT,AT,AIRTR,COPP1,0.03,29248.348,3,3,29248.348,0.0,0.0,0.0,0.0,974944.933333
1679093,IT,GR,PAPER,MEATP,0.11,29246.65,4,4,29246.647,0.0,0.0,0.0,0.003,265878.636364
1642810,IT,AT,OFFIC,BASIC,0.09,29245.75,4,4,29245.748,0.0,0.0,0.0,0.002,324952.777778
1644633,IT,BE,FOOD5,RETA1,0.14,29245.683,4,4,29245.68,0.0,0.0,0.0,0.003,208897.735714
1676081,IT,FR,ELEC7,REALE,0.02,29244.096,3,3,29244.096,0.0,0.0,0.0,0.0,1462204.8
1777899,IT,TR,MACHI,NONFE,0.16,29243.763,4,4,29243.761,0.0,0.0,0.0,0.002,182773.51875
1747520,IT,JP,SEACO,93197,0.03,29243.388,3,3,29243.388,0.0,0.0,0.0,0.0,974779.6
1686997,IT,HU,MACHI,WASTE,0.16,29242.345,4,4,29242.343,0.0,0.0,0.0,0.002,182764.65625
1804665,IT,WF,LIQUE,PLANT,0.05,29241.327,4,4,29241.325,0.0,0.0,0.0,0.002,584826.54
1789368,IT,WA,CHEM1,NAPHT,0.06,29240.13,4,4,29240.127,0.0,0.0,0.0,0.003,487335.5
1772670,IT,CH,GLASS,FOODW,0.08,29239.047,4,4,29239.045,0.0,0.0,0.0,0.002,365488.0875
1804785,IT,WF,NAPHT,LUBRI,0.05,29238.546,4,4,29238.544,0.0,0.0,0.0,0.002,584770.92
1661928,IT,DK,PRINT,COMPU,0.28,29237.371,4,4,29237.369,0.0,0.0,0.0,0.002,104419.182143
1776507,IT,TR,MOTOR,COMPU,0.04,29237.107,4,4,29237.105,0.0,0.0,0.0,0.002,730927.675
1668678,IT,ES,LANDT,CROPS,0.19,29235.488,3,3,29235.488,0.0,0.0,0.0,0.0,153870.989474
1687147,IT,HU,FURNI,PAPER,0.09,29234.266,4,4,29234.263,0.0,0.0,0.0,0.003,324825.177778
1748279,IT,JP,MEMBE,CONST,0.34,29233.851,4,4,29233.849,0.0,0.0,0.0,0.002,85981.914706
1811750,IT,WM,ADDIT,WHITE,0.07,29232.815,4,4,29232.813,0.0,0.0,0.0,0.002,417611.642857
1724277,IT,PT,LANDT,CEMEN,0.19,29232.573,3,3,29232.573,0.0,0.0,0.0,0.0,153855.647368
1685830,IT,HU,CHEM1,ANIMA,0.06,29231.793,4,4,29231.79,0.0,0.0,0.0,0.003,487196.55
1789650,IT,WA,RUBBE,BIOGA,0.1,29230.903,4,4,29230.9,0.0,0.0,0.0,0.003,292309.03
1652249,IT,CZ,FOOD5,BRICK,0.14,29229.439,4,4,29229.436,0.0,0.0,0.0,0.003,208781.707143
1794112,IT,WL,PAPER,RADIO,0.11,29229.062,4,4,29229.059,0.0,0.0,0.0,0.003,265718.745455
1710448,IT,LT,LANDT,LIQUE,0.19,29228.943,3,3,29228.943,0.0,0.0,0.0,0.0,153836.542105
1687971,IT,HU,RENTI,NONME,0.17,29228.779,4,4,29228.777,0.0,0.0,0.0,0.002,171933.994118
1771530,IT,CH,TEXTI,MEATP,0.17,29221.594,4,4,29221.59,0.0,0.0,0.0,0.004,171891.729412
1793900,IT,WL,WEARI,CHEM1,0.22,29221.535,4,4,29221.529,0.0,0.0,0.0,0.006,132825.159091
1686772,IT,HU,FABRI,MEATA,0.12,29221.471,4,4,29221.469,0.0,0.0,0.0,0.002,243512.258333
1763868,IT,MX,NONME,MEDIC,0.06,29220.623,4,4,29220.62,0.0,0.0,0.0,0.003,487010.383333
1723169,IT,PT,RUBBE,PROCE,0.1,29218.074,4,4,29218.071,0.0,0.0,0.0,0.003,292180.74
1778415,IT,TR,WHOLE,MEATC,0.25,29216.944,4,4,29216.942,0.0,0.0,0.0,0.002,116867.776
1752673,IT,CA,WEARI,NONME,0.22,29215.192,4,4,29215.186,0.0,0.0,0.0,0.006,132796.327273
1728715,IT,SE,MOTOR,RAILW,0.04,29212.277,4,4,29212.275,0.0,0.0,0.0,0.002,730306.925
1647780,IT,BE,AUXIL,DAIRY,0.53,29211.553,3,3,29211.553,0.0,0.0,0.0,0.0,55116.137736
1661766,IT,DK,LEATH,CONST,0.21,29210.87,4,4,29210.865,0.0,0.0,0.0,0.005,139099.380952
1739738,IT,GB,SUPPO,HEALT,0.21,29208.765,3,3,29208.765,0.0,0.0,0.0,0.0,139089.357143
1713423,IT,MT,PLAST,PRINT,0.06,29208.403,4,4,29208.4,0.0,0.0,0.0,0.003,486806.716667
1716309,IT,NL,FABRI,PREC1,0.12,29207.744,4,4,29207.742,0.0,0.0,0.0,0.002,243397.866667
1673740,IT,FR,PAPER,RADIO,0.11,29206.748,4,4,29206.745,0.0,0.0,0.0,0.003,265515.890909
1745177,IT,JP,VEGET,PUBLI,0.1,29205.707,3,3,29205.707,0.0,0.0,0.0,0.0,292057.07
1684528,IT,HR,BUSIN,WEARI,0.3,29202.363,4,4,29202.361,0.0,0.0,0.0,0.002,97341.21
1778535,IT,TR,RETA1,CERAM,0.3,29201.768,4,4,29201.766,0.0,0.0,0.0,0.002,97339.226667
1721205,IT,PL,LANDT,COPPE,0.19,29201.247,3,3,29201.247,0.0,0.0,0.0,0.0,153690.773684
1726053,IT,RO,BIOGA,RECRE,0.06,29200.991,4,4,29200.988,0.0,0.0,0.0,0.003,486683.183333
1725694,IT,RO,PAPER,TRAN1,0.11,29198.405,4,4,29198.402,0.0,0.0,0.0,0.003,265440.045455
1663790,IT,EE,BEVER,FURNI,0.12,29198.32,4,4,29198.318,0.0,0.0,0.0,0.002,243319.333333
1661716,IT,DK,WEARI,HEALT,0.22,29197.818,4,4,29197.812,0.0,0.0,0.0,0.006,132717.354545
1749198,IT,CN,PULP5,DISTR,0.09,29197.636,4,4,29197.633,0.0,0.0,0.0,0.003,324418.177778
1744209,IT,US,POSTT,MOTOR,0.48,29197.367,4,4,29197.365,0.0,0.0,0.0,0.002,60827.847917
1792084,IT,WA,AIRTR,ELECT,0.03,29195.921,3,3,29195.921,0.0,0.0,0.0,0.0,973197.366667
1737907,IT,GB,CHEM1,MEAT4,0.06,29193.475,4,4,29193.472,0.0,0.0,0.0,0.003,486557.916667
1796076,IT,WL,TRANS,COKEO,0.17,29193.274,4,4,29193.272,0.0,0.0,0.0,0.002,171725.141176
1718653,IT,PL,WOODW,BITUM,0.08,29192.734,4,4,29192.732,0.0,0.0,0.0,0.002,364909.175
1647527,IT,BE,SUPPO,MEDIC,0.21,29192.66,3,3,29192.66,0.0,0.0,0.0,0.0,139012.666667
1738832,IT,GB,MOTO1,RETA1,0.16,29191.71,4,4,29191.708,0.0,0.0,0.0,0.002,182448.1875
1790273,IT,WA,ALUM1,PLANT,0.05,29191.316,4,4,29191.314,0.0,0.0,0.0,0.002,583826.32
1777076,IT,TR,CHEM1,DISTR,0.06,29191.03,4,4,29191.027,0.0,0.0,0.0,0.003,486517.166667
1735138,IT,SK,ADDIT,BUSIN,0.07,29189.91,4,4,29189.908,0.0,0.0,0.0,0.002,416998.714286
1742503,IT,US,BASIC,COLLE,0.03,29189.278,4,4,29189.276,0.0,0.0,0.0,0.002,972975.933333
1665903,IT,ES,COALT,WHITE,0.05,29188.362,4,4,29188.36,0.0,0.0,0.0,0.002,583767.24
1772192,IT,CH,GASDI,FURNI,0.04,29186.732,4,4,29186.73,0.0,0.0,0.0,0.002,729668.3
1683610,IT,HR,FABRI,FISHF,0.12,29184.955,4,4,29184.953,0.0,0.0,0.0,0.002,243207.958333
1777239,IT,TR,RUBBE,PREC1,0.1,29183.722,4,4,29183.719,0.0,0.0,0.0,0.003,291837.22
1749444,IT,CN,HEAVY,FOOD5,0.05,29183.04,4,4,29183.038,0.0,0.0,0.0,0.002,583660.8
1750940,IT,CN,CONST,SUPPO,0.16,29182.009,4,4,29182.007,0.0,0.0,0.0,0.002,182387.55625
1712649,IT,LV,TRANS,OFFIC,0.17,29181.38,4,4,29181.378,0.0,0.0,0.0,0.002,171655.176471
1781268,IT,NO,CHEMI,GLASS,0.07,29180.625,5,5,29179.622,0.0,0.0,1.0,0.003,416866.071429
1791163,IT,WA,FURNI,FORES,0.09,29179.072,4,4,29179.069,0.0,0.0,0.0,0.003,324211.911111
1796133,IT,WL,TRANS,AIRTR,0.17,29178.849,4,4,29178.847,0.0,0.0,0.0,0.002,171640.288235
1709349,IT,LT,DAIRY,RAILW,0.12,29178.693,4,4,29178.691,0.0,0.0,0.0,0.002,243155.775
1800406,IT,WE,CHEM1,EDUCA,0.06,29178.656,4,4,29178.653,0.0,0.0,0.0,0.003,486310.933333
1762031,IT,IN,WHOLE,HOTEL,0.25,29178.573,4,4,29178.571,0.0,0.0,0.0,0.002,116714.292
1678676,IT,GR,VEGE1,MEATA,0.09,29174.347,4,4,29174.341,0.0,0.0,0.0,0.006,324159.411111
1686549,IT,HU,ALUM1,NAPHT,0.05,29169.755,4,4,29169.753,0.0,0.0,0.0,0.002,583395.1
1776175,IT,TR,LEATH,RESEA,0.21,29168.7,4,4,29168.695,0.0,0.0,0.0,0.005,138898.571429
1782943,IT,NO,AIRTR,FABRI,0.03,29166.87,3,3,29166.87,0.0,0.0,0.0,0.0,972229.0
1670825,IT,FI,HEAVY,GASDI,0.05,29164.646,4,4,29164.644,0.0,0.0,0.0,0.002,583292.92
1643926,IT,AT,COMPU,DAIRY,0.33,29164.196,4,4,29164.194,0.0,0.0,0.0,0.002,88376.351515
1782452,IT,NO,MACHI,PREC1,0.16,29163.922,4,4,29163.92,0.0,0.0,0.0,0.002,182274.5125
1739188,IT,GB,RETA1,ALUM1,0.3,29161.828,4,4,29161.826,0.0,0.0,0.0,0.002,97206.093333
1728146,IT,SE,DAIRY,SUGA1,0.12,29156.358,4,4,29156.356,0.0,0.0,0.0,0.002,242969.65
1737047,IT,GB,SANDC,CERAM,0.07,29155.995,4,4,29149.995,0.0,0.0,6.0,0.0,416514.214286
1777902,IT,TR,MACHI,CHEMI,0.16,29155.412,4,4,29155.41,0.0,0.0,0.0,0.002,182221.325
1778677,IT,TR,HOTEL,AUXIL,0.21,29155.141,4,4,29155.139,0.0,0.0,0.0,0.002,138834.004762
1784313,IT,ID,CHEM1,COMPU,0.06,29152.785,4,4,29152.782,0.0,0.0,0.0,0.003,485879.75
1649526,IT,BG,RUBBE,KEROS,0.1,29151.324,4,4,29151.321,0.0,0.0,0.0,0.003,291513.24
1688220,IT,HU,RECRE,RECRE,0.37,29148.543,4,4,29148.541,0.0,0.0,0.0,0.002,78779.845946
1733292,IT,SI,OFFIC,PUBLI,0.09,29148.093,4,4,29148.091,0.0,0.0,0.0,0.002,323867.7
1765678,IT,RU,PAPER,CHEM1,0.11,29147.527,4,4,29147.524,0.0,0.0,0.0,0.003,264977.518182
1764008,IT,MX,ALUM1,WHOLE,0.05,29144.744,4,4,29144.742,0.0,0.0,0.0,0.002,582894.88
1806482,IT,WF,TRANS,FURNI,0.17,29143.81,4,4,29143.808,0.0,0.0,0.0,0.002,171434.176471
1812179,IT,WM,NONME,RAWMI,0.06,29143.612,4,4,29143.609,0.0,0.0,0.0,0.003,485726.866667
1805401,IT,WF,RUBBE,RAILW,0.1,29140.626,4,4,29140.623,0.0,0.0,0.0,0.003,291406.26
1646807,IT,BE,SALEM,WHOLE,0.24,29138.787,4,4,29138.785,0.0,0.0,0.0,0.002,121411.6125
1736416,IT,SK,LANDT,FOUND,0.19,29137.706,3,3,29137.706,0.0,0.0,0.0,0.0,153356.347368
1735388,IT,SK,BASIC,WHEAT,0.03,29136.571,4,4,29136.569,0.0,0.0,0.0,0.002,971219.033333
1782810,IT,NO,HOTEL,HOTEL,0.21,29134.611,4,4,29134.609,0.0,0.0,0.0,0.002,138736.242857
1742756,IT,US,FABRI,BIODI,0.12,29134.346,4,4,29134.344,0.0,0.0,0.0,0.002,242786.216667
1655901,IT,DE,DAIRY,BUSIN,0.12,29134.195,4,4,29134.193,0.0,0.0,0.0,0.002,242784.958333
1803089,IT,WF,CEREA,MEMBE,0.05,29133.875,4,4,29133.873,0.0,0.0,0.0,0.002,582677.5
1786650,IT,ZA,WHOLE,PLAST,0.25,29133.292,4,4,29133.29,0.0,0.0,0.0,0.002,116533.168
1709852,IT,LT,GLASS,MEAT1,0.08,29132.624,4,4,29132.622,0.0,0.0,0.0,0.002,364157.8
1755027,IT,KR,WEARI,CHEM1,0.22,29129.839,4,4,29129.833,0.0,0.0,0.0,0.006,132408.359091
1747162,IT,JP,CONST,LEAD1,0.16,29129.355,4,4,29129.353,0.0,0.0,0.0,0.002,182058.46875
1641109,IT,AT,PAPER,ELEC4,0.11,29129.084,4,4,29129.081,0.0,0.0,0.0,0.003,264809.854545
1723836,IT,PT,MOTO1,LANDT,0.16,29127.501,4,4,29127.499,0.0,0.0,0.0,0.002,182046.88125
1800379,IT,WE,CHEM1,MOTO1,0.06,29127.352,4,4,29127.349,0.0,0.0,0.0,0.003,485455.866667
1809817,IT,WM,FOOD5,ELEC6,0.14,29127.298,4,4,29127.295,0.0,0.0,0.0,0.003,208052.128571
1652787,IT,CZ,PAPER,MEMBE,0.11,29127.137,4,4,29127.134,0.0,0.0,0.0,0.003,264792.154545
1739243,IT,GB,RETA1,INERT,0.3,29126.781,4,4,29126.779,0.0,0.0,0.0,0.002,97089.27
1672736,IT,FR,CHEMI,OFFIC,0.07,29126.243,5,5,29125.24,0.0,0.0,1.0,0.003,416089.185714
1758105,IT,BR,GLASS,RETA1,0.08,29124.47,4,4,29124.468,0.0,0.0,0.0,0.002,364055.875
1656737,IT,DE,MOTOR,RENTI,0.04,29123.77,4,4,29123.768,0.0,0.0,0.0,0.002,728094.25
1778976,IT,TR,SEACO,WASTE,0.03,29123.135,3,3,29123.135,0.0,0.0,0.0,0.0,970771.166667
1743485,IT,US,WHOLE,AUXIL,0.25,29122.19,4,4,29122.188,0.0,0.0,0.0,0.002,116488.76
1646787,IT,BE,SALEM,FOOD5,0.24,29122.029,4,4,29122.027,0.0,0.0,0.0,0.002,121341.7875
1666013,IT,ES,MOTOR,PAPE1,0.04,29121.641,4,4,29121.639,0.0,0.0,0.0,0.002,728041.025
1807591,IT,WF,COMPU,REALE,0.33,29121.576,4,4,29121.574,0.0,0.0,0.0,0.002,88247.2
1786094,IT,ZA,NONME,FABRI,0.06,29121.571,4,4,29121.568,0.0,0.0,0.0,0.003,485359.516667
1640624,IT,AT,BEVER,BIOGA,0.12,29118.954,4,4,29118.952,0.0,0.0,0.0,0.002,242657.95
1668927,IT,ES,AIRTR,FISH5,0.03,29117.132,3,3,29117.132,0.0,0.0,0.0,0.0,970571.066667
1811566,IT,WM,PFERT,BUSIN,0.01,29117.101,4,4,29117.096,0.0,0.0,0.0,0.005,2911710.1
1732315,IT,SI,NAPHT,COPP1,0.05,29112.948,4,4,29112.946,0.0,0.0,0.0,0.002,582258.96
1745232,IT,JP,STONE,WHOLE,0.09,29112.258,4,4,29110.258,0.0,0.0,2.0,0.0,323469.533333
1793870,IT,WL,TEXTI,TRAN2,0.17,29112.193,4,4,29112.189,0.0,0.0,0.0,0.004,171248.194118
1662459,IT,DK,ALUM1,NONME,0.05,29112.041,4,4,29112.039,0.0,0.0,0.0,0.002,582240.82
1644339,IT,BE,SANDC,CHEM1,0.07,29111.856,4,4,29105.856,0.0,0.0,6.0,0.0,415883.657143
1741799,IT,US,PLAST,BIOGA,0.06,29111.182,4,4,29111.179,0.0,0.0,0.0,0.003,485186.366667
1742361,IT,US,NONME,HEAVY,0.06,29110.555,4,4,29110.552,0.0,0.0,0.0,0.003,485175.916667
1734548,IT,SK,FOOD5,RAWMI,0.14,29110.248,4,4,29110.245,0.0,0.0,0.0,0.003,207930.342857
1749443,IT,CN,HEAVY,CRUDE,0.05,29108.38,4,4,29108.378,0.0,0.0,0.0,0.002,582167.6
1675579,IT,FR,MOTO1,BIOGA,0.15,29108.143,4,4,29108.141,0.0,0.0,0.0,0.002,194054.286667
1733076,IT,SI,COPP1,FOOD3,0.07,29107.989,4,4,29107.987,0.0,0.0,0.0,0.002,415828.414286
1732275,IT,SI,LIQUE,REALE,0.05,29107.256,4,4,29107.254,0.0,0.0,0.0,0.002,582145.12
1689410,IT,IE,HOTEL,MEATC,0.21,29107.144,4,4,29107.142,0.0,0.0,0.0,0.002,138605.447619
1710186,IT,LT,MACHI,LANDT,0.16,29106.294,4,4,29106.292,0.0,0.0,0.0,0.002,181914.3375
1746372,IT,JP,RUBBE,PFERT,0.1,29105.788,4,4,29105.785,0.0,0.0,0.0,0.003,291057.88
1774484,IT,CH,LANDT,PREC1,0.19,29105.269,3,3,29105.269,0.0,0.0,0.0,0.0,153185.626316
1791363,IT,WA,SALEM,HOTEL,0.23,29103.328,4,4,29103.326,0.0,0.0,0.0,0.002,126536.208696
1750624,IT,CN,OFFIC,INSUR,0.09,29102.729,4,4,29102.727,0.0,0.0,0.0,0.002,323363.655556
1664947,IT,ES,STONE,BUSIN,0.09,29099.791,4,4,29097.791,0.0,0.0,2.0,0.0,323331.011111
1652505,IT,CZ,WEARI,ELEC1,0.22,29098.616,4,4,29098.61,0.0,0.0,0.0,0.006,132266.436364
1765618,IT,RU,WOODW,OFFIC,0.08,29096.244,4,4,29096.242,0.0,0.0,0.0,0.002,363703.05
1720328,IT,PL,FABRI,STEAM,0.12,29095.213,4,4,29095.211,0.0,0.0,0.0,0.002,242460.108333
1773176,IT,CH,FABRI,RAWMI,0.12,29091.992,4,4,29091.99,0.0,0.0,0.0,0.002,242433.266667
1715985,IT,NL,CERAM,PUBLI,0.05,29091.642,4,4,29091.64,0.0,0.0,0.0,0.002,581832.84
1688544,IT,IE,PAPER,AUXIL,0.11,29091.405,4,4,29091.402,0.0,0.0,0.0,0.003,264467.318182
1737410,IT,GB,TEXTI,REALE,0.17,29089.324,4,4,29089.32,0.0,0.0,0.0,0.004,171113.670588
1771017,IT,CH,MEATA,MEAT4,0.16,29088.712,4,4,29088.707,0.0,0.0,0.0,0.005,181804.45
1762899,IT,MX,STONE,BUSIN,0.09,29087.911,4,4,29085.911,0.0,0.0,2.0,0.0,323199.011111
1808139,IT,WF,WOOD1,HEALT,0.2,29087.047,4,4,29087.045,0.0,0.0,0.0,0.002,145435.235
1650849,IT,BG,LANDT,TRANS,0.19,29086.97,3,3,29086.97,0.0,0.0,0.0,0.0,153089.315789
1806600,IT,WF,CONST,93197,0.16,29085.904,4,4,29085.902,0.0,0.0,0.0,0.002,181786.9
1714730,IT,NL,DAIRY,BEVER,0.12,29085.715,4,4,29085.713,0.0,0.0,0.0,0.002,242380.958333
1677083,IT,FR,SUPPO,TRAN1,0.21,29085.284,3,3,29085.284,0.0,0.0,0.0,0.0,138501.352381
1779736,IT,TR,BUSIN,GASDI,0.3,29083.96,4,4,29083.958,0.0,0.0,0.0,0.002,96946.533333
1765909,IT,RU,PLAST,FOUND,0.06,29083.712,4,4,29083.709,0.0,0.0,0.0,0.003,484728.533333
1782068,IT,NO,GLASS,GASDI,0.08,29081.679,4,4,29081.677,0.0,0.0,0.0,0.002,363520.9875
1733480,IT,SI,RETAI,INSUR,0.23,29081.398,4,4,29081.396,0.0,0.0,0.0,0.002,126440.86087
1716552,IT,NL,TRANS,RAILW,0.17,29080.921,4,4,29080.919,0.0,0.0,0.0,0.002,171064.241176
1744010,IT,US,AIRTR,NONF1,0.03,29080.62,3,3,29080.62,0.0,0.0,0.0,0.0,969354.0
1680259,IT,GR,TRANS,MEMBE,0.17,29080.417,4,4,29080.415,0.0,0.0,0.0,0.002,171061.276471
1758360,IT,BR,FABRI,FORES,0.12,29080.077,4,4,29080.075,0.0,0.0,0.0,0.002,242333.975
1710296,IT,LT,TRANS,RAILW,0.17,29080.063,4,4,29080.061,0.0,0.0,0.0,0.002,171059.194118
1767119,IT,RU,FURNI,RENTI,0.09,29076.194,4,4,29076.192,0.0,0.0,0.0,0.002,323068.822222
1728095,IT,SE,VEGE1,RAWMI,0.09,29075.698,4,4,29075.692,0.0,0.0,0.0,0.006,323063.311111
1729362,IT,SE,BASIC,SANDC,0.03,29075.527,4,4,29075.525,0.0,0.0,0.0,0.002,969184.233333
1657763,IT,DE,NONME,FORES,0.06,29074.456,4,4,29074.453,0.0,0.0,0.0,0.003,484574.266667
1766408,IT,RU,BASIC,MEDIC,0.03,29073.363,4,4,29073.361,0.0,0.0,0.0,0.002,969112.1
1733183,IT,SI,MACHI,FORES,0.16,29073.293,4,4,29073.291,0.0,0.0,0.0,0.002,181708.08125
1640526,IT,AT,FOOD5,ANIMA,0.14,29072.646,4,4,29072.643,0.0,0.0,0.0,0.003,207661.757143
1667652,IT,ES,MACHI,PFERT,0.16,29072.448,4,4,29072.446,0.0,0.0,0.0,0.002,181702.8
1788894,IT,WA,GASDI,INSUR,0.04,29071.566,4,4,29071.564,0.0,0.0,0.0,0.002,726789.15
1649755,IT,BG,BASIC,NONF1,0.03,29069.085,4,4,29069.083,0.0,0.0,0.0,0.002,968969.5
1789579,IT,WA,BIODI,CONST,0.06,29069.078,4,4,29069.075,0.0,0.0,0.0,0.003,484484.633333
1654503,IT,CZ,HOTEL,GASDI,0.21,29068.868,4,4,29068.866,0.0,0.0,0.0,0.002,138423.180952
1795041,IT,WL,ADDIT,PLAST,0.07,29068.43,4,4,29068.428,0.0,0.0,0.0,0.002,415263.285714
1791458,IT,WA,WHOLE,FURNI,0.25,29068.345,4,4,29068.343,0.0,0.0,0.0,0.002,116273.38
1782148,IT,NO,NONME,PAPER,0.06,29068.205,4,4,29068.202,0.0,0.0,0.0,0.003,484470.083333
1741420,IT,US,MOTOR,BITUM,0.04,29066.374,4,4,29066.372,0.0,0.0,0.0,0.002,726659.35
1766043,IT,RU,CHEM1,AIRTR,0.06,29065.175,4,4,29065.172,0.0,0.0,0.0,0.003,484419.583333
1665824,IT,ES,PRINT,FISH5,0.28,29065.105,4,4,29065.103,0.0,0.0,0.0,0.002,103803.946429
1793642,IT,WL,DAIRY,SALEM,0.12,29064.807,4,4,29064.805,0.0,0.0,0.0,0.002,242206.725
1677147,IT,FR,POSTT,BEVER,0.48,29064.082,4,4,29064.08,0.0,0.0,0.0,0.002,60550.170833
1769578,IT,AU,COPP1,ELECT,0.07,29063.053,4,4,29063.051,0.0,0.0,0.0,0.002,415186.471429
1790278,IT,WA,ALUM1,ANIMA,0.05,29062.713,4,4,29062.711,0.0,0.0,0.0,0.002,581254.26
1766227,IT,RU,GLASS,DISTR,0.08,29062.221,4,4,29062.219,0.0,0.0,0.0,0.002,363277.7625
1782883,IT,NO,SEACO,LIQUE,0.03,29060.642,3,3,29060.642,0.0,0.0,0.0,0.0,968688.066667
1735865,IT,SK,OFFIC,FORES,0.09,29059.862,4,4,29059.86,0.0,0.0,0.0,0.002,322887.355556
1645380,IT,BE,HEAVY,GLASS,0.05,29059.736,4,4,29059.734,0.0,0.0,0.0,0.002,581194.72
1724838,IT,PT,BUSIN,STONE,0.3,29058.625,4,4,29058.623,0.0,0.0,0.0,0.002,96862.083333
1664484,IT,EE,MOTO1,BASIC,0.15,29057.379,4,4,29057.377,0.0,0.0,0.0,0.002,193715.86
1751889,IT,CN,COMPU,MOTOR,0.33,29056.341,4,4,29056.339,0.0,0.0,0.0,0.002,88049.518182
1654217,IT,CZ,MOTO1,FOOD4,0.15,29055.56,4,4,29055.558,0.0,0.0,0.0,0.002,193703.733333
1743910,IT,US,SEACO,RETAI,0.03,29055.253,3,3,29055.253,0.0,0.0,0.0,0.0,968508.433333
1746453,IT,JP,GLASS,ELECT,0.08,29055.046,4,4,29055.044,0.0,0.0,0.0,0.002,363188.075
1724146,IT,PT,RETA1,COLLE,0.3,29052.289,4,4,29052.287,0.0,0.0,0.0,0.002,96840.963333
1754017,IT,CA,SEACO,PRECI,0.03,29050.619,3,3,29050.619,0.0,0.0,0.0,0.0,968353.966667
1801068,IT,WE,COPP1,NFERT,0.07,29050.169,4,4,29050.167,0.0,0.0,0.0,0.002,415002.414286
1737716,IT,GB,KEROS,COMPU,0.04,29049.749,4,4,29049.747,0.0,0.0,0.0,0.002,726243.725
1752252,IT,CA,MEATA,COLLE,0.16,29048.094,4,4,29048.09,0.0,0.0,0.0,0.004,181550.5875
1742816,IT,US,FABRI,PLAS1,0.12,29047.105,4,4,29047.103,0.0,0.0,0.0,0.002,242059.208333
1651928,IT,CY,BUSIN,MEAT1,0.3,29046.736,4,4,29046.734,0.0,0.0,0.0,0.002,96822.453333
1649102,IT,BG,PAPER,NONME,0.11,29046.209,4,4,29046.206,0.0,0.0,0.0,0.003,264056.445455
1776822,IT,TR,NAPHT,LANDT,0.05,29044.762,4,4,29044.76,0.0,0.0,0.0,0.002,580895.24
1738574,IT,GB,FABRI,BRICK,0.12,29042.305,4,4,29042.303,0.0,0.0,0.0,0.002,242019.208333
1792756,IT,WA,BUSIN,MEDIC,0.3,29042.106,4,4,29042.104,0.0,0.0,0.0,0.002,96807.02
1781781,IT,NO,PRINT,POSTT,0.28,29040.013,4,4,29040.011,0.0,0.0,0.0,0.002,103714.332143
1656437,IT,DE,PULP5,CHEM1,0.09,29037.578,4,4,29037.575,0.0,0.0,0.0,0.003,322639.755556
1681094,IT,GR,SUPPO,OFFIC,0.21,29037.166,3,3,29037.166,0.0,0.0,0.0,0.0,138272.219048
1789823,IT,WA,CERAM,BEVER,0.05,29036.426,4,4,29036.424,0.0,0.0,0.0,0.002,580728.52
1671906,IT,FI,RAILW,COKEO,0.19,29033.842,3,3,29033.842,0.0,0.0,0.0,0.0,152809.694737
1642510,IT,AT,COPP1,SANDC,0.07,29033.585,4,4,29033.583,0.0,0.0,0.0,0.002,414765.5
1784438,IT,ID,BASIC,FOUND,0.03,29032.309,4,4,29032.307,0.0,0.0,0.0,0.002,967743.633333
1675603,IT,FR,MOTO1,DISTR,0.15,29031.796,4,4,29031.794,0.0,0.0,0.0,0.002,193545.306667
1683657,IT,HR,FABRI,SECO9,0.12,29031.791,4,4,29031.789,0.0,0.0,0.0,0.002,241931.591667
1728915,IT,SE,CHEM1,PREC1,0.06,29030.143,4,4,29030.14,0.0,0.0,0.0,0.003,483835.716667
1735295,IT,SK,GLASS,ELEC4,0.08,29028.734,4,4,29028.732,0.0,0.0,0.0,0.002,362859.175
1728075,IT,SE,MEAT4,VEGE1,0.16,29028.482,4,4,29028.48,0.0,0.0,0.0,0.002,181428.0125
1811956,IT,WM,GLASS,LEADZ,0.08,29027.479,4,4,29027.477,0.0,0.0,0.0,0.002,362843.4875
1810400,IT,WM,PULP5,MEATA,0.09,29027.247,4,4,29027.244,0.0,0.0,0.0,0.003,322524.966667
1758319,IT,BR,COPP1,RADIO,0.07,29027.147,4,4,29027.145,0.0,0.0,0.0,0.002,414673.528571
1722723,IT,PT,WOODW,FURNI,0.08,29026.583,4,4,29026.581,0.0,0.0,0.0,0.002,362832.2875
1735191,IT,SK,RUBBE,COPP1,0.1,29026.217,4,4,29026.214,0.0,0.0,0.0,0.003,290262.17
1672425,IT,FI,BUSIN,AUXIL,0.3,29025.271,4,4,29025.269,0.0,0.0,0.0,0.002,96750.903333
1657333,IT,DE,ADDIT,COMPU,0.07,29023.931,4,4,29023.929,0.0,0.0,0.0,0.002,414627.585714
1646481,IT,BE,MACHI,FOUND,0.16,29022.56,4,4,29022.558,0.0,0.0,0.0,0.002,181391.0
1644752,IT,BE,FISH5,MEATP,0.12,29022.004,4,4,29021.989,0.0,0.0,0.0,0.015,241850.033333
1806691,IT,WF,WHOLE,FOOD5,0.25,29021.998,4,4,29021.996,0.0,0.0,0.0,0.002,116087.992
1736439,IT,SK,LANDT,SALEM,0.19,29021.345,3,3,29021.345,0.0,0.0,0.0,0.0,152743.921053
1759132,IT,BR,AIRTR,ALUM1,0.03,29019.27,3,3,29019.27,0.0,0.0,0.0,0.0,967309.0
1788585,IT,WA,PAPER,HOTEL,0.11,29018.606,4,4,29018.603,0.0,0.0,0.0,0.003,263805.509091
1664392,IT,EE,MACHI,BEVER,0.16,29017.414,4,4,29017.412,0.0,0.0,0.0,0.002,181358.8375
1642461,IT,AT,ALUM1,HOTEL,0.05,29015.602,4,4,29015.6,0.0,0.0,0.0,0.002,580312.04
1782341,IT,NO,FABRI,MEAT1,0.12,29014.924,4,4,29014.922,0.0,0.0,0.0,0.002,241791.033333
1736520,IT,SK,AIRTR,AIRTR,0.03,29014.308,3,3,29014.308,0.0,0.0,0.0,0.0,967143.6
1686275,IT,HU,CERAM,RENTI,0.05,29014.061,4,4,29014.059,0.0,0.0,0.0,0.002,580281.22
1678805,IT,GR,FOOD5,MEMBE,0.14,29012.967,4,4,29012.964,0.0,0.0,0.0,0.003,207235.478571
1675570,IT,FR,MOTO1,GASDI,0.15,29012.683,4,4,29012.681,0.0,0.0,0.0,0.002,193417.886667
1765921,IT,RU,PLAST,DIST1,0.06,29010.937,4,4,29010.934,0.0,0.0,0.0,0.003,483515.616667
1731172,IT,SI,SANDC,WHOLE,0.07,29007.324,4,4,29001.324,0.0,0.0,6.0,0.0,414390.342857
1716057,IT,NL,BASIC,VEGET,0.03,29004.986,4,4,29004.984,0.0,0.0,0.0,0.002,966832.866667
1740709,IT,US,CHEMI,MACHI,0.07,29004.848,5,5,29003.845,0.0,0.0,1.0,0.003,414354.971429
1668906,IT,ES,SEACO,TRAN2,0.03,29003.563,3,3,29003.563,0.0,0.0,0.0,0.0,966785.433333
1776061,IT,TR,TEXTI,REALE,0.17,29002.923,4,4,29002.919,0.0,0.0,0.0,0.004,170605.429412
1791110,IT,WA,TRANS,ELEC4,0.17,29002.66,4,4,29002.658,0.0,0.0,0.0,0.002,170603.882353
1686502,IT,HU,PREC1,TRANS,0.05,29002.481,3,3,29002.481,0.0,0.0,0.0,0.0,580049.62
1737569,IT,GB,PAPER,WHEAT,0.11,29001.453,4,4,29001.45,0.0,0.0,0.0,0.003,263649.572727
1645947,IT,BE,CERAM,DIST1,0.05,29000.471,4,4,29000.469,0.0,0.0,0.0,0.002,580009.42
1742795,IT,US,FABRI,RAILW,0.12,28999.941,4,4,28999.939,0.0,0.0,0.0,0.002,241666.175
1641240,IT,AT,MOTOR,POULT,0.04,28998.649,4,4,28998.647,0.0,0.0,0.0,0.002,724966.225
1791386,IT,WA,RETAI,SANDC,0.23,28998.296,4,4,28998.294,0.0,0.0,0.0,0.002,126079.547826
1739076,IT,GB,RETAI,WASTE,0.23,28998.042,4,4,28998.04,0.0,0.0,0.0,0.002,126078.443478
1787899,IT,WA,BEVER,KEROS,0.12,28997.06,4,4,28997.058,0.0,0.0,0.0,0.002,241642.166667
1798574,IT,WE,CHEMI,COMPU,0.07,28996.588,5,5,28995.585,0.0,0.0,1.0,0.003,414236.971429
1655823,IT,DE,VEGE1,BIOGA,0.09,28996.147,4,4,28996.141,0.0,0.0,0.0,0.006,322179.411111
1755373,IT,KR,MOTOR,FURNI,0.04,28996.071,4,4,28996.069,0.0,0.0,0.0,0.002,724901.775
1803233,IT,WF,CATTL,LEADZ,0.06,28994.711,5,5,28993.709,0.0,1.0,0.0,0.002,483245.183333
1662038,IT,DK,CHEM1,OILSE,0.06,28993.01,4,4,28993.007,0.0,0.0,0.0,0.003,483216.833333
1656585,IT,DE,PRINT,NUCLE,0.28,28992.986,4,4,28992.984,0.0,0.0,0.0,0.002,103546.378571
1804427,IT,WF,KERO1,NONFE,0.04,28992.785,4,4,28992.783,0.0,0.0,0.0,0.002,724819.625
1803326,IT,WF,STONE,CONST,0.09,28990.581,4,4,28988.581,0.0,0.0,2.0,0.0,322117.566667
1813113,IT,WM,MOTO1,MEATC,0.15,28987.772,4,4,28987.77,0.0,0.0,0.0,0.002,193251.813333
1683539,IT,HR,ALUM1,COLLE,0.05,28986.281,4,4,28986.279,0.0,0.0,0.0,0.002,579725.62
1759915,IT,BR,PAPE1,PAPE4,0.2,28986.24,4,4,28986.238,0.0,0.0,0.0,0.002,144931.2
1795281,IT,WL,CERAM,BUSIN,0.05,28986.101,4,4,28986.099,0.0,0.0,0.0,0.002,579722.02
1784790,IT,ID,HOTEL,CHEM1,0.21,28984.32,4,4,28984.318,0.0,0.0,0.0,0.002,138020.571429
1688872,IT,IE,ALUM1,NATUR,0.05,28981.87,4,4,28981.868,0.0,0.0,0.0,0.002,579637.4
1648536,IT,BG,CRUDE,MEATP,0.06,28981.144,4,4,28981.142,0.0,0.0,0.0,0.002,483019.066667
1762152,IT,IN,LANDT,COPP1,0.19,28981.027,3,3,28981.027,0.0,0.0,0.0,0.0,152531.721053
1776763,IT,TR,LIQUE,RETA1,0.05,28979.582,4,4,28979.58,0.0,0.0,0.0,0.002,579591.64
1645563,IT,BE,CHEM1,MEATA,0.06,28978.438,4,4,28978.435,0.0,0.0,0.0,0.003,482973.966667
1772182,IT,CH,GASDI,PRINT,0.04,28976.434,4,4,28976.432,0.0,0.0,0.0,0.002,724410.85
1750562,IT,CN,OFFIC,FORES,0.09,28976.303,4,4,28976.301,0.0,0.0,0.0,0.002,321958.922222
1746530,IT,JP,NONME,BRICK,0.06,28976.264,4,4,28976.261,0.0,0.0,0.0,0.003,482937.733333
1739793,IT,GB,POSTT,CONST,0.48,28976.138,4,4,28976.136,0.0,0.0,0.0,0.002,60366.954167
1652868,IT,CZ,COALT,LEATH,0.05,28967.149,4,4,28967.147,0.0,0.0,0.0,0.002,579342.98
1752509,IT,CA,FOOD5,LEATH,0.14,28965.889,4,4,28965.886,0.0,0.0,0.0,0.003,206899.207143
1786815,IT,ZA,HOTEL,DISTR,0.21,28965.318,4,4,28965.316,0.0,0.0,0.0,0.002,137930.085714
1738803,IT,GB,MOTO1,BEVER,0.15,28964.17,4,4,28964.168,0.0,0.0,0.0,0.002,193094.466667
1751315,IT,CN,LANDT,BEVER,0.19,28964.048,3,3,28964.048,0.0,0.0,0.0,0.0,152442.357895
1664238,IT,EE,NONME,OFFIC,0.06,28963.525,4,4,28963.522,0.0,0.0,0.0,0.003,482725.416667
1642768,IT,AT,MACHI,STEAM,0.16,28962.511,4,4,28962.509,0.0,0.0,0.0,0.002,181015.69375
1673421,IT,FR,WEARI,CHEM1,0.22,28961.739,4,4,28961.733,0.0,0.0,0.0,0.006,131644.268182
1784380,IT,ID,GLASS,FOOD5,0.08,28958.514,4,4,28958.512,0.0,0.0,0.0,0.002,361981.425
1770436,IT,AU,SEACO,MOTO1,0.03,28958.454,3,3,28958.454,0.0,0.0,0.0,0.0,965281.8
1727447,IT,RO,AUXIL,VEGET,0.53,28957.683,3,3,28957.683,0.0,0.0,0.0,0.0,54637.137736
1657977,IT,DE,BASIC,EDUCA,0.03,28956.669,4,4,28956.667,0.0,0.0,0.0,0.002,965222.3
1804266,IT,WF,MOTOR,ALUMI,0.04,28956.523,4,4,28956.521,0.0,0.0,0.0,0.002,723913.075
1769357,IT,AU,GLASS,BUSIN,0.08,28951.317,4,4,28951.315,0.0,0.0,0.0,0.002,361891.4625
1757017,IT,KR,BUSIN,WEARI,0.3,28951.285,4,4,28951.283,0.0,0.0,0.0,0.002,96504.283333
1686752,IT,HU,COPP1,FOOD4,0.07,28948.353,3,3,28948.353,0.0,0.0,0.0,0.0,413547.9
1654763,IT,CZ,AIRTR,REALE,0.03,28948.264,3,3,28948.264,0.0,0.0,0.0,0.0,964942.133333
1656801,IT,DE,GASDI,HEAVY,0.04,28947.448,4,4,28947.446,0.0,0.0,0.0,0.002,723686.2
1777427,IT,TR,NONME,CHEM1,0.06,28947.093,4,4,28947.09,0.0,0.0,0.0,0.003,482451.55
1780813,IT,TW,COMPU,GASDI,0.33,28944.621,4,4,28944.619,0.0,0.0,0.0,0.002,87710.972727
1721173,IT,PL,RAILW,BUSIN,0.19,28942.033,3,3,28942.033,0.0,0.0,0.0,0.0,152326.489474
1792121,IT,WA,AIRTR,FOOD4,0.03,28941.828,3,3,28941.828,0.0,0.0,0.0,0.0,964727.6
1715605,IT,NL,LIQUE,BLAST,0.05,28941.741,4,4,28941.739,0.0,0.0,0.0,0.002,578834.82
1795305,IT,WL,NONME,POULT,0.06,28941.382,4,4,28941.379,0.0,0.0,0.0,0.003,482356.366667
1762257,IT,IN,AIRTR,PLAST,0.03,28941.345,3,3,28941.345,0.0,0.0,0.0,0.0,964711.5
1660683,IT,DE,RENTI,RAWMI,0.17,28940.829,4,4,28940.827,0.0,0.0,0.0,0.002,170240.170588
1687888,IT,HU,REALE,BASIC,1.22,28939.752,4,4,28939.75,0.0,0.0,0.0,0.002,23721.108197
1646658,IT,BE,FURNI,PAPER,0.09,28934.148,4,4,28934.146,0.0,0.0,0.0,0.002,321490.533333
1655402,IT,DE,CROPS,HEALT,0.23,28933.305,4,4,28933.303,0.0,0.0,0.0,0.002,125796.978261
1670527,IT,FI,BEVER,MEMBE,0.12,28933.287,4,4,28933.285,0.0,0.0,0.0,0.002,241110.725
1779204,IT,TR,POSTT,DISTR,0.48,28933.015,4,4,28933.013,0.0,0.0,0.0,0.002,60277.114583
1802271,IT,WE,LANDT,CEMEN,0.19,28932.905,3,3,28932.905,0.0,0.0,0.0,0.0,152278.447368
1766891,IT,RU,OFFIC,MEDIC,0.09,28931.515,4,4,28931.513,0.0,0.0,0.0,0.002,321461.277778
1790399,IT,WA,LEAD1,LIQUE,0.05,28931.483,4,4,28931.481,0.0,0.0,0.0,0.002,578629.66
1655739,IT,DE,MEATC,RETA1,0.1,28931.229,4,4,28931.227,0.0,0.0,0.0,0.002,289312.29
1664214,IT,EE,CERAM,SUPPO,0.05,28931.052,4,4,28931.05,0.0,0.0,0.0,0.002,578621.04
1775141,IT,CH,COMPU,REALE,0.33,28929.975,4,4,28929.973,0.0,0.0,0.0,0.002,87666.590909
1716071,IT,NL,BASIC,COKEO,0.03,28926.411,4,4,28926.409,0.0,0.0,0.0,0.002,964213.7
1789015,IT,WA,NAPHT,VEGE1,0.05,28926.047,4,4,28926.045,0.0,0.0,0.0,0.002,578520.94
1756502,IT,KR,WHOLE,PADDY,0.25,28924.673,4,4,28924.671,0.0,0.0,0.0,0.002,115698.692
1668835,IT,ES,TRAN2,MOTO1,0.04,28924.224,3,3,28924.224,0.0,0.0,0.0,0.0,723105.6
1678921,IT,GR,TEXTI,BASIC,0.17,28923.386,4,4,28923.382,0.0,0.0,0.0,0.004,170137.564706
1788630,IT,WA,PRINT,PFERT,0.28,28922.604,4,4,28922.602,0.0,0.0,0.0,0.002,103295.014286
1645750,IT,BE,RUBBE,PFERT,0.1,28922.371,4,4,28922.368,0.0,0.0,0.0,0.003,289223.71
1665046,IT,ES,MEATC,HEALT,0.1,28921.032,4,4,28921.03,0.0,0.0,0.0,0.002,289210.32
1651837,IT,CY,HOTEL,RECRE,0.21,28920.782,4,4,28920.78,0.0,0.0,0.0,0.002,137718.009524
1757402,IT,BR,WOODW,PULP5,0.08,28919.304,4,4,28919.302,0.0,0.0,0.0,0.002,361491.3
1644981,IT,BE,WOODW,STEAM,0.08,28918.957,4,4,28918.955,0.0,0.0,0.0,0.002,361486.9625
1778221,IT,TR,FURNI,CONST,0.09,28917.988,4,4,28917.986,0.0,0.0,0.0,0.002,321310.977778
1804019,IT,WF,WOODW,LEADZ,0.08,28916.436,4,4,28916.434,0.0,0.0,0.0,0.002,361455.45
1727688,IT,RO,RENTI,MEMBE,0.17,28914.767,4,4,28914.765,0.0,0.0,0.0,0.002,170086.864706
1667298,IT,ES,ALUM1,ELECT,0.05,28914.588,4,4,28914.586,0.0,0.0,0.0,0.002,578291.76
1718199,IT,PL,DAIRY,RENTI,0.12,28914.436,4,4,28914.434,0.0,0.0,0.0,0.002,240953.633333
1712827,IT,LV,POSTT,POSTT,0.48,28913.847,4,4,28913.845,0.0,0.0,0.0,0.002,60237.18125
1751118,IT,CN,RETA1,MOTO1,0.3,28913.61,4,4,28913.608,0.0,0.0,0.0,0.002,96378.7
1650795,IT,BG,LANDT,OILSE,0.19,28911.82,3,3,28911.82,0.0,0.0,0.0,0.0,152167.473684
1733897,IT,SI,SEACO,BUSIN,0.03,28911.759,3,3,28911.759,0.0,0.0,0.0,0.0,963725.3
1652961,IT,CZ,HEAVY,BUSIN,0.05,28908.779,4,4,28908.777,0.0,0.0,0.0,0.002,578175.58
1811885,IT,WM,RUBBE,RUBBE,0.1,28908.647,4,4,28908.644,0.0,0.0,0.0,0.003,289086.47
1795822,IT,WL,MACHI,DIST1,0.16,28907.389,4,4,28907.387,0.0,0.0,0.0,0.002,180671.18125
1725316,IT,RO,BEVER,SUPPO,0.12,28907.245,4,4,28907.243,0.0,0.0,0.0,0.002,240893.708333
1800385,IT,WE,CHEM1,DISTR,0.06,28905.508,4,4,28905.505,0.0,0.0,0.0,0.003,481758.466667
1657643,IT,DE,CERAM,BIODI,0.05,28905.412,4,4,28905.41,0.0,0.0,0.0,0.002,578108.24
1763622,IT,MX,ADDIT,COLLE,0.07,28902.462,4,4,28902.46,0.0,0.0,0.0,0.002,412892.314286
1640744,IT,AT,TEXTI,ALUM1,0.17,28901.956,4,4,28901.952,0.0,0.0,0.0,0.004,170011.505882
1679213,IT,GR,MOTOR,CHEM1,0.04,28897.779,4,4,28897.777,0.0,0.0,0.0,0.002,722444.475
1758081,IT,BR,GLASS,TEXTI,0.08,28897.777,4,4,28897.775,0.0,0.0,0.0,0.002,361222.2125
1811237,IT,WM,LUBRI,LIQUE,0.04,28897.352,3,3,28897.352,0.0,0.0,0.0,0.0,722433.8
1685492,IT,HU,PAPER,FORES,0.11,28893.593,4,4,28893.59,0.0,0.0,0.0,0.003,262669.027273
1808631,IT,WF,PLAS2,BUSIN,0.24,28893.312,4,4,28893.31,0.0,0.0,0.0,0.002,120388.8
1754816,IT,KR,FOOD5,CONST,0.14,28892.648,4,4,28892.645,0.0,0.0,0.0,0.003,206376.057143
1673216,IT,FR,BEVER,93197,0.12,28890.787,4,4,28890.785,0.0,0.0,0.0,0.002,240756.558333
1643022,IT,AT,CONST,ELEC4,0.16,28890.472,4,4,28890.47,0.0,0.0,0.0,0.002,180565.45
1782414,IT,NO,FABRI,MEMBE,0.12,28890.391,4,4,28890.389,0.0,0.0,0.0,0.002,240753.258333
1779572,IT,TR,COMPU,NONF1,0.33,28888.234,4,4,28888.232,0.0,0.0,0.0,0.002,87540.10303
1641706,IT,AT,PLAST,PREC1,0.06,28887.344,4,4,28887.341,0.0,0.0,0.0,0.003,481455.733333
1734686,IT,SK,LEATH,MEAT1,0.21,28885.823,4,4,28885.818,0.0,0.0,0.0,0.005,137551.538095
1749089,IT,CN,WOODW,BEVER,0.08,28885.669,4,4,28885.667,0.0,0.0,0.0,0.002,361070.8625
1644239,IT,BE,OILSE,HEALT,0.02,28885.155,3,3,28885.155,0.0,0.0,0.0,0.0,1444257.75
1800403,IT,WE,CHEM1,RESEA,0.06,28884.115,4,4,28884.112,0.0,0.0,0.0,0.003,481401.916667
1733302,IT,SI,MOTO1,MACHI,0.15,28883.678,4,4,28883.676,0.0,0.0,0.0,0.002,192557.853333
1686693,IT,HU,COPP1,MOTOR,0.07,28882.386,3,3,28882.386,0.0,0.0,0.0,0.0,412605.514286
1682369,IT,HR,WOODW,RESEA,0.08,28879.591,4,4,28879.589,0.0,0.0,0.0,0.002,360994.8875
1728860,IT,SE,PLAST,HEALT,0.06,28878.175,4,4,28878.172,0.0,0.0,0.0,0.003,481302.916667
1796590,IT,WL,HOTEL,PROCE,0.21,28875.995,4,4,28875.993,0.0,0.0,0.0,0.002,137504.738095
1800760,IT,WE,NONME,WHOLE,0.06,28874.392,4,4,28874.389,0.0,0.0,0.0,0.003,481239.866667
1684112,IT,HR,HOTEL,93197,0.21,28873.142,4,4,28873.14,0.0,0.0,0.0,0.002,137491.152381
1713009,IT,MT,MEATC,MEATC,0.1,28871.89,4,4,28871.888,0.0,0.0,0.0,0.002,288718.9
1673153,IT,FR,BEVER,KEROS,0.12,28871.82,4,4,28871.818,0.0,0.0,0.0,0.002,240598.5
1640160,IT,AT,VEGET,MEAT4,0.1,28871.054,3,3,28871.054,0.0,0.0,0.0,0.0,288710.54
1792086,IT,WA,AIRTR,MEDIC,0.03,28870.447,3,3,28870.447,0.0,0.0,0.0,0.0,962348.233333
1800463,IT,WE,RUBBE,FORES,0.1,28869.991,4,4,28869.988,0.0,0.0,0.0,0.003,288699.91
1809722,IT,WM,SUGA1,BEVER,0.07,28862.912,4,4,28862.907,0.0,0.0,0.0,0.005,412327.314286
1733073,IT,SI,COPP1,EDUCA,0.07,28862.458,3,3,28862.458,0.0,0.0,0.0,0.0,412320.828571
1782969,IT,NO,AIRTR,RECRE,0.03,28862.314,3,3,28862.314,0.0,0.0,0.0,0.0,962077.133333
1738165,IT,GB,GLASS,RAILW,0.08,28862.228,4,4,28862.226,0.0,0.0,0.0,0.002,360777.85
1685670,IT,HU,HEAVY,MOTOR,0.05,28862.078,4,4,28862.076,0.0,0.0,0.0,0.002,577241.56
1813497,IT,WM,SALEM,HEALT,0.23,28859.887,4,4,28859.885,0.0,0.0,0.0,0.002,125477.769565
1764610,IT,MX,WHOLE,EDUCA,0.25,28858.383,4,4,28858.381,0.0,0.0,0.0,0.002,115433.532
1661160,IT,DE,93197,RAWMI,0.19,28856.814,4,4,28856.811,0.0,0.0,0.0,0.003,151877.968421
1664035,IT,EE,PLAST,FABRI,0.06,28855.008,4,4,28855.005,0.0,0.0,0.0,0.003,480916.8
1643628,IT,AT,AIRTR,RADIO,0.03,28853.425,3,3,28853.425,0.0,0.0,0.0,0.0,961780.833333
1735377,IT,SK,NONME,MOTO1,0.06,28853.197,4,4,28853.194,0.0,0.0,0.0,0.003,480886.616667
1726446,IT,RO,FABRI,BIOGA,0.12,28852.721,4,4,28852.719,0.0,0.0,0.0,0.002,240439.341667
1649978,IT,BG,FABRI,COMPU,0.12,28852.656,4,4,28852.654,0.0,0.0,0.0,0.002,240438.8
1768070,IT,RU,BUSIN,MACHI,0.3,28850.971,4,4,28850.969,0.0,0.0,0.0,0.002,96169.903333
1643341,IT,AT,RAILW,COPP1,0.19,28850.744,3,3,28850.744,0.0,0.0,0.0,0.0,151846.021053
1745916,IT,JP,LEATH,WOOD1,0.21,28849.683,4,4,28849.678,0.0,0.0,0.0,0.005,137379.442857
1758668,IT,BR,FURNI,REALE,0.09,28849.507,4,4,28849.505,0.0,0.0,0.0,0.002,320550.077778
1793382,IT,WL,VEGET,BUSIN,0.1,28849.499,3,3,28849.499,0.0,0.0,0.0,0.0,288494.99
1758124,IT,BR,CERAM,WHOLE,0.04,28849.248,4,4,28849.246,0.0,0.0,0.0,0.002,721231.2
1649365,IT,BG,PLAST,RESEA,0.06,28849.153,4,4,28849.15,0.0,0.0,0.0,0.003,480819.216667
1799330,IT,WE,WOODW,PFERT,0.08,28848.35,4,4,28848.348,0.0,0.0,0.0,0.002,360604.375
1685748,IT,HU,PLAST,MEATP,0.06,28848.33,4,4,28848.327,0.0,0.0,0.0,0.003,480805.5
1712218,IT,LV,PAPER,PFERT,0.11,28848.092,4,4,28848.089,0.0,0.0,0.0,0.003,262255.381818
1782858,IT,NO,LANDT,PUBLI,0.19,28847.407,3,3,28847.407,0.0,0.0,0.0,0.0,151828.457895
1778906,IT,TR,SEACO,GASDI,0.03,28845.44,3,3,28845.44,0.0,0.0,0.0,0.0,961514.666667
1719897,IT,PL,PREC1,WEARI,0.05,28843.624,3,3,28843.624,0.0,0.0,0.0,0.0,576872.48
1666811,IT,ES,RUBBE,INTER,0.1,28843.56,4,4,28843.557,0.0,0.0,0.0,0.003,288435.6
1784037,IT,ID,TEXTI,MOTO1,0.17,28842.629,4,4,28842.625,0.0,0.0,0.0,0.004,169662.523529
1746848,IT,JP,MACHI,INSUR,0.16,28841.74,4,4,28841.738,0.0,0.0,0.0,0.002,180260.875
1661703,IT,DK,WEARI,WHOLE,0.22,28840.489,4,4,28840.484,0.0,0.0,0.0,0.005,131093.131818
1723323,IT,PT,NONME,DAIRY,0.06,28839.727,4,4,28839.724,0.0,0.0,0.0,0.003,480662.116667
1737391,IT,GB,TEXTI,GLASS,0.17,28838.876,4,4,28838.872,0.0,0.0,0.0,0.004,169640.447059
1750224,IT,CN,LEAD1,ELEC4,0.05,28837.336,4,4,28837.334,0.0,0.0,0.0,0.002,576746.72
1774566,IT,CH,SEACO,PULP5,0.03,28836.464,3,3,28836.464,0.0,0.0,0.0,0.0,961215.466667
1810810,IT,WM,KEROS,AVIAT,0.04,28835.999,4,4,28835.997,0.0,0.0,0.0,0.002,720899.975
1717139,IT,NL,SEACO,INERT,0.03,28835.891,3,3,28835.891,0.0,0.0,0.0,0.0,961196.366667
1778990,IT,TR,AIRTR,CRUDE,0.03,28834.526,3,3,28834.526,0.0,0.0,0.0,0.0,961150.866667
1808495,IT,WF,FOOD4,SEACO,0.21,28832.64,4,4,28832.638,0.0,0.0,0.0,0.002,137298.285714
1750696,IT,CN,MOTO1,ELEC4,0.15,28830.851,4,4,28830.849,0.0,0.0,0.0,0.002,192205.673333
1683466,IT,HR,PREC1,PFERT,0.05,28830.379,3,3,28830.379,0.0,0.0,0.0,0.0,576607.58
1804983,IT,WF,PLAST,COPPE,0.06,28830.295,4,4,28830.292,0.0,0.0,0.0,0.003,480504.916667
1651657,IT,CY,BASIC,HOTEL,0.03,28829.936,4,4,28829.934,0.0,0.0,0.0,0.002,960997.866667
1657692,IT,DE,CERAM,INTER,0.04,28828.43,4,4,28828.428,0.0,0.0,0.0,0.002,720710.75
1783409,IT,NO,INTER,BASIC,0.17,28827.935,4,4,28827.933,0.0,0.0,0.0,0.002,169576.088235
1792536,IT,WA,REALE,BUSIN,1.22,28827.496,4,4,28827.494,0.0,0.0,0.0,0.002,23629.095082
1780375,IT,TW,AIRTR,TRAN1,0.03,28827.422,3,3,28827.422,0.0,0.0,0.0,0.0,960914.066667
1657414,IT,DE,RUBBE,LIQUE,0.1,28827.058,4,4,28827.055,0.0,0.0,0.0,0.003,288270.58
1648959,IT,BG,WEARI,BUSIN,0.22,28826.454,4,4,28826.449,0.0,0.0,0.0,0.005,131029.336364
1668472,IT,ES,HOTEL,PADDY,0.21,28825.875,4,4,28825.873,0.0,0.0,0.0,0.002,137266.071429
1774384,IT,CH,HOTEL,PAPE1,0.21,28824.173,4,4,28824.171,0.0,0.0,0.0,0.002,137257.966667
1755127,IT,KR,LEATH,GLASS,0.21,28820.296,4,4,28820.291,0.0,0.0,0.0,0.005,137239.504762
1725904,IT,RO,BITU1,KEROS,0.05,28819.926,4,4,28819.924,0.0,0.0,0.0,0.002,576398.52
1684701,IT,HU,CEREA,BUSIN,0.05,28817.996,4,4,28817.994,0.0,0.0,0.0,0.002,576359.92
1759533,IT,BR,RENTI,RETA1,0.17,28816.955,4,4,28816.953,0.0,0.0,0.0,0.002,169511.5
1794166,IT,WL,PRINT,BEVER,0.28,28815.855,4,4,28815.853,0.0,0.0,0.0,0.002,102913.767857
1785366,IT,ZA,WOODW,RETA1,0.08,28815.477,4,4,28815.475,0.0,0.0,0.0,0.002,360193.4625
1804322,IT,WF,MOTOR,ELECT,0.04,28814.795,4,4,28814.793,0.0,0.0,0.0,0.002,720369.875
1668253,IT,ES,WHOLE,POULT,0.25,28813.42,4,4,28813.418,0.0,0.0,0.0,0.002,115253.68
1765956,IT,RU,CHEM1,BITUM,0.06,28813.294,4,4,28813.291,0.0,0.0,0.0,0.003,480221.566667
1645515,IT,BE,PLAST,NONME,0.06,28811.735,4,4,28811.732,0.0,0.0,0.0,0.003,480195.583333
1808720,IT,WF,TEXT2,WEARI,0.21,28810.84,4,4,28810.838,0.0,0.0,0.0,0.002,137194.47619
1806453,IT,WF,TRANS,PRINT,0.17,28809.729,4,4,28809.727,0.0,0.0,0.0,0.002,169468.994118
1664623,IT,EE,LANDT,FOOD5,0.19,28807.73,3,3,28807.73,0.0,0.0,0.0,0.0,151619.631579
1644409,IT,BE,MEAT1,FOOD5,0.13,28807.558,4,4,28807.554,0.0,0.0,0.0,0.004,221596.6
1657815,IT,DE,NONME,ELEC1,0.06,28807.064,4,4,28807.061,0.0,0.0,0.0,0.003,480117.733333
1756057,IT,KR,FABRI,PRINT,0.12,28806.881,4,4,28806.879,0.0,0.0,0.0,0.002,240057.341667
1717988,IT,PL,SANDC,RETA1,0.07,28806.555,4,4,28800.555,0.0,0.0,6.0,0.0,411522.214286
1808431,IT,WF,FOOD4,NATU1,0.21,28805.01,4,4,28805.008,0.0,0.0,0.0,0.002,137166.714286
1688774,IT,IE,RUBBE,MOTO1,0.1,28804.557,4,4,28804.554,0.0,0.0,0.0,0.003,288045.57
1780084,IT,TW,WHOLE,HOTEL,0.25,28804.164,4,4,28804.162,0.0,0.0,0.0,0.002,115216.656
1810475,IT,WM,PULP5,PRIVA,0.09,28804.066,4,4,28804.063,0.0,0.0,0.0,0.003,320045.177778
1786811,IT,ZA,HOTEL,FURNI,0.21,28801.141,4,4,28801.139,0.0,0.0,0.0,0.002,137148.290476
1768477,IT,AU,PROCE,HEALT,0.19,28800.723,4,4,28800.721,0.0,0.0,0.0,0.002,151582.752632
1765573,IT,RU,LEATH,RAILW,0.21,28800.148,4,4,28800.143,0.0,0.0,0.0,0.005,137143.561905
1723045,IT,PT,CHEM1,CROPS,0.06,28799.564,4,4,28799.561,0.0,0.0,0.0,0.003,479992.733333
1746279,IT,JP,CHEM1,GASWO,0.06,28798.827,4,4,28798.824,0.0,0.0,0.0,0.003,479980.45
1731163,IT,SI,SANDC,CHEM1,0.07,28798.145,4,4,28792.145,0.0,0.0,6.0,0.0,411402.071429
1642145,IT,AT,CERAM,BASIC,0.04,28798.075,4,4,28798.073,0.0,0.0,0.0,0.002,719951.875
1712812,IT,LV,AIRTR,COMPU,0.03,28796.775,3,3,28796.775,0.0,0.0,0.0,0.0,959892.5
1794867,IT,WL,PFERT,NATU1,0.01,28796.308,4,4,28796.303,0.0,0.0,0.0,0.005,2879630.8
1737033,IT,GB,STONE,HOTEL,0.09,28795.425,4,4,28793.425,0.0,0.0,2.0,0.0,319949.166667
1660301,IT,DE,POSTT,EDUCA,0.47,28794.614,4,4,28794.612,0.0,0.0,0.0,0.002,61265.13617
1809681,IT,WM,PROCE,BEVER,0.19,28794.234,4,4,28794.232,0.0,0.0,0.0,0.002,151548.6
1736359,IT,SK,RAILW,BUSIN,0.19,28791.567,3,3,28791.567,0.0,0.0,0.0,0.0,151534.563158
1760193,IT,BR,PAPE4,NONME,0.19,28791.394,4,4,28791.392,0.0,0.0,0.0,0.002,151533.652632
1768077,IT,RU,BUSIN,FURNI,0.3,28791.252,4,4,28791.25,0.0,0.0,0.0,0.002,95970.84
1750548,IT,CN,MACHI,AUXIL,0.16,28790.622,4,4,28790.62,0.0,0.0,0.0,0.002,179941.3875
1681842,IT,HR,VEGE1,WEARI,0.09,28789.887,4,4,28789.881,0.0,0.0,0.0,0.006,319887.633333
1687643,IT,HU,AIRTR,PRINT,0.03,28787.921,3,3,28787.921,0.0,0.0,0.0,0.0,959597.366667
1745823,IT,JP,LEATH,FORES,0.21,28786.602,4,4,28786.597,0.0,0.0,0.0,0.005,137079.057143
1726582,IT,RO,OFFIC,PUBLI,0.09,28786.039,4,4,28786.037,0.0,0.0,0.0,0.002,319844.877778
1733702,IT,SI,RAILW,WHOLE,0.19,28784.925,3,3,28784.925,0.0,0.0,0.0,0.0,151499.605263
1800799,IT,WE,BASIC,DAIRY,0.03,28783.956,4,4,28783.954,0.0,0.0,0.0,0.002,959465.2
1757582,IT,BR,GASDI,FOOD5,0.04,28783.822,4,4,28783.82,0.0,0.0,0.0,0.002,719595.55
1747706,IT,JP,POSTT,HEALT,0.47,28783.718,4,4,28783.716,0.0,0.0,0.0,0.002,61241.953191
1665929,IT,ES,MOTOR,POULT,0.04,28783.258,4,4,28783.256,0.0,0.0,0.0,0.002,719581.45
1722547,IT,PT,BEVER,PAPER,0.12,28783.232,4,4,28783.23,0.0,0.0,0.0,0.002,239860.266667
1745718,IT,JP,WEARI,FISH5,0.22,28780.15,4,4,28780.145,0.0,0.0,0.0,0.005,130818.863636
1653349,IT,CZ,GLASS,ELECT,0.08,28780.009,4,4,28780.007,0.0,0.0,0.0,0.002,359750.1125
1767507,IT,RU,SEACO,FURNI,0.03,28778.708,3,3,28778.708,0.0,0.0,0.0,0.0,959290.266667
1687453,IT,HU,RAILW,FABRI,0.19,28777.291,3,3,28777.291,0.0,0.0,0.0,0.0,151459.426316
1680789,IT,GR,HOTEL,COMPU,0.21,28776.936,4,4,28776.934,0.0,0.0,0.0,0.002,137033.028571
1688781,IT,IE,RUBBE,LANDT,0.1,28776.57,4,4,28776.567,0.0,0.0,0.0,0.003,287765.7
1670167,IT,ES,MEMBE,WHOLE,0.34,28772.732,4,4,28772.73,0.0,0.0,0.0,0.002,84625.682353
1676640,IT,FR,HOTEL,TEXT1,0.21,28772.238,4,4,28772.236,0.0,0.0,0.0,0.002,137010.657143
1682639,IT,HR,KEROS,MEDIC,0.04,28772.023,4,4,28772.021,0.0,0.0,0.0,0.002,719300.575
1773872,IT,CH,ELEC7,CHEM1,0.02,28771.569,3,3,28771.569,0.0,0.0,0.0,0.0,1438578.45
1651786,IT,CY,MOTO1,COPP1,0.15,28771.277,4,4,28771.275,0.0,0.0,0.0,0.002,191808.513333
1645484,IT,BE,NONSP,BUSIN,0.04,28769.54,4,4,28769.538,0.0,0.0,0.0,0.002,719238.5
1724841,IT,PT,BUSIN,MEATP,0.3,28769.299,4,4,28769.297,0.0,0.0,0.0,0.002,95897.663333
1667231,IT,ES,PREC1,TRANS,0.05,28766.533,3,3,28766.533,0.0,0.0,0.0,0.0,575330.66
1712789,IT,LV,SEACO,WOODW,0.03,28765.328,3,3,28765.328,0.0,0.0,0.0,0.0,958844.266667
1737056,IT,GB,SANDC,MACHI,0.07,28762.556,4,4,28756.556,0.0,0.0,6.0,0.0,410893.657143
1723197,IT,PT,RUBBE,FOUND,0.1,28760.359,4,4,28760.356,0.0,0.0,0.0,0.003,287603.59
1790514,IT,WA,COPP1,RETA1,0.07,28758.286,3,3,28758.286,0.0,0.0,0.0,0.0,410832.657143
1717880,IT,PL,VEGET,RESEA,0.1,28757.238,3,3,28757.238,0.0,0.0,0.0,0.0,287572.38
1684913,IT,HU,CHEMI,FOOD5,0.07,28756.197,5,5,28755.194,0.0,0.0,1.0,0.003,410802.814286
1713449,IT,MT,CHEM1,FISH5,0.06,28753.921,4,4,28753.918,0.0,0.0,0.0,0.003,479232.016667
1714538,IT,NL,CRUDE,BASIC,0.06,28752.284,4,4,28752.282,0.0,0.0,0.0,0.002,479204.733333
1679793,IT,GR,PREC1,WHOLE,0.05,28751.891,3,3,28751.891,0.0,0.0,0.0,0.0,575037.82
1652157,IT,CZ,VEGE1,MEATA,0.09,28751.698,4,4,28751.692,0.0,0.0,0.0,0.006,319463.311111
1795972,IT,WL,MOTO1,CERAM,0.15,28750.323,4,4,28750.321,0.0,0.0,0.0,0.002,191668.82
1710144,IT,LT,MACHI,PULP5,0.16,28748.25,4,4,28748.248,0.0,0.0,0.0,0.002,179676.5625
1759063,IT,BR,SEACO,FABRI,0.03,28748.04,3,3,28748.04,0.0,0.0,0.0,0.0,958268.0
1781102,IT,TW,PUBLI,HOTEL,0.47,28746.293,4,4,28746.291,0.0,0.0,0.0,0.002,61162.325532
1654551,IT,CZ,HOTEL,POSTT,0.21,28745.119,4,4,28745.117,0.0,0.0,0.0,0.002,136881.519048
1785210,IT,ZA,BEVER,COLLE,0.12,28744.815,4,4,28744.813,0.0,0.0,0.0,0.002,239540.125
1659977,IT,DE,SEACO,ALUM1,0.03,28744.756,3,3,28744.756,0.0,0.0,0.0,0.0,958158.533333
1777648,IT,TR,LEAD1,CRUDE,0.05,28744.72,4,4,28744.718,0.0,0.0,0.0,0.002,574894.4
1709291,IT,LT,WHEAT,INERT,0.02,28743.37,3,3,28743.37,0.0,0.0,0.0,0.0,1437168.5
1771604,IT,CH,TEXTI,FOODW,0.17,28743.159,4,4,28743.155,0.0,0.0,0.0,0.004,169077.405882
1803388,IT,WF,CHEMI,TRAN1,0.07,28743.003,5,5,28742.0,0.0,0.0,1.0,0.003,410614.328571
1718505,IT,PL,TEXTI,SALEM,0.17,28742.228,4,4,28742.224,0.0,0.0,0.0,0.004,169071.929412
1748920,IT,CN,WEARI,RADIO,0.22,28740.416,4,4,28740.411,0.0,0.0,0.0,0.005,130638.254545
1723303,IT,PT,CERAM,REALE,0.04,28739.765,4,4,28739.763,0.0,0.0,0.0,0.002,718494.125
1776326,IT,TR,PAPER,ELEC1,0.11,28738.437,4,4,28738.434,0.0,0.0,0.0,0.003,261258.518182
1812090,IT,WM,CERAM,RAILW,0.04,28738.344,4,4,28738.342,0.0,0.0,0.0,0.002,718458.6
1658248,IT,DE,COPP1,FOOD5,0.07,28736.726,3,3,28736.726,0.0,0.0,0.0,0.0,410524.657143
1801798,IT,WE,ELEC4,HEALT,0.46,28736.028,4,4,28736.026,0.0,0.0,0.0,0.002,62469.626087
1769342,IT,AU,GLASS,MOTO1,0.08,28735.652,4,4,28735.65,0.0,0.0,0.0,0.002,359195.65
1758998,IT,BR,LANDT,BASIC,0.19,28733.44,3,3,28733.44,0.0,0.0,0.0,0.0,151228.631579
1747324,IT,JP,WHOLE,RECRE,0.25,28733.423,4,4,28733.421,0.0,0.0,0.0,0.002,114933.692
1813243,IT,WM,TRANS,WOODW,0.17,28732.588,4,4,28732.586,0.0,0.0,0.0,0.002,169015.223529
1675038,IT,FR,ALUM1,SUGA1,0.05,28730.881,4,4,28730.879,0.0,0.0,0.0,0.002,574617.62
1737337,IT,GB,BEVER,OFFIC,0.12,28730.733,4,4,28730.731,0.0,0.0,0.0,0.002,239422.775
1656006,IT,DE,FOOD5,DISTR,0.14,28729.686,4,4,28729.683,0.0,0.0,0.0,0.003,205212.042857
1660122,IT,DE,AIRTR,FOODW,0.03,28727.961,3,3,28727.961,0.0,0.0,0.0,0.0,957598.7
1800055,IT,WE,LIQUE,CHEM1,0.05,28727.388,4,4,28727.386,0.0,0.0,0.0,0.002,574547.76
1757153,IT,BR,STONE,RECRE,0.09,28726.118,4,4,28724.118,0.0,0.0,2.0,0.0,319179.088889
1653071,IT,CZ,PLAST,93197,0.06,28718.241,4,4,28718.238,0.0,0.0,0.0,0.003,478637.35
1663133,IT,DK,LANDT,PIGS9,0.19,28717.582,3,3,28717.582,0.0,0.0,0.0,0.0,151145.168421
1770993,IT,CH,VEGET,93197,0.1,28716.248,3,3,28716.248,0.0,0.0,0.0,0.0,287162.48
1647025,IT,BE,RETA1,WHOLE,0.3,28715.968,4,4,28715.966,0.0,0.0,0.0,0.002,95719.893333
1644223,IT,BE,OILSE,SUGA1,0.02,28715.77,3,3,28715.77,0.0,0.0,0.0,0.0,1435788.5
1671195,IT,FI,NONME,PLAST,0.06,28715.609,4,4,28715.606,0.0,0.0,0.0,0.003,478593.483333
1745528,IT,JP,FOOD5,93197,0.14,28713.834,4,4,28713.831,0.0,0.0,0.0,0.003,205098.814286
1776752,IT,TR,LIQUE,ELEC4,0.05,28711.328,4,4,28711.326,0.0,0.0,0.0,0.002,574226.56
1760619,IT,IN,PULP5,BITUM,0.09,28711.097,4,4,28711.094,0.0,0.0,0.0,0.003,319012.188889
1663851,IT,EE,TEXTI,WHOLE,0.17,28711.038,4,4,28711.034,0.0,0.0,0.0,0.004,168888.458824
1755017,IT,KR,WEARI,MOTOR,0.22,28710.625,4,4,28710.62,0.0,0.0,0.0,0.005,130502.840909
1755360,IT,KR,PRINT,RESEA,0.28,28709.257,4,4,28709.255,0.0,0.0,0.0,0.002,102533.060714
1674576,IT,FR,RUBBE,ELEC5,0.1,28705.303,4,4,28705.3,0.0,0.0,0.0,0.003,287053.03
1782520,IT,NO,OFFIC,TRANS,0.09,28700.126,4,4,28700.124,0.0,0.0,0.0,0.002,318890.288889
1643360,IT,AT,RAILW,HOTEL,0.19,28698.092,3,3,28698.092,0.0,0.0,0.0,0.0,151042.589474
1764436,IT,MX,FURNI,PLAST,0.09,28697.423,4,4,28697.421,0.0,0.0,0.0,0.002,318860.255556
1782301,IT,NO,COPP1,FURNI,0.07,28695.048,3,3,28695.048,0.0,0.0,0.0,0.0,409929.257143
1674579,IT,FR,RUBBE,ELE12,0.1,28693.036,4,4,28693.033,0.0,0.0,0.0,0.003,286930.36
1769604,IT,AU,FABRI,COKIN,0.12,28692.682,4,4,28692.68,0.0,0.0,0.0,0.002,239105.683333
1723732,IT,PT,MACHI,SUPPO,0.16,28692.081,4,4,28692.079,0.0,0.0,0.0,0.002,179325.50625
1779109,IT,TR,SUPPO,RETAI,0.21,28690.058,3,3,28690.058,0.0,0.0,0.0,0.0,136619.32381
1804104,IT,WF,PAPER,NONFE,0.11,28689.788,4,4,28689.785,0.0,0.0,0.0,0.003,260816.254545
1727226,IT,RO,SUPPO,PRINT,0.21,28689.35,3,3,28689.35,0.0,0.0,0.0,0.0,136615.952381
1812239,IT,WM,NONME,SALEM,0.06,28688.878,4,4,28688.875,0.0,0.0,0.0,0.003,478147.966667
1736561,IT,SK,SUPPO,BLAST,0.21,28687.899,3,3,28687.899,0.0,0.0,0.0,0.0,136609.042857
1754927,IT,KR,TEXTI,WOODW,0.17,28686.928,4,4,28686.924,0.0,0.0,0.0,0.004,168746.635294
1683045,IT,HR,CHEM1,HEALT,0.06,28686.675,4,4,28686.672,0.0,0.0,0.0,0.003,478111.25
1740696,IT,US,CHEMI,CHEMI,0.07,28686.436,5,5,28685.433,0.0,0.0,1.0,0.003,409806.228571
1746170,IT,JP,PLAST,ALUM1,0.06,28686.429,4,4,28686.426,0.0,0.0,0.0,0.003,478107.15
1674075,IT,FR,GASDI,OILHA,0.04,28685.339,4,4,28685.337,0.0,0.0,0.0,0.002,717133.475
1795563,IT,WL,COPP1,CHEM1,0.07,28684.766,3,3,28684.766,0.0,0.0,0.0,0.0,409782.371429
1687642,IT,HU,AIRTR,PAPER,0.03,28684.545,3,3,28684.545,0.0,0.0,0.0,0.0,956151.5
1728123,IT,SE,VEGE1,LANDT,0.09,28683.597,4,4,28683.591,0.0,0.0,0.0,0.006,318706.633333
1731876,IT,SI,PRINT,RETA1,0.28,28682.955,4,4,28682.953,0.0,0.0,0.0,0.002,102439.125
1802681,IT,WE,RENTI,INSUR,0.17,28682.68,4,4,28682.678,0.0,0.0,0.0,0.002,168721.647059
1715677,IT,NL,NONSP,NONSP,0.04,28682.15,4,4,28682.148,0.0,0.0,0.0,0.002,717053.75
1811251,IT,WM,BITU1,FORES,0.05,28681.932,4,4,28681.93,0.0,0.0,0.0,0.002,573638.64
1777723,IT,TR,COPP1,RESEA,0.07,28681.653,3,3,28681.653,0.0,0.0,0.0,0.0,409737.9
1666391,IT,ES,NAPHT,RUBBE,0.05,28680.246,4,4,28680.244,0.0,0.0,0.0,0.002,573604.92
1802616,IT,WE,AUXIL,REALE,0.52,28679.236,3,3,28679.236,0.0,0.0,0.0,0.0,55152.376923
1680940,IT,GR,TRAN2,MACHI,0.04,28675.15,3,3,28675.15,0.0,0.0,0.0,0.0,716878.75
1640809,IT,AT,WEARI,MACHI,0.22,28673.926,4,4,28673.921,0.0,0.0,0.0,0.005,130336.027273
1649428,IT,BG,CHEM1,BASIC,0.06,28673.421,4,4,28673.418,0.0,0.0,0.0,0.003,477890.35
1716854,IT,NL,HOTEL,BIODI,0.21,28672.763,4,4,28672.761,0.0,0.0,0.0,0.002,136536.966667
1745292,IT,JP,MEAT4,WEARI,0.16,28672.108,4,4,28672.106,0.0,0.0,0.0,0.002,179200.675
1751740,IT,CN,INSUR,FINAN,0.59,28670.683,3,3,28670.683,0.0,0.0,0.0,0.0,48594.377966
1799934,IT,WE,HEAVY,PEAT2,0.05,28667.124,4,4,28667.122,0.0,0.0,0.0,0.002,573342.48
1811665,IT,WM,CHEM1,BLAST,0.06,28666.94,4,4,28666.937,0.0,0.0,0.0,0.003,477782.333333
1779884,IT,TR,PUBLI,BUSIN,0.47,28666.661,4,4,28666.659,0.0,0.0,0.0,0.002,60992.895745
1640313,IT,AT,SANDC,93197,0.07,28664.014,4,4,28658.014,0.0,0.0,6.0,0.0,409485.914286
1657754,IT,DE,NONME,OILSE,0.06,28662.192,4,4,28662.189,0.0,0.0,0.0,0.003,477703.2
1805512,IT,WF,CERAM,LEAD1,0.04,28661.323,4,4,28661.321,0.0,0.0,0.0,0.002,716533.075
1751927,IT,CN,COMPU,ELEC3,0.33,28660.933,4,4,28660.931,0.0,0.0,0.0,0.002,86851.312121
1649432,IT,BG,CHEM1,FOUND,0.06,28660.743,4,4,28660.74,0.0,0.0,0.0,0.003,477679.05
1732471,IT,SI,CHEM1,ELEC4,0.06,28660.662,4,4,28660.659,0.0,0.0,0.0,0.003,477677.7
1754932,IT,KR,TEXTI,KEROS,0.17,28656.733,4,4,28656.729,0.0,0.0,0.0,0.004,168569.017647
1661878,IT,DK,PAPER,RENTI,0.11,28655.198,4,4,28655.195,0.0,0.0,0.0,0.003,260501.8
1783034,IT,NO,INSUR,NATUR,0.59,28652.777,3,3,28652.777,0.0,0.0,0.0,0.0,48564.028814
1754036,IT,CA,SEACO,MACHI,0.03,28651.566,3,3,28651.566,0.0,0.0,0.0,0.0,955052.2
1674463,IT,FR,BIODI,BEVER,0.06,28650.408,4,4,28650.405,0.0,0.0,0.0,0.003,477506.8
1670723,IT,FI,PAPER,PFERT,0.11,28647.788,4,4,28647.785,0.0,0.0,0.0,0.003,260434.436364
1736511,IT,SK,AIRTR,OFFIC,0.03,28647.622,3,3,28647.622,0.0,0.0,0.0,0.0,954920.733333
1663156,IT,DK,LANDT,PAPER,0.18,28645.792,3,3,28645.792,0.0,0.0,0.0,0.0,159143.288889
1750039,IT,CN,NONME,COLLE,0.06,28645.678,4,4,28645.675,0.0,0.0,0.0,0.003,477427.966667
1784247,IT,ID,CHEM1,MEATP,0.06,28641.792,4,4,28641.789,0.0,0.0,0.0,0.003,477363.2
1721337,IT,PL,TRAN2,PLAST,0.04,28639.847,3,3,28639.847,0.0,0.0,0.0,0.0,715996.175
1673407,IT,FR,WEARI,PAPER,0.22,28638.03,4,4,28638.025,0.0,0.0,0.0,0.005,130172.863636
1784418,IT,ID,NONME,NONME,0.06,28636.096,4,4,28636.093,0.0,0.0,0.0,0.003,477268.266667
1682013,IT,HR,BEVER,PRINT,0.12,28634.277,4,4,28634.275,0.0,0.0,0.0,0.002,238618.975
1715978,IT,NL,CERAM,LANDT,0.04,28634.02,4,4,28634.018,0.0,0.0,0.0,0.002,715850.5
1761319,IT,IN,GLASS,BEVER,0.08,28633.997,4,4,28633.995,0.0,0.0,0.0,0.002,357924.9625
1686565,IT,HU,ALUM1,COPP1,0.05,28632.419,4,4,28632.417,0.0,0.0,0.0,0.002,572648.38
1689114,IT,IE,SALEM,SANDC,0.23,28632.405,4,4,28632.403,0.0,0.0,0.0,0.002,124488.717391
1681427,IT,GR,RENTI,CONST,0.17,28631.646,4,4,28631.644,0.0,0.0,0.0,0.002,168421.447059
1670202,IT,ES,RECRE,MOTO1,0.36,28628.323,4,4,28628.321,0.0,0.0,0.0,0.002,79523.119444
1656527,IT,DE,PAPER,ELEC7,0.11,28627.706,4,4,28627.703,0.0,0.0,0.0,0.003,260251.872727
1804496,IT,WF,GASDI,CHEM1,0.04,28627.296,4,4,28627.294,0.0,0.0,0.0,0.002,715682.4
1652925,IT,CZ,GASDI,WHOLE,0.04,28625.305,4,4,28625.303,0.0,0.0,0.0,0.002,715632.625
1646713,IT,BE,FURNI,INTER,0.09,28625.066,4,4,28625.064,0.0,0.0,0.0,0.002,318056.288889
1649502,IT,BG,RUBBE,COPPE,0.09,28623.86,4,4,28623.857,0.0,0.0,0.0,0.003,318042.888889
1739335,IT,GB,RAILW,CRUDE,0.19,28622.566,3,3,28622.566,0.0,0.0,0.0,0.0,150645.084211
1772637,IT,CH,GLASS,ELECT,0.08,28619.048,4,4,28619.046,0.0,0.0,0.0,0.002,357738.1
1735649,IT,SK,FABRI,WHEAT,0.12,28618.935,4,4,28618.933,0.0,0.0,0.0,0.002,238491.125
1641704,IT,AT,PLAST,NONME,0.06,28618.418,4,4,28618.415,0.0,0.0,0.0,0.003,476973.633333
1690528,IT,IE,WOOD2,FORES,0.16,28616.759,4,4,28616.757,0.0,0.0,0.0,0.002,178854.74375
1777404,IT,TR,CERAM,MEMBE,0.04,28615.299,4,4,28615.297,0.0,0.0,0.0,0.002,715382.475
1781853,IT,NO,PLAST,RENTI,0.06,28613.877,4,4,28613.874,0.0,0.0,0.0,0.003,476897.95
1779290,IT,TR,FINAN,EDUCA,0.37,28612.733,3,3,28612.733,0.0,0.0,0.0,0.0,77331.710811
1726082,IT,RO,RUBBE,KEROS,0.09,28612.437,4,4,28612.434,0.0,0.0,0.0,0.003,317915.966667
1738428,IT,GB,ALUM1,LEAD1,0.05,28611.534,4,4,28611.532,0.0,0.0,0.0,0.002,572230.68
1785761,IT,ZA,PLAST,LEAD1,0.06,28611.383,4,4,28611.38,0.0,0.0,0.0,0.003,476856.383333
1655189,IT,CZ,BUSIN,POSTT,0.29,28610.818,4,4,28610.816,0.0,0.0,0.0,0.002,98657.993103
1656143,IT,DE,FISH5,RESEA,0.12,28609.04,4,4,28609.025,0.0,0.0,0.0,0.015,238408.666667
1783389,IT,NO,PLAS1,TEXT1,0.1,28608.886,4,4,28608.884,0.0,0.0,0.0,0.002,286088.86
1731230,IT,SI,MEATC,WHOLE,0.1,28608.42,4,4,28608.418,0.0,0.0,0.0,0.002,286084.2
1723452,IT,PT,PREC1,WASTE,0.05,28607.746,3,3,28607.746,0.0,0.0,0.0,0.0,572154.92
1808649,IT,WF,INERT,IRONO,0.21,28607.423,4,4,28607.421,0.0,0.0,0.0,0.002,136225.82381
1669984,IT,ES,EDUCA,HEALT,0.71,28606.911,4,4,28606.909,0.0,0.0,0.0,0.002,40291.423944
1794475,IT,WL,GASDI,CERAM,0.04,28605.078,4,4,28605.076,0.0,0.0,0.0,0.002,715126.95
1713619,IT,MT,PREC1,FISH5,0.05,28600.695,3,3,28600.695,0.0,0.0,0.0,0.0,572013.9
1774752,IT,CH,SUPPO,RENTI,0.21,28600.199,3,3,28600.199,0.0,0.0,0.0,0.0,136191.42381
1756387,IT,KR,FURNI,MEDIC,0.09,28599.13,4,4,28599.128,0.0,0.0,0.0,0.002,317768.111111
1738779,IT,GB,OFFIC,FURNI,0.09,28597.377,4,4,28597.375,0.0,0.0,0.0,0.002,317748.633333
1739805,IT,GB,POSTT,AUXIL,0.47,28597.339,4,4,28597.337,0.0,0.0,0.0,0.002,60845.402128
1796282,IT,WL,CONST,SALEM,0.16,28597.337,4,4,28597.335,0.0,0.0,0.0,0.002,178733.35625
1647625,IT,BE,POSTT,RENTI,0.47,28596.219,4,4,28596.217,0.0,0.0,0.0,0.002,60843.019149
1673692,IT,FR,PAPER,MEAT4,0.11,28595.837,4,4,28595.834,0.0,0.0,0.0,0.003,259962.154545
1749536,IT,CN,NUCLE,PLAST,0.06,28593.469,4,4,28593.467,0.0,0.0,0.0,0.002,476557.816667
1660897,IT,DE,BUSIN,CEREA,0.29,28591.326,4,4,28591.324,0.0,0.0,0.0,0.002,98590.77931
1775844,IT,TR,VEGE1,FISH5,0.09,28587.256,4,4,28587.25,0.0,0.0,0.0,0.006,317636.177778
1649007,IT,BG,WOODW,LEADZ,0.08,28586.782,4,4,28586.78,0.0,0.0,0.0,0.002,357334.775
1716030,IT,NL,NONME,GLASS,0.06,28586.541,4,4,28586.538,0.0,0.0,0.0,0.003,476442.35
1674365,IT,FR,CHEM1,PREC1,0.06,28584.257,4,4,28584.254,0.0,0.0,0.0,0.003,476404.283333
1750764,IT,CN,TRANS,RETA1,0.17,28583.276,4,4,28583.274,0.0,0.0,0.0,0.002,168136.917647
1794748,IT,WL,NONSP,BIODI,0.04,28582.466,4,4,28582.464,0.0,0.0,0.0,0.002,714561.65
1796533,IT,WL,RETA1,DISTR,0.3,28580.234,4,4,28580.232,0.0,0.0,0.0,0.002,95267.446667
1663867,IT,EE,TEXTI,RECRE,0.17,28580.122,4,4,28580.118,0.0,0.0,0.0,0.004,168118.364706
1723802,IT,PT,OFFIC,RENTI,0.09,28579.449,4,4,28579.447,0.0,0.0,0.0,0.002,317549.433333
1645420,IT,BE,LIQUE,NUCLE,0.05,28577.098,4,4,28577.096,0.0,0.0,0.0,0.002,571541.96
1802819,IT,WE,EDUCA,WEARI,0.71,28577.044,4,4,28577.042,0.0,0.0,0.0,0.002,40249.357746
1653764,IT,CZ,COPP1,TRAN1,0.07,28575.137,3,3,28575.137,0.0,0.0,0.0,0.0,408216.242857
1662196,IT,DK,RUBBE,MEMBE,0.09,28574.843,4,4,28574.84,0.0,0.0,0.0,0.003,317498.255556
1674095,IT,FR,HEAVY,MEATA,0.05,28574.559,4,4,28574.557,0.0,0.0,0.0,0.002,571491.18
1752762,IT,CA,WOODW,CHEM1,0.08,28573.516,4,4,28573.514,0.0,0.0,0.0,0.002,357168.95
1658864,IT,DE,TRANS,PLAST,0.17,28573.2,4,4,28573.198,0.0,0.0,0.0,0.002,168077.647059
1798244,IT,WE,VEGET,RAILW,0.1,28570.536,3,3,28570.536,0.0,0.0,0.0,0.0,285705.36
1738925,IT,GB,FURNI,SEACO,0.09,28569.886,4,4,28569.884,0.0,0.0,0.0,0.002,317443.177778
1738620,IT,GB,FABRI,SEWAG,0.12,28569.197,4,4,28569.195,0.0,0.0,0.0,0.002,238076.641667
1769388,IT,AU,CERAM,MEDIC,0.04,28568.368,4,4,28568.366,0.0,0.0,0.0,0.002,714209.2
1667645,IT,ES,MACHI,LUBRI,0.16,28565.997,4,4,28565.995,0.0,0.0,0.0,0.002,178537.48125
1682835,IT,HR,HEAVY,EDUCA,0.05,28565.074,4,4,28565.072,0.0,0.0,0.0,0.002,571301.48
1776848,IT,TR,BITU1,CHEM1,0.05,28565.073,4,4,28565.071,0.0,0.0,0.0,0.002,571301.46
1762315,IT,IN,AIRTR,FOOD3,0.03,28564.835,3,3,28564.835,0.0,0.0,0.0,0.0,952161.166667
1769330,IT,AU,GLASS,CHEM1,0.08,28564.527,4,4,28564.525,0.0,0.0,0.0,0.002,357056.5875
1667280,IT,ES,ALUM1,BIOGA,0.05,28563.84,4,4,28563.838,0.0,0.0,0.0,0.002,571276.8
1745831,IT,JP,LEATH,FOOD5,0.2,28561.898,4,4,28561.893,0.0,0.0,0.0,0.005,142809.49
1724215,IT,PT,HOTEL,PUBLI,0.21,28557.258,4,4,28557.256,0.0,0.0,0.0,0.002,135986.942857
1743871,IT,US,SEACO,AVIAT,0.03,28557.084,3,3,28557.084,0.0,0.0,0.0,0.0,951902.8
1649788,IT,BG,BASIC,COMPU,0.03,28556.699,4,4,28556.697,0.0,0.0,0.0,0.002,951889.966667
1678605,IT,GR,FISHF,COPP1,0.05,28556.085,3,3,28556.085,0.0,0.0,0.0,0.0,571121.7
1659136,IT,DE,ELEC8,TRAN1,0.38,28554.803,4,4,28554.801,0.0,0.0,0.0,0.002,75144.218421
1713367,IT,MT,GASDI,PUBLI,0.04,28554.219,4,4,28554.217,0.0,0.0,0.0,0.002,713855.475
1775873,IT,TR,DAIRY,BUSIN,0.12,28553.123,4,4,28553.121,0.0,0.0,0.0,0.002,237942.691667
1811939,IT,WM,RUBBE,FOOD3,0.09,28552.964,4,4,28552.961,0.0,0.0,0.0,0.003,317255.155556
1762074,IT,IN,RETA1,BASIC,0.3,28552.582,4,4,28552.58,0.0,0.0,0.0,0.002,95175.273333
1711439,IT,LU,RAILW,RETA1,0.19,28552.535,3,3,28552.535,0.0,0.0,0.0,0.0,150276.5
1723430,IT,PT,BASIC,RECRE,0.03,28551.4,4,4,28551.398,0.0,0.0,0.0,0.002,951713.333333
1750427,IT,CN,FABRI,93197,0.12,28550.125,4,4,28550.123,0.0,0.0,0.0,0.002,237917.708333
1810495,IT,WM,PAPER,MEATP,0.11,28545.018,4,4,28545.015,0.0,0.0,0.0,0.003,259500.163636
1777779,IT,TR,FABRI,STONE,0.12,28543.787,4,4,28543.785,0.0,0.0,0.0,0.002,237864.891667
1791017,IT,WA,MOTO1,RESEA,0.15,28542.094,4,4,28542.092,0.0,0.0,0.0,0.002,190280.626667
1757974,IT,BR,RUBBE,FORES,0.09,28541.272,4,4,28541.269,0.0,0.0,0.0,0.003,317125.244444
1649626,IT,BG,GLASS,FURNI,0.08,28538.103,4,4,28538.101,0.0,0.0,0.0,0.002,356726.2875
1794494,IT,WL,GASDI,WHOLE,0.04,28537.769,4,4,28537.767,0.0,0.0,0.0,0.002,713444.225
1728805,IT,SE,NAPHT,WHOLE,0.05,28537.32,4,4,28537.318,0.0,0.0,0.0,0.002,570746.4
1799601,IT,WE,MOTOR,FORES,0.04,28537.285,4,4,28537.283,0.0,0.0,0.0,0.002,713432.125
1807914,IT,WF,PLAS1,NATU1,0.1,28536.611,4,4,28536.609,0.0,0.0,0.0,0.002,285366.11
1685240,IT,HU,TEXTI,PULP5,0.17,28531.556,4,4,28531.552,0.0,0.0,0.0,0.004,167832.682353
1664279,IT,EE,BASIC,RESEA,0.03,28529.14,4,4,28529.138,0.0,0.0,0.0,0.002,950971.333333
1739013,IT,GB,SALEM,FINAN,0.23,28528.976,4,4,28528.974,0.0,0.0,0.0,0.002,124039.026087
1689287,IT,IE,WHOLE,RESEA,0.25,28528.561,4,4,28528.559,0.0,0.0,0.0,0.002,114114.244
1679777,IT,GR,PREC1,PLAST,0.05,28528.335,3,3,28528.335,0.0,0.0,0.0,0.0,570566.7
1762316,IT,IN,AIRTR,WASTE,0.03,28528.079,3,3,28528.079,0.0,0.0,0.0,0.0,950935.966667
1647260,IT,BE,LANDT,TRAN1,0.18,28526.155,3,3,28526.155,0.0,0.0,0.0,0.0,158478.638889
1749001,IT,CN,LEATH,KEROS,0.2,28524.518,4,4,28524.513,0.0,0.0,0.0,0.005,142622.59
1800271,IT,WE,PLAST,ELE11,0.06,28523.62,4,4,28523.617,0.0,0.0,0.0,0.003,475393.666667
1685737,IT,HU,PLAST,CEREA,0.06,28522.142,4,4,28522.139,0.0,0.0,0.0,0.003,475369.033333
1799051,IT,WE,TEXTI,TRANS,0.17,28521.777,4,4,28521.773,0.0,0.0,0.0,0.004,167775.158824
1795022,IT,WL,ADDIT,NATUR,0.07,28521.081,4,4,28521.079,0.0,0.0,0.0,0.002,407444.014286
1665644,IT,ES,WOODW,DIST1,0.08,28519.451,4,4,28519.449,0.0,0.0,0.0,0.002,356493.1375
1642293,IT,AT,BASIC,IRONO,0.03,28518.453,4,4,28518.451,0.0,0.0,0.0,0.002,950615.1
1757340,IT,BR,TEXTI,MOTO1,0.17,28518.144,4,4,28518.14,0.0,0.0,0.0,0.004,167753.788235
1726500,IT,RO,MACHI,WOODW,0.16,28517.583,4,4,28517.581,0.0,0.0,0.0,0.002,178234.89375
1713618,IT,MT,PREC1,VEGET,0.05,28515.741,3,3,28515.741,0.0,0.0,0.0,0.0,570314.82
1682558,IT,HR,MOTOR,SALEM,0.04,28513.347,4,4,28513.345,0.0,0.0,0.0,0.002,712833.675
1775927,IT,TR,FOOD5,WOODW,0.14,28512.488,4,4,28512.485,0.0,0.0,0.0,0.003,203660.628571
1682938,IT,HR,NONSP,ELEC4,0.04,28511.937,4,4,28511.935,0.0,0.0,0.0,0.002,712798.425
1794874,IT,WL,PFERT,BIODI,0.01,28511.528,4,4,28511.523,0.0,0.0,0.0,0.005,2851152.8
1805662,IT,WF,NONME,BUSIN,0.06,28509.65,4,4,28509.647,0.0,0.0,0.0,0.003,475160.833333
1789528,IT,WA,ADDIT,RETAI,0.07,28508.29,4,4,28508.288,0.0,0.0,0.0,0.002,407261.285714
1666609,IT,ES,CHEM1,ELEC7,0.06,28507.342,4,4,28507.339,0.0,0.0,0.0,0.003,475122.366667
1726024,IT,RO,CHEM1,INLAN,0.06,28506.401,4,4,28506.398,0.0,0.0,0.0,0.003,475106.683333
1744651,IT,US,COMPU,NATUR,0.33,28503.361,4,4,28503.359,0.0,0.0,0.0,0.002,86373.821212
1776231,IT,TR,WOODW,REALE,0.08,28503.253,4,4,28503.251,0.0,0.0,0.0,0.002,356290.6625
1769320,IT,AU,GLASS,CRUDE,0.08,28502.966,4,4,28502.964,0.0,0.0,0.0,0.002,356287.075
1749253,IT,CN,PAPER,ALUM1,0.11,28502.024,4,4,28502.021,0.0,0.0,0.0,0.003,259109.309091
1781776,IT,NO,PRINT,HOTEL,0.27,28501.07,4,4,28501.068,0.0,0.0,0.0,0.002,105559.518519
1659780,IT,DE,LANDT,MEAT4,0.18,28500.156,3,3,28500.156,0.0,0.0,0.0,0.0,158334.2
1683145,IT,HR,RUBBE,RECRE,0.09,28497.255,4,4,28497.252,0.0,0.0,0.0,0.003,316636.166667
1721085,IT,PL,HOTEL,AUXIL,0.21,28497.029,4,4,28497.027,0.0,0.0,0.0,0.002,135700.138095
1797280,IT,WL,INSUR,BIODI,0.59,28496.352,3,3,28496.352,0.0,0.0,0.0,0.0,48298.901695
1766746,IT,RU,MACHI,SANDC,0.16,28494.284,4,4,28494.282,0.0,0.0,0.0,0.002,178089.275
1735000,IT,SK,PLAST,WEARI,0.06,28493.423,4,4,28493.42,0.0,0.0,0.0,0.003,474890.383333
1666340,IT,ES,LIQUE,RETA1,0.05,28493.143,4,4,28493.141,0.0,0.0,0.0,0.002,569862.86
1717927,IT,PL,FISHF,RENTI,0.05,28492.606,3,3,28492.606,0.0,0.0,0.0,0.0,569852.12
1672796,IT,FR,MEATP,EDUCA,0.12,28491.114,4,4,28491.111,0.0,0.0,0.0,0.003,237425.95
1787253,IT,WA,VEGET,CERAM,0.1,28489.819,3,3,28489.819,0.0,0.0,0.0,0.0,284898.19
1669209,IT,ES,POSTT,TRAN2,0.47,28489.702,4,4,28489.7,0.0,0.0,0.0,0.002,60616.387234
1811350,IT,WM,BITU1,PRIVA,0.04,28487.382,4,4,28487.38,0.0,0.0,0.0,0.002,712184.55
1758676,IT,BR,FURNI,RECRE,0.09,28486.74,4,4,28486.738,0.0,0.0,0.0,0.002,316519.333333
1683902,IT,HR,FURNI,TEXTI,0.09,28485.785,4,4,28485.783,0.0,0.0,0.0,0.002,316508.722222
1673095,IT,FR,FOOD5,FINAN,0.14,28485.155,4,4,28485.152,0.0,0.0,0.0,0.003,203465.392857
1795277,IT,WL,CERAM,POSTT,0.04,28484.84,4,4,28484.838,0.0,0.0,0.0,0.002,712121.0
1657790,IT,DE,NONME,PFERT,0.06,28483.787,4,4,28483.784,0.0,0.0,0.0,0.003,474729.783333
1795393,IT,WL,BASIC,BIOGA,0.03,28483.455,4,4,28483.453,0.0,0.0,0.0,0.002,949448.5
1641166,IT,AT,PRINT,PLAST,0.27,28481.69,4,4,28481.688,0.0,0.0,0.0,0.002,105487.740741
1794270,IT,WL,MOTOR,SUGA1,0.04,28481.382,4,4,28481.38,0.0,0.0,0.0,0.002,712034.55
1789785,IT,WA,GLASS,RETA1,0.08,28480.709,4,4,28480.707,0.0,0.0,0.0,0.002,356008.8625
1728076,IT,SE,MEAT4,DAIRY,0.16,28480.245,4,4,28480.243,0.0,0.0,0.0,0.002,178001.53125
1712332,IT,LV,RUBBE,MOTO1,0.09,28480.205,4,4,28480.202,0.0,0.0,0.0,0.003,316446.722222
1813457,IT,WM,CONST,RESEA,0.16,28478.135,4,4,28478.133,0.0,0.0,0.0,0.002,177988.34375
1714893,IT,NL,BEVER,GASDI,0.12,28477.811,4,4,28477.809,0.0,0.0,0.0,0.002,237315.091667
1751496,IT,CN,SUPPO,POULT,0.2,28476.916,3,3,28476.916,0.0,0.0,0.0,0.0,142384.58
1755691,IT,KR,RUBBE,TRAN2,0.09,28473.741,4,4,28473.738,0.0,0.0,0.0,0.003,316374.9
1688828,IT,IE,NONME,NONME,0.06,28473.687,4,4,28473.684,0.0,0.0,0.0,0.003,474561.45
1739663,IT,GB,AIRTR,RENTI,0.03,28473.439,3,3,28473.439,0.0,0.0,0.0,0.0,949114.633333
1667033,IT,ES,NONME,FISH5,0.06,28473.372,4,4,28473.369,0.0,0.0,0.0,0.003,474556.2
1686976,IT,HU,MACHI,POSTT,0.16,28473.111,4,4,28473.109,0.0,0.0,0.0,0.002,177956.94375
1731525,IT,SI,FISH5,RETA1,0.12,28472.689,4,4,28472.674,0.0,0.0,0.0,0.015,237272.408333
1749943,IT,CN,GLASS,HOTEL,0.08,28471.36,4,4,28471.358,0.0,0.0,0.0,0.002,355892.0
1789574,IT,WA,BIODI,CHEM1,0.06,28469.909,4,4,28469.906,0.0,0.0,0.0,0.003,474498.483333
1680029,IT,GR,MACHI,NAPHT,0.16,28469.703,4,4,28469.701,0.0,0.0,0.0,0.002,177935.64375
1751368,IT,CN,SEACO,TEXTI,0.03,28469.318,3,3,28469.318,0.0,0.0,0.0,0.0,948977.266667
1730712,IT,SE,COMPU,POSTT,0.33,28464.454,4,4,28464.452,0.0,0.0,0.0,0.002,86255.921212
1771893,IT,CH,PULP5,TRAN2,0.09,28462.992,4,4,28462.989,0.0,0.0,0.0,0.003,316255.466667
1726494,IT,RO,FABRI,EDUCA,0.12,28462.011,4,4,28462.009,0.0,0.0,0.0,0.002,237183.425
1735278,IT,SK,GLASS,NONME,0.08,28461.944,4,4,28461.942,0.0,0.0,0.0,0.002,355774.3
1665330,IT,ES,FISH5,FISH5,0.12,28459.994,4,4,28459.979,0.0,0.0,0.0,0.015,237166.616667
1761696,IT,IN,FABRI,MEMBE,0.12,28459.531,4,4,28459.529,0.0,0.0,0.0,0.002,237162.758333
1787033,IT,ZA,INSUR,REALE,0.59,28458.991,3,3,28458.991,0.0,0.0,0.0,0.0,48235.577966
1645060,IT,BE,PAPER,BIOGA,0.11,28458.257,4,4,28458.254,0.0,0.0,0.0,0.003,258711.427273
1667484,IT,ES,FABRI,DAIRY,0.12,28456.184,4,4,28456.182,0.0,0.0,0.0,0.002,237134.866667
1680161,IT,GR,MOTO1,FABRI,0.15,28455.684,4,4,28455.682,0.0,0.0,0.0,0.002,189704.56
1738943,IT,GB,FURNI,SEWAG,0.09,28454.209,4,4,28454.207,0.0,0.0,0.0,0.002,316157.877778
1800582,IT,WE,GLASS,STONE,0.08,28453.832,4,4,28453.83,0.0,0.0,0.0,0.002,355672.9
1743933,IT,US,SEACO,WOOD1,0.03,28453.485,3,3,28453.485,0.0,0.0,0.0,0.0,948449.5
1761740,IT,IN,MACHI,HEAVY,0.16,28453.209,4,4,28453.207,0.0,0.0,0.0,0.002,177832.55625
1679383,IT,GR,PLAST,RAILW,0.06,28452.318,4,4,28452.315,0.0,0.0,0.0,0.003,474205.3
1690517,IT,IE,TEXT2,NFERT,0.21,28450.532,4,4,28450.53,0.0,0.0,0.0,0.002,135478.72381
1790434,IT,WA,LEAD1,HOTEL,0.05,28450.256,4,4,28450.254,0.0,0.0,0.0,0.002,569005.12
1785502,IT,ZA,MOTOR,PRINT,0.04,28449.71,4,4,28449.708,0.0,0.0,0.0,0.002,711242.75
1750647,IT,CN,MOTO1,COKIN,0.15,28449.122,4,4,28449.12,0.0,0.0,0.0,0.002,189660.813333
1643287,IT,AT,HOTEL,PLAS1,0.21,28449.052,4,4,28449.05,0.0,0.0,0.0,0.002,135471.67619
1763521,IT,MX,CHEM1,NONFE,0.06,28448.69,4,4,28448.687,0.0,0.0,0.0,0.003,474144.833333
1745983,IT,JP,WOODW,RESEA,0.08,28445.997,4,4,28445.995,0.0,0.0,0.0,0.002,355574.9625
1786329,IT,ZA,MACHI,SUGAR,0.16,28441.904,4,4,28441.902,0.0,0.0,0.0,0.002,177761.9
1729746,IT,SE,MACHI,BIOGA,0.16,28441.688,4,4,28441.686,0.0,0.0,0.0,0.002,177760.55
1738119,IT,GB,GLASS,MEATP,0.08,28440.562,4,4,28440.56,0.0,0.0,0.0,0.002,355507.025
1727828,IT,RO,BUSIN,COLLE,0.29,28437.532,4,4,28437.53,0.0,0.0,0.0,0.002,98060.455172
1682202,IT,HR,WEARI,FABRI,0.21,28435.249,4,4,28435.244,0.0,0.0,0.0,0.005,135405.947619
1649366,IT,BG,PLAST,BUSIN,0.06,28435.226,4,4,28435.223,0.0,0.0,0.0,0.003,473920.433333
1662304,IT,DK,NONME,ALUM1,0.06,28429.773,4,4,28429.77,0.0,0.0,0.0,0.003,473829.55
1689091,IT,IE,FURNI,POSTT,0.09,28429.593,4,4,28429.591,0.0,0.0,0.0,0.002,315884.366667
1665847,IT,ES,PRINT,FABRI,0.27,28425.606,4,4,28425.604,0.0,0.0,0.0,0.002,105280.022222
1682539,IT,HR,MOTOR,BEVER,0.04,28423.768,4,4,28423.766,0.0,0.0,0.0,0.002,710594.2
1731951,IT,SI,MOTOR,FINAN,0.04,28423.601,4,4,28423.599,0.0,0.0,0.0,0.002,710590.025
1713182,IT,MT,TEXTI,RENTI,0.17,28423.53,4,4,28423.526,0.0,0.0,0.0,0.004,167197.235294
1770987,IT,CH,VEGET,EDUCA,0.1,28420.022,3,3,28420.022,0.0,0.0,0.0,0.0,284200.22
1788245,IT,WA,LEATH,PROCE,0.2,28419.96,4,4,28419.955,0.0,0.0,0.0,0.005,142099.8
1728577,IT,SE,PAPER,MOTO1,0.11,28419.553,4,4,28419.55,0.0,0.0,0.0,0.003,258359.572727
1751587,IT,CN,POSTT,MOTO1,0.47,28419.245,4,4,28419.243,0.0,0.0,0.0,0.002,60466.478723
1766233,IT,RU,GLASS,RETAI,0.08,28415.724,4,4,28415.722,0.0,0.0,0.0,0.002,355196.55
1642935,IT,AT,FURNI,WOODW,0.09,28414.69,4,4,28414.688,0.0,0.0,0.0,0.002,315718.777778
1666404,IT,ES,NAPHT,RENTI,0.05,28414.31,4,4,28414.308,0.0,0.0,0.0,0.002,568286.2
1781568,IT,NO,WEARI,NATUR,0.21,28414.184,4,4,28414.179,0.0,0.0,0.0,0.005,135305.638095
1757714,IT,BR,NAPHT,PULP5,0.05,28414.14,4,4,28414.138,0.0,0.0,0.0,0.002,568282.8
1773341,IT,CH,MACHI,ELECT,0.16,28413.303,4,4,28413.301,0.0,0.0,0.0,0.002,177583.14375
1742054,IT,US,RUBBE,NATU1,0.09,28411.37,4,4,28411.367,0.0,0.0,0.0,0.003,315681.888889
1808591,IT,WF,PAPE4,93197,0.19,28410.913,4,4,28410.911,0.0,0.0,0.0,0.002,149531.121053
1713117,IT,MT,FOOD5,RESEA,0.14,28410.474,4,4,28410.471,0.0,0.0,0.0,0.003,202931.957143
1732774,IT,SI,NONME,OFFIC,0.06,28410.206,4,4,28410.203,0.0,0.0,0.0,0.003,473503.433333
1764190,IT,MX,MACHI,LEADZ,0.16,28409.996,4,4,28409.994,0.0,0.0,0.0,0.002,177562.475
1655133,IT,CZ,BUSIN,WOODW,0.29,28409.727,4,4,28409.725,0.0,0.0,0.0,0.002,97964.575862
1729769,IT,SE,MACHI,SECO9,0.16,28409.694,4,4,28409.692,0.0,0.0,0.0,0.002,177560.5875
1779916,IT,TW,CONST,COKEO,0.16,28409.214,4,4,28409.212,0.0,0.0,0.0,0.002,177557.5875
1674044,IT,FR,GASDI,MOTO1,0.04,28405.788,4,4,28405.786,0.0,0.0,0.0,0.002,710144.7
1662245,IT,DK,GLASS,HEALT,0.08,28405.322,4,4,28405.32,0.0,0.0,0.0,0.002,355066.525
1655727,IT,DE,MEATC,SUGA1,0.09,28404.915,4,4,28404.913,0.0,0.0,0.0,0.002,315610.166667
1775238,IT,CH,BUSIN,PIGS9,0.29,28403.912,4,4,28403.91,0.0,0.0,0.0,0.002,97944.524138
1761097,IT,IN,CHEM1,CROPS,0.06,28403.31,4,4,28403.307,0.0,0.0,0.0,0.003,473388.5
1756885,IT,KR,POSTT,COMPU,0.47,28403.193,4,4,28403.191,0.0,0.0,0.0,0.002,60432.325532
1677409,IT,FR,INSUR,MOTO1,0.59,28402.621,3,3,28402.621,0.0,0.0,0.0,0.0,48140.035593
1793413,IT,WL,CROPS,CONST,0.22,28402.381,4,4,28402.379,0.0,0.0,0.0,0.002,129101.731818
1810459,IT,WM,PULP5,AIRTR,0.09,28401.236,4,4,28401.233,0.0,0.0,0.0,0.003,315569.288889
1784036,IT,ID,TEXTI,MEDIC,0.17,28400.918,4,4,28400.914,0.0,0.0,0.0,0.004,167064.223529
1668390,IT,ES,RETA1,LEATH,0.3,28400.763,4,4,28400.761,0.0,0.0,0.0,0.002,94669.21
1782010,IT,NO,RUBBE,DISTR,0.09,28400.128,4,4,28400.125,0.0,0.0,0.0,0.003,315556.977778
1684044,IT,HR,HOTEL,PAPER,0.21,28400.004,4,4,28400.002,0.0,0.0,0.0,0.002,135238.114286
1733738,IT,SI,LANDT,SANDC,0.18,28399.433,3,3,28399.433,0.0,0.0,0.0,0.0,157774.627778
1804280,IT,WF,MOTOR,SUGA1,0.04,28399.301,4,4,28399.299,0.0,0.0,0.0,0.002,709982.525
1755427,IT,KR,HEAVY,BASIC,0.05,28398.404,4,4,28398.402,0.0,0.0,0.0,0.002,567968.08
1642954,IT,AT,FURNI,TRANS,0.09,28397.153,4,4,28397.151,0.0,0.0,0.0,0.002,315523.922222
1807519,IT,WF,RENTI,CHARC,0.17,28397.0,4,4,28396.998,0.0,0.0,0.0,0.002,167041.176471
1806093,IT,WF,FABRI,ALUMI,0.12,28396.953,4,4,28396.951,0.0,0.0,0.0,0.002,236641.275
1785328,IT,ZA,LEATH,RETA1,0.2,28396.463,4,4,28396.458,0.0,0.0,0.0,0.005,141982.315
1673362,IT,FR,TEXTI,PLAS1,0.17,28395.563,4,4,28395.559,0.0,0.0,0.0,0.004,167032.723529
1743067,IT,US,MOTO1,PLANT,0.15,28393.354,4,4,28393.352,0.0,0.0,0.0,0.002,189289.026667
1760625,IT,IN,PULP5,WEARI,0.09,28392.569,4,4,28392.566,0.0,0.0,0.0,0.003,315472.988889
1760870,IT,IN,GASDI,FISHF,0.04,28390.824,4,4,28390.822,0.0,0.0,0.0,0.002,709770.6
1682297,IT,HR,LEATH,EDUCA,0.2,28390.764,4,4,28390.759,0.0,0.0,0.0,0.005,141953.82
1784547,IT,ID,MACHI,PADDY,0.16,28388.454,4,4,28388.452,0.0,0.0,0.0,0.002,177427.8375
1744349,IT,US,FINAN,COMPU,0.37,28388.421,3,3,28388.421,0.0,0.0,0.0,0.0,76725.462162
1652071,IT,CZ,STONE,NFERT,0.09,28387.253,4,4,28385.253,0.0,0.0,2.0,0.0,315413.922222
1790774,IT,WA,MACHI,TOBAC,0.16,28386.445,4,4,28386.443,0.0,0.0,0.0,0.002,177415.28125
1723799,IT,PT,OFFIC,SUPPO,0.09,28385.984,4,4,28385.982,0.0,0.0,0.0,0.002,315399.822222
1729545,IT,SE,COPP1,NAPHT,0.07,28382.643,3,3,28382.643,0.0,0.0,0.0,0.0,405466.328571
1651177,IT,BG,BUSIN,PFERT,0.29,28380.77,4,4,28380.768,0.0,0.0,0.0,0.002,97864.724138
1689356,IT,IE,RETA1,ELEC2,0.3,28380.108,4,4,28380.106,0.0,0.0,0.0,0.002,94600.36
1764910,IT,MX,AIRTR,PUBLI,0.03,28378.98,3,3,28378.98,0.0,0.0,0.0,0.0,945966.0
1783573,IT,NO,FOOD2,PLAST,0.17,28378.362,4,4,28378.36,0.0,0.0,0.0,0.002,166931.541176
1714958,IT,NL,FISH5,BEVER,0.12,28378.141,4,4,28378.126,0.0,0.0,0.0,0.015,236484.508333
1741787,IT,US,NONSP,FOOD3,0.04,28377.945,4,4,28377.943,0.0,0.0,0.0,0.002,709448.625
1738962,IT,GB,CONST,DISTR,0.16,28377.377,4,4,28377.375,0.0,0.0,0.0,0.002,177358.60625
1779966,IT,TW,CONST,93197,0.16,28377.207,4,4,28377.205,0.0,0.0,0.0,0.002,177357.54375
1804694,IT,WF,LIQUE,CEMEN,0.05,28376.937,4,4,28376.935,0.0,0.0,0.0,0.002,567538.74
1770343,IT,AU,RAILW,SANDC,0.19,28376.81,3,3,28376.81,0.0,0.0,0.0,0.0,149351.631579
1762200,IT,IN,SEACO,GLASS,0.03,28376.606,3,3,28376.606,0.0,0.0,0.0,0.0,945886.866667
1641631,IT,AT,BITU1,CHEM1,0.04,28376.341,4,4,28376.339,0.0,0.0,0.0,0.002,709408.525
1729168,IT,SE,GLASS,SUPPO,0.08,28375.542,4,4,28375.54,0.0,0.0,0.0,0.002,354694.275
1795296,IT,WL,CEMEN,BIODI,0.05,28375.4,3,3,28375.4,0.0,0.0,0.0,0.0,567508.0
1640200,IT,AT,OILSE,BUSIN,0.02,28374.509,3,3,28374.509,0.0,0.0,0.0,0.0,1418725.45
1725890,IT,RO,HEAVY,MACHI,0.05,28371.412,4,4,28371.41,0.0,0.0,0.0,0.002,567428.24
1659783,IT,DE,LANDT,SUGA1,0.18,28370.916,3,3,28370.916,0.0,0.0,0.0,0.0,157616.2
1720554,IT,PL,OFFIC,OFFIC,0.09,28369.477,4,4,28369.475,0.0,0.0,0.0,0.002,315216.411111
1809947,IT,WM,FISH5,MEAT1,0.12,28369.042,4,4,28369.027,0.0,0.0,0.0,0.015,236408.683333
1664603,IT,EE,RAILW,RAILW,0.19,28368.705,3,3,28368.705,0.0,0.0,0.0,0.0,149308.973684
1795086,IT,WL,RUBBE,FORES,0.09,28368.432,4,4,28368.429,0.0,0.0,0.0,0.003,315204.8
1712853,IT,LV,AUXIL,REALE,0.52,28368.365,3,3,28368.365,0.0,0.0,0.0,0.0,54554.548077
1718021,IT,PL,CHEMI,FOUND,0.07,28366.704,5,5,28365.701,0.0,0.0,1.0,0.003,405238.628571
1807992,IT,WF,PLAS1,BUSIN,0.1,28365.985,4,4,28365.983,0.0,0.0,0.0,0.002,283659.85
1765920,IT,RU,PLAST,ELEC2,0.06,28363.032,4,4,28363.029,0.0,0.0,0.0,0.003,472717.2
1650941,IT,BG,SEACO,BUSIN,0.03,28362.665,3,3,28362.665,0.0,0.0,0.0,0.0,945422.166667
1770883,IT,AU,BUSIN,LANDT,0.29,28361.805,4,4,28361.803,0.0,0.0,0.0,0.002,97799.327586
1744820,IT,US,RESEA,RAILW,0.15,28360.812,4,4,28360.81,0.0,0.0,0.0,0.002,189072.08
1666572,IT,ES,CHEM1,BITU1,0.06,28360.217,4,4,28360.214,0.0,0.0,0.0,0.003,472670.283333
1760137,IT,BR,FOOD3,CERAM,0.08,28359.82,3,3,28359.82,0.0,0.0,0.0,0.0,354497.75
1791369,IT,WA,SALEM,POSTT,0.23,28359.392,4,4,28359.39,0.0,0.0,0.0,0.002,123301.704348
1711687,IT,LU,BUSIN,MEATP,0.29,28358.975,4,4,28358.973,0.0,0.0,0.0,0.002,97789.568966
1745125,IT,US,MEMBE,CONST,0.33,28358.952,4,4,28358.95,0.0,0.0,0.0,0.002,85936.218182
1685217,IT,HU,FISH5,RESEA,0.12,28356.568,4,4,28356.553,0.0,0.0,0.0,0.015,236304.733333
1642632,IT,AT,FABRI,LEAD1,0.12,28353.634,4,4,28353.632,0.0,0.0,0.0,0.002,236280.283333
1710025,IT,LT,COPP1,NONME,0.07,28352.915,3,3,28352.915,0.0,0.0,0.0,0.0,405041.642857
1733898,IT,SI,SEACO,HEALT,0.03,28352.143,3,3,28352.143,0.0,0.0,0.0,0.0,945071.433333
1723581,IT,PT,FABRI,KEROS,0.12,28350.862,4,4,28350.86,0.0,0.0,0.0,0.002,236257.183333
1752112,IT,CN,BUSIN,FOUND,0.29,28350.433,4,4,28350.431,0.0,0.0,0.0,0.002,97760.113793
1665768,IT,ES,PAPER,COLLE,0.11,28348.437,4,4,28348.434,0.0,0.0,0.0,0.003,257713.063636
1810889,IT,WM,KERO1,PROCE,0.04,28347.277,4,4,28347.275,0.0,0.0,0.0,0.002,708681.925
1641038,IT,AT,PULP5,COMPU,0.09,28346.893,4,4,28346.89,0.0,0.0,0.0,0.003,314965.477778
1743732,IT,US,LANDT,NATUR,0.18,28345.808,3,3,28345.808,0.0,0.0,0.0,0.0,157476.711111
1770550,IT,AU,SUPPO,CONST,0.2,28343.973,3,3,28343.973,0.0,0.0,0.0,0.0,141719.865
1797135,IT,WL,POSTT,CEMEN,0.47,28342.521,4,4,28342.519,0.0,0.0,0.0,0.002,60303.23617
1674833,IT,FR,NONME,MEATC,0.06,28341.058,4,4,28341.055,0.0,0.0,0.0,0.003,472350.966667
1642161,IT,AT,CERAM,TRAN1,0.04,28340.617,4,4,28340.615,0.0,0.0,0.0,0.002,708515.425
1777326,IT,TR,GLASS,CERAM,0.08,28340.164,4,4,28340.162,0.0,0.0,0.0,0.002,354252.05
1730964,IT,SE,TEXT1,DIST1,0.21,28339.633,4,4,28339.631,0.0,0.0,0.0,0.002,134950.633333
1689970,IT,IE,REALE,NUCLE,1.2,28336.316,4,4,28336.314,0.0,0.0,0.0,0.002,23613.596667
1663990,IT,EE,PAPER,COMPU,0.11,28332.801,4,4,28332.798,0.0,0.0,0.0,0.003,257570.918182
1765690,IT,RU,PAPER,OFFIC,0.11,28332.257,4,4,28332.254,0.0,0.0,0.0,0.003,257565.972727
1725954,IT,RO,CHEM1,LIGNI,0.06,28329.786,4,4,28329.783,0.0,0.0,0.0,0.003,472163.1
1789734,IT,WA,GLASS,MEATP,0.08,28329.112,4,4,28329.11,0.0,0.0,0.0,0.002,354113.9
1796359,IT,WL,WHOLE,RAWMI,0.24,28328.052,4,4,28328.05,0.0,0.0,0.0,0.002,118033.55
1663010,IT,DK,HOTEL,BRICK,0.21,28326.488,4,4,28326.486,0.0,0.0,0.0,0.002,134888.038095
1660233,IT,DE,POSTT,WOODW,0.47,28326.431,4,4,28326.429,0.0,0.0,0.0,0.002,60269.002128
1749486,IT,CN,HEAVY,PUBLI,0.05,28326.342,4,4,28326.34,0.0,0.0,0.0,0.002,566526.84
1782530,IT,NO,OFFIC,LANDT,0.09,28326.166,4,4,28326.164,0.0,0.0,0.0,0.002,314735.177778
1727914,IT,SE,VEGET,MEAT4,0.1,28324.661,3,3,28324.661,0.0,0.0,0.0,0.0,283246.61
1648612,IT,BG,MEAT4,MEAT4,0.16,28324.189,4,4,28324.187,0.0,0.0,0.0,0.002,177026.18125
1763247,IT,MX,WOODW,HOTEL,0.08,28322.636,4,4,28322.634,0.0,0.0,0.0,0.002,354032.95
1670832,IT,FI,NAPHT,PLAST,0.05,28322.015,4,4,28322.013,0.0,0.0,0.0,0.002,566440.3
1662357,IT,DK,BASIC,PREC1,0.03,28320.197,4,4,28320.195,0.0,0.0,0.0,0.002,944006.566667
1731321,IT,SI,VEGE1,HEALT,0.09,28315.909,4,4,28315.903,0.0,0.0,0.0,0.006,314621.211111
1687722,IT,HU,SUPPO,PULP5,0.2,28314.565,3,3,28314.565,0.0,0.0,0.0,0.0,141572.825
1676150,IT,FR,CONST,FORES,0.16,28313.855,4,4,28313.853,0.0,0.0,0.0,0.002,176961.59375
1761041,IT,IN,PLAST,BIOGA,0.06,28312.337,4,4,28312.334,0.0,0.0,0.0,0.003,471872.283333
1712502,IT,LV,FABRI,TEXTI,0.12,28310.213,4,4,28310.211,0.0,0.0,0.0,0.002,235918.441667
1774541,IT,CH,TRAN2,SUPPO,0.04,28309.632,3,3,28309.632,0.0,0.0,0.0,0.0,707740.8
1671414,IT,FI,FABRI,GLASS,0.12,28308.911,4,4,28308.909,0.0,0.0,0.0,0.002,235907.591667
1805937,IT,WF,LEAD1,FABRI,0.05,28306.879,4,4,28306.877,0.0,0.0,0.0,0.002,566137.58
1754674,IT,KR,MEATP,HOTEL,0.11,28305.479,4,4,28305.476,0.0,0.0,0.0,0.003,257322.536364
1799155,IT,WE,WEARI,FOUND,0.21,28304.868,4,4,28304.863,0.0,0.0,0.0,0.005,134785.085714
1728016,IT,SE,SANDC,RENTI,0.06,28303.504,4,4,28297.504,0.0,0.0,6.0,0.0,471725.066667
1716729,IT,NL,RETA1,RAWMI,0.3,28302.584,4,4,28302.582,0.0,0.0,0.0,0.002,94341.946667
1714724,IT,NL,DAIRY,MEATC,0.11,28299.973,4,4,28299.971,0.0,0.0,0.0,0.002,257272.481818
1804679,IT,WF,LIQUE,FISH5,0.05,28296.532,4,4,28296.53,0.0,0.0,0.0,0.002,565930.64
1738225,IT,GB,CEMEN,NATUR,0.05,28295.129,3,3,28295.129,0.0,0.0,0.0,0.0,565902.58
1643790,IT,AT,POSTT,BUSIN,0.47,28294.392,4,4,28294.39,0.0,0.0,0.0,0.002,60200.834043
1799725,IT,WE,KEROS,FORES,0.04,28293.937,4,4,28293.935,0.0,0.0,0.0,0.002,707348.425
1649816,IT,BG,ALUM1,TOBAC,0.05,28291.462,4,4,28291.46,0.0,0.0,0.0,0.002,565829.24
1663822,IT,EE,TEXTI,FORES,0.17,28288.599,4,4,28288.595,0.0,0.0,0.0,0.004,166403.523529
1647360,IT,BE,SEACO,MEDIC,0.03,28286.9,3,3,28286.9,0.0,0.0,0.0,0.0,942896.666667
1735419,IT,SK,BASIC,PAPER,0.03,28285.571,4,4,28285.569,0.0,0.0,0.0,0.002,942852.366667
1716310,IT,NL,FABRI,ALUM1,0.12,28285.403,4,4,28285.401,0.0,0.0,0.0,0.002,235711.691667
1765584,IT,RU,LEATH,HEALT,0.2,28283.876,4,4,28283.871,0.0,0.0,0.0,0.005,141419.38
1764362,IT,MX,MOTO1,PAPER,0.15,28283.582,4,4,28283.58,0.0,0.0,0.0,0.002,188557.213333
1758020,IT,BR,RUBBE,COPP1,0.09,28282.537,4,4,28282.534,0.0,0.0,0.0,0.003,314250.411111
1684810,IT,HU,FISHF,MEATA,0.05,28282.429,3,3,28282.429,0.0,0.0,0.0,0.0,565648.58
1730315,IT,SE,AIRTR,RENTI,0.03,28282.403,3,3,28282.403,0.0,0.0,0.0,0.0,942746.766667
1754181,IT,CA,SUPPO,WHOLE,0.2,28282.346,3,3,28282.346,0.0,0.0,0.0,0.0,141411.73
1756529,IT,KR,WHOLE,LANDT,0.24,28278.758,4,4,28278.756,0.0,0.0,0.0,0.002,117828.158333
1783829,IT,NO,INERT,FOOD2,0.21,28278.237,4,4,28278.235,0.0,0.0,0.0,0.002,134658.271429
1642825,IT,AT,OFFIC,SALEM,0.09,28277.982,4,4,28277.98,0.0,0.0,0.0,0.002,314199.8
1774584,IT,CH,SEACO,COPP1,0.03,28277.201,3,3,28277.201,0.0,0.0,0.0,0.0,942573.366667
1726171,IT,RO,GLASS,TRANS,0.08,28276.595,4,4,28276.593,0.0,0.0,0.0,0.002,353457.4375
1797252,IT,WL,FINAN,EDUCA,0.37,28276.451,3,3,28276.451,0.0,0.0,0.0,0.0,76422.840541
1680013,IT,GR,MACHI,FISH5,0.16,28275.478,4,4,28275.476,0.0,0.0,0.0,0.002,176721.7375
1758143,IT,BR,NONME,SUGAR,0.06,28274.963,4,4,28274.96,0.0,0.0,0.0,0.003,471249.383333
1728730,IT,SE,KEROS,FABRI,0.04,28271.07,4,4,28271.068,0.0,0.0,0.0,0.002,706776.75
1677281,IT,FR,FINAN,RUBBE,0.37,28270.476,3,3,28270.476,0.0,0.0,0.0,0.0,76406.691892
1809243,IT,WM,CRUDE,REFIN,0.06,28270.112,4,4,28270.11,0.0,0.0,0.0,0.002,471168.533333
1655706,IT,DE,CHEMI,LANDT,0.07,28269.687,5,5,28268.684,0.0,0.0,1.0,0.003,403852.671429
1805988,IT,WF,COPP1,LEATH,0.07,28269.016,3,3,28269.016,0.0,0.0,0.0,0.0,403843.085714
1658117,IT,DE,ALUM1,REFI1,0.05,28268.024,4,4,28268.022,0.0,0.0,0.0,0.002,565360.48
1646056,IT,BE,BASIC,TOBAC,0.03,28267.512,4,4,28267.51,0.0,0.0,0.0,0.002,942250.4
1724058,IT,PT,WHOLE,CERAM,0.24,28267.326,4,4,28267.324,0.0,0.0,0.0,0.002,117780.525
1688264,IT,IE,CROPS,DAIRY,0.22,28267.21,4,4,28267.208,0.0,0.0,0.0,0.002,128487.318182
1745917,IT,JP,LEATH,OILHA,0.2,28266.249,4,4,28266.244,0.0,0.0,0.0,0.005,141331.245
1666228,IT,ES,HEAVY,BIODI,0.05,28265.59,4,4,28265.588,0.0,0.0,0.0,0.002,565311.8
1787235,IT,WA,VEGET,TEXTI,0.1,28263.52,3,3,28263.52,0.0,0.0,0.0,0.0,282635.2
1738033,IT,GB,RUBBE,MEAT4,0.09,28262.489,4,4,28262.486,0.0,0.0,0.0,0.003,314027.655556
1653845,IT,CZ,FABRI,WEARI,0.12,28261.181,4,4,28261.179,0.0,0.0,0.0,0.002,235509.841667
1733741,IT,SI,LANDT,MEAT1,0.18,28260.444,3,3,28260.444,0.0,0.0,0.0,0.0,157002.466667
1720812,IT,PL,FURNI,GASDI,0.09,28260.257,4,4,28260.255,0.0,0.0,0.0,0.002,314002.855556
1807071,IT,WF,SEACO,MEATP,0.03,28259.966,3,3,28259.966,0.0,0.0,0.0,0.0,941998.866667
1715221,IT,NL,WOODW,SUPPO,0.08,28259.946,4,4,28259.944,0.0,0.0,0.0,0.002,353249.325
1761084,IT,IN,PFERT,HEAVY,0.01,28259.62,4,4,28259.615,0.0,0.0,0.0,0.005,2825962.0
1684763,IT,HU,OILSE,DIST1,0.02,28258.497,3,3,28258.497,0.0,0.0,0.0,0.0,1412924.85
1773039,IT,CH,ALUM1,FOUND,0.05,28257.775,4,4,28257.773,0.0,0.0,0.0,0.002,565155.5
1652992,IT,CZ,PLAST,COKIN,0.06,28257.048,4,4,28257.045,0.0,0.0,0.0,0.003,470950.8
1730786,IT,SE,BUSIN,ALUM1,0.29,28256.603,4,4,28256.601,0.0,0.0,0.0,0.002,97436.562069
1642136,IT,AT,CERAM,GASDI,0.04,28255.651,4,4,28255.649,0.0,0.0,0.0,0.002,706391.275
1729892,IT,SE,TRANS,INLAN,0.17,28254.681,4,4,28254.679,0.0,0.0,0.0,0.002,166204.005882
1777003,IT,TR,CHEM1,COPPE,0.06,28252.942,4,4,28252.939,0.0,0.0,0.0,0.003,470882.366667
1751012,IT,CN,WHOLE,LEATH,0.24,28251.078,4,4,28251.076,0.0,0.0,0.0,0.002,117712.825
1739693,IT,GB,SUPPO,PLAST,0.2,28250.071,3,3,28250.071,0.0,0.0,0.0,0.0,141250.355
1752569,IT,CA,BEVER,POSTT,0.12,28249.891,4,4,28249.889,0.0,0.0,0.0,0.002,235415.758333
1752318,IT,CA,CHEMI,SALEM,0.07,28248.387,5,5,28247.384,0.0,0.0,1.0,0.003,403548.385714
1771097,IT,CH,NATUR,BUSIN,0.04,28246.121,4,4,28246.119,0.0,0.0,0.0,0.002,706153.025
1798216,IT,WE,VEGET,GASDI,0.1,28245.926,3,3,28245.926,0.0,0.0,0.0,0.0,282459.26
1719643,IT,PL,CERAM,93197,0.04,28245.825,4,4,28245.823,0.0,0.0,0.0,0.002,706145.625
1689061,IT,IE,TRANS,AIRTR,0.17,28241.037,4,4,28241.035,0.0,0.0,0.0,0.002,166123.747059
1672525,IT,FR,WHEAT,DAIRY,0.02,28240.14,3,3,28240.14,0.0,0.0,0.0,0.0,1412007.0
1776114,IT,TR,LEATH,MEAT1,0.2,28239.38,4,4,28239.375,0.0,0.0,0.0,0.005,141196.9
1760415,IT,IN,SUGA1,HOTEL,0.07,28238.597,4,4,28238.592,0.0,0.0,0.0,0.005,403408.528571
1641167,IT,AT,PRINT,CHEM1,0.27,28237.99,4,4,28237.988,0.0,0.0,0.0,0.002,104585.148148
1755639,IT,KR,RUBBE,LEATH,0.09,28237.75,4,4,28237.747,0.0,0.0,0.0,0.003,313752.777778
1800194,IT,WE,PLAST,PEAT2,0.06,28235.635,4,4,28235.632,0.0,0.0,0.0,0.003,470593.916667
1730488,IT,SE,POSTT,93197,0.46,28234.334,4,4,28234.332,0.0,0.0,0.0,0.002,61378.986957
1752892,IT,CA,GASDI,CONST,0.04,28233.564,4,4,28233.562,0.0,0.0,0.0,0.002,705839.1
1712764,IT,LV,LANDT,MOTO1,0.18,28232.607,3,3,28232.607,0.0,0.0,0.0,0.0,156847.816667
1811768,IT,WM,ADDIT,NONF1,0.07,28230.236,4,4,28230.234,0.0,0.0,0.0,0.002,403289.085714
1712545,IT,LV,MACHI,OILSE,0.16,28228.569,4,4,28228.567,0.0,0.0,0.0,0.002,176428.55625
1800470,IT,WE,RUBBE,PEAT2,0.09,28227.95,4,4,28227.947,0.0,0.0,0.0,0.003,313643.888889
1725364,IT,RO,TEXTI,NATUR,0.17,28227.464,4,4,28227.46,0.0,0.0,0.0,0.004,166043.905882
1655932,IT,DE,PROCE,LANDT,0.19,28226.577,4,4,28226.575,0.0,0.0,0.0,0.002,148560.931579
1671180,IT,FI,BRICK,BRICK,0.04,28225.971,4,4,28225.969,0.0,0.0,0.0,0.002,705649.275
1690114,IT,IE,COMPU,BEVER,0.32,28225.22,4,4,28225.218,0.0,0.0,0.0,0.002,88203.8125
1730439,IT,SE,POSTT,ELEC3,0.46,28224.559,4,4,28224.557,0.0,0.0,0.0,0.002,61357.736957
1651870,IT,CY,SUPPO,SEACO,0.2,28222.479,3,3,28222.479,0.0,0.0,0.0,0.0,141112.395
1761921,IT,IN,FURNI,NAPHT,0.09,28221.894,4,4,28221.892,0.0,0.0,0.0,0.002,313576.6
1655574,IT,DE,SANDC,CHEMI,0.06,28221.569,4,4,28215.569,0.0,0.0,6.0,0.0,470359.483333
1749192,IT,CN,PULP5,ELEC1,0.09,28221.266,4,4,28221.263,0.0,0.0,0.0,0.003,313569.622222
1758576,IT,BR,MOTO1,VEGE1,0.15,28220.766,4,4,28220.764,0.0,0.0,0.0,0.002,188138.44
1751274,IT,CN,HOTEL,FOOD3,0.2,28220.629,4,4,28220.627,0.0,0.0,0.0,0.002,141103.145
1796456,IT,WL,RETA1,VEGET,0.29,28217.986,4,4,28217.984,0.0,0.0,0.0,0.002,97303.4
1735674,IT,SK,FABRI,TEXTI,0.11,28217.282,4,4,28217.28,0.0,0.0,0.0,0.002,256520.745455
1719914,IT,PL,PREC1,BITU1,0.05,28216.072,3,3,28216.072,0.0,0.0,0.0,0.0,564321.44
1646373,IT,BE,FABRI,NONF1,0.11,28215.708,4,4,28215.706,0.0,0.0,0.0,0.002,256506.436364
1779678,IT,TR,RESEA,ELEC2,0.15,28214.879,4,4,28214.877,0.0,0.0,0.0,0.002,188099.193333
1772743,IT,CH,CEMEN,RETA1,0.05,28214.32,3,3,28214.32,0.0,0.0,0.0,0.0,564286.4
1663292,IT,DK,SEACO,MEMBE,0.03,28214.085,3,3,28214.085,0.0,0.0,0.0,0.0,940469.5
1653070,IT,CZ,PLAST,MEMBE,0.06,28212.487,4,4,28212.484,0.0,0.0,0.0,0.003,470208.116667
1791084,IT,WA,TRANS,CHARC,0.17,28210.827,4,4,28210.825,0.0,0.0,0.0,0.002,165946.041176
1769005,IT,AU,PAPER,MEMBE,0.11,28210.19,4,4,28210.187,0.0,0.0,0.0,0.003,256456.272727
1810839,IT,WM,KEROS,MEDIC,0.04,28208.767,4,4,28208.765,0.0,0.0,0.0,0.002,705219.175
1805588,IT,WF,CEMEN,RETA1,0.05,28206.608,3,3,28206.608,0.0,0.0,0.0,0.0,564132.16
1768374,IT,AU,MEAT4,BUSIN,0.16,28205.312,4,4,28205.31,0.0,0.0,0.0,0.002,176283.2
1790274,IT,WA,ALUM1,CROPS,0.05,28205.16,4,4,28205.158,0.0,0.0,0.0,0.002,564103.2
1646641,IT,BE,TRANS,RESEA,0.17,28204.131,4,4,28204.129,0.0,0.0,0.0,0.002,165906.652941
1758842,IT,BR,HOTEL,FOOD5,0.2,28203.883,4,4,28203.881,0.0,0.0,0.0,0.002,141019.415
1711128,IT,LU,COPP1,MACHI,0.07,28202.403,3,3,28202.403,0.0,0.0,0.0,0.0,402891.471429
1746897,IT,JP,MOTO1,MEATC,0.15,28201.797,4,4,28201.795,0.0,0.0,0.0,0.002,188011.98
1672010,IT,FI,SEACO,PRINT,0.03,28201.428,3,3,28201.428,0.0,0.0,0.0,0.0,940047.6
1661933,IT,DK,PRINT,HEALT,0.27,28201.267,4,4,28201.265,0.0,0.0,0.0,0.002,104449.137037
1662717,IT,DK,MACHI,SEWAG,0.16,28200.032,4,4,28200.03,0.0,0.0,0.0,0.002,176250.2
1798303,IT,WE,CROPS,PAPER,0.22,28199.161,4,4,28199.159,0.0,0.0,0.0,0.002,128178.004545
1671026,IT,FI,RUBBE,VEGE1,0.09,28197.225,4,4,28197.222,0.0,0.0,0.0,0.003,313302.5
1644294,IT,BE,FORES,PULP5,0.25,28194.403,4,4,28183.403,0.0,11.0,0.0,0.0,112777.612
1657062,IT,DE,NONSP,REFI1,0.04,28194.043,4,4,28194.041,0.0,0.0,0.0,0.002,704851.075
1648863,IT,BG,TEXTI,BIODI,0.17,28193.421,4,4,28193.417,0.0,0.0,0.0,0.004,165843.652941
1722550,IT,PT,BEVER,BIODI,0.12,28192.564,4,4,28192.562,0.0,0.0,0.0,0.002,234938.033333
1758171,IT,BR,NONME,FURNI,0.06,28191.802,4,4,28191.799,0.0,0.0,0.0,0.003,469863.366667
1680652,IT,GR,WHOLE,VEGE1,0.24,28191.33,4,4,28191.328,0.0,0.0,0.0,0.002,117463.875
1732016,IT,SI,KEROS,BASIC,0.04,28191.035,4,4,28191.033,0.0,0.0,0.0,0.002,704775.875
1750135,IT,CN,PREC1,ALUM1,0.05,28190.95,3,3,28190.95,0.0,0.0,0.0,0.0,563819.0
1642297,IT,AT,BASIC,MEATC,0.03,28188.908,4,4,28188.906,0.0,0.0,0.0,0.002,939630.266667
1759267,IT,BR,POSTT,CEMEN,0.46,28187.041,4,4,28187.039,0.0,0.0,0.0,0.002,61276.176087
1724414,IT,PT,AIRTR,MOTOR,0.03,28187.037,3,3,28187.037,0.0,0.0,0.0,0.0,939567.9
1804392,IT,WF,KEROS,ELEC2,0.04,28186.448,4,4,28186.446,0.0,0.0,0.0,0.002,704661.2
1715293,IT,NL,PAPER,TRANS,0.11,28185.603,4,4,28185.6,0.0,0.0,0.0,0.003,256232.754545
1647525,IT,BE,SUPPO,ELECT,0.2,28183.569,3,3,28183.569,0.0,0.0,0.0,0.0,140917.845
1767158,IT,RU,WHOLE,MEATC,0.24,28183.053,4,4,28183.051,0.0,0.0,0.0,0.002,117429.3875
1792145,IT,WA,SUPPO,MEAT4,0.2,28181.724,3,3,28181.724,0.0,0.0,0.0,0.0,140908.62
1664265,IT,EE,BASIC,TRANS,0.03,28181.7,4,4,28181.698,0.0,0.0,0.0,0.002,939390.0
1803060,IT,WF,CEREA,CEMEN,0.05,28180.694,4,4,28180.692,0.0,0.0,0.0,0.002,563613.88
1785685,IT,ZA,HEAVY,93197,0.05,28180.08,4,4,28180.078,0.0,0.0,0.0,0.002,563601.6
1785762,IT,ZA,PLAST,COPP1,0.06,28179.383,4,4,28179.38,0.0,0.0,0.0,0.003,469656.383333
1673806,IT,FR,PRINT,PIGS9,0.27,28175.771,4,4,28175.769,0.0,0.0,0.0,0.002,104354.707407
1742086,IT,US,RUBBE,ADDIT,0.09,28174.617,4,4,28174.614,0.0,0.0,0.0,0.003,313051.3
1756761,IT,KR,AIRTR,CERAM,0.03,28174.274,3,3,28174.274,0.0,0.0,0.0,0.0,939142.466667
1722316,IT,PT,VEGET,PLAST,0.1,28174.229,3,3,28174.229,0.0,0.0,0.0,0.0,281742.29
1660530,IT,DE,INSUR,RENTI,0.58,28173.775,3,3,28173.775,0.0,0.0,0.0,0.0,48575.474138
1761526,IT,IN,LEAD1,COKEO,0.05,28170.988,4,4,28170.986,0.0,0.0,0.0,0.002,563419.76
1748826,IT,CN,TEXTI,DIST1,0.17,28170.907,4,4,28170.903,0.0,0.0,0.0,0.004,165711.217647
1713274,IT,MT,PRINT,PRINT,0.27,28170.41,4,4,28170.408,0.0,0.0,0.0,0.002,104334.851852
1781302,IT,NO,VEGE1,MEAT4,0.09,28168.811,4,4,28168.805,0.0,0.0,0.0,0.006,312986.788889
1782890,IT,NO,SEACO,BASIC,0.03,28168.569,3,3,28168.569,0.0,0.0,0.0,0.0,938952.3
1711502,IT,LU,SUPPO,BUSIN,0.2,28168.44,3,3,28168.44,0.0,0.0,0.0,0.0,140842.2
1783683,IT,NO,WASTE,HEALT,0.09,28166.582,4,4,28166.58,0.0,0.0,0.0,0.002,312962.022222
1803386,IT,WF,CHEMI,ELEC2,0.07,28166.386,5,5,28165.383,0.0,0.0,1.0,0.003,402376.942857
1666536,IT,ES,CHEM1,COPPE,0.06,28165.833,4,4,28165.83,0.0,0.0,0.0,0.003,469430.55
1680706,IT,GR,WHOLE,93197,0.24,28165.587,4,4,28165.585,0.0,0.0,0.0,0.002,117356.6125
1682137,IT,HR,TEXTI,MOTO1,0.17,28162.017,4,4,28162.013,0.0,0.0,0.0,0.004,165658.923529
1782159,IT,NO,NONME,CEMEN,0.06,28161.534,4,4,28161.531,0.0,0.0,0.0,0.003,469358.9
1730837,IT,SE,BUSIN,WOOD1,0.29,28161.517,4,4,28161.515,0.0,0.0,0.0,0.002,97108.67931
1683702,IT,HR,MACHI,FORES,0.16,28161.4,4,4,28161.398,0.0,0.0,0.0,0.002,176008.75
1800648,IT,WE,CERAM,TOBAC,0.04,28161.24,4,4,28161.238,0.0,0.0,0.0,0.002,704031.0
1761046,IT,IN,PLAST,CEMEN,0.06,28159.38,4,4,28159.377,0.0,0.0,0.0,0.003,469323.0
1661768,IT,DK,LEATH,WHOLE,0.2,28156.073,4,4,28156.068,0.0,0.0,0.0,0.005,140780.365
1787416,IT,WA,FISHF,HOTEL,0.05,28155.991,3,3,28155.991,0.0,0.0,0.0,0.0,563119.82
1723774,IT,PT,OFFIC,WOODW,0.09,28154.875,4,4,28154.873,0.0,0.0,0.0,0.002,312831.944444
1728750,IT,SE,GASDI,WOODW,0.04,28154.66,4,4,28154.658,0.0,0.0,0.0,0.002,703866.5
1758196,IT,BR,BASIC,POULT,0.03,28152.66,4,4,28152.658,0.0,0.0,0.0,0.002,938422.0
1798339,IT,WE,CROPS,RECRE,0.22,28152.573,4,4,28152.571,0.0,0.0,0.0,0.002,127966.240909
1798799,IT,WE,FOOD5,GLASS,0.14,28151.901,4,4,28151.898,0.0,0.0,0.0,0.003,201085.007143
1649357,IT,BG,PLAST,RAILW,0.06,28151.569,4,4,28151.566,0.0,0.0,0.0,0.003,469192.816667
1672992,IT,FR,PROCE,PROCE,0.19,28150.592,4,4,28150.59,0.0,0.0,0.0,0.002,148161.010526
1673904,IT,FR,MOTOR,PIGS9,0.04,28149.448,4,4,28149.446,0.0,0.0,0.0,0.002,703736.2
1736803,IT,SK,COMPU,WHOLE,0.32,28147.675,4,4,28147.673,0.0,0.0,0.0,0.002,87961.484375
1668803,IT,ES,LANDT,FOOD2,0.18,28146.22,3,3,28146.22,0.0,0.0,0.0,0.0,156367.888889
1729300,IT,SE,NONME,PLAST,0.06,28145.889,4,4,28145.886,0.0,0.0,0.0,0.003,469098.15
1666650,IT,ES,CHEM1,TEXT2,0.06,28145.059,4,4,28145.056,0.0,0.0,0.0,0.003,469084.316667
1753680,IT,CA,MOTO1,MEDIC,0.15,28143.681,4,4,28143.679,0.0,0.0,0.0,0.002,187624.54
1662975,IT,DK,HOTEL,RAWMI,0.2,28143.145,4,4,28143.143,0.0,0.0,0.0,0.002,140715.725
1803368,IT,WF,CHEMI,NICKE,0.07,28141.76,5,5,28140.757,0.0,0.0,1.0,0.003,402025.142857
1666908,IT,ES,GLASS,LANDT,0.08,28140.49,4,4,28140.488,0.0,0.0,0.0,0.002,351756.125
1771996,IT,CH,PAPER,FOOD2,0.11,28140.1,4,4,28140.097,0.0,0.0,0.0,0.003,255819.090909
1644630,IT,BE,FOOD5,DISTR,0.14,28138.948,4,4,28138.945,0.0,0.0,0.0,0.003,200992.485714
1782081,IT,NO,GLASS,MOTO1,0.08,28138.419,4,4,28138.417,0.0,0.0,0.0,0.002,351730.2375
1667726,IT,ES,MACHI,FOOD3,0.16,28136.008,4,4,28136.006,0.0,0.0,0.0,0.002,175850.05
1766277,IT,RU,CERAM,DISTR,0.04,28135.237,4,4,28135.235,0.0,0.0,0.0,0.002,703380.925
1799532,IT,WE,PRINT,WEARI,0.27,28134.785,4,4,28134.783,0.0,0.0,0.0,0.002,104202.907407
1647395,IT,BE,AIRTR,FISH5,0.03,28134.469,3,3,28134.469,0.0,0.0,0.0,0.0,937815.633333
1737405,IT,GB,TEXTI,HOTEL,0.17,28134.157,4,4,28134.153,0.0,0.0,0.0,0.004,165495.041176
1784598,IT,ID,MACHI,PREC1,0.16,28133.436,4,4,28133.434,0.0,0.0,0.0,0.002,175833.975
1675684,IT,FR,TRANS,POSTT,0.17,28132.054,4,4,28132.052,0.0,0.0,0.0,0.002,165482.670588
1651846,IT,CY,SEACO,RAILW,0.03,28131.205,3,3,28131.205,0.0,0.0,0.0,0.0,937706.833333
1670379,IT,FI,DAIRY,HEALT,0.11,28129.866,4,4,28129.864,0.0,0.0,0.0,0.002,255726.054545
1668806,IT,ES,LANDT,FOOD4,0.18,28129.374,3,3,28129.374,0.0,0.0,0.0,0.0,156274.3
1643900,IT,AT,REALE,WHOLE,1.19,28128.567,4,4,28128.565,0.0,0.0,0.0,0.002,23637.451261
1769372,IT,AU,CERAM,WOODW,0.04,28126.435,4,4,28126.433,0.0,0.0,0.0,0.002,703160.875
1806583,IT,WF,CONST,WHOLE,0.16,28125.889,4,4,28125.887,0.0,0.0,0.0,0.002,175786.80625
1789381,IT,WA,CHEM1,BRICK,0.06,28125.339,4,4,28125.336,0.0,0.0,0.0,0.003,468755.65
1724261,IT,PT,LANDT,WOODW,0.18,28124.607,3,3,28124.607,0.0,0.0,0.0,0.0,156247.816667
1676055,IT,FR,ELEC7,VEGET,0.02,28123.176,3,3,28123.176,0.0,0.0,0.0,0.0,1406158.8
1643396,IT,AT,LANDT,SANDC,0.18,28121.981,3,3,28121.981,0.0,0.0,0.0,0.0,156233.227778
1675732,IT,FR,FURNI,LEATH,0.09,28120.686,4,4,28120.684,0.0,0.0,0.0,0.002,312452.066667
1765236,IT,RU,ANIMA,FOUND,0.11,28120.258,3,3,28120.258,0.0,0.0,0.0,0.0,255638.709091
1709883,IT,LT,CERAM,FURNI,0.04,28120.08,4,4,28120.078,0.0,0.0,0.0,0.002,703002.0
1781799,IT,NO,GASDI,SEACO,0.04,28119.826,4,4,28119.824,0.0,0.0,0.0,0.002,702995.65
1659353,IT,DE,RETAI,RESEA,0.22,28118.461,4,4,28118.459,0.0,0.0,0.0,0.002,127811.186364
1750865,IT,CN,FURNI,WHOLE,0.09,28117.816,4,4,28117.814,0.0,0.0,0.0,0.002,312420.177778
1778407,IT,TR,WHOLE,LIGNI,0.24,28115.229,4,4,28115.227,0.0,0.0,0.0,0.002,117146.7875
1758203,IT,BR,BASIC,MEATC,0.03,28115.162,4,4,28115.16,0.0,0.0,0.0,0.002,937172.066667
1678594,IT,GR,FORES,RADIO,0.25,28114.612,4,4,28103.612,0.0,11.0,0.0,0.0,112458.448
1677774,IT,FR,COMPU,FABRI,0.32,28114.282,4,4,28114.28,0.0,0.0,0.0,0.002,87857.13125
1681500,IT,GR,BUSIN,MEATP,0.29,28114.23,4,4,28114.228,0.0,0.0,0.0,0.002,96945.62069
1656201,IT,DE,TEXTI,OFFIC,0.17,28113.907,4,4,28113.903,0.0,0.0,0.0,0.004,165375.923529
1642621,IT,AT,FABRI,BIOGA,0.11,28113.895,4,4,28113.893,0.0,0.0,0.0,0.002,255580.863636
1786270,IT,ZA,FABRI,TEXTI,0.11,28111.764,4,4,28111.762,0.0,0.0,0.0,0.002,255561.490909
1686948,IT,HU,MACHI,RADIO,0.16,28111.752,4,4,28111.75,0.0,0.0,0.0,0.002,175698.45
1647979,IT,BE,RENTI,POSTT,0.17,28111.75,4,4,28111.748,0.0,0.0,0.0,0.002,165363.235294
1689197,IT,IE,RETAI,RUBBE,0.22,28110.2,4,4,28110.198,0.0,0.0,0.0,0.002,127773.636364
1798094,IT,WL,93197,WHOLE,0.19,28109.529,4,4,28109.526,0.0,0.0,0.0,0.003,147944.889474
1757711,IT,BR,NAPHT,FOOD5,0.05,28107.881,4,4,28107.879,0.0,0.0,0.0,0.002,562157.62
1813143,IT,WM,MOTO1,NFERT,0.15,28104.684,4,4,28104.682,0.0,0.0,0.0,0.002,187364.56
1784330,IT,ID,RUBBE,MEAT1,0.09,28102.088,4,4,28102.085,0.0,0.0,0.0,0.003,312245.422222
1731507,IT,SI,FISH5,DAIRY,0.12,28101.202,4,4,28101.188,0.0,0.0,0.0,0.014,234176.683333
1761163,IT,IN,CHEM1,TRANS,0.06,28100.745,4,4,28100.742,0.0,0.0,0.0,0.003,468345.75
1722638,IT,PT,TEXTI,SALEM,0.17,28098.929,4,4,28098.925,0.0,0.0,0.0,0.004,165287.817647
1683120,IT,HR,RUBBE,RAILW,0.09,28098.3,4,4,28098.297,0.0,0.0,0.0,0.003,312203.333333
1811764,IT,WM,ADDIT,NONME,0.07,28097.944,4,4,28097.942,0.0,0.0,0.0,0.002,401399.2
1727295,IT,RO,POSTT,BEVER,0.46,28097.372,4,4,28097.37,0.0,0.0,0.0,0.002,61081.243478
1649328,IT,BG,PLAST,PLAST,0.06,28097.13,4,4,28097.127,0.0,0.0,0.0,0.003,468285.5
1795656,IT,WL,FABRI,BIOGA,0.11,28096.391,4,4,28096.389,0.0,0.0,0.0,0.002,255421.736364
1805143,IT,WF,PFERT,CHARC,0.01,28094.239,4,4,28094.235,0.0,0.0,0.0,0.004,2809423.9
1768612,IT,AU,BEVER,HEALT,0.12,28093.201,4,4,28093.199,0.0,0.0,0.0,0.002,234110.008333
1781540,IT,NO,TEXTI,RETAI,0.17,28093.085,4,4,28093.081,0.0,0.0,0.0,0.004,165253.441176
1734635,IT,SK,TEXTI,FABRI,0.17,28092.167,4,4,28092.163,0.0,0.0,0.0,0.004,165248.041176
1787220,IT,WA,VEGET,NATUR,0.1,28090.663,3,3,28090.663,0.0,0.0,0.0,0.0,280906.63
1803441,IT,WF,MEAT1,COPPE,0.13,28090.008,4,4,28090.005,0.0,0.0,0.0,0.003,216076.984615
1679702,IT,GR,CEMEN,REALE,0.04,28089.86,3,3,28089.86,0.0,0.0,0.0,0.0,702246.5
1746077,IT,JP,PRINT,OFFIC,0.27,28088.217,4,4,28088.215,0.0,0.0,0.0,0.002,104030.433333
1784238,IT,ID,CHEM1,CATTL,0.06,28087.029,4,4,28087.026,0.0,0.0,0.0,0.003,468117.15
1803061,IT,WF,CEREA,NONME,0.05,28086.887,4,4,28086.885,0.0,0.0,0.0,0.002,561737.74
1747483,IT,JP,SEACO,LEAD1,0.03,28083.747,3,3,28083.747,0.0,0.0,0.0,0.0,936124.9
1666656,IT,ES,ADDIT,VEGET,0.07,28082.311,4,4,28082.309,0.0,0.0,0.0,0.002,401175.871429
1726102,IT,RO,RUBBE,NONF1,0.09,28081.995,4,4,28081.992,0.0,0.0,0.0,0.003,312022.166667
1711546,IT,LU,POSTT,HEALT,0.46,28081.176,4,4,28081.174,0.0,0.0,0.0,0.002,61046.034783
1732198,IT,SI,GASDI,MEMBE,0.04,28080.707,4,4,28080.705,0.0,0.0,0.0,0.002,702017.675
1676789,IT,FR,LANDT,BITU1,0.18,28080.316,3,3,28080.316,0.0,0.0,0.0,0.0,156001.755556
1660100,IT,DE,AIRTR,RETAI,0.03,28079.845,3,3,28079.845,0.0,0.0,0.0,0.0,935994.833333
1795941,IT,WL,MOTO1,PROCE,0.15,28077.404,4,4,28077.402,0.0,0.0,0.0,0.002,187182.693333
1758754,IT,BR,WHOLE,REALE,0.24,28076.727,4,4,28076.725,0.0,0.0,0.0,0.002,116986.3625
1748748,IT,CN,BEVER,SUPPO,0.12,28075.205,4,4,28075.203,0.0,0.0,0.0,0.002,233960.041667
1725101,IT,RO,ALUMI,CONST,0.05,28074.206,4,4,28074.204,0.0,0.0,0.0,0.002,561484.12
1715604,IT,NL,LIQUE,COKE1,0.05,28071.918,4,4,28071.916,0.0,0.0,0.0,0.002,561438.36
1799019,IT,WE,TEXTI,GASDI,0.17,28071.265,4,4,28071.261,0.0,0.0,0.0,0.004,165125.088235
1664777,IT,ES,CEREA,MEATP,0.05,28070.851,4,4,28070.849,0.0,0.0,0.0,0.002,561417.02
1687142,IT,HU,FURNI,TEXTI,0.09,28070.785,4,4,28070.783,0.0,0.0,0.0,0.002,311897.611111
1640130,IT,AT,CEREA,POULT,0.05,28070.417,4,4,28070.415,0.0,0.0,0.0,0.002,561408.34
1780285,IT,TW,LANDT,WHOLE,0.18,28067.995,3,3,28067.995,0.0,0.0,0.0,0.0,155933.305556
1796207,IT,WL,FURNI,MACHI,0.09,28066.023,4,4,28066.021,0.0,0.0,0.0,0.002,311844.7
1645237,IT,BE,COALT,NONME,0.04,28065.892,4,4,28065.89,0.0,0.0,0.0,0.002,701647.3
1737233,IT,GB,PROCE,BUSIN,0.19,28063.681,4,4,28063.679,0.0,0.0,0.0,0.002,147703.584211
1788499,IT,WA,PULP5,FOOD4,0.09,28063.131,4,4,28063.128,0.0,0.0,0.0,0.003,311812.566667
1804579,IT,WF,HEAVY,SANDC,0.05,28062.709,4,4,28062.707,0.0,0.0,0.0,0.002,561254.18
1766026,IT,RU,CHEM1,ELEC4,0.06,28060.115,4,4,28060.112,0.0,0.0,0.0,0.003,467668.583333
1755664,IT,KR,RUBBE,ALUM1,0.09,28058.947,4,4,28058.944,0.0,0.0,0.0,0.003,311766.077778
1723898,IT,PT,FURNI,FABRI,0.09,28058.932,4,4,28058.93,0.0,0.0,0.0,0.002,311765.911111
1751605,IT,CN,POSTT,HOTEL,0.46,28057.225,4,4,28057.223,0.0,0.0,0.0,0.002,60993.967391
1672283,IT,FI,RENTI,MACHI,0.17,28056.83,4,4,28056.828,0.0,0.0,0.0,0.002,165040.176471
1732945,IT,SI,ALUM1,LEAD1,0.05,28056.025,4,4,28056.023,0.0,0.0,0.0,0.002,561120.5
1790058,IT,WA,BASIC,POULT,0.03,28054.935,4,4,28054.933,0.0,0.0,0.0,0.002,935164.5
1796812,IT,WL,TRAN2,EDUCA,0.04,28052.829,3,3,28052.829,0.0,0.0,0.0,0.0,701320.725
1677349,IT,FR,INSUR,WHEAT,0.58,28052.527,3,3,28052.527,0.0,0.0,0.0,0.0,48366.425862
1783949,IT,ID,SANDC,WHOLE,0.06,28052.45,4,4,28046.45,0.0,0.0,6.0,0.0,467540.833333
1718359,IT,PL,BEVER,WOODW,0.12,28052.25,4,4,28052.248,0.0,0.0,0.0,0.002,233768.75
1677844,IT,FR,BUSIN,FISHF,0.29,28050.638,4,4,28050.636,0.0,0.0,0.0,0.002,96726.337931
1767249,IT,RU,HOTEL,FISH5,0.2,28049.213,4,4,28049.211,0.0,0.0,0.0,0.002,140246.065
1753739,IT,CA,FURNI,CHEMI,0.09,28047.88,4,4,28047.878,0.0,0.0,0.0,0.002,311643.111111
1763213,IT,MX,WOODW,LEATH,0.08,28046.967,4,4,28046.965,0.0,0.0,0.0,0.002,350587.0875
1687120,IT,HU,TRANS,SALEM,0.17,28046.454,4,4,28046.452,0.0,0.0,0.0,0.002,164979.141176
1672547,IT,FR,CEREA,PLAST,0.05,28046.009,4,4,28046.007,0.0,0.0,0.0,0.002,560920.18
1646771,IT,BE,CONST,RENTI,0.16,28045.26,3,3,28045.26,0.0,0.0,0.0,0.0,175282.875
1784984,IT,ID,INSUR,AUXIL,0.58,28042.928,3,3,28042.928,0.0,0.0,0.0,0.0,48349.875862
1654417,IT,CZ,WHOLE,OFFIC,0.24,28042.154,4,4,28042.152,0.0,0.0,0.0,0.002,116842.308333
1724415,IT,PT,AIRTR,KEROS,0.03,28041.579,3,3,28041.579,0.0,0.0,0.0,0.0,934719.3
1779895,IT,TW,CONST,POULT,0.16,28039.324,3,3,28039.324,0.0,0.0,0.0,0.0,175245.775
1755138,IT,KR,LEATH,FOUND,0.2,28039.256,4,4,28039.251,0.0,0.0,0.0,0.005,140196.28
1738345,IT,GB,BASIC,OILHA,0.03,28038.862,4,4,28038.86,0.0,0.0,0.0,0.002,934628.733333
1643432,IT,AT,LANDT,BIOGA,0.18,28037.775,3,3,28037.775,0.0,0.0,0.0,0.0,155765.416667
1723580,IT,PT,FABRI,MOTOR,0.11,28036.836,4,4,28036.834,0.0,0.0,0.0,0.002,254880.327273
1640935,IT,AT,WOODW,NATUR,0.08,28035.757,4,4,28035.755,0.0,0.0,0.0,0.002,350446.9625
1644891,IT,BE,LEATH,KEROS,0.2,28034.719,4,4,28034.714,0.0,0.0,0.0,0.005,140173.595
1663890,IT,EE,WEARI,BUSIN,0.21,28033.944,4,4,28033.939,0.0,0.0,0.0,0.005,133494.971429
1729690,IT,SE,FABRI,INTER,0.11,28032.42,4,4,28032.418,0.0,0.0,0.0,0.002,254840.181818
1802641,IT,WE,RENTI,CROPS,0.17,28031.25,4,4,28031.248,0.0,0.0,0.0,0.002,164889.705882
1809066,IT,WM,OILSE,RESEA,0.02,28030.375,3,3,28030.375,0.0,0.0,0.0,0.0,1401518.75
1647406,IT,BE,AIRTR,HEAVY,0.03,28029.944,3,3,28029.944,0.0,0.0,0.0,0.0,934331.466667
1713443,IT,MT,CHEM1,VEGET,0.06,28029.322,4,4,28029.319,0.0,0.0,0.0,0.003,467155.366667
1709671,IT,LT,PLAST,PRINT,0.06,28027.385,4,4,28027.382,0.0,0.0,0.0,0.003,467123.083333
1649606,IT,BG,GLASS,BEVER,0.08,28026.275,4,4,28026.273,0.0,0.0,0.0,0.002,350328.4375
1771379,IT,CH,FOOD5,MEATA,0.13,28024.386,4,4,28024.383,0.0,0.0,0.0,0.003,215572.2
1682939,IT,HR,NONSP,DIST1,0.04,28023.668,4,4,28023.666,0.0,0.0,0.0,0.002,700591.7
1772437,IT,CH,CHEM1,INLAN,0.06,28021.8,4,4,28021.797,0.0,0.0,0.0,0.003,467030.0
1673391,IT,FR,WEARI,RAWMI,0.21,28018.927,4,4,28018.922,0.0,0.0,0.0,0.005,133423.461905
1799858,IT,WE,GASDI,CHARC,0.04,28017.992,4,4,28017.99,0.0,0.0,0.0,0.002,700449.8
1729035,IT,SE,RUBBE,LEATH,0.09,28016.98,4,4,28016.977,0.0,0.0,0.0,0.003,311299.777778
1737498,IT,GB,WOODW,DAIRY,0.08,28016.764,4,4,28016.762,0.0,0.0,0.0,0.002,350209.55
1640862,IT,AT,LEATH,WOODW,0.2,28015.889,4,4,28015.884,0.0,0.0,0.0,0.005,140079.445
1739750,IT,GB,SUPPO,WASTE,0.2,28015.446,3,3,28015.446,0.0,0.0,0.0,0.0,140077.23
1710429,IT,LT,LANDT,MEATC,0.18,28014.82,3,3,28014.82,0.0,0.0,0.0,0.0,155637.888889
1791967,IT,WA,SEACO,NONF1,0.03,28013.086,3,3,28013.086,0.0,0.0,0.0,0.0,933769.533333
1686889,IT,HU,MACHI,RAWMI,0.16,28011.948,4,4,28011.946,0.0,0.0,0.0,0.002,175074.675
1733981,IT,SI,SUPPO,BUSIN,0.2,28011.429,3,3,28011.429,0.0,0.0,0.0,0.0,140057.145
1781361,IT,NO,DAIRY,MACHI,0.11,28008.711,4,4,28008.709,0.0,0.0,0.0,0.002,254624.645455
1687447,IT,HU,RAILW,RUBBE,0.19,28006.369,3,3,28006.369,0.0,0.0,0.0,0.0,147401.942105
1713410,IT,MT,BITU1,COMPU,0.04,28002.755,4,4,28002.753,0.0,0.0,0.0,0.002,700068.875
1785539,IT,ZA,AVIAT,FOOD3,0.07,28001.911,4,4,28001.909,0.0,0.0,0.0,0.002,400027.3
1685604,IT,HU,PRINT,POSTT,0.27,28001.59,4,4,28001.588,0.0,0.0,0.0,0.002,103709.592593
1673072,IT,FR,FOOD5,FURNI,0.13,28000.898,4,4,28000.895,0.0,0.0,0.0,0.003,215391.523077
1665102,IT,ES,VEGE1,DIST1,0.09,27997.928,4,4,27997.922,0.0,0.0,0.0,0.006,311088.088889
1681448,IT,GR,COMPU,MEAT4,0.32,27993.307,4,4,27993.305,0.0,0.0,0.0,0.002,87479.084375
1649024,IT,BG,WOODW,ALUM1,0.08,27992.25,4,4,27992.248,0.0,0.0,0.0,0.002,349903.125
1677025,IT,FR,SUPPO,MEATP,0.2,27992.218,3,3,27992.218,0.0,0.0,0.0,0.0,139961.09
1812270,IT,WM,BASIC,OILSE,0.03,27992.116,4,4,27992.114,0.0,0.0,0.0,0.002,933070.533333
1755778,IT,KR,CERAM,NONFE,0.04,27990.644,4,4,27990.642,0.0,0.0,0.0,0.002,699766.1
1726155,IT,RO,GLASS,DAIRY,0.08,27990.346,4,4,27990.344,0.0,0.0,0.0,0.002,349879.325
1653843,IT,CZ,FABRI,TOBAC,0.11,27990.148,4,4,27990.146,0.0,0.0,0.0,0.002,254455.890909
1719958,IT,PL,PREC1,COMPU,0.05,27990.076,3,3,27990.076,0.0,0.0,0.0,0.0,559801.52
1738834,IT,GB,MOTO1,RAILW,0.15,27988.202,4,4,27988.2,0.0,0.0,0.0,0.002,186588.013333
1795038,IT,WL,ADDIT,BITU1,0.06,27987.877,4,4,27987.875,0.0,0.0,0.0,0.002,466464.616667
1661672,IT,DK,TEXTI,POSTT,0.17,27987.661,4,4,27987.657,0.0,0.0,0.0,0.004,164633.3
1641445,IT,AT,GASDI,MEDIC,0.04,27986.309,4,4,27986.307,0.0,0.0,0.0,0.002,699657.725
1740222,IT,GB,BUSIN,CERAM,0.29,27985.822,4,4,27985.82,0.0,0.0,0.0,0.002,96502.834483
1729276,IT,SE,CEMEN,LANDT,0.04,27984.941,3,3,27984.941,0.0,0.0,0.0,0.0,699623.525
1727789,IT,RO,BUSIN,KEROS,0.29,27983.976,4,4,27983.974,0.0,0.0,0.0,0.002,96496.468966
1812657,IT,WM,COPP1,NAPHT,0.07,27979.246,3,3,27979.246,0.0,0.0,0.0,0.0,399703.514286
1755083,IT,KR,LEATH,VEGET,0.2,27979.175,4,4,27979.17,0.0,0.0,0.0,0.005,139895.875
1683326,IT,HR,NONME,PRINT,0.06,27978.549,4,4,27978.546,0.0,0.0,0.0,0.003,466309.15
1665547,IT,ES,LEATH,BEVER,0.2,27978.128,4,4,27978.123,0.0,0.0,0.0,0.005,139890.64
1746614,IT,JP,ALUM1,NONME,0.05,27976.311,4,4,27976.309,0.0,0.0,0.0,0.002,559526.22
1788144,IT,WA,WEARI,CHARC,0.21,27975.775,4,4,27975.77,0.0,0.0,0.0,0.005,133217.97619
1732358,IT,SI,PETRO,PULP5,0.05,27970.631,4,4,27970.629,0.0,0.0,0.0,0.002,559412.62
1710753,IT,LU,FISH5,CONST,0.12,27969.513,4,4,27969.499,0.0,0.0,0.0,0.014,233079.275
1656380,IT,DE,WOODW,ALUM1,0.08,27968.291,4,4,27968.289,0.0,0.0,0.0,0.002,349603.6375
1791937,IT,WA,SEACO,SUGA1,0.03,27966.762,3,3,27966.762,0.0,0.0,0.0,0.0,932225.4
1685727,IT,HU,NONSP,GASDI,0.04,27966.634,4,4,27966.632,0.0,0.0,0.0,0.002,699165.85
1644054,IT,AT,BUSIN,COPP1,0.29,27961.494,4,4,27961.492,0.0,0.0,0.0,0.002,96418.944828
1758969,IT,BR,LANDT,CROPS,0.18,27961.493,3,3,27961.493,0.0,0.0,0.0,0.0,155341.627778
1676504,IT,FR,RETA1,FOODW,0.29,27960.413,4,4,27960.411,0.0,0.0,0.0,0.002,96415.217241
1727471,IT,RO,AUXIL,MOTOR,0.51,27959.745,3,3,27959.745,0.0,0.0,0.0,0.0,54823.029412
1762196,IT,IN,SEACO,PLAST,0.03,27959.138,3,3,27959.138,0.0,0.0,0.0,0.0,931971.266667
1688778,IT,IE,RUBBE,SALEM,0.09,27957.776,4,4,27957.773,0.0,0.0,0.0,0.003,310641.955556
1644552,IT,BE,PROCE,PLAST,0.19,27957.189,4,4,27957.187,0.0,0.0,0.0,0.002,147143.1
1662787,IT,DK,TRANS,TRANS,0.17,27956.7,4,4,27956.698,0.0,0.0,0.0,0.002,164451.176471
1648105,IT,BE,RESEA,WHITE,0.15,27955.788,4,4,27955.786,0.0,0.0,0.0,0.002,186371.92
1761096,IT,IN,CHEM1,PLANT,0.06,27955.441,4,4,27955.438,0.0,0.0,0.0,0.003,465924.016667
1798483,IT,WE,NATUR,SUPPO,0.04,27954.701,4,4,27954.699,0.0,0.0,0.0,0.002,698867.525
1809090,IT,WM,CROPS,MEAT4,0.22,27954.365,4,4,27954.363,0.0,0.0,0.0,0.002,127065.295455
1641855,IT,AT,BIOGA,CONST,0.06,27953.909,4,4,27953.906,0.0,0.0,0.0,0.003,465898.483333
1710606,IT,LU,FISHF,BEVER,0.05,27953.791,3,3,27953.791,0.0,0.0,0.0,0.0,559075.82
1712480,IT,LV,COPP1,MACHI,0.07,27952.81,3,3,27952.81,0.0,0.0,0.0,0.0,399325.857143
1641278,IT,AT,MOTOR,DIST1,0.04,27951.412,4,4,27951.41,0.0,0.0,0.0,0.002,698785.3
1660350,IT,DE,FINAN,KEROS,0.36,27951.052,3,3,27951.052,0.0,0.0,0.0,0.0,77641.811111
1733094,IT,SI,FABRI,MEATC,0.11,27949.508,4,4,27949.506,0.0,0.0,0.0,0.002,254086.436364
1780679,IT,TW,AUXIL,AUXIL,0.51,27946.538,3,3,27946.538,0.0,0.0,0.0,0.0,54797.133333
1715213,IT,NL,WOODW,FURNI,0.08,27945.928,4,4,27945.926,0.0,0.0,0.0,0.002,349324.1
1661506,IT,DK,FOOD5,OFFIC,0.13,27945.86,4,4,27945.858,0.0,0.0,0.0,0.002,214968.153846
1661357,IT,DK,MEATC,PUBLI,0.09,27944.197,4,4,27944.195,0.0,0.0,0.0,0.002,310491.077778
1781976,IT,NO,RUBBE,MEAT1,0.09,27944.154,4,4,27944.151,0.0,0.0,0.0,0.003,310490.6
1792071,IT,WA,AIRTR,BRICK,0.03,27942.757,3,3,27942.757,0.0,0.0,0.0,0.0,931425.233333
1651633,IT,CY,BASIC,TEXTI,0.03,27941.5,4,4,27941.498,0.0,0.0,0.0,0.002,931383.333333
1710615,IT,LU,SANDC,PREC1,0.06,27940.906,4,4,27934.906,0.0,0.0,6.0,0.0,465681.766667
1734538,IT,SK,PROCE,RETA1,0.19,27939.423,4,4,27939.421,0.0,0.0,0.0,0.002,147049.594737
1755022,IT,KR,WEARI,LIQUE,0.21,27939.386,4,4,27939.381,0.0,0.0,0.0,0.005,133044.695238
1803327,IT,WF,STONE,WHOLE,0.09,27938.08,4,4,27936.08,0.0,0.0,2.0,0.0,310423.111111
1763730,IT,MX,GLASS,COPPE,0.08,27937.179,4,4,27937.177,0.0,0.0,0.0,0.002,349214.7375
1771296,IT,CH,DAIRY,WOODW,0.11,27935.946,4,4,27935.944,0.0,0.0,0.0,0.002,253963.145455
1730402,IT,SE,POSTT,FOOD5,0.46,27935.545,4,4,27935.543,0.0,0.0,0.0,0.002,60729.445652
1667577,IT,ES,FABRI,FOOD3,0.11,27935.298,4,4,27935.296,0.0,0.0,0.0,0.002,253957.254545
1725630,IT,RO,PULP5,DAIRY,0.09,27935.276,4,4,27935.273,0.0,0.0,0.0,0.003,310391.955556
1725748,IT,RO,PRINT,BEVER,0.27,27933.561,4,4,27933.559,0.0,0.0,0.0,0.002,103457.633333
1807807,IT,WF,FOODW,CONST,0.21,27932.162,4,4,27932.16,0.0,0.0,0.0,0.002,133010.295238
1763983,IT,MX,ALUM1,WOODW,0.05,27931.353,4,4,27931.351,0.0,0.0,0.0,0.002,558627.06
1714757,IT,NL,DAIRY,PUBLI,0.11,27931.342,4,4,27931.34,0.0,0.0,0.0,0.002,253921.290909
1748460,IT,CN,STONE,BRICK,0.09,27930.906,4,4,27928.906,0.0,0.0,2.0,0.0,310343.4
1794057,IT,WL,PAPER,NATUR,0.11,27929.331,4,4,27929.328,0.0,0.0,0.0,0.003,253903.009091
1780906,IT,TW,RESEA,TRANS,0.15,27928.697,4,4,27928.695,0.0,0.0,0.0,0.002,186191.313333
1763388,IT,MX,PRINT,LANDT,0.27,27927.881,4,4,27927.879,0.0,0.0,0.0,0.002,103436.596296
1781255,IT,NO,SANDC,CONST,0.06,27927.449,4,4,27921.449,0.0,0.0,6.0,0.0,465457.483333
1655272,IT,DE,WHEAT,PLAST,0.02,27926.737,3,3,27926.737,0.0,0.0,0.0,0.0,1396336.85
1714459,IT,NL,FORES,MACHI,0.24,27926.08,4,4,27915.08,0.0,11.0,0.0,0.0,116358.666667
1741679,IT,US,HEAVY,FURNI,0.05,27926.032,4,4,27926.03,0.0,0.0,0.0,0.002,558520.64
1680513,IT,GR,ELEC7,BEVER,0.02,27925.683,3,3,27925.683,0.0,0.0,0.0,0.0,1396284.15
1653510,IT,CZ,BASIC,NAPHT,0.03,27925.074,4,4,27925.072,0.0,0.0,0.0,0.002,930835.8
1802583,IT,WE,FINAN,AUXIL,0.36,27922.094,3,3,27922.094,0.0,0.0,0.0,0.0,77561.372222
1743453,IT,US,WHOLE,WEARI,0.24,27921.966,4,4,27921.964,0.0,0.0,0.0,0.002,116341.525
1664884,IT,ES,FORES,WHOLE,0.24,27921.873,4,4,27910.873,0.0,11.0,0.0,0.0,116341.1375
1685557,IT,HU,PAPER,POSTT,0.11,27920.918,4,4,27920.915,0.0,0.0,0.0,0.003,253826.527273
1800408,IT,WE,CHEM1,MEMBE,0.06,27919.522,4,4,27919.519,0.0,0.0,0.0,0.003,465325.366667
1777047,IT,TR,CHEM1,BIODI,0.06,27918.391,4,4,27918.388,0.0,0.0,0.0,0.003,465306.516667
1648544,IT,BG,CRUDE,TOBAC,0.05,27915.451,4,4,27915.449,0.0,0.0,0.0,0.002,558309.02
1734818,IT,SK,PULP5,WHOLE,0.09,27912.941,4,4,27912.938,0.0,0.0,0.0,0.003,310143.788889
1749458,IT,CN,HEAVY,CEMEN,0.05,27912.018,4,4,27912.016,0.0,0.0,0.0,0.002,558240.36
1687373,IT,HU,HOTEL,PLAST,0.2,27910.974,4,4,27910.972,0.0,0.0,0.0,0.002,139554.87
1743861,IT,US,SEACO,FISH5,0.03,27910.554,3,3,27910.554,0.0,0.0,0.0,0.0,930351.8
1662760,IT,DK,OFFIC,BUSIN,0.09,27910.375,4,4,27910.373,0.0,0.0,0.0,0.002,310115.277778
1811738,IT,WM,ADDIT,PRINT,0.06,27910.267,4,4,27910.265,0.0,0.0,0.0,0.002,465171.116667
1687695,IT,HU,AIRTR,MEMBE,0.03,27907.948,3,3,27907.948,0.0,0.0,0.0,0.0,930264.933333
1780606,IT,TW,INSUR,NONME,0.58,27906.623,3,3,27906.623,0.0,0.0,0.0,0.0,48114.867241
1656659,IT,DE,PRINT,WASTE,0.27,27906.471,4,4,27906.469,0.0,0.0,0.0,0.002,103357.3
1806107,IT,WF,FABRI,SUGA1,0.11,27906.142,4,4,27906.14,0.0,0.0,0.0,0.002,253692.2
1778227,IT,TR,FURNI,RAILW,0.09,27906.029,4,4,27906.027,0.0,0.0,0.0,0.002,310066.988889
1760999,IT,IN,NONSP,COKEO,0.04,27905.685,4,4,27905.683,0.0,0.0,0.0,0.002,697642.125
1730297,IT,SE,SEACO,RECRE,0.03,27904.068,3,3,27904.068,0.0,0.0,0.0,0.0,930135.6
1678311,IT,FR,FOOD3,INERT,0.08,27903.612,3,3,27903.612,0.0,0.0,0.0,0.0,348795.15
1717687,IT,NL,BUSIN,ELEC2,0.29,27903.165,4,4,27903.163,0.0,0.0,0.0,0.002,96217.810345
1781093,IT,TW,PUBLI,ELEC1,0.46,27902.491,4,4,27902.489,0.0,0.0,0.0,0.002,60657.58913
1802574,IT,WE,FINAN,HOTEL,0.36,27901.577,3,3,27901.577,0.0,0.0,0.0,0.0,77504.380556
1774210,IT,CH,RETA1,CHEM1,0.29,27900.15,4,4,27900.148,0.0,0.0,0.0,0.002,96207.413793
1811668,IT,WM,CHEM1,DIST1,0.06,27896.225,4,4,27896.222,0.0,0.0,0.0,0.003,464937.083333
1721643,IT,PL,POSTT,PUBLI,0.46,27896.167,4,4,27896.165,0.0,0.0,0.0,0.002,60643.841304
1804444,IT,WF,GASDI,PLANT,0.04,27895.809,4,4,27895.807,0.0,0.0,0.0,0.002,697395.225
1647519,IT,BE,SUPPO,COPP1,0.2,27889.877,3,3,27889.877,0.0,0.0,0.0,0.0,139449.385
1771000,IT,CH,OILSE,CONST,0.02,27888.982,3,3,27888.982,0.0,0.0,0.0,0.0,1394449.1
1651963,IT,CY,BUSIN,INSUR,0.29,27887.04,4,4,27887.038,0.0,0.0,0.0,0.002,96162.206897
1657990,IT,DE,BASIC,INERT,0.03,27885.792,4,4,27885.79,0.0,0.0,0.0,0.002,929526.4
1763187,IT,MX,LEATH,WHOLE,0.2,27884.885,4,4,27884.88,0.0,0.0,0.0,0.005,139424.425
1812645,IT,WM,COPP1,TOBAC,0.07,27884.466,3,3,27884.466,0.0,0.0,0.0,0.0,398349.514286
1679332,IT,GR,PETRO,KEROS,0.05,27884.044,4,4,27884.042,0.0,0.0,0.0,0.002,557680.88
1721493,IT,PL,SUPPO,DAIRY,0.2,27884.028,3,3,27884.028,0.0,0.0,0.0,0.0,139420.14
1712805,IT,LV,AIRTR,DIST1,0.03,27881.722,3,3,27881.722,0.0,0.0,0.0,0.0,929390.733333
1642360,IT,AT,BASIC,RETAI,0.03,27881.243,4,4,27881.241,0.0,0.0,0.0,0.002,929374.766667
1687006,IT,HU,MACHI,93197,0.16,27880.104,4,4,27880.102,0.0,0.0,0.0,0.002,174250.65
1711328,IT,LU,WHOLE,FABRI,0.24,27878.616,4,4,27878.614,0.0,0.0,0.0,0.002,116160.9
1773705,IT,CH,FURNI,TRAN2,0.09,27878.606,4,4,27878.604,0.0,0.0,0.0,0.002,309762.288889
1685819,IT,HU,PLAST,93197,0.06,27877.011,4,4,27877.008,0.0,0.0,0.0,0.003,464616.85
1745388,IT,JP,VEGE1,LANDT,0.09,27875.642,4,4,27875.636,0.0,0.0,0.0,0.006,309729.355556
1783720,IT,NO,FOOD4,RETA1,0.2,27873.712,4,4,27873.71,0.0,0.0,0.0,0.002,139368.56
1743169,IT,US,MOTO1,PAPE1,0.15,27873.268,4,4,27873.266,0.0,0.0,0.0,0.002,185821.786667
1790838,IT,WA,MACHI,STEAM,0.16,27871.946,4,4,27871.944,0.0,0.0,0.0,0.002,174199.6625
1643562,IT,AT,SEACO,MOTO1,0.03,27871.885,3,3,27871.885,0.0,0.0,0.0,0.0,929062.833333
1678749,IT,GR,SUGA1,TEXTI,0.07,27871.25,4,4,27871.245,0.0,0.0,0.0,0.005,398160.714286
1772851,IT,CH,BASIC,KEROS,0.03,27870.506,4,4,27870.504,0.0,0.0,0.0,0.002,929016.866667
1795261,IT,WL,CERAM,FABRI,0.04,27868.849,4,4,27868.847,0.0,0.0,0.0,0.002,696721.225
1782779,IT,NO,HOTEL,LIQUE,0.2,27867.247,4,4,27867.245,0.0,0.0,0.0,0.002,139336.235
1812399,IT,WM,PREC1,CROPS,0.05,27866.439,3,3,27866.439,0.0,0.0,0.0,0.0,557328.78
1794872,IT,WL,PFERT,PLAST,0.01,27866.045,4,4,27866.041,0.0,0.0,0.0,0.004,2786604.5
1748373,IT,CN,OILSE,BUSIN,0.02,27864.633,3,3,27864.633,0.0,0.0,0.0,0.0,1393231.65
1757073,IT,KR,BUSIN,SALEM,0.29,27864.166,4,4,27864.164,0.0,0.0,0.0,0.002,96083.331034
1641829,IT,AT,CHEM1,POSTT,0.06,27863.742,4,4,27863.739,0.0,0.0,0.0,0.003,464395.7
1646880,IT,BE,WHOLE,TOBAC,0.24,27863.673,4,4,27863.671,0.0,0.0,0.0,0.002,116098.6375
1671735,IT,FI,SALEM,INSUR,0.22,27863.561,4,4,27863.559,0.0,0.0,0.0,0.002,126652.55
1773389,IT,CH,MACHI,FOOD1,0.16,27862.845,4,4,27862.843,0.0,0.0,0.0,0.002,174142.78125
1723135,IT,PT,CHEM1,OILHA,0.06,27861.302,4,4,27861.299,0.0,0.0,0.0,0.003,464355.033333
1662986,IT,DK,HOTEL,DAIRY,0.2,27859.393,4,4,27859.391,0.0,0.0,0.0,0.002,139296.965
1782286,IT,NO,COPP1,WOODW,0.07,27858.479,3,3,27858.479,0.0,0.0,0.0,0.0,397978.271429
1737240,IT,GB,FOOD5,POULT,0.13,27858.309,4,4,27858.307,0.0,0.0,0.0,0.002,214294.684615
1716624,IT,NL,SALEM,PUBLI,0.22,27857.827,4,4,27857.825,0.0,0.0,0.0,0.002,126626.486364
1664424,IT,EE,MACHI,TRANS,0.16,27857.637,4,4,27857.635,0.0,0.0,0.0,0.002,174110.23125
1813726,IT,WM,HOTEL,FOOD5,0.2,27852.187,4,4,27852.185,0.0,0.0,0.0,0.002,139260.935
1741074,IT,US,TEXTI,SALEM,0.17,27852.074,4,4,27852.07,0.0,0.0,0.0,0.004,163835.729412
1784275,IT,ID,CHEM1,PREC1,0.06,27851.621,4,4,27851.618,0.0,0.0,0.0,0.003,464193.683333
1643607,IT,AT,AIRTR,HEAVY,0.03,27849.956,3,3,27849.956,0.0,0.0,0.0,0.0,928331.866667
1666923,IT,ES,GLASS,MEMBE,0.08,27845.468,4,4,27845.466,0.0,0.0,0.0,0.002,348068.35
1686191,IT,HU,GLASS,BIODI,0.08,27844.778,4,4,27844.776,0.0,0.0,0.0,0.002,348059.725
1680021,IT,GR,MACHI,PRINT,0.16,27844.623,4,4,27844.621,0.0,0.0,0.0,0.002,174028.89375
1777470,IT,TR,BASIC,MEAT1,0.03,27842.768,4,4,27842.766,0.0,0.0,0.0,0.002,928092.266667
1688845,IT,IE,BASIC,CHEM1,0.03,27842.543,4,4,27842.541,0.0,0.0,0.0,0.002,928084.766667
1804801,IT,WF,NAPHT,ALUM1,0.05,27841.922,4,4,27841.92,0.0,0.0,0.0,0.002,556838.44
1641936,IT,AT,RUBBE,POULT,0.09,27840.919,4,4,27840.916,0.0,0.0,0.0,0.003,309343.544444
1730935,IT,SE,INTER,RETA1,0.17,27840.721,4,4,27840.719,0.0,0.0,0.0,0.002,163768.947059
1661668,IT,DK,TEXTI,HOTEL,0.16,27839.771,4,4,27839.767,0.0,0.0,0.0,0.004,173998.56875
1758596,IT,BR,MOTO1,FURNI,0.15,27839.468,4,4,27839.466,0.0,0.0,0.0,0.002,185596.453333
1679363,IT,GR,PLAST,GLASS,0.06,27838.433,4,4,27838.43,0.0,0.0,0.0,0.003,463973.883333
1731296,IT,SI,VEGE1,MEATP,0.09,27837.768,4,4,27837.762,0.0,0.0,0.0,0.006,309308.533333
1735127,IT,SK,CHEM1,WASTE,0.06,27836.101,4,4,27836.098,0.0,0.0,0.0,0.003,463935.016667
1804137,IT,WF,PAPER,CHARC,0.11,27834.21,4,4,27834.207,0.0,0.0,0.0,0.003,253038.272727
1652855,IT,CZ,PRINT,RECRE,0.27,27829.988,4,4,27829.986,0.0,0.0,0.0,0.002,103074.02963
1671359,IT,FI,COPP1,FURNI,0.07,27827.334,3,3,27827.334,0.0,0.0,0.0,0.0,397533.342857
1665325,IT,ES,FISH5,DAIRY,0.12,27826.973,4,4,27826.959,0.0,0.0,0.0,0.014,231891.441667
1774632,IT,CH,AIRTR,DAIRY,0.03,27826.367,3,3,27826.367,0.0,0.0,0.0,0.0,927545.566667
1796331,IT,WL,SALEM,HEALT,0.22,27823.045,4,4,27823.043,0.0,0.0,0.0,0.002,126468.386364
1752289,IT,CA,SANDC,PAPER,0.06,27822.899,4,4,27816.899,0.0,0.0,6.0,0.0,463714.983333
1710119,IT,LT,MACHI,CATTL,0.16,27822.658,4,4,27822.656,0.0,0.0,0.0,0.002,173891.6125
1650528,IT,BG,ELEC7,LIGNI,0.02,27820.345,3,3,27820.345,0.0,0.0,0.0,0.0,1391017.25
1661145,IT,DE,RECRE,INSUR,0.35,27819.929,4,4,27819.927,0.0,0.0,0.0,0.002,79485.511429
1641929,IT,AT,RUBBE,CEREA,0.09,27817.487,4,4,27817.484,0.0,0.0,0.0,0.003,309083.188889
1740247,IT,GB,BUSIN,ELEC7,0.29,27817.186,4,4,27817.184,0.0,0.0,0.0,0.002,95921.331034
1788969,IT,WA,HEAVY,NONF1,0.04,27816.158,4,4,27816.156,0.0,0.0,0.0,0.002,695403.95
1756400,IT,KR,FURNI,AIRTR,0.09,27814.776,4,4,27814.774,0.0,0.0,0.0,0.002,309053.066667
1671886,IT,FI,HOTEL,LANDT,0.2,27811.774,4,4,27811.772,0.0,0.0,0.0,0.002,139058.87
1789736,IT,WA,GLASS,MEAT4,0.08,27811.349,4,4,27811.347,0.0,0.0,0.0,0.002,347641.8625
1758571,IT,BR,OFFIC,EDUCA,0.09,27810.579,4,4,27810.577,0.0,0.0,0.0,0.002,309006.433333
1668566,IT,ES,HOTEL,SEACO,0.2,27809.877,4,4,27809.875,0.0,0.0,0.0,0.002,139049.385
1673076,IT,FR,FOOD5,ELEC6,0.13,27809.748,4,4,27809.746,0.0,0.0,0.0,0.002,213921.138462
1644661,IT,BE,BEVER,MEATP,0.12,27808.657,4,4,27808.655,0.0,0.0,0.0,0.002,231738.808333
1682016,IT,HR,BEVER,CHEM1,0.12,27806.986,4,4,27806.984,0.0,0.0,0.0,0.002,231724.883333
1785412,IT,ZA,PAPER,NONME,0.11,27804.541,4,4,27804.538,0.0,0.0,0.0,0.003,252768.554545
1796872,IT,WL,SEACO,FABRI,0.03,27803.275,3,3,27803.275,0.0,0.0,0.0,0.0,926775.833333
1775567,IT,CH,WOOD2,PUBLI,0.15,27802.437,4,4,27802.435,0.0,0.0,0.0,0.002,185349.58
1783766,IT,NO,PAPE4,REALE,0.18,27801.05,4,4,27801.048,0.0,0.0,0.0,0.002,154450.277778
1661442,IT,DK,DAIRY,WEARI,0.11,27800.137,4,4,27800.135,0.0,0.0,0.0,0.002,252728.518182
1668812,IT,ES,LANDT,MEMBE,0.18,27799.932,3,3,27799.932,0.0,0.0,0.0,0.0,154444.066667
1684952,IT,HU,MEAT1,CROPS,0.13,27799.697,4,4,27799.694,0.0,0.0,0.0,0.003,213843.823077
1745320,IT,JP,VEGE1,FISHF,0.09,27797.277,4,4,27797.271,0.0,0.0,0.0,0.006,308858.633333
1662869,IT,DK,WHOLE,PRINT,0.24,27796.429,4,4,27796.427,0.0,0.0,0.0,0.002,115818.454167
1670446,IT,FI,FOOD5,REALE,0.13,27793.146,4,4,27793.144,0.0,0.0,0.0,0.002,213793.430769
1809490,IT,WM,MEAT1,HOTEL,0.13,27792.58,4,4,27792.577,0.0,0.0,0.0,0.003,213789.076923
1794601,IT,WL,HEAVY,RETAI,0.04,27792.193,4,4,27792.191,0.0,0.0,0.0,0.002,694804.825
1772181,IT,CH,GASDI,PAPER,0.04,27791.86,4,4,27791.858,0.0,0.0,0.0,0.002,694796.5
1712815,IT,LV,SUPPO,WOODW,0.2,27791.015,3,3,27791.015,0.0,0.0,0.0,0.0,138955.075
1786035,IT,ZA,CERAM,PRECI,0.04,27788.585,4,4,27788.583,0.0,0.0,0.0,0.002,694714.625
1668117,IT,ES,CONST,HOTEL,0.16,27787.362,3,3,27787.362,0.0,0.0,0.0,0.0,173671.0125
1685453,IT,HU,WOODW,TRANS,0.08,27786.973,4,4,27786.971,0.0,0.0,0.0,0.002,347337.1625
1732250,IT,SI,LIQUE,COPP1,0.05,27786.617,4,4,27786.615,0.0,0.0,0.0,0.002,555732.34
1722787,IT,PT,PAPER,BASIC,0.11,27785.98,4,4,27785.977,0.0,0.0,0.0,0.003,252599.818182
1732083,IT,SI,KERO1,FABRI,0.04,27785.884,4,4,27785.882,0.0,0.0,0.0,0.002,694647.1
1661746,IT,DK,LEATH,WOODW,0.2,27785.335,4,4,27785.33,0.0,0.0,0.0,0.005,138926.675
1646054,IT,BE,BASIC,BEVER,0.03,27785.129,4,4,27785.127,0.0,0.0,0.0,0.002,926170.966667
1717978,IT,PL,SANDC,FURNI,0.06,27784.514,4,4,27778.514,0.0,0.0,6.0,0.0,463075.233333
1796484,IT,WL,RETA1,FISH5,0.29,27784.248,4,4,27784.246,0.0,0.0,0.0,0.002,95807.751724
1805900,IT,WF,ALUM1,HOTEL,0.05,27784.157,4,4,27784.155,0.0,0.0,0.0,0.002,555683.14
1738251,IT,GB,CEMEN,COMPU,0.04,27781.804,3,3,27781.804,0.0,0.0,0.0,0.0,694545.1
1656279,IT,DE,LEATH,CATTL,0.2,27781.792,4,4,27781.787,0.0,0.0,0.0,0.005,138908.96
1658419,IT,DE,FABRI,NAPHT,0.11,27780.808,4,4,27780.806,0.0,0.0,0.0,0.002,252552.8
1653333,IT,CZ,GLASS,NFERT,0.08,27780.764,4,4,27780.762,0.0,0.0,0.0,0.002,347259.55
1771453,IT,CH,BEVER,PRINT,0.12,27776.166,4,4,27776.164,0.0,0.0,0.0,0.002,231468.05
1652853,IT,CZ,PRINT,HEALT,0.27,27775.252,4,4,27775.25,0.0,0.0,0.0,0.002,102871.303704
1646360,IT,BE,FABRI,BIOGA,0.11,27773.839,4,4,27773.837,0.0,0.0,0.0,0.002,252489.445455
1715219,IT,NL,WOODW,LANDT,0.08,27772.683,4,4,27772.681,0.0,0.0,0.0,0.002,347158.5375
1747285,IT,JP,WHOLE,BASIC,0.24,27772.41,4,4,27772.408,0.0,0.0,0.0,0.002,115718.375
1672740,IT,FR,CHEMI,DIST1,0.07,27772.405,5,5,27771.402,0.0,0.0,1.0,0.003,396748.642857
1781754,IT,NO,PAPER,COMPU,0.11,27771.97,4,4,27771.967,0.0,0.0,0.0,0.003,252472.454545
1721195,IT,PL,LANDT,MEATA,0.18,27770.767,3,3,27770.767,0.0,0.0,0.0,0.0,154282.038889
1716681,IT,NL,WHOLE,ALUM1,0.24,27768.105,4,4,27768.103,0.0,0.0,0.0,0.002,115700.4375
1752584,IT,CA,FISH5,BEVER,0.12,27767.463,4,4,27767.449,0.0,0.0,0.0,0.014,231395.525
1655477,IT,DE,FISHF,LANDT,0.05,27766.534,3,3,27766.534,0.0,0.0,0.0,0.0,555330.68
1722784,IT,PT,PAPER,BRICK,0.11,27766.266,4,4,27766.263,0.0,0.0,0.0,0.003,252420.6
1672728,IT,FR,CHEMI,ADDIT,0.07,27762.93,5,5,27761.927,0.0,0.0,1.0,0.003,396613.285714
1673686,IT,FR,PAPER,FISHF,0.11,27762.6,4,4,27762.597,0.0,0.0,0.0,0.003,252387.272727
1725317,IT,RO,BEVER,POSTT,0.12,27759.706,4,4,27759.704,0.0,0.0,0.0,0.002,231330.883333
1676969,IT,FR,AIRTR,RADIO,0.03,27757.881,3,3,27757.881,0.0,0.0,0.0,0.0,925262.7
1641145,IT,AT,PAPER,FOOD2,0.11,27756.11,4,4,27756.107,0.0,0.0,0.0,0.003,252328.272727
1651974,IT,CY,BUSIN,RECRE,0.29,27755.025,4,4,27755.023,0.0,0.0,0.0,0.002,95706.982759
1720761,IT,PL,TRANS,DISTR,0.17,27750.247,4,4,27750.245,0.0,0.0,0.0,0.002,163236.747059
1786808,IT,ZA,HOTEL,MEDIC,0.2,27749.59,4,4,27749.588,0.0,0.0,0.0,0.002,138747.95
1675466,IT,FR,OFFIC,FOOD5,0.09,27744.843,4,4,27744.841,0.0,0.0,0.0,0.002,308276.033333
1735246,IT,SK,GLASS,FORES,0.08,27744.559,4,4,27744.557,0.0,0.0,0.0,0.002,346806.9875
1745409,IT,JP,DAIRY,MEATC,0.11,27743.437,4,4,27743.435,0.0,0.0,0.0,0.002,252213.063636
1658954,IT,DE,FURNI,OILHA,0.09,27742.699,4,4,27742.697,0.0,0.0,0.0,0.002,308252.211111
1712037,IT,LV,FOOD5,PAPER,0.13,27742.238,4,4,27742.236,0.0,0.0,0.0,0.002,213401.830769
1663740,IT,EE,FOOD5,PIGS9,0.13,27741.926,4,4,27741.924,0.0,0.0,0.0,0.002,213399.430769
1746863,IT,JP,MACHI,WOOD1,0.15,27739.674,4,4,27739.672,0.0,0.0,0.0,0.002,184931.16
1728164,IT,SE,DAIRY,RESEA,0.11,27739.289,4,4,27739.287,0.0,0.0,0.0,0.002,252175.354545
1814015,IT,WM,SEACO,MEDIC,0.03,27736.726,3,3,27736.726,0.0,0.0,0.0,0.0,924557.533333
1711072,IT,LU,PREC1,WHOLE,0.05,27736.538,3,3,27736.538,0.0,0.0,0.0,0.0,554730.76
1747038,IT,JP,TRANS,BUSIN,0.17,27733.804,4,4,27733.802,0.0,0.0,0.0,0.002,163140.023529
1689300,IT,IE,RETA1,SUGAR,0.29,27733.701,4,4,27733.699,0.0,0.0,0.0,0.002,95633.451724
1784004,IT,ID,BEVER,CONST,0.12,27733.555,4,4,27733.553,0.0,0.0,0.0,0.002,231112.958333
1663944,IT,EE,WOODW,SUPPO,0.08,27732.866,4,4,27732.864,0.0,0.0,0.0,0.002,346660.825
1684234,IT,HR,SEACO,RUBBE,0.03,27732.4,3,3,27732.4,0.0,0.0,0.0,0.0,924413.333333
1671712,IT,FI,SALEM,CEMEN,0.22,27731.967,4,4,27731.965,0.0,0.0,0.0,0.002,126054.395455
1772606,IT,CH,GLASS,STONE,0.08,27730.885,4,4,27730.883,0.0,0.0,0.0,0.002,346636.0625
1737195,IT,GB,DAIRY,SUPPO,0.11,27730.177,4,4,27730.175,0.0,0.0,0.0,0.002,252092.518182
1771519,IT,CH,FISH5,HEALT,0.12,27728.803,4,4,27728.789,0.0,0.0,0.0,0.014,231073.358333
1645046,IT,BE,PAPER,LEATH,0.11,27728.722,4,4,27728.719,0.0,0.0,0.0,0.003,252079.290909
1722121,IT,PL,BUSIN,ELECT,0.28,27727.211,4,4,27727.209,0.0,0.0,0.0,0.002,99025.753571
1776890,IT,TR,PLAST,MEAT1,0.06,27724.783,4,4,27724.78,0.0,0.0,0.0,0.003,462079.716667
1796680,IT,WL,HOTEL,PRIVA,0.2,27724.449,4,4,27724.447,0.0,0.0,0.0,0.002,138622.245
1667329,IT,ES,ALUM1,PUBLI,0.05,27723.523,4,4,27723.521,0.0,0.0,0.0,0.002,554470.46
1649400,IT,BG,CHEM1,TOBAC,0.06,27720.063,4,4,27720.06,0.0,0.0,0.0,0.003,462001.05
1794266,IT,WL,MOTOR,MEAT4,0.04,27719.333,4,4,27719.331,0.0,0.0,0.0,0.002,692983.325
1800363,IT,WE,CHEM1,PFERT,0.06,27718.803,4,4,27718.8,0.0,0.0,0.0,0.003,461980.05
1742537,IT,US,BASIC,TEXT2,0.03,27718.365,4,4,27718.363,0.0,0.0,0.0,0.002,923945.5
1673109,IT,FR,FOOD5,INTER,0.13,27718.333,4,4,27718.331,0.0,0.0,0.0,0.002,213217.946154
1749827,IT,CN,RUBBE,MOTOR,0.09,27717.216,4,4,27717.213,0.0,0.0,0.0,0.003,307969.066667
1741344,IT,US,PAPER,93197,0.11,27715.469,4,4,27715.466,0.0,0.0,0.0,0.003,251958.809091
1768046,IT,RU,BUSIN,HEAVY,0.28,27713.24,4,4,27713.238,0.0,0.0,0.0,0.002,98975.857143
1780329,IT,TW,AIRTR,VEGE1,0.03,27712.877,3,3,27712.877,0.0,0.0,0.0,0.0,923762.566667
1672522,IT,FR,WHEAT,MEATP,0.02,27712.612,3,3,27712.612,0.0,0.0,0.0,0.0,1385630.6
1761546,IT,IN,LEAD1,MEDIC,0.05,27712.566,4,4,27712.564,0.0,0.0,0.0,0.002,554251.32
1716596,IT,NL,SALEM,FABRI,0.22,27711.975,4,4,27711.973,0.0,0.0,0.0,0.002,125963.522727
1660253,IT,DE,POSTT,BASIC,0.46,27711.357,4,4,27711.355,0.0,0.0,0.0,0.002,60242.080435
1675538,IT,FR,MOTO1,SUGAR,0.15,27710.278,4,4,27710.276,0.0,0.0,0.0,0.002,184735.186667
1780009,IT,TW,SALEM,MOTO1,0.22,27710.088,4,4,27710.086,0.0,0.0,0.0,0.002,125954.945455
1777655,IT,TR,LEAD1,CEMEN,0.05,27708.891,4,4,27708.889,0.0,0.0,0.0,0.002,554177.82
1650566,IT,BG,ELEC7,REALE,0.02,27707.013,3,3,27707.013,0.0,0.0,0.0,0.0,1385350.65
1803778,IT,WF,TEXTI,COPPE,0.16,27705.853,4,4,27705.849,0.0,0.0,0.0,0.004,173161.58125
1761450,IT,IN,BASIC,HEALT,0.03,27704.171,4,4,27704.169,0.0,0.0,0.0,0.002,923472.366667
1712844,IT,LV,AUXIL,WHOLE,0.51,27703.069,3,3,27703.069,0.0,0.0,0.0,0.0,54319.743137
1814072,IT,WM,AIRTR,SANDC,0.03,27700.095,3,3,27700.095,0.0,0.0,0.0,0.0,923336.5
1644524,IT,BE,DAIRY,RENTI,0.11,27698.699,4,4,27698.697,0.0,0.0,0.0,0.002,251806.354545
1810947,IT,WM,GASDI,PAPER,0.04,27698.622,4,4,27698.62,0.0,0.0,0.0,0.002,692465.55
1768200,IT,RU,PUBLI,HEALT,0.45,27696.359,4,4,27696.357,0.0,0.0,0.0,0.002,61547.464444
1735221,IT,SK,RUBBE,RESEA,0.09,27694.526,4,4,27694.523,0.0,0.0,0.0,0.003,307716.955556
1651006,IT,BG,SUPPO,FINAN,0.2,27692.577,3,3,27692.577,0.0,0.0,0.0,0.0,138462.885
1744338,IT,US,FINAN,LANDT,0.36,27692.038,3,3,27692.038,0.0,0.0,0.0,0.0,76922.327778
1745260,IT,JP,MEATC,FOOD5,0.09,27691.879,4,4,27691.877,0.0,0.0,0.0,0.002,307687.544444
1722590,IT,PT,FISH5,HEALT,0.12,27689.691,4,4,27689.677,0.0,0.0,0.0,0.014,230747.425
1645494,IT,BE,PLAST,LEATH,0.06,27689.109,4,4,27689.106,0.0,0.0,0.0,0.003,461485.15
1640274,IT,AT,STONE,RETA1,0.09,27688.298,4,4,27686.298,0.0,0.0,2.0,0.0,307647.755556
1689405,IT,IE,HOTEL,FISHF,0.2,27688.042,4,4,27688.04,0.0,0.0,0.0,0.002,138440.21
1684990,IT,HU,VEGE1,SUGA1,0.09,27687.644,4,4,27687.638,0.0,0.0,0.0,0.006,307640.488889
1681568,IT,GR,BUSIN,TRAN2,0.28,27686.988,4,4,27686.986,0.0,0.0,0.0,0.002,98882.1
1643096,IT,AT,WHOLE,TRANS,0.24,27686.671,4,4,27686.669,0.0,0.0,0.0,0.002,115361.129167
1683197,IT,HR,GLASS,SALEM,0.08,27686.333,4,4,27686.331,0.0,0.0,0.0,0.002,346079.1625
1643946,IT,AT,COMPU,RUBBE,0.32,27685.981,4,4,27685.979,0.0,0.0,0.0,0.002,86518.690625
1686959,IT,HU,MACHI,TRAN1,0.15,27685.616,4,4,27685.614,0.0,0.0,0.0,0.002,184570.773333
1758320,IT,BR,COPP1,MEDIC,0.07,27684.672,3,3,27684.672,0.0,0.0,0.0,0.0,395495.314286
1768739,IT,AU,WEARI,CEMEN,0.21,27683.279,4,4,27683.274,0.0,0.0,0.0,0.005,131825.138095
1800748,IT,WE,NONME,CHEM1,0.06,27682.77,4,4,27682.767,0.0,0.0,0.0,0.003,461379.5
1679937,IT,GR,FABRI,MOTOR,0.11,27681.785,4,4,27681.783,0.0,0.0,0.0,0.002,251652.590909
1735803,IT,SK,MACHI,PREC1,0.15,27680.871,4,4,27680.869,0.0,0.0,0.0,0.002,184539.14
1807100,IT,WF,SEACO,AIRTR,0.03,27679.563,3,3,27679.563,0.0,0.0,0.0,0.0,922652.1
1649142,IT,BG,PAPER,RESEA,0.11,27675.969,4,4,27675.966,0.0,0.0,0.0,0.003,251599.718182
1756337,IT,KR,MOTO1,MEMBE,0.15,27675.418,4,4,27675.416,0.0,0.0,0.0,0.002,184502.786667
1677316,IT,FR,FINAN,SEACO,0.36,27674.551,3,3,27674.551,0.0,0.0,0.0,0.0,76873.752778
1752675,IT,CA,WEARI,FURNI,0.21,27672.698,4,4,27672.693,0.0,0.0,0.0,0.005,131774.752381
1757046,IT,KR,BUSIN,NONME,0.28,27672.013,4,4,27672.011,0.0,0.0,0.0,0.002,98828.617857
1763410,IT,MX,MOTOR,LANDT,0.04,27669.323,4,4,27669.321,0.0,0.0,0.0,0.002,691733.075
1802147,IT,WE,HOTEL,BITUM,0.2,27667.595,4,4,27667.593,0.0,0.0,0.0,0.002,138337.975
1729288,IT,SE,NONME,COPPE,0.06,27667.103,4,4,27667.1,0.0,0.0,0.0,0.003,461118.383333
1777186,IT,TR,RUBBE,CROPS,0.09,27666.986,4,4,27666.983,0.0,0.0,0.0,0.003,307410.955556
1676696,IT,FR,RAILW,MACHI,0.19,27665.433,3,3,27665.433,0.0,0.0,0.0,0.0,145607.542105
1733236,IT,SI,MACHI,DIST1,0.15,27664.97,4,4,27664.968,0.0,0.0,0.0,0.002,184433.133333
1643970,IT,AT,COMPU,DIST1,0.32,27664.314,4,4,27664.312,0.0,0.0,0.0,0.002,86450.98125
1657342,IT,DE,BIODI,VEGET,0.06,27661.869,4,4,27661.866,0.0,0.0,0.0,0.003,461031.15
1682768,IT,HR,HEAVY,CROPS,0.04,27660.625,4,4,27660.623,0.0,0.0,0.0,0.002,691515.625
1716967,IT,NL,RAILW,BUSIN,0.19,27658.194,3,3,27658.194,0.0,0.0,0.0,0.0,145569.442105
1777996,IT,TR,MACHI,FOOD2,0.15,27656.134,4,4,27656.132,0.0,0.0,0.0,0.002,184374.226667
1652945,IT,CZ,HEAVY,PFERT,0.04,27654.124,4,4,27654.122,0.0,0.0,0.0,0.002,691353.1
1688692,IT,IE,CHEM1,GLASS,0.06,27654.007,4,4,27654.004,0.0,0.0,0.0,0.003,460900.116667
1761224,IT,IN,RUBBE,WHEAT,0.09,27652.081,4,4,27652.078,0.0,0.0,0.0,0.003,307245.344444
1660800,IT,DE,COMPU,NUCLE,0.32,27651.592,4,4,27651.59,0.0,0.0,0.0,0.002,86411.225
1767528,IT,RU,AIRTR,PRINT,0.03,27651.083,3,3,27651.083,0.0,0.0,0.0,0.0,921702.766667
1772683,IT,CH,CERAM,RUBBE,0.04,27650.147,3,3,27650.147,0.0,0.0,0.0,0.0,691253.675
1755014,IT,KR,WEARI,PAPER,0.21,27649.199,4,4,27649.194,0.0,0.0,0.0,0.005,131662.852381
1651685,IT,CY,FABRI,VEGET,0.11,27648.727,4,4,27648.725,0.0,0.0,0.0,0.002,251352.063636
1719564,IT,PL,GLASS,COMPU,0.08,27648.464,4,4,27648.462,0.0,0.0,0.0,0.002,345605.8
1647358,IT,BE,SEACO,ELECT,0.03,27645.807,3,3,27645.807,0.0,0.0,0.0,0.0,921526.9
1777994,IT,TR,MACHI,INTER,0.15,27645.696,4,4,27645.694,0.0,0.0,0.0,0.002,184304.64
1746807,IT,JP,MACHI,NONF1,0.15,27645.481,4,4,27645.479,0.0,0.0,0.0,0.002,184303.206667
1642888,IT,AT,MOTO1,PUBLI,0.15,27644.564,4,4,27644.562,0.0,0.0,0.0,0.002,184297.093333
1652940,IT,CZ,HEAVY,WOODW,0.04,27639.102,4,4,27639.1,0.0,0.0,0.0,0.002,690977.55
1724161,IT,PT,RETA1,RESEA,0.29,27638.514,4,4,27638.512,0.0,0.0,0.0,0.002,95305.22069
1778493,IT,TR,RETA1,VEGET,0.29,27638.512,4,4,27638.51,0.0,0.0,0.0,0.002,95305.213793
1777995,IT,TR,MACHI,OILHA,0.15,27638.228,4,4,27638.226,0.0,0.0,0.0,0.002,184254.853333
1770556,IT,AU,SUPPO,LANDT,0.2,27638.167,3,3,27638.167,0.0,0.0,0.0,0.0,138190.835
1780839,IT,TW,COMPU,ELEC1,0.32,27638.111,4,4,27638.109,0.0,0.0,0.0,0.002,86369.096875
1797587,IT,WL,HEALT,RAWMI,0.14,27634.593,3,3,27634.593,0.0,0.0,0.0,0.0,197389.95
1640900,IT,AT,LEATH,DIST1,0.2,27633.139,4,4,27633.134,0.0,0.0,0.0,0.005,138165.695
1769358,IT,AU,GLASS,PUBLI,0.08,27630.997,4,4,27630.995,0.0,0.0,0.0,0.002,345387.4625
1750458,IT,CN,MACHI,DAIRY,0.15,27629.067,4,4,27629.065,0.0,0.0,0.0,0.002,184193.78
1803936,IT,WF,WEARI,AIRTR,0.21,27628.81,4,4,27628.805,0.0,0.0,0.0,0.005,131565.761905
1778004,IT,TR,MACHI,WOOD2,0.15,27628.599,4,4,27628.597,0.0,0.0,0.0,0.002,184190.66
1745673,IT,JP,TEXTI,RAILW,0.16,27627.569,4,4,27627.565,0.0,0.0,0.0,0.004,172672.30625
1778001,IT,TR,MACHI,PLAS2,0.15,27627.229,4,4,27627.227,0.0,0.0,0.0,0.002,184181.526667
1678604,IT,GR,FISHF,ALUM1,0.05,27626.672,3,3,27626.672,0.0,0.0,0.0,0.0,552533.44
1653960,IT,CZ,MACHI,MEAT1,0.15,27625.122,4,4,27625.12,0.0,0.0,0.0,0.002,184167.48
1759586,IT,BR,COMPU,SALEM,0.32,27624.525,4,4,27624.523,0.0,0.0,0.0,0.002,86326.640625
1736569,IT,SK,SUPPO,WHOLE,0.2,27623.186,3,3,27623.186,0.0,0.0,0.0,0.0,138115.93
1674975,IT,FR,PREC1,LEATH,0.05,27622.484,3,3,27622.484,0.0,0.0,0.0,0.0,552449.68
1651539,IT,CY,RUBBE,RUBBE,0.09,27621.881,4,4,27621.878,0.0,0.0,0.0,0.003,306909.788889
1664326,IT,EE,FABRI,TEXTI,0.11,27621.42,4,4,27621.418,0.0,0.0,0.0,0.002,251103.818182
1656980,IT,DE,LIQUE,SEACO,0.05,27621.314,4,4,27621.312,0.0,0.0,0.0,0.002,552426.28
1803099,IT,WF,VEGET,NATU1,0.1,27621.024,3,3,27621.024,0.0,0.0,0.0,0.0,276210.24
1683032,IT,HR,CHEM1,RAILW,0.06,27619.61,4,4,27619.607,0.0,0.0,0.0,0.003,460326.833333
1679046,IT,GR,WOODW,MACHI,0.08,27619.531,4,4,27619.529,0.0,0.0,0.0,0.002,345244.1375
1711182,IT,LU,FABRI,RECRE,0.11,27618.237,4,4,27618.235,0.0,0.0,0.0,0.002,251074.881818
1742455,IT,US,BASIC,BEVER,0.03,27616.597,4,4,27616.595,0.0,0.0,0.0,0.002,920553.233333
1743201,IT,US,TRANS,RUBBE,0.16,27615.109,3,3,27615.109,0.0,0.0,0.0,0.0,172594.43125
1656446,IT,DE,PULP5,CONST,0.08,27614.329,4,4,27614.326,0.0,0.0,0.0,0.003,345179.1125
1762683,IT,IN,RESEA,MEMBE,0.15,27614.166,4,4,27614.164,0.0,0.0,0.0,0.002,184094.44
1649714,IT,BG,NONME,SUPPO,0.06,27613.909,4,4,27613.906,0.0,0.0,0.0,0.003,460231.816667
1764906,IT,MX,AIRTR,INSUR,0.03,27613.456,3,3,27613.456,0.0,0.0,0.0,0.0,920448.533333
1676785,IT,FR,LANDT,REFI1,0.18,27612.235,3,3,27612.235,0.0,0.0,0.0,0.0,153401.305556
1785836,IT,ZA,CHEM1,TRANS,0.06,27611.336,4,4,27611.333,0.0,0.0,0.0,0.003,460188.933333
1751025,IT,CN,WHOLE,CEMEN,0.24,27610.314,4,4,27610.312,0.0,0.0,0.0,0.002,115042.975
1649234,IT,BG,KEROS,RENTI,0.04,27609.929,4,4,27609.927,0.0,0.0,0.0,0.002,690248.225
1804426,IT,WF,KERO1,LEADZ,0.04,27609.795,4,4,27609.793,0.0,0.0,0.0,0.002,690244.875
1783237,IT,NO,BUSIN,PUBLI,0.28,27609.563,4,4,27609.561,0.0,0.0,0.0,0.002,98605.582143
1747563,IT,JP,AIRTR,NONSP,0.03,27608.337,3,3,27608.337,0.0,0.0,0.0,0.0,920277.9
1718032,IT,PL,CHEMI,WHOLE,0.07,27606.487,5,5,27605.484,0.0,0.0,1.0,0.003,394378.385714
1643638,IT,AT,AIRTR,BLAST,0.03,27606.256,3,3,27606.256,0.0,0.0,0.0,0.0,920208.533333
1662866,IT,DK,WHOLE,WOODW,0.24,27605.935,4,4,27605.933,0.0,0.0,0.0,0.002,115024.729167
1725542,IT,RO,LEATH,ELEC4,0.2,27605.597,4,4,27605.592,0.0,0.0,0.0,0.005,138027.985
1675145,IT,FR,COPP1,BLAST,0.07,27604.752,3,3,27604.752,0.0,0.0,0.0,0.0,394353.6
1677074,IT,FR,SUPPO,ELECT,0.2,27603.832,3,3,27603.832,0.0,0.0,0.0,0.0,138019.16
1722061,IT,PL,BUSIN,NATUR,0.28,27603.147,4,4,27603.145,0.0,0.0,0.0,0.002,98582.667857
1760452,IT,IN,BEVER,HOTEL,0.12,27603.08,4,4,27603.078,0.0,0.0,0.0,0.002,230025.666667
1740558,IT,US,VEGET,RETA1,0.1,27599.062,3,3,27599.062,0.0,0.0,0.0,0.0,275990.62
1655782,IT,DE,MEAT4,FISH5,0.15,27598.899,4,4,27598.897,0.0,0.0,0.0,0.002,183992.66
1759819,IT,BR,BUSIN,PLAS2,0.28,27598.328,4,4,27598.326,0.0,0.0,0.0,0.002,98565.457143
1716023,IT,NL,NONME,FOOD5,0.06,27598.008,4,4,27598.005,0.0,0.0,0.0,0.003,459966.8
1736001,IT,SK,TRANS,FABRI,0.16,27597.477,3,3,27597.477,0.0,0.0,0.0,0.0,172484.23125
1733940,IT,SI,SUPPO,RUBBE,0.2,27597.244,3,3,27597.244,0.0,0.0,0.0,0.0,137986.22
1805339,IT,WF,RUBBE,CHEMI,0.09,27597.129,4,4,27597.126,0.0,0.0,0.0,0.003,306634.766667
1657741,IT,DE,CEMEN,RETA1,0.04,27596.234,3,3,27596.234,0.0,0.0,0.0,0.0,689905.85
1683911,IT,HR,FURNI,OFFIC,0.09,27596.001,4,4,27595.999,0.0,0.0,0.0,0.002,306622.233333
1782237,IT,NO,PREC1,FOUND,0.05,27594.27,3,3,27594.27,0.0,0.0,0.0,0.0,551885.4
1718577,IT,PL,WEARI,RECRE,0.21,27592.967,4,4,27592.962,0.0,0.0,0.0,0.005,131395.080952
1644575,IT,BE,SUGA1,BASIC,0.07,27592.767,4,4,27592.762,0.0,0.0,0.0,0.005,394182.385714
1689662,IT,IE,POSTT,CHEM1,0.45,27592.299,4,4,27592.297,0.0,0.0,0.0,0.002,61316.22
1665670,IT,ES,PULP5,TEXTI,0.08,27592.173,4,4,27592.17,0.0,0.0,0.0,0.003,344902.1625
1770486,IT,AU,AIRTR,NONF1,0.03,27590.912,3,3,27590.912,0.0,0.0,0.0,0.0,919697.066667
1655860,IT,DE,DAIRY,CATTL,0.11,27590.188,4,4,27590.186,0.0,0.0,0.0,0.002,250819.890909
1760013,IT,BR,INTER,WASTE,0.17,27589.609,4,4,27589.607,0.0,0.0,0.0,0.002,162291.817647
1773142,IT,CH,COPP1,SUPPO,0.07,27587.356,3,3,27587.356,0.0,0.0,0.0,0.0,394105.085714
1730223,IT,SE,LANDT,INTER,0.18,27585.711,3,3,27585.711,0.0,0.0,0.0,0.0,153253.95
1778977,IT,TR,SEACO,FOOD4,0.03,27584.385,3,3,27584.385,0.0,0.0,0.0,0.0,919479.5
1667118,IT,ES,BASIC,SANDC,0.03,27582.71,4,4,27582.708,0.0,0.0,0.0,0.002,919423.666667
1730259,IT,SE,SEACO,LIQUE,0.03,27581.783,3,3,27581.783,0.0,0.0,0.0,0.0,919392.766667
1653618,IT,CZ,ALUM1,RAWMI,0.05,27580.356,4,4,27580.354,0.0,0.0,0.0,0.002,551607.12
1755426,IT,KR,HEAVY,NONME,0.04,27580.157,4,4,27580.155,0.0,0.0,0.0,0.002,689503.925
1737555,IT,GB,PULP5,PLAST,0.08,27580.03,4,4,27580.027,0.0,0.0,0.0,0.003,344750.375
1670874,IT,FI,PLAST,CEMEN,0.06,27578.592,4,4,27578.589,0.0,0.0,0.0,0.003,459643.2
1791160,IT,WA,FURNI,MEATA,0.09,27576.652,4,4,27576.65,0.0,0.0,0.0,0.002,306407.244444
1732442,IT,SI,CHEM1,FOOD5,0.06,27571.229,4,4,27571.226,0.0,0.0,0.0,0.003,459520.483333
1741378,IT,US,PRINT,COLLE,0.26,27570.413,4,4,27570.411,0.0,0.0,0.0,0.002,106040.05
1787136,IT,ZA,BUSIN,RECRE,0.28,27570.388,4,4,27570.386,0.0,0.0,0.0,0.002,98465.671429
1813943,IT,WM,TRAN2,EDUCA,0.04,27569.79,3,3,27569.79,0.0,0.0,0.0,0.0,689244.75
1750235,IT,CN,COPP1,LEATH,0.07,27568.048,3,3,27568.048,0.0,0.0,0.0,0.0,393829.257143
1798408,IT,WE,NATUR,ANIMA,0.04,27567.954,4,4,27567.952,0.0,0.0,0.0,0.002,689198.85
1785877,IT,ZA,ADDIT,PFERT,0.06,27567.448,4,4,27567.446,0.0,0.0,0.0,0.002,459457.466667
1746652,IT,JP,COPP1,MOTO1,0.07,27564.291,3,3,27564.291,0.0,0.0,0.0,0.0,393775.585714
1802341,IT,WE,SEACO,BITUM,0.03,27564.232,3,3,27564.232,0.0,0.0,0.0,0.0,918807.733333
1802992,IT,WF,WHEAT,ALUM1,0.02,27563.989,3,3,27563.989,0.0,0.0,0.0,0.0,1378199.45
1779494,IT,TR,RENTI,MACHI,0.16,27562.416,4,4,27562.414,0.0,0.0,0.0,0.002,172265.1
1753538,IT,CA,MACHI,COKEO,0.15,27559.161,4,4,27559.159,0.0,0.0,0.0,0.002,183727.74
1722824,IT,PT,PAPER,COMPU,0.11,27557.478,4,4,27557.475,0.0,0.0,0.0,0.003,250522.527273
1683249,IT,HR,CERAM,SECO9,0.04,27556.686,3,3,27556.686,0.0,0.0,0.0,0.0,688917.15
1784893,IT,ID,AIRTR,RECRE,0.03,27555.443,3,3,27555.443,0.0,0.0,0.0,0.0,918514.766667
1809319,IT,WM,STONE,LEAD1,0.09,27554.27,4,4,27552.27,0.0,0.0,2.0,0.0,306158.555556
1808677,IT,WF,INERT,SALEM,0.2,27554.035,4,4,27554.033,0.0,0.0,0.0,0.002,137770.175
1688982,IT,IE,MACHI,LIQUE,0.15,27553.984,4,4,27553.982,0.0,0.0,0.0,0.002,183693.226667
1776587,IT,TR,GASDI,VEGE1,0.04,27553.429,4,4,27553.427,0.0,0.0,0.0,0.002,688835.725
1643065,IT,AT,SALEM,BUSIN,0.22,27551.827,4,4,27551.825,0.0,0.0,0.0,0.002,125235.577273
1658949,IT,DE,FURNI,PAPE1,0.09,27551.515,4,4,27551.513,0.0,0.0,0.0,0.002,306127.944444
1732616,IT,SI,GLASS,BASIC,0.08,27551.448,4,4,27551.446,0.0,0.0,0.0,0.002,344393.1
1725571,IT,RO,WOODW,FORES,0.08,27549.191,4,4,27549.189,0.0,0.0,0.0,0.002,344364.8875
1769147,IT,AU,CHEM1,HEAVY,0.06,27546.945,4,4,27546.942,0.0,0.0,0.0,0.003,459115.75
1718313,IT,PL,FOOD5,SUPPO,0.13,27546.393,4,4,27546.391,0.0,0.0,0.0,0.002,211895.330769
1765714,IT,RU,PAPER,POSTT,0.11,27541.87,4,4,27541.867,0.0,0.0,0.0,0.003,250380.636364
1783181,IT,NO,COMPU,WHOLE,0.31,27541.253,4,4,27541.251,0.0,0.0,0.0,0.002,88842.751613
1780982,IT,TW,BUSIN,PFERT,0.28,27541.098,4,4,27541.096,0.0,0.0,0.0,0.002,98361.064286
1767965,IT,RU,COMPU,OFFIC,0.31,27539.96,4,4,27539.958,0.0,0.0,0.0,0.002,88838.580645
1688135,IT,HU,BUSIN,CHEM1,0.28,27539.827,4,4,27539.825,0.0,0.0,0.0,0.002,98356.525
1787121,IT,ZA,BUSIN,POSTT,0.28,27539.242,4,4,27539.24,0.0,0.0,0.0,0.002,98354.435714
1810835,IT,WM,KEROS,MACHI,0.04,27537.582,4,4,27537.58,0.0,0.0,0.0,0.002,688439.55
1655406,IT,DE,CATTL,FOOD5,0.06,27537.489,5,5,27536.487,0.0,1.0,0.0,0.002,458958.15
1672529,IT,FR,WHEAT,PLAST,0.02,27534.472,3,3,27534.472,0.0,0.0,0.0,0.0,1376723.6
1758109,IT,BR,GLASS,PUBLI,0.08,27533.816,4,4,27533.814,0.0,0.0,0.0,0.002,344172.7
1758205,IT,BR,BASIC,MEAT1,0.03,27533.801,4,4,27533.799,0.0,0.0,0.0,0.002,917793.366667
1664646,IT,EE,LANDT,MOTO1,0.18,27530.082,3,3,27530.082,0.0,0.0,0.0,0.0,152944.9
1738356,IT,GB,PREC1,CRUDE,0.05,27528.618,3,3,27528.618,0.0,0.0,0.0,0.0,550572.36
1774022,IT,CH,RETAI,GLASS,0.22,27527.446,4,4,27527.444,0.0,0.0,0.0,0.002,125124.754545
1788970,IT,WA,HEAVY,FOUND,0.04,27521.253,4,4,27521.251,0.0,0.0,0.0,0.002,688031.325
1674454,IT,FR,BIODI,OILSE,0.06,27520.235,4,4,27520.232,0.0,0.0,0.0,0.003,458670.583333
1709461,IT,LT,TEXTI,DIST1,0.16,27520.097,4,4,27520.093,0.0,0.0,0.0,0.004,172000.60625
1661667,IT,DK,TEXTI,WHOLE,0.16,27516.128,4,4,27516.124,0.0,0.0,0.0,0.004,171975.8
1764970,IT,MX,POSTT,FINAN,0.45,27516.035,4,4,27516.033,0.0,0.0,0.0,0.002,61146.744444
1718426,IT,PL,BEVER,RECRE,0.12,27514.948,4,4,27514.946,0.0,0.0,0.0,0.002,229291.233333
1739838,IT,GB,FINAN,PRINT,0.36,27514.865,3,3,27514.865,0.0,0.0,0.0,0.0,76430.180556
1776834,IT,TR,BITU1,LIGNI,0.04,27513.535,4,4,27513.533,0.0,0.0,0.0,0.002,687838.375
1715960,IT,NL,CERAM,MOTOR,0.04,27512.877,3,3,27512.877,0.0,0.0,0.0,0.0,687821.925
1720758,IT,PL,TRANS,ELEC1,0.16,27511.442,3,3,27511.442,0.0,0.0,0.0,0.0,171946.5125
1657625,IT,DE,CERAM,RAWMI,0.04,27510.744,3,3,27510.744,0.0,0.0,0.0,0.0,687768.6
1795487,IT,WL,ALUM1,ALUMI,0.05,27510.114,4,4,27510.112,0.0,0.0,0.0,0.002,550202.28
1764669,IT,MX,RETA1,PUBLI,0.29,27509.016,4,4,27509.014,0.0,0.0,0.0,0.002,94858.675862
1721507,IT,PL,SUPPO,KEROS,0.2,27509.003,3,3,27509.003,0.0,0.0,0.0,0.0,137545.015
1644220,IT,BE,OILSE,MEAT1,0.02,27507.375,3,3,27507.375,0.0,0.0,0.0,0.0,1375368.75
1673351,IT,FR,TEXTI,FINAN,0.16,27506.875,4,4,27506.871,0.0,0.0,0.0,0.004,171917.96875
1741971,IT,US,CHEM1,INTER,0.06,27505.375,4,4,27505.372,0.0,0.0,0.0,0.003,458422.916667
1683225,IT,HR,CERAM,SUGA1,0.04,27505.165,3,3,27505.165,0.0,0.0,0.0,0.0,687629.125
1742184,IT,US,GLASS,RADIO,0.08,27504.342,4,4,27504.34,0.0,0.0,0.0,0.002,343804.275
1756137,IT,KR,MACHI,POULT,0.15,27504.285,4,4,27504.283,0.0,0.0,0.0,0.002,183361.9
1680240,IT,GR,TRANS,WHOLE,0.16,27503.902,3,3,27503.902,0.0,0.0,0.0,0.0,171899.3875
1753277,IT,CA,NONME,MOTOR,0.06,27502.438,4,4,27502.435,0.0,0.0,0.0,0.003,458373.966667
1805439,IT,WF,GLASS,CHEMI,0.08,27502.4,4,4,27502.398,0.0,0.0,0.0,0.002,343780.0
1737427,IT,GB,WEARI,HOTEL,0.21,27501.396,4,4,27501.391,0.0,0.0,0.0,0.005,130959.028571
1796081,IT,WL,TRANS,HEAVY,0.16,27501.186,3,3,27501.186,0.0,0.0,0.0,0.0,171882.4125
1735936,IT,SK,MOTO1,LEATH,0.15,27500.733,4,4,27500.731,0.0,0.0,0.0,0.002,183338.22
1712573,IT,LV,MACHI,ELEC4,0.15,27498.756,4,4,27498.754,0.0,0.0,0.0,0.002,183325.04
1644318,IT,BE,LEADZ,FOOD4,0.05,27498.533,4,4,27498.531,0.0,0.0,0.0,0.002,549970.66
1771641,IT,CH,WEARI,PRINT,0.21,27496.773,4,4,27496.768,0.0,0.0,0.0,0.005,130937.014286
1761386,IT,IN,NONME,COKEO,0.06,27496.464,4,4,27496.461,0.0,0.0,0.0,0.003,458274.4
1730032,IT,SE,WHOLE,PLAST,0.24,27496.194,4,4,27496.192,0.0,0.0,0.0,0.002,114567.475
1751881,IT,CN,COMPU,TEXTI,0.31,27494.913,4,4,27494.911,0.0,0.0,0.0,0.002,88693.267742
1736262,IT,SK,HOTEL,BEVER,0.2,27492.916,4,4,27492.914,0.0,0.0,0.0,0.002,137464.58
1784488,IT,ID,FABRI,MEAT1,0.11,27491.63,4,4,27491.628,0.0,0.0,0.0,0.002,249923.909091
1758288,IT,BR,ALUM1,FOUND,0.05,27491.273,4,4,27491.271,0.0,0.0,0.0,0.002,549825.46
1798572,IT,WE,CHEMI,AUXIL,0.07,27489.968,5,5,27488.965,0.0,0.0,1.0,0.003,392713.828571
1766290,IT,RU,CERAM,RESEA,0.04,27487.738,3,3,27487.738,0.0,0.0,0.0,0.0,687193.45
1667744,IT,ES,OFFIC,MEATA,0.09,27486.788,4,4,27486.786,0.0,0.0,0.0,0.002,305408.755556
1806034,IT,WF,COPP1,DIST1,0.07,27486.711,3,3,27486.711,0.0,0.0,0.0,0.0,392667.3
1659692,IT,DE,RAILW,HEAVY,0.18,27485.86,3,3,27485.86,0.0,0.0,0.0,0.0,152699.222222
1686146,IT,HU,RUBBE,WASTE,0.09,27485.259,4,4,27485.257,0.0,0.0,0.0,0.002,305391.766667
1648256,IT,BE,BUSIN,PLAS1,0.28,27484.367,4,4,27484.365,0.0,0.0,0.0,0.002,98158.453571
1795371,IT,WL,BASIC,VEGE1,0.03,27484.117,4,4,27484.115,0.0,0.0,0.0,0.002,916137.233333
1769447,IT,AU,NONME,DIST1,0.06,27481.51,4,4,27481.507,0.0,0.0,0.0,0.003,458025.166667
1777888,IT,TR,MACHI,BITUM,0.15,27480.339,4,4,27480.337,0.0,0.0,0.0,0.002,183202.26
1713800,IT,MT,FURNI,PLAST,0.09,27478.611,4,4,27478.609,0.0,0.0,0.0,0.002,305317.9
1642407,IT,AT,PREC1,WHOLE,0.05,27477.33,3,3,27477.33,0.0,0.0,0.0,0.0,549546.6
1669265,IT,ES,FINAN,MEATP,0.36,27476.317,3,3,27476.317,0.0,0.0,0.0,0.0,76323.102778
1801675,IT,WE,FURNI,ELEC3,0.09,27476.175,4,4,27476.173,0.0,0.0,0.0,0.002,305290.833333
1658085,IT,DE,ALUM1,PIGS9,0.05,27475.863,4,4,27475.861,0.0,0.0,0.0,0.002,549517.26
1666274,IT,ES,HEAVY,HEALT,0.04,27474.15,4,4,27474.148,0.0,0.0,0.0,0.002,686853.75
1795672,IT,WL,FABRI,MACHI,0.11,27474.058,4,4,27474.056,0.0,0.0,0.0,0.002,249764.163636
1774388,IT,CH,HOTEL,WOOD1,0.2,27473.869,4,4,27473.867,0.0,0.0,0.0,0.002,137369.345
1763080,IT,MX,TEXTI,SUPPO,0.16,27473.446,4,4,27473.442,0.0,0.0,0.0,0.004,171709.0375
1742241,IT,US,CERAM,ELEC1,0.04,27471.426,3,3,27471.426,0.0,0.0,0.0,0.0,686785.65
1678852,IT,GR,FISH5,PIGS9,0.12,27470.809,4,4,27470.795,0.0,0.0,0.0,0.014,228923.408333
1780141,IT,TW,HOTEL,NONSP,0.2,27470.646,4,4,27470.644,0.0,0.0,0.0,0.002,137353.23
1718765,IT,PL,PAPER,MEATA,0.11,27470.053,4,4,27470.05,0.0,0.0,0.0,0.003,249727.754545
1649578,IT,BG,RUBBE,RENTI,0.09,27469.66,4,4,27469.658,0.0,0.0,0.0,0.002,305218.444444
1802890,IT,WE,RECRE,WEARI,0.35,27469.153,4,4,27469.151,0.0,0.0,0.0,0.002,78483.294286
1766160,IT,RU,RUBBE,AIRTR,0.09,27468.141,4,4,27468.139,0.0,0.0,0.0,0.002,305201.566667
1676958,IT,FR,AIRTR,BRICK,0.03,27466.579,3,3,27466.579,0.0,0.0,0.0,0.0,915552.633333
1743559,IT,US,HOTEL,IRONO,0.2,27466.097,4,4,27466.095,0.0,0.0,0.0,0.002,137330.485
1785105,IT,ZA,MEAT4,FOOD5,0.15,27466.059,4,4,27466.057,0.0,0.0,0.0,0.002,183107.06
1744642,IT,US,RENTI,INERT,0.16,27465.645,4,4,27465.643,0.0,0.0,0.0,0.002,171660.28125
1801831,IT,WE,ELEC7,MEAT4,0.02,27464.824,3,3,27464.824,0.0,0.0,0.0,0.0,1373241.2
1728638,IT,SE,PRINT,NUCLE,0.26,27462.876,4,4,27462.874,0.0,0.0,0.0,0.002,105626.446154
1716727,IT,NL,RETA1,POULT,0.29,27462.843,4,4,27462.841,0.0,0.0,0.0,0.002,94699.458621
1783967,IT,ID,VEGE1,FOOD5,0.08,27462.658,4,4,27462.652,0.0,0.0,0.0,0.006,343283.225
1786168,IT,ZA,PREC1,WOODW,0.05,27460.306,3,3,27460.306,0.0,0.0,0.0,0.0,549206.12
1724372,IT,PT,SEACO,LANDT,0.03,27459.352,3,3,27459.352,0.0,0.0,0.0,0.0,915311.733333
1751948,IT,CN,COMPU,AUXIL,0.31,27457.668,4,4,27457.666,0.0,0.0,0.0,0.002,88573.122581
1798409,IT,WE,NATUR,RAWMI,0.04,27457.183,4,4,27457.181,0.0,0.0,0.0,0.002,686429.575
1674539,IT,FR,RUBBE,NAPHT,0.09,27457.102,4,4,27457.1,0.0,0.0,0.0,0.002,305078.911111
1737792,IT,GB,NAPHT,KERO1,0.05,27456.523,4,4,27456.521,0.0,0.0,0.0,0.002,549130.46
1683493,IT,HR,PREC1,HOTEL,0.05,27456.123,3,3,27456.123,0.0,0.0,0.0,0.0,549122.46
1761559,IT,IN,COPP1,GLASS,0.07,27455.189,3,3,27455.189,0.0,0.0,0.0,0.0,392216.985714
1774293,IT,CH,HOTEL,SANDC,0.2,27455.143,4,4,27455.141,0.0,0.0,0.0,0.002,137275.715
1745359,IT,JP,VEGE1,ALUM1,0.08,27453.255,4,4,27453.249,0.0,0.0,0.0,0.006,343165.6875
1788179,IT,WA,WEARI,RAILW,0.21,27452.201,4,4,27452.196,0.0,0.0,0.0,0.005,130724.766667
1779096,IT,TR,SUPPO,FABRI,0.2,27451.68,3,3,27451.68,0.0,0.0,0.0,0.0,137258.4
1715868,IT,NL,RUBBE,RAILW,0.09,27449.399,4,4,27449.397,0.0,0.0,0.0,0.002,304993.322222
1742720,IT,US,FABRI,NATU1,0.11,27449.264,4,4,27449.262,0.0,0.0,0.0,0.002,249538.763636
1751336,IT,CN,LANDT,TRANS,0.18,27449.117,3,3,27449.117,0.0,0.0,0.0,0.0,152495.094444
1798532,IT,WE,STONE,POSTT,0.09,27448.153,4,4,27446.153,0.0,0.0,2.0,0.0,304979.477778
1674282,IT,FR,NONSP,BIOGA,0.04,27443.585,3,3,27443.585,0.0,0.0,0.0,0.0,686089.625
1740811,IT,US,VEGE1,KERO1,0.08,27443.512,4,4,27443.506,0.0,0.0,0.0,0.006,343043.9
1719655,IT,PL,CEMEN,MOTO1,0.04,27442.46,3,3,27442.46,0.0,0.0,0.0,0.0,686061.5
1731961,IT,SI,MOTOR,INTER,0.04,27441.252,4,4,27441.25,0.0,0.0,0.0,0.002,686031.3
1669744,IT,ES,BUSIN,PROCE,0.28,27439.256,4,4,27439.254,0.0,0.0,0.0,0.002,97997.342857
1685341,IT,HU,WEARI,BUSIN,0.21,27438.594,4,4,27438.589,0.0,0.0,0.0,0.005,130659.971429
1781044,IT,TW,PUBLI,RAWMI,0.45,27437.79,4,4,27437.788,0.0,0.0,0.0,0.002,60972.866667
1689439,IT,IE,HOTEL,ALUM1,0.2,27437.59,4,4,27437.588,0.0,0.0,0.0,0.002,137187.95
1745880,IT,JP,LEATH,ELE12,0.2,27433.45,4,4,27433.445,0.0,0.0,0.0,0.005,137167.25
1790509,IT,WA,COPP1,DISTR,0.07,27432.059,3,3,27432.059,0.0,0.0,0.0,0.0,391886.557143
1655880,IT,DE,DAIRY,ELECT,0.11,27431.744,4,4,27431.742,0.0,0.0,0.0,0.002,249379.490909
1733376,IT,SI,TRANS,INTER,0.16,27431.59,3,3,27431.59,0.0,0.0,0.0,0.0,171447.4375
1689589,IT,IE,AIRTR,FURNI,0.03,27430.341,3,3,27430.341,0.0,0.0,0.0,0.0,914344.7
1774262,IT,CH,RETA1,FOODW,0.29,27429.548,4,4,27429.546,0.0,0.0,0.0,0.002,94584.648276
1782774,IT,NO,HOTEL,MOTOR,0.2,27428.571,4,4,27428.569,0.0,0.0,0.0,0.002,137142.855
1681267,IT,GR,FINAN,WHOLE,0.36,27426.737,3,3,27426.737,0.0,0.0,0.0,0.0,76185.380556
1669390,IT,ES,INSUR,WEARI,0.57,27426.19,3,3,27426.19,0.0,0.0,0.0,0.0,48116.122807
1712965,IT,MT,MEATA,MEAT4,0.15,27424.972,4,4,27424.968,0.0,0.0,0.0,0.004,182833.146667
1680290,IT,GR,FURNI,RETAI,0.09,27424.689,4,4,27424.687,0.0,0.0,0.0,0.002,304718.766667
1732959,IT,SI,ALUM1,ELEC4,0.05,27424.437,4,4,27424.435,0.0,0.0,0.0,0.002,548488.74
1753656,IT,CA,MOTO1,FORES,0.15,27424.338,4,4,27424.336,0.0,0.0,0.0,0.002,182828.92
1757418,IT,BR,WOODW,REALE,0.08,27424.186,4,4,27424.184,0.0,0.0,0.0,0.002,342802.325
1808962,IT,WM,CEREA,RECRE,0.04,27423.509,4,4,27423.507,0.0,0.0,0.0,0.002,685587.725
1658121,IT,DE,ALUM1,NUCLE,0.05,27422.513,4,4,27422.511,0.0,0.0,0.0,0.002,548450.26
1785724,IT,ZA,PETRO,PLAST,0.05,27422.261,4,4,27422.259,0.0,0.0,0.0,0.002,548445.22
1681545,IT,GR,BUSIN,OFFIC,0.28,27421.235,4,4,27421.233,0.0,0.0,0.0,0.002,97932.982143
1727988,IT,SE,STONE,FOOD3,0.09,27419.293,4,4,27417.293,0.0,0.0,2.0,0.0,304658.811111
1646917,IT,BE,WHOLE,MACHI,0.24,27418.917,4,4,27418.915,0.0,0.0,0.0,0.002,114245.4875
1641186,IT,AT,PRINT,MOTO1,0.26,27418.62,4,4,27418.618,0.0,0.0,0.0,0.002,105456.230769
1780157,IT,TW,HOTEL,NONF1,0.2,27416.507,4,4,27416.505,0.0,0.0,0.0,0.002,137082.535
1657654,IT,DE,CERAM,ELECT,0.04,27415.401,3,3,27415.401,0.0,0.0,0.0,0.0,685385.025
1744695,IT,US,COMPU,DISTR,0.31,27411.547,4,4,27411.545,0.0,0.0,0.0,0.002,88424.345161
1667584,IT,ES,FABRI,WOOD2,0.11,27409.992,4,4,27409.99,0.0,0.0,0.0,0.002,249181.745455
1814572,IT,WM,BUSIN,PLAST,0.28,27409.374,4,4,27409.372,0.0,0.0,0.0,0.002,97890.621429
1774092,IT,CH,WHOLE,KEROS,0.24,27409.302,4,4,27409.3,0.0,0.0,0.0,0.002,114205.425
1685393,IT,HU,LEATH,SALEM,0.2,27409.134,4,4,27409.129,0.0,0.0,0.0,0.005,137045.67
1666664,IT,ES,ADDIT,POSTT,0.06,27408.347,4,4,27408.345,0.0,0.0,0.0,0.002,456805.783333
1649235,IT,BG,KEROS,BUSIN,0.04,27408.315,4,4,27408.313,0.0,0.0,0.0,0.002,685207.875
1792821,IT,WA,EDUCA,MEATC,0.68,27406.796,4,4,27406.794,0.0,0.0,0.0,0.002,40304.111765
1643029,IT,AT,CONST,WHOLE,0.15,27406.747,3,3,27406.747,0.0,0.0,0.0,0.0,182711.646667
1712086,IT,LV,BEVER,RETA1,0.12,27405.658,4,4,27405.656,0.0,0.0,0.0,0.002,228380.483333
1674073,IT,FR,GASDI,INTER,0.04,27405.621,4,4,27405.619,0.0,0.0,0.0,0.002,685140.525
1799526,IT,WE,PRINT,NATUR,0.26,27404.831,4,4,27404.829,0.0,0.0,0.0,0.002,105403.196154
1664571,IT,EE,HOTEL,NONF1,0.2,27404.464,4,4,27404.462,0.0,0.0,0.0,0.002,137022.32
1767508,IT,RU,SEACO,ELEC2,0.03,27404.447,3,3,27404.447,0.0,0.0,0.0,0.0,913481.566667
1782361,IT,NO,FABRI,GLASS,0.11,27403.918,4,4,27403.916,0.0,0.0,0.0,0.002,249126.527273
1646260,IT,BE,LEAD1,SUPPO,0.05,27403.46,4,4,27403.458,0.0,0.0,0.0,0.002,548069.2
1808425,IT,WF,FOOD4,MEATA,0.2,27403.104,4,4,27403.102,0.0,0.0,0.0,0.002,137015.52
1723763,IT,PT,OFFIC,MEAT4,0.08,27402.59,4,4,27402.588,0.0,0.0,0.0,0.002,342532.375
1647511,IT,BE,SUPPO,GLASS,0.2,27402.492,3,3,27402.492,0.0,0.0,0.0,0.0,137012.46
1800627,IT,WE,GLASS,INSUR,0.08,27402.396,4,4,27402.394,0.0,0.0,0.0,0.002,342529.95
1709424,IT,LT,TOBAC,MEATC,0.11,27401.057,4,4,27401.055,0.0,0.0,0.0,0.002,249100.518182
1718827,IT,PL,PAPER,ELEC1,0.11,27400.127,4,4,27400.124,0.0,0.0,0.0,0.003,249092.063636
1666696,IT,ES,RUBBE,PADDY,0.09,27398.226,4,4,27398.224,0.0,0.0,0.0,0.002,304424.733333
1738479,IT,GB,COPP1,NONF1,0.07,27396.609,3,3,27396.609,0.0,0.0,0.0,0.0,391380.128571
1752650,IT,CA,TEXTI,BUSIN,0.16,27396.539,4,4,27396.535,0.0,0.0,0.0,0.004,171228.36875
1714435,IT,NL,POULT,HEALT,0.07,27395.92,4,4,27395.918,0.0,0.0,0.0,0.002,391370.285714
1737260,IT,GB,FOOD5,PAPER,0.13,27394.55,4,4,27394.548,0.0,0.0,0.0,0.002,210727.307692
1650726,IT,BG,HOTEL,COPP1,0.2,27394.182,4,4,27394.18,0.0,0.0,0.0,0.002,136970.91
1761693,IT,IN,FABRI,HEALT,0.11,27393.556,4,4,27393.554,0.0,0.0,0.0,0.002,249032.327273
1668035,IT,ES,FURNI,FABRI,0.09,27393.324,4,4,27393.322,0.0,0.0,0.0,0.002,304370.266667
1797718,IT,WL,PLAS1,FINAN,0.1,27391.43,4,4,27391.428,0.0,0.0,0.0,0.002,273914.3
1725726,IT,RO,PAPER,FOOD4,0.11,27391.358,4,4,27391.355,0.0,0.0,0.0,0.003,249012.345455
1666144,IT,ES,GASDI,RETAI,0.04,27391.303,4,4,27391.301,0.0,0.0,0.0,0.002,684782.575
1760816,IT,IN,MOTOR,FISHF,0.04,27391.013,4,4,27391.011,0.0,0.0,0.0,0.002,684775.325
1709569,IT,LT,PAPER,WHEAT,0.11,27389.956,4,4,27389.953,0.0,0.0,0.0,0.003,248999.6
1641203,IT,AT,PRINT,SUPPO,0.26,27389.209,4,4,27389.207,0.0,0.0,0.0,0.002,105343.111538
1668876,IT,ES,SEACO,BIOGA,0.03,27389.069,3,3,27389.069,0.0,0.0,0.0,0.0,912968.966667
1669506,IT,ES,AUXIL,RETA1,0.5,27387.103,3,3,27387.103,0.0,0.0,0.0,0.0,54774.206
1790765,IT,WA,MACHI,MEAT1,0.15,27387.047,4,4,27387.045,0.0,0.0,0.0,0.002,182580.313333
1787904,IT,WA,BEVER,PLAST,0.12,27384.379,4,4,27384.377,0.0,0.0,0.0,0.002,228203.158333
1750237,IT,CN,COPP1,PAPER,0.07,27382.983,3,3,27382.983,0.0,0.0,0.0,0.0,391185.471429
1735435,IT,SK,BASIC,GLASS,0.03,27379.897,4,4,27379.895,0.0,0.0,0.0,0.002,912663.233333
1668587,IT,ES,HOTEL,OILHA,0.2,27379.637,4,4,27379.635,0.0,0.0,0.0,0.002,136898.185
1793641,IT,WL,DAIRY,PREC1,0.11,27378.372,4,4,27378.37,0.0,0.0,0.0,0.002,248894.290909
1792029,IT,WA,AIRTR,WOOLS,0.03,27376.93,3,3,27376.93,0.0,0.0,0.0,0.0,912564.333333
1644183,IT,BE,WHEAT,PLAST,0.02,27376.674,3,3,27376.674,0.0,0.0,0.0,0.0,1368833.7
1794984,IT,WL,CHEM1,RETAI,0.06,27374.006,4,4,27374.003,0.0,0.0,0.0,0.003,456233.433333
1669962,IT,ES,EDUCA,CONST,0.68,27372.738,4,4,27372.736,0.0,0.0,0.0,0.002,40254.026471
1801232,IT,WE,FABRI,STEAM,0.11,27372.387,4,4,27372.385,0.0,0.0,0.0,0.002,248839.881818
1710918,IT,LU,LIQUE,RECRE,0.05,27372.203,4,4,27372.201,0.0,0.0,0.0,0.002,547444.06
1776767,IT,TR,LIQUE,POSTT,0.05,27371.447,4,4,27371.445,0.0,0.0,0.0,0.002,547428.94
1781043,IT,TW,PUBLI,PIGS9,0.45,27370.453,4,4,27370.451,0.0,0.0,0.0,0.002,60823.228889
1652902,IT,CZ,KEROS,CONST,0.04,27369.65,4,4,27369.648,0.0,0.0,0.0,0.002,684241.25
1678620,IT,GR,SANDC,CEMEN,0.06,27368.498,4,4,27362.498,0.0,0.0,6.0,0.0,456141.633333
1660532,IT,DE,INSUR,RESEA,0.56,27366.999,3,3,27366.999,0.0,0.0,0.0,0.0,48869.641071
1754413,IT,CA,RENTI,MOTO1,0.16,27366.479,4,4,27366.477,0.0,0.0,0.0,0.002,171040.49375
1743707,IT,US,RAILW,INSUR,0.18,27365.052,3,3,27365.052,0.0,0.0,0.0,0.0,152028.066667
1660494,IT,DE,INSUR,MACHI,0.56,27362.326,3,3,27362.326,0.0,0.0,0.0,0.0,48861.296429
1688844,IT,IE,BASIC,PFERT,0.03,27362.312,4,4,27362.31,0.0,0.0,0.0,0.002,912077.066667
1672291,IT,FI,RENTI,WHOLE,0.16,27360.563,4,4,27360.561,0.0,0.0,0.0,0.002,171003.51875
1756892,IT,KR,POSTT,RECRE,0.45,27360.549,4,4,27360.547,0.0,0.0,0.0,0.002,60801.22
1762756,IT,IN,BUSIN,ELEC3,0.28,27358.92,4,4,27358.918,0.0,0.0,0.0,0.002,97710.428571
1780102,IT,TW,HOTEL,CROPS,0.2,27355.76,4,4,27355.758,0.0,0.0,0.0,0.002,136778.8
1798809,IT,WE,FOOD5,NONF1,0.13,27350.691,4,4,27350.689,0.0,0.0,0.0,0.002,210389.930769
1745709,IT,JP,WEARI,MEATC,0.21,27349.756,4,4,27349.751,0.0,0.0,0.0,0.005,130236.933333
1776050,IT,TR,TEXTI,RETAI,0.16,27348.304,4,4,27348.3,0.0,0.0,0.0,0.004,170926.9
1755276,IT,KR,PAPER,CEMEN,0.11,27347.054,4,4,27347.051,0.0,0.0,0.0,0.003,248609.581818
1664485,IT,EE,MOTO1,PREC1,0.15,27346.174,4,4,27346.172,0.0,0.0,0.0,0.002,182307.826667
1673665,IT,FR,PULP5,NUCLE,0.08,27344.279,4,4,27344.276,0.0,0.0,0.0,0.003,341803.4875
1732746,IT,SI,NONME,STONE,0.06,27342.242,4,4,27342.239,0.0,0.0,0.0,0.003,455704.033333
1737851,IT,GB,PLAST,KEROS,0.06,27340.907,4,4,27340.904,0.0,0.0,0.0,0.003,455681.783333
1728610,IT,SE,PAPER,INTER,0.11,27340.709,4,4,27340.706,0.0,0.0,0.0,0.003,248551.9
1729571,IT,SE,COPP1,SUPPO,0.07,27340.525,3,3,27340.525,0.0,0.0,0.0,0.0,390578.928571
1776629,IT,TR,GASDI,CONST,0.04,27339.41,4,4,27339.408,0.0,0.0,0.0,0.002,683485.25
1795361,IT,WL,BASIC,CATTL,0.03,27339.23,4,4,27339.228,0.0,0.0,0.0,0.002,911307.666667
1776205,IT,TR,WOODW,PLAST,0.08,27338.906,4,4,27338.904,0.0,0.0,0.0,0.002,341736.325
1649563,IT,BG,RUBBE,COLLE,0.09,27337.971,4,4,27337.969,0.0,0.0,0.0,0.002,303755.233333
1773102,IT,CH,LEAD1,PUBLI,0.05,27337.863,4,4,27337.861,0.0,0.0,0.0,0.002,546757.26
1786867,IT,ZA,SEACO,CEMEN,0.03,27337.039,3,3,27337.039,0.0,0.0,0.0,0.0,911234.633333
1794480,IT,WL,GASDI,PREC1,0.04,27335.48,4,4,27335.478,0.0,0.0,0.0,0.002,683387.0
1730758,IT,SE,BUSIN,FISH5,0.28,27334.05,4,4,27334.048,0.0,0.0,0.0,0.002,97621.607143
1714511,IT,NL,CRUDE,COKEO,0.05,27333.67,4,4,27333.668,0.0,0.0,0.0,0.002,546673.4
1795338,IT,WL,NONME,BASIC,0.06,27333.196,4,4,27333.193,0.0,0.0,0.0,0.003,455553.266667
1782338,IT,NO,FABRI,SANDC,0.11,27332.995,4,4,27332.993,0.0,0.0,0.0,0.002,248481.772727
1655726,IT,DE,MEATC,DAIRY,0.09,27332.434,4,4,27332.432,0.0,0.0,0.0,0.002,303693.711111
1651384,IT,CY,MOTOR,CONST,0.04,27331.989,4,4,27331.987,0.0,0.0,0.0,0.002,683299.725
1794111,IT,WL,PAPER,ELECT,0.11,27329.496,4,4,27329.493,0.0,0.0,0.0,0.003,248449.963636
1763586,IT,MX,CHEM1,TRAN1,0.06,27328.409,4,4,27328.406,0.0,0.0,0.0,0.003,455473.483333
1720320,IT,PL,FABRI,ELEC2,0.11,27327.952,4,4,27327.95,0.0,0.0,0.0,0.002,248435.927273
1787368,IT,WA,WOOLS,CHEM1,0.11,27327.734,4,4,27327.732,0.0,0.0,0.0,0.002,248433.945455
1678979,IT,GR,WEARI,EDUCA,0.21,27327.477,4,4,27327.472,0.0,0.0,0.0,0.005,130130.842857
1784865,IT,ID,AIRTR,LEATH,0.03,27324.427,3,3,27324.427,0.0,0.0,0.0,0.0,910814.233333
1811203,IT,WM,NAPHT,COMPU,0.05,27323.973,4,4,27323.971,0.0,0.0,0.0,0.002,546479.46
1758052,IT,BR,RUBBE,PUBLI,0.09,27323.362,4,4,27323.36,0.0,0.0,0.0,0.002,303592.911111
1800586,IT,WE,GLASS,MEAT4,0.07,27322.371,4,4,27322.369,0.0,0.0,0.0,0.002,390319.585714
1791913,IT,WA,SEACO,WHEAT,0.03,27322.328,3,3,27322.328,0.0,0.0,0.0,0.0,910744.266667
1804103,IT,WF,PAPER,LEADZ,0.11,27321.209,4,4,27321.206,0.0,0.0,0.0,0.003,248374.627273
1772266,IT,CH,NAPHT,LIQUE,0.05,27320.932,4,4,27320.93,0.0,0.0,0.0,0.002,546418.64
1718993,IT,PL,MOTOR,CONST,0.04,27317.815,4,4,27317.813,0.0,0.0,0.0,0.002,682945.375
1739358,IT,GB,RAILW,BIODI,0.18,27316.586,3,3,27316.586,0.0,0.0,0.0,0.0,151758.811111
1731574,IT,SI,TEXTI,SALEM,0.16,27313.578,4,4,27313.574,0.0,0.0,0.0,0.004,170709.8625
1784793,IT,ID,HOTEL,RUBBE,0.2,27313.526,4,4,27313.524,0.0,0.0,0.0,0.002,136567.63
1760640,IT,IN,PULP5,MACHI,0.08,27313.171,4,4,27313.168,0.0,0.0,0.0,0.003,341414.6375
1648295,IT,BE,PUBLI,WHOLE,0.45,27312.806,4,4,27312.804,0.0,0.0,0.0,0.002,60695.124444
1726547,IT,RO,OFFIC,GASDI,0.08,27312.351,4,4,27312.349,0.0,0.0,0.0,0.002,341404.3875
1805291,IT,WF,ADDIT,NAPHT,0.06,27312.284,4,4,27312.282,0.0,0.0,0.0,0.002,455204.733333
1789465,IT,WA,ADDIT,BITUM,0.06,27312.091,4,4,27312.089,0.0,0.0,0.0,0.002,455201.516667
1686023,IT,HU,BIODI,HOTEL,0.06,27312.022,4,4,27312.019,0.0,0.0,0.0,0.003,455200.366667
1764876,IT,MX,AIRTR,GLASS,0.03,27310.881,3,3,27310.881,0.0,0.0,0.0,0.0,910362.7
1794637,IT,WL,LIQUE,REALE,0.05,27308.276,4,4,27308.274,0.0,0.0,0.0,0.002,546165.52
1718723,IT,PL,PULP5,PULP5,0.08,27305.27,4,4,27305.267,0.0,0.0,0.0,0.003,341315.875
1666012,IT,ES,MOTOR,FOODW,0.04,27304.542,4,4,27304.54,0.0,0.0,0.0,0.002,682613.55
1667733,IT,ES,MACHI,WOOD2,0.15,27304.448,4,4,27304.446,0.0,0.0,0.0,0.002,182029.653333
1646960,IT,BE,WHOLE,FOOD2,0.24,27304.391,4,4,27304.389,0.0,0.0,0.0,0.002,113768.295833
1801698,IT,WE,FURNI,MEMBE,0.09,27301.795,4,4,27301.793,0.0,0.0,0.0,0.002,303353.277778
1674743,IT,FR,CERAM,RUBBE,0.04,27301.367,3,3,27301.367,0.0,0.0,0.0,0.0,682534.175
1799592,IT,WE,MOTOR,PLANT,0.04,27301.027,4,4,27301.025,0.0,0.0,0.0,0.002,682525.675
1812965,IT,WM,MACHI,NONSP,0.15,27299.581,4,4,27299.579,0.0,0.0,0.0,0.002,181997.206667
1806580,IT,WF,CONST,DISTR,0.15,27298.906,3,3,27298.906,0.0,0.0,0.0,0.0,181992.706667
1767183,IT,RU,WHOLE,WHOLE,0.24,27298.533,4,4,27298.531,0.0,0.0,0.0,0.002,113743.8875
1642850,IT,AT,MOTO1,PRINT,0.15,27298.127,4,4,27298.125,0.0,0.0,0.0,0.002,181987.513333
1809508,IT,WM,MEAT4,MOTOR,0.15,27297.775,4,4,27297.773,0.0,0.0,0.0,0.002,181985.166667
1679069,IT,GR,WOODW,RECRE,0.08,27295.718,4,4,27295.716,0.0,0.0,0.0,0.002,341196.475
1763949,IT,MX,BASIC,BLAST,0.03,27295.413,4,4,27295.411,0.0,0.0,0.0,0.002,909847.1
1663355,IT,DK,SUPPO,RETA1,0.2,27294.85,3,3,27294.85,0.0,0.0,0.0,0.0,136474.25
1812537,IT,WM,ALUM1,RUBBE,0.05,27294.605,4,4,27294.603,0.0,0.0,0.0,0.002,545892.1
1713672,IT,MT,COPP1,POSTT,0.07,27293.871,3,3,27293.871,0.0,0.0,0.0,0.0,389912.442857
1725625,IT,RO,PULP5,MEATC,0.08,27291.243,4,4,27291.24,0.0,0.0,0.0,0.003,341140.5375
1766501,IT,RU,ALUM1,CONST,0.05,27290.281,4,4,27290.279,0.0,0.0,0.0,0.002,545805.62
1657743,IT,DE,CEMEN,SUPPO,0.04,27288.867,3,3,27288.867,0.0,0.0,0.0,0.0,682221.675
1752726,IT,CA,LEATH,CONST,0.2,27287.28,4,4,27287.275,0.0,0.0,0.0,0.005,136436.4
1782476,IT,NO,MACHI,LANDT,0.15,27286.479,4,4,27286.477,0.0,0.0,0.0,0.002,181909.86
1733186,IT,SI,MACHI,SANDC,0.15,27285.598,4,4,27285.596,0.0,0.0,0.0,0.002,181903.986667
1804842,IT,WF,NAPHT,MEMBE,0.05,27283.797,4,4,27283.795,0.0,0.0,0.0,0.002,545675.94
1663566,IT,DK,COMPU,PUBLI,0.31,27282.228,4,4,27282.226,0.0,0.0,0.0,0.002,88007.187097
1664103,IT,EE,CHEM1,EDUCA,0.06,27281.168,4,4,27281.165,0.0,0.0,0.0,0.003,454686.133333
1668881,IT,ES,SEACO,BRICK,0.03,27279.807,3,3,27279.807,0.0,0.0,0.0,0.0,909326.9
1750860,IT,CN,FURNI,DIST1,0.09,27279.394,4,4,27279.392,0.0,0.0,0.0,0.002,303104.377778
1641304,IT,AT,MOTOR,INTER,0.04,27278.933,4,4,27278.931,0.0,0.0,0.0,0.002,681973.325
1806448,IT,WF,TRANS,WEARI,0.16,27277.858,3,3,27277.858,0.0,0.0,0.0,0.0,170486.6125
1787841,IT,WA,FOOD5,FOOD5,0.13,27276.388,4,4,27276.386,0.0,0.0,0.0,0.002,209818.369231
1775612,IT,CH,RECRE,RENTI,0.35,27276.138,4,4,27276.136,0.0,0.0,0.0,0.002,77931.822857
1645384,IT,BE,HEAVY,NONME,0.04,27276.086,4,4,27276.084,0.0,0.0,0.0,0.002,681902.15
1747318,IT,JP,WHOLE,RESEA,0.24,27275.501,4,4,27275.499,0.0,0.0,0.0,0.002,113647.920833
1794051,IT,WL,PAPER,CROPS,0.11,27272.473,4,4,27272.47,0.0,0.0,0.0,0.003,247931.572727
1736938,IT,GB,WHEAT,INTER,0.02,27271.475,3,3,27271.475,0.0,0.0,0.0,0.0,1363573.75
1738132,IT,GB,GLASS,PULP5,0.07,27271.227,4,4,27271.225,0.0,0.0,0.0,0.002,389588.957143
1674369,IT,FR,CHEM1,NONF1,0.06,27271.144,4,4,27271.141,0.0,0.0,0.0,0.003,454519.066667
1730416,IT,SE,POSTT,BIODI,0.45,27270.314,4,4,27270.312,0.0,0.0,0.0,0.002,60600.697778
1660737,IT,DE,RENTI,POSTT,0.16,27269.9,4,4,27269.898,0.0,0.0,0.0,0.002,170436.875
1687484,IT,HU,LANDT,CROPS,0.18,27268.613,3,3,27268.613,0.0,0.0,0.0,0.0,151492.294444
1641464,IT,AT,GASDI,FINAN,0.04,27268.328,4,4,27268.326,0.0,0.0,0.0,0.002,681708.2
1775039,IT,CH,RENTI,TEXTI,0.16,27267.754,4,4,27267.752,0.0,0.0,0.0,0.002,170423.4625
1744313,IT,US,FINAN,ALUM1,0.36,27267.395,3,3,27267.395,0.0,0.0,0.0,0.0,75742.763889
1713592,IT,MT,BASIC,MEATC,0.03,27266.919,4,4,27266.917,0.0,0.0,0.0,0.002,908897.3
1788895,IT,WA,GASDI,AUXIL,0.04,27266.098,4,4,27266.096,0.0,0.0,0.0,0.002,681652.45
1762202,IT,IN,SEACO,BRICK,0.03,27265.516,3,3,27265.516,0.0,0.0,0.0,0.0,908850.533333
1803466,IT,WF,MEAT4,MEATC,0.15,27262.687,4,4,27262.685,0.0,0.0,0.0,0.002,181751.246667
1662539,IT,DK,FABRI,PIGS9,0.11,27261.291,4,4,27261.289,0.0,0.0,0.0,0.002,247829.918182
1730822,IT,SE,BUSIN,INSUR,0.28,27260.277,4,4,27260.275,0.0,0.0,0.0,0.002,97358.132143
1759820,IT,BR,BUSIN,INERT,0.28,27258.804,4,4,27258.802,0.0,0.0,0.0,0.002,97352.871429
1681000,IT,GR,AIRTR,AVIAT,0.03,27257.684,3,3,27257.684,0.0,0.0,0.0,0.0,908589.466667
1737798,IT,GB,NAPHT,MACHI,0.05,27257.342,4,4,27257.34,0.0,0.0,0.0,0.002,545146.84
1721041,IT,PL,HOTEL,BIODI,0.2,27257.283,4,4,27257.281,0.0,0.0,0.0,0.002,136286.415
1768836,IT,AU,LEATH,MEDIC,0.2,27256.062,4,4,27256.057,0.0,0.0,0.0,0.005,136280.31
1646927,IT,BE,WHOLE,ELEC5,0.24,27254.96,4,4,27254.958,0.0,0.0,0.0,0.002,113562.333333
1739913,IT,GB,FINAN,FOOD2,0.35,27254.1,3,3,27254.1,0.0,0.0,0.0,0.0,77868.857143
1725838,IT,RO,KERO1,VEGET,0.04,27254.058,4,4,27254.056,0.0,0.0,0.0,0.002,681351.45
1742865,IT,US,MACHI,CHEMI,0.15,27253.762,4,4,27253.76,0.0,0.0,0.0,0.002,181691.746667
1794252,IT,WL,MOTOR,ANIMA,0.04,27252.749,4,4,27252.747,0.0,0.0,0.0,0.002,681318.725
1689744,IT,IE,FINAN,RAILW,0.35,27252.598,3,3,27252.598,0.0,0.0,0.0,0.0,77864.565714
1643494,IT,AT,LANDT,PLAS1,0.18,27248.381,3,3,27248.381,0.0,0.0,0.0,0.0,151379.894444
1802589,IT,WE,FINAN,EDUCA,0.35,27244.296,3,3,27244.296,0.0,0.0,0.0,0.0,77840.845714
1737029,IT,GB,STONE,MACHI,0.09,27243.254,4,4,27241.254,0.0,0.0,2.0,0.0,302702.822222
1762154,IT,IN,LANDT,FABRI,0.18,27242.579,3,3,27242.579,0.0,0.0,0.0,0.0,151347.661111
1660192,IT,DE,SUPPO,HOTEL,0.2,27242.448,3,3,27242.448,0.0,0.0,0.0,0.0,136212.24
1690053,IT,IE,RENTI,FISH5,0.16,27240.887,4,4,27240.885,0.0,0.0,0.0,0.002,170255.54375
1679035,IT,GR,WOODW,CHEM1,0.08,27240.724,4,4,27240.722,0.0,0.0,0.0,0.002,340509.05
1651368,IT,CY,PAPER,FINAN,0.11,27240.62,4,4,27240.617,0.0,0.0,0.0,0.003,247642.0
1748478,IT,CN,STONE,SECO9,0.09,27235.554,4,4,27233.554,0.0,0.0,2.0,0.0,302617.266667
1758399,IT,BR,FABRI,GLASS,0.11,27233.912,4,4,27233.91,0.0,0.0,0.0,0.002,247581.018182
1789824,IT,WA,CERAM,TOBAC,0.04,27232.668,3,3,27232.668,0.0,0.0,0.0,0.0,680816.7
1795933,IT,WL,MOTO1,NATU1,0.14,27231.542,4,4,27231.54,0.0,0.0,0.0,0.002,194511.014286
1663749,IT,EE,FOOD5,BEVER,0.13,27230.538,4,4,27230.536,0.0,0.0,0.0,0.002,209465.676923
1748913,IT,CN,WEARI,COPP1,0.21,27230.534,4,4,27230.529,0.0,0.0,0.0,0.005,129669.209524
1786208,IT,ZA,ALUM1,FOUND,0.05,27228.605,4,4,27228.603,0.0,0.0,0.0,0.002,544572.1
1666962,IT,ES,CERAM,SALEM,0.04,27227.13,3,3,27227.13,0.0,0.0,0.0,0.0,680678.25
1777465,IT,TR,BASIC,LEADZ,0.03,27226.759,4,4,27226.757,0.0,0.0,0.0,0.002,907558.633333
1680150,IT,GR,MOTO1,BEVER,0.14,27226.372,4,4,27226.37,0.0,0.0,0.0,0.002,194474.085714
1709332,IT,LT,VEGE1,BIODI,0.08,27226.112,4,4,27226.106,0.0,0.0,0.0,0.006,340326.4
1714493,IT,NL,CRUDE,VEGET,0.05,27225.244,4,4,27225.242,0.0,0.0,0.0,0.002,544504.88
1660265,IT,DE,POSTT,TRANS,0.45,27224.622,4,4,27224.62,0.0,0.0,0.0,0.002,60499.16
1744760,IT,US,RESEA,HEAVY,0.15,27223.734,4,4,27223.732,0.0,0.0,0.0,0.002,181491.56
1651338,IT,CY,WOODW,FURNI,0.08,27223.655,4,4,27223.653,0.0,0.0,0.0,0.002,340295.6875
1679985,IT,GR,FABRI,INLAN,0.11,27223.187,4,4,27223.185,0.0,0.0,0.0,0.002,247483.518182
1646634,IT,BE,TRANS,WHOLE,0.16,27221.305,3,3,27221.305,0.0,0.0,0.0,0.0,170133.15625
1809513,IT,WM,MEAT4,LIQUE,0.15,27220.687,4,4,27220.685,0.0,0.0,0.0,0.002,181471.246667
1667378,IT,ES,COPP1,LEATH,0.07,27220.054,3,3,27220.054,0.0,0.0,0.0,0.0,388857.914286
1663551,IT,DK,COMPU,HOTEL,0.31,27219.902,4,4,27219.9,0.0,0.0,0.0,0.002,87806.135484
1778761,IT,TR,LANDT,SANDC,0.18,27217.502,3,3,27217.502,0.0,0.0,0.0,0.0,151208.344444
1807589,IT,WF,COMPU,INSUR,0.31,27217.035,4,4,27217.033,0.0,0.0,0.0,0.002,87796.887097
1685134,IT,HU,FOOD5,RENTI,0.13,27215.262,4,4,27215.26,0.0,0.0,0.0,0.002,209348.169231
1772459,IT,CH,CHEM1,FOOD3,0.06,27213.819,4,4,27213.816,0.0,0.0,0.0,0.003,453563.65
1720416,IT,PL,MACHI,COKEO,0.15,27213.443,4,4,27213.441,0.0,0.0,0.0,0.002,181422.953333
1764517,IT,MX,CONST,POSTT,0.15,27211.597,3,3,27211.597,0.0,0.0,0.0,0.0,181410.646667
1779481,IT,TR,RENTI,PLAST,0.16,27211.406,4,4,27211.404,0.0,0.0,0.0,0.002,170071.2875
1807389,IT,WF,FINAN,RAILW,0.35,27210.135,3,3,27210.135,0.0,0.0,0.0,0.0,77743.242857
1774070,IT,CH,WHOLE,SANDC,0.24,27209.737,4,4,27209.735,0.0,0.0,0.0,0.002,113373.904167
1742769,IT,US,FABRI,NONF1,0.11,27209.386,4,4,27209.384,0.0,0.0,0.0,0.002,247358.054545
1803751,IT,WF,FISH5,REALE,0.11,27207.26,4,4,27207.246,0.0,0.0,0.0,0.014,247338.727273
1644635,IT,BE,FOOD5,RAILW,0.13,27206.219,4,4,27206.217,0.0,0.0,0.0,0.002,209278.607692
1781472,IT,NO,BEVER,DISTR,0.12,27205.016,4,4,27205.014,0.0,0.0,0.0,0.002,226708.466667
1756679,IT,KR,SEACO,LEATH,0.03,27202.103,3,3,27202.103,0.0,0.0,0.0,0.0,906736.766667
1676543,IT,FR,HOTEL,CHEMI,0.2,27201.87,4,4,27201.868,0.0,0.0,0.0,0.002,136009.35
1795088,IT,WL,RUBBE,COKIN,0.09,27201.68,4,4,27201.678,0.0,0.0,0.0,0.002,302240.888889
1711038,IT,LU,BASIC,PREC1,0.03,27200.968,4,4,27200.966,0.0,0.0,0.0,0.002,906698.933333
1743937,IT,US,SEACO,TEXT2,0.03,27200.247,3,3,27200.247,0.0,0.0,0.0,0.0,906674.9
1724303,IT,PT,LANDT,HOTEL,0.18,27199.316,3,3,27199.316,0.0,0.0,0.0,0.0,151107.311111
1649837,IT,BG,ALUM1,TRANS,0.05,27198.413,4,4,27198.411,0.0,0.0,0.0,0.002,543968.26
1749385,IT,CN,MOTOR,FISHF,0.04,27196.714,4,4,27196.712,0.0,0.0,0.0,0.002,679917.85
1777911,IT,TR,MACHI,FISH5,0.15,27195.794,4,4,27195.792,0.0,0.0,0.0,0.002,181305.293333
1677590,IT,FR,REALE,RUBBE,1.15,27195.581,4,4,27195.579,0.0,0.0,0.0,0.002,23648.331304
1758244,IT,BR,BASIC,RETAI,0.03,27195.312,4,4,27195.31,0.0,0.0,0.0,0.002,906510.4
1714192,IT,MT,INSUR,MOTO1,0.56,27195.136,3,3,27195.136,0.0,0.0,0.0,0.0,48562.742857
1718072,IT,PL,MEAT1,FOOD5,0.13,27191.944,4,4,27191.941,0.0,0.0,0.0,0.003,209168.8
1796849,IT,WL,SEACO,KEROS,0.03,27191.601,3,3,27191.601,0.0,0.0,0.0,0.0,906386.7
1763466,IT,MX,PLAST,GLASS,0.06,27189.92,4,4,27189.917,0.0,0.0,0.0,0.003,453165.333333
1714379,IT,NL,PADDY,FOOD5,0.28,27189.326,4,4,27188.326,0.0,1.0,0.0,0.0,97104.735714
1766333,IT,RU,NONME,TRANS,0.05,27189.252,4,4,27189.249,0.0,0.0,0.0,0.003,543785.04
1709664,IT,LT,PLAST,MEAT1,0.06,27189.06,4,4,27189.057,0.0,0.0,0.0,0.003,453151.0
1680810,IT,GR,RAILW,NAPHT,0.18,27187.903,3,3,27187.903,0.0,0.0,0.0,0.0,151043.905556
1809001,IT,WM,VEGET,KERO1,0.1,27187.308,3,3,27187.308,0.0,0.0,0.0,0.0,271873.08
1769296,IT,AU,RUBBE,SEACO,0.09,27185.283,4,4,27185.281,0.0,0.0,0.0,0.002,302058.7
1792188,IT,WA,SUPPO,INLAN,0.2,27184.847,3,3,27184.847,0.0,0.0,0.0,0.0,135924.235
1791270,IT,WA,CONST,VEGE1,0.15,27184.335,3,3,27184.335,0.0,0.0,0.0,0.0,181228.9
1723296,IT,PT,CERAM,MACHI,0.04,27182.529,3,3,27182.529,0.0,0.0,0.0,0.0,679563.225
1811778,IT,WM,ADDIT,ELEC2,0.06,27178.532,4,4,27178.53,0.0,0.0,0.0,0.002,452975.533333
1792080,IT,WA,AIRTR,FOUND,0.03,27177.997,3,3,27177.997,0.0,0.0,0.0,0.0,905933.233333
1725262,IT,RO,FOOD5,PUBLI,0.13,27177.587,4,4,27177.585,0.0,0.0,0.0,0.002,209058.361538
1766078,IT,RU,RUBBE,COKIN,0.09,27177.14,4,4,27177.138,0.0,0.0,0.0,0.002,301968.222222
1754208,IT,CA,POSTT,CRUDE,0.45,27175.245,4,4,27175.243,0.0,0.0,0.0,0.002,60389.433333
1778524,IT,TR,RETA1,WEARI,0.28,27175.225,4,4,27175.223,0.0,0.0,0.0,0.002,97054.375
1677122,IT,FR,SUPPO,FOOD4,0.2,27175.074,3,3,27175.074,0.0,0.0,0.0,0.0,135875.37
1791330,IT,WA,SALEM,MEAT4,0.22,27174.763,4,4,27174.761,0.0,0.0,0.0,0.002,123521.65
1658963,IT,DE,FURNI,93197,0.09,27174.269,4,4,27174.267,0.0,0.0,0.0,0.002,301936.322222
1651288,IT,CY,BEVER,POULT,0.12,27172.349,4,4,27172.347,0.0,0.0,0.0,0.002,226436.241667
1779949,IT,TW,CONST,WHOLE,0.15,27170.977,3,3,27170.977,0.0,0.0,0.0,0.0,181139.846667
1665905,IT,ES,COALT,BITU1,0.04,27169.391,4,4,27169.389,0.0,0.0,0.0,0.002,679234.775
1725631,IT,RO,PULP5,PROCE,0.08,27169.008,4,4,27169.005,0.0,0.0,0.0,0.003,339612.6
1718659,IT,PL,WOODW,FOOD5,0.08,27168.069,4,4,27168.067,0.0,0.0,0.0,0.002,339600.8625
1652967,IT,CZ,NAPHT,PLAST,0.05,27165.554,4,4,27165.552,0.0,0.0,0.0,0.002,543311.08
1814986,IT,WM,PRIVA,HEALT,6.06,27163.516,4,4,27163.512,0.0,0.0,0.0,0.004,4482.428383
1640945,IT,AT,WOODW,TEXTI,0.08,27163.512,4,4,27163.51,0.0,0.0,0.0,0.002,339543.9
1733066,IT,SI,COPP1,LANDT,0.07,27162.161,3,3,27162.161,0.0,0.0,0.0,0.0,388030.871429
1798528,IT,WE,STONE,RETA1,0.09,27158.753,4,4,27156.753,0.0,0.0,2.0,0.0,301763.922222
1768965,IT,AU,PAPER,OFFIC,0.11,27158.606,4,4,27158.603,0.0,0.0,0.0,0.003,246896.418182
1771925,IT,CH,PAPER,KEROS,0.11,27157.606,4,4,27157.603,0.0,0.0,0.0,0.003,246887.327273
1779644,IT,TR,RESEA,LEATH,0.15,27157.475,4,4,27157.473,0.0,0.0,0.0,0.002,181049.833333
1728504,IT,SE,WOODW,MACHI,0.08,27156.612,4,4,27156.61,0.0,0.0,0.0,0.002,339457.65
1783438,IT,NO,INTER,FOOD2,0.16,27155.431,4,4,27155.429,0.0,0.0,0.0,0.002,169721.44375
1663311,IT,DK,AIRTR,CHEM1,0.03,27153.373,3,3,27153.373,0.0,0.0,0.0,0.0,905112.433333
1653149,IT,CZ,CHEM1,ELEC4,0.06,27152.843,4,4,27152.84,0.0,0.0,0.0,0.003,452547.383333
1811295,IT,WM,BITU1,NFERT,0.04,27152.059,4,4,27152.057,0.0,0.0,0.0,0.002,678801.475
1662547,IT,DK,FABRI,MEATC,0.11,27150.804,4,4,27150.802,0.0,0.0,0.0,0.002,246825.490909
1773427,IT,CH,OFFIC,MOTOR,0.08,27150.705,4,4,27150.703,0.0,0.0,0.0,0.002,339383.8125
1793414,IT,WL,CROPS,SALEM,0.22,27150.004,3,3,27150.004,0.0,0.0,0.0,0.0,123409.109091
1685579,IT,HU,PRINT,PULP5,0.26,27149.304,4,4,27149.302,0.0,0.0,0.0,0.002,104420.4
1656117,IT,DE,FISH5,VEGE1,0.11,27149.262,4,4,27149.248,0.0,0.0,0.0,0.014,246811.472727
1806584,IT,WF,CONST,RETA1,0.15,27147.659,3,3,27147.659,0.0,0.0,0.0,0.0,180984.393333
1756716,IT,KR,SEACO,RAILW,0.03,27147.197,3,3,27147.197,0.0,0.0,0.0,0.0,904906.566667
1752953,IT,CA,PLAST,BUSIN,0.06,27146.681,4,4,27146.678,0.0,0.0,0.0,0.003,452444.683333
1710539,IT,LT,SUPPO,SEACO,0.2,27145.063,3,3,27145.063,0.0,0.0,0.0,0.0,135725.315
1728408,IT,SE,WEARI,PRECI,0.2,27144.755,4,4,27144.75,0.0,0.0,0.0,0.005,135723.775
1744604,IT,US,RENTI,COPP1,0.16,27143.971,4,4,27143.969,0.0,0.0,0.0,0.002,169649.81875
1650729,IT,BG,HOTEL,OFFIC,0.2,27143.21,4,4,27143.208,0.0,0.0,0.0,0.002,135716.05
1728142,IT,SE,DAIRY,MEAT4,0.11,27142.312,4,4,27142.31,0.0,0.0,0.0,0.002,246748.290909
1794104,IT,WL,PAPER,LEAD1,0.11,27142.264,4,4,27142.261,0.0,0.0,0.0,0.003,246747.854545
1655292,IT,DE,CEREA,MEAT4,0.04,27141.925,4,4,27141.923,0.0,0.0,0.0,0.002,678548.125
1666661,IT,ES,ADDIT,HOTEL,0.06,27141.72,4,4,27141.718,0.0,0.0,0.0,0.002,452362.0
1757842,IT,BR,CHEM1,FISHF,0.06,27141.633,4,4,27141.63,0.0,0.0,0.0,0.003,452360.55
1803374,IT,WF,CHEMI,FISH5,0.06,27138.292,5,5,27137.289,0.0,0.0,1.0,0.003,452304.866667
1713132,IT,MT,BEVER,CONST,0.12,27137.272,4,4,27137.27,0.0,0.0,0.0,0.002,226143.933333
1789112,IT,WA,NONSP,SANDC,0.04,27136.516,3,3,27136.516,0.0,0.0,0.0,0.0,678412.9
1688173,IT,HU,BUSIN,LANDT,0.28,27134.694,4,4,27134.692,0.0,0.0,0.0,0.002,96909.621429
1800106,IT,WE,NAPHT,LUBRI,0.05,27132.657,4,4,27132.655,0.0,0.0,0.0,0.002,542653.14
1763666,IT,MX,RUBBE,KEROS,0.09,27131.993,4,4,27131.991,0.0,0.0,0.0,0.002,301466.588889
1747472,IT,JP,SEACO,NFERT,0.03,27131.408,3,3,27131.408,0.0,0.0,0.0,0.0,904380.266667
1769484,IT,AU,BASIC,PREC1,0.03,27128.835,4,4,27128.833,0.0,0.0,0.0,0.002,904294.5
1809733,IT,WM,SUGA1,EDUCA,0.07,27128.279,4,4,27128.274,0.0,0.0,0.0,0.005,387546.842857
1766496,IT,RU,ALUM1,ELEC2,0.05,27128.221,4,4,27128.219,0.0,0.0,0.0,0.002,542564.42
1716355,IT,NL,FABRI,FOOD2,0.11,27127.028,4,4,27127.026,0.0,0.0,0.0,0.002,246609.345455
1759278,IT,BR,POSTT,OFFIC,0.45,27125.511,4,4,27125.509,0.0,0.0,0.0,0.002,60278.913333
1686423,IT,HU,BASIC,MEDIC,0.03,27124.305,4,4,27124.303,0.0,0.0,0.0,0.002,904143.5
1756112,IT,KR,FABRI,INLAN,0.11,27123.506,4,4,27123.504,0.0,0.0,0.0,0.002,246577.327273
1745859,IT,JP,LEATH,COPP1,0.19,27123.46,4,4,27123.455,0.0,0.0,0.0,0.005,142755.052632
1717724,IT,NL,BUSIN,FOODW,0.28,27122.281,4,4,27122.279,0.0,0.0,0.0,0.002,96865.289286
1740529,IT,GB,RECRE,COMPU,0.34,27122.217,4,4,27122.215,0.0,0.0,0.0,0.002,79771.226471
1759585,IT,BR,COMPU,CONST,0.31,27122.033,4,4,27122.031,0.0,0.0,0.0,0.002,87490.429032
1746103,IT,JP,PRINT,FINAN,0.26,27121.229,4,4,27121.227,0.0,0.0,0.0,0.002,104312.419231
1679872,IT,GR,LEAD1,SEWAG,0.05,27120.761,4,4,27120.759,0.0,0.0,0.0,0.002,542415.22
1669598,IT,ES,RENTI,BEVER,0.16,27119.752,4,4,27119.75,0.0,0.0,0.0,0.002,169498.45
1746905,IT,JP,MOTO1,WEARI,0.14,27119.643,4,4,27119.641,0.0,0.0,0.0,0.002,193711.735714
1723469,IT,PT,ALUM1,BRICK,0.05,27118.095,4,4,27118.093,0.0,0.0,0.0,0.002,542361.9
1717282,IT,NL,POSTT,FINAN,0.45,27116.02,4,4,27116.018,0.0,0.0,0.0,0.002,60257.822222
1737855,IT,GB,PLAST,NUCLE,0.06,27115.929,4,4,27115.926,0.0,0.0,0.0,0.003,451932.15
1795482,IT,WL,ALUM1,CATTL,0.05,27114.212,4,4,27114.21,0.0,0.0,0.0,0.002,542284.24
1763976,IT,MX,ALUM1,NONFE,0.05,27113.152,4,4,27113.15,0.0,0.0,0.0,0.002,542263.04
1798257,IT,WE,VEGET,MEMBE,0.1,27112.62,3,3,27112.62,0.0,0.0,0.0,0.0,271126.2
1713805,IT,MT,FURNI,RADIO,0.09,27111.832,4,4,27111.83,0.0,0.0,0.0,0.002,301242.577778
1759155,IT,BR,AIRTR,RETAI,0.03,27110.753,3,3,27110.753,0.0,0.0,0.0,0.0,903691.766667
1813239,IT,WM,TRANS,TOBAC,0.16,27110.18,3,3,27110.18,0.0,0.0,0.0,0.0,169438.625
1661293,IT,DK,FORES,PAPER,0.24,27109.824,4,4,27099.824,0.0,10.0,0.0,0.0,112957.6
1786101,IT,ZA,NONME,FURNI,0.05,27108.996,4,4,27108.993,0.0,0.0,0.0,0.003,542179.92
1714303,IT,MT,PUBLI,FINAN,0.44,27108.16,4,4,27108.158,0.0,0.0,0.0,0.002,61609.454545
1655352,IT,DE,VEGET,93197,0.1,27107.505,3,3,27107.505,0.0,0.0,0.0,0.0,271075.05
1652226,IT,CZ,FOOD5,ANIMA,0.13,27105.521,4,4,27105.519,0.0,0.0,0.0,0.002,208504.007692
1733982,IT,SI,SUPPO,PUBLI,0.19,27104.836,3,3,27104.836,0.0,0.0,0.0,0.0,142657.031579
1796559,IT,WL,RETA1,RECRE,0.28,27099.348,4,4,27099.346,0.0,0.0,0.0,0.002,96783.385714
1761712,IT,IN,MACHI,COKIN,0.15,27097.788,4,4,27097.786,0.0,0.0,0.0,0.002,180651.92
1789450,IT,WA,ADDIT,CEREA,0.06,27097.51,4,4,27097.508,0.0,0.0,0.0,0.002,451625.166667
1668404,IT,ES,RETA1,BASIC,0.28,27094.777,4,4,27094.775,0.0,0.0,0.0,0.002,96767.060714
1726541,IT,RO,OFFIC,BEVER,0.08,27094.011,4,4,27094.009,0.0,0.0,0.0,0.002,338675.1375
1792607,IT,WA,COMPU,HOTEL,0.31,27093.82,4,4,27093.818,0.0,0.0,0.0,0.002,87399.419355
1799207,IT,WE,LEATH,MEATA,0.19,27092.354,4,4,27092.349,0.0,0.0,0.0,0.005,142591.336842
1653925,IT,CZ,FABRI,FOOD4,0.11,27092.145,4,4,27092.143,0.0,0.0,0.0,0.002,246292.227273
1741510,IT,US,KEROS,OILSE,0.04,27091.879,4,4,27091.877,0.0,0.0,0.0,0.002,677296.975
1813313,IT,WM,TRANS,MEMBE,0.16,27091.072,3,3,27091.072,0.0,0.0,0.0,0.0,169319.2
1784685,IT,ID,MOTO1,RENTI,0.14,27088.939,4,4,27088.937,0.0,0.0,0.0,0.002,193492.421429
1649993,IT,BG,MACHI,CROPS,0.15,27087.754,4,4,27087.752,0.0,0.0,0.0,0.002,180585.026667
1642239,IT,AT,NONME,LEATH,0.05,27086.951,4,4,27086.948,0.0,0.0,0.0,0.003,541739.02
1722349,IT,PT,FISHF,RAWMI,0.05,27086.099,3,3,27086.099,0.0,0.0,0.0,0.0,541721.98
1787584,IT,WA,MEATP,PIGS9,0.11,27086.063,4,4,27086.06,0.0,0.0,0.0,0.003,246236.936364
1790387,IT,WA,LEAD1,FISH5,0.05,27085.661,4,4,27085.659,0.0,0.0,0.0,0.002,541713.22
1781694,IT,NO,WOODW,PAPER,0.08,27084.732,4,4,27084.73,0.0,0.0,0.0,0.002,338559.15
1674182,IT,FR,LIQUE,FISH5,0.05,27083.948,4,4,27083.946,0.0,0.0,0.0,0.002,541678.96
1803122,IT,WF,VEGET,CHEM1,0.1,27082.667,3,3,27082.667,0.0,0.0,0.0,0.0,270826.67
1716148,IT,NL,PREC1,RENTI,0.05,27080.425,3,3,27080.425,0.0,0.0,0.0,0.0,541608.5
1799487,IT,WE,PAPER,ELEC3,0.1,27079.875,4,4,27079.872,0.0,0.0,0.0,0.003,270798.75
1645919,IT,BE,CERAM,KERO1,0.04,27077.183,3,3,27077.183,0.0,0.0,0.0,0.0,676929.575
1738257,IT,GB,NONME,NATUR,0.05,27077.024,4,4,27077.021,0.0,0.0,0.0,0.003,541540.48
1803803,IT,WF,TEXTI,PULP5,0.16,27075.617,4,4,27075.613,0.0,0.0,0.0,0.004,169222.60625
1787569,IT,WA,MEATC,MEATA,0.09,27075.457,4,4,27075.455,0.0,0.0,0.0,0.002,300838.411111
1775286,IT,CH,BUSIN,BASIC,0.28,27075.023,4,4,27075.021,0.0,0.0,0.0,0.002,96696.510714
1802307,IT,WE,LANDT,RECRE,0.17,27074.763,3,3,27074.763,0.0,0.0,0.0,0.0,159263.311765
1810886,IT,WM,KERO1,CRUDE,0.04,27074.114,4,4,27074.112,0.0,0.0,0.0,0.002,676852.85
1728180,IT,SE,PROCE,BEVER,0.18,27072.572,4,4,27072.57,0.0,0.0,0.0,0.002,150403.177778
1772661,IT,CH,GLASS,INSUR,0.07,27068.836,4,4,27068.834,0.0,0.0,0.0,0.002,386697.657143
1744700,IT,US,COMPU,RETAI,0.31,27067.824,4,4,27067.822,0.0,0.0,0.0,0.002,87315.56129
1748458,IT,CN,STONE,GLASS,0.09,27067.61,4,4,27065.61,0.0,0.0,2.0,0.0,300751.222222
1643359,IT,AT,RAILW,RETA1,0.18,27066.773,3,3,27066.773,0.0,0.0,0.0,0.0,150370.961111
1734056,IT,SI,FINAN,REALE,0.35,27065.9,3,3,27065.9,0.0,0.0,0.0,0.0,77331.142857
1671014,IT,FI,RUBBE,SUGAR,0.09,27065.678,4,4,27065.676,0.0,0.0,0.0,0.002,300729.755556
1649489,IT,BG,RUBBE,CEREA,0.09,27063.525,4,4,27063.523,0.0,0.0,0.0,0.002,300705.833333
1654509,IT,CZ,HOTEL,CHEM1,0.2,27063.22,4,4,27063.218,0.0,0.0,0.0,0.002,135316.1
1657182,IT,DE,CHEM1,ANTHR,0.06,27062.591,4,4,27062.588,0.0,0.0,0.0,0.003,451043.183333
1739161,IT,GB,RETA1,FISH5,0.28,27060.126,4,4,27060.124,0.0,0.0,0.0,0.002,96643.307143
1674752,IT,FR,CERAM,TRANS,0.04,27060.112,3,3,27060.112,0.0,0.0,0.0,0.0,676502.8
1788422,IT,WA,PULP5,ANTHR,0.08,27059.935,4,4,27059.932,0.0,0.0,0.0,0.003,338249.1875
1658823,IT,DE,MOTO1,ELEC7,0.14,27059.186,4,4,27059.184,0.0,0.0,0.0,0.002,193279.9
1737615,IT,GB,PAPER,NONME,0.1,27056.503,4,4,27056.5,0.0,0.0,0.0,0.003,270565.03
1665792,IT,ES,PAPER,PAPE1,0.1,27056.36,4,4,27056.357,0.0,0.0,0.0,0.003,270563.6
1781751,IT,NO,PAPER,POSTT,0.1,27056.265,4,4,27056.262,0.0,0.0,0.0,0.003,270562.65
1746864,IT,JP,MACHI,OILHA,0.15,27053.34,4,4,27053.338,0.0,0.0,0.0,0.002,180355.6
1685636,IT,HU,KEROS,LEATH,0.04,27052.416,4,4,27052.414,0.0,0.0,0.0,0.002,676310.4
1753974,IT,CA,LANDT,LEAD1,0.17,27050.78,3,3,27050.78,0.0,0.0,0.0,0.0,159122.235294
1731775,IT,SI,PAPER,FISH5,0.1,27050.172,4,4,27050.169,0.0,0.0,0.0,0.003,270501.72
1659319,IT,DE,RETAI,CHEM1,0.21,27050.008,4,4,27050.006,0.0,0.0,0.0,0.002,128809.561905
1794988,IT,WL,CHEM1,RAILW,0.06,27046.808,4,4,27046.805,0.0,0.0,0.0,0.003,450780.133333
1802653,IT,WE,RENTI,PAPER,0.16,27046.111,4,4,27046.109,0.0,0.0,0.0,0.002,169038.19375
1685746,IT,HU,PLAST,SANDC,0.06,27045.554,4,4,27045.551,0.0,0.0,0.0,0.003,450759.233333
1688377,IT,IE,FOOD5,RAWMI,0.13,27045.472,4,4,27045.47,0.0,0.0,0.0,0.002,208042.092308
1758500,IT,BR,MACHI,NONME,0.15,27043.62,4,4,27043.618,0.0,0.0,0.0,0.002,180290.8
1671577,IT,FI,MOTO1,OFFIC,0.14,27043.523,4,4,27043.521,0.0,0.0,0.0,0.002,193168.021429
1778003,IT,TR,MACHI,TEXT2,0.15,27043.149,4,4,27043.147,0.0,0.0,0.0,0.002,180287.66
1688883,IT,IE,ALUM1,MOTO1,0.05,27042.659,4,4,27042.657,0.0,0.0,0.0,0.002,540853.18
1808639,IT,WF,INERT,VEGET,0.2,27041.726,4,4,27041.724,0.0,0.0,0.0,0.002,135208.63
1660404,IT,DE,FINAN,RETAI,0.35,27040.74,3,3,27040.74,0.0,0.0,0.0,0.0,77259.257143
1676505,IT,FR,RETA1,PAPE1,0.28,27040.677,4,4,27040.675,0.0,0.0,0.0,0.002,96573.846429
1769172,IT,AU,CHEM1,MEDIC,0.06,27038.324,4,4,27038.321,0.0,0.0,0.0,0.003,450638.733333
1640449,IT,AT,VEGE1,REALE,0.08,27038.249,4,4,27038.243,0.0,0.0,0.0,0.006,337978.1125
1797190,IT,WL,POSTT,PRIVA,0.45,27038.092,4,4,27038.09,0.0,0.0,0.0,0.002,60084.648889
1678937,IT,GR,TEXTI,RETAI,0.16,27034.968,4,4,27034.964,0.0,0.0,0.0,0.004,168968.55
1684926,IT,HU,CHEMI,RETA1,0.06,27034.816,5,5,27033.813,0.0,0.0,1.0,0.003,450580.266667
1746249,IT,JP,CHEM1,CEMEN,0.06,27033.528,4,4,27033.525,0.0,0.0,0.0,0.003,450558.8
1719698,IT,PL,NONME,CHEM1,0.05,27032.551,4,4,27032.548,0.0,0.0,0.0,0.003,540651.02
1760592,IT,IN,WOODW,CERAM,0.08,27032.244,4,4,27032.242,0.0,0.0,0.0,0.002,337903.05
1747287,IT,JP,WHOLE,LEAD1,0.23,27031.037,4,4,27031.035,0.0,0.0,0.0,0.002,117526.247826
1790249,IT,WA,PREC1,DIST1,0.05,27027.524,3,3,27027.524,0.0,0.0,0.0,0.0,540550.48
1787851,IT,WA,FOOD5,NONF1,0.13,27027.132,4,4,27027.13,0.0,0.0,0.0,0.002,207901.015385
1680519,IT,GR,ELEC7,FABRI,0.02,27026.912,3,3,27026.912,0.0,0.0,0.0,0.0,1351345.6
1736311,IT,SK,HOTEL,RESEA,0.2,27025.735,4,4,27025.733,0.0,0.0,0.0,0.002,135128.675
1647277,IT,BE,LANDT,INLAN,0.17,27023.23,3,3,27023.23,0.0,0.0,0.0,0.0,158960.176471
1798618,IT,WE,MEAT1,INSUR,0.13,27020.89,4,4,27020.887,0.0,0.0,0.0,0.003,207853.0
1798106,IT,WL,93197,EDUCA,0.18,27020.245,4,4,27020.243,0.0,0.0,0.0,0.002,150112.472222
1756373,IT,KR,FURNI,PLAST,0.09,27017.714,4,4,27017.712,0.0,0.0,0.0,0.002,300196.822222
1648871,IT,BG,TEXTI,LEAD1,0.16,27016.487,4,4,27016.483,0.0,0.0,0.0,0.004,168853.04375
1648950,IT,BG,WEARI,LANDT,0.2,27015.983,4,4,27015.978,0.0,0.0,0.0,0.005,135079.915
1802350,IT,WE,SEACO,FOOD5,0.03,27013.931,3,3,27013.931,0.0,0.0,0.0,0.0,900464.366667
1647984,IT,BE,RENTI,RESEA,0.16,27013.895,4,4,27013.893,0.0,0.0,0.0,0.002,168836.84375
1763397,IT,MX,PRINT,COMPU,0.26,27013.386,4,4,27013.384,0.0,0.0,0.0,0.002,103897.638462
1759865,IT,BR,FOODW,FOOD4,0.2,27013.098,4,4,27013.096,0.0,0.0,0.0,0.002,135065.49
1782534,IT,NO,OFFIC,SUPPO,0.08,27012.738,4,4,27012.736,0.0,0.0,0.0,0.002,337659.225
1798372,IT,WE,FORES,REALE,0.24,27012.33,4,4,27002.33,0.0,10.0,0.0,0.0,112551.375
1755643,IT,KR,RUBBE,COKEO,0.09,27009.804,4,4,27009.802,0.0,0.0,0.0,0.002,300108.933333
1730157,IT,SE,LANDT,BEVER,0.17,27009.205,3,3,27009.205,0.0,0.0,0.0,0.0,158877.676471
1809112,IT,WM,CROPS,NFERT,0.21,27009.086,3,3,27009.086,0.0,0.0,0.0,0.0,128614.695238
1787778,IT,WA,DAIRY,NONF1,0.11,27008.623,4,4,27008.621,0.0,0.0,0.0,0.002,245532.936364
1737819,IT,GB,BITU1,CONST,0.04,27007.949,4,4,27007.947,0.0,0.0,0.0,0.002,675198.725
1674905,IT,FR,NONME,93197,0.05,27007.927,4,4,27007.924,0.0,0.0,0.0,0.003,540158.54
1761030,IT,IN,PLAST,KEROS,0.06,27006.448,4,4,27006.445,0.0,0.0,0.0,0.003,450107.466667
1682219,IT,HR,WEARI,SEACO,0.2,27005.964,4,4,27005.959,0.0,0.0,0.0,0.005,135029.82
1667622,IT,ES,MACHI,SUGA1,0.15,27003.882,4,4,27003.88,0.0,0.0,0.0,0.002,180025.88
1660094,IT,DE,AIRTR,DISTR,0.03,27003.706,3,3,27003.706,0.0,0.0,0.0,0.0,900123.533333
1800917,IT,WE,PREC1,CONST,0.05,27003.092,3,3,27003.092,0.0,0.0,0.0,0.0,540061.84
1793719,IT,WL,FOOD5,RESEA,0.13,27003.035,4,4,27003.033,0.0,0.0,0.0,0.002,207715.653846
1720711,IT,PL,TRANS,VEGET,0.16,27001.862,3,3,27001.862,0.0,0.0,0.0,0.0,168761.6375
1653220,IT,CZ,RUBBE,TOBAC,0.09,27000.647,4,4,27000.645,0.0,0.0,0.0,0.002,300007.188889
1805424,IT,WF,GLASS,PIGS9,0.07,26999.325,4,4,26999.323,0.0,0.0,0.0,0.002,385704.642857
1733831,IT,SI,TRAN2,DAIRY,0.04,26996.695,3,3,26996.695,0.0,0.0,0.0,0.0,674917.375
1776612,IT,TR,GASDI,BIODI,0.04,26996.674,4,4,26996.672,0.0,0.0,0.0,0.002,674916.85
1648984,IT,BG,LEATH,RETAI,0.19,26996.069,4,4,26996.064,0.0,0.0,0.0,0.005,142084.573684
1757955,IT,BR,ADDIT,MOTO1,0.06,26994.509,4,4,26994.507,0.0,0.0,0.0,0.002,449908.483333
1793226,IT,WA,PRIVA,CRUDE,6.02,26993.943,4,4,26993.939,0.0,0.0,0.0,0.004,4484.043688
1665746,IT,ES,PAPER,FOUND,0.1,26989.973,4,4,26989.97,0.0,0.0,0.0,0.003,269899.73
1792748,IT,WA,BUSIN,BASIC,0.28,26989.056,4,4,26989.054,0.0,0.0,0.0,0.002,96389.485714
1813476,IT,WM,SALEM,PFERT,0.22,26988.775,4,4,26988.773,0.0,0.0,0.0,0.002,122676.25
1747629,IT,JP,AIRTR,PAPE1,0.03,26987.861,3,3,26987.861,0.0,0.0,0.0,0.0,899595.366667
1748990,IT,CN,LEATH,FISH5,0.19,26986.048,4,4,26986.043,0.0,0.0,0.0,0.005,142031.831579
1772896,IT,CH,BASIC,INLAN,0.03,26985.973,4,4,26985.971,0.0,0.0,0.0,0.002,899532.433333
1689047,IT,IE,MOTO1,LANDT,0.14,26985.865,4,4,26985.863,0.0,0.0,0.0,0.002,192756.178571
1783349,IT,NO,PAPE1,INERT,0.19,26985.544,4,4,26985.542,0.0,0.0,0.0,0.002,142029.178947
1805366,IT,WF,RUBBE,NFERT,0.09,26984.68,4,4,26984.678,0.0,0.0,0.0,0.002,299829.777778
1685741,IT,HU,PLAST,MEATA,0.06,26984.628,4,4,26984.625,0.0,0.0,0.0,0.003,449743.8
1749329,IT,CN,PRINT,RUBBE,0.26,26984.425,4,4,26984.423,0.0,0.0,0.0,0.002,103786.25
1753690,IT,CA,MOTO1,POSTT,0.14,26984.357,4,4,26984.355,0.0,0.0,0.0,0.002,192745.407143
1811413,IT,WM,PLAST,SUGA1,0.06,26983.431,4,4,26983.428,0.0,0.0,0.0,0.003,449723.85
1660289,IT,DE,POSTT,AIRTR,0.44,26982.898,4,4,26982.896,0.0,0.0,0.0,0.002,61324.768182
1673266,IT,FR,FISH5,RENTI,0.11,26980.669,4,4,26980.655,0.0,0.0,0.0,0.014,245278.809091
1779578,IT,TR,COMPU,RADIO,0.31,26977.894,4,4,26977.892,0.0,0.0,0.0,0.002,87025.464516
1813105,IT,WM,MOTO1,FISHF,0.14,26976.103,4,4,26976.101,0.0,0.0,0.0,0.002,192686.45
1720717,IT,PL,TRANS,RAWMI,0.16,26976.048,3,3,26976.048,0.0,0.0,0.0,0.0,168600.3
1647832,IT,BE,AUXIL,DIST1,0.49,26975.567,3,3,26975.567,0.0,0.0,0.0,0.0,55052.177551
1747142,IT,JP,CONST,COKEO,0.15,26975.507,3,3,26975.507,0.0,0.0,0.0,0.0,179836.713333
1650547,IT,BG,ELEC7,CERAM,0.02,26974.435,3,3,26974.435,0.0,0.0,0.0,0.0,1348721.75
1680791,IT,GR,HOTEL,BUSIN,0.2,26973.306,4,4,26973.304,0.0,0.0,0.0,0.002,134866.53
1651428,IT,CY,GASDI,POULT,0.04,26973.016,4,4,26973.014,0.0,0.0,0.0,0.002,674325.4
1752844,IT,CA,PAPER,MEMBE,0.1,26972.679,4,4,26972.676,0.0,0.0,0.0,0.003,269726.79
1809101,IT,WM,CROPS,PRINT,0.21,26972.266,3,3,26972.266,0.0,0.0,0.0,0.0,128439.361905
1776910,IT,TR,PLAST,BIODI,0.06,26971.509,4,4,26971.506,0.0,0.0,0.0,0.003,449525.15
1799442,IT,WE,PAPER,TOBAC,0.1,26970.533,4,4,26970.53,0.0,0.0,0.0,0.003,269705.33
1711721,IT,LU,BUSIN,MOTO1,0.28,26969.834,4,4,26969.832,0.0,0.0,0.0,0.002,96320.835714
1755032,IT,KR,WEARI,NONME,0.2,26969.162,4,4,26969.157,0.0,0.0,0.0,0.005,134845.81
1808927,IT,WM,CEREA,KEROS,0.04,26965.993,4,4,26965.991,0.0,0.0,0.0,0.002,674149.825
1658090,IT,DE,ALUM1,BKBPE,0.05,26965.901,4,4,26965.899,0.0,0.0,0.0,0.002,539318.02
1760400,IT,IN,DAIRY,WHOLE,0.11,26965.366,4,4,26965.364,0.0,0.0,0.0,0.002,245139.690909
1679434,IT,GR,CHEM1,FORES,0.06,26965.228,4,4,26965.225,0.0,0.0,0.0,0.003,449420.466667
1798298,IT,WE,CROPS,TOBAC,0.21,26964.919,3,3,26964.919,0.0,0.0,0.0,0.0,128404.37619
1679901,IT,GR,COPP1,RENTI,0.07,26964.548,3,3,26964.548,0.0,0.0,0.0,0.0,385207.828571
1664069,IT,EE,CHEM1,GLASS,0.06,26964.472,4,4,26964.469,0.0,0.0,0.0,0.003,449407.866667
1761641,IT,IN,FABRI,HEAVY,0.11,26962.962,4,4,26962.96,0.0,0.0,0.0,0.002,245117.836364
1775749,IT,TR,CRUDE,COALT,0.05,26962.821,4,4,26962.819,0.0,0.0,0.0,0.002,539256.42
1790322,IT,WA,ALUM1,BIODI,0.05,26962.639,4,4,26962.637,0.0,0.0,0.0,0.002,539252.78
1732539,IT,SI,RUBBE,SECO9,0.09,26962.022,4,4,26962.02,0.0,0.0,0.0,0.002,299578.022222
1659262,IT,DE,SALEM,DISTR,0.22,26961.329,4,4,26961.327,0.0,0.0,0.0,0.002,122551.495455
1646901,IT,BE,WHOLE,CHEM1,0.23,26960.867,4,4,26960.865,0.0,0.0,0.0,0.002,117221.16087
1682268,IT,HR,LEATH,NONME,0.19,26960.62,4,4,26960.615,0.0,0.0,0.0,0.005,141898.0
1801490,IT,WE,MOTO1,LEAD1,0.14,26959.118,4,4,26959.116,0.0,0.0,0.0,0.002,192565.128571
1682017,IT,HR,BEVER,RUBBE,0.11,26957.357,4,4,26957.355,0.0,0.0,0.0,0.002,245066.881818
1714874,IT,NL,BEVER,RAWMI,0.11,26953.681,4,4,26953.679,0.0,0.0,0.0,0.002,245033.463636
1664378,IT,EE,MACHI,CEREA,0.15,26950.42,4,4,26950.418,0.0,0.0,0.0,0.002,179669.466667
1642348,IT,AT,BASIC,ELEC5,0.03,26949.474,4,4,26949.472,0.0,0.0,0.0,0.002,898315.8
1750410,IT,CN,FABRI,SEACO,0.11,26945.494,4,4,26945.492,0.0,0.0,0.0,0.002,244959.036364
1750147,IT,CN,PREC1,ELEC2,0.05,26944.771,3,3,26944.771,0.0,0.0,0.0,0.0,538895.42
1761661,IT,IN,FABRI,LEAD1,0.11,26944.125,4,4,26944.123,0.0,0.0,0.0,0.002,244946.590909
1790332,IT,WA,ALUM1,LEAD1,0.05,26943.629,4,4,26943.627,0.0,0.0,0.0,0.002,538872.58
1776690,IT,TR,HEAVY,FABRI,0.04,26942.68,4,4,26942.678,0.0,0.0,0.0,0.002,673567.0
1729414,IT,SE,BASIC,RAILW,0.03,26942.197,4,4,26942.195,0.0,0.0,0.0,0.002,898073.233333
1804497,IT,WF,GASDI,CHARC,0.04,26939.343,4,4,26939.341,0.0,0.0,0.0,0.002,673483.575
1723138,IT,PT,CHEM1,FOOD3,0.06,26937.876,4,4,26937.873,0.0,0.0,0.0,0.003,448964.6
1756542,IT,KR,WHOLE,EDUCA,0.23,26937.129,4,4,26937.127,0.0,0.0,0.0,0.002,117117.952174
1652090,IT,CZ,SANDC,BASIC,0.06,26934.509,4,4,26928.509,0.0,0.0,6.0,0.0,448908.483333
1721238,IT,PL,LANDT,WHITE,0.17,26933.203,3,3,26933.203,0.0,0.0,0.0,0.0,158430.605882
1789228,IT,WA,PLAST,ELEC3,0.06,26932.674,4,4,26932.671,0.0,0.0,0.0,0.003,448877.9
1745363,IT,JP,VEGE1,FOUND,0.08,26932.649,4,4,26932.643,0.0,0.0,0.0,0.006,336658.1125
1654483,IT,CZ,HOTEL,FORES,0.2,26932.618,4,4,26932.616,0.0,0.0,0.0,0.002,134663.09
1751322,IT,CN,LANDT,BASIC,0.17,26932.412,3,3,26932.412,0.0,0.0,0.0,0.0,158425.952941
1645175,IT,BE,PRINT,CONST,0.26,26930.407,4,4,26930.405,0.0,0.0,0.0,0.002,103578.488462
1687824,IT,HU,POSTT,PUBLI,0.44,26929.14,4,4,26929.138,0.0,0.0,0.0,0.002,61202.590909
1667475,IT,ES,FABRI,NICKE,0.11,26929.056,4,4,26929.054,0.0,0.0,0.0,0.002,244809.6
1654184,IT,CZ,MOTO1,DISTR,0.14,26929.044,4,4,26929.042,0.0,0.0,0.0,0.002,192350.314286
1768353,IT,AU,MEAT4,WEARI,0.15,26927.461,4,4,26927.459,0.0,0.0,0.0,0.002,179516.406667
1804094,IT,WF,PAPER,FORES,0.1,26926.881,4,4,26926.878,0.0,0.0,0.0,0.003,269268.81
1745853,IT,JP,LEATH,CEMEN,0.19,26926.503,4,4,26926.498,0.0,0.0,0.0,0.005,141718.436842
1652472,IT,CZ,WEARI,FOOD5,0.2,26926.32,4,4,26926.315,0.0,0.0,0.0,0.005,134631.6
1669784,IT,ES,BUSIN,ALUM1,0.28,26925.615,4,4,26925.613,0.0,0.0,0.0,0.002,96162.910714
1772227,IT,CH,GASDI,WASTE,0.04,26923.559,4,4,26923.557,0.0,0.0,0.0,0.002,673088.975
1810653,IT,WM,MOTOR,FORES,0.04,26922.894,4,4,26922.892,0.0,0.0,0.0,0.002,673072.35
1792225,IT,WA,POSTT,VEGE1,0.44,26922.123,4,4,26922.121,0.0,0.0,0.0,0.002,61186.643182
1685647,IT,HU,KEROS,SUPPO,0.04,26919.593,4,4,26919.591,0.0,0.0,0.0,0.002,672989.825
1670977,IT,FI,CHEM1,LANDT,0.06,26919.498,4,4,26919.495,0.0,0.0,0.0,0.003,448658.3
1657698,IT,DE,CERAM,RECRE,0.04,26919.333,3,3,26919.333,0.0,0.0,0.0,0.0,672983.325
1776710,IT,TR,HEAVY,RENTI,0.04,26918.861,4,4,26918.859,0.0,0.0,0.0,0.002,672971.525
1798207,IT,WE,VEGET,TOBAC,0.1,26917.121,3,3,26917.121,0.0,0.0,0.0,0.0,269171.21
1755681,IT,KR,RUBBE,DISTR,0.09,26917.095,4,4,26917.093,0.0,0.0,0.0,0.002,299078.833333
1663331,IT,DK,AIRTR,COMPU,0.03,26916.669,3,3,26916.669,0.0,0.0,0.0,0.0,897222.3
1674260,IT,FR,BITU1,BITU1,0.04,26914.453,4,4,26914.451,0.0,0.0,0.0,0.002,672861.325
1767024,IT,RU,TRANS,WHOLE,0.16,26914.022,3,3,26914.022,0.0,0.0,0.0,0.0,168212.6375
1792216,IT,WA,POSTT,CRUDE,0.44,26912.899,4,4,26912.897,0.0,0.0,0.0,0.002,61165.679545
1765159,IT,MX,BUSIN,RUBBE,0.28,26911.757,4,4,26911.755,0.0,0.0,0.0,0.002,96113.417857
1766126,IT,RU,RUBBE,COPP1,0.09,26911.291,4,4,26911.289,0.0,0.0,0.0,0.002,299014.344444
1682336,IT,HR,WOODW,PFERT,0.08,26910.736,4,4,26910.734,0.0,0.0,0.0,0.002,336384.2
1779012,IT,TR,AIRTR,GLASS,0.03,26909.39,3,3,26909.39,0.0,0.0,0.0,0.0,896979.666667
1644849,IT,BE,WEARI,WEARI,0.2,26908.656,4,4,26908.651,0.0,0.0,0.0,0.005,134543.28
1677913,IT,FR,BUSIN,TRAN1,0.28,26907.835,4,4,26907.833,0.0,0.0,0.0,0.002,96099.410714
1779782,IT,TR,BUSIN,WHOLE,0.28,26906.559,4,4,26906.557,0.0,0.0,0.0,0.002,96094.853571
1771224,IT,CH,VEGE1,MOTOR,0.08,26900.67,4,4,26900.664,0.0,0.0,0.0,0.006,336258.375
1807436,IT,WF,AUXIL,CRUDE,0.49,26900.624,3,3,26900.624,0.0,0.0,0.0,0.0,54899.232653
1781527,IT,NO,TEXTI,MACHI,0.16,26900.127,4,4,26900.123,0.0,0.0,0.0,0.004,168125.79375
1766010,IT,RU,CHEM1,LEAD1,0.06,26899.038,4,4,26899.035,0.0,0.0,0.0,0.003,448317.3
1645885,IT,BE,GLASS,LANDT,0.07,26897.46,4,4,26897.458,0.0,0.0,0.0,0.002,384249.428571
1709714,IT,LT,CHEM1,MOTOR,0.06,26894.381,4,4,26894.378,0.0,0.0,0.0,0.003,448239.683333
1796873,IT,WL,SEACO,OFFIC,0.03,26893.989,3,3,26893.989,0.0,0.0,0.0,0.0,896466.3
1683219,IT,HR,CERAM,MEATC,0.04,26892.947,3,3,26892.947,0.0,0.0,0.0,0.0,672323.675
1712794,IT,LV,SEACO,OFFIC,0.03,26892.698,3,3,26892.698,0.0,0.0,0.0,0.0,896423.266667
1796803,IT,WL,TRAN2,RETAI,0.04,26891.912,3,3,26891.912,0.0,0.0,0.0,0.0,672297.8
1647336,IT,BE,SEACO,PULP5,0.03,26891.773,3,3,26891.773,0.0,0.0,0.0,0.0,896392.433333
1643639,IT,AT,AIRTR,BIOG1,0.03,26889.993,3,3,26889.993,0.0,0.0,0.0,0.0,896333.1
1719177,IT,PL,PLAST,STEAM,0.06,26889.838,4,4,26889.835,0.0,0.0,0.0,0.003,448163.966667
1791902,IT,WA,TRAN2,PFERT,0.04,26888.483,3,3,26888.483,0.0,0.0,0.0,0.0,672212.075
1641258,IT,AT,MOTOR,CHEM1,0.04,26888.109,4,4,26888.107,0.0,0.0,0.0,0.002,672202.725
1677830,IT,FR,RESEA,BUSIN,0.15,26887.294,4,4,26887.292,0.0,0.0,0.0,0.002,179248.626667
1666712,IT,ES,RUBBE,SANDC,0.09,26887.239,4,4,26887.237,0.0,0.0,0.0,0.002,298747.1
1761516,IT,IN,ALUM1,MEDIC,0.05,26886.275,4,4,26886.273,0.0,0.0,0.0,0.002,537725.5
1746432,IT,JP,RUBBE,93197,0.09,26885.839,4,4,26885.837,0.0,0.0,0.0,0.002,298731.544444
1764964,IT,MX,POSTT,RETA1,0.44,26885.256,4,4,26885.254,0.0,0.0,0.0,0.002,61102.854545
1743356,IT,US,SALEM,MEAT1,0.22,26884.924,4,4,26884.922,0.0,0.0,0.0,0.002,122204.2
1648011,IT,BE,COMPU,MOTOR,0.31,26884.109,4,4,26884.107,0.0,0.0,0.0,0.002,86722.932258
1799267,IT,WE,LEATH,ELECT,0.19,26883.506,4,4,26883.501,0.0,0.0,0.0,0.005,141492.136842
1743365,IT,US,SALEM,PULP5,0.22,26882.311,4,4,26882.309,0.0,0.0,0.0,0.002,122192.322727
1756410,IT,KR,FURNI,BUSIN,0.09,26881.953,4,4,26881.951,0.0,0.0,0.0,0.002,298688.366667
1656113,IT,DE,FISH5,MEATC,0.11,26881.336,4,4,26881.322,0.0,0.0,0.0,0.014,244375.781818
1683679,IT,HR,FABRI,AUXIL,0.11,26880.139,4,4,26880.137,0.0,0.0,0.0,0.002,244364.9
1801564,IT,WE,TRANS,LEATH,0.16,26877.782,3,3,26877.782,0.0,0.0,0.0,0.0,167986.1375
1764797,IT,MX,LANDT,ELECT,0.17,26876.278,3,3,26876.278,0.0,0.0,0.0,0.0,158095.752941
1786915,IT,ZA,AIRTR,FURNI,0.03,26875.781,3,3,26875.781,0.0,0.0,0.0,0.0,895859.366667
1786896,IT,ZA,SEACO,RECRE,0.03,26874.692,3,3,26874.692,0.0,0.0,0.0,0.0,895823.066667
1766423,IT,RU,BASIC,SALEM,0.03,26873.554,4,4,26873.552,0.0,0.0,0.0,0.002,895785.133333
1717951,IT,PL,SANDC,BITUM,0.06,26873.498,4,4,26867.498,0.0,0.0,6.0,0.0,447891.633333
1768431,IT,AU,DAIRY,WOOLS,0.11,26869.947,4,4,26869.945,0.0,0.0,0.0,0.002,244272.245455
1737309,IT,GB,BEVER,VEGE1,0.11,26869.023,4,4,26869.021,0.0,0.0,0.0,0.002,244263.845455
1718187,IT,PL,DAIRY,FURNI,0.11,26868.061,4,4,26868.059,0.0,0.0,0.0,0.002,244255.1
1802614,IT,WE,AUXIL,INSUR,0.49,26867.448,3,3,26867.448,0.0,0.0,0.0,0.0,54831.526531
1813463,IT,WM,CONST,93197,0.15,26867.345,3,3,26867.345,0.0,0.0,0.0,0.0,179115.633333
1787739,IT,WA,VEGE1,SUPPO,0.08,26866.077,4,4,26866.071,0.0,0.0,0.0,0.006,335825.9625
1808950,IT,WM,CEREA,POSTT,0.04,26865.504,4,4,26865.502,0.0,0.0,0.0,0.002,671637.6
1802677,IT,WE,RENTI,AIRTR,0.16,26864.657,4,4,26864.655,0.0,0.0,0.0,0.002,167904.10625
1768952,IT,AU,PAPER,PLAST,0.1,26864.608,4,4,26864.605,0.0,0.0,0.0,0.003,268646.08
1718899,IT,PL,PRINT,WEARI,0.26,26862.007,4,4,26862.005,0.0,0.0,0.0,0.002,103315.411538
1732804,IT,SI,BASIC,FORES,0.03,26861.551,4,4,26861.549,0.0,0.0,0.0,0.002,895385.033333
1728735,IT,SE,KEROS,RETAI,0.04,26858.242,4,4,26858.24,0.0,0.0,0.0,0.002,671456.05
1738924,IT,GB,FURNI,LANDT,0.09,26857.35,4,4,26857.348,0.0,0.0,0.0,0.002,298415.0
1651986,IT,CZ,CEREA,FOOD5,0.04,26857.316,4,4,26857.314,0.0,0.0,0.0,0.002,671432.9
1746688,IT,JP,FABRI,PRINT,0.11,26856.864,4,4,26856.862,0.0,0.0,0.0,0.002,244153.309091
1683708,IT,HR,MACHI,MEAT4,0.15,26855.57,4,4,26855.568,0.0,0.0,0.0,0.002,179037.133333
1676893,IT,FR,TRAN2,PUBLI,0.04,26855.255,3,3,26855.255,0.0,0.0,0.0,0.0,671381.375
1765604,IT,RU,WOODW,PLAST,0.08,26855.184,4,4,26855.182,0.0,0.0,0.0,0.002,335689.8
1806840,IT,WF,RETA1,SALEM,0.28,26854.537,4,4,26854.535,0.0,0.0,0.0,0.002,95909.060714
1771067,IT,CH,NATUR,SUGA1,0.04,26853.961,4,4,26853.959,0.0,0.0,0.0,0.002,671349.025
1721371,IT,PL,SEACO,LEATH,0.03,26852.765,3,3,26852.765,0.0,0.0,0.0,0.0,895092.166667
1775817,IT,TR,CHEMI,MACHI,0.06,26852.563,5,5,26851.56,0.0,0.0,1.0,0.003,447542.716667
1776312,IT,TR,PAPER,PREC1,0.1,26852.043,4,4,26852.04,0.0,0.0,0.0,0.003,268520.43
1796660,IT,WL,HOTEL,TRAN2,0.19,26851.337,4,4,26851.335,0.0,0.0,0.0,0.002,141322.826316
1685593,IT,HU,PRINT,MACHI,0.26,26851.17,4,4,26851.168,0.0,0.0,0.0,0.002,103273.730769
1716841,IT,NL,HOTEL,PULP5,0.19,26848.277,4,4,26848.275,0.0,0.0,0.0,0.002,141306.721053
1666799,IT,ES,RUBBE,AUXIL,0.09,26846.387,4,4,26846.385,0.0,0.0,0.0,0.002,298293.188889
1750354,IT,CN,FABRI,MOTOR,0.11,26844.678,4,4,26844.676,0.0,0.0,0.0,0.002,244042.527273
1641092,IT,AT,PAPER,PREC1,0.1,26844.54,4,4,26844.537,0.0,0.0,0.0,0.003,268445.4
1787525,IT,WA,CHEMI,GASDI,0.06,26844.385,5,5,26843.382,0.0,0.0,1.0,0.003,447406.416667
1789457,IT,WA,ADDIT,POULT,0.06,26844.353,4,4,26844.351,0.0,0.0,0.0,0.002,447405.883333
1640148,IT,AT,CEREA,RENTI,0.04,26844.308,4,4,26844.306,0.0,0.0,0.0,0.002,671107.7
1721324,IT,PL,LANDT,MEMBE,0.17,26843.83,3,3,26843.83,0.0,0.0,0.0,0.0,157904.882353
1663561,IT,DK,COMPU,REALE,0.31,26843.609,4,4,26843.607,0.0,0.0,0.0,0.002,86592.287097
1750277,IT,CN,COPP1,WHOLE,0.07,26842.514,3,3,26842.514,0.0,0.0,0.0,0.0,383464.485714
1785063,IT,ZA,VEGET,DAIRY,0.1,26839.991,3,3,26839.991,0.0,0.0,0.0,0.0,268399.91
1660639,IT,DE,REALE,SALEM,1.13,26839.802,4,4,26839.8,0.0,0.0,0.0,0.002,23752.037168
1709553,IT,LT,WOODW,ELEC7,0.08,26839.497,4,4,26839.495,0.0,0.0,0.0,0.002,335493.7125
1715701,IT,NL,PLAST,LEATH,0.06,26839.443,4,4,26839.44,0.0,0.0,0.0,0.003,447324.05
1736328,IT,SK,RAILW,COKEO,0.18,26837.939,3,3,26837.939,0.0,0.0,0.0,0.0,149099.661111
1726417,IT,RO,FABRI,MEAT1,0.11,26837.491,4,4,26837.489,0.0,0.0,0.0,0.002,243977.190909
1753348,IT,CA,BASIC,PAPE4,0.03,26837.409,4,4,26837.407,0.0,0.0,0.0,0.002,894580.3
1749217,IT,CN,PAPER,MEAT1,0.1,26836.291,4,4,26836.288,0.0,0.0,0.0,0.003,268362.91
1799199,IT,WE,LEATH,WHEAT,0.19,26833.64,4,4,26833.635,0.0,0.0,0.0,0.005,141229.684211
1723489,IT,PT,ALUM1,RENTI,0.05,26831.083,4,4,26831.081,0.0,0.0,0.0,0.002,536621.66
1713781,IT,MT,MOTO1,RENTI,0.14,26829.776,4,4,26829.774,0.0,0.0,0.0,0.002,191641.257143
1801449,IT,WE,MOTO1,MEATC,0.14,26827.594,4,4,26827.592,0.0,0.0,0.0,0.002,191625.671429
1798352,IT,WE,POULT,INSUR,0.07,26827.224,4,4,26827.222,0.0,0.0,0.0,0.002,383246.057143
1801476,IT,WE,MOTO1,NFERT,0.14,26825.794,4,4,26825.792,0.0,0.0,0.0,0.002,191612.814286
1676244,IT,FR,SALEM,VEGET,0.22,26825.166,4,4,26825.164,0.0,0.0,0.0,0.002,121932.572727
1714167,IT,MT,POSTT,HOTEL,0.44,26824.97,4,4,26824.968,0.0,0.0,0.0,0.002,60965.840909
1657590,IT,DE,GLASS,ELEC7,0.07,26824.106,4,4,26824.104,0.0,0.0,0.0,0.002,383201.514286
1686179,IT,HU,GLASS,WEARI,0.07,26823.593,4,4,26823.591,0.0,0.0,0.0,0.002,383194.185714
1711162,IT,LU,FABRI,RETA1,0.11,26821.405,4,4,26821.403,0.0,0.0,0.0,0.002,243830.954545
1665616,IT,ES,WOODW,WEARI,0.08,26820.871,4,4,26820.869,0.0,0.0,0.0,0.002,335260.8875
1768599,IT,AU,BEVER,LANDT,0.11,26817.89,4,4,26817.888,0.0,0.0,0.0,0.002,243799.0
1663681,IT,DK,BUSIN,PRIVA,0.28,26816.957,4,4,26816.955,0.0,0.0,0.0,0.002,95774.846429
1735139,IT,SK,RUBBE,WHEAT,0.09,26815.745,4,4,26815.743,0.0,0.0,0.0,0.002,297952.722222
1806492,IT,WF,TRANS,RETAI,0.16,26814.148,3,3,26814.148,0.0,0.0,0.0,0.0,167588.425
1670872,IT,FI,PLAST,GLASS,0.06,26813.629,4,4,26813.626,0.0,0.0,0.0,0.003,446893.816667
1799741,IT,WE,KEROS,BRICK,0.04,26813.353,4,4,26813.351,0.0,0.0,0.0,0.002,670333.825
1662816,IT,DK,CONST,FABRI,0.15,26813.104,3,3,26813.104,0.0,0.0,0.0,0.0,178754.026667
1670543,IT,FI,TEXTI,PAPER,0.16,26807.858,4,4,26807.854,0.0,0.0,0.0,0.004,167549.1125
1667938,IT,ES,MOTO1,OILHA,0.14,26804.481,4,4,26804.479,0.0,0.0,0.0,0.002,191460.578571
1647399,IT,BE,AIRTR,WOODW,0.03,26803.127,3,3,26803.127,0.0,0.0,0.0,0.0,893437.566667
1655166,IT,CZ,BUSIN,ELEC1,0.28,26801.912,4,4,26801.91,0.0,0.0,0.0,0.002,95721.114286
1733839,IT,SI,TRAN2,ELEC4,0.04,26800.743,3,3,26800.743,0.0,0.0,0.0,0.0,670018.575
1761950,IT,IN,FURNI,ELEC8,0.09,26800.612,4,4,26800.61,0.0,0.0,0.0,0.002,297784.577778
1795142,IT,WL,RUBBE,LEAD1,0.09,26799.634,4,4,26799.632,0.0,0.0,0.0,0.002,297773.711111
1760320,IT,IN,STONE,MACHI,0.09,26799.238,4,4,26798.238,0.0,0.0,1.0,0.0,297769.311111
1674493,IT,FR,BIODI,HEALT,0.06,26795.7,4,4,26795.697,0.0,0.0,0.0,0.003,446595.0
1683726,IT,HR,MACHI,PLAST,0.15,26793.408,4,4,26793.406,0.0,0.0,0.0,0.002,178622.72
1646933,IT,BE,WHOLE,DIST1,0.23,26792.487,4,4,26792.485,0.0,0.0,0.0,0.002,116489.073913
1678857,IT,GR,FISH5,MEATC,0.11,26791.283,4,4,26791.269,0.0,0.0,0.0,0.014,243557.118182
1763556,IT,MX,CHEM1,NFERT,0.06,26788.016,4,4,26788.013,0.0,0.0,0.0,0.003,446466.933333
1648501,IT,BG,OILSE,AIRTR,0.02,26787.066,3,3,26787.066,0.0,0.0,0.0,0.0,1339353.3
1656743,IT,DE,MOTOR,HEALT,0.04,26786.078,4,4,26786.076,0.0,0.0,0.0,0.002,669651.95
1746570,IT,JP,BASIC,SECO9,0.03,26783.218,4,4,26783.216,0.0,0.0,0.0,0.002,892773.933333
1808370,IT,WF,WASTE,CATTL,0.08,26782.533,3,3,26782.533,0.0,0.0,0.0,0.0,334781.6625
1645846,IT,BE,GLASS,WEARI,0.07,26782.191,4,4,26782.189,0.0,0.0,0.0,0.002,382602.728571
1773521,IT,CH,MOTO1,HEAVY,0.14,26780.638,4,4,26780.636,0.0,0.0,0.0,0.002,191290.271429
1685528,IT,HU,PAPER,NONME,0.1,26779.221,4,4,26779.218,0.0,0.0,0.0,0.003,267792.21
1740001,IT,GB,REALE,RETA1,1.13,26779.195,4,4,26779.193,0.0,0.0,0.0,0.002,23698.402655
1710908,IT,LU,LIQUE,CONST,0.05,26778.343,4,4,26778.341,0.0,0.0,0.0,0.002,535566.86
1715527,IT,NL,GASDI,ELECT,0.04,26776.217,4,4,26776.215,0.0,0.0,0.0,0.002,669405.425
1742205,IT,US,GLASS,REALE,0.07,26776.026,4,4,26776.024,0.0,0.0,0.0,0.002,382514.657143
1729034,IT,SE,RUBBE,WEARI,0.09,26771.87,4,4,26771.868,0.0,0.0,0.0,0.002,297465.222222
1673583,IT,FR,WOODW,SUGA1,0.07,26771.329,4,4,26771.327,0.0,0.0,0.0,0.002,382447.557143
1810610,IT,WM,PRINT,HOTEL,0.26,26771.22,4,4,26771.218,0.0,0.0,0.0,0.002,102966.230769
1752403,IT,CA,VEGE1,WHITE,0.08,26770.883,4,4,26770.877,0.0,0.0,0.0,0.006,334636.0375
1715396,IT,NL,PRINT,EDUCA,0.26,26770.476,4,4,26770.474,0.0,0.0,0.0,0.002,102963.369231
1674669,IT,FR,GLASS,HEAVY,0.07,26770.379,4,4,26770.377,0.0,0.0,0.0,0.002,382433.985714
1683635,IT,HR,FABRI,PLAST,0.11,26770.223,4,4,26770.221,0.0,0.0,0.0,0.002,243365.663636
1663697,IT,EE,VEGET,HOTEL,0.09,26769.548,3,3,26769.548,0.0,0.0,0.0,0.0,297439.422222
1727752,IT,RO,RESEA,RESEA,0.15,26768.999,4,4,26768.997,0.0,0.0,0.0,0.002,178459.993333
1761269,IT,IN,RUBBE,CERAM,0.09,26767.791,4,4,26767.789,0.0,0.0,0.0,0.002,297419.9
1796056,IT,WL,TRANS,SANDC,0.16,26766.589,3,3,26766.589,0.0,0.0,0.0,0.0,167291.18125
1757934,IT,BR,CHEM1,FOOD4,0.06,26766.363,4,4,26766.36,0.0,0.0,0.0,0.003,446106.05
1773935,IT,CH,SALEM,KEROS,0.22,26765.131,4,4,26765.129,0.0,0.0,0.0,0.002,121659.686364
1641589,IT,AT,NAPHT,FOOD5,0.05,26764.791,4,4,26764.789,0.0,0.0,0.0,0.002,535295.82
1743941,IT,US,INLAN,RUBBE,0.04,26764.39,4,4,26764.388,0.0,0.0,0.0,0.002,669109.75
1717674,IT,NL,BUSIN,NONF1,0.27,26764.234,4,4,26764.232,0.0,0.0,0.0,0.002,99126.792593
1797158,IT,WL,POSTT,TRAN1,0.44,26764.15,4,4,26764.148,0.0,0.0,0.0,0.002,60827.613636
1713685,IT,MT,FABRI,RUBBE,0.11,26762.903,4,4,26762.901,0.0,0.0,0.0,0.002,243299.118182
1710169,IT,LT,MACHI,MOTO1,0.15,26761.3,4,4,26761.298,0.0,0.0,0.0,0.002,178408.666667
1642775,IT,AT,MACHI,HOTEL,0.15,26761.286,4,4,26761.284,0.0,0.0,0.0,0.002,178408.573333
1760962,IT,IN,HEAVY,RENTI,0.04,26759.662,4,4,26759.66,0.0,0.0,0.0,0.002,668991.55
1776044,IT,TR,TEXTI,TRANS,0.16,26759.403,4,4,26759.399,0.0,0.0,0.0,0.004,167246.26875
1769070,IT,AU,PLAST,MOTOR,0.06,26758.838,4,4,26758.835,0.0,0.0,0.0,0.003,445980.633333
1734302,IT,SI,BUSIN,RUBBE,0.27,26758.433,4,4,26758.431,0.0,0.0,0.0,0.002,99105.307407
1650434,IT,BG,ELEC4,WHOLE,0.43,26757.097,4,4,26757.095,0.0,0.0,0.0,0.002,62225.806977
1744610,IT,US,RENTI,ELEC5,0.16,26756.969,3,3,26756.969,0.0,0.0,0.0,0.0,167231.05625
1663721,IT,EE,VEGE1,BEVER,0.08,26754.042,4,4,26754.036,0.0,0.0,0.0,0.006,334425.525
1643535,IT,AT,TRAN2,REALE,0.04,26753.598,3,3,26753.598,0.0,0.0,0.0,0.0,668839.95
1679964,IT,GR,FABRI,MEDIC,0.11,26752.481,4,4,26752.479,0.0,0.0,0.0,0.002,243204.372727
1661143,IT,DE,RECRE,HOTEL,0.34,26751.944,4,4,26751.942,0.0,0.0,0.0,0.002,78682.188235
1765551,IT,RU,LEATH,RUBBE,0.19,26751.666,4,4,26751.661,0.0,0.0,0.0,0.005,140798.242105
1655343,IT,DE,VEGET,RENTI,0.09,26750.299,3,3,26750.299,0.0,0.0,0.0,0.0,297225.544444
1764527,IT,MX,CONST,HEALT,0.15,26749.498,3,3,26749.498,0.0,0.0,0.0,0.0,178329.986667
1722091,IT,PL,BUSIN,HEAVY,0.27,26749.028,4,4,26749.026,0.0,0.0,0.0,0.002,99070.474074
1663267,IT,DK,SEACO,MEDIC,0.03,26748.699,3,3,26748.699,0.0,0.0,0.0,0.0,891623.3
1656879,IT,DE,HEAVY,ALUM1,0.04,26747.969,4,4,26747.967,0.0,0.0,0.0,0.002,668699.225
1732280,IT,SI,LIQUE,EDUCA,0.05,26747.359,4,4,26747.357,0.0,0.0,0.0,0.002,534947.18
1784816,IT,ID,HOTEL,SEACO,0.19,26746.683,4,4,26746.681,0.0,0.0,0.0,0.002,140772.015789
1796162,IT,WL,FURNI,MEATC,0.09,26745.871,4,4,26745.869,0.0,0.0,0.0,0.002,297176.344444
1791327,IT,WA,SALEM,MEATC,0.22,26745.016,4,4,26745.014,0.0,0.0,0.0,0.002,121568.254545
1719521,IT,PL,GLASS,BIOGA,0.07,26744.946,4,4,26744.944,0.0,0.0,0.0,0.002,382070.657143
1658611,IT,DE,MACHI,ELEC6,0.15,26742.015,4,4,26742.013,0.0,0.0,0.0,0.002,178280.1
1718794,IT,PL,PAPER,KEROS,0.1,26740.484,4,4,26740.481,0.0,0.0,0.0,0.003,267404.84
1666022,IT,ES,MOTOR,PLAS2,0.04,26740.325,4,4,26740.323,0.0,0.0,0.0,0.002,668508.125
1745681,IT,JP,TEXTI,COMPU,0.16,26740.315,4,4,26740.311,0.0,0.0,0.0,0.004,167126.96875
1645979,IT,BE,CEMEN,ALUM1,0.04,26739.857,3,3,26739.857,0.0,0.0,0.0,0.0,668496.425
1689075,IT,IE,FURNI,RUBBE,0.09,26739.361,4,4,26739.359,0.0,0.0,0.0,0.002,297104.011111
1734848,IT,SK,PAPER,PULP5,0.1,26737.493,4,4,26737.49,0.0,0.0,0.0,0.003,267374.93
1715595,IT,NL,LIQUE,MACHI,0.05,26737.418,4,4,26737.416,0.0,0.0,0.0,0.002,534748.36
1709908,IT,LT,BASIC,WHEAT,0.03,26736.543,4,4,26736.541,0.0,0.0,0.0,0.002,891218.1
1726293,IT,RO,BASIC,STEAM,0.03,26733.486,4,4,26733.484,0.0,0.0,0.0,0.002,891116.2
1763995,IT,MX,ALUM1,COPP1,0.05,26733.209,4,4,26733.207,0.0,0.0,0.0,0.002,534664.18
1792616,IT,WA,COMPU,REALE,0.31,26730.238,4,4,26730.236,0.0,0.0,0.0,0.002,86226.574194
1757336,IT,BR,TEXTI,RUBBE,0.16,26730.199,4,4,26730.195,0.0,0.0,0.0,0.004,167063.74375
1715644,IT,NL,NAPHT,RUBBE,0.05,26728.965,4,4,26728.963,0.0,0.0,0.0,0.002,534579.3
1743855,IT,US,SEACO,LIGNI,0.03,26727.771,3,3,26727.771,0.0,0.0,0.0,0.0,890925.7
1728920,IT,SE,CHEM1,FOUND,0.06,26727.702,4,4,26727.699,0.0,0.0,0.0,0.003,445461.7
1760589,IT,IN,WOODW,CHEM1,0.07,26726.054,4,4,26726.052,0.0,0.0,0.0,0.002,381800.771429
1751615,IT,CN,POSTT,INSUR,0.44,26724.654,4,4,26724.652,0.0,0.0,0.0,0.002,60737.85
1656849,IT,DE,HEAVY,FOOD5,0.04,26722.71,4,4,26722.708,0.0,0.0,0.0,0.002,668067.75
1719692,IT,PL,NONME,MOTOR,0.05,26721.864,4,4,26721.861,0.0,0.0,0.0,0.003,534437.28
1813505,IT,WM,RETAI,KEROS,0.21,26721.407,4,4,26721.405,0.0,0.0,0.0,0.002,127244.795238
1686892,IT,HU,MACHI,CRUDE,0.15,26720.461,4,4,26720.459,0.0,0.0,0.0,0.002,178136.406667
1662112,IT,DK,RUBBE,WHEAT,0.09,26719.579,4,4,26719.577,0.0,0.0,0.0,0.002,296884.211111
1730456,IT,SE,POSTT,TRAN2,0.44,26717.393,4,4,26717.391,0.0,0.0,0.0,0.002,60721.347727
1781666,IT,NO,LEATH,RETA1,0.19,26717.293,4,4,26717.288,0.0,0.0,0.0,0.005,140617.331579
1793930,IT,WL,LEATH,PRINT,0.19,26716.586,4,4,26716.581,0.0,0.0,0.0,0.005,140613.610526
1678983,IT,GR,WEARI,RECRE,0.2,26715.84,4,4,26715.835,0.0,0.0,0.0,0.005,133579.2
1667306,IT,ES,ALUM1,ELEC4,0.05,26715.751,4,4,26715.749,0.0,0.0,0.0,0.002,534315.02
1741210,IT,US,WOODW,CHEM1,0.07,26713.823,4,4,26713.821,0.0,0.0,0.0,0.002,381626.042857
1738193,IT,GB,CERAM,FABRI,0.04,26711.528,3,3,26711.528,0.0,0.0,0.0,0.0,667788.2
1721527,IT,PL,SUPPO,BASIC,0.19,26709.823,3,3,26709.823,0.0,0.0,0.0,0.0,140578.015789
1798603,IT,WE,MEATP,REALE,0.11,26709.501,4,4,26709.498,0.0,0.0,0.0,0.003,242813.645455
1768060,IT,RU,BUSIN,CEMEN,0.27,26709.31,4,4,26709.308,0.0,0.0,0.0,0.002,98923.37037
1758103,IT,BR,GLASS,SALEM,0.07,26708.706,4,4,26708.704,0.0,0.0,0.0,0.002,381552.942857
1747356,IT,JP,RETA1,OFFIC,0.28,26704.836,4,4,26704.834,0.0,0.0,0.0,0.002,95374.414286
1656946,IT,DE,LIQUE,BRICK,0.05,26704.368,4,4,26704.366,0.0,0.0,0.0,0.002,534087.36
1683474,IT,HR,PREC1,PREC1,0.05,26704.086,3,3,26704.086,0.0,0.0,0.0,0.0,534081.72
1787519,IT,WA,CHEMI,LEATH,0.06,26703.131,5,5,26702.128,0.0,0.0,1.0,0.003,445052.183333
1652061,IT,CZ,FISHF,WHOLE,0.05,26702.663,3,3,26702.663,0.0,0.0,0.0,0.0,534053.26
1690367,IT,IE,WASTE,SUGA1,0.08,26700.796,3,3,26700.796,0.0,0.0,0.0,0.0,333759.95
1724840,IT,PT,BUSIN,MEATC,0.27,26700.126,4,4,26700.124,0.0,0.0,0.0,0.002,98889.355556
1646974,IT,BE,RETA1,RAWMI,0.28,26699.101,4,4,26699.099,0.0,0.0,0.0,0.002,95353.932143
1657570,IT,DE,GLASS,ALUM1,0.07,26698.955,4,4,26698.953,0.0,0.0,0.0,0.002,381413.642857
1760937,IT,IN,HEAVY,GLASS,0.04,26698.576,4,4,26698.574,0.0,0.0,0.0,0.002,667464.4
1796805,IT,WL,TRAN2,LANDT,0.04,26698.423,3,3,26698.423,0.0,0.0,0.0,0.0,667460.575
1664830,IT,ES,OILSE,RESEA,0.02,26697.436,3,3,26697.436,0.0,0.0,0.0,0.0,1334871.8
1640934,IT,AT,WOODW,RAWMI,0.07,26696.468,4,4,26696.466,0.0,0.0,0.0,0.002,381378.114286
1763931,IT,MX,BASIC,NONME,0.03,26695.999,4,4,26695.997,0.0,0.0,0.0,0.002,889866.633333
1797712,IT,WL,PLAS1,HOTEL,0.1,26695.896,4,4,26695.894,0.0,0.0,0.0,0.002,266958.96
1798536,IT,WE,SANDC,CROPS,0.06,26693.417,4,4,26687.417,0.0,0.0,6.0,0.0,444890.283333
1689660,IT,IE,POSTT,NUCLE,0.44,26691.705,4,4,26691.703,0.0,0.0,0.0,0.002,60662.965909
1750816,IT,CN,FURNI,LIQUE,0.09,26691.601,4,4,26691.599,0.0,0.0,0.0,0.002,296573.344444
1772484,IT,CH,BIODI,FINAN,0.06,26689.507,4,4,26689.504,0.0,0.0,0.0,0.003,444825.116667
1754715,IT,KR,VEGE1,RESEA,0.08,26689.091,4,4,26689.085,0.0,0.0,0.0,0.006,333613.6375
1647377,IT,BE,SEACO,TEXT1,0.03,26686.345,3,3,26686.345,0.0,0.0,0.0,0.0,889544.833333
1806392,IT,WF,MOTO1,ELEC4,0.14,26685.996,4,4,26685.994,0.0,0.0,0.0,0.002,190614.257143
1725902,IT,RO,LUBRI,93197,0.03,26684.981,3,3,26684.981,0.0,0.0,0.0,0.0,889499.366667
1689528,IT,IE,SEACO,KEROS,0.03,26683.168,3,3,26683.168,0.0,0.0,0.0,0.0,889438.933333
1732154,IT,SI,GASDI,FURNI,0.04,26682.926,4,4,26682.924,0.0,0.0,0.0,0.002,667073.15
1721531,IT,PL,SUPPO,FABRI,0.19,26682.819,3,3,26682.819,0.0,0.0,0.0,0.0,140435.889474
1653747,IT,CZ,COPP1,PREC1,0.07,26682.632,3,3,26682.632,0.0,0.0,0.0,0.0,381180.457143
1759622,IT,BR,RESEA,MEATC,0.14,26681.49,4,4,26681.488,0.0,0.0,0.0,0.002,190582.071429
1761459,IT,IN,PREC1,PAPER,0.05,26680.749,3,3,26680.749,0.0,0.0,0.0,0.0,533614.98
1666889,IT,ES,GLASS,MEDIC,0.07,26680.451,4,4,26680.449,0.0,0.0,0.0,0.002,381149.3
1726616,IT,RO,MOTO1,RUBBE,0.14,26678.343,4,4,26678.341,0.0,0.0,0.0,0.002,190559.592857
1751729,IT,CN,INSUR,SALEM,0.55,26677.62,3,3,26677.62,0.0,0.0,0.0,0.0,48504.763636
1646058,IT,BE,BASIC,WEARI,0.03,26677.195,4,4,26677.193,0.0,0.0,0.0,0.002,889239.833333
1785095,IT,ZA,CHEMI,NONME,0.06,26675.663,5,5,26674.66,0.0,0.0,1.0,0.003,444594.383333
1730862,IT,SE,PUBLI,RECRE,0.44,26675.334,4,4,26675.332,0.0,0.0,0.0,0.002,60625.759091
1653736,IT,CZ,COPP1,PFERT,0.07,26674.462,3,3,26674.462,0.0,0.0,0.0,0.0,381063.742857
1779036,IT,TR,AIRTR,COLLE,0.03,26674.309,3,3,26674.309,0.0,0.0,0.0,0.0,889143.633333
1728345,IT,SE,TEXTI,FOOD5,0.16,26674.246,4,4,26674.242,0.0,0.0,0.0,0.004,166714.0375
1657978,IT,DE,BASIC,FOODW,0.03,26672.775,4,4,26672.773,0.0,0.0,0.0,0.002,889092.5
1758999,IT,BR,LANDT,FABRI,0.17,26672.413,3,3,26672.413,0.0,0.0,0.0,0.0,156896.547059
1715287,IT,NL,PAPER,NONF1,0.1,26668.602,4,4,26668.599,0.0,0.0,0.0,0.003,266686.02
1661863,IT,DK,PAPER,MEDIC,0.1,26668.587,4,4,26668.584,0.0,0.0,0.0,0.003,266685.87
1685253,IT,HU,TEXTI,NONME,0.16,26667.27,4,4,26667.266,0.0,0.0,0.0,0.004,166670.4375
1803964,IT,WF,LEATH,COPPE,0.19,26666.687,4,4,26666.682,0.0,0.0,0.0,0.005,140350.984211
1777244,IT,TR,RUBBE,FOUND,0.09,26666.638,4,4,26666.636,0.0,0.0,0.0,0.002,296295.977778
1713508,IT,MT,RUBBE,FINAN,0.09,26665.958,4,4,26665.956,0.0,0.0,0.0,0.002,296288.422222
1784780,IT,ID,HOTEL,TEXTI,0.19,26665.924,4,4,26665.922,0.0,0.0,0.0,0.002,140346.968421
1767479,IT,RU,SEACO,LEATH,0.03,26664.618,3,3,26664.618,0.0,0.0,0.0,0.0,888820.6
1641683,IT,AT,PLAST,BEVER,0.06,26664.491,4,4,26664.488,0.0,0.0,0.0,0.003,444408.183333
1810719,IT,WM,MOTOR,MEDIC,0.04,26662.71,4,4,26662.708,0.0,0.0,0.0,0.002,666567.75
1789496,IT,WA,ADDIT,WHITE,0.06,26662.057,4,4,26662.055,0.0,0.0,0.0,0.002,444367.616667
1808439,IT,WF,FOOD4,MEATC,0.19,26661.573,4,4,26661.571,0.0,0.0,0.0,0.002,140324.068421
1718345,IT,PL,BEVER,STONE,0.11,26661.561,4,4,26661.559,0.0,0.0,0.0,0.002,242377.827273
1736399,IT,SK,LANDT,GASDI,0.17,26660.903,3,3,26660.903,0.0,0.0,0.0,0.0,156828.841176
1662715,IT,DK,MACHI,OILHA,0.15,26660.693,4,4,26660.691,0.0,0.0,0.0,0.002,177737.953333
1717725,IT,NL,BUSIN,PAPE1,0.27,26659.554,4,4,26659.552,0.0,0.0,0.0,0.002,98739.088889
1776733,IT,TR,LIQUE,PRINT,0.05,26659.001,4,4,26658.999,0.0,0.0,0.0,0.002,533180.02
1811747,IT,WM,ADDIT,REFI1,0.06,26657.085,4,4,26657.083,0.0,0.0,0.0,0.002,444284.75
1730815,IT,SE,BUSIN,TRAN2,0.27,26656.419,4,4,26656.417,0.0,0.0,0.0,0.002,98727.477778
1653631,IT,CZ,ALUM1,MOTOR,0.05,26656.227,4,4,26656.225,0.0,0.0,0.0,0.002,533124.54
1675097,IT,FR,ALUM1,TEXT2,0.05,26655.7,4,4,26655.698,0.0,0.0,0.0,0.002,533114.0
1772561,IT,CH,RUBBE,BIOG1,0.09,26655.195,4,4,26655.193,0.0,0.0,0.0,0.002,296168.833333
1812161,IT,WM,CEMEN,RETA1,0.04,26654.323,3,3,26654.323,0.0,0.0,0.0,0.0,666358.075
1679949,IT,GR,FABRI,BIODI,0.11,26654.217,4,4,26654.215,0.0,0.0,0.0,0.002,242311.063636
1740562,IT,US,VEGET,EDUCA,0.09,26653.806,3,3,26653.806,0.0,0.0,0.0,0.0,296153.4
1789931,IT,WA,CEMEN,RUBBE,0.04,26651.869,3,3,26651.869,0.0,0.0,0.0,0.0,666296.725
1676527,IT,FR,HOTEL,SUGAR,0.19,26651.73,4,4,26651.728,0.0,0.0,0.0,0.002,140272.263158
1759601,IT,BR,COMPU,REALE,0.3,26651.492,4,4,26651.49,0.0,0.0,0.0,0.002,88838.306667
1800883,IT,WE,PREC1,SUGA1,0.05,26651.383,3,3,26651.383,0.0,0.0,0.0,0.0,533027.66
1765728,IT,RU,PAPER,RECRE,0.1,26650.366,4,4,26650.363,0.0,0.0,0.0,0.003,266503.66
1794300,IT,WL,MOTOR,CHARC,0.04,26649.638,4,4,26649.636,0.0,0.0,0.0,0.002,666240.95
1686506,IT,HU,PREC1,RETAI,0.05,26648.95,3,3,26648.95,0.0,0.0,0.0,0.0,532979.0
1741780,IT,US,NONSP,INSUR,0.03,26648.394,3,3,26648.394,0.0,0.0,0.0,0.0,888279.8
1739623,IT,GB,SEACO,RENTI,0.03,26648.132,3,3,26648.132,0.0,0.0,0.0,0.0,888271.066667
1688499,IT,IE,LEATH,RESEA,0.19,26647.252,4,4,26647.247,0.0,0.0,0.0,0.005,140248.694737
1795609,IT,WL,FABRI,FORES,0.11,26645.022,4,4,26645.02,0.0,0.0,0.0,0.002,242227.472727
1749997,IT,CN,NONME,POULT,0.05,26644.932,4,4,26644.929,0.0,0.0,0.0,0.003,532898.64
1681103,IT,GR,SUPPO,ELEC2,0.19,26644.216,3,3,26644.216,0.0,0.0,0.0,0.0,140232.715789
1787398,IT,WA,FISHF,SANDC,0.05,26641.844,3,3,26641.844,0.0,0.0,0.0,0.0,532836.88
1641032,IT,AT,PULP5,RETA1,0.08,26641.545,4,4,26641.543,0.0,0.0,0.0,0.002,333019.3125
1772756,IT,CH,NONME,POULT,0.05,26639.455,4,4,26639.452,0.0,0.0,0.0,0.003,532789.1
1726433,IT,RO,FABRI,HEAVY,0.11,26634.196,4,4,26634.194,0.0,0.0,0.0,0.002,242129.054545
1776440,IT,TR,MOTOR,COKIN,0.04,26634.058,4,4,26634.056,0.0,0.0,0.0,0.002,665851.45
1676603,IT,FR,HOTEL,ELEC4,0.19,26633.895,4,4,26633.893,0.0,0.0,0.0,0.002,140178.394737
1796093,IT,WL,TRANS,BIOGA,0.16,26632.9,3,3,26632.9,0.0,0.0,0.0,0.0,166455.625
1686024,IT,HU,BIODI,RAILW,0.05,26631.256,4,4,26631.253,0.0,0.0,0.0,0.003,532625.12
1789984,IT,WA,NONME,BEVER,0.05,26630.126,4,4,26630.123,0.0,0.0,0.0,0.003,532602.52
1790429,IT,WA,LEAD1,STEAM,0.05,26627.153,4,4,26627.151,0.0,0.0,0.0,0.002,532543.06
1654980,IT,CZ,INSUR,REALE,0.55,26622.149,3,3,26622.149,0.0,0.0,0.0,0.0,48403.907273
1808818,IT,WF,WOOD2,PUBLI,0.14,26620.659,4,4,26620.657,0.0,0.0,0.0,0.002,190147.564286
1756739,IT,KR,AIRTR,FISHF,0.03,26620.194,3,3,26620.194,0.0,0.0,0.0,0.0,887339.8
1721314,IT,PL,LANDT,SEWAG,0.17,26619.299,3,3,26619.299,0.0,0.0,0.0,0.0,156584.111765
1730201,IT,SE,LANDT,SALEM,0.17,26618.445,3,3,26618.445,0.0,0.0,0.0,0.0,156579.088235
1782474,IT,NO,MACHI,HOTEL,0.15,26616.209,4,4,26616.207,0.0,0.0,0.0,0.002,177441.393333
1657341,IT,DE,BIODI,CEREA,0.05,26615.576,4,4,26615.573,0.0,0.0,0.0,0.003,532311.52
1790228,IT,WA,PREC1,RUBBE,0.05,26615.196,3,3,26615.196,0.0,0.0,0.0,0.0,532303.92
1800838,IT,WE,BASIC,OFFIC,0.03,26614.553,4,4,26614.551,0.0,0.0,0.0,0.002,887151.766667
1712478,IT,LV,COPP1,COPP1,0.07,26614.543,3,3,26614.543,0.0,0.0,0.0,0.0,380207.757143
1740198,IT,GB,BUSIN,LEATH,0.27,26613.1,4,4,26613.098,0.0,0.0,0.0,0.002,98567.037037
1809537,IT,WM,VEGE1,VEGET,0.08,26611.942,4,4,26611.936,0.0,0.0,0.0,0.006,332649.275
1732052,IT,SI,KEROS,AUXIL,0.04,26611.466,4,4,26611.464,0.0,0.0,0.0,0.002,665286.65
1777360,IT,TR,GLASS,POSTT,0.07,26610.485,4,4,26610.483,0.0,0.0,0.0,0.002,380149.785714
1777725,IT,TR,COPP1,FOOD4,0.07,26608.418,3,3,26608.418,0.0,0.0,0.0,0.0,380120.257143
1679582,IT,GR,RUBBE,MEDIC,0.09,26607.452,4,4,26607.45,0.0,0.0,0.0,0.002,295638.355556
1722372,IT,PT,SANDC,FOOD5,0.06,26606.701,4,4,26600.701,0.0,0.0,6.0,0.0,443445.016667
1790347,IT,WA,ALUM1,SALEM,0.05,26605.957,4,4,26605.955,0.0,0.0,0.0,0.002,532119.14
1731204,IT,SI,CHEMI,FABRI,0.06,26605.473,5,5,26604.47,0.0,0.0,1.0,0.003,443424.55
1679447,IT,GR,CHEM1,TOBAC,0.06,26605.133,4,4,26605.13,0.0,0.0,0.0,0.003,443418.883333
1761977,IT,IN,FURNI,MEMBE,0.08,26604.784,4,4,26604.782,0.0,0.0,0.0,0.002,332559.8
1663162,IT,DK,LANDT,GLASS,0.17,26604.759,3,3,26604.759,0.0,0.0,0.0,0.0,156498.582353
1674398,IT,FR,CHEM1,INLAN,0.06,26601.834,4,4,26601.831,0.0,0.0,0.0,0.003,443363.9
1652780,IT,CZ,PAPER,WASTE,0.1,26601.578,4,4,26601.575,0.0,0.0,0.0,0.003,266015.78
1754260,IT,CA,POSTT,TRAN2,0.44,26599.861,4,4,26599.859,0.0,0.0,0.0,0.002,60454.229545
1668011,IT,ES,FURNI,CHEMI,0.08,26598.509,4,4,26598.507,0.0,0.0,0.0,0.002,332481.3625
1711292,IT,LU,RETAI,RUBBE,0.21,26597.837,4,4,26597.835,0.0,0.0,0.0,0.002,126656.366667
1663602,IT,DK,BUSIN,FISH5,0.27,26594.975,4,4,26594.973,0.0,0.0,0.0,0.002,98499.907407
1682845,IT,HR,LIQUE,PRINT,0.05,26593.802,4,4,26593.8,0.0,0.0,0.0,0.002,531876.04
1719479,IT,PL,GLASS,CEREA,0.07,26593.566,4,4,26593.564,0.0,0.0,0.0,0.002,379908.085714
1714390,IT,NL,CEREA,REALE,0.04,26592.495,4,4,26592.493,0.0,0.0,0.0,0.002,664812.375
1729804,IT,SE,MACHI,PLAS1,0.15,26592.378,4,4,26592.376,0.0,0.0,0.0,0.002,177282.52
1758862,IT,BR,HOTEL,BIOGA,0.19,26591.271,4,4,26591.269,0.0,0.0,0.0,0.002,139954.057895
1659613,IT,DE,HOTEL,COPP1,0.19,26591.268,4,4,26591.266,0.0,0.0,0.0,0.002,139954.042105
1658459,IT,DE,FABRI,ELEC4,0.11,26589.747,4,4,26589.745,0.0,0.0,0.0,0.002,241724.972727
1796218,IT,WL,FURNI,TRAN1,0.08,26588.838,4,4,26588.836,0.0,0.0,0.0,0.002,332360.475
1791591,IT,WA,RETA1,93197,0.28,26587.925,4,4,26587.923,0.0,0.0,0.0,0.002,94956.875
1780803,IT,TW,COMPU,BEVER,0.3,26587.317,4,4,26587.315,0.0,0.0,0.0,0.002,88624.39
1791802,IT,WA,LANDT,MEAT1,0.17,26586.526,3,3,26586.526,0.0,0.0,0.0,0.0,156391.329412
1732788,IT,SI,NONME,RAILW,0.05,26585.527,4,4,26585.524,0.0,0.0,0.0,0.003,531710.54
1746273,IT,JP,CHEM1,ELE11,0.06,26585.357,4,4,26585.354,0.0,0.0,0.0,0.003,443089.283333
1672735,IT,FR,CHEMI,MACHI,0.06,26583.578,5,5,26582.576,0.0,0.0,1.0,0.002,443059.633333
1791603,IT,WA,HOTEL,POULT,0.19,26581.587,4,4,26581.585,0.0,0.0,0.0,0.002,139903.089474
1664197,IT,EE,GLASS,BUSIN,0.07,26581.211,4,4,26581.209,0.0,0.0,0.0,0.002,379731.585714
1718150,IT,PL,VEGE1,RENTI,0.08,26580.707,4,4,26580.701,0.0,0.0,0.0,0.006,332258.8375
1786309,IT,ZA,FABRI,TRAN2,0.11,26580.635,4,4,26580.633,0.0,0.0,0.0,0.002,241642.136364
1743718,IT,US,RAILW,RECRE,0.18,26579.893,3,3,26579.893,0.0,0.0,0.0,0.0,147666.072222
1659124,IT,DE,ELEC7,HEALT,0.02,26579.391,3,3,26579.391,0.0,0.0,0.0,0.0,1328969.55
1762424,IT,IN,POSTT,HOTEL,0.44,26578.034,4,4,26578.032,0.0,0.0,0.0,0.002,60404.622727
1651507,IT,CY,NAPHT,ELEC6,0.05,26577.179,4,4,26577.177,0.0,0.0,0.0,0.002,531543.58
1683846,IT,HR,MOTO1,OFFIC,0.14,26576.889,4,4,26576.887,0.0,0.0,0.0,0.002,189834.921429
1640502,IT,AT,PROCE,BEVER,0.18,26576.754,4,4,26576.752,0.0,0.0,0.0,0.002,147648.633333
1810725,IT,WM,MOTOR,ELEC4,0.04,26575.297,4,4,26575.295,0.0,0.0,0.0,0.002,664382.425
1812236,IT,WM,NONME,TRAN1,0.05,26574.071,4,4,26574.068,0.0,0.0,0.0,0.003,531481.42
1659758,IT,DE,LANDT,CEREA,0.17,26571.366,3,3,26571.366,0.0,0.0,0.0,0.0,156302.152941
1656967,IT,DE,LIQUE,ELEC7,0.05,26569.534,4,4,26569.532,0.0,0.0,0.0,0.002,531390.68
1755230,IT,KR,WOODW,93197,0.07,26568.263,4,4,26568.261,0.0,0.0,0.0,0.002,379546.614286
1747307,IT,JP,WHOLE,LANDT,0.23,26567.838,4,4,26567.836,0.0,0.0,0.0,0.002,115512.33913
1765619,IT,RU,WOODW,ELECT,0.07,26565.938,4,4,26565.936,0.0,0.0,0.0,0.002,379513.4
1662488,IT,DK,ALUM1,WASTE,0.05,26561.844,4,4,26561.842,0.0,0.0,0.0,0.002,531236.88
1649246,IT,BG,GASDI,SUPPO,0.04,26561.634,4,4,26561.632,0.0,0.0,0.0,0.002,664040.85
1657882,IT,DE,BASIC,MEATP,0.03,26559.906,4,4,26559.904,0.0,0.0,0.0,0.002,885330.2
1777242,IT,TR,RUBBE,COPP1,0.09,26559.49,4,4,26559.488,0.0,0.0,0.0,0.002,295105.444444
1752856,IT,CA,PRINT,BUSIN,0.25,26558.521,4,4,26558.519,0.0,0.0,0.0,0.002,106234.084
1728073,IT,SE,MEAT4,MEAT1,0.15,26558.483,4,4,26558.481,0.0,0.0,0.0,0.002,177056.553333
1683261,IT,HR,CERAM,POSTT,0.04,26557.259,3,3,26557.259,0.0,0.0,0.0,0.0,663931.475
1796047,IT,WL,TRANS,COKIN,0.16,26557.193,3,3,26557.193,0.0,0.0,0.0,0.0,165982.45625
1752886,IT,CA,KEROS,RAILW,0.04,26555.927,4,4,26555.925,0.0,0.0,0.0,0.002,663898.175
1734519,IT,SK,DAIRY,POULT,0.11,26555.778,4,4,26555.776,0.0,0.0,0.0,0.002,241416.163636
1749145,IT,CN,WOODW,RESEA,0.07,26554.78,4,4,26554.778,0.0,0.0,0.0,0.002,379354.0
1779894,IT,TW,CONST,PIGS9,0.15,26554.38,3,3,26554.38,0.0,0.0,0.0,0.0,177029.2
1737996,IT,GB,CHEM1,FOOD4,0.06,26551.886,4,4,26551.883,0.0,0.0,0.0,0.003,442531.433333
1756252,IT,KR,MACHI,PLAS1,0.15,26550.18,4,4,26550.178,0.0,0.0,0.0,0.002,177001.2
1688752,IT,IE,ADDIT,NONME,0.06,26550.115,4,4,26550.113,0.0,0.0,0.0,0.002,442501.916667
1669099,IT,ES,SUPPO,RESEA,0.19,26548.434,3,3,26548.434,0.0,0.0,0.0,0.0,139728.6
1722738,IT,PT,PULP5,PAPER,0.08,26547.294,4,4,26547.292,0.0,0.0,0.0,0.002,331841.175
1759829,IT,BR,HEALT,RESEA,0.14,26545.204,3,3,26545.204,0.0,0.0,0.0,0.0,189608.6
1677795,IT,FR,COMPU,HOTEL,0.3,26543.087,4,4,26543.085,0.0,0.0,0.0,0.002,88476.956667
1644124,IT,AT,PAPE1,BASIC,0.19,26541.747,4,4,26541.745,0.0,0.0,0.0,0.002,139693.405263
1651402,IT,CY,MOTOR,RECRE,0.04,26541.068,4,4,26541.066,0.0,0.0,0.0,0.002,663526.7
1811311,IT,WM,BITU1,ELECT,0.04,26540.9,4,4,26540.898,0.0,0.0,0.0,0.002,663522.5
1803299,IT,WF,FISHF,RUBBE,0.05,26540.874,3,3,26540.874,0.0,0.0,0.0,0.0,530817.48
1656918,IT,DE,LIQUE,FORES,0.05,26540.501,4,4,26540.499,0.0,0.0,0.0,0.002,530810.02
1783368,IT,NO,PLAS1,FOUND,0.1,26539.704,4,4,26539.702,0.0,0.0,0.0,0.002,265397.04
1667585,IT,ES,FABRI,MEMBE,0.11,26538.83,4,4,26538.828,0.0,0.0,0.0,0.002,241262.090909
1782075,IT,NO,GLASS,NONME,0.07,26537.196,4,4,26537.194,0.0,0.0,0.0,0.002,379102.8
1790478,IT,WA,COPP1,HEAVY,0.07,26537.145,3,3,26537.145,0.0,0.0,0.0,0.0,379102.071429
1664243,IT,EE,NONME,WHOLE,0.05,26535.941,4,4,26535.938,0.0,0.0,0.0,0.003,530718.82
1667715,IT,ES,MACHI,FOODW,0.15,26533.267,4,4,26533.265,0.0,0.0,0.0,0.002,176888.446667
1785924,IT,ZA,RUBBE,MEAT4,0.09,26532.826,4,4,26532.824,0.0,0.0,0.0,0.002,294809.177778
1665994,IT,ES,MOTOR,RETAI,0.04,26528.253,4,4,26528.251,0.0,0.0,0.0,0.002,663206.325
1658398,IT,DE,FABRI,MEAT4,0.11,26526.909,4,4,26526.907,0.0,0.0,0.0,0.002,241153.718182
1772791,IT,CH,NONME,MOTO1,0.05,26526.848,4,4,26526.845,0.0,0.0,0.0,0.003,530536.96
1741164,IT,US,LEATH,RADIO,0.19,26526.334,4,4,26526.329,0.0,0.0,0.0,0.005,139612.284211
1727632,IT,RO,RENTI,TEXTI,0.16,26525.985,3,3,26525.985,0.0,0.0,0.0,0.0,165787.40625
1811775,IT,WM,ADDIT,MOTO1,0.06,26525.763,4,4,26525.761,0.0,0.0,0.0,0.002,442096.05
1795951,IT,WL,MOTO1,PULP5,0.14,26525.109,4,4,26525.107,0.0,0.0,0.0,0.002,189465.064286
1724117,IT,PT,RETA1,FISH5,0.28,26524.977,4,4,26524.975,0.0,0.0,0.0,0.002,94732.060714
1655908,IT,DE,PROCE,MEATP,0.18,26523.846,4,4,26523.844,0.0,0.0,0.0,0.002,147354.7
1721711,IT,PL,FINAN,RENTI,0.35,26523.197,3,3,26523.197,0.0,0.0,0.0,0.0,75780.562857
1690413,IT,IE,FOOD4,BASIC,0.19,26522.546,4,4,26522.544,0.0,0.0,0.0,0.002,139592.347368
1755957,IT,KR,PREC1,MEDIC,0.05,26521.681,3,3,26521.681,0.0,0.0,0.0,0.0,530433.62
1794978,IT,WL,CHEM1,ELE11,0.06,26520.539,4,4,26520.536,0.0,0.0,0.0,0.003,442008.983333
1653610,IT,CZ,PREC1,WHOLE,0.05,26520.51,3,3,26520.51,0.0,0.0,0.0,0.0,530410.2
1640802,IT,AT,WEARI,RUBBE,0.2,26520.286,4,4,26520.281,0.0,0.0,0.0,0.005,132601.43
1750392,IT,CN,FABRI,ELEC8,0.11,26519.516,4,4,26519.514,0.0,0.0,0.0,0.002,241086.509091
1710498,IT,LT,SEACO,KEROS,0.03,26518.115,3,3,26518.115,0.0,0.0,0.0,0.0,883937.166667
1663243,IT,DK,SEACO,WEARI,0.03,26516.944,3,3,26516.944,0.0,0.0,0.0,0.0,883898.133333
1787072,IT,ZA,BUSIN,BITUM,0.27,26516.511,4,4,26516.509,0.0,0.0,0.0,0.002,98209.3
1673436,IT,FR,WEARI,ELEC5,0.2,26516.504,4,4,26516.499,0.0,0.0,0.0,0.005,132582.52
1667857,IT,ES,OFFIC,WASTE,0.08,26515.33,4,4,26515.328,0.0,0.0,0.0,0.002,331441.625
1724204,IT,PT,HOTEL,AIRTR,0.19,26514.715,4,4,26514.713,0.0,0.0,0.0,0.002,139551.131579
1749485,IT,CN,HEAVY,BUSIN,0.04,26511.274,4,4,26511.272,0.0,0.0,0.0,0.002,662781.85
1725394,IT,RO,TEXTI,ALUM1,0.16,26510.363,4,4,26510.359,0.0,0.0,0.0,0.004,165689.76875
1645964,IT,BE,CERAM,HEALT,0.04,26505.062,3,3,26505.062,0.0,0.0,0.0,0.0,662626.55
1685922,IT,HU,CHEM1,FINAN,0.06,26503.693,4,4,26503.69,0.0,0.0,0.0,0.003,441728.216667
1728258,IT,SE,BEVER,FORES,0.11,26502.514,4,4,26502.512,0.0,0.0,0.0,0.002,240931.945455
1785596,IT,ZA,GASDI,TRANS,0.04,26501.015,4,4,26501.013,0.0,0.0,0.0,0.002,662525.375
1798297,IT,WE,CROPS,BEVER,0.21,26499.689,3,3,26499.689,0.0,0.0,0.0,0.0,126188.995238
1688740,IT,IE,ADDIT,TEXTI,0.06,26499.106,4,4,26499.104,0.0,0.0,0.0,0.002,441651.766667
1813271,IT,WM,TRANS,NONF1,0.16,26498.284,3,3,26498.284,0.0,0.0,0.0,0.0,165614.275
1666860,IT,ES,GLASS,KEROS,0.07,26497.96,4,4,26497.958,0.0,0.0,0.0,0.002,378542.285714
1796378,IT,WL,WHOLE,TEXTI,0.23,26495.458,4,4,26495.456,0.0,0.0,0.0,0.002,115197.643478
1736960,IT,GB,OILSE,BEVER,0.02,26494.331,3,3,26494.331,0.0,0.0,0.0,0.0,1324716.55
1645181,IT,BE,PRINT,LANDT,0.25,26493.107,4,4,26493.105,0.0,0.0,0.0,0.002,105972.428
1729611,IT,SE,FABRI,FISHF,0.11,26491.481,4,4,26491.479,0.0,0.0,0.0,0.002,240831.645455
1810205,IT,WM,LEATH,PIGS9,0.19,26491.215,4,4,26491.21,0.0,0.0,0.0,0.005,139427.447368
1643512,IT,AT,TRAN2,MEAT4,0.04,26489.095,3,3,26489.095,0.0,0.0,0.0,0.0,662227.375
1766194,IT,RU,GLASS,BITUM,0.07,26488.361,4,4,26488.359,0.0,0.0,0.0,0.002,378405.157143
1810143,IT,WM,WEARI,LEATH,0.2,26487.368,4,4,26487.363,0.0,0.0,0.0,0.005,132436.84
1807104,IT,WF,SEACO,INSUR,0.03,26487.128,3,3,26487.128,0.0,0.0,0.0,0.0,882904.266667
1764164,IT,MX,FABRI,93197,0.11,26486.611,4,4,26486.609,0.0,0.0,0.0,0.002,240787.372727
1764444,IT,MX,FURNI,PREC1,0.08,26485.558,4,4,26485.556,0.0,0.0,0.0,0.002,331069.475
1744121,IT,US,SUPPO,ELECT,0.19,26485.425,3,3,26485.425,0.0,0.0,0.0,0.0,139396.973684
1795499,IT,WL,ALUM1,TEXTI,0.05,26484.626,4,4,26484.624,0.0,0.0,0.0,0.002,529692.52
1724420,IT,PT,AIRTR,BIODI,0.03,26484.371,3,3,26484.371,0.0,0.0,0.0,0.0,882812.366667
1657564,IT,DE,GLASS,CERAM,0.07,26483.987,4,4,26483.985,0.0,0.0,0.0,0.002,378342.671429
1800846,IT,WE,BASIC,SALEM,0.03,26482.748,4,4,26482.746,0.0,0.0,0.0,0.002,882758.266667
1652840,IT,CZ,PRINT,HOTEL,0.25,26482.232,4,4,26482.23,0.0,0.0,0.0,0.002,105928.928
1745315,IT,JP,MEAT4,PUBLI,0.15,26481.839,4,4,26481.837,0.0,0.0,0.0,0.002,176545.593333
1654110,IT,CZ,OFFIC,LANDT,0.08,26478.786,4,4,26478.784,0.0,0.0,0.0,0.002,330984.825
1761442,IT,IN,BASIC,SECO9,0.03,26477.656,4,4,26477.654,0.0,0.0,0.0,0.002,882588.533333
1729303,IT,SE,NONME,GLASS,0.05,26477.215,4,4,26477.212,0.0,0.0,0.0,0.003,529544.3
1716264,IT,NL,COPP1,RESEA,0.07,26477.1,3,3,26477.1,0.0,0.0,0.0,0.0,378244.285714
1783591,IT,NO,FOOD2,CONST,0.15,26476.992,4,4,26476.99,0.0,0.0,0.0,0.002,176513.28
1768566,IT,AU,BEVER,FISHF,0.11,26476.804,4,4,26476.802,0.0,0.0,0.0,0.002,240698.218182
1765381,IT,RU,BEVER,REALE,0.11,26476.781,4,4,26476.779,0.0,0.0,0.0,0.002,240698.009091
1670390,IT,FI,PROCE,BASIC,0.18,26475.748,4,4,26475.746,0.0,0.0,0.0,0.002,147087.488889
1685730,IT,HU,NONSP,BIOGA,0.03,26475.689,3,3,26475.689,0.0,0.0,0.0,0.0,882522.966667
1660619,IT,DE,REALE,FABRI,1.12,26472.231,4,4,26472.229,0.0,0.0,0.0,0.002,23635.920536
1720190,IT,PL,COPP1,DISTR,0.07,26471.666,3,3,26471.666,0.0,0.0,0.0,0.0,378166.657143
1645201,IT,BE,PRINT,MEMBE,0.25,26471.125,4,4,26471.123,0.0,0.0,0.0,0.002,105884.5
1672882,IT,FR,VEGE1,ELECT,0.08,26470.955,4,4,26470.949,0.0,0.0,0.0,0.006,330886.9375
1717190,IT,NL,SUPPO,NATUR,0.19,26469.206,3,3,26469.206,0.0,0.0,0.0,0.0,139311.610526
1773907,IT,CH,ELE11,LEAD1,0.39,26468.128,4,4,26468.114,0.0,0.0,0.0,0.014,67866.994872
1799294,IT,WE,LEATH,INSUR,0.19,26468.1,4,4,26468.095,0.0,0.0,0.0,0.005,139305.789474
1787709,IT,WA,VEGE1,HEAVY,0.08,26467.467,4,4,26467.461,0.0,0.0,0.0,0.006,330843.3375
1647840,IT,BE,AUXIL,LANDT,0.48,26467.382,3,3,26467.382,0.0,0.0,0.0,0.0,55140.379167
1808344,IT,WF,FOOD3,SALEM,0.08,26467.032,3,3,26467.032,0.0,0.0,0.0,0.0,330837.9
1720142,IT,PL,COPP1,COPPE,0.07,26466.641,3,3,26466.641,0.0,0.0,0.0,0.0,378094.871429
1640567,IT,AT,FOOD5,FURNI,0.13,26466.617,4,4,26466.615,0.0,0.0,0.0,0.002,203589.361538
1687513,IT,HU,LANDT,PRINT,0.17,26465.977,3,3,26465.977,0.0,0.0,0.0,0.0,155682.217647
1674256,IT,FR,BITU1,REFI1,0.04,26465.806,4,4,26465.804,0.0,0.0,0.0,0.002,661645.15
1782114,IT,NO,CERAM,MOTO1,0.04,26465.177,3,3,26465.177,0.0,0.0,0.0,0.0,661629.425
1797251,IT,WL,FINAN,PUBLI,0.34,26464.18,3,3,26464.18,0.0,0.0,0.0,0.0,77835.823529
1809935,IT,WM,BEVER,MEMBE,0.11,26464.035,4,4,26464.033,0.0,0.0,0.0,0.002,240582.136364
1760405,IT,IN,DAIRY,HEALT,0.11,26463.693,4,4,26463.691,0.0,0.0,0.0,0.002,240579.027273
1718771,IT,PL,PAPER,NATUR,0.1,26463.361,4,4,26463.358,0.0,0.0,0.0,0.003,264633.61
1758607,IT,BR,MOTO1,RENTI,0.14,26462.837,4,4,26462.835,0.0,0.0,0.0,0.002,189020.264286
1778238,IT,TR,FURNI,RESEA,0.08,26462.62,4,4,26462.618,0.0,0.0,0.0,0.002,330782.75
1795376,IT,WL,BASIC,TEXTI,0.03,26462.268,4,4,26462.266,0.0,0.0,0.0,0.002,882075.6
1740317,IT,GB,PUBLI,MOTO1,0.43,26461.307,4,4,26461.305,0.0,0.0,0.0,0.002,61537.923256
1766860,IT,RU,MACHI,TEXT2,0.15,26459.534,4,4,26459.532,0.0,0.0,0.0,0.002,176396.893333
1719011,IT,PL,KEROS,BUSIN,0.04,26459.105,4,4,26459.103,0.0,0.0,0.0,0.002,661477.625
1715414,IT,NL,MOTOR,NUCLE,0.04,26459.07,4,4,26459.068,0.0,0.0,0.0,0.002,661476.75
1664840,IT,ES,CROPS,PAPER,0.21,26458.225,3,3,26458.225,0.0,0.0,0.0,0.0,125991.547619
1661331,IT,DK,CHEMI,RESEA,0.06,26457.541,5,5,26456.539,0.0,0.0,1.0,0.002,440959.016667
1709510,IT,LT,LEATH,TOBAC,0.19,26456.687,4,4,26456.682,0.0,0.0,0.0,0.005,139245.721053
1731097,IT,SI,FORES,WOODW,0.23,26454.029,4,4,26444.029,0.0,10.0,0.0,0.0,115017.517391
1787475,IT,WA,SANDC,FORES,0.06,26453.669,4,4,26447.669,0.0,0.0,6.0,0.0,440894.483333
1676868,IT,FR,LANDT,FOOD4,0.17,26452.886,3,3,26452.886,0.0,0.0,0.0,0.0,155605.211765
1771152,IT,CH,MEAT1,FOOD5,0.12,26451.073,4,4,26451.07,0.0,0.0,0.0,0.003,220425.608333
1720951,IT,PL,WHOLE,LEATH,0.23,26450.836,4,4,26450.834,0.0,0.0,0.0,0.002,115003.634783
1681989,IT,HR,FOOD5,RESEA,0.13,26448.93,4,4,26448.928,0.0,0.0,0.0,0.002,203453.307692
1664621,IT,EE,LANDT,DAIRY,0.17,26448.565,3,3,26448.565,0.0,0.0,0.0,0.0,155579.794118
1712124,IT,LV,WEARI,WEARI,0.2,26448.345,4,4,26448.34,0.0,0.0,0.0,0.005,132241.725
1682949,IT,HR,PLAST,WOODW,0.06,26448.061,4,4,26448.058,0.0,0.0,0.0,0.003,440801.016667
1682979,IT,HR,CHEM1,CROPS,0.06,26446.546,4,4,26446.543,0.0,0.0,0.0,0.003,440775.766667
1791582,IT,WA,RETA1,REALE,0.28,26445.735,4,4,26445.733,0.0,0.0,0.0,0.002,94449.053571
1803135,IT,WF,VEGET,FOUND,0.09,26443.471,3,3,26443.471,0.0,0.0,0.0,0.0,293816.344444
1759680,IT,BR,RESEA,PAPE4,0.14,26443.118,4,4,26443.116,0.0,0.0,0.0,0.002,188879.414286
1731861,IT,SI,PRINT,MACHI,0.25,26441.843,4,4,26441.841,0.0,0.0,0.0,0.002,105767.372
1664286,IT,EE,PREC1,BASIC,0.04,26441.455,3,3,26441.455,0.0,0.0,0.0,0.0,661036.375
1650536,IT,BG,ELEC7,WEARI,0.02,26441.036,3,3,26441.036,0.0,0.0,0.0,0.0,1322051.8
1683838,IT,HR,MOTO1,RUBBE,0.14,26441.028,4,4,26441.026,0.0,0.0,0.0,0.002,188864.485714
1807413,IT,WF,INSUR,COPPE,0.54,26439.36,3,3,26439.36,0.0,0.0,0.0,0.0,48961.777778
1709361,IT,LT,FOOD5,PIGS9,0.13,26439.146,4,4,26439.144,0.0,0.0,0.0,0.002,203378.046154
1679975,IT,GR,FABRI,DIST1,0.11,26439.086,4,4,26439.084,0.0,0.0,0.0,0.002,240355.327273
1796290,IT,WL,CONST,SUPPO,0.15,26439.039,3,3,26439.039,0.0,0.0,0.0,0.0,176260.26
1677607,IT,FR,REALE,MOTO1,1.12,26437.865,4,4,26437.863,0.0,0.0,0.0,0.002,23605.236607
1799295,IT,WE,LEATH,AUXIL,0.19,26437.594,4,4,26437.589,0.0,0.0,0.0,0.005,139145.231579
1741191,IT,US,LEATH,FOOD3,0.19,26437.222,4,4,26437.217,0.0,0.0,0.0,0.005,139143.273684
1765789,IT,RU,MOTOR,CHEM1,0.04,26436.896,4,4,26436.894,0.0,0.0,0.0,0.002,660922.4
1648471,IT,BG,VEGET,WHOLE,0.09,26436.523,3,3,26436.523,0.0,0.0,0.0,0.0,293739.144444
1791063,IT,WA,TRANS,FISH5,0.16,26435.778,3,3,26435.778,0.0,0.0,0.0,0.0,165223.6125
1759301,IT,BR,POSTT,TRAN2,0.44,26431.269,4,4,26431.267,0.0,0.0,0.0,0.002,60071.065909
1742499,IT,US,BASIC,ELEC3,0.03,26430.231,4,4,26430.229,0.0,0.0,0.0,0.002,881007.7
1803269,IT,WF,FORES,NICKE,0.23,26428.553,4,4,26418.553,0.0,10.0,0.0,0.0,114906.752174
1641768,IT,AT,CHEM1,COALT,0.06,26428.3,4,4,26428.297,0.0,0.0,0.0,0.003,440471.666667
1799416,IT,WE,PAPER,COKIN,0.1,26427.931,4,4,26427.928,0.0,0.0,0.0,0.003,264279.31
1724258,IT,PT,LANDT,TEXTI,0.17,26427.044,3,3,26427.044,0.0,0.0,0.0,0.0,155453.2
1744998,IT,US,PUBLI,NATUR,0.43,26426.531,4,4,26426.529,0.0,0.0,0.0,0.002,61457.048837
1642813,IT,AT,OFFIC,NONF1,0.08,26426.489,4,4,26426.487,0.0,0.0,0.0,0.002,330331.1125
1752719,IT,CA,LEATH,MACHI,0.19,26425.323,4,4,26425.318,0.0,0.0,0.0,0.005,139080.647368
1782548,IT,NO,MOTO1,CRUDE,0.14,26424.491,4,4,26424.489,0.0,0.0,0.0,0.002,188746.364286
1684524,IT,HR,BUSIN,FOOD5,0.27,26421.887,4,4,26421.885,0.0,0.0,0.0,0.002,97858.840741
1665542,IT,ES,WEARI,MEMBE,0.2,26420.71,4,4,26420.705,0.0,0.0,0.0,0.005,132103.55
1679576,IT,GR,RUBBE,COPP1,0.09,26417.353,4,4,26417.351,0.0,0.0,0.0,0.002,293526.144444
1809976,IT,WM,FISH5,AUXIL,0.11,26416.113,4,4,26416.099,0.0,0.0,0.0,0.014,240146.481818
1753602,IT,CA,MACHI,INLAN,0.15,26415.644,4,4,26415.642,0.0,0.0,0.0,0.002,176104.293333
1721500,IT,PL,SUPPO,WEARI,0.19,26414.934,3,3,26414.934,0.0,0.0,0.0,0.0,139025.968421
1689138,IT,IE,SALEM,OFFIC,0.21,26413.96,4,4,26413.958,0.0,0.0,0.0,0.002,125780.761905
1750231,IT,CN,COPP1,COKIN,0.07,26413.074,3,3,26413.074,0.0,0.0,0.0,0.0,377329.628571
1683290,IT,HR,CEMEN,RUBBE,0.04,26412.428,3,3,26412.428,0.0,0.0,0.0,0.0,660310.7
1640389,IT,AT,MEAT1,HOTEL,0.12,26412.236,4,4,26412.233,0.0,0.0,0.0,0.003,220101.966667
1804843,IT,WF,NAPHT,RECRE,0.04,26411.167,4,4,26411.165,0.0,0.0,0.0,0.002,660279.175
1664040,IT,EE,PLAST,FURNI,0.06,26410.685,4,4,26410.682,0.0,0.0,0.0,0.003,440178.083333
1787769,IT,WA,DAIRY,MEATC,0.11,26410.434,4,4,26410.432,0.0,0.0,0.0,0.002,240094.854545
1814217,IT,WM,SUPPO,COMPU,0.19,26410.167,3,3,26410.167,0.0,0.0,0.0,0.0,139000.878947
1710052,IT,LT,FABRI,POULT,0.11,26409.348,4,4,26409.346,0.0,0.0,0.0,0.002,240084.981818
1683617,IT,HR,FABRI,MEAT4,0.11,26409.121,4,4,26409.119,0.0,0.0,0.0,0.002,240082.918182
1801661,IT,WE,FURNI,CERAM,0.08,26409.117,4,4,26409.115,0.0,0.0,0.0,0.002,330113.9625
1802000,IT,WE,WHOLE,FOOD5,0.23,26407.508,4,4,26407.506,0.0,0.0,0.0,0.002,114815.252174
1785258,IT,ZA,TEXTI,FURNI,0.16,26407.104,4,4,26407.1,0.0,0.0,0.0,0.004,165044.4
1779694,IT,TR,RESEA,SUPPO,0.14,26406.306,4,4,26406.304,0.0,0.0,0.0,0.002,188616.471429
1642199,IT,AT,CEMEN,RUBBE,0.04,26406.093,3,3,26406.093,0.0,0.0,0.0,0.0,660152.325
1685705,IT,HU,NAPHT,RUBBE,0.04,26405.416,4,4,26405.414,0.0,0.0,0.0,0.002,660135.4
1713222,IT,MT,WOODW,HOTEL,0.07,26402.893,4,4,26402.891,0.0,0.0,0.0,0.002,377184.185714
1657334,IT,DE,ADDIT,RESEA,0.06,26402.414,4,4,26402.412,0.0,0.0,0.0,0.002,440040.233333
1654873,IT,CZ,POSTT,RETA1,0.43,26402.299,4,4,26402.297,0.0,0.0,0.0,0.002,61400.695349
1789901,IT,WA,CEMEN,CATTL,0.04,26401.918,3,3,26401.918,0.0,0.0,0.0,0.0,660047.95
1722612,IT,PT,TEXTI,WOODW,0.16,26401.397,4,4,26401.393,0.0,0.0,0.0,0.004,165008.73125
1803229,IT,WF,CATTL,IRONO,0.06,26401.223,5,5,26400.221,0.0,1.0,0.0,0.002,440020.383333
1752912,IT,CA,NAPHT,LEATH,0.04,26400.722,4,4,26400.72,0.0,0.0,0.0,0.002,660018.05
1792316,IT,WA,FINAN,CRUDE,0.34,26400.342,3,3,26400.342,0.0,0.0,0.0,0.0,77648.064706
1769171,IT,AU,CHEM1,RADIO,0.06,26400.17,4,4,26400.167,0.0,0.0,0.0,0.003,440002.833333
1769045,IT,AU,KEROS,SUPPO,0.04,26399.243,4,4,26399.241,0.0,0.0,0.0,0.002,659981.075
1735869,IT,SK,OFFIC,BEVER,0.08,26398.429,4,4,26398.427,0.0,0.0,0.0,0.002,329980.3625
1760729,IT,IN,PAPER,RENTI,0.1,26398.074,4,4,26398.071,0.0,0.0,0.0,0.003,263980.74
1774590,IT,CH,SEACO,RADIO,0.03,26397.922,3,3,26397.922,0.0,0.0,0.0,0.0,879930.733333
1720462,IT,PL,MACHI,ELEC4,0.15,26395.931,4,4,26395.929,0.0,0.0,0.0,0.002,175972.873333
1677788,IT,FR,COMPU,DIST1,0.3,26393.641,4,4,26393.639,0.0,0.0,0.0,0.002,87978.803333
1772156,IT,CH,KERO1,SUPPO,0.04,26392.791,4,4,26392.789,0.0,0.0,0.0,0.002,659819.775
1685184,IT,HU,BEVER,CONST,0.11,26391.996,4,4,26391.994,0.0,0.0,0.0,0.002,239927.236364
1786104,IT,ZA,NONME,WHOLE,0.05,26388.919,4,4,26388.916,0.0,0.0,0.0,0.003,527778.38
1711487,IT,LU,AIRTR,EDUCA,0.03,26388.501,3,3,26388.501,0.0,0.0,0.0,0.0,879616.7
1662814,IT,DK,FURNI,RECRE,0.08,26386.819,4,4,26386.817,0.0,0.0,0.0,0.002,329835.2375
1726742,IT,RO,FURNI,COMPU,0.08,26386.759,4,4,26386.757,0.0,0.0,0.0,0.002,329834.4875
1796634,IT,WL,HOTEL,OFFIC,0.19,26386.209,4,4,26386.207,0.0,0.0,0.0,0.002,138874.784211
1687171,IT,HU,FURNI,HOTEL,0.08,26385.097,4,4,26385.095,0.0,0.0,0.0,0.002,329813.7125
1793963,IT,WL,WOODW,PADDY,0.07,26385.013,4,4,26385.011,0.0,0.0,0.0,0.002,376928.757143
1688632,IT,IE,PLAST,GLASS,0.06,26384.359,4,4,26384.356,0.0,0.0,0.0,0.003,439739.316667
1648847,IT,BG,TEXTI,TOBAC,0.16,26382.856,4,4,26382.852,0.0,0.0,0.0,0.004,164892.85
1768437,IT,AU,DAIRY,BEVER,0.11,26382.385,4,4,26382.383,0.0,0.0,0.0,0.002,239839.863636
1729739,IT,SE,MACHI,GASDI,0.15,26382.353,4,4,26382.351,0.0,0.0,0.0,0.002,175882.353333
1640352,IT,AT,MEATC,LIQUE,0.09,26381.509,4,4,26381.507,0.0,0.0,0.0,0.002,293127.877778
1752110,IT,CN,BUSIN,COPP1,0.27,26380.22,4,4,26380.218,0.0,0.0,0.0,0.002,97704.518519
1761202,IT,IN,ADDIT,CEMEN,0.06,26379.951,4,4,26379.949,0.0,0.0,0.0,0.002,439665.85
1744632,IT,US,RENTI,PLAS1,0.16,26379.324,3,3,26379.324,0.0,0.0,0.0,0.0,164870.775
1714144,IT,MT,AIRTR,RENTI,0.03,26378.882,3,3,26378.882,0.0,0.0,0.0,0.0,879296.066667
1720678,IT,PL,MOTO1,TRAN2,0.14,26378.738,4,4,26378.736,0.0,0.0,0.0,0.002,188419.557143
1812660,IT,WM,COPP1,NFERT,0.07,26377.41,3,3,26377.41,0.0,0.0,0.0,0.0,376820.142857
1794487,IT,WL,GASDI,OFFIC,0.04,26375.853,4,4,26375.851,0.0,0.0,0.0,0.002,659396.325
1749985,IT,CN,BRICK,BRICK,0.04,26374.359,4,4,26374.357,0.0,0.0,0.0,0.002,659358.975
1671444,IT,FI,FABRI,LANDT,0.11,26373.784,4,4,26373.782,0.0,0.0,0.0,0.002,239761.672727
1645914,IT,BE,CERAM,TEXTI,0.04,26372.229,3,3,26372.229,0.0,0.0,0.0,0.0,659305.725
1772345,IT,CH,PLAST,BUSIN,0.06,26369.223,4,4,26369.22,0.0,0.0,0.0,0.003,439487.05
1689297,IT,IE,RETA1,CEREA,0.28,26367.574,4,4,26367.572,0.0,0.0,0.0,0.002,94169.907143
1650016,IT,BG,MACHI,DAIRY,0.15,26367.388,4,4,26367.386,0.0,0.0,0.0,0.002,175782.586667
1659664,IT,DE,HOTEL,INTER,0.19,26366.013,4,4,26366.011,0.0,0.0,0.0,0.002,138768.489474
1650728,IT,BG,HOTEL,MACHI,0.19,26365.658,4,4,26365.656,0.0,0.0,0.0,0.002,138766.621053
1780156,IT,TW,HOTEL,COPP1,0.19,26358.511,4,4,26358.509,0.0,0.0,0.0,0.002,138729.005263
1664196,IT,EE,GLASS,REALE,0.07,26358.502,4,4,26358.5,0.0,0.0,0.0,0.002,376550.028571
1650811,IT,BG,LANDT,MEAT1,0.17,26357.557,3,3,26357.557,0.0,0.0,0.0,0.0,155044.452941
1653799,IT,CZ,COPP1,INERT,0.07,26355.998,3,3,26355.998,0.0,0.0,0.0,0.0,376514.257143
1789158,IT,WA,PLAST,ALUMI,0.06,26355.825,4,4,26355.822,0.0,0.0,0.0,0.003,439263.75
1648891,IT,BG,TEXTI,RAILW,0.16,26355.82,4,4,26355.817,0.0,0.0,0.0,0.003,164723.875
1665776,IT,ES,PAPER,LANDT,0.1,26353.928,4,4,26353.925,0.0,0.0,0.0,0.003,263539.28
1682772,IT,HR,HEAVY,RAWMI,0.04,26353.468,4,4,26353.466,0.0,0.0,0.0,0.002,658836.7
1766426,IT,RU,BASIC,HOTEL,0.03,26353.063,4,4,26353.061,0.0,0.0,0.0,0.002,878435.433333
1798617,IT,WE,MEAT1,FINAN,0.12,26349.18,4,4,26349.177,0.0,0.0,0.0,0.003,219576.5
1640471,IT,AT,DAIRY,PRINT,0.11,26349.013,4,4,26349.011,0.0,0.0,0.0,0.002,239536.481818
1665539,IT,ES,WEARI,INERT,0.2,26348.982,4,4,26348.977,0.0,0.0,0.0,0.005,131744.91
1690134,IT,IE,COMPU,SEACO,0.3,26348.532,4,4,26348.53,0.0,0.0,0.0,0.002,87828.44
1782353,IT,NO,FABRI,PRINT,0.11,26347.791,4,4,26347.789,0.0,0.0,0.0,0.002,239525.372727
1755099,IT,KR,LEATH,BEVER,0.19,26347.692,4,4,26347.687,0.0,0.0,0.0,0.005,138672.063158
1780404,IT,TW,SUPPO,BEVER,0.19,26347.509,3,3,26347.509,0.0,0.0,0.0,0.0,138671.1
1719321,IT,PL,CHEM1,PLAS1,0.06,26346.574,4,4,26346.571,0.0,0.0,0.0,0.003,439109.566667
1743378,IT,US,SALEM,MEDIC,0.21,26344.028,4,4,26344.026,0.0,0.0,0.0,0.002,125447.752381
1716995,IT,NL,LANDT,WEARI,0.17,26342.945,3,3,26342.945,0.0,0.0,0.0,0.0,154958.5
1778093,IT,TR,MOTO1,ALUM1,0.14,26340.846,4,4,26340.844,0.0,0.0,0.0,0.002,188148.9
1728756,IT,SE,GASDI,SALEM,0.04,26340.821,4,4,26340.819,0.0,0.0,0.0,0.002,658520.525
1796846,IT,WL,SEACO,PAPER,0.03,26338.301,3,3,26338.301,0.0,0.0,0.0,0.0,877943.366667
1652244,IT,CZ,FOOD5,PFERT,0.13,26334.675,4,4,26334.673,0.0,0.0,0.0,0.002,202574.423077
1769058,IT,AU,PLAST,CRUDE,0.06,26334.286,4,4,26334.283,0.0,0.0,0.0,0.003,438904.766667
1769420,IT,AU,CEMEN,WHOLE,0.04,26334.029,3,3,26334.029,0.0,0.0,0.0,0.0,658350.725
1690381,IT,IE,WASTE,RETA1,0.08,26333.208,3,3,26333.208,0.0,0.0,0.0,0.0,329165.1
1761165,IT,IN,CHEM1,SECO9,0.06,26333.096,4,4,26333.093,0.0,0.0,0.0,0.003,438884.933333
1782961,IT,NO,AIRTR,RENTI,0.03,26331.985,3,3,26331.985,0.0,0.0,0.0,0.0,877732.833333
1710237,IT,LT,OFFIC,PUBLI,0.08,26331.555,4,4,26331.553,0.0,0.0,0.0,0.002,329144.4375
1683921,IT,HR,FURNI,WHOLE,0.08,26331.509,4,4,26331.507,0.0,0.0,0.0,0.002,329143.8625
1653011,IT,CZ,PLAST,KEROS,0.06,26330.786,4,4,26330.783,0.0,0.0,0.0,0.003,438846.433333
1804015,IT,WF,WOODW,IRONO,0.07,26329.854,4,4,26329.852,0.0,0.0,0.0,0.002,376140.771429
1740915,IT,US,FOOD5,MEAT4,0.13,26329.165,4,4,26329.163,0.0,0.0,0.0,0.002,202532.038462
1805501,IT,WF,CERAM,CHEMI,0.04,26327.888,3,3,26327.888,0.0,0.0,0.0,0.0,658197.2
1803424,IT,WF,MEATP,COPPE,0.11,26326.398,4,4,26326.395,0.0,0.0,0.0,0.003,239330.890909
1683181,IT,HR,GLASS,CEMEN,0.07,26325.177,4,4,26325.175,0.0,0.0,0.0,0.002,376073.957143
1643773,IT,AT,POSTT,PREC1,0.43,26325.012,4,4,26325.01,0.0,0.0,0.0,0.002,61220.95814
1743744,IT,US,LANDT,TOBAC,0.17,26324.883,3,3,26324.883,0.0,0.0,0.0,0.0,154852.252941
1773658,IT,CH,FURNI,TEXTI,0.08,26324.283,4,4,26324.281,0.0,0.0,0.0,0.002,329053.5375
1791798,IT,WA,LANDT,CRUDE,0.17,26323.552,3,3,26323.552,0.0,0.0,0.0,0.0,154844.423529
1726700,IT,RO,FURNI,FOOD5,0.08,26323.029,4,4,26323.027,0.0,0.0,0.0,0.002,329037.8625
1775123,IT,CH,COMPU,DISTR,0.3,26322.778,4,4,26322.776,0.0,0.0,0.0,0.002,87742.593333
1793993,IT,WL,WOODW,ALUM1,0.07,26321.727,4,4,26321.725,0.0,0.0,0.0,0.002,376024.671429
1774564,IT,CH,SEACO,WEARI,0.03,26321.29,3,3,26321.29,0.0,0.0,0.0,0.0,877376.333333
1645506,IT,BE,PLAST,PFERT,0.06,26320.821,4,4,26320.818,0.0,0.0,0.0,0.003,438680.35
1723367,IT,PT,BASIC,BEVER,0.03,26317.975,4,4,26317.973,0.0,0.0,0.0,0.002,877265.833333
1805986,IT,WF,COPP1,TEXTI,0.07,26317.061,3,3,26317.061,0.0,0.0,0.0,0.0,375958.014286
1792075,IT,WA,AIRTR,PREC1,0.03,26316.192,3,3,26316.192,0.0,0.0,0.0,0.0,877206.4
1665794,IT,ES,PAPER,INTER,0.1,26315.577,4,4,26315.574,0.0,0.0,0.0,0.003,263155.77
1787754,IT,WA,VEGE1,RECRE,0.08,26314.979,4,4,26314.973,0.0,0.0,0.0,0.006,328937.2375
1743851,IT,US,SEACO,ANTHR,0.03,26314.97,3,3,26314.97,0.0,0.0,0.0,0.0,877165.666667
1731203,IT,SI,CHEMI,FOUND,0.06,26314.907,5,5,26313.905,0.0,0.0,1.0,0.002,438581.783333
1649201,IT,BG,PRINT,EDUCA,0.25,26314.819,4,4,26314.817,0.0,0.0,0.0,0.002,105259.276
1659595,IT,DE,HOTEL,NUCLE,0.19,26314.512,4,4,26314.51,0.0,0.0,0.0,0.002,138497.431579
1744088,IT,US,SUPPO,DAIRY,0.19,26313.684,3,3,26313.684,0.0,0.0,0.0,0.0,138493.073684
1686051,IT,HU,RUBBE,RAWMI,0.09,26313.482,4,4,26313.48,0.0,0.0,0.0,0.002,292372.022222
1664160,IT,EE,RUBBE,SUPPO,0.09,26313.011,4,4,26313.009,0.0,0.0,0.0,0.002,292366.788889
1731260,IT,SI,MEATP,RETAI,0.11,26312.968,4,4,26312.965,0.0,0.0,0.0,0.003,239208.8
1807143,IT,WF,AIRTR,BEVER,0.03,26312.415,3,3,26312.415,0.0,0.0,0.0,0.0,877080.5
1725503,IT,RO,LEATH,VEGET,0.19,26310.876,4,4,26310.871,0.0,0.0,0.0,0.005,138478.294737
1732233,IT,SI,HEAVY,93197,0.04,26310.487,4,4,26310.485,0.0,0.0,0.0,0.002,657762.175
1744607,IT,US,RENTI,ELEC1,0.16,26307.421,3,3,26307.421,0.0,0.0,0.0,0.0,164421.38125
1794665,IT,WL,NAPHT,KEROS,0.04,26306.69,4,4,26306.688,0.0,0.0,0.0,0.002,657667.25
1784691,IT,ID,TRANS,SEACO,0.16,26306.162,3,3,26306.162,0.0,0.0,0.0,0.0,164413.5125
1658484,IT,DE,FABRI,INLAN,0.11,26305.77,4,4,26305.768,0.0,0.0,0.0,0.002,239143.363636
1763892,IT,MX,NONME,93197,0.05,26300.625,4,4,26300.622,0.0,0.0,0.0,0.003,526012.5
1722557,IT,PT,BEVER,WHOLE,0.11,26300.314,4,4,26300.312,0.0,0.0,0.0,0.002,239093.763636
1782880,IT,NO,SEACO,MOTOR,0.03,26299.981,3,3,26299.981,0.0,0.0,0.0,0.0,876666.033333
1680661,IT,GR,WHOLE,PAPER,0.23,26298.964,4,4,26298.962,0.0,0.0,0.0,0.002,114343.321739
1753197,IT,CA,GLASS,MEDIC,0.07,26297.843,4,4,26297.841,0.0,0.0,0.0,0.002,375683.471429
1800072,IT,WE,NAPHT,BITUM,0.04,26297.58,4,4,26297.578,0.0,0.0,0.0,0.002,657439.5
1667025,IT,ES,NONME,MEATP,0.05,26296.609,4,4,26296.606,0.0,0.0,0.0,0.003,525932.18
1725802,IT,RO,PRINT,EDUCA,0.25,26295.301,4,4,26295.299,0.0,0.0,0.0,0.002,105181.204
1785272,IT,ZA,TEXTI,RECRE,0.16,26294.844,4,4,26294.841,0.0,0.0,0.0,0.003,164342.775
1791445,IT,WA,WHOLE,BASIC,0.23,26294.741,4,4,26294.739,0.0,0.0,0.0,0.002,114324.96087
1733319,IT,SI,MOTO1,SEACO,0.14,26293.899,4,4,26293.897,0.0,0.0,0.0,0.002,187813.564286
1661218,IT,DK,WHEAT,HEALT,0.02,26293.865,3,3,26293.865,0.0,0.0,0.0,0.0,1314693.25
1750001,IT,CN,NONME,NATUR,0.05,26293.571,4,4,26293.568,0.0,0.0,0.0,0.003,525871.42
1770485,IT,AU,AIRTR,PREC1,0.03,26293.058,3,3,26293.058,0.0,0.0,0.0,0.0,876435.266667
1783804,IT,NO,INERT,NONF1,0.19,26292.64,4,4,26292.638,0.0,0.0,0.0,0.002,138382.315789
1768080,IT,RU,BUSIN,ELEC2,0.27,26292.014,4,4,26292.012,0.0,0.0,0.0,0.002,97377.82963
1756104,IT,KR,FABRI,SALEM,0.11,26288.941,4,4,26288.939,0.0,0.0,0.0,0.002,238990.372727
1803808,IT,WF,TEXTI,GASDI,0.16,26288.783,4,4,26288.78,0.0,0.0,0.0,0.003,164304.89375
1642430,IT,AT,ALUM1,BIODI,0.05,26287.846,4,4,26287.844,0.0,0.0,0.0,0.002,525756.92
1649283,IT,BG,LIQUE,WHOLE,0.05,26287.521,4,4,26287.519,0.0,0.0,0.0,0.002,525750.42
1778766,IT,TR,LANDT,DAIRY,0.17,26287.428,3,3,26287.428,0.0,0.0,0.0,0.0,154631.929412
1762246,IT,IN,AIRTR,NATU1,0.03,26287.301,3,3,26287.301,0.0,0.0,0.0,0.0,876243.366667
1658384,IT,DE,FABRI,FISHF,0.11,26287.045,4,4,26287.043,0.0,0.0,0.0,0.002,238973.136364
1747628,IT,JP,AIRTR,FOODW,0.03,26286.984,3,3,26286.984,0.0,0.0,0.0,0.0,876232.8
1714518,IT,NL,CRUDE,REFIN,0.05,26286.563,4,4,26286.561,0.0,0.0,0.0,0.002,525731.26
1687443,IT,HU,RAILW,PLAST,0.18,26286.382,3,3,26286.382,0.0,0.0,0.0,0.0,146035.455556
1646350,IT,BE,FABRI,MOTOR,0.11,26286.237,4,4,26286.235,0.0,0.0,0.0,0.002,238965.790909
1746172,IT,JP,PLAST,FOUND,0.06,26285.799,4,4,26285.796,0.0,0.0,0.0,0.003,438096.65
1670217,IT,ES,RECRE,SUPPO,0.33,26285.581,4,4,26285.579,0.0,0.0,0.0,0.002,79653.275758
1786887,IT,ZA,SEACO,AIRTR,0.03,26284.457,3,3,26284.457,0.0,0.0,0.0,0.0,876148.566667
1725982,IT,RO,CHEM1,NFERT,0.05,26281.696,4,4,26281.693,0.0,0.0,0.0,0.003,525633.92
1655892,IT,DE,DAIRY,LANDT,0.11,26281.479,4,4,26281.477,0.0,0.0,0.0,0.002,238922.536364
1745282,IT,JP,MEATP,93197,0.11,26281.172,4,4,26281.169,0.0,0.0,0.0,0.003,238919.745455
1663001,IT,DK,HOTEL,GASDI,0.19,26279.874,4,4,26279.872,0.0,0.0,0.0,0.002,138315.126316
1655857,IT,DE,VEGE1,MEMBE,0.08,26279.731,4,4,26279.725,0.0,0.0,0.0,0.006,328496.6375
1780073,IT,TW,WHOLE,OFFIC,0.23,26279.682,4,4,26279.68,0.0,0.0,0.0,0.002,114259.486957
1722580,IT,PT,FISH5,PLAST,0.11,26278.959,4,4,26278.945,0.0,0.0,0.0,0.014,238899.627273
1774493,IT,CH,LANDT,MOTO1,0.17,26277.509,3,3,26277.509,0.0,0.0,0.0,0.0,154573.582353
1662620,IT,DK,MACHI,OILSE,0.15,26276.005,4,4,26276.003,0.0,0.0,0.0,0.002,175173.366667
1651666,IT,CY,BASIC,WASTE,0.03,26275.214,4,4,26275.212,0.0,0.0,0.0,0.002,875840.466667
1790073,IT,WA,BASIC,NICKE,0.03,26274.154,4,4,26274.152,0.0,0.0,0.0,0.002,875805.133333
1733287,IT,SI,OFFIC,REALE,0.08,26273.897,4,4,26273.895,0.0,0.0,0.0,0.002,328423.7125
1642183,IT,AT,BRICK,BRICK,0.04,26271.255,4,4,26271.253,0.0,0.0,0.0,0.002,656781.375
1780643,IT,TW,AUXIL,MEATP,0.48,26270.855,3,3,26270.855,0.0,0.0,0.0,0.0,54730.947917
1669671,IT,ES,COMPU,CHEM1,0.3,26268.055,4,4,26268.053,0.0,0.0,0.0,0.002,87560.183333
1814110,IT,WM,AIRTR,BASIC,0.03,26267.528,3,3,26267.528,0.0,0.0,0.0,0.0,875584.266667
1722515,IT,PT,FOOD5,ELEC5,0.13,26266.108,4,4,26266.106,0.0,0.0,0.0,0.002,202046.984615
1789160,IT,WA,PLAST,NONFE,0.06,26265.133,4,4,26265.13,0.0,0.0,0.0,0.003,437752.216667
1747612,IT,JP,AIRTR,TRAN2,0.03,26264.681,3,3,26264.681,0.0,0.0,0.0,0.0,875489.366667
1805320,IT,WF,RUBBE,CATTL,0.09,26263.753,4,4,26263.751,0.0,0.0,0.0,0.002,291819.477778
1736040,IT,SK,FURNI,TEXTI,0.08,26262.539,4,4,26262.537,0.0,0.0,0.0,0.002,328281.7375
1788412,IT,WA,WOODW,PUBLI,0.07,26261.936,4,4,26261.934,0.0,0.0,0.0,0.002,375170.514286
1652655,IT,CZ,WOODW,RAILW,0.07,26261.207,4,4,26261.205,0.0,0.0,0.0,0.002,375160.1
1644832,IT,BE,TEXTI,HOTEL,0.16,26260.953,4,4,26260.95,0.0,0.0,0.0,0.003,164130.95625
1788418,IT,WA,PULP5,CEREA,0.08,26259.361,4,4,26259.359,0.0,0.0,0.0,0.002,328242.0125
1640636,IT,AT,BEVER,FURNI,0.11,26258.796,4,4,26258.794,0.0,0.0,0.0,0.002,238716.327273
1649974,IT,BG,FABRI,INSUR,0.11,26256.679,4,4,26256.677,0.0,0.0,0.0,0.002,238697.081818
1722947,IT,PT,HEAVY,BEVER,0.04,26256.379,4,4,26256.377,0.0,0.0,0.0,0.002,656409.475
1710696,IT,LU,FOOD5,VEGET,0.13,26256.064,4,4,26256.062,0.0,0.0,0.0,0.002,201969.723077
1729350,IT,SE,BASIC,CATTL,0.03,26255.502,4,4,26255.5,0.0,0.0,0.0,0.002,875183.4
1663301,IT,DK,AIRTR,CEREA,0.03,26253.621,3,3,26253.621,0.0,0.0,0.0,0.0,875120.7
1725399,IT,RO,TEXTI,FABRI,0.16,26253.384,4,4,26253.381,0.0,0.0,0.0,0.003,164083.65
1800148,IT,WE,PARAF,WEARI,0.04,26252.158,4,4,26252.156,0.0,0.0,0.0,0.002,656303.95
1716939,IT,NL,RAILW,CHEM1,0.18,26252.011,3,3,26252.011,0.0,0.0,0.0,0.0,145844.505556
1727252,IT,RO,SUPPO,DISTR,0.19,26250.503,3,3,26250.503,0.0,0.0,0.0,0.0,138160.542105
1725041,IT,RO,VEGET,DAIRY,0.09,26248.626,3,3,26248.626,0.0,0.0,0.0,0.0,291651.4
1790667,IT,WA,FABRI,PREC1,0.11,26247.594,4,4,26247.592,0.0,0.0,0.0,0.002,238614.490909
1740755,IT,US,MEAT4,LUBRI,0.14,26247.179,4,4,26247.177,0.0,0.0,0.0,0.002,187479.85
1783200,IT,NO,BUSIN,CRUDE,0.27,26246.061,4,4,26246.059,0.0,0.0,0.0,0.002,97207.633333
1643599,IT,AT,AIRTR,LEATH,0.03,26243.669,3,3,26243.669,0.0,0.0,0.0,0.0,874788.966667
1735004,IT,SK,PLAST,PAPER,0.06,26243.632,4,4,26243.629,0.0,0.0,0.0,0.003,437393.866667
1746135,IT,JP,HEAVY,SEACO,0.04,26243.554,4,4,26243.552,0.0,0.0,0.0,0.002,656088.85
1679275,IT,GR,GASDI,BUSIN,0.04,26243.226,4,4,26243.224,0.0,0.0,0.0,0.002,656080.65
1687844,IT,HU,FINAN,FINAN,0.34,26241.416,3,3,26241.416,0.0,0.0,0.0,0.0,77180.635294
1726270,IT,RO,BASIC,PETRO,0.03,26241.372,4,4,26241.37,0.0,0.0,0.0,0.002,874712.4
1717137,IT,NL,SEACO,WASTE,0.03,26240.3,3,3,26240.3,0.0,0.0,0.0,0.0,874676.666667
1679737,IT,GR,BASIC,PAPER,0.03,26237.983,4,4,26237.981,0.0,0.0,0.0,0.002,874599.433333
1812212,IT,WM,NONME,LUBRI,0.05,26237.258,4,4,26237.255,0.0,0.0,0.0,0.003,524745.16
1805250,IT,WF,CHEM1,RAILW,0.05,26237.068,4,4,26237.065,0.0,0.0,0.0,0.003,524741.36
1736107,IT,SK,CONST,CEMEN,0.15,26236.559,3,3,26236.559,0.0,0.0,0.0,0.0,174910.393333
1797060,IT,WL,SUPPO,RAILW,0.19,26236.495,3,3,26236.495,0.0,0.0,0.0,0.0,138086.815789
1763771,IT,MX,GLASS,HOTEL,0.07,26235.409,4,4,26235.407,0.0,0.0,0.0,0.002,374791.557143
1753114,IT,CA,RUBBE,GLASS,0.09,26234.669,4,4,26234.667,0.0,0.0,0.0,0.002,291496.322222
1735081,IT,SK,CHEM1,CERAM,0.05,26232.079,4,4,26232.076,0.0,0.0,0.0,0.003,524641.58
1742747,IT,US,FABRI,LUBRI,0.11,26231.983,4,4,26231.981,0.0,0.0,0.0,0.002,238472.572727
1760579,IT,IN,WOODW,WEARI,0.07,26231.651,4,4,26231.649,0.0,0.0,0.0,0.002,374737.871429
1764455,IT,MX,FURNI,TRANS,0.08,26231.549,4,4,26231.547,0.0,0.0,0.0,0.002,327894.3625
1709727,IT,LT,CHEM1,MEDIC,0.05,26230.945,4,4,26230.942,0.0,0.0,0.0,0.003,524618.9
1770419,IT,AU,TRAN2,SUPPO,0.04,26227.738,3,3,26227.738,0.0,0.0,0.0,0.0,655693.45
1814361,IT,WM,FINAN,RESEA,0.34,26227.571,3,3,26227.571,0.0,0.0,0.0,0.0,77139.914706
1771779,IT,CH,LEATH,POSTT,0.19,26227.33,4,4,26227.325,0.0,0.0,0.0,0.005,138038.578947
1773610,IT,CH,TRANS,TRAN1,0.16,26225.202,3,3,26225.202,0.0,0.0,0.0,0.0,163907.5125
1723893,IT,PT,FURNI,CERAM,0.08,26224.135,4,4,26224.133,0.0,0.0,0.0,0.002,327801.6875
1719680,IT,PL,NONME,MEATP,0.05,26223.642,4,4,26223.639,0.0,0.0,0.0,0.003,524472.84
1729190,IT,SE,CERAM,FISHF,0.04,26221.3,3,3,26221.3,0.0,0.0,0.0,0.0,655532.5
1802326,IT,WE,TRAN2,REALE,0.04,26218.97,3,3,26218.97,0.0,0.0,0.0,0.0,655474.25
1809062,IT,WM,OILSE,CHEM1,0.02,26218.892,3,3,26218.892,0.0,0.0,0.0,0.0,1310944.6
1761470,IT,IN,PREC1,CERAM,0.04,26216.507,3,3,26216.507,0.0,0.0,0.0,0.0,655412.675
1809974,IT,WM,FISH5,FINAN,0.11,26216.219,4,4,26216.206,0.0,0.0,0.0,0.013,238329.263636
1723281,IT,PT,GLASS,LANDT,0.07,26215.85,4,4,26215.848,0.0,0.0,0.0,0.002,374512.142857
1660708,IT,DE,RENTI,BASIC,0.16,26213.545,3,3,26213.545,0.0,0.0,0.0,0.0,163834.65625
1666819,IT,ES,RUBBE,FOOD3,0.09,26213.516,4,4,26213.514,0.0,0.0,0.0,0.002,291261.288889
1678989,IT,GR,LEATH,WEARI,0.19,26213.155,4,4,26213.15,0.0,0.0,0.0,0.005,137963.973684
1651016,IT,BG,SUPPO,93197,0.19,26212.805,3,3,26212.805,0.0,0.0,0.0,0.0,137962.131579
1745705,IT,JP,WEARI,FORES,0.2,26209.512,4,4,26209.507,0.0,0.0,0.0,0.005,131047.56
1776921,IT,TR,PLAST,COPP1,0.05,26207.806,4,4,26207.803,0.0,0.0,0.0,0.003,524156.12
1727186,IT,RO,TRAN2,NAPHT,0.04,26207.684,3,3,26207.684,0.0,0.0,0.0,0.0,655192.1
1649252,IT,BG,HEAVY,MOTOR,0.04,26206.755,4,4,26206.753,0.0,0.0,0.0,0.002,655168.875
1785742,IT,ZA,PLAST,TEXTI,0.05,26206.512,4,4,26206.509,0.0,0.0,0.0,0.003,524130.24
1663955,IT,EE,PAPER,FOOD5,0.1,26204.732,4,4,26204.729,0.0,0.0,0.0,0.003,262047.32
1723919,IT,PT,FURNI,RESEA,0.08,26204.719,4,4,26204.717,0.0,0.0,0.0,0.002,327558.9875
1756668,IT,KR,SEACO,NICKE,0.03,26204.16,3,3,26204.16,0.0,0.0,0.0,0.0,873472.0
1719464,IT,PL,RUBBE,OILHA,0.09,26203.658,4,4,26203.656,0.0,0.0,0.0,0.002,291151.755556
1750784,IT,CN,FURNI,PLANT,0.08,26201.994,4,4,26201.992,0.0,0.0,0.0,0.002,327524.925
1740399,IT,GB,HEALT,HOTEL,0.14,26201.522,3,3,26201.522,0.0,0.0,0.0,0.0,187153.728571
1739278,IT,GB,HOTEL,NUCLE,0.19,26201.309,4,4,26201.307,0.0,0.0,0.0,0.002,137901.626316
1774232,IT,CH,RETA1,ELEC4,0.27,26201.269,4,4,26201.267,0.0,0.0,0.0,0.002,97041.737037
1767572,IT,RU,AIRTR,EDUCA,0.03,26201.145,3,3,26201.145,0.0,0.0,0.0,0.0,873371.5
1738624,IT,GB,FABRI,FOOD4,0.11,26200.147,4,4,26200.145,0.0,0.0,0.0,0.002,238183.154545
1802535,IT,WE,POSTT,HEALT,0.43,26200.019,4,4,26200.017,0.0,0.0,0.0,0.002,60930.276744
1681836,IT,HR,VEGE1,SUGA1,0.08,26199.421,4,4,26199.415,0.0,0.0,0.0,0.006,327492.7625
1783694,IT,NO,WASTE,FOOD4,0.08,26198.935,3,3,26198.935,0.0,0.0,0.0,0.0,327486.6875
1810606,IT,WM,PRINT,CONST,0.25,26198.682,4,4,26198.68,0.0,0.0,0.0,0.002,104794.728
1652342,IT,CZ,FISH5,RAWMI,0.11,26196.926,4,4,26196.913,0.0,0.0,0.0,0.013,238153.872727
1755762,IT,KR,GLASS,POSTT,0.07,26196.805,3,3,26196.805,0.0,0.0,0.0,0.0,374240.071429
1748218,IT,JP,PLAS1,TRANS,0.09,26196.656,4,4,26196.654,0.0,0.0,0.0,0.002,291073.955556
1810414,IT,WM,PULP5,FISH5,0.08,26196.413,4,4,26196.411,0.0,0.0,0.0,0.002,327455.1625
1737451,IT,GB,LEATH,PLAST,0.19,26193.971,4,4,26193.966,0.0,0.0,0.0,0.005,137863.005263
1814341,IT,WM,FINAN,DISTR,0.34,26193.131,3,3,26193.131,0.0,0.0,0.0,0.0,77038.620588
1796502,IT,WL,RETA1,PFERT,0.27,26191.736,4,4,26191.734,0.0,0.0,0.0,0.002,97006.42963
1664043,IT,EE,PLAST,RETAI,0.05,26191.617,4,4,26191.614,0.0,0.0,0.0,0.003,523832.34
1717527,IT,NL,RENTI,CHEM1,0.16,26191.19,3,3,26191.19,0.0,0.0,0.0,0.0,163694.9375
1776607,IT,TR,GASDI,PETRO,0.04,26190.996,4,4,26190.994,0.0,0.0,0.0,0.002,654774.9
1780455,IT,TW,POSTT,COPPE,0.43,26190.783,4,4,26190.781,0.0,0.0,0.0,0.002,60908.797674
1710614,IT,LU,STONE,PLAS1,0.08,26190.174,4,4,26189.174,0.0,0.0,1.0,0.0,327377.175
1793403,IT,WL,CROPS,BEVER,0.21,26190.162,3,3,26190.162,0.0,0.0,0.0,0.0,124715.057143
1684207,IT,HR,LANDT,RECRE,0.17,26189.574,3,3,26189.574,0.0,0.0,0.0,0.0,154056.317647
1640141,IT,AT,CEREA,FURNI,0.04,26188.836,3,3,26188.836,0.0,0.0,0.0,0.0,654720.9
1748937,IT,CN,WEARI,DIST1,0.2,26187.348,4,4,26187.343,0.0,0.0,0.0,0.005,130936.74
1684916,IT,HU,CHEMI,CHEM1,0.06,26186.084,5,5,26185.082,0.0,0.0,1.0,0.002,436434.733333
1666826,IT,ES,RUBBE,WOOD2,0.09,26183.953,4,4,26183.951,0.0,0.0,0.0,0.002,290932.811111
1686243,IT,HU,CERAM,CHEM1,0.04,26183.922,3,3,26183.922,0.0,0.0,0.0,0.0,654598.05
1802349,IT,WE,SEACO,SUGA1,0.03,26182.264,3,3,26182.264,0.0,0.0,0.0,0.0,872742.133333
1646329,IT,BE,FABRI,STONE,0.11,26182.208,4,4,26182.206,0.0,0.0,0.0,0.002,238020.072727
1747529,IT,JP,AIRTR,FORES,0.03,26181.415,3,3,26181.415,0.0,0.0,0.0,0.0,872713.833333
1780021,IT,TW,SALEM,POSTT,0.21,26181.108,4,4,26181.106,0.0,0.0,0.0,0.002,124671.942857
1680995,IT,GR,AIRTR,TEXTI,0.03,26180.361,3,3,26180.361,0.0,0.0,0.0,0.0,872678.7
1739575,IT,GB,SEACO,FISH5,0.03,26180.138,3,3,26180.138,0.0,0.0,0.0,0.0,872671.266667
1765299,IT,RU,DAIRY,FOOD5,0.11,26178.598,4,4,26178.596,0.0,0.0,0.0,0.002,237987.254545
1812044,IT,WM,CERAM,MEAT4,0.04,26178.535,3,3,26178.535,0.0,0.0,0.0,0.0,654463.375
1684126,IT,HR,LANDT,CEREA,0.17,26177.166,3,3,26177.166,0.0,0.0,0.0,0.0,153983.329412
1712239,IT,LV,PAPER,POSTT,0.1,26176.999,4,4,26176.996,0.0,0.0,0.0,0.003,261769.99
1650025,IT,BG,MACHI,PULP5,0.15,26176.183,4,4,26176.181,0.0,0.0,0.0,0.002,174507.886667
1732754,IT,SI,NONME,LEATH,0.05,26176.023,4,4,26176.02,0.0,0.0,0.0,0.003,523520.46
1651003,IT,BG,SUPPO,LANDT,0.19,26176.023,3,3,26176.023,0.0,0.0,0.0,0.0,137768.542105
1718901,IT,PL,PRINT,WOODW,0.25,26175.687,4,4,26175.685,0.0,0.0,0.0,0.002,104702.748
1792122,IT,WA,AIRTR,INERT,0.03,26174.511,3,3,26174.511,0.0,0.0,0.0,0.0,872483.7
1721709,IT,PL,FINAN,AUXIL,0.34,26172.819,3,3,26172.819,0.0,0.0,0.0,0.0,76978.879412
1806346,IT,WF,MOTO1,FORES,0.14,26170.114,4,4,26170.112,0.0,0.0,0.0,0.002,186929.385714
1799297,IT,WE,LEATH,COMPU,0.19,26167.603,4,4,26167.598,0.0,0.0,0.0,0.005,137724.226316
1660097,IT,DE,AIRTR,COLLE,0.03,26166.758,3,3,26166.758,0.0,0.0,0.0,0.0,872225.266667
1661505,IT,DK,FOOD5,MACHI,0.13,26166.439,4,4,26166.437,0.0,0.0,0.0,0.002,201280.3
1743958,IT,US,INLAN,RECRE,0.04,26165.187,4,4,26165.185,0.0,0.0,0.0,0.002,654129.675
1653328,IT,CZ,GLASS,MOTOR,0.07,26165.186,3,3,26165.186,0.0,0.0,0.0,0.0,373788.371429
1755291,IT,KR,PAPER,ELEC2,0.1,26164.488,4,4,26164.485,0.0,0.0,0.0,0.003,261644.88
1660126,IT,DE,AIRTR,WOOD1,0.03,26164.225,3,3,26164.225,0.0,0.0,0.0,0.0,872140.833333
1643579,IT,AT,INLAN,WOODW,0.04,26164.03,4,4,26164.028,0.0,0.0,0.0,0.002,654100.75
1719665,IT,PL,CEMEN,RENTI,0.04,26162.676,3,3,26162.676,0.0,0.0,0.0,0.0,654066.9
1719541,IT,PL,GLASS,ELEC1,0.07,26161.547,3,3,26161.547,0.0,0.0,0.0,0.0,373736.385714
1765073,IT,MX,INSUR,HEALT,0.54,26160.308,3,3,26160.308,0.0,0.0,0.0,0.0,48445.014815
1649809,IT,BG,PREC1,RESEA,0.04,26157.986,3,3,26157.986,0.0,0.0,0.0,0.0,653949.65
1718338,IT,PL,BEVER,ANIMA,0.11,26157.527,4,4,26157.525,0.0,0.0,0.0,0.002,237795.7
1715639,IT,NL,NAPHT,PFERT,0.04,26157.478,4,4,26157.476,0.0,0.0,0.0,0.002,653936.95
1670276,IT,FI,MEATA,RUBBE,0.14,26157.217,4,4,26157.213,0.0,0.0,0.0,0.004,186837.264286
1683755,IT,HR,MACHI,STEAM,0.15,26155.731,4,4,26155.729,0.0,0.0,0.0,0.002,174371.54
1642987,IT,AT,CONST,CATTL,0.15,26154.05,3,3,26154.05,0.0,0.0,0.0,0.0,174360.333333
1811583,IT,WM,CHEM1,ANIMA,0.05,26153.18,4,4,26153.177,0.0,0.0,0.0,0.003,523063.6
1785578,IT,ZA,GASDI,FISHF,0.04,26152.816,4,4,26152.814,0.0,0.0,0.0,0.002,653820.4
1716018,IT,NL,CEMEN,BUSIN,0.04,26152.424,3,3,26152.424,0.0,0.0,0.0,0.0,653810.6
1795037,IT,WL,ADDIT,LUBRI,0.06,26152.118,4,4,26152.116,0.0,0.0,0.0,0.002,435868.633333
1679136,IT,GR,PAPER,ELEC1,0.1,26150.575,4,4,26150.572,0.0,0.0,0.0,0.003,261505.75
1685892,IT,HU,CHEM1,MEDIC,0.05,26150.499,4,4,26150.496,0.0,0.0,0.0,0.003,523009.98
1794408,IT,WL,KEROS,BUSIN,0.04,26150.12,4,4,26150.118,0.0,0.0,0.0,0.002,653753.0
1642124,IT,AT,CERAM,STONE,0.04,26148.915,3,3,26148.915,0.0,0.0,0.0,0.0,653722.875
1718373,IT,PL,BEVER,NFERT,0.11,26146.493,4,4,26146.491,0.0,0.0,0.0,0.002,237695.390909
1784374,IT,ID,RUBBE,PUBLI,0.09,26146.381,4,4,26146.379,0.0,0.0,0.0,0.002,290515.344444
1731912,IT,SI,MOTOR,DAIRY,0.04,26145.452,4,4,26145.45,0.0,0.0,0.0,0.002,653636.3
1727210,IT,RO,SUPPO,CRUDE,0.19,26142.566,3,3,26142.566,0.0,0.0,0.0,0.0,137592.452632
1670641,IT,FI,LEATH,SALEM,0.19,26142.517,4,4,26142.512,0.0,0.0,0.0,0.005,137592.194737
1782591,IT,NO,FURNI,CRUDE,0.08,26141.506,4,4,26141.504,0.0,0.0,0.0,0.002,326768.825
1776188,IT,TR,LEATH,INERT,0.19,26141.5,4,4,26141.495,0.0,0.0,0.0,0.005,137586.842105
1653509,IT,CZ,BASIC,LIQUE,0.03,26140.853,4,4,26140.851,0.0,0.0,0.0,0.002,871361.766667
1652782,IT,CZ,PAPER,PAPE4,0.1,26138.596,4,4,26138.593,0.0,0.0,0.0,0.003,261385.96
1660746,IT,DE,RENTI,PUBLI,0.16,26138.305,3,3,26138.305,0.0,0.0,0.0,0.0,163364.40625
1690022,IT,IE,REALE,HEALT,1.1,26137.976,4,4,26137.974,0.0,0.0,0.0,0.002,23761.796364
1772726,IT,CH,CEMEN,WOODW,0.04,26136.297,3,3,26136.297,0.0,0.0,0.0,0.0,653407.425
1668475,IT,ES,HOTEL,MEATA,0.19,26135.693,4,4,26135.691,0.0,0.0,0.0,0.002,137556.278947
1668025,IT,ES,FURNI,CHEM1,0.08,26135.158,4,4,26135.156,0.0,0.0,0.0,0.002,326689.475
1729675,IT,SE,FABRI,LANDT,0.11,26134.152,4,4,26134.15,0.0,0.0,0.0,0.002,237583.2
1660032,IT,DE,AIRTR,RAWMI,0.03,26133.7,3,3,26133.7,0.0,0.0,0.0,0.0,871123.333333
1796385,IT,WL,WHOLE,MOTOR,0.23,26133.26,4,4,26133.258,0.0,0.0,0.0,0.002,113622.869565
1716750,IT,NL,RETA1,NUCLE,0.27,26133.083,4,4,26133.081,0.0,0.0,0.0,0.002,96789.196296
1760086,IT,BR,OILHA,FOOD3,0.15,26133.081,3,3,26133.081,0.0,0.0,0.0,0.0,174220.54
1811549,IT,WM,PFERT,FOOD5,0.01,26132.6,4,4,26132.596,0.0,0.0,0.0,0.004,2613260.0
1772783,IT,CH,NONME,BASIC,0.05,26131.707,4,4,26131.704,0.0,0.0,0.0,0.003,522634.14
1685443,IT,HU,WOODW,BRICK,0.07,26130.431,4,4,26130.429,0.0,0.0,0.0,0.002,373291.871429
1729562,IT,SE,COPP1,RADIO,0.07,26130.417,3,3,26130.417,0.0,0.0,0.0,0.0,373291.671429
1654556,IT,CZ,HOTEL,RENTI,0.19,26129.795,4,4,26129.793,0.0,0.0,0.0,0.002,137525.236842
1767609,IT,RU,SUPPO,MOTO1,0.19,26128.187,3,3,26128.187,0.0,0.0,0.0,0.0,137516.773684
1752417,IT,CA,VEGE1,ELECT,0.08,26127.964,4,4,26127.958,0.0,0.0,0.0,0.006,326599.55
1730041,IT,SE,WHOLE,COPP1,0.23,26126.762,4,4,26126.76,0.0,0.0,0.0,0.002,113594.617391
1644314,IT,BE,FISHF,BUSIN,0.05,26126.055,3,3,26126.055,0.0,0.0,0.0,0.0,522521.1
1674198,IT,FR,LIQUE,BASIC,0.05,26125.543,4,4,26125.541,0.0,0.0,0.0,0.002,522510.86
1648714,IT,BG,FOOD5,CHEM1,0.13,26124.762,4,4,26124.76,0.0,0.0,0.0,0.002,200959.707692
1768984,IT,AU,PAPER,RAILW,0.1,26122.703,4,4,26122.7,0.0,0.0,0.0,0.003,261227.03
1783689,IT,NO,WASTE,WOOD1,0.08,26122.362,3,3,26122.362,0.0,0.0,0.0,0.0,326529.525
1683811,IT,HR,OFFIC,SUPPO,0.08,26121.449,4,4,26121.447,0.0,0.0,0.0,0.002,326518.1125
1806977,IT,WF,LANDT,PRINT,0.17,26118.128,3,3,26118.128,0.0,0.0,0.0,0.0,153636.047059
1743710,IT,US,RAILW,COMPU,0.17,26116.916,3,3,26116.916,0.0,0.0,0.0,0.0,153628.917647
1783745,IT,NO,PAPE4,CRUDE,0.17,26116.889,4,4,26116.887,0.0,0.0,0.0,0.002,153628.758824
1649747,IT,BG,BASIC,CERAM,0.03,26116.569,4,4,26116.567,0.0,0.0,0.0,0.002,870552.3
1759033,IT,BR,SEACO,SUGAR,0.03,26115.238,3,3,26115.238,0.0,0.0,0.0,0.0,870507.933333
1766991,IT,RU,MOTO1,RESEA,0.14,26112.643,4,4,26112.641,0.0,0.0,0.0,0.002,186518.878571
1735903,IT,SK,OFFIC,LANDT,0.08,26112.621,4,4,26112.619,0.0,0.0,0.0,0.002,326407.7625
1645503,IT,BE,PLAST,REFI1,0.05,26111.854,4,4,26111.851,0.0,0.0,0.0,0.003,522237.08
1737853,IT,GB,PLAST,HEAVY,0.05,26111.698,4,4,26111.695,0.0,0.0,0.0,0.003,522233.96
1723255,IT,PT,GLASS,WEARI,0.07,26111.162,3,3,26111.162,0.0,0.0,0.0,0.0,373016.6
1661325,IT,DK,CHEMI,RADIO,0.06,26110.531,5,5,26109.529,0.0,0.0,1.0,0.002,435175.516667
1798568,IT,WE,CHEMI,RETA1,0.06,26109.637,5,5,26108.635,0.0,0.0,1.0,0.002,435160.616667
1747009,IT,JP,TRANS,BASIC,0.16,26108.92,3,3,26108.92,0.0,0.0,0.0,0.0,163180.75
1725169,IT,RO,VEGE1,WOODW,0.08,26107.437,4,4,26107.431,0.0,0.0,0.0,0.006,326342.9625
1728692,IT,SE,PRINT,MEMBE,0.25,26106.759,4,4,26106.757,0.0,0.0,0.0,0.002,104427.036
1739639,IT,GB,AIRTR,PRINT,0.03,26103.981,3,3,26103.981,0.0,0.0,0.0,0.0,870132.7
1757754,IT,BR,NONSP,NAPHT,0.03,26103.505,3,3,26103.505,0.0,0.0,0.0,0.0,870116.833333
1778292,IT,TR,SALEM,PFERT,0.21,26103.071,4,4,26103.069,0.0,0.0,0.0,0.002,124300.338095
1734310,IT,SI,BUSIN,MACHI,0.27,26101.756,4,4,26101.754,0.0,0.0,0.0,0.002,96673.17037
1657867,IT,DE,BASIC,MEATA,0.03,26101.507,4,4,26101.505,0.0,0.0,0.0,0.002,870050.233333
1774751,IT,CH,SUPPO,REALE,0.19,26101.484,3,3,26101.484,0.0,0.0,0.0,0.0,137376.231579
1795495,IT,WL,ALUM1,DAIRY,0.05,26101.46,4,4,26101.458,0.0,0.0,0.0,0.002,522029.2
1647400,IT,BE,AIRTR,PULP5,0.03,26100.627,3,3,26100.627,0.0,0.0,0.0,0.0,870020.9
1686647,IT,HU,LEAD1,RAILW,0.05,26097.71,4,4,26097.708,0.0,0.0,0.0,0.002,521954.2
1677058,IT,FR,SUPPO,BIODI,0.19,26097.578,3,3,26097.578,0.0,0.0,0.0,0.0,137355.673684
1656702,IT,DE,MOTOR,WOODW,0.04,26097.26,4,4,26097.258,0.0,0.0,0.0,0.002,652431.5
1802175,IT,WE,HOTEL,BASIC,0.19,26096.822,4,4,26096.82,0.0,0.0,0.0,0.002,137351.694737
1763842,IT,MX,NONME,TEXTI,0.05,26096.551,4,4,26096.548,0.0,0.0,0.0,0.003,521931.02
1800083,IT,WE,NAPHT,VEGE1,0.04,26096.281,4,4,26096.279,0.0,0.0,0.0,0.002,652407.025
1810897,IT,WM,KERO1,NAPHT,0.04,26095.508,4,4,26095.506,0.0,0.0,0.0,0.002,652387.7
1678623,IT,GR,CHEMI,BRICK,0.06,26095.242,5,5,26094.24,0.0,0.0,1.0,0.002,434920.7
1758993,IT,BR,LANDT,PFERT,0.17,26094.869,3,3,26094.869,0.0,0.0,0.0,0.0,153499.229412
1774549,IT,CH,SEACO,POULT,0.03,26093.077,3,3,26093.077,0.0,0.0,0.0,0.0,869769.233333
1783942,IT,ID,STONE,POSTT,0.08,26092.971,4,4,26091.971,0.0,0.0,1.0,0.0,326162.1375
1680234,IT,GR,TRANS,MOTO1,0.16,26091.133,3,3,26091.133,0.0,0.0,0.0,0.0,163069.58125
1713799,IT,MT,FURNI,PRINT,0.08,26091.019,4,4,26091.017,0.0,0.0,0.0,0.002,326137.7375
1711670,IT,LU,COMPU,RENTI,0.3,26088.22,4,4,26088.218,0.0,0.0,0.0,0.002,86960.733333
1673314,IT,FR,TEXTI,NFERT,0.15,26082.438,4,4,26082.435,0.0,0.0,0.0,0.003,173882.92
1755867,IT,KR,NONME,GLASS,0.05,26082.184,4,4,26082.181,0.0,0.0,0.0,0.003,521643.68
1764465,IT,MX,FURNI,SEACO,0.08,26080.655,4,4,26080.653,0.0,0.0,0.0,0.002,326008.1875
1677602,IT,FR,REALE,FABRI,1.1,26079.541,4,4,26079.539,0.0,0.0,0.0,0.002,23708.673636
1665146,IT,ES,DAIRY,POSTT,0.11,26079.266,4,4,26079.264,0.0,0.0,0.0,0.002,237084.236364
1796327,IT,WL,SALEM,REALE,0.21,26078.84,4,4,26078.838,0.0,0.0,0.0,0.002,124184.952381
1763157,IT,MX,LEATH,MOTOR,0.19,26078.644,4,4,26078.639,0.0,0.0,0.0,0.005,137256.021053
1666992,IT,ES,CEMEN,GASDI,0.04,26078.304,3,3,26078.304,0.0,0.0,0.0,0.0,651957.6
1644965,IT,BE,WOODW,OFFIC,0.07,26075.432,4,4,26075.43,0.0,0.0,0.0,0.002,372506.171429
1674727,IT,FR,GLASS,FOOD2,0.07,26074.529,3,3,26074.529,0.0,0.0,0.0,0.0,372493.271429
1717517,IT,NL,RENTI,DAIRY,0.16,26073.557,3,3,26073.557,0.0,0.0,0.0,0.0,162959.73125
1646623,IT,BE,MOTO1,WASTE,0.14,26071.401,4,4,26071.399,0.0,0.0,0.0,0.002,186224.292857
1769104,IT,AU,PLAST,HEALT,0.05,26070.968,4,4,26070.965,0.0,0.0,0.0,0.003,521419.36
1752370,IT,CA,MEAT4,RETA1,0.14,26070.606,4,4,26070.604,0.0,0.0,0.0,0.002,186218.614286
1644033,IT,AT,BUSIN,HEAVY,0.27,26070.126,4,4,26070.124,0.0,0.0,0.0,0.002,96556.022222
1768914,IT,AU,WOODW,RESEA,0.07,26069.3,4,4,26069.298,0.0,0.0,0.0,0.002,372418.571429
1723010,IT,PT,PLAST,HEAVY,0.05,26069.198,4,4,26069.195,0.0,0.0,0.0,0.003,521383.96
1640174,IT,AT,VEGET,RETA1,0.09,26068.718,3,3,26068.718,0.0,0.0,0.0,0.0,289652.422222
1789697,IT,WA,RUBBE,RENTI,0.09,26068.206,4,4,26068.204,0.0,0.0,0.0,0.002,289646.733333
1753539,IT,CA,MACHI,MOTOR,0.15,26066.995,4,4,26066.993,0.0,0.0,0.0,0.002,173779.966667
1645325,IT,BE,GASDI,KEROS,0.04,26066.947,4,4,26066.945,0.0,0.0,0.0,0.002,651673.675
1811678,IT,WM,CHEM1,TRAN2,0.05,26064.718,4,4,26064.715,0.0,0.0,0.0,0.003,521294.36
1754042,IT,CA,SEACO,TRANS,0.03,26064.612,3,3,26064.612,0.0,0.0,0.0,0.0,868820.4
1777112,IT,TR,CHEM1,INERT,0.05,26062.696,4,4,26062.693,0.0,0.0,0.0,0.003,521253.92
1738866,IT,GB,TRANS,WHOLE,0.16,26062.344,3,3,26062.344,0.0,0.0,0.0,0.0,162889.65
1793333,IT,WA,PRIVA,INSUR,5.82,26062.339,4,4,26062.335,0.0,0.0,0.0,0.004,4478.06512
1719507,IT,PL,GLASS,LEATH,0.07,26061.674,3,3,26061.674,0.0,0.0,0.0,0.0,372309.628571
1814461,IT,WM,COMPU,RETA1,0.3,26061.431,4,4,26061.429,0.0,0.0,0.0,0.002,86871.436667
1655103,IT,CZ,COMPU,RECRE,0.3,26061.133,4,4,26061.131,0.0,0.0,0.0,0.002,86870.443333
1717588,IT,NL,COMPU,FINAN,0.3,26060.642,4,4,26060.64,0.0,0.0,0.0,0.002,86868.806667
1681577,IT,GR,BUSIN,RENTI,0.27,26056.276,4,4,26056.274,0.0,0.0,0.0,0.002,96504.725926
1792474,IT,WA,AUXIL,PUBLI,0.48,26056.145,3,3,26056.145,0.0,0.0,0.0,0.0,54283.635417
1799272,IT,WE,LEATH,FURNI,0.19,26056.0,4,4,26055.995,0.0,0.0,0.0,0.005,137136.842105
1682722,IT,HR,GASDI,ELECT,0.04,26055.703,4,4,26055.701,0.0,0.0,0.0,0.002,651392.575
1667884,IT,ES,MOTO1,CHEM1,0.14,26055.352,4,4,26055.35,0.0,0.0,0.0,0.002,186109.657143
1764738,IT,MX,HOTEL,ELEC1,0.19,26054.161,4,4,26054.159,0.0,0.0,0.0,0.002,137127.163158
1795206,IT,WL,GLASS,CHARC,0.07,26052.715,3,3,26052.715,0.0,0.0,0.0,0.0,372181.642857
1682936,IT,HR,NONSP,PFERT,0.03,26052.15,3,3,26052.15,0.0,0.0,0.0,0.0,868405.0
1758556,IT,BR,MACHI,WOOD2,0.15,26051.493,4,4,26051.491,0.0,0.0,0.0,0.002,173676.62
1718203,IT,PL,DAIRY,PUBLI,0.11,26050.955,4,4,26050.953,0.0,0.0,0.0,0.002,236826.863636
1735949,IT,SK,MOTO1,NONME,0.14,26050.658,4,4,26050.656,0.0,0.0,0.0,0.002,186076.128571
1684829,IT,HU,FISHF,SUPPO,0.04,26050.152,3,3,26050.152,0.0,0.0,0.0,0.0,651253.8
1783329,IT,NO,PAPE1,WHOLE,0.18,26048.546,4,4,26048.544,0.0,0.0,0.0,0.002,144714.144444
1763830,IT,MX,NONME,CEREA,0.05,26045.842,4,4,26045.839,0.0,0.0,0.0,0.003,520916.84
1756469,IT,KR,CONST,POSTT,0.15,26045.743,3,3,26045.743,0.0,0.0,0.0,0.0,173638.286667
1788772,IT,WA,MOTOR,PRIVA,0.04,26042.361,4,4,26042.359,0.0,0.0,0.0,0.002,651059.025
1676410,IT,FR,WHOLE,PAPE1,0.23,26039.909,4,4,26039.907,0.0,0.0,0.0,0.002,113216.995652
1795646,IT,WL,FABRI,LIQUE,0.11,26039.771,4,4,26039.769,0.0,0.0,0.0,0.002,236725.190909
1722180,IT,PL,BUSIN,MEMBE,0.27,26038.935,4,4,26038.933,0.0,0.0,0.0,0.002,96440.5
1791846,IT,WA,LANDT,FURNI,0.17,26037.662,3,3,26037.662,0.0,0.0,0.0,0.0,153162.717647
1776833,IT,TR,BITU1,BITUM,0.04,26036.784,4,4,26036.782,0.0,0.0,0.0,0.002,650919.6
1749362,IT,CN,PRINT,HOTEL,0.25,26036.146,4,4,26036.144,0.0,0.0,0.0,0.002,104144.584
1807354,IT,WF,FINAN,NATUR,0.34,26035.301,3,3,26035.301,0.0,0.0,0.0,0.0,76574.414706
1807337,IT,WF,POSTT,AUXIL,0.43,26032.671,4,4,26032.669,0.0,0.0,0.0,0.002,60541.095349
1716011,IT,NL,CEMEN,RADIO,0.04,26032.359,3,3,26032.359,0.0,0.0,0.0,0.0,650808.975
1751504,IT,CN,SUPPO,TEXTI,0.19,26031.326,3,3,26031.326,0.0,0.0,0.0,0.0,137006.978947
1660505,IT,DE,INSUR,ELEC5,0.54,26030.603,3,3,26030.603,0.0,0.0,0.0,0.0,48204.82037
1750772,IT,CN,TRANS,REALE,0.16,26030.497,3,3,26030.497,0.0,0.0,0.0,0.0,162690.60625
1680442,IT,GR,ELEC4,TRAN1,0.41,26029.854,4,4,26029.852,0.0,0.0,0.0,0.002,63487.44878
1724279,IT,PT,LANDT,BASIC,0.17,26029.824,3,3,26029.824,0.0,0.0,0.0,0.0,153116.611765
1800324,IT,WE,CHEM1,CEREA,0.05,26029.016,4,4,26029.013,0.0,0.0,0.0,0.003,520580.32
1800626,IT,WE,GLASS,FINAN,0.07,26028.616,3,3,26028.616,0.0,0.0,0.0,0.0,371837.371429
1665162,IT,ES,PROCE,FISH5,0.18,26027.089,4,4,26027.087,0.0,0.0,0.0,0.002,144594.938889
1744126,IT,US,SUPPO,ELEC1,0.19,26026.781,3,3,26026.781,0.0,0.0,0.0,0.0,136983.057895
1690233,IT,IE,BUSIN,HEALT,0.27,26026.12,4,4,26026.118,0.0,0.0,0.0,0.002,96393.037037
1732995,IT,SI,LEAD1,WOODW,0.05,26023.044,4,4,26023.042,0.0,0.0,0.0,0.002,520460.88
1677121,IT,FR,SUPPO,WASTE,0.19,26022.08,3,3,26022.08,0.0,0.0,0.0,0.0,136958.315789
1718837,IT,PL,PAPER,RETAI,0.1,26022.039,4,4,26022.036,0.0,0.0,0.0,0.003,260220.39
1713816,IT,MT,FURNI,SUPPO,0.08,26019.887,4,4,26019.885,0.0,0.0,0.0,0.002,325248.5875
1777542,IT,TR,BASIC,FOOD3,0.03,26019.884,4,4,26019.882,0.0,0.0,0.0,0.002,867329.466667
1766076,IT,RU,RUBBE,FISHF,0.09,26018.297,4,4,26018.295,0.0,0.0,0.0,0.002,289092.188889
1791661,IT,WA,HOTEL,FABRI,0.19,26017.563,4,4,26017.561,0.0,0.0,0.0,0.002,136934.542105
1764726,IT,MX,HOTEL,COPP1,0.19,26015.827,4,4,26015.825,0.0,0.0,0.0,0.002,136925.405263
1645315,IT,BE,KERO1,ELEC6,0.04,26014.519,4,4,26014.517,0.0,0.0,0.0,0.002,650362.975
1716178,IT,NL,ALUM1,BIODI,0.05,26012.885,4,4,26012.883,0.0,0.0,0.0,0.002,520257.7
1727719,IT,RO,COMPU,CONST,0.3,26012.839,4,4,26012.837,0.0,0.0,0.0,0.002,86709.463333
1761314,IT,IN,RUBBE,RECRE,0.09,26009.735,4,4,26009.733,0.0,0.0,0.0,0.002,288997.055556
1643175,IT,AT,HOTEL,VEGET,0.19,26009.572,4,4,26009.57,0.0,0.0,0.0,0.002,136892.484211
1748584,IT,CN,VEGE1,OFFIC,0.08,26008.987,4,4,26008.981,0.0,0.0,0.0,0.006,325112.3375
1773942,IT,CH,SALEM,GLASS,0.21,26008.612,4,4,26008.61,0.0,0.0,0.0,0.002,123850.533333
1646249,IT,BE,LEAD1,FOUND,0.05,26006.769,4,4,26006.767,0.0,0.0,0.0,0.002,520135.38
1756890,IT,KR,POSTT,HEALT,0.43,26006.592,4,4,26006.59,0.0,0.0,0.0,0.002,60480.446512
1710860,IT,LU,PRINT,RETA1,0.25,26005.344,4,4,26005.342,0.0,0.0,0.0,0.002,104021.376
1684707,IT,HU,VEGET,MEATA,0.09,26002.267,3,3,26002.267,0.0,0.0,0.0,0.0,288914.077778
1808766,IT,WF,WOOD2,NATUR,0.14,25999.404,4,4,25999.402,0.0,0.0,0.0,0.002,185710.028571
1660517,IT,DE,INSUR,RETA1,0.54,25998.998,3,3,25998.998,0.0,0.0,0.0,0.0,48146.292593
1664999,IT,ES,CHEMI,PFERT,0.06,25998.033,5,5,25997.031,0.0,0.0,1.0,0.002,433300.55
1809154,IT,WM,CROPS,MEMBE,0.21,25997.913,3,3,25997.913,0.0,0.0,0.0,0.0,123799.585714
1688817,IT,IE,CERAM,RETA1,0.04,25996.458,3,3,25996.458,0.0,0.0,0.0,0.0,649911.45
1757015,IT,KR,BUSIN,TOBAC,0.27,25996.089,4,4,25996.087,0.0,0.0,0.0,0.002,96281.811111
1772355,IT,CH,CHEM1,OILSE,0.05,25994.56,4,4,25994.557,0.0,0.0,0.0,0.003,519891.2
1751935,IT,CN,COMPU,COLLE,0.3,25993.048,4,4,25993.046,0.0,0.0,0.0,0.002,86643.493333
1666507,IT,ES,PLAST,ELEC3,0.05,25989.766,4,4,25989.763,0.0,0.0,0.0,0.003,519795.32
1672794,IT,FR,MEATP,BUSIN,0.11,25988.137,4,4,25988.134,0.0,0.0,0.0,0.003,236255.790909
1669367,IT,ES,FINAN,MEMBE,0.34,25988.039,3,3,25988.039,0.0,0.0,0.0,0.0,76435.408824
1643225,IT,AT,HOTEL,CERAM,0.19,25987.556,4,4,25987.554,0.0,0.0,0.0,0.002,136776.610526
1657142,IT,DE,PLAST,RADIO,0.05,25987.028,4,4,25987.025,0.0,0.0,0.0,0.003,519740.56
1669437,IT,ES,INSUR,SUPPO,0.54,25985.857,3,3,25985.857,0.0,0.0,0.0,0.0,48121.957407
1722520,IT,PT,FOOD5,RENTI,0.12,25984.032,4,4,25984.03,0.0,0.0,0.0,0.002,216533.6
1682042,IT,HR,BEVER,RECRE,0.11,25980.025,4,4,25980.023,0.0,0.0,0.0,0.002,236182.045455
1711179,IT,LU,FABRI,HEALT,0.11,25979.027,4,4,25979.025,0.0,0.0,0.0,0.002,236172.972727
1713724,IT,MT,MACHI,TRANS,0.14,25978.667,4,4,25978.665,0.0,0.0,0.0,0.002,185561.907143
1686705,IT,HU,COPP1,BRICK,0.07,25976.655,3,3,25976.655,0.0,0.0,0.0,0.0,371095.071429
1796606,IT,WL,HOTEL,GASDI,0.19,25976.139,4,4,25976.137,0.0,0.0,0.0,0.002,136716.521053
1767543,IT,RU,AIRTR,MACHI,0.03,25975.892,3,3,25975.892,0.0,0.0,0.0,0.0,865863.066667
1689827,IT,IE,INSUR,TRAN1,0.54,25975.094,3,3,25975.094,0.0,0.0,0.0,0.0,48102.025926
1802312,IT,WE,TRAN2,NATUR,0.04,25974.591,3,3,25974.591,0.0,0.0,0.0,0.0,649364.775
1750561,IT,CN,OFFIC,WOOLS,0.08,25973.943,4,4,25973.941,0.0,0.0,0.0,0.002,324674.2875
1683636,IT,HR,FABRI,PFERT,0.11,25972.834,4,4,25972.832,0.0,0.0,0.0,0.002,236116.672727
1813453,IT,WM,CONST,INSUR,0.15,25969.832,3,3,25969.832,0.0,0.0,0.0,0.0,173132.213333
1652195,IT,CZ,DAIRY,RETA1,0.11,25969.829,4,4,25969.827,0.0,0.0,0.0,0.002,236089.354545
1754825,IT,KR,FOOD5,REALE,0.12,25969.09,4,4,25969.088,0.0,0.0,0.0,0.002,216409.083333
1765892,IT,RU,PLAST,KEROS,0.05,25967.625,4,4,25967.622,0.0,0.0,0.0,0.003,519352.5
1644346,IT,BE,CHEMI,SANDC,0.06,25967.371,5,5,25966.369,0.0,0.0,1.0,0.002,432789.516667
1735249,IT,SK,GLASS,SANDC,0.07,25965.965,3,3,25965.965,0.0,0.0,0.0,0.0,370942.357143
1713428,IT,MT,PLAST,MACHI,0.05,25965.916,4,4,25965.913,0.0,0.0,0.0,0.003,519318.32
1776661,IT,TR,HEAVY,FOOD5,0.04,25963.523,4,4,25963.521,0.0,0.0,0.0,0.002,649088.075
1784421,IT,ID,NONME,MOTO1,0.05,25962.865,4,4,25962.862,0.0,0.0,0.0,0.003,519257.3
1656328,IT,DE,WOODW,CEREA,0.07,25962.564,4,4,25962.562,0.0,0.0,0.0,0.002,370893.771429
1742599,IT,US,ALUM1,RADIO,0.05,25961.008,4,4,25961.006,0.0,0.0,0.0,0.002,519220.16
1782137,IT,NO,NONME,FISHF,0.05,25960.848,4,4,25960.845,0.0,0.0,0.0,0.003,519216.96
1689494,IT,IE,HOTEL,93197,0.19,25960.778,4,4,25960.776,0.0,0.0,0.0,0.002,136635.673684
1715486,IT,NL,KEROS,RESEA,0.04,25959.027,4,4,25959.025,0.0,0.0,0.0,0.002,648975.675
1663061,IT,DK,HOTEL,PAPE1,0.19,25958.495,4,4,25958.493,0.0,0.0,0.0,0.002,136623.657895
1719038,IT,PL,HEAVY,PLAST,0.04,25958.101,4,4,25958.099,0.0,0.0,0.0,0.002,648952.525
1785585,IT,ZA,GASDI,WOODW,0.04,25957.876,4,4,25957.874,0.0,0.0,0.0,0.002,648946.9
1673501,IT,FR,LEATH,MEAT1,0.19,25954.706,4,4,25954.702,0.0,0.0,0.0,0.004,136603.715789
1804990,IT,WF,PLAST,CHEMI,0.05,25952.821,4,4,25952.818,0.0,0.0,0.0,0.003,519056.42
1645793,IT,BE,RUBBE,INLAN,0.09,25952.118,4,4,25952.116,0.0,0.0,0.0,0.002,288356.866667
1650946,IT,BG,AIRTR,TRAN1,0.03,25951.772,3,3,25951.772,0.0,0.0,0.0,0.0,865059.066667
1719296,IT,PL,CHEM1,STEAM,0.05,25951.095,4,4,25951.092,0.0,0.0,0.0,0.003,519021.9
1661541,IT,DK,BEVER,FORES,0.11,25949.673,4,4,25949.671,0.0,0.0,0.0,0.002,235906.118182
1744721,IT,US,COMPU,MEMBE,0.3,25947.74,4,4,25947.738,0.0,0.0,0.0,0.002,86492.466667
1787522,IT,WA,CHEMI,PRINT,0.06,25946.01,5,5,25945.008,0.0,0.0,1.0,0.002,432433.5
1677236,IT,FR,POSTT,MEMBE,0.43,25944.727,4,4,25944.725,0.0,0.0,0.0,0.002,60336.574419
1789646,IT,WA,RUBBE,NFERT,0.09,25944.495,4,4,25944.493,0.0,0.0,0.0,0.002,288272.166667
1724851,IT,PT,BUSIN,TOBAC,0.27,25944.436,4,4,25944.434,0.0,0.0,0.0,0.002,96090.503704
1762907,IT,MX,SANDC,93197,0.06,25943.762,4,4,25937.762,0.0,0.0,6.0,0.0,432396.033333
1654193,IT,CZ,MOTO1,HOTEL,0.14,25943.479,4,4,25943.477,0.0,0.0,0.0,0.002,185310.564286
1675557,IT,FR,MOTO1,SUGA1,0.14,25941.842,4,4,25941.84,0.0,0.0,0.0,0.002,185298.871429
1641576,IT,AT,HEAVY,OILHA,0.04,25941.801,4,4,25941.799,0.0,0.0,0.0,0.002,648545.025
1645025,IT,BE,PULP5,PAPE4,0.08,25941.592,4,4,25941.59,0.0,0.0,0.0,0.002,324269.9
1756081,IT,KR,FABRI,LEAD1,0.11,25941.055,4,4,25941.053,0.0,0.0,0.0,0.002,235827.772727
1804704,IT,WF,LIQUE,MEDIC,0.05,25940.892,4,4,25940.89,0.0,0.0,0.0,0.002,518817.84
1783848,IT,NO,TEXT2,ELEC7,0.19,25937.363,4,4,25937.361,0.0,0.0,0.0,0.002,136512.436842
1766570,IT,RU,COPP1,LANDT,0.07,25937.055,3,3,25937.055,0.0,0.0,0.0,0.0,370529.357143
1685145,IT,HU,FOOD5,RECRE,0.12,25936.164,4,4,25936.162,0.0,0.0,0.0,0.002,216134.7
1662747,IT,DK,OFFIC,WHOLE,0.08,25934.287,4,4,25934.285,0.0,0.0,0.0,0.002,324178.5875
1748816,IT,CN,TEXTI,SECO9,0.15,25934.16,4,4,25934.157,0.0,0.0,0.0,0.003,172894.4
1660606,IT,DE,REALE,RUBBE,1.1,25933.163,4,4,25933.161,0.0,0.0,0.0,0.002,23575.602727
1652420,IT,CZ,TEXTI,SECO9,0.15,25932.387,4,4,25932.384,0.0,0.0,0.0,0.003,172882.58
1663592,IT,DK,BUSIN,CRUDE,0.27,25931.84,4,4,25931.838,0.0,0.0,0.0,0.002,96043.851852
1728228,IT,SE,FOOD5,SECO9,0.12,25930.33,4,4,25930.328,0.0,0.0,0.0,0.002,216086.083333
1665022,IT,ES,CHEMI,RETA1,0.06,25928.323,5,5,25927.321,0.0,0.0,1.0,0.002,432138.716667
1641195,IT,AT,PRINT,SALEM,0.25,25927.981,4,4,25927.979,0.0,0.0,0.0,0.002,103711.924
1760376,IT,IN,VEGE1,ANIMA,0.08,25927.73,4,4,25927.724,0.0,0.0,0.0,0.006,324096.625
1662410,IT,DK,PREC1,PAPER,0.04,25926.819,3,3,25926.819,0.0,0.0,0.0,0.0,648170.475
1783294,IT,NO,FOODW,PAPE1,0.19,25923.973,4,4,25923.971,0.0,0.0,0.0,0.002,136441.963158
1655380,IT,DE,CROPS,SUGA1,0.21,25923.702,3,3,25923.702,0.0,0.0,0.0,0.0,123446.2
1793926,IT,WL,LEATH,FISH5,0.19,25923.168,4,4,25923.164,0.0,0.0,0.0,0.004,136437.726316
1755898,IT,KR,BASIC,KEROS,0.03,25920.905,4,4,25920.903,0.0,0.0,0.0,0.002,864030.166667
1641086,IT,AT,PAPER,GLASS,0.1,25920.743,4,4,25920.74,0.0,0.0,0.0,0.003,259207.43
1790424,IT,WA,LEAD1,MEDIC,0.05,25920.668,4,4,25920.666,0.0,0.0,0.0,0.002,518413.36
1776714,IT,TR,HEAVY,EDUCA,0.04,25915.643,4,4,25915.641,0.0,0.0,0.0,0.002,647891.075
1805716,IT,WF,BASIC,NAPHT,0.03,25915.615,4,4,25915.613,0.0,0.0,0.0,0.002,863853.833333
1761339,IT,IN,GLASS,CEMEN,0.07,25914.747,3,3,25914.747,0.0,0.0,0.0,0.0,370210.671429
1671590,IT,FI,TRANS,GASDI,0.15,25912.728,3,3,25912.728,0.0,0.0,0.0,0.0,172751.52
1725195,IT,RO,DAIRY,WHOLE,0.11,25910.626,4,4,25910.624,0.0,0.0,0.0,0.002,235551.145455
1800169,IT,WE,NONSP,ELEC1,0.03,25909.505,3,3,25909.505,0.0,0.0,0.0,0.0,863650.166667
1640355,IT,AT,MEATC,DIST1,0.09,25908.963,4,4,25908.961,0.0,0.0,0.0,0.002,287877.366667
1782067,IT,NO,GLASS,KERO1,0.07,25908.937,3,3,25908.937,0.0,0.0,0.0,0.0,370127.671429
1738348,IT,GB,BASIC,FOOD3,0.03,25908.932,4,4,25908.93,0.0,0.0,0.0,0.002,863631.066667
1732668,IT,SI,CERAM,BEVER,0.04,25907.422,3,3,25907.422,0.0,0.0,0.0,0.0,647685.55
1786233,IT,ZA,COPP1,RADIO,0.07,25906.811,3,3,25906.811,0.0,0.0,0.0,0.0,370097.3
1776827,IT,TR,NAPHT,COMPU,0.04,25906.369,4,4,25906.367,0.0,0.0,0.0,0.002,647659.225
1648754,IT,BG,BEVER,POULT,0.11,25906.237,4,4,25906.235,0.0,0.0,0.0,0.002,235511.245455
1659981,IT,DE,SEACO,OFFIC,0.03,25905.616,3,3,25905.616,0.0,0.0,0.0,0.0,863520.533333
1775398,IT,CH,PUBLI,WHOLE,0.42,25905.228,4,4,25905.226,0.0,0.0,0.0,0.002,61679.114286
1798270,IT,WE,OILSE,CHEM1,0.02,25904.06,3,3,25904.06,0.0,0.0,0.0,0.0,1295203.0
1741062,IT,US,TEXTI,ELECT,0.15,25904.01,4,4,25904.007,0.0,0.0,0.0,0.003,172693.4
1723690,IT,PT,MACHI,CHEM1,0.14,25903.926,4,4,25903.924,0.0,0.0,0.0,0.002,185028.042857
1747450,IT,JP,SEACO,FISH5,0.03,25902.104,3,3,25902.104,0.0,0.0,0.0,0.0,863403.466667
1804782,IT,WF,NAPHT,REFI1,0.04,25900.388,4,4,25900.386,0.0,0.0,0.0,0.002,647509.7
1680076,IT,GR,MACHI,SEACO,0.14,25899.303,4,4,25899.301,0.0,0.0,0.0,0.002,184995.021429
1795040,IT,WL,ADDIT,NONSP,0.06,25898.091,4,4,25898.089,0.0,0.0,0.0,0.002,431634.85
1773100,IT,CH,LEAD1,FINAN,0.05,25898.031,4,4,25898.029,0.0,0.0,0.0,0.002,517960.62
1811955,IT,WM,GLASS,COPPE,0.07,25897.899,3,3,25897.899,0.0,0.0,0.0,0.0,369969.985714
1672041,IT,FI,AIRTR,BIOG1,0.03,25896.977,3,3,25896.977,0.0,0.0,0.0,0.0,863232.566667
1672880,IT,FR,VEGE1,MACHI,0.08,25893.823,4,4,25893.817,0.0,0.0,0.0,0.006,323672.7875
1804939,IT,WF,NONSP,PRECI,0.03,25893.533,3,3,25893.533,0.0,0.0,0.0,0.0,863117.766667
1682601,IT,HR,KEROS,MEATC,0.04,25893.0,4,4,25892.998,0.0,0.0,0.0,0.002,647325.0
1723679,IT,PT,MACHI,PRINT,0.14,25892.175,4,4,25892.173,0.0,0.0,0.0,0.002,184944.107143
1767390,IT,RU,LANDT,TOBAC,0.17,25891.702,3,3,25891.702,0.0,0.0,0.0,0.0,152304.129412
1793916,IT,WL,WEARI,HEALT,0.2,25890.413,4,4,25890.408,0.0,0.0,0.0,0.005,129452.065
1799281,IT,WE,LEATH,RETAI,0.19,25890.167,4,4,25890.163,0.0,0.0,0.0,0.004,136264.036842
1778530,IT,TR,RETA1,PLAST,0.27,25889.176,4,4,25889.174,0.0,0.0,0.0,0.002,95885.837037
1655265,IT,DE,WHEAT,MEAT1,0.02,25885.457,3,3,25885.457,0.0,0.0,0.0,0.0,1294272.85
1678701,IT,GR,VEGE1,HEALT,0.08,25884.665,4,4,25884.659,0.0,0.0,0.0,0.006,323558.3125
1745469,IT,JP,FOOD5,MEATP,0.12,25884.408,4,4,25884.406,0.0,0.0,0.0,0.002,215703.4
1787404,IT,WA,FISHF,GASDI,0.04,25881.694,3,3,25881.694,0.0,0.0,0.0,0.0,647042.35
1689257,IT,IE,WHOLE,NONME,0.22,25880.571,4,4,25880.569,0.0,0.0,0.0,0.002,117638.959091
1732730,IT,SI,CEMEN,FOUND,0.04,25878.087,3,3,25878.087,0.0,0.0,0.0,0.0,646952.175
1780869,IT,TW,RESEA,BEVER,0.14,25877.299,4,4,25877.297,0.0,0.0,0.0,0.002,184837.85
1719429,IT,PL,RUBBE,ELEC5,0.09,25876.302,4,4,25876.3,0.0,0.0,0.0,0.002,287514.466667
1687946,IT,HU,RENTI,DAIRY,0.15,25875.131,3,3,25875.131,0.0,0.0,0.0,0.0,172500.873333
1729052,IT,SE,RUBBE,CERAM,0.09,25875.111,4,4,25875.109,0.0,0.0,0.0,0.002,287501.233333
1682982,IT,HR,CHEM1,FORES,0.05,25871.572,4,4,25871.569,0.0,0.0,0.0,0.003,517431.44
1769448,IT,AU,NONME,COLLE,0.05,25871.4,4,4,25871.397,0.0,0.0,0.0,0.003,517428.0
1739334,IT,GB,HOTEL,93197,0.19,25870.953,4,4,25870.951,0.0,0.0,0.0,0.002,136162.910526
1640143,IT,AT,CEREA,RETA1,0.04,25870.382,3,3,25870.382,0.0,0.0,0.0,0.0,646759.55
1772902,IT,CH,BASIC,AUXIL,0.03,25870.314,4,4,25870.312,0.0,0.0,0.0,0.002,862343.8
1775028,IT,CH,RENTI,FORES,0.15,25869.264,3,3,25869.264,0.0,0.0,0.0,0.0,172461.76
1689015,IT,IE,MACHI,REALE,0.14,25867.415,4,4,25867.413,0.0,0.0,0.0,0.002,184767.25
1688605,IT,IE,NAPHT,CHEM1,0.04,25866.961,4,4,25866.959,0.0,0.0,0.0,0.002,646674.025
1660012,IT,DE,INLAN,ELEC1,0.04,25865.569,4,4,25865.567,0.0,0.0,0.0,0.002,646639.225
1673992,IT,FR,KEROS,FINAN,0.04,25865.45,4,4,25865.448,0.0,0.0,0.0,0.002,646636.25
1728310,IT,SE,BEVER,SUPPO,0.11,25863.314,4,4,25863.312,0.0,0.0,0.0,0.002,235121.036364
1782966,IT,NO,AIRTR,EDUCA,0.03,25862.511,3,3,25862.511,0.0,0.0,0.0,0.0,862083.7
1729441,IT,SE,BASIC,93197,0.03,25862.381,4,4,25862.379,0.0,0.0,0.0,0.002,862079.366667
1810412,IT,WM,PULP5,FOOD5,0.08,25861.417,4,4,25861.415,0.0,0.0,0.0,0.002,323267.7125
1768621,IT,AU,FISH5,FISHF,0.11,25860.025,4,4,25860.012,0.0,0.0,0.0,0.013,235091.136364
1750687,IT,CN,MOTO1,RADIO,0.14,25859.02,4,4,25859.018,0.0,0.0,0.0,0.002,184707.285714
1770195,IT,AU,HOTEL,SUGAR,0.19,25856.362,4,4,25856.36,0.0,0.0,0.0,0.002,136086.115789
1793321,IT,WA,PRIVA,RETAI,5.77,25855.282,4,4,25855.278,0.0,0.0,0.0,0.004,4480.984749
1794368,IT,WL,KEROS,OILSE,0.04,25855.008,4,4,25855.006,0.0,0.0,0.0,0.002,646375.2
1651460,IT,CY,GASDI,RENTI,0.04,25853.838,4,4,25853.836,0.0,0.0,0.0,0.002,646345.95
1646026,IT,BE,NONME,TRANS,0.05,25853.583,4,4,25853.58,0.0,0.0,0.0,0.003,517071.66
1668827,IT,ES,TRAN2,NAPHT,0.04,25850.925,3,3,25850.925,0.0,0.0,0.0,0.0,646273.125
1666081,IT,ES,GASDI,COPPE,0.04,25849.934,4,4,25849.932,0.0,0.0,0.0,0.002,646248.35
1764751,IT,MX,HOTEL,SALEM,0.19,25849.064,4,4,25849.062,0.0,0.0,0.0,0.002,136047.705263
1753685,IT,CA,MOTO1,SALEM,0.14,25848.892,4,4,25848.89,0.0,0.0,0.0,0.002,184634.942857
1747571,IT,JP,AIRTR,BRICK,0.03,25848.825,3,3,25848.825,0.0,0.0,0.0,0.0,861627.5
1748553,IT,CN,VEGE1,MEAT4,0.08,25848.598,4,4,25848.592,0.0,0.0,0.0,0.006,323107.475
1762146,IT,IN,LANDT,CEMEN,0.17,25848.478,3,3,25848.478,0.0,0.0,0.0,0.0,152049.870588
1796998,IT,WL,AIRTR,BIOG1,0.03,25848.063,3,3,25848.063,0.0,0.0,0.0,0.0,861602.1
1672524,IT,FR,WHEAT,VEGE1,0.02,25847.58,3,3,25847.58,0.0,0.0,0.0,0.0,1292379.0
1722443,IT,PT,VEGE1,FISH5,0.08,25846.837,4,4,25846.831,0.0,0.0,0.0,0.006,323085.4625
1780139,IT,TW,HOTEL,BITU1,0.19,25846.431,4,4,25846.429,0.0,0.0,0.0,0.002,136033.847368
1718585,IT,PL,LEATH,BITUM,0.19,25846.267,4,4,25846.263,0.0,0.0,0.0,0.004,136032.984211
1805383,IT,WF,RUBBE,FOUND,0.09,25840.372,4,4,25840.37,0.0,0.0,0.0,0.002,287115.244444
1664635,IT,EE,LANDT,RUBBE,0.17,25838.994,3,3,25838.994,0.0,0.0,0.0,0.0,151994.082353
1730914,IT,SE,INTER,WOODW,0.15,25836.902,4,4,25836.9,0.0,0.0,0.0,0.002,172246.013333
1733915,IT,SI,AIRTR,BUSIN,0.03,25835.999,3,3,25835.999,0.0,0.0,0.0,0.0,861199.966667
1753177,IT,CA,GLASS,NAPHT,0.07,25835.154,3,3,25835.154,0.0,0.0,0.0,0.0,369073.628571
1795217,IT,WL,GLASS,MEDIC,0.07,25832.559,3,3,25832.559,0.0,0.0,0.0,0.0,369036.557143
1776134,IT,TR,LEATH,GLASS,0.19,25832.453,4,4,25832.449,0.0,0.0,0.0,0.004,135960.278947
1752021,IT,CN,RESEA,COLLE,0.14,25830.569,4,4,25830.567,0.0,0.0,0.0,0.002,184504.064286
1671141,IT,FI,GLASS,WHOLE,0.07,25829.932,3,3,25829.932,0.0,0.0,0.0,0.0,368999.028571
1795841,IT,WL,MACHI,RENTI,0.14,25828.443,4,4,25828.441,0.0,0.0,0.0,0.002,184488.878571
1730767,IT,SE,BUSIN,MOTOR,0.27,25827.486,4,4,25827.484,0.0,0.0,0.0,0.002,95657.355556
1717367,IT,NL,FINAN,RESEA,0.34,25826.935,3,3,25826.935,0.0,0.0,0.0,0.0,75961.573529
1724780,IT,PT,RENTI,RENTI,0.15,25826.062,3,3,25826.062,0.0,0.0,0.0,0.0,172173.746667
1796638,IT,WL,HOTEL,MOTO1,0.19,25825.961,4,4,25825.959,0.0,0.0,0.0,0.002,135926.110526
1776296,IT,TR,PAPER,MOTOR,0.1,25825.821,4,4,25825.818,0.0,0.0,0.0,0.003,258258.21
1679562,IT,GR,RUBBE,LUBRI,0.09,25825.515,4,4,25825.513,0.0,0.0,0.0,0.002,286950.166667
1813482,IT,WM,SALEM,RETA1,0.21,25821.723,4,4,25821.721,0.0,0.0,0.0,0.002,122960.585714
1759161,IT,BR,AIRTR,TRAN2,0.03,25821.666,3,3,25821.666,0.0,0.0,0.0,0.0,860722.2
1689290,IT,IE,WHOLE,EDUCA,0.22,25821.39,3,3,25821.39,0.0,0.0,0.0,0.0,117369.954545
1784431,IT,ID,BASIC,BITUM,0.03,25820.485,4,4,25820.483,0.0,0.0,0.0,0.002,860682.833333
1672138,IT,FI,POSTT,HEALT,0.43,25820.346,4,4,25820.344,0.0,0.0,0.0,0.002,60047.316279
1675351,IT,FR,MACHI,VEGE1,0.14,25819.984,4,4,25819.982,0.0,0.0,0.0,0.002,184428.457143
1810450,IT,WM,PULP5,RETAI,0.08,25819.906,4,4,25819.904,0.0,0.0,0.0,0.002,322748.825
1747146,IT,JP,CONST,GASDI,0.14,25818.815,3,3,25818.815,0.0,0.0,0.0,0.0,184420.107143
1800087,IT,WE,NAPHT,FOOD5,0.04,25818.652,4,4,25818.65,0.0,0.0,0.0,0.002,645466.3
1659317,IT,DE,RETAI,PLAST,0.2,25815.398,4,4,25815.396,0.0,0.0,0.0,0.002,129076.99
1732990,IT,SI,ALUM1,RECRE,0.04,25814.736,4,4,25814.734,0.0,0.0,0.0,0.002,645368.4
1710389,IT,LT,HOTEL,RETA1,0.19,25813.661,4,4,25813.659,0.0,0.0,0.0,0.002,135861.373684
1790422,IT,WA,LEAD1,ELECT,0.04,25813.658,4,4,25813.656,0.0,0.0,0.0,0.002,645341.45
1790439,IT,WA,LEAD1,COMPU,0.04,25812.168,4,4,25812.166,0.0,0.0,0.0,0.002,645304.2
1773806,IT,CH,ELEC4,TEXTI,0.41,25810.39,4,4,25810.388,0.0,0.0,0.0,0.002,62952.170732
1765875,IT,RU,PLAST,BITUM,0.05,25810.198,4,4,25810.195,0.0,0.0,0.0,0.003,516203.96
1641692,IT,AT,PLAST,KEROS,0.05,25809.701,4,4,25809.698,0.0,0.0,0.0,0.003,516194.02
1805360,IT,WF,RUBBE,KEROS,0.09,25809.502,4,4,25809.5,0.0,0.0,0.0,0.002,286772.244444
1763885,IT,MX,NONME,SUPPO,0.05,25808.678,4,4,25808.675,0.0,0.0,0.0,0.003,516173.56
1665872,IT,ES,PRINT,AIRTR,0.25,25806.523,4,4,25806.521,0.0,0.0,0.0,0.002,103226.092
1725059,IT,RO,OILSE,HOTEL,0.02,25804.897,3,3,25804.897,0.0,0.0,0.0,0.0,1290244.85
1678066,IT,FR,HEALT,RAWMI,0.13,25803.541,3,3,25803.541,0.0,0.0,0.0,0.0,198488.776923
1720087,IT,PL,ALUM1,PLAS2,0.04,25802.579,4,4,25802.577,0.0,0.0,0.0,0.002,645064.475
1796209,IT,WL,FURNI,ELECT,0.08,25800.41,4,4,25800.408,0.0,0.0,0.0,0.002,322505.125
1791155,IT,WA,FURNI,PLANT,0.08,25800.212,4,4,25800.21,0.0,0.0,0.0,0.002,322502.65
1793620,IT,WL,DAIRY,POULT,0.1,25799.788,4,4,25799.786,0.0,0.0,0.0,0.002,257997.88
1744240,IT,US,POSTT,TRANS,0.42,25799.514,4,4,25799.512,0.0,0.0,0.0,0.002,61427.414286
1812778,IT,WM,FABRI,OILSE,0.1,25799.278,4,4,25799.276,0.0,0.0,0.0,0.002,257992.78
1784367,IT,ID,RUBBE,POSTT,0.09,25799.103,4,4,25799.101,0.0,0.0,0.0,0.002,286656.7
1719506,IT,PL,GLASS,WEARI,0.07,25798.892,3,3,25798.892,0.0,0.0,0.0,0.0,368555.6
1668044,IT,ES,FURNI,ELEC3,0.08,25798.833,4,4,25798.831,0.0,0.0,0.0,0.002,322485.4125
1779122,IT,TR,SUPPO,BUSIN,0.19,25798.702,3,3,25798.702,0.0,0.0,0.0,0.0,135782.642105
1732430,IT,SI,CHEM1,CEREA,0.05,25798.009,4,4,25798.006,0.0,0.0,0.0,0.003,515960.18
1688665,IT,IE,CHEM1,MEATP,0.05,25795.753,4,4,25795.75,0.0,0.0,0.0,0.003,515915.06
1643424,IT,AT,LANDT,LIQUE,0.17,25792.699,3,3,25792.699,0.0,0.0,0.0,0.0,151721.758824
1669606,IT,ES,RENTI,CEMEN,0.15,25792.662,3,3,25792.662,0.0,0.0,0.0,0.0,171951.08
1720762,IT,PL,TRANS,DIST1,0.15,25792.325,3,3,25792.325,0.0,0.0,0.0,0.0,171948.833333
1751546,IT,CN,POSTT,BITUM,0.42,25791.603,4,4,25791.601,0.0,0.0,0.0,0.002,61408.578571
1789302,IT,WA,PFERT,NONF1,0.01,25790.427,4,4,25790.423,0.0,0.0,0.0,0.004,2579042.7
1751745,IT,CN,INSUR,COMPU,0.53,25790.297,3,3,25790.297,0.0,0.0,0.0,0.0,48660.937736
1787970,IT,WA,TEXTI,PLANT,0.15,25790.173,4,4,25790.17,0.0,0.0,0.0,0.003,171934.486667
1642966,IT,AT,FURNI,REALE,0.08,25790.047,4,4,25790.045,0.0,0.0,0.0,0.002,322375.5875
1672390,IT,FI,BUSIN,OFFIC,0.26,25789.771,4,4,25789.769,0.0,0.0,0.0,0.002,99191.426923
1785102,IT,ZA,CHEMI,HEALT,0.06,25786.156,5,5,25785.154,0.0,0.0,1.0,0.002,429769.266667
1810283,IT,WM,LEATH,TRAN2,0.18,25785.634,4,4,25785.63,0.0,0.0,0.0,0.004,143253.522222
1796955,IT,WL,AIRTR,LIQUE,0.03,25785.156,3,3,25785.156,0.0,0.0,0.0,0.0,859505.2
1776686,IT,TR,HEAVY,CERAM,0.04,25785.15,4,4,25785.148,0.0,0.0,0.0,0.002,644628.75
1753978,IT,CA,LANDT,FABRI,0.17,25784.875,3,3,25784.875,0.0,0.0,0.0,0.0,151675.735294
1764367,IT,MX,MOTO1,PLAST,0.14,25783.812,4,4,25783.81,0.0,0.0,0.0,0.002,184170.085714
1739241,IT,GB,RETA1,PAPE4,0.27,25783.251,4,4,25783.249,0.0,0.0,0.0,0.002,95493.522222
1652171,IT,CZ,VEGE1,WHOLE,0.08,25783.046,4,4,25783.04,0.0,0.0,0.0,0.006,322288.075
1671001,IT,FI,CHEM1,WOOD2,0.05,25782.686,4,4,25782.683,0.0,0.0,0.0,0.003,515653.72
1739369,IT,GB,RAILW,OFFIC,0.17,25781.695,3,3,25781.695,0.0,0.0,0.0,0.0,151657.029412
1712211,IT,LV,PAPER,FISH5,0.1,25780.645,4,4,25780.642,0.0,0.0,0.0,0.003,257806.45
1650411,IT,BG,ELEC4,PFERT,0.41,25777.62,4,4,25777.618,0.0,0.0,0.0,0.002,62872.243902
1790622,IT,WA,FABRI,MEATP,0.1,25776.994,4,4,25776.992,0.0,0.0,0.0,0.002,257769.94
1786277,IT,ZA,FABRI,NFERT,0.1,25776.758,4,4,25776.756,0.0,0.0,0.0,0.002,257767.58
1784985,IT,ID,INSUR,REALE,0.53,25776.738,3,3,25776.738,0.0,0.0,0.0,0.0,48635.354717
1771716,IT,CH,LEATH,STONE,0.18,25774.467,4,4,25774.463,0.0,0.0,0.0,0.004,143191.483333
1672035,IT,FI,AIRTR,RAWMI,0.03,25774.386,3,3,25774.386,0.0,0.0,0.0,0.0,859146.2
1781652,IT,NO,LEATH,FABRI,0.18,25774.332,4,4,25774.328,0.0,0.0,0.0,0.004,143190.733333
1679264,IT,GR,GASDI,CONST,0.04,25773.422,4,4,25773.42,0.0,0.0,0.0,0.002,644335.55
1716824,IT,NL,HOTEL,STONE,0.19,25771.943,4,4,25771.941,0.0,0.0,0.0,0.002,135641.805263
1671600,IT,FI,TRANS,AIRTR,0.15,25770.845,3,3,25770.845,0.0,0.0,0.0,0.0,171805.633333
1724907,IT,PT,BUSIN,COLLE,0.26,25770.171,4,4,25770.169,0.0,0.0,0.0,0.002,99116.042308
1646542,IT,BE,OFFIC,PLAST,0.08,25770.1,4,4,25770.098,0.0,0.0,0.0,0.002,322126.25
1661813,IT,DK,WOODW,STEAM,0.07,25768.571,4,4,25768.569,0.0,0.0,0.0,0.002,368122.442857
1713016,IT,MT,MEATC,FURNI,0.09,25767.373,4,4,25767.371,0.0,0.0,0.0,0.002,286304.144444
1805015,IT,WF,PLAST,NAPHT,0.05,25767.184,4,4,25767.181,0.0,0.0,0.0,0.003,515343.68
1805938,IT,WF,LEAD1,ELEC4,0.04,25766.032,4,4,25766.03,0.0,0.0,0.0,0.002,644150.8
1797138,IT,WL,POSTT,PREC1,0.42,25762.555,4,4,25762.553,0.0,0.0,0.0,0.002,61339.416667
1741550,IT,US,GASDI,PLANT,0.04,25761.861,4,4,25761.859,0.0,0.0,0.0,0.002,644046.525
1649113,IT,BG,PAPER,FURNI,0.1,25761.343,4,4,25761.34,0.0,0.0,0.0,0.003,257613.43
1750746,IT,CN,TRANS,GLASS,0.15,25760.652,3,3,25760.652,0.0,0.0,0.0,0.0,171737.68
1786471,IT,ZA,MOTO1,MACHI,0.14,25760.501,4,4,25760.499,0.0,0.0,0.0,0.002,184003.578571
1786905,IT,ZA,AIRTR,GASDI,0.03,25759.766,3,3,25759.766,0.0,0.0,0.0,0.0,858658.866667
1751126,IT,CN,RETA1,HOTEL,0.27,25759.657,4,4,25759.655,0.0,0.0,0.0,0.002,95406.137037
1641438,IT,AT,GASDI,NONF1,0.04,25757.757,4,4,25757.755,0.0,0.0,0.0,0.002,643943.925
1650936,IT,BG,SEACO,TRAN2,0.03,25751.923,3,3,25751.923,0.0,0.0,0.0,0.0,858397.433333
1735368,IT,SK,NONME,NONME,0.05,25751.06,4,4,25751.057,0.0,0.0,0.0,0.003,515021.2
1684172,IT,HR,LANDT,TRANS,0.17,25750.634,3,3,25750.634,0.0,0.0,0.0,0.0,151474.317647
1722167,IT,PL,BUSIN,INTER,0.26,25750.134,4,4,25750.132,0.0,0.0,0.0,0.002,99038.976923
1663151,IT,DK,LANDT,TEXTI,0.17,25749.214,3,3,25749.214,0.0,0.0,0.0,0.0,151465.964706
1745913,IT,JP,LEATH,PLAS1,0.18,25748.208,4,4,25748.204,0.0,0.0,0.0,0.004,143045.6
1766523,IT,RU,COPP1,COKEO,0.07,25747.365,3,3,25747.365,0.0,0.0,0.0,0.0,367819.5
1686877,IT,HU,FABRI,93197,0.1,25746.525,4,4,25746.523,0.0,0.0,0.0,0.002,257465.25
1654886,IT,CZ,POSTT,COMPU,0.42,25746.304,4,4,25746.302,0.0,0.0,0.0,0.002,61300.72381
1798237,IT,WE,VEGET,FURNI,0.09,25746.196,3,3,25746.196,0.0,0.0,0.0,0.0,286068.844444
1670337,IT,FI,VEGE1,DAIRY,0.08,25745.167,4,4,25745.161,0.0,0.0,0.0,0.006,321814.5875
1731835,IT,SI,PAPER,INTER,0.1,25744.391,4,4,25744.388,0.0,0.0,0.0,0.003,257443.91
1675501,IT,FR,OFFIC,DIST1,0.08,25744.374,4,4,25744.372,0.0,0.0,0.0,0.002,321804.675
1729193,IT,SE,CERAM,COPPE,0.04,25738.483,3,3,25738.483,0.0,0.0,0.0,0.0,643462.075
1717151,IT,NL,INLAN,RENTI,0.04,25738.166,4,4,25738.164,0.0,0.0,0.0,0.002,643454.15
1800580,IT,WE,GLASS,NATUR,0.07,25738.008,3,3,25738.008,0.0,0.0,0.0,0.0,367685.828571
1805553,IT,WF,BRICK,LEAD1,0.04,25737.844,4,4,25737.842,0.0,0.0,0.0,0.002,643446.1
1803507,IT,WF,VEGE1,MEATP,0.08,25737.492,4,4,25737.486,0.0,0.0,0.0,0.006,321718.65
1684695,IT,HU,CEREA,RETA1,0.04,25737.422,3,3,25737.422,0.0,0.0,0.0,0.0,643435.55
1758095,IT,BR,GLASS,MACHI,0.07,25737.352,3,3,25737.352,0.0,0.0,0.0,0.0,367676.457143
1725388,IT,RO,TEXTI,BIODI,0.15,25737.155,4,4,25737.152,0.0,0.0,0.0,0.003,171581.033333
1803111,IT,WF,VEGET,BEVER,0.09,25736.035,3,3,25736.035,0.0,0.0,0.0,0.0,285955.944444
1750222,IT,CN,LEAD1,ELEC1,0.04,25734.435,4,4,25734.433,0.0,0.0,0.0,0.002,643360.875
1736918,IT,SK,BUSIN,RECRE,0.26,25732.335,4,4,25732.333,0.0,0.0,0.0,0.002,98970.519231
1661496,IT,DK,FOOD5,TEXTI,0.12,25731.744,4,4,25731.742,0.0,0.0,0.0,0.002,214431.2
1721394,IT,PL,SEACO,ELECT,0.03,25731.131,3,3,25731.131,0.0,0.0,0.0,0.0,857704.366667
1658902,IT,DE,FURNI,PAPER,0.08,25729.36,4,4,25729.358,0.0,0.0,0.0,0.002,321617.0
1662264,IT,DK,CERAM,RETA1,0.04,25728.455,3,3,25728.455,0.0,0.0,0.0,0.0,643211.375
1751943,IT,CN,COMPU,SEACO,0.29,25724.904,4,4,25724.902,0.0,0.0,0.0,0.002,88706.565517
1687170,IT,HU,FURNI,RETA1,0.08,25724.436,4,4,25724.434,0.0,0.0,0.0,0.002,321555.45
1752060,IT,CN,BUSIN,FISHF,0.26,25722.933,4,4,25722.931,0.0,0.0,0.0,0.002,98934.357692
1738328,IT,GB,BASIC,COLLE,0.03,25722.71,4,4,25722.708,0.0,0.0,0.0,0.002,857423.666667
1671265,IT,FI,BASIC,DISTR,0.03,25721.777,4,4,25721.775,0.0,0.0,0.0,0.002,857392.566667
1727361,IT,RO,POSTT,HEALT,0.42,25720.606,4,4,25720.604,0.0,0.0,0.0,0.002,61239.538095
1810480,IT,WM,PAPER,PIGS9,0.1,25720.335,4,4,25720.332,0.0,0.0,0.0,0.003,257203.35
1814688,IT,WM,PLAS1,FINAN,0.09,25720.148,4,4,25720.146,0.0,0.0,0.0,0.002,285779.422222
1737431,IT,GB,WEARI,REALE,0.19,25717.97,4,4,25717.965,0.0,0.0,0.0,0.005,135357.736842
1711068,IT,LU,PREC1,MACHI,0.04,25717.304,3,3,25717.304,0.0,0.0,0.0,0.0,642932.6
1711341,IT,LU,WHOLE,RETA1,0.22,25716.696,3,3,25716.696,0.0,0.0,0.0,0.0,116894.072727
1731331,IT,SI,DAIRY,MEAT1,0.1,25716.496,4,4,25716.494,0.0,0.0,0.0,0.002,257164.96
1685202,IT,HU,FISH5,TEXTI,0.11,25715.578,4,4,25715.565,0.0,0.0,0.0,0.013,233777.981818
1800950,IT,WE,ALUM1,VEGE1,0.04,25714.446,4,4,25714.444,0.0,0.0,0.0,0.002,642861.15
1741207,IT,US,WOODW,PRINT,0.07,25714.055,4,4,25714.053,0.0,0.0,0.0,0.002,367343.642857
1728971,IT,SE,CHEM1,SEWAG,0.05,25713.737,4,4,25713.734,0.0,0.0,0.0,0.003,514274.74
1640844,IT,AT,LEATH,PIGS9,0.18,25713.225,4,4,25713.221,0.0,0.0,0.0,0.004,142851.25
1682973,IT,HR,PLAST,BUSIN,0.05,25712.366,4,4,25712.363,0.0,0.0,0.0,0.003,514247.32
1766578,IT,RU,COPP1,HEALT,0.06,25712.341,3,3,25712.341,0.0,0.0,0.0,0.0,428539.016667
1677146,IT,FR,POSTT,FOOD5,0.42,25711.863,4,4,25711.861,0.0,0.0,0.0,0.002,61218.721429
1687113,IT,HU,TRANS,FABRI,0.15,25711.001,3,3,25711.001,0.0,0.0,0.0,0.0,171406.673333
1663060,IT,DK,HOTEL,FOODW,0.19,25710.583,4,4,25710.581,0.0,0.0,0.0,0.002,135318.857895
1679878,IT,GR,COPP1,RUBBE,0.06,25708.942,3,3,25708.942,0.0,0.0,0.0,0.0,428482.366667
1735745,IT,SK,FABRI,INERT,0.1,25708.45,4,4,25708.448,0.0,0.0,0.0,0.002,257084.5
1766191,IT,RU,GLASS,VEGET,0.07,25706.23,3,3,25706.23,0.0,0.0,0.0,0.0,367231.857143
1762514,IT,IN,INSUR,NONME,0.53,25704.346,3,3,25704.346,0.0,0.0,0.0,0.0,48498.766038
1792603,IT,WA,COMPU,SALEM,0.29,25702.927,4,4,25702.925,0.0,0.0,0.0,0.002,88630.782759
1776902,IT,TR,PLAST,KEROS,0.05,25702.398,4,4,25702.395,0.0,0.0,0.0,0.003,514047.96
1724447,IT,PT,AIRTR,AUXIL,0.03,25702.083,3,3,25702.083,0.0,0.0,0.0,0.0,856736.1
1753186,IT,CA,GLASS,BIOGA,0.07,25701.718,3,3,25701.718,0.0,0.0,0.0,0.0,367167.4
1670835,IT,FI,PARAF,GASDI,0.04,25697.718,4,4,25697.716,0.0,0.0,0.0,0.002,642442.95
1657718,IT,DE,CEMEN,CHEM1,0.04,25697.674,3,3,25697.674,0.0,0.0,0.0,0.0,642441.85
1763382,IT,MX,PRINT,CONST,0.25,25697.521,4,4,25697.519,0.0,0.0,0.0,0.002,102790.084
1760824,IT,IN,MOTOR,KERO1,0.04,25696.423,4,4,25696.421,0.0,0.0,0.0,0.002,642410.575
1713673,IT,MT,COPP1,REALE,0.06,25695.333,3,3,25695.333,0.0,0.0,0.0,0.0,428255.55
1720520,IT,PL,OFFIC,BITUM,0.08,25694.317,4,4,25694.315,0.0,0.0,0.0,0.002,321178.9625
1755752,IT,KR,GLASS,SALEM,0.07,25693.82,3,3,25693.82,0.0,0.0,0.0,0.0,367054.571429
1675324,IT,FR,FABRI,TEXT2,0.1,25693.398,4,4,25693.396,0.0,0.0,0.0,0.002,256933.98
1763499,IT,MX,PFERT,SUGAR,0.01,25691.614,4,4,25691.61,0.0,0.0,0.0,0.004,2569161.4
1737727,IT,GB,GASDI,SUPPO,0.04,25691.604,4,4,25691.602,0.0,0.0,0.0,0.002,642290.1
1654279,IT,CZ,FURNI,REALE,0.08,25691.28,4,4,25691.278,0.0,0.0,0.0,0.002,321141.0
1779194,IT,TR,POSTT,MOTO1,0.42,25690.696,4,4,25690.694,0.0,0.0,0.0,0.002,61168.32381
1794878,IT,WL,PFERT,HOTEL,0.01,25689.862,4,4,25689.858,0.0,0.0,0.0,0.004,2568986.2
1640456,IT,AT,VEGE1,RECRE,0.08,25689.445,4,4,25689.439,0.0,0.0,0.0,0.006,321118.0625
1802440,IT,WE,AIRTR,COMPU,0.03,25684.987,3,3,25684.987,0.0,0.0,0.0,0.0,856166.233333
1680688,IT,GR,WHOLE,POSTT,0.22,25684.95,3,3,25684.95,0.0,0.0,0.0,0.0,116749.772727
1662593,IT,DK,FABRI,RETA1,0.1,25682.862,4,4,25682.86,0.0,0.0,0.0,0.002,256828.62
1651005,IT,BG,SUPPO,AIRTR,0.18,25682.572,3,3,25682.572,0.0,0.0,0.0,0.0,142680.955556
1793653,IT,WL,DAIRY,BUSIN,0.1,25680.841,4,4,25680.839,0.0,0.0,0.0,0.002,256808.41
1652656,IT,CZ,WOODW,LANDT,0.07,25680.698,4,4,25680.696,0.0,0.0,0.0,0.002,366867.114286
1769649,IT,AU,FABRI,OFFIC,0.1,25680.411,4,4,25680.409,0.0,0.0,0.0,0.002,256804.11
1669597,IT,ES,RENTI,FOOD5,0.15,25680.371,3,3,25680.371,0.0,0.0,0.0,0.0,171202.473333
1807928,IT,WF,PLAS1,SUGA1,0.09,25677.786,4,4,25677.784,0.0,0.0,0.0,0.002,285308.733333
1674883,IT,FR,NONME,PUBLI,0.05,25674.989,4,4,25674.986,0.0,0.0,0.0,0.003,513499.78
1763806,IT,MX,CERAM,TRANS,0.04,25673.276,3,3,25673.276,0.0,0.0,0.0,0.0,641831.9
1733065,IT,SI,COPP1,RAILW,0.06,25672.355,3,3,25672.355,0.0,0.0,0.0,0.0,427872.583333
1761103,IT,IN,CHEM1,NATUR,0.05,25671.086,4,4,25671.083,0.0,0.0,0.0,0.003,513421.72
1757695,IT,BR,HEAVY,RETA1,0.04,25671.012,4,4,25671.01,0.0,0.0,0.0,0.002,641775.3
1747257,IT,JP,WHOLE,TEXTI,0.22,25670.828,3,3,25670.828,0.0,0.0,0.0,0.0,116685.581818
1813611,IT,WM,WHOLE,RECRE,0.22,25669.491,3,3,25669.491,0.0,0.0,0.0,0.0,116679.504545
1650042,IT,BG,MACHI,GLASS,0.14,25669.188,4,4,25669.186,0.0,0.0,0.0,0.002,183351.342857
1661779,IT,DK,LEATH,RESEA,0.18,25669.151,4,4,25669.147,0.0,0.0,0.0,0.004,142606.394444
1655351,IT,DE,VEGET,RECRE,0.09,25668.783,3,3,25668.783,0.0,0.0,0.0,0.0,285208.7
1784371,IT,ID,RUBBE,RENTI,0.09,25667.657,4,4,25667.655,0.0,0.0,0.0,0.002,285196.188889
1745253,IT,JP,CHEMI,RUBBE,0.06,25667.152,5,5,25666.15,0.0,0.0,1.0,0.002,427785.866667
1783618,IT,NO,FOOD3,FISHF,0.07,25664.782,3,3,25664.782,0.0,0.0,0.0,0.0,366639.742857
1640656,IT,AT,BEVER,COMPU,0.11,25664.241,4,4,25664.239,0.0,0.0,0.0,0.002,233311.281818
1647795,IT,BE,AUXIL,GASDI,0.47,25663.497,3,3,25663.497,0.0,0.0,0.0,0.0,54603.185106
1658072,IT,DE,PREC1,POSTT,0.04,25663.465,3,3,25663.465,0.0,0.0,0.0,0.0,641586.625
1722299,IT,PT,CEREA,RAWMI,0.04,25662.733,3,3,25662.733,0.0,0.0,0.0,0.0,641568.325
1716594,IT,NL,SALEM,NONF1,0.21,25661.467,4,4,25661.465,0.0,0.0,0.0,0.002,122197.461905
1681086,IT,GR,SUPPO,NONME,0.18,25659.402,3,3,25659.402,0.0,0.0,0.0,0.0,142552.233333
1771528,IT,CH,TEXTI,RAWMI,0.15,25658.303,4,4,25658.3,0.0,0.0,0.0,0.003,171055.353333
1662121,IT,DK,RUBBE,FISHF,0.09,25657.914,4,4,25657.912,0.0,0.0,0.0,0.002,285087.933333
1800142,IT,WE,NAPHT,93197,0.04,25657.713,4,4,25657.711,0.0,0.0,0.0,0.002,641442.825
1782304,IT,NO,COPP1,WHOLE,0.06,25657.196,3,3,25657.196,0.0,0.0,0.0,0.0,427619.933333
1731378,IT,SI,FOOD5,MEATA,0.12,25655.904,4,4,25655.902,0.0,0.0,0.0,0.002,213799.2
1657340,IT,DE,BIODI,WHEAT,0.05,25655.379,4,4,25655.376,0.0,0.0,0.0,0.003,513107.58
1720856,IT,PL,FURNI,COMPU,0.08,25655.192,4,4,25655.19,0.0,0.0,0.0,0.002,320689.9
1813059,IT,WM,OFFIC,RADIO,0.08,25653.671,4,4,25653.669,0.0,0.0,0.0,0.002,320670.8875
1719197,IT,PL,PLAST,EDUCA,0.05,25652.264,4,4,25652.261,0.0,0.0,0.0,0.003,513045.28
1786226,IT,ZA,COPP1,ALUM1,0.06,25651.555,3,3,25651.555,0.0,0.0,0.0,0.0,427525.916667
1740208,IT,GB,BUSIN,HEAVY,0.26,25650.203,4,4,25650.201,0.0,0.0,0.0,0.002,98654.626923
1771326,IT,CH,DAIRY,POSTT,0.1,25647.539,4,4,25647.537,0.0,0.0,0.0,0.002,256475.39
1725036,IT,RO,VEGET,MEATC,0.09,25644.455,3,3,25644.455,0.0,0.0,0.0,0.0,284938.388889
1761214,IT,IN,ADDIT,MEDIC,0.06,25642.759,4,4,25642.757,0.0,0.0,0.0,0.002,427379.316667
1682799,IT,HR,HEAVY,NONME,0.04,25642.233,4,4,25642.231,0.0,0.0,0.0,0.002,641055.825
1648900,IT,BG,TEXTI,COMPU,0.15,25642.147,4,4,25642.144,0.0,0.0,0.0,0.003,170947.646667
1653126,IT,CZ,CHEM1,BIOGA,0.05,25641.731,4,4,25641.728,0.0,0.0,0.0,0.003,512834.62
1710665,IT,LU,VEGE1,MACHI,0.08,25641.472,4,4,25641.466,0.0,0.0,0.0,0.006,320518.4
1664506,IT,EE,MOTO1,RENTI,0.14,25641.114,4,4,25641.112,0.0,0.0,0.0,0.002,183150.814286
1791927,IT,WA,SEACO,BITUM,0.03,25639.453,3,3,25639.453,0.0,0.0,0.0,0.0,854648.433333
1734358,IT,SI,PUBLI,WHOLE,0.42,25638.31,4,4,25638.308,0.0,0.0,0.0,0.002,61043.595238
1658401,IT,DE,FABRI,SUGA1,0.1,25637.619,4,4,25637.617,0.0,0.0,0.0,0.002,256376.19
1662279,IT,DK,BRICK,MACHI,0.04,25637.515,4,4,25637.513,0.0,0.0,0.0,0.002,640937.875
1783987,IT,ID,FOOD5,ANIMA,0.12,25634.368,4,4,25634.366,0.0,0.0,0.0,0.002,213619.733333
1679334,IT,GR,PETRO,HEAVY,0.04,25633.882,4,4,25633.88,0.0,0.0,0.0,0.002,640847.05
1796702,IT,WL,RAILW,RETA1,0.17,25633.219,3,3,25633.219,0.0,0.0,0.0,0.0,150783.641176
1673745,IT,FR,PAPER,ELEC4,0.1,25632.097,4,4,25632.094,0.0,0.0,0.0,0.003,256320.97
1667717,IT,ES,MACHI,PLAS1,0.14,25631.726,4,4,25631.724,0.0,0.0,0.0,0.002,183083.757143
1676788,IT,FR,LANDT,LUBRI,0.17,25631.635,3,3,25631.635,0.0,0.0,0.0,0.0,150774.323529
1784436,IT,ID,BASIC,NONME,0.03,25631.467,4,4,25631.465,0.0,0.0,0.0,0.002,854382.233333
1741506,IT,US,AVIAT,AIRTR,0.06,25629.584,4,4,25629.582,0.0,0.0,0.0,0.002,427159.733333
1746423,IT,JP,RUBBE,COMPU,0.08,25629.507,4,4,25629.505,0.0,0.0,0.0,0.002,320368.8375
1760840,IT,IN,MOTOR,RETA1,0.04,25627.286,4,4,25627.284,0.0,0.0,0.0,0.002,640682.15
1799279,IT,WE,LEATH,CONST,0.18,25627.057,4,4,25627.053,0.0,0.0,0.0,0.004,142372.538889
1663252,IT,DK,SEACO,REFI1,0.03,25627.04,3,3,25627.04,0.0,0.0,0.0,0.0,854234.666667
1785267,IT,ZA,TEXTI,PUBLI,0.15,25625.563,4,4,25625.56,0.0,0.0,0.0,0.003,170837.086667
1653630,IT,CZ,ALUM1,PRINT,0.04,25624.389,4,4,25624.387,0.0,0.0,0.0,0.002,640609.725
1681202,IT,GR,POSTT,REALE,0.42,25624.063,4,4,25624.061,0.0,0.0,0.0,0.002,61009.67381
1660809,IT,DE,COMPU,GLASS,0.29,25623.782,4,4,25623.78,0.0,0.0,0.0,0.002,88357.868966
1665559,IT,ES,LEATH,RUBBE,0.18,25623.119,4,4,25623.115,0.0,0.0,0.0,0.004,142350.661111
1681469,IT,GR,COMPU,HOTEL,0.29,25622.204,4,4,25622.202,0.0,0.0,0.0,0.002,88352.427586
1813805,IT,WM,RAILW,CHEM1,0.17,25621.424,3,3,25621.424,0.0,0.0,0.0,0.0,150714.258824
1687660,IT,HU,AIRTR,ALUM1,0.03,25620.822,3,3,25620.822,0.0,0.0,0.0,0.0,854027.4
1668351,IT,ES,WHOLE,FOOD4,0.22,25620.128,3,3,25620.128,0.0,0.0,0.0,0.0,116455.127273
1656886,IT,DE,HEAVY,FURNI,0.04,25619.728,4,4,25619.726,0.0,0.0,0.0,0.002,640493.2
1720023,IT,PL,ALUM1,PFERT,0.04,25618.119,4,4,25618.117,0.0,0.0,0.0,0.002,640452.975
1688352,IT,IE,DAIRY,BUSIN,0.1,25618.039,4,4,25618.037,0.0,0.0,0.0,0.002,256180.39
1800374,IT,WE,CHEM1,NONF1,0.05,25616.571,4,4,25616.568,0.0,0.0,0.0,0.003,512331.42
1812177,IT,WM,NONME,MEATA,0.05,25615.479,4,4,25615.476,0.0,0.0,0.0,0.003,512309.58
1652299,IT,CZ,BEVER,NFERT,0.11,25613.159,4,4,25613.157,0.0,0.0,0.0,0.002,232846.9
1804685,IT,WF,LIQUE,PRINT,0.04,25613.109,4,4,25613.107,0.0,0.0,0.0,0.002,640327.725
1740631,IT,US,CRUDE,PETRO,0.05,25612.508,4,4,25612.506,0.0,0.0,0.0,0.002,512250.16
1683040,IT,HR,CHEM1,COMPU,0.05,25610.615,4,4,25610.612,0.0,0.0,0.0,0.003,512212.3
1803833,IT,WF,TEXTI,ELECT,0.15,25610.46,4,4,25610.457,0.0,0.0,0.0,0.003,170736.4
1769197,IT,AU,CHEM1,FINAN,0.05,25610.03,4,4,25610.027,0.0,0.0,0.0,0.003,512200.6
1716686,IT,NL,WHOLE,FABRI,0.22,25607.139,3,3,25607.139,0.0,0.0,0.0,0.0,116396.086364
1809434,IT,WM,CHEMI,MEDIC,0.06,25606.208,5,5,25605.206,0.0,0.0,1.0,0.002,426770.133333
1770025,IT,AU,FURNI,POSTT,0.08,25606.101,4,4,25606.099,0.0,0.0,0.0,0.002,320076.2625
1813855,IT,WM,LANDT,BEVER,0.17,25604.732,3,3,25604.732,0.0,0.0,0.0,0.0,150616.070588
1720696,IT,PL,MOTO1,SEWAG,0.14,25604.134,4,4,25604.132,0.0,0.0,0.0,0.002,182886.671429
1671422,IT,FI,FABRI,COPP1,0.1,25604.082,4,4,25604.08,0.0,0.0,0.0,0.002,256040.82
1788857,IT,WA,GASDI,LIQUE,0.04,25603.594,4,4,25603.592,0.0,0.0,0.0,0.002,640089.85
1780674,IT,TW,AUXIL,FURNI,0.47,25603.581,3,3,25603.581,0.0,0.0,0.0,0.0,54475.704255
1767046,IT,RU,FURNI,CRUDE,0.08,25602.467,4,4,25602.465,0.0,0.0,0.0,0.002,320030.8375
1673618,IT,FR,WOODW,STEAM,0.07,25602.113,4,4,25602.111,0.0,0.0,0.0,0.002,365744.471429
1709975,IT,LT,PREC1,FOUND,0.04,25599.209,3,3,25599.209,0.0,0.0,0.0,0.0,639980.225
1802226,IT,WE,RAILW,WHOLE,0.17,25598.765,3,3,25598.765,0.0,0.0,0.0,0.0,150580.970588
1801038,IT,WE,LEAD1,RECRE,0.04,25596.655,4,4,25596.653,0.0,0.0,0.0,0.002,639916.375
1688189,IT,HU,BUSIN,HEALT,0.26,25595.274,4,4,25595.272,0.0,0.0,0.0,0.002,98443.361538
1652986,IT,CZ,PLAST,SUGAR,0.05,25594.835,4,4,25594.832,0.0,0.0,0.0,0.003,511896.7
1795193,IT,WL,GLASS,MEAT1,0.07,25593.237,3,3,25593.237,0.0,0.0,0.0,0.0,365617.671429
1768876,IT,AU,WOODW,CRUDE,0.07,25589.148,4,4,25589.146,0.0,0.0,0.0,0.002,365559.257143
1688877,IT,IE,ALUM1,CHEM1,0.04,25588.693,4,4,25588.691,0.0,0.0,0.0,0.002,639717.325
1683506,IT,HR,ALUM1,RAWMI,0.04,25588.119,4,4,25588.117,0.0,0.0,0.0,0.002,639702.975
1810756,IT,WM,MOTOR,FOOD4,0.04,25587.801,4,4,25587.799,0.0,0.0,0.0,0.002,639695.025
1718009,IT,PL,CHEMI,GASDI,0.06,25587.387,5,5,25586.385,0.0,0.0,1.0,0.002,426456.45
1738462,IT,GB,COPP1,PULP5,0.06,25587.227,3,3,25587.227,0.0,0.0,0.0,0.0,426453.783333
1679615,IT,GR,RUBBE,MEMBE,0.08,25586.914,4,4,25586.912,0.0,0.0,0.0,0.002,319836.425
1656844,IT,DE,GASDI,MEMBE,0.04,25584.124,4,4,25584.122,0.0,0.0,0.0,0.002,639603.1
1651987,IT,CZ,CEREA,HOTEL,0.04,25583.1,3,3,25583.1,0.0,0.0,0.0,0.0,639577.5
1777705,IT,TR,COPP1,SECO9,0.06,25583.059,3,3,25583.059,0.0,0.0,0.0,0.0,426384.316667
1685584,IT,HU,PRINT,CHEM1,0.25,25582.712,4,4,25582.71,0.0,0.0,0.0,0.002,102330.848
1796843,IT,WL,SEACO,LEATH,0.03,25581.287,3,3,25581.287,0.0,0.0,0.0,0.0,852709.566667
1755750,IT,KR,GLASS,COLLE,0.07,25581.124,3,3,25581.124,0.0,0.0,0.0,0.0,365444.628571
1747572,IT,JP,AIRTR,CEMEN,0.03,25579.376,3,3,25579.376,0.0,0.0,0.0,0.0,852645.866667
1746237,IT,JP,CHEM1,BITU1,0.05,25578.831,4,4,25578.828,0.0,0.0,0.0,0.003,511576.62
1774204,IT,CH,RETA1,KEROS,0.27,25577.169,4,4,25577.167,0.0,0.0,0.0,0.002,94730.255556
1713208,IT,MT,LEATH,RENTI,0.18,25577.045,4,4,25577.041,0.0,0.0,0.0,0.004,142094.694444
1670495,IT,FI,BEVER,LEAD1,0.11,25575.524,4,4,25575.522,0.0,0.0,0.0,0.002,232504.763636
1718941,IT,PL,PRINT,DISTR,0.25,25573.456,4,4,25573.454,0.0,0.0,0.0,0.002,102293.824
1642827,IT,AT,OFFIC,RETA1,0.08,25573.137,4,4,25573.135,0.0,0.0,0.0,0.002,319664.2125
1686381,IT,HU,BASIC,VEGE1,0.03,25572.947,4,4,25572.945,0.0,0.0,0.0,0.002,852431.566667
1663207,IT,DK,LANDT,PAPE1,0.16,25571.767,3,3,25571.767,0.0,0.0,0.0,0.0,159823.54375
1722526,IT,PT,BEVER,CROPS,0.11,25570.13,4,4,25570.128,0.0,0.0,0.0,0.002,232455.727273
1657041,IT,DE,PARAF,REFI1,0.04,25569.895,4,4,25569.893,0.0,0.0,0.0,0.002,639247.375
1725481,IT,RO,WEARI,DISTR,0.19,25569.724,4,4,25569.719,0.0,0.0,0.0,0.005,134577.494737
1667566,IT,ES,FABRI,FOODW,0.1,25568.774,4,4,25568.772,0.0,0.0,0.0,0.002,255687.74
1805878,IT,WF,ALUM1,CEMEN,0.04,25568.563,4,4,25568.561,0.0,0.0,0.0,0.002,639214.075
1738719,IT,GB,MACHI,SEACO,0.14,25568.392,4,4,25568.39,0.0,0.0,0.0,0.002,182631.371429
1739399,IT,GB,RAILW,FOOD2,0.17,25567.787,3,3,25567.787,0.0,0.0,0.0,0.0,150398.747059
1672053,IT,FI,AIRTR,POSTT,0.03,25567.06,3,3,25567.06,0.0,0.0,0.0,0.0,852235.333333
1655071,IT,CZ,COMPU,MOTO1,0.29,25566.76,4,4,25566.758,0.0,0.0,0.0,0.002,88161.241379
1673834,IT,FR,PRINT,OFFIC,0.25,25564.648,4,4,25564.646,0.0,0.0,0.0,0.002,102258.592
1746197,IT,JP,CHEM1,POULT,0.05,25563.916,4,4,25563.913,0.0,0.0,0.0,0.003,511278.32
1652054,IT,CZ,FORES,FORES,0.22,25562.624,4,4,25552.624,0.0,10.0,0.0,0.0,116193.745455
1675125,IT,FR,COPP1,KEROS,0.06,25562.276,3,3,25562.276,0.0,0.0,0.0,0.0,426037.933333
1799445,IT,WE,PAPER,LEATH,0.1,25561.838,4,4,25561.835,0.0,0.0,0.0,0.003,255618.38
1681596,IT,GR,BUSIN,MEMBE,0.26,25561.007,4,4,25561.005,0.0,0.0,0.0,0.002,98311.565385
1814568,IT,WM,BUSIN,NAPHT,0.26,25560.367,4,4,25560.365,0.0,0.0,0.0,0.002,98309.103846
1669808,IT,ES,BUSIN,TRAN1,0.26,25560.135,4,4,25560.133,0.0,0.0,0.0,0.002,98308.211538
1766399,IT,RU,BASIC,LEAD1,0.03,25558.247,4,4,25558.245,0.0,0.0,0.0,0.002,851941.566667
1688601,IT,IE,MOTOR,DAIRY,0.04,25556.182,4,4,25556.18,0.0,0.0,0.0,0.002,638904.55
1676057,IT,FR,ELEC7,FOOD5,0.02,25555.943,3,3,25555.943,0.0,0.0,0.0,0.0,1277797.15
1777208,IT,TR,RUBBE,VEGE1,0.08,25555.139,4,4,25555.137,0.0,0.0,0.0,0.002,319439.2375
1789613,IT,WA,RUBBE,SANDC,0.08,25555.002,4,4,25555.0,0.0,0.0,0.0,0.002,319437.525
1803173,IT,WF,OILSE,RECRE,0.02,25553.693,3,3,25553.693,0.0,0.0,0.0,0.0,1277684.65
1744102,IT,US,SUPPO,PFERT,0.18,25553.349,3,3,25553.349,0.0,0.0,0.0,0.0,141963.05
1718643,IT,PL,LEATH,RECRE,0.18,25551.53,4,4,25551.526,0.0,0.0,0.0,0.004,141952.944444
1772912,IT,CH,BASIC,PAPE1,0.03,25549.298,4,4,25549.296,0.0,0.0,0.0,0.002,851643.266667
1777374,IT,TR,CERAM,STONE,0.04,25547.725,3,3,25547.725,0.0,0.0,0.0,0.0,638693.125
1688972,IT,IE,MACHI,STONE,0.14,25547.194,4,4,25547.192,0.0,0.0,0.0,0.002,182479.957143
1680217,IT,GR,TRANS,PLAST,0.15,25546.783,3,3,25546.783,0.0,0.0,0.0,0.0,170311.886667
1715807,IT,NL,RUBBE,SUGA1,0.08,25546.696,4,4,25546.694,0.0,0.0,0.0,0.002,319333.7
1650160,IT,BG,MOTO1,FABRI,0.14,25546.023,4,4,25546.021,0.0,0.0,0.0,0.002,182471.592857
1641180,IT,AT,PRINT,FABRI,0.25,25542.539,4,4,25542.537,0.0,0.0,0.0,0.002,102170.156
1779635,IT,TR,RESEA,CHEMI,0.14,25542.114,4,4,25542.112,0.0,0.0,0.0,0.002,182443.671429
1813541,IT,WM,WHOLE,FISH5,0.22,25541.834,3,3,25541.834,0.0,0.0,0.0,0.0,116099.245455
1731826,IT,SI,PAPER,AUXIL,0.1,25539.145,4,4,25539.142,0.0,0.0,0.0,0.003,255391.45
1727529,IT,RO,AUXIL,93197,0.47,25538.616,3,3,25538.616,0.0,0.0,0.0,0.0,54337.480851
1642351,IT,AT,BASIC,ELEC8,0.03,25538.578,4,4,25538.576,0.0,0.0,0.0,0.002,851285.933333
1755965,IT,KR,PREC1,PAPE1,0.04,25538.434,3,3,25538.434,0.0,0.0,0.0,0.0,638460.85
1718923,IT,PL,PRINT,BASIC,0.25,25536.474,4,4,25536.472,0.0,0.0,0.0,0.002,102145.896
1740846,IT,US,VEGE1,LANDT,0.08,25536.069,4,4,25536.063,0.0,0.0,0.0,0.006,319200.8625
1786513,IT,ZA,TRANS,CHEM1,0.15,25534.884,3,3,25534.884,0.0,0.0,0.0,0.0,170232.56
1807062,IT,WF,SEACO,PIGS9,0.03,25534.753,3,3,25534.753,0.0,0.0,0.0,0.0,851158.433333
1641608,IT,AT,NAPHT,GLASS,0.04,25533.172,4,4,25533.17,0.0,0.0,0.0,0.002,638329.3
1813697,IT,WM,RETA1,SUPPO,0.27,25532.747,4,4,25532.745,0.0,0.0,0.0,0.002,94565.72963
1749417,IT,CN,KEROS,MACHI,0.04,25531.945,4,4,25531.943,0.0,0.0,0.0,0.002,638298.625
1675016,IT,FR,PREC1,TEXT1,0.04,25531.922,3,3,25531.922,0.0,0.0,0.0,0.0,638298.05
1663011,IT,DK,HOTEL,CEMEN,0.19,25531.83,4,4,25531.828,0.0,0.0,0.0,0.002,134378.052632
1729965,IT,SE,CONST,WHOLE,0.14,25531.596,3,3,25531.596,0.0,0.0,0.0,0.0,182368.542857
1806730,IT,WF,WHOLE,FURNI,0.22,25530.709,3,3,25530.709,0.0,0.0,0.0,0.0,116048.677273
1737733,IT,GB,HEAVY,MEATA,0.04,25529.926,4,4,25529.924,0.0,0.0,0.0,0.002,638248.15
1725042,IT,RO,VEGET,PROCE,0.09,25529.596,3,3,25529.596,0.0,0.0,0.0,0.0,283662.177778
1647099,IT,BE,HOTEL,BASIC,0.19,25528.574,4,4,25528.572,0.0,0.0,0.0,0.002,134360.915789
1663550,IT,DK,COMPU,RETA1,0.29,25528.45,4,4,25528.448,0.0,0.0,0.0,0.002,88029.137931
1732376,IT,SI,PLAST,SANDC,0.05,25527.166,4,4,25527.163,0.0,0.0,0.0,0.003,510543.32
1710803,IT,LU,PULP5,AUXIL,0.08,25527.069,4,4,25527.067,0.0,0.0,0.0,0.002,319088.3625
1783935,IT,ID,STONE,CERAM,0.08,25526.493,4,4,25525.493,0.0,0.0,1.0,0.0,319081.1625
1765265,IT,RU,VEGE1,MEATP,0.08,25525.483,4,4,25525.477,0.0,0.0,0.0,0.006,319068.5375
1803106,IT,WF,VEGET,NONFE,0.09,25524.411,3,3,25524.411,0.0,0.0,0.0,0.0,283604.566667
1753396,IT,CA,COPP1,MACHI,0.06,25522.744,3,3,25522.744,0.0,0.0,0.0,0.0,425379.066667
1753077,IT,CA,RUBBE,NATUR,0.08,25521.885,4,4,25521.883,0.0,0.0,0.0,0.002,319023.5625
1765723,IT,RU,PAPER,EDUCA,0.1,25521.81,4,4,25521.807,0.0,0.0,0.0,0.003,255218.1
1720433,IT,PL,MACHI,NFERT,0.14,25521.176,4,4,25521.174,0.0,0.0,0.0,0.002,182294.114286
1661452,IT,DK,DAIRY,SUPPO,0.1,25517.574,4,4,25517.572,0.0,0.0,0.0,0.002,255175.74
1738463,IT,GB,COPP1,PAPER,0.06,25516.603,3,3,25516.603,0.0,0.0,0.0,0.0,425276.716667
1728643,IT,SE,PRINT,RUBBE,0.24,25516.226,4,4,25516.224,0.0,0.0,0.0,0.002,106317.608333
1785802,IT,ZA,CHEM1,SUGA1,0.05,25515.483,4,4,25515.48,0.0,0.0,0.0,0.003,510309.66
1729911,IT,SE,FURNI,PRINT,0.08,25514.823,4,4,25514.821,0.0,0.0,0.0,0.002,318935.2875
1778210,IT,TR,FURNI,MACHI,0.08,25514.324,4,4,25514.322,0.0,0.0,0.0,0.002,318929.05
1781321,IT,NO,VEGE1,OFFIC,0.08,25513.991,4,4,25513.985,0.0,0.0,0.0,0.006,318924.8875
1660174,IT,DE,SUPPO,MOTO1,0.18,25513.827,3,3,25513.827,0.0,0.0,0.0,0.0,141743.483333
1714866,IT,NL,FOOD5,FOOD2,0.12,25513.419,4,4,25513.417,0.0,0.0,0.0,0.002,212611.825
1713633,IT,MT,PREC1,REALE,0.04,25512.3,3,3,25512.3,0.0,0.0,0.0,0.0,637807.5
1747178,IT,JP,CONST,ELEC4,0.14,25511.174,3,3,25511.174,0.0,0.0,0.0,0.0,182222.671429
1735189,IT,SK,RUBBE,ALUM1,0.08,25509.996,4,4,25509.994,0.0,0.0,0.0,0.002,318874.95
1732673,IT,SI,CERAM,RUBBE,0.04,25509.595,3,3,25509.595,0.0,0.0,0.0,0.0,637739.875
1669190,IT,ES,POSTT,ELEC5,0.42,25508.263,4,4,25508.261,0.0,0.0,0.0,0.002,60733.959524
1737715,IT,GB,KEROS,RENTI,0.04,25505.3,4,4,25505.298,0.0,0.0,0.0,0.002,637632.5
1716160,IT,NL,PREC1,FOOD3,0.04,25503.411,3,3,25503.411,0.0,0.0,0.0,0.0,637585.275
1685780,IT,HU,PLAST,NONME,0.05,25501.969,4,4,25501.966,0.0,0.0,0.0,0.003,510039.38
1734620,IT,SK,TEXTI,LEATH,0.15,25501.338,4,4,25501.335,0.0,0.0,0.0,0.003,170008.92
1756619,IT,KR,RAILW,HOTEL,0.17,25499.575,3,3,25499.575,0.0,0.0,0.0,0.0,149997.5
1645301,IT,BE,KEROS,RUBBE,0.04,25497.457,4,4,25497.455,0.0,0.0,0.0,0.002,637436.425
1669426,IT,ES,INSUR,COLLE,0.53,25495.269,3,3,25495.269,0.0,0.0,0.0,0.0,48104.281132
1709928,IT,LT,BASIC,LEAD1,0.03,25495.093,4,4,25495.091,0.0,0.0,0.0,0.002,849836.433333
1729120,IT,SE,GLASS,FISHF,0.07,25493.169,3,3,25493.169,0.0,0.0,0.0,0.0,364188.128571
1804504,IT,WF,GASDI,BASIC,0.04,25492.53,4,4,25492.528,0.0,0.0,0.0,0.002,637313.25
1686007,IT,HU,BIODI,MACHI,0.05,25491.152,4,4,25491.149,0.0,0.0,0.0,0.003,509823.04
1669143,IT,ES,POSTT,PAPER,0.42,25488.458,4,4,25488.456,0.0,0.0,0.0,0.002,60686.804762
1810811,IT,WM,KEROS,KEROS,0.04,25488.134,4,4,25488.132,0.0,0.0,0.0,0.002,637203.35
1744609,IT,US,RENTI,ELEC4,0.15,25486.955,3,3,25486.955,0.0,0.0,0.0,0.0,169913.033333
1757948,IT,BR,ADDIT,NAPHT,0.06,25485.249,4,4,25485.247,0.0,0.0,0.0,0.002,424754.15
1732600,IT,SI,GLASS,FISH5,0.07,25483.349,3,3,25483.349,0.0,0.0,0.0,0.0,364047.842857
1752557,IT,CA,BEVER,FISH5,0.11,25482.624,4,4,25482.622,0.0,0.0,0.0,0.002,231660.218182
1670831,IT,FI,NAPHT,GASDI,0.04,25481.894,4,4,25481.892,0.0,0.0,0.0,0.002,637047.35
1657537,IT,DE,GLASS,SUGA1,0.07,25481.257,3,3,25481.257,0.0,0.0,0.0,0.0,364017.957143
1727505,IT,RO,AUXIL,HOTEL,0.47,25480.784,3,3,25480.784,0.0,0.0,0.0,0.0,54214.434043
1710425,IT,LT,LANDT,RAWMI,0.16,25478.353,3,3,25478.353,0.0,0.0,0.0,0.0,159239.70625
1794949,IT,WL,CHEM1,ADDIT,0.05,25475.879,4,4,25475.876,0.0,0.0,0.0,0.003,509517.58
1722345,IT,PT,FORES,RETA1,0.22,25474.256,4,4,25464.256,0.0,10.0,0.0,0.0,115792.072727
1641069,IT,AT,PAPER,WEARI,0.1,25473.894,4,4,25473.891,0.0,0.0,0.0,0.003,254738.94
1687492,IT,HU,LANDT,NATUR,0.16,25473.351,3,3,25473.351,0.0,0.0,0.0,0.0,159208.44375
1684987,IT,HU,VEGE1,MEAT4,0.08,25471.701,4,4,25471.695,0.0,0.0,0.0,0.006,318396.2625
1799783,IT,WE,KERO1,MEATC,0.04,25471.129,4,4,25471.127,0.0,0.0,0.0,0.002,636778.225
1641515,IT,AT,HEAVY,LEATH,0.04,25470.952,4,4,25470.95,0.0,0.0,0.0,0.002,636773.8
1655617,IT,DE,SANDC,STEAM,0.06,25469.532,4,4,25463.532,0.0,0.0,6.0,0.0,424492.2
1716835,IT,NL,HOTEL,FISH5,0.18,25468.784,4,4,25468.782,0.0,0.0,0.0,0.002,141493.244444
1769569,IT,AU,LEAD1,LEAD1,0.04,25466.988,4,4,25466.986,0.0,0.0,0.0,0.002,636674.7
1790465,IT,WA,COPP1,MEAT1,0.06,25466.483,3,3,25466.483,0.0,0.0,0.0,0.0,424441.383333
1716731,IT,NL,RETA1,FISHF,0.27,25466.019,4,4,25466.017,0.0,0.0,0.0,0.002,94318.588889
1712618,IT,LV,OFFIC,SUPPO,0.08,25463.363,4,4,25463.361,0.0,0.0,0.0,0.002,318292.0375
1709541,IT,LT,WOODW,GASDI,0.07,25463.175,4,4,25463.173,0.0,0.0,0.0,0.002,363759.642857
1761889,IT,IN,TRANS,BUSIN,0.15,25462.747,3,3,25462.747,0.0,0.0,0.0,0.0,169751.646667
1744114,IT,US,SUPPO,ALUM1,0.18,25462.198,3,3,25462.198,0.0,0.0,0.0,0.0,141456.655556
1746275,IT,JP,CHEM1,TRAN1,0.05,25462.169,4,4,25462.166,0.0,0.0,0.0,0.003,509243.38
1674188,IT,FR,LIQUE,KEROS,0.04,25461.589,4,4,25461.587,0.0,0.0,0.0,0.002,636539.725
1666514,IT,ES,PLAST,SALEM,0.05,25459.054,4,4,25459.051,0.0,0.0,0.0,0.003,509181.08
1653731,IT,CZ,COPP1,LUBRI,0.06,25454.7,3,3,25454.7,0.0,0.0,0.0,0.0,424245.0
1675286,IT,FR,FABRI,RETAI,0.1,25453.963,4,4,25453.961,0.0,0.0,0.0,0.002,254539.63
1792375,IT,WA,FINAN,HEALT,0.33,25453.814,3,3,25453.814,0.0,0.0,0.0,0.0,77132.769697
1714636,IT,NL,MEATC,RECRE,0.08,25452.599,4,4,25452.597,0.0,0.0,0.0,0.002,318157.4875
1679654,IT,GR,GLASS,MEDIC,0.07,25452.307,3,3,25452.307,0.0,0.0,0.0,0.0,363604.385714
1744053,IT,US,AIRTR,PAPE1,0.03,25452.124,3,3,25452.124,0.0,0.0,0.0,0.0,848404.133333
1718251,IT,PL,FOOD5,ANIMA,0.12,25450.848,4,4,25450.846,0.0,0.0,0.0,0.002,212090.4
1813853,IT,WM,LANDT,PROCE,0.16,25450.78,3,3,25450.78,0.0,0.0,0.0,0.0,159067.375
1790986,IT,WA,MOTO1,GLASS,0.14,25450.365,4,4,25450.363,0.0,0.0,0.0,0.002,181788.321429
1787523,IT,WA,CHEMI,MOTOR,0.06,25448.562,5,5,25447.56,0.0,0.0,1.0,0.002,424142.7
1723434,IT,PT,PREC1,PLAST,0.04,25446.271,3,3,25446.271,0.0,0.0,0.0,0.0,636156.775
1673884,IT,FR,PRINT,93197,0.24,25444.567,4,4,25444.565,0.0,0.0,0.0,0.002,106019.029167
1652929,IT,CZ,GASDI,SUPPO,0.04,25442.258,4,4,25442.256,0.0,0.0,0.0,0.002,636056.45
1756696,IT,KR,SEACO,LEAD1,0.03,25441.363,3,3,25441.363,0.0,0.0,0.0,0.0,848045.433333
1669792,IT,ES,BUSIN,ELECT,0.26,25439.593,4,4,25439.591,0.0,0.0,0.0,0.002,97844.588462
1761186,IT,IN,ADDIT,WOODW,0.06,25437.75,4,4,25437.748,0.0,0.0,0.0,0.002,423962.5
1640726,IT,AT,TEXTI,LEATH,0.15,25437.493,4,4,25437.49,0.0,0.0,0.0,0.003,169583.286667
1643938,IT,AT,COMPU,KEROS,0.29,25436.456,4,4,25436.454,0.0,0.0,0.0,0.002,87711.917241
1752196,IT,CN,PUBLI,FURNI,0.42,25436.153,4,4,25436.151,0.0,0.0,0.0,0.002,60562.269048
1789230,IT,WA,PLAST,ELEC5,0.05,25435.793,4,4,25435.79,0.0,0.0,0.0,0.003,508715.86
1714134,IT,MT,AIRTR,FURNI,0.03,25434.844,3,3,25434.844,0.0,0.0,0.0,0.0,847828.133333
1814159,IT,WM,AIRTR,FOOD3,0.03,25434.353,3,3,25434.353,0.0,0.0,0.0,0.0,847811.766667
1668428,IT,ES,RETA1,DISTR,0.27,25432.79,4,4,25432.788,0.0,0.0,0.0,0.002,94195.518519
1671493,IT,FI,MACHI,GLASS,0.14,25431.63,4,4,25431.628,0.0,0.0,0.0,0.002,181654.5
1734560,IT,SK,FOOD5,HOTEL,0.12,25430.501,4,4,25430.499,0.0,0.0,0.0,0.002,211920.841667
1750120,IT,CN,PREC1,WEARI,0.04,25430.133,3,3,25430.133,0.0,0.0,0.0,0.0,635753.325
1671055,IT,FI,RUBBE,LEAD1,0.08,25429.959,4,4,25429.957,0.0,0.0,0.0,0.002,317874.4875
1724862,IT,PT,BUSIN,HEAVY,0.26,25428.88,4,4,25428.878,0.0,0.0,0.0,0.002,97803.384615
1715720,IT,NL,PLAST,ALUM1,0.05,25428.516,4,4,25428.513,0.0,0.0,0.0,0.003,508570.32
1648946,IT,BG,WEARI,WHOLE,0.19,25425.156,4,4,25425.151,0.0,0.0,0.0,0.005,133816.610526
1776706,IT,TR,HEAVY,INLAN,0.04,25425.006,4,4,25425.004,0.0,0.0,0.0,0.002,635625.15
1676450,IT,FR,RETA1,DAIRY,0.27,25424.956,4,4,25424.954,0.0,0.0,0.0,0.002,94166.503704
1788162,IT,WA,WEARI,MOTO1,0.19,25421.175,4,4,25421.17,0.0,0.0,0.0,0.005,133795.657895
1739785,IT,GB,POSTT,TRANS,0.42,25420.989,4,4,25420.987,0.0,0.0,0.0,0.002,60526.164286
1719224,IT,PL,CHEM1,CRUDE,0.05,25419.966,4,4,25419.963,0.0,0.0,0.0,0.003,508399.32
1645268,IT,BE,MOTOR,REFI1,0.04,25419.348,4,4,25419.346,0.0,0.0,0.0,0.002,635483.7
1662887,IT,DK,WHOLE,MOTO1,0.22,25418.315,3,3,25418.315,0.0,0.0,0.0,0.0,115537.795455
1785841,IT,ZA,CHEM1,COLLE,0.05,25418.1,4,4,25418.097,0.0,0.0,0.0,0.003,508362.0
1776656,IT,TR,HEAVY,CRUDE,0.04,25417.831,4,4,25417.829,0.0,0.0,0.0,0.002,635445.775
1779225,IT,TR,POSTT,INSUR,0.42,25417.191,4,4,25417.189,0.0,0.0,0.0,0.002,60517.121429
1726142,IT,RO,RUBBE,PAPE4,0.08,25416.493,4,4,25416.491,0.0,0.0,0.0,0.002,317706.1625
1765787,IT,RU,MOTOR,LUBRI,0.04,25415.919,4,4,25415.917,0.0,0.0,0.0,0.002,635397.975
1723418,IT,PT,BASIC,COMPU,0.03,25415.788,4,4,25415.786,0.0,0.0,0.0,0.002,847192.933333
1763403,IT,MX,PRINT,MEMBE,0.24,25414.169,4,4,25414.167,0.0,0.0,0.0,0.002,105892.370833
1779726,IT,TR,BUSIN,TOBAC,0.26,25411.968,4,4,25411.966,0.0,0.0,0.0,0.002,97738.338462
1642241,IT,AT,NONME,PULP5,0.05,25411.361,4,4,25411.358,0.0,0.0,0.0,0.003,508227.22
1813537,IT,WM,WHOLE,DAIRY,0.22,25411.35,3,3,25411.35,0.0,0.0,0.0,0.0,115506.136364
1777587,IT,TR,ALUM1,TOBAC,0.04,25410.649,4,4,25410.647,0.0,0.0,0.0,0.002,635266.225
1683756,IT,HR,MACHI,COLLE,0.14,25410.149,4,4,25410.147,0.0,0.0,0.0,0.002,181501.064286
1681690,IT,HR,MEATA,PAPE4,0.14,25409.902,4,4,25409.898,0.0,0.0,0.0,0.004,181499.3
1665629,IT,ES,WOODW,BRICK,0.07,25408.361,4,4,25408.359,0.0,0.0,0.0,0.002,362976.585714
1664901,IT,ES,CRUDE,REFI1,0.05,25407.285,4,4,25407.283,0.0,0.0,0.0,0.002,508145.7
1735621,IT,SK,COPP1,OFFIC,0.06,25405.245,3,3,25405.245,0.0,0.0,0.0,0.0,423420.75
1677305,IT,FR,FINAN,DIST1,0.33,25404.243,3,3,25404.243,0.0,0.0,0.0,0.0,76982.554545
1659937,IT,DE,TRAN2,RETA1,0.04,25404.215,3,3,25404.215,0.0,0.0,0.0,0.0,635105.375
1711115,IT,LU,LEAD1,RETAI,0.04,25403.883,4,4,25403.881,0.0,0.0,0.0,0.002,635097.075
1676867,IT,FR,LANDT,WASTE,0.16,25403.753,3,3,25403.753,0.0,0.0,0.0,0.0,158773.45625
1769091,IT,AU,PLAST,FURNI,0.05,25403.131,4,4,25403.128,0.0,0.0,0.0,0.003,508062.62
1782557,IT,NO,MOTO1,RENTI,0.14,25402.366,4,4,25402.364,0.0,0.0,0.0,0.002,181445.471429
1770639,IT,AU,FINAN,CONST,0.33,25401.806,3,3,25401.806,0.0,0.0,0.0,0.0,76975.169697
1674349,IT,FR,CHEM1,COKEO,0.05,25401.751,4,4,25401.748,0.0,0.0,0.0,0.003,508035.02
1727669,IT,RO,RENTI,FINAN,0.15,25400.071,3,3,25400.071,0.0,0.0,0.0,0.0,169333.806667
1714095,IT,MT,SEACO,NONME,0.03,25398.791,3,3,25398.791,0.0,0.0,0.0,0.0,846626.366667
1789927,IT,WA,CEMEN,NAPHT,0.04,25398.249,3,3,25398.249,0.0,0.0,0.0,0.0,634956.225
1799617,IT,WE,MOTOR,STONE,0.04,25397.365,4,4,25397.363,0.0,0.0,0.0,0.002,634934.125
1798630,IT,WE,MEAT4,TOBAC,0.14,25395.865,4,4,25395.863,0.0,0.0,0.0,0.002,181399.035714
1663515,IT,DK,RENTI,PUBLI,0.15,25395.767,3,3,25395.767,0.0,0.0,0.0,0.0,169305.113333
1683276,IT,HR,BRICK,FABRI,0.04,25395.59,4,4,25395.588,0.0,0.0,0.0,0.002,634889.75
1773170,IT,CH,FABRI,CROPS,0.1,25395.498,4,4,25395.496,0.0,0.0,0.0,0.002,253954.98
1724025,IT,PT,RETAI,REALE,0.2,25392.611,4,4,25392.609,0.0,0.0,0.0,0.002,126963.055
1790289,IT,WA,ALUM1,STONE,0.04,25391.756,4,4,25391.754,0.0,0.0,0.0,0.002,634793.9
1686167,IT,HU,GLASS,SANDC,0.07,25390.866,3,3,25390.866,0.0,0.0,0.0,0.0,362726.657143
1650218,IT,BG,FURNI,HYDRO,0.08,25390.767,4,4,25390.765,0.0,0.0,0.0,0.002,317384.5875
1674143,IT,FR,HEAVY,FABRI,0.04,25390.54,4,4,25390.538,0.0,0.0,0.0,0.002,634763.5
1678832,IT,GR,BEVER,STEAM,0.11,25390.234,4,4,25390.232,0.0,0.0,0.0,0.002,230820.309091
1716498,IT,NL,OFFIC,AIRTR,0.08,25389.9,4,4,25389.898,0.0,0.0,0.0,0.002,317373.75
1669639,IT,ES,RENTI,PUBLI,0.15,25389.809,3,3,25389.809,0.0,0.0,0.0,0.0,169265.393333
1741340,IT,US,PAPER,FOOD3,0.1,25387.835,4,4,25387.832,0.0,0.0,0.0,0.003,253878.35
1764298,IT,MX,MACHI,FOOD3,0.14,25387.793,4,4,25387.791,0.0,0.0,0.0,0.002,181341.378571
1690035,IT,IE,REALE,RECRE,1.07,25386.42,4,4,25386.418,0.0,0.0,0.0,0.002,23725.626168
1751525,IT,CN,SUPPO,RETA1,0.18,25386.181,3,3,25386.181,0.0,0.0,0.0,0.0,141034.338889
1790285,IT,WA,ALUM1,ALUMI,0.04,25386.165,4,4,25386.163,0.0,0.0,0.0,0.002,634654.125
1762402,IT,IN,POSTT,RADIO,0.42,25386.132,4,4,25386.13,0.0,0.0,0.0,0.002,60443.171429
1729728,IT,SE,MACHI,FISH5,0.14,25385.874,4,4,25385.872,0.0,0.0,0.0,0.002,181327.671429
1764558,IT,MX,WHOLE,MEATC,0.22,25385.676,3,3,25385.676,0.0,0.0,0.0,0.0,115389.436364
1794493,IT,WL,GASDI,RETAI,0.04,25382.923,4,4,25382.921,0.0,0.0,0.0,0.002,634573.075
1666277,IT,ES,HEAVY,FOOD2,0.04,25379.552,4,4,25379.55,0.0,0.0,0.0,0.002,634488.8
1720247,IT,PL,FABRI,CATTL,0.1,25378.128,4,4,25378.126,0.0,0.0,0.0,0.002,253781.28
1653769,IT,CZ,COPP1,BIOG1,0.06,25377.791,3,3,25377.791,0.0,0.0,0.0,0.0,422963.183333
1777821,IT,TR,FABRI,NONF1,0.1,25377.289,4,4,25377.287,0.0,0.0,0.0,0.002,253772.89
1674583,IT,FR,RUBBE,BIOG1,0.08,25376.441,4,4,25376.439,0.0,0.0,0.0,0.002,317205.5125
1670572,IT,FI,TEXTI,WHOLE,0.15,25375.39,4,4,25375.387,0.0,0.0,0.0,0.003,169169.266667
1750199,IT,CN,ALUM1,SALEM,0.04,25374.747,4,4,25374.745,0.0,0.0,0.0,0.002,634368.675
1640720,IT,AT,TEXTI,SANDC,0.15,25373.702,4,4,25373.699,0.0,0.0,0.0,0.003,169158.013333
1796596,IT,WL,HOTEL,TEXTI,0.18,25372.963,4,4,25372.961,0.0,0.0,0.0,0.002,140960.905556
1680018,IT,GR,MACHI,WOODW,0.14,25372.37,4,4,25372.368,0.0,0.0,0.0,0.002,181231.214286
1682071,IT,HR,FISH5,BUSIN,0.11,25372.202,4,4,25372.189,0.0,0.0,0.0,0.013,230656.381818
1678711,IT,GR,DAIRY,BEVER,0.1,25371.723,4,4,25371.721,0.0,0.0,0.0,0.002,253717.23
1807830,IT,WF,FOODW,93197,0.19,25370.423,4,4,25370.421,0.0,0.0,0.0,0.002,133528.542105
1797488,IT,WL,BUSIN,NATUR,0.26,25370.162,4,4,25370.16,0.0,0.0,0.0,0.002,97577.546154
1716059,IT,NL,BASIC,PIGS9,0.03,25369.408,4,4,25369.406,0.0,0.0,0.0,0.002,845646.933333
1743405,IT,US,SALEM,HEALT,0.2,25368.725,4,4,25368.723,0.0,0.0,0.0,0.002,126843.625
1712249,IT,LV,PAPER,RECRE,0.1,25367.691,4,4,25367.688,0.0,0.0,0.0,0.003,253676.91
1746510,IT,JP,CERAM,EDUCA,0.04,25367.329,3,3,25367.329,0.0,0.0,0.0,0.0,634183.225
1777835,IT,TR,FABRI,ELEC4,0.1,25367.149,4,4,25367.147,0.0,0.0,0.0,0.002,253671.49
1807938,IT,WF,PLAS1,PRINT,0.09,25365.128,4,4,25365.126,0.0,0.0,0.0,0.002,281834.755556
1785714,IT,ZA,NAPHT,MACHI,0.04,25363.944,4,4,25363.942,0.0,0.0,0.0,0.002,634098.6
1687359,IT,HU,HOTEL,FOOD5,0.18,25363.369,4,4,25363.367,0.0,0.0,0.0,0.002,140907.605556
1783320,IT,NO,PAPE1,NONF1,0.18,25362.023,4,4,25362.021,0.0,0.0,0.0,0.002,140900.127778
1710762,IT,LU,FISH5,RECRE,0.11,25361.911,4,4,25361.898,0.0,0.0,0.0,0.013,230562.827273
1781669,IT,NO,LEATH,SEACO,0.18,25360.077,4,4,25360.073,0.0,0.0,0.0,0.004,140889.316667
1777557,IT,TR,PREC1,CERAM,0.04,25359.613,3,3,25359.613,0.0,0.0,0.0,0.0,633990.325
1733271,IT,SI,MACHI,INERT,0.14,25357.491,4,4,25357.489,0.0,0.0,0.0,0.002,181124.935714
1666057,IT,ES,KERO1,NAPHT,0.04,25355.932,4,4,25355.93,0.0,0.0,0.0,0.002,633898.3
1807787,IT,WF,FOODW,CRUDE,0.19,25353.585,4,4,25353.583,0.0,0.0,0.0,0.002,133439.921053
1671228,IT,FI,BASIC,SUGA1,0.03,25348.537,4,4,25348.535,0.0,0.0,0.0,0.002,844951.233333
1662762,IT,DK,OFFIC,HEALT,0.08,25348.023,4,4,25348.021,0.0,0.0,0.0,0.002,316850.2875
1653343,IT,CZ,GLASS,BASIC,0.07,25346.703,3,3,25346.703,0.0,0.0,0.0,0.0,362095.757143
1655348,IT,DE,VEGET,EDUCA,0.09,25346.229,3,3,25346.229,0.0,0.0,0.0,0.0,281624.766667
1646042,IT,BE,NONME,INTER,0.05,25344.318,4,4,25344.315,0.0,0.0,0.0,0.003,506886.36
1653879,IT,CZ,FABRI,NONF1,0.1,25343.771,4,4,25343.769,0.0,0.0,0.0,0.002,253437.71
1750415,IT,CN,FABRI,FINAN,0.1,25340.308,4,4,25340.306,0.0,0.0,0.0,0.002,253403.08
1725437,IT,RO,TEXTI,INERT,0.15,25337.047,4,4,25337.044,0.0,0.0,0.0,0.003,168913.646667
1655057,IT,CZ,COMPU,PRINT,0.29,25336.287,4,4,25336.285,0.0,0.0,0.0,0.002,87366.506897
1739828,IT,GB,FINAN,FOOD5,0.33,25336.053,3,3,25336.053,0.0,0.0,0.0,0.0,76775.918182
1785892,IT,ZA,ADDIT,MOTO1,0.06,25335.667,4,4,25335.665,0.0,0.0,0.0,0.002,422261.116667
1782157,IT,NO,NONME,CERAM,0.05,25335.268,4,4,25335.265,0.0,0.0,0.0,0.003,506705.36
1752107,IT,CN,BUSIN,PREC1,0.26,25334.993,4,4,25334.991,0.0,0.0,0.0,0.002,97442.280769
1686733,IT,HU,COPP1,RETA1,0.06,25334.808,3,3,25334.808,0.0,0.0,0.0,0.0,422246.8
1762660,IT,IN,COMPU,REALE,0.29,25334.627,4,4,25334.625,0.0,0.0,0.0,0.002,87360.782759
1649739,IT,BG,BASIC,MOTOR,0.03,25334.519,4,4,25334.517,0.0,0.0,0.0,0.002,844483.966667
1763197,IT,MX,LEATH,BUSIN,0.18,25334.176,4,4,25334.172,0.0,0.0,0.0,0.004,140745.422222
1781379,IT,NO,DAIRY,RESEA,0.1,25332.35,4,4,25332.348,0.0,0.0,0.0,0.002,253323.5
1772017,IT,CH,PRINT,BEVER,0.24,25331.762,4,4,25331.76,0.0,0.0,0.0,0.002,105549.008333
1710271,IT,LT,MOTO1,WHOLE,0.13,25329.931,4,4,25329.929,0.0,0.0,0.0,0.002,194845.623077
1767496,IT,RU,SEACO,ALUM1,0.03,25328.813,3,3,25328.813,0.0,0.0,0.0,0.0,844293.766667
1658692,IT,DE,OFFIC,ADDIT,0.08,25328.288,4,4,25328.286,0.0,0.0,0.0,0.002,316603.6
1718257,IT,PL,FOOD5,COPPE,0.12,25324.719,4,4,25324.717,0.0,0.0,0.0,0.002,211039.325
1810468,IT,WM,PULP5,BUSIN,0.08,25322.152,4,4,25322.15,0.0,0.0,0.0,0.002,316526.9
1758424,IT,BR,FABRI,DISTR,0.1,25321.317,4,4,25321.315,0.0,0.0,0.0,0.002,253213.17
1736518,IT,SK,AIRTR,RAILW,0.03,25321.309,3,3,25321.309,0.0,0.0,0.0,0.0,844043.633333
1808996,IT,WM,VEGET,PULP5,0.09,25321.235,3,3,25321.235,0.0,0.0,0.0,0.0,281347.055556
1802898,IT,WE,RECRE,BUSIN,0.32,25320.829,4,4,25320.827,0.0,0.0,0.0,0.002,79127.590625
1676334,IT,FR,RETAI,POSTT,0.2,25318.587,4,4,25318.585,0.0,0.0,0.0,0.002,126592.935
1776792,IT,TR,NAPHT,GASDI,0.04,25315.902,4,4,25315.9,0.0,0.0,0.0,0.002,632897.55
1732341,IT,SI,NAPHT,SUPPO,0.04,25315.126,4,4,25315.124,0.0,0.0,0.0,0.002,632878.15
1814864,IT,WM,RECRE,PUBLI,0.32,25314.41,4,4,25314.408,0.0,0.0,0.0,0.002,79107.53125
1663206,IT,DK,LANDT,FOODW,0.16,25313.37,3,3,25313.37,0.0,0.0,0.0,0.0,158208.5625
1750061,IT,CN,BASIC,MOTOR,0.03,25312.26,4,4,25312.258,0.0,0.0,0.0,0.002,843742.0
1778191,IT,TR,FURNI,MOTOR,0.08,25311.265,4,4,25311.263,0.0,0.0,0.0,0.002,316390.8125
1729056,IT,SE,RUBBE,ALUM1,0.08,25310.451,4,4,25310.449,0.0,0.0,0.0,0.002,316380.6375
1785393,IT,ZA,PAPER,TEXTI,0.1,25310.259,4,4,25310.257,0.0,0.0,0.0,0.002,253102.59
1718996,IT,PL,MOTOR,RAILW,0.04,25309.613,4,4,25309.611,0.0,0.0,0.0,0.002,632740.325
1776153,IT,TR,LEATH,SECO9,0.18,25306.685,4,4,25306.681,0.0,0.0,0.0,0.004,140592.694444
1666810,IT,ES,RUBBE,PLAS1,0.08,25306.354,4,4,25306.352,0.0,0.0,0.0,0.002,316329.425
1740676,IT,US,SANDC,BITUM,0.06,25305.834,4,4,25299.834,0.0,0.0,6.0,0.0,421763.9
1757182,IT,BR,MEATP,PROCE,0.1,25303.39,4,4,25303.387,0.0,0.0,0.0,0.003,253033.9
1644844,IT,BE,TEXTI,PLAS1,0.15,25301.788,4,4,25301.785,0.0,0.0,0.0,0.003,168678.586667
1792622,IT,WA,COMPU,HEALT,0.29,25300.984,4,4,25300.982,0.0,0.0,0.0,0.002,87244.772414
1787376,IT,WA,FORES,ANIMA,0.22,25300.681,4,4,25290.681,0.0,10.0,0.0,0.0,115003.095455
1791172,IT,WA,FURNI,COPPE,0.08,25299.035,4,4,25299.033,0.0,0.0,0.0,0.002,316237.9375
1650225,IT,BG,FURNI,WEARI,0.08,25298.571,4,4,25298.569,0.0,0.0,0.0,0.002,316232.1375
1655812,IT,DE,VEGE1,LEATH,0.08,25298.13,4,4,25298.124,0.0,0.0,0.0,0.006,316226.625
1733871,IT,SI,SEACO,CEMEN,0.03,25297.931,3,3,25297.931,0.0,0.0,0.0,0.0,843264.366667
1806635,IT,WF,SALEM,POSTT,0.2,25297.851,4,4,25297.849,0.0,0.0,0.0,0.002,126489.255
1800253,IT,WE,PLAST,ALUM1,0.05,25297.015,4,4,25297.012,0.0,0.0,0.0,0.003,505940.3
1774656,IT,CH,AIRTR,MOTO1,0.03,25295.962,3,3,25295.962,0.0,0.0,0.0,0.0,843198.733333
1778623,IT,TR,HOTEL,PAPER,0.18,25295.714,4,4,25295.712,0.0,0.0,0.0,0.002,140531.744444
1678839,IT,GR,BEVER,SUPPO,0.11,25294.453,4,4,25294.451,0.0,0.0,0.0,0.002,229949.572727
1787120,IT,ZA,BUSIN,SUPPO,0.26,25293.94,4,4,25293.938,0.0,0.0,0.0,0.002,97284.384615
1665973,IT,ES,MOTOR,FOUND,0.04,25293.367,4,4,25293.365,0.0,0.0,0.0,0.002,632334.175
1659239,IT,DE,SALEM,PLAST,0.2,25291.981,4,4,25291.979,0.0,0.0,0.0,0.002,126459.905
1644991,IT,BE,WOODW,COMPU,0.07,25291.885,4,4,25291.883,0.0,0.0,0.0,0.002,361312.642857
1656811,IT,DE,GASDI,FABRI,0.04,25291.001,4,4,25290.999,0.0,0.0,0.0,0.002,632275.025
1656722,IT,DE,MOTOR,ELEC8,0.04,25290.971,4,4,25290.969,0.0,0.0,0.0,0.002,632274.275
1756533,IT,KR,WHOLE,SUPPO,0.22,25288.91,3,3,25288.91,0.0,0.0,0.0,0.0,114949.590909
1794638,IT,WL,LIQUE,RESEA,0.04,25288.807,4,4,25288.805,0.0,0.0,0.0,0.002,632220.175
1776185,IT,TR,LEATH,FOOD4,0.18,25286.248,4,4,25286.244,0.0,0.0,0.0,0.004,140479.155556
1760288,IT,IN,WOOLS,COLLE,0.1,25286.066,4,4,25286.064,0.0,0.0,0.0,0.002,252860.66
1681447,IT,GR,RENTI,RECRE,0.15,25285.777,3,3,25285.777,0.0,0.0,0.0,0.0,168571.846667
1673835,IT,FR,PRINT,ELECT,0.24,25285.203,4,4,25285.201,0.0,0.0,0.0,0.002,105355.0125
1721798,IT,PL,AUXIL,FINAN,0.46,25283.153,3,3,25283.153,0.0,0.0,0.0,0.0,54963.376087
1746471,IT,JP,GLASS,EDUCA,0.07,25282.186,3,3,25282.186,0.0,0.0,0.0,0.0,361174.085714
1805787,IT,WF,PREC1,MEAT1,0.04,25280.7,3,3,25280.7,0.0,0.0,0.0,0.0,632017.5
1734645,IT,SK,TEXTI,HOTEL,0.15,25279.978,4,4,25279.975,0.0,0.0,0.0,0.003,168533.186667
1755354,IT,KR,PRINT,FINAN,0.24,25279.506,4,4,25279.504,0.0,0.0,0.0,0.002,105331.275
1709684,IT,LT,PLAST,FURNI,0.05,25277.752,4,4,25277.749,0.0,0.0,0.0,0.003,505555.04
1798185,IT,WE,CEREA,HEALT,0.04,25277.502,3,3,25277.502,0.0,0.0,0.0,0.0,631937.55
1800811,IT,WE,BASIC,PRINT,0.03,25277.396,4,4,25277.394,0.0,0.0,0.0,0.002,842579.866667
1798374,IT,WE,FISHF,IRONO,0.04,25275.997,3,3,25275.997,0.0,0.0,0.0,0.0,631899.925
1766572,IT,RU,COPP1,SUPPO,0.06,25274.756,3,3,25274.756,0.0,0.0,0.0,0.0,421245.933333
1756129,IT,KR,FABRI,RECRE,0.1,25273.228,4,4,25273.226,0.0,0.0,0.0,0.002,252732.28
1799130,IT,WE,WEARI,KEROS,0.19,25272.151,4,4,25272.146,0.0,0.0,0.0,0.005,133011.321053
1665720,IT,ES,PAPER,MOTOR,0.1,25271.815,4,4,25271.813,0.0,0.0,0.0,0.002,252718.15
1670294,IT,FI,CHEMI,VEGE1,0.06,25269.716,5,5,25268.714,0.0,0.0,1.0,0.002,421161.933333
1649491,IT,BG,RUBBE,OILSE,0.08,25269.23,4,4,25269.228,0.0,0.0,0.0,0.002,315865.375
1738451,IT,GB,LEAD1,CERAM,0.04,25269.107,4,4,25269.105,0.0,0.0,0.0,0.002,631727.675
1782926,IT,NO,AIRTR,MEATP,0.03,25266.133,3,3,25266.133,0.0,0.0,0.0,0.0,842204.433333
1643069,IT,AT,RETAI,LANDT,0.2,25265.457,4,4,25265.455,0.0,0.0,0.0,0.002,126327.285
1761551,IT,IN,LEAD1,DIST1,0.04,25264.345,4,4,25264.343,0.0,0.0,0.0,0.002,631608.625
1642957,IT,AT,FURNI,SALEM,0.08,25263.689,4,4,25263.687,0.0,0.0,0.0,0.002,315796.1125
1735279,IT,SK,GLASS,BASIC,0.07,25261.422,3,3,25261.422,0.0,0.0,0.0,0.0,360877.457143
1662207,IT,DK,GLASS,DAIRY,0.07,25259.868,3,3,25259.868,0.0,0.0,0.0,0.0,360855.257143
1789163,IT,WA,PLAST,CHEMI,0.05,25257.011,4,4,25257.008,0.0,0.0,0.0,0.003,505140.22
1678522,IT,GR,CEREA,ANIMA,0.04,25255.335,3,3,25255.335,0.0,0.0,0.0,0.0,631383.375
1652083,IT,CZ,SANDC,GASDI,0.06,25254.708,4,4,25248.708,0.0,0.0,6.0,0.0,420911.8
1683876,IT,HR,MOTO1,INERT,0.13,25254.144,4,4,25254.142,0.0,0.0,0.0,0.002,194262.646154
1728983,IT,SE,ADDIT,LEADZ,0.06,25252.544,4,4,25252.542,0.0,0.0,0.0,0.002,420875.733333
1672040,IT,FI,AIRTR,BLAST,0.03,25251.734,3,3,25251.734,0.0,0.0,0.0,0.0,841724.466667
1776801,IT,TR,NAPHT,NONME,0.04,25249.237,4,4,25249.235,0.0,0.0,0.0,0.002,631230.925
1734380,IT,SK,WHEAT,WHEAT,0.02,25248.997,3,3,25248.997,0.0,0.0,0.0,0.0,1262449.85
1645179,IT,BE,PRINT,HOTEL,0.24,25248.733,4,4,25248.731,0.0,0.0,0.0,0.002,105203.054167
1646559,IT,BE,OFFIC,MOTO1,0.08,25247.104,4,4,25247.102,0.0,0.0,0.0,0.002,315588.8
1690452,IT,IE,PAPE4,STONE,0.17,25246.354,3,3,25246.354,0.0,0.0,0.0,0.0,148507.964706
1777198,IT,TR,RUBBE,IRONO,0.08,25244.832,4,4,25244.83,0.0,0.0,0.0,0.002,315560.4
1765507,IT,RU,WEARI,WHOLE,0.19,25244.334,4,4,25244.329,0.0,0.0,0.0,0.005,132864.915789
1720830,IT,PL,FURNI,TRANS,0.08,25243.737,4,4,25243.735,0.0,0.0,0.0,0.002,315546.7125
1659284,IT,DE,SALEM,EDUCA,0.2,25242.426,4,4,25242.424,0.0,0.0,0.0,0.002,126212.13
1642656,IT,AT,FABRI,COLLE,0.1,25242.294,4,4,25242.292,0.0,0.0,0.0,0.002,252422.94
1672606,IT,FR,FORES,PULP5,0.22,25241.889,4,4,25231.889,0.0,10.0,0.0,0.0,114735.859091
1665110,IT,ES,VEGE1,RESEA,0.08,25240.07,4,4,25240.065,0.0,0.0,0.0,0.005,315500.875
1650860,IT,BG,LANDT,CONST,0.16,25239.42,3,3,25239.42,0.0,0.0,0.0,0.0,157746.375
1646521,IT,BE,MACHI,OILHA,0.14,25239.315,4,4,25239.313,0.0,0.0,0.0,0.002,180280.821429
1744638,IT,US,RENTI,WASTE,0.15,25238.177,3,3,25238.177,0.0,0.0,0.0,0.0,168254.513333
1715784,IT,NL,BIODI,HEALT,0.05,25237.847,4,4,25237.844,0.0,0.0,0.0,0.003,504756.94
1690086,IT,IE,RENTI,RETA1,0.15,25237.38,3,3,25237.38,0.0,0.0,0.0,0.0,168249.2
1654951,IT,CZ,INSUR,OFFIC,0.52,25235.352,3,3,25235.352,0.0,0.0,0.0,0.0,48529.523077
1645974,IT,BE,BRICK,BUSIN,0.04,25235.211,4,4,25235.209,0.0,0.0,0.0,0.002,630880.275
1720030,IT,PL,ALUM1,BRICK,0.04,25233.686,4,4,25233.684,0.0,0.0,0.0,0.002,630842.15
1725662,IT,RO,PAPER,TEXTI,0.1,25232.929,4,4,25232.927,0.0,0.0,0.0,0.002,252329.29
1727640,IT,RO,RENTI,GASDI,0.15,25232.501,3,3,25232.501,0.0,0.0,0.0,0.0,168216.673333
1644720,IT,BE,BEVER,LANDT,0.11,25230.607,4,4,25230.605,0.0,0.0,0.0,0.002,229369.154545
1677433,IT,FR,INSUR,FINAN,0.52,25229.756,3,3,25229.756,0.0,0.0,0.0,0.0,48518.761538
1740698,IT,US,CHEMI,WOODW,0.06,25229.425,5,5,25228.423,0.0,0.0,1.0,0.002,420490.416667
1776186,IT,TR,LEATH,PAPE4,0.18,25229.006,4,4,25229.002,0.0,0.0,0.0,0.004,140161.144444
1762688,IT,IN,BUSIN,CROPS,0.26,25228.195,4,4,25228.193,0.0,0.0,0.0,0.002,97031.519231
1731748,IT,SI,PULP5,RESEA,0.08,25227.844,4,4,25227.842,0.0,0.0,0.0,0.002,315348.05
1786158,IT,ZA,BASIC,TRAN2,0.03,25227.76,4,4,25227.758,0.0,0.0,0.0,0.002,840925.333333
1776183,IT,TR,LEATH,FOOD3,0.18,25227.597,4,4,25227.593,0.0,0.0,0.0,0.004,140153.316667
1738034,IT,GB,RUBBE,VEGE1,0.08,25224.852,4,4,25224.85,0.0,0.0,0.0,0.002,315310.65
1802298,IT,WE,LANDT,AUXIL,0.16,25224.723,3,3,25224.723,0.0,0.0,0.0,0.0,157654.51875
1774074,IT,CH,WHOLE,MEAT1,0.22,25222.593,3,3,25222.593,0.0,0.0,0.0,0.0,114648.15
1718441,IT,PL,TOBAC,BUSIN,0.1,25222.587,4,4,25222.585,0.0,0.0,0.0,0.002,252225.87
1672761,IT,FR,MEATC,AIRTR,0.08,25220.598,4,4,25220.596,0.0,0.0,0.0,0.002,315257.475
1648001,IT,BE,COMPU,FOOD5,0.29,25220.586,4,4,25220.584,0.0,0.0,0.0,0.002,86967.537931
1679092,IT,GR,PAPER,MEATC,0.1,25219.626,4,4,25219.624,0.0,0.0,0.0,0.002,252196.26
1776184,IT,TR,LEATH,WASTE,0.18,25219.385,4,4,25219.381,0.0,0.0,0.0,0.004,140107.694444
1651774,IT,CY,OFFIC,POSTT,0.08,25217.979,4,4,25217.977,0.0,0.0,0.0,0.002,315224.7375
1769922,IT,AU,MOTO1,FURNI,0.13,25217.882,4,4,25217.88,0.0,0.0,0.0,0.002,193983.707692
1640932,IT,AT,WOODW,PIGS9,0.07,25217.173,4,4,25217.171,0.0,0.0,0.0,0.002,360245.328571
1791150,IT,WA,FURNI,WHEAT,0.08,25216.161,4,4,25216.159,0.0,0.0,0.0,0.002,315202.0125
1654126,IT,CZ,MOTO1,CEREA,0.13,25215.856,4,4,25215.854,0.0,0.0,0.0,0.002,193968.123077
1738983,IT,GB,SALEM,PAPER,0.2,25215.057,4,4,25215.055,0.0,0.0,0.0,0.002,126075.285
1746427,IT,JP,RUBBE,EDUCA,0.08,25212.709,4,4,25212.707,0.0,0.0,0.0,0.002,315158.8625
1785158,IT,ZA,FOOD5,FISHF,0.12,25209.106,4,4,25209.104,0.0,0.0,0.0,0.002,210075.883333
1745491,IT,JP,FOOD5,NONME,0.12,25208.511,4,4,25208.509,0.0,0.0,0.0,0.002,210070.925
1650875,IT,BG,LANDT,REALE,0.16,25207.266,3,3,25207.266,0.0,0.0,0.0,0.0,157545.4125
1795621,IT,WL,FABRI,SANDC,0.1,25206.627,4,4,25206.625,0.0,0.0,0.0,0.002,252066.27
1794088,IT,WL,PAPER,NFERT,0.1,25204.723,4,4,25204.721,0.0,0.0,0.0,0.002,252047.23
1662310,IT,DK,NONME,FURNI,0.05,25203.148,4,4,25203.145,0.0,0.0,0.0,0.003,504062.96
1721130,IT,PL,RAILW,KEROS,0.17,25201.512,3,3,25201.512,0.0,0.0,0.0,0.0,148244.188235
1661519,IT,DK,FOOD5,RETA1,0.12,25201.381,4,4,25201.379,0.0,0.0,0.0,0.002,210011.508333
1728986,IT,SE,ADDIT,CONST,0.06,25201.353,4,4,25201.351,0.0,0.0,0.0,0.002,420022.55
1652675,IT,CZ,PULP5,WOODW,0.08,25201.006,4,4,25201.004,0.0,0.0,0.0,0.002,315012.575
1795215,IT,WL,GLASS,ELECT,0.07,25200.878,3,3,25200.878,0.0,0.0,0.0,0.0,360012.542857
1723299,IT,PT,CERAM,WHOLE,0.04,25198.569,3,3,25198.569,0.0,0.0,0.0,0.0,629964.225
1793134,IT,WA,RECRE,POSTT,0.32,25198.28,4,4,25198.278,0.0,0.0,0.0,0.002,78744.625
1800801,IT,WE,BASIC,SUGA1,0.03,25196.022,4,4,25196.02,0.0,0.0,0.0,0.002,839867.4
1746015,IT,JP,PAPER,FABRI,0.1,25194.919,4,4,25194.917,0.0,0.0,0.0,0.002,251949.19
1670569,IT,FI,TEXTI,BIOG1,0.15,25194.825,4,4,25194.822,0.0,0.0,0.0,0.003,167965.5
1644598,IT,BE,FOOD5,TEXTI,0.12,25193.941,4,4,25193.939,0.0,0.0,0.0,0.002,209949.508333
1686444,IT,HU,BASIC,TRAN2,0.03,25193.872,4,4,25193.87,0.0,0.0,0.0,0.002,839795.733333
1764020,IT,MX,COPP1,FOOD5,0.06,25193.003,3,3,25193.003,0.0,0.0,0.0,0.0,419883.383333
1776056,IT,TR,TEXTI,TRAN2,0.15,25191.117,4,4,25191.114,0.0,0.0,0.0,0.003,167940.78
1747527,IT,JP,AIRTR,ANIMA,0.03,25191.1,3,3,25191.1,0.0,0.0,0.0,0.0,839703.333333
1643026,IT,AT,CONST,DIST1,0.14,25190.176,3,3,25190.176,0.0,0.0,0.0,0.0,179929.828571
1769799,IT,AU,MACHI,BLAST,0.14,25189.228,4,4,25189.226,0.0,0.0,0.0,0.002,179923.057143
1681346,IT,GR,INSUR,HOTEL,0.52,25185.426,3,3,25185.426,0.0,0.0,0.0,0.0,48433.511538
1684980,IT,HU,VEGE1,MEATA,0.08,25183.673,4,4,25183.668,0.0,0.0,0.0,0.005,314795.9125
1752258,IT,CA,FORES,PAPER,0.22,25182.85,4,4,25172.85,0.0,10.0,0.0,0.0,114467.5
1809531,IT,WM,MEAT4,PUBLI,0.14,25182.781,4,4,25182.779,0.0,0.0,0.0,0.002,179877.007143
1715357,IT,NL,PRINT,CHEM1,0.24,25181.913,4,4,25181.911,0.0,0.0,0.0,0.002,104924.6375
1656577,IT,DE,PRINT,KEROS,0.24,25181.558,4,4,25181.556,0.0,0.0,0.0,0.002,104923.158333
1667012,IT,ES,CEMEN,HOTEL,0.04,25181.064,3,3,25181.064,0.0,0.0,0.0,0.0,629526.6
1671313,IT,FI,ALUM1,NONME,0.04,25180.896,4,4,25180.894,0.0,0.0,0.0,0.002,629522.4
1765641,IT,RU,WOODW,HEALT,0.07,25180.217,4,4,25180.215,0.0,0.0,0.0,0.002,359717.385714
1738258,IT,GB,NONME,DAIRY,0.05,25179.569,4,4,25179.566,0.0,0.0,0.0,0.003,503591.38
1776180,IT,TR,LEATH,INTER,0.18,25178.736,4,4,25178.732,0.0,0.0,0.0,0.004,139881.866667
1776182,IT,TR,LEATH,FOOD2,0.18,25178.514,4,4,25178.51,0.0,0.0,0.0,0.004,139880.633333
1768173,IT,RU,PUBLI,FURNI,0.41,25177.19,4,4,25177.188,0.0,0.0,0.0,0.002,61407.780488
1776181,IT,TR,LEATH,OILHA,0.18,25177.001,4,4,25176.997,0.0,0.0,0.0,0.004,139872.227778
1776187,IT,TR,LEATH,PLAS2,0.18,25176.428,4,4,25176.424,0.0,0.0,0.0,0.004,139869.044444
1776190,IT,TR,LEATH,WOOD2,0.18,25175.554,4,4,25175.55,0.0,0.0,0.0,0.004,139864.188889
1801131,IT,WE,FABRI,PADDY,0.1,25174.793,4,4,25174.791,0.0,0.0,0.0,0.002,251747.93
1651948,IT,CY,BUSIN,FURNI,0.26,25173.929,4,4,25173.927,0.0,0.0,0.0,0.002,96822.803846
1651255,IT,CY,CHEMI,PREC1,0.06,25172.67,5,5,25171.668,0.0,0.0,1.0,0.002,419544.5
1789376,IT,WA,CHEM1,BIOGA,0.05,25172.208,4,4,25172.205,0.0,0.0,0.0,0.003,503444.16
1647482,IT,BE,SUPPO,BEVER,0.18,25171.742,3,3,25171.742,0.0,0.0,0.0,0.0,139843.011111
1660677,IT,DE,RENTI,VEGET,0.15,25171.572,3,3,25171.572,0.0,0.0,0.0,0.0,167810.48
1683603,IT,HR,FABRI,CROPS,0.1,25170.48,4,4,25170.478,0.0,0.0,0.0,0.002,251704.8
1733695,IT,SI,RAILW,OFFIC,0.17,25168.496,3,3,25168.496,0.0,0.0,0.0,0.0,148049.976471
1682924,IT,HR,NAPHT,HOTEL,0.04,25166.821,4,4,25166.819,0.0,0.0,0.0,0.002,629170.525
1793370,IT,WL,VEGET,CHARC,0.09,25166.748,3,3,25166.748,0.0,0.0,0.0,0.0,279630.533333
1761810,IT,IN,MACHI,MEMBE,0.14,25166.312,4,4,25166.31,0.0,0.0,0.0,0.002,179759.371429
1748636,IT,CN,DAIRY,FABRI,0.1,25165.699,4,4,25165.697,0.0,0.0,0.0,0.002,251656.99
1779475,IT,TR,RENTI,PRINT,0.15,25164.771,3,3,25164.771,0.0,0.0,0.0,0.0,167765.14
1765831,IT,RU,GASDI,WASTE,0.04,25163.963,4,4,25163.961,0.0,0.0,0.0,0.002,629099.075
1664391,IT,EE,MACHI,FOOD5,0.14,25163.93,4,4,25163.928,0.0,0.0,0.0,0.002,179742.357143
1650891,IT,BG,TRAN2,RETAI,0.04,25162.565,3,3,25162.565,0.0,0.0,0.0,0.0,629064.125
1732557,IT,SI,RUBBE,TRAN2,0.08,25161.64,4,4,25161.638,0.0,0.0,0.0,0.002,314520.5
1640578,IT,AT,FOOD5,AIRTR,0.12,25161.477,4,4,25161.475,0.0,0.0,0.0,0.002,209678.975
1726140,IT,RO,RUBBE,WASTE,0.08,25158.624,4,4,25158.622,0.0,0.0,0.0,0.002,314482.8
1682988,IT,HR,CHEM1,VEGE1,0.05,25157.198,4,4,25157.195,0.0,0.0,0.0,0.003,503143.96
1769049,IT,AU,NAPHT,PLAST,0.04,25156.51,4,4,25156.508,0.0,0.0,0.0,0.002,628912.75
1655483,IT,DE,FISHF,PUBLI,0.04,25156.297,3,3,25156.297,0.0,0.0,0.0,0.0,628907.425
1742998,IT,US,OFFIC,FOOD5,0.08,25155.469,4,4,25155.467,0.0,0.0,0.0,0.002,314443.3625
1658862,IT,DE,TRANS,WOODW,0.15,25155.32,3,3,25155.32,0.0,0.0,0.0,0.0,167702.133333
1734451,IT,SK,FORES,WOODW,0.22,25155.297,4,4,25145.297,0.0,10.0,0.0,0.0,114342.259091
1778488,IT,TR,WHOLE,INERT,0.22,25153.049,3,3,25153.049,0.0,0.0,0.0,0.0,114332.040909
1757431,IT,BR,PAPER,NICKE,0.1,25152.562,4,4,25152.56,0.0,0.0,0.0,0.002,251525.62
1798456,IT,WE,NATUR,PREC1,0.04,25152.255,4,4,25152.253,0.0,0.0,0.0,0.002,628806.375
1757927,IT,BR,CHEM1,RESEA,0.05,25151.867,4,4,25151.864,0.0,0.0,0.0,0.003,503037.34
1793662,IT,WL,PROCE,HOTEL,0.17,25151.367,4,4,25151.365,0.0,0.0,0.0,0.002,147949.217647
1747565,IT,JP,AIRTR,NFERT,0.03,25149.818,3,3,25149.818,0.0,0.0,0.0,0.0,838327.266667
1678816,IT,GR,BEVER,MEATP,0.11,25149.43,4,4,25149.428,0.0,0.0,0.0,0.002,228631.181818
1765830,IT,RU,GASDI,FOOD3,0.04,25146.492,4,4,25146.49,0.0,0.0,0.0,0.002,628662.3
1689487,IT,IE,HOTEL,FOOD4,0.18,25145.743,4,4,25145.741,0.0,0.0,0.0,0.002,139698.572222
1678862,IT,GR,FISH5,DAIRY,0.11,25145.26,4,4,25145.247,0.0,0.0,0.0,0.013,228593.272727
1778019,IT,TR,OFFIC,WEARI,0.08,25144.685,4,4,25144.683,0.0,0.0,0.0,0.002,314308.5625
1656573,IT,DE,PRINT,PULP5,0.24,25140.423,4,4,25140.421,0.0,0.0,0.0,0.002,104751.7625
1804422,IT,WF,KERO1,IRONO,0.04,25140.099,4,4,25140.097,0.0,0.0,0.0,0.002,628502.475
1775611,IT,CH,RECRE,REALE,0.32,25139.511,4,4,25139.509,0.0,0.0,0.0,0.002,78560.971875
1645550,IT,BE,PLAST,PAPE4,0.05,25136.497,4,4,25136.494,0.0,0.0,0.0,0.003,502729.94
1682605,IT,HR,KEROS,VEGE1,0.04,25134.608,4,4,25134.606,0.0,0.0,0.0,0.002,628365.2
1644985,IT,BE,WOODW,RAILW,0.07,25134.567,4,4,25134.565,0.0,0.0,0.0,0.002,359065.242857
1646423,IT,BE,FABRI,RECRE,0.1,25133.836,4,4,25133.834,0.0,0.0,0.0,0.002,251338.36
1715352,IT,NL,PRINT,WOODW,0.24,25132.754,4,4,25132.752,0.0,0.0,0.0,0.002,104719.808333
1738627,IT,GB,FABRI,INERT,0.1,25132.393,4,4,25132.391,0.0,0.0,0.0,0.002,251323.93
1742717,IT,US,FABRI,BITUM,0.1,25130.311,4,4,25130.309,0.0,0.0,0.0,0.002,251303.11
1814065,IT,WM,AIRTR,FORES,0.03,25129.998,3,3,25129.998,0.0,0.0,0.0,0.0,837666.6
1765817,IT,RU,GASDI,SECO9,0.04,25129.692,4,4,25129.69,0.0,0.0,0.0,0.002,628242.3
1758803,IT,BR,RETA1,ELEC1,0.26,25128.01,4,4,25128.008,0.0,0.0,0.0,0.002,96646.192308
1732151,IT,SI,GASDI,MEDIC,0.04,25126.325,4,4,25126.323,0.0,0.0,0.0,0.002,628158.125
1809253,IT,WM,CRUDE,PLAST,0.05,25126.272,4,4,25126.27,0.0,0.0,0.0,0.002,502525.44
1801008,IT,WE,LEAD1,CROPS,0.04,25125.566,4,4,25125.564,0.0,0.0,0.0,0.002,628139.15
1813759,IT,WM,HOTEL,ELEC2,0.18,25124.691,4,4,25124.689,0.0,0.0,0.0,0.002,139581.616667
1765832,IT,RU,GASDI,FOOD4,0.04,25124.491,4,4,25124.489,0.0,0.0,0.0,0.002,628112.275
1765833,IT,RU,GASDI,PAPE4,0.04,25123.709,4,4,25123.707,0.0,0.0,0.0,0.002,628092.725
1651394,IT,CY,MOTOR,FINAN,0.04,25122.87,4,4,25122.868,0.0,0.0,0.0,0.002,628071.75
1731996,IT,SI,KEROS,MEAT4,0.04,25122.626,4,4,25122.624,0.0,0.0,0.0,0.002,628065.65
1788501,IT,WA,PULP5,INERT,0.08,25121.623,4,4,25121.621,0.0,0.0,0.0,0.002,314020.2875
1753094,IT,CA,RUBBE,LEATH,0.08,25121.421,4,4,25121.419,0.0,0.0,0.0,0.002,314017.7625
1644959,IT,BE,WOODW,BASIC,0.07,25119.967,4,4,25119.965,0.0,0.0,0.0,0.002,358856.671429
1752706,IT,CA,LEATH,RUBBE,0.18,25119.473,4,4,25119.469,0.0,0.0,0.0,0.004,139552.627778
1801164,IT,WE,FABRI,SANDC,0.1,25119.281,4,4,25119.279,0.0,0.0,0.0,0.002,251192.81
1802379,IT,WE,SEACO,RAILW,0.03,25118.798,3,3,25118.798,0.0,0.0,0.0,0.0,837293.266667
1756889,IT,KR,POSTT,EDUCA,0.41,25118.734,4,4,25118.732,0.0,0.0,0.0,0.002,61265.204878
1790930,IT,WA,OFFIC,RAILW,0.08,25118.654,4,4,25118.652,0.0,0.0,0.0,0.002,313983.175
1763915,IT,MX,BASIC,PRINT,0.03,25118.28,4,4,25118.278,0.0,0.0,0.0,0.002,837276.0
1747105,IT,JP,FURNI,AUXIL,0.08,25114.87,4,4,25114.868,0.0,0.0,0.0,0.002,313935.875
1736614,IT,SK,POSTT,PUBLI,0.41,25114.821,4,4,25114.819,0.0,0.0,0.0,0.002,61255.660976
1778144,IT,TR,TRANS,MEDIC,0.15,25111.994,3,3,25111.994,0.0,0.0,0.0,0.0,167413.293333
1712082,IT,LV,BEVER,DIST1,0.11,25111.276,4,4,25111.274,0.0,0.0,0.0,0.002,228284.327273
1765835,IT,RU,GASDI,INERT,0.04,25110.826,4,4,25110.824,0.0,0.0,0.0,0.002,627770.65
1765834,IT,RU,GASDI,PLAS2,0.04,25109.952,4,4,25109.95,0.0,0.0,0.0,0.002,627748.8
1687657,IT,HU,AIRTR,CEMEN,0.03,25109.941,3,3,25109.941,0.0,0.0,0.0,0.0,836998.033333
1652439,IT,CZ,TEXTI,COMPU,0.15,25108.699,4,4,25108.696,0.0,0.0,0.0,0.003,167391.326667
1765837,IT,RU,GASDI,WOOD2,0.04,25107.615,4,4,25107.613,0.0,0.0,0.0,0.002,627690.375
1765836,IT,RU,GASDI,TEXT2,0.04,25107.388,4,4,25107.386,0.0,0.0,0.0,0.002,627684.7
1765826,IT,RU,GASDI,INTER,0.04,25107.387,4,4,25107.385,0.0,0.0,0.0,0.002,627684.675
1765829,IT,RU,GASDI,OILHA,0.04,25107.325,4,4,25107.323,0.0,0.0,0.0,0.002,627683.125
1765825,IT,RU,GASDI,PLAS1,0.04,25107.322,4,4,25107.32,0.0,0.0,0.0,0.002,627683.05
1765824,IT,RU,GASDI,PAPE1,0.04,25107.319,4,4,25107.317,0.0,0.0,0.0,0.002,627682.975
1765823,IT,RU,GASDI,FOODW,0.04,25107.313,4,4,25107.311,0.0,0.0,0.0,0.002,627682.825
1765828,IT,RU,GASDI,WOOD1,0.04,25107.3,4,4,25107.298,0.0,0.0,0.0,0.002,627682.5
1765827,IT,RU,GASDI,TEXT1,0.04,25107.28,4,4,25107.278,0.0,0.0,0.0,0.002,627682.0
1801280,IT,WE,MACHI,CRUDE,0.14,25106.406,4,4,25106.404,0.0,0.0,0.0,0.002,179331.471429
1764097,IT,MX,FABRI,LIQUE,0.1,25105.633,4,4,25105.631,0.0,0.0,0.0,0.002,251056.33
1794174,IT,WL,PRINT,PAPER,0.24,25102.221,4,4,25102.219,0.0,0.0,0.0,0.002,104592.5875
1736821,IT,SK,COMPU,RECRE,0.29,25101.465,4,4,25101.463,0.0,0.0,0.0,0.002,86556.775862
1647203,IT,BE,LANDT,MEATP,0.16,25100.553,3,3,25100.553,0.0,0.0,0.0,0.0,156878.45625
1686798,IT,HU,FABRI,MOTOR,0.1,25099.964,4,4,25099.962,0.0,0.0,0.0,0.002,250999.64
1645256,IT,BE,COALT,BUSIN,0.04,25098.425,3,3,25098.425,0.0,0.0,0.0,0.0,627460.625
1746013,IT,JP,PAPER,BASIC,0.1,25098.27,4,4,25098.268,0.0,0.0,0.0,0.002,250982.7
1793384,IT,WL,OILSE,FOOD5,0.02,25098.239,3,3,25098.239,0.0,0.0,0.0,0.0,1254911.95
1649847,IT,BG,ALUM1,RAILW,0.04,25097.743,4,4,25097.741,0.0,0.0,0.0,0.002,627443.575
1737093,IT,GB,MEATC,FISHF,0.08,25097.428,4,4,25097.426,0.0,0.0,0.0,0.002,313717.85
1758127,IT,BR,CERAM,SUPPO,0.04,25097.09,3,3,25097.09,0.0,0.0,0.0,0.0,627427.25
1806480,IT,WF,TRANS,MOTO1,0.15,25096.622,3,3,25096.622,0.0,0.0,0.0,0.0,167310.813333
1801054,IT,WE,COPP1,TEXTI,0.06,25096.426,3,3,25096.426,0.0,0.0,0.0,0.0,418273.766667
1735553,IT,SK,ALUM1,COPP1,0.04,25095.167,4,4,25095.165,0.0,0.0,0.0,0.002,627379.175
1722572,IT,PT,FISH5,MEAT1,0.11,25094.218,4,4,25094.205,0.0,0.0,0.0,0.013,228129.254545
1803255,IT,WF,ANIMA,REALE,0.1,25093.88,3,3,25093.88,0.0,0.0,0.0,0.0,250938.8
1743758,IT,US,LANDT,NAPHT,0.16,25092.272,3,3,25092.272,0.0,0.0,0.0,0.0,156826.7
1739511,IT,GB,LANDT,SEACO,0.16,25090.081,3,3,25090.081,0.0,0.0,0.0,0.0,156813.00625
1684153,IT,HR,LANDT,PLAST,0.16,25089.207,3,3,25089.207,0.0,0.0,0.0,0.0,156807.54375
1652269,IT,CZ,FOOD5,PUBLI,0.12,25088.327,4,4,25088.325,0.0,0.0,0.0,0.002,209069.391667
1771107,IT,CH,SANDC,STONE,0.06,25087.411,4,4,25081.411,0.0,0.0,6.0,0.0,418123.516667
1813575,IT,WM,WHOLE,OFFIC,0.22,25083.759,3,3,25083.759,0.0,0.0,0.0,0.0,114017.086364
1678433,IT,FR,INERT,INERT,0.18,25083.313,4,4,25083.311,0.0,0.0,0.0,0.002,139351.738889
1680820,IT,GR,RAILW,FABRI,0.17,25083.048,3,3,25083.048,0.0,0.0,0.0,0.0,147547.341176
1690317,IT,IE,FOOD2,LIQUE,0.15,25083.039,4,4,25083.037,0.0,0.0,0.0,0.002,167220.26
1776631,IT,TR,GASDI,RETAI,0.04,25082.644,4,4,25082.642,0.0,0.0,0.0,0.002,627066.1
1767089,IT,RU,FURNI,RADIO,0.08,25082.075,4,4,25082.073,0.0,0.0,0.0,0.002,313525.9375
1777594,IT,TR,ALUM1,KEROS,0.04,25081.761,4,4,25081.759,0.0,0.0,0.0,0.002,627044.025
1760177,IT,BR,FOOD4,CERAM,0.18,25081.411,4,4,25081.409,0.0,0.0,0.0,0.002,139341.172222
1774637,IT,CH,AIRTR,WOODW,0.03,25080.195,3,3,25080.195,0.0,0.0,0.0,0.0,836006.5
1740561,IT,US,VEGET,BUSIN,0.09,25079.779,3,3,25079.779,0.0,0.0,0.0,0.0,278664.211111
1808122,IT,WF,WOOD1,RETA1,0.17,25078.681,4,4,25078.679,0.0,0.0,0.0,0.002,147521.652941
1748536,IT,CN,MEATC,HOTEL,0.08,25078.437,4,4,25078.435,0.0,0.0,0.0,0.002,313480.4625
1665607,IT,ES,WOODW,MEATP,0.07,25077.421,4,4,25077.419,0.0,0.0,0.0,0.002,358248.871429
1754857,IT,KR,BEVER,REALE,0.11,25076.061,4,4,25076.059,0.0,0.0,0.0,0.002,227964.190909
1711648,IT,LU,COMPU,RUBBE,0.29,25075.864,4,4,25075.862,0.0,0.0,0.0,0.002,86468.496552
1641205,IT,AT,PRINT,FINAN,0.24,25074.874,4,4,25074.872,0.0,0.0,0.0,0.002,104478.641667
1798179,IT,WE,CEREA,INSUR,0.04,25074.468,3,3,25074.468,0.0,0.0,0.0,0.0,626861.7
1759816,IT,BR,BUSIN,WASTE,0.26,25073.326,4,4,25073.324,0.0,0.0,0.0,0.002,96435.869231
1670998,IT,FI,CHEM1,PLAS2,0.05,25073.315,4,4,25073.312,0.0,0.0,0.0,0.003,501466.3
1797517,IT,WL,BUSIN,BIODI,0.26,25072.103,4,4,25072.101,0.0,0.0,0.0,0.002,96431.165385
1794128,IT,WL,PAPER,TRAN2,0.1,25070.802,4,4,25070.8,0.0,0.0,0.0,0.002,250708.02
1659627,IT,DE,HOTEL,ELEC3,0.18,25070.393,4,4,25070.391,0.0,0.0,0.0,0.002,139279.961111
1761795,IT,IN,MACHI,AIRTR,0.14,25070.378,4,4,25070.376,0.0,0.0,0.0,0.002,179074.128571
1789404,IT,WA,CHEM1,TRAN1,0.05,25070.015,4,4,25070.012,0.0,0.0,0.0,0.003,501400.3
1794467,IT,WL,GASDI,PLAST,0.04,25069.818,4,4,25069.816,0.0,0.0,0.0,0.002,626745.45
1690120,IT,IE,COMPU,FABRI,0.29,25068.805,4,4,25068.803,0.0,0.0,0.0,0.002,86444.155172
1640231,IT,AT,FORES,WHOLE,0.22,25067.315,4,4,25057.315,0.0,10.0,0.0,0.0,113942.340909
1767012,IT,RU,TRANS,MACHI,0.15,25065.639,3,3,25065.639,0.0,0.0,0.0,0.0,167104.26
1715759,IT,NL,BIODI,MEAT1,0.05,25065.549,4,4,25065.546,0.0,0.0,0.0,0.003,501310.98
1775262,IT,CH,BUSIN,LEATH,0.26,25065.213,4,4,25065.211,0.0,0.0,0.0,0.002,96404.665385
1775609,IT,CH,RECRE,INSUR,0.32,25065.124,4,4,25065.122,0.0,0.0,0.0,0.002,78328.5125
1663564,IT,DK,COMPU,RESEA,0.29,25062.476,4,4,25062.474,0.0,0.0,0.0,0.002,86422.331034
1641397,IT,AT,KERO1,HEAVY,0.04,25062.039,4,4,25062.037,0.0,0.0,0.0,0.002,626550.975
1759534,IT,BR,RENTI,SUPPO,0.15,25061.422,3,3,25061.422,0.0,0.0,0.0,0.0,167076.146667
1746182,IT,JP,PLAST,SECO9,0.05,25060.998,4,4,25060.995,0.0,0.0,0.0,0.003,501219.96
1758966,IT,BR,LANDT,OILSE,0.16,25059.789,3,3,25059.789,0.0,0.0,0.0,0.0,156623.68125
1776332,IT,TR,PAPER,TRAN1,0.1,25059.788,4,4,25059.786,0.0,0.0,0.0,0.002,250597.88
1648442,IT,BG,WHEAT,FOOD5,0.02,25058.733,3,3,25058.733,0.0,0.0,0.0,0.0,1252936.65
1656371,IT,DE,WOODW,BIODI,0.07,25058.452,4,4,25058.45,0.0,0.0,0.0,0.002,357977.885714
1807544,IT,WF,RENTI,SUPPO,0.15,25058.163,3,3,25058.163,0.0,0.0,0.0,0.0,167054.42
1711276,IT,LU,TRANS,SUPPO,0.15,25057.814,3,3,25057.814,0.0,0.0,0.0,0.0,167052.093333
1729811,IT,SE,MACHI,FOOD3,0.14,25057.368,4,4,25057.366,0.0,0.0,0.0,0.002,178981.2
1795295,IT,WL,CEMEN,BIOGA,0.04,25054.728,3,3,25054.728,0.0,0.0,0.0,0.0,626368.2
1768337,IT,AU,MEATP,FOOD5,0.1,25053.675,4,4,25053.672,0.0,0.0,0.0,0.003,250536.75
1804066,IT,WF,WOODW,RESEA,0.07,25053.183,4,4,25053.181,0.0,0.0,0.0,0.002,357902.614286
1766850,IT,RU,MACHI,INTER,0.14,25052.999,4,4,25052.997,0.0,0.0,0.0,0.002,178949.992857
1723924,IT,PT,FURNI,MEMBE,0.08,25049.922,4,4,25049.92,0.0,0.0,0.0,0.002,313124.025
1649334,IT,BG,PLAST,GLASS,0.05,25049.364,4,4,25049.361,0.0,0.0,0.0,0.003,500987.28
1791200,IT,WA,FURNI,NFERT,0.08,25049.125,4,4,25049.123,0.0,0.0,0.0,0.002,313114.0625
1719561,IT,PL,GLASS,AUXIL,0.07,25049.003,3,3,25049.003,0.0,0.0,0.0,0.0,357842.9
1725790,IT,RO,PRINT,AIRTR,0.24,25046.822,4,4,25046.82,0.0,0.0,0.0,0.002,104361.758333
1718379,IT,PL,BEVER,CERAM,0.11,25046.799,4,4,25046.797,0.0,0.0,0.0,0.002,227698.172727
1645936,IT,BE,CERAM,FABRI,0.04,25045.77,3,3,25045.77,0.0,0.0,0.0,0.0,626144.25
1764893,IT,MX,AIRTR,ELEC2,0.03,25045.436,3,3,25045.436,0.0,0.0,0.0,0.0,834847.866667
1767015,IT,RU,TRANS,RADIO,0.15,25044.702,3,3,25044.702,0.0,0.0,0.0,0.0,166964.68
1748028,IT,JP,BUSIN,LIQUE,0.26,25042.276,4,4,25042.274,0.0,0.0,0.0,0.002,96316.446154
1722479,IT,PT,PROCE,TRAN1,0.17,25042.098,4,4,25042.096,0.0,0.0,0.0,0.002,147306.458824
1718755,IT,PL,PULP5,BUSIN,0.08,25042.015,4,4,25042.013,0.0,0.0,0.0,0.002,313025.1875
1754166,IT,CA,SUPPO,BASIC,0.18,25041.589,3,3,25041.589,0.0,0.0,0.0,0.0,139119.938889
1750815,IT,CN,FURNI,HEAVY,0.08,25041.006,4,4,25041.004,0.0,0.0,0.0,0.002,313012.575
1796520,IT,WL,RETA1,FABRI,0.26,25040.104,4,4,25040.102,0.0,0.0,0.0,0.002,96308.092308
1751992,IT,CN,RESEA,GLASS,0.14,25040.063,4,4,25040.061,0.0,0.0,0.0,0.002,178857.592857
1640534,IT,AT,FOOD5,VEGE1,0.12,25038.9,4,4,25038.898,0.0,0.0,0.0,0.002,208657.5
1676436,IT,FR,RETA1,POULT,0.26,25038.832,4,4,25038.83,0.0,0.0,0.0,0.002,96303.2
1668944,IT,ES,AIRTR,WHITE,0.03,25038.284,3,3,25038.284,0.0,0.0,0.0,0.0,834609.466667
1793663,IT,WL,SUGA1,FOOD5,0.06,25038.099,4,4,25038.095,0.0,0.0,0.0,0.004,417301.65
1793917,IT,WL,WEARI,RECRE,0.19,25032.309,4,4,25032.304,0.0,0.0,0.0,0.005,131748.994737
1776284,IT,TR,PAPER,SUGA1,0.1,25030.957,4,4,25030.955,0.0,0.0,0.0,0.002,250309.57
1729248,IT,SE,CERAM,INTER,0.04,25030.946,3,3,25030.946,0.0,0.0,0.0,0.0,625773.65
1733910,IT,SI,AIRTR,WHOLE,0.03,25028.284,3,3,25028.284,0.0,0.0,0.0,0.0,834276.133333
1797279,IT,WL,INSUR,BIOGA,0.52,25026.53,3,3,25026.53,0.0,0.0,0.0,0.0,48127.942308
1767412,IT,RU,LANDT,BASIC,0.16,25025.417,3,3,25025.417,0.0,0.0,0.0,0.0,156408.85625
1716072,IT,NL,BASIC,MOTOR,0.03,25024.767,4,4,25024.765,0.0,0.0,0.0,0.002,834158.9
1759573,IT,BR,COMPU,RADIO,0.29,25022.914,4,4,25022.912,0.0,0.0,0.0,0.002,86285.910345
1796804,IT,WL,TRAN2,WHOLE,0.04,25021.905,3,3,25021.905,0.0,0.0,0.0,0.0,625547.625
1810845,IT,WM,KEROS,ELEC3,0.04,25021.813,4,4,25021.811,0.0,0.0,0.0,0.002,625545.325
1766813,IT,RU,MACHI,ELEC6,0.14,25020.422,4,4,25020.42,0.0,0.0,0.0,0.002,178717.3
1771323,IT,CH,DAIRY,SEACO,0.1,25020.268,4,4,25020.266,0.0,0.0,0.0,0.002,250202.68
1750046,IT,CN,BASIC,FORES,0.03,25018.631,4,4,25018.629,0.0,0.0,0.0,0.002,833954.366667
1757697,IT,BR,HEAVY,RAILW,0.04,25017.812,4,4,25017.81,0.0,0.0,0.0,0.002,625445.3
1641520,IT,AT,HEAVY,COKEO,0.04,25017.541,4,4,25017.539,0.0,0.0,0.0,0.002,625438.525
1775148,IT,CH,COMPU,HEALT,0.29,25017.249,4,4,25017.247,0.0,0.0,0.0,0.002,86266.375862
1717960,IT,PL,SANDC,PFERT,0.06,25017.095,4,4,25012.095,0.0,0.0,5.0,0.0,416951.583333
1772018,IT,CH,PRINT,TOBAC,0.24,25015.793,4,4,25015.791,0.0,0.0,0.0,0.002,104232.470833
1739441,IT,GB,LANDT,TOBAC,0.16,25012.893,3,3,25012.893,0.0,0.0,0.0,0.0,156330.58125
1796826,IT,WL,SEACO,FISHF,0.03,25012.689,3,3,25012.689,0.0,0.0,0.0,0.0,833756.3
1742702,IT,US,FABRI,PADDY,0.1,25011.546,4,4,25011.544,0.0,0.0,0.0,0.002,250115.46
1785485,IT,ZA,MOTOR,WHEAT,0.04,25010.975,4,4,25010.973,0.0,0.0,0.0,0.002,625274.375
1734328,IT,SI,BUSIN,HOTEL,0.26,25009.292,4,4,25009.29,0.0,0.0,0.0,0.002,96189.584615
1785390,IT,ZA,PAPER,BEVER,0.1,25006.528,4,4,25006.526,0.0,0.0,0.0,0.002,250065.28
1644093,IT,AT,BUSIN,EDUCA,0.26,25006.489,4,4,25006.487,0.0,0.0,0.0,0.002,96178.803846
1801161,IT,WE,FABRI,LEADZ,0.1,25005.237,4,4,25005.235,0.0,0.0,0.0,0.002,250052.37
1657695,IT,DE,CERAM,SEWAG,0.04,25005.072,3,3,25005.072,0.0,0.0,0.0,0.0,625126.8
1722368,IT,PT,STONE,CONST,0.08,25004.555,4,4,25003.555,0.0,0.0,1.0,0.0,312556.9375
1732591,IT,SI,GLASS,STONE,0.07,25004.347,3,3,25004.347,0.0,0.0,0.0,0.0,357204.957143
1734784,IT,SK,WOODW,MOTO1,0.07,25004.135,4,4,25004.133,0.0,0.0,0.0,0.002,357201.928571
1727921,IT,SE,VEGET,NONME,0.09,25002.572,3,3,25002.572,0.0,0.0,0.0,0.0,277806.355556
1683572,IT,HR,COPP1,PLAST,0.06,25001.86,3,3,25001.86,0.0,0.0,0.0,0.0,416697.666667
1644321,IT,BE,STONE,BEVER,0.08,24999.239,4,4,24998.239,0.0,0.0,1.0,0.0,312490.4875
1784695,IT,ID,TRANS,PUBLI,0.15,24999.136,3,3,24999.136,0.0,0.0,0.0,0.0,166660.906667
1811792,IT,WM,ADDIT,RAILW,0.06,24998.909,4,4,24998.907,0.0,0.0,0.0,0.002,416648.483333
1744919,IT,US,BUSIN,PREC1,0.26,24998.667,4,4,24998.665,0.0,0.0,0.0,0.002,96148.719231
1791219,IT,WA,FURNI,OFFIC,0.08,24998.535,4,4,24998.533,0.0,0.0,0.0,0.002,312481.6875
1720339,IT,PL,FABRI,SEACO,0.1,24997.791,4,4,24997.789,0.0,0.0,0.0,0.002,249977.91
1732546,IT,SI,RUBBE,DIST1,0.08,24997.686,4,4,24997.684,0.0,0.0,0.0,0.002,312471.075
1714606,IT,NL,CHEMI,POULT,0.06,24997.317,5,5,24996.315,0.0,0.0,1.0,0.002,416621.95
1658307,IT,DE,COPP1,BIOG1,0.06,24996.991,3,3,24996.991,0.0,0.0,0.0,0.0,416616.516667
1768044,IT,RU,BUSIN,KEROS,0.26,24996.956,4,4,24996.954,0.0,0.0,0.0,0.002,96142.138462
1759269,IT,BR,POSTT,BASIC,0.41,24996.487,4,4,24996.485,0.0,0.0,0.0,0.002,60967.041463
1785581,IT,ZA,GASDI,HYDRO,0.04,24996.1,4,4,24996.098,0.0,0.0,0.0,0.002,624902.5
1712570,IT,LV,MACHI,MOTO1,0.14,24995.592,4,4,24995.59,0.0,0.0,0.0,0.002,178539.942857
1729211,IT,SE,CERAM,MACHI,0.04,24993.765,3,3,24993.765,0.0,0.0,0.0,0.0,624844.125
1671103,IT,FI,RUBBE,RECRE,0.08,24992.154,4,4,24992.152,0.0,0.0,0.0,0.002,312401.925
1803195,IT,WF,CROPS,WEARI,0.2,24991.42,3,3,24991.42,0.0,0.0,0.0,0.0,124957.1
1794747,IT,WL,NONSP,BIOGA,0.03,24990.679,3,3,24990.679,0.0,0.0,0.0,0.0,833022.633333
1680986,IT,GR,INLAN,SUPPO,0.04,24989.703,4,4,24989.701,0.0,0.0,0.0,0.002,624742.575
1743315,IT,US,FURNI,FOOD3,0.08,24988.164,4,4,24988.162,0.0,0.0,0.0,0.002,312352.05
1809440,IT,WM,CHEMI,ELEC4,0.06,24985.912,5,5,24984.91,0.0,0.0,1.0,0.002,416431.866667
1810063,IT,WM,TEXTI,LEAD1,0.15,24982.367,4,4,24982.364,0.0,0.0,0.0,0.003,166549.113333
1722916,IT,PT,KEROS,COMPU,0.04,24981.146,4,4,24981.144,0.0,0.0,0.0,0.002,624528.65
1756468,IT,KR,CONST,SUPPO,0.14,24977.811,3,3,24977.811,0.0,0.0,0.0,0.0,178412.935714
1665704,IT,ES,PAPER,MEAT4,0.1,24977.743,4,4,24977.741,0.0,0.0,0.0,0.002,249777.43
1777593,IT,TR,ALUM1,MOTOR,0.04,24977.44,4,4,24977.438,0.0,0.0,0.0,0.002,624436.0
1741473,IT,US,MOTOR,INLAN,0.04,24976.546,4,4,24976.544,0.0,0.0,0.0,0.002,624413.65
1757926,IT,BR,CHEM1,COMPU,0.05,24975.683,4,4,24975.68,0.0,0.0,0.0,0.003,499513.66
1773014,IT,CH,ALUM1,BEVER,0.04,24975.631,4,4,24975.629,0.0,0.0,0.0,0.002,624390.775
1751214,IT,CN,HOTEL,LEAD1,0.18,24975.008,4,4,24975.006,0.0,0.0,0.0,0.002,138750.044444
1809139,IT,WM,CROPS,RAILW,0.2,24974.752,3,3,24974.752,0.0,0.0,0.0,0.0,124873.76
1782365,IT,NO,FABRI,BASIC,0.1,24974.705,4,4,24974.703,0.0,0.0,0.0,0.002,249747.05
1730260,IT,SE,SEACO,REFI1,0.03,24974.174,3,3,24974.174,0.0,0.0,0.0,0.0,832472.466667
1731591,IT,SI,TEXTI,HEALT,0.15,24972.628,4,4,24972.625,0.0,0.0,0.0,0.003,166484.186667
1653889,IT,CZ,FABRI,SECO9,0.1,24972.009,4,4,24972.007,0.0,0.0,0.0,0.002,249720.09
1789332,IT,WA,CHEM1,IRONO,0.05,24968.673,4,4,24968.67,0.0,0.0,0.0,0.003,499373.46
1688341,IT,IE,DAIRY,FOOD5,0.1,24966.74,4,4,24966.738,0.0,0.0,0.0,0.002,249667.4
1648728,IT,BG,FOOD5,CONST,0.12,24966.569,4,4,24966.567,0.0,0.0,0.0,0.002,208054.741667
1797584,IT,WL,HEALT,POULT,0.13,24966.115,3,3,24966.115,0.0,0.0,0.0,0.0,192047.038462
1749114,IT,CN,WOODW,ALUM1,0.07,24965.537,4,4,24965.535,0.0,0.0,0.0,0.002,356650.528571
1735987,IT,SK,MOTO1,INERT,0.13,24965.413,4,4,24965.411,0.0,0.0,0.0,0.002,192041.638462
1783330,IT,NO,PAPE1,RETA1,0.17,24965.011,4,4,24965.009,0.0,0.0,0.0,0.002,146853.005882
1766542,IT,RU,COPP1,ALUM1,0.06,24963.051,3,3,24963.051,0.0,0.0,0.0,0.0,416050.85
1746539,IT,JP,NONME,RADIO,0.05,24962.97,4,4,24962.967,0.0,0.0,0.0,0.003,499259.4
1798681,IT,WE,VEGE1,BLAST,0.08,24962.751,4,4,24962.746,0.0,0.0,0.0,0.005,312034.3875
1757963,IT,BR,ADDIT,RENTI,0.06,24962.725,4,4,24962.723,0.0,0.0,0.0,0.002,416045.416667
1772284,IT,CH,NAPHT,WHOLE,0.04,24962.643,4,4,24962.641,0.0,0.0,0.0,0.002,624066.075
1647742,IT,BE,INSUR,WHOLE,0.51,24962.135,3,3,24962.135,0.0,0.0,0.0,0.0,48945.362745
1688732,IT,IE,CHEM1,WASTE,0.05,24962.014,4,4,24962.011,0.0,0.0,0.0,0.003,499240.28
1805222,IT,WF,CHEM1,BASIC,0.05,24961.767,4,4,24961.764,0.0,0.0,0.0,0.003,499235.34
1667237,IT,ES,PREC1,ELEC4,0.04,24958.242,3,3,24958.242,0.0,0.0,0.0,0.0,623956.05
1761763,IT,IN,MACHI,LEAD1,0.14,24957.968,4,4,24957.966,0.0,0.0,0.0,0.002,178271.2
1811753,IT,WM,ADDIT,NONSP,0.06,24957.927,4,4,24957.925,0.0,0.0,0.0,0.002,415965.45
1804003,IT,WF,LEATH,RESEA,0.18,24957.606,4,4,24957.602,0.0,0.0,0.0,0.004,138653.366667
1642238,IT,AT,NONME,TEXTI,0.05,24956.663,4,4,24956.66,0.0,0.0,0.0,0.003,499133.26
1725360,IT,RO,TEXTI,FORES,0.15,24955.644,4,4,24955.641,0.0,0.0,0.0,0.003,166370.96
1764706,IT,MX,HOTEL,MOTOR,0.18,24955.609,4,4,24955.607,0.0,0.0,0.0,0.002,138642.272222
1804269,IT,WF,MOTOR,NONFE,0.04,24952.58,4,4,24952.578,0.0,0.0,0.0,0.002,623814.5
1662543,IT,DK,FABRI,FISHF,0.1,24950.095,4,4,24950.093,0.0,0.0,0.0,0.002,249500.95
1714588,IT,NL,SANDC,VEGET,0.06,24949.415,4,4,24944.415,0.0,0.0,5.0,0.0,415823.583333
1659096,IT,DE,ELEC5,TRAN1,0.3,24949.113,4,4,24949.111,0.0,0.0,0.0,0.002,83163.71
1730741,IT,SE,BUSIN,FISHF,0.26,24948.556,4,4,24948.554,0.0,0.0,0.0,0.002,95955.984615
1723450,IT,PT,PREC1,BUSIN,0.04,24948.206,3,3,24948.206,0.0,0.0,0.0,0.0,623705.15
1728284,IT,SE,BEVER,LIQUI,0.11,24946.553,4,4,24946.551,0.0,0.0,0.0,0.002,226786.845455
1809980,IT,WM,FISH5,BUSIN,0.1,24946.49,4,4,24946.477,0.0,0.0,0.0,0.013,249464.9
1649362,IT,BG,PLAST,REALE,0.05,24946.192,4,4,24946.189,0.0,0.0,0.0,0.003,498923.84
1737749,IT,GB,HEAVY,PLAST,0.04,24945.923,4,4,24945.921,0.0,0.0,0.0,0.002,623648.075
1776462,IT,TR,MOTOR,NAPHT,0.04,24945.86,4,4,24945.858,0.0,0.0,0.0,0.002,623646.5
1763633,IT,MX,RUBBE,POULT,0.08,24944.805,4,4,24944.803,0.0,0.0,0.0,0.002,311810.0625
1650421,IT,BG,ELEC4,COPP1,0.4,24944.801,4,4,24944.799,0.0,0.0,0.0,0.002,62362.0025
1726706,IT,RO,FURNI,MOTOR,0.08,24944.666,4,4,24944.664,0.0,0.0,0.0,0.002,311808.325
1770073,IT,AU,WHOLE,BITUM,0.22,24944.425,3,3,24944.425,0.0,0.0,0.0,0.0,113383.75
1643717,IT,AT,SUPPO,COPP1,0.18,24943.743,3,3,24943.743,0.0,0.0,0.0,0.0,138576.35
1722977,IT,PT,NAPHT,CHEM1,0.04,24943.632,4,4,24943.63,0.0,0.0,0.0,0.002,623590.8
1805508,IT,WF,CERAM,CHARC,0.04,24943.24,3,3,24943.24,0.0,0.0,0.0,0.0,623581.0
1776809,IT,TR,NAPHT,ELECT,0.04,24942.881,4,4,24942.879,0.0,0.0,0.0,0.002,623572.025
1753006,IT,CA,CHEM1,NONSP,0.05,24942.268,4,4,24942.265,0.0,0.0,0.0,0.003,498845.36
1714084,IT,MT,SEACO,MEAT1,0.03,24941.803,3,3,24941.803,0.0,0.0,0.0,0.0,831393.433333
1794705,IT,WL,NAPHT,RETAI,0.04,24937.807,4,4,24937.805,0.0,0.0,0.0,0.002,623445.175
1739991,IT,GB,AUXIL,RECRE,0.46,24937.209,3,3,24937.209,0.0,0.0,0.0,0.0,54211.323913
1675480,IT,FR,OFFIC,PLAST,0.08,24936.005,4,4,24936.003,0.0,0.0,0.0,0.002,311700.0625
1677603,IT,FR,REALE,MACHI,1.05,24935.622,4,4,24935.62,0.0,0.0,0.0,0.002,23748.211429
1813237,IT,WM,TRANS,BEVER,0.15,24934.911,3,3,24934.911,0.0,0.0,0.0,0.0,166232.74
1777384,IT,TR,CERAM,FABRI,0.04,24934.059,3,3,24934.059,0.0,0.0,0.0,0.0,623351.475
1740805,IT,US,VEGE1,LEATH,0.08,24933.825,4,4,24933.82,0.0,0.0,0.0,0.005,311672.8125
1710095,IT,LT,FABRI,SALEM,0.1,24933.238,4,4,24933.236,0.0,0.0,0.0,0.002,249332.38
1641342,IT,AT,KEROS,NFERT,0.04,24933.189,4,4,24933.187,0.0,0.0,0.0,0.002,623329.725
1681703,IT,HR,FISHF,FISHF,0.04,24933.151,3,3,24933.151,0.0,0.0,0.0,0.0,623328.775
1760705,IT,IN,PAPER,TRANS,0.1,24933.129,4,4,24933.127,0.0,0.0,0.0,0.002,249331.29
1671902,IT,FI,HOTEL,MEMBE,0.18,24931.037,4,4,24931.035,0.0,0.0,0.0,0.002,138505.761111
1674029,IT,FR,GASDI,FORES,0.04,24930.873,4,4,24930.871,0.0,0.0,0.0,0.002,623271.825
1799972,IT,WE,HEAVY,REFIN,0.04,24930.313,4,4,24930.311,0.0,0.0,0.0,0.002,623257.825
1646736,IT,BE,CONST,PLAST,0.14,24929.863,3,3,24929.863,0.0,0.0,0.0,0.0,178070.45
1659829,IT,DE,LANDT,NONF1,0.16,24929.804,3,3,24929.804,0.0,0.0,0.0,0.0,155811.275
1782701,IT,NO,WHOLE,93197,0.22,24929.503,3,3,24929.503,0.0,0.0,0.0,0.0,113315.922727
1687016,IT,HU,OFFIC,FABRI,0.08,24927.963,4,4,24927.961,0.0,0.0,0.0,0.002,311599.5375
1653143,IT,CZ,CHEM1,MOTO1,0.05,24927.795,4,4,24927.792,0.0,0.0,0.0,0.003,498555.9
1686353,IT,HU,NONME,RENTI,0.05,24926.178,4,4,24926.175,0.0,0.0,0.0,0.003,498523.56
1791629,IT,WA,HOTEL,WEARI,0.18,24926.022,4,4,24926.02,0.0,0.0,0.0,0.002,138477.9
1732853,IT,SI,BASIC,SALEM,0.03,24925.404,4,4,24925.402,0.0,0.0,0.0,0.002,830846.8
1671736,IT,FI,SALEM,AUXIL,0.2,24924.902,4,4,24924.9,0.0,0.0,0.0,0.002,124624.51
1748039,IT,JP,BUSIN,GLASS,0.26,24924.798,4,4,24924.796,0.0,0.0,0.0,0.002,95864.607692
1745481,IT,JP,FOOD5,PRINT,0.12,24923.701,4,4,24923.699,0.0,0.0,0.0,0.002,207697.508333
1655867,IT,DE,DAIRY,MEAT1,0.1,24919.483,4,4,24919.481,0.0,0.0,0.0,0.002,249194.83
1686618,IT,HU,LEAD1,GASDI,0.04,24919.458,4,4,24919.456,0.0,0.0,0.0,0.002,622986.45
1646264,IT,BE,LEAD1,COMPU,0.04,24918.814,4,4,24918.812,0.0,0.0,0.0,0.002,622970.35
1791791,IT,WA,LANDT,POULT,0.16,24916.488,3,3,24916.488,0.0,0.0,0.0,0.0,155728.05
1751749,IT,CN,INSUR,EDUCA,0.51,24913.917,3,3,24913.917,0.0,0.0,0.0,0.0,48850.817647
1719530,IT,PL,GLASS,PREC1,0.07,24913.371,3,3,24913.371,0.0,0.0,0.0,0.0,355905.3
1761265,IT,IN,RUBBE,BIOGA,0.08,24912.428,4,4,24912.426,0.0,0.0,0.0,0.002,311405.35
1651696,IT,CY,FABRI,CEMEN,0.1,24912.203,4,4,24912.201,0.0,0.0,0.0,0.002,249122.03
1776264,IT,TR,PULP5,PUBLI,0.08,24910.341,4,4,24910.339,0.0,0.0,0.0,0.002,311379.2625
1768073,IT,RU,BUSIN,RADIO,0.26,24909.452,4,4,24909.45,0.0,0.0,0.0,0.002,95805.584615
1773153,IT,CH,COPP1,HEALT,0.06,24909.273,3,3,24909.273,0.0,0.0,0.0,0.0,415154.55
1783686,IT,NO,WASTE,PLAS1,0.08,24909.179,3,3,24909.179,0.0,0.0,0.0,0.0,311364.7375
1667289,IT,ES,ALUM1,PREC1,0.04,24908.022,4,4,24908.02,0.0,0.0,0.0,0.002,622700.55
1780624,IT,TW,INSUR,WHOLE,0.51,24906.019,3,3,24906.019,0.0,0.0,0.0,0.0,48835.331373
1710207,IT,LT,MACHI,93197,0.14,24905.725,4,4,24905.723,0.0,0.0,0.0,0.002,177898.035714
1683868,IT,HR,MOTO1,PUBLI,0.13,24904.295,4,4,24904.293,0.0,0.0,0.0,0.002,191571.5
1712588,IT,LV,MACHI,POSTT,0.14,24903.609,4,4,24903.607,0.0,0.0,0.0,0.002,177882.921429
1656146,IT,DE,FISH5,EDUCA,0.1,24903.086,4,4,24903.073,0.0,0.0,0.0,0.013,249030.86
1668120,IT,ES,CONST,SUPPO,0.14,24901.527,3,3,24901.527,0.0,0.0,0.0,0.0,177868.05
1728373,IT,SE,TEXTI,TRANS,0.15,24901.276,4,4,24901.273,0.0,0.0,0.0,0.003,166008.506667
1651612,IT,CY,BRICK,PAPER,0.04,24901.202,4,4,24901.2,0.0,0.0,0.0,0.002,622530.05
1749166,IT,CN,PULP5,GASDI,0.08,24899.666,4,4,24899.664,0.0,0.0,0.0,0.002,311245.825
1802022,IT,WE,WHOLE,BASIC,0.22,24899.567,3,3,24899.567,0.0,0.0,0.0,0.0,113179.85
1646171,IT,BE,ALUM1,WOODW,0.04,24899.218,4,4,24899.216,0.0,0.0,0.0,0.002,622480.45
1786344,IT,ZA,MACHI,NATU1,0.14,24898.835,4,4,24898.833,0.0,0.0,0.0,0.002,177848.821429
1782611,IT,NO,FURNI,LANDT,0.08,24897.756,4,4,24897.754,0.0,0.0,0.0,0.002,311221.95
1663970,IT,EE,PAPER,MACHI,0.1,24896.898,4,4,24896.896,0.0,0.0,0.0,0.002,248968.98
1811130,IT,WM,NAPHT,PROCE,0.04,24895.542,4,4,24895.54,0.0,0.0,0.0,0.002,622388.55
1755433,IT,KR,HEAVY,SEACO,0.04,24895.286,4,4,24895.284,0.0,0.0,0.0,0.002,622382.15
1648407,IT,BE,93197,HOTEL,0.17,24894.842,4,4,24894.84,0.0,0.0,0.0,0.002,146440.247059
1743900,IT,US,SEACO,MEDIC,0.03,24893.894,3,3,24893.894,0.0,0.0,0.0,0.0,829796.466667
1753262,IT,CA,CEMEN,HEAVY,0.04,24893.426,3,3,24893.426,0.0,0.0,0.0,0.0,622335.65
1810972,IT,WM,GASDI,LEAD1,0.04,24892.372,4,4,24892.37,0.0,0.0,0.0,0.002,622309.3
1799986,IT,WE,HEAVY,BIODI,0.04,24892.057,4,4,24892.055,0.0,0.0,0.0,0.002,622301.425
1731955,IT,SI,MOTOR,COMPU,0.04,24891.357,4,4,24891.355,0.0,0.0,0.0,0.002,622283.925
1735482,IT,SK,BASIC,EDUCA,0.03,24891.211,4,4,24891.209,0.0,0.0,0.0,0.002,829707.033333
1662151,IT,DK,RUBBE,NONME,0.08,24891.014,4,4,24891.012,0.0,0.0,0.0,0.002,311137.675
1683554,IT,HR,LEAD1,FABRI,0.04,24890.565,4,4,24890.563,0.0,0.0,0.0,0.002,622264.125
1795136,IT,WL,RUBBE,BRICK,0.08,24890.385,4,4,24890.383,0.0,0.0,0.0,0.002,311129.8125
1662968,IT,DK,HOTEL,VEGET,0.18,24890.336,4,4,24890.334,0.0,0.0,0.0,0.002,138279.644444
1650994,IT,BG,SUPPO,TRAN1,0.18,24889.588,3,3,24889.588,0.0,0.0,0.0,0.0,138275.488889
1733778,IT,SI,LANDT,FURNI,0.16,24887.656,3,3,24887.656,0.0,0.0,0.0,0.0,155547.85
1673941,IT,FR,MOTOR,FOODW,0.04,24887.574,4,4,24887.572,0.0,0.0,0.0,0.002,622189.35
1757617,IT,BR,GASDI,SEACO,0.04,24886.963,4,4,24886.961,0.0,0.0,0.0,0.002,622174.075
1775618,IT,CH,RECRE,HEALT,0.32,24886.193,4,4,24886.191,0.0,0.0,0.0,0.002,77769.353125
1802816,IT,WE,EDUCA,CRUDE,0.62,24886.059,4,4,24886.057,0.0,0.0,0.0,0.002,40138.804839
1803785,IT,WF,TEXTI,SANDC,0.15,24885.219,4,4,24885.216,0.0,0.0,0.0,0.003,165901.46
1793998,IT,WL,WOODW,OFFIC,0.07,24883.745,4,4,24883.743,0.0,0.0,0.0,0.002,355482.071429
1683817,IT,HR,OFFIC,BUSIN,0.08,24881.685,4,4,24881.683,0.0,0.0,0.0,0.002,311021.0625
1736113,IT,SK,CONST,FABRI,0.14,24881.571,3,3,24881.571,0.0,0.0,0.0,0.0,177725.507143
1790145,IT,WA,BASIC,GASWO,0.03,24877.638,4,4,24877.636,0.0,0.0,0.0,0.002,829254.6
1804099,IT,WF,PAPER,IRONO,0.1,24877.321,4,4,24877.319,0.0,0.0,0.0,0.002,248773.21
1680233,IT,GR,TRANS,MEDIC,0.15,24876.387,3,3,24876.387,0.0,0.0,0.0,0.0,165842.58
1784526,IT,ID,FABRI,SALEM,0.1,24876.263,4,4,24876.261,0.0,0.0,0.0,0.002,248762.63
1672898,IT,FR,VEGE1,SEACO,0.08,24875.664,4,4,24875.659,0.0,0.0,0.0,0.005,310945.8
1767914,IT,RU,RENTI,WOODW,0.15,24875.362,3,3,24875.362,0.0,0.0,0.0,0.0,165835.746667
1782359,IT,NO,FABRI,CHEM1,0.1,24875.154,4,4,24875.152,0.0,0.0,0.0,0.002,248751.54
1764871,IT,MX,AIRTR,PRINT,0.03,24875.042,3,3,24875.042,0.0,0.0,0.0,0.0,829168.066667
1665925,IT,ES,MOTOR,OILSE,0.04,24874.819,4,4,24874.817,0.0,0.0,0.0,0.002,621870.475
1666959,IT,ES,CERAM,DIST1,0.04,24874.815,3,3,24874.815,0.0,0.0,0.0,0.0,621870.375
1662469,IT,DK,ALUM1,RADIO,0.04,24873.043,4,4,24873.041,0.0,0.0,0.0,0.002,621826.075
1780465,IT,TW,POSTT,FOOD5,0.41,24872.547,4,4,24872.545,0.0,0.0,0.0,0.002,60664.74878
1674040,IT,FR,GASDI,FABRI,0.04,24871.675,4,4,24871.673,0.0,0.0,0.0,0.002,621791.875
1647913,IT,BE,REALE,CONST,1.05,24871.043,4,4,24871.041,0.0,0.0,0.0,0.002,23686.707619
1669324,IT,ES,FINAN,TRAN1,0.32,24870.839,3,3,24870.839,0.0,0.0,0.0,0.0,77721.371875
1787998,IT,WA,TEXTI,SUGA1,0.15,24870.669,4,4,24870.666,0.0,0.0,0.0,0.003,165804.46
1656185,IT,DE,TEXTI,ADDIT,0.15,24869.797,4,4,24869.794,0.0,0.0,0.0,0.003,165798.646667
1736538,IT,SK,SUPPO,GASDI,0.18,24869.433,3,3,24869.433,0.0,0.0,0.0,0.0,138163.516667
1648074,IT,BE,COMPU,HEALT,0.28,24868.587,4,4,24868.585,0.0,0.0,0.0,0.002,88816.382143
1814428,IT,WM,REALE,BUSIN,1.05,24865.039,4,4,24865.037,0.0,0.0,0.0,0.002,23680.989524
1653276,IT,CZ,RUBBE,RAILW,0.08,24864.038,4,4,24864.036,0.0,0.0,0.0,0.002,310800.475
1741182,IT,US,LEATH,INSUR,0.18,24863.114,4,4,24863.11,0.0,0.0,0.0,0.004,138128.411111
1781617,IT,NO,WEARI,PUBLI,0.19,24862.893,4,4,24862.888,0.0,0.0,0.0,0.005,130857.331579
1715237,IT,NL,WOODW,RECRE,0.07,24861.404,4,4,24861.402,0.0,0.0,0.0,0.002,355162.914286
1789385,IT,WA,CHEM1,PREC1,0.05,24860.387,4,4,24860.384,0.0,0.0,0.0,0.003,497207.74
1661227,IT,DK,CEREA,BUSIN,0.04,24860.019,3,3,24860.019,0.0,0.0,0.0,0.0,621500.475
1650812,IT,BG,LANDT,MEAT4,0.16,24859.367,3,3,24859.367,0.0,0.0,0.0,0.0,155371.04375
1764767,IT,MX,HOTEL,COMPU,0.18,24858.96,4,4,24858.958,0.0,0.0,0.0,0.002,138105.333333
1712266,IT,LV,PLAST,WOODW,0.05,24858.889,4,4,24858.886,0.0,0.0,0.0,0.003,497177.78
1756083,IT,KR,FABRI,NONF1,0.1,24858.231,4,4,24858.229,0.0,0.0,0.0,0.002,248582.31
1810456,IT,WM,PULP5,TRAN2,0.08,24858.038,4,4,24858.036,0.0,0.0,0.0,0.002,310725.475
1722346,IT,PT,FORES,RENTI,0.22,24854.557,4,4,24844.557,0.0,10.0,0.0,0.0,112975.259091
1737081,IT,GB,CHEMI,FABRI,0.06,24853.085,5,5,24852.083,0.0,0.0,1.0,0.002,414218.083333
1752826,IT,CA,PAPER,MEDIC,0.1,24852.823,4,4,24852.821,0.0,0.0,0.0,0.002,248528.23
1774546,IT,CH,SEACO,CROPS,0.03,24851.865,3,3,24851.865,0.0,0.0,0.0,0.0,828395.5
1690203,IT,IE,BUSIN,TRANS,0.26,24851.415,4,4,24851.413,0.0,0.0,0.0,0.002,95582.365385
1796298,IT,WL,CONST,BUSIN,0.14,24850.669,3,3,24850.669,0.0,0.0,0.0,0.0,177504.778571
1710811,IT,LU,PAPER,SUGA1,0.1,24848.535,4,4,24848.533,0.0,0.0,0.0,0.002,248485.35
1769397,IT,AU,CERAM,HOTEL,0.04,24845.62,3,3,24845.62,0.0,0.0,0.0,0.0,621140.5
1758863,IT,BR,HOTEL,BIODI,0.18,24844.654,4,4,24844.652,0.0,0.0,0.0,0.002,138025.855556
1756264,IT,KR,OFFIC,LEAD1,0.08,24843.43,4,4,24843.428,0.0,0.0,0.0,0.002,310542.875
1743761,IT,US,LANDT,BITU1,0.16,24842.159,3,3,24842.159,0.0,0.0,0.0,0.0,155263.49375
1685717,IT,HU,PARAF,RUBBE,0.04,24841.944,4,4,24841.942,0.0,0.0,0.0,0.002,621048.6
1646434,IT,BE,MACHI,STONE,0.14,24840.935,4,4,24840.933,0.0,0.0,0.0,0.002,177435.25
1659921,IT,DE,TRAN2,NFERT,0.04,24840.651,3,3,24840.651,0.0,0.0,0.0,0.0,621016.275
1733329,IT,SI,MOTO1,FOOD3,0.13,24839.602,4,4,24839.6,0.0,0.0,0.0,0.002,191073.861538
1804490,IT,WF,GASDI,HEAVY,0.04,24839.438,4,4,24839.436,0.0,0.0,0.0,0.002,620985.95
1768968,IT,AU,PAPER,MEDIC,0.1,24838.578,4,4,24838.576,0.0,0.0,0.0,0.002,248385.78
1770890,IT,AU,BUSIN,AUXIL,0.26,24836.47,4,4,24836.468,0.0,0.0,0.0,0.002,95524.884615
1785821,IT,ZA,CHEM1,CERAM,0.05,24834.172,4,4,24834.169,0.0,0.0,0.0,0.003,496683.44
1806670,IT,WF,WHOLE,CROPS,0.21,24833.822,3,3,24833.822,0.0,0.0,0.0,0.0,118256.295238
1798541,IT,WE,SANDC,PAPER,0.06,24833.274,4,4,24828.274,0.0,0.0,5.0,0.0,413887.9
1672692,IT,FR,SANDC,SANDC,0.06,24833.168,4,4,24828.168,0.0,0.0,5.0,0.0,413886.133333
1809883,IT,WM,BEVER,LEATH,0.11,24832.477,4,4,24832.475,0.0,0.0,0.0,0.002,225749.790909
1666494,IT,ES,PLAST,ALUM1,0.05,24830.889,4,4,24830.886,0.0,0.0,0.0,0.003,496617.78
1737074,IT,GB,CHEMI,CERAM,0.06,24830.662,5,5,24829.66,0.0,0.0,1.0,0.002,413844.366667
1724158,IT,PT,RETA1,AUXIL,0.26,24830.397,4,4,24830.395,0.0,0.0,0.0,0.002,95501.526923
1740997,IT,US,BEVER,REALE,0.11,24830.292,4,4,24830.29,0.0,0.0,0.0,0.002,225729.927273
1652499,IT,CZ,WEARI,ELECT,0.19,24829.886,4,4,24829.881,0.0,0.0,0.0,0.005,130683.610526
1665357,IT,ES,TEXTI,VEGET,0.15,24829.672,4,4,24829.669,0.0,0.0,0.0,0.003,165531.146667
1674442,IT,FR,ADDIT,WHITE,0.06,24828.763,4,4,24828.761,0.0,0.0,0.0,0.002,413812.716667
1778978,IT,TR,SEACO,PAPE4,0.03,24828.26,3,3,24828.26,0.0,0.0,0.0,0.0,827608.666667
1798178,IT,WE,CEREA,FINAN,0.04,24827.428,3,3,24827.428,0.0,0.0,0.0,0.0,620685.7
1800988,IT,WE,ALUM1,CONST,0.04,24826.954,4,4,24826.952,0.0,0.0,0.0,0.002,620673.85
1722063,IT,PL,BUSIN,COPPE,0.25,24826.851,4,4,24826.849,0.0,0.0,0.0,0.002,99307.404
1800356,IT,WE,CHEM1,PRINT,0.05,24826.778,4,4,24826.775,0.0,0.0,0.0,0.003,496535.56
1685420,IT,HU,WOODW,ANIMA,0.07,24826.671,4,4,24826.669,0.0,0.0,0.0,0.002,354666.728571
1720089,IT,PL,ALUM1,TEXT2,0.04,24824.582,4,4,24824.58,0.0,0.0,0.0,0.002,620614.55
1685935,IT,HU,CHEM1,INTER,0.05,24823.879,4,4,24823.876,0.0,0.0,0.0,0.003,496477.58
1799241,IT,WE,LEATH,PAPER,0.18,24823.82,4,4,24823.816,0.0,0.0,0.0,0.004,137910.111111
1726315,IT,RO,PREC1,FURNI,0.04,24823.354,3,3,24823.354,0.0,0.0,0.0,0.0,620583.85
1782080,IT,NO,GLASS,OFFIC,0.07,24823.205,3,3,24823.205,0.0,0.0,0.0,0.0,354617.214286
1648669,IT,BG,DAIRY,HEALT,0.1,24822.116,4,4,24822.114,0.0,0.0,0.0,0.002,248221.16
1719112,IT,PL,NONSP,BUSIN,0.03,24820.745,3,3,24820.745,0.0,0.0,0.0,0.0,827358.166667
1761361,IT,IN,CERAM,COKEO,0.04,24819.69,3,3,24819.69,0.0,0.0,0.0,0.0,620492.25
1657703,IT,DE,BRICK,BRICK,0.04,24819.401,4,4,24819.399,0.0,0.0,0.0,0.002,620485.025
1761311,IT,IN,RUBBE,FOOD3,0.08,24817.294,4,4,24817.292,0.0,0.0,0.0,0.002,310216.175
1746166,IT,JP,PLAST,CEMEN,0.05,24817.211,4,4,24817.208,0.0,0.0,0.0,0.003,496344.22
1797716,IT,WL,PLAS1,SUPPO,0.09,24815.91,4,4,24815.908,0.0,0.0,0.0,0.002,275732.333333
1659442,IT,DE,WHOLE,SALEM,0.21,24815.847,3,3,24815.847,0.0,0.0,0.0,0.0,118170.7
1807965,IT,WF,PLAS1,MOTO1,0.09,24813.317,4,4,24813.315,0.0,0.0,0.0,0.002,275703.522222
1653867,IT,CZ,FABRI,BIODI,0.1,24809.378,4,4,24809.376,0.0,0.0,0.0,0.002,248093.78
1656435,IT,DE,PULP5,PRINT,0.08,24808.119,4,4,24808.117,0.0,0.0,0.0,0.002,310101.4875
1807156,IT,WF,AIRTR,LIQUE,0.03,24805.795,3,3,24805.795,0.0,0.0,0.0,0.0,826859.833333
1806587,IT,WF,CONST,SUPPO,0.14,24805.385,3,3,24805.385,0.0,0.0,0.0,0.0,177181.321429
1721963,IT,PL,COMPU,GASDI,0.28,24803.9,4,4,24803.898,0.0,0.0,0.0,0.002,88585.357143
1802888,IT,WE,RECRE,CRUDE,0.32,24803.722,4,4,24803.72,0.0,0.0,0.0,0.002,77511.63125
1788551,IT,WA,PAPER,NAPHT,0.1,24803.059,4,4,24803.057,0.0,0.0,0.0,0.002,248030.59
1715746,IT,NL,BIOGA,BUSIN,0.05,24798.939,4,4,24798.936,0.0,0.0,0.0,0.003,495978.78
1781821,IT,NO,BITU1,WOOD2,0.04,24798.066,4,4,24798.064,0.0,0.0,0.0,0.002,619951.65
1671145,IT,FI,GLASS,COMPU,0.07,24797.373,3,3,24797.373,0.0,0.0,0.0,0.0,354248.185714
1677421,IT,FR,INSUR,SALEM,0.51,24797.003,3,3,24797.003,0.0,0.0,0.0,0.0,48621.57451
1791171,IT,WA,FURNI,NATU1,0.08,24794.915,4,4,24794.913,0.0,0.0,0.0,0.002,309936.4375
1797956,IT,WL,FOOD4,PUBLI,0.18,24794.871,4,4,24794.869,0.0,0.0,0.0,0.002,137749.283333
1667501,IT,ES,FABRI,GASDI,0.1,24794.315,4,4,24794.313,0.0,0.0,0.0,0.002,247943.15
1673981,IT,FR,KEROS,TRANS,0.04,24794.129,4,4,24794.127,0.0,0.0,0.0,0.002,619853.225
1662656,IT,DK,MACHI,CERAM,0.14,24794.037,4,4,24794.035,0.0,0.0,0.0,0.002,177100.264286
1788496,IT,WA,PULP5,BUSIN,0.08,24793.563,4,4,24793.561,0.0,0.0,0.0,0.002,309919.5375
1759648,IT,BR,RESEA,FABRI,0.13,24793.331,4,4,24793.329,0.0,0.0,0.0,0.002,190717.930769
1776624,IT,TR,GASDI,RADIO,0.04,24792.131,4,4,24792.129,0.0,0.0,0.0,0.002,619803.275
1672411,IT,FI,BUSIN,RETAI,0.25,24791.792,4,4,24791.79,0.0,0.0,0.0,0.002,99167.168
1810850,IT,WM,KEROS,TRAN1,0.04,24790.827,4,4,24790.825,0.0,0.0,0.0,0.002,619770.675
1734885,IT,SK,PAPER,LANDT,0.1,24790.115,4,4,24790.113,0.0,0.0,0.0,0.002,247901.15
1777290,IT,TR,RUBBE,PAPE4,0.08,24788.767,4,4,24788.765,0.0,0.0,0.0,0.002,309859.5875
1727465,IT,RO,AUXIL,TEXTI,0.45,24788.243,3,3,24788.243,0.0,0.0,0.0,0.0,55084.984444
1792077,IT,WA,AIRTR,LEAD1,0.03,24788.003,3,3,24788.003,0.0,0.0,0.0,0.0,826266.766667
1774355,IT,CH,HOTEL,BIOG1,0.18,24787.823,4,4,24787.821,0.0,0.0,0.0,0.002,137710.127778
1719323,IT,PL,CHEM1,WOOD1,0.05,24787.261,4,4,24787.258,0.0,0.0,0.0,0.003,495745.22
1761443,IT,IN,BASIC,DISTR,0.03,24787.22,4,4,24787.218,0.0,0.0,0.0,0.002,826240.666667
1743490,IT,US,WHOLE,PUBLI,0.21,24786.574,3,3,24786.574,0.0,0.0,0.0,0.0,118031.304762
1645545,IT,BE,PLAST,SEWAG,0.05,24786.547,4,4,24786.544,0.0,0.0,0.0,0.003,495730.94
1761312,IT,IN,RUBBE,WASTE,0.08,24785.359,4,4,24785.357,0.0,0.0,0.0,0.002,309816.9875
1655353,IT,DE,OILSE,MEATP,0.02,24784.679,3,3,24784.679,0.0,0.0,0.0,0.0,1239233.95
1658659,IT,DE,MACHI,FOOD4,0.14,24784.293,4,4,24784.291,0.0,0.0,0.0,0.002,177030.664286
1764908,IT,MX,AIRTR,COMPU,0.03,24783.761,3,3,24783.761,0.0,0.0,0.0,0.0,826125.366667
1653693,IT,CZ,LEAD1,BASIC,0.04,24782.71,4,4,24782.708,0.0,0.0,0.0,0.002,619567.75
1751883,IT,CN,COMPU,LEATH,0.28,24782.375,4,4,24782.373,0.0,0.0,0.0,0.002,88508.482143
1656430,IT,DE,PULP5,BEVER,0.08,24782.111,4,4,24782.109,0.0,0.0,0.0,0.002,309776.3875
1712325,IT,LV,RUBBE,CEMEN,0.08,24781.146,4,4,24781.144,0.0,0.0,0.0,0.002,309764.325
1790349,IT,WA,ALUM1,RETA1,0.04,24779.45,4,4,24779.448,0.0,0.0,0.0,0.002,619486.25
1658043,IT,DE,PREC1,ELECT,0.04,24775.875,3,3,24775.875,0.0,0.0,0.0,0.0,619396.875
1690390,IT,IE,WASTE,HEALT,0.08,24775.618,3,3,24775.618,0.0,0.0,0.0,0.0,309695.225
1714086,IT,MT,SEACO,FOOD5,0.03,24775.474,3,3,24775.474,0.0,0.0,0.0,0.0,825849.133333
1814919,IT,WM,PRIVA,GASDI,5.53,24772.878,4,4,24772.874,0.0,0.0,0.0,0.004,4479.724774
1755410,IT,KR,GASDI,INLAN,0.04,24772.682,4,4,24772.68,0.0,0.0,0.0,0.002,619317.05
1781282,IT,NO,MEAT4,FOOD5,0.14,24771.804,4,4,24771.802,0.0,0.0,0.0,0.002,176941.457143
1795661,IT,WL,FABRI,BRICK,0.1,24771.129,4,4,24771.127,0.0,0.0,0.0,0.002,247711.29
1725186,IT,RO,DAIRY,MEAT1,0.1,24770.625,4,4,24770.623,0.0,0.0,0.0,0.002,247706.25
1681791,IT,HR,MEATC,BEVER,0.08,24769.116,4,4,24769.114,0.0,0.0,0.0,0.002,309613.95
1753305,IT,CA,BASIC,PULP5,0.03,24767.648,4,4,24767.646,0.0,0.0,0.0,0.002,825588.266667
1781915,IT,NO,CHEM1,FURNI,0.05,24765.508,4,4,24765.505,0.0,0.0,0.0,0.003,495310.16
1750817,IT,CN,FURNI,NAPHT,0.08,24765.364,4,4,24765.362,0.0,0.0,0.0,0.002,309567.05
1664402,IT,EE,MACHI,KEROS,0.14,24763.847,4,4,24763.845,0.0,0.0,0.0,0.002,176884.621429
1652676,IT,CZ,PULP5,PAPER,0.08,24762.956,4,4,24762.954,0.0,0.0,0.0,0.002,309536.95
1784815,IT,ID,HOTEL,LANDT,0.18,24760.745,4,4,24760.743,0.0,0.0,0.0,0.002,137559.694444
1664908,IT,ES,CRUDE,NONSP,0.05,24758.891,4,4,24758.889,0.0,0.0,0.0,0.002,495177.82
1641613,IT,AT,NAPHT,DIST1,0.04,24757.658,4,4,24757.656,0.0,0.0,0.0,0.002,618941.45
1755599,IT,KR,CHEM1,FOODW,0.05,24757.505,4,4,24757.502,0.0,0.0,0.0,0.003,495150.1
1647380,IT,BE,SEACO,WASTE,0.03,24757.498,3,3,24757.498,0.0,0.0,0.0,0.0,825249.933333
1647981,IT,BE,RENTI,AUXIL,0.15,24756.71,3,3,24756.71,0.0,0.0,0.0,0.0,165044.733333
1791898,IT,WA,TRAN2,GASDI,0.04,24756.263,3,3,24756.263,0.0,0.0,0.0,0.0,618906.575
1765936,IT,RU,PLAST,BUSIN,0.05,24755.168,4,4,24755.165,0.0,0.0,0.0,0.003,495103.36
1658547,IT,DE,MACHI,SUGA1,0.14,24752.156,4,4,24752.154,0.0,0.0,0.0,0.002,176801.114286
1805859,IT,WF,ALUM1,TEXTI,0.04,24751.131,4,4,24751.129,0.0,0.0,0.0,0.002,618778.275
1773549,IT,CH,MOTO1,BIOG1,0.13,24750.978,4,4,24750.976,0.0,0.0,0.0,0.002,190392.138462
1709621,IT,LT,PAPER,BUSIN,0.1,24750.309,4,4,24750.307,0.0,0.0,0.0,0.002,247503.09
1640923,IT,AT,LEATH,MEMBE,0.18,24749.437,4,4,24749.433,0.0,0.0,0.0,0.004,137496.872222
1790239,IT,WA,PREC1,MACHI,0.04,24749.173,3,3,24749.173,0.0,0.0,0.0,0.0,618729.325
1796292,IT,WL,CONST,FINAN,0.14,24748.78,3,3,24748.78,0.0,0.0,0.0,0.0,176777.0
1709929,IT,LT,BASIC,COPP1,0.03,24747.712,4,4,24747.71,0.0,0.0,0.0,0.002,824923.733333
1773037,IT,CH,ALUM1,COPP1,0.04,24747.343,4,4,24747.341,0.0,0.0,0.0,0.002,618683.575
1711223,IT,LU,MACHI,SALEM,0.14,24746.844,4,4,24746.842,0.0,0.0,0.0,0.002,176763.171429
1779489,IT,TR,RENTI,BASIC,0.15,24745.481,3,3,24745.481,0.0,0.0,0.0,0.0,164969.873333
1664116,IT,EE,RUBBE,BEVER,0.08,24745.043,4,4,24745.041,0.0,0.0,0.0,0.002,309313.0375
1717316,IT,NL,FINAN,TEXTI,0.32,24743.311,3,3,24743.311,0.0,0.0,0.0,0.0,77322.846875
1749837,IT,CN,RUBBE,BIOGA,0.08,24742.499,4,4,24742.497,0.0,0.0,0.0,0.002,309281.2375
1657765,IT,DE,NONME,LEADZ,0.05,24742.184,4,4,24742.181,0.0,0.0,0.0,0.003,494843.68
1805991,IT,WF,COPP1,PAPER,0.06,24740.985,3,3,24740.985,0.0,0.0,0.0,0.0,412349.75
1680306,IT,GR,FURNI,PUBLI,0.08,24740.126,4,4,24740.124,0.0,0.0,0.0,0.002,309251.575
1790444,IT,WA,LEAD1,FOOD4,0.04,24740.121,4,4,24740.119,0.0,0.0,0.0,0.002,618503.025
1713138,IT,MT,BEVER,FINAN,0.11,24739.864,4,4,24739.862,0.0,0.0,0.0,0.002,224907.854545
1665183,IT,ES,FOOD5,FISHF,0.12,24739.601,4,4,24739.599,0.0,0.0,0.0,0.002,206163.341667
1727821,IT,RO,BUSIN,ELEC3,0.25,24738.936,4,4,24738.934,0.0,0.0,0.0,0.002,98955.744
1792825,IT,WA,EDUCA,VEGE1,0.62,24737.244,4,4,24737.242,0.0,0.0,0.0,0.002,39898.780645
1649814,IT,BG,ALUM1,FOOD5,0.04,24736.634,4,4,24736.632,0.0,0.0,0.0,0.002,618415.85
1712986,IT,MT,STONE,TRANS,0.08,24735.663,4,4,24734.663,0.0,0.0,1.0,0.0,309195.7875
1654286,IT,CZ,FURNI,RECRE,0.08,24734.505,4,4,24734.503,0.0,0.0,0.0,0.002,309181.3125
1750149,IT,CN,PREC1,ELEC4,0.04,24734.38,3,3,24734.38,0.0,0.0,0.0,0.0,618359.5
1755844,IT,KR,CEMEN,REALE,0.04,24734.161,3,3,24734.161,0.0,0.0,0.0,0.0,618354.025
1645896,IT,BE,GLASS,INTER,0.07,24733.975,3,3,24733.975,0.0,0.0,0.0,0.0,353342.5
1749944,IT,CN,GLASS,LANDT,0.07,24733.678,3,3,24733.678,0.0,0.0,0.0,0.0,353338.257143
1796631,IT,WL,HOTEL,FOUND,0.18,24730.597,4,4,24730.595,0.0,0.0,0.0,0.002,137392.205556
1801429,IT,WE,MOTO1,ANIMA,0.13,24726.953,4,4,24726.951,0.0,0.0,0.0,0.002,190207.330769
1753826,IT,CA,WHOLE,FABRI,0.21,24723.732,3,3,24723.732,0.0,0.0,0.0,0.0,117732.057143
1654803,IT,CZ,SUPPO,FURNI,0.18,24723.043,3,3,24723.043,0.0,0.0,0.0,0.0,137350.238889
1711054,IT,LU,BASIC,RESEA,0.03,24721.963,4,4,24721.961,0.0,0.0,0.0,0.002,824065.433333
1719633,IT,PL,CERAM,RESEA,0.04,24718.328,3,3,24718.328,0.0,0.0,0.0,0.0,617958.2
1766318,IT,RU,NONME,GLASS,0.05,24717.459,4,4,24717.456,0.0,0.0,0.0,0.003,494349.18
1685769,IT,HU,PLAST,NAPHT,0.05,24716.011,4,4,24716.008,0.0,0.0,0.0,0.003,494320.22
1722751,IT,PT,PAPER,VEGE1,0.1,24715.868,4,4,24715.866,0.0,0.0,0.0,0.002,247158.68
1686282,IT,HU,CERAM,FOOD4,0.04,24715.265,3,3,24715.265,0.0,0.0,0.0,0.0,617881.625
1724379,IT,PT,SEACO,RESEA,0.03,24715.187,3,3,24715.187,0.0,0.0,0.0,0.0,823839.566667
1746631,IT,JP,ALUM1,SALEM,0.04,24715.184,4,4,24715.182,0.0,0.0,0.0,0.002,617879.6
1802169,IT,WE,HOTEL,PFERT,0.18,24714.975,4,4,24714.973,0.0,0.0,0.0,0.002,137305.416667
1772747,IT,CH,CEMEN,SUPPO,0.04,24713.824,3,3,24713.824,0.0,0.0,0.0,0.0,617845.6
1670548,IT,FI,TEXTI,CHEM1,0.15,24713.6,4,4,24713.597,0.0,0.0,0.0,0.003,164757.333333
1763188,IT,MX,LEATH,RETA1,0.18,24713.476,4,4,24713.472,0.0,0.0,0.0,0.004,137297.088889
1642641,IT,AT,FABRI,MEDIC,0.1,24712.065,4,4,24712.063,0.0,0.0,0.0,0.002,247120.65
1810449,IT,WM,PULP5,SALEM,0.08,24711.648,4,4,24711.646,0.0,0.0,0.0,0.002,308895.6
1773224,IT,CH,FABRI,RADIO,0.1,24710.993,4,4,24710.991,0.0,0.0,0.0,0.002,247109.93
1648736,IT,BG,FOOD5,AIRTR,0.12,24709.444,4,4,24709.442,0.0,0.0,0.0,0.002,205912.033333
1658781,IT,DE,MOTO1,TEXTI,0.13,24709.285,4,4,24709.283,0.0,0.0,0.0,0.002,190071.423077
1652932,IT,CZ,HEAVY,WHEAT,0.04,24708.612,4,4,24708.61,0.0,0.0,0.0,0.002,617715.3
1809097,IT,WM,CROPS,TEXTI,0.2,24708.204,3,3,24708.204,0.0,0.0,0.0,0.0,123541.02
1748875,IT,CN,WEARI,MEAT4,0.19,24707.807,4,4,24707.802,0.0,0.0,0.0,0.005,130041.089474
1667646,IT,ES,MACHI,BITU1,0.14,24706.531,4,4,24706.529,0.0,0.0,0.0,0.002,176475.221429
1783429,IT,NO,INTER,BUSIN,0.15,24705.949,4,4,24705.947,0.0,0.0,0.0,0.002,164706.326667
1652608,IT,CZ,WOODW,PLANT,0.07,24705.004,4,4,24705.002,0.0,0.0,0.0,0.002,352928.628571
1675565,IT,FR,MOTO1,PULP5,0.13,24703.651,4,4,24703.649,0.0,0.0,0.0,0.002,190028.084615
1725884,IT,RO,HEAVY,PFERT,0.04,24703.616,4,4,24703.614,0.0,0.0,0.0,0.002,617590.4
1714376,IT,MT,PRIVA,MEMBE,5.51,24703.302,4,4,24703.298,0.0,0.0,0.0,0.004,4483.357895
1814671,IT,WM,PLAS1,PFERT,0.09,24703.202,4,4,24703.2,0.0,0.0,0.0,0.002,274480.022222
1709376,IT,LT,FOOD5,RETA1,0.12,24703.094,4,4,24703.092,0.0,0.0,0.0,0.002,205859.116667
1652516,IT,CZ,WEARI,SALEM,0.19,24702.684,4,4,24702.679,0.0,0.0,0.0,0.005,130014.126316
1668354,IT,ES,WHOLE,INERT,0.21,24701.632,3,3,24701.632,0.0,0.0,0.0,0.0,117626.819048
1725899,IT,RO,NAPHT,DISTR,0.04,24701.538,4,4,24701.536,0.0,0.0,0.0,0.002,617538.45
1683864,IT,HR,MOTO1,RENTI,0.13,24701.416,4,4,24701.414,0.0,0.0,0.0,0.002,190010.892308
1665323,IT,ES,FISH5,MEAT4,0.1,24700.514,4,4,24700.501,0.0,0.0,0.0,0.013,247005.14
1773080,IT,CH,ALUM1,FOODW,0.04,24698.337,4,4,24698.335,0.0,0.0,0.0,0.002,617458.425
1684765,IT,HU,OILSE,RETA1,0.02,24696.504,3,3,24696.504,0.0,0.0,0.0,0.0,1234825.2
1715933,IT,NL,GLASS,RADIO,0.07,24695.577,3,3,24695.577,0.0,0.0,0.0,0.0,352793.957143
1666064,IT,ES,GASDI,PADDY,0.04,24695.376,4,4,24695.374,0.0,0.0,0.0,0.002,617384.4
1659747,IT,DE,RAILW,EDUCA,0.17,24694.762,3,3,24694.762,0.0,0.0,0.0,0.0,145263.305882
1654753,IT,CZ,AIRTR,CONST,0.03,24693.262,3,3,24693.262,0.0,0.0,0.0,0.0,823108.733333
1743987,IT,US,AIRTR,ETHAN,0.03,24693.055,3,3,24693.055,0.0,0.0,0.0,0.0,823101.833333
1774213,IT,CH,RETA1,CERAM,0.26,24692.399,4,4,24692.397,0.0,0.0,0.0,0.002,94970.765385
1781530,IT,NO,TEXTI,TRANS,0.15,24692.111,4,4,24692.108,0.0,0.0,0.0,0.003,164614.073333
1769626,IT,AU,FABRI,PRINT,0.1,24691.964,4,4,24691.962,0.0,0.0,0.0,0.002,246919.64
1661965,IT,DK,PETRO,STONE,0.04,24691.494,4,4,24691.492,0.0,0.0,0.0,0.002,617287.35
1712322,IT,LV,RUBBE,PFERT,0.08,24691.07,4,4,24691.068,0.0,0.0,0.0,0.002,308638.375
1804159,IT,WF,PAPER,ELEC4,0.1,24689.719,4,4,24689.717,0.0,0.0,0.0,0.002,246897.19
1783764,IT,NO,PAPE4,RETA1,0.16,24688.661,3,3,24688.661,0.0,0.0,0.0,0.0,154304.13125
1649266,IT,BG,HEAVY,WHOLE,0.04,24688.549,4,4,24688.547,0.0,0.0,0.0,0.002,617213.725
1760803,IT,IN,PRINT,RECRE,0.24,24686.891,4,4,24686.889,0.0,0.0,0.0,0.002,102862.045833
1734545,IT,SK,FOOD5,CATTL,0.12,24685.909,4,4,24685.907,0.0,0.0,0.0,0.002,205715.908333
1757202,IT,BR,MEAT4,HOTEL,0.14,24685.824,4,4,24685.822,0.0,0.0,0.0,0.002,176327.314286
1679558,IT,GR,RUBBE,GASDI,0.08,24684.719,4,4,24684.717,0.0,0.0,0.0,0.002,308558.9875
1777555,IT,TR,PREC1,CHEM1,0.04,24683.22,3,3,24683.22,0.0,0.0,0.0,0.0,617080.5
1677279,IT,FR,FINAN,CHEM1,0.32,24682.235,3,3,24682.235,0.0,0.0,0.0,0.0,77131.984375
1657691,IT,DE,CERAM,PLAS1,0.04,24681.058,3,3,24681.058,0.0,0.0,0.0,0.0,617026.45
1758674,IT,BR,FURNI,HEALT,0.08,24680.609,4,4,24680.607,0.0,0.0,0.0,0.002,308507.6125
1804371,IT,WF,KEROS,MEATC,0.04,24680.525,4,4,24680.523,0.0,0.0,0.0,0.002,617013.125
1789818,IT,WA,CERAM,MEAT1,0.04,24680.494,3,3,24680.494,0.0,0.0,0.0,0.0,617012.35
1735439,IT,SK,BASIC,NONME,0.03,24676.612,4,4,24676.61,0.0,0.0,0.0,0.002,822553.733333
1796440,IT,WL,WHOLE,INSUR,0.21,24676.573,3,3,24676.573,0.0,0.0,0.0,0.0,117507.490476
1712871,IT,LV,REALE,WOODW,1.04,24674.431,4,4,24674.429,0.0,0.0,0.0,0.002,23725.414423
1802934,IT,WF,WHEAT,CROPS,0.02,24674.045,3,3,24674.045,0.0,0.0,0.0,0.0,1233702.25
1746920,IT,JP,MOTO1,NAPHT,0.13,24673.29,4,4,24673.288,0.0,0.0,0.0,0.002,189794.538462
1745228,IT,JP,FISHF,HOTEL,0.04,24671.876,3,3,24671.876,0.0,0.0,0.0,0.0,616796.9
1685684,IT,HU,HEAVY,SUPPO,0.04,24670.666,4,4,24670.664,0.0,0.0,0.0,0.002,616766.65
1719867,IT,PL,BASIC,FOOD1,0.03,24668.339,4,4,24668.337,0.0,0.0,0.0,0.002,822277.966667
1648204,IT,BE,BUSIN,NONF1,0.25,24666.96,4,4,24666.958,0.0,0.0,0.0,0.002,98667.84
1733021,IT,SI,LEAD1,RESEA,0.04,24666.601,4,4,24666.599,0.0,0.0,0.0,0.002,616665.025
1728061,IT,SE,MEATC,RECRE,0.08,24666.547,4,4,24666.545,0.0,0.0,0.0,0.002,308331.8375
1814525,IT,WM,RESEA,REALE,0.13,24665.755,4,4,24665.753,0.0,0.0,0.0,0.002,189736.576923
1669905,IT,ES,PUBLI,COMPU,0.4,24665.231,4,4,24665.229,0.0,0.0,0.0,0.002,61663.0775
1786111,IT,ZA,NONME,PUBLI,0.05,24665.055,4,4,24665.052,0.0,0.0,0.0,0.003,493301.1
1646654,IT,BE,FURNI,WEARI,0.08,24664.319,4,4,24664.317,0.0,0.0,0.0,0.002,308303.9875
1781052,IT,TW,PUBLI,FOOD5,0.4,24663.596,4,4,24663.594,0.0,0.0,0.0,0.002,61658.99
1750221,IT,CN,LEAD1,FURNI,0.04,24662.932,4,4,24662.93,0.0,0.0,0.0,0.002,616573.3
1784272,IT,ID,CHEM1,CEMEN,0.05,24662.77,4,4,24662.767,0.0,0.0,0.0,0.003,493255.4
1813600,IT,WM,WHOLE,INSUR,0.21,24659.192,3,3,24659.192,0.0,0.0,0.0,0.0,117424.72381
1672927,IT,FR,DAIRY,ANIMA,0.1,24659.086,4,4,24659.084,0.0,0.0,0.0,0.002,246590.86
1770915,IT,AU,HEALT,HEALT,0.13,24658.225,3,3,24658.225,0.0,0.0,0.0,0.0,189678.653846
1737399,IT,GB,TEXTI,TRANS,0.15,24657.88,4,4,24657.877,0.0,0.0,0.0,0.003,164385.866667
1713224,IT,MT,WOODW,INLAN,0.07,24657.867,4,4,24657.865,0.0,0.0,0.0,0.002,352255.242857
1775068,IT,CH,RENTI,ELEC3,0.15,24657.428,3,3,24657.428,0.0,0.0,0.0,0.0,164382.853333
1789909,IT,WA,CEMEN,NATU1,0.04,24656.156,3,3,24656.156,0.0,0.0,0.0,0.0,616403.9
1781289,IT,NO,MEAT4,WHOLE,0.14,24655.77,4,4,24655.768,0.0,0.0,0.0,0.002,176112.642857
1728298,IT,SE,BEVER,DIST1,0.1,24654.339,4,4,24654.337,0.0,0.0,0.0,0.002,246543.39
1755625,IT,KR,RUBBE,VEGET,0.08,24653.8,4,4,24653.798,0.0,0.0,0.0,0.002,308172.5
1787402,IT,WA,FISHF,MOTOR,0.04,24650.924,3,3,24650.924,0.0,0.0,0.0,0.0,616273.1
1784657,IT,ID,OFFIC,RADIO,0.08,24650.663,4,4,24650.661,0.0,0.0,0.0,0.002,308133.2875
1783957,IT,ID,CHEMI,HEALT,0.06,24649.922,5,5,24648.92,0.0,0.0,1.0,0.002,410832.033333
1808980,IT,WM,VEGET,SANDC,0.09,24649.553,3,3,24649.553,0.0,0.0,0.0,0.0,273883.922222
1788364,IT,WA,WOODW,ANIMA,0.07,24649.292,4,4,24649.29,0.0,0.0,0.0,0.002,352132.742857
1807241,IT,WF,SUPPO,DISTR,0.18,24648.903,3,3,24648.903,0.0,0.0,0.0,0.0,136938.35
1739598,IT,GB,SEACO,CEMEN,0.03,24646.636,3,3,24646.636,0.0,0.0,0.0,0.0,821554.533333
1793392,IT,WL,CROPS,POULT,0.2,24645.736,3,3,24645.736,0.0,0.0,0.0,0.0,123228.68
1763528,IT,MX,CHEM1,DAIRY,0.05,24645.609,4,4,24645.606,0.0,0.0,0.0,0.003,492912.18
1795384,IT,WL,BASIC,KEROS,0.03,24643.184,4,4,24643.182,0.0,0.0,0.0,0.002,821439.466667
1806988,IT,WF,LANDT,CEMEN,0.16,24642.444,3,3,24642.444,0.0,0.0,0.0,0.0,154015.275
1669681,IT,ES,COMPU,MACHI,0.28,24641.545,4,4,24641.543,0.0,0.0,0.0,0.002,88005.517857
1685403,IT,HU,LEATH,REALE,0.18,24639.578,4,4,24639.574,0.0,0.0,0.0,0.004,136886.544444
1785000,IT,ID,REALE,ELEC4,1.04,24638.538,4,4,24638.536,0.0,0.0,0.0,0.002,23690.901923
1776084,IT,TR,WEARI,BASIC,0.19,24638.358,4,4,24638.353,0.0,0.0,0.0,0.005,129675.568421
1729282,IT,SE,NONME,VEGET,0.05,24636.774,4,4,24636.771,0.0,0.0,0.0,0.003,492735.48
1686052,IT,HU,RUBBE,FORES,0.08,24635.792,4,4,24635.79,0.0,0.0,0.0,0.002,307947.4
1745747,IT,JP,WEARI,NONF1,0.19,24635.236,4,4,24635.231,0.0,0.0,0.0,0.005,129659.136842
1758890,IT,BR,HOTEL,DIST1,0.18,24635.026,4,4,24635.024,0.0,0.0,0.0,0.002,136861.255556
1746294,IT,JP,CHEM1,INSUR,0.05,24634.911,4,4,24634.908,0.0,0.0,0.0,0.003,492698.22
1679519,IT,GR,CHEM1,PAPE4,0.05,24630.664,4,4,24630.661,0.0,0.0,0.0,0.003,492613.28
1677955,IT,FR,BUSIN,FOOD4,0.25,24630.562,4,4,24630.56,0.0,0.0,0.0,0.002,98522.248
1729413,IT,SE,BASIC,HOTEL,0.03,24630.499,4,4,24630.497,0.0,0.0,0.0,0.002,821016.633333
1754349,IT,CA,INSUR,SALEM,0.51,24628.817,3,3,24628.817,0.0,0.0,0.0,0.0,48291.798039
1687263,IT,HU,WHOLE,ALUM1,0.21,24628.167,3,3,24628.167,0.0,0.0,0.0,0.0,117276.985714
1709966,IT,LT,BASIC,WASTE,0.03,24627.911,4,4,24627.909,0.0,0.0,0.0,0.002,820930.366667
1720150,IT,PL,COPP1,PULP5,0.06,24626.86,3,3,24626.86,0.0,0.0,0.0,0.0,410447.666667
1733802,IT,SI,LANDT,POSTT,0.16,24626.398,3,3,24626.398,0.0,0.0,0.0,0.0,153914.9875
1672670,IT,FR,CRUDE,AIRTR,0.05,24624.639,4,4,24624.637,0.0,0.0,0.0,0.002,492492.78
1713372,IT,MT,HEAVY,MEATP,0.04,24623.945,4,4,24623.943,0.0,0.0,0.0,0.002,615598.625
1687952,IT,HU,RENTI,TEXTI,0.15,24622.762,3,3,24622.762,0.0,0.0,0.0,0.0,164151.746667
1771998,IT,CH,PAPER,WASTE,0.1,24622.729,4,4,24622.727,0.0,0.0,0.0,0.002,246227.29
1650533,IT,BG,ELEC7,FOOD5,0.02,24620.397,3,3,24620.397,0.0,0.0,0.0,0.0,1231019.85
1759628,IT,BR,RESEA,TOBAC,0.13,24619.991,4,4,24619.989,0.0,0.0,0.0,0.002,189384.546154
1766349,IT,RU,NONME,SUPPO,0.05,24619.196,4,4,24619.193,0.0,0.0,0.0,0.003,492383.92
1677837,IT,FR,BUSIN,CATTL,0.25,24619.122,4,4,24619.12,0.0,0.0,0.0,0.002,98476.488
1760612,IT,IN,WOODW,HOTEL,0.07,24616.993,4,4,24616.991,0.0,0.0,0.0,0.002,351671.328571
1800741,IT,WE,NONME,LEATH,0.05,24616.315,4,4,24616.312,0.0,0.0,0.0,0.003,492326.3
1743514,IT,US,RETA1,COLLE,0.26,24616.123,4,4,24616.121,0.0,0.0,0.0,0.002,94677.396154
1750830,IT,CN,FURNI,BRICK,0.08,24615.862,4,4,24615.86,0.0,0.0,0.0,0.002,307698.275
1716540,IT,NL,MOTO1,WASTE,0.13,24615.189,4,4,24615.187,0.0,0.0,0.0,0.002,189347.607692
1808913,IT,WM,CEREA,CRUDE,0.04,24613.633,3,3,24613.633,0.0,0.0,0.0,0.0,615340.825
1771063,IT,CH,FISHF,PUBLI,0.04,24613.562,3,3,24613.562,0.0,0.0,0.0,0.0,615339.05
1642918,IT,AT,TRANS,SUPPO,0.15,24613.027,3,3,24613.027,0.0,0.0,0.0,0.0,164086.846667
1642099,IT,AT,GLASS,DISTR,0.07,24612.567,3,3,24612.567,0.0,0.0,0.0,0.0,351608.1
1778583,IT,TR,RETA1,RESEA,0.26,24611.494,4,4,24611.492,0.0,0.0,0.0,0.002,94659.592308
1789080,IT,WA,BITU1,ANIMA,0.04,24610.8,4,4,24610.798,0.0,0.0,0.0,0.002,615270.0
1732230,IT,SI,HEAVY,COMPU,0.04,24610.312,4,4,24610.31,0.0,0.0,0.0,0.002,615257.8
1655146,IT,CZ,BUSIN,CHEM1,0.25,24608.834,4,4,24608.832,0.0,0.0,0.0,0.002,98435.336
1743914,IT,US,SEACO,RAILW,0.03,24608.354,3,3,24608.354,0.0,0.0,0.0,0.0,820278.466667
1752873,IT,CA,MOTOR,POSTT,0.04,24607.812,4,4,24607.81,0.0,0.0,0.0,0.002,615195.3
1647165,IT,BE,RAILW,CHEM1,0.16,24607.003,3,3,24607.003,0.0,0.0,0.0,0.0,153793.76875
1754580,IT,KR,CROPS,PIGS9,0.19,24604.22,3,3,24604.22,0.0,0.0,0.0,0.0,129495.894737
1790302,IT,WA,ALUM1,FISH5,0.04,24603.24,4,4,24603.238,0.0,0.0,0.0,0.002,615081.0
1680982,IT,GR,INLAN,RETA1,0.04,24602.323,4,4,24602.321,0.0,0.0,0.0,0.002,615058.075
1785876,IT,ZA,ADDIT,NFERT,0.06,24600.166,4,4,24600.164,0.0,0.0,0.0,0.002,410002.766667
1669069,IT,ES,SUPPO,ELEC3,0.18,24598.948,3,3,24598.948,0.0,0.0,0.0,0.0,136660.822222
1649478,IT,BG,CHEM1,WOOD2,0.05,24597.367,4,4,24597.364,0.0,0.0,0.0,0.003,491947.34
1746860,IT,JP,MACHI,PLAS1,0.14,24595.922,4,4,24595.92,0.0,0.0,0.0,0.002,175685.157143
1728439,IT,SE,WEARI,COMPU,0.19,24595.692,4,4,24595.687,0.0,0.0,0.0,0.005,129451.010526
1651761,IT,CY,MACHI,REALE,0.14,24594.46,4,4,24594.458,0.0,0.0,0.0,0.002,175674.714286
1748915,IT,CN,WEARI,FOUND,0.19,24593.982,4,4,24593.977,0.0,0.0,0.0,0.005,129442.010526
1734715,IT,SK,LEATH,COPP1,0.18,24593.585,4,4,24593.581,0.0,0.0,0.0,0.004,136631.027778
1736494,IT,SK,INLAN,PLAST,0.04,24593.332,4,4,24593.33,0.0,0.0,0.0,0.002,614833.3
1765405,IT,RU,TEXTI,VEGET,0.15,24593.105,4,4,24593.102,0.0,0.0,0.0,0.003,163954.033333
1646704,IT,BE,FURNI,COMPU,0.08,24592.406,4,4,24592.404,0.0,0.0,0.0,0.002,307405.075
1685933,IT,HU,CHEM1,PAPE1,0.05,24592.124,4,4,24592.121,0.0,0.0,0.0,0.003,491842.48
1652999,IT,CZ,PLAST,FOOD5,0.05,24591.982,4,4,24591.979,0.0,0.0,0.0,0.003,491839.64
1768448,IT,AU,DAIRY,RETA1,0.1,24591.91,4,4,24591.908,0.0,0.0,0.0,0.002,245919.1
1682864,IT,HR,LIQUE,BUSIN,0.04,24591.907,4,4,24591.905,0.0,0.0,0.0,0.002,614797.675
1657863,IT,DE,BASIC,CROPS,0.03,24591.791,4,4,24591.789,0.0,0.0,0.0,0.002,819726.366667
1760212,IT,BR,INERT,NATU1,0.18,24591.482,4,4,24591.48,0.0,0.0,0.0,0.002,136619.344444
1684540,IT,HR,BUSIN,CEMEN,0.25,24590.78,4,4,24590.778,0.0,0.0,0.0,0.002,98363.12
1785726,IT,ZA,PETRO,PFERT,0.04,24589.432,4,4,24589.43,0.0,0.0,0.0,0.002,614735.8
1646664,IT,BE,FURNI,PLAST,0.08,24588.057,4,4,24588.055,0.0,0.0,0.0,0.002,307350.7125
1752645,IT,CA,TEXTI,LANDT,0.15,24588.017,4,4,24588.014,0.0,0.0,0.0,0.003,163920.113333
1673071,IT,FR,FOOD5,TRANS,0.12,24585.464,4,4,24585.462,0.0,0.0,0.0,0.002,204878.866667
1765648,IT,RU,PAPER,SUGAR,0.1,24585.421,4,4,24585.419,0.0,0.0,0.0,0.002,245854.21
1788926,IT,WA,HEAVY,MEATC,0.04,24585.411,4,4,24585.409,0.0,0.0,0.0,0.002,614635.275
1681763,IT,HR,SANDC,CONST,0.06,24582.994,4,4,24577.994,0.0,0.0,5.0,0.0,409716.566667
1715736,IT,NL,PLAST,93197,0.05,24581.697,4,4,24581.694,0.0,0.0,0.0,0.003,491633.94
1728620,IT,SE,PAPER,93197,0.1,24579.319,4,4,24579.317,0.0,0.0,0.0,0.002,245793.19
1674120,IT,FR,HEAVY,REFIN,0.04,24579.034,4,4,24579.032,0.0,0.0,0.0,0.002,614475.85
1666164,IT,ES,GASDI,PAPE1,0.04,24578.753,4,4,24578.751,0.0,0.0,0.0,0.002,614468.825
1654491,IT,CZ,HOTEL,FOOD5,0.18,24578.512,4,4,24578.51,0.0,0.0,0.0,0.002,136547.288889
1642350,IT,AT,BASIC,ELEC7,0.03,24578.236,4,4,24578.234,0.0,0.0,0.0,0.002,819274.533333
1682107,IT,HR,TEXTI,WOODW,0.15,24577.715,4,4,24577.712,0.0,0.0,0.0,0.003,163851.433333
1646424,IT,BE,FABRI,93197,0.1,24577.298,4,4,24577.296,0.0,0.0,0.0,0.002,245772.98
1663009,IT,DK,HOTEL,CERAM,0.18,24576.406,4,4,24576.404,0.0,0.0,0.0,0.002,136535.588889
1645809,IT,BE,RUBBE,PAPE1,0.08,24574.827,4,4,24574.825,0.0,0.0,0.0,0.002,307185.3375
1722877,IT,PT,PRINT,RETA1,0.24,24574.3,4,4,24574.298,0.0,0.0,0.0,0.002,102392.916667
1674575,IT,FR,RUBBE,ELEC4,0.08,24573.704,4,4,24573.702,0.0,0.0,0.0,0.002,307171.3
1726614,IT,RO,MOTO1,PFERT,0.13,24573.381,4,4,24573.379,0.0,0.0,0.0,0.002,189026.007692
1721047,IT,PL,HOTEL,NONME,0.18,24573.098,4,4,24573.096,0.0,0.0,0.0,0.002,136517.211111
1772490,IT,CH,BIODI,PUBLI,0.05,24571.876,4,4,24571.873,0.0,0.0,0.0,0.003,491437.52
1751511,IT,CN,SUPPO,RUBBE,0.18,24570.772,3,3,24570.772,0.0,0.0,0.0,0.0,136504.288889
1756398,IT,KR,FURNI,SEACO,0.08,24569.982,4,4,24569.98,0.0,0.0,0.0,0.002,307124.775
1674449,IT,FR,BIOGA,LANDT,0.05,24567.609,4,4,24567.607,0.0,0.0,0.0,0.002,491352.18
1674259,IT,FR,BITU1,LUBRI,0.04,24567.44,4,4,24567.438,0.0,0.0,0.0,0.002,614186.0
1711152,IT,LU,FABRI,OFFIC,0.1,24566.717,4,4,24566.715,0.0,0.0,0.0,0.002,245667.17
1789852,IT,WA,CERAM,BASIC,0.04,24566.459,3,3,24566.459,0.0,0.0,0.0,0.0,614161.475
1677618,IT,FR,REALE,CONST,1.04,24565.951,4,4,24565.949,0.0,0.0,0.0,0.002,23621.106731
1668638,IT,ES,RAILW,MACHI,0.16,24565.28,3,3,24565.28,0.0,0.0,0.0,0.0,153533.0
1690223,IT,IE,BUSIN,FINAN,0.25,24564.85,4,4,24564.848,0.0,0.0,0.0,0.002,98259.4
1811754,IT,WM,ADDIT,PLAST,0.06,24563.023,4,4,24563.021,0.0,0.0,0.0,0.002,409383.716667
1664131,IT,EE,RUBBE,GLASS,0.08,24561.448,4,4,24561.446,0.0,0.0,0.0,0.002,307018.1
1785196,IT,ZA,BEVER,DAIRY,0.1,24560.053,4,4,24560.051,0.0,0.0,0.0,0.002,245600.53
1685700,IT,HU,NAPHT,NAPHT,0.04,24558.343,4,4,24558.341,0.0,0.0,0.0,0.002,613958.575
1765289,IT,RU,VEGE1,SUPPO,0.08,24558.063,4,4,24558.058,0.0,0.0,0.0,0.005,306975.7875
1710404,IT,LT,HOTEL,EDUCA,0.18,24554.597,4,4,24554.595,0.0,0.0,0.0,0.002,136414.427778
1802386,IT,WE,SEACO,FINAN,0.02,24553.731,3,3,24553.731,0.0,0.0,0.0,0.0,1227686.55
1769775,IT,AU,MACHI,LEAD1,0.14,24553.534,4,4,24553.532,0.0,0.0,0.0,0.002,175382.385714
1812043,IT,WM,CERAM,MEAT1,0.04,24553.489,3,3,24553.489,0.0,0.0,0.0,0.0,613837.225
1655505,IT,DE,CRUDE,NONSP,0.05,24553.463,4,4,24553.461,0.0,0.0,0.0,0.002,491069.26
1800920,IT,WE,PREC1,RETA1,0.04,24552.497,3,3,24552.497,0.0,0.0,0.0,0.0,613812.425
1753246,IT,CA,CERAM,REALE,0.04,24549.805,3,3,24549.805,0.0,0.0,0.0,0.0,613745.125
1716145,IT,NL,PREC1,LANDT,0.04,24548.015,3,3,24548.015,0.0,0.0,0.0,0.0,613700.375
1723813,IT,PT,MOTO1,STONE,0.13,24546.024,4,4,24546.022,0.0,0.0,0.0,0.002,188815.569231
1711524,IT,LU,POSTT,CONST,0.4,24546.008,4,4,24546.006,0.0,0.0,0.0,0.002,61365.02
1806102,IT,WF,FABRI,MEAT1,0.1,24545.136,4,4,24545.134,0.0,0.0,0.0,0.002,245451.36
1681114,IT,GR,SUPPO,RETA1,0.18,24544.59,3,3,24544.59,0.0,0.0,0.0,0.0,136358.833333
1647183,IT,BE,RAILW,POSTT,0.16,24544.09,3,3,24544.09,0.0,0.0,0.0,0.0,153400.5625
1791775,IT,WA,RAILW,PUBLI,0.16,24543.102,3,3,24543.102,0.0,0.0,0.0,0.0,153394.3875
1769753,IT,AU,MACHI,HEAVY,0.14,24542.71,4,4,24542.708,0.0,0.0,0.0,0.002,175305.071429
1771436,IT,CH,FOOD5,PLAS2,0.12,24540.895,4,4,24540.893,0.0,0.0,0.0,0.002,204507.458333
1717236,IT,NL,POSTT,CATTL,0.4,24540.236,4,4,24540.234,0.0,0.0,0.0,0.002,61350.59
1646703,IT,BE,FURNI,RENTI,0.08,24538.84,4,4,24538.838,0.0,0.0,0.0,0.002,306735.5
1646263,IT,BE,LEAD1,RENTI,0.04,24538.223,4,4,24538.221,0.0,0.0,0.0,0.002,613455.575
1760846,IT,IN,MOTOR,REALE,0.04,24537.959,4,4,24537.957,0.0,0.0,0.0,0.002,613448.975
1719009,IT,PL,KEROS,RENTI,0.04,24535.071,4,4,24535.069,0.0,0.0,0.0,0.002,613376.775
1741405,IT,US,PRINT,93197,0.24,24533.755,4,4,24533.753,0.0,0.0,0.0,0.002,102223.979167
1727927,IT,SE,VEGET,RENTI,0.09,24533.18,3,3,24533.18,0.0,0.0,0.0,0.0,272590.888889
1805948,IT,WF,LEAD1,COMPU,0.04,24532.682,4,4,24532.68,0.0,0.0,0.0,0.002,613317.05
1731106,IT,SI,FISHF,STONE,0.04,24532.512,3,3,24532.512,0.0,0.0,0.0,0.0,613312.8
1757724,IT,BR,NAPHT,RUBBE,0.04,24530.453,4,4,24530.451,0.0,0.0,0.0,0.002,613261.325
1660896,IT,DE,BUSIN,WHEAT,0.25,24528.344,4,4,24528.342,0.0,0.0,0.0,0.002,98113.376
1643880,IT,AT,REALE,RUBBE,1.04,24528.334,4,4,24528.332,0.0,0.0,0.0,0.002,23584.936538
1681502,IT,GR,BUSIN,MEAT4,0.25,24527.927,4,4,24527.925,0.0,0.0,0.0,0.002,98111.708
1779368,IT,TR,INSUR,HEALT,0.51,24527.719,3,3,24527.719,0.0,0.0,0.0,0.0,48093.566667
1655689,IT,DE,CHEMI,ELEC1,0.06,24525.76,5,5,24524.758,0.0,0.0,1.0,0.002,408762.666667
1785400,IT,ZA,PAPER,MOTOR,0.1,24525.64,4,4,24525.638,0.0,0.0,0.0,0.002,245256.4
1660065,IT,DE,AIRTR,PFERT,0.03,24524.68,3,3,24524.68,0.0,0.0,0.0,0.0,817489.333333
1662427,IT,DK,PREC1,RESEA,0.04,24524.5,3,3,24524.5,0.0,0.0,0.0,0.0,613112.5
1812898,IT,WM,FABRI,INERT,0.1,24523.553,4,4,24523.551,0.0,0.0,0.0,0.002,245235.53
1670867,IT,FI,PLAST,PFERT,0.05,24522.153,4,4,24522.151,0.0,0.0,0.0,0.002,490443.06
1800660,IT,WE,CERAM,ELECT,0.04,24520.366,3,3,24520.366,0.0,0.0,0.0,0.0,613009.15
1716220,IT,NL,LEAD1,PROCE,0.04,24520.317,4,4,24520.315,0.0,0.0,0.0,0.002,613007.925
1651515,IT,CY,PLAST,ALUM1,0.05,24519.911,4,4,24519.909,0.0,0.0,0.0,0.002,490398.22
1792881,IT,WA,EDUCA,PUBLI,0.61,24516.526,4,4,24516.524,0.0,0.0,0.0,0.002,40191.02623
1674012,IT,FR,KEROS,PAPE4,0.04,24516.217,4,4,24516.215,0.0,0.0,0.0,0.002,612905.425
1650535,IT,BG,ELEC7,TOBAC,0.02,24514.473,3,3,24514.473,0.0,0.0,0.0,0.0,1225723.65
1673097,IT,FR,FOOD5,AUXIL,0.12,24514.459,4,4,24514.457,0.0,0.0,0.0,0.002,204287.158333
1689055,IT,IE,MOTO1,BUSIN,0.13,24511.94,4,4,24511.938,0.0,0.0,0.0,0.002,188553.384615
1759592,IT,BR,COMPU,LANDT,0.28,24511.161,4,4,24511.159,0.0,0.0,0.0,0.002,87539.860714
1729152,IT,SE,GLASS,RADIO,0.07,24510.272,3,3,24510.272,0.0,0.0,0.0,0.0,350146.742857
1725919,IT,RO,PLAST,CRUDE,0.05,24510.039,4,4,24510.037,0.0,0.0,0.0,0.002,490200.78
1745915,IT,JP,LEATH,TEXT1,0.18,24509.693,4,4,24509.689,0.0,0.0,0.0,0.004,136164.961111
1670568,IT,FI,TEXTI,BLAST,0.15,24509.159,4,4,24509.156,0.0,0.0,0.0,0.003,163394.393333
1666808,IT,ES,RUBBE,FOODW,0.08,24508.292,4,4,24508.29,0.0,0.0,0.0,0.002,306353.65
1658686,IT,DE,OFFIC,GASDI,0.08,24505.098,4,4,24505.096,0.0,0.0,0.0,0.002,306313.725
1801958,IT,WE,SALEM,PUBLI,0.2,24505.037,4,4,24505.035,0.0,0.0,0.0,0.002,122525.185
1644831,IT,BE,TEXTI,RETA1,0.15,24503.415,4,4,24503.412,0.0,0.0,0.0,0.003,163356.1
1756765,IT,KR,AIRTR,FABRI,0.03,24502.73,3,3,24502.73,0.0,0.0,0.0,0.0,816757.666667
1677635,IT,FR,REALE,RENTI,1.04,24500.755,4,4,24500.753,0.0,0.0,0.0,0.002,23558.418269
1676458,IT,FR,RETA1,WOODW,0.26,24500.712,4,4,24500.71,0.0,0.0,0.0,0.002,94233.507692
1674767,IT,FR,CERAM,RESEA,0.04,24500.679,3,3,24500.679,0.0,0.0,0.0,0.0,612516.975
1761631,IT,IN,FABRI,WEARI,0.1,24498.256,4,4,24498.254,0.0,0.0,0.0,0.002,244982.56
1782077,IT,NO,GLASS,NONF1,0.07,24496.801,3,3,24496.801,0.0,0.0,0.0,0.0,349954.3
1715376,IT,NL,PRINT,SALEM,0.24,24496.401,4,4,24496.399,0.0,0.0,0.0,0.002,102068.3375
1739025,IT,GB,SALEM,SEWAG,0.2,24496.0,4,4,24495.998,0.0,0.0,0.0,0.002,122480.0
1711357,IT,LU,WHOLE,HEALT,0.21,24493.802,3,3,24493.802,0.0,0.0,0.0,0.0,116637.152381
1790447,IT,WA,LEAD1,MEMBE,0.04,24493.376,4,4,24493.374,0.0,0.0,0.0,0.002,612334.4
1658702,IT,DE,OFFIC,ALUM1,0.08,24490.853,4,4,24490.851,0.0,0.0,0.0,0.002,306135.6625
1654264,IT,CZ,FURNI,RUBBE,0.08,24490.041,4,4,24490.039,0.0,0.0,0.0,0.002,306125.5125
1782537,IT,NO,OFFIC,RENTI,0.08,24489.387,4,4,24489.385,0.0,0.0,0.0,0.002,306117.3375
1755334,IT,KR,PRINT,OFFIC,0.23,24487.717,4,4,24487.715,0.0,0.0,0.0,0.002,106468.334783
1656786,IT,DE,GASDI,CATTL,0.04,24486.918,4,4,24486.916,0.0,0.0,0.0,0.002,612172.95
1791609,IT,WA,HOTEL,FISHF,0.18,24486.69,4,4,24486.688,0.0,0.0,0.0,0.002,136037.166667
1755969,IT,KR,ALUM1,PLAST,0.04,24486.184,4,4,24486.182,0.0,0.0,0.0,0.002,612154.6
1651276,IT,CY,FOOD5,PIGS9,0.12,24485.658,4,4,24485.656,0.0,0.0,0.0,0.002,204047.15
1667923,IT,ES,MOTO1,POSTT,0.13,24484.515,4,4,24484.513,0.0,0.0,0.0,0.002,188342.423077
1780036,IT,TW,WHOLE,COPPE,0.21,24482.186,3,3,24482.186,0.0,0.0,0.0,0.0,116581.838095
1752737,IT,CA,LEATH,RESEA,0.18,24480.264,4,4,24480.26,0.0,0.0,0.0,0.004,136001.466667
1766862,IT,RU,MACHI,MEMBE,0.14,24479.97,4,4,24479.968,0.0,0.0,0.0,0.002,174856.928571
1667136,IT,ES,BASIC,BIOGA,0.03,24479.314,4,4,24479.312,0.0,0.0,0.0,0.002,815977.133333
1780806,IT,TW,COMPU,LEATH,0.28,24478.877,4,4,24478.875,0.0,0.0,0.0,0.002,87424.560714
1660847,IT,DE,COMPU,RETAI,0.28,24475.434,4,4,24475.432,0.0,0.0,0.0,0.002,87412.264286
1812460,IT,WM,PREC1,TRANS,0.04,24474.756,3,3,24474.756,0.0,0.0,0.0,0.0,611868.9
1803812,IT,WF,TEXTI,PLAST,0.14,24468.296,4,4,24468.293,0.0,0.0,0.0,0.003,174773.542857
1720015,IT,PL,ALUM1,LIQUE,0.04,24467.993,4,4,24467.991,0.0,0.0,0.0,0.002,611699.825
1755931,IT,KR,BASIC,RAILW,0.03,24467.882,4,4,24467.88,0.0,0.0,0.0,0.002,815596.066667
1735369,IT,SK,NONME,BASIC,0.05,24466.472,4,4,24466.469,0.0,0.0,0.0,0.003,489329.44
1648758,IT,BG,BEVER,FORES,0.1,24464.603,4,4,24464.601,0.0,0.0,0.0,0.002,244646.03
1651769,IT,CY,MACHI,RECRE,0.14,24464.484,4,4,24464.482,0.0,0.0,0.0,0.002,174746.314286
1672590,IT,FR,CATTL,MEATC,0.05,24462.811,5,5,24461.809,0.0,1.0,0.0,0.002,489256.22
1809297,IT,WM,STONE,FOOD5,0.08,24462.397,4,4,24461.397,0.0,0.0,1.0,0.0,305779.9625
1654745,IT,CZ,AIRTR,PFERT,0.03,24461.764,3,3,24461.764,0.0,0.0,0.0,0.0,815392.133333
1774548,IT,CH,SEACO,PIGS9,0.02,24460.636,3,3,24460.636,0.0,0.0,0.0,0.0,1223031.8
1753422,IT,CA,FABRI,PRECI,0.1,24460.538,4,4,24460.536,0.0,0.0,0.0,0.002,244605.38
1685438,IT,HU,WOODW,CHEM1,0.07,24459.264,4,4,24459.262,0.0,0.0,0.0,0.002,349418.057143
1771295,IT,CH,DAIRY,LEATH,0.1,24457.101,4,4,24457.099,0.0,0.0,0.0,0.002,244571.01
1666397,IT,ES,NAPHT,CONST,0.04,24455.659,4,4,24455.657,0.0,0.0,0.0,0.002,611391.475
1726149,IT,RO,GLASS,VEGET,0.07,24455.344,3,3,24455.344,0.0,0.0,0.0,0.0,349362.057143
1653229,IT,CZ,RUBBE,MOTOR,0.08,24453.524,4,4,24453.522,0.0,0.0,0.0,0.002,305669.05
1775241,IT,CH,BUSIN,ANIMA,0.25,24453.488,4,4,24453.486,0.0,0.0,0.0,0.002,97813.952
1728857,IT,SE,PLAST,COMPU,0.05,24453.184,4,4,24453.182,0.0,0.0,0.0,0.002,489063.68
1717109,IT,NL,SEACO,PRINT,0.02,24452.451,3,3,24452.451,0.0,0.0,0.0,0.0,1222622.55
1655379,IT,DE,CROPS,DAIRY,0.19,24451.859,3,3,24451.859,0.0,0.0,0.0,0.0,128693.994737
1739549,IT,GB,TRAN2,FOOD5,0.04,24450.301,3,3,24450.301,0.0,0.0,0.0,0.0,611257.525
1773248,IT,CH,FABRI,INLAN,0.1,24447.925,4,4,24447.923,0.0,0.0,0.0,0.002,244479.25
1670399,IT,FI,PROCE,SEWAG,0.17,24447.471,4,4,24447.469,0.0,0.0,0.0,0.002,143808.652941
1792221,IT,WA,POSTT,MEATC,0.4,24446.197,4,4,24446.195,0.0,0.0,0.0,0.002,61115.4925
1727169,IT,RO,LANDT,FOOD4,0.16,24444.979,3,3,24444.979,0.0,0.0,0.0,0.0,152781.11875
1690212,IT,IE,BUSIN,SALEM,0.25,24444.368,4,4,24444.366,0.0,0.0,0.0,0.002,97777.472
1640847,IT,AT,LEATH,RAWMI,0.18,24443.246,4,4,24443.242,0.0,0.0,0.0,0.004,135795.811111
1648572,IT,BG,STONE,CEMEN,0.08,24442.295,4,4,24441.295,0.0,0.0,1.0,0.0,305528.6875
1678606,IT,GR,FISHF,FABRI,0.04,24440.839,3,3,24440.839,0.0,0.0,0.0,0.0,611020.975
1682904,IT,HR,NAPHT,MACHI,0.04,24439.659,4,4,24439.657,0.0,0.0,0.0,0.002,610991.475
1783834,IT,NO,INERT,INERT,0.18,24437.729,4,4,24437.727,0.0,0.0,0.0,0.002,135765.161111
1679630,IT,GR,GLASS,TOBAC,0.07,24436.525,3,3,24436.525,0.0,0.0,0.0,0.0,349093.214286
1809623,IT,WM,DAIRY,PROCE,0.1,24435.973,4,4,24435.971,0.0,0.0,0.0,0.002,244359.73
1683250,IT,HR,CERAM,DIST1,0.04,24435.732,3,3,24435.732,0.0,0.0,0.0,0.0,610893.3
1734859,IT,SK,PAPER,CERAM,0.09,24435.156,4,4,24435.154,0.0,0.0,0.0,0.002,271501.733333
1776979,IT,TR,PFERT,MEATC,0.01,24434.781,4,4,24434.777,0.0,0.0,0.0,0.004,2443478.1
1669027,IT,ES,SUPPO,PRINT,0.18,24433.378,3,3,24433.378,0.0,0.0,0.0,0.0,135740.988889
1788031,IT,WA,TEXTI,CERAM,0.14,24432.985,4,4,24432.982,0.0,0.0,0.0,0.003,174521.321429
1748539,IT,CN,MEAT1,MEAT1,0.11,24432.596,4,4,24432.593,0.0,0.0,0.0,0.003,222114.509091
1668680,IT,ES,LANDT,PIGS9,0.16,24432.332,3,3,24432.332,0.0,0.0,0.0,0.0,152702.075
1783663,IT,NO,WASTE,PREC1,0.08,24431.83,3,3,24431.83,0.0,0.0,0.0,0.0,305397.875
1657872,IT,DE,BASIC,BITUM,0.03,24431.494,4,4,24431.492,0.0,0.0,0.0,0.002,814383.133333
1796013,IT,WL,MOTO1,AIRTR,0.13,24431.355,4,4,24431.353,0.0,0.0,0.0,0.002,187933.5
1734383,IT,SK,WHEAT,WHOLE,0.02,24429.231,3,3,24429.231,0.0,0.0,0.0,0.0,1221461.55
1685084,IT,HU,FOOD5,NATUR,0.12,24429.202,4,4,24429.2,0.0,0.0,0.0,0.002,203576.683333
1735425,IT,SK,BASIC,HEAVY,0.03,24429.1,4,4,24429.098,0.0,0.0,0.0,0.002,814303.333333
1736092,IT,SK,CONST,DAIRY,0.14,24428.611,3,3,24428.611,0.0,0.0,0.0,0.0,174490.078571
1732156,IT,SI,GASDI,ELEC1,0.04,24428.286,4,4,24428.284,0.0,0.0,0.0,0.002,610707.15
1740661,IT,US,STONE,CEREA,0.08,24425.88,4,4,24424.88,0.0,0.0,1.0,0.0,305323.5
1671196,IT,FI,NONME,CHEM1,0.05,24422.7,4,4,24422.697,0.0,0.0,0.0,0.003,488454.0
1782233,IT,NO,BASIC,RECRE,0.03,24421.423,4,4,24421.421,0.0,0.0,0.0,0.002,814047.433333
1737496,IT,GB,WOODW,MEATP,0.07,24419.963,4,4,24419.961,0.0,0.0,0.0,0.002,348856.614286
1655089,IT,CZ,COMPU,SUPPO,0.28,24419.684,4,4,24419.682,0.0,0.0,0.0,0.002,87213.157143
1803380,IT,WF,CHEMI,CHEM1,0.06,24419.398,5,5,24418.396,0.0,0.0,1.0,0.002,406989.966667
1656893,IT,DE,HEAVY,HOTEL,0.04,24418.886,4,4,24418.884,0.0,0.0,0.0,0.002,610472.15
1717407,IT,NL,INSUR,FABRI,0.5,24416.54,3,3,24416.54,0.0,0.0,0.0,0.0,48833.08
1800444,IT,WE,BIODI,CRUDE,0.05,24415.899,4,4,24415.896,0.0,0.0,0.0,0.003,488317.98
1788455,IT,WA,PULP5,LIQUE,0.07,24415.449,4,4,24415.447,0.0,0.0,0.0,0.002,348792.128571
1752446,IT,CA,DAIRY,WHITE,0.1,24414.909,4,4,24414.907,0.0,0.0,0.0,0.002,244149.09
1788852,IT,WA,GASDI,PRINT,0.04,24414.421,4,4,24414.419,0.0,0.0,0.0,0.002,610360.525
1744636,IT,US,RENTI,PAPE3,0.15,24413.437,3,3,24413.437,0.0,0.0,0.0,0.0,162756.246667
1786826,IT,ZA,HOTEL,SEACO,0.18,24412.8,4,4,24412.798,0.0,0.0,0.0,0.002,135626.666667
1730347,IT,SE,SUPPO,MOTO1,0.18,24412.783,3,3,24412.783,0.0,0.0,0.0,0.0,135626.572222
1667018,IT,ES,CEMEN,RESEA,0.04,24412.321,3,3,24412.321,0.0,0.0,0.0,0.0,610308.025
1808651,IT,WF,INERT,NICKE,0.18,24410.567,4,4,24410.565,0.0,0.0,0.0,0.002,135614.261111
1664851,IT,ES,MEATA,WHOLE,0.13,24410.564,4,4,24410.56,0.0,0.0,0.0,0.004,187773.569231
1792142,IT,WA,SUPPO,MEATC,0.18,24410.114,3,3,24410.114,0.0,0.0,0.0,0.0,135611.744444
1658417,IT,DE,FABRI,LIQUE,0.1,24408.827,4,4,24408.825,0.0,0.0,0.0,0.002,244088.27
1717131,IT,NL,SEACO,PAPE1,0.02,24407.794,3,3,24407.794,0.0,0.0,0.0,0.0,1220389.7
1743371,IT,US,SALEM,GLASS,0.2,24407.116,4,4,24407.114,0.0,0.0,0.0,0.002,122035.58
1645483,IT,BE,NONSP,WHOLE,0.03,24406.752,3,3,24406.752,0.0,0.0,0.0,0.0,813558.4
1655105,IT,CZ,RESEA,RUBBE,0.13,24406.068,4,4,24406.066,0.0,0.0,0.0,0.002,187738.984615
1645053,IT,BE,PAPER,KERO1,0.09,24405.851,4,4,24405.849,0.0,0.0,0.0,0.002,271176.122222
1760664,IT,IN,PAPER,DAIRY,0.09,24402.972,4,4,24402.97,0.0,0.0,0.0,0.002,271144.133333
1668508,IT,ES,HOTEL,LIQUE,0.18,24401.92,4,4,24401.918,0.0,0.0,0.0,0.002,135566.222222
1794083,IT,WL,PAPER,HEAVY,0.09,24400.898,4,4,24400.896,0.0,0.0,0.0,0.002,271121.088889
1783917,IT,ID,CROPS,WOODW,0.19,24400.272,3,3,24400.272,0.0,0.0,0.0,0.0,128422.484211
1662616,IT,DK,FABRI,PRIVA,0.1,24399.938,4,4,24399.936,0.0,0.0,0.0,0.002,243999.38
1652892,IT,CZ,KEROS,FORES,0.04,24399.129,4,4,24399.127,0.0,0.0,0.0,0.002,609978.225
1744913,IT,US,BUSIN,GLASS,0.25,24398.653,4,4,24398.651,0.0,0.0,0.0,0.002,97594.612
1741189,IT,US,LEATH,EDUCA,0.17,24395.918,4,4,24395.914,0.0,0.0,0.0,0.004,143505.4
1690424,IT,IE,FOOD4,RETA1,0.18,24395.868,4,4,24395.866,0.0,0.0,0.0,0.002,135532.6
1809116,IT,WM,CROPS,GLASS,0.19,24392.588,3,3,24392.588,0.0,0.0,0.0,0.0,128382.042105
1727463,IT,RO,AUXIL,BEVER,0.45,24392.268,3,3,24392.268,0.0,0.0,0.0,0.0,54205.04
1655339,IT,DE,VEGET,RAILW,0.09,24391.161,3,3,24391.161,0.0,0.0,0.0,0.0,271012.9
1675485,IT,FR,OFFIC,GLASS,0.08,24388.279,4,4,24388.277,0.0,0.0,0.0,0.002,304853.4875
1780133,IT,TW,HOTEL,REFIN,0.18,24387.919,4,4,24387.917,0.0,0.0,0.0,0.002,135488.438889
1773878,IT,CH,ELEC7,WHOLE,0.02,24387.462,3,3,24387.462,0.0,0.0,0.0,0.0,1219373.1
1735562,IT,SK,ALUM1,ELEC1,0.04,24386.604,4,4,24386.602,0.0,0.0,0.0,0.002,609665.1
1761562,IT,IN,COPP1,PREC1,0.06,24385.697,3,3,24385.697,0.0,0.0,0.0,0.0,406428.283333
1810423,IT,WM,PULP5,MOTOR,0.07,24384.755,4,4,24384.753,0.0,0.0,0.0,0.002,348353.642857
1645281,IT,BE,MOTOR,RENTI,0.04,24384.64,4,4,24384.638,0.0,0.0,0.0,0.002,609616.0
1674010,IT,FR,KEROS,WASTE,0.04,24384.604,4,4,24384.602,0.0,0.0,0.0,0.002,609615.1
1672400,IT,FI,BUSIN,ELEC4,0.25,24383.254,4,4,24383.252,0.0,0.0,0.0,0.002,97533.016
1757424,IT,BR,PAPER,SUGAR,0.09,24382.424,4,4,24382.422,0.0,0.0,0.0,0.002,270915.822222
1741523,IT,US,KEROS,WHOLE,0.04,24382.227,4,4,24382.225,0.0,0.0,0.0,0.002,609555.675
1658234,IT,DE,LEAD1,COMPU,0.04,24381.73,4,4,24381.728,0.0,0.0,0.0,0.002,609543.25
1785711,IT,ZA,NAPHT,LEAD1,0.04,24380.046,4,4,24380.044,0.0,0.0,0.0,0.002,609501.15
1715923,IT,NL,GLASS,RUBBE,0.07,24379.344,3,3,24379.344,0.0,0.0,0.0,0.0,348276.342857
1670939,IT,FI,CHEM1,CERAM,0.05,24379.087,4,4,24379.084,0.0,0.0,0.0,0.003,487581.74
1719290,IT,PL,CHEM1,ELEC5,0.05,24378.542,4,4,24378.539,0.0,0.0,0.0,0.003,487570.84
1739647,IT,GB,AIRTR,MACHI,0.03,24378.104,3,3,24378.104,0.0,0.0,0.0,0.0,812603.466667
1718472,IT,PL,TEXTI,PRINT,0.14,24378.034,4,4,24378.031,0.0,0.0,0.0,0.003,174128.814286
1669657,IT,ES,COMPU,FOOD5,0.28,24377.047,4,4,24377.045,0.0,0.0,0.0,0.002,87060.882143
1764406,IT,MX,MOTO1,RENTI,0.13,24375.427,4,4,24375.425,0.0,0.0,0.0,0.002,187503.284615
1653592,IT,CZ,BASIC,RECRE,0.03,24374.748,4,4,24374.746,0.0,0.0,0.0,0.002,812491.6
1798970,IT,WE,TOBAC,TRANS,0.1,24373.299,4,4,24373.297,0.0,0.0,0.0,0.002,243732.99
1673377,IT,FR,TEXTI,WOOD2,0.14,24372.802,4,4,24372.799,0.0,0.0,0.0,0.003,174091.442857
1688804,IT,IE,GLASS,TRANS,0.07,24372.74,3,3,24372.74,0.0,0.0,0.0,0.0,348182.0
1680677,IT,GR,WHOLE,TRANS,0.21,24372.084,3,3,24372.084,0.0,0.0,0.0,0.0,116057.542857
1738103,IT,GB,RUBBE,FOOD2,0.08,24371.903,4,4,24371.901,0.0,0.0,0.0,0.002,304648.7875
1785309,IT,ZA,LEATH,PROCE,0.17,24370.041,4,4,24370.037,0.0,0.0,0.0,0.004,143353.182353
1641131,IT,AT,PAPER,AUXIL,0.09,24368.315,4,4,24368.313,0.0,0.0,0.0,0.002,270759.055556
1715034,IT,NL,TEXTI,CHEM1,0.14,24367.924,4,4,24367.921,0.0,0.0,0.0,0.003,174056.6
1785589,IT,ZA,GASDI,NFERT,0.04,24367.605,4,4,24367.603,0.0,0.0,0.0,0.002,609190.125
1758844,IT,BR,HOTEL,TOBAC,0.18,24367.446,4,4,24367.444,0.0,0.0,0.0,0.002,135374.7
1653083,IT,CZ,CHEM1,RAWMI,0.05,24366.756,4,4,24366.753,0.0,0.0,0.0,0.003,487335.12
1661221,IT,DK,CEREA,RAWMI,0.04,24365.247,3,3,24365.247,0.0,0.0,0.0,0.0,609131.175
1681083,IT,GR,SUPPO,RUBBE,0.18,24365.223,3,3,24365.223,0.0,0.0,0.0,0.0,135362.35
1740048,IT,GB,RENTI,FURNI,0.15,24364.482,3,3,24364.482,0.0,0.0,0.0,0.0,162429.88
1734886,IT,SK,PAPER,TRAN2,0.09,24364.103,4,4,24364.101,0.0,0.0,0.0,0.002,270712.255556
1714387,IT,NL,CEREA,CONST,0.04,24363.971,3,3,24363.971,0.0,0.0,0.0,0.0,609099.275
1665757,IT,ES,PAPER,ELEC2,0.09,24361.898,4,4,24361.896,0.0,0.0,0.0,0.002,270687.755556
1782580,IT,NO,TRANS,RAILW,0.15,24360.695,3,3,24360.695,0.0,0.0,0.0,0.0,162404.633333
1775980,IT,TR,BEVER,BUSIN,0.1,24360.538,4,4,24360.536,0.0,0.0,0.0,0.002,243605.38
1800432,IT,WE,ADDIT,RETA1,0.06,24359.708,4,4,24359.706,0.0,0.0,0.0,0.002,405995.133333
1781791,IT,NO,PRINT,MEMBE,0.23,24359.317,4,4,24359.315,0.0,0.0,0.0,0.002,105910.073913
1645415,IT,BE,LIQUE,LIQUE,0.04,24357.905,4,4,24357.903,0.0,0.0,0.0,0.002,608947.625
1814354,IT,WM,FINAN,SUPPO,0.32,24356.504,3,3,24356.504,0.0,0.0,0.0,0.0,76114.075
1796095,IT,WL,TRANS,RUBBE,0.15,24356.501,3,3,24356.501,0.0,0.0,0.0,0.0,162376.673333
1780318,IT,TW,INLAN,EDUCA,0.04,24355.762,4,4,24355.76,0.0,0.0,0.0,0.002,608894.05
1717506,IT,NL,REALE,RENTI,1.03,24355.67,4,4,24355.668,0.0,0.0,0.0,0.002,23646.281553
1731562,IT,SI,TEXTI,OFFIC,0.14,24352.932,4,4,24352.929,0.0,0.0,0.0,0.003,173949.514286
1653605,IT,CZ,PREC1,MOTO1,0.04,24352.582,3,3,24352.582,0.0,0.0,0.0,0.0,608814.55
1737636,IT,GB,PAPER,AIRTR,0.09,24351.203,4,4,24351.201,0.0,0.0,0.0,0.002,270568.922222
1665050,IT,ES,MEATP,FOOD5,0.1,24348.324,4,4,24348.321,0.0,0.0,0.0,0.003,243483.24
1659757,IT,DE,LANDT,WHEAT,0.16,24347.283,3,3,24347.283,0.0,0.0,0.0,0.0,152170.51875
1725584,IT,RO,WOODW,PLAST,0.07,24346.252,4,4,24346.25,0.0,0.0,0.0,0.002,347803.6
1724108,IT,PT,RETA1,STONE,0.25,24345.095,4,4,24345.093,0.0,0.0,0.0,0.002,97380.38
1789584,IT,WA,RUBBE,PADDY,0.08,24345.009,4,4,24345.007,0.0,0.0,0.0,0.002,304312.6125
1690093,IT,IE,RENTI,BUSIN,0.15,24344.301,3,3,24344.301,0.0,0.0,0.0,0.0,162295.34
1677637,IT,FR,REALE,RESEA,1.03,24344.191,4,4,24344.189,0.0,0.0,0.0,0.002,23635.136893
1806644,IT,WF,SALEM,EDUCA,0.2,24344.037,4,4,24344.035,0.0,0.0,0.0,0.002,121720.185
1739873,IT,GB,FINAN,ELEC3,0.32,24343.603,3,3,24343.603,0.0,0.0,0.0,0.0,76073.759375
1735418,IT,SK,BASIC,PULP5,0.03,24342.357,4,4,24342.355,0.0,0.0,0.0,0.002,811411.9
1758067,IT,BR,GLASS,PLANT,0.07,24340.382,3,3,24340.382,0.0,0.0,0.0,0.0,347719.742857
1732529,IT,SI,RUBBE,ALUM1,0.08,24339.39,4,4,24339.388,0.0,0.0,0.0,0.002,304242.375
1760012,IT,BR,INTER,FOOD3,0.15,24338.832,4,4,24338.83,0.0,0.0,0.0,0.002,162258.88
1655684,IT,DE,CHEMI,OFFIC,0.06,24338.606,5,5,24337.604,0.0,0.0,1.0,0.002,405643.433333
1766416,IT,RU,BASIC,ELEC4,0.03,24338.264,4,4,24338.262,0.0,0.0,0.0,0.002,811275.466667
1801673,IT,WE,FURNI,TRANS,0.08,24337.04,4,4,24337.038,0.0,0.0,0.0,0.002,304213.0
1738134,IT,GB,GLASS,PRINT,0.07,24336.485,3,3,24336.485,0.0,0.0,0.0,0.0,347664.071429
1709787,IT,LT,RUBBE,PRINT,0.08,24336.137,4,4,24336.135,0.0,0.0,0.0,0.002,304201.7125
1680609,IT,GR,CONST,REALE,0.14,24334.179,3,3,24334.179,0.0,0.0,0.0,0.0,173815.564286
1735409,IT,SK,BASIC,SUGA1,0.03,24334.018,4,4,24334.016,0.0,0.0,0.0,0.002,811133.933333
1748559,IT,CN,VEGE1,WEARI,0.07,24333.644,4,4,24333.639,0.0,0.0,0.0,0.005,347623.485714
1644403,IT,BE,MEATP,WHOLE,0.1,24333.548,4,4,24333.545,0.0,0.0,0.0,0.003,243335.48
1779584,IT,TR,COMPU,ELEC2,0.28,24333.302,4,4,24333.3,0.0,0.0,0.0,0.002,86904.65
1807146,IT,WF,AIRTR,TEXTI,0.03,24332.934,3,3,24332.934,0.0,0.0,0.0,0.0,811097.8
1663859,IT,EE,TEXTI,REALE,0.14,24332.894,4,4,24332.891,0.0,0.0,0.0,0.003,173806.385714
1739561,IT,GB,TRAN2,HOTEL,0.04,24331.915,3,3,24331.915,0.0,0.0,0.0,0.0,608297.875
1807164,IT,WF,AIRTR,BRICK,0.03,24330.431,3,3,24330.431,0.0,0.0,0.0,0.0,811014.366667
1789452,IT,WA,ADDIT,OILSE,0.06,24330.148,4,4,24330.146,0.0,0.0,0.0,0.002,405502.466667
1814868,IT,WM,93197,PFERT,0.16,24330.063,4,4,24330.061,0.0,0.0,0.0,0.002,152062.89375
1748061,IT,JP,BUSIN,ELEC1,0.25,24329.913,4,4,24329.911,0.0,0.0,0.0,0.002,97319.652
1793580,IT,WL,VEGE1,MEATA,0.07,24329.245,4,4,24329.24,0.0,0.0,0.0,0.005,347560.642857
1689011,IT,IE,MACHI,SUPPO,0.14,24328.31,4,4,24328.308,0.0,0.0,0.0,0.002,173773.642857
1640168,IT,AT,VEGET,BIOGA,0.09,24328.041,3,3,24328.041,0.0,0.0,0.0,0.0,270311.566667
1730707,IT,SE,COMPU,RETA1,0.28,24327.272,4,4,24327.27,0.0,0.0,0.0,0.002,86883.114286
1739607,IT,GB,SEACO,OFFIC,0.02,24325.701,3,3,24325.701,0.0,0.0,0.0,0.0,1216285.05
1814348,IT,WM,FINAN,HOTEL,0.32,24324.959,3,3,24324.959,0.0,0.0,0.0,0.0,76015.496875
1811338,IT,WM,BITU1,AUXIL,0.04,24324.929,4,4,24324.927,0.0,0.0,0.0,0.002,608123.225
1762114,IT,IN,RAILW,PREC1,0.16,24324.864,3,3,24324.864,0.0,0.0,0.0,0.0,152030.4
1714993,IT,NL,TOBAC,OFFIC,0.1,24324.294,4,4,24324.292,0.0,0.0,0.0,0.002,243242.94
1685190,IT,HU,BEVER,REALE,0.1,24324.158,4,4,24324.156,0.0,0.0,0.0,0.002,243241.58
1808157,IT,WF,OILHA,COPPE,0.14,24322.217,3,3,24322.217,0.0,0.0,0.0,0.0,173730.121429
1646808,IT,BE,SALEM,RETA1,0.2,24321.216,4,4,24321.214,0.0,0.0,0.0,0.002,121606.08
1745209,IT,JP,ANIMA,RESEA,0.1,24318.373,3,3,24318.373,0.0,0.0,0.0,0.0,243183.73
1733182,IT,SI,MACHI,ANIMA,0.14,24318.303,4,4,24318.301,0.0,0.0,0.0,0.002,173702.164286
1729374,IT,SE,BASIC,HEAVY,0.03,24317.949,4,4,24317.947,0.0,0.0,0.0,0.002,810598.3
1664345,IT,EE,FABRI,OFFIC,0.1,24316.688,4,4,24316.686,0.0,0.0,0.0,0.002,243166.88
1757972,IT,BR,RUBBE,POULT,0.08,24314.07,4,4,24314.068,0.0,0.0,0.0,0.002,303925.875
1792702,IT,WA,BUSIN,NATU1,0.25,24313.321,4,4,24313.319,0.0,0.0,0.0,0.002,97253.284
1653853,IT,CZ,FABRI,KEROS,0.1,24312.893,4,4,24312.891,0.0,0.0,0.0,0.002,243128.93
1712466,IT,LV,ALUM1,OFFIC,0.04,24312.626,4,4,24312.624,0.0,0.0,0.0,0.002,607815.65
1668683,IT,ES,LANDT,ANIMA,0.16,24309.814,3,3,24309.814,0.0,0.0,0.0,0.0,151936.3375
1751727,IT,CN,INSUR,STEAM,0.5,24309.087,3,3,24309.087,0.0,0.0,0.0,0.0,48618.174
1655944,IT,DE,SUGA1,HOTEL,0.06,24308.694,4,4,24308.69,0.0,0.0,0.0,0.004,405144.9
1749402,IT,CN,KEROS,COKIN,0.04,24308.645,4,4,24308.643,0.0,0.0,0.0,0.002,607716.125
1782889,IT,NO,SEACO,NONME,0.02,24308.6,3,3,24308.6,0.0,0.0,0.0,0.0,1215430.0
1658817,IT,DE,MOTO1,SECO9,0.13,24308.195,4,4,24308.193,0.0,0.0,0.0,0.002,186986.115385
1777415,IT,TR,NONME,COPPE,0.05,24307.596,4,4,24307.593,0.0,0.0,0.0,0.003,486151.92
1766000,IT,RU,CHEM1,CHARC,0.05,24307.516,4,4,24307.513,0.0,0.0,0.0,0.003,486150.32
1803105,IT,WF,VEGET,LEADZ,0.09,24306.864,3,3,24306.864,0.0,0.0,0.0,0.0,270076.266667
1661764,IT,DK,LEATH,FURNI,0.17,24306.634,4,4,24306.63,0.0,0.0,0.0,0.004,142980.2
1753827,IT,CA,WHOLE,MACHI,0.21,24306.446,3,3,24306.446,0.0,0.0,0.0,0.0,115744.980952
1675813,IT,FR,FURNI,WOOD2,0.08,24303.747,4,4,24303.745,0.0,0.0,0.0,0.002,303796.8375
1678065,IT,FR,HEALT,MEATA,0.13,24303.504,3,3,24303.504,0.0,0.0,0.0,0.0,186950.030769
1732925,IT,SI,ALUM1,BEVER,0.04,24302.662,4,4,24302.66,0.0,0.0,0.0,0.002,607566.55
1761375,IT,IN,CEMEN,BRICK,0.04,24302.034,3,3,24302.034,0.0,0.0,0.0,0.0,607550.85
1736477,IT,SK,TRAN2,DIST1,0.04,24299.435,3,3,24299.435,0.0,0.0,0.0,0.0,607485.875
1659980,IT,DE,SEACO,MACHI,0.02,24298.798,3,3,24298.798,0.0,0.0,0.0,0.0,1214939.9
1652060,IT,CZ,FISHF,FISH5,0.04,24297.665,3,3,24297.665,0.0,0.0,0.0,0.0,607441.625
1686319,IT,HU,NONME,PAPER,0.05,24297.383,4,4,24297.38,0.0,0.0,0.0,0.003,485947.66
1772735,IT,CH,CEMEN,TRANS,0.04,24297.131,3,3,24297.131,0.0,0.0,0.0,0.0,607428.275
1674298,IT,FR,PLAST,TRANS,0.05,24296.798,4,4,24296.796,0.0,0.0,0.0,0.002,485935.96
1764229,IT,MX,MACHI,PETRO,0.14,24296.347,4,4,24296.345,0.0,0.0,0.0,0.002,173545.335714
1651270,IT,CY,VEGE1,BEVER,0.07,24295.638,4,4,24295.633,0.0,0.0,0.0,0.005,347080.542857
1676963,IT,FR,AIRTR,COPP1,0.03,24294.771,3,3,24294.771,0.0,0.0,0.0,0.0,809825.7
1675679,IT,FR,TRANS,LANDT,0.14,24293.156,3,3,24293.156,0.0,0.0,0.0,0.0,173522.542857
1765221,IT,RU,OILSE,FOOD5,0.02,24292.775,3,3,24292.775,0.0,0.0,0.0,0.0,1214638.75
1764320,IT,MX,OFFIC,FABRI,0.08,24291.44,4,4,24291.438,0.0,0.0,0.0,0.002,303643.0
1812464,IT,WM,PREC1,ELEC4,0.04,24290.986,3,3,24290.986,0.0,0.0,0.0,0.0,607274.65
1641572,IT,AT,HEAVY,PAPE1,0.04,24290.579,4,4,24290.577,0.0,0.0,0.0,0.002,607264.475
1759868,IT,BR,FOODW,INERT,0.18,24290.014,4,4,24290.012,0.0,0.0,0.0,0.002,134944.522222
1740882,IT,US,DAIRY,COMPU,0.1,24289.127,4,4,24289.125,0.0,0.0,0.0,0.002,242891.27
1806205,IT,WF,MACHI,URANI,0.14,24286.33,4,4,24286.328,0.0,0.0,0.0,0.002,173473.785714
1785570,IT,ZA,GASDI,CROPS,0.04,24286.138,4,4,24286.136,0.0,0.0,0.0,0.002,607153.45
1672372,IT,FI,BUSIN,PFERT,0.25,24283.755,4,4,24283.753,0.0,0.0,0.0,0.002,97135.02
1773848,IT,CH,ELEC5,DISTR,0.29,24283.674,3,3,24283.674,0.0,0.0,0.0,0.0,83736.806897
1678735,IT,GR,PROCE,PFERT,0.16,24283.479,4,4,24283.477,0.0,0.0,0.0,0.002,151771.74375
1778464,IT,TR,WHOLE,WHOLE,0.21,24283.428,3,3,24283.428,0.0,0.0,0.0,0.0,115635.371429
1659349,IT,DE,RETAI,INSUR,0.19,24283.333,4,4,24283.331,0.0,0.0,0.0,0.002,127807.015789
1709458,IT,LT,TEXTI,ELEC5,0.14,24282.327,4,4,24282.324,0.0,0.0,0.0,0.003,173445.192857
1749912,IT,CN,GLASS,WEARI,0.07,24281.191,3,3,24281.191,0.0,0.0,0.0,0.0,346874.157143
1774650,IT,CH,AIRTR,PREC1,0.03,24280.901,3,3,24280.901,0.0,0.0,0.0,0.0,809363.366667
1786193,IT,ZA,ALUM1,FOOD5,0.04,24280.625,4,4,24280.623,0.0,0.0,0.0,0.002,607015.625
1756217,IT,KR,MACHI,ELEC4,0.14,24280.035,4,4,24280.033,0.0,0.0,0.0,0.002,173428.821429
1805465,IT,WF,GLASS,MEDIC,0.07,24277.945,3,3,24277.945,0.0,0.0,0.0,0.0,346827.785714
1649053,IT,BG,PAPER,CEREA,0.09,24277.583,4,4,24277.581,0.0,0.0,0.0,0.002,269750.922222
1767400,IT,RU,LANDT,GASDI,0.16,24276.466,3,3,24276.466,0.0,0.0,0.0,0.0,151727.9125
1758180,IT,BR,NONME,SUPPO,0.05,24275.165,4,4,24275.162,0.0,0.0,0.0,0.003,485503.3
1788910,IT,WA,HEAVY,OILSE,0.04,24274.877,4,4,24274.875,0.0,0.0,0.0,0.002,606871.925
1668482,IT,ES,HOTEL,SANDC,0.18,24274.322,4,4,24274.32,0.0,0.0,0.0,0.002,134857.344444
1785013,IT,ID,BUSIN,TOBAC,0.25,24272.208,4,4,24272.206,0.0,0.0,0.0,0.002,97088.832
1679713,IT,GR,NONME,BASIC,0.05,24272.145,4,4,24272.142,0.0,0.0,0.0,0.003,485442.9
1718157,IT,PL,DAIRY,CROPS,0.1,24271.333,4,4,24271.331,0.0,0.0,0.0,0.002,242713.33
1782760,IT,NO,HOTEL,MEATP,0.18,24270.309,4,4,24270.307,0.0,0.0,0.0,0.002,134835.05
1675163,IT,FR,COPP1,SEWAG,0.06,24266.455,3,3,24266.455,0.0,0.0,0.0,0.0,404440.916667
1646460,IT,BE,MACHI,NAPHT,0.14,24265.654,4,4,24265.652,0.0,0.0,0.0,0.002,173326.1
1754323,IT,CA,INSUR,PFERT,0.5,24265.28,3,3,24265.28,0.0,0.0,0.0,0.0,48530.56
1682868,IT,HR,LIQUE,RECRE,0.04,24265.077,4,4,24265.075,0.0,0.0,0.0,0.002,606626.925
1722974,IT,PT,NAPHT,PLAST,0.04,24263.741,4,4,24263.739,0.0,0.0,0.0,0.002,606593.525
1654736,IT,CZ,TRAN2,SUPPO,0.04,24261.306,3,3,24261.306,0.0,0.0,0.0,0.0,606532.65
1798556,IT,WE,CHEMI,PAPER,0.06,24261.216,5,5,24260.214,0.0,0.0,1.0,0.002,404353.6
1712095,IT,LV,BEVER,RESEA,0.1,24261.137,4,4,24261.135,0.0,0.0,0.0,0.002,242611.37
1756498,IT,KR,RETAI,RADIO,0.19,24260.695,4,4,24260.693,0.0,0.0,0.0,0.002,127687.868421
1653646,IT,CZ,ALUM1,PREC1,0.04,24258.089,4,4,24258.087,0.0,0.0,0.0,0.002,606452.225
1674172,IT,FR,LIQUE,MEATA,0.04,24257.272,4,4,24257.27,0.0,0.0,0.0,0.002,606431.8
1772677,IT,CH,CERAM,FOOD5,0.04,24254.921,3,3,24254.921,0.0,0.0,0.0,0.0,606373.025
1789790,IT,WA,GLASS,FINAN,0.07,24254.898,3,3,24254.898,0.0,0.0,0.0,0.0,346498.542857
1801941,IT,WE,SALEM,SALEM,0.2,24253.523,4,4,24253.521,0.0,0.0,0.0,0.002,121267.615
1729220,IT,SE,CERAM,ELEC5,0.04,24252.718,3,3,24252.718,0.0,0.0,0.0,0.0,606317.95
1780816,IT,TW,COMPU,NAPHT,0.28,24251.125,4,4,24251.123,0.0,0.0,0.0,0.002,86611.160714
1746344,IT,JP,RUBBE,CROPS,0.08,24250.427,4,4,24250.425,0.0,0.0,0.0,0.002,303130.3375
1688582,IT,IE,PRINT,DISTR,0.23,24250.134,4,4,24250.132,0.0,0.0,0.0,0.002,105435.365217
1747026,IT,JP,TRANS,RETA1,0.14,24249.7,3,3,24249.7,0.0,0.0,0.0,0.0,173212.142857
1683247,IT,HR,CERAM,TRANS,0.04,24249.693,3,3,24249.693,0.0,0.0,0.0,0.0,606242.325
1764380,IT,MX,MOTO1,FOUND,0.13,24247.606,4,4,24247.604,0.0,0.0,0.0,0.002,186520.046154
1684334,IT,HR,SUPPO,OFFIC,0.17,24245.837,3,3,24245.837,0.0,0.0,0.0,0.0,142622.570588
1806007,IT,WF,COPP1,CHEM1,0.06,24244.666,3,3,24244.666,0.0,0.0,0.0,0.0,404077.766667
1783223,IT,NO,BUSIN,RETA1,0.25,24243.137,4,4,24243.135,0.0,0.0,0.0,0.002,96972.548
1752891,IT,CA,GASDI,CRUDE,0.04,24242.403,4,4,24242.401,0.0,0.0,0.0,0.002,606060.075
1803958,IT,WF,LEATH,PIGS9,0.17,24242.157,4,4,24242.153,0.0,0.0,0.0,0.004,142600.923529
1807459,IT,WF,AUXIL,PUBLI,0.44,24242.106,3,3,24242.106,0.0,0.0,0.0,0.0,55095.695455
1744768,IT,US,RESEA,PETRO,0.13,24238.511,4,4,24238.509,0.0,0.0,0.0,0.002,186450.084615
1683597,IT,HR,COPP1,BUSIN,0.06,24237.276,3,3,24237.276,0.0,0.0,0.0,0.0,403954.6
1790376,IT,WA,LEAD1,SANDC,0.04,24235.117,4,4,24235.115,0.0,0.0,0.0,0.002,605877.925
1742251,IT,US,CERAM,LANDT,0.04,24233.348,3,3,24233.348,0.0,0.0,0.0,0.0,605833.7
1788316,IT,WA,LEATH,BIOG1,0.17,24233.316,4,4,24233.312,0.0,0.0,0.0,0.004,142548.917647
1767988,IT,RU,COMPU,SUPPO,0.28,24233.209,4,4,24233.207,0.0,0.0,0.0,0.002,86547.175
1794207,IT,WL,PRINT,FURNI,0.23,24232.803,4,4,24232.801,0.0,0.0,0.0,0.002,105360.013043
1745067,IT,US,PUBLI,TRAN1,0.4,24230.818,4,4,24230.816,0.0,0.0,0.0,0.002,60577.045
1795667,IT,WL,FABRI,LEAD1,0.1,24230.356,4,4,24230.354,0.0,0.0,0.0,0.002,242303.56
1765543,IT,RU,LEATH,WEARI,0.17,24230.216,4,4,24230.212,0.0,0.0,0.0,0.004,142530.682353
1800640,IT,WE,CERAM,FORES,0.04,24228.043,3,3,24228.043,0.0,0.0,0.0,0.0,605701.075
1802582,IT,WE,FINAN,INSUR,0.32,24227.942,3,3,24227.942,0.0,0.0,0.0,0.0,75712.31875
1803362,IT,WF,CHEMI,FORES,0.06,24227.73,5,5,24226.728,0.0,0.0,1.0,0.002,403795.5
1680534,IT,GR,ELEC7,FOOD4,0.02,24227.262,3,3,24227.262,0.0,0.0,0.0,0.0,1211363.1
1680532,IT,GR,ELEC7,FOOD3,0.02,24227.198,3,3,24227.198,0.0,0.0,0.0,0.0,1211359.9
1790369,IT,WA,LEAD1,ANTHR,0.04,24225.982,4,4,24225.98,0.0,0.0,0.0,0.002,605649.55
1732475,IT,SI,CHEM1,STEAM,0.05,24225.65,4,4,24225.647,0.0,0.0,0.0,0.003,484513.0
1791908,IT,WA,TRAN2,TRAN2,0.04,24225.373,3,3,24225.373,0.0,0.0,0.0,0.0,605634.325
1746761,IT,JP,MACHI,RAWMI,0.14,24223.727,4,4,24223.725,0.0,0.0,0.0,0.002,173026.621429
1717199,IT,NL,SUPPO,PLAST,0.17,24220.166,3,3,24220.166,0.0,0.0,0.0,0.0,142471.564706
1798760,IT,WE,FOOD5,PRECI,0.12,24219.524,4,4,24219.522,0.0,0.0,0.0,0.002,201829.366667
1779856,IT,TR,PUBLI,FURNI,0.4,24214.09,4,4,24214.088,0.0,0.0,0.0,0.002,60535.225
1720079,IT,PL,ALUM1,WOOD1,0.04,24213.593,4,4,24213.591,0.0,0.0,0.0,0.002,605339.825
1659765,IT,DE,LANDT,POULT,0.16,24212.852,3,3,24212.852,0.0,0.0,0.0,0.0,151330.325
1682913,IT,HR,NAPHT,TRAN1,0.04,24212.525,4,4,24212.523,0.0,0.0,0.0,0.002,605313.125
1813504,IT,WM,RETAI,MOTOR,0.19,24212.446,4,4,24212.444,0.0,0.0,0.0,0.002,127433.926316
1664541,IT,EE,FURNI,BUSIN,0.08,24211.315,4,4,24211.313,0.0,0.0,0.0,0.002,302641.4375
1744707,IT,US,COMPU,SUPPO,0.28,24209.555,4,4,24209.553,0.0,0.0,0.0,0.002,86462.696429
1643437,IT,AT,LANDT,BRICK,0.16,24208.492,3,3,24208.492,0.0,0.0,0.0,0.0,151303.075
1679689,IT,GR,CERAM,SUPPO,0.04,24208.452,3,3,24208.452,0.0,0.0,0.0,0.0,605211.3
1742068,IT,US,RUBBE,WEARI,0.08,24206.751,4,4,24206.749,0.0,0.0,0.0,0.002,302584.3875
1737244,IT,GB,FOOD5,FISHF,0.12,24206.079,4,4,24206.077,0.0,0.0,0.0,0.002,201717.325
1764224,IT,MX,MACHI,ETHAN,0.14,24205.578,4,4,24205.576,0.0,0.0,0.0,0.002,172896.985714
1679538,IT,GR,RUBBE,MEATP,0.08,24205.453,4,4,24205.451,0.0,0.0,0.0,0.002,302568.1625
1763474,IT,MX,PLAST,COPP1,0.05,24205.144,4,4,24205.142,0.0,0.0,0.0,0.002,484102.88
1773568,IT,CH,MOTO1,AUXIL,0.13,24204.164,4,4,24204.162,0.0,0.0,0.0,0.002,186185.876923
1796379,IT,WL,WHOLE,WEARI,0.21,24203.646,3,3,24203.646,0.0,0.0,0.0,0.0,115255.457143
1654634,IT,CZ,LANDT,BEVER,0.16,24201.289,3,3,24201.289,0.0,0.0,0.0,0.0,151258.05625
1729550,IT,SE,COPP1,CHEM1,0.06,24201.021,3,3,24201.021,0.0,0.0,0.0,0.0,403350.35
1654179,IT,CZ,MOTO1,ELEC1,0.13,24200.442,4,4,24200.44,0.0,0.0,0.0,0.002,186157.246154
1660376,IT,DE,FINAN,COPP1,0.32,24199.546,3,3,24199.546,0.0,0.0,0.0,0.0,75623.58125
1658700,IT,DE,OFFIC,NONME,0.07,24199.505,4,4,24199.503,0.0,0.0,0.0,0.002,345707.214286
1674660,IT,FR,GLASS,TEXTI,0.07,24198.904,3,3,24198.904,0.0,0.0,0.0,0.0,345698.628571
1740730,IT,US,MEATP,FOOD5,0.1,24198.85,4,4,24198.847,0.0,0.0,0.0,0.003,241988.5
1805671,IT,WF,BASIC,CROPS,0.03,24198.592,4,4,24198.59,0.0,0.0,0.0,0.002,806619.733333
1755574,IT,KR,CHEM1,DIST1,0.05,24198.424,4,4,24198.421,0.0,0.0,0.0,0.003,483968.48
1738931,IT,GB,FURNI,AUXIL,0.08,24197.969,4,4,24197.967,0.0,0.0,0.0,0.002,302474.6125
1686531,IT,HU,ALUM1,VEGE1,0.04,24197.469,4,4,24197.467,0.0,0.0,0.0,0.002,604936.725
1725820,IT,RO,MOTOR,MOTO1,0.04,24197.112,4,4,24197.11,0.0,0.0,0.0,0.002,604927.8
1785374,IT,ZA,WOODW,BUSIN,0.07,24194.379,4,4,24194.377,0.0,0.0,0.0,0.002,345633.985714
1680533,IT,GR,ELEC7,WASTE,0.02,24193.197,3,3,24193.197,0.0,0.0,0.0,0.0,1209659.85
1762984,IT,MX,FOOD5,ANIMA,0.12,24193.103,4,4,24193.101,0.0,0.0,0.0,0.002,201609.191667
1767442,IT,RU,LANDT,HOTEL,0.16,24190.259,3,3,24190.259,0.0,0.0,0.0,0.0,151189.11875
1810821,IT,WM,KEROS,RUBBE,0.04,24189.814,4,4,24189.812,0.0,0.0,0.0,0.002,604745.35
1721612,IT,PL,POSTT,RADIO,0.4,24189.698,4,4,24189.696,0.0,0.0,0.0,0.002,60474.245
1685214,IT,HU,FISH5,RETA1,0.1,24189.305,4,4,24189.293,0.0,0.0,0.0,0.012,241893.05
1671146,IT,FI,GLASS,RESEA,0.07,24188.431,3,3,24188.431,0.0,0.0,0.0,0.0,345549.014286
1677003,IT,FR,AIRTR,INTER,0.03,24187.02,3,3,24187.02,0.0,0.0,0.0,0.0,806234.0
1683883,IT,HR,TRANS,MACHI,0.14,24186.584,3,3,24186.584,0.0,0.0,0.0,0.0,172761.314286
1730997,IT,SE,FOOD2,FOOD5,0.14,24184.371,4,4,24184.369,0.0,0.0,0.0,0.002,172745.507143
1682607,IT,HR,KEROS,SUGA1,0.04,24184.275,4,4,24184.273,0.0,0.0,0.0,0.002,604606.875
1653578,IT,CZ,BASIC,TEXT1,0.03,24183.706,4,4,24183.704,0.0,0.0,0.0,0.002,806123.533333
1684533,IT,HR,BUSIN,PRINT,0.25,24182.853,4,4,24182.851,0.0,0.0,0.0,0.002,96731.412
1795914,IT,WL,MOTO1,CEREA,0.13,24182.254,4,4,24182.252,0.0,0.0,0.0,0.002,186017.338462
1671459,IT,FI,FABRI,INTER,0.1,24182.079,4,4,24182.077,0.0,0.0,0.0,0.002,241820.79
1792197,IT,WA,SUPPO,RESEA,0.17,24181.997,3,3,24181.997,0.0,0.0,0.0,0.0,142247.041176
1748562,IT,CN,VEGE1,MOTOR,0.07,24179.865,4,4,24179.86,0.0,0.0,0.0,0.005,345426.642857
1776474,IT,TR,MOTOR,CEMEN,0.04,24179.26,4,4,24179.258,0.0,0.0,0.0,0.002,604481.5
1770802,IT,AU,COMPU,WHOLE,0.28,24176.857,4,4,24176.855,0.0,0.0,0.0,0.002,86345.917857
1743474,IT,US,WHOLE,ELEC8,0.21,24176.79,3,3,24176.79,0.0,0.0,0.0,0.0,115127.571429
1787906,IT,WA,BEVER,CHEM1,0.1,24176.459,4,4,24176.457,0.0,0.0,0.0,0.002,241764.59
1667082,IT,ES,NONME,RETA1,0.05,24175.144,4,4,24175.141,0.0,0.0,0.0,0.003,483502.88
1794194,IT,WL,PRINT,PREC1,0.23,24174.414,4,4,24174.412,0.0,0.0,0.0,0.002,105106.147826
1733964,IT,SI,SUPPO,SALEM,0.17,24174.328,3,3,24174.328,0.0,0.0,0.0,0.0,142201.929412
1754379,IT,CA,AUXIL,AUXIL,0.44,24174.07,3,3,24174.07,0.0,0.0,0.0,0.0,54941.068182
1786073,IT,ZA,CEMEN,SUPPO,0.04,24171.61,3,3,24171.61,0.0,0.0,0.0,0.0,604290.25
1645258,IT,BE,COALT,TEXT1,0.04,24171.516,3,3,24171.516,0.0,0.0,0.0,0.0,604287.9
1746954,IT,JP,MOTO1,ELE12,0.13,24170.273,4,4,24170.271,0.0,0.0,0.0,0.002,185925.176923
1730706,IT,SE,COMPU,WHOLE,0.28,24169.888,4,4,24169.886,0.0,0.0,0.0,0.002,86321.028571
1664215,IT,EE,CERAM,REALE,0.04,24168.852,3,3,24168.852,0.0,0.0,0.0,0.0,604221.3
1742713,IT,US,FABRI,ANIMA,0.1,24166.073,4,4,24166.071,0.0,0.0,0.0,0.002,241660.73
1813856,IT,WM,LANDT,FISH5,0.16,24166.072,3,3,24166.072,0.0,0.0,0.0,0.0,151037.95
1740033,IT,GB,RENTI,PRINT,0.14,24164.284,3,3,24164.284,0.0,0.0,0.0,0.0,172602.028571
1759165,IT,BR,AIRTR,SUPPO,0.03,24162.963,3,3,24162.963,0.0,0.0,0.0,0.0,805432.1
1651323,IT,CY,LEATH,REALE,0.17,24161.616,4,4,24161.612,0.0,0.0,0.0,0.004,142127.152941
1662893,IT,DK,WHOLE,COMPU,0.21,24161.199,3,3,24161.199,0.0,0.0,0.0,0.0,115053.328571
1719611,IT,PL,CERAM,OFFIC,0.04,24160.675,3,3,24160.675,0.0,0.0,0.0,0.0,604016.875
1664431,IT,EE,MACHI,DIST1,0.13,24158.674,4,4,24158.672,0.0,0.0,0.0,0.002,185835.953846
1726487,IT,RO,FABRI,INLAN,0.1,24156.117,4,4,24156.115,0.0,0.0,0.0,0.002,241561.17
1794474,IT,WL,GASDI,GLASS,0.04,24155.114,4,4,24155.112,0.0,0.0,0.0,0.002,603877.85
1763824,IT,MX,CERAM,93197,0.04,24154.47,3,3,24154.47,0.0,0.0,0.0,0.0,603861.75
1799008,IT,WE,TEXTI,BEVER,0.14,24152.8,4,4,24152.797,0.0,0.0,0.0,0.003,172520.0
1684883,IT,HU,SANDC,BASIC,0.06,24151.56,4,4,24146.56,0.0,0.0,5.0,0.0,402526.0
1672282,IT,FI,RENTI,FABRI,0.14,24151.287,3,3,24151.287,0.0,0.0,0.0,0.0,172509.192857
1753758,IT,CA,FURNI,LEAD1,0.08,24150.163,4,4,24150.161,0.0,0.0,0.0,0.002,301877.0375
1756601,IT,KR,RAILW,PLAST,0.16,24147.802,3,3,24147.802,0.0,0.0,0.0,0.0,150923.7625
1654154,IT,CZ,MOTO1,PFERT,0.13,24147.112,4,4,24147.11,0.0,0.0,0.0,0.002,185747.015385
1655330,IT,DE,VEGET,FURNI,0.09,24146.505,3,3,24146.505,0.0,0.0,0.0,0.0,268294.5
1763429,IT,MX,NAPHT,PFERT,0.04,24146.337,4,4,24146.335,0.0,0.0,0.0,0.002,603658.425
1664027,IT,EE,PLAST,TEXTI,0.05,24144.026,4,4,24144.024,0.0,0.0,0.0,0.002,482880.52
1739794,IT,GB,POSTT,SALEM,0.4,24143.489,4,4,24143.487,0.0,0.0,0.0,0.002,60358.7225
1742426,IT,US,NONME,WASTE,0.05,24142.502,4,4,24142.499,0.0,0.0,0.0,0.003,482850.04
1781981,IT,NO,RUBBE,BEVER,0.08,24142.38,4,4,24142.378,0.0,0.0,0.0,0.002,301779.75
1647254,IT,BE,LANDT,FURNI,0.16,24139.619,3,3,24139.619,0.0,0.0,0.0,0.0,150872.61875
1662432,IT,DK,ALUM1,CEREA,0.04,24139.153,4,4,24139.151,0.0,0.0,0.0,0.002,603478.825
1649014,IT,BG,WOODW,TEXTI,0.07,24138.113,4,4,24138.111,0.0,0.0,0.0,0.002,344830.185714
1813001,IT,WM,MACHI,BLAST,0.13,24136.09,4,4,24136.088,0.0,0.0,0.0,0.002,185662.230769
1640380,IT,AT,MEATP,HEALT,0.1,24134.124,4,4,24134.121,0.0,0.0,0.0,0.003,241341.24
1712813,IT,LV,AIRTR,BUSIN,0.03,24133.389,3,3,24133.389,0.0,0.0,0.0,0.0,804446.3
1730403,IT,SE,POSTT,BEVER,0.4,24130.426,4,4,24130.424,0.0,0.0,0.0,0.002,60326.065
1713026,IT,MT,MEATP,HOTEL,0.1,24129.565,4,4,24129.562,0.0,0.0,0.0,0.003,241295.65
1729826,IT,SE,OFFIC,CONST,0.07,24128.783,4,4,24128.781,0.0,0.0,0.0,0.002,344696.9
1731370,IT,SI,SUGA1,TEXTI,0.06,24128.347,4,4,24128.343,0.0,0.0,0.0,0.004,402139.116667
1685692,IT,HU,NAPHT,CROPS,0.04,24128.059,4,4,24128.057,0.0,0.0,0.0,0.002,603201.475
1667201,IT,ES,PREC1,LEATH,0.04,24128.025,3,3,24128.025,0.0,0.0,0.0,0.0,603200.625
1769299,IT,AU,RUBBE,POSTT,0.08,24127.26,4,4,24127.258,0.0,0.0,0.0,0.002,301590.75
1776276,IT,TR,PAPER,STONE,0.09,24126.427,4,4,24126.425,0.0,0.0,0.0,0.002,268071.411111
1677304,IT,FR,FINAN,DISTR,0.31,24126.107,3,3,24126.107,0.0,0.0,0.0,0.0,77826.151613
1681880,IT,HR,DAIRY,RAWMI,0.1,24125.708,4,4,24125.706,0.0,0.0,0.0,0.002,241257.08
1729049,IT,SE,RUBBE,LIQUI,0.08,24124.485,4,4,24124.483,0.0,0.0,0.0,0.002,301556.0625
1713802,IT,MT,FURNI,FABRI,0.08,24124.244,4,4,24124.242,0.0,0.0,0.0,0.002,301553.05
1752698,IT,CA,LEATH,TEXTI,0.17,24123.175,4,4,24123.171,0.0,0.0,0.0,0.004,141901.029412
1661723,IT,DK,WEARI,93197,0.18,24122.969,4,4,24122.964,0.0,0.0,0.0,0.005,134016.494444
1640445,IT,AT,VEGE1,LANDT,0.07,24121.711,4,4,24121.706,0.0,0.0,0.0,0.005,344595.871429
1764403,IT,MX,MOTO1,FINAN,0.13,24121.647,4,4,24121.645,0.0,0.0,0.0,0.002,185551.130769
1732671,IT,SI,CERAM,WOODW,0.04,24120.898,3,3,24120.898,0.0,0.0,0.0,0.0,603022.45
1727631,IT,RO,RENTI,BEVER,0.14,24120.615,3,3,24120.615,0.0,0.0,0.0,0.0,172290.107143
1654036,IT,CZ,MACHI,RETAI,0.13,24120.198,4,4,24120.196,0.0,0.0,0.0,0.002,185539.984615
1680520,IT,GR,ELEC7,SECO9,0.02,24119.965,3,3,24119.965,0.0,0.0,0.0,0.0,1205998.25
1756583,IT,KR,RETA1,PUBLI,0.25,24118.811,4,4,24118.809,0.0,0.0,0.0,0.002,96475.244
1680530,IT,GR,ELEC7,SEWAG,0.02,24117.872,3,3,24117.872,0.0,0.0,0.0,0.0,1205893.6
1680055,IT,GR,MACHI,TRANS,0.13,24117.856,4,4,24117.854,0.0,0.0,0.0,0.002,185521.969231
1760354,IT,IN,CHEMI,CHEM1,0.06,24117.598,5,5,24116.596,0.0,0.0,1.0,0.002,401959.966667
1766142,IT,RU,RUBBE,ELEC4,0.08,24116.939,4,4,24116.937,0.0,0.0,0.0,0.002,301461.7375
1652745,IT,CZ,PAPER,ELEC3,0.09,24116.727,4,4,24116.725,0.0,0.0,0.0,0.002,267963.633333
1680537,IT,GR,ELEC7,INERT,0.02,24115.8,3,3,24115.8,0.0,0.0,0.0,0.0,1205790.0
1768751,IT,AU,WEARI,MOTO1,0.18,24115.76,4,4,24115.755,0.0,0.0,0.0,0.005,133976.444444
1680528,IT,GR,ELEC7,INTER,0.02,24115.554,3,3,24115.554,0.0,0.0,0.0,0.0,1205777.7
1680529,IT,GR,ELEC7,OILHA,0.02,24115.535,3,3,24115.535,0.0,0.0,0.0,0.0,1205776.75
1676331,IT,FR,RETAI,CONST,0.19,24115.474,4,4,24115.472,0.0,0.0,0.0,0.002,126923.547368
1680531,IT,GR,ELEC7,FOOD2,0.02,24115.311,3,3,24115.311,0.0,0.0,0.0,0.0,1205765.55
1680539,IT,GR,ELEC7,WOOD2,0.02,24115.108,3,3,24115.108,0.0,0.0,0.0,0.0,1205755.4
1680536,IT,GR,ELEC7,PLAS2,0.02,24115.035,3,3,24115.035,0.0,0.0,0.0,0.0,1205751.75
1680538,IT,GR,ELEC7,TEXT2,0.02,24115.025,3,3,24115.025,0.0,0.0,0.0,0.0,1205751.25
1757345,IT,BR,TEXTI,RETA1,0.14,24114.94,4,4,24114.937,0.0,0.0,0.0,0.003,172249.571429
1759631,IT,BR,RESEA,LEATH,0.13,24113.374,4,4,24113.372,0.0,0.0,0.0,0.002,185487.492308
1720229,IT,PL,COPP1,93197,0.06,24112.111,3,3,24112.111,0.0,0.0,0.0,0.0,401868.516667
1671075,IT,FI,RUBBE,RETAI,0.08,24111.543,4,4,24111.541,0.0,0.0,0.0,0.002,301394.2875
1759376,IT,BR,FINAN,REALE,0.31,24109.952,3,3,24109.952,0.0,0.0,0.0,0.0,77774.03871
1789851,IT,WA,CERAM,CEMEN,0.04,24109.364,3,3,24109.364,0.0,0.0,0.0,0.0,602734.1
1775965,IT,TR,BEVER,LEATH,0.1,24109.305,4,4,24109.303,0.0,0.0,0.0,0.002,241093.05
1719030,IT,PL,HEAVY,PULP5,0.04,24108.187,4,4,24108.185,0.0,0.0,0.0,0.002,602704.675
1643725,IT,AT,SUPPO,TRANS,0.17,24107.692,3,3,24107.692,0.0,0.0,0.0,0.0,141809.952941
1669638,IT,ES,RENTI,BUSIN,0.14,24107.576,3,3,24107.576,0.0,0.0,0.0,0.0,172196.971429
1792529,IT,WA,REALE,POSTT,1.02,24106.563,4,4,24106.561,0.0,0.0,0.0,0.002,23633.885294
1712298,IT,LV,RUBBE,WHEAT,0.08,24106.242,4,4,24106.24,0.0,0.0,0.0,0.002,301328.025
1770472,IT,AU,AIRTR,WEARI,0.03,24105.722,3,3,24105.722,0.0,0.0,0.0,0.0,803524.066667
1795984,IT,WL,MOTO1,OFFIC,0.13,24105.36,4,4,24105.358,0.0,0.0,0.0,0.002,185425.846154
1665396,IT,ES,TEXTI,CEMEN,0.14,24105.229,4,4,24105.226,0.0,0.0,0.0,0.003,172180.207143
1688260,IT,IE,CROPS,MEATC,0.19,24101.175,3,3,24101.175,0.0,0.0,0.0,0.0,126848.289474
1673713,IT,FR,PAPER,NAPHT,0.09,24100.719,4,4,24100.717,0.0,0.0,0.0,0.002,267785.766667
1735593,IT,SK,COPP1,TEXTI,0.06,24097.814,3,3,24097.814,0.0,0.0,0.0,0.0,401630.233333
1803712,IT,WF,BEVER,RECRE,0.1,24097.46,4,4,24097.458,0.0,0.0,0.0,0.002,240974.6
1719498,IT,PL,GLASS,MEAT1,0.07,24096.682,3,3,24096.682,0.0,0.0,0.0,0.0,344238.314286
1673944,IT,FR,MOTOR,OILHA,0.04,24096.63,4,4,24096.628,0.0,0.0,0.0,0.002,602415.75
1688651,IT,IE,CHEM1,CROPS,0.05,24096.581,4,4,24096.578,0.0,0.0,0.0,0.003,481931.62
1732264,IT,SI,LIQUE,SALEM,0.04,24095.134,4,4,24095.132,0.0,0.0,0.0,0.002,602378.35
1655262,IT,DE,WHEAT,PIGS9,0.02,24093.691,3,3,24093.691,0.0,0.0,0.0,0.0,1204684.55
1758066,IT,BR,GLASS,SUGAR,0.07,24092.168,3,3,24092.168,0.0,0.0,0.0,0.0,344173.828571
1715517,IT,NL,GASDI,NUCLE,0.04,24092.028,4,4,24092.026,0.0,0.0,0.0,0.002,602300.7
1763390,IT,MX,PRINT,SUPPO,0.23,24091.821,4,4,24091.819,0.0,0.0,0.0,0.002,104747.047826
1688432,IT,IE,BEVER,HEALT,0.1,24091.195,4,4,24091.193,0.0,0.0,0.0,0.002,240911.95
1666706,IT,ES,RUBBE,MEATA,0.08,24090.929,4,4,24090.927,0.0,0.0,0.0,0.002,301136.6125
1751891,IT,CN,COMPU,GASDI,0.28,24090.493,4,4,24090.491,0.0,0.0,0.0,0.002,86037.475
1813683,IT,WM,RETA1,DISTR,0.25,24086.449,4,4,24086.447,0.0,0.0,0.0,0.002,96345.796
1716761,IT,NL,RETA1,ALUM1,0.25,24085.976,4,4,24085.974,0.0,0.0,0.0,0.002,96343.904
1763645,IT,MX,RUBBE,SANDC,0.08,24085.833,4,4,24085.831,0.0,0.0,0.0,0.002,301072.9125
1764812,IT,MX,SEACO,FISHF,0.02,24085.436,3,3,24085.436,0.0,0.0,0.0,0.0,1204271.8
1809644,IT,WM,DAIRY,FURNI,0.1,24085.1,4,4,24085.098,0.0,0.0,0.0,0.002,240851.0
1805812,IT,WF,PREC1,CONST,0.04,24084.976,3,3,24084.976,0.0,0.0,0.0,0.0,602124.4
1776797,IT,TR,NAPHT,RUBBE,0.04,24083.083,4,4,24083.081,0.0,0.0,0.0,0.002,602077.075
1716359,IT,NL,FABRI,RECRE,0.1,24082.138,4,4,24082.136,0.0,0.0,0.0,0.002,240821.38
1788579,IT,WA,PAPER,DIST1,0.09,24081.34,4,4,24081.338,0.0,0.0,0.0,0.002,267570.444444
1657302,IT,DE,CHEM1,FOOD1,0.05,24080.887,4,4,24080.884,0.0,0.0,0.0,0.003,481617.74
1812831,IT,WM,FABRI,BITU1,0.1,24080.271,4,4,24080.269,0.0,0.0,0.0,0.002,240802.71
1770957,IT,CH,VEGET,ALUM1,0.09,24078.289,3,3,24078.289,0.0,0.0,0.0,0.0,267536.544444
1682456,IT,HR,PAPER,TRAN2,0.09,24077.648,4,4,24077.646,0.0,0.0,0.0,0.002,267529.422222
1772331,IT,CH,PLAST,MEDIC,0.05,24077.552,4,4,24077.55,0.0,0.0,0.0,0.002,481551.04
1673942,IT,FR,MOTOR,PAPE1,0.04,24074.873,4,4,24074.871,0.0,0.0,0.0,0.002,601871.825
1785912,IT,ZA,RUBBE,IRONO,0.08,24074.528,4,4,24074.526,0.0,0.0,0.0,0.002,300931.6
1793607,IT,WL,VEGE1,SUPPO,0.07,24074.333,4,4,24074.328,0.0,0.0,0.0,0.005,343919.042857
1664759,IT,EE,RESEA,RESEA,0.13,24073.043,4,4,24073.041,0.0,0.0,0.0,0.002,185177.253846
1647485,IT,BE,SUPPO,TEXTI,0.17,24071.359,3,3,24071.359,0.0,0.0,0.0,0.0,141596.229412
1742600,IT,US,ALUM1,MEDIC,0.04,24068.476,4,4,24068.474,0.0,0.0,0.0,0.002,601711.9
1753140,IT,CA,RUBBE,RAILW,0.08,24067.327,4,4,24067.325,0.0,0.0,0.0,0.002,300841.5875
1662744,IT,DK,OFFIC,DIST1,0.07,24067.205,4,4,24067.203,0.0,0.0,0.0,0.002,343817.214286
1722511,IT,PT,FOOD5,CERAM,0.12,24065.226,4,4,24065.224,0.0,0.0,0.0,0.002,200543.55
1780653,IT,TW,AUXIL,MOTOR,0.44,24065.026,3,3,24065.026,0.0,0.0,0.0,0.0,54693.240909
1714584,IT,NL,STONE,COMPU,0.08,24063.498,4,4,24062.498,0.0,0.0,1.0,0.0,300793.725
1766628,IT,RU,FABRI,PRINT,0.1,24062.545,4,4,24062.543,0.0,0.0,0.0,0.002,240625.45
1786396,IT,ZA,MACHI,ELEC5,0.13,24061.001,4,4,24060.999,0.0,0.0,0.0,0.002,185084.623077
1793967,IT,WL,WOODW,VEGE1,0.07,24059.436,4,4,24059.434,0.0,0.0,0.0,0.002,343706.228571
1738598,IT,GB,FABRI,RETAI,0.1,24056.22,4,4,24056.218,0.0,0.0,0.0,0.002,240562.2
1654674,IT,CZ,LANDT,RADIO,0.16,24056.087,3,3,24056.087,0.0,0.0,0.0,0.0,150350.54375
1710612,IT,LU,STONE,HOTEL,0.08,24055.78,4,4,24054.78,0.0,0.0,1.0,0.0,300697.25
1745558,IT,JP,BEVER,LANDT,0.1,24051.883,4,4,24051.881,0.0,0.0,0.0,0.002,240518.83
1654058,IT,CZ,MACHI,INTER,0.13,24051.84,4,4,24051.838,0.0,0.0,0.0,0.002,185014.153846
1667892,IT,ES,MOTO1,PREC1,0.13,24051.636,4,4,24051.634,0.0,0.0,0.0,0.002,185012.584615
1770013,IT,AU,FURNI,MOTO1,0.08,24050.743,4,4,24050.741,0.0,0.0,0.0,0.002,300634.2875
1642156,IT,AT,CERAM,FURNI,0.04,24045.391,3,3,24045.391,0.0,0.0,0.0,0.0,601134.775
1690186,IT,IE,BUSIN,PRINT,0.25,24044.735,4,4,24044.733,0.0,0.0,0.0,0.002,96178.94
1722469,IT,PT,DAIRY,RETA1,0.1,24044.471,4,4,24044.469,0.0,0.0,0.0,0.002,240444.71
1746641,IT,JP,COPP1,BASIC,0.06,24043.616,3,3,24043.616,0.0,0.0,0.0,0.0,400726.933333
1713569,IT,MT,CEMEN,FURNI,0.04,24043.5,3,3,24043.5,0.0,0.0,0.0,0.0,601087.5
1676409,IT,FR,WHOLE,FOODW,0.21,24043.008,3,3,24043.008,0.0,0.0,0.0,0.0,114490.514286
1746603,IT,JP,PREC1,WASTE,0.04,24042.967,3,3,24042.967,0.0,0.0,0.0,0.0,601074.175
1752528,IT,CA,FOOD5,NONME,0.12,24042.769,4,4,24042.767,0.0,0.0,0.0,0.002,200356.408333
1667377,IT,ES,COPP1,TEXTI,0.06,24040.547,3,3,24040.547,0.0,0.0,0.0,0.0,400675.783333
1758384,IT,BR,FABRI,GASDI,0.1,24039.732,4,4,24039.73,0.0,0.0,0.0,0.002,240397.32
1721334,IT,PL,TRAN2,LIQUE,0.04,24039.452,3,3,24039.452,0.0,0.0,0.0,0.0,600986.3
1729863,IT,SE,MOTO1,COMPU,0.13,24036.877,4,4,24036.875,0.0,0.0,0.0,0.002,184899.053846
1646153,IT,BE,PREC1,INTER,0.04,24034.172,3,3,24034.172,0.0,0.0,0.0,0.0,600854.3
1808142,IT,WF,WOOD1,93197,0.16,24033.873,4,4,24033.871,0.0,0.0,0.0,0.002,150211.70625
1730271,IT,SE,SEACO,OFFIC,0.02,24033.077,3,3,24033.077,0.0,0.0,0.0,0.0,1201653.85
1738036,IT,GB,RUBBE,SUGA1,0.08,24031.916,4,4,24031.914,0.0,0.0,0.0,0.002,300398.95
1784870,IT,ID,AIRTR,PFERT,0.03,24028.95,3,3,24028.95,0.0,0.0,0.0,0.0,800965.0
1732103,IT,SI,KERO1,INTER,0.03,24028.946,4,4,24028.944,0.0,0.0,0.0,0.002,800964.866667
1677075,IT,FR,SUPPO,RADIO,0.17,24028.931,3,3,24028.931,0.0,0.0,0.0,0.0,141346.652941
1801662,IT,WE,FURNI,NONME,0.08,24028.528,4,4,24028.526,0.0,0.0,0.0,0.002,300356.6
1771390,IT,CH,FOOD5,SUGA1,0.12,24027.878,4,4,24027.876,0.0,0.0,0.0,0.002,200232.316667
1747238,IT,JP,SALEM,LANDT,0.19,24027.789,3,3,24027.789,0.0,0.0,0.0,0.0,126462.047368
1646168,IT,BE,ALUM1,BEVER,0.04,24027.334,4,4,24027.332,0.0,0.0,0.0,0.002,600683.35
1776816,IT,TR,NAPHT,ELEC2,0.04,24026.607,4,4,24026.605,0.0,0.0,0.0,0.002,600665.175
1641030,IT,AT,PULP5,RETAI,0.07,24026.559,4,4,24026.557,0.0,0.0,0.0,0.002,343236.557143
1722434,IT,PT,VEGE1,MEATC,0.07,24026.135,4,4,24026.13,0.0,0.0,0.0,0.005,343230.5
1725482,IT,RO,WEARI,DIST1,0.18,24026.13,4,4,24026.125,0.0,0.0,0.0,0.005,133478.5
1798853,IT,WE,BEVER,CROPS,0.1,24025.983,4,4,24025.981,0.0,0.0,0.0,0.002,240259.83
1741415,IT,US,MOTOR,PIGS9,0.04,24023.45,4,4,24023.448,0.0,0.0,0.0,0.002,600586.25
1677499,IT,FR,AUXIL,FOUND,0.44,24023.017,3,3,24023.017,0.0,0.0,0.0,0.0,54597.765909
1765572,IT,RU,LEATH,HOTEL,0.17,24021.888,4,4,24021.884,0.0,0.0,0.0,0.004,141305.223529
1742442,IT,US,BASIC,POULT,0.03,24021.525,4,4,24021.523,0.0,0.0,0.0,0.002,800717.5
1782687,IT,NO,WHOLE,SALEM,0.21,24021.394,3,3,24021.394,0.0,0.0,0.0,0.0,114387.590476
1810851,IT,WM,KEROS,DISTR,0.04,24021.378,4,4,24021.376,0.0,0.0,0.0,0.002,600534.45
1723104,IT,PT,CHEM1,ELEC4,0.05,24019.903,4,4,24019.9,0.0,0.0,0.0,0.003,480398.06
1689841,IT,IE,INSUR,POSTT,0.5,24019.886,3,3,24019.886,0.0,0.0,0.0,0.0,48039.772
1709918,IT,LT,BASIC,FOOD5,0.03,24019.681,4,4,24019.679,0.0,0.0,0.0,0.002,800656.033333
1755497,IT,KR,CHEM1,PIGS9,0.05,24018.107,4,4,24018.104,0.0,0.0,0.0,0.003,480362.14
1731295,IT,SI,VEGE1,MEATC,0.07,24016.852,4,4,24016.847,0.0,0.0,0.0,0.005,343097.885714
1733267,IT,SI,MACHI,FOOD3,0.13,24016.845,4,4,24016.843,0.0,0.0,0.0,0.002,184744.961538
1774127,IT,CH,WHOLE,COLLE,0.21,24016.489,3,3,24016.489,0.0,0.0,0.0,0.0,114364.233333
1798981,IT,WE,TOBAC,RECRE,0.09,24014.196,4,4,24014.194,0.0,0.0,0.0,0.002,266824.4
1760707,IT,IN,PAPER,ELEC1,0.09,24012.037,4,4,24012.035,0.0,0.0,0.0,0.002,266800.411111
1759205,IT,BR,SUPPO,MOTO1,0.17,24011.425,3,3,24011.425,0.0,0.0,0.0,0.0,141243.676471
1759081,IT,BR,SEACO,HEALT,0.02,24009.868,3,3,24009.868,0.0,0.0,0.0,0.0,1200493.4
1645797,IT,BE,RUBBE,FINAN,0.08,24006.905,4,4,24006.903,0.0,0.0,0.0,0.002,300086.3125
1647295,IT,BE,LANDT,INTER,0.15,24005.73,3,3,24005.73,0.0,0.0,0.0,0.0,160038.2
1714994,IT,NL,TOBAC,FURNI,0.09,24004.18,4,4,24004.178,0.0,0.0,0.0,0.002,266713.111111
1725349,IT,RO,TOBAC,REALE,0.09,24002.938,4,4,24002.936,0.0,0.0,0.0,0.002,266699.311111
1763630,IT,MX,RUBBE,CROPS,0.08,24002.483,4,4,24002.481,0.0,0.0,0.0,0.002,300031.0375
1766334,IT,RU,NONME,FURNI,0.05,24001.941,4,4,24001.938,0.0,0.0,0.0,0.003,480038.82
1690179,IT,IE,BUSIN,DAIRY,0.25,24001.229,4,4,24001.227,0.0,0.0,0.0,0.002,96004.916
1804787,IT,WF,NAPHT,NONSP,0.04,24000.844,4,4,24000.842,0.0,0.0,0.0,0.002,600021.1
1780436,IT,TW,SUPPO,FURNI,0.17,24000.606,3,3,24000.606,0.0,0.0,0.0,0.0,141180.035294
1757222,IT,BR,VEGE1,LEADZ,0.07,24000.133,4,4,24000.128,0.0,0.0,0.0,0.005,342859.042857
1726568,IT,RO,OFFIC,HOTEL,0.07,23998.448,4,4,23998.446,0.0,0.0,0.0,0.002,342834.971429
1755774,IT,KR,GLASS,MEMBE,0.07,23994.69,3,3,23994.69,0.0,0.0,0.0,0.0,342781.285714
1802718,IT,WE,COMPU,HEALT,0.27,23992.195,4,4,23992.193,0.0,0.0,0.0,0.002,88859.981481
1813124,IT,WM,MOTO1,TOBAC,0.13,23990.163,4,4,23990.161,0.0,0.0,0.0,0.002,184539.715385
1802009,IT,WE,WHOLE,PRINT,0.21,23989.526,3,3,23989.526,0.0,0.0,0.0,0.0,114235.838095
1716657,IT,NL,WHOLE,MEATC,0.21,23988.628,3,3,23988.628,0.0,0.0,0.0,0.0,114231.561905
1689399,IT,IE,HOTEL,CATTL,0.17,23988.139,4,4,23988.137,0.0,0.0,0.0,0.002,141106.7
1646984,IT,BE,RETA1,FOOD5,0.25,23985.213,4,4,23985.211,0.0,0.0,0.0,0.002,95940.852
1774290,IT,CH,HOTEL,FORES,0.17,23984.189,4,4,23984.187,0.0,0.0,0.0,0.002,141083.464706
1679266,IT,GR,GASDI,RETA1,0.04,23983.64,4,4,23983.638,0.0,0.0,0.0,0.002,599591.0
1734959,IT,SK,HEAVY,MOTOR,0.04,23983.351,4,4,23983.349,0.0,0.0,0.0,0.002,599583.775
1731644,IT,SI,LEATH,BUSIN,0.17,23982.818,4,4,23982.814,0.0,0.0,0.0,0.004,141075.4
1764636,IT,MX,RETA1,PLAST,0.25,23982.343,4,4,23982.341,0.0,0.0,0.0,0.002,95929.372
1771094,IT,CH,NATUR,REALE,0.03,23981.879,4,4,23981.877,0.0,0.0,0.0,0.002,799395.966667
1642843,IT,AT,OFFIC,RECRE,0.07,23981.58,4,4,23981.578,0.0,0.0,0.0,0.002,342594.0
1716400,IT,NL,MACHI,ELEC5,0.13,23981.118,4,4,23981.116,0.0,0.0,0.0,0.002,184470.138462
1715245,IT,NL,PAPER,CROPS,0.09,23980.676,4,4,23980.674,0.0,0.0,0.0,0.002,266451.955556
1735437,IT,SK,BASIC,BRICK,0.03,23980.376,4,4,23980.374,0.0,0.0,0.0,0.002,799345.866667
1657854,IT,DE,NONME,WASTE,0.05,23980.084,4,4,23980.081,0.0,0.0,0.0,0.003,479601.68
1641430,IT,AT,GASDI,PLAST,0.04,23979.86,4,4,23979.858,0.0,0.0,0.0,0.002,599496.5
1772682,IT,CH,CERAM,CHEM1,0.04,23979.582,3,3,23979.582,0.0,0.0,0.0,0.0,599489.55
1737852,IT,GB,PLAST,GASDI,0.05,23978.122,4,4,23978.12,0.0,0.0,0.0,0.002,479562.44
1813240,IT,WM,TRANS,TEXTI,0.14,23977.893,3,3,23977.893,0.0,0.0,0.0,0.0,171270.664286
1672867,IT,FR,VEGE1,MOTOR,0.07,23976.854,4,4,23976.849,0.0,0.0,0.0,0.005,342526.485714
1652956,IT,CZ,HEAVY,RETA1,0.04,23975.033,4,4,23975.031,0.0,0.0,0.0,0.002,599375.825
1649338,IT,BG,PLAST,NONME,0.05,23973.346,4,4,23973.344,0.0,0.0,0.0,0.002,479466.92
1798370,IT,WE,FORES,WOODW,0.21,23972.837,4,4,23963.837,0.0,9.0,0.0,0.0,114156.366667
1803784,IT,WF,TEXTI,STONE,0.14,23972.046,4,4,23972.043,0.0,0.0,0.0,0.003,171228.9
1767241,IT,RU,HOTEL,MEATP,0.17,23971.72,4,4,23971.718,0.0,0.0,0.0,0.002,141010.117647
1813232,IT,WM,TRANS,MEAT4,0.14,23971.011,3,3,23971.011,0.0,0.0,0.0,0.0,171221.507143
1660164,IT,DE,SUPPO,RUBBE,0.17,23970.762,3,3,23970.762,0.0,0.0,0.0,0.0,141004.482353
1673935,IT,FR,MOTOR,COMPU,0.04,23969.571,4,4,23969.569,0.0,0.0,0.0,0.002,599239.275
1750914,IT,CN,CONST,BASIC,0.13,23969.355,3,3,23969.355,0.0,0.0,0.0,0.0,184379.653846
1642734,IT,AT,MACHI,BIOGA,0.13,23967.629,4,4,23967.627,0.0,0.0,0.0,0.002,184366.376923
1769470,IT,AU,BASIC,PRECI,0.03,23967.52,4,4,23967.518,0.0,0.0,0.0,0.002,798917.333333
1679274,IT,GR,GASDI,REALE,0.04,23966.84,4,4,23966.838,0.0,0.0,0.0,0.002,599171.0
1786752,IT,ZA,RETA1,EDUCA,0.25,23964.316,4,4,23964.314,0.0,0.0,0.0,0.002,95857.264
1765851,IT,RU,LIQUE,WOODW,0.04,23964.3,4,4,23964.298,0.0,0.0,0.0,0.002,599107.5
1686011,IT,HU,BIODI,MOTO1,0.05,23961.156,4,4,23961.153,0.0,0.0,0.0,0.003,479223.12
1713940,IT,MT,CONST,POSTT,0.13,23961.08,3,3,23961.08,0.0,0.0,0.0,0.0,184316.0
1771746,IT,CH,LEATH,ALUM1,0.17,23960.537,4,4,23960.533,0.0,0.0,0.0,0.004,140944.335294
1678608,IT,GR,FISHF,MOTO1,0.04,23958.191,3,3,23958.191,0.0,0.0,0.0,0.0,598954.775
1803365,IT,WF,CHEMI,NATU1,0.06,23957.881,5,5,23956.879,0.0,0.0,1.0,0.002,399298.016667
1661715,IT,DK,WEARI,PUBLI,0.18,23957.025,4,4,23957.02,0.0,0.0,0.0,0.005,133094.583333
1728336,IT,SE,TEXTI,COPPE,0.14,23956.455,4,4,23956.452,0.0,0.0,0.0,0.003,171117.535714
1672674,IT,FR,CRUDE,PUBLI,0.05,23955.708,4,4,23955.706,0.0,0.0,0.0,0.002,479114.16
1679485,IT,GR,CHEM1,RADIO,0.05,23955.076,4,4,23955.073,0.0,0.0,0.0,0.003,479101.52
1794362,IT,WL,AVIAT,POULT,0.06,23952.566,4,4,23952.564,0.0,0.0,0.0,0.002,399209.433333
1777376,IT,TR,CERAM,CHEMI,0.04,23952.544,3,3,23952.544,0.0,0.0,0.0,0.0,598813.6
1666201,IT,ES,HEAVY,TOBAC,0.04,23952.439,4,4,23952.437,0.0,0.0,0.0,0.002,598810.975
1808930,IT,WM,CEREA,LIQUE,0.04,23952.41,3,3,23952.41,0.0,0.0,0.0,0.0,598810.25
1640284,IT,AT,SANDC,RAWMI,0.05,23950.535,4,4,23945.535,0.0,0.0,5.0,0.0,479010.7
1670387,IT,FI,PROCE,BEVER,0.16,23949.714,3,3,23949.714,0.0,0.0,0.0,0.0,149685.7125
1645948,IT,BE,CERAM,STEAM,0.04,23949.363,3,3,23949.363,0.0,0.0,0.0,0.0,598734.075
1742170,IT,US,GLASS,PFERT,0.07,23948.71,3,3,23948.71,0.0,0.0,0.0,0.0,342124.428571
1685938,IT,HU,CHEM1,OILHA,0.05,23948.507,4,4,23948.504,0.0,0.0,0.0,0.003,478970.14
1755645,IT,KR,RUBBE,MOTOR,0.08,23948.369,4,4,23948.367,0.0,0.0,0.0,0.002,299354.6125
1678854,IT,GR,FISH5,MEATA,0.1,23947.633,4,4,23947.621,0.0,0.0,0.0,0.012,239476.33
1662885,IT,DK,WHOLE,MACHI,0.21,23947.516,3,3,23947.516,0.0,0.0,0.0,0.0,114035.790476
1716894,IT,NL,HOTEL,INLAN,0.17,23946.819,4,4,23946.817,0.0,0.0,0.0,0.002,140863.641176
1723325,IT,PT,NONME,BEVER,0.05,23946.394,4,4,23946.391,0.0,0.0,0.0,0.003,478927.88
1731045,IT,SI,WHEAT,RESEA,0.02,23945.267,3,3,23945.267,0.0,0.0,0.0,0.0,1197263.35
1782757,IT,NO,HOTEL,NATU1,0.17,23945.124,4,4,23945.122,0.0,0.0,0.0,0.002,140853.670588
1670409,IT,FI,FOOD5,MEATP,0.12,23944.615,4,4,23944.613,0.0,0.0,0.0,0.002,199538.458333
1763194,IT,MX,LEATH,POSTT,0.17,23944.165,4,4,23944.161,0.0,0.0,0.0,0.004,140848.029412
1731725,IT,SI,PULP5,RUBBE,0.07,23943.404,4,4,23943.402,0.0,0.0,0.0,0.002,342048.628571
1781243,IT,NO,FISHF,FISH5,0.04,23942.958,3,3,23942.958,0.0,0.0,0.0,0.0,598573.95
1689523,IT,IE,SEACO,MEATC,0.02,23941.277,3,3,23941.277,0.0,0.0,0.0,0.0,1197063.85
1661468,IT,DK,PROCE,PROCE,0.16,23941.04,3,3,23941.04,0.0,0.0,0.0,0.0,149631.5
1793107,IT,WA,MEMBE,REALE,0.28,23940.074,4,4,23940.072,0.0,0.0,0.0,0.002,85500.264286
1730926,IT,SE,INTER,FURNI,0.14,23939.363,4,4,23939.361,0.0,0.0,0.0,0.002,170995.45
1780910,IT,TW,RESEA,ELEC3,0.13,23938.821,4,4,23938.819,0.0,0.0,0.0,0.002,184144.776923
1809099,IT,WM,CROPS,WOODW,0.19,23937.793,3,3,23937.793,0.0,0.0,0.0,0.0,125988.384211
1737787,IT,GB,NAPHT,BEVER,0.04,23935.208,4,4,23935.206,0.0,0.0,0.0,0.002,598380.2
1741985,IT,US,CHEM1,WOOD2,0.05,23931.561,4,4,23931.558,0.0,0.0,0.0,0.003,478631.22
1710679,IT,LU,DAIRY,HOTEL,0.1,23931.464,4,4,23931.462,0.0,0.0,0.0,0.002,239314.64
1682713,IT,HR,GASDI,RUBBE,0.04,23931.292,4,4,23931.29,0.0,0.0,0.0,0.002,598282.3
1644954,IT,BE,WOODW,GLASS,0.07,23930.517,4,4,23930.515,0.0,0.0,0.0,0.002,341864.528571
1793832,IT,WL,TEXTI,PLAST,0.14,23928.261,4,4,23928.258,0.0,0.0,0.0,0.003,170916.15
1710538,IT,LT,SUPPO,RAILW,0.17,23928.135,3,3,23928.135,0.0,0.0,0.0,0.0,140753.735294
1768798,IT,AU,LEATH,BITUM,0.17,23927.892,4,4,23927.888,0.0,0.0,0.0,0.004,140752.305882
1754353,IT,CA,INSUR,HOTEL,0.49,23927.038,3,3,23927.038,0.0,0.0,0.0,0.0,48830.689796
1680856,IT,GR,LANDT,VEGE1,0.15,23924.666,3,3,23924.666,0.0,0.0,0.0,0.0,159497.773333
1655425,IT,DE,WOOLS,MEMBE,0.09,23923.892,4,4,23923.89,0.0,0.0,0.0,0.002,265821.022222
1664285,IT,EE,BASIC,RECRE,0.03,23923.626,4,4,23923.624,0.0,0.0,0.0,0.002,797454.2
1642283,IT,AT,NONME,POSTT,0.05,23922.628,4,4,23922.625,0.0,0.0,0.0,0.003,478452.56
1764613,IT,MX,WHOLE,RECRE,0.21,23921.884,3,3,23921.884,0.0,0.0,0.0,0.0,113913.733333
1748638,IT,CN,DAIRY,OFFIC,0.1,23921.619,4,4,23921.617,0.0,0.0,0.0,0.002,239216.19
1710616,IT,LU,SANDC,FOOD3,0.05,23921.116,4,4,23916.116,0.0,0.0,5.0,0.0,478422.32
1732197,IT,SI,GASDI,WOOD2,0.04,23919.958,4,4,23919.956,0.0,0.0,0.0,0.002,597998.95
1651546,IT,CY,RUBBE,MACHI,0.08,23919.406,4,4,23919.404,0.0,0.0,0.0,0.002,298992.575
1673481,IT,FR,WEARI,INERT,0.18,23916.773,4,4,23916.768,0.0,0.0,0.0,0.005,132870.961111
1723548,IT,PT,FABRI,CROPS,0.1,23914.573,4,4,23914.571,0.0,0.0,0.0,0.002,239145.73
1760504,IT,IN,TEXTI,93197,0.14,23913.265,4,4,23913.262,0.0,0.0,0.0,0.003,170809.035714
1662834,IT,DK,SALEM,RENTI,0.19,23911.122,3,3,23911.122,0.0,0.0,0.0,0.0,125848.010526
1754518,IT,CA,BUSIN,OFFIC,0.25,23910.662,4,4,23910.66,0.0,0.0,0.0,0.002,95642.648
1660741,IT,DE,RENTI,REALE,0.14,23910.435,3,3,23910.435,0.0,0.0,0.0,0.0,170788.821429
1714491,IT,NL,FISHF,HEALT,0.04,23909.468,3,3,23909.468,0.0,0.0,0.0,0.0,597736.7
1717994,IT,PL,SANDC,BUSIN,0.05,23909.02,4,4,23904.02,0.0,0.0,5.0,0.0,478180.4
1752652,IT,CA,TEXTI,HEALT,0.14,23905.134,4,4,23905.131,0.0,0.0,0.0,0.003,170750.957143
1813509,IT,WM,RETAI,LIQUE,0.19,23903.984,4,4,23903.982,0.0,0.0,0.0,0.002,125810.442105
1651648,IT,CY,BASIC,TRANS,0.03,23903.832,4,4,23903.83,0.0,0.0,0.0,0.002,796794.4
1769940,IT,AU,MOTO1,FINAN,0.13,23903.737,4,4,23903.735,0.0,0.0,0.0,0.002,183874.9
1802053,IT,WE,WHOLE,REALE,0.21,23903.661,3,3,23903.661,0.0,0.0,0.0,0.0,113826.957143
1660640,IT,DE,REALE,RETAI,1.01,23901.274,4,4,23901.272,0.0,0.0,0.0,0.002,23664.627723
1752705,IT,CA,LEATH,CHEM1,0.17,23900.988,4,4,23900.984,0.0,0.0,0.0,0.004,140594.047059
1652512,IT,CZ,WEARI,DIST1,0.18,23900.685,4,4,23900.68,0.0,0.0,0.0,0.005,132781.583333
1805654,IT,WF,NONME,HOTEL,0.05,23899.951,4,4,23899.948,0.0,0.0,0.0,0.003,477999.02
1717028,IT,NL,LANDT,BASIC,0.15,23896.989,3,3,23896.989,0.0,0.0,0.0,0.0,159313.26
1752147,IT,CN,BUSIN,INLAN,0.25,23896.858,4,4,23896.856,0.0,0.0,0.0,0.002,95587.432
1753500,IT,CA,MACHI,CEREA,0.13,23896.479,4,4,23896.477,0.0,0.0,0.0,0.002,183819.069231
1665108,IT,ES,VEGE1,REALE,0.07,23894.073,4,4,23894.068,0.0,0.0,0.0,0.005,341343.9
1662029,IT,DK,PLAST,RENTI,0.05,23892.878,4,4,23892.876,0.0,0.0,0.0,0.002,477857.56
1732960,IT,SI,ALUM1,DISTR,0.04,23892.676,4,4,23892.674,0.0,0.0,0.0,0.002,597316.9
1712942,IT,MT,VEGET,VEGET,0.08,23892.592,3,3,23892.592,0.0,0.0,0.0,0.0,298657.4
1799475,IT,WE,PAPER,NONF1,0.09,23890.589,4,4,23890.587,0.0,0.0,0.0,0.002,265450.988889
1731672,IT,SI,WOODW,BASIC,0.07,23890.471,4,4,23890.469,0.0,0.0,0.0,0.002,341292.442857
1783232,IT,NO,BUSIN,REALE,0.25,23890.178,4,4,23890.176,0.0,0.0,0.0,0.002,95560.712
1778908,IT,TR,SEACO,LUBRI,0.02,23887.714,3,3,23887.714,0.0,0.0,0.0,0.0,1194385.7
1805830,IT,WF,ALUM1,CROPS,0.04,23886.72,4,4,23886.718,0.0,0.0,0.0,0.002,597168.0
1739807,IT,GB,POSTT,RENTI,0.39,23885.67,4,4,23885.668,0.0,0.0,0.0,0.002,61245.307692
1785360,IT,ZA,WOODW,MOTO1,0.07,23885.236,4,4,23885.234,0.0,0.0,0.0,0.002,341217.657143
1675540,IT,FR,MOTO1,CROPS,0.13,23885.052,4,4,23885.05,0.0,0.0,0.0,0.002,183731.169231
1794470,IT,WL,GASDI,CHEM1,0.04,23884.977,4,4,23884.975,0.0,0.0,0.0,0.002,597124.425
1767131,IT,RU,FURNI,MEMBE,0.08,23884.717,4,4,23884.715,0.0,0.0,0.0,0.002,298558.9625
1716954,IT,NL,RAILW,WHOLE,0.16,23884.109,3,3,23884.109,0.0,0.0,0.0,0.0,149275.68125
1772115,IT,CH,MOTOR,MACHI,0.04,23881.454,4,4,23881.452,0.0,0.0,0.0,0.002,597036.35
1755241,IT,KR,PAPER,VEGET,0.09,23880.001,4,4,23879.999,0.0,0.0,0.0,0.002,265333.344444
1665809,IT,ES,PAPER,WOOD2,0.09,23879.859,4,4,23879.857,0.0,0.0,0.0,0.002,265331.766667
1646770,IT,BE,CONST,REALE,0.13,23878.422,3,3,23878.422,0.0,0.0,0.0,0.0,183680.169231
1680687,IT,GR,WHOLE,AIRTR,0.21,23878.067,3,3,23878.067,0.0,0.0,0.0,0.0,113705.080952
1715179,IT,NL,WOODW,DAIRY,0.07,23878.046,4,4,23878.044,0.0,0.0,0.0,0.002,341114.942857
1716229,IT,NL,LEAD1,ELECT,0.04,23876.726,4,4,23876.724,0.0,0.0,0.0,0.002,596918.15
1791030,IT,WA,TRANS,SUGAR,0.14,23876.69,3,3,23876.69,0.0,0.0,0.0,0.0,170547.785714
1748102,IT,JP,BUSIN,PAPE1,0.25,23875.859,4,4,23875.857,0.0,0.0,0.0,0.002,95503.436
1767938,IT,RU,COMPU,CRUDE,0.27,23875.685,4,4,23875.683,0.0,0.0,0.0,0.002,88428.462963
1663852,IT,EE,TEXTI,RETA1,0.14,23874.402,4,4,23874.399,0.0,0.0,0.0,0.003,170531.442857
1754660,IT,KR,SANDC,REALE,0.05,23872.095,4,4,23867.095,0.0,0.0,5.0,0.0,477441.9
1798158,IT,WE,WHEAT,FOOD5,0.02,23871.972,3,3,23871.972,0.0,0.0,0.0,0.0,1193598.6
1791294,IT,WA,CONST,WHOLE,0.13,23871.218,3,3,23871.218,0.0,0.0,0.0,0.0,183624.753846
1653131,IT,CZ,CHEM1,BRICK,0.05,23870.726,4,4,23870.723,0.0,0.0,0.0,0.003,477414.52
1723267,IT,PT,GLASS,NONME,0.07,23869.593,3,3,23869.593,0.0,0.0,0.0,0.0,340994.185714
1791965,IT,WA,SEACO,ALUM1,0.02,23869.29,3,3,23869.29,0.0,0.0,0.0,0.0,1193464.5
1676166,IT,FR,CONST,PULP5,0.13,23868.794,3,3,23868.794,0.0,0.0,0.0,0.0,183606.107692
1681313,IT,GR,INSUR,LIQUE,0.49,23868.763,3,3,23868.763,0.0,0.0,0.0,0.0,48711.761224
1640552,IT,AT,FOOD5,CERAM,0.11,23868.571,4,4,23868.569,0.0,0.0,0.0,0.002,216987.009091
1769065,IT,AU,PLAST,TEXTI,0.05,23868.25,4,4,23868.248,0.0,0.0,0.0,0.002,477365.0
1774823,IT,CH,POSTT,TRAN2,0.39,23867.395,4,4,23867.393,0.0,0.0,0.0,0.002,61198.448718
1742296,IT,US,CEMEN,STONE,0.04,23866.984,3,3,23866.984,0.0,0.0,0.0,0.0,596674.6
1659406,IT,DE,WHOLE,RUBBE,0.21,23866.814,3,3,23866.814,0.0,0.0,0.0,0.0,113651.495238
1641866,IT,AT,BIODI,SUGAR,0.05,23865.953,4,4,23865.95,0.0,0.0,0.0,0.003,477319.06
1726646,IT,RO,MOTO1,RENTI,0.13,23862.561,4,4,23862.559,0.0,0.0,0.0,0.002,183558.161538
1674127,IT,FR,HEAVY,PARAF,0.04,23861.528,4,4,23861.526,0.0,0.0,0.0,0.002,596538.2
1807809,IT,WF,FOODW,WHOLE,0.18,23861.305,3,3,23861.305,0.0,0.0,0.0,0.0,132562.805556
1712357,IT,LV,RUBBE,EDUCA,0.08,23861.17,4,4,23861.168,0.0,0.0,0.0,0.002,298264.625
1778975,IT,TR,SEACO,FOOD3,0.02,23860.819,3,3,23860.819,0.0,0.0,0.0,0.0,1193040.95
1732629,IT,SI,GLASS,ELEC1,0.07,23860.038,3,3,23860.038,0.0,0.0,0.0,0.0,340857.685714
1770949,IT,CH,VEGET,GASDI,0.08,23859.563,3,3,23859.563,0.0,0.0,0.0,0.0,298244.5375
1757547,IT,BR,MOTOR,REFIN,0.04,23858.09,4,4,23858.088,0.0,0.0,0.0,0.002,596452.25
1797481,IT,WL,RESEA,BUSIN,0.13,23857.37,4,4,23857.368,0.0,0.0,0.0,0.002,183518.230769
1671156,IT,FI,CERAM,CEMEN,0.04,23855.27,3,3,23855.27,0.0,0.0,0.0,0.0,596381.75
1745543,IT,JP,BEVER,MACHI,0.1,23853.69,4,4,23853.688,0.0,0.0,0.0,0.002,238536.9
1683377,IT,HR,BASIC,FORES,0.03,23853.27,4,4,23853.268,0.0,0.0,0.0,0.002,795109.0
1758445,IT,BR,FABRI,EDUCA,0.1,23852.198,4,4,23852.196,0.0,0.0,0.0,0.002,238521.98
1717064,IT,NL,LANDT,SEACO,0.15,23852.107,3,3,23852.107,0.0,0.0,0.0,0.0,159014.046667
1647200,IT,BE,LANDT,SANDC,0.15,23851.699,3,3,23851.699,0.0,0.0,0.0,0.0,159011.326667
1681910,IT,HR,DAIRY,RESEA,0.1,23850.909,4,4,23850.907,0.0,0.0,0.0,0.002,238509.09
1727296,IT,RO,POSTT,TEXTI,0.39,23850.22,4,4,23850.218,0.0,0.0,0.0,0.002,61154.410256
1743708,IT,US,RAILW,REALE,0.16,23849.144,3,3,23849.144,0.0,0.0,0.0,0.0,149057.15
1672988,IT,FR,PROCE,MEAT1,0.16,23848.296,3,3,23848.296,0.0,0.0,0.0,0.0,149051.85
1671045,IT,FI,RUBBE,BIODI,0.08,23847.943,4,4,23847.941,0.0,0.0,0.0,0.002,298099.2875
1745345,IT,JP,VEGE1,LUBRI,0.07,23847.349,4,4,23847.344,0.0,0.0,0.0,0.005,340676.414286
1670314,IT,FI,CHEMI,DIST1,0.06,23845.429,5,5,23844.427,0.0,0.0,1.0,0.002,397423.816667
1709731,IT,LT,CHEM1,DIST1,0.05,23843.056,4,4,23843.053,0.0,0.0,0.0,0.003,476861.12
1666532,IT,ES,CHEM1,POULT,0.05,23842.235,4,4,23842.232,0.0,0.0,0.0,0.003,476844.7
1665467,IT,ES,WEARI,LEATH,0.18,23840.817,4,4,23840.812,0.0,0.0,0.0,0.005,132448.983333
1665802,IT,ES,PAPER,FOOD3,0.09,23840.762,4,4,23840.76,0.0,0.0,0.0,0.002,264897.355556
1668359,IT,ES,WHOLE,93197,0.21,23840.348,3,3,23840.348,0.0,0.0,0.0,0.0,113525.466667
1674008,IT,FR,KEROS,FOOD2,0.04,23839.749,4,4,23839.747,0.0,0.0,0.0,0.002,595993.725
1796191,IT,WL,FURNI,BIOGA,0.08,23836.675,4,4,23836.673,0.0,0.0,0.0,0.002,297958.4375
1725650,IT,RO,PAPER,RAWMI,0.09,23833.02,4,4,23833.018,0.0,0.0,0.0,0.002,264811.333333
1668807,IT,ES,LANDT,PAPE4,0.15,23831.288,3,3,23831.288,0.0,0.0,0.0,0.0,158875.253333
1679651,IT,GR,GLASS,OFFIC,0.07,23828.463,3,3,23828.463,0.0,0.0,0.0,0.0,340406.614286
1806755,IT,WF,WHOLE,COMPU,0.21,23828.412,3,3,23828.412,0.0,0.0,0.0,0.0,113468.628571
1640277,IT,AT,STONE,REALE,0.08,23827.642,4,4,23826.642,0.0,0.0,1.0,0.0,297845.525
1757773,IT,BR,PLAST,MOTOR,0.05,23827.205,4,4,23827.203,0.0,0.0,0.0,0.002,476544.1
1709884,IT,LT,CERAM,STEAM,0.04,23825.246,3,3,23825.246,0.0,0.0,0.0,0.0,595631.15
1773409,IT,CH,OFFIC,SANDC,0.07,23824.585,4,4,23824.583,0.0,0.0,0.0,0.002,340351.214286
1772117,IT,CH,MOTOR,FURNI,0.04,23824.57,4,4,23824.568,0.0,0.0,0.0,0.002,595614.25
1642525,IT,AT,COPP1,ALUM1,0.06,23823.923,3,3,23823.923,0.0,0.0,0.0,0.0,397065.383333
1805996,IT,WF,COPP1,GASDI,0.06,23822.424,3,3,23822.424,0.0,0.0,0.0,0.0,397040.4
1763205,IT,MX,WOODW,VEGET,0.07,23821.862,4,4,23821.86,0.0,0.0,0.0,0.002,340312.314286
1747120,IT,JP,CONST,VEGET,0.13,23820.528,3,3,23820.528,0.0,0.0,0.0,0.0,183234.830769
1776608,IT,TR,GASDI,NONSP,0.04,23820.087,4,4,23820.085,0.0,0.0,0.0,0.002,595502.175
1789451,IT,WA,ADDIT,VEGET,0.06,23819.481,4,4,23819.479,0.0,0.0,0.0,0.002,396991.35
1642909,IT,AT,TRANS,SALEM,0.14,23818.717,3,3,23818.717,0.0,0.0,0.0,0.0,170133.692857
1770311,IT,AU,HOTEL,INLAN,0.17,23818.591,4,4,23818.589,0.0,0.0,0.0,0.002,140109.358824
1714574,IT,NL,STONE,VEGET,0.08,23817.475,4,4,23816.475,0.0,0.0,1.0,0.0,297718.4375
1653897,IT,CZ,FABRI,COLLE,0.1,23816.923,4,4,23816.921,0.0,0.0,0.0,0.002,238169.23
1805139,IT,WF,PFERT,MEATC,0.01,23816.635,4,4,23816.631,0.0,0.0,0.0,0.004,2381663.5
1662211,IT,DK,GLASS,TEXTI,0.07,23815.952,3,3,23815.952,0.0,0.0,0.0,0.0,340227.885714
1712590,IT,LV,MACHI,RENTI,0.13,23815.637,4,4,23815.635,0.0,0.0,0.0,0.002,183197.207692
1659340,IT,DE,RETAI,SALEM,0.19,23814.395,4,4,23814.393,0.0,0.0,0.0,0.002,125338.921053
1644017,IT,AT,BUSIN,SUGA1,0.24,23814.175,4,4,23814.173,0.0,0.0,0.0,0.002,99225.729167
1673816,IT,FR,PRINT,BEVER,0.23,23813.814,4,4,23813.812,0.0,0.0,0.0,0.002,103538.321739
1672785,IT,FR,MEATP,FISH5,0.1,23813.723,4,4,23813.72,0.0,0.0,0.0,0.003,238137.23
1742092,IT,US,RUBBE,CERAM,0.08,23812.591,4,4,23812.589,0.0,0.0,0.0,0.002,297657.3875
1640599,IT,AT,BEVER,FISHF,0.1,23811.994,4,4,23811.992,0.0,0.0,0.0,0.002,238119.94
1791233,IT,WA,FURNI,CONST,0.08,23811.345,4,4,23811.343,0.0,0.0,0.0,0.002,297641.8125
1784853,IT,ID,SEACO,SALEM,0.02,23810.847,3,3,23810.847,0.0,0.0,0.0,0.0,1190542.35
1733237,IT,SI,MACHI,STEAM,0.13,23809.342,4,4,23809.34,0.0,0.0,0.0,0.002,183148.784615
1748612,IT,CN,DAIRY,CATTL,0.1,23809.262,4,4,23809.26,0.0,0.0,0.0,0.002,238092.62
1689454,IT,IE,HOTEL,DISTR,0.17,23807.322,4,4,23807.32,0.0,0.0,0.0,0.002,140043.070588
1641331,IT,AT,KEROS,MEAT4,0.04,23806.31,4,4,23806.308,0.0,0.0,0.0,0.002,595157.75
1758251,IT,BR,BASIC,COMPU,0.03,23805.869,4,4,23805.867,0.0,0.0,0.0,0.002,793528.966667
1794868,IT,WL,PFERT,SANDC,0.01,23803.746,4,4,23803.742,0.0,0.0,0.0,0.004,2380374.6
1670255,IT,FI,WHEAT,FOOD5,0.02,23802.254,3,3,23802.254,0.0,0.0,0.0,0.0,1190112.7
1728771,IT,SE,HEAVY,PRECI,0.04,23800.593,4,4,23800.591,0.0,0.0,0.0,0.002,595014.825
1742586,IT,US,ALUM1,PRINT,0.04,23799.252,4,4,23799.25,0.0,0.0,0.0,0.002,594981.3
1672050,IT,FI,AIRTR,SEACO,0.03,23799.119,3,3,23799.119,0.0,0.0,0.0,0.0,793303.966667
1743494,IT,US,WHOLE,93197,0.21,23798.971,3,3,23798.971,0.0,0.0,0.0,0.0,113328.433333
1727677,IT,RO,RENTI,HEALT,0.14,23798.701,3,3,23798.701,0.0,0.0,0.0,0.0,169990.721429
1778313,IT,TR,SALEM,RETAI,0.19,23797.959,3,3,23797.959,0.0,0.0,0.0,0.0,125252.415789
1783293,IT,NO,FOODW,FOODW,0.18,23795.931,3,3,23795.931,0.0,0.0,0.0,0.0,132199.616667
1642270,IT,AT,NONME,ELEC4,0.05,23795.261,4,4,23795.258,0.0,0.0,0.0,0.003,475905.22
1737482,IT,GB,LEATH,RESEA,0.17,23794.324,4,4,23794.32,0.0,0.0,0.0,0.004,139966.611765
1724314,IT,PT,LANDT,RESEA,0.15,23793.255,3,3,23793.255,0.0,0.0,0.0,0.0,158621.7
1809895,IT,WM,BEVER,PLAST,0.1,23791.427,4,4,23791.425,0.0,0.0,0.0,0.002,237914.27
1724132,IT,PT,RETA1,NONF1,0.25,23790.5,4,4,23790.498,0.0,0.0,0.0,0.002,95162.0
1679537,IT,GR,RUBBE,MEATC,0.08,23787.707,4,4,23787.705,0.0,0.0,0.0,0.002,297346.3375
1750904,IT,CN,CONST,PRINT,0.13,23787.322,3,3,23787.322,0.0,0.0,0.0,0.0,182979.4
1687693,IT,HU,AIRTR,FOOD4,0.03,23787.26,3,3,23787.26,0.0,0.0,0.0,0.0,792908.666667
1813816,IT,WM,RAILW,LANDT,0.16,23786.48,3,3,23786.48,0.0,0.0,0.0,0.0,148665.5
1752933,IT,CA,PLAST,ETHAN,0.05,23785.093,4,4,23785.091,0.0,0.0,0.0,0.002,475701.86
1811559,IT,WM,PFERT,BRICK,0.01,23785.077,4,4,23785.073,0.0,0.0,0.0,0.004,2378507.7
1656327,IT,DE,WOODW,WHEAT,0.07,23785.002,4,4,23785.0,0.0,0.0,0.0,0.002,339785.742857
1662208,IT,DK,GLASS,FOOD5,0.07,23783.812,3,3,23783.812,0.0,0.0,0.0,0.0,339768.742857
1761615,IT,IN,FABRI,FISHF,0.1,23783.319,4,4,23783.317,0.0,0.0,0.0,0.002,237833.19
1710849,IT,LU,PAPER,EDUCA,0.09,23782.983,4,4,23782.981,0.0,0.0,0.0,0.002,264255.366667
1720431,IT,PL,MACHI,NONSP,0.13,23782.169,4,4,23782.167,0.0,0.0,0.0,0.002,182939.761538
1712428,IT,LV,BASIC,RUBBE,0.03,23782.136,4,4,23782.134,0.0,0.0,0.0,0.002,792737.866667
1713699,IT,MT,FABRI,WHOLE,0.1,23782.063,4,4,23782.061,0.0,0.0,0.0,0.002,237820.63
1661462,IT,DK,DAIRY,MEMBE,0.1,23781.299,4,4,23781.297,0.0,0.0,0.0,0.002,237812.99
1665470,IT,ES,WEARI,PAPER,0.18,23780.77,4,4,23780.765,0.0,0.0,0.0,0.005,132115.388889
1783141,IT,NO,REALE,ALUM1,1.0,23780.638,4,4,23780.636,0.0,0.0,0.0,0.002,23780.638
1688428,IT,IE,BEVER,COMPU,0.1,23780.499,4,4,23780.497,0.0,0.0,0.0,0.002,237804.99
1670460,IT,FI,BEVER,MEATA,0.1,23779.993,4,4,23779.991,0.0,0.0,0.0,0.002,237799.93
1768047,IT,RU,BUSIN,LIQUE,0.24,23778.878,4,4,23778.876,0.0,0.0,0.0,0.002,99078.658333
1717739,IT,NL,BUSIN,INERT,0.24,23778.065,4,4,23778.063,0.0,0.0,0.0,0.002,99075.270833
1648578,IT,BG,SANDC,RUBBE,0.05,23774.379,4,4,23769.379,0.0,0.0,5.0,0.0,475487.58
1809079,IT,WM,CROPS,FORES,0.19,23773.977,3,3,23773.977,0.0,0.0,0.0,0.0,125126.194737
1763835,IT,MX,NONME,IRONO,0.05,23773.412,4,4,23773.409,0.0,0.0,0.0,0.003,475468.24
1756254,IT,KR,MACHI,TEXT1,0.13,23773.136,4,4,23773.134,0.0,0.0,0.0,0.002,182870.276923
1710599,IT,LU,OILSE,RENTI,0.02,23773.052,3,3,23773.052,0.0,0.0,0.0,0.0,1188652.6
1721636,IT,PL,POSTT,INSUR,0.39,23772.072,4,4,23772.07,0.0,0.0,0.0,0.002,60954.030769
1808762,IT,WF,WOOD2,RAWMI,0.13,23771.625,4,4,23771.623,0.0,0.0,0.0,0.002,182858.653846
1746209,IT,JP,CHEM1,MEAT1,0.05,23771.614,4,4,23771.611,0.0,0.0,0.0,0.003,475432.28
1784428,IT,ID,NONME,EDUCA,0.05,23771.005,4,4,23771.002,0.0,0.0,0.0,0.003,475420.1
1676688,IT,FR,RAILW,RUBBE,0.16,23770.92,3,3,23770.92,0.0,0.0,0.0,0.0,148568.25
1734431,IT,SK,OILSE,PLAST,0.02,23769.776,3,3,23769.776,0.0,0.0,0.0,0.0,1188488.8
1752632,IT,CA,TEXTI,ELECT,0.14,23769.165,4,4,23769.162,0.0,0.0,0.0,0.003,169779.75
1792914,IT,WA,HEALT,OFFIC,0.12,23767.782,3,3,23767.782,0.0,0.0,0.0,0.0,198064.85
1673931,IT,FR,MOTOR,INSUR,0.04,23767.211,4,4,23767.209,0.0,0.0,0.0,0.002,594180.275
1726649,IT,RO,MOTO1,PUBLI,0.13,23767.11,4,4,23767.108,0.0,0.0,0.0,0.002,182823.923077
1788938,IT,WA,HEAVY,LEATH,0.04,23764.313,4,4,23764.311,0.0,0.0,0.0,0.002,594107.825
1800321,IT,WE,PFERT,RETA1,0.01,23763.215,4,4,23763.211,0.0,0.0,0.0,0.004,2376321.5
1687958,IT,HU,RENTI,PRINT,0.14,23762.876,3,3,23762.876,0.0,0.0,0.0,0.0,169734.828571
1735763,IT,SK,MACHI,IRONO,0.13,23762.649,4,4,23762.647,0.0,0.0,0.0,0.002,182789.607692
1723500,IT,PT,COPP1,TEXTI,0.06,23761.798,3,3,23761.798,0.0,0.0,0.0,0.0,396029.966667
1654660,IT,CZ,LANDT,CERAM,0.15,23761.139,3,3,23761.139,0.0,0.0,0.0,0.0,158407.593333
1682915,IT,HR,NAPHT,BIOG1,0.04,23761.101,4,4,23761.099,0.0,0.0,0.0,0.002,594027.525
1755018,IT,KR,WEARI,KEROS,0.18,23760.762,4,4,23760.757,0.0,0.0,0.0,0.005,132004.233333
1722468,IT,PT,DAIRY,WHOLE,0.1,23760.381,4,4,23760.379,0.0,0.0,0.0,0.002,237603.81
1762518,IT,IN,INSUR,FABRI,0.49,23759.428,3,3,23759.428,0.0,0.0,0.0,0.0,48488.628571
1715447,IT,NL,MOTOR,RESEA,0.04,23759.3,4,4,23759.298,0.0,0.0,0.0,0.002,593982.5
1715356,IT,NL,PRINT,PLAST,0.23,23758.136,4,4,23758.134,0.0,0.0,0.0,0.002,103296.243478
1783396,IT,NO,PLAS1,PAPE4,0.09,23757.46,4,4,23757.458,0.0,0.0,0.0,0.002,263971.777778
1802370,IT,WE,SEACO,OFFIC,0.02,23756.701,3,3,23756.701,0.0,0.0,0.0,0.0,1187835.05
1670902,IT,FI,CHEM1,CROPS,0.05,23756.537,4,4,23756.534,0.0,0.0,0.0,0.003,475130.74
1731561,IT,SI,TEXTI,MACHI,0.14,23756.501,4,4,23756.498,0.0,0.0,0.0,0.003,169689.292857
1653635,IT,CZ,ALUM1,NFERT,0.04,23755.85,4,4,23755.848,0.0,0.0,0.0,0.002,593896.25
1683496,IT,HR,PREC1,REALE,0.04,23754.811,3,3,23754.811,0.0,0.0,0.0,0.0,593870.275
1784451,IT,ID,PREC1,PREC1,0.04,23754.789,3,3,23754.789,0.0,0.0,0.0,0.0,593869.725
1812191,IT,WM,NONME,MEAT4,0.05,23754.69,4,4,23754.687,0.0,0.0,0.0,0.003,475093.8
1774720,IT,CH,SUPPO,FABRI,0.17,23753.804,3,3,23753.804,0.0,0.0,0.0,0.0,139728.258824
1668946,IT,ES,AIRTR,BITU1,0.03,23753.801,3,3,23753.801,0.0,0.0,0.0,0.0,791793.366667
1780487,IT,TW,POSTT,PLAST,0.39,23753.13,4,4,23753.128,0.0,0.0,0.0,0.002,60905.461538
1719493,IT,PL,GLASS,NATUR,0.07,23752.399,3,3,23752.399,0.0,0.0,0.0,0.0,339319.985714
1680654,IT,GR,WHOLE,FOOD5,0.21,23751.667,3,3,23751.667,0.0,0.0,0.0,0.0,113103.17619
1805550,IT,WF,BRICK,CHEMI,0.04,23750.772,4,4,23750.77,0.0,0.0,0.0,0.002,593769.3
1656335,IT,DE,WOODW,POULT,0.07,23750.068,4,4,23750.066,0.0,0.0,0.0,0.002,339286.685714
1760794,IT,IN,PRINT,REALE,0.23,23749.652,4,4,23749.65,0.0,0.0,0.0,0.002,103259.356522
1726539,IT,RO,OFFIC,RAWMI,0.07,23749.535,4,4,23749.533,0.0,0.0,0.0,0.002,339279.071429
1726609,IT,RO,MOTO1,MOTOR,0.13,23748.266,4,4,23748.264,0.0,0.0,0.0,0.002,182678.969231
1764361,IT,MX,MOTO1,WOODW,0.13,23748.222,4,4,23748.22,0.0,0.0,0.0,0.002,182678.630769
1660045,IT,DE,AIRTR,TOBAC,0.03,23746.886,3,3,23746.886,0.0,0.0,0.0,0.0,791562.866667
1804268,IT,WF,MOTOR,LEADZ,0.04,23745.897,4,4,23745.895,0.0,0.0,0.0,0.002,593647.425
1764373,IT,MX,MOTO1,CEMEN,0.13,23745.486,4,4,23745.484,0.0,0.0,0.0,0.002,182657.584615
1716080,IT,NL,BASIC,BRICK,0.03,23745.385,4,4,23745.383,0.0,0.0,0.0,0.002,791512.833333
1674220,IT,FR,LIQUE,REALE,0.04,23744.882,4,4,23744.88,0.0,0.0,0.0,0.002,593622.05
1740644,IT,US,CRUDE,MACHI,0.05,23743.871,4,4,23743.869,0.0,0.0,0.0,0.002,474877.42
1714020,IT,MT,HOTEL,FISHF,0.17,23742.857,4,4,23742.855,0.0,0.0,0.0,0.002,139663.864706
1767261,IT,RU,HOTEL,GASDI,0.17,23741.915,4,4,23741.913,0.0,0.0,0.0,0.002,139658.323529
1756130,IT,KR,FABRI,93197,0.1,23741.636,4,4,23741.634,0.0,0.0,0.0,0.002,237416.36
1757113,IT,BR,VEGET,MOTOR,0.08,23741.467,3,3,23741.467,0.0,0.0,0.0,0.0,296768.3375
1769541,IT,AU,ALUM1,COPP1,0.04,23738.534,4,4,23738.532,0.0,0.0,0.0,0.002,593463.35
1740289,IT,GB,BUSIN,FOOD4,0.24,23738.469,4,4,23738.467,0.0,0.0,0.0,0.002,98910.2875
1644065,IT,AT,BUSIN,ELEC4,0.24,23736.567,4,4,23736.565,0.0,0.0,0.0,0.002,98902.3625
1687618,IT,HU,SEACO,STEAM,0.02,23735.754,3,3,23735.754,0.0,0.0,0.0,0.0,1186787.7
1730415,IT,SE,POSTT,BIOGA,0.39,23735.329,4,4,23735.327,0.0,0.0,0.0,0.002,60859.817949
1660461,IT,DE,INSUR,FOOD5,0.49,23735.24,3,3,23735.24,0.0,0.0,0.0,0.0,48439.265306
1784089,IT,ID,LEATH,CONST,0.17,23734.973,4,4,23734.969,0.0,0.0,0.0,0.004,139617.488235
1727528,IT,RO,AUXIL,MEMBE,0.43,23734.258,3,3,23734.258,0.0,0.0,0.0,0.0,55195.948837
1684249,IT,HR,SEACO,STEAM,0.02,23733.472,3,3,23733.472,0.0,0.0,0.0,0.0,1186673.6
1645039,IT,BE,PAPER,SUGA1,0.09,23732.809,4,4,23732.807,0.0,0.0,0.0,0.002,263697.877778
1729251,IT,SE,CERAM,OILHA,0.04,23732.559,3,3,23732.559,0.0,0.0,0.0,0.0,593313.975
1721497,IT,PL,SUPPO,FISH5,0.17,23731.677,3,3,23731.677,0.0,0.0,0.0,0.0,139598.1
1732377,IT,SI,PLAST,DAIRY,0.05,23731.614,4,4,23731.612,0.0,0.0,0.0,0.002,474632.28
1730352,IT,SE,SUPPO,CONST,0.17,23731.072,3,3,23731.072,0.0,0.0,0.0,0.0,139594.541176
1649688,IT,BG,NONME,SANDC,0.05,23730.724,4,4,23730.721,0.0,0.0,0.0,0.003,474614.48
1751871,IT,CN,COMPU,CRUDE,0.27,23730.042,3,3,23730.042,0.0,0.0,0.0,0.0,87889.044444
1668520,IT,ES,HOTEL,BIOGA,0.17,23729.895,4,4,23729.893,0.0,0.0,0.0,0.002,139587.617647
1786323,IT,ZA,FABRI,RECRE,0.1,23729.786,4,4,23729.784,0.0,0.0,0.0,0.002,237297.86
1764323,IT,MX,OFFIC,ELECT,0.07,23729.681,4,4,23729.679,0.0,0.0,0.0,0.002,338995.442857
1757282,IT,BR,PROCE,FABRI,0.16,23728.834,3,3,23728.834,0.0,0.0,0.0,0.0,148305.2125
1785498,IT,ZA,MOTOR,HYDRO,0.04,23728.186,4,4,23728.184,0.0,0.0,0.0,0.002,593204.65
1795868,IT,WL,OFFIC,PFERT,0.07,23726.095,4,4,23726.093,0.0,0.0,0.0,0.002,338944.214286
1773958,IT,CH,SALEM,ELEC4,0.19,23725.044,3,3,23725.044,0.0,0.0,0.0,0.0,124868.652632
1807259,IT,WF,SUPPO,COMPU,0.17,23724.735,3,3,23724.735,0.0,0.0,0.0,0.0,139557.264706
1712469,IT,LV,ALUM1,CONST,0.04,23724.54,4,4,23724.538,0.0,0.0,0.0,0.002,593113.5
1736844,IT,SK,BUSIN,FOOD5,0.24,23723.879,4,4,23723.877,0.0,0.0,0.0,0.002,98849.495833
1785783,IT,ZA,CHEM1,WHEAT,0.05,23722.003,4,4,23722.0,0.0,0.0,0.0,0.003,474440.06
1673365,IT,FR,TEXTI,WOOD1,0.14,23720.965,4,4,23720.962,0.0,0.0,0.0,0.003,169435.464286
1710812,IT,LU,PAPER,FOOD5,0.09,23719.813,4,4,23719.811,0.0,0.0,0.0,0.002,263553.477778
1810071,IT,WM,TEXTI,RADIO,0.14,23719.629,4,4,23719.626,0.0,0.0,0.0,0.003,169425.921429
1642511,IT,AT,COPP1,TEXTI,0.06,23717.498,3,3,23717.498,0.0,0.0,0.0,0.0,395291.633333
1802994,IT,WF,WHEAT,COPP1,0.02,23717.397,3,3,23717.397,0.0,0.0,0.0,0.0,1185869.85
1721923,IT,PL,RENTI,REALE,0.14,23716.55,3,3,23716.55,0.0,0.0,0.0,0.0,169403.928571
1811332,IT,WM,BITU1,LANDT,0.04,23714.485,4,4,23714.483,0.0,0.0,0.0,0.002,592862.125
1779090,IT,TR,SUPPO,NONME,0.17,23712.648,3,3,23712.648,0.0,0.0,0.0,0.0,139486.164706
1801566,IT,WE,TRANS,PAPER,0.14,23711.058,3,3,23711.058,0.0,0.0,0.0,0.0,169364.7
1683161,IT,HR,GLASS,VEGE1,0.07,23709.163,3,3,23709.163,0.0,0.0,0.0,0.0,338702.328571
1678563,IT,GR,CROPS,RAWMI,0.19,23707.173,3,3,23707.173,0.0,0.0,0.0,0.0,124774.594737
1716810,IT,NL,RETA1,FOOD2,0.25,23707.079,4,4,23707.077,0.0,0.0,0.0,0.002,94828.316
1732762,IT,SI,NONME,CERAM,0.05,23706.843,4,4,23706.84,0.0,0.0,0.0,0.003,474136.86
1690052,IT,IE,RENTI,BEVER,0.14,23706.374,3,3,23706.374,0.0,0.0,0.0,0.0,169331.242857
1661841,IT,DK,PAPER,TEXTI,0.09,23706.313,4,4,23706.311,0.0,0.0,0.0,0.002,263403.477778
1717314,IT,NL,FINAN,FISH5,0.31,23705.508,3,3,23705.508,0.0,0.0,0.0,0.0,76469.380645
1661476,IT,DK,PROCE,BUSIN,0.16,23704.909,3,3,23704.909,0.0,0.0,0.0,0.0,148155.68125
1713462,IT,MT,CHEM1,RETA1,0.05,23702.561,4,4,23702.558,0.0,0.0,0.0,0.003,474051.22
1730290,IT,SE,SEACO,PUBLI,0.02,23701.921,3,3,23701.921,0.0,0.0,0.0,0.0,1185096.05
1785775,IT,ZA,PLAST,COLLE,0.05,23701.693,4,4,23701.691,0.0,0.0,0.0,0.002,474033.86
1781357,IT,NO,DAIRY,CERAM,0.1,23701.34,4,4,23701.338,0.0,0.0,0.0,0.002,237013.4
1748639,IT,CN,DAIRY,ELECT,0.1,23700.126,4,4,23700.124,0.0,0.0,0.0,0.002,237001.26
1788519,IT,WA,PAPER,ALUMI,0.09,23699.016,4,4,23699.014,0.0,0.0,0.0,0.002,263322.4
1761342,IT,IN,GLASS,FOUND,0.07,23698.653,3,3,23698.653,0.0,0.0,0.0,0.0,338552.185714
1649103,IT,BG,PAPER,BASIC,0.09,23697.962,4,4,23697.96,0.0,0.0,0.0,0.002,263310.688889
1670528,IT,FI,BEVER,RECRE,0.1,23696.781,4,4,23696.779,0.0,0.0,0.0,0.002,236967.81
1778943,IT,TR,SEACO,ELEC5,0.02,23696.006,3,3,23696.006,0.0,0.0,0.0,0.0,1184800.3
1669733,IT,ES,BUSIN,COPPE,0.24,23695.624,4,4,23695.622,0.0,0.0,0.0,0.002,98731.766667
1741746,IT,US,BITU1,LIQUE,0.04,23694.432,4,4,23694.43,0.0,0.0,0.0,0.002,592360.8
1640183,IT,AT,VEGET,RECRE,0.08,23693.29,3,3,23693.29,0.0,0.0,0.0,0.0,296166.125
1671276,IT,FI,BASIC,OILHA,0.03,23691.949,3,3,23691.949,0.0,0.0,0.0,0.0,789731.633333
1809873,IT,WM,BEVER,MEAT4,0.1,23691.682,4,4,23691.68,0.0,0.0,0.0,0.002,236916.82
1668399,IT,ES,RETA1,GLASS,0.25,23691.209,4,4,23691.207,0.0,0.0,0.0,0.002,94764.836
1804630,IT,WF,HEAVY,OFFIC,0.04,23690.881,4,4,23690.879,0.0,0.0,0.0,0.002,592272.025
1755444,IT,KR,NONSP,COKEO,0.03,23688.668,3,3,23688.668,0.0,0.0,0.0,0.0,789622.266667
1664013,IT,EE,MOTOR,ELEC6,0.04,23687.128,4,4,23687.126,0.0,0.0,0.0,0.002,592178.2
1809121,IT,WM,CROPS,ALUM1,0.19,23686.619,3,3,23686.619,0.0,0.0,0.0,0.0,124666.415789
1807107,IT,WF,SEACO,COMPU,0.02,23686.365,3,3,23686.365,0.0,0.0,0.0,0.0,1184318.25
1685627,IT,HU,MOTOR,WHOLE,0.04,23686.067,4,4,23686.065,0.0,0.0,0.0,0.002,592151.675
1724230,IT,PT,RAILW,MOTO1,0.16,23685.851,3,3,23685.851,0.0,0.0,0.0,0.0,148036.56875
1717157,IT,NL,AIRTR,RAWMI,0.03,23682.537,3,3,23682.537,0.0,0.0,0.0,0.0,789417.9
1774727,IT,CH,SUPPO,TRANS,0.17,23682.432,3,3,23682.432,0.0,0.0,0.0,0.0,139308.423529
1758092,IT,BR,GLASS,NONME,0.06,23681.158,3,3,23681.158,0.0,0.0,0.0,0.0,394685.966667
1672932,IT,FR,DAIRY,MEATC,0.1,23679.383,4,4,23679.381,0.0,0.0,0.0,0.002,236793.83
1688242,IT,IE,VEGET,DAIRY,0.08,23678.689,3,3,23678.689,0.0,0.0,0.0,0.0,295983.6125
1795565,IT,WL,COPP1,BASIC,0.06,23678.128,3,3,23678.128,0.0,0.0,0.0,0.0,394635.466667
1758209,IT,BR,BASIC,TEXTI,0.03,23674.064,3,3,23674.064,0.0,0.0,0.0,0.0,789135.466667
1772247,IT,CH,HEAVY,ELEC3,0.04,23673.555,4,4,23673.553,0.0,0.0,0.0,0.002,591838.875
1803210,IT,WF,CROPS,CONST,0.19,23672.891,3,3,23672.891,0.0,0.0,0.0,0.0,124594.163158
1640675,IT,AT,FISH5,DAIRY,0.1,23670.733,4,4,23670.721,0.0,0.0,0.0,0.012,236707.33
1715635,IT,NL,NAPHT,PARAF,0.04,23669.878,4,4,23669.876,0.0,0.0,0.0,0.002,591746.95
1711147,IT,LU,FABRI,BASIC,0.1,23669.429,4,4,23669.427,0.0,0.0,0.0,0.002,236694.29
1672626,IT,FR,CRUDE,NATUR,0.05,23668.461,4,4,23668.459,0.0,0.0,0.0,0.002,473369.22
1768731,IT,AU,WEARI,PRINT,0.18,23666.785,4,4,23666.781,0.0,0.0,0.0,0.004,131482.138889
1709983,IT,LT,PREC1,ELEC4,0.04,23666.289,3,3,23666.289,0.0,0.0,0.0,0.0,591657.225
1813176,IT,WM,MOTO1,COLLE,0.13,23665.878,4,4,23665.876,0.0,0.0,0.0,0.002,182045.215385
1685467,IT,HU,WOODW,RENTI,0.07,23662.363,4,4,23662.361,0.0,0.0,0.0,0.002,338033.757143
1755568,IT,KR,CHEM1,ELEC1,0.05,23658.826,4,4,23658.823,0.0,0.0,0.0,0.003,473176.52
1729878,IT,SE,TRANS,FABRI,0.14,23658.617,3,3,23658.617,0.0,0.0,0.0,0.0,168990.121429
1782006,IT,NO,RUBBE,MOTO1,0.08,23655.737,4,4,23655.735,0.0,0.0,0.0,0.002,295696.7125
1728197,IT,SE,FOOD5,FORES,0.11,23655.617,4,4,23655.615,0.0,0.0,0.0,0.002,215051.063636
1677954,IT,FR,BUSIN,WASTE,0.24,23653.767,4,4,23653.765,0.0,0.0,0.0,0.002,98557.3625
1747923,IT,JP,COMPU,POSTT,0.27,23653.314,3,3,23653.314,0.0,0.0,0.0,0.0,87604.866667
1748659,IT,CN,DAIRY,COMPU,0.1,23651.965,4,4,23651.963,0.0,0.0,0.0,0.002,236519.65
1681859,IT,HR,VEGE1,CONST,0.07,23651.083,4,4,23651.078,0.0,0.0,0.0,0.005,337872.614286
1718179,IT,PL,DAIRY,PLAST,0.1,23651.077,4,4,23651.075,0.0,0.0,0.0,0.002,236510.77
1781786,IT,NO,PRINT,COMPU,0.23,23650.104,4,4,23650.102,0.0,0.0,0.0,0.002,102826.53913
1796868,IT,WL,SEACO,LEAD1,0.02,23649.878,3,3,23649.878,0.0,0.0,0.0,0.0,1182493.9
1767500,IT,RU,SEACO,MACHI,0.02,23649.859,3,3,23649.859,0.0,0.0,0.0,0.0,1182492.95
1755666,IT,KR,RUBBE,COPP1,0.08,23648.667,4,4,23648.665,0.0,0.0,0.0,0.002,295608.3375
1784486,IT,ID,FABRI,BITUM,0.1,23648.566,4,4,23648.564,0.0,0.0,0.0,0.002,236485.66
1658674,IT,DE,OFFIC,DAIRY,0.07,23646.802,4,4,23646.8,0.0,0.0,0.0,0.002,337811.457143
1741063,IT,US,TEXTI,RADIO,0.14,23645.855,4,4,23645.852,0.0,0.0,0.0,0.003,168898.964286
1738742,IT,GB,MACHI,WASTE,0.13,23642.721,4,4,23642.719,0.0,0.0,0.0,0.002,181867.084615
1714560,IT,NL,CRUDE,AIRTR,0.05,23642.24,4,4,23642.238,0.0,0.0,0.0,0.002,472844.8
1773957,IT,CH,SALEM,ELEC3,0.19,23641.761,3,3,23641.761,0.0,0.0,0.0,0.0,124430.321053
1785931,IT,ZA,RUBBE,TOBAC,0.08,23641.006,4,4,23641.004,0.0,0.0,0.0,0.002,295512.575
1739085,IT,GB,RETAI,93197,0.19,23640.52,4,4,23640.518,0.0,0.0,0.0,0.002,124423.789474
1791431,IT,WA,WHOLE,KEROS,0.2,23640.198,3,3,23640.198,0.0,0.0,0.0,0.0,118200.99
1801442,IT,WE,MOTO1,COPPE,0.13,23638.673,4,4,23638.671,0.0,0.0,0.0,0.002,181835.946154
1658769,IT,DE,MOTO1,MEATA,0.13,23638.472,4,4,23638.47,0.0,0.0,0.0,0.002,181834.4
1775271,IT,CH,BUSIN,LIQUE,0.24,23638.313,4,4,23638.311,0.0,0.0,0.0,0.002,98492.970833
1771578,IT,CH,TEXTI,COLLE,0.14,23637.822,4,4,23637.819,0.0,0.0,0.0,0.003,168841.585714
1799143,IT,WE,WEARI,RUBBE,0.18,23637.671,4,4,23637.667,0.0,0.0,0.0,0.004,131320.394444
1682932,IT,HR,PETRO,PRINT,0.04,23636.118,4,4,23636.116,0.0,0.0,0.0,0.002,590902.95
1645328,IT,BE,GASDI,REFI1,0.04,23634.803,4,4,23634.801,0.0,0.0,0.0,0.002,590870.075
1685676,IT,HU,HEAVY,FURNI,0.04,23634.218,4,4,23634.216,0.0,0.0,0.0,0.002,590855.45
1718768,IT,PL,PAPER,FORES,0.09,23634.152,4,4,23634.15,0.0,0.0,0.0,0.002,262601.688889
1746128,IT,JP,GASDI,SEACO,0.04,23633.628,4,4,23633.626,0.0,0.0,0.0,0.002,590840.7
1748728,IT,CN,BEVER,FABRI,0.1,23632.982,4,4,23632.98,0.0,0.0,0.0,0.002,236329.82
1780608,IT,TW,INSUR,ALUM1,0.49,23632.834,3,3,23632.834,0.0,0.0,0.0,0.0,48230.273469
1672054,IT,FI,AIRTR,FINAN,0.03,23632.401,3,3,23632.401,0.0,0.0,0.0,0.0,787746.7
1796566,IT,WL,HOTEL,OILSE,0.17,23627.379,4,4,23627.377,0.0,0.0,0.0,0.002,138984.582353
1781035,IT,TW,BUSIN,MEMBE,0.24,23627.165,4,4,23627.163,0.0,0.0,0.0,0.002,98446.520833
1785722,IT,ZA,NAPHT,FOOD3,0.04,23626.63,4,4,23626.628,0.0,0.0,0.0,0.002,590665.75
1757556,IT,BR,MOTOR,REALE,0.04,23626.24,4,4,23626.238,0.0,0.0,0.0,0.002,590656.0
1726909,IT,RO,HOTEL,CEREA,0.17,23626.097,4,4,23626.095,0.0,0.0,0.0,0.002,138977.041176
1755823,IT,KR,CERAM,PUBLI,0.04,23625.787,3,3,23625.787,0.0,0.0,0.0,0.0,590644.675
1715948,IT,NL,GLASS,PUBLI,0.06,23625.411,3,3,23625.411,0.0,0.0,0.0,0.0,393756.85
1791868,IT,WA,LANDT,INSUR,0.15,23625.285,3,3,23625.285,0.0,0.0,0.0,0.0,157501.9
1781673,IT,NO,LEATH,RENTI,0.17,23623.652,4,4,23623.648,0.0,0.0,0.0,0.004,138962.658824
1789754,IT,WA,GLASS,NAPHT,0.06,23622.771,3,3,23622.771,0.0,0.0,0.0,0.0,393712.85
1796834,IT,WL,SEACO,VEGE1,0.02,23622.735,3,3,23622.735,0.0,0.0,0.0,0.0,1181136.75
1671329,IT,FI,ALUM1,SECO9,0.04,23622.149,4,4,23622.147,0.0,0.0,0.0,0.002,590553.725
1743905,IT,US,SEACO,ELEC2,0.02,23621.657,3,3,23621.657,0.0,0.0,0.0,0.0,1181082.85
1643615,IT,AT,AIRTR,BRICK,0.03,23621.55,3,3,23621.55,0.0,0.0,0.0,0.0,787385.0
1781990,IT,NO,RUBBE,PLAST,0.08,23621.032,4,4,23621.03,0.0,0.0,0.0,0.002,295262.9
1656793,IT,DE,GASDI,FOOD5,0.04,23620.348,4,4,23620.346,0.0,0.0,0.0,0.002,590508.7
1642482,IT,AT,LEAD1,WOODW,0.04,23616.493,4,4,23616.491,0.0,0.0,0.0,0.002,590412.325
1725949,IT,RO,CHEM1,SUGAR,0.05,23615.45,4,4,23615.447,0.0,0.0,0.0,0.003,472309.0
1808521,IT,WF,PAPE4,POULT,0.16,23615.215,3,3,23615.215,0.0,0.0,0.0,0.0,147595.09375
1685469,IT,HU,WOODW,RESEA,0.07,23614.764,4,4,23614.762,0.0,0.0,0.0,0.002,337353.771429
1813285,IT,WM,TRANS,ELEC6,0.14,23614.506,3,3,23614.506,0.0,0.0,0.0,0.0,168675.042857
1796876,IT,WL,SEACO,ELEC1,0.02,23612.181,3,3,23612.181,0.0,0.0,0.0,0.0,1180609.05
1666085,IT,ES,GASDI,CHEMI,0.04,23610.539,4,4,23610.537,0.0,0.0,0.0,0.002,590263.475
1778873,IT,TR,SEACO,COKIN,0.02,23610.111,3,3,23610.111,0.0,0.0,0.0,0.0,1180505.55
1732212,IT,SI,HEAVY,PROCE,0.04,23609.908,4,4,23609.906,0.0,0.0,0.0,0.002,590247.7
1802883,IT,WE,MEMBE,REALE,0.27,23609.183,4,4,23609.181,0.0,0.0,0.0,0.002,87441.418519
1776844,IT,TR,BITU1,HEAVY,0.04,23608.044,4,4,23608.042,0.0,0.0,0.0,0.002,590201.1
1710030,IT,LT,COPP1,OFFIC,0.06,23606.149,3,3,23606.149,0.0,0.0,0.0,0.0,393435.816667
1667486,IT,ES,FABRI,SUGA1,0.1,23606.008,4,4,23606.006,0.0,0.0,0.0,0.002,236060.08
1651735,IT,CY,MACHI,CEMEN,0.13,23604.023,4,4,23604.021,0.0,0.0,0.0,0.002,181569.407692
1659669,IT,DE,HOTEL,SEWAG,0.17,23601.792,4,4,23601.79,0.0,0.0,0.0,0.002,138834.070588
1662828,IT,DK,SALEM,CONST,0.19,23600.819,3,3,23600.819,0.0,0.0,0.0,0.0,124214.836842
1726265,IT,RO,BASIC,REFIN,0.03,23599.496,3,3,23599.496,0.0,0.0,0.0,0.0,786649.866667
1776404,IT,TR,PRINT,SUPPO,0.23,23599.002,4,4,23599.0,0.0,0.0,0.0,0.002,102604.356522
1716221,IT,NL,LEAD1,FISH5,0.04,23598.553,4,4,23598.551,0.0,0.0,0.0,0.002,589963.825
1784158,IT,ID,PAPER,PFERT,0.09,23596.734,4,4,23596.732,0.0,0.0,0.0,0.002,262185.933333
1725674,IT,RO,PAPER,CHEM1,0.09,23596.44,4,4,23596.438,0.0,0.0,0.0,0.002,262182.666667
1682742,IT,HR,GASDI,AIRTR,0.04,23595.785,4,4,23595.783,0.0,0.0,0.0,0.002,589894.625
1720737,IT,PL,TRANS,PLAST,0.14,23595.358,3,3,23595.358,0.0,0.0,0.0,0.0,168538.271429
1651182,IT,BG,BUSIN,CEMEN,0.24,23595.236,4,4,23595.234,0.0,0.0,0.0,0.002,98313.483333
1765463,IT,RU,TEXTI,EDUCA,0.14,23594.973,4,4,23594.97,0.0,0.0,0.0,0.003,168535.521429
1664361,IT,EE,FABRI,HOTEL,0.1,23590.95,4,4,23590.948,0.0,0.0,0.0,0.002,235909.5
1652954,IT,CZ,HEAVY,CONST,0.04,23590.436,4,4,23590.434,0.0,0.0,0.0,0.002,589760.9
1772657,IT,CH,GLASS,SEACO,0.06,23589.847,3,3,23589.847,0.0,0.0,0.0,0.0,393164.116667
1800571,IT,WE,GLASS,CATTL,0.06,23589.656,3,3,23589.656,0.0,0.0,0.0,0.0,393160.933333
1680853,IT,GR,LANDT,MEATP,0.15,23587.551,3,3,23587.551,0.0,0.0,0.0,0.0,157250.34
1759673,IT,BR,RESEA,RENTI,0.13,23587.426,4,4,23587.424,0.0,0.0,0.0,0.002,181441.738462
1668998,IT,ES,AIRTR,INERT,0.03,23586.797,3,3,23586.797,0.0,0.0,0.0,0.0,786226.566667
1769371,IT,AU,CERAM,BITUM,0.04,23586.576,3,3,23586.576,0.0,0.0,0.0,0.0,589664.4
1792365,IT,WA,FINAN,POSTT,0.31,23585.951,3,3,23585.951,0.0,0.0,0.0,0.0,76083.712903
1806485,IT,WF,TRANS,ELEC4,0.14,23583.5,3,3,23583.5,0.0,0.0,0.0,0.0,168453.571429
1767250,IT,RU,HOTEL,TOBAC,0.17,23583.045,4,4,23583.043,0.0,0.0,0.0,0.002,138723.794118
1680273,IT,GR,FURNI,BASIC,0.08,23581.726,4,4,23581.724,0.0,0.0,0.0,0.002,294771.575
1802975,IT,WF,WHEAT,KEROS,0.02,23581.721,3,3,23581.721,0.0,0.0,0.0,0.0,1179086.05
1789135,IT,WA,NONSP,RETA1,0.03,23579.709,3,3,23579.709,0.0,0.0,0.0,0.0,785990.3
1788473,IT,WA,PULP5,LEAD1,0.07,23578.851,4,4,23578.849,0.0,0.0,0.0,0.002,336840.728571
1670301,IT,FI,CHEMI,BIODI,0.06,23577.816,5,5,23576.814,0.0,0.0,1.0,0.002,392963.6
1799125,IT,WE,WEARI,PULP5,0.18,23576.137,4,4,23576.133,0.0,0.0,0.0,0.004,130978.538889
1748836,IT,CN,TEXTI,SEACO,0.14,23575.633,4,4,23575.63,0.0,0.0,0.0,0.003,168397.378571
1749121,IT,CN,WOODW,OFFIC,0.07,23574.786,4,4,23574.784,0.0,0.0,0.0,0.002,336782.657143
1806484,IT,WF,TRANS,ELEC2,0.14,23574.341,3,3,23574.341,0.0,0.0,0.0,0.0,168388.15
1795949,IT,WL,MOTO1,LEATH,0.13,23574.203,4,4,23574.201,0.0,0.0,0.0,0.002,181340.023077
1737937,IT,GB,CHEM1,NONSP,0.05,23573.602,4,4,23573.599,0.0,0.0,0.0,0.003,471472.04
1805572,IT,WF,CEMEN,NONFE,0.04,23571.432,3,3,23571.432,0.0,0.0,0.0,0.0,589285.8
1789531,IT,WA,ADDIT,HOTEL,0.05,23570.53,4,4,23570.528,0.0,0.0,0.0,0.002,471410.6
1731505,IT,SI,FISH5,MEATP,0.1,23570.524,4,4,23570.512,0.0,0.0,0.0,0.012,235705.24
1648525,IT,BG,FORES,MEATP,0.21,23570.488,4,4,23561.488,0.0,9.0,0.0,0.0,112240.419048
1766183,IT,RU,RUBBE,PAPE4,0.08,23570.044,4,4,23570.042,0.0,0.0,0.0,0.002,294625.55
1738424,IT,GB,ALUM1,NONME,0.04,23569.485,4,4,23569.483,0.0,0.0,0.0,0.002,589237.125
1719334,IT,PL,CHEM1,WOOD2,0.05,23568.158,4,4,23568.155,0.0,0.0,0.0,0.003,471363.16
1671199,IT,FI,NONME,CERAM,0.05,23568.007,4,4,23568.004,0.0,0.0,0.0,0.003,471360.14
1767539,IT,RU,AIRTR,COPP1,0.03,23567.077,3,3,23567.077,0.0,0.0,0.0,0.0,785569.233333
1662553,IT,DK,FABRI,SUGA1,0.1,23566.453,4,4,23566.451,0.0,0.0,0.0,0.002,235664.53
1753276,IT,CA,NONME,WOODW,0.05,23563.295,4,4,23563.292,0.0,0.0,0.0,0.003,471265.9
1754075,IT,CA,AIRTR,STONE,0.03,23562.394,3,3,23562.394,0.0,0.0,0.0,0.0,785413.133333
1688281,IT,IE,ANIMA,GLASS,0.09,23561.425,3,3,23561.425,0.0,0.0,0.0,0.0,261793.611111
1765939,IT,RU,PLAST,93197,0.05,23561.328,4,4,23561.326,0.0,0.0,0.0,0.002,471226.56
1746887,IT,JP,MOTO1,CATTL,0.13,23561.284,4,4,23561.282,0.0,0.0,0.0,0.002,181240.646154
1742637,IT,US,COPP1,BITU1,0.06,23560.781,3,3,23560.781,0.0,0.0,0.0,0.0,392679.683333
1689343,IT,IE,RETA1,NONME,0.25,23560.359,4,4,23560.357,0.0,0.0,0.0,0.002,94241.436
1723685,IT,PT,MACHI,PARAF,0.13,23560.137,4,4,23560.135,0.0,0.0,0.0,0.002,181231.823077
1758502,IT,BR,MACHI,PREC1,0.13,23559.508,4,4,23559.506,0.0,0.0,0.0,0.002,181226.984615
1642440,IT,AT,ALUM1,LEAD1,0.04,23559.325,4,4,23559.323,0.0,0.0,0.0,0.002,588983.125
1640515,IT,AT,SUGA1,WHOLE,0.06,23556.662,4,4,23556.658,0.0,0.0,0.0,0.004,392611.033333
1766348,IT,RU,NONME,SEACO,0.05,23555.004,4,4,23555.001,0.0,0.0,0.0,0.003,471100.08
1739203,IT,GB,RETA1,ELEC5,0.25,23554.422,4,4,23554.42,0.0,0.0,0.0,0.002,94217.688
1663680,IT,DK,BUSIN,93197,0.24,23554.107,4,4,23554.105,0.0,0.0,0.0,0.002,98142.1125
1782940,IT,NO,AIRTR,BASIC,0.03,23553.959,3,3,23553.959,0.0,0.0,0.0,0.0,785131.966667
1683844,IT,HR,MOTO1,FABRI,0.13,23552.707,4,4,23552.705,0.0,0.0,0.0,0.002,181174.669231
1776598,IT,TR,GASDI,COALT,0.04,23552.176,4,4,23552.174,0.0,0.0,0.0,0.002,588804.4
1736446,IT,SK,LANDT,TRAN2,0.15,23551.551,3,3,23551.551,0.0,0.0,0.0,0.0,157010.34
1741766,IT,US,NONSP,PETRO,0.03,23551.014,3,3,23551.014,0.0,0.0,0.0,0.0,785033.8
1736454,IT,SK,LANDT,RENTI,0.15,23550.396,3,3,23550.396,0.0,0.0,0.0,0.0,157002.64
1737282,IT,GB,FOOD5,SEACO,0.11,23550.093,4,4,23550.091,0.0,0.0,0.0,0.002,214091.754545
1715543,IT,NL,GASDI,POSTT,0.04,23548.874,4,4,23548.872,0.0,0.0,0.0,0.002,588721.85
1722779,IT,PT,PAPER,CHEM1,0.09,23545.564,4,4,23545.562,0.0,0.0,0.0,0.002,261617.377778
1735428,IT,SK,BASIC,NAPHT,0.03,23545.491,3,3,23545.491,0.0,0.0,0.0,0.0,784849.7
1808632,IT,WF,PLAS2,PUBLI,0.2,23545.345,3,3,23545.345,0.0,0.0,0.0,0.0,117726.725
1791061,IT,WA,TRANS,FOOD5,0.14,23544.218,3,3,23544.218,0.0,0.0,0.0,0.0,168172.985714
1661526,IT,DK,FOOD5,COMPU,0.11,23543.321,4,4,23543.319,0.0,0.0,0.0,0.002,214030.190909
1657771,IT,DE,NONME,MEATP,0.05,23543.006,4,4,23543.003,0.0,0.0,0.0,0.003,470860.12
1753082,IT,CA,RUBBE,STONE,0.08,23542.211,4,4,23542.209,0.0,0.0,0.0,0.002,294277.6375
1813711,IT,WM,RETA1,RECRE,0.25,23541.937,4,4,23541.935,0.0,0.0,0.0,0.002,94167.748
1800318,IT,WE,PFERT,TRANS,0.01,23541.625,4,4,23541.621,0.0,0.0,0.0,0.004,2354162.5
1784081,IT,ID,LEATH,MACHI,0.17,23541.551,4,4,23541.547,0.0,0.0,0.0,0.004,138479.711765
1720594,IT,PL,MOTO1,WHEAT,0.13,23540.156,4,4,23540.154,0.0,0.0,0.0,0.002,181078.123077
1794419,IT,WL,KERO1,EDUCA,0.03,23539.894,4,4,23539.892,0.0,0.0,0.0,0.002,784663.133333
1644042,IT,AT,BUSIN,BIOGA,0.24,23539.67,4,4,23539.668,0.0,0.0,0.0,0.002,98081.958333
1736366,IT,SK,LANDT,CROPS,0.15,23538.083,3,3,23538.083,0.0,0.0,0.0,0.0,156920.553333
1649838,IT,BG,ALUM1,FURNI,0.04,23537.713,4,4,23537.711,0.0,0.0,0.0,0.002,588442.825
1743265,IT,US,FURNI,PRINT,0.08,23536.914,4,4,23536.912,0.0,0.0,0.0,0.002,294211.425
1777235,IT,TR,RUBBE,BRICK,0.08,23536.091,4,4,23536.089,0.0,0.0,0.0,0.002,294201.1375
1648893,IT,BG,TEXTI,TRAN2,0.14,23535.58,4,4,23535.577,0.0,0.0,0.0,0.003,168111.285714
1733822,IT,SI,LANDT,INERT,0.15,23534.604,3,3,23534.604,0.0,0.0,0.0,0.0,156897.36
1648103,IT,BE,RESEA,REFI1,0.13,23534.394,4,4,23534.392,0.0,0.0,0.0,0.002,181033.8
1721362,IT,PL,SEACO,MEATC,0.02,23533.888,3,3,23533.888,0.0,0.0,0.0,0.0,1176694.4
1731909,IT,SI,MOTOR,MEATA,0.04,23533.44,4,4,23533.438,0.0,0.0,0.0,0.002,588336.0
1658278,IT,DE,COPP1,NONME,0.06,23532.217,3,3,23532.217,0.0,0.0,0.0,0.0,392203.616667
1796301,IT,WL,CONST,HEALT,0.13,23531.706,3,3,23531.706,0.0,0.0,0.0,0.0,181013.123077
1748428,IT,CN,FORES,CONST,0.21,23531.062,4,4,23522.062,0.0,9.0,0.0,0.0,112052.67619
1659427,IT,DE,WHOLE,ELEC2,0.2,23529.117,3,3,23529.117,0.0,0.0,0.0,0.0,117645.585
1761946,IT,IN,FURNI,ELEC2,0.08,23527.716,4,4,23527.714,0.0,0.0,0.0,0.002,294096.45
1716780,IT,NL,RETA1,DISTR,0.25,23526.974,4,4,23526.972,0.0,0.0,0.0,0.002,94107.896
1812618,IT,WM,LEAD1,BUSIN,0.04,23526.601,4,4,23526.599,0.0,0.0,0.0,0.002,588165.025
1731751,IT,SI,PULP5,WASTE,0.07,23526.123,4,4,23526.121,0.0,0.0,0.0,0.002,336087.471429
1763256,IT,MX,WOODW,EDUCA,0.07,23525.961,4,4,23525.959,0.0,0.0,0.0,0.002,336085.157143
1682025,IT,HR,BEVER,FURNI,0.1,23525.123,4,4,23525.121,0.0,0.0,0.0,0.002,235251.23
1731804,IT,SI,PAPER,FURNI,0.09,23524.951,4,4,23524.949,0.0,0.0,0.0,0.002,261388.344444
1803885,IT,WF,WEARI,RAWMI,0.18,23524.203,4,4,23524.199,0.0,0.0,0.0,0.004,130690.016667
1798379,IT,WE,FISHF,CHEM1,0.04,23523.743,3,3,23523.743,0.0,0.0,0.0,0.0,588093.575
1656454,IT,DE,PULP5,COMPU,0.07,23523.675,4,4,23523.673,0.0,0.0,0.0,0.002,336052.5
1813636,IT,WM,RETA1,DAIRY,0.25,23523.457,4,4,23523.455,0.0,0.0,0.0,0.002,94093.828
1646380,IT,BE,FABRI,MEDIC,0.1,23523.445,4,4,23523.443,0.0,0.0,0.0,0.002,235234.45
1810057,IT,WM,TEXTI,BRICK,0.14,23523.145,4,4,23523.142,0.0,0.0,0.0,0.003,168022.464286
1663310,IT,DK,AIRTR,NUCLE,0.03,23522.897,3,3,23522.897,0.0,0.0,0.0,0.0,784096.566667
1645518,IT,BE,PLAST,ALUM1,0.05,23522.717,4,4,23522.715,0.0,0.0,0.0,0.002,470454.34
1738570,IT,GB,FABRI,BIODI,0.1,23522.426,4,4,23522.424,0.0,0.0,0.0,0.002,235224.26
1657268,IT,DE,CHEM1,BIOG1,0.05,23520.256,4,4,23520.253,0.0,0.0,0.0,0.003,470405.12
1746178,IT,JP,PLAST,MEDIC,0.05,23518.82,4,4,23518.818,0.0,0.0,0.0,0.002,470376.4
1791817,IT,WA,LANDT,KEROS,0.15,23518.23,3,3,23518.23,0.0,0.0,0.0,0.0,156788.2
1710639,IT,LU,MEAT1,RENTI,0.11,23518.202,4,4,23518.199,0.0,0.0,0.0,0.003,213801.836364
1803523,IT,WF,VEGE1,CHARC,0.07,23517.142,4,4,23517.137,0.0,0.0,0.0,0.005,335959.171429
1649972,IT,BG,FABRI,POSTT,0.1,23511.019,4,4,23511.017,0.0,0.0,0.0,0.002,235110.19
1750995,IT,CN,WHOLE,RAWMI,0.2,23510.947,3,3,23510.947,0.0,0.0,0.0,0.0,117554.735
1737336,IT,GB,BEVER,MACHI,0.1,23510.908,4,4,23510.906,0.0,0.0,0.0,0.002,235109.08
1810561,IT,WM,PAPER,RAILW,0.09,23508.422,4,4,23508.42,0.0,0.0,0.0,0.002,261204.688889
1798913,IT,WE,FISH5,NATUR,0.1,23508.147,4,4,23508.135,0.0,0.0,0.0,0.012,235081.47
1671448,IT,FI,FABRI,FINAN,0.1,23507.416,4,4,23507.414,0.0,0.0,0.0,0.002,235074.16
1719421,IT,PL,RUBBE,RADIO,0.08,23507.141,4,4,23507.139,0.0,0.0,0.0,0.002,293839.2625
1730834,IT,SE,BUSIN,PLAS1,0.24,23506.872,4,4,23506.87,0.0,0.0,0.0,0.002,97945.3
1763211,IT,MX,WOODW,TEXTI,0.07,23506.776,4,4,23506.774,0.0,0.0,0.0,0.002,335811.085714
1672058,IT,FI,AIRTR,RENTI,0.03,23504.704,3,3,23504.704,0.0,0.0,0.0,0.0,783490.133333
1726174,IT,RO,GLASS,SALEM,0.06,23502.307,3,3,23502.307,0.0,0.0,0.0,0.0,391705.116667
1685681,IT,HU,HEAVY,RETA1,0.04,23500.148,4,4,23500.146,0.0,0.0,0.0,0.002,587503.7
1656317,IT,DE,LEATH,SUPPO,0.17,23500.059,4,4,23500.055,0.0,0.0,0.0,0.004,138235.641176
1676938,IT,FR,AIRTR,LEATH,0.03,23499.583,3,3,23499.583,0.0,0.0,0.0,0.0,783319.433333
1656782,IT,DE,GASDI,WHEAT,0.03,23498.162,4,4,23498.16,0.0,0.0,0.0,0.002,783272.066667
1753440,IT,CA,FABRI,KEROS,0.1,23496.205,4,4,23496.203,0.0,0.0,0.0,0.002,234962.05
1714191,IT,MT,INSUR,RADIO,0.48,23495.377,3,3,23495.377,0.0,0.0,0.0,0.0,48948.702083
1657075,IT,DE,NONSP,BASIC,0.03,23494.82,3,3,23494.82,0.0,0.0,0.0,0.0,783160.666667
1660315,IT,DE,POSTT,MEMBE,0.39,23494.456,4,4,23494.454,0.0,0.0,0.0,0.002,60242.194872
1652825,IT,CZ,PRINT,MOTO1,0.23,23493.963,4,4,23493.961,0.0,0.0,0.0,0.002,102147.665217
1782920,IT,NO,SEACO,MEMBE,0.02,23493.356,3,3,23493.356,0.0,0.0,0.0,0.0,1174667.8
1677797,IT,FR,COMPU,LANDT,0.27,23493.248,3,3,23493.248,0.0,0.0,0.0,0.0,87012.02963
1773617,IT,CH,TRANS,RETA1,0.14,23493.13,3,3,23493.13,0.0,0.0,0.0,0.0,167808.071429
1756312,IT,KR,MOTO1,ELEC3,0.13,23491.593,4,4,23491.591,0.0,0.0,0.0,0.002,180704.561538
1784702,IT,ID,FURNI,MACHI,0.07,23490.213,4,4,23490.211,0.0,0.0,0.0,0.002,335574.471429
1803743,IT,WF,FISH5,HOTEL,0.1,23489.877,4,4,23489.865,0.0,0.0,0.0,0.012,234898.77
1655527,IT,DE,NATUR,CONST,0.03,23489.389,4,4,23489.387,0.0,0.0,0.0,0.002,782979.633333
1666469,IT,ES,PLAST,SUGA1,0.05,23488.567,4,4,23488.565,0.0,0.0,0.0,0.002,469771.34
1787201,IT,WA,WHEAT,REALE,0.02,23488.461,3,3,23488.461,0.0,0.0,0.0,0.0,1174423.05
1779253,IT,TR,FINAN,FOOD5,0.31,23488.291,3,3,23488.291,0.0,0.0,0.0,0.0,75768.680645
1778797,IT,TR,LANDT,NONF1,0.15,23487.928,3,3,23487.928,0.0,0.0,0.0,0.0,156586.186667
1642507,IT,AT,LEAD1,COMPU,0.04,23487.927,4,4,23487.925,0.0,0.0,0.0,0.002,587198.175
1803464,IT,WF,MEAT4,NONFE,0.13,23485.88,4,4,23485.878,0.0,0.0,0.0,0.002,180660.615385
1649661,IT,BG,CERAM,FABRI,0.04,23485.437,3,3,23485.437,0.0,0.0,0.0,0.0,587135.925
1737416,IT,GB,TEXTI,HEALT,0.14,23484.662,4,4,23484.659,0.0,0.0,0.0,0.003,167747.585714
1769193,IT,AU,CHEM1,SEACO,0.05,23484.202,4,4,23484.199,0.0,0.0,0.0,0.003,469684.04
1690182,IT,IE,BUSIN,FISH5,0.24,23481.414,4,4,23481.412,0.0,0.0,0.0,0.002,97839.225
1760385,IT,IN,VEGE1,CHEM1,0.07,23481.397,4,4,23481.392,0.0,0.0,0.0,0.005,335448.528571
1683796,IT,HR,OFFIC,OFFIC,0.07,23480.929,4,4,23480.927,0.0,0.0,0.0,0.002,335441.842857
1649617,IT,BG,GLASS,CEMEN,0.06,23480.901,3,3,23480.901,0.0,0.0,0.0,0.0,391348.35
1796889,IT,WL,SEACO,AIRTR,0.02,23480.281,3,3,23480.281,0.0,0.0,0.0,0.0,1174014.05
1664400,IT,EE,MACHI,PRINT,0.13,23480.266,4,4,23480.264,0.0,0.0,0.0,0.002,180617.430769
1685675,IT,HU,HEAVY,MACHI,0.04,23480.244,4,4,23480.242,0.0,0.0,0.0,0.002,587006.1
1646708,IT,BE,FURNI,EDUCA,0.07,23479.756,4,4,23479.754,0.0,0.0,0.0,0.002,335425.085714
1668802,IT,ES,LANDT,SEWAG,0.15,23479.747,3,3,23479.747,0.0,0.0,0.0,0.0,156531.646667
1768100,IT,RU,BUSIN,AIRTR,0.24,23479.425,4,4,23479.423,0.0,0.0,0.0,0.002,97830.9375
1804930,IT,WF,PETRO,CEMEN,0.04,23478.908,4,4,23478.906,0.0,0.0,0.0,0.002,586972.7
1668868,IT,ES,SEACO,PRINT,0.02,23477.775,3,3,23477.775,0.0,0.0,0.0,0.0,1173888.75
1783872,IT,NO,WOOD2,BASIC,0.13,23477.418,4,4,23477.416,0.0,0.0,0.0,0.002,180595.523077
1640491,IT,AT,DAIRY,PUBLI,0.1,23476.996,4,4,23476.994,0.0,0.0,0.0,0.002,234769.96
1664206,IT,EE,CERAM,MACHI,0.04,23476.926,3,3,23476.926,0.0,0.0,0.0,0.0,586923.15
1683215,IT,HR,CERAM,MEATA,0.04,23476.9,3,3,23476.9,0.0,0.0,0.0,0.0,586922.5
1670262,IT,FI,VEGET,DAIRY,0.08,23472.94,3,3,23472.94,0.0,0.0,0.0,0.0,293411.75
1780865,IT,TW,COMPU,93197,0.27,23472.93,3,3,23472.93,0.0,0.0,0.0,0.0,86936.777778
1668547,IT,ES,HOTEL,ELEC3,0.17,23470.669,4,4,23470.667,0.0,0.0,0.0,0.002,138062.758824
1679330,IT,GR,PARAF,PAPE4,0.04,23469.187,4,4,23469.185,0.0,0.0,0.0,0.002,586729.675
1774636,IT,CH,AIRTR,TEXTI,0.03,23468.321,3,3,23468.321,0.0,0.0,0.0,0.0,782277.366667
1811557,IT,WM,PFERT,PFERT,0.01,23468.16,4,4,23468.156,0.0,0.0,0.0,0.004,2346816.0
1783443,IT,NO,INTER,INERT,0.14,23468.154,4,4,23468.152,0.0,0.0,0.0,0.002,167629.671429
1780810,IT,TW,COMPU,COKEO,0.27,23467.306,3,3,23467.306,0.0,0.0,0.0,0.0,86915.948148
1728235,IT,SE,FOOD5,RETAI,0.11,23467.21,4,4,23467.208,0.0,0.0,0.0,0.002,213338.272727
1663245,IT,DK,SEACO,WOODW,0.02,23466.418,3,3,23466.418,0.0,0.0,0.0,0.0,1173320.9
1652707,IT,CZ,PAPER,PRINT,0.09,23466.298,4,4,23466.296,0.0,0.0,0.0,0.002,260736.644444
1641125,IT,AT,PAPER,TRAN2,0.09,23466.164,4,4,23466.162,0.0,0.0,0.0,0.002,260735.155556
1771647,IT,CH,WEARI,PLAST,0.18,23465.644,4,4,23465.64,0.0,0.0,0.0,0.004,130364.688889
1759682,IT,BR,RESEA,INERT,0.13,23463.608,4,4,23463.606,0.0,0.0,0.0,0.002,180489.292308
1810270,IT,WM,LEATH,TRANS,0.17,23462.981,4,4,23462.977,0.0,0.0,0.0,0.004,138017.535294
1776490,IT,TR,MOTOR,COLLE,0.04,23461.694,4,4,23461.692,0.0,0.0,0.0,0.002,586542.35
1714925,IT,NL,BEVER,SUPPO,0.1,23461.547,4,4,23461.545,0.0,0.0,0.0,0.002,234615.47
1794974,IT,WL,CHEM1,ELEC1,0.05,23460.198,4,4,23460.195,0.0,0.0,0.0,0.003,469203.96
1729931,IT,SE,FURNI,LANDT,0.07,23455.094,4,4,23455.092,0.0,0.0,0.0,0.002,335072.771429
1645409,IT,BE,LIQUE,BEVER,0.04,23454.366,4,4,23454.364,0.0,0.0,0.0,0.002,586359.15
1794015,IT,WL,WOODW,COMPU,0.07,23453.582,4,4,23453.58,0.0,0.0,0.0,0.002,335051.171429
1679244,IT,GR,GASDI,WHEAT,0.03,23452.461,4,4,23452.459,0.0,0.0,0.0,0.002,781748.7
1757205,IT,BR,MEAT4,EDUCA,0.13,23450.183,4,4,23450.181,0.0,0.0,0.0,0.002,180386.023077
1729574,IT,SE,COPP1,COMPU,0.06,23449.934,3,3,23449.934,0.0,0.0,0.0,0.0,390832.233333
1649200,IT,BG,PRINT,PUBLI,0.22,23448.9,4,4,23448.898,0.0,0.0,0.0,0.002,106585.909091
1721756,IT,PL,INSUR,CONST,0.48,23448.049,3,3,23448.049,0.0,0.0,0.0,0.0,48850.102083
1714673,IT,NL,VEGE1,PIGS9,0.07,23446.74,4,4,23446.735,0.0,0.0,0.0,0.005,334953.428571
1749255,IT,CN,PAPER,COPP1,0.09,23446.674,4,4,23446.672,0.0,0.0,0.0,0.002,260518.6
1684703,IT,HU,CEREA,93197,0.04,23444.163,3,3,23444.163,0.0,0.0,0.0,0.0,586104.075
1770889,IT,AU,BUSIN,INSUR,0.24,23441.748,4,4,23441.746,0.0,0.0,0.0,0.002,97673.95
1668694,IT,ES,LANDT,MEAT1,0.15,23440.798,3,3,23440.798,0.0,0.0,0.0,0.0,156271.986667
1811732,IT,WM,ADDIT,TEXTI,0.05,23437.132,4,4,23437.13,0.0,0.0,0.0,0.002,468742.64
1778192,IT,TR,FURNI,KEROS,0.07,23436.733,4,4,23436.731,0.0,0.0,0.0,0.002,334810.471429
1681669,IT,HR,VEGET,CONST,0.08,23435.809,3,3,23435.809,0.0,0.0,0.0,0.0,292947.6125
1716312,IT,NL,FABRI,COPP1,0.1,23435.014,4,4,23435.012,0.0,0.0,0.0,0.002,234350.14
1671708,IT,FI,SALEM,CHEM1,0.19,23435.005,3,3,23435.005,0.0,0.0,0.0,0.0,123342.131579
1729155,IT,SE,GLASS,FURNI,0.06,23433.605,3,3,23433.605,0.0,0.0,0.0,0.0,390560.083333
1672443,IT,FI,PUBLI,PRECI,0.38,23433.069,4,4,23433.067,0.0,0.0,0.0,0.002,61665.971053
1776692,IT,TR,HEAVY,OFFIC,0.04,23432.407,4,4,23432.405,0.0,0.0,0.0,0.002,585810.175
1783586,IT,NO,FOOD2,FABRI,0.14,23432.267,4,4,23432.265,0.0,0.0,0.0,0.002,167373.335714
1730192,IT,SE,LANDT,ELEC3,0.15,23431.636,3,3,23431.636,0.0,0.0,0.0,0.0,156210.906667
1749287,IT,CN,PAPER,SEACO,0.09,23429.064,4,4,23429.062,0.0,0.0,0.0,0.002,260322.933333
1809686,IT,WM,PROCE,GASDI,0.16,23429.004,3,3,23429.004,0.0,0.0,0.0,0.0,146431.275
1675011,IT,FR,PREC1,BUSIN,0.04,23428.391,3,3,23428.391,0.0,0.0,0.0,0.0,585709.775
1754463,IT,CA,BUSIN,FORES,0.24,23428.388,4,4,23428.386,0.0,0.0,0.0,0.002,97618.283333
1715656,IT,NL,NAPHT,COMPU,0.04,23427.917,4,4,23427.915,0.0,0.0,0.0,0.002,585697.925
1761355,IT,IN,GLASS,RETA1,0.06,23427.86,3,3,23427.86,0.0,0.0,0.0,0.0,390464.333333
1796443,IT,WL,WHOLE,COMPU,0.2,23427.107,3,3,23427.107,0.0,0.0,0.0,0.0,117135.535
1732320,IT,SI,NAPHT,OFFIC,0.04,23426.309,4,4,23426.307,0.0,0.0,0.0,0.002,585657.725
1741413,IT,US,MOTOR,CROPS,0.03,23425.093,4,4,23425.091,0.0,0.0,0.0,0.002,780836.433333
1677610,IT,FR,REALE,ELEC3,0.99,23424.936,4,4,23424.934,0.0,0.0,0.0,0.002,23661.551515
1785750,IT,ZA,PLAST,NFERT,0.05,23424.415,4,4,23424.413,0.0,0.0,0.0,0.002,468488.3
1690455,IT,IE,PAPE4,WEARI,0.15,23424.396,3,3,23424.396,0.0,0.0,0.0,0.0,156162.64
1756110,IT,KR,FABRI,TRAN2,0.1,23423.341,4,4,23423.339,0.0,0.0,0.0,0.002,234233.41
1669420,IT,ES,INSUR,ELEC4,0.48,23423.254,3,3,23423.254,0.0,0.0,0.0,0.0,48798.445833
1723413,IT,PT,BASIC,RAILW,0.03,23421.806,3,3,23421.806,0.0,0.0,0.0,0.0,780726.866667
1683530,IT,HR,ALUM1,COPP1,0.04,23419.769,4,4,23419.767,0.0,0.0,0.0,0.002,585494.225
1644813,IT,BE,TEXTI,PLAST,0.14,23418.655,4,4,23418.652,0.0,0.0,0.0,0.003,167276.107143
1780525,IT,TW,POSTT,AUXIL,0.39,23417.432,4,4,23417.43,0.0,0.0,0.0,0.002,60044.697436
1731536,IT,SI,FISH5,RECRE,0.1,23417.16,4,4,23417.148,0.0,0.0,0.0,0.012,234171.6
1686285,IT,HU,BRICK,BRICK,0.04,23414.168,4,4,23414.166,0.0,0.0,0.0,0.002,585354.2
1785323,IT,ZA,LEATH,TRANS,0.17,23411.676,4,4,23411.672,0.0,0.0,0.0,0.004,137715.741176
1670321,IT,FI,CHEMI,BUSIN,0.06,23411.247,5,5,23410.245,0.0,0.0,1.0,0.002,390187.45
1668593,IT,ES,HOTEL,WASTE,0.17,23410.465,4,4,23410.463,0.0,0.0,0.0,0.002,137708.617647
1676858,IT,FR,LANDT,PLAS1,0.15,23409.164,3,3,23409.164,0.0,0.0,0.0,0.0,156061.093333
1794246,IT,WL,MOTOR,PLANT,0.03,23408.673,4,4,23408.671,0.0,0.0,0.0,0.002,780289.1
1735550,IT,SK,ALUM1,PREC1,0.04,23408.264,4,4,23408.262,0.0,0.0,0.0,0.002,585206.6
1789146,IT,WA,PLAST,FORES,0.05,23407.079,4,4,23407.077,0.0,0.0,0.0,0.002,468141.58
1684170,IT,HR,LANDT,MEDIC,0.15,23406.39,3,3,23406.39,0.0,0.0,0.0,0.0,156042.6
1736333,IT,SK,RAILW,PLAST,0.16,23404.995,3,3,23404.995,0.0,0.0,0.0,0.0,146281.21875
1725141,IT,RO,MEATP,MEATP,0.09,23404.371,4,4,23404.368,0.0,0.0,0.0,0.003,260048.566667
1669386,IT,ES,INSUR,BEVER,0.48,23400.552,3,3,23400.552,0.0,0.0,0.0,0.0,48751.15
1733368,IT,SI,TRANS,AIRTR,0.14,23399.91,3,3,23399.91,0.0,0.0,0.0,0.0,167142.214286
1689121,IT,IE,SALEM,TEXTI,0.19,23399.711,3,3,23399.711,0.0,0.0,0.0,0.0,123156.373684
1644185,IT,BE,CEREA,POULT,0.04,23399.344,3,3,23399.344,0.0,0.0,0.0,0.0,584983.6
1738667,IT,GB,MACHI,MOTOR,0.13,23398.853,4,4,23398.851,0.0,0.0,0.0,0.002,179991.176923
1657988,IT,DE,BASIC,WASTE,0.03,23397.564,3,3,23397.564,0.0,0.0,0.0,0.0,779918.8
1744071,IT,US,SUPPO,CEREA,0.17,23397.311,3,3,23397.311,0.0,0.0,0.0,0.0,137631.241176
1782271,IT,NO,ALUM1,HEALT,0.04,23396.216,4,4,23396.214,0.0,0.0,0.0,0.002,584905.4
1791382,IT,WA,RETAI,ANIMA,0.18,23396.11,4,4,23396.108,0.0,0.0,0.0,0.002,129978.388889
1671496,IT,FI,MACHI,NONME,0.13,23395.721,4,4,23395.719,0.0,0.0,0.0,0.002,179967.084615
1674827,IT,FR,NONME,PIGS9,0.05,23395.597,4,4,23395.594,0.0,0.0,0.0,0.003,467911.94
1786306,IT,ZA,FABRI,HOTEL,0.1,23392.808,4,4,23392.806,0.0,0.0,0.0,0.002,233928.08
1734417,IT,SK,VEGET,HOTEL,0.08,23392.786,3,3,23392.786,0.0,0.0,0.0,0.0,292409.825
1809069,IT,WM,OILSE,93197,0.02,23391.905,3,3,23391.905,0.0,0.0,0.0,0.0,1169595.25
1787387,IT,WA,FORES,LEAD1,0.2,23391.71,4,4,23382.71,0.0,9.0,0.0,0.0,116958.55
1784137,IT,ID,PULP5,TRAN2,0.07,23391.249,4,4,23391.247,0.0,0.0,0.0,0.002,334160.7
1679456,IT,GR,CHEM1,AVIAT,0.05,23390.151,4,4,23390.148,0.0,0.0,0.0,0.003,467803.02
1737832,IT,GB,NONSP,MOTOR,0.03,23388.631,3,3,23388.631,0.0,0.0,0.0,0.0,779621.033333
1720810,IT,PL,FURNI,MOTOR,0.07,23388.334,4,4,23388.332,0.0,0.0,0.0,0.002,334119.057143
1741808,IT,US,PLAST,RADIO,0.05,23387.196,4,4,23387.194,0.0,0.0,0.0,0.002,467743.92
1808003,IT,WF,INTER,CATTL,0.14,23387.167,3,3,23387.167,0.0,0.0,0.0,0.0,167051.192857
1736900,IT,SK,BUSIN,FINAN,0.24,23386.795,4,4,23386.793,0.0,0.0,0.0,0.002,97444.979167
1658330,IT,DE,COPP1,93197,0.06,23385.486,3,3,23385.486,0.0,0.0,0.0,0.0,389758.1
1799732,IT,WE,KEROS,FOOD5,0.03,23384.415,4,4,23384.413,0.0,0.0,0.0,0.002,779480.5
1713253,IT,MT,PAPER,CONST,0.09,23384.012,4,4,23384.01,0.0,0.0,0.0,0.002,259822.355556
1784163,IT,ID,PAPER,CEMEN,0.09,23382.899,4,4,23382.897,0.0,0.0,0.0,0.002,259809.988889
1651215,IT,BG,BUSIN,POSTT,0.24,23381.282,4,4,23381.28,0.0,0.0,0.0,0.002,97422.008333
1729644,IT,SE,FABRI,GLASS,0.1,23381.274,4,4,23381.272,0.0,0.0,0.0,0.002,233812.74
1800899,IT,WE,PREC1,NONSP,0.04,23380.541,3,3,23380.541,0.0,0.0,0.0,0.0,584513.525
1785878,IT,ZA,ADDIT,CHEM1,0.05,23380.197,4,4,23380.195,0.0,0.0,0.0,0.002,467603.94
1683690,IT,HR,FABRI,MEMBE,0.1,23379.393,4,4,23379.391,0.0,0.0,0.0,0.002,233793.93
1769359,IT,AU,GLASS,HEALT,0.06,23378.536,3,3,23378.536,0.0,0.0,0.0,0.0,389642.266667
1665530,IT,ES,WEARI,FOOD1,0.18,23378.485,4,4,23378.481,0.0,0.0,0.0,0.004,129880.472222
1776715,IT,TR,HEAVY,HEALT,0.04,23376.542,4,4,23376.54,0.0,0.0,0.0,0.002,584413.55
1731643,IT,SI,LEATH,RESEA,0.17,23375.72,4,4,23375.716,0.0,0.0,0.0,0.004,137504.235294
1732274,IT,SI,LIQUE,INSUR,0.04,23373.354,4,4,23373.352,0.0,0.0,0.0,0.002,584333.85
1752797,IT,CA,PAPER,MEATC,0.09,23372.753,4,4,23372.751,0.0,0.0,0.0,0.002,259697.255556
1791896,IT,WA,TRAN2,MOTOR,0.04,23371.059,3,3,23371.059,0.0,0.0,0.0,0.0,584276.475
1674947,IT,FR,BASIC,AIRTR,0.03,23369.741,3,3,23369.741,0.0,0.0,0.0,0.0,778991.366667
1734528,IT,SK,DAIRY,HOTEL,0.09,23366.355,4,4,23366.353,0.0,0.0,0.0,0.002,259626.166667
1809999,IT,WM,TEXTI,PLANT,0.14,23365.607,4,4,23365.604,0.0,0.0,0.0,0.003,166897.192857
1807074,IT,WF,SEACO,VEGE1,0.02,23365.221,3,3,23365.221,0.0,0.0,0.0,0.0,1168261.05
1721405,IT,PL,SEACO,HOTEL,0.02,23364.824,3,3,23364.824,0.0,0.0,0.0,0.0,1168241.2
1748910,IT,CN,WEARI,PREC1,0.18,23364.693,4,4,23364.689,0.0,0.0,0.0,0.004,129803.85
1674033,IT,FR,GASDI,DAIRY,0.03,23362.407,4,4,23362.405,0.0,0.0,0.0,0.002,778746.9
1778090,IT,TR,MOTO1,NONME,0.12,23362.068,4,4,23362.066,0.0,0.0,0.0,0.002,194683.9
1685940,IT,HU,CHEM1,FOOD2,0.05,23361.567,4,4,23361.564,0.0,0.0,0.0,0.003,467231.34
1664251,IT,EE,BASIC,TEXTI,0.03,23361.114,3,3,23361.114,0.0,0.0,0.0,0.0,778703.8
1781245,IT,NO,STONE,CRUDE,0.08,23360.004,4,4,23359.004,0.0,0.0,1.0,0.0,292000.05
1771785,IT,CH,LEATH,RESEA,0.17,23359.87,4,4,23359.866,0.0,0.0,0.0,0.004,137411.0
1716222,IT,NL,LEAD1,REFIN,0.04,23359.801,4,4,23359.799,0.0,0.0,0.0,0.002,583995.025
1669335,IT,ES,FINAN,TRAN2,0.3,23359.668,3,3,23359.668,0.0,0.0,0.0,0.0,77865.56
1789944,IT,WA,CEMEN,DIST1,0.04,23359.32,3,3,23359.32,0.0,0.0,0.0,0.0,583983.0
1781772,IT,NO,PRINT,SALEM,0.22,23357.804,4,4,23357.802,0.0,0.0,0.0,0.002,106171.836364
1768645,IT,AU,TEXTI,FISHF,0.14,23356.622,4,4,23356.619,0.0,0.0,0.0,0.003,166833.014286
1732392,IT,SI,PLAST,BRICK,0.05,23355.433,4,4,23355.431,0.0,0.0,0.0,0.002,467108.66
1641955,IT,AT,RUBBE,FISH5,0.08,23355.031,4,4,23355.029,0.0,0.0,0.0,0.002,291937.8875
1662895,IT,DK,WHOLE,BUSIN,0.2,23354.175,3,3,23354.175,0.0,0.0,0.0,0.0,116770.875
1758908,IT,BR,HOTEL,RENTI,0.17,23353.873,4,4,23353.871,0.0,0.0,0.0,0.002,137375.723529
1654216,IT,CZ,MOTO1,WASTE,0.12,23353.769,4,4,23353.767,0.0,0.0,0.0,0.002,194614.741667
1719580,IT,PL,GLASS,93197,0.06,23353.113,3,3,23353.113,0.0,0.0,0.0,0.0,389218.55
1734969,IT,SK,LIQUE,COPP1,0.04,23352.746,4,4,23352.744,0.0,0.0,0.0,0.002,583818.65
1777042,IT,TR,CHEM1,NONSP,0.05,23352.355,4,4,23352.352,0.0,0.0,0.0,0.003,467047.1
1716194,IT,NL,ALUM1,ELECT,0.04,23352.257,4,4,23352.255,0.0,0.0,0.0,0.002,583806.425
1641187,IT,AT,PRINT,TRANS,0.22,23351.612,4,4,23351.61,0.0,0.0,0.0,0.002,106143.690909
1672617,IT,FR,FISHF,ELEC3,0.04,23350.4,3,3,23350.4,0.0,0.0,0.0,0.0,583760.0
1801834,IT,WE,ELEC7,TEXTI,0.02,23350.397,3,3,23350.397,0.0,0.0,0.0,0.0,1167519.85
1813860,IT,WM,LANDT,WOODW,0.15,23347.623,3,3,23347.623,0.0,0.0,0.0,0.0,155650.82
1735491,IT,SK,PREC1,FORES,0.04,23346.859,3,3,23346.859,0.0,0.0,0.0,0.0,583671.475
1773525,IT,CH,MOTO1,RUBBE,0.12,23346.722,4,4,23346.72,0.0,0.0,0.0,0.002,194556.016667
1645491,IT,BE,PLAST,FOOD5,0.05,23346.527,4,4,23346.525,0.0,0.0,0.0,0.002,466930.54
1644971,IT,BE,WOODW,FURNI,0.07,23346.106,4,4,23346.104,0.0,0.0,0.0,0.002,333515.8
1684251,IT,HR,SEACO,SALEM,0.02,23344.782,3,3,23344.782,0.0,0.0,0.0,0.0,1167239.1
1789806,IT,WA,CERAM,POULT,0.04,23344.693,3,3,23344.693,0.0,0.0,0.0,0.0,583617.325
1787918,IT,WA,BEVER,SALEM,0.1,23344.681,4,4,23344.679,0.0,0.0,0.0,0.002,233446.81
1684063,IT,HR,HOTEL,ELECT,0.17,23343.426,4,4,23343.424,0.0,0.0,0.0,0.002,137314.270588
1796827,IT,WL,SEACO,BITUM,0.02,23343.281,3,3,23343.281,0.0,0.0,0.0,0.0,1167164.05
1719731,IT,PL,NONME,RESEA,0.05,23343.009,4,4,23343.006,0.0,0.0,0.0,0.003,466860.18
1660129,IT,DE,AIRTR,FOOD2,0.03,23341.005,3,3,23341.005,0.0,0.0,0.0,0.0,778033.5
1764579,IT,MX,WHOLE,PREC1,0.2,23340.797,3,3,23340.797,0.0,0.0,0.0,0.0,116703.985
1670472,IT,FI,BEVER,DAIRY,0.1,23338.995,4,4,23338.993,0.0,0.0,0.0,0.002,233389.95
1728886,IT,SE,CHEM1,MEAT1,0.05,23337.133,4,4,23337.13,0.0,0.0,0.0,0.003,466742.66
1784876,IT,ID,AIRTR,ELEC1,0.03,23335.606,3,3,23335.606,0.0,0.0,0.0,0.0,777853.533333
1769339,IT,AU,GLASS,MACHI,0.06,23335.464,3,3,23335.464,0.0,0.0,0.0,0.0,388924.4
1676198,IT,FR,CONST,DISTR,0.13,23335.12,3,3,23335.12,0.0,0.0,0.0,0.0,179500.923077
1652869,IT,CZ,COALT,MOTOR,0.04,23334.978,3,3,23334.978,0.0,0.0,0.0,0.0,583374.45
1667121,IT,ES,BASIC,MEATP,0.03,23334.548,3,3,23334.548,0.0,0.0,0.0,0.0,777818.266667
1672235,IT,FI,REALE,OFFIC,0.99,23334.496,4,4,23334.494,0.0,0.0,0.0,0.002,23570.19798
1780017,IT,TW,SALEM,WHOLE,0.19,23333.69,3,3,23333.69,0.0,0.0,0.0,0.0,122808.894737
1671214,IT,FI,NONME,WHOLE,0.05,23333.577,4,4,23333.574,0.0,0.0,0.0,0.003,466671.54
1741127,IT,US,WEARI,RETA1,0.18,23332.161,4,4,23332.157,0.0,0.0,0.0,0.004,129623.116667
1650102,IT,BG,OFFIC,BASIC,0.07,23332.049,4,4,23332.047,0.0,0.0,0.0,0.002,333314.985714
1751162,IT,CN,HOTEL,IRONO,0.17,23330.497,4,4,23330.495,0.0,0.0,0.0,0.002,137238.217647
1709555,IT,LT,WOODW,STEAM,0.07,23330.364,4,4,23330.362,0.0,0.0,0.0,0.002,333290.914286
1667318,IT,ES,ALUM1,HOTEL,0.04,23329.935,4,4,23329.933,0.0,0.0,0.0,0.002,583248.375
1723503,IT,PT,COPP1,PAPER,0.06,23329.837,3,3,23329.837,0.0,0.0,0.0,0.0,388830.616667
1687536,IT,HU,LANDT,NONME,0.15,23328.964,3,3,23328.964,0.0,0.0,0.0,0.0,155526.426667
1800078,IT,WE,NAPHT,SANDC,0.04,23328.173,4,4,23328.171,0.0,0.0,0.0,0.002,583204.325
1734053,IT,SI,FINAN,FINAN,0.3,23327.867,3,3,23327.867,0.0,0.0,0.0,0.0,77759.556667
1666282,IT,ES,HEAVY,INERT,0.04,23327.128,4,4,23327.126,0.0,0.0,0.0,0.002,583178.2
1657705,IT,DE,BRICK,MACHI,0.03,23325.038,3,3,23325.038,0.0,0.0,0.0,0.0,777501.266667
1763500,IT,MX,PFERT,PLANT,0.01,23325.003,4,4,23324.999,0.0,0.0,0.0,0.004,2332500.3
1768012,IT,RU,BUSIN,RAWMI,0.24,23324.648,4,4,23324.646,0.0,0.0,0.0,0.002,97186.033333
1746862,IT,JP,MACHI,TEXT1,0.13,23324.621,4,4,23324.619,0.0,0.0,0.0,0.002,179420.161538
1683176,IT,HR,GLASS,PLAST,0.06,23321.887,3,3,23321.887,0.0,0.0,0.0,0.0,388698.116667
1810250,IT,WM,LEATH,RUBBE,0.17,23321.814,4,4,23321.81,0.0,0.0,0.0,0.004,137187.141176
1740168,IT,GB,COMPU,93197,0.27,23321.718,3,3,23321.718,0.0,0.0,0.0,0.0,86376.733333
1739742,IT,GB,SUPPO,INTER,0.17,23320.946,3,3,23320.946,0.0,0.0,0.0,0.0,137182.035294
1809959,IT,WM,FISH5,HEAVY,0.1,23319.872,4,4,23319.86,0.0,0.0,0.0,0.012,233198.72
1769522,IT,AU,ALUM1,DAIRY,0.04,23317.968,4,4,23317.966,0.0,0.0,0.0,0.002,582949.2
1769245,IT,AU,RUBBE,FOOD5,0.08,23317.561,4,4,23317.559,0.0,0.0,0.0,0.002,291469.5125
1666421,IT,ES,BITU1,LUBRI,0.04,23316.893,4,4,23316.891,0.0,0.0,0.0,0.002,582922.325
1658282,IT,DE,COPP1,LEAD1,0.06,23316.812,3,3,23316.812,0.0,0.0,0.0,0.0,388613.533333
1680514,IT,GR,ELEC7,WEARI,0.02,23316.27,3,3,23316.27,0.0,0.0,0.0,0.0,1165813.5
1811241,IT,WM,LUBRI,CONST,0.03,23316.183,3,3,23316.183,0.0,0.0,0.0,0.0,777206.1
1679938,IT,GR,FABRI,KEROS,0.09,23315.965,4,4,23315.963,0.0,0.0,0.0,0.002,259066.277778
1779734,IT,TR,BUSIN,MOTOR,0.24,23315.921,4,4,23315.919,0.0,0.0,0.0,0.002,97149.670833
1795280,IT,WL,CERAM,RESEA,0.04,23315.346,3,3,23315.346,0.0,0.0,0.0,0.0,582883.65
1660073,IT,DE,AIRTR,CERAM,0.03,23314.284,3,3,23314.284,0.0,0.0,0.0,0.0,777142.8
1803497,IT,WF,VEGE1,CRUDE,0.07,23313.664,4,4,23313.659,0.0,0.0,0.0,0.005,333052.342857
1777398,IT,TR,CERAM,RENTI,0.04,23313.6,3,3,23313.6,0.0,0.0,0.0,0.0,582840.0
1684908,IT,HU,CHEMI,POULT,0.06,23312.867,5,5,23311.865,0.0,0.0,1.0,0.002,388547.783333
1724493,IT,PT,SUPPO,BUSIN,0.17,23311.471,3,3,23311.471,0.0,0.0,0.0,0.0,137126.3
1765523,IT,RU,WEARI,RECRE,0.18,23309.674,4,4,23309.67,0.0,0.0,0.0,0.004,129498.188889
1800160,IT,WE,NONSP,KEROS,0.03,23309.363,3,3,23309.363,0.0,0.0,0.0,0.0,776978.766667
1777605,IT,TR,ALUM1,BRICK,0.04,23309.343,4,4,23309.341,0.0,0.0,0.0,0.002,582733.575
1684546,IT,HR,BUSIN,FABRI,0.24,23307.282,4,4,23307.28,0.0,0.0,0.0,0.002,97113.675
1739531,IT,GB,LANDT,OILHA,0.15,23306.623,3,3,23306.623,0.0,0.0,0.0,0.0,155377.486667
1801224,IT,WE,FABRI,ELEC1,0.09,23306.522,4,4,23306.52,0.0,0.0,0.0,0.002,258961.355556
1717034,IT,NL,LANDT,FOUND,0.15,23306.431,3,3,23306.431,0.0,0.0,0.0,0.0,155376.206667
1655615,IT,DE,SANDC,BIOG1,0.05,23304.137,4,4,23299.137,0.0,0.0,5.0,0.0,466082.74
1682429,IT,HR,PAPER,BASIC,0.09,23303.739,4,4,23303.737,0.0,0.0,0.0,0.002,258930.433333
1721317,IT,PL,LANDT,WASTE,0.15,23302.806,3,3,23302.806,0.0,0.0,0.0,0.0,155352.04
1749392,IT,CN,MOTOR,LIQUE,0.03,23302.442,4,4,23302.44,0.0,0.0,0.0,0.002,776748.066667
1652963,IT,CZ,LIQUE,PFERT,0.04,23301.333,4,4,23301.331,0.0,0.0,0.0,0.002,582533.325
1662989,IT,DK,HOTEL,BEVER,0.17,23300.822,4,4,23300.82,0.0,0.0,0.0,0.002,137063.658824
1683914,IT,HR,FURNI,MEDIC,0.07,23300.406,4,4,23300.404,0.0,0.0,0.0,0.002,332862.942857
1767303,IT,RU,HOTEL,RETAI,0.17,23300.311,4,4,23300.309,0.0,0.0,0.0,0.002,137060.652941
1662439,IT,DK,ALUM1,MEATC,0.04,23299.747,4,4,23299.745,0.0,0.0,0.0,0.002,582493.675
1646021,IT,BE,NONME,MACHI,0.05,23299.201,4,4,23299.198,0.0,0.0,0.0,0.003,465984.02
1648676,IT,BG,SUGA1,DAIRY,0.06,23299.136,4,4,23299.132,0.0,0.0,0.0,0.004,388318.933333
1660395,IT,DE,FINAN,ELEC8,0.3,23296.669,3,3,23296.669,0.0,0.0,0.0,0.0,77655.563333
1764516,IT,MX,CONST,SUPPO,0.13,23296.341,3,3,23296.341,0.0,0.0,0.0,0.0,179202.623077
1685764,IT,HU,PLAST,COKEO,0.05,23295.778,4,4,23295.776,0.0,0.0,0.0,0.002,465915.56
1731492,IT,SI,BEVER,RESEA,0.1,23295.421,3,3,23295.421,0.0,0.0,0.0,0.0,232954.21
1811000,IT,WM,GASDI,AIRTR,0.03,23295.373,4,4,23295.371,0.0,0.0,0.0,0.002,776512.433333
1731956,IT,SI,MOTOR,RESEA,0.03,23295.275,4,4,23295.273,0.0,0.0,0.0,0.002,776509.166667
1661591,IT,DK,BEVER,LANDT,0.1,23295.052,3,3,23295.052,0.0,0.0,0.0,0.0,232950.52
1732096,IT,SI,KERO1,INSUR,0.03,23294.722,4,4,23294.72,0.0,0.0,0.0,0.002,776490.733333
1642897,IT,AT,TRANS,PRINT,0.14,23292.724,3,3,23292.724,0.0,0.0,0.0,0.0,166376.6
1718861,IT,PL,PAPER,INTER,0.09,23292.537,4,4,23292.535,0.0,0.0,0.0,0.002,258805.966667
1717321,IT,NL,FINAN,PRINT,0.3,23290.568,3,3,23290.568,0.0,0.0,0.0,0.0,77635.226667
1740037,IT,GB,RENTI,RUBBE,0.14,23290.532,3,3,23290.532,0.0,0.0,0.0,0.0,166360.942857
1813516,IT,WM,RETAI,REALE,0.18,23289.997,4,4,23289.995,0.0,0.0,0.0,0.002,129388.872222
1644013,IT,AT,BUSIN,MEAT1,0.24,23289.674,4,4,23289.672,0.0,0.0,0.0,0.002,97040.308333
1772131,IT,CH,MOTOR,REALE,0.03,23289.179,4,4,23289.177,0.0,0.0,0.0,0.002,776305.966667
1719666,IT,PL,CEMEN,BUSIN,0.04,23288.957,3,3,23288.957,0.0,0.0,0.0,0.0,582223.925
1786908,IT,ZA,AIRTR,RUBBE,0.03,23288.785,3,3,23288.785,0.0,0.0,0.0,0.0,776292.833333
1804223,IT,WF,PRINT,AUXIL,0.22,23288.659,4,4,23288.657,0.0,0.0,0.0,0.002,105857.540909
1748827,IT,CN,TEXTI,STEAM,0.14,23288.433,4,4,23288.43,0.0,0.0,0.0,0.003,166345.95
1729088,IT,SE,RUBBE,INSUR,0.08,23288.401,4,4,23288.399,0.0,0.0,0.0,0.002,291105.0125
1643127,IT,AT,RETA1,FISHF,0.24,23287.589,4,4,23287.587,0.0,0.0,0.0,0.002,97031.620833
1769085,IT,AU,PLAST,OFFIC,0.05,23286.617,4,4,23286.615,0.0,0.0,0.0,0.002,465732.34
1656473,IT,DE,PAPER,STONE,0.09,23285.638,4,4,23285.636,0.0,0.0,0.0,0.002,258729.311111
1662923,IT,DK,RETA1,NUCLE,0.24,23284.988,4,4,23284.986,0.0,0.0,0.0,0.002,97020.783333
1709355,IT,LT,PROCE,SANDC,0.16,23282.019,3,3,23282.019,0.0,0.0,0.0,0.0,145512.61875
1776041,IT,TR,TEXTI,RADIO,0.14,23281.461,4,4,23281.458,0.0,0.0,0.0,0.003,166296.15
1736443,IT,SK,LANDT,HOTEL,0.15,23280.975,3,3,23280.975,0.0,0.0,0.0,0.0,155206.5
1690436,IT,IE,FOOD4,HEALT,0.17,23280.277,3,3,23280.277,0.0,0.0,0.0,0.0,136942.805882
1760611,IT,IN,WOODW,RETA1,0.07,23280.27,4,4,23280.268,0.0,0.0,0.0,0.002,332575.285714
1666280,IT,ES,HEAVY,FOOD4,0.04,23279.455,4,4,23279.453,0.0,0.0,0.0,0.002,581986.375
1679905,IT,GR,COPP1,PAPE4,0.06,23279.403,3,3,23279.403,0.0,0.0,0.0,0.0,387990.05
1801965,IT,WE,RETAI,WEARI,0.18,23277.542,4,4,23277.54,0.0,0.0,0.0,0.002,129319.677778
1772197,IT,CH,GASDI,DIST1,0.03,23276.871,4,4,23276.869,0.0,0.0,0.0,0.002,775895.7
1685996,IT,HU,BIODI,GASDI,0.05,23276.785,4,4,23276.782,0.0,0.0,0.0,0.003,465535.7
1746431,IT,JP,RUBBE,RECRE,0.08,23276.064,4,4,23276.062,0.0,0.0,0.0,0.002,290950.8
1681670,IT,HR,VEGET,SALEM,0.08,23276.003,3,3,23276.003,0.0,0.0,0.0,0.0,290950.0375
1683814,IT,HR,OFFIC,REALE,0.07,23275.095,4,4,23275.093,0.0,0.0,0.0,0.002,332501.357143
1741295,IT,US,PAPER,NONME,0.09,23274.434,4,4,23274.432,0.0,0.0,0.0,0.002,258604.822222
1689550,IT,IE,AIRTR,CROPS,0.03,23272.475,3,3,23272.475,0.0,0.0,0.0,0.0,775749.166667
1679527,IT,GR,ADDIT,NAPHT,0.05,23272.305,4,4,23272.303,0.0,0.0,0.0,0.002,465446.1
1753759,IT,CA,FURNI,COPP1,0.07,23272.222,4,4,23272.22,0.0,0.0,0.0,0.002,332460.314286
1795970,IT,WL,MOTO1,RUBBE,0.12,23272.108,4,4,23272.106,0.0,0.0,0.0,0.002,193934.233333
1688344,IT,IE,DAIRY,WHOLE,0.09,23271.101,4,4,23271.099,0.0,0.0,0.0,0.002,258567.788889
1680765,IT,GR,RETA1,BUSIN,0.24,23270.16,4,4,23270.158,0.0,0.0,0.0,0.002,96959.0
1735717,IT,SK,FABRI,DIST1,0.09,23269.733,4,4,23269.731,0.0,0.0,0.0,0.002,258552.588889
1682153,IT,HR,TEXTI,SUPPO,0.14,23269.36,4,4,23269.357,0.0,0.0,0.0,0.003,166209.714286
1726720,IT,RO,FURNI,FABRI,0.07,23269.09,4,4,23269.088,0.0,0.0,0.0,0.002,332415.571429
1686314,IT,HU,NONME,BEVER,0.05,23268.718,4,4,23268.715,0.0,0.0,0.0,0.003,465374.36
1685004,IT,HU,VEGE1,CONST,0.07,23268.709,4,4,23268.704,0.0,0.0,0.0,0.005,332410.128571
1677239,IT,FR,FINAN,WHEAT,0.3,23268.529,3,3,23268.529,0.0,0.0,0.0,0.0,77561.763333
1666700,IT,ES,RUBBE,OILSE,0.08,23267.359,4,4,23267.357,0.0,0.0,0.0,0.002,290841.9875
1802414,IT,WE,AIRTR,PFERT,0.03,23266.859,3,3,23266.859,0.0,0.0,0.0,0.0,775561.966667
1683084,IT,HR,RUBBE,PULP5,0.08,23265.851,4,4,23265.849,0.0,0.0,0.0,0.002,290823.1375
1785665,IT,ZA,HEAVY,COLLE,0.04,23263.796,4,4,23263.794,0.0,0.0,0.0,0.002,581594.9
1709916,IT,LT,BASIC,FORES,0.03,23261.822,3,3,23261.822,0.0,0.0,0.0,0.0,775394.066667
1718019,IT,PL,CHEMI,CEMEN,0.06,23261.293,5,5,23260.291,0.0,0.0,1.0,0.002,387688.216667
1681499,IT,GR,BUSIN,MEATC,0.24,23261.125,4,4,23261.123,0.0,0.0,0.0,0.002,96921.354167
1656347,IT,DE,WOODW,MEATP,0.07,23260.532,4,4,23260.53,0.0,0.0,0.0,0.002,332293.314286
1752074,IT,CN,BUSIN,FISH5,0.24,23260.305,4,4,23260.303,0.0,0.0,0.0,0.002,96917.9375
1777947,IT,TR,MACHI,LEAD1,0.13,23260.074,4,4,23260.072,0.0,0.0,0.0,0.002,178923.646154
1685349,IT,HU,LEATH,CROPS,0.17,23259.292,4,4,23259.288,0.0,0.0,0.0,0.004,136819.364706
1750108,IT,CN,BASIC,RETA1,0.03,23258.163,3,3,23258.163,0.0,0.0,0.0,0.0,775272.1
1640987,IT,AT,WOODW,LANDT,0.07,23257.846,4,4,23257.844,0.0,0.0,0.0,0.002,332254.942857
1674572,IT,FR,RUBBE,ELEC1,0.08,23257.681,4,4,23257.679,0.0,0.0,0.0,0.002,290721.0125
1653730,IT,CZ,COPP1,NAPHT,0.06,23256.215,3,3,23256.215,0.0,0.0,0.0,0.0,387603.583333
1743519,IT,US,RETA1,HOTEL,0.24,23255.957,4,4,23255.955,0.0,0.0,0.0,0.002,96899.820833
1753548,IT,CA,MACHI,NAPHT,0.13,23255.194,4,4,23255.192,0.0,0.0,0.0,0.002,178886.107692
1659909,IT,DE,TRAN2,REFIN,0.04,23255.082,3,3,23255.082,0.0,0.0,0.0,0.0,581377.05
1749212,IT,CN,PAPER,FORES,0.09,23254.983,4,4,23254.981,0.0,0.0,0.0,0.002,258388.7
1809793,IT,WM,FOOD5,CHARC,0.11,23254.34,4,4,23254.338,0.0,0.0,0.0,0.002,211403.090909
1739140,IT,GB,RETA1,PIGS9,0.24,23252.744,4,4,23252.742,0.0,0.0,0.0,0.002,96886.433333
1649763,IT,BG,BASIC,SECO9,0.03,23249.964,3,3,23249.964,0.0,0.0,0.0,0.0,774998.8
1662119,IT,DK,RUBBE,RAWMI,0.08,23249.145,4,4,23249.143,0.0,0.0,0.0,0.002,290614.3125
1715299,IT,NL,PAPER,DISTR,0.09,23248.315,4,4,23248.313,0.0,0.0,0.0,0.002,258314.611111
1784800,IT,ID,HOTEL,FABRI,0.17,23245.845,4,4,23245.843,0.0,0.0,0.0,0.002,136740.264706
1687427,IT,HU,HOTEL,93197,0.17,23244.702,4,4,23244.7,0.0,0.0,0.0,0.002,136733.541176
1799461,IT,WE,PAPER,CHARC,0.09,23241.658,4,4,23241.656,0.0,0.0,0.0,0.002,258240.644444
1653000,IT,CZ,PLAST,BEVER,0.05,23241.657,4,4,23241.655,0.0,0.0,0.0,0.002,464833.14
1782948,IT,NO,AIRTR,FURNI,0.03,23241.512,3,3,23241.512,0.0,0.0,0.0,0.0,774717.066667
1681020,IT,GR,AIRTR,OFFIC,0.03,23241.408,3,3,23241.408,0.0,0.0,0.0,0.0,774713.6
1768455,IT,AU,DAIRY,RENTI,0.09,23241.321,4,4,23241.319,0.0,0.0,0.0,0.002,258236.9
1748101,IT,JP,BUSIN,FOODW,0.24,23240.308,4,4,23240.306,0.0,0.0,0.0,0.002,96834.616667
1771684,IT,CH,WEARI,INSUR,0.18,23236.464,4,4,23236.46,0.0,0.0,0.0,0.004,129091.466667
1673075,IT,FR,FOOD5,ELEC3,0.11,23236.384,4,4,23236.382,0.0,0.0,0.0,0.002,211239.854545
1653484,IT,CZ,BASIC,COKIN,0.03,23236.143,3,3,23236.143,0.0,0.0,0.0,0.0,774538.1
1681913,IT,HR,DAIRY,EDUCA,0.09,23235.607,4,4,23235.605,0.0,0.0,0.0,0.002,258173.411111
1786812,IT,ZA,HOTEL,SECO9,0.17,23235.549,4,4,23235.547,0.0,0.0,0.0,0.002,136679.7
1788118,IT,WA,WEARI,SANDC,0.18,23235.354,4,4,23235.35,0.0,0.0,0.0,0.004,129085.3
1710146,IT,LT,MACHI,PRINT,0.13,23233.772,4,4,23233.77,0.0,0.0,0.0,0.002,178721.323077
1671680,IT,FI,CONST,BUSIN,0.13,23232.382,3,3,23232.382,0.0,0.0,0.0,0.0,178710.630769
1668099,IT,ES,CONST,CEMEN,0.13,23232.009,3,3,23232.009,0.0,0.0,0.0,0.0,178707.761538
1679827,IT,GR,ALUM1,CHEM1,0.04,23231.586,4,4,23231.584,0.0,0.0,0.0,0.002,580789.65
1796010,IT,WL,MOTO1,TRAN2,0.12,23231.575,4,4,23231.573,0.0,0.0,0.0,0.002,193596.458333
1723560,IT,PT,FABRI,STONE,0.09,23231.4,4,4,23231.398,0.0,0.0,0.0,0.002,258126.666667
1673822,IT,FR,PRINT,PAPER,0.22,23230.926,4,4,23230.924,0.0,0.0,0.0,0.002,105595.118182
1732928,IT,SI,ALUM1,WEARI,0.04,23230.571,4,4,23230.569,0.0,0.0,0.0,0.002,580764.275
1788741,IT,WA,MOTOR,DISTR,0.03,23230.147,4,4,23230.145,0.0,0.0,0.0,0.002,774338.233333
1774428,IT,CH,RAILW,RETA1,0.16,23228.884,3,3,23228.884,0.0,0.0,0.0,0.0,145180.525
1649896,IT,BG,FABRI,LEADZ,0.09,23228.175,4,4,23228.173,0.0,0.0,0.0,0.002,258090.833333
1660688,IT,DE,RENTI,FOOD5,0.14,23227.09,3,3,23227.09,0.0,0.0,0.0,0.0,165907.785714
1648899,IT,BG,TEXTI,RENTI,0.14,23225.8,4,4,23225.797,0.0,0.0,0.0,0.003,165898.571429
1715829,IT,NL,RUBBE,ADDIT,0.08,23225.223,4,4,23225.221,0.0,0.0,0.0,0.002,290315.2875
1796913,IT,WL,AIRTR,CATTL,0.03,23225.187,3,3,23225.187,0.0,0.0,0.0,0.0,774172.9
1782675,IT,NO,WHOLE,GASDI,0.2,23223.793,3,3,23223.793,0.0,0.0,0.0,0.0,116118.965
1673052,IT,FR,FOOD5,HEAVY,0.11,23222.06,4,4,23222.058,0.0,0.0,0.0,0.002,211109.636364
1807968,IT,WF,PLAS1,ELEC2,0.08,23222.04,4,4,23222.038,0.0,0.0,0.0,0.002,290275.5
1679555,IT,GR,RUBBE,PRINT,0.08,23221.639,4,4,23221.637,0.0,0.0,0.0,0.002,290270.4875
1740197,IT,GB,BUSIN,WEARI,0.24,23221.566,4,4,23221.564,0.0,0.0,0.0,0.002,96756.525
1665650,IT,ES,WOODW,RAILW,0.06,23220.826,4,4,23220.824,0.0,0.0,0.0,0.002,387013.766667
1781755,IT,NO,PAPER,RESEA,0.09,23219.984,4,4,23219.982,0.0,0.0,0.0,0.002,257999.822222
1721419,IT,PL,AIRTR,CROPS,0.03,23219.361,3,3,23219.361,0.0,0.0,0.0,0.0,773978.7
1804144,IT,WF,PAPER,BASIC,0.09,23216.002,4,4,23216.0,0.0,0.0,0.0,0.002,257955.577778
1713215,IT,MT,WOODW,PLAST,0.06,23215.816,4,4,23215.814,0.0,0.0,0.0,0.002,386930.266667
1661757,IT,DK,LEATH,FABRI,0.17,23215.211,4,4,23215.207,0.0,0.0,0.0,0.004,136560.064706
1793983,IT,WL,WOODW,CHARC,0.06,23213.637,4,4,23213.635,0.0,0.0,0.0,0.002,386893.95
1813110,IT,WM,MOTO1,NONFE,0.12,23213.024,4,4,23213.022,0.0,0.0,0.0,0.002,193441.866667
1807151,IT,WF,AIRTR,PAPER,0.03,23213.003,3,3,23213.003,0.0,0.0,0.0,0.0,773766.766667
1659663,IT,DE,HOTEL,PLAS1,0.17,23212.376,4,4,23212.374,0.0,0.0,0.0,0.002,136543.388235
1811153,IT,WM,NAPHT,LUBRI,0.04,23212.179,4,4,23212.177,0.0,0.0,0.0,0.002,580304.475
1661427,IT,DK,DAIRY,CATTL,0.09,23211.753,4,4,23211.751,0.0,0.0,0.0,0.002,257908.366667
1790491,IT,WA,COPP1,CEMEN,0.06,23211.579,3,3,23211.579,0.0,0.0,0.0,0.0,386859.65
1728786,IT,SE,HEAVY,BASIC,0.04,23210.743,4,4,23210.741,0.0,0.0,0.0,0.002,580268.575
1714688,IT,NL,VEGE1,KEROS,0.07,23210.211,4,4,23210.206,0.0,0.0,0.0,0.005,331574.442857
1763843,IT,MX,NONME,WEARI,0.05,23209.704,4,4,23209.701,0.0,0.0,0.0,0.003,464194.08
1726928,IT,RO,HOTEL,LEADZ,0.17,23208.489,4,4,23208.487,0.0,0.0,0.0,0.002,136520.523529
1679235,IT,GR,KEROS,CHEM1,0.03,23208.439,4,4,23208.437,0.0,0.0,0.0,0.002,773614.633333
1641573,IT,AT,HEAVY,PLAS1,0.04,23207.648,4,4,23207.646,0.0,0.0,0.0,0.002,580191.2
1792521,IT,WA,REALE,CONST,0.98,23207.425,4,4,23207.423,0.0,0.0,0.0,0.002,23681.045918
1770997,IT,CH,OILSE,VEGE1,0.02,23204.466,3,3,23204.466,0.0,0.0,0.0,0.0,1160223.3
1792743,IT,WA,BUSIN,CHARC,0.24,23203.76,4,4,23203.758,0.0,0.0,0.0,0.002,96682.333333
1757607,IT,BR,GASDI,FURNI,0.03,23200.934,4,4,23200.932,0.0,0.0,0.0,0.002,773364.466667
1781355,IT,NO,DAIRY,RUBBE,0.09,23199.648,4,4,23199.646,0.0,0.0,0.0,0.002,257773.866667
1784855,IT,ID,SEACO,HOTEL,0.02,23198.714,3,3,23198.714,0.0,0.0,0.0,0.0,1159935.7
1784551,IT,ID,MACHI,SUGAR,0.13,23198.189,4,4,23198.187,0.0,0.0,0.0,0.002,178447.607692
1799252,IT,WE,LEATH,CHEM1,0.17,23198.075,4,4,23198.071,0.0,0.0,0.0,0.004,136459.264706
1724545,IT,PT,POSTT,RETA1,0.38,23197.706,4,4,23197.704,0.0,0.0,0.0,0.002,61046.594737
1805430,IT,WF,GLASS,NATU1,0.06,23197.489,3,3,23197.489,0.0,0.0,0.0,0.0,386624.816667
1663335,IT,DK,AIRTR,HEALT,0.03,23196.563,3,3,23196.563,0.0,0.0,0.0,0.0,773218.766667
1656615,IT,DE,PRINT,ELEC5,0.22,23196.335,4,4,23196.333,0.0,0.0,0.0,0.002,105437.886364
1647585,IT,BE,POSTT,PRINT,0.38,23196.319,4,4,23196.317,0.0,0.0,0.0,0.002,61042.944737
1807586,IT,WF,COMPU,SUPPO,0.26,23195.117,3,3,23195.117,0.0,0.0,0.0,0.0,89211.988462
1770811,IT,AU,COMPU,FINAN,0.26,23194.045,3,3,23194.045,0.0,0.0,0.0,0.0,89207.865385
1755365,IT,KR,PRINT,RECRE,0.22,23193.604,4,4,23193.602,0.0,0.0,0.0,0.002,105425.472727
1742199,IT,US,GLASS,LANDT,0.06,23193.563,3,3,23193.563,0.0,0.0,0.0,0.0,386559.383333
1767785,IT,RU,INSUR,ELEC4,0.48,23190.385,3,3,23190.385,0.0,0.0,0.0,0.0,48313.302083
1687653,IT,HU,AIRTR,BIODI,0.03,23190.269,3,3,23190.269,0.0,0.0,0.0,0.0,773008.966667
1655725,IT,DE,MEATC,VEGE1,0.08,23187.605,3,3,23187.605,0.0,0.0,0.0,0.0,289845.0625
1776443,IT,TR,MOTOR,NONFE,0.03,23186.608,4,4,23186.606,0.0,0.0,0.0,0.002,772886.933333
1641980,IT,AT,RUBBE,BRICK,0.08,23185.673,4,4,23185.671,0.0,0.0,0.0,0.002,289820.9125
1800699,IT,WE,CEMEN,NATUR,0.04,23185.584,3,3,23185.584,0.0,0.0,0.0,0.0,579639.6
1683630,IT,HR,FABRI,PULP5,0.09,23184.718,4,4,23184.716,0.0,0.0,0.0,0.002,257607.977778
1741675,IT,US,HEAVY,RADIO,0.04,23184.38,4,4,23184.378,0.0,0.0,0.0,0.002,579609.5
1732994,IT,SI,LEAD1,LEATH,0.04,23183.638,4,4,23183.636,0.0,0.0,0.0,0.002,579590.95
1770275,IT,AU,HOTEL,FOUND,0.17,23183.133,4,4,23183.131,0.0,0.0,0.0,0.002,136371.370588
1721348,IT,PL,TRAN2,RETA1,0.04,23182.252,3,3,23182.252,0.0,0.0,0.0,0.0,579556.3
1642645,IT,AT,FABRI,SECO9,0.09,23181.841,4,4,23181.839,0.0,0.0,0.0,0.002,257576.011111
1779908,IT,TW,CONST,BEVER,0.13,23180.167,3,3,23180.167,0.0,0.0,0.0,0.0,178308.976923
1688884,IT,IE,ALUM1,TRANS,0.04,23179.388,4,4,23179.386,0.0,0.0,0.0,0.002,579484.7
1711639,IT,LU,RENTI,LANDT,0.14,23179.087,3,3,23179.087,0.0,0.0,0.0,0.0,165564.907143
1687534,IT,HU,LANDT,BRICK,0.15,23178.824,3,3,23178.824,0.0,0.0,0.0,0.0,154525.493333
1749453,IT,CN,HEAVY,PLAST,0.04,23178.171,4,4,23178.169,0.0,0.0,0.0,0.002,579454.275
1656152,IT,DE,TEXTI,CEREA,0.14,23173.35,4,4,23173.347,0.0,0.0,0.0,0.003,165523.928571
1664403,IT,EE,MACHI,HEAVY,0.13,23173.147,4,4,23173.145,0.0,0.0,0.0,0.002,178254.976923
1715511,IT,NL,GASDI,FOOD5,0.03,23172.862,4,4,23172.86,0.0,0.0,0.0,0.002,772428.733333
1680247,IT,GR,TRANS,AIRTR,0.14,23172.487,3,3,23172.487,0.0,0.0,0.0,0.0,165517.764286
1651856,IT,CY,AIRTR,CONST,0.03,23172.382,3,3,23172.382,0.0,0.0,0.0,0.0,772412.733333
1770491,IT,AU,AIRTR,RADIO,0.03,23172.096,3,3,23172.096,0.0,0.0,0.0,0.0,772403.2
1684547,IT,HR,BUSIN,MACHI,0.24,23171.689,4,4,23171.687,0.0,0.0,0.0,0.002,96548.704167
1752459,IT,CA,DAIRY,ELECT,0.09,23168.917,4,4,23168.915,0.0,0.0,0.0,0.002,257432.411111
1716254,IT,NL,COPP1,RADIO,0.06,23168.483,3,3,23168.483,0.0,0.0,0.0,0.0,386141.383333
1741534,IT,US,KERO1,ELE11,0.03,23167.497,4,4,23167.495,0.0,0.0,0.0,0.002,772249.9
1808257,IT,WF,FOOD2,PRECI,0.13,23166.802,4,4,23166.8,0.0,0.0,0.0,0.002,178206.169231
1673575,IT,FR,WOODW,STONE,0.06,23166.426,4,4,23166.424,0.0,0.0,0.0,0.002,386107.1
1651750,IT,CY,MACHI,RETA1,0.13,23166.31,4,4,23166.308,0.0,0.0,0.0,0.002,178202.384615
1725985,IT,RO,CHEM1,ADDIT,0.05,23165.73,4,4,23165.727,0.0,0.0,0.0,0.003,463314.6
1729363,IT,SE,BASIC,FOOD5,0.03,23164.745,3,3,23164.745,0.0,0.0,0.0,0.0,772158.166667
1646638,IT,BE,TRANS,SUPPO,0.14,23163.919,3,3,23163.919,0.0,0.0,0.0,0.0,165456.564286
1662991,IT,DK,HOTEL,TOBAC,0.17,23162.275,4,4,23162.273,0.0,0.0,0.0,0.002,136248.676471
1763529,IT,MX,CHEM1,SUGA1,0.05,23161.758,4,4,23161.755,0.0,0.0,0.0,0.003,463235.16
1666369,IT,ES,NAPHT,TEXTI,0.04,23161.394,4,4,23161.392,0.0,0.0,0.0,0.002,579034.85
1688209,IT,HU,HEALT,CONST,0.12,23160.403,3,3,23160.403,0.0,0.0,0.0,0.0,193003.358333
1655085,IT,CZ,COMPU,RETA1,0.26,23160.121,3,3,23160.121,0.0,0.0,0.0,0.0,89077.388462
1640182,IT,AT,VEGET,HEALT,0.08,23159.572,3,3,23159.572,0.0,0.0,0.0,0.0,289494.65
1666481,IT,ES,PLAST,LUBRI,0.05,23156.795,4,4,23156.793,0.0,0.0,0.0,0.002,463135.9
1656628,IT,DE,PRINT,RAILW,0.22,23155.776,4,4,23155.774,0.0,0.0,0.0,0.002,105253.527273
1744319,IT,US,FINAN,OFFIC,0.3,23153.519,3,3,23153.519,0.0,0.0,0.0,0.0,77178.396667
1640267,IT,AT,STONE,ELEC2,0.07,23153.242,4,4,23152.242,0.0,0.0,1.0,0.0,330760.6
1779596,IT,TR,COMPU,RETAI,0.26,23153.019,3,3,23153.019,0.0,0.0,0.0,0.0,89050.073077
1812619,IT,WM,LEAD1,PUBLI,0.04,23152.258,4,4,23152.256,0.0,0.0,0.0,0.002,578806.45
1658717,IT,DE,OFFIC,ELEC5,0.07,23151.226,4,4,23151.224,0.0,0.0,0.0,0.002,330731.8
1763918,IT,MX,BASIC,KEROS,0.03,23148.679,3,3,23148.679,0.0,0.0,0.0,0.0,771622.633333
1679639,IT,GR,GLASS,CHEM1,0.06,23148.244,3,3,23148.244,0.0,0.0,0.0,0.0,385804.066667
1747508,IT,JP,SEACO,AIRTR,0.02,23148.19,3,3,23148.19,0.0,0.0,0.0,0.0,1157409.5
1761933,IT,IN,FURNI,ALUM1,0.07,23148.177,4,4,23148.175,0.0,0.0,0.0,0.002,330688.242857
1805516,IT,WF,CERAM,FURNI,0.04,23147.691,3,3,23147.691,0.0,0.0,0.0,0.0,578692.275
1656375,IT,DE,WOODW,BRICK,0.06,23146.077,4,4,23146.075,0.0,0.0,0.0,0.002,385767.95
1719393,IT,PL,RUBBE,HEAVY,0.08,23145.09,4,4,23145.088,0.0,0.0,0.0,0.002,289313.625
1782621,IT,NO,FURNI,RESEA,0.07,23144.362,4,4,23144.36,0.0,0.0,0.0,0.002,330633.742857
1778280,IT,TR,SALEM,FOOD5,0.19,23143.384,3,3,23143.384,0.0,0.0,0.0,0.0,121807.284211
1786154,IT,ZA,BASIC,COLLE,0.03,23143.211,3,3,23143.211,0.0,0.0,0.0,0.0,771440.366667
1679507,IT,GR,CHEM1,AIRTR,0.05,23142.309,4,4,23142.306,0.0,0.0,0.0,0.003,462846.18
1747400,IT,JP,RAILW,BASIC,0.15,23141.707,3,3,23141.707,0.0,0.0,0.0,0.0,154278.046667
1739256,IT,GB,HOTEL,NATUR,0.17,23141.157,4,4,23141.155,0.0,0.0,0.0,0.002,136124.452941
1722581,IT,PT,FISH5,CHEM1,0.1,23140.62,4,4,23140.608,0.0,0.0,0.0,0.012,231406.2
1775701,IT,TR,CROPS,RUBBE,0.18,23140.612,3,3,23140.612,0.0,0.0,0.0,0.0,128558.955556
1746739,IT,JP,FABRI,RENTI,0.09,23140.263,4,4,23140.261,0.0,0.0,0.0,0.002,257114.033333
1665451,IT,ES,WEARI,FISHF,0.17,23139.71,4,4,23139.706,0.0,0.0,0.0,0.004,136115.941176
1652093,IT,CZ,SANDC,FABRI,0.05,23139.258,4,4,23134.258,0.0,0.0,5.0,0.0,462785.16
1758897,IT,BR,HOTEL,RAILW,0.17,23138.747,4,4,23138.745,0.0,0.0,0.0,0.002,136110.276471
1655704,IT,DE,CHEMI,HOTEL,0.06,23138.486,5,5,23137.484,0.0,0.0,1.0,0.002,385641.433333
1682809,IT,HR,HEAVY,MOTO1,0.04,23138.393,4,4,23138.391,0.0,0.0,0.0,0.002,578459.825
1683298,IT,HR,CEMEN,SALEM,0.04,23138.102,3,3,23138.102,0.0,0.0,0.0,0.0,578452.55
1738458,IT,GB,COPP1,CRUDE,0.06,23137.743,3,3,23137.743,0.0,0.0,0.0,0.0,385629.05
1760403,IT,IN,DAIRY,BUSIN,0.09,23134.462,4,4,23134.46,0.0,0.0,0.0,0.002,257049.577778
1739981,IT,GB,AUXIL,RENTI,0.42,23134.15,3,3,23134.15,0.0,0.0,0.0,0.0,55081.309524
1683011,IT,HR,CHEM1,BASIC,0.05,23131.716,4,4,23131.713,0.0,0.0,0.0,0.003,462634.32
1754352,IT,CA,INSUR,RETA1,0.48,23131.13,3,3,23131.13,0.0,0.0,0.0,0.0,48189.854167
1813640,IT,WM,RETA1,FISH5,0.24,23130.745,4,4,23130.743,0.0,0.0,0.0,0.002,96378.104167
1785197,IT,ZA,BEVER,FOOD5,0.1,23129.269,3,3,23129.269,0.0,0.0,0.0,0.0,231292.69
1664283,IT,EE,BASIC,WASTE,0.03,23128.612,3,3,23128.612,0.0,0.0,0.0,0.0,770953.733333
1690003,IT,IE,REALE,RETA1,0.98,23128.451,4,4,23128.449,0.0,0.0,0.0,0.002,23600.460204
1766027,IT,RU,CHEM1,ELEC6,0.05,23127.508,4,4,23127.505,0.0,0.0,0.0,0.003,462550.16
1731095,IT,SI,FORES,FORES,0.2,23127.058,4,4,23118.058,0.0,9.0,0.0,0.0,115635.29
1746006,IT,JP,PAPER,CHEM1,0.09,23126.91,4,4,23126.908,0.0,0.0,0.0,0.002,256965.666667
1681879,IT,HR,DAIRY,ANIMA,0.09,23126.448,4,4,23126.446,0.0,0.0,0.0,0.002,256960.533333
1676960,IT,FR,AIRTR,NONME,0.03,23125.13,3,3,23125.13,0.0,0.0,0.0,0.0,770837.666667
1730823,IT,SE,BUSIN,AUXIL,0.24,23124.025,4,4,23124.023,0.0,0.0,0.0,0.002,96350.104167
1813442,IT,WM,CONST,DISTR,0.13,23123.938,3,3,23123.938,0.0,0.0,0.0,0.0,177876.446154
1643185,IT,AT,HOTEL,NONFE,0.17,23123.025,4,4,23123.023,0.0,0.0,0.0,0.002,136017.794118
1790836,IT,WA,MACHI,BIOG1,0.13,23122.381,4,4,23122.379,0.0,0.0,0.0,0.002,177864.469231
1805999,IT,WF,COPP1,LIQUE,0.06,23121.398,3,3,23121.398,0.0,0.0,0.0,0.0,385356.633333
1789292,IT,WA,PFERT,VEGE1,0.01,23120.912,4,4,23120.908,0.0,0.0,0.0,0.004,2312091.2
1670916,IT,FI,CHEM1,FISH5,0.05,23120.459,4,4,23120.456,0.0,0.0,0.0,0.003,462409.18
1658219,IT,DE,LEAD1,ELEC3,0.04,23119.38,4,4,23119.378,0.0,0.0,0.0,0.002,577984.5
1771143,IT,CH,MEATC,FOODW,0.08,23118.923,3,3,23118.923,0.0,0.0,0.0,0.0,288986.5375
1750711,IT,CN,MOTO1,SEACO,0.12,23118.77,4,4,23118.768,0.0,0.0,0.0,0.002,192656.416667
1760136,IT,BR,FOOD3,GLASS,0.07,23117.847,3,3,23117.847,0.0,0.0,0.0,0.0,330254.957143
1729609,IT,SE,FABRI,RAWMI,0.09,23117.449,4,4,23117.447,0.0,0.0,0.0,0.002,256860.544444
1715373,IT,NL,PRINT,DISTR,0.22,23116.231,4,4,23116.229,0.0,0.0,0.0,0.002,105073.777273
1672005,IT,FI,TRAN2,MOTOR,0.04,23115.79,3,3,23115.79,0.0,0.0,0.0,0.0,577894.75
1762493,IT,IN,INSUR,CRUDE,0.48,23115.304,3,3,23115.304,0.0,0.0,0.0,0.0,48156.883333
1721344,IT,PL,TRAN2,MOTO1,0.04,23115.064,3,3,23115.064,0.0,0.0,0.0,0.0,577876.6
1761492,IT,IN,ALUM1,WOODW,0.04,23112.874,4,4,23112.872,0.0,0.0,0.0,0.002,577821.85
1794695,IT,WL,NAPHT,MEDIC,0.04,23112.732,4,4,23112.73,0.0,0.0,0.0,0.002,577818.3
1770459,IT,AU,AIRTR,RAWMI,0.03,23112.407,3,3,23112.407,0.0,0.0,0.0,0.0,770413.566667
1743897,IT,US,SEACO,OFFIC,0.02,23111.681,3,3,23111.681,0.0,0.0,0.0,0.0,1155584.05
1771452,IT,CH,BEVER,WOODW,0.1,23111.349,3,3,23111.349,0.0,0.0,0.0,0.0,231113.49
1797683,IT,WL,PLAS1,DAIRY,0.08,23110.757,4,4,23110.755,0.0,0.0,0.0,0.002,288884.4625
1672682,IT,FR,STONE,CEMEN,0.07,23110.245,4,4,23109.245,0.0,0.0,1.0,0.0,330146.357143
1645533,IT,BE,PLAST,RAILW,0.05,23109.544,4,4,23109.542,0.0,0.0,0.0,0.002,462190.88
1673135,IT,FR,BEVER,MEATC,0.1,23108.848,3,3,23108.848,0.0,0.0,0.0,0.0,231088.48
1730685,IT,SE,COMPU,PRINT,0.26,23107.965,3,3,23107.965,0.0,0.0,0.0,0.0,88876.788462
1763798,IT,MX,CERAM,PREC1,0.04,23107.2,3,3,23107.2,0.0,0.0,0.0,0.0,577680.0
1673979,IT,FR,KEROS,BITU1,0.03,23104.693,4,4,23104.691,0.0,0.0,0.0,0.002,770156.433333
1766229,IT,RU,GLASS,STEAM,0.06,23104.535,3,3,23104.535,0.0,0.0,0.0,0.0,385075.583333
1781059,IT,TW,PUBLI,WOODW,0.38,23104.3,4,4,23104.298,0.0,0.0,0.0,0.002,60800.789474
1731249,IT,SI,MEATP,FISH5,0.09,23101.199,4,4,23101.197,0.0,0.0,0.0,0.002,256679.988889
1656810,IT,DE,GASDI,CEMEN,0.03,23099.776,4,4,23099.774,0.0,0.0,0.0,0.002,769992.533333
1687451,IT,HU,RAILW,BASIC,0.15,23096.776,3,3,23096.776,0.0,0.0,0.0,0.0,153978.506667
1800127,IT,WE,NAPHT,RADIO,0.04,23096.586,4,4,23096.584,0.0,0.0,0.0,0.002,577414.65
1688425,IT,IE,BEVER,SUPPO,0.1,23095.839,3,3,23095.839,0.0,0.0,0.0,0.0,230958.39
1771264,IT,CH,VEGE1,RENTI,0.07,23095.27,4,4,23095.265,0.0,0.0,0.0,0.005,329932.428571
1684180,IT,HR,LANDT,STEAM,0.15,23094.976,3,3,23094.976,0.0,0.0,0.0,0.0,153966.506667
1684554,IT,HR,BUSIN,FURNI,0.24,23094.881,4,4,23094.879,0.0,0.0,0.0,0.002,96228.670833
1665793,IT,ES,PAPER,PLAS1,0.09,23094.812,4,4,23094.81,0.0,0.0,0.0,0.002,256609.022222
1801363,IT,WE,MACHI,BLAST,0.13,23093.522,4,4,23093.52,0.0,0.0,0.0,0.002,177642.476923
1766538,IT,RU,COPP1,CEMEN,0.06,23091.151,3,3,23091.151,0.0,0.0,0.0,0.0,384852.516667
1711535,IT,LU,POSTT,SUPPO,0.38,23090.905,4,4,23090.903,0.0,0.0,0.0,0.002,60765.539474
1731990,IT,SI,KEROS,STONE,0.03,23088.833,4,4,23088.831,0.0,0.0,0.0,0.002,769627.766667
1802267,IT,WE,LANDT,PFERT,0.15,23088.777,3,3,23088.777,0.0,0.0,0.0,0.0,153925.18
1737032,IT,GB,STONE,WHOLE,0.07,23088.217,4,4,23087.217,0.0,0.0,1.0,0.0,329831.671429
1731706,IT,SI,WOODW,EDUCA,0.06,23087.466,4,4,23087.464,0.0,0.0,0.0,0.002,384791.1
1755911,IT,KR,BASIC,FOUND,0.03,23087.136,3,3,23087.136,0.0,0.0,0.0,0.0,769571.2
1649931,IT,BG,FABRI,GLASS,0.09,23084.634,4,4,23084.632,0.0,0.0,0.0,0.002,256495.933333
1667047,IT,ES,NONME,LIQUE,0.05,23084.139,4,4,23084.136,0.0,0.0,0.0,0.003,461682.78
1672869,IT,FR,VEGE1,GASDI,0.07,23083.953,4,4,23083.948,0.0,0.0,0.0,0.005,329770.757143
1812392,IT,WM,BASIC,INERT,0.03,23083.685,3,3,23083.685,0.0,0.0,0.0,0.0,769456.166667
1783673,IT,NO,WASTE,SALEM,0.07,23083.303,3,3,23083.303,0.0,0.0,0.0,0.0,329761.471429
1803283,IT,WF,FISHF,CATTL,0.04,23082.312,3,3,23082.312,0.0,0.0,0.0,0.0,577057.8
1650615,IT,BG,ELE11,WOODW,0.34,23082.126,4,4,23082.114,0.0,0.0,0.0,0.012,67888.605882
1650956,IT,BG,SUPPO,WHEAT,0.17,23081.719,3,3,23081.719,0.0,0.0,0.0,0.0,135774.817647
1804786,IT,WF,NAPHT,BITU1,0.04,23080.991,4,4,23080.989,0.0,0.0,0.0,0.002,577024.775
1776358,IT,TR,PAPER,MEMBE,0.09,23079.781,4,4,23079.779,0.0,0.0,0.0,0.002,256442.011111
1733841,IT,SI,TRAN2,BIOG1,0.04,23078.733,3,3,23078.733,0.0,0.0,0.0,0.0,576968.325
1653365,IT,CZ,GLASS,RAILW,0.06,23077.65,3,3,23077.65,0.0,0.0,0.0,0.0,384627.5
1775700,IT,TR,CROPS,CHEM1,0.18,23077.579,3,3,23077.579,0.0,0.0,0.0,0.0,128208.772222
1688986,IT,IE,MACHI,CHEM1,0.13,23077.381,4,4,23077.379,0.0,0.0,0.0,0.002,177518.315385
1786612,IT,ZA,SALEM,PUBLI,0.19,23077.008,3,3,23077.008,0.0,0.0,0.0,0.0,121457.936842
1719044,IT,PL,HEAVY,WHOLE,0.04,23076.904,4,4,23076.902,0.0,0.0,0.0,0.002,576922.6
1667218,IT,ES,PREC1,CEMEN,0.04,23075.661,3,3,23075.661,0.0,0.0,0.0,0.0,576891.525
1738293,IT,GB,BASIC,NATU1,0.03,23073.81,3,3,23073.81,0.0,0.0,0.0,0.0,769127.0
1778638,IT,TR,HOTEL,NONME,0.17,23073.093,4,4,23073.091,0.0,0.0,0.0,0.002,135724.076471
1796628,IT,WL,HOTEL,LEAD1,0.17,23072.36,4,4,23072.358,0.0,0.0,0.0,0.002,135719.764706
1729709,IT,SE,MACHI,POULT,0.13,23071.437,4,4,23071.435,0.0,0.0,0.0,0.002,177472.592308
1713988,IT,MT,WHOLE,TRANS,0.2,23070.878,3,3,23070.878,0.0,0.0,0.0,0.0,115354.39
1649798,IT,BG,PREC1,RUBBE,0.04,23070.655,3,3,23070.655,0.0,0.0,0.0,0.0,576766.375
1646773,IT,BE,CONST,RESEA,0.13,23070.495,3,3,23070.495,0.0,0.0,0.0,0.0,177465.346154
1668755,IT,ES,LANDT,ELEC1,0.15,23070.461,3,3,23070.461,0.0,0.0,0.0,0.0,153803.073333
1768112,IT,RU,BUSIN,EDUCA,0.24,23070.306,4,4,23070.304,0.0,0.0,0.0,0.002,96126.275
1680149,IT,GR,MOTO1,FOOD5,0.12,23070.075,4,4,23070.073,0.0,0.0,0.0,0.002,192250.625
1643490,IT,AT,LANDT,EDUCA,0.15,23069.064,3,3,23069.064,0.0,0.0,0.0,0.0,153793.76
1791379,IT,WA,SALEM,HEALT,0.19,23067.407,3,3,23067.407,0.0,0.0,0.0,0.0,121407.405263
1765931,IT,RU,PLAST,SUPPO,0.05,23066.233,4,4,23066.231,0.0,0.0,0.0,0.002,461324.66
1759092,IT,BR,AIRTR,PROCE,0.03,23064.503,3,3,23064.503,0.0,0.0,0.0,0.0,768816.766667
1785879,IT,ZA,ADDIT,RUBBE,0.05,23064.375,4,4,23064.373,0.0,0.0,0.0,0.002,461287.5
1744571,IT,US,REALE,HEALT,0.97,23063.75,4,4,23063.748,0.0,0.0,0.0,0.002,23777.061856
1746118,IT,JP,MOTOR,LANDT,0.03,23063.736,4,4,23063.734,0.0,0.0,0.0,0.002,768791.2
1643456,IT,AT,LANDT,SECO9,0.15,23062.77,3,3,23062.77,0.0,0.0,0.0,0.0,153751.8
1686575,IT,HU,ALUM1,ELEC1,0.04,23062.319,4,4,23062.317,0.0,0.0,0.0,0.002,576557.975
1710875,IT,LU,PRINT,RECRE,0.22,23062.018,4,4,23062.016,0.0,0.0,0.0,0.002,104827.354545
1798411,IT,WE,NATUR,COKIN,0.03,23060.635,4,4,23060.633,0.0,0.0,0.0,0.002,768687.833333
1783474,IT,NO,WOOD1,ALUM1,0.16,23059.193,3,3,23059.193,0.0,0.0,0.0,0.0,144119.95625
1745276,IT,JP,MEATP,RETA1,0.09,23059.042,4,4,23059.04,0.0,0.0,0.0,0.002,256211.577778
1799307,IT,WE,WOODW,CROPS,0.06,23058.955,4,4,23058.953,0.0,0.0,0.0,0.002,384315.916667
1774396,IT,CH,HOTEL,FOOD4,0.17,23058.669,4,4,23058.667,0.0,0.0,0.0,0.002,135639.229412
1652281,IT,CZ,BEVER,MEATC,0.1,23058.454,3,3,23058.454,0.0,0.0,0.0,0.0,230584.54
1654056,IT,CZ,MACHI,PAPE1,0.13,23057.856,4,4,23057.854,0.0,0.0,0.0,0.002,177368.123077
1782893,IT,NO,SEACO,COPP1,0.02,23057.698,3,3,23057.698,0.0,0.0,0.0,0.0,1152884.9
1661463,IT,DK,DAIRY,RECRE,0.09,23057.354,4,4,23057.352,0.0,0.0,0.0,0.002,256192.822222
1774701,IT,CH,SUPPO,TEXTI,0.17,23057.044,3,3,23057.044,0.0,0.0,0.0,0.0,135629.670588
1808809,IT,WF,WOOD2,SUPPO,0.13,23056.858,3,3,23056.858,0.0,0.0,0.0,0.0,177360.446154
1752845,IT,CA,PAPER,RECRE,0.09,23056.546,4,4,23056.544,0.0,0.0,0.0,0.002,256183.844444
1772715,IT,CH,CERAM,EDUCA,0.04,23055.839,3,3,23055.839,0.0,0.0,0.0,0.0,576395.975
1666506,IT,ES,PLAST,ELEC2,0.05,23052.628,4,4,23052.626,0.0,0.0,0.0,0.002,461052.56
1797394,IT,WL,COMPU,PRINT,0.26,23052.553,3,3,23052.553,0.0,0.0,0.0,0.0,88663.665385
1757352,IT,BR,TEXTI,BUSIN,0.14,23051.932,4,4,23051.929,0.0,0.0,0.0,0.003,164656.657143
1725651,IT,RO,PAPER,FORES,0.09,23051.004,4,4,23051.002,0.0,0.0,0.0,0.002,256122.266667
1745395,IT,JP,VEGE1,AUXIL,0.07,23050.986,4,4,23050.981,0.0,0.0,0.0,0.005,329299.8
1647978,IT,BE,RENTI,SUPPO,0.14,23049.414,3,3,23049.414,0.0,0.0,0.0,0.0,164638.671429
1739856,IT,GB,FINAN,CEMEN,0.3,23049.206,3,3,23049.206,0.0,0.0,0.0,0.0,76830.686667
1710537,IT,LT,SUPPO,HOTEL,0.17,23048.785,3,3,23048.785,0.0,0.0,0.0,0.0,135581.088235
1722931,IT,PT,GASDI,OFFIC,0.03,23047.354,4,4,23047.352,0.0,0.0,0.0,0.002,768245.133333
1741229,IT,US,WOODW,SALEM,0.06,23047.031,4,4,23047.029,0.0,0.0,0.0,0.002,384117.183333
1802387,IT,WE,SEACO,INSUR,0.02,23046.795,3,3,23046.795,0.0,0.0,0.0,0.0,1152339.75
1767736,IT,RU,FINAN,INSUR,0.3,23043.419,3,3,23043.419,0.0,0.0,0.0,0.0,76811.396667
1719940,IT,PL,PREC1,SECO9,0.04,23043.099,3,3,23043.099,0.0,0.0,0.0,0.0,576077.475
1672883,IT,FR,VEGE1,RADIO,0.07,23042.769,4,4,23042.764,0.0,0.0,0.0,0.005,329182.414286
1807640,IT,WF,RESEA,CONST,0.12,23041.661,4,4,23041.659,0.0,0.0,0.0,0.002,192013.841667
1676154,IT,FR,CONST,SANDC,0.13,23040.383,3,3,23040.383,0.0,0.0,0.0,0.0,177233.715385
1773056,IT,CH,ALUM1,DIST1,0.04,23040.033,4,4,23040.031,0.0,0.0,0.0,0.002,576000.825
1777399,IT,TR,CERAM,RESEA,0.04,23039.704,3,3,23039.704,0.0,0.0,0.0,0.0,575992.6
1752882,IT,CA,KEROS,KEROS,0.03,23038.985,4,4,23038.983,0.0,0.0,0.0,0.002,767966.166667
1752111,IT,CN,BUSIN,NONF1,0.24,23038.441,4,4,23038.439,0.0,0.0,0.0,0.002,95993.504167
1679940,IT,GR,FABRI,HEAVY,0.09,23038.434,4,4,23038.432,0.0,0.0,0.0,0.002,255982.6
1651490,IT,CY,HEAVY,COPP1,0.04,23038.067,4,4,23038.065,0.0,0.0,0.0,0.002,575951.675
1752791,IT,CA,WOODW,EDUCA,0.06,23037.864,4,4,23037.862,0.0,0.0,0.0,0.002,383964.4
1726330,IT,RO,ALUM1,WEARI,0.04,23037.815,4,4,23037.813,0.0,0.0,0.0,0.002,575945.375
1807597,IT,WF,COMPU,HEALT,0.26,23037.398,3,3,23037.398,0.0,0.0,0.0,0.0,88605.376923
1723178,IT,PT,RUBBE,PULP5,0.08,23036.827,4,4,23036.825,0.0,0.0,0.0,0.002,287960.3375
1787127,IT,ZA,BUSIN,COMPU,0.24,23036.387,4,4,23036.385,0.0,0.0,0.0,0.002,95984.945833
1754306,IT,CA,INSUR,HYDRO,0.47,23034.37,3,3,23034.37,0.0,0.0,0.0,0.0,49009.297872
1747485,IT,JP,SEACO,NONF1,0.02,23033.736,3,3,23033.736,0.0,0.0,0.0,0.0,1151686.8
1733199,IT,SI,MACHI,LEATH,0.13,23033.134,4,4,23033.132,0.0,0.0,0.0,0.002,177177.953846
1761383,IT,IN,NONME,WEARI,0.05,23032.664,4,4,23032.661,0.0,0.0,0.0,0.003,460653.28
1812611,IT,WM,LEAD1,POSTT,0.04,23032.159,4,4,23032.157,0.0,0.0,0.0,0.002,575803.975
1802759,IT,WE,RESEA,HEALT,0.12,23031.854,4,4,23031.852,0.0,0.0,0.0,0.002,191932.116667
1666418,IT,ES,BITU1,REFI1,0.04,23030.788,4,4,23030.786,0.0,0.0,0.0,0.002,575769.7
1729032,IT,SE,RUBBE,FISH5,0.08,23030.102,4,4,23030.1,0.0,0.0,0.0,0.002,287876.275
1653552,IT,CZ,BASIC,BIOG1,0.03,23028.464,3,3,23028.464,0.0,0.0,0.0,0.0,767615.466667
1668841,IT,ES,TRAN2,LANDT,0.04,23028.325,3,3,23028.325,0.0,0.0,0.0,0.0,575708.125
1745234,IT,JP,STONE,SUPPO,0.07,23027.799,4,4,23026.799,0.0,0.0,1.0,0.0,328968.557143
1725870,IT,RO,HEAVY,MEAT4,0.04,23027.491,4,4,23027.489,0.0,0.0,0.0,0.002,575687.275
1651663,IT,CY,BASIC,RESEA,0.03,23026.842,3,3,23026.842,0.0,0.0,0.0,0.0,767561.4
1667001,IT,ES,CEMEN,FABRI,0.04,23025.099,3,3,23025.099,0.0,0.0,0.0,0.0,575627.475
1745419,IT,JP,DAIRY,LIQUE,0.09,23024.064,4,4,23024.062,0.0,0.0,0.0,0.002,255822.933333
1775669,IT,TR,CEREA,WHOLE,0.04,23022.877,3,3,23022.877,0.0,0.0,0.0,0.0,575571.925
1667257,IT,ES,PREC1,PUBLI,0.04,23022.551,3,3,23022.551,0.0,0.0,0.0,0.0,575563.775
1787639,IT,WA,MEAT4,RUBBE,0.13,23022.328,4,4,23022.326,0.0,0.0,0.0,0.002,177094.830769
1661454,IT,DK,DAIRY,RENTI,0.09,23022.32,4,4,23022.318,0.0,0.0,0.0,0.002,255803.555556
1690011,IT,IE,REALE,POSTT,0.97,23021.613,4,4,23021.611,0.0,0.0,0.0,0.002,23733.621649
1798452,IT,WE,NATUR,BRICK,0.03,23021.156,4,4,23021.154,0.0,0.0,0.0,0.002,767371.866667
1746093,IT,JP,PRINT,SALEM,0.22,23020.376,4,4,23020.374,0.0,0.0,0.0,0.002,104638.072727
1753001,IT,CA,CHEM1,NAPHT,0.05,23019.646,4,4,23019.643,0.0,0.0,0.0,0.003,460392.92
1728475,IT,SE,LEATH,RENTI,0.16,23018.778,4,4,23018.774,0.0,0.0,0.0,0.004,143867.3625
1671957,IT,FI,LANDT,CEMEN,0.15,23018.241,3,3,23018.241,0.0,0.0,0.0,0.0,153454.94
1780595,IT,TW,INSUR,PRINT,0.47,23016.209,3,3,23016.209,0.0,0.0,0.0,0.0,48970.657447
1718591,IT,PL,LEATH,FOOD5,0.16,23015.482,4,4,23015.478,0.0,0.0,0.0,0.004,143846.7625
1646386,IT,BE,FABRI,COLLE,0.09,23014.81,4,4,23014.808,0.0,0.0,0.0,0.002,255720.111111
1732238,IT,SI,LIQUE,RAWMI,0.04,23013.746,4,4,23013.744,0.0,0.0,0.0,0.002,575343.65
1683863,IT,HR,MOTO1,REALE,0.12,23010.95,3,3,23010.95,0.0,0.0,0.0,0.0,191757.916667
1751411,IT,CN,SEACO,TRAN2,0.02,23009.854,3,3,23009.854,0.0,0.0,0.0,0.0,1150492.7
1788151,IT,WA,WEARI,NONME,0.17,23009.659,4,4,23009.655,0.0,0.0,0.0,0.004,135350.935294
1653774,IT,CZ,COPP1,SALEM,0.06,23009.38,3,3,23009.38,0.0,0.0,0.0,0.0,383489.666667
1755860,IT,KR,NONME,WOODW,0.05,23009.077,4,4,23009.074,0.0,0.0,0.0,0.003,460181.54
1664335,IT,EE,FABRI,PFERT,0.09,23008.16,4,4,23008.158,0.0,0.0,0.0,0.002,255646.222222
1760696,IT,IN,PAPER,COPP1,0.09,23007.221,4,4,23007.219,0.0,0.0,0.0,0.002,255635.788889
1745246,IT,JP,CHEMI,CATTL,0.05,23005.574,5,5,23004.572,0.0,0.0,1.0,0.002,460111.48
1755694,IT,KR,RUBBE,AIRTR,0.08,23004.065,4,4,23004.063,0.0,0.0,0.0,0.002,287550.8125
1723854,IT,PT,TRANS,OFFIC,0.14,23003.385,3,3,23003.385,0.0,0.0,0.0,0.0,164309.892857
1783642,IT,NO,FOOD3,HEALT,0.07,23003.221,3,3,23003.221,0.0,0.0,0.0,0.0,328617.442857
1777714,IT,TR,COPP1,SALEM,0.06,23003.207,3,3,23003.207,0.0,0.0,0.0,0.0,383386.783333
1787966,IT,WA,TEXTI,CEREA,0.14,23002.328,4,4,23002.325,0.0,0.0,0.0,0.003,164302.342857
1733747,IT,SI,LANDT,FISH5,0.15,23001.856,3,3,23001.856,0.0,0.0,0.0,0.0,153345.706667
1643928,IT,AT,COMPU,FOOD5,0.26,23000.637,3,3,23000.637,0.0,0.0,0.0,0.0,88463.988462
1679268,IT,GR,GASDI,RAILW,0.03,22998.161,4,4,22998.159,0.0,0.0,0.0,0.002,766605.366667
1741134,IT,US,WEARI,RENTI,0.17,22997.82,4,4,22997.816,0.0,0.0,0.0,0.004,135281.294118
1747506,IT,JP,SEACO,TRAN2,0.02,22997.269,3,3,22997.269,0.0,0.0,0.0,0.0,1149863.45
1722410,IT,PT,MEAT1,FISH5,0.11,22996.929,4,4,22996.926,0.0,0.0,0.0,0.003,209062.990909
1790593,IT,WA,FABRI,PLANT,0.09,22996.286,4,4,22996.284,0.0,0.0,0.0,0.002,255514.288889
1808816,IT,WF,WOOD2,RESEA,0.12,22994.622,3,3,22994.622,0.0,0.0,0.0,0.0,191621.85
1683587,IT,HR,COPP1,COLLE,0.06,22994.545,3,3,22994.545,0.0,0.0,0.0,0.0,383242.416667
1649243,IT,BG,GASDI,RETA1,0.03,22993.096,4,4,22993.094,0.0,0.0,0.0,0.002,766436.533333
1788119,IT,WA,WEARI,MEATC,0.17,22992.209,4,4,22992.205,0.0,0.0,0.0,0.004,135248.288235
1795494,IT,WL,ALUM1,VEGE1,0.04,22991.246,4,4,22991.244,0.0,0.0,0.0,0.002,574781.15
1785511,IT,ZA,MOTOR,TRANS,0.03,22990.352,4,4,22990.35,0.0,0.0,0.0,0.002,766345.066667
1737892,IT,GB,PLAST,RECRE,0.05,22989.947,4,4,22989.945,0.0,0.0,0.0,0.002,459798.94
1798299,IT,WE,CROPS,TEXTI,0.18,22989.943,3,3,22989.943,0.0,0.0,0.0,0.0,127721.905556
1781883,IT,NO,CHEM1,TEXTI,0.05,22989.512,4,4,22989.509,0.0,0.0,0.0,0.003,459790.24
1724191,IT,PT,HOTEL,OFFIC,0.17,22988.827,4,4,22988.825,0.0,0.0,0.0,0.002,135228.394118
1750153,IT,CN,PREC1,STEAM,0.04,22987.15,3,3,22987.15,0.0,0.0,0.0,0.0,574678.75
1666168,IT,ES,GASDI,FOOD1,0.03,22987.076,4,4,22987.074,0.0,0.0,0.0,0.002,766235.866667
1757783,IT,BR,PLAST,GLASS,0.05,22987.045,4,4,22987.043,0.0,0.0,0.0,0.002,459740.9
1796513,IT,WL,RETA1,BASIC,0.24,22986.75,4,4,22986.748,0.0,0.0,0.0,0.002,95778.125
1688290,IT,IE,FISHF,FOOD5,0.04,22986.003,3,3,22986.003,0.0,0.0,0.0,0.0,574650.075
1654714,IT,CZ,LANDT,EDUCA,0.15,22985.949,3,3,22985.949,0.0,0.0,0.0,0.0,153239.66
1690015,IT,IE,REALE,REALE,0.97,22985.375,4,4,22985.373,0.0,0.0,0.0,0.002,23696.262887
1680204,IT,GR,TRANS,WEARI,0.14,22984.242,3,3,22984.242,0.0,0.0,0.0,0.0,164173.157143
1664683,IT,EE,SEACO,STEAM,0.02,22984.164,3,3,22984.164,0.0,0.0,0.0,0.0,1149208.2
1773507,IT,CH,MOTO1,PROCE,0.12,22983.887,3,3,22983.887,0.0,0.0,0.0,0.0,191532.391667
1685501,IT,HU,PAPER,SUGA1,0.09,22983.302,4,4,22983.3,0.0,0.0,0.0,0.002,255370.022222
1794569,IT,WL,HEAVY,BITU1,0.04,22983.073,4,4,22983.071,0.0,0.0,0.0,0.002,574576.825
1647378,IT,BE,SEACO,FOOD2,0.02,22981.939,3,3,22981.939,0.0,0.0,0.0,0.0,1149096.95
1720017,IT,PL,ALUM1,NAPHT,0.04,22981.554,4,4,22981.552,0.0,0.0,0.0,0.002,574538.85
1760428,IT,IN,FOOD5,TOBAC,0.11,22980.865,4,4,22980.863,0.0,0.0,0.0,0.002,208916.954545
1774026,IT,CH,RETAI,PREC1,0.18,22980.239,3,3,22980.239,0.0,0.0,0.0,0.0,127667.994444
1749829,IT,CN,RUBBE,GASDI,0.08,22980.23,4,4,22980.228,0.0,0.0,0.0,0.002,287252.875
1709786,IT,LT,RUBBE,PAPER,0.08,22979.131,4,4,22979.129,0.0,0.0,0.0,0.002,287239.1375
1728159,IT,SE,DAIRY,SEACO,0.09,22978.984,4,4,22978.982,0.0,0.0,0.0,0.002,255322.044444
1800893,IT,WE,PREC1,PRINT,0.04,22978.466,3,3,22978.466,0.0,0.0,0.0,0.0,574461.65
1770952,IT,CH,VEGET,CHEM1,0.08,22978.11,3,3,22978.11,0.0,0.0,0.0,0.0,287226.375
1776703,IT,TR,HEAVY,HOTEL,0.04,22977.097,4,4,22977.095,0.0,0.0,0.0,0.002,574427.425
1731432,IT,SI,FOOD5,SUPPO,0.11,22976.755,4,4,22976.753,0.0,0.0,0.0,0.002,208879.590909
1803549,IT,WF,DAIRY,VEGET,0.09,22976.707,4,4,22976.705,0.0,0.0,0.0,0.002,255296.744444
1719942,IT,PL,PREC1,ELEC2,0.04,22976.219,3,3,22976.219,0.0,0.0,0.0,0.0,574405.475
1651439,IT,CY,GASDI,RUBBE,0.03,22974.947,4,4,22974.945,0.0,0.0,0.0,0.002,765831.566667
1719649,IT,PL,CEMEN,PLAST,0.04,22974.458,3,3,22974.458,0.0,0.0,0.0,0.0,574361.45
1653505,IT,CZ,BASIC,COKEO,0.03,22974.419,3,3,22974.419,0.0,0.0,0.0,0.0,765813.966667
1662933,IT,DK,RETA1,FABRI,0.24,22973.728,4,4,22973.726,0.0,0.0,0.0,0.002,95723.866667
1789373,IT,WA,CHEM1,PFERT,0.05,22973.046,4,4,22973.043,0.0,0.0,0.0,0.003,459460.92
1651162,IT,BG,BUSIN,BEVER,0.24,22971.991,4,4,22971.989,0.0,0.0,0.0,0.002,95716.629167
1757294,IT,BR,FOOD5,DAIRY,0.11,22971.513,4,4,22971.511,0.0,0.0,0.0,0.002,208831.936364
1727207,IT,RO,SUPPO,FORES,0.17,22970.974,3,3,22970.974,0.0,0.0,0.0,0.0,135123.376471
1665372,IT,ES,TEXTI,FISH5,0.14,22970.254,4,4,22970.251,0.0,0.0,0.0,0.003,164073.242857
1675378,IT,FR,MACHI,PFERT,0.13,22970.005,4,4,22970.003,0.0,0.0,0.0,0.002,176692.346154
1723046,IT,PT,CHEM1,CATTL,0.05,22969.032,4,4,22969.029,0.0,0.0,0.0,0.003,459380.64
1656854,IT,DE,HEAVY,PULP5,0.04,22969.028,4,4,22969.026,0.0,0.0,0.0,0.002,574225.7
1648478,IT,BG,OILSE,CROPS,0.02,22968.281,3,3,22968.281,0.0,0.0,0.0,0.0,1148414.05
1790457,IT,WA,COPP1,NATUR,0.06,22968.068,3,3,22968.068,0.0,0.0,0.0,0.0,382801.133333
1786805,IT,ZA,HOTEL,OFFIC,0.17,22967.53,4,4,22967.528,0.0,0.0,0.0,0.002,135103.117647
1751906,IT,CN,COMPU,CEMEN,0.26,22967.295,3,3,22967.295,0.0,0.0,0.0,0.0,88335.75
1642542,IT,AT,COPP1,RETA1,0.06,22966.819,3,3,22966.819,0.0,0.0,0.0,0.0,382780.316667
1784496,IT,ID,FABRI,PAPER,0.09,22965.841,4,4,22965.839,0.0,0.0,0.0,0.002,255176.011111
1658798,IT,DE,MOTO1,CERAM,0.12,22965.291,3,3,22965.291,0.0,0.0,0.0,0.0,191377.425
1666030,IT,ES,AVIAT,AIRTR,0.05,22964.282,4,4,22964.28,0.0,0.0,0.0,0.002,459285.64
1685738,IT,HU,PLAST,VEGET,0.05,22962.546,4,4,22962.544,0.0,0.0,0.0,0.002,459250.92
1680095,IT,GR,MACHI,PAPE4,0.13,22962.215,4,4,22962.213,0.0,0.0,0.0,0.002,176632.423077
1714295,IT,MT,PUBLI,MOTO1,0.38,22961.624,4,4,22961.622,0.0,0.0,0.0,0.002,60425.326316
1656911,IT,DE,LIQUE,SUGAR,0.04,22958.533,4,4,22958.531,0.0,0.0,0.0,0.002,573963.325
1799254,IT,WE,LEATH,RUBBE,0.16,22957.902,4,4,22957.898,0.0,0.0,0.0,0.004,143486.8875
1686371,IT,HU,BASIC,RAWMI,0.03,22956.991,3,3,22956.991,0.0,0.0,0.0,0.0,765233.033333
1775642,IT,CH,93197,LANDT,0.15,22956.832,4,4,22956.83,0.0,0.0,0.0,0.002,153045.546667
1740063,IT,GB,RENTI,AUXIL,0.14,22955.461,3,3,22955.461,0.0,0.0,0.0,0.0,163967.578571
1768088,IT,RU,BUSIN,COLLE,0.24,22954.996,4,4,22954.994,0.0,0.0,0.0,0.002,95645.816667
1748430,IT,CN,FISHF,FISHF,0.04,22954.472,3,3,22954.472,0.0,0.0,0.0,0.0,573861.8
1652296,IT,CZ,BEVER,GASDI,0.1,22953.984,3,3,22953.984,0.0,0.0,0.0,0.0,229539.84
1666528,IT,ES,CHEM1,SUGAR,0.05,22953.655,4,4,22953.652,0.0,0.0,0.0,0.003,459073.1
1669627,IT,ES,RENTI,SALEM,0.14,22951.944,3,3,22951.944,0.0,0.0,0.0,0.0,163942.457143
1732510,IT,SI,RUBBE,FISH5,0.08,22950.743,4,4,22950.741,0.0,0.0,0.0,0.002,286884.2875
1676074,IT,FR,ELEC7,SALEM,0.02,22949.08,3,3,22949.08,0.0,0.0,0.0,0.0,1147454.0
1662431,IT,DK,PREC1,WASTE,0.04,22948.562,3,3,22948.562,0.0,0.0,0.0,0.0,573714.05
1797309,IT,WL,AUXIL,RETA1,0.42,22948.503,3,3,22948.503,0.0,0.0,0.0,0.0,54639.292857
1760578,IT,IN,WOODW,TEXTI,0.06,22947.853,4,4,22947.851,0.0,0.0,0.0,0.002,382464.216667
1710120,IT,LT,MACHI,PIGS9,0.13,22947.392,4,4,22947.39,0.0,0.0,0.0,0.002,176518.4
1796078,IT,WL,TRANS,KEROS,0.14,22947.139,3,3,22947.139,0.0,0.0,0.0,0.0,163908.135714
1810902,IT,WM,KERO1,REALE,0.03,22945.196,4,4,22945.194,0.0,0.0,0.0,0.002,764839.866667
1709561,IT,LT,WOODW,SUPPO,0.06,22943.807,4,4,22943.805,0.0,0.0,0.0,0.002,382396.783333
1813125,IT,WM,MOTO1,TEXTI,0.12,22943.337,3,3,22943.337,0.0,0.0,0.0,0.0,191194.475
1758307,IT,BR,LEAD1,LEAD1,0.04,22942.938,4,4,22942.936,0.0,0.0,0.0,0.002,573573.45
1771585,IT,CH,TEXTI,RAILW,0.14,22942.598,4,4,22942.595,0.0,0.0,0.0,0.003,163875.7
1664913,IT,ES,CRUDE,FURNI,0.05,22941.876,4,4,22941.874,0.0,0.0,0.0,0.002,458837.52
1688658,IT,IE,CHEM1,FORES,0.05,22940.746,4,4,22940.743,0.0,0.0,0.0,0.003,458814.92
1759618,IT,BR,COMPU,93197,0.26,22940.5,3,3,22940.5,0.0,0.0,0.0,0.0,88232.692308
1752571,IT,CA,BEVER,REALE,0.1,22940.16,3,3,22940.16,0.0,0.0,0.0,0.0,229401.6
1790037,IT,WA,NONME,FINAN,0.05,22939.633,4,4,22939.63,0.0,0.0,0.0,0.003,458792.66
1671128,IT,FI,GLASS,ALUM1,0.06,22939.472,3,3,22939.472,0.0,0.0,0.0,0.0,382324.533333
1784891,IT,ID,AIRTR,EDUCA,0.02,22938.685,3,3,22938.685,0.0,0.0,0.0,0.0,1146934.25
1782891,IT,NO,SEACO,PREC1,0.02,22937.137,3,3,22937.137,0.0,0.0,0.0,0.0,1146856.85
1790383,IT,WA,LEAD1,PROCE,0.04,22936.621,4,4,22936.619,0.0,0.0,0.0,0.002,573415.525
1759283,IT,BR,POSTT,TRANS,0.38,22936.489,4,4,22936.487,0.0,0.0,0.0,0.002,60359.181579
1657348,IT,DE,BIODI,WOODW,0.05,22936.141,4,4,22936.139,0.0,0.0,0.0,0.002,458722.82
1765693,IT,RU,PAPER,MEDIC,0.09,22933.342,4,4,22933.34,0.0,0.0,0.0,0.002,254814.911111
1775069,IT,CH,RENTI,ELEC4,0.14,22932.234,3,3,22932.234,0.0,0.0,0.0,0.0,163801.671429
1806994,IT,WF,LANDT,COPP1,0.15,22931.919,3,3,22931.919,0.0,0.0,0.0,0.0,152879.46
1739357,IT,GB,RAILW,BIOGA,0.15,22931.867,3,3,22931.867,0.0,0.0,0.0,0.0,152879.113333
1745024,IT,US,PUBLI,LIQUE,0.38,22931.603,4,4,22931.601,0.0,0.0,0.0,0.002,60346.323684
1681840,IT,HR,VEGE1,TOBAC,0.07,22931.445,4,4,22931.44,0.0,0.0,0.0,0.005,327592.071429
1804862,IT,WF,BITU1,MEATC,0.04,22931.051,4,4,22931.049,0.0,0.0,0.0,0.002,573276.275
1756604,IT,KR,RAILW,CHEM1,0.15,22930.522,3,3,22930.522,0.0,0.0,0.0,0.0,152870.146667
1751138,IT,CN,RETA1,HEALT,0.24,22928.796,4,4,22928.794,0.0,0.0,0.0,0.002,95536.65
1731837,IT,SI,PAPER,FOOD3,0.09,22928.734,4,4,22928.732,0.0,0.0,0.0,0.002,254763.711111
1658772,IT,DE,MOTO1,FORES,0.12,22928.592,3,3,22928.592,0.0,0.0,0.0,0.0,191071.6
1650897,IT,BG,SEACO,MEAT1,0.02,22927.864,3,3,22927.864,0.0,0.0,0.0,0.0,1146393.2
1740818,IT,US,VEGE1,WHITE,0.07,22926.997,4,4,22926.992,0.0,0.0,0.0,0.005,327528.528571
1732923,IT,SI,ALUM1,DAIRY,0.04,22926.607,4,4,22926.605,0.0,0.0,0.0,0.002,573165.175
1735131,IT,SK,CHEM1,RECRE,0.05,22925.993,4,4,22925.99,0.0,0.0,0.0,0.003,458519.86
1668005,IT,ES,FURNI,VEGET,0.07,22924.96,4,4,22924.958,0.0,0.0,0.0,0.002,327499.428571
1748003,IT,JP,BUSIN,SANDC,0.24,22924.747,4,4,22924.745,0.0,0.0,0.0,0.002,95519.779167
1770201,IT,AU,HOTEL,MEATA,0.17,22924.656,4,4,22924.654,0.0,0.0,0.0,0.002,134850.917647
1711108,IT,LU,LEAD1,FABRI,0.04,22924.367,4,4,22924.365,0.0,0.0,0.0,0.002,573109.175
1649339,IT,BG,PLAST,BASIC,0.05,22922.384,4,4,22922.382,0.0,0.0,0.0,0.002,458447.68
1800469,IT,WE,RUBBE,BKBPE,0.08,22922.327,4,4,22922.325,0.0,0.0,0.0,0.002,286529.0875
1740292,IT,GB,BUSIN,INERT,0.24,22922.066,4,4,22922.064,0.0,0.0,0.0,0.002,95508.608333
1658538,IT,DE,MACHI,STONE,0.13,22921.472,4,4,22921.47,0.0,0.0,0.0,0.002,176319.015385
1670844,IT,FI,NONSP,GLASS,0.03,22920.348,3,3,22920.348,0.0,0.0,0.0,0.0,764011.6
1650455,IT,BG,ELEC5,FOOD5,0.28,22918.929,3,3,22918.929,0.0,0.0,0.0,0.0,81853.317857
1661675,IT,DK,TEXTI,RESEA,0.14,22917.567,4,4,22917.564,0.0,0.0,0.0,0.003,163696.907143
1793476,IT,WL,CHEMI,POULT,0.05,22916.525,5,5,22915.523,0.0,0.0,1.0,0.002,458330.5
1733307,IT,SI,MOTO1,SECO9,0.12,22916.179,3,3,22916.179,0.0,0.0,0.0,0.0,190968.158333
1657907,IT,DE,BASIC,PARAF,0.03,22915.797,3,3,22915.797,0.0,0.0,0.0,0.0,763859.9
1779117,IT,TR,SUPPO,FINAN,0.16,22915.541,3,3,22915.541,0.0,0.0,0.0,0.0,143222.13125
1761626,IT,IN,FABRI,FOOD5,0.09,22915.264,4,4,22915.262,0.0,0.0,0.0,0.002,254614.044444
1740064,IT,GB,RENTI,REALE,0.14,22915.236,3,3,22915.236,0.0,0.0,0.0,0.0,163680.257143
1733766,IT,SI,LANDT,LEAD1,0.15,22914.495,3,3,22914.495,0.0,0.0,0.0,0.0,152763.3
1761034,IT,IN,PLAST,NAPHT,0.05,22914.405,4,4,22914.403,0.0,0.0,0.0,0.002,458288.1
1676902,IT,FR,SEACO,RUBBE,0.02,22913.052,3,3,22913.052,0.0,0.0,0.0,0.0,1145652.6
1778572,IT,TR,RETA1,SEACO,0.24,22908.315,3,3,22908.315,0.0,0.0,0.0,0.0,95451.3125
1779765,IT,TR,BUSIN,TRANS,0.24,22907.859,4,4,22907.857,0.0,0.0,0.0,0.002,95449.4125
1733579,IT,SI,RETA1,POSTT,0.24,22907.819,3,3,22907.819,0.0,0.0,0.0,0.0,95449.245833
1676906,IT,FR,SEACO,MACHI,0.02,22907.095,3,3,22907.095,0.0,0.0,0.0,0.0,1145354.75
1769095,IT,AU,PLAST,COLLE,0.05,22906.391,4,4,22906.389,0.0,0.0,0.0,0.002,458127.82
1741220,IT,US,WOODW,ELECT,0.06,22905.828,4,4,22905.826,0.0,0.0,0.0,0.002,381763.8
1652284,IT,CZ,BEVER,MEAT4,0.1,22905.573,3,3,22905.573,0.0,0.0,0.0,0.0,229055.73
1793864,IT,WL,TEXTI,RETAI,0.14,22904.313,4,4,22904.31,0.0,0.0,0.0,0.003,163602.235714
1789651,IT,WA,RUBBE,BIODI,0.08,22904.035,4,4,22904.033,0.0,0.0,0.0,0.002,286300.4375
1752855,IT,CA,PRINT,COMPU,0.22,22903.19,4,4,22903.188,0.0,0.0,0.0,0.002,104105.409091
1792459,IT,WA,AUXIL,CONST,0.42,22902.205,3,3,22902.205,0.0,0.0,0.0,0.0,54529.059524
1715820,IT,NL,RUBBE,KEROS,0.08,22901.779,4,4,22901.777,0.0,0.0,0.0,0.002,286272.2375
1727860,IT,RO,BUSIN,INERT,0.24,22901.548,4,4,22901.546,0.0,0.0,0.0,0.002,95423.116667
1732736,IT,SI,CEMEN,RETA1,0.04,22900.518,3,3,22900.518,0.0,0.0,0.0,0.0,572512.95
1786781,IT,ZA,HOTEL,PAPER,0.17,22898.76,4,4,22898.758,0.0,0.0,0.0,0.002,134698.588235
1766121,IT,RU,RUBBE,NONME,0.08,22898.363,4,4,22898.361,0.0,0.0,0.0,0.002,286229.5375
1688465,IT,IE,WEARI,RUBBE,0.17,22898.28,4,4,22898.276,0.0,0.0,0.0,0.004,134695.764706
1642689,IT,AT,FABRI,93197,0.09,22897.67,4,4,22897.668,0.0,0.0,0.0,0.002,254418.555556
1687823,IT,HU,POSTT,BUSIN,0.38,22897.663,4,4,22897.661,0.0,0.0,0.0,0.002,60257.007895
1780026,IT,TW,SALEM,PUBLI,0.18,22897.663,3,3,22897.663,0.0,0.0,0.0,0.0,127209.238889
1642717,IT,AT,MACHI,WEARI,0.13,22896.25,4,4,22896.248,0.0,0.0,0.0,0.002,176125.0
1773694,IT,CH,FURNI,BIOG1,0.07,22896.066,4,4,22896.064,0.0,0.0,0.0,0.002,327086.657143
1794390,IT,WL,KEROS,SALEM,0.03,22894.906,4,4,22894.904,0.0,0.0,0.0,0.002,763163.533333
1778075,IT,TR,MOTO1,CRUDE,0.12,22893.774,3,3,22893.774,0.0,0.0,0.0,0.0,190781.45
1667034,IT,ES,NONME,TEXTI,0.05,22892.398,4,4,22892.395,0.0,0.0,0.0,0.003,457847.96
1800193,IT,WE,PLAST,BKBPE,0.05,22891.757,4,4,22891.755,0.0,0.0,0.0,0.002,457835.14
1812795,IT,WM,FABRI,ALUMI,0.09,22891.534,4,4,22891.532,0.0,0.0,0.0,0.002,254350.377778
1794687,IT,WL,NAPHT,PREC1,0.04,22889.893,4,4,22889.891,0.0,0.0,0.0,0.002,572247.325
1798792,IT,WE,FOOD5,NFERT,0.11,22889.37,4,4,22889.368,0.0,0.0,0.0,0.002,208085.181818
1779609,IT,TR,COMPU,REALE,0.26,22888.929,3,3,22888.929,0.0,0.0,0.0,0.0,88034.342308
1653986,IT,CZ,MACHI,BITU1,0.13,22888.919,4,4,22888.917,0.0,0.0,0.0,0.002,176068.607692
1653363,IT,CZ,GLASS,RETA1,0.06,22888.171,3,3,22888.171,0.0,0.0,0.0,0.0,381469.516667
1684241,IT,HR,SEACO,RADIO,0.02,22887.001,3,3,22887.001,0.0,0.0,0.0,0.0,1144350.05
1673318,IT,FR,TEXTI,ADDIT,0.14,22886.246,4,4,22886.243,0.0,0.0,0.0,0.003,163473.185714
1811622,IT,WM,CHEM1,REFIN,0.05,22885.704,4,4,22885.702,0.0,0.0,0.0,0.002,457714.08
1777400,IT,TR,CERAM,BUSIN,0.04,22885.661,3,3,22885.661,0.0,0.0,0.0,0.0,572141.525
1735082,IT,SK,CHEM1,BRICK,0.05,22884.12,4,4,22884.118,0.0,0.0,0.0,0.002,457682.4
1774483,IT,CH,LANDT,BASIC,0.15,22882.127,3,3,22882.127,0.0,0.0,0.0,0.0,152547.513333
1677874,IT,FR,BUSIN,LIQUE,0.24,22882.056,4,4,22882.054,0.0,0.0,0.0,0.002,95341.9
1651200,IT,BG,BUSIN,DISTR,0.24,22881.065,4,4,22881.063,0.0,0.0,0.0,0.002,95337.770833
1791867,IT,WA,LANDT,FINAN,0.15,22880.907,3,3,22880.907,0.0,0.0,0.0,0.0,152539.38
1756670,IT,KR,SEACO,DAIRY,0.02,22880.889,3,3,22880.889,0.0,0.0,0.0,0.0,1144044.45
1737549,IT,GB,PULP5,FOOD5,0.07,22880.593,4,4,22880.591,0.0,0.0,0.0,0.002,326865.614286
1661272,IT,DK,OILSE,MEATP,0.02,22880.435,3,3,22880.435,0.0,0.0,0.0,0.0,1144021.75
1652067,IT,CZ,STONE,LEATH,0.07,22879.174,4,4,22878.174,0.0,0.0,1.0,0.0,326845.342857
1716373,IT,NL,MACHI,CHEMI,0.13,22878.88,4,4,22878.878,0.0,0.0,0.0,0.002,175991.384615
1768833,IT,AU,LEATH,OFFIC,0.16,22877.541,4,4,22877.537,0.0,0.0,0.0,0.004,142984.63125
1754474,IT,CA,BUSIN,MEATC,0.23,22875.469,4,4,22875.467,0.0,0.0,0.0,0.002,99458.56087
1679811,IT,GR,ALUM1,MEAT4,0.04,22875.407,4,4,22875.405,0.0,0.0,0.0,0.002,571885.175
1712670,IT,LV,CONST,SUPPO,0.13,22875.053,3,3,22875.053,0.0,0.0,0.0,0.0,175961.946154
1763227,IT,MX,WOODW,PREC1,0.06,22874.036,4,4,22874.034,0.0,0.0,0.0,0.002,381233.933333
1758159,IT,BR,NONME,RUBBE,0.05,22873.054,4,4,22873.051,0.0,0.0,0.0,0.003,457461.08
1757473,IT,BR,PAPER,RADIO,0.09,22872.383,4,4,22872.381,0.0,0.0,0.0,0.002,254137.588889
1739340,IT,GB,RAILW,FOOD5,0.15,22872.343,3,3,22872.343,0.0,0.0,0.0,0.0,152482.286667
1687464,IT,HU,RAILW,WHOLE,0.15,22871.861,3,3,22871.861,0.0,0.0,0.0,0.0,152479.073333
1728500,IT,SE,WOODW,CEMEN,0.06,22869.331,4,4,22869.329,0.0,0.0,0.0,0.002,381155.516667
1734931,IT,SK,MOTOR,LANDT,0.03,22869.206,4,4,22869.204,0.0,0.0,0.0,0.002,762306.866667
1788391,IT,WA,WOODW,LEAD1,0.06,22869.181,4,4,22869.179,0.0,0.0,0.0,0.002,381153.016667
1746076,IT,JP,PRINT,MACHI,0.22,22868.914,4,4,22868.912,0.0,0.0,0.0,0.002,103949.609091
1654987,IT,CZ,INSUR,HEALT,0.47,22866.914,3,3,22866.914,0.0,0.0,0.0,0.0,48653.008511
1668716,IT,ES,LANDT,REFIN,0.15,22866.816,3,3,22866.816,0.0,0.0,0.0,0.0,152445.44
1711307,IT,LU,WHOLE,FOOD5,0.2,22865.653,3,3,22865.653,0.0,0.0,0.0,0.0,114328.265
1754827,IT,KR,FOOD5,RESEA,0.11,22864.999,4,4,22864.997,0.0,0.0,0.0,0.002,207863.627273
1671295,IT,FI,ALUM1,NICKE,0.04,22863.065,4,4,22863.063,0.0,0.0,0.0,0.002,571576.625
1665915,IT,ES,COALT,FURNI,0.04,22862.642,3,3,22862.642,0.0,0.0,0.0,0.0,571566.05
1751402,IT,CN,SEACO,DISTR,0.02,22860.282,3,3,22860.282,0.0,0.0,0.0,0.0,1143014.1
1709599,IT,LT,PAPER,RUBBE,0.09,22859.294,4,4,22859.292,0.0,0.0,0.0,0.002,253992.155556
1803733,IT,WF,FISH5,BEVER,0.1,22859.008,4,4,22858.996,0.0,0.0,0.0,0.012,228590.08
1803504,IT,WF,VEGE1,NONFE,0.07,22858.734,4,4,22858.729,0.0,0.0,0.0,0.005,326553.342857
1737095,IT,GB,MEATC,BEVER,0.08,22858.039,3,3,22858.039,0.0,0.0,0.0,0.0,285725.4875
1651209,IT,BG,BUSIN,RAILW,0.23,22856.052,4,4,22856.05,0.0,0.0,0.0,0.002,99374.13913
1685867,IT,HU,CHEM1,NUCLE,0.05,22855.714,4,4,22855.712,0.0,0.0,0.0,0.002,457114.28
1664685,IT,EE,SEACO,HOTEL,0.02,22855.593,3,3,22855.593,0.0,0.0,0.0,0.0,1142779.65
1744249,IT,US,POSTT,TRAN1,0.38,22854.484,4,4,22854.482,0.0,0.0,0.0,0.002,60143.378947
1729457,IT,SE,PREC1,WHOLE,0.04,22852.83,3,3,22852.83,0.0,0.0,0.0,0.0,571320.75
1764860,IT,MX,AIRTR,RAWMI,0.02,22851.363,3,3,22851.363,0.0,0.0,0.0,0.0,1142568.15
1671067,IT,FI,RUBBE,SECO9,0.08,22850.94,4,4,22850.938,0.0,0.0,0.0,0.002,285636.75
1735554,IT,SK,ALUM1,NONF1,0.04,22850.015,4,4,22850.013,0.0,0.0,0.0,0.002,571250.375
1746092,IT,JP,PRINT,CONST,0.22,22849.577,4,4,22849.575,0.0,0.0,0.0,0.002,103861.713636
1771864,IT,CH,WOODW,SEACO,0.06,22848.506,4,4,22848.504,0.0,0.0,0.0,0.002,380808.433333
1661305,IT,DK,STONE,CONST,0.07,22848.1,4,4,22847.1,0.0,0.0,1.0,0.0,326401.428571
1752247,IT,CA,CROPS,FOOD5,0.18,22847.694,3,3,22847.694,0.0,0.0,0.0,0.0,126931.633333
1763878,IT,MX,NONME,COLLE,0.05,22847.297,4,4,22847.294,0.0,0.0,0.0,0.003,456945.94
1640167,IT,AT,VEGET,CHEM1,0.08,22847.121,3,3,22847.121,0.0,0.0,0.0,0.0,285589.0125
1750459,IT,CN,MACHI,PROCE,0.13,22846.652,4,4,22846.65,0.0,0.0,0.0,0.002,175743.476923
1756563,IT,KR,RETA1,FABRI,0.24,22845.905,3,3,22845.905,0.0,0.0,0.0,0.0,95191.270833
1641039,IT,AT,PULP5,RESEA,0.07,22845.179,4,4,22845.177,0.0,0.0,0.0,0.002,326359.7
1752779,IT,CA,WOODW,SALEM,0.06,22843.902,4,4,22843.9,0.0,0.0,0.0,0.002,380731.7
1761313,IT,IN,RUBBE,MEMBE,0.08,22843.858,4,4,22843.856,0.0,0.0,0.0,0.002,285548.225
1777412,IT,TR,CEMEN,REALE,0.04,22843.476,3,3,22843.476,0.0,0.0,0.0,0.0,571086.9
1802358,IT,WE,SEACO,PRINT,0.02,22842.085,3,3,22842.085,0.0,0.0,0.0,0.0,1142104.25
1790277,IT,WA,ALUM1,MEATA,0.04,22841.821,4,4,22841.819,0.0,0.0,0.0,0.002,571045.525
1788758,IT,WA,MOTOR,AUXIL,0.03,22840.895,4,4,22840.893,0.0,0.0,0.0,0.002,761363.166667
1645781,IT,BE,RUBBE,DIST1,0.08,22840.56,4,4,22840.558,0.0,0.0,0.0,0.002,285507.0
1657565,IT,DE,GLASS,BRICK,0.06,22840.112,3,3,22840.112,0.0,0.0,0.0,0.0,380668.533333
1752986,IT,CA,CHEM1,WEARI,0.05,22840.1,4,4,22840.098,0.0,0.0,0.0,0.002,456802.0
1667141,IT,ES,BASIC,BRICK,0.03,22839.85,3,3,22839.85,0.0,0.0,0.0,0.0,761328.333333
1771740,IT,CH,LEATH,GLASS,0.16,22839.507,4,4,22839.503,0.0,0.0,0.0,0.004,142746.91875
1796703,IT,WL,RAILW,HOTEL,0.15,22839.502,3,3,22839.502,0.0,0.0,0.0,0.0,152263.346667
1776721,IT,TR,LIQUE,LIGNI,0.04,22839.123,4,4,22839.121,0.0,0.0,0.0,0.002,570978.075
1750118,IT,CN,PREC1,BITUM,0.04,22838.969,3,3,22838.969,0.0,0.0,0.0,0.0,570974.225
1776144,IT,TR,LEATH,FABRI,0.16,22837.751,4,4,22837.747,0.0,0.0,0.0,0.004,142735.94375
1793258,IT,WA,PRIVA,PRINT,5.1,22837.574,4,4,22837.57,0.0,0.0,0.0,0.004,4477.955686
1794156,IT,WL,PRINT,CRUDE,0.22,22836.969,4,4,22836.967,0.0,0.0,0.0,0.002,103804.404545
1671107,IT,FI,GLASS,NICKE,0.06,22836.824,3,3,22836.824,0.0,0.0,0.0,0.0,380613.733333
1650046,IT,BG,MACHI,NONME,0.13,22836.299,4,4,22836.297,0.0,0.0,0.0,0.002,175663.838462
1712672,IT,LV,CONST,REALE,0.13,22835.945,3,3,22835.945,0.0,0.0,0.0,0.0,175661.115385
1733278,IT,SI,OFFIC,RUBBE,0.07,22835.574,4,4,22835.572,0.0,0.0,0.0,0.002,326222.485714
1748030,IT,JP,BUSIN,NAPHT,0.23,22835.203,4,4,22835.201,0.0,0.0,0.0,0.002,99283.491304
1724423,IT,PT,AIRTR,CEMEN,0.02,22833.819,3,3,22833.819,0.0,0.0,0.0,0.0,1141690.95
1669503,IT,ES,AUXIL,CONST,0.42,22833.319,3,3,22833.319,0.0,0.0,0.0,0.0,54365.045238
1773668,IT,CH,FURNI,HEAVY,0.07,22833.169,4,4,22833.167,0.0,0.0,0.0,0.002,326188.128571
1799070,IT,WE,TEXTI,RESEA,0.14,22832.596,4,4,22832.593,0.0,0.0,0.0,0.003,163089.971429
1809761,IT,WM,FOOD5,MEATP,0.11,22831.668,4,4,22831.666,0.0,0.0,0.0,0.002,207560.618182
1800692,IT,WE,BRICK,TRANS,0.03,22831.328,3,3,22831.328,0.0,0.0,0.0,0.0,761044.266667
1740668,IT,US,STONE,LIGNI,0.07,22831.047,4,4,22830.047,0.0,0.0,1.0,0.0,326157.814286
1652752,IT,CZ,PAPER,SALEM,0.09,22830.875,4,4,22830.873,0.0,0.0,0.0,0.002,253676.388889
1723984,IT,PT,SALEM,RENTI,0.18,22830.83,3,3,22830.83,0.0,0.0,0.0,0.0,126837.944444
1712538,IT,LV,FABRI,PUBLI,0.09,22830.455,4,4,22830.453,0.0,0.0,0.0,0.002,253671.722222
1665209,IT,ES,FOOD5,MACHI,0.11,22829.641,4,4,22829.639,0.0,0.0,0.0,0.002,207542.190909
1678660,IT,GR,MEAT4,MEATC,0.13,22829.562,4,4,22829.56,0.0,0.0,0.0,0.002,175612.015385
1684056,IT,HR,HOTEL,BASIC,0.17,22828.938,4,4,22828.936,0.0,0.0,0.0,0.002,134287.870588
1805141,IT,WF,PFERT,SUGA1,0.01,22826.72,4,4,22826.716,0.0,0.0,0.0,0.004,2282672.0
1805503,IT,WF,CERAM,MEAT4,0.04,22826.087,3,3,22826.087,0.0,0.0,0.0,0.0,570652.175
1648263,IT,BE,BUSIN,SEWAG,0.23,22824.922,4,4,22824.92,0.0,0.0,0.0,0.002,99238.791304
1771054,IT,CH,FISHF,BASIC,0.04,22824.502,3,3,22824.502,0.0,0.0,0.0,0.0,570612.55
1689066,IT,IE,FURNI,MEATC,0.07,22823.689,4,4,22823.687,0.0,0.0,0.0,0.002,326052.7
1731355,IT,SI,DAIRY,BUSIN,0.09,22823.642,4,4,22823.64,0.0,0.0,0.0,0.002,253596.022222
1777716,IT,TR,COPP1,RETA1,0.06,22823.424,3,3,22823.424,0.0,0.0,0.0,0.0,380390.4
1681211,IT,GR,POSTT,MEMBE,0.38,22823.354,4,4,22823.352,0.0,0.0,0.0,0.002,60061.457895
1640788,IT,AT,TEXTI,RECRE,0.14,22822.498,4,4,22822.495,0.0,0.0,0.0,0.003,163017.842857
1661869,IT,DK,PAPER,RETAI,0.09,22821.336,4,4,22821.334,0.0,0.0,0.0,0.002,253570.4
1659763,IT,DE,LANDT,CATTL,0.15,22820.421,3,3,22820.421,0.0,0.0,0.0,0.0,152136.14
1736535,IT,SK,SUPPO,COKEO,0.16,22819.649,3,3,22819.649,0.0,0.0,0.0,0.0,142622.80625
1810988,IT,WM,GASDI,COLLE,0.03,22819.36,4,4,22819.358,0.0,0.0,0.0,0.002,760645.333333
1766382,IT,RU,BASIC,MOTOR,0.03,22817.958,3,3,22817.958,0.0,0.0,0.0,0.0,760598.6
1711130,IT,LU,COPP1,CONST,0.06,22816.89,3,3,22816.89,0.0,0.0,0.0,0.0,380281.5
1649318,IT,BG,PLAST,FOOD5,0.05,22816.52,4,4,22816.518,0.0,0.0,0.0,0.002,456330.4
1651244,IT,CY,VEGET,VEGET,0.08,22815.27,3,3,22815.27,0.0,0.0,0.0,0.0,285190.875
1655004,IT,CZ,REALE,GASDI,0.96,22815.202,3,3,22815.202,0.0,0.0,0.0,0.0,23765.835417
1653544,IT,CZ,BASIC,ELEC4,0.03,22814.572,3,3,22814.572,0.0,0.0,0.0,0.0,760485.733333
1803480,IT,WF,MEAT4,INSUR,0.13,22813.912,4,4,22813.91,0.0,0.0,0.0,0.002,175491.630769
1797164,IT,WL,POSTT,RETAI,0.38,22813.834,4,4,22813.832,0.0,0.0,0.0,0.002,60036.405263
1807003,IT,WF,LANDT,FURNI,0.15,22813.607,3,3,22813.607,0.0,0.0,0.0,0.0,152090.713333
1725348,IT,RO,TOBAC,SUPPO,0.09,22811.699,3,3,22811.699,0.0,0.0,0.0,0.0,253463.322222
1681434,IT,GR,RENTI,SUPPO,0.14,22811.266,3,3,22811.266,0.0,0.0,0.0,0.0,162937.614286
1785368,IT,ZA,WOODW,RAILW,0.06,22811.199,4,4,22811.197,0.0,0.0,0.0,0.002,380186.65
1807609,IT,WF,RESEA,NATUR,0.12,22811.025,4,4,22811.023,0.0,0.0,0.0,0.002,190091.875
1667533,IT,ES,FABRI,SECO9,0.09,22810.388,4,4,22810.386,0.0,0.0,0.0,0.002,253448.755556
1711989,IT,LV,VEGET,LANDT,0.08,22809.677,3,3,22809.677,0.0,0.0,0.0,0.0,285120.9625
1745306,IT,JP,MEAT4,MACHI,0.13,22809.516,4,4,22809.514,0.0,0.0,0.0,0.002,175457.815385
1682676,IT,HR,KEROS,FOOD3,0.03,22809.472,4,4,22809.47,0.0,0.0,0.0,0.002,760315.733333
1727453,IT,RO,AUXIL,FORES,0.42,22808.946,3,3,22808.946,0.0,0.0,0.0,0.0,54307.014286
1709851,IT,LT,GLASS,MEATP,0.06,22807.899,3,3,22807.899,0.0,0.0,0.0,0.0,380131.65
1766289,IT,RU,CERAM,RENTI,0.04,22805.446,3,3,22805.446,0.0,0.0,0.0,0.0,570136.15
1765762,IT,RU,PRINT,FINAN,0.22,22804.391,4,4,22804.389,0.0,0.0,0.0,0.002,103656.322727
1672935,IT,FR,DAIRY,MEAT4,0.09,22800.546,4,4,22800.544,0.0,0.0,0.0,0.002,253339.4
1645808,IT,BE,RUBBE,FOODW,0.08,22800.141,4,4,22800.139,0.0,0.0,0.0,0.002,285001.7625
1713243,IT,MT,PAPER,PAPER,0.09,22800.079,4,4,22800.077,0.0,0.0,0.0,0.002,253334.211111
1719420,IT,PL,RUBBE,ELECT,0.08,22798.92,4,4,22798.918,0.0,0.0,0.0,0.002,284986.5
1670503,IT,FI,BEVER,FURNI,0.1,22798.322,3,3,22798.322,0.0,0.0,0.0,0.0,227983.22
1651534,IT,CY,RUBBE,WOODW,0.08,22796.901,4,4,22796.899,0.0,0.0,0.0,0.002,284961.2625
1732878,IT,SI,BASIC,FOOD2,0.03,22796.314,3,3,22796.314,0.0,0.0,0.0,0.0,759877.133333
1797308,IT,WL,AUXIL,WHOLE,0.42,22795.34,3,3,22795.34,0.0,0.0,0.0,0.0,54274.619048
1765555,IT,RU,LEATH,FABRI,0.16,22795.189,4,4,22795.185,0.0,0.0,0.0,0.004,142469.93125
1789054,IT,WA,NAPHT,BLAST,0.04,22794.59,4,4,22794.588,0.0,0.0,0.0,0.002,569864.75
1733362,IT,SI,TRANS,RETAI,0.14,22794.096,3,3,22794.096,0.0,0.0,0.0,0.0,162814.971429
1742453,IT,US,BASIC,VEGE1,0.03,22793.962,3,3,22793.962,0.0,0.0,0.0,0.0,759798.733333
1649380,IT,BG,CHEM1,MEATA,0.05,22791.681,4,4,22791.679,0.0,0.0,0.0,0.002,455833.62
1661831,IT,DK,PAPER,MEATC,0.09,22791.527,4,4,22791.525,0.0,0.0,0.0,0.002,253239.188889
1658853,IT,DE,MOTO1,RECRE,0.12,22791.189,3,3,22791.189,0.0,0.0,0.0,0.0,189926.575
1659419,IT,DE,WHOLE,FABRI,0.2,22790.494,3,3,22790.494,0.0,0.0,0.0,0.0,113952.47
1684183,IT,HR,LANDT,SALEM,0.15,22788.444,3,3,22788.444,0.0,0.0,0.0,0.0,151922.96
1722820,IT,PT,PAPER,FINAN,0.09,22787.577,4,4,22787.575,0.0,0.0,0.0,0.002,253195.3
1683889,IT,HR,TRANS,RETA1,0.14,22786.037,3,3,22786.037,0.0,0.0,0.0,0.0,162757.407143
1683765,IT,HR,MACHI,TRAN2,0.13,22785.672,4,4,22785.67,0.0,0.0,0.0,0.002,175274.4
1646378,IT,BE,FABRI,ELECT,0.09,22785.102,4,4,22785.1,0.0,0.0,0.0,0.002,253167.8
1806139,IT,WF,FABRI,LEAD1,0.09,22784.543,4,4,22784.541,0.0,0.0,0.0,0.002,253161.588889
1793210,IT,WA,PRIVA,VEGET,5.08,22783.841,4,4,22783.837,0.0,0.0,0.0,0.004,4485.008071
1801826,IT,WE,ELEC7,CATTL,0.02,22783.535,3,3,22783.535,0.0,0.0,0.0,0.0,1139176.75
1733165,IT,SI,FABRI,INTER,0.09,22783.461,4,4,22783.459,0.0,0.0,0.0,0.002,253149.566667
1747967,IT,JP,RESEA,DISTR,0.12,22782.537,4,4,22782.535,0.0,0.0,0.0,0.002,189854.475
1687752,IT,HU,SUPPO,SALEM,0.16,22782.475,3,3,22782.475,0.0,0.0,0.0,0.0,142390.46875
1743717,IT,US,RAILW,MEMBE,0.15,22782.317,3,3,22782.317,0.0,0.0,0.0,0.0,151882.113333
1773636,IT,CH,TRANS,EDUCA,0.14,22780.887,3,3,22780.887,0.0,0.0,0.0,0.0,162720.621429
1726405,IT,RO,FABRI,PIGS9,0.09,22780.854,4,4,22780.852,0.0,0.0,0.0,0.002,253120.6
1688925,IT,IE,FABRI,WOODW,0.09,22780.546,4,4,22780.544,0.0,0.0,0.0,0.002,253117.177778
1719124,IT,PL,PLAST,MEATC,0.05,22779.424,4,4,22779.422,0.0,0.0,0.0,0.002,455588.48
1776337,IT,TR,PAPER,SALEM,0.09,22777.925,4,4,22777.923,0.0,0.0,0.0,0.002,253088.055556
1766098,IT,RU,RUBBE,TEXTI,0.08,22777.522,4,4,22777.52,0.0,0.0,0.0,0.002,284719.025
1642062,IT,AT,GLASS,WEARI,0.06,22775.97,3,3,22775.97,0.0,0.0,0.0,0.0,379599.5
1728871,IT,SE,CHEM1,PIGS9,0.05,22774.63,4,4,22774.628,0.0,0.0,0.0,0.002,455492.6
1778815,IT,TR,LANDT,BLAST,0.15,22774.184,3,3,22774.184,0.0,0.0,0.0,0.0,151827.893333
1727997,IT,SE,SANDC,PAPER,0.05,22774.155,4,4,22769.155,0.0,0.0,5.0,0.0,455483.1
1789090,IT,WA,BITU1,LEAD1,0.04,22773.337,4,4,22773.335,0.0,0.0,0.0,0.002,569333.425
1750330,IT,CN,FABRI,CROPS,0.09,22773.097,4,4,22773.095,0.0,0.0,0.0,0.002,253034.411111
1804376,IT,WF,KEROS,PFERT,0.03,22772.202,4,4,22772.2,0.0,0.0,0.0,0.002,759073.4
1662277,IT,DK,CERAM,PRIVA,0.04,22771.74,3,3,22771.74,0.0,0.0,0.0,0.0,569293.5
1761045,IT,IN,PLAST,CERAM,0.05,22771.693,4,4,22771.691,0.0,0.0,0.0,0.002,455433.86
1784023,IT,ID,TEXTI,PAPER,0.13,22770.456,4,4,22770.453,0.0,0.0,0.0,0.003,175157.353846
1640627,IT,AT,BEVER,CERAM,0.1,22770.434,3,3,22770.434,0.0,0.0,0.0,0.0,227704.34
1776093,IT,TR,WEARI,WHOLE,0.17,22769.239,4,4,22769.235,0.0,0.0,0.0,0.004,133936.7
1652766,IT,CZ,PAPER,RENTI,0.09,22768.703,4,4,22768.701,0.0,0.0,0.0,0.002,252985.588889
1675696,IT,FR,TRANS,PLAS1,0.14,22768.267,3,3,22768.267,0.0,0.0,0.0,0.0,162630.478571
1811561,IT,WM,PFERT,BIOG1,0.01,22768.238,4,4,22768.234,0.0,0.0,0.0,0.004,2276823.8
1778909,IT,TR,SEACO,PARAF,0.02,22767.83,3,3,22767.83,0.0,0.0,0.0,0.0,1138391.5
1711257,IT,LU,OFFIC,RENTI,0.07,22766.745,4,4,22766.743,0.0,0.0,0.0,0.002,325239.214286
1814689,IT,WM,PLAS1,INSUR,0.08,22766.152,4,4,22766.15,0.0,0.0,0.0,0.002,284576.9
1643477,IT,AT,LANDT,TRAN2,0.15,22763.877,3,3,22763.877,0.0,0.0,0.0,0.0,151759.18
1686871,IT,HU,FABRI,PAPE4,0.09,22763.642,4,4,22763.64,0.0,0.0,0.0,0.002,252929.355556
1745239,IT,JP,SANDC,BASIC,0.05,22762.758,4,4,22757.758,0.0,0.0,5.0,0.0,455255.16
1663261,IT,DK,SEACO,ALUM1,0.02,22760.787,3,3,22760.787,0.0,0.0,0.0,0.0,1138039.35
1649637,IT,BG,GLASS,LANDT,0.06,22760.721,3,3,22760.721,0.0,0.0,0.0,0.0,379345.35
1659587,IT,DE,HOTEL,KEROS,0.16,22760.064,4,4,22760.062,0.0,0.0,0.0,0.002,142250.4
1757292,IT,BR,FOOD5,MEATP,0.11,22759.454,4,4,22759.452,0.0,0.0,0.0,0.002,206904.127273
1724476,IT,PT,SUPPO,DIST1,0.16,22758.527,3,3,22758.527,0.0,0.0,0.0,0.0,142240.79375
1794452,IT,WL,GASDI,TOBAC,0.03,22758.52,4,4,22758.518,0.0,0.0,0.0,0.002,758617.333333
1765765,IT,RU,PRINT,COMPU,0.22,22757.586,4,4,22757.584,0.0,0.0,0.0,0.002,103443.572727
1712583,IT,LV,MACHI,RAILW,0.13,22756.604,4,4,22756.602,0.0,0.0,0.0,0.002,175050.8
1674287,IT,FR,PLAST,WOODW,0.05,22756.447,4,4,22756.445,0.0,0.0,0.0,0.002,455128.94
1713971,IT,MT,WHOLE,MEAT4,0.2,22756.007,3,3,22756.007,0.0,0.0,0.0,0.0,113780.035
1770428,IT,AU,SEACO,GASDI,0.02,22755.966,3,3,22755.966,0.0,0.0,0.0,0.0,1137798.3
1768193,IT,RU,PUBLI,REALE,0.37,22755.762,4,4,22755.76,0.0,0.0,0.0,0.002,61502.059459
1673962,IT,FR,KEROS,CATTL,0.03,22754.528,4,4,22754.526,0.0,0.0,0.0,0.002,758484.266667
1721361,IT,PL,SEACO,STONE,0.02,22751.832,3,3,22751.832,0.0,0.0,0.0,0.0,1137591.6
1710843,IT,LU,PAPER,REALE,0.09,22750.385,4,4,22750.383,0.0,0.0,0.0,0.002,252782.055556
1781826,IT,NO,PLAST,NATU1,0.05,22750.107,4,4,22750.105,0.0,0.0,0.0,0.002,455002.14
1771482,IT,CH,BEVER,RAILW,0.1,22750.079,3,3,22750.079,0.0,0.0,0.0,0.0,227500.79
1787880,IT,WA,BEVER,CRUDE,0.1,22744.632,3,3,22744.632,0.0,0.0,0.0,0.0,227446.32
1788601,IT,WA,PAPER,EDUCA,0.09,22744.318,4,4,22744.316,0.0,0.0,0.0,0.002,252714.644444
1803170,IT,WF,OILSE,BUSIN,0.02,22744.011,3,3,22744.011,0.0,0.0,0.0,0.0,1137200.55
1756417,IT,KR,FURNI,PRIVA,0.07,22742.989,4,4,22742.987,0.0,0.0,0.0,0.002,324899.842857
1798167,IT,WE,WHEAT,BUSIN,0.02,22742.93,3,3,22742.93,0.0,0.0,0.0,0.0,1137146.5
1789060,IT,WA,NAPHT,REALE,0.04,22742.887,4,4,22742.885,0.0,0.0,0.0,0.002,568572.175
1656193,IT,DE,TEXTI,CEMEN,0.13,22741.622,4,4,22741.619,0.0,0.0,0.0,0.003,174935.553846
1685006,IT,HU,VEGE1,RETA1,0.07,22740.716,4,4,22740.711,0.0,0.0,0.0,0.005,324867.371429
1717182,IT,NL,AIRTR,MEMBE,0.02,22740.218,3,3,22740.218,0.0,0.0,0.0,0.0,1137010.9
1812665,IT,WM,COPP1,GLASS,0.06,22738.0,3,3,22738.0,0.0,0.0,0.0,0.0,378966.666667
1762695,IT,IN,BUSIN,NATUR,0.23,22736.433,4,4,22736.431,0.0,0.0,0.0,0.002,98854.056522
1756115,IT,KR,FABRI,POSTT,0.09,22733.976,4,4,22733.974,0.0,0.0,0.0,0.002,252599.733333
1646823,IT,BE,SALEM,HEALT,0.18,22733.517,3,3,22733.517,0.0,0.0,0.0,0.0,126297.316667
1675033,IT,FR,ALUM1,SANDC,0.04,22732.54,4,4,22732.538,0.0,0.0,0.0,0.002,568313.5
1642005,IT,AT,RUBBE,BLAST,0.08,22732.523,4,4,22732.521,0.0,0.0,0.0,0.002,284156.5375
1741440,IT,US,MOTOR,PETRO,0.03,22730.171,4,4,22730.169,0.0,0.0,0.0,0.002,757672.366667
1772532,IT,CH,RUBBE,PFERT,0.08,22729.634,4,4,22729.632,0.0,0.0,0.0,0.002,284120.425
1797153,IT,WL,POSTT,ELEC2,0.37,22729.097,4,4,22729.095,0.0,0.0,0.0,0.002,61429.991892
1685709,IT,HU,PARAF,CROPS,0.04,22728.534,4,4,22728.532,0.0,0.0,0.0,0.002,568213.35
1775762,IT,TR,CRUDE,PETRO,0.04,22728.241,4,4,22728.239,0.0,0.0,0.0,0.002,568206.025
1763862,IT,MX,NONME,FOUND,0.05,22727.724,4,4,22727.722,0.0,0.0,0.0,0.002,454554.48
1709659,IT,LT,HEAVY,MEATC,0.04,22727.177,4,4,22727.175,0.0,0.0,0.0,0.002,568179.425
1660805,IT,DE,COMPU,BIOGA,0.26,22726.65,3,3,22726.65,0.0,0.0,0.0,0.0,87410.192308
1790469,IT,WA,COPP1,TEXTI,0.06,22725.747,3,3,22725.747,0.0,0.0,0.0,0.0,378762.45
1748007,IT,JP,BUSIN,DAIRY,0.23,22723.627,4,4,22723.625,0.0,0.0,0.0,0.002,98798.378261
1802924,IT,WF,PADDY,NONFE,0.23,22721.813,4,4,22720.813,0.0,1.0,0.0,0.0,98790.491304
1673435,IT,FR,WEARI,ELEC4,0.17,22720.084,4,4,22720.08,0.0,0.0,0.0,0.004,133647.552941
1673975,IT,FR,KEROS,REFI1,0.03,22719.551,4,4,22719.549,0.0,0.0,0.0,0.002,757318.366667
1670890,IT,FI,PLAST,REALE,0.05,22719.35,4,4,22719.348,0.0,0.0,0.0,0.002,454387.0
1672718,IT,FR,CHEMI,FISHF,0.05,22718.736,5,5,22717.734,0.0,0.0,1.0,0.002,454374.72
1748629,IT,CN,DAIRY,KEROS,0.09,22717.898,4,4,22717.896,0.0,0.0,0.0,0.002,252421.088889
1646030,IT,BE,NONME,SALEM,0.05,22716.278,4,4,22716.276,0.0,0.0,0.0,0.002,454325.56
1770919,IT,CH,WHEAT,WHEAT,0.02,22714.849,3,3,22714.849,0.0,0.0,0.0,0.0,1135742.45
1658280,IT,DE,COPP1,PREC1,0.06,22714.297,3,3,22714.297,0.0,0.0,0.0,0.0,378571.616667
1789716,IT,WA,GLASS,CATTL,0.06,22713.228,3,3,22713.228,0.0,0.0,0.0,0.0,378553.8
1748731,IT,CN,BEVER,ELECT,0.1,22712.966,3,3,22712.966,0.0,0.0,0.0,0.0,227129.66
1808355,IT,WF,FOOD3,INSUR,0.06,22711.519,3,3,22711.519,0.0,0.0,0.0,0.0,378525.316667
1794036,IT,WL,PULP5,BIODI,0.07,22710.388,4,4,22710.386,0.0,0.0,0.0,0.002,324434.114286
1811250,IT,WM,BITU1,RAWMI,0.04,22709.487,4,4,22709.485,0.0,0.0,0.0,0.002,567737.175
1689717,IT,IE,FINAN,FOOD5,0.3,22708.778,3,3,22708.778,0.0,0.0,0.0,0.0,75695.926667
1682276,IT,HR,LEATH,RADIO,0.16,22707.463,4,4,22707.459,0.0,0.0,0.0,0.004,141921.64375
1814058,IT,WM,AIRTR,CROPS,0.02,22705.527,3,3,22705.527,0.0,0.0,0.0,0.0,1135276.35
1797991,IT,WL,PAPE4,PUBLI,0.15,22702.092,3,3,22702.092,0.0,0.0,0.0,0.0,151347.28
1785627,IT,ZA,HEAVY,OILSE,0.04,22701.322,4,4,22701.32,0.0,0.0,0.0,0.002,567533.05
1711986,IT,LV,VEGET,RETA1,0.08,22696.735,3,3,22696.735,0.0,0.0,0.0,0.0,283709.1875
1754269,IT,CA,POSTT,RENTI,0.37,22696.508,4,4,22696.506,0.0,0.0,0.0,0.002,61341.913514
1763259,IT,MX,WOODW,93197,0.06,22694.119,4,4,22694.117,0.0,0.0,0.0,0.002,378235.316667
1782444,IT,NO,MACHI,PFERT,0.13,22694.108,4,4,22694.106,0.0,0.0,0.0,0.002,174570.061538
1666037,IT,ES,KEROS,ELEC5,0.03,22693.908,4,4,22693.906,0.0,0.0,0.0,0.002,756463.6
1779023,IT,TR,AIRTR,MEDIC,0.02,22693.706,3,3,22693.706,0.0,0.0,0.0,0.0,1134685.3
1731970,IT,SI,MOTOR,MEMBE,0.03,22693.629,4,4,22693.627,0.0,0.0,0.0,0.002,756454.3
1766708,IT,RU,FABRI,PAPE4,0.09,22692.919,4,4,22692.917,0.0,0.0,0.0,0.002,252143.544444
1712372,IT,LV,GLASS,WOODW,0.06,22692.232,3,3,22692.232,0.0,0.0,0.0,0.0,378203.866667
1766286,IT,RU,CERAM,INLAN,0.04,22691.923,3,3,22691.923,0.0,0.0,0.0,0.0,567298.075
1667568,IT,ES,FABRI,PLAS1,0.09,22691.675,4,4,22691.673,0.0,0.0,0.0,0.002,252129.722222
1775803,IT,TR,CHEMI,REFI1,0.05,22691.488,5,5,22690.486,0.0,0.0,1.0,0.002,453829.76
1726215,IT,RO,NONME,BEVER,0.05,22689.93,4,4,22689.928,0.0,0.0,0.0,0.002,453798.6
1650081,IT,BG,MACHI,POSTT,0.13,22689.536,4,4,22689.534,0.0,0.0,0.0,0.002,174534.892308
1751174,IT,CN,HOTEL,VEGE1,0.16,22689.468,4,4,22689.466,0.0,0.0,0.0,0.002,141809.175
1672476,IT,FI,FOOD4,BUSIN,0.16,22689.376,3,3,22689.376,0.0,0.0,0.0,0.0,141808.6
1658071,IT,DE,PREC1,SUPPO,0.04,22688.509,3,3,22688.509,0.0,0.0,0.0,0.0,567212.725
1710273,IT,LT,MOTO1,HOTEL,0.12,22687.524,3,3,22687.524,0.0,0.0,0.0,0.0,189062.7
1811290,IT,WM,BITU1,WHITE,0.04,22686.775,4,4,22686.773,0.0,0.0,0.0,0.002,567169.375
1715470,IT,NL,KEROS,PARAF,0.03,22686.69,4,4,22686.688,0.0,0.0,0.0,0.002,756223.0
1750952,IT,CN,CONST,HEALT,0.13,22686.029,3,3,22686.029,0.0,0.0,0.0,0.0,174507.915385
1664592,IT,EE,HOTEL,COMPU,0.16,22685.445,4,4,22685.443,0.0,0.0,0.0,0.002,141784.03125
1725254,IT,RO,FOOD5,LANDT,0.11,22685.433,4,4,22685.431,0.0,0.0,0.0,0.002,206231.209091
1753679,IT,CA,MOTO1,RADIO,0.12,22684.897,3,3,22684.897,0.0,0.0,0.0,0.0,189040.808333
1712216,IT,LV,PAPER,PAPER,0.09,22684.081,4,4,22684.079,0.0,0.0,0.0,0.002,252045.344444
1803762,IT,WF,TEXTI,PLANT,0.13,22682.275,4,4,22682.272,0.0,0.0,0.0,0.003,174479.038462
1785342,IT,ZA,WOODW,FOOD5,0.06,22681.799,4,4,22681.797,0.0,0.0,0.0,0.002,378029.983333
1741509,IT,US,KEROS,VEGET,0.03,22680.999,4,4,22680.997,0.0,0.0,0.0,0.002,756033.3
1809786,IT,WM,FOOD5,NAPHT,0.11,22680.635,4,4,22680.633,0.0,0.0,0.0,0.002,206187.590909
1798949,IT,WE,FISH5,COMPU,0.1,22680.074,4,4,22680.062,0.0,0.0,0.0,0.012,226800.74
1661645,IT,DK,TEXTI,PULP5,0.13,22679.996,4,4,22679.993,0.0,0.0,0.0,0.003,174461.507692
1676739,IT,FR,RAILW,MEMBE,0.15,22679.28,3,3,22679.28,0.0,0.0,0.0,0.0,151195.2
1645746,IT,BE,RUBBE,REFI1,0.08,22677.936,4,4,22677.934,0.0,0.0,0.0,0.002,283474.2
1746973,IT,JP,MOTO1,INSUR,0.12,22676.822,3,3,22676.822,0.0,0.0,0.0,0.0,188973.516667
1755776,IT,KR,GLASS,93197,0.06,22675.582,3,3,22675.582,0.0,0.0,0.0,0.0,377926.366667
1737017,IT,GB,NATUR,DIST1,0.03,22674.681,3,3,22674.681,0.0,0.0,0.0,0.0,755822.7
1743154,IT,US,MOTO1,SEACO,0.12,22673.853,3,3,22673.853,0.0,0.0,0.0,0.0,188948.775
1709982,IT,LT,PREC1,FURNI,0.04,22673.408,3,3,22673.408,0.0,0.0,0.0,0.0,566835.2
1750783,IT,CN,FURNI,SUGAR,0.07,22673.315,4,4,22673.313,0.0,0.0,0.0,0.002,323904.5
1728288,IT,SE,BEVER,BASIC,0.1,22673.256,3,3,22673.256,0.0,0.0,0.0,0.0,226732.56
1645992,IT,BE,NONME,NONFE,0.05,22671.784,4,4,22671.782,0.0,0.0,0.0,0.002,453435.68
1766491,IT,RU,ALUM1,RADIO,0.04,22670.76,4,4,22670.758,0.0,0.0,0.0,0.002,566769.0
1792403,IT,WA,INSUR,RUBBE,0.47,22669.442,3,3,22669.442,0.0,0.0,0.0,0.0,48232.855319
1686728,IT,HU,COPP1,COLLE,0.06,22669.177,3,3,22669.177,0.0,0.0,0.0,0.0,377819.616667
1805808,IT,WF,PREC1,FURNI,0.04,22668.616,3,3,22668.616,0.0,0.0,0.0,0.0,566715.4
1785797,IT,ZA,CHEM1,MEATC,0.05,22667.974,4,4,22667.972,0.0,0.0,0.0,0.002,453359.48
1671093,IT,FI,RUBBE,EDUCA,0.08,22667.844,4,4,22667.842,0.0,0.0,0.0,0.002,283348.05
1747988,IT,JP,RESEA,EDUCA,0.12,22667.563,4,4,22667.561,0.0,0.0,0.0,0.002,188896.358333
1755649,IT,KR,RUBBE,LIQUE,0.08,22666.512,4,4,22666.51,0.0,0.0,0.0,0.002,283331.4
1720969,IT,PL,WHOLE,RETAI,0.2,22666.145,3,3,22666.145,0.0,0.0,0.0,0.0,113330.725
1748523,IT,CN,CHEMI,NONME,0.05,22664.533,5,5,22663.531,0.0,0.0,1.0,0.002,453290.66
1725531,IT,RO,LEATH,BRICK,0.16,22663.805,4,4,22663.801,0.0,0.0,0.0,0.004,141648.78125
1662423,IT,DK,PREC1,MOTO1,0.04,22663.318,3,3,22663.318,0.0,0.0,0.0,0.0,566582.95
1743850,IT,US,SEACO,FISHF,0.02,22662.513,3,3,22662.513,0.0,0.0,0.0,0.0,1133125.65
1731631,IT,SI,LEATH,MACHI,0.16,22661.175,4,4,22661.171,0.0,0.0,0.0,0.004,141632.34375
1765863,IT,RU,NONSP,KEROS,0.03,22660.467,3,3,22660.467,0.0,0.0,0.0,0.0,755348.9
1795561,IT,WL,COPP1,PLAST,0.06,22660.425,3,3,22660.425,0.0,0.0,0.0,0.0,377673.75
1759630,IT,BR,RESEA,WEARI,0.12,22660.192,4,4,22660.19,0.0,0.0,0.0,0.002,188834.933333
1782504,IT,NO,MACHI,MEMBE,0.13,22658.196,4,4,22658.194,0.0,0.0,0.0,0.002,174293.815385
1669006,IT,ES,SUPPO,FISHF,0.16,22656.151,3,3,22656.151,0.0,0.0,0.0,0.0,141600.94375
1796695,IT,WL,RAILW,COPP1,0.15,22654.177,3,3,22654.177,0.0,0.0,0.0,0.0,151027.846667
1791075,IT,WA,TRANS,HEAVY,0.14,22653.787,3,3,22653.787,0.0,0.0,0.0,0.0,161812.764286
1796091,IT,WL,TRANS,CHARC,0.14,22653.576,3,3,22653.576,0.0,0.0,0.0,0.0,161811.257143
1765720,IT,RU,PAPER,RESEA,0.09,22652.595,4,4,22652.593,0.0,0.0,0.0,0.002,251695.5
1668467,IT,ES,RETA1,INERT,0.24,22651.562,3,3,22651.562,0.0,0.0,0.0,0.0,94381.508333
1718337,IT,PL,BEVER,MEATA,0.1,22651.089,3,3,22651.089,0.0,0.0,0.0,0.0,226510.89
1760274,IT,IN,CROPS,TOBAC,0.18,22648.233,3,3,22648.233,0.0,0.0,0.0,0.0,125823.516667
1646117,IT,BE,BASIC,FOOD4,0.03,22647.326,3,3,22647.326,0.0,0.0,0.0,0.0,754910.866667
1795358,IT,WL,NONME,BUSIN,0.05,22646.913,4,4,22646.911,0.0,0.0,0.0,0.002,452938.26
1710267,IT,LT,MOTO1,STEAM,0.12,22646.742,3,3,22646.742,0.0,0.0,0.0,0.0,188722.85
1814174,IT,WM,SUPPO,PROCE,0.16,22646.501,3,3,22646.501,0.0,0.0,0.0,0.0,141540.63125
1674247,IT,FR,LUBRI,RAILW,0.03,22644.015,3,3,22644.015,0.0,0.0,0.0,0.0,754800.5
1786256,IT,ZA,FABRI,COKIN,0.09,22643.066,4,4,22643.064,0.0,0.0,0.0,0.002,251589.622222
1716005,IT,NL,BRICK,WASTE,0.03,22643.064,3,3,22643.064,0.0,0.0,0.0,0.0,754768.8
1781566,IT,NO,WEARI,FISHF,0.17,22642.267,4,4,22642.263,0.0,0.0,0.0,0.004,133189.805882
1809804,IT,WM,FOOD5,NONF1,0.11,22641.535,4,4,22641.533,0.0,0.0,0.0,0.002,205832.136364
1649671,IT,BG,CERAM,LANDT,0.04,22640.594,3,3,22640.594,0.0,0.0,0.0,0.0,566014.85
1793386,IT,WL,OILSE,CHEM1,0.02,22639.874,3,3,22639.874,0.0,0.0,0.0,0.0,1131993.7
1807150,IT,WF,AIRTR,PULP5,0.02,22637.216,3,3,22637.216,0.0,0.0,0.0,0.0,1131860.8
1782345,IT,NO,FABRI,FOOD5,0.09,22637.101,4,4,22637.099,0.0,0.0,0.0,0.002,251523.344444
1741080,IT,US,TEXTI,SUPPO,0.13,22635.653,4,4,22635.65,0.0,0.0,0.0,0.003,174120.407692
1785896,IT,ZA,ADDIT,RENTI,0.05,22634.603,4,4,22634.601,0.0,0.0,0.0,0.002,452692.06
1665217,IT,ES,FOOD5,DISTR,0.11,22634.391,4,4,22634.389,0.0,0.0,0.0,0.002,205767.190909
1712800,IT,LV,SEACO,BUSIN,0.02,22633.393,3,3,22633.393,0.0,0.0,0.0,0.0,1131669.65
1763808,IT,MX,CERAM,COLLE,0.04,22633.187,3,3,22633.187,0.0,0.0,0.0,0.0,565829.675
1664318,IT,EE,FABRI,FORES,0.09,22631.732,4,4,22631.73,0.0,0.0,0.0,0.002,251463.688889
1679810,IT,GR,ALUM1,MEATP,0.04,22630.992,4,4,22630.99,0.0,0.0,0.0,0.002,565774.8
1718063,IT,PL,MEATP,FISH5,0.09,22630.969,4,4,22630.967,0.0,0.0,0.0,0.002,251455.211111
1741773,IT,US,NONSP,DIST1,0.03,22630.755,3,3,22630.755,0.0,0.0,0.0,0.0,754358.5
1753087,IT,CA,RUBBE,MEAT1,0.07,22630.433,4,4,22630.431,0.0,0.0,0.0,0.002,323291.9
1733005,IT,SI,LEAD1,OFFIC,0.04,22630.16,4,4,22630.158,0.0,0.0,0.0,0.002,565754.0
1655720,IT,DE,CHEMI,93197,0.05,22629.789,5,5,22628.787,0.0,0.0,1.0,0.002,452595.78
1667320,IT,ES,ALUM1,AIRTR,0.04,22629.372,4,4,22629.37,0.0,0.0,0.0,0.002,565734.3
1746358,IT,JP,RUBBE,LEATH,0.07,22629.022,4,4,22629.02,0.0,0.0,0.0,0.002,323271.742857
1714678,IT,NL,VEGE1,MEAT1,0.07,22628.581,4,4,22628.576,0.0,0.0,0.0,0.005,323265.442857
1685932,IT,HU,CHEM1,FOODW,0.05,22626.628,4,4,22626.626,0.0,0.0,0.0,0.002,452532.56
1646271,IT,BE,LEAD1,WASTE,0.04,22624.799,4,4,22624.797,0.0,0.0,0.0,0.002,565619.975
1735160,IT,SK,RUBBE,VEGE1,0.07,22623.428,4,4,22623.426,0.0,0.0,0.0,0.002,323191.828571
1733937,IT,SI,SUPPO,PRINT,0.16,22623.311,3,3,22623.311,0.0,0.0,0.0,0.0,141395.69375
1717602,IT,NL,RESEA,WHOLE,0.12,22623.047,4,4,22623.045,0.0,0.0,0.0,0.002,188525.391667
1807048,IT,WF,TRAN2,INSUR,0.03,22622.917,3,3,22622.917,0.0,0.0,0.0,0.0,754097.233333
1732226,IT,SI,HEAVY,FINAN,0.04,22622.893,4,4,22622.891,0.0,0.0,0.0,0.002,565572.325
1761697,IT,IN,FABRI,RECRE,0.09,22621.808,4,4,22621.806,0.0,0.0,0.0,0.002,251353.422222
1811154,IT,WM,NAPHT,BITU1,0.04,22621.716,4,4,22621.714,0.0,0.0,0.0,0.002,565542.9
1720300,IT,PL,FABRI,BRICK,0.09,22621.236,4,4,22621.234,0.0,0.0,0.0,0.002,251347.066667
1773017,IT,CH,ALUM1,WEARI,0.04,22620.396,4,4,22620.394,0.0,0.0,0.0,0.002,565509.9
1785719,IT,ZA,NAPHT,COLLE,0.04,22619.364,4,4,22619.362,0.0,0.0,0.0,0.002,565484.1
1732473,IT,SI,CHEM1,DISTR,0.05,22619.307,4,4,22619.305,0.0,0.0,0.0,0.002,452386.14
1810802,IT,WM,KEROS,TEXTI,0.03,22616.799,4,4,22616.797,0.0,0.0,0.0,0.002,753893.3
1812508,IT,WM,ALUM1,SANDC,0.04,22616.355,4,4,22616.353,0.0,0.0,0.0,0.002,565408.875
1640979,IT,AT,WOODW,DIST1,0.06,22613.418,4,4,22613.416,0.0,0.0,0.0,0.002,376890.3
1806846,IT,WF,RETA1,LANDT,0.24,22613.31,3,3,22613.31,0.0,0.0,0.0,0.0,94222.125
1663204,IT,DK,LANDT,EDUCA,0.15,22612.883,3,3,22612.883,0.0,0.0,0.0,0.0,150752.553333
1645634,IT,BE,CHEM1,ELEC4,0.05,22612.839,4,4,22612.837,0.0,0.0,0.0,0.002,452256.78
1658765,IT,DE,MOTO1,CROPS,0.12,22612.071,3,3,22612.071,0.0,0.0,0.0,0.0,188433.925
1683195,IT,HR,GLASS,COLLE,0.06,22611.449,3,3,22611.449,0.0,0.0,0.0,0.0,376857.483333
1665771,IT,ES,PAPER,RETAI,0.09,22611.108,4,4,22611.106,0.0,0.0,0.0,0.002,251234.533333
1813529,IT,WM,WHOLE,NATU1,0.2,22611.005,3,3,22611.005,0.0,0.0,0.0,0.0,113055.025
1717623,IT,NL,BUSIN,CRUDE,0.23,22610.907,4,4,22610.905,0.0,0.0,0.0,0.002,98308.291304
1685792,IT,HU,PLAST,ELEC2,0.05,22610.6,4,4,22610.598,0.0,0.0,0.0,0.002,452212.0
1739584,IT,GB,SEACO,REFIN,0.02,22610.313,3,3,22610.313,0.0,0.0,0.0,0.0,1130515.65
1737414,IT,GB,TEXTI,BUSIN,0.13,22609.988,4,4,22609.985,0.0,0.0,0.0,0.003,173922.984615
1647404,IT,BE,AIRTR,KEROS,0.02,22608.482,3,3,22608.482,0.0,0.0,0.0,0.0,1130424.1
1652179,IT,CZ,DAIRY,CATTL,0.09,22604.848,4,4,22604.846,0.0,0.0,0.0,0.002,251164.977778
1642340,IT,AT,BASIC,MEDIC,0.03,22603.662,3,3,22603.662,0.0,0.0,0.0,0.0,753455.4
1683002,IT,HR,CHEM1,PLAST,0.05,22602.793,4,4,22602.791,0.0,0.0,0.0,0.002,452055.86
1793511,IT,WL,CHEMI,RETAI,0.05,22601.037,5,5,22600.035,0.0,0.0,1.0,0.002,452020.74
1664389,IT,EE,MACHI,DAIRY,0.13,22599.816,4,4,22599.814,0.0,0.0,0.0,0.002,173844.738462
1795651,IT,WL,FABRI,NFERT,0.09,22597.652,4,4,22597.65,0.0,0.0,0.0,0.002,251085.022222
1775797,IT,TR,CHEMI,COKEO,0.05,22597.296,5,5,22596.294,0.0,0.0,1.0,0.002,451945.92
1652026,IT,CZ,VEGET,SALEM,0.08,22597.191,3,3,22597.191,0.0,0.0,0.0,0.0,282464.8875
1673330,IT,FR,TEXTI,NONF1,0.13,22597.185,4,4,22597.182,0.0,0.0,0.0,0.003,173824.5
1812800,IT,WM,FABRI,MEATC,0.09,22597.098,4,4,22597.096,0.0,0.0,0.0,0.002,251078.866667
1805606,IT,WF,NONME,PIGS9,0.05,22594.843,4,4,22594.841,0.0,0.0,0.0,0.002,451896.86
1768446,IT,AU,DAIRY,CONST,0.09,22593.971,4,4,22593.969,0.0,0.0,0.0,0.002,251044.122222
1799268,IT,WE,LEATH,RADIO,0.16,22593.471,4,4,22593.467,0.0,0.0,0.0,0.004,141209.19375
1687724,IT,HU,SUPPO,PRINT,0.16,22593.416,3,3,22593.416,0.0,0.0,0.0,0.0,141208.85
1793784,IT,WL,TOBAC,CHARC,0.09,22591.197,3,3,22591.197,0.0,0.0,0.0,0.0,251013.3
1732789,IT,SI,NONME,LANDT,0.05,22588.324,4,4,22588.322,0.0,0.0,0.0,0.002,451766.48
1671632,IT,FI,FURNI,RENTI,0.07,22587.977,4,4,22587.975,0.0,0.0,0.0,0.002,322685.385714
1740983,IT,US,BEVER,COLLE,0.1,22587.222,3,3,22587.222,0.0,0.0,0.0,0.0,225872.22
1652607,IT,CZ,WOODW,VEGET,0.06,22586.894,4,4,22586.892,0.0,0.0,0.0,0.002,376448.233333
1712458,IT,LV,ALUM1,FOOD5,0.04,22586.678,4,4,22586.676,0.0,0.0,0.0,0.002,564666.95
1810460,IT,WM,PULP5,SUPPO,0.07,22585.686,4,4,22585.684,0.0,0.0,0.0,0.002,322652.657143
1794590,IT,WL,HEAVY,NONF1,0.04,22585.252,4,4,22585.25,0.0,0.0,0.0,0.002,564631.3
1687405,IT,HU,HOTEL,RAILW,0.16,22585.193,4,4,22585.191,0.0,0.0,0.0,0.002,141157.45625
1799228,IT,WE,LEATH,VEGE1,0.16,22584.677,4,4,22584.673,0.0,0.0,0.0,0.004,141154.23125
1778890,IT,TR,SEACO,PROCE,0.02,22584.672,3,3,22584.672,0.0,0.0,0.0,0.0,1129233.6
1723953,IT,PT,SALEM,WEARI,0.18,22583.07,3,3,22583.07,0.0,0.0,0.0,0.0,125461.5
1784514,IT,ID,FABRI,ELECT,0.09,22582.049,4,4,22582.047,0.0,0.0,0.0,0.002,250911.655556
1813880,IT,WM,LANDT,NONME,0.15,22581.747,3,3,22581.747,0.0,0.0,0.0,0.0,150544.98
1720108,IT,PL,LEAD1,RUBBE,0.04,22578.596,4,4,22578.594,0.0,0.0,0.0,0.002,564464.9
1686962,IT,HU,MACHI,DIST1,0.13,22576.997,4,4,22576.995,0.0,0.0,0.0,0.002,173669.207692
1649707,IT,BG,NONME,FURNI,0.05,22576.804,4,4,22576.802,0.0,0.0,0.0,0.002,451536.08
1687942,IT,HU,RENTI,MEATP,0.13,22576.442,3,3,22576.442,0.0,0.0,0.0,0.0,173664.938462
1645149,IT,BE,PRINT,PLAST,0.22,22576.168,4,4,22576.166,0.0,0.0,0.0,0.002,102618.945455
1788600,IT,WA,PAPER,PUBLI,0.09,22575.581,4,4,22575.579,0.0,0.0,0.0,0.002,250839.788889
1713621,IT,MT,PREC1,RUBBE,0.04,22573.782,3,3,22573.782,0.0,0.0,0.0,0.0,564344.55
1798555,IT,WE,CHEMI,LEATH,0.05,22573.509,5,5,22572.507,0.0,0.0,1.0,0.002,451470.18
1753754,IT,CA,FURNI,NONME,0.07,22570.776,4,4,22570.774,0.0,0.0,0.0,0.002,322439.657143
1728718,IT,SE,MOTOR,POSTT,0.03,22570.773,4,4,22570.771,0.0,0.0,0.0,0.002,752359.1
1640270,IT,AT,STONE,DISTR,0.07,22570.73,4,4,22569.73,0.0,0.0,1.0,0.0,322439.0
1717629,IT,NL,BUSIN,MEATC,0.23,22569.109,4,4,22569.107,0.0,0.0,0.0,0.002,98126.56087
1718480,IT,PL,TEXTI,BIODI,0.13,22567.59,4,4,22567.587,0.0,0.0,0.0,0.003,173596.846154
1709409,IT,LT,BEVER,POSTT,0.1,22567.315,3,3,22567.315,0.0,0.0,0.0,0.0,225673.15
1640437,IT,AT,VEGE1,PREC1,0.07,22566.7,4,4,22566.695,0.0,0.0,0.0,0.005,322381.428571
1777892,IT,TR,MACHI,NATUR,0.13,22566.41,4,4,22566.408,0.0,0.0,0.0,0.002,173587.769231
1763030,IT,MX,TEXTI,NONFE,0.13,22566.342,4,4,22566.339,0.0,0.0,0.0,0.003,173587.246154
1785755,IT,ZA,PLAST,CERAM,0.05,22566.299,4,4,22566.297,0.0,0.0,0.0,0.002,451325.98
1797447,IT,WL,COMPU,93197,0.26,22565.928,3,3,22565.928,0.0,0.0,0.0,0.0,86792.030769
1666163,IT,ES,GASDI,FOODW,0.03,22565.65,4,4,22565.648,0.0,0.0,0.0,0.002,752188.333333
1772916,IT,CH,BASIC,MEMBE,0.03,22564.578,3,3,22564.578,0.0,0.0,0.0,0.0,752152.6
1753367,IT,CA,PREC1,PUBLI,0.04,22564.342,3,3,22564.342,0.0,0.0,0.0,0.0,564108.55
1674110,IT,FR,HEAVY,LEATH,0.04,22563.439,4,4,22563.437,0.0,0.0,0.0,0.002,564085.975
1682987,IT,HR,CHEM1,MEAT4,0.05,22563.233,4,4,22563.231,0.0,0.0,0.0,0.002,451264.66
1782175,IT,NO,NONME,RETA1,0.05,22563.151,4,4,22563.149,0.0,0.0,0.0,0.002,451263.02
1729295,IT,SE,NONME,BEVER,0.05,22561.727,4,4,22561.725,0.0,0.0,0.0,0.002,451234.54
1651814,IT,CY,HOTEL,CONST,0.16,22561.447,4,4,22561.445,0.0,0.0,0.0,0.002,141009.04375
1663901,IT,EE,LEATH,BASIC,0.16,22560.99,4,4,22560.986,0.0,0.0,0.0,0.004,141006.1875
1791231,IT,WA,FURNI,COKE1,0.07,22557.115,4,4,22557.113,0.0,0.0,0.0,0.002,322244.5
1649055,IT,BG,PAPER,OILSE,0.09,22556.032,4,4,22556.03,0.0,0.0,0.0,0.002,250622.577778
1750653,IT,CN,MOTO1,FOOD5,0.12,22555.808,3,3,22555.808,0.0,0.0,0.0,0.0,187965.066667
1737815,IT,GB,BITU1,HEAVY,0.04,22555.781,4,4,22555.779,0.0,0.0,0.0,0.002,563894.525
1677112,IT,FR,SUPPO,PLAS1,0.16,22553.567,3,3,22553.567,0.0,0.0,0.0,0.0,140959.79375
1766245,IT,RU,GLASS,PUBLI,0.06,22552.943,3,3,22552.943,0.0,0.0,0.0,0.0,375882.383333
1808337,IT,WF,FOOD3,WEARI,0.06,22552.765,3,3,22552.765,0.0,0.0,0.0,0.0,375879.416667
1652057,IT,CZ,FORES,PAPER,0.2,22551.505,4,4,22542.505,0.0,9.0,0.0,0.0,112757.525
1735187,IT,SK,RUBBE,BASIC,0.07,22550.97,4,4,22550.968,0.0,0.0,0.0,0.002,322156.714286
1681575,IT,GR,BUSIN,AUXIL,0.23,22550.455,4,4,22550.453,0.0,0.0,0.0,0.002,98045.456522
1677622,IT,FR,REALE,RETA1,0.95,22549.883,3,3,22549.883,0.0,0.0,0.0,0.0,23736.718947
1774950,IT,CH,INSUR,HEALT,0.46,22549.867,3,3,22549.867,0.0,0.0,0.0,0.0,49021.45
1722000,IT,PL,COMPU,HOTEL,0.26,22549.638,3,3,22549.638,0.0,0.0,0.0,0.0,86729.376923
1757494,IT,BR,PAPER,RENTI,0.09,22549.073,4,4,22549.071,0.0,0.0,0.0,0.002,250545.255556
1716112,IT,NL,BASIC,FOOD2,0.03,22548.484,3,3,22548.484,0.0,0.0,0.0,0.0,751616.133333
1745370,IT,JP,VEGE1,MOTO1,0.07,22547.26,4,4,22547.255,0.0,0.0,0.0,0.005,322103.714286
1715417,IT,NL,MOTOR,BIODI,0.03,22546.968,4,4,22546.966,0.0,0.0,0.0,0.002,751565.6
1726067,IT,RO,RUBBE,MEATC,0.07,22546.834,4,4,22546.832,0.0,0.0,0.0,0.002,322097.628571
1748730,IT,CN,BEVER,OFFIC,0.1,22545.468,3,3,22545.468,0.0,0.0,0.0,0.0,225454.68
1777195,IT,TR,RUBBE,LIGNI,0.07,22544.601,4,4,22544.599,0.0,0.0,0.0,0.002,322065.728571
1765549,IT,RU,LEATH,PFERT,0.16,22542.145,4,4,22542.141,0.0,0.0,0.0,0.004,140888.40625
1652965,IT,CZ,NAPHT,MOTOR,0.04,22541.181,4,4,22541.179,0.0,0.0,0.0,0.002,563529.525
1689751,IT,IE,FINAN,FINAN,0.29,22540.25,3,3,22540.25,0.0,0.0,0.0,0.0,77725.0
1719898,IT,PL,PREC1,LEATH,0.04,22540.149,3,3,22540.149,0.0,0.0,0.0,0.0,563503.725
1729647,IT,SE,FABRI,NONME,0.09,22539.924,4,4,22539.922,0.0,0.0,0.0,0.002,250443.6
1672840,IT,FR,MEAT4,RECRE,0.12,22536.591,4,4,22536.589,0.0,0.0,0.0,0.002,187804.925
1728333,IT,SE,TEXTI,FORES,0.13,22536.578,4,4,22536.575,0.0,0.0,0.0,0.003,173358.292308
1806524,IT,WF,FURNI,MEATA,0.07,22535.532,4,4,22535.53,0.0,0.0,0.0,0.002,321936.171429
1647495,IT,BE,SUPPO,KERO1,0.16,22534.637,3,3,22534.637,0.0,0.0,0.0,0.0,140841.48125
1717136,IT,NL,SEACO,FOOD3,0.02,22534.084,3,3,22534.084,0.0,0.0,0.0,0.0,1126704.2
1670185,IT,ES,RECRE,BEVER,0.29,22533.366,4,4,22533.364,0.0,0.0,0.0,0.002,77701.262069
1773383,IT,CH,MACHI,PAPE1,0.13,22532.582,4,4,22532.58,0.0,0.0,0.0,0.002,173327.553846
1776189,IT,TR,LEATH,TEXT2,0.16,22532.094,4,4,22532.09,0.0,0.0,0.0,0.004,140825.5875
1770468,IT,AU,AIRTR,VEGE1,0.02,22530.781,3,3,22530.781,0.0,0.0,0.0,0.0,1126539.05
1716022,IT,NL,NONME,DAIRY,0.05,22530.701,4,4,22530.699,0.0,0.0,0.0,0.002,450614.02
1789136,IT,WA,NONSP,RENTI,0.03,22530.384,3,3,22530.384,0.0,0.0,0.0,0.0,751012.8
1718703,IT,PL,WOODW,RENTI,0.06,22530.372,4,4,22530.37,0.0,0.0,0.0,0.002,375506.2
1769196,IT,AU,CHEM1,POSTT,0.05,22528.571,4,4,22528.569,0.0,0.0,0.0,0.002,450571.42
1803231,IT,WF,CATTL,NICKE,0.05,22528.148,5,5,22527.146,0.0,1.0,0.0,0.002,450562.96
1647233,IT,BE,LANDT,BIODI,0.15,22527.246,3,3,22527.246,0.0,0.0,0.0,0.0,150181.64
1735316,IT,SK,CERAM,MEATA,0.04,22525.596,3,3,22525.596,0.0,0.0,0.0,0.0,563139.9
1676435,IT,FR,RETA1,PIGS9,0.24,22524.859,3,3,22524.859,0.0,0.0,0.0,0.0,93853.579167
1654397,IT,CZ,WHOLE,FOOD5,0.19,22524.568,3,3,22524.568,0.0,0.0,0.0,0.0,118550.357895
1686040,IT,HU,BIODI,RECRE,0.05,22523.762,4,4,22523.76,0.0,0.0,0.0,0.002,450475.24
1803806,IT,WF,TEXTI,MOTOR,0.13,22523.511,4,4,22523.508,0.0,0.0,0.0,0.003,173257.776923
1732527,IT,SI,RUBBE,BASIC,0.07,22523.313,4,4,22523.311,0.0,0.0,0.0,0.002,321761.614286
1777089,IT,TR,CHEM1,SEACO,0.05,22522.324,4,4,22522.322,0.0,0.0,0.0,0.002,450446.48
1714486,IT,NL,FISHF,REALE,0.04,22522.213,3,3,22522.213,0.0,0.0,0.0,0.0,563055.325
1641337,IT,AT,KEROS,WOODW,0.03,22520.569,4,4,22520.567,0.0,0.0,0.0,0.002,750685.633333
1670581,IT,FI,TEXTI,RESEA,0.13,22520.088,4,4,22520.085,0.0,0.0,0.0,0.003,173231.446154
1796842,IT,WL,SEACO,WEARI,0.02,22519.284,3,3,22519.284,0.0,0.0,0.0,0.0,1125964.2
1672866,IT,FR,VEGE1,PRINT,0.07,22518.823,4,4,22518.818,0.0,0.0,0.0,0.005,321697.471429
1656962,IT,DE,LIQUE,ELEC1,0.04,22518.44,4,4,22518.438,0.0,0.0,0.0,0.002,562961.0
1800778,IT,WE,BASIC,CATTL,0.03,22517.107,3,3,22517.107,0.0,0.0,0.0,0.0,750570.233333
1790047,IT,WA,NONME,FOOD3,0.05,22515.78,4,4,22515.778,0.0,0.0,0.0,0.002,450315.6
1797707,IT,WL,PLAS1,DISTR,0.08,22512.084,4,4,22512.082,0.0,0.0,0.0,0.002,281401.05
1735113,IT,SK,CHEM1,RENTI,0.05,22511.508,4,4,22511.506,0.0,0.0,0.0,0.002,450230.16
1716616,IT,NL,SALEM,SUPPO,0.18,22509.868,3,3,22509.868,0.0,0.0,0.0,0.0,125054.822222
1802534,IT,WE,POSTT,EDUCA,0.37,22509.866,4,4,22509.864,0.0,0.0,0.0,0.002,60837.475676
1748522,IT,CN,CHEMI,CERAM,0.05,22508.938,5,5,22507.936,0.0,0.0,1.0,0.002,450178.76
1709855,IT,LT,GLASS,PULP5,0.06,22504.792,3,3,22504.792,0.0,0.0,0.0,0.0,375079.866667
1732518,IT,SI,RUBBE,PLAST,0.07,22504.677,4,4,22504.675,0.0,0.0,0.0,0.002,321495.385714
1755054,IT,KR,WEARI,COLLE,0.17,22503.753,4,4,22503.749,0.0,0.0,0.0,0.004,132375.017647
1793557,IT,WL,MEAT4,CHARC,0.12,22503.633,4,4,22503.631,0.0,0.0,0.0,0.002,187530.275
1787257,IT,WA,VEGET,ALUM1,0.08,22501.111,3,3,22501.111,0.0,0.0,0.0,0.0,281263.8875
1747045,IT,JP,FURNI,CATTL,0.07,22500.952,4,4,22500.95,0.0,0.0,0.0,0.002,321442.171429
1643309,IT,AT,RAILW,FOOD5,0.15,22500.548,3,3,22500.548,0.0,0.0,0.0,0.0,150003.653333
1756170,IT,KR,MACHI,COALT,0.13,22500.392,4,4,22500.39,0.0,0.0,0.0,0.002,173079.938462
1805048,IT,WF,PLAST,ELEC8,0.05,22500.243,4,4,22500.241,0.0,0.0,0.0,0.002,450004.86
1797711,IT,WL,PLAS1,RETA1,0.08,22498.173,4,4,22498.171,0.0,0.0,0.0,0.002,281227.1625
1655450,IT,DE,FORES,WHOLE,0.2,22497.469,4,4,22488.469,0.0,9.0,0.0,0.0,112487.345
1712750,IT,LV,LANDT,FISH5,0.15,22496.601,3,3,22496.601,0.0,0.0,0.0,0.0,149977.34
1688293,IT,IE,STONE,CONST,0.07,22496.21,4,4,22495.21,0.0,0.0,1.0,0.0,321374.428571
1771431,IT,CH,FOOD5,EDUCA,0.11,22495.187,4,4,22495.185,0.0,0.0,0.0,0.002,204501.7
1725909,IT,RO,BITU1,DIST1,0.04,22494.934,4,4,22494.932,0.0,0.0,0.0,0.002,562373.35
1784670,IT,ID,OFFIC,PUBLI,0.07,22493.425,4,4,22493.423,0.0,0.0,0.0,0.002,321334.642857
1804042,IT,WF,WOODW,RUBBE,0.06,22493.265,4,4,22493.263,0.0,0.0,0.0,0.002,374887.75
1773194,IT,CH,FABRI,LEATH,0.09,22492.591,4,4,22492.589,0.0,0.0,0.0,0.002,249917.677778
1653411,IT,CZ,CERAM,RESEA,0.04,22492.525,3,3,22492.525,0.0,0.0,0.0,0.0,562313.125
1773691,IT,CH,FURNI,ELEC4,0.07,22492.256,4,4,22492.254,0.0,0.0,0.0,0.002,321317.942857
1724426,IT,PT,AIRTR,FOUND,0.02,22492.198,3,3,22492.198,0.0,0.0,0.0,0.0,1124609.9
1744872,IT,US,BUSIN,NATU1,0.23,22491.68,4,4,22491.678,0.0,0.0,0.0,0.002,97789.913043
1645590,IT,BE,CHEM1,COALT,0.05,22491.121,4,4,22491.119,0.0,0.0,0.0,0.002,449822.42
1804115,IT,WF,PAPER,SUGA1,0.09,22490.393,4,4,22490.391,0.0,0.0,0.0,0.002,249893.255556
1739774,IT,GB,POSTT,RUBBE,0.37,22490.171,4,4,22490.169,0.0,0.0,0.0,0.002,60784.245946
1666424,IT,ES,BITU1,NONSP,0.04,22489.822,4,4,22489.82,0.0,0.0,0.0,0.002,562245.55
1718813,IT,PL,PAPER,PREC1,0.09,22489.783,4,4,22489.781,0.0,0.0,0.0,0.002,249886.477778
1678907,IT,GR,TEXTI,PAPER,0.13,22489.029,4,4,22489.026,0.0,0.0,0.0,0.003,172992.530769
1778804,IT,TR,LANDT,MEDIC,0.15,22487.874,3,3,22487.874,0.0,0.0,0.0,0.0,149919.16
1670807,IT,FI,PRINT,MEMBE,0.22,22486.416,4,4,22486.414,0.0,0.0,0.0,0.002,102210.981818
1809205,IT,WM,MEATA,93197,0.12,22485.817,4,4,22485.814,0.0,0.0,0.0,0.003,187381.808333
1724268,IT,PT,LANDT,HEAVY,0.15,22485.248,3,3,22485.248,0.0,0.0,0.0,0.0,149901.653333
1668959,IT,ES,AIRTR,NONME,0.02,22483.572,3,3,22483.572,0.0,0.0,0.0,0.0,1124178.6
1640128,IT,AT,CEREA,CATTL,0.04,22483.388,3,3,22483.388,0.0,0.0,0.0,0.0,562084.7
1667944,IT,ES,MOTO1,WASTE,0.12,22481.659,3,3,22481.659,0.0,0.0,0.0,0.0,187347.158333
1812324,IT,WM,BASIC,WHITE,0.03,22481.594,3,3,22481.594,0.0,0.0,0.0,0.0,749386.466667
1754014,IT,CA,SEACO,RAWMI,0.02,22481.581,3,3,22481.581,0.0,0.0,0.0,0.0,1124079.05
1718387,IT,PL,BEVER,MOTO1,0.1,22481.429,3,3,22481.429,0.0,0.0,0.0,0.0,224814.29
1747872,IT,JP,RENTI,MACHI,0.13,22480.948,3,3,22480.948,0.0,0.0,0.0,0.0,172930.369231
1797108,IT,WL,POSTT,BEVER,0.37,22479.894,4,4,22479.892,0.0,0.0,0.0,0.002,60756.47027
1670855,IT,FI,PLAST,PEAT2,0.05,22479.208,4,4,22479.206,0.0,0.0,0.0,0.002,449584.16
1740664,IT,US,STONE,ANTHR,0.07,22478.445,4,4,22477.445,0.0,0.0,1.0,0.0,321120.642857
1795121,IT,WL,RUBBE,LIQUE,0.07,22477.419,4,4,22477.417,0.0,0.0,0.0,0.002,321105.985714
1719257,IT,PL,CHEM1,NUCLE,0.05,22476.44,4,4,22476.438,0.0,0.0,0.0,0.002,449528.8
1664071,IT,EE,CHEM1,NONME,0.05,22474.562,4,4,22474.56,0.0,0.0,0.0,0.002,449491.24
1784813,IT,ID,HOTEL,HOTEL,0.16,22473.79,4,4,22473.788,0.0,0.0,0.0,0.002,140461.1875
1762979,IT,MX,PROCE,TEXTI,0.15,22472.086,3,3,22472.086,0.0,0.0,0.0,0.0,149813.906667
1718681,IT,PL,WOODW,BASIC,0.06,22471.389,4,4,22471.387,0.0,0.0,0.0,0.002,374523.15
1712777,IT,LV,LANDT,SUPPO,0.14,22471.172,3,3,22471.172,0.0,0.0,0.0,0.0,160508.371429
1778067,IT,TR,OFFIC,RECRE,0.07,22470.923,4,4,22470.921,0.0,0.0,0.0,0.002,321013.185714
1804017,IT,WF,WOODW,NICKE,0.06,22467.1,4,4,22467.098,0.0,0.0,0.0,0.002,374451.666667
1781354,IT,NO,DAIRY,CHEM1,0.09,22464.811,4,4,22464.809,0.0,0.0,0.0,0.002,249609.011111
1799689,IT,WE,MOTOR,BLAST,0.03,22464.54,4,4,22464.538,0.0,0.0,0.0,0.002,748818.0
1754012,IT,CA,SEACO,CATTL,0.02,22463.629,3,3,22463.629,0.0,0.0,0.0,0.0,1123181.45
1784885,IT,ID,AIRTR,FINAN,0.02,22463.261,3,3,22463.261,0.0,0.0,0.0,0.0,1123163.05
1643547,IT,AT,SEACO,HEAVY,0.02,22462.77,3,3,22462.77,0.0,0.0,0.0,0.0,1123138.5
1673250,IT,FR,FISH5,OFFIC,0.09,22460.854,4,4,22460.842,0.0,0.0,0.0,0.012,249565.044444
1762429,IT,IN,POSTT,SUPPO,0.37,22460.674,4,4,22460.672,0.0,0.0,0.0,0.002,60704.524324
1719799,IT,PL,BASIC,NONSP,0.03,22459.913,3,3,22459.913,0.0,0.0,0.0,0.0,748663.766667
1674139,IT,FR,HEAVY,BASIC,0.04,22459.569,4,4,22459.567,0.0,0.0,0.0,0.002,561489.225
1794544,IT,WL,HEAVY,VEGE1,0.04,22459.314,4,4,22459.312,0.0,0.0,0.0,0.002,561482.85
1802954,IT,WF,WHEAT,CHEMI,0.02,22459.096,3,3,22459.096,0.0,0.0,0.0,0.0,1122954.8
1788925,IT,WA,HEAVY,CHEMI,0.04,22458.519,4,4,22458.517,0.0,0.0,0.0,0.002,561462.975
1649503,IT,BG,RUBBE,PRECI,0.07,22458.414,4,4,22458.412,0.0,0.0,0.0,0.002,320834.485714
1795737,IT,WL,MACHI,IRONO,0.13,22458.258,4,4,22458.256,0.0,0.0,0.0,0.002,172755.830769
1681373,IT,GR,AUXIL,SALEM,0.41,22457.221,3,3,22457.221,0.0,0.0,0.0,0.0,54773.709756
1746271,IT,JP,CHEM1,ELEC6,0.05,22456.897,4,4,22456.895,0.0,0.0,0.0,0.002,449137.94
1756532,IT,KR,WHOLE,AIRTR,0.19,22456.283,3,3,22456.283,0.0,0.0,0.0,0.0,118190.963158
1764300,IT,MX,MACHI,FOOD4,0.13,22454.761,4,4,22454.759,0.0,0.0,0.0,0.002,172728.930769
1746343,IT,JP,RUBBE,VEGET,0.07,22454.106,4,4,22454.104,0.0,0.0,0.0,0.002,320772.942857
1670961,IT,FI,CHEM1,ELEC5,0.05,22453.624,4,4,22453.622,0.0,0.0,0.0,0.002,449072.48
1739386,IT,GB,RAILW,REALE,0.15,22453.354,3,3,22453.354,0.0,0.0,0.0,0.0,149689.026667
1745977,IT,JP,WOODW,HOTEL,0.06,22452.725,4,4,22452.723,0.0,0.0,0.0,0.002,374212.083333
1814366,IT,WM,FINAN,MEMBE,0.29,22452.717,3,3,22452.717,0.0,0.0,0.0,0.0,77423.162069
1670743,IT,FI,PAPER,SALEM,0.09,22451.47,4,4,22451.468,0.0,0.0,0.0,0.002,249460.777778
1724366,IT,PT,SEACO,ELEC1,0.02,22450.782,3,3,22450.782,0.0,0.0,0.0,0.0,1122539.1
1766880,IT,RU,OFFIC,RUBBE,0.07,22450.157,4,4,22450.155,0.0,0.0,0.0,0.002,320716.528571
1679131,IT,GR,PAPER,RADIO,0.09,22450.076,4,4,22450.074,0.0,0.0,0.0,0.002,249445.288889
1805571,IT,WF,CEMEN,LEADZ,0.04,22447.026,3,3,22447.026,0.0,0.0,0.0,0.0,561175.65
1714423,IT,NL,OILSE,VEGE1,0.02,22446.677,3,3,22446.677,0.0,0.0,0.0,0.0,1122333.85
1742051,IT,US,RUBBE,SUBBI,0.07,22445.599,4,4,22445.597,0.0,0.0,0.0,0.002,320651.414286
1684293,IT,HR,AIRTR,HOTEL,0.02,22445.516,3,3,22445.516,0.0,0.0,0.0,0.0,1122275.8
1766258,IT,RU,CERAM,PFERT,0.03,22445.224,3,3,22445.224,0.0,0.0,0.0,0.0,748174.133333
1712187,IT,LV,WOODW,CONST,0.06,22445.095,4,4,22445.093,0.0,0.0,0.0,0.002,374084.916667
1653187,IT,CZ,CHEM1,INERT,0.05,22443.181,4,4,22443.179,0.0,0.0,0.0,0.002,448863.62
1741551,IT,US,GASDI,CROPS,0.03,22442.678,4,4,22442.676,0.0,0.0,0.0,0.002,748089.266667
1663326,IT,DK,AIRTR,HOTEL,0.02,22442.117,3,3,22442.117,0.0,0.0,0.0,0.0,1122105.85
1659424,IT,DE,WHOLE,FURNI,0.19,22441.774,3,3,22441.774,0.0,0.0,0.0,0.0,118114.6
1719231,IT,PL,CHEM1,CHEMI,0.05,22440.102,4,4,22440.1,0.0,0.0,0.0,0.002,448802.04
1754695,IT,KR,VEGE1,HEAVY,0.07,22438.509,4,4,22438.504,0.0,0.0,0.0,0.005,320550.128571
1791804,IT,WA,LANDT,VEGE1,0.14,22438.495,3,3,22438.495,0.0,0.0,0.0,0.0,160274.964286
1804903,IT,WF,BITU1,FURNI,0.04,22438.402,4,4,22438.4,0.0,0.0,0.0,0.002,560960.05
1782270,IT,NO,ALUM1,BUSIN,0.04,22438.301,4,4,22438.299,0.0,0.0,0.0,0.002,560957.525
1725588,IT,RO,WOODW,BRICK,0.06,22437.786,4,4,22437.784,0.0,0.0,0.0,0.002,373963.1
1814070,IT,WM,AIRTR,COPPE,0.02,22436.755,3,3,22436.755,0.0,0.0,0.0,0.0,1121837.75
1799258,IT,WE,LEATH,CEMEN,0.16,22436.608,4,4,22436.604,0.0,0.0,0.0,0.004,140228.8
1684402,IT,HR,POSTT,HEALT,0.37,22435.717,4,4,22435.715,0.0,0.0,0.0,0.002,60637.072973
1736863,IT,SK,BUSIN,CEMEN,0.23,22434.958,4,4,22434.956,0.0,0.0,0.0,0.002,97543.295652
1646883,IT,BE,WHOLE,LEATH,0.19,22433.177,3,3,22433.177,0.0,0.0,0.0,0.0,118069.352632
1684889,IT,HU,SANDC,MOTO1,0.05,22428.152,4,4,22423.152,0.0,0.0,5.0,0.0,448563.04
1750661,IT,CN,MOTO1,MOTOR,0.12,22427.837,3,3,22427.837,0.0,0.0,0.0,0.0,186898.641667
1778722,IT,TR,RAILW,MOTO1,0.15,22427.3,3,3,22427.3,0.0,0.0,0.0,0.0,149515.333333
1662434,IT,DK,ALUM1,MEATA,0.04,22424.7,4,4,22424.698,0.0,0.0,0.0,0.002,560617.5
1650082,IT,BG,MACHI,FINAN,0.13,22424.018,4,4,22424.016,0.0,0.0,0.0,0.002,172492.446154
1730113,IT,SE,HOTEL,FURNI,0.16,22423.871,4,4,22423.869,0.0,0.0,0.0,0.002,140149.19375
1649860,IT,BG,COPP1,RUBBE,0.06,22420.52,3,3,22420.52,0.0,0.0,0.0,0.0,373675.333333
1812802,IT,WM,FABRI,MEAT1,0.09,22420.273,4,4,22420.271,0.0,0.0,0.0,0.002,249114.144444
1791145,IT,WA,TRANS,MEMBE,0.13,22418.423,3,3,22418.423,0.0,0.0,0.0,0.0,172449.407692
1735436,IT,SK,BASIC,CERAM,0.03,22414.845,3,3,22414.845,0.0,0.0,0.0,0.0,747161.5
1640219,IT,AT,FORES,CHEM1,0.2,22413.103,4,4,22404.103,0.0,9.0,0.0,0.0,112065.515
1771818,IT,CH,WOODW,TOBAC,0.06,22412.894,4,4,22412.892,0.0,0.0,0.0,0.002,373548.233333
1721625,IT,PL,POSTT,WHOLE,0.37,22412.787,4,4,22412.785,0.0,0.0,0.0,0.002,60575.1
1765855,IT,RU,NAPHT,CHEM1,0.04,22412.633,4,4,22412.631,0.0,0.0,0.0,0.002,560315.825
1748014,IT,JP,BUSIN,TEXTI,0.23,22412.214,4,4,22412.212,0.0,0.0,0.0,0.002,97444.408696
1800690,IT,WE,BRICK,PAPER,0.03,22411.703,3,3,22411.703,0.0,0.0,0.0,0.0,747056.766667
1778972,IT,TR,SEACO,INTER,0.02,22411.115,3,3,22411.115,0.0,0.0,0.0,0.0,1120555.75
1725707,IT,RO,PAPER,TRAN2,0.09,22408.636,4,4,22408.634,0.0,0.0,0.0,0.002,248984.844444
1779727,IT,TR,BUSIN,TEXTI,0.23,22407.695,4,4,22407.693,0.0,0.0,0.0,0.002,97424.76087
1764976,IT,MX,POSTT,BUSIN,0.37,22406.686,4,4,22406.684,0.0,0.0,0.0,0.002,60558.610811
1686237,IT,HU,CERAM,TEXTI,0.03,22406.679,3,3,22406.679,0.0,0.0,0.0,0.0,746889.3
1658901,IT,DE,FURNI,PULP5,0.07,22406.604,4,4,22406.602,0.0,0.0,0.0,0.002,320094.342857
1776687,IT,TR,HEAVY,NONME,0.04,22406.315,4,4,22406.313,0.0,0.0,0.0,0.002,560157.875
1740026,IT,GB,RENTI,FOOD5,0.13,22406.007,3,3,22406.007,0.0,0.0,0.0,0.0,172353.9
1732387,IT,SI,PLAST,PFERT,0.05,22403.99,4,4,22403.988,0.0,0.0,0.0,0.002,448079.8
1675800,IT,FR,FURNI,TEXT1,0.07,22402.81,4,4,22402.808,0.0,0.0,0.0,0.002,320040.142857
1725643,IT,RO,PAPER,CEREA,0.09,22402.732,4,4,22402.73,0.0,0.0,0.0,0.002,248919.244444
1749578,IT,CN,PLAST,TRAN1,0.05,22402.56,4,4,22402.558,0.0,0.0,0.0,0.002,448051.2
1654552,IT,CZ,HOTEL,FINAN,0.16,22402.553,4,4,22402.551,0.0,0.0,0.0,0.002,140015.95625
1670846,IT,FI,NONSP,NONME,0.03,22402.281,3,3,22402.281,0.0,0.0,0.0,0.0,746742.7
1658220,IT,DE,LEAD1,ELEC5,0.04,22401.633,4,4,22401.631,0.0,0.0,0.0,0.002,560040.825
1735351,IT,SK,CEMEN,RETA1,0.04,22399.683,3,3,22399.683,0.0,0.0,0.0,0.0,559992.075
1684474,IT,HR,RENTI,FINAN,0.13,22399.339,3,3,22399.339,0.0,0.0,0.0,0.0,172302.607692
1750208,IT,CN,LEAD1,RUBBE,0.04,22398.563,4,4,22398.561,0.0,0.0,0.0,0.002,559964.075
1734616,IT,SK,TEXTI,BEVER,0.13,22397.292,4,4,22397.289,0.0,0.0,0.0,0.003,172286.861538
1801469,IT,WE,MOTO1,MOTOR,0.12,22396.921,3,3,22396.921,0.0,0.0,0.0,0.0,186641.008333
1778974,IT,TR,SEACO,FOOD2,0.02,22396.751,3,3,22396.751,0.0,0.0,0.0,0.0,1119837.55
1783688,IT,NO,WASTE,TEXT1,0.07,22396.187,3,3,22396.187,0.0,0.0,0.0,0.0,319945.528571
1771457,IT,CH,BEVER,HEAVY,0.1,22396.029,3,3,22396.029,0.0,0.0,0.0,0.0,223960.29
1735517,IT,SK,PREC1,RETA1,0.04,22394.976,3,3,22394.976,0.0,0.0,0.0,0.0,559874.4
1657694,IT,DE,CERAM,OILHA,0.03,22394.834,3,3,22394.834,0.0,0.0,0.0,0.0,746494.466667
1767102,IT,RU,FURNI,COLLE,0.07,22394.494,4,4,22394.492,0.0,0.0,0.0,0.002,319921.342857
1793730,IT,WL,BEVER,MEATC,0.1,22394.078,3,3,22394.078,0.0,0.0,0.0,0.0,223940.78
1673867,IT,FR,PRINT,INTER,0.21,22393.314,4,4,22393.312,0.0,0.0,0.0,0.002,106634.828571
1808291,IT,WF,FOOD2,SALEM,0.13,22393.177,3,3,22393.177,0.0,0.0,0.0,0.0,172255.207692
1735156,IT,SK,RUBBE,MEATC,0.07,22393.128,4,4,22393.126,0.0,0.0,0.0,0.002,319901.828571
1682704,IT,HR,GASDI,FOOD5,0.03,22393.116,4,4,22393.114,0.0,0.0,0.0,0.002,746437.2
1771560,IT,CH,TEXTI,PREC1,0.13,22393.076,4,4,22393.073,0.0,0.0,0.0,0.003,172254.430769
1763121,IT,MX,WEARI,INSUR,0.17,22393.07,4,4,22393.066,0.0,0.0,0.0,0.004,131723.941176
1723849,IT,PT,TRANS,WOODW,0.13,22392.226,3,3,22392.226,0.0,0.0,0.0,0.0,172247.892308
1739604,IT,GB,SEACO,NONF1,0.02,22391.92,3,3,22391.92,0.0,0.0,0.0,0.0,1119596.0
1665825,IT,ES,PRINT,TOBAC,0.21,22391.439,4,4,22391.437,0.0,0.0,0.0,0.002,106625.9
1652905,IT,CZ,KEROS,RETA1,0.03,22390.518,4,4,22390.516,0.0,0.0,0.0,0.002,746350.6
1774308,IT,CH,HOTEL,LEATH,0.16,22390.151,4,4,22390.149,0.0,0.0,0.0,0.002,139938.44375
1806127,IT,WF,FABRI,PFERT,0.09,22390.059,4,4,22390.057,0.0,0.0,0.0,0.002,248778.433333
1661142,IT,DE,RECRE,RETA1,0.28,22389.008,4,4,22389.006,0.0,0.0,0.0,0.002,79960.742857
1762680,IT,IN,RESEA,HEALT,0.12,22386.363,4,4,22386.361,0.0,0.0,0.0,0.002,186553.025
1750136,IT,CN,PREC1,COPP1,0.04,22386.149,3,3,22386.149,0.0,0.0,0.0,0.0,559653.725
1663775,IT,EE,BEVER,DAIRY,0.1,22383.769,3,3,22383.769,0.0,0.0,0.0,0.0,223837.69
1773630,IT,CH,TRANS,REALE,0.13,22383.547,3,3,22383.547,0.0,0.0,0.0,0.0,172181.130769
1642128,IT,AT,CERAM,BEVER,0.03,22383.187,3,3,22383.187,0.0,0.0,0.0,0.0,746106.233333
1806473,IT,WF,TRANS,NONF1,0.13,22382.886,3,3,22382.886,0.0,0.0,0.0,0.0,172176.046154
1788481,IT,WA,PULP5,MEDIC,0.07,22382.802,4,4,22382.8,0.0,0.0,0.0,0.002,319754.314286
1796662,IT,WL,HOTEL,INLAN,0.16,22382.469,4,4,22382.467,0.0,0.0,0.0,0.002,139890.43125
1739182,IT,GB,RETA1,CERAM,0.23,22382.22,3,3,22382.22,0.0,0.0,0.0,0.0,97314.0
1717258,IT,NL,POSTT,MACHI,0.37,22381.498,4,4,22381.496,0.0,0.0,0.0,0.002,60490.535135
1664271,IT,EE,BASIC,HOTEL,0.03,22381.483,3,3,22381.483,0.0,0.0,0.0,0.0,746049.433333
1651250,IT,CY,CATTL,FOOD5,0.05,22380.705,5,5,22379.703,0.0,1.0,0.0,0.002,447614.1
1799574,IT,WE,PRINT,AUXIL,0.21,22380.623,4,4,22380.621,0.0,0.0,0.0,0.002,106574.395238
1788702,IT,WA,MOTOR,BEVER,0.03,22379.021,4,4,22379.019,0.0,0.0,0.0,0.002,745967.366667
1751227,IT,CN,HOTEL,SECO9,0.16,22377.636,4,4,22377.634,0.0,0.0,0.0,0.002,139860.225
1788709,IT,WA,MOTOR,PRINT,0.03,22376.176,4,4,22376.174,0.0,0.0,0.0,0.002,745872.533333
1738997,IT,GB,SALEM,ELEC5,0.18,22375.788,3,3,22375.788,0.0,0.0,0.0,0.0,124309.933333
1678305,IT,FR,FOOD3,INTER,0.06,22375.311,3,3,22375.311,0.0,0.0,0.0,0.0,372921.85
1767031,IT,RU,TRANS,RENTI,0.13,22373.227,3,3,22373.227,0.0,0.0,0.0,0.0,172101.746154
1739612,IT,GB,SEACO,ELE12,0.02,22371.752,3,3,22371.752,0.0,0.0,0.0,0.0,1118587.6
1675746,IT,FR,FURNI,BIODI,0.07,22371.64,4,4,22371.638,0.0,0.0,0.0,0.002,319594.857143
1795957,IT,WL,MOTO1,GASDI,0.12,22371.483,3,3,22371.483,0.0,0.0,0.0,0.0,186429.025
1795242,IT,WL,CERAM,BEVER,0.03,22370.442,3,3,22370.442,0.0,0.0,0.0,0.0,745681.4
1775377,IT,CH,PUBLI,CHEM1,0.37,22369.942,4,4,22369.94,0.0,0.0,0.0,0.002,60459.302703
1738625,IT,GB,FABRI,PAPE4,0.09,22369.096,4,4,22369.094,0.0,0.0,0.0,0.002,248545.511111
1803463,IT,WF,MEAT4,LEADZ,0.12,22365.575,4,4,22365.573,0.0,0.0,0.0,0.002,186379.791667
1766355,IT,RU,NONME,FOOD4,0.05,22365.072,4,4,22365.07,0.0,0.0,0.0,0.002,447301.44
1798225,IT,WE,VEGET,CEMEN,0.08,22364.73,3,3,22364.73,0.0,0.0,0.0,0.0,279559.125
1648794,IT,BG,BEVER,AIRTR,0.1,22363.796,3,3,22363.796,0.0,0.0,0.0,0.0,223637.96
1686701,IT,HU,COPP1,BIODI,0.06,22363.249,3,3,22363.249,0.0,0.0,0.0,0.0,372720.816667
1669515,IT,ES,AUXIL,REALE,0.41,22361.915,3,3,22361.915,0.0,0.0,0.0,0.0,54541.256098
1773984,IT,CH,SALEM,RESEA,0.18,22361.243,3,3,22361.243,0.0,0.0,0.0,0.0,124229.127778
1776806,IT,TR,NAPHT,NONF1,0.04,22361.237,4,4,22361.235,0.0,0.0,0.0,0.002,559030.925
1677832,IT,FR,BUSIN,CEREA,0.23,22360.61,4,4,22360.608,0.0,0.0,0.0,0.002,97220.043478
1651438,IT,CY,GASDI,CHEM1,0.03,22360.401,4,4,22360.399,0.0,0.0,0.0,0.002,745346.7
1711205,IT,LU,MACHI,CERAM,0.12,22359.183,4,4,22359.181,0.0,0.0,0.0,0.002,186326.525
1729146,IT,SE,GLASS,CEMEN,0.06,22358.903,3,3,22358.903,0.0,0.0,0.0,0.0,372648.383333
1654706,IT,CZ,LANDT,FINAN,0.14,22358.741,3,3,22358.741,0.0,0.0,0.0,0.0,159705.292857
1800847,IT,WE,BASIC,RETAI,0.03,22358.543,3,3,22358.543,0.0,0.0,0.0,0.0,745284.766667
1775643,IT,CH,93197,SEACO,0.15,22357.003,4,4,22357.001,0.0,0.0,0.0,0.002,149046.686667
1683563,IT,HR,LEAD1,WHOLE,0.04,22356.805,4,4,22356.803,0.0,0.0,0.0,0.002,558920.125
1721162,IT,PL,RAILW,RETA1,0.15,22356.741,3,3,22356.741,0.0,0.0,0.0,0.0,149044.94
1788471,IT,WA,PULP5,PREC1,0.07,22356.46,4,4,22356.458,0.0,0.0,0.0,0.002,319378.0
1647611,IT,BE,POSTT,RETA1,0.37,22355.693,4,4,22355.691,0.0,0.0,0.0,0.002,60420.791892
1688120,IT,HU,BUSIN,FISH5,0.23,22355.654,4,4,22355.652,0.0,0.0,0.0,0.002,97198.495652
1778973,IT,TR,SEACO,OILHA,0.02,22355.022,3,3,22355.022,0.0,0.0,0.0,0.0,1117751.1
1796709,IT,WL,RAILW,INSUR,0.15,22354.633,3,3,22354.633,0.0,0.0,0.0,0.0,149030.886667
1740951,IT,US,FOOD5,SUPPO,0.11,22353.561,4,4,22353.559,0.0,0.0,0.0,0.002,203214.190909
1664671,IT,EE,LANDT,HEALT,0.14,22351.634,3,3,22351.634,0.0,0.0,0.0,0.0,159654.528571
1748534,IT,CN,MEATC,MEATC,0.07,22351.297,3,3,22351.297,0.0,0.0,0.0,0.0,319304.242857
1767620,IT,RU,SUPPO,HOTEL,0.16,22350.976,3,3,22350.976,0.0,0.0,0.0,0.0,139693.6
1653687,IT,CZ,ALUM1,WASTE,0.04,22350.19,4,4,22350.188,0.0,0.0,0.0,0.002,558754.75
1749257,IT,CN,PAPER,FOUND,0.09,22349.884,4,4,22349.882,0.0,0.0,0.0,0.002,248332.044444
1643004,IT,AT,CONST,LIQUE,0.12,22349.535,3,3,22349.535,0.0,0.0,0.0,0.0,186246.125
1644236,IT,BE,OILSE,RENTI,0.02,22349.188,3,3,22349.188,0.0,0.0,0.0,0.0,1117459.4
1780458,IT,TW,POSTT,LEADZ,0.37,22348.564,4,4,22348.562,0.0,0.0,0.0,0.002,60401.524324
1766626,IT,RU,FABRI,PULP5,0.09,22346.741,4,4,22346.739,0.0,0.0,0.0,0.002,248297.122222
1669614,IT,ES,RENTI,RADIO,0.13,22344.562,3,3,22344.562,0.0,0.0,0.0,0.0,171881.246154
1744936,IT,US,BUSIN,ELEC4,0.23,22343.577,4,4,22343.575,0.0,0.0,0.0,0.002,97145.986957
1808742,IT,WF,TEXT2,INSUR,0.16,22342.22,3,3,22342.22,0.0,0.0,0.0,0.0,139638.875
1778979,IT,TR,SEACO,PLAS2,0.02,22341.005,3,3,22341.005,0.0,0.0,0.0,0.0,1117050.25
1755557,IT,KR,CHEM1,FOUND,0.05,22340.351,4,4,22340.349,0.0,0.0,0.0,0.002,446807.02
1680917,IT,GR,LANDT,REALE,0.14,22340.25,3,3,22340.25,0.0,0.0,0.0,0.0,159573.214286
1785341,IT,ZA,WOODW,DAIRY,0.06,22339.769,4,4,22339.767,0.0,0.0,0.0,0.002,372329.483333
1688177,IT,HU,BUSIN,SUPPO,0.23,22339.318,4,4,22339.316,0.0,0.0,0.0,0.002,97127.469565
1662178,IT,DK,RUBBE,AIRTR,0.07,22337.98,4,4,22337.978,0.0,0.0,0.0,0.002,319114.0
1664543,IT,EE,FURNI,EDUCA,0.07,22336.769,4,4,22336.767,0.0,0.0,0.0,0.002,319096.7
1771544,IT,CH,TEXTI,KEROS,0.13,22335.821,4,4,22335.818,0.0,0.0,0.0,0.003,171814.007692
1773090,IT,CH,LEAD1,MACHI,0.04,22334.388,4,4,22334.386,0.0,0.0,0.0,0.002,558359.7
1682174,IT,HR,TEXTI,WOOD2,0.13,22333.381,4,4,22333.378,0.0,0.0,0.0,0.003,171795.238462
1651773,IT,CY,OFFIC,SUPPO,0.07,22333.178,4,4,22333.176,0.0,0.0,0.0,0.002,319045.4
1769528,IT,AU,ALUM1,PLAST,0.04,22332.954,4,4,22332.952,0.0,0.0,0.0,0.002,558323.85
1687630,IT,HU,AIRTR,MEAT1,0.02,22332.782,3,3,22332.782,0.0,0.0,0.0,0.0,1116639.1
1683289,IT,HR,CEMEN,SANDC,0.04,22329.565,3,3,22329.565,0.0,0.0,0.0,0.0,558239.125
1656254,IT,DE,WEARI,TRANS,0.17,22329.543,4,4,22329.539,0.0,0.0,0.0,0.004,131350.252941
1653137,IT,CZ,CHEM1,LEAD1,0.05,22328.973,4,4,22328.971,0.0,0.0,0.0,0.002,446579.46
1760520,IT,IN,WEARI,CONST,0.17,22327.922,4,4,22327.918,0.0,0.0,0.0,0.004,131340.717647
1726583,IT,RO,OFFIC,EDUCA,0.07,22327.281,4,4,22327.279,0.0,0.0,0.0,0.002,318961.157143
1798418,IT,WE,NATUR,MEATC,0.03,22327.226,3,3,22327.226,0.0,0.0,0.0,0.0,744240.866667
1778982,IT,TR,SEACO,WOOD2,0.02,22327.115,3,3,22327.115,0.0,0.0,0.0,0.0,1116355.75
1684110,IT,HR,HOTEL,MEMBE,0.16,22326.887,4,4,22326.885,0.0,0.0,0.0,0.002,139543.04375
1793328,IT,WA,PRIVA,INLAN,4.98,22326.143,4,4,22326.139,0.0,0.0,0.0,0.004,4483.161245
1662694,IT,DK,MACHI,INLAN,0.12,22325.833,4,4,22325.831,0.0,0.0,0.0,0.002,186048.608333
1727071,IT,RO,RAILW,HEALT,0.15,22325.811,3,3,22325.811,0.0,0.0,0.0,0.0,148838.74
1711305,IT,LU,WHOLE,DAIRY,0.19,22325.58,3,3,22325.58,0.0,0.0,0.0,0.0,117503.052632
1661222,IT,DK,CEREA,FOOD5,0.04,22325.26,3,3,22325.26,0.0,0.0,0.0,0.0,558131.5
1751347,IT,CN,LANDT,SUPPO,0.14,22324.837,3,3,22324.837,0.0,0.0,0.0,0.0,159463.121429
1714643,IT,NL,MEATP,HOTEL,0.09,22324.22,4,4,22324.218,0.0,0.0,0.0,0.002,248046.888889
1807015,IT,WF,LANDT,RAILW,0.14,22324.063,3,3,22324.063,0.0,0.0,0.0,0.0,159457.592857
1676806,IT,FR,LANDT,NONME,0.14,22323.907,3,3,22323.907,0.0,0.0,0.0,0.0,159456.478571
1682918,IT,HR,NAPHT,COLLE,0.04,22322.689,4,4,22322.687,0.0,0.0,0.0,0.002,558067.225
1733868,IT,SI,SEACO,PLAST,0.02,22322.289,3,3,22322.289,0.0,0.0,0.0,0.0,1116114.45
1686907,IT,HU,MACHI,FISH5,0.12,22322.263,4,4,22322.261,0.0,0.0,0.0,0.002,186018.858333
1730755,IT,SE,BUSIN,SUGA1,0.23,22321.686,4,4,22321.684,0.0,0.0,0.0,0.002,97050.808696
1792735,IT,WA,BUSIN,NAPHT,0.23,22320.859,4,4,22320.857,0.0,0.0,0.0,0.002,97047.213043
1645030,IT,BE,PAPER,STONE,0.09,22320.832,4,4,22320.83,0.0,0.0,0.0,0.002,248009.244444
1649649,IT,BG,CERAM,FORES,0.03,22320.624,3,3,22320.624,0.0,0.0,0.0,0.0,744020.8
1654534,IT,CZ,HOTEL,TRAN1,0.16,22320.509,4,4,22320.507,0.0,0.0,0.0,0.002,139503.18125
1670403,IT,FI,FOOD5,POULT,0.11,22320.269,4,4,22320.267,0.0,0.0,0.0,0.002,202911.536364
1674153,IT,FR,HEAVY,RAILW,0.04,22319.392,4,4,22319.39,0.0,0.0,0.0,0.002,557984.8
1755910,IT,KR,BASIC,COPP1,0.03,22317.843,3,3,22317.843,0.0,0.0,0.0,0.0,743928.1
1796707,IT,WL,RAILW,POSTT,0.15,22317.736,3,3,22317.736,0.0,0.0,0.0,0.0,148784.906667
1672737,IT,FR,CHEMI,FURNI,0.05,22316.711,5,5,22315.709,0.0,0.0,1.0,0.002,446334.22
1806935,IT,WF,RAILW,INSUR,0.15,22316.691,3,3,22316.691,0.0,0.0,0.0,0.0,148777.94
1657106,IT,DE,NONSP,RECRE,0.03,22315.82,3,3,22315.82,0.0,0.0,0.0,0.0,743860.666667
1655592,IT,DE,SANDC,ALUM1,0.05,22315.6,4,4,22310.6,0.0,0.0,5.0,0.0,446312.0
1791680,IT,WA,HOTEL,RETAI,0.16,22315.519,4,4,22315.517,0.0,0.0,0.0,0.002,139471.99375
1804106,IT,WF,PAPER,SANDC,0.09,22314.807,4,4,22314.805,0.0,0.0,0.0,0.002,247942.3
1648024,IT,BE,COMPU,RUBBE,0.25,22314.21,3,3,22314.21,0.0,0.0,0.0,0.0,89256.84
1662420,IT,DK,PREC1,ELECT,0.04,22314.01,3,3,22314.01,0.0,0.0,0.0,0.0,557850.25
1800952,IT,WE,ALUM1,SUGA1,0.04,22313.255,4,4,22313.253,0.0,0.0,0.0,0.002,557831.375
1752875,IT,CA,MOTOR,RENTI,0.03,22312.44,4,4,22312.438,0.0,0.0,0.0,0.002,743748.0
1678189,IT,FR,INTER,INERT,0.13,22310.5,3,3,22310.5,0.0,0.0,0.0,0.0,171619.230769
1709823,IT,LT,RUBBE,LANDT,0.07,22310.311,4,4,22310.309,0.0,0.0,0.0,0.002,318718.728571
1789553,IT,WA,ADDIT,93197,0.05,22309.414,4,4,22309.412,0.0,0.0,0.0,0.002,446188.28
1773722,IT,CH,FURNI,FOODW,0.07,22309.087,4,4,22309.085,0.0,0.0,0.0,0.002,318701.242857
1765698,IT,RU,PAPER,ELEC2,0.09,22308.62,4,4,22308.618,0.0,0.0,0.0,0.002,247873.555556
1647076,IT,BE,HOTEL,TEXTI,0.16,22308.165,4,4,22308.163,0.0,0.0,0.0,0.002,139426.03125
1736485,IT,SK,TRAN2,BUSIN,0.03,22306.096,3,3,22306.096,0.0,0.0,0.0,0.0,743536.533333
1754094,IT,CA,AIRTR,GLASS,0.02,22305.618,3,3,22305.618,0.0,0.0,0.0,0.0,1115280.9
1643782,IT,AT,POSTT,RETA1,0.37,22303.201,4,4,22303.199,0.0,0.0,0.0,0.002,60278.921622
1762144,IT,IN,LANDT,CERAM,0.14,22303.05,3,3,22303.05,0.0,0.0,0.0,0.0,159307.5
1659743,IT,DE,RAILW,COMPU,0.15,22302.638,3,3,22302.638,0.0,0.0,0.0,0.0,148684.253333
1777703,IT,TR,COPP1,TRANS,0.06,22302.507,3,3,22302.507,0.0,0.0,0.0,0.0,371708.45
1758106,IT,BR,GLASS,HOTEL,0.06,22300.722,3,3,22300.722,0.0,0.0,0.0,0.0,371678.7
1733059,IT,SI,COPP1,DIST1,0.06,22299.903,3,3,22299.903,0.0,0.0,0.0,0.0,371665.05
1759031,IT,BR,TRAN2,TRAN2,0.03,22297.732,3,3,22297.732,0.0,0.0,0.0,0.0,743257.733333
1643686,IT,AT,SUPPO,TEXTI,0.16,22297.545,3,3,22297.545,0.0,0.0,0.0,0.0,139359.65625
1665791,IT,ES,PAPER,FOODW,0.09,22296.63,4,4,22296.628,0.0,0.0,0.0,0.002,247740.333333
1743472,IT,US,WHOLE,FURNI,0.19,22295.678,3,3,22295.678,0.0,0.0,0.0,0.0,117345.673684
1799613,IT,WE,MOTOR,ALUMI,0.03,22295.635,4,4,22295.633,0.0,0.0,0.0,0.002,743187.833333
1726195,IT,RO,CERAM,HOTEL,0.03,22294.91,3,3,22294.91,0.0,0.0,0.0,0.0,743163.666667
1729616,IT,SE,FABRI,STONE,0.09,22293.714,4,4,22293.712,0.0,0.0,0.0,0.002,247707.933333
1793398,IT,WL,CROPS,SANDC,0.18,22291.842,3,3,22291.842,0.0,0.0,0.0,0.0,123843.566667
1785260,IT,ZA,TEXTI,HOTEL,0.13,22290.937,4,4,22290.934,0.0,0.0,0.0,0.003,171468.746154
1778989,IT,TR,AIRTR,FISHF,0.02,22290.886,3,3,22290.886,0.0,0.0,0.0,0.0,1114544.3
1661396,IT,DK,VEGE1,MEAT1,0.07,22290.588,4,4,22290.583,0.0,0.0,0.0,0.005,318436.971429
1733605,IT,SI,HOTEL,DAIRY,0.16,22289.406,4,4,22289.404,0.0,0.0,0.0,0.002,139308.7875
1653689,IT,CZ,ALUM1,PAPE4,0.04,22287.437,4,4,22287.435,0.0,0.0,0.0,0.002,557185.925
1788868,IT,WA,GASDI,NONME,0.03,22287.237,4,4,22287.235,0.0,0.0,0.0,0.002,742907.9
1800540,IT,WE,RUBBE,BLAST,0.07,22286.761,4,4,22286.759,0.0,0.0,0.0,0.002,318382.3
1717840,IT,PL,VEGET,ANIMA,0.08,22286.683,3,3,22286.683,0.0,0.0,0.0,0.0,278583.5375
1683129,IT,HR,RUBBE,AUXIL,0.07,22285.551,4,4,22285.549,0.0,0.0,0.0,0.002,318365.014286
1669774,IT,ES,BUSIN,BIOGA,0.23,22285.252,4,4,22285.25,0.0,0.0,0.0,0.002,96892.4
1776847,IT,TR,BITU1,WHITE,0.04,22284.776,4,4,22284.774,0.0,0.0,0.0,0.002,557119.4
1807957,IT,WF,PLAS1,LEAD1,0.08,22282.079,3,3,22282.079,0.0,0.0,0.0,0.0,278525.9875
1725714,IT,RO,PAPER,RENTI,0.09,22280.404,4,4,22280.402,0.0,0.0,0.0,0.002,247560.044444
1666324,IT,ES,LIQUE,OFFIC,0.04,22279.926,4,4,22279.924,0.0,0.0,0.0,0.002,556998.15
1652339,IT,CZ,FISH5,POULT,0.09,22278.623,4,4,22278.612,0.0,0.0,0.0,0.011,247540.255556
1760831,IT,IN,MOTOR,NONSP,0.03,22278.464,4,4,22278.462,0.0,0.0,0.0,0.002,742615.466667
1791174,IT,WA,FURNI,PRECI,0.07,22277.731,4,4,22277.729,0.0,0.0,0.0,0.002,318253.3
1717133,IT,NL,SEACO,INTER,0.02,22275.973,3,3,22275.973,0.0,0.0,0.0,0.0,1113798.65
1809357,IT,WM,SANDC,FINAN,0.05,22274.159,4,4,22269.159,0.0,0.0,5.0,0.0,445483.18
1785428,IT,ZA,PAPER,SALEM,0.09,22273.662,4,4,22273.66,0.0,0.0,0.0,0.002,247485.133333
1751434,IT,CN,AIRTR,COPPE,0.02,22273.221,3,3,22273.221,0.0,0.0,0.0,0.0,1113661.05
1674480,IT,FR,BIODI,HOTEL,0.05,22272.235,4,4,22272.233,0.0,0.0,0.0,0.002,445444.7
1758910,IT,BR,HOTEL,RESEA,0.16,22271.3,4,4,22271.298,0.0,0.0,0.0,0.002,139195.625
1665839,IT,ES,PRINT,BIODI,0.21,22270.79,4,4,22270.788,0.0,0.0,0.0,0.002,106051.380952
1726532,IT,RO,OFFIC,CEREA,0.07,22270.268,4,4,22270.266,0.0,0.0,0.0,0.002,318146.685714
1651636,IT,CY,BASIC,PRINT,0.03,22270.085,3,3,22270.085,0.0,0.0,0.0,0.0,742336.166667
1652531,IT,CZ,WEARI,EDUCA,0.17,22268.545,4,4,22268.541,0.0,0.0,0.0,0.004,130991.441176
1679817,IT,GR,ALUM1,FISH5,0.04,22268.283,4,4,22268.281,0.0,0.0,0.0,0.002,556707.075
1662298,IT,DK,NONME,GLASS,0.04,22268.208,4,4,22268.206,0.0,0.0,0.0,0.002,556705.2
1674384,IT,FR,CHEM1,ELE10,0.05,22268.041,4,4,22268.039,0.0,0.0,0.0,0.002,445360.82
1776304,IT,TR,PAPER,BIODI,0.09,22265.761,4,4,22265.759,0.0,0.0,0.0,0.002,247397.344444
1666736,IT,ES,RUBBE,KERO1,0.07,22265.68,4,4,22265.678,0.0,0.0,0.0,0.002,318081.142857
1809621,IT,WM,DAIRY,VEGE1,0.09,22265.0,4,4,22264.998,0.0,0.0,0.0,0.002,247388.888889
1684832,IT,HU,FISHF,RESEA,0.04,22263.557,3,3,22263.557,0.0,0.0,0.0,0.0,556588.925
1793528,IT,WL,MEATP,CHEM1,0.09,22261.902,4,4,22261.9,0.0,0.0,0.0,0.002,247354.466667
1772486,IT,CH,BIODI,REALE,0.05,22260.986,4,4,22260.984,0.0,0.0,0.0,0.002,445219.72
1711006,IT,LU,BRICK,RETAI,0.03,22260.225,3,3,22260.225,0.0,0.0,0.0,0.0,742007.5
1648088,IT,BE,RESEA,MEAT1,0.12,22260.213,4,4,22260.211,0.0,0.0,0.0,0.002,185501.775
1757461,IT,BR,PAPER,GLASS,0.09,22259.987,4,4,22259.985,0.0,0.0,0.0,0.002,247333.188889
1760887,IT,IN,GASDI,TRANS,0.03,22259.378,4,4,22259.376,0.0,0.0,0.0,0.002,741979.266667
1787463,IT,WA,STONE,SALEM,0.07,22259.305,4,4,22258.305,0.0,0.0,1.0,0.0,317990.071429
1754177,IT,CA,SUPPO,FURNI,0.16,22259.122,3,3,22259.122,0.0,0.0,0.0,0.0,139119.5125
1753437,IT,CA,FABRI,PRINT,0.09,22257.921,4,4,22257.919,0.0,0.0,0.0,0.002,247310.233333
1750356,IT,CN,FABRI,GASDI,0.09,22256.813,4,4,22256.811,0.0,0.0,0.0,0.002,247297.922222
1655459,IT,DE,FORES,BUSIN,0.19,22256.679,4,4,22247.679,0.0,9.0,0.0,0.0,117140.415789
1675715,IT,FR,FURNI,FORES,0.07,22256.355,4,4,22256.353,0.0,0.0,0.0,0.002,317947.928571
1709596,IT,LT,PAPER,LIQUE,0.09,22255.437,4,4,22255.435,0.0,0.0,0.0,0.002,247282.633333
1750028,IT,CN,NONME,MEDIC,0.04,22255.164,4,4,22255.162,0.0,0.0,0.0,0.002,556379.1
1652585,IT,CZ,LEATH,SALEM,0.16,22254.105,4,4,22254.101,0.0,0.0,0.0,0.004,139088.15625
1783843,IT,NO,TEXT2,ALUM1,0.16,22253.07,3,3,22253.07,0.0,0.0,0.0,0.0,139081.6875
1673138,IT,FR,BEVER,MEAT4,0.09,22251.185,3,3,22251.185,0.0,0.0,0.0,0.0,247235.388889
1710743,IT,LU,BEVER,HEALT,0.09,22251.111,3,3,22251.111,0.0,0.0,0.0,0.0,247234.566667
1729818,IT,SE,OFFIC,WOODW,0.07,22250.253,4,4,22250.251,0.0,0.0,0.0,0.002,317860.757143
1648504,IT,BG,OILSE,PUBLI,0.02,22248.535,3,3,22248.535,0.0,0.0,0.0,0.0,1112426.75
1784222,IT,ID,PLAST,PRINT,0.05,22247.869,4,4,22247.867,0.0,0.0,0.0,0.002,444957.38
1725705,IT,RO,PAPER,RAILW,0.09,22247.617,4,4,22247.615,0.0,0.0,0.0,0.002,247195.744444
1767616,IT,RU,SUPPO,SALEM,0.16,22247.393,3,3,22247.393,0.0,0.0,0.0,0.0,139046.20625
1675717,IT,FR,FURNI,STONE,0.07,22247.334,4,4,22247.332,0.0,0.0,0.0,0.002,317819.057143
1798351,IT,WE,POULT,FINAN,0.06,22246.844,4,4,22246.842,0.0,0.0,0.0,0.002,370780.733333
1644046,IT,AT,BUSIN,CERAM,0.23,22246.174,4,4,22246.172,0.0,0.0,0.0,0.002,96722.495652
1761978,IT,IN,FURNI,RECRE,0.07,22244.098,4,4,22244.096,0.0,0.0,0.0,0.002,317772.828571
1814552,IT,WM,BUSIN,PROCE,0.23,22243.106,4,4,22243.104,0.0,0.0,0.0,0.002,96709.156522
1642037,IT,AT,RUBBE,FOOD2,0.07,22242.99,4,4,22242.988,0.0,0.0,0.0,0.002,317757.0
1788986,IT,WA,HEAVY,RAILW,0.04,22242.678,4,4,22242.676,0.0,0.0,0.0,0.002,556066.95
1745178,IT,JP,VEGET,HEALT,0.08,22241.844,3,3,22241.844,0.0,0.0,0.0,0.0,278023.05
1766395,IT,RU,BASIC,NONME,0.03,22241.031,3,3,22241.031,0.0,0.0,0.0,0.0,741367.7
1712056,IT,LV,BEVER,MEATP,0.09,22240.6,3,3,22240.6,0.0,0.0,0.0,0.0,247117.777778
1652460,IT,CZ,WEARI,RAWMI,0.17,22240.346,4,4,22240.342,0.0,0.0,0.0,0.004,130825.564706
1726908,IT,RO,HOTEL,WHEAT,0.16,22239.618,4,4,22239.616,0.0,0.0,0.0,0.002,138997.6125
1728507,IT,SE,WOODW,RADIO,0.06,22239.049,4,4,22239.047,0.0,0.0,0.0,0.002,370650.816667
1791585,IT,WA,RETA1,BUSIN,0.23,22238.338,3,3,22238.338,0.0,0.0,0.0,0.0,96688.426087
1805789,IT,WF,PREC1,SUGA1,0.04,22238.233,3,3,22238.233,0.0,0.0,0.0,0.0,555955.825
1657820,IT,DE,NONME,ELEC7,0.04,22235.638,4,4,22235.636,0.0,0.0,0.0,0.002,555890.95
1777414,IT,TR,NONME,CRUDE,0.04,22234.056,4,4,22234.054,0.0,0.0,0.0,0.002,555851.4
1681757,IT,HR,SANDC,PRINT,0.05,22233.277,4,4,22228.277,0.0,0.0,5.0,0.0,444665.54
1813966,IT,WM,SEACO,MEATP,0.02,22232.563,3,3,22232.563,0.0,0.0,0.0,0.0,1111628.15
1714961,IT,NL,FISH5,MOTOR,0.09,22232.352,4,4,22232.341,0.0,0.0,0.0,0.011,247026.133333
1729810,IT,SE,MACHI,FOOD2,0.12,22231.868,4,4,22231.866,0.0,0.0,0.0,0.002,185265.566667
1679389,IT,GR,PLAST,COMPU,0.05,22231.823,4,4,22231.821,0.0,0.0,0.0,0.002,444636.46
1664890,IT,ES,CRUDE,BEVER,0.04,22230.686,4,4,22230.684,0.0,0.0,0.0,0.002,555767.15
1661990,IT,DK,PETRO,BUSIN,0.04,22230.443,4,4,22230.441,0.0,0.0,0.0,0.002,555761.075
1760368,IT,IN,MEATP,RETAI,0.09,22230.304,4,4,22230.302,0.0,0.0,0.0,0.002,247003.377778
1655990,IT,DE,FOOD5,BASIC,0.11,22228.301,4,4,22228.299,0.0,0.0,0.0,0.002,202075.463636
1654768,IT,CZ,AIRTR,HEALT,0.02,22227.799,3,3,22227.799,0.0,0.0,0.0,0.0,1111389.95
1715915,IT,NL,GLASS,BEVER,0.06,22227.782,3,3,22227.782,0.0,0.0,0.0,0.0,370463.033333
1665603,IT,ES,WOODW,NICKE,0.06,22226.79,4,4,22226.788,0.0,0.0,0.0,0.002,370446.5
1732704,IT,SI,CERAM,HEALT,0.03,22225.842,3,3,22225.842,0.0,0.0,0.0,0.0,740861.4
1736404,IT,SK,LANDT,RUBBE,0.14,22224.493,3,3,22224.493,0.0,0.0,0.0,0.0,158746.378571
1678369,IT,FR,FOOD4,INERT,0.16,22224.208,3,3,22224.208,0.0,0.0,0.0,0.0,138901.3
1771724,IT,CH,LEATH,PROCE,0.16,22224.116,4,4,22224.112,0.0,0.0,0.0,0.004,138900.725
1728449,IT,SE,LEATH,NONFE,0.16,22223.006,4,4,22223.002,0.0,0.0,0.0,0.004,138893.7875
1752587,IT,CA,FISH5,DIST1,0.09,22222.018,4,4,22222.007,0.0,0.0,0.0,0.011,246911.311111
1755226,IT,KR,WOODW,EDUCA,0.06,22221.291,4,4,22221.289,0.0,0.0,0.0,0.002,370354.85
1808806,IT,WF,WOOD2,LANDT,0.12,22220.823,3,3,22220.823,0.0,0.0,0.0,0.0,185173.525
1658095,IT,DE,ALUM1,CHEMI,0.04,22220.057,4,4,22220.055,0.0,0.0,0.0,0.002,555501.425
1724123,IT,PT,RETA1,GLASS,0.23,22219.537,3,3,22219.537,0.0,0.0,0.0,0.0,96606.682609
1741329,IT,US,PAPER,INSUR,0.09,22219.257,4,4,22219.255,0.0,0.0,0.0,0.002,246880.633333
1756067,IT,KR,FABRI,NAPHT,0.09,22219.029,4,4,22219.027,0.0,0.0,0.0,0.002,246878.1
1726509,IT,RO,MACHI,MACHI,0.12,22218.981,4,4,22218.979,0.0,0.0,0.0,0.002,185158.175
1772923,IT,CH,PREC1,RAWMI,0.04,22218.612,3,3,22218.612,0.0,0.0,0.0,0.0,555465.3
1743721,IT,US,LANDT,CEREA,0.14,22218.137,3,3,22218.137,0.0,0.0,0.0,0.0,158700.978571
1766498,IT,RU,ALUM1,TRAN1,0.04,22217.807,4,4,22217.805,0.0,0.0,0.0,0.002,555445.175
1658254,IT,DE,COPP1,PRINT,0.06,22217.381,3,3,22217.381,0.0,0.0,0.0,0.0,370289.683333
1656333,IT,DE,WOODW,CATTL,0.06,22216.901,4,4,22216.899,0.0,0.0,0.0,0.002,370281.683333
1644934,IT,BE,WOODW,DAIRY,0.06,22215.768,4,4,22215.766,0.0,0.0,0.0,0.002,370262.8
1715921,IT,NL,GLASS,CHEM1,0.06,22215.217,3,3,22215.217,0.0,0.0,0.0,0.0,370253.616667
1809659,IT,WM,DAIRY,COMPU,0.09,22213.428,4,4,22213.426,0.0,0.0,0.0,0.002,246815.866667
1769324,IT,AU,GLASS,FOOD5,0.06,22211.736,3,3,22211.736,0.0,0.0,0.0,0.0,370195.6
1796210,IT,WL,FURNI,RADIO,0.07,22211.253,4,4,22211.251,0.0,0.0,0.0,0.002,317303.614286
1775122,IT,CH,COMPU,TRAN1,0.25,22211.02,3,3,22211.02,0.0,0.0,0.0,0.0,88844.08
1801653,IT,WE,FURNI,GASDI,0.07,22210.979,4,4,22210.977,0.0,0.0,0.0,0.002,317299.7
1772153,IT,CH,KERO1,RETA1,0.03,22210.474,4,4,22210.472,0.0,0.0,0.0,0.002,740349.133333
1723766,IT,PT,OFFIC,PROCE,0.07,22210.369,4,4,22210.367,0.0,0.0,0.0,0.002,317290.985714
1720828,IT,PL,FURNI,RADIO,0.07,22209.825,4,4,22209.823,0.0,0.0,0.0,0.002,317283.214286
1768976,IT,AU,PAPER,DIST1,0.09,22209.16,4,4,22209.158,0.0,0.0,0.0,0.002,246768.444444
1801562,IT,WE,TRANS,TEXTI,0.13,22208.235,3,3,22208.235,0.0,0.0,0.0,0.0,170832.576923
1799659,IT,WE,MOTOR,BIODI,0.03,22207.459,4,4,22207.457,0.0,0.0,0.0,0.002,740248.633333
1642777,IT,AT,MACHI,LANDT,0.12,22206.776,4,4,22206.774,0.0,0.0,0.0,0.002,185056.466667
1682778,IT,HR,HEAVY,MEAT1,0.04,22206.611,4,4,22206.609,0.0,0.0,0.0,0.002,555165.275
1680768,IT,GR,RETA1,HEALT,0.23,22206.536,3,3,22206.536,0.0,0.0,0.0,0.0,96550.156522
1654692,IT,CZ,LANDT,STEAM,0.14,22206.329,3,3,22206.329,0.0,0.0,0.0,0.0,158616.635714
1798820,IT,WE,FOOD5,ELEC3,0.11,22206.298,4,4,22206.296,0.0,0.0,0.0,0.002,201875.436364
1662168,IT,DK,RUBBE,DIST1,0.07,22205.798,4,4,22205.796,0.0,0.0,0.0,0.002,317225.685714
1775072,IT,CH,RENTI,COLLE,0.13,22205.647,3,3,22205.647,0.0,0.0,0.0,0.0,170812.669231
1741417,IT,US,MOTOR,ANIMA,0.03,22203.14,4,4,22203.138,0.0,0.0,0.0,0.002,740104.666667
1646165,IT,BE,ALUM1,DAIRY,0.04,22202.722,4,4,22202.72,0.0,0.0,0.0,0.002,555068.05
1769702,IT,AU,MACHI,CROPS,0.12,22202.082,4,4,22202.08,0.0,0.0,0.0,0.002,185017.35
1717544,IT,NL,RENTI,INLAN,0.13,22201.47,3,3,22201.47,0.0,0.0,0.0,0.0,170780.538462
1760322,IT,IN,STONE,ELECT,0.07,22200.265,4,4,22199.265,0.0,0.0,1.0,0.0,317146.642857
1772224,IT,CH,GASDI,WOOD1,0.03,22199.226,4,4,22199.224,0.0,0.0,0.0,0.002,739974.2
1808248,IT,WF,FOOD2,POULT,0.13,22196.406,3,3,22196.406,0.0,0.0,0.0,0.0,170741.584615
1795982,IT,WL,MOTO1,FOUND,0.12,22196.014,3,3,22196.014,0.0,0.0,0.0,0.0,184966.783333
1789594,IT,WA,RUBBE,ANIMA,0.07,22194.478,4,4,22194.476,0.0,0.0,0.0,0.002,317063.971429
1646267,IT,BE,LEAD1,INTER,0.04,22192.692,4,4,22192.69,0.0,0.0,0.0,0.002,554817.3
1800370,IT,WE,CHEM1,PREC1,0.05,22189.935,4,4,22189.933,0.0,0.0,0.0,0.002,443798.7
1662026,IT,DK,PLAST,TRANS,0.05,22189.233,4,4,22189.231,0.0,0.0,0.0,0.002,443784.66
1668874,IT,ES,SEACO,PFERT,0.02,22187.81,3,3,22187.81,0.0,0.0,0.0,0.0,1109390.5
1640324,IT,AT,CHEMI,PLAST,0.05,22187.578,5,5,22186.576,0.0,0.0,1.0,0.002,443751.56
1725877,IT,RO,HEAVY,TEXTI,0.04,22187.264,4,4,22187.262,0.0,0.0,0.0,0.002,554681.6
1809526,IT,WM,MEAT4,AUXIL,0.12,22185.964,4,4,22185.962,0.0,0.0,0.0,0.002,184883.033333
1769793,IT,AU,MACHI,ELEC6,0.12,22185.505,4,4,22185.503,0.0,0.0,0.0,0.002,184879.208333
1784183,IT,ID,PAPER,SUPPO,0.09,22185.311,4,4,22185.309,0.0,0.0,0.0,0.002,246503.455556
1778611,IT,TR,HOTEL,MEATC,0.16,22185.247,4,4,22185.245,0.0,0.0,0.0,0.002,138657.79375
1784840,IT,ID,SEACO,WOODW,0.02,22182.427,3,3,22182.427,0.0,0.0,0.0,0.0,1109121.35
1764201,IT,MX,MACHI,SUGA1,0.12,22181.903,4,4,22181.901,0.0,0.0,0.0,0.002,184849.191667
1682613,IT,HR,KEROS,LEATH,0.03,22180.511,4,4,22180.509,0.0,0.0,0.0,0.002,739350.366667
1739644,IT,GB,AIRTR,RUBBE,0.02,22177.264,3,3,22177.264,0.0,0.0,0.0,0.0,1108863.2
1716448,IT,NL,OFFIC,MEATP,0.07,22175.763,4,4,22175.761,0.0,0.0,0.0,0.002,316796.614286
1654585,IT,CZ,RAILW,BASIC,0.15,22175.725,3,3,22175.725,0.0,0.0,0.0,0.0,147838.166667
1736811,IT,SK,COMPU,FINAN,0.25,22174.57,3,3,22174.57,0.0,0.0,0.0,0.0,88698.28
1647328,IT,BE,SEACO,CHEMI,0.02,22174.36,3,3,22174.36,0.0,0.0,0.0,0.0,1108718.0
1732411,IT,SI,PLAST,DISTR,0.05,22174.334,4,4,22174.332,0.0,0.0,0.0,0.002,443486.68
1675721,IT,FR,FURNI,MEATP,0.07,22172.194,4,4,22172.192,0.0,0.0,0.0,0.002,316745.628571
1814120,IT,WM,AIRTR,ELECT,0.02,22171.912,3,3,22171.912,0.0,0.0,0.0,0.0,1108595.6
1641323,IT,AT,KEROS,POULT,0.03,22170.728,4,4,22170.726,0.0,0.0,0.0,0.002,739024.266667
1725179,IT,RO,VEGE1,HEALT,0.07,22170.726,4,4,22170.721,0.0,0.0,0.0,0.005,316724.657143
1709907,IT,LT,NONME,REALE,0.04,22170.219,4,4,22170.217,0.0,0.0,0.0,0.002,554255.475
1641850,IT,AT,BIOGA,KEROS,0.05,22169.98,4,4,22169.978,0.0,0.0,0.0,0.002,443399.6
1765511,IT,RU,WEARI,LANDT,0.17,22169.826,4,4,22169.822,0.0,0.0,0.0,0.004,130410.741176
1722392,IT,PT,MEATC,MEATC,0.07,22169.166,3,3,22169.166,0.0,0.0,0.0,0.0,316702.371429
1714813,IT,NL,FOOD5,FISH5,0.11,22168.13,4,4,22168.128,0.0,0.0,0.0,0.002,201528.454545
1644602,IT,BE,FOOD5,PAPER,0.11,22168.051,4,4,22168.049,0.0,0.0,0.0,0.002,201527.736364
1785235,IT,ZA,TEXTI,PAPER,0.13,22167.524,4,4,22167.521,0.0,0.0,0.0,0.003,170519.415385
1760306,IT,IN,STONE,TEXTI,0.07,22167.325,4,4,22166.325,0.0,0.0,1.0,0.0,316676.071429
1769621,IT,AU,FABRI,TEXTI,0.09,22167.293,4,4,22167.291,0.0,0.0,0.0,0.002,246303.255556
1683499,IT,HR,PREC1,PUBLI,0.04,22166.187,3,3,22166.187,0.0,0.0,0.0,0.0,554154.675
1714778,IT,NL,PROCE,MOTOR,0.15,22165.992,3,3,22165.992,0.0,0.0,0.0,0.0,147773.28
1681970,IT,HR,FOOD5,MEDIC,0.11,22165.775,4,4,22165.773,0.0,0.0,0.0,0.002,201507.045455
1711972,IT,LV,VEGET,DAIRY,0.08,22164.658,3,3,22164.658,0.0,0.0,0.0,0.0,277058.225
1650059,IT,BG,MACHI,SECO9,0.12,22164.344,4,4,22164.342,0.0,0.0,0.0,0.002,184702.866667
1735248,IT,SK,GLASS,STONE,0.06,22163.969,3,3,22163.969,0.0,0.0,0.0,0.0,369399.483333
1737598,IT,GB,PAPER,MOTOR,0.09,22163.544,4,4,22163.542,0.0,0.0,0.0,0.002,246261.6
1661815,IT,DK,WOODW,WHOLE,0.06,22162.218,3,3,22162.218,0.0,0.0,0.0,0.0,369370.3
1724541,IT,PT,POSTT,CONST,0.36,22161.16,4,4,22161.158,0.0,0.0,0.0,0.002,61558.777778
1759146,IT,BR,AIRTR,TRAN1,0.02,22160.528,3,3,22160.528,0.0,0.0,0.0,0.0,1108026.4
1814769,IT,WM,FOOD2,PUBLI,0.13,22160.351,3,3,22160.351,0.0,0.0,0.0,0.0,170464.238462
1803147,IT,WF,VEGET,RETA1,0.08,22160.218,3,3,22160.218,0.0,0.0,0.0,0.0,277002.725
1732963,IT,SI,ALUM1,COLLE,0.04,22159.82,4,4,22159.818,0.0,0.0,0.0,0.002,553995.5
1689514,IT,IE,LANDT,RENTI,0.14,22159.622,3,3,22159.622,0.0,0.0,0.0,0.0,158283.014286
1736842,IT,SK,BUSIN,DAIRY,0.23,22159.41,4,4,22159.408,0.0,0.0,0.0,0.002,96345.26087
1799611,IT,WE,MOTOR,IRONO,0.03,22158.193,4,4,22158.191,0.0,0.0,0.0,0.002,738606.433333
1732709,IT,SI,CERAM,93197,0.03,22157.939,3,3,22157.939,0.0,0.0,0.0,0.0,738597.966667
1739385,IT,GB,RAILW,AUXIL,0.15,22157.874,3,3,22157.874,0.0,0.0,0.0,0.0,147719.16
1795069,IT,WL,ADDIT,HEALT,0.05,22157.316,4,4,22157.314,0.0,0.0,0.0,0.002,443146.32
1721653,IT,PL,POSTT,RECRE,0.36,22156.076,4,4,22156.074,0.0,0.0,0.0,0.002,61544.655556
1783882,IT,NO,WOOD2,WHOLE,0.12,22155.785,3,3,22155.785,0.0,0.0,0.0,0.0,184631.541667
1713287,IT,MT,PRINT,AUXIL,0.21,22154.213,4,4,22154.211,0.0,0.0,0.0,0.002,105496.252381
1649717,IT,BG,BASIC,WHEAT,0.03,22153.49,3,3,22153.49,0.0,0.0,0.0,0.0,738449.666667
1772527,IT,CH,RUBBE,LIQUE,0.07,22153.3,4,4,22153.298,0.0,0.0,0.0,0.002,316475.714286
1717134,IT,NL,SEACO,OILHA,0.02,22151.706,3,3,22151.706,0.0,0.0,0.0,0.0,1107585.3
1762301,IT,IN,AIRTR,SEACO,0.02,22150.528,3,3,22150.528,0.0,0.0,0.0,0.0,1107526.4
1682445,IT,HR,PAPER,DIST1,0.09,22148.494,4,4,22148.492,0.0,0.0,0.0,0.002,246094.377778
1789781,IT,WA,GLASS,DIST1,0.06,22148.004,3,3,22148.004,0.0,0.0,0.0,0.0,369133.4
1688426,IT,IE,BEVER,REALE,0.09,22146.719,3,3,22146.719,0.0,0.0,0.0,0.0,246074.655556
1644027,IT,AT,BUSIN,PAPER,0.23,22146.054,4,4,22146.052,0.0,0.0,0.0,0.002,96287.191304
1668128,IT,ES,CONST,PUBLI,0.12,22145.647,3,3,22145.647,0.0,0.0,0.0,0.0,184547.058333
1684997,IT,HU,VEGE1,BIOGA,0.07,22145.026,4,4,22145.021,0.0,0.0,0.0,0.005,316357.514286
1661488,IT,DK,FOOD5,MEAT1,0.11,22143.92,4,4,22143.918,0.0,0.0,0.0,0.002,201308.363636
1787381,IT,WA,FORES,STONE,0.19,22143.695,4,4,22134.695,0.0,9.0,0.0,0.0,116545.763158
1652344,IT,CZ,FISH5,MEATP,0.09,22143.377,4,4,22143.366,0.0,0.0,0.0,0.011,246037.522222
1683328,IT,HR,NONME,PLAST,0.04,22140.102,4,4,22140.1,0.0,0.0,0.0,0.002,553502.55
1671468,IT,FI,FABRI,RECRE,0.09,22139.558,4,4,22139.556,0.0,0.0,0.0,0.002,245995.088889
1713304,IT,MT,MOTOR,SEACO,0.03,22139.423,4,4,22139.421,0.0,0.0,0.0,0.002,737980.766667
1738422,IT,GB,ALUM1,BRICK,0.04,22138.459,4,4,22138.457,0.0,0.0,0.0,0.002,553461.475
1729353,IT,SE,BASIC,ANIMA,0.03,22138.193,3,3,22138.193,0.0,0.0,0.0,0.0,737939.766667
1713789,IT,MT,TRANS,INLAN,0.13,22136.75,3,3,22136.75,0.0,0.0,0.0,0.0,170282.692308
1752783,IT,CA,WOODW,LANDT,0.06,22136.465,3,3,22136.465,0.0,0.0,0.0,0.0,368941.083333
1709663,IT,LT,PLAST,MEATP,0.05,22134.552,4,4,22134.55,0.0,0.0,0.0,0.002,442691.04
1767522,IT,RU,AIRTR,MEATP,0.02,22134.478,3,3,22134.478,0.0,0.0,0.0,0.0,1106723.9
1767504,IT,RU,SEACO,MEDIC,0.02,22133.708,3,3,22133.708,0.0,0.0,0.0,0.0,1106685.4
1684787,IT,HU,MEATA,FOODW,0.12,22133.371,4,4,22133.368,0.0,0.0,0.0,0.003,184444.758333
1803100,IT,WF,VEGET,IRONO,0.08,22132.614,3,3,22132.614,0.0,0.0,0.0,0.0,276657.675
1812129,IT,WM,BRICK,WHOLE,0.03,22132.017,3,3,22132.017,0.0,0.0,0.0,0.0,737733.9
1746800,IT,JP,MACHI,CEMEN,0.12,22131.527,4,4,22131.525,0.0,0.0,0.0,0.002,184429.391667
1794321,IT,WL,MOTOR,MEDIC,0.03,22131.316,4,4,22131.314,0.0,0.0,0.0,0.002,737710.533333
1805772,IT,WF,PREC1,CEREA,0.04,22131.143,3,3,22131.143,0.0,0.0,0.0,0.0,553278.575
1689090,IT,IE,FURNI,SUPPO,0.07,22130.704,4,4,22130.702,0.0,0.0,0.0,0.002,316152.914286
1676896,IT,FR,SEACO,WHEAT,0.02,22130.688,3,3,22130.688,0.0,0.0,0.0,0.0,1106534.4
1665127,IT,ES,DAIRY,VEGE1,0.09,22130.104,3,3,22130.104,0.0,0.0,0.0,0.0,245890.044444
1748486,IT,CN,STONE,DIST1,0.07,22128.837,4,4,22127.837,0.0,0.0,1.0,0.0,316126.242857
1752745,IT,CA,WOODW,VEGET,0.06,22127.653,3,3,22127.653,0.0,0.0,0.0,0.0,368794.216667
1723119,IT,PT,CHEM1,SUPPO,0.05,22127.485,4,4,22127.483,0.0,0.0,0.0,0.002,442549.7
1661366,IT,DK,MEATP,FISH5,0.09,22125.93,4,4,22125.928,0.0,0.0,0.0,0.002,245843.666667
1647250,IT,BE,LANDT,RADIO,0.14,22125.358,3,3,22125.358,0.0,0.0,0.0,0.0,158038.271429
1657690,IT,DE,CERAM,PAPE1,0.03,22125.128,3,3,22125.128,0.0,0.0,0.0,0.0,737504.266667
1812526,IT,WM,ALUM1,KERO1,0.04,22124.242,4,4,22124.24,0.0,0.0,0.0,0.002,553106.05
1791153,IT,WA,FURNI,OILSE,0.07,22122.533,4,4,22122.531,0.0,0.0,0.0,0.002,316036.185714
1793498,IT,WL,CHEMI,CERAM,0.05,22121.975,5,5,22120.973,0.0,0.0,1.0,0.002,442439.5
1734428,IT,SK,OILSE,FOOD5,0.02,22121.551,3,3,22121.551,0.0,0.0,0.0,0.0,1106077.55
1712616,IT,LV,OFFIC,SEACO,0.07,22121.122,4,4,22121.12,0.0,0.0,0.0,0.002,316016.028571
1653522,IT,CZ,BASIC,BRICK,0.03,22120.281,3,3,22120.281,0.0,0.0,0.0,0.0,737342.7
1762743,IT,IN,BUSIN,FOUND,0.23,22120.268,4,4,22120.266,0.0,0.0,0.0,0.002,96175.078261
1744666,IT,US,COMPU,GASDI,0.25,22117.252,3,3,22117.252,0.0,0.0,0.0,0.0,88469.008
1728824,IT,SE,PLAST,TEXTI,0.05,22117.087,4,4,22117.085,0.0,0.0,0.0,0.002,442341.74
1732415,IT,SI,PLAST,RETA1,0.05,22116.425,4,4,22116.423,0.0,0.0,0.0,0.002,442328.5
1643325,IT,AT,RAILW,NAPHT,0.15,22114.634,3,3,22114.634,0.0,0.0,0.0,0.0,147430.893333
1806308,IT,WF,MACHI,PRIVA,0.12,22113.359,4,4,22113.357,0.0,0.0,0.0,0.002,184277.991667
1784844,IT,ID,SEACO,CHEM1,0.02,22112.893,3,3,22112.893,0.0,0.0,0.0,0.0,1105644.65
1660440,IT,DE,FINAN,MEMBE,0.29,22112.759,3,3,22112.759,0.0,0.0,0.0,0.0,76250.893103
1672303,IT,FI,RENTI,PUBLI,0.13,22108.859,3,3,22108.859,0.0,0.0,0.0,0.0,170068.146154
1718524,IT,PL,TEXTI,EDUCA,0.13,22107.814,4,4,22107.811,0.0,0.0,0.0,0.003,170060.107692
1772498,IT,CH,RUBBE,POULT,0.07,22107.752,4,4,22107.75,0.0,0.0,0.0,0.002,315825.028571
1741865,IT,US,CHEM1,IRONO,0.05,22106.611,4,4,22106.609,0.0,0.0,0.0,0.002,442132.22
1647416,IT,BE,AIRTR,NONME,0.02,22106.586,3,3,22106.586,0.0,0.0,0.0,0.0,1105329.3
1812413,IT,WM,PREC1,MEATP,0.04,22105.537,3,3,22105.537,0.0,0.0,0.0,0.0,552638.425
1675707,IT,FR,TRANS,PAPE4,0.13,22105.304,3,3,22105.304,0.0,0.0,0.0,0.0,170040.8
1657077,IT,DE,NONSP,MACHI,0.03,22103.766,3,3,22103.766,0.0,0.0,0.0,0.0,736792.2
1763431,IT,MX,LUBRI,MOTOR,0.03,22103.431,3,3,22103.431,0.0,0.0,0.0,0.0,736781.033333
1656290,IT,DE,LEATH,PLAST,0.16,22102.179,4,4,22102.175,0.0,0.0,0.0,0.004,138138.61875
1793703,IT,WL,FOOD5,BIODI,0.11,22101.82,4,4,22101.818,0.0,0.0,0.0,0.002,200925.636364
1726059,IT,RO,RUBBE,CROPS,0.07,22101.711,4,4,22101.709,0.0,0.0,0.0,0.002,315738.728571
1766894,IT,RU,OFFIC,FURNI,0.07,22101.544,4,4,22101.542,0.0,0.0,0.0,0.002,315736.342857
1746096,IT,JP,PRINT,HOTEL,0.21,22101.194,4,4,22101.192,0.0,0.0,0.0,0.002,105243.780952
1772225,IT,CH,GASDI,OILHA,0.03,22100.537,4,4,22100.535,0.0,0.0,0.0,0.002,736684.566667
1685105,IT,HU,FOOD5,BIODI,0.11,22100.303,4,4,22100.301,0.0,0.0,0.0,0.002,200911.845455
1798449,IT,WE,NATUR,RUBBE,0.03,22100.286,3,3,22100.286,0.0,0.0,0.0,0.0,736676.2
1684711,IT,HU,VEGET,MEATP,0.08,22099.625,3,3,22099.625,0.0,0.0,0.0,0.0,276245.3125
1740593,IT,US,FORES,PAPER,0.19,22098.887,4,4,22089.887,0.0,9.0,0.0,0.0,116309.931579
1668530,IT,ES,HOTEL,ALUM1,0.16,22097.909,4,4,22097.907,0.0,0.0,0.0,0.002,138111.93125
1655510,IT,DE,CRUDE,ELEC1,0.04,22097.401,4,4,22097.399,0.0,0.0,0.0,0.002,552435.025
1748682,IT,CN,FOOD5,MEATC,0.11,22095.154,4,4,22095.152,0.0,0.0,0.0,0.002,200865.036364
1715576,IT,NL,HEAVY,LIQUI,0.04,22094.039,4,4,22094.037,0.0,0.0,0.0,0.002,552350.975
1740054,IT,GB,RENTI,SALEM,0.13,22093.42,3,3,22093.42,0.0,0.0,0.0,0.0,169949.384615
1784869,IT,ID,AIRTR,GASDI,0.02,22093.214,3,3,22093.214,0.0,0.0,0.0,0.0,1104660.7
1682335,IT,HR,WOODW,PLAST,0.06,22093.195,3,3,22093.195,0.0,0.0,0.0,0.0,368219.916667
1798947,IT,WE,FISH5,AUXIL,0.09,22093.176,4,4,22093.165,0.0,0.0,0.0,0.011,245479.733333
1801900,IT,WE,CONST,HOTEL,0.12,22092.975,3,3,22092.975,0.0,0.0,0.0,0.0,184108.125
1738289,IT,GB,NONME,93197,0.04,22091.409,4,4,22091.407,0.0,0.0,0.0,0.002,552285.225
1641169,IT,AT,PRINT,RUBBE,0.21,22091.379,4,4,22091.377,0.0,0.0,0.0,0.002,105197.042857
1735395,IT,SK,BASIC,MEATA,0.03,22090.803,3,3,22090.803,0.0,0.0,0.0,0.0,736360.1
1665266,IT,ES,BEVER,KERO1,0.09,22090.186,3,3,22090.186,0.0,0.0,0.0,0.0,245446.511111
1731174,IT,SI,SANDC,HOTEL,0.05,22089.491,4,4,22084.491,0.0,0.0,5.0,0.0,441789.82
1782043,IT,NO,RUBBE,FOOD4,0.07,22088.634,4,4,22088.632,0.0,0.0,0.0,0.002,315551.914286
1809497,IT,WM,MEAT4,CRUDE,0.12,22088.017,4,4,22088.015,0.0,0.0,0.0,0.002,184066.808333
1644736,IT,BE,BEVER,OILHA,0.09,22087.73,3,3,22087.73,0.0,0.0,0.0,0.0,245419.222222
1678835,IT,GR,BEVER,RETA1,0.09,22087.026,3,3,22087.026,0.0,0.0,0.0,0.0,245411.4
1784190,IT,ID,PAPER,COMPU,0.09,22086.812,4,4,22086.81,0.0,0.0,0.0,0.002,245409.022222
1804890,IT,WF,BITU1,CEMEN,0.03,22086.48,4,4,22086.478,0.0,0.0,0.0,0.002,736216.0
1768156,IT,RU,PUBLI,RUBBE,0.36,22085.962,4,4,22085.96,0.0,0.0,0.0,0.002,61349.894444
1664888,IT,ES,FISHF,HEALT,0.04,22085.882,3,3,22085.882,0.0,0.0,0.0,0.0,552147.05
1775375,IT,CH,PUBLI,HEAVY,0.36,22084.909,4,4,22084.907,0.0,0.0,0.0,0.002,61346.969444
1726961,IT,RO,HOTEL,BIOGA,0.16,22084.019,4,4,22084.017,0.0,0.0,0.0,0.002,138025.11875
1716916,IT,NL,HOTEL,FOOD2,0.16,22083.731,4,4,22083.729,0.0,0.0,0.0,0.002,138023.31875
1745343,IT,JP,VEGE1,REFI1,0.07,22082.29,4,4,22082.285,0.0,0.0,0.0,0.005,315461.285714
1648720,IT,BG,FOOD5,NONME,0.11,22081.198,4,4,22081.196,0.0,0.0,0.0,0.002,200738.163636
1684761,IT,HU,OILSE,PLAST,0.02,22080.15,3,3,22080.15,0.0,0.0,0.0,0.0,1104007.5
1797499,IT,WL,BUSIN,BEVER,0.23,22080.019,4,4,22080.017,0.0,0.0,0.0,0.002,96000.082609
1721902,IT,PL,RENTI,MACHI,0.13,22079.997,3,3,22079.997,0.0,0.0,0.0,0.0,169846.130769
1656713,IT,DE,MOTOR,OFFIC,0.03,22079.292,4,4,22079.29,0.0,0.0,0.0,0.002,735976.4
1727991,IT,SE,SANDC,PRECI,0.05,22078.681,4,4,22073.681,0.0,0.0,5.0,0.0,441573.62
1728086,IT,SE,MEAT4,RENTI,0.12,22077.914,4,4,22077.912,0.0,0.0,0.0,0.002,183982.616667
1714025,IT,MT,HOTEL,MEAT4,0.16,22077.489,4,4,22077.487,0.0,0.0,0.0,0.002,137984.30625
1804517,IT,WF,GASDI,TRANS,0.03,22076.781,4,4,22076.779,0.0,0.0,0.0,0.002,735892.7
1793847,IT,WL,TEXTI,PREC1,0.13,22076.738,4,4,22076.735,0.0,0.0,0.0,0.003,169821.061538
1799729,IT,WE,KEROS,MEAT1,0.03,22076.067,4,4,22076.065,0.0,0.0,0.0,0.002,735868.9
1665513,IT,ES,WEARI,POSTT,0.17,22075.82,4,4,22075.816,0.0,0.0,0.0,0.004,129857.764706
1676275,IT,FR,SALEM,RESEA,0.18,22075.407,3,3,22075.407,0.0,0.0,0.0,0.0,122641.15
1666110,IT,ES,GASDI,BITU1,0.03,22075.146,4,4,22075.144,0.0,0.0,0.0,0.002,735838.2
1649319,IT,BG,PLAST,BEVER,0.05,22075.071,4,4,22075.069,0.0,0.0,0.0,0.002,441501.42
1684350,IT,HR,SUPPO,RETA1,0.16,22074.96,3,3,22074.96,0.0,0.0,0.0,0.0,137968.5
1690078,IT,IE,RENTI,ELEC5,0.13,22074.494,3,3,22074.494,0.0,0.0,0.0,0.0,169803.8
1725338,IT,RO,FISH5,WHITE,0.09,22073.06,4,4,22073.049,0.0,0.0,0.0,0.011,245256.222222
1810764,IT,WM,AVIAT,SUPPO,0.05,22072.801,4,4,22072.799,0.0,0.0,0.0,0.002,441456.02
1678288,IT,FR,FOOD2,INERT,0.13,22072.043,3,3,22072.043,0.0,0.0,0.0,0.0,169784.946154
1662017,IT,DK,PLAST,BASIC,0.05,22071.146,4,4,22071.144,0.0,0.0,0.0,0.002,441422.92
1715452,IT,NL,MOTOR,FOOD2,0.03,22070.97,4,4,22070.968,0.0,0.0,0.0,0.002,735699.0
1647180,IT,BE,RAILW,LANDT,0.15,22067.213,3,3,22067.213,0.0,0.0,0.0,0.0,147114.753333
1728772,IT,SE,HEAVY,LEATH,0.04,22066.983,4,4,22066.981,0.0,0.0,0.0,0.002,551674.575
1750573,IT,CN,OFFIC,FISH5,0.07,22066.552,4,4,22066.55,0.0,0.0,0.0,0.002,315236.457143
1711428,IT,LU,HOTEL,COMPU,0.16,22066.044,4,4,22066.042,0.0,0.0,0.0,0.002,137912.775
1681846,IT,HR,VEGE1,PLAST,0.07,22064.99,4,4,22064.985,0.0,0.0,0.0,0.005,315214.142857
1677004,IT,FR,AIRTR,OILHA,0.02,22063.937,3,3,22063.937,0.0,0.0,0.0,0.0,1103196.85
1655744,IT,DE,MEATC,AIRTR,0.07,22063.288,3,3,22063.288,0.0,0.0,0.0,0.0,315189.828571
1686397,IT,HU,BASIC,LIQUE,0.03,22062.524,3,3,22062.524,0.0,0.0,0.0,0.0,735417.466667
1717110,IT,NL,SEACO,KEROS,0.02,22062.491,3,3,22062.491,0.0,0.0,0.0,0.0,1103124.55
1772943,IT,CH,PREC1,BRICK,0.04,22061.891,3,3,22061.891,0.0,0.0,0.0,0.0,551547.275
1682895,IT,HR,NAPHT,GLASS,0.04,22061.883,4,4,22061.881,0.0,0.0,0.0,0.002,551547.075
1744697,IT,US,COMPU,COLLE,0.25,22060.014,3,3,22060.014,0.0,0.0,0.0,0.0,88240.056
1779563,IT,TR,COMPU,GLASS,0.25,22058.93,3,3,22058.93,0.0,0.0,0.0,0.0,88235.72
1761475,IT,IN,PREC1,LEAD1,0.04,22058.75,3,3,22058.75,0.0,0.0,0.0,0.0,551468.75
1719735,IT,PL,NONME,INTER,0.04,22058.664,4,4,22058.662,0.0,0.0,0.0,0.002,551466.6
1729460,IT,SE,PREC1,RESEA,0.04,22057.984,3,3,22057.984,0.0,0.0,0.0,0.0,551449.6
1798862,IT,WE,BEVER,STONE,0.09,22057.945,3,3,22057.945,0.0,0.0,0.0,0.0,245088.277778
1740533,IT,GB,RECRE,EDUCA,0.28,22055.654,4,4,22055.652,0.0,0.0,0.0,0.002,78770.192857
1710799,IT,LU,PULP5,CONST,0.07,22055.638,4,4,22055.636,0.0,0.0,0.0,0.002,315080.542857
1670646,IT,FI,LEATH,LANDT,0.16,22055.4,4,4,22055.396,0.0,0.0,0.0,0.004,137846.25
1665965,IT,ES,MOTOR,BIODI,0.03,22055.386,4,4,22055.384,0.0,0.0,0.0,0.002,735179.533333
1748754,IT,CN,BEVER,COMPU,0.09,22055.214,3,3,22055.214,0.0,0.0,0.0,0.0,245057.933333
1757237,IT,BR,VEGE1,MOTOR,0.07,22053.762,4,4,22053.757,0.0,0.0,0.0,0.005,315053.742857
1804932,IT,WF,NONSP,VEGET,0.03,22053.191,3,3,22053.191,0.0,0.0,0.0,0.0,735106.366667
1749158,IT,CN,PULP5,TOBAC,0.07,22053.164,4,4,22053.162,0.0,0.0,0.0,0.002,315045.2
1664210,IT,EE,CERAM,RETA1,0.03,22051.424,3,3,22051.424,0.0,0.0,0.0,0.0,735047.466667
1685753,IT,HU,PLAST,SUGA1,0.05,22051.41,4,4,22051.408,0.0,0.0,0.0,0.002,441028.2
1727913,IT,SE,VEGET,MEAT1,0.08,22050.993,3,3,22050.993,0.0,0.0,0.0,0.0,275637.4125
1647410,IT,BE,AIRTR,BIOGA,0.02,22049.146,3,3,22049.146,0.0,0.0,0.0,0.0,1102457.3
1757762,IT,BR,PLAST,NATUR,0.05,22047.123,4,4,22047.121,0.0,0.0,0.0,0.002,440942.46
1770173,IT,AU,RETA1,HOTEL,0.23,22046.308,3,3,22046.308,0.0,0.0,0.0,0.0,95853.513043
1753060,IT,CA,ADDIT,KEROS,0.05,22045.432,4,4,22045.43,0.0,0.0,0.0,0.002,440908.64
1792525,IT,WA,REALE,RETA1,0.93,22044.206,3,3,22044.206,0.0,0.0,0.0,0.0,23703.447312
1722050,IT,PL,BUSIN,PIGS9,0.23,22044.061,4,4,22044.059,0.0,0.0,0.0,0.002,95843.743478
1732973,IT,SI,ALUM1,FINAN,0.04,22042.709,4,4,22042.707,0.0,0.0,0.0,0.002,551067.725
1765340,IT,RU,FOOD5,RADIO,0.11,22042.264,4,4,22042.262,0.0,0.0,0.0,0.002,200384.218182
1805364,IT,WF,RUBBE,NAPHT,0.07,22041.495,4,4,22041.493,0.0,0.0,0.0,0.002,314878.5
1769294,IT,AU,RUBBE,RAILW,0.07,22040.372,4,4,22040.37,0.0,0.0,0.0,0.002,314862.457143
1717359,IT,NL,FINAN,SEACO,0.29,22040.023,3,3,22040.023,0.0,0.0,0.0,0.0,76000.07931
1767556,IT,RU,AIRTR,RETAI,0.02,22039.655,3,3,22039.655,0.0,0.0,0.0,0.0,1101982.75
1727264,IT,RO,SUPPO,INSUR,0.16,22039.572,3,3,22039.572,0.0,0.0,0.0,0.0,137747.325
1716472,IT,NL,OFFIC,CEMEN,0.07,22039.374,4,4,22039.372,0.0,0.0,0.0,0.002,314848.2
1793514,IT,WL,CHEMI,HOTEL,0.05,22039.225,5,5,22038.223,0.0,0.0,1.0,0.002,440784.5
1808755,IT,WF,WOOD2,CEREA,0.12,22038.486,3,3,22038.486,0.0,0.0,0.0,0.0,183654.05
1771007,IT,CH,OILSE,HEALT,0.02,22038.176,3,3,22038.176,0.0,0.0,0.0,0.0,1101908.8
1685195,IT,HU,BEVER,PUBLI,0.09,22038.005,3,3,22038.005,0.0,0.0,0.0,0.0,244866.722222
1719181,IT,PL,PLAST,RETAI,0.05,22037.918,4,4,22037.916,0.0,0.0,0.0,0.002,440758.36
1735336,IT,SK,CERAM,RENTI,0.03,22037.755,3,3,22037.755,0.0,0.0,0.0,0.0,734591.833333
1805855,IT,WF,ALUM1,FOOD5,0.04,22036.485,4,4,22036.483,0.0,0.0,0.0,0.002,550912.125
1813540,IT,WM,WHOLE,BEVER,0.19,22035.789,3,3,22035.789,0.0,0.0,0.0,0.0,115977.836842
1765785,IT,RU,MOTOR,LIQUE,0.03,22034.832,4,4,22034.83,0.0,0.0,0.0,0.002,734494.4
1687766,IT,HU,SUPPO,COMPU,0.16,22034.079,3,3,22034.079,0.0,0.0,0.0,0.0,137712.99375
1743725,IT,US,LANDT,PLANT,0.14,22033.987,3,3,22033.987,0.0,0.0,0.0,0.0,157385.621429
1755422,IT,KR,HEAVY,REFI1,0.04,22033.923,4,4,22033.921,0.0,0.0,0.0,0.002,550848.075
1658905,IT,DE,FURNI,PFERT,0.07,22033.281,4,4,22033.279,0.0,0.0,0.0,0.002,314761.157143
1780298,IT,TW,LANDT,BUSIN,0.14,22033.125,3,3,22033.125,0.0,0.0,0.0,0.0,157379.464286
1722143,IT,PL,BUSIN,RETAI,0.23,22032.939,4,4,22032.937,0.0,0.0,0.0,0.002,95795.386957
1760261,IT,IN,VEGET,DAIRY,0.08,22032.656,3,3,22032.656,0.0,0.0,0.0,0.0,275408.2
1709685,IT,LT,PLAST,CONST,0.05,22032.398,4,4,22032.396,0.0,0.0,0.0,0.002,440647.96
1728203,IT,SE,FOOD5,MEAT1,0.11,22032.21,4,4,22032.208,0.0,0.0,0.0,0.002,200292.818182
1665326,IT,ES,FISH5,PROCE,0.09,22031.141,4,4,22031.13,0.0,0.0,0.0,0.011,244790.455556
1669667,IT,ES,COMPU,GASDI,0.25,22029.525,3,3,22029.525,0.0,0.0,0.0,0.0,88118.1
1671171,IT,FI,CERAM,LANDT,0.03,22029.101,3,3,22029.101,0.0,0.0,0.0,0.0,734303.366667
1709331,IT,LT,VEGE1,FOOD5,0.07,22027.115,4,4,22027.11,0.0,0.0,0.0,0.005,314673.071429
1679329,IT,GR,LUBRI,PAPE4,0.03,22027.005,3,3,22027.005,0.0,0.0,0.0,0.0,734233.5
1661743,IT,DK,LEATH,TEXTI,0.16,22026.498,4,4,22026.494,0.0,0.0,0.0,0.004,137665.6125
1762415,IT,IN,POSTT,DISTR,0.36,22026.414,4,4,22026.412,0.0,0.0,0.0,0.002,61184.483333
1644808,IT,BE,TEXTI,LEATH,0.13,22026.351,4,4,22026.348,0.0,0.0,0.0,0.003,169433.469231
1654055,IT,CZ,MACHI,FOODW,0.12,22026.093,4,4,22026.091,0.0,0.0,0.0,0.002,183550.775
1682041,IT,HR,BEVER,HEALT,0.09,22025.485,3,3,22025.485,0.0,0.0,0.0,0.0,244727.611111
1652237,IT,CZ,FOOD5,TOBAC,0.11,22025.111,4,4,22025.109,0.0,0.0,0.0,0.002,200228.281818
1649620,IT,BG,GLASS,COPP1,0.06,22024.68,3,3,22024.68,0.0,0.0,0.0,0.0,367078.0
1664941,IT,ES,STONE,ELECT,0.07,22024.094,4,4,22023.094,0.0,0.0,1.0,0.0,314629.914286
1769918,IT,AU,MOTO1,RADIO,0.12,22023.637,3,3,22023.637,0.0,0.0,0.0,0.0,183530.308333
1737331,IT,GB,BEVER,BIODI,0.09,22021.33,3,3,22021.33,0.0,0.0,0.0,0.0,244681.444444
1745459,IT,JP,SUGA1,BEVER,0.06,22020.16,4,4,22020.156,0.0,0.0,0.0,0.004,367002.666667
1680146,IT,GR,OFFIC,MEMBE,0.07,22019.052,4,4,22019.05,0.0,0.0,0.0,0.002,314557.885714
1681647,IT,HR,VEGET,VEGE1,0.08,22018.998,3,3,22018.998,0.0,0.0,0.0,0.0,275237.475
1794395,IT,WL,KEROS,RAILW,0.03,22018.778,4,4,22018.776,0.0,0.0,0.0,0.002,733959.266667
1752533,IT,CA,FOOD5,FURNI,0.11,22015.927,4,4,22015.925,0.0,0.0,0.0,0.002,200144.790909
1806331,IT,WF,OFFIC,INSUR,0.07,22014.938,4,4,22014.936,0.0,0.0,0.0,0.002,314499.114286
1649438,IT,BG,CHEM1,FURNI,0.05,22014.227,4,4,22014.225,0.0,0.0,0.0,0.002,440284.54
1747057,IT,JP,FURNI,PULP5,0.07,22013.171,4,4,22013.169,0.0,0.0,0.0,0.002,314473.871429
1793548,IT,WL,MEAT4,BEVER,0.12,22012.396,3,3,22012.396,0.0,0.0,0.0,0.0,183436.633333
1677890,IT,FR,BUSIN,GLASS,0.23,22012.014,4,4,22012.012,0.0,0.0,0.0,0.002,95704.408696
1673836,IT,FR,PRINT,RADIO,0.21,22010.582,4,4,22010.58,0.0,0.0,0.0,0.002,104812.295238
1776493,IT,TR,MOTOR,RETAI,0.03,22010.521,4,4,22010.519,0.0,0.0,0.0,0.002,733684.033333
1763493,IT,MX,PLAST,MEMBE,0.05,22008.453,4,4,22008.451,0.0,0.0,0.0,0.002,440169.06
1792763,IT,WA,BUSIN,DIST1,0.23,22008.195,4,4,22008.193,0.0,0.0,0.0,0.002,95687.804348
1802241,IT,WE,RAILW,EDUCA,0.15,22007.653,3,3,22007.653,0.0,0.0,0.0,0.0,146717.686667
1688672,IT,IE,CHEM1,WEARI,0.05,22005.067,4,4,22005.065,0.0,0.0,0.0,0.002,440101.34
1646524,IT,BE,MACHI,FOOD2,0.12,22004.847,4,4,22004.845,0.0,0.0,0.0,0.002,183373.725
1645487,IT,BE,PLAST,MEAT1,0.05,22003.881,4,4,22003.879,0.0,0.0,0.0,0.002,440077.62
1715626,IT,NL,NAPHT,KERO1,0.04,22003.208,4,4,22003.206,0.0,0.0,0.0,0.002,550080.2
1754507,IT,CA,BUSIN,CEMEN,0.23,22003.114,4,4,22003.112,0.0,0.0,0.0,0.002,95665.713043
1764795,IT,MX,LANDT,FABRI,0.14,22002.069,3,3,22002.069,0.0,0.0,0.0,0.0,157157.635714
1812694,IT,WM,COPP1,TRAN2,0.06,22001.497,3,3,22001.497,0.0,0.0,0.0,0.0,366691.616667
1753354,IT,CA,PREC1,CHEM1,0.04,22001.107,3,3,22001.107,0.0,0.0,0.0,0.0,550027.675
1715408,IT,NL,MOTOR,VEGET,0.03,22000.361,4,4,22000.359,0.0,0.0,0.0,0.002,733345.366667
1649689,IT,BG,NONME,MEAT1,0.04,21999.972,4,4,21999.97,0.0,0.0,0.0,0.002,549999.3
1735236,IT,SK,GLASS,WHEAT,0.06,21999.126,3,3,21999.126,0.0,0.0,0.0,0.0,366652.1
1689172,IT,IE,SALEM,PAPE4,0.18,21999.032,3,3,21999.032,0.0,0.0,0.0,0.0,122216.844444
1786083,IT,ZA,NONME,BITUM,0.04,21998.083,4,4,21998.081,0.0,0.0,0.0,0.002,549952.075
1727940,IT,SE,OILSE,MEATP,0.02,21997.767,3,3,21997.767,0.0,0.0,0.0,0.0,1099888.35
1652937,IT,CZ,HEAVY,FOOD5,0.04,21997.731,4,4,21997.729,0.0,0.0,0.0,0.002,549943.275
1648443,IT,BG,CEREA,CEREA,0.04,21997.056,3,3,21997.056,0.0,0.0,0.0,0.0,549926.4
1788570,IT,WA,PAPER,MACHI,0.09,21996.553,4,4,21996.551,0.0,0.0,0.0,0.002,244406.144444
1650200,IT,BG,TRANS,MOTO1,0.13,21995.89,3,3,21995.89,0.0,0.0,0.0,0.0,169199.153846
1762989,IT,MX,FOOD5,MEATP,0.11,21995.447,4,4,21995.445,0.0,0.0,0.0,0.002,199958.609091
1796486,IT,WL,RETA1,TEXTI,0.23,21993.164,3,3,21993.164,0.0,0.0,0.0,0.0,95622.452174
1645153,IT,BE,PRINT,RUBBE,0.21,21992.848,4,4,21992.846,0.0,0.0,0.0,0.002,104727.847619
1723883,IT,PT,FURNI,MOTOR,0.07,21992.112,4,4,21992.11,0.0,0.0,0.0,0.002,314173.028571
1719077,IT,PL,PARAF,WHOLE,0.03,21990.983,4,4,21990.981,0.0,0.0,0.0,0.002,733032.766667
1757204,IT,BR,MEAT4,PUBLI,0.12,21990.72,3,3,21990.72,0.0,0.0,0.0,0.0,183256.0
1774003,IT,CH,RETAI,CHEMI,0.17,21990.528,3,3,21990.528,0.0,0.0,0.0,0.0,129356.047059
1669254,IT,ES,FINAN,PIGS9,0.29,21990.332,3,3,21990.332,0.0,0.0,0.0,0.0,75828.731034
1759850,IT,BR,FOODW,ELEC3,0.16,21989.918,3,3,21989.918,0.0,0.0,0.0,0.0,137436.9875
1713534,IT,MT,GLASS,HOTEL,0.06,21989.603,3,3,21989.603,0.0,0.0,0.0,0.0,366493.383333
1759200,IT,BR,SUPPO,BASIC,0.16,21989.213,3,3,21989.213,0.0,0.0,0.0,0.0,137432.58125
1798468,IT,WE,NATUR,TRANS,0.03,21988.451,3,3,21988.451,0.0,0.0,0.0,0.0,732948.366667
1643930,IT,AT,COMPU,TEXTI,0.25,21987.768,3,3,21987.768,0.0,0.0,0.0,0.0,87951.072
1746645,IT,JP,COPP1,FOUND,0.06,21986.142,3,3,21986.142,0.0,0.0,0.0,0.0,366435.7
1812042,IT,WM,CERAM,MEATP,0.03,21985.22,3,3,21985.22,0.0,0.0,0.0,0.0,732840.666667
1760931,IT,IN,HEAVY,PRINT,0.04,21983.87,4,4,21983.868,0.0,0.0,0.0,0.002,549596.75
1789122,IT,WA,NONSP,PLAST,0.03,21983.253,3,3,21983.253,0.0,0.0,0.0,0.0,732775.1
1792371,IT,WA,FINAN,RESEA,0.29,21983.029,3,3,21983.029,0.0,0.0,0.0,0.0,75803.548276
1798265,IT,WE,OILSE,TOBAC,0.02,21982.872,3,3,21982.872,0.0,0.0,0.0,0.0,1099143.6
1800136,IT,WE,NAPHT,REALE,0.04,21980.93,4,4,21980.928,0.0,0.0,0.0,0.002,549523.25
1771644,IT,CH,WEARI,GASDI,0.17,21980.885,4,4,21980.881,0.0,0.0,0.0,0.004,129299.323529
1812513,IT,WM,ALUM1,DAIRY,0.04,21978.88,4,4,21978.878,0.0,0.0,0.0,0.002,549472.0
1766848,IT,RU,MACHI,PAPE1,0.12,21977.066,4,4,21977.064,0.0,0.0,0.0,0.002,183142.216667
1788255,IT,WA,LEATH,PULP5,0.16,21977.035,4,4,21977.031,0.0,0.0,0.0,0.004,137356.46875
1801010,IT,WE,LEAD1,FISHF,0.04,21976.37,4,4,21976.368,0.0,0.0,0.0,0.002,549409.25
1793311,IT,WA,PRIVA,DISTR,4.9,21975.278,4,4,21975.275,0.0,0.0,0.0,0.003,4484.750612
1762341,IT,IN,SUPPO,MOTO1,0.16,21974.959,3,3,21974.959,0.0,0.0,0.0,0.0,137343.49375
1649220,IT,BG,KEROS,HEAVY,0.03,21973.297,4,4,21973.295,0.0,0.0,0.0,0.002,732443.233333
1774224,IT,CH,RETA1,OFFIC,0.23,21973.172,3,3,21973.172,0.0,0.0,0.0,0.0,95535.530435
1660648,IT,DE,REALE,SUPPO,0.93,21972.58,3,3,21972.58,0.0,0.0,0.0,0.0,23626.430108
1713426,IT,MT,PLAST,NONME,0.05,21972.254,4,4,21972.252,0.0,0.0,0.0,0.002,439445.08
1783299,IT,NO,FOODW,OILHA,0.16,21971.057,3,3,21971.057,0.0,0.0,0.0,0.0,137319.10625
1731330,IT,SI,DAIRY,MEATP,0.09,21970.526,3,3,21970.526,0.0,0.0,0.0,0.0,244116.955556
1725084,IT,RO,ANIMA,BUSIN,0.09,21970.073,3,3,21970.073,0.0,0.0,0.0,0.0,244111.922222
1685507,IT,HU,PAPER,WEARI,0.09,21969.426,4,4,21969.424,0.0,0.0,0.0,0.002,244104.733333
1759815,IT,BR,BUSIN,FOOD3,0.23,21968.427,4,4,21968.425,0.0,0.0,0.0,0.002,95514.9
1645378,IT,BE,HEAVY,BIODI,0.04,21967.976,4,4,21967.974,0.0,0.0,0.0,0.002,549199.4
1659348,IT,DE,RETAI,FINAN,0.17,21966.352,3,3,21966.352,0.0,0.0,0.0,0.0,129213.835294
1807901,IT,WF,PLAS1,OILSE,0.08,21966.106,3,3,21966.106,0.0,0.0,0.0,0.0,274576.325
1713331,IT,MT,KERO1,HOTEL,0.03,21965.356,4,4,21965.354,0.0,0.0,0.0,0.002,732178.533333
1807393,IT,WF,FINAN,SUPPO,0.29,21965.204,3,3,21965.204,0.0,0.0,0.0,0.0,75742.082759
1808532,IT,WF,PAPE4,PRECI,0.14,21961.444,3,3,21961.444,0.0,0.0,0.0,0.0,156867.457143
1667793,IT,ES,OFFIC,PREC1,0.07,21960.837,4,4,21960.835,0.0,0.0,0.0,0.002,313726.242857
1655858,IT,DE,VEGE1,RECRE,0.07,21960.825,4,4,21960.82,0.0,0.0,0.0,0.005,313726.071429
1664536,IT,EE,FURNI,HOTEL,0.07,21960.531,4,4,21960.529,0.0,0.0,0.0,0.002,313721.871429
1791376,IT,WA,SALEM,BUSIN,0.18,21960.315,3,3,21960.315,0.0,0.0,0.0,0.0,122001.75
1798304,IT,WE,CROPS,PRINT,0.17,21959.967,3,3,21959.967,0.0,0.0,0.0,0.0,129176.276471
1800729,IT,WE,NONME,POULT,0.04,21959.949,4,4,21959.947,0.0,0.0,0.0,0.002,548998.725
1808686,IT,WF,INERT,POSTT,0.16,21957.275,3,3,21957.275,0.0,0.0,0.0,0.0,137232.96875
1780105,IT,TW,HOTEL,ANIMA,0.16,21956.689,4,4,21956.687,0.0,0.0,0.0,0.002,137229.30625
1797130,IT,WL,POSTT,BIODI,0.36,21955.327,4,4,21955.325,0.0,0.0,0.0,0.002,60987.019444
1735334,IT,SK,CERAM,LANDT,0.03,21953.822,3,3,21953.822,0.0,0.0,0.0,0.0,731794.066667
1713545,IT,MT,CERAM,MACHI,0.03,21952.791,3,3,21952.791,0.0,0.0,0.0,0.0,731759.7
1683399,IT,HR,BASIC,CHARC,0.03,21950.392,3,3,21950.392,0.0,0.0,0.0,0.0,731679.733333
1794403,IT,WL,KEROS,INSUR,0.03,21948.892,4,4,21948.89,0.0,0.0,0.0,0.002,731629.733333
1765332,IT,RU,FOOD5,WEARI,0.11,21948.156,4,4,21948.154,0.0,0.0,0.0,0.002,199528.690909
1670665,IT,FI,LEATH,SEWAG,0.16,21947.184,4,4,21947.18,0.0,0.0,0.0,0.004,137169.9
1779035,IT,TR,AIRTR,DIST1,0.02,21945.148,3,3,21945.148,0.0,0.0,0.0,0.0,1097257.4
1709801,IT,LT,RUBBE,GLASS,0.07,21944.27,4,4,21944.268,0.0,0.0,0.0,0.002,313489.571429
1730205,IT,SE,LANDT,HOTEL,0.14,21943.282,3,3,21943.282,0.0,0.0,0.0,0.0,156737.728571
1770947,IT,CH,VEGET,MOTOR,0.08,21942.991,3,3,21942.991,0.0,0.0,0.0,0.0,274287.3875
1713400,IT,MT,BITU1,CERAM,0.03,21942.203,4,4,21942.201,0.0,0.0,0.0,0.002,731406.766667
1687067,IT,HU,MOTO1,ALUM1,0.12,21942.167,3,3,21942.167,0.0,0.0,0.0,0.0,182851.391667
1735825,IT,SK,MACHI,COLLE,0.12,21940.92,4,4,21940.918,0.0,0.0,0.0,0.002,182841.0
1728457,IT,SE,LEATH,RUBBE,0.16,21939.183,4,4,21939.179,0.0,0.0,0.0,0.004,137119.89375
1722946,IT,PT,HEAVY,FOOD5,0.04,21938.234,4,4,21938.232,0.0,0.0,0.0,0.002,548455.85
1668963,IT,ES,AIRTR,FOUND,0.02,21938.126,3,3,21938.126,0.0,0.0,0.0,0.0,1096906.3
1772120,IT,CH,MOTOR,SALEM,0.03,21938.106,4,4,21938.104,0.0,0.0,0.0,0.002,731270.2
1681446,IT,GR,RENTI,MEMBE,0.13,21936.852,3,3,21936.852,0.0,0.0,0.0,0.0,168745.015385
1735716,IT,SK,FABRI,DISTR,0.09,21936.691,4,4,21936.689,0.0,0.0,0.0,0.002,243741.011111
1786807,IT,ZA,HOTEL,RADIO,0.16,21936.445,4,4,21936.443,0.0,0.0,0.0,0.002,137102.78125
1806001,IT,WF,COPP1,BITU1,0.06,21934.623,3,3,21934.623,0.0,0.0,0.0,0.0,365577.05
1654766,IT,CZ,AIRTR,PUBLI,0.02,21934.601,3,3,21934.601,0.0,0.0,0.0,0.0,1096730.05
1773005,IT,CH,ALUM1,STONE,0.04,21933.815,4,4,21933.813,0.0,0.0,0.0,0.002,548345.375
1749179,IT,CN,PULP5,PREC1,0.07,21933.709,4,4,21933.707,0.0,0.0,0.0,0.002,313338.7
1766965,IT,RU,MOTO1,MEDIC,0.12,21933.489,3,3,21933.489,0.0,0.0,0.0,0.0,182779.075
1641539,IT,AT,HEAVY,ELECT,0.04,21933.217,4,4,21933.215,0.0,0.0,0.0,0.002,548330.425
1747444,IT,JP,SEACO,SANDC,0.02,21932.923,3,3,21932.923,0.0,0.0,0.0,0.0,1096646.15
1741517,IT,US,KEROS,CHEM1,0.03,21932.549,4,4,21932.547,0.0,0.0,0.0,0.002,731084.966667
1732638,IT,SI,GLASS,SALEM,0.06,21931.42,3,3,21931.42,0.0,0.0,0.0,0.0,365523.666667
1755088,IT,KR,LEATH,NICKE,0.16,21931.237,4,4,21931.233,0.0,0.0,0.0,0.004,137070.23125
1761185,IT,IN,ADDIT,TEXTI,0.05,21930.232,4,4,21930.23,0.0,0.0,0.0,0.002,438604.64
1722558,IT,PT,BEVER,RETA1,0.09,21928.004,3,3,21928.004,0.0,0.0,0.0,0.0,243644.488889
1766853,IT,RU,MACHI,OILHA,0.12,21927.976,4,4,21927.974,0.0,0.0,0.0,0.002,182733.133333
1649804,IT,BG,PREC1,MACHI,0.04,21927.967,3,3,21927.967,0.0,0.0,0.0,0.0,548199.175
1781577,IT,NO,WEARI,WOODW,0.17,21927.705,4,4,21927.701,0.0,0.0,0.0,0.004,128986.5
1643654,IT,AT,AIRTR,AUXIL,0.02,21927.515,3,3,21927.515,0.0,0.0,0.0,0.0,1096375.75
1651406,IT,CY,KEROS,VEGET,0.03,21925.83,4,4,21925.828,0.0,0.0,0.0,0.002,730861.0
1666025,IT,ES,MOTOR,WOOD2,0.03,21925.665,4,4,21925.663,0.0,0.0,0.0,0.002,730855.5
1755245,IT,KR,PAPER,MEATC,0.08,21924.932,4,4,21924.93,0.0,0.0,0.0,0.002,274061.65
1762992,IT,MX,FOOD5,SUGA1,0.11,21924.506,4,4,21924.504,0.0,0.0,0.0,0.002,199313.690909
1777461,IT,TR,BASIC,IRONO,0.03,21921.91,3,3,21921.91,0.0,0.0,0.0,0.0,730730.333333
1646870,IT,BE,WHOLE,MEATC,0.19,21920.748,3,3,21920.748,0.0,0.0,0.0,0.0,115372.357895
1760663,IT,IN,PAPER,VEGE1,0.08,21918.872,4,4,21918.87,0.0,0.0,0.0,0.002,273985.9
1724164,IT,PT,RETA1,INTER,0.23,21918.617,3,3,21918.617,0.0,0.0,0.0,0.0,95298.334783
1689054,IT,IE,MOTO1,COMPU,0.12,21917.961,3,3,21917.961,0.0,0.0,0.0,0.0,182649.675
1679809,IT,GR,ALUM1,MEATC,0.04,21913.737,4,4,21913.735,0.0,0.0,0.0,0.002,547843.425
1728903,IT,SE,CHEM1,BITU1,0.05,21913.234,4,4,21913.232,0.0,0.0,0.0,0.002,438264.68
1732150,IT,SI,GASDI,RADIO,0.03,21913.104,4,4,21913.102,0.0,0.0,0.0,0.002,730436.8
1767420,IT,RU,LANDT,MACHI,0.14,21913.004,3,3,21913.004,0.0,0.0,0.0,0.0,156521.457143
1790690,IT,WA,FABRI,BIOG1,0.09,21910.733,4,4,21910.731,0.0,0.0,0.0,0.002,243452.588889
1738540,IT,GB,FABRI,RAWMI,0.09,21910.685,4,4,21910.683,0.0,0.0,0.0,0.002,243452.055556
1648640,IT,BG,VEGE1,COPP1,0.07,21910.281,4,4,21910.276,0.0,0.0,0.0,0.005,313004.014286
1772038,IT,CH,PRINT,NONME,0.21,21908.469,4,4,21908.467,0.0,0.0,0.0,0.002,104326.042857
1786118,IT,ZA,BASIC,SANDC,0.03,21907.837,3,3,21907.837,0.0,0.0,0.0,0.0,730261.233333
1727993,IT,SE,SANDC,SANDC,0.05,21906.455,4,4,21901.455,0.0,0.0,5.0,0.0,438129.1
1653358,IT,CZ,GLASS,DIST1,0.06,21903.491,3,3,21903.491,0.0,0.0,0.0,0.0,365058.183333
1689582,IT,IE,AIRTR,LEAD1,0.02,21903.457,3,3,21903.457,0.0,0.0,0.0,0.0,1095172.85
1748084,IT,JP,BUSIN,TRAN2,0.22,21900.82,4,4,21900.818,0.0,0.0,0.0,0.002,99549.181818
1683049,IT,HR,CHEM1,PAPE4,0.05,21900.284,4,4,21900.282,0.0,0.0,0.0,0.002,438005.68
1642073,IT,AT,GLASS,BIOGA,0.06,21899.141,3,3,21899.141,0.0,0.0,0.0,0.0,364985.683333
1655144,IT,CZ,BUSIN,NFERT,0.22,21897.941,4,4,21897.939,0.0,0.0,0.0,0.002,99536.095455
1804394,IT,WF,KEROS,DISTR,0.03,21897.927,4,4,21897.925,0.0,0.0,0.0,0.002,729930.9
1713087,IT,MT,PROCE,REALE,0.15,21897.833,3,3,21897.833,0.0,0.0,0.0,0.0,145985.553333
1782009,IT,NO,RUBBE,ELEC4,0.07,21897.417,4,4,21897.415,0.0,0.0,0.0,0.002,312820.242857
1808740,IT,WF,TEXT2,POSTT,0.16,21897.225,3,3,21897.225,0.0,0.0,0.0,0.0,136857.65625
1811961,IT,WM,GLASS,MEAT1,0.06,21897.223,3,3,21897.223,0.0,0.0,0.0,0.0,364953.716667
1657010,IT,DE,NAPHT,NAPHT,0.04,21895.726,4,4,21895.724,0.0,0.0,0.0,0.002,547393.15
1755618,IT,KR,ADDIT,LUBRI,0.05,21895.24,4,4,21895.238,0.0,0.0,0.0,0.002,437904.8
1784228,IT,ID,PLAST,MACHI,0.05,21895.121,4,4,21895.119,0.0,0.0,0.0,0.002,437902.42
1746070,IT,JP,PRINT,CHEM1,0.21,21894.508,4,4,21894.506,0.0,0.0,0.0,0.002,104259.561905
1800140,IT,WE,NAPHT,PUBLI,0.04,21894.483,4,4,21894.481,0.0,0.0,0.0,0.002,547362.075
1758482,IT,BR,MACHI,PULP5,0.12,21894.298,4,4,21894.296,0.0,0.0,0.0,0.002,182452.483333
1798542,IT,WE,SANDC,CEMEN,0.05,21893.159,4,4,21888.159,0.0,0.0,5.0,0.0,437863.18
1666320,IT,ES,LIQUE,COPP1,0.04,21893.083,4,4,21893.081,0.0,0.0,0.0,0.002,547327.075
1789109,IT,WA,NONSP,ANIMA,0.03,21892.911,3,3,21892.911,0.0,0.0,0.0,0.0,729763.7
1666624,IT,ES,CHEM1,INSUR,0.05,21892.602,4,4,21892.6,0.0,0.0,0.0,0.002,437852.04
1737806,IT,GB,NAPHT,COMPU,0.04,21891.148,4,4,21891.146,0.0,0.0,0.0,0.002,547278.7
1718510,IT,PL,TEXTI,RAILW,0.13,21889.761,4,4,21889.758,0.0,0.0,0.0,0.003,168382.776923
1759073,IT,BR,SEACO,HOTEL,0.02,21888.43,3,3,21888.43,0.0,0.0,0.0,0.0,1094421.5
1677945,IT,FR,BUSIN,PLAS1,0.22,21888.275,4,4,21888.273,0.0,0.0,0.0,0.002,99492.159091
1664585,IT,EE,HOTEL,AIRTR,0.16,21888.079,4,4,21888.077,0.0,0.0,0.0,0.002,136800.49375
1790184,IT,WA,PREC1,FORES,0.04,21887.459,3,3,21887.459,0.0,0.0,0.0,0.0,547186.475
1766847,IT,RU,MACHI,FOODW,0.12,21886.384,4,4,21886.382,0.0,0.0,0.0,0.002,182386.533333
1804615,IT,WF,HEAVY,BIOGA,0.04,21885.783,4,4,21885.781,0.0,0.0,0.0,0.002,547144.575
1710063,IT,LT,FABRI,PAPER,0.09,21885.705,4,4,21885.703,0.0,0.0,0.0,0.002,243174.5
1724436,IT,PT,AIRTR,RETAI,0.02,21885.146,3,3,21885.146,0.0,0.0,0.0,0.0,1094257.3
1791972,IT,WA,SEACO,RADIO,0.02,21884.163,3,3,21884.163,0.0,0.0,0.0,0.0,1094208.15
1777629,IT,TR,ALUM1,TRAN1,0.04,21883.48,4,4,21883.478,0.0,0.0,0.0,0.002,547087.0
1681107,IT,GR,SUPPO,TRAN1,0.16,21883.282,3,3,21883.282,0.0,0.0,0.0,0.0,136770.5125
1641707,IT,AT,PLAST,ALUM1,0.05,21882.998,4,4,21882.996,0.0,0.0,0.0,0.002,437659.96
1800795,IT,WE,BASIC,MEATP,0.03,21882.952,3,3,21882.952,0.0,0.0,0.0,0.0,729431.733333
1784992,IT,ID,INSUR,HEALT,0.45,21880.848,3,3,21880.848,0.0,0.0,0.0,0.0,48624.106667
1813390,IT,WM,FURNI,ELEC4,0.07,21880.636,4,4,21880.634,0.0,0.0,0.0,0.002,312580.514286
1665030,IT,ES,CHEMI,RECRE,0.05,21879.327,5,5,21878.325,0.0,0.0,1.0,0.002,437586.54
1793416,IT,WL,CROPS,WHOLE,0.17,21878.296,3,3,21878.296,0.0,0.0,0.0,0.0,128695.858824
1644292,IT,BE,FORES,FORES,0.19,21877.769,4,4,21869.769,0.0,8.0,0.0,0.0,115146.152632
1787558,IT,WA,CHEMI,BUSIN,0.05,21877.255,5,5,21876.253,0.0,0.0,1.0,0.002,437545.1
1683878,IT,HR,MOTO1,RECRE,0.12,21876.4,3,3,21876.4,0.0,0.0,0.0,0.0,182303.333333
1664497,IT,EE,MOTO1,CONST,0.12,21875.634,3,3,21875.634,0.0,0.0,0.0,0.0,182296.95
1651002,IT,BG,SUPPO,RAILW,0.16,21875.611,3,3,21875.611,0.0,0.0,0.0,0.0,136722.56875
1783393,IT,NO,PLAS1,FOOD3,0.08,21875.009,3,3,21875.009,0.0,0.0,0.0,0.0,273437.6125
1726289,IT,RO,BASIC,FURNI,0.03,21874.518,3,3,21874.518,0.0,0.0,0.0,0.0,729150.6
1711818,IT,LU,HEALT,FINAN,0.11,21874.375,3,3,21874.375,0.0,0.0,0.0,0.0,198857.954545
1676957,IT,FR,AIRTR,GLASS,0.02,21873.856,3,3,21873.856,0.0,0.0,0.0,0.0,1093692.8
1751569,IT,CN,POSTT,RUBBE,0.36,21873.357,4,4,21873.355,0.0,0.0,0.0,0.002,60759.325
1812408,IT,WM,PREC1,IRONO,0.04,21872.427,3,3,21872.427,0.0,0.0,0.0,0.0,546810.675
1650590,IT,BG,ELEC8,CERAM,0.29,21872.053,3,3,21872.053,0.0,0.0,0.0,0.0,75420.872414
1807132,IT,WF,AIRTR,PRECI,0.02,21871.955,3,3,21871.955,0.0,0.0,0.0,0.0,1093597.75
1731139,IT,SI,NATUR,CONST,0.03,21871.774,3,3,21871.774,0.0,0.0,0.0,0.0,729059.133333
1654614,IT,CZ,LANDT,CEREA,0.14,21871.148,3,3,21871.148,0.0,0.0,0.0,0.0,156222.485714
1726511,IT,RO,MACHI,MOTO1,0.12,21869.825,4,4,21869.823,0.0,0.0,0.0,0.002,182248.541667
1668373,IT,ES,RETA1,COPPE,0.23,21869.464,3,3,21869.464,0.0,0.0,0.0,0.0,95084.626087
1810466,IT,WM,PULP5,COMPU,0.07,21867.66,4,4,21867.658,0.0,0.0,0.0,0.002,312395.142857
1723161,IT,PT,RUBBE,STONE,0.07,21867.367,4,4,21867.365,0.0,0.0,0.0,0.002,312390.957143
1777197,IT,TR,RUBBE,NATUR,0.07,21866.133,4,4,21866.131,0.0,0.0,0.0,0.002,312373.328571
1737833,IT,GB,NONSP,KEROS,0.03,21865.983,3,3,21865.983,0.0,0.0,0.0,0.0,728866.1
1660783,IT,DE,COMPU,FISH5,0.25,21864.648,3,3,21864.648,0.0,0.0,0.0,0.0,87458.592
1749814,IT,CN,RUBBE,DAIRY,0.07,21864.614,4,4,21864.612,0.0,0.0,0.0,0.002,312351.628571
1775406,IT,CH,PUBLI,POSTT,0.36,21864.147,4,4,21864.145,0.0,0.0,0.0,0.002,60733.741667
1748364,IT,CN,OILSE,BIOGA,0.02,21864.045,3,3,21864.045,0.0,0.0,0.0,0.0,1093202.25
1751356,IT,CN,LANDT,HEALT,0.14,21863.705,3,3,21863.705,0.0,0.0,0.0,0.0,156169.321429
1656248,IT,DE,WEARI,RUBBE,0.16,21863.634,4,4,21863.63,0.0,0.0,0.0,0.004,136647.7125
1651714,IT,CY,FABRI,REALE,0.09,21863.293,4,4,21863.291,0.0,0.0,0.0,0.002,242925.477778
1655325,IT,DE,VEGET,RUBBE,0.08,21861.531,3,3,21861.531,0.0,0.0,0.0,0.0,273269.1375
1749391,IT,CN,MOTOR,HEAVY,0.03,21861.43,4,4,21861.428,0.0,0.0,0.0,0.002,728714.333333
1682112,IT,HR,TEXTI,AVIAT,0.13,21861.266,4,4,21861.263,0.0,0.0,0.0,0.003,168163.584615
1789565,IT,WA,BIODI,MEAT4,0.05,21861.01,4,4,21861.008,0.0,0.0,0.0,0.002,437220.2
1810838,IT,WM,KEROS,RADIO,0.03,21860.073,4,4,21860.071,0.0,0.0,0.0,0.002,728669.1
1744713,IT,US,COMPU,COMPU,0.25,21859.808,3,3,21859.808,0.0,0.0,0.0,0.0,87439.232
1653161,IT,CZ,CHEM1,SALEM,0.05,21857.951,4,4,21857.949,0.0,0.0,0.0,0.002,437159.02
1730421,IT,SE,POSTT,CEMEN,0.36,21857.726,4,4,21857.724,0.0,0.0,0.0,0.002,60715.905556
1743951,IT,US,INLAN,LANDT,0.04,21857.592,3,3,21857.592,0.0,0.0,0.0,0.0,546439.8
1719013,IT,PL,GASDI,WHEAT,0.03,21856.239,4,4,21856.237,0.0,0.0,0.0,0.002,728541.3
1732971,IT,SI,ALUM1,AIRTR,0.04,21856.123,4,4,21856.121,0.0,0.0,0.0,0.002,546403.075
1758555,IT,BR,MACHI,TEXT2,0.12,21856.07,4,4,21856.068,0.0,0.0,0.0,0.002,182133.916667
1642386,IT,AT,BASIC,FOOD3,0.03,21854.451,3,3,21854.451,0.0,0.0,0.0,0.0,728481.7
1717598,IT,NL,COMPU,HEALT,0.25,21851.596,3,3,21851.596,0.0,0.0,0.0,0.0,87406.384
1798577,IT,WE,CHEMI,EDUCA,0.05,21850.972,5,5,21849.97,0.0,0.0,1.0,0.002,437019.44
1644614,IT,BE,FOOD5,RUBBE,0.1,21850.765,4,4,21850.763,0.0,0.0,0.0,0.002,218507.65
1775234,IT,CH,BUSIN,VEGET,0.22,21850.728,4,4,21850.726,0.0,0.0,0.0,0.002,99321.490909
1684154,IT,HR,LANDT,PFERT,0.14,21849.205,3,3,21849.205,0.0,0.0,0.0,0.0,156065.75
1716115,IT,NL,BASIC,93197,0.03,21847.321,3,3,21847.321,0.0,0.0,0.0,0.0,728244.033333
1781436,IT,NO,FOOD5,RESEA,0.1,21846.238,4,4,21846.236,0.0,0.0,0.0,0.002,218462.38
1785468,IT,ZA,PRINT,POSTT,0.21,21846.013,4,4,21846.011,0.0,0.0,0.0,0.002,104028.633333
1778981,IT,TR,SEACO,TEXT2,0.02,21845.954,3,3,21845.954,0.0,0.0,0.0,0.0,1092297.7
1790255,IT,WA,PREC1,HOTEL,0.04,21845.744,3,3,21845.744,0.0,0.0,0.0,0.0,546143.6
1782038,IT,NO,RUBBE,WOOD1,0.07,21845.433,4,4,21845.431,0.0,0.0,0.0,0.002,312077.614286
1801598,IT,WE,TRANS,DISTR,0.13,21845.413,3,3,21845.413,0.0,0.0,0.0,0.0,168041.638462
1794724,IT,WL,LUBRI,COPP1,0.03,21842.963,3,3,21842.963,0.0,0.0,0.0,0.0,728098.766667
1775288,IT,CH,BUSIN,ALUM1,0.22,21842.148,4,4,21842.146,0.0,0.0,0.0,0.002,99282.490909
1768549,IT,AU,FOOD5,RENTI,0.1,21842.091,4,4,21842.089,0.0,0.0,0.0,0.002,218420.91
1760366,IT,IN,CHEMI,WHOLE,0.05,21841.51,5,5,21840.508,0.0,0.0,1.0,0.002,436830.2
1645988,IT,BE,CEMEN,BUSIN,0.03,21841.319,3,3,21841.319,0.0,0.0,0.0,0.0,728043.966667
1777962,IT,TR,MACHI,ELEC2,0.12,21840.514,4,4,21840.512,0.0,0.0,0.0,0.002,182004.283333
1719086,IT,PL,PETRO,CERAM,0.04,21839.642,4,4,21839.64,0.0,0.0,0.0,0.002,545991.05
1767491,IT,RU,SEACO,CHEM1,0.02,21838.64,3,3,21838.64,0.0,0.0,0.0,0.0,1091932.0
1645874,IT,BE,GLASS,MEDIC,0.06,21838.387,3,3,21838.387,0.0,0.0,0.0,0.0,363973.116667
1713339,IT,MT,GASDI,STONE,0.03,21838.25,4,4,21838.248,0.0,0.0,0.0,0.002,727941.666667
1655285,IT,DE,CEREA,CATTL,0.04,21836.168,3,3,21836.168,0.0,0.0,0.0,0.0,545904.2
1800538,IT,WE,RUBBE,ELEC4,0.07,21836.032,4,4,21836.03,0.0,0.0,0.0,0.002,311943.314286
1791325,IT,WA,SALEM,CRUDE,0.18,21835.885,3,3,21835.885,0.0,0.0,0.0,0.0,121310.472222
1686223,IT,HU,GLASS,RENTI,0.06,21835.637,3,3,21835.637,0.0,0.0,0.0,0.0,363927.283333
1653931,IT,CZ,FABRI,RECRE,0.09,21833.162,4,4,21833.16,0.0,0.0,0.0,0.002,242590.688889
1801790,IT,WE,ELEC4,FINAN,0.35,21832.789,3,3,21832.789,0.0,0.0,0.0,0.0,62379.397143
1710914,IT,LU,LIQUE,COMPU,0.04,21832.556,4,4,21832.554,0.0,0.0,0.0,0.002,545813.9
1675566,IT,FR,MOTO1,PAPER,0.12,21830.29,3,3,21830.29,0.0,0.0,0.0,0.0,181919.083333
1800410,IT,WE,CHEM1,93197,0.05,21828.716,4,4,21828.714,0.0,0.0,0.0,0.002,436574.32
1752068,IT,CN,BUSIN,MEAT1,0.22,21827.633,4,4,21827.631,0.0,0.0,0.0,0.002,99216.513636
1811476,IT,WM,PLAST,OXYGE,0.05,21827.337,4,4,21827.335,0.0,0.0,0.0,0.002,436546.74
1657530,IT,DE,GLASS,CHEMI,0.06,21826.619,3,3,21826.619,0.0,0.0,0.0,0.0,363776.983333
1791511,IT,WA,RETA1,CRUDE,0.23,21823.245,3,3,21823.245,0.0,0.0,0.0,0.0,94883.673913
1711249,IT,LU,OFFIC,OFFIC,0.07,21821.859,4,4,21821.857,0.0,0.0,0.0,0.002,311740.842857
1688536,IT,IE,PAPER,CONST,0.08,21821.306,4,4,21821.304,0.0,0.0,0.0,0.002,272766.325
1789882,IT,WA,BRICK,PRECI,0.03,21820.524,3,3,21820.524,0.0,0.0,0.0,0.0,727350.8
1688796,IT,IE,GLASS,PLAST,0.06,21820.523,3,3,21820.523,0.0,0.0,0.0,0.0,363675.383333
1679540,IT,GR,RUBBE,MEAT4,0.07,21820.19,4,4,21820.188,0.0,0.0,0.0,0.002,311717.0
1786919,IT,ZA,AIRTR,SALEM,0.02,21819.289,3,3,21819.289,0.0,0.0,0.0,0.0,1090964.45
1653060,IT,CZ,PLAST,SUPPO,0.05,21818.241,4,4,21818.239,0.0,0.0,0.0,0.002,436364.82
1732071,IT,SI,KEROS,TEXT2,0.03,21817.565,4,4,21817.563,0.0,0.0,0.0,0.002,727252.166667
1762185,IT,IN,SEACO,POULT,0.02,21817.534,3,3,21817.534,0.0,0.0,0.0,0.0,1090876.7
1734229,IT,SI,RENTI,POSTT,0.13,21816.956,3,3,21816.956,0.0,0.0,0.0,0.0,167822.738462
1753908,IT,CA,RAILW,ELECT,0.15,21814.707,3,3,21814.707,0.0,0.0,0.0,0.0,145431.38
1755801,IT,KR,CERAM,ELECT,0.03,21813.554,3,3,21813.554,0.0,0.0,0.0,0.0,727118.466667
1671442,IT,FI,FABRI,HOTEL,0.09,21812.49,4,4,21812.488,0.0,0.0,0.0,0.002,242361.0
1758373,IT,BR,FABRI,FISH5,0.09,21811.893,4,4,21811.891,0.0,0.0,0.0,0.002,242354.366667
1761228,IT,IN,RUBBE,PLANT,0.07,21811.492,4,4,21811.49,0.0,0.0,0.0,0.002,311592.742857
1730613,IT,SE,RENTI,DAIRY,0.13,21809.695,3,3,21809.695,0.0,0.0,0.0,0.0,167766.884615
1783503,IT,NO,OILHA,PLAST,0.13,21809.113,3,3,21809.113,0.0,0.0,0.0,0.0,167762.407692
1729104,IT,SE,RUBBE,SEWAG,0.07,21808.563,4,4,21808.561,0.0,0.0,0.0,0.002,311550.9
1794304,IT,WL,MOTOR,RUBBE,0.03,21806.545,4,4,21806.543,0.0,0.0,0.0,0.002,726884.833333
1654663,IT,CZ,LANDT,NONME,0.14,21805.739,3,3,21805.739,0.0,0.0,0.0,0.0,155755.278571
1645140,IT,BE,PRINT,PULP5,0.21,21805.63,4,4,21805.628,0.0,0.0,0.0,0.002,103836.333333
1713703,IT,MT,FABRI,INLAN,0.09,21805.323,4,4,21805.321,0.0,0.0,0.0,0.002,242281.366667
1752752,IT,CA,WOODW,SANDC,0.06,21804.618,3,3,21804.618,0.0,0.0,0.0,0.0,363410.3
1647988,IT,BE,RENTI,RECRE,0.13,21802.929,3,3,21802.929,0.0,0.0,0.0,0.0,167714.838462
1736046,IT,SK,FURNI,PLAST,0.07,21802.748,4,4,21802.746,0.0,0.0,0.0,0.002,311467.828571
1642835,IT,AT,OFFIC,RENTI,0.07,21802.156,4,4,21802.154,0.0,0.0,0.0,0.002,311459.371429
1742622,IT,US,LEAD1,BITU1,0.04,21800.021,4,4,21800.019,0.0,0.0,0.0,0.002,545000.525
1657515,IT,DE,GLASS,SUGAR,0.06,21799.353,3,3,21799.353,0.0,0.0,0.0,0.0,363322.55
1713174,IT,MT,TEXTI,FURNI,0.13,21797.902,4,4,21797.899,0.0,0.0,0.0,0.003,167676.169231
1679132,IT,GR,PAPER,MEDIC,0.08,21797.3,4,4,21797.298,0.0,0.0,0.0,0.002,272466.25
1680827,IT,GR,RAILW,WHOLE,0.15,21796.997,3,3,21796.997,0.0,0.0,0.0,0.0,145313.313333
1728587,IT,SE,PAPER,SALEM,0.08,21796.935,4,4,21796.933,0.0,0.0,0.0,0.002,272461.6875
1801643,IT,WE,FURNI,BEVER,0.07,21796.231,4,4,21796.229,0.0,0.0,0.0,0.002,311374.728571
1781784,IT,NO,PRINT,REALE,0.21,21795.121,4,4,21795.119,0.0,0.0,0.0,0.002,103786.290476
1807929,IT,WF,PLAS1,FOOD5,0.08,21794.533,3,3,21794.533,0.0,0.0,0.0,0.0,272431.6625
1672607,IT,FR,FORES,PAPER,0.19,21793.667,4,4,21785.667,0.0,8.0,0.0,0.0,114703.510526
1652100,IT,CZ,SANDC,DISTR,0.05,21793.304,4,4,21788.304,0.0,0.0,5.0,0.0,435866.08
1689242,IT,IE,WHOLE,LEATH,0.19,21792.172,3,3,21792.172,0.0,0.0,0.0,0.0,114695.642105
1807347,IT,WF,POSTT,93197,0.36,21791.774,4,4,21791.772,0.0,0.0,0.0,0.002,60532.705556
1787199,IT,WA,WHEAT,WOODW,0.02,21790.878,3,3,21790.878,0.0,0.0,0.0,0.0,1089543.9
1730160,IT,SE,LANDT,WEARI,0.14,21790.036,3,3,21790.036,0.0,0.0,0.0,0.0,155643.114286
1676940,IT,FR,AIRTR,PULP5,0.02,21789.107,3,3,21789.107,0.0,0.0,0.0,0.0,1089455.35
1794464,IT,WL,GASDI,LIQUE,0.03,21787.662,4,4,21787.66,0.0,0.0,0.0,0.002,726255.4
1643733,IT,AT,SUPPO,DIST1,0.16,21786.018,3,3,21786.018,0.0,0.0,0.0,0.0,136162.6125
1652203,IT,CZ,DAIRY,HEALT,0.09,21785.716,3,3,21785.716,0.0,0.0,0.0,0.0,242063.511111
1645283,IT,BE,MOTOR,PUBLI,0.03,21783.575,4,4,21783.573,0.0,0.0,0.0,0.002,726119.166667
1644196,IT,BE,CEREA,BUSIN,0.04,21782.882,3,3,21782.882,0.0,0.0,0.0,0.0,544572.05
1733361,IT,SI,TRANS,SALEM,0.13,21782.575,3,3,21782.575,0.0,0.0,0.0,0.0,167558.269231
1650565,IT,BG,ELEC7,POSTT,0.01,21782.288,3,3,21782.288,0.0,0.0,0.0,0.0,2178228.8
1720130,IT,PL,LEAD1,RESEA,0.04,21782.122,4,4,21782.12,0.0,0.0,0.0,0.002,544553.05
1729236,IT,SE,CERAM,SUPPO,0.03,21781.89,3,3,21781.89,0.0,0.0,0.0,0.0,726063.0
1763731,IT,MX,GLASS,PRECI,0.06,21780.98,3,3,21780.98,0.0,0.0,0.0,0.0,363016.333333
1808404,IT,WF,WASTE,INSUR,0.07,21780.221,3,3,21780.221,0.0,0.0,0.0,0.0,311146.014286
1664823,IT,ES,OILSE,SUGA1,0.02,21778.739,3,3,21778.739,0.0,0.0,0.0,0.0,1088936.95
1774915,IT,CH,INSUR,OFFIC,0.45,21777.337,3,3,21777.337,0.0,0.0,0.0,0.0,48394.082222
1654342,IT,CZ,ELEC4,DISTR,0.35,21776.62,3,3,21776.62,0.0,0.0,0.0,0.0,62218.914286
1732023,IT,SI,KEROS,ELECT,0.03,21776.322,4,4,21776.32,0.0,0.0,0.0,0.002,725877.4
1756734,IT,KR,SEACO,MEMBE,0.02,21776.188,3,3,21776.188,0.0,0.0,0.0,0.0,1088809.4
1738354,IT,GB,BASIC,TEXT2,0.03,21775.515,3,3,21775.515,0.0,0.0,0.0,0.0,725850.5
1739578,IT,GB,SEACO,COALT,0.02,21772.33,3,3,21772.33,0.0,0.0,0.0,0.0,1088616.5
1788475,IT,WA,PULP5,FOUND,0.07,21770.838,4,4,21770.836,0.0,0.0,0.0,0.002,311011.971429
1720699,IT,PL,MOTO1,WASTE,0.12,21770.619,3,3,21770.619,0.0,0.0,0.0,0.0,181421.825
1752660,IT,CA,WEARI,COPPE,0.16,21769.828,4,4,21769.824,0.0,0.0,0.0,0.004,136061.425
1775779,IT,TR,NATUR,ELEC2,0.03,21769.702,3,3,21769.702,0.0,0.0,0.0,0.0,725656.733333
1680109,IT,GR,OFFIC,FOOD5,0.07,21768.551,4,4,21768.549,0.0,0.0,0.0,0.002,310979.3
1803503,IT,WF,VEGE1,LEADZ,0.07,21768.345,4,4,21768.34,0.0,0.0,0.0,0.005,310976.357143
1683566,IT,HR,LEAD1,SUPPO,0.04,21767.491,4,4,21767.489,0.0,0.0,0.0,0.002,544187.275
1746805,IT,JP,MACHI,LEAD1,0.12,21767.239,4,4,21767.237,0.0,0.0,0.0,0.002,181393.658333
1714725,IT,NL,DAIRY,MEATP,0.09,21766.828,3,3,21766.828,0.0,0.0,0.0,0.0,241853.644444
1742114,IT,US,RUBBE,ELEC5,0.07,21766.763,4,4,21766.761,0.0,0.0,0.0,0.002,310953.757143
1682683,IT,HR,KEROS,WOOD2,0.03,21766.595,4,4,21766.593,0.0,0.0,0.0,0.002,725553.166667
1750528,IT,CN,MACHI,BIOG1,0.12,21766.526,4,4,21766.524,0.0,0.0,0.0,0.002,181387.716667
1643007,IT,AT,CONST,CHEM1,0.12,21764.931,3,3,21764.931,0.0,0.0,0.0,0.0,181374.425
1788644,IT,WA,PRINT,HOTEL,0.21,21764.793,4,4,21764.791,0.0,0.0,0.0,0.002,103641.871429
1735015,IT,SK,PLAST,NONME,0.05,21763.862,4,4,21763.86,0.0,0.0,0.0,0.002,435277.24
1777667,IT,TR,LEAD1,WHOLE,0.04,21763.26,4,4,21763.258,0.0,0.0,0.0,0.002,544081.5
1649449,IT,BG,CHEM1,COLLE,0.05,21762.886,4,4,21762.884,0.0,0.0,0.0,0.002,435257.72
1663230,IT,DK,SEACO,FISHF,0.02,21762.296,3,3,21762.296,0.0,0.0,0.0,0.0,1088114.8
1778175,IT,TR,FURNI,STONE,0.07,21761.891,4,4,21761.889,0.0,0.0,0.0,0.002,310884.157143
1718366,IT,PL,BEVER,HEAVY,0.09,21761.697,3,3,21761.697,0.0,0.0,0.0,0.0,241796.633333
1765821,IT,RU,GASDI,RETA1,0.03,21761.173,4,4,21761.171,0.0,0.0,0.0,0.002,725372.433333
1651517,IT,CY,PLAST,FABRI,0.05,21760.519,4,4,21760.517,0.0,0.0,0.0,0.002,435210.38
1688382,IT,IE,FOOD5,MEATP,0.1,21758.102,4,4,21758.1,0.0,0.0,0.0,0.002,217581.02
1664907,IT,ES,CRUDE,PETRO,0.04,21757.672,4,4,21757.67,0.0,0.0,0.0,0.002,543941.8
1793389,IT,WL,CROPS,CROPS,0.17,21757.019,3,3,21757.019,0.0,0.0,0.0,0.0,127982.464706
1753980,IT,CA,LANDT,OFFIC,0.14,21755.042,3,3,21755.042,0.0,0.0,0.0,0.0,155393.157143
1752016,IT,CN,RESEA,ELEC8,0.12,21753.606,4,4,21753.604,0.0,0.0,0.0,0.002,181280.05
1721377,IT,PL,SEACO,PLAST,0.02,21752.851,3,3,21752.851,0.0,0.0,0.0,0.0,1087642.55
1766567,IT,RU,COPP1,RETA1,0.05,21751.938,3,3,21751.938,0.0,0.0,0.0,0.0,435038.76
1780622,IT,TW,INSUR,SALEM,0.45,21751.43,3,3,21751.43,0.0,0.0,0.0,0.0,48336.511111
1746703,IT,JP,FABRI,COPP1,0.09,21750.082,4,4,21750.08,0.0,0.0,0.0,0.002,241667.577778
1652182,IT,CZ,DAIRY,MEATA,0.09,21749.431,3,3,21749.431,0.0,0.0,0.0,0.0,241660.344444
1785725,IT,ZA,PETRO,NFERT,0.04,21749.18,4,4,21749.178,0.0,0.0,0.0,0.002,543729.5
1782717,IT,NO,RETA1,PRINT,0.23,21749.015,3,3,21749.015,0.0,0.0,0.0,0.0,94560.934783
1789004,IT,WA,HEAVY,93197,0.04,21748.585,4,4,21748.583,0.0,0.0,0.0,0.002,543714.625
1684230,IT,HR,SEACO,PRINT,0.02,21748.299,3,3,21748.299,0.0,0.0,0.0,0.0,1087414.95
1727083,IT,RO,LANDT,OILSE,0.14,21747.272,3,3,21747.272,0.0,0.0,0.0,0.0,155337.657143
1763653,IT,MX,RUBBE,SUGA1,0.07,21744.86,4,4,21744.858,0.0,0.0,0.0,0.002,310640.857143
1664978,IT,ES,CHEMI,CROPS,0.05,21744.473,5,5,21743.471,0.0,0.0,1.0,0.002,434889.46
1657415,IT,DE,RUBBE,REFI1,0.07,21744.459,4,4,21744.457,0.0,0.0,0.0,0.002,310635.128571
1811820,IT,WM,BIODI,EDUCA,0.04,21744.284,4,4,21744.282,0.0,0.0,0.0,0.002,543607.1
1674790,IT,FR,CERAM,MEMBE,0.03,21743.551,3,3,21743.551,0.0,0.0,0.0,0.0,724785.033333
1770434,IT,AU,SEACO,FABRI,0.02,21742.031,3,3,21742.031,0.0,0.0,0.0,0.0,1087101.55
1768909,IT,AU,WOODW,LANDT,0.06,21734.859,3,3,21734.859,0.0,0.0,0.0,0.0,362247.65
1777200,IT,TR,RUBBE,PRECI,0.07,21734.253,4,4,21734.251,0.0,0.0,0.0,0.002,310489.328571
1661367,IT,DK,MEATP,STEAM,0.09,21733.296,4,4,21733.294,0.0,0.0,0.0,0.002,241481.066667
1745884,IT,JP,LEATH,BLAST,0.16,21731.565,4,4,21731.561,0.0,0.0,0.0,0.004,135822.28125
1763510,IT,MX,CHEM1,MEATA,0.05,21731.052,4,4,21731.05,0.0,0.0,0.0,0.002,434621.04
1761372,IT,IN,CEMEN,CHEM1,0.03,21730.781,3,3,21730.781,0.0,0.0,0.0,0.0,724359.366667
1649555,IT,BG,RUBBE,ELEC1,0.07,21730.406,4,4,21730.404,0.0,0.0,0.0,0.002,310434.371429
1685734,IT,HU,NONSP,WHOLE,0.03,21729.018,3,3,21729.018,0.0,0.0,0.0,0.0,724300.6
1717689,IT,NL,BUSIN,ELEC5,0.22,21728.983,3,3,21728.983,0.0,0.0,0.0,0.0,98768.104545
1649080,IT,BG,PAPER,LEATH,0.08,21728.776,4,4,21728.774,0.0,0.0,0.0,0.002,271609.7
1766849,IT,RU,MACHI,PLAS1,0.12,21727.954,4,4,21727.952,0.0,0.0,0.0,0.002,181066.283333
1719662,IT,PL,CEMEN,LANDT,0.03,21727.54,3,3,21727.54,0.0,0.0,0.0,0.0,724251.333333
1728546,IT,SE,PAPER,MEATP,0.08,21727.437,4,4,21727.435,0.0,0.0,0.0,0.002,271592.9625
1727729,IT,RO,COMPU,FINAN,0.25,21724.604,3,3,21724.604,0.0,0.0,0.0,0.0,86898.416
1763578,IT,MX,CHEM1,MEDIC,0.05,21724.603,4,4,21724.601,0.0,0.0,0.0,0.002,434492.06
1790760,IT,WA,MACHI,STONE,0.12,21723.726,4,4,21723.724,0.0,0.0,0.0,0.002,181031.05
1727515,IT,RO,AUXIL,RESEA,0.4,21721.704,3,3,21721.704,0.0,0.0,0.0,0.0,54304.26
1679624,IT,GR,GLASS,VEGE1,0.06,21720.05,3,3,21720.05,0.0,0.0,0.0,0.0,362000.833333
1810473,IT,WM,PULP5,RECRE,0.07,21719.485,4,4,21719.483,0.0,0.0,0.0,0.002,310278.357143
1737629,IT,GB,PAPER,SALEM,0.08,21718.993,4,4,21718.991,0.0,0.0,0.0,0.002,271487.4125
1668921,IT,ES,INLAN,WHOLE,0.04,21717.652,3,3,21717.652,0.0,0.0,0.0,0.0,542941.3
1773669,IT,CH,FURNI,PLAST,0.07,21716.361,4,4,21716.359,0.0,0.0,0.0,0.002,310233.728571
1811268,IT,WM,BITU1,SUGA1,0.03,21716.253,4,4,21716.251,0.0,0.0,0.0,0.002,723875.1
1734565,IT,SK,FOOD5,HEALT,0.1,21716.102,4,4,21716.1,0.0,0.0,0.0,0.002,217161.02
1724227,IT,PT,RAILW,FABRI,0.15,21714.06,3,3,21714.06,0.0,0.0,0.0,0.0,144760.4
1811709,IT,WM,ADDIT,CATTL,0.05,21713.988,4,4,21713.986,0.0,0.0,0.0,0.002,434279.76
1687021,IT,HU,OFFIC,CONST,0.07,21713.613,4,4,21713.611,0.0,0.0,0.0,0.002,310194.471429
1688381,IT,IE,FOOD5,MEATC,0.1,21711.73,4,4,21711.728,0.0,0.0,0.0,0.002,217117.3
1671397,IT,FI,FABRI,FISH5,0.09,21711.286,4,4,21711.284,0.0,0.0,0.0,0.002,241236.511111
1787665,IT,WA,MEAT4,93197,0.12,21711.227,3,3,21711.227,0.0,0.0,0.0,0.0,180926.891667
1775076,IT,CH,RENTI,RETA1,0.13,21711.193,3,3,21711.193,0.0,0.0,0.0,0.0,167009.176923
1803035,IT,WF,CEREA,FORES,0.04,21710.612,3,3,21710.612,0.0,0.0,0.0,0.0,542765.3
1759024,IT,BR,LANDT,HEALT,0.14,21710.514,3,3,21710.514,0.0,0.0,0.0,0.0,155075.1
1671170,IT,FI,CERAM,HOTEL,0.03,21710.443,3,3,21710.443,0.0,0.0,0.0,0.0,723681.433333
1670712,IT,FI,PAPER,MEAT4,0.08,21710.304,4,4,21710.302,0.0,0.0,0.0,0.002,271378.8
1772772,IT,CH,NONME,GASDI,0.04,21709.925,4,4,21709.923,0.0,0.0,0.0,0.002,542748.125
1654063,IT,CZ,MACHI,FOOD2,0.12,21709.153,4,4,21709.151,0.0,0.0,0.0,0.002,180909.608333
1746696,IT,JP,FABRI,GLASS,0.09,21708.623,4,4,21708.621,0.0,0.0,0.0,0.002,241206.922222
1674924,IT,FR,BASIC,BIODI,0.02,21708.228,3,3,21708.228,0.0,0.0,0.0,0.0,1085411.4
1765879,IT,RU,PLAST,VEGE1,0.05,21706.692,4,4,21706.69,0.0,0.0,0.0,0.002,434133.84
1723884,IT,PT,FURNI,KEROS,0.07,21706.383,4,4,21706.381,0.0,0.0,0.0,0.002,310091.185714
1714901,IT,NL,BEVER,BIODI,0.09,21706.248,3,3,21706.248,0.0,0.0,0.0,0.0,241180.533333
1745259,IT,JP,MEATC,MEATC,0.07,21705.493,3,3,21705.493,0.0,0.0,0.0,0.0,310078.471429
1720601,IT,PL,MOTO1,POULT,0.12,21704.412,3,3,21704.412,0.0,0.0,0.0,0.0,180870.1
1783273,IT,NO,FOODW,BASIC,0.16,21703.172,3,3,21703.172,0.0,0.0,0.0,0.0,135644.825
1781819,IT,NO,BITU1,FOODW,0.03,21702.384,4,4,21702.382,0.0,0.0,0.0,0.002,723412.8
1771009,IT,CH,CATTL,RAWMI,0.05,21702.147,4,4,21701.147,0.0,1.0,0.0,0.0,434042.94
1767460,IT,RU,LANDT,RECRE,0.14,21701.87,3,3,21701.87,0.0,0.0,0.0,0.0,155013.357143
1746724,IT,JP,FABRI,DIST1,0.09,21700.108,4,4,21700.106,0.0,0.0,0.0,0.002,241112.311111
1760986,IT,IN,NAPHT,COLLE,0.04,21699.988,4,4,21699.986,0.0,0.0,0.0,0.002,542499.7
1732570,IT,SI,RUBBE,EDUCA,0.07,21699.115,4,4,21699.113,0.0,0.0,0.0,0.002,309987.357143
1810792,IT,WM,KEROS,MEATC,0.03,21698.902,4,4,21698.9,0.0,0.0,0.0,0.002,723296.733333
1687151,IT,HU,FURNI,BIOGA,0.07,21697.768,4,4,21697.766,0.0,0.0,0.0,0.002,309968.114286
1737777,IT,GB,LIQUE,GLASS,0.04,21697.693,4,4,21697.691,0.0,0.0,0.0,0.002,542442.325
1689436,IT,IE,HOTEL,NONME,0.16,21697.583,4,4,21697.581,0.0,0.0,0.0,0.002,135609.89375
1747072,IT,JP,FURNI,FOUND,0.07,21696.291,4,4,21696.289,0.0,0.0,0.0,0.002,309947.014286
1748755,IT,CN,BEVER,RESEA,0.09,21694.717,3,3,21694.717,0.0,0.0,0.0,0.0,241052.411111
1714417,IT,NL,VEGET,RENTI,0.08,21693.716,3,3,21693.716,0.0,0.0,0.0,0.0,271171.45
1752561,IT,CA,BEVER,SALEM,0.09,21691.179,3,3,21691.179,0.0,0.0,0.0,0.0,241013.1
1732107,IT,SI,KERO1,PAPE4,0.03,21691.053,4,4,21691.051,0.0,0.0,0.0,0.002,723035.1
1670342,IT,FI,VEGE1,WEARI,0.07,21690.757,4,4,21690.752,0.0,0.0,0.0,0.005,309867.957143
1732581,IT,SI,RUBBE,93197,0.07,21690.387,4,4,21690.385,0.0,0.0,0.0,0.002,309862.671429
1786859,IT,ZA,SEACO,TEXTI,0.02,21690.279,3,3,21690.279,0.0,0.0,0.0,0.0,1084513.95
1658570,IT,DE,MACHI,BITU1,0.12,21689.264,4,4,21689.262,0.0,0.0,0.0,0.002,180743.866667
1683275,IT,HR,BRICK,CEMEN,0.03,21688.734,3,3,21688.734,0.0,0.0,0.0,0.0,722957.8
1781560,IT,NO,TEXTI,OILHA,0.13,21688.723,4,4,21688.72,0.0,0.0,0.0,0.003,166836.330769
1728797,IT,SE,NAPHT,LIQUE,0.04,21688.277,4,4,21688.275,0.0,0.0,0.0,0.002,542206.925
1717273,IT,NL,POSTT,RETA1,0.36,21687.412,4,4,21687.41,0.0,0.0,0.0,0.002,60242.811111
1763297,IT,MX,PAPER,CEMEN,0.08,21685.494,4,4,21685.492,0.0,0.0,0.0,0.002,271068.675
1660816,IT,DE,COMPU,ALUM1,0.25,21685.478,3,3,21685.478,0.0,0.0,0.0,0.0,86741.912
1745141,IT,US,RECRE,BUSIN,0.28,21685.252,4,4,21685.25,0.0,0.0,0.0,0.002,77447.328571
1729459,IT,SE,PREC1,RENTI,0.04,21684.944,3,3,21684.944,0.0,0.0,0.0,0.0,542123.6
1678846,IT,GR,BEVER,EDUCA,0.09,21684.685,3,3,21684.685,0.0,0.0,0.0,0.0,240940.944444
1671567,IT,FI,MOTO1,FORES,0.12,21684.485,3,3,21684.485,0.0,0.0,0.0,0.0,180704.041667
1647016,IT,BE,RETA1,ELEC2,0.23,21683.986,3,3,21683.986,0.0,0.0,0.0,0.0,94278.2
1796294,IT,WL,CONST,AUXIL,0.12,21683.663,3,3,21683.663,0.0,0.0,0.0,0.0,180697.191667
1774430,IT,CH,RAILW,RAILW,0.15,21682.733,3,3,21682.733,0.0,0.0,0.0,0.0,144551.553333
1670691,IT,FI,WOODW,ALUM1,0.06,21682.73,3,3,21682.73,0.0,0.0,0.0,0.0,361378.833333
1757269,IT,BR,DAIRY,LIQUI,0.09,21682.705,3,3,21682.705,0.0,0.0,0.0,0.0,240918.944444
1731215,IT,SI,CHEMI,SUPPO,0.05,21679.272,5,5,21678.27,0.0,0.0,1.0,0.002,433585.44
1680307,IT,GR,FURNI,EDUCA,0.07,21678.382,4,4,21678.38,0.0,0.0,0.0,0.002,309691.171429
1738668,IT,GB,MACHI,KEROS,0.12,21678.142,4,4,21678.14,0.0,0.0,0.0,0.002,180651.183333
1671312,IT,FI,ALUM1,CEMEN,0.04,21677.39,4,4,21677.388,0.0,0.0,0.0,0.002,541934.75
1782352,IT,NO,FABRI,PAPER,0.09,21676.755,4,4,21676.753,0.0,0.0,0.0,0.002,240852.833333
1812174,IT,WM,NONME,CATTL,0.04,21675.961,4,4,21675.959,0.0,0.0,0.0,0.002,541899.025
1733583,IT,SI,RETA1,REALE,0.23,21673.834,3,3,21673.834,0.0,0.0,0.0,0.0,94234.06087
1775420,IT,CH,PUBLI,RECRE,0.35,21672.971,4,4,21672.969,0.0,0.0,0.0,0.002,61922.774286
1649384,IT,BG,CHEM1,HYDRO,0.05,21672.574,4,4,21672.572,0.0,0.0,0.0,0.002,433451.48
1785350,IT,ZA,WOODW,GASDI,0.06,21672.16,3,3,21672.16,0.0,0.0,0.0,0.0,361202.666667
1773105,IT,CH,COPP1,WOODW,0.05,21672.01,3,3,21672.01,0.0,0.0,0.0,0.0,433440.2
1783653,IT,NO,FOOD3,FOOD4,0.06,21671.418,3,3,21671.418,0.0,0.0,0.0,0.0,361190.3
1788483,IT,WA,PULP5,TRANS,0.07,21669.928,4,4,21669.926,0.0,0.0,0.0,0.002,309570.4
1793527,IT,WL,MEATP,FISH5,0.09,21666.859,4,4,21666.857,0.0,0.0,0.0,0.002,240742.877778
1735759,IT,SK,MACHI,RAWMI,0.12,21666.743,4,4,21666.741,0.0,0.0,0.0,0.002,180556.191667
1644350,IT,BE,CHEMI,BEVER,0.05,21666.156,5,5,21665.154,0.0,0.0,1.0,0.002,433323.12
1803044,IT,WF,CEREA,PRECI,0.04,21666.078,3,3,21666.078,0.0,0.0,0.0,0.0,541651.95
1781406,IT,NO,FOOD5,CRUDE,0.1,21664.793,4,4,21664.791,0.0,0.0,0.0,0.002,216647.93
1761899,IT,IN,FURNI,NATUR,0.07,21664.766,4,4,21664.764,0.0,0.0,0.0,0.002,309496.657143
1686000,IT,HU,BIODI,RUBBE,0.04,21663.988,4,4,21663.986,0.0,0.0,0.0,0.002,541599.7
1734826,IT,SK,PAPER,PLANT,0.08,21663.381,4,4,21663.379,0.0,0.0,0.0,0.002,270792.2625
1664267,IT,EE,BASIC,DISTR,0.02,21663.198,3,3,21663.198,0.0,0.0,0.0,0.0,1083159.9
1760845,IT,IN,MOTOR,FINAN,0.03,21662.95,4,4,21662.948,0.0,0.0,0.0,0.002,722098.333333
1715557,IT,NL,HEAVY,COALT,0.03,21662.368,4,4,21662.366,0.0,0.0,0.0,0.002,722078.933333
1810822,IT,WM,KEROS,GLASS,0.03,21661.664,4,4,21661.662,0.0,0.0,0.0,0.002,722055.466667
1713457,IT,MT,CHEM1,MOTO1,0.05,21659.797,4,4,21659.795,0.0,0.0,0.0,0.002,433195.94
1747701,IT,JP,POSTT,COMPU,0.36,21659.3,4,4,21659.298,0.0,0.0,0.0,0.002,60164.722222
1715386,IT,NL,PRINT,POSTT,0.21,21657.51,4,4,21657.508,0.0,0.0,0.0,0.002,103131.0
1735737,IT,SK,FABRI,HEALT,0.09,21657.167,4,4,21657.165,0.0,0.0,0.0,0.002,240635.188889
1774649,IT,CH,AIRTR,BASIC,0.02,21655.372,3,3,21655.372,0.0,0.0,0.0,0.0,1082768.6
1729455,IT,SE,PREC1,FURNI,0.04,21653.55,3,3,21653.55,0.0,0.0,0.0,0.0,541338.75
1718894,IT,PL,PRINT,FOOD5,0.21,21653.378,4,4,21653.376,0.0,0.0,0.0,0.002,103111.32381
1727157,IT,RO,LANDT,RENTI,0.14,21652.796,3,3,21652.796,0.0,0.0,0.0,0.0,154662.828571
1751558,IT,CN,POSTT,PRINT,0.36,21652.154,4,4,21652.152,0.0,0.0,0.0,0.002,60144.872222
1732326,IT,SI,NAPHT,ELEC3,0.04,21650.333,4,4,21650.331,0.0,0.0,0.0,0.002,541258.325
1772965,IT,CH,PREC1,ELEC8,0.04,21649.811,3,3,21649.811,0.0,0.0,0.0,0.0,541245.275
1739014,IT,GB,SALEM,AUXIL,0.17,21649.736,3,3,21649.736,0.0,0.0,0.0,0.0,127351.388235
1769249,IT,AU,RUBBE,LEATH,0.07,21649.12,4,4,21649.118,0.0,0.0,0.0,0.002,309273.142857
1754057,IT,CA,SEACO,RESEA,0.02,21648.767,3,3,21648.767,0.0,0.0,0.0,0.0,1082438.35
1804170,IT,WF,PAPER,SEACO,0.08,21648.736,4,4,21648.734,0.0,0.0,0.0,0.002,270609.2
1729375,IT,SE,BASIC,NUCLE,0.02,21647.665,3,3,21647.665,0.0,0.0,0.0,0.0,1082383.25
1722236,IT,PL,EDUCA,EDUCA,0.54,21646.996,4,4,21646.994,0.0,0.0,0.0,0.002,40087.02963
1774631,IT,CH,AIRTR,MEATP,0.02,21643.966,3,3,21643.966,0.0,0.0,0.0,0.0,1082198.3
1652172,IT,CZ,VEGE1,RETA1,0.07,21643.558,4,4,21643.553,0.0,0.0,0.0,0.005,309193.685714
1689424,IT,IE,HOTEL,PRINT,0.16,21642.484,4,4,21642.482,0.0,0.0,0.0,0.002,135265.525
1676507,IT,FR,RETA1,INTER,0.23,21642.142,3,3,21642.142,0.0,0.0,0.0,0.0,94096.269565
1642611,IT,AT,FABRI,COKEO,0.09,21641.906,4,4,21641.904,0.0,0.0,0.0,0.002,240465.622222
1749090,IT,CN,WOODW,FISH5,0.06,21641.659,3,3,21641.659,0.0,0.0,0.0,0.0,360694.316667
1681387,IT,GR,REALE,WOODW,0.91,21640.349,3,3,21640.349,0.0,0.0,0.0,0.0,23780.603297
1749218,IT,CN,PAPER,MEAT4,0.08,21640.151,4,4,21640.149,0.0,0.0,0.0,0.002,270501.8875
1652866,IT,CZ,COALT,CHEMI,0.03,21639.76,3,3,21639.76,0.0,0.0,0.0,0.0,721325.333333
1802923,IT,WF,PADDY,LEADZ,0.22,21638.003,4,4,21637.003,0.0,1.0,0.0,0.0,98354.559091
1774781,IT,CH,POSTT,WOODW,0.36,21637.739,4,4,21637.737,0.0,0.0,0.0,0.002,60104.830556
1745600,IT,JP,TOBAC,DIST1,0.09,21636.9,3,3,21636.9,0.0,0.0,0.0,0.0,240410.0
1784458,IT,ID,ALUM1,ALUM1,0.04,21636.7,4,4,21636.698,0.0,0.0,0.0,0.002,540917.5
1792045,IT,WA,AIRTR,BEVER,0.02,21636.559,3,3,21636.559,0.0,0.0,0.0,0.0,1081827.95
1740691,IT,US,CHEMI,FISHF,0.05,21636.227,5,5,21635.225,0.0,0.0,1.0,0.002,432724.54
1776643,IT,TR,GASDI,AUXIL,0.03,21635.066,4,4,21635.064,0.0,0.0,0.0,0.002,721168.866667
1791390,IT,WA,RETAI,LEAD1,0.17,21634.695,3,3,21634.695,0.0,0.0,0.0,0.0,127262.911765
1684794,IT,HU,FORES,FORES,0.19,21633.739,4,4,21625.739,0.0,8.0,0.0,0.0,113861.784211
1733269,IT,SI,MACHI,FOOD4,0.12,21633.331,4,4,21633.329,0.0,0.0,0.0,0.002,180277.758333
1727198,IT,RO,SUPPO,WHEAT,0.16,21632.759,3,3,21632.759,0.0,0.0,0.0,0.0,135204.74375
1798401,IT,WE,NATUR,OILSE,0.03,21632.305,3,3,21632.305,0.0,0.0,0.0,0.0,721076.833333
1667474,IT,ES,FABRI,COPPE,0.09,21632.037,4,4,21632.035,0.0,0.0,0.0,0.002,240355.966667
1797727,IT,WL,PLAS1,93197,0.08,21631.919,3,3,21631.919,0.0,0.0,0.0,0.0,270398.9875
1759743,IT,BR,BUSIN,NAPHT,0.22,21630.177,3,3,21630.177,0.0,0.0,0.0,0.0,98318.986364
1757281,IT,BR,PROCE,LIQUI,0.15,21630.176,3,3,21630.176,0.0,0.0,0.0,0.0,144201.173333
1754475,IT,CA,BUSIN,MEATP,0.22,21629.761,3,3,21629.761,0.0,0.0,0.0,0.0,98317.095455
1721432,IT,PL,AIRTR,PAPER,0.02,21629.691,3,3,21629.691,0.0,0.0,0.0,0.0,1081484.55
1666485,IT,ES,PLAST,BIOGA,0.05,21628.915,4,4,21628.913,0.0,0.0,0.0,0.002,432578.3
1724390,IT,PT,INLAN,CEMEN,0.03,21628.613,3,3,21628.613,0.0,0.0,0.0,0.0,720953.766667
1776654,IT,TR,GASDI,RECRE,0.03,21628.261,4,4,21628.259,0.0,0.0,0.0,0.002,720942.033333
1753003,IT,CA,CHEM1,LUBRI,0.05,21627.567,4,4,21627.565,0.0,0.0,0.0,0.002,432551.34
1723314,IT,PT,NONME,VEGET,0.04,21627.192,4,4,21627.19,0.0,0.0,0.0,0.002,540679.8
1680295,IT,GR,FURNI,LANDT,0.07,21626.814,4,4,21626.812,0.0,0.0,0.0,0.002,308954.485714
1769253,IT,AU,RUBBE,MOTOR,0.07,21625.701,4,4,21625.699,0.0,0.0,0.0,0.002,308938.585714
1757166,IT,BR,CHEMI,RAWMI,0.05,21624.457,5,5,21623.455,0.0,0.0,1.0,0.002,432489.14
1665464,IT,ES,WEARI,FISH5,0.16,21623.783,4,4,21623.779,0.0,0.0,0.0,0.004,135148.64375
1659231,IT,DE,SALEM,WOODW,0.17,21623.437,3,3,21623.437,0.0,0.0,0.0,0.0,127196.688235
1798628,IT,WE,MEAT4,FORES,0.12,21623.115,3,3,21623.115,0.0,0.0,0.0,0.0,180192.625
1804263,IT,WF,MOTOR,IRONO,0.03,21621.792,4,4,21621.79,0.0,0.0,0.0,0.002,720726.4
1748603,IT,CN,VEGE1,REALE,0.07,21621.282,4,4,21621.277,0.0,0.0,0.0,0.005,308875.457143
1749393,IT,CN,MOTOR,NAPHT,0.03,21620.789,4,4,21620.787,0.0,0.0,0.0,0.002,720692.966667
1797375,IT,WL,RENTI,BIODI,0.13,21620.675,3,3,21620.675,0.0,0.0,0.0,0.0,166312.884615
1770416,IT,AU,TRAN2,NATUR,0.03,21620.397,3,3,21620.397,0.0,0.0,0.0,0.0,720679.9
1736456,IT,SK,LANDT,RESEA,0.14,21619.89,3,3,21619.89,0.0,0.0,0.0,0.0,154427.785714
1794573,IT,WL,HEAVY,NFERT,0.03,21617.984,4,4,21617.982,0.0,0.0,0.0,0.002,720599.466667
1779198,IT,TR,POSTT,ELEC1,0.36,21617.458,4,4,21617.456,0.0,0.0,0.0,0.002,60048.494444
1782023,IT,NO,RUBBE,SUPPO,0.07,21614.028,4,4,21614.026,0.0,0.0,0.0,0.002,308771.828571
1712624,IT,LV,OFFIC,PUBLI,0.07,21612.999,4,4,21612.997,0.0,0.0,0.0,0.002,308757.128571
1673502,IT,FR,LEATH,MEAT4,0.15,21612.765,4,4,21612.761,0.0,0.0,0.0,0.004,144085.1
1737474,IT,GB,LEATH,LANDT,0.15,21612.019,4,4,21612.015,0.0,0.0,0.0,0.004,144080.126667
1737756,IT,GB,HEAVY,MACHI,0.03,21611.711,4,4,21611.709,0.0,0.0,0.0,0.002,720390.366667
1782955,IT,NO,AIRTR,LANDT,0.02,21611.633,3,3,21611.633,0.0,0.0,0.0,0.0,1080581.65
1757290,IT,BR,SUGA1,WOOD2,0.05,21611.016,4,4,21611.012,0.0,0.0,0.0,0.004,432220.32
1711477,IT,LU,AIRTR,WHOLE,0.02,21610.822,3,3,21610.822,0.0,0.0,0.0,0.0,1080541.1
1799031,IT,WE,TEXTI,BIODI,0.13,21609.352,4,4,21609.349,0.0,0.0,0.0,0.003,166225.784615
1783648,IT,NO,FOOD3,WOOD1,0.06,21608.648,3,3,21608.648,0.0,0.0,0.0,0.0,360144.133333
1712099,IT,LV,BEVER,HEALT,0.09,21608.333,3,3,21608.333,0.0,0.0,0.0,0.0,240092.588889
1685445,IT,HU,WOODW,NONME,0.06,21608.059,3,3,21608.059,0.0,0.0,0.0,0.0,360134.316667
1715088,IT,NL,WEARI,MACHI,0.16,21607.107,4,4,21607.103,0.0,0.0,0.0,0.004,135044.41875
1667367,IT,ES,LEAD1,RENTI,0.04,21607.06,4,4,21607.058,0.0,0.0,0.0,0.002,540176.5
1661617,IT,DK,FISH5,MEATP,0.09,21604.404,4,4,21604.393,0.0,0.0,0.0,0.011,240048.933333
1642434,IT,AT,ALUM1,BRICK,0.04,21604.19,4,4,21604.188,0.0,0.0,0.0,0.002,540104.75
1804631,IT,WF,HEAVY,ELECT,0.03,21603.714,4,4,21603.712,0.0,0.0,0.0,0.002,720123.8
1735499,IT,SK,PREC1,GASDI,0.04,21602.422,3,3,21602.422,0.0,0.0,0.0,0.0,540060.55
1756323,IT,KR,MOTO1,LANDT,0.11,21600.529,3,3,21600.529,0.0,0.0,0.0,0.0,196368.445455
1797516,IT,WL,BUSIN,BIOGA,0.22,21600.37,3,3,21600.37,0.0,0.0,0.0,0.0,98183.5
1752279,IT,CA,STONE,PREC1,0.07,21598.592,4,4,21597.592,0.0,0.0,1.0,0.0,308551.314286
1788812,IT,WA,KEROS,POSTT,0.03,21596.642,4,4,21596.64,0.0,0.0,0.0,0.002,719888.066667
1734819,IT,SK,PULP5,RETA1,0.07,21596.609,4,4,21596.607,0.0,0.0,0.0,0.002,308522.985714
1764128,IT,MX,FABRI,ELEC2,0.09,21595.985,4,4,21595.983,0.0,0.0,0.0,0.002,239955.388889
1791407,IT,WA,WHOLE,FISHF,0.19,21595.34,3,3,21595.34,0.0,0.0,0.0,0.0,113659.684211
1671815,IT,FI,RETA1,PFERT,0.23,21595.254,3,3,21595.254,0.0,0.0,0.0,0.0,93892.408696
1770874,IT,AU,BUSIN,DIST1,0.22,21595.112,3,3,21595.112,0.0,0.0,0.0,0.0,98159.6
1664408,IT,EE,MACHI,GLASS,0.12,21594.947,4,4,21594.945,0.0,0.0,0.0,0.002,179957.891667
1640243,IT,AT,FISHF,PLAST,0.04,21594.917,3,3,21594.917,0.0,0.0,0.0,0.0,539872.925
1796871,IT,WL,SEACO,FOUND,0.02,21593.932,3,3,21593.932,0.0,0.0,0.0,0.0,1079696.6
1802367,IT,WE,SEACO,ALUM1,0.02,21593.635,3,3,21593.635,0.0,0.0,0.0,0.0,1079681.75
1761008,IT,IN,NONSP,BIOG1,0.03,21592.571,3,3,21592.571,0.0,0.0,0.0,0.0,719752.366667
1734695,IT,SK,LEATH,WEARI,0.15,21592.257,4,4,21592.253,0.0,0.0,0.0,0.004,143948.38
1782850,IT,NO,LANDT,WHOLE,0.14,21592.046,3,3,21592.046,0.0,0.0,0.0,0.0,154228.9
1804462,IT,WF,GASDI,ALUMI,0.03,21591.395,4,4,21591.393,0.0,0.0,0.0,0.002,719713.166667
1712990,IT,MT,SANDC,STONE,0.05,21591.377,4,4,21586.377,0.0,0.0,5.0,0.0,431827.54
1728741,IT,SE,KEROS,COMPU,0.03,21589.199,4,4,21589.197,0.0,0.0,0.0,0.002,719639.966667
1771322,IT,CH,DAIRY,LANDT,0.09,21587.795,3,3,21587.795,0.0,0.0,0.0,0.0,239864.388889
1723154,IT,PT,RUBBE,CROPS,0.07,21587.283,4,4,21587.281,0.0,0.0,0.0,0.002,308389.757143
1772342,IT,CH,PLAST,REALE,0.05,21587.283,4,4,21587.281,0.0,0.0,0.0,0.002,431745.66
1689415,IT,IE,HOTEL,FOOD5,0.16,21587.073,4,4,21587.071,0.0,0.0,0.0,0.002,134919.20625
1738397,IT,GB,PREC1,AUXIL,0.04,21586.601,3,3,21586.601,0.0,0.0,0.0,0.0,539665.025
1794591,IT,WL,HEAVY,FOUND,0.03,21586.435,4,4,21586.433,0.0,0.0,0.0,0.002,719547.833333
1655599,IT,DE,SANDC,MOTO1,0.05,21584.973,4,4,21579.973,0.0,0.0,5.0,0.0,431699.46
1725270,IT,RO,FOOD5,MEMBE,0.1,21584.73,4,4,21584.728,0.0,0.0,0.0,0.002,215847.3
1755697,IT,KR,RUBBE,FINAN,0.07,21583.987,4,4,21583.985,0.0,0.0,0.0,0.002,308342.671429
1670541,IT,FI,TEXTI,LEATH,0.13,21583.033,4,4,21583.03,0.0,0.0,0.0,0.003,166023.330769
1726914,IT,RO,HOTEL,PIGS9,0.16,21581.55,4,4,21581.548,0.0,0.0,0.0,0.002,134884.6875
1686447,IT,HU,BASIC,AUXIL,0.02,21580.599,3,3,21580.599,0.0,0.0,0.0,0.0,1079029.95
1777540,IT,TR,BASIC,PUBLI,0.02,21578.53,3,3,21578.53,0.0,0.0,0.0,0.0,1078926.5
1738452,IT,GB,LEAD1,BRICK,0.04,21578.092,4,4,21578.09,0.0,0.0,0.0,0.002,539452.3
1753092,IT,CA,RUBBE,TEXTI,0.07,21577.953,4,4,21577.951,0.0,0.0,0.0,0.002,308256.471429
1746406,IT,JP,RUBBE,COLLE,0.07,21577.688,4,4,21577.686,0.0,0.0,0.0,0.002,308252.685714
1794398,IT,WL,KEROS,INLAN,0.03,21576.625,4,4,21576.623,0.0,0.0,0.0,0.002,719220.833333
1685408,IT,HU,LEATH,PUBLI,0.15,21576.249,4,4,21576.245,0.0,0.0,0.0,0.004,143841.66
1753558,IT,CA,MACHI,BIOGA,0.12,21576.074,4,4,21576.072,0.0,0.0,0.0,0.002,179800.616667
1810966,IT,WM,GASDI,BRICK,0.03,21573.949,4,4,21573.947,0.0,0.0,0.0,0.002,719131.633333
1755321,IT,KR,PAPER,PRIVA,0.08,21573.622,4,4,21573.62,0.0,0.0,0.0,0.002,269670.275
1804760,IT,WF,NAPHT,MEAT1,0.04,21573.415,4,4,21573.413,0.0,0.0,0.0,0.002,539335.375
1781480,IT,NO,BEVER,AIRTR,0.09,21573.286,3,3,21573.286,0.0,0.0,0.0,0.0,239703.177778
1794438,IT,WL,GASDI,BITUM,0.03,21572.733,4,4,21572.731,0.0,0.0,0.0,0.002,719091.1
1643116,IT,AT,WHOLE,BUSIN,0.19,21572.45,3,3,21572.45,0.0,0.0,0.0,0.0,113539.210526
1781056,IT,TW,PUBLI,TEXTI,0.35,21571.742,4,4,21571.74,0.0,0.0,0.0,0.002,61633.548571
1756710,IT,KR,SEACO,DIST1,0.02,21570.445,3,3,21570.445,0.0,0.0,0.0,0.0,1078522.25
1663488,IT,DK,RENTI,CHEM1,0.13,21567.37,3,3,21567.37,0.0,0.0,0.0,0.0,165902.846154
1732467,IT,SI,CHEM1,FURNI,0.05,21565.696,4,4,21565.694,0.0,0.0,0.0,0.002,431313.92
1798475,IT,WE,NATUR,SALEM,0.03,21565.141,3,3,21565.141,0.0,0.0,0.0,0.0,718838.033333
1647954,IT,BE,RENTI,PLAST,0.13,21564.029,3,3,21564.029,0.0,0.0,0.0,0.0,165877.146154
1656704,IT,DE,MOTOR,PAPER,0.03,21563.557,4,4,21563.555,0.0,0.0,0.0,0.002,718785.233333
1640336,IT,AT,CHEMI,FABRI,0.05,21561.573,5,5,21560.571,0.0,0.0,1.0,0.002,431231.46
1673986,IT,FR,KEROS,RETA1,0.03,21560.196,4,4,21560.194,0.0,0.0,0.0,0.002,718673.2
1653494,IT,CZ,BASIC,DAIRY,0.02,21559.08,3,3,21559.08,0.0,0.0,0.0,0.0,1077954.0
1781219,IT,NO,VEGET,RENTI,0.08,21558.274,3,3,21558.274,0.0,0.0,0.0,0.0,269478.425
1730899,IT,SE,PLAS1,BASIC,0.08,21557.66,3,3,21557.66,0.0,0.0,0.0,0.0,269470.75
1678062,IT,FR,HEALT,CATTL,0.11,21556.612,3,3,21556.612,0.0,0.0,0.0,0.0,195969.2
1715424,IT,NL,MOTOR,MOTO1,0.03,21556.135,4,4,21556.133,0.0,0.0,0.0,0.002,718537.833333
1746894,IT,JP,MOTO1,FISHF,0.11,21554.987,3,3,21554.987,0.0,0.0,0.0,0.0,195954.427273
1658100,IT,DE,ALUM1,VEGE1,0.04,21554.403,4,4,21554.401,0.0,0.0,0.0,0.002,538860.075
1773193,IT,CH,FABRI,WEARI,0.09,21550.994,4,4,21550.992,0.0,0.0,0.0,0.002,239455.488889
1787577,IT,WA,MEATC,NONF1,0.07,21550.988,3,3,21550.988,0.0,0.0,0.0,0.0,307871.257143
1786967,IT,ZA,POSTT,EDUCA,0.35,21550.787,4,4,21550.785,0.0,0.0,0.0,0.002,61573.677143
1676905,IT,FR,SEACO,FABRI,0.02,21549.247,3,3,21549.247,0.0,0.0,0.0,0.0,1077462.35
1795045,IT,WL,ADDIT,CHARC,0.05,21549.174,4,4,21549.172,0.0,0.0,0.0,0.002,430983.48
1740785,IT,US,MEAT4,MEMBE,0.12,21548.532,3,3,21548.532,0.0,0.0,0.0,0.0,179571.1
1764350,IT,MX,MOTO1,VEGET,0.11,21547.912,3,3,21547.912,0.0,0.0,0.0,0.0,195890.109091
1795979,IT,WL,MOTO1,LEAD1,0.11,21547.624,3,3,21547.624,0.0,0.0,0.0,0.0,195887.490909
1798421,IT,WE,NATUR,MEAT4,0.03,21547.456,3,3,21547.456,0.0,0.0,0.0,0.0,718248.533333
1739969,IT,GB,AUXIL,CONST,0.39,21547.36,3,3,21547.36,0.0,0.0,0.0,0.0,55249.641026
1772425,IT,CH,CHEM1,BIOG1,0.05,21546.932,4,4,21546.93,0.0,0.0,0.0,0.002,430938.64
1755903,IT,KR,BASIC,PFERT,0.02,21546.693,3,3,21546.693,0.0,0.0,0.0,0.0,1077334.65
1789083,IT,WA,BITU1,STONE,0.03,21545.187,4,4,21545.185,0.0,0.0,0.0,0.002,718172.9
1653662,IT,CZ,ALUM1,TRAN1,0.04,21544.826,4,4,21544.824,0.0,0.0,0.0,0.002,538620.65
1711475,IT,LU,AIRTR,RUBBE,0.02,21542.931,3,3,21542.931,0.0,0.0,0.0,0.0,1077146.55
1681455,IT,GR,COMPU,PRINT,0.25,21540.9,3,3,21540.9,0.0,0.0,0.0,0.0,86163.6
1661776,IT,DK,LEATH,POSTT,0.15,21540.696,4,4,21540.692,0.0,0.0,0.0,0.004,143604.64
1796795,IT,WL,LANDT,RECRE,0.14,21539.81,3,3,21539.81,0.0,0.0,0.0,0.0,153855.785714
1743676,IT,US,HOTEL,FOOD2,0.16,21539.304,4,4,21539.302,0.0,0.0,0.0,0.002,134620.65
1668140,IT,ES,SALEM,BEVER,0.17,21538.034,3,3,21538.034,0.0,0.0,0.0,0.0,126694.317647
1799510,IT,WE,PAPER,REALE,0.08,21537.102,4,4,21537.1,0.0,0.0,0.0,0.002,269213.775
1735363,IT,SK,NONME,RUBBE,0.04,21536.818,4,4,21536.816,0.0,0.0,0.0,0.002,538420.45
1791026,IT,WA,TRANS,WHEAT,0.13,21536.491,3,3,21536.491,0.0,0.0,0.0,0.0,165665.315385
1740544,IT,GB,93197,93197,0.14,21536.411,4,4,21536.409,0.0,0.0,0.0,0.002,153831.507143
1722508,IT,PT,FOOD5,CHEM1,0.1,21536.326,4,4,21536.324,0.0,0.0,0.0,0.002,215363.26
1652003,IT,CZ,VEGET,SUGA1,0.08,21535.626,3,3,21535.626,0.0,0.0,0.0,0.0,269195.325
1755113,IT,KR,LEATH,GASDI,0.15,21535.599,4,4,21535.595,0.0,0.0,0.0,0.004,143570.66
1715650,IT,NL,NAPHT,OFFIC,0.04,21534.964,4,4,21534.962,0.0,0.0,0.0,0.002,538374.1
1665642,IT,ES,WOODW,TRANS,0.06,21534.679,3,3,21534.679,0.0,0.0,0.0,0.0,358911.316667
1794795,IT,WL,PLAST,NAPHT,0.05,21533.736,4,4,21533.734,0.0,0.0,0.0,0.002,430674.72
1729165,IT,SE,GLASS,RETA1,0.06,21533.412,3,3,21533.412,0.0,0.0,0.0,0.0,358890.2
1723702,IT,PT,MACHI,COPP1,0.12,21533.281,4,4,21533.279,0.0,0.0,0.0,0.002,179444.008333
1733663,IT,SI,HOTEL,RENTI,0.16,21533.186,4,4,21533.184,0.0,0.0,0.0,0.002,134582.4125
1641662,IT,AT,PETRO,GLASS,0.04,21532.88,4,4,21532.878,0.0,0.0,0.0,0.002,538322.0
1805595,IT,WF,CEMEN,RESEA,0.03,21530.373,3,3,21530.373,0.0,0.0,0.0,0.0,717679.1
1796581,IT,WL,HOTEL,NATU1,0.16,21529.603,4,4,21529.601,0.0,0.0,0.0,0.002,134560.01875
1727225,IT,RO,SUPPO,PAPER,0.15,21527.963,3,3,21527.963,0.0,0.0,0.0,0.0,143519.753333
1642138,IT,AT,CERAM,PLAST,0.03,21527.551,3,3,21527.551,0.0,0.0,0.0,0.0,717585.033333
1783414,IT,NO,INTER,NONF1,0.13,21526.814,3,3,21526.814,0.0,0.0,0.0,0.0,165590.876923
1754194,IT,CA,SUPPO,PUBLI,0.15,21526.677,3,3,21526.677,0.0,0.0,0.0,0.0,143511.18
1709328,IT,LT,VEGE1,MEAT4,0.07,21526.57,4,4,21526.565,0.0,0.0,0.0,0.005,307522.428571
1647401,IT,BE,AIRTR,PAPER,0.02,21526.187,3,3,21526.187,0.0,0.0,0.0,0.0,1076309.35
1714971,IT,NL,FISH5,WHOLE,0.09,21525.455,4,4,21525.444,0.0,0.0,0.0,0.011,239171.722222
1778439,IT,TR,WHOLE,ALUM1,0.19,21525.282,3,3,21525.282,0.0,0.0,0.0,0.0,113290.957895
1641701,IT,AT,PLAST,CERAM,0.05,21524.296,4,4,21524.294,0.0,0.0,0.0,0.002,430485.92
1768907,IT,AU,WOODW,HOTEL,0.06,21523.365,3,3,21523.365,0.0,0.0,0.0,0.0,358722.75
1659630,IT,DE,HOTEL,ELEC8,0.16,21523.337,4,4,21523.335,0.0,0.0,0.0,0.002,134520.85625
1778324,IT,TR,SALEM,REALE,0.17,21523.152,3,3,21523.152,0.0,0.0,0.0,0.0,126606.776471
1782351,IT,NO,FABRI,PULP5,0.09,21522.148,4,4,21522.146,0.0,0.0,0.0,0.002,239134.977778
1785887,IT,ZA,ADDIT,FABRI,0.05,21521.525,4,4,21521.523,0.0,0.0,0.0,0.002,430430.5
1755827,IT,KR,CERAM,93197,0.03,21521.117,3,3,21521.117,0.0,0.0,0.0,0.0,717370.566667
1787610,IT,WA,MEAT4,PADDY,0.12,21520.717,3,3,21520.717,0.0,0.0,0.0,0.0,179339.308333
1736336,IT,SK,RAILW,BASIC,0.14,21520.332,3,3,21520.332,0.0,0.0,0.0,0.0,153716.657143
1752798,IT,CA,PAPER,MEATP,0.08,21520.09,4,4,21520.088,0.0,0.0,0.0,0.002,269001.125
1782326,IT,NO,FABRI,VEGET,0.09,21519.925,4,4,21519.923,0.0,0.0,0.0,0.002,239110.277778
1749419,IT,CN,KEROS,COLLE,0.03,21519.502,4,4,21519.5,0.0,0.0,0.0,0.002,717316.733333
1740515,IT,GB,MEMBE,BUSIN,0.25,21519.477,3,3,21519.477,0.0,0.0,0.0,0.0,86077.908
1749550,IT,CN,PLAST,BIOGA,0.05,21519.112,4,4,21519.11,0.0,0.0,0.0,0.002,430382.24
1772655,IT,CH,GLASS,RAILW,0.06,21517.804,3,3,21517.804,0.0,0.0,0.0,0.0,358630.066667
1763920,IT,MX,BASIC,HEAVY,0.02,21517.493,3,3,21517.493,0.0,0.0,0.0,0.0,1075874.65
1729493,IT,SE,ALUM1,ELECT,0.04,21517.435,4,4,21517.433,0.0,0.0,0.0,0.002,537935.875
1812841,IT,WM,FABRI,BRICK,0.09,21516.759,4,4,21516.757,0.0,0.0,0.0,0.002,239075.1
1722116,IT,PL,BUSIN,COPP1,0.22,21513.988,3,3,21513.988,0.0,0.0,0.0,0.0,97790.854545
1645431,IT,BE,LIQUE,RADIO,0.04,21513.565,4,4,21513.563,0.0,0.0,0.0,0.002,537839.125
1687247,IT,HU,WHOLE,WEARI,0.19,21511.242,3,3,21511.242,0.0,0.0,0.0,0.0,113217.063158
1813063,IT,WM,OFFIC,FURNI,0.07,21511.103,4,4,21511.101,0.0,0.0,0.0,0.002,307301.471429
1717280,IT,NL,POSTT,SUPPO,0.35,21510.561,4,4,21510.559,0.0,0.0,0.0,0.002,61458.745714
1734468,IT,SK,CRUDE,PLAST,0.04,21508.45,4,4,21508.448,0.0,0.0,0.0,0.002,537711.25
1763768,IT,MX,GLASS,SALEM,0.06,21507.925,3,3,21507.925,0.0,0.0,0.0,0.0,358465.416667
1680223,IT,GR,TRANS,CEMEN,0.13,21507.163,3,3,21507.163,0.0,0.0,0.0,0.0,165439.715385
1751514,IT,CN,SUPPO,FABRI,0.15,21507.006,3,3,21507.006,0.0,0.0,0.0,0.0,143380.04
1671524,IT,FI,MACHI,TRAN2,0.12,21504.669,4,4,21504.667,0.0,0.0,0.0,0.002,179205.575
1794916,IT,WL,CHEM1,PROCE,0.04,21504.582,4,4,21504.58,0.0,0.0,0.0,0.002,537614.55
1790654,IT,WA,FABRI,NFERT,0.09,21504.36,4,4,21504.358,0.0,0.0,0.0,0.002,238937.333333
1813394,IT,WM,FURNI,COKE1,0.07,21502.504,4,4,21502.502,0.0,0.0,0.0,0.002,307178.628571
1732247,IT,SI,LIQUE,BASIC,0.04,21501.921,4,4,21501.919,0.0,0.0,0.0,0.002,537548.025
1672603,IT,FR,FORES,MEAT4,0.19,21501.297,4,4,21493.297,0.0,8.0,0.0,0.0,113164.721053
1777317,IT,TR,GLASS,PRINT,0.06,21500.625,3,3,21500.625,0.0,0.0,0.0,0.0,358343.75
1732034,IT,SI,KEROS,DISTR,0.03,21498.258,4,4,21498.256,0.0,0.0,0.0,0.002,716608.6
1754371,IT,CA,INSUR,EDUCA,0.44,21497.536,3,3,21497.536,0.0,0.0,0.0,0.0,48858.036364
1720572,IT,PL,OFFIC,TRAN2,0.07,21497.421,4,4,21497.419,0.0,0.0,0.0,0.002,307106.014286
1802382,IT,WE,SEACO,INLAN,0.02,21497.0,3,3,21497.0,0.0,0.0,0.0,0.0,1074850.0
1710147,IT,LT,MACHI,MOTOR,0.12,21496.999,4,4,21496.997,0.0,0.0,0.0,0.002,179141.658333
1801502,IT,WE,MOTO1,ELEC1,0.11,21496.401,3,3,21496.401,0.0,0.0,0.0,0.0,195421.827273
1775813,IT,TR,CHEMI,NONME,0.05,21496.273,5,5,21495.271,0.0,0.0,1.0,0.002,429925.46
1787394,IT,WA,FISHF,ANIMA,0.04,21493.236,3,3,21493.236,0.0,0.0,0.0,0.0,537330.9
1762167,IT,IN,LANDT,TRAN1,0.14,21492.576,3,3,21492.576,0.0,0.0,0.0,0.0,153518.4
1659709,IT,DE,RAILW,NONME,0.14,21491.189,3,3,21491.189,0.0,0.0,0.0,0.0,153508.492857
1777467,IT,TR,BASIC,SANDC,0.02,21490.988,3,3,21490.988,0.0,0.0,0.0,0.0,1074549.4
1749272,IT,CN,PAPER,ELEC5,0.08,21490.94,4,4,21490.938,0.0,0.0,0.0,0.002,268636.75
1672710,IT,FR,SANDC,DIST1,0.05,21490.027,4,4,21485.027,0.0,0.0,5.0,0.0,429800.54
1782834,IT,NO,RAILW,MEATC,0.14,21489.195,3,3,21489.195,0.0,0.0,0.0,0.0,153494.25
1773815,IT,CH,ELEC4,TRAN1,0.34,21488.305,3,3,21488.305,0.0,0.0,0.0,0.0,63200.897059
1779984,IT,TW,SALEM,WOODW,0.17,21488.018,3,3,21488.018,0.0,0.0,0.0,0.0,126400.105882
1722521,IT,PT,FOOD5,RESEA,0.1,21485.969,4,4,21485.967,0.0,0.0,0.0,0.002,214859.69
1725500,IT,RO,WEARI,93197,0.16,21484.971,4,4,21484.967,0.0,0.0,0.0,0.004,134281.06875
1682625,IT,HR,KEROS,GLASS,0.03,21484.01,4,4,21484.008,0.0,0.0,0.0,0.002,716133.666667
1777868,IT,TR,FABRI,FOOD4,0.09,21483.911,4,4,21483.909,0.0,0.0,0.0,0.002,238710.122222
1682767,IT,HR,HEAVY,SUGAR,0.03,21483.811,4,4,21483.809,0.0,0.0,0.0,0.002,716127.033333
1727637,IT,RO,RENTI,PRINT,0.13,21483.302,3,3,21483.302,0.0,0.0,0.0,0.0,165256.169231
1661956,IT,DK,HEAVY,WOOD1,0.03,21481.618,4,4,21481.616,0.0,0.0,0.0,0.002,716053.933333
1771672,IT,CH,WEARI,RETAI,0.16,21480.451,4,4,21480.447,0.0,0.0,0.0,0.004,134252.81875
1727510,IT,RO,AUXIL,AIRTR,0.39,21478.809,3,3,21478.809,0.0,0.0,0.0,0.0,55073.869231
1671021,IT,FI,RUBBE,SANDC,0.07,21478.543,4,4,21478.541,0.0,0.0,0.0,0.002,306836.328571
1750678,IT,CN,MOTO1,ALUM1,0.11,21477.193,3,3,21477.193,0.0,0.0,0.0,0.0,195247.209091
1733251,IT,SI,MACHI,POSTT,0.12,21473.893,4,4,21473.891,0.0,0.0,0.0,0.002,178949.108333
1811171,IT,WM,NAPHT,NONF1,0.04,21473.346,4,4,21473.344,0.0,0.0,0.0,0.002,536833.65
1714621,IT,NL,MEATC,BEVER,0.07,21472.766,3,3,21472.766,0.0,0.0,0.0,0.0,306753.8
1766155,IT,RU,RUBBE,RAILW,0.07,21472.471,4,4,21472.469,0.0,0.0,0.0,0.002,306749.585714
1714815,IT,NL,FOOD5,LEATH,0.1,21472.457,4,4,21472.455,0.0,0.0,0.0,0.002,214724.57
1718091,IT,PL,MEAT4,RETA1,0.12,21469.455,3,3,21469.455,0.0,0.0,0.0,0.0,178912.125
1653995,IT,CZ,MACHI,BIODI,0.12,21469.206,4,4,21469.204,0.0,0.0,0.0,0.002,178910.05
1810267,IT,WM,LEATH,RADIO,0.15,21468.519,4,4,21468.515,0.0,0.0,0.0,0.004,143123.46
1670948,IT,FI,CHEM1,NONF1,0.04,21468.273,4,4,21468.271,0.0,0.0,0.0,0.002,536706.825
1677639,IT,FR,REALE,PUBLI,0.91,21466.139,3,3,21466.139,0.0,0.0,0.0,0.0,23589.163736
1799249,IT,WE,LEATH,PLAST,0.15,21465.978,4,4,21465.974,0.0,0.0,0.0,0.004,143106.52
1672804,IT,FR,MEAT1,DAIRY,0.1,21465.497,4,4,21465.494,0.0,0.0,0.0,0.003,214654.97
1795948,IT,WL,MOTO1,WEARI,0.11,21465.495,3,3,21465.495,0.0,0.0,0.0,0.0,195140.863636
1665552,IT,ES,LEATH,WOODW,0.15,21465.277,4,4,21465.273,0.0,0.0,0.0,0.004,143101.846667
1716403,IT,NL,MACHI,TRAN1,0.12,21463.224,4,4,21463.222,0.0,0.0,0.0,0.002,178860.2
1791427,IT,WA,WHOLE,WOODW,0.19,21462.504,3,3,21462.504,0.0,0.0,0.0,0.0,112960.547368
1744082,IT,US,SUPPO,NATUR,0.15,21461.456,3,3,21461.456,0.0,0.0,0.0,0.0,143076.373333
1803183,IT,WF,CROPS,NATUR,0.17,21461.348,3,3,21461.348,0.0,0.0,0.0,0.0,126243.223529
1679011,IT,GR,WOODW,FISHF,0.06,21457.65,3,3,21457.65,0.0,0.0,0.0,0.0,357627.5
1716214,IT,NL,ALUM1,FOOD2,0.04,21457.414,4,4,21457.412,0.0,0.0,0.0,0.002,536435.35
1663111,IT,DK,RAILW,RAILW,0.14,21457.347,3,3,21457.347,0.0,0.0,0.0,0.0,153266.764286
1726123,IT,RO,RUBBE,AIRTR,0.07,21455.775,4,4,21455.773,0.0,0.0,0.0,0.002,306511.071429
1785087,IT,ZA,SANDC,BUSIN,0.05,21455.422,4,4,21450.422,0.0,0.0,5.0,0.0,429108.44
1655731,IT,DE,MEATC,PLAST,0.07,21454.716,3,3,21454.716,0.0,0.0,0.0,0.0,306495.942857
1713329,IT,MT,KERO1,WHOLE,0.03,21453.813,4,4,21453.811,0.0,0.0,0.0,0.002,715127.1
1675503,IT,FR,OFFIC,CONST,0.07,21453.588,4,4,21453.586,0.0,0.0,0.0,0.002,306479.828571
1730748,IT,SE,BUSIN,MEATC,0.22,21452.858,3,3,21452.858,0.0,0.0,0.0,0.0,97512.990909
1810426,IT,WM,PULP5,HEAVY,0.07,21452.383,4,4,21452.381,0.0,0.0,0.0,0.002,306462.614286
1804424,IT,WF,KERO1,NICKE,0.03,21451.893,4,4,21451.891,0.0,0.0,0.0,0.002,715063.1
1804937,IT,WF,NONSP,COPPE,0.03,21451.108,3,3,21451.108,0.0,0.0,0.0,0.0,715036.933333
1808095,IT,WF,WOOD1,CATTL,0.15,21450.63,3,3,21450.63,0.0,0.0,0.0,0.0,143004.2
1662366,IT,DK,BASIC,RADIO,0.02,21450.46,3,3,21450.46,0.0,0.0,0.0,0.0,1072523.0
1790897,IT,WA,OFFIC,FISH5,0.07,21450.336,4,4,21450.334,0.0,0.0,0.0,0.002,306433.371429
1760191,IT,BR,PAPE4,CERAM,0.14,21449.943,3,3,21449.943,0.0,0.0,0.0,0.0,153213.878571
1782628,IT,NO,FURNI,93197,0.07,21447.894,4,4,21447.892,0.0,0.0,0.0,0.002,306398.485714
1771195,IT,CH,MEAT4,AIRTR,0.12,21447.616,3,3,21447.616,0.0,0.0,0.0,0.0,178730.133333
1801322,IT,WE,MACHI,NAPHT,0.12,21447.426,4,4,21447.424,0.0,0.0,0.0,0.002,178728.55
1686302,IT,HU,CEMEN,BUSIN,0.03,21446.223,3,3,21446.223,0.0,0.0,0.0,0.0,714874.1
1779763,IT,TR,BUSIN,MEDIC,0.22,21443.638,3,3,21443.638,0.0,0.0,0.0,0.0,97471.081818
1722348,IT,PT,FORES,BUSIN,0.19,21443.103,4,4,21435.103,0.0,8.0,0.0,0.0,112858.436842
1770816,IT,AU,COMPU,HEALT,0.24,21443.085,3,3,21443.085,0.0,0.0,0.0,0.0,89346.1875
1762545,IT,IN,INSUR,COMPU,0.44,21442.127,3,3,21442.127,0.0,0.0,0.0,0.0,48732.106818
1656159,IT,DE,TEXTI,POULT,0.13,21440.972,4,4,21440.969,0.0,0.0,0.0,0.003,164930.553846
1741984,IT,US,CHEM1,TEXT2,0.04,21437.912,4,4,21437.91,0.0,0.0,0.0,0.002,535947.8
1794568,IT,WL,HEAVY,LUBRI,0.03,21437.629,4,4,21437.627,0.0,0.0,0.0,0.002,714587.633333
1681872,IT,HR,VEGE1,PUBLI,0.07,21437.052,4,4,21437.047,0.0,0.0,0.0,0.005,306243.6
1668406,IT,ES,RETA1,ALUM1,0.22,21436.811,3,3,21436.811,0.0,0.0,0.0,0.0,97440.05
1727732,IT,RO,COMPU,COMPU,0.24,21434.794,3,3,21434.794,0.0,0.0,0.0,0.0,89311.641667
1685531,IT,HU,PAPER,ALUM1,0.08,21434.706,4,4,21434.704,0.0,0.0,0.0,0.002,267933.825
1713241,IT,MT,PAPER,BEVER,0.08,21434.643,4,4,21434.641,0.0,0.0,0.0,0.002,267933.0375
1810533,IT,WM,PAPER,BRICK,0.08,21434.549,4,4,21434.547,0.0,0.0,0.0,0.002,267931.8625
1690345,IT,IE,FOOD3,LIQUE,0.06,21434.46,3,3,21434.46,0.0,0.0,0.0,0.0,357241.0
1722956,IT,PT,HEAVY,HEAVY,0.03,21433.294,4,4,21433.292,0.0,0.0,0.0,0.002,714443.133333
1652693,IT,CZ,PAPER,MEAT1,0.08,21432.65,4,4,21432.648,0.0,0.0,0.0,0.002,267908.125
1791104,IT,WA,TRANS,MEDIC,0.13,21432.401,3,3,21432.401,0.0,0.0,0.0,0.0,164864.623077
1685674,IT,HU,HEAVY,PLAST,0.03,21431.77,4,4,21431.768,0.0,0.0,0.0,0.002,714392.333333
1762766,IT,IN,BUSIN,SALEM,0.22,21431.214,3,3,21431.214,0.0,0.0,0.0,0.0,97414.609091
1663024,IT,DK,HOTEL,MEDIC,0.16,21430.936,4,4,21430.934,0.0,0.0,0.0,0.002,133943.35
1651557,IT,CY,RUBBE,RAILW,0.07,21429.974,4,4,21429.972,0.0,0.0,0.0,0.002,306142.485714
1768293,IT,AU,OILSE,WHOLE,0.02,21429.769,3,3,21429.769,0.0,0.0,0.0,0.0,1071488.45
1755763,IT,KR,GLASS,FINAN,0.06,21429.423,3,3,21429.423,0.0,0.0,0.0,0.0,357157.05
1683754,IT,HR,MACHI,DIST1,0.12,21429.141,4,4,21429.139,0.0,0.0,0.0,0.002,178576.175
1771357,IT,CH,PROCE,WHOLE,0.14,21428.428,3,3,21428.428,0.0,0.0,0.0,0.0,153060.2
1645069,IT,BE,PAPER,PREC1,0.08,21428.069,4,4,21428.067,0.0,0.0,0.0,0.002,267850.8625
1767248,IT,RU,HOTEL,BEVER,0.16,21426.775,4,4,21426.773,0.0,0.0,0.0,0.002,133917.34375
1679133,IT,GR,PAPER,MOTO1,0.08,21426.613,4,4,21426.611,0.0,0.0,0.0,0.002,267832.6625
1722983,IT,PT,LUBRI,RAILW,0.03,21426.54,3,3,21426.54,0.0,0.0,0.0,0.0,714218.0
1735354,IT,SK,CEMEN,BUSIN,0.03,21426.042,3,3,21426.042,0.0,0.0,0.0,0.0,714201.4
1776871,IT,TR,NONSP,KEROS,0.03,21425.747,3,3,21425.747,0.0,0.0,0.0,0.0,714191.566667
1777832,IT,TR,FABRI,SECO9,0.09,21425.524,4,4,21425.522,0.0,0.0,0.0,0.002,238061.377778
1795344,IT,WL,NONME,MOTO1,0.04,21425.066,4,4,21425.064,0.0,0.0,0.0,0.002,535626.65
1716234,IT,NL,LEAD1,REALE,0.04,21424.434,4,4,21424.432,0.0,0.0,0.0,0.002,535610.85
1774728,IT,CH,SUPPO,FURNI,0.15,21423.598,3,3,21423.598,0.0,0.0,0.0,0.0,142823.986667
1751671,IT,CN,INSUR,RAWMI,0.44,21423.524,3,3,21423.524,0.0,0.0,0.0,0.0,48689.827273
1643463,IT,AT,LANDT,TRAN1,0.14,21422.771,3,3,21422.771,0.0,0.0,0.0,0.0,153019.792857
1798800,IT,WE,FOOD5,CERAM,0.1,21422.214,4,4,21422.212,0.0,0.0,0.0,0.002,214222.14
1770433,IT,AU,SEACO,PREC1,0.02,21420.799,3,3,21420.799,0.0,0.0,0.0,0.0,1071039.95
1776396,IT,TR,PRINT,SALEM,0.21,21420.302,4,4,21420.3,0.0,0.0,0.0,0.002,102001.438095
1658260,IT,DE,COPP1,LIQUE,0.05,21419.499,3,3,21419.499,0.0,0.0,0.0,0.0,428389.98
1658723,IT,DE,OFFIC,COLLE,0.07,21419.458,4,4,21419.456,0.0,0.0,0.0,0.002,305992.257143
1755757,IT,KR,GLASS,LANDT,0.06,21419.288,3,3,21419.288,0.0,0.0,0.0,0.0,356988.133333
1714202,IT,MT,INSUR,POSTT,0.44,21418.459,3,3,21418.459,0.0,0.0,0.0,0.0,48678.315909
1679104,IT,GR,PAPER,LEATH,0.08,21416.627,4,4,21416.625,0.0,0.0,0.0,0.002,267707.8375
1709913,IT,LT,BASIC,PIGS9,0.02,21416.306,3,3,21416.306,0.0,0.0,0.0,0.0,1070815.3
1769995,IT,AU,FURNI,BITUM,0.07,21414.91,4,4,21414.908,0.0,0.0,0.0,0.002,305927.285714
1806409,IT,WF,MOTO1,COMPU,0.11,21412.448,3,3,21412.448,0.0,0.0,0.0,0.0,194658.618182
1810557,IT,WM,PAPER,RETAI,0.08,21411.978,4,4,21411.976,0.0,0.0,0.0,0.002,267649.725
1767546,IT,RU,AIRTR,RADIO,0.02,21409.72,3,3,21409.72,0.0,0.0,0.0,0.0,1070486.0
1771912,IT,CH,PAPER,PROCE,0.08,21409.038,4,4,21409.036,0.0,0.0,0.0,0.002,267612.975
1653370,IT,CZ,GLASS,COMPU,0.06,21408.113,3,3,21408.113,0.0,0.0,0.0,0.0,356801.883333
1800384,IT,WE,CHEM1,TRAN1,0.04,21405.364,4,4,21405.362,0.0,0.0,0.0,0.002,535134.1
1686722,IT,HU,COPP1,DISTR,0.05,21404.813,3,3,21404.813,0.0,0.0,0.0,0.0,428096.26
1728943,IT,SE,CHEM1,RETAI,0.04,21404.378,4,4,21404.376,0.0,0.0,0.0,0.002,535109.45
1752316,IT,CA,CHEMI,MACHI,0.05,21403.078,5,5,21402.076,0.0,0.0,1.0,0.002,428061.56
1646516,IT,BE,MACHI,PAPE1,0.12,21402.767,4,4,21402.765,0.0,0.0,0.0,0.002,178356.391667
1743840,IT,US,LANDT,MEMBE,0.14,21399.783,3,3,21399.783,0.0,0.0,0.0,0.0,152855.592857
1676464,IT,FR,RETA1,CERAM,0.22,21399.639,3,3,21399.639,0.0,0.0,0.0,0.0,97271.086364
1748711,IT,CN,BEVER,VEGET,0.09,21398.354,3,3,21398.354,0.0,0.0,0.0,0.0,237759.488889
1763887,IT,MX,NONME,RENTI,0.04,21396.707,4,4,21396.705,0.0,0.0,0.0,0.002,534917.675
1765904,IT,RU,PLAST,CEMEN,0.04,21396.321,4,4,21396.319,0.0,0.0,0.0,0.002,534908.025
1809199,IT,WM,MEATA,RESEA,0.12,21395.333,4,4,21395.33,0.0,0.0,0.0,0.003,178294.441667
1789939,IT,WA,CEMEN,MACHI,0.03,21392.718,3,3,21392.718,0.0,0.0,0.0,0.0,713090.6
1743026,IT,US,OFFIC,DISTR,0.07,21392.43,4,4,21392.428,0.0,0.0,0.0,0.002,305606.142857
1777802,IT,TR,FABRI,HEAVY,0.09,21390.492,4,4,21390.49,0.0,0.0,0.0,0.002,237672.133333
1775174,IT,CH,RESEA,LUBRI,0.12,21390.033,3,3,21390.033,0.0,0.0,0.0,0.0,178250.275
1724374,IT,PT,SEACO,AIRTR,0.02,21388.565,3,3,21388.565,0.0,0.0,0.0,0.0,1069428.25
1752508,IT,CA,FOOD5,TEXTI,0.1,21388.353,4,4,21388.351,0.0,0.0,0.0,0.002,213883.53
1726628,IT,RO,MOTO1,FURNI,0.11,21387.953,3,3,21387.953,0.0,0.0,0.0,0.0,194435.936364
1641740,IT,AT,CHEM1,RAWMI,0.04,21387.915,4,4,21387.913,0.0,0.0,0.0,0.002,534697.875
1766602,IT,RU,FABRI,ANTHR,0.09,21384.357,4,4,21384.355,0.0,0.0,0.0,0.002,237603.966667
1763237,IT,MX,WOODW,TRANS,0.06,21383.116,3,3,21383.116,0.0,0.0,0.0,0.0,356385.266667
1650111,IT,BG,OFFIC,TRAN1,0.07,21381.868,4,4,21381.866,0.0,0.0,0.0,0.002,305455.257143
1732293,IT,SI,NAPHT,FOOD5,0.04,21380.78,4,4,21380.778,0.0,0.0,0.0,0.002,534519.5
1717130,IT,NL,SEACO,FOODW,0.02,21380.751,3,3,21380.751,0.0,0.0,0.0,0.0,1069037.55
1758599,IT,BR,MOTO1,WHOLE,0.11,21380.648,3,3,21380.648,0.0,0.0,0.0,0.0,194369.527273
1811980,IT,WM,GLASS,ETHAN,0.06,21380.385,3,3,21380.385,0.0,0.0,0.0,0.0,356339.75
1642112,IT,AT,GLASS,POSTT,0.06,21379.892,3,3,21379.892,0.0,0.0,0.0,0.0,356331.533333
1743121,IT,US,MOTO1,PREC1,0.11,21378.806,3,3,21378.806,0.0,0.0,0.0,0.0,194352.781818
1806078,IT,WF,FABRI,PLANT,0.09,21378.419,4,4,21378.417,0.0,0.0,0.0,0.002,237537.988889
1656951,IT,DE,LIQUE,LEAD1,0.04,21378.122,4,4,21378.12,0.0,0.0,0.0,0.002,534453.05
1676787,IT,FR,LANDT,WHITE,0.14,21377.92,3,3,21377.92,0.0,0.0,0.0,0.0,152699.428571
1790463,IT,WA,COPP1,MEATC,0.05,21377.509,3,3,21377.509,0.0,0.0,0.0,0.0,427550.18
1713371,IT,MT,HEAVY,MEATC,0.03,21376.949,4,4,21376.947,0.0,0.0,0.0,0.002,712564.966667
1808087,IT,WF,TEXT1,EDUCA,0.16,21376.942,3,3,21376.942,0.0,0.0,0.0,0.0,133605.8875
1649218,IT,BG,KEROS,KEROS,0.03,21376.838,4,4,21376.836,0.0,0.0,0.0,0.002,712561.266667
1795013,IT,WL,ADDIT,SUGAR,0.05,21376.431,4,4,21376.429,0.0,0.0,0.0,0.002,427528.62
1721566,IT,PL,SUPPO,HEALT,0.15,21376.416,3,3,21376.416,0.0,0.0,0.0,0.0,142509.44
1711026,IT,LU,NONME,RETAI,0.04,21376.178,4,4,21376.176,0.0,0.0,0.0,0.002,534404.45
1741520,IT,US,KEROS,ELEC4,0.03,21373.778,4,4,21373.776,0.0,0.0,0.0,0.002,712459.266667
1740518,IT,GB,RECRE,PRINT,0.27,21371.703,4,4,21371.701,0.0,0.0,0.0,0.002,79154.455556
1736990,IT,GB,WOOLS,RAWMI,0.08,21371.522,4,4,21371.52,0.0,0.0,0.0,0.002,267144.025
1662721,IT,DK,MACHI,INERT,0.12,21371.461,4,4,21371.459,0.0,0.0,0.0,0.002,178095.508333
1642536,IT,AT,COPP1,ELEC2,0.05,21369.551,3,3,21369.551,0.0,0.0,0.0,0.0,427391.02
1680975,IT,GR,INLAN,BASIC,0.03,21368.777,3,3,21368.777,0.0,0.0,0.0,0.0,712292.566667
1678954,IT,GR,TEXTI,RECRE,0.13,21368.658,4,4,21368.655,0.0,0.0,0.0,0.003,164374.292308
1640528,IT,AT,FOOD5,FISHF,0.1,21368.386,4,4,21368.384,0.0,0.0,0.0,0.002,213683.86
1759076,IT,BR,SEACO,TRAN2,0.02,21367.605,3,3,21367.605,0.0,0.0,0.0,0.0,1068380.25
1711480,IT,LU,AIRTR,AIRTR,0.02,21367.473,3,3,21367.473,0.0,0.0,0.0,0.0,1068373.65
1720208,IT,PL,COPP1,COMPU,0.05,21366.727,3,3,21366.727,0.0,0.0,0.0,0.0,427334.54
1766461,IT,RU,PREC1,MEDIC,0.04,21366.542,3,3,21366.542,0.0,0.0,0.0,0.0,534163.55
1685138,IT,HU,FOOD5,PUBLI,0.1,21366.53,4,4,21366.528,0.0,0.0,0.0,0.002,213665.3
1746823,IT,JP,MACHI,ELEC5,0.12,21366.273,4,4,21366.271,0.0,0.0,0.0,0.002,178052.275
1802575,IT,WE,FINAN,RAILW,0.28,21366.169,3,3,21366.169,0.0,0.0,0.0,0.0,76307.746429
1685979,IT,HU,BIODI,CROPS,0.04,21366.112,4,4,21366.11,0.0,0.0,0.0,0.002,534152.8
1802188,IT,WE,HOTEL,DISTR,0.15,21364.981,4,4,21364.979,0.0,0.0,0.0,0.002,142433.206667
1786107,IT,ZA,NONME,LANDT,0.04,21363.396,4,4,21363.394,0.0,0.0,0.0,0.002,534084.9
1733807,IT,SI,LANDT,RENTI,0.14,21363.269,3,3,21363.269,0.0,0.0,0.0,0.0,152594.778571
1751554,IT,CN,POSTT,WEARI,0.35,21362.026,4,4,21362.024,0.0,0.0,0.0,0.002,61034.36
1720666,IT,PL,MOTO1,DISTR,0.11,21361.764,3,3,21361.764,0.0,0.0,0.0,0.0,194197.854545
1679870,IT,GR,LEAD1,WHOLE,0.04,21361.242,4,4,21361.24,0.0,0.0,0.0,0.002,534031.05
1732584,IT,SI,GLASS,CATTL,0.06,21357.585,3,3,21357.585,0.0,0.0,0.0,0.0,355959.75
1683449,IT,HR,BASIC,PLAS2,0.02,21356.573,3,3,21356.573,0.0,0.0,0.0,0.0,1067828.65
1798535,IT,WE,STONE,RECRE,0.07,21356.136,4,4,21355.136,0.0,0.0,1.0,0.0,305087.657143
1716726,IT,NL,RETA1,CATTL,0.22,21354.868,3,3,21354.868,0.0,0.0,0.0,0.0,97067.581818
1712923,IT,LV,RENTI,WOODW,0.13,21353.359,3,3,21353.359,0.0,0.0,0.0,0.0,164256.607692
1663785,IT,EE,BEVER,BASIC,0.09,21352.621,3,3,21352.621,0.0,0.0,0.0,0.0,237251.344444
1738287,IT,GB,NONME,BUSIN,0.04,21351.288,4,4,21351.286,0.0,0.0,0.0,0.002,533782.2
1762404,IT,IN,POSTT,MOTO1,0.35,21349.71,4,4,21349.708,0.0,0.0,0.0,0.002,60999.171429
1752870,IT,CA,MOTOR,RETA1,0.03,21349.621,4,4,21349.619,0.0,0.0,0.0,0.002,711654.033333
1647314,IT,BE,TRAN2,PLAST,0.03,21348.607,3,3,21348.607,0.0,0.0,0.0,0.0,711620.233333
1763978,IT,MX,ALUM1,BEVER,0.04,21346.748,4,4,21346.746,0.0,0.0,0.0,0.002,533668.7
1735765,IT,SK,MACHI,STONE,0.12,21345.412,4,4,21345.41,0.0,0.0,0.0,0.002,177878.433333
1680197,IT,GR,TRANS,VEGE1,0.13,21345.254,3,3,21345.254,0.0,0.0,0.0,0.0,164194.261538
1771877,IT,CH,WOODW,FOODW,0.06,21345.109,3,3,21345.109,0.0,0.0,0.0,0.0,355751.816667
1658246,IT,DE,COPP1,SANDC,0.05,21345.006,3,3,21345.006,0.0,0.0,0.0,0.0,426900.12
1665026,IT,ES,CHEMI,REALE,0.05,21343.845,5,5,21342.843,0.0,0.0,1.0,0.002,426876.9
1687613,IT,HU,TRAN2,WHOLE,0.03,21343.714,3,3,21343.714,0.0,0.0,0.0,0.0,711457.133333
1642305,IT,AT,BASIC,FISH5,0.02,21343.579,3,3,21343.579,0.0,0.0,0.0,0.0,1067178.95
1726097,IT,RO,RUBBE,NONME,0.07,21342.743,4,4,21342.741,0.0,0.0,0.0,0.002,304896.328571
1729107,IT,SE,RUBBE,WASTE,0.07,21342.222,4,4,21342.22,0.0,0.0,0.0,0.002,304888.885714
1689719,IT,IE,FINAN,FISH5,0.28,21341.797,3,3,21341.797,0.0,0.0,0.0,0.0,76220.703571
1763769,IT,MX,GLASS,WHOLE,0.06,21341.183,3,3,21341.183,0.0,0.0,0.0,0.0,355686.383333
1725955,IT,RO,CHEM1,CRUDE,0.04,21340.867,4,4,21340.865,0.0,0.0,0.0,0.002,533521.675
1763258,IT,MX,WOODW,RECRE,0.06,21340.137,3,3,21340.137,0.0,0.0,0.0,0.0,355668.95
1766510,IT,RU,ALUM1,BUSIN,0.04,21340.08,4,4,21340.078,0.0,0.0,0.0,0.002,533502.0
1641738,IT,AT,CHEM1,PIGS9,0.04,21339.656,4,4,21339.654,0.0,0.0,0.0,0.002,533491.4
1732993,IT,SI,LEAD1,WEARI,0.04,21339.575,4,4,21339.573,0.0,0.0,0.0,0.002,533489.375
1688745,IT,IE,ADDIT,PLAST,0.05,21339.416,4,4,21339.414,0.0,0.0,0.0,0.002,426788.32
1774216,IT,CH,RETA1,BASIC,0.22,21339.043,3,3,21339.043,0.0,0.0,0.0,0.0,96995.65
1675432,IT,FR,MACHI,INSUR,0.12,21339.041,4,4,21339.039,0.0,0.0,0.0,0.002,177825.341667
1784091,IT,ID,LEATH,RETA1,0.15,21338.128,4,4,21338.124,0.0,0.0,0.0,0.004,142254.186667
1765067,IT,MX,INSUR,REALE,0.44,21337.609,3,3,21337.609,0.0,0.0,0.0,0.0,48494.565909
1648015,IT,BE,COMPU,HEAVY,0.24,21333.888,3,3,21333.888,0.0,0.0,0.0,0.0,88891.2
1775596,IT,CH,RECRE,CONST,0.27,21332.161,4,4,21332.159,0.0,0.0,0.0,0.002,79008.003704
1740011,IT,GB,REALE,REALE,0.9,21332.036,3,3,21332.036,0.0,0.0,0.0,0.0,23702.262222
1662815,IT,DK,FURNI,PRIVA,0.07,21332.021,4,4,21332.019,0.0,0.0,0.0,0.002,304743.157143
1812082,IT,WM,CERAM,TRAN1,0.03,21331.919,3,3,21331.919,0.0,0.0,0.0,0.0,711063.966667
1712045,IT,LV,BEVER,CATTL,0.09,21331.755,3,3,21331.755,0.0,0.0,0.0,0.0,237019.5
1784408,IT,ID,NONME,WOODW,0.04,21328.891,4,4,21328.889,0.0,0.0,0.0,0.002,533222.275
1715997,IT,NL,BRICK,ELEC7,0.03,21328.093,3,3,21328.093,0.0,0.0,0.0,0.0,710936.433333
1804365,IT,WF,AVIAT,FORES,0.05,21327.109,4,4,21327.107,0.0,0.0,0.0,0.002,426542.18
1809534,IT,WM,MEAT4,RECRE,0.12,21326.649,3,3,21326.649,0.0,0.0,0.0,0.0,177722.075
1680108,IT,GR,OFFIC,DAIRY,0.07,21326.381,4,4,21326.379,0.0,0.0,0.0,0.002,304662.585714
1735565,IT,SK,ALUM1,ELEC4,0.04,21325.437,4,4,21325.435,0.0,0.0,0.0,0.002,533135.925
1779461,IT,TR,RENTI,PRECI,0.13,21324.833,3,3,21324.833,0.0,0.0,0.0,0.0,164037.176923
1742277,IT,US,BRICK,FOUND,0.03,21324.639,3,3,21324.639,0.0,0.0,0.0,0.0,710821.3
1658262,IT,DE,COPP1,NAPHT,0.05,21324.591,3,3,21324.591,0.0,0.0,0.0,0.0,426491.82
1679573,IT,GR,RUBBE,NONME,0.07,21324.564,4,4,21324.562,0.0,0.0,0.0,0.002,304636.628571
1776406,IT,TR,PRINT,FINAN,0.2,21324.356,4,4,21324.354,0.0,0.0,0.0,0.002,106621.78
1684279,IT,HR,AIRTR,RUBBE,0.02,21324.219,3,3,21324.219,0.0,0.0,0.0,0.0,1066210.95
1668045,IT,ES,FURNI,ELEC4,0.07,21323.613,4,4,21323.611,0.0,0.0,0.0,0.002,304623.042857
1735122,IT,SK,CHEM1,INTER,0.04,21323.019,4,4,21323.017,0.0,0.0,0.0,0.002,533075.475
1673490,IT,FR,LEATH,SUGAR,0.15,21320.573,4,4,21320.569,0.0,0.0,0.0,0.004,142137.153333
1716765,IT,NL,RETA1,FOUND,0.22,21319.425,3,3,21319.425,0.0,0.0,0.0,0.0,96906.477273
1667617,IT,ES,MACHI,MEAT1,0.12,21317.353,4,4,21317.351,0.0,0.0,0.0,0.002,177644.608333
1668887,IT,ES,SEACO,LEAD1,0.02,21316.954,3,3,21316.954,0.0,0.0,0.0,0.0,1065847.7
1812707,IT,WM,COPP1,MEMBE,0.05,21316.933,3,3,21316.933,0.0,0.0,0.0,0.0,426338.66
1653777,IT,CZ,COPP1,RETA1,0.05,21316.24,3,3,21316.24,0.0,0.0,0.0,0.0,426324.8
1810066,IT,WM,TEXTI,FOUND,0.13,21316.132,4,4,21316.129,0.0,0.0,0.0,0.003,163970.246154
1781090,IT,TW,PUBLI,MOTO1,0.35,21315.914,3,3,21315.914,0.0,0.0,0.0,0.0,60902.611429
1750027,IT,CN,NONME,RADIO,0.04,21315.514,4,4,21315.512,0.0,0.0,0.0,0.002,532887.85
1751688,IT,CN,INSUR,PAPER,0.44,21315.249,3,3,21315.249,0.0,0.0,0.0,0.0,48443.747727
1772315,IT,CH,PLAST,LIQUE,0.04,21313.847,4,4,21313.845,0.0,0.0,0.0,0.002,532846.175
1780844,IT,TW,COMPU,CONST,0.24,21313.65,3,3,21313.65,0.0,0.0,0.0,0.0,88806.875
1679776,IT,GR,PREC1,WOODW,0.04,21313.12,3,3,21313.12,0.0,0.0,0.0,0.0,532828.0
1648989,IT,BG,LEATH,LANDT,0.15,21312.482,4,4,21312.478,0.0,0.0,0.0,0.004,142083.213333
1751353,IT,CN,LANDT,BUSIN,0.14,21311.648,3,3,21311.648,0.0,0.0,0.0,0.0,152226.057143
1738230,IT,GB,CEMEN,WOODW,0.03,21311.282,3,3,21311.282,0.0,0.0,0.0,0.0,710376.066667
1755701,IT,KR,RUBBE,RENTI,0.07,21310.963,4,4,21310.961,0.0,0.0,0.0,0.002,304442.328571
1674472,IT,FR,BIODI,TRANS,0.04,21310.655,4,4,21310.653,0.0,0.0,0.0,0.002,532766.375
1714821,IT,NL,FOOD5,KEROS,0.1,21310.04,4,4,21310.038,0.0,0.0,0.0,0.002,213100.4
1666948,IT,ES,CERAM,OFFIC,0.03,21310.025,3,3,21310.025,0.0,0.0,0.0,0.0,710334.166667
1659373,IT,DE,WHOLE,OILSE,0.18,21309.284,3,3,21309.284,0.0,0.0,0.0,0.0,118384.911111
1716122,IT,NL,PREC1,PAPER,0.04,21309.178,3,3,21309.178,0.0,0.0,0.0,0.0,532729.45
1760815,IT,IN,MOTOR,PADDY,0.03,21308.932,4,4,21308.93,0.0,0.0,0.0,0.002,710297.733333
1673287,IT,FR,TEXTI,SUGAR,0.13,21308.203,4,4,21308.2,0.0,0.0,0.0,0.003,163909.253846
1666866,IT,ES,GLASS,LUBRI,0.06,21306.668,3,3,21306.668,0.0,0.0,0.0,0.0,355111.133333
1664287,IT,EE,PREC1,FABRI,0.04,21305.957,3,3,21305.957,0.0,0.0,0.0,0.0,532648.925
1793126,IT,WA,RECRE,PFERT,0.27,21305.151,4,4,21305.149,0.0,0.0,0.0,0.002,78907.966667
1651123,IT,BG,COMPU,WHOLE,0.24,21303.371,3,3,21303.371,0.0,0.0,0.0,0.0,88764.045833
1766213,IT,RU,GLASS,FOUND,0.06,21303.333,3,3,21303.333,0.0,0.0,0.0,0.0,355055.55
1657629,IT,DE,CERAM,CHEMI,0.03,21302.427,3,3,21302.427,0.0,0.0,0.0,0.0,710080.9
1814523,IT,WM,RESEA,INSUR,0.12,21302.355,3,3,21302.355,0.0,0.0,0.0,0.0,177519.625
1725099,IT,RO,FISHF,HOTEL,0.04,21301.437,3,3,21301.437,0.0,0.0,0.0,0.0,532535.925
1649885,IT,BG,FABRI,POULT,0.09,21300.939,4,4,21300.937,0.0,0.0,0.0,0.002,236677.1
1646975,IT,BE,RETA1,FORES,0.22,21299.103,3,3,21299.103,0.0,0.0,0.0,0.0,96814.104545
1682533,IT,HR,MOTOR,VEGET,0.03,21299.037,4,4,21299.035,0.0,0.0,0.0,0.002,709967.9
1744682,IT,US,COMPU,OFFIC,0.24,21298.561,3,3,21298.561,0.0,0.0,0.0,0.0,88744.004167
1683888,IT,HR,TRANS,WHOLE,0.13,21298.085,3,3,21298.085,0.0,0.0,0.0,0.0,163831.423077
1676355,IT,FR,WHOLE,STONE,0.18,21297.843,3,3,21297.843,0.0,0.0,0.0,0.0,118321.35
1721077,IT,PL,HOTEL,RAILW,0.15,21297.435,4,4,21297.433,0.0,0.0,0.0,0.002,141982.9
1643966,IT,AT,COMPU,ELEC4,0.24,21297.013,3,3,21297.013,0.0,0.0,0.0,0.0,88737.554167
1677894,IT,FR,BUSIN,NONME,0.22,21295.878,3,3,21295.878,0.0,0.0,0.0,0.0,96799.445455
1663508,IT,DK,RENTI,POSTT,0.13,21295.764,3,3,21295.764,0.0,0.0,0.0,0.0,163813.569231
1681686,IT,HR,OILSE,HOTEL,0.02,21295.647,3,3,21295.647,0.0,0.0,0.0,0.0,1064782.35
1674492,IT,FR,BIODI,EDUCA,0.04,21295.273,4,4,21295.271,0.0,0.0,0.0,0.002,532381.825
1808942,IT,WM,CEREA,SALEM,0.03,21294.433,3,3,21294.433,0.0,0.0,0.0,0.0,709814.433333
1729154,IT,SE,GLASS,TRANS,0.06,21294.393,3,3,21294.393,0.0,0.0,0.0,0.0,354906.55
1715805,IT,NL,RUBBE,VEGE1,0.07,21294.161,4,4,21294.159,0.0,0.0,0.0,0.002,304202.3
1753976,IT,CA,LANDT,NONF1,0.14,21294.158,3,3,21294.158,0.0,0.0,0.0,0.0,152101.128571
1720519,IT,PL,OFFIC,FORES,0.07,21294.001,4,4,21293.999,0.0,0.0,0.0,0.002,304200.014286
1654501,IT,CZ,HOTEL,MOTOR,0.15,21293.552,4,4,21293.55,0.0,0.0,0.0,0.002,141957.013333
1807122,IT,WF,AIRTR,RAWMI,0.02,21291.109,3,3,21291.109,0.0,0.0,0.0,0.0,1064555.45
1765519,IT,RU,WEARI,EDUCA,0.16,21290.097,4,4,21290.093,0.0,0.0,0.0,0.004,133063.10625
1675115,IT,FR,LEAD1,ELEC3,0.04,21289.82,4,4,21289.818,0.0,0.0,0.0,0.002,532245.5
1715142,IT,NL,LEATH,FURNI,0.15,21289.582,4,4,21289.578,0.0,0.0,0.0,0.004,141930.546667
1643587,IT,AT,INLAN,BUSIN,0.03,21286.684,3,3,21286.684,0.0,0.0,0.0,0.0,709556.133333
1778774,IT,TR,LANDT,WOODW,0.14,21285.362,3,3,21285.362,0.0,0.0,0.0,0.0,152038.3
1760991,IT,IN,PARAF,BITUM,0.03,21284.083,4,4,21284.081,0.0,0.0,0.0,0.002,709469.433333
1657769,IT,DE,NONME,CHEMI,0.04,21284.024,4,4,21284.022,0.0,0.0,0.0,0.002,532100.6
1674730,IT,FR,GLASS,FOOD4,0.06,21282.684,3,3,21282.684,0.0,0.0,0.0,0.0,354711.4
1677400,IT,FR,INSUR,BASIC,0.44,21281.892,3,3,21281.892,0.0,0.0,0.0,0.0,48367.936364
1709881,IT,LT,CERAM,RADIO,0.03,21279.53,3,3,21279.53,0.0,0.0,0.0,0.0,709317.666667
1773372,IT,CH,MACHI,INSUR,0.12,21277.093,4,4,21277.091,0.0,0.0,0.0,0.002,177309.108333
1729737,IT,SE,MACHI,MOTOR,0.12,21276.249,4,4,21276.247,0.0,0.0,0.0,0.002,177302.075
1788368,IT,WA,WOODW,STONE,0.06,21274.116,3,3,21274.116,0.0,0.0,0.0,0.0,354568.6
1715974,IT,NL,CERAM,FURNI,0.03,21274.039,3,3,21274.039,0.0,0.0,0.0,0.0,709134.633333
1735625,IT,SK,COPP1,ELEC1,0.05,21272.821,3,3,21272.821,0.0,0.0,0.0,0.0,425456.42
1688590,IT,IE,PRINT,AUXIL,0.2,21272.365,4,4,21272.363,0.0,0.0,0.0,0.002,106361.825
1801397,IT,WE,OFFIC,PRINT,0.07,21272.261,4,4,21272.259,0.0,0.0,0.0,0.002,303889.442857
1801150,IT,WE,FABRI,SUBBI,0.09,21272.092,4,4,21272.09,0.0,0.0,0.0,0.002,236356.577778
1764413,IT,MX,MOTO1,RECRE,0.11,21271.836,3,3,21271.836,0.0,0.0,0.0,0.0,193380.327273
1657622,IT,DE,CERAM,VEGET,0.03,21271.769,3,3,21271.769,0.0,0.0,0.0,0.0,709058.966667
1794168,IT,WL,PRINT,TOBAC,0.2,21271.272,4,4,21271.27,0.0,0.0,0.0,0.002,106356.36
1778994,IT,TR,AIRTR,CHEMI,0.02,21271.146,3,3,21271.146,0.0,0.0,0.0,0.0,1063557.3
1729843,IT,SE,MOTO1,RUBBE,0.11,21271.047,3,3,21271.047,0.0,0.0,0.0,0.0,193373.154545
1813832,IT,WM,RAILW,93197,0.14,21269.923,3,3,21269.923,0.0,0.0,0.0,0.0,151928.021429
1661969,IT,DK,PETRO,MEATP,0.04,21268.639,4,4,21268.637,0.0,0.0,0.0,0.002,531715.975
1754514,IT,CA,BUSIN,NONF1,0.22,21268.132,3,3,21268.132,0.0,0.0,0.0,0.0,96673.327273
1789464,IT,WA,ADDIT,ANTHR,0.05,21267.115,4,4,21267.113,0.0,0.0,0.0,0.002,425342.3
1729834,IT,SE,OFFIC,RESEA,0.07,21266.312,4,4,21266.31,0.0,0.0,0.0,0.002,303804.457143
1732912,IT,SI,PREC1,HOTEL,0.04,21265.458,3,3,21265.458,0.0,0.0,0.0,0.0,531636.45
1683327,IT,HR,NONME,MOTOR,0.04,21264.02,4,4,21264.018,0.0,0.0,0.0,0.002,531600.5
1677688,IT,FR,RENTI,PLAST,0.13,21263.663,3,3,21263.663,0.0,0.0,0.0,0.0,163566.638462
1771844,IT,CH,WOODW,MOTO1,0.06,21263.634,3,3,21263.634,0.0,0.0,0.0,0.0,354393.9
1725185,IT,RO,DAIRY,MEATP,0.09,21263.271,3,3,21263.271,0.0,0.0,0.0,0.0,236258.566667
1778547,IT,TR,RETA1,ELECT,0.22,21261.724,3,3,21261.724,0.0,0.0,0.0,0.0,96644.2
1660978,IT,DE,BUSIN,MEDIC,0.22,21261.708,3,3,21261.708,0.0,0.0,0.0,0.0,96644.127273
1723217,IT,PT,RUBBE,RAILW,0.07,21261.634,4,4,21261.632,0.0,0.0,0.0,0.002,303737.628571
1734430,IT,SK,OILSE,GASDI,0.02,21261.364,3,3,21261.364,0.0,0.0,0.0,0.0,1063068.2
1715619,IT,NL,NAPHT,FOOD5,0.04,21261.216,4,4,21261.214,0.0,0.0,0.0,0.002,531530.4
1655092,IT,CZ,COMPU,INSUR,0.24,21261.155,3,3,21261.155,0.0,0.0,0.0,0.0,88588.145833
1805552,IT,WF,BRICK,CHARC,0.03,21260.29,3,3,21260.29,0.0,0.0,0.0,0.0,708676.333333
1764862,IT,MX,AIRTR,FOOD5,0.02,21260.258,3,3,21260.258,0.0,0.0,0.0,0.0,1063012.9
1765615,IT,RU,WOODW,FOUND,0.06,21257.367,3,3,21257.367,0.0,0.0,0.0,0.0,354289.45
1673829,IT,FR,PRINT,RUBBE,0.2,21256.089,4,4,21256.087,0.0,0.0,0.0,0.002,106280.445
1746781,IT,JP,MACHI,LEATH,0.12,21255.676,4,4,21255.674,0.0,0.0,0.0,0.002,177130.633333
1764684,IT,MX,HOTEL,COPPE,0.15,21255.668,4,4,21255.666,0.0,0.0,0.0,0.002,141704.453333
1748750,IT,CN,BEVER,FINAN,0.09,21255.56,3,3,21255.56,0.0,0.0,0.0,0.0,236172.888889
1777204,IT,TR,RUBBE,CHEMI,0.07,21255.301,4,4,21255.299,0.0,0.0,0.0,0.002,303647.157143
1748351,IT,CN,VEGET,BUSIN,0.08,21254.992,3,3,21254.992,0.0,0.0,0.0,0.0,265687.4
1774706,IT,CH,SUPPO,PRINT,0.15,21254.314,3,3,21254.314,0.0,0.0,0.0,0.0,141695.426667
1770875,IT,AU,BUSIN,COLLE,0.22,21251.59,3,3,21251.59,0.0,0.0,0.0,0.0,96598.136364
1718377,IT,PL,BEVER,BIODI,0.09,21251.359,3,3,21251.359,0.0,0.0,0.0,0.0,236126.211111
1759541,IT,BR,COMPU,CRUDE,0.24,21250.843,3,3,21250.843,0.0,0.0,0.0,0.0,88545.179167
1736564,IT,SK,SUPPO,BIOG1,0.15,21250.621,3,3,21250.621,0.0,0.0,0.0,0.0,141670.806667
1751029,IT,CN,WHOLE,ALUM1,0.18,21249.177,3,3,21249.177,0.0,0.0,0.0,0.0,118050.983333
1721966,IT,PL,COMPU,PLAST,0.24,21247.838,3,3,21247.838,0.0,0.0,0.0,0.0,88532.658333
1742815,IT,US,FABRI,PAPE1,0.09,21247.663,4,4,21247.661,0.0,0.0,0.0,0.002,236085.144444
1768462,IT,AU,DAIRY,FOOD1,0.09,21245.868,3,3,21245.868,0.0,0.0,0.0,0.0,236065.2
1668400,IT,ES,RETA1,CERAM,0.22,21245.494,3,3,21245.494,0.0,0.0,0.0,0.0,96570.427273
1717038,IT,NL,LANDT,ELECT,0.14,21244.07,3,3,21244.07,0.0,0.0,0.0,0.0,151743.357143
1682869,IT,HR,NAPHT,VEGET,0.04,21243.588,4,4,21243.586,0.0,0.0,0.0,0.002,531089.7
1711350,IT,LU,WHOLE,REALE,0.18,21243.474,3,3,21243.474,0.0,0.0,0.0,0.0,118019.3
1721358,IT,PL,SEACO,BITUM,0.02,21243.195,3,3,21243.195,0.0,0.0,0.0,0.0,1062159.75
1657787,IT,DE,NONME,GASDI,0.04,21242.841,4,4,21242.839,0.0,0.0,0.0,0.002,531071.025
1712287,IT,LV,CHEM1,PFERT,0.04,21242.814,4,4,21242.812,0.0,0.0,0.0,0.002,531070.35
1647958,IT,BE,RENTI,RUBBE,0.13,21242.069,3,3,21242.069,0.0,0.0,0.0,0.0,163400.530769
1805445,IT,WF,GLASS,SUGA1,0.06,21241.652,3,3,21241.652,0.0,0.0,0.0,0.0,354027.533333
1644600,IT,BE,FOOD5,WOODW,0.1,21241.439,4,4,21241.437,0.0,0.0,0.0,0.002,212414.39
1737090,IT,GB,CHEMI,RESEA,0.05,21240.859,5,5,21239.857,0.0,0.0,1.0,0.002,424817.18
1763374,IT,MX,PRINT,RADIO,0.2,21239.81,4,4,21239.808,0.0,0.0,0.0,0.002,106199.05
1673145,IT,FR,BEVER,TOBAC,0.09,21239.031,3,3,21239.031,0.0,0.0,0.0,0.0,235989.233333
1664173,IT,EE,GLASS,FORES,0.06,21237.807,3,3,21237.807,0.0,0.0,0.0,0.0,353963.45
1654619,IT,CZ,LANDT,CROPS,0.14,21237.365,3,3,21237.365,0.0,0.0,0.0,0.0,151695.464286
1648034,IT,BE,COMPU,FABRI,0.24,21236.973,3,3,21236.973,0.0,0.0,0.0,0.0,88487.3875
1659329,IT,DE,RETAI,ALUM1,0.17,21235.723,3,3,21235.723,0.0,0.0,0.0,0.0,124916.017647
1659680,IT,DE,RAILW,FOOD5,0.14,21235.481,3,3,21235.481,0.0,0.0,0.0,0.0,151682.007143
1687950,IT,HU,RENTI,FISH5,0.13,21235.448,3,3,21235.448,0.0,0.0,0.0,0.0,163349.6
1684877,IT,HU,SANDC,CHEM1,0.05,21234.707,4,4,21229.707,0.0,0.0,5.0,0.0,424694.14
1753967,IT,CA,LANDT,RUBBE,0.14,21233.69,3,3,21233.69,0.0,0.0,0.0,0.0,151669.214286
1745448,IT,JP,DAIRY,RENTI,0.09,21233.315,3,3,21233.315,0.0,0.0,0.0,0.0,235925.722222
1654513,IT,CZ,HOTEL,RUBBE,0.15,21232.421,4,4,21232.419,0.0,0.0,0.0,0.002,141549.473333
1747963,IT,JP,RESEA,ELEC4,0.12,21230.874,3,3,21230.874,0.0,0.0,0.0,0.0,176923.95
1729673,IT,SE,FABRI,HOTEL,0.09,21230.616,4,4,21230.614,0.0,0.0,0.0,0.002,235895.733333
1651480,IT,CY,HEAVY,PULP5,0.03,21230.287,4,4,21230.285,0.0,0.0,0.0,0.002,707676.233333
1652661,IT,CZ,WOODW,RESEA,0.06,21230.284,3,3,21230.284,0.0,0.0,0.0,0.0,353838.066667
1655081,IT,CZ,COMPU,CONST,0.24,21229.984,3,3,21229.984,0.0,0.0,0.0,0.0,88458.266667
1732528,IT,SI,RUBBE,PREC1,0.07,21229.727,4,4,21229.725,0.0,0.0,0.0,0.002,303281.814286
1663174,IT,DK,LANDT,ELECT,0.14,21229.35,3,3,21229.35,0.0,0.0,0.0,0.0,151638.214286
1813263,IT,WM,TRANS,CERAM,0.13,21228.533,3,3,21228.533,0.0,0.0,0.0,0.0,163296.407692
1742825,IT,US,FABRI,WASTE,0.09,21228.273,4,4,21228.271,0.0,0.0,0.0,0.002,235869.7
1804101,IT,WF,PAPER,NICKE,0.08,21227.67,4,4,21227.668,0.0,0.0,0.0,0.002,265345.875
1746528,IT,JP,NONME,GLASS,0.04,21227.136,4,4,21227.134,0.0,0.0,0.0,0.002,530678.4
1678971,IT,GR,WEARI,POSTT,0.16,21225.465,4,4,21225.461,0.0,0.0,0.0,0.004,132659.15625
1778215,IT,TR,FURNI,FURNI,0.07,21223.752,4,4,21223.75,0.0,0.0,0.0,0.002,303196.457143
1803058,IT,WF,CEREA,GLASS,0.03,21222.434,3,3,21222.434,0.0,0.0,0.0,0.0,707414.466667
1730204,IT,SE,LANDT,RETA1,0.14,21222.344,3,3,21222.344,0.0,0.0,0.0,0.0,151588.171429
1686603,IT,HU,ALUM1,FOOD3,0.04,21219.568,4,4,21219.566,0.0,0.0,0.0,0.002,530489.2
1709778,IT,LT,RUBBE,BEVER,0.07,21219.197,4,4,21219.195,0.0,0.0,0.0,0.002,303131.385714
1775075,IT,CH,RENTI,WHOLE,0.13,21219.046,3,3,21219.046,0.0,0.0,0.0,0.0,163223.430769
1762910,IT,MX,CHEMI,POULT,0.05,21218.706,5,5,21217.704,0.0,0.0,1.0,0.002,424374.12
1726663,IT,RO,TRANS,PAPER,0.13,21217.449,3,3,21217.449,0.0,0.0,0.0,0.0,163211.146154
1753848,IT,CA,WHOLE,PUBLI,0.18,21216.765,3,3,21216.765,0.0,0.0,0.0,0.0,117870.916667
1682580,IT,HR,MOTOR,FOOD4,0.03,21216.655,4,4,21216.653,0.0,0.0,0.0,0.002,707221.833333
1789564,IT,WA,BIODI,CRUDE,0.04,21216.242,4,4,21216.24,0.0,0.0,0.0,0.002,530406.05
1665137,IT,ES,DAIRY,FURNI,0.09,21216.227,3,3,21216.227,0.0,0.0,0.0,0.0,235735.855556
1660144,IT,DE,SUPPO,FOOD5,0.15,21215.428,3,3,21215.428,0.0,0.0,0.0,0.0,141436.186667
1764488,IT,MX,CONST,PRINT,0.12,21215.287,3,3,21215.287,0.0,0.0,0.0,0.0,176794.058333
1715329,IT,NL,PAPER,FOOD2,0.08,21215.067,4,4,21215.065,0.0,0.0,0.0,0.002,265188.3375
1763175,IT,MX,LEATH,FOUND,0.15,21213.895,4,4,21213.891,0.0,0.0,0.0,0.004,141425.966667
1802465,IT,WE,SUPPO,BASIC,0.15,21212.881,3,3,21212.881,0.0,0.0,0.0,0.0,141419.206667
1739730,IT,GB,SUPPO,FINAN,0.15,21212.87,3,3,21212.87,0.0,0.0,0.0,0.0,141419.133333
1790208,IT,WA,PREC1,PAPER,0.04,21212.378,3,3,21212.378,0.0,0.0,0.0,0.0,530309.45
1784184,IT,ID,PAPER,POSTT,0.08,21211.915,4,4,21211.913,0.0,0.0,0.0,0.002,265148.9375
1656151,IT,DE,TEXTI,WHEAT,0.13,21211.332,4,4,21211.329,0.0,0.0,0.0,0.003,163164.092308
1777572,IT,TR,PREC1,RETA1,0.04,21211.103,3,3,21211.103,0.0,0.0,0.0,0.0,530277.575
1731363,IT,SI,PROCE,VEGE1,0.14,21210.103,3,3,21210.103,0.0,0.0,0.0,0.0,151500.735714
1714533,IT,NL,CRUDE,GLASS,0.04,21210.096,4,4,21210.094,0.0,0.0,0.0,0.002,530252.4
1690310,IT,IE,FOOD2,STONE,0.12,21208.061,3,3,21208.061,0.0,0.0,0.0,0.0,176733.841667
1760382,IT,IN,VEGE1,FOOD5,0.07,21203.386,4,4,21203.381,0.0,0.0,0.0,0.005,302905.514286
1672398,IT,FI,BUSIN,ELEC2,0.22,21202.789,3,3,21202.789,0.0,0.0,0.0,0.0,96376.313636
1689148,IT,IE,SALEM,DISTR,0.17,21202.259,3,3,21202.259,0.0,0.0,0.0,0.0,124719.170588
1671473,IT,FI,MACHI,CROPS,0.12,21202.109,4,4,21202.107,0.0,0.0,0.0,0.002,176684.241667
1755505,IT,KR,CHEM1,SANDC,0.04,21201.224,4,4,21201.222,0.0,0.0,0.0,0.002,530030.6
1714703,IT,NL,VEGE1,RETA1,0.07,21200.306,4,4,21200.301,0.0,0.0,0.0,0.005,302861.514286
1738010,IT,GB,ADDIT,NAPHT,0.05,21199.305,4,4,21199.303,0.0,0.0,0.0,0.002,423986.1
1769627,IT,AU,FABRI,MOTOR,0.09,21197.798,4,4,21197.796,0.0,0.0,0.0,0.002,235531.088889
1726693,IT,RO,TRANS,RECRE,0.13,21197.204,3,3,21197.204,0.0,0.0,0.0,0.0,163055.415385
1710925,IT,LU,PARAF,PLAS1,0.03,21197.056,4,4,21197.054,0.0,0.0,0.0,0.002,706568.533333
1661683,IT,DK,TEXTI,PRIVA,0.13,21196.311,4,4,21196.308,0.0,0.0,0.0,0.003,163048.546154
1642101,IT,AT,GLASS,DIST1,0.06,21196.146,3,3,21196.146,0.0,0.0,0.0,0.0,353269.1
1713245,IT,MT,PAPER,PLAST,0.08,21196.068,4,4,21196.066,0.0,0.0,0.0,0.002,264950.85
1732844,IT,SI,BASIC,ELEC2,0.02,21195.031,3,3,21195.031,0.0,0.0,0.0,0.0,1059751.55
1666266,IT,ES,HEAVY,POSTT,0.03,21194.87,4,4,21194.868,0.0,0.0,0.0,0.002,706495.666667
1752836,IT,CA,PAPER,SUPPO,0.08,21194.671,4,4,21194.669,0.0,0.0,0.0,0.002,264933.3875
1651857,IT,CY,AIRTR,WHOLE,0.02,21193.866,3,3,21193.866,0.0,0.0,0.0,0.0,1059693.3
1763180,IT,MX,LEATH,RADIO,0.15,21191.716,4,4,21191.712,0.0,0.0,0.0,0.004,141278.106667
1642799,IT,AT,MACHI,RECRE,0.12,21191.06,4,4,21191.058,0.0,0.0,0.0,0.002,176592.166667
1747675,IT,JP,POSTT,ELEC2,0.35,21190.2,4,4,21190.198,0.0,0.0,0.0,0.002,60543.428571
1648777,IT,BG,BEVER,CHEM1,0.09,21189.75,3,3,21189.75,0.0,0.0,0.0,0.0,235441.666667
1790616,IT,WA,FABRI,LEADZ,0.09,21189.263,4,4,21189.261,0.0,0.0,0.0,0.002,235436.255556
1761241,IT,IN,RUBBE,TOBAC,0.07,21188.611,4,4,21188.609,0.0,0.0,0.0,0.002,302694.442857
1791320,IT,WA,SALEM,PIGS9,0.17,21187.219,3,3,21187.219,0.0,0.0,0.0,0.0,124630.7
1710760,IT,LU,FISH5,COMPU,0.09,21186.836,4,4,21186.825,0.0,0.0,0.0,0.011,235409.288889
1768189,IT,RU,PUBLI,POSTT,0.35,21185.532,3,3,21185.532,0.0,0.0,0.0,0.0,60530.091429
1764409,IT,MX,MOTO1,EDUCA,0.11,21185.09,3,3,21185.09,0.0,0.0,0.0,0.0,192591.727273
1663325,IT,DK,AIRTR,RETA1,0.02,21184.99,3,3,21184.99,0.0,0.0,0.0,0.0,1059249.5
1752946,IT,CA,PLAST,NONF1,0.04,21184.665,4,4,21184.663,0.0,0.0,0.0,0.002,529616.625
1748720,IT,CN,BEVER,KEROS,0.09,21184.205,3,3,21184.205,0.0,0.0,0.0,0.0,235380.055556
1807443,IT,WF,AUXIL,CONST,0.39,21183.912,3,3,21183.912,0.0,0.0,0.0,0.0,54317.723077
1647826,IT,BE,AUXIL,ELEC5,0.39,21183.632,3,3,21183.632,0.0,0.0,0.0,0.0,54317.005128
1728702,IT,SE,MOTOR,FORES,0.03,21183.517,4,4,21183.515,0.0,0.0,0.0,0.002,706117.233333
1735361,IT,SK,NONME,PLAST,0.04,21182.83,4,4,21182.828,0.0,0.0,0.0,0.002,529570.75
1719920,IT,PL,PREC1,BIOGA,0.04,21181.666,3,3,21181.666,0.0,0.0,0.0,0.0,529541.65
1719015,IT,PL,GASDI,VEGET,0.03,21181.224,4,4,21181.222,0.0,0.0,0.0,0.002,706040.8
1655378,IT,DE,CROPS,VEGE1,0.17,21181.034,3,3,21181.034,0.0,0.0,0.0,0.0,124594.317647
1718293,IT,PL,FOOD5,FABRI,0.1,21180.461,4,4,21180.459,0.0,0.0,0.0,0.002,211804.61
1685203,IT,HU,FISH5,LEATH,0.09,21180.454,4,4,21180.443,0.0,0.0,0.0,0.011,235338.377778
1769990,IT,AU,TRANS,EDUCA,0.13,21178.561,3,3,21178.561,0.0,0.0,0.0,0.0,162912.007692
1709465,IT,LT,TEXTI,RETA1,0.13,21178.494,4,4,21178.491,0.0,0.0,0.0,0.003,162911.492308
1773196,IT,CH,FABRI,PULP5,0.09,21177.616,4,4,21177.614,0.0,0.0,0.0,0.002,235306.844444
1732379,IT,SI,PLAST,BEVER,0.04,21177.158,4,4,21177.156,0.0,0.0,0.0,0.002,529428.95
1652010,IT,CZ,VEGET,NFERT,0.07,21177.092,3,3,21177.092,0.0,0.0,0.0,0.0,302529.885714
1644427,IT,BE,MEAT4,HOTEL,0.12,21176.809,3,3,21176.809,0.0,0.0,0.0,0.0,176473.408333
1675949,IT,FR,ELEC4,CHEM1,0.34,21176.594,3,3,21176.594,0.0,0.0,0.0,0.0,62284.1
1642394,IT,AT,PREC1,SANDC,0.04,21176.25,3,3,21176.25,0.0,0.0,0.0,0.0,529406.25
1721247,IT,PL,LANDT,BIOGA,0.14,21175.425,3,3,21175.425,0.0,0.0,0.0,0.0,151253.035714
1656841,IT,DE,GASDI,FOOD2,0.03,21174.264,4,4,21174.262,0.0,0.0,0.0,0.002,705808.8
1744640,IT,US,RENTI,PAPE4,0.13,21171.829,3,3,21171.829,0.0,0.0,0.0,0.0,162860.223077
1811334,IT,WM,BITU1,SUPPO,0.03,21171.261,4,4,21171.259,0.0,0.0,0.0,0.002,705708.7
1666780,IT,ES,RUBBE,ELEC8,0.07,21170.092,4,4,21170.09,0.0,0.0,0.0,0.002,302429.885714
1789898,IT,WA,BRICK,93197,0.03,21169.79,3,3,21169.79,0.0,0.0,0.0,0.0,705659.666667
1720646,IT,PL,MOTO1,NONME,0.11,21168.123,3,3,21168.123,0.0,0.0,0.0,0.0,192437.481818
1734785,IT,SK,WOODW,FURNI,0.06,21166.202,3,3,21166.202,0.0,0.0,0.0,0.0,352770.033333
1772616,IT,CH,GLASS,TEXTI,0.06,21166.18,3,3,21166.18,0.0,0.0,0.0,0.0,352769.666667
1725819,IT,RO,MOTOR,WOODW,0.03,21165.731,4,4,21165.729,0.0,0.0,0.0,0.002,705524.366667
1801632,IT,WE,FURNI,COKIN,0.07,21163.979,4,4,21163.977,0.0,0.0,0.0,0.002,302342.557143
1730179,IT,SE,LANDT,BASIC,0.14,21163.642,3,3,21163.642,0.0,0.0,0.0,0.0,151168.871429
1710472,IT,LT,LANDT,SALEM,0.14,21163.619,3,3,21163.619,0.0,0.0,0.0,0.0,151168.707143
1757622,IT,BR,GASDI,RENTI,0.03,21162.558,4,4,21162.556,0.0,0.0,0.0,0.002,705418.6
1774040,IT,CH,RETAI,RETA1,0.17,21162.036,3,3,21162.036,0.0,0.0,0.0,0.0,124482.564706
1783489,IT,NO,WOOD1,INTER,0.14,21161.848,3,3,21161.848,0.0,0.0,0.0,0.0,151156.057143
1723091,IT,PT,CHEM1,FOUND,0.04,21161.011,4,4,21161.009,0.0,0.0,0.0,0.002,529025.275
1654278,IT,CZ,FURNI,INSUR,0.07,21159.912,4,4,21159.91,0.0,0.0,0.0,0.002,302284.457143
1664441,IT,EE,MACHI,LANDT,0.12,21159.579,4,4,21159.577,0.0,0.0,0.0,0.002,176329.825
1719734,IT,PL,NONME,EDUCA,0.04,21159.386,4,4,21159.384,0.0,0.0,0.0,0.002,528984.65
1768261,IT,RU,RECRE,BUSIN,0.27,21158.614,4,4,21158.612,0.0,0.0,0.0,0.002,78365.237037
1804149,IT,WF,PAPER,NONF1,0.08,21157.36,4,4,21157.358,0.0,0.0,0.0,0.002,264467.0
1743252,IT,US,FURNI,RAWMI,0.07,21156.478,4,4,21156.476,0.0,0.0,0.0,0.002,302235.4
1736070,IT,SK,FURNI,RENTI,0.07,21156.16,4,4,21156.158,0.0,0.0,0.0,0.002,302230.857143
1671705,IT,FI,SALEM,PULP5,0.17,21155.582,3,3,21155.582,0.0,0.0,0.0,0.0,124444.6
1778557,IT,TR,RETA1,DISTR,0.22,21155.106,3,3,21155.106,0.0,0.0,0.0,0.0,96159.572727
1687209,IT,HU,CONST,WHOLE,0.12,21154.312,3,3,21154.312,0.0,0.0,0.0,0.0,176285.933333
1807075,IT,WF,SEACO,FOOD5,0.02,21153.777,3,3,21153.777,0.0,0.0,0.0,0.0,1057688.85
1789562,IT,WA,BIOGA,OFFIC,0.04,21153.048,4,4,21153.046,0.0,0.0,0.0,0.002,528826.2
1663354,IT,DK,SUPPO,SALEM,0.15,21152.967,3,3,21152.967,0.0,0.0,0.0,0.0,141019.78
1671565,IT,FI,OFFIC,RECRE,0.07,21152.849,4,4,21152.847,0.0,0.0,0.0,0.002,302183.557143
1742421,IT,US,NONME,PLAS1,0.04,21152.768,4,4,21152.766,0.0,0.0,0.0,0.002,528819.2
1686474,IT,HU,PREC1,SANDC,0.04,21152.74,3,3,21152.74,0.0,0.0,0.0,0.0,528818.5
1716002,IT,NL,BRICK,COMPU,0.03,21152.328,3,3,21152.328,0.0,0.0,0.0,0.0,705077.6
1649815,IT,BG,ALUM1,BEVER,0.04,21151.327,4,4,21151.325,0.0,0.0,0.0,0.002,528783.175
1669822,IT,ES,BUSIN,SEACO,0.22,21150.879,3,3,21150.879,0.0,0.0,0.0,0.0,96140.359091
1735458,IT,SK,BASIC,ELEC6,0.02,21149.272,3,3,21149.272,0.0,0.0,0.0,0.0,1057463.6
1749788,IT,CN,ADDIT,ELEC4,0.05,21147.087,4,4,21147.085,0.0,0.0,0.0,0.002,422941.74
1649743,IT,BG,BASIC,PFERT,0.02,21146.719,3,3,21146.719,0.0,0.0,0.0,0.0,1057335.95
1751201,IT,CN,HOTEL,PFERT,0.15,21145.231,4,4,21145.229,0.0,0.0,0.0,0.002,140968.206667
1666133,IT,ES,GASDI,RADIO,0.03,21144.983,4,4,21144.981,0.0,0.0,0.0,0.002,704832.766667
1668481,IT,ES,HOTEL,STONE,0.15,21144.743,4,4,21144.741,0.0,0.0,0.0,0.002,140964.953333
1780257,IT,TW,LANDT,PRINT,0.14,21144.354,3,3,21144.354,0.0,0.0,0.0,0.0,151031.1
1681841,IT,HR,VEGE1,TEXTI,0.07,21144.269,4,4,21144.264,0.0,0.0,0.0,0.005,302060.985714
1754646,IT,KR,STONE,HOTEL,0.07,21144.218,4,4,21143.218,0.0,0.0,1.0,0.0,302060.257143
1800126,IT,WE,NAPHT,OFFIC,0.04,21142.909,4,4,21142.907,0.0,0.0,0.0,0.002,528572.725
1732779,IT,SI,NONME,ELEC1,0.04,21142.423,4,4,21142.421,0.0,0.0,0.0,0.002,528560.575
1780535,IT,TW,POSTT,93197,0.35,21142.319,4,4,21142.317,0.0,0.0,0.0,0.002,60406.625714
1649803,IT,BG,PREC1,FABRI,0.04,21141.703,3,3,21141.703,0.0,0.0,0.0,0.0,528542.575
1717616,IT,NL,BUSIN,CATTL,0.22,21141.301,3,3,21141.301,0.0,0.0,0.0,0.0,96096.822727
1712339,IT,LV,RUBBE,SALEM,0.07,21141.215,4,4,21141.213,0.0,0.0,0.0,0.002,302017.357143
1804987,IT,WF,PLAST,NONFE,0.04,21141.058,4,4,21141.056,0.0,0.0,0.0,0.002,528526.45
1722304,IT,PT,CEREA,PLAST,0.03,21140.987,3,3,21140.987,0.0,0.0,0.0,0.0,704699.566667
1662324,IT,DK,BASIC,ANIMA,0.02,21137.362,3,3,21137.362,0.0,0.0,0.0,0.0,1056868.1
1766545,IT,RU,COPP1,FOUND,0.05,21137.123,3,3,21137.123,0.0,0.0,0.0,0.0,422742.46
1729246,IT,SE,CERAM,PAPE1,0.03,21137.028,3,3,21137.028,0.0,0.0,0.0,0.0,704567.6
1781213,IT,NO,VEGET,AIRTR,0.07,21136.603,3,3,21136.603,0.0,0.0,0.0,0.0,301951.471429
1741055,IT,US,TEXTI,CEMEN,0.13,21136.56,4,4,21136.557,0.0,0.0,0.0,0.003,162588.923077
1789858,IT,WA,CERAM,ELECT,0.03,21134.377,3,3,21134.377,0.0,0.0,0.0,0.0,704479.233333
1794961,IT,WL,CHEM1,LEAD1,0.04,21134.1,4,4,21134.098,0.0,0.0,0.0,0.002,528352.5
1765660,IT,RU,PAPER,VEGE1,0.08,21133.705,4,4,21133.703,0.0,0.0,0.0,0.002,264171.3125
1642878,IT,AT,MOTO1,HOTEL,0.11,21133.535,3,3,21133.535,0.0,0.0,0.0,0.0,192123.045455
1729717,IT,SE,MACHI,LEADZ,0.12,21132.924,4,4,21132.922,0.0,0.0,0.0,0.002,176107.7
1732314,IT,SI,NAPHT,LEAD1,0.04,21132.676,4,4,21132.674,0.0,0.0,0.0,0.002,528316.9
1785550,IT,ZA,KEROS,TRANS,0.03,21132.67,4,4,21132.668,0.0,0.0,0.0,0.002,704422.333333
1792172,IT,WA,SUPPO,OFFIC,0.15,21132.084,3,3,21132.084,0.0,0.0,0.0,0.0,140880.56
1751069,IT,CN,RETA1,VEGET,0.22,21131.433,3,3,21131.433,0.0,0.0,0.0,0.0,96051.968182
1684236,IT,HR,SEACO,COPP1,0.02,21131.148,3,3,21131.148,0.0,0.0,0.0,0.0,1056557.4
1805471,IT,WF,GLASS,RETA1,0.06,21130.404,3,3,21130.404,0.0,0.0,0.0,0.0,352173.4
1764147,IT,MX,FABRI,AIRTR,0.09,21127.529,4,4,21127.527,0.0,0.0,0.0,0.002,234750.322222
1658569,IT,DE,MACHI,LUBRI,0.12,21126.668,4,4,21126.666,0.0,0.0,0.0,0.002,176055.566667
1735720,IT,SK,FABRI,SALEM,0.09,21126.322,4,4,21126.32,0.0,0.0,0.0,0.002,234736.911111
1675775,IT,FR,FURNI,RETAI,0.07,21125.144,4,4,21125.142,0.0,0.0,0.0,0.002,301787.771429
1748327,IT,JP,PRIVA,RECRE,4.71,21125.063,4,4,21125.06,0.0,0.0,0.0,0.003,4485.15138
1780913,IT,TW,RESEA,TRAN1,0.11,21124.395,3,3,21124.395,0.0,0.0,0.0,0.0,192039.954545
1794282,IT,WL,MOTOR,COKEO,0.03,21121.984,4,4,21121.982,0.0,0.0,0.0,0.002,704066.133333
1812274,IT,WM,BASIC,CATTL,0.02,21121.287,3,3,21121.287,0.0,0.0,0.0,0.0,1056064.35
1795947,IT,WL,MOTO1,TEXTI,0.11,21120.499,3,3,21120.499,0.0,0.0,0.0,0.0,192004.536364
1730614,IT,SE,RENTI,FOOD5,0.13,21120.064,3,3,21120.064,0.0,0.0,0.0,0.0,162462.030769
1716242,IT,NL,COPP1,PLAST,0.05,21119.067,3,3,21119.067,0.0,0.0,0.0,0.0,422381.34
1665070,IT,ES,MEAT4,REALE,0.12,21117.294,3,3,21117.294,0.0,0.0,0.0,0.0,175977.45
1758716,IT,BR,RETAI,WHOLE,0.17,21115.66,3,3,21115.66,0.0,0.0,0.0,0.0,124209.764706
1801791,IT,WE,ELEC4,INSUR,0.34,21115.241,3,3,21115.241,0.0,0.0,0.0,0.0,62103.65
1711548,IT,LU,POSTT,RECRE,0.35,21115.005,4,4,21115.003,0.0,0.0,0.0,0.002,60328.585714
1784293,IT,ID,CHEM1,ELE11,0.04,21112.304,4,4,21112.302,0.0,0.0,0.0,0.002,527807.6
1729298,IT,SE,NONME,PULP5,0.04,21111.128,4,4,21111.126,0.0,0.0,0.0,0.002,527778.2
1679506,IT,GR,CHEM1,INLAN,0.04,21109.48,4,4,21109.478,0.0,0.0,0.0,0.002,527737.0
1731430,IT,SI,FOOD5,LANDT,0.1,21109.467,4,4,21109.465,0.0,0.0,0.0,0.002,211094.67
1760163,IT,BR,WASTE,SUPPO,0.07,21108.541,3,3,21108.541,0.0,0.0,0.0,0.0,301550.585714
1672315,IT,FI,COMPU,COMPU,0.24,21108.48,3,3,21108.48,0.0,0.0,0.0,0.0,87952.0
1787744,IT,WA,VEGE1,REALE,0.06,21107.721,4,4,21107.716,0.0,0.0,0.0,0.005,351795.35
1765652,IT,RU,PAPER,FISHF,0.08,21106.603,4,4,21106.601,0.0,0.0,0.0,0.002,263832.5375
1783074,IT,NO,INSUR,TRANS,0.44,21106.512,3,3,21106.512,0.0,0.0,0.0,0.0,47969.345455
1764913,IT,MX,AIRTR,MEMBE,0.02,21105.732,3,3,21105.732,0.0,0.0,0.0,0.0,1055286.6
1814244,IT,WM,POSTT,KEROS,0.35,21105.192,4,4,21105.19,0.0,0.0,0.0,0.002,60300.548571
1651205,IT,BG,BUSIN,RETAI,0.22,21104.977,3,3,21104.977,0.0,0.0,0.0,0.0,95931.713636
1742571,IT,US,PREC1,REALE,0.04,21104.817,3,3,21104.817,0.0,0.0,0.0,0.0,527620.425
1753279,IT,CA,NONME,GASDI,0.04,21104.354,4,4,21104.352,0.0,0.0,0.0,0.002,527608.85
1682109,IT,HR,TEXTI,PAPER,0.13,21102.773,4,4,21102.77,0.0,0.0,0.0,0.003,162329.023077
1738279,IT,GB,NONME,FURNI,0.04,21102.434,4,4,21102.432,0.0,0.0,0.0,0.002,527560.85
1719212,IT,PL,CHEM1,CROPS,0.04,21102.366,4,4,21102.364,0.0,0.0,0.0,0.002,527559.15
1751381,IT,CN,SEACO,BRICK,0.02,21100.531,3,3,21100.531,0.0,0.0,0.0,0.0,1055026.55
1688560,IT,IE,PRINT,FISH5,0.2,21100.095,4,4,21100.093,0.0,0.0,0.0,0.002,105500.475
1680832,IT,GR,RAILW,SUPPO,0.14,21099.243,3,3,21099.243,0.0,0.0,0.0,0.0,150708.878571
1645872,IT,BE,GLASS,ELECT,0.06,21098.686,3,3,21098.686,0.0,0.0,0.0,0.0,351644.766667
1686847,IT,HU,FABRI,RAILW,0.09,21097.419,4,4,21097.417,0.0,0.0,0.0,0.002,234415.766667
1722574,IT,PT,FISH5,DAIRY,0.09,21096.433,4,4,21096.422,0.0,0.0,0.0,0.011,234404.811111
1752340,IT,CA,MEAT4,DAIRY,0.12,21093.689,3,3,21093.689,0.0,0.0,0.0,0.0,175780.741667
1769720,IT,AU,MACHI,IRONO,0.12,21091.319,4,4,21091.317,0.0,0.0,0.0,0.002,175760.991667
1719513,IT,PL,GLASS,KEROS,0.06,21091.269,3,3,21091.269,0.0,0.0,0.0,0.0,351521.15
1789764,IT,WA,GLASS,RUBBE,0.06,21090.522,3,3,21090.522,0.0,0.0,0.0,0.0,351508.7
1673978,IT,FR,KEROS,LUBRI,0.03,21089.899,4,4,21089.897,0.0,0.0,0.0,0.002,702996.633333
1776610,IT,TR,GASDI,NFERT,0.03,21087.002,4,4,21087.0,0.0,0.0,0.0,0.002,702900.066667
1756859,IT,KR,POSTT,FURNI,0.35,21085.042,4,4,21085.04,0.0,0.0,0.0,0.002,60242.977143
1683287,IT,HR,BRICK,PUBLI,0.03,21084.84,3,3,21084.84,0.0,0.0,0.0,0.0,702828.0
1721424,IT,PL,AIRTR,DAIRY,0.02,21084.389,3,3,21084.389,0.0,0.0,0.0,0.0,1054219.45
1809834,IT,WM,FOOD5,INLAN,0.1,21083.091,4,4,21083.089,0.0,0.0,0.0,0.002,210830.91
1741171,IT,US,LEATH,DIST1,0.15,21083.076,4,4,21083.072,0.0,0.0,0.0,0.004,140553.84
1666194,IT,ES,HEAVY,VEGE1,0.03,21081.428,4,4,21081.426,0.0,0.0,0.0,0.002,702714.266667
1648479,IT,BG,OILSE,FORES,0.02,21080.085,3,3,21080.085,0.0,0.0,0.0,0.0,1054004.25
1680004,IT,GR,MACHI,MEATP,0.12,21079.808,4,4,21079.806,0.0,0.0,0.0,0.002,175665.066667
1726666,IT,RO,TRANS,GASDI,0.13,21078.573,3,3,21078.573,0.0,0.0,0.0,0.0,162142.869231
1681718,IT,HR,FISHF,WHOLE,0.04,21078.391,3,3,21078.391,0.0,0.0,0.0,0.0,526959.775
1687221,IT,HU,SALEM,CONST,0.17,21077.589,3,3,21077.589,0.0,0.0,0.0,0.0,123985.817647
1790958,IT,WA,MOTO1,BITUM,0.11,21075.567,3,3,21075.567,0.0,0.0,0.0,0.0,191596.063636
1755968,IT,KR,ALUM1,PRINT,0.04,21073.956,4,4,21073.954,0.0,0.0,0.0,0.002,526848.9
1783359,IT,NO,PLAS1,GLASS,0.08,21073.195,3,3,21073.195,0.0,0.0,0.0,0.0,263414.9375
1778907,IT,TR,SEACO,HEAVY,0.02,21070.725,3,3,21070.725,0.0,0.0,0.0,0.0,1053536.25
1671990,IT,FI,LANDT,POSTT,0.14,21070.244,3,3,21070.244,0.0,0.0,0.0,0.0,150501.742857
1725727,IT,RO,PAPER,PAPE4,0.08,21067.65,4,4,21067.648,0.0,0.0,0.0,0.002,263345.625
1682943,IT,HR,PLAST,FOOD5,0.04,21067.447,4,4,21067.445,0.0,0.0,0.0,0.002,526686.175
1732860,IT,SI,BASIC,TRAN2,0.02,21066.266,3,3,21066.266,0.0,0.0,0.0,0.0,1053313.3
1651548,IT,CY,RUBBE,MOTO1,0.07,21066.236,4,4,21066.234,0.0,0.0,0.0,0.002,300946.228571
1766852,IT,RU,MACHI,WOOD1,0.12,21065.783,4,4,21065.781,0.0,0.0,0.0,0.002,175548.191667
1676085,IT,FR,ELEC7,EDUCA,0.01,21064.6,3,3,21064.6,0.0,0.0,0.0,0.0,2106460.0
1672800,IT,FR,MEAT1,MEATP,0.1,21064.521,4,4,21064.518,0.0,0.0,0.0,0.003,210645.21
1781749,IT,NO,PAPER,AIRTR,0.08,21063.83,4,4,21063.828,0.0,0.0,0.0,0.002,263297.875
1653426,IT,CZ,NONME,DAIRY,0.04,21062.916,4,4,21062.914,0.0,0.0,0.0,0.002,526572.9
1811197,IT,WM,NAPHT,TRAN2,0.04,21062.404,4,4,21062.402,0.0,0.0,0.0,0.002,526560.1
1718007,IT,PL,CHEMI,MOTOR,0.05,21060.281,5,5,21059.279,0.0,0.0,1.0,0.002,421205.62
1755292,IT,KR,PAPER,ELEC3,0.08,21059.617,4,4,21059.615,0.0,0.0,0.0,0.002,263245.2125
1647540,IT,BE,SUPPO,TRAN2,0.15,21059.471,3,3,21059.471,0.0,0.0,0.0,0.0,140396.473333
1801472,IT,WE,MOTO1,HEAVY,0.11,21056.541,3,3,21056.541,0.0,0.0,0.0,0.0,191423.1
1745803,IT,JP,WEARI,WOOD1,0.16,21056.163,4,4,21056.159,0.0,0.0,0.0,0.004,131601.01875
1769055,IT,AU,PLAST,COKIN,0.04,21055.334,4,4,21055.332,0.0,0.0,0.0,0.002,526383.35
1749433,IT,CN,GASDI,BITUM,0.03,21053.277,4,4,21053.275,0.0,0.0,0.0,0.002,701775.9
1798805,IT,WE,FOOD5,PREC1,0.1,21052.152,4,4,21052.15,0.0,0.0,0.0,0.002,210521.52
1670669,IT,FI,LEATH,FOOD4,0.15,21051.956,4,4,21051.952,0.0,0.0,0.0,0.004,140346.373333
1721609,IT,PL,POSTT,FABRI,0.35,21051.275,4,4,21051.273,0.0,0.0,0.0,0.002,60146.5
1768916,IT,AU,WOODW,PUBLI,0.06,21050.54,3,3,21050.54,0.0,0.0,0.0,0.0,350842.333333
1739890,IT,GB,FINAN,LANDT,0.27,21050.159,3,3,21050.159,0.0,0.0,0.0,0.0,77963.551852
1809181,IT,WM,MEATA,MEAT4,0.11,21049.697,4,4,21049.694,0.0,0.0,0.0,0.003,191360.881818
1755945,IT,KR,PREC1,NONSP,0.04,21049.525,3,3,21049.525,0.0,0.0,0.0,0.0,526238.125
1681014,IT,GR,AIRTR,CEMEN,0.02,21048.361,3,3,21048.361,0.0,0.0,0.0,0.0,1052418.05
1686354,IT,HU,NONME,COMPU,0.04,21045.569,4,4,21045.567,0.0,0.0,0.0,0.002,526139.225
1709744,IT,LT,CHEM1,RENTI,0.04,21045.464,4,4,21045.462,0.0,0.0,0.0,0.002,526136.6
1742344,IT,US,NONME,IRONO,0.04,21045.413,4,4,21045.411,0.0,0.0,0.0,0.002,526135.325
1745179,IT,JP,OILSE,VEGE1,0.02,21045.356,3,3,21045.356,0.0,0.0,0.0,0.0,1052267.8
1663330,IT,DK,AIRTR,RENTI,0.02,21044.637,3,3,21044.637,0.0,0.0,0.0,0.0,1052231.85
1804507,IT,WF,GASDI,LEAD1,0.03,21044.076,4,4,21044.074,0.0,0.0,0.0,0.002,701469.2
1735175,IT,SK,RUBBE,GASDI,0.07,21043.983,4,4,21043.981,0.0,0.0,0.0,0.002,300628.328571
1714418,IT,NL,VEGET,COMPU,0.07,21043.708,3,3,21043.708,0.0,0.0,0.0,0.0,300624.4
1811963,IT,WM,GLASS,VEGE1,0.06,21041.282,3,3,21041.282,0.0,0.0,0.0,0.0,350688.033333
1719559,IT,PL,GLASS,POSTT,0.06,21040.871,3,3,21040.871,0.0,0.0,0.0,0.0,350681.183333
1732327,IT,SI,NAPHT,ELEC4,0.04,21040.059,4,4,21040.057,0.0,0.0,0.0,0.002,526001.475
1673870,IT,FR,PRINT,OILHA,0.2,21037.764,4,4,21037.762,0.0,0.0,0.0,0.002,105188.82
1740727,IT,US,CHEMI,FOOD3,0.05,21037.558,5,5,21036.556,0.0,0.0,1.0,0.002,420751.16
1749310,IT,CN,PRINT,MEATP,0.2,21037.355,4,4,21037.353,0.0,0.0,0.0,0.002,105186.775
1798236,IT,WE,VEGET,TRANS,0.07,21037.215,3,3,21037.215,0.0,0.0,0.0,0.0,300531.642857
1778269,IT,TR,SALEM,FISHF,0.17,21037.057,3,3,21037.057,0.0,0.0,0.0,0.0,123747.394118
1748840,IT,CN,TEXTI,POSTT,0.12,21035.704,4,4,21035.701,0.0,0.0,0.0,0.003,175297.533333
1671644,IT,FI,FURNI,RECRE,0.07,21035.084,4,4,21035.082,0.0,0.0,0.0,0.002,300501.2
1674819,IT,FR,CEMEN,INERT,0.03,21034.474,3,3,21034.474,0.0,0.0,0.0,0.0,701149.133333
1733959,IT,SI,SUPPO,TRAN1,0.15,21034.018,3,3,21034.018,0.0,0.0,0.0,0.0,140226.786667
1649940,IT,BG,FABRI,NONF1,0.09,21033.921,4,4,21033.919,0.0,0.0,0.0,0.002,233710.233333
1814678,IT,WM,PLAS1,DISTR,0.08,21033.827,3,3,21033.827,0.0,0.0,0.0,0.0,262922.8375
1640912,IT,AT,LEATH,INSUR,0.15,21031.696,4,4,21031.692,0.0,0.0,0.0,0.004,140211.306667
1678871,IT,GR,FISH5,WHOLE,0.09,21028.287,4,4,21028.276,0.0,0.0,0.0,0.011,233647.633333
1658779,IT,DE,MOTO1,BEVER,0.11,21028.263,3,3,21028.263,0.0,0.0,0.0,0.0,191166.027273
1745319,IT,JP,VEGE1,CROPS,0.06,21027.304,4,4,21027.299,0.0,0.0,0.0,0.005,350455.066667
1753886,IT,CA,RAILW,COKIN,0.14,21025.699,3,3,21025.699,0.0,0.0,0.0,0.0,150183.564286
1670878,IT,FI,PLAST,LEAD1,0.04,21022.754,4,4,21022.752,0.0,0.0,0.0,0.002,525568.85
1642197,IT,AT,CEMEN,PLAST,0.03,21021.441,3,3,21021.441,0.0,0.0,0.0,0.0,700714.7
1653118,IT,CZ,CHEM1,BITU1,0.04,21021.35,4,4,21021.348,0.0,0.0,0.0,0.002,525533.75
1786095,IT,ZA,NONME,MACHI,0.04,21021.299,4,4,21021.297,0.0,0.0,0.0,0.002,525532.475
1728849,IT,SE,PLAST,CONST,0.04,21021.089,4,4,21021.087,0.0,0.0,0.0,0.002,525527.225
1786576,IT,ZA,FURNI,RENTI,0.07,21018.932,4,4,21018.93,0.0,0.0,0.0,0.002,300270.457143
1764856,IT,MX,SEACO,93197,0.02,21018.801,3,3,21018.801,0.0,0.0,0.0,0.0,1050940.05
1812896,IT,WM,FABRI,FOOD3,0.09,21018.652,4,4,21018.65,0.0,0.0,0.0,0.002,233540.577778
1752623,IT,CA,TEXTI,GLASS,0.12,21018.176,4,4,21018.173,0.0,0.0,0.0,0.003,175151.466667
1740380,IT,GB,HEALT,HEAVY,0.11,21016.54,3,3,21016.54,0.0,0.0,0.0,0.0,191059.454545
1772158,IT,CH,KERO1,FINAN,0.03,21013.77,4,4,21013.768,0.0,0.0,0.0,0.002,700459.0
1677005,IT,FR,AIRTR,SEWAG,0.02,21013.662,3,3,21013.662,0.0,0.0,0.0,0.0,1050683.1
1742430,IT,US,NONME,INERT,0.04,21013.088,4,4,21013.086,0.0,0.0,0.0,0.002,525327.2
1805526,IT,WF,CERAM,POSTT,0.03,21012.612,3,3,21012.612,0.0,0.0,0.0,0.0,700420.4
1640540,IT,AT,FOOD5,TEXTI,0.1,21012.244,4,4,21012.242,0.0,0.0,0.0,0.002,210122.44
1783791,IT,NO,PLAS2,RENTI,0.17,21011.236,3,3,21011.236,0.0,0.0,0.0,0.0,123595.505882
1657982,IT,DE,BASIC,WOOD1,0.02,21010.798,3,3,21010.798,0.0,0.0,0.0,0.0,1050539.9
1654218,IT,CZ,MOTO1,PAPE4,0.11,21010.332,3,3,21010.332,0.0,0.0,0.0,0.0,191003.018182
1792768,IT,WA,BUSIN,RETA1,0.22,21010.306,3,3,21010.306,0.0,0.0,0.0,0.0,95501.390909
1665586,IT,ES,LEATH,EDUCA,0.15,21009.898,4,4,21009.894,0.0,0.0,0.0,0.004,140065.986667
1670805,IT,FI,PRINT,BUSIN,0.2,21008.826,4,4,21008.824,0.0,0.0,0.0,0.002,105044.13
1718154,IT,PL,VEGE1,EDUCA,0.06,21008.474,4,4,21008.469,0.0,0.0,0.0,0.005,350141.233333
1774239,IT,CH,RETA1,RETAI,0.22,21007.919,3,3,21007.919,0.0,0.0,0.0,0.0,95490.540909
1744217,IT,US,POSTT,PFERT,0.35,21006.122,4,4,21006.12,0.0,0.0,0.0,0.002,60017.491429
1730703,IT,SE,COMPU,CONST,0.24,21005.327,3,3,21005.327,0.0,0.0,0.0,0.0,87522.195833
1758402,IT,BR,FABRI,NONME,0.09,21004.404,4,4,21004.402,0.0,0.0,0.0,0.002,233382.266667
1764342,IT,MX,OFFIC,REALE,0.07,21003.877,4,4,21003.875,0.0,0.0,0.0,0.002,300055.385714
1787968,IT,WA,TEXTI,OILSE,0.12,21003.566,4,4,21003.563,0.0,0.0,0.0,0.003,175029.716667
1668735,IT,ES,LANDT,BRICK,0.14,21002.894,3,3,21002.894,0.0,0.0,0.0,0.0,150020.671429
1740832,IT,US,VEGE1,FABRI,0.06,21001.293,4,4,21001.288,0.0,0.0,0.0,0.005,350021.55
1789447,IT,WA,CHARC,RESEA,0.05,21000.701,4,4,21000.699,0.0,0.0,0.0,0.002,420014.02
1664766,IT,ES,PADDY,FOOD5,0.21,21000.692,3,3,21000.692,0.0,0.0,0.0,0.0,100003.295238
1641419,IT,AT,GASDI,BEVER,0.03,21000.488,4,4,21000.486,0.0,0.0,0.0,0.002,700016.266667
1664183,IT,EE,GLASS,FABRI,0.06,20999.412,3,3,20999.412,0.0,0.0,0.0,0.0,349990.2
1670408,IT,FI,FOOD5,MEATC,0.1,20998.503,4,4,20998.501,0.0,0.0,0.0,0.002,209985.03
1774945,IT,CH,INSUR,COMPU,0.43,20997.685,3,3,20997.685,0.0,0.0,0.0,0.0,48831.825581
1793808,IT,WL,TEXTI,MEATP,0.12,20997.642,4,4,20997.639,0.0,0.0,0.0,0.003,174980.35
1786583,IT,ZA,FURNI,FOOD3,0.07,20996.505,4,4,20996.503,0.0,0.0,0.0,0.002,299950.071429
1722555,IT,PT,BEVER,FURNI,0.09,20996.33,3,3,20996.33,0.0,0.0,0.0,0.0,233292.555556
1641492,IT,AT,HEAVY,CATTL,0.03,20995.997,4,4,20995.995,0.0,0.0,0.0,0.002,699866.566667
1786366,IT,ZA,MACHI,TEXTI,0.12,20995.461,4,4,20995.459,0.0,0.0,0.0,0.002,174962.175
1718631,IT,PL,LEATH,LANDT,0.15,20995.212,4,4,20995.208,0.0,0.0,0.0,0.004,139968.08
1720835,IT,PL,FURNI,DISTR,0.07,20994.609,4,4,20994.607,0.0,0.0,0.0,0.002,299922.985714
1750042,IT,CN,NONME,PUBLI,0.04,20993.2,4,4,20993.198,0.0,0.0,0.0,0.002,524830.0
1782024,IT,NO,RUBBE,POSTT,0.07,20992.998,4,4,20992.996,0.0,0.0,0.0,0.002,299899.971429
1779533,IT,TR,RENTI,93197,0.13,20992.422,3,3,20992.422,0.0,0.0,0.0,0.0,161480.169231
1728520,IT,SE,WOODW,RENTI,0.06,20992.364,3,3,20992.364,0.0,0.0,0.0,0.0,349872.733333
1659667,IT,DE,HOTEL,OILHA,0.15,20989.926,4,4,20989.924,0.0,0.0,0.0,0.002,139932.84
1804670,IT,WF,LIQUE,NATU1,0.04,20989.297,4,4,20989.295,0.0,0.0,0.0,0.002,524732.425
1796154,IT,WL,FURNI,FORES,0.07,20989.209,4,4,20989.207,0.0,0.0,0.0,0.002,299845.842857
1731714,IT,SI,WOODW,RECRE,0.06,20988.801,3,3,20988.801,0.0,0.0,0.0,0.0,349813.35
1810251,IT,WM,LEATH,GLASS,0.15,20986.593,4,4,20986.589,0.0,0.0,0.0,0.004,139910.62
1750063,IT,CN,BASIC,GASDI,0.02,20986.289,3,3,20986.289,0.0,0.0,0.0,0.0,1049314.45
1654138,IT,CZ,MOTO1,MEAT1,0.11,20985.719,3,3,20985.719,0.0,0.0,0.0,0.0,190779.263636
1773651,IT,CH,FURNI,MEATC,0.07,20983.252,4,4,20983.25,0.0,0.0,0.0,0.002,299760.742857
1782925,IT,NO,AIRTR,MEATC,0.02,20982.561,3,3,20982.561,0.0,0.0,0.0,0.0,1049128.05
1690254,IT,IE,PLAS1,CEMEN,0.08,20982.142,3,3,20982.142,0.0,0.0,0.0,0.0,262276.775
1786599,IT,ZA,SALEM,CHEM1,0.17,20981.58,3,3,20981.58,0.0,0.0,0.0,0.0,123421.058824
1759544,IT,BR,COMPU,MEAT1,0.24,20980.123,3,3,20980.123,0.0,0.0,0.0,0.0,87417.179167
1722320,IT,PT,OILSE,OILSE,0.02,20979.508,3,3,20979.508,0.0,0.0,0.0,0.0,1048975.4
1739535,IT,GB,LANDT,FOOD3,0.14,20979.336,3,3,20979.336,0.0,0.0,0.0,0.0,149852.4
1748496,IT,CN,SANDC,CHEM1,0.05,20979.228,4,4,20974.228,0.0,0.0,5.0,0.0,419584.56
1763555,IT,MX,CHEM1,PLAST,0.04,20978.151,4,4,20978.149,0.0,0.0,0.0,0.002,524453.775
1779013,IT,TR,AIRTR,CERAM,0.02,20977.702,3,3,20977.702,0.0,0.0,0.0,0.0,1048885.1
1665893,IT,ES,COALT,COALT,0.03,20976.692,3,3,20976.692,0.0,0.0,0.0,0.0,699223.066667
1684720,IT,HU,VEGET,WOODW,0.07,20975.053,3,3,20975.053,0.0,0.0,0.0,0.0,299643.614286
1808749,IT,WF,TEXT2,HEALT,0.15,20974.892,3,3,20974.892,0.0,0.0,0.0,0.0,139832.613333
1720528,IT,PL,OFFIC,WEARI,0.06,20973.683,4,4,20973.681,0.0,0.0,0.0,0.002,349561.383333
1733056,IT,SI,COPP1,ELEC3,0.05,20973.052,3,3,20973.052,0.0,0.0,0.0,0.0,419461.04
1642050,IT,AT,GLASS,NONFE,0.06,20970.748,3,3,20970.748,0.0,0.0,0.0,0.0,349512.466667
1712799,IT,LV,SEACO,REALE,0.02,20969.946,3,3,20969.946,0.0,0.0,0.0,0.0,1048497.3
1739349,IT,GB,RAILW,MOTOR,0.14,20969.763,3,3,20969.763,0.0,0.0,0.0,0.0,149784.021429
1791943,IT,WA,SEACO,LEATH,0.02,20969.277,3,3,20969.277,0.0,0.0,0.0,0.0,1048463.85
1648067,IT,BE,COMPU,REALE,0.24,20968.466,3,3,20968.466,0.0,0.0,0.0,0.0,87368.608333
1645990,IT,BE,CEMEN,OILHA,0.03,20967.745,3,3,20967.745,0.0,0.0,0.0,0.0,698924.833333
1799088,IT,WE,WEARI,PIGS9,0.16,20967.41,4,4,20967.406,0.0,0.0,0.0,0.004,131046.3125
1802315,IT,WE,TRAN2,RETAI,0.03,20967.312,3,3,20967.312,0.0,0.0,0.0,0.0,698910.4
1660511,IT,DE,INSUR,DIST1,0.43,20966.851,3,3,20966.851,0.0,0.0,0.0,0.0,48760.118605
1682749,IT,HR,GASDI,RENTI,0.03,20966.378,4,4,20966.376,0.0,0.0,0.0,0.002,698879.266667
1653447,IT,CZ,NONME,BASIC,0.04,20965.788,4,4,20965.786,0.0,0.0,0.0,0.002,524144.7
1727782,IT,RO,BUSIN,WEARI,0.22,20964.973,3,3,20964.973,0.0,0.0,0.0,0.0,95295.331818
1646086,IT,BE,BASIC,RADIO,0.02,20963.71,3,3,20963.71,0.0,0.0,0.0,0.0,1048185.5
1653957,IT,CZ,MACHI,CHEMI,0.12,20963.668,4,4,20963.666,0.0,0.0,0.0,0.002,174697.233333
1731952,IT,SI,MOTOR,INSUR,0.03,20963.437,4,4,20963.435,0.0,0.0,0.0,0.002,698781.233333
1658485,IT,DE,FABRI,AIRTR,0.09,20963.094,4,4,20963.092,0.0,0.0,0.0,0.002,232923.266667
1687721,IT,HU,SUPPO,WOODW,0.15,20960.914,3,3,20960.914,0.0,0.0,0.0,0.0,139739.426667
1686351,IT,HU,NONME,SUPPO,0.04,20960.683,4,4,20960.681,0.0,0.0,0.0,0.002,524017.075
1767218,IT,RU,RETA1,STEAM,0.22,20960.586,3,3,20960.586,0.0,0.0,0.0,0.0,95275.390909
1786757,IT,ZA,HOTEL,BITUM,0.15,20960.001,4,4,20959.999,0.0,0.0,0.0,0.002,139733.34
1773083,IT,CH,ALUM1,RECRE,0.04,20958.969,4,4,20958.967,0.0,0.0,0.0,0.002,523974.225
1688235,IT,IE,VEGET,VEGET,0.07,20958.902,3,3,20958.902,0.0,0.0,0.0,0.0,299412.885714
1738247,IT,GB,CEMEN,RAILW,0.03,20957.537,3,3,20957.537,0.0,0.0,0.0,0.0,698584.566667
1741973,IT,US,CHEM1,WOOD1,0.04,20957.395,4,4,20957.393,0.0,0.0,0.0,0.002,523934.875
1675713,IT,FR,TRANS,93197,0.13,20957.243,3,3,20957.243,0.0,0.0,0.0,0.0,161209.561538
1649367,IT,BG,PLAST,HEALT,0.04,20956.27,4,4,20956.268,0.0,0.0,0.0,0.002,523906.75
1798394,IT,WE,CRUDE,BITU1,0.04,20955.19,4,4,20955.188,0.0,0.0,0.0,0.002,523879.75
1788000,IT,WA,TEXTI,BEVER,0.12,20953.881,4,4,20953.878,0.0,0.0,0.0,0.003,174615.675
1714495,IT,NL,CRUDE,FORES,0.04,20953.1,4,4,20953.098,0.0,0.0,0.0,0.002,523827.5
1730454,IT,SE,POSTT,RAILW,0.35,20951.629,4,4,20951.627,0.0,0.0,0.0,0.002,59861.797143
1756036,IT,KR,FABRI,VEGET,0.09,20950.741,4,4,20950.739,0.0,0.0,0.0,0.002,232786.011111
1804888,IT,WF,BITU1,RUBBE,0.03,20950.539,4,4,20950.537,0.0,0.0,0.0,0.002,698351.3
1709415,IT,LT,BEVER,BUSIN,0.09,20950.265,3,3,20950.265,0.0,0.0,0.0,0.0,232780.722222
1724141,IT,PT,RETA1,ELEC2,0.22,20949.097,3,3,20949.097,0.0,0.0,0.0,0.0,95223.168182
1659116,IT,DE,ELEC7,RUBBE,0.01,20948.818,3,3,20948.818,0.0,0.0,0.0,0.0,2094881.8
1666689,IT,ES,BIODI,SALEM,0.04,20946.529,4,4,20946.527,0.0,0.0,0.0,0.002,523663.225
1676295,IT,FR,SALEM,INERT,0.17,20945.623,3,3,20945.623,0.0,0.0,0.0,0.0,123209.547059
1779974,IT,TW,SALEM,SANDC,0.17,20944.425,3,3,20944.425,0.0,0.0,0.0,0.0,123202.5
1760296,IT,IN,FORES,CONST,0.18,20943.846,4,4,20935.846,0.0,8.0,0.0,0.0,116354.7
1666517,IT,ES,PLAST,RENTI,0.04,20943.619,4,4,20943.617,0.0,0.0,0.0,0.002,523590.475
1757285,IT,BR,PROCE,HOTEL,0.14,20943.468,3,3,20943.468,0.0,0.0,0.0,0.0,149596.2
1756737,IT,KR,SEACO,PRIVA,0.02,20942.782,3,3,20942.782,0.0,0.0,0.0,0.0,1047139.1
1744141,IT,US,SUPPO,HOTEL,0.15,20942.409,3,3,20942.409,0.0,0.0,0.0,0.0,139616.06
1681077,IT,GR,SUPPO,PULP5,0.15,20941.595,3,3,20941.595,0.0,0.0,0.0,0.0,139610.633333
1757608,IT,BR,GASDI,ELEC6,0.03,20941.553,4,4,20941.551,0.0,0.0,0.0,0.002,698051.766667
1789037,IT,WA,NAPHT,PFERT,0.04,20941.431,3,3,20941.431,0.0,0.0,0.0,0.0,523535.775
1716170,IT,NL,ALUM1,PRINT,0.04,20940.757,4,4,20940.755,0.0,0.0,0.0,0.002,523518.925
1774245,IT,CH,RETA1,TRAN2,0.22,20940.021,3,3,20940.021,0.0,0.0,0.0,0.0,95181.913636
1809355,IT,WM,SANDC,FURNI,0.05,20939.848,4,4,20934.848,0.0,0.0,5.0,0.0,418796.96
1740095,IT,GB,COMPU,DAIRY,0.24,20938.718,3,3,20938.718,0.0,0.0,0.0,0.0,87244.658333
1789905,IT,WA,CEMEN,RAWMI,0.03,20937.43,3,3,20937.43,0.0,0.0,0.0,0.0,697914.333333
1754519,IT,CA,BUSIN,ELECT,0.22,20936.115,3,3,20936.115,0.0,0.0,0.0,0.0,95164.159091
1645078,IT,BE,PAPER,RADIO,0.08,20934.054,4,4,20934.052,0.0,0.0,0.0,0.002,261675.675
1747064,IT,JP,FURNI,CERAM,0.07,20932.609,4,4,20932.607,0.0,0.0,0.0,0.002,299037.271429
1768920,IT,AU,WOODW,RECRE,0.06,20931.413,3,3,20931.413,0.0,0.0,0.0,0.0,348856.883333
1711340,IT,LU,WHOLE,WHOLE,0.18,20930.504,3,3,20930.504,0.0,0.0,0.0,0.0,116280.577778
1670877,IT,FI,PLAST,PREC1,0.04,20930.342,4,4,20930.34,0.0,0.0,0.0,0.002,523258.55
1726249,IT,RO,BASIC,OILSE,0.02,20929.018,3,3,20929.018,0.0,0.0,0.0,0.0,1046450.9
1643035,IT,AT,CONST,SUPPO,0.12,20928.634,3,3,20928.634,0.0,0.0,0.0,0.0,174405.283333
1731087,IT,SI,VEGET,93197,0.07,20927.529,3,3,20927.529,0.0,0.0,0.0,0.0,298964.7
1722174,IT,PL,BUSIN,FOOD4,0.21,20927.433,3,3,20927.433,0.0,0.0,0.0,0.0,99654.442857
1734587,IT,SK,BEVER,BIODI,0.09,20927.162,3,3,20927.162,0.0,0.0,0.0,0.0,232524.022222
1739145,IT,GB,RETA1,FORES,0.22,20926.989,3,3,20926.989,0.0,0.0,0.0,0.0,95122.677273
1789955,IT,WA,CEMEN,BUSIN,0.03,20926.77,3,3,20926.77,0.0,0.0,0.0,0.0,697559.0
1688251,IT,IE,VEGET,RESEA,0.07,20925.783,3,3,20925.783,0.0,0.0,0.0,0.0,298939.757143
1709728,IT,LT,CHEM1,TRANS,0.04,20921.358,4,4,20921.356,0.0,0.0,0.0,0.002,523033.95
1777288,IT,TR,RUBBE,WASTE,0.07,20920.421,4,4,20920.419,0.0,0.0,0.0,0.002,298863.157143
1680961,IT,GR,SEACO,BUSIN,0.02,20920.375,3,3,20920.375,0.0,0.0,0.0,0.0,1046018.75
1660752,IT,DE,RENTI,INTER,0.13,20920.053,3,3,20920.053,0.0,0.0,0.0,0.0,160923.484615
1710565,IT,LT,REALE,AIRTR,0.88,20919.929,3,3,20919.929,0.0,0.0,0.0,0.0,23772.646591
1687781,IT,HU,SUPPO,MEMBE,0.15,20919.888,3,3,20919.888,0.0,0.0,0.0,0.0,139465.92
1806531,IT,WF,FURNI,PRECI,0.07,20919.414,4,4,20919.412,0.0,0.0,0.0,0.002,298848.771429
1681887,IT,HR,DAIRY,BEVER,0.08,20917.765,3,3,20917.765,0.0,0.0,0.0,0.0,261472.0625
1724350,IT,PT,SEACO,RUBBE,0.02,20916.686,3,3,20916.686,0.0,0.0,0.0,0.0,1045834.3
1803659,IT,WF,FOOD5,BUSIN,0.1,20915.369,4,4,20915.367,0.0,0.0,0.0,0.002,209153.69
1772421,IT,CH,CHEM1,ELEC3,0.04,20915.186,4,4,20915.184,0.0,0.0,0.0,0.002,522879.65
1807154,IT,WF,AIRTR,GASDI,0.02,20915.17,3,3,20915.17,0.0,0.0,0.0,0.0,1045758.5
1671718,IT,FI,SALEM,NONF1,0.17,20913.961,3,3,20913.961,0.0,0.0,0.0,0.0,123023.3
1753293,IT,CA,NONME,RECRE,0.04,20913.739,4,4,20913.737,0.0,0.0,0.0,0.002,522843.475
1775962,IT,TR,BEVER,FOOD5,0.09,20913.279,3,3,20913.279,0.0,0.0,0.0,0.0,232369.766667
1743273,IT,US,FURNI,BIOGA,0.07,20913.083,4,4,20913.081,0.0,0.0,0.0,0.002,298758.328571
1688214,IT,HU,RECRE,DIST1,0.27,20912.412,4,4,20912.41,0.0,0.0,0.0,0.002,77453.377778
1711051,IT,LU,BASIC,TRAN2,0.02,20911.171,3,3,20911.171,0.0,0.0,0.0,0.0,1045558.55
1789877,IT,WA,CERAM,FOOD3,0.03,20909.772,3,3,20909.772,0.0,0.0,0.0,0.0,696992.4
1783660,IT,NO,WASTE,PLAST,0.07,20908.307,3,3,20908.307,0.0,0.0,0.0,0.0,298690.1
1777071,IT,TR,CHEM1,ELEC1,0.04,20907.015,4,4,20907.013,0.0,0.0,0.0,0.002,522675.375
1785454,IT,ZA,PRINT,PRINT,0.2,20906.778,4,4,20906.776,0.0,0.0,0.0,0.002,104533.89
1725212,IT,RO,FOOD5,CATTL,0.1,20906.056,4,4,20906.054,0.0,0.0,0.0,0.002,209060.56
1753542,IT,CA,MACHI,GASDI,0.12,20905.338,4,4,20905.336,0.0,0.0,0.0,0.002,174211.15
1809705,IT,WM,PROCE,INSUR,0.14,20904.265,3,3,20904.265,0.0,0.0,0.0,0.0,149316.178571
1661445,IT,DK,DAIRY,ELEC7,0.08,20903.551,3,3,20903.551,0.0,0.0,0.0,0.0,261294.3875
1683306,IT,HR,CEMEN,INERT,0.03,20903.032,3,3,20903.032,0.0,0.0,0.0,0.0,696767.733333
1735960,IT,SK,MOTO1,TRANS,0.11,20902.27,3,3,20902.27,0.0,0.0,0.0,0.0,190020.636364
1717607,IT,NL,RESEA,COMPU,0.11,20901.994,3,3,20901.994,0.0,0.0,0.0,0.0,190018.127273
1669432,IT,ES,INSUR,HOTEL,0.43,20900.755,3,3,20900.755,0.0,0.0,0.0,0.0,48606.406977
1673020,IT,FR,SUGA1,RECRE,0.05,20899.918,4,4,20899.914,0.0,0.0,0.0,0.004,417998.36
1647120,IT,BE,HOTEL,DIST1,0.15,20899.753,4,4,20899.751,0.0,0.0,0.0,0.002,139331.686667
1786041,IT,ZA,CERAM,COLLE,0.03,20899.713,3,3,20899.713,0.0,0.0,0.0,0.0,696657.1
1753047,IT,CA,CHEM1,AUXIL,0.04,20898.632,4,4,20898.63,0.0,0.0,0.0,0.002,522465.8
1651830,IT,CY,HOTEL,COMPU,0.15,20898.631,4,4,20898.629,0.0,0.0,0.0,0.002,139324.206667
1794728,IT,WL,BITU1,GASDI,0.03,20897.599,4,4,20897.597,0.0,0.0,0.0,0.002,696586.633333
1671332,IT,FI,ALUM1,RAILW,0.04,20896.343,4,4,20896.341,0.0,0.0,0.0,0.002,522408.575
1804762,IT,WF,NAPHT,VEGE1,0.04,20895.838,3,3,20895.838,0.0,0.0,0.0,0.0,522395.95
1656941,IT,DE,LIQUE,PFERT,0.04,20895.567,4,4,20895.565,0.0,0.0,0.0,0.002,522389.175
1749866,IT,CN,RUBBE,TRAN1,0.07,20894.829,4,4,20894.827,0.0,0.0,0.0,0.002,298497.557143
1807160,IT,WF,AIRTR,CHEM1,0.02,20894.512,3,3,20894.512,0.0,0.0,0.0,0.0,1044725.6
1768969,IT,AU,PAPER,MOTO1,0.08,20893.535,4,4,20893.533,0.0,0.0,0.0,0.002,261169.1875
1754407,IT,CA,RENTI,FABRI,0.12,20893.227,3,3,20893.227,0.0,0.0,0.0,0.0,174110.225
1776691,IT,TR,HEAVY,MACHI,0.03,20893.004,4,4,20893.002,0.0,0.0,0.0,0.002,696433.466667
1652471,IT,CZ,WEARI,SUGA1,0.16,20892.931,4,4,20892.927,0.0,0.0,0.0,0.004,130580.81875
1814422,IT,WM,REALE,FINAN,0.88,20892.745,3,3,20892.745,0.0,0.0,0.0,0.0,23741.755682
1804513,IT,WF,GASDI,ELECT,0.03,20892.434,4,4,20892.432,0.0,0.0,0.0,0.002,696414.466667
1723950,IT,PT,SALEM,BEVER,0.17,20892.286,3,3,20892.286,0.0,0.0,0.0,0.0,122895.8
1668464,IT,ES,RETA1,FOOD4,0.22,20892.137,3,3,20892.137,0.0,0.0,0.0,0.0,94964.259091
1761238,IT,IN,RUBBE,FOOD5,0.07,20891.547,4,4,20891.545,0.0,0.0,0.0,0.002,298450.671429
1780039,IT,TW,WHOLE,LEADZ,0.18,20890.62,3,3,20890.62,0.0,0.0,0.0,0.0,116059.0
1795342,IT,WL,NONME,FABRI,0.04,20890.553,4,4,20890.551,0.0,0.0,0.0,0.002,522263.825
1746606,IT,JP,ALUM1,BEVER,0.04,20890.444,4,4,20890.442,0.0,0.0,0.0,0.002,522261.1
1752128,IT,CN,BUSIN,ELEC8,0.21,20887.544,3,3,20887.544,0.0,0.0,0.0,0.0,99464.495238
1681551,IT,GR,BUSIN,FURNI,0.21,20886.252,3,3,20886.252,0.0,0.0,0.0,0.0,99458.342857
1751721,IT,CN,INSUR,TRAN1,0.43,20885.762,3,3,20885.762,0.0,0.0,0.0,0.0,48571.539535
1791880,IT,WA,LANDT,RECRE,0.13,20884.599,3,3,20884.599,0.0,0.0,0.0,0.0,160650.761538
1770444,IT,AU,SEACO,RAILW,0.02,20884.51,3,3,20884.51,0.0,0.0,0.0,0.0,1044225.5
1794364,IT,WL,AVIAT,MEDIC,0.05,20882.494,3,3,20882.494,0.0,0.0,0.0,0.0,417649.88
1650921,IT,BG,SEACO,LEAD1,0.02,20882.483,3,3,20882.483,0.0,0.0,0.0,0.0,1044124.15
1727280,IT,RO,SUPPO,MEMBE,0.15,20880.735,3,3,20880.735,0.0,0.0,0.0,0.0,139204.9
1810904,IT,WM,KERO1,HEALT,0.03,20879.18,4,4,20879.178,0.0,0.0,0.0,0.002,695972.666667
1793056,IT,WA,PAPE4,CHEM1,0.14,20878.238,3,3,20878.238,0.0,0.0,0.0,0.0,149130.271429
1642960,IT,AT,FURNI,HOTEL,0.07,20877.525,4,4,20877.523,0.0,0.0,0.0,0.002,298250.357143
1642723,IT,AT,MACHI,COKEO,0.12,20877.426,4,4,20877.424,0.0,0.0,0.0,0.002,173978.55
1741098,IT,US,TEXTI,FOOD3,0.12,20876.974,4,4,20876.971,0.0,0.0,0.0,0.003,173974.783333
1788099,IT,WA,WEARI,CROPS,0.16,20876.371,4,4,20876.367,0.0,0.0,0.0,0.004,130477.31875
1780051,IT,TW,WHOLE,WOODW,0.18,20875.62,3,3,20875.62,0.0,0.0,0.0,0.0,115975.666667
1689612,IT,IE,AIRTR,RECRE,0.02,20874.608,3,3,20874.608,0.0,0.0,0.0,0.0,1043730.4
1746674,IT,JP,FABRI,CROPS,0.08,20872.712,3,3,20872.712,0.0,0.0,0.0,0.0,260908.9
1795550,IT,WL,ALUM1,EDUCA,0.04,20872.415,4,4,20872.413,0.0,0.0,0.0,0.002,521810.375
1671033,IT,FI,RUBBE,WEARI,0.07,20872.209,4,4,20872.207,0.0,0.0,0.0,0.002,298174.414286
1667581,IT,ES,FABRI,PLAS2,0.08,20871.328,3,3,20871.328,0.0,0.0,0.0,0.0,260891.6
1648539,IT,BG,CRUDE,VEGE1,0.04,20870.366,4,4,20870.364,0.0,0.0,0.0,0.002,521759.15
1773052,IT,CH,ALUM1,ELEC4,0.04,20869.469,4,4,20869.467,0.0,0.0,0.0,0.002,521736.725
1649990,IT,BG,MACHI,CEREA,0.12,20868.932,4,4,20868.93,0.0,0.0,0.0,0.002,173907.766667
1645792,IT,BE,RUBBE,SEACO,0.07,20868.044,4,4,20868.042,0.0,0.0,0.0,0.002,298114.914286
1791743,IT,WA,RAILW,PFERT,0.14,20866.123,3,3,20866.123,0.0,0.0,0.0,0.0,149043.735714
1641859,IT,AT,BIOGA,RESEA,0.04,20865.554,4,4,20865.552,0.0,0.0,0.0,0.002,521638.85
1658309,IT,DE,COPP1,STEAM,0.05,20865.062,3,3,20865.062,0.0,0.0,0.0,0.0,417301.24
1718464,IT,PL,TEXTI,BEVER,0.12,20864.608,4,4,20864.605,0.0,0.0,0.0,0.003,173871.733333
1673642,IT,FR,WOODW,PLAS1,0.06,20864.418,3,3,20864.418,0.0,0.0,0.0,0.0,347740.3
1709410,IT,LT,BEVER,FINAN,0.09,20864.29,3,3,20864.29,0.0,0.0,0.0,0.0,231825.444444
1751341,IT,CN,LANDT,SALEM,0.13,20861.562,3,3,20861.562,0.0,0.0,0.0,0.0,160473.553846
1783355,IT,NO,PLAS1,WOODW,0.07,20861.429,3,3,20861.429,0.0,0.0,0.0,0.0,298020.414286
1805833,IT,WF,ALUM1,RAWMI,0.04,20861.274,4,4,20861.272,0.0,0.0,0.0,0.002,521531.85
1802532,IT,WE,POSTT,BUSIN,0.34,20861.088,4,4,20861.086,0.0,0.0,0.0,0.002,61356.141176
1733011,IT,SI,LEAD1,BIOG1,0.04,20859.387,4,4,20859.385,0.0,0.0,0.0,0.002,521484.675
1796303,IT,WL,CONST,93197,0.12,20858.869,3,3,20858.869,0.0,0.0,0.0,0.0,173823.908333
1679556,IT,GR,RUBBE,MOTOR,0.07,20858.074,4,4,20858.072,0.0,0.0,0.0,0.002,297972.485714
1719083,IT,PL,PARAF,BUSIN,0.03,20858.046,4,4,20858.044,0.0,0.0,0.0,0.002,695268.2
1676308,IT,FR,RETAI,RAWMI,0.16,20857.556,3,3,20857.556,0.0,0.0,0.0,0.0,130359.725
1687715,IT,HU,SUPPO,DAIRY,0.15,20856.915,3,3,20856.915,0.0,0.0,0.0,0.0,139046.1
1715612,IT,NL,LIQUE,RESEA,0.04,20855.438,4,4,20855.436,0.0,0.0,0.0,0.002,521385.95
1744917,IT,US,BUSIN,NONME,0.21,20854.991,3,3,20854.991,0.0,0.0,0.0,0.0,99309.480952
1795156,IT,WL,RUBBE,TRAN1,0.07,20854.99,4,4,20854.988,0.0,0.0,0.0,0.002,297928.428571
1725725,IT,RO,PAPER,WASTE,0.08,20853.903,4,4,20853.901,0.0,0.0,0.0,0.002,260673.7875
1682371,IT,HR,WOODW,PUBLI,0.06,20852.561,3,3,20852.561,0.0,0.0,0.0,0.0,347542.683333
1677061,IT,FR,SUPPO,GLASS,0.15,20851.478,3,3,20851.478,0.0,0.0,0.0,0.0,139009.853333
1682457,IT,HR,PAPER,SEACO,0.08,20850.686,4,4,20850.684,0.0,0.0,0.0,0.002,260633.575
1644366,IT,BE,CHEMI,RADIO,0.05,20848.977,5,5,20847.975,0.0,0.0,1.0,0.002,416979.54
1646492,IT,BE,MACHI,DIST1,0.12,20848.914,4,4,20848.912,0.0,0.0,0.0,0.002,173740.95
1668110,IT,ES,CONST,DISTR,0.12,20848.401,3,3,20848.401,0.0,0.0,0.0,0.0,173736.675
1796930,IT,WL,AIRTR,PRECI,0.02,20848.24,3,3,20848.24,0.0,0.0,0.0,0.0,1042412.0
1813957,IT,WM,SEACO,FORES,0.02,20848.044,3,3,20848.044,0.0,0.0,0.0,0.0,1042402.2
1786683,IT,ZA,WHOLE,REALE,0.18,20847.713,3,3,20847.713,0.0,0.0,0.0,0.0,115820.627778
1653948,IT,CZ,MACHI,FISHF,0.12,20847.705,4,4,20847.703,0.0,0.0,0.0,0.002,173730.875
1779284,IT,TR,FINAN,POSTT,0.27,20847.342,3,3,20847.342,0.0,0.0,0.0,0.0,77212.377778
1784152,IT,ID,PAPER,WEARI,0.08,20847.252,4,4,20847.25,0.0,0.0,0.0,0.002,260590.65
1713516,IT,MT,GLASS,STONE,0.06,20845.997,3,3,20845.997,0.0,0.0,0.0,0.0,347433.283333
1812145,IT,WM,CEMEN,PAPER,0.03,20844.746,3,3,20844.746,0.0,0.0,0.0,0.0,694824.866667
1671893,IT,FI,HOTEL,AUXIL,0.15,20844.57,4,4,20844.568,0.0,0.0,0.0,0.002,138963.8
1667730,IT,ES,MACHI,PLAS2,0.12,20844.463,4,4,20844.461,0.0,0.0,0.0,0.002,173703.858333
1652163,IT,CZ,VEGE1,VEGE1,0.06,20843.445,4,4,20843.44,0.0,0.0,0.0,0.005,347390.75
1655136,IT,CZ,BUSIN,PRINT,0.21,20842.979,3,3,20842.979,0.0,0.0,0.0,0.0,99252.280952
1682729,IT,HR,GASDI,ELEC6,0.03,20842.261,4,4,20842.259,0.0,0.0,0.0,0.002,694742.033333
1793337,IT,WA,PRIVA,COMPU,4.65,20841.764,4,4,20841.761,0.0,0.0,0.0,0.003,4482.099785
1812327,IT,WM,BASIC,NONSP,0.02,20841.213,3,3,20841.213,0.0,0.0,0.0,0.0,1042060.65
1680788,IT,GR,HOTEL,REALE,0.15,20840.606,4,4,20840.604,0.0,0.0,0.0,0.002,138937.373333
1792042,IT,WA,AIRTR,PROCE,0.02,20838.958,3,3,20838.958,0.0,0.0,0.0,0.0,1041947.9
1677619,IT,FR,REALE,SALEM,0.88,20838.84,3,3,20838.84,0.0,0.0,0.0,0.0,23680.5
1784539,IT,ID,FABRI,RENTI,0.08,20835.817,3,3,20835.817,0.0,0.0,0.0,0.0,260447.7125
1794081,IT,WL,PAPER,KEROS,0.08,20835.501,4,4,20835.499,0.0,0.0,0.0,0.002,260443.7625
1643565,IT,AT,SEACO,ELEC2,0.02,20833.41,3,3,20833.41,0.0,0.0,0.0,0.0,1041670.5
1676078,IT,FR,ELEC7,RAILW,0.01,20833.148,3,3,20833.148,0.0,0.0,0.0,0.0,2083314.8
1792758,IT,WA,BUSIN,TRANS,0.21,20832.926,3,3,20832.926,0.0,0.0,0.0,0.0,99204.409524
1672637,IT,FR,CRUDE,REFIN,0.04,20832.526,4,4,20832.524,0.0,0.0,0.0,0.002,520813.15
1802828,IT,WE,HEALT,CROPS,0.11,20832.496,3,3,20832.496,0.0,0.0,0.0,0.0,189386.327273
1729454,IT,SE,PREC1,MACHI,0.04,20832.038,3,3,20832.038,0.0,0.0,0.0,0.0,520800.95
1655778,IT,DE,MEAT1,PUBLI,0.1,20829.238,4,4,20829.235,0.0,0.0,0.0,0.003,208292.38
1723288,IT,PT,GLASS,HEALT,0.06,20827.539,3,3,20827.539,0.0,0.0,0.0,0.0,347125.65
1718912,IT,PL,PRINT,PLAST,0.2,20826.957,4,4,20826.955,0.0,0.0,0.0,0.002,104134.785
1787923,IT,WA,BEVER,SUPPO,0.09,20825.818,3,3,20825.818,0.0,0.0,0.0,0.0,231397.977778
1732560,IT,SI,RUBBE,SUPPO,0.07,20825.779,4,4,20825.777,0.0,0.0,0.0,0.002,297511.128571
1764428,IT,MX,FURNI,NONFE,0.07,20825.624,4,4,20825.622,0.0,0.0,0.0,0.002,297508.914286
1798955,IT,WE,FISH5,RECRE,0.09,20822.115,4,4,20822.104,0.0,0.0,0.0,0.011,231356.833333
1734309,IT,SI,BUSIN,FABRI,0.21,20821.869,3,3,20821.869,0.0,0.0,0.0,0.0,99151.757143
1688559,IT,IE,PRINT,FOOD5,0.2,20821.789,4,4,20821.787,0.0,0.0,0.0,0.002,104108.945
1713577,IT,MT,CEMEN,RESEA,0.03,20821.387,3,3,20821.387,0.0,0.0,0.0,0.0,694046.233333
1806881,IT,WF,HOTEL,PRINT,0.15,20819.756,4,4,20819.754,0.0,0.0,0.0,0.002,138798.373333
1714522,IT,NL,CRUDE,WHITE,0.04,20818.944,4,4,20818.942,0.0,0.0,0.0,0.002,520473.6
1756141,IT,KR,MACHI,FISHF,0.12,20816.67,4,4,20816.668,0.0,0.0,0.0,0.002,173472.25
1740340,IT,GB,PUBLI,PUBLI,0.34,20814.713,3,3,20814.713,0.0,0.0,0.0,0.0,61219.744118
1790446,IT,WA,LEAD1,INERT,0.04,20813.354,4,4,20813.352,0.0,0.0,0.0,0.002,520333.85
1793513,IT,WL,CHEMI,RETA1,0.05,20813.268,5,5,20812.266,0.0,0.0,1.0,0.002,416265.36
1713480,IT,MT,RUBBE,MEATC,0.07,20812.074,4,4,20812.072,0.0,0.0,0.0,0.002,297315.342857
1806487,IT,WF,TRANS,TRAN1,0.12,20811.858,3,3,20811.858,0.0,0.0,0.0,0.0,173432.15
1684017,IT,HR,HOTEL,CEREA,0.15,20811.369,4,4,20811.367,0.0,0.0,0.0,0.002,138742.46
1764035,IT,MX,COPP1,FURNI,0.05,20810.839,3,3,20810.839,0.0,0.0,0.0,0.0,416216.78
1683141,IT,HR,RUBBE,FOOD4,0.07,20810.696,4,4,20810.694,0.0,0.0,0.0,0.002,297295.657143
1680779,IT,GR,HOTEL,FOOD5,0.15,20810.455,4,4,20810.453,0.0,0.0,0.0,0.002,138736.366667
1664112,IT,EE,RUBBE,MEATP,0.07,20810.393,4,4,20810.391,0.0,0.0,0.0,0.002,297291.328571
1718000,IT,PL,CHEMI,STONE,0.05,20810.166,5,5,20809.164,0.0,0.0,1.0,0.002,416203.32
1785800,IT,ZA,CHEM1,VEGE1,0.04,20809.892,4,4,20809.89,0.0,0.0,0.0,0.002,520247.3
1728437,IT,SE,WEARI,REALE,0.16,20809.239,4,4,20809.235,0.0,0.0,0.0,0.004,130057.74375
1802340,IT,WE,SEACO,FISHF,0.02,20808.976,3,3,20808.976,0.0,0.0,0.0,0.0,1040448.8
1728049,IT,SE,MEATC,BEVER,0.07,20808.378,3,3,20808.378,0.0,0.0,0.0,0.0,297262.542857
1647755,IT,BE,INSUR,RENTI,0.43,20807.792,3,3,20807.792,0.0,0.0,0.0,0.0,48390.213953
1776451,IT,TR,MOTOR,WEARI,0.03,20807.624,4,4,20807.622,0.0,0.0,0.0,0.002,693587.466667
1715643,IT,NL,NAPHT,LIQUI,0.04,20807.154,3,3,20807.154,0.0,0.0,0.0,0.0,520178.85
1644194,IT,BE,CEREA,WHOLE,0.03,20806.266,3,3,20806.266,0.0,0.0,0.0,0.0,693542.2
1776212,IT,TR,WOODW,NONME,0.06,20806.211,3,3,20806.211,0.0,0.0,0.0,0.0,346770.183333
1809806,IT,WM,FOOD5,FABRI,0.1,20805.513,4,4,20805.511,0.0,0.0,0.0,0.002,208055.13
1674852,IT,FR,NONME,RUBBE,0.04,20803.655,4,4,20803.653,0.0,0.0,0.0,0.002,520091.375
1751712,IT,CN,INSUR,TRANS,0.43,20802.479,3,3,20802.479,0.0,0.0,0.0,0.0,48377.85814
1795490,IT,WL,ALUM1,MEATC,0.04,20799.539,4,4,20799.537,0.0,0.0,0.0,0.002,519988.475
1686333,IT,HU,NONME,COPP1,0.04,20799.523,4,4,20799.521,0.0,0.0,0.0,0.002,519988.075
1660030,IT,DE,AIRTR,VEGET,0.02,20798.884,3,3,20798.884,0.0,0.0,0.0,0.0,1039944.2
1724821,IT,PT,COMPU,BUSIN,0.24,20797.526,3,3,20797.526,0.0,0.0,0.0,0.0,86656.358333
1663456,IT,DK,REALE,WHOLE,0.88,20796.907,3,3,20796.907,0.0,0.0,0.0,0.0,23632.848864
1803678,IT,WF,BEVER,FOOD5,0.09,20794.941,3,3,20794.941,0.0,0.0,0.0,0.0,231054.9
1662228,IT,DK,GLASS,ELECT,0.06,20794.911,3,3,20794.911,0.0,0.0,0.0,0.0,346581.85
1811131,IT,WM,NAPHT,SUGA1,0.04,20794.333,3,3,20794.333,0.0,0.0,0.0,0.0,519858.325
1795208,IT,WL,GLASS,BIODI,0.06,20793.983,3,3,20793.983,0.0,0.0,0.0,0.0,346566.383333
1757701,IT,BR,HEAVY,SUPPO,0.03,20793.907,4,4,20793.905,0.0,0.0,0.0,0.002,693130.233333
1766476,IT,RU,ALUM1,TOBAC,0.04,20792.948,4,4,20792.946,0.0,0.0,0.0,0.002,519823.7
1786666,IT,ZA,WHOLE,FABRI,0.18,20792.799,3,3,20792.799,0.0,0.0,0.0,0.0,115515.55
1734339,IT,SI,BUSIN,REALE,0.21,20789.782,3,3,20789.782,0.0,0.0,0.0,0.0,98998.961905
1775386,IT,CH,PUBLI,OFFIC,0.34,20788.444,3,3,20788.444,0.0,0.0,0.0,0.0,61142.482353
1722177,IT,PL,BUSIN,INERT,0.21,20786.301,3,3,20786.301,0.0,0.0,0.0,0.0,98982.385714
1757891,IT,BR,CHEM1,BRICK,0.04,20785.429,4,4,20785.427,0.0,0.0,0.0,0.002,519635.725
1712473,IT,LV,COPP1,FORES,0.05,20783.943,3,3,20783.943,0.0,0.0,0.0,0.0,415678.86
1783086,IT,NO,INSUR,HOTEL,0.43,20783.327,3,3,20783.327,0.0,0.0,0.0,0.0,48333.318605
1737162,IT,GB,VEGE1,COMPU,0.06,20780.223,4,4,20780.218,0.0,0.0,0.0,0.005,346337.05
1812051,IT,WM,CERAM,WOODW,0.03,20780.107,3,3,20780.107,0.0,0.0,0.0,0.0,692670.233333
1799793,IT,WE,KERO1,SUPPO,0.03,20779.659,4,4,20779.657,0.0,0.0,0.0,0.002,692655.3
1646547,IT,BE,OFFIC,BASIC,0.06,20779.401,3,3,20779.401,0.0,0.0,0.0,0.0,346323.35
1649446,IT,BG,CHEM1,DISTR,0.04,20778.489,4,4,20778.487,0.0,0.0,0.0,0.002,519462.225
1646459,IT,BE,MACHI,REFI1,0.12,20776.783,4,4,20776.781,0.0,0.0,0.0,0.002,173139.858333
1652710,IT,CZ,PAPER,KEROS,0.08,20775.944,4,4,20775.942,0.0,0.0,0.0,0.002,259699.3
1812113,IT,WM,BRICK,VEGET,0.03,20775.467,3,3,20775.467,0.0,0.0,0.0,0.0,692515.566667
1745429,IT,JP,DAIRY,ELEC1,0.08,20774.839,3,3,20774.839,0.0,0.0,0.0,0.0,259685.4875
1746578,IT,JP,PREC1,TEXTI,0.04,20773.657,3,3,20773.657,0.0,0.0,0.0,0.0,519341.425
1641035,IT,AT,PULP5,AUXIL,0.06,20773.135,4,4,20773.133,0.0,0.0,0.0,0.002,346218.916667
1734929,IT,SK,MOTOR,MOTO1,0.03,20772.749,4,4,20772.747,0.0,0.0,0.0,0.002,692424.966667
1765233,IT,RU,MEATA,NATUR,0.11,20772.107,4,4,20772.104,0.0,0.0,0.0,0.003,188837.336364
1735524,IT,SK,ALUM1,IRONO,0.04,20771.922,4,4,20771.92,0.0,0.0,0.0,0.002,519298.05
1794020,IT,WL,WOODW,RECRE,0.06,20771.832,3,3,20771.832,0.0,0.0,0.0,0.0,346197.2
1716836,IT,NL,HOTEL,TOBAC,0.15,20771.687,4,4,20771.685,0.0,0.0,0.0,0.002,138477.913333
1781470,IT,NO,BEVER,ELEC4,0.09,20771.429,3,3,20771.429,0.0,0.0,0.0,0.0,230793.655556
1783699,IT,NO,FOOD4,FISHF,0.15,20770.329,3,3,20770.329,0.0,0.0,0.0,0.0,138468.86
1754414,IT,CA,RENTI,DIST1,0.12,20770.281,3,3,20770.281,0.0,0.0,0.0,0.0,173085.675
1671466,IT,FI,FABRI,INERT,0.08,20768.186,3,3,20768.186,0.0,0.0,0.0,0.0,259602.325
1738239,IT,GB,CEMEN,OFFIC,0.03,20767.49,3,3,20767.49,0.0,0.0,0.0,0.0,692249.666667
1754419,IT,CA,RENTI,TRAN2,0.12,20767.336,3,3,20767.336,0.0,0.0,0.0,0.0,173061.133333
1721259,IT,PL,LANDT,COPP1,0.13,20767.283,3,3,20767.283,0.0,0.0,0.0,0.0,159748.330769
1763873,IT,MX,NONME,ELEC2,0.04,20766.489,4,4,20766.487,0.0,0.0,0.0,0.002,519162.225
1725979,IT,RO,CHEM1,WHITE,0.04,20766.118,4,4,20766.116,0.0,0.0,0.0,0.002,519152.95
1797232,IT,WL,FINAN,SALEM,0.27,20765.28,3,3,20765.28,0.0,0.0,0.0,0.0,76908.444444
1734577,IT,SK,BEVER,DAIRY,0.09,20765.146,3,3,20765.146,0.0,0.0,0.0,0.0,230723.844444
1732319,IT,SI,NAPHT,MACHI,0.04,20765.104,3,3,20765.104,0.0,0.0,0.0,0.0,519127.6
1793906,IT,WL,WEARI,CONST,0.16,20764.812,4,4,20764.808,0.0,0.0,0.0,0.004,129780.075
1746155,IT,JP,PLAST,KEROS,0.04,20763.724,4,4,20763.722,0.0,0.0,0.0,0.002,519093.1
1729245,IT,SE,CERAM,FOODW,0.03,20762.777,3,3,20762.777,0.0,0.0,0.0,0.0,692092.566667
1731723,IT,SI,PULP5,PLAST,0.06,20762.498,4,4,20762.496,0.0,0.0,0.0,0.002,346041.633333
1722461,IT,PT,DAIRY,BEVER,0.08,20762.402,3,3,20762.402,0.0,0.0,0.0,0.0,259530.025
1774088,IT,CH,WHOLE,PULP5,0.18,20761.017,3,3,20761.017,0.0,0.0,0.0,0.0,115338.983333
1780101,IT,TW,HOTEL,OILSE,0.15,20760.713,4,4,20760.711,0.0,0.0,0.0,0.002,138404.753333
1718037,IT,PL,CHEMI,RESEA,0.05,20760.514,5,5,20759.512,0.0,0.0,1.0,0.002,415210.28
1741775,IT,US,NONSP,CONST,0.03,20760.396,3,3,20760.396,0.0,0.0,0.0,0.0,692013.2
1677751,IT,FR,COMPU,BEVER,0.24,20759.793,3,3,20759.793,0.0,0.0,0.0,0.0,86499.1375
1784805,IT,ID,HOTEL,MOTO1,0.15,20759.57,4,4,20759.568,0.0,0.0,0.0,0.002,138397.133333
1669436,IT,ES,INSUR,AIRTR,0.43,20759.461,3,3,20759.461,0.0,0.0,0.0,0.0,48277.816279
1804825,IT,WF,NAPHT,RETAI,0.04,20759.368,3,3,20759.368,0.0,0.0,0.0,0.0,518984.2
1688285,IT,IE,FORES,DAIRY,0.18,20759.15,4,4,20751.15,0.0,8.0,0.0,0.0,115328.611111
1656432,IT,DE,PULP5,TEXTI,0.06,20758.763,4,4,20758.761,0.0,0.0,0.0,0.002,345979.383333
1794191,IT,WL,PRINT,CEMEN,0.2,20758.25,4,4,20758.248,0.0,0.0,0.0,0.002,103791.25
1731674,IT,SI,WOODW,ALUM1,0.06,20755.734,3,3,20755.734,0.0,0.0,0.0,0.0,345928.9
1799047,IT,WE,TEXTI,ELECT,0.12,20755.599,4,4,20755.596,0.0,0.0,0.0,0.003,172963.325
1804331,IT,WF,MOTOR,ELEC6,0.03,20754.886,4,4,20754.884,0.0,0.0,0.0,0.002,691829.533333
1647483,IT,BE,SUPPO,FISH5,0.15,20753.105,3,3,20753.105,0.0,0.0,0.0,0.0,138354.033333
1730262,IT,SE,SEACO,CHEM1,0.02,20752.625,3,3,20752.625,0.0,0.0,0.0,0.0,1037631.25
1733880,IT,SI,SEACO,SECO9,0.02,20750.25,3,3,20750.25,0.0,0.0,0.0,0.0,1037512.5
1659662,IT,DE,HOTEL,PAPE1,0.15,20749.981,4,4,20749.979,0.0,0.0,0.0,0.002,138333.206667
1782879,IT,NO,SEACO,PRINT,0.02,20749.305,3,3,20749.305,0.0,0.0,0.0,0.0,1037465.25
1666050,IT,ES,KEROS,MEMBE,0.03,20749.194,4,4,20749.192,0.0,0.0,0.0,0.002,691639.8
1748438,IT,CN,STONE,PIGS9,0.07,20748.73,4,4,20747.73,0.0,0.0,1.0,0.0,296410.428571
1662065,IT,DK,CHEM1,PLAST,0.04,20748.425,4,4,20748.423,0.0,0.0,0.0,0.002,518710.625
1780094,IT,TW,WHOLE,RECRE,0.18,20746.533,3,3,20746.533,0.0,0.0,0.0,0.0,115258.516667
1733954,IT,SI,SUPPO,FURNI,0.15,20744.165,3,3,20744.165,0.0,0.0,0.0,0.0,138294.433333
1731135,IT,SI,NATUR,FABRI,0.03,20742.904,3,3,20742.904,0.0,0.0,0.0,0.0,691430.133333
1717103,IT,NL,TRAN2,DIST1,0.03,20742.038,3,3,20742.038,0.0,0.0,0.0,0.0,691401.266667
1677360,IT,FR,INSUR,RAWMI,0.43,20741.498,3,3,20741.498,0.0,0.0,0.0,0.0,48236.04186
1682760,IT,HR,GASDI,INERT,0.03,20740.693,4,4,20740.691,0.0,0.0,0.0,0.002,691356.433333
1718097,IT,PL,MEAT4,FINAN,0.11,20740.297,3,3,20740.297,0.0,0.0,0.0,0.0,188548.154545
1759000,IT,BR,LANDT,MACHI,0.13,20739.954,3,3,20739.954,0.0,0.0,0.0,0.0,159538.107692
1673748,IT,FR,PAPER,TRAN1,0.08,20738.562,4,4,20738.56,0.0,0.0,0.0,0.002,259232.025
1671282,IT,FI,PREC1,RUBBE,0.04,20738.501,3,3,20738.501,0.0,0.0,0.0,0.0,518462.525
1765497,IT,RU,WEARI,TRANS,0.16,20738.443,4,4,20738.439,0.0,0.0,0.0,0.004,129615.26875
1646027,IT,BE,NONME,FURNI,0.04,20738.194,4,4,20738.192,0.0,0.0,0.0,0.002,518454.85
1738946,IT,GB,FURNI,WASTE,0.07,20738.065,4,4,20738.063,0.0,0.0,0.0,0.002,296258.071429
1664769,IT,ES,PADDY,PAPE2,0.21,20736.558,3,3,20736.558,0.0,0.0,0.0,0.0,98745.514286
1801789,IT,WE,ELEC4,RETA1,0.33,20736.402,3,3,20736.402,0.0,0.0,0.0,0.0,62837.581818
1682776,IT,HR,HEAVY,SANDC,0.03,20735.844,4,4,20735.842,0.0,0.0,0.0,0.002,691194.8
1663974,IT,EE,PAPER,MOTO1,0.08,20734.088,4,4,20734.086,0.0,0.0,0.0,0.002,259176.1
1732397,IT,SI,PLAST,NONF1,0.04,20733.273,4,4,20733.271,0.0,0.0,0.0,0.002,518331.825
1716883,IT,NL,HOTEL,DIST1,0.15,20732.504,4,4,20732.502,0.0,0.0,0.0,0.002,138216.693333
1780890,IT,TW,RESEA,NONSP,0.11,20731.829,3,3,20731.829,0.0,0.0,0.0,0.0,188471.172727
1799116,IT,WE,WEARI,SUGA1,0.16,20731.786,4,4,20731.782,0.0,0.0,0.0,0.004,129573.6625
1779689,IT,TR,RESEA,RETA1,0.11,20730.222,3,3,20730.222,0.0,0.0,0.0,0.0,188456.563636
1793985,IT,WL,WOODW,BIODI,0.06,20730.131,3,3,20730.131,0.0,0.0,0.0,0.0,345502.183333
1767414,IT,RU,LANDT,ALUM1,0.13,20729.415,3,3,20729.415,0.0,0.0,0.0,0.0,159457.038462
1788555,IT,WA,PAPER,NFERT,0.08,20729.158,4,4,20729.156,0.0,0.0,0.0,0.002,259114.475
1641635,IT,AT,BITU1,SUPPO,0.03,20728.064,4,4,20728.062,0.0,0.0,0.0,0.002,690935.466667
1798567,IT,WE,CHEMI,WHOLE,0.05,20727.783,5,5,20726.781,0.0,0.0,1.0,0.002,414555.66
1733378,IT,SI,TRANS,FOOD2,0.12,20727.146,3,3,20727.146,0.0,0.0,0.0,0.0,172726.216667
1681008,IT,GR,AIRTR,BITU1,0.02,20726.532,3,3,20726.532,0.0,0.0,0.0,0.0,1036326.6
1656598,IT,DE,PRINT,NONME,0.2,20726.101,4,4,20726.099,0.0,0.0,0.0,0.002,103630.505
1786966,IT,ZA,POSTT,PUBLI,0.34,20725.835,4,4,20725.833,0.0,0.0,0.0,0.002,60958.338235
1651416,IT,CY,KEROS,RETAI,0.03,20725.802,4,4,20725.8,0.0,0.0,0.0,0.002,690860.066667
1714855,IT,NL,FOOD5,RESEA,0.1,20725.645,4,4,20725.643,0.0,0.0,0.0,0.002,207256.45
1793880,IT,WL,TEXTI,COMPU,0.12,20724.845,4,4,20724.842,0.0,0.0,0.0,0.003,172707.041667
1794685,IT,WL,NAPHT,NONME,0.04,20724.252,3,3,20724.252,0.0,0.0,0.0,0.0,518106.3
1715694,IT,NL,NONSP,BUSIN,0.03,20724.127,3,3,20724.127,0.0,0.0,0.0,0.0,690804.233333
1709585,IT,LT,PAPER,TEXTI,0.08,20723.694,4,4,20723.692,0.0,0.0,0.0,0.002,259046.175
1669279,IT,ES,FINAN,PULP5,0.27,20723.609,3,3,20723.609,0.0,0.0,0.0,0.0,76754.107407
1769363,IT,AU,CERAM,VEGET,0.03,20722.376,3,3,20722.376,0.0,0.0,0.0,0.0,690745.866667
1807967,IT,WF,PLAS1,FURNI,0.07,20721.225,3,3,20721.225,0.0,0.0,0.0,0.0,296017.5
1802334,IT,WE,SEACO,VEGET,0.02,20721.005,3,3,20721.005,0.0,0.0,0.0,0.0,1036050.25
1809709,IT,WM,PROCE,RESEA,0.14,20720.846,3,3,20720.846,0.0,0.0,0.0,0.0,148006.042857
1750612,IT,CN,OFFIC,COLLE,0.06,20720.501,3,3,20720.501,0.0,0.0,0.0,0.0,345341.683333
1780812,IT,TW,COMPU,KEROS,0.24,20720.471,3,3,20720.471,0.0,0.0,0.0,0.0,86335.295833
1769071,IT,AU,PLAST,GASDI,0.04,20719.785,4,4,20719.783,0.0,0.0,0.0,0.002,517994.625
1758198,IT,BR,BASIC,FORES,0.02,20719.395,3,3,20719.395,0.0,0.0,0.0,0.0,1035969.75
1778905,IT,TR,SEACO,KEROS,0.02,20719.264,3,3,20719.264,0.0,0.0,0.0,0.0,1035963.2
1689193,IT,IE,RETAI,PAPER,0.16,20717.717,3,3,20717.717,0.0,0.0,0.0,0.0,129485.73125
1650174,IT,BG,MOTO1,SALEM,0.11,20717.505,3,3,20717.505,0.0,0.0,0.0,0.0,188340.954545
1649924,IT,BG,FABRI,NAPHT,0.08,20716.626,3,3,20716.626,0.0,0.0,0.0,0.0,258957.825
1781758,IT,NO,PAPER,EDUCA,0.08,20714.703,4,4,20714.701,0.0,0.0,0.0,0.002,258933.7875
1709540,IT,LT,WOODW,KEROS,0.06,20713.859,3,3,20713.859,0.0,0.0,0.0,0.0,345230.983333
1800965,IT,WE,ALUM1,LIQUE,0.04,20713.294,4,4,20713.292,0.0,0.0,0.0,0.002,517832.35
1651173,IT,BG,BUSIN,GASDI,0.21,20712.057,3,3,20712.057,0.0,0.0,0.0,0.0,98628.842857
1717933,IT,PL,STONE,BITUM,0.07,20711.343,4,4,20710.343,0.0,0.0,1.0,0.0,295876.328571
1754583,IT,KR,CROPS,RAWMI,0.16,20711.054,3,3,20711.054,0.0,0.0,0.0,0.0,129444.0875
1755948,IT,KR,PREC1,BIODI,0.04,20710.721,3,3,20710.721,0.0,0.0,0.0,0.0,517768.025
1681924,IT,HR,PROCE,HOTEL,0.14,20709.281,3,3,20709.281,0.0,0.0,0.0,0.0,147923.435714
1668993,IT,ES,AIRTR,FOOD1,0.02,20707.445,3,3,20707.445,0.0,0.0,0.0,0.0,1035372.25
1721553,IT,PL,SUPPO,INLAN,0.15,20704.425,3,3,20704.425,0.0,0.0,0.0,0.0,138029.5
1657286,IT,DE,CHEM1,FINAN,0.04,20703.87,4,4,20703.868,0.0,0.0,0.0,0.002,517596.75
1642685,IT,AT,FABRI,FOOD2,0.08,20701.698,3,3,20701.698,0.0,0.0,0.0,0.0,258771.225
1780774,IT,TW,RENTI,RADIO,0.12,20700.929,3,3,20700.929,0.0,0.0,0.0,0.0,172507.741667
1656850,IT,DE,HEAVY,BEVER,0.03,20700.579,4,4,20700.577,0.0,0.0,0.0,0.002,690019.3
1742302,IT,US,CEMEN,GASDI,0.03,20700.569,3,3,20700.569,0.0,0.0,0.0,0.0,690018.966667
1744605,IT,US,RENTI,NONF1,0.12,20699.918,3,3,20699.918,0.0,0.0,0.0,0.0,172499.316667
1768925,IT,AU,PAPER,VEGET,0.08,20699.557,4,4,20699.555,0.0,0.0,0.0,0.002,258744.4625
1752909,IT,CA,HEAVY,SEACO,0.03,20699.145,4,4,20699.143,0.0,0.0,0.0,0.002,689971.5
1788244,IT,WA,LEATH,DAIRY,0.15,20698.753,4,4,20698.749,0.0,0.0,0.0,0.004,137991.686667
1644839,IT,BE,TEXTI,RESEA,0.12,20698.384,4,4,20698.381,0.0,0.0,0.0,0.003,172486.533333
1730056,IT,SE,WHOLE,RESEA,0.18,20698.222,3,3,20698.222,0.0,0.0,0.0,0.0,114990.122222
1721156,IT,PL,RAILW,ELEC1,0.14,20698.065,3,3,20698.065,0.0,0.0,0.0,0.0,147843.321429
1801904,IT,WE,CONST,SUPPO,0.12,20694.767,3,3,20694.767,0.0,0.0,0.0,0.0,172456.391667
1767809,IT,RU,INSUR,BUSIN,0.43,20691.771,3,3,20691.771,0.0,0.0,0.0,0.0,48120.397674
1659242,IT,DE,SALEM,RUBBE,0.17,20691.51,3,3,20691.51,0.0,0.0,0.0,0.0,121714.764706
1651673,IT,CY,ALUM1,CONST,0.04,20690.263,4,4,20690.261,0.0,0.0,0.0,0.002,517256.575
1642381,IT,AT,BASIC,TEXT1,0.02,20688.831,3,3,20688.831,0.0,0.0,0.0,0.0,1034441.55
1780508,IT,TW,POSTT,ELEC2,0.34,20688.553,4,4,20688.551,0.0,0.0,0.0,0.002,60848.685294
1799815,IT,WE,GASDI,PEAT2,0.03,20688.444,4,4,20688.442,0.0,0.0,0.0,0.002,689614.8
1751038,IT,CN,WHOLE,MEDIC,0.18,20688.115,3,3,20688.115,0.0,0.0,0.0,0.0,114933.972222
1715461,IT,NL,KEROS,KERO1,0.03,20687.891,4,4,20687.889,0.0,0.0,0.0,0.002,689596.366667
1722832,IT,PT,PAPER,WASTE,0.08,20687.812,4,4,20687.81,0.0,0.0,0.0,0.002,258597.65
1784286,IT,ID,CHEM1,MEDIC,0.04,20686.409,4,4,20686.407,0.0,0.0,0.0,0.002,517160.225
1716150,IT,NL,PREC1,RESEA,0.04,20685.729,3,3,20685.729,0.0,0.0,0.0,0.0,517143.225
1720227,IT,PL,COPP1,WOOD2,0.05,20685.634,3,3,20685.634,0.0,0.0,0.0,0.0,413712.68
1667322,IT,ES,ALUM1,POSTT,0.04,20684.382,4,4,20684.38,0.0,0.0,0.0,0.002,517109.55
1684728,IT,HU,VEGET,FABRI,0.07,20684.207,3,3,20684.207,0.0,0.0,0.0,0.0,295488.671429
1745405,IT,JP,DAIRY,PIGS9,0.08,20683.78,3,3,20683.78,0.0,0.0,0.0,0.0,258547.25
1748660,IT,CN,DAIRY,RESEA,0.08,20683.607,3,3,20683.607,0.0,0.0,0.0,0.0,258545.0875
1772671,IT,CH,GLASS,FOOD2,0.06,20683.437,3,3,20683.437,0.0,0.0,0.0,0.0,344723.95
1749387,IT,CN,MOTOR,CRUDE,0.03,20683.355,4,4,20683.353,0.0,0.0,0.0,0.002,689445.166667
1715740,IT,NL,BIOGA,PLAST,0.04,20681.876,4,4,20681.874,0.0,0.0,0.0,0.002,517046.9
1797460,IT,WL,RESEA,COPP1,0.11,20681.592,3,3,20681.592,0.0,0.0,0.0,0.0,188014.472727
1737732,IT,GB,HEAVY,POULT,0.03,20681.46,4,4,20681.458,0.0,0.0,0.0,0.002,689382.0
1751670,IT,CN,INSUR,MEATA,0.43,20681.306,3,3,20681.306,0.0,0.0,0.0,0.0,48096.060465
1726519,IT,RO,MACHI,BIOG1,0.12,20681.15,4,4,20681.148,0.0,0.0,0.0,0.002,172342.916667
1763821,IT,MX,CERAM,EDUCA,0.03,20679.891,3,3,20679.891,0.0,0.0,0.0,0.0,689329.7
1814979,IT,WM,PRIVA,AUXIL,4.61,20679.791,4,4,20679.788,0.0,0.0,0.0,0.003,4485.854881
1717981,IT,PL,SANDC,ELEC5,0.05,20679.445,4,4,20674.445,0.0,0.0,5.0,0.0,413588.9
1790797,IT,WA,MACHI,NONSP,0.12,20678.643,4,4,20678.641,0.0,0.0,0.0,0.002,172322.025
1780716,IT,TW,REALE,OFFIC,0.87,20678.599,3,3,20678.599,0.0,0.0,0.0,0.0,23768.504598
1800104,IT,WE,NAPHT,REFI1,0.04,20677.943,3,3,20677.943,0.0,0.0,0.0,0.0,516948.575
1710938,IT,LU,RUBBE,DAIRY,0.07,20677.507,4,4,20677.505,0.0,0.0,0.0,0.002,295392.957143
1725854,IT,RO,GASDI,OFFIC,0.03,20677.186,4,4,20677.184,0.0,0.0,0.0,0.002,689239.533333
1785514,IT,ZA,MOTOR,DISTR,0.03,20676.955,4,4,20676.953,0.0,0.0,0.0,0.002,689231.833333
1794605,IT,WL,HEAVY,RAILW,0.03,20676.684,4,4,20676.682,0.0,0.0,0.0,0.002,689222.8
1718936,IT,PL,PRINT,FURNI,0.2,20676.598,4,4,20676.596,0.0,0.0,0.0,0.002,103382.99
1806973,IT,WF,LANDT,WEARI,0.13,20676.081,3,3,20676.081,0.0,0.0,0.0,0.0,159046.776923
1790036,IT,WA,NONME,POSTT,0.04,20675.323,4,4,20675.321,0.0,0.0,0.0,0.002,516883.075
1688755,IT,IE,ADDIT,WHOLE,0.05,20675.13,4,4,20675.128,0.0,0.0,0.0,0.002,413502.6
1727967,IT,SE,MEATA,GLASS,0.11,20674.887,4,4,20674.884,0.0,0.0,0.0,0.003,187953.518182
1775103,IT,CH,COMPU,PRINT,0.24,20674.822,3,3,20674.822,0.0,0.0,0.0,0.0,86145.091667
1720882,IT,PL,CONST,RETA1,0.12,20674.745,3,3,20674.745,0.0,0.0,0.0,0.0,172289.541667
1653820,IT,CZ,FABRI,PLANT,0.08,20674.391,3,3,20674.391,0.0,0.0,0.0,0.0,258429.8875
1714915,IT,NL,BEVER,ELEC5,0.09,20673.247,3,3,20673.247,0.0,0.0,0.0,0.0,229702.744444
1757100,IT,KR,BUSIN,PRIVA,0.21,20672.851,3,3,20672.851,0.0,0.0,0.0,0.0,98442.147619
1688538,IT,IE,PAPER,RETA1,0.08,20672.326,4,4,20672.324,0.0,0.0,0.0,0.002,258404.075
1722571,IT,PT,FISH5,MEATP,0.09,20671.911,4,4,20671.9,0.0,0.0,0.0,0.011,229687.9
1776447,IT,TR,MOTOR,MEAT1,0.03,20671.714,4,4,20671.712,0.0,0.0,0.0,0.002,689057.133333
1760078,IT,BR,OILHA,SUPPO,0.12,20671.551,3,3,20671.551,0.0,0.0,0.0,0.0,172262.925
1800391,IT,WE,CHEM1,HOTEL,0.04,20671.228,4,4,20671.226,0.0,0.0,0.0,0.002,516780.7
1751931,IT,CN,COMPU,TRAN1,0.24,20668.678,3,3,20668.678,0.0,0.0,0.0,0.0,86119.491667
1758934,IT,BR,RAILW,COKEO,0.14,20667.625,3,3,20667.625,0.0,0.0,0.0,0.0,147625.892857
1730313,IT,SE,AIRTR,POSTT,0.02,20667.538,3,3,20667.538,0.0,0.0,0.0,0.0,1033376.9
1748873,IT,CN,WEARI,MEATC,0.16,20666.845,4,4,20666.841,0.0,0.0,0.0,0.004,129167.78125
1812616,IT,WM,LEAD1,COMPU,0.04,20666.757,4,4,20666.755,0.0,0.0,0.0,0.002,516668.925
1743993,IT,US,AIRTR,NONSP,0.02,20666.014,3,3,20666.014,0.0,0.0,0.0,0.0,1033300.7
1791887,IT,WA,TRAN2,NATUR,0.03,20665.92,3,3,20665.92,0.0,0.0,0.0,0.0,688864.0
1664508,IT,EE,MOTO1,RESEA,0.11,20665.5,3,3,20665.5,0.0,0.0,0.0,0.0,187868.181818
1728088,IT,SE,MEAT4,BUSIN,0.11,20665.316,3,3,20665.316,0.0,0.0,0.0,0.0,187866.509091
1755865,IT,KR,NONME,CHEM1,0.04,20665.283,4,4,20665.281,0.0,0.0,0.0,0.002,516632.075
1806940,IT,WF,RAILW,PUBLI,0.14,20663.894,3,3,20663.894,0.0,0.0,0.0,0.0,147599.242857
1786122,IT,ZA,BASIC,WEARI,0.02,20663.518,3,3,20663.518,0.0,0.0,0.0,0.0,1033175.9
1670990,IT,FI,CHEM1,WOOD1,0.04,20663.496,4,4,20663.494,0.0,0.0,0.0,0.002,516587.4
1795549,IT,WL,ALUM1,PUBLI,0.04,20662.603,4,4,20662.601,0.0,0.0,0.0,0.002,516565.075
1732627,IT,SI,GLASS,FURNI,0.06,20662.588,3,3,20662.588,0.0,0.0,0.0,0.0,344376.466667
1710834,IT,LU,PAPER,RAILW,0.08,20661.571,4,4,20661.569,0.0,0.0,0.0,0.002,258269.6375
1734603,IT,SK,BEVER,PUBLI,0.09,20658.898,3,3,20658.898,0.0,0.0,0.0,0.0,229543.311111
1713469,IT,MT,CHEM1,AUXIL,0.04,20658.419,4,4,20658.417,0.0,0.0,0.0,0.002,516460.475
1681941,IT,HR,FOOD5,MEAT4,0.1,20658.293,4,4,20658.291,0.0,0.0,0.0,0.002,206582.93
1645679,IT,BE,CHEM1,PAPE2,0.04,20657.839,4,4,20657.837,0.0,0.0,0.0,0.002,516445.975
1765596,IT,RU,WOODW,DAIRY,0.06,20656.431,3,3,20656.431,0.0,0.0,0.0,0.0,344273.85
1802035,IT,WE,WHOLE,FURNI,0.18,20656.37,3,3,20656.37,0.0,0.0,0.0,0.0,114757.611111
1665013,IT,ES,CHEMI,MEDIC,0.05,20655.555,5,5,20654.553,0.0,0.0,1.0,0.002,413111.1
1661796,IT,DK,WOODW,TEXTI,0.06,20654.62,3,3,20654.62,0.0,0.0,0.0,0.0,344243.666667
1769523,IT,AU,ALUM1,TEXTI,0.04,20654.493,4,4,20654.491,0.0,0.0,0.0,0.002,516362.325
1746148,IT,JP,PLAST,WEARI,0.04,20654.225,4,4,20654.223,0.0,0.0,0.0,0.002,516355.625
1680125,IT,GR,OFFIC,FABRI,0.06,20654.062,3,3,20654.062,0.0,0.0,0.0,0.0,344234.366667
1685033,IT,HU,DAIRY,WOODW,0.08,20653.214,3,3,20653.214,0.0,0.0,0.0,0.0,258165.175
1802372,IT,WE,SEACO,FURNI,0.02,20653.181,3,3,20653.181,0.0,0.0,0.0,0.0,1032659.05
1750602,IT,CN,OFFIC,SECO9,0.06,20651.925,3,3,20651.925,0.0,0.0,0.0,0.0,344198.75
1790989,IT,WA,MOTO1,NONF1,0.11,20651.898,3,3,20651.898,0.0,0.0,0.0,0.0,187744.527273
1640177,IT,AT,VEGET,REALE,0.07,20651.888,3,3,20651.888,0.0,0.0,0.0,0.0,295026.971429
1721629,IT,PL,POSTT,LANDT,0.34,20651.532,4,4,20651.53,0.0,0.0,0.0,0.002,60739.8
1782035,IT,NO,RUBBE,PLAS1,0.07,20651.504,4,4,20651.502,0.0,0.0,0.0,0.002,295021.485714
1783907,IT,ID,VEGET,HOTEL,0.07,20650.206,3,3,20650.206,0.0,0.0,0.0,0.0,295002.942857
1785049,IT,ID,BUSIN,POSTT,0.21,20649.783,3,3,20649.783,0.0,0.0,0.0,0.0,98332.3
1784494,IT,ID,FABRI,LEATH,0.08,20647.401,3,3,20647.401,0.0,0.0,0.0,0.0,258092.5125
1744598,IT,US,RENTI,PULP5,0.12,20646.396,3,3,20646.396,0.0,0.0,0.0,0.0,172053.3
1805461,IT,WF,GLASS,NONF1,0.06,20646.192,3,3,20646.192,0.0,0.0,0.0,0.0,344103.2
1794003,IT,WL,WOODW,RETAI,0.06,20645.749,3,3,20645.749,0.0,0.0,0.0,0.0,344095.816667
1743352,IT,US,SALEM,NATUR,0.17,20645.658,3,3,20645.658,0.0,0.0,0.0,0.0,121445.047059
1662571,IT,DK,FABRI,BRICK,0.08,20644.127,3,3,20644.127,0.0,0.0,0.0,0.0,258051.5875
1737603,IT,GB,PAPER,NUCLE,0.08,20643.757,4,4,20643.755,0.0,0.0,0.0,0.002,258046.9625
1735402,IT,SK,BASIC,PRECI,0.02,20643.665,3,3,20643.665,0.0,0.0,0.0,0.0,1032183.25
1756265,IT,KR,OFFIC,MACHI,0.06,20642.813,3,3,20642.813,0.0,0.0,0.0,0.0,344046.883333
1743339,IT,US,SALEM,WHEAT,0.17,20642.677,3,3,20642.677,0.0,0.0,0.0,0.0,121427.511765
1749276,IT,CN,PAPER,DIST1,0.08,20641.7,4,4,20641.698,0.0,0.0,0.0,0.002,258021.25
1787604,IT,WA,MEAT1,CHEM1,0.1,20641.329,4,4,20641.326,0.0,0.0,0.0,0.003,206413.29
1743873,IT,US,SEACO,KERO1,0.02,20639.662,3,3,20639.662,0.0,0.0,0.0,0.0,1031983.1
1659886,IT,DE,LANDT,INTER,0.13,20639.395,3,3,20639.395,0.0,0.0,0.0,0.0,158764.576923
1670374,IT,FI,DAIRY,COMPU,0.08,20637.118,3,3,20637.118,0.0,0.0,0.0,0.0,257963.975
1798552,IT,WE,CHEMI,NATUR,0.05,20636.111,5,5,20635.109,0.0,0.0,1.0,0.002,412722.22
1644489,IT,BE,DAIRY,POULT,0.08,20635.792,3,3,20635.792,0.0,0.0,0.0,0.0,257947.4
1771589,IT,CH,TEXTI,INLAN,0.12,20635.613,4,4,20635.61,0.0,0.0,0.0,0.003,171963.441667
1669241,IT,ES,POSTT,INERT,0.34,20632.927,4,4,20632.925,0.0,0.0,0.0,0.002,60685.079412
1775416,IT,CH,PUBLI,HEALT,0.34,20632.286,3,3,20632.286,0.0,0.0,0.0,0.0,60683.194118
1759085,IT,BR,AIRTR,FISHF,0.02,20631.449,3,3,20631.449,0.0,0.0,0.0,0.0,1031572.45
1785220,IT,ZA,BEVER,RECRE,0.09,20629.872,3,3,20629.872,0.0,0.0,0.0,0.0,229220.8
1766415,IT,RU,BASIC,ELEC3,0.02,20628.719,3,3,20628.719,0.0,0.0,0.0,0.0,1031435.95
1650154,IT,BG,MOTO1,RUBBE,0.11,20628.27,3,3,20628.27,0.0,0.0,0.0,0.0,187529.727273
1717346,IT,NL,FINAN,ELEC5,0.27,20628.199,3,3,20628.199,0.0,0.0,0.0,0.0,76400.737037
1669719,IT,ES,BUSIN,PADDY,0.21,20628.053,3,3,20628.053,0.0,0.0,0.0,0.0,98228.82381
1649727,IT,BG,BASIC,STONE,0.02,20627.34,3,3,20627.34,0.0,0.0,0.0,0.0,1031367.0
1660503,IT,DE,INSUR,ELEC3,0.43,20627.086,3,3,20627.086,0.0,0.0,0.0,0.0,47969.967442
1658229,IT,DE,LEAD1,RETA1,0.04,20627.051,4,4,20627.049,0.0,0.0,0.0,0.002,515676.275
1711599,IT,LU,FINAN,RECRE,0.27,20626.889,3,3,20626.889,0.0,0.0,0.0,0.0,76395.885185
1651360,IT,CY,PAPER,COLLE,0.08,20623.927,4,4,20623.925,0.0,0.0,0.0,0.002,257799.0875
1664085,IT,EE,CHEM1,TRAN1,0.04,20623.634,4,4,20623.632,0.0,0.0,0.0,0.002,515590.85
1803445,IT,WF,MEAT1,NONFE,0.1,20621.335,4,4,20621.332,0.0,0.0,0.0,0.003,206213.35
1781579,IT,NO,WEARI,PAPER,0.16,20620.824,4,4,20620.82,0.0,0.0,0.0,0.004,128880.15
1761001,IT,IN,NONSP,KEROS,0.03,20620.609,3,3,20620.609,0.0,0.0,0.0,0.0,687353.633333
1798096,IT,WL,93197,HOTEL,0.14,20619.281,4,4,20619.279,0.0,0.0,0.0,0.002,147280.578571
1666176,IT,ES,GASDI,TEXT2,0.03,20619.241,4,4,20619.239,0.0,0.0,0.0,0.002,687308.033333
1649988,IT,BG,FABRI,93197,0.08,20618.229,3,3,20618.229,0.0,0.0,0.0,0.0,257727.8625
1715611,IT,NL,LIQUE,COMPU,0.04,20616.627,4,4,20616.625,0.0,0.0,0.0,0.002,515415.675
1645306,IT,BE,KEROS,SEACO,0.03,20616.153,4,4,20616.151,0.0,0.0,0.0,0.002,687205.1
1656994,IT,DE,LIQUE,INTER,0.04,20613.652,4,4,20613.65,0.0,0.0,0.0,0.002,515341.3
1736693,IT,SK,AUXIL,AUXIL,0.38,20612.617,3,3,20612.617,0.0,0.0,0.0,0.0,54243.728947
1680870,IT,GR,LANDT,AVIAT,0.13,20610.488,3,3,20610.488,0.0,0.0,0.0,0.0,158542.215385
1751795,IT,CN,AUXIL,CONST,0.38,20609.598,3,3,20609.598,0.0,0.0,0.0,0.0,54235.784211
1718779,IT,PL,PAPER,VEGE1,0.08,20608.906,4,4,20608.904,0.0,0.0,0.0,0.002,257611.325
1758142,IT,BR,NONME,OILSE,0.04,20608.747,4,4,20608.745,0.0,0.0,0.0,0.002,515218.675
1775223,IT,CH,RESEA,RESEA,0.11,20608.174,3,3,20608.174,0.0,0.0,0.0,0.0,187347.036364
1709860,IT,LT,GLASS,OFFIC,0.06,20606.96,3,3,20606.96,0.0,0.0,0.0,0.0,343449.333333
1758850,IT,BR,HOTEL,PAPER,0.15,20606.83,4,4,20606.828,0.0,0.0,0.0,0.002,137378.866667
1789149,IT,WA,PLAST,COKIN,0.04,20606.652,4,4,20606.65,0.0,0.0,0.0,0.002,515166.3
1784868,IT,ID,AIRTR,MOTOR,0.02,20605.888,3,3,20605.888,0.0,0.0,0.0,0.0,1030294.4
1783645,IT,NO,FOOD3,PLAS1,0.06,20605.508,3,3,20605.508,0.0,0.0,0.0,0.0,343425.133333
1777490,IT,TR,BASIC,BIODI,0.02,20604.92,3,3,20604.92,0.0,0.0,0.0,0.0,1030246.0
1676060,IT,FR,ELEC7,MOTOR,0.01,20604.415,3,3,20604.415,0.0,0.0,0.0,0.0,2060441.5
1769399,IT,AU,CERAM,LANDT,0.03,20599.011,3,3,20599.011,0.0,0.0,0.0,0.0,686633.7
1716031,IT,NL,NONME,CERAM,0.04,20598.694,4,4,20598.692,0.0,0.0,0.0,0.002,514967.35
1758094,IT,BR,GLASS,FABRI,0.06,20597.698,3,3,20597.698,0.0,0.0,0.0,0.0,343294.966667
1743473,IT,US,WHOLE,SECO9,0.18,20597.406,3,3,20597.406,0.0,0.0,0.0,0.0,114430.033333
1709691,IT,LT,PLAST,RAILW,0.04,20596.919,4,4,20596.917,0.0,0.0,0.0,0.002,514922.975
1723875,IT,PT,FURNI,FOOD5,0.07,20596.387,4,4,20596.385,0.0,0.0,0.0,0.002,294234.1
1764110,IT,MX,FABRI,NONME,0.08,20596.334,3,3,20596.334,0.0,0.0,0.0,0.0,257454.175
1788809,IT,WA,KEROS,LANDT,0.03,20596.013,4,4,20596.011,0.0,0.0,0.0,0.002,686533.766667
1747316,IT,JP,WHOLE,RENTI,0.18,20595.791,3,3,20595.791,0.0,0.0,0.0,0.0,114421.061111
1790251,IT,WA,PREC1,SALEM,0.03,20595.697,3,3,20595.697,0.0,0.0,0.0,0.0,686523.233333
1757396,IT,BR,WOODW,CROPS,0.06,20595.572,3,3,20595.572,0.0,0.0,0.0,0.0,343259.533333
1645528,IT,BE,PLAST,TRANS,0.04,20595.527,4,4,20595.525,0.0,0.0,0.0,0.002,514888.175
1798943,IT,WE,FISH5,SUPPO,0.09,20594.53,4,4,20594.519,0.0,0.0,0.0,0.011,228828.111111
1656396,IT,DE,WOODW,STEAM,0.06,20594.291,3,3,20594.291,0.0,0.0,0.0,0.0,343238.183333
1784482,IT,ID,FABRI,VEGET,0.08,20594.074,3,3,20594.074,0.0,0.0,0.0,0.0,257425.925
1800482,IT,WE,RUBBE,MEATC,0.07,20593.249,4,4,20593.247,0.0,0.0,0.0,0.002,294189.271429
1781858,IT,NO,PLAST,MEMBE,0.04,20590.617,4,4,20590.615,0.0,0.0,0.0,0.002,514765.425
1650176,IT,BG,MOTO1,WHOLE,0.11,20590.585,3,3,20590.585,0.0,0.0,0.0,0.0,187187.136364
1789547,IT,WA,ADDIT,EDUCA,0.05,20589.617,4,4,20589.615,0.0,0.0,0.0,0.002,411792.34
1772161,IT,CH,KERO1,COMPU,0.03,20589.251,4,4,20589.249,0.0,0.0,0.0,0.002,686308.366667
1811474,IT,WM,PLAST,COKE1,0.04,20588.563,4,4,20588.561,0.0,0.0,0.0,0.002,514714.075
1774410,IT,CH,RAILW,PLAST,0.14,20588.293,3,3,20588.293,0.0,0.0,0.0,0.0,147059.235714
1714103,IT,MT,SEACO,TRAN1,0.02,20585.631,3,3,20585.631,0.0,0.0,0.0,0.0,1029281.55
1640161,IT,AT,VEGET,VEGE1,0.07,20585.027,3,3,20585.027,0.0,0.0,0.0,0.0,294071.814286
1739070,IT,GB,RETAI,EDUCA,0.16,20584.607,3,3,20584.607,0.0,0.0,0.0,0.0,128653.79375
1756148,IT,KR,MACHI,NONFE,0.11,20582.89,4,4,20582.888,0.0,0.0,0.0,0.002,187117.181818
1748316,IT,JP,93197,HEALT,0.14,20581.765,4,4,20581.763,0.0,0.0,0.0,0.002,147012.607143
1656762,IT,DE,KEROS,BITU1,0.03,20581.62,4,4,20581.618,0.0,0.0,0.0,0.002,686054.0
1784432,IT,ID,BASIC,SUBBI,0.02,20581.302,3,3,20581.302,0.0,0.0,0.0,0.0,1029065.1
1669853,IT,ES,BUSIN,INERT,0.21,20581.116,3,3,20581.116,0.0,0.0,0.0,0.0,98005.314286
1669794,IT,ES,BUSIN,MEDIC,0.21,20580.231,3,3,20580.231,0.0,0.0,0.0,0.0,98001.1
1656816,IT,DE,GASDI,FURNI,0.03,20579.411,4,4,20579.409,0.0,0.0,0.0,0.002,685980.366667
1655130,IT,CZ,BUSIN,TEXTI,0.21,20578.503,3,3,20578.503,0.0,0.0,0.0,0.0,97992.871429
1763950,IT,MX,BASIC,BIOG1,0.02,20577.095,3,3,20577.095,0.0,0.0,0.0,0.0,1028854.75
1663414,IT,DK,INSUR,STEAM,0.42,20576.053,3,3,20576.053,0.0,0.0,0.0,0.0,48990.602381
1651851,IT,CY,SEACO,REALE,0.02,20573.94,3,3,20573.94,0.0,0.0,0.0,0.0,1028697.0
1681795,IT,HR,MEATC,WHOLE,0.07,20573.638,3,3,20573.638,0.0,0.0,0.0,0.0,293909.114286
1803303,IT,WF,FISHF,RETA1,0.04,20573.602,3,3,20573.602,0.0,0.0,0.0,0.0,514340.05
1715822,IT,NL,RUBBE,HEAVY,0.07,20573.311,4,4,20573.309,0.0,0.0,0.0,0.002,293904.442857
1669781,IT,ES,BUSIN,NONME,0.21,20573.226,3,3,20573.226,0.0,0.0,0.0,0.0,97967.742857
1765595,IT,RU,WOODW,MEATP,0.06,20572.337,3,3,20572.337,0.0,0.0,0.0,0.0,342872.283333
1666509,IT,ES,PLAST,ELEC5,0.04,20572.068,4,4,20572.066,0.0,0.0,0.0,0.002,514301.7
1681036,IT,GR,AIRTR,RAILW,0.02,20570.594,3,3,20570.594,0.0,0.0,0.0,0.0,1028529.7
1770920,IT,CH,WHEAT,CATTL,0.02,20570.351,3,3,20570.351,0.0,0.0,0.0,0.0,1028517.55
1687631,IT,HU,AIRTR,VEGE1,0.02,20569.989,3,3,20569.989,0.0,0.0,0.0,0.0,1028499.45
1679634,IT,GR,GLASS,WOODW,0.06,20568.74,3,3,20568.74,0.0,0.0,0.0,0.0,342812.333333
1779342,IT,TR,INSUR,ELE11,0.42,20568.14,3,3,20568.14,0.0,0.0,0.0,0.0,48971.761905
1738070,IT,GB,RUBBE,LEAD1,0.07,20567.826,4,4,20567.824,0.0,0.0,0.0,0.002,293826.085714
1790758,IT,WA,MACHI,LEADZ,0.11,20567.179,4,4,20567.177,0.0,0.0,0.0,0.002,186974.354545
1741893,IT,US,CHEM1,REFIN,0.04,20563.828,4,4,20563.826,0.0,0.0,0.0,0.002,514095.7
1661897,IT,DK,PRINT,FISH5,0.2,20563.749,4,4,20563.747,0.0,0.0,0.0,0.002,102818.745
1688391,IT,IE,FOOD5,WHOLE,0.1,20563.601,4,4,20563.599,0.0,0.0,0.0,0.002,205636.01
1664570,IT,EE,HOTEL,COPP1,0.15,20563.231,4,4,20563.229,0.0,0.0,0.0,0.002,137088.206667
1775524,IT,CH,FOOD3,CONST,0.06,20563.15,3,3,20563.15,0.0,0.0,0.0,0.0,342719.166667
1764080,IT,MX,FABRI,SUGA1,0.08,20562.592,3,3,20562.592,0.0,0.0,0.0,0.0,257032.4
1795813,IT,WL,MACHI,ELEC3,0.11,20561.508,4,4,20561.506,0.0,0.0,0.0,0.002,186922.8
1670356,IT,FI,VEGE1,BUSIN,0.06,20559.671,4,4,20559.667,0.0,0.0,0.0,0.004,342661.183333
1789876,IT,WA,CERAM,PAPE1,0.03,20559.626,3,3,20559.626,0.0,0.0,0.0,0.0,685320.866667
1649903,IT,BG,FABRI,MEAT4,0.08,20557.428,3,3,20557.428,0.0,0.0,0.0,0.0,256967.85
1785541,IT,ZA,KEROS,RUBBE,0.03,20557.247,4,4,20557.245,0.0,0.0,0.0,0.002,685241.566667
1752938,IT,CA,PLAST,PETRO,0.04,20556.391,4,4,20556.389,0.0,0.0,0.0,0.002,513909.775
1760176,IT,BR,FOOD4,GLASS,0.15,20554.723,3,3,20554.723,0.0,0.0,0.0,0.0,137031.486667
1682221,IT,HR,WEARI,AIRTR,0.15,20554.279,4,4,20554.275,0.0,0.0,0.0,0.004,137028.526667
1788530,IT,WA,PAPER,DAIRY,0.08,20554.231,4,4,20554.229,0.0,0.0,0.0,0.002,256927.8875
1741386,IT,US,PRINT,LANDT,0.2,20551.415,4,4,20551.413,0.0,0.0,0.0,0.002,102757.075
1764116,IT,MX,FABRI,NONF1,0.08,20549.342,3,3,20549.342,0.0,0.0,0.0,0.0,256866.775
1717887,IT,PL,OILSE,MEATA,0.01,20549.23,3,3,20549.23,0.0,0.0,0.0,0.0,2054923.0
1754366,IT,CA,INSUR,RENTI,0.42,20548.568,3,3,20548.568,0.0,0.0,0.0,0.0,48925.161905
1764435,IT,MX,FURNI,PRINT,0.07,20548.237,4,4,20548.235,0.0,0.0,0.0,0.002,293546.242857
1676140,IT,FR,CONST,WHEAT,0.11,20547.434,3,3,20547.434,0.0,0.0,0.0,0.0,186794.854545
1798710,IT,WE,DAIRY,ELEC3,0.08,20546.699,3,3,20546.699,0.0,0.0,0.0,0.0,256833.7375
1714693,IT,NL,VEGE1,CHEM1,0.06,20546.02,4,4,20546.016,0.0,0.0,0.0,0.004,342433.666667
1651587,IT,CY,GLASS,NONME,0.06,20545.115,3,3,20545.115,0.0,0.0,0.0,0.0,342418.583333
1756053,IT,KR,FABRI,LEATH,0.08,20543.953,3,3,20543.953,0.0,0.0,0.0,0.0,256799.4125
1728004,IT,SE,SANDC,ELECT,0.05,20543.471,4,4,20538.471,0.0,0.0,5.0,0.0,410869.42
1737599,IT,GB,PAPER,KEROS,0.08,20541.582,4,4,20541.58,0.0,0.0,0.0,0.002,256769.775
1791287,IT,WA,CONST,OFFIC,0.11,20540.963,3,3,20540.963,0.0,0.0,0.0,0.0,186736.027273
1642077,IT,AT,GLASS,CERAM,0.06,20540.378,3,3,20540.378,0.0,0.0,0.0,0.0,342339.633333
1665125,IT,ES,DAIRY,MEAT1,0.08,20536.498,3,3,20536.498,0.0,0.0,0.0,0.0,256706.225
1685693,IT,HU,NAPHT,NATUR,0.03,20535.844,3,3,20535.844,0.0,0.0,0.0,0.0,684528.133333
1649805,IT,BG,PREC1,OFFIC,0.03,20535.749,3,3,20535.749,0.0,0.0,0.0,0.0,684524.966667
1747949,IT,JP,RESEA,RUBBE,0.11,20535.365,3,3,20535.365,0.0,0.0,0.0,0.0,186685.136364
1774668,IT,CH,AIRTR,RAILW,0.02,20534.885,3,3,20534.885,0.0,0.0,0.0,0.0,1026744.25
1794825,IT,WL,PLAST,TRANS,0.04,20534.41,4,4,20534.408,0.0,0.0,0.0,0.002,513360.25
1777874,IT,TR,FABRI,MEMBE,0.08,20534.374,3,3,20534.374,0.0,0.0,0.0,0.0,256679.675
1709718,IT,LT,CHEM1,RUBBE,0.04,20533.86,4,4,20533.858,0.0,0.0,0.0,0.002,513346.5
1661584,IT,DK,BEVER,DISTR,0.09,20533.518,3,3,20533.518,0.0,0.0,0.0,0.0,228150.2
1812687,IT,WM,COPP1,CONST,0.05,20533.39,3,3,20533.39,0.0,0.0,0.0,0.0,410667.8
1767169,IT,RU,WHOLE,NFERT,0.18,20533.037,3,3,20533.037,0.0,0.0,0.0,0.0,114072.427778
1718017,IT,PL,CHEMI,GLASS,0.05,20532.495,5,5,20531.493,0.0,0.0,1.0,0.002,410649.9
1772298,IT,CH,PETRO,CEMEN,0.03,20531.62,4,4,20531.618,0.0,0.0,0.0,0.002,684387.333333
1640931,IT,AT,WOODW,CATTL,0.06,20531.105,3,3,20531.105,0.0,0.0,0.0,0.0,342185.083333
1751534,IT,CN,SUPPO,BUSIN,0.15,20531.098,3,3,20531.098,0.0,0.0,0.0,0.0,136873.986667
1681852,IT,HR,VEGE1,OFFIC,0.06,20530.95,4,4,20530.946,0.0,0.0,0.0,0.004,342182.5
1734311,IT,SI,BUSIN,OFFIC,0.21,20529.089,3,3,20529.089,0.0,0.0,0.0,0.0,97757.566667
1732516,IT,SI,RUBBE,PAPER,0.07,20528.669,4,4,20528.667,0.0,0.0,0.0,0.002,293266.7
1776790,IT,TR,NAPHT,MOTOR,0.03,20526.318,3,3,20526.318,0.0,0.0,0.0,0.0,684210.6
1814674,IT,WM,PLAS1,BASIC,0.07,20524.762,3,3,20524.762,0.0,0.0,0.0,0.0,293210.885714
1799701,IT,WE,MOTOR,SEACO,0.03,20524.743,4,4,20524.741,0.0,0.0,0.0,0.002,684158.1
1751238,IT,CN,HOTEL,DIST1,0.15,20524.633,4,4,20524.631,0.0,0.0,0.0,0.002,136830.886667
1793319,IT,WA,PRIVA,CONST,4.58,20522.846,4,4,20522.843,0.0,0.0,0.0,0.003,4480.970742
1676604,IT,FR,HOTEL,ELEC5,0.15,20521.772,4,4,20521.77,0.0,0.0,0.0,0.002,136811.813333
1668375,IT,ES,RETA1,PRECI,0.21,20521.635,3,3,20521.635,0.0,0.0,0.0,0.0,97722.071429
1648481,IT,BG,OILSE,MEATP,0.01,20521.422,3,3,20521.422,0.0,0.0,0.0,0.0,2052142.2
1657785,IT,DE,NONME,MOTOR,0.04,20521.324,4,4,20521.322,0.0,0.0,0.0,0.002,513033.1
1719632,IT,PL,CERAM,COMPU,0.03,20521.036,3,3,20521.036,0.0,0.0,0.0,0.0,684034.533333
1657734,IT,DE,CEMEN,ELEC8,0.03,20520.536,3,3,20520.536,0.0,0.0,0.0,0.0,684017.866667
1743171,IT,US,MOTO1,INTER,0.11,20518.159,3,3,20518.159,0.0,0.0,0.0,0.0,186528.718182
1687118,IT,HU,TRANS,FURNI,0.12,20517.122,3,3,20517.122,0.0,0.0,0.0,0.0,170976.016667
1662820,IT,DK,CONST,FURNI,0.11,20516.927,3,3,20516.927,0.0,0.0,0.0,0.0,186517.518182
1684058,IT,HR,HOTEL,COPP1,0.15,20516.173,4,4,20516.171,0.0,0.0,0.0,0.002,136774.486667
1650855,IT,BG,LANDT,ELEC5,0.13,20514.756,3,3,20514.756,0.0,0.0,0.0,0.0,157805.815385
1728433,IT,SE,WEARI,LANDT,0.15,20514.583,4,4,20514.579,0.0,0.0,0.0,0.004,136763.886667
1760943,IT,IN,HEAVY,COPP1,0.03,20514.376,4,4,20514.374,0.0,0.0,0.0,0.002,683812.533333
1711104,IT,LU,ALUM1,FOOD3,0.04,20514.009,4,4,20514.007,0.0,0.0,0.0,0.002,512850.225
1670512,IT,FI,BEVER,LANDT,0.09,20513.736,3,3,20513.736,0.0,0.0,0.0,0.0,227930.4
1751343,IT,CN,LANDT,RETA1,0.13,20512.284,3,3,20512.284,0.0,0.0,0.0,0.0,157786.8
1642491,IT,AT,LEAD1,MACHI,0.04,20509.149,4,4,20509.147,0.0,0.0,0.0,0.002,512728.725
1669694,IT,ES,COMPU,SALEM,0.23,20508.973,3,3,20508.973,0.0,0.0,0.0,0.0,89169.447826
1662377,IT,DK,BASIC,HOTEL,0.02,20508.656,3,3,20508.656,0.0,0.0,0.0,0.0,1025432.8
1734884,IT,SK,PAPER,RAILW,0.08,20505.684,4,4,20505.682,0.0,0.0,0.0,0.002,256321.05
1653644,IT,CZ,ALUM1,NONME,0.04,20505.364,4,4,20505.362,0.0,0.0,0.0,0.002,512634.1
1687529,IT,HU,LANDT,BIOGA,0.13,20505.128,3,3,20505.128,0.0,0.0,0.0,0.0,157731.753846
1740615,IT,US,CRUDE,BITUM,0.04,20504.78,4,4,20504.778,0.0,0.0,0.0,0.002,512619.5
1773296,IT,CH,MACHI,MEATC,0.11,20504.672,4,4,20504.67,0.0,0.0,0.0,0.002,186406.109091
1731853,IT,SI,PRINT,PULP5,0.2,20504.629,4,4,20504.627,0.0,0.0,0.0,0.002,102523.145
1726162,IT,RO,GLASS,CHEM1,0.06,20503.843,3,3,20503.843,0.0,0.0,0.0,0.0,341730.716667
1813157,IT,WM,MOTO1,COPP1,0.11,20502.973,3,3,20502.973,0.0,0.0,0.0,0.0,186390.663636
1657019,IT,DE,NAPHT,RUBBE,0.03,20501.356,3,3,20501.356,0.0,0.0,0.0,0.0,683378.533333
1730749,IT,SE,BUSIN,MEATP,0.21,20497.106,3,3,20497.106,0.0,0.0,0.0,0.0,97605.266667
1735002,IT,SK,PLAST,WOODW,0.04,20495.347,4,4,20495.345,0.0,0.0,0.0,0.002,512383.675
1728584,IT,SE,PAPER,STEAM,0.08,20494.964,4,4,20494.962,0.0,0.0,0.0,0.002,256187.05
1659191,IT,DE,CONST,HOTEL,0.11,20493.81,3,3,20493.81,0.0,0.0,0.0,0.0,186307.363636
1733430,IT,SI,ELEC7,NFERT,0.01,20493.748,3,3,20493.748,0.0,0.0,0.0,0.0,2049374.8
1814813,IT,WM,INERT,PUBLI,0.15,20493.095,3,3,20493.095,0.0,0.0,0.0,0.0,136620.633333
1676904,IT,FR,SEACO,FOUND,0.02,20492.756,3,3,20492.756,0.0,0.0,0.0,0.0,1024637.8
1789449,IT,WA,ADDIT,WHEAT,0.05,20492.428,4,4,20492.426,0.0,0.0,0.0,0.002,409848.56
1649290,IT,BG,NAPHT,PLAST,0.03,20492.168,3,3,20492.168,0.0,0.0,0.0,0.0,683072.266667
1814553,IT,WM,BUSIN,FOOD5,0.21,20490.992,3,3,20490.992,0.0,0.0,0.0,0.0,97576.152381
1814977,IT,WM,PRIVA,FINAN,4.57,20490.931,4,4,20490.928,0.0,0.0,0.0,0.003,4483.792341
1674258,IT,FR,BITU1,WHITE,0.03,20490.333,4,4,20490.331,0.0,0.0,0.0,0.002,683011.1
1788903,IT,WA,GASDI,RECRE,0.03,20490.291,4,4,20490.289,0.0,0.0,0.0,0.002,683009.7
1746639,IT,JP,COPP1,RUBBE,0.05,20489.209,3,3,20489.209,0.0,0.0,0.0,0.0,409784.18
1751440,IT,CN,AIRTR,LEATH,0.02,20488.62,3,3,20488.62,0.0,0.0,0.0,0.0,1024431.0
1796439,IT,WL,WHOLE,FINAN,0.18,20487.916,3,3,20487.916,0.0,0.0,0.0,0.0,113821.755556
1669075,IT,ES,SUPPO,TRAN1,0.15,20487.711,3,3,20487.711,0.0,0.0,0.0,0.0,136584.74
1723637,IT,PT,FABRI,EDUCA,0.08,20485.851,3,3,20485.851,0.0,0.0,0.0,0.0,256073.1375
1723403,IT,PT,BASIC,ELEC5,0.02,20485.781,3,3,20485.781,0.0,0.0,0.0,0.0,1024289.05
1772177,IT,CH,GASDI,BEVER,0.03,20485.293,4,4,20485.291,0.0,0.0,0.0,0.002,682843.1
1804901,IT,WF,BITU1,MOTO1,0.03,20485.29,4,4,20485.288,0.0,0.0,0.0,0.002,682843.0
1709995,IT,LT,ALUM1,WEARI,0.04,20484.963,4,4,20484.961,0.0,0.0,0.0,0.002,512124.075
1684771,IT,HU,CROPS,RAWMI,0.16,20484.779,3,3,20484.779,0.0,0.0,0.0,0.0,128029.86875
1796392,IT,WL,WHOLE,PLAST,0.18,20484.294,3,3,20484.294,0.0,0.0,0.0,0.0,113801.633333
1752335,IT,CA,MEAT4,CHEMI,0.11,20483.262,3,3,20483.262,0.0,0.0,0.0,0.0,186211.472727
1725593,IT,RO,WOODW,LEAD1,0.06,20481.612,3,3,20481.612,0.0,0.0,0.0,0.0,341360.2
1791385,IT,WA,RETAI,STONE,0.16,20480.986,3,3,20480.986,0.0,0.0,0.0,0.0,128006.1625
1716000,IT,NL,BRICK,WHOLE,0.03,20480.489,3,3,20480.489,0.0,0.0,0.0,0.0,682682.966667
1791139,IT,WA,TRANS,PUBLI,0.12,20480.308,3,3,20480.308,0.0,0.0,0.0,0.0,170669.233333
1738052,IT,GB,RUBBE,LIQUE,0.07,20480.207,4,4,20480.205,0.0,0.0,0.0,0.002,292574.385714
1804134,IT,WF,PAPER,NFERT,0.08,20480.024,4,4,20480.022,0.0,0.0,0.0,0.002,256000.3
1713227,IT,MT,WOODW,FINAN,0.06,20479.911,3,3,20479.911,0.0,0.0,0.0,0.0,341331.85
1795527,IT,WL,ALUM1,COPP1,0.04,20479.302,4,4,20479.3,0.0,0.0,0.0,0.002,511982.55
1721961,IT,PL,COMPU,MOTOR,0.23,20478.947,3,3,20478.947,0.0,0.0,0.0,0.0,89038.9
1710014,IT,LT,ALUM1,RETA1,0.04,20478.122,4,4,20478.12,0.0,0.0,0.0,0.002,511953.05
1768366,IT,AU,MEAT4,SALEM,0.11,20477.841,3,3,20477.841,0.0,0.0,0.0,0.0,186162.190909
1654821,IT,CZ,SUPPO,POSTT,0.15,20477.725,3,3,20477.725,0.0,0.0,0.0,0.0,136518.166667
1766851,IT,RU,MACHI,TEXT1,0.11,20475.982,4,4,20475.98,0.0,0.0,0.0,0.002,186145.290909
1723988,IT,PT,SALEM,PUBLI,0.17,20472.88,3,3,20472.88,0.0,0.0,0.0,0.0,120428.705882
1662039,IT,DK,CHEM1,SUGAR,0.04,20472.84,4,4,20472.838,0.0,0.0,0.0,0.002,511821.0
1782677,IT,NO,WHOLE,LIQUE,0.18,20472.51,3,3,20472.51,0.0,0.0,0.0,0.0,113736.166667
1743944,IT,US,INLAN,MACHI,0.03,20471.408,3,3,20471.408,0.0,0.0,0.0,0.0,682380.266667
1762024,IT,IN,WHOLE,ELEC5,0.18,20470.436,3,3,20470.436,0.0,0.0,0.0,0.0,113724.644444
1809185,IT,WM,MEATA,CHEM1,0.11,20468.69,4,4,20468.687,0.0,0.0,0.0,0.003,186079.0
1646815,IT,BE,SALEM,AUXIL,0.17,20467.903,3,3,20467.903,0.0,0.0,0.0,0.0,120399.429412
1655149,IT,CZ,BUSIN,GLASS,0.21,20467.126,3,3,20467.126,0.0,0.0,0.0,0.0,97462.504762
1729861,IT,SE,MOTO1,REALE,0.11,20466.956,3,3,20466.956,0.0,0.0,0.0,0.0,186063.236364
1798866,IT,WE,BEVER,MEAT4,0.09,20466.929,3,3,20466.929,0.0,0.0,0.0,0.0,227410.322222
1746547,IT,JP,NONME,ELEC8,0.04,20465.966,4,4,20465.964,0.0,0.0,0.0,0.002,511649.15
1744192,IT,US,POSTT,NATUR,0.34,20464.495,4,4,20464.493,0.0,0.0,0.0,0.002,60189.691176
1782418,IT,NO,MACHI,VEGET,0.11,20463.02,4,4,20463.018,0.0,0.0,0.0,0.002,186027.454545
1780269,IT,TW,LANDT,BASIC,0.13,20461.295,3,3,20461.295,0.0,0.0,0.0,0.0,157394.576923
1648943,IT,BG,WEARI,CONST,0.15,20461.223,4,4,20461.219,0.0,0.0,0.0,0.004,136408.153333
1649386,IT,BG,CHEM1,PRECI,0.04,20461.132,4,4,20461.13,0.0,0.0,0.0,0.002,511528.3
1658906,IT,DE,FURNI,CHEM1,0.07,20461.083,4,4,20461.081,0.0,0.0,0.0,0.002,292301.185714
1738477,IT,GB,COPP1,LEAD1,0.05,20458.134,3,3,20458.134,0.0,0.0,0.0,0.0,409162.68
1728757,IT,SE,GASDI,WHOLE,0.03,20456.338,4,4,20456.336,0.0,0.0,0.0,0.002,681877.933333
1786776,IT,ZA,HOTEL,TEXTI,0.15,20455.187,4,4,20455.185,0.0,0.0,0.0,0.002,136367.913333
1813245,IT,WM,TRANS,PAPER,0.12,20455.146,3,3,20455.146,0.0,0.0,0.0,0.0,170459.55
1745804,IT,JP,WEARI,OILHA,0.15,20454.634,4,4,20454.63,0.0,0.0,0.0,0.004,136364.226667
1682508,IT,HR,PRINT,COMPU,0.2,20453.661,4,4,20453.659,0.0,0.0,0.0,0.002,102268.305
1731142,IT,SI,NATUR,RETA1,0.03,20452.821,3,3,20452.821,0.0,0.0,0.0,0.0,681760.7
1760849,IT,IN,MOTOR,BUSIN,0.03,20452.589,4,4,20452.587,0.0,0.0,0.0,0.002,681752.966667
1673163,IT,FR,BEVER,BIODI,0.09,20449.828,3,3,20449.828,0.0,0.0,0.0,0.0,227220.311111
1800602,IT,WE,GLASS,CHEM1,0.06,20449.815,3,3,20449.815,0.0,0.0,0.0,0.0,340830.25
1736962,IT,GB,CROPS,CATTL,0.16,20447.986,3,3,20447.986,0.0,0.0,0.0,0.0,127799.9125
1667976,IT,ES,TRANS,RADIO,0.12,20447.33,3,3,20447.33,0.0,0.0,0.0,0.0,170394.416667
1719525,IT,PL,GLASS,CERAM,0.06,20445.92,3,3,20445.92,0.0,0.0,0.0,0.0,340765.333333
1728177,IT,SE,PROCE,PROCE,0.14,20444.267,3,3,20444.267,0.0,0.0,0.0,0.0,146030.478571
1761942,IT,IN,FURNI,MOTO1,0.07,20442.733,4,4,20442.731,0.0,0.0,0.0,0.002,292039.042857
1680906,IT,GR,LANDT,SALEM,0.13,20441.978,3,3,20441.978,0.0,0.0,0.0,0.0,157245.984615
1640382,IT,AT,MEAT1,NATUR,0.1,20441.737,4,4,20441.734,0.0,0.0,0.0,0.003,204417.37
1720459,IT,PL,MACHI,SECO9,0.11,20441.35,4,4,20441.348,0.0,0.0,0.0,0.002,185830.454545
1666570,IT,ES,CHEM1,WHITE,0.04,20441.327,4,4,20441.325,0.0,0.0,0.0,0.002,511033.175
1666062,IT,ES,KERO1,LANDT,0.03,20441.27,4,4,20441.268,0.0,0.0,0.0,0.002,681375.666667
1685707,IT,HU,NAPHT,WHOLE,0.03,20440.977,3,3,20440.977,0.0,0.0,0.0,0.0,681365.9
1713733,IT,MT,MACHI,AUXIL,0.11,20440.884,4,4,20440.882,0.0,0.0,0.0,0.002,185826.218182
1644342,IT,BE,SANDC,WHOLE,0.05,20439.607,4,4,20435.607,0.0,0.0,4.0,0.0,408792.14
1805567,IT,WF,CEMEN,IRONO,0.03,20439.128,3,3,20439.128,0.0,0.0,0.0,0.0,681304.266667
1763248,IT,MX,WOODW,RAILW,0.06,20438.073,3,3,20438.073,0.0,0.0,0.0,0.0,340634.55
1687742,IT,HU,SUPPO,MOTO1,0.15,20437.687,3,3,20437.687,0.0,0.0,0.0,0.0,136251.246667
1712445,IT,LV,BASIC,RETA1,0.02,20433.918,3,3,20433.918,0.0,0.0,0.0,0.0,1021695.9
1726492,IT,RO,FABRI,RESEA,0.08,20433.455,3,3,20433.455,0.0,0.0,0.0,0.0,255418.1875
1746618,IT,JP,ALUM1,LEAD1,0.04,20433.133,4,4,20433.131,0.0,0.0,0.0,0.002,510828.325
1760237,IT,BR,TEXT2,COALT,0.15,20432.325,3,3,20432.325,0.0,0.0,0.0,0.0,136215.5
1735177,IT,SK,RUBBE,CHEM1,0.07,20432.301,4,4,20432.299,0.0,0.0,0.0,0.002,291890.014286
1653461,IT,CZ,NONME,LANDT,0.04,20431.658,4,4,20431.656,0.0,0.0,0.0,0.002,510791.45
1661646,IT,DK,TEXTI,PAPER,0.12,20431.356,4,4,20431.353,0.0,0.0,0.0,0.003,170261.3
1673058,IT,FR,FOOD5,ADDIT,0.1,20429.844,4,4,20429.842,0.0,0.0,0.0,0.002,204298.44
1717045,IT,NL,LANDT,ELEC2,0.13,20428.649,3,3,20428.649,0.0,0.0,0.0,0.0,157143.453846
1655713,IT,DE,CHEMI,HEALT,0.05,20428.2,5,5,20427.198,0.0,0.0,1.0,0.002,408564.0
1657137,IT,DE,PLAST,FOUND,0.04,20428.088,4,4,20428.086,0.0,0.0,0.0,0.002,510702.2
1663738,IT,EE,PROCE,HOTEL,0.14,20427.341,3,3,20427.341,0.0,0.0,0.0,0.0,145909.578571
1714852,IT,NL,FOOD5,REALE,0.1,20425.384,4,4,20425.382,0.0,0.0,0.0,0.002,204253.84
1675371,IT,FR,MACHI,NAPHT,0.11,20422.85,4,4,20422.848,0.0,0.0,0.0,0.002,185662.272727
1754432,IT,CA,RENTI,MEMBE,0.12,20422.519,3,3,20422.519,0.0,0.0,0.0,0.0,170187.658333
1641571,IT,AT,HEAVY,FOODW,0.03,20422.49,4,4,20422.488,0.0,0.0,0.0,0.002,680749.666667
1683501,IT,HR,PREC1,FOOD4,0.03,20422.268,3,3,20422.268,0.0,0.0,0.0,0.0,680742.266667
1756287,IT,KR,MOTO1,WOODW,0.11,20421.446,3,3,20421.446,0.0,0.0,0.0,0.0,185649.509091
1794479,IT,WL,GASDI,BASIC,0.03,20419.0,4,4,20418.998,0.0,0.0,0.0,0.002,680633.333333
1728810,IT,SE,NONSP,KEROS,0.03,20418.313,3,3,20418.313,0.0,0.0,0.0,0.0,680610.433333
1799172,IT,WE,WEARI,RETAI,0.15,20417.562,4,4,20417.558,0.0,0.0,0.0,0.004,136117.08
1757075,IT,KR,BUSIN,WHOLE,0.21,20416.529,3,3,20416.529,0.0,0.0,0.0,0.0,97221.566667
1800659,IT,WE,CERAM,FABRI,0.03,20416.526,3,3,20416.526,0.0,0.0,0.0,0.0,680550.866667
1813565,IT,WM,WHOLE,CEMEN,0.18,20416.37,3,3,20416.37,0.0,0.0,0.0,0.0,113424.277778
1681559,IT,GR,BUSIN,DIST1,0.21,20415.827,3,3,20415.827,0.0,0.0,0.0,0.0,97218.22381
1781678,IT,NO,LEATH,EDUCA,0.15,20415.518,4,4,20415.514,0.0,0.0,0.0,0.004,136103.453333
1792556,IT,WA,RENTI,RUBBE,0.12,20415.477,3,3,20415.477,0.0,0.0,0.0,0.0,170128.975
1710087,IT,LT,FABRI,ELECT,0.08,20415.423,3,3,20415.423,0.0,0.0,0.0,0.0,255192.7875
1672003,IT,FI,LANDT,93197,0.13,20415.403,3,3,20415.403,0.0,0.0,0.0,0.0,157041.561538
1783011,IT,NO,POSTT,BUSIN,0.34,20414.877,4,4,20414.875,0.0,0.0,0.0,0.002,60043.755882
1689336,IT,IE,RETA1,NUCLE,0.21,20413.944,3,3,20413.944,0.0,0.0,0.0,0.0,97209.257143
1717526,IT,NL,RENTI,PLAST,0.12,20413.768,3,3,20413.768,0.0,0.0,0.0,0.0,170114.733333
1789660,IT,WA,RUBBE,LEAD1,0.07,20413.337,4,4,20413.335,0.0,0.0,0.0,0.002,291619.1
1770813,IT,AU,COMPU,REALE,0.23,20413.147,3,3,20413.147,0.0,0.0,0.0,0.0,88752.813043
1776870,IT,TR,NONSP,MOTOR,0.03,20410.752,3,3,20410.752,0.0,0.0,0.0,0.0,680358.4
1657354,IT,DE,BIODI,MOTO1,0.04,20410.193,4,4,20410.191,0.0,0.0,0.0,0.002,510254.825
1794942,IT,WL,CHEM1,PETRO,0.04,20409.969,4,4,20409.967,0.0,0.0,0.0,0.002,510249.225
1681082,IT,GR,SUPPO,PFERT,0.15,20409.22,3,3,20409.22,0.0,0.0,0.0,0.0,136061.466667
1796964,IT,WL,AIRTR,ADDIT,0.02,20406.906,3,3,20406.906,0.0,0.0,0.0,0.0,1020345.3
1744312,IT,US,FINAN,PREC1,0.27,20406.852,3,3,20406.852,0.0,0.0,0.0,0.0,75580.933333
1783383,IT,NO,PLAS1,BUSIN,0.07,20406.824,3,3,20406.824,0.0,0.0,0.0,0.0,291526.057143
1741028,IT,US,TEXTI,CEREA,0.12,20405.458,4,4,20405.455,0.0,0.0,0.0,0.003,170045.483333
1686365,IT,HU,BASIC,OILSE,0.02,20402.23,3,3,20402.23,0.0,0.0,0.0,0.0,1020111.5
1770414,IT,AU,TRAN2,BITUM,0.03,20401.632,3,3,20401.632,0.0,0.0,0.0,0.0,680054.4
1712089,IT,LV,BEVER,LANDT,0.09,20401.439,3,3,20401.439,0.0,0.0,0.0,0.0,226682.655556
1796588,IT,WL,HOTEL,VEGE1,0.15,20400.729,4,4,20400.727,0.0,0.0,0.0,0.002,136004.86
1765764,IT,RU,PRINT,REALE,0.2,20400.452,4,4,20400.45,0.0,0.0,0.0,0.002,102002.26
1799462,IT,WE,PAPER,ADDIT,0.08,20400.342,4,4,20400.34,0.0,0.0,0.0,0.002,255004.275
1737571,IT,GB,PAPER,VEGET,0.08,20399.753,4,4,20399.751,0.0,0.0,0.0,0.002,254996.9125
1757333,IT,BR,TEXTI,LEATH,0.12,20399.539,4,4,20399.536,0.0,0.0,0.0,0.003,169996.158333
1805578,IT,WF,CEMEN,WEARI,0.03,20395.531,3,3,20395.531,0.0,0.0,0.0,0.0,679851.033333
1769723,IT,AU,MACHI,ALUMI,0.11,20395.033,4,4,20395.031,0.0,0.0,0.0,0.002,185409.390909
1717651,IT,NL,BUSIN,GASDI,0.21,20394.639,3,3,20394.639,0.0,0.0,0.0,0.0,97117.328571
1735137,IT,SK,ADDIT,PLAST,0.05,20394.585,4,4,20394.583,0.0,0.0,0.0,0.002,407891.7
1646694,IT,BE,FURNI,SEACO,0.07,20393.913,4,4,20393.911,0.0,0.0,0.0,0.002,291341.614286
1753299,IT,CA,BASIC,PRECI,0.02,20393.03,3,3,20393.03,0.0,0.0,0.0,0.0,1019651.5
1792068,IT,WA,AIRTR,RUBBE,0.02,20392.604,3,3,20392.604,0.0,0.0,0.0,0.0,1019630.2
1688596,IT,IE,PRINT,EDUCA,0.2,20391.586,4,4,20391.584,0.0,0.0,0.0,0.002,101957.93
1730245,IT,SE,SEACO,STONE,0.02,20391.125,3,3,20391.125,0.0,0.0,0.0,0.0,1019556.25
1716709,IT,NL,WHOLE,RENTI,0.18,20390.914,3,3,20390.914,0.0,0.0,0.0,0.0,113282.855556
1811717,IT,WM,ADDIT,FISHF,0.05,20390.702,4,4,20390.7,0.0,0.0,0.0,0.002,407814.04
1743102,IT,US,MOTO1,KEROS,0.11,20390.648,3,3,20390.648,0.0,0.0,0.0,0.0,185369.527273
1765865,IT,RU,NONSP,HEAVY,0.03,20389.855,3,3,20389.855,0.0,0.0,0.0,0.0,679661.833333
1792193,IT,WA,SUPPO,INSUR,0.15,20389.646,3,3,20389.646,0.0,0.0,0.0,0.0,135930.973333
1745568,IT,JP,BEVER,COMPU,0.09,20389.617,3,3,20389.617,0.0,0.0,0.0,0.0,226551.3
1783890,IT,NO,WOOD2,PAPE1,0.11,20389.208,3,3,20389.208,0.0,0.0,0.0,0.0,185356.436364
1655526,IT,DE,NATUR,STEAM,0.03,20389.103,3,3,20389.103,0.0,0.0,0.0,0.0,679636.766667
1755509,IT,KR,CHEM1,MEAT4,0.04,20387.971,4,4,20387.969,0.0,0.0,0.0,0.002,509699.275
1678556,IT,GR,OILSE,WHOLE,0.01,20387.429,3,3,20387.429,0.0,0.0,0.0,0.0,2038742.9
1807706,IT,WF,BUSIN,MOTO1,0.21,20386.529,3,3,20386.529,0.0,0.0,0.0,0.0,97078.709524
1763406,IT,MX,MOTOR,MOTOR,0.03,20385.908,4,4,20385.906,0.0,0.0,0.0,0.002,679530.266667
1681242,IT,GR,FINAN,LUBRI,0.27,20385.54,3,3,20385.54,0.0,0.0,0.0,0.0,75502.0
1644509,IT,BE,DAIRY,FABRI,0.08,20385.309,3,3,20385.309,0.0,0.0,0.0,0.0,254816.3625
1723291,IT,PT,CERAM,CHEM1,0.03,20385.297,3,3,20385.297,0.0,0.0,0.0,0.0,679509.9
1714659,IT,NL,MEAT4,FISH5,0.11,20385.004,3,3,20385.004,0.0,0.0,0.0,0.0,185318.218182
1738930,IT,GB,FURNI,INSUR,0.07,20384.57,4,4,20384.568,0.0,0.0,0.0,0.002,291208.142857
1727984,IT,SE,FISHF,DIST1,0.04,20383.884,3,3,20383.884,0.0,0.0,0.0,0.0,509597.1
1668763,IT,ES,LANDT,TRAN1,0.13,20383.019,3,3,20383.019,0.0,0.0,0.0,0.0,156792.453846
1730438,IT,SE,POSTT,SECO9,0.34,20382.496,4,4,20382.494,0.0,0.0,0.0,0.002,59948.517647
1716163,IT,NL,ALUM1,CROPS,0.04,20382.162,4,4,20382.16,0.0,0.0,0.0,0.002,509554.05
1760448,IT,IN,BEVER,BEVER,0.09,20382.099,3,3,20382.099,0.0,0.0,0.0,0.0,226467.766667
1720063,IT,PL,ALUM1,TRAN2,0.04,20381.586,4,4,20381.584,0.0,0.0,0.0,0.002,509539.65
1764357,IT,MX,MOTO1,BEVER,0.11,20380.566,3,3,20380.566,0.0,0.0,0.0,0.0,185277.872727
1655661,IT,DE,CHEMI,HEAVY,0.05,20379.357,5,5,20378.355,0.0,0.0,1.0,0.002,407587.14
1742476,IT,US,BASIC,LIQUI,0.02,20378.137,3,3,20378.137,0.0,0.0,0.0,0.0,1018906.85
1804217,IT,WF,PRINT,LANDT,0.2,20377.899,4,4,20377.897,0.0,0.0,0.0,0.002,101889.495
1753346,IT,CA,BASIC,HEALT,0.02,20377.427,3,3,20377.427,0.0,0.0,0.0,0.0,1018871.35
1673984,IT,FR,KEROS,SALEM,0.03,20377.347,4,4,20377.345,0.0,0.0,0.0,0.002,679244.9
1672659,IT,FR,CRUDE,FABRI,0.04,20377.216,4,4,20377.214,0.0,0.0,0.0,0.002,509430.4
1805459,IT,WF,GLASS,ALUM1,0.06,20377.209,3,3,20377.209,0.0,0.0,0.0,0.0,339620.15
1677123,IT,FR,SUPPO,PAPE4,0.15,20377.03,3,3,20377.03,0.0,0.0,0.0,0.0,135846.866667
1776472,IT,TR,MOTOR,GLASS,0.03,20376.723,4,4,20376.721,0.0,0.0,0.0,0.002,679224.1
1650057,IT,BG,MACHI,TRANS,0.11,20375.946,4,4,20375.944,0.0,0.0,0.0,0.002,185235.872727
1789494,IT,WA,ADDIT,ETHAN,0.05,20375.245,4,4,20375.243,0.0,0.0,0.0,0.002,407504.9
1807158,IT,WF,AIRTR,NFERT,0.02,20374.666,3,3,20374.666,0.0,0.0,0.0,0.0,1018733.3
1757459,IT,BR,PAPER,LIQUI,0.08,20373.403,4,4,20373.401,0.0,0.0,0.0,0.002,254667.5375
1765810,IT,RU,GASDI,ANTHR,0.03,20373.223,4,4,20373.221,0.0,0.0,0.0,0.002,679107.433333
1682540,IT,HR,MOTOR,TOBAC,0.03,20372.625,4,4,20372.623,0.0,0.0,0.0,0.002,679087.5
1780198,IT,TW,RAILW,TEXTI,0.14,20372.158,3,3,20372.158,0.0,0.0,0.0,0.0,145515.414286
1806724,IT,WF,WHOLE,OFFIC,0.18,20371.009,3,3,20371.009,0.0,0.0,0.0,0.0,113172.272222
1788745,IT,WA,MOTOR,RETAI,0.03,20369.221,4,4,20369.219,0.0,0.0,0.0,0.002,678974.033333
1809477,IT,WM,MEATC,PFERT,0.07,20367.079,3,3,20367.079,0.0,0.0,0.0,0.0,290958.271429
1739267,IT,GB,HOTEL,FISH5,0.15,20366.13,4,4,20366.128,0.0,0.0,0.0,0.002,135774.2
1792195,IT,WA,SUPPO,REALE,0.15,20365.25,3,3,20365.25,0.0,0.0,0.0,0.0,135768.333333
1803459,IT,WF,MEAT4,IRONO,0.11,20364.972,3,3,20364.972,0.0,0.0,0.0,0.0,185136.109091
1804190,IT,WF,PRINT,CRUDE,0.2,20364.573,4,4,20364.571,0.0,0.0,0.0,0.002,101822.865
1781392,IT,NO,PROCE,BRICK,0.14,20364.468,3,3,20364.468,0.0,0.0,0.0,0.0,145460.485714
1776731,IT,TR,LIQUE,WOODW,0.04,20364.073,4,4,20364.071,0.0,0.0,0.0,0.002,509101.825
1795310,IT,WL,NONME,NONFE,0.04,20362.746,4,4,20362.744,0.0,0.0,0.0,0.002,509068.65
1731051,IT,SI,CEREA,RESEA,0.03,20362.445,3,3,20362.445,0.0,0.0,0.0,0.0,678748.166667
1743795,IT,US,LANDT,ELEC3,0.13,20362.399,3,3,20362.399,0.0,0.0,0.0,0.0,156633.838462
1681443,IT,GR,RENTI,EDUCA,0.12,20361.735,3,3,20361.735,0.0,0.0,0.0,0.0,169681.125
1739194,IT,GB,RETA1,MACHI,0.21,20360.963,3,3,20360.963,0.0,0.0,0.0,0.0,96956.966667
1757134,IT,BR,CROPS,WHOLE,0.16,20360.892,3,3,20360.892,0.0,0.0,0.0,0.0,127255.575
1740290,IT,GB,BUSIN,PAPE4,0.21,20360.27,3,3,20360.27,0.0,0.0,0.0,0.0,96953.666667
1731612,IT,SI,WEARI,REALE,0.15,20359.352,4,4,20359.348,0.0,0.0,0.0,0.004,135729.013333
1653742,IT,CZ,COPP1,GLASS,0.05,20358.907,3,3,20358.907,0.0,0.0,0.0,0.0,407178.14
1671998,IT,FI,LANDT,HEALT,0.13,20358.898,3,3,20358.898,0.0,0.0,0.0,0.0,156606.907692
1795780,IT,WL,MACHI,NONSP,0.11,20356.999,4,4,20356.997,0.0,0.0,0.0,0.002,185063.627273
1743290,IT,US,FURNI,DIST1,0.06,20356.544,4,4,20356.542,0.0,0.0,0.0,0.002,339275.733333
1733608,IT,SI,HOTEL,BEVER,0.15,20356.52,4,4,20356.518,0.0,0.0,0.0,0.002,135710.133333
1783877,IT,NO,WOOD2,NONF1,0.11,20354.621,3,3,20354.621,0.0,0.0,0.0,0.0,185042.009091
1759766,IT,BR,BUSIN,COPP1,0.21,20354.488,3,3,20354.488,0.0,0.0,0.0,0.0,96926.133333
1750196,IT,CN,ALUM1,DISTR,0.04,20354.408,4,4,20354.406,0.0,0.0,0.0,0.002,508860.2
1688961,IT,IE,MACHI,CROPS,0.11,20353.251,4,4,20353.249,0.0,0.0,0.0,0.002,185029.554545
1711992,IT,LV,VEGET,BUSIN,0.07,20351.677,3,3,20351.677,0.0,0.0,0.0,0.0,290738.242857
1652886,IT,CZ,MOTOR,WHOLE,0.03,20351.13,4,4,20351.128,0.0,0.0,0.0,0.002,678371.0
1680512,IT,GR,ELEC7,FOOD5,0.01,20350.585,3,3,20350.585,0.0,0.0,0.0,0.0,2035058.5
1785057,IT,ID,BUSIN,PUBLI,0.21,20347.204,3,3,20347.204,0.0,0.0,0.0,0.0,96891.447619
1684314,IT,HR,SUPPO,DAIRY,0.15,20346.415,3,3,20346.415,0.0,0.0,0.0,0.0,135642.766667
1647344,IT,BE,SEACO,REFI1,0.02,20346.261,3,3,20346.261,0.0,0.0,0.0,0.0,1017313.05
1784943,IT,ID,INSUR,MEATP,0.42,20344.383,3,3,20344.383,0.0,0.0,0.0,0.0,48439.007143
1670310,IT,FI,CHEMI,ELEC3,0.05,20344.226,5,5,20343.224,0.0,0.0,1.0,0.002,406884.52
1801053,IT,WE,COPP1,TOBAC,0.05,20343.989,3,3,20343.989,0.0,0.0,0.0,0.0,406879.78
1710683,IT,LU,PROCE,STONE,0.14,20343.542,3,3,20343.542,0.0,0.0,0.0,0.0,145311.014286
1664689,IT,EE,AIRTR,PLAST,0.02,20343.518,3,3,20343.518,0.0,0.0,0.0,0.0,1017175.9
1710887,IT,LU,MOTOR,LANDT,0.03,20342.683,4,4,20342.681,0.0,0.0,0.0,0.002,678089.433333
1746415,IT,JP,RUBBE,SEACO,0.07,20342.254,4,4,20342.252,0.0,0.0,0.0,0.002,290603.628571
1785355,IT,ZA,WOODW,NONME,0.06,20341.16,3,3,20341.16,0.0,0.0,0.0,0.0,339019.333333
1794216,IT,WL,PRINT,RETAI,0.2,20340.472,4,4,20340.47,0.0,0.0,0.0,0.002,101702.36
1803783,IT,WF,TEXTI,NONFE,0.12,20339.914,4,4,20339.911,0.0,0.0,0.0,0.003,169499.283333
1672537,IT,FR,CEREA,ANIMA,0.03,20339.451,3,3,20339.451,0.0,0.0,0.0,0.0,677981.7
1719767,IT,PL,BASIC,SANDC,0.02,20339.362,3,3,20339.362,0.0,0.0,0.0,0.0,1016968.1
1655633,IT,DE,SANDC,RECRE,0.05,20339.11,4,4,20335.11,0.0,0.0,4.0,0.0,406782.2
1672365,IT,FI,BUSIN,MOTOR,0.21,20339.066,3,3,20339.066,0.0,0.0,0.0,0.0,96852.695238
1786661,IT,ZA,WHOLE,ALUM1,0.18,20338.639,3,3,20338.639,0.0,0.0,0.0,0.0,112992.438889
1657017,IT,DE,NAPHT,BIOGA,0.03,20338.456,3,3,20338.456,0.0,0.0,0.0,0.0,677948.533333
1649027,IT,BG,WOODW,FABRI,0.06,20338.378,3,3,20338.378,0.0,0.0,0.0,0.0,338972.966667
1761318,IT,IN,GLASS,FOOD5,0.06,20337.524,3,3,20337.524,0.0,0.0,0.0,0.0,338958.733333
1766998,IT,RU,MOTO1,FOOD4,0.11,20335.795,3,3,20335.795,0.0,0.0,0.0,0.0,184870.863636
1656848,IT,DE,HEAVY,DAIRY,0.03,20335.583,4,4,20335.581,0.0,0.0,0.0,0.002,677852.766667
1807557,IT,WF,RENTI,93197,0.12,20334.169,3,3,20334.169,0.0,0.0,0.0,0.0,169451.408333
1762905,IT,MX,SANDC,GLASS,0.05,20333.48,4,4,20329.48,0.0,0.0,4.0,0.0,406669.6
1681870,IT,HR,VEGE1,RESEA,0.06,20333.313,4,4,20333.309,0.0,0.0,0.0,0.004,338888.55
1764471,IT,MX,FURNI,COMPU,0.06,20331.921,4,4,20331.919,0.0,0.0,0.0,0.002,338865.35
1644612,IT,BE,FOOD5,BIOGA,0.1,20331.329,4,4,20331.327,0.0,0.0,0.0,0.002,203313.29
1679669,IT,GR,GLASS,SUPPO,0.06,20331.092,3,3,20331.092,0.0,0.0,0.0,0.0,338851.533333
1648568,IT,BG,LEADZ,ELEC6,0.03,20330.886,3,3,20330.886,0.0,0.0,0.0,0.0,677696.2
1788870,IT,WA,GASDI,ALUM1,0.03,20329.905,4,4,20329.903,0.0,0.0,0.0,0.002,677663.5
1785690,IT,ZA,NAPHT,WEARI,0.03,20329.738,3,3,20329.738,0.0,0.0,0.0,0.0,677657.933333
1776750,IT,TR,LIQUE,FURNI,0.04,20329.294,4,4,20329.292,0.0,0.0,0.0,0.002,508232.35
1643614,IT,AT,AIRTR,CERAM,0.02,20329.259,3,3,20329.259,0.0,0.0,0.0,0.0,1016462.95
1768341,IT,AU,MEATP,HOTEL,0.08,20328.94,4,4,20328.938,0.0,0.0,0.0,0.002,254111.75
1759380,IT,BR,FINAN,PUBLI,0.26,20328.858,3,3,20328.858,0.0,0.0,0.0,0.0,78187.915385
1801906,IT,WE,CONST,FINAN,0.11,20328.782,3,3,20328.782,0.0,0.0,0.0,0.0,184807.109091
1752773,IT,CA,WOODW,TRANS,0.06,20328.464,3,3,20328.464,0.0,0.0,0.0,0.0,338807.733333
1808086,IT,WF,TEXT1,PUBLI,0.15,20328.32,3,3,20328.32,0.0,0.0,0.0,0.0,135522.133333
1801576,IT,WE,TRANS,CHEM1,0.12,20327.338,3,3,20327.338,0.0,0.0,0.0,0.0,169394.483333
1731607,IT,SI,WEARI,CONST,0.15,20326.84,4,4,20326.836,0.0,0.0,0.0,0.004,135512.266667
1723550,IT,PT,FABRI,PIGS9,0.08,20326.14,3,3,20326.14,0.0,0.0,0.0,0.0,254076.75
1715230,IT,NL,WOODW,EDUCA,0.06,20325.737,3,3,20325.737,0.0,0.0,0.0,0.0,338762.283333
1805326,IT,WF,RUBBE,BITUM,0.07,20324.842,4,4,20324.84,0.0,0.0,0.0,0.002,290354.885714
1770213,IT,AU,HOTEL,NATU1,0.15,20324.812,4,4,20324.81,0.0,0.0,0.0,0.002,135498.746667
1661573,IT,DK,BEVER,FABRI,0.09,20323.009,3,3,20323.009,0.0,0.0,0.0,0.0,225811.211111
1685650,IT,HU,KEROS,BUSIN,0.03,20322.046,4,4,20322.044,0.0,0.0,0.0,0.002,677401.533333
1786797,IT,ZA,HOTEL,BASIC,0.15,20322.022,4,4,20322.02,0.0,0.0,0.0,0.002,135480.146667
1725594,IT,RO,WOODW,COPP1,0.06,20320.162,3,3,20320.162,0.0,0.0,0.0,0.0,338669.366667
1729349,IT,SE,BASIC,CROPS,0.02,20318.517,3,3,20318.517,0.0,0.0,0.0,0.0,1015925.85
1766141,IT,RU,RUBBE,ELEC3,0.07,20318.338,4,4,20318.336,0.0,0.0,0.0,0.002,290261.971429
1722035,IT,PL,RESEA,RETA1,0.11,20315.496,3,3,20315.496,0.0,0.0,0.0,0.0,184686.327273
1798345,IT,WE,POULT,CROPS,0.05,20315.187,4,4,20315.185,0.0,0.0,0.0,0.002,406303.74
1732850,IT,SI,BASIC,STEAM,0.02,20313.484,3,3,20313.484,0.0,0.0,0.0,0.0,1015674.2
1677636,IT,FR,REALE,COMPU,0.86,20310.608,3,3,20310.608,0.0,0.0,0.0,0.0,23616.986047
1668023,IT,ES,FURNI,PLAST,0.06,20310.146,4,4,20310.144,0.0,0.0,0.0,0.002,338502.433333
1783300,IT,NO,FOODW,FOOD2,0.15,20309.555,3,3,20309.555,0.0,0.0,0.0,0.0,135397.033333
1686626,IT,HU,LEAD1,CEMEN,0.04,20309.463,4,4,20309.461,0.0,0.0,0.0,0.002,507736.575
1745967,IT,JP,WOODW,ELEC4,0.06,20308.999,3,3,20308.999,0.0,0.0,0.0,0.0,338483.316667
1731784,IT,SI,PAPER,PFERT,0.08,20307.155,4,4,20307.153,0.0,0.0,0.0,0.002,253839.4375
1813852,IT,WM,LANDT,DAIRY,0.13,20307.078,3,3,20307.078,0.0,0.0,0.0,0.0,156208.292308
1771039,IT,CH,FORES,GLASS,0.18,20306.602,4,4,20298.602,0.0,8.0,0.0,0.0,112814.455556
1669745,IT,ES,BUSIN,SUGA1,0.21,20305.461,3,3,20305.461,0.0,0.0,0.0,0.0,96692.671429
1782790,IT,NO,HOTEL,NONME,0.15,20305.01,4,4,20305.008,0.0,0.0,0.0,0.002,135366.733333
1677285,IT,FR,FINAN,CEMEN,0.26,20304.318,3,3,20304.318,0.0,0.0,0.0,0.0,78093.530769
1804105,IT,WF,PAPER,STONE,0.08,20303.757,4,4,20303.755,0.0,0.0,0.0,0.002,253796.9625
1670860,IT,FI,PLAST,WEARI,0.04,20303.079,4,4,20303.077,0.0,0.0,0.0,0.002,507576.975
1727502,IT,RO,AUXIL,DIST1,0.37,20301.925,3,3,20301.925,0.0,0.0,0.0,0.0,54870.067568
1674729,IT,FR,GLASS,WASTE,0.06,20300.71,3,3,20300.71,0.0,0.0,0.0,0.0,338345.166667
1812178,IT,WM,NONME,ANIMA,0.04,20300.136,4,4,20300.134,0.0,0.0,0.0,0.002,507503.4
1813819,IT,WM,RAILW,POSTT,0.14,20299.995,3,3,20299.995,0.0,0.0,0.0,0.0,144999.964286
1740371,IT,GB,EDUCA,HEALT,0.51,20295.663,3,3,20295.663,0.0,0.0,0.0,0.0,39795.417647
1741173,IT,US,LEATH,CONST,0.15,20295.104,4,4,20295.1,0.0,0.0,0.0,0.004,135300.693333
1812190,IT,WM,NONME,MEAT1,0.04,20294.97,4,4,20294.968,0.0,0.0,0.0,0.002,507374.25
1646364,IT,BE,FABRI,CERAM,0.08,20294.91,3,3,20294.91,0.0,0.0,0.0,0.0,253686.375
1782859,IT,NO,LANDT,EDUCA,0.13,20294.89,3,3,20294.89,0.0,0.0,0.0,0.0,156114.538462
1643258,IT,AT,HOTEL,STEAM,0.15,20294.752,4,4,20294.75,0.0,0.0,0.0,0.002,135298.346667
1754577,IT,KR,OILSE,FOOD5,0.01,20294.137,3,3,20294.137,0.0,0.0,0.0,0.0,2029413.7
1754936,IT,KR,TEXTI,LIQUE,0.12,20293.956,4,4,20293.953,0.0,0.0,0.0,0.003,169116.3
1735252,IT,SK,GLASS,MEATP,0.06,20293.377,3,3,20293.377,0.0,0.0,0.0,0.0,338222.95
1756094,IT,KR,FABRI,SECO9,0.08,20293.125,3,3,20293.125,0.0,0.0,0.0,0.0,253664.0625
1683692,IT,HR,FABRI,93197,0.08,20292.464,3,3,20292.464,0.0,0.0,0.0,0.0,253655.8
1779652,IT,TR,RESEA,PLAST,0.11,20291.71,3,3,20291.71,0.0,0.0,0.0,0.0,184470.090909
1686753,IT,HU,COPP1,PAPE4,0.05,20291.246,3,3,20291.246,0.0,0.0,0.0,0.0,405824.92
1715403,IT,NL,PRINT,MEMBE,0.19,20290.539,4,4,20290.537,0.0,0.0,0.0,0.002,106792.310526
1738173,IT,GB,GLASS,PUBLI,0.06,20290.494,3,3,20290.494,0.0,0.0,0.0,0.0,338174.9
1728300,IT,SE,BEVER,CONST,0.09,20289.407,3,3,20289.407,0.0,0.0,0.0,0.0,225437.855556
1647064,IT,BE,HOTEL,CHEMI,0.15,20289.387,4,4,20289.385,0.0,0.0,0.0,0.002,135262.58
1660904,IT,DE,BUSIN,POULT,0.21,20288.518,3,3,20288.518,0.0,0.0,0.0,0.0,96611.990476
1732972,IT,SI,ALUM1,SUPPO,0.04,20287.168,4,4,20287.166,0.0,0.0,0.0,0.002,507179.2
1679925,IT,GR,FABRI,SUGA1,0.08,20285.268,3,3,20285.268,0.0,0.0,0.0,0.0,253565.85
1795315,IT,WL,NONME,FOOD5,0.04,20284.584,4,4,20284.582,0.0,0.0,0.0,0.002,507114.6
1724359,IT,PT,SEACO,NONF1,0.02,20282.805,3,3,20282.805,0.0,0.0,0.0,0.0,1014140.25
1648957,IT,BG,WEARI,COMPU,0.15,20282.455,4,4,20282.451,0.0,0.0,0.0,0.004,135216.366667
1751956,IT,CN,COMPU,93197,0.23,20282.26,3,3,20282.26,0.0,0.0,0.0,0.0,88183.73913
1806475,IT,WF,TRANS,FABRI,0.12,20281.199,3,3,20281.199,0.0,0.0,0.0,0.0,169009.991667
1724612,IT,PT,FINAN,ELEC2,0.26,20280.845,3,3,20280.845,0.0,0.0,0.0,0.0,78003.25
1722749,IT,PT,PAPER,MEAT1,0.08,20280.711,4,4,20280.709,0.0,0.0,0.0,0.002,253508.8875
1745213,IT,JP,FORES,WOODW,0.18,20279.24,4,4,20271.24,0.0,8.0,0.0,0.0,112662.444444
1808804,IT,WF,WOOD2,HOTEL,0.11,20279.054,3,3,20279.054,0.0,0.0,0.0,0.0,184355.036364
1647815,IT,BE,AUXIL,MACHI,0.37,20277.991,3,3,20277.991,0.0,0.0,0.0,0.0,54805.381081
1677628,IT,FR,REALE,AIRTR,0.86,20277.752,3,3,20277.752,0.0,0.0,0.0,0.0,23578.781395
1810715,IT,WM,MOTOR,MACHI,0.03,20276.56,4,4,20276.558,0.0,0.0,0.0,0.002,675885.333333
1781743,IT,NO,PAPER,SALEM,0.08,20275.757,4,4,20275.755,0.0,0.0,0.0,0.002,253446.9625
1740225,IT,GB,BUSIN,NONME,0.21,20275.21,3,3,20275.21,0.0,0.0,0.0,0.0,96548.619048
1789771,IT,WA,GLASS,MACHI,0.06,20274.519,3,3,20274.519,0.0,0.0,0.0,0.0,337908.65
1655831,IT,DE,VEGE1,ELECT,0.06,20273.937,4,4,20273.933,0.0,0.0,0.0,0.004,337898.95
1736440,IT,SK,LANDT,RETAI,0.13,20273.919,3,3,20273.919,0.0,0.0,0.0,0.0,155953.223077
1674142,IT,FR,HEAVY,FOUND,0.03,20273.858,4,4,20273.856,0.0,0.0,0.0,0.002,675795.266667
1791215,IT,WA,FURNI,COPP1,0.06,20273.697,4,4,20273.695,0.0,0.0,0.0,0.002,337894.95
1672862,IT,FR,VEGE1,WEARI,0.06,20271.346,4,4,20271.342,0.0,0.0,0.0,0.004,337855.766667
1670676,IT,FI,LEATH,93197,0.15,20271.091,4,4,20271.087,0.0,0.0,0.0,0.004,135140.606667
1657632,IT,DE,CERAM,BEVER,0.03,20270.812,3,3,20270.812,0.0,0.0,0.0,0.0,675693.733333
1785882,IT,ZA,ADDIT,NONME,0.05,20270.398,4,4,20270.396,0.0,0.0,0.0,0.002,405407.96
1739781,IT,GB,POSTT,OFFIC,0.33,20269.863,4,4,20269.861,0.0,0.0,0.0,0.002,61423.827273
1644253,IT,BE,CROPS,BEVER,0.16,20269.244,3,3,20269.244,0.0,0.0,0.0,0.0,126682.775
1731079,IT,SI,VEGET,COMPU,0.07,20269.195,3,3,20269.195,0.0,0.0,0.0,0.0,289559.928571
1671946,IT,FI,LANDT,HEAVY,0.13,20268.079,3,3,20268.079,0.0,0.0,0.0,0.0,155908.3
1779111,IT,TR,SUPPO,HOTEL,0.15,20267.7,3,3,20267.7,0.0,0.0,0.0,0.0,135118.0
1780196,IT,TW,RAILW,FOOD5,0.14,20267.401,3,3,20267.401,0.0,0.0,0.0,0.0,144767.15
1722347,IT,PT,FORES,RESEA,0.18,20265.828,4,4,20257.828,0.0,8.0,0.0,0.0,112587.933333
1742817,IT,US,FABRI,INTER,0.08,20265.2,3,3,20265.2,0.0,0.0,0.0,0.0,253315.0
1748655,IT,CN,DAIRY,FINAN,0.08,20264.916,3,3,20264.916,0.0,0.0,0.0,0.0,253311.45
1752223,IT,CN,PUBLI,RECRE,0.33,20264.326,3,3,20264.326,0.0,0.0,0.0,0.0,61407.048485
1763973,IT,MX,PREC1,MOTO1,0.03,20262.286,3,3,20262.286,0.0,0.0,0.0,0.0,675409.533333
1750152,IT,CN,PREC1,DIST1,0.03,20261.672,3,3,20261.672,0.0,0.0,0.0,0.0,675389.066667
1796789,IT,WL,LANDT,COMPU,0.13,20261.345,3,3,20261.345,0.0,0.0,0.0,0.0,155856.5
1665562,IT,ES,LEATH,MACHI,0.15,20260.739,4,4,20260.735,0.0,0.0,0.0,0.004,135071.593333
1733002,IT,SI,LEAD1,FOUND,0.04,20260.537,4,4,20260.535,0.0,0.0,0.0,0.002,506513.425
1644678,IT,BE,BEVER,KEROS,0.09,20259.164,3,3,20259.164,0.0,0.0,0.0,0.0,225101.822222
1657750,IT,DE,CEMEN,93197,0.03,20258.479,3,3,20258.479,0.0,0.0,0.0,0.0,675282.633333
1668834,IT,ES,TRAN2,OFFIC,0.03,20257.922,3,3,20257.922,0.0,0.0,0.0,0.0,675264.066667
1757941,IT,BR,ADDIT,FOOD5,0.05,20256.553,4,4,20256.551,0.0,0.0,0.0,0.002,405131.06
1809077,IT,WM,CROPS,ANIMA,0.16,20256.35,3,3,20256.35,0.0,0.0,0.0,0.0,126602.1875
1719253,IT,PL,CHEM1,KEROS,0.04,20254.187,4,4,20254.185,0.0,0.0,0.0,0.002,506354.675
1771994,IT,CH,PAPER,OILHA,0.08,20253.812,4,4,20253.81,0.0,0.0,0.0,0.002,253172.65
1651853,IT,CY,AIRTR,PRINT,0.02,20253.617,3,3,20253.617,0.0,0.0,0.0,0.0,1012680.85
1726650,IT,RO,MOTO1,RECRE,0.11,20251.358,3,3,20251.358,0.0,0.0,0.0,0.0,184103.254545
1710842,IT,LU,PAPER,AUXIL,0.08,20251.196,4,4,20251.194,0.0,0.0,0.0,0.002,253139.95
1658787,IT,DE,MOTO1,GASDI,0.11,20249.585,3,3,20249.585,0.0,0.0,0.0,0.0,184087.136364
1686522,IT,HU,ALUM1,FORES,0.04,20248.917,4,4,20248.915,0.0,0.0,0.0,0.002,506222.925
1724381,IT,PT,SEACO,PUBLI,0.02,20247.893,3,3,20247.893,0.0,0.0,0.0,0.0,1012394.65
1799303,IT,WE,LEATH,MEMBE,0.15,20247.888,4,4,20247.884,0.0,0.0,0.0,0.004,134985.92
1710464,IT,LT,LANDT,FURNI,0.13,20247.822,3,3,20247.822,0.0,0.0,0.0,0.0,155752.476923
1789127,IT,WA,NONSP,LEAD1,0.03,20247.808,3,3,20247.808,0.0,0.0,0.0,0.0,674926.933333
1642547,IT,AT,COPP1,RENTI,0.05,20247.65,3,3,20247.65,0.0,0.0,0.0,0.0,404953.0
1669042,IT,ES,SUPPO,NUCLE,0.15,20246.381,3,3,20246.381,0.0,0.0,0.0,0.0,134975.873333
1675663,IT,FR,TRANS,BASIC,0.12,20246.203,3,3,20246.203,0.0,0.0,0.0,0.0,168718.358333
1749932,IT,CN,GLASS,RADIO,0.06,20245.129,3,3,20245.129,0.0,0.0,0.0,0.0,337418.816667
1749863,IT,CN,RUBBE,ELEC2,0.07,20244.752,4,4,20244.75,0.0,0.0,0.0,0.002,289210.742857
1649477,IT,BG,CHEM1,TEXT2,0.04,20244.172,4,4,20244.17,0.0,0.0,0.0,0.002,506104.3
1771426,IT,CH,FOOD5,REALE,0.1,20243.881,4,4,20243.879,0.0,0.0,0.0,0.002,202438.81
1719945,IT,PL,PREC1,STEAM,0.03,20243.326,3,3,20243.326,0.0,0.0,0.0,0.0,674777.533333
1757638,IT,BR,HEAVY,FISHF,0.03,20242.048,4,4,20242.046,0.0,0.0,0.0,0.002,674734.933333
1672624,IT,FR,CRUDE,VEGET,0.04,20241.976,4,4,20241.974,0.0,0.0,0.0,0.002,506049.4
1761830,IT,IN,MOTO1,BITUM,0.11,20241.717,3,3,20241.717,0.0,0.0,0.0,0.0,184015.609091
1734511,IT,SK,VEGE1,BIODI,0.06,20241.067,4,4,20241.063,0.0,0.0,0.0,0.004,337351.116667
1676977,IT,FR,AIRTR,COLLE,0.02,20239.059,3,3,20239.059,0.0,0.0,0.0,0.0,1011952.95
1742021,IT,US,ADDIT,COMPU,0.05,20238.646,4,4,20238.644,0.0,0.0,0.0,0.002,404772.92
1652554,IT,CZ,LEATH,RAWMI,0.14,20237.829,4,4,20237.825,0.0,0.0,0.0,0.004,144555.921429
1787020,IT,ZA,INSUR,CONST,0.42,20237.742,3,3,20237.742,0.0,0.0,0.0,0.0,48185.1
1685472,IT,HU,WOODW,93197,0.06,20237.476,3,3,20237.476,0.0,0.0,0.0,0.0,337291.266667
1682038,IT,HR,BEVER,BUSIN,0.09,20237.092,3,3,20237.092,0.0,0.0,0.0,0.0,224856.577778
1659954,IT,DE,SEACO,SANDC,0.02,20235.864,3,3,20235.864,0.0,0.0,0.0,0.0,1011793.2
1686318,IT,HU,NONME,PULP5,0.04,20235.336,4,4,20235.334,0.0,0.0,0.0,0.002,505883.4
1666315,IT,ES,LIQUE,CEMEN,0.04,20235.172,4,4,20235.17,0.0,0.0,0.0,0.002,505879.3
1810983,IT,WM,GASDI,TRANS,0.03,20235.035,4,4,20235.033,0.0,0.0,0.0,0.002,674501.166667
1680838,IT,GR,RAILW,PUBLI,0.14,20234.358,3,3,20234.358,0.0,0.0,0.0,0.0,144531.128571
1660734,IT,DE,RENTI,SEACO,0.12,20234.183,3,3,20234.183,0.0,0.0,0.0,0.0,168618.191667
1802348,IT,WE,SEACO,DAIRY,0.02,20233.066,3,3,20233.066,0.0,0.0,0.0,0.0,1011653.3
1812108,IT,WM,CERAM,FOOD4,0.03,20232.186,3,3,20232.186,0.0,0.0,0.0,0.0,674406.2
1710710,IT,LU,FOOD5,SUGA1,0.1,20231.16,4,4,20231.158,0.0,0.0,0.0,0.002,202311.6
1800903,IT,WE,PREC1,CHARC,0.03,20230.993,3,3,20230.993,0.0,0.0,0.0,0.0,674366.433333
1680003,IT,GR,MACHI,MEATC,0.11,20230.142,4,4,20230.14,0.0,0.0,0.0,0.002,183910.381818
1684095,IT,HR,HOTEL,RENTI,0.15,20229.87,4,4,20229.868,0.0,0.0,0.0,0.002,134865.8
1646354,IT,BE,FABRI,HEAVY,0.08,20229.056,3,3,20229.056,0.0,0.0,0.0,0.0,252863.2
1672026,IT,FI,SEACO,RENTI,0.02,20227.029,3,3,20227.029,0.0,0.0,0.0,0.0,1011351.45
1710263,IT,LT,MOTO1,RADIO,0.11,20227.001,3,3,20227.001,0.0,0.0,0.0,0.0,183881.827273
1690187,IT,IE,BUSIN,MOTOR,0.21,20226.75,3,3,20226.75,0.0,0.0,0.0,0.0,96317.857143
1780002,IT,TW,SALEM,NONME,0.16,20226.055,3,3,20226.055,0.0,0.0,0.0,0.0,126412.84375
1770979,IT,CH,VEGET,FINAN,0.07,20225.726,3,3,20225.726,0.0,0.0,0.0,0.0,288938.942857
1760438,IT,IN,FOOD5,WHOLE,0.1,20225.313,4,4,20225.311,0.0,0.0,0.0,0.002,202253.13
1782131,IT,NO,CEMEN,NATUR,0.03,20225.312,3,3,20225.312,0.0,0.0,0.0,0.0,674177.066667
1685691,IT,HU,LIQUE,BEVER,0.04,20224.865,4,4,20224.863,0.0,0.0,0.0,0.002,505621.625
1735891,IT,SK,OFFIC,ELEC3,0.06,20224.513,3,3,20224.513,0.0,0.0,0.0,0.0,337075.216667
1756512,IT,KR,WHOLE,LEATH,0.17,20224.404,3,3,20224.404,0.0,0.0,0.0,0.0,118967.082353
1672644,IT,FR,CRUDE,PARAF,0.04,20224.387,4,4,20224.385,0.0,0.0,0.0,0.002,505609.675
1738929,IT,GB,FURNI,FINAN,0.06,20222.68,4,4,20222.678,0.0,0.0,0.0,0.002,337044.666667
1655290,IT,DE,CEREA,MEATP,0.03,20221.781,3,3,20221.781,0.0,0.0,0.0,0.0,674059.366667
1681860,IT,HR,VEGE1,SALEM,0.06,20221.305,4,4,20221.301,0.0,0.0,0.0,0.004,337021.75
1776220,IT,TR,WOODW,TRANS,0.06,20220.796,3,3,20220.796,0.0,0.0,0.0,0.0,337013.266667
1800769,IT,WE,NONME,COMPU,0.04,20220.357,4,4,20220.355,0.0,0.0,0.0,0.002,505508.925
1646592,IT,BE,MOTO1,FOUND,0.11,20219.988,3,3,20219.988,0.0,0.0,0.0,0.0,183818.072727
1785111,IT,ZA,MEAT4,BUSIN,0.11,20218.258,3,3,20218.258,0.0,0.0,0.0,0.0,183802.345455
1799346,IT,WE,WOODW,SUPPO,0.06,20217.287,3,3,20217.287,0.0,0.0,0.0,0.0,336954.783333
1718065,IT,PL,MEATP,WHOLE,0.08,20215.863,4,4,20215.861,0.0,0.0,0.0,0.002,252698.2875
1792692,IT,WA,RESEA,HEALT,0.11,20215.175,3,3,20215.175,0.0,0.0,0.0,0.0,183774.318182
1762142,IT,IN,LANDT,RUBBE,0.13,20213.801,3,3,20213.801,0.0,0.0,0.0,0.0,155490.776923
1731794,IT,SI,PAPER,COPP1,0.08,20213.624,4,4,20213.622,0.0,0.0,0.0,0.002,252670.3
1766330,IT,RU,NONME,RADIO,0.04,20211.551,4,4,20211.549,0.0,0.0,0.0,0.002,505288.775
1722780,IT,PT,PAPER,BIODI,0.08,20211.473,4,4,20211.471,0.0,0.0,0.0,0.002,252643.4125
1688238,IT,IE,VEGET,MEATC,0.07,20211.193,3,3,20211.193,0.0,0.0,0.0,0.0,288731.328571
1806851,IT,WF,RETA1,SUPPO,0.21,20210.234,3,3,20210.234,0.0,0.0,0.0,0.0,96239.209524
1728438,IT,SE,WEARI,RENTI,0.15,20207.686,4,4,20207.682,0.0,0.0,0.0,0.004,134717.906667
1807103,IT,WF,SEACO,FINAN,0.02,20206.934,3,3,20206.934,0.0,0.0,0.0,0.0,1010346.7
1685049,IT,HU,DAIRY,SUPPO,0.08,20206.668,3,3,20206.668,0.0,0.0,0.0,0.0,252583.35
1716284,IT,NL,FABRI,SUGA1,0.08,20205.671,3,3,20205.671,0.0,0.0,0.0,0.0,252570.8875
1686607,IT,HU,ALUM1,INERT,0.04,20205.509,4,4,20205.507,0.0,0.0,0.0,0.002,505137.725
1794295,IT,WL,MOTOR,NONSP,0.03,20204.719,4,4,20204.717,0.0,0.0,0.0,0.002,673490.633333
1782235,IT,NO,PREC1,CHEM1,0.03,20203.99,3,3,20203.99,0.0,0.0,0.0,0.0,673466.333333
1718100,IT,PL,MEAT4,RESEA,0.11,20203.194,3,3,20203.194,0.0,0.0,0.0,0.0,183665.4
1752803,IT,CA,PAPER,TOBAC,0.08,20202.985,4,4,20202.983,0.0,0.0,0.0,0.002,252537.3125
1722920,IT,PT,KERO1,NONME,0.03,20202.469,4,4,20202.467,0.0,0.0,0.0,0.002,673415.633333
1805933,IT,WF,LEAD1,CHEM1,0.04,20202.248,4,4,20202.246,0.0,0.0,0.0,0.002,505056.2
1670296,IT,FI,CHEMI,FOOD5,0.05,20202.03,5,5,20201.028,0.0,0.0,1.0,0.002,404040.6
1666480,IT,ES,PLAST,GASDI,0.04,20200.258,4,4,20200.256,0.0,0.0,0.0,0.002,505006.45
1709604,IT,LT,PAPER,FABRI,0.08,20199.877,4,4,20199.875,0.0,0.0,0.0,0.002,252498.4625
1652881,IT,CZ,COALT,DIST1,0.03,20199.318,3,3,20199.318,0.0,0.0,0.0,0.0,673310.6
1812254,IT,WM,NONME,COMPU,0.04,20197.656,4,4,20197.654,0.0,0.0,0.0,0.002,504941.4
1814684,IT,WM,PLAS1,LANDT,0.07,20197.072,3,3,20197.072,0.0,0.0,0.0,0.0,288529.6
1796407,IT,WL,WHOLE,ALUM1,0.17,20196.605,3,3,20196.605,0.0,0.0,0.0,0.0,118803.558824
1722171,IT,PL,BUSIN,FOOD2,0.21,20196.214,3,3,20196.214,0.0,0.0,0.0,0.0,96172.447619
1729022,IT,SE,RUBBE,SANDC,0.07,20195.493,4,4,20195.491,0.0,0.0,0.0,0.002,288507.042857
1657755,IT,DE,NONME,SUGAR,0.04,20195.443,4,4,20195.441,0.0,0.0,0.0,0.002,504886.075
1782154,IT,NO,NONME,CHEM1,0.04,20195.334,4,4,20195.332,0.0,0.0,0.0,0.002,504883.35
1655913,IT,DE,PROCE,SUGA1,0.14,20192.266,3,3,20192.266,0.0,0.0,0.0,0.0,144230.471429
1785394,IT,ZA,PAPER,WEARI,0.08,20191.766,4,4,20191.764,0.0,0.0,0.0,0.002,252397.075
1655755,IT,DE,MEATC,93197,0.07,20191.706,3,3,20191.706,0.0,0.0,0.0,0.0,288452.942857
1754002,IT,CA,LANDT,PUBLI,0.13,20189.323,3,3,20189.323,0.0,0.0,0.0,0.0,155302.484615
1711764,IT,LU,BUSIN,MEMBE,0.21,20188.155,3,3,20188.155,0.0,0.0,0.0,0.0,96134.071429
1645220,IT,BE,COALT,CROPS,0.03,20187.195,3,3,20187.195,0.0,0.0,0.0,0.0,672906.5
1810455,IT,WM,PULP5,LANDT,0.06,20187.187,4,4,20187.185,0.0,0.0,0.0,0.002,336453.116667
1661410,IT,DK,VEGE1,ELECT,0.06,20186.424,4,4,20186.42,0.0,0.0,0.0,0.004,336440.4
1798777,IT,WE,FOOD5,TOBAC,0.1,20186.161,4,4,20186.159,0.0,0.0,0.0,0.002,201861.61
1684033,IT,HR,HOTEL,DAIRY,0.15,20184.887,4,4,20184.885,0.0,0.0,0.0,0.002,134565.913333
1652404,IT,CZ,TEXTI,GLASS,0.12,20184.752,4,4,20184.749,0.0,0.0,0.0,0.003,168206.266667
1805930,IT,WF,LEAD1,SUGA1,0.04,20184.597,4,4,20184.595,0.0,0.0,0.0,0.002,504614.925
1794374,IT,WL,KEROS,BEVER,0.03,20183.947,4,4,20183.945,0.0,0.0,0.0,0.002,672798.233333
1798392,IT,WE,CRUDE,NAPHT,0.04,20183.474,4,4,20183.472,0.0,0.0,0.0,0.002,504586.85
1777684,IT,TR,COPP1,PLAST,0.05,20182.878,3,3,20182.878,0.0,0.0,0.0,0.0,403657.56
1737036,IT,GB,STONE,REALE,0.07,20182.301,4,4,20181.301,0.0,0.0,1.0,0.0,288318.585714
1723981,IT,PT,SALEM,SUPPO,0.16,20182.195,3,3,20182.195,0.0,0.0,0.0,0.0,126138.71875
1654358,IT,CZ,ELEC7,BIOG1,0.01,20182.153,3,3,20182.153,0.0,0.0,0.0,0.0,2018215.3
1767610,IT,RU,SUPPO,TRANS,0.15,20180.397,3,3,20180.397,0.0,0.0,0.0,0.0,134535.98
1651401,IT,CY,MOTOR,HEALT,0.03,20179.301,4,4,20179.299,0.0,0.0,0.0,0.002,672643.366667
1753065,IT,CA,RUBBE,CEREA,0.07,20178.205,4,4,20178.203,0.0,0.0,0.0,0.002,288260.071429
1714549,IT,NL,CRUDE,TRAN1,0.04,20177.622,4,4,20177.62,0.0,0.0,0.0,0.002,504440.55
1781220,IT,NO,VEGET,COMPU,0.07,20176.751,3,3,20176.751,0.0,0.0,0.0,0.0,288239.3
1767354,IT,RU,RAILW,RAILW,0.13,20175.866,3,3,20175.866,0.0,0.0,0.0,0.0,155198.969231
1676471,IT,FR,RETA1,COPP1,0.21,20175.484,3,3,20175.484,0.0,0.0,0.0,0.0,96073.733333
1662149,IT,DK,RUBBE,BRICK,0.07,20174.96,4,4,20174.958,0.0,0.0,0.0,0.002,288213.714286
1791812,IT,WA,LANDT,WOODW,0.13,20174.518,3,3,20174.518,0.0,0.0,0.0,0.0,155188.6
1790720,IT,WA,FABRI,FOOD3,0.08,20173.57,3,3,20173.57,0.0,0.0,0.0,0.0,252169.625
1803727,IT,WF,FISH5,MEATP,0.08,20173.015,4,4,20173.005,0.0,0.0,0.0,0.01,252162.6875
1756120,IT,KR,FABRI,RENTI,0.08,20172.732,3,3,20172.732,0.0,0.0,0.0,0.0,252159.15
1719163,IT,PL,PLAST,FOUND,0.04,20171.984,4,4,20171.982,0.0,0.0,0.0,0.002,504299.6
1771012,IT,CH,CATTL,TEXTI,0.04,20171.151,3,3,20171.151,0.0,0.0,0.0,0.0,504278.775
1757233,IT,BR,VEGE1,FISH5,0.06,20169.766,4,4,20169.762,0.0,0.0,0.0,0.004,336162.766667
1755401,IT,KR,KEROS,MEMBE,0.03,20168.399,4,4,20168.397,0.0,0.0,0.0,0.002,672279.966667
1731269,IT,SI,MEATP,BUSIN,0.08,20166.518,4,4,20166.516,0.0,0.0,0.0,0.002,252081.475
1733139,IT,SI,FABRI,DIST1,0.08,20166.379,3,3,20166.379,0.0,0.0,0.0,0.0,252079.7375
1760443,IT,IN,FOOD5,HEALT,0.1,20165.226,4,4,20165.224,0.0,0.0,0.0,0.002,201652.26
1727209,IT,RO,SUPPO,LIGNI,0.14,20164.623,3,3,20164.623,0.0,0.0,0.0,0.0,144033.021429
1656387,IT,DE,WOODW,ELECT,0.06,20164.591,3,3,20164.591,0.0,0.0,0.0,0.0,336076.516667
1762540,IT,IN,INSUR,FINAN,0.42,20164.516,3,3,20164.516,0.0,0.0,0.0,0.0,48010.752381
1766378,IT,RU,BASIC,LEATH,0.02,20161.701,3,3,20161.701,0.0,0.0,0.0,0.0,1008085.05
1723271,IT,PT,GLASS,OFFIC,0.06,20161.083,3,3,20161.083,0.0,0.0,0.0,0.0,336018.05
1686166,IT,HU,GLASS,STONE,0.06,20160.927,3,3,20160.927,0.0,0.0,0.0,0.0,336015.45
1760975,IT,IN,NAPHT,RUBBE,0.03,20160.847,3,3,20160.847,0.0,0.0,0.0,0.0,672028.233333
1678616,IT,GR,STONE,CONST,0.07,20160.793,4,4,20159.793,0.0,0.0,1.0,0.0,288011.328571
1675214,IT,FR,FABRI,CHEMI,0.08,20159.33,3,3,20159.33,0.0,0.0,0.0,0.0,251991.625
1653209,IT,CZ,RUBBE,LIGNI,0.07,20159.202,4,4,20159.2,0.0,0.0,0.0,0.002,287988.6
1685948,IT,HU,CHEM1,WOOD2,0.04,20158.949,4,4,20158.947,0.0,0.0,0.0,0.002,503973.725
1658684,IT,DE,OFFIC,MOTOR,0.06,20158.942,3,3,20158.942,0.0,0.0,0.0,0.0,335982.366667
1758970,IT,BR,LANDT,CATTL,0.13,20158.713,3,3,20158.713,0.0,0.0,0.0,0.0,155067.023077
1745743,IT,JP,WEARI,PREC1,0.15,20158.342,4,4,20158.338,0.0,0.0,0.0,0.004,134388.946667
1792752,IT,WA,BUSIN,MACHI,0.21,20158.339,3,3,20158.339,0.0,0.0,0.0,0.0,95992.090476
1677621,IT,FR,REALE,WHOLE,0.85,20158.06,3,3,20158.06,0.0,0.0,0.0,0.0,23715.364706
1798472,IT,WE,NATUR,BLAST,0.03,20156.605,3,3,20156.605,0.0,0.0,0.0,0.0,671886.833333
1710816,IT,LU,PAPER,WOODW,0.08,20155.572,4,4,20155.57,0.0,0.0,0.0,0.002,251944.65
1814458,IT,WM,COMPU,CONST,0.23,20155.251,3,3,20155.251,0.0,0.0,0.0,0.0,87631.526087
1643040,IT,AT,CONST,COMPU,0.11,20155.223,3,3,20155.223,0.0,0.0,0.0,0.0,183229.3
1682227,IT,HR,WEARI,COMPU,0.15,20154.731,4,4,20154.727,0.0,0.0,0.0,0.004,134364.873333
1677016,IT,FR,SUPPO,POULT,0.14,20154.087,3,3,20154.087,0.0,0.0,0.0,0.0,143957.764286
1791926,IT,WA,SEACO,ANTHR,0.02,20152.702,3,3,20152.702,0.0,0.0,0.0,0.0,1007635.1
1683284,IT,HR,BRICK,HOTEL,0.03,20152.701,3,3,20152.701,0.0,0.0,0.0,0.0,671756.7
1750771,IT,CN,TRANS,POSTT,0.12,20152.276,3,3,20152.276,0.0,0.0,0.0,0.0,167935.633333
1710838,IT,LU,PAPER,SUPPO,0.08,20151.842,4,4,20151.84,0.0,0.0,0.0,0.002,251898.025
1684596,IT,HR,PUBLI,OFFIC,0.33,20151.263,3,3,20151.263,0.0,0.0,0.0,0.0,61064.433333
1755228,IT,KR,WOODW,FOOD3,0.06,20148.051,3,3,20148.051,0.0,0.0,0.0,0.0,335800.85
1730132,IT,SE,RAILW,MOTO1,0.13,20147.785,3,3,20147.785,0.0,0.0,0.0,0.0,154982.961538
1643697,IT,AT,SUPPO,HEAVY,0.14,20147.748,3,3,20147.748,0.0,0.0,0.0,0.0,143912.485714
1797337,IT,WL,REALE,CHEM1,0.85,20146.868,3,3,20146.868,0.0,0.0,0.0,0.0,23702.197647
1768632,IT,AU,FISH5,PUBLI,0.08,20144.017,4,4,20144.007,0.0,0.0,0.0,0.01,251800.2125
1730972,IT,SE,WOOD1,BASIC,0.14,20143.577,3,3,20143.577,0.0,0.0,0.0,0.0,143882.692857
1769327,IT,AU,GLASS,PAPER,0.06,20141.832,3,3,20141.832,0.0,0.0,0.0,0.0,335697.2
1812417,IT,WM,PREC1,DAIRY,0.03,20141.136,3,3,20141.136,0.0,0.0,0.0,0.0,671371.2
1643024,IT,AT,CONST,TRAN1,0.11,20141.022,3,3,20141.022,0.0,0.0,0.0,0.0,183100.2
1776193,IT,TR,WOODW,VEGET,0.06,20139.676,3,3,20139.676,0.0,0.0,0.0,0.0,335661.266667
1657747,IT,DE,CEMEN,COMPU,0.03,20138.584,3,3,20138.584,0.0,0.0,0.0,0.0,671286.133333
1681894,IT,HR,DAIRY,PRINT,0.08,20138.485,3,3,20138.485,0.0,0.0,0.0,0.0,251731.0625
1758593,IT,BR,MOTO1,MEDIC,0.11,20136.73,3,3,20136.73,0.0,0.0,0.0,0.0,183061.181818
1794415,IT,WL,KERO1,WHOLE,0.03,20136.39,4,4,20136.388,0.0,0.0,0.0,0.002,671213.0
1726179,IT,RO,GLASS,FINAN,0.06,20135.909,3,3,20135.909,0.0,0.0,0.0,0.0,335598.483333
1738282,IT,GB,NONME,HOTEL,0.04,20135.795,4,4,20135.793,0.0,0.0,0.0,0.002,503394.875
1670360,IT,FI,DAIRY,RAWMI,0.08,20135.496,3,3,20135.496,0.0,0.0,0.0,0.0,251693.7
1726474,IT,RO,FABRI,BLAST,0.08,20135.055,3,3,20135.055,0.0,0.0,0.0,0.0,251688.1875
1661283,IT,DK,OILSE,PUBLI,0.01,20134.382,3,3,20134.382,0.0,0.0,0.0,0.0,2013438.2
1684232,IT,HR,SEACO,PFERT,0.02,20133.36,3,3,20133.36,0.0,0.0,0.0,0.0,1006668.0
1653196,IT,CZ,RUBBE,OILSE,0.07,20132.703,4,4,20132.701,0.0,0.0,0.0,0.002,287610.042857
1787502,IT,WA,CHEMI,NATUR,0.05,20132.446,5,5,20131.444,0.0,0.0,1.0,0.002,402648.92
1646454,IT,BE,MACHI,KERO1,0.11,20131.87,4,4,20131.868,0.0,0.0,0.0,0.002,183017.0
1774516,IT,CH,LANDT,INSUR,0.13,20131.467,3,3,20131.467,0.0,0.0,0.0,0.0,154857.438462
1715791,IT,NL,RUBBE,CROPS,0.07,20130.991,4,4,20130.989,0.0,0.0,0.0,0.002,287585.585714
1753612,IT,CA,MACHI,PUBLI,0.11,20129.654,4,4,20129.652,0.0,0.0,0.0,0.002,182996.854545
1769587,IT,AU,COPP1,WHOLE,0.05,20128.899,3,3,20128.899,0.0,0.0,0.0,0.0,402577.98
1685441,IT,HU,WOODW,GLASS,0.06,20128.79,3,3,20128.79,0.0,0.0,0.0,0.0,335479.833333
1685735,IT,HU,NONSP,RESEA,0.03,20128.005,3,3,20128.005,0.0,0.0,0.0,0.0,670933.5
1808807,IT,WF,WOOD2,SEACO,0.11,20126.658,3,3,20126.658,0.0,0.0,0.0,0.0,182969.618182
1770440,IT,AU,SEACO,SALEM,0.02,20126.088,3,3,20126.088,0.0,0.0,0.0,0.0,1006304.4
1711478,IT,LU,AIRTR,RETA1,0.02,20125.501,3,3,20125.501,0.0,0.0,0.0,0.0,1006275.05
1730869,IT,SE,FOODW,BASIC,0.15,20125.4,3,3,20125.4,0.0,0.0,0.0,0.0,134169.333333
1805897,IT,WF,ALUM1,RETAI,0.03,20123.969,4,4,20123.967,0.0,0.0,0.0,0.002,670798.966667
1728426,IT,SE,WEARI,ELEC4,0.15,20123.851,4,4,20123.847,0.0,0.0,0.0,0.004,134159.006667
1717858,IT,PL,VEGET,PFERT,0.07,20123.664,3,3,20123.664,0.0,0.0,0.0,0.0,287480.914286
1757897,IT,BR,CHEM1,LEAD1,0.04,20122.151,4,4,20122.149,0.0,0.0,0.0,0.002,503053.775
1677456,IT,FR,INSUR,RECRE,0.41,20121.732,3,3,20121.732,0.0,0.0,0.0,0.0,49077.395122
1789827,IT,WA,CERAM,LEATH,0.03,20120.922,3,3,20120.922,0.0,0.0,0.0,0.0,670697.4
1683039,IT,HR,CHEM1,RENTI,0.04,20120.277,4,4,20120.275,0.0,0.0,0.0,0.002,503006.925
1767277,IT,RU,HOTEL,ALUM1,0.15,20119.955,4,4,20119.953,0.0,0.0,0.0,0.002,134133.033333
1684328,IT,HR,SUPPO,CEMEN,0.14,20119.379,3,3,20119.379,0.0,0.0,0.0,0.0,143709.85
1732724,IT,SI,CEMEN,RUBBE,0.03,20119.273,3,3,20119.273,0.0,0.0,0.0,0.0,670642.433333
1788376,IT,WA,WOODW,WOODW,0.06,20118.848,3,3,20118.848,0.0,0.0,0.0,0.0,335314.133333
1761222,IT,IN,BIODI,COLLE,0.04,20118.678,4,4,20118.676,0.0,0.0,0.0,0.002,502966.95
1657069,IT,DE,NONSP,RUBBE,0.03,20118.425,3,3,20118.425,0.0,0.0,0.0,0.0,670614.166667
1788292,IT,WA,LEATH,PREC1,0.14,20118.266,4,4,20118.263,0.0,0.0,0.0,0.003,143701.9
1804986,IT,WF,PLAST,LEADZ,0.04,20118.154,4,4,20118.152,0.0,0.0,0.0,0.002,502953.85
1782900,IT,NO,SEACO,FURNI,0.02,20117.713,3,3,20117.713,0.0,0.0,0.0,0.0,1005885.65
1784856,IT,ID,SEACO,RAILW,0.02,20116.733,3,3,20116.733,0.0,0.0,0.0,0.0,1005836.65
1779971,IT,TW,SALEM,COPPE,0.16,20116.631,3,3,20116.631,0.0,0.0,0.0,0.0,125728.94375
1658909,IT,DE,FURNI,CERAM,0.06,20116.464,4,4,20116.462,0.0,0.0,0.0,0.002,335274.4
1647490,IT,BE,SUPPO,PAPER,0.14,20114.363,3,3,20114.363,0.0,0.0,0.0,0.0,143674.021429
1738426,IT,GB,ALUM1,PREC1,0.03,20114.027,4,4,20114.025,0.0,0.0,0.0,0.002,670467.566667
1758184,IT,BR,NONME,PUBLI,0.04,20113.22,4,4,20113.218,0.0,0.0,0.0,0.002,502830.5
1678424,IT,FR,INERT,INTER,0.15,20113.025,3,3,20113.025,0.0,0.0,0.0,0.0,134086.833333
1783728,IT,NO,FOOD4,HEALT,0.15,20112.186,3,3,20112.186,0.0,0.0,0.0,0.0,134081.24
1756013,IT,KR,COPP1,WHOLE,0.05,20111.862,3,3,20111.862,0.0,0.0,0.0,0.0,402237.24
1664487,IT,EE,MOTO1,LEAD1,0.11,20111.389,3,3,20111.389,0.0,0.0,0.0,0.0,182830.809091
1736330,IT,SK,RAILW,GASDI,0.13,20111.026,3,3,20111.026,0.0,0.0,0.0,0.0,154700.2
1775439,IT,CH,HEALT,PUBLI,0.1,20109.732,3,3,20109.732,0.0,0.0,0.0,0.0,201097.32
1775130,IT,CH,COMPU,HOTEL,0.23,20109.086,3,3,20109.086,0.0,0.0,0.0,0.0,87430.808696
1661355,IT,DK,MEATC,RESEA,0.07,20108.125,3,3,20108.125,0.0,0.0,0.0,0.0,287258.928571
1715860,IT,NL,RUBBE,DIST1,0.07,20106.325,4,4,20106.323,0.0,0.0,0.0,0.002,287233.214286
1737308,IT,GB,BEVER,MEAT4,0.09,20105.589,3,3,20105.589,0.0,0.0,0.0,0.0,223395.433333
1723334,IT,PT,NONME,CHEM1,0.04,20104.108,4,4,20104.106,0.0,0.0,0.0,0.002,502602.7
1756143,IT,KR,MACHI,NATUR,0.11,20104.027,4,4,20104.025,0.0,0.0,0.0,0.002,182763.881818
1675569,IT,FR,MOTO1,KEROS,0.11,20103.606,3,3,20103.606,0.0,0.0,0.0,0.0,182760.054545
1781114,IT,TW,PUBLI,EDUCA,0.33,20102.953,3,3,20102.953,0.0,0.0,0.0,0.0,60918.039394
1717727,IT,NL,BUSIN,INTER,0.21,20102.935,3,3,20102.935,0.0,0.0,0.0,0.0,95728.261905
1751313,IT,CN,LANDT,CRUDE,0.13,20102.776,3,3,20102.776,0.0,0.0,0.0,0.0,154636.738462
1723881,IT,PT,FURNI,PAPER,0.06,20102.614,4,4,20102.612,0.0,0.0,0.0,0.002,335043.566667
1755380,IT,KR,KEROS,BEVER,0.03,20101.815,4,4,20101.813,0.0,0.0,0.0,0.002,670060.5
1780216,IT,TW,RAILW,OFFIC,0.13,20101.417,3,3,20101.417,0.0,0.0,0.0,0.0,154626.284615
1670799,IT,FI,PRINT,FINAN,0.19,20100.535,4,4,20100.533,0.0,0.0,0.0,0.002,105792.289474
1751559,IT,CN,POSTT,COKEO,0.33,20100.23,4,4,20100.228,0.0,0.0,0.0,0.002,60909.787879
1769132,IT,AU,CHEM1,PROCE,0.04,20099.418,4,4,20099.416,0.0,0.0,0.0,0.002,502485.45
1767493,IT,RU,SEACO,CEMEN,0.02,20098.701,3,3,20098.701,0.0,0.0,0.0,0.0,1004935.05
1734888,IT,SK,PAPER,SUPPO,0.08,20098.581,4,4,20098.579,0.0,0.0,0.0,0.002,251232.2625
1710953,IT,LU,RUBBE,HOTEL,0.07,20098.198,4,4,20098.196,0.0,0.0,0.0,0.002,287117.114286
1785588,IT,ZA,GASDI,PLAST,0.03,20098.013,4,4,20098.011,0.0,0.0,0.0,0.002,669933.766667
1790456,IT,WA,COPP1,BITUM,0.05,20097.244,3,3,20097.244,0.0,0.0,0.0,0.0,401944.88
1778128,IT,TR,TRANS,IRONO,0.12,20097.064,3,3,20097.064,0.0,0.0,0.0,0.0,167475.533333
1746988,IT,JP,MOTO1,WOOD1,0.11,20096.877,3,3,20096.877,0.0,0.0,0.0,0.0,182698.881818
1673096,IT,FR,FOOD5,INSUR,0.1,20095.353,4,4,20095.351,0.0,0.0,0.0,0.002,200953.53
1665203,IT,ES,FOOD5,GASDI,0.1,20094.77,4,4,20094.768,0.0,0.0,0.0,0.002,200947.7
1645637,IT,BE,CHEM1,ELEC7,0.04,20094.417,4,4,20094.415,0.0,0.0,0.0,0.002,502360.425
1747702,IT,JP,POSTT,RESEA,0.33,20093.612,4,4,20093.61,0.0,0.0,0.0,0.002,60889.733333
1677045,IT,FR,SUPPO,HEAVY,0.14,20093.218,3,3,20093.218,0.0,0.0,0.0,0.0,143522.985714
1798910,IT,WE,FISH5,RAWMI,0.08,20092.65,4,4,20092.64,0.0,0.0,0.0,0.01,251158.125
1739458,IT,GB,LANDT,NAPHT,0.13,20092.444,3,3,20092.444,0.0,0.0,0.0,0.0,154557.261538
1762377,IT,IN,POSTT,PRINT,0.33,20092.36,4,4,20092.358,0.0,0.0,0.0,0.002,60885.939394
1722959,IT,PT,HEAVY,FURNI,0.03,20092.173,4,4,20092.171,0.0,0.0,0.0,0.002,669739.1
1797477,IT,WL,RESEA,AUXIL,0.11,20091.85,3,3,20091.85,0.0,0.0,0.0,0.0,182653.181818
1730214,IT,SE,LANDT,COMPU,0.13,20090.433,3,3,20090.433,0.0,0.0,0.0,0.0,154541.792308
1783519,IT,NO,OILHA,CONST,0.12,20090.211,3,3,20090.211,0.0,0.0,0.0,0.0,167418.425
1669295,IT,ES,FINAN,CERAM,0.26,20088.995,3,3,20088.995,0.0,0.0,0.0,0.0,77265.365385
1734506,IT,SK,VEGE1,DAIRY,0.06,20088.566,4,4,20088.562,0.0,0.0,0.0,0.004,334809.433333
1754669,IT,KR,CHEMI,REALE,0.05,20087.03,5,5,20086.028,0.0,0.0,1.0,0.002,401740.6
1659942,IT,DE,TRAN2,SEACO,0.03,20086.636,3,3,20086.636,0.0,0.0,0.0,0.0,669554.533333
1641209,IT,AT,PRINT,RENTI,0.19,20086.629,4,4,20086.627,0.0,0.0,0.0,0.002,105719.1
1747457,IT,JP,SEACO,COALT,0.02,20085.611,3,3,20085.611,0.0,0.0,0.0,0.0,1004280.55
1742630,IT,US,LEAD1,WHOLE,0.03,20085.227,4,4,20085.225,0.0,0.0,0.0,0.002,669507.566667
1807654,IT,WF,RESEA,COMPU,0.11,20084.74,3,3,20084.74,0.0,0.0,0.0,0.0,182588.545455
1804840,IT,WF,NAPHT,EDUCA,0.03,20082.067,3,3,20082.067,0.0,0.0,0.0,0.0,669402.233333
1681649,IT,HR,VEGET,SUGA1,0.07,20081.993,3,3,20081.993,0.0,0.0,0.0,0.0,286885.614286
1728788,IT,SE,HEAVY,WHOLE,0.03,20080.208,4,4,20080.206,0.0,0.0,0.0,0.002,669340.266667
1679830,IT,GR,ALUM1,CEMEN,0.03,20079.486,4,4,20079.484,0.0,0.0,0.0,0.002,669316.2
1672979,IT,FR,DAIRY,INERT,0.08,20079.364,3,3,20079.364,0.0,0.0,0.0,0.0,250992.05
1756538,IT,KR,WHOLE,REALE,0.17,20077.04,3,3,20077.04,0.0,0.0,0.0,0.0,118100.235294
1681186,IT,GR,POSTT,SALEM,0.33,20076.33,4,4,20076.328,0.0,0.0,0.0,0.002,60837.363636
1811888,IT,WM,RUBBE,BRICK,0.07,20075.478,4,4,20075.476,0.0,0.0,0.0,0.002,286792.542857
1787467,IT,WA,STONE,LANDT,0.06,20075.299,4,4,20074.299,0.0,0.0,1.0,0.0,334588.316667
1804554,IT,WF,HEAVY,SUGAR,0.03,20074.689,4,4,20074.687,0.0,0.0,0.0,0.002,669156.3
1684287,IT,HR,AIRTR,STEAM,0.02,20073.706,3,3,20073.706,0.0,0.0,0.0,0.0,1003685.3
1717161,IT,NL,AIRTR,FURNI,0.02,20073.569,3,3,20073.569,0.0,0.0,0.0,0.0,1003678.45
1738210,IT,GB,CERAM,PUBLI,0.03,20073.4,3,3,20073.4,0.0,0.0,0.0,0.0,669113.333333
1713741,IT,MT,OFFIC,VEGET,0.06,20073.07,3,3,20073.07,0.0,0.0,0.0,0.0,334551.166667
1763452,IT,MX,PLAST,NONFE,0.04,20071.039,4,4,20071.037,0.0,0.0,0.0,0.002,501775.975
1657435,IT,DE,RUBBE,PREC1,0.07,20071.02,4,4,20071.018,0.0,0.0,0.0,0.002,286728.857143
1710137,IT,LT,MACHI,BEVER,0.11,20070.651,4,4,20070.649,0.0,0.0,0.0,0.002,182460.463636
1747980,IT,JP,RESEA,FINAN,0.11,20068.553,3,3,20068.553,0.0,0.0,0.0,0.0,182441.390909
1644708,IT,BE,BEVER,ELEC2,0.09,20068.347,3,3,20068.347,0.0,0.0,0.0,0.0,222981.633333
1655171,IT,CZ,BUSIN,TRAN1,0.21,20068.132,3,3,20068.132,0.0,0.0,0.0,0.0,95562.533333
1685776,IT,HU,PLAST,GLASS,0.04,20067.938,4,4,20067.936,0.0,0.0,0.0,0.002,501698.45
1743811,IT,US,LANDT,SEACO,0.13,20067.735,3,3,20067.735,0.0,0.0,0.0,0.0,154367.192308
1683564,IT,HR,LEAD1,RETA1,0.03,20067.713,4,4,20067.711,0.0,0.0,0.0,0.002,668923.766667
1728291,IT,SE,BEVER,FURNI,0.09,20067.399,3,3,20067.399,0.0,0.0,0.0,0.0,222971.1
1758662,IT,BR,FURNI,SEACO,0.06,20066.81,4,4,20066.808,0.0,0.0,0.0,0.002,334446.833333
1719129,IT,PL,PLAST,SUGA1,0.04,20066.116,4,4,20066.114,0.0,0.0,0.0,0.002,501652.9
1681931,IT,HR,FOOD5,PIGS9,0.1,20064.353,4,4,20064.351,0.0,0.0,0.0,0.002,200643.53
1669993,IT,ES,EDUCA,MEMBE,0.5,20064.329,3,3,20064.329,0.0,0.0,0.0,0.0,40128.658
1724049,IT,PT,WHOLE,PRINT,0.17,20063.711,3,3,20063.711,0.0,0.0,0.0,0.0,118021.829412
1739756,IT,GB,SUPPO,WOOD2,0.14,20063.602,3,3,20063.602,0.0,0.0,0.0,0.0,143311.442857
1776282,IT,TR,PAPER,VEGE1,0.08,20063.302,4,4,20063.3,0.0,0.0,0.0,0.002,250791.275
1679982,IT,GR,FABRI,LANDT,0.08,20062.683,3,3,20062.683,0.0,0.0,0.0,0.0,250783.5375
1779673,IT,TR,RESEA,MEDIC,0.11,20061.83,3,3,20061.83,0.0,0.0,0.0,0.0,182380.272727
1658895,IT,DE,FURNI,STONE,0.06,20061.694,4,4,20061.692,0.0,0.0,0.0,0.002,334361.566667
1722078,IT,PL,BUSIN,TOBAC,0.21,20061.627,3,3,20061.627,0.0,0.0,0.0,0.0,95531.557143
1686224,IT,HU,GLASS,COMPU,0.06,20061.304,3,3,20061.304,0.0,0.0,0.0,0.0,334355.066667
1800323,IT,WE,CHEM1,WHEAT,0.04,20060.333,4,4,20060.331,0.0,0.0,0.0,0.002,501508.325
1718538,IT,PL,WEARI,WEARI,0.15,20059.919,4,4,20059.915,0.0,0.0,0.0,0.004,133732.793333
1680252,IT,GR,TRANS,RENTI,0.12,20059.01,3,3,20059.01,0.0,0.0,0.0,0.0,167158.416667
1736901,IT,SK,BUSIN,INSUR,0.21,20058.663,3,3,20058.663,0.0,0.0,0.0,0.0,95517.442857
1758455,IT,BR,MACHI,CROPS,0.11,20057.361,4,4,20057.359,0.0,0.0,0.0,0.002,182339.645455
1803574,IT,WF,DAIRY,RECRE,0.08,20057.003,3,3,20057.003,0.0,0.0,0.0,0.0,250712.5375
1768377,IT,AU,MEAT4,HEALT,0.11,20056.769,3,3,20056.769,0.0,0.0,0.0,0.0,182334.263636
1720610,IT,PL,MOTO1,NATUR,0.11,20056.507,3,3,20056.507,0.0,0.0,0.0,0.0,182331.881818
1725558,IT,RO,LEATH,FINAN,0.14,20056.319,4,4,20056.316,0.0,0.0,0.0,0.003,143259.421429
1738994,IT,GB,SALEM,FURNI,0.16,20055.333,3,3,20055.333,0.0,0.0,0.0,0.0,125345.83125
1777833,IT,TR,FABRI,ELEC1,0.08,20054.292,3,3,20054.292,0.0,0.0,0.0,0.0,250678.65
1794686,IT,WL,NAPHT,BASIC,0.03,20054.148,3,3,20054.148,0.0,0.0,0.0,0.0,668471.6
1762775,IT,IN,BUSIN,AIRTR,0.21,20053.684,3,3,20053.684,0.0,0.0,0.0,0.0,95493.733333
1655273,IT,DE,WHEAT,WHOLE,0.02,20053.22,3,3,20053.22,0.0,0.0,0.0,0.0,1002661.0
1779612,IT,TR,COMPU,RESEA,0.23,20052.46,3,3,20052.46,0.0,0.0,0.0,0.0,87184.608696
1667621,IT,ES,MACHI,PROCE,0.11,20051.218,4,4,20051.216,0.0,0.0,0.0,0.002,182283.8
1677514,IT,FR,AUXIL,RAILW,0.37,20051.007,3,3,20051.007,0.0,0.0,0.0,0.0,54191.910811
1668331,IT,ES,WHOLE,FINAN,0.17,20050.942,3,3,20050.942,0.0,0.0,0.0,0.0,117946.717647
1649580,IT,BG,RUBBE,RESEA,0.07,20050.932,4,4,20050.93,0.0,0.0,0.0,0.002,286441.885714
1738712,IT,GB,MACHI,RETAI,0.11,20050.376,4,4,20050.374,0.0,0.0,0.0,0.002,182276.145455
1793491,IT,WL,CHEMI,PULP5,0.05,20050.305,5,5,20049.303,0.0,0.0,1.0,0.002,401006.1
1668184,IT,ES,SALEM,BUSIN,0.16,20050.125,3,3,20050.125,0.0,0.0,0.0,0.0,125313.28125
1726139,IT,RO,RUBBE,FOOD3,0.07,20049.235,4,4,20049.233,0.0,0.0,0.0,0.002,286417.642857
1713934,IT,MT,CONST,CONST,0.11,20047.953,3,3,20047.953,0.0,0.0,0.0,0.0,182254.118182
1809475,IT,WM,MEATC,FOOD5,0.07,20047.774,3,3,20047.774,0.0,0.0,0.0,0.0,286396.771429
1748564,IT,CN,VEGE1,GASDI,0.06,20047.426,4,4,20047.422,0.0,0.0,0.0,0.004,334123.766667
1749999,IT,CN,NONME,BITUM,0.04,20044.025,4,4,20044.023,0.0,0.0,0.0,0.002,501100.625
1811760,IT,WM,ADDIT,GLASS,0.05,20043.815,4,4,20043.813,0.0,0.0,0.0,0.002,400876.3
1718696,IT,PL,WOODW,HOTEL,0.06,20043.199,3,3,20043.199,0.0,0.0,0.0,0.0,334053.316667
1806793,IT,WF,RETA1,FOOD5,0.21,20041.762,3,3,20041.762,0.0,0.0,0.0,0.0,95436.961905
1755728,IT,KR,GLASS,PLAST,0.06,20039.993,3,3,20039.993,0.0,0.0,0.0,0.0,333999.883333
1744705,IT,US,COMPU,LANDT,0.23,20039.865,3,3,20039.865,0.0,0.0,0.0,0.0,87129.847826
1758647,IT,BR,FURNI,LEATH,0.06,20039.263,4,4,20039.261,0.0,0.0,0.0,0.002,333987.716667
1781092,IT,TW,PUBLI,FURNI,0.33,20038.487,3,3,20038.487,0.0,0.0,0.0,0.0,60722.687879
1786922,IT,ZA,AIRTR,HOTEL,0.02,20038.292,3,3,20038.292,0.0,0.0,0.0,0.0,1001914.6
1688430,IT,IE,BEVER,BUSIN,0.09,20038.193,3,3,20038.193,0.0,0.0,0.0,0.0,222646.588889
1763029,IT,MX,TEXTI,RAWMI,0.12,20037.464,4,4,20037.461,0.0,0.0,0.0,0.003,166978.866667
1804484,IT,WF,GASDI,PULP5,0.03,20037.123,4,4,20037.121,0.0,0.0,0.0,0.002,667904.1
1679688,IT,GR,CERAM,SEACO,0.03,20036.547,3,3,20036.547,0.0,0.0,0.0,0.0,667884.9
1814014,IT,WM,SEACO,RADIO,0.02,20036.54,3,3,20036.54,0.0,0.0,0.0,0.0,1001827.0
1742172,IT,US,GLASS,BIOGA,0.05,20036.259,3,3,20036.259,0.0,0.0,0.0,0.0,400725.18
1756428,IT,KR,CONST,PRINT,0.11,20036.21,3,3,20036.21,0.0,0.0,0.0,0.0,182147.363636
1753994,IT,CA,LANDT,HOTEL,0.13,20035.191,3,3,20035.191,0.0,0.0,0.0,0.0,154116.853846
1761226,IT,IN,RUBBE,VEGET,0.07,20034.383,4,4,20034.381,0.0,0.0,0.0,0.002,286205.471429
1782370,IT,NO,FABRI,NONF1,0.08,20034.179,3,3,20034.179,0.0,0.0,0.0,0.0,250427.2375
1810848,IT,WM,KEROS,ELEC6,0.03,20033.964,4,4,20033.962,0.0,0.0,0.0,0.002,667798.8
1712722,IT,LV,HOTEL,RENTI,0.15,20033.418,4,4,20033.416,0.0,0.0,0.0,0.002,133556.12
1788681,IT,WA,MOTOR,CEREA,0.03,20033.366,4,4,20033.364,0.0,0.0,0.0,0.002,667778.866667
1733465,IT,SI,SALEM,ELEC8,0.16,20031.628,3,3,20031.628,0.0,0.0,0.0,0.0,125197.675
1644008,IT,AT,BUSIN,NONFE,0.21,20030.581,3,3,20030.581,0.0,0.0,0.0,0.0,95383.719048
1748490,IT,CN,STONE,RETA1,0.06,20030.425,4,4,20029.425,0.0,0.0,1.0,0.0,333840.416667
1793024,IT,WA,WASTE,WHOLE,0.06,20029.24,3,3,20029.24,0.0,0.0,0.0,0.0,333820.666667
1729042,IT,SE,RUBBE,GASDI,0.07,20028.736,4,4,20028.734,0.0,0.0,0.0,0.002,286124.8
1812198,IT,WM,NONME,WOODW,0.04,20028.269,4,4,20028.267,0.0,0.0,0.0,0.002,500706.725
1649264,IT,BG,HEAVY,ELEC6,0.03,20026.81,4,4,20026.808,0.0,0.0,0.0,0.002,667560.333333
1736556,IT,SK,SUPPO,ELEC3,0.14,20026.515,3,3,20026.515,0.0,0.0,0.0,0.0,143046.535714
1740231,IT,GB,BUSIN,NONF1,0.21,20026.446,3,3,20026.446,0.0,0.0,0.0,0.0,95364.028571
1805753,IT,WF,BASIC,TRAN2,0.02,20026.23,3,3,20026.23,0.0,0.0,0.0,0.0,1001311.5
1670513,IT,FI,BEVER,SEACO,0.09,20025.813,3,3,20025.813,0.0,0.0,0.0,0.0,222509.033333
1784376,IT,ID,RUBBE,HEALT,0.07,20025.22,4,4,20025.218,0.0,0.0,0.0,0.002,286074.571429
1653089,IT,CZ,CHEM1,STONE,0.04,20025.115,4,4,20025.113,0.0,0.0,0.0,0.002,500627.875
1774696,IT,CH,SUPPO,DAIRY,0.14,20025.081,3,3,20025.081,0.0,0.0,0.0,0.0,143036.292857
1721001,IT,PL,RETA1,BUSIN,0.21,20024.914,3,3,20024.914,0.0,0.0,0.0,0.0,95356.733333
1778275,IT,TR,SALEM,MEATC,0.16,20024.417,3,3,20024.417,0.0,0.0,0.0,0.0,125152.60625
1680525,IT,GR,ELEC7,SEACO,0.01,20023.989,3,3,20023.989,0.0,0.0,0.0,0.0,2002398.9
1776233,IT,TR,WOODW,RESEA,0.06,20023.223,3,3,20023.223,0.0,0.0,0.0,0.0,333720.383333
1677497,IT,FR,AUXIL,COPP1,0.37,20021.594,3,3,20021.594,0.0,0.0,0.0,0.0,54112.416216
1735911,IT,SK,OFFIC,RENTI,0.06,20021.349,3,3,20021.349,0.0,0.0,0.0,0.0,333689.15
1763220,IT,MX,WOODW,CHEM1,0.06,20020.763,3,3,20020.763,0.0,0.0,0.0,0.0,333679.383333
1688627,IT,IE,PLAST,PRINT,0.04,20018.82,4,4,20018.818,0.0,0.0,0.0,0.002,500470.5
1747025,IT,JP,TRANS,WHOLE,0.12,20017.289,3,3,20017.289,0.0,0.0,0.0,0.0,166810.741667
1762081,IT,IN,RETA1,MOTO1,0.21,20017.057,3,3,20017.057,0.0,0.0,0.0,0.0,95319.319048
1752782,IT,CA,WOODW,HOTEL,0.06,20016.206,3,3,20016.206,0.0,0.0,0.0,0.0,333603.433333
1721449,IT,PL,AIRTR,RADIO,0.02,20016.116,3,3,20016.116,0.0,0.0,0.0,0.0,1000805.8
1678673,IT,GR,VEGE1,CATTL,0.06,20015.432,4,4,20015.428,0.0,0.0,0.0,0.004,333590.533333
1666108,IT,ES,GASDI,WHITE,0.03,20015.427,4,4,20015.425,0.0,0.0,0.0,0.002,667180.9
1657650,IT,DE,CERAM,BASIC,0.03,20015.195,3,3,20015.195,0.0,0.0,0.0,0.0,667173.166667
1744243,IT,US,POSTT,ELEC2,0.33,20014.596,4,4,20014.594,0.0,0.0,0.0,0.002,60650.290909
1640159,IT,AT,VEGET,MEAT1,0.07,20013.895,3,3,20013.895,0.0,0.0,0.0,0.0,285912.785714
1727240,IT,RO,SUPPO,COPP1,0.14,20013.479,3,3,20013.479,0.0,0.0,0.0,0.0,142953.421429
1647115,IT,BE,HOTEL,ELEC3,0.15,20012.902,4,4,20012.9,0.0,0.0,0.0,0.002,133419.346667
1661877,IT,DK,PAPER,FINAN,0.08,20012.181,4,4,20012.179,0.0,0.0,0.0,0.002,250152.2625
1720075,IT,PL,ALUM1,HEALT,0.03,20011.822,4,4,20011.82,0.0,0.0,0.0,0.002,667060.733333
1674580,IT,FR,RUBBE,TRAN1,0.07,20011.107,4,4,20011.105,0.0,0.0,0.0,0.002,285872.957143
1795488,IT,WL,ALUM1,PRECI,0.03,20011.04,4,4,20011.038,0.0,0.0,0.0,0.002,667034.666667
1752743,IT,CA,LEATH,MEMBE,0.14,20010.509,4,4,20010.506,0.0,0.0,0.0,0.003,142932.207143
1688734,IT,IE,CHEM1,PAPE4,0.04,20009.885,4,4,20009.883,0.0,0.0,0.0,0.002,500247.125
1688179,IT,HU,BUSIN,FINAN,0.21,20006.614,3,3,20006.614,0.0,0.0,0.0,0.0,95269.590476
1710476,IT,LT,LANDT,HOTEL,0.13,20006.389,3,3,20006.389,0.0,0.0,0.0,0.0,153895.3
1796830,IT,WL,SEACO,NATU1,0.02,20006.111,3,3,20006.111,0.0,0.0,0.0,0.0,1000305.55
1780490,IT,TW,POSTT,RUBBE,0.33,20006.096,4,4,20006.094,0.0,0.0,0.0,0.002,60624.533333
1733799,IT,SI,LANDT,SEACO,0.13,20006.018,3,3,20006.018,0.0,0.0,0.0,0.0,153892.446154
1719060,IT,PL,LIQUE,LANDT,0.04,20005.928,4,4,20005.926,0.0,0.0,0.0,0.002,500148.2
1711208,IT,LU,MACHI,NONME,0.11,20005.082,4,4,20005.08,0.0,0.0,0.0,0.002,181864.381818
1740261,IT,GB,BUSIN,TRAN2,0.21,20004.713,3,3,20004.713,0.0,0.0,0.0,0.0,95260.538095
1662251,IT,DK,CERAM,PAPER,0.03,20003.671,3,3,20003.671,0.0,0.0,0.0,0.0,666789.033333
1801964,IT,WE,RETAI,CRUDE,0.16,20003.271,3,3,20003.271,0.0,0.0,0.0,0.0,125020.44375
1721427,IT,PL,AIRTR,FISH5,0.02,20002.108,3,3,20002.108,0.0,0.0,0.0,0.0,1000105.4
1641005,IT,AT,WOODW,FOOD2,0.06,20001.765,3,3,20001.765,0.0,0.0,0.0,0.0,333362.75
1785139,IT,ZA,DAIRY,HOTEL,0.08,19999.931,3,3,19999.931,0.0,0.0,0.0,0.0,249999.1375
1666395,IT,ES,NAPHT,ELEC2,0.03,19999.694,3,3,19999.694,0.0,0.0,0.0,0.0,666656.466667
1660060,IT,DE,AIRTR,WHITE,0.02,19997.745,3,3,19997.745,0.0,0.0,0.0,0.0,999887.25
1644939,IT,BE,WOODW,TOBAC,0.06,19997.586,3,3,19997.586,0.0,0.0,0.0,0.0,333293.1
1750646,IT,CN,MOTO1,FISHF,0.11,19997.162,3,3,19997.162,0.0,0.0,0.0,0.0,181792.381818
1724856,IT,PT,BUSIN,PULP5,0.21,19997.097,3,3,19997.097,0.0,0.0,0.0,0.0,95224.271429
1751626,IT,CN,POSTT,RECRE,0.33,19997.007,4,4,19997.005,0.0,0.0,0.0,0.002,60596.990909
1760135,IT,BR,FOOD3,CHEM1,0.06,19996.785,3,3,19996.785,0.0,0.0,0.0,0.0,333279.75
1686264,IT,HU,CERAM,DISTR,0.03,19995.966,3,3,19995.966,0.0,0.0,0.0,0.0,666532.2
1686431,IT,HU,BASIC,TRAN1,0.02,19995.841,3,3,19995.841,0.0,0.0,0.0,0.0,999792.05
1643355,IT,AT,RAILW,CONST,0.13,19994.664,3,3,19994.664,0.0,0.0,0.0,0.0,153805.107692
1782267,IT,NO,ALUM1,REALE,0.03,19994.649,4,4,19994.647,0.0,0.0,0.0,0.002,666488.3
1781862,IT,NO,CHEM1,POULT,0.04,19993.291,4,4,19993.289,0.0,0.0,0.0,0.002,499832.275
1784340,IT,ID,RUBBE,PRINT,0.07,19992.764,4,4,19992.762,0.0,0.0,0.0,0.002,285610.914286
1723976,IT,PT,SALEM,WHOLE,0.16,19992.457,3,3,19992.457,0.0,0.0,0.0,0.0,124952.85625
1791296,IT,WA,CONST,HOTEL,0.11,19992.315,3,3,19992.315,0.0,0.0,0.0,0.0,181748.318182
1789236,IT,WA,PLAST,COKE1,0.04,19991.739,4,4,19991.737,0.0,0.0,0.0,0.002,499793.475
1669754,IT,ES,BUSIN,PULP5,0.21,19990.574,3,3,19990.574,0.0,0.0,0.0,0.0,95193.209524
1791637,IT,WA,HOTEL,GASDI,0.14,19989.766,4,4,19989.764,0.0,0.0,0.0,0.002,142784.042857
1797042,IT,WL,SUPPO,PFERT,0.14,19988.939,3,3,19988.939,0.0,0.0,0.0,0.0,142778.135714
1680604,IT,GR,CONST,CONST,0.11,19988.849,3,3,19988.849,0.0,0.0,0.0,0.0,181716.809091
1766405,IT,RU,BASIC,OFFIC,0.02,19988.614,3,3,19988.614,0.0,0.0,0.0,0.0,999430.7
1751002,IT,CN,WHOLE,MEATP,0.17,19985.819,3,3,19985.819,0.0,0.0,0.0,0.0,117563.641176
1773439,IT,CH,OFFIC,BASIC,0.06,19984.916,3,3,19984.916,0.0,0.0,0.0,0.0,333081.933333
1664229,IT,EE,NONME,PFERT,0.04,19984.423,4,4,19984.421,0.0,0.0,0.0,0.002,499610.575
1687169,IT,HU,FURNI,WHOLE,0.06,19984.242,4,4,19984.24,0.0,0.0,0.0,0.002,333070.7
1776798,IT,TR,NAPHT,GLASS,0.03,19983.236,3,3,19983.236,0.0,0.0,0.0,0.0,666107.866667
1648464,IT,BG,VEGET,GLASS,0.07,19983.209,3,3,19983.209,0.0,0.0,0.0,0.0,285474.414286
1716074,IT,NL,BASIC,KERO1,0.02,19982.767,3,3,19982.767,0.0,0.0,0.0,0.0,999138.35
1774291,IT,CH,HOTEL,FISHF,0.14,19982.607,4,4,19982.605,0.0,0.0,0.0,0.002,142732.907143
1722935,IT,PT,GASDI,RETA1,0.03,19982.407,4,4,19982.405,0.0,0.0,0.0,0.002,666080.233333
1663366,IT,DK,SUPPO,PUBLI,0.14,19982.215,3,3,19982.215,0.0,0.0,0.0,0.0,142730.107143
1731451,IT,SI,BEVER,RAWMI,0.08,19981.912,3,3,19981.912,0.0,0.0,0.0,0.0,249773.9
1709909,IT,LT,BASIC,CEREA,0.02,19981.763,3,3,19981.763,0.0,0.0,0.0,0.0,999088.15
1804370,IT,WF,KEROS,NATUR,0.03,19981.284,4,4,19981.282,0.0,0.0,0.0,0.002,666042.8
1654879,IT,CZ,POSTT,SUPPO,0.33,19981.143,4,4,19981.141,0.0,0.0,0.0,0.002,60548.918182
1752738,IT,CA,LEATH,BUSIN,0.14,19980.734,4,4,19980.731,0.0,0.0,0.0,0.003,142719.528571
1757867,IT,BR,CHEM1,COALT,0.04,19979.822,4,4,19979.82,0.0,0.0,0.0,0.002,499495.55
1641928,IT,AT,RUBBE,WHEAT,0.07,19979.595,4,4,19979.593,0.0,0.0,0.0,0.002,285422.785714
1790315,IT,WA,ALUM1,NAPHT,0.03,19977.946,4,4,19977.944,0.0,0.0,0.0,0.002,665931.533333
1810809,IT,WM,KEROS,MOTOR,0.03,19977.588,4,4,19977.586,0.0,0.0,0.0,0.002,665919.6
1769117,IT,AU,CHEM1,FORES,0.04,19976.942,4,4,19976.94,0.0,0.0,0.0,0.002,499423.55
1645267,IT,BE,MOTOR,LIQUE,0.03,19976.347,4,4,19976.345,0.0,0.0,0.0,0.002,665878.233333
1784553,IT,ID,MACHI,POULT,0.11,19976.341,4,4,19976.339,0.0,0.0,0.0,0.002,181603.1
1662489,IT,DK,ALUM1,TEXT2,0.03,19976.207,4,4,19976.205,0.0,0.0,0.0,0.002,665873.566667
1738456,IT,GB,LEAD1,MACHI,0.03,19974.724,4,4,19974.722,0.0,0.0,0.0,0.002,665824.133333
1787233,IT,WA,VEGET,BEVER,0.07,19974.28,3,3,19974.28,0.0,0.0,0.0,0.0,285346.857143
1812913,IT,WM,MACHI,POULT,0.11,19974.165,4,4,19974.163,0.0,0.0,0.0,0.002,181583.318182
1771957,IT,CH,PAPER,ELEC4,0.08,19973.441,4,4,19973.439,0.0,0.0,0.0,0.002,249668.0125
1685631,IT,HU,MOTOR,TRAN2,0.03,19972.533,4,4,19972.531,0.0,0.0,0.0,0.002,665751.1
1663329,IT,DK,AIRTR,POSTT,0.02,19971.875,3,3,19971.875,0.0,0.0,0.0,0.0,998593.75
1761235,IT,IN,RUBBE,MEATC,0.07,19971.644,4,4,19971.642,0.0,0.0,0.0,0.002,285309.2
1640613,IT,AT,BEVER,TEXTI,0.08,19971.024,3,3,19971.024,0.0,0.0,0.0,0.0,249637.8
1771816,IT,CH,WOODW,FOOD5,0.06,19970.397,3,3,19970.397,0.0,0.0,0.0,0.0,332839.95
1715389,IT,NL,PRINT,AUXIL,0.19,19970.375,4,4,19970.373,0.0,0.0,0.0,0.002,105107.236842
1681591,IT,GR,BUSIN,PAPE4,0.21,19969.489,3,3,19969.489,0.0,0.0,0.0,0.0,95092.804762
1716932,IT,NL,RAILW,KEROS,0.13,19968.828,3,3,19968.828,0.0,0.0,0.0,0.0,153606.369231
1778554,IT,TR,RETA1,ELEC4,0.21,19968.212,3,3,19968.212,0.0,0.0,0.0,0.0,95086.72381
1676898,IT,FR,SEACO,TEXTI,0.02,19968.156,3,3,19968.156,0.0,0.0,0.0,0.0,998407.8
1722591,IT,PT,TOBAC,TOBAC,0.08,19967.489,3,3,19967.489,0.0,0.0,0.0,0.0,249593.6125
1662457,IT,DK,ALUM1,CERAM,0.03,19967.003,4,4,19967.001,0.0,0.0,0.0,0.002,665566.766667
1808977,IT,WM,VEGET,COPPE,0.07,19965.867,3,3,19965.867,0.0,0.0,0.0,0.0,285226.671429
1787240,IT,WA,VEGET,PAPER,0.07,19963.896,3,3,19963.896,0.0,0.0,0.0,0.0,285198.514286
1800639,IT,WE,CERAM,POULT,0.03,19962.759,3,3,19962.759,0.0,0.0,0.0,0.0,665425.3
1771694,IT,CH,WEARI,FOODW,0.15,19961.647,4,4,19961.643,0.0,0.0,0.0,0.004,133077.646667
1689079,IT,IE,FURNI,FABRI,0.06,19959.248,4,4,19959.246,0.0,0.0,0.0,0.002,332654.133333
1785978,IT,ZA,RUBBE,SEACO,0.07,19958.929,4,4,19958.927,0.0,0.0,0.0,0.002,285127.557143
1813627,IT,WM,RETA1,NATU1,0.21,19957.561,3,3,19957.561,0.0,0.0,0.0,0.0,95036.004762
1807886,IT,WF,PAPE1,INSUR,0.14,19957.133,3,3,19957.133,0.0,0.0,0.0,0.0,142550.95
1737782,IT,GB,LIQUE,CONST,0.03,19956.853,4,4,19956.851,0.0,0.0,0.0,0.002,665228.433333
1763103,IT,MX,WEARI,CHEM1,0.15,19956.792,4,4,19956.788,0.0,0.0,0.0,0.004,133045.28
1660020,IT,DE,INLAN,RENTI,0.03,19953.893,3,3,19953.893,0.0,0.0,0.0,0.0,665129.766667
1752153,IT,CN,BUSIN,AUXIL,0.2,19953.628,3,3,19953.628,0.0,0.0,0.0,0.0,99768.14
1658633,IT,DE,MACHI,SEACO,0.11,19951.34,4,4,19951.338,0.0,0.0,0.0,0.002,181375.818182
1661348,IT,DK,MEATC,RETA1,0.07,19950.073,3,3,19950.073,0.0,0.0,0.0,0.0,285001.042857
1661623,IT,DK,FISH5,CHEM1,0.08,19950.014,4,4,19950.004,0.0,0.0,0.0,0.01,249375.175
1647259,IT,BE,LANDT,ELEC8,0.13,19949.938,3,3,19949.938,0.0,0.0,0.0,0.0,153461.061538
1644760,IT,BE,FISH5,PLAST,0.08,19949.131,4,4,19949.121,0.0,0.0,0.0,0.01,249364.1375
1743460,IT,US,WHOLE,CEMEN,0.17,19948.785,3,3,19948.785,0.0,0.0,0.0,0.0,117345.794118
1670578,IT,FI,TEXTI,REALE,0.12,19947.936,4,4,19947.933,0.0,0.0,0.0,0.003,166232.8
1684712,IT,HU,VEGET,MEAT1,0.07,19947.926,3,3,19947.926,0.0,0.0,0.0,0.0,284970.371429
1781939,IT,NO,CHEM1,INTER,0.04,19947.795,4,4,19947.793,0.0,0.0,0.0,0.002,498694.875
1751566,IT,CN,POSTT,PLAST,0.33,19947.542,4,4,19947.54,0.0,0.0,0.0,0.002,60447.09697
1744123,IT,US,SUPPO,MEDIC,0.14,19947.413,3,3,19947.413,0.0,0.0,0.0,0.0,142481.521429
1756401,IT,KR,FURNI,SUPPO,0.06,19946.939,4,4,19946.937,0.0,0.0,0.0,0.002,332448.983333
1737871,IT,GB,PLAST,LEAD1,0.04,19946.7,4,4,19946.698,0.0,0.0,0.0,0.002,498667.5
1642839,IT,AT,OFFIC,PUBLI,0.06,19946.372,3,3,19946.372,0.0,0.0,0.0,0.0,332439.533333
1640322,IT,AT,CHEMI,PAPER,0.05,19945.846,5,5,19944.844,0.0,0.0,1.0,0.002,398916.92
1752401,IT,CA,VEGE1,ETHAN,0.06,19945.728,4,4,19945.724,0.0,0.0,0.0,0.004,332428.8
1721873,IT,PL,REALE,HEALT,0.84,19944.205,3,3,19944.205,0.0,0.0,0.0,0.0,23743.10119
1666240,IT,ES,HEAVY,NONF1,0.03,19942.855,4,4,19942.853,0.0,0.0,0.0,0.002,664761.833333
1646365,IT,BE,FABRI,BRICK,0.08,19942.42,3,3,19942.42,0.0,0.0,0.0,0.0,249280.25
1711817,IT,LU,EDUCA,FINAN,0.5,19941.626,3,3,19941.626,0.0,0.0,0.0,0.0,39883.252
1737678,IT,GB,PRINT,FURNI,0.19,19941.316,4,4,19941.314,0.0,0.0,0.0,0.002,104954.294737
1690082,IT,IE,RENTI,DIST1,0.12,19941.035,3,3,19941.035,0.0,0.0,0.0,0.0,166175.291667
1783624,IT,NO,FOOD3,PREC1,0.06,19940.153,3,3,19940.153,0.0,0.0,0.0,0.0,332335.883333
1653278,IT,CZ,RUBBE,TRAN2,0.07,19939.735,4,4,19939.733,0.0,0.0,0.0,0.002,284853.357143
1718636,IT,PL,LEATH,REALE,0.14,19939.063,4,4,19939.06,0.0,0.0,0.0,0.003,142421.878571
1755864,IT,KR,NONME,PFERT,0.04,19938.84,4,4,19938.838,0.0,0.0,0.0,0.002,498471.0
1776737,IT,TR,LIQUE,HEAVY,0.03,19938.785,4,4,19938.783,0.0,0.0,0.0,0.002,664626.166667
1779735,IT,TR,BUSIN,KEROS,0.2,19937.256,3,3,19937.256,0.0,0.0,0.0,0.0,99686.28
1737750,IT,GB,HEAVY,CHEM1,0.03,19936.385,4,4,19936.383,0.0,0.0,0.0,0.002,664546.166667
1737203,IT,GB,DAIRY,EDUCA,0.08,19935.872,3,3,19935.872,0.0,0.0,0.0,0.0,249198.4
1667354,IT,ES,LEAD1,ELEC2,0.03,19934.462,4,4,19934.46,0.0,0.0,0.0,0.002,664482.066667
1738891,IT,GB,FURNI,BEVER,0.06,19934.266,4,4,19934.264,0.0,0.0,0.0,0.002,332237.766667
1773649,IT,CH,FURNI,SANDC,0.06,19934.06,4,4,19934.058,0.0,0.0,0.0,0.002,332234.333333
1807085,IT,WF,SEACO,NONF1,0.02,19932.385,3,3,19932.385,0.0,0.0,0.0,0.0,996619.25
1774686,IT,CH,AIRTR,93197,0.02,19932.19,3,3,19932.19,0.0,0.0,0.0,0.0,996609.5
1781626,IT,NO,WEARI,MEMBE,0.15,19931.257,4,4,19931.253,0.0,0.0,0.0,0.004,132875.046667
1709382,IT,LT,BEVER,RAWMI,0.08,19931.072,3,3,19931.072,0.0,0.0,0.0,0.0,249138.4
1763652,IT,MX,RUBBE,PROCE,0.07,19930.962,4,4,19930.96,0.0,0.0,0.0,0.002,284728.028571
1732847,IT,SI,BASIC,TRAN1,0.02,19929.338,3,3,19929.338,0.0,0.0,0.0,0.0,996466.9
1681144,IT,GR,POSTT,VEGET,0.33,19928.8,4,4,19928.798,0.0,0.0,0.0,0.002,60390.30303
1666823,IT,ES,RUBBE,PLAS2,0.07,19928.028,4,4,19928.026,0.0,0.0,0.0,0.002,284686.114286
1810453,IT,WM,PULP5,HOTEL,0.06,19927.953,4,4,19927.951,0.0,0.0,0.0,0.002,332132.55
1720344,IT,PL,FABRI,AUXIL,0.08,19927.869,3,3,19927.869,0.0,0.0,0.0,0.0,249098.3625
1710047,IT,LT,FABRI,VEGET,0.08,19927.652,3,3,19927.652,0.0,0.0,0.0,0.0,249095.65
1671752,IT,FI,SALEM,MEMBE,0.16,19927.423,3,3,19927.423,0.0,0.0,0.0,0.0,124546.39375
1690001,IT,IE,REALE,SALEM,0.84,19926.728,3,3,19926.728,0.0,0.0,0.0,0.0,23722.295238
1715191,IT,NL,WOODW,HEAVY,0.06,19926.388,3,3,19926.388,0.0,0.0,0.0,0.0,332106.466667
1798223,IT,WE,VEGET,CERAM,0.07,19925.136,3,3,19925.136,0.0,0.0,0.0,0.0,284644.8
1651767,IT,CY,MACHI,EDUCA,0.11,19924.413,4,4,19924.411,0.0,0.0,0.0,0.002,181131.027273
1765591,IT,RU,WOODW,RAWMI,0.06,19922.546,3,3,19922.546,0.0,0.0,0.0,0.0,332042.433333
1730121,IT,SE,HOTEL,COMPU,0.14,19922.438,4,4,19922.436,0.0,0.0,0.0,0.002,142303.128571
1805907,IT,WF,ALUM1,COMPU,0.03,19921.905,4,4,19921.903,0.0,0.0,0.0,0.002,664063.5
1802329,IT,WE,TRAN2,EDUCA,0.03,19921.552,3,3,19921.552,0.0,0.0,0.0,0.0,664051.733333
1756524,IT,KR,WHOLE,ELECT,0.17,19921.407,3,3,19921.407,0.0,0.0,0.0,0.0,117184.747059
1811360,IT,WM,NONSP,SANDC,0.03,19921.077,3,3,19921.077,0.0,0.0,0.0,0.0,664035.9
1714707,IT,NL,VEGE1,RENTI,0.06,19920.705,4,4,19920.701,0.0,0.0,0.0,0.004,332011.75
1646755,IT,BE,CONST,ELEC5,0.11,19920.111,3,3,19920.111,0.0,0.0,0.0,0.0,181091.918182
1749175,IT,CN,PULP5,CERAM,0.06,19918.751,4,4,19918.749,0.0,0.0,0.0,0.002,331979.183333
1790598,IT,WA,FABRI,MEATA,0.08,19918.5,3,3,19918.5,0.0,0.0,0.0,0.0,248981.25
1667246,IT,ES,PREC1,HOTEL,0.03,19917.496,3,3,19917.496,0.0,0.0,0.0,0.0,663916.533333
1793487,IT,WL,CHEMI,TOBAC,0.05,19916.844,5,5,19915.842,0.0,0.0,1.0,0.002,398336.88
1729475,IT,SE,ALUM1,PRINT,0.03,19916.375,4,4,19916.373,0.0,0.0,0.0,0.002,663879.166667
1681209,IT,GR,POSTT,HEALT,0.33,19915.518,4,4,19915.516,0.0,0.0,0.0,0.002,60350.054545
1781060,IT,TW,PUBLI,PAPER,0.33,19915.508,3,3,19915.508,0.0,0.0,0.0,0.0,60350.024242
1689883,IT,IE,AUXIL,MOTOR,0.36,19915.035,3,3,19915.035,0.0,0.0,0.0,0.0,55319.541667
1757062,IT,KR,BUSIN,SECO9,0.2,19914.646,3,3,19914.646,0.0,0.0,0.0,0.0,99573.23
1719924,IT,PL,PREC1,CERAM,0.03,19913.269,3,3,19913.269,0.0,0.0,0.0,0.0,663775.633333
1749039,IT,CN,LEATH,ELEC3,0.14,19912.661,4,4,19912.658,0.0,0.0,0.0,0.003,142233.292857
1741505,IT,US,AVIAT,CHEM1,0.05,19911.982,3,3,19911.982,0.0,0.0,0.0,0.0,398239.64
1642671,IT,AT,FABRI,AUXIL,0.08,19910.475,3,3,19910.475,0.0,0.0,0.0,0.0,248880.9375
1729504,IT,SE,ALUM1,SUPPO,0.03,19909.453,4,4,19909.451,0.0,0.0,0.0,0.002,663648.433333
1731487,IT,SI,BEVER,FINAN,0.08,19908.914,3,3,19908.914,0.0,0.0,0.0,0.0,248861.425
1725827,IT,RO,MOTOR,POSTT,0.03,19908.663,4,4,19908.661,0.0,0.0,0.0,0.002,663622.1
1655623,IT,DE,SANDC,LANDT,0.05,19907.901,4,4,19903.901,0.0,0.0,4.0,0.0,398158.02
1764646,IT,MX,RETA1,FABRI,0.21,19906.681,3,3,19906.681,0.0,0.0,0.0,0.0,94793.719048
1813906,IT,WM,LANDT,TRAN2,0.13,19906.015,3,3,19906.015,0.0,0.0,0.0,0.0,153123.192308
1771024,IT,CH,MEATA,BUSIN,0.11,19905.878,4,4,19905.875,0.0,0.0,0.0,0.003,180962.527273
1715039,IT,NL,TEXTI,CEMEN,0.12,19905.414,4,4,19905.411,0.0,0.0,0.0,0.003,165878.45
1776486,IT,TR,MOTOR,ELEC4,0.03,19904.093,4,4,19904.091,0.0,0.0,0.0,0.002,663469.766667
1802392,IT,WE,SEACO,BUSIN,0.02,19904.055,3,3,19904.055,0.0,0.0,0.0,0.0,995202.75
1732646,IT,SI,GLASS,SUPPO,0.05,19904.052,3,3,19904.052,0.0,0.0,0.0,0.0,398081.04
1764907,IT,MX,AIRTR,REALE,0.02,19903.954,3,3,19903.954,0.0,0.0,0.0,0.0,995197.7
1651721,IT,CY,MACHI,VEGET,0.11,19903.718,4,4,19903.716,0.0,0.0,0.0,0.002,180942.890909
1719474,IT,PL,RUBBE,WOOD2,0.07,19901.638,4,4,19901.636,0.0,0.0,0.0,0.002,284309.114286
1683159,IT,HR,GLASS,MEAT1,0.05,19900.583,3,3,19900.583,0.0,0.0,0.0,0.0,398011.66
1808957,IT,WM,CEREA,BUSIN,0.03,19900.495,3,3,19900.495,0.0,0.0,0.0,0.0,663349.833333
1651584,IT,CY,GLASS,CHEM1,0.05,19899.943,3,3,19899.943,0.0,0.0,0.0,0.0,397998.86
1751505,IT,CN,SUPPO,WEARI,0.14,19899.943,3,3,19899.943,0.0,0.0,0.0,0.0,142142.45
1792461,IT,WA,AUXIL,WHOLE,0.36,19899.713,3,3,19899.713,0.0,0.0,0.0,0.0,55276.980556
1647294,IT,BE,LANDT,PLAS1,0.13,19899.513,3,3,19899.513,0.0,0.0,0.0,0.0,153073.176923
1786268,IT,ZA,FABRI,FISH5,0.08,19899.217,3,3,19899.217,0.0,0.0,0.0,0.0,248740.2125
1808823,IT,WF,WOOD2,93197,0.11,19898.479,3,3,19898.479,0.0,0.0,0.0,0.0,180895.263636
1662441,IT,DK,ALUM1,VEGE1,0.03,19898.478,4,4,19898.476,0.0,0.0,0.0,0.002,663282.6
1668859,IT,ES,SEACO,PROCE,0.02,19897.968,3,3,19897.968,0.0,0.0,0.0,0.0,994898.4
1728058,IT,SE,MEATC,PUBLI,0.07,19897.092,3,3,19897.092,0.0,0.0,0.0,0.0,284244.171429
1813500,IT,WM,RETAI,CRUDE,0.16,19896.552,3,3,19896.552,0.0,0.0,0.0,0.0,124353.45
1641204,IT,AT,PRINT,POSTT,0.19,19894.779,4,4,19894.777,0.0,0.0,0.0,0.002,104709.363158
1666082,IT,ES,GASDI,NICKE,0.03,19893.329,4,4,19893.327,0.0,0.0,0.0,0.002,663110.966667
1641362,IT,AT,KEROS,TRAN1,0.03,19893.025,4,4,19893.023,0.0,0.0,0.0,0.002,663100.833333
1673010,IT,FR,SUGA1,WHOLE,0.05,19892.64,4,4,19892.637,0.0,0.0,0.0,0.003,397852.8
1743385,IT,US,SALEM,TRAN1,0.16,19892.2,3,3,19892.2,0.0,0.0,0.0,0.0,124326.25
1769248,IT,AU,RUBBE,WEARI,0.07,19890.511,4,4,19890.509,0.0,0.0,0.0,0.002,284150.157143
1685609,IT,HU,PRINT,RESEA,0.19,19889.969,4,4,19889.967,0.0,0.0,0.0,0.002,104684.047368
1687122,IT,HU,TRANS,WHOLE,0.12,19888.806,3,3,19888.806,0.0,0.0,0.0,0.0,165740.05
1641198,IT,AT,PRINT,HOTEL,0.19,19887.874,4,4,19887.872,0.0,0.0,0.0,0.002,104673.021053
1660723,IT,DE,RENTI,DISTR,0.12,19887.406,3,3,19887.406,0.0,0.0,0.0,0.0,165728.383333
1712284,IT,LV,CHEM1,WOODW,0.04,19886.793,4,4,19886.791,0.0,0.0,0.0,0.002,497169.825
1761556,IT,IN,COPP1,PFERT,0.05,19886.301,3,3,19886.301,0.0,0.0,0.0,0.0,397726.02
1785380,IT,ZA,PAPER,BITUM,0.08,19885.005,4,4,19885.003,0.0,0.0,0.0,0.002,248562.5625
1678543,IT,GR,VEGET,COPP1,0.07,19884.782,3,3,19884.782,0.0,0.0,0.0,0.0,284068.314286
1662347,IT,DK,BASIC,PRINT,0.02,19884.091,3,3,19884.091,0.0,0.0,0.0,0.0,994204.55
1780655,IT,TW,AUXIL,GASDI,0.36,19883.787,3,3,19883.787,0.0,0.0,0.0,0.0,55232.741667
1640793,IT,AT,WEARI,BEVER,0.15,19883.57,4,4,19883.566,0.0,0.0,0.0,0.004,132557.133333
1796862,IT,WL,SEACO,BRICK,0.02,19881.549,3,3,19881.549,0.0,0.0,0.0,0.0,994077.45
1653626,IT,CZ,ALUM1,LEATH,0.03,19880.522,4,4,19880.52,0.0,0.0,0.0,0.002,662684.066667
1742722,IT,US,FABRI,MEATC,0.08,19880.19,3,3,19880.19,0.0,0.0,0.0,0.0,248502.375
1777425,IT,TR,NONME,PLAST,0.04,19879.439,4,4,19879.437,0.0,0.0,0.0,0.002,496985.975
1679991,IT,GR,FABRI,RENTI,0.08,19878.976,3,3,19878.976,0.0,0.0,0.0,0.0,248487.2
1656761,IT,DE,KEROS,LUBRI,0.03,19878.305,4,4,19878.303,0.0,0.0,0.0,0.002,662610.166667
1786900,IT,ZA,AIRTR,FOOD5,0.02,19878.203,3,3,19878.203,0.0,0.0,0.0,0.0,993910.15
1772335,IT,CH,PLAST,DIST1,0.04,19877.526,4,4,19877.524,0.0,0.0,0.0,0.002,496938.15
1750855,IT,CN,FURNI,ELEC8,0.06,19877.474,4,4,19877.472,0.0,0.0,0.0,0.002,331291.233333
1787411,IT,WA,FISHF,LEAD1,0.03,19876.675,3,3,19876.675,0.0,0.0,0.0,0.0,662555.833333
1780411,IT,TW,SUPPO,PAPER,0.14,19875.318,3,3,19875.318,0.0,0.0,0.0,0.0,141966.557143
1654969,IT,CZ,INSUR,WHOLE,0.41,19875.124,3,3,19875.124,0.0,0.0,0.0,0.0,48475.912195
1777462,IT,TR,BASIC,COPPE,0.02,19874.059,3,3,19874.059,0.0,0.0,0.0,0.0,993702.95
1759672,IT,BR,RESEA,REALE,0.11,19873.097,3,3,19873.097,0.0,0.0,0.0,0.0,180664.518182
1665276,IT,ES,BEVER,BIODI,0.08,19872.563,3,3,19872.563,0.0,0.0,0.0,0.0,248407.0375
1646396,IT,BE,FABRI,INLAN,0.08,19870.832,3,3,19870.832,0.0,0.0,0.0,0.0,248385.4
1657452,IT,DE,RUBBE,ELEC2,0.07,19868.79,4,4,19868.788,0.0,0.0,0.0,0.002,283839.857143
1671006,IT,FI,ADDIT,KEROS,0.05,19868.048,4,4,19868.046,0.0,0.0,0.0,0.002,397360.96
1661279,IT,DK,OILSE,ELECT,0.01,19867.399,3,3,19867.399,0.0,0.0,0.0,0.0,1986739.9
1714294,IT,MT,PUBLI,RADIO,0.33,19866.943,3,3,19866.943,0.0,0.0,0.0,0.0,60202.857576
1729704,IT,SE,MACHI,OILSE,0.11,19866.707,4,4,19866.705,0.0,0.0,0.0,0.002,180606.427273
1766919,IT,RU,OFFIC,RECRE,0.06,19865.712,3,3,19865.712,0.0,0.0,0.0,0.0,331095.2
1732098,IT,SI,KERO1,RENTI,0.03,19865.291,4,4,19865.289,0.0,0.0,0.0,0.002,662176.366667
1650047,IT,BG,MACHI,BASIC,0.11,19863.781,4,4,19863.779,0.0,0.0,0.0,0.002,180579.827273
1765509,IT,RU,WEARI,HOTEL,0.15,19862.83,4,4,19862.826,0.0,0.0,0.0,0.004,132418.866667
1799489,IT,WE,PAPER,TRAN1,0.08,19862.322,4,4,19862.32,0.0,0.0,0.0,0.002,248279.025
1794035,IT,WL,PULP5,BIOGA,0.06,19861.376,4,4,19861.374,0.0,0.0,0.0,0.002,331022.933333
1646071,IT,BE,BASIC,CERAM,0.02,19861.244,3,3,19861.244,0.0,0.0,0.0,0.0,993062.2
1762912,IT,MX,CHEMI,FISHF,0.05,19860.787,5,5,19859.785,0.0,0.0,1.0,0.002,397215.74
1779749,IT,TR,BUSIN,CEMEN,0.2,19859.901,3,3,19859.901,0.0,0.0,0.0,0.0,99299.505
1647592,IT,BE,POSTT,CHEM1,0.33,19859.887,4,4,19859.885,0.0,0.0,0.0,0.002,60181.475758
1794682,IT,WL,NAPHT,CERAM,0.03,19859.747,3,3,19859.747,0.0,0.0,0.0,0.0,661991.566667
1644024,IT,AT,BUSIN,LEATH,0.2,19858.245,3,3,19858.245,0.0,0.0,0.0,0.0,99291.225
1744132,IT,US,SUPPO,TRAN1,0.14,19858.072,3,3,19858.072,0.0,0.0,0.0,0.0,141843.371429
1810448,IT,WM,PULP5,CONST,0.06,19857.069,4,4,19857.067,0.0,0.0,0.0,0.002,330951.15
1731964,IT,SI,MOTOR,FOOD3,0.03,19856.299,4,4,19856.297,0.0,0.0,0.0,0.002,661876.633333
1734382,IT,SK,WHEAT,PLAST,0.02,19856.254,3,3,19856.254,0.0,0.0,0.0,0.0,992812.7
1686529,IT,HU,ALUM1,MEAT1,0.03,19855.616,4,4,19855.614,0.0,0.0,0.0,0.002,661853.866667
1728406,IT,SE,WEARI,FORES,0.15,19855.4,4,4,19855.396,0.0,0.0,0.0,0.004,132369.333333
1769362,IT,AU,CERAM,WHEAT,0.03,19855.366,3,3,19855.366,0.0,0.0,0.0,0.0,661845.533333
1744584,IT,US,RENTI,CATTL,0.12,19854.418,3,3,19854.418,0.0,0.0,0.0,0.0,165453.483333
1810326,IT,WM,WOODW,WEARI,0.06,19853.617,3,3,19853.617,0.0,0.0,0.0,0.0,330893.616667
1682860,IT,HR,LIQUE,HOTEL,0.03,19852.458,4,4,19852.456,0.0,0.0,0.0,0.002,661748.6
1777643,IT,TR,ALUM1,COMPU,0.03,19852.329,4,4,19852.327,0.0,0.0,0.0,0.002,661744.3
1794448,IT,WL,GASDI,PROCE,0.03,19851.941,4,4,19851.939,0.0,0.0,0.0,0.002,661731.366667
1666361,IT,ES,LIQUE,INERT,0.03,19851.127,4,4,19851.125,0.0,0.0,0.0,0.002,661704.233333
1745947,IT,JP,WOODW,GLASS,0.06,19850.117,3,3,19850.117,0.0,0.0,0.0,0.0,330835.283333
1799454,IT,WE,PAPER,LIQUE,0.08,19849.76,4,4,19849.758,0.0,0.0,0.0,0.002,248122.0
1793717,IT,WL,FOOD5,REALE,0.1,19847.012,4,4,19847.01,0.0,0.0,0.0,0.002,198470.12
1793545,IT,WL,MEAT4,VEGE1,0.11,19846.705,3,3,19846.705,0.0,0.0,0.0,0.0,180424.590909
1689808,IT,IE,INSUR,CEMEN,0.41,19845.525,3,3,19845.525,0.0,0.0,0.0,0.0,48403.719512
1712034,IT,LV,FOOD5,DAIRY,0.1,19845.276,4,4,19845.274,0.0,0.0,0.0,0.002,198452.76
1641328,IT,AT,KEROS,IRONO,0.03,19844.801,4,4,19844.799,0.0,0.0,0.0,0.002,661493.366667
1808131,IT,WF,WOOD1,INSUR,0.13,19843.295,3,3,19843.295,0.0,0.0,0.0,0.0,152640.730769
1791757,IT,WA,RAILW,CONST,0.13,19841.494,3,3,19841.494,0.0,0.0,0.0,0.0,152626.876923
1721914,IT,PL,RENTI,RETA1,0.12,19841.279,3,3,19841.279,0.0,0.0,0.0,0.0,165343.991667
1676061,IT,FR,ELEC7,GASDI,0.01,19837.104,3,3,19837.104,0.0,0.0,0.0,0.0,1983710.4
1656764,IT,DE,KEROS,CHEM1,0.03,19835.755,4,4,19835.753,0.0,0.0,0.0,0.002,661191.833333
1734267,IT,SI,COMPU,POSTT,0.23,19834.509,3,3,19834.509,0.0,0.0,0.0,0.0,86236.995652
1720511,IT,PL,MACHI,PLAS2,0.11,19833.533,4,4,19833.531,0.0,0.0,0.0,0.002,180304.845455
1742897,IT,US,MACHI,PETRO,0.11,19832.904,4,4,19832.902,0.0,0.0,0.0,0.002,180299.127273
1797710,IT,WL,PLAS1,WHOLE,0.07,19832.514,3,3,19832.514,0.0,0.0,0.0,0.0,283321.628571
1768305,IT,AU,STONE,CONST,0.06,19831.477,4,4,19830.477,0.0,0.0,1.0,0.0,330524.616667
1670266,IT,FI,VEGET,WEARI,0.07,19830.986,3,3,19830.986,0.0,0.0,0.0,0.0,283299.8
1791116,IT,WA,TRANS,STEAM,0.12,19830.008,3,3,19830.008,0.0,0.0,0.0,0.0,165250.066667
1689329,IT,IE,RETA1,WOODW,0.21,19829.709,3,3,19829.709,0.0,0.0,0.0,0.0,94427.185714
1713661,IT,MT,LEAD1,REALE,0.03,19829.405,4,4,19829.403,0.0,0.0,0.0,0.002,660980.166667
1773300,IT,CH,MACHI,VEGE1,0.11,19827.761,4,4,19827.759,0.0,0.0,0.0,0.002,180252.372727
1809654,IT,WM,DAIRY,POSTT,0.08,19826.861,3,3,19826.861,0.0,0.0,0.0,0.0,247835.7625
1747929,IT,JP,COMPU,RESEA,0.23,19826.055,3,3,19826.055,0.0,0.0,0.0,0.0,86200.23913
1755153,IT,KR,LEATH,TRAN1,0.14,19825.963,4,4,19825.96,0.0,0.0,0.0,0.003,141614.021429
1737086,IT,GB,CHEMI,HOTEL,0.05,19825.816,5,5,19824.814,0.0,0.0,1.0,0.002,396516.32
1750965,IT,CN,SALEM,LANDT,0.16,19825.325,3,3,19825.325,0.0,0.0,0.0,0.0,123908.28125
1733523,IT,SI,WHOLE,POSTT,0.17,19825.174,3,3,19825.174,0.0,0.0,0.0,0.0,116618.670588
1808269,IT,WF,FOOD2,WEARI,0.12,19824.376,3,3,19824.376,0.0,0.0,0.0,0.0,165203.133333
1738022,IT,GB,RUBBE,PIGS9,0.07,19823.469,4,4,19823.467,0.0,0.0,0.0,0.002,283192.414286
1687149,IT,HU,FURNI,PLAST,0.06,19823.016,4,4,19823.014,0.0,0.0,0.0,0.002,330383.6
1685464,IT,HU,WOODW,SUPPO,0.06,19822.097,3,3,19822.097,0.0,0.0,0.0,0.0,330368.283333
1664095,IT,EE,CHEM1,LANDT,0.04,19821.789,4,4,19821.787,0.0,0.0,0.0,0.002,495544.725
1803499,IT,WF,VEGE1,IRONO,0.06,19821.166,4,4,19821.162,0.0,0.0,0.0,0.004,330352.766667
1680110,IT,GR,OFFIC,BEVER,0.06,19820.932,3,3,19820.932,0.0,0.0,0.0,0.0,330348.866667
1752960,IT,CA,CHEM1,CROPS,0.04,19820.073,4,4,19820.071,0.0,0.0,0.0,0.002,495501.825
1657401,IT,DE,RUBBE,TOBAC,0.07,19817.968,4,4,19817.966,0.0,0.0,0.0,0.002,283113.828571
1666423,IT,ES,BITU1,PETRO,0.03,19817.654,4,4,19817.652,0.0,0.0,0.0,0.002,660588.466667
1643558,IT,AT,SEACO,NONF1,0.02,19817.631,3,3,19817.631,0.0,0.0,0.0,0.0,990881.55
1813679,IT,WM,RETA1,FURNI,0.21,19816.619,3,3,19816.619,0.0,0.0,0.0,0.0,94364.852381
1741123,IT,US,WEARI,CONST,0.15,19815.894,4,4,19815.89,0.0,0.0,0.0,0.004,132105.96
1778944,IT,TR,SEACO,ELEC8,0.02,19815.725,3,3,19815.725,0.0,0.0,0.0,0.0,990786.25
1709333,IT,LT,VEGE1,OFFIC,0.06,19815.69,4,4,19815.686,0.0,0.0,0.0,0.004,330261.5
1664653,IT,EE,LANDT,SALEM,0.13,19814.388,3,3,19814.388,0.0,0.0,0.0,0.0,152418.369231
1752043,IT,CN,RESEA,93197,0.11,19812.258,3,3,19812.258,0.0,0.0,0.0,0.0,180111.436364
1814477,IT,WM,COMPU,HEALT,0.23,19812.194,3,3,19812.194,0.0,0.0,0.0,0.0,86139.973913
1658472,IT,DE,FABRI,STEAM,0.08,19811.301,3,3,19811.301,0.0,0.0,0.0,0.0,247641.2625
1779465,IT,TR,RENTI,MEATC,0.12,19810.123,3,3,19810.123,0.0,0.0,0.0,0.0,165084.358333
1647458,IT,BE,AIRTR,PAPE1,0.02,19810.064,3,3,19810.064,0.0,0.0,0.0,0.0,990503.2
1661534,IT,DK,FOOD5,PRIVA,0.1,19809.624,4,4,19809.622,0.0,0.0,0.0,0.002,198096.24
1738735,IT,GB,MACHI,INTER,0.11,19809.58,4,4,19809.578,0.0,0.0,0.0,0.002,180087.090909
1773299,IT,CH,MACHI,MEAT4,0.11,19808.701,4,4,19808.699,0.0,0.0,0.0,0.002,180079.1
1777695,IT,TR,COPP1,FOUND,0.05,19808.034,3,3,19808.034,0.0,0.0,0.0,0.0,396160.68
1714764,IT,NL,DAIRY,FOOD2,0.08,19806.886,3,3,19806.886,0.0,0.0,0.0,0.0,247586.075
1653183,IT,CZ,CHEM1,FOOD3,0.04,19806.827,4,4,19806.825,0.0,0.0,0.0,0.002,495170.675
1712801,IT,LV,SEACO,HEALT,0.02,19806.141,3,3,19806.141,0.0,0.0,0.0,0.0,990307.05
1688392,IT,IE,FOOD5,RETA1,0.1,19806.02,4,4,19806.018,0.0,0.0,0.0,0.002,198060.2
1777401,IT,TR,CERAM,PUBLI,0.03,19805.831,3,3,19805.831,0.0,0.0,0.0,0.0,660194.366667
1721552,IT,PL,SUPPO,SEACO,0.14,19804.941,3,3,19804.941,0.0,0.0,0.0,0.0,141463.864286
1746137,IT,JP,NAPHT,DIST1,0.03,19804.673,3,3,19804.673,0.0,0.0,0.0,0.0,660155.766667
1650955,IT,BG,AIRTR,RECRE,0.02,19804.112,3,3,19804.112,0.0,0.0,0.0,0.0,990205.6
1776787,IT,TR,NAPHT,WEARI,0.03,19803.009,3,3,19803.009,0.0,0.0,0.0,0.0,660100.3
1679156,IT,GR,PAPER,AUXIL,0.08,19802.116,4,4,19802.114,0.0,0.0,0.0,0.002,247526.45
1644908,IT,BE,LEATH,TRANS,0.14,19801.737,4,4,19801.734,0.0,0.0,0.0,0.003,141440.978571
1749449,IT,CN,HEAVY,PAPER,0.03,19801.489,4,4,19801.487,0.0,0.0,0.0,0.002,660049.633333
1661459,IT,DK,DAIRY,EDUCA,0.08,19800.408,3,3,19800.408,0.0,0.0,0.0,0.0,247505.1
1763263,IT,MX,PAPER,SUGAR,0.08,19799.946,4,4,19799.944,0.0,0.0,0.0,0.002,247499.325
1670711,IT,FI,PAPER,MEATC,0.08,19799.883,4,4,19799.881,0.0,0.0,0.0,0.002,247498.5375
1747069,IT,JP,FURNI,ALUM1,0.06,19799.6,4,4,19799.598,0.0,0.0,0.0,0.002,329993.333333
1757178,IT,BR,CHEMI,RECRE,0.05,19798.649,5,5,19797.647,0.0,0.0,1.0,0.002,395972.98
1672623,IT,FR,FISHF,RECRE,0.03,19796.852,3,3,19796.852,0.0,0.0,0.0,0.0,659895.066667
1786530,IT,ZA,FURNI,FOOD5,0.06,19796.715,4,4,19796.713,0.0,0.0,0.0,0.002,329945.25
1657653,IT,DE,CERAM,OFFIC,0.03,19796.578,3,3,19796.578,0.0,0.0,0.0,0.0,659885.933333
1746759,IT,JP,MACHI,POULT,0.11,19796.181,4,4,19796.179,0.0,0.0,0.0,0.002,179965.281818
1645133,IT,BE,PRINT,FOOD5,0.19,19795.189,4,4,19795.187,0.0,0.0,0.0,0.002,104185.205263
1667737,IT,ES,OFFIC,PADDY,0.06,19794.179,3,3,19794.179,0.0,0.0,0.0,0.0,329902.983333
1736524,IT,SK,AIRTR,PUBLI,0.02,19793.859,3,3,19793.859,0.0,0.0,0.0,0.0,989692.95
1723521,IT,PT,COPP1,TRANS,0.05,19793.534,3,3,19793.534,0.0,0.0,0.0,0.0,395870.68
1728798,IT,SE,NAPHT,REFI1,0.03,19792.162,3,3,19792.162,0.0,0.0,0.0,0.0,659738.733333
1647709,IT,BE,INSUR,GASDI,0.41,19790.479,3,3,19790.479,0.0,0.0,0.0,0.0,48269.460976
1797777,IT,WL,OILHA,CRUDE,0.11,19790.113,3,3,19790.113,0.0,0.0,0.0,0.0,179910.118182
1787540,IT,WA,CHEMI,FOUND,0.05,19790.072,5,5,19789.07,0.0,0.0,1.0,0.002,395801.44
1670218,IT,ES,RECRE,POSTT,0.25,19789.523,3,3,19789.523,0.0,0.0,0.0,0.0,79158.092
1762918,IT,MX,CHEMI,OFFIC,0.05,19788.636,5,5,19787.634,0.0,0.0,1.0,0.002,395772.72
1813951,IT,WM,SEACO,CROPS,0.02,19788.542,3,3,19788.542,0.0,0.0,0.0,0.0,989427.1
1745689,IT,JP,TEXTI,WASTE,0.12,19787.977,4,4,19787.974,0.0,0.0,0.0,0.003,164899.808333
1652972,IT,CZ,PETRO,MOTOR,0.03,19787.896,4,4,19787.894,0.0,0.0,0.0,0.002,659596.533333
1726023,IT,RO,CHEM1,SEACO,0.04,19787.635,4,4,19787.633,0.0,0.0,0.0,0.002,494690.875
1679225,IT,GR,MOTOR,PUBLI,0.03,19787.483,4,4,19787.481,0.0,0.0,0.0,0.002,659582.766667
1725914,IT,RO,PARAF,INLAN,0.03,19786.363,3,3,19786.363,0.0,0.0,0.0,0.0,659545.433333
1764566,IT,MX,WHOLE,LEATH,0.17,19785.128,3,3,19785.128,0.0,0.0,0.0,0.0,116383.105882
1812390,IT,WM,BASIC,FOOD3,0.02,19784.569,3,3,19784.569,0.0,0.0,0.0,0.0,989228.45
1805513,IT,WF,CERAM,FABRI,0.03,19784.19,3,3,19784.19,0.0,0.0,0.0,0.0,659473.0
1652334,IT,CZ,BEVER,MEMBE,0.08,19783.159,3,3,19783.159,0.0,0.0,0.0,0.0,247289.4875
1734985,IT,SK,NONSP,WOODW,0.03,19782.649,3,3,19782.649,0.0,0.0,0.0,0.0,659421.633333
1735690,IT,SK,FABRI,GLASS,0.08,19782.57,3,3,19782.57,0.0,0.0,0.0,0.0,247282.125
1729698,IT,SE,FABRI,MEMBE,0.08,19782.472,3,3,19782.472,0.0,0.0,0.0,0.0,247280.9
1795062,IT,WL,ADDIT,TRAN2,0.05,19781.925,4,4,19781.923,0.0,0.0,0.0,0.002,395638.5
1756480,IT,KR,CONST,HEALT,0.11,19781.131,3,3,19781.131,0.0,0.0,0.0,0.0,179828.463636
1808955,IT,WM,CEREA,COMPU,0.03,19780.17,3,3,19780.17,0.0,0.0,0.0,0.0,659339.0
1800058,IT,WE,LIQUE,TRANS,0.03,19780.161,4,4,19780.159,0.0,0.0,0.0,0.002,659338.7
1682487,IT,HR,PRINT,CHEM1,0.19,19778.752,4,4,19778.75,0.0,0.0,0.0,0.002,104098.694737
1803960,IT,WF,LEATH,MEATA,0.14,19778.532,4,4,19778.529,0.0,0.0,0.0,0.003,141275.228571
1802260,IT,WE,LANDT,PAPER,0.13,19778.212,3,3,19778.212,0.0,0.0,0.0,0.0,152140.092308
1685802,IT,HU,PLAST,HOTEL,0.04,19777.713,4,4,19777.711,0.0,0.0,0.0,0.002,494442.825
1679787,IT,GR,PREC1,RADIO,0.03,19777.163,3,3,19777.163,0.0,0.0,0.0,0.0,659238.766667
1776277,IT,TR,PAPER,SANDC,0.08,19776.113,4,4,19776.111,0.0,0.0,0.0,0.002,247201.4125
1789099,IT,WA,BITU1,EDUCA,0.03,19776.109,4,4,19776.107,0.0,0.0,0.0,0.002,659203.633333
1645741,IT,BE,RUBBE,KERO1,0.07,19776.066,4,4,19776.064,0.0,0.0,0.0,0.002,282515.228571
1686044,IT,HU,RUBBE,VEGET,0.07,19772.081,4,4,19772.079,0.0,0.0,0.0,0.002,282458.3
1729699,IT,SE,FABRI,RECRE,0.08,19770.72,3,3,19770.72,0.0,0.0,0.0,0.0,247134.0
1771626,IT,CH,WEARI,RAWMI,0.15,19770.499,4,4,19770.495,0.0,0.0,0.0,0.004,131803.326667
1757137,IT,BR,FORES,WOODW,0.17,19769.614,4,4,19761.614,0.0,8.0,0.0,0.0,116291.847059
1719022,IT,PL,GASDI,RETA1,0.03,19769.566,4,4,19769.564,0.0,0.0,0.0,0.002,658985.533333
1724472,IT,PT,SUPPO,FURNI,0.14,19769.523,3,3,19769.523,0.0,0.0,0.0,0.0,141210.878571
1814812,IT,WM,INERT,REALE,0.14,19768.534,3,3,19768.534,0.0,0.0,0.0,0.0,141203.814286
1683132,IT,HR,RUBBE,COMPU,0.07,19768.365,4,4,19768.363,0.0,0.0,0.0,0.002,282405.214286
1766086,IT,RU,RUBBE,MEATC,0.07,19767.952,4,4,19767.95,0.0,0.0,0.0,0.002,282399.314286
1786100,IT,ZA,NONME,TRANS,0.04,19767.576,4,4,19767.574,0.0,0.0,0.0,0.002,494189.4
1649817,IT,BG,ALUM1,TEXTI,0.03,19767.453,4,4,19767.451,0.0,0.0,0.0,0.002,658915.1
1717093,IT,NL,LANDT,93197,0.13,19766.954,3,3,19766.954,0.0,0.0,0.0,0.0,152053.492308
1779675,IT,TR,RESEA,TRANS,0.11,19766.754,3,3,19766.754,0.0,0.0,0.0,0.0,179697.763636
1741083,IT,US,TEXTI,INSUR,0.12,19765.128,4,4,19765.125,0.0,0.0,0.0,0.003,164709.4
1774705,IT,CH,SUPPO,PAPER,0.14,19764.405,3,3,19764.405,0.0,0.0,0.0,0.0,141174.321429
1679973,IT,GR,FABRI,TRAN1,0.08,19762.862,3,3,19762.862,0.0,0.0,0.0,0.0,247035.775
1753992,IT,CA,LANDT,WHOLE,0.13,19761.951,3,3,19761.951,0.0,0.0,0.0,0.0,152015.007692
1689536,IT,IE,SEACO,FABRI,0.02,19760.452,3,3,19760.452,0.0,0.0,0.0,0.0,988022.6
1680944,IT,GR,SEACO,OFFIC,0.02,19760.192,3,3,19760.192,0.0,0.0,0.0,0.0,988009.6
1732861,IT,SI,BASIC,SEACO,0.02,19757.966,3,3,19757.966,0.0,0.0,0.0,0.0,987898.3
1776982,IT,TR,CHEM1,PADDY,0.04,19757.185,4,4,19757.183,0.0,0.0,0.0,0.002,493929.625
1749903,IT,CN,GLASS,COKIN,0.05,19756.586,3,3,19756.586,0.0,0.0,0.0,0.0,395131.72
1674931,IT,FR,BASIC,COPP1,0.02,19756.214,3,3,19756.214,0.0,0.0,0.0,0.0,987810.7
1740904,IT,US,SUGA1,FOOD5,0.05,19756.001,4,4,19755.998,0.0,0.0,0.0,0.003,395120.02
1740720,IT,US,CHEMI,INSUR,0.05,19755.445,5,5,19754.443,0.0,0.0,1.0,0.002,395108.9
1719669,IT,PL,NONME,VEGET,0.04,19752.975,4,4,19752.973,0.0,0.0,0.0,0.002,493824.375
1793789,IT,WL,TEXTI,PADDY,0.12,19752.251,4,4,19752.248,0.0,0.0,0.0,0.003,164602.091667
1751324,IT,CN,LANDT,ALUM1,0.13,19752.179,3,3,19752.179,0.0,0.0,0.0,0.0,151939.838462
1713614,IT,MT,BASIC,REALE,0.02,19750.694,3,3,19750.694,0.0,0.0,0.0,0.0,987534.7
1733820,IT,SI,LANDT,FOOD4,0.13,19749.634,3,3,19749.634,0.0,0.0,0.0,0.0,151920.261538
1664061,IT,EE,CHEM1,PAPER,0.04,19749.104,4,4,19749.102,0.0,0.0,0.0,0.002,493727.6
1722992,IT,PT,NONSP,MOTOR,0.03,19748.705,3,3,19748.705,0.0,0.0,0.0,0.0,658290.166667
1681892,IT,HR,DAIRY,WOODW,0.08,19747.522,3,3,19747.522,0.0,0.0,0.0,0.0,246844.025
1721561,IT,PL,SUPPO,COMPU,0.14,19746.646,3,3,19746.646,0.0,0.0,0.0,0.0,141047.471429
1728951,IT,SE,CHEM1,AIRTR,0.04,19746.4,4,4,19746.398,0.0,0.0,0.0,0.002,493660.0
1647971,IT,BE,RENTI,SALEM,0.12,19745.317,3,3,19745.317,0.0,0.0,0.0,0.0,164544.308333
1761015,IT,IN,PLAST,NATU1,0.04,19744.868,4,4,19744.866,0.0,0.0,0.0,0.002,493621.7
1774776,IT,CH,POSTT,FOOD5,0.33,19744.417,4,4,19744.415,0.0,0.0,0.0,0.002,59831.566667
1641206,IT,AT,PRINT,INSUR,0.19,19742.344,4,4,19742.342,0.0,0.0,0.0,0.002,103907.073684
1718427,IT,PL,BEVER,93197,0.08,19741.587,3,3,19741.587,0.0,0.0,0.0,0.0,246769.8375
1725257,IT,RO,FOOD5,POSTT,0.09,19741.455,4,4,19741.453,0.0,0.0,0.0,0.002,219349.5
1716009,IT,NL,CEMEN,FABRI,0.03,19740.984,3,3,19740.984,0.0,0.0,0.0,0.0,658032.8
1750799,IT,CN,FURNI,DAIRY,0.06,19738.919,4,4,19738.917,0.0,0.0,0.0,0.002,328981.983333
1801454,IT,WE,MOTO1,DAIRY,0.11,19738.479,3,3,19738.479,0.0,0.0,0.0,0.0,179440.718182
1730427,IT,SE,POSTT,COPP1,0.33,19736.457,4,4,19736.455,0.0,0.0,0.0,0.002,59807.445455
1792859,IT,WA,EDUCA,OFFIC,0.49,19735.571,3,3,19735.571,0.0,0.0,0.0,0.0,40276.67551
1643005,IT,AT,CONST,PLAST,0.11,19735.526,3,3,19735.526,0.0,0.0,0.0,0.0,179413.872727
1684907,IT,HU,CHEMI,PIGS9,0.05,19735.069,5,5,19734.067,0.0,0.0,1.0,0.002,394701.38
1777708,IT,TR,COPP1,ELEC4,0.05,19734.272,3,3,19734.272,0.0,0.0,0.0,0.0,394685.44
1802327,IT,WE,TRAN2,RESEA,0.03,19733.768,3,3,19733.768,0.0,0.0,0.0,0.0,657792.266667
1741305,IT,US,PAPER,RADIO,0.08,19733.724,4,4,19733.722,0.0,0.0,0.0,0.002,246671.55
1756871,IT,KR,POSTT,HOTEL,0.32,19733.603,4,4,19733.601,0.0,0.0,0.0,0.002,61667.509375
1763094,IT,MX,WEARI,FOOD5,0.15,19733.336,4,4,19733.332,0.0,0.0,0.0,0.004,131555.573333
1670273,IT,FI,VEGET,EDUCA,0.07,19733.029,3,3,19733.029,0.0,0.0,0.0,0.0,281900.414286
1746053,IT,JP,PAPER,RECRE,0.08,19732.919,4,4,19732.917,0.0,0.0,0.0,0.002,246661.4875
1651777,IT,CY,OFFIC,RENTI,0.06,19732.154,3,3,19732.154,0.0,0.0,0.0,0.0,328869.233333
1808926,IT,WM,CEREA,MOTOR,0.03,19732.087,3,3,19732.087,0.0,0.0,0.0,0.0,657736.233333
1772631,IT,CH,GLASS,CEMEN,0.05,19731.583,3,3,19731.583,0.0,0.0,0.0,0.0,394631.66
1745993,IT,JP,PAPER,DAIRY,0.08,19730.17,4,4,19730.168,0.0,0.0,0.0,0.002,246627.125
1727839,IT,RO,BUSIN,INLAN,0.2,19730.071,3,3,19730.071,0.0,0.0,0.0,0.0,98650.355
1761536,IT,IN,LEAD1,PREC1,0.03,19728.744,4,4,19728.742,0.0,0.0,0.0,0.002,657624.8
1666439,IT,ES,PARAF,LIQUE,0.03,19727.467,3,3,19727.467,0.0,0.0,0.0,0.0,657582.233333
1709538,IT,LT,WOODW,PAPER,0.06,19727.167,3,3,19727.167,0.0,0.0,0.0,0.0,328786.116667
1662114,IT,DK,RUBBE,VEGET,0.07,19726.146,4,4,19726.144,0.0,0.0,0.0,0.002,281802.085714
1649054,IT,BG,PAPER,VEGET,0.08,19726.107,4,4,19726.105,0.0,0.0,0.0,0.002,246576.3375
1735511,IT,SK,PREC1,FURNI,0.03,19725.189,3,3,19725.189,0.0,0.0,0.0,0.0,657506.3
1712316,IT,LV,RUBBE,TEXTI,0.07,19725.185,4,4,19725.183,0.0,0.0,0.0,0.002,281788.357143
1720593,IT,PL,OFFIC,93197,0.06,19724.957,3,3,19724.957,0.0,0.0,0.0,0.0,328749.283333
1810438,IT,WM,PULP5,CEMEN,0.06,19724.295,4,4,19724.293,0.0,0.0,0.0,0.002,328738.25
1659853,IT,DE,LANDT,BLAST,0.13,19724.248,3,3,19724.248,0.0,0.0,0.0,0.0,151724.984615
1808063,IT,WF,TEXT1,CRUDE,0.15,19724.193,3,3,19724.193,0.0,0.0,0.0,0.0,131494.62
1805804,IT,WF,PREC1,LEAD1,0.03,19724.072,3,3,19724.072,0.0,0.0,0.0,0.0,657469.066667
1720540,IT,PL,OFFIC,CHEM1,0.06,19723.738,3,3,19723.738,0.0,0.0,0.0,0.0,328728.966667
1788541,IT,WA,PAPER,PULP5,0.08,19723.233,4,4,19723.231,0.0,0.0,0.0,0.002,246540.4125
1747931,IT,JP,COMPU,PUBLI,0.23,19722.552,3,3,19722.552,0.0,0.0,0.0,0.0,85750.226087
1662919,IT,DK,RETA1,PRINT,0.21,19722.111,3,3,19722.111,0.0,0.0,0.0,0.0,93914.814286
1646305,IT,BE,COPP1,FOOD2,0.05,19721.55,3,3,19721.55,0.0,0.0,0.0,0.0,394431.0
1727443,IT,RO,FINAN,RECRE,0.26,19719.206,3,3,19719.206,0.0,0.0,0.0,0.0,75843.1
1776605,IT,TR,GASDI,BITU1,0.03,19717.715,4,4,19717.713,0.0,0.0,0.0,0.002,657257.166667
1767991,IT,RU,COMPU,INSUR,0.23,19716.87,3,3,19716.87,0.0,0.0,0.0,0.0,85725.521739
1659507,IT,DE,RETA1,SECO9,0.21,19716.637,3,3,19716.637,0.0,0.0,0.0,0.0,93888.747619
1800869,IT,WE,PREC1,VEGET,0.03,19716.601,3,3,19716.601,0.0,0.0,0.0,0.0,657220.033333
1768601,IT,AU,BEVER,SUPPO,0.08,19716.384,3,3,19716.384,0.0,0.0,0.0,0.0,246454.8
1719583,IT,PL,CERAM,BITUM,0.03,19715.749,3,3,19715.749,0.0,0.0,0.0,0.0,657191.633333
1799418,IT,WE,PAPER,LIGNI,0.08,19714.95,4,4,19714.948,0.0,0.0,0.0,0.002,246436.875
1803207,IT,WF,CROPS,COPP1,0.16,19714.335,3,3,19714.335,0.0,0.0,0.0,0.0,123214.59375
1718867,IT,PL,PAPER,FOOD4,0.08,19713.785,4,4,19713.783,0.0,0.0,0.0,0.002,246422.3125
1800429,IT,WE,ADDIT,CONST,0.05,19713.278,4,4,19713.276,0.0,0.0,0.0,0.002,394265.56
1710008,IT,LT,ALUM1,TRANS,0.03,19712.604,4,4,19712.602,0.0,0.0,0.0,0.002,657086.8
1773632,IT,CH,TRANS,COMPU,0.12,19712.498,3,3,19712.498,0.0,0.0,0.0,0.0,164270.816667
1718287,IT,PL,FOOD5,RUBBE,0.09,19710.932,4,4,19710.93,0.0,0.0,0.0,0.002,219010.355556
1653818,IT,CZ,FABRI,VEGET,0.08,19709.897,3,3,19709.897,0.0,0.0,0.0,0.0,246373.7125
1660343,IT,DE,FINAN,TEXTI,0.26,19708.557,3,3,19708.557,0.0,0.0,0.0,0.0,75802.142308
1776744,IT,TR,LIQUE,NONME,0.03,19708.44,4,4,19708.438,0.0,0.0,0.0,0.002,656948.0
1651298,IT,CY,FISH5,FOOD5,0.08,19707.632,4,4,19707.622,0.0,0.0,0.0,0.01,246345.4
1752109,IT,CN,BUSIN,LEAD1,0.2,19706.493,3,3,19706.493,0.0,0.0,0.0,0.0,98532.465
1736301,IT,SK,HOTEL,TRAN2,0.14,19705.952,3,3,19705.952,0.0,0.0,0.0,0.0,140756.8
1772483,IT,CH,BIODI,SUPPO,0.04,19705.811,4,4,19705.809,0.0,0.0,0.0,0.002,492645.275
1651520,IT,CY,PLAST,RESEA,0.04,19705.761,4,4,19705.759,0.0,0.0,0.0,0.002,492644.025
1760866,IT,IN,GASDI,SUGAR,0.03,19705.695,4,4,19705.693,0.0,0.0,0.0,0.002,656856.5
1766867,IT,RU,OFFIC,NATUR,0.06,19705.113,3,3,19705.113,0.0,0.0,0.0,0.0,328418.55
1649953,IT,BG,FABRI,ELEC5,0.08,19704.403,3,3,19704.403,0.0,0.0,0.0,0.0,246305.0375
1727333,IT,RO,POSTT,DISTR,0.32,19704.056,4,4,19704.054,0.0,0.0,0.0,0.002,61575.175
1802919,IT,WF,PADDY,IRONO,0.2,19701.572,3,3,19701.572,0.0,0.0,0.0,0.0,98507.86
1713820,IT,MT,FURNI,RENTI,0.06,19701.207,4,4,19701.205,0.0,0.0,0.0,0.002,328353.45
1723156,IT,PT,RUBBE,PIGS9,0.07,19700.418,4,4,19700.416,0.0,0.0,0.0,0.002,281434.542857
1803839,IT,WF,TEXTI,ELEC1,0.12,19697.91,4,4,19697.907,0.0,0.0,0.0,0.003,164149.25
1783484,IT,NO,WOOD1,RESEA,0.13,19697.897,3,3,19697.897,0.0,0.0,0.0,0.0,151522.284615
1768574,IT,AU,BEVER,DAIRY,0.08,19697.764,3,3,19697.764,0.0,0.0,0.0,0.0,246222.05
1714701,IT,NL,VEGE1,CONST,0.06,19696.858,4,4,19696.854,0.0,0.0,0.0,0.004,328280.966667
1690388,IT,IE,WASTE,BUSIN,0.06,19696.844,3,3,19696.844,0.0,0.0,0.0,0.0,328280.733333
1673626,IT,FR,WOODW,RAILW,0.06,19696.749,3,3,19696.749,0.0,0.0,0.0,0.0,328279.15
1723704,IT,PT,MACHI,FOUND,0.11,19696.488,4,4,19696.486,0.0,0.0,0.0,0.002,179058.981818
1794904,IT,WL,CHEM1,NICKE,0.04,19695.061,4,4,19695.059,0.0,0.0,0.0,0.002,492376.525
1739192,IT,GB,RETA1,FOUND,0.21,19694.424,3,3,19694.424,0.0,0.0,0.0,0.0,93782.971429
1709399,IT,LT,BEVER,FURNI,0.08,19692.676,3,3,19692.676,0.0,0.0,0.0,0.0,246158.45
1735855,IT,SK,MACHI,INERT,0.11,19692.586,4,4,19692.584,0.0,0.0,0.0,0.002,179023.509091
1813130,IT,WM,MOTO1,PAPER,0.1,19692.197,3,3,19692.197,0.0,0.0,0.0,0.0,196921.97
1796622,IT,WL,HOTEL,BRICK,0.14,19691.706,3,3,19691.706,0.0,0.0,0.0,0.0,140655.042857
1714670,IT,NL,MEAT4,HEALT,0.11,19691.544,3,3,19691.544,0.0,0.0,0.0,0.0,179014.036364
1675954,IT,FR,ELEC4,BASIC,0.31,19691.328,3,3,19691.328,0.0,0.0,0.0,0.0,63520.412903
1810454,IT,WM,PULP5,RAILW,0.06,19691.318,4,4,19691.316,0.0,0.0,0.0,0.002,328188.633333
1812319,IT,WM,BASIC,REFIN,0.02,19690.359,3,3,19690.359,0.0,0.0,0.0,0.0,984517.95
1776561,IT,TR,KERO1,INERT,0.03,19690.344,4,4,19690.342,0.0,0.0,0.0,0.002,656344.8
1725569,IT,RO,LEATH,93197,0.14,19689.711,4,4,19689.708,0.0,0.0,0.0,0.003,140640.792857
1685317,IT,HU,WEARI,CEMEN,0.15,19688.317,4,4,19688.313,0.0,0.0,0.0,0.004,131255.446667
1751121,IT,CN,RETA1,STEAM,0.21,19688.169,3,3,19688.169,0.0,0.0,0.0,0.0,93753.185714
1676510,IT,FR,RETA1,OILHA,0.21,19687.866,3,3,19687.866,0.0,0.0,0.0,0.0,93751.742857
1724124,IT,PT,RETA1,CERAM,0.21,19687.33,3,3,19687.33,0.0,0.0,0.0,0.0,93749.190476
1677640,IT,FR,REALE,EDUCA,0.83,19686.872,3,3,19686.872,0.0,0.0,0.0,0.0,23719.122892
1774457,IT,CH,LANDT,MEATP,0.13,19686.404,3,3,19686.404,0.0,0.0,0.0,0.0,151433.876923
1800039,IT,WE,HEAVY,PRIVA,0.03,19685.417,4,4,19685.415,0.0,0.0,0.0,0.002,656180.566667
1746718,IT,JP,FABRI,ELEC3,0.08,19685.38,3,3,19685.38,0.0,0.0,0.0,0.0,246067.25
1751954,IT,CN,COMPU,MEMBE,0.22,19685.335,3,3,19685.335,0.0,0.0,0.0,0.0,89478.795455
1755394,IT,KR,KEROS,TRANS,0.03,19684.582,4,4,19684.58,0.0,0.0,0.0,0.002,656152.733333
1782252,IT,NO,ALUM1,GLASS,0.03,19683.699,4,4,19683.697,0.0,0.0,0.0,0.002,656123.3
1745934,IT,JP,WOODW,TEXTI,0.06,19682.973,3,3,19682.973,0.0,0.0,0.0,0.0,328049.55
1769184,IT,AU,CHEM1,DIST1,0.04,19682.181,4,4,19682.179,0.0,0.0,0.0,0.002,492054.525
1799544,IT,WE,PRINT,PFERT,0.19,19681.45,4,4,19681.448,0.0,0.0,0.0,0.002,103586.578947
1809902,IT,WM,BEVER,CEMEN,0.08,19681.36,3,3,19681.36,0.0,0.0,0.0,0.0,246017.0
1651756,IT,CY,MACHI,AIRTR,0.11,19681.317,4,4,19681.315,0.0,0.0,0.0,0.002,178921.063636
1758185,IT,BR,NONME,EDUCA,0.04,19680.317,4,4,19680.315,0.0,0.0,0.0,0.002,492007.925
1713395,IT,MT,LIQUE,RECRE,0.03,19678.107,4,4,19678.105,0.0,0.0,0.0,0.002,655936.9
1799471,IT,WE,PAPER,PREC1,0.08,19677.918,4,4,19677.916,0.0,0.0,0.0,0.002,245973.975
1780023,IT,TW,SALEM,REALE,0.16,19677.582,3,3,19677.582,0.0,0.0,0.0,0.0,122984.8875
1782612,IT,NO,FURNI,TRAN2,0.06,19677.38,4,4,19677.378,0.0,0.0,0.0,0.002,327956.333333
1726608,IT,RO,MOTO1,PAPER,0.1,19675.753,3,3,19675.753,0.0,0.0,0.0,0.0,196757.53
1644484,IT,BE,VEGE1,RECRE,0.06,19675.178,4,4,19675.174,0.0,0.0,0.0,0.004,327919.633333
1721191,IT,PL,LANDT,CROPS,0.13,19674.713,3,3,19674.713,0.0,0.0,0.0,0.0,151343.946154
1768155,IT,RU,PUBLI,CHEM1,0.32,19674.542,3,3,19674.542,0.0,0.0,0.0,0.0,61482.94375
1745567,IT,JP,BEVER,RENTI,0.08,19674.347,3,3,19674.347,0.0,0.0,0.0,0.0,245929.3375
1772172,IT,CH,GASDI,SANDC,0.03,19674.282,4,4,19674.28,0.0,0.0,0.0,0.002,655809.4
1653924,IT,CZ,FABRI,WASTE,0.08,19674.209,3,3,19674.209,0.0,0.0,0.0,0.0,245927.6125
1745930,IT,JP,WOODW,NATUR,0.06,19673.827,3,3,19673.827,0.0,0.0,0.0,0.0,327897.116667
1766789,IT,RU,MACHI,BRICK,0.11,19672.771,4,4,19672.769,0.0,0.0,0.0,0.002,178843.372727
1709905,IT,LT,NONME,CONST,0.04,19672.399,4,4,19672.397,0.0,0.0,0.0,0.002,491809.975
1788536,IT,WA,PAPER,TOBAC,0.08,19672.22,4,4,19672.218,0.0,0.0,0.0,0.002,245902.75
1661309,IT,DK,SANDC,CONST,0.05,19671.527,4,4,19667.527,0.0,0.0,4.0,0.0,393430.54
1799735,IT,WE,KEROS,TOBAC,0.03,19671.479,4,4,19671.477,0.0,0.0,0.0,0.002,655715.966667
1736961,IT,GB,OILSE,LANDT,0.01,19671.466,3,3,19671.466,0.0,0.0,0.0,0.0,1967146.6
1767410,IT,RU,LANDT,CEMEN,0.13,19671.248,3,3,19671.248,0.0,0.0,0.0,0.0,151317.292308
1785955,IT,ZA,RUBBE,ALUM1,0.07,19671.024,4,4,19671.022,0.0,0.0,0.0,0.002,281014.628571
1722933,IT,PT,GASDI,SALEM,0.03,19670.839,4,4,19670.837,0.0,0.0,0.0,0.002,655694.633333
1739102,IT,GB,WHOLE,CHEM1,0.17,19669.374,3,3,19669.374,0.0,0.0,0.0,0.0,115702.2
1642349,IT,AT,BASIC,ELEC6,0.02,19667.077,3,3,19667.077,0.0,0.0,0.0,0.0,983353.85
1720286,IT,PL,FABRI,HEAVY,0.08,19667.076,3,3,19667.076,0.0,0.0,0.0,0.0,245838.45
1679034,IT,GR,WOODW,PFERT,0.06,19666.524,3,3,19666.524,0.0,0.0,0.0,0.0,327775.4
1672007,IT,FI,TRAN2,GASDI,0.03,19666.519,3,3,19666.519,0.0,0.0,0.0,0.0,655550.633333
1787913,IT,WA,BEVER,FURNI,0.08,19666.352,3,3,19666.352,0.0,0.0,0.0,0.0,245829.4
1778806,IT,TR,LANDT,TRANS,0.13,19666.28,3,3,19666.28,0.0,0.0,0.0,0.0,151279.076923
1807157,IT,WF,AIRTR,PLAST,0.02,19665.552,3,3,19665.552,0.0,0.0,0.0,0.0,983277.6
1713720,IT,MT,MACHI,MACHI,0.11,19665.391,4,4,19665.389,0.0,0.0,0.0,0.002,178776.281818
1745776,IT,JP,WEARI,RETAI,0.15,19665.113,4,4,19665.109,0.0,0.0,0.0,0.004,131100.753333
1784149,IT,ID,PAPER,FISH5,0.08,19664.804,4,4,19664.802,0.0,0.0,0.0,0.002,245810.05
1780922,IT,TW,RESEA,POSTT,0.11,19664.653,3,3,19664.653,0.0,0.0,0.0,0.0,178769.572727
1755838,IT,KR,CEMEN,STONE,0.03,19664.605,3,3,19664.605,0.0,0.0,0.0,0.0,655486.833333
1779948,IT,TW,CONST,SALEM,0.11,19663.781,3,3,19663.781,0.0,0.0,0.0,0.0,178761.645455
1785893,IT,ZA,ADDIT,FURNI,0.05,19663.116,4,4,19663.114,0.0,0.0,0.0,0.002,393262.32
1658237,IT,DE,LEAD1,PUBLI,0.03,19662.773,4,4,19662.771,0.0,0.0,0.0,0.002,655425.766667
1662720,IT,DK,MACHI,WASTE,0.11,19662.334,4,4,19662.332,0.0,0.0,0.0,0.002,178748.490909
1670696,IT,FI,WOODW,TRANS,0.06,19662.063,3,3,19662.063,0.0,0.0,0.0,0.0,327701.05
1673298,IT,FR,TEXTI,SANDC,0.12,19661.44,4,4,19661.437,0.0,0.0,0.0,0.003,163845.333333
1729160,IT,SE,GLASS,DISTR,0.05,19658.476,3,3,19658.476,0.0,0.0,0.0,0.0,393169.52
1732486,IT,SI,CHEM1,RENTI,0.04,19658.396,4,4,19658.394,0.0,0.0,0.0,0.002,491459.9
1664442,IT,EE,MACHI,TRAN2,0.11,19657.758,4,4,19657.756,0.0,0.0,0.0,0.002,178706.890909
1671402,IT,FI,FABRI,PULP5,0.08,19657.46,3,3,19657.46,0.0,0.0,0.0,0.0,245718.25
1734894,IT,SK,PAPER,RESEA,0.08,19657.233,4,4,19657.231,0.0,0.0,0.0,0.002,245715.4125
1784141,IT,ID,PULP5,MEMBE,0.06,19656.79,4,4,19656.788,0.0,0.0,0.0,0.002,327613.166667
1715618,IT,NL,NAPHT,DAIRY,0.03,19656.089,3,3,19656.089,0.0,0.0,0.0,0.0,655202.966667
1715519,IT,NL,GASDI,CHEM1,0.03,19655.631,4,4,19655.629,0.0,0.0,0.0,0.002,655187.7
1758529,IT,BR,MACHI,HOTEL,0.11,19655.334,4,4,19655.332,0.0,0.0,0.0,0.002,178684.854545
1664967,IT,ES,SANDC,MACHI,0.05,19654.768,4,4,19650.768,0.0,0.0,4.0,0.0,393095.36
1660516,IT,DE,INSUR,WHOLE,0.41,19654.198,3,3,19654.198,0.0,0.0,0.0,0.0,47937.068293
1785440,IT,ZA,PAPER,RENTI,0.08,19653.86,4,4,19653.858,0.0,0.0,0.0,0.002,245673.25
1805195,IT,WF,CHEM1,TOBAC,0.04,19653.372,4,4,19653.37,0.0,0.0,0.0,0.002,491334.3
1811293,IT,WM,BITU1,NONSP,0.03,19653.308,4,4,19653.306,0.0,0.0,0.0,0.002,655110.266667
1714896,IT,NL,BEVER,NAPHT,0.08,19651.686,3,3,19651.686,0.0,0.0,0.0,0.0,245646.075
1807958,IT,WF,PLAS1,COPP1,0.07,19651.074,3,3,19651.074,0.0,0.0,0.0,0.0,280729.628571
1683067,IT,HR,RUBBE,SANDC,0.07,19650.865,4,4,19650.863,0.0,0.0,0.0,0.002,280726.642857
1750921,IT,CN,CONST,TRANS,0.11,19650.657,3,3,19650.657,0.0,0.0,0.0,0.0,178642.336364
1749069,IT,CN,LEATH,RESEA,0.14,19650.593,4,4,19650.59,0.0,0.0,0.0,0.003,140361.378571
1675252,IT,FR,FABRI,BRICK,0.08,19650.565,3,3,19650.565,0.0,0.0,0.0,0.0,245632.0625
1655627,IT,DE,SANDC,COMPU,0.05,19649.67,4,4,19645.67,0.0,0.0,4.0,0.0,392993.4
1682716,IT,HR,GASDI,ALUM1,0.03,19649.26,4,4,19649.258,0.0,0.0,0.0,0.002,654975.333333
1712510,IT,LV,FABRI,NONME,0.08,19649.187,3,3,19649.187,0.0,0.0,0.0,0.0,245614.8375
1659800,IT,DE,LANDT,REFIN,0.13,19649.136,3,3,19649.136,0.0,0.0,0.0,0.0,151147.2
1665019,IT,ES,CHEMI,DIST1,0.05,19648.944,5,5,19647.942,0.0,0.0,1.0,0.002,392978.88
1724291,IT,PT,LANDT,TRANS,0.13,19648.856,3,3,19648.856,0.0,0.0,0.0,0.0,151145.046154
1652964,IT,CZ,NAPHT,SUGA1,0.03,19648.476,3,3,19648.476,0.0,0.0,0.0,0.0,654949.2
1672803,IT,FR,MEAT1,VEGE1,0.09,19646.897,4,4,19646.895,0.0,0.0,0.0,0.002,218298.855556
1676869,IT,FR,LANDT,PAPE4,0.13,19645.903,3,3,19645.903,0.0,0.0,0.0,0.0,151122.330769
1794712,IT,WL,NAPHT,REALE,0.03,19644.668,3,3,19644.668,0.0,0.0,0.0,0.0,654822.266667
1640190,IT,AT,OILSE,PFERT,0.01,19643.628,3,3,19643.628,0.0,0.0,0.0,0.0,1964362.8
1782888,IT,NO,SEACO,GLASS,0.02,19642.029,3,3,19642.029,0.0,0.0,0.0,0.0,982101.45
1811993,IT,WM,GLASS,LEAD1,0.05,19641.768,3,3,19641.768,0.0,0.0,0.0,0.0,392835.36
1652208,IT,CZ,PROCE,MEATP,0.13,19640.548,3,3,19640.548,0.0,0.0,0.0,0.0,151081.138462
1805592,IT,WF,CEMEN,FINAN,0.03,19640.064,3,3,19640.064,0.0,0.0,0.0,0.0,654668.8
1803444,IT,WF,MEAT1,LEADZ,0.09,19637.671,4,4,19637.669,0.0,0.0,0.0,0.002,218196.344444
1756385,IT,KR,FURNI,OFFIC,0.06,19637.354,4,4,19637.352,0.0,0.0,0.0,0.002,327289.233333
1752073,IT,CN,BUSIN,BEVER,0.2,19636.524,3,3,19636.524,0.0,0.0,0.0,0.0,98182.62
1662788,IT,DK,TRANS,FURNI,0.12,19636.497,3,3,19636.497,0.0,0.0,0.0,0.0,163637.475
1781706,IT,NO,WOODW,RETA1,0.05,19636.322,3,3,19636.322,0.0,0.0,0.0,0.0,392726.44
1656157,IT,DE,TEXTI,CATTL,0.12,19635.414,4,4,19635.411,0.0,0.0,0.0,0.003,163628.45
1805857,IT,WF,ALUM1,FISH5,0.03,19634.965,4,4,19634.963,0.0,0.0,0.0,0.002,654498.833333
1773333,IT,CH,MACHI,ALUM1,0.11,19634.818,4,4,19634.816,0.0,0.0,0.0,0.002,178498.345455
1668854,IT,ES,SEACO,MEATC,0.02,19634.77,3,3,19634.77,0.0,0.0,0.0,0.0,981738.5
1786300,IT,ZA,FABRI,TRAN1,0.08,19634.737,3,3,19634.737,0.0,0.0,0.0,0.0,245434.2125
1753044,IT,CA,CHEM1,INLAN,0.04,19634.509,4,4,19634.507,0.0,0.0,0.0,0.002,490862.725
1685580,IT,HU,PRINT,PAPER,0.19,19634.419,3,3,19634.419,0.0,0.0,0.0,0.0,103339.047368
1745434,IT,JP,DAIRY,SALEM,0.08,19634.294,3,3,19634.294,0.0,0.0,0.0,0.0,245428.675
1765981,IT,RU,CHEM1,COKEO,0.04,19634.013,4,4,19634.011,0.0,0.0,0.0,0.002,490850.325
1804024,IT,WF,WOODW,MEATC,0.05,19633.716,3,3,19633.716,0.0,0.0,0.0,0.0,392674.32
1722152,IT,PL,BUSIN,AIRTR,0.2,19633.639,3,3,19633.639,0.0,0.0,0.0,0.0,98168.195
1648962,IT,BG,WEARI,HEALT,0.15,19632.288,4,4,19632.284,0.0,0.0,0.0,0.004,130881.92
1652402,IT,CZ,TEXTI,BIODI,0.12,19631.402,4,4,19631.399,0.0,0.0,0.0,0.003,163595.016667
1656937,IT,DE,LIQUE,GASDI,0.03,19630.879,4,4,19630.877,0.0,0.0,0.0,0.002,654362.633333
1814368,IT,WM,FINAN,93197,0.26,19630.867,3,3,19630.867,0.0,0.0,0.0,0.0,75503.334615
1803256,IT,WF,ANIMA,EDUCA,0.08,19630.391,3,3,19630.391,0.0,0.0,0.0,0.0,245379.8875
1686599,IT,HU,ALUM1,INTER,0.03,19628.881,4,4,19628.879,0.0,0.0,0.0,0.002,654296.033333
1657761,IT,DE,NONME,ANIMA,0.04,19628.86,4,4,19628.858,0.0,0.0,0.0,0.002,490721.5
1810408,IT,WM,PULP5,MEAT4,0.06,19627.949,4,4,19627.947,0.0,0.0,0.0,0.002,327132.483333
1664292,IT,EE,ALUM1,ALUM1,0.03,19627.374,4,4,19627.372,0.0,0.0,0.0,0.002,654245.8
1763131,IT,MX,WEARI,RECRE,0.15,19627.268,4,4,19627.264,0.0,0.0,0.0,0.004,130848.453333
1682724,IT,HR,GASDI,MEDIC,0.03,19626.443,4,4,19626.441,0.0,0.0,0.0,0.002,654214.766667
1730887,IT,SE,PAPE1,BASIC,0.14,19624.184,3,3,19624.184,0.0,0.0,0.0,0.0,140172.742857
1685869,IT,HU,CHEM1,NFERT,0.04,19623.408,4,4,19623.406,0.0,0.0,0.0,0.002,490585.2
1759629,IT,BR,RESEA,TEXTI,0.11,19622.744,3,3,19622.744,0.0,0.0,0.0,0.0,178388.581818
1747209,IT,JP,CONST,PAPE1,0.11,19622.184,3,3,19622.184,0.0,0.0,0.0,0.0,178383.490909
1715170,IT,NL,WOODW,VEGET,0.05,19620.932,3,3,19620.932,0.0,0.0,0.0,0.0,392418.64
1777547,IT,TR,BASIC,RECRE,0.02,19620.156,3,3,19620.156,0.0,0.0,0.0,0.0,981007.8
1745596,IT,JP,TOBAC,MACHI,0.08,19619.977,3,3,19619.977,0.0,0.0,0.0,0.0,245249.7125
1726943,IT,RO,HOTEL,TOBAC,0.14,19619.558,3,3,19619.558,0.0,0.0,0.0,0.0,140139.7
1674429,IT,FR,CHEM1,TEXT2,0.04,19619.409,4,4,19619.407,0.0,0.0,0.0,0.002,490485.225
1664119,IT,EE,RUBBE,WEARI,0.07,19618.457,4,4,19618.455,0.0,0.0,0.0,0.002,280263.671429
1796404,IT,WL,WHOLE,NONME,0.17,19617.753,3,3,19617.753,0.0,0.0,0.0,0.0,115398.547059
1808595,IT,WF,PLAS2,VEGET,0.16,19616.715,3,3,19616.715,0.0,0.0,0.0,0.0,122604.46875
1650125,IT,BG,OFFIC,REALE,0.06,19616.371,3,3,19616.371,0.0,0.0,0.0,0.0,326939.516667
1751016,IT,CN,WHOLE,PRINT,0.17,19615.613,3,3,19615.613,0.0,0.0,0.0,0.0,115385.958824
1651508,IT,CY,NAPHT,RESEA,0.03,19615.084,3,3,19615.084,0.0,0.0,0.0,0.0,653836.133333
1776211,IT,TR,WOODW,CEMEN,0.05,19613.669,3,3,19613.669,0.0,0.0,0.0,0.0,392273.38
1640742,IT,AT,TEXTI,BASIC,0.12,19612.508,4,4,19612.505,0.0,0.0,0.0,0.003,163437.566667
1774511,IT,CH,LANDT,SEACO,0.13,19610.761,3,3,19610.761,0.0,0.0,0.0,0.0,150852.007692
1813149,IT,WM,MOTO1,CERAM,0.1,19610.151,3,3,19610.151,0.0,0.0,0.0,0.0,196101.51
1811327,IT,WM,BITU1,RETAI,0.03,19609.001,4,4,19608.999,0.0,0.0,0.0,0.002,653633.366667
1726739,IT,RO,FURNI,INSUR,0.06,19607.733,4,4,19607.731,0.0,0.0,0.0,0.002,326795.55
1755485,IT,KR,PLAST,DIST1,0.04,19606.967,4,4,19606.965,0.0,0.0,0.0,0.002,490174.175
1758851,IT,BR,HOTEL,PRINT,0.14,19606.484,3,3,19606.484,0.0,0.0,0.0,0.0,140046.314286
1785385,IT,ZA,PAPER,MEAT4,0.08,19605.905,4,4,19605.903,0.0,0.0,0.0,0.002,245073.8125
1732342,IT,SI,NAPHT,FINAN,0.03,19605.559,3,3,19605.559,0.0,0.0,0.0,0.0,653518.633333
1717875,IT,PL,VEGET,LANDT,0.07,19604.369,3,3,19604.369,0.0,0.0,0.0,0.0,280062.414286
1640794,IT,AT,WEARI,TEXTI,0.15,19603.891,4,4,19603.887,0.0,0.0,0.0,0.004,130692.606667
1661735,IT,DK,LEATH,MEAT1,0.14,19602.986,4,4,19602.983,0.0,0.0,0.0,0.003,140021.328571
1641585,IT,AT,NAPHT,IRONO,0.03,19601.906,3,3,19601.906,0.0,0.0,0.0,0.0,653396.866667
1667076,IT,ES,NONME,DISTR,0.04,19601.149,4,4,19601.147,0.0,0.0,0.0,0.002,490028.725
1673520,IT,FR,LEATH,HEAVY,0.14,19601.135,4,4,19601.132,0.0,0.0,0.0,0.003,140008.107143
1774913,IT,CH,INSUR,FABRI,0.4,19599.859,3,3,19599.859,0.0,0.0,0.0,0.0,48999.6475
1681085,IT,GR,SUPPO,BRICK,0.14,19597.892,3,3,19597.892,0.0,0.0,0.0,0.0,139984.942857
1659685,IT,DE,RAILW,WOODW,0.13,19597.885,3,3,19597.885,0.0,0.0,0.0,0.0,150752.961538
1724531,IT,PT,POSTT,OFFIC,0.32,19595.412,3,3,19595.412,0.0,0.0,0.0,0.0,61235.6625
1642261,IT,AT,NONME,FOUND,0.04,19594.885,4,4,19594.883,0.0,0.0,0.0,0.002,489872.125
1718804,IT,PL,PAPER,BIOGA,0.08,19594.356,4,4,19594.354,0.0,0.0,0.0,0.002,244929.45
1644944,IT,BE,WOODW,PRINT,0.05,19593.988,3,3,19593.988,0.0,0.0,0.0,0.0,391879.76
1682620,IT,HR,KEROS,PLAST,0.03,19593.867,4,4,19593.865,0.0,0.0,0.0,0.002,653128.9
1784142,IT,ID,PAPER,VEGET,0.08,19592.904,4,4,19592.902,0.0,0.0,0.0,0.002,244911.3
1712091,IT,LV,BEVER,SUPPO,0.08,19592.788,3,3,19592.788,0.0,0.0,0.0,0.0,244909.85
1719356,IT,PL,RUBBE,MEATA,0.06,19591.982,4,4,19591.98,0.0,0.0,0.0,0.002,326533.033333
1811248,IT,WM,BITU1,POULT,0.03,19589.823,4,4,19589.821,0.0,0.0,0.0,0.002,652994.1
1807858,IT,WF,PAPE1,WEARI,0.14,19589.546,3,3,19589.546,0.0,0.0,0.0,0.0,139925.328571
1713144,IT,MT,BEVER,93197,0.08,19589.331,3,3,19589.331,0.0,0.0,0.0,0.0,244866.6375
1712441,IT,LV,BASIC,BIOG1,0.02,19586.36,3,3,19586.36,0.0,0.0,0.0,0.0,979318.0
1679709,IT,GR,NONME,RUBBE,0.04,19585.703,4,4,19585.701,0.0,0.0,0.0,0.002,489642.575
1753746,IT,CA,FURNI,PULP5,0.06,19585.595,4,4,19585.593,0.0,0.0,0.0,0.002,326426.583333
1672466,IT,FI,OILHA,BASIC,0.11,19584.367,3,3,19584.367,0.0,0.0,0.0,0.0,178039.7
1651652,IT,CY,BASIC,DISTR,0.02,19584.235,3,3,19584.235,0.0,0.0,0.0,0.0,979211.75
1732657,IT,SI,GLASS,HEALT,0.05,19582.586,3,3,19582.586,0.0,0.0,0.0,0.0,391651.72
1767127,IT,RU,FURNI,FOOD4,0.06,19582.427,4,4,19582.425,0.0,0.0,0.0,0.002,326373.783333
1720542,IT,PL,OFFIC,BIODI,0.06,19582.039,3,3,19582.039,0.0,0.0,0.0,0.0,326367.316667
1735857,IT,SK,MACHI,RECRE,0.11,19581.87,4,4,19581.868,0.0,0.0,0.0,0.002,178017.0
1712334,IT,LV,RUBBE,FURNI,0.06,19581.841,4,4,19581.839,0.0,0.0,0.0,0.002,326364.016667
1653749,IT,CZ,COPP1,LEAD1,0.05,19580.941,3,3,19580.941,0.0,0.0,0.0,0.0,391618.82
1744346,IT,US,FINAN,AUXIL,0.25,19580.285,3,3,19580.285,0.0,0.0,0.0,0.0,78321.14
1664965,IT,ES,SANDC,FOUND,0.04,19580.199,4,4,19576.199,0.0,0.0,4.0,0.0,489504.975
1727845,IT,RO,BUSIN,AUXIL,0.2,19580.11,3,3,19580.11,0.0,0.0,0.0,0.0,97900.55
1685030,IT,HU,DAIRY,TEXTI,0.08,19579.788,3,3,19579.788,0.0,0.0,0.0,0.0,244747.35
1732065,IT,SI,KEROS,FOOD3,0.03,19579.656,4,4,19579.654,0.0,0.0,0.0,0.002,652655.2
1787989,IT,WA,TEXTI,SANDC,0.12,19579.393,4,4,19579.39,0.0,0.0,0.0,0.003,163161.608333
1754680,IT,KR,MEAT4,EDUCA,0.11,19576.785,3,3,19576.785,0.0,0.0,0.0,0.0,177970.772727
1757555,IT,BR,MOTOR,LIQUI,0.03,19576.577,4,4,19576.575,0.0,0.0,0.0,0.002,652552.566667
1803968,IT,WF,LEATH,NONFE,0.14,19576.442,4,4,19576.439,0.0,0.0,0.0,0.003,139831.728571
1801601,IT,WE,TRANS,RETAI,0.12,19574.893,3,3,19574.893,0.0,0.0,0.0,0.0,163124.108333
1679658,IT,GR,GLASS,ELEC1,0.05,19574.161,3,3,19574.161,0.0,0.0,0.0,0.0,391483.22
1812579,IT,WM,LEAD1,PROCE,0.03,19573.628,4,4,19573.626,0.0,0.0,0.0,0.002,652454.266667
1814693,IT,WM,PLAS1,RESEA,0.07,19573.132,3,3,19573.132,0.0,0.0,0.0,0.0,279616.171429
1802154,IT,WE,HOTEL,FOOD5,0.14,19572.471,3,3,19572.471,0.0,0.0,0.0,0.0,139803.364286
1728522,IT,SE,WOODW,RESEA,0.05,19571.772,3,3,19571.772,0.0,0.0,0.0,0.0,391435.44
1788354,IT,WA,LEATH,PRIVA,0.14,19571.397,4,4,19571.394,0.0,0.0,0.0,0.003,139795.692857
1733903,IT,SI,AIRTR,CHEM1,0.02,19570.315,3,3,19570.315,0.0,0.0,0.0,0.0,978515.75
1658704,IT,DE,OFFIC,NONF1,0.06,19570.2,3,3,19570.2,0.0,0.0,0.0,0.0,326170.0
1787942,IT,WA,FISH5,CHEM1,0.08,19569.981,4,4,19569.971,0.0,0.0,0.0,0.01,244624.7625
1712240,IT,LV,PAPER,REALE,0.08,19569.621,4,4,19569.619,0.0,0.0,0.0,0.002,244620.2625
1655309,IT,DE,VEGET,PIGS9,0.07,19569.179,3,3,19569.179,0.0,0.0,0.0,0.0,279559.7
1765173,IT,MX,BUSIN,ELECT,0.2,19568.627,3,3,19568.627,0.0,0.0,0.0,0.0,97843.135
1755866,IT,KR,NONME,RUBBE,0.04,19568.609,4,4,19568.607,0.0,0.0,0.0,0.002,489215.225
1722369,IT,PT,STONE,REALE,0.06,19568.387,4,4,19567.387,0.0,0.0,1.0,0.0,326139.783333
1641724,IT,AT,PLAST,REALE,0.04,19568.086,4,4,19568.084,0.0,0.0,0.0,0.002,489202.15
1776813,IT,TR,NAPHT,FURNI,0.03,19565.566,3,3,19565.566,0.0,0.0,0.0,0.0,652185.533333
1755992,IT,KR,ALUM1,REALE,0.03,19565.547,4,4,19565.545,0.0,0.0,0.0,0.002,652184.9
1774659,IT,CH,AIRTR,SECO9,0.02,19565.465,3,3,19565.465,0.0,0.0,0.0,0.0,978273.25
1664220,IT,EE,BRICK,CEMEN,0.03,19564.818,3,3,19564.818,0.0,0.0,0.0,0.0,652160.6
1731673,IT,SI,WOODW,PREC1,0.05,19564.034,3,3,19564.034,0.0,0.0,0.0,0.0,391280.68
1759554,IT,BR,COMPU,PRINT,0.22,19563.412,3,3,19563.412,0.0,0.0,0.0,0.0,88924.6
1682138,IT,HR,TEXTI,TRANS,0.12,19563.249,4,4,19563.246,0.0,0.0,0.0,0.003,163027.075
1709795,IT,LT,RUBBE,BITU1,0.06,19562.592,4,4,19562.59,0.0,0.0,0.0,0.002,326043.2
1646742,IT,BE,CONST,PREC1,0.11,19560.74,3,3,19560.74,0.0,0.0,0.0,0.0,177824.909091
1799004,IT,WE,TEXTI,DAIRY,0.12,19560.585,4,4,19560.582,0.0,0.0,0.0,0.003,163004.875
1800376,IT,WE,CHEM1,FABRI,0.04,19560.342,4,4,19560.34,0.0,0.0,0.0,0.002,489008.55
1724648,IT,PT,FINAN,RECRE,0.25,19560.277,3,3,19560.277,0.0,0.0,0.0,0.0,78241.108
1737692,IT,GB,PRINT,RESEA,0.19,19559.712,3,3,19559.712,0.0,0.0,0.0,0.0,102945.852632
1762444,IT,IN,POSTT,MEMBE,0.32,19559.321,3,3,19559.321,0.0,0.0,0.0,0.0,61122.878125
1649348,IT,BG,PLAST,FURNI,0.04,19558.172,4,4,19558.17,0.0,0.0,0.0,0.002,488954.3
1796641,IT,WL,HOTEL,ELEC1,0.14,19557.937,3,3,19557.937,0.0,0.0,0.0,0.0,139699.55
1800714,IT,WE,CEMEN,WHOLE,0.03,19557.718,3,3,19557.718,0.0,0.0,0.0,0.0,651923.933333
1790366,IT,WA,LEAD1,ANIMA,0.03,19557.304,4,4,19557.302,0.0,0.0,0.0,0.002,651910.133333
1719834,IT,PL,BASIC,BIOG1,0.02,19555.823,3,3,19555.823,0.0,0.0,0.0,0.0,977791.15
1689213,IT,IE,WHOLE,WHEAT,0.17,19555.07,3,3,19555.07,0.0,0.0,0.0,0.0,115029.823529
1651425,IT,CY,KEROS,RECRE,0.03,19554.09,4,4,19554.088,0.0,0.0,0.0,0.002,651803.0
1732723,IT,SI,CEMEN,CHEM1,0.03,19553.655,3,3,19553.655,0.0,0.0,0.0,0.0,651788.5
1644189,IT,BE,CEREA,DAIRY,0.03,19553.281,3,3,19553.281,0.0,0.0,0.0,0.0,651776.033333
1654532,IT,CZ,HOTEL,ELEC3,0.14,19552.921,3,3,19552.921,0.0,0.0,0.0,0.0,139663.721429
1770309,IT,AU,HOTEL,TRAN2,0.14,19552.572,3,3,19552.572,0.0,0.0,0.0,0.0,139661.228571
1710482,IT,LT,LANDT,REALE,0.13,19551.613,3,3,19551.613,0.0,0.0,0.0,0.0,150397.023077
1804756,IT,WF,NAPHT,SANDC,0.03,19551.097,3,3,19551.097,0.0,0.0,0.0,0.0,651703.233333
1710648,IT,LU,MEAT4,RETAI,0.11,19550.606,3,3,19550.606,0.0,0.0,0.0,0.0,177732.781818
1709834,IT,LT,RUBBE,EDUCA,0.06,19549.725,4,4,19549.723,0.0,0.0,0.0,0.002,325828.75
1755311,IT,KR,PAPER,RENTI,0.08,19548.48,4,4,19548.478,0.0,0.0,0.0,0.002,244356.0
1663595,IT,DK,BUSIN,MEATP,0.2,19547.805,3,3,19547.805,0.0,0.0,0.0,0.0,97739.025
1795246,IT,WL,CERAM,MOTOR,0.03,19547.29,3,3,19547.29,0.0,0.0,0.0,0.0,651576.333333
1687782,IT,HU,SUPPO,93197,0.14,19545.62,3,3,19545.62,0.0,0.0,0.0,0.0,139611.571429
1739029,IT,GB,SALEM,FOOD4,0.16,19545.581,3,3,19545.581,0.0,0.0,0.0,0.0,122159.88125
1738186,IT,GB,CERAM,PLAST,0.03,19544.067,3,3,19544.067,0.0,0.0,0.0,0.0,651468.9
1753920,IT,CA,RAILW,LANDT,0.13,19543.783,3,3,19543.783,0.0,0.0,0.0,0.0,150336.792308
1795599,IT,WL,FABRI,WHEAT,0.08,19541.934,3,3,19541.934,0.0,0.0,0.0,0.0,244274.175
1747355,IT,JP,RETA1,MACHI,0.2,19541.148,3,3,19541.148,0.0,0.0,0.0,0.0,97705.74
1808761,IT,WF,WOOD2,MEATA,0.11,19540.738,3,3,19540.738,0.0,0.0,0.0,0.0,177643.072727
1648436,IT,BE,PRIVA,BUSIN,4.36,19539.505,4,4,19539.502,0.0,0.0,0.0,0.003,4481.537844
1651455,IT,CY,GASDI,SUPPO,0.03,19539.343,4,4,19539.341,0.0,0.0,0.0,0.002,651311.433333
1640476,IT,AT,DAIRY,CONST,0.08,19537.276,3,3,19537.276,0.0,0.0,0.0,0.0,244215.95
1809276,IT,WM,CRUDE,SUPPO,0.04,19535.831,4,4,19535.829,0.0,0.0,0.0,0.002,488395.775
1766317,IT,RU,NONME,RUBBE,0.04,19535.798,4,4,19535.796,0.0,0.0,0.0,0.002,488394.95
1655734,IT,DE,MEATC,MEDIC,0.07,19535.099,3,3,19535.099,0.0,0.0,0.0,0.0,279072.842857
1807088,IT,WF,SEACO,ELEC2,0.02,19535.086,3,3,19535.086,0.0,0.0,0.0,0.0,976754.3
1738278,IT,GB,NONME,TRANS,0.04,19534.008,4,4,19534.006,0.0,0.0,0.0,0.002,488350.2
1655951,IT,DE,FOOD5,ANIMA,0.09,19532.767,4,4,19532.765,0.0,0.0,0.0,0.002,217030.744444
1659204,IT,DE,CONST,EDUCA,0.11,19532.11,3,3,19532.11,0.0,0.0,0.0,0.0,177564.636364
1673800,IT,FR,PRINT,CEREA,0.19,19531.111,3,3,19531.111,0.0,0.0,0.0,0.0,102795.321053
1763446,IT,MX,NONSP,COLLE,0.03,19530.795,3,3,19530.795,0.0,0.0,0.0,0.0,651026.5
1690376,IT,IE,WASTE,CHEM1,0.06,19530.752,3,3,19530.752,0.0,0.0,0.0,0.0,325512.533333
1655509,IT,DE,CRUDE,BIODI,0.04,19528.306,4,4,19528.304,0.0,0.0,0.0,0.002,488207.65
1753372,IT,CA,ALUM1,PFERT,0.03,19527.612,4,4,19527.61,0.0,0.0,0.0,0.002,650920.4
1776416,IT,TR,PRINT,HEALT,0.19,19526.445,3,3,19526.445,0.0,0.0,0.0,0.0,102770.763158
1723661,IT,PT,MACHI,SANDC,0.11,19525.944,4,4,19525.942,0.0,0.0,0.0,0.002,177508.581818
1782299,IT,NO,COPP1,MOTO1,0.05,19525.759,3,3,19525.759,0.0,0.0,0.0,0.0,390515.18
1753433,IT,CA,FABRI,LEATH,0.08,19525.318,3,3,19525.318,0.0,0.0,0.0,0.0,244066.475
1643050,IT,AT,SALEM,MOTO1,0.16,19524.975,3,3,19524.975,0.0,0.0,0.0,0.0,122031.09375
1781038,IT,TW,PUBLI,PADDY,0.32,19524.947,3,3,19524.947,0.0,0.0,0.0,0.0,61015.459375
1686228,IT,HU,GLASS,HEALT,0.05,19524.639,3,3,19524.639,0.0,0.0,0.0,0.0,390492.78
1658015,IT,DE,PREC1,LUBRI,0.03,19524.356,3,3,19524.356,0.0,0.0,0.0,0.0,650811.866667
1768805,IT,AU,LEATH,DAIRY,0.14,19523.796,4,4,19523.793,0.0,0.0,0.0,0.003,139455.685714
1715210,IT,NL,WOODW,RADIO,0.05,19522.655,3,3,19522.655,0.0,0.0,0.0,0.0,390453.1
1652077,IT,CZ,STONE,CONST,0.06,19521.125,4,4,19520.125,0.0,0.0,1.0,0.0,325352.083333
1729316,IT,SE,NONME,ELEC3,0.04,19520.934,4,4,19520.932,0.0,0.0,0.0,0.002,488023.35
1678985,IT,GR,LEATH,VEGET,0.14,19520.288,4,4,19520.285,0.0,0.0,0.0,0.003,139430.628571
1688839,IT,IE,BASIC,PULP5,0.02,19519.865,3,3,19519.865,0.0,0.0,0.0,0.0,975993.25
1762399,IT,IN,POSTT,MACHI,0.32,19519.428,3,3,19519.428,0.0,0.0,0.0,0.0,60998.2125
1759602,IT,BR,COMPU,RENTI,0.22,19519.302,3,3,19519.302,0.0,0.0,0.0,0.0,88724.1
1798822,IT,WE,FOOD5,TRAN1,0.09,19519.163,4,4,19519.161,0.0,0.0,0.0,0.002,216879.588889
1738056,IT,GB,RUBBE,NFERT,0.06,19519.045,4,4,19519.043,0.0,0.0,0.0,0.002,325317.416667
1761227,IT,IN,RUBBE,OILSE,0.06,19518.859,4,4,19518.857,0.0,0.0,0.0,0.002,325314.316667
1739350,IT,GB,RAILW,KEROS,0.13,19518.775,3,3,19518.775,0.0,0.0,0.0,0.0,150144.423077
1643387,IT,AT,LANDT,PIGS9,0.13,19518.284,3,3,19518.284,0.0,0.0,0.0,0.0,150140.646154
1761953,IT,IN,FURNI,DIST1,0.06,19517.295,4,4,19517.293,0.0,0.0,0.0,0.002,325288.25
1809325,IT,WM,STONE,WHOLE,0.06,19516.796,4,4,19515.796,0.0,0.0,1.0,0.0,325279.933333
1721505,IT,PL,SUPPO,PRINT,0.14,19516.731,3,3,19516.731,0.0,0.0,0.0,0.0,139405.221429
1802484,IT,WE,SUPPO,COMPU,0.14,19516.526,3,3,19516.526,0.0,0.0,0.0,0.0,139403.757143
1777397,IT,TR,CERAM,REALE,0.03,19515.777,3,3,19515.777,0.0,0.0,0.0,0.0,650525.9
1783569,IT,NO,FOOD2,FISHF,0.11,19514.981,3,3,19514.981,0.0,0.0,0.0,0.0,177408.918182
1788761,IT,WA,MOTOR,COMPU,0.03,19514.355,4,4,19514.353,0.0,0.0,0.0,0.002,650478.5
1647457,IT,BE,AIRTR,FOODW,0.02,19513.648,3,3,19513.648,0.0,0.0,0.0,0.0,975682.4
1671460,IT,FI,FABRI,OILHA,0.08,19513.517,3,3,19513.517,0.0,0.0,0.0,0.0,243918.9625
1664305,IT,EE,COPP1,COPP1,0.05,19510.687,3,3,19510.687,0.0,0.0,0.0,0.0,390213.74
1689299,IT,IE,RETA1,OILSE,0.2,19510.293,3,3,19510.293,0.0,0.0,0.0,0.0,97551.465
1796741,IT,WL,LANDT,PRINT,0.13,19508.764,3,3,19508.764,0.0,0.0,0.0,0.0,150067.415385
1713770,IT,MT,MOTO1,OFFIC,0.1,19508.01,3,3,19508.01,0.0,0.0,0.0,0.0,195080.1
1663513,IT,DK,RENTI,RESEA,0.12,19507.626,3,3,19507.626,0.0,0.0,0.0,0.0,162563.55
1772011,IT,CH,PRINT,MEATP,0.19,19507.035,3,3,19507.035,0.0,0.0,0.0,0.0,102668.605263
1663994,IT,EE,PAPER,EDUCA,0.08,19506.738,4,4,19506.736,0.0,0.0,0.0,0.002,243834.225
1780888,IT,TW,RESEA,BITU1,0.11,19506.051,3,3,19506.051,0.0,0.0,0.0,0.0,177327.736364
1754090,IT,CA,AIRTR,GASDI,0.02,19505.693,3,3,19505.693,0.0,0.0,0.0,0.0,975284.65
1742364,IT,US,NONME,BITU1,0.04,19505.418,4,4,19505.416,0.0,0.0,0.0,0.002,487635.45
1715431,IT,NL,MOTOR,DIST1,0.03,19505.318,4,4,19505.316,0.0,0.0,0.0,0.002,650177.266667
1766327,IT,RU,NONME,MACHI,0.04,19505.043,4,4,19505.041,0.0,0.0,0.0,0.002,487626.075
1672467,IT,FI,SEWAG,BASIC,0.17,19503.977,3,3,19503.977,0.0,0.0,0.0,0.0,114729.276471
1789036,IT,WA,NAPHT,NFERT,0.03,19503.305,3,3,19503.305,0.0,0.0,0.0,0.0,650110.166667
1714506,IT,NL,CRUDE,TEXTI,0.04,19502.706,4,4,19502.704,0.0,0.0,0.0,0.002,487567.65
1652863,IT,CZ,COALT,ALUMI,0.03,19501.642,3,3,19501.642,0.0,0.0,0.0,0.0,650054.733333
1710467,IT,LT,LANDT,DISTR,0.13,19501.53,3,3,19501.53,0.0,0.0,0.0,0.0,150011.769231
1814307,IT,WM,FINAN,NATUR,0.25,19500.524,3,3,19500.524,0.0,0.0,0.0,0.0,78002.096
1651867,IT,CY,AIRTR,RECRE,0.02,19500.067,3,3,19500.067,0.0,0.0,0.0,0.0,975003.35
1777110,IT,TR,CHEM1,PAPE4,0.04,19499.838,4,4,19499.836,0.0,0.0,0.0,0.002,487495.95
1790658,IT,WA,FABRI,BIOGA,0.08,19498.73,3,3,19498.73,0.0,0.0,0.0,0.0,243734.125
1762699,IT,IN,BUSIN,MEAT1,0.2,19498.574,3,3,19498.574,0.0,0.0,0.0,0.0,97492.87
1652588,IT,CZ,LEATH,RETA1,0.14,19498.157,4,4,19498.154,0.0,0.0,0.0,0.003,139272.55
1718757,IT,PL,PAPER,WHEAT,0.08,19497.98,4,4,19497.978,0.0,0.0,0.0,0.002,243724.75
1710934,IT,LU,PLAST,RENTI,0.04,19496.952,4,4,19496.95,0.0,0.0,0.0,0.002,487423.8
1798674,IT,WE,VEGE1,TOBAC,0.06,19494.87,4,4,19494.866,0.0,0.0,0.0,0.004,324914.5
1726763,IT,RO,SALEM,ELEC8,0.16,19493.006,3,3,19493.006,0.0,0.0,0.0,0.0,121831.2875
1682600,IT,HR,KEROS,SANDC,0.03,19492.97,4,4,19492.968,0.0,0.0,0.0,0.002,649765.666667
1727768,IT,RO,BUSIN,FISHF,0.2,19491.535,3,3,19491.535,0.0,0.0,0.0,0.0,97457.675
1661523,IT,DK,FOOD5,SUPPO,0.09,19490.794,4,4,19490.792,0.0,0.0,0.0,0.002,216564.377778
1683598,IT,HR,FABRI,WHEAT,0.08,19489.66,3,3,19489.66,0.0,0.0,0.0,0.0,243620.75
1784872,IT,ID,AIRTR,FABRI,0.02,19488.527,3,3,19488.527,0.0,0.0,0.0,0.0,974426.35
1799099,IT,WE,WEARI,PEAT2,0.15,19488.238,4,4,19488.234,0.0,0.0,0.0,0.004,129921.586667
1667490,IT,ES,FABRI,TOBAC,0.08,19487.68,3,3,19487.68,0.0,0.0,0.0,0.0,243596.0
1710624,IT,LU,MEATC,CONST,0.07,19486.843,3,3,19486.843,0.0,0.0,0.0,0.0,278383.471429
1674470,IT,FR,BIODI,OFFIC,0.04,19485.47,4,4,19485.468,0.0,0.0,0.0,0.002,487136.75
1718572,IT,PL,WEARI,BUSIN,0.15,19484.911,4,4,19484.907,0.0,0.0,0.0,0.004,129899.406667
1642933,IT,AT,FURNI,WEARI,0.06,19483.847,4,4,19483.845,0.0,0.0,0.0,0.002,324730.783333
1769964,IT,AU,TRANS,WOODW,0.12,19483.811,3,3,19483.811,0.0,0.0,0.0,0.0,162365.091667
1664288,IT,EE,ALUM1,WOODW,0.03,19481.57,4,4,19481.568,0.0,0.0,0.0,0.002,649385.666667
1783668,IT,NO,WASTE,FOUND,0.06,19481.505,3,3,19481.505,0.0,0.0,0.0,0.0,324691.75
1671478,IT,FI,MACHI,NICKE,0.11,19480.734,4,4,19480.732,0.0,0.0,0.0,0.002,177097.581818
1782908,IT,NO,SEACO,TRAN2,0.02,19479.665,3,3,19479.665,0.0,0.0,0.0,0.0,973983.25
1729750,IT,SE,MACHI,GLASS,0.11,19479.509,4,4,19479.507,0.0,0.0,0.0,0.002,177086.445455
1674208,IT,FR,LIQUE,FURNI,0.03,19479.211,4,4,19479.209,0.0,0.0,0.0,0.002,649307.033333
1730013,IT,SE,RETAI,FORES,0.15,19478.1,3,3,19478.1,0.0,0.0,0.0,0.0,129854.0
1790479,IT,WA,COPP1,LIQUE,0.05,19476.727,3,3,19476.727,0.0,0.0,0.0,0.0,389534.54
1785297,IT,ZA,WEARI,EDUCA,0.15,19476.464,4,4,19476.46,0.0,0.0,0.0,0.004,129843.093333
1661971,IT,DK,PETRO,DAIRY,0.03,19475.7,4,4,19475.698,0.0,0.0,0.0,0.002,649190.0
1763667,IT,MX,RUBBE,GASDI,0.06,19473.352,4,4,19473.35,0.0,0.0,0.0,0.002,324555.866667
1755932,IT,KR,BASIC,LANDT,0.02,19473.231,3,3,19473.231,0.0,0.0,0.0,0.0,973661.55
1646733,IT,BE,CONST,KERO1,0.11,19472.541,3,3,19472.541,0.0,0.0,0.0,0.0,177023.1
1735909,IT,SK,OFFIC,INSUR,0.06,19472.178,3,3,19472.178,0.0,0.0,0.0,0.0,324536.3
1742048,IT,US,RUBBE,FORES,0.06,19471.767,4,4,19471.765,0.0,0.0,0.0,0.002,324529.45
1794681,IT,WL,NAPHT,GLASS,0.03,19469.638,3,3,19469.638,0.0,0.0,0.0,0.0,648987.933333
1728389,IT,SE,TEXTI,POSTT,0.12,19469.613,4,4,19469.61,0.0,0.0,0.0,0.003,162246.775
1723402,IT,PT,BASIC,ELEC4,0.02,19469.525,3,3,19469.525,0.0,0.0,0.0,0.0,973476.25
1649696,IT,BG,NONME,CERAM,0.04,19469.495,4,4,19469.493,0.0,0.0,0.0,0.002,486737.375
1717958,IT,PL,SANDC,GASDI,0.04,19469.477,4,4,19465.477,0.0,0.0,4.0,0.0,486736.925
1650132,IT,BG,OFFIC,HEALT,0.06,19468.626,3,3,19468.626,0.0,0.0,0.0,0.0,324477.1
1722993,IT,PT,NONSP,KEROS,0.03,19468.557,3,3,19468.557,0.0,0.0,0.0,0.0,648951.9
1729301,IT,SE,NONME,CHEM1,0.04,19468.234,4,4,19468.232,0.0,0.0,0.0,0.002,486705.85
1686832,IT,HU,FABRI,ELEC1,0.08,19468.032,3,3,19468.032,0.0,0.0,0.0,0.0,243350.4
1690131,IT,IE,COMPU,RAILW,0.22,19467.33,3,3,19467.33,0.0,0.0,0.0,0.0,88487.863636
1813412,IT,WM,FURNI,INSUR,0.06,19465.367,4,4,19465.365,0.0,0.0,0.0,0.002,324422.783333
1801498,IT,WE,MOTO1,MEDIC,0.1,19464.514,3,3,19464.514,0.0,0.0,0.0,0.0,194645.14
1654146,IT,CZ,MOTO1,WOODW,0.1,19463.702,3,3,19463.702,0.0,0.0,0.0,0.0,194637.02
1676677,IT,FR,RAILW,WEARI,0.13,19463.386,3,3,19463.386,0.0,0.0,0.0,0.0,149718.353846
1689554,IT,IE,AIRTR,STONE,0.02,19462.679,3,3,19462.679,0.0,0.0,0.0,0.0,973133.95
1664772,IT,ES,CEREA,CATTL,0.03,19461.78,3,3,19461.78,0.0,0.0,0.0,0.0,648726.0
1797912,IT,WL,WASTE,PUBLI,0.06,19460.814,3,3,19460.814,0.0,0.0,0.0,0.0,324346.9
1733495,IT,SI,WHOLE,FOOD5,0.17,19460.397,3,3,19460.397,0.0,0.0,0.0,0.0,114472.923529
1737023,IT,GB,STONE,CHEM1,0.06,19460.05,4,4,19459.05,0.0,0.0,1.0,0.0,324334.166667
1785448,IT,ZA,PAPER,WASTE,0.08,19459.358,4,4,19459.356,0.0,0.0,0.0,0.002,243241.975
1737784,IT,GB,LIQUE,HOTEL,0.03,19458.792,4,4,19458.79,0.0,0.0,0.0,0.002,648626.4
1782256,IT,NO,ALUM1,NONF1,0.03,19458.213,4,4,19458.211,0.0,0.0,0.0,0.002,648607.1
1651697,IT,CY,FABRI,NONME,0.08,19456.264,3,3,19456.264,0.0,0.0,0.0,0.0,243203.3
1747041,IT,JP,TRANS,HEALT,0.12,19456.225,3,3,19456.225,0.0,0.0,0.0,0.0,162135.208333
1774270,IT,CH,RETA1,FOOD2,0.2,19455.157,3,3,19455.157,0.0,0.0,0.0,0.0,97275.785
1805864,IT,WF,ALUM1,PAPER,0.03,19453.673,4,4,19453.671,0.0,0.0,0.0,0.002,648455.766667
1664876,IT,ES,FORES,FABRI,0.17,19453.4,4,4,19446.4,0.0,7.0,0.0,0.0,114431.764706
1773532,IT,CH,MOTO1,PREC1,0.1,19452.434,3,3,19452.434,0.0,0.0,0.0,0.0,194524.34
1793342,IT,WA,PRIVA,HEALT,4.34,19450.07,4,4,19450.067,0.0,0.0,0.0,0.003,4481.582949
1756867,IT,KR,POSTT,CONST,0.32,19449.997,3,3,19449.997,0.0,0.0,0.0,0.0,60781.240625
1809720,IT,WM,SUGA1,DAIRY,0.05,19448.756,4,4,19448.753,0.0,0.0,0.0,0.003,388975.12
1713445,IT,MT,CHEM1,MEATP,0.04,19448.279,4,4,19448.277,0.0,0.0,0.0,0.002,486206.975
1755857,IT,KR,NONME,STONE,0.04,19447.983,4,4,19447.981,0.0,0.0,0.0,0.002,486199.575
1717899,IT,PL,MEATA,FOOD5,0.11,19447.441,4,4,19447.438,0.0,0.0,0.0,0.003,176794.918182
1792201,IT,WA,SUPPO,HEALT,0.14,19447.092,3,3,19447.092,0.0,0.0,0.0,0.0,138907.8
1651738,IT,CY,MACHI,FABRI,0.11,19446.03,4,4,19446.028,0.0,0.0,0.0,0.002,176782.090909
1805514,IT,WF,CERAM,ELECT,0.03,19445.028,3,3,19445.028,0.0,0.0,0.0,0.0,648167.6
1733916,IT,SI,AIRTR,PUBLI,0.02,19444.513,3,3,19444.513,0.0,0.0,0.0,0.0,972225.65
1663956,IT,EE,PAPER,BEVER,0.08,19441.976,4,4,19441.974,0.0,0.0,0.0,0.002,243024.7
1769226,IT,AU,RUBBE,FISHF,0.06,19441.609,4,4,19441.607,0.0,0.0,0.0,0.002,324026.816667
1672777,IT,FR,MEATP,MEATP,0.08,19441.194,4,4,19441.192,0.0,0.0,0.0,0.002,243014.925
1763435,IT,MX,LUBRI,RENTI,0.02,19441.127,3,3,19441.127,0.0,0.0,0.0,0.0,972056.35
1655427,IT,DE,FORES,FORES,0.17,19440.282,4,4,19433.282,0.0,7.0,0.0,0.0,114354.6
1730615,IT,SE,RENTI,BEVER,0.12,19438.529,3,3,19438.529,0.0,0.0,0.0,0.0,161987.741667
1736345,IT,SK,RAILW,CONST,0.13,19438.18,3,3,19438.18,0.0,0.0,0.0,0.0,149524.461538
1771194,IT,CH,MEAT4,SEACO,0.11,19438.129,3,3,19438.129,0.0,0.0,0.0,0.0,176710.263636
1807921,IT,WF,PLAS1,CHEMI,0.07,19438.091,3,3,19438.091,0.0,0.0,0.0,0.0,277687.014286
1659989,IT,DE,SEACO,RETA1,0.02,19435.883,3,3,19435.883,0.0,0.0,0.0,0.0,971794.15
1689599,IT,IE,AIRTR,POSTT,0.02,19435.583,3,3,19435.583,0.0,0.0,0.0,0.0,971779.15
1766875,IT,RU,OFFIC,PRINT,0.06,19434.58,3,3,19434.58,0.0,0.0,0.0,0.0,323909.666667
1720814,IT,PL,FURNI,PLAST,0.06,19433.277,4,4,19433.275,0.0,0.0,0.0,0.002,323887.95
1752793,IT,CA,PAPER,VEGET,0.08,19432.236,4,4,19432.234,0.0,0.0,0.0,0.002,242902.95
1793958,IT,WL,LEATH,HEALT,0.14,19431.886,4,4,19431.883,0.0,0.0,0.0,0.003,138799.185714
1732018,IT,SI,KEROS,COPP1,0.03,19431.543,4,4,19431.541,0.0,0.0,0.0,0.002,647718.1
1740559,IT,US,VEGET,HOTEL,0.07,19431.073,3,3,19431.073,0.0,0.0,0.0,0.0,277586.757143
1782765,IT,NO,HOTEL,PROCE,0.14,19430.339,3,3,19430.339,0.0,0.0,0.0,0.0,138788.135714
1737452,IT,GB,LEATH,CHEM1,0.14,19429.528,4,4,19429.525,0.0,0.0,0.0,0.003,138782.342857
1763093,IT,MX,WEARI,FISHF,0.15,19429.303,4,4,19429.299,0.0,0.0,0.0,0.004,129528.686667
1647242,IT,BE,LANDT,ALUM1,0.13,19429.17,3,3,19429.17,0.0,0.0,0.0,0.0,149455.153846
1654072,IT,CZ,MACHI,MEMBE,0.11,19428.964,4,4,19428.962,0.0,0.0,0.0,0.002,176626.945455
1800366,IT,WE,CHEM1,BRICK,0.04,19428.634,4,4,19428.632,0.0,0.0,0.0,0.002,485715.85
1758082,IT,BR,GLASS,WOODW,0.05,19428.594,3,3,19428.594,0.0,0.0,0.0,0.0,388571.88
1645321,IT,BE,GASDI,MEAT1,0.03,19428.364,4,4,19428.362,0.0,0.0,0.0,0.002,647612.133333
1794628,IT,WL,LIQUE,MOTOR,0.03,19428.091,4,4,19428.089,0.0,0.0,0.0,0.002,647603.033333
1787422,IT,WA,NATUR,FURNI,0.03,19426.895,3,3,19426.895,0.0,0.0,0.0,0.0,647563.166667
1644672,IT,BE,BEVER,LEATH,0.08,19425.153,3,3,19425.153,0.0,0.0,0.0,0.0,242814.4125
1723293,IT,PT,CERAM,CEMEN,0.03,19424.55,3,3,19424.55,0.0,0.0,0.0,0.0,647485.0
1766507,IT,RU,ALUM1,REALE,0.03,19424.202,4,4,19424.2,0.0,0.0,0.0,0.002,647473.4
1724353,IT,PT,SEACO,NONME,0.02,19424.11,3,3,19424.11,0.0,0.0,0.0,0.0,971205.5
1811346,IT,WM,BITU1,HEALT,0.03,19423.996,4,4,19423.994,0.0,0.0,0.0,0.002,647466.533333
1767488,IT,RU,SEACO,NAPHT,0.02,19423.902,3,3,19423.902,0.0,0.0,0.0,0.0,971195.1
1731682,IT,SI,WOODW,FURNI,0.05,19422.769,3,3,19422.769,0.0,0.0,0.0,0.0,388455.38
1784874,IT,ID,AIRTR,MOTO1,0.02,19421.699,3,3,19421.699,0.0,0.0,0.0,0.0,971084.95
1716113,IT,NL,BASIC,FOOD3,0.02,19420.743,3,3,19420.743,0.0,0.0,0.0,0.0,971037.15
1761905,IT,IN,FURNI,BEVER,0.06,19419.315,4,4,19419.313,0.0,0.0,0.0,0.002,323655.25
1674031,IT,FR,GASDI,STONE,0.03,19418.394,4,4,19418.392,0.0,0.0,0.0,0.002,647279.8
1795858,IT,WL,OFFIC,FOOD5,0.06,19417.926,3,3,19417.926,0.0,0.0,0.0,0.0,323632.1
1761477,IT,IN,PREC1,NONF1,0.03,19415.742,3,3,19415.742,0.0,0.0,0.0,0.0,647191.4
1651528,IT,CY,RUBBE,MEAT4,0.06,19415.659,4,4,19415.657,0.0,0.0,0.0,0.002,323594.316667
1665583,IT,ES,LEATH,RESEA,0.14,19415.467,4,4,19415.464,0.0,0.0,0.0,0.003,138681.907143
1765504,IT,RU,WEARI,CONST,0.15,19415.37,4,4,19415.366,0.0,0.0,0.0,0.004,129435.8
1680852,IT,GR,LANDT,MEATC,0.13,19415.261,3,3,19415.261,0.0,0.0,0.0,0.0,149348.161538
1652364,IT,CZ,TOBAC,NUCLE,0.08,19415.145,3,3,19415.145,0.0,0.0,0.0,0.0,242689.3125
1656445,IT,DE,PULP5,DIST1,0.06,19414.757,4,4,19414.755,0.0,0.0,0.0,0.002,323579.283333
1779308,IT,TR,INSUR,TEXTI,0.4,19414.041,3,3,19414.041,0.0,0.0,0.0,0.0,48535.1025
1774039,IT,CH,RETAI,WHOLE,0.15,19413.81,3,3,19413.81,0.0,0.0,0.0,0.0,129425.4
1795309,IT,WL,NONME,PRECI,0.04,19412.286,4,4,19412.284,0.0,0.0,0.0,0.002,485307.15
1735526,IT,SK,ALUM1,MEAT1,0.03,19412.109,4,4,19412.107,0.0,0.0,0.0,0.002,647070.3
1780853,IT,TW,COMPU,POSTT,0.22,19410.781,3,3,19410.781,0.0,0.0,0.0,0.0,88230.822727
1794762,IT,WL,PLAST,COKIN,0.04,19410.675,4,4,19410.673,0.0,0.0,0.0,0.002,485266.875
1742231,IT,US,CERAM,BASIC,0.03,19410.337,3,3,19410.337,0.0,0.0,0.0,0.0,647011.233333
1807417,IT,WF,INSUR,NONFE,0.4,19409.566,3,3,19409.566,0.0,0.0,0.0,0.0,48523.915
1651477,IT,CY,HEAVY,BEVER,0.03,19409.513,4,4,19409.511,0.0,0.0,0.0,0.002,646983.766667
1741051,IT,US,TEXTI,PFERT,0.12,19409.063,4,4,19409.06,0.0,0.0,0.0,0.003,161742.191667
1651442,IT,CY,GASDI,FABRI,0.03,19408.682,4,4,19408.68,0.0,0.0,0.0,0.002,646956.066667
1781716,IT,NO,PULP5,RETAI,0.06,19407.777,4,4,19407.775,0.0,0.0,0.0,0.002,323462.95
1802985,IT,WF,WHEAT,RUBBE,0.01,19407.476,3,3,19407.476,0.0,0.0,0.0,0.0,1940747.6
1662037,IT,DK,CHEM1,VEGET,0.04,19407.432,4,4,19407.43,0.0,0.0,0.0,0.002,485185.8
1648635,IT,BG,VEGE1,DAIRY,0.06,19405.638,4,4,19405.634,0.0,0.0,0.0,0.004,323427.3
1766938,IT,RU,MOTO1,FOOD5,0.1,19405.331,3,3,19405.331,0.0,0.0,0.0,0.0,194053.31
1802250,IT,WE,LANDT,FISHF,0.13,19404.983,3,3,19404.983,0.0,0.0,0.0,0.0,149269.1
1731923,IT,SI,MOTOR,CEMEN,0.03,19404.934,4,4,19404.932,0.0,0.0,0.0,0.002,646831.133333
1725851,IT,RO,GASDI,RUBBE,0.03,19404.001,4,4,19403.999,0.0,0.0,0.0,0.002,646800.033333
1687037,IT,HU,MOTO1,CEREA,0.1,19402.292,3,3,19402.292,0.0,0.0,0.0,0.0,194022.92
1722721,IT,PT,WOODW,MOTO1,0.05,19401.542,3,3,19401.542,0.0,0.0,0.0,0.0,388030.84
1726419,IT,RO,FABRI,DAIRY,0.08,19401.23,3,3,19401.23,0.0,0.0,0.0,0.0,242515.375
1667797,IT,ES,OFFIC,NONF1,0.06,19401.199,3,3,19401.199,0.0,0.0,0.0,0.0,323353.316667
1689756,IT,IE,FINAN,COMPU,0.25,19399.776,3,3,19399.776,0.0,0.0,0.0,0.0,77599.104
1786072,IT,ZA,CEMEN,AIRTR,0.03,19399.435,3,3,19399.435,0.0,0.0,0.0,0.0,646647.833333
1813582,IT,WM,WHOLE,ELEC6,0.17,19399.434,3,3,19399.434,0.0,0.0,0.0,0.0,114114.317647
1778025,IT,TR,OFFIC,GASDI,0.06,19399.303,3,3,19399.303,0.0,0.0,0.0,0.0,323321.716667
1782059,IT,NO,GLASS,DAIRY,0.05,19398.773,3,3,19398.773,0.0,0.0,0.0,0.0,387975.46
1749151,IT,CN,WOODW,RECRE,0.05,19398.65,3,3,19398.65,0.0,0.0,0.0,0.0,387973.0
1718314,IT,PL,FOOD5,FINAN,0.09,19398.508,4,4,19398.506,0.0,0.0,0.0,0.002,215538.977778
1790229,IT,WA,PREC1,GLASS,0.03,19398.115,3,3,19398.115,0.0,0.0,0.0,0.0,646603.833333
1665156,IT,ES,DAIRY,93197,0.08,19396.41,3,3,19396.41,0.0,0.0,0.0,0.0,242455.125
1730739,IT,SE,BUSIN,RAWMI,0.2,19395.364,3,3,19395.364,0.0,0.0,0.0,0.0,96976.82
1737930,IT,GB,CHEM1,REFI1,0.04,19392.632,4,4,19392.63,0.0,0.0,0.0,0.002,484815.8
1802421,IT,WE,AIRTR,OFFIC,0.02,19391.976,3,3,19391.976,0.0,0.0,0.0,0.0,969598.8
1768312,IT,AU,SANDC,RECRE,0.04,19391.928,4,4,19387.928,0.0,0.0,4.0,0.0,484798.2
1766197,IT,RU,GLASS,VEGE1,0.05,19391.662,3,3,19391.662,0.0,0.0,0.0,0.0,387833.24
1782402,IT,NO,FABRI,FOODW,0.08,19391.658,3,3,19391.658,0.0,0.0,0.0,0.0,242395.725
1713860,IT,MT,ELEC4,FOOD5,0.31,19391.624,3,3,19391.624,0.0,0.0,0.0,0.0,62553.625806
1651415,IT,CY,KEROS,SALEM,0.03,19391.382,4,4,19391.38,0.0,0.0,0.0,0.002,646379.4
1714589,IT,NL,SANDC,PIGS9,0.04,19390.445,4,4,19386.445,0.0,0.0,4.0,0.0,484761.125
1716434,IT,NL,MACHI,FOOD3,0.11,19390.129,4,4,19390.127,0.0,0.0,0.0,0.002,176273.9
1673393,IT,FR,WEARI,MEATC,0.15,19387.917,4,4,19387.913,0.0,0.0,0.0,0.004,129252.78
1755223,IT,KR,WOODW,RESEA,0.05,19386.83,3,3,19386.83,0.0,0.0,0.0,0.0,387736.6
1737522,IT,GB,WOODW,ALUM1,0.05,19386.747,3,3,19386.747,0.0,0.0,0.0,0.0,387734.94
1744781,IT,US,RESEA,BRICK,0.11,19385.113,3,3,19385.113,0.0,0.0,0.0,0.0,176228.3
1670648,IT,FI,LEATH,FINAN,0.14,19384.93,4,4,19384.927,0.0,0.0,0.0,0.003,138463.785714
1807054,IT,WF,TRAN2,93197,0.03,19381.708,3,3,19381.708,0.0,0.0,0.0,0.0,646056.933333
1723917,IT,PT,FURNI,RENTI,0.06,19381.671,4,4,19381.669,0.0,0.0,0.0,0.002,323027.85
1664204,IT,EE,CERAM,CEMEN,0.03,19379.985,3,3,19379.985,0.0,0.0,0.0,0.0,645999.5
1812438,IT,WM,PREC1,BITU1,0.03,19379.615,3,3,19379.615,0.0,0.0,0.0,0.0,645987.166667
1746989,IT,JP,MOTO1,OILHA,0.1,19379.282,3,3,19379.282,0.0,0.0,0.0,0.0,193792.82
1662794,IT,DK,TRANS,RESEA,0.12,19379.124,3,3,19379.124,0.0,0.0,0.0,0.0,161492.7
1714913,IT,NL,BEVER,ELEC2,0.08,19379.113,3,3,19379.113,0.0,0.0,0.0,0.0,242238.9125
1645377,IT,BE,HEAVY,BIOGA,0.03,19378.62,4,4,19378.618,0.0,0.0,0.0,0.002,645954.0
1718152,IT,PL,VEGE1,BUSIN,0.06,19377.856,4,4,19377.852,0.0,0.0,0.0,0.004,322964.266667
1712567,IT,LV,MACHI,FABRI,0.11,19377.211,4,4,19377.209,0.0,0.0,0.0,0.002,176156.463636
1750486,IT,CN,MACHI,NONSP,0.11,19374.51,4,4,19374.508,0.0,0.0,0.0,0.002,176131.909091
1640454,IT,AT,VEGE1,PUBLI,0.06,19371.976,4,4,19371.972,0.0,0.0,0.0,0.004,322866.266667
1714591,IT,NL,SANDC,RAWMI,0.04,19371.473,4,4,19367.473,0.0,0.0,4.0,0.0,484286.825
1783366,IT,NO,PLAS1,COPP1,0.07,19370.1,3,3,19370.1,0.0,0.0,0.0,0.0,276715.714286
1728531,IT,SE,WOODW,INERT,0.05,19369.777,3,3,19369.777,0.0,0.0,0.0,0.0,387395.54
1788992,IT,WA,HEAVY,FINAN,0.03,19369.523,4,4,19369.521,0.0,0.0,0.0,0.002,645650.766667
1684698,IT,HU,CEREA,REALE,0.03,19368.939,3,3,19368.939,0.0,0.0,0.0,0.0,645631.3
1719341,IT,PL,BIODI,PREC1,0.04,19368.639,4,4,19368.637,0.0,0.0,0.0,0.002,484215.975
1803782,IT,WF,TEXTI,LEADZ,0.11,19368.534,4,4,19368.531,0.0,0.0,0.0,0.003,176077.581818
1745608,IT,JP,TOBAC,MEMBE,0.08,19368.297,3,3,19368.297,0.0,0.0,0.0,0.0,242103.7125
1784623,IT,ID,MACHI,RETAI,0.11,19368.094,4,4,19368.092,0.0,0.0,0.0,0.002,176073.581818
1761609,IT,IN,FABRI,CEREA,0.08,19367.142,3,3,19367.142,0.0,0.0,0.0,0.0,242089.275
1662999,IT,DK,HOTEL,MOTOR,0.14,19366.73,3,3,19366.73,0.0,0.0,0.0,0.0,138333.785714
1764895,IT,MX,AIRTR,COLLE,0.02,19365.805,3,3,19365.805,0.0,0.0,0.0,0.0,968290.25
1790246,IT,WA,PREC1,FURNI,0.03,19365.687,3,3,19365.687,0.0,0.0,0.0,0.0,645522.9
1683583,IT,HR,COPP1,TRANS,0.05,19365.094,3,3,19365.094,0.0,0.0,0.0,0.0,387301.88
1813126,IT,WM,MOTO1,WEARI,0.1,19364.632,3,3,19364.632,0.0,0.0,0.0,0.0,193646.32
1646246,IT,BE,LEAD1,ALUM1,0.03,19364.483,4,4,19364.481,0.0,0.0,0.0,0.002,645482.766667
1740104,IT,GB,COMPU,PAPER,0.22,19362.946,3,3,19362.946,0.0,0.0,0.0,0.0,88013.390909
1766045,IT,RU,CHEM1,POSTT,0.04,19362.919,4,4,19362.917,0.0,0.0,0.0,0.002,484072.975
1724040,IT,PT,WHOLE,DAIRY,0.17,19362.859,3,3,19362.859,0.0,0.0,0.0,0.0,113899.170588
1670700,IT,FI,WOODW,WHOLE,0.05,19362.288,3,3,19362.288,0.0,0.0,0.0,0.0,387245.76
1732301,IT,SI,NAPHT,PRINT,0.03,19361.036,3,3,19361.036,0.0,0.0,0.0,0.0,645367.866667
1711677,IT,LU,COMPU,RECRE,0.22,19360.285,3,3,19360.285,0.0,0.0,0.0,0.0,88001.295455
1650168,IT,BG,MOTO1,ELEC3,0.1,19358.412,3,3,19358.412,0.0,0.0,0.0,0.0,193584.12
1751299,IT,CN,RAILW,MOTO1,0.13,19358.355,3,3,19358.355,0.0,0.0,0.0,0.0,148910.423077
1737977,IT,GB,CHEM1,SUPPO,0.04,19357.692,4,4,19357.69,0.0,0.0,0.0,0.002,483942.3
1801669,IT,WE,FURNI,ELECT,0.06,19357.429,4,4,19357.427,0.0,0.0,0.0,0.002,322623.816667
1651414,IT,CY,KEROS,CONST,0.03,19356.949,4,4,19356.947,0.0,0.0,0.0,0.002,645231.633333
1799933,IT,WE,HEAVY,BKBPE,0.03,19356.842,4,4,19356.84,0.0,0.0,0.0,0.002,645228.066667
1781233,IT,NO,CROPS,GLASS,0.15,19354.972,3,3,19354.972,0.0,0.0,0.0,0.0,129033.146667
1716989,IT,NL,LANDT,SUGA1,0.12,19354.39,3,3,19354.39,0.0,0.0,0.0,0.0,161286.583333
1752794,IT,CA,PAPER,FORES,0.07,19354.074,4,4,19354.072,0.0,0.0,0.0,0.002,276486.771429
1769950,IT,AU,MOTO1,MEMBE,0.1,19352.903,3,3,19352.903,0.0,0.0,0.0,0.0,193529.03
1726728,IT,RO,FURNI,TRAN1,0.06,19352.838,4,4,19352.836,0.0,0.0,0.0,0.002,322547.3
1772272,IT,CH,NAPHT,GLASS,0.03,19352.738,3,3,19352.738,0.0,0.0,0.0,0.0,645091.266667
1712537,IT,LV,FABRI,BUSIN,0.08,19352.555,3,3,19352.555,0.0,0.0,0.0,0.0,241906.9375
1653831,IT,CZ,FABRI,STONE,0.08,19351.808,3,3,19351.808,0.0,0.0,0.0,0.0,241897.6
1711730,IT,LU,BUSIN,RETAI,0.2,19350.176,3,3,19350.176,0.0,0.0,0.0,0.0,96750.88
1796196,IT,WL,FURNI,BRICK,0.06,19349.887,4,4,19349.885,0.0,0.0,0.0,0.002,322498.116667
1739501,IT,GB,LANDT,COLLE,0.12,19349.857,3,3,19349.857,0.0,0.0,0.0,0.0,161248.808333
1732677,IT,SI,CERAM,ALUM1,0.03,19349.798,3,3,19349.798,0.0,0.0,0.0,0.0,644993.266667
1689675,IT,IE,POSTT,DIST1,0.32,19349.728,3,3,19349.728,0.0,0.0,0.0,0.0,60467.9
1684923,IT,HU,CHEMI,MOTO1,0.05,19349.072,5,5,19348.07,0.0,0.0,1.0,0.002,386981.44
1784832,IT,ID,SEACO,PADDY,0.02,19348.945,3,3,19348.945,0.0,0.0,0.0,0.0,967447.25
1800585,IT,WE,GLASS,MEAT1,0.05,19346.627,3,3,19346.627,0.0,0.0,0.0,0.0,386932.54
1799562,IT,WE,PRINT,CONST,0.19,19345.582,3,3,19345.582,0.0,0.0,0.0,0.0,101818.852632
1807550,IT,WF,RENTI,COMPU,0.12,19344.434,3,3,19344.434,0.0,0.0,0.0,0.0,161203.616667
1715645,IT,NL,NAPHT,BASIC,0.03,19341.488,3,3,19341.488,0.0,0.0,0.0,0.0,644716.266667
1776934,IT,TR,PLAST,ELEC2,0.04,19341.346,4,4,19341.344,0.0,0.0,0.0,0.002,483533.65
1780779,IT,TW,RENTI,CONST,0.12,19339.334,3,3,19339.334,0.0,0.0,0.0,0.0,161161.116667
1800326,IT,WE,CHEM1,OILSE,0.04,19339.1,4,4,19339.098,0.0,0.0,0.0,0.002,483477.5
1801802,IT,WE,ELEC5,CROPS,0.23,19338.856,3,3,19338.856,0.0,0.0,0.0,0.0,84081.982609
1788104,IT,WA,WEARI,ANIMA,0.15,19338.258,4,4,19338.254,0.0,0.0,0.0,0.004,128921.72
1740733,IT,US,MEATP,HOTEL,0.08,19337.068,4,4,19337.066,0.0,0.0,0.0,0.002,241713.35
1732617,IT,SI,GLASS,PREC1,0.05,19336.332,3,3,19336.332,0.0,0.0,0.0,0.0,386726.64
1744540,IT,US,REALE,FURNI,0.82,19335.87,3,3,19335.87,0.0,0.0,0.0,0.0,23580.329268
1765922,IT,RU,PLAST,COLLE,0.04,19335.323,4,4,19335.321,0.0,0.0,0.0,0.002,483383.075
1677382,IT,FR,INSUR,HEAVY,0.4,19334.387,3,3,19334.387,0.0,0.0,0.0,0.0,48335.9675
1669713,IT,ES,COMPU,EDUCA,0.22,19334.154,3,3,19334.154,0.0,0.0,0.0,0.0,87882.518182
1731090,IT,SI,OILSE,CEMEN,0.01,19330.922,3,3,19330.922,0.0,0.0,0.0,0.0,1933092.2
1656451,IT,DE,PULP5,LANDT,0.06,19330.626,4,4,19330.624,0.0,0.0,0.0,0.002,322177.1
1732569,IT,SI,RUBBE,PUBLI,0.06,19329.836,4,4,19329.834,0.0,0.0,0.0,0.002,322163.933333
1676550,IT,FR,HOTEL,SUGA1,0.14,19329.316,3,3,19329.316,0.0,0.0,0.0,0.0,138066.542857
1763207,IT,MX,WOODW,MEAT4,0.05,19327.239,3,3,19327.239,0.0,0.0,0.0,0.0,386544.78
1649005,IT,BG,WOODW,FORES,0.05,19326.741,3,3,19326.741,0.0,0.0,0.0,0.0,386534.82
1803428,IT,WF,MEATP,NONFE,0.08,19326.639,4,4,19326.637,0.0,0.0,0.0,0.002,241582.9875
1739510,IT,GB,LANDT,TRAN2,0.12,19325.994,3,3,19325.994,0.0,0.0,0.0,0.0,161049.95
1733860,IT,SI,SEACO,BEVER,0.02,19325.816,3,3,19325.816,0.0,0.0,0.0,0.0,966290.8
1666295,IT,ES,LIQUE,LEATH,0.03,19325.556,4,4,19325.554,0.0,0.0,0.0,0.002,644185.2
1647753,IT,BE,INSUR,AUXIL,0.4,19325.439,3,3,19325.439,0.0,0.0,0.0,0.0,48313.5975
1653478,IT,CZ,BASIC,PIGS9,0.02,19325.415,3,3,19325.415,0.0,0.0,0.0,0.0,966270.75
1728720,IT,SE,MOTOR,RENTI,0.03,19325.001,4,4,19324.999,0.0,0.0,0.0,0.002,644166.7
1737720,IT,GB,GASDI,WOODW,0.03,19324.648,4,4,19324.646,0.0,0.0,0.0,0.002,644154.933333
1750620,IT,CN,OFFIC,AIRTR,0.06,19321.993,3,3,19321.993,0.0,0.0,0.0,0.0,322033.216667
1672609,IT,FR,FORES,CONST,0.17,19321.98,4,4,19314.98,0.0,7.0,0.0,0.0,113658.705882
1673645,IT,FR,WOODW,WOOD1,0.05,19321.658,3,3,19321.658,0.0,0.0,0.0,0.0,386433.16
1777880,IT,TR,MACHI,PLANT,0.11,19321.234,4,4,19321.232,0.0,0.0,0.0,0.002,175647.581818
1809117,IT,WM,CROPS,CERAM,0.15,19321.189,3,3,19321.189,0.0,0.0,0.0,0.0,128807.926667
1667437,IT,ES,COPP1,RECRE,0.05,19320.877,3,3,19320.877,0.0,0.0,0.0,0.0,386417.54
1740888,IT,US,DAIRY,FOOD3,0.08,19320.766,3,3,19320.766,0.0,0.0,0.0,0.0,241509.575
1808964,IT,WM,CEREA,PRIVA,0.03,19319.746,3,3,19319.746,0.0,0.0,0.0,0.0,643991.533333
1760786,IT,IN,PRINT,HOTEL,0.19,19318.434,3,3,19318.434,0.0,0.0,0.0,0.0,101675.968421
1794696,IT,WL,NAPHT,FURNI,0.03,19316.817,3,3,19316.817,0.0,0.0,0.0,0.0,643893.9
1748842,IT,CN,TEXTI,REALE,0.11,19316.727,4,4,19316.724,0.0,0.0,0.0,0.003,175606.609091
1652527,IT,CZ,WEARI,COMPU,0.15,19316.279,4,4,19316.275,0.0,0.0,0.0,0.004,128775.193333
1651574,IT,CY,GLASS,MEATP,0.05,19315.086,3,3,19315.086,0.0,0.0,0.0,0.0,386301.72
1804393,IT,WF,KEROS,ELEC4,0.03,19312.831,4,4,19312.829,0.0,0.0,0.0,0.002,643761.033333
1733827,IT,SI,LANDT,93197,0.12,19310.564,3,3,19310.564,0.0,0.0,0.0,0.0,160921.366667
1814017,IT,WM,SEACO,TRANS,0.02,19310.133,3,3,19310.133,0.0,0.0,0.0,0.0,965506.65
1765597,IT,RU,WOODW,FOOD5,0.05,19309.079,3,3,19309.079,0.0,0.0,0.0,0.0,386181.58
1779986,IT,TW,SALEM,PRINT,0.16,19308.889,3,3,19308.889,0.0,0.0,0.0,0.0,120680.55625
1808768,IT,WF,WOOD2,MEATC,0.1,19308.827,3,3,19308.827,0.0,0.0,0.0,0.0,193088.27
1725176,IT,RO,VEGE1,HOTEL,0.06,19306.855,4,4,19306.851,0.0,0.0,0.0,0.004,321780.916667
1755679,IT,KR,RUBBE,ELEC3,0.06,19306.008,4,4,19306.006,0.0,0.0,0.0,0.002,321766.8
1760016,IT,BR,INTER,PLAS2,0.12,19305.68,3,3,19305.68,0.0,0.0,0.0,0.0,160880.666667
1687438,IT,HU,RAILW,MOTOR,0.13,19305.052,3,3,19305.052,0.0,0.0,0.0,0.0,148500.4
1761429,IT,IN,BASIC,LEAD1,0.02,19304.714,3,3,19304.714,0.0,0.0,0.0,0.0,965235.7
1793200,IT,WA,93197,BUSIN,0.13,19304.082,4,4,19304.08,0.0,0.0,0.0,0.002,148492.938462
1778816,IT,TR,LANDT,BIOG1,0.12,19303.388,3,3,19303.388,0.0,0.0,0.0,0.0,160861.566667
1683514,IT,HR,ALUM1,WEARI,0.03,19303.053,4,4,19303.051,0.0,0.0,0.0,0.002,643435.1
1667037,IT,ES,NONME,PULP5,0.04,19302.872,4,4,19302.87,0.0,0.0,0.0,0.002,482571.8
1811781,IT,WM,ADDIT,BLAST,0.04,19302.492,4,4,19302.49,0.0,0.0,0.0,0.002,482562.3
1644187,IT,BE,CEREA,MEAT1,0.03,19300.473,3,3,19300.473,0.0,0.0,0.0,0.0,643349.1
1814118,IT,WM,AIRTR,MACHI,0.02,19300.471,3,3,19300.471,0.0,0.0,0.0,0.0,965023.55
1724113,IT,PT,RETA1,DAIRY,0.2,19299.161,3,3,19299.161,0.0,0.0,0.0,0.0,96495.805
1735500,IT,SK,PREC1,PLAST,0.03,19298.913,3,3,19298.913,0.0,0.0,0.0,0.0,643297.1
1731663,IT,SI,WOODW,PRINT,0.05,19298.598,3,3,19298.598,0.0,0.0,0.0,0.0,385971.96
1761004,IT,IN,NONSP,NAPHT,0.03,19296.393,3,3,19296.393,0.0,0.0,0.0,0.0,643213.1
1713920,IT,MT,ELEC8,RENTI,0.26,19295.208,3,3,19295.208,0.0,0.0,0.0,0.0,74212.338462
1811364,IT,WM,NONSP,KERO1,0.03,19293.527,3,3,19293.527,0.0,0.0,0.0,0.0,643117.566667
1723162,IT,PT,RUBBE,SANDC,0.06,19292.612,4,4,19292.61,0.0,0.0,0.0,0.002,321543.533333
1671786,IT,FI,WHOLE,OFFIC,0.17,19292.048,3,3,19292.048,0.0,0.0,0.0,0.0,113482.635294
1644681,IT,BE,BEVER,HEAVY,0.08,19291.126,3,3,19291.126,0.0,0.0,0.0,0.0,241139.075
1756379,IT,KR,FURNI,BASIC,0.06,19291.066,4,4,19291.064,0.0,0.0,0.0,0.002,321517.766667
1720146,IT,PL,COPP1,TEXTI,0.05,19290.995,3,3,19290.995,0.0,0.0,0.0,0.0,385819.9
1711580,IT,LU,FINAN,HOTEL,0.25,19290.3,3,3,19290.3,0.0,0.0,0.0,0.0,77161.2
1644351,IT,BE,CHEMI,TEXTI,0.05,19289.949,5,5,19288.947,0.0,0.0,1.0,0.002,385798.98
1785371,IT,ZA,WOODW,SUPPO,0.05,19289.76,3,3,19289.76,0.0,0.0,0.0,0.0,385795.2
1737999,IT,GB,CHEM1,INERT,0.04,19289.693,4,4,19289.691,0.0,0.0,0.0,0.002,482242.325
1662790,IT,DK,TRANS,RETA1,0.12,19289.43,3,3,19289.43,0.0,0.0,0.0,0.0,160745.25
1810611,IT,WM,PRINT,LANDT,0.19,19289.209,3,3,19289.209,0.0,0.0,0.0,0.0,101522.152632
1788735,IT,WA,MOTOR,MEDIC,0.03,19289.147,4,4,19289.145,0.0,0.0,0.0,0.002,642971.566667
1679465,IT,GR,CHEM1,BITU1,0.04,19289.084,4,4,19289.082,0.0,0.0,0.0,0.002,482227.1
1811324,IT,WM,BITU1,DIST1,0.03,19288.397,4,4,19288.395,0.0,0.0,0.0,0.002,642946.566667
1807551,IT,WF,RENTI,RESEA,0.12,19285.899,3,3,19285.899,0.0,0.0,0.0,0.0,160715.825
1675768,IT,FR,FURNI,ELEC8,0.06,19285.602,4,4,19285.6,0.0,0.0,0.0,0.002,321426.7
1757272,IT,BR,DAIRY,RETA1,0.08,19285.022,3,3,19285.022,0.0,0.0,0.0,0.0,241062.775
1662987,IT,DK,HOTEL,SUGA1,0.14,19283.842,3,3,19283.842,0.0,0.0,0.0,0.0,137741.728571
1682303,IT,HR,LEATH,FOOD4,0.14,19282.599,4,4,19282.596,0.0,0.0,0.0,0.003,137732.85
1734500,IT,SK,VEGE1,POULT,0.06,19281.684,4,4,19281.68,0.0,0.0,0.0,0.004,321361.4
1780325,IT,TW,AIRTR,NONFE,0.02,19281.664,3,3,19281.664,0.0,0.0,0.0,0.0,964083.2
1670856,IT,FI,PLAST,MEAT4,0.04,19281.483,4,4,19281.481,0.0,0.0,0.0,0.002,482037.075
1721410,IT,PL,SEACO,SUPPO,0.02,19280.702,3,3,19280.702,0.0,0.0,0.0,0.0,964035.1
1675637,IT,FR,MOTO1,FOOD1,0.1,19280.346,3,3,19280.346,0.0,0.0,0.0,0.0,192803.46
1649823,IT,BG,ALUM1,CHEM1,0.03,19279.808,4,4,19279.806,0.0,0.0,0.0,0.002,642660.266667
1733526,IT,SI,WHOLE,REALE,0.17,19279.764,3,3,19279.764,0.0,0.0,0.0,0.0,113410.376471
1718230,IT,PL,PROCE,FABRI,0.13,19279.426,3,3,19279.426,0.0,0.0,0.0,0.0,148303.276923
1677544,IT,FR,AUXIL,INERT,0.35,19279.361,3,3,19279.361,0.0,0.0,0.0,0.0,55083.888571
1652513,IT,CZ,WEARI,STEAM,0.15,19279.189,4,4,19279.185,0.0,0.0,0.0,0.004,128527.926667
1760325,IT,IN,STONE,TRANS,0.06,19277.843,4,4,19276.843,0.0,0.0,1.0,0.0,321297.383333
1789557,IT,WA,BIOGA,WEARI,0.04,19277.285,4,4,19277.283,0.0,0.0,0.0,0.002,481932.125
1657097,IT,DE,NONSP,LANDT,0.03,19277.184,3,3,19277.184,0.0,0.0,0.0,0.0,642572.8
1808527,IT,WF,PAPE4,NATUR,0.13,19276.314,3,3,19276.314,0.0,0.0,0.0,0.0,148279.338462
1776943,IT,TR,PLAST,LANDT,0.04,19276.278,4,4,19276.276,0.0,0.0,0.0,0.002,481906.95
1743006,IT,US,OFFIC,CHEM1,0.06,19276.169,3,3,19276.169,0.0,0.0,0.0,0.0,321269.483333
1665350,IT,ES,FISH5,PUBLI,0.08,19276.04,4,4,19276.03,0.0,0.0,0.0,0.01,240950.5
1643567,IT,AT,SEACO,SALEM,0.02,19275.401,3,3,19275.401,0.0,0.0,0.0,0.0,963770.05
1810944,IT,WM,GASDI,LEATH,0.03,19273.253,4,4,19273.251,0.0,0.0,0.0,0.002,642441.766667
1766391,IT,RU,BASIC,GLASS,0.02,19273.24,3,3,19273.24,0.0,0.0,0.0,0.0,963662.0
1676399,IT,FR,WHOLE,RAILW,0.17,19272.994,3,3,19272.994,0.0,0.0,0.0,0.0,113370.552941
1775876,IT,TR,DAIRY,HEALT,0.08,19272.468,3,3,19272.468,0.0,0.0,0.0,0.0,240905.85
1733322,IT,SI,MOTO1,RENTI,0.1,19272.451,3,3,19272.451,0.0,0.0,0.0,0.0,192724.51
1764894,IT,MX,AIRTR,DISTR,0.02,19272.218,3,3,19272.218,0.0,0.0,0.0,0.0,963610.9
1643213,IT,AT,HOTEL,REFI1,0.14,19271.408,3,3,19271.408,0.0,0.0,0.0,0.0,137652.914286
1678542,IT,GR,VEGET,ALUM1,0.07,19269.816,3,3,19269.816,0.0,0.0,0.0,0.0,275283.085714
1665353,IT,ES,FISH5,RECRE,0.08,19268.871,4,4,19268.861,0.0,0.0,0.0,0.01,240860.8875
1716712,IT,NL,WHOLE,BUSIN,0.17,19266.969,3,3,19266.969,0.0,0.0,0.0,0.0,113335.111765
1787710,IT,WA,VEGE1,LIQUE,0.06,19266.513,4,4,19266.509,0.0,0.0,0.0,0.004,321108.55
1806028,IT,WF,COPP1,ELEC4,0.05,19265.985,3,3,19265.985,0.0,0.0,0.0,0.0,385319.7
1735874,IT,SK,OFFIC,PRINT,0.06,19265.286,3,3,19265.286,0.0,0.0,0.0,0.0,321088.1
1762676,IT,IN,RESEA,POSTT,0.1,19264.724,3,3,19264.724,0.0,0.0,0.0,0.0,192647.24
1684857,IT,HU,CRUDE,CONST,0.04,19264.608,4,4,19264.606,0.0,0.0,0.0,0.002,481615.2
1678860,IT,GR,FISH5,MEAT4,0.08,19263.795,4,4,19263.785,0.0,0.0,0.0,0.01,240797.4375
1724394,IT,PT,INLAN,ELEC2,0.03,19263.513,3,3,19263.513,0.0,0.0,0.0,0.0,642117.1
1789998,IT,WA,NONME,REFI1,0.04,19262.028,4,4,19262.026,0.0,0.0,0.0,0.002,481550.7
1686578,IT,HU,ALUM1,DISTR,0.03,19261.527,4,4,19261.525,0.0,0.0,0.0,0.002,642050.9
1785521,IT,ZA,MOTOR,TRAN2,0.03,19259.672,4,4,19259.67,0.0,0.0,0.0,0.002,641989.066667
1666523,IT,ES,PLAST,93197,0.04,19259.568,4,4,19259.566,0.0,0.0,0.0,0.002,481489.2
1727985,IT,SE,STONE,CONST,0.06,19258.872,4,4,19257.872,0.0,0.0,1.0,0.0,320981.2
1672358,IT,FI,BUSIN,TEXTI,0.2,19258.528,3,3,19258.528,0.0,0.0,0.0,0.0,96292.64
1668945,IT,ES,AIRTR,LUBRI,0.02,19258.003,3,3,19258.003,0.0,0.0,0.0,0.0,962900.15
1759670,IT,BR,RESEA,INSUR,0.1,19256.066,3,3,19256.066,0.0,0.0,0.0,0.0,192560.66
1678698,IT,GR,VEGE1,REALE,0.06,19255.983,4,4,19255.979,0.0,0.0,0.0,0.004,320933.05
1742711,IT,US,FABRI,PIGS9,0.08,19255.91,3,3,19255.91,0.0,0.0,0.0,0.0,240698.875
1754295,IT,CA,INSUR,WHEAT,0.4,19255.864,3,3,19255.864,0.0,0.0,0.0,0.0,48139.66
1792021,IT,WA,AIRTR,PLANT,0.02,19255.597,3,3,19255.597,0.0,0.0,0.0,0.0,962779.85
1766093,IT,RU,RUBBE,SUGA1,0.06,19254.721,4,4,19254.719,0.0,0.0,0.0,0.002,320912.016667
1793485,IT,WL,CHEMI,BEVER,0.05,19253.527,5,5,19252.525,0.0,0.0,1.0,0.002,385070.54
1803096,IT,WF,VEGET,BITUM,0.07,19251.001,3,3,19251.001,0.0,0.0,0.0,0.0,275014.3
1715286,IT,NL,PAPER,COPP1,0.07,19250.495,4,4,19250.493,0.0,0.0,0.0,0.002,275007.071429
1786870,IT,ZA,SEACO,PREC1,0.02,19249.533,3,3,19249.533,0.0,0.0,0.0,0.0,962476.65
1711674,IT,LU,COMPU,PUBLI,0.22,19249.431,3,3,19249.431,0.0,0.0,0.0,0.0,87497.413636
1655564,IT,DE,STONE,REALE,0.06,19249.252,4,4,19248.252,0.0,0.0,1.0,0.0,320820.866667
1685749,IT,HU,PLAST,MEAT1,0.04,19248.889,4,4,19248.887,0.0,0.0,0.0,0.002,481222.225
1742323,IT,US,CEMEN,REALE,0.03,19247.879,3,3,19247.879,0.0,0.0,0.0,0.0,641595.966667
1736884,IT,SK,BUSIN,DISTR,0.2,19246.645,3,3,19246.645,0.0,0.0,0.0,0.0,96233.225
1794412,IT,WL,KEROS,93197,0.03,19246.317,4,4,19246.315,0.0,0.0,0.0,0.002,641543.9
1800884,IT,WE,PREC1,FOOD5,0.03,19246.251,3,3,19246.251,0.0,0.0,0.0,0.0,641541.7
1725648,IT,RO,PAPER,POULT,0.07,19245.882,4,4,19245.88,0.0,0.0,0.0,0.002,274941.171429
1764073,IT,MX,FABRI,MEATC,0.08,19244.296,3,3,19244.296,0.0,0.0,0.0,0.0,240553.7
1685949,IT,HU,CHEM1,MEMBE,0.04,19244.172,4,4,19244.17,0.0,0.0,0.0,0.002,481104.3
1726807,IT,RO,WHOLE,WOODW,0.17,19244.115,3,3,19244.115,0.0,0.0,0.0,0.0,113200.676471
1786737,IT,ZA,RETA1,WHOLE,0.2,19243.192,3,3,19243.192,0.0,0.0,0.0,0.0,96215.96
1677750,IT,FR,COMPU,FOOD5,0.22,19242.864,3,3,19242.864,0.0,0.0,0.0,0.0,87467.563636
1657131,IT,DE,PLAST,BRICK,0.04,19241.842,4,4,19241.84,0.0,0.0,0.0,0.002,481046.05
1724385,IT,PT,INLAN,BEVER,0.03,19241.74,3,3,19241.74,0.0,0.0,0.0,0.0,641391.333333
1660466,IT,DE,INSUR,WOODW,0.4,19240.296,3,3,19240.296,0.0,0.0,0.0,0.0,48100.74
1789191,IT,WA,PLAST,REFI1,0.04,19240.016,4,4,19240.014,0.0,0.0,0.0,0.002,481000.4
1778201,IT,TR,FURNI,GLASS,0.06,19239.245,4,4,19239.243,0.0,0.0,0.0,0.002,320654.083333
1719071,IT,PL,NAPHT,RETA1,0.03,19238.927,3,3,19238.927,0.0,0.0,0.0,0.0,641297.566667
1794688,IT,WL,NAPHT,ALUM1,0.03,19238.321,3,3,19238.321,0.0,0.0,0.0,0.0,641277.366667
1744857,IT,US,BUSIN,CEREA,0.2,19238.099,3,3,19238.099,0.0,0.0,0.0,0.0,96190.495
1655829,IT,DE,VEGE1,FABRI,0.06,19236.63,4,4,19236.626,0.0,0.0,0.0,0.004,320610.5
1805389,IT,WF,RUBBE,MOTO1,0.06,19236.489,4,4,19236.487,0.0,0.0,0.0,0.002,320608.15
1676152,IT,FR,CONST,CRUDE,0.11,19236.485,3,3,19236.485,0.0,0.0,0.0,0.0,174877.136364
1786783,IT,ZA,HOTEL,MOTOR,0.14,19236.106,3,3,19236.106,0.0,0.0,0.0,0.0,137400.757143
1788848,IT,WA,GASDI,WEARI,0.03,19232.765,4,4,19232.763,0.0,0.0,0.0,0.002,641092.166667
1722735,IT,PT,WOODW,WASTE,0.05,19232.217,3,3,19232.217,0.0,0.0,0.0,0.0,384644.34
1761457,IT,IN,PREC1,TEXTI,0.03,19231.984,3,3,19231.984,0.0,0.0,0.0,0.0,641066.133333
1658614,IT,DE,MACHI,ELE12,0.11,19231.892,4,4,19231.89,0.0,0.0,0.0,0.002,174835.381818
1669699,IT,ES,COMPU,LANDT,0.22,19231.8,3,3,19231.8,0.0,0.0,0.0,0.0,87417.272727
1670517,IT,FI,BEVER,INSUR,0.08,19230.832,3,3,19230.832,0.0,0.0,0.0,0.0,240385.4
1737590,IT,GB,PAPER,TOBAC,0.07,19230.451,4,4,19230.449,0.0,0.0,0.0,0.002,274720.728571
1748641,IT,CN,DAIRY,MOTO1,0.08,19229.517,3,3,19229.517,0.0,0.0,0.0,0.0,240368.9625
1804007,IT,WF,WOODW,CATTL,0.05,19229.1,3,3,19229.1,0.0,0.0,0.0,0.0,384582.0
1814860,IT,WM,RECRE,PFERT,0.24,19228.644,3,3,19228.644,0.0,0.0,0.0,0.0,80119.35
1680595,IT,GR,ELE11,PAPE4,0.28,19226.908,4,4,19226.898,0.0,0.0,0.0,0.01,68667.528571
1788730,IT,WA,MOTOR,ALUM1,0.03,19226.89,4,4,19226.888,0.0,0.0,0.0,0.002,640896.333333
1661988,IT,DK,PETRO,RENTI,0.03,19226.447,4,4,19226.445,0.0,0.0,0.0,0.002,640881.566667
1651358,IT,CY,PAPER,FURNI,0.07,19226.11,4,4,19226.108,0.0,0.0,0.0,0.002,274658.714286
1678750,IT,GR,SUGA1,WOODW,0.05,19225.966,4,4,19225.963,0.0,0.0,0.0,0.003,384519.32
1809918,IT,WM,BEVER,RAILW,0.08,19224.931,3,3,19224.931,0.0,0.0,0.0,0.0,240311.6375
1810068,IT,WM,TEXTI,MACHI,0.11,19224.532,4,4,19224.529,0.0,0.0,0.0,0.003,174768.472727
1794371,IT,WL,KEROS,NATU1,0.03,19224.082,4,4,19224.08,0.0,0.0,0.0,0.002,640802.733333
1646515,IT,BE,MACHI,FOODW,0.11,19223.458,4,4,19223.456,0.0,0.0,0.0,0.002,174758.709091
1782597,IT,NO,FURNI,PRINT,0.06,19223.295,4,4,19223.293,0.0,0.0,0.0,0.002,320388.25
1766537,IT,RU,COPP1,GLASS,0.05,19223.267,3,3,19223.267,0.0,0.0,0.0,0.0,384465.34
1762645,IT,IN,COMPU,DISTR,0.22,19222.525,3,3,19222.525,0.0,0.0,0.0,0.0,87375.113636
1772930,IT,CH,PREC1,PAPER,0.03,19222.478,3,3,19222.478,0.0,0.0,0.0,0.0,640749.266667
1773503,IT,CH,MOTO1,MEATC,0.1,19222.458,3,3,19222.458,0.0,0.0,0.0,0.0,192224.58
1779466,IT,TR,RENTI,MEAT1,0.11,19220.191,3,3,19220.191,0.0,0.0,0.0,0.0,174729.009091
1752361,IT,CA,MEAT4,BIODI,0.11,19219.427,3,3,19219.427,0.0,0.0,0.0,0.0,174722.063636
1748600,IT,CN,VEGE1,RAILW,0.06,19219.338,4,4,19219.334,0.0,0.0,0.0,0.004,320322.3
1792507,IT,WA,REALE,PFERT,0.81,19219.209,3,3,19219.209,0.0,0.0,0.0,0.0,23727.418519
1760447,IT,IN,BEVER,MEAT4,0.08,19218.692,3,3,19218.692,0.0,0.0,0.0,0.0,240233.65
1800749,IT,WE,NONME,GLASS,0.04,19217.714,4,4,19217.712,0.0,0.0,0.0,0.002,480442.85
1733885,IT,SI,SEACO,RETAI,0.02,19217.582,3,3,19217.582,0.0,0.0,0.0,0.0,960879.1
1718392,IT,PL,BEVER,DIST1,0.08,19217.178,3,3,19217.178,0.0,0.0,0.0,0.0,240214.725
1771249,IT,CH,VEGE1,COLLE,0.06,19215.362,4,4,19215.358,0.0,0.0,0.0,0.004,320256.033333
1715134,IT,NL,LEATH,RUBBE,0.14,19214.754,4,4,19214.751,0.0,0.0,0.0,0.003,137248.242857
1795263,IT,WL,CERAM,ELECT,0.03,19214.637,3,3,19214.637,0.0,0.0,0.0,0.0,640487.9
1729278,IT,SE,CEMEN,RENTI,0.03,19214.55,3,3,19214.55,0.0,0.0,0.0,0.0,640485.0
1662000,IT,DK,PLAST,SUGA1,0.04,19213.416,4,4,19213.414,0.0,0.0,0.0,0.002,480335.4
1641943,IT,AT,RUBBE,STONE,0.06,19212.181,4,4,19212.179,0.0,0.0,0.0,0.002,320203.016667
1718731,IT,PL,PULP5,CHEM1,0.06,19210.366,4,4,19210.364,0.0,0.0,0.0,0.002,320172.766667
1765965,IT,RU,CHEM1,MEAT4,0.04,19209.948,4,4,19209.946,0.0,0.0,0.0,0.002,480248.7
1774798,IT,CH,POSTT,FABRI,0.32,19208.466,3,3,19208.466,0.0,0.0,0.0,0.0,60026.45625
1757429,IT,BR,PAPER,CRUDE,0.07,19208.435,4,4,19208.433,0.0,0.0,0.0,0.002,274406.214286
1649608,IT,BG,GLASS,WEARI,0.05,19206.339,3,3,19206.339,0.0,0.0,0.0,0.0,384126.78
1673815,IT,FR,PRINT,FOOD5,0.18,19205.997,3,3,19205.997,0.0,0.0,0.0,0.0,106699.983333
1651661,IT,CY,BASIC,FINAN,0.02,19205.603,3,3,19205.603,0.0,0.0,0.0,0.0,960280.15
1686731,IT,HU,COPP1,RETAI,0.05,19204.54,3,3,19204.54,0.0,0.0,0.0,0.0,384090.8
1711994,IT,LV,SUGAR,MEAT1,0.03,19203.861,4,4,19203.859,0.0,0.0,0.0,0.002,640128.7
1786554,IT,ZA,FURNI,MOTO1,0.06,19203.839,4,4,19203.837,0.0,0.0,0.0,0.002,320063.983333
1800157,IT,WE,NONSP,FOOD5,0.03,19203.601,3,3,19203.601,0.0,0.0,0.0,0.0,640120.033333
1648349,IT,BE,HEALT,FOOD3,0.1,19202.952,3,3,19202.952,0.0,0.0,0.0,0.0,192029.52
1814481,IT,WM,RESEA,VEGET,0.1,19202.877,3,3,19202.877,0.0,0.0,0.0,0.0,192028.77
1712065,IT,LV,BEVER,WOODW,0.08,19201.753,3,3,19201.753,0.0,0.0,0.0,0.0,240021.9125
1757578,IT,BR,GASDI,MEAT1,0.03,19201.332,4,4,19201.33,0.0,0.0,0.0,0.002,640044.4
1767669,IT,RU,POSTT,LANDT,0.32,19198.09,3,3,19198.09,0.0,0.0,0.0,0.0,59994.03125
1769451,IT,AU,NONME,RETA1,0.04,19197.18,4,4,19197.178,0.0,0.0,0.0,0.002,479929.5
1672118,IT,FI,POSTT,CONST,0.32,19196.984,3,3,19196.984,0.0,0.0,0.0,0.0,59990.575
1655317,IT,DE,VEGET,PROCE,0.07,19196.754,3,3,19196.754,0.0,0.0,0.0,0.0,274239.342857
1767523,IT,RU,AIRTR,BEVER,0.02,19196.325,3,3,19196.325,0.0,0.0,0.0,0.0,959816.25
1662953,IT,DK,RETA1,COMPU,0.2,19195.677,3,3,19195.677,0.0,0.0,0.0,0.0,95978.385
1765841,IT,RU,HEAVY,FOOD5,0.03,19195.534,4,4,19195.532,0.0,0.0,0.0,0.002,639851.133333
1723700,IT,PT,MACHI,ALUM1,0.11,19195.074,4,4,19195.072,0.0,0.0,0.0,0.002,174500.672727
1791988,IT,WA,SEACO,TRAN2,0.02,19194.45,3,3,19194.45,0.0,0.0,0.0,0.0,959722.5
1655912,IT,DE,PROCE,DAIRY,0.13,19194.092,3,3,19194.092,0.0,0.0,0.0,0.0,147646.861538
1757130,IT,BR,CROPS,CROPS,0.15,19192.92,3,3,19192.92,0.0,0.0,0.0,0.0,127952.8
1710226,IT,LT,OFFIC,RAILW,0.06,19192.737,3,3,19192.737,0.0,0.0,0.0,0.0,319878.95
1786537,IT,ZA,FURNI,MOTOR,0.06,19192.621,4,4,19192.619,0.0,0.0,0.0,0.002,319877.016667
1808255,IT,WF,FOOD2,COPPE,0.11,19191.823,3,3,19191.823,0.0,0.0,0.0,0.0,174471.118182
1788001,IT,WA,TEXTI,FISH5,0.11,19191.753,4,4,19191.75,0.0,0.0,0.0,0.003,174470.481818
1709629,IT,LT,PAPER,INERT,0.07,19191.376,4,4,19191.374,0.0,0.0,0.0,0.002,274162.514286
1796787,IT,WL,LANDT,AUXIL,0.12,19189.831,3,3,19189.831,0.0,0.0,0.0,0.0,159915.258333
1796400,IT,WL,WHOLE,GLASS,0.17,19188.924,3,3,19188.924,0.0,0.0,0.0,0.0,112876.023529
1768130,IT,RU,PUBLI,CRUDE,0.31,19185.574,3,3,19185.574,0.0,0.0,0.0,0.0,61888.948387
1752307,IT,CA,CHEMI,CHEM1,0.05,19184.982,5,5,19183.98,0.0,0.0,1.0,0.002,383699.64
1720375,IT,PL,MACHI,PLANT,0.11,19184.451,4,4,19184.449,0.0,0.0,0.0,0.002,174404.1
1810550,IT,WM,PAPER,TRANS,0.07,19184.334,4,4,19184.332,0.0,0.0,0.0,0.002,274061.914286
1752292,IT,CA,SANDC,LEAD1,0.04,19184.113,4,4,19180.113,0.0,0.0,4.0,0.0,479602.825
1767238,IT,RU,HOTEL,NATU1,0.14,19183.829,3,3,19183.829,0.0,0.0,0.0,0.0,137027.35
1803112,IT,WF,VEGET,TOBAC,0.07,19183.803,3,3,19183.803,0.0,0.0,0.0,0.0,274054.328571
1718455,IT,PL,TEXTI,BITUM,0.11,19183.355,4,4,19183.352,0.0,0.0,0.0,0.003,174394.136364
1804738,IT,WF,NAPHT,PIGS9,0.03,19183.331,3,3,19183.331,0.0,0.0,0.0,0.0,639444.366667
1677430,IT,FR,INSUR,AIRTR,0.4,19183.105,3,3,19183.105,0.0,0.0,0.0,0.0,47957.7625
1810721,IT,WM,MOTOR,TRANS,0.03,19182.693,4,4,19182.691,0.0,0.0,0.0,0.002,639423.1
1721686,IT,PL,FINAN,FABRI,0.25,19181.625,3,3,19181.625,0.0,0.0,0.0,0.0,76726.5
1774123,IT,CH,WHOLE,ELEC4,0.17,19180.323,3,3,19180.323,0.0,0.0,0.0,0.0,112825.429412
1739859,IT,GB,FINAN,ALUM1,0.25,19179.645,3,3,19179.645,0.0,0.0,0.0,0.0,76718.58
1809587,IT,WM,VEGE1,RETAI,0.06,19179.263,4,4,19179.259,0.0,0.0,0.0,0.004,319654.383333
1674839,IT,FR,NONME,FISH5,0.04,19178.671,4,4,19178.669,0.0,0.0,0.0,0.002,479466.775
1662732,IT,DK,OFFIC,CHEM1,0.06,19178.361,3,3,19178.361,0.0,0.0,0.0,0.0,319639.35
1732877,IT,SI,BASIC,SEWAG,0.02,19178.18,3,3,19178.18,0.0,0.0,0.0,0.0,958909.0
1732477,IT,SI,CHEM1,SALEM,0.04,19178.11,4,4,19178.108,0.0,0.0,0.0,0.002,479452.75
1657989,IT,DE,BASIC,FOOD4,0.02,19177.439,3,3,19177.439,0.0,0.0,0.0,0.0,958871.95
1685826,IT,HU,CHEM1,CATTL,0.04,19176.968,4,4,19176.966,0.0,0.0,0.0,0.002,479424.2
1726091,IT,RO,RUBBE,BIODI,0.06,19174.994,4,4,19174.992,0.0,0.0,0.0,0.002,319583.233333
1758329,IT,BR,COPP1,REALE,0.05,19174.964,3,3,19174.964,0.0,0.0,0.0,0.0,383499.28
1814248,IT,WM,POSTT,LIQUE,0.32,19174.573,3,3,19174.573,0.0,0.0,0.0,0.0,59920.540625
1769390,IT,AU,CERAM,FURNI,0.03,19174.542,3,3,19174.542,0.0,0.0,0.0,0.0,639151.4
1807948,IT,WF,PLAS1,CHARC,0.07,19174.068,3,3,19174.068,0.0,0.0,0.0,0.0,273915.257143
1654707,IT,CZ,LANDT,INSUR,0.12,19174.059,3,3,19174.059,0.0,0.0,0.0,0.0,159783.825
1789458,IT,WA,ADDIT,MEATA,0.04,19172.535,3,3,19172.535,0.0,0.0,0.0,0.0,479313.375
1732924,IT,SI,ALUM1,FOOD5,0.03,19172.383,4,4,19172.381,0.0,0.0,0.0,0.002,639079.433333
1723096,IT,PT,CHEM1,RADIO,0.04,19171.891,4,4,19171.889,0.0,0.0,0.0,0.002,479297.275
1684744,IT,HU,VEGET,REALE,0.07,19171.676,3,3,19171.676,0.0,0.0,0.0,0.0,273881.085714
1800999,IT,WE,ALUM1,RESEA,0.03,19170.985,4,4,19170.983,0.0,0.0,0.0,0.002,639032.833333
1770110,IT,AU,WHOLE,ELEC5,0.17,19169.593,3,3,19169.593,0.0,0.0,0.0,0.0,112762.311765
1662120,IT,DK,RUBBE,FORES,0.06,19169.515,4,4,19169.513,0.0,0.0,0.0,0.002,319491.916667
1642715,IT,AT,MACHI,TOBAC,0.11,19169.079,4,4,19169.077,0.0,0.0,0.0,0.002,174264.354545
1653296,IT,CZ,RUBBE,FOOD4,0.06,19168.966,4,4,19168.964,0.0,0.0,0.0,0.002,319482.766667
1786883,IT,ZA,SEACO,HOTEL,0.02,19168.115,3,3,19168.115,0.0,0.0,0.0,0.0,958405.75
1729919,IT,SE,FURNI,ELECT,0.06,19167.711,4,4,19167.709,0.0,0.0,0.0,0.002,319461.85
1789111,IT,WA,NONSP,STONE,0.03,19166.025,3,3,19166.025,0.0,0.0,0.0,0.0,638867.5
1803663,IT,WF,FOOD5,MEMBE,0.09,19165.926,4,4,19165.924,0.0,0.0,0.0,0.002,212954.733333
1720217,IT,PL,COPP1,OILHA,0.05,19165.877,3,3,19165.877,0.0,0.0,0.0,0.0,383317.54
1654006,IT,CZ,MACHI,COPP1,0.11,19165.079,4,4,19165.077,0.0,0.0,0.0,0.002,174227.990909
1790172,IT,WA,BASIC,FOOD3,0.02,19164.987,3,3,19164.987,0.0,0.0,0.0,0.0,958249.35
1772223,IT,CH,GASDI,TEXT1,0.03,19162.588,4,4,19162.586,0.0,0.0,0.0,0.002,638752.933333
1717313,IT,NL,FINAN,BEVER,0.25,19162.551,3,3,19162.551,0.0,0.0,0.0,0.0,76650.204
1717229,IT,NL,SUPPO,COMPU,0.14,19162.417,3,3,19162.417,0.0,0.0,0.0,0.0,136874.407143
1734384,IT,SK,WHEAT,RETA1,0.01,19162.327,3,3,19162.327,0.0,0.0,0.0,0.0,1916232.7
1751426,IT,CN,SEACO,MEMBE,0.02,19160.954,3,3,19160.954,0.0,0.0,0.0,0.0,958047.7
1731189,IT,SI,CHEMI,DAIRY,0.05,19159.642,5,5,19158.64,0.0,0.0,1.0,0.002,383192.84
1726257,IT,RO,BASIC,BEVER,0.02,19159.383,3,3,19159.383,0.0,0.0,0.0,0.0,957969.15
1689211,IT,IE,RETAI,COMPU,0.15,19158.893,3,3,19158.893,0.0,0.0,0.0,0.0,127725.953333
1679248,IT,GR,GASDI,CATTL,0.03,19156.937,4,4,19156.935,0.0,0.0,0.0,0.002,638564.566667
1737072,IT,GB,CHEMI,RUBBE,0.05,19156.827,5,5,19155.825,0.0,0.0,1.0,0.002,383136.54
1769032,IT,AU,PRINT,COMPU,0.18,19155.664,3,3,19155.664,0.0,0.0,0.0,0.0,106420.355556
1726153,IT,RO,GLASS,MEAT1,0.05,19155.278,3,3,19155.278,0.0,0.0,0.0,0.0,383105.56
1684847,IT,HU,CRUDE,PLAST,0.04,19155.193,4,4,19155.191,0.0,0.0,0.0,0.002,478879.825
1746127,IT,JP,GASDI,LANDT,0.03,19154.692,4,4,19154.69,0.0,0.0,0.0,0.002,638489.733333
1648522,IT,BG,WOOLS,RAILW,0.08,19154.144,3,3,19154.144,0.0,0.0,0.0,0.0,239426.8
1800797,IT,WE,BASIC,MEAT4,0.02,19153.983,3,3,19153.983,0.0,0.0,0.0,0.0,957699.15
1793015,IT,WA,FOOD3,NONF1,0.05,19153.389,3,3,19153.389,0.0,0.0,0.0,0.0,383067.78
1787946,IT,WA,FISH5,HOTEL,0.08,19152.124,4,4,19152.114,0.0,0.0,0.0,0.01,239401.55
1675655,IT,FR,TRANS,BEVER,0.11,19149.854,3,3,19149.854,0.0,0.0,0.0,0.0,174089.581818
1653778,IT,CZ,COPP1,HOTEL,0.05,19149.155,3,3,19149.155,0.0,0.0,0.0,0.0,382983.1
1759913,IT,BR,PAPE1,WASTE,0.13,19148.784,3,3,19148.784,0.0,0.0,0.0,0.0,147298.338462
1716127,IT,NL,PREC1,BIODI,0.03,19144.715,3,3,19144.715,0.0,0.0,0.0,0.0,638157.166667
1763324,IT,MX,PAPER,AIRTR,0.07,19142.947,4,4,19142.945,0.0,0.0,0.0,0.002,273470.671429
1673695,IT,FR,PAPER,PROCE,0.07,19142.883,4,4,19142.881,0.0,0.0,0.0,0.002,273469.757143
1762108,IT,IN,RAILW,COKEO,0.13,19142.878,3,3,19142.878,0.0,0.0,0.0,0.0,147252.907692
1646929,IT,BE,WHOLE,TRAN1,0.17,19142.851,3,3,19142.851,0.0,0.0,0.0,0.0,112605.005882
1688401,IT,IE,BEVER,PIGS9,0.08,19141.779,3,3,19141.779,0.0,0.0,0.0,0.0,239272.2375
1674822,IT,FR,NONME,CEREA,0.04,19140.87,4,4,19140.868,0.0,0.0,0.0,0.002,478521.75
1645121,IT,BE,PAPER,WASTE,0.07,19140.85,4,4,19140.848,0.0,0.0,0.0,0.002,273440.714286
1802398,IT,WE,SEACO,PRIVA,0.02,19140.676,3,3,19140.676,0.0,0.0,0.0,0.0,957033.8
1715359,IT,NL,PRINT,RUBBE,0.18,19139.335,3,3,19139.335,0.0,0.0,0.0,0.0,106329.638889
1726537,IT,RO,OFFIC,POULT,0.06,19138.5,3,3,19138.5,0.0,0.0,0.0,0.0,318975.0
1669738,IT,ES,BUSIN,MEATC,0.2,19138.496,3,3,19138.496,0.0,0.0,0.0,0.0,95692.48
1796026,IT,WL,MOTO1,MEMBE,0.1,19136.098,3,3,19136.098,0.0,0.0,0.0,0.0,191360.98
1811400,IT,WM,PLAST,HYDRO,0.04,19133.97,4,4,19133.968,0.0,0.0,0.0,0.002,478349.25
1679679,IT,GR,CERAM,MACHI,0.03,19133.125,3,3,19133.125,0.0,0.0,0.0,0.0,637770.833333
1652931,IT,CZ,GASDI,BUSIN,0.03,19132.268,4,4,19132.266,0.0,0.0,0.0,0.002,637742.266667
1762887,IT,MX,STONE,FOUND,0.06,19131.72,4,4,19130.72,0.0,0.0,1.0,0.0,318862.0
1778987,IT,TR,AIRTR,CATTL,0.02,19129.43,3,3,19129.43,0.0,0.0,0.0,0.0,956471.5
1777567,IT,TR,PREC1,MOTO1,0.03,19128.257,3,3,19128.257,0.0,0.0,0.0,0.0,637608.566667
1652032,IT,CZ,VEGET,LANDT,0.07,19127.914,3,3,19127.914,0.0,0.0,0.0,0.0,273255.914286
1766887,IT,RU,OFFIC,MACHI,0.06,19127.233,3,3,19127.233,0.0,0.0,0.0,0.0,318787.216667
1672454,IT,FI,PUBLI,HEALT,0.31,19125.276,3,3,19125.276,0.0,0.0,0.0,0.0,61694.43871
1650954,IT,BG,AIRTR,HEALT,0.02,19125.173,3,3,19125.173,0.0,0.0,0.0,0.0,956258.65
1749104,IT,CN,WOODW,PFERT,0.05,19125.0,3,3,19125.0,0.0,0.0,0.0,0.0,382500.0
1779901,IT,TW,CONST,PRECI,0.11,19124.812,3,3,19124.812,0.0,0.0,0.0,0.0,173861.927273
1732758,IT,SI,NONME,PLAST,0.04,19124.71,4,4,19124.708,0.0,0.0,0.0,0.002,478117.75
1684173,IT,HR,LANDT,FURNI,0.12,19124.036,3,3,19124.036,0.0,0.0,0.0,0.0,159366.966667
1810757,IT,WM,MOTOR,INERT,0.03,19123.958,4,4,19123.956,0.0,0.0,0.0,0.002,637465.266667
1732153,IT,SI,GASDI,TRANS,0.03,19123.141,4,4,19123.139,0.0,0.0,0.0,0.002,637438.033333
1761941,IT,IN,FURNI,MEDIC,0.06,19122.094,4,4,19122.092,0.0,0.0,0.0,0.002,318701.566667
1729581,IT,SE,COPP1,FOOD3,0.05,19122.09,3,3,19122.09,0.0,0.0,0.0,0.0,382441.8
1807058,IT,WF,SEACO,OILSE,0.02,19122.005,3,3,19122.005,0.0,0.0,0.0,0.0,956100.25
1799800,IT,WE,GASDI,PLANT,0.03,19121.399,4,4,19121.397,0.0,0.0,0.0,0.002,637379.966667
1677623,IT,FR,REALE,HOTEL,0.81,19120.831,3,3,19120.831,0.0,0.0,0.0,0.0,23605.964198
1784038,IT,ID,TEXTI,TRANS,0.11,19120.107,4,4,19120.104,0.0,0.0,0.0,0.003,173819.154545
1760760,IT,IN,PRINT,CHEM1,0.18,19119.47,3,3,19119.47,0.0,0.0,0.0,0.0,106219.277778
1795260,IT,WL,CERAM,COPP1,0.03,19119.365,3,3,19119.365,0.0,0.0,0.0,0.0,637312.166667
1732013,IT,SI,KEROS,BRICK,0.03,19119.219,4,4,19119.217,0.0,0.0,0.0,0.002,637307.3
1795443,IT,WL,PREC1,WOODW,0.03,19119.209,3,3,19119.209,0.0,0.0,0.0,0.0,637306.966667
1654540,IT,CZ,HOTEL,SALEM,0.14,19118.053,3,3,19118.053,0.0,0.0,0.0,0.0,136557.521429
1768811,IT,AU,LEATH,WEARI,0.14,19117.839,4,4,19117.836,0.0,0.0,0.0,0.003,136555.992857
1653264,IT,CZ,RUBBE,ELEC3,0.06,19116.661,4,4,19116.659,0.0,0.0,0.0,0.002,318611.016667
1760342,IT,IN,SANDC,CEMEN,0.04,19116.631,4,4,19112.631,0.0,0.0,4.0,0.0,477915.775
1787305,IT,WA,CROPS,CRUDE,0.15,19116.397,3,3,19116.397,0.0,0.0,0.0,0.0,127442.646667
1813699,IT,WM,RETA1,FINAN,0.2,19116.0,3,3,19116.0,0.0,0.0,0.0,0.0,95580.0
1756218,IT,KR,MACHI,ELEC5,0.11,19114.793,4,4,19114.791,0.0,0.0,0.0,0.002,173770.845455
1793673,IT,WL,FOOD5,CROPS,0.09,19114.343,4,4,19114.341,0.0,0.0,0.0,0.002,212381.588889
1773667,IT,CH,FURNI,GASDI,0.06,19111.691,4,4,19111.689,0.0,0.0,0.0,0.002,318528.183333
1781555,IT,NO,TEXTI,EDUCA,0.11,19108.811,4,4,19108.808,0.0,0.0,0.0,0.003,173716.463636
1760736,IT,IN,PAPER,FOOD3,0.07,19107.718,4,4,19107.716,0.0,0.0,0.0,0.002,272967.4
1767621,IT,RU,SUPPO,RAILW,0.14,19106.478,3,3,19106.478,0.0,0.0,0.0,0.0,136474.842857
1668247,IT,ES,WHOLE,WHEAT,0.17,19106.338,3,3,19106.338,0.0,0.0,0.0,0.0,112390.223529
1672708,IT,FR,SANDC,OFFIC,0.04,19105.177,4,4,19101.177,0.0,0.0,4.0,0.0,477629.425
1739637,IT,GB,AIRTR,FOOD5,0.02,19105.055,3,3,19105.055,0.0,0.0,0.0,0.0,955252.75
1813596,IT,WM,WHOLE,AIRTR,0.17,19104.564,3,3,19104.564,0.0,0.0,0.0,0.0,112379.788235
1661633,IT,DK,TOBAC,FORES,0.08,19104.265,3,3,19104.265,0.0,0.0,0.0,0.0,238803.3125
1771278,IT,CH,DAIRY,CATTL,0.08,19104.205,3,3,19104.205,0.0,0.0,0.0,0.0,238802.5625
1732649,IT,SI,GLASS,AUXIL,0.05,19103.103,3,3,19103.103,0.0,0.0,0.0,0.0,382062.06
1645036,IT,BE,PAPER,VEGE1,0.07,19102.595,4,4,19102.593,0.0,0.0,0.0,0.002,272894.214286
1798529,IT,WE,STONE,HOTEL,0.06,19101.462,4,4,19100.462,0.0,0.0,1.0,0.0,318357.7
1812568,IT,WM,ALUM1,RENTI,0.03,19101.409,4,4,19101.407,0.0,0.0,0.0,0.002,636713.633333
1769092,IT,AU,PLAST,ELEC2,0.04,19100.334,4,4,19100.332,0.0,0.0,0.0,0.002,477508.35
1771679,IT,CH,WEARI,INLAN,0.14,19100.251,4,4,19100.247,0.0,0.0,0.0,0.004,136430.364286
1774128,IT,CH,WHOLE,CONST,0.17,19099.972,3,3,19099.972,0.0,0.0,0.0,0.0,112352.776471
1686869,IT,HU,FABRI,WASTE,0.08,19099.952,3,3,19099.952,0.0,0.0,0.0,0.0,238749.4
1776960,IT,TR,PLAST,INERT,0.04,19099.352,4,4,19099.35,0.0,0.0,0.0,0.002,477483.8
1685462,IT,HU,WOODW,RAILW,0.05,19099.329,3,3,19099.329,0.0,0.0,0.0,0.0,381986.58
1682647,IT,HR,KEROS,DISTR,0.03,19098.709,4,4,19098.707,0.0,0.0,0.0,0.002,636623.633333
1747208,IT,JP,CONST,FOODW,0.11,19098.469,3,3,19098.469,0.0,0.0,0.0,0.0,173622.445455
1662322,IT,DK,BASIC,PIGS9,0.02,19098.429,3,3,19098.429,0.0,0.0,0.0,0.0,954921.45
1745651,IT,JP,TEXTI,FOUND,0.11,19098.081,4,4,19098.078,0.0,0.0,0.0,0.003,173618.918182
1715738,IT,NL,BIOGA,MOTOR,0.04,19097.845,4,4,19097.843,0.0,0.0,0.0,0.002,477446.125
1814243,IT,WM,POSTT,MOTOR,0.31,19097.568,3,3,19097.568,0.0,0.0,0.0,0.0,61605.058065
1726810,IT,RO,WHOLE,PFERT,0.17,19097.448,3,3,19097.448,0.0,0.0,0.0,0.0,112337.929412
1683658,IT,HR,FABRI,ELEC4,0.08,19097.273,3,3,19097.273,0.0,0.0,0.0,0.0,238715.9125
1810796,IT,WM,KEROS,DAIRY,0.03,19096.978,4,4,19096.976,0.0,0.0,0.0,0.002,636565.933333
1789003,IT,WA,HEAVY,RECRE,0.03,19095.85,4,4,19095.848,0.0,0.0,0.0,0.002,636528.333333
1650847,IT,BG,LANDT,OFFIC,0.12,19093.635,3,3,19093.635,0.0,0.0,0.0,0.0,159113.625
1737771,IT,GB,HEAVY,RESEA,0.03,19091.693,4,4,19091.691,0.0,0.0,0.0,0.002,636389.766667
1720531,IT,PL,OFFIC,PULP5,0.06,19090.761,3,3,19090.761,0.0,0.0,0.0,0.0,318179.35
1788156,IT,WA,WEARI,FABRI,0.14,19089.914,4,4,19089.91,0.0,0.0,0.0,0.004,136356.528571
1652962,IT,CZ,HEAVY,PUBLI,0.03,19088.438,4,4,19088.436,0.0,0.0,0.0,0.002,636281.266667
1720513,IT,PL,MACHI,TEXT2,0.11,19088.433,4,4,19088.431,0.0,0.0,0.0,0.002,173531.209091
1804690,IT,WF,LIQUE,CHEM1,0.03,19087.183,4,4,19087.181,0.0,0.0,0.0,0.002,636239.433333
1740125,IT,GB,COMPU,FABRI,0.22,19086.768,3,3,19086.768,0.0,0.0,0.0,0.0,86758.036364
1680158,IT,GR,MOTO1,CEMEN,0.1,19086.193,3,3,19086.193,0.0,0.0,0.0,0.0,190861.93
1790034,IT,WA,NONME,LANDT,0.04,19085.682,4,4,19085.68,0.0,0.0,0.0,0.002,477142.05
1794636,IT,WL,LIQUE,INSUR,0.03,19085.476,4,4,19085.474,0.0,0.0,0.0,0.002,636182.533333
1723915,IT,PT,FURNI,POSTT,0.06,19085.409,4,4,19085.407,0.0,0.0,0.0,0.002,318090.15
1656138,IT,DE,FISH5,SEACO,0.08,19085.196,4,4,19085.186,0.0,0.0,0.0,0.01,238564.95
1709895,IT,LT,CEMEN,FURNI,0.03,19085.129,3,3,19085.129,0.0,0.0,0.0,0.0,636170.966667
1689259,IT,IE,WHOLE,ALUM1,0.16,19084.184,3,3,19084.184,0.0,0.0,0.0,0.0,119276.15
1730193,IT,SE,LANDT,ELEC4,0.12,19083.666,3,3,19083.666,0.0,0.0,0.0,0.0,159030.55
1772221,IT,CH,GASDI,PLAS1,0.03,19083.413,4,4,19083.411,0.0,0.0,0.0,0.002,636113.766667
1760737,IT,IN,PAPER,WASTE,0.07,19083.131,4,4,19083.129,0.0,0.0,0.0,0.002,272616.157143
1766364,IT,RU,BASIC,ANTHR,0.02,19083.059,3,3,19083.059,0.0,0.0,0.0,0.0,954152.95
1731653,IT,SI,WOODW,DAIRY,0.05,19082.015,3,3,19082.015,0.0,0.0,0.0,0.0,381640.3
1713017,IT,MT,MEATC,CONST,0.06,19081.576,3,3,19081.576,0.0,0.0,0.0,0.0,318026.266667
1718869,IT,PL,PAPER,INERT,0.07,19080.835,4,4,19080.833,0.0,0.0,0.0,0.002,272583.357143
1788846,IT,WA,GASDI,FOOD5,0.03,19080.294,4,4,19080.292,0.0,0.0,0.0,0.002,636009.8
1754120,IT,CA,AIRTR,RETAI,0.02,19079.155,3,3,19079.155,0.0,0.0,0.0,0.0,953957.75
1671970,IT,FI,LANDT,TRANS,0.12,19078.489,3,3,19078.489,0.0,0.0,0.0,0.0,158987.408333
1733847,IT,SI,TRAN2,HOTEL,0.03,19078.002,3,3,19078.002,0.0,0.0,0.0,0.0,635933.4
1722362,IT,PT,FISHF,BUSIN,0.03,19075.55,3,3,19075.55,0.0,0.0,0.0,0.0,635851.666667
1760966,IT,IN,LIQUE,TRAN1,0.03,19074.811,4,4,19074.809,0.0,0.0,0.0,0.002,635827.033333
1776033,IT,TR,TEXTI,BASIC,0.11,19074.771,4,4,19074.768,0.0,0.0,0.0,0.003,173407.009091
1732635,IT,SI,GLASS,STEAM,0.05,19074.543,3,3,19074.543,0.0,0.0,0.0,0.0,381490.86
1719743,IT,PL,NONME,MEMBE,0.04,19073.619,4,4,19073.617,0.0,0.0,0.0,0.002,476840.475
1714130,IT,MT,AIRTR,MEAT4,0.02,19073.202,3,3,19073.202,0.0,0.0,0.0,0.0,953660.1
1652617,IT,CZ,WOODW,TEXTI,0.05,19073.119,3,3,19073.119,0.0,0.0,0.0,0.0,381462.38
1801356,IT,WE,MACHI,ELEC2,0.11,19072.869,4,4,19072.867,0.0,0.0,0.0,0.002,173389.718182
1643665,IT,AT,AIRTR,FOOD2,0.02,19072.772,3,3,19072.772,0.0,0.0,0.0,0.0,953638.6
1682850,IT,HR,LIQUE,RADIO,0.03,19072.62,4,4,19072.618,0.0,0.0,0.0,0.002,635754.0
1807060,IT,WF,SEACO,CROPS,0.02,19071.263,3,3,19071.263,0.0,0.0,0.0,0.0,953563.15
1765298,IT,RU,DAIRY,DAIRY,0.08,19070.827,3,3,19070.827,0.0,0.0,0.0,0.0,238385.3375
1741940,IT,US,CHEM1,ELE11,0.04,19070.555,4,4,19070.553,0.0,0.0,0.0,0.002,476763.875
1725056,IT,RO,OILSE,SUGA1,0.01,19069.87,3,3,19069.87,0.0,0.0,0.0,0.0,1906987.0
1751539,IT,CN,POSTT,VEGET,0.31,19069.581,3,3,19069.581,0.0,0.0,0.0,0.0,61514.777419
1660707,IT,DE,RENTI,NONME,0.11,19069.135,3,3,19069.135,0.0,0.0,0.0,0.0,173355.772727
1718139,IT,PL,VEGE1,OFFIC,0.06,19067.855,4,4,19067.851,0.0,0.0,0.0,0.004,317797.583333
1647312,IT,BE,TRAN2,GASDI,0.03,19067.493,3,3,19067.493,0.0,0.0,0.0,0.0,635583.1
1774624,IT,CH,SEACO,PAPE1,0.02,19067.029,3,3,19067.029,0.0,0.0,0.0,0.0,953351.45
1716579,IT,NL,SALEM,TOBAC,0.15,19066.865,3,3,19066.865,0.0,0.0,0.0,0.0,127112.433333
1651969,IT,CY,BUSIN,PUBLI,0.2,19066.361,3,3,19066.361,0.0,0.0,0.0,0.0,95331.805
1724348,IT,PT,SEACO,PFERT,0.02,19066.162,3,3,19066.162,0.0,0.0,0.0,0.0,953308.1
1738640,IT,GB,MACHI,POULT,0.11,19065.833,4,4,19065.831,0.0,0.0,0.0,0.002,173325.754545
1746882,IT,JP,OFFIC,ELECT,0.06,19065.065,3,3,19065.065,0.0,0.0,0.0,0.0,317751.083333
1771068,IT,CH,NATUR,WOODW,0.03,19063.485,3,3,19063.485,0.0,0.0,0.0,0.0,635449.5
1781115,IT,TW,PUBLI,HEALT,0.31,19063.142,3,3,19063.142,0.0,0.0,0.0,0.0,61494.006452
1735877,IT,SK,OFFIC,GASDI,0.06,19061.412,3,3,19061.412,0.0,0.0,0.0,0.0,317690.2
1749319,IT,CN,PRINT,WOODW,0.18,19061.282,3,3,19061.282,0.0,0.0,0.0,0.0,105896.011111
1763680,IT,MX,RUBBE,NONME,0.06,19060.545,4,4,19060.543,0.0,0.0,0.0,0.002,317675.75
1725778,IT,RO,PRINT,ELEC3,0.18,19060.352,3,3,19060.352,0.0,0.0,0.0,0.0,105890.844444
1813142,IT,WM,MOTO1,PLAST,0.1,19059.222,3,3,19059.222,0.0,0.0,0.0,0.0,190592.22
1795446,IT,WL,PREC1,MOTOR,0.03,19057.853,3,3,19057.853,0.0,0.0,0.0,0.0,635261.766667
1767215,IT,RU,RETA1,ELEC4,0.2,19057.561,3,3,19057.561,0.0,0.0,0.0,0.0,95287.805
1736339,IT,SK,RAILW,FABRI,0.13,19057.505,3,3,19057.505,0.0,0.0,0.0,0.0,146596.192308
1760713,IT,IN,PAPER,TRAN1,0.07,19057.323,4,4,19057.321,0.0,0.0,0.0,0.002,272247.471429
1751690,IT,CN,INSUR,COKEO,0.39,19057.158,3,3,19057.158,0.0,0.0,0.0,0.0,48864.507692
1790875,IT,WA,OFFIC,CATTL,0.06,19053.865,3,3,19053.865,0.0,0.0,0.0,0.0,317564.416667
1650898,IT,BG,SEACO,MEAT4,0.02,19053.462,3,3,19053.462,0.0,0.0,0.0,0.0,952673.1
1796738,IT,WL,LANDT,WOODW,0.12,19052.882,3,3,19052.882,0.0,0.0,0.0,0.0,158774.016667
1780400,IT,TW,AIRTR,93197,0.02,19052.762,3,3,19052.762,0.0,0.0,0.0,0.0,952638.1
1728545,IT,SE,PAPER,MEATC,0.07,19051.414,4,4,19051.412,0.0,0.0,0.0,0.002,272163.057143
1760278,IT,IN,CROPS,MACHI,0.15,19051.35,3,3,19051.35,0.0,0.0,0.0,0.0,127009.0
1661211,IT,DK,WHEAT,PIGS9,0.01,19051.155,3,3,19051.155,0.0,0.0,0.0,0.0,1905115.5
1764398,IT,MX,MOTO1,HOTEL,0.1,19050.799,3,3,19050.799,0.0,0.0,0.0,0.0,190507.99
1652324,IT,CZ,BEVER,SUPPO,0.08,19050.389,3,3,19050.389,0.0,0.0,0.0,0.0,238129.8625
1643433,IT,AT,LANDT,BIODI,0.12,19050.07,3,3,19050.07,0.0,0.0,0.0,0.0,158750.583333
1682098,IT,HR,TEXTI,VEGE1,0.11,19049.673,4,4,19049.67,0.0,0.0,0.0,0.003,173178.845455
1756242,IT,KR,MACHI,AUXIL,0.11,19049.106,4,4,19049.104,0.0,0.0,0.0,0.002,173173.690909
1801660,IT,WE,FURNI,GLASS,0.06,19046.234,4,4,19046.232,0.0,0.0,0.0,0.002,317437.233333
1711597,IT,LU,FINAN,HEALT,0.25,19045.79,3,3,19045.79,0.0,0.0,0.0,0.0,76183.16
1767627,IT,RU,SUPPO,REALE,0.14,19045.48,3,3,19045.48,0.0,0.0,0.0,0.0,136039.142857
1644945,IT,BE,WOODW,MOTOR,0.05,19043.674,3,3,19043.674,0.0,0.0,0.0,0.0,380873.48
1652589,IT,CZ,LEATH,HOTEL,0.14,19043.425,4,4,19043.422,0.0,0.0,0.0,0.003,136024.464286
1710807,IT,LU,PULP5,RECRE,0.06,19042.0,4,4,19041.998,0.0,0.0,0.0,0.002,317366.666667
1804088,IT,WF,PAPER,PADDY,0.07,19039.54,4,4,19039.538,0.0,0.0,0.0,0.002,271993.428571
1711555,IT,LU,FINAN,DAIRY,0.25,19037.882,3,3,19037.882,0.0,0.0,0.0,0.0,76151.528
1664031,IT,EE,PLAST,PLAST,0.04,19037.219,4,4,19037.217,0.0,0.0,0.0,0.002,475930.475
1760771,IT,IN,PRINT,MOTO1,0.18,19037.182,3,3,19037.182,0.0,0.0,0.0,0.0,105762.122222
1714507,IT,NL,CRUDE,WOODW,0.04,19036.589,4,4,19036.587,0.0,0.0,0.0,0.002,475914.725
1737535,IT,GB,WOODW,RETA1,0.05,19036.443,3,3,19036.443,0.0,0.0,0.0,0.0,380728.86
1687001,IT,HU,MACHI,INERT,0.11,19035.723,4,4,19035.721,0.0,0.0,0.0,0.002,173052.027273
1667273,IT,ES,ALUM1,PULP5,0.03,19035.49,4,4,19035.488,0.0,0.0,0.0,0.002,634516.333333
1674471,IT,FR,BIODI,MOTO1,0.04,19034.381,4,4,19034.379,0.0,0.0,0.0,0.002,475859.525
1805311,IT,WF,BIODI,REALE,0.04,19033.883,4,4,19033.881,0.0,0.0,0.0,0.002,475847.075
1650755,IT,BG,HOTEL,REALE,0.14,19031.321,3,3,19031.321,0.0,0.0,0.0,0.0,135938.007143
1755927,IT,KR,BASIC,COLLE,0.02,19031.232,3,3,19031.232,0.0,0.0,0.0,0.0,951561.6
1790979,IT,WA,MOTO1,PLAST,0.1,19030.741,3,3,19030.741,0.0,0.0,0.0,0.0,190307.41
1725716,IT,RO,PAPER,RESEA,0.07,19030.48,4,4,19030.478,0.0,0.0,0.0,0.002,271864.0
1661579,IT,DK,BEVER,MOTO1,0.08,19030.467,3,3,19030.467,0.0,0.0,0.0,0.0,237880.8375
1657076,IT,DE,NONSP,FABRI,0.02,19029.346,3,3,19029.346,0.0,0.0,0.0,0.0,951467.3
1764169,IT,MX,MACHI,SUGAR,0.11,19028.755,4,4,19028.753,0.0,0.0,0.0,0.002,172988.681818
1760745,IT,IN,PRINT,TOBAC,0.18,19028.361,3,3,19028.361,0.0,0.0,0.0,0.0,105713.116667
1781892,IT,NO,CHEM1,LIQUE,0.04,19027.386,4,4,19027.384,0.0,0.0,0.0,0.002,475684.65
1656589,IT,DE,PRINT,ADDIT,0.18,19026.824,3,3,19026.824,0.0,0.0,0.0,0.0,105704.577778
1774876,IT,CH,FINAN,BUSIN,0.25,19024.932,3,3,19024.932,0.0,0.0,0.0,0.0,76099.728
1736369,IT,SK,LANDT,POULT,0.12,19024.011,3,3,19024.011,0.0,0.0,0.0,0.0,158533.425
1802494,IT,WE,POSTT,CRUDE,0.31,19023.504,3,3,19023.504,0.0,0.0,0.0,0.0,61366.141935
1784384,IT,ID,GLASS,RUBBE,0.05,19022.694,3,3,19022.694,0.0,0.0,0.0,0.0,380453.88
1780639,IT,TW,INSUR,EDUCA,0.39,19021.306,3,3,19021.306,0.0,0.0,0.0,0.0,48772.579487
1787693,IT,WA,VEGE1,VEGE1,0.06,19020.259,4,4,19020.255,0.0,0.0,0.0,0.004,317004.316667
1734803,IT,SK,WOODW,93197,0.05,19019.903,3,3,19019.903,0.0,0.0,0.0,0.0,380398.06
1726775,IT,RO,SALEM,MEMBE,0.15,19019.702,3,3,19019.702,0.0,0.0,0.0,0.0,126798.013333
1734887,IT,SK,PAPER,INLAN,0.07,19018.868,4,4,19018.866,0.0,0.0,0.0,0.002,271698.114286
1784982,IT,ID,INSUR,FINAN,0.39,19018.73,3,3,19018.73,0.0,0.0,0.0,0.0,48765.974359
1659165,IT,DE,CONST,WOODW,0.11,19018.467,3,3,19018.467,0.0,0.0,0.0,0.0,172895.154545
1725085,IT,RO,WOOLS,MEATA,0.08,19017.095,3,3,19017.095,0.0,0.0,0.0,0.0,237713.6875
1672339,IT,FI,RESEA,EDUCA,0.1,19015.148,3,3,19015.148,0.0,0.0,0.0,0.0,190151.48
1751035,IT,CN,WHOLE,MACHI,0.16,19014.657,3,3,19014.657,0.0,0.0,0.0,0.0,118841.60625
1811239,IT,WM,LUBRI,CHEM1,0.02,19014.398,3,3,19014.398,0.0,0.0,0.0,0.0,950719.9
1766617,IT,RU,FABRI,SUGA1,0.08,19012.002,3,3,19012.002,0.0,0.0,0.0,0.0,237650.025
1653926,IT,CZ,FABRI,PAPE4,0.08,19011.927,3,3,19011.927,0.0,0.0,0.0,0.0,237649.0875
1728774,IT,SE,HEAVY,PULP5,0.03,19011.882,4,4,19011.88,0.0,0.0,0.0,0.002,633729.4
1644529,IT,BE,DAIRY,EDUCA,0.08,19011.381,3,3,19011.381,0.0,0.0,0.0,0.0,237642.2625
1736220,IT,SK,RETA1,STONE,0.2,19010.45,3,3,19010.45,0.0,0.0,0.0,0.0,95052.25
1664496,IT,EE,MOTO1,DIST1,0.1,19009.269,3,3,19009.269,0.0,0.0,0.0,0.0,190092.69
1715313,IT,NL,PAPER,INSUR,0.07,19008.307,4,4,19008.305,0.0,0.0,0.0,0.002,271547.242857
1766683,IT,RU,FABRI,SEACO,0.08,19008.175,3,3,19008.175,0.0,0.0,0.0,0.0,237602.1875
1777927,IT,TR,MACHI,REFI1,0.11,19007.982,4,4,19007.98,0.0,0.0,0.0,0.002,172799.836364
1723316,IT,PT,NONME,PIGS9,0.04,19007.556,4,4,19007.554,0.0,0.0,0.0,0.002,475188.9
1680780,IT,GR,HOTEL,BEVER,0.14,19006.845,3,3,19006.845,0.0,0.0,0.0,0.0,135763.178571
1664812,IT,ES,VEGET,RESEA,0.07,19006.599,3,3,19006.599,0.0,0.0,0.0,0.0,271522.842857
1653593,IT,CZ,BASIC,93197,0.02,19006.316,3,3,19006.316,0.0,0.0,0.0,0.0,950315.8
1747871,IT,JP,RENTI,FABRI,0.11,19003.303,3,3,19003.303,0.0,0.0,0.0,0.0,172757.3
1798742,IT,WE,FOOD5,SUGAR,0.09,19003.112,4,4,19003.11,0.0,0.0,0.0,0.002,211145.688889
1663581,IT,DK,RESEA,HEALT,0.1,19002.924,3,3,19002.924,0.0,0.0,0.0,0.0,190029.24
1682879,IT,HR,NAPHT,SUGA1,0.03,19000.527,3,3,19000.527,0.0,0.0,0.0,0.0,633350.9
1715061,IT,NL,TEXTI,EDUCA,0.11,18997.797,4,4,18997.794,0.0,0.0,0.0,0.003,172707.245455
1802438,IT,WE,AIRTR,AUXIL,0.02,18997.482,3,3,18997.482,0.0,0.0,0.0,0.0,949874.1
1737338,IT,GB,BEVER,MOTO1,0.08,18997.328,3,3,18997.328,0.0,0.0,0.0,0.0,237466.6
1666327,IT,ES,LIQUE,ELEC1,0.03,18996.702,4,4,18996.7,0.0,0.0,0.0,0.002,633223.4
1667583,IT,ES,FABRI,TEXT2,0.08,18996.541,3,3,18996.541,0.0,0.0,0.0,0.0,237456.7625
1759038,IT,BR,SEACO,MEATP,0.02,18995.506,3,3,18995.506,0.0,0.0,0.0,0.0,949775.3
1660757,IT,DE,RENTI,SEWAG,0.11,18995.406,3,3,18995.406,0.0,0.0,0.0,0.0,172685.509091
1720151,IT,PL,COPP1,PAPER,0.05,18995.325,3,3,18995.325,0.0,0.0,0.0,0.0,379906.5
1783632,IT,NO,FOOD3,SALEM,0.05,18994.773,3,3,18994.773,0.0,0.0,0.0,0.0,379895.46
1731011,IT,SE,FOOD3,CONST,0.05,18994.73,3,3,18994.73,0.0,0.0,0.0,0.0,379894.6
1761016,IT,IN,PLAST,MEATC,0.04,18993.499,4,4,18993.497,0.0,0.0,0.0,0.002,474837.475
1787900,IT,WA,BEVER,GASDI,0.08,18993.205,3,3,18993.205,0.0,0.0,0.0,0.0,237415.0625
1763047,IT,MX,TEXTI,PLAST,0.11,18992.563,4,4,18992.56,0.0,0.0,0.0,0.003,172659.663636
1758112,IT,BR,GLASS,MEMBE,0.05,18991.983,3,3,18991.983,0.0,0.0,0.0,0.0,379839.66
1728830,IT,SE,PLAST,PRINT,0.04,18991.956,4,4,18991.954,0.0,0.0,0.0,0.002,474798.9
1766112,IT,RU,RUBBE,PLAST,0.06,18991.815,4,4,18991.813,0.0,0.0,0.0,0.002,316530.25
1674367,IT,FR,CHEM1,LEAD1,0.04,18991.466,4,4,18991.464,0.0,0.0,0.0,0.002,474786.65
1797374,IT,WL,RENTI,BIOGA,0.11,18990.172,3,3,18990.172,0.0,0.0,0.0,0.0,172637.927273
1797496,IT,WL,BUSIN,VEGE1,0.2,18989.57,3,3,18989.57,0.0,0.0,0.0,0.0,94947.85
1685648,IT,HU,KEROS,RENTI,0.03,18988.829,4,4,18988.827,0.0,0.0,0.0,0.002,632960.966667
1673678,IT,FR,PAPER,CROPS,0.07,18988.739,4,4,18988.737,0.0,0.0,0.0,0.002,271267.7
1753944,IT,CA,LANDT,HYDRO,0.12,18988.698,3,3,18988.698,0.0,0.0,0.0,0.0,158239.15
1752246,IT,CA,CROPS,RAWMI,0.15,18988.438,3,3,18988.438,0.0,0.0,0.0,0.0,126589.586667
1646955,IT,BE,WHOLE,INTER,0.16,18988.031,3,3,18988.031,0.0,0.0,0.0,0.0,118675.19375
1686033,IT,HU,BIODI,BUSIN,0.04,18987.594,4,4,18987.592,0.0,0.0,0.0,0.002,474689.85
1667615,IT,ES,MACHI,MEATC,0.11,18987.168,4,4,18987.166,0.0,0.0,0.0,0.002,172610.618182
1650938,IT,BG,SEACO,AIRTR,0.02,18986.824,3,3,18986.824,0.0,0.0,0.0,0.0,949341.2
1653425,IT,CZ,NONME,SANDC,0.04,18985.615,4,4,18985.613,0.0,0.0,0.0,0.002,474640.375
1787407,IT,WA,FISHF,PLAST,0.03,18984.988,3,3,18984.988,0.0,0.0,0.0,0.0,632832.933333
1686995,IT,HU,MACHI,FOOD2,0.11,18984.147,4,4,18984.145,0.0,0.0,0.0,0.002,172583.154545
1813829,IT,WM,RAILW,HEALT,0.13,18982.42,3,3,18982.42,0.0,0.0,0.0,0.0,146018.615385
1744858,IT,US,BUSIN,VEGET,0.19,18982.295,3,3,18982.295,0.0,0.0,0.0,0.0,99906.815789
1650541,IT,BG,ELEC7,HEAVY,0.01,18980.918,3,3,18980.918,0.0,0.0,0.0,0.0,1898091.8
1798495,IT,WE,NATUR,RECRE,0.03,18979.773,3,3,18979.773,0.0,0.0,0.0,0.0,632659.1
1716414,IT,NL,MACHI,TRAN2,0.11,18979.392,4,4,18979.39,0.0,0.0,0.0,0.002,172539.927273
1769902,IT,AU,MOTO1,WOODW,0.1,18979.231,3,3,18979.231,0.0,0.0,0.0,0.0,189792.31
1790270,IT,WA,PREC1,RECRE,0.03,18979.143,3,3,18979.143,0.0,0.0,0.0,0.0,632638.1
1771402,IT,CH,FOOD5,RUBBE,0.09,18978.437,4,4,18978.435,0.0,0.0,0.0,0.002,210871.522222
1753258,IT,CA,CEMEN,PULP5,0.03,18976.963,3,3,18976.963,0.0,0.0,0.0,0.0,632565.433333
1657008,IT,DE,NAPHT,LIQUE,0.03,18975.82,3,3,18975.82,0.0,0.0,0.0,0.0,632527.333333
1682720,IT,HR,GASDI,MACHI,0.03,18975.471,4,4,18975.469,0.0,0.0,0.0,0.002,632515.7
1784617,IT,ID,MACHI,ELE11,0.11,18975.378,4,4,18975.376,0.0,0.0,0.0,0.002,172503.436364
1814874,IT,WM,93197,EDUCA,0.13,18974.567,4,4,18974.565,0.0,0.0,0.0,0.002,145958.207692
1773091,IT,CH,LEAD1,OFFIC,0.03,18973.325,4,4,18973.323,0.0,0.0,0.0,0.002,632444.166667
1769987,IT,AU,TRANS,RESEA,0.11,18972.284,3,3,18972.284,0.0,0.0,0.0,0.0,172475.309091
1813349,IT,WM,FURNI,TOBAC,0.06,18971.791,4,4,18971.789,0.0,0.0,0.0,0.002,316196.516667
1710535,IT,LT,SUPPO,WHOLE,0.14,18971.679,3,3,18971.679,0.0,0.0,0.0,0.0,135511.992857
1736351,IT,SK,RAILW,LANDT,0.13,18970.757,3,3,18970.757,0.0,0.0,0.0,0.0,145928.9
1679881,IT,GR,COPP1,ALUM1,0.05,18969.883,3,3,18969.883,0.0,0.0,0.0,0.0,379397.66
1715785,IT,NL,BIODI,SEWAG,0.04,18969.318,4,4,18969.316,0.0,0.0,0.0,0.002,474232.95
1769919,IT,AU,MOTO1,MEDIC,0.1,18969.186,3,3,18969.186,0.0,0.0,0.0,0.0,189691.86
1753096,IT,CA,RUBBE,PULP5,0.06,18968.465,4,4,18968.463,0.0,0.0,0.0,0.002,316141.083333
1719142,IT,PL,PLAST,KEROS,0.04,18967.756,4,4,18967.754,0.0,0.0,0.0,0.002,474193.9
1740556,IT,US,VEGET,RETAI,0.07,18967.467,3,3,18967.467,0.0,0.0,0.0,0.0,270963.814286
1790976,IT,WA,MOTO1,HEAVY,0.1,18966.443,3,3,18966.443,0.0,0.0,0.0,0.0,189664.43
1753083,IT,CA,RUBBE,SANDC,0.06,18964.444,4,4,18964.442,0.0,0.0,0.0,0.002,316074.066667
1718900,IT,PL,PRINT,LEATH,0.18,18962.808,3,3,18962.808,0.0,0.0,0.0,0.0,105348.933333
1739943,IT,GB,INSUR,COMPU,0.39,18962.592,3,3,18962.592,0.0,0.0,0.0,0.0,48622.030769
1738896,IT,GB,FURNI,PLAST,0.06,18962.444,4,4,18962.442,0.0,0.0,0.0,0.002,316040.733333
1791889,IT,WA,TRAN2,MEATP,0.03,18962.235,3,3,18962.235,0.0,0.0,0.0,0.0,632074.5
1800059,IT,WE,LIQUE,HOTEL,0.03,18960.442,4,4,18960.44,0.0,0.0,0.0,0.002,632014.733333
1725314,IT,RO,BEVER,LANDT,0.08,18959.704,3,3,18959.704,0.0,0.0,0.0,0.0,236996.3
1766951,IT,RU,MOTO1,RUBBE,0.1,18959.537,3,3,18959.537,0.0,0.0,0.0,0.0,189595.37
1796801,IT,WL,TRAN2,ELEC2,0.03,18959.445,3,3,18959.445,0.0,0.0,0.0,0.0,631981.5
1778399,IT,TR,WHOLE,CATTL,0.16,18959.401,3,3,18959.401,0.0,0.0,0.0,0.0,118496.25625
1683329,IT,HR,NONME,PFERT,0.04,18957.932,4,4,18957.93,0.0,0.0,0.0,0.002,473948.3
1744914,IT,US,BUSIN,CERAM,0.19,18957.678,3,3,18957.678,0.0,0.0,0.0,0.0,99777.252632
1727514,IT,RO,AUXIL,RENTI,0.35,18957.334,3,3,18957.334,0.0,0.0,0.0,0.0,54163.811429
1785008,IT,ID,BUSIN,BITUM,0.19,18956.213,3,3,18956.213,0.0,0.0,0.0,0.0,99769.542105
1796353,IT,WL,WHOLE,OILSE,0.16,18956.081,3,3,18956.081,0.0,0.0,0.0,0.0,118475.50625
1785043,IT,ID,BUSIN,HOTEL,0.19,18953.921,3,3,18953.921,0.0,0.0,0.0,0.0,99757.478947
1794441,IT,WL,GASDI,NATU1,0.03,18952.905,4,4,18952.903,0.0,0.0,0.0,0.002,631763.5
1738264,IT,GB,NONME,PLAST,0.04,18952.236,4,4,18952.234,0.0,0.0,0.0,0.002,473805.9
1735421,IT,SK,BASIC,COKEO,0.02,18951.364,3,3,18951.364,0.0,0.0,0.0,0.0,947568.2
1668858,IT,ES,SEACO,DAIRY,0.02,18951.087,3,3,18951.087,0.0,0.0,0.0,0.0,947554.35
1731329,IT,SI,DAIRY,MEATC,0.08,18950.289,3,3,18950.289,0.0,0.0,0.0,0.0,236878.6125
1812188,IT,WM,NONME,MEATC,0.04,18950.199,4,4,18950.197,0.0,0.0,0.0,0.002,473754.975
1779098,IT,TR,SUPPO,ELECT,0.14,18949.905,3,3,18949.905,0.0,0.0,0.0,0.0,135356.464286
1780868,IT,TW,RESEA,DAIRY,0.1,18949.71,3,3,18949.71,0.0,0.0,0.0,0.0,189497.1
1767141,IT,RU,CONST,WHOLE,0.11,18949.322,3,3,18949.322,0.0,0.0,0.0,0.0,172266.563636
1795194,IT,WL,GLASS,MEAT4,0.05,18949.195,3,3,18949.195,0.0,0.0,0.0,0.0,378983.9
1680139,IT,GR,OFFIC,COMPU,0.06,18947.052,3,3,18947.052,0.0,0.0,0.0,0.0,315784.2
1734420,IT,SK,VEGET,SUPPO,0.07,18946.138,3,3,18946.138,0.0,0.0,0.0,0.0,270659.114286
1686063,IT,HU,RUBBE,SUGA1,0.06,18945.943,4,4,18945.941,0.0,0.0,0.0,0.002,315765.716667
1790000,IT,WA,NONME,LUBRI,0.04,18945.842,4,4,18945.84,0.0,0.0,0.0,0.002,473646.05
1665533,IT,ES,WEARI,FOOD2,0.14,18945.782,4,4,18945.778,0.0,0.0,0.0,0.004,135327.014286
1653021,IT,CZ,PLAST,BIODI,0.04,18945.306,4,4,18945.304,0.0,0.0,0.0,0.002,473632.65
1685952,IT,HU,ADDIT,MOTOR,0.04,18944.391,3,3,18944.391,0.0,0.0,0.0,0.0,473609.775
1721593,IT,PL,POSTT,PRINT,0.31,18943.573,3,3,18943.573,0.0,0.0,0.0,0.0,61108.3
1796809,IT,WL,TRAN2,REALE,0.03,18943.14,3,3,18943.14,0.0,0.0,0.0,0.0,631438.0
1770397,IT,AU,LANDT,WHOLE,0.12,18942.956,3,3,18942.956,0.0,0.0,0.0,0.0,157857.966667
1735905,IT,SK,OFFIC,AIRTR,0.06,18942.229,3,3,18942.229,0.0,0.0,0.0,0.0,315703.816667
1791635,IT,WA,HOTEL,MOTOR,0.14,18941.737,3,3,18941.737,0.0,0.0,0.0,0.0,135298.121429
1647919,IT,BE,REALE,LANDT,0.8,18941.656,3,3,18941.656,0.0,0.0,0.0,0.0,23677.07
1667732,IT,ES,MACHI,TEXT2,0.11,18941.214,4,4,18941.212,0.0,0.0,0.0,0.002,172192.854545
1721689,IT,PL,FINAN,MOTO1,0.25,18940.487,3,3,18940.487,0.0,0.0,0.0,0.0,75761.948
1731359,IT,SI,DAIRY,RECRE,0.08,18939.834,3,3,18939.834,0.0,0.0,0.0,0.0,236747.925
1662601,IT,DK,FABRI,POSTT,0.08,18939.739,3,3,18939.739,0.0,0.0,0.0,0.0,236746.7375
1762238,IT,IN,AIRTR,POULT,0.02,18939.682,3,3,18939.682,0.0,0.0,0.0,0.0,946984.1
1807105,IT,WF,SEACO,AUXIL,0.02,18938.973,3,3,18938.973,0.0,0.0,0.0,0.0,946948.65
1645253,IT,BE,COALT,RENTI,0.03,18938.276,3,3,18938.276,0.0,0.0,0.0,0.0,631275.866667
1662742,IT,DK,OFFIC,TRANS,0.06,18938.102,3,3,18938.102,0.0,0.0,0.0,0.0,315635.033333
1771833,IT,CH,WOODW,CEMEN,0.05,18937.541,3,3,18937.541,0.0,0.0,0.0,0.0,378750.82
1770222,IT,AU,HOTEL,STONE,0.14,18937.323,3,3,18937.323,0.0,0.0,0.0,0.0,135266.592857
1782482,IT,NO,MACHI,FINAN,0.11,18936.987,4,4,18936.985,0.0,0.0,0.0,0.002,172154.427273
1664255,IT,EE,BASIC,PLAST,0.02,18936.923,3,3,18936.923,0.0,0.0,0.0,0.0,946846.15
1686013,IT,HU,BIODI,ELEC1,0.04,18936.848,4,4,18936.846,0.0,0.0,0.0,0.002,473421.2
1717518,IT,NL,RENTI,FOOD5,0.11,18935.665,3,3,18935.665,0.0,0.0,0.0,0.0,172142.409091
1725937,IT,RO,PLAST,FURNI,0.04,18935.256,4,4,18935.254,0.0,0.0,0.0,0.002,473381.4
1742289,IT,US,BRICK,PUBLI,0.03,18935.029,3,3,18935.029,0.0,0.0,0.0,0.0,631167.633333
1805932,IT,WF,LEAD1,PFERT,0.03,18934.657,4,4,18934.655,0.0,0.0,0.0,0.002,631155.233333
1758490,IT,BR,MACHI,PLAST,0.11,18930.399,4,4,18930.397,0.0,0.0,0.0,0.002,172094.536364
1802712,IT,WE,COMPU,REALE,0.22,18929.839,3,3,18929.839,0.0,0.0,0.0,0.0,86044.722727
1669608,IT,ES,RENTI,BASIC,0.11,18928.466,3,3,18928.466,0.0,0.0,0.0,0.0,172076.963636
1744786,IT,US,RESEA,ALUM1,0.1,18928.348,3,3,18928.348,0.0,0.0,0.0,0.0,189283.48
1715554,IT,NL,GASDI,FOOD2,0.03,18928.034,4,4,18928.032,0.0,0.0,0.0,0.002,630934.466667
1752071,IT,CN,BUSIN,PROCE,0.19,18926.249,3,3,18926.249,0.0,0.0,0.0,0.0,99611.836842
1713397,IT,MT,NAPHT,COLLE,0.03,18926.099,3,3,18926.099,0.0,0.0,0.0,0.0,630869.966667
1792707,IT,WA,BUSIN,SANDC,0.19,18924.492,3,3,18924.492,0.0,0.0,0.0,0.0,99602.589474
1709985,IT,LT,PREC1,STEAM,0.03,18923.467,3,3,18923.467,0.0,0.0,0.0,0.0,630782.233333
1812247,IT,WM,NONME,SUPPO,0.04,18923.466,4,4,18923.464,0.0,0.0,0.0,0.002,473086.65
1649043,IT,BG,WOODW,REALE,0.05,18922.996,3,3,18922.996,0.0,0.0,0.0,0.0,378459.92
1722944,IT,PT,GASDI,HEALT,0.03,18922.543,4,4,18922.541,0.0,0.0,0.0,0.002,630751.433333
1725430,IT,RO,TEXTI,OILHA,0.11,18921.795,4,4,18921.792,0.0,0.0,0.0,0.003,172016.318182
1686990,IT,HU,MACHI,INTER,0.11,18921.534,4,4,18921.532,0.0,0.0,0.0,0.002,172013.945455
1746461,IT,JP,GLASS,WHOLE,0.05,18921.401,3,3,18921.401,0.0,0.0,0.0,0.0,378428.02
1713598,IT,MT,BASIC,CHEM1,0.02,18920.92,3,3,18920.92,0.0,0.0,0.0,0.0,946046.0
1727811,IT,RO,BUSIN,COPP1,0.19,18919.89,3,3,18919.89,0.0,0.0,0.0,0.0,99578.368421
1793372,IT,WL,VEGET,BIODI,0.07,18919.467,3,3,18919.467,0.0,0.0,0.0,0.0,270278.1
1657624,IT,DE,CERAM,PIGS9,0.03,18918.219,3,3,18918.219,0.0,0.0,0.0,0.0,630607.3
1684774,IT,HU,CROPS,RUBBE,0.15,18916.963,3,3,18916.963,0.0,0.0,0.0,0.0,126113.086667
1662269,IT,DK,CERAM,RENTI,0.03,18916.756,3,3,18916.756,0.0,0.0,0.0,0.0,630558.533333
1652632,IT,CZ,WOODW,PREC1,0.05,18916.376,3,3,18916.376,0.0,0.0,0.0,0.0,378327.52
1714429,IT,NL,CATTL,MEATC,0.04,18916.007,3,3,18916.007,0.0,0.0,0.0,0.0,472900.175
1732589,IT,SI,GLASS,RAWMI,0.05,18914.097,3,3,18914.097,0.0,0.0,0.0,0.0,378281.94
1688908,IT,IE,COPP1,COMPU,0.05,18913.092,3,3,18913.092,0.0,0.0,0.0,0.0,378261.84
1774416,IT,CH,RAILW,MACHI,0.13,18912.569,3,3,18912.569,0.0,0.0,0.0,0.0,145481.3
1721501,IT,PL,SUPPO,LEATH,0.14,18910.654,3,3,18910.654,0.0,0.0,0.0,0.0,135076.1
1778279,IT,TR,SALEM,PROCE,0.15,18910.209,3,3,18910.209,0.0,0.0,0.0,0.0,126068.06
1739371,IT,GB,RAILW,TRANS,0.13,18908.036,3,3,18908.036,0.0,0.0,0.0,0.0,145446.430769
1731546,IT,SI,TEXTI,SUGA1,0.11,18904.963,4,4,18904.96,0.0,0.0,0.0,0.003,171863.3
1660650,IT,DE,REALE,FINAN,0.8,18904.537,3,3,18904.537,0.0,0.0,0.0,0.0,23630.67125
1727623,IT,RO,RENTI,FORES,0.11,18904.475,3,3,18904.475,0.0,0.0,0.0,0.0,171858.863636
1715649,IT,NL,NAPHT,MACHI,0.03,18904.111,3,3,18904.111,0.0,0.0,0.0,0.0,630137.033333
1682290,IT,HR,LEATH,SUPPO,0.14,18903.454,4,4,18903.451,0.0,0.0,0.0,0.003,135024.671429
1805677,IT,WF,BASIC,FISHF,0.02,18902.101,3,3,18902.101,0.0,0.0,0.0,0.0,945105.05
1641027,IT,AT,PULP5,ELEC2,0.06,18902.075,4,4,18902.073,0.0,0.0,0.0,0.002,315034.583333
1801465,IT,WE,MOTO1,PULP5,0.1,18901.877,3,3,18901.877,0.0,0.0,0.0,0.0,189018.77
1749460,IT,CN,HEAVY,BASIC,0.03,18901.711,4,4,18901.709,0.0,0.0,0.0,0.002,630057.033333
1773141,IT,CH,COPP1,SEACO,0.05,18900.792,3,3,18900.792,0.0,0.0,0.0,0.0,378015.84
1725627,IT,RO,PULP5,MEAT1,0.06,18900.299,4,4,18900.297,0.0,0.0,0.0,0.002,315004.983333
1741376,IT,US,PRINT,DISTR,0.18,18899.437,3,3,18899.437,0.0,0.0,0.0,0.0,104996.872222
1663492,IT,DK,RENTI,MACHI,0.11,18897.357,3,3,18897.357,0.0,0.0,0.0,0.0,171794.154545
1782954,IT,NO,AIRTR,HOTEL,0.02,18897.297,3,3,18897.297,0.0,0.0,0.0,0.0,944864.85
1764096,IT,MX,FABRI,HEAVY,0.08,18896.379,3,3,18896.379,0.0,0.0,0.0,0.0,236204.7375
1763362,IT,MX,PRINT,CHEM1,0.18,18894.733,3,3,18894.733,0.0,0.0,0.0,0.0,104970.738889
1721544,IT,PL,SUPPO,SALEM,0.14,18894.546,3,3,18894.546,0.0,0.0,0.0,0.0,134961.042857
1688963,IT,IE,MACHI,PIGS9,0.11,18894.532,4,4,18894.53,0.0,0.0,0.0,0.002,171768.472727
1767471,IT,RU,SEACO,VEGE1,0.02,18894.248,3,3,18894.248,0.0,0.0,0.0,0.0,944712.4
1813435,IT,WM,CONST,GASDI,0.11,18893.786,3,3,18893.786,0.0,0.0,0.0,0.0,171761.690909
1750916,IT,CN,CONST,MACHI,0.11,18893.129,3,3,18893.129,0.0,0.0,0.0,0.0,171755.718182
1721236,IT,PL,LANDT,REFI1,0.12,18893.008,3,3,18893.008,0.0,0.0,0.0,0.0,157441.733333
1658948,IT,DE,FURNI,FOODW,0.06,18892.834,4,4,18892.832,0.0,0.0,0.0,0.002,314880.566667
1650403,IT,BG,ELEC4,WOODW,0.3,18890.672,3,3,18890.672,0.0,0.0,0.0,0.0,62968.906667
1652154,IT,CZ,VEGE1,CATTL,0.06,18889.953,4,4,18889.949,0.0,0.0,0.0,0.004,314832.55
1763965,IT,MX,BASIC,EDUCA,0.02,18889.721,3,3,18889.721,0.0,0.0,0.0,0.0,944486.05
1758216,IT,BR,BASIC,LUBRI,0.02,18889.295,3,3,18889.295,0.0,0.0,0.0,0.0,944464.75
1709655,IT,LT,PRINT,PUBLI,0.18,18888.838,3,3,18888.838,0.0,0.0,0.0,0.0,104937.988889
1784979,IT,ID,INSUR,AIRTR,0.39,18888.728,3,3,18888.728,0.0,0.0,0.0,0.0,48432.635897
1686380,IT,HU,BASIC,MEAT1,0.02,18887.051,3,3,18887.051,0.0,0.0,0.0,0.0,944352.55
1674779,IT,FR,CERAM,FOOD1,0.03,18886.756,3,3,18886.756,0.0,0.0,0.0,0.0,629558.533333
1727189,IT,RO,TRAN2,NONSP,0.03,18886.75,3,3,18886.75,0.0,0.0,0.0,0.0,629558.333333
1802526,IT,WE,POSTT,FINAN,0.31,18886.656,3,3,18886.656,0.0,0.0,0.0,0.0,60924.696774
1728510,IT,SE,WOODW,FURNI,0.05,18885.666,3,3,18885.666,0.0,0.0,0.0,0.0,377713.32
1803102,IT,WF,VEGET,NICKE,0.07,18885.622,3,3,18885.622,0.0,0.0,0.0,0.0,269794.6
1641405,IT,AT,GASDI,SUGAR,0.03,18885.315,4,4,18885.313,0.0,0.0,0.0,0.002,629510.5
1671423,IT,FI,FABRI,NONF1,0.08,18885.218,3,3,18885.218,0.0,0.0,0.0,0.0,236065.225
1789412,IT,WA,CHEM1,RETAI,0.04,18884.985,4,4,18884.983,0.0,0.0,0.0,0.002,472124.625
1723529,IT,PT,COPP1,HOTEL,0.05,18884.86,3,3,18884.86,0.0,0.0,0.0,0.0,377697.2
1742424,IT,US,NONME,PAPE3,0.04,18884.515,4,4,18884.513,0.0,0.0,0.0,0.002,472112.875
1746720,IT,JP,FABRI,ELEC8,0.08,18884.232,3,3,18884.232,0.0,0.0,0.0,0.0,236052.9
1684682,IT,HU,CEREA,MEATA,0.03,18884.196,3,3,18884.196,0.0,0.0,0.0,0.0,629473.2
1763775,IT,MX,GLASS,SUPPO,0.05,18884.006,3,3,18884.006,0.0,0.0,0.0,0.0,377680.12
1665113,IT,ES,VEGE1,EDUCA,0.06,18883.908,4,4,18883.904,0.0,0.0,0.0,0.004,314731.8
1746591,IT,JP,PREC1,NONME,0.03,18882.906,3,3,18882.906,0.0,0.0,0.0,0.0,629430.2
1726437,IT,RO,FABRI,NAPHT,0.08,18882.29,3,3,18882.29,0.0,0.0,0.0,0.0,236028.625
1758115,IT,BR,CERAM,KEROS,0.03,18882.237,3,3,18882.237,0.0,0.0,0.0,0.0,629407.9
1735606,IT,SK,COPP1,REFI1,0.05,18881.997,3,3,18881.997,0.0,0.0,0.0,0.0,377639.94
1775372,IT,CH,PUBLI,PRINT,0.31,18881.911,3,3,18881.911,0.0,0.0,0.0,0.0,60909.390323
1758191,IT,BR,BASIC,SUGAR,0.02,18881.254,3,3,18881.254,0.0,0.0,0.0,0.0,944062.7
1773875,IT,CH,ELEC7,OFFIC,0.01,18880.789,3,3,18880.789,0.0,0.0,0.0,0.0,1888078.9
1762940,IT,MX,VEGE1,RAWMI,0.06,18879.332,4,4,18879.328,0.0,0.0,0.0,0.004,314655.533333
1728714,IT,SE,MOTOR,RETA1,0.03,18879.238,4,4,18879.236,0.0,0.0,0.0,0.002,629307.933333
1728792,IT,SE,HEAVY,BUSIN,0.03,18877.456,4,4,18877.454,0.0,0.0,0.0,0.002,629248.533333
1741553,IT,US,GASDI,PIGS9,0.03,18877.313,4,4,18877.311,0.0,0.0,0.0,0.002,629243.766667
1784296,IT,ID,CHEM1,COLLE,0.04,18874.796,4,4,18874.794,0.0,0.0,0.0,0.002,471869.9
1655357,IT,DE,OILSE,SUGA1,0.01,18874.32,3,3,18874.32,0.0,0.0,0.0,0.0,1887432.0
1640764,IT,AT,TEXTI,RETAI,0.11,18874.27,4,4,18874.267,0.0,0.0,0.0,0.003,171584.272727
1663178,IT,DK,LANDT,TRANS,0.12,18874.076,3,3,18874.076,0.0,0.0,0.0,0.0,157283.966667
1731750,IT,SI,PULP5,FOOD3,0.06,18874.061,4,4,18874.059,0.0,0.0,0.0,0.002,314567.683333
1670011,IT,ES,HEALT,REALE,0.1,18873.849,3,3,18873.849,0.0,0.0,0.0,0.0,188738.49
1677627,IT,FR,REALE,SEACO,0.8,18873.128,3,3,18873.128,0.0,0.0,0.0,0.0,23591.41
1794046,IT,WL,PULP5,REALE,0.06,18871.18,4,4,18871.178,0.0,0.0,0.0,0.002,314519.666667
1714916,IT,NL,BEVER,TRAN1,0.08,18871.093,3,3,18871.093,0.0,0.0,0.0,0.0,235888.6625
1718728,IT,PL,PULP5,GASDI,0.06,18871.07,4,4,18871.068,0.0,0.0,0.0,0.002,314517.833333
1661864,IT,DK,PAPER,MOTO1,0.07,18869.179,4,4,18869.177,0.0,0.0,0.0,0.002,269559.7
1657078,IT,DE,NONSP,OFFIC,0.02,18868.731,3,3,18868.731,0.0,0.0,0.0,0.0,943436.55
1792809,IT,WA,PUBLI,WHOLE,0.31,18868.268,3,3,18868.268,0.0,0.0,0.0,0.0,60865.380645
1780985,IT,TW,BUSIN,GLASS,0.19,18868.151,3,3,18868.151,0.0,0.0,0.0,0.0,99306.057895
1649379,IT,BG,CHEM1,POULT,0.04,18867.965,4,4,18867.963,0.0,0.0,0.0,0.002,471699.125
1672036,IT,FI,AIRTR,FORES,0.02,18867.674,3,3,18867.674,0.0,0.0,0.0,0.0,943383.7
1723753,IT,PT,OFFIC,VEGET,0.06,18866.658,3,3,18866.658,0.0,0.0,0.0,0.0,314444.3
1641115,IT,AT,PAPER,STEAM,0.07,18866.181,4,4,18866.179,0.0,0.0,0.0,0.002,269516.871429
1667878,IT,ES,MOTO1,PULP5,0.1,18865.121,3,3,18865.121,0.0,0.0,0.0,0.0,188651.21
1658457,IT,DE,FABRI,ELEC2,0.08,18864.445,3,3,18864.445,0.0,0.0,0.0,0.0,235805.5625
1656711,IT,DE,MOTOR,FABRI,0.03,18864.043,4,4,18864.041,0.0,0.0,0.0,0.002,628801.433333
1734815,IT,SK,PULP5,FURNI,0.06,18863.298,4,4,18863.296,0.0,0.0,0.0,0.002,314388.3
1688969,IT,IE,MACHI,FORES,0.11,18861.434,4,4,18861.432,0.0,0.0,0.0,0.002,171467.581818
1665890,IT,ES,COALT,BEVER,0.03,18861.005,3,3,18861.005,0.0,0.0,0.0,0.0,628700.166667
1760250,IT,BR,WOOD2,BASIC,0.1,18860.497,3,3,18860.497,0.0,0.0,0.0,0.0,188604.97
1805698,IT,WF,BASIC,DAIRY,0.02,18859.41,3,3,18859.41,0.0,0.0,0.0,0.0,942970.5
1769719,IT,AU,MACHI,URANI,0.11,18858.41,4,4,18858.408,0.0,0.0,0.0,0.002,171440.090909
1719066,IT,PL,NAPHT,BEVER,0.03,18855.73,3,3,18855.73,0.0,0.0,0.0,0.0,628524.333333
1757672,IT,BR,HEAVY,BIOGA,0.03,18855.44,4,4,18855.438,0.0,0.0,0.0,0.002,628514.666667
1781332,IT,NO,VEGE1,BUSIN,0.06,18855.151,4,4,18855.147,0.0,0.0,0.0,0.004,314252.516667
1642218,IT,AT,CEMEN,RENTI,0.03,18854.956,3,3,18854.956,0.0,0.0,0.0,0.0,628498.533333
1753927,IT,CA,RAILW,COMPU,0.13,18854.067,3,3,18854.067,0.0,0.0,0.0,0.0,145031.284615
1667341,IT,ES,LEAD1,RUBBE,0.03,18853.876,4,4,18853.874,0.0,0.0,0.0,0.002,628462.533333
1778627,IT,TR,HOTEL,GASDI,0.14,18852.655,3,3,18852.655,0.0,0.0,0.0,0.0,134661.821429
1739032,IT,GB,SALEM,INERT,0.15,18852.454,3,3,18852.454,0.0,0.0,0.0,0.0,125683.026667
1718340,IT,PL,BEVER,FORES,0.08,18851.701,3,3,18851.701,0.0,0.0,0.0,0.0,235646.2625
1732716,IT,SI,CEMEN,STONE,0.03,18850.955,3,3,18850.955,0.0,0.0,0.0,0.0,628365.166667
1784487,IT,ID,FABRI,SUBBI,0.08,18850.085,3,3,18850.085,0.0,0.0,0.0,0.0,235626.0625
1660751,IT,DE,RENTI,PLAS1,0.11,18849.98,3,3,18849.98,0.0,0.0,0.0,0.0,171363.454545
1728066,IT,SE,MEATP,HOTEL,0.08,18847.567,4,4,18847.565,0.0,0.0,0.0,0.002,235594.5875
1656399,IT,DE,WOODW,RETAI,0.05,18845.846,3,3,18845.846,0.0,0.0,0.0,0.0,376916.92
1805243,IT,WF,CHEM1,DIST1,0.04,18845.76,4,4,18845.758,0.0,0.0,0.0,0.002,471144.0
1779695,IT,TR,RESEA,POSTT,0.1,18845.675,3,3,18845.675,0.0,0.0,0.0,0.0,188456.75
1778089,IT,TR,MOTO1,CEMEN,0.1,18844.009,3,3,18844.009,0.0,0.0,0.0,0.0,188440.09
1678511,IT,GR,WHEAT,COPP1,0.01,18843.148,3,3,18843.148,0.0,0.0,0.0,0.0,1884314.8
1736850,IT,SK,BUSIN,WOODW,0.19,18842.595,3,3,18842.595,0.0,0.0,0.0,0.0,99171.552632
1774184,IT,CH,RETA1,CHEMI,0.2,18842.044,3,3,18842.044,0.0,0.0,0.0,0.0,94210.22
1652980,IT,CZ,NONSP,FABRI,0.02,18841.035,3,3,18841.035,0.0,0.0,0.0,0.0,942051.75
1677357,IT,FR,INSUR,POULT,0.39,18840.675,3,3,18840.675,0.0,0.0,0.0,0.0,48309.423077
1805701,IT,WF,BASIC,BEVER,0.02,18839.927,3,3,18839.927,0.0,0.0,0.0,0.0,941996.35
1655996,IT,DE,FOOD5,ELECT,0.09,18838.759,4,4,18838.757,0.0,0.0,0.0,0.002,209319.544444
1648394,IT,BE,RECRE,POSTT,0.24,18838.384,3,3,18838.384,0.0,0.0,0.0,0.0,78493.266667
1808987,IT,WM,VEGET,PROCE,0.07,18838.106,3,3,18838.106,0.0,0.0,0.0,0.0,269115.8
1719463,IT,PL,RUBBE,WOOD1,0.06,18838.064,4,4,18838.062,0.0,0.0,0.0,0.002,313967.733333
1766460,IT,RU,PREC1,ELECT,0.03,18835.016,3,3,18835.016,0.0,0.0,0.0,0.0,627833.866667
1790342,IT,WA,ALUM1,ELEC4,0.03,18834.884,4,4,18834.882,0.0,0.0,0.0,0.002,627829.466667
1735298,IT,SK,GLASS,SALEM,0.05,18834.279,3,3,18834.279,0.0,0.0,0.0,0.0,376685.58
1784450,IT,ID,BASIC,POSTT,0.02,18834.27,3,3,18834.27,0.0,0.0,0.0,0.0,941713.5
1758814,IT,BR,RETA1,AIRTR,0.2,18833.842,3,3,18833.842,0.0,0.0,0.0,0.0,94169.21
1771016,IT,CH,MEATA,RAWMI,0.1,18833.402,4,4,18833.399,0.0,0.0,0.0,0.003,188334.02
1810362,IT,WM,WOODW,COLLE,0.05,18832.935,3,3,18832.935,0.0,0.0,0.0,0.0,376658.7
1643188,IT,AT,HOTEL,CHEMI,0.14,18832.683,3,3,18832.683,0.0,0.0,0.0,0.0,134519.164286
1786078,IT,ZA,NONME,VEGET,0.04,18832.371,4,4,18832.369,0.0,0.0,0.0,0.002,470809.275
1735047,IT,SK,CHEM1,PIGS9,0.04,18831.949,4,4,18831.947,0.0,0.0,0.0,0.002,470798.725
1644340,IT,BE,SANDC,CEMEN,0.04,18831.625,4,4,18827.625,0.0,0.0,4.0,0.0,470790.625
1796546,IT,WL,RETA1,SUPPO,0.2,18831.527,3,3,18831.527,0.0,0.0,0.0,0.0,94157.635
1722719,IT,PT,WOODW,MACHI,0.05,18831.511,3,3,18831.511,0.0,0.0,0.0,0.0,376630.22
1640250,IT,AT,FISHF,RENTI,0.03,18830.663,3,3,18830.663,0.0,0.0,0.0,0.0,627688.766667
1767498,IT,RU,SEACO,NONF1,0.02,18830.258,3,3,18830.258,0.0,0.0,0.0,0.0,941512.9
1775902,IT,TR,PROCE,WHOLE,0.13,18829.429,3,3,18829.429,0.0,0.0,0.0,0.0,144841.761538
1643389,IT,AT,LANDT,RAWMI,0.12,18828.935,3,3,18828.935,0.0,0.0,0.0,0.0,156907.791667
1789506,IT,WA,ADDIT,RUBBE,0.04,18828.834,3,3,18828.834,0.0,0.0,0.0,0.0,470720.85
1743458,IT,US,WHOLE,CERAM,0.16,18828.136,3,3,18828.136,0.0,0.0,0.0,0.0,117675.85
1755949,IT,KR,PREC1,RUBBE,0.03,18828.127,3,3,18828.127,0.0,0.0,0.0,0.0,627604.233333
1645311,IT,BE,KEROS,RESEA,0.03,18827.691,4,4,18827.689,0.0,0.0,0.0,0.002,627589.7
1682247,IT,HR,LEATH,FORES,0.13,18827.523,4,4,18827.52,0.0,0.0,0.0,0.003,144827.1
1776297,IT,TR,PAPER,KEROS,0.07,18826.971,4,4,18826.969,0.0,0.0,0.0,0.002,268956.728571
1749496,IT,CN,NAPHT,MEDIC,0.03,18826.786,3,3,18826.786,0.0,0.0,0.0,0.0,627559.533333
1735317,IT,SK,CERAM,ANIMA,0.03,18826.389,3,3,18826.389,0.0,0.0,0.0,0.0,627546.3
1715792,IT,NL,RUBBE,CATTL,0.06,18826.126,4,4,18826.124,0.0,0.0,0.0,0.002,313768.766667
1729401,IT,SE,BASIC,ELEC4,0.02,18826.026,3,3,18826.026,0.0,0.0,0.0,0.0,941301.3
1748812,IT,CN,TEXTI,MEDIC,0.11,18825.877,4,4,18825.875,0.0,0.0,0.0,0.002,171144.336364
1743478,IT,US,WHOLE,WHOLE,0.16,18825.02,3,3,18825.02,0.0,0.0,0.0,0.0,117656.375
1742861,IT,US,MACHI,PRECI,0.11,18823.833,4,4,18823.831,0.0,0.0,0.0,0.002,171125.754545
1678495,IT,FR,RECRE,HEALT,0.24,18821.218,3,3,18821.218,0.0,0.0,0.0,0.0,78421.741667
1664042,IT,EE,PLAST,CONST,0.04,18820.808,4,4,18820.806,0.0,0.0,0.0,0.002,470520.2
1641111,IT,AT,PAPER,TRAN1,0.07,18820.755,4,4,18820.753,0.0,0.0,0.0,0.002,268867.928571
1783066,IT,NO,INSUR,ALUM1,0.39,18818.175,3,3,18818.175,0.0,0.0,0.0,0.0,48251.730769
1770963,IT,CH,VEGET,TRANS,0.07,18817.777,3,3,18817.777,0.0,0.0,0.0,0.0,268825.385714
1793499,IT,WL,CHEMI,BRICK,0.04,18817.615,5,5,18816.613,0.0,0.0,1.0,0.002,470440.375
1787397,IT,WA,FISHF,STONE,0.03,18816.644,3,3,18816.644,0.0,0.0,0.0,0.0,627221.466667
1772927,IT,CH,PREC1,FOOD5,0.03,18816.241,3,3,18816.241,0.0,0.0,0.0,0.0,627208.033333
1780820,IT,TW,COMPU,RUBBE,0.21,18816.199,3,3,18816.199,0.0,0.0,0.0,0.0,89600.947619
1680079,IT,GR,MACHI,POSTT,0.1,18816.165,4,4,18816.163,0.0,0.0,0.0,0.002,188161.65
1782343,IT,NO,FABRI,DAIRY,0.08,18815.852,3,3,18815.852,0.0,0.0,0.0,0.0,235198.15
1664323,IT,EE,FABRI,FOOD5,0.08,18814.964,3,3,18814.964,0.0,0.0,0.0,0.0,235187.05
1778514,IT,TR,RETA1,SANDC,0.2,18813.674,3,3,18813.674,0.0,0.0,0.0,0.0,94068.37
1750488,IT,CN,MACHI,NFERT,0.1,18813.471,4,4,18813.469,0.0,0.0,0.0,0.002,188134.71
1688142,IT,HU,BUSIN,CEMEN,0.19,18813.383,3,3,18813.383,0.0,0.0,0.0,0.0,99017.805263
1665536,IT,ES,WEARI,FOOD4,0.14,18812.665,4,4,18812.661,0.0,0.0,0.0,0.004,134376.178571
1711164,IT,LU,FABRI,RAILW,0.08,18812.128,3,3,18812.128,0.0,0.0,0.0,0.0,235151.6
1661398,IT,DK,VEGE1,VEGE1,0.06,18812.049,4,4,18812.045,0.0,0.0,0.0,0.004,313534.15
1751865,IT,CN,COMPU,VEGET,0.21,18811.322,3,3,18811.322,0.0,0.0,0.0,0.0,89577.72381
1756399,IT,KR,FURNI,INLAN,0.06,18811.197,4,4,18811.195,0.0,0.0,0.0,0.002,313519.95
1720244,IT,PL,FABRI,OILSE,0.08,18811.022,3,3,18811.022,0.0,0.0,0.0,0.0,235137.775
1737239,IT,GB,FOOD5,PIGS9,0.09,18810.091,4,4,18810.089,0.0,0.0,0.0,0.002,209001.011111
1779166,IT,TR,POSTT,PAPER,0.31,18807.872,3,3,18807.872,0.0,0.0,0.0,0.0,60670.554839
1643356,IT,AT,RAILW,SALEM,0.13,18807.801,3,3,18807.801,0.0,0.0,0.0,0.0,144675.392308
1713945,IT,MT,CONST,PUBLI,0.11,18807.46,3,3,18807.46,0.0,0.0,0.0,0.0,170976.909091
1792041,IT,WA,AIRTR,DAIRY,0.02,18806.281,3,3,18806.281,0.0,0.0,0.0,0.0,940314.05
1780582,IT,TW,INSUR,CHEMI,0.39,18805.566,3,3,18805.566,0.0,0.0,0.0,0.0,48219.4
1647321,IT,BE,TRAN2,SEACO,0.03,18804.144,3,3,18804.144,0.0,0.0,0.0,0.0,626804.8
1743247,IT,US,FURNI,CEREA,0.06,18803.768,4,4,18803.766,0.0,0.0,0.0,0.002,313396.133333
1669763,IT,ES,BUSIN,LIQUE,0.19,18803.459,3,3,18803.459,0.0,0.0,0.0,0.0,98965.573684
1797077,IT,WL,POSTT,PADDY,0.31,18803.125,3,3,18803.125,0.0,0.0,0.0,0.0,60655.241935
1766429,IT,RU,BASIC,SEACO,0.02,18802.506,3,3,18802.506,0.0,0.0,0.0,0.0,940125.3
1727170,IT,RO,LANDT,PAPE4,0.12,18801.486,3,3,18801.486,0.0,0.0,0.0,0.0,156679.05
1640671,IT,AT,FISH5,MEATP,0.08,18801.267,4,4,18801.257,0.0,0.0,0.0,0.01,235015.8375
1663615,IT,DK,BUSIN,RUBBE,0.19,18799.662,3,3,18799.662,0.0,0.0,0.0,0.0,98945.589474
1763840,IT,MX,NONME,SUGA1,0.04,18798.828,4,4,18798.826,0.0,0.0,0.0,0.002,469970.7
1773924,IT,CH,SALEM,DAIRY,0.15,18798.549,3,3,18798.549,0.0,0.0,0.0,0.0,125323.66
1786837,IT,ZA,HOTEL,RESEA,0.14,18798.294,3,3,18798.294,0.0,0.0,0.0,0.0,134273.528571
1683305,IT,HR,CEMEN,BUSIN,0.03,18796.96,3,3,18796.96,0.0,0.0,0.0,0.0,626565.333333
1735063,IT,SK,CHEM1,FISH5,0.04,18796.796,4,4,18796.794,0.0,0.0,0.0,0.002,469919.9
1781723,IT,NO,PAPER,DAIRY,0.07,18795.643,4,4,18795.641,0.0,0.0,0.0,0.002,268509.185714
1760910,IT,IN,GASDI,MEMBE,0.03,18795.531,4,4,18795.529,0.0,0.0,0.0,0.002,626517.7
1757149,IT,BR,STONE,REALE,0.06,18794.824,4,4,18793.824,0.0,0.0,1.0,0.0,313247.066667
1670792,IT,FI,PRINT,WHOLE,0.18,18793.829,3,3,18793.829,0.0,0.0,0.0,0.0,104410.161111
1737834,IT,GB,NONSP,GASDI,0.02,18793.274,3,3,18793.274,0.0,0.0,0.0,0.0,939663.7
1717063,IT,NL,LANDT,TRAN2,0.12,18793.182,3,3,18793.182,0.0,0.0,0.0,0.0,156609.85
1743974,IT,US,AIRTR,FISH5,0.02,18792.306,3,3,18792.306,0.0,0.0,0.0,0.0,939615.3
1793827,IT,WL,TEXTI,MOTOR,0.11,18790.643,4,4,18790.641,0.0,0.0,0.0,0.002,170824.027273
1645799,IT,BE,RUBBE,AUXIL,0.06,18789.04,4,4,18789.038,0.0,0.0,0.0,0.002,313150.666667
1750037,IT,CN,NONME,TRAN1,0.04,18788.45,4,4,18788.448,0.0,0.0,0.0,0.002,469711.25
1672359,IT,FI,BUSIN,WEARI,0.19,18787.609,3,3,18787.609,0.0,0.0,0.0,0.0,98882.152632
1808234,IT,WF,FOOD1,EDUCA,0.09,18787.423,4,4,18787.421,0.0,0.0,0.0,0.002,208749.144444
1727824,IT,RO,BUSIN,TRAN1,0.19,18786.803,3,3,18786.803,0.0,0.0,0.0,0.0,98877.910526
1662924,IT,DK,RETA1,RUBBE,0.2,18786.508,3,3,18786.508,0.0,0.0,0.0,0.0,93932.54
1640670,IT,AT,FISH5,MEATC,0.08,18786.422,4,4,18786.412,0.0,0.0,0.0,0.01,234830.275
1814421,IT,WM,REALE,POSTT,0.79,18786.294,3,3,18786.294,0.0,0.0,0.0,0.0,23780.118987
1808021,IT,WF,INTER,WEARI,0.11,18786.094,3,3,18786.094,0.0,0.0,0.0,0.0,170782.672727
1712850,IT,LV,AUXIL,SUPPO,0.34,18784.946,3,3,18784.946,0.0,0.0,0.0,0.0,55249.841176
1673082,IT,FR,FOOD5,COLLE,0.09,18783.426,4,4,18783.424,0.0,0.0,0.0,0.002,208704.733333
1762059,IT,IN,RETA1,WEARI,0.2,18783.282,3,3,18783.282,0.0,0.0,0.0,0.0,93916.41
1795300,IT,WL,CEMEN,WHOLE,0.03,18783.067,3,3,18783.067,0.0,0.0,0.0,0.0,626102.233333
1722737,IT,PT,PULP5,WOODW,0.06,18782.977,4,4,18782.975,0.0,0.0,0.0,0.002,313049.616667
1741888,IT,US,CHEM1,AVIAT,0.04,18782.96,4,4,18782.958,0.0,0.0,0.0,0.002,469574.0
1720250,IT,PL,FABRI,MEATA,0.08,18780.973,3,3,18780.973,0.0,0.0,0.0,0.0,234762.1625
1658857,IT,DE,TRANS,VEGET,0.11,18777.017,3,3,18777.017,0.0,0.0,0.0,0.0,170700.154545
1738669,IT,GB,MACHI,GASDI,0.1,18776.348,4,4,18776.346,0.0,0.0,0.0,0.002,187763.48
1778454,IT,TR,WHOLE,ELEC5,0.16,18776.018,3,3,18776.018,0.0,0.0,0.0,0.0,117350.1125
1730280,IT,SE,SEACO,RAILW,0.02,18775.841,3,3,18775.841,0.0,0.0,0.0,0.0,938792.05
1641291,IT,AT,MOTOR,FINAN,0.03,18775.776,4,4,18775.774,0.0,0.0,0.0,0.002,625859.2
1652951,IT,CZ,HEAVY,OFFIC,0.03,18775.095,4,4,18775.093,0.0,0.0,0.0,0.002,625836.5
1795541,IT,WL,ALUM1,LANDT,0.03,18774.884,4,4,18774.882,0.0,0.0,0.0,0.002,625829.466667
1767423,IT,RU,LANDT,RADIO,0.12,18774.796,3,3,18774.796,0.0,0.0,0.0,0.0,156456.633333
1743762,IT,US,LANDT,PETRO,0.12,18773.134,3,3,18773.134,0.0,0.0,0.0,0.0,156442.783333
1733018,IT,SI,LEAD1,LANDT,0.03,18772.639,4,4,18772.637,0.0,0.0,0.0,0.002,625754.633333
1721611,IT,PL,POSTT,OFFIC,0.31,18772.08,3,3,18772.08,0.0,0.0,0.0,0.0,60555.096774
1762276,IT,IN,AIRTR,RADIO,0.02,18771.18,3,3,18771.18,0.0,0.0,0.0,0.0,938559.0
1677768,IT,FR,COMPU,RUBBE,0.21,18769.182,3,3,18769.182,0.0,0.0,0.0,0.0,89377.057143
1754710,IT,KR,VEGE1,MEDIC,0.06,18768.564,4,4,18768.56,0.0,0.0,0.0,0.004,312809.4
1675504,IT,FR,OFFIC,SALEM,0.06,18768.401,3,3,18768.401,0.0,0.0,0.0,0.0,312806.683333
1756582,IT,KR,RETA1,BUSIN,0.2,18768.293,3,3,18768.293,0.0,0.0,0.0,0.0,93841.465
1747534,IT,JP,AIRTR,MEATP,0.02,18767.077,3,3,18767.077,0.0,0.0,0.0,0.0,938353.85
1744384,IT,US,INSUR,WHOLE,0.39,18766.541,3,3,18766.541,0.0,0.0,0.0,0.0,48119.335897
1672344,IT,FI,BUSIN,NICKE,0.19,18765.062,3,3,18765.062,0.0,0.0,0.0,0.0,98763.484211
1791707,IT,WA,HOTEL,PRIVA,0.14,18764.75,3,3,18764.75,0.0,0.0,0.0,0.0,134033.928571
1690473,IT,IE,PAPE4,RETA1,0.12,18764.208,3,3,18764.208,0.0,0.0,0.0,0.0,156368.4
1802667,IT,WE,RENTI,TRANS,0.11,18762.519,3,3,18762.519,0.0,0.0,0.0,0.0,170568.354545
1683143,IT,HR,RUBBE,INERT,0.06,18762.326,4,4,18762.324,0.0,0.0,0.0,0.002,312705.433333
1709945,IT,LT,BASIC,COLLE,0.02,18760.132,3,3,18760.132,0.0,0.0,0.0,0.0,938006.6
1779907,IT,TW,CONST,FOOD5,0.1,18759.968,3,3,18759.968,0.0,0.0,0.0,0.0,187599.68
1664665,IT,EE,LANDT,RENTI,0.12,18757.82,3,3,18757.82,0.0,0.0,0.0,0.0,156315.166667
1792667,IT,WA,RESEA,MOTO1,0.1,18757.486,3,3,18757.486,0.0,0.0,0.0,0.0,187574.86
1786172,IT,ZA,PREC1,MOTOR,0.03,18757.347,3,3,18757.347,0.0,0.0,0.0,0.0,625244.9
1754714,IT,KR,VEGE1,REALE,0.06,18756.524,4,4,18756.52,0.0,0.0,0.0,0.004,312608.733333
1646526,IT,BE,MACHI,WASTE,0.1,18756.231,4,4,18756.229,0.0,0.0,0.0,0.002,187562.31
1720025,IT,PL,ALUM1,BIOGA,0.03,18755.864,4,4,18755.862,0.0,0.0,0.0,0.002,625195.466667
1811110,IT,WM,LIQUE,FOOD5,0.03,18755.351,4,4,18755.349,0.0,0.0,0.0,0.002,625178.366667
1677002,IT,FR,AIRTR,PAPE1,0.02,18755.217,3,3,18755.217,0.0,0.0,0.0,0.0,937760.85
1807069,IT,WF,SEACO,NATU1,0.02,18754.076,3,3,18754.076,0.0,0.0,0.0,0.0,937703.8
1773199,IT,CH,FABRI,MOTOR,0.08,18753.39,3,3,18753.39,0.0,0.0,0.0,0.0,234417.375
1737563,IT,GB,PULP5,HOTEL,0.06,18751.471,4,4,18751.469,0.0,0.0,0.0,0.002,312524.516667
1725764,IT,RO,PRINT,CEMEN,0.18,18750.662,3,3,18750.662,0.0,0.0,0.0,0.0,104170.344444
1778630,IT,TR,HOTEL,PFERT,0.14,18750.434,3,3,18750.434,0.0,0.0,0.0,0.0,133931.671429
1656791,IT,DE,GASDI,SANDC,0.03,18750.142,4,4,18750.14,0.0,0.0,0.0,0.002,625004.733333
1762543,IT,IN,INSUR,REALE,0.39,18748.73,3,3,18748.73,0.0,0.0,0.0,0.0,48073.666667
1779137,IT,TR,SUPPO,93197,0.13,18747.362,3,3,18747.362,0.0,0.0,0.0,0.0,144210.476923
1677811,IT,FR,COMPU,EDUCA,0.21,18745.002,3,3,18745.002,0.0,0.0,0.0,0.0,89261.914286
1667776,IT,ES,OFFIC,KERO1,0.06,18744.202,3,3,18744.202,0.0,0.0,0.0,0.0,312403.366667
1715047,IT,NL,TEXTI,CONST,0.11,18743.667,4,4,18743.665,0.0,0.0,0.0,0.002,170396.972727
1651985,IT,CZ,CEREA,RAWMI,0.03,18742.259,3,3,18742.259,0.0,0.0,0.0,0.0,624741.966667
1778541,IT,TR,RETA1,ALUM1,0.2,18742.027,3,3,18742.027,0.0,0.0,0.0,0.0,93710.135
1655011,IT,CZ,REALE,CHEM1,0.79,18740.805,3,3,18740.805,0.0,0.0,0.0,0.0,23722.537975
1798262,IT,WE,OILSE,FORES,0.01,18739.777,3,3,18739.777,0.0,0.0,0.0,0.0,1873977.7
1683751,IT,HR,MACHI,ELEC4,0.1,18738.614,4,4,18738.612,0.0,0.0,0.0,0.002,187386.14
1761652,IT,IN,FABRI,CHARC,0.08,18737.576,3,3,18737.576,0.0,0.0,0.0,0.0,234219.7
1771321,IT,CH,DAIRY,RAILW,0.08,18737.537,3,3,18737.537,0.0,0.0,0.0,0.0,234219.2125
1771806,IT,CH,WOODW,RAWMI,0.05,18736.592,3,3,18736.592,0.0,0.0,0.0,0.0,374731.84
1766372,IT,RU,BASIC,FOOD5,0.02,18735.121,3,3,18735.121,0.0,0.0,0.0,0.0,936756.05
1748957,IT,CN,WEARI,RENTI,0.14,18734.819,4,4,18734.815,0.0,0.0,0.0,0.004,133820.135714
1684434,IT,HR,AUXIL,INSUR,0.34,18734.775,3,3,18734.775,0.0,0.0,0.0,0.0,55102.279412
1814784,IT,WM,FOOD4,CHEM1,0.14,18734.508,3,3,18734.508,0.0,0.0,0.0,0.0,133817.914286
1689418,IT,IE,HOTEL,TEXTI,0.14,18734.507,3,3,18734.507,0.0,0.0,0.0,0.0,133817.907143
1642289,IT,AT,NONME,PUBLI,0.04,18733.005,4,4,18733.003,0.0,0.0,0.0,0.002,468325.125
1713126,IT,MT,BEVER,TOBAC,0.08,18732.599,3,3,18732.599,0.0,0.0,0.0,0.0,234157.4875
1734485,IT,SK,MEATC,TRAN2,0.06,18732.133,3,3,18732.133,0.0,0.0,0.0,0.0,312202.216667
1683241,IT,HR,CERAM,MACHI,0.03,18731.813,3,3,18731.813,0.0,0.0,0.0,0.0,624393.766667
1779159,IT,TR,POSTT,FOOD5,0.31,18729.131,3,3,18729.131,0.0,0.0,0.0,0.0,60416.551613
1810399,IT,WM,PULP5,POULT,0.06,18728.611,4,4,18728.609,0.0,0.0,0.0,0.002,312143.516667
1803943,IT,WF,WEARI,COMPU,0.14,18728.196,4,4,18728.192,0.0,0.0,0.0,0.004,133772.828571
1775067,IT,CH,RENTI,FURNI,0.11,18727.934,3,3,18727.934,0.0,0.0,0.0,0.0,170253.945455
1786780,IT,ZA,HOTEL,PULP5,0.14,18727.346,3,3,18727.346,0.0,0.0,0.0,0.0,133766.757143
1712945,IT,MT,VEGET,MACHI,0.07,18726.752,3,3,18726.752,0.0,0.0,0.0,0.0,267525.028571
1785945,IT,ZA,RUBBE,PFERT,0.06,18725.608,4,4,18725.606,0.0,0.0,0.0,0.002,312093.466667
1736135,IT,SK,CONST,POSTT,0.1,18723.51,3,3,18723.51,0.0,0.0,0.0,0.0,187235.1
1797352,IT,WL,REALE,INSUR,0.79,18722.574,3,3,18722.574,0.0,0.0,0.0,0.0,23699.460759
1782037,IT,NO,RUBBE,TEXT1,0.06,18721.447,4,4,18721.445,0.0,0.0,0.0,0.002,312024.116667
1709547,IT,LT,WOODW,FABRI,0.05,18721.215,3,3,18721.215,0.0,0.0,0.0,0.0,374424.3
1660785,IT,DE,COMPU,TEXTI,0.21,18720.752,3,3,18720.752,0.0,0.0,0.0,0.0,89146.438095
1809381,IT,WM,CHEMI,FORES,0.04,18720.138,5,5,18719.136,0.0,0.0,1.0,0.002,468003.45
1783889,IT,NO,WOOD2,FOODW,0.1,18719.724,3,3,18719.724,0.0,0.0,0.0,0.0,187197.24
1718408,IT,PL,BEVER,AUXIL,0.08,18719.66,3,3,18719.66,0.0,0.0,0.0,0.0,233995.75
1722570,IT,PT,FISH5,MEATC,0.08,18718.868,4,4,18718.858,0.0,0.0,0.0,0.01,233985.85
1759677,IT,BR,RESEA,FOOD3,0.1,18718.549,3,3,18718.549,0.0,0.0,0.0,0.0,187185.49
1717334,IT,NL,FINAN,ALUM1,0.24,18717.707,3,3,18717.707,0.0,0.0,0.0,0.0,77990.445833
1683875,IT,HR,MOTO1,PAPE4,0.1,18717.491,3,3,18717.491,0.0,0.0,0.0,0.0,187174.91
1720774,IT,PL,TRANS,SEACO,0.11,18717.177,3,3,18717.177,0.0,0.0,0.0,0.0,170156.154545
1745649,IT,JP,TEXTI,COPP1,0.11,18716.421,4,4,18716.419,0.0,0.0,0.0,0.002,170149.281818
1758687,IT,BR,SALEM,MACHI,0.15,18716.0,3,3,18716.0,0.0,0.0,0.0,0.0,124773.333333
1754402,IT,CA,RENTI,RUBBE,0.11,18715.967,3,3,18715.967,0.0,0.0,0.0,0.0,170145.154545
1750412,IT,CN,FABRI,AIRTR,0.08,18715.085,3,3,18715.085,0.0,0.0,0.0,0.0,233938.5625
1759681,IT,BR,RESEA,PLAS2,0.1,18714.207,3,3,18714.207,0.0,0.0,0.0,0.0,187142.07
1728670,IT,SE,PRINT,HOTEL,0.18,18713.58,3,3,18713.58,0.0,0.0,0.0,0.0,103964.333333
1648061,IT,BE,COMPU,AIRTR,0.21,18713.216,3,3,18713.216,0.0,0.0,0.0,0.0,89110.552381
1745800,IT,JP,WEARI,PLAS1,0.14,18712.785,4,4,18712.781,0.0,0.0,0.0,0.004,133662.75
1660959,IT,DE,BUSIN,LIQUI,0.19,18712.042,3,3,18712.042,0.0,0.0,0.0,0.0,98484.431579
1649255,IT,BG,HEAVY,HEAVY,0.03,18711.792,4,4,18711.79,0.0,0.0,0.0,0.002,623726.4
1781968,IT,NO,RUBBE,FORES,0.06,18711.778,4,4,18711.776,0.0,0.0,0.0,0.002,311862.966667
1728477,IT,SE,LEATH,RESEA,0.13,18710.375,4,4,18710.372,0.0,0.0,0.0,0.003,143925.961538
1752969,IT,CA,CHEM1,BITUM,0.04,18710.346,4,4,18710.344,0.0,0.0,0.0,0.002,467758.65
1760750,IT,IN,PRINT,PAPER,0.18,18710.333,3,3,18710.333,0.0,0.0,0.0,0.0,103946.294444
1720821,IT,PL,FURNI,CEMEN,0.06,18709.295,4,4,18709.293,0.0,0.0,0.0,0.002,311821.583333
1794533,IT,WL,HEAVY,FORES,0.03,18709.255,4,4,18709.253,0.0,0.0,0.0,0.002,623641.833333
1729518,IT,SE,LEAD1,PLAST,0.03,18708.565,4,4,18708.563,0.0,0.0,0.0,0.002,623618.833333
1733009,IT,SI,LEAD1,SECO9,0.03,18705.965,4,4,18705.963,0.0,0.0,0.0,0.002,623532.166667
1709988,IT,LT,PREC1,HOTEL,0.03,18705.892,3,3,18705.892,0.0,0.0,0.0,0.0,623529.733333
1737092,IT,GB,CHEMI,MEMBE,0.04,18705.465,5,5,18704.463,0.0,0.0,1.0,0.002,467636.625
1789095,IT,WA,BITU1,RETA1,0.03,18705.353,3,3,18705.353,0.0,0.0,0.0,0.0,623511.766667
1678611,IT,GR,STONE,CEMEN,0.06,18704.283,4,4,18703.283,0.0,0.0,1.0,0.0,311738.05
1733647,IT,SI,HOTEL,SALEM,0.14,18704.206,3,3,18704.206,0.0,0.0,0.0,0.0,133601.471429
1762277,IT,IN,AIRTR,MEDIC,0.02,18703.696,3,3,18703.696,0.0,0.0,0.0,0.0,935184.8
1712247,IT,LV,PAPER,HEALT,0.07,18702.624,4,4,18702.622,0.0,0.0,0.0,0.002,267180.342857
1728806,IT,SE,NAPHT,RENTI,0.03,18701.525,3,3,18701.525,0.0,0.0,0.0,0.0,623384.166667
1737045,IT,GB,SANDC,RUBBE,0.04,18701.033,4,4,18697.033,0.0,0.0,4.0,0.0,467525.825
1812410,IT,WM,PREC1,LEADZ,0.03,18699.579,3,3,18699.579,0.0,0.0,0.0,0.0,623319.3
1656609,IT,DE,PRINT,MEDIC,0.18,18699.475,3,3,18699.475,0.0,0.0,0.0,0.0,103885.972222
1673412,IT,FR,WEARI,HEAVY,0.14,18697.713,4,4,18697.709,0.0,0.0,0.0,0.004,133555.092857
1775162,IT,CH,RESEA,TEXTI,0.1,18697.705,3,3,18697.705,0.0,0.0,0.0,0.0,186977.05
1759066,IT,BR,SEACO,RADIO,0.02,18697.048,3,3,18697.048,0.0,0.0,0.0,0.0,934852.4
1684944,IT,HU,MEATP,FISH5,0.08,18695.371,4,4,18695.369,0.0,0.0,0.0,0.002,233692.1375
1806291,IT,WF,MACHI,INLAN,0.1,18694.969,4,4,18694.967,0.0,0.0,0.0,0.002,186949.69
1733469,IT,SI,SALEM,SEACO,0.15,18693.936,3,3,18693.936,0.0,0.0,0.0,0.0,124626.24
1802356,IT,WE,SEACO,WOODW,0.02,18692.778,3,3,18692.778,0.0,0.0,0.0,0.0,934638.9
1727201,IT,RO,SUPPO,OILSE,0.13,18692.43,3,3,18692.43,0.0,0.0,0.0,0.0,143787.923077
1733945,IT,SI,SUPPO,ALUM1,0.13,18691.556,3,3,18691.556,0.0,0.0,0.0,0.0,143781.2
1676717,IT,FR,RAILW,REALE,0.13,18690.746,3,3,18690.746,0.0,0.0,0.0,0.0,143774.969231
1727620,IT,RO,REALE,RECRE,0.79,18689.371,3,3,18689.371,0.0,0.0,0.0,0.0,23657.431646
1730388,IT,SE,POSTT,FORES,0.31,18688.875,3,3,18688.875,0.0,0.0,0.0,0.0,60286.693548
1685962,IT,HU,BIOGA,KEROS,0.04,18687.442,4,4,18687.44,0.0,0.0,0.0,0.002,467186.05
1784603,IT,ID,MACHI,FOUND,0.1,18687.267,4,4,18687.265,0.0,0.0,0.0,0.002,186872.67
1780328,IT,TW,AIRTR,MEAT4,0.02,18686.964,3,3,18686.964,0.0,0.0,0.0,0.0,934348.2
1724355,IT,PT,SEACO,PREC1,0.02,18686.846,3,3,18686.846,0.0,0.0,0.0,0.0,934342.3
1776238,IT,TR,WOODW,MEMBE,0.05,18685.745,3,3,18685.745,0.0,0.0,0.0,0.0,373714.9
1736513,IT,SK,AIRTR,DIST1,0.02,18684.409,3,3,18684.409,0.0,0.0,0.0,0.0,934220.45
1744002,IT,US,AIRTR,CERAM,0.02,18682.662,3,3,18682.662,0.0,0.0,0.0,0.0,934133.1
1805896,IT,WF,ALUM1,SALEM,0.03,18681.586,3,3,18681.586,0.0,0.0,0.0,0.0,622719.533333
1735292,IT,SK,GLASS,TRANS,0.05,18681.263,3,3,18681.263,0.0,0.0,0.0,0.0,373625.26
1801468,IT,WE,MOTO1,COKEO,0.1,18680.421,3,3,18680.421,0.0,0.0,0.0,0.0,186804.21
1662287,IT,DK,NONME,DAIRY,0.04,18680.284,4,4,18680.282,0.0,0.0,0.0,0.002,467007.1
1794929,IT,WL,CHEM1,COKEO,0.04,18679.4,4,4,18679.398,0.0,0.0,0.0,0.002,466985.0
1688933,IT,IE,FABRI,CEMEN,0.08,18679.108,3,3,18679.108,0.0,0.0,0.0,0.0,233488.85
1765380,IT,RU,BEVER,SUPPO,0.08,18678.71,3,3,18678.71,0.0,0.0,0.0,0.0,233483.875
1771500,IT,CH,BEVER,MEMBE,0.08,18678.441,3,3,18678.441,0.0,0.0,0.0,0.0,233480.5125
1790441,IT,WA,LEAD1,BUSIN,0.03,18678.441,4,4,18678.439,0.0,0.0,0.0,0.002,622614.7
1734721,IT,SK,LEATH,TRANS,0.13,18678.226,4,4,18678.223,0.0,0.0,0.0,0.003,143678.661538
1779581,IT,TR,COMPU,TRANS,0.21,18678.023,3,3,18678.023,0.0,0.0,0.0,0.0,88942.966667
1689537,IT,IE,SEACO,MACHI,0.02,18677.875,3,3,18677.875,0.0,0.0,0.0,0.0,933893.75
1730639,IT,SE,RENTI,FURNI,0.11,18677.713,3,3,18677.713,0.0,0.0,0.0,0.0,169797.390909
1752257,IT,CA,FORES,PULP5,0.16,18677.642,4,4,18670.642,0.0,7.0,0.0,0.0,116735.2625
1684300,IT,HR,AIRTR,RESEA,0.02,18677.5,3,3,18677.5,0.0,0.0,0.0,0.0,933875.0
1812830,IT,WM,FABRI,LUBRI,0.08,18677.367,3,3,18677.367,0.0,0.0,0.0,0.0,233467.0875
1751503,IT,CN,SUPPO,MEAT1,0.13,18677.318,3,3,18677.318,0.0,0.0,0.0,0.0,143671.676923
1654760,IT,CZ,AIRTR,POSTT,0.02,18676.982,3,3,18676.982,0.0,0.0,0.0,0.0,933849.1
1765434,IT,RU,TEXTI,FOUND,0.11,18676.849,4,4,18676.847,0.0,0.0,0.0,0.002,169789.536364
1669395,IT,ES,INSUR,PRINT,0.38,18676.054,3,3,18676.054,0.0,0.0,0.0,0.0,49147.510526
1640386,IT,AT,MEAT1,NFERT,0.09,18675.363,4,4,18675.361,0.0,0.0,0.0,0.002,207504.033333
1710814,IT,LU,PAPER,TOBAC,0.07,18674.763,4,4,18674.761,0.0,0.0,0.0,0.002,266782.328571
1680989,IT,GR,INLAN,BUSIN,0.03,18674.655,3,3,18674.655,0.0,0.0,0.0,0.0,622488.5
1768814,IT,AU,LEATH,PAPER,0.13,18673.747,4,4,18673.744,0.0,0.0,0.0,0.003,143644.207692
1651862,IT,CY,AIRTR,AUXIL,0.02,18673.405,3,3,18673.405,0.0,0.0,0.0,0.0,933670.25
1800086,IT,WE,NAPHT,SUGA1,0.03,18672.804,3,3,18672.804,0.0,0.0,0.0,0.0,622426.8
1805356,IT,WF,RUBBE,PULP5,0.06,18670.197,4,4,18670.195,0.0,0.0,0.0,0.002,311169.95
1795502,IT,WL,ALUM1,WOODW,0.03,18670.085,3,3,18670.085,0.0,0.0,0.0,0.0,622336.166667
1650219,IT,BG,FURNI,COPPE,0.06,18669.771,4,4,18669.769,0.0,0.0,0.0,0.002,311162.85
1681111,IT,GR,SUPPO,CONST,0.13,18669.661,3,3,18669.661,0.0,0.0,0.0,0.0,143612.776923
1785798,IT,ZA,CHEM1,MEAT1,0.04,18669.554,4,4,18669.552,0.0,0.0,0.0,0.002,466738.85
1776477,IT,TR,MOTOR,ALUM1,0.03,18668.732,4,4,18668.73,0.0,0.0,0.0,0.002,622291.066667
1775586,IT,CH,RECRE,OFFIC,0.24,18668.602,3,3,18668.602,0.0,0.0,0.0,0.0,77785.841667
1641318,IT,AT,KEROS,OILSE,0.03,18667.023,4,4,18667.021,0.0,0.0,0.0,0.002,622234.1
1649604,IT,BG,GLASS,DAIRY,0.05,18666.991,3,3,18666.991,0.0,0.0,0.0,0.0,373339.82
1795323,IT,WL,NONME,GASDI,0.04,18666.543,4,4,18666.541,0.0,0.0,0.0,0.002,466663.575
1763762,IT,MX,GLASS,MEDIC,0.05,18665.751,3,3,18665.751,0.0,0.0,0.0,0.0,373315.02
1788815,IT,WA,KEROS,COMPU,0.03,18665.649,4,4,18665.647,0.0,0.0,0.0,0.002,622188.3
1730036,IT,SE,WHOLE,CEMEN,0.16,18665.57,3,3,18665.57,0.0,0.0,0.0,0.0,116659.8125
1771663,IT,CH,WEARI,MOTO1,0.14,18665.351,4,4,18665.347,0.0,0.0,0.0,0.004,133323.935714
1728836,IT,SE,PLAST,CEMEN,0.04,18664.557,4,4,18664.555,0.0,0.0,0.0,0.002,466613.925
1685254,IT,HU,TEXTI,BASIC,0.11,18664.507,4,4,18664.505,0.0,0.0,0.0,0.002,169677.336364
1716947,IT,NL,RAILW,OFFIC,0.12,18663.198,3,3,18663.198,0.0,0.0,0.0,0.0,155526.65
1686153,IT,HU,RUBBE,RECRE,0.06,18662.787,4,4,18662.785,0.0,0.0,0.0,0.002,311046.45
1751135,IT,CN,RETA1,BUSIN,0.19,18661.063,3,3,18661.063,0.0,0.0,0.0,0.0,98216.121053
1799450,IT,WE,PAPER,COKEO,0.07,18660.661,4,4,18660.659,0.0,0.0,0.0,0.002,266580.871429
1791436,IT,WA,WHOLE,PLAST,0.16,18660.62,3,3,18660.62,0.0,0.0,0.0,0.0,116628.875
1760093,IT,BR,OILHA,WOOD2,0.11,18659.531,3,3,18659.531,0.0,0.0,0.0,0.0,169632.1
1800782,IT,WE,BASIC,RAWMI,0.02,18658.482,3,3,18658.482,0.0,0.0,0.0,0.0,932924.1
1748906,IT,CN,WEARI,BRICK,0.14,18657.03,4,4,18657.026,0.0,0.0,0.0,0.004,133264.5
1741119,IT,US,WEARI,ELEC2,0.14,18656.921,4,4,18656.917,0.0,0.0,0.0,0.004,133263.721429
1728649,IT,SE,PRINT,FABRI,0.18,18655.684,3,3,18655.684,0.0,0.0,0.0,0.0,103642.688889
1772265,IT,CH,NAPHT,HEAVY,0.03,18655.489,3,3,18655.489,0.0,0.0,0.0,0.0,621849.633333
1741196,IT,US,WOODW,VEGET,0.05,18654.798,3,3,18654.798,0.0,0.0,0.0,0.0,373095.96
1688411,IT,IE,BEVER,BEVER,0.08,18651.237,3,3,18651.237,0.0,0.0,0.0,0.0,233140.4625
1642307,IT,AT,BASIC,LEATH,0.02,18651.105,3,3,18651.105,0.0,0.0,0.0,0.0,932555.25
1757540,IT,BR,MOTOR,COKEO,0.03,18650.379,4,4,18650.377,0.0,0.0,0.0,0.002,621679.3
1686098,IT,HU,RUBBE,FOUND,0.06,18649.83,4,4,18649.828,0.0,0.0,0.0,0.002,310830.5
1689126,IT,IE,SALEM,PRINT,0.15,18649.215,3,3,18649.215,0.0,0.0,0.0,0.0,124328.1
1681353,IT,GR,INSUR,SUPPO,0.38,18648.222,3,3,18648.222,0.0,0.0,0.0,0.0,49074.268421
1681802,IT,HR,MEATP,HOTEL,0.08,18647.842,4,4,18647.84,0.0,0.0,0.0,0.002,233098.025
1742077,IT,US,RUBBE,LIQUE,0.06,18647.564,4,4,18647.562,0.0,0.0,0.0,0.002,310792.733333
1735735,IT,SK,FABRI,PUBLI,0.08,18647.22,3,3,18647.22,0.0,0.0,0.0,0.0,233090.25
1655067,IT,CZ,COMPU,MACHI,0.21,18647.003,3,3,18647.003,0.0,0.0,0.0,0.0,88795.252381
1805452,IT,WF,GLASS,LIQUE,0.05,18646.647,3,3,18646.647,0.0,0.0,0.0,0.0,372932.94
1811796,IT,WM,ADDIT,INLAN,0.04,18645.777,3,3,18645.777,0.0,0.0,0.0,0.0,466144.425
1679876,IT,GR,COPP1,PLAST,0.05,18645.737,3,3,18645.737,0.0,0.0,0.0,0.0,372914.74
1679138,IT,GR,PAPER,ELEC5,0.07,18645.613,4,4,18645.611,0.0,0.0,0.0,0.002,266365.9
1814242,IT,WM,POSTT,PRINT,0.31,18645.237,3,3,18645.237,0.0,0.0,0.0,0.0,60145.925806
1641375,IT,AT,KEROS,INLAN,0.03,18644.736,4,4,18644.734,0.0,0.0,0.0,0.002,621491.2
1729265,IT,SE,CEMEN,WOODW,0.03,18644.635,3,3,18644.635,0.0,0.0,0.0,0.0,621487.833333
1658894,IT,DE,TRANS,93197,0.11,18643.596,3,3,18643.596,0.0,0.0,0.0,0.0,169487.236364
1803967,IT,WF,LEATH,LEADZ,0.13,18642.581,4,4,18642.578,0.0,0.0,0.0,0.003,143404.469231
1721287,IT,PL,LANDT,RETAI,0.12,18641.773,3,3,18641.773,0.0,0.0,0.0,0.0,155348.108333
1749434,IT,CN,GASDI,CRUDE,0.03,18641.77,4,4,18641.768,0.0,0.0,0.0,0.002,621392.333333
1748695,IT,CN,FOOD5,CHEM1,0.09,18641.264,4,4,18641.262,0.0,0.0,0.0,0.002,207125.155556
1807781,IT,WF,FOODW,CATTL,0.14,18641.197,3,3,18641.197,0.0,0.0,0.0,0.0,133151.407143
1769462,IT,AU,BASIC,PLANT,0.02,18640.716,3,3,18640.716,0.0,0.0,0.0,0.0,932035.8
1683105,IT,HR,RUBBE,RADIO,0.06,18639.513,4,4,18639.511,0.0,0.0,0.0,0.002,310658.55
1673917,IT,FR,MOTOR,MOTO1,0.03,18638.18,4,4,18638.178,0.0,0.0,0.0,0.002,621272.666667
1641495,IT,AT,HEAVY,RAWMI,0.03,18637.361,3,3,18637.361,0.0,0.0,0.0,0.0,621245.366667
1656296,IT,DE,LEATH,CEMEN,0.13,18636.821,4,4,18636.818,0.0,0.0,0.0,0.003,143360.161538
1764603,IT,MX,WHOLE,FINAN,0.16,18636.68,3,3,18636.68,0.0,0.0,0.0,0.0,116479.25
1766616,IT,RU,FABRI,DAIRY,0.08,18635.404,3,3,18635.404,0.0,0.0,0.0,0.0,232942.55
1683420,IT,HR,BASIC,DISTR,0.02,18634.638,3,3,18634.638,0.0,0.0,0.0,0.0,931731.9
1723777,IT,PT,OFFIC,PLAST,0.06,18634.471,3,3,18634.471,0.0,0.0,0.0,0.0,310574.516667
1805279,IT,WF,ADDIT,RAWMI,0.04,18633.803,3,3,18633.803,0.0,0.0,0.0,0.0,465845.075
1770345,IT,AU,RAILW,LEATH,0.12,18633.589,3,3,18633.589,0.0,0.0,0.0,0.0,155279.908333
1786668,IT,ZA,WHOLE,ELECT,0.16,18633.342,3,3,18633.342,0.0,0.0,0.0,0.0,116458.3875
1761131,IT,IN,CHEM1,LUBRI,0.04,18632.074,4,4,18632.072,0.0,0.0,0.0,0.002,465801.85
1727036,IT,RO,RAILW,MOTOR,0.12,18631.719,3,3,18631.719,0.0,0.0,0.0,0.0,155264.325
1681238,IT,GR,FINAN,GASDI,0.24,18630.461,3,3,18630.461,0.0,0.0,0.0,0.0,77626.920833
1783073,IT,NO,INSUR,MOTO1,0.38,18629.724,3,3,18629.724,0.0,0.0,0.0,0.0,49025.589474
1770969,IT,CH,VEGET,COLLE,0.07,18628.77,3,3,18628.77,0.0,0.0,0.0,0.0,266125.285714
1794029,IT,WL,PULP5,PAPER,0.06,18628.622,4,4,18628.62,0.0,0.0,0.0,0.002,310477.033333
1709972,IT,LT,BASIC,MEMBE,0.02,18628.157,3,3,18628.157,0.0,0.0,0.0,0.0,931407.85
1683643,IT,HR,FABRI,NONME,0.08,18628.0,3,3,18628.0,0.0,0.0,0.0,0.0,232850.0
1687081,IT,HU,MOTO1,RETAI,0.1,18627.808,3,3,18627.808,0.0,0.0,0.0,0.0,186278.08
1642590,IT,AT,FABRI,STONE,0.08,18627.614,3,3,18627.614,0.0,0.0,0.0,0.0,232845.175
1644823,IT,BE,TEXTI,FABRI,0.11,18627.548,4,4,18627.546,0.0,0.0,0.0,0.002,169341.345455
1779947,IT,TW,CONST,CONST,0.1,18627.42,3,3,18627.42,0.0,0.0,0.0,0.0,186274.2
1682043,IT,HR,FISH5,CROPS,0.08,18627.016,4,4,18627.006,0.0,0.0,0.0,0.01,232837.7
1784467,IT,ID,LEAD1,LEAD1,0.03,18626.373,4,4,18626.371,0.0,0.0,0.0,0.002,620879.1
1674910,IT,FR,BASIC,MEATC,0.02,18625.836,3,3,18625.836,0.0,0.0,0.0,0.0,931291.8
1730392,IT,SE,POSTT,PRECI,0.31,18624.803,3,3,18624.803,0.0,0.0,0.0,0.0,60080.009677
1666452,IT,ES,NONSP,NAPHT,0.02,18624.118,3,3,18624.118,0.0,0.0,0.0,0.0,931205.9
1679650,IT,GR,GLASS,MACHI,0.05,18623.204,3,3,18623.204,0.0,0.0,0.0,0.0,372464.08
1672470,IT,FI,FOOD3,BUSIN,0.05,18622.957,3,3,18622.957,0.0,0.0,0.0,0.0,372459.14
1811784,IT,WM,ADDIT,BIOG1,0.04,18621.58,3,3,18621.58,0.0,0.0,0.0,0.0,465539.5
1739554,IT,GB,TRAN2,HEAVY,0.03,18620.974,3,3,18620.974,0.0,0.0,0.0,0.0,620699.133333
1747463,IT,JP,SEACO,REFIN,0.02,18620.783,3,3,18620.783,0.0,0.0,0.0,0.0,931039.15
1654725,IT,CZ,LANDT,93197,0.12,18620.414,3,3,18620.414,0.0,0.0,0.0,0.0,155170.116667
1643985,IT,AT,COMPU,AUXIL,0.21,18619.508,3,3,18619.508,0.0,0.0,0.0,0.0,88664.32381
1749753,IT,CN,ADDIT,WHITE,0.04,18618.439,3,3,18618.439,0.0,0.0,0.0,0.0,465460.975
1786692,IT,ZA,WHOLE,RECRE,0.16,18617.237,3,3,18617.237,0.0,0.0,0.0,0.0,116357.73125
1734984,IT,SK,PARAF,BUSIN,0.03,18616.984,3,3,18616.984,0.0,0.0,0.0,0.0,620566.133333
1726576,IT,RO,OFFIC,INSUR,0.06,18616.8,3,3,18616.8,0.0,0.0,0.0,0.0,310280.0
1775161,IT,CH,RESEA,TOBAC,0.1,18614.096,3,3,18614.096,0.0,0.0,0.0,0.0,186140.96
1784336,IT,ID,RUBBE,WEARI,0.06,18613.069,4,4,18613.067,0.0,0.0,0.0,0.002,310217.816667
1757439,IT,BR,PAPER,SUGA1,0.07,18610.895,4,4,18610.893,0.0,0.0,0.0,0.002,265869.928571
1727168,IT,RO,LANDT,WASTE,0.12,18610.731,3,3,18610.731,0.0,0.0,0.0,0.0,155089.425
1658089,IT,DE,ALUM1,LIGNI,0.03,18610.607,3,3,18610.607,0.0,0.0,0.0,0.0,620353.566667
1661525,IT,DK,FOOD5,RENTI,0.09,18606.628,4,4,18606.626,0.0,0.0,0.0,0.002,206740.311111
1787275,IT,WA,VEGET,RETA1,0.07,18606.009,3,3,18606.009,0.0,0.0,0.0,0.0,265800.128571
1805934,IT,WF,LEAD1,CHARC,0.03,18605.363,4,4,18605.361,0.0,0.0,0.0,0.002,620178.766667
1779382,IT,TR,AUXIL,RETA1,0.34,18605.202,3,3,18605.202,0.0,0.0,0.0,0.0,54721.182353
1784164,IT,ID,PAPER,FABRI,0.07,18604.606,4,4,18604.604,0.0,0.0,0.0,0.002,265780.085714
1716822,IT,NL,HOTEL,CRUDE,0.13,18604.082,3,3,18604.082,0.0,0.0,0.0,0.0,143108.323077
1772723,IT,CH,BRICK,MACHI,0.03,18603.664,3,3,18603.664,0.0,0.0,0.0,0.0,620122.133333
1782147,IT,NO,NONME,PULP5,0.04,18603.36,4,4,18603.358,0.0,0.0,0.0,0.002,465084.0
1790659,IT,WA,FABRI,BIODI,0.08,18602.831,3,3,18602.831,0.0,0.0,0.0,0.0,232535.3875
1750411,IT,CN,FABRI,INLAN,0.08,18602.067,3,3,18602.067,0.0,0.0,0.0,0.0,232525.8375
1751812,IT,CN,AUXIL,BUSIN,0.34,18602.057,3,3,18602.057,0.0,0.0,0.0,0.0,54711.932353
1657572,IT,DE,GLASS,COPP1,0.05,18601.688,3,3,18601.688,0.0,0.0,0.0,0.0,372033.76
1734334,IT,SI,BUSIN,SUPPO,0.19,18601.285,3,3,18601.285,0.0,0.0,0.0,0.0,97901.5
1666331,IT,ES,LIQUE,ELEC8,0.03,18600.024,3,3,18600.024,0.0,0.0,0.0,0.0,620000.8
1777532,IT,TR,BASIC,SEACO,0.02,18599.859,3,3,18599.859,0.0,0.0,0.0,0.0,929992.95
1753178,IT,CA,GLASS,WHITE,0.05,18599.521,3,3,18599.521,0.0,0.0,0.0,0.0,371990.42
1773884,IT,CH,ELEC7,BUSIN,0.01,18598.872,3,3,18598.872,0.0,0.0,0.0,0.0,1859887.2
1751449,IT,CN,AIRTR,GLASS,0.02,18598.868,3,3,18598.868,0.0,0.0,0.0,0.0,929943.4
1784328,IT,ID,RUBBE,FISHF,0.06,18598.788,4,4,18598.786,0.0,0.0,0.0,0.002,309979.8
1660281,IT,DE,POSTT,RETAI,0.31,18597.648,3,3,18597.648,0.0,0.0,0.0,0.0,59992.412903
1749513,IT,CN,PETRO,MEDIC,0.03,18597.062,3,3,18597.062,0.0,0.0,0.0,0.0,619902.066667
1714894,IT,NL,BEVER,HEAVY,0.08,18596.45,3,3,18596.45,0.0,0.0,0.0,0.0,232455.625
1783695,IT,NO,WASTE,PAPE4,0.06,18596.171,3,3,18596.171,0.0,0.0,0.0,0.0,309936.183333
1657454,IT,DE,RUBBE,ELEC4,0.06,18595.705,4,4,18595.703,0.0,0.0,0.0,0.002,309928.416667
1796722,IT,WL,LANDT,VEGET,0.12,18595.632,3,3,18595.632,0.0,0.0,0.0,0.0,154963.6
1748366,IT,CN,OILSE,BASIC,0.01,18594.852,3,3,18594.852,0.0,0.0,0.0,0.0,1859485.2
1750663,IT,CN,MOTO1,GASDI,0.1,18594.827,3,3,18594.827,0.0,0.0,0.0,0.0,185948.27
1649215,IT,BG,MOTOR,SUPPO,0.03,18594.227,4,4,18594.225,0.0,0.0,0.0,0.002,619807.566667
1653147,IT,CZ,CHEM1,ELEC2,0.04,18594.175,4,4,18594.173,0.0,0.0,0.0,0.002,464854.375
1813319,IT,WM,FURNI,CEREA,0.06,18593.782,4,4,18593.78,0.0,0.0,0.0,0.002,309896.366667
1760888,IT,IN,GASDI,FURNI,0.03,18593.327,4,4,18593.325,0.0,0.0,0.0,0.002,619777.566667
1684879,IT,HU,SANDC,RUBBE,0.04,18593.076,4,4,18589.076,0.0,0.0,4.0,0.0,464826.9
1646098,IT,BE,BASIC,RETA1,0.02,18592.819,3,3,18592.819,0.0,0.0,0.0,0.0,929640.95
1690434,IT,IE,FOOD4,BUSIN,0.13,18591.959,3,3,18591.959,0.0,0.0,0.0,0.0,143015.069231
1653269,IT,CZ,RUBBE,COLLE,0.06,18591.678,4,4,18591.676,0.0,0.0,0.0,0.002,309861.3
1811213,IT,WM,WHITE,MEAT4,0.1,18591.582,3,3,18591.582,0.0,0.0,0.0,0.0,185915.82
1641308,IT,AT,MOTOR,WASTE,0.03,18591.559,4,4,18591.557,0.0,0.0,0.0,0.002,619718.633333
1788767,IT,WA,MOTOR,FOOD3,0.03,18590.792,4,4,18590.79,0.0,0.0,0.0,0.002,619693.066667
1732159,IT,SI,GASDI,TRAN1,0.03,18590.625,4,4,18590.623,0.0,0.0,0.0,0.002,619687.5
1725216,IT,RO,FOOD5,ANIMA,0.09,18590.567,4,4,18590.565,0.0,0.0,0.0,0.002,206561.855556
1733714,IT,SI,RAILW,BUSIN,0.12,18590.105,3,3,18590.105,0.0,0.0,0.0,0.0,154917.541667
1654071,IT,CZ,MACHI,WOOD2,0.1,18590.051,4,4,18590.049,0.0,0.0,0.0,0.002,185900.51
1766375,IT,RU,BASIC,TOBAC,0.02,18589.202,3,3,18589.202,0.0,0.0,0.0,0.0,929460.1
1785881,IT,ZA,ADDIT,CEMEN,0.04,18588.932,3,3,18588.932,0.0,0.0,0.0,0.0,464723.3
1729829,IT,SE,OFFIC,AIRTR,0.06,18588.6,3,3,18588.6,0.0,0.0,0.0,0.0,309810.0
1674996,IT,FR,PREC1,RUBBE,0.03,18588.454,3,3,18588.454,0.0,0.0,0.0,0.0,619615.133333
1799003,IT,WE,TEXTI,VEGE1,0.11,18587.95,4,4,18587.948,0.0,0.0,0.0,0.002,168981.363636
1716503,IT,NL,OFFIC,AUXIL,0.06,18587.713,3,3,18587.713,0.0,0.0,0.0,0.0,309795.216667
1746915,IT,JP,MOTO1,KERO1,0.1,18586.872,3,3,18586.872,0.0,0.0,0.0,0.0,185868.72
1805861,IT,WF,ALUM1,LEATH,0.03,18585.216,3,3,18585.216,0.0,0.0,0.0,0.0,619507.2
1644947,IT,BE,WOODW,GASDI,0.05,18584.423,3,3,18584.423,0.0,0.0,0.0,0.0,371688.46
1722505,IT,PT,FOOD5,WOODW,0.09,18584.387,4,4,18584.385,0.0,0.0,0.0,0.002,206493.188889
1650866,IT,BG,LANDT,RAILW,0.12,18582.69,3,3,18582.69,0.0,0.0,0.0,0.0,154855.75
1682464,IT,HR,PAPER,AUXIL,0.07,18581.923,4,4,18581.921,0.0,0.0,0.0,0.002,265456.042857
1742652,IT,US,COPP1,MEDIC,0.05,18581.763,3,3,18581.763,0.0,0.0,0.0,0.0,371635.26
1719084,IT,PL,PARAF,PUBLI,0.03,18580.486,3,3,18580.486,0.0,0.0,0.0,0.0,619349.533333
1807095,IT,WF,SEACO,RAILW,0.02,18579.952,3,3,18579.952,0.0,0.0,0.0,0.0,928997.6
1729124,IT,SE,GLASS,LEADZ,0.05,18579.681,3,3,18579.681,0.0,0.0,0.0,0.0,371593.62
1814098,IT,WM,AIRTR,ETHAN,0.02,18578.426,3,3,18578.426,0.0,0.0,0.0,0.0,928921.3
1792689,IT,WA,RESEA,BUSIN,0.1,18578.023,3,3,18578.023,0.0,0.0,0.0,0.0,185780.23
1715484,IT,NL,KEROS,RENTI,0.03,18576.792,4,4,18576.79,0.0,0.0,0.0,0.002,619226.4
1656441,IT,DE,PULP5,MACHI,0.06,18576.679,4,4,18576.677,0.0,0.0,0.0,0.002,309611.316667
1649443,IT,BG,CHEM1,ELEC4,0.04,18575.896,4,4,18575.894,0.0,0.0,0.0,0.002,464397.4
1806947,IT,WF,LANDT,CEREA,0.12,18575.764,3,3,18575.764,0.0,0.0,0.0,0.0,154798.033333
1663157,IT,DK,LANDT,PRINT,0.12,18575.478,3,3,18575.478,0.0,0.0,0.0,0.0,154795.65
1652538,IT,CZ,WEARI,SEWAG,0.14,18575.373,4,4,18575.369,0.0,0.0,0.0,0.004,132681.235714
1679963,IT,GR,FABRI,RADIO,0.08,18574.087,3,3,18574.087,0.0,0.0,0.0,0.0,232176.0875
1747352,IT,JP,RETA1,BASIC,0.19,18573.629,3,3,18573.629,0.0,0.0,0.0,0.0,97755.942105
1769759,IT,AU,MACHI,NONSP,0.1,18573.426,4,4,18573.424,0.0,0.0,0.0,0.002,185734.26
1784962,IT,ID,INSUR,MACHI,0.38,18572.565,3,3,18572.565,0.0,0.0,0.0,0.0,48875.171053
1653794,IT,CZ,COPP1,FOOD3,0.05,18572.489,3,3,18572.489,0.0,0.0,0.0,0.0,371449.78
1771232,IT,CH,VEGE1,NONME,0.06,18571.669,4,4,18571.665,0.0,0.0,0.0,0.004,309527.816667
1664467,IT,EE,OFFIC,NONF1,0.06,18571.463,3,3,18571.463,0.0,0.0,0.0,0.0,309524.383333
1714383,IT,NL,CEREA,RAWMI,0.03,18571.002,3,3,18571.002,0.0,0.0,0.0,0.0,619033.4
1662596,IT,DK,FABRI,TRAN2,0.08,18569.901,3,3,18569.901,0.0,0.0,0.0,0.0,232123.7625
1645836,IT,BE,GLASS,MEAT1,0.05,18569.717,3,3,18569.717,0.0,0.0,0.0,0.0,371394.34
1673572,IT,FR,WOODW,ANIMA,0.05,18569.06,3,3,18569.06,0.0,0.0,0.0,0.0,371381.2
1740083,IT,GB,RENTI,PLAS2,0.11,18568.244,3,3,18568.244,0.0,0.0,0.0,0.0,168802.218182
1809938,IT,WM,BEVER,PRIVA,0.08,18568.223,3,3,18568.223,0.0,0.0,0.0,0.0,232102.7875
1756335,IT,KR,MOTO1,EDUCA,0.1,18567.504,3,3,18567.504,0.0,0.0,0.0,0.0,185675.04
1812587,IT,WM,LEAD1,HEAVY,0.03,18565.609,4,4,18565.607,0.0,0.0,0.0,0.002,618853.633333
1774243,IT,CH,RETA1,RAILW,0.19,18565.491,3,3,18565.491,0.0,0.0,0.0,0.0,97713.110526
1724212,IT,PT,HOTEL,COMPU,0.13,18564.56,3,3,18564.56,0.0,0.0,0.0,0.0,142804.307692
1747851,IT,JP,RENTI,TEXTI,0.11,18564.445,3,3,18564.445,0.0,0.0,0.0,0.0,168767.681818
1711684,IT,LU,BUSIN,POULT,0.19,18564.348,3,3,18564.348,0.0,0.0,0.0,0.0,97707.094737
1682765,IT,HR,HEAVY,VEGET,0.03,18564.074,3,3,18564.074,0.0,0.0,0.0,0.0,618802.466667
1724337,IT,PT,SEACO,SANDC,0.02,18562.142,3,3,18562.142,0.0,0.0,0.0,0.0,928107.1
1805928,IT,WF,LEAD1,SANDC,0.03,18562.009,4,4,18562.007,0.0,0.0,0.0,0.002,618733.633333
1713333,IT,MT,KERO1,BUSIN,0.03,18561.952,4,4,18561.95,0.0,0.0,0.0,0.002,618731.733333
1687243,IT,HU,WHOLE,DAIRY,0.16,18561.408,3,3,18561.408,0.0,0.0,0.0,0.0,116008.8
1797136,IT,WL,POSTT,NONME,0.31,18560.927,3,3,18560.927,0.0,0.0,0.0,0.0,59873.958065
1766437,IT,RU,BASIC,HEALT,0.02,18560.001,3,3,18560.001,0.0,0.0,0.0,0.0,928000.05
1760847,IT,IN,MOTOR,RENTI,0.03,18559.26,4,4,18559.258,0.0,0.0,0.0,0.002,618642.0
1760311,IT,IN,STONE,PFERT,0.06,18557.98,4,4,18556.98,0.0,0.0,1.0,0.0,309299.666667
1805879,IT,WF,ALUM1,NONME,0.03,18557.58,3,3,18557.58,0.0,0.0,0.0,0.0,618586.0
1806834,IT,WF,RETA1,ELEC2,0.19,18557.546,3,3,18557.546,0.0,0.0,0.0,0.0,97671.294737
1747477,IT,JP,SEACO,BRICK,0.02,18556.351,3,3,18556.351,0.0,0.0,0.0,0.0,927817.55
1667088,IT,ES,NONME,COMPU,0.04,18554.701,4,4,18554.699,0.0,0.0,0.0,0.002,463867.525
1757154,IT,BR,STONE,93197,0.06,18554.299,4,4,18553.299,0.0,0.0,1.0,0.0,309238.316667
1651768,IT,CY,MACHI,HEALT,0.1,18553.576,4,4,18553.574,0.0,0.0,0.0,0.002,185535.76
1744395,IT,US,INSUR,COMPU,0.38,18551.971,3,3,18551.971,0.0,0.0,0.0,0.0,48820.976316
1658432,IT,DE,FABRI,LIQUI,0.08,18551.568,3,3,18551.568,0.0,0.0,0.0,0.0,231894.6
1790106,IT,WA,BASIC,REFI1,0.02,18550.919,3,3,18550.919,0.0,0.0,0.0,0.0,927545.95
1756473,IT,KR,CONST,REALE,0.1,18549.781,3,3,18549.781,0.0,0.0,0.0,0.0,185497.81
1745989,IT,JP,WOODW,93197,0.05,18549.717,3,3,18549.717,0.0,0.0,0.0,0.0,370994.34
1804688,IT,WF,LIQUE,LIQUE,0.03,18549.694,3,3,18549.694,0.0,0.0,0.0,0.0,618323.133333
1714143,IT,MT,AIRTR,REALE,0.02,18548.035,3,3,18548.035,0.0,0.0,0.0,0.0,927401.75
1759706,IT,BR,BUSIN,NATUR,0.19,18546.947,3,3,18546.947,0.0,0.0,0.0,0.0,97615.510526
1804767,IT,WF,NAPHT,TOBAC,0.03,18544.716,3,3,18544.716,0.0,0.0,0.0,0.0,618157.2
1734762,IT,SK,WOODW,FISH5,0.05,18542.787,3,3,18542.787,0.0,0.0,0.0,0.0,370855.74
1723488,IT,PT,ALUM1,HOTEL,0.03,18541.371,3,3,18541.371,0.0,0.0,0.0,0.0,618045.7
1724539,IT,PT,POSTT,DIST1,0.31,18540.58,3,3,18540.58,0.0,0.0,0.0,0.0,59808.322581
1799507,IT,WE,PAPER,FINAN,0.07,18539.289,4,4,18539.287,0.0,0.0,0.0,0.002,264846.985714
1755108,IT,KR,LEATH,PRINT,0.13,18538.85,4,4,18538.847,0.0,0.0,0.0,0.003,142606.538462
1678661,IT,GR,MEAT4,MEATP,0.1,18538.822,3,3,18538.822,0.0,0.0,0.0,0.0,185388.22
1784098,IT,ID,LEATH,RENTI,0.13,18538.115,4,4,18538.112,0.0,0.0,0.0,0.003,142600.884615
1681016,IT,GR,AIRTR,ALUM1,0.02,18538.111,3,3,18538.111,0.0,0.0,0.0,0.0,926905.55
1682715,IT,HR,GASDI,BASIC,0.03,18538.069,4,4,18538.067,0.0,0.0,0.0,0.002,617935.633333
1653427,IT,CZ,NONME,FOOD5,0.04,18537.009,4,4,18537.007,0.0,0.0,0.0,0.002,463425.225
1757409,IT,BR,WOODW,MACHI,0.05,18536.812,3,3,18536.812,0.0,0.0,0.0,0.0,370736.24
1808198,IT,WF,OILHA,FINAN,0.11,18536.728,3,3,18536.728,0.0,0.0,0.0,0.0,168515.709091
1684802,IT,HU,FORES,CONST,0.16,18536.724,4,4,18529.724,0.0,7.0,0.0,0.0,115854.525
1654042,IT,CZ,MACHI,TRAN2,0.1,18535.743,4,4,18535.741,0.0,0.0,0.0,0.002,185357.43
1643329,IT,AT,RAILW,BIOGA,0.12,18535.504,3,3,18535.504,0.0,0.0,0.0,0.0,154462.533333
1728766,IT,SE,GASDI,PUBLI,0.03,18534.118,4,4,18534.116,0.0,0.0,0.0,0.002,617803.933333
1759783,IT,BR,BUSIN,ELEC6,0.19,18533.303,3,3,18533.303,0.0,0.0,0.0,0.0,97543.7
1776751,IT,TR,LIQUE,ELEC1,0.03,18531.941,3,3,18531.941,0.0,0.0,0.0,0.0,617731.366667
1661795,IT,DK,WOODW,FISH5,0.05,18531.306,3,3,18531.306,0.0,0.0,0.0,0.0,370626.12
1801557,IT,WE,TRANS,SUGA1,0.11,18530.642,3,3,18530.642,0.0,0.0,0.0,0.0,168460.381818
1808579,IT,WF,PAPE4,FINAN,0.12,18530.401,3,3,18530.401,0.0,0.0,0.0,0.0,154420.008333
1769354,IT,AU,GLASS,SUPPO,0.05,18529.266,3,3,18529.266,0.0,0.0,0.0,0.0,370585.32
1652081,IT,CZ,SANDC,MOTOR,0.04,18528.218,4,4,18524.218,0.0,0.0,4.0,0.0,463205.45
1674797,IT,FR,CEMEN,FISHF,0.03,18527.968,3,3,18527.968,0.0,0.0,0.0,0.0,617598.933333
1674513,IT,FR,RUBBE,CHEMI,0.06,18527.657,4,4,18527.655,0.0,0.0,0.0,0.002,308794.283333
1792725,IT,WA,BUSIN,PAPER,0.19,18527.636,3,3,18527.636,0.0,0.0,0.0,0.0,97513.873684
1769514,IT,AU,PREC1,FABRI,0.03,18527.086,3,3,18527.086,0.0,0.0,0.0,0.0,617569.533333
1764319,IT,MX,OFFIC,FOUND,0.06,18526.904,3,3,18526.904,0.0,0.0,0.0,0.0,308781.733333
1783647,IT,NO,FOOD3,TEXT1,0.05,18526.368,3,3,18526.368,0.0,0.0,0.0,0.0,370527.36
1744055,IT,US,AIRTR,INTER,0.02,18523.821,3,3,18523.821,0.0,0.0,0.0,0.0,926191.05
1786052,IT,ZA,CERAM,EDUCA,0.03,18523.644,3,3,18523.644,0.0,0.0,0.0,0.0,617454.8
1782223,IT,NO,BASIC,HOTEL,0.02,18523.595,3,3,18523.595,0.0,0.0,0.0,0.0,926179.75
1739740,IT,GB,SUPPO,PAPE1,0.13,18521.816,3,3,18521.816,0.0,0.0,0.0,0.0,142475.507692
1746369,IT,JP,RUBBE,LIQUE,0.06,18521.283,4,4,18521.281,0.0,0.0,0.0,0.002,308688.05
1746469,IT,JP,GLASS,BUSIN,0.05,18520.964,3,3,18520.964,0.0,0.0,0.0,0.0,370419.28
1803051,IT,WF,CEREA,LEATH,0.03,18520.449,3,3,18520.449,0.0,0.0,0.0,0.0,617348.3
1679337,IT,GR,PETRO,CHEM1,0.03,18520.284,3,3,18520.284,0.0,0.0,0.0,0.0,617342.8
1672223,IT,FI,REALE,GASDI,0.78,18519.874,3,3,18519.874,0.0,0.0,0.0,0.0,23743.428205
1651759,IT,CY,MACHI,FINAN,0.1,18518.398,4,4,18518.396,0.0,0.0,0.0,0.002,185183.98
1642477,IT,AT,ALUM1,OILHA,0.03,18518.086,3,3,18518.086,0.0,0.0,0.0,0.0,617269.533333
1769035,IT,AU,PRINT,PUBLI,0.18,18517.368,3,3,18517.368,0.0,0.0,0.0,0.0,102874.266667
1710049,IT,LT,FABRI,CROPS,0.08,18517.054,3,3,18517.054,0.0,0.0,0.0,0.0,231463.175
1679680,IT,GR,CERAM,ELECT,0.03,18516.959,3,3,18516.959,0.0,0.0,0.0,0.0,617231.966667
1790231,IT,WA,PREC1,BRICK,0.03,18515.768,3,3,18515.768,0.0,0.0,0.0,0.0,617192.266667
1658294,IT,DE,COPP1,SECO9,0.05,18515.495,3,3,18515.495,0.0,0.0,0.0,0.0,370309.9
1712292,IT,LV,CHEM1,CONST,0.04,18514.628,4,4,18514.626,0.0,0.0,0.0,0.002,462865.7
1756185,IT,KR,MACHI,NFERT,0.1,18513.96,4,4,18513.958,0.0,0.0,0.0,0.002,185139.6
1660007,IT,DE,INLAN,BASIC,0.03,18513.87,3,3,18513.87,0.0,0.0,0.0,0.0,617129.0
1730644,IT,SE,RENTI,COLLE,0.11,18513.226,3,3,18513.226,0.0,0.0,0.0,0.0,168302.054545
1742076,IT,US,RUBBE,HEAVY,0.06,18513.177,4,4,18513.175,0.0,0.0,0.0,0.002,308552.95
1755646,IT,KR,RUBBE,KEROS,0.06,18512.413,4,4,18512.411,0.0,0.0,0.0,0.002,308540.216667
1714575,IT,NL,STONE,PIGS9,0.06,18510.828,4,4,18509.828,0.0,0.0,1.0,0.0,308513.8
1749897,IT,CN,RUBBE,MEMBE,0.06,18509.662,4,4,18509.66,0.0,0.0,0.0,0.002,308494.366667
1805785,IT,WF,PREC1,CHEMI,0.03,18509.329,3,3,18509.329,0.0,0.0,0.0,0.0,616977.633333
1786436,IT,ZA,OFFIC,BUSIN,0.06,18506.816,3,3,18506.816,0.0,0.0,0.0,0.0,308446.933333
1747876,IT,JP,RENTI,ELEC1,0.11,18506.773,3,3,18506.773,0.0,0.0,0.0,0.0,168243.390909
1715051,IT,NL,TEXTI,LANDT,0.11,18506.747,4,4,18506.745,0.0,0.0,0.0,0.002,168243.154545
1805916,IT,WF,LEAD1,VEGET,0.03,18506.725,4,4,18506.723,0.0,0.0,0.0,0.002,616890.833333
1795357,IT,WL,NONME,RESEA,0.04,18505.958,4,4,18505.956,0.0,0.0,0.0,0.002,462648.95
1723858,IT,PT,TRANS,CONST,0.11,18505.721,3,3,18505.721,0.0,0.0,0.0,0.0,168233.827273
1747442,IT,JP,SEACO,FORES,0.02,18505.553,3,3,18505.553,0.0,0.0,0.0,0.0,925277.65
1723719,IT,PT,MACHI,DIST1,0.1,18504.258,4,4,18504.256,0.0,0.0,0.0,0.002,185042.58
1766253,IT,RU,CERAM,CRUDE,0.03,18503.779,3,3,18503.779,0.0,0.0,0.0,0.0,616792.633333
1719095,IT,PL,NONSP,PFERT,0.02,18503.637,3,3,18503.637,0.0,0.0,0.0,0.0,925181.85
1647649,IT,BE,FINAN,PLAST,0.24,18503.596,3,3,18503.596,0.0,0.0,0.0,0.0,77098.316667
1678602,IT,GR,FISHF,TEXTI,0.03,18503.067,3,3,18503.067,0.0,0.0,0.0,0.0,616768.9
1652021,IT,CZ,VEGET,FURNI,0.07,18502.639,3,3,18502.639,0.0,0.0,0.0,0.0,264323.414286
1668312,IT,ES,WHOLE,ELEC4,0.16,18502.621,3,3,18502.621,0.0,0.0,0.0,0.0,115641.38125
1673872,IT,FR,PRINT,SEWAG,0.18,18502.389,3,3,18502.389,0.0,0.0,0.0,0.0,102791.05
1649851,IT,BG,ALUM1,RENTI,0.03,18501.749,3,3,18501.749,0.0,0.0,0.0,0.0,616724.966667
1718619,IT,PL,LEATH,TRANS,0.13,18499.76,4,4,18499.757,0.0,0.0,0.0,0.003,142305.846154
1661643,IT,DK,TEXTI,LEATH,0.11,18499.012,4,4,18499.01,0.0,0.0,0.0,0.002,168172.836364
1798398,IT,WE,NATUR,WHEAT,0.03,18498.177,3,3,18498.177,0.0,0.0,0.0,0.0,616605.9
1803168,IT,WF,OILSE,AUXIL,0.01,18496.436,3,3,18496.436,0.0,0.0,0.0,0.0,1849643.6
1660160,IT,DE,SUPPO,PLAST,0.13,18495.738,3,3,18495.738,0.0,0.0,0.0,0.0,142274.907692
1776793,IT,TR,NAPHT,HEAVY,0.03,18493.351,3,3,18493.351,0.0,0.0,0.0,0.0,616445.033333
1714577,IT,NL,STONE,RAWMI,0.06,18492.713,4,4,18491.713,0.0,0.0,1.0,0.0,308211.883333
1644627,IT,BE,FOOD5,ELEC3,0.09,18492.298,4,4,18492.296,0.0,0.0,0.0,0.002,205469.977778
1792466,IT,WA,AUXIL,POSTT,0.34,18491.653,3,3,18491.653,0.0,0.0,0.0,0.0,54387.214706
1798670,IT,WE,VEGE1,SUGA1,0.06,18491.14,4,4,18491.136,0.0,0.0,0.0,0.004,308185.666667
1667085,IT,ES,NONME,SUPPO,0.04,18490.945,4,4,18490.943,0.0,0.0,0.0,0.002,462273.625
1689788,IT,IE,INSUR,TEXTI,0.38,18490.171,3,3,18490.171,0.0,0.0,0.0,0.0,48658.344737
1714437,IT,NL,MEATA,FOOD5,0.1,18489.05,4,4,18489.047,0.0,0.0,0.0,0.003,184890.5
1748582,IT,CN,VEGE1,FABRI,0.06,18487.455,4,4,18487.451,0.0,0.0,0.0,0.004,308124.25
1810934,IT,WM,GASDI,VEGE1,0.03,18486.422,4,4,18486.42,0.0,0.0,0.0,0.002,616214.066667
1732885,IT,SI,BASIC,WOOD2,0.02,18485.304,3,3,18485.304,0.0,0.0,0.0,0.0,924265.2
1662243,IT,DK,GLASS,BUSIN,0.05,18484.897,3,3,18484.897,0.0,0.0,0.0,0.0,369697.94
1715920,IT,NL,GLASS,PLAST,0.05,18484.559,3,3,18484.559,0.0,0.0,0.0,0.0,369691.18
1800829,IT,WE,BASIC,NONME,0.02,18484.534,3,3,18484.534,0.0,0.0,0.0,0.0,924226.7
1807416,IT,WF,INSUR,LEADZ,0.38,18483.706,3,3,18483.706,0.0,0.0,0.0,0.0,48641.331579
1800856,IT,WE,BASIC,POSTT,0.02,18483.474,3,3,18483.474,0.0,0.0,0.0,0.0,924173.7
1647001,IT,BE,RETA1,GLASS,0.19,18482.996,3,3,18482.996,0.0,0.0,0.0,0.0,97278.926316
1731084,IT,SI,VEGET,HEALT,0.07,18482.095,3,3,18482.095,0.0,0.0,0.0,0.0,264029.928571
1752618,IT,CA,TEXTI,PRINT,0.11,18481.76,4,4,18481.758,0.0,0.0,0.0,0.002,168016.0
1678493,IT,FR,RECRE,PUBLI,0.23,18481.458,3,3,18481.458,0.0,0.0,0.0,0.0,80354.165217
1684514,IT,HR,BUSIN,FORES,0.19,18480.548,3,3,18480.548,0.0,0.0,0.0,0.0,97266.042105
1734796,IT,SK,WOODW,SUPPO,0.05,18480.323,3,3,18480.323,0.0,0.0,0.0,0.0,369606.46
1731177,IT,SI,SANDC,SUPPO,0.04,18478.546,4,4,18474.546,0.0,0.0,4.0,0.0,461963.65
1644694,IT,BE,BEVER,BASIC,0.08,18477.958,3,3,18477.958,0.0,0.0,0.0,0.0,230974.475
1646818,IT,BE,SALEM,COMPU,0.15,18475.98,3,3,18475.98,0.0,0.0,0.0,0.0,123173.2
1674234,IT,FR,LIQUE,INERT,0.03,18474.429,3,3,18474.429,0.0,0.0,0.0,0.0,615814.3
1648739,IT,BG,FOOD5,REALE,0.09,18473.882,4,4,18473.88,0.0,0.0,0.0,0.002,205265.355556
1672826,IT,FR,MEAT4,WHOLE,0.1,18472.349,3,3,18472.349,0.0,0.0,0.0,0.0,184723.49
1769313,IT,AU,RUBBE,MEMBE,0.06,18472.348,4,4,18472.346,0.0,0.0,0.0,0.002,307872.466667
1738204,IT,GB,CERAM,LANDT,0.03,18471.48,3,3,18471.48,0.0,0.0,0.0,0.0,615716.0
1650539,IT,BG,ELEC7,KEROS,0.01,18471.307,3,3,18471.307,0.0,0.0,0.0,0.0,1847130.7
1782766,IT,NO,HOTEL,FOOD5,0.13,18471.247,3,3,18471.247,0.0,0.0,0.0,0.0,142086.515385
1713402,IT,MT,BITU1,FABRI,0.03,18470.627,3,3,18470.627,0.0,0.0,0.0,0.0,615687.566667
1794717,IT,WL,NAPHT,93197,0.03,18469.52,3,3,18469.52,0.0,0.0,0.0,0.0,615650.666667
1788167,IT,WA,WEARI,ELEC4,0.14,18468.165,4,4,18468.161,0.0,0.0,0.0,0.004,131915.464286
1640805,IT,AT,WEARI,CEMEN,0.14,18467.895,4,4,18467.891,0.0,0.0,0.0,0.004,131913.535714
1785623,IT,ZA,GASDI,93197,0.03,18467.699,4,4,18467.697,0.0,0.0,0.0,0.002,615589.966667
1781592,IT,NO,WEARI,FABRI,0.14,18467.569,4,4,18467.565,0.0,0.0,0.0,0.004,131911.207143
1672722,IT,FR,CHEMI,BEVER,0.04,18465.317,5,5,18464.315,0.0,0.0,1.0,0.002,461632.925
1727901,IT,SE,CEREA,RAWMI,0.03,18464.24,3,3,18464.24,0.0,0.0,0.0,0.0,615474.666667
1650170,IT,BG,MOTO1,TRAN1,0.1,18463.464,3,3,18463.464,0.0,0.0,0.0,0.0,184634.64
1664494,IT,EE,MOTO1,TRANS,0.1,18462.924,3,3,18462.924,0.0,0.0,0.0,0.0,184629.24
1759239,IT,BR,POSTT,FOOD5,0.3,18462.837,3,3,18462.837,0.0,0.0,0.0,0.0,61542.79
1640690,IT,AT,FISH5,RETA1,0.08,18462.426,4,4,18462.417,0.0,0.0,0.0,0.009,230780.325
1807112,IT,WF,SEACO,HEALT,0.02,18462.36,3,3,18462.36,0.0,0.0,0.0,0.0,923118.0
1767874,IT,RU,AUXIL,BUSIN,0.34,18461.887,3,3,18461.887,0.0,0.0,0.0,0.0,54299.667647
1680144,IT,GR,OFFIC,HEALT,0.06,18460.171,3,3,18460.171,0.0,0.0,0.0,0.0,307669.516667
1717730,IT,NL,BUSIN,OILHA,0.19,18458.706,3,3,18458.706,0.0,0.0,0.0,0.0,97151.084211
1799780,IT,WE,KERO1,PIGS9,0.03,18458.326,4,4,18458.324,0.0,0.0,0.0,0.002,615277.533333
1687400,IT,HU,HOTEL,SALEM,0.13,18457.748,3,3,18457.748,0.0,0.0,0.0,0.0,141982.676923
1807182,IT,WF,AIRTR,ELEC1,0.02,18455.502,3,3,18455.502,0.0,0.0,0.0,0.0,922775.1
1779226,IT,TR,POSTT,AUXIL,0.3,18454.969,3,3,18454.969,0.0,0.0,0.0,0.0,61516.563333
1685657,IT,HU,GASDI,WHOLE,0.03,18454.062,4,4,18454.06,0.0,0.0,0.0,0.002,615135.4
1719753,IT,PL,BASIC,MEATA,0.02,18453.759,3,3,18453.759,0.0,0.0,0.0,0.0,922687.95
1671176,IT,FI,CERAM,RESEA,0.03,18453.54,3,3,18453.54,0.0,0.0,0.0,0.0,615118.0
1663814,IT,EE,FISH5,FOOD5,0.08,18453.348,4,4,18453.339,0.0,0.0,0.0,0.009,230666.85
1719114,IT,PL,PLAST,CEREA,0.04,18453.169,4,4,18453.167,0.0,0.0,0.0,0.002,461329.225
1810430,IT,WM,PULP5,NFERT,0.06,18451.938,4,4,18451.936,0.0,0.0,0.0,0.002,307532.3
1804265,IT,WF,MOTOR,NICKE,0.03,18451.541,4,4,18451.539,0.0,0.0,0.0,0.002,615051.366667
1743073,IT,US,MOTO1,ANIMA,0.1,18450.64,3,3,18450.64,0.0,0.0,0.0,0.0,184506.4
1755886,IT,KR,NONME,RESEA,0.04,18450.544,4,4,18450.542,0.0,0.0,0.0,0.002,461263.6
1767413,IT,RU,LANDT,PREC1,0.12,18449.957,3,3,18449.957,0.0,0.0,0.0,0.0,153749.641667
1734713,IT,SK,LEATH,ALUM1,0.13,18448.45,4,4,18448.447,0.0,0.0,0.0,0.003,141911.153846
1756182,IT,KR,MACHI,BITU1,0.1,18447.504,4,4,18447.502,0.0,0.0,0.0,0.002,184475.04
1689305,IT,IE,RETA1,MEATA,0.19,18447.405,3,3,18447.405,0.0,0.0,0.0,0.0,97091.605263
1752353,IT,CA,MEAT4,LUBRI,0.1,18446.6,3,3,18446.6,0.0,0.0,0.0,0.0,184466.0
1774761,IT,CH,SUPPO,MEMBE,0.13,18444.511,3,3,18444.511,0.0,0.0,0.0,0.0,141880.853846
1762908,IT,MX,CHEMI,CATTL,0.04,18444.458,5,5,18443.456,0.0,0.0,1.0,0.002,461111.45
1662956,IT,DK,RETA1,PUBLI,0.19,18443.076,3,3,18443.076,0.0,0.0,0.0,0.0,97068.821053
1810061,IT,WM,TEXTI,PREC1,0.11,18439.516,4,4,18439.514,0.0,0.0,0.0,0.002,167631.963636
1731198,IT,SI,CHEMI,RUBBE,0.04,18438.512,5,5,18437.51,0.0,0.0,1.0,0.002,460962.8
1682416,IT,HR,PAPER,MOTOR,0.07,18438.351,4,4,18438.349,0.0,0.0,0.0,0.002,263405.014286
1800928,IT,WE,PREC1,RESEA,0.03,18437.713,3,3,18437.713,0.0,0.0,0.0,0.0,614590.433333
1786679,IT,ZA,WHOLE,HOTEL,0.16,18437.675,3,3,18437.675,0.0,0.0,0.0,0.0,115235.46875
1714593,IT,NL,SANDC,PLAST,0.04,18436.969,4,4,18432.969,0.0,0.0,4.0,0.0,460924.225
1752007,IT,CN,RESEA,ELECT,0.1,18436.451,3,3,18436.451,0.0,0.0,0.0,0.0,184364.51
1742234,IT,US,CERAM,MACHI,0.03,18436.279,3,3,18436.279,0.0,0.0,0.0,0.0,614542.633333
1814399,IT,WM,AUXIL,PUBLI,0.34,18435.932,3,3,18435.932,0.0,0.0,0.0,0.0,54223.329412
1794293,IT,WL,MOTOR,BITU1,0.03,18433.795,4,4,18433.793,0.0,0.0,0.0,0.002,614459.833333
1790623,IT,WA,FABRI,MEAT1,0.08,18433.361,3,3,18433.361,0.0,0.0,0.0,0.0,230417.0125
1653564,IT,CZ,BASIC,TRAN2,0.02,18431.997,3,3,18431.997,0.0,0.0,0.0,0.0,921599.85
1656935,IT,DE,LIQUE,MOTOR,0.03,18430.041,3,3,18430.041,0.0,0.0,0.0,0.0,614334.7
1685477,IT,HU,PULP5,CERAM,0.06,18429.682,4,4,18429.68,0.0,0.0,0.0,0.002,307161.366667
1785306,IT,ZA,LEATH,PRECI,0.13,18429.563,4,4,18429.56,0.0,0.0,0.0,0.003,141765.869231
1673865,IT,FR,PRINT,PAPE1,0.18,18428.649,3,3,18428.649,0.0,0.0,0.0,0.0,102381.383333
1675052,IT,FR,ALUM1,NAPHT,0.03,18426.712,3,3,18426.712,0.0,0.0,0.0,0.0,614223.733333
1735396,IT,SK,BASIC,ANIMA,0.02,18425.791,3,3,18425.791,0.0,0.0,0.0,0.0,921289.55
1681854,IT,HR,VEGE1,RADIO,0.06,18425.726,4,4,18425.722,0.0,0.0,0.0,0.004,307095.433333
1766754,IT,RU,MACHI,PROCE,0.1,18424.816,4,4,18424.814,0.0,0.0,0.0,0.002,184248.16
1677068,IT,FR,SUPPO,ALUM1,0.13,18424.341,3,3,18424.341,0.0,0.0,0.0,0.0,141725.7
1750473,IT,CN,MACHI,COALT,0.1,18424.244,4,4,18424.242,0.0,0.0,0.0,0.002,184242.44
1813373,IT,WM,FURNI,PREC1,0.06,18423.717,4,4,18423.715,0.0,0.0,0.0,0.002,307061.95
1793438,IT,WL,FORES,CHARC,0.16,18423.553,4,4,18416.553,0.0,7.0,0.0,0.0,115147.20625
1759365,IT,BR,FINAN,CONST,0.24,18423.336,3,3,18423.336,0.0,0.0,0.0,0.0,76763.9
1671856,IT,FI,RETA1,PAPE4,0.19,18422.235,3,3,18422.235,0.0,0.0,0.0,0.0,96959.131579
1652657,IT,CZ,WOODW,SUPPO,0.05,18421.953,3,3,18421.953,0.0,0.0,0.0,0.0,368439.06
1792492,IT,WA,REALE,MEAT4,0.78,18421.197,3,3,18421.197,0.0,0.0,0.0,0.0,23616.919231
1671536,IT,FI,MACHI,OILHA,0.1,18421.065,4,4,18421.063,0.0,0.0,0.0,0.002,184210.65
1737237,IT,GB,SUGA1,HOTEL,0.05,18420.511,4,4,18420.508,0.0,0.0,0.0,0.003,368410.22
1685654,IT,HU,GASDI,NONME,0.03,18419.783,3,3,18419.783,0.0,0.0,0.0,0.0,613992.766667
1775704,IT,TR,CROPS,WHOLE,0.15,18419.603,3,3,18419.603,0.0,0.0,0.0,0.0,122797.353333
1740066,IT,GB,RENTI,COMPU,0.11,18416.783,3,3,18416.783,0.0,0.0,0.0,0.0,167425.3
1740804,IT,US,VEGE1,WEARI,0.06,18416.049,4,4,18416.045,0.0,0.0,0.0,0.004,306934.15
1718550,IT,PL,WEARI,MACHI,0.14,18415.351,4,4,18415.348,0.0,0.0,0.0,0.003,131538.221429
1770648,IT,AU,FINAN,FINAN,0.24,18415.139,3,3,18415.139,0.0,0.0,0.0,0.0,76729.745833
1736804,IT,SK,COMPU,RETA1,0.21,18415.005,3,3,18415.005,0.0,0.0,0.0,0.0,87690.5
1791957,IT,WA,SEACO,CHARC,0.02,18414.411,3,3,18414.411,0.0,0.0,0.0,0.0,920720.55
1745017,IT,US,PUBLI,PULP5,0.3,18414.394,3,3,18414.394,0.0,0.0,0.0,0.0,61381.313333
1723317,IT,PT,NONME,POULT,0.04,18413.663,4,4,18413.661,0.0,0.0,0.0,0.002,460341.575
1655191,IT,CZ,BUSIN,INSUR,0.19,18413.499,3,3,18413.499,0.0,0.0,0.0,0.0,96913.152632
1758788,IT,BR,RETA1,CERAM,0.19,18413.091,3,3,18413.091,0.0,0.0,0.0,0.0,96911.005263
1770130,IT,AU,WHOLE,HEALT,0.16,18411.41,3,3,18411.41,0.0,0.0,0.0,0.0,115071.3125
1752315,IT,CA,CHEMI,FABRI,0.04,18411.308,5,5,18410.306,0.0,0.0,1.0,0.002,460282.7
1747696,IT,JP,POSTT,FINAN,0.3,18410.997,3,3,18410.997,0.0,0.0,0.0,0.0,61369.99
1749925,IT,CN,GLASS,ALUM1,0.05,18409.776,3,3,18409.776,0.0,0.0,0.0,0.0,368195.52
1786253,IT,ZA,FABRI,FORES,0.07,18409.327,3,3,18409.327,0.0,0.0,0.0,0.0,262990.385714
1770005,IT,AU,FURNI,BASIC,0.06,18409.096,4,4,18409.094,0.0,0.0,0.0,0.002,306818.266667
1780976,IT,TW,BUSIN,WHITE,0.19,18409.084,3,3,18409.084,0.0,0.0,0.0,0.0,96889.915789
1761954,IT,IN,FURNI,COLLE,0.06,18408.235,4,4,18408.233,0.0,0.0,0.0,0.002,306803.916667
1729283,IT,SE,NONME,PIGS9,0.04,18407.557,4,4,18407.555,0.0,0.0,0.0,0.002,460188.925
1652911,IT,CZ,KEROS,POSTT,0.03,18406.866,3,3,18406.866,0.0,0.0,0.0,0.0,613562.2
1809337,IT,WM,STONE,PUBLI,0.06,18406.594,4,4,18405.594,0.0,0.0,1.0,0.0,306776.566667
1718922,IT,PL,PRINT,NONME,0.18,18406.571,3,3,18406.571,0.0,0.0,0.0,0.0,102258.727778
1732578,IT,SI,RUBBE,INERT,0.06,18406.55,4,4,18406.548,0.0,0.0,0.0,0.002,306775.833333
1662372,IT,DK,BASIC,DIST1,0.02,18406.021,3,3,18406.021,0.0,0.0,0.0,0.0,920301.05
1768934,IT,AU,PAPER,NATUR,0.07,18405.667,4,4,18405.665,0.0,0.0,0.0,0.002,262938.1
1780882,IT,TW,RESEA,REFIN,0.1,18405.326,3,3,18405.326,0.0,0.0,0.0,0.0,184053.26
1794416,IT,WL,KERO1,RETA1,0.03,18404.778,4,4,18404.776,0.0,0.0,0.0,0.002,613492.6
1803427,IT,WF,MEATP,LEADZ,0.07,18404.736,4,4,18404.734,0.0,0.0,0.0,0.002,262924.8
1680177,IT,GR,MOTO1,POSTT,0.1,18403.987,3,3,18403.987,0.0,0.0,0.0,0.0,184039.87
1723971,IT,PT,SALEM,DIST1,0.15,18403.817,3,3,18403.817,0.0,0.0,0.0,0.0,122692.113333
1785175,IT,ZA,FOOD5,ELEC1,0.09,18403.701,4,4,18403.699,0.0,0.0,0.0,0.002,204485.566667
1676251,IT,FR,SALEM,RAWMI,0.15,18402.861,3,3,18402.861,0.0,0.0,0.0,0.0,122685.74
1686495,IT,HU,PREC1,BASIC,0.03,18402.174,3,3,18402.174,0.0,0.0,0.0,0.0,613405.8
1760607,IT,IN,WOODW,TRANS,0.05,18401.105,3,3,18401.105,0.0,0.0,0.0,0.0,368022.1
1767628,IT,RU,SUPPO,RENTI,0.13,18399.362,3,3,18399.362,0.0,0.0,0.0,0.0,141533.553846
1660946,IT,DE,BUSIN,BITU1,0.19,18399.274,3,3,18399.274,0.0,0.0,0.0,0.0,96838.284211
1664755,IT,EE,RENTI,RENTI,0.11,18398.664,3,3,18398.664,0.0,0.0,0.0,0.0,167260.581818
1726322,IT,RO,ALUM1,CRUDE,0.03,18396.605,3,3,18396.605,0.0,0.0,0.0,0.0,613220.166667
1642795,IT,AT,MACHI,FOOD2,0.1,18396.542,4,4,18396.54,0.0,0.0,0.0,0.002,183965.42
1748921,IT,CN,WEARI,MEDIC,0.14,18396.479,4,4,18396.476,0.0,0.0,0.0,0.003,131403.421429
1750464,IT,CN,MACHI,TOBAC,0.1,18395.618,4,4,18395.616,0.0,0.0,0.0,0.002,183956.18
1809647,IT,WM,DAIRY,SALEM,0.07,18395.062,3,3,18395.062,0.0,0.0,0.0,0.0,262786.6
1733046,IT,SI,COPP1,NONF1,0.05,18393.927,3,3,18393.927,0.0,0.0,0.0,0.0,367878.54
1710224,IT,LT,OFFIC,RETA1,0.06,18392.972,3,3,18392.972,0.0,0.0,0.0,0.0,306549.533333
1721889,IT,PL,RENTI,PRINT,0.11,18392.51,3,3,18392.51,0.0,0.0,0.0,0.0,167204.636364
1784839,IT,ID,SEACO,WEARI,0.02,18391.969,3,3,18391.969,0.0,0.0,0.0,0.0,919598.45
1731284,IT,SI,MEAT4,COMPU,0.1,18391.341,3,3,18391.341,0.0,0.0,0.0,0.0,183913.41
1678797,IT,GR,FOOD5,SUPPO,0.09,18390.799,4,4,18390.797,0.0,0.0,0.0,0.002,204342.211111
1648490,IT,BG,OILSE,PRINT,0.01,18389.85,3,3,18389.85,0.0,0.0,0.0,0.0,1838985.0
1809750,IT,WM,FOOD5,WOOLS,0.09,18388.721,4,4,18388.719,0.0,0.0,0.0,0.002,204319.122222
1742311,IT,US,CEMEN,RADIO,0.03,18388.542,3,3,18388.542,0.0,0.0,0.0,0.0,612951.4
1763625,IT,MX,BIODI,FINAN,0.04,18387.452,4,4,18387.45,0.0,0.0,0.0,0.002,459686.3
1653723,IT,CZ,COPP1,COALT,0.05,18386.897,3,3,18386.897,0.0,0.0,0.0,0.0,367737.94
1753932,IT,CA,RAILW,93197,0.12,18386.059,3,3,18386.059,0.0,0.0,0.0,0.0,153217.158333
1767954,IT,RU,COMPU,PFERT,0.21,18385.909,3,3,18385.909,0.0,0.0,0.0,0.0,87551.947619
1645489,IT,BE,PLAST,DAIRY,0.04,18385.795,4,4,18385.793,0.0,0.0,0.0,0.002,459644.875
1800906,IT,WE,PREC1,GLASS,0.03,18385.699,3,3,18385.699,0.0,0.0,0.0,0.0,612856.633333
1641629,IT,AT,BITU1,BITU1,0.03,18385.484,3,3,18385.484,0.0,0.0,0.0,0.0,612849.466667
1674831,IT,FR,NONME,FISHF,0.04,18384.782,4,4,18384.78,0.0,0.0,0.0,0.002,459619.55
1810262,IT,WM,LEATH,FOUND,0.13,18384.282,4,4,18384.279,0.0,0.0,0.0,0.003,141417.553846
1813366,IT,WM,FURNI,RUBBE,0.06,18383.45,4,4,18383.448,0.0,0.0,0.0,0.002,306390.833333
1743280,IT,US,FURNI,OFFIC,0.06,18383.034,4,4,18383.032,0.0,0.0,0.0,0.002,306383.9
1650086,IT,BG,MACHI,RENTI,0.1,18382.786,4,4,18382.784,0.0,0.0,0.0,0.002,183827.86
1803064,IT,WF,CEREA,FOUND,0.03,18382.563,3,3,18382.563,0.0,0.0,0.0,0.0,612752.1
1782092,IT,NO,GLASS,RENTI,0.05,18382.435,3,3,18382.435,0.0,0.0,0.0,0.0,367648.7
1659619,IT,DE,HOTEL,ELECT,0.13,18381.825,3,3,18381.825,0.0,0.0,0.0,0.0,141398.653846
1788922,IT,WA,HEAVY,NONFE,0.03,18379.951,3,3,18379.951,0.0,0.0,0.0,0.0,612665.033333
1731828,IT,SI,PAPER,RENTI,0.07,18378.54,4,4,18378.538,0.0,0.0,0.0,0.002,262550.571429
1780772,IT,TW,RENTI,FABRI,0.11,18377.664,3,3,18377.664,0.0,0.0,0.0,0.0,167069.672727
1640694,IT,AT,FISH5,REALE,0.08,18377.643,4,4,18377.634,0.0,0.0,0.0,0.009,229720.5375
1689911,IT,IE,AUXIL,CONST,0.34,18376.36,3,3,18376.36,0.0,0.0,0.0,0.0,54048.117647
1750768,IT,CN,TRANS,INLAN,0.11,18374.976,3,3,18374.976,0.0,0.0,0.0,0.0,167045.236364
1740843,IT,US,VEGE1,RETA1,0.06,18374.72,4,4,18374.716,0.0,0.0,0.0,0.004,306245.333333
1745244,IT,JP,CHEMI,VEGET,0.04,18374.592,5,5,18373.59,0.0,0.0,1.0,0.002,459364.8
1766481,IT,RU,ALUM1,CHEM1,0.03,18374.328,3,3,18374.328,0.0,0.0,0.0,0.0,612477.6
1770831,IT,AU,BUSIN,CRUDE,0.19,18374.315,3,3,18374.315,0.0,0.0,0.0,0.0,96706.921053
1770097,IT,AU,WHOLE,BASIC,0.16,18372.49,3,3,18372.49,0.0,0.0,0.0,0.0,114828.0625
1668065,IT,ES,FURNI,AUXIL,0.06,18371.651,4,4,18371.649,0.0,0.0,0.0,0.002,306194.183333
1716397,IT,NL,MACHI,ELEC1,0.1,18370.846,4,4,18370.844,0.0,0.0,0.0,0.002,183708.46
1664416,IT,EE,MACHI,NONF1,0.1,18370.41,4,4,18370.408,0.0,0.0,0.0,0.002,183704.1
1731046,IT,SI,WHEAT,BUSIN,0.01,18370.163,3,3,18370.163,0.0,0.0,0.0,0.0,1837016.3
1721413,IT,PL,SEACO,RENTI,0.02,18369.542,3,3,18369.542,0.0,0.0,0.0,0.0,918477.1
1681526,IT,GR,BUSIN,NAPHT,0.19,18369.198,3,3,18369.198,0.0,0.0,0.0,0.0,96679.989474
1773922,IT,CH,SALEM,MEATP,0.15,18368.865,3,3,18368.865,0.0,0.0,0.0,0.0,122459.1
1710596,IT,LU,VEGET,DISTR,0.07,18368.784,3,3,18368.784,0.0,0.0,0.0,0.0,262411.2
1669082,IT,ES,SUPPO,RETAI,0.13,18368.174,3,3,18368.174,0.0,0.0,0.0,0.0,141293.646154
1735129,IT,SK,CHEM1,PAPE4,0.04,18368.119,4,4,18368.117,0.0,0.0,0.0,0.002,459202.975
1645316,IT,BE,KERO1,WOOD1,0.03,18366.663,4,4,18366.661,0.0,0.0,0.0,0.002,612222.1
1765297,IT,RU,DAIRY,MEATP,0.07,18366.601,3,3,18366.601,0.0,0.0,0.0,0.0,262380.014286
1743969,IT,US,AIRTR,MEAT4,0.02,18366.279,3,3,18366.279,0.0,0.0,0.0,0.0,918313.95
1739053,IT,GB,RETAI,DISTR,0.14,18365.757,3,3,18365.757,0.0,0.0,0.0,0.0,131183.978571
1742651,IT,US,COPP1,RADIO,0.05,18365.377,3,3,18365.377,0.0,0.0,0.0,0.0,367307.54
1766889,IT,RU,OFFIC,ELECT,0.06,18363.434,3,3,18363.434,0.0,0.0,0.0,0.0,306057.233333
1670291,IT,FI,CHEMI,VEGET,0.04,18363.037,5,5,18362.035,0.0,0.0,1.0,0.002,459075.925
1643536,IT,AT,TRAN2,RENTI,0.03,18362.808,3,3,18362.808,0.0,0.0,0.0,0.0,612093.6
1812135,IT,WM,BRICK,REALE,0.03,18362.448,3,3,18362.448,0.0,0.0,0.0,0.0,612081.6
1746140,IT,JP,PLAST,CROPS,0.04,18362.371,4,4,18362.369,0.0,0.0,0.0,0.002,459059.275
1723949,IT,PT,SALEM,FOOD5,0.15,18362.268,3,3,18362.268,0.0,0.0,0.0,0.0,122415.12
1749098,IT,CN,WOODW,PRINT,0.05,18362.095,3,3,18362.095,0.0,0.0,0.0,0.0,367241.9
1770854,IT,AU,BUSIN,CHEM1,0.19,18362.024,3,3,18362.024,0.0,0.0,0.0,0.0,96642.231579
1656018,IT,DE,FOOD5,SUPPO,0.09,18361.785,4,4,18361.783,0.0,0.0,0.0,0.002,204019.833333
1714410,IT,NL,VEGET,ELEC2,0.07,18360.833,3,3,18360.833,0.0,0.0,0.0,0.0,262297.614286
1779677,IT,TR,RESEA,ELEC1,0.1,18360.431,3,3,18360.431,0.0,0.0,0.0,0.0,183604.31
1804755,IT,WF,NAPHT,STONE,0.03,18360.346,3,3,18360.346,0.0,0.0,0.0,0.0,612011.533333
1743950,IT,US,INLAN,RETA1,0.03,18359.997,3,3,18359.997,0.0,0.0,0.0,0.0,611999.9
1677205,IT,FR,POSTT,AIRTR,0.3,18359.967,3,3,18359.967,0.0,0.0,0.0,0.0,61199.89
1760441,IT,IN,FOOD5,BUSIN,0.09,18359.921,4,4,18359.919,0.0,0.0,0.0,0.002,203999.122222
1670987,IT,FI,CHEM1,PAPE1,0.04,18358.871,4,4,18358.869,0.0,0.0,0.0,0.002,458971.775
1789469,IT,WA,ADDIT,PRECI,0.04,18358.785,3,3,18358.785,0.0,0.0,0.0,0.0,458969.625
1651623,IT,CY,CEMEN,REALE,0.03,18358.452,3,3,18358.452,0.0,0.0,0.0,0.0,611948.4
1740252,IT,GB,BUSIN,COLLE,0.19,18356.935,3,3,18356.935,0.0,0.0,0.0,0.0,96615.447368
1749445,IT,CN,HEAVY,TEXTI,0.03,18356.077,3,3,18356.077,0.0,0.0,0.0,0.0,611869.233333
1664826,IT,ES,OILSE,CHEM1,0.01,18355.838,3,3,18355.838,0.0,0.0,0.0,0.0,1835583.8
1769952,IT,AU,MOTO1,93197,0.1,18355.279,3,3,18355.279,0.0,0.0,0.0,0.0,183552.79
1685482,IT,HU,PAPER,WHEAT,0.07,18355.127,4,4,18355.125,0.0,0.0,0.0,0.002,262216.1
1791725,IT,WA,RAILW,MEATP,0.12,18353.294,3,3,18353.294,0.0,0.0,0.0,0.0,152944.116667
1739739,IT,GB,SUPPO,FOODW,0.13,18351.293,3,3,18351.293,0.0,0.0,0.0,0.0,141163.792308
1778609,IT,TR,HOTEL,SANDC,0.13,18350.855,3,3,18350.855,0.0,0.0,0.0,0.0,141160.423077
1807218,IT,WF,SUPPO,NATUR,0.13,18350.454,3,3,18350.454,0.0,0.0,0.0,0.0,141157.338462
1716288,IT,NL,FABRI,TOBAC,0.07,18350.396,3,3,18350.396,0.0,0.0,0.0,0.0,262148.514286
1715638,IT,NL,NAPHT,NFERT,0.03,18349.111,3,3,18349.111,0.0,0.0,0.0,0.0,611637.033333
1662805,IT,DK,FURNI,HOTEL,0.06,18348.836,4,4,18348.834,0.0,0.0,0.0,0.002,305813.933333
1666985,IT,ES,BRICK,BRICK,0.03,18348.127,3,3,18348.127,0.0,0.0,0.0,0.0,611604.233333
1723047,IT,PT,CHEM1,PIGS9,0.04,18347.807,4,4,18347.805,0.0,0.0,0.0,0.002,458695.175
1759542,IT,BR,COMPU,MEATC,0.21,18347.436,3,3,18347.436,0.0,0.0,0.0,0.0,87368.742857
1647947,IT,BE,RENTI,TEXTI,0.11,18347.431,3,3,18347.431,0.0,0.0,0.0,0.0,166794.827273
1745201,IT,JP,CROPS,RETA1,0.15,18347.257,3,3,18347.257,0.0,0.0,0.0,0.0,122315.046667
1757956,IT,BR,ADDIT,COLLE,0.04,18347.102,3,3,18347.102,0.0,0.0,0.0,0.0,458677.55
1671148,IT,FI,GLASS,HEALT,0.05,18346.814,3,3,18346.814,0.0,0.0,0.0,0.0,366936.28
1740336,IT,GB,PUBLI,RENTI,0.3,18346.806,3,3,18346.806,0.0,0.0,0.0,0.0,61156.02
1714452,IT,NL,FORES,PAPER,0.16,18345.974,4,4,18338.974,0.0,7.0,0.0,0.0,114662.3375
1795332,IT,WL,NONME,RUBBE,0.04,18345.324,4,4,18345.322,0.0,0.0,0.0,0.002,458633.1
1743845,IT,US,TRAN2,TRANS,0.03,18345.317,3,3,18345.317,0.0,0.0,0.0,0.0,611510.566667
1746987,IT,JP,MOTO1,TEXT1,0.1,18344.769,3,3,18344.769,0.0,0.0,0.0,0.0,183447.69
1648865,IT,BG,TEXTI,GLASS,0.11,18344.735,4,4,18344.733,0.0,0.0,0.0,0.002,166770.318182
1783932,IT,ID,STONE,CATTL,0.06,18344.674,4,4,18343.674,0.0,0.0,1.0,0.0,305744.566667
1650563,IT,BG,ELEC7,TRAN2,0.01,18340.758,3,3,18340.758,0.0,0.0,0.0,0.0,1834075.8
1736340,IT,SK,RAILW,MACHI,0.12,18340.61,3,3,18340.61,0.0,0.0,0.0,0.0,152838.416667
1657574,IT,DE,GLASS,FOUND,0.05,18338.963,3,3,18338.963,0.0,0.0,0.0,0.0,366779.26
1794838,IT,WL,PLAST,SUPPO,0.04,18338.852,4,4,18338.85,0.0,0.0,0.0,0.002,458471.3
1728030,IT,SE,CHEMI,LIQUI,0.04,18338.732,5,5,18337.73,0.0,0.0,1.0,0.002,458468.3
1811761,IT,WM,ADDIT,CERAM,0.04,18338.683,3,3,18338.683,0.0,0.0,0.0,0.0,458467.075
1787598,IT,WA,MEATP,HOTEL,0.07,18337.766,4,4,18337.764,0.0,0.0,0.0,0.002,261968.085714
1642648,IT,AT,FABRI,ELEC5,0.07,18336.94,3,3,18336.94,0.0,0.0,0.0,0.0,261956.285714
1775778,IT,TR,NATUR,GASDI,0.03,18334.894,3,3,18334.894,0.0,0.0,0.0,0.0,611163.133333
1772283,IT,CH,NAPHT,FURNI,0.03,18334.463,3,3,18334.463,0.0,0.0,0.0,0.0,611148.766667
1745056,IT,US,PUBLI,RADIO,0.3,18333.25,3,3,18333.25,0.0,0.0,0.0,0.0,61110.833333
1765383,IT,RU,BEVER,BUSIN,0.08,18332.654,3,3,18332.654,0.0,0.0,0.0,0.0,229158.175
1769218,IT,AU,RUBBE,CROPS,0.06,18332.044,4,4,18332.042,0.0,0.0,0.0,0.002,305534.066667
1683188,IT,HR,GLASS,RADIO,0.05,18331.337,3,3,18331.337,0.0,0.0,0.0,0.0,366626.74
1724349,IT,PT,SEACO,BIODI,0.02,18331.297,3,3,18331.297,0.0,0.0,0.0,0.0,916564.85
1791187,IT,WA,FURNI,BEVER,0.06,18328.008,4,4,18328.006,0.0,0.0,0.0,0.002,305466.8
1647468,IT,BE,SUPPO,CROPS,0.13,18327.852,3,3,18327.852,0.0,0.0,0.0,0.0,140983.476923
1710132,IT,LT,MACHI,MEAT4,0.1,18327.799,4,4,18327.797,0.0,0.0,0.0,0.002,183277.99
1737393,IT,GB,TEXTI,CEMEN,0.11,18327.728,4,4,18327.726,0.0,0.0,0.0,0.002,166615.709091
1649464,IT,BG,CHEM1,FINAN,0.04,18327.374,4,4,18327.372,0.0,0.0,0.0,0.002,458184.35
1656453,IT,DE,PULP5,RENTI,0.06,18326.472,4,4,18326.47,0.0,0.0,0.0,0.002,305441.2
1776779,IT,TR,NAPHT,PRECI,0.03,18326.43,3,3,18326.43,0.0,0.0,0.0,0.0,610881.0
1737763,IT,GB,HEAVY,RAILW,0.03,18326.248,3,3,18326.248,0.0,0.0,0.0,0.0,610874.933333
1667962,IT,ES,TRANS,PLAST,0.11,18325.966,3,3,18325.966,0.0,0.0,0.0,0.0,166599.690909
1774432,IT,CH,RAILW,SUPPO,0.12,18324.74,3,3,18324.74,0.0,0.0,0.0,0.0,152706.166667
1795973,IT,WL,MOTO1,BRICK,0.1,18324.311,3,3,18324.311,0.0,0.0,0.0,0.0,183243.11
1733502,IT,SI,WHOLE,NONME,0.16,18324.14,3,3,18324.14,0.0,0.0,0.0,0.0,114525.875
1650883,IT,BG,LANDT,RECRE,0.12,18321.664,3,3,18321.664,0.0,0.0,0.0,0.0,152680.533333
1658261,IT,DE,COPP1,REFI1,0.05,18321.582,3,3,18321.582,0.0,0.0,0.0,0.0,366431.64
1733918,IT,SI,AIRTR,RECRE,0.02,18320.705,3,3,18320.705,0.0,0.0,0.0,0.0,916035.25
1802056,IT,WE,WHOLE,BUSIN,0.16,18319.616,3,3,18319.616,0.0,0.0,0.0,0.0,114497.6
1785050,IT,ID,BUSIN,FINAN,0.19,18319.217,3,3,18319.217,0.0,0.0,0.0,0.0,96416.931579
1812504,IT,WM,ALUM1,COPPE,0.03,18318.967,3,3,18318.967,0.0,0.0,0.0,0.0,610632.233333
1804982,IT,WF,PLAST,IRONO,0.04,18317.838,4,4,18317.836,0.0,0.0,0.0,0.002,457945.95
1665721,IT,ES,PAPER,KEROS,0.07,18317.637,4,4,18317.635,0.0,0.0,0.0,0.002,261680.528571
1682504,IT,HR,PRINT,RETA1,0.18,18316.823,3,3,18316.823,0.0,0.0,0.0,0.0,101760.127778
1686240,IT,HU,CERAM,WOODW,0.03,18316.788,3,3,18316.788,0.0,0.0,0.0,0.0,610559.6
1683612,IT,HR,FABRI,SANDC,0.07,18316.222,3,3,18316.222,0.0,0.0,0.0,0.0,261660.314286
1680634,IT,GR,SALEM,PUBLI,0.15,18316.023,3,3,18316.023,0.0,0.0,0.0,0.0,122106.82
1658418,IT,DE,FABRI,REFI1,0.07,18312.518,3,3,18312.518,0.0,0.0,0.0,0.0,261607.4
1735946,IT,SK,MOTO1,CERAM,0.1,18312.329,3,3,18312.329,0.0,0.0,0.0,0.0,183123.29
1662623,IT,DK,MACHI,PIGS9,0.1,18310.964,4,4,18310.962,0.0,0.0,0.0,0.002,183109.64
1740654,IT,US,CRUDE,SUPPO,0.04,18310.328,4,4,18310.326,0.0,0.0,0.0,0.002,457758.2
1743989,IT,US,AIRTR,WHITE,0.02,18308.532,3,3,18308.532,0.0,0.0,0.0,0.0,915426.6
1722900,IT,PT,MOTOR,LIQUE,0.03,18308.359,3,3,18308.359,0.0,0.0,0.0,0.0,610278.633333
1667208,IT,ES,PREC1,GASDI,0.03,18307.752,3,3,18307.752,0.0,0.0,0.0,0.0,610258.4
1732360,IT,SI,PETRO,BRICK,0.03,18305.721,3,3,18305.721,0.0,0.0,0.0,0.0,610190.7
1775204,IT,CH,RESEA,CONST,0.1,18305.43,3,3,18305.43,0.0,0.0,0.0,0.0,183054.3
1754066,IT,CA,AIRTR,SUGAR,0.02,18305.191,3,3,18305.191,0.0,0.0,0.0,0.0,915259.55
1795483,IT,WL,ALUM1,POULT,0.03,18305.095,3,3,18305.095,0.0,0.0,0.0,0.0,610169.833333
1710406,IT,LT,HOTEL,RECRE,0.13,18304.105,3,3,18304.105,0.0,0.0,0.0,0.0,140800.807692
1671980,IT,FI,LANDT,DIST1,0.12,18303.605,3,3,18303.605,0.0,0.0,0.0,0.0,152530.041667
1655815,IT,DE,VEGE1,PAPER,0.06,18303.132,4,4,18303.128,0.0,0.0,0.0,0.004,305052.2
1670175,IT,ES,MEMBE,BUSIN,0.21,18302.098,3,3,18302.098,0.0,0.0,0.0,0.0,87152.847619
1659815,IT,DE,LANDT,BIOGA,0.12,18301.489,3,3,18301.489,0.0,0.0,0.0,0.0,152512.408333
1756725,IT,KR,SEACO,AUXIL,0.02,18300.348,3,3,18300.348,0.0,0.0,0.0,0.0,915017.4
1686482,IT,HU,PREC1,MOTOR,0.03,18299.458,3,3,18299.458,0.0,0.0,0.0,0.0,609981.933333
1667097,IT,ES,NONME,OILHA,0.04,18298.426,4,4,18298.424,0.0,0.0,0.0,0.002,457460.65
1649738,IT,BG,BASIC,PAPER,0.02,18298.399,3,3,18298.399,0.0,0.0,0.0,0.0,914919.95
1771849,IT,CH,WOODW,ELEC4,0.05,18298.367,3,3,18298.367,0.0,0.0,0.0,0.0,365967.34
1777887,IT,TR,MACHI,COKIN,0.1,18298.191,4,4,18298.189,0.0,0.0,0.0,0.002,182981.91
1779230,IT,TR,POSTT,RESEA,0.3,18296.58,3,3,18296.58,0.0,0.0,0.0,0.0,60988.6
1791558,IT,WA,RETA1,FURNI,0.19,18296.517,3,3,18296.517,0.0,0.0,0.0,0.0,96297.457895
1644102,IT,AT,BUSIN,MEMBE,0.19,18295.784,3,3,18295.784,0.0,0.0,0.0,0.0,96293.6
1735498,IT,SK,PREC1,MOTOR,0.03,18294.616,3,3,18294.616,0.0,0.0,0.0,0.0,609820.533333
1784116,IT,ID,WOODW,WHOLE,0.05,18292.601,3,3,18292.601,0.0,0.0,0.0,0.0,365852.02
1766724,IT,RU,MACHI,CATTL,0.1,18291.042,4,4,18291.04,0.0,0.0,0.0,0.002,182910.42
1741496,IT,US,MOTOR,INERT,0.03,18290.801,3,3,18290.801,0.0,0.0,0.0,0.0,609693.366667
1657721,IT,DE,CEMEN,CERAM,0.03,18290.688,3,3,18290.688,0.0,0.0,0.0,0.0,609689.6
1793960,IT,WL,LEATH,RECRE,0.13,18289.961,4,4,18289.958,0.0,0.0,0.0,0.003,140692.007692
1771099,IT,CH,NATUR,HEALT,0.03,18289.629,3,3,18289.629,0.0,0.0,0.0,0.0,609654.3
1719861,IT,PL,BASIC,FOODW,0.02,18289.112,3,3,18289.112,0.0,0.0,0.0,0.0,914455.6
1740521,IT,GB,RECRE,RETA1,0.23,18287.763,3,3,18287.763,0.0,0.0,0.0,0.0,79512.013043
1794588,IT,WL,HEAVY,LEAD1,0.03,18287.638,3,3,18287.638,0.0,0.0,0.0,0.0,609587.933333
1765770,IT,RU,PRINT,MEMBE,0.18,18287.566,3,3,18287.566,0.0,0.0,0.0,0.0,101597.588889
1734975,IT,SK,NAPHT,PLAST,0.03,18286.307,3,3,18286.307,0.0,0.0,0.0,0.0,609543.566667
1682942,IT,HR,PLAST,DAIRY,0.04,18285.465,4,4,18285.463,0.0,0.0,0.0,0.002,457136.625
1677956,IT,FR,BUSIN,PAPE4,0.19,18284.602,3,3,18284.602,0.0,0.0,0.0,0.0,96234.747368
1800908,IT,WE,PREC1,BRICK,0.03,18284.5,3,3,18284.5,0.0,0.0,0.0,0.0,609483.333333
1790627,IT,WA,FABRI,PROCE,0.07,18284.08,3,3,18284.08,0.0,0.0,0.0,0.0,261201.142857
1645922,IT,BE,CERAM,LIQUE,0.03,18283.998,3,3,18283.998,0.0,0.0,0.0,0.0,609466.6
1774642,IT,CH,AIRTR,HEAVY,0.02,18282.803,3,3,18282.803,0.0,0.0,0.0,0.0,914140.15
1796957,IT,WL,AIRTR,NAPHT,0.02,18282.764,3,3,18282.764,0.0,0.0,0.0,0.0,914138.2
1662867,IT,DK,WHOLE,PULP5,0.16,18282.242,3,3,18282.242,0.0,0.0,0.0,0.0,114264.0125
1803827,IT,WF,TEXTI,LEAD1,0.11,18282.11,4,4,18282.108,0.0,0.0,0.0,0.002,166201.0
1689295,IT,IE,WHOLE,93197,0.16,18280.851,3,3,18280.851,0.0,0.0,0.0,0.0,114255.31875
1662529,IT,DK,COPP1,HEALT,0.05,18280.84,3,3,18280.84,0.0,0.0,0.0,0.0,365616.8
1686687,IT,HU,COPP1,TEXTI,0.05,18280.751,3,3,18280.751,0.0,0.0,0.0,0.0,365615.02
1789555,IT,WA,BIOGA,MEAT4,0.04,18280.079,4,4,18280.077,0.0,0.0,0.0,0.002,457001.975
1680123,IT,GR,OFFIC,BASIC,0.06,18279.887,3,3,18279.887,0.0,0.0,0.0,0.0,304664.783333
1787791,IT,WA,DAIRY,HEALT,0.07,18279.851,3,3,18279.851,0.0,0.0,0.0,0.0,261140.728571
1714129,IT,MT,AIRTR,FISHF,0.02,18279.045,3,3,18279.045,0.0,0.0,0.0,0.0,913952.25
1786559,IT,ZA,FURNI,COLLE,0.06,18278.788,4,4,18278.786,0.0,0.0,0.0,0.002,304646.466667
1685126,IT,HU,FOOD5,SALEM,0.09,18278.091,4,4,18278.089,0.0,0.0,0.0,0.002,203089.9
1731648,IT,SI,LEATH,RECRE,0.13,18277.998,4,4,18277.995,0.0,0.0,0.0,0.003,140599.984615
1688725,IT,IE,CHEM1,PUBLI,0.04,18277.967,4,4,18277.965,0.0,0.0,0.0,0.002,456949.175
1674290,IT,FR,PLAST,NUCLE,0.04,18277.79,4,4,18277.788,0.0,0.0,0.0,0.002,456944.75
1769461,IT,AU,BASIC,VEGET,0.02,18276.86,3,3,18276.86,0.0,0.0,0.0,0.0,913843.0
1713089,IT,MT,SUGA1,HOTEL,0.05,18275.927,4,4,18275.924,0.0,0.0,0.0,0.003,365518.54
1812033,IT,WM,CERAM,PADDY,0.03,18275.257,3,3,18275.257,0.0,0.0,0.0,0.0,609175.233333
1761408,IT,IN,NONME,FURNI,0.04,18274.989,4,4,18274.987,0.0,0.0,0.0,0.002,456874.725
1775670,IT,TR,VEGET,DAIRY,0.06,18274.426,3,3,18274.426,0.0,0.0,0.0,0.0,304573.766667
1763341,IT,MX,PAPER,93197,0.07,18272.752,4,4,18272.75,0.0,0.0,0.0,0.002,261039.314286
1791914,IT,WA,SEACO,CEREA,0.02,18269.514,3,3,18269.514,0.0,0.0,0.0,0.0,913475.7
1654224,IT,CZ,MOTO1,RECRE,0.1,18268.997,3,3,18268.997,0.0,0.0,0.0,0.0,182689.97
1650737,IT,BG,HOTEL,DISTR,0.13,18268.56,3,3,18268.56,0.0,0.0,0.0,0.0,140527.384615
1760997,IT,IN,PARAF,RENTI,0.03,18267.658,3,3,18267.658,0.0,0.0,0.0,0.0,608921.933333
1642086,IT,AT,GLASS,NONF1,0.05,18265.259,3,3,18265.259,0.0,0.0,0.0,0.0,365305.18
1744780,IT,US,RESEA,CERAM,0.1,18264.806,3,3,18264.806,0.0,0.0,0.0,0.0,182648.06
1762755,IT,IN,BUSIN,ELEC2,0.19,18263.867,3,3,18263.867,0.0,0.0,0.0,0.0,96125.615789
1766314,IT,RU,NONME,PLAST,0.04,18263.324,4,4,18263.322,0.0,0.0,0.0,0.002,456583.1
1781467,IT,NO,BEVER,MOTO1,0.08,18262.681,3,3,18262.681,0.0,0.0,0.0,0.0,228283.5125
1657946,IT,DE,BASIC,ELEC6,0.02,18262.466,3,3,18262.466,0.0,0.0,0.0,0.0,913123.3
1648980,IT,BG,LEATH,ELEC5,0.13,18261.366,4,4,18261.363,0.0,0.0,0.0,0.003,140472.046154
1713326,IT,MT,KERO1,CROPS,0.03,18261.304,3,3,18261.304,0.0,0.0,0.0,0.0,608710.133333
1730638,IT,SE,RENTI,TRANS,0.11,18261.19,3,3,18261.19,0.0,0.0,0.0,0.0,166010.818182
1780066,IT,TW,WHOLE,NONME,0.16,18260.994,3,3,18260.994,0.0,0.0,0.0,0.0,114131.2125
1682773,IT,HR,HEAVY,FORES,0.03,18260.989,3,3,18260.989,0.0,0.0,0.0,0.0,608699.633333
1660243,IT,DE,POSTT,ADDIT,0.3,18260.382,3,3,18260.382,0.0,0.0,0.0,0.0,60867.94
1716206,IT,NL,ALUM1,REALE,0.03,18259.691,3,3,18259.691,0.0,0.0,0.0,0.0,608656.366667
1729174,IT,SE,GLASS,PUBLI,0.05,18259.688,3,3,18259.688,0.0,0.0,0.0,0.0,365193.76
1769800,IT,AU,MACHI,GASWO,0.1,18259.618,4,4,18259.616,0.0,0.0,0.0,0.002,182596.18
1669232,IT,ES,POSTT,FOOD1,0.3,18258.801,3,3,18258.801,0.0,0.0,0.0,0.0,60862.67
1806723,IT,WF,WHOLE,FABRI,0.16,18257.103,3,3,18257.103,0.0,0.0,0.0,0.0,114106.89375
1758187,IT,BR,NONME,93197,0.04,18256.38,4,4,18256.378,0.0,0.0,0.0,0.002,456409.5
1643366,IT,AT,RAILW,RENTI,0.12,18256.248,3,3,18256.248,0.0,0.0,0.0,0.0,152135.4
1721298,IT,PL,LANDT,FINAN,0.12,18255.23,3,3,18255.23,0.0,0.0,0.0,0.0,152126.916667
1791188,IT,WA,FURNI,FISH5,0.06,18254.737,4,4,18254.735,0.0,0.0,0.0,0.002,304245.616667
1791806,IT,WA,LANDT,FOOD5,0.12,18254.651,3,3,18254.651,0.0,0.0,0.0,0.0,152122.091667
1686787,IT,HU,FABRI,SUGA1,0.07,18254.538,3,3,18254.538,0.0,0.0,0.0,0.0,260779.114286
1762532,IT,IN,INSUR,TRAN1,0.38,18252.601,3,3,18252.601,0.0,0.0,0.0,0.0,48033.160526
1764933,IT,MX,SUPPO,SUPPO,0.13,18252.539,3,3,18252.539,0.0,0.0,0.0,0.0,140404.146154
1790190,IT,WA,PREC1,PRECI,0.03,18250.362,3,3,18250.362,0.0,0.0,0.0,0.0,608345.4
1729519,IT,SE,LEAD1,BASIC,0.03,18249.472,4,4,18249.47,0.0,0.0,0.0,0.002,608315.733333
1722046,IT,PL,BUSIN,VEGET,0.19,18247.306,3,3,18247.306,0.0,0.0,0.0,0.0,96038.452632
1660142,IT,DE,SUPPO,MEATP,0.13,18247.187,3,3,18247.187,0.0,0.0,0.0,0.0,140362.976923
1768746,IT,AU,WEARI,MACHI,0.14,18245.987,4,4,18245.984,0.0,0.0,0.0,0.003,130328.478571
1778118,IT,TR,MOTO1,REALE,0.1,18244.952,3,3,18244.952,0.0,0.0,0.0,0.0,182449.52
1672557,IT,FR,VEGET,BUSIN,0.06,18244.857,3,3,18244.857,0.0,0.0,0.0,0.0,304080.95
1765850,IT,RU,HEAVY,INLAN,0.03,18244.497,3,3,18244.497,0.0,0.0,0.0,0.0,608149.9
1651610,IT,CY,CERAM,HEALT,0.03,18244.325,3,3,18244.325,0.0,0.0,0.0,0.0,608144.166667
1737526,IT,GB,WOODW,FOUND,0.05,18243.527,3,3,18243.527,0.0,0.0,0.0,0.0,364870.54
1685966,IT,HU,BIOGA,CONST,0.04,18243.462,4,4,18243.46,0.0,0.0,0.0,0.002,456086.55
1731734,IT,SI,PULP5,MOTO1,0.06,18243.225,4,4,18243.223,0.0,0.0,0.0,0.002,304053.75
1741571,IT,US,GASDI,PFERT,0.03,18242.619,3,3,18242.619,0.0,0.0,0.0,0.0,608087.3
1761532,IT,IN,LEAD1,GLASS,0.03,18242.241,4,4,18242.239,0.0,0.0,0.0,0.002,608074.7
1662462,IT,DK,ALUM1,LEAD1,0.03,18242.053,3,3,18242.053,0.0,0.0,0.0,0.0,608068.433333
1810216,IT,WM,LEATH,SANDC,0.13,18241.056,4,4,18241.053,0.0,0.0,0.0,0.003,140315.815385
1799078,IT,WE,TEXTI,PRIVA,0.11,18239.936,4,4,18239.934,0.0,0.0,0.0,0.002,165817.6
1814917,IT,WM,PRIVA,KEROS,4.07,18239.082,4,4,18239.079,0.0,0.0,0.0,0.003,4481.346929
1724118,IT,PT,RETA1,TEXTI,0.19,18238.957,3,3,18238.957,0.0,0.0,0.0,0.0,95994.510526
1735937,IT,SK,MOTO1,WOODW,0.1,18238.301,3,3,18238.301,0.0,0.0,0.0,0.0,182383.01
1665336,IT,ES,FISH5,CHEM1,0.08,18237.221,4,4,18237.212,0.0,0.0,0.0,0.009,227965.2625
1648101,IT,BE,RESEA,REFIN,0.1,18237.046,3,3,18237.046,0.0,0.0,0.0,0.0,182370.46
1688583,IT,IE,PRINT,DIST1,0.17,18236.229,3,3,18236.229,0.0,0.0,0.0,0.0,107271.935294
1738213,IT,GB,BRICK,CRUDE,0.03,18235.949,3,3,18235.949,0.0,0.0,0.0,0.0,607864.966667
1755635,IT,KR,RUBBE,FISH5,0.06,18235.898,4,4,18235.896,0.0,0.0,0.0,0.002,303931.633333
1767045,IT,RU,FURNI,BITUM,0.06,18235.372,4,4,18235.37,0.0,0.0,0.0,0.002,303922.866667
1721319,IT,PL,LANDT,PAPE4,0.12,18234.947,3,3,18234.947,0.0,0.0,0.0,0.0,151957.891667
1675704,IT,FR,TRANS,FOOD3,0.11,18234.565,3,3,18234.565,0.0,0.0,0.0,0.0,165768.772727
1678510,IT,GR,WHEAT,ALUM1,0.01,18233.431,3,3,18233.431,0.0,0.0,0.0,0.0,1823343.1
1651272,IT,CY,DAIRY,DAIRY,0.07,18231.961,3,3,18231.961,0.0,0.0,0.0,0.0,260456.585714
1779729,IT,TR,BUSIN,LEATH,0.19,18231.892,3,3,18231.892,0.0,0.0,0.0,0.0,95957.326316
1787390,IT,WA,FORES,RETA1,0.16,18231.296,4,4,18224.296,0.0,7.0,0.0,0.0,113945.6
1786177,IT,ZA,PREC1,ALUM1,0.03,18228.82,3,3,18228.82,0.0,0.0,0.0,0.0,607627.333333
1814321,IT,WM,FINAN,GASDI,0.24,18228.172,3,3,18228.172,0.0,0.0,0.0,0.0,75950.716667
1807451,IT,WF,AUXIL,POSTT,0.33,18227.663,3,3,18227.663,0.0,0.0,0.0,0.0,55235.342424
1734822,IT,SK,PAPER,WHEAT,0.07,18226.802,4,4,18226.8,0.0,0.0,0.0,0.002,260382.885714
1769886,IT,AU,MOTO1,MEATA,0.1,18224.734,3,3,18224.734,0.0,0.0,0.0,0.0,182247.34
1659481,IT,DE,RETA1,PRINT,0.19,18223.876,3,3,18223.876,0.0,0.0,0.0,0.0,95915.136842
1758983,IT,BR,LANDT,TEXTI,0.12,18223.816,3,3,18223.816,0.0,0.0,0.0,0.0,151865.133333
1776667,IT,TR,HEAVY,KERO1,0.03,18223.806,3,3,18223.806,0.0,0.0,0.0,0.0,607460.2
1802979,IT,WF,WHEAT,NAPHT,0.01,18223.243,3,3,18223.243,0.0,0.0,0.0,0.0,1822324.3
1786909,IT,ZA,AIRTR,FABRI,0.02,18222.861,3,3,18222.861,0.0,0.0,0.0,0.0,911143.05
1793302,IT,WA,PRIVA,FURNI,4.07,18222.749,4,4,18222.746,0.0,0.0,0.0,0.003,4477.333907
1755460,IT,KR,PLAST,KEROS,0.04,18221.218,4,4,18221.216,0.0,0.0,0.0,0.002,455530.45
1733936,IT,SI,SUPPO,PULP5,0.13,18220.746,3,3,18220.746,0.0,0.0,0.0,0.0,140159.584615
1806585,IT,WF,CONST,HOTEL,0.1,18219.074,3,3,18219.074,0.0,0.0,0.0,0.0,182190.74
1669844,IT,ES,BUSIN,FOOD1,0.19,18218.964,3,3,18218.964,0.0,0.0,0.0,0.0,95889.284211
1641444,IT,AT,GASDI,RADIO,0.03,18218.809,3,3,18218.809,0.0,0.0,0.0,0.0,607293.633333
1776685,IT,TR,HEAVY,GLASS,0.03,18218.434,3,3,18218.434,0.0,0.0,0.0,0.0,607281.133333
1734459,IT,SK,FISHF,FISH5,0.03,18216.678,3,3,18216.678,0.0,0.0,0.0,0.0,607222.6
1749499,IT,CN,LUBRI,RAILW,0.02,18215.894,3,3,18215.894,0.0,0.0,0.0,0.0,910794.7
1723764,IT,PT,OFFIC,VEGE1,0.06,18214.876,3,3,18214.876,0.0,0.0,0.0,0.0,303581.266667
1671365,IT,FI,COPP1,WHOLE,0.05,18212.485,3,3,18212.485,0.0,0.0,0.0,0.0,364249.7
1735100,IT,SK,CHEM1,DIST1,0.04,18212.159,4,4,18212.157,0.0,0.0,0.0,0.002,455303.975
1659867,IT,DE,LANDT,TRAN2,0.12,18211.268,3,3,18211.268,0.0,0.0,0.0,0.0,151760.566667
1649822,IT,BG,ALUM1,GASDI,0.03,18211.179,3,3,18211.179,0.0,0.0,0.0,0.0,607039.3
1648623,IT,BG,MEAT4,HOTEL,0.1,18210.577,3,3,18210.577,0.0,0.0,0.0,0.0,182105.77
1647426,IT,BE,AIRTR,RADIO,0.02,18210.506,3,3,18210.506,0.0,0.0,0.0,0.0,910525.3
1665172,IT,ES,SUGA1,FOOD5,0.05,18210.088,4,4,18210.085,0.0,0.0,0.0,0.003,364201.76
1657126,IT,DE,PLAST,BIOGA,0.04,18209.832,4,4,18209.83,0.0,0.0,0.0,0.002,455245.8
1807943,IT,WF,PLAS1,LIQUE,0.07,18209.687,3,3,18209.687,0.0,0.0,0.0,0.0,260138.385714
1672713,IT,FR,CHEMI,VEGET,0.04,18207.287,5,5,18206.285,0.0,0.0,1.0,0.002,455182.175
1806859,IT,WF,RETA1,BUSIN,0.19,18207.219,3,3,18207.219,0.0,0.0,0.0,0.0,95827.468421
1807643,IT,WF,RESEA,RETA1,0.1,18205.151,3,3,18205.151,0.0,0.0,0.0,0.0,182051.51
1655126,IT,CZ,BUSIN,DAIRY,0.19,18204.31,3,3,18204.31,0.0,0.0,0.0,0.0,95812.157895
1801943,IT,WE,SALEM,WHOLE,0.15,18203.047,3,3,18203.047,0.0,0.0,0.0,0.0,121353.646667
1659968,IT,DE,SEACO,WHITE,0.02,18202.553,3,3,18202.553,0.0,0.0,0.0,0.0,910127.65
1767058,IT,RU,FURNI,TOBAC,0.06,18202.255,4,4,18202.253,0.0,0.0,0.0,0.002,303370.916667
1686649,IT,HU,LEAD1,SUPPO,0.03,18201.706,4,4,18201.704,0.0,0.0,0.0,0.002,606723.533333
1733357,IT,SI,TRANS,ELEC7,0.11,18201.148,3,3,18201.148,0.0,0.0,0.0,0.0,165464.981818
1713179,IT,MT,TEXTI,SUPPO,0.11,18200.043,4,4,18200.041,0.0,0.0,0.0,0.002,165454.936364
1780258,IT,TW,LANDT,MOTOR,0.12,18198.698,3,3,18198.698,0.0,0.0,0.0,0.0,151655.816667
1786903,IT,ZA,AIRTR,PRINT,0.02,18198.355,3,3,18198.355,0.0,0.0,0.0,0.0,909917.75
1788388,IT,WA,WOODW,RUBBE,0.05,18197.147,3,3,18197.147,0.0,0.0,0.0,0.0,363942.94
1789837,IT,WA,CERAM,REFI1,0.03,18196.987,3,3,18196.987,0.0,0.0,0.0,0.0,606566.233333
1813872,IT,WM,LANDT,PLAST,0.12,18196.807,3,3,18196.807,0.0,0.0,0.0,0.0,151640.058333
1801907,IT,WE,CONST,INSUR,0.1,18196.015,3,3,18196.015,0.0,0.0,0.0,0.0,181960.15
1729286,IT,SE,NONME,FORES,0.04,18195.888,4,4,18195.886,0.0,0.0,0.0,0.002,454897.2
1725183,IT,RO,DAIRY,RAWMI,0.07,18195.218,3,3,18195.218,0.0,0.0,0.0,0.0,259931.685714
1713669,IT,MT,COPP1,FURNI,0.05,18194.661,3,3,18194.661,0.0,0.0,0.0,0.0,363893.22
1751286,IT,CN,RAILW,CRUDE,0.12,18194.618,3,3,18194.618,0.0,0.0,0.0,0.0,151621.816667
1642596,IT,AT,FABRI,MEAT4,0.07,18194.239,3,3,18194.239,0.0,0.0,0.0,0.0,259917.7
1808530,IT,WF,PAPE4,COPPE,0.12,18193.289,3,3,18193.289,0.0,0.0,0.0,0.0,151610.741667
1813686,IT,WM,RETA1,SALEM,0.19,18192.618,3,3,18192.618,0.0,0.0,0.0,0.0,95750.621053
1784631,IT,ID,MACHI,INLAN,0.1,18192.455,3,3,18192.455,0.0,0.0,0.0,0.0,181924.55
1771239,IT,CH,VEGE1,RADIO,0.06,18192.415,4,4,18192.411,0.0,0.0,0.0,0.004,303206.916667
1682294,IT,HR,LEATH,RESEA,0.13,18192.196,4,4,18192.193,0.0,0.0,0.0,0.003,139939.969231
1763897,IT,MX,BASIC,COKIN,0.02,18192.048,3,3,18192.048,0.0,0.0,0.0,0.0,909602.4
1755015,IT,KR,WEARI,PRINT,0.14,18191.506,4,4,18191.503,0.0,0.0,0.0,0.003,129939.328571
1665358,IT,ES,TEXTI,CROPS,0.11,18191.422,4,4,18191.42,0.0,0.0,0.0,0.002,165376.563636
1743735,IT,US,LANDT,MEATC,0.12,18191.379,3,3,18191.379,0.0,0.0,0.0,0.0,151594.825
1800205,IT,WE,PLAST,STONE,0.04,18191.14,4,4,18191.138,0.0,0.0,0.0,0.002,454778.5
1759903,IT,BR,PAPE1,SUPPO,0.13,18191.102,3,3,18191.102,0.0,0.0,0.0,0.0,139931.553846
1786810,IT,ZA,HOTEL,TRANS,0.13,18191.025,3,3,18191.025,0.0,0.0,0.0,0.0,139930.961538
1656997,IT,DE,LIQUE,SEWAG,0.03,18190.839,3,3,18190.839,0.0,0.0,0.0,0.0,606361.3
1752444,IT,CA,DAIRY,ETHAN,0.07,18190.395,3,3,18190.395,0.0,0.0,0.0,0.0,259862.785714
1740879,IT,US,DAIRY,INSUR,0.07,18189.629,3,3,18189.629,0.0,0.0,0.0,0.0,259851.842857
1671016,IT,FI,RUBBE,MEATA,0.06,18188.821,4,4,18188.819,0.0,0.0,0.0,0.002,303147.016667
1788795,IT,WA,KEROS,NONSP,0.03,18188.647,3,3,18188.647,0.0,0.0,0.0,0.0,606288.233333
1765623,IT,RU,WOODW,TRANS,0.05,18188.077,3,3,18188.077,0.0,0.0,0.0,0.0,363761.54
1779136,IT,TR,SUPPO,RECRE,0.13,18188.02,3,3,18188.02,0.0,0.0,0.0,0.0,139907.846154
1728747,IT,SE,GASDI,CEREA,0.03,18187.763,3,3,18187.763,0.0,0.0,0.0,0.0,606258.766667
1760773,IT,IN,PRINT,FURNI,0.17,18184.89,3,3,18184.89,0.0,0.0,0.0,0.0,106969.941176
1781792,IT,NO,PRINT,RECRE,0.17,18184.695,3,3,18184.695,0.0,0.0,0.0,0.0,106968.794118
1755963,IT,KR,PREC1,REALE,0.03,18184.04,3,3,18184.04,0.0,0.0,0.0,0.0,606134.666667
1730463,IT,SE,POSTT,INSUR,0.3,18183.777,3,3,18183.777,0.0,0.0,0.0,0.0,60612.59
1806033,IT,WF,COPP1,OXYGE,0.05,18182.301,3,3,18182.301,0.0,0.0,0.0,0.0,363646.02
1769509,IT,AU,BASIC,PUBLI,0.02,18181.68,3,3,18181.68,0.0,0.0,0.0,0.0,909084.0
1646439,IT,BE,MACHI,SUGA1,0.1,18181.622,3,3,18181.622,0.0,0.0,0.0,0.0,181816.22
1684780,IT,HU,CATTL,MEATC,0.04,18180.781,3,3,18180.781,0.0,0.0,0.0,0.0,454519.525
1776791,IT,TR,NAPHT,KEROS,0.03,18180.243,3,3,18180.243,0.0,0.0,0.0,0.0,606008.1
1723759,IT,PT,OFFIC,STONE,0.06,18179.105,3,3,18179.105,0.0,0.0,0.0,0.0,302985.083333
1766574,IT,RU,COPP1,RENTI,0.05,18178.535,3,3,18178.535,0.0,0.0,0.0,0.0,363570.7
1764897,IT,MX,AIRTR,SALEM,0.02,18178.22,3,3,18178.22,0.0,0.0,0.0,0.0,908911.0
1729365,IT,SE,BASIC,FISH5,0.02,18178.209,3,3,18178.209,0.0,0.0,0.0,0.0,908910.45
1804951,IT,WF,NONSP,RUBBE,0.02,18177.061,3,3,18177.061,0.0,0.0,0.0,0.0,908853.05
1687179,IT,HU,FURNI,RENTI,0.06,18177.031,4,4,18177.029,0.0,0.0,0.0,0.002,302950.516667
1660971,IT,DE,BUSIN,NONF1,0.19,18175.385,3,3,18175.385,0.0,0.0,0.0,0.0,95659.921053
1783515,IT,NO,OILHA,FABRI,0.1,18175.322,3,3,18175.322,0.0,0.0,0.0,0.0,181753.22
1652178,IT,CZ,VEGE1,HEALT,0.06,18174.891,4,4,18174.887,0.0,0.0,0.0,0.004,302914.85
1812244,IT,WM,NONME,RAILW,0.04,18174.315,4,4,18174.313,0.0,0.0,0.0,0.002,454357.875
1646438,IT,BE,MACHI,VEGE1,0.1,18173.519,3,3,18173.519,0.0,0.0,0.0,0.0,181735.19
1790688,IT,WA,FABRI,BLAST,0.07,18170.266,3,3,18170.266,0.0,0.0,0.0,0.0,259575.228571
1682143,IT,HR,TEXTI,COLLE,0.11,18168.898,4,4,18168.896,0.0,0.0,0.0,0.002,165171.8
1665806,IT,ES,PAPER,PLAS2,0.07,18168.535,4,4,18168.533,0.0,0.0,0.0,0.002,259550.5
1652835,IT,CZ,PRINT,CONST,0.17,18168.511,3,3,18168.511,0.0,0.0,0.0,0.0,106873.594118
1752124,IT,CN,BUSIN,ELEC2,0.19,18168.467,3,3,18168.467,0.0,0.0,0.0,0.0,95623.510526
1737076,IT,GB,CHEMI,CEMEN,0.04,18167.634,5,5,18166.632,0.0,0.0,1.0,0.002,454190.85
1666622,IT,ES,CHEM1,POSTT,0.04,18167.52,4,4,18167.518,0.0,0.0,0.0,0.002,454188.0
1797080,IT,WL,POSTT,VEGET,0.3,18167.315,3,3,18167.315,0.0,0.0,0.0,0.0,60557.716667
1741174,IT,US,LEATH,SALEM,0.13,18166.957,4,4,18166.954,0.0,0.0,0.0,0.003,139745.823077
1798166,IT,WE,WHEAT,COMPU,0.01,18166.012,3,3,18166.012,0.0,0.0,0.0,0.0,1816601.2
1738718,IT,GB,MACHI,TRAN2,0.1,18163.665,3,3,18163.665,0.0,0.0,0.0,0.0,181636.65
1652784,IT,CZ,PAPER,INERT,0.07,18163.308,4,4,18163.306,0.0,0.0,0.0,0.002,259475.828571
1714708,IT,NL,VEGE1,COMPU,0.06,18163.144,4,4,18163.14,0.0,0.0,0.0,0.004,302719.066667
1661532,IT,DK,FOOD5,MEMBE,0.09,18162.796,4,4,18162.794,0.0,0.0,0.0,0.002,201808.844444
1808503,IT,WF,FOOD4,COMPU,0.13,18162.302,3,3,18162.302,0.0,0.0,0.0,0.0,139710.015385
1641415,IT,AT,GASDI,NONFE,0.03,18162.203,3,3,18162.203,0.0,0.0,0.0,0.0,605406.766667
1773219,IT,CH,FABRI,FOUND,0.07,18162.067,3,3,18162.067,0.0,0.0,0.0,0.0,259458.1
1680681,IT,GR,WHOLE,ELEC5,0.16,18159.138,3,3,18159.138,0.0,0.0,0.0,0.0,113494.6125
1772770,IT,CH,NONME,MOTOR,0.04,18158.573,4,4,18158.571,0.0,0.0,0.0,0.002,453964.325
1648158,IT,BE,BUSIN,PROCE,0.19,18157.526,3,3,18157.526,0.0,0.0,0.0,0.0,95565.926316
1717692,IT,NL,BUSIN,TRAN1,0.19,18157.094,3,3,18157.094,0.0,0.0,0.0,0.0,95563.652632
1732540,IT,SI,RUBBE,ELEC1,0.06,18156.469,4,4,18156.467,0.0,0.0,0.0,0.002,302607.816667
1685633,IT,HU,MOTOR,SUPPO,0.03,18156.312,3,3,18156.312,0.0,0.0,0.0,0.0,605210.4
1721393,IT,PL,SEACO,OFFIC,0.02,18155.102,3,3,18155.102,0.0,0.0,0.0,0.0,907755.1
1739858,IT,GB,FINAN,BASIC,0.24,18153.141,3,3,18153.141,0.0,0.0,0.0,0.0,75638.0875
1728902,IT,SE,CHEM1,REFI1,0.04,18152.728,4,4,18152.726,0.0,0.0,0.0,0.002,453818.2
1689488,IT,IE,HOTEL,PAPE4,0.13,18152.658,3,3,18152.658,0.0,0.0,0.0,0.0,139635.830769
1740542,IT,GB,93197,HEALT,0.12,18152.311,4,4,18152.309,0.0,0.0,0.0,0.002,151269.258333
1806748,IT,WF,WHOLE,AIRTR,0.16,18152.165,3,3,18152.165,0.0,0.0,0.0,0.0,113451.03125
1666825,IT,ES,RUBBE,TEXT2,0.06,18149.115,4,4,18149.113,0.0,0.0,0.0,0.002,302485.25
1712661,IT,LV,CONST,FORES,0.1,18149.056,3,3,18149.056,0.0,0.0,0.0,0.0,181490.56
1781100,IT,TW,PUBLI,WHOLE,0.3,18148.547,3,3,18148.547,0.0,0.0,0.0,0.0,60495.156667
1673631,IT,FR,WOODW,FINAN,0.05,18147.222,3,3,18147.222,0.0,0.0,0.0,0.0,362944.44
1641505,IT,AT,HEAVY,MEAT4,0.03,18147.124,3,3,18147.124,0.0,0.0,0.0,0.0,604904.133333
1746725,IT,JP,FABRI,COLLE,0.07,18146.696,3,3,18146.696,0.0,0.0,0.0,0.0,259238.514286
1712184,IT,LV,WOODW,FURNI,0.05,18146.537,3,3,18146.537,0.0,0.0,0.0,0.0,362930.74
1746038,IT,JP,PAPER,SUPPO,0.07,18145.076,4,4,18145.074,0.0,0.0,0.0,0.002,259215.371429
1813310,IT,WM,TRANS,PUBLI,0.11,18144.536,3,3,18144.536,0.0,0.0,0.0,0.0,164950.327273
1653399,IT,CZ,CERAM,MACHI,0.03,18143.845,3,3,18143.845,0.0,0.0,0.0,0.0,604794.833333
1687956,IT,HU,RENTI,PULP5,0.11,18143.818,3,3,18143.818,0.0,0.0,0.0,0.0,164943.8
1740781,IT,US,MEAT4,BUSIN,0.1,18143.194,3,3,18143.194,0.0,0.0,0.0,0.0,181431.94
1786608,IT,ZA,SALEM,LANDT,0.15,18142.983,3,3,18142.983,0.0,0.0,0.0,0.0,120953.22
1782673,IT,NO,WHOLE,MOTOR,0.16,18142.429,3,3,18142.429,0.0,0.0,0.0,0.0,113390.18125
1661810,IT,DK,WOODW,MOTO1,0.05,18140.322,3,3,18140.322,0.0,0.0,0.0,0.0,362806.44
1669980,IT,ES,EDUCA,RESEA,0.45,18139.352,3,3,18139.352,0.0,0.0,0.0,0.0,40309.671111
1785202,IT,ZA,BEVER,FABRI,0.08,18138.721,3,3,18138.721,0.0,0.0,0.0,0.0,226734.0125
1681688,IT,HR,MEATA,MEAT4,0.1,18137.536,4,4,18137.533,0.0,0.0,0.0,0.003,181375.36
1648196,IT,BE,BUSIN,BRICK,0.19,18137.095,3,3,18137.095,0.0,0.0,0.0,0.0,95458.394737
1771532,IT,CH,TEXTI,DAIRY,0.11,18135.308,4,4,18135.306,0.0,0.0,0.0,0.002,164866.436364
1690147,IT,IE,COMPU,EDUCA,0.21,18134.46,3,3,18134.46,0.0,0.0,0.0,0.0,86354.571429
1641154,IT,AT,PRINT,BEVER,0.17,18134.428,3,3,18134.428,0.0,0.0,0.0,0.0,106673.105882
1686041,IT,HU,BIODI,93197,0.04,18133.927,4,4,18133.925,0.0,0.0,0.0,0.002,453348.175
1786409,IT,ZA,MACHI,SEACO,0.1,18133.883,3,3,18133.883,0.0,0.0,0.0,0.0,181338.83
1690341,IT,IE,FOOD3,STONE,0.05,18131.678,3,3,18131.678,0.0,0.0,0.0,0.0,362633.56
1662273,IT,DK,CERAM,PUBLI,0.03,18131.493,3,3,18131.493,0.0,0.0,0.0,0.0,604383.1
1765593,IT,RU,WOODW,BITUM,0.05,18130.475,3,3,18130.475,0.0,0.0,0.0,0.0,362609.5
1731973,IT,SI,AVIAT,FURNI,0.04,18130.123,3,3,18130.123,0.0,0.0,0.0,0.0,453253.075
1737997,IT,GB,CHEM1,PAPE4,0.04,18130.05,4,4,18130.048,0.0,0.0,0.0,0.002,453251.25
1753272,IT,CA,NONME,NATUR,0.04,18129.795,4,4,18129.793,0.0,0.0,0.0,0.002,453244.875
1723363,IT,PT,BASIC,COPPE,0.02,18129.591,3,3,18129.591,0.0,0.0,0.0,0.0,906479.55
1796713,IT,WL,RAILW,RESEA,0.12,18129.449,3,3,18129.449,0.0,0.0,0.0,0.0,151078.741667
1791310,IT,WA,CONST,HEALT,0.1,18128.783,3,3,18128.783,0.0,0.0,0.0,0.0,181287.83
1710527,IT,LT,SUPPO,OFFIC,0.13,18128.583,3,3,18128.583,0.0,0.0,0.0,0.0,139450.638462
1687444,IT,HU,RAILW,CHEM1,0.12,18126.667,3,3,18126.667,0.0,0.0,0.0,0.0,151055.558333
1718764,IT,PL,PAPER,POULT,0.07,18125.949,4,4,18125.947,0.0,0.0,0.0,0.002,258942.128571
1648767,IT,BG,BEVER,DAIRY,0.08,18125.639,3,3,18125.639,0.0,0.0,0.0,0.0,226570.4875
1686466,IT,HU,BASIC,PLAS2,0.02,18125.269,3,3,18125.269,0.0,0.0,0.0,0.0,906263.45
1724133,IT,PT,RETA1,FOUND,0.19,18125.246,3,3,18125.246,0.0,0.0,0.0,0.0,95396.031579
1782527,IT,NO,OFFIC,RETA1,0.06,18124.517,3,3,18124.517,0.0,0.0,0.0,0.0,302075.283333
1652854,IT,CZ,PRINT,MEMBE,0.17,18121.532,3,3,18121.532,0.0,0.0,0.0,0.0,106597.247059
1710229,IT,LT,OFFIC,SUPPO,0.06,18121.393,3,3,18121.393,0.0,0.0,0.0,0.0,302023.216667
1667396,IT,ES,COPP1,NONF1,0.05,18120.773,3,3,18120.773,0.0,0.0,0.0,0.0,362415.46
1807130,IT,WF,AIRTR,COPPE,0.02,18119.772,3,3,18119.772,0.0,0.0,0.0,0.0,905988.6
1721272,IT,PL,LANDT,ELEC2,0.12,18119.394,3,3,18119.394,0.0,0.0,0.0,0.0,150994.95
1657996,IT,DE,PREC1,CHEMI,0.03,18118.663,3,3,18118.663,0.0,0.0,0.0,0.0,603955.433333
1771941,IT,CH,PAPER,PREC1,0.07,18117.948,4,4,18117.946,0.0,0.0,0.0,0.002,258827.828571
1771768,IT,CH,LEATH,RETAI,0.13,18117.909,4,4,18117.906,0.0,0.0,0.0,0.003,139368.530769
1669246,IT,ES,POSTT,93197,0.3,18116.067,3,3,18116.067,0.0,0.0,0.0,0.0,60386.89
1650079,IT,BG,MACHI,AIRTR,0.1,18113.868,3,3,18113.868,0.0,0.0,0.0,0.0,181138.68
1794109,IT,WL,PAPER,MACHI,0.07,18112.737,4,4,18112.735,0.0,0.0,0.0,0.002,258753.385714
1747248,IT,JP,WHOLE,CROPS,0.16,18112.468,3,3,18112.468,0.0,0.0,0.0,0.0,113202.925
1676668,IT,FR,RAILW,MEAT1,0.12,18112.292,3,3,18112.292,0.0,0.0,0.0,0.0,150935.766667
1771256,IT,CH,VEGE1,LANDT,0.06,18112.04,4,4,18112.036,0.0,0.0,0.0,0.004,301867.333333
1753054,IT,CA,CHEM1,EDUCA,0.04,18111.986,4,4,18111.984,0.0,0.0,0.0,0.002,452799.65
1792665,IT,WA,RESEA,RADIO,0.1,18111.434,3,3,18111.434,0.0,0.0,0.0,0.0,181114.34
1732422,IT,SI,PLAST,COMPU,0.04,18111.192,4,4,18111.19,0.0,0.0,0.0,0.002,452779.8
1774806,IT,CH,POSTT,FURNI,0.3,18111.081,3,3,18111.081,0.0,0.0,0.0,0.0,60370.27
1756394,IT,KR,FURNI,SALEM,0.06,18111.016,4,4,18111.014,0.0,0.0,0.0,0.002,301850.266667
1786036,IT,ZA,CERAM,NONFE,0.03,18109.243,3,3,18109.243,0.0,0.0,0.0,0.0,603641.433333
1656742,IT,DE,MOTOR,EDUCA,0.03,18108.583,3,3,18108.583,0.0,0.0,0.0,0.0,603619.433333
1663579,IT,DK,RESEA,PUBLI,0.1,18108.331,3,3,18108.331,0.0,0.0,0.0,0.0,181083.31
1800780,IT,WE,BASIC,MEATA,0.02,18107.297,3,3,18107.297,0.0,0.0,0.0,0.0,905364.85
1645963,IT,BE,CERAM,PUBLI,0.03,18106.469,3,3,18106.469,0.0,0.0,0.0,0.0,603548.966667
1797720,IT,WL,PLAS1,AUXIL,0.06,18105.083,3,3,18105.083,0.0,0.0,0.0,0.0,301751.383333
1640193,IT,AT,OILSE,BIODI,0.01,18104.895,3,3,18104.895,0.0,0.0,0.0,0.0,1810489.5
1781150,IT,TW,PAPE3,PUBLI,0.05,18100.688,3,3,18100.688,0.0,0.0,0.0,0.0,362013.76
1749738,IT,CN,ADDIT,TOBAC,0.04,18100.66,3,3,18100.66,0.0,0.0,0.0,0.0,452516.5
1744737,IT,US,RESEA,MEATC,0.1,18100.443,3,3,18100.443,0.0,0.0,0.0,0.0,181004.43
1769567,IT,AU,ALUM1,HEALT,0.03,18099.598,3,3,18099.598,0.0,0.0,0.0,0.0,603319.933333
1641152,IT,AT,PRINT,DAIRY,0.17,18098.645,3,3,18098.645,0.0,0.0,0.0,0.0,106462.617647
1793168,IT,WA,93197,PFERT,0.12,18098.471,4,4,18098.469,0.0,0.0,0.0,0.002,150820.591667
1759002,IT,BR,LANDT,ELECT,0.12,18097.936,3,3,18097.936,0.0,0.0,0.0,0.0,150816.133333
1643478,IT,AT,LANDT,SEACO,0.12,18096.776,3,3,18096.776,0.0,0.0,0.0,0.0,150806.466667
1772482,IT,CH,BIODI,SEACO,0.04,18094.359,4,4,18094.357,0.0,0.0,0.0,0.002,452358.975
1716520,IT,NL,MOTO1,FABRI,0.1,18093.736,3,3,18093.736,0.0,0.0,0.0,0.0,180937.36
1733610,IT,SI,HOTEL,TEXTI,0.13,18093.085,3,3,18093.085,0.0,0.0,0.0,0.0,139177.576923
1746203,IT,JP,CHEM1,PRECI,0.04,18091.198,4,4,18091.196,0.0,0.0,0.0,0.002,452279.95
1666251,IT,ES,HEAVY,ELEC2,0.03,18091.197,3,3,18091.197,0.0,0.0,0.0,0.0,603039.9
1800049,IT,WE,LIQUE,MOTOR,0.03,18091.146,3,3,18091.146,0.0,0.0,0.0,0.0,603038.2
1684274,IT,HR,AIRTR,WEARI,0.02,18089.619,3,3,18089.619,0.0,0.0,0.0,0.0,904480.95
1659732,IT,DE,RAILW,HOTEL,0.12,18089.566,3,3,18089.566,0.0,0.0,0.0,0.0,150746.383333
1804884,IT,WF,BITU1,PLAST,0.03,18088.931,3,3,18088.931,0.0,0.0,0.0,0.0,602964.366667
1717309,IT,NL,FINAN,MEATP,0.24,18088.841,3,3,18088.841,0.0,0.0,0.0,0.0,75370.170833
1813799,IT,WM,RAILW,GASDI,0.12,18088.769,3,3,18088.769,0.0,0.0,0.0,0.0,150739.741667
1681513,IT,GR,BUSIN,LEATH,0.19,18088.514,3,3,18088.514,0.0,0.0,0.0,0.0,95202.705263
1733058,IT,SI,COPP1,DISTR,0.05,18086.201,3,3,18086.201,0.0,0.0,0.0,0.0,361724.02
1717919,IT,PL,FISHF,DIST1,0.03,18085.535,3,3,18085.535,0.0,0.0,0.0,0.0,602851.166667
1729261,IT,SE,CEMEN,COPPE,0.03,18084.73,3,3,18084.73,0.0,0.0,0.0,0.0,602824.333333
1812292,IT,WM,BASIC,STONE,0.02,18083.537,3,3,18083.537,0.0,0.0,0.0,0.0,904176.85
1813895,IT,WM,LANDT,TRAN1,0.12,18083.339,3,3,18083.339,0.0,0.0,0.0,0.0,150694.491667
1794484,IT,WL,GASDI,NONF1,0.03,18083.28,3,3,18083.28,0.0,0.0,0.0,0.0,602776.0
1646817,IT,BE,SALEM,RENTI,0.15,18083.262,3,3,18083.262,0.0,0.0,0.0,0.0,120555.08
1744956,IT,US,BUSIN,SEACO,0.19,18083.18,3,3,18083.18,0.0,0.0,0.0,0.0,95174.631579
1718742,IT,PL,PULP5,CONST,0.06,18082.494,4,4,18082.492,0.0,0.0,0.0,0.002,301374.9
1755353,IT,KR,PRINT,POSTT,0.17,18081.42,3,3,18081.42,0.0,0.0,0.0,0.0,106361.294118
1789881,IT,WA,BRICK,FORES,0.03,18081.401,3,3,18081.401,0.0,0.0,0.0,0.0,602713.366667
1786857,IT,ZA,SEACO,FISHF,0.02,18081.216,3,3,18081.216,0.0,0.0,0.0,0.0,904060.8
1806520,IT,WF,FURNI,VEGET,0.06,18080.08,4,4,18080.078,0.0,0.0,0.0,0.002,301334.666667
1662524,IT,DK,COPP1,COMPU,0.05,18080.068,3,3,18080.068,0.0,0.0,0.0,0.0,361601.36
1714424,IT,NL,OILSE,DAIRY,0.01,18079.756,3,3,18079.756,0.0,0.0,0.0,0.0,1807975.6
1768634,IT,AU,FISH5,HEALT,0.08,18078.808,4,4,18078.799,0.0,0.0,0.0,0.009,225985.1
1743904,IT,US,SEACO,ELEC1,0.02,18078.404,3,3,18078.404,0.0,0.0,0.0,0.0,903920.2
1760900,IT,IN,GASDI,POSTT,0.03,18078.276,3,3,18078.276,0.0,0.0,0.0,0.0,602609.2
1732396,IT,SI,PLAST,ALUM1,0.04,18078.229,4,4,18078.227,0.0,0.0,0.0,0.002,451955.725
1664446,IT,EE,MACHI,POSTT,0.1,18077.143,3,3,18077.143,0.0,0.0,0.0,0.0,180771.43
1726634,IT,RO,MOTO1,BLAST,0.1,18076.378,3,3,18076.378,0.0,0.0,0.0,0.0,180763.78
1660915,IT,DE,BUSIN,CHEMI,0.19,18076.324,3,3,18076.324,0.0,0.0,0.0,0.0,95138.547368
1777639,IT,TR,ALUM1,LANDT,0.03,18075.837,3,3,18075.837,0.0,0.0,0.0,0.0,602527.9
1727199,IT,RO,SUPPO,CEREA,0.13,18075.758,3,3,18075.758,0.0,0.0,0.0,0.0,139044.292308
1723370,IT,PT,BASIC,WEARI,0.02,18074.686,3,3,18074.686,0.0,0.0,0.0,0.0,903734.3
1673438,IT,FR,WEARI,TRAN1,0.14,18074.314,4,4,18074.311,0.0,0.0,0.0,0.003,129102.242857
1712748,IT,LV,LANDT,FOOD5,0.12,18072.933,3,3,18072.933,0.0,0.0,0.0,0.0,150607.775
1811191,IT,WM,NAPHT,RETAI,0.03,18072.339,3,3,18072.339,0.0,0.0,0.0,0.0,602411.3
1783239,IT,NO,BUSIN,HEALT,0.19,18072.036,3,3,18072.036,0.0,0.0,0.0,0.0,95115.978947
1689203,IT,IE,RETAI,MOTO1,0.14,18071.666,3,3,18071.666,0.0,0.0,0.0,0.0,129083.328571
1783744,IT,NO,PAPE4,FISHF,0.12,18071.429,3,3,18071.429,0.0,0.0,0.0,0.0,150595.241667
1785056,IT,ID,BUSIN,BUSIN,0.19,18070.619,3,3,18070.619,0.0,0.0,0.0,0.0,95108.521053
1715173,IT,NL,WOODW,RAWMI,0.05,18070.226,3,3,18070.226,0.0,0.0,0.0,0.0,361404.52
1687491,IT,HU,LANDT,CRUDE,0.12,18069.402,3,3,18069.402,0.0,0.0,0.0,0.0,150578.35
1787898,IT,WA,BEVER,MOTOR,0.08,18069.38,3,3,18069.38,0.0,0.0,0.0,0.0,225867.25
1753387,IT,CA,ALUM1,BUSIN,0.03,18067.28,3,3,18067.28,0.0,0.0,0.0,0.0,602242.666667
1718730,IT,PL,PULP5,PFERT,0.06,18067.046,4,4,18067.044,0.0,0.0,0.0,0.002,301117.433333
1788437,IT,WA,PULP5,DAIRY,0.06,18066.366,4,4,18066.364,0.0,0.0,0.0,0.002,301106.1
1718066,IT,PL,MEATP,RETA1,0.07,18065.471,4,4,18065.469,0.0,0.0,0.0,0.002,258078.157143
1753822,IT,CA,WHOLE,RUBBE,0.16,18063.225,3,3,18063.225,0.0,0.0,0.0,0.0,112895.15625
1712702,IT,LV,HOTEL,OFFIC,0.13,18060.966,3,3,18060.966,0.0,0.0,0.0,0.0,138930.507692
1767998,IT,RU,COMPU,EDUCA,0.21,18059.295,3,3,18059.295,0.0,0.0,0.0,0.0,85996.642857
1662401,IT,DK,BASIC,INERT,0.02,18058.92,3,3,18058.92,0.0,0.0,0.0,0.0,902946.0
1756116,IT,KR,FABRI,FINAN,0.07,18058.113,3,3,18058.113,0.0,0.0,0.0,0.0,257973.042857
1766023,IT,RU,CHEM1,SECO9,0.04,18057.552,4,4,18057.55,0.0,0.0,0.0,0.002,451438.8
1709773,IT,LT,RUBBE,MEAT4,0.06,18057.281,4,4,18057.279,0.0,0.0,0.0,0.002,300954.683333
1749015,IT,CN,LEATH,GLASS,0.13,18055.886,4,4,18055.883,0.0,0.0,0.0,0.003,138891.430769
1754764,IT,KR,DAIRY,RESEA,0.07,18053.863,3,3,18053.863,0.0,0.0,0.0,0.0,257912.328571
1648275,IT,BE,BUSIN,93197,0.19,18051.507,3,3,18051.507,0.0,0.0,0.0,0.0,95007.931579
1775113,IT,CH,COMPU,MACHI,0.21,18051.49,3,3,18051.49,0.0,0.0,0.0,0.0,85959.47619
1779913,IT,TW,CONST,WOODW,0.1,18051.409,3,3,18051.409,0.0,0.0,0.0,0.0,180514.09
1673579,IT,FR,WOODW,MEATP,0.05,18051.23,3,3,18051.23,0.0,0.0,0.0,0.0,361024.6
1646310,IT,BE,COPP1,INERT,0.05,18050.784,3,3,18050.784,0.0,0.0,0.0,0.0,361015.68
1733615,IT,SI,HOTEL,PRINT,0.13,18050.497,3,3,18050.497,0.0,0.0,0.0,0.0,138849.976923
1740899,IT,US,PROCE,HOTEL,0.12,18050.412,3,3,18050.412,0.0,0.0,0.0,0.0,150420.1
1664857,IT,ES,ANIMA,SEWAG,0.07,18050.217,3,3,18050.217,0.0,0.0,0.0,0.0,257860.242857
1790619,IT,WA,FABRI,SANDC,0.07,18047.986,3,3,18047.986,0.0,0.0,0.0,0.0,257828.371429
1789612,IT,WA,RUBBE,STONE,0.06,18047.347,4,4,18047.345,0.0,0.0,0.0,0.002,300789.116667
1661770,IT,DK,LEATH,HOTEL,0.13,18047.185,4,4,18047.182,0.0,0.0,0.0,0.003,138824.5
1802430,IT,WE,AIRTR,RAILW,0.02,18045.957,3,3,18045.957,0.0,0.0,0.0,0.0,902297.85
1725452,IT,RO,WEARI,FORES,0.14,18045.84,4,4,18045.837,0.0,0.0,0.0,0.003,128898.857143
1732566,IT,SI,RUBBE,COMPU,0.06,18044.888,4,4,18044.886,0.0,0.0,0.0,0.002,300748.133333
1806589,IT,WF,CONST,FINAN,0.1,18044.116,3,3,18044.116,0.0,0.0,0.0,0.0,180441.16
1677664,IT,FR,RENTI,VEGET,0.11,18043.606,3,3,18043.606,0.0,0.0,0.0,0.0,164032.781818
1773666,IT,CH,FURNI,KEROS,0.06,18043.202,4,4,18043.2,0.0,0.0,0.0,0.002,300720.033333
1758217,IT,BR,BASIC,NONSP,0.02,18041.694,3,3,18041.694,0.0,0.0,0.0,0.0,902084.7
1715717,IT,NL,PLAST,BRICK,0.04,18041.298,4,4,18041.296,0.0,0.0,0.0,0.002,451032.45
1755800,IT,KR,CERAM,OFFIC,0.03,18040.943,3,3,18040.943,0.0,0.0,0.0,0.0,601364.766667
1731120,IT,SI,FISHF,RESEA,0.03,18040.353,3,3,18040.353,0.0,0.0,0.0,0.0,601345.1
1748696,IT,CN,FOOD5,RUBBE,0.09,18040.145,4,4,18040.143,0.0,0.0,0.0,0.002,200446.055556
1791125,IT,WA,TRANS,TRAN2,0.11,18040.142,3,3,18040.142,0.0,0.0,0.0,0.0,164001.290909
1644491,IT,BE,DAIRY,CHEMI,0.07,18039.468,3,3,18039.468,0.0,0.0,0.0,0.0,257706.685714
1652305,IT,CZ,BEVER,FABRI,0.08,18038.395,3,3,18038.395,0.0,0.0,0.0,0.0,225479.9375
1716453,IT,NL,OFFIC,BEVER,0.06,18038.237,3,3,18038.237,0.0,0.0,0.0,0.0,300637.283333
1764819,IT,MX,SEACO,PULP5,0.02,18037.912,3,3,18037.912,0.0,0.0,0.0,0.0,901895.6
1653013,IT,CZ,PLAST,LIQUE,0.04,18037.886,4,4,18037.884,0.0,0.0,0.0,0.002,450947.15
1740922,IT,US,FOOD5,WEARI,0.09,18037.41,4,4,18037.408,0.0,0.0,0.0,0.002,200415.666667
1785475,IT,ZA,PRINT,PUBLI,0.17,18036.531,3,3,18036.531,0.0,0.0,0.0,0.0,106097.241176
1647683,IT,BE,FINAN,COMPU,0.23,18036.408,3,3,18036.408,0.0,0.0,0.0,0.0,78419.165217
1658893,IT,DE,TRANS,RECRE,0.11,18035.852,3,3,18035.852,0.0,0.0,0.0,0.0,163962.290909
1756799,IT,KR,AIRTR,BUSIN,0.02,18035.494,3,3,18035.494,0.0,0.0,0.0,0.0,901774.7
1780594,IT,TW,INSUR,PAPER,0.37,18035.139,3,3,18035.139,0.0,0.0,0.0,0.0,48743.618919
1780108,IT,TW,HOTEL,FISHF,0.13,18034.96,3,3,18034.96,0.0,0.0,0.0,0.0,138730.461538
1804819,IT,WF,NAPHT,BLAST,0.03,18034.71,3,3,18034.71,0.0,0.0,0.0,0.0,601157.0
1759308,IT,BR,POSTT,INSUR,0.3,18034.326,3,3,18034.326,0.0,0.0,0.0,0.0,60114.42
1664798,IT,ES,VEGET,SUGA1,0.06,18033.991,3,3,18033.991,0.0,0.0,0.0,0.0,300566.516667
1762637,IT,IN,COMPU,MOTO1,0.21,18032.735,3,3,18032.735,0.0,0.0,0.0,0.0,85870.166667
1760290,IT,IN,FORES,FORES,0.16,18031.767,4,4,18024.767,0.0,7.0,0.0,0.0,112698.54375
1766413,IT,RU,BASIC,ELEC1,0.02,18031.27,3,3,18031.27,0.0,0.0,0.0,0.0,901563.5
1805278,IT,WF,ADDIT,MEATA,0.04,18030.15,3,3,18030.15,0.0,0.0,0.0,0.0,450753.75
1712501,IT,LV,FABRI,FISH5,0.07,18030.068,3,3,18030.068,0.0,0.0,0.0,0.0,257572.4
1800154,IT,WE,NONSP,MEAT1,0.02,18029.573,3,3,18029.573,0.0,0.0,0.0,0.0,901478.65
1788800,IT,WA,KEROS,OFFIC,0.03,18029.278,3,3,18029.278,0.0,0.0,0.0,0.0,600975.933333
1652740,IT,CZ,PAPER,TRANS,0.07,18028.736,4,4,18028.734,0.0,0.0,0.0,0.002,257553.371429
1654973,IT,CZ,INSUR,LANDT,0.37,18028.682,3,3,18028.682,0.0,0.0,0.0,0.0,48726.167568
1741544,IT,US,GASDI,PADDY,0.03,18028.604,3,3,18028.604,0.0,0.0,0.0,0.0,600953.466667
1749754,IT,CN,ADDIT,LUBRI,0.04,18027.893,3,3,18027.893,0.0,0.0,0.0,0.0,450697.325
1772633,IT,CH,GLASS,BASIC,0.05,18027.265,3,3,18027.265,0.0,0.0,0.0,0.0,360545.3
1673112,IT,FR,FOOD5,OILHA,0.09,18025.565,4,4,18025.563,0.0,0.0,0.0,0.002,200284.055556
1781996,IT,NO,RUBBE,NONME,0.06,18025.31,4,4,18025.308,0.0,0.0,0.0,0.002,300421.833333
1787864,IT,WA,FOOD5,POSTT,0.09,18024.175,4,4,18024.173,0.0,0.0,0.0,0.002,200268.611111
1653085,IT,CZ,CHEM1,COKIN,0.04,18023.588,4,4,18023.586,0.0,0.0,0.0,0.002,450589.7
1733354,IT,SI,TRANS,FURNI,0.11,18023.409,3,3,18023.409,0.0,0.0,0.0,0.0,163849.172727
1769868,IT,AU,OFFIC,RENTI,0.06,18023.095,3,3,18023.095,0.0,0.0,0.0,0.0,300384.916667
1688082,IT,HU,COMPU,HEALT,0.21,18022.511,3,3,18022.511,0.0,0.0,0.0,0.0,85821.480952
1732372,IT,SI,PETRO,HOTEL,0.03,18021.982,3,3,18021.982,0.0,0.0,0.0,0.0,600732.733333
1642299,IT,AT,BASIC,MEAT1,0.02,18021.635,3,3,18021.635,0.0,0.0,0.0,0.0,901081.75
1713523,IT,MT,GLASS,RUBBE,0.05,18020.818,3,3,18020.818,0.0,0.0,0.0,0.0,360416.36
1660826,IT,DE,COMPU,MEDIC,0.21,18020.376,3,3,18020.376,0.0,0.0,0.0,0.0,85811.314286
1644312,IT,BE,FISHF,RENTI,0.03,18020.326,3,3,18020.326,0.0,0.0,0.0,0.0,600677.533333
1772160,IT,CH,KERO1,REALE,0.03,18020.251,3,3,18020.251,0.0,0.0,0.0,0.0,600675.033333
1749451,IT,CN,HEAVY,KEROS,0.03,18020.156,3,3,18020.156,0.0,0.0,0.0,0.0,600671.866667
1676255,IT,FR,SALEM,DAIRY,0.15,18020.103,3,3,18020.103,0.0,0.0,0.0,0.0,120134.02
1802363,IT,WE,SEACO,CEMEN,0.02,18018.013,3,3,18018.013,0.0,0.0,0.0,0.0,900900.65
1797918,IT,WL,FOOD4,CRUDE,0.13,18017.0,3,3,18017.0,0.0,0.0,0.0,0.0,138592.307692
1785494,IT,ZA,MOTOR,MEATA,0.03,18016.269,3,3,18016.269,0.0,0.0,0.0,0.0,600542.3
1754835,IT,KR,FOOD5,PRIVA,0.09,18016.129,4,4,18016.127,0.0,0.0,0.0,0.002,200179.211111
1645361,IT,BE,HEAVY,FOOD5,0.03,18016.017,3,3,18016.017,0.0,0.0,0.0,0.0,600533.9
1719073,IT,PL,NAPHT,RESEA,0.03,18016.001,3,3,18016.001,0.0,0.0,0.0,0.0,600533.366667
1647614,IT,BE,POSTT,LANDT,0.3,18015.758,3,3,18015.758,0.0,0.0,0.0,0.0,60052.526667
1796271,IT,WL,CONST,PREC1,0.1,18015.559,3,3,18015.559,0.0,0.0,0.0,0.0,180155.59
1745948,IT,JP,WOODW,CERAM,0.05,18015.388,3,3,18015.388,0.0,0.0,0.0,0.0,360307.76
1680837,IT,GR,RAILW,BUSIN,0.12,18014.965,3,3,18014.965,0.0,0.0,0.0,0.0,150124.708333
1725089,IT,RO,FORES,MEATP,0.16,18014.932,4,4,18007.932,0.0,7.0,0.0,0.0,112593.325
1667815,IT,ES,OFFIC,TRAN1,0.06,18013.638,3,3,18013.638,0.0,0.0,0.0,0.0,300227.3
1677264,IT,FR,FINAN,TEXTI,0.23,18013.572,3,3,18013.572,0.0,0.0,0.0,0.0,78319.878261
1730629,IT,SE,RENTI,BASIC,0.11,18013.142,3,3,18013.142,0.0,0.0,0.0,0.0,163755.836364
1814344,IT,WM,FINAN,SALEM,0.23,18013.06,3,3,18013.06,0.0,0.0,0.0,0.0,78317.652174
1731746,IT,SI,PULP5,REALE,0.05,18012.913,4,4,18012.911,0.0,0.0,0.0,0.002,360258.26
1645031,IT,BE,PAPER,SANDC,0.07,18012.603,4,4,18012.601,0.0,0.0,0.0,0.002,257322.9
1722562,IT,PT,BEVER,BUSIN,0.08,18012.035,3,3,18012.035,0.0,0.0,0.0,0.0,225150.4375
1674460,IT,FR,BIODI,FISHF,0.04,18012.003,4,4,18012.001,0.0,0.0,0.0,0.002,450300.075
1775694,IT,TR,CROPS,HEAVY,0.14,18011.784,3,3,18011.784,0.0,0.0,0.0,0.0,128655.6
1644975,IT,BE,WOODW,ELEC7,0.05,18011.346,3,3,18011.346,0.0,0.0,0.0,0.0,360226.92
1738995,IT,GB,SALEM,ELEC3,0.15,18011.338,3,3,18011.338,0.0,0.0,0.0,0.0,120075.586667
1656016,IT,DE,FOOD5,INLAN,0.09,18010.736,4,4,18010.734,0.0,0.0,0.0,0.002,200119.288889
1716617,IT,NL,SALEM,INSUR,0.15,18008.859,3,3,18008.859,0.0,0.0,0.0,0.0,120059.06
1795070,IT,WL,ADDIT,MEMBE,0.04,18008.636,3,3,18008.636,0.0,0.0,0.0,0.0,450215.9
1789156,IT,WA,PLAST,COPPE,0.04,18008.395,4,4,18008.393,0.0,0.0,0.0,0.002,450209.875
1756253,IT,KR,MACHI,INTER,0.1,18008.392,3,3,18008.392,0.0,0.0,0.0,0.0,180083.92
1727334,IT,RO,POSTT,BLAST,0.3,18008.248,3,3,18008.248,0.0,0.0,0.0,0.0,60027.493333
1651372,IT,CY,PAPER,COMPU,0.07,18007.853,4,4,18007.851,0.0,0.0,0.0,0.002,257255.042857
1803125,IT,WF,VEGET,CERAM,0.06,18007.834,3,3,18007.834,0.0,0.0,0.0,0.0,300130.566667
1793696,IT,WL,FOOD5,LEATH,0.09,18007.386,4,4,18007.384,0.0,0.0,0.0,0.002,200082.066667
1768095,IT,RU,BUSIN,RAILW,0.18,18005.473,3,3,18005.473,0.0,0.0,0.0,0.0,100030.405556
1814494,IT,WM,RESEA,HEAVY,0.1,18004.934,3,3,18004.934,0.0,0.0,0.0,0.0,180049.34
1766225,IT,RU,GLASS,ELEC4,0.05,18004.453,3,3,18004.453,0.0,0.0,0.0,0.0,360089.06
1689162,IT,IE,SALEM,BUSIN,0.15,18003.868,3,3,18003.868,0.0,0.0,0.0,0.0,120025.786667
1668493,IT,ES,HOTEL,FISH5,0.13,18003.698,3,3,18003.698,0.0,0.0,0.0,0.0,138489.984615
1778173,IT,TR,FURNI,CRUDE,0.06,18003.561,4,4,18003.559,0.0,0.0,0.0,0.002,300059.35
1665219,IT,ES,FOOD5,COLLE,0.09,18003.383,4,4,18003.381,0.0,0.0,0.0,0.002,200037.588889
1652789,IT,CZ,PAPER,93197,0.07,18003.255,4,4,18003.253,0.0,0.0,0.0,0.002,257189.357143
1757032,IT,KR,BUSIN,NAPHT,0.18,18002.315,3,3,18002.315,0.0,0.0,0.0,0.0,100012.861111
1807051,IT,WF,TRAN2,PUBLI,0.03,18001.612,3,3,18001.612,0.0,0.0,0.0,0.0,600053.733333
1649869,IT,BG,COPP1,WHOLE,0.05,18000.93,3,3,18000.93,0.0,0.0,0.0,0.0,360018.6
1777965,IT,TR,MACHI,ELE11,0.1,18000.752,3,3,18000.752,0.0,0.0,0.0,0.0,180007.52
1800383,IT,WE,CHEM1,ELEC4,0.04,17998.609,4,4,17998.607,0.0,0.0,0.0,0.002,449965.225
1656443,IT,DE,PULP5,MOTO1,0.05,17998.285,4,4,17998.283,0.0,0.0,0.0,0.002,359965.7
1652113,IT,CZ,CHEMI,CHEM1,0.04,17998.104,5,5,17997.102,0.0,0.0,1.0,0.002,449952.6
1771324,IT,CH,DAIRY,AIRTR,0.07,17997.849,3,3,17997.849,0.0,0.0,0.0,0.0,257112.128571
1765374,IT,RU,BEVER,CONST,0.08,17997.737,3,3,17997.737,0.0,0.0,0.0,0.0,224971.7125
1770737,IT,AU,AUXIL,INSUR,0.33,17997.632,3,3,17997.632,0.0,0.0,0.0,0.0,54538.278788
1654277,IT,CZ,FURNI,FINAN,0.06,17997.325,4,4,17997.323,0.0,0.0,0.0,0.002,299955.416667
1805927,IT,WF,LEAD1,STONE,0.03,17997.123,4,4,17997.121,0.0,0.0,0.0,0.002,599904.1
1789029,IT,WA,NAPHT,ETHAN,0.03,17996.79,3,3,17996.79,0.0,0.0,0.0,0.0,599893.0
1666442,IT,ES,PARAF,CHEM1,0.03,17996.175,3,3,17996.175,0.0,0.0,0.0,0.0,599872.5
1711290,IT,LU,SALEM,RENTI,0.15,17994.785,3,3,17994.785,0.0,0.0,0.0,0.0,119965.233333
1685151,IT,HU,BEVER,MEATA,0.08,17994.714,3,3,17994.714,0.0,0.0,0.0,0.0,224933.925
1787596,IT,WA,MEATP,WHOLE,0.07,17994.21,4,4,17994.208,0.0,0.0,0.0,0.002,257060.142857
1681711,IT,HR,FISHF,FOOD5,0.03,17993.73,3,3,17993.73,0.0,0.0,0.0,0.0,599791.0
1684340,IT,HR,SUPPO,ELEC4,0.13,17993.188,3,3,17993.188,0.0,0.0,0.0,0.0,138409.138462
1729448,IT,SE,PREC1,RUBBE,0.03,17992.882,3,3,17992.882,0.0,0.0,0.0,0.0,599762.733333
1679557,IT,GR,RUBBE,KEROS,0.06,17992.351,4,4,17992.349,0.0,0.0,0.0,0.002,299872.516667
1673994,IT,FR,KEROS,RENTI,0.03,17991.775,3,3,17991.775,0.0,0.0,0.0,0.0,599725.833333
1709532,IT,LT,WOODW,RAWMI,0.05,17990.783,3,3,17990.783,0.0,0.0,0.0,0.0,359815.66
1727953,IT,SE,OILSE,REALE,0.01,17990.311,3,3,17990.311,0.0,0.0,0.0,0.0,1799031.1
1758777,IT,BR,RETA1,PRINT,0.19,17990.092,3,3,17990.092,0.0,0.0,0.0,0.0,94684.694737
1754026,IT,CA,SEACO,CHEM1,0.02,17989.022,3,3,17989.022,0.0,0.0,0.0,0.0,899451.1
1760967,IT,IN,LIQUE,DISTR,0.03,17986.811,3,3,17986.811,0.0,0.0,0.0,0.0,599560.366667
1790433,IT,WA,LEAD1,RETA1,0.03,17985.898,4,4,17985.896,0.0,0.0,0.0,0.002,599529.933333
1729273,IT,SE,CEMEN,DISTR,0.03,17985.808,3,3,17985.808,0.0,0.0,0.0,0.0,599526.933333
1736363,IT,SK,LANDT,CEREA,0.12,17984.377,3,3,17984.377,0.0,0.0,0.0,0.0,149869.808333
1647348,IT,BE,SEACO,BIODI,0.02,17983.501,3,3,17983.501,0.0,0.0,0.0,0.0,899175.05
1750338,IT,CN,FABRI,NATUR,0.07,17983.206,3,3,17983.206,0.0,0.0,0.0,0.0,256902.942857
1651516,IT,CY,PLAST,COPP1,0.04,17982.823,4,4,17982.821,0.0,0.0,0.0,0.002,449570.575
1729205,IT,SE,CERAM,PLAST,0.03,17982.702,3,3,17982.702,0.0,0.0,0.0,0.0,599423.4
1710441,IT,LT,LANDT,PULP5,0.12,17982.312,3,3,17982.312,0.0,0.0,0.0,0.0,149852.6
1813467,IT,WM,SALEM,NATU1,0.15,17981.869,3,3,17981.869,0.0,0.0,0.0,0.0,119879.126667
1648097,IT,BE,RESEA,MOTOR,0.1,17979.322,3,3,17979.322,0.0,0.0,0.0,0.0,179793.22
1776757,IT,TR,LIQUE,BLAST,0.03,17979.096,3,3,17979.096,0.0,0.0,0.0,0.0,599303.2
1776319,IT,TR,PAPER,OFFIC,0.07,17978.73,4,4,17978.728,0.0,0.0,0.0,0.002,256839.0
1674476,IT,FR,BIODI,TRAN1,0.04,17977.96,4,4,17977.958,0.0,0.0,0.0,0.002,449449.0
1761932,IT,IN,FURNI,PREC1,0.06,17977.72,4,4,17977.718,0.0,0.0,0.0,0.002,299628.666667
1646670,IT,BE,FURNI,PREC1,0.06,17976.669,4,4,17976.667,0.0,0.0,0.0,0.002,299611.15
1729398,IT,SE,BASIC,SECO9,0.02,17976.324,3,3,17976.324,0.0,0.0,0.0,0.0,898816.2
1809581,IT,WM,VEGE1,NONME,0.06,17973.723,4,4,17973.719,0.0,0.0,0.0,0.004,299562.05
1722844,IT,PT,PRINT,TEXTI,0.17,17973.538,3,3,17973.538,0.0,0.0,0.0,0.0,105726.694118
1662728,IT,DK,OFFIC,FISH5,0.06,17973.432,3,3,17973.432,0.0,0.0,0.0,0.0,299557.2
1785848,IT,ZA,CHEM1,TRAN2,0.04,17972.352,4,4,17972.35,0.0,0.0,0.0,0.002,449308.8
1778505,IT,TR,RETA1,LIGNI,0.19,17971.842,3,3,17971.842,0.0,0.0,0.0,0.0,94588.642105
1656788,IT,DE,GASDI,POULT,0.03,17970.898,3,3,17970.898,0.0,0.0,0.0,0.0,599029.933333
1647041,IT,BE,RETA1,INTER,0.19,17970.675,3,3,17970.675,0.0,0.0,0.0,0.0,94582.5
1743954,IT,US,INLAN,RENTI,0.03,17970.412,3,3,17970.412,0.0,0.0,0.0,0.0,599013.733333
1810803,IT,WM,KEROS,WEARI,0.03,17970.411,3,3,17970.411,0.0,0.0,0.0,0.0,599013.7
1749480,IT,CN,HEAVY,INLAN,0.03,17969.763,3,3,17969.763,0.0,0.0,0.0,0.0,598992.1
1660945,IT,DE,BUSIN,LUBRI,0.18,17969.729,3,3,17969.729,0.0,0.0,0.0,0.0,99831.827778
1666874,IT,ES,GLASS,CERAM,0.05,17968.895,3,3,17968.895,0.0,0.0,0.0,0.0,359377.9
1713527,IT,MT,GLASS,FABRI,0.05,17968.577,3,3,17968.577,0.0,0.0,0.0,0.0,359371.54
1732595,IT,SI,GLASS,MEATP,0.05,17968.454,3,3,17968.454,0.0,0.0,0.0,0.0,359369.08
1763167,IT,MX,LEATH,RUBBE,0.13,17967.79,4,4,17967.787,0.0,0.0,0.0,0.003,138213.769231
1735146,IT,SK,RUBBE,POULT,0.06,17967.739,4,4,17967.737,0.0,0.0,0.0,0.002,299462.316667
1802673,IT,WE,RENTI,HOTEL,0.11,17967.673,3,3,17967.673,0.0,0.0,0.0,0.0,163342.481818
1739930,IT,GB,INSUR,ELEC2,0.37,17967.472,3,3,17967.472,0.0,0.0,0.0,0.0,48560.735135
1673106,IT,FR,FOOD5,FOODW,0.09,17967.343,4,4,17967.341,0.0,0.0,0.0,0.002,199637.144444
1713512,IT,MT,RUBBE,RESEA,0.06,17966.471,4,4,17966.469,0.0,0.0,0.0,0.002,299441.183333
1686027,IT,HU,BIODI,FINAN,0.04,17965.756,4,4,17965.754,0.0,0.0,0.0,0.002,449143.9
1789462,IT,WA,ADDIT,FORES,0.04,17965.202,3,3,17965.202,0.0,0.0,0.0,0.0,449130.05
1714416,IT,NL,VEGET,REALE,0.06,17965.002,3,3,17965.002,0.0,0.0,0.0,0.0,299416.7
1766903,IT,RU,OFFIC,RETA1,0.06,17964.34,3,3,17964.34,0.0,0.0,0.0,0.0,299405.666667
1666355,IT,ES,LIQUE,FOOD1,0.03,17961.924,3,3,17961.924,0.0,0.0,0.0,0.0,598730.8
1794529,IT,WL,HEAVY,MEATA,0.03,17961.528,3,3,17961.528,0.0,0.0,0.0,0.0,598717.6
1778878,IT,TR,SEACO,ALUMI,0.02,17960.925,3,3,17960.925,0.0,0.0,0.0,0.0,898046.25
1759013,IT,BR,LANDT,HOTEL,0.12,17960.84,3,3,17960.84,0.0,0.0,0.0,0.0,149673.666667
1689451,IT,IE,HOTEL,ELEC5,0.13,17960.63,3,3,17960.63,0.0,0.0,0.0,0.0,138158.692308
1672512,IT,FR,PADDY,PROCE,0.18,17960.417,3,3,17960.417,0.0,0.0,0.0,0.0,99780.094444
1762996,IT,MX,FOOD5,LEATH,0.09,17959.994,4,4,17959.992,0.0,0.0,0.0,0.002,199555.488889
1647227,IT,BE,LANDT,NAPHT,0.12,17959.932,3,3,17959.932,0.0,0.0,0.0,0.0,149666.1
1723160,IT,PT,RUBBE,RAWMI,0.06,17958.522,4,4,17958.52,0.0,0.0,0.0,0.002,299308.7
1649140,IT,BG,PAPER,RENTI,0.07,17958.299,4,4,17958.297,0.0,0.0,0.0,0.002,256547.128571
1644555,IT,BE,PROCE,FABRI,0.12,17958.136,3,3,17958.136,0.0,0.0,0.0,0.0,149651.133333
1719740,IT,PL,NONME,FOOD4,0.04,17958.037,4,4,17958.035,0.0,0.0,0.0,0.002,448950.925
1804479,IT,WF,GASDI,TOBAC,0.03,17957.533,3,3,17957.533,0.0,0.0,0.0,0.0,598584.433333
1741368,IT,US,PRINT,TRANS,0.17,17957.073,3,3,17957.073,0.0,0.0,0.0,0.0,105629.841176
1688858,IT,IE,BASIC,RETA1,0.02,17956.965,3,3,17956.965,0.0,0.0,0.0,0.0,897848.25
1689615,IT,IE,SUPPO,NUCLE,0.13,17956.505,3,3,17956.505,0.0,0.0,0.0,0.0,138126.961538
1717949,IT,PL,STONE,AUXIL,0.06,17956.232,4,4,17955.232,0.0,0.0,1.0,0.0,299270.533333
1686955,IT,HU,MACHI,ELEC2,0.1,17955.691,3,3,17955.691,0.0,0.0,0.0,0.0,179556.91
1721839,IT,PL,REALE,FOUND,0.76,17955.228,3,3,17955.228,0.0,0.0,0.0,0.0,23625.3
1785403,IT,ZA,PAPER,PLAST,0.07,17955.108,4,4,17955.106,0.0,0.0,0.0,0.002,256501.542857
1728789,IT,SE,HEAVY,HOTEL,0.03,17954.896,3,3,17954.896,0.0,0.0,0.0,0.0,598496.533333
1764547,IT,MX,SALEM,LANDT,0.14,17954.754,3,3,17954.754,0.0,0.0,0.0,0.0,128248.242857
1652947,IT,CZ,HEAVY,CERAM,0.03,17954.307,3,3,17954.307,0.0,0.0,0.0,0.0,598476.9
1765813,IT,RU,GASDI,FOOD5,0.03,17954.231,3,3,17954.231,0.0,0.0,0.0,0.0,598474.366667
1785609,IT,ZA,GASDI,AIRTR,0.03,17953.451,3,3,17953.451,0.0,0.0,0.0,0.0,598448.366667
1717971,IT,PL,SANDC,PREC1,0.04,17953.218,4,4,17949.218,0.0,0.0,4.0,0.0,448830.45
1807578,IT,WF,COMPU,SALEM,0.2,17951.317,3,3,17951.317,0.0,0.0,0.0,0.0,89756.585
1713129,IT,MT,BEVER,MACHI,0.08,17950.756,3,3,17950.756,0.0,0.0,0.0,0.0,224384.45
1738532,IT,GB,FABRI,WHEAT,0.07,17950.731,3,3,17950.731,0.0,0.0,0.0,0.0,256439.014286
1724916,IT,PT,BUSIN,TRAN2,0.18,17950.437,3,3,17950.437,0.0,0.0,0.0,0.0,99724.65
1746488,IT,JP,CERAM,ALUM1,0.03,17949.76,3,3,17949.76,0.0,0.0,0.0,0.0,598325.333333
1663988,IT,EE,PAPER,REALE,0.07,17949.656,4,4,17949.654,0.0,0.0,0.0,0.002,256423.657143
1803042,IT,WF,CEREA,COPPE,0.03,17948.308,3,3,17948.308,0.0,0.0,0.0,0.0,598276.933333
1683439,IT,HR,BASIC,COMPU,0.02,17948.068,3,3,17948.068,0.0,0.0,0.0,0.0,897403.4
1674880,IT,FR,NONME,SUPPO,0.04,17947.858,4,4,17947.856,0.0,0.0,0.0,0.002,448696.45
1689394,IT,IE,RETA1,RECRE,0.19,17947.622,3,3,17947.622,0.0,0.0,0.0,0.0,94461.168421
1788639,IT,WA,PRINT,FURNI,0.17,17947.206,3,3,17947.206,0.0,0.0,0.0,0.0,105571.8
1744767,IT,US,RESEA,BITU1,0.1,17947.078,3,3,17947.078,0.0,0.0,0.0,0.0,179470.78
1789107,IT,WA,PARAF,WHOLE,0.03,17947.02,3,3,17947.02,0.0,0.0,0.0,0.0,598234.0
1714601,IT,NL,SANDC,PUBLI,0.04,17946.914,4,4,17942.914,0.0,0.0,4.0,0.0,448672.85
1813489,IT,WM,SALEM,INSUR,0.14,17946.874,3,3,17946.874,0.0,0.0,0.0,0.0,128191.957143
1711696,IT,LU,BUSIN,TEXTI,0.18,17946.352,3,3,17946.352,0.0,0.0,0.0,0.0,99701.955556
1686612,IT,HU,LEAD1,NATUR,0.03,17945.429,4,4,17945.427,0.0,0.0,0.0,0.002,598180.966667
1798944,IT,WE,FISH5,POSTT,0.08,17944.907,4,4,17944.898,0.0,0.0,0.0,0.009,224311.3375
1762014,IT,IN,WHOLE,GLASS,0.16,17944.247,3,3,17944.247,0.0,0.0,0.0,0.0,112151.54375
1668548,IT,ES,HOTEL,ELEC4,0.13,17942.844,3,3,17942.844,0.0,0.0,0.0,0.0,138021.876923
1792708,IT,WA,BUSIN,MEATC,0.18,17942.449,3,3,17942.449,0.0,0.0,0.0,0.0,99680.272222
1727673,IT,RO,RENTI,COMPU,0.11,17941.275,3,3,17941.275,0.0,0.0,0.0,0.0,163102.5
1649486,IT,BG,BIODI,LANDT,0.04,17941.108,4,4,17941.106,0.0,0.0,0.0,0.002,448527.7
1775264,IT,CH,BUSIN,PULP5,0.18,17939.811,3,3,17939.811,0.0,0.0,0.0,0.0,99665.616667
1680969,IT,GR,INLAN,LIQUE,0.03,17939.664,3,3,17939.664,0.0,0.0,0.0,0.0,597988.8
1648976,IT,BG,LEATH,ADDIT,0.13,17939.471,4,4,17939.468,0.0,0.0,0.0,0.003,137995.930769
1644343,IT,BE,SANDC,REALE,0.04,17937.165,4,4,17933.165,0.0,0.0,4.0,0.0,448429.125
1656993,IT,DE,LIQUE,PLAS1,0.03,17937.14,3,3,17937.14,0.0,0.0,0.0,0.0,597904.666667
1661661,IT,DK,TEXTI,MOTO1,0.11,17936.668,4,4,17936.666,0.0,0.0,0.0,0.002,163060.618182
1758208,IT,BR,BASIC,FISH5,0.02,17936.509,3,3,17936.509,0.0,0.0,0.0,0.0,896825.45
1789606,IT,WA,RUBBE,IRONO,0.06,17936.309,4,4,17936.307,0.0,0.0,0.0,0.002,298938.483333
1649782,IT,BG,BASIC,AIRTR,0.02,17936.046,3,3,17936.046,0.0,0.0,0.0,0.0,896802.3
1745333,IT,JP,VEGE1,PULP5,0.06,17935.726,4,4,17935.722,0.0,0.0,0.0,0.004,298928.766667
1791368,IT,WA,SALEM,SUPPO,0.14,17934.963,3,3,17934.963,0.0,0.0,0.0,0.0,128106.878571
1644363,IT,BE,CHEMI,FOUND,0.04,17934.855,5,5,17933.853,0.0,0.0,1.0,0.002,448371.375
1643596,IT,AT,AIRTR,FISH5,0.02,17934.44,3,3,17934.44,0.0,0.0,0.0,0.0,896722.0
1653122,IT,CZ,CHEM1,NFERT,0.04,17933.793,4,4,17933.791,0.0,0.0,0.0,0.002,448344.825
1682454,IT,HR,PAPER,RAILW,0.07,17933.611,4,4,17933.609,0.0,0.0,0.0,0.002,256194.442857
1802258,IT,WE,LANDT,LEATH,0.12,17932.914,3,3,17932.914,0.0,0.0,0.0,0.0,149440.95
1813210,IT,WM,TRANS,WHEAT,0.11,17932.552,3,3,17932.552,0.0,0.0,0.0,0.0,163023.2
1748734,IT,CN,BEVER,MOTO1,0.08,17931.327,3,3,17931.327,0.0,0.0,0.0,0.0,224141.5875
1681938,IT,HR,FOOD5,MEATC,0.09,17929.968,4,4,17929.966,0.0,0.0,0.0,0.002,199221.866667
1690304,IT,IE,SEWAG,PUBLI,0.16,17929.833,3,3,17929.833,0.0,0.0,0.0,0.0,112061.45625
1753589,IT,CA,MACHI,ELEC8,0.1,17929.412,3,3,17929.412,0.0,0.0,0.0,0.0,179294.12
1652702,IT,CZ,PAPER,WEARI,0.07,17929.391,4,4,17929.389,0.0,0.0,0.0,0.002,256134.157143
1670488,IT,FI,BEVER,PFERT,0.08,17929.313,3,3,17929.313,0.0,0.0,0.0,0.0,224116.4125
1805814,IT,WF,PREC1,WHOLE,0.03,17928.83,3,3,17928.83,0.0,0.0,0.0,0.0,597627.666667
1714933,IT,NL,BEVER,EDUCA,0.08,17927.403,3,3,17927.403,0.0,0.0,0.0,0.0,224092.5375
1757123,IT,BR,VEGET,FURNI,0.06,17927.233,3,3,17927.233,0.0,0.0,0.0,0.0,298787.216667
1790834,IT,WA,MACHI,BLAST,0.1,17927.105,3,3,17927.105,0.0,0.0,0.0,0.0,179271.05
1733858,IT,SI,TRAN2,93197,0.03,17926.909,3,3,17926.909,0.0,0.0,0.0,0.0,597563.633333
1749505,IT,CN,PETRO,COKEO,0.03,17926.483,3,3,17926.483,0.0,0.0,0.0,0.0,597549.433333
1761888,IT,IN,TRANS,RENTI,0.11,17924.983,3,3,17924.983,0.0,0.0,0.0,0.0,162954.390909
1729215,IT,SE,CERAM,FURNI,0.03,17923.283,3,3,17923.283,0.0,0.0,0.0,0.0,597442.766667
1649539,IT,BG,RUBBE,BRICK,0.06,17923.271,4,4,17923.269,0.0,0.0,0.0,0.002,298721.183333
1712571,IT,LV,MACHI,TRANS,0.1,17923.022,3,3,17923.022,0.0,0.0,0.0,0.0,179230.22
1668002,IT,ES,TRANS,MEMBE,0.11,17922.051,3,3,17922.051,0.0,0.0,0.0,0.0,162927.736364
1795039,IT,WL,ADDIT,PETRO,0.04,17921.669,3,3,17921.669,0.0,0.0,0.0,0.0,448041.725
1674786,IT,FR,CERAM,PLAS2,0.03,17921.341,3,3,17921.341,0.0,0.0,0.0,0.0,597378.033333
1749510,IT,CN,PETRO,LIQUE,0.03,17920.429,3,3,17920.429,0.0,0.0,0.0,0.0,597347.633333
1666653,IT,ES,CHEM1,RECRE,0.04,17920.404,4,4,17920.402,0.0,0.0,0.0,0.002,448010.1
1684199,IT,HR,LANDT,EDUCA,0.12,17919.318,3,3,17919.318,0.0,0.0,0.0,0.0,149327.65
1667007,IT,ES,CEMEN,DIST1,0.03,17919.154,3,3,17919.154,0.0,0.0,0.0,0.0,597305.133333
1768576,IT,AU,BEVER,SUGA1,0.08,17918.74,3,3,17918.74,0.0,0.0,0.0,0.0,223984.25
1674311,IT,FR,CHEM1,PADDY,0.04,17918.066,4,4,17918.064,0.0,0.0,0.0,0.002,447951.65
1810600,IT,WM,PRINT,CHEM1,0.17,17917.611,3,3,17917.611,0.0,0.0,0.0,0.0,105397.711765
1763148,IT,MX,LEATH,FISH5,0.13,17917.45,4,4,17917.447,0.0,0.0,0.0,0.003,137826.538462
1671615,IT,FI,FURNI,MACHI,0.06,17915.323,4,4,17915.321,0.0,0.0,0.0,0.002,298588.716667
1688087,IT,HU,COMPU,RECRE,0.2,17915.307,3,3,17915.307,0.0,0.0,0.0,0.0,89576.535
1651470,IT,CY,HEAVY,POULT,0.03,17915.24,3,3,17915.24,0.0,0.0,0.0,0.0,597174.666667
1719036,IT,PL,HEAVY,LIQUE,0.03,17914.075,3,3,17914.075,0.0,0.0,0.0,0.0,597135.833333
1642111,IT,AT,GLASS,SUPPO,0.05,17912.724,3,3,17912.724,0.0,0.0,0.0,0.0,358254.48
1802328,IT,WE,TRAN2,PUBLI,0.03,17912.505,3,3,17912.505,0.0,0.0,0.0,0.0,597083.5
1750182,IT,CN,ALUM1,NONF1,0.03,17912.412,3,3,17912.412,0.0,0.0,0.0,0.0,597080.4
1651487,IT,CY,HEAVY,NONME,0.03,17912.252,3,3,17912.252,0.0,0.0,0.0,0.0,597075.066667
1640185,IT,AT,OILSE,IRONO,0.01,17909.069,3,3,17909.069,0.0,0.0,0.0,0.0,1790906.9
1662058,IT,DK,CHEM1,LEATH,0.04,17908.881,4,4,17908.879,0.0,0.0,0.0,0.002,447722.025
1642577,IT,AT,FABRI,SUGAR,0.07,17908.612,3,3,17908.612,0.0,0.0,0.0,0.0,255837.314286
1805240,IT,WF,CHEM1,TRAN1,0.04,17907.791,4,4,17907.789,0.0,0.0,0.0,0.002,447694.775
1688163,IT,HU,BUSIN,DIST1,0.18,17907.437,3,3,17907.437,0.0,0.0,0.0,0.0,99485.761111
1724558,IT,PT,POSTT,COMPU,0.29,17906.838,3,3,17906.838,0.0,0.0,0.0,0.0,61747.717241
1784411,IT,ID,NONME,PFERT,0.04,17906.54,4,4,17906.538,0.0,0.0,0.0,0.002,447663.5
1687990,IT,HU,RENTI,DISTR,0.11,17906.331,3,3,17906.331,0.0,0.0,0.0,0.0,162784.827273
1713464,IT,MT,CHEM1,SEACO,0.04,17906.11,4,4,17906.108,0.0,0.0,0.0,0.002,447652.75
1726166,IT,RO,GLASS,BASIC,0.05,17905.578,3,3,17905.578,0.0,0.0,0.0,0.0,358111.56
1711431,IT,LU,HOTEL,PUBLI,0.13,17905.033,3,3,17905.033,0.0,0.0,0.0,0.0,137731.023077
1771478,IT,CH,BEVER,SALEM,0.08,17903.767,3,3,17903.767,0.0,0.0,0.0,0.0,223797.0875
1686703,IT,HU,COPP1,GLASS,0.05,17903.079,3,3,17903.079,0.0,0.0,0.0,0.0,358061.58
1732699,IT,SI,CERAM,RENTI,0.03,17902.727,3,3,17902.727,0.0,0.0,0.0,0.0,596757.566667
1758157,IT,BR,NONME,BIODI,0.04,17902.144,4,4,17902.142,0.0,0.0,0.0,0.002,447553.6
1765342,IT,RU,FOOD5,DIST1,0.09,17902.094,4,4,17902.092,0.0,0.0,0.0,0.002,198912.155556
1646814,IT,BE,SALEM,FINAN,0.14,17901.891,3,3,17901.891,0.0,0.0,0.0,0.0,127870.65
1759060,IT,BR,SEACO,NONME,0.02,17900.466,3,3,17900.466,0.0,0.0,0.0,0.0,895023.3
1664827,IT,ES,OILSE,FURNI,0.01,17900.306,3,3,17900.306,0.0,0.0,0.0,0.0,1790030.6
1811212,IT,WM,WHITE,MEAT1,0.1,17900.141,3,3,17900.141,0.0,0.0,0.0,0.0,179001.41
1683809,IT,HR,OFFIC,HOTEL,0.06,17899.998,3,3,17899.998,0.0,0.0,0.0,0.0,298333.3
1736421,IT,SK,LANDT,TRANS,0.12,17899.048,3,3,17899.048,0.0,0.0,0.0,0.0,149158.733333
1759485,IT,BR,AUXIL,AUXIL,0.33,17898.958,3,3,17898.958,0.0,0.0,0.0,0.0,54239.266667
1716756,IT,NL,RETA1,BRICK,0.19,17898.946,3,3,17898.946,0.0,0.0,0.0,0.0,94204.978947
1780158,IT,TW,HOTEL,FOUND,0.13,17898.616,3,3,17898.616,0.0,0.0,0.0,0.0,137681.661538
1656440,IT,DE,PULP5,FABRI,0.05,17897.737,4,4,17897.735,0.0,0.0,0.0,0.002,357954.74
1773980,IT,CH,SALEM,AUXIL,0.14,17896.789,3,3,17896.789,0.0,0.0,0.0,0.0,127834.207143
1680135,IT,GR,OFFIC,SEACO,0.06,17895.971,3,3,17895.971,0.0,0.0,0.0,0.0,298266.183333
1661376,IT,DK,MEAT1,HOTEL,0.08,17895.318,4,4,17895.316,0.0,0.0,0.0,0.002,223691.475
1728571,IT,SE,PAPER,COPP1,0.07,17894.936,4,4,17894.934,0.0,0.0,0.0,0.002,255641.942857
1722533,IT,PT,BEVER,MEATC,0.08,17894.275,3,3,17894.275,0.0,0.0,0.0,0.0,223678.4375
1687468,IT,HU,RAILW,LANDT,0.12,17893.583,3,3,17893.583,0.0,0.0,0.0,0.0,149113.191667
1747499,IT,JP,SEACO,COLLE,0.02,17892.616,3,3,17892.616,0.0,0.0,0.0,0.0,894630.8
1669590,IT,ES,REALE,RECRE,0.76,17891.969,3,3,17891.969,0.0,0.0,0.0,0.0,23542.064474
1743377,IT,US,SALEM,RADIO,0.14,17891.637,3,3,17891.637,0.0,0.0,0.0,0.0,127797.407143
1771284,IT,CH,DAIRY,MEAT1,0.07,17891.222,3,3,17891.222,0.0,0.0,0.0,0.0,255588.885714
1718801,IT,PL,PAPER,NFERT,0.07,17891.112,4,4,17891.11,0.0,0.0,0.0,0.002,255587.314286
1664656,IT,EE,LANDT,RETA1,0.12,17889.9,3,3,17889.9,0.0,0.0,0.0,0.0,149082.5
1748046,IT,JP,BUSIN,ALUM1,0.18,17889.559,3,3,17889.559,0.0,0.0,0.0,0.0,99386.438889
1678182,IT,FR,INTER,INTER,0.11,17889.528,3,3,17889.528,0.0,0.0,0.0,0.0,162632.072727
1782535,IT,NO,OFFIC,POSTT,0.06,17887.665,3,3,17887.665,0.0,0.0,0.0,0.0,298127.75
1802145,IT,WE,HOTEL,FISHF,0.13,17886.015,3,3,17886.015,0.0,0.0,0.0,0.0,137584.730769
1641959,IT,AT,RUBBE,LEATH,0.06,17884.135,4,4,17884.133,0.0,0.0,0.0,0.002,298068.916667
1646034,IT,BE,NONME,LANDT,0.04,17883.997,4,4,17883.995,0.0,0.0,0.0,0.002,447099.925
1732664,IT,SI,GLASS,93197,0.05,17883.878,3,3,17883.878,0.0,0.0,0.0,0.0,357677.56
1680889,IT,GR,LANDT,ALUM1,0.12,17883.508,3,3,17883.508,0.0,0.0,0.0,0.0,149029.233333
1688072,IT,HU,COMPU,SUPPO,0.2,17882.352,3,3,17882.352,0.0,0.0,0.0,0.0,89411.76
1803440,IT,WF,MEAT1,IRONO,0.08,17881.081,4,4,17881.079,0.0,0.0,0.0,0.002,223513.5125
1723855,IT,PT,TRANS,MOTO1,0.11,17881.056,3,3,17881.056,0.0,0.0,0.0,0.0,162555.054545
1787960,IT,WA,TOBAC,WHOLE,0.07,17880.895,3,3,17880.895,0.0,0.0,0.0,0.0,255441.357143
1756361,IT,KR,TRANS,SUPPO,0.11,17880.25,3,3,17880.25,0.0,0.0,0.0,0.0,162547.727273
1752415,IT,CA,VEGE1,NONF1,0.05,17880.052,4,4,17880.048,0.0,0.0,0.0,0.004,357601.04
1680657,IT,GR,WHOLE,WEARI,0.15,17879.904,3,3,17879.904,0.0,0.0,0.0,0.0,119199.36
1712455,IT,LV,PREC1,FABRI,0.03,17879.467,3,3,17879.467,0.0,0.0,0.0,0.0,595982.233333
1760175,IT,BR,FOOD4,CHEM1,0.13,17879.458,3,3,17879.458,0.0,0.0,0.0,0.0,137534.292308
1655099,IT,CZ,COMPU,PUBLI,0.2,17879.372,3,3,17879.372,0.0,0.0,0.0,0.0,89396.86
1661582,IT,DK,BEVER,ELEC5,0.08,17878.673,3,3,17878.673,0.0,0.0,0.0,0.0,223483.4125
1788153,IT,WA,WEARI,LEAD1,0.13,17877.75,4,4,17877.747,0.0,0.0,0.0,0.003,137521.153846
1757416,IT,BR,WOODW,RETA1,0.05,17874.783,3,3,17874.783,0.0,0.0,0.0,0.0,357495.66
1771371,IT,CH,SUGA1,FOOD5,0.04,17873.5,4,4,17873.497,0.0,0.0,0.0,0.003,446837.5
1767076,IT,RU,FURNI,CERAM,0.06,17873.314,4,4,17873.312,0.0,0.0,0.0,0.002,297888.566667
1720140,IT,PL,COPP1,CRUDE,0.05,17872.909,3,3,17872.909,0.0,0.0,0.0,0.0,357458.18
1655707,IT,DE,CHEMI,SUPPO,0.04,17870.952,5,5,17869.95,0.0,0.0,1.0,0.002,446773.8
1729440,IT,SE,BASIC,RECRE,0.02,17870.546,3,3,17870.546,0.0,0.0,0.0,0.0,893527.3
1753401,IT,CA,COPP1,TRANS,0.05,17869.523,3,3,17869.523,0.0,0.0,0.0,0.0,357390.46
1648894,IT,BG,TEXTI,SEACO,0.11,17869.414,4,4,17869.412,0.0,0.0,0.0,0.002,162449.218182
1800857,IT,WE,BASIC,AUXIL,0.02,17869.388,3,3,17869.388,0.0,0.0,0.0,0.0,893469.4
1666488,IT,ES,PLAST,GLASS,0.04,17869.032,4,4,17869.03,0.0,0.0,0.0,0.002,446725.8
1715454,IT,NL,AVIAT,AIRTR,0.04,17868.869,3,3,17868.869,0.0,0.0,0.0,0.0,446721.725
1764070,IT,MX,FABRI,NONFE,0.07,17868.492,3,3,17868.492,0.0,0.0,0.0,0.0,255264.171429
1690483,IT,IE,PAPE4,HEALT,0.12,17868.211,3,3,17868.211,0.0,0.0,0.0,0.0,148901.758333
1742352,IT,US,NONME,BEVER,0.04,17867.22,4,4,17867.218,0.0,0.0,0.0,0.002,446680.5
1804578,IT,WF,HEAVY,STONE,0.03,17867.007,3,3,17867.007,0.0,0.0,0.0,0.0,595566.9
1731465,IT,SI,BEVER,FABRI,0.08,17864.911,3,3,17864.911,0.0,0.0,0.0,0.0,223311.3875
1656253,IT,DE,WEARI,MOTO1,0.13,17864.797,4,4,17864.794,0.0,0.0,0.0,0.003,137421.515385
1668851,IT,ES,SEACO,CROPS,0.02,17864.426,3,3,17864.426,0.0,0.0,0.0,0.0,893221.3
1791512,IT,WA,RETA1,NATUR,0.19,17862.11,3,3,17862.11,0.0,0.0,0.0,0.0,94011.105263
1649303,IT,BG,NONSP,VEGE1,0.02,17862.075,3,3,17862.075,0.0,0.0,0.0,0.0,893103.75
1743636,IT,US,HOTEL,ELE12,0.13,17862.001,3,3,17862.001,0.0,0.0,0.0,0.0,137400.007692
1715770,IT,NL,BIODI,CERAM,0.04,17860.409,4,4,17860.407,0.0,0.0,0.0,0.002,446510.225
1655723,IT,DE,MEATC,MEAT1,0.06,17858.602,3,3,17858.602,0.0,0.0,0.0,0.0,297643.366667
1716258,IT,NL,COPP1,SECO9,0.05,17857.958,3,3,17857.958,0.0,0.0,0.0,0.0,357159.16
1793559,IT,WL,MEAT4,BIODI,0.1,17857.327,3,3,17857.327,0.0,0.0,0.0,0.0,178573.27
1715952,IT,NL,GLASS,93197,0.05,17857.115,3,3,17857.115,0.0,0.0,0.0,0.0,357142.3
1802160,IT,WE,HOTEL,LEATH,0.13,17857.064,3,3,17857.064,0.0,0.0,0.0,0.0,137362.030769
1786885,IT,ZA,SEACO,TRAN2,0.02,17856.598,3,3,17856.598,0.0,0.0,0.0,0.0,892829.9
1799083,IT,WE,WEARI,OILSE,0.13,17855.805,4,4,17855.802,0.0,0.0,0.0,0.003,137352.346154
1808161,IT,WF,OILHA,NONFE,0.1,17855.188,3,3,17855.188,0.0,0.0,0.0,0.0,178551.88
1766271,IT,RU,CERAM,TRANS,0.03,17855.153,3,3,17855.153,0.0,0.0,0.0,0.0,595171.766667
1711197,IT,LU,MACHI,WOODW,0.1,17854.688,3,3,17854.688,0.0,0.0,0.0,0.0,178546.88
1665602,IT,ES,WOODW,COPPE,0.05,17854.236,3,3,17854.236,0.0,0.0,0.0,0.0,357084.72
1719589,IT,PL,CERAM,TOBAC,0.03,17853.794,3,3,17853.794,0.0,0.0,0.0,0.0,595126.466667
1731414,IT,SI,FOOD5,TRANS,0.09,17853.146,4,4,17853.144,0.0,0.0,0.0,0.002,198368.288889
1655356,IT,DE,OILSE,DAIRY,0.01,17852.664,3,3,17852.664,0.0,0.0,0.0,0.0,1785266.4
1723374,IT,PT,BASIC,PRINT,0.02,17850.278,3,3,17850.278,0.0,0.0,0.0,0.0,892513.9
1665038,IT,ES,MEATC,WHOLE,0.06,17850.043,3,3,17850.043,0.0,0.0,0.0,0.0,297500.716667
1787262,IT,WA,VEGET,FABRI,0.06,17848.908,3,3,17848.908,0.0,0.0,0.0,0.0,297481.8
1660008,IT,DE,INLAN,MACHI,0.03,17848.702,3,3,17848.702,0.0,0.0,0.0,0.0,594956.733333
1777371,IT,TR,GLASS,RECRE,0.05,17847.385,3,3,17847.385,0.0,0.0,0.0,0.0,356947.7
1783310,IT,NO,PAPE1,PLAST,0.13,17846.309,3,3,17846.309,0.0,0.0,0.0,0.0,137279.3
1671406,IT,FI,FABRI,KEROS,0.07,17845.585,3,3,17845.585,0.0,0.0,0.0,0.0,254936.928571
1756946,IT,KR,AUXIL,FINAN,0.33,17844.073,3,3,17844.073,0.0,0.0,0.0,0.0,54072.948485
1790382,IT,WA,LEAD1,DAIRY,0.03,17843.832,4,4,17843.83,0.0,0.0,0.0,0.002,594794.4
1647054,IT,BE,RETA1,RECRE,0.19,17843.26,3,3,17843.26,0.0,0.0,0.0,0.0,93911.894737
1711497,IT,LU,SUPPO,SUPPO,0.13,17843.125,3,3,17843.125,0.0,0.0,0.0,0.0,137254.807692
1764369,IT,MX,MOTO1,CHEM1,0.09,17842.806,3,3,17842.806,0.0,0.0,0.0,0.0,198253.4
1721467,IT,PL,AIRTR,AUXIL,0.02,17842.714,3,3,17842.714,0.0,0.0,0.0,0.0,892135.7
1665411,IT,ES,TEXTI,TRANS,0.11,17842.378,4,4,17842.376,0.0,0.0,0.0,0.002,162203.436364
1802579,IT,WE,FINAN,SUPPO,0.23,17842.312,3,3,17842.312,0.0,0.0,0.0,0.0,77575.269565
1754882,IT,KR,FISH5,BUSIN,0.07,17842.198,4,4,17842.189,0.0,0.0,0.0,0.009,254888.542857
1803373,IT,WF,CHEMI,SUGA1,0.04,17842.196,5,5,17841.194,0.0,0.0,1.0,0.002,446054.9
1768881,IT,AU,WOODW,TEXTI,0.05,17840.871,3,3,17840.871,0.0,0.0,0.0,0.0,356817.42
1651128,IT,BG,COMPU,FINAN,0.2,17839.715,3,3,17839.715,0.0,0.0,0.0,0.0,89198.575
1649119,IT,BG,PAPER,DISTR,0.07,17839.703,4,4,17839.701,0.0,0.0,0.0,0.002,254852.9
1765415,IT,RU,TEXTI,BEVER,0.11,17839.698,4,4,17839.696,0.0,0.0,0.0,0.002,162179.072727
1682057,IT,HR,FISH5,RUBBE,0.07,17838.154,4,4,17838.145,0.0,0.0,0.0,0.009,254830.771429
1651213,IT,BG,BUSIN,AIRTR,0.18,17837.829,3,3,17837.829,0.0,0.0,0.0,0.0,99099.05
1759055,IT,BR,SEACO,NFERT,0.02,17837.291,3,3,17837.291,0.0,0.0,0.0,0.0,891864.55
1654814,IT,CZ,SUPPO,HOTEL,0.13,17836.883,3,3,17836.883,0.0,0.0,0.0,0.0,137206.792308
1769879,IT,AU,MOTO1,WHEAT,0.09,17835.771,3,3,17835.771,0.0,0.0,0.0,0.0,198175.233333
1808468,IT,WF,FOOD4,BASIC,0.13,17835.261,3,3,17835.261,0.0,0.0,0.0,0.0,137194.315385
1731931,IT,SI,MOTOR,TRANS,0.03,17834.095,3,3,17834.095,0.0,0.0,0.0,0.0,594469.833333
1664443,IT,EE,MACHI,SEACO,0.1,17833.497,3,3,17833.497,0.0,0.0,0.0,0.0,178334.97
1790346,IT,WA,ALUM1,DIST1,0.03,17833.293,3,3,17833.293,0.0,0.0,0.0,0.0,594443.1
1766028,IT,RU,CHEM1,TRAN1,0.04,17832.764,4,4,17832.762,0.0,0.0,0.0,0.002,445819.1
1688911,IT,IE,COPP1,PUBLI,0.05,17832.412,3,3,17832.412,0.0,0.0,0.0,0.0,356648.24
1673670,IT,FR,PULP5,TRAN2,0.05,17832.365,4,4,17832.363,0.0,0.0,0.0,0.002,356647.3
1719742,IT,PL,NONME,INERT,0.04,17831.988,4,4,17831.986,0.0,0.0,0.0,0.002,445799.7
1746101,IT,JP,PRINT,SUPPO,0.17,17831.406,3,3,17831.406,0.0,0.0,0.0,0.0,104890.623529
1808209,IT,WF,OILHA,RECRE,0.1,17830.139,3,3,17830.139,0.0,0.0,0.0,0.0,178301.39
1793197,IT,WA,93197,REALE,0.12,17829.389,4,4,17829.387,0.0,0.0,0.0,0.002,148578.241667
1640488,IT,AT,DAIRY,COMPU,0.07,17828.576,3,3,17828.576,0.0,0.0,0.0,0.0,254693.942857
1716138,IT,NL,PREC1,TRANS,0.03,17828.325,3,3,17828.325,0.0,0.0,0.0,0.0,594277.5
1682951,IT,HR,PLAST,PRINT,0.04,17828.22,4,4,17828.218,0.0,0.0,0.0,0.002,445705.5
1723862,IT,PT,TRANS,RETA1,0.11,17826.566,3,3,17826.566,0.0,0.0,0.0,0.0,162059.690909
1731265,IT,SI,MEATP,LANDT,0.07,17826.165,4,4,17826.163,0.0,0.0,0.0,0.002,254659.5
1807559,IT,WF,COMPU,VEGET,0.2,17825.89,3,3,17825.89,0.0,0.0,0.0,0.0,89129.45
1729192,IT,SE,CERAM,IRONO,0.03,17825.824,3,3,17825.824,0.0,0.0,0.0,0.0,594194.133333
1744264,IT,US,POSTT,INLAN,0.29,17823.866,3,3,17823.866,0.0,0.0,0.0,0.0,61461.606897
1659727,IT,DE,RAILW,CONST,0.12,17823.157,3,3,17823.157,0.0,0.0,0.0,0.0,148526.308333
1662268,IT,DK,CERAM,SUPPO,0.03,17822.243,3,3,17822.243,0.0,0.0,0.0,0.0,594074.766667
1671846,IT,FI,RETA1,BUSIN,0.19,17822.159,3,3,17822.159,0.0,0.0,0.0,0.0,93800.836842
1682478,IT,HR,PRINT,FOOD5,0.17,17822.156,3,3,17822.156,0.0,0.0,0.0,0.0,104836.211765
1800274,IT,WE,PLAST,BLAST,0.04,17821.616,4,4,17821.614,0.0,0.0,0.0,0.002,445540.4
1731096,IT,SI,FORES,WEARI,0.16,17821.216,4,4,17814.216,0.0,7.0,0.0,0.0,111382.6
1678361,IT,FR,FOOD4,INTER,0.13,17820.87,3,3,17820.87,0.0,0.0,0.0,0.0,137083.615385
1655363,IT,DE,OILSE,WHOLE,0.01,17820.814,3,3,17820.814,0.0,0.0,0.0,0.0,1782081.4
1740043,IT,GB,RENTI,FABRI,0.11,17819.347,3,3,17819.347,0.0,0.0,0.0,0.0,161994.063636
1733343,IT,SI,TRANS,FISH5,0.11,17818.829,3,3,17818.829,0.0,0.0,0.0,0.0,161989.354545
1678953,IT,GR,TEXTI,MEMBE,0.11,17818.566,4,4,17818.564,0.0,0.0,0.0,0.002,161986.963636
1789265,IT,WA,PLAST,FOOD3,0.04,17818.173,4,4,17818.171,0.0,0.0,0.0,0.002,445454.325
1747013,IT,JP,TRANS,FABRI,0.11,17817.599,3,3,17817.599,0.0,0.0,0.0,0.0,161978.172727
1755784,IT,KR,CERAM,MOTOR,0.03,17817.567,3,3,17817.567,0.0,0.0,0.0,0.0,593918.9
1793724,IT,WL,FOOD5,MEMBE,0.09,17816.609,4,4,17816.607,0.0,0.0,0.0,0.002,197962.322222
1727915,IT,SE,VEGET,VEGE1,0.06,17816.409,3,3,17816.409,0.0,0.0,0.0,0.0,296940.15
1651527,IT,CY,RUBBE,MEAT1,0.06,17816.069,4,4,17816.067,0.0,0.0,0.0,0.002,296934.483333
1735488,IT,SK,BASIC,FOOD4,0.02,17815.798,3,3,17815.798,0.0,0.0,0.0,0.0,890789.9
1659678,IT,DE,RAILW,MEATP,0.12,17814.917,3,3,17814.917,0.0,0.0,0.0,0.0,148457.641667
1798787,IT,WE,FOOD5,GASDI,0.09,17814.469,4,4,17814.467,0.0,0.0,0.0,0.002,197938.544444
1669021,IT,ES,SUPPO,TEXTI,0.13,17814.197,3,3,17814.197,0.0,0.0,0.0,0.0,137032.284615
1713446,IT,MT,CHEM1,MEAT1,0.04,17813.794,4,4,17813.792,0.0,0.0,0.0,0.002,445344.85
1798579,IT,WE,CHEMI,RECRE,0.04,17812.52,5,5,17811.518,0.0,0.0,1.0,0.002,445313.0
1786106,IT,ZA,NONME,RAILW,0.04,17812.467,4,4,17812.465,0.0,0.0,0.0,0.002,445311.675
1786231,IT,ZA,COPP1,OFFIC,0.04,17812.317,3,3,17812.317,0.0,0.0,0.0,0.0,445307.925
1664205,IT,EE,CERAM,FABRI,0.03,17811.771,3,3,17811.771,0.0,0.0,0.0,0.0,593725.7
1755661,IT,KR,RUBBE,CEMEN,0.06,17811.309,4,4,17811.307,0.0,0.0,0.0,0.002,296855.15
1682123,IT,HR,TEXTI,RUBBE,0.11,17811.103,4,4,17811.101,0.0,0.0,0.0,0.002,161919.118182
1660810,IT,DE,COMPU,CERAM,0.2,17811.033,3,3,17811.033,0.0,0.0,0.0,0.0,89055.165
1746139,IT,JP,NONSP,NONME,0.02,17810.79,3,3,17810.79,0.0,0.0,0.0,0.0,890539.5
1790075,IT,WA,BASIC,PRECI,0.02,17808.986,3,3,17808.986,0.0,0.0,0.0,0.0,890449.3
1752376,IT,CA,VEGE1,WHEAT,0.05,17808.345,4,4,17808.341,0.0,0.0,0.0,0.004,356166.9
1681732,IT,HR,CRUDE,RUBBE,0.04,17808.191,4,4,17808.189,0.0,0.0,0.0,0.002,445204.775
1810237,IT,WM,LEATH,KERO1,0.13,17806.74,4,4,17806.737,0.0,0.0,0.0,0.003,136974.923077
1711048,IT,LU,BASIC,WHOLE,0.02,17804.645,3,3,17804.645,0.0,0.0,0.0,0.0,890232.25
1667611,IT,ES,MACHI,NONFE,0.1,17804.6,3,3,17804.6,0.0,0.0,0.0,0.0,178046.0
1748855,IT,CN,WEARI,CEREA,0.13,17804.246,4,4,17804.243,0.0,0.0,0.0,0.003,136955.738462
1684136,IT,HR,LANDT,MEATC,0.11,17801.505,3,3,17801.505,0.0,0.0,0.0,0.0,161831.863636
1773966,IT,CH,SALEM,RETAI,0.14,17801.504,3,3,17801.504,0.0,0.0,0.0,0.0,127153.6
1654872,IT,CZ,POSTT,WHOLE,0.29,17800.691,3,3,17800.691,0.0,0.0,0.0,0.0,61381.693103
1768330,IT,AU,CHEMI,CONST,0.04,17800.544,5,5,17799.542,0.0,0.0,1.0,0.002,445013.6
1729007,IT,SE,RUBBE,VEGET,0.06,17799.892,4,4,17799.89,0.0,0.0,0.0,0.002,296664.866667
1641693,IT,AT,PLAST,GASDI,0.04,17799.667,4,4,17799.665,0.0,0.0,0.0,0.002,444991.675
1660039,IT,DE,AIRTR,MEAT4,0.02,17799.152,3,3,17799.152,0.0,0.0,0.0,0.0,889957.6
1805935,IT,WF,LEAD1,BASIC,0.03,17799.133,4,4,17799.131,0.0,0.0,0.0,0.002,593304.433333
1758195,IT,BR,BASIC,PIGS9,0.02,17797.609,3,3,17797.609,0.0,0.0,0.0,0.0,889880.45
1723030,IT,PT,PLAST,DIST1,0.04,17796.991,4,4,17796.989,0.0,0.0,0.0,0.002,444924.775
1714391,IT,NL,CEREA,RENTI,0.03,17796.073,3,3,17796.073,0.0,0.0,0.0,0.0,593202.433333
1658020,IT,DE,PREC1,PFERT,0.03,17795.244,3,3,17795.244,0.0,0.0,0.0,0.0,593174.8
1683382,IT,HR,BASIC,VEGE1,0.02,17794.193,3,3,17794.193,0.0,0.0,0.0,0.0,889709.65
1770456,IT,AU,AIRTR,WHEAT,0.02,17794.117,3,3,17794.117,0.0,0.0,0.0,0.0,889705.85
1729832,IT,SE,OFFIC,RENTI,0.06,17794.056,3,3,17794.056,0.0,0.0,0.0,0.0,296567.6
1782050,IT,NO,RUBBE,93197,0.06,17793.886,4,4,17793.884,0.0,0.0,0.0,0.002,296564.766667
1740769,IT,US,MEAT4,COLLE,0.1,17793.848,3,3,17793.848,0.0,0.0,0.0,0.0,177938.48
1769536,IT,AU,ALUM1,NONME,0.03,17793.79,3,3,17793.79,0.0,0.0,0.0,0.0,593126.333333
1664705,IT,EE,AIRTR,COMPU,0.02,17793.598,3,3,17793.598,0.0,0.0,0.0,0.0,889679.9
1802571,IT,WE,FINAN,SALEM,0.23,17792.47,3,3,17792.47,0.0,0.0,0.0,0.0,77358.565217
1781520,IT,NO,TEXTI,RUBBE,0.11,17791.572,4,4,17791.57,0.0,0.0,0.0,0.002,161741.563636
1681642,IT,HR,VEGET,MEATA,0.06,17789.319,3,3,17789.319,0.0,0.0,0.0,0.0,296488.65
1773527,IT,CH,MOTO1,CERAM,0.09,17789.031,3,3,17789.031,0.0,0.0,0.0,0.0,197655.9
1766185,IT,RU,RUBBE,INERT,0.06,17787.133,4,4,17787.131,0.0,0.0,0.0,0.002,296452.216667
1783771,IT,NO,PAPE4,HEALT,0.12,17785.452,3,3,17785.452,0.0,0.0,0.0,0.0,148212.1
1740702,IT,US,CHEMI,NFERT,0.04,17785.22,5,5,17784.218,0.0,0.0,1.0,0.002,444630.5
1738179,IT,GB,CERAM,NATUR,0.03,17785.044,3,3,17785.044,0.0,0.0,0.0,0.0,592834.8
1738607,IT,GB,FABRI,AUXIL,0.07,17784.528,3,3,17784.528,0.0,0.0,0.0,0.0,254064.685714
1811878,IT,WM,RUBBE,BITU1,0.06,17782.855,4,4,17782.853,0.0,0.0,0.0,0.002,296380.916667
1682199,IT,HR,WEARI,NONME,0.13,17782.531,4,4,17782.528,0.0,0.0,0.0,0.003,136788.7
1660401,IT,DE,FINAN,COLLE,0.23,17782.142,3,3,17782.142,0.0,0.0,0.0,0.0,77313.66087
1718142,IT,PL,VEGE1,DIST1,0.05,17781.814,4,4,17781.81,0.0,0.0,0.0,0.004,355636.28
1783988,IT,ID,FOOD5,RAWMI,0.09,17781.801,4,4,17781.799,0.0,0.0,0.0,0.002,197575.566667
1737600,IT,GB,PAPER,GASDI,0.07,17781.77,4,4,17781.768,0.0,0.0,0.0,0.002,254025.285714
1654236,IT,CZ,TRANS,OFFIC,0.11,17781.726,3,3,17781.726,0.0,0.0,0.0,0.0,161652.054545
1656381,IT,DE,WOODW,COPP1,0.05,17781.682,3,3,17781.682,0.0,0.0,0.0,0.0,355633.64
1713479,IT,MT,RUBBE,STONE,0.06,17781.64,4,4,17781.638,0.0,0.0,0.0,0.002,296360.666667
1723471,IT,PT,ALUM1,NONME,0.03,17780.319,3,3,17780.319,0.0,0.0,0.0,0.0,592677.3
1745802,IT,JP,WEARI,TEXT1,0.13,17780.159,4,4,17780.156,0.0,0.0,0.0,0.003,136770.453846
1715032,IT,NL,TEXTI,PRINT,0.11,17779.769,4,4,17779.767,0.0,0.0,0.0,0.002,161634.263636
1649784,IT,BG,BASIC,POSTT,0.02,17779.613,3,3,17779.613,0.0,0.0,0.0,0.0,888980.65
1735046,IT,SK,CHEM1,CATTL,0.04,17779.317,4,4,17779.315,0.0,0.0,0.0,0.002,444482.925
1647515,IT,BE,SUPPO,NONME,0.13,17778.937,3,3,17778.937,0.0,0.0,0.0,0.0,136761.053846
1721389,IT,PL,SEACO,LEAD1,0.02,17778.627,3,3,17778.627,0.0,0.0,0.0,0.0,888931.35
1814372,IT,WM,AUXIL,CRUDE,0.33,17777.64,3,3,17777.64,0.0,0.0,0.0,0.0,53871.636364
1752711,IT,CA,LEATH,BASIC,0.13,17777.252,4,4,17777.249,0.0,0.0,0.0,0.003,136748.092308
1800337,IT,WE,CHEM1,NATUR,0.04,17776.59,4,4,17776.588,0.0,0.0,0.0,0.002,444414.75
1655437,IT,DE,FORES,PLAST,0.16,17776.466,4,4,17769.466,0.0,7.0,0.0,0.0,111102.9125
1721283,IT,PL,LANDT,STEAM,0.11,17775.784,3,3,17775.784,0.0,0.0,0.0,0.0,161598.036364
1731655,IT,SI,WOODW,BEVER,0.05,17774.619,3,3,17774.619,0.0,0.0,0.0,0.0,355492.38
1665944,IT,ES,MOTOR,PRINT,0.03,17773.766,3,3,17773.766,0.0,0.0,0.0,0.0,592458.866667
1640733,IT,AT,TEXTI,PLAST,0.11,17773.412,4,4,17773.41,0.0,0.0,0.0,0.002,161576.472727
1712044,IT,LV,BEVER,CROPS,0.08,17772.81,3,3,17772.81,0.0,0.0,0.0,0.0,222160.125
1777385,IT,TR,CERAM,MACHI,0.03,17772.798,3,3,17772.798,0.0,0.0,0.0,0.0,592426.6
1683899,IT,HR,FURNI,MEATC,0.06,17772.758,4,4,17772.756,0.0,0.0,0.0,0.002,296212.633333
1813546,IT,WM,WHOLE,WOODW,0.15,17772.35,3,3,17772.35,0.0,0.0,0.0,0.0,118482.333333
1790462,IT,WA,COPP1,SANDC,0.04,17771.555,3,3,17771.555,0.0,0.0,0.0,0.0,444288.875
1640179,IT,AT,VEGET,COMPU,0.06,17771.13,3,3,17771.13,0.0,0.0,0.0,0.0,296185.5
1801473,IT,WE,MOTO1,LIQUE,0.09,17771.009,3,3,17771.009,0.0,0.0,0.0,0.0,197455.655556
1722405,IT,PT,MEATC,HEALT,0.06,17770.335,3,3,17770.335,0.0,0.0,0.0,0.0,296172.25
1685664,IT,HU,GASDI,BUSIN,0.03,17770.246,3,3,17770.246,0.0,0.0,0.0,0.0,592341.533333
1785194,IT,ZA,BEVER,BITUM,0.08,17770.023,3,3,17770.023,0.0,0.0,0.0,0.0,222125.2875
1810429,IT,WM,PULP5,PLAST,0.05,17769.063,4,4,17769.061,0.0,0.0,0.0,0.002,355381.26
1661622,IT,DK,FISH5,WEARI,0.07,17768.52,4,4,17768.511,0.0,0.0,0.0,0.009,253836.0
1783920,IT,ID,MEATA,INLAN,0.1,17767.889,4,4,17767.886,0.0,0.0,0.0,0.003,177678.89
1801406,IT,WE,OFFIC,SUPPO,0.06,17767.674,3,3,17767.674,0.0,0.0,0.0,0.0,296127.9
1686668,IT,HU,LEAD1,PLAS2,0.03,17765.62,3,3,17765.62,0.0,0.0,0.0,0.0,592187.333333
1808428,IT,WF,FOOD4,FISHF,0.13,17764.897,3,3,17764.897,0.0,0.0,0.0,0.0,136653.053846
1676470,IT,FR,RETA1,ALUM1,0.19,17764.884,3,3,17764.884,0.0,0.0,0.0,0.0,93499.389474
1753263,IT,CA,CEMEN,REFI1,0.03,17764.88,3,3,17764.88,0.0,0.0,0.0,0.0,592162.666667
1672709,IT,FR,SANDC,ELEC3,0.04,17764.092,4,4,17760.092,0.0,0.0,4.0,0.0,444102.3
1748446,IT,CN,STONE,LEATH,0.06,17763.433,4,4,17762.433,0.0,0.0,1.0,0.0,296057.216667
1684904,IT,HU,CHEMI,CEREA,0.04,17763.203,5,5,17762.201,0.0,0.0,1.0,0.002,444080.075
1784889,IT,ID,AIRTR,BUSIN,0.02,17762.492,3,3,17762.492,0.0,0.0,0.0,0.0,888124.6
1664911,IT,ES,CRUDE,BIODI,0.03,17761.212,4,4,17761.21,0.0,0.0,0.0,0.002,592040.4
1664794,IT,ES,VEGET,MEAT4,0.06,17760.679,3,3,17760.679,0.0,0.0,0.0,0.0,296011.316667
1777073,IT,TR,CHEM1,ELEC4,0.04,17760.265,4,4,17760.263,0.0,0.0,0.0,0.002,444006.625
1725038,IT,RO,VEGET,MEAT1,0.06,17759.271,3,3,17759.271,0.0,0.0,0.0,0.0,295987.85
1758670,IT,BR,FURNI,RESEA,0.06,17759.235,4,4,17759.233,0.0,0.0,0.0,0.002,295987.25
1665888,IT,ES,PRINT,93197,0.17,17759.206,3,3,17759.206,0.0,0.0,0.0,0.0,104465.917647
1745657,IT,JP,TEXTI,MEDIC,0.11,17759.097,4,4,17759.095,0.0,0.0,0.0,0.002,161446.336364
1756241,IT,KR,MACHI,INSUR,0.1,17758.968,3,3,17758.968,0.0,0.0,0.0,0.0,177589.68
1809361,IT,WM,SANDC,BUSIN,0.04,17757.983,4,4,17753.983,0.0,0.0,4.0,0.0,443949.575
1802405,IT,WE,AIRTR,MEAT1,0.02,17755.699,3,3,17755.699,0.0,0.0,0.0,0.0,887784.95
1799202,IT,WE,LEATH,OILSE,0.13,17754.992,4,4,17754.989,0.0,0.0,0.0,0.003,136576.861538
1671154,IT,FI,CERAM,RUBBE,0.03,17754.066,3,3,17754.066,0.0,0.0,0.0,0.0,591802.2
1724203,IT,PT,HOTEL,LANDT,0.13,17753.326,3,3,17753.326,0.0,0.0,0.0,0.0,136564.046154
1648083,IT,BE,COMPU,MEMBE,0.2,17751.743,3,3,17751.743,0.0,0.0,0.0,0.0,88758.715
1689375,IT,IE,RETA1,POSTT,0.19,17751.413,3,3,17751.413,0.0,0.0,0.0,0.0,93428.489474
1682324,IT,HR,WOODW,SUGA1,0.05,17751.296,3,3,17751.296,0.0,0.0,0.0,0.0,355025.92
1745500,IT,JP,FOOD5,ELEC2,0.09,17750.471,4,4,17750.469,0.0,0.0,0.0,0.002,197227.455556
1746382,IT,JP,RUBBE,ALUM1,0.06,17749.996,4,4,17749.994,0.0,0.0,0.0,0.002,295833.266667
1810224,IT,WM,LEATH,FOOD5,0.13,17749.603,4,4,17749.6,0.0,0.0,0.0,0.003,136535.407692
1646839,IT,BE,RETAI,PRINT,0.14,17749.423,3,3,17749.423,0.0,0.0,0.0,0.0,126781.592857
1737200,IT,GB,DAIRY,COMPU,0.07,17748.324,3,3,17748.324,0.0,0.0,0.0,0.0,253547.485714
1763424,IT,MX,HEAVY,NAPHT,0.03,17746.634,3,3,17746.634,0.0,0.0,0.0,0.0,591554.466667
1797139,IT,WL,POSTT,ALUM1,0.29,17746.199,3,3,17746.199,0.0,0.0,0.0,0.0,61193.789655
1741574,IT,US,GASDI,GLASS,0.03,17746.163,3,3,17746.163,0.0,0.0,0.0,0.0,591538.766667
1659635,IT,DE,HOTEL,COLLE,0.13,17746.044,3,3,17746.044,0.0,0.0,0.0,0.0,136508.030769
1661636,IT,DK,TEXTI,MEAT4,0.11,17743.737,4,4,17743.735,0.0,0.0,0.0,0.002,161306.7
1798994,IT,WE,TEXTI,BITUM,0.11,17743.414,4,4,17743.412,0.0,0.0,0.0,0.002,161303.763636
1725834,IT,RO,KEROS,SUPPO,0.03,17742.693,3,3,17742.693,0.0,0.0,0.0,0.0,591423.1
1804796,IT,WF,NAPHT,BRICK,0.03,17742.291,3,3,17742.291,0.0,0.0,0.0,0.0,591409.7
1725063,IT,RO,CROPS,POULT,0.14,17741.585,3,3,17741.585,0.0,0.0,0.0,0.0,126725.607143
1810221,IT,WM,LEATH,VEGE1,0.13,17741.443,4,4,17741.44,0.0,0.0,0.0,0.003,136472.638462
1809294,IT,WM,STONE,MEATP,0.06,17740.907,4,4,17739.907,0.0,0.0,1.0,0.0,295681.783333
1769413,IT,AU,BRICK,WHOLE,0.03,17740.108,3,3,17740.108,0.0,0.0,0.0,0.0,591336.933333
1674720,IT,FR,GLASS,PLAS1,0.05,17736.684,3,3,17736.684,0.0,0.0,0.0,0.0,354733.68
1800877,IT,WE,PREC1,COPPE,0.03,17736.302,3,3,17736.302,0.0,0.0,0.0,0.0,591210.066667
1732223,IT,SI,HEAVY,RAILW,0.03,17735.292,3,3,17735.292,0.0,0.0,0.0,0.0,591176.4
1644613,IT,BE,FOOD5,BIODI,0.09,17734.769,4,4,17734.767,0.0,0.0,0.0,0.002,197052.988889
1739541,IT,GB,LANDT,TEXT2,0.11,17734.694,3,3,17734.694,0.0,0.0,0.0,0.0,161224.490909
1648205,IT,BE,BUSIN,FOUND,0.18,17733.254,3,3,17733.254,0.0,0.0,0.0,0.0,98518.077778
1778869,IT,TR,TRAN2,INERT,0.03,17733.08,3,3,17733.08,0.0,0.0,0.0,0.0,591102.666667
1643190,IT,AT,HOTEL,MEATP,0.13,17732.671,3,3,17732.671,0.0,0.0,0.0,0.0,136405.161538
1775482,IT,CH,PLAS1,BUSIN,0.06,17732.333,3,3,17732.333,0.0,0.0,0.0,0.0,295538.883333
1732590,IT,SI,GLASS,FORES,0.05,17732.197,3,3,17732.197,0.0,0.0,0.0,0.0,354643.94
1661891,IT,DK,PAPER,93197,0.07,17732.084,4,4,17732.082,0.0,0.0,0.0,0.002,253315.485714
1735051,IT,SK,CHEM1,RAWMI,0.04,17730.555,4,4,17730.553,0.0,0.0,0.0,0.002,443263.875
1641661,IT,AT,PETRO,CHEM1,0.03,17729.272,3,3,17729.272,0.0,0.0,0.0,0.0,590975.733333
1755535,IT,KR,CHEM1,WHITE,0.04,17728.498,4,4,17728.496,0.0,0.0,0.0,0.002,443212.45
1761106,IT,IN,CHEM1,MEAT4,0.04,17728.107,4,4,17728.105,0.0,0.0,0.0,0.002,443202.675
1780317,IT,TW,INLAN,PUBLI,0.03,17727.095,3,3,17727.095,0.0,0.0,0.0,0.0,590903.166667
1726599,IT,RO,MOTO1,MEATP,0.09,17727.065,3,3,17727.065,0.0,0.0,0.0,0.0,196967.388889
1762435,IT,IN,POSTT,RENTI,0.29,17726.751,3,3,17726.751,0.0,0.0,0.0,0.0,61126.727586
1749184,IT,CN,PULP5,FOUND,0.05,17726.137,4,4,17726.135,0.0,0.0,0.0,0.002,354522.74
1724620,IT,PT,FINAN,SALEM,0.23,17724.861,3,3,17724.861,0.0,0.0,0.0,0.0,77064.613043
1726070,IT,RO,RUBBE,VEGE1,0.06,17724.133,4,4,17724.131,0.0,0.0,0.0,0.002,295402.216667
1739418,IT,GB,LANDT,PIGS9,0.11,17724.122,3,3,17724.122,0.0,0.0,0.0,0.0,161128.381818
1800244,IT,WE,PLAST,BIODI,0.04,17724.095,4,4,17724.093,0.0,0.0,0.0,0.002,443102.375
1682944,IT,HR,PLAST,BEVER,0.04,17723.421,4,4,17723.419,0.0,0.0,0.0,0.002,443085.525
1684244,IT,HR,SEACO,TRANS,0.02,17723.228,3,3,17723.228,0.0,0.0,0.0,0.0,886161.4
1795325,IT,WL,NONME,PLAST,0.04,17721.951,4,4,17721.949,0.0,0.0,0.0,0.002,443048.775
1784882,IT,ID,AIRTR,LANDT,0.02,17721.616,3,3,17721.616,0.0,0.0,0.0,0.0,886080.8
1680103,IT,GR,OFFIC,VEGET,0.05,17720.431,3,3,17720.431,0.0,0.0,0.0,0.0,354408.62
1732607,IT,SI,GLASS,PRINT,0.05,17720.36,3,3,17720.36,0.0,0.0,0.0,0.0,354407.2
1681740,IT,HR,NATUR,MOTO1,0.02,17719.844,3,3,17719.844,0.0,0.0,0.0,0.0,885992.2
1759535,IT,BR,RENTI,FINAN,0.11,17719.724,3,3,17719.724,0.0,0.0,0.0,0.0,161088.4
1739348,IT,GB,RAILW,PRINT,0.12,17719.719,3,3,17719.719,0.0,0.0,0.0,0.0,147664.325
1734330,IT,SI,BUSIN,LANDT,0.18,17719.663,3,3,17719.663,0.0,0.0,0.0,0.0,98442.572222
1646653,IT,BE,FURNI,FISH5,0.06,17719.583,4,4,17719.581,0.0,0.0,0.0,0.002,295326.383333
1773879,IT,CH,ELEC7,RETA1,0.01,17719.57,3,3,17719.57,0.0,0.0,0.0,0.0,1771957.0
1721340,IT,PL,TRAN2,RUBBE,0.03,17718.525,3,3,17718.525,0.0,0.0,0.0,0.0,590617.5
1754367,IT,CA,INSUR,COMPU,0.37,17718.272,3,3,17718.272,0.0,0.0,0.0,0.0,47887.221622
1782048,IT,NO,RUBBE,MEMBE,0.06,17718.14,4,4,17718.138,0.0,0.0,0.0,0.002,295302.333333
1668257,IT,ES,WHOLE,STONE,0.15,17717.379,3,3,17717.379,0.0,0.0,0.0,0.0,118115.86
1666694,IT,ES,BIODI,BUSIN,0.04,17717.073,4,4,17717.071,0.0,0.0,0.0,0.002,442926.825
1643709,IT,AT,SUPPO,CERAM,0.13,17717.036,3,3,17717.036,0.0,0.0,0.0,0.0,136284.892308
1689154,IT,IE,SALEM,HOTEL,0.14,17716.558,3,3,17716.558,0.0,0.0,0.0,0.0,126546.842857
1775895,IT,TR,PROCE,FABRI,0.12,17716.288,3,3,17716.288,0.0,0.0,0.0,0.0,147635.733333
1736759,IT,SK,RENTI,MACHI,0.11,17715.744,3,3,17715.744,0.0,0.0,0.0,0.0,161052.218182
1646039,IT,BE,NONME,COMPU,0.04,17715.253,4,4,17715.251,0.0,0.0,0.0,0.002,442881.325
1710631,IT,LU,MEATC,RECRE,0.06,17713.301,3,3,17713.301,0.0,0.0,0.0,0.0,295221.683333
1766710,IT,RU,FABRI,INERT,0.07,17712.849,3,3,17712.849,0.0,0.0,0.0,0.0,253040.7
1750526,IT,CN,MACHI,BLAST,0.1,17712.713,3,3,17712.713,0.0,0.0,0.0,0.0,177127.13
1716243,IT,NL,COPP1,CHEM1,0.04,17712.519,3,3,17712.519,0.0,0.0,0.0,0.0,442812.975
1729369,IT,SE,BASIC,PULP5,0.02,17712.102,3,3,17712.102,0.0,0.0,0.0,0.0,885605.1
1769349,IT,AU,GLASS,SALEM,0.05,17712.047,3,3,17712.047,0.0,0.0,0.0,0.0,354240.94
1729371,IT,SE,BASIC,PRINT,0.02,17711.829,3,3,17711.829,0.0,0.0,0.0,0.0,885591.45
1728062,IT,SE,MEATP,FISHF,0.07,17710.593,4,4,17710.591,0.0,0.0,0.0,0.002,253008.471429
1786699,IT,ZA,RETA1,BITUM,0.18,17710.123,3,3,17710.123,0.0,0.0,0.0,0.0,98389.572222
1727949,IT,SE,OILSE,RETA1,0.01,17709.726,3,3,17709.726,0.0,0.0,0.0,0.0,1770972.6
1756691,IT,KR,SEACO,CERAM,0.02,17708.889,3,3,17708.889,0.0,0.0,0.0,0.0,885444.45
1686075,IT,HU,RUBBE,MOTOR,0.06,17708.886,4,4,17708.884,0.0,0.0,0.0,0.002,295148.1
1790048,IT,WA,NONME,WASTE,0.04,17708.808,4,4,17708.806,0.0,0.0,0.0,0.002,442720.2
1780647,IT,TW,AUXIL,FOOD5,0.32,17708.386,3,3,17708.386,0.0,0.0,0.0,0.0,55338.70625
1731811,IT,SI,PAPER,STEAM,0.07,17708.009,4,4,17708.007,0.0,0.0,0.0,0.002,252971.557143
1669740,IT,ES,BUSIN,MEAT1,0.18,17707.509,3,3,17707.509,0.0,0.0,0.0,0.0,98375.05
1661714,IT,DK,WEARI,BUSIN,0.13,17707.124,4,4,17707.121,0.0,0.0,0.0,0.003,136208.646154
1750426,IT,CN,FABRI,RECRE,0.07,17707.044,3,3,17707.044,0.0,0.0,0.0,0.0,252957.771429
1734474,IT,SK,SANDC,FABRI,0.04,17704.789,4,4,17700.789,0.0,0.0,4.0,0.0,442619.725
1649846,IT,BG,ALUM1,RETA1,0.03,17702.909,3,3,17702.909,0.0,0.0,0.0,0.0,590096.966667
1785343,IT,ZA,WOODW,BEVER,0.05,17702.143,3,3,17702.143,0.0,0.0,0.0,0.0,354042.86
1802184,IT,WE,HOTEL,FURNI,0.13,17701.582,3,3,17701.582,0.0,0.0,0.0,0.0,136166.015385
1748642,IT,CN,DAIRY,TRANS,0.07,17701.187,3,3,17701.187,0.0,0.0,0.0,0.0,252874.1
1727217,IT,RO,SUPPO,DAIRY,0.13,17699.315,3,3,17699.315,0.0,0.0,0.0,0.0,136148.576923
1649289,IT,BG,NAPHT,PAPER,0.03,17698.871,3,3,17698.871,0.0,0.0,0.0,0.0,589962.366667
1678281,IT,FR,FOOD2,INTER,0.1,17698.22,3,3,17698.22,0.0,0.0,0.0,0.0,176982.2
1770527,IT,AU,AIRTR,FOOD1,0.02,17697.734,3,3,17697.734,0.0,0.0,0.0,0.0,884886.7
1712525,IT,LV,FABRI,WHOLE,0.07,17697.639,3,3,17697.639,0.0,0.0,0.0,0.0,252823.414286
1660997,IT,DE,BUSIN,BIOG1,0.18,17697.314,3,3,17697.314,0.0,0.0,0.0,0.0,98318.411111
1661341,IT,DK,MEATC,BEVER,0.06,17697.083,3,3,17697.083,0.0,0.0,0.0,0.0,294951.383333
1736497,IT,SK,INLAN,FABRI,0.03,17696.435,3,3,17696.435,0.0,0.0,0.0,0.0,589881.166667
1759568,IT,BR,COMPU,BASIC,0.2,17695.402,3,3,17695.402,0.0,0.0,0.0,0.0,88477.01
1644364,IT,BE,CHEMI,FABRI,0.04,17693.819,5,5,17692.817,0.0,0.0,1.0,0.002,442345.475
1755134,IT,KR,LEATH,ALUM1,0.13,17692.528,4,4,17692.525,0.0,0.0,0.0,0.003,136096.369231
1734864,IT,SK,PAPER,COPP1,0.07,17692.445,4,4,17692.443,0.0,0.0,0.0,0.002,252749.214286
1649157,IT,BG,PRINT,TOBAC,0.17,17692.066,3,3,17692.066,0.0,0.0,0.0,0.0,104070.976471
1767450,IT,RU,LANDT,RENTI,0.11,17691.813,3,3,17691.813,0.0,0.0,0.0,0.0,160834.663636
1784345,IT,ID,RUBBE,BIODI,0.06,17691.345,4,4,17691.343,0.0,0.0,0.0,0.002,294855.75
1661262,IT,DK,VEGET,PUBLI,0.06,17690.292,3,3,17690.292,0.0,0.0,0.0,0.0,294838.2
1662584,IT,DK,FABRI,MEDIC,0.07,17690.218,3,3,17690.218,0.0,0.0,0.0,0.0,252717.4
1749795,IT,CN,BIODI,LANDT,0.04,17688.809,4,4,17688.807,0.0,0.0,0.0,0.002,442220.225
1772288,IT,CH,LUBRI,LANDT,0.02,17688.321,3,3,17688.321,0.0,0.0,0.0,0.0,884416.05
1643523,IT,AT,TRAN2,CHEM1,0.03,17687.177,3,3,17687.177,0.0,0.0,0.0,0.0,589572.566667
1752573,IT,CA,BEVER,COMPU,0.08,17684.799,3,3,17684.799,0.0,0.0,0.0,0.0,221059.9875
1753532,IT,CA,MACHI,WEARI,0.1,17684.689,3,3,17684.689,0.0,0.0,0.0,0.0,176846.89
1756296,IT,KR,MOTO1,ALUM1,0.09,17684.317,3,3,17684.317,0.0,0.0,0.0,0.0,196492.411111
1641490,IT,AT,HEAVY,OILSE,0.03,17683.765,3,3,17683.765,0.0,0.0,0.0,0.0,589458.833333
1679040,IT,GR,WOODW,CEMEN,0.05,17683.252,3,3,17683.252,0.0,0.0,0.0,0.0,353665.04
1648188,IT,BE,BUSIN,PFERT,0.18,17682.56,3,3,17682.56,0.0,0.0,0.0,0.0,98236.444444
1721610,IT,PL,POSTT,MACHI,0.29,17681.346,3,3,17681.346,0.0,0.0,0.0,0.0,60970.158621
1788960,IT,WA,HEAVY,BIOGA,0.03,17681.013,3,3,17681.013,0.0,0.0,0.0,0.0,589367.1
1753744,IT,CA,FURNI,WEARI,0.06,17680.651,4,4,17680.649,0.0,0.0,0.0,0.002,294677.516667
1758889,IT,BR,HOTEL,DISTR,0.13,17679.784,3,3,17679.784,0.0,0.0,0.0,0.0,135998.338462
1710978,IT,LU,GLASS,RETAI,0.05,17679.427,3,3,17679.427,0.0,0.0,0.0,0.0,353588.54
1763831,IT,MX,NONME,VEGET,0.04,17679.255,4,4,17679.253,0.0,0.0,0.0,0.002,441981.375
1744671,IT,US,COMPU,CHEM1,0.2,17678.932,3,3,17678.932,0.0,0.0,0.0,0.0,88394.66
1674537,IT,FR,RUBBE,LIQUE,0.06,17674.013,4,4,17674.011,0.0,0.0,0.0,0.002,294566.883333
1739715,IT,GB,SUPPO,DISTR,0.13,17673.689,3,3,17673.689,0.0,0.0,0.0,0.0,135951.453846
1715731,IT,NL,PLAST,COMPU,0.04,17673.342,4,4,17673.34,0.0,0.0,0.0,0.002,441833.55
1684892,IT,HU,SANDC,SALEM,0.04,17673.026,4,4,17669.026,0.0,0.0,4.0,0.0,441825.65
1746880,IT,JP,OFFIC,MACHI,0.05,17671.518,3,3,17671.518,0.0,0.0,0.0,0.0,353430.36
1808408,IT,WF,WASTE,BUSIN,0.06,17670.812,3,3,17670.812,0.0,0.0,0.0,0.0,294513.533333
1649236,IT,BG,KEROS,PUBLI,0.03,17670.025,3,3,17670.025,0.0,0.0,0.0,0.0,589000.833333
1763793,IT,MX,CERAM,PLAST,0.03,17669.855,3,3,17669.855,0.0,0.0,0.0,0.0,588995.166667
1809068,IT,WM,OILSE,HEALT,0.01,17669.725,3,3,17669.725,0.0,0.0,0.0,0.0,1766972.5
1787290,IT,WA,OILSE,OILSE,0.01,17668.485,3,3,17668.485,0.0,0.0,0.0,0.0,1766848.5
1689002,IT,IE,MACHI,ELEC5,0.1,17668.33,3,3,17668.33,0.0,0.0,0.0,0.0,176683.3
1785120,IT,ZA,VEGE1,FISH5,0.05,17668.12,4,4,17668.116,0.0,0.0,0.0,0.004,353362.4
1661228,IT,DK,CEREA,HEALT,0.03,17667.936,3,3,17667.936,0.0,0.0,0.0,0.0,588931.2
1746441,IT,JP,GLASS,PRINT,0.05,17666.801,3,3,17666.801,0.0,0.0,0.0,0.0,353336.02
1730551,IT,SE,AUXIL,INSUR,0.32,17666.732,3,3,17666.732,0.0,0.0,0.0,0.0,55208.5375
1772029,IT,CH,PRINT,HEAVY,0.17,17666.537,3,3,17666.537,0.0,0.0,0.0,0.0,103920.805882
1736936,IT,GB,WHEAT,FOOD5,0.01,17664.234,3,3,17664.234,0.0,0.0,0.0,0.0,1766423.4
1654272,IT,CZ,FURNI,WHOLE,0.06,17664.178,4,4,17664.176,0.0,0.0,0.0,0.002,294402.966667
1681549,IT,GR,BUSIN,MOTO1,0.18,17663.87,3,3,17663.87,0.0,0.0,0.0,0.0,98132.611111
1675645,IT,FR,MOTO1,PLAS2,0.09,17663.175,3,3,17663.175,0.0,0.0,0.0,0.0,196257.5
1645732,IT,BE,RUBBE,WEARI,0.06,17662.894,4,4,17662.892,0.0,0.0,0.0,0.002,294381.566667
1679474,IT,GR,CHEM1,CERAM,0.04,17662.296,4,4,17662.294,0.0,0.0,0.0,0.002,441557.4
1665901,IT,ES,COALT,REFI1,0.03,17662.131,3,3,17662.131,0.0,0.0,0.0,0.0,588737.7
1798026,IT,WL,INERT,PUBLI,0.13,17661.099,3,3,17661.099,0.0,0.0,0.0,0.0,135854.607692
1724384,IT,PT,INLAN,FOOD5,0.03,17660.627,3,3,17660.627,0.0,0.0,0.0,0.0,588687.566667
1760373,IT,IN,MEAT4,HOTEL,0.1,17659.593,3,3,17659.593,0.0,0.0,0.0,0.0,176595.93
1648716,IT,BG,FOOD5,BIODI,0.08,17658.862,4,4,17658.86,0.0,0.0,0.0,0.002,220735.775
1728551,IT,SE,PAPER,SUGA1,0.07,17657.866,4,4,17657.864,0.0,0.0,0.0,0.002,252255.228571
1781608,IT,NO,WEARI,SEACO,0.13,17657.341,4,4,17657.338,0.0,0.0,0.0,0.003,135825.7
1683076,IT,HR,RUBBE,SUGA1,0.06,17655.162,4,4,17655.16,0.0,0.0,0.0,0.002,294252.7
1771066,IT,CH,FISHF,RECRE,0.03,17655.137,3,3,17655.137,0.0,0.0,0.0,0.0,588504.566667
1748328,IT,JP,PRIVA,93197,3.94,17654.649,4,4,17654.646,0.0,0.0,0.0,0.003,4480.875381
1787549,IT,WA,CHEMI,DISTR,0.04,17654.041,5,5,17653.039,0.0,0.0,1.0,0.002,441351.025
1681709,IT,HR,FISHF,DAIRY,0.03,17653.347,3,3,17653.347,0.0,0.0,0.0,0.0,588444.9
1716798,IT,NL,RETA1,RESEA,0.18,17653.116,3,3,17653.116,0.0,0.0,0.0,0.0,98072.866667
1810085,IT,WM,TEXTI,COLLE,0.1,17650.577,4,4,17650.575,0.0,0.0,0.0,0.002,176505.77
1760702,IT,IN,PAPER,RADIO,0.07,17650.143,4,4,17650.141,0.0,0.0,0.0,0.002,252144.9
1712238,IT,LV,PAPER,SUPPO,0.07,17649.176,4,4,17649.174,0.0,0.0,0.0,0.002,252131.085714
1730332,IT,SE,SUPPO,FOOD5,0.13,17649.124,3,3,17649.124,0.0,0.0,0.0,0.0,135762.492308
1743700,IT,US,RAILW,RETA1,0.12,17648.124,3,3,17648.124,0.0,0.0,0.0,0.0,147067.7
1684134,IT,HR,LANDT,FISHF,0.11,17646.824,3,3,17646.824,0.0,0.0,0.0,0.0,160425.672727
1734946,IT,SK,GASDI,CEREA,0.03,17646.385,3,3,17646.385,0.0,0.0,0.0,0.0,588212.833333
1764556,IT,MX,WHOLE,RAWMI,0.15,17645.72,3,3,17645.72,0.0,0.0,0.0,0.0,117638.133333
1713774,IT,MT,MOTO1,CONST,0.09,17645.543,3,3,17645.543,0.0,0.0,0.0,0.0,196061.588889
1709869,IT,LT,GLASS,HOTEL,0.05,17645.45,3,3,17645.45,0.0,0.0,0.0,0.0,352909.0
1642066,IT,AT,GLASS,PAPER,0.05,17644.691,3,3,17644.691,0.0,0.0,0.0,0.0,352893.82
1676927,IT,FR,AIRTR,CROPS,0.02,17644.353,3,3,17644.353,0.0,0.0,0.0,0.0,882217.65
1723914,IT,PT,FURNI,SUPPO,0.06,17644.303,4,4,17644.301,0.0,0.0,0.0,0.002,294071.716667
1805312,IT,WF,BIODI,EDUCA,0.04,17643.517,4,4,17643.515,0.0,0.0,0.0,0.002,441087.925
1649557,IT,BG,RUBBE,ELEC4,0.06,17643.404,4,4,17643.402,0.0,0.0,0.0,0.002,294056.733333
1684433,IT,HR,AUXIL,FINAN,0.32,17643.242,3,3,17643.242,0.0,0.0,0.0,0.0,55135.13125
1690202,IT,IE,BUSIN,MOTO1,0.18,17641.73,3,3,17641.73,0.0,0.0,0.0,0.0,98009.611111
1763097,IT,MX,WEARI,WEARI,0.13,17640.96,4,4,17640.957,0.0,0.0,0.0,0.003,135699.692308
1788867,IT,WA,GASDI,CEMEN,0.03,17640.818,3,3,17640.818,0.0,0.0,0.0,0.0,588027.266667
1717419,IT,NL,INSUR,DISTR,0.36,17640.549,3,3,17640.549,0.0,0.0,0.0,0.0,49001.525
1672848,IT,FR,VEGE1,FISHF,0.05,17637.918,4,4,17637.914,0.0,0.0,0.0,0.004,352758.36
1803760,IT,WF,TEXTI,OILSE,0.1,17637.583,4,4,17637.581,0.0,0.0,0.0,0.002,176375.83
1803777,IT,WF,TEXTI,IRONO,0.1,17635.995,4,4,17635.993,0.0,0.0,0.0,0.002,176359.95
1808509,IT,WF,FOOD4,MEMBE,0.13,17635.943,3,3,17635.943,0.0,0.0,0.0,0.0,135661.1
1714290,IT,MT,BUSIN,PUBLI,0.18,17634.781,3,3,17634.781,0.0,0.0,0.0,0.0,97971.005556
1764601,IT,MX,WHOLE,SUPPO,0.15,17633.755,3,3,17633.755,0.0,0.0,0.0,0.0,117558.366667
1647376,IT,BE,SEACO,INTER,0.02,17633.0,3,3,17633.0,0.0,0.0,0.0,0.0,881650.0
1718198,IT,PL,DAIRY,REALE,0.07,17632.285,3,3,17632.285,0.0,0.0,0.0,0.0,251889.785714
1806410,IT,WF,MOTO1,RESEA,0.09,17631.454,3,3,17631.454,0.0,0.0,0.0,0.0,195905.044444
1791654,IT,WA,HOTEL,BASIC,0.13,17630.994,3,3,17630.994,0.0,0.0,0.0,0.0,135623.030769
1660003,IT,DE,INLAN,KEROS,0.03,17630.942,3,3,17630.942,0.0,0.0,0.0,0.0,587698.066667
1663651,IT,DK,BUSIN,INLAN,0.18,17630.112,3,3,17630.112,0.0,0.0,0.0,0.0,97945.066667
1713715,IT,MT,MACHI,STONE,0.1,17629.883,3,3,17629.883,0.0,0.0,0.0,0.0,176298.83
1672048,IT,FI,AIRTR,RAILW,0.02,17629.595,3,3,17629.595,0.0,0.0,0.0,0.0,881479.75
1804885,IT,WF,BITU1,NFERT,0.03,17629.152,3,3,17629.152,0.0,0.0,0.0,0.0,587638.4
1682757,IT,HR,GASDI,WASTE,0.03,17628.484,3,3,17628.484,0.0,0.0,0.0,0.0,587616.133333
1644996,IT,BE,WOODW,INTER,0.05,17627.638,3,3,17627.638,0.0,0.0,0.0,0.0,352552.76
1771547,IT,CH,TEXTI,LIQUE,0.1,17626.273,4,4,17626.271,0.0,0.0,0.0,0.002,176262.73
1667420,IT,ES,COPP1,RETA1,0.04,17625.511,3,3,17625.511,0.0,0.0,0.0,0.0,440637.775
1685010,IT,HU,VEGE1,REALE,0.05,17625.33,4,4,17625.326,0.0,0.0,0.0,0.004,352506.6
1762164,IT,IN,LANDT,ELEC4,0.11,17624.648,3,3,17624.648,0.0,0.0,0.0,0.0,160224.072727
1724815,IT,PT,COMPU,FINAN,0.2,17624.217,3,3,17624.217,0.0,0.0,0.0,0.0,88121.085
1658920,IT,DE,FURNI,RADIO,0.06,17623.681,4,4,17623.679,0.0,0.0,0.0,0.002,293728.016667
1673988,IT,FR,KEROS,LANDT,0.03,17623.49,3,3,17623.49,0.0,0.0,0.0,0.0,587449.666667
1786682,IT,ZA,WHOLE,AIRTR,0.15,17621.638,3,3,17621.638,0.0,0.0,0.0,0.0,117477.586667
1673105,IT,FR,FOOD5,HEALT,0.08,17620.693,4,4,17620.691,0.0,0.0,0.0,0.002,220258.6625
1810341,IT,WM,WOODW,NFERT,0.05,17619.356,3,3,17619.356,0.0,0.0,0.0,0.0,352387.12
1655843,IT,DE,VEGE1,RAILW,0.05,17618.228,4,4,17618.224,0.0,0.0,0.0,0.004,352364.56
1719342,IT,PL,BIODI,ALUM1,0.04,17617.833,4,4,17617.831,0.0,0.0,0.0,0.002,440445.825
1796487,IT,WL,RETA1,WEARI,0.18,17616.81,3,3,17616.81,0.0,0.0,0.0,0.0,97871.166667
1649599,IT,BG,GLASS,SANDC,0.05,17616.204,3,3,17616.204,0.0,0.0,0.0,0.0,352324.08
1750933,IT,CN,CONST,WHOLE,0.1,17615.935,3,3,17615.935,0.0,0.0,0.0,0.0,176159.35
1797708,IT,WL,PLAS1,CONST,0.06,17615.341,3,3,17615.341,0.0,0.0,0.0,0.0,293589.016667
1766454,IT,RU,PREC1,WOODW,0.03,17615.123,3,3,17615.123,0.0,0.0,0.0,0.0,587170.766667
1644646,IT,BE,FOOD5,INTER,0.08,17613.276,4,4,17613.274,0.0,0.0,0.0,0.002,220165.95
1733901,IT,SI,SEACO,93197,0.02,17611.622,3,3,17611.622,0.0,0.0,0.0,0.0,880581.1
1760755,IT,IN,PRINT,GASDI,0.17,17611.264,3,3,17611.264,0.0,0.0,0.0,0.0,103595.670588
1648480,IT,BG,OILSE,MEATC,0.01,17611.093,3,3,17611.093,0.0,0.0,0.0,0.0,1761109.3
1672798,IT,FR,MEATP,RECRE,0.07,17610.691,4,4,17610.689,0.0,0.0,0.0,0.002,251581.3
1793380,IT,WL,VEGET,AUXIL,0.06,17610.062,3,3,17610.062,0.0,0.0,0.0,0.0,293501.033333
1657084,IT,DE,NONSP,ELEC4,0.02,17609.447,3,3,17609.447,0.0,0.0,0.0,0.0,880472.35
1751874,IT,CN,COMPU,MEATP,0.2,17609.235,3,3,17609.235,0.0,0.0,0.0,0.0,88046.175
1670400,IT,FI,PROCE,PLAS2,0.12,17609.015,3,3,17609.015,0.0,0.0,0.0,0.0,146741.791667
1769801,IT,AU,MACHI,BIOG1,0.1,17608.507,3,3,17608.507,0.0,0.0,0.0,0.0,176085.07
1720944,IT,PL,WHOLE,DAIRY,0.15,17608.25,3,3,17608.25,0.0,0.0,0.0,0.0,117388.333333
1780991,IT,TW,BUSIN,PREC1,0.18,17606.013,3,3,17606.013,0.0,0.0,0.0,0.0,97811.183333
1720558,IT,PL,OFFIC,FURNI,0.05,17605.387,3,3,17605.387,0.0,0.0,0.0,0.0,352107.74
1808641,IT,WF,INERT,CATTL,0.13,17604.774,3,3,17604.774,0.0,0.0,0.0,0.0,135421.338462
1796770,IT,WL,LANDT,FURNI,0.11,17603.895,3,3,17603.895,0.0,0.0,0.0,0.0,160035.409091
1743341,IT,US,SALEM,VEGET,0.14,17603.866,3,3,17603.866,0.0,0.0,0.0,0.0,125741.9
1651817,IT,CY,HOTEL,WHOLE,0.13,17603.831,3,3,17603.831,0.0,0.0,0.0,0.0,135414.084615
1666900,IT,ES,GLASS,DISTR,0.05,17603.707,3,3,17603.707,0.0,0.0,0.0,0.0,352074.14
1770429,IT,AU,SEACO,PFERT,0.02,17603.65,3,3,17603.65,0.0,0.0,0.0,0.0,880182.5
1677634,IT,FR,REALE,REALE,0.74,17601.565,3,3,17601.565,0.0,0.0,0.0,0.0,23785.898649
1789804,IT,WA,CERAM,CATTL,0.03,17600.933,3,3,17600.933,0.0,0.0,0.0,0.0,586697.766667
1646147,IT,BE,PREC1,SUPPO,0.03,17600.341,3,3,17600.341,0.0,0.0,0.0,0.0,586678.033333
1737854,IT,GB,PLAST,LIQUE,0.04,17600.049,4,4,17600.047,0.0,0.0,0.0,0.002,440001.225
1754965,IT,KR,TEXTI,DIST1,0.1,17599.513,4,4,17599.511,0.0,0.0,0.0,0.002,175995.13
1743261,IT,US,FURNI,TEXTI,0.06,17598.799,4,4,17598.797,0.0,0.0,0.0,0.002,293313.316667
1736510,IT,SK,AIRTR,MACHI,0.02,17598.186,3,3,17598.186,0.0,0.0,0.0,0.0,879909.3
1799165,IT,WE,WEARI,ELEC3,0.13,17598.16,4,4,17598.157,0.0,0.0,0.0,0.003,135370.461538
1688776,IT,IE,RUBBE,SECO9,0.06,17597.475,4,4,17597.473,0.0,0.0,0.0,0.002,293291.25
1654996,IT,CZ,AUXIL,AUXIL,0.32,17596.777,3,3,17596.777,0.0,0.0,0.0,0.0,54989.928125
1796183,IT,WL,FURNI,GASDI,0.06,17595.898,4,4,17595.896,0.0,0.0,0.0,0.002,293264.966667
1813659,IT,WM,RETA1,PFERT,0.18,17595.641,3,3,17595.641,0.0,0.0,0.0,0.0,97753.561111
1675035,IT,FR,ALUM1,MEATP,0.03,17594.497,3,3,17594.497,0.0,0.0,0.0,0.0,586483.233333
1673113,IT,FR,FOOD5,SEWAG,0.08,17593.641,4,4,17593.639,0.0,0.0,0.0,0.002,219920.5125
1676847,IT,FR,LANDT,AUXIL,0.11,17593.515,3,3,17593.515,0.0,0.0,0.0,0.0,159941.045455
1756554,IT,KR,RETA1,PAPER,0.18,17593.17,3,3,17593.17,0.0,0.0,0.0,0.0,97739.833333
1773125,IT,CH,COPP1,MOTO1,0.04,17593.084,3,3,17593.084,0.0,0.0,0.0,0.0,439827.1
1657027,IT,DE,NAPHT,HOTEL,0.03,17591.945,3,3,17591.945,0.0,0.0,0.0,0.0,586398.166667
1712409,IT,LV,NONME,FORES,0.04,17590.931,4,4,17590.929,0.0,0.0,0.0,0.002,439773.275
1752654,IT,CA,TEXTI,RECRE,0.1,17590.664,4,4,17590.662,0.0,0.0,0.0,0.002,175906.64
1752878,IT,CA,MOTOR,EDUCA,0.03,17590.635,3,3,17590.635,0.0,0.0,0.0,0.0,586354.5
1798397,IT,WE,CRUDE,WHOLE,0.03,17590.549,4,4,17590.547,0.0,0.0,0.0,0.002,586351.633333
1673977,IT,FR,KEROS,WHITE,0.03,17589.91,3,3,17589.91,0.0,0.0,0.0,0.0,586330.333333
1761553,IT,IN,COPP1,PRINT,0.04,17589.842,3,3,17589.842,0.0,0.0,0.0,0.0,439746.05
1787322,IT,WA,CROPS,KEROS,0.14,17589.796,3,3,17589.796,0.0,0.0,0.0,0.0,125641.4
1800125,IT,WE,NAPHT,NONF1,0.03,17588.973,3,3,17588.973,0.0,0.0,0.0,0.0,586299.1
1779173,IT,TR,POSTT,PLAST,0.29,17587.885,3,3,17587.885,0.0,0.0,0.0,0.0,60647.87931
1783394,IT,NO,PLAS1,WASTE,0.06,17587.042,3,3,17587.042,0.0,0.0,0.0,0.0,293117.366667
1798585,IT,WE,MEATC,TEXTI,0.06,17586.406,3,3,17586.406,0.0,0.0,0.0,0.0,293106.766667
1795207,IT,WL,GLASS,BIOGA,0.05,17586.273,3,3,17586.273,0.0,0.0,0.0,0.0,351725.46
1714458,IT,NL,FORES,FABRI,0.15,17586.084,4,4,17579.084,0.0,7.0,0.0,0.0,117240.56
1683456,IT,HR,PREC1,SANDC,0.03,17585.279,3,3,17585.279,0.0,0.0,0.0,0.0,586175.966667
1673030,IT,FR,FOOD5,SANDC,0.08,17584.864,4,4,17584.862,0.0,0.0,0.0,0.002,219810.8
1644219,IT,BE,VEGET,HEALT,0.06,17584.857,3,3,17584.857,0.0,0.0,0.0,0.0,293080.95
1781943,IT,NO,CHEM1,MEMBE,0.04,17584.231,4,4,17584.229,0.0,0.0,0.0,0.002,439605.775
1750022,IT,CN,NONME,FOUND,0.04,17582.969,4,4,17582.967,0.0,0.0,0.0,0.002,439574.225
1686562,IT,HU,ALUM1,PREC1,0.03,17582.959,3,3,17582.959,0.0,0.0,0.0,0.0,586098.633333
1771992,IT,CH,PAPER,TEXT1,0.07,17582.516,4,4,17582.514,0.0,0.0,0.0,0.002,251178.8
1780799,IT,TW,COMPU,VEGE1,0.2,17581.873,3,3,17581.873,0.0,0.0,0.0,0.0,87909.365
1679994,IT,GR,FABRI,BUSIN,0.07,17581.553,3,3,17581.553,0.0,0.0,0.0,0.0,251165.042857
1679082,IT,GR,PULP5,SUPPO,0.05,17580.781,4,4,17580.779,0.0,0.0,0.0,0.002,351615.62
1659736,IT,DE,RAILW,SEACO,0.12,17580.222,3,3,17580.222,0.0,0.0,0.0,0.0,146501.85
1721011,IT,PL,HOTEL,MEATC,0.13,17579.709,3,3,17579.709,0.0,0.0,0.0,0.0,135228.530769
1785088,IT,ZA,SANDC,PUBLI,0.04,17579.106,4,4,17575.106,0.0,0.0,4.0,0.0,439477.65
1801043,IT,WE,COPP1,FORES,0.04,17579.062,3,3,17579.062,0.0,0.0,0.0,0.0,439476.55
1760408,IT,IN,DAIRY,93197,0.07,17578.255,3,3,17578.255,0.0,0.0,0.0,0.0,251117.928571
1757427,IT,BR,PAPER,POULT,0.07,17578.137,4,4,17578.135,0.0,0.0,0.0,0.002,251116.242857
1808072,IT,WF,TEXT1,WHOLE,0.13,17578.084,3,3,17578.084,0.0,0.0,0.0,0.0,135216.030769
1747540,IT,JP,AIRTR,FISH5,0.02,17576.626,3,3,17576.626,0.0,0.0,0.0,0.0,878831.3
1655275,IT,DE,WHEAT,REALE,0.01,17575.443,3,3,17575.443,0.0,0.0,0.0,0.0,1757544.3
1760678,IT,IN,PAPER,MOTOR,0.07,17573.78,4,4,17573.778,0.0,0.0,0.0,0.002,251054.0
1783547,IT,NO,FOOD1,BASIC,0.09,17573.402,4,4,17573.4,0.0,0.0,0.0,0.002,195260.022222
1748713,IT,CN,BEVER,BITUM,0.07,17572.695,3,3,17572.695,0.0,0.0,0.0,0.0,251038.5
1751061,IT,CN,WHOLE,EDUCA,0.15,17570.203,3,3,17570.203,0.0,0.0,0.0,0.0,117134.686667
1769012,IT,AU,PRINT,PRINT,0.17,17570.146,3,3,17570.146,0.0,0.0,0.0,0.0,103353.8
1750339,IT,CN,FABRI,MEATC,0.07,17570.007,3,3,17570.007,0.0,0.0,0.0,0.0,251000.1
1776005,IT,TR,TEXTI,SANDC,0.1,17569.92,4,4,17569.918,0.0,0.0,0.0,0.002,175699.2
1657357,IT,DE,BIODI,SALEM,0.04,17568.795,4,4,17568.793,0.0,0.0,0.0,0.002,439219.875
1717905,IT,PL,FORES,PULP5,0.15,17566.151,4,4,17559.151,0.0,7.0,0.0,0.0,117107.673333
1643939,IT,AT,COMPU,GASDI,0.2,17565.022,3,3,17565.022,0.0,0.0,0.0,0.0,87825.11
1720578,IT,PL,OFFIC,AUXIL,0.05,17564.935,3,3,17564.935,0.0,0.0,0.0,0.0,351298.7
1740183,IT,GB,BUSIN,NATU1,0.18,17564.375,3,3,17564.375,0.0,0.0,0.0,0.0,97579.861111
1777559,IT,TR,PREC1,NONME,0.03,17564.006,3,3,17564.006,0.0,0.0,0.0,0.0,585466.866667
1746908,IT,JP,MOTO1,PULP5,0.09,17563.881,3,3,17563.881,0.0,0.0,0.0,0.0,195154.233333
1751738,IT,CN,INSUR,SUPPO,0.36,17563.305,3,3,17563.305,0.0,0.0,0.0,0.0,48786.958333
1640707,IT,AT,TOBAC,HOTEL,0.07,17563.291,3,3,17563.291,0.0,0.0,0.0,0.0,250904.157143
1716667,IT,NL,WHOLE,LEATH,0.15,17562.686,3,3,17562.686,0.0,0.0,0.0,0.0,117084.573333
1779570,IT,TR,COMPU,ALUM1,0.2,17561.083,3,3,17561.083,0.0,0.0,0.0,0.0,87805.415
1645252,IT,BE,COALT,POSTT,0.03,17560.409,3,3,17560.409,0.0,0.0,0.0,0.0,585346.966667
1773685,IT,CH,FURNI,MEDIC,0.06,17558.884,4,4,17558.882,0.0,0.0,0.0,0.002,292648.066667
1803513,IT,WF,VEGE1,SUGA1,0.05,17558.854,4,4,17558.85,0.0,0.0,0.0,0.004,351177.08
1746883,IT,JP,OFFIC,RETA1,0.05,17558.838,3,3,17558.838,0.0,0.0,0.0,0.0,351176.76
1648831,IT,BG,TEXTI,FORES,0.1,17558.437,4,4,17558.435,0.0,0.0,0.0,0.002,175584.37
1684149,IT,HR,LANDT,PULP5,0.11,17558.221,3,3,17558.221,0.0,0.0,0.0,0.0,159620.190909
1760190,IT,BR,PAPE4,GLASS,0.12,17556.771,3,3,17556.771,0.0,0.0,0.0,0.0,146306.425
1802401,IT,WE,AIRTR,BITUM,0.02,17556.736,3,3,17556.736,0.0,0.0,0.0,0.0,877836.8
1804697,IT,WF,LIQUE,PREC1,0.03,17556.576,3,3,17556.576,0.0,0.0,0.0,0.0,585219.2
1780724,IT,TW,REALE,CONST,0.74,17556.115,3,3,17556.115,0.0,0.0,0.0,0.0,23724.47973
1763269,IT,MX,PAPER,MEATP,0.07,17556.031,4,4,17556.029,0.0,0.0,0.0,0.002,250800.442857
1687483,IT,HU,LANDT,OILSE,0.11,17555.907,3,3,17555.907,0.0,0.0,0.0,0.0,159599.154545
1651533,IT,CY,RUBBE,FISH5,0.06,17554.894,4,4,17554.892,0.0,0.0,0.0,0.002,292581.566667
1682027,IT,HR,BEVER,CONST,0.07,17554.821,3,3,17554.821,0.0,0.0,0.0,0.0,250783.157143
1651614,IT,CY,BRICK,CEMEN,0.03,17554.757,3,3,17554.757,0.0,0.0,0.0,0.0,585158.566667
1730719,IT,SE,COMPU,PUBLI,0.2,17554.568,3,3,17554.568,0.0,0.0,0.0,0.0,87772.84
1731058,IT,SI,VEGET,DAIRY,0.06,17552.911,3,3,17552.911,0.0,0.0,0.0,0.0,292548.516667
1750113,IT,CN,BASIC,FINAN,0.02,17552.657,3,3,17552.657,0.0,0.0,0.0,0.0,877632.85
1783305,IT,NO,FOODW,INERT,0.13,17552.02,3,3,17552.02,0.0,0.0,0.0,0.0,135015.538462
1649066,IT,BG,PAPER,SANDC,0.07,17551.72,4,4,17551.718,0.0,0.0,0.0,0.002,250738.857143
1683816,IT,HR,OFFIC,RESEA,0.05,17551.107,3,3,17551.107,0.0,0.0,0.0,0.0,351022.14
1668516,IT,ES,HOTEL,NUCLE,0.13,17549.856,3,3,17549.856,0.0,0.0,0.0,0.0,134998.892308
1810962,IT,WM,GASDI,CHARC,0.03,17549.835,3,3,17549.835,0.0,0.0,0.0,0.0,584994.5
1674355,IT,FR,CHEM1,NAPHT,0.04,17549.81,4,4,17549.808,0.0,0.0,0.0,0.002,438745.25
1738014,IT,GB,BIODI,RESEA,0.04,17547.226,4,4,17547.224,0.0,0.0,0.0,0.002,438680.65
1787974,IT,WA,TEXTI,POULT,0.1,17546.404,4,4,17546.402,0.0,0.0,0.0,0.002,175464.04
1680037,IT,GR,MACHI,BIODI,0.1,17546.07,3,3,17546.07,0.0,0.0,0.0,0.0,175460.7
1728015,IT,SE,SANDC,REALE,0.04,17545.512,4,4,17541.512,0.0,0.0,4.0,0.0,438637.8
1762779,IT,IN,BUSIN,INSUR,0.18,17545.213,3,3,17545.213,0.0,0.0,0.0,0.0,97473.405556
1788781,IT,WA,KEROS,TOBAC,0.03,17544.127,3,3,17544.127,0.0,0.0,0.0,0.0,584804.233333
1669020,IT,ES,SUPPO,FISH5,0.13,17543.73,3,3,17543.73,0.0,0.0,0.0,0.0,134951.769231
1783707,IT,NO,FOOD4,PREC1,0.13,17543.482,3,3,17543.482,0.0,0.0,0.0,0.0,134949.861538
1789729,IT,WA,GLASS,LEADZ,0.05,17543.165,3,3,17543.165,0.0,0.0,0.0,0.0,350863.3
1793118,IT,WA,RECRE,VEGE1,0.22,17542.927,3,3,17542.927,0.0,0.0,0.0,0.0,79740.577273
1649897,IT,BG,FABRI,STONE,0.07,17542.723,3,3,17542.723,0.0,0.0,0.0,0.0,250610.328571
1788931,IT,WA,HEAVY,SUGA1,0.03,17542.637,3,3,17542.637,0.0,0.0,0.0,0.0,584754.566667
1670761,IT,FI,PAPER,PUBLI,0.07,17542.486,4,4,17542.484,0.0,0.0,0.0,0.002,250606.942857
1666368,IT,ES,NAPHT,FISH5,0.03,17542.441,3,3,17542.441,0.0,0.0,0.0,0.0,584748.033333
1731112,IT,SI,FISHF,CONST,0.03,17542.298,3,3,17542.298,0.0,0.0,0.0,0.0,584743.266667
1726942,IT,RO,HOTEL,FISH5,0.13,17541.094,3,3,17541.094,0.0,0.0,0.0,0.0,134931.492308
1756572,IT,KR,RETA1,SEACO,0.18,17540.691,3,3,17540.691,0.0,0.0,0.0,0.0,97448.283333
1798550,IT,WE,CHEMI,FISHF,0.04,17540.222,5,5,17539.22,0.0,0.0,1.0,0.002,438505.55
1789839,IT,WA,CERAM,LUBRI,0.03,17539.663,3,3,17539.663,0.0,0.0,0.0,0.0,584655.433333
1654145,IT,CZ,MOTO1,LEATH,0.09,17539.568,3,3,17539.568,0.0,0.0,0.0,0.0,194884.088889
1729322,IT,SE,NONME,COLLE,0.04,17538.878,4,4,17538.876,0.0,0.0,0.0,0.002,438471.95
1656505,IT,DE,PAPER,LIQUI,0.07,17536.575,4,4,17536.573,0.0,0.0,0.0,0.002,250522.5
1673864,IT,FR,PRINT,FOODW,0.17,17535.629,3,3,17535.629,0.0,0.0,0.0,0.0,103150.758824
1786269,IT,ZA,FABRI,TOBAC,0.07,17535.353,3,3,17535.353,0.0,0.0,0.0,0.0,250505.042857
1764878,IT,MX,AIRTR,CEMEN,0.02,17534.083,3,3,17534.083,0.0,0.0,0.0,0.0,876704.15
1789505,IT,WA,ADDIT,BIOGA,0.04,17533.816,3,3,17533.816,0.0,0.0,0.0,0.0,438345.4
1661465,IT,DK,DAIRY,PRIVA,0.07,17533.123,3,3,17533.123,0.0,0.0,0.0,0.0,250473.185714
1781552,IT,NO,TEXTI,RESEA,0.1,17532.405,4,4,17532.403,0.0,0.0,0.0,0.002,175324.05
1747703,IT,JP,POSTT,BUSIN,0.29,17532.342,3,3,17532.342,0.0,0.0,0.0,0.0,60456.351724
1760944,IT,IN,HEAVY,FOUND,0.03,17532.177,3,3,17532.177,0.0,0.0,0.0,0.0,584405.9
1687268,IT,HU,WHOLE,MOTO1,0.15,17530.571,3,3,17530.571,0.0,0.0,0.0,0.0,116870.473333
1786453,IT,ZA,MOTO1,PRECI,0.09,17530.445,3,3,17530.445,0.0,0.0,0.0,0.0,194782.722222
1720060,IT,PL,ALUM1,HOTEL,0.03,17530.162,3,3,17530.162,0.0,0.0,0.0,0.0,584338.733333
1764313,IT,MX,OFFIC,PLAST,0.05,17529.55,3,3,17529.55,0.0,0.0,0.0,0.0,350591.0
1794025,IT,WL,PULP5,FOOD5,0.05,17529.354,4,4,17529.352,0.0,0.0,0.0,0.002,350587.08
1810813,IT,WM,KEROS,HEAVY,0.03,17529.304,3,3,17529.304,0.0,0.0,0.0,0.0,584310.133333
1774191,IT,CH,RETA1,PROCE,0.18,17529.275,3,3,17529.275,0.0,0.0,0.0,0.0,97384.861111
1737646,IT,GB,PAPER,EDUCA,0.07,17529.095,4,4,17529.093,0.0,0.0,0.0,0.002,250415.642857
1677604,IT,FR,REALE,OFFIC,0.74,17528.556,3,3,17528.556,0.0,0.0,0.0,0.0,23687.237838
1772470,IT,CH,BIOGA,FINAN,0.04,17528.516,4,4,17528.514,0.0,0.0,0.0,0.002,438212.9
1666305,IT,ES,LIQUE,NAPHT,0.03,17528.278,3,3,17528.278,0.0,0.0,0.0,0.0,584275.933333
1668273,IT,ES,WHOLE,WOODW,0.15,17528.097,3,3,17528.097,0.0,0.0,0.0,0.0,116853.98
1746560,IT,JP,BASIC,FOUND,0.02,17527.228,3,3,17527.228,0.0,0.0,0.0,0.0,876361.4
1769597,IT,AU,FABRI,CATTL,0.07,17526.813,3,3,17526.813,0.0,0.0,0.0,0.0,250383.042857
1723662,IT,PT,MACHI,MEATC,0.1,17526.469,3,3,17526.469,0.0,0.0,0.0,0.0,175264.69
1714999,IT,NL,TOBAC,REALE,0.07,17526.242,3,3,17526.242,0.0,0.0,0.0,0.0,250374.885714
1772253,IT,CH,HEAVY,SUPPO,0.03,17525.092,3,3,17525.092,0.0,0.0,0.0,0.0,584169.733333
1724077,IT,PT,WHOLE,DIST1,0.15,17524.658,3,3,17524.658,0.0,0.0,0.0,0.0,116831.053333
1658290,IT,DE,COPP1,RADIO,0.04,17524.052,3,3,17524.052,0.0,0.0,0.0,0.0,438101.3
1813557,IT,WM,WHOLE,NAPHT,0.15,17523.896,3,3,17523.896,0.0,0.0,0.0,0.0,116825.973333
1732490,IT,SI,CHEM1,PUBLI,0.04,17523.704,4,4,17523.702,0.0,0.0,0.0,0.002,438092.6
1661533,IT,DK,FOOD5,RECRE,0.08,17523.369,4,4,17523.367,0.0,0.0,0.0,0.002,219042.1125
1802390,IT,WE,SEACO,COMPU,0.02,17523.228,3,3,17523.228,0.0,0.0,0.0,0.0,876161.4
1769674,IT,AU,FABRI,SEACO,0.07,17521.846,3,3,17521.846,0.0,0.0,0.0,0.0,250312.085714
1673364,IT,FR,TEXTI,TEXT1,0.1,17521.118,4,4,17521.116,0.0,0.0,0.0,0.002,175211.18
1755731,IT,KR,GLASS,ADDIT,0.05,17520.264,3,3,17520.264,0.0,0.0,0.0,0.0,350405.28
1733861,IT,SI,SEACO,FISH5,0.02,17520.15,3,3,17520.15,0.0,0.0,0.0,0.0,876007.5
1792673,IT,WA,RESEA,CONST,0.09,17518.976,3,3,17518.976,0.0,0.0,0.0,0.0,194655.288889
1732120,IT,SI,GASDI,ANIMA,0.03,17518.635,3,3,17518.635,0.0,0.0,0.0,0.0,583954.5
1674200,IT,FR,LIQUE,FOUND,0.03,17518.625,3,3,17518.625,0.0,0.0,0.0,0.0,583954.166667
1780782,IT,TW,RENTI,RETA1,0.1,17518.462,3,3,17518.462,0.0,0.0,0.0,0.0,175184.62
1743432,IT,US,RETAI,HOTEL,0.14,17517.791,3,3,17517.791,0.0,0.0,0.0,0.0,125127.078571
1668465,IT,ES,RETA1,PAPE4,0.18,17517.207,3,3,17517.207,0.0,0.0,0.0,0.0,97317.816667
1722878,IT,PT,PRINT,HOTEL,0.17,17516.798,3,3,17516.798,0.0,0.0,0.0,0.0,103039.988235
1682466,IT,HR,PAPER,RENTI,0.07,17516.743,4,4,17516.741,0.0,0.0,0.0,0.002,250239.185714
1712181,IT,LV,WOODW,PAPER,0.05,17516.423,3,3,17516.423,0.0,0.0,0.0,0.0,350328.46
1711445,IT,LU,RAILW,COMPU,0.12,17516.399,3,3,17516.399,0.0,0.0,0.0,0.0,145969.991667
1732348,IT,SI,NAPHT,INTER,0.03,17515.555,3,3,17515.555,0.0,0.0,0.0,0.0,583851.833333
1725913,IT,RO,PARAF,SEACO,0.03,17515.468,3,3,17515.468,0.0,0.0,0.0,0.0,583848.933333
1763169,IT,MX,LEATH,CERAM,0.13,17514.473,4,4,17514.47,0.0,0.0,0.0,0.003,134726.715385
1687614,IT,HU,TRAN2,TRAN2,0.03,17513.53,3,3,17513.53,0.0,0.0,0.0,0.0,583784.333333
1792522,IT,WA,REALE,SALEM,0.74,17511.729,3,3,17511.729,0.0,0.0,0.0,0.0,23664.498649
1792460,IT,WA,AUXIL,SALEM,0.32,17511.501,3,3,17511.501,0.0,0.0,0.0,0.0,54723.440625
1786199,IT,ZA,ALUM1,MOTOR,0.03,17510.764,3,3,17510.764,0.0,0.0,0.0,0.0,583692.133333
1717836,IT,PL,VEGET,CROPS,0.06,17509.77,3,3,17509.77,0.0,0.0,0.0,0.0,291829.5
1644404,IT,BE,MEATP,HOTEL,0.07,17509.39,4,4,17509.388,0.0,0.0,0.0,0.002,250134.142857
1681915,IT,HR,DAIRY,RECRE,0.07,17509.336,3,3,17509.336,0.0,0.0,0.0,0.0,250133.371429
1771979,IT,CH,PAPER,AUXIL,0.07,17509.216,4,4,17509.214,0.0,0.0,0.0,0.002,250131.657143
1743799,IT,US,LANDT,TRAN1,0.11,17509.173,3,3,17509.173,0.0,0.0,0.0,0.0,159174.3
1796997,IT,WL,AIRTR,BLAST,0.02,17508.486,3,3,17508.486,0.0,0.0,0.0,0.0,875424.3
1802522,IT,WE,POSTT,HOTEL,0.29,17507.877,3,3,17507.877,0.0,0.0,0.0,0.0,60371.989655
1758136,IT,BR,CEMEN,LIQUE,0.03,17507.703,3,3,17507.703,0.0,0.0,0.0,0.0,583590.1
1672299,IT,FI,RENTI,RENTI,0.1,17507.697,3,3,17507.697,0.0,0.0,0.0,0.0,175076.97
1714844,IT,NL,FOOD5,DIST1,0.08,17505.277,4,4,17505.275,0.0,0.0,0.0,0.002,218815.9625
1735071,IT,SK,CHEM1,MOTOR,0.04,17505.048,4,4,17505.046,0.0,0.0,0.0,0.002,437626.2
1790108,IT,WA,BASIC,LUBRI,0.02,17504.71,3,3,17504.71,0.0,0.0,0.0,0.0,875235.5
1643611,IT,AT,AIRTR,BIOGA,0.02,17504.32,3,3,17504.32,0.0,0.0,0.0,0.0,875216.0
1791823,IT,WA,LANDT,NFERT,0.11,17503.301,3,3,17503.301,0.0,0.0,0.0,0.0,159120.918182
1664190,IT,EE,GLASS,SALEM,0.05,17502.631,3,3,17502.631,0.0,0.0,0.0,0.0,350052.62
1810196,IT,WM,WEARI,MEMBE,0.13,17502.43,4,4,17502.427,0.0,0.0,0.0,0.003,134634.076923
1811236,IT,WM,LUBRI,HEAVY,0.02,17502.241,3,3,17502.241,0.0,0.0,0.0,0.0,875112.05
1721165,IT,PL,RAILW,LANDT,0.12,17500.541,3,3,17500.541,0.0,0.0,0.0,0.0,145837.841667
1682245,IT,HR,LEATH,POULT,0.13,17500.104,4,4,17500.101,0.0,0.0,0.0,0.003,134616.184615
1810447,IT,WM,PULP5,FURNI,0.05,17500.046,4,4,17500.044,0.0,0.0,0.0,0.002,350000.92
1753307,IT,CA,BASIC,PRINT,0.02,17499.5,3,3,17499.5,0.0,0.0,0.0,0.0,874975.0
1662259,IT,DK,CERAM,TRANS,0.03,17497.885,3,3,17497.885,0.0,0.0,0.0,0.0,583262.833333
1787713,IT,WA,VEGE1,NFERT,0.05,17497.184,4,4,17497.18,0.0,0.0,0.0,0.004,349943.68
1668182,IT,ES,SALEM,COMPU,0.14,17496.779,3,3,17496.779,0.0,0.0,0.0,0.0,124976.992857
1784834,IT,ID,SEACO,CATTL,0.02,17496.707,3,3,17496.707,0.0,0.0,0.0,0.0,874835.35
1732086,IT,SI,KERO1,COLLE,0.03,17496.213,3,3,17496.213,0.0,0.0,0.0,0.0,583207.1
1738024,IT,GB,RUBBE,MEATA,0.06,17495.55,4,4,17495.548,0.0,0.0,0.0,0.002,291592.5
1681290,IT,GR,INSUR,VEGET,0.36,17495.136,3,3,17495.136,0.0,0.0,0.0,0.0,48597.6
1731270,IT,SI,MEATP,EDUCA,0.07,17494.355,4,4,17494.353,0.0,0.0,0.0,0.002,249919.357143
1734501,IT,SK,VEGE1,RAWMI,0.05,17494.15,4,4,17494.146,0.0,0.0,0.0,0.004,349883.0
1765905,IT,RU,PLAST,NONME,0.04,17493.964,4,4,17493.962,0.0,0.0,0.0,0.002,437349.1
1732727,IT,SI,CEMEN,BASIC,0.03,17493.892,3,3,17493.892,0.0,0.0,0.0,0.0,583129.733333
1812511,IT,WM,ALUM1,MEAT1,0.03,17493.815,3,3,17493.815,0.0,0.0,0.0,0.0,583127.166667
1807005,IT,WF,LANDT,ELEC4,0.11,17493.144,3,3,17493.144,0.0,0.0,0.0,0.0,159028.581818
1682965,IT,HR,PLAST,SALEM,0.04,17492.296,4,4,17492.294,0.0,0.0,0.0,0.002,437307.4
1772289,IT,CH,LUBRI,SEACO,0.02,17491.924,3,3,17491.924,0.0,0.0,0.0,0.0,874596.2
1653838,IT,CZ,FABRI,VEGE1,0.07,17490.825,3,3,17490.825,0.0,0.0,0.0,0.0,249868.928571
1771990,IT,CH,PAPER,PLAS1,0.07,17489.585,4,4,17489.583,0.0,0.0,0.0,0.002,249851.214286
1714719,IT,NL,DAIRY,CROPS,0.07,17489.323,3,3,17489.323,0.0,0.0,0.0,0.0,249847.471429
1647932,IT,BE,REALE,RESEA,0.74,17487.237,3,3,17487.237,0.0,0.0,0.0,0.0,23631.401351
1763794,IT,MX,CERAM,CHEM1,0.03,17487.047,3,3,17487.047,0.0,0.0,0.0,0.0,582901.566667
1723791,IT,PT,OFFIC,CONST,0.05,17487.012,3,3,17487.012,0.0,0.0,0.0,0.0,349740.24
1688840,IT,IE,BASIC,PAPER,0.02,17486.78,3,3,17486.78,0.0,0.0,0.0,0.0,874339.0
1808188,IT,WF,OILHA,SALEM,0.1,17485.49,3,3,17485.49,0.0,0.0,0.0,0.0,174854.9
1644525,IT,BE,DAIRY,COMPU,0.07,17485.116,3,3,17485.116,0.0,0.0,0.0,0.0,249787.371429
1657687,IT,DE,CERAM,EDUCA,0.03,17483.831,3,3,17483.831,0.0,0.0,0.0,0.0,582794.366667
1686996,IT,HU,MACHI,FOOD3,0.1,17482.916,3,3,17482.916,0.0,0.0,0.0,0.0,174829.16
1658064,IT,DE,PREC1,COLLE,0.03,17482.458,3,3,17482.458,0.0,0.0,0.0,0.0,582748.6
1773148,IT,CH,COPP1,COMPU,0.04,17479.67,3,3,17479.67,0.0,0.0,0.0,0.0,436991.75
1656830,IT,DE,GASDI,RENTI,0.03,17479.663,3,3,17479.663,0.0,0.0,0.0,0.0,582655.433333
1719265,IT,PL,CHEM1,LIQUI,0.04,17479.139,4,4,17479.137,0.0,0.0,0.0,0.002,436978.475
1758801,IT,BR,RETA1,TRANS,0.18,17477.661,3,3,17477.661,0.0,0.0,0.0,0.0,97098.116667
1736937,IT,GB,WHEAT,WHOLE,0.01,17477.02,3,3,17477.02,0.0,0.0,0.0,0.0,1747702.0
1690539,IT,IE,WOOD2,PUBLI,0.09,17476.694,3,3,17476.694,0.0,0.0,0.0,0.0,194185.488889
1747137,IT,JP,CONST,LEATH,0.1,17476.411,3,3,17476.411,0.0,0.0,0.0,0.0,174764.11
1797351,IT,WL,REALE,FINAN,0.74,17475.494,3,3,17475.494,0.0,0.0,0.0,0.0,23615.532432
1788405,IT,WA,WOODW,FINAN,0.05,17474.45,3,3,17474.45,0.0,0.0,0.0,0.0,349489.0
1760639,IT,IN,PULP5,FABRI,0.05,17474.385,4,4,17474.383,0.0,0.0,0.0,0.002,349487.7
1726353,IT,RO,ALUM1,RETA1,0.03,17474.209,3,3,17474.209,0.0,0.0,0.0,0.0,582473.633333
1657828,IT,DE,NONME,RETAI,0.04,17473.416,4,4,17473.414,0.0,0.0,0.0,0.002,436835.4
1683621,IT,HR,FABRI,SUGA1,0.07,17471.965,3,3,17471.965,0.0,0.0,0.0,0.0,249599.5
1718206,IT,PL,DAIRY,MEMBE,0.07,17470.999,3,3,17470.999,0.0,0.0,0.0,0.0,249585.7
1676753,IT,FR,LANDT,ANIMA,0.11,17470.5,3,3,17470.5,0.0,0.0,0.0,0.0,158822.727273
1808601,IT,WF,PLAS2,CRUDE,0.15,17470.262,3,3,17470.262,0.0,0.0,0.0,0.0,116468.413333
1656843,IT,DE,GASDI,WASTE,0.03,17468.959,3,3,17468.959,0.0,0.0,0.0,0.0,582298.633333
1788608,IT,WA,PAPER,MEMBE,0.07,17468.776,4,4,17468.774,0.0,0.0,0.0,0.002,249553.942857
1715248,IT,NL,PAPER,MEATA,0.07,17468.584,4,4,17468.582,0.0,0.0,0.0,0.002,249551.2
1785996,IT,ZA,RUBBE,93197,0.06,17468.372,4,4,17468.37,0.0,0.0,0.0,0.002,291139.533333
1652434,IT,CZ,TEXTI,SEACO,0.1,17468.231,4,4,17468.229,0.0,0.0,0.0,0.002,174682.31
1684902,IT,HU,SANDC,93197,0.04,17468.197,4,4,17464.197,0.0,0.0,4.0,0.0,436704.925
1727489,IT,RO,AUXIL,LEAD1,0.32,17467.95,3,3,17467.95,0.0,0.0,0.0,0.0,54587.34375
1796607,IT,WL,HOTEL,HEAVY,0.13,17467.941,3,3,17467.941,0.0,0.0,0.0,0.0,134368.776923
1760914,IT,IN,HEAVY,CEREA,0.03,17467.924,3,3,17467.924,0.0,0.0,0.0,0.0,582264.133333
1798810,IT,WE,FOOD5,FOUND,0.08,17467.633,4,4,17467.631,0.0,0.0,0.0,0.002,218345.4125
1723610,IT,PT,FABRI,ELEC2,0.07,17467.047,3,3,17467.047,0.0,0.0,0.0,0.0,249529.242857
1651380,IT,CY,PRINT,PRINT,0.17,17466.755,3,3,17466.755,0.0,0.0,0.0,0.0,102745.617647
1798057,IT,WL,MEMBE,REALE,0.2,17466.562,3,3,17466.562,0.0,0.0,0.0,0.0,87332.81
1771640,IT,CH,WEARI,PAPER,0.13,17466.178,4,4,17466.175,0.0,0.0,0.0,0.003,134355.215385
1644834,IT,BE,TEXTI,SUPPO,0.1,17466.155,4,4,17466.153,0.0,0.0,0.0,0.002,174661.55
1799317,IT,WE,WOODW,TEXTI,0.05,17464.873,3,3,17464.873,0.0,0.0,0.0,0.0,349297.46
1713728,IT,MT,MACHI,SEACO,0.1,17463.662,3,3,17463.662,0.0,0.0,0.0,0.0,174636.62
1646693,IT,BE,FURNI,TRAN2,0.06,17463.381,4,4,17463.379,0.0,0.0,0.0,0.002,291056.35
1664509,IT,EE,MOTO1,BUSIN,0.09,17463.292,3,3,17463.292,0.0,0.0,0.0,0.0,194036.577778
1676568,IT,FR,HOTEL,NAPHT,0.13,17462.666,3,3,17462.666,0.0,0.0,0.0,0.0,134328.2
1797110,IT,WL,POSTT,TOBAC,0.29,17462.548,3,3,17462.548,0.0,0.0,0.0,0.0,60215.682759
1655369,IT,DE,CROPS,PIGS9,0.14,17461.783,3,3,17461.783,0.0,0.0,0.0,0.0,124727.021429
1765869,IT,RU,NONSP,PLAST,0.02,17461.296,3,3,17461.296,0.0,0.0,0.0,0.0,873064.8
1736536,IT,SK,SUPPO,MOTOR,0.13,17460.723,3,3,17460.723,0.0,0.0,0.0,0.0,134313.253846
1731130,IT,SI,NATUR,PULP5,0.02,17460.425,3,3,17460.425,0.0,0.0,0.0,0.0,873021.25
1768662,IT,AU,TEXTI,PRINT,0.1,17460.293,4,4,17460.291,0.0,0.0,0.0,0.002,174602.93
1713684,IT,MT,FABRI,CHEM1,0.07,17455.18,3,3,17455.18,0.0,0.0,0.0,0.0,249359.714286
1687611,IT,HU,TRAN2,CONST,0.03,17455.164,3,3,17455.164,0.0,0.0,0.0,0.0,581838.8
1674893,IT,FR,NONME,FOOD1,0.04,17454.241,4,4,17454.239,0.0,0.0,0.0,0.002,436356.025
1732731,IT,SI,CEMEN,TRANS,0.03,17453.837,3,3,17453.837,0.0,0.0,0.0,0.0,581794.566667
1644123,IT,AT,FOODW,BASIC,0.13,17453.013,3,3,17453.013,0.0,0.0,0.0,0.0,134253.946154
1690280,IT,IE,OILHA,WHOLE,0.1,17452.26,3,3,17452.26,0.0,0.0,0.0,0.0,174522.6
1665095,IT,ES,VEGE1,GASDI,0.05,17452.002,4,4,17451.998,0.0,0.0,0.0,0.004,349040.04
1720113,IT,PL,LEAD1,COPP1,0.03,17451.812,3,3,17451.812,0.0,0.0,0.0,0.0,581727.066667
1716762,IT,NL,RETA1,LEAD1,0.18,17451.644,3,3,17451.644,0.0,0.0,0.0,0.0,96953.577778
1656211,IT,DE,TEXTI,SALEM,0.1,17451.432,4,4,17451.43,0.0,0.0,0.0,0.002,174514.32
1777553,IT,TR,PREC1,LIQUE,0.03,17451.28,3,3,17451.28,0.0,0.0,0.0,0.0,581709.333333
1812632,IT,WM,COPP1,IRONO,0.04,17450.776,3,3,17450.776,0.0,0.0,0.0,0.0,436269.4
1742001,IT,US,ADDIT,PFERT,0.04,17450.77,3,3,17450.77,0.0,0.0,0.0,0.0,436269.25
1680785,IT,GR,HOTEL,FINAN,0.13,17450.531,3,3,17450.531,0.0,0.0,0.0,0.0,134234.853846
1641875,IT,AT,BIODI,DAIRY,0.04,17450.016,4,4,17450.014,0.0,0.0,0.0,0.002,436250.4
1642054,IT,AT,GLASS,MEATP,0.05,17449.869,3,3,17449.869,0.0,0.0,0.0,0.0,348997.38
1791815,IT,WA,LANDT,PRINT,0.11,17449.529,3,3,17449.529,0.0,0.0,0.0,0.0,158632.081818
1665211,IT,ES,FOOD5,FURNI,0.08,17446.601,4,4,17446.599,0.0,0.0,0.0,0.002,218082.5125
1744464,IT,US,AUXIL,AUXIL,0.32,17446.057,3,3,17446.057,0.0,0.0,0.0,0.0,54518.928125
1689402,IT,IE,HOTEL,RAWMI,0.13,17444.203,3,3,17444.203,0.0,0.0,0.0,0.0,134186.176923
1664751,IT,EE,REALE,PUBLI,0.74,17443.668,3,3,17443.668,0.0,0.0,0.0,0.0,23572.524324
1772492,IT,CH,BIODI,HEALT,0.04,17443.596,4,4,17443.594,0.0,0.0,0.0,0.002,436089.9
1799332,IT,WE,WOODW,RUBBE,0.05,17442.832,3,3,17442.832,0.0,0.0,0.0,0.0,348856.64
1653381,IT,CZ,CERAM,SANDC,0.03,17442.745,3,3,17442.745,0.0,0.0,0.0,0.0,581424.833333
1688372,IT,IE,FOOD5,CEREA,0.08,17442.647,4,4,17442.645,0.0,0.0,0.0,0.002,218033.0875
1656912,IT,DE,LIQUE,CROPS,0.03,17442.608,3,3,17442.608,0.0,0.0,0.0,0.0,581420.266667
1752322,IT,CA,CHEMI,SUPPO,0.04,17442.352,5,5,17441.35,0.0,0.0,1.0,0.002,436058.8
1712424,IT,LV,BASIC,BEVER,0.02,17441.093,3,3,17441.093,0.0,0.0,0.0,0.0,872054.65
1652888,IT,CZ,MOTOR,SUPPO,0.03,17440.599,3,3,17440.599,0.0,0.0,0.0,0.0,581353.3
1805569,IT,WF,CEMEN,NICKE,0.03,17440.581,3,3,17440.581,0.0,0.0,0.0,0.0,581352.7
1790808,IT,WA,MACHI,BRICK,0.1,17438.751,3,3,17438.751,0.0,0.0,0.0,0.0,174387.51
1648004,IT,BE,COMPU,TOBAC,0.2,17438.049,3,3,17438.049,0.0,0.0,0.0,0.0,87190.245
1802240,IT,WE,RAILW,PUBLI,0.12,17437.88,3,3,17437.88,0.0,0.0,0.0,0.0,145315.666667
1665100,IT,ES,VEGE1,FURNI,0.05,17437.81,4,4,17437.806,0.0,0.0,0.0,0.004,348756.2
1670820,IT,FI,GASDI,CONST,0.03,17437.478,3,3,17437.478,0.0,0.0,0.0,0.0,581249.266667
1687368,IT,HU,HOTEL,PRINT,0.13,17437.393,3,3,17437.393,0.0,0.0,0.0,0.0,134133.792308
1663768,IT,EE,BEVER,POULT,0.07,17434.43,3,3,17434.43,0.0,0.0,0.0,0.0,249063.285714
1673406,IT,FR,WEARI,PULP5,0.13,17434.41,4,4,17434.407,0.0,0.0,0.0,0.003,134110.846154
1786259,IT,ZA,FABRI,IRONO,0.07,17434.13,3,3,17434.13,0.0,0.0,0.0,0.0,249059.0
1781333,IT,NO,VEGE1,PUBLI,0.05,17432.373,4,4,17432.369,0.0,0.0,0.0,0.004,348647.46
1713521,IT,MT,GLASS,PLAST,0.05,17431.783,3,3,17431.783,0.0,0.0,0.0,0.0,348635.66
1774556,IT,CH,SEACO,VEGE1,0.02,17430.601,3,3,17430.601,0.0,0.0,0.0,0.0,871530.05
1743888,IT,US,SEACO,ADDIT,0.02,17430.521,3,3,17430.521,0.0,0.0,0.0,0.0,871526.05
1670632,IT,FI,LEATH,AVIAT,0.12,17430.363,4,4,17430.36,0.0,0.0,0.0,0.003,145253.025
1785637,IT,ZA,HEAVY,URANI,0.03,17430.33,3,3,17430.33,0.0,0.0,0.0,0.0,581011.0
1669272,IT,ES,FINAN,BEVER,0.23,17429.956,3,3,17429.956,0.0,0.0,0.0,0.0,75782.417391
1645167,IT,BE,PRINT,MOTO1,0.17,17429.905,3,3,17429.905,0.0,0.0,0.0,0.0,102528.852941
1666845,IT,ES,GLASS,DAIRY,0.05,17427.54,3,3,17427.54,0.0,0.0,0.0,0.0,348550.8
1652070,IT,CZ,STONE,GASDI,0.06,17426.52,4,4,17425.52,0.0,0.0,1.0,0.0,290442.0
1686085,IT,HU,RUBBE,ADDIT,0.06,17424.201,4,4,17424.199,0.0,0.0,0.0,0.002,290403.35
1671694,IT,FI,SALEM,HYDRO,0.14,17423.845,3,3,17423.845,0.0,0.0,0.0,0.0,124456.035714
1642739,IT,AT,MACHI,BRICK,0.1,17423.622,3,3,17423.622,0.0,0.0,0.0,0.0,174236.22
1804908,IT,WF,BITU1,OXYGE,0.03,17423.46,3,3,17423.46,0.0,0.0,0.0,0.0,580782.0
1731126,IT,SI,NATUR,DAIRY,0.02,17422.981,3,3,17422.981,0.0,0.0,0.0,0.0,871149.05
1744921,IT,US,BUSIN,COPP1,0.18,17420.819,3,3,17420.819,0.0,0.0,0.0,0.0,96782.327778
1725920,IT,RO,PLAST,NATUR,0.04,17420.708,4,4,17420.706,0.0,0.0,0.0,0.002,435517.7
1737537,IT,GB,WOODW,RAILW,0.05,17420.174,3,3,17420.174,0.0,0.0,0.0,0.0,348403.48
1718515,IT,PL,TEXTI,POSTT,0.1,17419.539,4,4,17419.537,0.0,0.0,0.0,0.002,174195.39
1689850,IT,IE,INSUR,PUBLI,0.36,17419.38,3,3,17419.38,0.0,0.0,0.0,0.0,48387.166667
1688655,IT,IE,CHEM1,MEATA,0.04,17419.084,4,4,17419.082,0.0,0.0,0.0,0.002,435477.1
1733637,IT,SI,HOTEL,FURNI,0.13,17417.64,3,3,17417.64,0.0,0.0,0.0,0.0,133981.846154
1656792,IT,DE,GASDI,DAIRY,0.03,17417.038,3,3,17417.038,0.0,0.0,0.0,0.0,580567.933333
1805657,IT,WF,NONME,POSTT,0.04,17416.906,4,4,17416.904,0.0,0.0,0.0,0.002,435422.65
1809370,IT,WM,CHEMI,OILSE,0.04,17416.578,5,5,17415.576,0.0,0.0,1.0,0.002,435414.45
1661678,IT,DK,TEXTI,EDUCA,0.1,17416.506,4,4,17416.504,0.0,0.0,0.0,0.002,174165.06
1682146,IT,HR,TEXTI,RETAI,0.1,17415.982,4,4,17415.98,0.0,0.0,0.0,0.002,174159.82
1663723,IT,EE,VEGE1,CHEM1,0.05,17415.619,4,4,17415.615,0.0,0.0,0.0,0.004,348312.38
1645480,IT,BE,NONSP,NAPHT,0.02,17415.277,3,3,17415.277,0.0,0.0,0.0,0.0,870763.85
1661097,IT,DE,PUBLI,PUBLI,0.29,17414.787,3,3,17414.787,0.0,0.0,0.0,0.0,60050.989655
1771414,IT,CH,FOOD5,CONST,0.08,17413.172,4,4,17413.17,0.0,0.0,0.0,0.002,217664.65
1787976,IT,WA,TEXTI,ANIMA,0.1,17411.948,4,4,17411.946,0.0,0.0,0.0,0.002,174119.48
1805828,IT,WF,ALUM1,CEREA,0.03,17410.151,3,3,17410.151,0.0,0.0,0.0,0.0,580338.366667
1645027,IT,BE,PAPER,VEGET,0.07,17409.805,4,4,17409.803,0.0,0.0,0.0,0.002,248711.5
1767541,IT,RU,AIRTR,FOUND,0.02,17409.216,3,3,17409.216,0.0,0.0,0.0,0.0,870460.8
1722816,IT,PT,PAPER,LANDT,0.07,17408.511,4,4,17408.509,0.0,0.0,0.0,0.002,248693.014286
1800235,IT,WE,PLAST,BITU1,0.04,17407.929,4,4,17407.927,0.0,0.0,0.0,0.002,435198.225
1656767,IT,DE,KEROS,FURNI,0.03,17406.936,3,3,17406.936,0.0,0.0,0.0,0.0,580231.2
1644679,IT,BE,BEVER,KERO1,0.07,17406.146,3,3,17406.146,0.0,0.0,0.0,0.0,248659.228571
1668256,IT,ES,WHOLE,FISHF,0.15,17405.893,3,3,17405.893,0.0,0.0,0.0,0.0,116039.286667
1641400,IT,AT,KERO1,COLLE,0.02,17404.421,3,3,17404.421,0.0,0.0,0.0,0.0,870221.05
1759928,IT,BR,PLAS1,FISHF,0.06,17404.211,3,3,17404.211,0.0,0.0,0.0,0.0,290070.183333
1722033,IT,PL,RESEA,CONST,0.09,17403.386,3,3,17403.386,0.0,0.0,0.0,0.0,193370.955556
1801565,IT,WE,TRANS,WOODW,0.1,17402.406,3,3,17402.406,0.0,0.0,0.0,0.0,174024.06
1710054,IT,LT,FABRI,FORES,0.07,17402.197,3,3,17402.197,0.0,0.0,0.0,0.0,248602.814286
1794392,IT,WL,KEROS,WHOLE,0.03,17402.086,3,3,17402.086,0.0,0.0,0.0,0.0,580069.533333
1757631,IT,BR,GASDI,93197,0.03,17401.078,3,3,17401.078,0.0,0.0,0.0,0.0,580035.933333
1766004,IT,RU,CHEM1,BRICK,0.04,17399.118,4,4,17399.116,0.0,0.0,0.0,0.002,434977.95
1748839,IT,CN,TEXTI,SUPPO,0.1,17397.438,4,4,17397.436,0.0,0.0,0.0,0.002,173974.38
1677001,IT,FR,AIRTR,FOODW,0.02,17396.155,3,3,17396.155,0.0,0.0,0.0,0.0,869807.75
1660087,IT,DE,AIRTR,MEDIC,0.02,17395.835,3,3,17395.835,0.0,0.0,0.0,0.0,869791.75
1758781,IT,BR,RETA1,NFERT,0.18,17395.412,3,3,17395.412,0.0,0.0,0.0,0.0,96641.177778
1758938,IT,BR,RAILW,PFERT,0.12,17395.082,3,3,17395.082,0.0,0.0,0.0,0.0,144959.016667
1739075,IT,GB,RETAI,FOOD3,0.14,17394.325,3,3,17394.325,0.0,0.0,0.0,0.0,124245.178571
1661662,IT,DK,TEXTI,TRANS,0.1,17393.826,4,4,17393.824,0.0,0.0,0.0,0.002,173938.26
1806541,IT,WF,FURNI,CHEM1,0.06,17391.535,3,3,17391.535,0.0,0.0,0.0,0.0,289858.916667
1670986,IT,FI,CHEM1,FOODW,0.04,17390.884,4,4,17390.882,0.0,0.0,0.0,0.002,434772.1
1689354,IT,IE,RETA1,SECO9,0.18,17390.677,3,3,17390.677,0.0,0.0,0.0,0.0,96614.872222
1777551,IT,TR,PREC1,TEXTI,0.03,17390.196,3,3,17390.196,0.0,0.0,0.0,0.0,579673.2
1715945,IT,NL,GLASS,COMPU,0.05,17389.871,3,3,17389.871,0.0,0.0,0.0,0.0,347797.42
1725478,IT,RO,WEARI,ELEC4,0.13,17389.68,4,4,17389.677,0.0,0.0,0.0,0.003,133766.769231
1659600,IT,DE,HOTEL,BIOGA,0.13,17389.586,3,3,17389.586,0.0,0.0,0.0,0.0,133766.046154
1782904,IT,NO,SEACO,RETAI,0.02,17388.001,3,3,17388.001,0.0,0.0,0.0,0.0,869400.05
1807582,IT,WF,COMPU,HOTEL,0.2,17387.902,3,3,17387.902,0.0,0.0,0.0,0.0,86939.51
1814802,IT,WM,PAPE4,PUBLI,0.11,17387.183,3,3,17387.183,0.0,0.0,0.0,0.0,158065.3
1712070,IT,LV,BEVER,BIOGA,0.07,17386.282,3,3,17386.282,0.0,0.0,0.0,0.0,248375.457143
1680920,IT,GR,LANDT,RESEA,0.11,17385.997,3,3,17385.997,0.0,0.0,0.0,0.0,158054.518182
1767433,IT,RU,LANDT,DISTR,0.11,17385.939,3,3,17385.939,0.0,0.0,0.0,0.0,158053.990909
1711333,IT,LU,WHOLE,MOTO1,0.15,17385.425,3,3,17385.425,0.0,0.0,0.0,0.0,115902.833333
1735585,IT,SK,LEAD1,DAIRY,0.03,17385.395,3,3,17385.395,0.0,0.0,0.0,0.0,579513.166667
1689647,IT,IE,POSTT,NATUR,0.29,17384.968,3,3,17384.968,0.0,0.0,0.0,0.0,59948.165517
1786423,IT,ZA,MACHI,WASTE,0.1,17384.807,3,3,17384.807,0.0,0.0,0.0,0.0,173848.07
1714554,IT,NL,CRUDE,HOTEL,0.03,17383.536,3,3,17383.536,0.0,0.0,0.0,0.0,579451.2
1806525,IT,WF,FURNI,RAWMI,0.06,17383.222,3,3,17383.222,0.0,0.0,0.0,0.0,289720.366667
1737167,IT,GB,VEGE1,MEMBE,0.05,17382.804,4,4,17382.8,0.0,0.0,0.0,0.004,347656.08
1734571,IT,SK,BEVER,RAWMI,0.07,17382.787,3,3,17382.787,0.0,0.0,0.0,0.0,248325.528571
1720129,IT,PL,LEAD1,RENTI,0.03,17380.997,3,3,17380.997,0.0,0.0,0.0,0.0,579366.566667
1776888,IT,TR,PLAST,CHEMI,0.04,17380.221,4,4,17380.219,0.0,0.0,0.0,0.002,434505.525
1653195,IT,CZ,RUBBE,VEGET,0.06,17380.069,4,4,17380.067,0.0,0.0,0.0,0.002,289667.816667
1671036,IT,FI,RUBBE,PULP5,0.06,17379.76,4,4,17379.758,0.0,0.0,0.0,0.002,289662.666667
1681023,IT,GR,AIRTR,MOTO1,0.02,17379.347,3,3,17379.347,0.0,0.0,0.0,0.0,868967.35
1735801,IT,SK,MACHI,NONME,0.1,17377.877,3,3,17377.877,0.0,0.0,0.0,0.0,173778.77
1803461,IT,WF,MEAT4,NICKE,0.1,17377.305,3,3,17377.305,0.0,0.0,0.0,0.0,173773.05
1760090,IT,BR,OILHA,PLAS2,0.1,17376.477,3,3,17376.477,0.0,0.0,0.0,0.0,173764.77
1788230,IT,WA,LEATH,COPPE,0.12,17376.376,4,4,17376.373,0.0,0.0,0.0,0.003,144803.133333
1711485,IT,LU,AIRTR,COMPU,0.02,17376.189,3,3,17376.189,0.0,0.0,0.0,0.0,868809.45
1646229,IT,BE,LEAD1,MEAT4,0.03,17375.078,3,3,17375.078,0.0,0.0,0.0,0.0,579169.266667
1673282,IT,FR,TOBAC,FISH5,0.07,17374.885,3,3,17374.885,0.0,0.0,0.0,0.0,248212.642857
1732896,IT,SI,PREC1,CEMEN,0.03,17374.672,3,3,17374.672,0.0,0.0,0.0,0.0,579155.733333
1680000,IT,GR,MACHI,VEGET,0.1,17374.628,3,3,17374.628,0.0,0.0,0.0,0.0,173746.28
1737075,IT,GB,CHEMI,BRICK,0.04,17372.358,5,5,17371.356,0.0,0.0,1.0,0.002,434308.95
1782894,IT,NO,SEACO,NONF1,0.02,17371.684,3,3,17371.684,0.0,0.0,0.0,0.0,868584.2
1674618,IT,FR,RUBBE,FOOD1,0.06,17370.611,4,4,17370.609,0.0,0.0,0.0,0.002,289510.183333
1730946,IT,SE,INTER,HEALT,0.1,17370.518,3,3,17370.518,0.0,0.0,0.0,0.0,173705.18
1788036,IT,WA,TEXTI,ALUM1,0.1,17369.816,4,4,17369.814,0.0,0.0,0.0,0.002,173698.16
1686019,IT,HU,BIODI,CONST,0.04,17369.329,4,4,17369.327,0.0,0.0,0.0,0.002,434233.225
1807177,IT,WF,AIRTR,RADIO,0.02,17368.141,3,3,17368.141,0.0,0.0,0.0,0.0,868407.05
1663299,IT,DK,INLAN,SUPPO,0.03,17367.245,3,3,17367.245,0.0,0.0,0.0,0.0,578908.166667
1801275,IT,WE,MACHI,WOOLS,0.1,17366.981,3,3,17366.981,0.0,0.0,0.0,0.0,173669.81
1644275,IT,BE,CROPS,RETA1,0.14,17365.638,3,3,17365.638,0.0,0.0,0.0,0.0,124040.271429
1785731,IT,ZA,PLAST,MEATC,0.04,17362.87,4,4,17362.868,0.0,0.0,0.0,0.002,434071.75
1668352,IT,ES,WHOLE,PAPE4,0.15,17361.988,3,3,17361.988,0.0,0.0,0.0,0.0,115746.586667
1811957,IT,WM,GLASS,STONE,0.05,17361.157,3,3,17361.157,0.0,0.0,0.0,0.0,347223.14
1798122,IT,WL,PRIVA,COKEO,3.87,17359.051,4,4,17359.048,0.0,0.0,0.0,0.003,4485.542894
1784366,IT,ID,RUBBE,SUPPO,0.06,17358.977,4,4,17358.975,0.0,0.0,0.0,0.002,289316.283333
1642087,IT,AT,GLASS,FOUND,0.05,17357.173,3,3,17357.173,0.0,0.0,0.0,0.0,347143.46
1747521,IT,JP,AIRTR,PADDY,0.02,17356.467,3,3,17356.467,0.0,0.0,0.0,0.0,867823.35
1652727,IT,CZ,PAPER,NONME,0.07,17355.904,4,4,17355.902,0.0,0.0,0.0,0.002,247941.485714
1741425,IT,US,MOTOR,BEVER,0.03,17355.242,3,3,17355.242,0.0,0.0,0.0,0.0,578508.066667
1684215,IT,HR,TRAN2,TRAN2,0.03,17354.404,3,3,17354.404,0.0,0.0,0.0,0.0,578480.133333
1644335,IT,BE,SANDC,SANDC,0.04,17353.334,4,4,17349.334,0.0,0.0,4.0,0.0,433833.35
1729200,IT,SE,CERAM,FISH5,0.03,17352.102,3,3,17352.102,0.0,0.0,0.0,0.0,578403.4
1783590,IT,NO,FOOD2,FURNI,0.1,17351.188,3,3,17351.188,0.0,0.0,0.0,0.0,173511.88
1662936,IT,DK,RETA1,MOTO1,0.18,17351.1,3,3,17351.1,0.0,0.0,0.0,0.0,96395.0
1769864,IT,AU,OFFIC,SUPPO,0.05,17350.877,3,3,17350.877,0.0,0.0,0.0,0.0,347017.54
1777838,IT,TR,FABRI,TRAN1,0.07,17350.8,3,3,17350.8,0.0,0.0,0.0,0.0,247868.571429
1812195,IT,WM,NONME,FOOD5,0.04,17350.222,4,4,17350.22,0.0,0.0,0.0,0.002,433755.55
1648679,IT,BG,SUGA1,PAPER,0.04,17348.706,4,4,17348.703,0.0,0.0,0.0,0.003,433717.65
1766680,IT,RU,FABRI,RAILW,0.07,17348.079,3,3,17348.079,0.0,0.0,0.0,0.0,247829.7
1682275,IT,HR,LEATH,ELECT,0.12,17347.594,4,4,17347.591,0.0,0.0,0.0,0.003,144563.283333
1798622,IT,WE,MEAT1,BUSIN,0.08,17347.364,4,4,17347.362,0.0,0.0,0.0,0.002,216842.05
1667607,IT,ES,MACHI,CRUDE,0.1,17345.469,3,3,17345.469,0.0,0.0,0.0,0.0,173454.69
1764151,IT,MX,FABRI,INSUR,0.07,17343.278,3,3,17343.278,0.0,0.0,0.0,0.0,247761.114286
1742529,IT,US,BASIC,WOOD1,0.02,17342.585,3,3,17342.585,0.0,0.0,0.0,0.0,867129.25
1661788,IT,DK,LEATH,PRIVA,0.12,17342.135,4,4,17342.132,0.0,0.0,0.0,0.003,144517.791667
1773342,IT,CH,MACHI,RADIO,0.1,17341.962,3,3,17341.962,0.0,0.0,0.0,0.0,173419.62
1762205,IT,IN,SEACO,BASIC,0.02,17341.945,3,3,17341.945,0.0,0.0,0.0,0.0,867097.25
1684240,IT,HR,SEACO,ELECT,0.02,17341.896,3,3,17341.896,0.0,0.0,0.0,0.0,867094.8
1651854,IT,CY,AIRTR,CHEM1,0.02,17341.842,3,3,17341.842,0.0,0.0,0.0,0.0,867092.1
1785416,IT,ZA,PAPER,MACHI,0.07,17341.604,4,4,17341.602,0.0,0.0,0.0,0.002,247737.2
1646092,IT,BE,BASIC,BLAST,0.02,17341.256,3,3,17341.256,0.0,0.0,0.0,0.0,867062.8
1683822,IT,HR,OFFIC,RECRE,0.05,17339.305,3,3,17339.305,0.0,0.0,0.0,0.0,346786.1
1723302,IT,PT,CERAM,LANDT,0.03,17338.91,3,3,17338.91,0.0,0.0,0.0,0.0,577963.666667
1672654,IT,FR,CRUDE,GLASS,0.03,17338.453,3,3,17338.453,0.0,0.0,0.0,0.0,577948.433333
1727916,IT,SE,VEGET,DAIRY,0.06,17338.296,3,3,17338.296,0.0,0.0,0.0,0.0,288971.6
1674813,IT,FR,CEMEN,INTER,0.03,17337.916,3,3,17337.916,0.0,0.0,0.0,0.0,577930.533333
1673003,IT,FR,SUGA1,RAWMI,0.04,17337.686,4,4,17337.683,0.0,0.0,0.0,0.003,433442.15
1794397,IT,WL,KEROS,TRAN2,0.03,17336.382,3,3,17336.382,0.0,0.0,0.0,0.0,577879.4
1710477,IT,LT,LANDT,RAILW,0.11,17335.598,3,3,17335.598,0.0,0.0,0.0,0.0,157596.345455
1762141,IT,IN,LANDT,CHEM1,0.11,17335.232,3,3,17335.232,0.0,0.0,0.0,0.0,157593.018182
1786636,IT,ZA,WHOLE,MEATC,0.15,17334.541,3,3,17334.541,0.0,0.0,0.0,0.0,115563.606667
1778181,IT,TR,FURNI,DAIRY,0.06,17334.242,3,3,17334.242,0.0,0.0,0.0,0.0,288904.033333
1722934,IT,PT,GASDI,WHOLE,0.03,17334.211,3,3,17334.211,0.0,0.0,0.0,0.0,577807.033333
1769047,IT,AU,GASDI,CONST,0.03,17333.66,3,3,17333.66,0.0,0.0,0.0,0.0,577788.666667
1756568,IT,KR,RETA1,RETA1,0.18,17333.037,3,3,17333.037,0.0,0.0,0.0,0.0,96294.65
1789130,IT,WA,NONSP,MEDIC,0.02,17332.384,3,3,17332.384,0.0,0.0,0.0,0.0,866619.2
1643109,IT,AT,WHOLE,POSTT,0.15,17332.302,3,3,17332.302,0.0,0.0,0.0,0.0,115548.68
1812425,IT,WM,PREC1,LEATH,0.03,17331.514,3,3,17331.514,0.0,0.0,0.0,0.0,577717.133333
1792013,IT,WA,INLAN,WHOLE,0.03,17331.472,3,3,17331.472,0.0,0.0,0.0,0.0,577715.733333
1765484,IT,RU,WEARI,TEXTI,0.13,17331.37,4,4,17331.367,0.0,0.0,0.0,0.003,133318.230769
1726545,IT,RO,OFFIC,MOTOR,0.05,17330.95,3,3,17330.95,0.0,0.0,0.0,0.0,346619.0
1769695,IT,AU,MACHI,PADDY,0.1,17330.847,3,3,17330.847,0.0,0.0,0.0,0.0,173308.47
1666618,IT,ES,CHEM1,RAILW,0.04,17330.698,4,4,17330.696,0.0,0.0,0.0,0.002,433267.45
1756756,IT,KR,AIRTR,PLAST,0.02,17330.376,3,3,17330.376,0.0,0.0,0.0,0.0,866518.8
1806529,IT,WF,FURNI,COPPE,0.06,17329.763,3,3,17329.763,0.0,0.0,0.0,0.0,288829.383333
1647278,IT,BE,LANDT,AIRTR,0.11,17327.829,3,3,17327.829,0.0,0.0,0.0,0.0,157525.718182
1715130,IT,NL,LEATH,WOODW,0.12,17327.601,4,4,17327.598,0.0,0.0,0.0,0.003,144396.675
1777780,IT,TR,FABRI,SANDC,0.07,17327.195,3,3,17327.195,0.0,0.0,0.0,0.0,247531.357143
1733830,IT,SI,TRAN2,LIGNI,0.03,17327.043,3,3,17327.043,0.0,0.0,0.0,0.0,577568.1
1656872,IT,DE,HEAVY,RUBBE,0.03,17326.316,3,3,17326.316,0.0,0.0,0.0,0.0,577543.866667
1675654,IT,FR,TRANS,FOOD5,0.1,17326.113,3,3,17326.113,0.0,0.0,0.0,0.0,173261.13
1771260,IT,CH,VEGE1,POSTT,0.05,17325.967,4,4,17325.963,0.0,0.0,0.0,0.004,346519.34
1658203,IT,DE,LEAD1,ADDIT,0.03,17325.772,3,3,17325.772,0.0,0.0,0.0,0.0,577525.733333
1747037,IT,JP,TRANS,RESEA,0.1,17325.057,3,3,17325.057,0.0,0.0,0.0,0.0,173250.57
1747997,IT,JP,BUSIN,POULT,0.18,17324.533,3,3,17324.533,0.0,0.0,0.0,0.0,96247.405556
1640429,IT,AT,VEGE1,PAPER,0.05,17322.921,4,4,17322.917,0.0,0.0,0.0,0.004,346458.42
1723487,IT,PT,ALUM1,RETA1,0.03,17322.789,3,3,17322.789,0.0,0.0,0.0,0.0,577426.3
1717497,IT,NL,REALE,WHOLE,0.73,17322.592,3,3,17322.592,0.0,0.0,0.0,0.0,23729.578082
1776418,IT,TR,PRINT,RECRE,0.17,17322.105,3,3,17322.105,0.0,0.0,0.0,0.0,101894.735294
1682425,IT,HR,PAPER,CERAM,0.07,17321.236,4,4,17321.234,0.0,0.0,0.0,0.002,247446.228571
1688866,IT,IE,PREC1,PLAST,0.03,17320.898,3,3,17320.898,0.0,0.0,0.0,0.0,577363.266667
1759667,IT,BR,RESEA,SUPPO,0.09,17319.047,3,3,17319.047,0.0,0.0,0.0,0.0,192433.855556
1753484,IT,CA,FABRI,AIRTR,0.07,17318.597,3,3,17318.597,0.0,0.0,0.0,0.0,247408.528571
1725840,IT,RO,KERO1,SUGAR,0.02,17318.521,3,3,17318.521,0.0,0.0,0.0,0.0,865926.05
1807407,IT,WF,FINAN,93197,0.23,17316.09,3,3,17316.09,0.0,0.0,0.0,0.0,75287.347826
1746509,IT,JP,CERAM,PUBLI,0.03,17314.737,3,3,17314.737,0.0,0.0,0.0,0.0,577157.9
1807170,IT,WF,AIRTR,LEAD1,0.02,17313.702,3,3,17313.702,0.0,0.0,0.0,0.0,865685.1
1810219,IT,WM,LEATH,MEAT1,0.12,17312.532,4,4,17312.529,0.0,0.0,0.0,0.003,144271.1
1798485,IT,WE,NATUR,FINAN,0.02,17311.816,3,3,17311.816,0.0,0.0,0.0,0.0,865590.8
1670529,IT,FI,BEVER,93197,0.07,17311.471,3,3,17311.471,0.0,0.0,0.0,0.0,247306.728571
1744216,IT,US,POSTT,PLAST,0.29,17311.416,3,3,17311.416,0.0,0.0,0.0,0.0,59694.537931
1648599,IT,BG,MEATC,RETA1,0.06,17311.266,3,3,17311.266,0.0,0.0,0.0,0.0,288521.1
1679559,IT,GR,RUBBE,HEAVY,0.06,17311.099,4,4,17311.097,0.0,0.0,0.0,0.002,288518.316667
1642805,IT,AT,OFFIC,PRINT,0.05,17309.89,3,3,17309.89,0.0,0.0,0.0,0.0,346197.8
1710657,IT,LU,VEGE1,MEATC,0.05,17307.33,4,4,17307.326,0.0,0.0,0.0,0.004,346146.6
1659122,IT,DE,ELEC7,HOTEL,0.01,17306.935,3,3,17306.935,0.0,0.0,0.0,0.0,1730693.5
1668474,IT,ES,HOTEL,CROPS,0.13,17306.741,3,3,17306.741,0.0,0.0,0.0,0.0,133128.776923
1658819,IT,DE,MOTO1,ELEC2,0.09,17304.326,3,3,17304.326,0.0,0.0,0.0,0.0,192270.288889
1764487,IT,MX,CONST,PAPER,0.1,17304.117,3,3,17304.117,0.0,0.0,0.0,0.0,173041.17
1658953,IT,DE,FURNI,WOOD1,0.06,17303.725,3,3,17303.725,0.0,0.0,0.0,0.0,288395.416667
1733855,IT,SI,TRAN2,COMPU,0.03,17303.354,3,3,17303.354,0.0,0.0,0.0,0.0,576778.466667
1656732,IT,DE,MOTOR,RAILW,0.03,17303.15,3,3,17303.15,0.0,0.0,0.0,0.0,576771.666667
1690411,IT,IE,FOOD4,RUBBE,0.13,17302.708,3,3,17302.708,0.0,0.0,0.0,0.0,133097.753846
1776904,IT,TR,PLAST,HEAVY,0.04,17301.969,4,4,17301.967,0.0,0.0,0.0,0.002,432549.225
1673264,IT,FR,FISH5,POSTT,0.07,17301.777,4,4,17301.768,0.0,0.0,0.0,0.009,247168.242857
1656382,IT,DE,WOODW,NONF1,0.05,17301.675,3,3,17301.675,0.0,0.0,0.0,0.0,346033.5
1670762,IT,FI,PAPER,EDUCA,0.07,17301.201,4,4,17301.199,0.0,0.0,0.0,0.002,247160.014286
1752319,IT,CA,CHEMI,WHOLE,0.04,17300.894,5,5,17299.892,0.0,0.0,1.0,0.002,432522.35
1785031,IT,ID,BUSIN,RADIO,0.18,17300.526,3,3,17300.526,0.0,0.0,0.0,0.0,96114.033333
1747055,IT,JP,FURNI,LEATH,0.06,17300.111,3,3,17300.111,0.0,0.0,0.0,0.0,288335.183333
1783101,IT,NO,INSUR,EDUCA,0.36,17299.891,3,3,17299.891,0.0,0.0,0.0,0.0,48055.252778
1798684,IT,WE,VEGE1,RETA1,0.05,17299.701,4,4,17299.697,0.0,0.0,0.0,0.004,345994.02
1739142,IT,GB,RETA1,MEATA,0.18,17299.669,3,3,17299.669,0.0,0.0,0.0,0.0,96109.272222
1770596,IT,AU,POSTT,WHOLE,0.28,17299.379,3,3,17299.379,0.0,0.0,0.0,0.0,61783.496429
1770454,IT,AU,SEACO,EDUCA,0.02,17299.22,3,3,17299.22,0.0,0.0,0.0,0.0,864961.0
1732781,IT,SI,NONME,BIOG1,0.03,17298.73,4,4,17298.728,0.0,0.0,0.0,0.002,576624.333333
1672595,IT,FR,MEATA,POULT,0.09,17298.231,4,4,17298.228,0.0,0.0,0.0,0.003,192202.566667
1812250,IT,WM,NONME,INSUR,0.03,17297.576,4,4,17297.574,0.0,0.0,0.0,0.002,576585.866667
1721228,IT,PL,LANDT,COALT,0.11,17296.698,3,3,17296.698,0.0,0.0,0.0,0.0,157242.709091
1798413,IT,WE,NATUR,LIGNI,0.02,17296.669,3,3,17296.669,0.0,0.0,0.0,0.0,864833.45
1770597,IT,AU,POSTT,RETA1,0.28,17296.658,3,3,17296.658,0.0,0.0,0.0,0.0,61773.778571
1682759,IT,HR,GASDI,PAPE4,0.03,17296.305,3,3,17296.305,0.0,0.0,0.0,0.0,576543.5
1794414,IT,WL,KERO1,CRUDE,0.02,17296.218,3,3,17296.218,0.0,0.0,0.0,0.0,864810.9
1663983,IT,EE,PAPER,SUPPO,0.07,17296.149,4,4,17296.147,0.0,0.0,0.0,0.002,247087.842857
1782475,IT,NO,MACHI,RAILW,0.1,17295.638,3,3,17295.638,0.0,0.0,0.0,0.0,172956.38
1724403,IT,PT,AIRTR,DAIRY,0.02,17294.989,3,3,17294.989,0.0,0.0,0.0,0.0,864749.45
1741195,IT,US,LEATH,93197,0.12,17294.895,4,4,17294.892,0.0,0.0,0.0,0.003,144124.125
1717078,IT,NL,LANDT,EDUCA,0.11,17294.701,3,3,17294.701,0.0,0.0,0.0,0.0,157224.554545
1799550,IT,WE,PRINT,BASIC,0.17,17294.108,3,3,17294.108,0.0,0.0,0.0,0.0,101730.047059
1805829,IT,WF,ALUM1,VEGET,0.03,17292.703,3,3,17292.703,0.0,0.0,0.0,0.0,576423.433333
1687597,IT,HU,TRAN2,CRUDE,0.03,17292.607,3,3,17292.607,0.0,0.0,0.0,0.0,576420.233333
1764658,IT,MX,RETA1,RETA1,0.18,17291.725,3,3,17291.725,0.0,0.0,0.0,0.0,96065.138889
1646624,IT,BE,MOTO1,MEMBE,0.09,17291.276,3,3,17291.276,0.0,0.0,0.0,0.0,192125.288889
1681021,IT,GR,AIRTR,ELECT,0.02,17291.19,3,3,17291.19,0.0,0.0,0.0,0.0,864559.5
1763453,IT,MX,PLAST,VEGE1,0.04,17290.534,4,4,17290.532,0.0,0.0,0.0,0.002,432263.35
1751051,IT,CN,WHOLE,SUPPO,0.15,17289.981,3,3,17289.981,0.0,0.0,0.0,0.0,115266.54
1719737,IT,PL,NONME,FOOD2,0.03,17289.426,4,4,17289.424,0.0,0.0,0.0,0.002,576314.2
1796517,IT,WL,RETA1,COPP1,0.18,17288.543,3,3,17288.543,0.0,0.0,0.0,0.0,96047.461111
1723918,IT,PT,FURNI,COMPU,0.06,17287.791,3,3,17287.791,0.0,0.0,0.0,0.0,288129.85
1811826,IT,WM,RUBBE,OILSE,0.06,17287.614,4,4,17287.612,0.0,0.0,0.0,0.002,288126.9
1762977,IT,MX,DAIRY,HEALT,0.07,17287.035,3,3,17287.035,0.0,0.0,0.0,0.0,246957.642857
1799367,IT,WE,PULP5,MEATP,0.05,17286.023,4,4,17286.021,0.0,0.0,0.0,0.002,345720.46
1649712,IT,BG,NONME,RETA1,0.03,17285.235,4,4,17285.233,0.0,0.0,0.0,0.002,576174.5
1683511,IT,HR,ALUM1,FOOD5,0.03,17283.891,3,3,17283.891,0.0,0.0,0.0,0.0,576129.7
1718864,IT,PL,PAPER,FOOD2,0.07,17283.315,4,4,17283.313,0.0,0.0,0.0,0.002,246904.5
1649983,IT,BG,FABRI,HEALT,0.07,17283.021,3,3,17283.021,0.0,0.0,0.0,0.0,246900.3
1722495,IT,PT,FOOD5,VEGE1,0.08,17282.961,4,4,17282.959,0.0,0.0,0.0,0.002,216037.0125
1681030,IT,GR,AIRTR,BIOG1,0.02,17282.791,3,3,17282.791,0.0,0.0,0.0,0.0,864139.55
1673469,IT,FR,WEARI,INTER,0.13,17282.551,4,4,17282.548,0.0,0.0,0.0,0.003,132942.7
1688613,IT,IE,NONSP,RUBBE,0.02,17282.055,3,3,17282.055,0.0,0.0,0.0,0.0,864102.75
1793515,IT,WL,CHEMI,SUPPO,0.04,17282.021,5,5,17281.019,0.0,0.0,1.0,0.002,432050.525
1814419,IT,WM,REALE,HOTEL,0.73,17281.946,3,3,17281.946,0.0,0.0,0.0,0.0,23673.89863
1760031,IT,BR,TEXT1,TEXT2,0.13,17281.901,3,3,17281.901,0.0,0.0,0.0,0.0,132937.7
1726051,IT,RO,ADDIT,WHITE,0.04,17281.558,3,3,17281.558,0.0,0.0,0.0,0.0,432038.95
1715123,IT,NL,LEATH,RAWMI,0.12,17280.733,4,4,17280.73,0.0,0.0,0.0,0.003,144006.108333
1668051,IT,ES,FURNI,DIST1,0.06,17280.509,3,3,17280.509,0.0,0.0,0.0,0.0,288008.483333
1763037,IT,MX,TEXTI,FOOD5,0.1,17280.266,4,4,17280.264,0.0,0.0,0.0,0.002,172802.66
1684729,IT,HU,VEGET,MACHI,0.06,17280.07,3,3,17280.07,0.0,0.0,0.0,0.0,288001.166667
1713492,IT,MT,RUBBE,NONME,0.06,17279.801,4,4,17279.799,0.0,0.0,0.0,0.002,287996.683333
1682166,IT,HR,TEXTI,SEWAG,0.1,17279.61,4,4,17279.608,0.0,0.0,0.0,0.002,172796.1
1783895,IT,NO,WOOD2,OILHA,0.09,17279.537,3,3,17279.537,0.0,0.0,0.0,0.0,191994.855556
1659115,IT,DE,ELEC7,CHEM1,0.01,17278.306,3,3,17278.306,0.0,0.0,0.0,0.0,1727830.6
1655688,IT,DE,CHEMI,SECO9,0.04,17278.103,5,5,17277.101,0.0,0.0,1.0,0.002,431952.575
1762010,IT,IN,WHOLE,COKEO,0.15,17277.97,3,3,17277.97,0.0,0.0,0.0,0.0,115186.466667
1798164,IT,WE,WHEAT,AUXIL,0.01,17277.851,3,3,17277.851,0.0,0.0,0.0,0.0,1727785.1
1672008,IT,FI,TRAN2,TRAN2,0.03,17277.524,3,3,17277.524,0.0,0.0,0.0,0.0,575917.466667
1671346,IT,FI,COPP1,CHEM1,0.04,17276.828,3,3,17276.828,0.0,0.0,0.0,0.0,431920.7
1800010,IT,WE,HEAVY,GASWO,0.03,17276.312,3,3,17276.312,0.0,0.0,0.0,0.0,575877.066667
1748219,IT,JP,PLAS1,FURNI,0.06,17275.635,3,3,17275.635,0.0,0.0,0.0,0.0,287927.25
1805800,IT,WF,PREC1,CHARC,0.03,17275.289,3,3,17275.289,0.0,0.0,0.0,0.0,575842.966667
1787892,IT,WA,BEVER,FISH5,0.07,17273.866,3,3,17273.866,0.0,0.0,0.0,0.0,246769.514286
1687991,IT,HU,RENTI,DIST1,0.1,17271.845,3,3,17271.845,0.0,0.0,0.0,0.0,172718.45
1687717,IT,HU,SUPPO,BEVER,0.12,17271.34,3,3,17271.34,0.0,0.0,0.0,0.0,143927.833333
1743255,IT,US,FURNI,NATU1,0.06,17270.359,3,3,17270.359,0.0,0.0,0.0,0.0,287839.316667
1641759,IT,AT,CHEM1,TOBAC,0.04,17270.241,4,4,17270.239,0.0,0.0,0.0,0.002,431756.025
1800143,IT,WE,NAPHT,PRIVA,0.03,17268.07,3,3,17268.07,0.0,0.0,0.0,0.0,575602.333333
1722943,IT,PT,GASDI,PUBLI,0.03,17267.741,3,3,17267.741,0.0,0.0,0.0,0.0,575591.366667
1656920,IT,DE,LIQUE,NATUR,0.03,17267.591,3,3,17267.591,0.0,0.0,0.0,0.0,575586.366667
1781153,IT,TW,FOOD3,PUBLI,0.05,17267.221,3,3,17267.221,0.0,0.0,0.0,0.0,345344.42
1710457,IT,LT,LANDT,MACHI,0.11,17266.986,3,3,17266.986,0.0,0.0,0.0,0.0,156972.6
1769689,IT,AU,FABRI,WASTE,0.07,17266.674,3,3,17266.674,0.0,0.0,0.0,0.0,246666.771429
1808082,IT,WF,TEXT1,REALE,0.13,17266.235,3,3,17266.235,0.0,0.0,0.0,0.0,132817.192308
1652259,IT,CZ,FOOD5,CONST,0.08,17265.939,4,4,17265.937,0.0,0.0,0.0,0.002,215824.2375
1762767,IT,IN,BUSIN,RETAI,0.18,17265.692,3,3,17265.692,0.0,0.0,0.0,0.0,95920.511111
1674655,IT,FR,GLASS,PROCE,0.05,17265.69,3,3,17265.69,0.0,0.0,0.0,0.0,345313.8
1742744,IT,US,FABRI,HEAVY,0.07,17265.433,3,3,17265.433,0.0,0.0,0.0,0.0,246649.042857
1684939,IT,HU,MEATC,HOTEL,0.06,17265.363,3,3,17265.363,0.0,0.0,0.0,0.0,287756.05
1747096,IT,JP,FURNI,RAILW,0.06,17265.096,3,3,17265.096,0.0,0.0,0.0,0.0,287751.6
1740039,IT,GB,RENTI,CEMEN,0.1,17264.758,3,3,17264.758,0.0,0.0,0.0,0.0,172647.58
1684343,IT,HR,SUPPO,DIST1,0.12,17264.626,3,3,17264.626,0.0,0.0,0.0,0.0,143871.883333
1667412,IT,ES,COPP1,ELEC8,0.04,17263.981,3,3,17263.981,0.0,0.0,0.0,0.0,431599.525
1763250,IT,MX,WOODW,SUPPO,0.05,17263.143,3,3,17263.143,0.0,0.0,0.0,0.0,345262.86
1719801,IT,PL,BASIC,NFERT,0.02,17262.791,3,3,17262.791,0.0,0.0,0.0,0.0,863139.55
1711344,IT,LU,WHOLE,LANDT,0.15,17262.327,3,3,17262.327,0.0,0.0,0.0,0.0,115082.18
1731766,IT,SI,PAPER,CHEMI,0.07,17262.259,4,4,17262.257,0.0,0.0,0.0,0.002,246603.7
1751167,IT,CN,HOTEL,LEADZ,0.13,17261.702,3,3,17261.702,0.0,0.0,0.0,0.0,132782.323077
1778298,IT,TR,SALEM,NONME,0.14,17257.747,3,3,17257.747,0.0,0.0,0.0,0.0,123269.621429
1814198,IT,WM,SUPPO,FURNI,0.12,17257.234,3,3,17257.234,0.0,0.0,0.0,0.0,143810.283333
1775717,IT,TR,CATTL,CHEM1,0.04,17257.178,3,3,17257.178,0.0,0.0,0.0,0.0,431429.45
1656037,IT,DE,BEVER,SANDC,0.07,17257.041,3,3,17257.041,0.0,0.0,0.0,0.0,246529.157143
1749534,IT,CN,NONSP,ELEC1,0.02,17256.056,3,3,17256.056,0.0,0.0,0.0,0.0,862802.8
1672367,IT,FI,BUSIN,GASDI,0.18,17255.438,3,3,17255.438,0.0,0.0,0.0,0.0,95863.544444
1799109,IT,WE,WEARI,MEATC,0.13,17255.416,4,4,17255.413,0.0,0.0,0.0,0.003,132733.969231
1678742,IT,GR,SUGA1,PIGS9,0.04,17255.051,4,4,17255.048,0.0,0.0,0.0,0.003,431376.275
1723306,IT,PT,CERAM,BUSIN,0.03,17254.955,3,3,17254.955,0.0,0.0,0.0,0.0,575165.166667
1736686,IT,SK,INSUR,INERT,0.36,17254.744,3,3,17254.744,0.0,0.0,0.0,0.0,47929.844444
1674336,IT,FR,CHEM1,PROCE,0.04,17253.926,4,4,17253.924,0.0,0.0,0.0,0.002,431348.15
1685652,IT,HU,GASDI,CEREA,0.03,17252.435,3,3,17252.435,0.0,0.0,0.0,0.0,575081.166667
1792531,IT,WA,REALE,INSUR,0.73,17249.186,3,3,17249.186,0.0,0.0,0.0,0.0,23629.021918
1758615,IT,BR,TRANS,FISHF,0.1,17249.099,3,3,17249.099,0.0,0.0,0.0,0.0,172490.99
1676175,IT,FR,CONST,BIOGA,0.1,17248.717,3,3,17248.717,0.0,0.0,0.0,0.0,172487.17
1710424,IT,LT,LANDT,POULT,0.11,17247.579,3,3,17247.579,0.0,0.0,0.0,0.0,156796.172727
1749950,IT,CN,GLASS,RESEA,0.05,17247.079,3,3,17247.079,0.0,0.0,0.0,0.0,344941.58
1642194,IT,AT,CEMEN,WOODW,0.03,17246.462,3,3,17246.462,0.0,0.0,0.0,0.0,574882.066667
1774163,IT,CH,WHOLE,WASTE,0.15,17245.794,3,3,17245.794,0.0,0.0,0.0,0.0,114971.96
1778717,IT,TR,RAILW,BASIC,0.12,17245.73,3,3,17245.73,0.0,0.0,0.0,0.0,143714.416667
1769365,IT,AU,CERAM,PLANT,0.03,17245.521,3,3,17245.521,0.0,0.0,0.0,0.0,574850.7
1715105,IT,NL,WEARI,COMPU,0.13,17245.447,4,4,17245.444,0.0,0.0,0.0,0.003,132657.284615
1805492,IT,WF,CERAM,NATU1,0.03,17245.352,3,3,17245.352,0.0,0.0,0.0,0.0,574845.066667
1674755,IT,FR,CERAM,DISTR,0.03,17245.085,3,3,17245.085,0.0,0.0,0.0,0.0,574836.166667
1735412,IT,SK,BASIC,FISH5,0.02,17244.495,3,3,17244.495,0.0,0.0,0.0,0.0,862224.75
1785953,IT,ZA,RUBBE,BASIC,0.06,17244.311,4,4,17244.309,0.0,0.0,0.0,0.002,287405.183333
1640941,IT,AT,WOODW,DAIRY,0.05,17244.289,3,3,17244.289,0.0,0.0,0.0,0.0,344885.78
1806042,IT,WF,COPP1,LANDT,0.04,17244.2,3,3,17244.2,0.0,0.0,0.0,0.0,431105.0
1649799,IT,BG,PREC1,CERAM,0.03,17242.486,3,3,17242.486,0.0,0.0,0.0,0.0,574749.533333
1764623,IT,MX,RETA1,BEVER,0.18,17242.058,3,3,17242.058,0.0,0.0,0.0,0.0,95789.211111
1688626,IT,IE,PLAST,PAPER,0.04,17241.895,4,4,17241.893,0.0,0.0,0.0,0.002,431047.375
1663152,IT,DK,LANDT,WEARI,0.11,17241.878,3,3,17241.878,0.0,0.0,0.0,0.0,156744.345455
1745690,IT,JP,TEXTI,PAPE4,0.1,17241.459,4,4,17241.457,0.0,0.0,0.0,0.002,172414.59
1725780,IT,RO,PRINT,TRAN1,0.17,17241.264,3,3,17241.264,0.0,0.0,0.0,0.0,101419.2
1654229,IT,CZ,TRANS,RUBBE,0.1,17241.186,3,3,17241.186,0.0,0.0,0.0,0.0,172411.86
1714214,IT,MT,AUXIL,INSUR,0.32,17240.949,3,3,17240.949,0.0,0.0,0.0,0.0,53877.965625
1658795,IT,DE,MOTO1,BIODI,0.09,17240.897,3,3,17240.897,0.0,0.0,0.0,0.0,191565.522222
1755447,IT,KR,NONSP,GASDI,0.02,17240.695,3,3,17240.695,0.0,0.0,0.0,0.0,862034.75
1748513,IT,CN,SANDC,PUBLI,0.04,17239.788,4,4,17235.788,0.0,0.0,4.0,0.0,430994.7
1780197,IT,TW,RAILW,BEVER,0.12,17238.97,3,3,17238.97,0.0,0.0,0.0,0.0,143658.083333
1670478,IT,FI,BEVER,WEARI,0.07,17238.683,3,3,17238.683,0.0,0.0,0.0,0.0,246266.9
1689547,IT,IE,SEACO,BUSIN,0.02,17238.34,3,3,17238.34,0.0,0.0,0.0,0.0,861917.0
1713405,IT,MT,BITU1,ELEC2,0.03,17238.204,3,3,17238.204,0.0,0.0,0.0,0.0,574606.8
1752406,IT,CA,VEGE1,PETRO,0.05,17237.842,4,4,17237.838,0.0,0.0,0.0,0.004,344756.84
1656076,IT,DE,BEVER,FABRI,0.07,17237.541,3,3,17237.541,0.0,0.0,0.0,0.0,246250.585714
1674027,IT,FR,GASDI,ANIMA,0.03,17237.154,3,3,17237.154,0.0,0.0,0.0,0.0,574571.8
1684677,IT,HU,WHEAT,WHOLE,0.01,17236.889,3,3,17236.889,0.0,0.0,0.0,0.0,1723688.9
1751667,IT,CN,INSUR,CATTL,0.36,17236.797,3,3,17236.797,0.0,0.0,0.0,0.0,47879.991667
1648178,IT,BE,BUSIN,REFIN,0.18,17235.347,3,3,17235.347,0.0,0.0,0.0,0.0,95751.927778
1798707,IT,WE,DAIRY,CHEM1,0.07,17235.272,3,3,17235.272,0.0,0.0,0.0,0.0,246218.171429
1710139,IT,LT,MACHI,TOBAC,0.1,17234.447,3,3,17234.447,0.0,0.0,0.0,0.0,172344.47
1643291,IT,AT,HOTEL,OILHA,0.12,17233.045,3,3,17233.045,0.0,0.0,0.0,0.0,143608.708333
1720065,IT,PL,ALUM1,POSTT,0.03,17232.274,3,3,17232.274,0.0,0.0,0.0,0.0,574409.133333
1761947,IT,IN,FURNI,ELEC3,0.06,17232.253,3,3,17232.253,0.0,0.0,0.0,0.0,287204.216667
1737059,IT,GB,SANDC,WHOLE,0.04,17230.455,4,4,17226.455,0.0,0.0,4.0,0.0,430761.375
1803618,IT,WF,FOOD5,SUGA1,0.08,17230.397,4,4,17230.395,0.0,0.0,0.0,0.002,215379.9625
1778991,IT,TR,AIRTR,PRECI,0.02,17230.096,3,3,17230.096,0.0,0.0,0.0,0.0,861504.8
1650919,IT,BG,SEACO,CEMEN,0.02,17229.892,3,3,17229.892,0.0,0.0,0.0,0.0,861494.6
1678975,IT,GR,WEARI,COMPU,0.13,17229.597,4,4,17229.594,0.0,0.0,0.0,0.003,132535.361538
1665761,IT,ES,PAPER,ELEC6,0.07,17228.895,4,4,17228.893,0.0,0.0,0.0,0.002,246127.071429
1753770,IT,CA,FURNI,COLLE,0.05,17227.713,3,3,17227.713,0.0,0.0,0.0,0.0,344554.26
1769310,IT,AU,RUBBE,WASTE,0.06,17227.655,4,4,17227.653,0.0,0.0,0.0,0.002,287127.583333
1687955,IT,HU,RENTI,WOODW,0.1,17226.406,3,3,17226.406,0.0,0.0,0.0,0.0,172264.06
1741536,IT,US,KERO1,HOTEL,0.02,17224.824,3,3,17224.824,0.0,0.0,0.0,0.0,861241.2
1725463,IT,RO,WEARI,GASDI,0.13,17224.411,4,4,17224.408,0.0,0.0,0.0,0.003,132495.469231
1652879,IT,CZ,COALT,SECO9,0.03,17223.314,3,3,17223.314,0.0,0.0,0.0,0.0,574110.466667
1785621,IT,ZA,GASDI,MEMBE,0.03,17223.044,3,3,17223.044,0.0,0.0,0.0,0.0,574101.466667
1728363,IT,SE,TEXTI,NONME,0.1,17222.073,4,4,17222.071,0.0,0.0,0.0,0.002,172220.73
1742269,IT,US,BRICK,TOBAC,0.03,17221.711,3,3,17221.711,0.0,0.0,0.0,0.0,574057.033333
1685552,IT,HU,PAPER,RAILW,0.07,17221.685,4,4,17221.683,0.0,0.0,0.0,0.002,246024.071429
1641668,IT,AT,PETRO,WHOLE,0.03,17221.382,3,3,17221.382,0.0,0.0,0.0,0.0,574046.066667
1791600,IT,WA,HOTEL,CROPS,0.12,17219.398,3,3,17219.398,0.0,0.0,0.0,0.0,143494.983333
1644323,IT,BE,STONE,CEMEN,0.06,17218.618,4,4,17217.618,0.0,0.0,1.0,0.0,286976.966667
1789460,IT,WA,ADDIT,RAWMI,0.04,17218.554,3,3,17218.554,0.0,0.0,0.0,0.0,430463.85
1744900,IT,US,BUSIN,LUBRI,0.18,17217.146,3,3,17217.146,0.0,0.0,0.0,0.0,95650.811111
1780685,IT,TW,AUXIL,93197,0.31,17217.14,3,3,17217.14,0.0,0.0,0.0,0.0,55539.16129
1800447,IT,WE,BIODI,LANDT,0.04,17216.601,4,4,17216.599,0.0,0.0,0.0,0.002,430415.025
1726697,IT,RO,FURNI,CRUDE,0.05,17215.015,3,3,17215.015,0.0,0.0,0.0,0.0,344300.3
1773979,IT,CH,SALEM,INSUR,0.14,17214.858,3,3,17214.858,0.0,0.0,0.0,0.0,122963.271429
1660168,IT,DE,SUPPO,CEMEN,0.12,17214.79,3,3,17214.79,0.0,0.0,0.0,0.0,143456.583333
1665907,IT,ES,COALT,NONSP,0.03,17214.156,3,3,17214.156,0.0,0.0,0.0,0.0,573805.2
1674469,IT,FR,BIODI,MACHI,0.04,17213.92,4,4,17213.918,0.0,0.0,0.0,0.002,430348.0
1643910,IT,AT,REALE,REALE,0.73,17213.354,3,3,17213.354,0.0,0.0,0.0,0.0,23579.936986
1667371,IT,ES,LEAD1,EDUCA,0.03,17212.537,3,3,17212.537,0.0,0.0,0.0,0.0,573751.233333
1793332,IT,WA,PRIVA,FINAN,3.84,17212.292,4,4,17212.289,0.0,0.0,0.0,0.003,4482.367708
1720103,IT,PL,LEAD1,KEROS,0.03,17212.207,3,3,17212.207,0.0,0.0,0.0,0.0,573740.233333
1681192,IT,GR,POSTT,LANDT,0.28,17212.17,3,3,17212.17,0.0,0.0,0.0,0.0,61472.035714
1689413,IT,IE,HOTEL,DAIRY,0.12,17211.177,3,3,17211.177,0.0,0.0,0.0,0.0,143426.475
1734522,IT,SK,DAIRY,FOOD5,0.07,17209.707,3,3,17209.707,0.0,0.0,0.0,0.0,245852.957143
1812604,IT,WM,LEAD1,SALEM,0.03,17209.391,3,3,17209.391,0.0,0.0,0.0,0.0,573646.366667
1800201,IT,WE,PLAST,ALUMI,0.04,17209.285,4,4,17209.283,0.0,0.0,0.0,0.002,430232.125
1671340,IT,FI,COPP1,PRECI,0.04,17209.267,3,3,17209.267,0.0,0.0,0.0,0.0,430231.675
1739002,IT,GB,SALEM,COLLE,0.14,17209.22,3,3,17209.22,0.0,0.0,0.0,0.0,122923.0
1676418,IT,FR,WHOLE,FOOD2,0.15,17208.017,3,3,17208.017,0.0,0.0,0.0,0.0,114720.113333
1640882,IT,AT,LEATH,RUBBE,0.12,17207.685,4,4,17207.682,0.0,0.0,0.0,0.003,143397.375
1793911,IT,WL,WEARI,LANDT,0.13,17206.443,4,4,17206.44,0.0,0.0,0.0,0.003,132357.253846
1720701,IT,PL,MOTO1,PAPE4,0.09,17206.329,3,3,17206.329,0.0,0.0,0.0,0.0,191181.433333
1741567,IT,US,GASDI,PAPER,0.03,17206.086,3,3,17206.086,0.0,0.0,0.0,0.0,573536.2
1805776,IT,WF,PREC1,RAWMI,0.03,17205.924,3,3,17205.924,0.0,0.0,0.0,0.0,573530.8
1768391,IT,AU,VEGE1,MEAT1,0.05,17205.717,4,4,17205.713,0.0,0.0,0.0,0.004,344114.34
1805490,IT,WF,CERAM,CRUDE,0.03,17205.248,3,3,17205.248,0.0,0.0,0.0,0.0,573508.266667
1791832,IT,WA,LANDT,BASIC,0.11,17204.013,3,3,17204.013,0.0,0.0,0.0,0.0,156400.118182
1685429,IT,HU,WOODW,BEVER,0.05,17203.84,3,3,17203.84,0.0,0.0,0.0,0.0,344076.8
1788365,IT,WA,WOODW,RAWMI,0.05,17202.761,3,3,17202.761,0.0,0.0,0.0,0.0,344055.22
1662045,IT,DK,CHEM1,NATUR,0.04,17202.396,4,4,17202.394,0.0,0.0,0.0,0.002,430059.9
1777517,IT,TR,BASIC,ELE11,0.02,17202.358,3,3,17202.358,0.0,0.0,0.0,0.0,860117.9
1714089,IT,MT,SEACO,PAPER,0.02,17202.131,3,3,17202.131,0.0,0.0,0.0,0.0,860106.55
1730301,IT,SE,AIRTR,WOODW,0.02,17202.065,3,3,17202.065,0.0,0.0,0.0,0.0,860103.25
1644401,IT,BE,MEATP,FOOD5,0.07,17201.936,4,4,17201.934,0.0,0.0,0.0,0.002,245741.942857
1746164,IT,JP,PLAST,CERAM,0.04,17200.13,4,4,17200.128,0.0,0.0,0.0,0.002,430003.25
1773171,IT,CH,FABRI,CATTL,0.07,17200.111,3,3,17200.111,0.0,0.0,0.0,0.0,245715.871429
1806865,IT,WF,RETA1,93197,0.18,17199.966,3,3,17199.966,0.0,0.0,0.0,0.0,95555.366667
1806639,IT,WF,SALEM,REALE,0.14,17199.932,3,3,17199.932,0.0,0.0,0.0,0.0,122856.657143
1641460,IT,AT,GASDI,LANDT,0.03,17199.479,3,3,17199.479,0.0,0.0,0.0,0.0,573315.966667
1649253,IT,BG,HEAVY,KEROS,0.03,17198.133,3,3,17198.133,0.0,0.0,0.0,0.0,573271.1
1770100,IT,AU,WHOLE,FABRI,0.15,17196.352,3,3,17196.352,0.0,0.0,0.0,0.0,114642.346667
1758651,IT,BR,FURNI,GLASS,0.05,17196.311,3,3,17196.311,0.0,0.0,0.0,0.0,343926.22
1783621,IT,NO,FOOD3,PLAST,0.05,17195.92,3,3,17195.92,0.0,0.0,0.0,0.0,343918.4
1806663,IT,WF,WHOLE,PADDY,0.15,17195.892,3,3,17195.892,0.0,0.0,0.0,0.0,114639.28
1654098,IT,CZ,OFFIC,RADIO,0.05,17195.361,3,3,17195.361,0.0,0.0,0.0,0.0,343907.22
1772356,IT,CH,CHEM1,CROPS,0.04,17195.237,4,4,17195.235,0.0,0.0,0.0,0.002,429880.925
1778501,IT,TR,RETA1,FORES,0.18,17194.972,3,3,17194.972,0.0,0.0,0.0,0.0,95527.622222
1719786,IT,PL,BASIC,COALT,0.02,17194.751,3,3,17194.751,0.0,0.0,0.0,0.0,859737.55
1749888,IT,CN,RUBBE,INSUR,0.06,17194.024,4,4,17194.022,0.0,0.0,0.0,0.002,286567.066667
1791450,IT,WA,WHOLE,FABRI,0.15,17193.241,3,3,17193.241,0.0,0.0,0.0,0.0,114621.606667
1805460,IT,WF,GLASS,LEAD1,0.05,17193.0,3,3,17193.0,0.0,0.0,0.0,0.0,343860.0
1714179,IT,MT,POSTT,PUBLI,0.28,17192.685,3,3,17192.685,0.0,0.0,0.0,0.0,61402.446429
1711116,IT,LU,LEAD1,WHOLE,0.03,17192.262,3,3,17192.262,0.0,0.0,0.0,0.0,573075.4
1769991,IT,AU,TRANS,FOOD3,0.1,17191.851,3,3,17191.851,0.0,0.0,0.0,0.0,171918.51
1650960,IT,BG,SUPPO,FORES,0.12,17190.666,3,3,17190.666,0.0,0.0,0.0,0.0,143255.55
1711529,IT,LU,POSTT,HOTEL,0.28,17190.607,3,3,17190.607,0.0,0.0,0.0,0.0,61395.025
1715133,IT,NL,LEATH,PRINT,0.12,17190.54,4,4,17190.537,0.0,0.0,0.0,0.003,143254.5
1717546,IT,NL,RENTI,SUPPO,0.1,17190.377,3,3,17190.377,0.0,0.0,0.0,0.0,171903.77
1731050,IT,SI,CEREA,TRANS,0.03,17189.568,3,3,17189.568,0.0,0.0,0.0,0.0,572985.6
1758917,IT,BR,HOTEL,FOOD4,0.12,17189.3,3,3,17189.3,0.0,0.0,0.0,0.0,143244.166667
1779020,IT,TR,AIRTR,OFFIC,0.02,17188.739,3,3,17188.739,0.0,0.0,0.0,0.0,859436.95
1729317,IT,SE,NONME,ELEC4,0.03,17187.219,4,4,17187.217,0.0,0.0,0.0,0.002,572907.3
1760171,IT,BR,WASTE,RECRE,0.05,17186.68,3,3,17186.68,0.0,0.0,0.0,0.0,343733.6
1754074,IT,CA,AIRTR,NICKE,0.02,17186.571,3,3,17186.571,0.0,0.0,0.0,0.0,859328.55
1809504,IT,WM,MEAT4,PROCE,0.09,17186.508,3,3,17186.508,0.0,0.0,0.0,0.0,190961.2
1683094,IT,HR,RUBBE,CERAM,0.06,17184.438,4,4,17184.436,0.0,0.0,0.0,0.002,286407.3
1679314,IT,GR,NAPHT,AVIAT,0.03,17184.165,3,3,17184.165,0.0,0.0,0.0,0.0,572805.5
1734344,IT,SI,BUSIN,PUBLI,0.18,17184.098,3,3,17184.098,0.0,0.0,0.0,0.0,95467.211111
1756427,IT,KR,CONST,PAPER,0.1,17182.951,3,3,17182.951,0.0,0.0,0.0,0.0,171829.51
1806016,IT,WF,COPP1,BASIC,0.04,17182.917,3,3,17182.917,0.0,0.0,0.0,0.0,429572.925
1791005,IT,WA,MOTO1,RETA1,0.09,17182.887,3,3,17182.887,0.0,0.0,0.0,0.0,190920.966667
1740209,IT,GB,BUSIN,LIQUE,0.18,17182.786,3,3,17182.786,0.0,0.0,0.0,0.0,95459.922222
1801165,IT,WE,FABRI,CHEMI,0.07,17182.537,3,3,17182.537,0.0,0.0,0.0,0.0,245464.814286
1671911,IT,FI,RAILW,BASIC,0.11,17180.767,3,3,17180.767,0.0,0.0,0.0,0.0,156188.790909
1690122,IT,IE,COMPU,OFFIC,0.2,17180.418,3,3,17180.418,0.0,0.0,0.0,0.0,85902.09
1794292,IT,WL,MOTOR,LUBRI,0.03,17179.467,3,3,17179.467,0.0,0.0,0.0,0.0,572648.9
1718270,IT,PL,FOOD5,WEARI,0.08,17179.223,4,4,17179.221,0.0,0.0,0.0,0.002,214740.2875
1666332,IT,ES,LIQUE,ELEC9,0.03,17178.566,3,3,17178.566,0.0,0.0,0.0,0.0,572618.866667
1710198,IT,LT,MACHI,HEALT,0.1,17177.918,3,3,17177.918,0.0,0.0,0.0,0.0,171779.18
1789875,IT,WA,CERAM,FOODW,0.03,17177.386,3,3,17177.386,0.0,0.0,0.0,0.0,572579.533333
1741411,IT,US,MOTOR,SUGAR,0.03,17176.865,3,3,17176.865,0.0,0.0,0.0,0.0,572562.166667
1807546,IT,WF,RENTI,FINAN,0.1,17176.353,3,3,17176.353,0.0,0.0,0.0,0.0,171763.53
1683719,IT,HR,MACHI,LEATH,0.1,17174.282,3,3,17174.282,0.0,0.0,0.0,0.0,171742.82
1710533,IT,LT,SUPPO,SALEM,0.12,17173.871,3,3,17173.871,0.0,0.0,0.0,0.0,143115.591667
1770861,IT,AU,BUSIN,FABRI,0.18,17172.712,3,3,17172.712,0.0,0.0,0.0,0.0,95403.955556
1765870,IT,RU,NONSP,NFERT,0.02,17169.728,3,3,17169.728,0.0,0.0,0.0,0.0,858486.4
1723625,IT,PT,FABRI,SEACO,0.07,17169.301,3,3,17169.301,0.0,0.0,0.0,0.0,245275.728571
1710196,IT,LT,MACHI,PUBLI,0.1,17169.262,3,3,17169.262,0.0,0.0,0.0,0.0,171692.62
1777785,IT,TR,FABRI,DAIRY,0.07,17169.178,3,3,17169.178,0.0,0.0,0.0,0.0,245273.971429
1669305,IT,ES,FINAN,FABRI,0.22,17168.896,3,3,17168.896,0.0,0.0,0.0,0.0,78040.436364
1717172,IT,NL,AIRTR,FINAN,0.02,17168.849,3,3,17168.849,0.0,0.0,0.0,0.0,858442.45
1753391,IT,CA,COPP1,LEAD1,0.04,17168.126,3,3,17168.126,0.0,0.0,0.0,0.0,429203.15
1669952,IT,ES,EDUCA,MOTO1,0.43,17167.899,3,3,17167.899,0.0,0.0,0.0,0.0,39925.346512
1716054,IT,NL,NONME,BUSIN,0.03,17167.165,4,4,17167.163,0.0,0.0,0.0,0.002,572238.833333
1766246,IT,RU,GLASS,EDUCA,0.05,17166.266,3,3,17166.266,0.0,0.0,0.0,0.0,343325.32
1791722,IT,WA,RAILW,CRUDE,0.11,17165.323,3,3,17165.323,0.0,0.0,0.0,0.0,156048.390909
1658470,IT,DE,FABRI,BIOG1,0.07,17164.593,3,3,17164.593,0.0,0.0,0.0,0.0,245208.471429
1762386,IT,IN,POSTT,PFERT,0.28,17164.126,3,3,17164.126,0.0,0.0,0.0,0.0,61300.45
1732981,IT,SI,ALUM1,EDUCA,0.03,17163.997,3,3,17163.997,0.0,0.0,0.0,0.0,572133.233333
1662485,IT,DK,ALUM1,SEWAG,0.03,17163.954,3,3,17163.954,0.0,0.0,0.0,0.0,572131.8
1689562,IT,IE,AIRTR,TEXTI,0.02,17163.886,3,3,17163.886,0.0,0.0,0.0,0.0,858194.3
1681811,IT,HR,MEAT4,CROPS,0.09,17163.839,3,3,17163.839,0.0,0.0,0.0,0.0,190709.322222
1710172,IT,LT,MACHI,ELEC4,0.1,17163.684,3,3,17163.684,0.0,0.0,0.0,0.0,171636.84
1678973,IT,GR,WEARI,REALE,0.13,17162.162,4,4,17162.159,0.0,0.0,0.0,0.003,132016.630769
1777074,IT,TR,CHEM1,ELE11,0.04,17162.161,4,4,17162.159,0.0,0.0,0.0,0.002,429054.025
1678984,IT,GR,WEARI,93197,0.13,17162.159,4,4,17162.156,0.0,0.0,0.0,0.003,132016.607692
1748025,IT,JP,BUSIN,KERO1,0.18,17161.712,3,3,17161.712,0.0,0.0,0.0,0.0,95342.844444
1649888,IT,BG,FABRI,RAWMI,0.07,17161.502,3,3,17161.502,0.0,0.0,0.0,0.0,245164.314286
1791096,IT,WA,TRANS,LEAD1,0.1,17160.714,3,3,17160.714,0.0,0.0,0.0,0.0,171607.14
1796006,IT,WL,MOTO1,RETA1,0.09,17160.014,3,3,17160.014,0.0,0.0,0.0,0.0,190666.822222
1770847,IT,AU,BUSIN,PRINT,0.18,17159.037,3,3,17159.037,0.0,0.0,0.0,0.0,95327.983333
1776478,IT,TR,MOTOR,NONF1,0.03,17158.463,3,3,17158.463,0.0,0.0,0.0,0.0,571948.766667
1649589,IT,BG,GLASS,WHEAT,0.05,17157.441,3,3,17157.441,0.0,0.0,0.0,0.0,343148.82
1717874,IT,PL,VEGET,RAILW,0.06,17157.02,3,3,17157.02,0.0,0.0,0.0,0.0,285950.333333
1806889,IT,WF,HOTEL,TRANS,0.12,17156.24,3,3,17156.24,0.0,0.0,0.0,0.0,142968.666667
1652981,IT,CZ,NONSP,MACHI,0.02,17155.677,3,3,17155.677,0.0,0.0,0.0,0.0,857783.85
1732916,IT,SI,PREC1,RENTI,0.03,17155.662,3,3,17155.662,0.0,0.0,0.0,0.0,571855.4
1713302,IT,MT,MOTOR,HOTEL,0.03,17155.295,3,3,17155.295,0.0,0.0,0.0,0.0,571843.166667
1743960,IT,US,AIRTR,FORES,0.02,17154.627,3,3,17154.627,0.0,0.0,0.0,0.0,857731.35
1765592,IT,RU,WOODW,FORES,0.05,17153.749,3,3,17153.749,0.0,0.0,0.0,0.0,343074.98
1710961,IT,LU,RUBBE,RESEA,0.06,17153.655,4,4,17153.653,0.0,0.0,0.0,0.002,285894.25
1785947,IT,ZA,RUBBE,CHARC,0.06,17153.597,4,4,17153.595,0.0,0.0,0.0,0.002,285893.283333
1737395,IT,GB,TEXTI,FABRI,0.1,17152.447,4,4,17152.445,0.0,0.0,0.0,0.002,171524.47
1779472,IT,TR,RENTI,WEARI,0.1,17152.016,3,3,17152.016,0.0,0.0,0.0,0.0,171520.16
1726191,IT,RO,CERAM,MOTO1,0.03,17151.859,3,3,17151.859,0.0,0.0,0.0,0.0,571728.633333
1671185,IT,FI,CEMEN,TRAN1,0.03,17151.56,3,3,17151.56,0.0,0.0,0.0,0.0,571718.666667
1788018,IT,WA,TEXTI,NAPHT,0.1,17151.557,4,4,17151.555,0.0,0.0,0.0,0.002,171515.57
1779138,IT,TR,POSTT,VEGET,0.28,17151.251,3,3,17151.251,0.0,0.0,0.0,0.0,61254.467857
1649892,IT,BG,FABRI,BKBPE,0.07,17150.636,3,3,17150.636,0.0,0.0,0.0,0.0,245009.085714
1727652,IT,RO,RENTI,MACHI,0.1,17150.594,3,3,17150.594,0.0,0.0,0.0,0.0,171505.94
1716129,IT,NL,PREC1,BRICK,0.03,17150.379,3,3,17150.379,0.0,0.0,0.0,0.0,571679.3
1764057,IT,MX,FABRI,PIGS9,0.07,17150.327,3,3,17150.327,0.0,0.0,0.0,0.0,245004.671429
1666078,IT,ES,GASDI,ANTHR,0.03,17149.984,3,3,17149.984,0.0,0.0,0.0,0.0,571666.133333
1746740,IT,JP,FABRI,COMPU,0.07,17148.81,3,3,17148.81,0.0,0.0,0.0,0.0,244983.0
1744560,IT,US,REALE,POSTT,0.72,17148.543,3,3,17148.543,0.0,0.0,0.0,0.0,23817.420833
1650989,IT,BG,SUPPO,SECO9,0.12,17148.431,3,3,17148.431,0.0,0.0,0.0,0.0,142903.591667
1689000,IT,IE,MACHI,FURNI,0.1,17147.148,3,3,17147.148,0.0,0.0,0.0,0.0,171471.48
1642646,IT,AT,FABRI,ELEC2,0.07,17145.987,3,3,17145.987,0.0,0.0,0.0,0.0,244942.671429
1747258,IT,JP,WHOLE,WEARI,0.15,17145.369,3,3,17145.369,0.0,0.0,0.0,0.0,114302.46
1796168,IT,WL,FURNI,PROCE,0.05,17145.31,3,3,17145.31,0.0,0.0,0.0,0.0,342906.2
1784239,IT,ID,CHEM1,PIGS9,0.04,17144.858,4,4,17144.856,0.0,0.0,0.0,0.002,428621.45
1716169,IT,NL,ALUM1,PAPER,0.03,17143.816,3,3,17143.816,0.0,0.0,0.0,0.0,571460.533333
1735890,IT,SK,OFFIC,FURNI,0.05,17142.951,3,3,17142.951,0.0,0.0,0.0,0.0,342859.02
1721551,IT,PL,SUPPO,TRAN2,0.12,17142.096,3,3,17142.096,0.0,0.0,0.0,0.0,142850.8
1644266,IT,BE,CROPS,PLAST,0.14,17141.558,3,3,17141.558,0.0,0.0,0.0,0.0,122439.7
1784847,IT,ID,SEACO,BASIC,0.02,17141.139,3,3,17141.139,0.0,0.0,0.0,0.0,857056.95
1725187,IT,RO,DAIRY,MEAT4,0.07,17141.074,3,3,17141.074,0.0,0.0,0.0,0.0,244872.485714
1663149,IT,DK,LANDT,BEVER,0.11,17140.991,3,3,17140.991,0.0,0.0,0.0,0.0,155827.190909
1774093,IT,CH,WHOLE,GASDI,0.15,17140.455,3,3,17140.455,0.0,0.0,0.0,0.0,114269.7
1683763,IT,HR,MACHI,RAILW,0.1,17140.324,3,3,17140.324,0.0,0.0,0.0,0.0,171403.24
1690162,IT,IE,COMPU,93197,0.2,17139.083,3,3,17139.083,0.0,0.0,0.0,0.0,85695.415
1738748,IT,GB,MACHI,WOOD2,0.1,17138.935,3,3,17138.935,0.0,0.0,0.0,0.0,171389.35
1789455,IT,WA,ADDIT,CATTL,0.04,17138.648,3,3,17138.648,0.0,0.0,0.0,0.0,428466.2
1760327,IT,IN,STONE,ELEC1,0.06,17138.54,4,4,17137.54,0.0,0.0,1.0,0.0,285642.333333
1814011,IT,WM,SEACO,MACHI,0.02,17138.169,3,3,17138.169,0.0,0.0,0.0,0.0,856908.45
1689083,IT,IE,FURNI,SALEM,0.05,17137.971,3,3,17137.971,0.0,0.0,0.0,0.0,342759.42
1651955,IT,CY,BUSIN,RETAI,0.18,17137.92,3,3,17137.92,0.0,0.0,0.0,0.0,95210.666667
1671692,IT,FI,SALEM,RAWMI,0.14,17137.672,3,3,17137.672,0.0,0.0,0.0,0.0,122411.942857
1679293,IT,GR,HEAVY,RUBBE,0.03,17137.313,3,3,17137.313,0.0,0.0,0.0,0.0,571243.766667
1652012,IT,CZ,VEGET,CHEM1,0.06,17137.262,3,3,17137.262,0.0,0.0,0.0,0.0,285621.033333
1711009,IT,LU,CEMEN,SALEM,0.03,17135.246,3,3,17135.246,0.0,0.0,0.0,0.0,571174.866667
1777661,IT,TR,LEAD1,MOTO1,0.03,17134.013,3,3,17134.013,0.0,0.0,0.0,0.0,571133.766667
1746200,IT,JP,CHEM1,RAWMI,0.04,17133.963,4,4,17133.961,0.0,0.0,0.0,0.002,428349.075
1684290,IT,HR,AIRTR,SALEM,0.02,17133.397,3,3,17133.397,0.0,0.0,0.0,0.0,856669.85
1748850,IT,CN,TEXTI,MEMBE,0.1,17131.972,4,4,17131.97,0.0,0.0,0.0,0.002,171319.72
1688983,IT,IE,MACHI,NUCLE,0.1,17131.671,3,3,17131.671,0.0,0.0,0.0,0.0,171316.71
1806594,IT,WF,CONST,BUSIN,0.1,17131.572,3,3,17131.572,0.0,0.0,0.0,0.0,171315.72
1738071,IT,GB,RUBBE,COPP1,0.06,17131.099,4,4,17131.097,0.0,0.0,0.0,0.002,285518.316667
1729250,IT,SE,CERAM,WOOD1,0.03,17130.853,3,3,17130.853,0.0,0.0,0.0,0.0,571028.433333
1798883,IT,WE,BEVER,CHEM1,0.07,17130.496,3,3,17130.496,0.0,0.0,0.0,0.0,244721.371429
1759181,IT,BR,AIRTR,PAPE4,0.02,17129.755,3,3,17129.755,0.0,0.0,0.0,0.0,856487.75
1652919,IT,CZ,GASDI,WHEAT,0.03,17129.661,3,3,17129.661,0.0,0.0,0.0,0.0,570988.7
1746995,IT,JP,MOTO1,MEMBE,0.09,17129.344,3,3,17129.344,0.0,0.0,0.0,0.0,190326.044444
1666927,IT,ES,CERAM,MEATA,0.03,17129.176,3,3,17129.176,0.0,0.0,0.0,0.0,570972.533333
1761707,IT,IN,MACHI,MEATA,0.1,17128.884,3,3,17128.884,0.0,0.0,0.0,0.0,171288.84
1789673,IT,WA,RUBBE,ELEC2,0.06,17128.763,4,4,17128.761,0.0,0.0,0.0,0.002,285479.383333
1770994,IT,CH,OILSE,OILSE,0.01,17128.018,3,3,17128.018,0.0,0.0,0.0,0.0,1712801.8
1647396,IT,BE,AIRTR,TOBAC,0.02,17127.675,3,3,17127.675,0.0,0.0,0.0,0.0,856383.75
1677680,IT,FR,RENTI,WOODW,0.1,17126.843,3,3,17126.843,0.0,0.0,0.0,0.0,171268.43
1755924,IT,KR,BASIC,TRAN1,0.02,17126.372,3,3,17126.372,0.0,0.0,0.0,0.0,856318.6
1682000,IT,HR,BEVER,RAWMI,0.07,17125.323,3,3,17125.323,0.0,0.0,0.0,0.0,244647.471429
1654168,IT,CZ,MOTO1,COPP1,0.09,17124.86,3,3,17124.86,0.0,0.0,0.0,0.0,190276.222222
1758281,IT,BR,ALUM1,CERAM,0.03,17123.906,3,3,17123.906,0.0,0.0,0.0,0.0,570796.866667
1682305,IT,HR,LEATH,INERT,0.12,17123.577,4,4,17123.574,0.0,0.0,0.0,0.003,142696.475
1733043,IT,SI,COPP1,ALUM1,0.04,17123.551,3,3,17123.551,0.0,0.0,0.0,0.0,428088.775
1752210,IT,CN,PUBLI,POSTT,0.28,17123.427,3,3,17123.427,0.0,0.0,0.0,0.0,61155.096429
1716154,IT,NL,PREC1,FOODW,0.03,17123.386,3,3,17123.386,0.0,0.0,0.0,0.0,570779.533333
1754739,IT,KR,DAIRY,RUBBE,0.07,17121.686,3,3,17121.686,0.0,0.0,0.0,0.0,244595.514286
1765801,IT,RU,MOTOR,SUPPO,0.03,17121.424,3,3,17121.424,0.0,0.0,0.0,0.0,570714.133333
1783692,IT,NO,WASTE,FOOD3,0.05,17121.306,3,3,17121.306,0.0,0.0,0.0,0.0,342426.12
1746653,IT,JP,COPP1,TRANS,0.04,17121.28,3,3,17121.28,0.0,0.0,0.0,0.0,428032.0
1721339,IT,PL,TRAN2,CHEM1,0.03,17121.12,3,3,17121.12,0.0,0.0,0.0,0.0,570704.0
1779795,IT,TR,BUSIN,REALE,0.18,17120.709,3,3,17120.709,0.0,0.0,0.0,0.0,95115.05
1677463,IT,FR,AUXIL,CATTL,0.31,17119.619,3,3,17119.619,0.0,0.0,0.0,0.0,55224.577419
1798928,IT,WE,FISH5,PAPER,0.07,17118.999,4,4,17118.99,0.0,0.0,0.0,0.009,244557.128571
1806771,IT,WF,RETA1,CROPS,0.18,17118.881,3,3,17118.881,0.0,0.0,0.0,0.0,95104.894444
1753893,IT,CA,RAILW,DAIRY,0.11,17118.838,3,3,17118.838,0.0,0.0,0.0,0.0,155625.8
1666069,IT,ES,GASDI,PLANT,0.03,17118.179,3,3,17118.179,0.0,0.0,0.0,0.0,570605.966667
1807145,IT,WF,AIRTR,TOBAC,0.02,17116.704,3,3,17116.704,0.0,0.0,0.0,0.0,855835.2
1790375,IT,WA,LEAD1,STONE,0.03,17116.334,3,3,17116.334,0.0,0.0,0.0,0.0,570544.466667
1784534,IT,ID,FABRI,SUPPO,0.07,17116.094,3,3,17116.094,0.0,0.0,0.0,0.0,244515.628571
1652464,IT,CZ,WEARI,BITUM,0.13,17116.089,4,4,17116.086,0.0,0.0,0.0,0.003,131662.223077
1774749,IT,CH,SUPPO,INSUR,0.12,17115.735,3,3,17115.735,0.0,0.0,0.0,0.0,142631.125
1737583,IT,GB,PAPER,MEAT4,0.07,17114.573,4,4,17114.571,0.0,0.0,0.0,0.002,244493.9
1736517,IT,SK,AIRTR,HOTEL,0.02,17114.444,3,3,17114.444,0.0,0.0,0.0,0.0,855722.2
1653665,IT,CZ,ALUM1,STEAM,0.03,17113.889,3,3,17113.889,0.0,0.0,0.0,0.0,570462.966667
1777359,IT,TR,GLASS,SUPPO,0.05,17112.836,3,3,17112.836,0.0,0.0,0.0,0.0,342256.72
1755304,IT,KR,PAPER,AIRTR,0.07,17111.39,4,4,17111.388,0.0,0.0,0.0,0.002,244448.428571
1788777,IT,WA,KEROS,CRUDE,0.03,17111.185,3,3,17111.185,0.0,0.0,0.0,0.0,570372.833333
1670752,IT,FI,PAPER,POSTT,0.07,17110.967,4,4,17110.965,0.0,0.0,0.0,0.002,244442.385714
1760595,IT,IN,WOODW,BASIC,0.05,17110.793,3,3,17110.793,0.0,0.0,0.0,0.0,342215.86
1788908,IT,WA,HEAVY,CEREA,0.03,17110.66,3,3,17110.66,0.0,0.0,0.0,0.0,570355.333333
1810846,IT,WM,KEROS,ELEC4,0.03,17110.413,3,3,17110.413,0.0,0.0,0.0,0.0,570347.1
1683266,IT,HR,CERAM,EDUCA,0.03,17110.077,3,3,17110.077,0.0,0.0,0.0,0.0,570335.9
1757284,IT,BR,PROCE,RETA1,0.12,17109.718,3,3,17109.718,0.0,0.0,0.0,0.0,142580.983333
1742799,IT,US,FABRI,INLAN,0.07,17109.448,3,3,17109.448,0.0,0.0,0.0,0.0,244420.685714
1666738,IT,ES,RUBBE,HEAVY,0.06,17109.227,4,4,17109.225,0.0,0.0,0.0,0.002,285153.783333
1771074,IT,CH,NATUR,FABRI,0.02,17108.65,3,3,17108.65,0.0,0.0,0.0,0.0,855432.5
1802899,IT,WE,RECRE,PUBLI,0.22,17108.624,3,3,17108.624,0.0,0.0,0.0,0.0,77766.472727
1723558,IT,PT,FABRI,PRECI,0.07,17108.618,3,3,17108.618,0.0,0.0,0.0,0.0,244408.828571
1723891,IT,PT,FURNI,RUBBE,0.05,17108.154,3,3,17108.154,0.0,0.0,0.0,0.0,342163.08
1742288,IT,US,BRICK,BUSIN,0.03,17108.039,3,3,17108.039,0.0,0.0,0.0,0.0,570267.966667
1674447,IT,FR,BIOGA,CONST,0.04,17107.723,4,4,17107.721,0.0,0.0,0.0,0.002,427693.075
1751033,IT,CN,WHOLE,FOUND,0.15,17107.277,3,3,17107.277,0.0,0.0,0.0,0.0,114048.513333
1811377,IT,WM,NUCLE,HEALT,0.04,17107.118,3,3,17107.118,0.0,0.0,0.0,0.0,427677.95
1648271,IT,BE,BUSIN,TEXT2,0.18,17106.716,3,3,17106.716,0.0,0.0,0.0,0.0,95037.311111
1768041,IT,RU,BUSIN,PRINT,0.18,17106.418,3,3,17106.418,0.0,0.0,0.0,0.0,95035.655556
1789478,IT,WA,ADDIT,TEXTI,0.04,17105.055,3,3,17105.055,0.0,0.0,0.0,0.0,427626.375
1678647,IT,GR,MEATC,PUBLI,0.06,17104.0,3,3,17104.0,0.0,0.0,0.0,0.0,285066.666667
1800649,IT,WE,CERAM,TEXTI,0.03,17103.95,3,3,17103.95,0.0,0.0,0.0,0.0,570131.666667
1668159,IT,ES,SALEM,ELEC3,0.14,17103.727,3,3,17103.727,0.0,0.0,0.0,0.0,122169.478571
1776473,IT,TR,MOTOR,CERAM,0.03,17103.679,3,3,17103.679,0.0,0.0,0.0,0.0,570122.633333
1715821,IT,NL,RUBBE,GASDI,0.06,17103.331,4,4,17103.329,0.0,0.0,0.0,0.002,285055.516667
1727854,IT,RO,BUSIN,OILHA,0.18,17102.954,3,3,17102.954,0.0,0.0,0.0,0.0,95016.411111
1795786,IT,WL,MACHI,ADDIT,0.1,17102.877,3,3,17102.877,0.0,0.0,0.0,0.0,171028.77
1806966,IT,WF,LANDT,MEAT4,0.11,17102.539,3,3,17102.539,0.0,0.0,0.0,0.0,155477.627273
1688413,IT,IE,BEVER,PRINT,0.07,17101.524,3,3,17101.524,0.0,0.0,0.0,0.0,244307.485714
1807961,IT,WF,PLAS1,FABRI,0.06,17100.637,3,3,17100.637,0.0,0.0,0.0,0.0,285010.616667
1802259,IT,WE,LANDT,WOODW,0.11,17099.775,3,3,17099.775,0.0,0.0,0.0,0.0,155452.5
1642872,IT,AT,MOTO1,BLAST,0.09,17099.455,3,3,17099.455,0.0,0.0,0.0,0.0,189993.944444
1735179,IT,SK,RUBBE,BIOGA,0.06,17099.248,4,4,17099.246,0.0,0.0,0.0,0.002,284987.466667
1719604,IT,PL,CERAM,GLASS,0.03,17099.133,3,3,17099.133,0.0,0.0,0.0,0.0,569971.1
1650165,IT,BG,MOTO1,FURNI,0.09,17099.02,3,3,17099.02,0.0,0.0,0.0,0.0,189989.111111
1651664,IT,CY,BASIC,BUSIN,0.02,17098.341,3,3,17098.341,0.0,0.0,0.0,0.0,854917.05
1794454,IT,WL,GASDI,WEARI,0.03,17098.185,3,3,17098.185,0.0,0.0,0.0,0.0,569939.5
1746171,IT,JP,PLAST,COPP1,0.04,17096.526,4,4,17096.524,0.0,0.0,0.0,0.002,427413.15
1664213,IT,EE,CERAM,SEACO,0.03,17096.447,3,3,17096.447,0.0,0.0,0.0,0.0,569881.566667
1763514,IT,MX,CHEM1,FISHF,0.04,17096.188,4,4,17096.186,0.0,0.0,0.0,0.002,427404.7
1784886,IT,ID,AIRTR,AUXIL,0.02,17096.136,3,3,17096.136,0.0,0.0,0.0,0.0,854806.8
1717995,IT,PL,SANDC,PUBLI,0.04,17095.97,4,4,17091.97,0.0,0.0,4.0,0.0,427399.25
1754696,IT,KR,VEGE1,LIQUE,0.05,17094.305,4,4,17094.301,0.0,0.0,0.0,0.004,341886.1
1726984,IT,RO,HOTEL,ELEC4,0.12,17093.715,3,3,17093.715,0.0,0.0,0.0,0.0,142447.625
1778643,IT,TR,HOTEL,NONF1,0.12,17093.657,3,3,17093.657,0.0,0.0,0.0,0.0,142447.141667
1743414,IT,US,SALEM,FOOD3,0.14,17093.577,3,3,17093.577,0.0,0.0,0.0,0.0,122096.978571
1734103,IT,SI,INSUR,INSUR,0.35,17093.576,3,3,17093.576,0.0,0.0,0.0,0.0,48838.788571
1718739,IT,PL,PULP5,MOTO1,0.05,17092.74,4,4,17092.738,0.0,0.0,0.0,0.002,341854.8
1687412,IT,HU,HOTEL,POSTT,0.12,17092.533,3,3,17092.533,0.0,0.0,0.0,0.0,142437.775
1678544,IT,GR,VEGET,FABRI,0.06,17092.436,3,3,17092.436,0.0,0.0,0.0,0.0,284873.933333
1793659,IT,WL,PROCE,FOOD5,0.12,17092.272,3,3,17092.272,0.0,0.0,0.0,0.0,142435.6
1738981,IT,GB,SALEM,WOODW,0.14,17092.154,3,3,17092.154,0.0,0.0,0.0,0.0,122086.814286
1714755,IT,NL,DAIRY,RESEA,0.07,17091.8,3,3,17091.8,0.0,0.0,0.0,0.0,244168.571429
1756511,IT,KR,WHOLE,WEARI,0.15,17091.67,3,3,17091.67,0.0,0.0,0.0,0.0,113944.466667
1657597,IT,DE,GLASS,COLLE,0.05,17090.38,3,3,17090.38,0.0,0.0,0.0,0.0,341807.6
1683503,IT,HR,PREC1,INERT,0.03,17088.385,3,3,17088.385,0.0,0.0,0.0,0.0,569612.833333
1713678,IT,MT,FABRI,MEATC,0.07,17087.829,3,3,17087.829,0.0,0.0,0.0,0.0,244111.842857
1723910,IT,PT,FURNI,RETA1,0.05,17086.784,3,3,17086.784,0.0,0.0,0.0,0.0,341735.68
1712482,IT,LV,COPP1,MOTO1,0.04,17086.512,3,3,17086.512,0.0,0.0,0.0,0.0,427162.8
1807229,IT,WF,SUPPO,WEARI,0.12,17084.204,3,3,17084.204,0.0,0.0,0.0,0.0,142368.366667
1755824,IT,KR,CERAM,EDUCA,0.03,17083.17,3,3,17083.17,0.0,0.0,0.0,0.0,569439.0
1656338,IT,DE,WOODW,ANTHR,0.05,17083.105,3,3,17083.105,0.0,0.0,0.0,0.0,341662.1
1664873,IT,ES,FORES,RUBBE,0.15,17083.037,4,4,17076.037,0.0,7.0,0.0,0.0,113886.913333
1712029,IT,LV,FOOD5,CROPS,0.08,17082.651,4,4,17082.649,0.0,0.0,0.0,0.002,213533.1375
1748374,IT,CN,OILSE,EDUCA,0.01,17082.462,3,3,17082.462,0.0,0.0,0.0,0.0,1708246.2
1660022,IT,DE,INLAN,RESEA,0.03,17082.092,3,3,17082.092,0.0,0.0,0.0,0.0,569403.066667
1801587,IT,WE,TRANS,FABRI,0.1,17081.842,3,3,17081.842,0.0,0.0,0.0,0.0,170818.42
1742185,IT,US,GLASS,MEDIC,0.05,17080.981,3,3,17080.981,0.0,0.0,0.0,0.0,341619.62
1798491,IT,WE,NATUR,BUSIN,0.02,17080.974,3,3,17080.974,0.0,0.0,0.0,0.0,854048.7
1689255,IT,IE,WHOLE,GLASS,0.15,17080.045,3,3,17080.045,0.0,0.0,0.0,0.0,113866.966667
1687960,IT,HU,RENTI,KEROS,0.1,17079.408,3,3,17079.408,0.0,0.0,0.0,0.0,170794.08
1685793,IT,HU,PLAST,ELEC3,0.04,17078.306,4,4,17078.304,0.0,0.0,0.0,0.002,426957.65
1756886,IT,KR,POSTT,RESEA,0.28,17077.885,3,3,17077.885,0.0,0.0,0.0,0.0,60992.446429
1732243,IT,SI,LIQUE,WOODW,0.03,17077.259,3,3,17077.259,0.0,0.0,0.0,0.0,569241.966667
1795927,IT,WL,MOTO1,FORES,0.09,17077.111,3,3,17077.111,0.0,0.0,0.0,0.0,189745.677778
1651334,IT,CY,WOODW,BASIC,0.05,17076.165,3,3,17076.165,0.0,0.0,0.0,0.0,341523.3
1791479,IT,WA,WHOLE,SUPPO,0.15,17075.4,3,3,17075.4,0.0,0.0,0.0,0.0,113836.0
1784990,IT,ID,INSUR,PUBLI,0.35,17074.944,3,3,17074.944,0.0,0.0,0.0,0.0,48785.554286
1646149,IT,BE,PREC1,RENTI,0.03,17073.885,3,3,17073.885,0.0,0.0,0.0,0.0,569129.5
1808949,IT,WM,CEREA,SUPPO,0.03,17073.742,3,3,17073.742,0.0,0.0,0.0,0.0,569124.733333
1802336,IT,WE,SEACO,CATTL,0.02,17073.001,3,3,17073.001,0.0,0.0,0.0,0.0,853650.05
1750864,IT,CN,FURNI,SALEM,0.05,17072.472,3,3,17072.472,0.0,0.0,0.0,0.0,341449.44
1814517,IT,WM,RESEA,RETA1,0.09,17072.101,3,3,17072.101,0.0,0.0,0.0,0.0,189690.011111
1644601,IT,BE,FOOD5,PULP5,0.08,17071.858,4,4,17071.856,0.0,0.0,0.0,0.002,213398.225
1662817,IT,DK,CONST,MACHI,0.1,17071.614,3,3,17071.614,0.0,0.0,0.0,0.0,170716.14
1717707,IT,NL,BUSIN,TRAN2,0.18,17071.238,3,3,17071.238,0.0,0.0,0.0,0.0,94840.211111
1640874,IT,AT,LEATH,REFI1,0.12,17070.963,4,4,17070.96,0.0,0.0,0.0,0.003,142258.025
1758202,IT,BR,BASIC,PRECI,0.02,17070.811,3,3,17070.811,0.0,0.0,0.0,0.0,853540.55
1799122,IT,WE,WEARI,WEARI,0.13,17070.121,4,4,17070.118,0.0,0.0,0.0,0.003,131308.623077
1680997,IT,GR,AIRTR,PULP5,0.02,17069.471,3,3,17069.471,0.0,0.0,0.0,0.0,853473.55
1782877,IT,NO,SEACO,PULP5,0.02,17068.763,3,3,17068.763,0.0,0.0,0.0,0.0,853438.15
1662395,IT,DK,BASIC,WOOD1,0.02,17067.655,3,3,17067.655,0.0,0.0,0.0,0.0,853382.75
1768675,IT,AU,TEXTI,ELECT,0.1,17066.742,4,4,17066.74,0.0,0.0,0.0,0.002,170667.42
1760913,IT,IN,HEAVY,WHEAT,0.03,17065.918,3,3,17065.918,0.0,0.0,0.0,0.0,568863.933333
1640781,IT,AT,TEXTI,EDUCA,0.1,17064.047,4,4,17064.045,0.0,0.0,0.0,0.002,170640.47
1686109,IT,HU,RUBBE,ELEC2,0.06,17063.987,4,4,17063.985,0.0,0.0,0.0,0.002,284399.783333
1664776,IT,ES,CEREA,MEATC,0.03,17063.698,3,3,17063.698,0.0,0.0,0.0,0.0,568789.933333
1680855,IT,GR,LANDT,MEAT4,0.11,17062.383,3,3,17062.383,0.0,0.0,0.0,0.0,155112.572727
1810402,IT,WM,PULP5,FISHF,0.05,17062.195,4,4,17062.193,0.0,0.0,0.0,0.002,341243.9
1768579,IT,AU,BEVER,FISH5,0.07,17061.836,3,3,17061.836,0.0,0.0,0.0,0.0,243740.514286
1647792,IT,BE,AUXIL,MOTOR,0.31,17060.662,3,3,17060.662,0.0,0.0,0.0,0.0,55034.393548
1788226,IT,WA,LEATH,NATU1,0.12,17060.395,4,4,17060.392,0.0,0.0,0.0,0.003,142169.958333
1755895,IT,KR,BASIC,TEXTI,0.02,17059.285,3,3,17059.285,0.0,0.0,0.0,0.0,852964.25
1718567,IT,PL,WEARI,FINAN,0.13,17058.99,4,4,17058.987,0.0,0.0,0.0,0.003,131223.0
1653705,IT,CZ,COPP1,CEREA,0.04,17058.817,3,3,17058.817,0.0,0.0,0.0,0.0,426470.425
1741972,IT,US,CHEM1,TEXT1,0.04,17058.387,4,4,17058.385,0.0,0.0,0.0,0.002,426459.675
1765486,IT,RU,WEARI,LEATH,0.13,17057.857,4,4,17057.854,0.0,0.0,0.0,0.003,131214.284615
1737579,IT,GB,PAPER,BITUM,0.07,17057.101,4,4,17057.099,0.0,0.0,0.0,0.002,243672.871429
1645428,IT,BE,LIQUE,FABRI,0.03,17057.042,3,3,17057.042,0.0,0.0,0.0,0.0,568568.066667
1790646,IT,WA,FABRI,REFI1,0.07,17056.93,3,3,17056.93,0.0,0.0,0.0,0.0,243670.428571
1753150,IT,CA,RUBBE,COMPU,0.06,17056.822,4,4,17056.82,0.0,0.0,0.0,0.002,284280.366667
1654516,IT,CZ,HOTEL,BASIC,0.12,17055.746,3,3,17055.746,0.0,0.0,0.0,0.0,142131.216667
1662425,IT,DK,PREC1,FURNI,0.03,17055.561,3,3,17055.561,0.0,0.0,0.0,0.0,568518.7
1776088,IT,TR,WEARI,RADIO,0.13,17054.866,4,4,17054.863,0.0,0.0,0.0,0.003,131191.276923
1721237,IT,PL,LANDT,NAPHT,0.11,17054.622,3,3,17054.622,0.0,0.0,0.0,0.0,155042.018182
1795063,IT,WL,ADDIT,SUPPO,0.04,17053.439,3,3,17053.439,0.0,0.0,0.0,0.0,426335.975
1722905,IT,PT,MOTOR,CONST,0.03,17053.098,3,3,17053.098,0.0,0.0,0.0,0.0,568436.6
1660341,IT,DE,FINAN,FISH5,0.22,17053.024,3,3,17053.024,0.0,0.0,0.0,0.0,77513.745455
1798192,IT,WE,VEGET,BITUM,0.06,17052.287,3,3,17052.287,0.0,0.0,0.0,0.0,284204.783333
1768084,IT,RU,BUSIN,TRAN1,0.18,17052.158,3,3,17052.158,0.0,0.0,0.0,0.0,94734.211111
1718236,IT,PL,PROCE,WHOLE,0.12,17050.857,3,3,17050.857,0.0,0.0,0.0,0.0,142090.475
1732099,IT,SI,KERO1,COMPU,0.02,17049.94,3,3,17049.94,0.0,0.0,0.0,0.0,852497.0
1666284,IT,ES,HEAVY,RECRE,0.03,17049.462,3,3,17049.462,0.0,0.0,0.0,0.0,568315.4
1662850,IT,DK,WHOLE,PIGS9,0.15,17048.68,3,3,17048.68,0.0,0.0,0.0,0.0,113657.866667
1794457,IT,WL,GASDI,PULP5,0.03,17048.407,3,3,17048.407,0.0,0.0,0.0,0.0,568280.233333
1792244,IT,WA,POSTT,PLAST,0.28,17046.743,3,3,17046.743,0.0,0.0,0.0,0.0,60881.225
1665567,IT,ES,LEATH,FURNI,0.12,17045.875,4,4,17045.872,0.0,0.0,0.0,0.003,142048.958333
1763597,IT,MX,CHEM1,SEACO,0.04,17045.421,4,4,17045.419,0.0,0.0,0.0,0.002,426135.525
1779485,IT,TR,RENTI,GLASS,0.1,17044.425,3,3,17044.425,0.0,0.0,0.0,0.0,170444.25
1770557,IT,AU,SUPPO,SEACO,0.12,17044.101,3,3,17044.101,0.0,0.0,0.0,0.0,142034.175
1751698,IT,CN,INSUR,NONME,0.35,17043.701,3,3,17043.701,0.0,0.0,0.0,0.0,48696.288571
1779014,IT,TR,AIRTR,CEMEN,0.02,17042.591,3,3,17042.591,0.0,0.0,0.0,0.0,852129.55
1782178,IT,NO,NONME,RESEA,0.03,17042.566,4,4,17042.564,0.0,0.0,0.0,0.002,568085.533333
1664528,IT,EE,FURNI,WOODW,0.05,17040.578,3,3,17040.578,0.0,0.0,0.0,0.0,340811.56
1680914,IT,GR,LANDT,AIRTR,0.11,17040.305,3,3,17040.305,0.0,0.0,0.0,0.0,154911.863636
1799503,IT,WE,PAPER,INLAN,0.07,17039.211,4,4,17039.209,0.0,0.0,0.0,0.002,243417.3
1772105,IT,CH,MOTOR,CATTL,0.03,17038.671,3,3,17038.671,0.0,0.0,0.0,0.0,567955.7
1716683,IT,NL,WHOLE,COPP1,0.15,17038.267,3,3,17038.267,0.0,0.0,0.0,0.0,113588.446667
1772037,IT,CH,PRINT,CEMEN,0.16,17037.492,3,3,17037.492,0.0,0.0,0.0,0.0,106484.325
1715695,IT,NL,NUCLE,NUCLE,0.04,17037.117,3,3,17037.117,0.0,0.0,0.0,0.0,425927.925
1763117,IT,MX,WEARI,RETA1,0.13,17035.252,4,4,17035.249,0.0,0.0,0.0,0.003,131040.4
1788050,IT,WA,TEXTI,ELEC4,0.1,17035.091,4,4,17035.089,0.0,0.0,0.0,0.002,170350.91
1756740,IT,KR,AIRTR,NICKE,0.02,17034.914,3,3,17034.914,0.0,0.0,0.0,0.0,851745.7
1641119,IT,AT,PAPER,RETAI,0.07,17034.512,4,4,17034.51,0.0,0.0,0.0,0.002,243350.171429
1663802,IT,EE,BEVER,REALE,0.07,17034.504,3,3,17034.504,0.0,0.0,0.0,0.0,243350.057143
1641493,IT,AT,HEAVY,PIGS9,0.03,17033.394,3,3,17033.394,0.0,0.0,0.0,0.0,567779.8
1754712,IT,KR,VEGE1,WHOLE,0.05,17032.523,4,4,17032.519,0.0,0.0,0.0,0.004,340650.46
1800951,IT,WE,ALUM1,DAIRY,0.03,17031.42,3,3,17031.42,0.0,0.0,0.0,0.0,567714.0
1711691,IT,LU,BUSIN,SUGA1,0.17,17030.338,3,3,17030.338,0.0,0.0,0.0,0.0,100178.458824
1740447,IT,GB,FOOD2,INERT,0.1,17029.192,3,3,17029.192,0.0,0.0,0.0,0.0,170291.92
1762222,IT,IN,SEACO,LANDT,0.02,17029.057,3,3,17029.057,0.0,0.0,0.0,0.0,851452.85
1731877,IT,SI,PRINT,HOTEL,0.16,17028.711,3,3,17028.711,0.0,0.0,0.0,0.0,106429.44375
1809524,IT,WM,MEAT4,FINAN,0.09,17027.927,3,3,17027.927,0.0,0.0,0.0,0.0,189199.188889
1807947,IT,WF,PLAS1,PFERT,0.06,17027.52,3,3,17027.52,0.0,0.0,0.0,0.0,283792.0
1798890,IT,WE,BEVER,SALEM,0.07,17027.261,3,3,17027.261,0.0,0.0,0.0,0.0,243246.585714
1649643,IT,BG,GLASS,BUSIN,0.05,17027.032,3,3,17027.032,0.0,0.0,0.0,0.0,340540.64
1777546,IT,TR,BASIC,INERT,0.02,17023.545,3,3,17023.545,0.0,0.0,0.0,0.0,851177.25
1746040,IT,JP,PAPER,FINAN,0.07,17023.541,4,4,17023.539,0.0,0.0,0.0,0.002,243193.442857
1764441,IT,MX,FURNI,CEMEN,0.05,17023.465,3,3,17023.465,0.0,0.0,0.0,0.0,340469.3
1712401,IT,LV,CERAM,SUPPO,0.03,17020.266,3,3,17020.266,0.0,0.0,0.0,0.0,567342.2
1725642,IT,RO,PAPER,WHEAT,0.07,17019.295,4,4,17019.293,0.0,0.0,0.0,0.002,243132.785714
1733471,IT,SI,SALEM,REALE,0.14,17018.841,3,3,17018.841,0.0,0.0,0.0,0.0,121563.15
1756515,IT,KR,WHOLE,COKEO,0.15,17018.172,3,3,17018.172,0.0,0.0,0.0,0.0,113454.48
1712305,IT,LV,RUBBE,RAWMI,0.06,17016.298,4,4,17016.296,0.0,0.0,0.0,0.002,283604.966667
1788524,IT,WA,PAPER,SANDC,0.07,17015.891,4,4,17015.889,0.0,0.0,0.0,0.002,243084.157143
1808329,IT,WF,FOOD3,PRECI,0.05,17015.66,3,3,17015.66,0.0,0.0,0.0,0.0,340313.2
1650529,IT,BG,ELEC7,COPPE,0.01,17015.521,3,3,17015.521,0.0,0.0,0.0,0.0,1701552.1
1742299,IT,US,CEMEN,PULP5,0.03,17014.937,3,3,17014.937,0.0,0.0,0.0,0.0,567164.566667
1808578,IT,WF,PAPE4,POSTT,0.11,17013.812,3,3,17013.812,0.0,0.0,0.0,0.0,154671.018182
1788769,IT,WA,MOTOR,MEMBE,0.03,17013.689,3,3,17013.689,0.0,0.0,0.0,0.0,567122.966667
1714163,IT,MT,POSTT,CONST,0.28,17013.539,3,3,17013.539,0.0,0.0,0.0,0.0,60762.639286
1655590,IT,DE,SANDC,NONME,0.04,17013.396,4,4,17009.396,0.0,0.0,4.0,0.0,425334.9
1645694,IT,BE,ADDIT,KERO1,0.04,17012.262,3,3,17012.262,0.0,0.0,0.0,0.0,425306.55
1810586,IT,WM,PRINT,CRUDE,0.16,17011.792,3,3,17011.792,0.0,0.0,0.0,0.0,106323.7
1745010,IT,US,PUBLI,BEVER,0.28,17011.594,3,3,17011.594,0.0,0.0,0.0,0.0,60755.692857
1740971,IT,US,BEVER,FORES,0.07,17011.153,3,3,17011.153,0.0,0.0,0.0,0.0,243016.471429
1791649,IT,WA,HOTEL,GLASS,0.12,17009.675,3,3,17009.675,0.0,0.0,0.0,0.0,141747.291667
1809939,IT,WM,FISH5,RAWMI,0.07,17009.652,4,4,17009.643,0.0,0.0,0.0,0.009,242995.028571
1666742,IT,ES,RUBBE,BITU1,0.06,17009.501,4,4,17009.499,0.0,0.0,0.0,0.002,283491.683333
1667370,IT,ES,LEAD1,PUBLI,0.03,17009.298,3,3,17009.298,0.0,0.0,0.0,0.0,566976.6
1774099,IT,CH,WHOLE,PFERT,0.15,17008.697,3,3,17008.697,0.0,0.0,0.0,0.0,113391.313333
1683037,IT,HR,CHEM1,FINAN,0.04,17008.677,4,4,17008.675,0.0,0.0,0.0,0.002,425216.925
1755831,IT,KR,BRICK,CEMEN,0.03,17008.522,3,3,17008.522,0.0,0.0,0.0,0.0,566950.733333
1709716,IT,LT,CHEM1,GASDI,0.04,17007.57,4,4,17007.568,0.0,0.0,0.0,0.002,425189.25
1687647,IT,HU,AIRTR,LIQUE,0.02,17006.989,3,3,17006.989,0.0,0.0,0.0,0.0,850349.45
1646714,IT,BE,FURNI,OILHA,0.05,17006.881,3,3,17006.881,0.0,0.0,0.0,0.0,340137.62
1760118,IT,BR,FOOD2,SUPPO,0.1,17006.488,3,3,17006.488,0.0,0.0,0.0,0.0,170064.88
1746310,IT,JP,CHEM1,OILHA,0.04,17006.444,4,4,17006.442,0.0,0.0,0.0,0.002,425161.1
1738536,IT,GB,FABRI,CATTL,0.07,17006.397,3,3,17006.397,0.0,0.0,0.0,0.0,242948.528571
1774638,IT,CH,AIRTR,PAPER,0.02,17006.271,3,3,17006.271,0.0,0.0,0.0,0.0,850313.55
1686310,IT,HU,NONME,MEATP,0.03,17004.621,4,4,17004.619,0.0,0.0,0.0,0.002,566820.7
1670969,IT,FI,CHEM1,COLLE,0.04,17004.302,4,4,17004.3,0.0,0.0,0.0,0.002,425107.55
1660228,IT,DE,POSTT,BEVER,0.28,17003.492,3,3,17003.492,0.0,0.0,0.0,0.0,60726.757143
1808160,IT,WF,OILHA,LEADZ,0.1,17003.39,3,3,17003.39,0.0,0.0,0.0,0.0,170033.9
1789409,IT,WA,CHEM1,STEAM,0.04,17000.319,4,4,17000.317,0.0,0.0,0.0,0.002,425007.975
1759560,IT,BR,COMPU,CHEM1,0.19,17000.047,3,3,17000.047,0.0,0.0,0.0,0.0,89473.931579
1649884,IT,BG,FABRI,PIGS9,0.07,16999.271,3,3,16999.271,0.0,0.0,0.0,0.0,242846.728571
1668955,IT,ES,AIRTR,GLASS,0.02,16998.172,3,3,16998.172,0.0,0.0,0.0,0.0,849908.6
1723554,IT,PT,FABRI,RAWMI,0.07,16997.515,3,3,16997.515,0.0,0.0,0.0,0.0,242821.642857
1775617,IT,CH,RECRE,EDUCA,0.22,16996.373,3,3,16996.373,0.0,0.0,0.0,0.0,77256.240909
1802417,IT,WE,AIRTR,BASIC,0.02,16996.2,3,3,16996.2,0.0,0.0,0.0,0.0,849810.0
1666638,IT,ES,CHEM1,WOOD1,0.04,16996.147,4,4,16996.145,0.0,0.0,0.0,0.002,424903.675
1667846,IT,ES,OFFIC,PAPE1,0.05,16996.021,3,3,16996.021,0.0,0.0,0.0,0.0,339920.42
1652674,IT,CZ,WOODW,93197,0.05,16995.412,3,3,16995.412,0.0,0.0,0.0,0.0,339908.24
1781272,IT,NO,CHEMI,MACHI,0.04,16994.566,5,5,16993.564,0.0,0.0,1.0,0.002,424864.15
1804514,IT,WF,GASDI,RADIO,0.03,16994.463,3,3,16994.463,0.0,0.0,0.0,0.0,566482.1
1802338,IT,WE,SEACO,MEATA,0.02,16994.051,3,3,16994.051,0.0,0.0,0.0,0.0,849702.55
1744517,IT,US,REALE,CHEM1,0.72,16993.827,3,3,16993.827,0.0,0.0,0.0,0.0,23602.5375
1733740,IT,SI,LANDT,MEATP,0.11,16993.5,3,3,16993.5,0.0,0.0,0.0,0.0,154486.363636
1786491,IT,ZA,MOTO1,POSTT,0.09,16993.488,3,3,16993.488,0.0,0.0,0.0,0.0,188816.533333
1738787,IT,GB,OFFIC,SEACO,0.05,16993.421,3,3,16993.421,0.0,0.0,0.0,0.0,339868.42
1669001,IT,ES,AIRTR,93197,0.02,16992.797,3,3,16992.797,0.0,0.0,0.0,0.0,849639.85
1668132,IT,ES,SALEM,VEGET,0.14,16992.737,3,3,16992.737,0.0,0.0,0.0,0.0,121376.692857
1796423,IT,WL,WHOLE,TRAN1,0.15,16992.323,3,3,16992.323,0.0,0.0,0.0,0.0,113282.153333
1672652,IT,FR,CRUDE,BIODI,0.03,16992.249,3,3,16992.249,0.0,0.0,0.0,0.0,566408.3
1751115,IT,CN,RETA1,ELECT,0.18,16991.518,3,3,16991.518,0.0,0.0,0.0,0.0,94397.322222
1676457,IT,FR,RETA1,LEATH,0.18,16990.612,3,3,16990.612,0.0,0.0,0.0,0.0,94392.288889
1657147,IT,DE,PLAST,DIST1,0.04,16989.957,4,4,16989.955,0.0,0.0,0.0,0.002,424748.925
1716482,IT,NL,OFFIC,ELECT,0.05,16989.575,3,3,16989.575,0.0,0.0,0.0,0.0,339791.5
1733867,IT,SI,SEACO,PRINT,0.02,16989.513,3,3,16989.513,0.0,0.0,0.0,0.0,849475.65
1791907,IT,WA,TRAN2,LANDT,0.03,16989.262,3,3,16989.262,0.0,0.0,0.0,0.0,566308.733333
1777394,IT,TR,CERAM,RETA1,0.03,16988.66,3,3,16988.66,0.0,0.0,0.0,0.0,566288.666667
1748517,IT,CN,CHEMI,PLAST,0.04,16988.644,5,5,16987.642,0.0,0.0,1.0,0.002,424716.1
1740025,IT,GB,RENTI,DAIRY,0.1,16988.262,3,3,16988.262,0.0,0.0,0.0,0.0,169882.62
1755893,IT,KR,BASIC,DAIRY,0.02,16986.645,3,3,16986.645,0.0,0.0,0.0,0.0,849332.25
1664629,IT,EE,LANDT,PULP5,0.11,16986.548,3,3,16986.548,0.0,0.0,0.0,0.0,154423.163636
1759250,IT,BR,POSTT,MOTOR,0.28,16986.295,3,3,16986.295,0.0,0.0,0.0,0.0,60665.339286
1654408,IT,CZ,WHOLE,PFERT,0.15,16986.058,3,3,16986.058,0.0,0.0,0.0,0.0,113240.386667
1649989,IT,BG,MACHI,WHEAT,0.09,16985.805,3,3,16985.805,0.0,0.0,0.0,0.0,188731.166667
1805903,IT,WF,ALUM1,POSTT,0.03,16985.229,3,3,16985.229,0.0,0.0,0.0,0.0,566174.3
1686347,IT,HU,NONME,RETA1,0.03,16983.647,4,4,16983.645,0.0,0.0,0.0,0.002,566121.566667
1802236,IT,WE,RAILW,REALE,0.11,16983.359,3,3,16983.359,0.0,0.0,0.0,0.0,154394.172727
1789830,IT,WA,CERAM,PRINT,0.03,16982.579,3,3,16982.579,0.0,0.0,0.0,0.0,566085.966667
1676071,IT,FR,ELEC7,TRANS,0.01,16982.556,3,3,16982.556,0.0,0.0,0.0,0.0,1698255.6
1668741,IT,ES,LANDT,LEAD1,0.11,16981.628,3,3,16981.628,0.0,0.0,0.0,0.0,154378.436364
1643636,IT,AT,AIRTR,TRAN1,0.02,16981.444,3,3,16981.444,0.0,0.0,0.0,0.0,849072.2
1778276,IT,TR,SALEM,MEAT1,0.14,16981.382,3,3,16981.382,0.0,0.0,0.0,0.0,121295.585714
1792060,IT,WA,AIRTR,NAPHT,0.02,16981.105,3,3,16981.105,0.0,0.0,0.0,0.0,849055.25
1746480,IT,JP,CERAM,PRINT,0.03,16980.865,3,3,16980.865,0.0,0.0,0.0,0.0,566028.833333
1767235,IT,RU,HOTEL,BITUM,0.12,16977.824,3,3,16977.824,0.0,0.0,0.0,0.0,141481.866667
1780104,IT,TW,HOTEL,POULT,0.12,16977.355,3,3,16977.355,0.0,0.0,0.0,0.0,141477.958333
1757507,IT,BR,PAPER,RECRE,0.07,16977.107,4,4,16977.105,0.0,0.0,0.0,0.002,242530.1
1681731,IT,HR,CRUDE,CHEM1,0.03,16976.658,3,3,16976.658,0.0,0.0,0.0,0.0,565888.6
1741518,IT,US,KEROS,ELEC1,0.03,16976.369,3,3,16976.369,0.0,0.0,0.0,0.0,565878.966667
1666894,IT,ES,GLASS,ELEC1,0.05,16975.069,3,3,16975.069,0.0,0.0,0.0,0.0,339501.38
1803963,IT,WF,LEATH,IRONO,0.12,16975.0,4,4,16974.997,0.0,0.0,0.0,0.003,141458.333333
1807924,IT,WF,PLAS1,MEAT1,0.06,16974.938,3,3,16974.938,0.0,0.0,0.0,0.0,282915.633333
1811274,IT,WM,BITU1,WEARI,0.03,16974.447,3,3,16974.447,0.0,0.0,0.0,0.0,565814.9
1789053,IT,WA,NAPHT,COKE1,0.03,16973.185,3,3,16973.185,0.0,0.0,0.0,0.0,565772.833333
1766266,IT,RU,CERAM,MACHI,0.03,16972.525,3,3,16972.525,0.0,0.0,0.0,0.0,565750.833333
1682959,IT,HR,PLAST,MACHI,0.04,16972.395,4,4,16972.393,0.0,0.0,0.0,0.002,424309.875
1674455,IT,FR,BIODI,SUGAR,0.04,16972.156,4,4,16972.154,0.0,0.0,0.0,0.002,424303.9
1775631,IT,CH,93197,MACHI,0.11,16972.095,4,4,16972.093,0.0,0.0,0.0,0.002,154291.772727
1663629,IT,DK,BUSIN,MOTO1,0.17,16971.547,3,3,16971.547,0.0,0.0,0.0,0.0,99832.629412
1775208,IT,CH,RESEA,HOTEL,0.09,16971.211,3,3,16971.211,0.0,0.0,0.0,0.0,188569.011111
1653915,IT,CZ,FABRI,EDUCA,0.07,16971.034,3,3,16971.034,0.0,0.0,0.0,0.0,242443.342857
1730004,IT,SE,SALEM,POSTT,0.14,16970.948,3,3,16970.948,0.0,0.0,0.0,0.0,121221.057143
1710592,IT,LU,CEREA,RAWMI,0.03,16969.605,3,3,16969.605,0.0,0.0,0.0,0.0,565653.5
1654635,IT,CZ,LANDT,TOBAC,0.11,16969.152,3,3,16969.152,0.0,0.0,0.0,0.0,154265.018182
1660001,IT,DE,SEACO,93197,0.02,16968.553,3,3,16968.553,0.0,0.0,0.0,0.0,848427.65
1712200,IT,LV,PAPER,PIGS9,0.07,16968.348,4,4,16968.346,0.0,0.0,0.0,0.002,242404.971429
1677838,IT,FR,BUSIN,PIGS9,0.17,16968.274,3,3,16968.274,0.0,0.0,0.0,0.0,99813.376471
1659986,IT,DE,SEACO,STEAM,0.02,16968.007,3,3,16968.007,0.0,0.0,0.0,0.0,848400.35
1763724,IT,MX,RUBBE,MEMBE,0.06,16967.69,4,4,16967.688,0.0,0.0,0.0,0.002,282794.833333
1799511,IT,WE,PAPER,COMPU,0.07,16966.897,4,4,16966.895,0.0,0.0,0.0,0.002,242384.242857
1652667,IT,CZ,WOODW,SEWAG,0.05,16966.676,3,3,16966.676,0.0,0.0,0.0,0.0,339333.52
1743088,IT,US,MOTO1,MEAT4,0.09,16965.142,3,3,16965.142,0.0,0.0,0.0,0.0,188501.577778
1791306,IT,WA,CONST,RESEA,0.09,16964.163,3,3,16964.163,0.0,0.0,0.0,0.0,188490.7
1781187,IT,NO,VEGET,FISHF,0.06,16963.414,3,3,16963.414,0.0,0.0,0.0,0.0,282723.566667
1756064,IT,KR,FABRI,HEAVY,0.07,16962.032,3,3,16962.032,0.0,0.0,0.0,0.0,242314.742857
1751522,IT,CN,SUPPO,SALEM,0.12,16960.669,3,3,16960.669,0.0,0.0,0.0,0.0,141338.908333
1790406,IT,WA,LEAD1,BIOGA,0.03,16960.136,3,3,16960.136,0.0,0.0,0.0,0.0,565337.866667
1681905,IT,HR,DAIRY,RETA1,0.07,16958.996,3,3,16958.996,0.0,0.0,0.0,0.0,242271.371429
1754446,IT,CA,COMPU,COMPU,0.19,16958.584,3,3,16958.584,0.0,0.0,0.0,0.0,89255.705263
1733621,IT,SI,HOTEL,CEMEN,0.12,16958.233,3,3,16958.233,0.0,0.0,0.0,0.0,141318.608333
1742745,IT,US,FABRI,LIQUE,0.07,16957.435,3,3,16957.435,0.0,0.0,0.0,0.0,242249.071429
1731855,IT,SI,PRINT,CHEM1,0.16,16956.354,3,3,16956.354,0.0,0.0,0.0,0.0,105977.2125
1726223,IT,RO,NONME,PFERT,0.03,16956.026,4,4,16956.024,0.0,0.0,0.0,0.002,565200.866667
1792674,IT,WA,RESEA,SALEM,0.09,16955.467,3,3,16955.467,0.0,0.0,0.0,0.0,188394.077778
1726451,IT,RO,FABRI,BRICK,0.07,16954.36,3,3,16954.36,0.0,0.0,0.0,0.0,242205.142857
1747841,IT,JP,RENTI,CROPS,0.1,16953.026,3,3,16953.026,0.0,0.0,0.0,0.0,169530.26
1795740,IT,WL,MACHI,ALUMI,0.09,16952.291,3,3,16952.291,0.0,0.0,0.0,0.0,188358.788889
1804372,IT,WF,KEROS,MEATP,0.03,16952.074,3,3,16952.074,0.0,0.0,0.0,0.0,565069.133333
1730912,IT,SE,INTER,BEVER,0.1,16951.36,3,3,16951.36,0.0,0.0,0.0,0.0,169513.6
1659421,IT,DE,WHOLE,OFFIC,0.15,16950.822,3,3,16950.822,0.0,0.0,0.0,0.0,113005.48
1679772,IT,GR,BASIC,EDUCA,0.02,16950.678,3,3,16950.678,0.0,0.0,0.0,0.0,847533.9
1655648,IT,DE,CHEMI,MEATP,0.04,16950.264,5,5,16949.262,0.0,0.0,1.0,0.002,423756.6
1659324,IT,DE,RETAI,CERAM,0.13,16950.047,3,3,16950.047,0.0,0.0,0.0,0.0,130384.976923
1810729,IT,WM,MOTOR,DIST1,0.03,16949.655,3,3,16949.655,0.0,0.0,0.0,0.0,564988.5
1793466,IT,WL,SANDC,CHARC,0.04,16949.118,4,4,16945.118,0.0,0.0,4.0,0.0,423727.95
1760647,IT,IN,PULP5,TRAN2,0.05,16948.767,4,4,16948.765,0.0,0.0,0.0,0.002,338975.34
1713749,IT,MT,OFFIC,TRAN1,0.05,16948.256,3,3,16948.256,0.0,0.0,0.0,0.0,338965.12
1657437,IT,DE,RUBBE,LEAD1,0.06,16947.736,4,4,16947.734,0.0,0.0,0.0,0.002,282462.266667
1716256,IT,NL,COPP1,TRANS,0.04,16946.002,3,3,16946.002,0.0,0.0,0.0,0.0,423650.05
1656204,IT,DE,TEXTI,MEDIC,0.1,16945.783,4,4,16945.781,0.0,0.0,0.0,0.002,169457.83
1802474,IT,WE,SUPPO,RAILW,0.12,16945.714,3,3,16945.714,0.0,0.0,0.0,0.0,141214.283333
1753352,IT,CA,PREC1,CHEMI,0.03,16945.505,3,3,16945.505,0.0,0.0,0.0,0.0,564850.166667
1654761,IT,CZ,AIRTR,FINAN,0.02,16945.394,3,3,16945.394,0.0,0.0,0.0,0.0,847269.7
1654492,IT,CZ,HOTEL,BEVER,0.12,16944.416,3,3,16944.416,0.0,0.0,0.0,0.0,141203.466667
1680883,IT,GR,LANDT,PFERT,0.11,16944.195,3,3,16944.195,0.0,0.0,0.0,0.0,154038.136364
1774846,IT,CH,POSTT,93197,0.28,16944.178,3,3,16944.178,0.0,0.0,0.0,0.0,60514.921429
1783601,IT,NO,FOOD2,HEALT,0.1,16943.279,3,3,16943.279,0.0,0.0,0.0,0.0,169432.79
1813097,IT,WM,MOTO1,CROPS,0.09,16943.122,3,3,16943.122,0.0,0.0,0.0,0.0,188256.911111
1647073,IT,BE,HOTEL,BEVER,0.12,16942.771,3,3,16942.771,0.0,0.0,0.0,0.0,141189.758333
1714494,IT,NL,CRUDE,SUGAR,0.03,16942.575,3,3,16942.575,0.0,0.0,0.0,0.0,564752.5
1650083,IT,BG,MACHI,INSUR,0.09,16942.569,3,3,16942.569,0.0,0.0,0.0,0.0,188250.766667
1774641,IT,CH,AIRTR,GASDI,0.02,16942.46,3,3,16942.46,0.0,0.0,0.0,0.0,847123.0
1733819,IT,SI,LANDT,WASTE,0.11,16941.704,3,3,16941.704,0.0,0.0,0.0,0.0,154015.490909
1749237,IT,CN,PAPER,LIQUE,0.07,16940.779,4,4,16940.777,0.0,0.0,0.0,0.002,242011.128571
1777717,IT,TR,COPP1,HOTEL,0.04,16939.933,3,3,16939.933,0.0,0.0,0.0,0.0,423498.325
1679140,IT,GR,PAPER,DISTR,0.07,16939.817,4,4,16939.815,0.0,0.0,0.0,0.002,241997.385714
1791421,IT,WA,WHOLE,FOOD5,0.15,16939.606,3,3,16939.606,0.0,0.0,0.0,0.0,112930.706667
1766067,IT,RU,RUBBE,CEREA,0.06,16939.27,4,4,16939.268,0.0,0.0,0.0,0.002,282321.166667
1781378,IT,NO,DAIRY,COMPU,0.07,16938.169,3,3,16938.169,0.0,0.0,0.0,0.0,241973.842857
1738770,IT,GB,OFFIC,CEMEN,0.05,16938.156,3,3,16938.156,0.0,0.0,0.0,0.0,338763.12
1642524,IT,AT,COPP1,PREC1,0.04,16938.044,3,3,16938.044,0.0,0.0,0.0,0.0,423451.1
1785265,IT,ZA,TEXTI,SUPPO,0.1,16937.828,4,4,16937.826,0.0,0.0,0.0,0.002,169378.28
1727926,IT,SE,VEGET,REALE,0.06,16937.534,3,3,16937.534,0.0,0.0,0.0,0.0,282292.233333
1666308,IT,ES,LIQUE,NUCLE,0.03,16937.517,3,3,16937.517,0.0,0.0,0.0,0.0,564583.9
1684093,IT,HR,HOTEL,AUXIL,0.12,16933.915,3,3,16933.915,0.0,0.0,0.0,0.0,141115.958333
1761391,IT,IN,NONME,RUBBE,0.03,16933.453,4,4,16933.451,0.0,0.0,0.0,0.002,564448.433333
1799407,IT,WE,PAPER,CROPS,0.07,16932.609,4,4,16932.607,0.0,0.0,0.0,0.002,241894.414286
1807604,IT,WF,RESEA,CATTL,0.09,16932.555,3,3,16932.555,0.0,0.0,0.0,0.0,188139.5
1673963,IT,FR,KEROS,PIGS9,0.03,16931.895,3,3,16931.895,0.0,0.0,0.0,0.0,564396.5
1777259,IT,TR,RUBBE,ELE11,0.06,16931.581,4,4,16931.579,0.0,0.0,0.0,0.002,282193.016667
1677843,IT,FR,BUSIN,FORES,0.17,16930.541,3,3,16930.541,0.0,0.0,0.0,0.0,99591.417647
1719235,IT,PL,CHEM1,MEAT4,0.04,16930.083,4,4,16930.081,0.0,0.0,0.0,0.002,423252.075
1741266,IT,US,PAPER,PROCE,0.07,16929.79,4,4,16929.788,0.0,0.0,0.0,0.002,241854.142857
1687769,IT,HU,SUPPO,EDUCA,0.12,16929.505,3,3,16929.505,0.0,0.0,0.0,0.0,141079.208333
1781441,IT,NO,FOOD5,FOOD2,0.08,16929.194,4,4,16929.192,0.0,0.0,0.0,0.002,211614.925
1645341,IT,BE,GASDI,HOTEL,0.03,16928.629,3,3,16928.629,0.0,0.0,0.0,0.0,564287.633333
1657727,IT,DE,CEMEN,OFFIC,0.03,16927.56,3,3,16927.56,0.0,0.0,0.0,0.0,564252.0
1790887,IT,WA,OFFIC,NATU1,0.05,16927.503,3,3,16927.503,0.0,0.0,0.0,0.0,338550.06
1716987,IT,NL,LANDT,VEGE1,0.11,16927.487,3,3,16927.487,0.0,0.0,0.0,0.0,153886.245455
1785375,IT,ZA,WOODW,PUBLI,0.05,16926.468,3,3,16926.468,0.0,0.0,0.0,0.0,338529.36
1790032,IT,WA,NONME,HOTEL,0.03,16926.323,4,4,16926.321,0.0,0.0,0.0,0.002,564210.766667
1738546,IT,GB,FABRI,MEATC,0.07,16926.006,3,3,16926.006,0.0,0.0,0.0,0.0,241800.085714
1642761,IT,AT,MACHI,ELEC5,0.09,16925.368,3,3,16925.368,0.0,0.0,0.0,0.0,188059.644444
1677798,IT,FR,COMPU,SEACO,0.19,16924.149,3,3,16924.149,0.0,0.0,0.0,0.0,89074.468421
1717891,IT,PL,CATTL,FOOD5,0.04,16923.84,3,3,16923.84,0.0,0.0,0.0,0.0,423096.0
1806104,IT,WF,FABRI,VEGE1,0.07,16923.752,3,3,16923.752,0.0,0.0,0.0,0.0,241767.885714
1669930,IT,ES,EDUCA,GASDI,0.42,16922.436,3,3,16922.436,0.0,0.0,0.0,0.0,40291.514286
1726531,IT,RO,OFFIC,WHEAT,0.05,16921.901,3,3,16921.901,0.0,0.0,0.0,0.0,338438.02
1734470,IT,SK,STONE,CONST,0.05,16919.314,4,4,16918.314,0.0,0.0,1.0,0.0,338386.28
1689898,IT,IE,AUXIL,OFFIC,0.31,16919.101,3,3,16919.101,0.0,0.0,0.0,0.0,54577.745161
1715276,IT,NL,PAPER,BIODI,0.07,16918.891,4,4,16918.889,0.0,0.0,0.0,0.002,241698.442857
1684065,IT,HR,HOTEL,MEDIC,0.12,16918.668,3,3,16918.668,0.0,0.0,0.0,0.0,140988.9
1674459,IT,FR,BIODI,RAWMI,0.03,16918.282,4,4,16918.28,0.0,0.0,0.0,0.002,563942.733333
1813900,IT,WM,LANDT,RETAI,0.11,16917.602,3,3,16917.602,0.0,0.0,0.0,0.0,153796.381818
1728143,IT,SE,DAIRY,VEGE1,0.07,16916.767,3,3,16916.767,0.0,0.0,0.0,0.0,241668.1
1777345,IT,TR,GLASS,ELEC4,0.05,16916.199,3,3,16916.199,0.0,0.0,0.0,0.0,338323.98
1734728,IT,SK,LEATH,SALEM,0.12,16915.943,4,4,16915.94,0.0,0.0,0.0,0.003,140966.191667
1686602,IT,HU,ALUM1,FOOD2,0.03,16915.031,3,3,16915.031,0.0,0.0,0.0,0.0,563834.366667
1735405,IT,SK,BASIC,MEATP,0.02,16914.855,3,3,16914.855,0.0,0.0,0.0,0.0,845742.75
1803501,IT,WF,VEGE1,NICKE,0.05,16913.279,4,4,16913.275,0.0,0.0,0.0,0.004,338265.58
1762862,IT,IN,PUBLI,BUSIN,0.28,16911.973,3,3,16911.973,0.0,0.0,0.0,0.0,60399.903571
1736761,IT,SK,RENTI,MOTO1,0.1,16911.768,3,3,16911.768,0.0,0.0,0.0,0.0,169117.68
1659118,IT,DE,ELEC7,FABRI,0.01,16911.211,3,3,16911.211,0.0,0.0,0.0,0.0,1691121.1
1709996,IT,LT,ALUM1,WOODW,0.03,16909.464,3,3,16909.464,0.0,0.0,0.0,0.0,563648.8
1711273,IT,LU,TRANS,RAILW,0.1,16909.203,3,3,16909.203,0.0,0.0,0.0,0.0,169092.03
1666086,IT,ES,GASDI,MEATP,0.03,16908.781,3,3,16908.781,0.0,0.0,0.0,0.0,563626.033333
1812053,IT,WM,CERAM,PRINT,0.03,16908.145,3,3,16908.145,0.0,0.0,0.0,0.0,563604.833333
1754433,IT,CA,RENTI,93197,0.1,16907.813,3,3,16907.813,0.0,0.0,0.0,0.0,169078.13
1688162,IT,HU,BUSIN,DISTR,0.17,16907.386,3,3,16907.386,0.0,0.0,0.0,0.0,99455.211765
1688119,IT,HU,BUSIN,BEVER,0.17,16906.994,3,3,16906.994,0.0,0.0,0.0,0.0,99452.905882
1793848,IT,WL,TEXTI,ALUM1,0.1,16906.972,4,4,16906.97,0.0,0.0,0.0,0.002,169069.72
1762033,IT,IN,WHOLE,LANDT,0.15,16906.508,3,3,16906.508,0.0,0.0,0.0,0.0,112710.053333
1737396,IT,GB,TEXTI,MACHI,0.1,16906.47,4,4,16906.468,0.0,0.0,0.0,0.002,169064.7
1795882,IT,WL,OFFIC,RADIO,0.05,16905.433,3,3,16905.433,0.0,0.0,0.0,0.0,338108.66
1749882,IT,CN,RUBBE,SEACO,0.06,16905.399,4,4,16905.397,0.0,0.0,0.0,0.002,281756.65
1644302,IT,BE,FISHF,SUGA1,0.03,16905.097,3,3,16905.097,0.0,0.0,0.0,0.0,563503.233333
1663493,IT,DK,RENTI,OFFIC,0.1,16904.574,3,3,16904.574,0.0,0.0,0.0,0.0,169045.74
1659342,IT,DE,RETAI,WHOLE,0.13,16904.224,3,3,16904.224,0.0,0.0,0.0,0.0,130032.492308
1684687,IT,HU,CEREA,PLAST,0.03,16904.194,3,3,16904.194,0.0,0.0,0.0,0.0,563473.133333
1736185,IT,SK,WHOLE,PLAST,0.15,16904.039,3,3,16904.039,0.0,0.0,0.0,0.0,112693.593333
1737330,IT,GB,BEVER,BIOGA,0.07,16904.038,3,3,16904.038,0.0,0.0,0.0,0.0,241486.257143
1754115,IT,CA,AIRTR,TRAN1,0.02,16902.805,3,3,16902.805,0.0,0.0,0.0,0.0,845140.25
1778402,IT,TR,WHOLE,RAWMI,0.15,16901.629,3,3,16901.629,0.0,0.0,0.0,0.0,112677.526667
1643602,IT,AT,AIRTR,PAPER,0.02,16900.97,3,3,16900.97,0.0,0.0,0.0,0.0,845048.5
1727683,IT,RO,RENTI,FOOD4,0.1,16900.708,3,3,16900.708,0.0,0.0,0.0,0.0,169007.08
1662624,IT,DK,MACHI,MEATA,0.09,16897.209,3,3,16897.209,0.0,0.0,0.0,0.0,187746.766667
1731158,IT,SI,STONE,REALE,0.05,16896.669,4,4,16895.669,0.0,0.0,1.0,0.0,337933.38
1789157,IT,WA,PLAST,NICKE,0.04,16896.607,4,4,16896.605,0.0,0.0,0.0,0.002,422415.175
1750950,IT,CN,CONST,PUBLI,0.09,16895.476,3,3,16895.476,0.0,0.0,0.0,0.0,187727.511111
1660755,IT,DE,RENTI,OILHA,0.1,16894.389,3,3,16894.389,0.0,0.0,0.0,0.0,168943.89
1644515,IT,BE,DAIRY,RETA1,0.07,16894.353,3,3,16894.353,0.0,0.0,0.0,0.0,241347.9
1643376,IT,AT,RAILW,INTER,0.11,16894.233,3,3,16894.233,0.0,0.0,0.0,0.0,153583.936364
1723451,IT,PT,PREC1,FOOD3,0.03,16894.12,3,3,16894.12,0.0,0.0,0.0,0.0,563137.333333
1794515,IT,WL,GASDI,MEMBE,0.03,16894.042,3,3,16894.042,0.0,0.0,0.0,0.0,563134.733333
1788723,IT,WA,MOTOR,CHEM1,0.03,16894.032,3,3,16894.032,0.0,0.0,0.0,0.0,563134.4
1777231,IT,TR,RUBBE,BIODI,0.06,16893.374,4,4,16893.372,0.0,0.0,0.0,0.002,281556.233333
1799119,IT,WE,WEARI,FISH5,0.13,16893.229,4,4,16893.226,0.0,0.0,0.0,0.003,129947.915385
1755887,IT,KR,NONME,BUSIN,0.03,16892.047,4,4,16892.045,0.0,0.0,0.0,0.002,563068.233333
1793214,IT,WA,PRIVA,CROPS,3.77,16891.967,4,4,16891.964,0.0,0.0,0.0,0.003,4480.627851
1756607,IT,KR,RAILW,BASIC,0.11,16891.181,3,3,16891.181,0.0,0.0,0.0,0.0,153556.190909
1717227,IT,NL,SUPPO,REALE,0.12,16890.933,3,3,16890.933,0.0,0.0,0.0,0.0,140757.775
1791773,IT,WA,RAILW,RESEA,0.11,16889.831,3,3,16889.831,0.0,0.0,0.0,0.0,153543.918182
1640843,IT,AT,LEATH,CATTL,0.12,16889.056,4,4,16889.053,0.0,0.0,0.0,0.003,140742.133333
1680676,IT,GR,WHOLE,MOTO1,0.15,16889.008,3,3,16889.008,0.0,0.0,0.0,0.0,112593.386667
1668648,IT,ES,RAILW,HOTEL,0.11,16888.877,3,3,16888.877,0.0,0.0,0.0,0.0,153535.245455
1682188,IT,HR,WEARI,TEXTI,0.13,16887.842,4,4,16887.839,0.0,0.0,0.0,0.003,129906.476923
1690061,IT,IE,RENTI,RUBBE,0.1,16887.802,3,3,16887.802,0.0,0.0,0.0,0.0,168878.02
1794894,IT,WL,CHEM1,ANIMA,0.04,16887.415,4,4,16887.413,0.0,0.0,0.0,0.002,422185.375
1797322,IT,WL,AUXIL,PUBLI,0.31,16887.319,3,3,16887.319,0.0,0.0,0.0,0.0,54475.222581
1718646,IT,PL,WOODW,VEGET,0.05,16887.237,3,3,16887.237,0.0,0.0,0.0,0.0,337744.74
1720932,IT,PL,RETAI,MOTO1,0.13,16886.102,3,3,16886.102,0.0,0.0,0.0,0.0,129893.092308
1810404,IT,WM,PULP5,NATUR,0.05,16885.452,4,4,16885.45,0.0,0.0,0.0,0.002,337709.04
1783286,IT,NO,FOODW,WHOLE,0.12,16884.584,3,3,16884.584,0.0,0.0,0.0,0.0,140704.866667
1720077,IT,PL,ALUM1,PLAS1,0.03,16883.888,3,3,16883.888,0.0,0.0,0.0,0.0,562796.266667
1668995,IT,ES,AIRTR,FOOD2,0.02,16883.83,3,3,16883.83,0.0,0.0,0.0,0.0,844191.5
1669736,IT,ES,BUSIN,SANDC,0.17,16883.175,3,3,16883.175,0.0,0.0,0.0,0.0,99312.794118
1662861,IT,DK,WHOLE,BEVER,0.15,16883.096,3,3,16883.096,0.0,0.0,0.0,0.0,112553.973333
1735950,IT,SK,MOTO1,BASIC,0.09,16882.65,3,3,16882.65,0.0,0.0,0.0,0.0,187585.0
1689977,IT,IE,REALE,CEMEN,0.71,16880.788,3,3,16880.788,0.0,0.0,0.0,0.0,23775.757746
1664425,IT,EE,MACHI,FURNI,0.09,16880.189,3,3,16880.189,0.0,0.0,0.0,0.0,187557.655556
1731886,IT,SI,PRINT,REALE,0.16,16878.973,3,3,16878.973,0.0,0.0,0.0,0.0,105493.58125
1662476,IT,DK,ALUM1,SALEM,0.03,16877.882,3,3,16877.882,0.0,0.0,0.0,0.0,562596.066667
1661274,IT,DK,OILSE,DAIRY,0.01,16877.227,3,3,16877.227,0.0,0.0,0.0,0.0,1687722.7
1780802,IT,TW,COMPU,FOOD5,0.19,16876.518,3,3,16876.518,0.0,0.0,0.0,0.0,88823.778947
1644374,IT,BE,CHEMI,RENTI,0.04,16876.217,5,5,16875.215,0.0,0.0,1.0,0.002,421905.425
1720257,IT,PL,FABRI,CRUDE,0.07,16875.461,3,3,16875.461,0.0,0.0,0.0,0.0,241078.014286
1761854,IT,IN,MOTO1,SUPPO,0.09,16875.397,3,3,16875.397,0.0,0.0,0.0,0.0,187504.411111
1665069,IT,ES,MEAT4,POSTT,0.09,16873.716,3,3,16873.716,0.0,0.0,0.0,0.0,187485.733333
1683098,IT,HR,RUBBE,BASIC,0.06,16872.873,4,4,16872.871,0.0,0.0,0.0,0.002,281214.55
1764728,IT,MX,HOTEL,FOUND,0.12,16872.86,3,3,16872.86,0.0,0.0,0.0,0.0,140607.166667
1797809,IT,WL,OILHA,PUBLI,0.1,16872.393,3,3,16872.393,0.0,0.0,0.0,0.0,168723.93
1712400,IT,LV,CERAM,HOTEL,0.03,16871.897,3,3,16871.897,0.0,0.0,0.0,0.0,562396.566667
1678645,IT,GR,MEATC,REALE,0.06,16871.721,3,3,16871.721,0.0,0.0,0.0,0.0,281195.35
1813750,IT,WM,HOTEL,FABRI,0.12,16871.632,3,3,16871.632,0.0,0.0,0.0,0.0,140596.933333
1743548,IT,US,HOTEL,MEATA,0.12,16871.263,3,3,16871.263,0.0,0.0,0.0,0.0,140593.858333
1709980,IT,LT,PREC1,RADIO,0.03,16870.87,3,3,16870.87,0.0,0.0,0.0,0.0,562362.333333
1779747,IT,TR,BUSIN,CERAM,0.17,16870.619,3,3,16870.619,0.0,0.0,0.0,0.0,99238.935294
1658911,IT,DE,FURNI,NONME,0.05,16870.458,3,3,16870.458,0.0,0.0,0.0,0.0,337409.16
1686283,IT,HU,CERAM,PAPE4,0.03,16870.251,3,3,16870.251,0.0,0.0,0.0,0.0,562341.7
1806765,IT,WF,RETA1,PADDY,0.18,16868.554,3,3,16868.554,0.0,0.0,0.0,0.0,93714.188889
1793793,IT,WL,TEXTI,OILSE,0.1,16867.562,4,4,16867.56,0.0,0.0,0.0,0.002,168675.62
1786906,IT,ZA,AIRTR,PLAST,0.02,16866.545,3,3,16866.545,0.0,0.0,0.0,0.0,843327.25
1766376,IT,RU,BASIC,TEXTI,0.02,16865.978,3,3,16865.978,0.0,0.0,0.0,0.0,843298.9
1664401,IT,EE,MACHI,COKEO,0.09,16865.692,3,3,16865.692,0.0,0.0,0.0,0.0,187396.577778
1803107,IT,WF,VEGET,CHEMI,0.06,16865.231,3,3,16865.231,0.0,0.0,0.0,0.0,281087.183333
1661908,IT,DK,PRINT,ELECT,0.16,16863.219,3,3,16863.219,0.0,0.0,0.0,0.0,105395.11875
1675217,IT,FR,FABRI,MEAT1,0.07,16862.23,3,3,16862.23,0.0,0.0,0.0,0.0,240889.0
1769633,IT,AU,FABRI,PFERT,0.07,16861.719,3,3,16861.719,0.0,0.0,0.0,0.0,240881.7
1771359,IT,CH,PROCE,HOTEL,0.11,16861.292,3,3,16861.292,0.0,0.0,0.0,0.0,153284.472727
1789928,IT,WA,CEMEN,PLAST,0.03,16861.225,3,3,16861.225,0.0,0.0,0.0,0.0,562040.833333
1766184,IT,RU,RUBBE,PLAS2,0.06,16860.809,4,4,16860.807,0.0,0.0,0.0,0.002,281013.483333
1755781,IT,KR,CERAM,PAPER,0.03,16860.802,3,3,16860.802,0.0,0.0,0.0,0.0,562026.733333
1767367,IT,RU,LANDT,VEGET,0.11,16860.609,3,3,16860.609,0.0,0.0,0.0,0.0,153278.263636
1733367,IT,SI,TRANS,LANDT,0.1,16860.518,3,3,16860.518,0.0,0.0,0.0,0.0,168605.18
1758147,IT,BR,NONME,CRUDE,0.03,16859.468,4,4,16859.466,0.0,0.0,0.0,0.002,561982.266667
1652976,IT,CZ,NONSP,GASDI,0.02,16859.221,3,3,16859.221,0.0,0.0,0.0,0.0,842961.05
1669583,IT,ES,REALE,COMPU,0.71,16858.921,3,3,16858.921,0.0,0.0,0.0,0.0,23744.959155
1652294,IT,CZ,BEVER,MOTOR,0.07,16858.836,3,3,16858.836,0.0,0.0,0.0,0.0,240840.514286
1757747,IT,BR,NONSP,WOODW,0.02,16858.588,3,3,16858.588,0.0,0.0,0.0,0.0,842929.4
1664950,IT,ES,SANDC,WOODW,0.04,16857.578,4,4,16853.578,0.0,0.0,4.0,0.0,421439.45
1646675,IT,BE,FURNI,OFFIC,0.05,16857.388,3,3,16857.388,0.0,0.0,0.0,0.0,337147.76
1775994,IT,TR,TOBAC,TOBAC,0.07,16856.488,3,3,16856.488,0.0,0.0,0.0,0.0,240806.971429
1721455,IT,PL,AIRTR,SALEM,0.02,16856.178,3,3,16856.178,0.0,0.0,0.0,0.0,842808.9
1782479,IT,NO,MACHI,AIRTR,0.09,16855.934,3,3,16855.934,0.0,0.0,0.0,0.0,187288.155556
1765165,IT,MX,BUSIN,PREC1,0.17,16855.619,3,3,16855.619,0.0,0.0,0.0,0.0,99150.7
1745995,IT,JP,PAPER,FOOD5,0.07,16854.893,4,4,16854.891,0.0,0.0,0.0,0.002,240784.185714
1649681,IT,BG,CEMEN,TEXTI,0.03,16854.492,3,3,16854.492,0.0,0.0,0.0,0.0,561816.4
1801012,IT,WE,LEAD1,NATUR,0.03,16854.096,3,3,16854.096,0.0,0.0,0.0,0.0,561803.2
1795455,IT,WL,PREC1,CERAM,0.03,16853.926,3,3,16853.926,0.0,0.0,0.0,0.0,561797.533333
1752947,IT,CA,PLAST,MACHI,0.04,16853.431,4,4,16853.429,0.0,0.0,0.0,0.002,421335.775
1648012,IT,BE,COMPU,KEROS,0.19,16853.085,3,3,16853.085,0.0,0.0,0.0,0.0,88700.447368
1810573,IT,WM,PAPER,RENTI,0.07,16853.065,4,4,16853.063,0.0,0.0,0.0,0.002,240758.071429
1762687,IT,IN,BUSIN,CEREA,0.17,16852.954,3,3,16852.954,0.0,0.0,0.0,0.0,99135.023529
1796815,IT,WL,SEACO,CEREA,0.02,16852.934,3,3,16852.934,0.0,0.0,0.0,0.0,842646.7
1790650,IT,WA,FABRI,LUBRI,0.07,16850.954,3,3,16850.954,0.0,0.0,0.0,0.0,240727.914286
1667982,IT,ES,TRANS,RETAI,0.1,16850.849,3,3,16850.849,0.0,0.0,0.0,0.0,168508.49
1751620,IT,CN,POSTT,RESEA,0.28,16850.11,3,3,16850.11,0.0,0.0,0.0,0.0,60178.964286
1744639,IT,US,RENTI,FOOD4,0.1,16849.922,3,3,16849.922,0.0,0.0,0.0,0.0,168499.22
1774554,IT,CH,SEACO,MEATC,0.02,16849.744,3,3,16849.744,0.0,0.0,0.0,0.0,842487.2
1721365,IT,PL,SEACO,SUGA1,0.02,16849.373,3,3,16849.373,0.0,0.0,0.0,0.0,842468.65
1645898,IT,BE,GLASS,FOOD1,0.05,16847.539,3,3,16847.539,0.0,0.0,0.0,0.0,336950.78
1814470,IT,WM,COMPU,AUXIL,0.19,16847.178,3,3,16847.178,0.0,0.0,0.0,0.0,88669.357895
1731028,IT,SE,INERT,FOOD5,0.12,16847.128,3,3,16847.128,0.0,0.0,0.0,0.0,140392.733333
1709848,IT,LT,GLASS,RAWMI,0.05,16846.332,3,3,16846.332,0.0,0.0,0.0,0.0,336926.64
1640697,IT,AT,FISH5,RESEA,0.07,16845.753,4,4,16845.744,0.0,0.0,0.0,0.009,240653.614286
1654684,IT,CZ,LANDT,ELEC8,0.11,16845.329,3,3,16845.329,0.0,0.0,0.0,0.0,153139.354545
1784850,IT,ID,SEACO,ELECT,0.02,16844.659,3,3,16844.659,0.0,0.0,0.0,0.0,842232.95
1687375,IT,HU,HOTEL,BIOGA,0.12,16843.829,3,3,16843.829,0.0,0.0,0.0,0.0,140365.241667
1783612,IT,NO,FOOD2,FOOD4,0.1,16843.199,3,3,16843.199,0.0,0.0,0.0,0.0,168431.99
1661219,IT,DK,CEREA,CEREA,0.03,16843.099,3,3,16843.099,0.0,0.0,0.0,0.0,561436.633333
1718487,IT,PL,TEXTI,BASIC,0.1,16842.602,4,4,16842.6,0.0,0.0,0.0,0.002,168426.02
1716289,IT,NL,FABRI,TEXTI,0.07,16840.99,3,3,16840.99,0.0,0.0,0.0,0.0,240585.571429
1739100,IT,GB,WHOLE,NFERT,0.15,16840.575,3,3,16840.575,0.0,0.0,0.0,0.0,112270.5
1690192,IT,IE,BUSIN,NUCLE,0.17,16840.505,3,3,16840.505,0.0,0.0,0.0,0.0,99061.794118
1806053,IT,WF,COPP1,HEALT,0.04,16840.393,3,3,16840.393,0.0,0.0,0.0,0.0,421009.825
1655972,IT,DE,FOOD5,PRINT,0.08,16840.106,4,4,16840.104,0.0,0.0,0.0,0.002,210501.325
1771448,IT,CH,BEVER,TOBAC,0.07,16839.876,3,3,16839.876,0.0,0.0,0.0,0.0,240569.657143
1726224,IT,RO,NONME,GLASS,0.03,16839.16,4,4,16839.158,0.0,0.0,0.0,0.002,561305.333333
1739351,IT,GB,RAILW,GASDI,0.11,16837.023,3,3,16837.023,0.0,0.0,0.0,0.0,153063.845455
1780935,IT,TW,BUSIN,CROPS,0.17,16836.572,3,3,16836.572,0.0,0.0,0.0,0.0,99038.658824
1744712,IT,US,COMPU,RENTI,0.19,16835.952,3,3,16835.952,0.0,0.0,0.0,0.0,88610.273684
1679715,IT,GR,NONME,FABRI,0.03,16835.488,4,4,16835.486,0.0,0.0,0.0,0.002,561182.933333
1747284,IT,JP,WHOLE,NONME,0.15,16834.808,3,3,16834.808,0.0,0.0,0.0,0.0,112232.053333
1814679,IT,WM,PLAS1,CONST,0.06,16834.304,3,3,16834.304,0.0,0.0,0.0,0.0,280571.733333
1650034,IT,BG,MACHI,NAPHT,0.09,16834.239,3,3,16834.239,0.0,0.0,0.0,0.0,187047.1
1780735,IT,TW,REALE,FINAN,0.71,16833.543,3,3,16833.543,0.0,0.0,0.0,0.0,23709.215493
1714083,IT,MT,SEACO,MEATC,0.02,16833.292,3,3,16833.292,0.0,0.0,0.0,0.0,841664.6
1758210,IT,BR,BASIC,LEATH,0.02,16833.195,3,3,16833.195,0.0,0.0,0.0,0.0,841659.75
1799046,IT,WE,TEXTI,OFFIC,0.1,16832.99,4,4,16832.988,0.0,0.0,0.0,0.002,168329.9
1807412,IT,WF,INSUR,IRONO,0.35,16830.338,3,3,16830.338,0.0,0.0,0.0,0.0,48086.68
1753256,IT,CA,CEMEN,CHEMI,0.03,16830.109,3,3,16830.109,0.0,0.0,0.0,0.0,561003.633333
1710891,IT,LU,MOTOR,BUSIN,0.03,16829.752,3,3,16829.752,0.0,0.0,0.0,0.0,560991.733333
1716282,IT,NL,FABRI,VEGE1,0.07,16829.735,3,3,16829.735,0.0,0.0,0.0,0.0,240424.785714
1798283,IT,WE,CROPS,CROPS,0.13,16829.414,3,3,16829.414,0.0,0.0,0.0,0.0,129457.030769
1785781,IT,ZA,PLAST,FOOD3,0.04,16829.142,4,4,16829.14,0.0,0.0,0.0,0.002,420728.55
1734875,IT,SK,PAPER,BLAST,0.07,16827.86,4,4,16827.858,0.0,0.0,0.0,0.002,240398.0
1718269,IT,PL,FOOD5,TEXTI,0.08,16827.845,4,4,16827.843,0.0,0.0,0.0,0.002,210348.0625
1798503,IT,WE,STONE,CATTL,0.05,16827.327,4,4,16826.327,0.0,0.0,1.0,0.0,336546.54
1643259,IT,AT,HOTEL,COLLE,0.12,16826.405,3,3,16826.405,0.0,0.0,0.0,0.0,140220.041667
1798343,IT,WE,CATTL,REALE,0.04,16826.18,3,3,16826.18,0.0,0.0,0.0,0.0,420654.5
1732196,IT,SI,GASDI,TEXT2,0.03,16826.039,3,3,16826.039,0.0,0.0,0.0,0.0,560867.966667
1648325,IT,BE,EDUCA,WHOLE,0.42,16825.449,3,3,16825.449,0.0,0.0,0.0,0.0,40060.592857
1809195,IT,WM,MEATA,INSUR,0.09,16824.776,4,4,16824.773,0.0,0.0,0.0,0.003,186941.955556
1766302,IT,RU,NONME,CEREA,0.03,16824.238,4,4,16824.236,0.0,0.0,0.0,0.002,560807.933333
1776437,IT,TR,MOTOR,ANIMA,0.03,16823.634,3,3,16823.634,0.0,0.0,0.0,0.0,560787.8
1646680,IT,BE,FURNI,ELEC3,0.05,16822.892,3,3,16822.892,0.0,0.0,0.0,0.0,336457.84
1781307,IT,NO,VEGE1,TEXTI,0.05,16821.991,4,4,16821.987,0.0,0.0,0.0,0.004,336439.82
1715593,IT,NL,LIQUE,CEMEN,0.03,16821.708,3,3,16821.708,0.0,0.0,0.0,0.0,560723.6
1642127,IT,AT,CERAM,FOOD5,0.03,16821.577,3,3,16821.577,0.0,0.0,0.0,0.0,560719.233333
1646723,IT,BE,CONST,FOOD5,0.09,16821.404,3,3,16821.404,0.0,0.0,0.0,0.0,186904.488889
1668957,IT,ES,AIRTR,BRICK,0.02,16820.908,3,3,16820.908,0.0,0.0,0.0,0.0,841045.4
1712591,IT,LV,MACHI,COMPU,0.09,16820.048,3,3,16820.048,0.0,0.0,0.0,0.0,186889.422222
1791401,IT,WA,WHOLE,CROPS,0.15,16819.633,3,3,16819.633,0.0,0.0,0.0,0.0,112130.886667
1644894,IT,BE,LEATH,HEAVY,0.12,16819.421,4,4,16819.418,0.0,0.0,0.0,0.003,140161.841667
1644172,IT,AT,RECRE,POSTT,0.21,16818.519,3,3,16818.519,0.0,0.0,0.0,0.0,80088.185714
1768661,IT,AU,TEXTI,PAPER,0.1,16818.037,4,4,16818.035,0.0,0.0,0.0,0.002,168180.37
1668996,IT,ES,AIRTR,FOOD4,0.02,16818.012,3,3,16818.012,0.0,0.0,0.0,0.0,840900.6
1717350,IT,NL,FINAN,TRAN1,0.22,16816.963,3,3,16816.963,0.0,0.0,0.0,0.0,76440.740909
1733906,IT,SI,AIRTR,MACHI,0.02,16816.105,3,3,16816.105,0.0,0.0,0.0,0.0,840805.25
1686297,IT,HU,CEMEN,FURNI,0.03,16815.247,3,3,16815.247,0.0,0.0,0.0,0.0,560508.233333
1670892,IT,FI,PLAST,COMPU,0.04,16812.254,4,4,16812.252,0.0,0.0,0.0,0.002,420306.35
1749509,IT,CN,PETRO,HEAVY,0.03,16812.237,3,3,16812.237,0.0,0.0,0.0,0.0,560407.9
1680899,IT,GR,LANDT,FURNI,0.11,16811.929,3,3,16811.929,0.0,0.0,0.0,0.0,152835.718182
1683772,IT,HR,MACHI,AUXIL,0.09,16811.846,3,3,16811.846,0.0,0.0,0.0,0.0,186798.288889
1649237,IT,BG,GASDI,WHEAT,0.03,16811.602,3,3,16811.602,0.0,0.0,0.0,0.0,560386.733333
1761539,IT,IN,LEAD1,COPP1,0.03,16811.541,3,3,16811.541,0.0,0.0,0.0,0.0,560384.7
1802921,IT,WF,PADDY,NICKE,0.17,16811.23,3,3,16811.23,0.0,0.0,0.0,0.0,98889.588235
1661826,IT,DK,WOODW,RECRE,0.05,16811.154,3,3,16811.154,0.0,0.0,0.0,0.0,336223.08
1811355,IT,WM,PETRO,GASDI,0.03,16810.018,3,3,16810.018,0.0,0.0,0.0,0.0,560333.933333
1764998,IT,MX,FINAN,FINAN,0.22,16809.868,3,3,16809.868,0.0,0.0,0.0,0.0,76408.490909
1689209,IT,IE,RETAI,AIRTR,0.13,16809.482,3,3,16809.482,0.0,0.0,0.0,0.0,129303.707692
1712802,IT,LV,SEACO,RECRE,0.02,16808.839,3,3,16808.839,0.0,0.0,0.0,0.0,840441.95
1753146,IT,CA,RUBBE,POSTT,0.06,16808.656,4,4,16808.654,0.0,0.0,0.0,0.002,280144.266667
1785186,IT,ZA,FOOD5,RESEA,0.08,16808.533,4,4,16808.531,0.0,0.0,0.0,0.002,210106.6625
1772167,IT,CH,GASDI,SUGAR,0.03,16808.452,3,3,16808.452,0.0,0.0,0.0,0.0,560281.733333
1643333,IT,AT,RAILW,CERAM,0.11,16808.148,3,3,16808.148,0.0,0.0,0.0,0.0,152801.345455
1685486,IT,HU,PAPER,CROPS,0.07,16807.367,4,4,16807.365,0.0,0.0,0.0,0.002,240105.242857
1745117,IT,US,EDUCA,PUBLI,0.42,16807.18,3,3,16807.18,0.0,0.0,0.0,0.0,40017.095238
1797306,IT,WL,AUXIL,CONST,0.31,16806.737,3,3,16806.737,0.0,0.0,0.0,0.0,54215.280645
1814404,IT,WM,REALE,CRUDE,0.71,16806.613,3,3,16806.613,0.0,0.0,0.0,0.0,23671.285915
1806975,IT,WF,LANDT,WOODW,0.11,16806.552,3,3,16806.552,0.0,0.0,0.0,0.0,152786.836364
1710963,IT,LU,GLASS,DAIRY,0.05,16806.45,3,3,16806.45,0.0,0.0,0.0,0.0,336129.0
1640307,IT,AT,SANDC,REALE,0.04,16806.212,4,4,16802.212,0.0,0.0,4.0,0.0,420155.3
1758682,IT,BR,CONST,CONST,0.09,16804.554,3,3,16804.554,0.0,0.0,0.0,0.0,186717.266667
1764851,IT,MX,SEACO,COMPU,0.02,16803.887,3,3,16803.887,0.0,0.0,0.0,0.0,840194.35
1738187,IT,GB,CERAM,PFERT,0.03,16803.05,3,3,16803.05,0.0,0.0,0.0,0.0,560101.666667
1657270,IT,DE,CHEM1,STEAM,0.04,16801.15,4,4,16801.148,0.0,0.0,0.0,0.002,420028.75
1765280,IT,RU,VEGE1,FABRI,0.05,16800.742,4,4,16800.738,0.0,0.0,0.0,0.004,336014.84
1735140,IT,SK,RUBBE,CEREA,0.06,16800.664,4,4,16800.662,0.0,0.0,0.0,0.002,280011.066667
1679090,IT,GR,PAPER,FISHF,0.07,16800.252,4,4,16800.25,0.0,0.0,0.0,0.002,240003.6
1755389,IT,KR,KEROS,LUBRI,0.02,16800.113,3,3,16800.113,0.0,0.0,0.0,0.0,840005.65
1732603,IT,SI,GLASS,LEATH,0.05,16799.486,3,3,16799.486,0.0,0.0,0.0,0.0,335989.72
1685200,IT,HU,BEVER,RECRE,0.07,16799.341,3,3,16799.341,0.0,0.0,0.0,0.0,239990.585714
1802131,IT,WE,RETA1,REALE,0.18,16799.13,3,3,16799.13,0.0,0.0,0.0,0.0,93328.5
1804674,IT,WF,LIQUE,PRECI,0.03,16798.895,3,3,16798.895,0.0,0.0,0.0,0.0,559963.166667
1779265,IT,TR,FINAN,BASIC,0.22,16798.889,3,3,16798.889,0.0,0.0,0.0,0.0,76358.586364
1755836,IT,KR,CEMEN,COPPE,0.03,16798.582,3,3,16798.582,0.0,0.0,0.0,0.0,559952.733333
1771300,IT,CH,DAIRY,PLAST,0.07,16798.255,3,3,16798.255,0.0,0.0,0.0,0.0,239975.071429
1659181,IT,DE,CONST,ELEC5,0.09,16797.778,3,3,16797.778,0.0,0.0,0.0,0.0,186641.977778
1746540,IT,JP,NONME,MEDIC,0.03,16797.527,4,4,16797.525,0.0,0.0,0.0,0.002,559917.566667
1660130,IT,DE,AIRTR,WASTE,0.02,16796.529,3,3,16796.529,0.0,0.0,0.0,0.0,839826.45
1783607,IT,NO,FOOD2,WOOD1,0.1,16796.497,3,3,16796.497,0.0,0.0,0.0,0.0,167964.97
1758302,IT,BR,ALUM1,RENTI,0.03,16796.306,3,3,16796.306,0.0,0.0,0.0,0.0,559876.866667
1660836,IT,DE,COMPU,ELEC7,0.19,16796.306,3,3,16796.306,0.0,0.0,0.0,0.0,88401.610526
1793253,IT,WA,PRIVA,WEARI,3.75,16795.957,4,4,16795.954,0.0,0.0,0.0,0.003,4478.921867
1647999,IT,BE,COMPU,DAIRY,0.19,16795.67,3,3,16795.67,0.0,0.0,0.0,0.0,88398.263158
1777571,IT,TR,PREC1,WHOLE,0.03,16795.653,3,3,16795.653,0.0,0.0,0.0,0.0,559855.1
1809064,IT,WM,OILSE,INSUR,0.01,16793.873,3,3,16793.873,0.0,0.0,0.0,0.0,1679387.3
1742362,IT,US,NONME,LIQUE,0.03,16792.647,4,4,16792.645,0.0,0.0,0.0,0.002,559754.9
1766417,IT,RU,BASIC,TRAN1,0.02,16792.204,3,3,16792.204,0.0,0.0,0.0,0.0,839610.2
1785256,IT,ZA,TEXTI,MOTO1,0.1,16791.057,4,4,16791.055,0.0,0.0,0.0,0.002,167910.57
1746068,IT,JP,PRINT,PLAST,0.16,16790.078,3,3,16790.078,0.0,0.0,0.0,0.0,104937.9875
1788311,IT,WA,LEATH,TRAN1,0.12,16789.546,4,4,16789.543,0.0,0.0,0.0,0.003,139912.883333
1735199,IT,SK,RUBBE,MEDIC,0.06,16789.444,4,4,16789.442,0.0,0.0,0.0,0.002,279824.066667
1737873,IT,GB,PLAST,NONF1,0.04,16789.148,4,4,16789.146,0.0,0.0,0.0,0.002,419728.7
1641964,IT,AT,RUBBE,COKEO,0.06,16788.77,4,4,16788.768,0.0,0.0,0.0,0.002,279812.833333
1682044,IT,HR,FISH5,MEATA,0.07,16787.996,4,4,16787.987,0.0,0.0,0.0,0.009,239828.514286
1775444,IT,CH,FOODW,COPP1,0.12,16787.752,3,3,16787.752,0.0,0.0,0.0,0.0,139897.933333
1732982,IT,SI,ALUM1,HEALT,0.03,16787.712,3,3,16787.712,0.0,0.0,0.0,0.0,559590.4
1743022,IT,US,OFFIC,ELEC2,0.05,16787.45,3,3,16787.45,0.0,0.0,0.0,0.0,335749.0
1651326,IT,CY,WOODW,FOOD5,0.05,16787.341,3,3,16787.341,0.0,0.0,0.0,0.0,335746.82
1810070,IT,WM,TEXTI,ELECT,0.1,16786.784,4,4,16786.782,0.0,0.0,0.0,0.002,167867.84
1761192,IT,IN,ADDIT,HEAVY,0.04,16785.963,3,3,16785.963,0.0,0.0,0.0,0.0,419649.075
1710057,IT,LT,FABRI,MEAT1,0.07,16785.84,3,3,16785.84,0.0,0.0,0.0,0.0,239797.714286
1755202,IT,KR,WOODW,PFERT,0.05,16784.508,3,3,16784.508,0.0,0.0,0.0,0.0,335690.16
1640296,IT,AT,SANDC,FABRI,0.04,16784.429,4,4,16780.429,0.0,0.0,4.0,0.0,419610.725
1720820,IT,PL,FURNI,CERAM,0.05,16784.202,3,3,16784.202,0.0,0.0,0.0,0.0,335684.04
1660750,IT,DE,RENTI,PAPE1,0.1,16783.43,3,3,16783.43,0.0,0.0,0.0,0.0,167834.3
1734409,IT,SK,VEGET,NONSP,0.06,16782.097,3,3,16782.097,0.0,0.0,0.0,0.0,279701.616667
1655002,IT,CZ,REALE,MOTOR,0.71,16780.875,3,3,16780.875,0.0,0.0,0.0,0.0,23635.035211
1755496,IT,KR,CHEM1,CATTL,0.04,16780.488,4,4,16780.486,0.0,0.0,0.0,0.002,419512.2
1670594,IT,FI,WEARI,WEARI,0.13,16779.474,4,4,16779.471,0.0,0.0,0.0,0.003,129072.876923
1787673,IT,WA,VEGE1,PLANT,0.05,16779.17,4,4,16779.166,0.0,0.0,0.0,0.004,335583.4
1643221,IT,AT,HOTEL,BIOGA,0.12,16778.912,3,3,16778.912,0.0,0.0,0.0,0.0,139824.266667
1733262,IT,SI,MACHI,HEALT,0.09,16778.65,3,3,16778.65,0.0,0.0,0.0,0.0,186429.444444
1785556,IT,ZA,KEROS,FOOD3,0.02,16778.176,3,3,16778.176,0.0,0.0,0.0,0.0,838908.8
1756534,IT,KR,WHOLE,POSTT,0.14,16777.903,3,3,16777.903,0.0,0.0,0.0,0.0,119842.164286
1675159,IT,FR,COPP1,TEXT1,0.04,16777.811,3,3,16777.811,0.0,0.0,0.0,0.0,419445.275
1740714,IT,US,CHEMI,DIST1,0.04,16777.172,5,5,16776.17,0.0,0.0,1.0,0.002,419429.3
1744562,IT,US,REALE,INSUR,0.71,16776.88,3,3,16776.88,0.0,0.0,0.0,0.0,23629.408451
1668697,IT,ES,LANDT,DAIRY,0.11,16776.614,3,3,16776.614,0.0,0.0,0.0,0.0,152514.672727
1664092,IT,EE,CHEM1,RETA1,0.04,16776.537,4,4,16776.535,0.0,0.0,0.0,0.002,419413.425
1725891,IT,RO,HEAVY,OFFIC,0.03,16776.331,3,3,16776.331,0.0,0.0,0.0,0.0,559211.033333
1674962,IT,FR,BASIC,PAPE2,0.02,16776.115,3,3,16776.115,0.0,0.0,0.0,0.0,838805.75
1663168,IT,DK,LANDT,ALUM1,0.11,16775.673,3,3,16775.673,0.0,0.0,0.0,0.0,152506.118182
1758829,IT,BR,RETA1,93197,0.18,16775.255,3,3,16775.255,0.0,0.0,0.0,0.0,93195.861111
1730114,IT,SE,HOTEL,CONST,0.12,16774.923,3,3,16774.923,0.0,0.0,0.0,0.0,139791.025
1680516,IT,GR,ELEC7,LUBRI,0.01,16774.828,3,3,16774.828,0.0,0.0,0.0,0.0,1677482.8
1769255,IT,AU,RUBBE,GASDI,0.06,16774.766,4,4,16774.764,0.0,0.0,0.0,0.002,279579.433333
1799942,IT,WE,HEAVY,LEADZ,0.03,16774.578,3,3,16774.578,0.0,0.0,0.0,0.0,559152.6
1646408,IT,BE,FABRI,EDUCA,0.07,16773.808,3,3,16773.808,0.0,0.0,0.0,0.0,239625.828571
1656594,IT,DE,PRINT,GLASS,0.16,16772.757,3,3,16772.757,0.0,0.0,0.0,0.0,104829.73125
1670968,IT,FI,CHEM1,STEAM,0.04,16771.756,4,4,16771.754,0.0,0.0,0.0,0.002,419293.9
1662330,IT,DK,BASIC,SANDC,0.02,16771.108,3,3,16771.108,0.0,0.0,0.0,0.0,838555.4
1709452,IT,LT,TEXTI,FOUND,0.1,16769.415,4,4,16769.413,0.0,0.0,0.0,0.002,167694.15
1720562,IT,PL,OFFIC,DISTR,0.05,16769.057,3,3,16769.057,0.0,0.0,0.0,0.0,335381.14
1650841,IT,BG,LANDT,ALUM1,0.11,16767.641,3,3,16767.641,0.0,0.0,0.0,0.0,152433.1
1737280,IT,GB,FOOD5,RAILW,0.08,16767.615,3,3,16767.615,0.0,0.0,0.0,0.0,209595.1875
1657871,IT,DE,BASIC,COKIN,0.02,16767.164,3,3,16767.164,0.0,0.0,0.0,0.0,838358.2
1711076,IT,LU,PREC1,BUSIN,0.03,16767.158,3,3,16767.158,0.0,0.0,0.0,0.0,558905.266667
1798012,IT,WL,INERT,COPP1,0.12,16767.065,3,3,16767.065,0.0,0.0,0.0,0.0,139725.541667
1683263,IT,HR,CERAM,RESEA,0.03,16767.064,3,3,16767.064,0.0,0.0,0.0,0.0,558902.133333
1686199,IT,HU,GLASS,ALUM1,0.05,16766.498,3,3,16766.498,0.0,0.0,0.0,0.0,335329.96
1778498,IT,TR,RETA1,POULT,0.18,16764.441,3,3,16764.441,0.0,0.0,0.0,0.0,93135.783333
1672588,IT,FR,CROPS,RUBBE,0.13,16763.48,3,3,16763.48,0.0,0.0,0.0,0.0,128949.846154
1731241,IT,SI,MEATC,HEALT,0.06,16763.06,3,3,16763.06,0.0,0.0,0.0,0.0,279384.333333
1774905,IT,CH,INSUR,CHEM1,0.35,16762.721,3,3,16762.721,0.0,0.0,0.0,0.0,47893.488571
1770288,IT,AU,HOTEL,ELEC4,0.12,16762.241,3,3,16762.241,0.0,0.0,0.0,0.0,139685.341667
1650109,IT,BG,OFFIC,ELEC3,0.05,16762.171,3,3,16762.171,0.0,0.0,0.0,0.0,335243.42
1766275,IT,RU,CERAM,ELEC4,0.03,16761.953,3,3,16761.953,0.0,0.0,0.0,0.0,558731.766667
1725906,IT,RO,BITU1,LIQUE,0.03,16761.811,3,3,16761.811,0.0,0.0,0.0,0.0,558727.033333
1709725,IT,LT,CHEM1,ELECT,0.04,16761.513,4,4,16761.511,0.0,0.0,0.0,0.002,419037.825
1650556,IT,BG,ELEC7,DISTR,0.01,16761.4,3,3,16761.4,0.0,0.0,0.0,0.0,1676140.0
1660986,IT,DE,BUSIN,ELEC4,0.17,16760.473,3,3,16760.473,0.0,0.0,0.0,0.0,98591.017647
1761329,IT,IN,GLASS,GASDI,0.05,16760.213,3,3,16760.213,0.0,0.0,0.0,0.0,335204.26
1739030,IT,GB,SALEM,PAPE4,0.14,16760.104,3,3,16760.104,0.0,0.0,0.0,0.0,119715.028571
1749842,IT,CN,RUBBE,BRICK,0.06,16760.03,4,4,16760.028,0.0,0.0,0.0,0.002,279333.833333
1669749,IT,ES,BUSIN,TOBAC,0.17,16759.395,3,3,16759.395,0.0,0.0,0.0,0.0,98584.676471
1718834,IT,PL,PAPER,COLLE,0.06,16759.099,4,4,16759.097,0.0,0.0,0.0,0.002,279318.316667
1744582,IT,US,RENTI,PLANT,0.1,16758.978,3,3,16758.978,0.0,0.0,0.0,0.0,167589.78
1731448,IT,SI,BEVER,CATTL,0.07,16758.875,3,3,16758.875,0.0,0.0,0.0,0.0,239412.5
1803423,IT,WF,MEATP,IRONO,0.07,16758.432,4,4,16758.43,0.0,0.0,0.0,0.002,239406.171429
1766252,IT,RU,CERAM,ANTHR,0.03,16758.041,3,3,16758.041,0.0,0.0,0.0,0.0,558601.366667
1716202,IT,NL,ALUM1,RETA1,0.03,16757.986,3,3,16757.986,0.0,0.0,0.0,0.0,558599.533333
1742295,IT,US,CEMEN,IRONO,0.03,16757.739,3,3,16757.739,0.0,0.0,0.0,0.0,558591.3
1685632,IT,HU,MOTOR,AIRTR,0.03,16757.174,3,3,16757.174,0.0,0.0,0.0,0.0,558572.466667
1735630,IT,SK,COPP1,DISTR,0.04,16756.566,3,3,16756.566,0.0,0.0,0.0,0.0,418914.15
1803274,IT,WF,FORES,SUGA1,0.15,16756.18,4,4,16750.18,0.0,6.0,0.0,0.0,111707.866667
1673763,IT,FR,PAPER,AIRTR,0.06,16756.126,4,4,16756.124,0.0,0.0,0.0,0.002,279268.766667
1715147,IT,NL,LEATH,RETA1,0.12,16756.058,4,4,16756.055,0.0,0.0,0.0,0.003,139633.816667
1688518,IT,IE,WOODW,WHOLE,0.05,16755.888,3,3,16755.888,0.0,0.0,0.0,0.0,335117.76
1726022,IT,RO,CHEM1,TRAN2,0.04,16755.441,4,4,16755.439,0.0,0.0,0.0,0.002,418886.025
1748616,IT,CN,DAIRY,BITUM,0.07,16753.697,3,3,16753.697,0.0,0.0,0.0,0.0,239338.528571
1768765,IT,AU,WEARI,LANDT,0.13,16752.875,4,4,16752.872,0.0,0.0,0.0,0.003,128868.269231
1757174,IT,BR,CHEMI,CONST,0.04,16750.683,5,5,16749.681,0.0,0.0,1.0,0.002,418767.075
1676237,IT,FR,CONST,INERT,0.09,16750.551,3,3,16750.551,0.0,0.0,0.0,0.0,186117.233333
1646904,IT,BE,WHOLE,GLASS,0.14,16749.259,3,3,16749.259,0.0,0.0,0.0,0.0,119637.564286
1773069,IT,CH,ALUM1,AIRTR,0.03,16748.83,3,3,16748.83,0.0,0.0,0.0,0.0,558294.333333
1653744,IT,CZ,COPP1,CEMEN,0.04,16748.739,3,3,16748.739,0.0,0.0,0.0,0.0,418718.475
1651630,IT,CY,BASIC,SANDC,0.02,16748.357,3,3,16748.357,0.0,0.0,0.0,0.0,837417.85
1664289,IT,EE,ALUM1,PRINT,0.03,16746.928,3,3,16746.928,0.0,0.0,0.0,0.0,558230.933333
1656901,IT,DE,HEAVY,PUBLI,0.03,16746.901,3,3,16746.901,0.0,0.0,0.0,0.0,558230.033333
1760302,IT,IN,FISHF,HOTEL,0.03,16746.36,3,3,16746.36,0.0,0.0,0.0,0.0,558212.0
1717533,IT,NL,RENTI,MACHI,0.1,16746.107,3,3,16746.107,0.0,0.0,0.0,0.0,167461.07
1676703,IT,FR,RAILW,CONST,0.11,16745.899,3,3,16745.899,0.0,0.0,0.0,0.0,152235.445455
1769905,IT,AU,MOTO1,CHEM1,0.09,16745.891,3,3,16745.891,0.0,0.0,0.0,0.0,186065.455556
1784365,IT,ID,RUBBE,AIRTR,0.06,16745.563,4,4,16745.561,0.0,0.0,0.0,0.002,279092.716667
1765071,IT,MX,INSUR,PUBLI,0.35,16745.454,3,3,16745.454,0.0,0.0,0.0,0.0,47844.154286
1781641,IT,NO,LEATH,LEATH,0.12,16745.118,4,4,16745.115,0.0,0.0,0.0,0.003,139542.65
1785405,IT,ZA,PAPER,PFERT,0.06,16744.21,4,4,16744.208,0.0,0.0,0.0,0.002,279070.166667
1642271,IT,AT,NONME,TRAN1,0.03,16744.067,4,4,16744.065,0.0,0.0,0.0,0.002,558135.566667
1669394,IT,ES,INSUR,PAPER,0.35,16742.685,3,3,16742.685,0.0,0.0,0.0,0.0,47836.242857
1644263,IT,BE,CROPS,KERO1,0.13,16742.116,3,3,16742.116,0.0,0.0,0.0,0.0,128785.507692
1761225,IT,IN,RUBBE,CEREA,0.06,16741.236,4,4,16741.234,0.0,0.0,0.0,0.002,279020.6
1754073,IT,CA,AIRTR,COPPE,0.02,16740.944,3,3,16740.944,0.0,0.0,0.0,0.0,837047.2
1712406,IT,LV,CEMEN,CEMEN,0.03,16739.967,3,3,16739.967,0.0,0.0,0.0,0.0,557998.9
1813532,IT,WM,WHOLE,MEATC,0.14,16739.867,3,3,16739.867,0.0,0.0,0.0,0.0,119570.478571
1679089,IT,GR,PAPER,VEGET,0.06,16739.442,4,4,16739.44,0.0,0.0,0.0,0.002,278990.7
1662535,IT,DK,FABRI,WHEAT,0.07,16739.166,3,3,16739.166,0.0,0.0,0.0,0.0,239130.942857
1681517,IT,GR,BUSIN,PRINT,0.17,16738.756,3,3,16738.756,0.0,0.0,0.0,0.0,98463.270588
1802958,IT,WF,WHEAT,MEAT4,0.01,16738.651,3,3,16738.651,0.0,0.0,0.0,0.0,1673865.1
1779267,IT,TR,FINAN,ALUM1,0.22,16738.543,3,3,16738.543,0.0,0.0,0.0,0.0,76084.286364
1726418,IT,RO,FABRI,VEGE1,0.07,16738.541,3,3,16738.541,0.0,0.0,0.0,0.0,239122.014286
1671796,IT,FI,WHOLE,RESEA,0.14,16738.268,3,3,16738.268,0.0,0.0,0.0,0.0,119559.057143
1666346,IT,ES,LIQUE,REALE,0.03,16736.335,3,3,16736.335,0.0,0.0,0.0,0.0,557877.833333
1712013,IT,LV,MEAT4,SANDC,0.09,16736.269,3,3,16736.269,0.0,0.0,0.0,0.0,185958.544444
1716693,IT,NL,WHOLE,ELEC5,0.14,16736.245,3,3,16736.245,0.0,0.0,0.0,0.0,119544.607143
1675350,IT,FR,MACHI,MEAT4,0.09,16736.076,3,3,16736.076,0.0,0.0,0.0,0.0,185956.4
1781417,IT,NO,FOOD5,TEXTI,0.08,16734.886,3,3,16734.886,0.0,0.0,0.0,0.0,209186.075
1642091,IT,AT,GLASS,ELECT,0.05,16734.866,3,3,16734.866,0.0,0.0,0.0,0.0,334697.32
1781437,IT,NO,FOOD5,BUSIN,0.08,16733.855,3,3,16733.855,0.0,0.0,0.0,0.0,209173.1875
1717652,IT,NL,BUSIN,HEAVY,0.17,16733.795,3,3,16733.795,0.0,0.0,0.0,0.0,98434.088235
1749984,IT,CN,CERAM,93197,0.03,16733.441,3,3,16733.441,0.0,0.0,0.0,0.0,557781.366667
1760044,IT,BR,WOOD1,FOOD4,0.11,16733.313,3,3,16733.313,0.0,0.0,0.0,0.0,152121.027273
1711978,IT,LV,VEGET,PLAST,0.06,16732.905,3,3,16732.905,0.0,0.0,0.0,0.0,278881.75
1774791,IT,CH,POSTT,RUBBE,0.28,16732.813,3,3,16732.813,0.0,0.0,0.0,0.0,59760.046429
1669778,IT,ES,BUSIN,CERAM,0.17,16732.475,3,3,16732.475,0.0,0.0,0.0,0.0,98426.323529
1715729,IT,NL,PLAST,POSTT,0.04,16732.147,4,4,16732.145,0.0,0.0,0.0,0.002,418303.675
1746309,IT,JP,CHEM1,WOOD1,0.03,16731.976,4,4,16731.974,0.0,0.0,0.0,0.002,557732.533333
1642384,IT,AT,BASIC,FOOD1,0.02,16731.912,3,3,16731.912,0.0,0.0,0.0,0.0,836595.6
1730774,IT,SE,BUSIN,PLAST,0.17,16731.859,3,3,16731.859,0.0,0.0,0.0,0.0,98422.7
1716313,IT,NL,FABRI,NONF1,0.07,16730.641,3,3,16730.641,0.0,0.0,0.0,0.0,239009.157143
1718383,IT,PL,BEVER,ALUM1,0.07,16728.625,3,3,16728.625,0.0,0.0,0.0,0.0,238980.357143
1784955,IT,ID,INSUR,RUBBE,0.34,16728.62,3,3,16728.62,0.0,0.0,0.0,0.0,49201.823529
1743071,IT,US,MOTO1,POULT,0.09,16728.425,3,3,16728.425,0.0,0.0,0.0,0.0,185871.388889
1680006,IT,GR,MACHI,MEAT4,0.09,16728.214,3,3,16728.214,0.0,0.0,0.0,0.0,185869.044444
1725196,IT,RO,DAIRY,RETA1,0.07,16728.212,3,3,16728.212,0.0,0.0,0.0,0.0,238974.457143
1734758,IT,SK,WOODW,COPPE,0.05,16727.873,3,3,16727.873,0.0,0.0,0.0,0.0,334557.46
1801912,IT,WE,CONST,BUSIN,0.09,16726.72,3,3,16726.72,0.0,0.0,0.0,0.0,185852.444444
1652079,IT,CZ,SANDC,SANDC,0.04,16724.828,4,4,16720.828,0.0,0.0,4.0,0.0,418120.7
1778737,IT,TR,RAILW,EDUCA,0.11,16724.414,3,3,16724.414,0.0,0.0,0.0,0.0,152040.127273
1737143,IT,GB,VEGE1,PROCE,0.05,16724.114,4,4,16724.11,0.0,0.0,0.0,0.004,334482.28
1684973,IT,HU,MEAT4,BUSIN,0.09,16723.319,3,3,16723.319,0.0,0.0,0.0,0.0,185814.655556
1711997,IT,LV,SUGAR,BEVER,0.03,16722.995,3,3,16722.995,0.0,0.0,0.0,0.0,557433.166667
1767971,IT,RU,COMPU,FURNI,0.19,16722.533,3,3,16722.533,0.0,0.0,0.0,0.0,88013.331579
1717967,IT,PL,SANDC,BRICK,0.04,16721.621,4,4,16717.621,0.0,0.0,4.0,0.0,418040.525
1710948,IT,LU,RUBBE,MACHI,0.06,16719.812,4,4,16719.81,0.0,0.0,0.0,0.002,278663.533333
1808496,IT,WF,FOOD4,AIRTR,0.12,16719.412,3,3,16719.412,0.0,0.0,0.0,0.0,139328.433333
1787481,IT,WA,SANDC,RUBBE,0.04,16718.967,4,4,16714.967,0.0,0.0,4.0,0.0,417974.175
1810688,IT,WM,MOTOR,REFIN,0.02,16718.359,3,3,16718.359,0.0,0.0,0.0,0.0,835917.95
1740567,IT,US,CROPS,CATTL,0.13,16718.111,3,3,16718.111,0.0,0.0,0.0,0.0,128600.853846
1653568,IT,CZ,BASIC,POSTT,0.02,16717.652,3,3,16717.652,0.0,0.0,0.0,0.0,835882.6
1681516,IT,GR,BUSIN,PAPER,0.17,16717.578,3,3,16717.578,0.0,0.0,0.0,0.0,98338.694118
1749349,IT,CN,PRINT,ELEC4,0.16,16716.909,3,3,16716.909,0.0,0.0,0.0,0.0,104480.68125
1716571,IT,NL,SALEM,FISHF,0.13,16716.507,3,3,16716.507,0.0,0.0,0.0,0.0,128588.515385
1709753,IT,LT,CHEM1,93197,0.03,16716.26,4,4,16716.258,0.0,0.0,0.0,0.002,557208.666667
1782784,IT,NO,HOTEL,CHEM1,0.12,16716.099,3,3,16716.099,0.0,0.0,0.0,0.0,139300.825
1778997,IT,TR,AIRTR,MEAT4,0.02,16715.684,3,3,16715.684,0.0,0.0,0.0,0.0,835784.2
1773063,IT,CH,ALUM1,HOTEL,0.03,16714.85,3,3,16714.85,0.0,0.0,0.0,0.0,557161.666667
1778910,IT,TR,SEACO,PETRO,0.02,16712.43,3,3,16712.43,0.0,0.0,0.0,0.0,835621.5
1756460,IT,KR,CONST,WHOLE,0.09,16712.316,3,3,16712.316,0.0,0.0,0.0,0.0,185692.4
1729296,IT,SE,NONME,WEARI,0.03,16712.038,4,4,16712.036,0.0,0.0,0.0,0.002,557067.933333
1742359,IT,US,NONME,KEROS,0.03,16711.979,4,4,16711.977,0.0,0.0,0.0,0.002,557065.966667
1772612,IT,CH,GLASS,PROCE,0.05,16711.321,3,3,16711.321,0.0,0.0,0.0,0.0,334226.42
1648867,IT,BG,TEXTI,CEMEN,0.1,16710.859,4,4,16710.857,0.0,0.0,0.0,0.002,167108.59
1652813,IT,CZ,PRINT,PFERT,0.16,16707.935,3,3,16707.935,0.0,0.0,0.0,0.0,104424.59375
1750909,IT,CN,CONST,RUBBE,0.09,16707.016,3,3,16707.016,0.0,0.0,0.0,0.0,185633.511111
1812215,IT,WM,NONME,PLAST,0.03,16706.95,4,4,16706.948,0.0,0.0,0.0,0.002,556898.333333
1778234,IT,TR,FURNI,AUXIL,0.05,16706.293,3,3,16706.293,0.0,0.0,0.0,0.0,334125.86
1661918,IT,DK,PRINT,RETA1,0.16,16706.293,3,3,16706.293,0.0,0.0,0.0,0.0,104414.33125
1643524,IT,AT,TRAN2,GLASS,0.03,16703.913,3,3,16703.913,0.0,0.0,0.0,0.0,556797.1
1803136,IT,WF,VEGET,FABRI,0.06,16703.659,3,3,16703.659,0.0,0.0,0.0,0.0,278394.316667
1760654,IT,IN,PAPER,WHEAT,0.06,16702.431,4,4,16702.429,0.0,0.0,0.0,0.002,278373.85
1677661,IT,FR,REALE,93197,0.71,16702.215,3,3,16702.215,0.0,0.0,0.0,0.0,23524.246479
1769271,IT,AU,RUBBE,PREC1,0.06,16701.989,4,4,16701.987,0.0,0.0,0.0,0.002,278366.483333
1676283,IT,FR,SALEM,INTER,0.13,16701.765,3,3,16701.765,0.0,0.0,0.0,0.0,128475.115385
1717395,IT,NL,INSUR,MOTOR,0.34,16701.747,3,3,16701.747,0.0,0.0,0.0,0.0,49122.785294
1778064,IT,TR,OFFIC,EDUCA,0.05,16700.758,3,3,16700.758,0.0,0.0,0.0,0.0,334015.16
1766060,IT,RU,CHEM1,INERT,0.03,16700.384,4,4,16700.382,0.0,0.0,0.0,0.002,556679.466667
1757314,IT,BR,FOOD5,MEMBE,0.08,16700.302,3,3,16700.302,0.0,0.0,0.0,0.0,208753.775
1672957,IT,FR,DAIRY,FINAN,0.07,16700.055,3,3,16700.055,0.0,0.0,0.0,0.0,238572.214286
1814890,IT,WM,PRIVA,NATUR,3.73,16698.93,4,4,16698.927,0.0,0.0,0.0,0.003,4476.924933
1772468,IT,CH,BIOGA,SEACO,0.03,16698.134,4,4,16698.132,0.0,0.0,0.0,0.002,556604.466667
1738228,IT,GB,CEMEN,CHEMI,0.03,16697.512,3,3,16697.512,0.0,0.0,0.0,0.0,556583.733333
1682828,IT,HR,HEAVY,FINAN,0.03,16696.381,3,3,16696.381,0.0,0.0,0.0,0.0,556546.033333
1787981,IT,WA,TEXTI,BITUM,0.1,16696.169,4,4,16696.167,0.0,0.0,0.0,0.002,166961.69
1681215,IT,GR,FINAN,VEGET,0.22,16694.429,3,3,16694.429,0.0,0.0,0.0,0.0,75883.768182
1733792,IT,SI,LANDT,RETAI,0.11,16694.121,3,3,16694.121,0.0,0.0,0.0,0.0,151764.736364
1766634,IT,RU,FABRI,LIQUE,0.07,16692.245,3,3,16692.245,0.0,0.0,0.0,0.0,238460.642857
1713094,IT,MT,FOOD5,MEATA,0.08,16691.674,3,3,16691.674,0.0,0.0,0.0,0.0,208645.925
1661737,IT,DK,LEATH,VEGE1,0.12,16691.138,4,4,16691.135,0.0,0.0,0.0,0.003,139092.816667
1752284,IT,CA,STONE,SUPPO,0.05,16689.674,4,4,16688.674,0.0,0.0,1.0,0.0,333793.48
1805169,IT,WF,CHEM1,BITUM,0.03,16689.548,4,4,16689.546,0.0,0.0,0.0,0.002,556318.266667
1793984,IT,WL,WOODW,BIOGA,0.05,16687.136,3,3,16687.136,0.0,0.0,0.0,0.0,333742.72
1651835,IT,CY,HOTEL,HEALT,0.12,16687.032,3,3,16687.032,0.0,0.0,0.0,0.0,139058.6
1801676,IT,WE,FURNI,ELEC4,0.05,16686.832,3,3,16686.832,0.0,0.0,0.0,0.0,333736.64
1682189,IT,HR,WEARI,WEARI,0.13,16686.356,4,4,16686.353,0.0,0.0,0.0,0.003,128356.584615
1793786,IT,WL,TOBAC,BIODI,0.07,16685.918,3,3,16685.918,0.0,0.0,0.0,0.0,238370.257143
1688757,IT,IE,RUBBE,LEADZ,0.06,16682.12,4,4,16682.118,0.0,0.0,0.0,0.002,278035.333333
1687768,IT,HU,SUPPO,BUSIN,0.12,16681.431,3,3,16681.431,0.0,0.0,0.0,0.0,139011.925
1721996,IT,PL,COMPU,SALEM,0.19,16681.09,3,3,16681.09,0.0,0.0,0.0,0.0,87795.210526
1776198,IT,TR,WOODW,TEXTI,0.05,16681.009,3,3,16681.009,0.0,0.0,0.0,0.0,333620.18
1676064,IT,FR,ELEC7,RUBBE,0.01,16680.605,3,3,16680.605,0.0,0.0,0.0,0.0,1668060.5
1760989,IT,IN,LUBRI,BITUM,0.02,16680.525,3,3,16680.525,0.0,0.0,0.0,0.0,834026.25
1804056,IT,WF,WOODW,SALEM,0.05,16680.464,3,3,16680.464,0.0,0.0,0.0,0.0,333609.28
1763437,IT,MX,PETRO,GLASS,0.03,16679.821,3,3,16679.821,0.0,0.0,0.0,0.0,555994.033333
1773030,IT,CH,ALUM1,BRICK,0.03,16679.222,3,3,16679.222,0.0,0.0,0.0,0.0,555974.066667
1650870,IT,BG,LANDT,AIRTR,0.11,16678.968,3,3,16678.968,0.0,0.0,0.0,0.0,151626.981818
1793988,IT,WL,WOODW,CERAM,0.05,16677.363,3,3,16677.363,0.0,0.0,0.0,0.0,333547.26
1676429,IT,FR,RETA1,WHEAT,0.17,16677.065,3,3,16677.065,0.0,0.0,0.0,0.0,98100.382353
1749962,IT,CN,CERAM,BASIC,0.03,16676.762,3,3,16676.762,0.0,0.0,0.0,0.0,555892.066667
1749519,IT,CN,NONSP,BITUM,0.02,16675.822,3,3,16675.822,0.0,0.0,0.0,0.0,833791.1
1760990,IT,IN,LUBRI,COLLE,0.02,16675.738,3,3,16675.738,0.0,0.0,0.0,0.0,833786.9
1680893,IT,GR,LANDT,OFFIC,0.11,16675.554,3,3,16675.554,0.0,0.0,0.0,0.0,151595.945455
1739079,IT,GB,RETAI,PLAS2,0.13,16675.065,3,3,16675.065,0.0,0.0,0.0,0.0,128269.730769
1739566,IT,GB,TRAN2,BUSIN,0.03,16674.34,3,3,16674.34,0.0,0.0,0.0,0.0,555811.333333
1759296,IT,BR,POSTT,WHOLE,0.27,16674.251,3,3,16674.251,0.0,0.0,0.0,0.0,61756.485185
1753782,IT,CA,FURNI,RENTI,0.05,16673.651,3,3,16673.651,0.0,0.0,0.0,0.0,333473.02
1645650,IT,BE,CHEM1,RETAI,0.03,16673.638,4,4,16673.636,0.0,0.0,0.0,0.002,555787.933333
1786853,IT,ZA,SEACO,VEGET,0.02,16672.306,3,3,16672.306,0.0,0.0,0.0,0.0,833615.3
1750659,IT,CN,MOTO1,PRINT,0.09,16671.052,3,3,16671.052,0.0,0.0,0.0,0.0,185233.911111
1752839,IT,CA,PAPER,RESEA,0.06,16670.953,4,4,16670.951,0.0,0.0,0.0,0.002,277849.216667
1647094,IT,BE,HOTEL,GLASS,0.12,16670.176,3,3,16670.176,0.0,0.0,0.0,0.0,138918.133333
1667052,IT,ES,NONME,PFERT,0.03,16669.713,4,4,16669.711,0.0,0.0,0.0,0.002,555657.1
1712808,IT,LV,AIRTR,LANDT,0.02,16668.289,3,3,16668.289,0.0,0.0,0.0,0.0,833414.45
1782683,IT,NO,WHOLE,ALUM1,0.14,16667.432,3,3,16667.432,0.0,0.0,0.0,0.0,119053.085714
1781992,IT,NO,RUBBE,CHEM1,0.06,16667.352,4,4,16667.35,0.0,0.0,0.0,0.002,277789.2
1680062,IT,GR,MACHI,ELEC6,0.09,16667.335,3,3,16667.335,0.0,0.0,0.0,0.0,185192.611111
1795047,IT,WL,ADDIT,BIOGA,0.04,16667.263,3,3,16667.263,0.0,0.0,0.0,0.0,416681.575
1652033,IT,CZ,VEGET,SUPPO,0.06,16666.888,3,3,16666.888,0.0,0.0,0.0,0.0,277781.466667
1727711,IT,RO,COMPU,MOTO1,0.19,16665.668,3,3,16665.668,0.0,0.0,0.0,0.0,87714.042105
1802482,IT,WE,SUPPO,AUXIL,0.12,16665.506,3,3,16665.506,0.0,0.0,0.0,0.0,138879.216667
1807969,IT,WF,PLAS1,ELEC4,0.06,16664.818,3,3,16664.818,0.0,0.0,0.0,0.0,277746.966667
1760019,IT,BR,INTER,WOOD2,0.1,16664.097,3,3,16664.097,0.0,0.0,0.0,0.0,166640.97
1652503,IT,CZ,WEARI,FURNI,0.13,16663.923,4,4,16663.92,0.0,0.0,0.0,0.003,128184.023077
1757785,IT,BR,PLAST,CEMEN,0.03,16662.355,4,4,16662.353,0.0,0.0,0.0,0.002,555411.833333
1710684,IT,LU,PROCE,FOOD5,0.11,16662.237,3,3,16662.237,0.0,0.0,0.0,0.0,151474.881818
1673423,IT,FR,WEARI,RUBBE,0.13,16661.662,4,4,16661.659,0.0,0.0,0.0,0.003,128166.630769
1766470,IT,RU,PREC1,SUPPO,0.03,16660.515,3,3,16660.515,0.0,0.0,0.0,0.0,555350.5
1720843,IT,PL,FURNI,RAILW,0.05,16660.485,3,3,16660.485,0.0,0.0,0.0,0.0,333209.7
1649465,IT,BG,CHEM1,INSUR,0.03,16660.069,4,4,16660.067,0.0,0.0,0.0,0.002,555335.633333
1645277,IT,BE,MOTOR,RAILW,0.02,16659.849,3,3,16659.849,0.0,0.0,0.0,0.0,832992.45
1732469,IT,SI,CHEM1,ELEC1,0.03,16659.748,4,4,16659.746,0.0,0.0,0.0,0.002,555324.933333
1780658,IT,TW,AUXIL,NAPHT,0.3,16659.545,3,3,16659.545,0.0,0.0,0.0,0.0,55531.816667
1783326,IT,NO,PAPE1,CONST,0.12,16658.835,3,3,16658.835,0.0,0.0,0.0,0.0,138823.625
1642737,IT,AT,MACHI,GLASS,0.09,16658.535,3,3,16658.535,0.0,0.0,0.0,0.0,185094.833333
1723097,IT,PT,CHEM1,MEDIC,0.03,16658.493,4,4,16658.491,0.0,0.0,0.0,0.002,555283.1
1653894,IT,CZ,FABRI,DISTR,0.07,16658.011,3,3,16658.011,0.0,0.0,0.0,0.0,237971.585714
1764685,IT,MX,HOTEL,PRECI,0.12,16657.597,3,3,16657.597,0.0,0.0,0.0,0.0,138813.308333
1768649,IT,AU,TEXTI,COPPE,0.1,16657.183,4,4,16657.181,0.0,0.0,0.0,0.002,166571.83
1678546,IT,GR,VEGET,MOTO1,0.06,16656.661,3,3,16656.661,0.0,0.0,0.0,0.0,277611.016667
1664217,IT,EE,CERAM,BUSIN,0.03,16656.243,3,3,16656.243,0.0,0.0,0.0,0.0,555208.1
1741071,IT,US,TEXTI,DIST1,0.1,16656.095,4,4,16656.093,0.0,0.0,0.0,0.002,166560.95
1682590,IT,HR,KEROS,OILSE,0.02,16655.446,3,3,16655.446,0.0,0.0,0.0,0.0,832772.3
1749429,IT,CN,KERO1,SUGA1,0.02,16654.683,3,3,16654.683,0.0,0.0,0.0,0.0,832734.15
1649374,IT,BG,CHEM1,VEGET,0.03,16654.161,4,4,16654.159,0.0,0.0,0.0,0.002,555138.7
1755286,IT,KR,PAPER,MEDIC,0.06,16653.884,4,4,16653.882,0.0,0.0,0.0,0.002,277564.733333
1777477,IT,TR,BASIC,LEATH,0.02,16653.571,3,3,16653.571,0.0,0.0,0.0,0.0,832678.55
1680987,IT,GR,INLAN,POSTT,0.03,16653.219,3,3,16653.219,0.0,0.0,0.0,0.0,555107.3
1655515,IT,DE,CRUDE,HOTEL,0.03,16653.077,3,3,16653.077,0.0,0.0,0.0,0.0,555102.566667
1758151,IT,BR,NONME,PAPER,0.03,16652.384,4,4,16652.382,0.0,0.0,0.0,0.002,555079.466667
1713861,IT,MT,ELEC4,FISH5,0.27,16652.031,3,3,16652.031,0.0,0.0,0.0,0.0,61674.188889
1672055,IT,FI,AIRTR,INSUR,0.02,16651.924,3,3,16651.924,0.0,0.0,0.0,0.0,832596.2
1713153,IT,MT,FISH5,FOOD5,0.07,16651.26,4,4,16651.251,0.0,0.0,0.0,0.009,237875.142857
1740146,IT,GB,COMPU,LANDT,0.19,16650.801,3,3,16650.801,0.0,0.0,0.0,0.0,87635.794737
1751092,IT,CN,RETA1,PAPER,0.17,16650.438,3,3,16650.438,0.0,0.0,0.0,0.0,97943.752941
1717029,IT,NL,LANDT,PREC1,0.11,16649.911,3,3,16649.911,0.0,0.0,0.0,0.0,151362.827273
1711017,IT,LU,NONME,PLAST,0.03,16649.74,4,4,16649.738,0.0,0.0,0.0,0.002,554991.333333
1791892,IT,WA,TRAN2,VEGE1,0.03,16648.702,3,3,16648.702,0.0,0.0,0.0,0.0,554956.733333
1776724,IT,TR,LIQUE,SANDC,0.03,16648.613,3,3,16648.613,0.0,0.0,0.0,0.0,554953.766667
1810849,IT,WM,KEROS,ELEC7,0.02,16647.059,3,3,16647.059,0.0,0.0,0.0,0.0,832352.95
1672127,IT,FI,POSTT,POSTT,0.27,16646.543,3,3,16646.543,0.0,0.0,0.0,0.0,61653.862963
1727256,IT,RO,SUPPO,HOTEL,0.12,16646.104,3,3,16646.104,0.0,0.0,0.0,0.0,138717.533333
1659721,IT,DE,RAILW,TRANS,0.11,16645.617,3,3,16645.617,0.0,0.0,0.0,0.0,151323.790909
1713328,IT,MT,KERO1,BEVER,0.02,16645.173,3,3,16645.173,0.0,0.0,0.0,0.0,832258.65
1666925,IT,ES,GLASS,93197,0.05,16644.86,3,3,16644.86,0.0,0.0,0.0,0.0,332897.2
1689167,IT,IE,SALEM,SEWAG,0.13,16643.308,3,3,16643.308,0.0,0.0,0.0,0.0,128025.446154
1678466,IT,FR,RECRE,OFFIC,0.21,16642.973,3,3,16642.973,0.0,0.0,0.0,0.0,79252.252381
1772962,IT,CH,PREC1,ELEC3,0.03,16642.776,3,3,16642.776,0.0,0.0,0.0,0.0,554759.2
1805799,IT,WF,PREC1,CHEM1,0.03,16642.716,3,3,16642.716,0.0,0.0,0.0,0.0,554757.2
1736652,IT,SK,INSUR,CHEMI,0.34,16642.35,3,3,16642.35,0.0,0.0,0.0,0.0,48948.088235
1726085,IT,RO,RUBBE,LIQUE,0.06,16641.136,4,4,16641.134,0.0,0.0,0.0,0.002,277352.266667
1721356,IT,PL,SEACO,ANIMA,0.02,16638.916,3,3,16638.916,0.0,0.0,0.0,0.0,831945.8
1673661,IT,FR,PULP5,MOTOR,0.05,16638.666,4,4,16638.664,0.0,0.0,0.0,0.002,332773.32
1731633,IT,SI,LEATH,MOTO1,0.12,16637.323,4,4,16637.32,0.0,0.0,0.0,0.003,138644.358333
1641615,IT,AT,NAPHT,RETA1,0.03,16637.219,3,3,16637.219,0.0,0.0,0.0,0.0,554573.966667
1756684,IT,KR,SEACO,COKEO,0.02,16637.1,3,3,16637.1,0.0,0.0,0.0,0.0,831855.0
1776547,IT,TR,KEROS,INERT,0.02,16634.877,3,3,16634.877,0.0,0.0,0.0,0.0,831743.85
1653436,IT,CZ,NONME,GASDI,0.03,16633.676,4,4,16633.674,0.0,0.0,0.0,0.002,554455.866667
1771242,IT,CH,VEGE1,TRANS,0.05,16632.856,4,4,16632.852,0.0,0.0,0.0,0.004,332657.12
1784108,IT,ID,WOODW,PULP5,0.05,16632.734,3,3,16632.734,0.0,0.0,0.0,0.0,332654.68
1790740,IT,WA,MACHI,WOOLS,0.09,16632.702,3,3,16632.702,0.0,0.0,0.0,0.0,184807.8
1752209,IT,CN,PUBLI,SUPPO,0.27,16631.56,3,3,16631.56,0.0,0.0,0.0,0.0,61598.37037
1797321,IT,WL,AUXIL,BUSIN,0.3,16629.522,3,3,16629.522,0.0,0.0,0.0,0.0,55431.74
1646334,IT,BE,FABRI,MEAT1,0.07,16629.157,3,3,16629.157,0.0,0.0,0.0,0.0,237559.385714
1797686,IT,WL,PLAS1,FISH5,0.06,16628.77,3,3,16628.77,0.0,0.0,0.0,0.0,277146.166667
1802331,IT,WE,TRAN2,93197,0.03,16628.582,3,3,16628.582,0.0,0.0,0.0,0.0,554286.066667
1746464,IT,JP,GLASS,LANDT,0.05,16627.775,3,3,16627.775,0.0,0.0,0.0,0.0,332555.5
1724419,IT,PT,AIRTR,CHEM1,0.02,16627.748,3,3,16627.748,0.0,0.0,0.0,0.0,831387.4
1649091,IT,BG,PAPER,NAPHT,0.06,16627.461,4,4,16627.459,0.0,0.0,0.0,0.002,277124.35
1676903,IT,FR,SEACO,ALUM1,0.02,16627.197,3,3,16627.197,0.0,0.0,0.0,0.0,831359.85
1749511,IT,CN,PETRO,NAPHT,0.03,16627.175,3,3,16627.175,0.0,0.0,0.0,0.0,554239.166667
1720948,IT,PL,WHOLE,FISH5,0.14,16625.395,3,3,16625.395,0.0,0.0,0.0,0.0,118752.821429
1660819,IT,DE,COMPU,NONF1,0.19,16625.058,3,3,16625.058,0.0,0.0,0.0,0.0,87500.305263
1765455,IT,RU,TEXTI,SUPPO,0.1,16624.254,4,4,16624.252,0.0,0.0,0.0,0.002,166242.54
1750703,IT,CN,MOTO1,COLLE,0.09,16624.146,3,3,16624.146,0.0,0.0,0.0,0.0,184712.733333
1722503,IT,PT,FOOD5,WEARI,0.08,16624.071,3,3,16624.071,0.0,0.0,0.0,0.0,207800.8875
1668308,IT,ES,WHOLE,FURNI,0.14,16623.664,3,3,16623.664,0.0,0.0,0.0,0.0,118740.457143
1665174,IT,ES,SUGA1,HOTEL,0.04,16622.894,4,4,16622.891,0.0,0.0,0.0,0.003,415572.35
1677378,IT,FR,INSUR,PRINT,0.34,16622.078,3,3,16622.078,0.0,0.0,0.0,0.0,48888.464706
1737024,IT,GB,STONE,RUBBE,0.05,16621.689,4,4,16620.689,0.0,0.0,1.0,0.0,332433.78
1784485,IT,ID,FABRI,FISHF,0.07,16621.53,3,3,16621.53,0.0,0.0,0.0,0.0,237450.428571
1674158,IT,FR,HEAVY,POSTT,0.03,16620.461,3,3,16620.461,0.0,0.0,0.0,0.0,554015.366667
1732225,IT,SI,HEAVY,SUPPO,0.03,16619.683,3,3,16619.683,0.0,0.0,0.0,0.0,553989.433333
1807445,IT,WF,AUXIL,WHOLE,0.3,16619.413,3,3,16619.413,0.0,0.0,0.0,0.0,55398.043333
1788751,IT,WA,MOTOR,TRAN2,0.02,16619.313,3,3,16619.313,0.0,0.0,0.0,0.0,830965.65
1725724,IT,RO,PAPER,FOOD3,0.06,16618.747,4,4,16618.745,0.0,0.0,0.0,0.002,276979.116667
1749307,IT,CN,PRINT,BITUM,0.16,16617.678,3,3,16617.678,0.0,0.0,0.0,0.0,103860.4875
1768008,IT,RU,BUSIN,CROPS,0.17,16617.352,3,3,16617.352,0.0,0.0,0.0,0.0,97749.129412
1724560,IT,PT,POSTT,BUSIN,0.27,16617.206,3,3,16617.206,0.0,0.0,0.0,0.0,61545.207407
1717322,IT,NL,FINAN,NUCLE,0.22,16616.935,3,3,16616.935,0.0,0.0,0.0,0.0,75531.522727
1800663,IT,WE,CERAM,ELEC3,0.03,16615.81,3,3,16615.81,0.0,0.0,0.0,0.0,553860.333333
1757256,IT,BR,VEGE1,RETA1,0.05,16615.586,4,4,16615.582,0.0,0.0,0.0,0.004,332311.72
1765391,IT,RU,FISH5,PULP5,0.07,16613.864,4,4,16613.855,0.0,0.0,0.0,0.009,237340.914286
1789194,IT,WA,PLAST,BITU1,0.03,16612.945,4,4,16612.943,0.0,0.0,0.0,0.002,553764.833333
1682947,IT,HR,PLAST,WEARI,0.03,16612.149,4,4,16612.147,0.0,0.0,0.0,0.002,553738.3
1747888,IT,JP,RENTI,MEMBE,0.1,16612.056,3,3,16612.056,0.0,0.0,0.0,0.0,166120.56
1738018,IT,GB,RUBBE,CEREA,0.06,16611.068,4,4,16611.066,0.0,0.0,0.0,0.002,276851.133333
1759957,IT,BR,PLAS1,AIRTR,0.06,16608.84,3,3,16608.84,0.0,0.0,0.0,0.0,276814.0
1745763,IT,JP,WEARI,ELEC5,0.13,16608.219,4,4,16608.216,0.0,0.0,0.0,0.003,127755.530769
1797822,IT,WL,FOOD2,FOOD5,0.1,16606.705,3,3,16606.705,0.0,0.0,0.0,0.0,166067.05
1732777,IT,SI,NONME,FURNI,0.03,16606.665,4,4,16606.663,0.0,0.0,0.0,0.002,553555.5
1757454,IT,BR,PAPER,NFERT,0.06,16606.498,4,4,16606.496,0.0,0.0,0.0,0.002,276774.966667
1657520,IT,DE,GLASS,MEATA,0.05,16606.358,3,3,16606.358,0.0,0.0,0.0,0.0,332127.16
1715365,IT,NL,PRINT,TRANS,0.16,16605.265,3,3,16605.265,0.0,0.0,0.0,0.0,103782.90625
1737799,IT,GB,NAPHT,OFFIC,0.03,16604.739,3,3,16604.739,0.0,0.0,0.0,0.0,553491.3
1649842,IT,BG,ALUM1,DISTR,0.03,16604.374,3,3,16604.374,0.0,0.0,0.0,0.0,553479.133333
1729542,IT,SE,COPP1,REFIN,0.04,16604.298,3,3,16604.298,0.0,0.0,0.0,0.0,415107.45
1712532,IT,LV,FABRI,AIRTR,0.07,16604.246,3,3,16604.246,0.0,0.0,0.0,0.0,237203.514286
1732690,IT,SI,CERAM,COLLE,0.03,16602.967,3,3,16602.967,0.0,0.0,0.0,0.0,553432.233333
1676643,IT,FR,HOTEL,FOOD1,0.12,16602.08,3,3,16602.08,0.0,0.0,0.0,0.0,138350.666667
1750945,IT,CN,CONST,REALE,0.09,16601.499,3,3,16601.499,0.0,0.0,0.0,0.0,184461.1
1721620,IT,PL,POSTT,DIST1,0.27,16600.847,3,3,16600.847,0.0,0.0,0.0,0.0,61484.618519
1810927,IT,WM,GASDI,LEADZ,0.02,16600.346,3,3,16600.346,0.0,0.0,0.0,0.0,830017.3
1747859,IT,JP,RENTI,RUBBE,0.1,16600.239,3,3,16600.239,0.0,0.0,0.0,0.0,166002.39
1720131,IT,PL,LEAD1,BUSIN,0.03,16599.63,3,3,16599.63,0.0,0.0,0.0,0.0,553321.0
1769156,IT,AU,CHEM1,BIOGA,0.03,16599.617,4,4,16599.615,0.0,0.0,0.0,0.002,553320.566667
1719996,IT,PL,ALUM1,MEAT1,0.03,16596.76,3,3,16596.76,0.0,0.0,0.0,0.0,553225.333333
1748453,IT,CN,STONE,NFERT,0.05,16596.387,4,4,16595.387,0.0,0.0,1.0,0.0,331927.74
1662943,IT,DK,RETA1,SALEM,0.17,16595.846,3,3,16595.846,0.0,0.0,0.0,0.0,97622.623529
1750931,IT,CN,CONST,CONST,0.09,16595.805,3,3,16595.805,0.0,0.0,0.0,0.0,184397.833333
1746463,IT,JP,GLASS,HOTEL,0.05,16594.902,3,3,16594.902,0.0,0.0,0.0,0.0,331898.04
1680976,IT,GR,INLAN,FABRI,0.03,16594.599,3,3,16594.599,0.0,0.0,0.0,0.0,553153.3
1802333,IT,WE,SEACO,CEREA,0.02,16594.575,3,3,16594.575,0.0,0.0,0.0,0.0,829728.75
1738334,IT,GB,BASIC,TRAN2,0.02,16594.293,3,3,16594.293,0.0,0.0,0.0,0.0,829714.65
1646673,IT,BE,FURNI,FABRI,0.05,16593.755,3,3,16593.755,0.0,0.0,0.0,0.0,331875.1
1812021,IT,WM,GLASS,COMPU,0.05,16593.671,3,3,16593.671,0.0,0.0,0.0,0.0,331873.42
1807541,IT,WF,RENTI,RAILW,0.1,16593.608,3,3,16593.608,0.0,0.0,0.0,0.0,165936.08
1798786,IT,WE,FOOD5,KEROS,0.08,16593.465,3,3,16593.465,0.0,0.0,0.0,0.0,207418.3125
1769636,IT,AU,FABRI,GLASS,0.07,16593.026,3,3,16593.026,0.0,0.0,0.0,0.0,237043.228571
1678588,IT,GR,ANIMA,HOTEL,0.07,16592.998,3,3,16592.998,0.0,0.0,0.0,0.0,237042.828571
1770845,IT,AU,BUSIN,WOODW,0.17,16591.694,3,3,16591.694,0.0,0.0,0.0,0.0,97598.2
1734934,IT,SK,KEROS,CONST,0.02,16591.065,3,3,16591.065,0.0,0.0,0.0,0.0,829553.25
1658716,IT,DE,OFFIC,ELEC3,0.05,16590.421,3,3,16590.421,0.0,0.0,0.0,0.0,331808.42
1787266,IT,WA,VEGET,MOTO1,0.06,16589.666,3,3,16589.666,0.0,0.0,0.0,0.0,276494.433333
1682872,IT,HR,NAPHT,POULT,0.03,16589.427,3,3,16589.427,0.0,0.0,0.0,0.0,552980.9
1782244,IT,NO,ALUM1,PROCE,0.03,16589.114,3,3,16589.114,0.0,0.0,0.0,0.0,552970.466667
1715927,IT,NL,GLASS,NONME,0.05,16587.884,3,3,16587.884,0.0,0.0,0.0,0.0,331757.68
1679983,IT,GR,FABRI,TRAN2,0.07,16587.598,3,3,16587.598,0.0,0.0,0.0,0.0,236965.685714
1732524,IT,SI,RUBBE,BRICK,0.05,16587.151,4,4,16587.149,0.0,0.0,0.0,0.002,331743.02
1757045,IT,KR,BUSIN,CEMEN,0.17,16586.413,3,3,16586.413,0.0,0.0,0.0,0.0,97567.135294
1668820,IT,ES,TRAN2,MOTOR,0.03,16585.965,3,3,16585.965,0.0,0.0,0.0,0.0,552865.5
1642803,IT,AT,OFFIC,TEXTI,0.05,16585.962,3,3,16585.962,0.0,0.0,0.0,0.0,331719.24
1800827,IT,WE,BASIC,BRICK,0.02,16585.896,3,3,16585.896,0.0,0.0,0.0,0.0,829294.8
1731091,IT,SI,OILSE,WHOLE,0.01,16585.093,3,3,16585.093,0.0,0.0,0.0,0.0,1658509.3
1771408,IT,CH,FOOD5,TRANS,0.08,16585.042,3,3,16585.042,0.0,0.0,0.0,0.0,207313.025
1792530,IT,WA,REALE,FINAN,0.7,16584.773,3,3,16584.773,0.0,0.0,0.0,0.0,23692.532857
1724096,IT,PT,WHOLE,BUSIN,0.14,16584.122,3,3,16584.122,0.0,0.0,0.0,0.0,118458.014286
1686627,IT,HU,LEAD1,NONME,0.03,16583.739,3,3,16583.739,0.0,0.0,0.0,0.0,552791.3
1714386,IT,NL,CEREA,FURNI,0.03,16583.676,3,3,16583.676,0.0,0.0,0.0,0.0,552789.2
1778746,IT,TR,LANDT,SUGAR,0.11,16583.015,3,3,16583.015,0.0,0.0,0.0,0.0,150754.681818
1745832,IT,JP,LEATH,BEVER,0.12,16582.761,4,4,16582.758,0.0,0.0,0.0,0.003,138189.675
1664980,IT,ES,CHEMI,FISHF,0.04,16582.739,5,5,16581.737,0.0,0.0,1.0,0.002,414568.475
1785183,IT,ZA,FOOD5,REALE,0.08,16582.484,3,3,16582.484,0.0,0.0,0.0,0.0,207281.05
1649932,IT,BG,FABRI,CERAM,0.07,16581.676,3,3,16581.676,0.0,0.0,0.0,0.0,236881.085714
1674002,IT,FR,KEROS,PLAS1,0.02,16581.228,3,3,16581.228,0.0,0.0,0.0,0.0,829061.4
1770812,IT,AU,COMPU,INSUR,0.19,16581.032,3,3,16581.032,0.0,0.0,0.0,0.0,87268.589474
1754785,IT,KR,FOOD5,MEATP,0.08,16580.837,3,3,16580.837,0.0,0.0,0.0,0.0,207260.4625
1683378,IT,HR,BASIC,NATU1,0.02,16580.659,3,3,16580.659,0.0,0.0,0.0,0.0,829032.95
1716746,IT,NL,RETA1,WEARI,0.17,16580.612,3,3,16580.612,0.0,0.0,0.0,0.0,97533.011765
1671592,IT,FI,TRANS,FABRI,0.1,16580.525,3,3,16580.525,0.0,0.0,0.0,0.0,165805.25
1660876,IT,DE,COMPU,FOOD1,0.19,16580.318,3,3,16580.318,0.0,0.0,0.0,0.0,87264.831579
1785524,IT,ZA,MOTOR,FINAN,0.02,16580.194,3,3,16580.194,0.0,0.0,0.0,0.0,829009.7
1709774,IT,LT,RUBBE,VEGE1,0.05,16580.095,4,4,16580.093,0.0,0.0,0.0,0.002,331601.9
1644701,IT,BE,BEVER,OFFIC,0.07,16578.162,3,3,16578.162,0.0,0.0,0.0,0.0,236830.885714
1775085,IT,CH,RENTI,PAPE1,0.1,16578.072,3,3,16578.072,0.0,0.0,0.0,0.0,165780.72
1760439,IT,IN,FOOD5,RETA1,0.08,16577.88,3,3,16577.88,0.0,0.0,0.0,0.0,207223.5
1738733,IT,GB,MACHI,PAPE1,0.09,16577.774,3,3,16577.774,0.0,0.0,0.0,0.0,184197.488889
1658785,IT,DE,MOTO1,MOTOR,0.09,16576.927,3,3,16576.927,0.0,0.0,0.0,0.0,184188.077778
1800165,IT,WE,NONSP,PFERT,0.02,16576.649,3,3,16576.649,0.0,0.0,0.0,0.0,828832.45
1683793,IT,HR,OFFIC,CEMEN,0.05,16575.796,3,3,16575.796,0.0,0.0,0.0,0.0,331515.92
1809435,IT,WM,CHEMI,MOTO1,0.04,16573.57,5,5,16572.568,0.0,0.0,1.0,0.002,414339.25
1674283,IT,FR,NONSP,ELEC3,0.02,16573.542,3,3,16573.542,0.0,0.0,0.0,0.0,828677.1
1676926,IT,FR,AIRTR,VEGET,0.02,16572.925,3,3,16572.925,0.0,0.0,0.0,0.0,828646.25
1752785,IT,CA,WOODW,SUPPO,0.05,16572.605,3,3,16572.605,0.0,0.0,0.0,0.0,331452.1
1768511,IT,AU,FOOD5,MOTOR,0.08,16572.549,3,3,16572.549,0.0,0.0,0.0,0.0,207156.8625
1725936,IT,RO,PLAST,TRANS,0.03,16572.023,4,4,16572.021,0.0,0.0,0.0,0.002,552400.766667
1752535,IT,CA,FOOD5,SALEM,0.08,16571.598,3,3,16571.598,0.0,0.0,0.0,0.0,207144.975
1667848,IT,ES,OFFIC,INTER,0.05,16571.151,3,3,16571.151,0.0,0.0,0.0,0.0,331423.02
1790891,IT,WA,OFFIC,MEATC,0.05,16570.305,3,3,16570.305,0.0,0.0,0.0,0.0,331406.1
1661543,IT,DK,BEVER,CRUDE,0.07,16569.559,3,3,16569.559,0.0,0.0,0.0,0.0,236707.985714
1813923,IT,WM,LANDT,MEMBE,0.11,16569.434,3,3,16569.434,0.0,0.0,0.0,0.0,150631.218182
1778317,IT,TR,SALEM,SEACO,0.13,16569.269,3,3,16569.269,0.0,0.0,0.0,0.0,127455.915385
1679794,IT,GR,PREC1,REALE,0.03,16569.086,3,3,16569.086,0.0,0.0,0.0,0.0,552302.866667
1661562,IT,DK,BEVER,PRINT,0.07,16568.67,3,3,16568.67,0.0,0.0,0.0,0.0,236695.285714
1787419,IT,WA,NATUR,NATUR,0.02,16568.58,3,3,16568.58,0.0,0.0,0.0,0.0,828429.0
1772732,IT,CH,CEMEN,NONME,0.03,16568.324,3,3,16568.324,0.0,0.0,0.0,0.0,552277.466667
1750642,IT,CN,MOTO1,POULT,0.09,16568.072,3,3,16568.072,0.0,0.0,0.0,0.0,184089.688889
1767665,IT,RU,POSTT,WHOLE,0.27,16567.017,3,3,16567.017,0.0,0.0,0.0,0.0,61359.322222
1682420,IT,HR,PAPER,PFERT,0.06,16565.453,4,4,16565.451,0.0,0.0,0.0,0.002,276090.883333
1786917,IT,ZA,AIRTR,DISTR,0.02,16564.407,3,3,16564.407,0.0,0.0,0.0,0.0,828220.35
1746558,IT,JP,BASIC,NONME,0.02,16563.827,3,3,16563.827,0.0,0.0,0.0,0.0,828191.35
1712721,IT,LV,HOTEL,REALE,0.12,16563.456,3,3,16563.456,0.0,0.0,0.0,0.0,138028.8
1645352,IT,BE,GASDI,COMPU,0.02,16563.255,3,3,16563.255,0.0,0.0,0.0,0.0,828162.75
1727193,IT,RO,TRAN2,RETAI,0.03,16561.274,3,3,16561.274,0.0,0.0,0.0,0.0,552042.466667
1773880,IT,CH,ELEC7,HOTEL,0.01,16560.973,3,3,16560.973,0.0,0.0,0.0,0.0,1656097.3
1732680,IT,SI,CERAM,FABRI,0.03,16560.322,3,3,16560.322,0.0,0.0,0.0,0.0,552010.733333
1799160,IT,WE,WEARI,MEDIC,0.12,16559.427,4,4,16559.424,0.0,0.0,0.0,0.003,137995.225
1785873,IT,ZA,ADDIT,PULP5,0.04,16559.426,3,3,16559.426,0.0,0.0,0.0,0.0,413985.65
1754652,IT,KR,STONE,HEALT,0.05,16558.911,4,4,16557.911,0.0,0.0,1.0,0.0,331178.22
1683606,IT,HR,FABRI,MEATA,0.07,16558.518,3,3,16558.518,0.0,0.0,0.0,0.0,236550.257143
1736570,IT,SK,SUPPO,RETA1,0.12,16557.997,3,3,16557.997,0.0,0.0,0.0,0.0,137983.308333
1740833,IT,US,VEGE1,MACHI,0.05,16557.666,4,4,16557.662,0.0,0.0,0.0,0.004,331153.32
1763972,IT,MX,PREC1,ELECT,0.03,16554.967,3,3,16554.967,0.0,0.0,0.0,0.0,551832.233333
1735755,IT,SK,MACHI,PIGS9,0.09,16554.588,3,3,16554.588,0.0,0.0,0.0,0.0,183939.866667
1769850,IT,AU,OFFIC,ELECT,0.05,16552.968,3,3,16552.968,0.0,0.0,0.0,0.0,331059.36
1755826,IT,KR,CERAM,MEMBE,0.03,16551.559,3,3,16551.559,0.0,0.0,0.0,0.0,551718.633333
1652523,IT,CZ,WEARI,SUPPO,0.12,16551.33,4,4,16551.327,0.0,0.0,0.0,0.003,137927.75
1740936,IT,US,FOOD5,FURNI,0.08,16551.132,3,3,16551.132,0.0,0.0,0.0,0.0,206889.15
1665808,IT,ES,PAPER,TEXT2,0.06,16550.451,4,4,16550.449,0.0,0.0,0.0,0.002,275840.85
1684741,IT,HU,VEGET,LANDT,0.06,16550.265,3,3,16550.265,0.0,0.0,0.0,0.0,275837.75
1755466,IT,KR,PLAST,ADDIT,0.03,16548.629,4,4,16548.627,0.0,0.0,0.0,0.002,551620.966667
1749789,IT,CN,ADDIT,TRAN1,0.04,16548.457,3,3,16548.457,0.0,0.0,0.0,0.0,413711.425
1677093,IT,FR,SUPPO,TRAN2,0.12,16547.871,3,3,16547.871,0.0,0.0,0.0,0.0,137898.925
1788822,IT,WA,KERO1,KEROS,0.02,16547.227,3,3,16547.227,0.0,0.0,0.0,0.0,827361.35
1795373,IT,WL,BASIC,FOOD5,0.02,16546.666,3,3,16546.666,0.0,0.0,0.0,0.0,827333.3
1776172,IT,TR,LEATH,REALE,0.12,16545.554,4,4,16545.551,0.0,0.0,0.0,0.003,137879.616667
1732005,IT,SI,KEROS,LEATH,0.02,16544.675,3,3,16544.675,0.0,0.0,0.0,0.0,827233.75
1807633,IT,WF,RESEA,MOTO1,0.09,16543.994,3,3,16543.994,0.0,0.0,0.0,0.0,183822.155556
1783739,IT,NO,FOOD4,FOOD4,0.12,16543.784,3,3,16543.784,0.0,0.0,0.0,0.0,137864.866667
1658620,IT,DE,MACHI,BIOG1,0.09,16543.755,3,3,16543.755,0.0,0.0,0.0,0.0,183819.5
1732493,IT,SI,CHEM1,RECRE,0.03,16543.034,4,4,16543.032,0.0,0.0,0.0,0.002,551434.466667
1767662,IT,RU,POSTT,CONST,0.27,16542.441,3,3,16542.441,0.0,0.0,0.0,0.0,61268.3
1785103,IT,ZA,CHEMI,RECRE,0.04,16542.006,5,5,16541.004,0.0,0.0,1.0,0.002,413550.15
1666540,IT,ES,CHEM1,CHEMI,0.03,16541.664,4,4,16541.662,0.0,0.0,0.0,0.002,551388.8
1778100,IT,TR,MOTO1,OFFIC,0.09,16541.598,3,3,16541.598,0.0,0.0,0.0,0.0,183795.533333
1801359,IT,WE,MACHI,ELE11,0.09,16541.549,3,3,16541.549,0.0,0.0,0.0,0.0,183794.988889
1808204,IT,WF,OILHA,BUSIN,0.09,16541.376,3,3,16541.376,0.0,0.0,0.0,0.0,183793.066667
1662993,IT,DK,HOTEL,WEARI,0.12,16541.219,3,3,16541.219,0.0,0.0,0.0,0.0,137843.491667
1675134,IT,FR,COPP1,BIODI,0.04,16541.1,3,3,16541.1,0.0,0.0,0.0,0.0,413527.5
1727224,IT,RO,SUPPO,PULP5,0.12,16538.891,3,3,16538.891,0.0,0.0,0.0,0.0,137824.091667
1718235,IT,PL,PROCE,CONST,0.11,16537.69,3,3,16537.69,0.0,0.0,0.0,0.0,150342.636364
1794939,IT,WL,CHEM1,WHITE,0.03,16537.669,4,4,16537.667,0.0,0.0,0.0,0.002,551255.633333
1712807,IT,LV,AIRTR,WHOLE,0.02,16537.658,3,3,16537.658,0.0,0.0,0.0,0.0,826882.9
1678793,IT,GR,FOOD5,RETA1,0.08,16537.605,3,3,16537.605,0.0,0.0,0.0,0.0,206720.0625
1790957,IT,WA,MOTO1,ANTHR,0.09,16536.87,3,3,16536.87,0.0,0.0,0.0,0.0,183743.0
1808435,IT,WF,FOOD4,PRECI,0.12,16534.398,3,3,16534.398,0.0,0.0,0.0,0.0,137786.65
1739572,IT,GB,SEACO,DAIRY,0.02,16534.197,3,3,16534.197,0.0,0.0,0.0,0.0,826709.85
1686150,IT,HU,RUBBE,INERT,0.05,16534.138,3,3,16534.138,0.0,0.0,0.0,0.0,330682.76
1661836,IT,DK,PAPER,SUGA1,0.06,16534.131,4,4,16534.129,0.0,0.0,0.0,0.002,275568.85
1754004,IT,CA,LANDT,HEALT,0.11,16533.847,3,3,16533.847,0.0,0.0,0.0,0.0,150307.7
1732696,IT,SI,CERAM,LANDT,0.03,16533.745,3,3,16533.745,0.0,0.0,0.0,0.0,551124.833333
1794543,IT,WL,HEAVY,MEAT4,0.03,16533.412,3,3,16533.412,0.0,0.0,0.0,0.0,551113.733333
1750130,IT,CN,PREC1,BRICK,0.03,16533.266,3,3,16533.266,0.0,0.0,0.0,0.0,551108.866667
1719557,IT,PL,GLASS,TRAN2,0.05,16533.029,3,3,16533.029,0.0,0.0,0.0,0.0,330660.58
1655192,IT,CZ,BUSIN,AUXIL,0.17,16532.313,3,3,16532.313,0.0,0.0,0.0,0.0,97248.9
1730721,IT,SE,COMPU,HEALT,0.19,16531.487,3,3,16531.487,0.0,0.0,0.0,0.0,87007.826316
1799444,IT,WE,PAPER,WEARI,0.06,16529.181,4,4,16529.179,0.0,0.0,0.0,0.002,275486.35
1796699,IT,WL,RAILW,CONST,0.11,16527.584,3,3,16527.584,0.0,0.0,0.0,0.0,150250.763636
1684246,IT,HR,SEACO,SECO9,0.02,16527.208,3,3,16527.208,0.0,0.0,0.0,0.0,826360.4
1783908,IT,ID,CROPS,CROPS,0.13,16526.212,3,3,16526.212,0.0,0.0,0.0,0.0,127124.707692
1665355,IT,ES,TOBAC,WASTE,0.07,16526.031,3,3,16526.031,0.0,0.0,0.0,0.0,236086.157143
1678880,IT,GR,FISH5,PUBLI,0.07,16525.163,4,4,16525.155,0.0,0.0,0.0,0.008,236073.757143
1795071,IT,WL,ADDIT,RECRE,0.04,16524.363,3,3,16524.363,0.0,0.0,0.0,0.0,413109.075
1786310,IT,ZA,FABRI,AIRTR,0.07,16523.313,3,3,16523.313,0.0,0.0,0.0,0.0,236047.328571
1666405,IT,ES,NAPHT,COMPU,0.03,16523.212,3,3,16523.212,0.0,0.0,0.0,0.0,550773.733333
1714087,IT,MT,SEACO,BEVER,0.02,16522.762,3,3,16522.762,0.0,0.0,0.0,0.0,826138.1
1789780,IT,WA,GLASS,BIOG1,0.05,16522.369,3,3,16522.369,0.0,0.0,0.0,0.0,330447.38
1714869,IT,NL,FOOD5,93197,0.08,16520.948,3,3,16520.948,0.0,0.0,0.0,0.0,206511.85
1743594,IT,US,HOTEL,PETRO,0.12,16520.367,3,3,16520.367,0.0,0.0,0.0,0.0,137669.725
1687606,IT,HU,TRAN2,ELECT,0.03,16519.113,3,3,16519.113,0.0,0.0,0.0,0.0,550637.1
1650177,IT,BG,MOTO1,RETA1,0.09,16518.433,3,3,16518.433,0.0,0.0,0.0,0.0,183538.144444
1725204,IT,RO,DAIRY,EDUCA,0.07,16518.246,3,3,16518.246,0.0,0.0,0.0,0.0,235974.942857
1779679,IT,TR,RESEA,ELEC4,0.09,16517.635,3,3,16517.635,0.0,0.0,0.0,0.0,183529.277778
1742195,IT,US,GLASS,RETAI,0.05,16517.439,3,3,16517.439,0.0,0.0,0.0,0.0,330348.78
1739560,IT,GB,TRAN2,WHOLE,0.03,16517.062,3,3,16517.062,0.0,0.0,0.0,0.0,550568.733333
1690190,IT,IE,BUSIN,GASDI,0.17,16515.808,3,3,16515.808,0.0,0.0,0.0,0.0,97151.811765
1753369,IT,CA,ALUM1,VEGE1,0.03,16513.066,3,3,16513.066,0.0,0.0,0.0,0.0,550435.533333
1800863,IT,WE,BASIC,EDUCA,0.02,16511.545,3,3,16511.545,0.0,0.0,0.0,0.0,825577.25
1798161,IT,WE,WHEAT,PAPER,0.01,16510.587,3,3,16510.587,0.0,0.0,0.0,0.0,1651058.7
1653643,IT,CZ,ALUM1,CEMEN,0.03,16508.816,3,3,16508.816,0.0,0.0,0.0,0.0,550293.866667
1785131,IT,ZA,DAIRY,FOOD5,0.07,16507.907,3,3,16507.907,0.0,0.0,0.0,0.0,235827.242857
1795509,IT,WL,ALUM1,GASDI,0.03,16507.302,3,3,16507.302,0.0,0.0,0.0,0.0,550243.4
1813648,IT,WM,RETA1,PRINT,0.17,16507.148,3,3,16507.148,0.0,0.0,0.0,0.0,97100.870588
1748735,IT,CN,BEVER,TRANS,0.07,16506.175,3,3,16506.175,0.0,0.0,0.0,0.0,235802.5
1714388,IT,NL,CEREA,HOTEL,0.03,16505.848,3,3,16505.848,0.0,0.0,0.0,0.0,550194.933333
1755678,IT,KR,RUBBE,SECO9,0.05,16505.535,3,3,16505.535,0.0,0.0,0.0,0.0,330110.7
1746584,IT,JP,PREC1,LIQUE,0.03,16504.579,3,3,16504.579,0.0,0.0,0.0,0.0,550152.633333
1750903,IT,CN,CONST,PAPER,0.09,16503.964,3,3,16503.964,0.0,0.0,0.0,0.0,183377.377778
1749447,IT,CN,HEAVY,LEATH,0.03,16503.939,3,3,16503.939,0.0,0.0,0.0,0.0,550131.3
1717555,IT,NL,RENTI,HEALT,0.1,16502.839,3,3,16502.839,0.0,0.0,0.0,0.0,165028.39
1659918,IT,DE,TRAN2,NONSP,0.03,16501.903,3,3,16501.903,0.0,0.0,0.0,0.0,550063.433333
1653156,IT,CZ,CHEM1,BIOG1,0.03,16501.552,4,4,16501.55,0.0,0.0,0.0,0.002,550051.733333
1793955,IT,WL,LEATH,POSTT,0.12,16501.493,4,4,16501.49,0.0,0.0,0.0,0.003,137512.441667
1665255,IT,ES,BEVER,SUGA1,0.07,16500.413,3,3,16500.413,0.0,0.0,0.0,0.0,235720.185714
1786873,IT,ZA,SEACO,FOUND,0.02,16500.27,3,3,16500.27,0.0,0.0,0.0,0.0,825013.5
1678777,IT,GR,FOOD5,PROCE,0.08,16499.986,3,3,16499.986,0.0,0.0,0.0,0.0,206249.825
1747051,IT,JP,FURNI,BEVER,0.05,16499.301,3,3,16499.301,0.0,0.0,0.0,0.0,329986.02
1719684,IT,PL,NONME,BEVER,0.03,16499.197,4,4,16499.195,0.0,0.0,0.0,0.002,549973.233333
1651332,IT,CY,WOODW,CEMEN,0.05,16498.807,3,3,16498.807,0.0,0.0,0.0,0.0,329976.14
1757410,IT,BR,WOODW,MOTO1,0.05,16498.435,3,3,16498.435,0.0,0.0,0.0,0.0,329968.7
1717606,IT,NL,RESEA,RENTI,0.09,16497.358,3,3,16497.358,0.0,0.0,0.0,0.0,183303.977778
1732685,IT,SI,CERAM,FURNI,0.03,16497.264,3,3,16497.264,0.0,0.0,0.0,0.0,549908.8
1763819,IT,MX,CERAM,BUSIN,0.03,16496.176,3,3,16496.176,0.0,0.0,0.0,0.0,549872.533333
1642495,IT,AT,LEAD1,FURNI,0.03,16495.434,3,3,16495.434,0.0,0.0,0.0,0.0,549847.8
1792157,IT,WA,SUPPO,KEROS,0.12,16494.998,3,3,16494.998,0.0,0.0,0.0,0.0,137458.316667
1652729,IT,CZ,PAPER,PREC1,0.06,16494.406,4,4,16494.404,0.0,0.0,0.0,0.002,274906.766667
1770991,IT,CH,VEGET,MEMBE,0.06,16494.187,3,3,16494.187,0.0,0.0,0.0,0.0,274903.116667
1801065,IT,WE,COPP1,LIQUE,0.04,16494.156,3,3,16494.156,0.0,0.0,0.0,0.0,412353.9
1684258,IT,HR,SEACO,AIRTR,0.02,16492.681,3,3,16492.681,0.0,0.0,0.0,0.0,824634.05
1655911,IT,DE,PROCE,VEGE1,0.11,16492.477,3,3,16492.477,0.0,0.0,0.0,0.0,149931.609091
1738659,IT,GB,MACHI,TOBAC,0.09,16492.199,3,3,16492.199,0.0,0.0,0.0,0.0,183246.655556
1783734,IT,NO,FOOD4,WOOD1,0.12,16490.473,3,3,16490.473,0.0,0.0,0.0,0.0,137420.608333
1770618,IT,AU,POSTT,RECRE,0.27,16488.928,3,3,16488.928,0.0,0.0,0.0,0.0,61070.103704
1763924,IT,MX,BASIC,PFERT,0.02,16488.893,3,3,16488.893,0.0,0.0,0.0,0.0,824444.65
1768769,IT,AU,WEARI,POSTT,0.12,16488.024,4,4,16488.021,0.0,0.0,0.0,0.003,137400.2
1751668,IT,CN,INSUR,PIGS9,0.34,16487.584,3,3,16487.584,0.0,0.0,0.0,0.0,48492.894118
1721441,IT,PL,AIRTR,GLASS,0.02,16487.189,3,3,16487.189,0.0,0.0,0.0,0.0,824359.45
1769998,IT,AU,FURNI,LEATH,0.05,16487.112,3,3,16487.112,0.0,0.0,0.0,0.0,329742.24
1760994,IT,IN,PARAF,BLAST,0.03,16486.268,3,3,16486.268,0.0,0.0,0.0,0.0,549542.266667
1777706,IT,TR,COPP1,ELEC1,0.04,16485.277,3,3,16485.277,0.0,0.0,0.0,0.0,412131.925
1813700,IT,WM,RETA1,INSUR,0.17,16484.446,3,3,16484.446,0.0,0.0,0.0,0.0,96967.329412
1671501,IT,FI,MACHI,COPP1,0.09,16484.374,3,3,16484.374,0.0,0.0,0.0,0.0,183159.711111
1734597,IT,SK,BEVER,SUPPO,0.07,16484.146,3,3,16484.146,0.0,0.0,0.0,0.0,235487.8
1712564,IT,LV,MACHI,CEMEN,0.09,16483.971,3,3,16483.971,0.0,0.0,0.0,0.0,183155.233333
1732141,IT,SI,GASDI,NONME,0.02,16483.768,3,3,16483.768,0.0,0.0,0.0,0.0,824188.4
1668118,IT,ES,CONST,LANDT,0.09,16481.585,3,3,16481.585,0.0,0.0,0.0,0.0,183128.722222
1640281,IT,AT,SANDC,CATTL,0.04,16481.504,4,4,16477.504,0.0,0.0,4.0,0.0,412037.6
1781967,IT,NO,RUBBE,RAWMI,0.05,16480.443,3,3,16480.443,0.0,0.0,0.0,0.0,329608.86
1809005,IT,WM,VEGET,ETHAN,0.06,16480.159,3,3,16480.159,0.0,0.0,0.0,0.0,274669.316667
1710194,IT,LT,MACHI,RESEA,0.09,16477.715,3,3,16477.715,0.0,0.0,0.0,0.0,183085.722222
1645116,IT,BE,PAPER,INTER,0.06,16477.196,4,4,16477.194,0.0,0.0,0.0,0.002,274619.933333
1809886,IT,WM,BEVER,PRINT,0.07,16476.48,3,3,16476.48,0.0,0.0,0.0,0.0,235378.285714
1714094,IT,MT,SEACO,CERAM,0.02,16476.133,3,3,16476.133,0.0,0.0,0.0,0.0,823806.65
1656077,IT,DE,BEVER,MACHI,0.07,16475.892,3,3,16475.892,0.0,0.0,0.0,0.0,235369.885714
1642624,IT,AT,FABRI,GLASS,0.07,16475.405,3,3,16475.405,0.0,0.0,0.0,0.0,235362.928571
1728533,IT,SE,WOODW,93197,0.05,16475.375,3,3,16475.375,0.0,0.0,0.0,0.0,329507.5
1717610,IT,NL,RESEA,PUBLI,0.09,16474.278,3,3,16474.278,0.0,0.0,0.0,0.0,183047.533333
1800187,IT,WE,PLAST,FORES,0.03,16473.259,4,4,16473.257,0.0,0.0,0.0,0.002,549108.633333
1662182,IT,DK,RUBBE,REALE,0.05,16472.991,3,3,16472.991,0.0,0.0,0.0,0.0,329459.82
1732234,IT,SI,LIQUE,CEREA,0.03,16472.354,3,3,16472.354,0.0,0.0,0.0,0.0,549078.466667
1773917,IT,CH,SALEM,POULT,0.13,16472.119,3,3,16472.119,0.0,0.0,0.0,0.0,126708.607692
1686141,IT,HU,RUBBE,INTER,0.05,16471.673,3,3,16471.673,0.0,0.0,0.0,0.0,329433.46
1760916,IT,IN,HEAVY,OILSE,0.03,16470.203,3,3,16470.203,0.0,0.0,0.0,0.0,549006.766667
1766144,IT,RU,RUBBE,TRAN1,0.05,16469.117,3,3,16469.117,0.0,0.0,0.0,0.0,329382.34
1771041,IT,CH,FORES,CONST,0.14,16468.465,4,4,16462.465,0.0,6.0,0.0,0.0,117631.892857
1651364,IT,CY,PAPER,RETA1,0.06,16468.331,4,4,16468.329,0.0,0.0,0.0,0.002,274472.183333
1796819,IT,WL,SEACO,CROPS,0.02,16467.383,3,3,16467.383,0.0,0.0,0.0,0.0,823369.15
1757344,IT,BR,TEXTI,WHOLE,0.1,16466.751,4,4,16466.749,0.0,0.0,0.0,0.002,164667.51
1719913,IT,PL,PREC1,LUBRI,0.03,16466.477,3,3,16466.477,0.0,0.0,0.0,0.0,548882.566667
1642640,IT,AT,FABRI,RADIO,0.07,16466.406,3,3,16466.406,0.0,0.0,0.0,0.0,235234.371429
1641491,IT,AT,HEAVY,CROPS,0.03,16466.334,3,3,16466.334,0.0,0.0,0.0,0.0,548877.8
1659916,IT,DE,TRAN2,PARAF,0.03,16465.812,3,3,16465.812,0.0,0.0,0.0,0.0,548860.4
1810442,IT,WM,PULP5,NONF1,0.05,16465.582,4,4,16465.58,0.0,0.0,0.0,0.002,329311.64
1721409,IT,PL,SEACO,AIRTR,0.02,16464.472,3,3,16464.472,0.0,0.0,0.0,0.0,823223.6
1725681,IT,RO,PAPER,NONME,0.06,16463.904,4,4,16463.902,0.0,0.0,0.0,0.002,274398.4
1765348,IT,RU,FOOD5,SUPPO,0.08,16463.634,3,3,16463.634,0.0,0.0,0.0,0.0,205795.425
1640345,IT,AT,CHEMI,BUSIN,0.04,16463.521,5,5,16462.519,0.0,0.0,1.0,0.002,411588.025
1804167,IT,WF,PAPER,RAILW,0.06,16463.452,4,4,16463.45,0.0,0.0,0.0,0.002,274390.866667
1653639,IT,CZ,ALUM1,BIODI,0.03,16463.407,3,3,16463.407,0.0,0.0,0.0,0.0,548780.233333
1673916,IT,FR,MOTOR,MACHI,0.02,16463.191,3,3,16463.191,0.0,0.0,0.0,0.0,823159.55
1721502,IT,PL,SUPPO,WOODW,0.12,16463.061,3,3,16463.061,0.0,0.0,0.0,0.0,137192.175
1801050,IT,WE,COPP1,SUGA1,0.04,16462.129,3,3,16462.129,0.0,0.0,0.0,0.0,411553.225
1754651,IT,KR,STONE,RESEA,0.05,16461.904,4,4,16460.904,0.0,0.0,1.0,0.0,329238.08
1740136,IT,GB,COMPU,TRAN1,0.19,16460.214,3,3,16460.214,0.0,0.0,0.0,0.0,86632.705263
1722553,IT,PT,BEVER,FABRI,0.07,16459.562,3,3,16459.562,0.0,0.0,0.0,0.0,235136.6
1652625,IT,CZ,WOODW,PFERT,0.05,16458.871,3,3,16458.871,0.0,0.0,0.0,0.0,329177.42
1713488,IT,MT,RUBBE,PRINT,0.05,16458.649,3,3,16458.649,0.0,0.0,0.0,0.0,329172.98
1743961,IT,US,AIRTR,BITUM,0.02,16458.375,3,3,16458.375,0.0,0.0,0.0,0.0,822918.75
1724874,IT,PT,BUSIN,GLASS,0.17,16458.153,3,3,16458.153,0.0,0.0,0.0,0.0,96812.664706
1709391,IT,LT,BEVER,FOOD5,0.07,16457.924,3,3,16457.924,0.0,0.0,0.0,0.0,235113.2
1721765,IT,PL,INSUR,INSUR,0.34,16457.923,3,3,16457.923,0.0,0.0,0.0,0.0,48405.655882
1723424,IT,PT,BASIC,INTER,0.02,16456.944,3,3,16456.944,0.0,0.0,0.0,0.0,822847.2
1762700,IT,IN,BUSIN,MEAT4,0.17,16456.542,3,3,16456.542,0.0,0.0,0.0,0.0,96803.188235
1646601,IT,BE,MOTO1,RETAI,0.09,16455.978,3,3,16455.978,0.0,0.0,0.0,0.0,182844.2
1795648,IT,WL,FABRI,NAPHT,0.07,16455.578,3,3,16455.578,0.0,0.0,0.0,0.0,235079.685714
1746312,IT,JP,CHEM1,FOOD3,0.03,16455.488,4,4,16455.486,0.0,0.0,0.0,0.002,548516.266667
1749493,IT,CN,NAPHT,RUBBE,0.03,16454.464,3,3,16454.464,0.0,0.0,0.0,0.0,548482.133333
1769629,IT,AU,FABRI,GASDI,0.07,16454.059,3,3,16454.059,0.0,0.0,0.0,0.0,235057.985714
1656865,IT,DE,HEAVY,BITU1,0.03,16454.04,3,3,16454.04,0.0,0.0,0.0,0.0,548468.0
1742850,IT,US,MACHI,FORES,0.09,16453.432,3,3,16453.432,0.0,0.0,0.0,0.0,182815.911111
1812958,IT,WM,MACHI,REFI1,0.09,16453.308,3,3,16453.308,0.0,0.0,0.0,0.0,182814.533333
1685045,IT,HU,DAIRY,RETA1,0.07,16453.051,3,3,16453.051,0.0,0.0,0.0,0.0,235043.585714
1800097,IT,WE,NAPHT,COALT,0.03,16452.935,3,3,16452.935,0.0,0.0,0.0,0.0,548431.166667
1800122,IT,WE,NAPHT,ALUM1,0.03,16452.55,3,3,16452.55,0.0,0.0,0.0,0.0,548418.333333
1750030,IT,CN,NONME,TRANS,0.03,16451.798,4,4,16451.796,0.0,0.0,0.0,0.002,548393.266667
1776623,IT,TR,GASDI,ELECT,0.02,16451.629,3,3,16451.629,0.0,0.0,0.0,0.0,822581.45
1722672,IT,PT,WEARI,BUSIN,0.12,16451.102,4,4,16451.099,0.0,0.0,0.0,0.003,137092.516667
1758828,IT,BR,RETA1,RECRE,0.17,16450.532,3,3,16450.532,0.0,0.0,0.0,0.0,96767.835294
1737872,IT,GB,PLAST,COPP1,0.03,16449.353,4,4,16449.351,0.0,0.0,0.0,0.002,548311.766667
1784347,IT,ID,RUBBE,GLASS,0.05,16448.72,3,3,16448.72,0.0,0.0,0.0,0.0,328974.4
1769457,IT,AU,NONME,PUBLI,0.03,16448.476,4,4,16448.474,0.0,0.0,0.0,0.002,548282.533333
1779172,IT,TR,POSTT,LIQUE,0.27,16448.197,3,3,16448.197,0.0,0.0,0.0,0.0,60919.248148
1722497,IT,PT,FOOD5,PROCE,0.08,16448.196,3,3,16448.196,0.0,0.0,0.0,0.0,205602.45
1667626,IT,ES,MACHI,TOBAC,0.09,16447.006,3,3,16447.006,0.0,0.0,0.0,0.0,182744.511111
1795209,IT,WL,GLASS,RUBBE,0.05,16446.209,3,3,16446.209,0.0,0.0,0.0,0.0,328924.18
1789878,IT,WA,CERAM,WASTE,0.03,16445.673,3,3,16445.673,0.0,0.0,0.0,0.0,548189.1
1645366,IT,BE,HEAVY,PRINT,0.03,16445.443,3,3,16445.443,0.0,0.0,0.0,0.0,548181.433333
1750727,IT,CN,MOTO1,RECRE,0.09,16445.047,3,3,16445.047,0.0,0.0,0.0,0.0,182722.744444
1728828,IT,SE,PLAST,PULP5,0.03,16444.77,4,4,16444.768,0.0,0.0,0.0,0.002,548159.0
1736780,IT,SK,COMPU,PRINT,0.19,16443.925,3,3,16443.925,0.0,0.0,0.0,0.0,86546.973684
1753349,IT,CA,BASIC,INERT,0.02,16443.772,3,3,16443.772,0.0,0.0,0.0,0.0,822188.6
1672946,IT,FR,DAIRY,FURNI,0.07,16443.227,3,3,16443.227,0.0,0.0,0.0,0.0,234903.242857
1662946,IT,DK,RETA1,LANDT,0.17,16442.96,3,3,16442.96,0.0,0.0,0.0,0.0,96723.294118
1811766,IT,WM,ADDIT,ALUM1,0.04,16442.303,3,3,16442.303,0.0,0.0,0.0,0.0,411057.575
1771050,IT,CH,FISHF,CROPS,0.03,16441.563,3,3,16441.563,0.0,0.0,0.0,0.0,548052.1
1772467,IT,CH,BIOGA,CONST,0.03,16441.535,4,4,16441.533,0.0,0.0,0.0,0.002,548051.166667
1666138,IT,ES,GASDI,ELEC4,0.02,16441.071,3,3,16441.071,0.0,0.0,0.0,0.0,822053.55
1771135,IT,CH,MEATC,FOOD5,0.05,16440.992,3,3,16440.992,0.0,0.0,0.0,0.0,328819.84
1747170,IT,JP,CONST,MEDIC,0.09,16439.384,3,3,16439.384,0.0,0.0,0.0,0.0,182659.822222
1723962,IT,PT,SALEM,FABRI,0.13,16439.21,3,3,16439.21,0.0,0.0,0.0,0.0,126455.461538
1649485,IT,BG,BIODI,CONST,0.03,16438.942,4,4,16438.94,0.0,0.0,0.0,0.002,547964.733333
1809277,IT,WM,CRUDE,REALE,0.03,16438.353,3,3,16438.353,0.0,0.0,0.0,0.0,547945.1
1793334,IT,WA,PRIVA,AUXIL,3.67,16438.281,4,4,16438.278,0.0,0.0,0.0,0.003,4479.09564
1792096,IT,WA,AIRTR,DIST1,0.02,16436.5,3,3,16436.5,0.0,0.0,0.0,0.0,821825.0
1723345,IT,PT,NONME,FOUND,0.03,16435.731,4,4,16435.729,0.0,0.0,0.0,0.002,547857.7
1736047,IT,SK,FURNI,RUBBE,0.05,16435.608,3,3,16435.608,0.0,0.0,0.0,0.0,328712.16
1712521,IT,LV,FABRI,DIST1,0.07,16434.955,3,3,16434.955,0.0,0.0,0.0,0.0,234785.071429
1671281,IT,FI,PREC1,CHEM1,0.03,16434.844,3,3,16434.844,0.0,0.0,0.0,0.0,547828.133333
1687767,IT,HU,SUPPO,RESEA,0.12,16433.549,3,3,16433.549,0.0,0.0,0.0,0.0,136946.241667
1785178,IT,ZA,FOOD5,DISTR,0.08,16433.341,3,3,16433.341,0.0,0.0,0.0,0.0,205416.7625
1649935,IT,BG,FABRI,NONME,0.07,16432.884,3,3,16432.884,0.0,0.0,0.0,0.0,234755.485714
1663127,IT,DK,LANDT,WHEAT,0.11,16432.381,3,3,16432.381,0.0,0.0,0.0,0.0,149385.281818
1723758,IT,PT,OFFIC,FISHF,0.05,16432.223,3,3,16432.223,0.0,0.0,0.0,0.0,328644.46
1784538,IT,ID,FABRI,REALE,0.07,16431.402,3,3,16431.402,0.0,0.0,0.0,0.0,234734.314286
1769925,IT,AU,MOTO1,DISTR,0.09,16431.012,3,3,16431.012,0.0,0.0,0.0,0.0,182566.8
1743249,IT,US,FURNI,OILSE,0.05,16430.31,3,3,16430.31,0.0,0.0,0.0,0.0,328606.2
1771309,IT,CH,DAIRY,TRANS,0.07,16430.141,3,3,16430.141,0.0,0.0,0.0,0.0,234716.3
1732329,IT,SI,NAPHT,DISTR,0.03,16430.129,3,3,16430.129,0.0,0.0,0.0,0.0,547670.966667
1690296,IT,IE,SEWAG,WHOLE,0.14,16429.616,3,3,16429.616,0.0,0.0,0.0,0.0,117354.4
1743715,IT,US,RAILW,FOOD3,0.11,16428.659,3,3,16428.659,0.0,0.0,0.0,0.0,149351.445455
1669799,IT,ES,BUSIN,ELEC1,0.17,16428.419,3,3,16428.419,0.0,0.0,0.0,0.0,96637.758824
1660885,IT,DE,COMPU,INERT,0.19,16427.426,3,3,16427.426,0.0,0.0,0.0,0.0,86460.136842
1648559,IT,BG,CRUDE,NONME,0.03,16427.05,3,3,16427.05,0.0,0.0,0.0,0.0,547568.333333
1732011,IT,SI,KEROS,GLASS,0.02,16426.744,3,3,16426.744,0.0,0.0,0.0,0.0,821337.2
1744104,IT,US,SUPPO,BIOGA,0.12,16426.338,3,3,16426.338,0.0,0.0,0.0,0.0,136886.15
1746523,IT,JP,NONME,COKEO,0.03,16425.99,4,4,16425.988,0.0,0.0,0.0,0.002,547533.0
1714033,IT,MT,HOTEL,OFFIC,0.12,16424.32,3,3,16424.32,0.0,0.0,0.0,0.0,136869.333333
1749477,IT,CN,HEAVY,RETA1,0.03,16423.993,3,3,16423.993,0.0,0.0,0.0,0.0,547466.433333
1713076,IT,MT,DAIRY,MACHI,0.07,16423.867,3,3,16423.867,0.0,0.0,0.0,0.0,234626.671429
1767468,IT,RU,SEACO,FORES,0.02,16422.447,3,3,16422.447,0.0,0.0,0.0,0.0,821122.35
1780204,IT,TW,RAILW,MOTOR,0.11,16421.419,3,3,16421.419,0.0,0.0,0.0,0.0,149285.627273
1766105,IT,RU,RUBBE,MOTOR,0.05,16420.989,3,3,16420.989,0.0,0.0,0.0,0.0,328419.78
1761822,IT,IN,OFFIC,RENTI,0.05,16420.533,3,3,16420.533,0.0,0.0,0.0,0.0,328410.66
1745561,IT,JP,BEVER,SUPPO,0.07,16419.907,3,3,16419.907,0.0,0.0,0.0,0.0,234570.1
1645780,IT,BE,RUBBE,DISTR,0.05,16419.878,3,3,16419.878,0.0,0.0,0.0,0.0,328397.56
1673796,IT,FR,PAPER,MEMBE,0.06,16419.714,4,4,16419.712,0.0,0.0,0.0,0.002,273661.9
1736306,IT,SK,HOTEL,FINAN,0.12,16419.323,3,3,16419.323,0.0,0.0,0.0,0.0,136827.691667
1673472,IT,FR,WEARI,OILHA,0.12,16419.112,4,4,16419.109,0.0,0.0,0.0,0.003,136825.933333
1793371,IT,WL,VEGET,BIOGA,0.06,16418.748,3,3,16418.748,0.0,0.0,0.0,0.0,273645.8
1725952,IT,RO,CHEM1,POULT,0.03,16418.049,4,4,16418.047,0.0,0.0,0.0,0.002,547268.3
1807232,IT,WF,SUPPO,PFERT,0.12,16417.784,3,3,16417.784,0.0,0.0,0.0,0.0,136814.866667
1716460,IT,NL,OFFIC,PULP5,0.05,16417.319,3,3,16417.319,0.0,0.0,0.0,0.0,328346.38
1801944,IT,WE,SALEM,RETA1,0.13,16416.556,3,3,16416.556,0.0,0.0,0.0,0.0,126281.2
1812068,IT,WM,CERAM,RUBBE,0.03,16416.054,3,3,16416.054,0.0,0.0,0.0,0.0,547201.8
1779970,IT,TW,SALEM,IRONO,0.13,16413.328,3,3,16413.328,0.0,0.0,0.0,0.0,126256.369231
1659123,IT,DE,ELEC7,LANDT,0.01,16413.124,3,3,16413.124,0.0,0.0,0.0,0.0,1641312.4
1640430,IT,AT,VEGE1,PLAST,0.05,16412.892,4,4,16412.888,0.0,0.0,0.0,0.004,328257.84
1651160,IT,BG,BUSIN,DAIRY,0.17,16411.995,3,3,16411.995,0.0,0.0,0.0,0.0,96541.147059
1725822,IT,RO,MOTOR,SALEM,0.02,16411.842,3,3,16411.842,0.0,0.0,0.0,0.0,820592.1
1811776,IT,WM,ADDIT,TRANS,0.04,16411.746,3,3,16411.746,0.0,0.0,0.0,0.0,410293.65
1663888,IT,EE,WEARI,RENTI,0.12,16411.145,4,4,16411.142,0.0,0.0,0.0,0.003,136759.541667
1788117,IT,WA,WEARI,STONE,0.12,16409.948,4,4,16409.945,0.0,0.0,0.0,0.003,136749.566667
1648050,IT,BE,COMPU,CONST,0.19,16409.446,3,3,16409.446,0.0,0.0,0.0,0.0,86365.505263
1765871,IT,RU,NONSP,PFERT,0.02,16409.308,3,3,16409.308,0.0,0.0,0.0,0.0,820465.4
1684229,IT,HR,SEACO,PULP5,0.02,16409.029,3,3,16409.029,0.0,0.0,0.0,0.0,820451.45
1670801,IT,FI,PRINT,AUXIL,0.16,16408.631,3,3,16408.631,0.0,0.0,0.0,0.0,102553.94375
1760993,IT,IN,PARAF,COKE1,0.03,16407.573,3,3,16407.573,0.0,0.0,0.0,0.0,546919.1
1811196,IT,WM,NAPHT,LANDT,0.03,16407.47,3,3,16407.47,0.0,0.0,0.0,0.0,546915.666667
1712049,IT,LV,BEVER,ANIMA,0.07,16406.541,3,3,16406.541,0.0,0.0,0.0,0.0,234379.157143
1715616,IT,NL,NAPHT,CHEMI,0.03,16405.465,3,3,16405.465,0.0,0.0,0.0,0.0,546848.833333
1803772,IT,WF,TEXTI,COKIN,0.1,16401.28,4,4,16401.278,0.0,0.0,0.0,0.002,164012.8
1771217,IT,CH,VEGE1,FISH5,0.05,16401.025,4,4,16401.021,0.0,0.0,0.0,0.004,328020.5
1763549,IT,MX,CHEM1,ETHAN,0.03,16400.813,4,4,16400.811,0.0,0.0,0.0,0.002,546693.766667
1715116,IT,NL,WEARI,RECRE,0.12,16399.023,4,4,16399.02,0.0,0.0,0.0,0.003,136658.525
1761884,IT,IN,TRANS,INLAN,0.1,16398.961,3,3,16398.961,0.0,0.0,0.0,0.0,163989.61
1666933,IT,ES,CERAM,TEXTI,0.03,16398.818,3,3,16398.818,0.0,0.0,0.0,0.0,546627.266667
1744207,IT,US,POSTT,PAPER,0.27,16398.028,3,3,16398.028,0.0,0.0,0.0,0.0,60733.437037
1643608,IT,AT,AIRTR,NAPHT,0.02,16397.739,3,3,16397.739,0.0,0.0,0.0,0.0,819886.95
1777895,IT,TR,MACHI,NICKE,0.09,16397.372,3,3,16397.372,0.0,0.0,0.0,0.0,182193.022222
1743375,IT,US,SALEM,PREC1,0.13,16396.813,3,3,16396.813,0.0,0.0,0.0,0.0,126129.330769
1755259,IT,KR,PAPER,MOTOR,0.06,16396.693,4,4,16396.691,0.0,0.0,0.0,0.002,273278.216667
1789715,IT,WA,GLASS,PLANT,0.05,16396.058,3,3,16396.058,0.0,0.0,0.0,0.0,327921.16
1671790,IT,FI,WHOLE,HOTEL,0.14,16395.159,3,3,16395.159,0.0,0.0,0.0,0.0,117108.278571
1682550,IT,HR,MOTOR,FURNI,0.02,16393.773,3,3,16393.773,0.0,0.0,0.0,0.0,819688.65
1679491,IT,GR,CHEM1,ELEC4,0.03,16393.589,4,4,16393.587,0.0,0.0,0.0,0.002,546452.966667
1774716,IT,CH,SUPPO,CEMEN,0.12,16392.684,3,3,16392.684,0.0,0.0,0.0,0.0,136605.7
1779658,IT,TR,RESEA,GLASS,0.09,16392.676,3,3,16392.676,0.0,0.0,0.0,0.0,182140.844444
1641503,IT,AT,HEAVY,MEATP,0.03,16391.783,3,3,16391.783,0.0,0.0,0.0,0.0,546392.766667
1666345,IT,ES,LIQUE,POSTT,0.03,16391.432,3,3,16391.432,0.0,0.0,0.0,0.0,546381.066667
1647668,IT,BE,FINAN,WHOLE,0.21,16391.042,3,3,16391.042,0.0,0.0,0.0,0.0,78052.580952
1747469,IT,JP,SEACO,PETRO,0.02,16390.878,3,3,16390.878,0.0,0.0,0.0,0.0,819543.9
1810755,IT,WM,MOTOR,FOOD3,0.02,16390.763,3,3,16390.763,0.0,0.0,0.0,0.0,819538.15
1800052,IT,WE,LIQUE,HEAVY,0.03,16389.068,3,3,16389.068,0.0,0.0,0.0,0.0,546302.266667
1722435,IT,PT,VEGE1,MEATP,0.05,16389.012,4,4,16389.008,0.0,0.0,0.0,0.004,327780.24
1764869,IT,MX,AIRTR,WOODW,0.02,16388.999,3,3,16388.999,0.0,0.0,0.0,0.0,819449.95
1722170,IT,PL,BUSIN,SEWAG,0.17,16387.829,3,3,16387.829,0.0,0.0,0.0,0.0,96398.994118
1680439,IT,GR,ELEC4,BASIC,0.26,16386.748,3,3,16386.748,0.0,0.0,0.0,0.0,63025.953846
1726643,IT,RO,MOTO1,SUPPO,0.09,16385.623,3,3,16385.623,0.0,0.0,0.0,0.0,182062.477778
1788441,IT,WA,PULP5,BEVER,0.05,16385.3,4,4,16385.298,0.0,0.0,0.0,0.002,327706.0
1646861,IT,BE,WHOLE,VEGET,0.14,16384.678,3,3,16384.678,0.0,0.0,0.0,0.0,117033.414286
1808150,IT,WF,OILHA,POULT,0.09,16384.533,3,3,16384.533,0.0,0.0,0.0,0.0,182050.366667
1666568,IT,ES,CHEM1,REFI1,0.03,16383.943,4,4,16383.941,0.0,0.0,0.0,0.002,546131.433333
1765219,IT,RU,WHEAT,RADIO,0.01,16383.748,3,3,16383.748,0.0,0.0,0.0,0.0,1638374.8
1718822,IT,PL,PAPER,RADIO,0.06,16383.35,4,4,16383.348,0.0,0.0,0.0,0.002,273055.833333
1792655,IT,WA,RESEA,PFERT,0.09,16383.274,3,3,16383.274,0.0,0.0,0.0,0.0,182036.377778
1776471,IT,TR,MOTOR,RUBBE,0.02,16380.722,3,3,16380.722,0.0,0.0,0.0,0.0,819036.1
1642413,IT,AT,ALUM1,IRONO,0.03,16380.452,3,3,16380.452,0.0,0.0,0.0,0.0,546015.066667
1653332,IT,CZ,GLASS,PLAST,0.04,16380.252,3,3,16380.252,0.0,0.0,0.0,0.0,409506.3
1662577,IT,DK,FABRI,COPP1,0.07,16380.186,3,3,16380.186,0.0,0.0,0.0,0.0,234002.657143
1760650,IT,IN,PULP5,FOOD3,0.05,16379.428,4,4,16379.426,0.0,0.0,0.0,0.002,327588.56
1787245,IT,WA,VEGET,HEAVY,0.06,16377.109,3,3,16377.109,0.0,0.0,0.0,0.0,272951.816667
1757727,IT,BR,NAPHT,COPP1,0.03,16376.137,3,3,16376.137,0.0,0.0,0.0,0.0,545871.233333
1814922,IT,WM,PRIVA,LIQUE,3.65,16376.056,4,4,16376.053,0.0,0.0,0.0,0.003,4486.590685
1717102,IT,NL,TRAN2,PLAST,0.03,16376.02,3,3,16376.02,0.0,0.0,0.0,0.0,545867.333333
1649718,IT,BG,BASIC,CEREA,0.02,16375.44,3,3,16375.44,0.0,0.0,0.0,0.0,818772.0
1787046,IT,ZA,AUXIL,AUXIL,0.3,16373.606,3,3,16373.606,0.0,0.0,0.0,0.0,54578.686667
1673267,IT,FR,FISH5,COMPU,0.07,16373.317,4,4,16373.309,0.0,0.0,0.0,0.008,233904.528571
1752270,IT,CA,STONE,PRECI,0.05,16373.158,4,4,16372.158,0.0,0.0,1.0,0.0,327463.16
1768063,IT,RU,BUSIN,PREC1,0.17,16373.132,3,3,16373.132,0.0,0.0,0.0,0.0,96312.541176
1641808,IT,AT,CHEM1,SECO9,0.03,16372.891,4,4,16372.889,0.0,0.0,0.0,0.002,545763.033333
1680972,IT,GR,INLAN,PLAST,0.03,16371.979,3,3,16371.979,0.0,0.0,0.0,0.0,545732.633333
1651481,IT,CY,HEAVY,PRINT,0.03,16371.893,3,3,16371.893,0.0,0.0,0.0,0.0,545729.766667
1727939,IT,SE,OILSE,MEATC,0.01,16371.401,3,3,16371.401,0.0,0.0,0.0,0.0,1637140.1
1775030,IT,CH,RENTI,STONE,0.1,16371.045,3,3,16371.045,0.0,0.0,0.0,0.0,163710.45
1749448,IT,CN,HEAVY,WOODW,0.03,16370.124,3,3,16370.124,0.0,0.0,0.0,0.0,545670.8
1808014,IT,WF,INTER,PRECI,0.1,16369.663,3,3,16369.663,0.0,0.0,0.0,0.0,163696.63
1731922,IT,SI,MOTOR,GLASS,0.02,16368.934,3,3,16368.934,0.0,0.0,0.0,0.0,818446.7
1752059,IT,CN,BUSIN,FORES,0.17,16367.801,3,3,16367.801,0.0,0.0,0.0,0.0,96281.182353
1657020,IT,DE,NAPHT,BASIC,0.03,16367.492,3,3,16367.492,0.0,0.0,0.0,0.0,545583.066667
1814484,IT,WM,RESEA,NATU1,0.09,16366.08,3,3,16366.08,0.0,0.0,0.0,0.0,181845.333333
1802423,IT,WE,AIRTR,FURNI,0.02,16365.639,3,3,16365.639,0.0,0.0,0.0,0.0,818281.95
1798183,IT,WE,CEREA,BUSIN,0.03,16364.313,3,3,16364.313,0.0,0.0,0.0,0.0,545477.1
1794054,IT,WL,PAPER,FORES,0.06,16363.839,4,4,16363.837,0.0,0.0,0.0,0.002,272730.65
1683895,IT,HR,TRANS,EDUCA,0.1,16362.977,3,3,16362.977,0.0,0.0,0.0,0.0,163629.77
1659125,IT,DE,ELEC8,WOODW,0.22,16362.539,3,3,16362.539,0.0,0.0,0.0,0.0,74375.177273
1769356,IT,AU,GLASS,RESEA,0.04,16362.476,3,3,16362.476,0.0,0.0,0.0,0.0,409061.9
1675968,IT,FR,ELEC4,RETA1,0.26,16362.472,3,3,16362.472,0.0,0.0,0.0,0.0,62932.584615
1654881,IT,CZ,POSTT,FINAN,0.27,16362.133,3,3,16362.133,0.0,0.0,0.0,0.0,60600.492593
1686300,IT,HU,CEMEN,WHOLE,0.03,16361.765,3,3,16361.765,0.0,0.0,0.0,0.0,545392.166667
1803794,IT,WF,TEXTI,SUGA1,0.1,16361.041,4,4,16361.039,0.0,0.0,0.0,0.002,163610.41
1763302,IT,MX,PAPER,COPP1,0.06,16361.026,4,4,16361.024,0.0,0.0,0.0,0.002,272683.766667
1773190,IT,CH,FABRI,FISH5,0.07,16360.995,3,3,16360.995,0.0,0.0,0.0,0.0,233728.5
1714367,IT,MT,PRIVA,CONST,3.65,16359.938,4,4,16359.935,0.0,0.0,0.0,0.003,4482.174795
1809512,IT,WM,MEAT4,HEAVY,0.09,16359.509,3,3,16359.509,0.0,0.0,0.0,0.0,181772.322222
1760651,IT,IN,PULP5,WASTE,0.05,16358.352,4,4,16358.35,0.0,0.0,0.0,0.002,327167.04
1786015,IT,ZA,GLASS,MOTO1,0.04,16358.34,3,3,16358.34,0.0,0.0,0.0,0.0,408958.5
1651014,IT,BG,SUPPO,EDUCA,0.12,16356.253,3,3,16356.253,0.0,0.0,0.0,0.0,136302.108333
1640702,IT,AT,FISH5,RECRE,0.07,16355.075,4,4,16355.067,0.0,0.0,0.0,0.008,233643.928571
1808484,IT,WF,FOOD4,DISTR,0.12,16354.983,3,3,16354.983,0.0,0.0,0.0,0.0,136291.525
1780604,IT,TW,INSUR,RUBBE,0.34,16351.783,3,3,16351.783,0.0,0.0,0.0,0.0,48093.479412
1679826,IT,GR,ALUM1,PFERT,0.03,16351.577,3,3,16351.577,0.0,0.0,0.0,0.0,545052.566667
1681298,IT,GR,INSUR,BEVER,0.34,16351.422,3,3,16351.422,0.0,0.0,0.0,0.0,48092.417647
1768944,IT,AU,PAPER,TEXTI,0.06,16351.233,4,4,16351.231,0.0,0.0,0.0,0.002,272520.55
1777121,IT,TR,ADDIT,NONFE,0.04,16350.951,3,3,16350.951,0.0,0.0,0.0,0.0,408773.775
1643009,IT,AT,CONST,RUBBE,0.09,16349.472,3,3,16349.472,0.0,0.0,0.0,0.0,181660.8
1655376,IT,DE,CROPS,MEAT1,0.13,16349.314,3,3,16349.314,0.0,0.0,0.0,0.0,125763.953846
1806377,IT,WF,MOTO1,CHEM1,0.09,16349.259,3,3,16349.259,0.0,0.0,0.0,0.0,181658.433333
1774061,IT,CH,WHOLE,CATTL,0.14,16348.259,3,3,16348.259,0.0,0.0,0.0,0.0,116773.278571
1715916,IT,NL,GLASS,FISH5,0.04,16347.924,3,3,16347.924,0.0,0.0,0.0,0.0,408698.1
1656726,IT,DE,MOTOR,COLLE,0.02,16347.706,3,3,16347.706,0.0,0.0,0.0,0.0,817385.3
1786889,IT,ZA,SEACO,REALE,0.02,16347.067,3,3,16347.067,0.0,0.0,0.0,0.0,817353.35
1713727,IT,MT,MACHI,WHOLE,0.09,16346.935,3,3,16346.935,0.0,0.0,0.0,0.0,181632.611111
1812685,IT,WM,COPP1,TRAN1,0.04,16345.841,3,3,16345.841,0.0,0.0,0.0,0.0,408646.025
1681532,IT,GR,BUSIN,PFERT,0.17,16345.492,3,3,16345.492,0.0,0.0,0.0,0.0,96149.952941
1688634,IT,IE,PLAST,FABRI,0.03,16345.126,4,4,16345.124,0.0,0.0,0.0,0.002,544837.533333
1750281,IT,CN,COPP1,EDUCA,0.04,16344.935,3,3,16344.935,0.0,0.0,0.0,0.0,408623.375
1644867,IT,BE,WEARI,RENTI,0.12,16344.887,4,4,16344.884,0.0,0.0,0.0,0.003,136207.391667
1813929,IT,WM,TRAN2,NATU1,0.03,16344.366,3,3,16344.366,0.0,0.0,0.0,0.0,544812.2
1767478,IT,RU,SEACO,TEXTI,0.02,16343.354,3,3,16343.354,0.0,0.0,0.0,0.0,817167.7
1682283,IT,HR,LEATH,CONST,0.12,16341.747,4,4,16341.744,0.0,0.0,0.0,0.003,136181.225
1662061,IT,DK,CHEM1,PAPER,0.03,16341.654,4,4,16341.652,0.0,0.0,0.0,0.002,544721.8
1712619,IT,LV,OFFIC,POSTT,0.05,16341.359,3,3,16341.359,0.0,0.0,0.0,0.0,326827.18
1768860,IT,AU,LEATH,COMPU,0.12,16340.907,4,4,16340.904,0.0,0.0,0.0,0.003,136174.225
1731201,IT,SI,CHEMI,NONME,0.04,16340.8,5,5,16339.798,0.0,0.0,1.0,0.002,408520.0
1670749,IT,FI,PAPER,LANDT,0.06,16340.181,4,4,16340.179,0.0,0.0,0.0,0.002,272336.35
1767416,IT,RU,LANDT,COPP1,0.11,16339.554,3,3,16339.554,0.0,0.0,0.0,0.0,148541.4
1806945,IT,WF,RAILW,93197,0.11,16339.216,3,3,16339.216,0.0,0.0,0.0,0.0,148538.327273
1795445,IT,WL,PREC1,PRINT,0.03,16337.509,3,3,16337.509,0.0,0.0,0.0,0.0,544583.633333
1813535,IT,WM,WHOLE,MEAT4,0.14,16336.465,3,3,16336.465,0.0,0.0,0.0,0.0,116689.035714
1727945,IT,SE,OILSE,PLAST,0.01,16333.973,3,3,16333.973,0.0,0.0,0.0,0.0,1633397.3
1780440,IT,TW,SUPPO,RETA1,0.12,16333.825,3,3,16333.825,0.0,0.0,0.0,0.0,136115.208333
1690018,IT,IE,REALE,RESEA,0.69,16332.456,3,3,16332.456,0.0,0.0,0.0,0.0,23670.226087
1790334,IT,WA,ALUM1,MACHI,0.03,16332.386,3,3,16332.386,0.0,0.0,0.0,0.0,544412.866667
1686144,IT,HU,RUBBE,FOOD2,0.05,16331.442,3,3,16331.442,0.0,0.0,0.0,0.0,326628.84
1686694,IT,HU,COPP1,KEROS,0.04,16330.726,3,3,16330.726,0.0,0.0,0.0,0.0,408268.15
1648932,IT,BG,WEARI,LEAD1,0.12,16330.711,4,4,16330.708,0.0,0.0,0.0,0.003,136089.258333
1660029,IT,DE,INLAN,RECRE,0.03,16330.036,3,3,16330.036,0.0,0.0,0.0,0.0,544334.533333
1725583,IT,RO,WOODW,GASDI,0.05,16329.844,3,3,16329.844,0.0,0.0,0.0,0.0,326596.88
1661253,IT,DK,VEGET,ELECT,0.06,16327.381,3,3,16327.381,0.0,0.0,0.0,0.0,272123.016667
1788797,IT,WA,KEROS,PFERT,0.02,16327.071,3,3,16327.071,0.0,0.0,0.0,0.0,816353.55
1715946,IT,NL,GLASS,RESEA,0.04,16327.022,3,3,16327.022,0.0,0.0,0.0,0.0,408175.55
1673825,IT,FR,PRINT,PLAST,0.16,16325.854,3,3,16325.854,0.0,0.0,0.0,0.0,102036.5875
1642988,IT,AT,CONST,PIGS9,0.09,16325.756,3,3,16325.756,0.0,0.0,0.0,0.0,181397.288889
1735404,IT,SK,BASIC,SANDC,0.02,16325.586,3,3,16325.586,0.0,0.0,0.0,0.0,816279.3
1779956,IT,TW,CONST,POSTT,0.09,16323.627,3,3,16323.627,0.0,0.0,0.0,0.0,181373.633333
1775811,IT,TR,CHEMI,GLASS,0.04,16322.63,5,5,16321.628,0.0,0.0,1.0,0.002,408065.75
1757576,IT,BR,GASDI,MEATC,0.02,16322.085,3,3,16322.085,0.0,0.0,0.0,0.0,816104.25
1728854,IT,SE,PLAST,SUPPO,0.03,16321.722,4,4,16321.72,0.0,0.0,0.0,0.002,544057.4
1709899,IT,LT,CEMEN,HOTEL,0.03,16321.662,3,3,16321.662,0.0,0.0,0.0,0.0,544055.4
1685671,IT,HU,HEAVY,KEROS,0.03,16321.648,3,3,16321.648,0.0,0.0,0.0,0.0,544054.933333
1719910,IT,PL,PREC1,REFI1,0.03,16320.219,3,3,16320.219,0.0,0.0,0.0,0.0,544007.3
1685468,IT,HU,WOODW,COMPU,0.05,16319.159,3,3,16319.159,0.0,0.0,0.0,0.0,326383.18
1798395,IT,WE,CRUDE,NONSP,0.03,16318.668,3,3,16318.668,0.0,0.0,0.0,0.0,543955.6
1669793,IT,ES,BUSIN,RADIO,0.17,16316.669,3,3,16316.669,0.0,0.0,0.0,0.0,95980.405882
1722845,IT,PT,PRINT,WEARI,0.16,16315.63,3,3,16315.63,0.0,0.0,0.0,0.0,101972.6875
1689628,IT,IE,SUPPO,LANDT,0.12,16315.033,3,3,16315.033,0.0,0.0,0.0,0.0,135958.608333
1728430,IT,SE,WEARI,RETA1,0.12,16314.576,4,4,16314.573,0.0,0.0,0.0,0.003,135954.8
1758083,IT,BR,GLASS,PAPER,0.04,16313.442,3,3,16313.442,0.0,0.0,0.0,0.0,407836.05
1663598,IT,DK,BUSIN,DAIRY,0.17,16313.15,3,3,16313.15,0.0,0.0,0.0,0.0,95959.705882
1772347,IT,CH,PLAST,EDUCA,0.03,16312.379,4,4,16312.377,0.0,0.0,0.0,0.002,543745.966667
1710277,IT,LT,MOTO1,REALE,0.09,16312.225,3,3,16312.225,0.0,0.0,0.0,0.0,181246.944444
1784833,IT,ID,SEACO,VEGET,0.02,16311.701,3,3,16311.701,0.0,0.0,0.0,0.0,815585.05
1656181,IT,DE,TEXTI,PRINT,0.1,16311.544,4,4,16311.542,0.0,0.0,0.0,0.002,163115.44
1720637,IT,PL,MOTO1,PFERT,0.09,16310.564,3,3,16310.564,0.0,0.0,0.0,0.0,181228.488889
1649504,IT,BG,RUBBE,LEADZ,0.05,16310.01,3,3,16310.01,0.0,0.0,0.0,0.0,326200.2
1790040,IT,WA,NONME,COMPU,0.03,16309.995,4,4,16309.993,0.0,0.0,0.0,0.002,543666.5
1645658,IT,BE,CHEM1,INLAN,0.03,16309.557,4,4,16309.555,0.0,0.0,0.0,0.002,543651.9
1778176,IT,TR,FURNI,SANDC,0.05,16309.238,3,3,16309.238,0.0,0.0,0.0,0.0,326184.76
1669053,IT,ES,SUPPO,NONME,0.12,16308.65,3,3,16308.65,0.0,0.0,0.0,0.0,135905.416667
1794195,IT,WL,PRINT,ALUM1,0.16,16308.393,3,3,16308.393,0.0,0.0,0.0,0.0,101927.45625
1804027,IT,WF,WOODW,MEAT4,0.05,16307.642,3,3,16307.642,0.0,0.0,0.0,0.0,326152.84
1741989,IT,US,ADDIT,CROPS,0.04,16307.215,3,3,16307.215,0.0,0.0,0.0,0.0,407680.375
1748289,IT,JP,MEMBE,POSTT,0.19,16306.684,3,3,16306.684,0.0,0.0,0.0,0.0,85824.652632
1791493,IT,WA,WHOLE,RECRE,0.14,16306.393,3,3,16306.393,0.0,0.0,0.0,0.0,116474.235714
1762764,IT,IN,BUSIN,DIST1,0.17,16305.794,3,3,16305.794,0.0,0.0,0.0,0.0,95916.435294
1728968,IT,SE,CHEM1,TEXT1,0.03,16304.795,4,4,16304.793,0.0,0.0,0.0,0.002,543493.166667
1651369,IT,CY,PAPER,INSUR,0.06,16304.549,4,4,16304.547,0.0,0.0,0.0,0.002,271742.483333
1725813,IT,RO,PRINT,MEMBE,0.16,16303.603,3,3,16303.603,0.0,0.0,0.0,0.0,101897.51875
1681742,IT,HR,STONE,FOOD5,0.05,16303.135,4,4,16302.135,0.0,0.0,1.0,0.0,326062.7
1677596,IT,FR,REALE,BASIC,0.69,16301.589,3,3,16301.589,0.0,0.0,0.0,0.0,23625.491304
1808217,IT,WF,FOOD1,CRUDE,0.08,16301.504,4,4,16301.502,0.0,0.0,0.0,0.002,203768.8
1768912,IT,AU,WOODW,RENTI,0.05,16301.481,3,3,16301.481,0.0,0.0,0.0,0.0,326029.62
1802281,IT,WE,LANDT,FURNI,0.11,16300.459,3,3,16300.459,0.0,0.0,0.0,0.0,148185.990909
1665914,IT,ES,COALT,MOTO1,0.03,16300.245,3,3,16300.245,0.0,0.0,0.0,0.0,543341.5
1667333,IT,ES,LEAD1,CHEMI,0.03,16299.174,3,3,16299.174,0.0,0.0,0.0,0.0,543305.8
1651752,IT,CY,MACHI,RAILW,0.09,16299.03,3,3,16299.03,0.0,0.0,0.0,0.0,181100.333333
1661271,IT,DK,OILSE,MEATC,0.01,16298.766,3,3,16298.766,0.0,0.0,0.0,0.0,1629876.6
1645218,IT,BE,COALT,VEGET,0.03,16298.082,3,3,16298.082,0.0,0.0,0.0,0.0,543269.4
1743634,IT,US,HOTEL,ELEC9,0.12,16296.349,3,3,16296.349,0.0,0.0,0.0,0.0,135802.908333
1688803,IT,IE,GLASS,MOTO1,0.04,16294.957,3,3,16294.957,0.0,0.0,0.0,0.0,407373.925
1690155,IT,IE,COMPU,FOOD4,0.19,16294.111,3,3,16294.111,0.0,0.0,0.0,0.0,85758.478947
1755768,IT,KR,GLASS,COMPU,0.04,16293.989,3,3,16293.989,0.0,0.0,0.0,0.0,407349.725
1738781,IT,GB,OFFIC,SALEM,0.05,16292.476,3,3,16292.476,0.0,0.0,0.0,0.0,325849.52
1748325,IT,JP,PRIVA,COMPU,3.64,16292.428,4,4,16292.425,0.0,0.0,0.0,0.003,4475.941758
1753641,IT,CA,OFFIC,MEDIC,0.05,16291.016,3,3,16291.016,0.0,0.0,0.0,0.0,325820.32
1805648,IT,WF,NONME,FABRI,0.03,16290.854,4,4,16290.852,0.0,0.0,0.0,0.002,543028.466667
1656765,IT,DE,KEROS,OFFIC,0.02,16289.113,3,3,16289.113,0.0,0.0,0.0,0.0,814455.65
1646429,IT,BE,MACHI,CROPS,0.09,16288.669,3,3,16288.669,0.0,0.0,0.0,0.0,180985.211111
1737228,IT,GB,PROCE,LANDT,0.11,16288.089,3,3,16288.089,0.0,0.0,0.0,0.0,148073.536364
1712978,IT,MT,STONE,STONE,0.05,16288.06,4,4,16287.06,0.0,0.0,1.0,0.0,325761.2
1648429,IT,BE,PRIVA,WHOLE,3.63,16287.563,4,4,16287.56,0.0,0.0,0.0,0.003,4486.931956
1726306,IT,RO,PREC1,BIOGA,0.03,16287.492,3,3,16287.492,0.0,0.0,0.0,0.0,542916.4
1709752,IT,LT,CHEM1,RECRE,0.03,16287.11,4,4,16287.108,0.0,0.0,0.0,0.002,542903.666667
1685751,IT,HU,PLAST,VEGE1,0.03,16286.41,4,4,16286.408,0.0,0.0,0.0,0.002,542880.333333
1741638,IT,US,HEAVY,WEARI,0.03,16285.99,3,3,16285.99,0.0,0.0,0.0,0.0,542866.333333
1796810,IT,WL,TRAN2,RESEA,0.03,16285.617,3,3,16285.617,0.0,0.0,0.0,0.0,542853.9
1755964,IT,KR,PREC1,FOODW,0.03,16285.071,3,3,16285.071,0.0,0.0,0.0,0.0,542835.7
1662551,IT,DK,FABRI,VEGE1,0.07,16285.032,3,3,16285.032,0.0,0.0,0.0,0.0,232643.314286
1773050,IT,CH,ALUM1,ELEC2,0.03,16284.244,3,3,16284.244,0.0,0.0,0.0,0.0,542808.133333
1644356,IT,BE,CHEMI,PFERT,0.04,16283.569,5,5,16282.567,0.0,0.0,1.0,0.002,407089.225
1802679,IT,WE,RENTI,POSTT,0.1,16281.306,3,3,16281.306,0.0,0.0,0.0,0.0,162813.06
1736853,IT,SK,BUSIN,PRINT,0.17,16280.875,3,3,16280.875,0.0,0.0,0.0,0.0,95769.852941
1814872,IT,WM,93197,BUSIN,0.11,16280.081,3,3,16280.081,0.0,0.0,0.0,0.0,148000.736364
1686330,IT,HU,NONME,PREC1,0.03,16279.805,4,4,16279.803,0.0,0.0,0.0,0.002,542660.166667
1808929,IT,WM,CEREA,HEAVY,0.03,16279.546,3,3,16279.546,0.0,0.0,0.0,0.0,542651.533333
1761370,IT,IN,BRICK,CEMEN,0.02,16278.871,3,3,16278.871,0.0,0.0,0.0,0.0,813943.55
1764659,IT,MX,RETA1,HOTEL,0.17,16278.711,3,3,16278.711,0.0,0.0,0.0,0.0,95757.123529
1646351,IT,BE,FABRI,KEROS,0.07,16278.44,3,3,16278.44,0.0,0.0,0.0,0.0,232549.142857
1658178,IT,DE,ALUM1,TRAN2,0.03,16278.255,3,3,16278.255,0.0,0.0,0.0,0.0,542608.5
1791667,IT,WA,HOTEL,MOTO1,0.12,16277.482,3,3,16277.482,0.0,0.0,0.0,0.0,135645.683333
1733096,IT,SI,FABRI,MEAT1,0.07,16277.458,3,3,16277.458,0.0,0.0,0.0,0.0,232535.114286
1747865,IT,JP,RENTI,BASIC,0.1,16276.424,3,3,16276.424,0.0,0.0,0.0,0.0,162764.24
1807153,IT,WF,AIRTR,MOTOR,0.02,16275.942,3,3,16275.942,0.0,0.0,0.0,0.0,813797.1
1727793,IT,RO,BUSIN,LIQUE,0.17,16275.618,3,3,16275.618,0.0,0.0,0.0,0.0,95738.929412
1661951,IT,DK,HEAVY,WOODW,0.03,16275.161,3,3,16275.161,0.0,0.0,0.0,0.0,542505.366667
1724872,IT,PT,BUSIN,BIODI,0.17,16274.839,3,3,16274.839,0.0,0.0,0.0,0.0,95734.347059
1767439,IT,RU,LANDT,RETAI,0.1,16274.641,3,3,16274.641,0.0,0.0,0.0,0.0,162746.41
1782857,IT,NO,LANDT,BUSIN,0.1,16274.152,3,3,16274.152,0.0,0.0,0.0,0.0,162741.52
1683274,IT,HR,BRICK,BRICK,0.02,16273.674,3,3,16273.674,0.0,0.0,0.0,0.0,813683.7
1666875,IT,ES,GLASS,BRICK,0.04,16273.248,3,3,16273.248,0.0,0.0,0.0,0.0,406831.2
1764013,IT,MX,LEAD1,LEAD1,0.03,16272.669,3,3,16272.669,0.0,0.0,0.0,0.0,542422.3
1806424,IT,WF,TRANS,FORES,0.1,16271.862,3,3,16271.862,0.0,0.0,0.0,0.0,162718.62
1737021,IT,GB,STONE,FOOD5,0.05,16271.703,4,4,16270.703,0.0,0.0,1.0,0.0,325434.06
1751739,IT,CN,INSUR,POSTT,0.34,16270.472,3,3,16270.472,0.0,0.0,0.0,0.0,47854.329412
1754360,IT,CA,INSUR,SUPPO,0.34,16269.99,3,3,16269.99,0.0,0.0,0.0,0.0,47852.911765
1668527,IT,ES,HOTEL,NONME,0.12,16269.67,3,3,16269.67,0.0,0.0,0.0,0.0,135580.583333
1672039,IT,FI,AIRTR,COKE1,0.02,16268.832,3,3,16268.832,0.0,0.0,0.0,0.0,813441.6
1724262,IT,PT,LANDT,PULP5,0.1,16268.45,3,3,16268.45,0.0,0.0,0.0,0.0,162684.5
1650825,IT,BG,LANDT,PRINT,0.1,16267.894,3,3,16267.894,0.0,0.0,0.0,0.0,162678.94
1662746,IT,DK,OFFIC,SALEM,0.05,16267.84,3,3,16267.84,0.0,0.0,0.0,0.0,325356.8
1713346,IT,MT,GASDI,ELEC6,0.02,16267.515,3,3,16267.515,0.0,0.0,0.0,0.0,813375.75
1666051,IT,ES,KERO1,MOTOR,0.02,16267.189,3,3,16267.189,0.0,0.0,0.0,0.0,813359.45
1672970,IT,FR,DAIRY,INTER,0.07,16267.08,3,3,16267.08,0.0,0.0,0.0,0.0,232386.857143
1783278,IT,NO,FOODW,NONF1,0.12,16266.61,3,3,16266.61,0.0,0.0,0.0,0.0,135555.083333
1799062,IT,WE,TEXTI,AIRTR,0.1,16265.533,4,4,16265.531,0.0,0.0,0.0,0.002,162655.33
1687187,IT,HU,FURNI,93197,0.05,16265.322,3,3,16265.322,0.0,0.0,0.0,0.0,325306.44
1714608,IT,NL,CHEMI,PLAST,0.04,16264.383,5,5,16263.381,0.0,0.0,1.0,0.002,406609.575
1720202,IT,PL,COPP1,SUPPO,0.04,16264.348,3,3,16264.348,0.0,0.0,0.0,0.0,406608.7
1758148,IT,BR,NONME,SANDC,0.03,16263.165,4,4,16263.163,0.0,0.0,0.0,0.002,542105.5
1779691,IT,TR,RESEA,LANDT,0.09,16262.547,3,3,16262.547,0.0,0.0,0.0,0.0,180694.966667
1681542,IT,GR,BUSIN,COPP1,0.17,16261.986,3,3,16261.986,0.0,0.0,0.0,0.0,95658.741176
1747451,IT,JP,SEACO,TOBAC,0.02,16261.634,3,3,16261.634,0.0,0.0,0.0,0.0,813081.7
1810394,IT,WM,PULP5,WHEAT,0.05,16261.506,4,4,16261.504,0.0,0.0,0.0,0.002,325230.12
1645355,IT,BE,GASDI,PUBLI,0.02,16260.796,3,3,16260.796,0.0,0.0,0.0,0.0,813039.8
1719331,IT,PL,CHEM1,PLAS2,0.03,16260.54,4,4,16260.538,0.0,0.0,0.0,0.002,542018.0
1749995,IT,CN,NONME,VEGET,0.03,16260.474,4,4,16260.472,0.0,0.0,0.0,0.002,542015.8
1812264,IT,WM,NONME,RECRE,0.03,16259.674,4,4,16259.672,0.0,0.0,0.0,0.002,541989.133333
1758494,IT,BR,MACHI,LIQUI,0.09,16259.448,3,3,16259.448,0.0,0.0,0.0,0.0,180660.533333
1761704,IT,IN,MACHI,PLANT,0.09,16259.426,3,3,16259.426,0.0,0.0,0.0,0.0,180660.288889
1666403,IT,ES,NAPHT,REALE,0.03,16258.972,3,3,16258.972,0.0,0.0,0.0,0.0,541965.733333
1722439,IT,PT,VEGE1,DAIRY,0.05,16258.544,4,4,16258.54,0.0,0.0,0.0,0.004,325170.88
1718477,IT,PL,TEXTI,PFERT,0.1,16258.226,4,4,16258.224,0.0,0.0,0.0,0.002,162582.26
1746672,IT,JP,FABRI,PADDY,0.07,16257.793,3,3,16257.793,0.0,0.0,0.0,0.0,232254.185714
1683436,IT,HR,BASIC,AUXIL,0.02,16257.029,3,3,16257.029,0.0,0.0,0.0,0.0,812851.45
1800700,IT,WE,CEMEN,TOBAC,0.03,16256.14,3,3,16256.14,0.0,0.0,0.0,0.0,541871.333333
1686657,IT,HU,LEAD1,PLAS1,0.03,16256.021,3,3,16256.021,0.0,0.0,0.0,0.0,541867.366667
1646202,IT,BE,ALUM1,ELEC2,0.03,16255.115,3,3,16255.115,0.0,0.0,0.0,0.0,541837.166667
1643897,IT,AT,REALE,CONST,0.69,16254.877,3,3,16254.877,0.0,0.0,0.0,0.0,23557.792754
1785507,IT,ZA,MOTOR,CHARC,0.02,16254.866,3,3,16254.866,0.0,0.0,0.0,0.0,812743.3
1780952,IT,TW,BUSIN,VEGE1,0.17,16253.402,3,3,16253.402,0.0,0.0,0.0,0.0,95608.247059
1679420,IT,GR,CHEM1,PADDY,0.03,16252.686,4,4,16252.684,0.0,0.0,0.0,0.002,541756.2
1710695,IT,LU,PROCE,BUSIN,0.11,16252.321,3,3,16252.321,0.0,0.0,0.0,0.0,147748.372727
1728240,IT,SE,FOOD5,LANDT,0.08,16252.265,3,3,16252.265,0.0,0.0,0.0,0.0,203153.3125
1811726,IT,WM,ADDIT,MEATC,0.04,16251.62,3,3,16251.62,0.0,0.0,0.0,0.0,406290.5
1745844,IT,JP,LEATH,LIQUE,0.12,16250.98,4,4,16250.977,0.0,0.0,0.0,0.003,135424.833333
1755714,IT,KR,GLASS,RAWMI,0.04,16250.763,3,3,16250.763,0.0,0.0,0.0,0.0,406269.075
1729577,IT,SE,COPP1,PUBLI,0.04,16250.445,3,3,16250.445,0.0,0.0,0.0,0.0,406261.125
1672329,IT,FI,RESEA,MACHI,0.09,16250.226,3,3,16250.226,0.0,0.0,0.0,0.0,180558.066667
1807331,IT,WF,POSTT,SEACO,0.27,16250.13,3,3,16250.13,0.0,0.0,0.0,0.0,60185.666667
1641256,IT,AT,MOTOR,BITU1,0.02,16249.806,3,3,16249.806,0.0,0.0,0.0,0.0,812490.3
1665039,IT,ES,MEATC,RETA1,0.05,16249.47,3,3,16249.47,0.0,0.0,0.0,0.0,324989.4
1688568,IT,IE,PRINT,CEMEN,0.16,16249.275,3,3,16249.275,0.0,0.0,0.0,0.0,101557.96875
1731196,IT,SI,CHEMI,PFERT,0.04,16249.227,5,5,16248.225,0.0,0.0,1.0,0.002,406230.675
1796802,IT,WL,TRAN2,CONST,0.03,16249.179,3,3,16249.179,0.0,0.0,0.0,0.0,541639.3
1642392,IT,AT,BASIC,93197,0.02,16248.653,3,3,16248.653,0.0,0.0,0.0,0.0,812432.65
1669036,IT,ES,SUPPO,NAPHT,0.12,16247.161,3,3,16247.161,0.0,0.0,0.0,0.0,135393.008333
1712096,IT,LV,BEVER,BUSIN,0.07,16246.753,3,3,16246.753,0.0,0.0,0.0,0.0,232096.471429
1735871,IT,SK,OFFIC,WOODW,0.05,16246.649,3,3,16246.649,0.0,0.0,0.0,0.0,324932.98
1665122,IT,ES,DAIRY,FISHF,0.07,16246.497,3,3,16246.497,0.0,0.0,0.0,0.0,232092.814286
1744136,IT,US,SUPPO,CONST,0.12,16246.09,3,3,16246.09,0.0,0.0,0.0,0.0,135384.083333
1687694,IT,HU,AIRTR,PAPE4,0.02,16245.103,3,3,16245.103,0.0,0.0,0.0,0.0,812255.15
1768572,IT,AU,BEVER,MEAT1,0.07,16244.524,3,3,16244.524,0.0,0.0,0.0,0.0,232064.628571
1808584,IT,WF,PAPE4,RESEA,0.11,16242.508,3,3,16242.508,0.0,0.0,0.0,0.0,147659.163636
1748809,IT,CN,TEXTI,OFFIC,0.1,16242.074,4,4,16242.072,0.0,0.0,0.0,0.002,162420.74
1649474,IT,BG,CHEM1,OILHA,0.03,16241.93,4,4,16241.928,0.0,0.0,0.0,0.002,541397.666667
1644382,IT,BE,MEATC,FISH5,0.05,16240.202,3,3,16240.202,0.0,0.0,0.0,0.0,324804.04
1716271,IT,NL,FABRI,CROPS,0.07,16239.627,3,3,16239.627,0.0,0.0,0.0,0.0,231994.671429
1736542,IT,SK,SUPPO,PLAST,0.12,16239.482,3,3,16239.482,0.0,0.0,0.0,0.0,135329.016667
1665120,IT,ES,DAIRY,MEATA,0.07,16237.529,3,3,16237.529,0.0,0.0,0.0,0.0,231964.7
1755368,IT,KR,MOTOR,MOTOR,0.02,16237.367,3,3,16237.367,0.0,0.0,0.0,0.0,811868.35
1684797,IT,HU,FORES,PULP5,0.14,16236.697,4,4,16230.697,0.0,6.0,0.0,0.0,115976.407143
1775149,IT,CH,COMPU,MEMBE,0.19,16236.5,3,3,16236.5,0.0,0.0,0.0,0.0,85455.263158
1790299,IT,WA,ALUM1,SUGA1,0.03,16236.417,3,3,16236.417,0.0,0.0,0.0,0.0,541213.9
1674995,IT,FR,PREC1,LIQUI,0.03,16236.268,3,3,16236.268,0.0,0.0,0.0,0.0,541208.933333
1734441,IT,SK,CROPS,RUBBE,0.13,16235.788,3,3,16235.788,0.0,0.0,0.0,0.0,124890.676923
1728103,IT,SE,VEGE1,PROCE,0.05,16234.971,4,4,16234.967,0.0,0.0,0.0,0.004,324699.42
1684917,IT,HU,CHEMI,BIOGA,0.04,16234.241,5,5,16233.239,0.0,0.0,1.0,0.002,405856.025
1751317,IT,CN,LANDT,PRINT,0.1,16234.194,3,3,16234.194,0.0,0.0,0.0,0.0,162341.94
1650482,IT,BG,ELEC5,WHOLE,0.2,16233.961,3,3,16233.961,0.0,0.0,0.0,0.0,81169.805
1778988,IT,TR,AIRTR,RAWMI,0.02,16233.577,3,3,16233.577,0.0,0.0,0.0,0.0,811678.85
1739465,IT,GB,LANDT,NFERT,0.1,16233.176,3,3,16233.176,0.0,0.0,0.0,0.0,162331.76
1796549,IT,WL,RETA1,INSUR,0.17,16232.845,3,3,16232.845,0.0,0.0,0.0,0.0,95487.323529
1724824,IT,PT,COMPU,HEALT,0.19,16231.28,3,3,16231.28,0.0,0.0,0.0,0.0,85427.789474
1756642,IT,KR,LANDT,RUBBE,0.1,16230.45,3,3,16230.45,0.0,0.0,0.0,0.0,162304.5
1786446,IT,ZA,MOTO1,MEATA,0.09,16230.248,3,3,16230.248,0.0,0.0,0.0,0.0,180336.088889
1718595,IT,PL,LEATH,WEARI,0.12,16228.881,4,4,16228.878,0.0,0.0,0.0,0.003,135240.675
1733270,IT,SI,MACHI,PAPE4,0.09,16227.908,3,3,16227.908,0.0,0.0,0.0,0.0,180310.088889
1653516,IT,CZ,BASIC,ADDIT,0.02,16227.566,3,3,16227.566,0.0,0.0,0.0,0.0,811378.3
1689886,IT,IE,AUXIL,GASDI,0.3,16227.405,3,3,16227.405,0.0,0.0,0.0,0.0,54091.35
1748354,IT,CN,VEGET,HEALT,0.06,16226.003,3,3,16226.003,0.0,0.0,0.0,0.0,270433.383333
1746079,IT,JP,PRINT,RADIO,0.16,16225.279,3,3,16225.279,0.0,0.0,0.0,0.0,101407.99375
1656996,IT,DE,LIQUE,OILHA,0.03,16225.217,3,3,16225.217,0.0,0.0,0.0,0.0,540840.566667
1725626,IT,RO,PULP5,MEATP,0.05,16225.047,4,4,16225.045,0.0,0.0,0.0,0.002,324500.94
1782494,IT,NO,MACHI,INTER,0.09,16224.901,3,3,16224.901,0.0,0.0,0.0,0.0,180276.677778
1661214,IT,DK,WHEAT,CHEM1,0.01,16223.719,3,3,16223.719,0.0,0.0,0.0,0.0,1622371.9
1734396,IT,SK,VEGET,SUGA1,0.06,16223.543,3,3,16223.543,0.0,0.0,0.0,0.0,270392.383333
1667756,IT,ES,OFFIC,MEATP,0.05,16223.315,3,3,16223.315,0.0,0.0,0.0,0.0,324466.3
1685815,IT,HU,PLAST,FOOD4,0.03,16222.719,4,4,16222.717,0.0,0.0,0.0,0.002,540757.3
1688300,IT,IE,CHEMI,CHEM1,0.04,16221.769,5,5,16220.767,0.0,0.0,1.0,0.002,405544.225
1724614,IT,PT,FINAN,ELEC5,0.21,16221.527,3,3,16221.527,0.0,0.0,0.0,0.0,77245.366667
1672415,IT,FI,BUSIN,RAILW,0.17,16221.426,3,3,16221.426,0.0,0.0,0.0,0.0,95420.152941
1683498,IT,HR,PREC1,BUSIN,0.03,16220.956,3,3,16220.956,0.0,0.0,0.0,0.0,540698.533333
1666518,IT,ES,PLAST,COMPU,0.03,16220.728,4,4,16220.726,0.0,0.0,0.0,0.002,540690.933333
1756329,IT,KR,MOTO1,INSUR,0.09,16220.402,3,3,16220.402,0.0,0.0,0.0,0.0,180226.688889
1665098,IT,ES,VEGE1,MACHI,0.05,16220.243,4,4,16220.239,0.0,0.0,0.0,0.004,324404.86
1730322,IT,SE,AIRTR,MEMBE,0.02,16220.082,3,3,16220.082,0.0,0.0,0.0,0.0,811004.1
1671544,IT,FI,OFFIC,TRANS,0.05,16219.817,3,3,16219.817,0.0,0.0,0.0,0.0,324396.34
1757636,IT,BR,HEAVY,ANIMA,0.03,16219.556,3,3,16219.556,0.0,0.0,0.0,0.0,540651.866667
1800079,IT,WE,NAPHT,MEATC,0.03,16219.394,3,3,16219.394,0.0,0.0,0.0,0.0,540646.466667
1805304,IT,WF,ADDIT,RESEA,0.04,16219.172,3,3,16219.172,0.0,0.0,0.0,0.0,405479.3
1804008,IT,WF,WOODW,PIGS9,0.05,16218.651,3,3,16218.651,0.0,0.0,0.0,0.0,324373.02
1743204,IT,US,TRANS,OFFIC,0.1,16216.832,3,3,16216.832,0.0,0.0,0.0,0.0,162168.32
1722473,IT,PT,DAIRY,BUSIN,0.07,16216.702,3,3,16216.702,0.0,0.0,0.0,0.0,231667.171429
1798417,IT,WE,NATUR,NONFE,0.02,16216.165,3,3,16216.165,0.0,0.0,0.0,0.0,810808.25
1738675,IT,GB,MACHI,PFERT,0.09,16215.859,3,3,16215.859,0.0,0.0,0.0,0.0,180176.211111
1779492,IT,TR,RENTI,NONF1,0.1,16215.459,3,3,16215.459,0.0,0.0,0.0,0.0,162154.59
1744641,IT,US,RENTI,PLAS2,0.1,16215.076,3,3,16215.076,0.0,0.0,0.0,0.0,162150.76
1669376,IT,ES,INSUR,PIGS9,0.33,16214.817,3,3,16214.817,0.0,0.0,0.0,0.0,49135.809091
1776316,IT,TR,PAPER,FOUND,0.06,16214.701,4,4,16214.699,0.0,0.0,0.0,0.002,270245.016667
1673902,IT,FR,MOTOR,SUGAR,0.02,16214.215,3,3,16214.215,0.0,0.0,0.0,0.0,810710.75
1742583,IT,US,ALUM1,TEXTI,0.03,16214.07,3,3,16214.07,0.0,0.0,0.0,0.0,540469.0
1653262,IT,CZ,RUBBE,SECO9,0.05,16213.525,3,3,16213.525,0.0,0.0,0.0,0.0,324270.5
1752332,IT,CA,MEAT4,CROPS,0.09,16212.968,3,3,16212.968,0.0,0.0,0.0,0.0,180144.088889
1760575,IT,IN,WOODW,NATUR,0.05,16212.401,3,3,16212.401,0.0,0.0,0.0,0.0,324248.02
1768613,IT,AU,BEVER,MEMBE,0.07,16212.106,3,3,16212.106,0.0,0.0,0.0,0.0,231601.514286
1712626,IT,LV,OFFIC,HEALT,0.05,16211.696,3,3,16211.696,0.0,0.0,0.0,0.0,324233.92
1735427,IT,SK,BASIC,LIQUE,0.02,16211.467,3,3,16211.467,0.0,0.0,0.0,0.0,810573.35
1659927,IT,DE,TRAN2,FURNI,0.03,16210.959,3,3,16210.959,0.0,0.0,0.0,0.0,540365.3
1798821,IT,WE,FOOD5,ELEC4,0.08,16210.85,3,3,16210.85,0.0,0.0,0.0,0.0,202635.625
1681438,IT,GR,RENTI,RENTI,0.1,16209.987,3,3,16209.987,0.0,0.0,0.0,0.0,162099.87
1812544,IT,WM,ALUM1,LEAD1,0.03,16209.786,3,3,16209.786,0.0,0.0,0.0,0.0,540326.2
1782108,IT,NO,CERAM,CHEM1,0.03,16209.61,3,3,16209.61,0.0,0.0,0.0,0.0,540320.333333
1809083,IT,WM,CROPS,NATU1,0.13,16209.466,3,3,16209.466,0.0,0.0,0.0,0.0,124688.2
1640665,IT,AT,FISH5,CATTL,0.07,16209.356,4,4,16209.348,0.0,0.0,0.0,0.008,231562.228571
1746549,IT,JP,NONME,TRAN1,0.03,16209.074,4,4,16209.072,0.0,0.0,0.0,0.002,540302.466667
1764692,IT,MX,HOTEL,VEGE1,0.12,16208.237,3,3,16208.237,0.0,0.0,0.0,0.0,135068.641667
1663167,IT,DK,LANDT,BASIC,0.1,16207.72,3,3,16207.72,0.0,0.0,0.0,0.0,162077.2
1662544,IT,DK,FABRI,CRUDE,0.07,16207.46,3,3,16207.46,0.0,0.0,0.0,0.0,231535.142857
1769867,IT,AU,OFFIC,REALE,0.05,16207.426,3,3,16207.426,0.0,0.0,0.0,0.0,324148.52
1750920,IT,CN,CONST,MOTO1,0.09,16206.833,3,3,16206.833,0.0,0.0,0.0,0.0,180075.922222
1752457,IT,CA,DAIRY,NONF1,0.07,16205.448,3,3,16205.448,0.0,0.0,0.0,0.0,231506.4
1781793,IT,NO,MOTOR,CATTL,0.02,16205.129,3,3,16205.129,0.0,0.0,0.0,0.0,810256.45
1811731,IT,WM,ADDIT,BEVER,0.04,16204.493,3,3,16204.493,0.0,0.0,0.0,0.0,405112.325
1651039,IT,BG,POSTT,POSTT,0.27,16203.682,3,3,16203.682,0.0,0.0,0.0,0.0,60013.637037
1788169,IT,WA,WEARI,DISTR,0.12,16203.457,4,4,16203.454,0.0,0.0,0.0,0.003,135028.808333
1752903,IT,CA,HEAVY,KEROS,0.03,16203.443,3,3,16203.443,0.0,0.0,0.0,0.0,540114.766667
1761420,IT,IN,BASIC,PFERT,0.02,16203.16,3,3,16203.16,0.0,0.0,0.0,0.0,810158.0
1656701,IT,DE,MOTOR,FISH5,0.02,16202.905,3,3,16202.905,0.0,0.0,0.0,0.0,810145.25
1774437,IT,CH,RAILW,COMPU,0.11,16202.79,3,3,16202.79,0.0,0.0,0.0,0.0,147298.090909
1662414,IT,DK,PREC1,BRICK,0.03,16202.621,3,3,16202.621,0.0,0.0,0.0,0.0,540087.366667
1680524,IT,GR,ELEC7,WHOLE,0.01,16202.057,3,3,16202.057,0.0,0.0,0.0,0.0,1620205.7
1786392,IT,ZA,MACHI,SECO9,0.09,16201.328,3,3,16201.328,0.0,0.0,0.0,0.0,180014.755556
1672586,IT,FR,CROPS,TEXTI,0.13,16200.697,3,3,16200.697,0.0,0.0,0.0,0.0,124620.746154
1670559,IT,FI,TEXTI,FABRI,0.1,16200.46,4,4,16200.458,0.0,0.0,0.0,0.002,162004.6
1786648,IT,ZA,WHOLE,PAPER,0.14,16199.616,3,3,16199.616,0.0,0.0,0.0,0.0,115711.542857
1798269,IT,WE,OILSE,GASDI,0.01,16199.053,3,3,16199.053,0.0,0.0,0.0,0.0,1619905.3
1664144,IT,EE,RUBBE,TRANS,0.05,16198.108,3,3,16198.108,0.0,0.0,0.0,0.0,323962.16
1730528,IT,SE,INSUR,SEWAG,0.33,16197.09,3,3,16197.09,0.0,0.0,0.0,0.0,49082.090909
1800592,IT,WE,GLASS,TOBAC,0.04,16196.618,3,3,16196.618,0.0,0.0,0.0,0.0,404915.45
1713205,IT,MT,LEATH,SUPPO,0.12,16196.432,4,4,16196.429,0.0,0.0,0.0,0.003,134970.266667
1776063,IT,TR,TEXTI,COMPU,0.1,16195.531,4,4,16195.529,0.0,0.0,0.0,0.002,161955.31
1760336,IT,IN,STONE,RETA1,0.05,16195.064,4,4,16194.064,0.0,0.0,1.0,0.0,323901.28
1721509,IT,PL,SUPPO,HEAVY,0.12,16194.721,3,3,16194.721,0.0,0.0,0.0,0.0,134956.008333
1724383,IT,PT,SEACO,RECRE,0.02,16194.493,3,3,16194.493,0.0,0.0,0.0,0.0,809724.65
1682859,IT,HR,LIQUE,RETA1,0.03,16194.005,3,3,16194.005,0.0,0.0,0.0,0.0,539800.166667
1711646,IT,LU,COMPU,TOBAC,0.18,16194.002,3,3,16194.002,0.0,0.0,0.0,0.0,89966.677778
1721299,IT,PL,LANDT,INSUR,0.1,16193.507,3,3,16193.507,0.0,0.0,0.0,0.0,161935.07
1689095,IT,IE,FURNI,RESEA,0.05,16193.192,3,3,16193.192,0.0,0.0,0.0,0.0,323863.84
1754021,IT,CA,SEACO,WEARI,0.02,16192.526,3,3,16192.526,0.0,0.0,0.0,0.0,809626.3
1652900,IT,CZ,KEROS,FURNI,0.02,16192.116,3,3,16192.116,0.0,0.0,0.0,0.0,809605.8
1735333,IT,SK,CERAM,RAILW,0.03,16190.735,3,3,16190.735,0.0,0.0,0.0,0.0,539691.166667
1663105,IT,DK,RAILW,DISTR,0.11,16190.603,3,3,16190.603,0.0,0.0,0.0,0.0,147187.3
1733932,IT,SI,SUPPO,TEXTI,0.12,16188.462,3,3,16188.462,0.0,0.0,0.0,0.0,134903.85
1793657,IT,WL,DAIRY,RECRE,0.07,16188.269,3,3,16188.269,0.0,0.0,0.0,0.0,231260.985714
1759866,IT,BR,FOODW,PAPE4,0.12,16188.065,3,3,16188.065,0.0,0.0,0.0,0.0,134900.541667
1782507,IT,NO,OFFIC,FISHF,0.05,16186.935,3,3,16186.935,0.0,0.0,0.0,0.0,323738.7
1746933,IT,JP,MOTO1,PREC1,0.09,16186.561,3,3,16186.561,0.0,0.0,0.0,0.0,179850.677778
1713377,IT,MT,HEAVY,BUSIN,0.03,16186.427,3,3,16186.427,0.0,0.0,0.0,0.0,539547.566667
1810482,IT,WM,PAPER,MEATA,0.06,16184.397,4,4,16184.395,0.0,0.0,0.0,0.002,269739.95
1758506,IT,BR,MACHI,NONF1,0.09,16184.313,3,3,16184.313,0.0,0.0,0.0,0.0,179825.7
1690008,IT,IE,REALE,SEACO,0.68,16183.714,3,3,16183.714,0.0,0.0,0.0,0.0,23799.579412
1666461,IT,ES,NONSP,RESEA,0.02,16182.992,3,3,16182.992,0.0,0.0,0.0,0.0,809149.6
1772826,IT,CH,BASIC,MEATA,0.02,16182.029,3,3,16182.029,0.0,0.0,0.0,0.0,809101.45
1805793,IT,WF,PREC1,WOODW,0.03,16181.834,3,3,16181.834,0.0,0.0,0.0,0.0,539394.466667
1807659,IT,WF,RESEA,HEALT,0.09,16181.508,3,3,16181.508,0.0,0.0,0.0,0.0,179794.533333
1656093,IT,DE,BEVER,LANDT,0.07,16181.339,3,3,16181.339,0.0,0.0,0.0,0.0,231161.985714
1640826,IT,AT,WEARI,REALE,0.12,16180.587,4,4,16180.584,0.0,0.0,0.0,0.003,134838.225
1668263,IT,ES,WHOLE,VEGE1,0.14,16180.554,3,3,16180.554,0.0,0.0,0.0,0.0,115575.385714
1646064,IT,BE,BASIC,GASDI,0.02,16180.114,3,3,16180.114,0.0,0.0,0.0,0.0,809005.7
1714734,IT,NL,DAIRY,KEROS,0.07,16180.097,3,3,16180.097,0.0,0.0,0.0,0.0,231144.242857
1776879,IT,TR,PLAST,LIGNI,0.03,16179.73,4,4,16179.728,0.0,0.0,0.0,0.002,539324.333333
1806105,IT,WF,FABRI,DAIRY,0.07,16179.561,3,3,16179.561,0.0,0.0,0.0,0.0,231136.585714
1651592,IT,CY,GLASS,MOTO1,0.04,16178.914,3,3,16178.914,0.0,0.0,0.0,0.0,404472.85
1764053,IT,MX,FABRI,PADDY,0.07,16178.121,3,3,16178.121,0.0,0.0,0.0,0.0,231116.014286
1746557,IT,JP,BASIC,RUBBE,0.02,16178.016,3,3,16178.016,0.0,0.0,0.0,0.0,808900.8
1682746,IT,HR,GASDI,INSUR,0.02,16177.367,3,3,16177.367,0.0,0.0,0.0,0.0,808868.35
1731368,IT,SI,PROCE,HOTEL,0.11,16175.369,3,3,16175.369,0.0,0.0,0.0,0.0,147048.809091
1793285,IT,WA,PRIVA,CEMEN,3.61,16174.379,4,4,16174.376,0.0,0.0,0.0,0.003,4480.437396
1662748,IT,DK,OFFIC,RETA1,0.05,16174.224,3,3,16174.224,0.0,0.0,0.0,0.0,323484.48
1709896,IT,LT,CEMEN,STEAM,0.03,16174.198,3,3,16174.198,0.0,0.0,0.0,0.0,539139.933333
1683375,IT,HR,BASIC,ANIMA,0.02,16173.946,3,3,16173.946,0.0,0.0,0.0,0.0,808697.3
1765681,IT,RU,PAPER,CERAM,0.06,16173.89,4,4,16173.888,0.0,0.0,0.0,0.002,269564.833333
1805351,IT,WF,RUBBE,TOBAC,0.05,16172.812,3,3,16172.812,0.0,0.0,0.0,0.0,323456.24
1649703,IT,BG,NONME,FABRI,0.03,16171.59,4,4,16171.588,0.0,0.0,0.0,0.002,539053.0
1643789,IT,AT,POSTT,RESEA,0.27,16171.37,3,3,16171.37,0.0,0.0,0.0,0.0,59893.962963
1751001,IT,CN,WHOLE,MEATC,0.14,16170.901,3,3,16170.901,0.0,0.0,0.0,0.0,115506.435714
1709867,IT,LT,GLASS,WHOLE,0.04,16169.521,3,3,16169.521,0.0,0.0,0.0,0.0,404238.025
1768003,IT,RU,BUSIN,WHEAT,0.17,16169.327,3,3,16169.327,0.0,0.0,0.0,0.0,95113.688235
1653623,IT,CZ,ALUM1,BEVER,0.03,16168.248,3,3,16168.248,0.0,0.0,0.0,0.0,538941.6
1727044,IT,RO,RAILW,RUBBE,0.11,16167.586,3,3,16167.586,0.0,0.0,0.0,0.0,146978.054545
1791652,IT,WA,HOTEL,CEMEN,0.12,16166.314,3,3,16166.314,0.0,0.0,0.0,0.0,134719.283333
1663457,IT,DK,REALE,RETA1,0.68,16166.24,3,3,16166.24,0.0,0.0,0.0,0.0,23773.882353
1718751,IT,PL,PULP5,REALE,0.05,16166.233,4,4,16166.231,0.0,0.0,0.0,0.002,323324.66
1786751,IT,ZA,RETA1,PUBLI,0.17,16164.527,3,3,16164.527,0.0,0.0,0.0,0.0,95085.452941
1723645,IT,PT,FABRI,WASTE,0.07,16162.295,3,3,16162.295,0.0,0.0,0.0,0.0,230889.928571
1798661,IT,WE,VEGE1,FORES,0.05,16162.011,4,4,16162.007,0.0,0.0,0.0,0.004,323240.22
1746274,IT,JP,CHEM1,ELE12,0.03,16161.916,4,4,16161.914,0.0,0.0,0.0,0.002,538730.533333
1782018,IT,NO,RUBBE,RAILW,0.05,16161.506,3,3,16161.506,0.0,0.0,0.0,0.0,323230.12
1767970,IT,RU,COMPU,TRANS,0.18,16161.437,3,3,16161.437,0.0,0.0,0.0,0.0,89785.761111
1724150,IT,PT,RETA1,WHOLE,0.17,16161.296,3,3,16161.296,0.0,0.0,0.0,0.0,95066.447059
1662482,IT,DK,ALUM1,FOODW,0.03,16160.703,3,3,16160.703,0.0,0.0,0.0,0.0,538690.1
1671698,IT,FI,SALEM,DAIRY,0.13,16160.426,3,3,16160.426,0.0,0.0,0.0,0.0,124310.969231
1809578,IT,WM,VEGE1,CERAM,0.05,16159.981,4,4,16159.977,0.0,0.0,0.0,0.004,323199.62
1778770,IT,TR,LANDT,FISH5,0.1,16159.733,3,3,16159.733,0.0,0.0,0.0,0.0,161597.33
1807762,IT,WF,PUBLI,WHOLE,0.26,16159.17,3,3,16159.17,0.0,0.0,0.0,0.0,62150.653846
1655504,IT,DE,CRUDE,PETRO,0.03,16158.856,3,3,16158.856,0.0,0.0,0.0,0.0,538628.533333
1742247,IT,US,CERAM,SALEM,0.03,16155.487,3,3,16155.487,0.0,0.0,0.0,0.0,538516.233333
1800576,IT,WE,GLASS,COKIN,0.04,16155.149,3,3,16155.149,0.0,0.0,0.0,0.0,403878.725
1793339,IT,WA,PRIVA,BUSIN,3.6,16154.525,4,4,16154.522,0.0,0.0,0.0,0.003,4487.368056
1805656,IT,WF,NONME,LANDT,0.03,16154.379,4,4,16154.377,0.0,0.0,0.0,0.002,538479.3
1722891,IT,PT,PRINT,HEALT,0.15,16153.232,3,3,16153.232,0.0,0.0,0.0,0.0,107688.213333
1775202,IT,CH,RESEA,DIST1,0.09,16152.544,3,3,16152.544,0.0,0.0,0.0,0.0,179472.711111
1671881,IT,FI,HOTEL,SALEM,0.12,16150.681,3,3,16150.681,0.0,0.0,0.0,0.0,134589.008333
1801828,IT,WE,ELEC7,MEATA,0.01,16149.389,3,3,16149.389,0.0,0.0,0.0,0.0,1614938.9
1786979,IT,ZA,INSUR,CATTL,0.33,16149.332,3,3,16149.332,0.0,0.0,0.0,0.0,48937.369697
1645038,IT,BE,PAPER,PROCE,0.06,16149.21,4,4,16149.208,0.0,0.0,0.0,0.002,269153.5
1712684,IT,LV,HOTEL,MEATC,0.12,16149.172,3,3,16149.172,0.0,0.0,0.0,0.0,134576.433333
1764574,IT,MX,WHOLE,CERAM,0.14,16148.788,3,3,16148.788,0.0,0.0,0.0,0.0,115348.485714
1771055,IT,CH,FISHF,MACHI,0.03,16148.414,3,3,16148.414,0.0,0.0,0.0,0.0,538280.466667
1668553,IT,ES,HOTEL,TRAN1,0.12,16148.192,3,3,16148.192,0.0,0.0,0.0,0.0,134568.266667
1653125,IT,CZ,CHEM1,ADDIT,0.03,16147.804,4,4,16147.802,0.0,0.0,0.0,0.002,538260.133333
1647963,IT,BE,RENTI,MACHI,0.1,16147.424,3,3,16147.424,0.0,0.0,0.0,0.0,161474.24
1671475,IT,FI,MACHI,RAWMI,0.09,16146.485,3,3,16146.485,0.0,0.0,0.0,0.0,179405.388889
1777907,IT,TR,MACHI,DAIRY,0.09,16145.82,3,3,16145.82,0.0,0.0,0.0,0.0,179398.0
1690160,IT,IE,COMPU,MEMBE,0.18,16143.97,3,3,16143.97,0.0,0.0,0.0,0.0,89688.722222
1717670,IT,NL,BUSIN,PREC1,0.17,16143.967,3,3,16143.967,0.0,0.0,0.0,0.0,94964.511765
1678786,IT,GR,FOOD5,RUBBE,0.08,16143.764,3,3,16143.764,0.0,0.0,0.0,0.0,201797.05
1670684,IT,FI,WOODW,KEROS,0.05,16143.76,3,3,16143.76,0.0,0.0,0.0,0.0,322875.2
1668391,IT,ES,RETA1,WOODW,0.17,16142.562,3,3,16142.562,0.0,0.0,0.0,0.0,94956.247059
1688459,IT,IE,TEXTI,HEALT,0.1,16142.303,4,4,16142.301,0.0,0.0,0.0,0.002,161423.03
1780814,IT,TW,COMPU,HEAVY,0.18,16142.292,3,3,16142.292,0.0,0.0,0.0,0.0,89679.4
1755941,IT,KR,BASIC,PRIVA,0.02,16142.287,3,3,16142.287,0.0,0.0,0.0,0.0,807114.35
1690178,IT,IE,BUSIN,MEAT4,0.17,16142.108,3,3,16142.108,0.0,0.0,0.0,0.0,94953.576471
1790944,IT,WA,OFFIC,EDUCA,0.05,16141.583,3,3,16141.583,0.0,0.0,0.0,0.0,322831.66
1743776,IT,US,LANDT,NONME,0.1,16140.557,3,3,16140.557,0.0,0.0,0.0,0.0,161405.57
1793211,IT,WA,PRIVA,OILSE,3.6,16140.363,4,4,16140.36,0.0,0.0,0.0,0.003,4483.434167
1686145,IT,HU,RUBBE,FOOD3,0.05,16140.23,3,3,16140.23,0.0,0.0,0.0,0.0,322804.6
1642110,IT,AT,GLASS,TRAN2,0.04,16139.348,3,3,16139.348,0.0,0.0,0.0,0.0,403483.7
1709350,IT,LT,DAIRY,LANDT,0.07,16138.804,3,3,16138.804,0.0,0.0,0.0,0.0,230554.342857
1766223,IT,RU,GLASS,ELEC2,0.04,16138.057,3,3,16138.057,0.0,0.0,0.0,0.0,403451.425
1686686,IT,HU,COPP1,FISH5,0.04,16137.236,3,3,16137.236,0.0,0.0,0.0,0.0,403430.9
1811359,IT,WM,NONSP,COPPE,0.02,16135.88,3,3,16135.88,0.0,0.0,0.0,0.0,806794.0
1723320,IT,PT,NONME,STONE,0.03,16133.548,4,4,16133.546,0.0,0.0,0.0,0.002,537784.933333
1658053,IT,DE,PREC1,ELEC6,0.03,16132.861,3,3,16132.861,0.0,0.0,0.0,0.0,537762.033333
1640835,IT,AT,WEARI,RECRE,0.12,16132.613,4,4,16132.61,0.0,0.0,0.0,0.003,134438.441667
1683286,IT,HR,BRICK,REALE,0.02,16131.14,3,3,16131.14,0.0,0.0,0.0,0.0,806557.0
1678512,IT,GR,WHEAT,FABRI,0.01,16131.066,3,3,16131.066,0.0,0.0,0.0,0.0,1613106.6
1809910,IT,WM,BEVER,DISTR,0.07,16130.296,3,3,16130.296,0.0,0.0,0.0,0.0,230432.8
1641494,IT,AT,HEAVY,POULT,0.03,16129.705,3,3,16129.705,0.0,0.0,0.0,0.0,537656.833333
1643705,IT,AT,SUPPO,BIOGA,0.12,16129.621,3,3,16129.621,0.0,0.0,0.0,0.0,134413.508333
1783287,IT,NO,FOODW,RETA1,0.12,16129.443,3,3,16129.443,0.0,0.0,0.0,0.0,134412.025
1688176,IT,HU,BUSIN,AIRTR,0.17,16128.907,3,3,16128.907,0.0,0.0,0.0,0.0,94875.923529
1664360,IT,EE,FABRI,RETA1,0.07,16128.821,3,3,16128.821,0.0,0.0,0.0,0.0,230411.728571
1673651,IT,FR,WOODW,WASTE,0.05,16128.603,3,3,16128.603,0.0,0.0,0.0,0.0,322572.06
1664298,IT,EE,ALUM1,WHOLE,0.03,16127.475,3,3,16127.475,0.0,0.0,0.0,0.0,537582.5
1728429,IT,SE,WEARI,WHOLE,0.12,16127.213,4,4,16127.21,0.0,0.0,0.0,0.003,134393.441667
1752341,IT,CA,MEAT4,SUGA1,0.09,16126.681,3,3,16126.681,0.0,0.0,0.0,0.0,179185.344444
1715188,IT,NL,WOODW,MOTOR,0.05,16126.538,3,3,16126.538,0.0,0.0,0.0,0.0,322530.76
1784373,IT,ID,RUBBE,BUSIN,0.05,16125.655,3,3,16125.655,0.0,0.0,0.0,0.0,322513.1
1752560,IT,CA,BEVER,FURNI,0.07,16124.243,3,3,16124.243,0.0,0.0,0.0,0.0,230346.328571
1808032,IT,WF,INTER,SALEM,0.1,16124.038,3,3,16124.038,0.0,0.0,0.0,0.0,161240.38
1753286,IT,CA,NONME,MEDIC,0.03,16123.18,4,4,16123.178,0.0,0.0,0.0,0.002,537439.333333
1748435,IT,CN,STONE,PLANT,0.05,16123.167,4,4,16122.167,0.0,0.0,1.0,0.0,322463.34
1794192,IT,WL,PRINT,NONME,0.15,16122.325,3,3,16122.325,0.0,0.0,0.0,0.0,107482.166667
1713602,IT,MT,BASIC,OFFIC,0.02,16121.638,3,3,16121.638,0.0,0.0,0.0,0.0,806081.9
1764591,IT,MX,WHOLE,ELEC2,0.14,16121.623,3,3,16121.623,0.0,0.0,0.0,0.0,115154.45
1644273,IT,BE,CROPS,OFFIC,0.13,16121.498,3,3,16121.498,0.0,0.0,0.0,0.0,124011.523077
1715944,IT,NL,GLASS,RENTI,0.04,16120.952,3,3,16120.952,0.0,0.0,0.0,0.0,403023.8
1781377,IT,NO,DAIRY,RENTI,0.07,16120.421,3,3,16120.421,0.0,0.0,0.0,0.0,230291.728571
1753163,IT,CA,GLASS,STONE,0.04,16120.16,3,3,16120.16,0.0,0.0,0.0,0.0,403004.0
1810975,IT,WM,GASDI,FOUND,0.02,16119.462,3,3,16119.462,0.0,0.0,0.0,0.0,805973.1
1771533,IT,CH,TEXTI,PROCE,0.1,16117.627,4,4,16117.625,0.0,0.0,0.0,0.002,161176.27
1712543,IT,LV,MACHI,CEREA,0.09,16117.475,3,3,16117.475,0.0,0.0,0.0,0.0,179083.055556
1747080,IT,JP,FURNI,TRANS,0.05,16117.348,3,3,16117.348,0.0,0.0,0.0,0.0,322346.96
1795250,IT,WL,CERAM,PFERT,0.03,16114.547,3,3,16114.547,0.0,0.0,0.0,0.0,537151.566667
1643588,IT,AT,INLAN,93197,0.03,16114.455,3,3,16114.455,0.0,0.0,0.0,0.0,537148.5
1735110,IT,SK,CHEM1,TRAN2,0.03,16114.266,4,4,16114.264,0.0,0.0,0.0,0.002,537142.2
1646800,IT,BE,SALEM,FABRI,0.13,16113.37,3,3,16113.37,0.0,0.0,0.0,0.0,123949.0
1802162,IT,WE,HOTEL,PAPER,0.12,16112.459,3,3,16112.459,0.0,0.0,0.0,0.0,134270.491667
1673607,IT,FR,WOODW,ALUM1,0.05,16112.091,3,3,16112.091,0.0,0.0,0.0,0.0,322241.82
1665200,IT,ES,FOOD5,PAPER,0.08,16110.915,3,3,16110.915,0.0,0.0,0.0,0.0,201386.4375
1764555,IT,MX,WHOLE,ANIMA,0.14,16110.077,3,3,16110.077,0.0,0.0,0.0,0.0,115071.978571
1786745,IT,ZA,RETA1,POSTT,0.17,16109.997,3,3,16109.997,0.0,0.0,0.0,0.0,94764.688235
1718201,IT,PL,DAIRY,RESEA,0.07,16108.497,3,3,16108.497,0.0,0.0,0.0,0.0,230121.385714
1774415,IT,CH,RAILW,FABRI,0.11,16108.449,3,3,16108.449,0.0,0.0,0.0,0.0,146440.445455
1661430,IT,DK,DAIRY,MEATA,0.07,16107.943,3,3,16107.943,0.0,0.0,0.0,0.0,230113.471429
1742428,IT,US,NONME,PAPE4,0.03,16107.693,4,4,16107.691,0.0,0.0,0.0,0.002,536923.1
1739600,IT,GB,SEACO,PREC1,0.02,16107.113,3,3,16107.113,0.0,0.0,0.0,0.0,805355.65
1663138,IT,DK,LANDT,CRUDE,0.1,16106.021,3,3,16106.021,0.0,0.0,0.0,0.0,161060.21
1807004,IT,WF,LANDT,ELEC2,0.1,16105.238,3,3,16105.238,0.0,0.0,0.0,0.0,161052.38
1682971,IT,HR,PLAST,REALE,0.03,16104.927,4,4,16104.925,0.0,0.0,0.0,0.002,536830.9
1649719,IT,BG,BASIC,VEGET,0.02,16104.534,3,3,16104.534,0.0,0.0,0.0,0.0,805226.7
1673622,IT,FR,WOODW,RETAI,0.05,16103.107,3,3,16103.107,0.0,0.0,0.0,0.0,322062.14
1778679,IT,TR,HOTEL,RENTI,0.12,16102.646,3,3,16102.646,0.0,0.0,0.0,0.0,134188.716667
1653768,IT,CZ,COPP1,GASWO,0.04,16101.607,3,3,16101.607,0.0,0.0,0.0,0.0,402540.175
1795568,IT,WL,COPP1,FOUND,0.04,16101.53,3,3,16101.53,0.0,0.0,0.0,0.0,402538.25
1759074,IT,BR,SEACO,RAILW,0.02,16101.128,3,3,16101.128,0.0,0.0,0.0,0.0,805056.4
1651448,IT,CY,GASDI,RETAI,0.02,16100.567,3,3,16100.567,0.0,0.0,0.0,0.0,805028.35
1741748,IT,US,BITU1,MACHI,0.03,16100.043,3,3,16100.043,0.0,0.0,0.0,0.0,536668.1
1772258,IT,CH,NAPHT,STONE,0.03,16099.991,3,3,16099.991,0.0,0.0,0.0,0.0,536666.366667
1711056,IT,LU,BASIC,PAPE1,0.02,16099.967,3,3,16099.967,0.0,0.0,0.0,0.0,804998.35
1655393,IT,DE,CROPS,WHOLE,0.13,16099.47,3,3,16099.47,0.0,0.0,0.0,0.0,123842.076923
1667342,IT,ES,LEAD1,CERAM,0.03,16099.262,3,3,16099.262,0.0,0.0,0.0,0.0,536642.066667
1649412,IT,BG,CHEM1,LIQUE,0.03,16098.948,4,4,16098.946,0.0,0.0,0.0,0.002,536631.6
1751297,IT,CN,RAILW,OFFIC,0.11,16098.206,3,3,16098.206,0.0,0.0,0.0,0.0,146347.327273
1642085,IT,AT,GLASS,COPP1,0.04,16097.584,3,3,16097.584,0.0,0.0,0.0,0.0,402439.6
1684270,IT,HR,AIRTR,DAIRY,0.02,16097.563,3,3,16097.563,0.0,0.0,0.0,0.0,804878.15
1731904,IT,SI,MOTOR,OILSE,0.02,16096.907,3,3,16096.907,0.0,0.0,0.0,0.0,804845.35
1782443,IT,NO,MACHI,PLAST,0.09,16093.393,3,3,16093.393,0.0,0.0,0.0,0.0,178815.477778
1792217,IT,WA,POSTT,NATUR,0.27,16092.591,3,3,16092.591,0.0,0.0,0.0,0.0,59602.188889
1671805,IT,FI,RETA1,FISHF,0.17,16091.846,3,3,16091.846,0.0,0.0,0.0,0.0,94657.917647
1799144,IT,WE,WEARI,GLASS,0.12,16091.691,4,4,16091.688,0.0,0.0,0.0,0.003,134097.425
1793961,IT,WL,LEATH,93197,0.12,16091.488,4,4,16091.485,0.0,0.0,0.0,0.003,134095.733333
1742957,IT,US,MACHI,AIRTR,0.09,16091.314,3,3,16091.314,0.0,0.0,0.0,0.0,178792.377778
1753828,IT,CA,WHOLE,OFFIC,0.14,16091.262,3,3,16091.262,0.0,0.0,0.0,0.0,114937.585714
1768648,IT,AU,TEXTI,NATUR,0.1,16090.849,4,4,16090.847,0.0,0.0,0.0,0.002,160908.49
1709998,IT,LT,ALUM1,RUBBE,0.03,16089.26,3,3,16089.26,0.0,0.0,0.0,0.0,536308.666667
1670297,IT,FI,CHEMI,BEVER,0.04,16089.206,5,5,16088.204,0.0,0.0,1.0,0.002,402230.15
1779103,IT,TR,SUPPO,ELEC1,0.12,16087.306,3,3,16087.306,0.0,0.0,0.0,0.0,134060.883333
1713228,IT,MT,WOODW,REALE,0.05,16086.765,3,3,16086.765,0.0,0.0,0.0,0.0,321735.3
1796362,IT,WL,WHOLE,BITUM,0.14,16086.374,3,3,16086.374,0.0,0.0,0.0,0.0,114902.671429
1792360,IT,WA,FINAN,RAILW,0.21,16085.633,3,3,16085.633,0.0,0.0,0.0,0.0,76598.252381
1641482,IT,AT,GASDI,WASTE,0.02,16083.85,3,3,16083.85,0.0,0.0,0.0,0.0,804192.5
1714408,IT,NL,VEGET,PLAST,0.06,16083.412,3,3,16083.412,0.0,0.0,0.0,0.0,268056.866667
1811198,IT,WM,NAPHT,SUPPO,0.03,16082.966,3,3,16082.966,0.0,0.0,0.0,0.0,536098.866667
1741276,IT,US,PAPER,PULP5,0.06,16082.842,4,4,16082.84,0.0,0.0,0.0,0.002,268047.366667
1734391,IT,SK,VEGET,MEATP,0.06,16081.866,3,3,16081.866,0.0,0.0,0.0,0.0,268031.1
1765203,IT,MX,BUSIN,COMPU,0.17,16081.821,3,3,16081.821,0.0,0.0,0.0,0.0,94598.947059
1744423,IT,US,AUXIL,TEXTI,0.29,16081.673,3,3,16081.673,0.0,0.0,0.0,0.0,55454.044828
1758099,IT,BR,GLASS,TRANS,0.04,16081.34,3,3,16081.34,0.0,0.0,0.0,0.0,402033.5
1757465,IT,BR,PAPER,NONME,0.06,16081.278,4,4,16081.276,0.0,0.0,0.0,0.002,268021.3
1755987,IT,KR,ALUM1,DIST1,0.03,16080.894,3,3,16080.894,0.0,0.0,0.0,0.0,536029.8
1660853,IT,DE,COMPU,TRAN2,0.18,16080.825,3,3,16080.825,0.0,0.0,0.0,0.0,89337.916667
1744895,IT,US,BUSIN,HEAVY,0.17,16080.056,3,3,16080.056,0.0,0.0,0.0,0.0,94588.564706
1657516,IT,DE,GLASS,CROPS,0.04,16079.027,3,3,16079.027,0.0,0.0,0.0,0.0,401975.675
1760780,IT,IN,PRINT,DISTR,0.15,16078.24,3,3,16078.24,0.0,0.0,0.0,0.0,107188.266667
1789621,IT,WA,RUBBE,PROCE,0.05,16078.12,3,3,16078.12,0.0,0.0,0.0,0.0,321562.4
1775078,IT,CH,RENTI,RAILW,0.1,16077.623,3,3,16077.623,0.0,0.0,0.0,0.0,160776.23
1719055,IT,PL,LIQUE,MOTO1,0.03,16076.171,3,3,16076.171,0.0,0.0,0.0,0.0,535872.366667
1677056,IT,FR,SUPPO,ADDIT,0.12,16075.991,3,3,16075.991,0.0,0.0,0.0,0.0,133966.591667
1745287,IT,JP,MEAT4,VEGE1,0.09,16075.719,3,3,16075.719,0.0,0.0,0.0,0.0,178619.1
1806423,IT,WF,TRANS,CROPS,0.1,16075.609,3,3,16075.609,0.0,0.0,0.0,0.0,160756.09
1767624,IT,RU,SUPPO,INLAN,0.12,16075.307,3,3,16075.307,0.0,0.0,0.0,0.0,133960.891667
1797171,IT,WL,POSTT,SEACO,0.26,16075.066,3,3,16075.066,0.0,0.0,0.0,0.0,61827.176923
1766716,IT,RU,MACHI,PADDY,0.09,16075.066,3,3,16075.066,0.0,0.0,0.0,0.0,178611.844444
1813948,IT,WM,SEACO,OILSE,0.02,16074.861,3,3,16074.861,0.0,0.0,0.0,0.0,803743.05
1643979,IT,AT,COMPU,LANDT,0.18,16073.106,3,3,16073.106,0.0,0.0,0.0,0.0,89295.033333
1661687,IT,DK,WEARI,WEARI,0.12,16072.266,4,4,16072.263,0.0,0.0,0.0,0.003,133935.55
1776059,IT,TR,TEXTI,POSTT,0.1,16071.22,4,4,16071.218,0.0,0.0,0.0,0.002,160712.2
1755110,IT,KR,LEATH,MOTOR,0.12,16071.043,4,4,16071.04,0.0,0.0,0.0,0.003,133925.358333
1785552,IT,ZA,KEROS,COLLE,0.02,16070.85,3,3,16070.85,0.0,0.0,0.0,0.0,803542.5
1782438,IT,NO,MACHI,WOODW,0.09,16070.788,3,3,16070.788,0.0,0.0,0.0,0.0,178564.311111
1769618,IT,AU,FABRI,PROCE,0.07,16069.947,3,3,16069.947,0.0,0.0,0.0,0.0,229570.671429
1672460,IT,FI,INTER,BASIC,0.1,16069.866,3,3,16069.866,0.0,0.0,0.0,0.0,160698.66
1646419,IT,BE,FABRI,WASTE,0.07,16069.863,3,3,16069.863,0.0,0.0,0.0,0.0,229569.471429
1714616,IT,NL,MEATC,MEATP,0.05,16069.591,3,3,16069.591,0.0,0.0,0.0,0.0,321391.82
1656992,IT,DE,LIQUE,PAPE1,0.03,16069.56,3,3,16069.56,0.0,0.0,0.0,0.0,535652.0
1768586,IT,AU,BEVER,CEMEN,0.07,16068.968,3,3,16068.968,0.0,0.0,0.0,0.0,229556.685714
1792534,IT,WA,REALE,COMPU,0.68,16067.677,3,3,16067.677,0.0,0.0,0.0,0.0,23628.936765
1734602,IT,SK,BEVER,BUSIN,0.07,16066.756,3,3,16066.756,0.0,0.0,0.0,0.0,229525.085714
1715171,IT,NL,WOODW,PIGS9,0.04,16066.036,3,3,16066.036,0.0,0.0,0.0,0.0,401650.9
1685725,IT,HU,NONSP,MOTOR,0.02,16064.598,3,3,16064.598,0.0,0.0,0.0,0.0,803229.9
1781653,IT,NO,LEATH,MACHI,0.12,16064.298,4,4,16064.295,0.0,0.0,0.0,0.003,133869.15
1768748,IT,AU,WEARI,ELECT,0.12,16064.139,4,4,16064.136,0.0,0.0,0.0,0.003,133867.825
1756620,IT,KR,RAILW,RAILW,0.11,16062.374,3,3,16062.374,0.0,0.0,0.0,0.0,146021.581818
1765041,IT,MX,INSUR,OFFIC,0.33,16061.8,3,3,16061.8,0.0,0.0,0.0,0.0,48672.121212
1734955,IT,SK,HEAVY,FOOD5,0.03,16061.032,3,3,16061.032,0.0,0.0,0.0,0.0,535367.733333
1787958,IT,WA,TOBAC,NONF1,0.06,16060.452,3,3,16060.452,0.0,0.0,0.0,0.0,267674.2
1753851,IT,CA,WHOLE,RECRE,0.14,16059.782,3,3,16059.782,0.0,0.0,0.0,0.0,114712.728571
1662621,IT,DK,MACHI,SUGAR,0.09,16058.827,3,3,16058.827,0.0,0.0,0.0,0.0,178431.411111
1800834,IT,WE,BASIC,COPP1,0.02,16058.476,3,3,16058.476,0.0,0.0,0.0,0.0,802923.8
1791076,IT,WA,TRANS,LIQUE,0.1,16058.238,3,3,16058.238,0.0,0.0,0.0,0.0,160582.38
1768561,IT,AU,BEVER,VEGET,0.07,16056.58,3,3,16056.58,0.0,0.0,0.0,0.0,229379.714286
1800255,IT,WE,PLAST,COPP1,0.03,16055.882,4,4,16055.88,0.0,0.0,0.0,0.002,535196.066667
1713591,IT,MT,BASIC,STONE,0.02,16055.618,3,3,16055.618,0.0,0.0,0.0,0.0,802780.9
1800776,IT,WE,BASIC,OILSE,0.02,16054.593,3,3,16054.593,0.0,0.0,0.0,0.0,802729.65
1749399,IT,CN,KEROS,VEGET,0.02,16054.398,3,3,16054.398,0.0,0.0,0.0,0.0,802719.9
1681185,IT,GR,POSTT,CONST,0.26,16054.104,3,3,16054.104,0.0,0.0,0.0,0.0,61746.553846
1644182,IT,BE,WHEAT,FOOD5,0.01,16052.861,3,3,16052.861,0.0,0.0,0.0,0.0,1605286.1
1810501,IT,WM,PAPER,SUGA1,0.06,16052.736,4,4,16052.734,0.0,0.0,0.0,0.002,267545.6
1673546,IT,FR,LEATH,REALE,0.11,16052.142,4,4,16052.139,0.0,0.0,0.0,0.003,145928.563636
1641742,IT,AT,CHEM1,CRUDE,0.03,16052.035,4,4,16052.033,0.0,0.0,0.0,0.002,535067.833333
1801992,IT,WE,WHOLE,NATUR,0.14,16051.111,3,3,16051.111,0.0,0.0,0.0,0.0,114650.792857
1756666,IT,KR,SEACO,VEGET,0.02,16050.61,3,3,16050.61,0.0,0.0,0.0,0.0,802530.5
1755100,IT,KR,LEATH,FISH5,0.11,16049.995,4,4,16049.992,0.0,0.0,0.0,0.003,145909.045455
1646669,IT,BE,FURNI,BASIC,0.05,16049.347,3,3,16049.347,0.0,0.0,0.0,0.0,320986.94
1735193,IT,SK,RUBBE,FOUND,0.05,16049.11,3,3,16049.11,0.0,0.0,0.0,0.0,320982.2
1710805,IT,LU,PULP5,COMPU,0.05,16048.977,4,4,16048.975,0.0,0.0,0.0,0.002,320979.54
1797704,IT,WL,PLAS1,ELEC2,0.06,16047.623,3,3,16047.623,0.0,0.0,0.0,0.0,267460.383333
1714699,IT,NL,VEGE1,DISTR,0.05,16046.052,4,4,16046.049,0.0,0.0,0.0,0.003,320921.04
1754521,IT,CA,BUSIN,MEDIC,0.16,16045.351,3,3,16045.351,0.0,0.0,0.0,0.0,100283.44375
1645915,IT,BE,CERAM,WOODW,0.02,16044.205,3,3,16044.205,0.0,0.0,0.0,0.0,802210.25
1800068,IT,WE,LIQUE,RECRE,0.03,16044.154,3,3,16044.154,0.0,0.0,0.0,0.0,534805.133333
1645897,IT,BE,GLASS,OILHA,0.04,16043.932,3,3,16043.932,0.0,0.0,0.0,0.0,401098.3
1805905,IT,WF,ALUM1,AUXIL,0.03,16043.749,3,3,16043.749,0.0,0.0,0.0,0.0,534791.633333
1790999,IT,WA,MOTO1,ELEC1,0.09,16042.54,3,3,16042.54,0.0,0.0,0.0,0.0,178250.444444
1732710,IT,SI,BRICK,BRICK,0.02,16041.476,3,3,16041.476,0.0,0.0,0.0,0.0,802073.8
1802388,IT,WE,SEACO,AUXIL,0.02,16041.245,3,3,16041.245,0.0,0.0,0.0,0.0,802062.25
1805778,IT,WF,PREC1,NATUR,0.03,16040.856,3,3,16040.856,0.0,0.0,0.0,0.0,534695.2
1761521,IT,IN,ALUM1,FOOD3,0.03,16040.622,3,3,16040.622,0.0,0.0,0.0,0.0,534687.4
1646495,IT,BE,MACHI,RETAI,0.09,16040.499,3,3,16040.499,0.0,0.0,0.0,0.0,178227.766667
1670483,IT,FI,BEVER,PRINT,0.07,16040.403,3,3,16040.403,0.0,0.0,0.0,0.0,229148.614286
1731715,IT,SI,WOODW,93197,0.04,16039.1,3,3,16039.1,0.0,0.0,0.0,0.0,400977.5
1676133,IT,FR,ELE11,WOODW,0.24,16038.853,4,4,16038.845,0.0,0.0,0.0,0.008,66828.554167
1668628,IT,ES,RAILW,BIODI,0.11,16038.415,3,3,16038.415,0.0,0.0,0.0,0.0,145803.772727
1757253,IT,BR,VEGE1,FURNI,0.05,16038.185,4,4,16038.182,0.0,0.0,0.0,0.003,320763.7
1714524,IT,NL,CRUDE,PARAF,0.03,16037.504,3,3,16037.504,0.0,0.0,0.0,0.0,534583.466667
1758008,IT,BR,RUBBE,BIOGA,0.05,16036.814,3,3,16036.814,0.0,0.0,0.0,0.0,320736.28
1798933,IT,WE,FISH5,PFERT,0.07,16036.349,4,4,16036.341,0.0,0.0,0.0,0.008,229090.7
1794147,IT,WL,PRINT,PADDY,0.15,16036.278,3,3,16036.278,0.0,0.0,0.0,0.0,106908.52
1690240,IT,IE,BUSIN,RECRE,0.16,16036.003,3,3,16036.003,0.0,0.0,0.0,0.0,100225.01875
1729041,IT,SE,RUBBE,MOTOR,0.05,16035.908,3,3,16035.908,0.0,0.0,0.0,0.0,320718.16
1662006,IT,DK,PLAST,LEATH,0.03,16035.533,4,4,16035.531,0.0,0.0,0.0,0.002,534517.766667
1769586,IT,AU,COPP1,SALEM,0.04,16035.02,3,3,16035.02,0.0,0.0,0.0,0.0,400875.5
1663128,IT,DK,LANDT,CEREA,0.1,16034.932,3,3,16034.932,0.0,0.0,0.0,0.0,160349.32
1728872,IT,SE,CHEM1,POULT,0.03,16034.624,4,4,16034.622,0.0,0.0,0.0,0.002,534487.466667
1684472,IT,HR,RENTI,SUPPO,0.1,16033.927,3,3,16033.927,0.0,0.0,0.0,0.0,160339.27
1747766,IT,JP,AUXIL,BASIC,0.29,16033.589,3,3,16033.589,0.0,0.0,0.0,0.0,55288.237931
1807446,IT,WF,AUXIL,RETA1,0.29,16033.461,3,3,16033.461,0.0,0.0,0.0,0.0,55287.796552
1734783,IT,SK,WOODW,OFFIC,0.04,16033.076,3,3,16033.076,0.0,0.0,0.0,0.0,400826.9
1758665,IT,BR,FURNI,SUPPO,0.05,16033.048,3,3,16033.048,0.0,0.0,0.0,0.0,320660.96
1792067,IT,WA,AIRTR,BIODI,0.02,16032.896,3,3,16032.896,0.0,0.0,0.0,0.0,801644.8
1666674,IT,ES,ADDIT,HEALT,0.04,16032.856,3,3,16032.856,0.0,0.0,0.0,0.0,400821.4
1647202,IT,BE,LANDT,MEATC,0.1,16032.49,3,3,16032.49,0.0,0.0,0.0,0.0,160324.9
1787443,IT,WA,STONE,KEROS,0.05,16032.208,4,4,16031.208,0.0,0.0,1.0,0.0,320644.16
1657535,IT,DE,GLASS,VEGE1,0.04,16031.46,3,3,16031.46,0.0,0.0,0.0,0.0,400786.5
1653720,IT,CZ,COPP1,PAPER,0.04,16031.196,3,3,16031.196,0.0,0.0,0.0,0.0,400779.9
1653434,IT,CZ,NONME,PAPER,0.03,16031.073,4,4,16031.071,0.0,0.0,0.0,0.002,534369.1
1684285,IT,HR,AIRTR,TRANS,0.02,16030.647,3,3,16030.647,0.0,0.0,0.0,0.0,801532.35
1732031,IT,SI,KEROS,ELEC3,0.02,16029.575,3,3,16029.575,0.0,0.0,0.0,0.0,801478.75
1759003,IT,BR,LANDT,RADIO,0.1,16028.845,3,3,16028.845,0.0,0.0,0.0,0.0,160288.45
1755748,IT,KR,GLASS,SECO9,0.04,16028.784,3,3,16028.784,0.0,0.0,0.0,0.0,400719.6
1673985,IT,FR,KEROS,WHOLE,0.02,16028.584,3,3,16028.584,0.0,0.0,0.0,0.0,801429.2
1782153,IT,NO,NONME,PFERT,0.03,16027.778,4,4,16027.776,0.0,0.0,0.0,0.002,534259.266667
1792473,IT,WA,AUXIL,BUSIN,0.29,16027.705,3,3,16027.705,0.0,0.0,0.0,0.0,55267.948276
1711170,IT,LU,FABRI,FINAN,0.07,16027.453,3,3,16027.453,0.0,0.0,0.0,0.0,228963.614286
1745914,IT,JP,LEATH,INTER,0.11,16027.283,4,4,16027.28,0.0,0.0,0.0,0.003,145702.572727
1644282,IT,BE,CROPS,RESEA,0.13,16026.858,3,3,16026.858,0.0,0.0,0.0,0.0,123283.523077
1786024,IT,ZA,GLASS,REALE,0.04,16026.697,3,3,16026.697,0.0,0.0,0.0,0.0,400667.425
1660031,IT,DE,AIRTR,PIGS9,0.02,16026.444,3,3,16026.444,0.0,0.0,0.0,0.0,801322.2
1790455,IT,WA,COPP1,ANTHR,0.04,16026.351,3,3,16026.351,0.0,0.0,0.0,0.0,400658.775
1644394,IT,BE,MEATC,HEALT,0.05,16026.13,3,3,16026.13,0.0,0.0,0.0,0.0,320522.6
1644358,IT,BE,CHEMI,GLASS,0.04,16025.633,5,5,16024.631,0.0,0.0,1.0,0.002,400640.825
1735787,IT,SK,MACHI,MOTOR,0.09,16025.3,3,3,16025.3,0.0,0.0,0.0,0.0,178058.888889
1721613,IT,PL,POSTT,MOTO1,0.26,16024.561,3,3,16024.561,0.0,0.0,0.0,0.0,61632.926923
1767619,IT,RU,SUPPO,RETA1,0.12,16024.381,3,3,16024.381,0.0,0.0,0.0,0.0,133536.508333
1737318,IT,GB,BEVER,LEATH,0.07,16024.281,3,3,16024.281,0.0,0.0,0.0,0.0,228918.3
1755151,IT,KR,LEATH,ELEC3,0.11,16024.074,4,4,16024.071,0.0,0.0,0.0,0.003,145673.4
1728954,IT,SE,CHEM1,FINAN,0.03,16023.399,4,4,16023.397,0.0,0.0,0.0,0.002,534113.3
1664169,IT,EE,RUBBE,HEALT,0.05,16023.234,3,3,16023.234,0.0,0.0,0.0,0.0,320464.68
1690101,IT,IE,RENTI,FOOD4,0.1,16022.961,3,3,16022.961,0.0,0.0,0.0,0.0,160229.61
1674731,IT,FR,GLASS,PAPE4,0.04,16022.665,3,3,16022.665,0.0,0.0,0.0,0.0,400566.625
1712452,IT,LV,BASIC,RESEA,0.02,16022.429,3,3,16022.429,0.0,0.0,0.0,0.0,801121.45
1670947,IT,FI,CHEM1,COPP1,0.03,16022.374,4,4,16022.372,0.0,0.0,0.0,0.002,534079.133333
1725031,IT,RO,CEREA,MEATA,0.03,16021.821,3,3,16021.821,0.0,0.0,0.0,0.0,534060.7
1736281,IT,SK,HOTEL,ALUM1,0.12,16021.536,3,3,16021.536,0.0,0.0,0.0,0.0,133512.8
1656130,IT,DE,FISH5,BIODI,0.07,16021.158,4,4,16021.15,0.0,0.0,0.0,0.008,228873.685714
1754641,IT,KR,STONE,RADIO,0.05,16021.035,4,4,16020.035,0.0,0.0,1.0,0.0,320420.7
1682393,IT,HR,PAPER,RAWMI,0.06,16020.659,4,4,16020.657,0.0,0.0,0.0,0.002,267010.983333
1761522,IT,IN,ALUM1,WASTE,0.03,16019.983,3,3,16019.983,0.0,0.0,0.0,0.0,533999.433333
1741790,IT,US,NUCLE,ELECT,0.03,16019.626,3,3,16019.626,0.0,0.0,0.0,0.0,533987.533333
1754089,IT,CA,AIRTR,KEROS,0.02,16019.565,3,3,16019.565,0.0,0.0,0.0,0.0,800978.25
1798466,IT,WE,NATUR,MEDIC,0.02,16019.386,3,3,16019.386,0.0,0.0,0.0,0.0,800969.3
1673663,IT,FR,PULP5,GASDI,0.05,16019.041,4,4,16019.039,0.0,0.0,0.0,0.002,320380.82
1795743,IT,WL,MACHI,NONFE,0.09,16018.661,3,3,16018.661,0.0,0.0,0.0,0.0,177985.122222
1739168,IT,GB,RETA1,PRINT,0.17,16018.156,3,3,16018.156,0.0,0.0,0.0,0.0,94224.447059
1783604,IT,NO,FOOD2,PLAS1,0.09,16017.729,3,3,16017.729,0.0,0.0,0.0,0.0,177974.766667
1784887,IT,ID,AIRTR,RENTI,0.02,16017.366,3,3,16017.366,0.0,0.0,0.0,0.0,800868.3
1810320,IT,WM,WOODW,MEAT4,0.04,16016.053,3,3,16016.053,0.0,0.0,0.0,0.0,400401.325
1713330,IT,MT,KERO1,RETA1,0.02,16015.558,3,3,16015.558,0.0,0.0,0.0,0.0,800777.9
1663573,IT,DK,COMPU,MEMBE,0.18,16015.19,3,3,16015.19,0.0,0.0,0.0,0.0,88973.277778
1756852,IT,KR,POSTT,MACHI,0.26,16014.794,3,3,16014.794,0.0,0.0,0.0,0.0,61595.361538
1772687,IT,CH,CERAM,NONME,0.02,16014.487,3,3,16014.487,0.0,0.0,0.0,0.0,800724.35
1771529,IT,CH,TEXTI,MEATC,0.09,16014.146,4,4,16014.144,0.0,0.0,0.0,0.002,177934.955556
1649695,IT,BG,NONME,GLASS,0.03,16014.065,4,4,16014.063,0.0,0.0,0.0,0.002,533802.166667
1804678,IT,WF,LIQUE,FOOD5,0.03,16013.591,3,3,16013.591,0.0,0.0,0.0,0.0,533786.366667
1676322,IT,FR,RETAI,CERAM,0.13,16012.745,3,3,16012.745,0.0,0.0,0.0,0.0,123174.961538
1764606,IT,MX,WHOLE,REALE,0.14,16012.265,3,3,16012.265,0.0,0.0,0.0,0.0,114373.321429
1812138,IT,WM,BRICK,BUSIN,0.02,16011.734,3,3,16011.734,0.0,0.0,0.0,0.0,800586.7
1785579,IT,ZA,GASDI,BITUM,0.02,16011.652,3,3,16011.652,0.0,0.0,0.0,0.0,800582.6
1726927,IT,RO,HOTEL,PRECI,0.12,16011.416,3,3,16011.416,0.0,0.0,0.0,0.0,133428.466667
1727638,IT,RO,RENTI,MOTOR,0.1,16011.189,3,3,16011.189,0.0,0.0,0.0,0.0,160111.89
1772352,IT,CH,CHEM1,WHEAT,0.03,16011.023,4,4,16011.021,0.0,0.0,0.0,0.002,533700.766667
1765766,IT,RU,PRINT,RESEA,0.15,16010.443,3,3,16010.443,0.0,0.0,0.0,0.0,106736.286667
1647599,IT,BE,POSTT,MACHI,0.26,16010.325,3,3,16010.325,0.0,0.0,0.0,0.0,61578.173077
1689168,IT,IE,SALEM,FOOD2,0.13,16010.113,3,3,16010.113,0.0,0.0,0.0,0.0,123154.715385
1742035,IT,US,RUBBE,PADDY,0.05,16010.04,3,3,16010.04,0.0,0.0,0.0,0.0,320200.8
1809174,IT,WM,CATTL,RESEA,0.03,16009.732,3,3,16009.732,0.0,0.0,0.0,0.0,533657.733333
1667555,IT,ES,FABRI,TRAN2,0.07,16009.571,3,3,16009.571,0.0,0.0,0.0,0.0,228708.157143
1751079,IT,CN,RETA1,CRUDE,0.17,16009.04,3,3,16009.04,0.0,0.0,0.0,0.0,94170.823529
1656864,IT,DE,HEAVY,LUBRI,0.03,16008.244,3,3,16008.244,0.0,0.0,0.0,0.0,533608.133333
1667353,IT,ES,LEAD1,ELEC1,0.03,16007.519,3,3,16007.519,0.0,0.0,0.0,0.0,533583.966667
1715745,IT,NL,BIOGA,RESEA,0.03,16007.328,4,4,16007.326,0.0,0.0,0.0,0.002,533577.6
1671077,IT,FI,RUBBE,RETA1,0.05,16007.196,3,3,16007.196,0.0,0.0,0.0,0.0,320143.92
1778363,IT,TR,RETAI,NONF1,0.13,16006.639,3,3,16006.639,0.0,0.0,0.0,0.0,123127.992308
1773546,IT,CH,MOTO1,ELEC4,0.09,16006.434,3,3,16006.434,0.0,0.0,0.0,0.0,177849.266667
1642131,IT,AT,CERAM,LEATH,0.02,16006.061,3,3,16006.061,0.0,0.0,0.0,0.0,800303.05
1739207,IT,GB,RETA1,DIST1,0.17,16005.4,3,3,16005.4,0.0,0.0,0.0,0.0,94149.411765
1671368,IT,FI,COPP1,COMPU,0.04,16005.234,3,3,16005.234,0.0,0.0,0.0,0.0,400130.85
1674544,IT,FR,RUBBE,NFERT,0.05,16004.51,3,3,16004.51,0.0,0.0,0.0,0.0,320090.2
1769943,IT,AU,MOTO1,COMPU,0.09,16004.16,3,3,16004.16,0.0,0.0,0.0,0.0,177824.0
1642389,IT,AT,BASIC,PAPE4,0.02,16003.92,3,3,16003.92,0.0,0.0,0.0,0.0,800196.0
1716623,IT,NL,SALEM,BUSIN,0.13,16002.962,3,3,16002.962,0.0,0.0,0.0,0.0,123099.707692
1729329,IT,SE,NONME,SUPPO,0.03,16002.39,4,4,16002.388,0.0,0.0,0.0,0.002,533413.0
1717271,IT,NL,POSTT,SALEM,0.26,16002.214,3,3,16002.214,0.0,0.0,0.0,0.0,61546.976923
1729384,IT,SE,BASIC,PREC1,0.02,16001.466,3,3,16001.466,0.0,0.0,0.0,0.0,800073.3
1764061,IT,MX,FABRI,RAWMI,0.07,16001.041,3,3,16001.041,0.0,0.0,0.0,0.0,228586.3
1780944,IT,TW,BUSIN,ALUMI,0.16,16000.897,3,3,16000.897,0.0,0.0,0.0,0.0,100005.60625
1644234,IT,BE,OILSE,RETA1,0.01,15999.928,3,3,15999.928,0.0,0.0,0.0,0.0,1599992.8
1742223,IT,US,CERAM,PRINT,0.02,15998.416,3,3,15998.416,0.0,0.0,0.0,0.0,799920.8
1719798,IT,PL,BASIC,PARAF,0.02,15997.065,3,3,15997.065,0.0,0.0,0.0,0.0,799853.25
1794631,IT,WL,LIQUE,COPP1,0.03,15996.301,3,3,15996.301,0.0,0.0,0.0,0.0,533210.033333
1763206,IT,MX,WOODW,NONFE,0.04,15996.24,3,3,15996.24,0.0,0.0,0.0,0.0,399906.0
1664461,IT,EE,MACHI,RECRE,0.09,15995.617,3,3,15995.617,0.0,0.0,0.0,0.0,177729.077778
1672868,IT,FR,VEGE1,KEROS,0.05,15995.443,4,4,15995.44,0.0,0.0,0.0,0.003,319908.86
1652936,IT,CZ,HEAVY,SANDC,0.03,15995.164,3,3,15995.164,0.0,0.0,0.0,0.0,533172.133333
1786080,IT,ZA,NONME,POULT,0.03,15992.766,4,4,15992.764,0.0,0.0,0.0,0.002,533092.2
1732756,IT,SI,NONME,PULP5,0.03,15992.61,4,4,15992.608,0.0,0.0,0.0,0.002,533087.0
1802700,IT,WE,COMPU,CONST,0.18,15992.404,3,3,15992.404,0.0,0.0,0.0,0.0,88846.688889
1768866,IT,AU,LEATH,MEMBE,0.11,15992.071,4,4,15992.068,0.0,0.0,0.0,0.003,145382.463636
1721439,IT,PL,AIRTR,BIODI,0.02,15991.985,3,3,15991.985,0.0,0.0,0.0,0.0,799599.25
1725917,IT,RO,NONSP,ELEC4,0.02,15991.956,3,3,15991.956,0.0,0.0,0.0,0.0,799597.8
1649452,IT,BG,CHEM1,RETAI,0.03,15991.942,4,4,15991.94,0.0,0.0,0.0,0.002,533064.733333
1673130,IT,FR,BEVER,ANIMA,0.07,15991.86,3,3,15991.86,0.0,0.0,0.0,0.0,228455.142857
1780075,IT,TW,WHOLE,RADIO,0.14,15991.777,3,3,15991.777,0.0,0.0,0.0,0.0,114226.978571
1720614,IT,PL,MOTO1,MEATC,0.09,15991.73,3,3,15991.73,0.0,0.0,0.0,0.0,177685.888889
1669575,IT,ES,REALE,AIRTR,0.68,15991.472,3,3,15991.472,0.0,0.0,0.0,0.0,23516.870588
1663344,IT,DK,SUPPO,CHEM1,0.11,15991.029,3,3,15991.029,0.0,0.0,0.0,0.0,145372.990909
1648778,IT,BG,BEVER,BIODI,0.07,15990.09,3,3,15990.09,0.0,0.0,0.0,0.0,228429.857143
1726281,IT,RO,BASIC,LEAD1,0.02,15989.647,3,3,15989.647,0.0,0.0,0.0,0.0,799482.35
1780529,IT,TW,POSTT,BUSIN,0.26,15989.513,3,3,15989.513,0.0,0.0,0.0,0.0,61498.126923
1665930,IT,ES,MOTOR,MEATA,0.02,15989.119,3,3,15989.119,0.0,0.0,0.0,0.0,799455.95
1773961,IT,CH,SALEM,DISTR,0.13,15988.24,3,3,15988.24,0.0,0.0,0.0,0.0,122986.461538
1794378,IT,WL,KEROS,CEMEN,0.02,15988.023,3,3,15988.023,0.0,0.0,0.0,0.0,799401.15
1710154,IT,LT,MACHI,GLASS,0.09,15987.796,3,3,15987.796,0.0,0.0,0.0,0.0,177642.177778
1780507,IT,TW,POSTT,ELEC1,0.26,15987.602,3,3,15987.602,0.0,0.0,0.0,0.0,61490.776923
1814412,IT,WM,REALE,PFERT,0.68,15986.628,3,3,15986.628,0.0,0.0,0.0,0.0,23509.747059
1657766,IT,DE,NONME,NONFE,0.03,15986.552,4,4,15986.55,0.0,0.0,0.0,0.002,532885.066667
1756883,IT,KR,POSTT,REALE,0.26,15984.905,3,3,15984.905,0.0,0.0,0.0,0.0,61480.403846
1733983,IT,SI,SUPPO,EDUCA,0.11,15984.295,3,3,15984.295,0.0,0.0,0.0,0.0,145311.772727
1685360,IT,HU,LEATH,BEVER,0.11,15984.236,4,4,15984.233,0.0,0.0,0.0,0.003,145311.236364
1783896,IT,NO,WOOD2,FOOD2,0.09,15983.765,3,3,15983.765,0.0,0.0,0.0,0.0,177597.388889
1723797,IT,PT,OFFIC,LANDT,0.05,15983.154,3,3,15983.154,0.0,0.0,0.0,0.0,319663.08
1793474,IT,WL,CHEMI,CROPS,0.04,15982.575,5,5,15981.573,0.0,0.0,1.0,0.002,399564.375
1669065,IT,ES,SUPPO,TRANS,0.11,15982.374,3,3,15982.374,0.0,0.0,0.0,0.0,145294.309091
1668478,IT,ES,HOTEL,FISHF,0.12,15982.278,3,3,15982.278,0.0,0.0,0.0,0.0,133185.65
1746799,IT,JP,MACHI,BRICK,0.09,15981.9,3,3,15981.9,0.0,0.0,0.0,0.0,177576.666667
1640312,IT,AT,SANDC,PUBLI,0.04,15981.36,4,4,15977.36,0.0,0.0,4.0,0.0,399534.0
1800118,IT,WE,NAPHT,GLASS,0.03,15981.05,3,3,15981.05,0.0,0.0,0.0,0.0,532701.666667
1711968,IT,LV,VEGET,FISHF,0.06,15981.01,3,3,15981.01,0.0,0.0,0.0,0.0,266350.166667
1725024,IT,PT,93197,MEMBE,0.11,15980.608,3,3,15980.608,0.0,0.0,0.0,0.0,145278.254545
1770450,IT,AU,SEACO,RENTI,0.02,15980.282,3,3,15980.282,0.0,0.0,0.0,0.0,799014.1
1726682,IT,RO,TRANS,STEAM,0.1,15978.658,3,3,15978.658,0.0,0.0,0.0,0.0,159786.58
1715782,IT,NL,BIODI,PUBLI,0.03,15977.904,4,4,15977.902,0.0,0.0,0.0,0.002,532596.8
1643365,IT,AT,RAILW,REALE,0.11,15977.126,3,3,15977.126,0.0,0.0,0.0,0.0,145246.6
1774980,IT,CH,AUXIL,RETA1,0.29,15976.439,3,3,15976.439,0.0,0.0,0.0,0.0,55091.168966
1795452,IT,WL,PREC1,BIODI,0.03,15976.249,3,3,15976.249,0.0,0.0,0.0,0.0,532541.633333
1735662,IT,SK,FABRI,STONE,0.07,15975.648,3,3,15975.648,0.0,0.0,0.0,0.0,228223.542857
1672691,IT,FR,SANDC,STONE,0.04,15974.922,4,4,15970.922,0.0,0.0,4.0,0.0,399373.05
1783922,IT,ID,ANIMA,INLAN,0.06,15974.61,3,3,15974.61,0.0,0.0,0.0,0.0,266243.5
1675552,IT,FR,MOTO1,MEATP,0.09,15973.497,3,3,15973.497,0.0,0.0,0.0,0.0,177483.3
1727956,IT,SE,OILSE,EDUCA,0.01,15973.055,3,3,15973.055,0.0,0.0,0.0,0.0,1597305.5
1795096,IT,WL,RUBBE,SANDC,0.05,15972.792,3,3,15972.792,0.0,0.0,0.0,0.0,319455.84
1781539,IT,NO,TEXTI,SALEM,0.09,15972.567,4,4,15972.565,0.0,0.0,0.0,0.002,177472.966667
1716973,IT,NL,LANDT,CROPS,0.1,15972.497,3,3,15972.497,0.0,0.0,0.0,0.0,159724.97
1721520,IT,PL,SUPPO,BIODI,0.11,15971.574,3,3,15971.574,0.0,0.0,0.0,0.0,145196.127273
1767487,IT,RU,SEACO,LIQUE,0.02,15971.558,3,3,15971.558,0.0,0.0,0.0,0.0,798577.9
1742213,IT,US,GLASS,FOOD3,0.04,15971.18,3,3,15971.18,0.0,0.0,0.0,0.0,399279.5
1654613,IT,CZ,LANDT,WHEAT,0.1,15969.342,3,3,15969.342,0.0,0.0,0.0,0.0,159693.42
1753428,IT,CA,FABRI,DAIRY,0.06,15968.524,3,3,15968.524,0.0,0.0,0.0,0.0,266142.066667
1758212,IT,BR,BASIC,PAPER,0.02,15967.988,3,3,15967.988,0.0,0.0,0.0,0.0,798399.4
1713191,IT,MT,WEARI,CONST,0.12,15967.379,4,4,15967.376,0.0,0.0,0.0,0.003,133061.491667
1665537,IT,ES,WEARI,PAPE4,0.12,15967.345,4,4,15967.342,0.0,0.0,0.0,0.003,133061.208333
1656012,IT,DE,FOOD5,RAILW,0.08,15966.511,3,3,15966.511,0.0,0.0,0.0,0.0,199581.3875
1713801,IT,MT,FURNI,RUBBE,0.05,15966.403,3,3,15966.403,0.0,0.0,0.0,0.0,319328.06
1764343,IT,MX,OFFIC,COMPU,0.05,15965.894,3,3,15965.894,0.0,0.0,0.0,0.0,319317.88
1777120,IT,TR,ADDIT,LEADZ,0.04,15965.73,3,3,15965.73,0.0,0.0,0.0,0.0,399143.25
1794458,IT,WL,GASDI,PAPER,0.02,15965.637,3,3,15965.637,0.0,0.0,0.0,0.0,798281.85
1727672,IT,RO,RENTI,RENTI,0.1,15965.164,3,3,15965.164,0.0,0.0,0.0,0.0,159651.64
1749495,IT,CN,NAPHT,MACHI,0.03,15964.221,3,3,15964.221,0.0,0.0,0.0,0.0,532140.7
1648482,IT,BG,OILSE,MEAT1,0.01,15963.708,3,3,15963.708,0.0,0.0,0.0,0.0,1596370.8
1795928,IT,WL,MOTO1,FISHF,0.08,15962.868,3,3,15962.868,0.0,0.0,0.0,0.0,199535.85
1727372,IT,RO,POSTT,MEMBE,0.26,15962.21,3,3,15962.21,0.0,0.0,0.0,0.0,61393.115385
1652046,IT,CZ,OILSE,RETA1,0.01,15962.161,3,3,15962.161,0.0,0.0,0.0,0.0,1596216.1
1683131,IT,HR,RUBBE,RENTI,0.05,15961.925,3,3,15961.925,0.0,0.0,0.0,0.0,319238.5
1772815,IT,CH,NONME,HEALT,0.03,15961.659,4,4,15961.657,0.0,0.0,0.0,0.002,532055.3
1670921,IT,FI,CHEM1,PULP5,0.03,15961.488,4,4,15961.486,0.0,0.0,0.0,0.002,532049.6
1800809,IT,WE,BASIC,PULP5,0.02,15961.414,3,3,15961.414,0.0,0.0,0.0,0.0,798070.7
1668912,IT,ES,SEACO,COMPU,0.02,15960.548,3,3,15960.548,0.0,0.0,0.0,0.0,798027.4
1777225,IT,TR,RUBBE,GASDI,0.05,15959.788,3,3,15959.788,0.0,0.0,0.0,0.0,319195.76
1745928,IT,JP,WOODW,CATTL,0.04,15959.598,3,3,15959.598,0.0,0.0,0.0,0.0,398989.95
1813452,IT,WM,CONST,FINAN,0.09,15958.547,3,3,15958.547,0.0,0.0,0.0,0.0,177317.188889
1766279,IT,RU,CERAM,STEAM,0.02,15957.933,3,3,15957.933,0.0,0.0,0.0,0.0,797896.65
1800767,IT,WE,NONME,AUXIL,0.03,15957.802,4,4,15957.8,0.0,0.0,0.0,0.002,531926.733333
1811298,IT,WM,BITU1,CHARC,0.03,15956.346,3,3,15956.346,0.0,0.0,0.0,0.0,531878.2
1718129,IT,PL,VEGE1,GASDI,0.05,15955.789,4,4,15955.786,0.0,0.0,0.0,0.003,319115.78
1760144,IT,BR,FOOD3,SUPPO,0.05,15954.679,3,3,15954.679,0.0,0.0,0.0,0.0,319093.58
1673011,IT,FR,SUGA1,RETA1,0.04,15954.659,4,4,15954.656,0.0,0.0,0.0,0.003,398866.475
1756741,IT,KR,AIRTR,CHEMI,0.02,15954.583,3,3,15954.583,0.0,0.0,0.0,0.0,797729.15
1728680,IT,SE,PRINT,COMPU,0.15,15954.248,3,3,15954.248,0.0,0.0,0.0,0.0,106361.653333
1644837,IT,BE,TEXTI,RENTI,0.09,15953.943,4,4,15953.941,0.0,0.0,0.0,0.002,177266.033333
1758822,IT,BR,RETA1,COMPU,0.17,15952.774,3,3,15952.774,0.0,0.0,0.0,0.0,93839.847059
1685696,IT,HU,NAPHT,WOODW,0.03,15952.475,3,3,15952.475,0.0,0.0,0.0,0.0,531749.166667
1758767,IT,BR,RETA1,PROCE,0.17,15952.321,3,3,15952.321,0.0,0.0,0.0,0.0,93837.182353
1656885,IT,DE,HEAVY,TRANS,0.03,15952.189,3,3,15952.189,0.0,0.0,0.0,0.0,531739.633333
1673387,IT,FR,WEARI,CATTL,0.12,15950.89,4,4,15950.887,0.0,0.0,0.0,0.003,132924.083333
1793190,IT,WA,93197,LANDT,0.11,15950.272,3,3,15950.272,0.0,0.0,0.0,0.0,145002.472727
1713092,IT,MT,FOOD5,PIGS9,0.08,15949.846,3,3,15949.846,0.0,0.0,0.0,0.0,199373.075
1753898,IT,CA,RAILW,PULP5,0.11,15949.696,3,3,15949.696,0.0,0.0,0.0,0.0,144997.236364
1686831,IT,HU,FABRI,SECO9,0.06,15949.499,3,3,15949.499,0.0,0.0,0.0,0.0,265824.983333
1788708,IT,WA,MOTOR,PAPER,0.02,15949.474,3,3,15949.474,0.0,0.0,0.0,0.0,797473.7
1733150,IT,SI,FABRI,TRAN2,0.06,15948.838,3,3,15948.838,0.0,0.0,0.0,0.0,265813.966667
1746316,IT,JP,CHEM1,MEMBE,0.03,15948.501,4,4,15948.499,0.0,0.0,0.0,0.002,531616.7
1804863,IT,WF,BITU1,MEATP,0.03,15948.207,3,3,15948.207,0.0,0.0,0.0,0.0,531606.9
1746239,IT,JP,CHEM1,NONSP,0.03,15947.609,4,4,15947.607,0.0,0.0,0.0,0.002,531586.966667
1744198,IT,US,POSTT,DAIRY,0.26,15947.489,3,3,15947.489,0.0,0.0,0.0,0.0,61336.496154
1652612,IT,CZ,WOODW,BITUM,0.04,15947.475,3,3,15947.475,0.0,0.0,0.0,0.0,398686.875
1718816,IT,PL,PAPER,COPP1,0.06,15947.357,4,4,15947.355,0.0,0.0,0.0,0.002,265789.283333
1755732,IT,KR,GLASS,BIODI,0.04,15946.964,3,3,15946.964,0.0,0.0,0.0,0.0,398674.1
1678494,IT,FR,RECRE,EDUCA,0.2,15946.855,3,3,15946.855,0.0,0.0,0.0,0.0,79734.275
1666471,IT,ES,PLAST,BEVER,0.03,15945.377,4,4,15945.375,0.0,0.0,0.0,0.002,531512.566667
1789888,IT,WA,BRICK,BRICK,0.02,15943.573,3,3,15943.573,0.0,0.0,0.0,0.0,797178.65
1715691,IT,NL,NONSP,RENTI,0.02,15943.245,3,3,15943.245,0.0,0.0,0.0,0.0,797162.25
1812444,IT,WM,PREC1,RUBBE,0.03,15942.473,3,3,15942.473,0.0,0.0,0.0,0.0,531415.766667
1791481,IT,WA,WHOLE,FINAN,0.14,15941.152,3,3,15941.152,0.0,0.0,0.0,0.0,113865.371429
1664651,IT,EE,LANDT,STEAM,0.1,15939.411,3,3,15939.411,0.0,0.0,0.0,0.0,159394.11
1715910,IT,NL,GLASS,MEAT1,0.04,15939.284,3,3,15939.284,0.0,0.0,0.0,0.0,398482.1
1786275,IT,ZA,FABRI,PRINT,0.06,15939.26,3,3,15939.26,0.0,0.0,0.0,0.0,265654.333333
1759742,IT,BR,BUSIN,REFI1,0.16,15935.18,3,3,15935.18,0.0,0.0,0.0,0.0,99594.875
1659226,IT,DE,SALEM,DAIRY,0.13,15935.113,3,3,15935.113,0.0,0.0,0.0,0.0,122577.792308
1773683,IT,CH,FURNI,ELECT,0.05,15934.747,3,3,15934.747,0.0,0.0,0.0,0.0,318694.94
1758450,IT,BR,MACHI,CEREA,0.09,15934.563,3,3,15934.563,0.0,0.0,0.0,0.0,177050.7
1682616,IT,HR,KEROS,PAPER,0.02,15933.936,3,3,15933.936,0.0,0.0,0.0,0.0,796696.8
1649958,IT,BG,FABRI,COLLE,0.06,15933.248,3,3,15933.248,0.0,0.0,0.0,0.0,265554.133333
1724263,IT,PT,LANDT,PAPER,0.1,15932.064,3,3,15932.064,0.0,0.0,0.0,0.0,159320.64
1726738,IT,RO,FURNI,FINAN,0.05,15931.53,3,3,15931.53,0.0,0.0,0.0,0.0,318630.6
1650627,IT,BG,CONST,DIST1,0.09,15930.681,3,3,15930.681,0.0,0.0,0.0,0.0,177007.566667
1754055,IT,CA,SEACO,REALE,0.02,15930.138,3,3,15930.138,0.0,0.0,0.0,0.0,796506.9
1793350,IT,WA,PRIVA,93197,3.55,15930.084,4,4,15930.081,0.0,0.0,0.0,0.003,4487.347606
1670288,IT,FI,SANDC,ELEC3,0.04,15929.889,4,4,15926.889,0.0,0.0,3.0,0.0,398247.225
1654531,IT,CZ,HOTEL,ELEC1,0.12,15928.607,3,3,15928.607,0.0,0.0,0.0,0.0,132738.391667
1689590,IT,IE,AIRTR,TRAN1,0.02,15928.57,3,3,15928.57,0.0,0.0,0.0,0.0,796428.5
1807099,IT,WF,SEACO,INLAN,0.02,15928.308,3,3,15928.308,0.0,0.0,0.0,0.0,796415.4
1651287,IT,CY,BEVER,PIGS9,0.07,15926.822,3,3,15926.822,0.0,0.0,0.0,0.0,227526.028571
1655985,IT,DE,FOOD5,LIQUI,0.08,15926.416,3,3,15926.416,0.0,0.0,0.0,0.0,199080.2
1652312,IT,CZ,BEVER,ELEC3,0.07,15925.966,3,3,15925.966,0.0,0.0,0.0,0.0,227513.8
1751709,IT,CN,INSUR,RADIO,0.33,15925.689,3,3,15925.689,0.0,0.0,0.0,0.0,48259.663636
1722990,IT,PT,BITU1,PLAST,0.03,15925.343,3,3,15925.343,0.0,0.0,0.0,0.0,530844.766667
1642410,IT,AT,PREC1,COMPU,0.03,15925.079,3,3,15925.079,0.0,0.0,0.0,0.0,530835.966667
1779262,IT,TR,FINAN,CERAM,0.21,15924.982,3,3,15924.982,0.0,0.0,0.0,0.0,75833.247619
1732801,IT,SI,NONME,RECRE,0.03,15924.413,4,4,15924.411,0.0,0.0,0.0,0.002,530813.766667
1802769,IT,WE,BUSIN,TOBAC,0.16,15924.299,3,3,15924.299,0.0,0.0,0.0,0.0,99526.86875
1664780,IT,ES,CEREA,DAIRY,0.03,15922.545,3,3,15922.545,0.0,0.0,0.0,0.0,530751.5
1709377,IT,LT,FOOD5,HOTEL,0.08,15922.418,3,3,15922.418,0.0,0.0,0.0,0.0,199030.225
1766528,IT,RU,COPP1,LIQUE,0.04,15921.332,3,3,15921.332,0.0,0.0,0.0,0.0,398033.3
1689985,IT,IE,REALE,FABRI,0.67,15921.321,3,3,15921.321,0.0,0.0,0.0,0.0,23763.165672
1761018,IT,IN,PLAST,FOOD5,0.03,15921.109,4,4,15921.107,0.0,0.0,0.0,0.002,530703.633333
1676164,IT,FR,CONST,LEATH,0.09,15920.518,3,3,15920.518,0.0,0.0,0.0,0.0,176894.644444
1793422,IT,WL,CROPS,BUSIN,0.13,15919.489,3,3,15919.489,0.0,0.0,0.0,0.0,122457.607692
1685023,IT,HU,DAIRY,RAWMI,0.06,15919.405,3,3,15919.405,0.0,0.0,0.0,0.0,265323.416667
1732464,IT,SI,CHEM1,OFFIC,0.03,15918.844,4,4,15918.842,0.0,0.0,0.0,0.002,530628.133333
1771233,IT,CH,VEGE1,ALUM1,0.05,15918.543,4,4,15918.54,0.0,0.0,0.0,0.003,318370.86
1786369,IT,ZA,MACHI,PULP5,0.09,15918.081,3,3,15918.081,0.0,0.0,0.0,0.0,176867.566667
1738534,IT,GB,FABRI,VEGET,0.06,15916.965,3,3,15916.965,0.0,0.0,0.0,0.0,265282.75
1734526,IT,SK,DAIRY,WHOLE,0.06,15916.411,3,3,15916.411,0.0,0.0,0.0,0.0,265273.516667
1760911,IT,IN,GASDI,93197,0.02,15916.26,3,3,15916.26,0.0,0.0,0.0,0.0,795813.0
1775952,IT,TR,FOOD5,RESEA,0.08,15916.191,3,3,15916.191,0.0,0.0,0.0,0.0,198952.3875
1737584,IT,GB,PAPER,VEGE1,0.06,15915.806,4,4,15915.804,0.0,0.0,0.0,0.002,265263.433333
1788950,IT,WA,HEAVY,ETHAN,0.03,15915.686,3,3,15915.686,0.0,0.0,0.0,0.0,530522.866667
1686172,IT,HU,GLASS,VEGE1,0.04,15915.603,3,3,15915.603,0.0,0.0,0.0,0.0,397890.075
1641901,IT,AT,BIODI,TRANS,0.03,15915.108,4,4,15915.106,0.0,0.0,0.0,0.002,530503.6
1797906,IT,WL,WASTE,LANDT,0.05,15914.255,3,3,15914.255,0.0,0.0,0.0,0.0,318285.1
1781764,IT,NO,PAPER,RECRE,0.06,15913.221,4,4,15913.219,0.0,0.0,0.0,0.002,265220.35
1802538,IT,WE,POSTT,93197,0.26,15911.997,3,3,15911.997,0.0,0.0,0.0,0.0,61199.988462
1649439,IT,BG,CHEM1,SECO9,0.03,15911.198,4,4,15911.196,0.0,0.0,0.0,0.002,530373.266667
1737574,IT,GB,PAPER,CATTL,0.06,15910.995,4,4,15910.993,0.0,0.0,0.0,0.002,265183.25
1669658,IT,ES,COMPU,BEVER,0.18,15910.814,3,3,15910.814,0.0,0.0,0.0,0.0,88393.411111
1749865,IT,CN,RUBBE,ELEC4,0.05,15909.578,3,3,15909.578,0.0,0.0,0.0,0.0,318191.56
1729854,IT,SE,MOTO1,RETAI,0.08,15908.715,3,3,15908.715,0.0,0.0,0.0,0.0,198858.9375
1716964,IT,NL,RAILW,RENTI,0.11,15908.496,3,3,15908.496,0.0,0.0,0.0,0.0,144622.690909
1743060,IT,US,OFFIC,93197,0.05,15907.361,3,3,15907.361,0.0,0.0,0.0,0.0,318147.22
1725886,IT,RO,HEAVY,BRICK,0.03,15906.835,3,3,15906.835,0.0,0.0,0.0,0.0,530227.833333
1655153,IT,CZ,BUSIN,BASIC,0.16,15906.409,3,3,15906.409,0.0,0.0,0.0,0.0,99415.05625
1803040,IT,WF,CEREA,NATU1,0.03,15906.195,3,3,15906.195,0.0,0.0,0.0,0.0,530206.5
1739697,IT,GB,SUPPO,BIODI,0.11,15905.306,3,3,15905.306,0.0,0.0,0.0,0.0,144593.690909
1808916,IT,WM,CEREA,STONE,0.03,15904.759,3,3,15904.759,0.0,0.0,0.0,0.0,530158.633333
1740626,IT,US,CRUDE,ETHAN,0.03,15904.179,3,3,15904.179,0.0,0.0,0.0,0.0,530139.3
1710022,IT,LT,LEAD1,PAPE4,0.03,15904.137,3,3,15904.137,0.0,0.0,0.0,0.0,530137.9
1757378,IT,BR,LEATH,PAPER,0.11,15903.939,4,4,15903.936,0.0,0.0,0.0,0.003,144581.263636
1713790,IT,MT,TRANS,AIRTR,0.09,15902.749,3,3,15902.749,0.0,0.0,0.0,0.0,176697.211111
1642856,IT,AT,MOTO1,ALUM1,0.08,15902.182,3,3,15902.182,0.0,0.0,0.0,0.0,198777.275
1732390,IT,SI,PLAST,GLASS,0.03,15902.125,4,4,15902.123,0.0,0.0,0.0,0.002,530070.833333
1761323,IT,IN,GLASS,LEATH,0.04,15901.611,3,3,15901.611,0.0,0.0,0.0,0.0,397540.275
1712634,IT,LV,MOTO1,CONST,0.08,15901.46,3,3,15901.46,0.0,0.0,0.0,0.0,198768.25
1765610,IT,RU,WOODW,CEMEN,0.04,15901.44,3,3,15901.44,0.0,0.0,0.0,0.0,397536.0
1683922,IT,HR,FURNI,RETA1,0.05,15901.182,3,3,15901.182,0.0,0.0,0.0,0.0,318023.64
1662917,IT,DK,RETA1,WOODW,0.17,15901.073,3,3,15901.073,0.0,0.0,0.0,0.0,93535.723529
1716247,IT,NL,COPP1,BASIC,0.04,15900.41,3,3,15900.41,0.0,0.0,0.0,0.0,397510.25
1767781,IT,RU,INSUR,MOTO1,0.33,15899.742,3,3,15899.742,0.0,0.0,0.0,0.0,48181.036364
1735394,IT,SK,BASIC,POULT,0.02,15899.556,3,3,15899.556,0.0,0.0,0.0,0.0,794977.8
1794829,IT,WL,PLAST,CONST,0.03,15897.307,4,4,15897.305,0.0,0.0,0.0,0.002,529910.233333
1644986,IT,BE,WOODW,LANDT,0.04,15896.023,3,3,15896.023,0.0,0.0,0.0,0.0,397400.575
1740367,IT,GB,EDUCA,COMPU,0.4,15895.613,3,3,15895.613,0.0,0.0,0.0,0.0,39739.0325
1792133,IT,WA,SUPPO,PIGS9,0.11,15895.281,3,3,15895.281,0.0,0.0,0.0,0.0,144502.554545
1756610,IT,KR,RAILW,OFFIC,0.11,15894.656,3,3,15894.656,0.0,0.0,0.0,0.0,144496.872727
1731659,IT,SI,WOODW,LEATH,0.04,15894.319,3,3,15894.319,0.0,0.0,0.0,0.0,397357.975
1725831,IT,RO,KEROS,MOTO1,0.02,15893.88,3,3,15893.88,0.0,0.0,0.0,0.0,794694.0
1755531,IT,KR,CHEM1,REFIN,0.03,15893.862,4,4,15893.86,0.0,0.0,0.0,0.002,529795.4
1780088,IT,TW,WHOLE,SUPPO,0.14,15893.451,3,3,15893.451,0.0,0.0,0.0,0.0,113524.65
1757753,IT,BR,NONSP,REFI1,0.02,15893.436,3,3,15893.436,0.0,0.0,0.0,0.0,794671.8
1749236,IT,CN,PAPER,HEAVY,0.06,15893.17,4,4,15893.168,0.0,0.0,0.0,0.002,264886.166667
1783629,IT,NO,FOOD3,FOUND,0.05,15892.564,3,3,15892.564,0.0,0.0,0.0,0.0,317851.28
1809849,IT,WM,FOOD5,FOOD4,0.08,15892.414,3,3,15892.414,0.0,0.0,0.0,0.0,198655.175
1784636,IT,ID,MACHI,INSUR,0.09,15892.312,3,3,15892.312,0.0,0.0,0.0,0.0,176581.244444
1770128,IT,AU,WHOLE,PUBLI,0.14,15891.001,3,3,15891.001,0.0,0.0,0.0,0.0,113507.15
1750095,IT,CN,BASIC,ELEC5,0.02,15890.998,3,3,15890.998,0.0,0.0,0.0,0.0,794549.9
1652851,IT,CZ,PRINT,PUBLI,0.15,15890.887,3,3,15890.887,0.0,0.0,0.0,0.0,105939.246667
1721639,IT,PL,POSTT,RENTI,0.26,15890.683,3,3,15890.683,0.0,0.0,0.0,0.0,61118.011538
1727315,IT,RO,POSTT,CEMEN,0.26,15890.426,3,3,15890.426,0.0,0.0,0.0,0.0,61117.023077
1772318,IT,CH,PLAST,PFERT,0.03,15890.397,4,4,15890.395,0.0,0.0,0.0,0.002,529679.9
1779182,IT,TR,POSTT,BASIC,0.26,15890.111,3,3,15890.111,0.0,0.0,0.0,0.0,61115.811538
1811736,IT,WM,ADDIT,PULP5,0.04,15889.592,3,3,15889.592,0.0,0.0,0.0,0.0,397239.8
1803959,IT,WF,LEATH,POULT,0.11,15889.424,4,4,15889.421,0.0,0.0,0.0,0.003,144449.309091
1682562,IT,HR,MOTOR,RAILW,0.02,15889.174,3,3,15889.174,0.0,0.0,0.0,0.0,794458.7
1775193,IT,CH,RESEA,OFFIC,0.09,15887.928,3,3,15887.928,0.0,0.0,0.0,0.0,176532.533333
1641421,IT,AT,GASDI,LEATH,0.02,15887.367,3,3,15887.367,0.0,0.0,0.0,0.0,794368.35
1792196,IT,WA,SUPPO,COMPU,0.11,15886.926,3,3,15886.926,0.0,0.0,0.0,0.0,144426.6
1716171,IT,NL,ALUM1,MOTOR,0.03,15885.774,3,3,15885.774,0.0,0.0,0.0,0.0,529525.8
1778184,IT,TR,FURNI,BEVER,0.05,15883.904,3,3,15883.904,0.0,0.0,0.0,0.0,317678.08
1650769,IT,BG,RAILW,GASDI,0.11,15883.726,3,3,15883.726,0.0,0.0,0.0,0.0,144397.509091
1773078,IT,CH,ALUM1,EDUCA,0.03,15883.174,3,3,15883.174,0.0,0.0,0.0,0.0,529439.133333
1799536,IT,WE,PRINT,PAPER,0.15,15883.111,3,3,15883.111,0.0,0.0,0.0,0.0,105887.406667
1678721,IT,GR,DAIRY,SUPPO,0.06,15882.585,3,3,15882.585,0.0,0.0,0.0,0.0,264709.75
1677395,IT,FR,INSUR,RUBBE,0.33,15882.41,3,3,15882.41,0.0,0.0,0.0,0.0,48128.515152
1782939,IT,NO,AIRTR,NONME,0.02,15881.426,3,3,15881.426,0.0,0.0,0.0,0.0,794071.3
1727783,IT,RO,BUSIN,LEATH,0.16,15880.802,3,3,15880.802,0.0,0.0,0.0,0.0,99255.0125
1791438,IT,WA,WHOLE,PFERT,0.14,15880.213,3,3,15880.213,0.0,0.0,0.0,0.0,113430.092857
1674195,IT,FR,LIQUE,GLASS,0.03,15878.999,3,3,15878.999,0.0,0.0,0.0,0.0,529299.966667
1717893,IT,PL,CATTL,RETA1,0.03,15878.712,3,3,15878.712,0.0,0.0,0.0,0.0,529290.4
1737116,IT,GB,MEAT1,HOTEL,0.07,15878.59,4,4,15878.588,0.0,0.0,0.0,0.002,226837.0
1777129,IT,TR,ADDIT,NAPHT,0.04,15878.195,3,3,15878.195,0.0,0.0,0.0,0.0,396954.875
1810167,IT,WM,WEARI,ELEC2,0.12,15877.735,4,4,15877.732,0.0,0.0,0.0,0.003,132314.458333
1725794,IT,RO,PRINT,INSUR,0.15,15876.806,3,3,15876.806,0.0,0.0,0.0,0.0,105845.373333
1754938,IT,KR,TEXTI,NAPHT,0.09,15876.352,4,4,15876.35,0.0,0.0,0.0,0.002,176403.911111
1808936,IT,WM,CEREA,CEMEN,0.03,15876.223,3,3,15876.223,0.0,0.0,0.0,0.0,529207.433333
1748601,IT,CN,VEGE1,SUPPO,0.05,15876.099,4,4,15876.096,0.0,0.0,0.0,0.003,317521.98
1745322,IT,JP,VEGE1,MEATC,0.05,15876.048,4,4,15876.045,0.0,0.0,0.0,0.003,317520.96
1643051,IT,AT,SALEM,TRANS,0.13,15875.988,3,3,15875.988,0.0,0.0,0.0,0.0,122122.984615
1644724,IT,BE,BEVER,POSTT,0.07,15875.943,3,3,15875.943,0.0,0.0,0.0,0.0,226799.185714
1800865,IT,WE,BASIC,MEMBE,0.02,15875.78,3,3,15875.78,0.0,0.0,0.0,0.0,793789.0
1722670,IT,PT,WEARI,RENTI,0.12,15875.193,4,4,15875.19,0.0,0.0,0.0,0.003,132293.275
1689865,IT,IE,INSUR,RECRE,0.33,15874.642,3,3,15874.642,0.0,0.0,0.0,0.0,48104.975758
1806355,IT,WF,MOTO1,PRECI,0.08,15874.495,3,3,15874.495,0.0,0.0,0.0,0.0,198431.1875
1685585,IT,HU,PRINT,BIOGA,0.15,15874.472,3,3,15874.472,0.0,0.0,0.0,0.0,105829.813333
1801954,IT,WE,SALEM,REALE,0.13,15874.338,3,3,15874.338,0.0,0.0,0.0,0.0,122110.292308
1807656,IT,WF,RESEA,BUSIN,0.09,15874.14,3,3,15874.14,0.0,0.0,0.0,0.0,176379.333333
1782094,IT,NO,GLASS,RESEA,0.04,15874.007,3,3,15874.007,0.0,0.0,0.0,0.0,396850.175
1679216,IT,GR,MOTOR,DIST1,0.02,15873.635,3,3,15873.635,0.0,0.0,0.0,0.0,793681.75
1795020,IT,WL,ADDIT,BITUM,0.04,15873.341,3,3,15873.341,0.0,0.0,0.0,0.0,396833.525
1722024,IT,PL,RESEA,PLAST,0.09,15872.097,3,3,15872.097,0.0,0.0,0.0,0.0,176356.633333
1670821,IT,FI,GASDI,LANDT,0.02,15871.501,3,3,15871.501,0.0,0.0,0.0,0.0,793575.05
1757992,IT,BR,RUBBE,WEARI,0.05,15871.005,3,3,15871.005,0.0,0.0,0.0,0.0,317420.1
1645878,IT,BE,GLASS,DIST1,0.04,15870.009,3,3,15870.009,0.0,0.0,0.0,0.0,396750.225
1732100,IT,SI,KERO1,RESEA,0.02,15868.683,3,3,15868.683,0.0,0.0,0.0,0.0,793434.15
1654793,IT,CZ,SUPPO,GLASS,0.11,15868.626,3,3,15868.626,0.0,0.0,0.0,0.0,144260.236364
1766709,IT,RU,FABRI,PLAS2,0.06,15868.269,3,3,15868.269,0.0,0.0,0.0,0.0,264471.15
1788559,IT,WA,PAPER,BIOGA,0.06,15867.675,4,4,15867.673,0.0,0.0,0.0,0.002,264461.25
1662741,IT,DK,OFFIC,MOTO1,0.05,15867.67,3,3,15867.67,0.0,0.0,0.0,0.0,317353.4
1754187,IT,CA,SUPPO,AIRTR,0.11,15867.615,3,3,15867.615,0.0,0.0,0.0,0.0,144251.045455
1790721,IT,WA,FABRI,WASTE,0.06,15866.644,3,3,15866.644,0.0,0.0,0.0,0.0,264444.066667
1756450,IT,KR,CONST,TRANS,0.09,15864.233,3,3,15864.233,0.0,0.0,0.0,0.0,176269.255556
1808574,IT,WF,PAPE4,LANDT,0.1,15863.994,3,3,15863.994,0.0,0.0,0.0,0.0,158639.94
1804874,IT,WF,BITU1,PRINT,0.03,15863.787,3,3,15863.787,0.0,0.0,0.0,0.0,528792.9
1780950,IT,TW,BUSIN,MEAT1,0.16,15863.484,3,3,15863.484,0.0,0.0,0.0,0.0,99146.775
1674900,IT,FR,NONME,PLAS2,0.03,15863.229,4,4,15863.227,0.0,0.0,0.0,0.002,528774.3
1743139,IT,US,MOTO1,ELEC5,0.08,15861.949,3,3,15861.949,0.0,0.0,0.0,0.0,198274.3625
1764025,IT,MX,COPP1,BASIC,0.04,15861.566,3,3,15861.566,0.0,0.0,0.0,0.0,396539.15
1681236,IT,GR,FINAN,MOTOR,0.21,15861.272,3,3,15861.272,0.0,0.0,0.0,0.0,75529.866667
1714655,IT,NL,MEAT4,DAIRY,0.09,15860.232,3,3,15860.232,0.0,0.0,0.0,0.0,176224.8
1774174,IT,CH,RETA1,CATTL,0.17,15860.126,3,3,15860.126,0.0,0.0,0.0,0.0,93294.858824
1787855,IT,WA,FOOD5,RETAI,0.08,15860.082,3,3,15860.082,0.0,0.0,0.0,0.0,198251.025
1681060,IT,GR,SUPPO,RAWMI,0.11,15859.953,3,3,15859.953,0.0,0.0,0.0,0.0,144181.390909
1732938,IT,SI,ALUM1,CERAM,0.03,15859.445,3,3,15859.445,0.0,0.0,0.0,0.0,528648.166667
1813256,IT,WM,TRANS,PLAST,0.09,15859.234,3,3,15859.234,0.0,0.0,0.0,0.0,176213.711111
1735502,IT,SK,PREC1,RUBBE,0.03,15855.382,3,3,15855.382,0.0,0.0,0.0,0.0,528512.733333
1652285,IT,CZ,BEVER,VEGE1,0.07,15855.215,3,3,15855.215,0.0,0.0,0.0,0.0,226503.071429
1810170,IT,WM,WEARI,COLLE,0.12,15854.163,4,4,15854.16,0.0,0.0,0.0,0.003,132118.025
1664661,IT,EE,LANDT,SEACO,0.1,15854.079,3,3,15854.079,0.0,0.0,0.0,0.0,158540.79
1738732,IT,GB,MACHI,FOODW,0.09,15853.947,3,3,15853.947,0.0,0.0,0.0,0.0,176154.966667
1734375,IT,SI,RECRE,POSTT,0.2,15853.444,3,3,15853.444,0.0,0.0,0.0,0.0,79267.22
1740643,IT,US,CRUDE,FABRI,0.03,15852.454,3,3,15852.454,0.0,0.0,0.0,0.0,528415.133333
1674625,IT,FR,RUBBE,PLAS2,0.05,15851.764,3,3,15851.764,0.0,0.0,0.0,0.0,317035.28
1646908,IT,BE,WHOLE,NONME,0.14,15851.702,3,3,15851.702,0.0,0.0,0.0,0.0,113226.442857
1687250,IT,HU,WHOLE,PULP5,0.14,15850.451,3,3,15850.451,0.0,0.0,0.0,0.0,113217.507143
1719673,IT,PL,NONME,RAWMI,0.03,15849.617,4,4,15849.615,0.0,0.0,0.0,0.002,528320.566667
1772343,IT,CH,PLAST,COMPU,0.03,15848.692,4,4,15848.69,0.0,0.0,0.0,0.002,528289.733333
1662864,IT,DK,WHOLE,WEARI,0.14,15847.149,3,3,15847.149,0.0,0.0,0.0,0.0,113193.921429
1723404,IT,PT,BASIC,DISTR,0.02,15847.007,3,3,15847.007,0.0,0.0,0.0,0.0,792350.35
1640544,IT,AT,FOOD5,PULP5,0.08,15846.644,3,3,15846.644,0.0,0.0,0.0,0.0,198083.05
1796186,IT,WL,FURNI,PLAST,0.05,15846.162,3,3,15846.162,0.0,0.0,0.0,0.0,316923.24
1783599,IT,NO,FOOD2,RESEA,0.09,15845.864,3,3,15845.864,0.0,0.0,0.0,0.0,176065.155556
1726339,IT,RO,ALUM1,GLASS,0.03,15845.565,3,3,15845.565,0.0,0.0,0.0,0.0,528185.5
1772771,IT,CH,NONME,KEROS,0.03,15844.899,4,4,15844.897,0.0,0.0,0.0,0.002,528163.3
1713588,IT,MT,NONME,MOTO1,0.03,15844.217,4,4,15844.215,0.0,0.0,0.0,0.002,528140.566667
1656251,IT,DE,WEARI,MACHI,0.12,15844.148,4,4,15844.145,0.0,0.0,0.0,0.003,132034.566667
1677712,IT,FR,RENTI,DISTR,0.09,15842.925,3,3,15842.925,0.0,0.0,0.0,0.0,176032.5
1745935,IT,JP,WOODW,WEARI,0.04,15842.726,3,3,15842.726,0.0,0.0,0.0,0.0,396068.15
1660352,IT,DE,FINAN,HEAVY,0.21,15842.335,3,3,15842.335,0.0,0.0,0.0,0.0,75439.690476
1758001,IT,BR,RUBBE,REFI1,0.05,15841.881,3,3,15841.881,0.0,0.0,0.0,0.0,316837.62
1653545,IT,CZ,BASIC,ELEC5,0.02,15841.81,3,3,15841.81,0.0,0.0,0.0,0.0,792090.5
1653009,IT,CZ,PLAST,COKEO,0.03,15841.413,4,4,15841.411,0.0,0.0,0.0,0.002,528047.1
1785849,IT,ZA,CHEM1,SEACO,0.03,15840.628,4,4,15840.626,0.0,0.0,0.0,0.002,528020.933333
1669819,IT,ES,BUSIN,RAILW,0.16,15840.549,3,3,15840.549,0.0,0.0,0.0,0.0,99003.43125
1782112,IT,NO,CERAM,MACHI,0.02,15839.814,3,3,15839.814,0.0,0.0,0.0,0.0,791990.7
1761612,IT,IN,FABRI,PLANT,0.06,15838.932,3,3,15838.932,0.0,0.0,0.0,0.0,263982.2
1732795,IT,SI,NONME,EDUCA,0.03,15838.738,4,4,15838.736,0.0,0.0,0.0,0.002,527957.933333
1730840,IT,SE,BUSIN,SEWAG,0.16,15838.498,3,3,15838.498,0.0,0.0,0.0,0.0,98990.6125
1681277,IT,GR,FINAN,FINAN,0.21,15838.43,3,3,15838.43,0.0,0.0,0.0,0.0,75421.095238
1725181,IT,RO,DAIRY,POULT,0.06,15837.882,3,3,15837.882,0.0,0.0,0.0,0.0,263964.7
1739780,IT,GB,POSTT,MACHI,0.26,15837.459,3,3,15837.459,0.0,0.0,0.0,0.0,60913.303846
1687518,IT,HU,LANDT,LIQUE,0.1,15836.908,3,3,15836.908,0.0,0.0,0.0,0.0,158369.08
1715979,IT,NL,CERAM,SUPPO,0.02,15836.661,3,3,15836.661,0.0,0.0,0.0,0.0,791833.05
1805293,IT,WF,ADDIT,COPP1,0.04,15836.61,3,3,15836.61,0.0,0.0,0.0,0.0,395915.25
1809920,IT,WM,BEVER,TRAN2,0.07,15836.501,3,3,15836.501,0.0,0.0,0.0,0.0,226235.728571
1653695,IT,CZ,LEAD1,FOUND,0.03,15835.915,3,3,15835.915,0.0,0.0,0.0,0.0,527863.833333
1649538,IT,BG,RUBBE,CERAM,0.05,15835.308,3,3,15835.308,0.0,0.0,0.0,0.0,316706.16
1759693,IT,BR,BUSIN,PLANT,0.16,15834.773,3,3,15834.773,0.0,0.0,0.0,0.0,98967.33125
1669603,IT,ES,RENTI,PAPER,0.09,15834.705,3,3,15834.705,0.0,0.0,0.0,0.0,175941.166667
1769164,IT,AU,CHEM1,LEAD1,0.03,15832.446,4,4,15832.444,0.0,0.0,0.0,0.002,527748.2
1690325,IT,IE,FOOD2,RETA1,0.09,15832.29,3,3,15832.29,0.0,0.0,0.0,0.0,175914.333333
1752866,IT,CA,MOTOR,DISTR,0.02,15831.609,3,3,15831.609,0.0,0.0,0.0,0.0,791580.45
1714351,IT,MT,RECRE,MEATP,0.2,15831.335,3,3,15831.335,0.0,0.0,0.0,0.0,79156.675
1725586,IT,RO,WOODW,GLASS,0.04,15829.961,3,3,15829.961,0.0,0.0,0.0,0.0,395749.025
1641771,IT,AT,CHEM1,KERO1,0.03,15829.923,4,4,15829.921,0.0,0.0,0.0,0.002,527664.1
1737117,IT,GB,MEAT4,MEATC,0.09,15829.04,3,3,15829.04,0.0,0.0,0.0,0.0,175878.222222
1777452,IT,TR,NONME,RENTI,0.03,15828.399,4,4,15828.397,0.0,0.0,0.0,0.002,527613.3
1786314,IT,ZA,FABRI,RENTI,0.06,15828.172,3,3,15828.172,0.0,0.0,0.0,0.0,263802.866667
1667199,IT,ES,PREC1,BEVER,0.03,15827.645,3,3,15827.645,0.0,0.0,0.0,0.0,527588.166667
1803293,IT,WF,FISHF,TEXTI,0.03,15827.098,3,3,15827.098,0.0,0.0,0.0,0.0,527569.933333
1656086,IT,DE,BEVER,DISTR,0.07,15826.835,3,3,15826.835,0.0,0.0,0.0,0.0,226097.642857
1748798,IT,CN,TEXTI,CEMEN,0.09,15825.932,4,4,15825.93,0.0,0.0,0.0,0.002,175843.688889
1662807,IT,DK,FURNI,SEACO,0.05,15825.338,3,3,15825.338,0.0,0.0,0.0,0.0,316506.76
1808401,IT,WF,WASTE,SUPPO,0.05,15824.633,3,3,15824.633,0.0,0.0,0.0,0.0,316492.66
1676588,IT,FR,HOTEL,PREC1,0.11,15824.554,3,3,15824.554,0.0,0.0,0.0,0.0,143859.581818
1673932,IT,FR,MOTOR,AUXIL,0.02,15824.494,3,3,15824.494,0.0,0.0,0.0,0.0,791224.7
1765968,IT,RU,CHEM1,PROCE,0.03,15824.087,4,4,15824.085,0.0,0.0,0.0,0.002,527469.566667
1747439,IT,JP,SEACO,CEREA,0.02,15823.664,3,3,15823.664,0.0,0.0,0.0,0.0,791183.2
1771662,IT,CH,WEARI,MEDIC,0.12,15823.608,4,4,15823.605,0.0,0.0,0.0,0.003,131863.4
1765496,IT,RU,WEARI,MOTO1,0.12,15822.562,4,4,15822.559,0.0,0.0,0.0,0.003,131854.683333
1782346,IT,NO,FABRI,BEVER,0.06,15821.6,3,3,15821.6,0.0,0.0,0.0,0.0,263693.333333
1796854,IT,WL,SEACO,NFERT,0.02,15821.408,3,3,15821.408,0.0,0.0,0.0,0.0,791070.4
1793452,IT,WL,STONE,MOTOR,0.05,15820.03,4,4,15819.03,0.0,0.0,1.0,0.0,316400.6
1776368,IT,TR,PRINT,WEARI,0.15,15819.954,3,3,15819.954,0.0,0.0,0.0,0.0,105466.36
1755418,IT,KR,HEAVY,KERO1,0.03,15819.652,3,3,15819.652,0.0,0.0,0.0,0.0,527321.733333
1775034,IT,CH,RENTI,MEATP,0.09,15819.222,3,3,15819.222,0.0,0.0,0.0,0.0,175769.133333
1690164,IT,IE,BUSIN,CEREA,0.16,15818.948,3,3,15818.948,0.0,0.0,0.0,0.0,98868.425
1750100,IT,CN,BASIC,OXYGE,0.02,15818.826,3,3,15818.826,0.0,0.0,0.0,0.0,790941.3
1682082,IT,HR,TEXTI,CATTL,0.09,15818.461,4,4,15818.459,0.0,0.0,0.0,0.002,175760.677778
1666659,IT,ES,ADDIT,COLLE,0.04,15818.244,3,3,15818.244,0.0,0.0,0.0,0.0,395456.1
1665149,IT,ES,DAIRY,RESEA,0.06,15818.03,3,3,15818.03,0.0,0.0,0.0,0.0,263633.833333
1722054,IT,PL,BUSIN,RAWMI,0.16,15817.584,3,3,15817.584,0.0,0.0,0.0,0.0,98859.9
1750951,IT,CN,CONST,EDUCA,0.09,15817.26,3,3,15817.26,0.0,0.0,0.0,0.0,175747.333333
1714539,IT,NL,CRUDE,ALUM1,0.03,15817.233,3,3,15817.233,0.0,0.0,0.0,0.0,527241.1
1800907,IT,WE,PREC1,CERAM,0.03,15817.047,3,3,15817.047,0.0,0.0,0.0,0.0,527234.9
1755771,IT,KR,GLASS,PUBLI,0.04,15816.446,3,3,15816.446,0.0,0.0,0.0,0.0,395411.15
1657655,IT,DE,CERAM,RADIO,0.02,15816.371,3,3,15816.371,0.0,0.0,0.0,0.0,790818.55
1758359,IT,BR,FABRI,RAWMI,0.06,15815.879,3,3,15815.879,0.0,0.0,0.0,0.0,263597.983333
1642097,IT,AT,GLASS,ELEC4,0.04,15815.831,3,3,15815.831,0.0,0.0,0.0,0.0,395395.775
1653104,IT,CZ,CHEM1,LEATH,0.03,15815.813,4,4,15815.811,0.0,0.0,0.0,0.002,527193.766667
1742314,IT,US,CEMEN,COLLE,0.03,15815.368,3,3,15815.368,0.0,0.0,0.0,0.0,527178.933333
1661281,IT,DK,OILSE,RESEA,0.01,15815.275,3,3,15815.275,0.0,0.0,0.0,0.0,1581527.5
1644347,IT,BE,CHEMI,CHEMI,0.04,15814.918,4,4,15813.918,0.0,0.0,1.0,0.0,395372.95
1796759,IT,WL,LANDT,PREC1,0.1,15814.536,3,3,15814.536,0.0,0.0,0.0,0.0,158145.36
1664127,IT,EE,RUBBE,PLAST,0.05,15813.97,3,3,15813.97,0.0,0.0,0.0,0.0,316279.4
1671887,IT,FI,HOTEL,SEACO,0.11,15813.293,3,3,15813.293,0.0,0.0,0.0,0.0,143757.209091
1777119,IT,TR,ADDIT,ALUMI,0.04,15813.147,3,3,15813.147,0.0,0.0,0.0,0.0,395328.675
1740120,IT,GB,COMPU,CEMEN,0.18,15813.083,3,3,15813.083,0.0,0.0,0.0,0.0,87850.461111
1682382,IT,HR,PAPER,CEREA,0.06,15813.024,4,4,15813.022,0.0,0.0,0.0,0.002,263550.4
1778470,IT,TR,WHOLE,INLAN,0.14,15812.876,3,3,15812.876,0.0,0.0,0.0,0.0,112949.114286
1665532,IT,ES,WEARI,SEWAG,0.12,15812.446,4,4,15812.443,0.0,0.0,0.0,0.003,131770.383333
1670567,IT,FI,TEXTI,COKE1,0.09,15812.194,4,4,15812.192,0.0,0.0,0.0,0.002,175691.044444
1675549,IT,FR,MOTO1,SANDC,0.08,15812.026,3,3,15812.026,0.0,0.0,0.0,0.0,197650.325
1678626,IT,GR,CHEMI,CONST,0.04,15811.907,4,4,15810.907,0.0,0.0,1.0,0.0,395297.675
1726733,IT,RO,FURNI,HOTEL,0.05,15811.593,3,3,15811.593,0.0,0.0,0.0,0.0,316231.86
1679851,IT,GR,ALUM1,LANDT,0.03,15810.383,3,3,15810.383,0.0,0.0,0.0,0.0,527012.766667
1729751,IT,SE,MACHI,CERAM,0.09,15810.227,3,3,15810.227,0.0,0.0,0.0,0.0,175669.188889
1727479,IT,RO,AUXIL,PLAST,0.29,15810.104,3,3,15810.104,0.0,0.0,0.0,0.0,54517.6
1756444,IT,KR,CONST,FABRI,0.09,15809.588,3,3,15809.588,0.0,0.0,0.0,0.0,175662.088889
1678513,IT,GR,WHEAT,MOTO1,0.01,15809.187,3,3,15809.187,0.0,0.0,0.0,0.0,1580918.7
1676975,IT,FR,AIRTR,BIOG1,0.02,15808.945,3,3,15808.945,0.0,0.0,0.0,0.0,790447.25
1640438,IT,AT,VEGE1,OFFIC,0.05,15808.515,4,4,15808.512,0.0,0.0,0.0,0.003,316170.3
1720709,IT,PL,TRANS,WHEAT,0.09,15807.775,3,3,15807.775,0.0,0.0,0.0,0.0,175641.944444
1785787,IT,ZA,CHEM1,PLANT,0.03,15807.592,4,4,15807.59,0.0,0.0,0.0,0.002,526919.733333
1655798,IT,DE,VEGE1,MEATA,0.05,15807.47,4,4,15807.467,0.0,0.0,0.0,0.003,316149.4
1790604,IT,WA,FABRI,COKIN,0.06,15807.366,3,3,15807.366,0.0,0.0,0.0,0.0,263456.1
1750907,IT,CN,CONST,PFERT,0.09,15807.334,3,3,15807.334,0.0,0.0,0.0,0.0,175637.044444
1683791,IT,HR,OFFIC,LEATH,0.05,15807.217,3,3,15807.217,0.0,0.0,0.0,0.0,316144.34
1781127,IT,TW,PLAS1,PUBLI,0.06,15806.913,3,3,15806.913,0.0,0.0,0.0,0.0,263448.55
1655940,IT,DE,SUGA1,MEATA,0.04,15805.89,4,4,15805.887,0.0,0.0,0.0,0.003,395147.25
1731319,IT,SI,VEGE1,BUSIN,0.05,15805.238,4,4,15805.235,0.0,0.0,0.0,0.003,316104.76
1736942,IT,GB,VEGET,MEATC,0.06,15805.101,3,3,15805.101,0.0,0.0,0.0,0.0,263418.35
1734598,IT,SK,BEVER,POSTT,0.07,15804.532,3,3,15804.532,0.0,0.0,0.0,0.0,225779.028571
1769458,IT,AU,NONME,HEALT,0.03,15804.443,4,4,15804.441,0.0,0.0,0.0,0.002,526814.766667
1760956,IT,IN,HEAVY,DIST1,0.03,15804.358,3,3,15804.358,0.0,0.0,0.0,0.0,526811.933333
1798798,IT,WE,FOOD5,RUBBE,0.08,15804.247,3,3,15804.247,0.0,0.0,0.0,0.0,197553.0875
1772147,IT,CH,KEROS,CONST,0.02,15804.006,3,3,15804.006,0.0,0.0,0.0,0.0,790200.3
1666166,IT,ES,GASDI,INTER,0.02,15803.008,3,3,15803.008,0.0,0.0,0.0,0.0,790150.4
1709697,IT,LT,PLAST,93197,0.03,15801.977,4,4,15801.975,0.0,0.0,0.0,0.002,526732.566667
1754258,IT,CA,POSTT,RAILW,0.26,15801.883,3,3,15801.883,0.0,0.0,0.0,0.0,60776.473077
1649399,IT,BG,CHEM1,FISH5,0.03,15800.892,4,4,15800.89,0.0,0.0,0.0,0.002,526696.4
1806709,IT,WF,WHOLE,PFERT,0.14,15800.455,3,3,15800.455,0.0,0.0,0.0,0.0,112860.392857
1793375,IT,WL,VEGET,SALEM,0.06,15799.782,3,3,15799.782,0.0,0.0,0.0,0.0,263329.7
1646652,IT,BE,FURNI,BEVER,0.05,15797.085,3,3,15797.085,0.0,0.0,0.0,0.0,315941.7
1781007,IT,TW,BUSIN,ELEC3,0.16,15796.965,3,3,15796.965,0.0,0.0,0.0,0.0,98731.03125
1789238,IT,WA,PLAST,GASWO,0.03,15796.583,4,4,15796.581,0.0,0.0,0.0,0.002,526552.766667
1714797,IT,NL,FOOD5,CATTL,0.08,15795.678,3,3,15795.678,0.0,0.0,0.0,0.0,197445.975
1671293,IT,FI,PREC1,RESEA,0.03,15795.391,3,3,15795.391,0.0,0.0,0.0,0.0,526513.033333
1763099,IT,MX,WEARI,PRINT,0.12,15794.834,4,4,15794.831,0.0,0.0,0.0,0.003,131623.616667
1655544,IT,DE,STONE,FURNI,0.05,15794.415,4,4,15793.415,0.0,0.0,1.0,0.0,315888.3
1753764,IT,CA,FURNI,ELECT,0.05,15793.693,3,3,15793.693,0.0,0.0,0.0,0.0,315873.86
1777549,IT,TR,PREC1,PRECI,0.03,15793.11,3,3,15793.11,0.0,0.0,0.0,0.0,526437.0
1798703,IT,WE,DAIRY,GASDI,0.06,15793.007,3,3,15793.007,0.0,0.0,0.0,0.0,263216.783333
1763817,IT,MX,CERAM,FINAN,0.02,15791.784,3,3,15791.784,0.0,0.0,0.0,0.0,789589.2
1726094,IT,RO,RUBBE,CERAM,0.05,15791.089,3,3,15791.089,0.0,0.0,0.0,0.0,315821.78
1710426,IT,LT,LANDT,FORES,0.1,15790.2,3,3,15790.2,0.0,0.0,0.0,0.0,157902.0
1769725,IT,AU,MACHI,LEADZ,0.09,15790.132,3,3,15790.132,0.0,0.0,0.0,0.0,175445.911111
1684144,IT,HR,LANDT,TOBAC,0.1,15789.842,3,3,15789.842,0.0,0.0,0.0,0.0,157898.42
1758280,IT,BR,ALUM1,GLASS,0.03,15789.002,3,3,15789.002,0.0,0.0,0.0,0.0,526300.066667
1764464,IT,MX,FURNI,LANDT,0.05,15788.934,3,3,15788.934,0.0,0.0,0.0,0.0,315778.68
1764433,IT,MX,FURNI,WOODW,0.05,15788.172,3,3,15788.172,0.0,0.0,0.0,0.0,315763.44
1736581,IT,SK,SUPPO,PUBLI,0.11,15788.054,3,3,15788.054,0.0,0.0,0.0,0.0,143527.763636
1710157,IT,LT,MACHI,NONME,0.09,15785.326,3,3,15785.326,0.0,0.0,0.0,0.0,175392.511111
1774597,IT,CH,SEACO,ELEC3,0.02,15785.273,3,3,15785.273,0.0,0.0,0.0,0.0,789263.65
1711427,IT,LU,HOTEL,RENTI,0.11,15785.11,3,3,15785.11,0.0,0.0,0.0,0.0,143501.0
1723355,IT,PT,NONME,HOTEL,0.03,15784.847,4,4,15784.845,0.0,0.0,0.0,0.002,526161.566667
1770478,IT,AU,AIRTR,LIQUE,0.02,15784.127,3,3,15784.127,0.0,0.0,0.0,0.0,789206.35
1787292,IT,WA,OILSE,HOTEL,0.01,15783.198,3,3,15783.198,0.0,0.0,0.0,0.0,1578319.8
1672403,IT,FI,BUSIN,TRAN1,0.16,15783.029,3,3,15783.029,0.0,0.0,0.0,0.0,98643.93125
1724843,IT,PT,BUSIN,MEAT4,0.16,15782.846,3,3,15782.846,0.0,0.0,0.0,0.0,98642.7875
1663233,IT,DK,SEACO,CHEMI,0.02,15782.719,3,3,15782.719,0.0,0.0,0.0,0.0,789135.95
1728818,IT,SE,PLAST,FORES,0.03,15781.809,4,4,15781.807,0.0,0.0,0.0,0.002,526060.3
1727487,IT,RO,AUXIL,BASIC,0.29,15781.762,3,3,15781.762,0.0,0.0,0.0,0.0,54419.868966
1776618,IT,TR,GASDI,BASIC,0.02,15781.635,3,3,15781.635,0.0,0.0,0.0,0.0,789081.75
1770553,IT,AU,SUPPO,RETA1,0.11,15781.446,3,3,15781.446,0.0,0.0,0.0,0.0,143467.690909
1649596,IT,BG,GLASS,COPPE,0.04,15780.74,3,3,15780.74,0.0,0.0,0.0,0.0,394518.5
1677625,IT,FR,REALE,LANDT,0.67,15780.203,3,3,15780.203,0.0,0.0,0.0,0.0,23552.541791
1670975,IT,FI,CHEM1,HOTEL,0.03,15779.428,4,4,15779.426,0.0,0.0,0.0,0.002,525980.933333
1737161,IT,GB,VEGE1,RENTI,0.05,15779.059,4,4,15779.056,0.0,0.0,0.0,0.003,315581.18
1809274,IT,WM,CRUDE,RAILW,0.03,15778.824,3,3,15778.824,0.0,0.0,0.0,0.0,525960.8
1686161,IT,HU,GLASS,POULT,0.04,15777.187,3,3,15777.187,0.0,0.0,0.0,0.0,394429.675
1663534,IT,DK,COMPU,PRINT,0.18,15776.58,3,3,15776.58,0.0,0.0,0.0,0.0,87647.666667
1740759,IT,US,MEAT4,ADDIT,0.09,15776.325,3,3,15776.325,0.0,0.0,0.0,0.0,175292.5
1768771,IT,AU,WEARI,REALE,0.12,15775.779,4,4,15775.776,0.0,0.0,0.0,0.003,131464.825
1646926,IT,BE,WHOLE,ELEC3,0.14,15775.166,3,3,15775.166,0.0,0.0,0.0,0.0,112679.757143
1740963,IT,US,FOOD5,WASTE,0.08,15774.247,3,3,15774.247,0.0,0.0,0.0,0.0,197178.0875
1660526,IT,DE,INSUR,FINAN,0.33,15773.936,3,3,15773.936,0.0,0.0,0.0,0.0,47799.806061
1804040,IT,WF,WOODW,CHEM1,0.04,15773.868,3,3,15773.868,0.0,0.0,0.0,0.0,394346.7
1741515,IT,US,KEROS,KEROS,0.02,15773.187,3,3,15773.187,0.0,0.0,0.0,0.0,788659.35
1741381,IT,US,PRINT,RETAI,0.15,15772.737,3,3,15772.737,0.0,0.0,0.0,0.0,105151.58
1662301,IT,DK,NONME,CEMEN,0.03,15772.532,4,4,15772.53,0.0,0.0,0.0,0.002,525751.066667
1658533,IT,DE,MACHI,BITUM,0.09,15772.026,3,3,15772.026,0.0,0.0,0.0,0.0,175244.733333
1673429,IT,FR,WEARI,ELECT,0.12,15771.915,4,4,15771.912,0.0,0.0,0.0,0.003,131432.625
1786923,IT,ZA,AIRTR,RAILW,0.02,15771.628,3,3,15771.628,0.0,0.0,0.0,0.0,788581.4
1770873,IT,AU,BUSIN,DISTR,0.16,15771.621,3,3,15771.621,0.0,0.0,0.0,0.0,98572.63125
1755195,IT,KR,WOODW,TEXTI,0.04,15771.146,3,3,15771.146,0.0,0.0,0.0,0.0,394278.65
1651467,IT,CY,GASDI,93197,0.02,15770.567,3,3,15770.567,0.0,0.0,0.0,0.0,788528.35
1662594,IT,DK,FABRI,HOTEL,0.06,15770.253,3,3,15770.253,0.0,0.0,0.0,0.0,262837.55
1782125,IT,NO,CERAM,RESEA,0.02,15769.792,3,3,15769.792,0.0,0.0,0.0,0.0,788489.6
1680216,IT,GR,TRANS,LUBRI,0.09,15769.637,3,3,15769.637,0.0,0.0,0.0,0.0,175218.188889
1655565,IT,DE,STONE,RENTI,0.05,15769.184,4,4,15768.184,0.0,0.0,1.0,0.0,315383.68
1719670,IT,PL,NONME,CROPS,0.03,15769.18,4,4,15769.178,0.0,0.0,0.0,0.002,525639.333333
1682430,IT,HR,PAPER,ALUM1,0.06,15768.984,4,4,15768.982,0.0,0.0,0.0,0.002,262816.4
1678838,IT,GR,BEVER,INLAN,0.07,15768.668,3,3,15768.668,0.0,0.0,0.0,0.0,225266.685714
1794577,IT,WL,HEAVY,BIOGA,0.03,15768.465,3,3,15768.465,0.0,0.0,0.0,0.0,525615.5
1646803,IT,BE,SALEM,MOTO1,0.13,15766.647,3,3,15766.647,0.0,0.0,0.0,0.0,121281.9
1682461,IT,HR,PAPER,POSTT,0.06,15766.298,4,4,15766.296,0.0,0.0,0.0,0.002,262771.633333
1767160,IT,RU,WHOLE,VEGE1,0.14,15766.272,3,3,15766.272,0.0,0.0,0.0,0.0,112616.228571
1782928,IT,NO,AIRTR,FISH5,0.02,15765.422,3,3,15765.422,0.0,0.0,0.0,0.0,788271.1
1764079,IT,MX,FABRI,PROCE,0.06,15764.86,3,3,15764.86,0.0,0.0,0.0,0.0,262747.666667
1801634,IT,WE,FURNI,LIGNI,0.05,15763.859,3,3,15763.859,0.0,0.0,0.0,0.0,315277.18
1711656,IT,LU,COMPU,CONST,0.18,15763.804,3,3,15763.804,0.0,0.0,0.0,0.0,87576.688889
1806871,IT,WF,HOTEL,NATU1,0.11,15763.027,3,3,15763.027,0.0,0.0,0.0,0.0,143300.245455
1782849,IT,NO,LANDT,SALEM,0.1,15762.879,3,3,15762.879,0.0,0.0,0.0,0.0,157628.79
1682856,IT,HR,LIQUE,COLLE,0.03,15762.747,3,3,15762.747,0.0,0.0,0.0,0.0,525424.9
1742271,IT,US,BRICK,RUBBE,0.02,15762.74,3,3,15762.74,0.0,0.0,0.0,0.0,788137.0
1673213,IT,FR,BEVER,INERT,0.07,15762.146,3,3,15762.146,0.0,0.0,0.0,0.0,225173.514286
1732484,IT,SI,CHEM1,SUPPO,0.03,15761.568,4,4,15761.566,0.0,0.0,0.0,0.002,525385.6
1770209,IT,AU,HOTEL,SUBBI,0.11,15760.472,3,3,15760.472,0.0,0.0,0.0,0.0,143277.018182
1813388,IT,WM,FURNI,ELEC1,0.05,15759.926,3,3,15759.926,0.0,0.0,0.0,0.0,315198.52
1721407,IT,PL,SEACO,LANDT,0.02,15758.05,3,3,15758.05,0.0,0.0,0.0,0.0,787902.5
1648265,IT,BE,BUSIN,FOOD3,0.16,15757.479,3,3,15757.479,0.0,0.0,0.0,0.0,98484.24375
1675984,IT,FR,ELEC4,RECRE,0.25,15757.324,3,3,15757.324,0.0,0.0,0.0,0.0,63029.296
1791936,IT,WA,SEACO,PROCE,0.02,15757.144,3,3,15757.144,0.0,0.0,0.0,0.0,787857.2
1752420,IT,CA,VEGE1,FURNI,0.05,15756.308,4,4,15756.305,0.0,0.0,0.0,0.003,315126.16
1668254,IT,ES,WHOLE,RAWMI,0.14,15756.18,3,3,15756.18,0.0,0.0,0.0,0.0,112544.142857
1784084,IT,ID,LEATH,RADIO,0.11,15755.14,4,4,15755.137,0.0,0.0,0.0,0.003,143228.545455
1800738,IT,WE,NONME,TOBAC,0.03,15754.329,4,4,15754.327,0.0,0.0,0.0,0.002,525144.3
1808523,IT,WF,PAPE4,RAWMI,0.1,15753.687,3,3,15753.687,0.0,0.0,0.0,0.0,157536.87
1712291,IT,LV,CHEM1,SECO9,0.03,15753.167,4,4,15753.165,0.0,0.0,0.0,0.002,525105.566667
1782403,IT,NO,FABRI,PAPE1,0.06,15752.842,3,3,15752.842,0.0,0.0,0.0,0.0,262547.366667
1755713,IT,KR,GLASS,PIGS9,0.04,15752.492,3,3,15752.492,0.0,0.0,0.0,0.0,393812.3
1802351,IT,WE,SEACO,BEVER,0.02,15752.215,3,3,15752.215,0.0,0.0,0.0,0.0,787610.75
1721541,IT,PL,SUPPO,DISTR,0.11,15751.951,3,3,15751.951,0.0,0.0,0.0,0.0,143199.554545
1792309,IT,WA,FINAN,PIGS9,0.21,15751.726,3,3,15751.726,0.0,0.0,0.0,0.0,75008.219048
1667514,IT,ES,FABRI,BRICK,0.06,15751.543,3,3,15751.543,0.0,0.0,0.0,0.0,262525.716667
1727725,IT,RO,COMPU,LANDT,0.18,15749.756,3,3,15749.756,0.0,0.0,0.0,0.0,87498.644444
1800371,IT,WE,CHEM1,ALUM1,0.03,15749.65,4,4,15749.648,0.0,0.0,0.0,0.002,524988.333333
1718733,IT,PL,PULP5,BIODI,0.05,15749.531,3,3,15749.531,0.0,0.0,0.0,0.0,314990.62
1784468,IT,ID,LEAD1,MACHI,0.03,15748.996,3,3,15748.996,0.0,0.0,0.0,0.0,524966.533333
1772784,IT,CH,NONME,PREC1,0.03,15748.441,4,4,15748.439,0.0,0.0,0.0,0.002,524948.033333
1723150,IT,PT,BIODI,CONST,0.03,15748.354,4,4,15748.352,0.0,0.0,0.0,0.002,524945.133333
1762041,IT,IN,WHOLE,HEALT,0.14,15747.98,3,3,15747.98,0.0,0.0,0.0,0.0,112485.571429
1791374,IT,WA,SALEM,COMPU,0.13,15747.768,3,3,15747.768,0.0,0.0,0.0,0.0,121136.676923
1804941,IT,WF,NONSP,NONFE,0.02,15747.077,3,3,15747.077,0.0,0.0,0.0,0.0,787353.85
1743258,IT,US,FURNI,FOOD5,0.05,15746.561,3,3,15746.561,0.0,0.0,0.0,0.0,314931.22
1784244,IT,ID,CHEM1,COKIN,0.03,15746.466,4,4,15746.464,0.0,0.0,0.0,0.002,524882.2
1654019,IT,CZ,MACHI,ELEC2,0.09,15746.465,3,3,15746.465,0.0,0.0,0.0,0.0,174960.722222
1685414,IT,HU,WOODW,CEREA,0.04,15746.394,3,3,15746.394,0.0,0.0,0.0,0.0,393659.85
1790109,IT,WA,BASIC,BITU1,0.02,15745.576,3,3,15745.576,0.0,0.0,0.0,0.0,787278.8
1672699,IT,FR,SANDC,RUBBE,0.04,15745.459,4,4,15742.459,0.0,0.0,3.0,0.0,393636.475
1670452,IT,FI,FOOD5,EDUCA,0.08,15745.116,3,3,15745.116,0.0,0.0,0.0,0.0,196813.95
1735340,IT,SK,CEMEN,NATUR,0.03,15744.46,3,3,15744.46,0.0,0.0,0.0,0.0,524815.333333
1734890,IT,SK,PAPER,FINAN,0.06,15744.014,4,4,15744.012,0.0,0.0,0.0,0.002,262400.233333
1653202,IT,CZ,RUBBE,POULT,0.05,15743.781,3,3,15743.781,0.0,0.0,0.0,0.0,314875.62
1775184,IT,CH,RESEA,BASIC,0.09,15743.383,3,3,15743.383,0.0,0.0,0.0,0.0,174926.477778
1725998,IT,RO,CHEM1,NONF1,0.03,15743.18,4,4,15743.178,0.0,0.0,0.0,0.002,524772.666667
1773003,IT,CH,ALUM1,CATTL,0.03,15743.17,3,3,15743.17,0.0,0.0,0.0,0.0,524772.333333
1770903,IT,AU,BUSIN,93197,0.16,15742.898,3,3,15742.898,0.0,0.0,0.0,0.0,98393.1125
1769764,IT,AU,MACHI,BIOGA,0.09,15742.604,3,3,15742.604,0.0,0.0,0.0,0.0,174917.822222
1728134,IT,SE,DAIRY,PIGS9,0.06,15742.362,3,3,15742.362,0.0,0.0,0.0,0.0,262372.7
1732366,IT,SI,PETRO,MACHI,0.03,15741.96,3,3,15741.96,0.0,0.0,0.0,0.0,524732.0
1720773,IT,PL,TRANS,TRAN2,0.09,15741.477,3,3,15741.477,0.0,0.0,0.0,0.0,174905.3
1786037,IT,ZA,CERAM,STONE,0.02,15740.901,3,3,15740.901,0.0,0.0,0.0,0.0,787045.05
1679744,IT,GR,BASIC,PREC1,0.02,15740.793,3,3,15740.793,0.0,0.0,0.0,0.0,787039.65
1755363,IT,KR,PRINT,HEALT,0.15,15740.473,3,3,15740.473,0.0,0.0,0.0,0.0,104936.486667
1656460,IT,DE,PAPER,CEREA,0.06,15740.358,4,4,15740.356,0.0,0.0,0.0,0.002,262339.3
1807216,IT,WF,SUPPO,FORES,0.11,15738.438,3,3,15738.438,0.0,0.0,0.0,0.0,143076.709091
1748376,IT,CN,PLANT,TEXTI,0.04,15738.4,4,4,15738.398,0.0,0.0,0.0,0.002,393460.0
1782001,IT,NO,RUBBE,COPP1,0.05,15738.296,3,3,15738.296,0.0,0.0,0.0,0.0,314765.92
1759916,IT,BR,PAPE1,PLAS2,0.11,15738.177,3,3,15738.177,0.0,0.0,0.0,0.0,143074.336364
1652524,IT,CZ,WEARI,POSTT,0.12,15737.538,4,4,15737.535,0.0,0.0,0.0,0.003,131146.15
1675237,IT,FR,FABRI,HEAVY,0.06,15737.329,3,3,15737.329,0.0,0.0,0.0,0.0,262288.816667
1798597,IT,WE,MEATP,CRUDE,0.06,15736.668,4,4,15736.666,0.0,0.0,0.0,0.002,262277.8
1664580,IT,EE,HOTEL,RETA1,0.11,15735.571,3,3,15735.571,0.0,0.0,0.0,0.0,143050.645455
1776689,IT,TR,HEAVY,NONF1,0.03,15735.501,3,3,15735.501,0.0,0.0,0.0,0.0,524516.7
1804091,IT,WF,PAPER,CATTL,0.06,15735.399,4,4,15735.397,0.0,0.0,0.0,0.002,262256.65
1671161,IT,FI,CERAM,MACHI,0.02,15734.738,3,3,15734.738,0.0,0.0,0.0,0.0,786736.9
1655970,IT,DE,FOOD5,PULP5,0.08,15734.641,3,3,15734.641,0.0,0.0,0.0,0.0,196683.0125
1669271,IT,ES,FINAN,FOOD5,0.2,15734.16,3,3,15734.16,0.0,0.0,0.0,0.0,78670.8
1732864,IT,SI,BASIC,POSTT,0.02,15732.274,3,3,15732.274,0.0,0.0,0.0,0.0,786613.7
1799210,IT,WE,LEATH,FISHF,0.11,15730.682,4,4,15730.679,0.0,0.0,0.0,0.003,143006.2
1714711,IT,NL,VEGE1,PUBLI,0.05,15730.053,4,4,15730.05,0.0,0.0,0.0,0.003,314601.06
1809903,IT,WM,BEVER,NONME,0.07,15729.795,3,3,15729.795,0.0,0.0,0.0,0.0,224711.357143
1789513,IT,WA,ADDIT,FABRI,0.04,15729.375,3,3,15729.375,0.0,0.0,0.0,0.0,393234.375
1784343,IT,ID,RUBBE,PLAST,0.05,15728.956,3,3,15728.956,0.0,0.0,0.0,0.0,314579.12
1647007,IT,BE,RETA1,PREC1,0.16,15728.626,3,3,15728.626,0.0,0.0,0.0,0.0,98303.9125
1753308,IT,CA,BASIC,REFI1,0.02,15727.736,3,3,15727.736,0.0,0.0,0.0,0.0,786386.8
1798544,IT,WE,SANDC,TRANS,0.04,15726.906,4,4,15723.906,0.0,0.0,3.0,0.0,393172.65
1642996,IT,AT,CONST,BEVER,0.09,15725.6,3,3,15725.6,0.0,0.0,0.0,0.0,174728.888889
1659971,IT,DE,SEACO,NUCLE,0.02,15724.914,3,3,15724.914,0.0,0.0,0.0,0.0,786245.7
1770292,IT,AU,HOTEL,ELEC8,0.11,15724.79,3,3,15724.79,0.0,0.0,0.0,0.0,142952.636364
1679942,IT,GR,FABRI,LIQUE,0.06,15724.018,3,3,15724.018,0.0,0.0,0.0,0.0,262066.966667
1736869,IT,SK,BUSIN,COPP1,0.16,15723.775,3,3,15723.775,0.0,0.0,0.0,0.0,98273.59375
1777375,IT,TR,CERAM,SANDC,0.02,15723.769,3,3,15723.769,0.0,0.0,0.0,0.0,786188.45
1713983,IT,MT,WHOLE,FABRI,0.14,15723.622,3,3,15723.622,0.0,0.0,0.0,0.0,112311.585714
1645926,IT,BE,CERAM,CHEM1,0.02,15722.91,3,3,15722.91,0.0,0.0,0.0,0.0,786145.5
1713442,IT,MT,PLAST,93197,0.03,15722.242,4,4,15722.24,0.0,0.0,0.0,0.002,524074.733333
1744539,IT,US,REALE,TRANS,0.66,15722.099,3,3,15722.099,0.0,0.0,0.0,0.0,23821.362121
1783731,IT,NO,FOOD4,PLAS1,0.11,15721.893,3,3,15721.893,0.0,0.0,0.0,0.0,142926.3
1793193,IT,WA,93197,POSTT,0.11,15721.782,3,3,15721.782,0.0,0.0,0.0,0.0,142925.290909
1752449,IT,CA,DAIRY,PETRO,0.06,15720.814,3,3,15720.814,0.0,0.0,0.0,0.0,262013.566667
1774991,IT,CH,AUXIL,RESEA,0.29,15720.794,3,3,15720.794,0.0,0.0,0.0,0.0,54209.634483
1658939,IT,DE,FURNI,POSTT,0.05,15720.108,3,3,15720.108,0.0,0.0,0.0,0.0,314402.16
1668639,IT,ES,RAILW,OFFIC,0.11,15719.562,3,3,15719.562,0.0,0.0,0.0,0.0,142905.109091
1759912,IT,BR,PAPE1,FOOD3,0.11,15719.483,3,3,15719.483,0.0,0.0,0.0,0.0,142904.390909
1646995,IT,BE,RETA1,NFERT,0.16,15718.824,3,3,15718.824,0.0,0.0,0.0,0.0,98242.65
1713506,IT,MT,RUBBE,SUPPO,0.05,15718.397,3,3,15718.397,0.0,0.0,0.0,0.0,314367.94
1810419,IT,WM,PULP5,WOODW,0.05,15718.346,3,3,15718.346,0.0,0.0,0.0,0.0,314366.92
1749238,IT,CN,PAPER,NAPHT,0.06,15718.224,4,4,15718.222,0.0,0.0,0.0,0.002,261970.4
1679137,IT,GR,PAPER,ELEC4,0.06,15716.974,4,4,15716.972,0.0,0.0,0.0,0.002,261949.566667
1734274,IT,SI,COMPU,BUSIN,0.18,15716.745,3,3,15716.745,0.0,0.0,0.0,0.0,87315.25
1679675,IT,GR,GLASS,RECRE,0.04,15716.547,3,3,15716.547,0.0,0.0,0.0,0.0,392913.675
1807044,IT,WF,TRAN2,LANDT,0.02,15713.756,3,3,15713.756,0.0,0.0,0.0,0.0,785687.8
1671022,IT,FI,RUBBE,MEATC,0.05,15712.714,3,3,15712.714,0.0,0.0,0.0,0.0,314254.28
1665124,IT,ES,DAIRY,MEATP,0.06,15712.604,3,3,15712.604,0.0,0.0,0.0,0.0,261876.733333
1798365,IT,WE,FORES,CROPS,0.14,15712.359,4,4,15706.359,0.0,6.0,0.0,0.0,112231.135714
1655151,IT,CZ,BUSIN,CEMEN,0.16,15711.951,3,3,15711.951,0.0,0.0,0.0,0.0,98199.69375
1751277,IT,CN,HOTEL,PAPE4,0.11,15711.229,3,3,15711.229,0.0,0.0,0.0,0.0,142829.354545
1685687,IT,HU,HEAVY,RESEA,0.03,15709.686,3,3,15709.686,0.0,0.0,0.0,0.0,523656.2
1769322,IT,AU,GLASS,VEGE1,0.04,15709.572,3,3,15709.572,0.0,0.0,0.0,0.0,392739.3
1789718,IT,WA,GLASS,POULT,0.04,15709.369,3,3,15709.369,0.0,0.0,0.0,0.0,392734.225
1657900,IT,DE,BASIC,REFIN,0.02,15708.859,3,3,15708.859,0.0,0.0,0.0,0.0,785442.95
1721402,IT,PL,SEACO,RETAI,0.02,15708.747,3,3,15708.747,0.0,0.0,0.0,0.0,785437.35
1682990,IT,HR,CHEM1,SUGA1,0.03,15708.542,4,4,15708.54,0.0,0.0,0.0,0.002,523618.066667
1645359,IT,BE,HEAVY,DAIRY,0.03,15708.456,3,3,15708.456,0.0,0.0,0.0,0.0,523615.2
1753220,IT,CA,CERAM,PAPER,0.02,15707.185,3,3,15707.185,0.0,0.0,0.0,0.0,785359.25
1646886,IT,BE,WHOLE,PAPER,0.14,15706.316,3,3,15706.316,0.0,0.0,0.0,0.0,112187.971429
1790599,IT,WA,FABRI,ANIMA,0.06,15705.625,3,3,15705.625,0.0,0.0,0.0,0.0,261760.416667
1753840,IT,CA,WHOLE,HOTEL,0.14,15704.322,3,3,15704.322,0.0,0.0,0.0,0.0,112173.728571
1806884,IT,WF,HOTEL,CHEM1,0.11,15704.261,3,3,15704.261,0.0,0.0,0.0,0.0,142766.009091
1681762,IT,HR,SANDC,STEAM,0.04,15703.97,4,4,15700.97,0.0,0.0,3.0,0.0,392599.25
1731442,IT,SI,FOOD5,PUBLI,0.08,15703.827,3,3,15703.827,0.0,0.0,0.0,0.0,196297.8375
1749320,IT,CN,PRINT,PAPER,0.15,15703.249,3,3,15703.249,0.0,0.0,0.0,0.0,104688.326667
1761249,IT,IN,RUBBE,COKEO,0.05,15703.024,3,3,15703.024,0.0,0.0,0.0,0.0,314060.48
1774194,IT,CH,RETA1,FISH5,0.16,15702.987,3,3,15702.987,0.0,0.0,0.0,0.0,98143.66875
1677765,IT,FR,COMPU,PLAST,0.18,15702.815,3,3,15702.815,0.0,0.0,0.0,0.0,87237.861111
1763544,IT,MX,CHEM1,KERO1,0.03,15702.802,4,4,15702.8,0.0,0.0,0.0,0.002,523426.733333
1807875,IT,WF,PAPE1,SALEM,0.11,15701.996,3,3,15701.996,0.0,0.0,0.0,0.0,142745.418182
1654723,IT,CZ,LANDT,MEMBE,0.1,15701.002,3,3,15701.002,0.0,0.0,0.0,0.0,157010.02
1762544,IT,IN,INSUR,RENTI,0.32,15700.613,3,3,15700.613,0.0,0.0,0.0,0.0,49064.415625
1735086,IT,SK,CHEM1,PREC1,0.03,15700.274,4,4,15700.272,0.0,0.0,0.0,0.002,523342.466667
1642811,IT,AT,OFFIC,ALUM1,0.05,15700.163,3,3,15700.163,0.0,0.0,0.0,0.0,314003.26
1674038,IT,FR,GASDI,PLAST,0.02,15699.948,3,3,15699.948,0.0,0.0,0.0,0.0,784997.4
1675106,IT,FR,LEAD1,BIOGA,0.03,15699.833,3,3,15699.833,0.0,0.0,0.0,0.0,523327.766667
1801581,IT,WE,TRANS,NONME,0.09,15699.464,3,3,15699.464,0.0,0.0,0.0,0.0,174438.488889
1658720,IT,DE,OFFIC,TRAN1,0.05,15699.221,3,3,15699.221,0.0,0.0,0.0,0.0,313984.42
1652327,IT,CZ,BEVER,COMPU,0.07,15697.907,3,3,15697.907,0.0,0.0,0.0,0.0,224255.814286
1763486,IT,MX,PLAST,COLLE,0.03,15697.486,4,4,15697.484,0.0,0.0,0.0,0.002,523249.533333
1738145,IT,GB,GLASS,BRICK,0.04,15695.09,3,3,15695.09,0.0,0.0,0.0,0.0,392377.25
1803700,IT,WF,BEVER,SUPPO,0.07,15693.797,3,3,15693.797,0.0,0.0,0.0,0.0,224197.1
1728461,IT,SE,LEATH,FURNI,0.11,15692.123,4,4,15692.12,0.0,0.0,0.0,0.003,142655.663636
1681654,IT,HR,VEGET,TEXTI,0.06,15690.876,3,3,15690.876,0.0,0.0,0.0,0.0,261514.6
1751981,IT,CN,RESEA,LIQUE,0.09,15690.083,3,3,15690.083,0.0,0.0,0.0,0.0,174334.255556
1756724,IT,KR,SEACO,INSUR,0.02,15690.002,3,3,15690.002,0.0,0.0,0.0,0.0,784500.1
1760326,IT,IN,STONE,FURNI,0.05,15689.79,4,4,15688.79,0.0,0.0,1.0,0.0,313795.8
1805802,IT,WF,PREC1,NONME,0.03,15689.279,3,3,15689.279,0.0,0.0,0.0,0.0,522975.966667
1756536,IT,KR,WHOLE,INSUR,0.14,15687.888,3,3,15687.888,0.0,0.0,0.0,0.0,112056.342857
1711466,IT,LU,LANDT,RENTI,0.1,15686.563,3,3,15686.563,0.0,0.0,0.0,0.0,156865.63
1650872,IT,BG,LANDT,POSTT,0.1,15685.833,3,3,15685.833,0.0,0.0,0.0,0.0,156858.33
1662483,IT,DK,ALUM1,PAPE1,0.03,15685.038,3,3,15685.038,0.0,0.0,0.0,0.0,522834.6
1746058,IT,JP,PRINT,PROCE,0.15,15683.989,3,3,15683.989,0.0,0.0,0.0,0.0,104559.926667
1771928,IT,CH,PAPER,LIQUE,0.06,15682.656,4,4,15682.654,0.0,0.0,0.0,0.002,261377.6
1660651,IT,DE,REALE,INSUR,0.66,15682.127,3,3,15682.127,0.0,0.0,0.0,0.0,23760.798485
1799200,IT,WE,LEATH,CEREA,0.11,15680.978,4,4,15680.975,0.0,0.0,0.0,0.003,142554.345455
1648600,IT,BG,MEATC,HOTEL,0.05,15680.895,3,3,15680.895,0.0,0.0,0.0,0.0,313617.9
1659174,IT,DE,CONST,BASIC,0.09,15680.431,3,3,15680.431,0.0,0.0,0.0,0.0,174227.011111
1782044,IT,NO,RUBBE,PAPE4,0.05,15678.972,3,3,15678.972,0.0,0.0,0.0,0.0,313579.44
1796187,IT,WL,FURNI,NFERT,0.05,15678.609,3,3,15678.609,0.0,0.0,0.0,0.0,313572.18
1713708,IT,MT,FABRI,REALE,0.06,15678.527,3,3,15678.527,0.0,0.0,0.0,0.0,261308.783333
1667723,IT,ES,MACHI,PAPE2,0.09,15678.427,3,3,15678.427,0.0,0.0,0.0,0.0,174204.744444
1736308,IT,SK,HOTEL,AUXIL,0.11,15678.412,3,3,15678.412,0.0,0.0,0.0,0.0,142531.018182
1665067,IT,ES,MEAT4,RETA1,0.09,15678.287,3,3,15678.287,0.0,0.0,0.0,0.0,174203.188889
1679241,IT,GR,KEROS,REALE,0.02,15677.75,3,3,15677.75,0.0,0.0,0.0,0.0,783887.5
1687022,IT,HU,OFFIC,SALEM,0.05,15676.716,3,3,15676.716,0.0,0.0,0.0,0.0,313534.32
1649281,IT,BG,LIQUE,DISTR,0.03,15675.67,3,3,15675.67,0.0,0.0,0.0,0.0,522522.333333
1721132,IT,PL,RAILW,HEAVY,0.1,15675.614,3,3,15675.614,0.0,0.0,0.0,0.0,156756.14
1719147,IT,PL,PLAST,NFERT,0.03,15675.576,4,4,15675.574,0.0,0.0,0.0,0.002,522519.2
1771237,IT,CH,VEGE1,OFFIC,0.05,15675.448,4,4,15675.445,0.0,0.0,0.0,0.003,313508.96
1778543,IT,TR,RETA1,NONF1,0.16,15675.252,3,3,15675.252,0.0,0.0,0.0,0.0,97970.325
1760656,IT,IN,PAPER,OILSE,0.06,15674.467,4,4,15674.465,0.0,0.0,0.0,0.002,261241.116667
1719056,IT,PL,LIQUE,DIST1,0.03,15673.751,3,3,15673.751,0.0,0.0,0.0,0.0,522458.366667
1709839,IT,LT,RUBBE,FOOD4,0.05,15673.28,3,3,15673.28,0.0,0.0,0.0,0.0,313465.6
1680540,IT,GR,ELEC7,MEMBE,0.01,15672.978,3,3,15672.978,0.0,0.0,0.0,0.0,1567297.8
1646161,IT,BE,ALUM1,STONE,0.03,15672.976,3,3,15672.976,0.0,0.0,0.0,0.0,522432.533333
1778767,IT,TR,LANDT,SUGA1,0.1,15671.649,3,3,15671.649,0.0,0.0,0.0,0.0,156716.49
1680879,IT,GR,LANDT,BITU1,0.1,15670.473,3,3,15670.473,0.0,0.0,0.0,0.0,156704.73
1660880,IT,DE,COMPU,FOOD3,0.18,15670.331,3,3,15670.331,0.0,0.0,0.0,0.0,87057.394444
1795474,IT,WL,PREC1,POSTT,0.03,15668.728,3,3,15668.728,0.0,0.0,0.0,0.0,522290.933333
1807663,IT,WF,BUSIN,VEGET,0.16,15668.468,3,3,15668.468,0.0,0.0,0.0,0.0,97927.925
1768667,IT,AU,TEXTI,CEMEN,0.09,15668.459,4,4,15668.457,0.0,0.0,0.0,0.002,174093.988889
1654495,IT,CZ,HOTEL,LEATH,0.11,15668.453,3,3,15668.453,0.0,0.0,0.0,0.0,142440.481818
1763669,IT,MX,RUBBE,LIQUE,0.05,15668.338,3,3,15668.338,0.0,0.0,0.0,0.0,313366.76
1678820,IT,GR,BEVER,DAIRY,0.07,15667.788,3,3,15667.788,0.0,0.0,0.0,0.0,223825.542857
1644622,IT,BE,FOOD5,RADIO,0.08,15666.792,3,3,15666.792,0.0,0.0,0.0,0.0,195834.9
1721244,IT,PL,LANDT,NFERT,0.1,15666.459,3,3,15666.459,0.0,0.0,0.0,0.0,156664.59
1789563,IT,WA,BIOGA,LANDT,0.03,15666.286,4,4,15666.284,0.0,0.0,0.0,0.002,522209.533333
1783038,IT,NO,INSUR,MEATP,0.32,15666.023,3,3,15666.023,0.0,0.0,0.0,0.0,48956.321875
1679249,IT,GR,GASDI,RAWMI,0.02,15665.514,3,3,15665.514,0.0,0.0,0.0,0.0,783275.7
1718411,IT,PL,BEVER,COMPU,0.07,15664.904,3,3,15664.904,0.0,0.0,0.0,0.0,223784.342857
1772596,IT,CH,RUBBE,INERT,0.05,15664.159,3,3,15664.159,0.0,0.0,0.0,0.0,313283.18
1712374,IT,LV,GLASS,RUBBE,0.04,15663.524,3,3,15663.524,0.0,0.0,0.0,0.0,391588.1
1762492,IT,IN,INSUR,BITUM,0.32,15662.772,3,3,15662.772,0.0,0.0,0.0,0.0,48946.1625
1658703,IT,DE,OFFIC,COPP1,0.05,15662.408,3,3,15662.408,0.0,0.0,0.0,0.0,313248.16
1792202,IT,WA,SUPPO,RECRE,0.11,15662.247,3,3,15662.247,0.0,0.0,0.0,0.0,142384.063636
1675202,IT,FR,FABRI,PLANT,0.06,15661.742,3,3,15661.742,0.0,0.0,0.0,0.0,261029.033333
1773470,IT,CH,OFFIC,INLAN,0.05,15661.609,3,3,15661.609,0.0,0.0,0.0,0.0,313232.18
1757613,IT,BR,GASDI,HOTEL,0.02,15661.084,3,3,15661.084,0.0,0.0,0.0,0.0,783054.2
1651336,IT,CY,WOODW,OFFIC,0.04,15660.838,3,3,15660.838,0.0,0.0,0.0,0.0,391520.95
1781061,IT,TW,PUBLI,PRINT,0.26,15660.472,3,3,15660.472,0.0,0.0,0.0,0.0,60232.584615
1802029,IT,WE,WHOLE,OFFIC,0.14,15659.469,3,3,15659.469,0.0,0.0,0.0,0.0,111853.35
1792805,IT,WA,PUBLI,CHARC,0.26,15659.198,3,3,15659.198,0.0,0.0,0.0,0.0,60227.684615
1640172,IT,AT,VEGET,FURNI,0.06,15659.136,3,3,15659.136,0.0,0.0,0.0,0.0,260985.6
1640458,IT,AT,DAIRY,CATTL,0.06,15659.063,3,3,15659.063,0.0,0.0,0.0,0.0,260984.383333
1723449,IT,PT,PREC1,RESEA,0.03,15658.174,3,3,15658.174,0.0,0.0,0.0,0.0,521939.133333
1763373,IT,MX,PRINT,ELECT,0.15,15657.71,3,3,15657.71,0.0,0.0,0.0,0.0,104384.733333
1747953,IT,JP,RESEA,FABRI,0.08,15657.631,3,3,15657.631,0.0,0.0,0.0,0.0,195720.3875
1776405,IT,TR,PRINT,POSTT,0.15,15657.499,3,3,15657.499,0.0,0.0,0.0,0.0,104383.326667
1766224,IT,RU,GLASS,ELEC3,0.04,15655.66,3,3,15655.66,0.0,0.0,0.0,0.0,391391.5
1641269,IT,AT,MOTOR,ELECT,0.02,15654.96,3,3,15654.96,0.0,0.0,0.0,0.0,782748.0
1726379,IT,RO,COPP1,ELEC1,0.04,15654.678,3,3,15654.678,0.0,0.0,0.0,0.0,391366.95
1799400,IT,WE,PAPER,PADDY,0.06,15654.652,4,4,15654.65,0.0,0.0,0.0,0.002,260910.866667
1653772,IT,CZ,COPP1,COLLE,0.04,15654.231,3,3,15654.231,0.0,0.0,0.0,0.0,391355.775
1653690,IT,CZ,ALUM1,INERT,0.03,15652.961,3,3,15652.961,0.0,0.0,0.0,0.0,521765.366667
1668660,IT,ES,RAILW,PUBLI,0.1,15651.864,3,3,15651.864,0.0,0.0,0.0,0.0,156518.64
1776762,IT,TR,LIQUE,WHOLE,0.03,15651.625,3,3,15651.625,0.0,0.0,0.0,0.0,521720.833333
1752516,IT,CA,FOOD5,LIQUE,0.08,15651.6,3,3,15651.6,0.0,0.0,0.0,0.0,195645.0
1709882,IT,LT,CERAM,MEDIC,0.02,15651.422,3,3,15651.422,0.0,0.0,0.0,0.0,782571.1
1663731,IT,EE,DAIRY,WHOLE,0.06,15650.502,3,3,15650.502,0.0,0.0,0.0,0.0,260841.7
1723308,IT,PT,CERAM,HEALT,0.02,15649.917,3,3,15649.917,0.0,0.0,0.0,0.0,782495.85
1738250,IT,GB,CEMEN,RENTI,0.03,15648.811,3,3,15648.811,0.0,0.0,0.0,0.0,521627.033333
1643758,IT,AT,SUPPO,INTER,0.11,15648.357,3,3,15648.357,0.0,0.0,0.0,0.0,142257.790909
1652200,IT,CZ,DAIRY,BUSIN,0.06,15648.218,3,3,15648.218,0.0,0.0,0.0,0.0,260803.633333
1641599,IT,AT,NAPHT,REFI1,0.03,15646.144,3,3,15646.144,0.0,0.0,0.0,0.0,521538.133333
1765995,IT,RU,CHEM1,NONSP,0.03,15645.389,4,4,15645.387,0.0,0.0,0.0,0.002,521512.966667
1651850,IT,CY,SEACO,AIRTR,0.02,15644.638,3,3,15644.638,0.0,0.0,0.0,0.0,782231.9
1656614,IT,DE,PRINT,ELEC3,0.15,15644.018,3,3,15644.018,0.0,0.0,0.0,0.0,104293.453333
1654746,IT,CZ,AIRTR,CHEM1,0.02,15643.963,3,3,15643.963,0.0,0.0,0.0,0.0,782198.15
1751817,IT,CN,REALE,WOODW,0.66,15643.607,3,3,15643.607,0.0,0.0,0.0,0.0,23702.434848
1806082,IT,WF,FABRI,POULT,0.06,15643.468,3,3,15643.468,0.0,0.0,0.0,0.0,260724.466667
1651651,IT,CY,BASIC,TRAN1,0.02,15643.448,3,3,15643.448,0.0,0.0,0.0,0.0,782172.4
1734770,IT,SK,WOODW,PRINT,0.04,15642.558,3,3,15642.558,0.0,0.0,0.0,0.0,391063.95
1677594,IT,FR,REALE,CEMEN,0.66,15642.461,3,3,15642.461,0.0,0.0,0.0,0.0,23700.698485
1716051,IT,NL,NONME,RENTI,0.03,15642.112,4,4,15642.11,0.0,0.0,0.0,0.002,521403.733333
1804984,IT,WF,PLAST,NICKE,0.03,15641.536,4,4,15641.534,0.0,0.0,0.0,0.002,521384.533333
1775828,IT,TR,MEATP,HOTEL,0.06,15640.504,4,4,15640.502,0.0,0.0,0.0,0.002,260675.066667
1648465,IT,BG,VEGET,BASIC,0.06,15640.012,3,3,15640.012,0.0,0.0,0.0,0.0,260666.866667
1798569,IT,WE,CHEMI,POSTT,0.04,15639.509,4,4,15638.509,0.0,0.0,1.0,0.0,390987.725
1780169,IT,TW,HOTEL,RETAI,0.11,15639.207,3,3,15639.207,0.0,0.0,0.0,0.0,142174.609091
1657638,IT,DE,CERAM,PRINT,0.02,15638.942,3,3,15638.942,0.0,0.0,0.0,0.0,781947.1
1739634,IT,GB,INLAN,SUPPO,0.03,15638.93,3,3,15638.93,0.0,0.0,0.0,0.0,521297.666667
1713399,IT,MT,BITU1,RUBBE,0.02,15638.726,3,3,15638.726,0.0,0.0,0.0,0.0,781936.3
1762089,IT,IN,RETA1,HOTEL,0.16,15638.679,3,3,15638.679,0.0,0.0,0.0,0.0,97741.74375
1721073,IT,PL,HOTEL,RETAI,0.11,15637.759,3,3,15637.759,0.0,0.0,0.0,0.0,142161.445455
1654598,IT,CZ,RAILW,WHOLE,0.1,15637.345,3,3,15637.345,0.0,0.0,0.0,0.0,156373.45
1807053,IT,WF,TRAN2,HEALT,0.02,15637.082,3,3,15637.082,0.0,0.0,0.0,0.0,781854.1
1687761,IT,HU,SUPPO,FINAN,0.11,15636.993,3,3,15636.993,0.0,0.0,0.0,0.0,142154.481818
1710517,IT,LT,SUPPO,MOTOR,0.11,15636.399,3,3,15636.399,0.0,0.0,0.0,0.0,142149.081818
1774946,IT,CH,INSUR,RESEA,0.32,15636.263,3,3,15636.263,0.0,0.0,0.0,0.0,48863.321875
1794644,IT,WL,NAPHT,WOOLS,0.03,15634.6,3,3,15634.6,0.0,0.0,0.0,0.0,521153.333333
1753049,IT,CA,CHEM1,RENTI,0.03,15634.307,4,4,15634.305,0.0,0.0,0.0,0.002,521143.566667
1683368,IT,HR,BASIC,CEREA,0.02,15633.136,3,3,15633.136,0.0,0.0,0.0,0.0,781656.8
1661515,IT,DK,FOOD5,DIST1,0.08,15633.109,3,3,15633.109,0.0,0.0,0.0,0.0,195413.8625
1675699,IT,FR,TRANS,WOOD1,0.09,15632.575,3,3,15632.575,0.0,0.0,0.0,0.0,173695.277778
1680900,IT,GR,LANDT,ELEC1,0.1,15632.375,3,3,15632.375,0.0,0.0,0.0,0.0,156323.75
1669767,IT,ES,BUSIN,LUBRI,0.16,15632.121,3,3,15632.121,0.0,0.0,0.0,0.0,97700.75625
1756878,IT,KR,POSTT,SUPPO,0.26,15631.939,3,3,15631.939,0.0,0.0,0.0,0.0,60122.842308
1806148,IT,WF,FABRI,MOTO1,0.06,15631.491,3,3,15631.491,0.0,0.0,0.0,0.0,260524.85
1797881,IT,WL,FOOD3,EDUCA,0.04,15631.053,3,3,15631.053,0.0,0.0,0.0,0.0,390776.325
1746732,IT,JP,FABRI,TRAN2,0.06,15631.016,3,3,15631.016,0.0,0.0,0.0,0.0,260516.933333
1771919,IT,CH,PAPER,LEATH,0.06,15630.312,4,4,15630.31,0.0,0.0,0.0,0.002,260505.2
1737392,IT,GB,TEXTI,BRICK,0.09,15630.209,4,4,15630.207,0.0,0.0,0.0,0.002,173668.988889
1654623,IT,CZ,LANDT,RAWMI,0.1,15629.706,3,3,15629.706,0.0,0.0,0.0,0.0,156297.06
1767771,IT,RU,INSUR,RUBBE,0.32,15628.876,3,3,15628.876,0.0,0.0,0.0,0.0,48840.2375
1777772,IT,TR,FABRI,IRONO,0.06,15627.695,3,3,15627.695,0.0,0.0,0.0,0.0,260461.583333
1734650,IT,SK,TEXTI,COMPU,0.09,15627.313,4,4,15627.311,0.0,0.0,0.0,0.002,173636.811111
1686476,IT,HU,PREC1,FOOD5,0.03,15626.204,3,3,15626.204,0.0,0.0,0.0,0.0,520873.466667
1755467,IT,KR,PLAST,BIODI,0.03,15626.063,4,4,15626.061,0.0,0.0,0.0,0.002,520868.766667
1734901,IT,SK,PAPER,RECRE,0.06,15626.022,4,4,15626.02,0.0,0.0,0.0,0.002,260433.7
1752249,IT,CA,CROPS,TOBAC,0.12,15625.374,3,3,15625.374,0.0,0.0,0.0,0.0,130211.45
1779597,IT,TR,COMPU,WHOLE,0.18,15623.558,3,3,15623.558,0.0,0.0,0.0,0.0,86797.544444
1687668,IT,HU,AIRTR,ELEC3,0.02,15623.509,3,3,15623.509,0.0,0.0,0.0,0.0,781175.45
1649258,IT,BG,HEAVY,CHEM1,0.03,15622.907,3,3,15622.907,0.0,0.0,0.0,0.0,520763.566667
1762012,IT,IN,WHOLE,NFERT,0.14,15622.652,3,3,15622.652,0.0,0.0,0.0,0.0,111590.371429
1732915,IT,SI,PREC1,REALE,0.03,15621.712,3,3,15621.712,0.0,0.0,0.0,0.0,520723.733333
1668258,IT,ES,WHOLE,SANDC,0.13,15620.249,3,3,15620.249,0.0,0.0,0.0,0.0,120155.761538
1656457,IT,DE,PULP5,MEMBE,0.05,15619.753,3,3,15619.753,0.0,0.0,0.0,0.0,312395.06
1780153,IT,TW,HOTEL,PREC1,0.11,15619.267,3,3,15619.267,0.0,0.0,0.0,0.0,141993.336364
1791903,IT,WA,TRAN2,OFFIC,0.02,15619.002,3,3,15619.002,0.0,0.0,0.0,0.0,780950.1
1755229,IT,KR,WOODW,RECRE,0.04,15618.853,3,3,15618.853,0.0,0.0,0.0,0.0,390471.325
1756584,IT,KR,RETA1,EDUCA,0.16,15618.271,3,3,15618.271,0.0,0.0,0.0,0.0,97614.19375
1763876,IT,MX,NONME,TRAN1,0.03,15617.267,4,4,15617.265,0.0,0.0,0.0,0.002,520575.566667
1795449,IT,WL,PREC1,NFERT,0.03,15616.551,3,3,15616.551,0.0,0.0,0.0,0.0,520551.7
1663719,IT,EE,VEGE1,DAIRY,0.05,15616.057,4,4,15616.054,0.0,0.0,0.0,0.003,312321.14
1663137,IT,DK,LANDT,FISHF,0.1,15615.955,3,3,15615.955,0.0,0.0,0.0,0.0,156159.55
1757408,IT,BR,WOODW,FABRI,0.04,15615.876,3,3,15615.876,0.0,0.0,0.0,0.0,390396.9
1673348,IT,FR,TEXTI,INLAN,0.09,15615.721,4,4,15615.719,0.0,0.0,0.0,0.002,173508.011111
1744664,IT,US,COMPU,MOTOR,0.18,15615.64,3,3,15615.64,0.0,0.0,0.0,0.0,86753.555556
1790386,IT,WA,LEAD1,BEVER,0.03,15615.007,3,3,15615.007,0.0,0.0,0.0,0.0,520500.233333
1760630,IT,IN,PULP5,GASDI,0.05,15614.862,3,3,15614.862,0.0,0.0,0.0,0.0,312297.24
1789518,IT,WA,ADDIT,MOTO1,0.04,15612.904,3,3,15612.904,0.0,0.0,0.0,0.0,390322.6
1803223,IT,WF,CROPS,PUBLI,0.12,15611.887,3,3,15611.887,0.0,0.0,0.0,0.0,130099.058333
1652946,IT,CZ,HEAVY,GLASS,0.03,15611.719,3,3,15611.719,0.0,0.0,0.0,0.0,520390.633333
1682782,IT,HR,HEAVY,SUGA1,0.03,15611.685,3,3,15611.685,0.0,0.0,0.0,0.0,520389.5
1643226,IT,AT,HOTEL,BRICK,0.11,15611.073,3,3,15611.073,0.0,0.0,0.0,0.0,141918.845455
1683348,IT,HR,NONME,STEAM,0.03,15610.655,4,4,15610.653,0.0,0.0,0.0,0.002,520355.166667
1738978,IT,GB,SALEM,BEVER,0.13,15610.416,3,3,15610.416,0.0,0.0,0.0,0.0,120080.123077
1670369,IT,FI,DAIRY,SUPPO,0.06,15609.381,3,3,15609.381,0.0,0.0,0.0,0.0,260156.35
1717597,IT,NL,COMPU,EDUCA,0.18,15608.951,3,3,15608.951,0.0,0.0,0.0,0.0,86716.394444
1719677,IT,PL,NONME,COPPE,0.03,15608.618,4,4,15608.616,0.0,0.0,0.0,0.002,520287.266667
1724312,IT,PT,LANDT,RENTI,0.1,15608.61,3,3,15608.61,0.0,0.0,0.0,0.0,156086.1
1742450,IT,US,BASIC,STONE,0.02,15608.561,3,3,15608.561,0.0,0.0,0.0,0.0,780428.05
1712375,IT,LV,GLASS,GLASS,0.04,15608.311,3,3,15608.311,0.0,0.0,0.0,0.0,390207.775
1740091,IT,GB,COMPU,CRUDE,0.18,15606.868,3,3,15606.868,0.0,0.0,0.0,0.0,86704.822222
1715664,IT,NL,PARAF,CHEM1,0.02,15606.354,3,3,15606.354,0.0,0.0,0.0,0.0,780317.7
1679677,IT,GR,CERAM,CERAM,0.02,15604.315,3,3,15604.315,0.0,0.0,0.0,0.0,780215.75
1640964,IT,AT,WOODW,PREC1,0.04,15603.847,3,3,15603.847,0.0,0.0,0.0,0.0,390096.175
1689282,IT,IE,WHOLE,FINAN,0.13,15603.232,3,3,15603.232,0.0,0.0,0.0,0.0,120024.861538
1773713,IT,CH,FURNI,AUXIL,0.05,15602.628,3,3,15602.628,0.0,0.0,0.0,0.0,312052.56
1685839,IT,HU,CHEM1,CHEMI,0.03,15601.453,4,4,15601.451,0.0,0.0,0.0,0.002,520048.433333
1805242,IT,WF,CHEM1,BIOG1,0.03,15601.069,4,4,15601.067,0.0,0.0,0.0,0.002,520035.633333
1648719,IT,BG,FOOD5,CERAM,0.07,15600.0,3,3,15600.0,0.0,0.0,0.0,0.0,222857.142857
1749957,IT,CN,CERAM,PLAST,0.02,15599.711,3,3,15599.711,0.0,0.0,0.0,0.0,779985.55
1779756,IT,TR,BUSIN,NONF1,0.16,15599.25,3,3,15599.25,0.0,0.0,0.0,0.0,97495.3125
1718955,IT,PL,PRINT,AIRTR,0.15,15599.128,3,3,15599.128,0.0,0.0,0.0,0.0,103994.186667
1668948,IT,ES,AIRTR,NONSP,0.02,15598.623,3,3,15598.623,0.0,0.0,0.0,0.0,779931.15
1660035,IT,DE,AIRTR,CHEMI,0.02,15598.44,3,3,15598.44,0.0,0.0,0.0,0.0,779922.0
1760167,IT,BR,WASTE,BUSIN,0.05,15598.327,3,3,15598.327,0.0,0.0,0.0,0.0,311966.54
1794485,IT,WL,GASDI,FOUND,0.02,15598.057,3,3,15598.057,0.0,0.0,0.0,0.0,779902.85
1798744,IT,WE,FOOD5,CROPS,0.07,15597.913,3,3,15597.913,0.0,0.0,0.0,0.0,222827.328571
1782268,IT,NO,ALUM1,RENTI,0.03,15597.485,3,3,15597.485,0.0,0.0,0.0,0.0,519916.166667
1789762,IT,WA,GLASS,BIOGA,0.04,15597.327,3,3,15597.327,0.0,0.0,0.0,0.0,389933.175
1756442,IT,KR,CONST,BASIC,0.09,15597.167,3,3,15597.167,0.0,0.0,0.0,0.0,173301.855556
1771019,IT,CH,MEATA,WHOLE,0.08,15597.063,4,4,15597.061,0.0,0.0,0.0,0.002,194963.2875
1755802,IT,KR,CERAM,RADIO,0.02,15596.801,3,3,15596.801,0.0,0.0,0.0,0.0,779840.05
1680628,IT,GR,SALEM,AIRTR,0.13,15596.656,3,3,15596.656,0.0,0.0,0.0,0.0,119974.276923
1658188,IT,DE,ALUM1,RECRE,0.03,15596.081,3,3,15596.081,0.0,0.0,0.0,0.0,519869.366667
1686294,IT,HU,CEMEN,FABRI,0.02,15595.157,3,3,15595.157,0.0,0.0,0.0,0.0,779757.85
1779863,IT,TR,PUBLI,DISTR,0.26,15595.024,3,3,15595.024,0.0,0.0,0.0,0.0,59980.861538
1681706,IT,HR,FISHF,MEAT1,0.03,15594.476,3,3,15594.476,0.0,0.0,0.0,0.0,519815.866667
1794670,IT,WL,NAPHT,NAPHT,0.03,15593.995,3,3,15593.995,0.0,0.0,0.0,0.0,519799.833333
1748699,IT,CN,FOOD5,NONME,0.07,15593.861,3,3,15593.861,0.0,0.0,0.0,0.0,222769.442857
1656919,IT,DE,LIQUE,CRUDE,0.03,15593.45,3,3,15593.45,0.0,0.0,0.0,0.0,519781.666667
1646045,IT,BE,NONME,93197,0.03,15592.999,4,4,15592.997,0.0,0.0,0.0,0.002,519766.633333
1667742,IT,ES,OFFIC,PIGS9,0.05,15592.927,3,3,15592.927,0.0,0.0,0.0,0.0,311858.54
1650133,IT,BG,OFFIC,RECRE,0.05,15592.035,3,3,15592.035,0.0,0.0,0.0,0.0,311840.7
1782690,IT,NO,WHOLE,POSTT,0.13,15591.711,3,3,15591.711,0.0,0.0,0.0,0.0,119936.238462
1733384,IT,SI,TRANS,INERT,0.09,15591.708,3,3,15591.708,0.0,0.0,0.0,0.0,173241.2
1803012,IT,WF,WHEAT,LANDT,0.01,15591.684,3,3,15591.684,0.0,0.0,0.0,0.0,1559168.4
1786795,IT,ZA,HOTEL,CEMEN,0.11,15591.56,3,3,15591.56,0.0,0.0,0.0,0.0,141741.454545
1680220,IT,GR,TRANS,RUBBE,0.09,15591.542,3,3,15591.542,0.0,0.0,0.0,0.0,173239.355556
1675582,IT,FR,MOTO1,GLASS,0.08,15591.362,3,3,15591.362,0.0,0.0,0.0,0.0,194892.025
1796441,IT,WL,WHOLE,AUXIL,0.13,15590.611,3,3,15590.611,0.0,0.0,0.0,0.0,119927.776923
1755006,IT,KR,WEARI,PROCE,0.12,15590.511,4,4,15590.508,0.0,0.0,0.0,0.003,129920.925
1750889,IT,CN,FURNI,93197,0.05,15589.795,3,3,15589.795,0.0,0.0,0.0,0.0,311795.9
1660745,IT,DE,RENTI,BUSIN,0.09,15589.549,3,3,15589.549,0.0,0.0,0.0,0.0,173217.211111
1800854,IT,WE,BASIC,AIRTR,0.02,15589.267,3,3,15589.267,0.0,0.0,0.0,0.0,779463.35
1653856,IT,CZ,FABRI,LIQUE,0.06,15589.168,3,3,15589.168,0.0,0.0,0.0,0.0,259819.466667
1765692,IT,RU,PAPER,RADIO,0.06,15587.795,4,4,15587.793,0.0,0.0,0.0,0.002,259796.583333
1757444,IT,BR,PAPER,WEARI,0.06,15587.766,4,4,15587.764,0.0,0.0,0.0,0.002,259796.1
1718442,IT,PL,TOBAC,PUBLI,0.06,15587.217,3,3,15587.217,0.0,0.0,0.0,0.0,259786.95
1712974,IT,MT,FISHF,CONST,0.03,15587.216,3,3,15587.216,0.0,0.0,0.0,0.0,519573.866667
1754637,IT,KR,STONE,PULP5,0.05,15587.189,4,4,15586.189,0.0,0.0,1.0,0.0,311743.78
1728704,IT,SE,MOTOR,WOODW,0.02,15586.908,3,3,15586.908,0.0,0.0,0.0,0.0,779345.4
1756371,IT,KR,FURNI,WOODW,0.05,15586.695,3,3,15586.695,0.0,0.0,0.0,0.0,311733.9
1792770,IT,WA,BUSIN,RAILW,0.16,15585.599,3,3,15585.599,0.0,0.0,0.0,0.0,97409.99375
1716488,IT,NL,OFFIC,DIST1,0.05,15585.129,3,3,15585.129,0.0,0.0,0.0,0.0,311702.58
1739912,IT,GB,FINAN,SEWAG,0.2,15585.098,3,3,15585.098,0.0,0.0,0.0,0.0,77925.49
1728141,IT,SE,DAIRY,MEAT1,0.06,15584.973,3,3,15584.973,0.0,0.0,0.0,0.0,259749.55
1712558,IT,LV,MACHI,TEXTI,0.09,15584.699,3,3,15584.699,0.0,0.0,0.0,0.0,173163.322222
1653941,IT,CZ,MACHI,PIGS9,0.09,15583.986,3,3,15583.986,0.0,0.0,0.0,0.0,173155.4
1788486,IT,WA,PULP5,CONST,0.05,15582.847,3,3,15582.847,0.0,0.0,0.0,0.0,311656.94
1661705,IT,DK,WEARI,HOTEL,0.12,15582.045,4,4,15582.042,0.0,0.0,0.0,0.003,129850.375
1764963,IT,MX,POSTT,WHOLE,0.26,15581.656,3,3,15581.656,0.0,0.0,0.0,0.0,59929.446154
1684055,IT,HR,HOTEL,NONME,0.11,15581.53,3,3,15581.53,0.0,0.0,0.0,0.0,141650.272727
1711446,IT,LU,RAILW,BUSIN,0.1,15581.53,3,3,15581.53,0.0,0.0,0.0,0.0,155815.3
1790261,IT,WA,PREC1,RENTI,0.03,15581.224,3,3,15581.224,0.0,0.0,0.0,0.0,519374.133333
1716925,IT,NL,RAILW,FORES,0.1,15580.727,3,3,15580.727,0.0,0.0,0.0,0.0,155807.27
1784892,IT,ID,AIRTR,HEALT,0.02,15580.129,3,3,15580.129,0.0,0.0,0.0,0.0,779006.45
1734694,IT,SK,LEATH,TEXTI,0.11,15578.732,4,4,15578.729,0.0,0.0,0.0,0.003,141624.836364
1653386,IT,CZ,CERAM,PLAST,0.02,15578.255,3,3,15578.255,0.0,0.0,0.0,0.0,778912.75
1781937,IT,NO,CHEM1,FOODW,0.03,15576.428,4,4,15576.426,0.0,0.0,0.0,0.002,519214.266667
1662409,IT,DK,PREC1,PULP5,0.03,15575.473,3,3,15575.473,0.0,0.0,0.0,0.0,519182.433333
1751695,IT,CN,INSUR,GLASS,0.32,15575.461,3,3,15575.461,0.0,0.0,0.0,0.0,48673.315625
1690020,IT,IE,REALE,PUBLI,0.66,15575.342,3,3,15575.342,0.0,0.0,0.0,0.0,23599.00303
1658036,IT,DE,PREC1,LEAD1,0.03,15575.203,3,3,15575.203,0.0,0.0,0.0,0.0,519173.433333
1753993,IT,CA,LANDT,RETA1,0.1,15574.927,3,3,15574.927,0.0,0.0,0.0,0.0,155749.27
1755604,IT,KR,CHEM1,OILHA,0.03,15574.818,4,4,15574.816,0.0,0.0,0.0,0.002,519160.6
1725821,IT,RO,MOTOR,CONST,0.02,15574.295,3,3,15574.295,0.0,0.0,0.0,0.0,778714.75
1718726,IT,PL,PULP5,MOTOR,0.05,15573.893,3,3,15573.893,0.0,0.0,0.0,0.0,311477.86
1776578,IT,TR,GASDI,LIGNI,0.02,15572.614,3,3,15572.614,0.0,0.0,0.0,0.0,778630.7
1718898,IT,PL,PRINT,TEXTI,0.15,15572.424,3,3,15572.424,0.0,0.0,0.0,0.0,103816.16
1664233,IT,EE,NONME,BRICK,0.03,15571.972,4,4,15571.97,0.0,0.0,0.0,0.002,519065.733333
1662500,IT,DK,COPP1,BEVER,0.04,15571.902,3,3,15571.902,0.0,0.0,0.0,0.0,389297.55
1765857,IT,RU,NAPHT,CONST,0.03,15571.644,3,3,15571.644,0.0,0.0,0.0,0.0,519054.8
1778219,IT,TR,FURNI,DISTR,0.05,15570.518,3,3,15570.518,0.0,0.0,0.0,0.0,311410.36
1755125,IT,KR,LEATH,LIQUI,0.11,15570.155,4,4,15570.152,0.0,0.0,0.0,0.003,141546.863636
1779221,IT,TR,POSTT,AIRTR,0.26,15569.973,3,3,15569.973,0.0,0.0,0.0,0.0,59884.511538
1653282,IT,CZ,RUBBE,RENTI,0.05,15569.816,3,3,15569.816,0.0,0.0,0.0,0.0,311396.32
1739045,IT,GB,RETAI,RUBBE,0.12,15569.275,3,3,15569.275,0.0,0.0,0.0,0.0,129743.958333
1811044,IT,WM,HEAVY,TOBAC,0.03,15568.734,3,3,15568.734,0.0,0.0,0.0,0.0,518957.8
1738773,IT,GB,OFFIC,NONF1,0.05,15568.558,3,3,15568.558,0.0,0.0,0.0,0.0,311371.16
1641647,IT,AT,PARAF,CEMEN,0.02,15568.468,3,3,15568.468,0.0,0.0,0.0,0.0,778423.4
1654794,IT,CZ,SUPPO,CERAM,0.11,15567.565,3,3,15567.565,0.0,0.0,0.0,0.0,141523.318182
1783365,IT,NO,PLAS1,LEAD1,0.06,15567.449,3,3,15567.449,0.0,0.0,0.0,0.0,259457.483333
1664707,IT,EE,AIRTR,HEALT,0.02,15566.846,3,3,15566.846,0.0,0.0,0.0,0.0,778342.3
1685491,IT,HU,PAPER,RAWMI,0.06,15566.326,4,4,15566.324,0.0,0.0,0.0,0.002,259438.766667
1733083,IT,SI,FABRI,VEGET,0.06,15566.077,3,3,15566.077,0.0,0.0,0.0,0.0,259434.616667
1711172,IT,LU,FABRI,REALE,0.06,15565.696,3,3,15565.696,0.0,0.0,0.0,0.0,259428.266667
1776992,IT,TR,CHEM1,MEATA,0.03,15564.796,4,4,15564.794,0.0,0.0,0.0,0.002,518826.533333
1671000,IT,FI,CHEM1,TEXT2,0.03,15564.171,4,4,15564.169,0.0,0.0,0.0,0.002,518805.7
1710979,IT,LU,GLASS,WHOLE,0.04,15564.117,3,3,15564.117,0.0,0.0,0.0,0.0,389102.925
1649313,IT,BG,PLAST,PRECI,0.03,15564.105,4,4,15564.103,0.0,0.0,0.0,0.002,518803.5
1653466,IT,CZ,NONME,SEWAG,0.03,15563.284,4,4,15563.282,0.0,0.0,0.0,0.002,518776.133333
1741313,IT,US,PAPER,DIST1,0.06,15562.612,4,4,15562.61,0.0,0.0,0.0,0.002,259376.866667
1652363,IT,CZ,FISH5,WASTE,0.07,15562.553,4,4,15562.545,0.0,0.0,0.0,0.008,222322.185714
1796633,IT,WL,HOTEL,MACHI,0.11,15558.781,3,3,15558.781,0.0,0.0,0.0,0.0,141443.463636
1671117,IT,FI,GLASS,KEROS,0.04,15558.599,3,3,15558.599,0.0,0.0,0.0,0.0,388964.975
1780892,IT,TW,RESEA,PFERT,0.08,15558.486,3,3,15558.486,0.0,0.0,0.0,0.0,194481.075
1746605,IT,JP,ALUM1,FOOD5,0.03,15557.818,3,3,15557.818,0.0,0.0,0.0,0.0,518593.933333
1642834,IT,AT,OFFIC,REALE,0.05,15557.576,3,3,15557.576,0.0,0.0,0.0,0.0,311151.52
1763149,IT,MX,LEATH,TEXTI,0.11,15557.539,4,4,15557.536,0.0,0.0,0.0,0.003,141432.172727
1721316,IT,PL,LANDT,FOOD3,0.1,15556.969,3,3,15556.969,0.0,0.0,0.0,0.0,155569.69
1744874,IT,US,BUSIN,MEATC,0.16,15556.635,3,3,15556.635,0.0,0.0,0.0,0.0,97228.96875
1802807,IT,WE,PUBLI,CROPS,0.25,15556.373,3,3,15556.373,0.0,0.0,0.0,0.0,62225.492
1641710,IT,AT,PLAST,NONF1,0.03,15556.015,4,4,15556.013,0.0,0.0,0.0,0.002,518533.833333
1738964,IT,GB,CONST,WHOLE,0.09,15555.689,3,3,15555.689,0.0,0.0,0.0,0.0,172840.988889
1796821,IT,WL,SEACO,PIGS9,0.02,15555.481,3,3,15555.481,0.0,0.0,0.0,0.0,777774.05
1670850,IT,FI,NONSP,CONST,0.02,15555.091,3,3,15555.091,0.0,0.0,0.0,0.0,777754.55
1801146,IT,WE,FABRI,FORES,0.06,15554.909,3,3,15554.909,0.0,0.0,0.0,0.0,259248.483333
1685021,IT,HU,DAIRY,POULT,0.06,15554.736,3,3,15554.736,0.0,0.0,0.0,0.0,259245.6
1655452,IT,DE,FORES,HOTEL,0.14,15554.429,4,4,15548.429,0.0,6.0,0.0,0.0,111103.064286
1664101,IT,EE,CHEM1,BUSIN,0.03,15553.333,4,4,15553.331,0.0,0.0,0.0,0.002,518444.433333
1787516,IT,WA,CHEMI,FISH5,0.04,15553.105,4,4,15552.105,0.0,0.0,1.0,0.0,388827.625
1680964,IT,GR,INLAN,FOOD5,0.03,15552.694,3,3,15552.694,0.0,0.0,0.0,0.0,518423.133333
1747956,IT,JP,RESEA,ELECT,0.08,15552.657,3,3,15552.657,0.0,0.0,0.0,0.0,194408.2125
1682341,IT,HR,WOODW,NONME,0.04,15552.541,3,3,15552.541,0.0,0.0,0.0,0.0,388813.525
1729284,IT,SE,NONME,POULT,0.03,15552.209,4,4,15552.207,0.0,0.0,0.0,0.002,518406.966667
1751354,IT,CN,LANDT,PUBLI,0.1,15552.196,3,3,15552.196,0.0,0.0,0.0,0.0,155521.96
1742040,IT,US,RUBBE,SUGAR,0.05,15552.14,3,3,15552.14,0.0,0.0,0.0,0.0,311042.8
1755406,IT,KR,GASDI,RETA1,0.02,15552.131,3,3,15552.131,0.0,0.0,0.0,0.0,777606.55
1788137,IT,WA,WEARI,HEAVY,0.12,15551.286,4,4,15551.283,0.0,0.0,0.0,0.003,129594.05
1735019,IT,SK,PLAST,COPP1,0.03,15549.974,4,4,15549.972,0.0,0.0,0.0,0.002,518332.466667
1659350,IT,DE,RETAI,REALE,0.12,15548.848,3,3,15548.848,0.0,0.0,0.0,0.0,129573.733333
1723351,IT,PT,NONME,COLLE,0.03,15548.682,4,4,15548.68,0.0,0.0,0.0,0.002,518289.4
1661594,IT,DK,BEVER,POSTT,0.07,15547.964,3,3,15547.964,0.0,0.0,0.0,0.0,222113.771429
1718020,IT,PL,CHEMI,NONME,0.04,15547.445,4,4,15546.445,0.0,0.0,1.0,0.0,388686.125
1736479,IT,SK,TRAN2,WHOLE,0.02,15547.019,3,3,15547.019,0.0,0.0,0.0,0.0,777350.95
1729463,IT,SE,PREC1,WASTE,0.03,15546.567,3,3,15546.567,0.0,0.0,0.0,0.0,518218.9
1808706,IT,WF,TEXT2,POULT,0.11,15546.53,3,3,15546.53,0.0,0.0,0.0,0.0,141332.090909
1718212,IT,PL,PROCE,STONE,0.11,15546.485,3,3,15546.485,0.0,0.0,0.0,0.0,141331.681818
1742532,IT,US,BASIC,FOOD3,0.02,15546.42,3,3,15546.42,0.0,0.0,0.0,0.0,777321.0
1788976,IT,WA,HEAVY,MOTO1,0.03,15545.65,3,3,15545.65,0.0,0.0,0.0,0.0,518188.333333
1731216,IT,SI,CHEMI,REALE,0.04,15545.152,4,4,15544.152,0.0,0.0,1.0,0.0,388628.8
1778129,IT,TR,TRANS,PRINT,0.09,15544.937,3,3,15544.937,0.0,0.0,0.0,0.0,172721.522222
1684106,IT,HR,HOTEL,FOOD4,0.11,15544.835,3,3,15544.835,0.0,0.0,0.0,0.0,141316.681818
1743168,IT,US,MOTO1,FOODW,0.08,15544.613,3,3,15544.613,0.0,0.0,0.0,0.0,194307.6625
1756640,IT,KR,LANDT,PFERT,0.1,15544.392,3,3,15544.392,0.0,0.0,0.0,0.0,155443.92
1779478,IT,TR,RENTI,GASDI,0.09,15544.267,3,3,15544.267,0.0,0.0,0.0,0.0,172714.077778
1669612,IT,ES,RENTI,MACHI,0.09,15544.135,3,3,15544.135,0.0,0.0,0.0,0.0,172712.611111
1763436,IT,MX,PARAF,PLAST,0.02,15543.889,3,3,15543.889,0.0,0.0,0.0,0.0,777194.45
1684016,IT,HR,HOTEL,WHEAT,0.11,15543.811,3,3,15543.811,0.0,0.0,0.0,0.0,141307.372727
1771521,IT,CH,TOBAC,WOODW,0.06,15543.29,3,3,15543.29,0.0,0.0,0.0,0.0,259054.833333
1784309,IT,ID,CHEM1,INSUR,0.03,15543.269,4,4,15543.267,0.0,0.0,0.0,0.002,518108.966667
1660038,IT,DE,AIRTR,MEAT1,0.02,15542.262,3,3,15542.262,0.0,0.0,0.0,0.0,777113.1
1737484,IT,GB,LEATH,PUBLI,0.11,15541.868,4,4,15541.865,0.0,0.0,0.0,0.003,141289.709091
1660270,IT,DE,POSTT,ELEC5,0.26,15541.378,3,3,15541.378,0.0,0.0,0.0,0.0,59774.530769
1775662,IT,TR,WHEAT,PAPER,0.01,15540.099,3,3,15540.099,0.0,0.0,0.0,0.0,1554009.9
1660493,IT,DE,INSUR,FABRI,0.32,15539.862,3,3,15539.862,0.0,0.0,0.0,0.0,48562.06875
1734794,IT,SK,WOODW,RAILW,0.04,15539.839,3,3,15539.839,0.0,0.0,0.0,0.0,388495.975
1678121,IT,FR,PAPE1,INTER,0.11,15539.615,3,3,15539.615,0.0,0.0,0.0,0.0,141269.227273
1667310,IT,ES,ALUM1,TRAN1,0.03,15539.164,3,3,15539.164,0.0,0.0,0.0,0.0,517972.133333
1755994,IT,KR,LEAD1,BASIC,0.03,15539.049,3,3,15539.049,0.0,0.0,0.0,0.0,517968.3
1752850,IT,CA,PRINT,WHOLE,0.15,15538.397,3,3,15538.397,0.0,0.0,0.0,0.0,103589.313333
1755621,IT,KR,ADDIT,PFERT,0.04,15537.317,3,3,15537.317,0.0,0.0,0.0,0.0,388432.925
1717369,IT,NL,FINAN,PUBLI,0.2,15536.172,3,3,15536.172,0.0,0.0,0.0,0.0,77680.86
1785402,IT,ZA,PAPER,GASDI,0.06,15536.039,4,4,15536.037,0.0,0.0,0.0,0.002,258933.983333
1667041,IT,ES,NONME,COALT,0.03,15536.011,4,4,15536.009,0.0,0.0,0.0,0.002,517867.033333
1728326,IT,SE,FISH5,HOTEL,0.07,15535.959,4,4,15535.951,0.0,0.0,0.0,0.008,221942.271429
1809203,IT,WM,MEATA,HEALT,0.08,15535.954,4,4,15535.952,0.0,0.0,0.0,0.002,194199.425
1654854,IT,CZ,POSTT,OFFIC,0.26,15535.644,3,3,15535.644,0.0,0.0,0.0,0.0,59752.476923
1678743,IT,GR,SUGA1,POULT,0.04,15533.887,4,4,15533.884,0.0,0.0,0.0,0.003,388347.175
1783751,IT,NO,PAPE4,PREC1,0.1,15532.786,3,3,15532.786,0.0,0.0,0.0,0.0,155327.86
1641671,IT,AT,PETRO,COMPU,0.03,15532.558,3,3,15532.558,0.0,0.0,0.0,0.0,517751.933333
1659504,IT,DE,RETA1,MOTO1,0.16,15532.509,3,3,15532.509,0.0,0.0,0.0,0.0,97078.18125
1656808,IT,DE,GASDI,RUBBE,0.02,15532.5,3,3,15532.5,0.0,0.0,0.0,0.0,776625.0
1673088,IT,FR,FOOD5,RAILW,0.07,15532.436,3,3,15532.436,0.0,0.0,0.0,0.0,221891.942857
1791583,IT,WA,RETA1,COMPU,0.16,15532.363,3,3,15532.363,0.0,0.0,0.0,0.0,97077.26875
1795921,IT,WL,MOTO1,PIGS9,0.08,15531.78,3,3,15531.78,0.0,0.0,0.0,0.0,194147.25
1671143,IT,FI,GLASS,REALE,0.04,15531.714,3,3,15531.714,0.0,0.0,0.0,0.0,388292.85
1778294,IT,TR,SALEM,RUBBE,0.13,15531.592,3,3,15531.592,0.0,0.0,0.0,0.0,119473.784615
1737578,IT,GB,PAPER,RAWMI,0.06,15531.422,4,4,15531.42,0.0,0.0,0.0,0.002,258857.033333
1654075,IT,CZ,OFFIC,FORES,0.05,15531.42,3,3,15531.42,0.0,0.0,0.0,0.0,310628.4
1803063,IT,WF,CEREA,NONF1,0.03,15531.344,3,3,15531.344,0.0,0.0,0.0,0.0,517711.466667
1756475,IT,KR,CONST,COMPU,0.09,15531.0,3,3,15531.0,0.0,0.0,0.0,0.0,172566.666667
1688614,IT,IE,NONSP,ELEC1,0.02,15530.483,3,3,15530.483,0.0,0.0,0.0,0.0,776524.15
1786207,IT,ZA,ALUM1,LEAD1,0.03,15530.309,3,3,15530.309,0.0,0.0,0.0,0.0,517676.966667
1714710,IT,NL,VEGE1,BUSIN,0.05,15530.293,4,4,15530.29,0.0,0.0,0.0,0.003,310605.86
1800895,IT,WE,PREC1,GASDI,0.03,15530.162,3,3,15530.162,0.0,0.0,0.0,0.0,517672.066667
1673233,IT,FR,FISH5,FISH5,0.07,15528.894,4,4,15528.886,0.0,0.0,0.0,0.008,221841.342857
1775880,IT,TR,PROCE,PRECI,0.11,15527.93,3,3,15527.93,0.0,0.0,0.0,0.0,141163.0
1735403,IT,SK,BASIC,STONE,0.02,15526.861,3,3,15526.861,0.0,0.0,0.0,0.0,776343.05
1660792,IT,DE,COMPU,KEROS,0.18,15526.567,3,3,15526.567,0.0,0.0,0.0,0.0,86258.705556
1714449,IT,NL,FORES,TEXTI,0.14,15526.177,4,4,15520.177,0.0,6.0,0.0,0.0,110901.264286
1713000,IT,MT,CHEMI,CHEM1,0.04,15525.601,4,4,15524.601,0.0,0.0,1.0,0.0,388140.025
1808658,IT,WF,INERT,SUGA1,0.11,15525.07,3,3,15525.07,0.0,0.0,0.0,0.0,141137.0
1750614,IT,CN,OFFIC,SALEM,0.05,15524.861,3,3,15524.861,0.0,0.0,0.0,0.0,310497.22
1732576,IT,SI,RUBBE,FOOD4,0.05,15524.858,3,3,15524.858,0.0,0.0,0.0,0.0,310497.16
1779333,IT,TR,INSUR,MACHI,0.32,15523.834,3,3,15523.834,0.0,0.0,0.0,0.0,48511.98125
1680229,IT,GR,TRANS,MACHI,0.09,15523.507,3,3,15523.507,0.0,0.0,0.0,0.0,172483.411111
1713784,IT,MT,MOTO1,BUSIN,0.08,15523.403,3,3,15523.403,0.0,0.0,0.0,0.0,194042.5375
1786007,IT,ZA,GLASS,RUBBE,0.04,15523.049,3,3,15523.049,0.0,0.0,0.0,0.0,388076.225
1734458,IT,SK,FORES,TRAN2,0.14,15522.85,4,4,15516.85,0.0,6.0,0.0,0.0,110877.5
1652108,IT,CZ,CHEMI,KEROS,0.04,15522.081,4,4,15521.081,0.0,0.0,1.0,0.0,388052.025
1649347,IT,BG,PLAST,TRANS,0.03,15521.202,4,4,15521.2,0.0,0.0,0.0,0.002,517373.4
1725029,IT,RO,CEREA,CATTL,0.03,15520.752,3,3,15520.752,0.0,0.0,0.0,0.0,517358.4
1725330,IT,RO,BEVER,93197,0.07,15518.408,3,3,15518.408,0.0,0.0,0.0,0.0,221691.542857
1804391,IT,WF,KEROS,FURNI,0.02,15518.094,3,3,15518.094,0.0,0.0,0.0,0.0,775904.7
1803178,IT,WF,CROPS,MEATA,0.12,15517.079,3,3,15517.079,0.0,0.0,0.0,0.0,129308.991667
1713156,IT,MT,FISH5,CHEM1,0.07,15516.787,4,4,15516.779,0.0,0.0,0.0,0.008,221668.385714
1711311,IT,LU,WHOLE,TEXTI,0.13,15516.553,3,3,15516.553,0.0,0.0,0.0,0.0,119358.1
1736560,IT,SK,SUPPO,COKE1,0.11,15515.296,3,3,15515.296,0.0,0.0,0.0,0.0,141048.145455
1811358,IT,WM,NONSP,NATUR,0.02,15514.826,3,3,15514.826,0.0,0.0,0.0,0.0,775741.3
1811039,IT,WM,HEAVY,PROCE,0.03,15514.744,3,3,15514.744,0.0,0.0,0.0,0.0,517158.133333
1775142,IT,CH,COMPU,RENTI,0.18,15514.302,3,3,15514.302,0.0,0.0,0.0,0.0,86190.566667
1673711,IT,FR,PAPER,LIQUE,0.06,15513.525,4,4,15513.523,0.0,0.0,0.0,0.002,258558.75
1680256,IT,GR,TRANS,PUBLI,0.09,15513.155,3,3,15513.155,0.0,0.0,0.0,0.0,172368.388889
1726935,IT,RO,HOTEL,MEAT1,0.11,15512.921,3,3,15512.921,0.0,0.0,0.0,0.0,141026.554545
1807161,IT,WF,AIRTR,CHARC,0.02,15512.766,3,3,15512.766,0.0,0.0,0.0,0.0,775638.3
1796929,IT,WL,AIRTR,ALUMI,0.02,15511.989,3,3,15511.989,0.0,0.0,0.0,0.0,775599.45
1801395,IT,WE,OFFIC,WEARI,0.05,15511.877,3,3,15511.877,0.0,0.0,0.0,0.0,310237.54
1750193,IT,CN,ALUM1,SECO9,0.03,15511.661,3,3,15511.661,0.0,0.0,0.0,0.0,517055.366667
1690567,IT,IE,RECRE,RECRE,0.2,15511.518,3,3,15511.518,0.0,0.0,0.0,0.0,77557.59
1668730,IT,ES,LANDT,BIOGA,0.1,15511.217,3,3,15511.217,0.0,0.0,0.0,0.0,155112.17
1663227,IT,DK,TRAN2,COMPU,0.02,15511.117,3,3,15511.117,0.0,0.0,0.0,0.0,775555.85
1746861,IT,JP,MACHI,INTER,0.09,15510.9,3,3,15510.9,0.0,0.0,0.0,0.0,172343.333333
1720650,IT,PL,MOTO1,LEAD1,0.08,15510.881,3,3,15510.881,0.0,0.0,0.0,0.0,193886.0125
1652846,IT,CZ,PRINT,REALE,0.15,15509.853,3,3,15509.853,0.0,0.0,0.0,0.0,103399.02
1805454,IT,WF,GLASS,CHARC,0.04,15508.562,3,3,15508.562,0.0,0.0,0.0,0.0,387714.05
1789193,IT,WA,PLAST,LUBRI,0.03,15508.182,4,4,15508.18,0.0,0.0,0.0,0.002,516939.4
1711679,IT,LU,RESEA,EDUCA,0.08,15507.05,3,3,15507.05,0.0,0.0,0.0,0.0,193838.125
1806832,IT,WF,RETA1,FURNI,0.16,15506.224,3,3,15506.224,0.0,0.0,0.0,0.0,96913.9
1717914,IT,PL,FISHF,FISHF,0.03,15505.887,3,3,15505.887,0.0,0.0,0.0,0.0,516862.9
1715855,IT,NL,RUBBE,ELEC2,0.05,15505.834,3,3,15505.834,0.0,0.0,0.0,0.0,310116.68
1782279,IT,NO,LEAD1,CONST,0.03,15505.204,3,3,15505.204,0.0,0.0,0.0,0.0,516840.133333
1795913,IT,WL,MOTO1,WHEAT,0.08,15505.132,3,3,15505.132,0.0,0.0,0.0,0.0,193814.15
1709618,IT,LT,PAPER,RENTI,0.06,15505.113,4,4,15505.111,0.0,0.0,0.0,0.002,258418.55
1724613,IT,PT,FINAN,ELEC4,0.2,15504.73,3,3,15504.73,0.0,0.0,0.0,0.0,77523.65
1688262,IT,IE,CROPS,MEAT1,0.12,15504.175,3,3,15504.175,0.0,0.0,0.0,0.0,129201.458333
1658545,IT,DE,MACHI,VEGE1,0.09,15503.596,3,3,15503.596,0.0,0.0,0.0,0.0,172262.177778
1731237,IT,SI,MEATC,COMPU,0.05,15503.142,3,3,15503.142,0.0,0.0,0.0,0.0,310062.84
1673300,IT,FR,TEXTI,MEATC,0.09,15502.781,4,4,15502.779,0.0,0.0,0.0,0.002,172253.122222
1740735,IT,US,MEATP,PUBLI,0.06,15502.511,4,4,15502.509,0.0,0.0,0.0,0.002,258375.183333
1766046,IT,RU,CHEM1,FINAN,0.03,15501.677,4,4,15501.675,0.0,0.0,0.0,0.002,516722.566667
1788037,IT,WA,TEXTI,LEAD1,0.09,15501.012,4,4,15501.01,0.0,0.0,0.0,0.002,172233.466667
1685032,IT,HU,DAIRY,LEATH,0.06,15500.809,3,3,15500.809,0.0,0.0,0.0,0.0,258346.816667
1762520,IT,IN,INSUR,OFFIC,0.32,15500.575,3,3,15500.575,0.0,0.0,0.0,0.0,48439.296875
1664084,IT,EE,CHEM1,ELEC6,0.03,15499.711,4,4,15499.709,0.0,0.0,0.0,0.002,516657.033333
1746357,IT,JP,RUBBE,WEARI,0.05,15499.018,3,3,15499.018,0.0,0.0,0.0,0.0,309980.36
1663792,IT,EE,BEVER,STEAM,0.07,15498.247,3,3,15498.247,0.0,0.0,0.0,0.0,221403.528571
1762381,IT,IN,POSTT,GASDI,0.26,15497.895,3,3,15497.895,0.0,0.0,0.0,0.0,59607.288462
1683152,IT,HR,GLASS,FORES,0.04,15497.834,3,3,15497.834,0.0,0.0,0.0,0.0,387445.85
1794373,IT,WL,KEROS,FOOD5,0.02,15497.707,3,3,15497.707,0.0,0.0,0.0,0.0,774885.35
1779052,IT,TR,AIRTR,INSUR,0.02,15496.526,3,3,15496.526,0.0,0.0,0.0,0.0,774826.3
1762157,IT,IN,LANDT,ELECT,0.1,15495.986,3,3,15495.986,0.0,0.0,0.0,0.0,154959.86
1775035,IT,CH,RENTI,VEGE1,0.09,15495.541,3,3,15495.541,0.0,0.0,0.0,0.0,172172.677778
1759784,IT,BR,BUSIN,TRAN1,0.16,15494.999,3,3,15494.999,0.0,0.0,0.0,0.0,96843.74375
1687246,IT,HU,WHOLE,TEXTI,0.13,15494.403,3,3,15494.403,0.0,0.0,0.0,0.0,119187.715385
1641277,IT,AT,MOTOR,DISTR,0.02,15493.428,3,3,15493.428,0.0,0.0,0.0,0.0,774671.4
1771552,IT,CH,TEXTI,PFERT,0.09,15493.052,4,4,15493.05,0.0,0.0,0.0,0.002,172145.022222
1793660,IT,WL,PROCE,FISH5,0.1,15492.84,3,3,15492.84,0.0,0.0,0.0,0.0,154928.4
1747860,IT,JP,RENTI,GLASS,0.09,15490.799,3,3,15490.799,0.0,0.0,0.0,0.0,172119.988889
1653964,IT,CZ,MACHI,SUGA1,0.09,15490.166,3,3,15490.166,0.0,0.0,0.0,0.0,172112.955556
1799164,IT,WE,WEARI,ELEC1,0.12,15489.901,4,4,15489.898,0.0,0.0,0.0,0.003,129082.508333
1716245,IT,NL,COPP1,RUBBE,0.04,15489.842,3,3,15489.842,0.0,0.0,0.0,0.0,387246.05
1731841,IT,SI,PAPER,INERT,0.06,15487.904,4,4,15487.902,0.0,0.0,0.0,0.002,258131.733333
1712263,IT,LV,KEROS,AIRTR,0.02,15487.09,3,3,15487.09,0.0,0.0,0.0,0.0,774354.5
1723933,IT,PT,CONST,NAPHT,0.09,15486.153,3,3,15486.153,0.0,0.0,0.0,0.0,172068.366667
1797468,IT,WL,RESEA,DISTR,0.08,15485.643,3,3,15485.643,0.0,0.0,0.0,0.0,193570.5375
1795377,IT,WL,BASIC,WEARI,0.02,15485.291,3,3,15485.291,0.0,0.0,0.0,0.0,774264.55
1794048,IT,WL,PAPER,WHEAT,0.06,15484.244,4,4,15484.242,0.0,0.0,0.0,0.002,258070.733333
1726992,IT,RO,HOTEL,RETAI,0.11,15483.944,3,3,15483.944,0.0,0.0,0.0,0.0,140763.127273
1764493,IT,MX,CONST,CHEM1,0.09,15483.869,3,3,15483.869,0.0,0.0,0.0,0.0,172042.988889
1800353,IT,WE,CHEM1,WOODW,0.03,15483.337,4,4,15483.335,0.0,0.0,0.0,0.002,516111.233333
1808156,IT,WF,OILHA,IRONO,0.09,15482.428,3,3,15482.428,0.0,0.0,0.0,0.0,172026.977778
1677506,IT,FR,AUXIL,DISTR,0.28,15481.729,3,3,15481.729,0.0,0.0,0.0,0.0,55291.889286
1670931,IT,FI,CHEM1,PLAST,0.03,15481.115,4,4,15481.113,0.0,0.0,0.0,0.002,516037.166667
1651723,IT,CY,MACHI,MEATP,0.09,15480.795,3,3,15480.795,0.0,0.0,0.0,0.0,172008.833333
1750915,IT,CN,CONST,FABRI,0.09,15480.329,3,3,15480.329,0.0,0.0,0.0,0.0,172003.655556
1717957,IT,PL,SANDC,MOTOR,0.04,15480.266,4,4,15477.266,0.0,0.0,3.0,0.0,387006.65
1759678,IT,BR,RESEA,WASTE,0.08,15479.288,3,3,15479.288,0.0,0.0,0.0,0.0,193491.1
1725864,IT,RO,GASDI,COMPU,0.02,15477.961,3,3,15477.961,0.0,0.0,0.0,0.0,773898.05
1679212,IT,GR,MOTOR,PLAST,0.02,15477.826,3,3,15477.826,0.0,0.0,0.0,0.0,773891.3
1717639,IT,NL,BUSIN,FISH5,0.16,15477.775,3,3,15477.775,0.0,0.0,0.0,0.0,96736.09375
1718796,IT,PL,PAPER,HEAVY,0.06,15477.563,4,4,15477.561,0.0,0.0,0.0,0.002,257959.383333
1754897,IT,KR,TOBAC,MACHI,0.06,15477.125,3,3,15477.125,0.0,0.0,0.0,0.0,257952.083333
1804130,IT,WF,PAPER,HEAVY,0.06,15475.932,4,4,15475.93,0.0,0.0,0.0,0.002,257932.2
1767057,IT,RU,FURNI,FISH5,0.05,15475.634,3,3,15475.634,0.0,0.0,0.0,0.0,309512.68
1715864,IT,NL,RUBBE,RETAI,0.05,15474.969,3,3,15474.969,0.0,0.0,0.0,0.0,309499.38
1713509,IT,MT,RUBBE,REALE,0.05,15474.477,3,3,15474.477,0.0,0.0,0.0,0.0,309489.54
1764721,IT,MX,HOTEL,NONME,0.11,15473.787,3,3,15473.787,0.0,0.0,0.0,0.0,140670.790909
1714360,IT,MT,RECRE,RECRE,0.2,15473.62,3,3,15473.62,0.0,0.0,0.0,0.0,77368.1
1761892,IT,IN,FURNI,WHEAT,0.05,15473.471,3,3,15473.471,0.0,0.0,0.0,0.0,309469.42
1738729,IT,GB,MACHI,PUBLI,0.09,15473.299,3,3,15473.299,0.0,0.0,0.0,0.0,171925.544444
1734345,IT,SI,BUSIN,EDUCA,0.16,15472.759,3,3,15472.759,0.0,0.0,0.0,0.0,96704.74375
1741573,IT,US,GASDI,RUBBE,0.02,15472.245,3,3,15472.245,0.0,0.0,0.0,0.0,773612.25
1746608,IT,JP,ALUM1,WOODW,0.03,15472.157,3,3,15472.157,0.0,0.0,0.0,0.0,515738.566667
1753361,IT,CA,PREC1,MACHI,0.03,15470.62,3,3,15470.62,0.0,0.0,0.0,0.0,515687.333333
1750935,IT,CN,CONST,HOTEL,0.09,15470.539,3,3,15470.539,0.0,0.0,0.0,0.0,171894.877778
1739504,IT,GB,LANDT,RETAI,0.1,15470.491,3,3,15470.491,0.0,0.0,0.0,0.0,154704.91
1672521,IT,FR,WHEAT,MEATC,0.01,15469.585,3,3,15469.585,0.0,0.0,0.0,0.0,1546958.5
1677532,IT,FR,AUXIL,INTER,0.28,15469.29,3,3,15469.29,0.0,0.0,0.0,0.0,55247.464286
1667103,IT,ES,NONME,WASTE,0.03,15468.132,4,4,15468.13,0.0,0.0,0.0,0.002,515604.4
1778361,IT,TR,RETAI,ALUM1,0.12,15467.629,3,3,15467.629,0.0,0.0,0.0,0.0,128896.908333
1643189,IT,AT,HOTEL,MEATC,0.11,15467.536,3,3,15467.536,0.0,0.0,0.0,0.0,140613.963636
1788055,IT,WA,TEXTI,DIST1,0.09,15464.39,4,4,15464.388,0.0,0.0,0.0,0.002,171826.555556
1736487,IT,SK,INLAN,BEVER,0.02,15464.37,3,3,15464.37,0.0,0.0,0.0,0.0,773218.5
1726727,IT,RO,FURNI,ELEC5,0.05,15463.587,3,3,15463.587,0.0,0.0,0.0,0.0,309271.74
1666281,IT,ES,HEAVY,PAPE4,0.02,15463.511,3,3,15463.511,0.0,0.0,0.0,0.0,773175.55
1747363,IT,JP,RETA1,ELEC2,0.16,15463.386,3,3,15463.386,0.0,0.0,0.0,0.0,96646.1625
1803333,IT,WF,STONE,RESEA,0.05,15461.566,4,4,15460.566,0.0,0.0,1.0,0.0,309231.32
1732545,IT,SI,RUBBE,DISTR,0.05,15461.487,3,3,15461.487,0.0,0.0,0.0,0.0,309229.74
1745362,IT,JP,VEGE1,NONF1,0.05,15461.117,4,4,15461.114,0.0,0.0,0.0,0.003,309222.34
1729623,IT,SE,FABRI,SUGA1,0.06,15460.605,3,3,15460.605,0.0,0.0,0.0,0.0,257676.75
1782413,IT,NO,FABRI,INERT,0.06,15459.482,3,3,15459.482,0.0,0.0,0.0,0.0,257658.033333
1754420,IT,CA,RENTI,SEACO,0.09,15458.993,3,3,15458.993,0.0,0.0,0.0,0.0,171766.588889
1768804,IT,AU,LEATH,VEGE1,0.11,15456.584,4,4,15456.581,0.0,0.0,0.0,0.003,140514.4
1715962,IT,NL,CERAM,GASDI,0.02,15456.507,3,3,15456.507,0.0,0.0,0.0,0.0,772825.35
1759379,IT,BR,FINAN,BUSIN,0.2,15455.96,3,3,15455.96,0.0,0.0,0.0,0.0,77279.8
1665213,IT,ES,FOOD5,ELEC2,0.07,15455.701,3,3,15455.701,0.0,0.0,0.0,0.0,220795.728571
1682003,IT,HR,BEVER,VEGE1,0.07,15455.298,3,3,15455.298,0.0,0.0,0.0,0.0,220789.971429
1722805,IT,PT,PAPER,ELEC6,0.06,15455.287,4,4,15455.285,0.0,0.0,0.0,0.002,257588.116667
1765580,IT,RU,LEATH,RESEA,0.11,15454.425,4,4,15454.422,0.0,0.0,0.0,0.003,140494.772727
1717469,IT,NL,AUXIL,REALE,0.28,15453.097,3,3,15453.097,0.0,0.0,0.0,0.0,55189.632143
1685540,IT,HU,PAPER,SECO9,0.06,15453.051,4,4,15453.049,0.0,0.0,0.0,0.002,257550.85
1784005,IT,ID,BEVER,WHOLE,0.07,15452.775,3,3,15452.775,0.0,0.0,0.0,0.0,220753.928571
1751367,IT,CN,SEACO,TOBAC,0.02,15452.201,3,3,15452.201,0.0,0.0,0.0,0.0,772610.05
1737922,IT,GB,CHEM1,COKEO,0.03,15452.157,4,4,15452.155,0.0,0.0,0.0,0.002,515071.9
1798428,IT,WE,NATUR,TOBAC,0.02,15451.025,3,3,15451.025,0.0,0.0,0.0,0.0,772551.25
1784947,IT,ID,INSUR,WEARI,0.32,15450.882,3,3,15450.882,0.0,0.0,0.0,0.0,48284.00625
1664819,IT,ES,OILSE,MEAT4,0.01,15450.827,3,3,15450.827,0.0,0.0,0.0,0.0,1545082.7
1714540,IT,NL,CRUDE,FOUND,0.03,15450.435,3,3,15450.435,0.0,0.0,0.0,0.0,515014.5
1749288,IT,CN,PAPER,INLAN,0.06,15449.752,4,4,15449.75,0.0,0.0,0.0,0.002,257495.866667
1724057,IT,PT,WHOLE,GLASS,0.13,15449.274,3,3,15449.274,0.0,0.0,0.0,0.0,118840.569231
1736505,IT,SK,INLAN,LANDT,0.02,15449.139,3,3,15449.139,0.0,0.0,0.0,0.0,772456.95
1812237,IT,WM,NONME,COLLE,0.03,15448.176,4,4,15448.174,0.0,0.0,0.0,0.002,514939.2
1798817,IT,WE,FOOD5,TRANS,0.07,15447.802,3,3,15447.802,0.0,0.0,0.0,0.0,220682.885714
1720796,IT,PL,FURNI,STONE,0.05,15446.75,3,3,15446.75,0.0,0.0,0.0,0.0,308935.0
1806617,IT,WF,SALEM,MOTO1,0.12,15446.295,3,3,15446.295,0.0,0.0,0.0,0.0,128719.125
1735797,IT,SK,MACHI,GLASS,0.09,15445.24,3,3,15445.24,0.0,0.0,0.0,0.0,171613.777778
1769351,IT,AU,GLASS,RETA1,0.04,15443.213,3,3,15443.213,0.0,0.0,0.0,0.0,386080.325
1765157,IT,MX,BUSIN,PFERT,0.16,15442.224,3,3,15442.224,0.0,0.0,0.0,0.0,96513.9
1714448,IT,NL,FORES,FORES,0.13,15442.209,4,4,15436.209,0.0,6.0,0.0,0.0,118786.223077
1738260,IT,GB,NONME,BEVER,0.03,15441.194,4,4,15441.192,0.0,0.0,0.0,0.002,514706.466667
1664699,IT,EE,AIRTR,WHOLE,0.02,15440.977,3,3,15440.977,0.0,0.0,0.0,0.0,772048.85
1765588,IT,RU,WOODW,OILSE,0.04,15439.77,3,3,15439.77,0.0,0.0,0.0,0.0,385994.25
1801940,IT,WE,SALEM,CONST,0.12,15439.739,3,3,15439.739,0.0,0.0,0.0,0.0,128664.491667
1664398,IT,EE,MACHI,PULP5,0.09,15439.674,3,3,15439.674,0.0,0.0,0.0,0.0,171551.933333
1750918,IT,CN,CONST,ELECT,0.09,15438.759,3,3,15438.759,0.0,0.0,0.0,0.0,171541.766667
1656924,IT,DE,LIQUE,MEATP,0.03,15438.573,3,3,15438.573,0.0,0.0,0.0,0.0,514619.1
1734429,IT,SK,OILSE,MOTOR,0.01,15438.267,3,3,15438.267,0.0,0.0,0.0,0.0,1543826.7
1767257,IT,RU,HOTEL,PRINT,0.11,15437.14,3,3,15437.14,0.0,0.0,0.0,0.0,140337.636364
1774442,IT,CH,RAILW,HEALT,0.1,15437.122,3,3,15437.122,0.0,0.0,0.0,0.0,154371.22
1716379,IT,NL,MACHI,PRINT,0.09,15436.152,3,3,15436.152,0.0,0.0,0.0,0.0,171512.8
1730841,IT,SE,BUSIN,FOOD2,0.16,15436.044,3,3,15436.044,0.0,0.0,0.0,0.0,96475.275
1641667,IT,AT,PETRO,CONST,0.03,15436.005,3,3,15436.005,0.0,0.0,0.0,0.0,514533.5
1805929,IT,WF,LEAD1,CHEMI,0.03,15435.902,3,3,15435.902,0.0,0.0,0.0,0.0,514530.066667
1711230,IT,LU,MACHI,TRAN2,0.09,15435.461,3,3,15435.461,0.0,0.0,0.0,0.0,171505.122222
1674585,IT,FR,RUBBE,STEAM,0.05,15435.455,3,3,15435.455,0.0,0.0,0.0,0.0,308709.1
1767174,IT,RU,WHOLE,BRICK,0.13,15435.085,3,3,15435.085,0.0,0.0,0.0,0.0,118731.423077
1770614,IT,AU,POSTT,EDUCA,0.25,15435.083,3,3,15435.083,0.0,0.0,0.0,0.0,61740.332
1663238,IT,DK,SEACO,SUGA1,0.02,15434.902,3,3,15434.902,0.0,0.0,0.0,0.0,771745.1
1799465,IT,WE,PAPER,GLASS,0.06,15434.785,4,4,15434.783,0.0,0.0,0.0,0.002,257246.416667
1806697,IT,WF,WHOLE,WOODW,0.13,15434.108,3,3,15434.108,0.0,0.0,0.0,0.0,118723.907692
1791945,IT,WA,SEACO,PULP5,0.02,15430.988,3,3,15430.988,0.0,0.0,0.0,0.0,771549.4
1674573,IT,FR,RUBBE,ELEC2,0.05,15429.703,3,3,15429.703,0.0,0.0,0.0,0.0,308594.06
1764331,IT,MX,OFFIC,DISTR,0.05,15429.492,3,3,15429.492,0.0,0.0,0.0,0.0,308589.84
1728022,IT,SE,CHEMI,PRECI,0.04,15428.616,4,4,15427.616,0.0,0.0,1.0,0.0,385715.4
1727731,IT,RO,COMPU,REALE,0.18,15428.402,3,3,15428.402,0.0,0.0,0.0,0.0,85713.344444
1664846,IT,ES,POULT,INERT,0.04,15427.993,3,3,15427.993,0.0,0.0,0.0,0.0,385699.825
1789463,IT,WA,ADDIT,FISHF,0.04,15426.979,3,3,15426.979,0.0,0.0,0.0,0.0,385674.475
1775181,IT,CH,RESEA,GLASS,0.08,15426.879,3,3,15426.879,0.0,0.0,0.0,0.0,192835.9875
1788718,IT,WA,MOTOR,LUBRI,0.02,15426.246,3,3,15426.246,0.0,0.0,0.0,0.0,771312.3
1781554,IT,NO,TEXTI,PUBLI,0.09,15425.998,4,4,15425.996,0.0,0.0,0.0,0.002,171399.977778
1686625,IT,HU,LEAD1,CERAM,0.03,15425.773,3,3,15425.773,0.0,0.0,0.0,0.0,514192.433333
1664063,IT,EE,CHEM1,KEROS,0.03,15425.555,4,4,15425.553,0.0,0.0,0.0,0.002,514185.166667
1718830,IT,PL,PAPER,TRAN1,0.06,15425.471,4,4,15425.469,0.0,0.0,0.0,0.002,257091.183333
1786379,IT,ZA,MACHI,PREC1,0.09,15425.134,3,3,15425.134,0.0,0.0,0.0,0.0,171390.377778
1775875,IT,TR,DAIRY,EDUCA,0.06,15424.81,3,3,15424.81,0.0,0.0,0.0,0.0,257080.166667
1764066,IT,MX,FABRI,IRONO,0.06,15424.68,3,3,15424.68,0.0,0.0,0.0,0.0,257078.0
1807932,IT,WF,PLAS1,TEXTI,0.06,15424.635,3,3,15424.635,0.0,0.0,0.0,0.0,257077.25
1729447,IT,SE,PREC1,CHEM1,0.03,15423.755,3,3,15423.755,0.0,0.0,0.0,0.0,514125.166667
1747708,IT,JP,POSTT,RECRE,0.25,15422.917,3,3,15422.917,0.0,0.0,0.0,0.0,61691.668
1764858,IT,MX,AIRTR,PIGS9,0.02,15422.007,3,3,15422.007,0.0,0.0,0.0,0.0,771100.35
1663506,IT,DK,RENTI,SEACO,0.09,15421.977,3,3,15421.977,0.0,0.0,0.0,0.0,171355.3
1733840,IT,SI,TRAN2,TRAN1,0.02,15421.954,3,3,15421.954,0.0,0.0,0.0,0.0,771097.7
1734342,IT,SI,BUSIN,RESEA,0.16,15421.859,3,3,15421.859,0.0,0.0,0.0,0.0,96386.61875
1711531,IT,LU,POSTT,LANDT,0.25,15421.37,3,3,15421.37,0.0,0.0,0.0,0.0,61685.48
1714791,IT,NL,SUGA1,FOOD5,0.04,15421.056,4,4,15421.053,0.0,0.0,0.0,0.003,385526.4
1788480,IT,WA,PULP5,RADIO,0.05,15420.863,3,3,15420.863,0.0,0.0,0.0,0.0,308417.26
1788716,IT,WA,MOTOR,REFI1,0.02,15420.534,3,3,15420.534,0.0,0.0,0.0,0.0,771026.7
1661352,IT,DK,MEATC,SUPPO,0.05,15420.322,3,3,15420.322,0.0,0.0,0.0,0.0,308406.44
1643343,IT,AT,RAILW,FOUND,0.1,15420.06,3,3,15420.06,0.0,0.0,0.0,0.0,154200.6
1765711,IT,RU,PAPER,RAILW,0.06,15418.417,4,4,15418.415,0.0,0.0,0.0,0.002,256973.616667
1662241,IT,DK,GLASS,COMPU,0.04,15418.337,3,3,15418.337,0.0,0.0,0.0,0.0,385458.425
1747952,IT,JP,RESEA,BASIC,0.08,15417.567,3,3,15417.567,0.0,0.0,0.0,0.0,192719.5875
1765874,IT,RU,PLAST,ANTHR,0.03,15417.475,4,4,15417.473,0.0,0.0,0.0,0.002,513915.833333
1738915,IT,GB,FURNI,TRAN1,0.05,15417.283,3,3,15417.283,0.0,0.0,0.0,0.0,308345.66
1721043,IT,PL,HOTEL,GLASS,0.11,15417.113,3,3,15417.113,0.0,0.0,0.0,0.0,140155.572727
1736125,IT,SK,CONST,SALEM,0.09,15415.985,3,3,15415.985,0.0,0.0,0.0,0.0,171288.722222
1666497,IT,ES,PLAST,NONF1,0.03,15415.955,4,4,15415.953,0.0,0.0,0.0,0.002,513865.166667
1753511,IT,CA,MACHI,LIGNI,0.09,15415.21,3,3,15415.21,0.0,0.0,0.0,0.0,171280.111111
1727932,IT,SE,VEGET,EDUCA,0.05,15415.088,3,3,15415.088,0.0,0.0,0.0,0.0,308301.76
1760853,IT,IN,MOTOR,RECRE,0.02,15414.568,3,3,15414.568,0.0,0.0,0.0,0.0,770728.4
1726374,IT,RO,COPP1,FOUND,0.04,15413.594,3,3,15413.594,0.0,0.0,0.0,0.0,385339.85
1739420,IT,GB,LANDT,MEATA,0.1,15412.769,3,3,15412.769,0.0,0.0,0.0,0.0,154127.69
1725240,IT,RO,FOOD5,BASIC,0.07,15412.696,3,3,15412.696,0.0,0.0,0.0,0.0,220181.371429
1679874,IT,GR,COPP1,TEXTI,0.04,15412.4,3,3,15412.4,0.0,0.0,0.0,0.0,385310.0
1759062,IT,BR,SEACO,ALUM1,0.02,15411.068,3,3,15411.068,0.0,0.0,0.0,0.0,770553.4
1773085,IT,CH,LEAD1,PRINT,0.03,15410.878,3,3,15410.878,0.0,0.0,0.0,0.0,513695.933333
1740869,IT,US,DAIRY,DIST1,0.06,15409.64,3,3,15409.64,0.0,0.0,0.0,0.0,256827.333333
1753339,IT,CA,BASIC,INLAN,0.02,15409.527,3,3,15409.527,0.0,0.0,0.0,0.0,770476.35
1741581,IT,US,GASDI,FURNI,0.02,15408.443,3,3,15408.443,0.0,0.0,0.0,0.0,770422.15
1717132,IT,NL,SEACO,PLAS1,0.02,15407.056,3,3,15407.056,0.0,0.0,0.0,0.0,770352.8
1770266,IT,AU,HOTEL,BRICK,0.11,15404.38,3,3,15404.38,0.0,0.0,0.0,0.0,140039.818182
1748369,IT,CN,OILSE,FURNI,0.01,15403.695,3,3,15403.695,0.0,0.0,0.0,0.0,1540369.5
1710470,IT,LT,LANDT,STEAM,0.1,15403.53,3,3,15403.53,0.0,0.0,0.0,0.0,154035.3
1768646,IT,AU,TEXTI,BITUM,0.09,15403.068,4,4,15403.066,0.0,0.0,0.0,0.002,171145.2
1686195,IT,HU,GLASS,BRICK,0.04,15402.696,3,3,15402.696,0.0,0.0,0.0,0.0,385067.4
1783659,IT,NO,WASTE,WOODW,0.05,15402.354,3,3,15402.354,0.0,0.0,0.0,0.0,308047.08
1646753,IT,BE,CONST,ELEC2,0.09,15401.551,3,3,15401.551,0.0,0.0,0.0,0.0,171128.344444
1658710,IT,DE,OFFIC,MEDIC,0.05,15401.409,3,3,15401.409,0.0,0.0,0.0,0.0,308028.18
1755231,IT,KR,PULP5,TOBAC,0.05,15401.069,3,3,15401.069,0.0,0.0,0.0,0.0,308021.38
1655295,IT,DE,CEREA,SUGA1,0.03,15400.961,3,3,15400.961,0.0,0.0,0.0,0.0,513365.366667
1766361,IT,RU,BASIC,VEGET,0.02,15399.973,3,3,15399.973,0.0,0.0,0.0,0.0,769998.65
1786482,IT,ZA,MOTO1,RETAI,0.08,15399.284,3,3,15399.284,0.0,0.0,0.0,0.0,192491.05
1644435,IT,BE,VEGE1,POULT,0.05,15399.229,4,4,15399.226,0.0,0.0,0.0,0.003,307984.58
1653648,IT,CZ,ALUM1,LEAD1,0.03,15399.148,3,3,15399.148,0.0,0.0,0.0,0.0,513304.933333
1798772,IT,WE,FOOD5,PROCE,0.07,15398.083,3,3,15398.083,0.0,0.0,0.0,0.0,219972.614286
1682551,IT,HR,MOTOR,SECO9,0.02,15397.865,3,3,15397.865,0.0,0.0,0.0,0.0,769893.25
1805876,IT,WF,ALUM1,GLASS,0.03,15396.56,3,3,15396.56,0.0,0.0,0.0,0.0,513218.666667
1767489,IT,RU,SEACO,LUBRI,0.02,15396.052,3,3,15396.052,0.0,0.0,0.0,0.0,769802.6
1802410,IT,WE,AIRTR,WEARI,0.02,15395.48,3,3,15395.48,0.0,0.0,0.0,0.0,769774.0
1727512,IT,RO,AUXIL,INSUR,0.28,15394.882,3,3,15394.882,0.0,0.0,0.0,0.0,54981.721429
1734966,IT,SK,LIQUE,GASDI,0.03,15394.837,3,3,15394.837,0.0,0.0,0.0,0.0,513161.233333
1661821,IT,DK,WOODW,RESEA,0.04,15394.797,3,3,15394.797,0.0,0.0,0.0,0.0,384869.925
1684975,IT,HU,MEAT4,HEALT,0.08,15394.705,3,3,15394.705,0.0,0.0,0.0,0.0,192433.8125
1712792,IT,LV,SEACO,FABRI,0.02,15394.488,3,3,15394.488,0.0,0.0,0.0,0.0,769724.4
1721627,IT,PL,POSTT,HOTEL,0.25,15394.407,3,3,15394.407,0.0,0.0,0.0,0.0,61577.628
1655542,IT,DE,STONE,MACHI,0.05,15394.358,4,4,15393.358,0.0,0.0,1.0,0.0,307887.16
1655441,IT,DE,FORES,FABRI,0.13,15393.178,4,4,15387.178,0.0,6.0,0.0,0.0,118409.061538
1656034,IT,DE,BEVER,ANIMA,0.07,15393.153,3,3,15393.153,0.0,0.0,0.0,0.0,219902.185714
1654252,IT,CZ,TRANS,FINAN,0.09,15393.076,3,3,15393.076,0.0,0.0,0.0,0.0,171034.177778
1735824,IT,SK,MACHI,DIST1,0.09,15392.904,3,3,15392.904,0.0,0.0,0.0,0.0,171032.266667
1712388,IT,LV,GLASS,SUPPO,0.04,15392.707,3,3,15392.707,0.0,0.0,0.0,0.0,384817.675
1666931,IT,ES,CERAM,FOOD5,0.02,15392.655,3,3,15392.655,0.0,0.0,0.0,0.0,769632.75
1668173,IT,ES,SALEM,SEACO,0.12,15392.256,3,3,15392.256,0.0,0.0,0.0,0.0,128268.8
1792632,IT,WA,RESEA,PIGS9,0.08,15390.647,3,3,15390.647,0.0,0.0,0.0,0.0,192383.0875
1734944,IT,SK,KEROS,MEMBE,0.02,15390.419,3,3,15390.419,0.0,0.0,0.0,0.0,769520.95
1753342,IT,CA,BASIC,RENTI,0.02,15389.933,3,3,15389.933,0.0,0.0,0.0,0.0,769496.65
1802044,IT,WE,WHOLE,LANDT,0.13,15388.536,3,3,15388.536,0.0,0.0,0.0,0.0,118373.353846
1774236,IT,CH,RETA1,COLLE,0.16,15388.314,3,3,15388.314,0.0,0.0,0.0,0.0,96176.9625
1785388,IT,ZA,PAPER,SUGA1,0.06,15388.079,4,4,15388.077,0.0,0.0,0.0,0.002,256467.983333
1767369,IT,RU,LANDT,SUGAR,0.1,15387.022,3,3,15387.022,0.0,0.0,0.0,0.0,153870.22
1811188,IT,WM,NAPHT,DIST1,0.03,15386.014,3,3,15386.014,0.0,0.0,0.0,0.0,512867.133333
1733188,IT,SI,MACHI,MEATC,0.09,15385.944,3,3,15385.944,0.0,0.0,0.0,0.0,170954.933333
1663965,IT,EE,PAPER,PFERT,0.06,15385.079,4,4,15385.077,0.0,0.0,0.0,0.002,256417.983333
1722881,IT,PT,PRINT,AIRTR,0.15,15383.906,3,3,15383.906,0.0,0.0,0.0,0.0,102559.373333
1771154,IT,CH,MEAT1,LEATH,0.07,15383.562,4,4,15383.56,0.0,0.0,0.0,0.002,219765.171429
1743789,IT,US,LANDT,MEDIC,0.1,15383.261,3,3,15383.261,0.0,0.0,0.0,0.0,153832.61
1803962,IT,WF,LEATH,FISHF,0.11,15383.177,4,4,15383.174,0.0,0.0,0.0,0.003,139847.063636
1783654,IT,NO,FOOD3,PAPE4,0.04,15382.605,3,3,15382.605,0.0,0.0,0.0,0.0,384565.125
1781575,IT,NO,WEARI,VEGE1,0.12,15382.259,4,4,15382.256,0.0,0.0,0.0,0.003,128185.491667
1792698,IT,WA,BUSIN,ANIMA,0.16,15380.542,3,3,15380.542,0.0,0.0,0.0,0.0,96128.3875
1646055,IT,BE,BASIC,FISH5,0.02,15379.466,3,3,15379.466,0.0,0.0,0.0,0.0,768973.3
1645482,IT,BE,NONSP,CHEM1,0.02,15379.335,3,3,15379.335,0.0,0.0,0.0,0.0,768966.75
1666446,IT,ES,NONSP,MOTOR,0.02,15379.203,3,3,15379.203,0.0,0.0,0.0,0.0,768960.15
1641643,IT,AT,PARAF,PFERT,0.02,15378.621,3,3,15378.621,0.0,0.0,0.0,0.0,768931.05
1778835,IT,TR,LANDT,COMPU,0.1,15378.486,3,3,15378.486,0.0,0.0,0.0,0.0,153784.86
1763970,IT,MX,PREC1,FOUND,0.03,15377.685,3,3,15377.685,0.0,0.0,0.0,0.0,512589.5
1747546,IT,JP,AIRTR,PULP5,0.02,15377.209,3,3,15377.209,0.0,0.0,0.0,0.0,768860.45
1758201,IT,BR,BASIC,NICKE,0.02,15376.652,3,3,15376.652,0.0,0.0,0.0,0.0,768832.6
1787847,IT,WA,FOOD5,CHARC,0.07,15376.045,3,3,15376.045,0.0,0.0,0.0,0.0,219657.785714
1769561,IT,AU,ALUM1,REALE,0.03,15375.98,3,3,15375.98,0.0,0.0,0.0,0.0,512532.666667
1732998,IT,SI,LEAD1,RUBBE,0.03,15375.258,3,3,15375.258,0.0,0.0,0.0,0.0,512508.6
1645419,IT,BE,LIQUE,NONSP,0.03,15375.234,3,3,15375.234,0.0,0.0,0.0,0.0,512507.8
1746831,IT,JP,MACHI,BLAST,0.09,15373.723,3,3,15373.723,0.0,0.0,0.0,0.0,170819.144444
1808732,IT,WF,TEXT2,SALEM,0.11,15373.333,3,3,15373.333,0.0,0.0,0.0,0.0,139757.572727
1677120,IT,FR,SUPPO,FOOD3,0.11,15373.206,3,3,15373.206,0.0,0.0,0.0,0.0,139756.418182
1728192,IT,SE,FOOD5,CATTL,0.07,15372.602,3,3,15372.602,0.0,0.0,0.0,0.0,219608.6
1667013,IT,ES,CEMEN,LANDT,0.02,15372.572,3,3,15372.572,0.0,0.0,0.0,0.0,768628.6
1718299,IT,PL,FOOD5,ELEC2,0.07,15372.507,3,3,15372.507,0.0,0.0,0.0,0.0,219607.242857
1651410,IT,CY,KEROS,RAWMI,0.02,15372.402,3,3,15372.402,0.0,0.0,0.0,0.0,768620.1
1746492,IT,JP,CERAM,OFFIC,0.02,15371.224,3,3,15371.224,0.0,0.0,0.0,0.0,768561.2
1688116,IT,HU,BUSIN,DAIRY,0.16,15371.049,3,3,15371.049,0.0,0.0,0.0,0.0,96069.05625
1735242,IT,SK,GLASS,POULT,0.04,15370.643,3,3,15370.643,0.0,0.0,0.0,0.0,384266.075
1770432,IT,AU,SEACO,CEMEN,0.02,15370.61,3,3,15370.61,0.0,0.0,0.0,0.0,768530.5
1798105,IT,WL,93197,PUBLI,0.1,15370.602,3,3,15370.602,0.0,0.0,0.0,0.0,153706.02
1801795,IT,WE,ELEC4,BUSIN,0.24,15370.08,3,3,15370.08,0.0,0.0,0.0,0.0,64042.0
1756131,IT,KR,FABRI,PRIVA,0.06,15368.667,3,3,15368.667,0.0,0.0,0.0,0.0,256144.45
1667912,IT,ES,MOTO1,DIST1,0.08,15368.621,3,3,15368.621,0.0,0.0,0.0,0.0,192107.7625
1788782,IT,WA,KEROS,PAPER,0.02,15368.448,3,3,15368.448,0.0,0.0,0.0,0.0,768422.4
1791611,IT,WA,HOTEL,BITUM,0.11,15367.362,3,3,15367.362,0.0,0.0,0.0,0.0,139703.290909
1718277,IT,PL,FOOD5,KEROS,0.07,15367.232,3,3,15367.232,0.0,0.0,0.0,0.0,219531.885714
1794743,IT,WL,PARAF,BIODI,0.02,15366.699,3,3,15366.699,0.0,0.0,0.0,0.0,768334.95
1718271,IT,PL,FOOD5,LEATH,0.07,15366.324,3,3,15366.324,0.0,0.0,0.0,0.0,219518.914286
1718038,IT,PL,CHEMI,BUSIN,0.04,15366.287,4,4,15365.287,0.0,0.0,1.0,0.0,384157.175
1771169,IT,CH,MEAT4,LEATH,0.08,15366.26,3,3,15366.26,0.0,0.0,0.0,0.0,192078.25
1646094,IT,BE,BASIC,STEAM,0.02,15365.908,3,3,15365.908,0.0,0.0,0.0,0.0,768295.4
1763584,IT,MX,CHEM1,ELEC4,0.03,15365.486,4,4,15365.484,0.0,0.0,0.0,0.002,512182.866667
1711231,IT,LU,MACHI,AIRTR,0.09,15364.733,3,3,15364.733,0.0,0.0,0.0,0.0,170719.255556
1659754,IT,DE,RAILW,MEMBE,0.1,15364.509,3,3,15364.509,0.0,0.0,0.0,0.0,153645.09
1813634,IT,WM,RETA1,MEAT4,0.16,15363.847,3,3,15363.847,0.0,0.0,0.0,0.0,96024.04375
1778549,IT,TR,RETA1,MEDIC,0.16,15363.447,3,3,15363.447,0.0,0.0,0.0,0.0,96021.54375
1725653,IT,RO,PAPER,CRUDE,0.06,15363.162,4,4,15363.16,0.0,0.0,0.0,0.002,256052.7
1657103,IT,DE,NONSP,INTER,0.02,15362.886,3,3,15362.886,0.0,0.0,0.0,0.0,768144.3
1748352,IT,CN,VEGET,PUBLI,0.05,15362.125,3,3,15362.125,0.0,0.0,0.0,0.0,307242.5
1810310,IT,WM,WOODW,FORES,0.04,15361.504,3,3,15361.504,0.0,0.0,0.0,0.0,384037.6
1784014,IT,ID,TEXTI,VEGET,0.09,15361.488,4,4,15361.486,0.0,0.0,0.0,0.002,170683.2
1712551,IT,LV,MACHI,STONE,0.09,15360.589,3,3,15360.589,0.0,0.0,0.0,0.0,170673.211111
1718604,IT,PL,LEATH,PLAST,0.11,15360.212,4,4,15360.209,0.0,0.0,0.0,0.003,139638.290909
1653475,IT,CZ,BASIC,SUGAR,0.02,15360.18,3,3,15360.18,0.0,0.0,0.0,0.0,768009.0
1686349,IT,HU,NONME,RAILW,0.03,15359.647,4,4,15359.645,0.0,0.0,0.0,0.002,511988.233333
1796841,IT,WL,SEACO,TEXTI,0.02,15359.109,3,3,15359.109,0.0,0.0,0.0,0.0,767955.45
1665934,IT,ES,MOTOR,STONE,0.02,15358.463,3,3,15358.463,0.0,0.0,0.0,0.0,767923.15
1733420,IT,SI,ELEC4,WHOLE,0.24,15358.329,3,3,15358.329,0.0,0.0,0.0,0.0,63993.0375
1679026,IT,GR,WOODW,PRINT,0.04,15358.206,3,3,15358.206,0.0,0.0,0.0,0.0,383955.15
1676442,IT,FR,RETA1,CRUDE,0.16,15358.143,3,3,15358.143,0.0,0.0,0.0,0.0,95988.39375
1659781,IT,DE,LANDT,VEGE1,0.1,15357.691,3,3,15357.691,0.0,0.0,0.0,0.0,153576.91
1771899,IT,CH,PAPER,SUGAR,0.06,15356.702,4,4,15356.7,0.0,0.0,0.0,0.002,255945.033333
1749100,IT,CN,WOODW,MOTOR,0.04,15356.529,3,3,15356.529,0.0,0.0,0.0,0.0,383913.225
1684296,IT,HR,AIRTR,FINAN,0.02,15356.235,3,3,15356.235,0.0,0.0,0.0,0.0,767811.75
1780140,IT,TW,HOTEL,PETRO,0.11,15356.144,3,3,15356.144,0.0,0.0,0.0,0.0,139601.309091
1681275,IT,GR,FINAN,SUPPO,0.2,15355.869,3,3,15355.869,0.0,0.0,0.0,0.0,76779.345
1799300,IT,WE,LEATH,PUBLI,0.11,15355.71,4,4,15355.707,0.0,0.0,0.0,0.003,139597.363636
1736469,IT,SK,LANDT,RECRE,0.1,15354.667,3,3,15354.667,0.0,0.0,0.0,0.0,153546.67
1723681,IT,PT,MACHI,KEROS,0.09,15354.626,3,3,15354.626,0.0,0.0,0.0,0.0,170606.955556
1791545,IT,WA,RETA1,BASIC,0.16,15354.423,3,3,15354.423,0.0,0.0,0.0,0.0,95965.14375
1783717,IT,NO,FOOD4,SALEM,0.11,15354.385,3,3,15354.385,0.0,0.0,0.0,0.0,139585.318182
1763147,IT,MX,LEATH,BEVER,0.11,15354.097,4,4,15354.094,0.0,0.0,0.0,0.003,139582.7
1787925,IT,WA,BEVER,FINAN,0.07,15353.19,3,3,15353.19,0.0,0.0,0.0,0.0,219331.285714
1786876,IT,ZA,SEACO,RADIO,0.02,15353.163,3,3,15353.163,0.0,0.0,0.0,0.0,767658.15
1717360,IT,NL,FINAN,INLAN,0.2,15352.954,3,3,15352.954,0.0,0.0,0.0,0.0,76764.77
1803973,IT,WF,LEATH,MEAT4,0.11,15352.649,4,4,15352.646,0.0,0.0,0.0,0.003,139569.536364
1788381,IT,WA,WOODW,HEAVY,0.04,15352.591,3,3,15352.591,0.0,0.0,0.0,0.0,383814.775
1779153,IT,TR,POSTT,MEATC,0.25,15351.474,3,3,15351.474,0.0,0.0,0.0,0.0,61405.896
1724422,IT,PT,AIRTR,GLASS,0.02,15351.095,3,3,15351.095,0.0,0.0,0.0,0.0,767554.75
1641579,IT,AT,HEAVY,WASTE,0.02,15350.804,3,3,15350.804,0.0,0.0,0.0,0.0,767540.2
1644036,IT,AT,BUSIN,NAPHT,0.16,15350.554,3,3,15350.554,0.0,0.0,0.0,0.0,95940.9625
1736552,IT,SK,SUPPO,OFFIC,0.11,15350.289,3,3,15350.289,0.0,0.0,0.0,0.0,139548.081818
1683414,IT,HR,BASIC,RADIO,0.02,15349.534,3,3,15349.534,0.0,0.0,0.0,0.0,767476.7
1745550,IT,JP,BEVER,DIST1,0.07,15348.529,3,3,15348.529,0.0,0.0,0.0,0.0,219264.7
1794007,IT,WL,WOODW,RAILW,0.04,15348.09,3,3,15348.09,0.0,0.0,0.0,0.0,383702.25
1723909,IT,PT,FURNI,WHOLE,0.05,15347.922,3,3,15347.922,0.0,0.0,0.0,0.0,306958.44
1713034,IT,MT,MEAT1,FURNI,0.07,15346.741,4,4,15346.739,0.0,0.0,0.0,0.002,219239.157143
1680515,IT,GR,ELEC7,GASDI,0.01,15346.004,3,3,15346.004,0.0,0.0,0.0,0.0,1534600.4
1681911,IT,HR,DAIRY,BUSIN,0.06,15344.247,3,3,15344.247,0.0,0.0,0.0,0.0,255737.45
1668318,IT,ES,WHOLE,CONST,0.13,15343.574,3,3,15343.574,0.0,0.0,0.0,0.0,118027.492308
1776886,IT,TR,PLAST,STONE,0.03,15343.085,4,4,15343.083,0.0,0.0,0.0,0.002,511436.166667
1675377,IT,FR,MACHI,NFERT,0.09,15341.91,3,3,15341.91,0.0,0.0,0.0,0.0,170465.666667
1734544,IT,SK,SUGA1,TRAN2,0.04,15341.678,4,4,15341.675,0.0,0.0,0.0,0.003,383541.95
1641302,IT,AT,MOTOR,PAPE1,0.02,15341.303,3,3,15341.303,0.0,0.0,0.0,0.0,767065.15
1682980,IT,HR,CHEM1,MEATA,0.03,15340.269,4,4,15340.267,0.0,0.0,0.0,0.002,511342.3
1749475,IT,CN,HEAVY,SALEM,0.02,15339.66,3,3,15339.66,0.0,0.0,0.0,0.0,766983.0
1768519,IT,AU,FOOD5,CEMEN,0.07,15339.619,3,3,15339.619,0.0,0.0,0.0,0.0,219137.414286
1676651,IT,FR,HOTEL,PLAS2,0.11,15339.404,3,3,15339.404,0.0,0.0,0.0,0.0,139449.127273
1806370,IT,WF,MOTO1,WEARI,0.08,15339.053,3,3,15339.053,0.0,0.0,0.0,0.0,191738.1625
1683806,IT,HR,OFFIC,SALEM,0.05,15338.14,3,3,15338.14,0.0,0.0,0.0,0.0,306762.8
1686993,IT,HU,MACHI,OILHA,0.09,15337.269,3,3,15337.269,0.0,0.0,0.0,0.0,170414.1
1757474,IT,BR,PAPER,MEDIC,0.06,15337.093,4,4,15337.091,0.0,0.0,0.0,0.002,255618.216667
1715964,IT,NL,CERAM,RUBBE,0.02,15336.533,3,3,15336.533,0.0,0.0,0.0,0.0,766826.65
1757947,IT,BR,ADDIT,REFI1,0.04,15336.439,3,3,15336.439,0.0,0.0,0.0,0.0,383410.975
1762921,IT,MX,CHEMI,MOTO1,0.04,15336.246,4,4,15335.246,0.0,0.0,1.0,0.0,383406.15
1685803,IT,HU,PLAST,RAILW,0.03,15335.791,4,4,15335.789,0.0,0.0,0.0,0.002,511193.033333
1736053,IT,SK,FURNI,OFFIC,0.05,15335.513,3,3,15335.513,0.0,0.0,0.0,0.0,306710.26
1711134,IT,LU,COPP1,WASTE,0.04,15332.767,3,3,15332.767,0.0,0.0,0.0,0.0,383319.175
1782812,IT,NO,HOTEL,TRAN2,0.11,15332.56,3,3,15332.56,0.0,0.0,0.0,0.0,139386.909091
1741061,IT,US,TEXTI,OFFIC,0.09,15331.562,4,4,15331.56,0.0,0.0,0.0,0.002,170350.688889
1760710,IT,IN,PAPER,ELEC4,0.06,15331.086,4,4,15331.084,0.0,0.0,0.0,0.002,255518.1
1717065,IT,NL,LANDT,INLAN,0.1,15330.592,3,3,15330.592,0.0,0.0,0.0,0.0,153305.92
1769814,IT,AU,MACHI,INLAN,0.09,15330.503,3,3,15330.503,0.0,0.0,0.0,0.0,170338.922222
1652197,IT,CZ,DAIRY,REALE,0.06,15330.492,3,3,15330.492,0.0,0.0,0.0,0.0,255508.2
1743298,IT,US,FURNI,LANDT,0.05,15330.306,3,3,15330.306,0.0,0.0,0.0,0.0,306606.12
1785535,IT,ZA,MOTOR,93197,0.02,15329.662,3,3,15329.662,0.0,0.0,0.0,0.0,766483.1
1727785,IT,RO,BUSIN,PULP5,0.16,15329.628,3,3,15329.628,0.0,0.0,0.0,0.0,95810.175
1736279,IT,SK,HOTEL,BASIC,0.11,15328.374,3,3,15328.374,0.0,0.0,0.0,0.0,139348.854545
1741555,IT,US,GASDI,ANIMA,0.02,15327.804,3,3,15327.804,0.0,0.0,0.0,0.0,766390.2
1754051,IT,CA,SEACO,SEACO,0.02,15327.638,3,3,15327.638,0.0,0.0,0.0,0.0,766381.9
1785862,IT,ZA,CHEM1,FOOD3,0.03,15327.599,4,4,15327.597,0.0,0.0,0.0,0.002,510919.966667
1735484,IT,SK,BASIC,INTER,0.02,15326.712,3,3,15326.712,0.0,0.0,0.0,0.0,766335.6
1660602,IT,DE,REALE,CHEM1,0.65,15326.489,3,3,15326.489,0.0,0.0,0.0,0.0,23579.213846
1720074,IT,PL,ALUM1,EDUCA,0.03,15325.553,3,3,15325.553,0.0,0.0,0.0,0.0,510851.766667
1743727,IT,US,LANDT,PIGS9,0.1,15324.648,3,3,15324.648,0.0,0.0,0.0,0.0,153246.48
1788725,IT,WA,MOTOR,GLASS,0.02,15324.342,3,3,15324.342,0.0,0.0,0.0,0.0,766217.1
1641969,IT,AT,RUBBE,HEAVY,0.05,15324.302,3,3,15324.302,0.0,0.0,0.0,0.0,306486.04
1719653,IT,PL,CEMEN,FABRI,0.02,15324.248,3,3,15324.248,0.0,0.0,0.0,0.0,766212.4
1812075,IT,WM,CERAM,FABRI,0.02,15324.048,3,3,15324.048,0.0,0.0,0.0,0.0,766202.4
1791031,IT,WA,TRANS,PLANT,0.09,15323.192,3,3,15323.192,0.0,0.0,0.0,0.0,170257.688889
1794671,IT,WL,NAPHT,NONSP,0.03,15322.927,3,3,15322.927,0.0,0.0,0.0,0.0,510764.233333
1732783,IT,SI,NONME,COLLE,0.03,15322.129,4,4,15322.127,0.0,0.0,0.0,0.002,510737.633333
1777029,IT,TR,CHEM1,COALT,0.03,15321.228,4,4,15321.226,0.0,0.0,0.0,0.002,510707.6
1688131,IT,HU,BUSIN,GASDI,0.16,15320.684,3,3,15320.684,0.0,0.0,0.0,0.0,95754.275
1738138,IT,GB,GLASS,PFERT,0.04,15320.301,3,3,15320.301,0.0,0.0,0.0,0.0,383007.525
1671732,IT,FI,SALEM,WHOLE,0.12,15319.402,3,3,15319.402,0.0,0.0,0.0,0.0,127661.683333
1656568,IT,DE,PRINT,FISH5,0.15,15318.062,3,3,15318.062,0.0,0.0,0.0,0.0,102120.413333
1801877,IT,WE,CONST,PFERT,0.09,15317.651,3,3,15317.651,0.0,0.0,0.0,0.0,170196.122222
1773152,IT,CH,COPP1,EDUCA,0.04,15317.356,3,3,15317.356,0.0,0.0,0.0,0.0,382933.9
1810225,IT,WM,LEATH,BEVER,0.11,15316.666,4,4,15316.663,0.0,0.0,0.0,0.003,139242.418182
1726219,IT,RO,NONME,KEROS,0.03,15315.57,4,4,15315.568,0.0,0.0,0.0,0.002,510519.0
1737199,IT,GB,DAIRY,RENTI,0.06,15315.441,3,3,15315.441,0.0,0.0,0.0,0.0,255257.35
1727307,IT,RO,POSTT,PLAST,0.25,15315.272,3,3,15315.272,0.0,0.0,0.0,0.0,61261.088
1747850,IT,JP,RENTI,BEVER,0.09,15314.68,3,3,15314.68,0.0,0.0,0.0,0.0,170163.111111
1736236,IT,SK,RETA1,CONST,0.16,15314.523,3,3,15314.523,0.0,0.0,0.0,0.0,95715.76875
1733877,IT,SI,SEACO,OFFIC,0.02,15314.25,3,3,15314.25,0.0,0.0,0.0,0.0,765712.5
1773551,IT,CH,MOTO1,COLLE,0.08,15313.842,3,3,15313.842,0.0,0.0,0.0,0.0,191423.025
1747845,IT,JP,RENTI,FORES,0.09,15313.45,3,3,15313.45,0.0,0.0,0.0,0.0,170149.444444
1753309,IT,CA,BASIC,BITU1,0.02,15312.943,3,3,15312.943,0.0,0.0,0.0,0.0,765647.15
1647327,IT,BE,TRAN2,BUSIN,0.02,15312.618,3,3,15312.618,0.0,0.0,0.0,0.0,765630.9
1783030,IT,NO,INSUR,RAWMI,0.32,15312.035,3,3,15312.035,0.0,0.0,0.0,0.0,47850.109375
1754530,IT,CA,BUSIN,TRAN1,0.16,15311.791,3,3,15311.791,0.0,0.0,0.0,0.0,95698.69375
1802453,IT,WE,SUPPO,NATUR,0.11,15310.377,3,3,15310.377,0.0,0.0,0.0,0.0,139185.245455
1714389,IT,NL,CEREA,SUPPO,0.02,15310.164,3,3,15310.164,0.0,0.0,0.0,0.0,765508.2
1737511,IT,GB,WOODW,PFERT,0.04,15309.735,3,3,15309.735,0.0,0.0,0.0,0.0,382743.375
1753219,IT,CA,CERAM,BEVER,0.02,15308.822,3,3,15308.822,0.0,0.0,0.0,0.0,765441.1
1651291,IT,CY,BEVER,FOOD5,0.07,15308.661,3,3,15308.661,0.0,0.0,0.0,0.0,218695.157143
1675588,IT,FR,MOTO1,COPP1,0.08,15308.478,3,3,15308.478,0.0,0.0,0.0,0.0,191355.975
1679301,IT,GR,HEAVY,DIST1,0.02,15307.476,3,3,15307.476,0.0,0.0,0.0,0.0,765373.8
1733040,IT,SI,COPP1,CEMEN,0.04,15306.536,3,3,15306.536,0.0,0.0,0.0,0.0,382663.4
1674161,IT,FR,HEAVY,PUBLI,0.02,15305.458,3,3,15305.458,0.0,0.0,0.0,0.0,765272.9
1723381,IT,PT,BASIC,BRICK,0.02,15304.331,3,3,15304.331,0.0,0.0,0.0,0.0,765216.55
1641851,IT,AT,BIOGA,GASDI,0.03,15303.752,4,4,15303.75,0.0,0.0,0.0,0.002,510125.066667
1752458,IT,CA,DAIRY,MACHI,0.06,15303.726,3,3,15303.726,0.0,0.0,0.0,0.0,255062.1
1659873,IT,DE,LANDT,INSUR,0.1,15303.592,3,3,15303.592,0.0,0.0,0.0,0.0,153035.92
1733694,IT,SI,RAILW,MACHI,0.1,15303.303,3,3,15303.303,0.0,0.0,0.0,0.0,153033.03
1750733,IT,CN,TRANS,COKIN,0.09,15302.964,3,3,15302.964,0.0,0.0,0.0,0.0,170032.933333
1764226,IT,MX,MACHI,LUBRI,0.09,15302.521,3,3,15302.521,0.0,0.0,0.0,0.0,170028.011111
1794455,IT,WL,GASDI,LEATH,0.02,15302.281,3,3,15302.281,0.0,0.0,0.0,0.0,765114.05
1728935,IT,SE,CHEM1,ELEC7,0.03,15302.196,4,4,15302.194,0.0,0.0,0.0,0.002,510073.2
1686765,IT,HU,FABRI,WHEAT,0.06,15302.07,3,3,15302.07,0.0,0.0,0.0,0.0,255034.5
1642944,IT,AT,FURNI,BASIC,0.05,15301.137,3,3,15301.137,0.0,0.0,0.0,0.0,306022.74
1786470,IT,ZA,MOTO1,FABRI,0.08,15300.375,3,3,15300.375,0.0,0.0,0.0,0.0,191254.6875
1767299,IT,RU,HOTEL,STEAM,0.11,15300.187,3,3,15300.187,0.0,0.0,0.0,0.0,139092.609091
1771061,IT,CH,FISHF,SEACO,0.03,15299.031,3,3,15299.031,0.0,0.0,0.0,0.0,509967.7
1654586,IT,CZ,RAILW,FABRI,0.1,15299.008,3,3,15299.008,0.0,0.0,0.0,0.0,152990.08
1737412,IT,GB,TEXTI,COMPU,0.09,15298.382,4,4,15298.38,0.0,0.0,0.0,0.002,169982.022222
1785969,IT,ZA,RUBBE,COLLE,0.05,15297.365,3,3,15297.365,0.0,0.0,0.0,0.0,305947.3
1779837,IT,TR,PUBLI,PLAST,0.25,15296.469,3,3,15296.469,0.0,0.0,0.0,0.0,61185.876
1714366,IT,MT,PRIVA,FISH5,3.41,15296.283,4,4,15296.281,0.0,0.0,0.0,0.002,4485.71349
1782284,IT,NO,COPP1,NATUR,0.04,15296.113,3,3,15296.113,0.0,0.0,0.0,0.0,382402.825
1736796,IT,SK,COMPU,ELEC3,0.17,15295.699,3,3,15295.699,0.0,0.0,0.0,0.0,89974.7
1721976,IT,PL,COMPU,BASIC,0.17,15293.966,3,3,15293.966,0.0,0.0,0.0,0.0,89964.505882
1737492,IT,GB,LEATH,MEMBE,0.11,15293.199,4,4,15293.196,0.0,0.0,0.0,0.003,139029.081818
1728753,IT,SE,GASDI,ELECT,0.02,15292.397,3,3,15292.397,0.0,0.0,0.0,0.0,764619.85
1814989,IT,WM,PRIVA,RECRE,3.41,15292.17,4,4,15292.168,0.0,0.0,0.0,0.002,4484.507331
1720715,IT,PL,TRANS,POULT,0.09,15291.899,3,3,15291.899,0.0,0.0,0.0,0.0,169909.988889
1721630,IT,PL,POSTT,TRAN2,0.25,15291.659,3,3,15291.659,0.0,0.0,0.0,0.0,61166.636
1730711,IT,SE,COMPU,SUPPO,0.17,15291.194,3,3,15291.194,0.0,0.0,0.0,0.0,89948.2
1738638,IT,GB,MACHI,CATTL,0.09,15289.625,3,3,15289.625,0.0,0.0,0.0,0.0,169884.722222
1670193,IT,ES,RECRE,CHEM1,0.19,15289.089,3,3,15289.089,0.0,0.0,0.0,0.0,80468.889474
1781929,IT,NO,CHEM1,SUPPO,0.03,15288.954,4,4,15288.952,0.0,0.0,0.0,0.002,509631.8
1721870,IT,PL,REALE,BUSIN,0.65,15286.978,3,3,15286.978,0.0,0.0,0.0,0.0,23518.427692
1799814,IT,WE,GASDI,BKBPE,0.02,15286.944,3,3,15286.944,0.0,0.0,0.0,0.0,764347.2
1682981,IT,HR,CHEM1,RAWMI,0.03,15286.838,4,4,15286.836,0.0,0.0,0.0,0.002,509561.266667
1744457,IT,US,AUXIL,RAILW,0.28,15286.36,3,3,15286.36,0.0,0.0,0.0,0.0,54594.142857
1715622,IT,NL,NAPHT,TEXTI,0.03,15286.314,3,3,15286.314,0.0,0.0,0.0,0.0,509543.8
1777247,IT,TR,RUBBE,OFFIC,0.05,15286.089,3,3,15286.089,0.0,0.0,0.0,0.0,305721.78
1802396,IT,WE,SEACO,RECRE,0.02,15285.986,3,3,15285.986,0.0,0.0,0.0,0.0,764299.3
1719817,IT,PL,BASIC,NONF1,0.02,15285.9,3,3,15285.9,0.0,0.0,0.0,0.0,764295.0
1735493,IT,SK,PREC1,TEXTI,0.03,15285.658,3,3,15285.658,0.0,0.0,0.0,0.0,509521.933333
1671741,IT,FI,SALEM,BUSIN,0.12,15285.337,3,3,15285.337,0.0,0.0,0.0,0.0,127377.808333
1799937,IT,WE,HEAVY,IRONO,0.02,15285.061,3,3,15285.061,0.0,0.0,0.0,0.0,764253.05
1719927,IT,PL,PREC1,NONME,0.03,15283.757,3,3,15283.757,0.0,0.0,0.0,0.0,509458.566667
1709353,IT,LT,DAIRY,REALE,0.06,15282.818,3,3,15282.818,0.0,0.0,0.0,0.0,254713.633333
1812133,IT,WM,BRICK,SUPPO,0.02,15282.068,3,3,15282.068,0.0,0.0,0.0,0.0,764103.4
1808628,IT,WF,PLAS2,REALE,0.13,15280.821,3,3,15280.821,0.0,0.0,0.0,0.0,117544.776923
1720868,IT,PL,FURNI,93197,0.05,15279.448,3,3,15279.448,0.0,0.0,0.0,0.0,305588.96
1647699,IT,BE,INSUR,BEVER,0.31,15279.442,3,3,15279.442,0.0,0.0,0.0,0.0,49288.522581
1756006,IT,KR,COPP1,MEDIC,0.04,15279.365,3,3,15279.365,0.0,0.0,0.0,0.0,381984.125
1664832,IT,ES,OILSE,PUBLI,0.01,15279.282,3,3,15279.282,0.0,0.0,0.0,0.0,1527928.2
1786218,IT,ZA,COPP1,BITUM,0.04,15278.507,3,3,15278.507,0.0,0.0,0.0,0.0,381962.675
1739107,IT,GB,WHOLE,BASIC,0.13,15277.657,3,3,15277.657,0.0,0.0,0.0,0.0,117520.438462
1653312,IT,CZ,GLASS,MEATP,0.04,15276.927,3,3,15276.927,0.0,0.0,0.0,0.0,381923.175
1811313,IT,WM,BITU1,MEDIC,0.02,15276.828,3,3,15276.828,0.0,0.0,0.0,0.0,763841.4
1772621,IT,CH,GLASS,MOTOR,0.04,15276.342,3,3,15276.342,0.0,0.0,0.0,0.0,381908.55
1732236,IT,SI,LIQUE,CATTL,0.03,15275.726,3,3,15275.726,0.0,0.0,0.0,0.0,509190.866667
1677013,IT,FR,SUPPO,CROPS,0.11,15275.063,3,3,15275.063,0.0,0.0,0.0,0.0,138864.209091
1670670,IT,FI,LEATH,PAPE4,0.11,15273.778,4,4,15273.775,0.0,0.0,0.0,0.003,138852.527273
1774397,IT,CH,HOTEL,INERT,0.11,15273.213,3,3,15273.213,0.0,0.0,0.0,0.0,138847.390909
1671096,IT,FI,RUBBE,OILHA,0.05,15272.332,3,3,15272.332,0.0,0.0,0.0,0.0,305446.64
1765447,IT,RU,TEXTI,SALEM,0.09,15271.8,4,4,15271.798,0.0,0.0,0.0,0.002,169686.666667
1800826,IT,WE,BASIC,CERAM,0.02,15271.496,3,3,15271.496,0.0,0.0,0.0,0.0,763574.8
1670544,IT,FI,TEXTI,PRINT,0.09,15271.332,4,4,15271.33,0.0,0.0,0.0,0.002,169681.466667
1813477,IT,WM,SALEM,CHEM1,0.12,15270.385,3,3,15270.385,0.0,0.0,0.0,0.0,127253.208333
1718680,IT,PL,WOODW,NONME,0.04,15269.788,3,3,15269.788,0.0,0.0,0.0,0.0,381744.7
1720152,IT,PL,COPP1,PRINT,0.04,15269.283,3,3,15269.283,0.0,0.0,0.0,0.0,381732.075
1645991,IT,BE,NONME,CROPS,0.03,15267.91,4,4,15267.908,0.0,0.0,0.0,0.002,508930.333333
1788640,IT,WA,PRINT,CONST,0.15,15267.688,3,3,15267.688,0.0,0.0,0.0,0.0,101784.586667
1731146,IT,SI,NATUR,BUSIN,0.02,15267.579,3,3,15267.579,0.0,0.0,0.0,0.0,763378.95
1656071,IT,DE,BEVER,CEMEN,0.06,15267.5,3,3,15267.5,0.0,0.0,0.0,0.0,254458.333333
1642053,IT,AT,GLASS,MEATC,0.04,15266.782,3,3,15266.782,0.0,0.0,0.0,0.0,381669.55
1779088,IT,TR,SUPPO,CERAM,0.11,15266.245,3,3,15266.245,0.0,0.0,0.0,0.0,138784.045455
1779787,IT,TR,BUSIN,TRAN2,0.16,15265.24,3,3,15265.24,0.0,0.0,0.0,0.0,95407.75
1785143,IT,ZA,DAIRY,BUSIN,0.06,15264.994,3,3,15264.994,0.0,0.0,0.0,0.0,254416.566667
1727271,IT,RO,SUPPO,INTER,0.11,15264.898,3,3,15264.898,0.0,0.0,0.0,0.0,138771.8
1746188,IT,JP,PLAST,MEMBE,0.03,15264.464,4,4,15264.462,0.0,0.0,0.0,0.002,508815.466667
1687622,IT,HU,AIRTR,POULT,0.02,15264.277,3,3,15264.277,0.0,0.0,0.0,0.0,763213.85
1682848,IT,HR,LIQUE,OFFIC,0.03,15264.213,3,3,15264.213,0.0,0.0,0.0,0.0,508807.1
1787812,IT,WA,PROCE,NONF1,0.1,15263.929,3,3,15263.929,0.0,0.0,0.0,0.0,152639.29
1644997,IT,BE,WOODW,TEXT1,0.04,15263.773,3,3,15263.773,0.0,0.0,0.0,0.0,381594.325
1803491,IT,WF,VEGE1,PIGS9,0.05,15263.276,4,4,15263.273,0.0,0.0,0.0,0.003,305265.52
1766467,IT,RU,PREC1,COLLE,0.03,15261.129,3,3,15261.129,0.0,0.0,0.0,0.0,508704.3
1656534,IT,DE,PAPER,SALEM,0.06,15260.948,4,4,15260.946,0.0,0.0,0.0,0.002,254349.133333
1750732,IT,CN,TRANS,FISHF,0.09,15260.91,3,3,15260.91,0.0,0.0,0.0,0.0,169565.666667
1641651,IT,AT,PARAF,RESEA,0.02,15260.885,3,3,15260.885,0.0,0.0,0.0,0.0,763044.25
1727809,IT,RO,BUSIN,ALUM1,0.16,15260.8,3,3,15260.8,0.0,0.0,0.0,0.0,95380.0
1721422,IT,PL,AIRTR,COPPE,0.02,15260.646,3,3,15260.646,0.0,0.0,0.0,0.0,763032.3
1763085,IT,MX,TEXTI,BUSIN,0.09,15260.607,4,4,15260.605,0.0,0.0,0.0,0.002,169562.3
1657689,IT,DE,CERAM,FOODW,0.02,15259.949,3,3,15259.949,0.0,0.0,0.0,0.0,762997.45
1751527,IT,CN,SUPPO,INLAN,0.11,15259.811,3,3,15259.811,0.0,0.0,0.0,0.0,138725.554545
1715706,IT,NL,PLAST,MOTOR,0.03,15258.553,4,4,15258.551,0.0,0.0,0.0,0.002,508618.433333
1709906,IT,LT,NONME,SUPPO,0.03,15258.453,4,4,15258.451,0.0,0.0,0.0,0.002,508615.1
1775672,IT,TR,VEGET,BEVER,0.05,15257.921,3,3,15257.921,0.0,0.0,0.0,0.0,305158.42
1803442,IT,WF,MEAT1,NICKE,0.07,15257.816,4,4,15257.814,0.0,0.0,0.0,0.002,217968.8
1769408,IT,AU,CERAM,MEMBE,0.02,15257.356,3,3,15257.356,0.0,0.0,0.0,0.0,762867.8
1811666,IT,WM,CHEM1,GASWO,0.03,15257.336,4,4,15257.334,0.0,0.0,0.0,0.002,508577.866667
1676804,IT,FR,LANDT,BRICK,0.1,15256.351,3,3,15256.351,0.0,0.0,0.0,0.0,152563.51
1813430,IT,WM,CONST,NATUR,0.09,15256.232,3,3,15256.232,0.0,0.0,0.0,0.0,169513.688889
1663985,IT,EE,PAPER,FINAN,0.06,15255.001,4,4,15254.999,0.0,0.0,0.0,0.002,254250.016667
1718651,IT,PL,WOODW,RAWMI,0.04,15253.825,3,3,15253.825,0.0,0.0,0.0,0.0,381345.625
1791890,IT,WA,TRAN2,MEAT1,0.02,15253.517,3,3,15253.517,0.0,0.0,0.0,0.0,762675.85
1648285,IT,BE,PUBLI,NAPHT,0.25,15253.477,3,3,15253.477,0.0,0.0,0.0,0.0,61013.908
1761348,IT,IN,GLASS,MEDIC,0.04,15253.207,3,3,15253.207,0.0,0.0,0.0,0.0,381330.175
1651265,IT,CY,VEGE1,MEATP,0.05,15252.941,4,4,15252.938,0.0,0.0,0.0,0.003,305058.82
1760189,IT,BR,PAPE4,CHEM1,0.1,15251.931,3,3,15251.931,0.0,0.0,0.0,0.0,152519.31
1791590,IT,WA,RETA1,RECRE,0.16,15250.027,3,3,15250.027,0.0,0.0,0.0,0.0,95312.66875
1688080,IT,HU,COMPU,BUSIN,0.17,15249.027,3,3,15249.027,0.0,0.0,0.0,0.0,89700.158824
1784419,IT,ID,NONME,FABRI,0.03,15248.655,4,4,15248.653,0.0,0.0,0.0,0.002,508288.5
1688610,IT,IE,NONSP,NICKE,0.02,15248.304,3,3,15248.304,0.0,0.0,0.0,0.0,762415.2
1723775,IT,PT,OFFIC,PULP5,0.05,15248.249,3,3,15248.249,0.0,0.0,0.0,0.0,304964.98
1651711,IT,CY,FABRI,HOTEL,0.06,15247.903,3,3,15247.903,0.0,0.0,0.0,0.0,254131.716667
1669670,IT,ES,COMPU,PLAST,0.17,15247.708,3,3,15247.708,0.0,0.0,0.0,0.0,89692.4
1809685,IT,WM,PROCE,KEROS,0.1,15247.61,3,3,15247.61,0.0,0.0,0.0,0.0,152476.1
1791650,IT,WA,HOTEL,CERAM,0.11,15245.301,3,3,15245.301,0.0,0.0,0.0,0.0,138593.645455
1774054,IT,CH,RETAI,93197,0.12,15245.232,3,3,15245.232,0.0,0.0,0.0,0.0,127043.6
1725037,IT,RO,VEGET,MEATP,0.05,15244.679,3,3,15244.679,0.0,0.0,0.0,0.0,304893.58
1715697,IT,NL,PLAST,NATUR,0.03,15243.956,4,4,15243.954,0.0,0.0,0.0,0.002,508131.866667
1808154,IT,WF,OILHA,CRUDE,0.09,15243.946,3,3,15243.946,0.0,0.0,0.0,0.0,169377.177778
1640696,IT,AT,FISH5,COMPU,0.06,15243.916,4,4,15243.908,0.0,0.0,0.0,0.008,254065.266667
1647033,IT,BE,RETA1,RENTI,0.16,15243.882,3,3,15243.882,0.0,0.0,0.0,0.0,95274.2625
1726572,IT,RO,OFFIC,AIRTR,0.05,15243.629,3,3,15243.629,0.0,0.0,0.0,0.0,304872.58
1649901,IT,BG,FABRI,MEATP,0.06,15243.421,3,3,15243.421,0.0,0.0,0.0,0.0,254057.016667
1679462,IT,GR,CHEM1,REFI1,0.03,15243.372,4,4,15243.37,0.0,0.0,0.0,0.002,508112.4
1719439,IT,PL,RUBBE,RETAI,0.05,15243.268,3,3,15243.268,0.0,0.0,0.0,0.0,304865.36
1670600,IT,FI,WEARI,SALEM,0.11,15243.137,4,4,15243.134,0.0,0.0,0.0,0.003,138573.972727
1711165,IT,LU,FABRI,LANDT,0.06,15242.893,3,3,15242.893,0.0,0.0,0.0,0.0,254048.216667
1649801,IT,BG,PREC1,COPP1,0.03,15242.7,3,3,15242.7,0.0,0.0,0.0,0.0,508090.0
1737710,IT,GB,KEROS,NAPHT,0.02,15242.592,3,3,15242.592,0.0,0.0,0.0,0.0,762129.6
1712227,IT,LV,PAPER,MACHI,0.06,15242.043,4,4,15242.041,0.0,0.0,0.0,0.002,254034.05
1776758,IT,TR,LIQUE,BIOG1,0.03,15241.692,3,3,15241.692,0.0,0.0,0.0,0.0,508056.4
1756156,IT,KR,MACHI,PROCE,0.09,15241.358,3,3,15241.358,0.0,0.0,0.0,0.0,169348.422222
1649821,IT,BG,ALUM1,MOTOR,0.03,15241.059,3,3,15241.059,0.0,0.0,0.0,0.0,508035.3
1771397,IT,CH,FOOD5,LEATH,0.07,15240.682,3,3,15240.682,0.0,0.0,0.0,0.0,217724.028571
1717352,IT,NL,FINAN,DIST1,0.2,15240.615,3,3,15240.615,0.0,0.0,0.0,0.0,76203.075
1684031,IT,HR,HOTEL,MEAT4,0.11,15240.452,3,3,15240.452,0.0,0.0,0.0,0.0,138549.563636
1788959,IT,WA,HEAVY,CHARC,0.02,15239.72,3,3,15239.72,0.0,0.0,0.0,0.0,761986.0
1718167,IT,PL,DAIRY,MEATC,0.06,15239.326,3,3,15239.326,0.0,0.0,0.0,0.0,253988.766667
1658214,IT,DE,LEAD1,TRANS,0.03,15239.029,3,3,15239.029,0.0,0.0,0.0,0.0,507967.633333
1644195,IT,BE,CEREA,HOTEL,0.02,15238.48,3,3,15238.48,0.0,0.0,0.0,0.0,761924.0
1724568,IT,PT,POSTT,MEMBE,0.25,15237.793,3,3,15237.793,0.0,0.0,0.0,0.0,60951.172
1753613,IT,CA,MACHI,EDUCA,0.09,15237.385,3,3,15237.385,0.0,0.0,0.0,0.0,169304.277778
1809409,IT,WM,CHEMI,KERO1,0.04,15237.199,4,4,15236.199,0.0,0.0,1.0,0.0,380929.975
1782968,IT,NO,AIRTR,MEMBE,0.02,15236.834,3,3,15236.834,0.0,0.0,0.0,0.0,761841.7
1756485,IT,KR,SALEM,MACHI,0.12,15236.338,3,3,15236.338,0.0,0.0,0.0,0.0,126969.483333
1788370,IT,WA,WOODW,MEATC,0.04,15235.667,3,3,15235.667,0.0,0.0,0.0,0.0,380891.675
1773881,IT,CH,ELEC7,FINAN,0.01,15235.391,3,3,15235.391,0.0,0.0,0.0,0.0,1523539.1
1752888,IT,CA,KEROS,SEACO,0.02,15234.655,3,3,15234.655,0.0,0.0,0.0,0.0,761732.75
1786586,IT,ZA,FURNI,RECRE,0.05,15234.506,3,3,15234.506,0.0,0.0,0.0,0.0,304690.12
1663706,IT,EE,SANDC,COLLE,0.03,15234.369,4,4,15231.369,0.0,0.0,3.0,0.0,507812.3
1752874,IT,CA,MOTOR,REALE,0.02,15233.587,3,3,15233.587,0.0,0.0,0.0,0.0,761679.35
1647006,IT,BE,RETA1,BASIC,0.16,15231.538,3,3,15231.538,0.0,0.0,0.0,0.0,95197.1125
1773938,IT,CH,SALEM,PLAST,0.12,15231.487,3,3,15231.487,0.0,0.0,0.0,0.0,126929.058333
1761381,IT,IN,NONME,CRUDE,0.03,15231.303,4,4,15231.301,0.0,0.0,0.0,0.002,507710.1
1717095,IT,NL,TRAN2,NATUR,0.02,15231.23,3,3,15231.23,0.0,0.0,0.0,0.0,761561.5
1812118,IT,WM,BRICK,MEAT4,0.02,15231.09,3,3,15231.09,0.0,0.0,0.0,0.0,761554.5
1686734,IT,HU,COPP1,HOTEL,0.04,15230.965,3,3,15230.965,0.0,0.0,0.0,0.0,380774.125
1813844,IT,WM,LANDT,NATU1,0.1,15229.27,3,3,15229.27,0.0,0.0,0.0,0.0,152292.7
1674128,IT,FR,HEAVY,PETRO,0.02,15227.906,3,3,15227.906,0.0,0.0,0.0,0.0,761395.3
1754623,IT,KR,FORES,CONST,0.13,15227.571,4,4,15221.571,0.0,6.0,0.0,0.0,117135.161538
1802740,IT,WE,RESEA,MOTO1,0.08,15227.436,3,3,15227.436,0.0,0.0,0.0,0.0,190342.95
1780374,IT,TW,AIRTR,ELEC3,0.02,15227.196,3,3,15227.196,0.0,0.0,0.0,0.0,761359.8
1709558,IT,LT,WOODW,RETA1,0.04,15225.972,3,3,15225.972,0.0,0.0,0.0,0.0,380649.3
1786658,IT,ZA,WHOLE,NONME,0.13,15225.854,3,3,15225.854,0.0,0.0,0.0,0.0,117121.953846
1664275,IT,EE,BASIC,FINAN,0.02,15223.732,3,3,15223.732,0.0,0.0,0.0,0.0,761186.6
1715671,IT,NL,NONSP,REFIN,0.02,15221.913,3,3,15221.913,0.0,0.0,0.0,0.0,761095.65
1648512,IT,BG,CROPS,TOBAC,0.12,15221.264,3,3,15221.264,0.0,0.0,0.0,0.0,126843.866667
1764264,IT,MX,MACHI,ELEC6,0.08,15220.35,3,3,15220.35,0.0,0.0,0.0,0.0,190254.375
1799064,IT,WE,TEXTI,POSTT,0.09,15220.069,4,4,15220.067,0.0,0.0,0.0,0.002,169111.877778
1643584,IT,AT,INLAN,LANDT,0.02,15219.803,3,3,15219.803,0.0,0.0,0.0,0.0,760990.15
1800885,IT,WE,PREC1,BEVER,0.03,15219.148,3,3,15219.148,0.0,0.0,0.0,0.0,507304.933333
1807119,IT,WF,AIRTR,PLANT,0.02,15218.214,3,3,15218.214,0.0,0.0,0.0,0.0,760910.7
1720430,IT,PL,MACHI,PARAF,0.08,15218.141,3,3,15218.141,0.0,0.0,0.0,0.0,190226.7625
1645054,IT,BE,PAPER,GASDI,0.06,15217.911,4,4,15217.909,0.0,0.0,0.0,0.002,253631.85
1786119,IT,ZA,BASIC,CHEMI,0.02,15217.8,3,3,15217.8,0.0,0.0,0.0,0.0,760890.0
1642317,IT,AT,BASIC,NFERT,0.02,15216.296,3,3,15216.296,0.0,0.0,0.0,0.0,760814.8
1774558,IT,CH,SEACO,PROCE,0.02,15213.745,3,3,15213.745,0.0,0.0,0.0,0.0,760687.25
1778446,IT,TR,WHOLE,OFFIC,0.13,15212.761,3,3,15212.761,0.0,0.0,0.0,0.0,117021.238462
1751334,IT,CN,LANDT,MEDIC,0.1,15211.17,3,3,15211.17,0.0,0.0,0.0,0.0,152111.7
1773424,IT,CH,OFFIC,PULP5,0.05,15210.889,3,3,15210.889,0.0,0.0,0.0,0.0,304217.78
1716224,IT,NL,LEAD1,BRICK,0.03,15209.929,3,3,15209.929,0.0,0.0,0.0,0.0,506997.633333
1656595,IT,DE,PRINT,CERAM,0.15,15209.906,3,3,15209.906,0.0,0.0,0.0,0.0,101399.373333
1668922,IT,ES,INLAN,SUPPO,0.02,15209.487,3,3,15209.487,0.0,0.0,0.0,0.0,760474.35
1757645,IT,BR,HEAVY,PROCE,0.02,15209.474,3,3,15209.474,0.0,0.0,0.0,0.0,760473.7
1768104,IT,RU,BUSIN,INSUR,0.16,15208.779,3,3,15208.779,0.0,0.0,0.0,0.0,95054.86875
1811401,IT,WM,PLAST,IRONO,0.03,15207.371,4,4,15207.369,0.0,0.0,0.0,0.002,506912.366667
1722472,IT,PT,DAIRY,RESEA,0.06,15206.74,3,3,15206.74,0.0,0.0,0.0,0.0,253445.666667
1807332,IT,WF,POSTT,AIRTR,0.25,15206.609,3,3,15206.609,0.0,0.0,0.0,0.0,60826.436
1804632,IT,WF,HEAVY,RADIO,0.02,15204.895,3,3,15204.895,0.0,0.0,0.0,0.0,760244.75
1779772,IT,TR,BUSIN,ELE11,0.16,15204.704,3,3,15204.704,0.0,0.0,0.0,0.0,95029.4
1791653,IT,WA,HOTEL,NONME,0.11,15204.144,3,3,15204.144,0.0,0.0,0.0,0.0,138219.490909
1760942,IT,IN,HEAVY,ALUM1,0.02,15204.074,3,3,15204.074,0.0,0.0,0.0,0.0,760203.7
1657065,IT,DE,NONSP,BITU1,0.02,15203.387,3,3,15203.387,0.0,0.0,0.0,0.0,760169.35
1738830,IT,GB,MOTO1,RETAI,0.08,15203.297,3,3,15203.297,0.0,0.0,0.0,0.0,190041.2125
1652473,IT,CZ,WEARI,BEVER,0.11,15203.0,4,4,15202.997,0.0,0.0,0.0,0.003,138209.090909
1644940,IT,BE,WOODW,TEXTI,0.04,15202.375,3,3,15202.375,0.0,0.0,0.0,0.0,380059.375
1741407,IT,US,MOTOR,PADDY,0.02,15202.351,3,3,15202.351,0.0,0.0,0.0,0.0,760117.55
1782594,IT,NO,FURNI,TEXTI,0.05,15202.052,3,3,15202.052,0.0,0.0,0.0,0.0,304041.04
1731540,IT,SI,TEXTI,ANIMA,0.09,15201.798,4,4,15201.796,0.0,0.0,0.0,0.002,168908.866667
1734833,IT,SK,PAPER,FORES,0.06,15201.421,3,3,15201.421,0.0,0.0,0.0,0.0,253357.016667
1654757,IT,CZ,AIRTR,LANDT,0.02,15200.008,3,3,15200.008,0.0,0.0,0.0,0.0,760000.4
1656621,IT,DE,PRINT,COLLE,0.15,15199.922,3,3,15199.922,0.0,0.0,0.0,0.0,101332.813333
1762653,IT,IN,COMPU,LANDT,0.17,15199.312,3,3,15199.312,0.0,0.0,0.0,0.0,89407.717647
1709954,IT,LT,BASIC,SEACO,0.02,15198.852,3,3,15198.852,0.0,0.0,0.0,0.0,759942.6
1739157,IT,GB,RETA1,DAIRY,0.16,15197.971,3,3,15197.971,0.0,0.0,0.0,0.0,94987.31875
1640477,IT,AT,DAIRY,SALEM,0.06,15197.663,3,3,15197.663,0.0,0.0,0.0,0.0,253294.383333
1659289,IT,DE,SALEM,INTER,0.12,15197.482,3,3,15197.482,0.0,0.0,0.0,0.0,126645.683333
1643498,IT,AT,LANDT,OILHA,0.1,15196.691,3,3,15196.691,0.0,0.0,0.0,0.0,151966.91
1758532,IT,BR,MACHI,TRAN2,0.08,15196.497,3,3,15196.497,0.0,0.0,0.0,0.0,189956.2125
1768747,IT,AU,WEARI,OFFIC,0.11,15196.141,4,4,15196.138,0.0,0.0,0.0,0.003,138146.736364
1646043,IT,BE,NONME,OILHA,0.03,15196.077,4,4,15196.075,0.0,0.0,0.0,0.002,506535.9
1802686,IT,WE,RENTI,PUBLI,0.09,15196.044,3,3,15196.044,0.0,0.0,0.0,0.0,168844.933333
1788649,IT,WA,PRINT,AUXIL,0.15,15193.723,3,3,15193.723,0.0,0.0,0.0,0.0,101291.486667
1808296,IT,WF,FOOD2,LANDT,0.09,15193.463,3,3,15193.463,0.0,0.0,0.0,0.0,168816.255556
1640344,IT,AT,CHEMI,RESEA,0.04,15192.632,4,4,15191.632,0.0,0.0,1.0,0.0,379815.8
1723429,IT,PT,BASIC,INERT,0.02,15191.909,3,3,15191.909,0.0,0.0,0.0,0.0,759595.45
1791432,IT,WA,WHOLE,GASDI,0.13,15191.425,3,3,15191.425,0.0,0.0,0.0,0.0,116857.115385
1809796,IT,WM,FOOD5,BRICK,0.07,15191.376,3,3,15191.376,0.0,0.0,0.0,0.0,217019.657143
1758733,IT,BR,WHOLE,BIOGA,0.13,15191.202,3,3,15191.202,0.0,0.0,0.0,0.0,116855.4
1790099,IT,WA,BASIC,COKEO,0.02,15190.458,3,3,15190.458,0.0,0.0,0.0,0.0,759522.9
1740892,IT,US,DAIRY,93197,0.06,15190.362,3,3,15190.362,0.0,0.0,0.0,0.0,253172.7
1751869,IT,CN,COMPU,COKIN,0.17,15189.935,3,3,15189.935,0.0,0.0,0.0,0.0,89352.558824
1746736,IT,JP,FABRI,POSTT,0.06,15189.667,3,3,15189.667,0.0,0.0,0.0,0.0,253161.116667
1718844,IT,PL,PAPER,SEACO,0.06,15189.122,3,3,15189.122,0.0,0.0,0.0,0.0,253152.033333
1766042,IT,RU,CHEM1,INLAN,0.03,15188.979,4,4,15188.977,0.0,0.0,0.0,0.002,506299.3
1810718,IT,WM,MOTOR,RADIO,0.02,15188.431,3,3,15188.431,0.0,0.0,0.0,0.0,759421.55
1677672,IT,FR,RENTI,MEATC,0.09,15188.412,3,3,15188.412,0.0,0.0,0.0,0.0,168760.133333
1680845,IT,GR,LANDT,PLANT,0.1,15188.193,3,3,15188.193,0.0,0.0,0.0,0.0,151881.93
1764830,IT,MX,SEACO,ALUM1,0.02,15187.606,3,3,15187.606,0.0,0.0,0.0,0.0,759380.3
1785098,IT,ZA,CHEMI,RETA1,0.04,15187.145,4,4,15186.145,0.0,0.0,1.0,0.0,379678.625
1722639,IT,PT,TEXTI,RETAI,0.09,15186.798,4,4,15186.796,0.0,0.0,0.0,0.002,168742.2
1689301,IT,IE,RETA1,CROPS,0.16,15186.326,3,3,15186.326,0.0,0.0,0.0,0.0,94914.5375
1735686,IT,SK,FABRI,ADDIT,0.06,15185.814,3,3,15185.814,0.0,0.0,0.0,0.0,253096.9
1770008,IT,AU,FURNI,NONF1,0.05,15185.23,3,3,15185.23,0.0,0.0,0.0,0.0,303704.6
1647834,IT,BE,AUXIL,SALEM,0.28,15185.019,3,3,15185.019,0.0,0.0,0.0,0.0,54232.210714
1687999,IT,HU,RENTI,RAILW,0.09,15184.908,3,3,15184.908,0.0,0.0,0.0,0.0,168721.2
1689312,IT,IE,RETA1,LEADZ,0.16,15184.744,3,3,15184.744,0.0,0.0,0.0,0.0,94904.65
1680772,IT,GR,RETA1,RECRE,0.16,15184.527,3,3,15184.527,0.0,0.0,0.0,0.0,94903.29375
1667856,IT,ES,OFFIC,FOOD3,0.05,15184.011,3,3,15184.011,0.0,0.0,0.0,0.0,303680.22
1786816,IT,ZA,HOTEL,COLLE,0.11,15183.228,3,3,15183.228,0.0,0.0,0.0,0.0,138029.345455
1772638,IT,CH,GLASS,RADIO,0.04,15182.851,3,3,15182.851,0.0,0.0,0.0,0.0,379571.275
1729464,IT,SE,ALUM1,RAWMI,0.03,15182.466,3,3,15182.466,0.0,0.0,0.0,0.0,506082.2
1649968,IT,BG,FABRI,SEACO,0.06,15181.591,3,3,15181.591,0.0,0.0,0.0,0.0,253026.516667
1756476,IT,KR,CONST,RESEA,0.08,15180.731,3,3,15180.731,0.0,0.0,0.0,0.0,189759.1375
1657108,IT,DE,NUCLE,NUCLE,0.03,15180.519,3,3,15180.519,0.0,0.0,0.0,0.0,506017.3
1684831,IT,HU,FISHF,RENTI,0.03,15180.021,3,3,15180.021,0.0,0.0,0.0,0.0,506000.7
1771471,IT,CH,BEVER,FURNI,0.06,15179.508,3,3,15179.508,0.0,0.0,0.0,0.0,252991.8
1685074,IT,HU,SUGA1,HOTEL,0.04,15179.26,4,4,15179.257,0.0,0.0,0.0,0.003,379481.5
1681005,IT,GR,AIRTR,REFI1,0.02,15179.095,3,3,15179.095,0.0,0.0,0.0,0.0,758954.75
1718531,IT,PL,WEARI,BITUM,0.11,15178.722,4,4,15178.719,0.0,0.0,0.0,0.003,137988.381818
1646534,IT,BE,OFFIC,CHEMI,0.05,15178.049,3,3,15178.049,0.0,0.0,0.0,0.0,303560.98
1661967,IT,DK,PETRO,CHEMI,0.03,15177.915,3,3,15177.915,0.0,0.0,0.0,0.0,505930.5
1656903,IT,DE,HEAVY,HEALT,0.02,15177.362,3,3,15177.362,0.0,0.0,0.0,0.0,758868.1
1741948,IT,US,CHEM1,RETAI,0.03,15177.281,4,4,15177.279,0.0,0.0,0.0,0.002,505909.366667
1787286,IT,WA,VEGET,MEMBE,0.05,15177.269,3,3,15177.269,0.0,0.0,0.0,0.0,303545.38
1772151,IT,CH,KERO1,WOODW,0.02,15175.852,3,3,15175.852,0.0,0.0,0.0,0.0,758792.6
1790881,IT,WA,OFFIC,FORES,0.05,15175.782,3,3,15175.782,0.0,0.0,0.0,0.0,303515.64
1791185,IT,WA,FURNI,SUGA1,0.05,15175.718,3,3,15175.718,0.0,0.0,0.0,0.0,303514.36
1768987,IT,AU,PAPER,AIRTR,0.06,15175.385,3,3,15175.385,0.0,0.0,0.0,0.0,252923.083333
1750234,IT,CN,COPP1,WEARI,0.04,15175.254,3,3,15175.254,0.0,0.0,0.0,0.0,379381.35
1642691,IT,AT,MACHI,CEREA,0.08,15174.739,3,3,15174.739,0.0,0.0,0.0,0.0,189684.2375
1732770,IT,SI,NONME,NONF1,0.03,15174.22,4,4,15174.218,0.0,0.0,0.0,0.002,505807.333333
1773650,IT,CH,FURNI,CHEMI,0.05,15173.892,3,3,15173.892,0.0,0.0,0.0,0.0,303477.84
1666093,IT,ES,GASDI,WEARI,0.02,15173.316,3,3,15173.316,0.0,0.0,0.0,0.0,758665.8
1739827,IT,GB,FINAN,DAIRY,0.2,15171.528,3,3,15171.528,0.0,0.0,0.0,0.0,75857.64
1665356,IT,ES,TEXTI,PADDY,0.09,15171.443,4,4,15171.441,0.0,0.0,0.0,0.002,168571.588889
1711586,IT,LU,FINAN,POSTT,0.2,15170.678,3,3,15170.678,0.0,0.0,0.0,0.0,75853.39
1738783,IT,GB,OFFIC,RETA1,0.05,15170.236,3,3,15170.236,0.0,0.0,0.0,0.0,303404.72
1791822,IT,WA,LANDT,PLAST,0.1,15169.732,3,3,15169.732,0.0,0.0,0.0,0.0,151697.32
1725511,IT,RO,LEATH,FOOD5,0.11,15168.86,4,4,15168.857,0.0,0.0,0.0,0.003,137898.727273
1747384,IT,JP,RETA1,PUBLI,0.16,15168.078,3,3,15168.078,0.0,0.0,0.0,0.0,94800.4875
1750483,IT,CN,MACHI,BITU1,0.08,15168.057,3,3,15168.057,0.0,0.0,0.0,0.0,189600.7125
1745070,IT,US,PUBLI,COLLE,0.25,15167.967,3,3,15167.967,0.0,0.0,0.0,0.0,60671.868
1688418,IT,IE,BEVER,SALEM,0.06,15167.533,3,3,15167.533,0.0,0.0,0.0,0.0,252792.216667
1672921,IT,FR,VEGE1,93197,0.05,15167.26,4,4,15167.257,0.0,0.0,0.0,0.003,303345.2
1729912,IT,SE,FURNI,PLAST,0.05,15166.875,3,3,15166.875,0.0,0.0,0.0,0.0,303337.5
1796500,IT,WL,RETA1,PLAST,0.16,15165.866,3,3,15165.866,0.0,0.0,0.0,0.0,94786.6625
1758836,IT,BR,HOTEL,MEATC,0.11,15165.445,3,3,15165.445,0.0,0.0,0.0,0.0,137867.681818
1644800,IT,BE,TEXTI,FORES,0.09,15165.214,4,4,15165.212,0.0,0.0,0.0,0.002,168502.377778
1789596,IT,WA,RUBBE,FORES,0.05,15164.634,3,3,15164.634,0.0,0.0,0.0,0.0,303292.68
1752303,IT,CA,CHEMI,WOODW,0.04,15163.905,4,4,15162.905,0.0,0.0,1.0,0.0,379097.625
1650617,IT,BG,ELE11,PAPER,0.22,15162.504,4,4,15162.496,0.0,0.0,0.0,0.008,68920.472727
1727436,IT,RO,FINAN,HEALT,0.2,15162.326,3,3,15162.326,0.0,0.0,0.0,0.0,75811.63
1766958,IT,RU,MOTO1,NONF1,0.08,15161.984,3,3,15161.984,0.0,0.0,0.0,0.0,189524.8
1766350,IT,RU,NONME,REALE,0.03,15161.019,4,4,15161.017,0.0,0.0,0.0,0.002,505367.3
1721568,IT,PL,SUPPO,93197,0.11,15160.51,3,3,15160.51,0.0,0.0,0.0,0.0,137822.818182
1793872,IT,WL,TEXTI,INLAN,0.09,15160.441,4,4,15160.439,0.0,0.0,0.0,0.002,168449.344444
1640982,IT,AT,WOODW,SALEM,0.04,15157.609,3,3,15157.609,0.0,0.0,0.0,0.0,378940.225
1794391,IT,WL,KEROS,RETAI,0.02,15157.418,3,3,15157.418,0.0,0.0,0.0,0.0,757870.9
1645747,IT,BE,RUBBE,NAPHT,0.05,15157.277,3,3,15157.277,0.0,0.0,0.0,0.0,303145.54
1754492,IT,CA,BUSIN,KEROS,0.16,15156.747,3,3,15156.747,0.0,0.0,0.0,0.0,94729.66875
1762218,IT,IN,SEACO,COLLE,0.02,15156.326,3,3,15156.326,0.0,0.0,0.0,0.0,757816.3
1777521,IT,TR,BASIC,STEAM,0.02,15156.09,3,3,15156.09,0.0,0.0,0.0,0.0,757804.5
1716056,IT,NL,NONME,93197,0.03,15155.197,4,4,15155.195,0.0,0.0,0.0,0.002,505173.233333
1681724,IT,HR,CRUDE,MEATP,0.03,15154.75,3,3,15154.75,0.0,0.0,0.0,0.0,505158.333333
1805484,IT,WF,GLASS,MEMBE,0.04,15154.493,3,3,15154.493,0.0,0.0,0.0,0.0,378862.325
1803755,IT,WF,FISH5,93197,0.06,15154.415,4,4,15154.407,0.0,0.0,0.0,0.008,252573.583333
1801592,IT,WE,TRANS,MOTO1,0.09,15153.789,3,3,15153.789,0.0,0.0,0.0,0.0,168375.433333
1671191,IT,FI,NONME,MEAT1,0.03,15152.067,4,4,15152.065,0.0,0.0,0.0,0.002,505068.9
1650063,IT,BG,MACHI,ELEC5,0.08,15152.061,3,3,15152.061,0.0,0.0,0.0,0.0,189400.7625
1719570,IT,PL,GLASS,INTER,0.04,15151.79,3,3,15151.79,0.0,0.0,0.0,0.0,378794.75
1776449,IT,TR,MOTOR,BEVER,0.02,15151.069,3,3,15151.069,0.0,0.0,0.0,0.0,757553.45
1736467,IT,SK,LANDT,INERT,0.1,15150.348,3,3,15150.348,0.0,0.0,0.0,0.0,151503.48
1642776,IT,AT,MACHI,RAILW,0.08,15149.149,3,3,15149.149,0.0,0.0,0.0,0.0,189364.3625
1767451,IT,RU,LANDT,COMPU,0.1,15148.657,3,3,15148.657,0.0,0.0,0.0,0.0,151486.57
1733323,IT,SI,MOTO1,COMPU,0.08,15147.824,3,3,15147.824,0.0,0.0,0.0,0.0,189347.8
1742203,IT,US,GLASS,INSUR,0.04,15146.128,3,3,15146.128,0.0,0.0,0.0,0.0,378653.2
1735126,IT,SK,CHEM1,FOOD3,0.03,15145.863,4,4,15145.861,0.0,0.0,0.0,0.002,504862.1
1734187,IT,SI,REALE,WHOLE,0.64,15145.668,3,3,15145.668,0.0,0.0,0.0,0.0,23665.10625
1655471,IT,DE,FISHF,MOTO1,0.03,15145.534,3,3,15145.534,0.0,0.0,0.0,0.0,504851.133333
1743085,IT,US,MOTO1,MEATC,0.08,15144.333,3,3,15144.333,0.0,0.0,0.0,0.0,189304.1625
1673839,IT,FR,PRINT,FURNI,0.15,15144.006,3,3,15144.006,0.0,0.0,0.0,0.0,100960.04
1746974,IT,JP,MOTO1,AUXIL,0.08,15143.411,3,3,15143.411,0.0,0.0,0.0,0.0,189292.6375
1688927,IT,IE,FABRI,LIQUE,0.06,15143.333,3,3,15143.333,0.0,0.0,0.0,0.0,252388.883333
1661580,IT,DK,BEVER,TRANS,0.06,15142.908,3,3,15142.908,0.0,0.0,0.0,0.0,252381.8
1652049,IT,CZ,MEATA,FOOD5,0.08,15142.031,4,4,15142.029,0.0,0.0,0.0,0.002,189275.3875
1735125,IT,SK,CHEM1,FOOD2,0.03,15141.39,4,4,15141.388,0.0,0.0,0.0,0.002,504713.0
1777481,IT,TR,BASIC,COKEO,0.02,15141.358,3,3,15141.358,0.0,0.0,0.0,0.0,757067.9
1787794,IT,WA,DAIRY,PRIVA,0.06,15140.543,3,3,15140.543,0.0,0.0,0.0,0.0,252342.383333
1782481,IT,NO,MACHI,POSTT,0.08,15140.435,3,3,15140.435,0.0,0.0,0.0,0.0,189255.4375
1739784,IT,GB,POSTT,MOTO1,0.25,15139.425,3,3,15139.425,0.0,0.0,0.0,0.0,60557.7
1658910,IT,DE,FURNI,CEMEN,0.05,15139.335,3,3,15139.335,0.0,0.0,0.0,0.0,302786.7
1769101,IT,AU,PLAST,LANDT,0.03,15138.995,4,4,15138.993,0.0,0.0,0.0,0.002,504633.166667
1709470,IT,LT,TEXTI,SUPPO,0.09,15137.371,4,4,15137.369,0.0,0.0,0.0,0.002,168193.011111
1756520,IT,KR,WHOLE,GLASS,0.13,15136.777,3,3,15136.777,0.0,0.0,0.0,0.0,116436.746154
1802310,IT,WE,TRAN2,BITUM,0.02,15136.723,3,3,15136.723,0.0,0.0,0.0,0.0,756836.15
1812530,IT,WM,ALUM1,ETHAN,0.03,15136.679,3,3,15136.679,0.0,0.0,0.0,0.0,504555.966667
1742670,IT,US,COPP1,RECRE,0.04,15136.149,3,3,15136.149,0.0,0.0,0.0,0.0,378403.725
1651499,IT,CY,HEAVY,RETA1,0.02,15135.716,3,3,15135.716,0.0,0.0,0.0,0.0,756785.8
1731615,IT,SI,WEARI,BUSIN,0.11,15135.608,4,4,15135.605,0.0,0.0,0.0,0.003,137596.436364
1731991,IT,SI,KEROS,SANDC,0.02,15133.948,3,3,15133.948,0.0,0.0,0.0,0.0,756697.4
1746442,IT,JP,GLASS,LIQUE,0.04,15133.881,3,3,15133.881,0.0,0.0,0.0,0.0,378347.025
1719697,IT,PL,NONME,PFERT,0.03,15132.697,4,4,15132.695,0.0,0.0,0.0,0.002,504423.233333
1713867,IT,MT,ELEC4,CERAM,0.24,15130.436,3,3,15130.436,0.0,0.0,0.0,0.0,63043.483333
1789932,IT,WA,CEMEN,GLASS,0.02,15129.503,3,3,15129.503,0.0,0.0,0.0,0.0,756475.15
1764371,IT,MX,MOTO1,GLASS,0.08,15128.645,3,3,15128.645,0.0,0.0,0.0,0.0,189108.0625
1672786,IT,FR,MEATP,WHOLE,0.06,15128.269,4,4,15128.267,0.0,0.0,0.0,0.002,252137.816667
1750270,IT,CN,COPP1,ELEC5,0.04,15128.065,3,3,15128.065,0.0,0.0,0.0,0.0,378201.625
1661563,IT,DK,BEVER,KEROS,0.06,15127.685,3,3,15127.685,0.0,0.0,0.0,0.0,252128.083333
1791818,IT,WA,LANDT,GASDI,0.1,15127.032,3,3,15127.032,0.0,0.0,0.0,0.0,151270.32
1809313,IT,WM,STONE,PLAST,0.05,15126.719,4,4,15125.719,0.0,0.0,1.0,0.0,302534.38
1683830,IT,HR,MOTO1,TEXTI,0.08,15126.55,3,3,15126.55,0.0,0.0,0.0,0.0,189081.875
1740097,IT,GB,COMPU,BEVER,0.17,15124.865,3,3,15124.865,0.0,0.0,0.0,0.0,88969.794118
1738952,IT,GB,FURNI,WOOD2,0.05,15124.139,3,3,15124.139,0.0,0.0,0.0,0.0,302482.78
1779555,IT,TR,COMPU,PAPER,0.17,15124.08,3,3,15124.08,0.0,0.0,0.0,0.0,88965.176471
1690176,IT,IE,BUSIN,MEATP,0.16,15123.912,3,3,15123.912,0.0,0.0,0.0,0.0,94524.45
1671549,IT,FI,OFFIC,FINAN,0.05,15122.796,3,3,15122.796,0.0,0.0,0.0,0.0,302455.92
1813016,IT,WM,MACHI,INLAN,0.08,15122.662,3,3,15122.662,0.0,0.0,0.0,0.0,189033.275
1734741,IT,SK,LEATH,RESEA,0.11,15122.636,4,4,15122.633,0.0,0.0,0.0,0.003,137478.509091
1683707,IT,HR,MACHI,MEAT1,0.08,15122.616,3,3,15122.616,0.0,0.0,0.0,0.0,189032.7
1760864,IT,IN,GASDI,VEGET,0.02,15122.447,3,3,15122.447,0.0,0.0,0.0,0.0,756122.35
1812109,IT,WM,CERAM,INERT,0.02,15121.247,3,3,15121.247,0.0,0.0,0.0,0.0,756062.35
1644531,IT,BE,DAIRY,INTER,0.06,15120.502,3,3,15120.502,0.0,0.0,0.0,0.0,252008.366667
1760484,IT,IN,TEXTI,MACHI,0.09,15119.901,4,4,15119.899,0.0,0.0,0.0,0.002,167998.9
1773628,IT,CH,TRANS,INSUR,0.09,15119.275,3,3,15119.275,0.0,0.0,0.0,0.0,167991.944444
1736501,IT,SK,INLAN,WHOLE,0.02,15119.244,3,3,15119.244,0.0,0.0,0.0,0.0,755962.2
1767008,IT,RU,TRANS,BASIC,0.09,15118.48,3,3,15118.48,0.0,0.0,0.0,0.0,167983.111111
1665906,IT,ES,COALT,PETRO,0.02,15117.946,3,3,15117.946,0.0,0.0,0.0,0.0,755897.3
1767935,IT,RU,RENTI,BUSIN,0.09,15117.221,3,3,15117.221,0.0,0.0,0.0,0.0,167969.122222
1717976,IT,PL,SANDC,ELECT,0.03,15117.211,4,4,15114.211,0.0,0.0,3.0,0.0,503907.033333
1676919,IT,FR,INLAN,NUCLE,0.02,15116.793,3,3,15116.793,0.0,0.0,0.0,0.0,755839.65
1645573,IT,BE,CHEM1,MEAT4,0.03,15116.276,4,4,15116.274,0.0,0.0,0.0,0.002,503875.866667
1731231,IT,SI,MEATC,RETA1,0.05,15116.008,3,3,15116.008,0.0,0.0,0.0,0.0,302320.16
1814055,IT,WM,AIRTR,OILSE,0.02,15115.442,3,3,15115.442,0.0,0.0,0.0,0.0,755772.1
1650744,IT,BG,HOTEL,HOTEL,0.11,15115.167,3,3,15115.167,0.0,0.0,0.0,0.0,137410.609091
1799738,IT,WE,KEROS,PFERT,0.02,15114.81,3,3,15114.81,0.0,0.0,0.0,0.0,755740.5
1777656,IT,TR,LEAD1,NONME,0.03,15114.514,3,3,15114.514,0.0,0.0,0.0,0.0,503817.133333
1765185,IT,MX,BUSIN,COLLE,0.16,15113.88,3,3,15113.88,0.0,0.0,0.0,0.0,94461.75
1642126,IT,AT,CERAM,DAIRY,0.02,15113.435,3,3,15113.435,0.0,0.0,0.0,0.0,755671.75
1651521,IT,CY,PLAST,HEALT,0.03,15113.149,4,4,15113.147,0.0,0.0,0.0,0.002,503771.633333
1804957,IT,WF,NONSP,LANDT,0.02,15112.813,3,3,15112.813,0.0,0.0,0.0,0.0,755640.65
1771475,IT,CH,BEVER,DISTR,0.06,15111.984,3,3,15111.984,0.0,0.0,0.0,0.0,251866.4
1814504,IT,WM,RESEA,OFFIC,0.08,15110.852,3,3,15110.852,0.0,0.0,0.0,0.0,188885.65
1688077,IT,HU,COMPU,RENTI,0.17,15110.315,3,3,15110.315,0.0,0.0,0.0,0.0,88884.205882
1669061,IT,ES,SUPPO,ELECT,0.11,15110.046,3,3,15110.046,0.0,0.0,0.0,0.0,137364.054545
1774655,IT,CH,AIRTR,MEDIC,0.02,15109.964,3,3,15109.964,0.0,0.0,0.0,0.0,755498.2
1785009,IT,ID,BUSIN,SUBBI,0.16,15109.848,3,3,15109.848,0.0,0.0,0.0,0.0,94436.55
1755302,IT,KR,PAPER,SEACO,0.06,15109.712,3,3,15109.712,0.0,0.0,0.0,0.0,251828.533333
1802756,IT,WE,RESEA,BUSIN,0.08,15109.711,3,3,15109.711,0.0,0.0,0.0,0.0,188871.3875
1757698,IT,BR,HEAVY,LANDT,0.02,15109.276,3,3,15109.276,0.0,0.0,0.0,0.0,755463.8
1686107,IT,HU,RUBBE,SECO9,0.05,15109.22,3,3,15109.22,0.0,0.0,0.0,0.0,302184.4
1805610,IT,WF,NONME,BITUM,0.03,15109.186,4,4,15109.184,0.0,0.0,0.0,0.002,503639.533333
1727249,IT,RO,SUPPO,ELEC4,0.11,15108.761,3,3,15108.761,0.0,0.0,0.0,0.0,137352.372727
1747798,IT,JP,AUXIL,REALE,0.28,15107.178,3,3,15107.178,0.0,0.0,0.0,0.0,53954.207143
1687489,IT,HU,LANDT,RAWMI,0.1,15106.572,3,3,15106.572,0.0,0.0,0.0,0.0,151065.72
1720245,IT,PL,FABRI,SUGAR,0.06,15106.571,3,3,15106.571,0.0,0.0,0.0,0.0,251776.183333
1664605,IT,EE,RAILW,SUPPO,0.1,15106.458,3,3,15106.458,0.0,0.0,0.0,0.0,151064.58
1680929,IT,GR,TRAN2,AVIAT,0.02,15106.26,3,3,15106.26,0.0,0.0,0.0,0.0,755313.0
1713074,IT,MT,DAIRY,FOOD5,0.06,15106.179,3,3,15106.179,0.0,0.0,0.0,0.0,251769.65
1741401,IT,US,PRINT,FOOD3,0.14,15106.146,3,3,15106.146,0.0,0.0,0.0,0.0,107901.042857
1676286,IT,FR,SALEM,OILHA,0.12,15104.041,3,3,15104.041,0.0,0.0,0.0,0.0,125867.008333
1719674,IT,PL,NONME,BITUM,0.03,15101.705,4,4,15101.703,0.0,0.0,0.0,0.002,503390.166667
1727050,IT,RO,RAILW,MACHI,0.1,15100.834,3,3,15100.834,0.0,0.0,0.0,0.0,151008.34
1656315,IT,DE,LEATH,RAILW,0.11,15100.355,4,4,15100.352,0.0,0.0,0.0,0.003,137275.954545
1686609,IT,HU,ALUM1,WOOD2,0.03,15099.91,3,3,15099.91,0.0,0.0,0.0,0.0,503330.333333
1773883,IT,CH,ELEC7,RESEA,0.01,15099.065,3,3,15099.065,0.0,0.0,0.0,0.0,1509906.5
1686364,IT,HU,BASIC,VEGET,0.02,15099.01,3,3,15099.01,0.0,0.0,0.0,0.0,754950.5
1670824,IT,FI,HEAVY,KEROS,0.02,15098.423,3,3,15098.423,0.0,0.0,0.0,0.0,754921.15
1759875,IT,BR,PAPE1,NICKE,0.11,15098.412,3,3,15098.412,0.0,0.0,0.0,0.0,137258.290909
1723019,IT,PT,PLAST,NONME,0.03,15098.033,4,4,15098.031,0.0,0.0,0.0,0.002,503267.766667
1795457,IT,WL,PREC1,NONME,0.03,15097.826,3,3,15097.826,0.0,0.0,0.0,0.0,503260.866667
1746384,IT,JP,RUBBE,COPP1,0.05,15097.511,3,3,15097.511,0.0,0.0,0.0,0.0,301950.22
1787255,IT,WA,VEGET,BASIC,0.05,15097.211,3,3,15097.211,0.0,0.0,0.0,0.0,301944.22
1668942,IT,ES,AIRTR,REFI1,0.02,15096.876,3,3,15096.876,0.0,0.0,0.0,0.0,754843.8
1758396,IT,BR,FABRI,BIODI,0.06,15095.861,3,3,15095.861,0.0,0.0,0.0,0.0,251597.683333
1653968,IT,CZ,MACHI,TOBAC,0.08,15095.524,3,3,15095.524,0.0,0.0,0.0,0.0,188694.05
1661530,IT,DK,FOOD5,EDUCA,0.07,15095.305,3,3,15095.305,0.0,0.0,0.0,0.0,215647.214286
1747308,IT,JP,WHOLE,INLAN,0.13,15093.523,3,3,15093.523,0.0,0.0,0.0,0.0,116104.023077
1764809,IT,MX,LANDT,HEALT,0.1,15093.444,3,3,15093.444,0.0,0.0,0.0,0.0,150934.44
1650722,IT,BG,HOTEL,RUBBE,0.11,15092.887,3,3,15092.887,0.0,0.0,0.0,0.0,137208.063636
1773396,IT,CH,MACHI,INERT,0.08,15092.764,3,3,15092.764,0.0,0.0,0.0,0.0,188659.55
1670401,IT,FI,FOOD5,CATTL,0.07,15092.63,3,3,15092.63,0.0,0.0,0.0,0.0,215609.0
1670782,IT,FI,PRINT,BASIC,0.14,15092.541,3,3,15092.541,0.0,0.0,0.0,0.0,107803.864286
1718050,IT,PL,MEATC,WHOLE,0.05,15091.921,3,3,15091.921,0.0,0.0,0.0,0.0,301838.42
1753253,IT,CA,CEMEN,NATUR,0.02,15091.447,3,3,15091.447,0.0,0.0,0.0,0.0,754572.35
1678336,IT,FR,WASTE,FOOD2,0.05,15091.267,3,3,15091.267,0.0,0.0,0.0,0.0,301825.34
1684043,IT,HR,HOTEL,PULP5,0.11,15090.867,3,3,15090.867,0.0,0.0,0.0,0.0,137189.7
1716609,IT,NL,SALEM,COLLE,0.12,15090.379,3,3,15090.379,0.0,0.0,0.0,0.0,125753.158333
1659429,IT,DE,WHOLE,ELEC4,0.13,15090.024,3,3,15090.024,0.0,0.0,0.0,0.0,116077.107692
1755619,IT,KR,ADDIT,BITU1,0.03,15089.83,3,3,15089.83,0.0,0.0,0.0,0.0,502994.333333
1739201,IT,GB,RETA1,ELEC3,0.16,15089.571,3,3,15089.571,0.0,0.0,0.0,0.0,94309.81875
1785415,IT,ZA,PAPER,FABRI,0.06,15089.547,3,3,15089.547,0.0,0.0,0.0,0.0,251492.45
1646821,IT,BE,SALEM,PUBLI,0.12,15088.811,3,3,15088.811,0.0,0.0,0.0,0.0,125740.091667
1641824,IT,AT,CHEM1,RAILW,0.03,15088.808,4,4,15088.806,0.0,0.0,0.0,0.002,502960.266667
1793558,IT,WL,MEAT4,BIOGA,0.08,15087.187,3,3,15087.187,0.0,0.0,0.0,0.0,188589.8375
1797099,IT,WL,POSTT,MEATC,0.25,15087.058,3,3,15087.058,0.0,0.0,0.0,0.0,60348.232
1786778,IT,ZA,HOTEL,LEATH,0.11,15086.538,3,3,15086.538,0.0,0.0,0.0,0.0,137150.345455
1754773,IT,KR,SUGA1,FOOD5,0.04,15086.399,4,4,15086.396,0.0,0.0,0.0,0.003,377159.975
1800831,IT,WE,BASIC,PREC1,0.02,15086.332,3,3,15086.332,0.0,0.0,0.0,0.0,754316.6
1669682,IT,ES,COMPU,OFFIC,0.17,15086.296,3,3,15086.296,0.0,0.0,0.0,0.0,88742.917647
1716738,IT,NL,RETA1,MEAT4,0.16,15085.291,3,3,15085.291,0.0,0.0,0.0,0.0,94283.06875
1730172,IT,SE,LANDT,CHEM1,0.1,15085.264,3,3,15085.264,0.0,0.0,0.0,0.0,150852.64
1774075,IT,CH,WHOLE,MEAT4,0.13,15085.159,3,3,15085.159,0.0,0.0,0.0,0.0,116039.684615
1651180,IT,BG,BUSIN,RUBBE,0.15,15085.054,3,3,15085.054,0.0,0.0,0.0,0.0,100567.026667
1780091,IT,TW,WHOLE,COMPU,0.13,15084.991,3,3,15084.991,0.0,0.0,0.0,0.0,116038.392308
1710982,IT,LU,GLASS,RAILW,0.04,15084.287,3,3,15084.287,0.0,0.0,0.0,0.0,377107.175
1785473,IT,ZA,PRINT,COMPU,0.14,15084.275,3,3,15084.275,0.0,0.0,0.0,0.0,107744.821429
1689793,IT,IE,INSUR,PAPER,0.31,15083.132,3,3,15083.132,0.0,0.0,0.0,0.0,48655.264516
1711027,IT,LU,NONME,WHOLE,0.03,15082.453,4,4,15082.451,0.0,0.0,0.0,0.002,502748.433333
1666816,IT,ES,RUBBE,PAPE2,0.05,15081.663,3,3,15081.663,0.0,0.0,0.0,0.0,301633.26
1685119,IT,HU,FOOD5,SECO9,0.07,15081.493,3,3,15081.493,0.0,0.0,0.0,0.0,215449.9
1664899,IT,ES,CRUDE,REFIN,0.03,15081.441,3,3,15081.441,0.0,0.0,0.0,0.0,502714.7
1772700,IT,CH,CERAM,SALEM,0.02,15081.167,3,3,15081.167,0.0,0.0,0.0,0.0,754058.35
1770187,IT,AU,RETA1,HEALT,0.16,15079.244,3,3,15079.244,0.0,0.0,0.0,0.0,94245.275
1641012,IT,AT,PULP5,TEXTI,0.05,15078.372,3,3,15078.372,0.0,0.0,0.0,0.0,301567.44
1777579,IT,TR,ALUM1,PRECI,0.03,15077.589,3,3,15077.589,0.0,0.0,0.0,0.0,502586.3
1790900,IT,WA,OFFIC,WOODW,0.05,15077.171,3,3,15077.171,0.0,0.0,0.0,0.0,301543.42
1772329,IT,CH,PLAST,ELECT,0.03,15077.07,4,4,15077.068,0.0,0.0,0.0,0.002,502569.0
1736486,IT,SK,INLAN,FOOD5,0.02,15076.902,3,3,15076.902,0.0,0.0,0.0,0.0,753845.1
1652234,IT,CZ,FOOD5,SUGA1,0.07,15076.716,3,3,15076.716,0.0,0.0,0.0,0.0,215381.657143
1811078,IT,WM,HEAVY,COPP1,0.02,15075.74,3,3,15075.74,0.0,0.0,0.0,0.0,753787.0
1744003,IT,US,AIRTR,BRICK,0.02,15075.275,3,3,15075.275,0.0,0.0,0.0,0.0,753763.75
1656056,IT,DE,BEVER,KEROS,0.06,15074.513,3,3,15074.513,0.0,0.0,0.0,0.0,251241.883333
1642148,IT,AT,CERAM,COPP1,0.02,15074.391,3,3,15074.391,0.0,0.0,0.0,0.0,753719.55
1790173,IT,WA,BASIC,WASTE,0.02,15073.388,3,3,15073.388,0.0,0.0,0.0,0.0,753669.4
1770338,IT,AU,RAILW,BITUM,0.1,15071.51,3,3,15071.51,0.0,0.0,0.0,0.0,150715.1
1767157,IT,RU,WHOLE,BITUM,0.13,15071.196,3,3,15071.196,0.0,0.0,0.0,0.0,115932.276923
1753549,IT,CA,MACHI,WHITE,0.08,15070.821,3,3,15070.821,0.0,0.0,0.0,0.0,188385.2625
1725241,IT,RO,FOOD5,FABRI,0.07,15069.791,3,3,15069.791,0.0,0.0,0.0,0.0,215282.728571
1778750,IT,TR,LANDT,ANIMA,0.1,15069.37,3,3,15069.37,0.0,0.0,0.0,0.0,150693.7
1778911,IT,TR,SEACO,NONSP,0.02,15069.067,3,3,15069.067,0.0,0.0,0.0,0.0,753453.35
1740557,IT,US,VEGET,WHOLE,0.05,15069.054,3,3,15069.054,0.0,0.0,0.0,0.0,301381.08
1814013,IT,WM,SEACO,ELECT,0.02,15068.424,3,3,15068.424,0.0,0.0,0.0,0.0,753421.2
1811718,IT,WM,ADDIT,COKIN,0.03,15068.176,3,3,15068.176,0.0,0.0,0.0,0.0,502272.533333
1640178,IT,AT,VEGET,RENTI,0.05,15067.897,3,3,15067.897,0.0,0.0,0.0,0.0,301357.94
1719345,IT,PL,BIODI,INLAN,0.03,15067.745,4,4,15067.743,0.0,0.0,0.0,0.002,502258.166667
1677289,IT,FR,FINAN,COPP1,0.2,15066.997,3,3,15066.997,0.0,0.0,0.0,0.0,75334.985
1794802,IT,WL,PLAST,ADDIT,0.03,15066.941,4,4,15066.939,0.0,0.0,0.0,0.002,502231.366667
1719063,IT,PL,LIQUE,PUBLI,0.03,15066.873,3,3,15066.873,0.0,0.0,0.0,0.0,502229.1
1643140,IT,AT,RETA1,BASIC,0.16,15066.589,3,3,15066.589,0.0,0.0,0.0,0.0,94166.18125
1793576,IT,WL,VEGE1,CROPS,0.05,15065.079,4,4,15065.076,0.0,0.0,0.0,0.003,301301.58
1786872,IT,ZA,SEACO,COPP1,0.02,15065.041,3,3,15065.041,0.0,0.0,0.0,0.0,753252.05
1727267,IT,RO,SUPPO,RENTI,0.11,15064.887,3,3,15064.887,0.0,0.0,0.0,0.0,136953.518182
1735075,IT,SK,CHEM1,CHEM1,0.03,15064.243,4,4,15064.241,0.0,0.0,0.0,0.002,502141.433333
1797484,IT,WL,RESEA,HEALT,0.08,15063.905,3,3,15063.905,0.0,0.0,0.0,0.0,188298.8125
1803384,IT,WF,CHEMI,LEAD1,0.04,15063.216,4,4,15062.216,0.0,0.0,1.0,0.0,376580.4
1765793,IT,RU,MOTOR,ELEC1,0.02,15063.016,3,3,15063.016,0.0,0.0,0.0,0.0,753150.8
1772969,IT,CH,PREC1,COLLE,0.03,15062.634,3,3,15062.634,0.0,0.0,0.0,0.0,502087.8
1788288,IT,WA,LEATH,BRICK,0.11,15062.119,4,4,15062.116,0.0,0.0,0.0,0.003,136928.354545
1641880,IT,AT,BIODI,PULP5,0.03,15062.071,4,4,15062.069,0.0,0.0,0.0,0.002,502069.033333
1722703,IT,PT,WOODW,VEGET,0.04,15061.834,3,3,15061.834,0.0,0.0,0.0,0.0,376545.85
1765625,IT,RU,WOODW,STEAM,0.04,15061.629,3,3,15061.629,0.0,0.0,0.0,0.0,376540.725
1679199,IT,GR,PRINT,HEALT,0.14,15060.898,3,3,15060.898,0.0,0.0,0.0,0.0,107577.842857
1783795,IT,NO,INERT,CRUDE,0.11,15060.291,3,3,15060.291,0.0,0.0,0.0,0.0,136911.736364
1766380,IT,RU,BASIC,PAPER,0.02,15060.271,3,3,15060.271,0.0,0.0,0.0,0.0,753013.55
1652934,IT,CZ,HEAVY,OILSE,0.02,15059.66,3,3,15059.66,0.0,0.0,0.0,0.0,752983.0
1674991,IT,FR,PREC1,CHARC,0.03,15058.375,3,3,15058.375,0.0,0.0,0.0,0.0,501945.833333
1801896,IT,WE,CONST,SALEM,0.08,15057.988,3,3,15057.988,0.0,0.0,0.0,0.0,188224.85
1791687,IT,WA,HOTEL,INLAN,0.11,15057.727,3,3,15057.727,0.0,0.0,0.0,0.0,136888.427273
1761656,IT,IN,FABRI,CERAM,0.06,15056.004,3,3,15056.004,0.0,0.0,0.0,0.0,250933.4
1737258,IT,GB,FOOD5,WOODW,0.07,15055.084,3,3,15055.084,0.0,0.0,0.0,0.0,215072.628571
1794794,IT,WL,PLAST,REFI1,0.03,15054.313,4,4,15054.311,0.0,0.0,0.0,0.002,501810.433333
1811591,IT,WM,CHEM1,IRONO,0.03,15053.978,4,4,15053.976,0.0,0.0,0.0,0.002,501799.266667
1731730,IT,SI,PULP5,FOUND,0.05,15053.975,3,3,15053.975,0.0,0.0,0.0,0.0,301079.5
1808615,IT,WF,PLAS2,CONST,0.13,15053.43,3,3,15053.43,0.0,0.0,0.0,0.0,115795.615385
1760427,IT,IN,FOOD5,FISH5,0.07,15053.405,3,3,15053.405,0.0,0.0,0.0,0.0,215048.642857
1680164,IT,GR,MOTO1,MOTO1,0.08,15053.209,3,3,15053.209,0.0,0.0,0.0,0.0,188165.1125
1716514,IT,NL,OFFIC,FOOD2,0.05,15053.013,3,3,15053.013,0.0,0.0,0.0,0.0,301060.26
1678669,IT,GR,MEAT4,WHOLE,0.08,15052.607,3,3,15052.607,0.0,0.0,0.0,0.0,188157.5875
1685686,IT,HU,HEAVY,RENTI,0.02,15051.805,3,3,15051.805,0.0,0.0,0.0,0.0,752590.25
1640617,IT,AT,BEVER,PULP5,0.06,15049.582,3,3,15049.582,0.0,0.0,0.0,0.0,250826.366667
1803779,IT,WF,TEXTI,NICKE,0.09,15049.359,4,4,15049.357,0.0,0.0,0.0,0.002,167215.1
1746134,IT,JP,HEAVY,ELEC6,0.02,15049.338,3,3,15049.338,0.0,0.0,0.0,0.0,752466.9
1665251,IT,ES,BEVER,MEAT4,0.06,15049.16,3,3,15049.16,0.0,0.0,0.0,0.0,250819.333333
1798059,IT,WL,MEMBE,EDUCA,0.18,15048.78,3,3,15048.78,0.0,0.0,0.0,0.0,83604.333333
1783454,IT,NO,TEXT1,RENTI,0.11,15048.697,3,3,15048.697,0.0,0.0,0.0,0.0,136806.336364
1758883,IT,BR,HOTEL,TRANS,0.11,15047.972,3,3,15047.972,0.0,0.0,0.0,0.0,136799.745455
1646018,IT,BE,NONME,COPP1,0.03,15047.433,4,4,15047.431,0.0,0.0,0.0,0.002,501581.1
1714510,IT,NL,CRUDE,PRINT,0.03,15046.927,3,3,15046.927,0.0,0.0,0.0,0.0,501564.233333
1766059,IT,RU,CHEM1,PLAS2,0.03,15046.209,4,4,15046.207,0.0,0.0,0.0,0.002,501540.3
1770117,IT,AU,WHOLE,LANDT,0.13,15046.128,3,3,15046.128,0.0,0.0,0.0,0.0,115739.446154
1640340,IT,AT,CHEMI,CONST,0.04,15045.578,4,4,15044.578,0.0,0.0,1.0,0.0,376139.45
1712615,IT,LV,OFFIC,LANDT,0.05,15045.328,3,3,15045.328,0.0,0.0,0.0,0.0,300906.56
1667574,IT,ES,FABRI,PAPE2,0.06,15045.081,3,3,15045.081,0.0,0.0,0.0,0.0,250751.35
1733942,IT,SI,SUPPO,CEMEN,0.11,15044.156,3,3,15044.156,0.0,0.0,0.0,0.0,136765.054545
1680761,IT,GR,RETA1,REALE,0.16,15043.974,3,3,15043.974,0.0,0.0,0.0,0.0,94024.8375
1753529,IT,CA,MACHI,BEVER,0.08,15043.934,3,3,15043.934,0.0,0.0,0.0,0.0,188049.175
1641820,IT,AT,CHEM1,RETAI,0.03,15043.722,4,4,15043.72,0.0,0.0,0.0,0.002,501457.4
1655561,IT,DE,STONE,WHOLE,0.05,15043.001,4,4,15042.001,0.0,0.0,1.0,0.0,300860.02
1747371,IT,JP,RETA1,RETA1,0.16,15042.805,3,3,15042.805,0.0,0.0,0.0,0.0,94017.53125
1810801,IT,WM,KEROS,TOBAC,0.02,15042.253,3,3,15042.253,0.0,0.0,0.0,0.0,752112.65
1648447,IT,BG,CEREA,MEATA,0.02,15042.034,3,3,15042.034,0.0,0.0,0.0,0.0,752101.7
1813277,IT,WM,TRANS,RADIO,0.09,15041.288,3,3,15041.288,0.0,0.0,0.0,0.0,167125.422222
1802400,IT,WE,AIRTR,FISHF,0.02,15039.991,3,3,15039.991,0.0,0.0,0.0,0.0,751999.55
1813407,IT,WM,FURNI,INLAN,0.05,15039.671,3,3,15039.671,0.0,0.0,0.0,0.0,300793.42
1647244,IT,BE,LANDT,NONF1,0.1,15039.343,3,3,15039.343,0.0,0.0,0.0,0.0,150393.43
1808320,IT,WF,FOOD3,POULT,0.04,15038.602,3,3,15038.602,0.0,0.0,0.0,0.0,375965.05
1644361,IT,BE,CHEMI,NONME,0.04,15038.402,4,4,15037.402,0.0,0.0,1.0,0.0,375960.05
1689987,IT,IE,REALE,OFFIC,0.64,15038.309,3,3,15038.309,0.0,0.0,0.0,0.0,23497.357812
1776555,IT,TR,KERO1,FOOD2,0.02,15037.428,3,3,15037.428,0.0,0.0,0.0,0.0,751871.4
1776554,IT,TR,KERO1,OILHA,0.02,15037.428,3,3,15037.428,0.0,0.0,0.0,0.0,751871.4
1776557,IT,TR,KERO1,WASTE,0.02,15037.428,3,3,15037.428,0.0,0.0,0.0,0.0,751871.4
1776556,IT,TR,KERO1,FOOD3,0.02,15037.428,3,3,15037.428,0.0,0.0,0.0,0.0,751871.4
1776560,IT,TR,KERO1,PLAS2,0.02,15037.428,3,3,15037.428,0.0,0.0,0.0,0.0,751871.4
1776563,IT,TR,KERO1,WOOD2,0.02,15037.428,3,3,15037.428,0.0,0.0,0.0,0.0,751871.4
1776559,IT,TR,KERO1,PAPE4,0.02,15037.428,3,3,15037.428,0.0,0.0,0.0,0.0,751871.4
1776553,IT,TR,KERO1,INTER,0.02,15037.428,3,3,15037.428,0.0,0.0,0.0,0.0,751871.4
1776552,IT,TR,KERO1,SECO9,0.02,15037.428,3,3,15037.428,0.0,0.0,0.0,0.0,751871.4
1776558,IT,TR,KERO1,FOOD4,0.02,15037.428,3,3,15037.428,0.0,0.0,0.0,0.0,751871.4
1641813,IT,AT,CHEM1,DISTR,0.03,15037.184,4,4,15037.182,0.0,0.0,0.0,0.002,501239.466667
1681681,IT,HR,OILSE,BEVER,0.01,15037.115,3,3,15037.115,0.0,0.0,0.0,0.0,1503711.5
1780260,IT,TW,LANDT,GASDI,0.1,15036.719,3,3,15036.719,0.0,0.0,0.0,0.0,150367.19
1732580,IT,SI,RUBBE,RECRE,0.05,15036.123,3,3,15036.123,0.0,0.0,0.0,0.0,300722.46
1779794,IT,TR,BUSIN,AUXIL,0.15,15035.864,3,3,15035.864,0.0,0.0,0.0,0.0,100239.093333
1709803,IT,LT,RUBBE,NONME,0.05,15034.853,3,3,15034.853,0.0,0.0,0.0,0.0,300697.06
1725543,IT,RO,LEATH,TRAN1,0.11,15034.328,4,4,15034.325,0.0,0.0,0.0,0.003,136675.709091
1654023,IT,CZ,MACHI,ELEC7,0.08,15033.972,3,3,15033.972,0.0,0.0,0.0,0.0,187924.65
1752950,IT,CA,PLAST,FURNI,0.03,15033.219,4,4,15033.217,0.0,0.0,0.0,0.002,501107.3
1769219,IT,AU,RUBBE,CATTL,0.05,15032.833,3,3,15032.833,0.0,0.0,0.0,0.0,300656.66
1662012,IT,DK,PLAST,GLASS,0.03,15032.292,4,4,15032.29,0.0,0.0,0.0,0.002,501076.4
1717675,IT,NL,BUSIN,FOUND,0.15,15032.271,3,3,15032.271,0.0,0.0,0.0,0.0,100215.14
1750634,IT,CN,OFFIC,MEMBE,0.05,15032.009,3,3,15032.009,0.0,0.0,0.0,0.0,300640.18
1760084,IT,BR,OILHA,BUSIN,0.09,15031.729,3,3,15031.729,0.0,0.0,0.0,0.0,167019.211111
1769534,IT,AU,ALUM1,BRICK,0.03,15031.283,3,3,15031.283,0.0,0.0,0.0,0.0,501042.766667
1755869,IT,KR,NONME,BRICK,0.03,15031.278,4,4,15031.276,0.0,0.0,0.0,0.002,501042.6
1804834,IT,WF,NAPHT,AUXIL,0.03,15031.143,3,3,15031.143,0.0,0.0,0.0,0.0,501038.1
1762408,IT,IN,POSTT,ELEC1,0.25,15030.746,3,3,15030.746,0.0,0.0,0.0,0.0,60122.984
1688034,IT,HU,COMPU,FOOD5,0.17,15030.648,3,3,15030.648,0.0,0.0,0.0,0.0,88415.576471
1750180,IT,CN,ALUM1,LEAD1,0.03,15030.523,3,3,15030.523,0.0,0.0,0.0,0.0,501017.433333
1803702,IT,WF,BEVER,FINAN,0.06,15030.101,3,3,15030.101,0.0,0.0,0.0,0.0,250501.683333
1725274,IT,RO,BEVER,PIGS9,0.06,15029.498,3,3,15029.498,0.0,0.0,0.0,0.0,250491.633333
1760412,IT,IN,SUGA1,FOOD5,0.04,15029.442,4,4,15029.439,0.0,0.0,0.0,0.003,375736.05
1737816,IT,GB,BITU1,LIQUE,0.02,15029.264,3,3,15029.264,0.0,0.0,0.0,0.0,751463.2
1731036,IT,SE,RECRE,COMPU,0.19,15028.27,3,3,15028.27,0.0,0.0,0.0,0.0,79096.157895
1755967,IT,KR,ALUM1,PAPER,0.03,15028.055,3,3,15028.055,0.0,0.0,0.0,0.0,500935.166667
1731410,IT,SI,FOOD5,ELECT,0.07,15027.526,3,3,15027.526,0.0,0.0,0.0,0.0,214678.942857
1760286,IT,IN,WOOLS,LEATH,0.06,15027.034,3,3,15027.034,0.0,0.0,0.0,0.0,250450.566667
1687283,IT,HU,WHOLE,REALE,0.13,15026.423,3,3,15026.423,0.0,0.0,0.0,0.0,115587.869231
1761625,IT,IN,FABRI,PROCE,0.06,15025.472,3,3,15025.472,0.0,0.0,0.0,0.0,250424.533333
1745182,IT,JP,CROPS,CATTL,0.12,15025.302,3,3,15025.302,0.0,0.0,0.0,0.0,125210.85
1801783,IT,WE,ELEC4,BASIC,0.24,15025.252,3,3,15025.252,0.0,0.0,0.0,0.0,62605.216667
1774598,IT,CH,SEACO,ELEC4,0.02,15024.699,3,3,15024.699,0.0,0.0,0.0,0.0,751234.95
1755930,IT,KR,BASIC,HOTEL,0.02,15023.198,3,3,15023.198,0.0,0.0,0.0,0.0,751159.9
1653295,IT,CZ,RUBBE,WASTE,0.05,15022.856,3,3,15022.856,0.0,0.0,0.0,0.0,300457.12
1738731,IT,GB,MACHI,HEALT,0.08,15022.229,3,3,15022.229,0.0,0.0,0.0,0.0,187777.8625
1813639,IT,WM,RETA1,BEVER,0.16,15021.317,3,3,15021.317,0.0,0.0,0.0,0.0,93883.23125
1729619,IT,SE,FABRI,MEATP,0.06,15021.069,3,3,15021.069,0.0,0.0,0.0,0.0,250351.15
1733833,IT,SI,TRAN2,FISH5,0.02,15020.504,3,3,15020.504,0.0,0.0,0.0,0.0,751025.2
1663112,IT,DK,RAILW,LANDT,0.1,15020.309,3,3,15020.309,0.0,0.0,0.0,0.0,150203.09
1773315,IT,CH,MACHI,MOTOR,0.08,15019.488,3,3,15019.488,0.0,0.0,0.0,0.0,187743.6
1752713,IT,CA,LEATH,ALUM1,0.11,15019.414,4,4,15019.411,0.0,0.0,0.0,0.003,136540.127273
1661332,IT,DK,CHEMI,BUSIN,0.04,15018.981,4,4,15017.981,0.0,0.0,1.0,0.0,375474.525
1741761,IT,US,NONSP,ETHAN,0.02,15018.606,3,3,15018.606,0.0,0.0,0.0,0.0,750930.3
1731351,IT,SI,DAIRY,REALE,0.06,15017.968,3,3,15017.968,0.0,0.0,0.0,0.0,250299.466667
1767399,IT,RU,LANDT,KEROS,0.1,15016.715,3,3,15016.715,0.0,0.0,0.0,0.0,150167.15
1673107,IT,FR,FOOD5,PAPE1,0.07,15015.801,3,3,15015.801,0.0,0.0,0.0,0.0,214511.442857
1782141,IT,NO,NONME,NATU1,0.03,15015.407,4,4,15015.405,0.0,0.0,0.0,0.002,500513.566667
1677355,IT,FR,INSUR,CATTL,0.31,15015.405,3,3,15015.405,0.0,0.0,0.0,0.0,48436.790323
1714515,IT,NL,CRUDE,KERO1,0.03,15015.351,3,3,15015.351,0.0,0.0,0.0,0.0,500511.7
1664583,IT,EE,HOTEL,LANDT,0.11,15014.956,3,3,15014.956,0.0,0.0,0.0,0.0,136499.6
1808305,IT,WF,FOOD2,RESEA,0.09,15014.724,3,3,15014.724,0.0,0.0,0.0,0.0,166830.266667
1796325,IT,WL,SALEM,INSUR,0.12,15013.698,3,3,15013.698,0.0,0.0,0.0,0.0,125114.15
1787593,IT,WA,MEATP,CHARC,0.06,15013.689,4,4,15013.687,0.0,0.0,0.0,0.002,250228.15
1662249,IT,DK,CERAM,FISH5,0.02,15013.563,3,3,15013.563,0.0,0.0,0.0,0.0,750678.15
1772545,IT,CH,RUBBE,FOUND,0.05,15013.012,3,3,15013.012,0.0,0.0,0.0,0.0,300260.24
1760350,IT,IN,CHEMI,TEXTI,0.04,15012.657,4,4,15011.657,0.0,0.0,1.0,0.0,375316.425
1686674,IT,HU,COPP1,CROPS,0.04,15012.633,3,3,15012.633,0.0,0.0,0.0,0.0,375315.825
1667863,IT,ES,OFFIC,WOOD2,0.05,15012.578,3,3,15012.578,0.0,0.0,0.0,0.0,300251.56
1781926,IT,NO,CHEM1,TRAN2,0.03,15012.065,4,4,15012.063,0.0,0.0,0.0,0.002,500402.166667
1752416,IT,CA,VEGE1,MACHI,0.05,15012.013,4,4,15012.01,0.0,0.0,0.0,0.003,300240.26
1727823,IT,RO,BUSIN,ELEC5,0.15,15011.307,3,3,15011.307,0.0,0.0,0.0,0.0,100075.38
1671054,IT,FI,RUBBE,ALUM1,0.05,15010.85,3,3,15010.85,0.0,0.0,0.0,0.0,300217.0
1739492,IT,GB,LANDT,ELEC2,0.1,15010.754,3,3,15010.754,0.0,0.0,0.0,0.0,150107.54
1713195,IT,MT,WEARI,FINAN,0.11,15010.547,4,4,15010.544,0.0,0.0,0.0,0.003,136459.518182
1772136,IT,CH,MOTOR,EDUCA,0.02,15010.349,3,3,15010.349,0.0,0.0,0.0,0.0,750517.45
1725712,IT,RO,PAPER,INSUR,0.06,15009.954,3,3,15009.954,0.0,0.0,0.0,0.0,250165.9
1745820,IT,JP,LEATH,MEATA,0.11,15009.676,4,4,15009.673,0.0,0.0,0.0,0.003,136451.6
1659891,IT,DE,LANDT,SEWAG,0.1,15009.546,3,3,15009.546,0.0,0.0,0.0,0.0,150095.46
1797479,IT,WL,RESEA,COMPU,0.08,15008.409,3,3,15008.409,0.0,0.0,0.0,0.0,187605.1125
1715022,IT,NL,TEXTI,NATUR,0.09,15007.602,4,4,15007.6,0.0,0.0,0.0,0.002,166751.133333
1730151,IT,SE,LANDT,SANDC,0.1,15007.548,3,3,15007.548,0.0,0.0,0.0,0.0,150075.48
1652124,IT,CZ,MEATC,HOTEL,0.05,15007.114,3,3,15007.114,0.0,0.0,0.0,0.0,300142.28
1709357,IT,LT,PROCE,CONST,0.1,15006.91,3,3,15006.91,0.0,0.0,0.0,0.0,150069.1
1799791,IT,WE,KERO1,CONST,0.02,15005.922,3,3,15005.922,0.0,0.0,0.0,0.0,750296.1
1659374,IT,DE,WHOLE,SUGAR,0.13,15005.882,3,3,15005.882,0.0,0.0,0.0,0.0,115429.861538
1689908,IT,IE,AUXIL,DISTR,0.27,15004.707,3,3,15004.707,0.0,0.0,0.0,0.0,55572.988889
1665064,IT,ES,MEAT4,FISH5,0.08,15004.243,3,3,15004.243,0.0,0.0,0.0,0.0,187553.0375
1814696,IT,WM,PLAS1,HEALT,0.05,15003.974,3,3,15003.974,0.0,0.0,0.0,0.0,300079.48
1772689,IT,CH,CERAM,FABRI,0.02,15003.833,3,3,15003.833,0.0,0.0,0.0,0.0,750191.65
1686512,IT,HU,PREC1,RESEA,0.03,15003.632,3,3,15003.632,0.0,0.0,0.0,0.0,500121.066667
1715499,IT,NL,KERO1,DIST1,0.02,15003.207,3,3,15003.207,0.0,0.0,0.0,0.0,750160.35
1656007,IT,DE,FOOD5,DIST1,0.07,15002.821,3,3,15002.821,0.0,0.0,0.0,0.0,214326.014286
1765590,IT,RU,WOODW,CROPS,0.04,15002.514,3,3,15002.514,0.0,0.0,0.0,0.0,375062.85
1646846,IT,BE,RETAI,FABRI,0.12,15002.272,3,3,15002.272,0.0,0.0,0.0,0.0,125018.933333
1667357,IT,ES,LEAD1,ELEC5,0.03,15001.688,3,3,15001.688,0.0,0.0,0.0,0.0,500056.266667
1777331,IT,TR,GLASS,ALUM1,0.04,15001.517,3,3,15001.517,0.0,0.0,0.0,0.0,375037.925
1803301,IT,WF,FISHF,CONST,0.03,14999.195,3,3,14999.195,0.0,0.0,0.0,0.0,499973.166667
1675415,IT,FR,MACHI,DIST1,0.08,14999.14,3,3,14999.14,0.0,0.0,0.0,0.0,187489.25
1785463,IT,ZA,PRINT,WHOLE,0.14,14998.729,3,3,14998.729,0.0,0.0,0.0,0.0,107133.778571
1671215,IT,FI,NONME,HOTEL,0.03,14997.719,4,4,14997.717,0.0,0.0,0.0,0.002,499923.966667
1801447,IT,WE,MOTO1,SANDC,0.08,14997.289,3,3,14997.289,0.0,0.0,0.0,0.0,187466.1125
1679629,IT,GR,GLASS,FISH5,0.04,14997.06,3,3,14997.06,0.0,0.0,0.0,0.0,374926.5
1664593,IT,EE,HOTEL,RESEA,0.11,14996.968,3,3,14996.968,0.0,0.0,0.0,0.0,136336.072727
1718617,IT,PL,LEATH,OFFIC,0.11,14996.458,4,4,14996.455,0.0,0.0,0.0,0.003,136331.436364
1760925,IT,IN,HEAVY,FISH5,0.02,14996.063,3,3,14996.063,0.0,0.0,0.0,0.0,749803.15
1804940,IT,WF,NONSP,LEADZ,0.02,14995.898,3,3,14995.898,0.0,0.0,0.0,0.0,749794.9
1799005,IT,WE,TEXTI,PROCE,0.09,14995.516,4,4,14995.514,0.0,0.0,0.0,0.002,166616.844444
1785501,IT,ZA,MOTOR,PULP5,0.02,14995.508,3,3,14995.508,0.0,0.0,0.0,0.0,749775.4
1758258,IT,BR,PREC1,BASIC,0.03,14995.372,3,3,14995.372,0.0,0.0,0.0,0.0,499845.733333
1742500,IT,US,BASIC,TRAN1,0.02,14994.454,3,3,14994.454,0.0,0.0,0.0,0.0,749722.7
1783956,IT,ID,CHEMI,RETA1,0.04,14994.441,4,4,14993.441,0.0,0.0,1.0,0.0,374861.025
1659216,IT,DE,CONST,RECRE,0.08,14993.716,3,3,14993.716,0.0,0.0,0.0,0.0,187421.45
1809479,IT,WM,MEATC,RETA1,0.05,14992.326,3,3,14992.326,0.0,0.0,0.0,0.0,299846.52
1804684,IT,WF,LIQUE,WOODW,0.03,14992.23,3,3,14992.23,0.0,0.0,0.0,0.0,499741.0
1743772,IT,US,LANDT,GLASS,0.1,14991.643,3,3,14991.643,0.0,0.0,0.0,0.0,149916.43
1660418,IT,DE,FINAN,AUXIL,0.2,14991.593,3,3,14991.593,0.0,0.0,0.0,0.0,74957.965
1774535,IT,CH,TRAN2,TRANS,0.02,14991.515,3,3,14991.515,0.0,0.0,0.0,0.0,749575.75
1810946,IT,WM,GASDI,PULP5,0.02,14991.057,3,3,14991.057,0.0,0.0,0.0,0.0,749552.85
1769482,IT,AU,BASIC,NONME,0.02,14990.889,3,3,14990.889,0.0,0.0,0.0,0.0,749544.45
1796605,IT,WL,HOTEL,KEROS,0.11,14989.565,3,3,14989.565,0.0,0.0,0.0,0.0,136268.772727
1746287,IT,JP,CHEM1,RAILW,0.03,14988.837,4,4,14988.835,0.0,0.0,0.0,0.002,499627.9
1710566,IT,LT,REALE,SUPPO,0.63,14988.463,3,3,14988.463,0.0,0.0,0.0,0.0,23791.211111
1740777,IT,US,MEAT4,REALE,0.08,14987.854,3,3,14987.854,0.0,0.0,0.0,0.0,187348.175
1720380,IT,PL,MACHI,MEATA,0.08,14987.803,3,3,14987.803,0.0,0.0,0.0,0.0,187347.5375
1640946,IT,AT,WOODW,LEATH,0.04,14987.737,3,3,14987.737,0.0,0.0,0.0,0.0,374693.425
1810472,IT,WM,PULP5,MEMBE,0.05,14986.428,3,3,14986.428,0.0,0.0,0.0,0.0,299728.56
1801804,IT,WE,ELEC5,POULT,0.18,14986.102,3,3,14986.102,0.0,0.0,0.0,0.0,83256.122222
1747868,IT,JP,RENTI,COPP1,0.09,14984.77,3,3,14984.77,0.0,0.0,0.0,0.0,166497.444444
1797345,IT,WL,REALE,SALEM,0.63,14983.119,3,3,14983.119,0.0,0.0,0.0,0.0,23782.728571
1688324,IT,IE,VEGE1,PLAST,0.05,14982.36,4,4,14982.357,0.0,0.0,0.0,0.003,299647.2
1763816,IT,MX,CERAM,POSTT,0.02,14981.209,3,3,14981.209,0.0,0.0,0.0,0.0,749060.45
1664134,IT,EE,RUBBE,BASIC,0.05,14981.031,3,3,14981.031,0.0,0.0,0.0,0.0,299620.62
1750407,IT,CN,FABRI,RAILW,0.06,14980.321,3,3,14980.321,0.0,0.0,0.0,0.0,249672.016667
1769368,IT,AU,CERAM,MEATA,0.02,14979.979,3,3,14979.979,0.0,0.0,0.0,0.0,748998.95
1803589,IT,WF,SUGA1,HOTEL,0.04,14979.44,4,4,14979.437,0.0,0.0,0.0,0.003,374486.0
1724489,IT,PT,SUPPO,REALE,0.11,14976.571,3,3,14976.571,0.0,0.0,0.0,0.0,136150.645455
1649032,IT,BG,WOODW,FURNI,0.04,14976.307,3,3,14976.307,0.0,0.0,0.0,0.0,374407.675
1777140,IT,TR,ADDIT,WHOLE,0.03,14975.789,3,3,14975.789,0.0,0.0,0.0,0.0,499192.966667
1743656,IT,US,HOTEL,POSTT,0.11,14974.997,3,3,14974.997,0.0,0.0,0.0,0.0,136136.336364
1670953,IT,FI,CHEM1,ELECT,0.03,14974.428,4,4,14974.426,0.0,0.0,0.0,0.002,499147.6
1789900,IT,WA,CEMEN,CROPS,0.02,14974.033,3,3,14974.033,0.0,0.0,0.0,0.0,748701.65
1668582,IT,ES,HOTEL,PAPE1,0.11,14973.855,3,3,14973.855,0.0,0.0,0.0,0.0,136125.954545
1742751,IT,US,FABRI,NFERT,0.06,14972.64,3,3,14972.64,0.0,0.0,0.0,0.0,249544.0
1786637,IT,ZA,WHOLE,MEAT1,0.13,14972.367,3,3,14972.367,0.0,0.0,0.0,0.0,115172.053846
1682935,IT,HR,PETRO,MOTO1,0.03,14971.918,3,3,14971.918,0.0,0.0,0.0,0.0,499063.933333
1746722,IT,JP,FABRI,TRAN1,0.06,14971.759,3,3,14971.759,0.0,0.0,0.0,0.0,249529.316667
1790620,IT,WA,FABRI,CHEMI,0.06,14970.294,3,3,14970.294,0.0,0.0,0.0,0.0,249504.9
1761991,IT,IN,RETAI,MOTO1,0.12,14969.774,3,3,14969.774,0.0,0.0,0.0,0.0,124748.116667
1811813,IT,WM,BIODI,PFERT,0.03,14969.724,4,4,14969.722,0.0,0.0,0.0,0.002,498990.8
1727095,IT,RO,LANDT,MEATC,0.1,14969.707,3,3,14969.707,0.0,0.0,0.0,0.0,149697.07
1762529,IT,IN,INSUR,ELEC4,0.31,14967.896,3,3,14967.896,0.0,0.0,0.0,0.0,48283.535484
1808306,IT,WF,FOOD2,BUSIN,0.09,14967.589,3,3,14967.589,0.0,0.0,0.0,0.0,166306.544444
1679101,IT,GR,PAPER,TOBAC,0.06,14967.067,3,3,14967.067,0.0,0.0,0.0,0.0,249451.116667
1756571,IT,KR,RETA1,LANDT,0.16,14966.979,3,3,14966.979,0.0,0.0,0.0,0.0,93543.61875
1774807,IT,CH,POSTT,SECO9,0.25,14966.792,3,3,14966.792,0.0,0.0,0.0,0.0,59867.168
1754085,IT,CA,AIRTR,PULP5,0.02,14966.526,3,3,14966.526,0.0,0.0,0.0,0.0,748326.3
1667239,IT,ES,PREC1,ELEC6,0.03,14966.097,3,3,14966.097,0.0,0.0,0.0,0.0,498869.9
1736391,IT,SK,LANDT,WEARI,0.1,14965.917,3,3,14965.917,0.0,0.0,0.0,0.0,149659.17
1659232,IT,DE,SALEM,PULP5,0.12,14965.729,3,3,14965.729,0.0,0.0,0.0,0.0,124714.408333
1650884,IT,BG,LANDT,93197,0.1,14965.058,3,3,14965.058,0.0,0.0,0.0,0.0,149650.58
1676493,IT,FR,RETA1,INLAN,0.16,14964.029,3,3,14964.029,0.0,0.0,0.0,0.0,93525.18125
1712416,IT,LV,NONME,MACHI,0.03,14963.348,4,4,14963.346,0.0,0.0,0.0,0.002,498778.266667
1652301,IT,CZ,BEVER,CHEM1,0.06,14962.818,3,3,14962.818,0.0,0.0,0.0,0.0,249380.3
1659500,IT,DE,RETA1,FABRI,0.16,14962.679,3,3,14962.679,0.0,0.0,0.0,0.0,93516.74375
1746538,IT,JP,NONME,ELECT,0.03,14962.335,4,4,14962.333,0.0,0.0,0.0,0.002,498744.5
1718937,IT,PL,PRINT,ELEC1,0.14,14962.192,3,3,14962.192,0.0,0.0,0.0,0.0,106872.8
1714381,IT,NL,CEREA,PIGS9,0.02,14961.707,3,3,14961.707,0.0,0.0,0.0,0.0,748085.35
1733783,IT,SI,LANDT,ELEC4,0.1,14961.468,3,3,14961.468,0.0,0.0,0.0,0.0,149614.68
1678761,IT,GR,SUGA1,SEACO,0.04,14960.924,4,4,14960.921,0.0,0.0,0.0,0.003,374023.1
1648495,IT,BG,OILSE,SECO9,0.01,14960.912,3,3,14960.912,0.0,0.0,0.0,0.0,1496091.2
1723712,IT,PT,MACHI,ELEC1,0.08,14960.492,3,3,14960.492,0.0,0.0,0.0,0.0,187006.15
1679126,IT,GR,PAPER,COPP1,0.06,14960.149,3,3,14960.149,0.0,0.0,0.0,0.0,249335.816667
1736898,IT,SK,BUSIN,SUPPO,0.15,14959.857,3,3,14959.857,0.0,0.0,0.0,0.0,99732.38
1791560,IT,WA,RETA1,ELEC2,0.16,14959.306,3,3,14959.306,0.0,0.0,0.0,0.0,93495.6625
1677185,IT,FR,POSTT,FURNI,0.25,14958.991,3,3,14958.991,0.0,0.0,0.0,0.0,59835.964
1722908,IT,PT,MOTOR,SUPPO,0.02,14957.882,3,3,14957.882,0.0,0.0,0.0,0.0,747894.1
1779579,IT,TR,COMPU,MEDIC,0.17,14957.799,3,3,14957.799,0.0,0.0,0.0,0.0,87987.052941
1722384,IT,PT,CHEMI,BIODI,0.04,14957.67,4,4,14956.67,0.0,0.0,1.0,0.0,373941.75
1764503,IT,MX,CONST,MOTO1,0.08,14957.435,3,3,14957.435,0.0,0.0,0.0,0.0,186967.9375
1676920,IT,FR,INLAN,PLAST,0.02,14957.212,3,3,14957.212,0.0,0.0,0.0,0.0,747860.6
1739180,IT,GB,RETA1,RUBBE,0.16,14957.192,3,3,14957.192,0.0,0.0,0.0,0.0,93482.45
1722775,IT,PT,PAPER,NONSP,0.06,14957.011,3,3,14957.011,0.0,0.0,0.0,0.0,249283.516667
1721601,IT,PL,POSTT,RUBBE,0.25,14956.895,3,3,14956.895,0.0,0.0,0.0,0.0,59827.58
1781977,IT,NO,RUBBE,MEAT4,0.05,14956.669,3,3,14956.669,0.0,0.0,0.0,0.0,299133.38
1688909,IT,IE,COPP1,RESEA,0.04,14956.223,3,3,14956.223,0.0,0.0,0.0,0.0,373905.575
1664218,IT,EE,CERAM,EDUCA,0.02,14954.857,3,3,14954.857,0.0,0.0,0.0,0.0,747742.85
1741025,IT,US,TOBAC,TOBAC,0.06,14953.649,3,3,14953.649,0.0,0.0,0.0,0.0,249227.483333
1789104,IT,WA,PARAF,CHARC,0.02,14953.144,3,3,14953.144,0.0,0.0,0.0,0.0,747657.2
1745643,IT,JP,TEXTI,CEMEN,0.09,14951.868,4,4,14951.866,0.0,0.0,0.0,0.002,166131.866667
1726659,IT,RO,TRANS,FOOD5,0.09,14951.369,3,3,14951.369,0.0,0.0,0.0,0.0,166126.322222
1734341,IT,SI,BUSIN,COMPU,0.15,14951.014,3,3,14951.014,0.0,0.0,0.0,0.0,99673.426667
1764303,IT,MX,MACHI,INERT,0.08,14951.007,3,3,14951.007,0.0,0.0,0.0,0.0,186887.5875
1780290,IT,TW,LANDT,SUPPO,0.1,14950.57,3,3,14950.57,0.0,0.0,0.0,0.0,149505.7
1725574,IT,RO,WOODW,FOOD5,0.04,14950.156,3,3,14950.156,0.0,0.0,0.0,0.0,373753.9
1670154,IT,ES,MEMBE,GASDI,0.17,14949.686,3,3,14949.686,0.0,0.0,0.0,0.0,87939.329412
1652476,IT,CZ,WEARI,LEATH,0.11,14949.402,4,4,14949.399,0.0,0.0,0.0,0.003,135903.654545
1763371,IT,MX,PRINT,MACHI,0.14,14949.058,3,3,14949.058,0.0,0.0,0.0,0.0,106778.985714
1685267,IT,HU,TEXTI,SALEM,0.09,14948.952,4,4,14948.95,0.0,0.0,0.0,0.002,166099.466667
1764494,IT,MX,CONST,RUBBE,0.08,14948.634,3,3,14948.634,0.0,0.0,0.0,0.0,186857.925
1774183,IT,CH,RETA1,SANDC,0.16,14947.721,3,3,14947.721,0.0,0.0,0.0,0.0,93423.25625
1656815,IT,DE,GASDI,TRANS,0.02,14946.513,3,3,14946.513,0.0,0.0,0.0,0.0,747325.65
1719745,IT,PL,NONME,93197,0.03,14946.489,4,4,14946.487,0.0,0.0,0.0,0.002,498216.3
1717673,IT,NL,BUSIN,COPP1,0.15,14946.463,3,3,14946.463,0.0,0.0,0.0,0.0,99643.086667
1749199,IT,CN,PULP5,STEAM,0.05,14946.334,3,3,14946.334,0.0,0.0,0.0,0.0,298926.68
1768945,IT,AU,PAPER,WEARI,0.06,14945.602,3,3,14945.602,0.0,0.0,0.0,0.0,249093.366667
1803353,IT,WF,SANDC,WHOLE,0.03,14945.397,4,4,14942.397,0.0,0.0,3.0,0.0,498179.9
1712198,IT,LV,PAPER,CROPS,0.06,14945.15,3,3,14945.15,0.0,0.0,0.0,0.0,249085.833333
1737995,IT,GB,CHEM1,WASTE,0.03,14943.598,4,4,14943.596,0.0,0.0,0.0,0.002,498119.933333
1662040,IT,DK,CHEM1,CROPS,0.03,14943.123,4,4,14943.121,0.0,0.0,0.0,0.002,498104.1
1805301,IT,WF,ADDIT,SUPPO,0.03,14942.986,3,3,14942.986,0.0,0.0,0.0,0.0,498099.533333
1740884,IT,US,DAIRY,BUSIN,0.06,14941.456,3,3,14941.456,0.0,0.0,0.0,0.0,249024.266667
1659121,IT,DE,ELEC7,RETA1,0.01,14941.454,3,3,14941.454,0.0,0.0,0.0,0.0,1494145.4
1725398,IT,RO,TEXTI,FOUND,0.09,14941.017,4,4,14941.015,0.0,0.0,0.0,0.002,166011.3
1773031,IT,CH,ALUM1,CEMEN,0.03,14939.343,3,3,14939.343,0.0,0.0,0.0,0.0,497978.1
1768183,IT,RU,PUBLI,HOTEL,0.24,14936.837,3,3,14936.837,0.0,0.0,0.0,0.0,62236.820833
1746906,IT,JP,MOTO1,LEATH,0.08,14936.494,3,3,14936.494,0.0,0.0,0.0,0.0,186706.175
1642474,IT,AT,ALUM1,PLAS1,0.03,14935.61,3,3,14935.61,0.0,0.0,0.0,0.0,497853.666667
1807400,IT,WF,FINAN,RESEA,0.19,14935.555,3,3,14935.555,0.0,0.0,0.0,0.0,78608.184211
1652944,IT,CZ,HEAVY,NFERT,0.02,14935.519,3,3,14935.519,0.0,0.0,0.0,0.0,746775.95
1656882,IT,DE,HEAVY,FABRI,0.02,14935.317,3,3,14935.317,0.0,0.0,0.0,0.0,746765.85
1795939,IT,WL,MOTO1,VEGE1,0.08,14935.274,3,3,14935.274,0.0,0.0,0.0,0.0,186690.925
1787293,IT,WA,PLANT,CHEM1,0.03,14934.488,3,3,14934.488,0.0,0.0,0.0,0.0,497816.266667
1807941,IT,WF,PLAS1,GASDI,0.05,14933.599,3,3,14933.599,0.0,0.0,0.0,0.0,298671.98
1715529,IT,NL,GASDI,MOTO1,0.02,14933.059,3,3,14933.059,0.0,0.0,0.0,0.0,746652.95
1714966,IT,NL,FISH5,PLAST,0.06,14932.709,4,4,14932.701,0.0,0.0,0.0,0.008,248878.483333
1798446,IT,WE,NATUR,NFERT,0.02,14932.574,3,3,14932.574,0.0,0.0,0.0,0.0,746628.7
1657021,IT,DE,NAPHT,MOTO1,0.03,14932.446,3,3,14932.446,0.0,0.0,0.0,0.0,497748.2
1758394,IT,BR,FABRI,CHARC,0.06,14932.328,3,3,14932.328,0.0,0.0,0.0,0.0,248872.133333
1658223,IT,DE,LEAD1,TRAN1,0.03,14931.217,3,3,14931.217,0.0,0.0,0.0,0.0,497707.233333
1665139,IT,ES,DAIRY,COLLE,0.06,14931.006,3,3,14931.006,0.0,0.0,0.0,0.0,248850.1
1753084,IT,CA,RUBBE,CHEMI,0.05,14930.55,3,3,14930.55,0.0,0.0,0.0,0.0,298611.0
1718003,IT,PL,CHEMI,FOOD5,0.04,14930.046,4,4,14929.046,0.0,0.0,1.0,0.0,373251.15
1783945,IT,ID,STONE,BUSIN,0.05,14929.793,4,4,14928.793,0.0,0.0,1.0,0.0,298595.86
1663843,IT,EE,TEXTI,FABRI,0.09,14929.337,4,4,14929.335,0.0,0.0,0.0,0.002,165881.522222
1735460,IT,SK,BASIC,ELE12,0.02,14929.199,3,3,14929.199,0.0,0.0,0.0,0.0,746459.95
1670605,IT,FI,WEARI,SUPPO,0.11,14929.094,4,4,14929.091,0.0,0.0,0.0,0.003,135719.036364
1659228,IT,DE,SALEM,BEVER,0.12,14928.364,3,3,14928.364,0.0,0.0,0.0,0.0,124403.033333
1666991,IT,ES,CEMEN,KEROS,0.02,14926.456,3,3,14926.456,0.0,0.0,0.0,0.0,746322.8
1672383,IT,FI,BUSIN,ALUM1,0.15,14926.188,3,3,14926.188,0.0,0.0,0.0,0.0,99507.92
1663220,IT,DK,LANDT,PRIVA,0.1,14926.098,3,3,14926.098,0.0,0.0,0.0,0.0,149260.98
1745890,IT,JP,LEATH,SALEM,0.11,14926.017,4,4,14926.014,0.0,0.0,0.0,0.003,135691.063636
1776760,IT,TR,LIQUE,CONST,0.03,14925.56,3,3,14925.56,0.0,0.0,0.0,0.0,497518.666667
1813156,IT,WM,MOTO1,LEAD1,0.08,14925.417,3,3,14925.417,0.0,0.0,0.0,0.0,186567.7125
1737480,IT,GB,LEATH,RENTI,0.11,14922.556,4,4,14922.553,0.0,0.0,0.0,0.003,135659.6
1784842,IT,ID,SEACO,PAPER,0.02,14922.396,3,3,14922.396,0.0,0.0,0.0,0.0,746119.8
1756780,IT,KR,AIRTR,BIOG1,0.02,14922.075,3,3,14922.075,0.0,0.0,0.0,0.0,746103.75
1728566,IT,SE,PAPER,GLASS,0.06,14921.923,3,3,14921.923,0.0,0.0,0.0,0.0,248698.716667
1658777,IT,DE,MOTO1,DAIRY,0.08,14921.557,3,3,14921.557,0.0,0.0,0.0,0.0,186519.4625
1793359,IT,WL,VEGET,MEAT4,0.05,14919.522,3,3,14919.522,0.0,0.0,0.0,0.0,298390.44
1688749,IT,IE,ADDIT,RUBBE,0.03,14919.019,3,3,14919.019,0.0,0.0,0.0,0.0,497300.633333
1723078,IT,PT,CHEM1,CHARC,0.03,14918.227,4,4,14918.225,0.0,0.0,0.0,0.002,497274.233333
1781841,IT,NO,PLAST,FABRI,0.03,14917.76,4,4,14917.758,0.0,0.0,0.0,0.002,497258.666667
1787656,IT,WA,MEAT4,REALE,0.08,14917.423,3,3,14917.423,0.0,0.0,0.0,0.0,186467.7875
1795492,IT,WL,ALUM1,MEAT1,0.03,14917.02,3,3,14917.02,0.0,0.0,0.0,0.0,497234.0
1676866,IT,FR,LANDT,FOOD3,0.1,14916.92,3,3,14916.92,0.0,0.0,0.0,0.0,149169.2
1791764,IT,WA,RAILW,LANDT,0.1,14916.75,3,3,14916.75,0.0,0.0,0.0,0.0,149167.5
1771956,IT,CH,PAPER,ELEC3,0.06,14916.637,3,3,14916.637,0.0,0.0,0.0,0.0,248610.616667
1735253,IT,SK,GLASS,MEAT1,0.04,14916.344,3,3,14916.344,0.0,0.0,0.0,0.0,372908.6
1745900,IT,JP,LEATH,FINAN,0.11,14915.217,4,4,14915.214,0.0,0.0,0.0,0.003,135592.881818
1744549,IT,US,REALE,CONST,0.63,14914.441,3,3,14914.441,0.0,0.0,0.0,0.0,23673.715873
1737803,IT,GB,NAPHT,LANDT,0.03,14911.921,3,3,14911.921,0.0,0.0,0.0,0.0,497064.033333
1735495,IT,SK,PREC1,LEATH,0.03,14911.703,3,3,14911.703,0.0,0.0,0.0,0.0,497056.766667
1766274,IT,RU,CERAM,ELEC3,0.02,14911.33,3,3,14911.33,0.0,0.0,0.0,0.0,745566.5
1733873,IT,SI,SEACO,PREC1,0.02,14911.296,3,3,14911.296,0.0,0.0,0.0,0.0,745564.8
1772079,IT,CH,PRINT,RESEA,0.14,14911.182,3,3,14911.182,0.0,0.0,0.0,0.0,106508.442857
1730436,IT,SE,POSTT,TRANS,0.25,14910.004,3,3,14910.004,0.0,0.0,0.0,0.0,59640.016
1739122,IT,GB,WHOLE,RETA1,0.13,14909.329,3,3,14909.329,0.0,0.0,0.0,0.0,114687.146154
1687610,IT,HU,TRAN2,STEAM,0.02,14909.004,3,3,14909.004,0.0,0.0,0.0,0.0,745450.2
1657352,IT,DE,BIODI,MACHI,0.03,14907.95,4,4,14907.948,0.0,0.0,0.0,0.002,496931.666667
1649573,IT,BG,RUBBE,SEACO,0.05,14907.316,3,3,14907.316,0.0,0.0,0.0,0.0,298146.32
1776266,IT,TR,PULP5,MEMBE,0.05,14907.112,3,3,14907.112,0.0,0.0,0.0,0.0,298142.24
1744533,IT,US,REALE,MACHI,0.63,14906.934,3,3,14906.934,0.0,0.0,0.0,0.0,23661.8
1771653,IT,CH,WEARI,CEMEN,0.11,14904.492,4,4,14904.489,0.0,0.0,0.0,0.003,135495.381818
1799883,IT,WE,GASDI,STEAM,0.02,14904.099,3,3,14904.099,0.0,0.0,0.0,0.0,745204.95
1712252,IT,LV,PRINT,PRINT,0.14,14903.629,3,3,14903.629,0.0,0.0,0.0,0.0,106454.492857
1776468,IT,TR,MOTOR,PFERT,0.02,14903.267,3,3,14903.267,0.0,0.0,0.0,0.0,745163.35
1752523,IT,CA,FOOD5,PFERT,0.07,14902.834,3,3,14902.834,0.0,0.0,0.0,0.0,212897.628571
1804845,IT,WF,LUBRI,SEACO,0.02,14902.496,3,3,14902.496,0.0,0.0,0.0,0.0,745124.8
1673814,IT,FR,PRINT,DAIRY,0.14,14900.469,3,3,14900.469,0.0,0.0,0.0,0.0,106431.921429
1810457,IT,WM,PULP5,SEACO,0.05,14900.037,3,3,14900.037,0.0,0.0,0.0,0.0,298000.74
1712727,IT,LV,HOTEL,HEALT,0.11,14898.873,3,3,14898.873,0.0,0.0,0.0,0.0,135444.3
1687975,IT,HU,RENTI,FOUND,0.09,14898.35,3,3,14898.35,0.0,0.0,0.0,0.0,165537.222222
1741944,IT,US,CHEM1,STEAM,0.03,14898.182,4,4,14898.18,0.0,0.0,0.0,0.002,496606.066667
1642339,IT,AT,BASIC,RADIO,0.02,14898.082,3,3,14898.082,0.0,0.0,0.0,0.0,744904.1
1776029,IT,TR,TEXTI,GLASS,0.09,14897.736,4,4,14897.734,0.0,0.0,0.0,0.002,165530.4
1667876,IT,ES,MOTO1,WEARI,0.08,14897.541,3,3,14897.541,0.0,0.0,0.0,0.0,186219.2625
1791674,IT,WA,HOTEL,TRAN1,0.11,14897.502,3,3,14897.502,0.0,0.0,0.0,0.0,135431.836364
1775393,IT,CH,PUBLI,DIST1,0.24,14897.322,3,3,14897.322,0.0,0.0,0.0,0.0,62072.175
1686160,IT,HU,GLASS,PIGS9,0.04,14897.034,3,3,14897.034,0.0,0.0,0.0,0.0,372425.85
1768358,IT,AU,MEAT4,CHEM1,0.08,14896.968,3,3,14896.968,0.0,0.0,0.0,0.0,186212.1
1646148,IT,BE,PREC1,REALE,0.03,14896.124,3,3,14896.124,0.0,0.0,0.0,0.0,496537.466667
1657756,IT,DE,NONME,CROPS,0.03,14895.996,4,4,14895.994,0.0,0.0,0.0,0.002,496533.2
1719089,IT,PL,NONSP,BEVER,0.02,14895.567,3,3,14895.567,0.0,0.0,0.0,0.0,744778.35
1672523,IT,FR,WHEAT,MEAT4,0.01,14895.446,3,3,14895.446,0.0,0.0,0.0,0.0,1489544.6
1765239,IT,RU,WOOLS,WEARI,0.06,14895.259,3,3,14895.259,0.0,0.0,0.0,0.0,248254.316667
1649610,IT,BG,GLASS,PULP5,0.04,14895.105,3,3,14895.105,0.0,0.0,0.0,0.0,372377.625
1800761,IT,WE,NONME,RETA1,0.03,14894.834,4,4,14894.832,0.0,0.0,0.0,0.002,496494.466667
1808311,IT,WF,FOOD2,RECRE,0.09,14894.636,3,3,14894.636,0.0,0.0,0.0,0.0,165495.955556
1650586,IT,BG,ELEC8,PFERT,0.2,14894.275,3,3,14894.275,0.0,0.0,0.0,0.0,74471.375
1732245,IT,SI,LIQUE,PRINT,0.03,14893.583,3,3,14893.583,0.0,0.0,0.0,0.0,496452.766667
1687129,IT,HU,TRANS,RENTI,0.09,14893.024,3,3,14893.024,0.0,0.0,0.0,0.0,165478.044444
1786002,IT,ZA,GLASS,TEXTI,0.04,14892.552,3,3,14892.552,0.0,0.0,0.0,0.0,372313.8
1685614,IT,HU,PRINT,MEMBE,0.14,14892.264,3,3,14892.264,0.0,0.0,0.0,0.0,106373.314286
1813098,IT,WM,MOTO1,CATTL,0.08,14891.844,3,3,14891.844,0.0,0.0,0.0,0.0,186148.05
1722864,IT,PT,PRINT,OFFIC,0.14,14891.627,3,3,14891.627,0.0,0.0,0.0,0.0,106368.764286
1729343,IT,SE,NONME,93197,0.03,14891.406,4,4,14891.404,0.0,0.0,0.0,0.002,496380.2
1785826,IT,ZA,CHEM1,PREC1,0.03,14890.293,4,4,14890.291,0.0,0.0,0.0,0.002,496343.1
1674378,IT,FR,CHEM1,ELEC2,0.03,14889.452,4,4,14889.45,0.0,0.0,0.0,0.002,496315.066667
1735910,IT,SK,OFFIC,AUXIL,0.05,14889.304,3,3,14889.304,0.0,0.0,0.0,0.0,297786.08
1787333,IT,WA,CROPS,NONF1,0.12,14889.258,3,3,14889.258,0.0,0.0,0.0,0.0,124077.15
1723609,IT,PT,FABRI,SECO9,0.06,14889.198,3,3,14889.198,0.0,0.0,0.0,0.0,248153.3
1781998,IT,NO,RUBBE,PREC1,0.05,14889.112,3,3,14889.112,0.0,0.0,0.0,0.0,297782.24
1768774,IT,AU,WEARI,RESEA,0.11,14887.428,4,4,14887.425,0.0,0.0,0.0,0.003,135340.254545
1646820,IT,BE,SALEM,BUSIN,0.12,14885.352,3,3,14885.352,0.0,0.0,0.0,0.0,124044.6
1689685,IT,IE,POSTT,FINAN,0.25,14885.178,3,3,14885.178,0.0,0.0,0.0,0.0,59540.712
1642135,IT,AT,CERAM,KEROS,0.02,14884.996,3,3,14884.996,0.0,0.0,0.0,0.0,744249.8
1787564,IT,WA,CHEMI,RECRE,0.04,14884.417,4,4,14883.417,0.0,0.0,1.0,0.0,372110.425
1720132,IT,PL,LEAD1,PUBLI,0.03,14884.352,3,3,14884.352,0.0,0.0,0.0,0.0,496145.066667
1756664,IT,KR,TRAN2,GASDI,0.02,14883.77,3,3,14883.77,0.0,0.0,0.0,0.0,744188.5
1735389,IT,SK,BASIC,CEREA,0.02,14883.11,3,3,14883.11,0.0,0.0,0.0,0.0,744155.5
1722910,IT,PT,MOTOR,PUBLI,0.02,14882.65,3,3,14882.65,0.0,0.0,0.0,0.0,744132.5
1712310,IT,LV,RUBBE,MEATP,0.05,14882.355,3,3,14882.355,0.0,0.0,0.0,0.0,297647.1
1775282,IT,CH,BUSIN,CERAM,0.15,14882.345,3,3,14882.345,0.0,0.0,0.0,0.0,99215.633333
1715599,IT,NL,LIQUE,ELEC5,0.03,14881.885,3,3,14881.885,0.0,0.0,0.0,0.0,496062.833333
1710217,IT,LT,OFFIC,FABRI,0.05,14881.264,3,3,14881.264,0.0,0.0,0.0,0.0,297625.28
1682542,IT,HR,MOTOR,WEARI,0.02,14881.094,3,3,14881.094,0.0,0.0,0.0,0.0,744054.7
1648694,IT,BG,FOOD5,ANIMA,0.07,14881.053,3,3,14881.053,0.0,0.0,0.0,0.0,212586.471429
1745185,IT,JP,CROPS,RAWMI,0.12,14880.745,3,3,14880.745,0.0,0.0,0.0,0.0,124006.208333
1690068,IT,IE,RENTI,NONF1,0.09,14880.504,3,3,14880.504,0.0,0.0,0.0,0.0,165338.933333
1640792,IT,AT,WEARI,FOOD5,0.11,14879.179,4,4,14879.176,0.0,0.0,0.0,0.003,135265.263636
1749165,IT,CN,PULP5,KEROS,0.05,14878.802,3,3,14878.802,0.0,0.0,0.0,0.0,297576.04
1776562,IT,TR,KERO1,TEXT2,0.02,14878.762,3,3,14878.762,0.0,0.0,0.0,0.0,743938.1
1640565,IT,AT,FOOD5,MOTO1,0.07,14878.526,3,3,14878.526,0.0,0.0,0.0,0.0,212550.371429
1767059,IT,RU,FURNI,TEXTI,0.05,14877.809,3,3,14877.809,0.0,0.0,0.0,0.0,297556.18
1710264,IT,LT,MOTO1,MEDIC,0.08,14877.271,3,3,14877.271,0.0,0.0,0.0,0.0,185965.8875
1720822,IT,PL,FURNI,NONME,0.05,14877.022,3,3,14877.022,0.0,0.0,0.0,0.0,297540.44
1768664,IT,AU,TEXTI,PFERT,0.09,14876.407,4,4,14876.405,0.0,0.0,0.0,0.002,165293.411111
1646473,IT,BE,MACHI,CEMEN,0.08,14876.338,3,3,14876.338,0.0,0.0,0.0,0.0,185954.225
1764301,IT,MX,MACHI,PAPE4,0.08,14876.331,3,3,14876.331,0.0,0.0,0.0,0.0,185954.1375
1663709,IT,EE,CHEMI,ELEC6,0.04,14876.264,4,4,14875.264,0.0,0.0,1.0,0.0,371906.6
1764648,IT,MX,RETA1,ELECT,0.16,14875.413,3,3,14875.413,0.0,0.0,0.0,0.0,92971.33125
1811854,IT,WM,RUBBE,SUGA1,0.05,14874.939,3,3,14874.939,0.0,0.0,0.0,0.0,297498.78
1683169,IT,HR,GLASS,LEATH,0.04,14874.833,3,3,14874.833,0.0,0.0,0.0,0.0,371870.825
1751358,IT,CN,TRAN2,NATUR,0.02,14874.432,3,3,14874.432,0.0,0.0,0.0,0.0,743721.6
1747018,IT,JP,TRANS,MEDIC,0.09,14874.106,3,3,14874.106,0.0,0.0,0.0,0.0,165267.844444
1652890,IT,CZ,KEROS,WHEAT,0.02,14873.569,3,3,14873.569,0.0,0.0,0.0,0.0,743678.45
1763684,IT,MX,RUBBE,LEAD1,0.05,14873.297,3,3,14873.297,0.0,0.0,0.0,0.0,297465.94
1713579,IT,MT,CEMEN,93197,0.02,14872.481,3,3,14872.481,0.0,0.0,0.0,0.0,743624.05
1780902,IT,TW,RESEA,ELECT,0.08,14872.429,3,3,14872.429,0.0,0.0,0.0,0.0,185905.3625
1681891,IT,HR,DAIRY,LEATH,0.06,14871.574,3,3,14871.574,0.0,0.0,0.0,0.0,247859.566667
1813209,IT,WM,TRANS,PADDY,0.09,14869.741,3,3,14869.741,0.0,0.0,0.0,0.0,165219.344444
1807082,IT,WF,SEACO,PREC1,0.02,14869.417,3,3,14869.417,0.0,0.0,0.0,0.0,743470.85
1682604,IT,HR,KEROS,MEAT4,0.02,14868.012,3,3,14868.012,0.0,0.0,0.0,0.0,743400.6
1650043,IT,BG,MACHI,CERAM,0.08,14867.872,3,3,14867.872,0.0,0.0,0.0,0.0,185848.4
1717582,IT,NL,COMPU,HOTEL,0.17,14866.774,3,3,14866.774,0.0,0.0,0.0,0.0,87451.611765
1769794,IT,AU,MACHI,ELEC7,0.08,14866.762,3,3,14866.762,0.0,0.0,0.0,0.0,185834.525
1751113,IT,CN,RETA1,FABRI,0.16,14865.829,3,3,14865.829,0.0,0.0,0.0,0.0,92911.43125
1758282,IT,BR,ALUM1,NONME,0.03,14865.805,3,3,14865.805,0.0,0.0,0.0,0.0,495526.833333
1750145,IT,CN,PREC1,SECO9,0.03,14864.759,3,3,14864.759,0.0,0.0,0.0,0.0,495491.966667
1673256,IT,FR,FISH5,RETAI,0.06,14864.662,4,4,14864.654,0.0,0.0,0.0,0.008,247744.366667
1814659,IT,WM,PLAS1,VEGET,0.05,14864.543,3,3,14864.543,0.0,0.0,0.0,0.0,297290.86
1642586,IT,AT,FABRI,CRUDE,0.06,14863.668,3,3,14863.668,0.0,0.0,0.0,0.0,247727.8
1679739,IT,GR,BASIC,PFERT,0.02,14863.421,3,3,14863.421,0.0,0.0,0.0,0.0,743171.05
1749529,IT,CN,NONSP,NONSP,0.02,14862.919,3,3,14862.919,0.0,0.0,0.0,0.0,743145.95
1753108,IT,CA,RUBBE,BITU1,0.05,14862.744,3,3,14862.744,0.0,0.0,0.0,0.0,297254.88
1779147,IT,TR,POSTT,PRECI,0.24,14862.296,3,3,14862.296,0.0,0.0,0.0,0.0,61926.233333
1641697,IT,AT,PLAST,BIOGA,0.03,14862.28,4,4,14862.278,0.0,0.0,0.0,0.002,495409.333333
1795958,IT,WL,MOTO1,HEAVY,0.08,14861.473,3,3,14861.473,0.0,0.0,0.0,0.0,185768.4125
1730164,IT,SE,LANDT,PRINT,0.1,14861.044,3,3,14861.044,0.0,0.0,0.0,0.0,148610.44
1712213,IT,LV,PAPER,TEXTI,0.06,14860.851,3,3,14860.851,0.0,0.0,0.0,0.0,247680.85
1724484,IT,PT,SUPPO,LANDT,0.11,14860.764,3,3,14860.764,0.0,0.0,0.0,0.0,135097.854545
1783125,IT,NO,AUXIL,INSUR,0.27,14859.935,3,3,14859.935,0.0,0.0,0.0,0.0,55036.796296
1781737,IT,NO,PAPER,OFFIC,0.06,14859.551,3,3,14859.551,0.0,0.0,0.0,0.0,247659.183333
1667240,IT,ES,PREC1,TRAN1,0.03,14858.558,3,3,14858.558,0.0,0.0,0.0,0.0,495285.266667
1711663,IT,LU,COMPU,AIRTR,0.17,14858.111,3,3,14858.111,0.0,0.0,0.0,0.0,87400.652941
1720532,IT,PL,OFFIC,PAPER,0.05,14857.979,3,3,14857.979,0.0,0.0,0.0,0.0,297159.58
1758261,IT,BR,PREC1,ELECT,0.03,14857.547,3,3,14857.547,0.0,0.0,0.0,0.0,495251.566667
1732678,IT,SI,CERAM,NONF1,0.02,14857.422,3,3,14857.422,0.0,0.0,0.0,0.0,742871.1
1650235,IT,BG,FURNI,WHOLE,0.05,14857.056,3,3,14857.056,0.0,0.0,0.0,0.0,297141.12
1750947,IT,CN,CONST,COMPU,0.08,14856.512,3,3,14856.512,0.0,0.0,0.0,0.0,185706.4
1667457,IT,ES,FABRI,PADDY,0.06,14856.481,3,3,14856.481,0.0,0.0,0.0,0.0,247608.016667
1808617,IT,WF,PLAS2,WHOLE,0.12,14856.374,3,3,14856.374,0.0,0.0,0.0,0.0,123803.116667
1798238,IT,WE,VEGET,CONST,0.05,14856.324,3,3,14856.324,0.0,0.0,0.0,0.0,297126.48
1679902,IT,GR,COPP1,COMPU,0.04,14856.112,3,3,14856.112,0.0,0.0,0.0,0.0,371402.8
1787867,IT,WA,FOOD5,PUBLI,0.07,14855.608,3,3,14855.608,0.0,0.0,0.0,0.0,212222.971429
1641646,IT,AT,PARAF,CERAM,0.02,14855.025,3,3,14855.025,0.0,0.0,0.0,0.0,742751.25
1759059,IT,BR,SEACO,CEMEN,0.02,14854.874,3,3,14854.874,0.0,0.0,0.0,0.0,742743.7
1652573,IT,CZ,LEATH,FABRI,0.11,14854.15,4,4,14854.147,0.0,0.0,0.0,0.003,135037.727273
1727646,IT,RO,RENTI,CEMEN,0.09,14853.952,3,3,14853.952,0.0,0.0,0.0,0.0,165043.911111
1749330,IT,CN,PRINT,GLASS,0.14,14853.438,3,3,14853.438,0.0,0.0,0.0,0.0,106095.985714
1791417,IT,WA,WHOLE,VEGE1,0.13,14852.304,3,3,14852.304,0.0,0.0,0.0,0.0,114248.492308
1670591,IT,FI,TEXTI,93197,0.09,14849.842,4,4,14849.84,0.0,0.0,0.0,0.002,164998.244444
1732470,IT,SI,CHEM1,ELEC3,0.03,14849.838,4,4,14849.836,0.0,0.0,0.0,0.002,494994.6
1661777,IT,DK,LEATH,RENTI,0.11,14849.413,4,4,14849.41,0.0,0.0,0.0,0.003,134994.663636
1778450,IT,TR,WHOLE,SECO9,0.13,14849.316,3,3,14849.316,0.0,0.0,0.0,0.0,114225.507692
1654220,IT,CZ,MOTO1,INERT,0.08,14848.867,3,3,14848.867,0.0,0.0,0.0,0.0,185610.8375
1807701,IT,WF,BUSIN,FABRI,0.15,14848.781,3,3,14848.781,0.0,0.0,0.0,0.0,98991.873333
1775935,IT,TR,FOOD5,NONME,0.07,14848.701,3,3,14848.701,0.0,0.0,0.0,0.0,212124.3
1722915,IT,PT,KEROS,SUPPO,0.02,14847.648,3,3,14847.648,0.0,0.0,0.0,0.0,742382.4
1794486,IT,WL,GASDI,FABRI,0.02,14846.773,3,3,14846.773,0.0,0.0,0.0,0.0,742338.65
1731863,IT,SI,PRINT,MOTO1,0.14,14846.084,3,3,14846.084,0.0,0.0,0.0,0.0,106043.457143
1647383,IT,BE,INLAN,FOOD5,0.02,14845.669,3,3,14845.669,0.0,0.0,0.0,0.0,742283.45
1664532,IT,EE,FURNI,MOTO1,0.05,14845.529,3,3,14845.529,0.0,0.0,0.0,0.0,296910.58
1712369,IT,LV,GLASS,BEVER,0.04,14845.439,3,3,14845.439,0.0,0.0,0.0,0.0,371135.975
1770417,IT,AU,TRAN2,RETA1,0.02,14845.343,3,3,14845.343,0.0,0.0,0.0,0.0,742267.15
1710622,IT,LU,MEATC,FOOD5,0.05,14844.596,3,3,14844.596,0.0,0.0,0.0,0.0,296891.92
1659708,IT,DE,RAILW,CEMEN,0.1,14843.322,3,3,14843.322,0.0,0.0,0.0,0.0,148433.22
1644961,IT,BE,WOODW,ALUM1,0.04,14843.075,3,3,14843.075,0.0,0.0,0.0,0.0,371076.875
1731873,IT,SI,PRINT,SALEM,0.14,14842.836,3,3,14842.836,0.0,0.0,0.0,0.0,106020.257143
1662711,IT,DK,MACHI,PLAS1,0.08,14842.165,3,3,14842.165,0.0,0.0,0.0,0.0,185527.0625
1721030,IT,PL,HOTEL,KEROS,0.11,14841.925,3,3,14841.925,0.0,0.0,0.0,0.0,134926.590909
1778480,IT,TR,WHOLE,INTER,0.13,14841.8,3,3,14841.8,0.0,0.0,0.0,0.0,114167.692308
1778482,IT,TR,WHOLE,FOOD2,0.13,14841.652,3,3,14841.652,0.0,0.0,0.0,0.0,114166.553846
1778483,IT,TR,WHOLE,FOOD3,0.13,14841.369,3,3,14841.369,0.0,0.0,0.0,0.0,114164.376923
1778485,IT,TR,WHOLE,FOOD4,0.13,14841.34,3,3,14841.34,0.0,0.0,0.0,0.0,114164.153846
1778486,IT,TR,WHOLE,PAPE4,0.13,14841.249,3,3,14841.249,0.0,0.0,0.0,0.0,114163.453846
1778481,IT,TR,WHOLE,OILHA,0.13,14841.246,3,3,14841.246,0.0,0.0,0.0,0.0,114163.430769
1778490,IT,TR,WHOLE,WOOD2,0.13,14841.13,3,3,14841.13,0.0,0.0,0.0,0.0,114162.538462
1778487,IT,TR,WHOLE,PLAS2,0.13,14841.104,3,3,14841.104,0.0,0.0,0.0,0.0,114162.338462
1680263,IT,GR,FURNI,PLANT,0.05,14840.433,3,3,14840.433,0.0,0.0,0.0,0.0,296808.66
1766352,IT,RU,NONME,BUSIN,0.03,14840.041,4,4,14840.039,0.0,0.0,0.0,0.002,494668.033333
1748969,IT,CN,LEATH,OILSE,0.11,14839.591,4,4,14839.588,0.0,0.0,0.0,0.003,134905.372727
1676861,IT,FR,LANDT,WOOD1,0.1,14839.508,3,3,14839.508,0.0,0.0,0.0,0.0,148395.08
1771100,IT,CH,NATUR,MEMBE,0.02,14839.448,3,3,14839.448,0.0,0.0,0.0,0.0,741972.4
1684757,IT,HU,OILSE,DAIRY,0.01,14839.031,3,3,14839.031,0.0,0.0,0.0,0.0,1483903.1
1737210,IT,GB,PROCE,MEATC,0.1,14838.412,3,3,14838.412,0.0,0.0,0.0,0.0,148384.12
1655805,IT,DE,VEGE1,PROCE,0.05,14838.287,4,4,14838.284,0.0,0.0,0.0,0.003,296765.74
1659756,IT,DE,RAILW,93197,0.1,14838.2,3,3,14838.2,0.0,0.0,0.0,0.0,148382.0
1778169,IT,TR,FURNI,CATTL,0.05,14838.192,3,3,14838.192,0.0,0.0,0.0,0.0,296763.84
1688155,IT,HU,BUSIN,FURNI,0.15,14837.98,3,3,14837.98,0.0,0.0,0.0,0.0,98919.866667
1651290,IT,CY,BEVER,RAWMI,0.06,14837.81,3,3,14837.81,0.0,0.0,0.0,0.0,247296.833333
1735186,IT,SK,RUBBE,NONME,0.05,14836.134,3,3,14836.134,0.0,0.0,0.0,0.0,296722.68
1748353,IT,CN,VEGET,EDUCA,0.05,14835.278,3,3,14835.278,0.0,0.0,0.0,0.0,296705.56
1715131,IT,NL,LEATH,PULP5,0.11,14834.799,4,4,14834.796,0.0,0.0,0.0,0.003,134861.809091
1767161,IT,RU,WHOLE,DAIRY,0.13,14833.855,3,3,14833.855,0.0,0.0,0.0,0.0,114106.576923
1673599,IT,FR,WOODW,BIOGA,0.04,14833.517,3,3,14833.517,0.0,0.0,0.0,0.0,370837.925
1741591,IT,US,GASDI,RETAI,0.02,14833.506,3,3,14833.506,0.0,0.0,0.0,0.0,741675.3
1647682,IT,BE,FINAN,RENTI,0.19,14833.125,3,3,14833.125,0.0,0.0,0.0,0.0,78069.078947
1681476,IT,GR,COMPU,FINAN,0.17,14832.427,3,3,14832.427,0.0,0.0,0.0,0.0,87249.570588
1669025,IT,ES,SUPPO,PULP5,0.11,14832.216,3,3,14832.216,0.0,0.0,0.0,0.0,134838.327273
1774648,IT,CH,AIRTR,NONME,0.02,14832.116,3,3,14832.116,0.0,0.0,0.0,0.0,741605.8
1731159,IT,SI,STONE,BUSIN,0.05,14831.549,4,4,14830.549,0.0,0.0,1.0,0.0,296630.98
1648096,IT,BE,RESEA,PRINT,0.08,14831.16,3,3,14831.16,0.0,0.0,0.0,0.0,185389.5
1727167,IT,RO,LANDT,FOOD3,0.1,14831.133,3,3,14831.133,0.0,0.0,0.0,0.0,148311.33
1737038,IT,GB,STONE,COMPU,0.05,14830.924,4,4,14829.924,0.0,0.0,1.0,0.0,296618.48
1714642,IT,NL,MEATP,FISH5,0.06,14830.584,4,4,14830.582,0.0,0.0,0.0,0.002,247176.4
1749800,IT,CN,RUBBE,PLANT,0.05,14830.416,3,3,14830.416,0.0,0.0,0.0,0.0,296608.32
1738475,IT,GB,COPP1,PREC1,0.04,14830.141,3,3,14830.141,0.0,0.0,0.0,0.0,370753.525
1784165,IT,ID,PAPER,MACHI,0.06,14829.477,3,3,14829.477,0.0,0.0,0.0,0.0,247157.95
1812673,IT,WM,COPP1,NONF1,0.04,14828.557,3,3,14828.557,0.0,0.0,0.0,0.0,370713.925
1751194,IT,CN,HOTEL,LIQUE,0.11,14828.009,3,3,14828.009,0.0,0.0,0.0,0.0,134800.081818
1759262,IT,BR,POSTT,LIQUI,0.24,14827.725,3,3,14827.725,0.0,0.0,0.0,0.0,61782.1875
1784409,IT,ID,NONME,PAPER,0.03,14827.431,4,4,14827.429,0.0,0.0,0.0,0.002,494247.7
1770531,IT,AU,SUPPO,BITUM,0.11,14826.322,3,3,14826.322,0.0,0.0,0.0,0.0,134784.745455
1660508,IT,DE,INSUR,TRAN1,0.31,14826.306,3,3,14826.306,0.0,0.0,0.0,0.0,47826.793548
1733261,IT,SI,MACHI,EDUCA,0.08,14826.182,3,3,14826.182,0.0,0.0,0.0,0.0,185327.275
1654977,IT,CZ,INSUR,FINAN,0.31,14824.917,3,3,14824.917,0.0,0.0,0.0,0.0,47822.312903
1771280,IT,CH,DAIRY,RAWMI,0.06,14824.78,3,3,14824.78,0.0,0.0,0.0,0.0,247079.666667
1661451,IT,DK,DAIRY,SEACO,0.06,14824.668,3,3,14824.668,0.0,0.0,0.0,0.0,247077.8
1648745,IT,BG,FOOD5,EDUCA,0.07,14824.245,3,3,14824.245,0.0,0.0,0.0,0.0,211774.928571
1751376,IT,CN,SEACO,PFERT,0.02,14823.92,3,3,14823.92,0.0,0.0,0.0,0.0,741196.0
1647944,IT,BE,RENTI,DAIRY,0.09,14823.188,3,3,14823.188,0.0,0.0,0.0,0.0,164702.088889
1657064,IT,DE,NONSP,LUBRI,0.02,14822.94,3,3,14822.94,0.0,0.0,0.0,0.0,741147.0
1750934,IT,CN,CONST,RETA1,0.08,14822.512,3,3,14822.512,0.0,0.0,0.0,0.0,185281.4
1650114,IT,BG,OFFIC,CONST,0.05,14822.329,3,3,14822.329,0.0,0.0,0.0,0.0,296446.58
1711453,IT,LU,LANDT,PRINT,0.1,14821.255,3,3,14821.255,0.0,0.0,0.0,0.0,148212.55
1676153,IT,FR,CONST,STONE,0.08,14820.915,3,3,14820.915,0.0,0.0,0.0,0.0,185261.4375
1676395,IT,FR,WHOLE,ELEC8,0.13,14820.249,3,3,14820.249,0.0,0.0,0.0,0.0,114001.915385
1784386,IT,ID,GLASS,FABRI,0.04,14819.629,3,3,14819.629,0.0,0.0,0.0,0.0,370490.725
1755785,IT,KR,CERAM,KEROS,0.02,14819.567,3,3,14819.567,0.0,0.0,0.0,0.0,740978.35
1677115,IT,FR,SUPPO,WOOD1,0.11,14818.56,3,3,14818.56,0.0,0.0,0.0,0.0,134714.181818
1724944,IT,PT,BUSIN,FOOD4,0.15,14818.429,3,3,14818.429,0.0,0.0,0.0,0.0,98789.526667
1656136,IT,DE,FISH5,RETA1,0.06,14818.142,4,4,14818.134,0.0,0.0,0.0,0.008,246969.033333
1671229,IT,FI,BASIC,FISH5,0.02,14817.717,3,3,14817.717,0.0,0.0,0.0,0.0,740885.85
1643475,IT,AT,LANDT,RAILW,0.1,14816.947,3,3,14816.947,0.0,0.0,0.0,0.0,148169.47
1682766,IT,HR,HEAVY,OILSE,0.02,14816.644,3,3,14816.644,0.0,0.0,0.0,0.0,740832.2
1778353,IT,TR,RETAI,PFERT,0.12,14816.55,3,3,14816.55,0.0,0.0,0.0,0.0,123471.25
1680141,IT,GR,OFFIC,BUSIN,0.05,14816.267,3,3,14816.267,0.0,0.0,0.0,0.0,296325.34
1671557,IT,FI,OFFIC,PUBLI,0.05,14815.097,3,3,14815.097,0.0,0.0,0.0,0.0,296301.94
1687554,IT,HU,LANDT,TRAN1,0.1,14814.543,3,3,14814.543,0.0,0.0,0.0,0.0,148145.43
1808948,IT,WM,CEREA,AIRTR,0.02,14814.467,3,3,14814.467,0.0,0.0,0.0,0.0,740723.35
1685986,IT,HU,BIODI,MEATP,0.03,14813.818,4,4,14813.816,0.0,0.0,0.0,0.002,493793.933333
1801026,IT,WE,LEAD1,TRANS,0.03,14813.794,3,3,14813.794,0.0,0.0,0.0,0.0,493793.133333
1745950,IT,JP,WOODW,NONME,0.04,14813.701,3,3,14813.701,0.0,0.0,0.0,0.0,370342.525
1797132,IT,WL,POSTT,GLASS,0.24,14812.487,3,3,14812.487,0.0,0.0,0.0,0.0,61718.695833
1743457,IT,US,WHOLE,GLASS,0.13,14811.64,3,3,14811.64,0.0,0.0,0.0,0.0,113935.692308
1655361,IT,DE,OILSE,ADDIT,0.01,14809.802,3,3,14809.802,0.0,0.0,0.0,0.0,1480980.2
1679774,IT,GR,BASIC,RECRE,0.02,14809.762,3,3,14809.762,0.0,0.0,0.0,0.0,740488.1
1774543,IT,CH,TRAN2,INERT,0.02,14809.622,3,3,14809.622,0.0,0.0,0.0,0.0,740481.1
1793282,IT,WA,PRIVA,GLASS,3.3,14808.63,4,4,14808.628,0.0,0.0,0.0,0.002,4487.463636
1739286,IT,GB,HOTEL,CEMEN,0.11,14808.435,3,3,14808.435,0.0,0.0,0.0,0.0,134622.136364
1769583,IT,AU,COPP1,FURNI,0.04,14808.409,3,3,14808.409,0.0,0.0,0.0,0.0,370210.225
1737341,IT,GB,BEVER,CONST,0.06,14808.048,3,3,14808.048,0.0,0.0,0.0,0.0,246800.8
1646582,IT,BE,MOTO1,PRINT,0.08,14807.192,3,3,14807.192,0.0,0.0,0.0,0.0,185089.9
1642150,IT,AT,CERAM,FOUND,0.02,14807.073,3,3,14807.073,0.0,0.0,0.0,0.0,740353.65
1653594,IT,CZ,PREC1,FOOD5,0.03,14806.611,3,3,14806.611,0.0,0.0,0.0,0.0,493553.7
1787865,IT,WA,FOOD5,COMPU,0.07,14806.077,3,3,14806.077,0.0,0.0,0.0,0.0,211515.385714
1761199,IT,IN,ADDIT,CHEM1,0.03,14805.691,3,3,14805.691,0.0,0.0,0.0,0.0,493523.033333
1669235,IT,ES,POSTT,FOOD2,0.24,14805.601,3,3,14805.601,0.0,0.0,0.0,0.0,61690.004167
1775681,IT,TR,OILSE,VEGE1,0.01,14804.513,3,3,14804.513,0.0,0.0,0.0,0.0,1480451.3
1812037,IT,WM,CERAM,MEATA,0.02,14804.459,3,3,14804.459,0.0,0.0,0.0,0.0,740222.95
1789031,IT,WA,NAPHT,WHITE,0.03,14804.07,3,3,14804.07,0.0,0.0,0.0,0.0,493469.0
1677633,IT,FR,REALE,AUXIL,0.63,14803.337,3,3,14803.337,0.0,0.0,0.0,0.0,23497.360317
1710699,IT,LU,FOOD5,PIGS9,0.07,14803.238,3,3,14803.238,0.0,0.0,0.0,0.0,211474.828571
1649037,IT,BG,WOODW,RETA1,0.04,14803.159,3,3,14803.159,0.0,0.0,0.0,0.0,370078.975
1712115,IT,LV,TEXTI,RENTI,0.09,14803.132,4,4,14803.13,0.0,0.0,0.0,0.002,164479.244444
1641305,IT,AT,MOTOR,OILHA,0.02,14802.544,3,3,14802.544,0.0,0.0,0.0,0.0,740127.2
1648897,IT,BG,TEXTI,AUXIL,0.09,14802.44,4,4,14802.438,0.0,0.0,0.0,0.002,164471.555556
1755832,IT,KR,BRICK,NONME,0.02,14802.207,3,3,14802.207,0.0,0.0,0.0,0.0,740110.35
1792779,IT,WA,BUSIN,REALE,0.15,14802.089,3,3,14802.089,0.0,0.0,0.0,0.0,98680.593333
1643663,IT,AT,AIRTR,PLAS1,0.02,14801.272,3,3,14801.272,0.0,0.0,0.0,0.0,740063.6
1789779,IT,WA,GLASS,BLAST,0.04,14800.899,3,3,14800.899,0.0,0.0,0.0,0.0,370022.475
1670744,IT,FI,PAPER,RETAI,0.06,14799.959,3,3,14799.959,0.0,0.0,0.0,0.0,246665.983333
1676928,IT,FR,AIRTR,RAWMI,0.02,14799.895,3,3,14799.895,0.0,0.0,0.0,0.0,739994.75
1789152,IT,WA,PLAST,LIGNI,0.03,14799.092,4,4,14799.09,0.0,0.0,0.0,0.002,493303.066667
1809286,IT,WM,STONE,PADDY,0.05,14797.98,4,4,14796.98,0.0,0.0,1.0,0.0,295959.6
1675294,IT,FR,FABRI,INLAN,0.06,14797.64,3,3,14797.64,0.0,0.0,0.0,0.0,246627.333333
1721940,IT,PL,RENTI,93197,0.09,14797.353,3,3,14797.353,0.0,0.0,0.0,0.0,164415.033333
1779212,IT,TR,POSTT,RETAI,0.24,14796.571,3,3,14796.571,0.0,0.0,0.0,0.0,61652.379167
1670579,IT,FI,TEXTI,RENTI,0.09,14796.524,4,4,14796.522,0.0,0.0,0.0,0.002,164405.822222
1652495,IT,CZ,WEARI,FOUND,0.11,14796.354,4,4,14796.351,0.0,0.0,0.0,0.003,134512.309091
1682354,IT,HR,WOODW,COLLE,0.04,14796.243,3,3,14796.243,0.0,0.0,0.0,0.0,369906.075
1788706,IT,WA,MOTOR,LEATH,0.02,14795.857,3,3,14795.857,0.0,0.0,0.0,0.0,739792.85
1663743,IT,EE,FOOD5,MEATC,0.07,14795.63,3,3,14795.63,0.0,0.0,0.0,0.0,211366.142857
1752599,IT,CA,TEXTI,OILSE,0.09,14795.582,4,4,14795.58,0.0,0.0,0.0,0.002,164395.355556
1793538,IT,WL,MEAT1,EDUCA,0.07,14795.499,4,4,14795.497,0.0,0.0,0.0,0.002,211364.271429
1742515,IT,US,BASIC,INSUR,0.02,14793.209,3,3,14793.209,0.0,0.0,0.0,0.0,739660.45
1784523,IT,ID,FABRI,DISTR,0.06,14792.934,3,3,14792.934,0.0,0.0,0.0,0.0,246548.9
1689188,IT,IE,RETAI,TEXTI,0.12,14792.87,3,3,14792.87,0.0,0.0,0.0,0.0,123273.916667
1765211,IT,MX,BUSIN,MEMBE,0.15,14792.811,3,3,14792.811,0.0,0.0,0.0,0.0,98618.74
1786047,IT,ZA,CERAM,POSTT,0.02,14791.65,3,3,14791.65,0.0,0.0,0.0,0.0,739582.5
1679122,IT,GR,PAPER,BRICK,0.06,14790.931,3,3,14790.931,0.0,0.0,0.0,0.0,246515.516667
1769210,IT,AU,CHEM1,MEMBE,0.03,14790.891,4,4,14790.889,0.0,0.0,0.0,0.002,493029.7
1723566,IT,PT,FABRI,VEGE1,0.06,14790.624,3,3,14790.624,0.0,0.0,0.0,0.0,246510.4
1796612,IT,WL,HOTEL,NFERT,0.11,14790.298,3,3,14790.298,0.0,0.0,0.0,0.0,134457.254545
1662448,IT,DK,ALUM1,WEARI,0.03,14790.191,3,3,14790.191,0.0,0.0,0.0,0.0,493006.366667
1751920,IT,CN,COMPU,MEDIC,0.17,14790.051,3,3,14790.051,0.0,0.0,0.0,0.0,87000.3
1741620,IT,US,HEAVY,SUBBI,0.02,14789.619,3,3,14789.619,0.0,0.0,0.0,0.0,739480.95
1768048,IT,RU,BUSIN,NAPHT,0.15,14789.418,3,3,14789.418,0.0,0.0,0.0,0.0,98596.12
1688228,IT,IE,WHEAT,PLAST,0.01,14789.042,3,3,14789.042,0.0,0.0,0.0,0.0,1478904.2
1757534,IT,BR,PRINT,RECRE,0.14,14788.319,3,3,14788.319,0.0,0.0,0.0,0.0,105630.85
1789509,IT,WA,ADDIT,NONME,0.03,14787.847,3,3,14787.847,0.0,0.0,0.0,0.0,492928.233333
1710746,IT,LU,BEVER,93197,0.06,14787.58,3,3,14787.58,0.0,0.0,0.0,0.0,246459.666667
1761555,IT,IN,COPP1,PLAST,0.04,14786.628,3,3,14786.628,0.0,0.0,0.0,0.0,369665.7
1752347,IT,CA,MEAT4,COKEO,0.08,14786.38,3,3,14786.38,0.0,0.0,0.0,0.0,184829.75
1800898,IT,WE,PREC1,BITU1,0.03,14785.236,3,3,14785.236,0.0,0.0,0.0,0.0,492841.2
1734399,IT,SK,VEGET,COALT,0.05,14785.044,3,3,14785.044,0.0,0.0,0.0,0.0,295700.88
1720657,IT,PL,MOTO1,RADIO,0.08,14784.802,3,3,14784.802,0.0,0.0,0.0,0.0,184810.025
1647828,IT,BE,AUXIL,TRAN1,0.27,14781.245,3,3,14781.245,0.0,0.0,0.0,0.0,54745.351852
1740866,IT,US,DAIRY,BIOGA,0.06,14780.723,3,3,14780.723,0.0,0.0,0.0,0.0,246345.383333
1789521,IT,WA,ADDIT,ELEC2,0.03,14779.605,3,3,14779.605,0.0,0.0,0.0,0.0,492653.5
1666460,IT,ES,NONSP,LANDT,0.02,14778.813,3,3,14778.813,0.0,0.0,0.0,0.0,738940.65
1662698,IT,DK,MACHI,FINAN,0.08,14776.664,3,3,14776.664,0.0,0.0,0.0,0.0,184708.3
1677271,IT,FR,FINAN,MOTOR,0.19,14776.393,3,3,14776.393,0.0,0.0,0.0,0.0,77770.489474
1644222,IT,BE,OILSE,DAIRY,0.01,14775.523,3,3,14775.523,0.0,0.0,0.0,0.0,1477552.3
1714427,IT,NL,OILSE,HOTEL,0.01,14775.251,3,3,14775.251,0.0,0.0,0.0,0.0,1477525.1
1810214,IT,WM,LEATH,COPPE,0.11,14775.062,4,4,14775.059,0.0,0.0,0.0,0.003,134318.745455
1661154,IT,DE,RECRE,MEMBE,0.19,14775.02,3,3,14775.02,0.0,0.0,0.0,0.0,77763.263158
1729247,IT,SE,CERAM,PLAS1,0.02,14774.522,3,3,14774.522,0.0,0.0,0.0,0.0,738726.1
1769878,IT,AU,OFFIC,93197,0.05,14774.034,3,3,14774.034,0.0,0.0,0.0,0.0,295480.68
1732334,IT,SI,NAPHT,SALEM,0.03,14773.943,3,3,14773.943,0.0,0.0,0.0,0.0,492464.766667
1688329,IT,IE,VEGE1,RENTI,0.05,14773.781,4,4,14773.778,0.0,0.0,0.0,0.003,295475.62
1684928,IT,HU,CHEMI,REALE,0.04,14773.494,4,4,14772.494,0.0,0.0,1.0,0.0,369337.35
1740405,IT,GB,HEALT,COMPU,0.08,14773.373,3,3,14773.373,0.0,0.0,0.0,0.0,184667.1625
1641691,IT,AT,PLAST,MOTOR,0.03,14773.368,4,4,14773.366,0.0,0.0,0.0,0.002,492445.6
1665056,IT,ES,MEATP,PLAS1,0.06,14772.489,4,4,14772.487,0.0,0.0,0.0,0.002,246208.15
1666393,IT,ES,NAPHT,OFFIC,0.03,14772.468,3,3,14772.468,0.0,0.0,0.0,0.0,492415.6
1718648,IT,PL,WOODW,PIGS9,0.04,14772.363,3,3,14772.363,0.0,0.0,0.0,0.0,369309.075
1669847,IT,ES,BUSIN,FOOD2,0.15,14771.794,3,3,14771.794,0.0,0.0,0.0,0.0,98478.626667
1714602,IT,NL,SANDC,EDUCA,0.03,14771.29,4,4,14768.29,0.0,0.0,3.0,0.0,492376.333333
1685988,IT,HU,BIODI,DAIRY,0.03,14771.176,4,4,14771.174,0.0,0.0,0.0,0.002,492372.533333
1742629,IT,US,LEAD1,CONST,0.03,14770.962,3,3,14770.962,0.0,0.0,0.0,0.0,492365.4
1715970,IT,NL,CERAM,OFFIC,0.02,14769.669,3,3,14769.669,0.0,0.0,0.0,0.0,738483.45
1785747,IT,ZA,PLAST,PRINT,0.03,14769.379,4,4,14769.377,0.0,0.0,0.0,0.002,492312.633333
1760884,IT,IN,GASDI,MACHI,0.02,14769.279,3,3,14769.279,0.0,0.0,0.0,0.0,738463.95
1730033,IT,SE,WHOLE,RUBBE,0.13,14768.82,3,3,14768.82,0.0,0.0,0.0,0.0,113606.307692
1688125,IT,HU,BUSIN,WOODW,0.15,14766.763,3,3,14766.763,0.0,0.0,0.0,0.0,98445.086667
1710629,IT,LU,MEATC,COMPU,0.05,14765.622,3,3,14765.622,0.0,0.0,0.0,0.0,295312.44
1797855,IT,WL,FOOD2,REALE,0.09,14764.807,3,3,14764.807,0.0,0.0,0.0,0.0,164053.411111
1717434,IT,NL,INSUR,INSUR,0.3,14764.662,3,3,14764.662,0.0,0.0,0.0,0.0,49215.54
1720971,IT,PL,WHOLE,RETA1,0.13,14764.504,3,3,14764.504,0.0,0.0,0.0,0.0,113573.107692
1771227,IT,CH,VEGE1,HEAVY,0.05,14763.961,4,4,14763.958,0.0,0.0,0.0,0.003,295279.22
1735639,IT,SK,COPP1,COMPU,0.04,14763.779,3,3,14763.779,0.0,0.0,0.0,0.0,369094.475
1715747,IT,NL,BIOGA,PUBLI,0.03,14763.748,3,3,14763.748,0.0,0.0,0.0,0.0,492124.933333
1643769,IT,AT,POSTT,BIOGA,0.24,14763.171,3,3,14763.171,0.0,0.0,0.0,0.0,61513.2125
1681515,IT,GR,BUSIN,PULP5,0.15,14762.687,3,3,14762.687,0.0,0.0,0.0,0.0,98417.913333
1772773,IT,CH,NONME,HEAVY,0.03,14762.665,4,4,14762.663,0.0,0.0,0.0,0.002,492088.833333
1710870,IT,LU,PRINT,BUSIN,0.14,14762.397,3,3,14762.397,0.0,0.0,0.0,0.0,105445.692857
1686304,IT,HU,NONME,CEREA,0.03,14761.46,4,4,14761.458,0.0,0.0,0.0,0.002,492048.666667
1675004,IT,FR,PREC1,TRANS,0.03,14761.127,3,3,14761.127,0.0,0.0,0.0,0.0,492037.566667
1712613,IT,LV,OFFIC,HOTEL,0.05,14760.985,3,3,14760.985,0.0,0.0,0.0,0.0,295219.7
1813066,IT,WM,OFFIC,COLLE,0.05,14760.483,3,3,14760.483,0.0,0.0,0.0,0.0,295209.66
1690334,IT,IE,FOOD2,HEALT,0.09,14759.95,3,3,14759.95,0.0,0.0,0.0,0.0,163999.444444
1672764,IT,FR,MEATC,REALE,0.05,14759.81,3,3,14759.81,0.0,0.0,0.0,0.0,295196.2
1720778,IT,PL,TRANS,POSTT,0.09,14759.09,3,3,14759.09,0.0,0.0,0.0,0.0,163989.888889
1685337,IT,HU,WEARI,REALE,0.11,14758.931,4,4,14758.928,0.0,0.0,0.0,0.003,134172.1
1730671,IT,SE,RENTI,INTER,0.09,14758.901,3,3,14758.901,0.0,0.0,0.0,0.0,163987.788889
1723612,IT,PT,FABRI,ELEC5,0.06,14758.281,3,3,14758.281,0.0,0.0,0.0,0.0,245971.35
1776693,IT,TR,HEAVY,ELECT,0.02,14757.989,3,3,14757.989,0.0,0.0,0.0,0.0,737899.45
1744578,IT,US,REALE,RECRE,0.62,14757.889,3,3,14757.889,0.0,0.0,0.0,0.0,23803.046774
1682062,IT,HR,FISH5,RETA1,0.06,14757.774,4,4,14757.766,0.0,0.0,0.0,0.008,245962.9
1783499,IT,NO,OILHA,FISHF,0.08,14757.378,3,3,14757.378,0.0,0.0,0.0,0.0,184467.225
1739674,IT,GB,SUPPO,MEATC,0.11,14757.291,3,3,14757.291,0.0,0.0,0.0,0.0,134157.190909
1658006,IT,DE,PREC1,COKEO,0.03,14757.117,3,3,14757.117,0.0,0.0,0.0,0.0,491903.9
1800922,IT,WE,PREC1,POSTT,0.03,14756.707,3,3,14756.707,0.0,0.0,0.0,0.0,491890.233333
1810316,IT,WM,WOODW,SANDC,0.04,14756.365,3,3,14756.365,0.0,0.0,0.0,0.0,368909.125
1640960,IT,AT,WOODW,BRICK,0.04,14756.204,3,3,14756.204,0.0,0.0,0.0,0.0,368905.1
1641398,IT,AT,KERO1,NAPHT,0.02,14756.041,3,3,14756.041,0.0,0.0,0.0,0.0,737802.05
1720797,IT,PL,FURNI,MEATP,0.05,14756.006,3,3,14756.006,0.0,0.0,0.0,0.0,295120.12
1756445,IT,KR,CONST,MACHI,0.08,14755.98,3,3,14755.98,0.0,0.0,0.0,0.0,184449.75
1731888,IT,SI,PRINT,COMPU,0.14,14755.234,3,3,14755.234,0.0,0.0,0.0,0.0,105394.528571
1659885,IT,DE,LANDT,PLAS1,0.1,14754.428,3,3,14754.428,0.0,0.0,0.0,0.0,147544.28
1724260,IT,PT,LANDT,LEATH,0.1,14754.041,3,3,14754.041,0.0,0.0,0.0,0.0,147540.41
1642829,IT,AT,OFFIC,LANDT,0.05,14753.455,3,3,14753.455,0.0,0.0,0.0,0.0,295069.1
1757706,IT,BR,HEAVY,FOOD4,0.02,14753.05,3,3,14753.05,0.0,0.0,0.0,0.0,737652.5
1735178,IT,SK,RUBBE,ADDIT,0.05,14752.169,3,3,14752.169,0.0,0.0,0.0,0.0,295043.38
1756750,IT,KR,AIRTR,PULP5,0.02,14751.755,3,3,14751.755,0.0,0.0,0.0,0.0,737587.75
1802317,IT,WE,TRAN2,RETA1,0.02,14751.589,3,3,14751.589,0.0,0.0,0.0,0.0,737579.45
1717997,IT,PL,CHEMI,ANIMA,0.04,14751.544,4,4,14750.544,0.0,0.0,1.0,0.0,368788.6
1744538,IT,US,REALE,MOTO1,0.62,14751.261,3,3,14751.261,0.0,0.0,0.0,0.0,23792.356452
1665870,IT,ES,PRINT,LANDT,0.14,14751.054,3,3,14751.054,0.0,0.0,0.0,0.0,105364.671429
1683057,IT,HR,RUBBE,PLANT,0.05,14750.739,3,3,14750.739,0.0,0.0,0.0,0.0,295014.78
1763158,IT,MX,LEATH,KEROS,0.11,14750.475,4,4,14750.472,0.0,0.0,0.0,0.003,134095.227273
1755936,IT,KR,BASIC,RENTI,0.02,14748.764,3,3,14748.764,0.0,0.0,0.0,0.0,737438.2
1795538,IT,WL,ALUM1,RETAI,0.03,14748.3,3,3,14748.3,0.0,0.0,0.0,0.0,491610.0
1736182,IT,SK,WHOLE,GASDI,0.13,14747.156,3,3,14747.156,0.0,0.0,0.0,0.0,113439.661538
1709891,IT,LT,CEMEN,CEMEN,0.02,14746.876,3,3,14746.876,0.0,0.0,0.0,0.0,737343.8
1683464,IT,HR,PREC1,PRINT,0.03,14746.543,3,3,14746.543,0.0,0.0,0.0,0.0,491551.433333
1809572,IT,WM,VEGE1,NAPHT,0.05,14746.339,4,4,14746.336,0.0,0.0,0.0,0.003,294926.78
1771798,IT,CH,LEATH,FOOD2,0.11,14745.705,4,4,14745.702,0.0,0.0,0.0,0.003,134051.863636
1661621,IT,DK,FISH5,FISH5,0.06,14745.705,4,4,14745.697,0.0,0.0,0.0,0.008,245761.75
1814662,IT,WM,PLAS1,NATUR,0.05,14745.289,3,3,14745.289,0.0,0.0,0.0,0.0,294905.78
1658774,IT,DE,MOTO1,SANDC,0.08,14745.155,3,3,14745.155,0.0,0.0,0.0,0.0,184314.4375
1783322,IT,NO,PAPE1,FABRI,0.1,14744.74,3,3,14744.74,0.0,0.0,0.0,0.0,147447.4
1782802,IT,NO,HOTEL,FURNI,0.11,14743.702,3,3,14743.702,0.0,0.0,0.0,0.0,134033.654545
1651537,IT,CY,RUBBE,PRINT,0.05,14743.264,3,3,14743.264,0.0,0.0,0.0,0.0,294865.28
1688294,IT,IE,SANDC,CEMEN,0.03,14742.715,4,4,14739.715,0.0,0.0,3.0,0.0,491423.833333
1796323,IT,WL,SALEM,POSTT,0.12,14742.492,3,3,14742.492,0.0,0.0,0.0,0.0,122854.1
1808893,IT,WF,PRIVA,WHOLE,3.29,14742.188,4,4,14742.186,0.0,0.0,0.0,0.002,4480.908207
1793445,IT,WL,NATUR,FISH5,0.02,14741.976,3,3,14741.976,0.0,0.0,0.0,0.0,737098.8
1758434,IT,BR,FABRI,LANDT,0.06,14741.579,3,3,14741.579,0.0,0.0,0.0,0.0,245692.983333
1668956,IT,ES,AIRTR,CERAM,0.02,14741.026,3,3,14741.026,0.0,0.0,0.0,0.0,737051.3
1788617,IT,WA,PRINT,VEGE1,0.14,14740.939,3,3,14740.939,0.0,0.0,0.0,0.0,105292.421429
1667992,IT,ES,TRANS,FINAN,0.09,14740.207,3,3,14740.207,0.0,0.0,0.0,0.0,163780.077778
1800622,IT,WE,GLASS,HOTEL,0.04,14739.498,3,3,14739.498,0.0,0.0,0.0,0.0,368487.45
1656654,IT,DE,PRINT,FOOD1,0.14,14739.395,3,3,14739.395,0.0,0.0,0.0,0.0,105281.392857
1666348,IT,ES,LIQUE,COMPU,0.03,14738.036,3,3,14738.036,0.0,0.0,0.0,0.0,491267.866667
1779604,IT,TR,COMPU,AIRTR,0.17,14737.828,3,3,14737.828,0.0,0.0,0.0,0.0,86693.105882
1751072,IT,CN,RETA1,POULT,0.15,14737.675,3,3,14737.675,0.0,0.0,0.0,0.0,98251.166667
1751176,IT,CN,HOTEL,PROCE,0.11,14737.507,3,3,14737.507,0.0,0.0,0.0,0.0,133977.336364
1723699,IT,PT,MACHI,PREC1,0.08,14736.973,3,3,14736.973,0.0,0.0,0.0,0.0,184212.1625
1645442,IT,BE,LIQUE,HEALT,0.03,14736.571,3,3,14736.571,0.0,0.0,0.0,0.0,491219.033333
1793625,IT,WL,DAIRY,VEGE1,0.06,14736.29,3,3,14736.29,0.0,0.0,0.0,0.0,245604.833333
1711285,IT,LU,SALEM,LANDT,0.12,14735.621,3,3,14735.621,0.0,0.0,0.0,0.0,122796.841667
1747958,IT,JP,RESEA,MEDIC,0.08,14735.571,3,3,14735.571,0.0,0.0,0.0,0.0,184194.6375
1809126,IT,WM,CROPS,OFFIC,0.12,14735.254,3,3,14735.254,0.0,0.0,0.0,0.0,122793.783333
1755502,IT,KR,CHEM1,NICKE,0.03,14735.189,4,4,14735.187,0.0,0.0,0.0,0.002,491172.966667
1685591,IT,HU,PRINT,BASIC,0.14,14734.622,3,3,14734.622,0.0,0.0,0.0,0.0,105247.3
1811436,IT,WM,PLAST,WHITE,0.03,14733.675,3,3,14733.675,0.0,0.0,0.0,0.0,491122.5
1801079,IT,WE,COPP1,FOUND,0.04,14733.058,3,3,14733.058,0.0,0.0,0.0,0.0,368326.45
1811948,IT,WM,GLASS,PIGS9,0.04,14732.427,3,3,14732.427,0.0,0.0,0.0,0.0,368310.675
1759948,IT,BR,PLAS1,FURNI,0.05,14732.266,3,3,14732.266,0.0,0.0,0.0,0.0,294645.32
1807124,IT,WF,AIRTR,COKIN,0.02,14732.087,3,3,14732.087,0.0,0.0,0.0,0.0,736604.35
1681216,IT,GR,FINAN,PLANT,0.19,14732.065,3,3,14732.065,0.0,0.0,0.0,0.0,77537.184211
1640704,IT,AT,TOBAC,BASIC,0.06,14731.365,3,3,14731.365,0.0,0.0,0.0,0.0,245522.75
1754457,IT,CA,BUSIN,CATTL,0.15,14731.051,3,3,14731.051,0.0,0.0,0.0,0.0,98207.006667
1780243,IT,TW,LANDT,FISHF,0.1,14730.701,3,3,14730.701,0.0,0.0,0.0,0.0,147307.01
1793661,IT,WL,PROCE,CHEM1,0.1,14729.992,3,3,14729.992,0.0,0.0,0.0,0.0,147299.92
1732705,IT,SI,CERAM,INTER,0.02,14729.587,3,3,14729.587,0.0,0.0,0.0,0.0,736479.35
1719051,IT,PL,LIQUE,RUBBE,0.03,14729.279,3,3,14729.279,0.0,0.0,0.0,0.0,490975.966667
1813163,IT,WM,MOTO1,ELECT,0.08,14728.582,3,3,14728.582,0.0,0.0,0.0,0.0,184107.275
1687598,IT,HU,TRAN2,NATUR,0.02,14728.161,3,3,14728.161,0.0,0.0,0.0,0.0,736408.05
1682701,IT,HR,GASDI,MEATC,0.02,14728.027,3,3,14728.027,0.0,0.0,0.0,0.0,736401.35
1777450,IT,TR,NONME,SUPPO,0.03,14727.521,4,4,14727.519,0.0,0.0,0.0,0.002,490917.366667
1669238,IT,ES,POSTT,FOOD4,0.24,14727.487,3,3,14727.487,0.0,0.0,0.0,0.0,61364.529167
1783999,IT,ID,FOOD5,RETA1,0.07,14726.72,3,3,14726.72,0.0,0.0,0.0,0.0,210381.714286
1670533,IT,FI,FISH5,TRANS,0.06,14726.585,4,4,14726.577,0.0,0.0,0.0,0.008,245443.083333
1676082,IT,FR,ELEC7,COMPU,0.01,14726.559,3,3,14726.559,0.0,0.0,0.0,0.0,1472655.9
1779154,IT,TR,POSTT,MEAT1,0.24,14725.914,3,3,14725.914,0.0,0.0,0.0,0.0,61357.975
1741495,IT,US,MOTOR,PAPE4,0.02,14724.999,3,3,14724.999,0.0,0.0,0.0,0.0,736249.95
1761321,IT,IN,GLASS,TEXTI,0.04,14724.959,3,3,14724.959,0.0,0.0,0.0,0.0,368123.975
1654731,IT,CZ,TRAN2,WHOLE,0.02,14724.902,3,3,14724.902,0.0,0.0,0.0,0.0,736245.1
1790876,IT,WA,OFFIC,PIGS9,0.05,14724.693,3,3,14724.693,0.0,0.0,0.0,0.0,294493.86
1728707,IT,SE,MOTOR,HEAVY,0.02,14723.927,3,3,14723.927,0.0,0.0,0.0,0.0,736196.35
1786924,IT,ZA,AIRTR,LANDT,0.02,14723.262,3,3,14723.262,0.0,0.0,0.0,0.0,736163.1
1679396,IT,GR,PLAST,FOOD3,0.03,14723.26,3,3,14723.26,0.0,0.0,0.0,0.0,490775.333333
1784903,IT,ID,POSTT,PREC1,0.24,14722.273,3,3,14722.273,0.0,0.0,0.0,0.0,61342.804167
1731178,IT,SI,SANDC,REALE,0.03,14721.96,4,4,14718.96,0.0,0.0,3.0,0.0,490732.0
1719333,IT,PL,CHEM1,TEXT2,0.03,14721.498,4,4,14721.496,0.0,0.0,0.0,0.002,490716.6
1646197,IT,BE,ALUM1,RADIO,0.03,14721.474,3,3,14721.474,0.0,0.0,0.0,0.0,490715.8
1751980,IT,CN,RESEA,HEAVY,0.08,14719.816,3,3,14719.816,0.0,0.0,0.0,0.0,183997.7
1668410,IT,ES,RETA1,FOUND,0.15,14719.539,3,3,14719.539,0.0,0.0,0.0,0.0,98130.26
1802048,IT,WE,WHOLE,SUPPO,0.13,14719.102,3,3,14719.102,0.0,0.0,0.0,0.0,113223.861538
1724302,IT,PT,LANDT,RETA1,0.09,14718.949,3,3,14718.949,0.0,0.0,0.0,0.0,163543.877778
1689100,IT,IE,FURNI,RECRE,0.05,14718.769,3,3,14718.769,0.0,0.0,0.0,0.0,294375.38
1772624,IT,CH,GLASS,HEAVY,0.04,14718.44,3,3,14718.44,0.0,0.0,0.0,0.0,367961.0
1737159,IT,GB,VEGE1,SUPPO,0.05,14716.231,4,4,14716.228,0.0,0.0,0.0,0.003,294324.62
1718668,IT,PL,WOODW,PRINT,0.04,14713.761,3,3,14713.761,0.0,0.0,0.0,0.0,367844.025
1813354,IT,WM,FURNI,PULP5,0.05,14713.01,3,3,14713.01,0.0,0.0,0.0,0.0,294260.2
1778903,IT,TR,SEACO,COALT,0.01,14712.97,3,3,14712.97,0.0,0.0,0.0,0.0,1471297.0
1814916,IT,WM,PRIVA,MOTOR,3.28,14712.294,4,4,14712.292,0.0,0.0,0.0,0.002,4485.455488
1772722,IT,CH,BRICK,NONF1,0.02,14712.134,3,3,14712.134,0.0,0.0,0.0,0.0,735606.7
1799690,IT,WE,MOTOR,GASWO,0.02,14711.377,3,3,14711.377,0.0,0.0,0.0,0.0,735568.85
1711192,IT,LU,MACHI,DAIRY,0.08,14711.289,3,3,14711.289,0.0,0.0,0.0,0.0,183891.1125
1713459,IT,MT,CHEM1,ELEC2,0.03,14711.096,4,4,14711.094,0.0,0.0,0.0,0.002,490369.866667
1675980,IT,FR,ELEC4,BUSIN,0.23,14709.83,3,3,14709.83,0.0,0.0,0.0,0.0,63955.782609
1782041,IT,NO,RUBBE,FOOD3,0.05,14709.533,3,3,14709.533,0.0,0.0,0.0,0.0,294190.66
1641719,IT,AT,PLAST,SALEM,0.03,14709.061,3,3,14709.061,0.0,0.0,0.0,0.0,490302.033333
1738709,IT,GB,MACHI,COLLE,0.08,14708.58,3,3,14708.58,0.0,0.0,0.0,0.0,183857.25
1746329,IT,JP,ADDIT,LUBRI,0.03,14708.085,3,3,14708.085,0.0,0.0,0.0,0.0,490269.5
1645242,IT,BE,COALT,FOUND,0.02,14707.989,3,3,14707.989,0.0,0.0,0.0,0.0,735399.45
1652753,IT,CZ,PAPER,RETAI,0.06,14707.406,3,3,14707.406,0.0,0.0,0.0,0.0,245123.433333
1795963,IT,WL,MOTO1,NFERT,0.08,14707.052,3,3,14707.052,0.0,0.0,0.0,0.0,183838.15
1795355,IT,WL,NONME,POSTT,0.03,14704.718,4,4,14704.716,0.0,0.0,0.0,0.002,490157.266667
1647098,IT,BE,HOTEL,NONME,0.11,14704.442,3,3,14704.442,0.0,0.0,0.0,0.0,133676.745455
1776823,IT,TR,NAPHT,SEACO,0.02,14703.793,3,3,14703.793,0.0,0.0,0.0,0.0,735189.65
1682615,IT,HR,KEROS,PULP5,0.02,14703.55,3,3,14703.55,0.0,0.0,0.0,0.0,735177.5
1782546,IT,NO,OFFIC,RECRE,0.05,14703.408,3,3,14703.408,0.0,0.0,0.0,0.0,294068.16
1734940,IT,SK,KEROS,POSTT,0.02,14702.507,3,3,14702.507,0.0,0.0,0.0,0.0,735125.35
1669850,IT,ES,BUSIN,FOOD4,0.15,14702.272,3,3,14702.272,0.0,0.0,0.0,0.0,98015.146667
1667178,IT,ES,BASIC,SEACO,0.02,14700.651,3,3,14700.651,0.0,0.0,0.0,0.0,735032.55
1750787,IT,CN,FURNI,POULT,0.05,14700.068,3,3,14700.068,0.0,0.0,0.0,0.0,294001.36
1771809,IT,CH,WOODW,CHEMI,0.04,14699.534,3,3,14699.534,0.0,0.0,0.0,0.0,367488.35
1784145,IT,ID,PAPER,FISHF,0.06,14699.433,3,3,14699.433,0.0,0.0,0.0,0.0,244990.55
1791373,IT,WA,SALEM,REALE,0.12,14699.383,3,3,14699.383,0.0,0.0,0.0,0.0,122494.858333
1774861,IT,CH,FINAN,WHOLE,0.19,14699.278,3,3,14699.278,0.0,0.0,0.0,0.0,77364.621053
1641514,IT,AT,HEAVY,WEARI,0.02,14699.157,3,3,14699.157,0.0,0.0,0.0,0.0,734957.85
1733821,IT,SI,LANDT,PAPE4,0.09,14699.026,3,3,14699.026,0.0,0.0,0.0,0.0,163322.511111
1681779,IT,HR,CHEMI,HOTEL,0.04,14698.681,4,4,14697.681,0.0,0.0,1.0,0.0,367467.025
1763631,IT,MX,RUBBE,CATTL,0.05,14698.373,3,3,14698.373,0.0,0.0,0.0,0.0,293967.46
1715556,IT,NL,HEAVY,FISHF,0.02,14698.372,3,3,14698.372,0.0,0.0,0.0,0.0,734918.6
1730021,IT,SE,WHOLE,DAIRY,0.13,14698.288,3,3,14698.288,0.0,0.0,0.0,0.0,113063.753846
1716457,IT,NL,OFFIC,WEARI,0.05,14698.038,3,3,14698.038,0.0,0.0,0.0,0.0,293960.76
1724321,IT,PT,LANDT,RECRE,0.09,14697.179,3,3,14697.179,0.0,0.0,0.0,0.0,163301.988889
1795065,IT,WL,ADDIT,RESEA,0.03,14697.074,3,3,14697.074,0.0,0.0,0.0,0.0,489902.466667
1666468,IT,ES,PLAST,NICKE,0.03,14696.636,3,3,14696.636,0.0,0.0,0.0,0.0,489887.866667
1758130,IT,BR,CERAM,PUBLI,0.02,14696.211,3,3,14696.211,0.0,0.0,0.0,0.0,734810.55
1643039,IT,AT,CONST,RENTI,0.08,14694.362,3,3,14694.362,0.0,0.0,0.0,0.0,183679.525
1751594,IT,CN,POSTT,ELEC4,0.24,14693.733,3,3,14693.733,0.0,0.0,0.0,0.0,61223.8875
1684298,IT,HR,AIRTR,REALE,0.02,14693.485,3,3,14693.485,0.0,0.0,0.0,0.0,734674.25
1737586,IT,GB,PAPER,SUGA1,0.06,14693.312,3,3,14693.312,0.0,0.0,0.0,0.0,244888.533333
1807091,IT,WF,SEACO,RETAI,0.01,14693.2,3,3,14693.2,0.0,0.0,0.0,0.0,1469320.0
1736668,IT,SK,INSUR,SEACO,0.3,14692.789,3,3,14692.789,0.0,0.0,0.0,0.0,48975.963333
1804029,IT,WF,WOODW,SUGA1,0.04,14692.619,3,3,14692.619,0.0,0.0,0.0,0.0,367315.475
1714626,IT,NL,MEATC,RETA1,0.05,14692.505,3,3,14692.505,0.0,0.0,0.0,0.0,293850.1
1741494,IT,US,MOTOR,FOOD4,0.02,14692.404,3,3,14692.404,0.0,0.0,0.0,0.0,734620.2
1735691,IT,SK,FABRI,CERAM,0.06,14692.316,3,3,14692.316,0.0,0.0,0.0,0.0,244871.933333
1805166,IT,WF,CHEM1,WOOLS,0.03,14691.882,4,4,14691.88,0.0,0.0,0.0,0.002,489729.4
1801417,IT,WE,MOTO1,PADDY,0.08,14691.121,3,3,14691.121,0.0,0.0,0.0,0.0,183639.0125
1796772,IT,WL,LANDT,DISTR,0.09,14690.257,3,3,14690.257,0.0,0.0,0.0,0.0,163225.077778
1753101,IT,CA,RUBBE,KEROS,0.05,14689.647,3,3,14689.647,0.0,0.0,0.0,0.0,293792.94
1665657,IT,ES,WOODW,COMPU,0.04,14689.312,3,3,14689.312,0.0,0.0,0.0,0.0,367232.8
1676899,IT,FR,SEACO,WOODW,0.01,14689.181,3,3,14689.181,0.0,0.0,0.0,0.0,1468918.1
1720633,IT,PL,MOTO1,GASDI,0.08,14688.433,3,3,14688.433,0.0,0.0,0.0,0.0,183605.4125
1658957,IT,DE,FURNI,FOOD2,0.05,14687.739,3,3,14687.739,0.0,0.0,0.0,0.0,293754.78
1684888,IT,HU,SANDC,OFFIC,0.03,14687.643,4,4,14684.643,0.0,0.0,3.0,0.0,489588.1
1730635,IT,SE,RENTI,ELECT,0.09,14686.73,3,3,14686.73,0.0,0.0,0.0,0.0,163185.888889
1806277,IT,WF,MACHI,COKE1,0.08,14684.5,3,3,14684.5,0.0,0.0,0.0,0.0,183556.25
1780249,IT,TW,LANDT,PROCE,0.09,14684.38,3,3,14684.38,0.0,0.0,0.0,0.0,163159.777778
1738408,IT,GB,ALUM1,FISH5,0.03,14683.287,3,3,14683.287,0.0,0.0,0.0,0.0,489442.9
1676288,IT,FR,SALEM,SEWAG,0.12,14683.128,3,3,14683.128,0.0,0.0,0.0,0.0,122359.4
1718090,IT,PL,MEAT4,WHOLE,0.08,14682.382,3,3,14682.382,0.0,0.0,0.0,0.0,183529.775
1677458,IT,FR,AUXIL,WHEAT,0.27,14681.383,3,3,14681.383,0.0,0.0,0.0,0.0,54375.492593
1780757,IT,TW,RENTI,MOTOR,0.09,14680.451,3,3,14680.451,0.0,0.0,0.0,0.0,163116.122222
1643286,IT,AT,HOTEL,PAPE1,0.11,14679.883,3,3,14679.883,0.0,0.0,0.0,0.0,133453.481818
1799007,IT,WE,TEXTI,FOOD5,0.09,14677.357,4,4,14677.355,0.0,0.0,0.0,0.002,163081.744444
1679532,IT,GR,BIODI,PAPE4,0.03,14677.189,4,4,14677.187,0.0,0.0,0.0,0.002,489239.633333
1782074,IT,NO,GLASS,GLASS,0.04,14677.077,3,3,14677.077,0.0,0.0,0.0,0.0,366926.925
1757687,IT,BR,HEAVY,FOUND,0.02,14676.592,3,3,14676.592,0.0,0.0,0.0,0.0,733829.6
1784416,IT,ID,NONME,BRICK,0.03,14676.491,4,4,14676.489,0.0,0.0,0.0,0.002,489216.366667
1644067,IT,AT,BUSIN,TRAN1,0.15,14676.142,3,3,14676.142,0.0,0.0,0.0,0.0,97840.946667
1778365,IT,TR,RETAI,FABRI,0.12,14676.078,3,3,14676.078,0.0,0.0,0.0,0.0,122300.65
1794570,IT,WL,HEAVY,PETRO,0.02,14675.706,3,3,14675.706,0.0,0.0,0.0,0.0,733785.3
1765933,IT,RU,PLAST,RENTI,0.03,14675.433,3,3,14675.433,0.0,0.0,0.0,0.0,489181.1
1808947,IT,WM,CEREA,RAILW,0.02,14674.824,3,3,14674.824,0.0,0.0,0.0,0.0,733741.2
1813633,IT,WM,RETA1,MEAT1,0.15,14674.703,3,3,14674.703,0.0,0.0,0.0,0.0,97831.353333
1711053,IT,LU,BASIC,RENTI,0.02,14674.654,3,3,14674.654,0.0,0.0,0.0,0.0,733732.7
1795374,IT,WL,BASIC,BEVER,0.02,14673.862,3,3,14673.862,0.0,0.0,0.0,0.0,733693.1
1763948,IT,MX,BASIC,COKE1,0.02,14673.713,3,3,14673.713,0.0,0.0,0.0,0.0,733685.65
1664809,IT,ES,VEGET,HOTEL,0.05,14671.574,3,3,14671.574,0.0,0.0,0.0,0.0,293431.48
1764691,IT,MX,HOTEL,MEAT4,0.11,14670.552,3,3,14670.552,0.0,0.0,0.0,0.0,133368.654545
1651296,IT,CY,FISH5,MEATC,0.06,14670.416,4,4,14670.408,0.0,0.0,0.0,0.008,244506.933333
1661616,IT,DK,FISH5,MEATC,0.06,14669.388,4,4,14669.38,0.0,0.0,0.0,0.008,244489.8
1801577,IT,WE,TRANS,GLASS,0.09,14668.984,3,3,14668.984,0.0,0.0,0.0,0.0,162988.711111
1802619,IT,WE,AUXIL,PUBLI,0.27,14668.782,3,3,14668.782,0.0,0.0,0.0,0.0,54328.822222
1645349,IT,BE,GASDI,AUXIL,0.02,14668.268,3,3,14668.268,0.0,0.0,0.0,0.0,733413.4
1729494,IT,SE,ALUM1,RADIO,0.03,14667.193,3,3,14667.193,0.0,0.0,0.0,0.0,488906.433333
1766910,IT,RU,OFFIC,FINAN,0.05,14666.294,3,3,14666.294,0.0,0.0,0.0,0.0,293325.88
1754003,IT,CA,LANDT,EDUCA,0.09,14666.26,3,3,14666.26,0.0,0.0,0.0,0.0,162958.444444
1750225,IT,CN,LEAD1,TRAN1,0.03,14666.215,3,3,14666.215,0.0,0.0,0.0,0.0,488873.833333
1716751,IT,NL,RETA1,PLAST,0.15,14665.434,3,3,14665.434,0.0,0.0,0.0,0.0,97769.56
1747651,IT,JP,POSTT,PRINT,0.24,14665.335,3,3,14665.335,0.0,0.0,0.0,0.0,61105.5625
1675117,IT,FR,LEAD1,RENTI,0.03,14665.211,3,3,14665.211,0.0,0.0,0.0,0.0,488840.366667
1713563,IT,MT,CEMEN,MACHI,0.02,14665.047,3,3,14665.047,0.0,0.0,0.0,0.0,733252.35
1680159,IT,GR,MOTO1,BASIC,0.08,14664.81,3,3,14664.81,0.0,0.0,0.0,0.0,183310.125
1663282,IT,DK,SEACO,REALE,0.01,14664.79,3,3,14664.79,0.0,0.0,0.0,0.0,1466479.0
1682755,IT,HR,GASDI,FOOD2,0.02,14664.594,3,3,14664.594,0.0,0.0,0.0,0.0,733229.7
1649819,IT,BG,ALUM1,WOODW,0.03,14663.116,3,3,14663.116,0.0,0.0,0.0,0.0,488770.533333
1742220,IT,US,CERAM,FOOD5,0.02,14662.374,3,3,14662.374,0.0,0.0,0.0,0.0,733118.7
1780699,IT,TW,REALE,PRINT,0.62,14661.696,3,3,14661.696,0.0,0.0,0.0,0.0,23647.896774
1767342,IT,RU,RAILW,BASIC,0.1,14661.242,3,3,14661.242,0.0,0.0,0.0,0.0,146612.42
1672306,IT,FI,RENTI,RECRE,0.09,14661.044,3,3,14661.044,0.0,0.0,0.0,0.0,162900.488889
1716433,IT,NL,MACHI,FOOD2,0.08,14660.319,3,3,14660.319,0.0,0.0,0.0,0.0,183253.9875
1741755,IT,US,PARAF,PUBLI,0.02,14659.572,3,3,14659.572,0.0,0.0,0.0,0.0,732978.6
1746146,IT,JP,PLAST,FISH5,0.03,14659.31,3,3,14659.31,0.0,0.0,0.0,0.0,488643.666667
1653180,IT,CZ,CHEM1,OILHA,0.03,14659.137,4,4,14659.135,0.0,0.0,0.0,0.002,488637.9
1801172,IT,WE,FABRI,PROCE,0.06,14658.039,3,3,14658.039,0.0,0.0,0.0,0.0,244300.65
1739398,IT,GB,RAILW,SEWAG,0.1,14656.763,3,3,14656.763,0.0,0.0,0.0,0.0,146567.63
1689048,IT,IE,MOTO1,SUPPO,0.08,14656.33,3,3,14656.33,0.0,0.0,0.0,0.0,183204.125
1790102,IT,WA,BASIC,KERO1,0.02,14655.811,3,3,14655.811,0.0,0.0,0.0,0.0,732790.55
1727098,IT,RO,LANDT,VEGE1,0.09,14655.644,3,3,14655.644,0.0,0.0,0.0,0.0,162840.488889
1721095,IT,PL,HOTEL,INTER,0.11,14655.027,3,3,14655.027,0.0,0.0,0.0,0.0,133227.518182
1734852,IT,SK,PAPER,GASDI,0.06,14654.852,3,3,14654.852,0.0,0.0,0.0,0.0,244247.533333
1660430,IT,DE,FINAN,INTER,0.19,14654.782,3,3,14654.782,0.0,0.0,0.0,0.0,77130.431579
1744506,IT,US,REALE,PAPER,0.62,14654.475,3,3,14654.475,0.0,0.0,0.0,0.0,23636.25
1793785,IT,WL,TOBAC,BIOGA,0.06,14654.145,3,3,14654.145,0.0,0.0,0.0,0.0,244235.75
1671424,IT,FI,FABRI,FOUND,0.06,14653.44,3,3,14653.44,0.0,0.0,0.0,0.0,244224.0
1668584,IT,ES,HOTEL,INTER,0.11,14652.925,3,3,14652.925,0.0,0.0,0.0,0.0,133208.409091
1781972,IT,NO,RUBBE,NATU1,0.05,14652.149,3,3,14652.149,0.0,0.0,0.0,0.0,293042.98
1710000,IT,LT,ALUM1,ALUM1,0.03,14651.428,3,3,14651.428,0.0,0.0,0.0,0.0,488380.933333
1725210,IT,RO,SUGA1,BEVER,0.04,14651.334,4,4,14651.332,0.0,0.0,0.0,0.002,366283.35
1808231,IT,WF,FOOD1,REALE,0.07,14651.007,4,4,14651.005,0.0,0.0,0.0,0.002,209300.1
1648809,IT,BG,FISH5,DAIRY,0.06,14650.908,4,4,14650.9,0.0,0.0,0.0,0.008,244181.8
1750636,IT,CN,OFFIC,93197,0.05,14650.536,3,3,14650.536,0.0,0.0,0.0,0.0,293010.72
1681638,IT,HR,CEREA,STEAM,0.02,14650.242,3,3,14650.242,0.0,0.0,0.0,0.0,732512.1
1782623,IT,NO,FURNI,PUBLI,0.05,14649.56,3,3,14649.56,0.0,0.0,0.0,0.0,292991.2
1651009,IT,BG,SUPPO,RENTI,0.11,14649.013,3,3,14649.013,0.0,0.0,0.0,0.0,133172.845455
1710388,IT,LT,HOTEL,WHOLE,0.11,14648.51,3,3,14648.51,0.0,0.0,0.0,0.0,133168.272727
1723798,IT,PT,OFFIC,AIRTR,0.05,14648.498,3,3,14648.498,0.0,0.0,0.0,0.0,292969.96
1723001,IT,PT,PLAST,WEARI,0.03,14647.842,3,3,14647.842,0.0,0.0,0.0,0.0,488261.4
1714468,IT,NL,FORES,BUSIN,0.13,14647.51,4,4,14641.51,0.0,6.0,0.0,0.0,112673.153846
1755462,IT,KR,PLAST,NAPHT,0.03,14645.922,3,3,14645.922,0.0,0.0,0.0,0.0,488197.4
1770455,IT,AU,SEACO,HEALT,0.01,14645.862,3,3,14645.862,0.0,0.0,0.0,0.0,1464586.2
1810970,IT,WM,GASDI,PREC1,0.02,14645.647,3,3,14645.647,0.0,0.0,0.0,0.0,732282.35
1717735,IT,NL,BUSIN,WASTE,0.15,14645.545,3,3,14645.545,0.0,0.0,0.0,0.0,97636.966667
1669189,IT,ES,POSTT,ELEC4,0.24,14645.118,3,3,14645.118,0.0,0.0,0.0,0.0,61021.325
1795123,IT,WL,RUBBE,NAPHT,0.05,14644.552,3,3,14644.552,0.0,0.0,0.0,0.0,292891.04
1806688,IT,WF,WHOLE,VEGE1,0.13,14644.528,3,3,14644.528,0.0,0.0,0.0,0.0,112650.215385
1642758,IT,AT,MACHI,SECO9,0.08,14644.324,3,3,14644.324,0.0,0.0,0.0,0.0,183054.05
1667933,IT,ES,MOTO1,PAPE1,0.08,14644.005,3,3,14644.005,0.0,0.0,0.0,0.0,183050.0625
1768498,IT,AU,FOOD5,MEAT1,0.07,14643.899,3,3,14643.899,0.0,0.0,0.0,0.0,209198.557143
1771400,IT,CH,FOOD5,PRINT,0.07,14643.44,3,3,14643.44,0.0,0.0,0.0,0.0,209192.0
1640126,IT,AT,WHEAT,RAILW,0.01,14642.056,3,3,14642.056,0.0,0.0,0.0,0.0,1464205.6
1650937,IT,BG,SEACO,SEACO,0.01,14641.503,3,3,14641.503,0.0,0.0,0.0,0.0,1464150.3
1768336,IT,AU,MEATP,MEATP,0.06,14641.385,4,4,14641.383,0.0,0.0,0.0,0.002,244023.083333
1651858,IT,CY,AIRTR,RETA1,0.02,14641.375,3,3,14641.375,0.0,0.0,0.0,0.0,732068.75
1783587,IT,NO,FOOD2,MACHI,0.09,14641.363,3,3,14641.363,0.0,0.0,0.0,0.0,162681.811111
1678394,IT,FR,PAPE4,INTER,0.1,14641.179,3,3,14641.179,0.0,0.0,0.0,0.0,146411.79
1669049,IT,ES,SUPPO,GLASS,0.11,14641.099,3,3,14641.099,0.0,0.0,0.0,0.0,133100.9
1680682,IT,GR,WHOLE,ELEC8,0.13,14639.906,3,3,14639.906,0.0,0.0,0.0,0.0,112614.661538
1808222,IT,WF,FOOD1,WHOLE,0.07,14638.802,4,4,14638.8,0.0,0.0,0.0,0.002,209125.742857
1658198,IT,DE,LEAD1,KEROS,0.03,14638.721,3,3,14638.721,0.0,0.0,0.0,0.0,487957.366667
1788488,IT,WA,PULP5,WHOLE,0.04,14638.278,3,3,14638.278,0.0,0.0,0.0,0.0,365956.95
1770605,IT,AU,POSTT,FINAN,0.24,14637.586,3,3,14637.586,0.0,0.0,0.0,0.0,60989.941667
1779482,IT,TR,RENTI,PFERT,0.09,14637.497,3,3,14637.497,0.0,0.0,0.0,0.0,162638.855556
1789919,IT,WA,CEMEN,WOODW,0.02,14637.471,3,3,14637.471,0.0,0.0,0.0,0.0,731873.55
1686209,IT,HU,GLASS,ELEC3,0.04,14637.062,3,3,14637.062,0.0,0.0,0.0,0.0,365926.55
1688666,IT,IE,CHEM1,MEAT1,0.03,14636.703,4,4,14636.701,0.0,0.0,0.0,0.002,487890.1
1718074,IT,PL,MEAT1,WHOLE,0.07,14636.059,4,4,14636.057,0.0,0.0,0.0,0.002,209086.557143
1642204,IT,AT,CEMEN,OFFIC,0.02,14635.964,3,3,14635.964,0.0,0.0,0.0,0.0,731798.2
1803453,IT,WF,MEAT1,REALE,0.07,14635.951,4,4,14635.949,0.0,0.0,0.0,0.002,209085.014286
1646225,IT,BE,ALUM1,INERT,0.03,14635.236,3,3,14635.236,0.0,0.0,0.0,0.0,487841.2
1717015,IT,NL,LANDT,NONSP,0.09,14635.168,3,3,14635.168,0.0,0.0,0.0,0.0,162612.977778
1759548,IT,BR,COMPU,BEVER,0.17,14633.813,3,3,14633.813,0.0,0.0,0.0,0.0,86081.252941
1732522,IT,SI,RUBBE,GLASS,0.05,14633.563,3,3,14633.563,0.0,0.0,0.0,0.0,292671.26
1719368,IT,PL,RUBBE,PRECI,0.05,14633.437,3,3,14633.437,0.0,0.0,0.0,0.0,292668.74
1725276,IT,RO,BEVER,MEATA,0.06,14632.608,3,3,14632.608,0.0,0.0,0.0,0.0,243876.8
1682849,IT,HR,LIQUE,ELECT,0.03,14632.308,3,3,14632.308,0.0,0.0,0.0,0.0,487743.6
1727308,IT,RO,POSTT,PFERT,0.24,14631.136,3,3,14631.136,0.0,0.0,0.0,0.0,60963.066667
1802081,IT,WE,RETA1,FOOD5,0.15,14631.044,3,3,14631.044,0.0,0.0,0.0,0.0,97540.293333
1770421,IT,AU,SEACO,BITUM,0.01,14630.743,3,3,14630.743,0.0,0.0,0.0,0.0,1463074.3
1760361,IT,IN,CHEMI,MACHI,0.03,14630.368,4,4,14629.368,0.0,0.0,1.0,0.0,487678.933333
1784835,IT,ID,SEACO,VEGE1,0.01,14630.195,3,3,14630.195,0.0,0.0,0.0,0.0,1463019.5
1790415,IT,WA,LEAD1,PREC1,0.03,14629.7,3,3,14629.7,0.0,0.0,0.0,0.0,487656.666667
1756882,IT,KR,POSTT,AUXIL,0.24,14628.922,3,3,14628.922,0.0,0.0,0.0,0.0,60953.841667
1748892,IT,CN,WEARI,LIQUE,0.11,14628.089,4,4,14628.086,0.0,0.0,0.0,0.003,132982.627273
1672841,IT,FR,VEGE1,CROPS,0.04,14628.047,4,4,14628.044,0.0,0.0,0.0,0.003,365701.175
1775498,IT,CH,OILHA,CERAM,0.08,14627.782,3,3,14627.782,0.0,0.0,0.0,0.0,182847.275
1643968,IT,AT,COMPU,TRAN1,0.17,14626.331,3,3,14626.331,0.0,0.0,0.0,0.0,86037.241176
1795066,IT,WL,ADDIT,BUSIN,0.03,14626.117,3,3,14626.117,0.0,0.0,0.0,0.0,487537.233333
1641016,IT,AT,PULP5,PRINT,0.04,14625.819,3,3,14625.819,0.0,0.0,0.0,0.0,365645.475
1738749,IT,GB,MACHI,MEMBE,0.08,14625.794,3,3,14625.794,0.0,0.0,0.0,0.0,182822.425
1662102,IT,DK,CHEM1,FOODW,0.03,14625.789,4,4,14625.787,0.0,0.0,0.0,0.002,487526.3
1723017,IT,PT,PLAST,GLASS,0.03,14625.199,3,3,14625.199,0.0,0.0,0.0,0.0,487506.633333
1711699,IT,LU,BUSIN,PRINT,0.15,14624.896,3,3,14624.896,0.0,0.0,0.0,0.0,97499.306667
1802458,IT,WE,SUPPO,PAPER,0.11,14624.813,3,3,14624.813,0.0,0.0,0.0,0.0,132952.845455
1709701,IT,LT,CHEM1,CROPS,0.03,14624.58,4,4,14624.578,0.0,0.0,0.0,0.002,487486.0
1744520,IT,US,REALE,RUBBE,0.62,14624.423,3,3,14624.423,0.0,0.0,0.0,0.0,23587.779032
1810818,IT,WM,KEROS,NFERT,0.02,14623.443,3,3,14623.443,0.0,0.0,0.0,0.0,731172.15
1777193,IT,TR,RUBBE,COKIN,0.05,14623.169,3,3,14623.169,0.0,0.0,0.0,0.0,292463.38
1675032,IT,FR,ALUM1,STONE,0.03,14622.89,3,3,14622.89,0.0,0.0,0.0,0.0,487429.666667
1648942,IT,BG,WEARI,DISTR,0.11,14622.473,4,4,14622.47,0.0,0.0,0.0,0.003,132931.572727
1773874,IT,CH,ELEC7,MACHI,0.01,14622.439,3,3,14622.439,0.0,0.0,0.0,0.0,1462243.9
1687706,IT,HU,SUPPO,FORES,0.11,14622.029,3,3,14622.029,0.0,0.0,0.0,0.0,132927.536364
1788768,IT,WA,MOTOR,WASTE,0.02,14621.777,3,3,14621.777,0.0,0.0,0.0,0.0,731088.85
1725843,IT,RO,GASDI,WHEAT,0.02,14621.633,3,3,14621.633,0.0,0.0,0.0,0.0,731081.65
1654251,IT,CZ,TRANS,SUPPO,0.09,14621.28,3,3,14621.28,0.0,0.0,0.0,0.0,162458.666667
1664483,IT,EE,MOTO1,CEMEN,0.08,14621.24,3,3,14621.24,0.0,0.0,0.0,0.0,182765.5
1649957,IT,BG,FABRI,STEAM,0.06,14620.905,3,3,14620.905,0.0,0.0,0.0,0.0,243681.75
1763416,IT,MX,HEAVY,CRUDE,0.02,14620.79,3,3,14620.79,0.0,0.0,0.0,0.0,731039.5
1751089,IT,CN,RETA1,LEATH,0.15,14620.452,3,3,14620.452,0.0,0.0,0.0,0.0,97469.68
1736672,IT,SK,INSUR,INSUR,0.3,14619.961,3,3,14619.961,0.0,0.0,0.0,0.0,48733.203333
1794716,IT,WL,NAPHT,EDUCA,0.02,14619.453,3,3,14619.453,0.0,0.0,0.0,0.0,730972.65
1652042,IT,CZ,OILSE,VEGE1,0.01,14618.91,3,3,14618.91,0.0,0.0,0.0,0.0,1461891.0
1655176,IT,CZ,BUSIN,COLLE,0.15,14618.562,3,3,14618.562,0.0,0.0,0.0,0.0,97457.08
1803134,IT,WF,VEGET,NONF1,0.05,14618.082,3,3,14618.082,0.0,0.0,0.0,0.0,292361.64
1803707,IT,WF,BEVER,BUSIN,0.06,14615.936,3,3,14615.936,0.0,0.0,0.0,0.0,243598.933333
1782240,IT,NO,ALUM1,FISHF,0.03,14614.305,3,3,14614.305,0.0,0.0,0.0,0.0,487143.5
1715559,IT,NL,HEAVY,AVIAT,0.02,14614.015,3,3,14614.015,0.0,0.0,0.0,0.0,730700.75
1683230,IT,HR,CERAM,LEATH,0.02,14613.73,3,3,14613.73,0.0,0.0,0.0,0.0,730686.5
1722694,IT,PT,LEATH,SUPPO,0.1,14611.402,4,4,14611.399,0.0,0.0,0.0,0.003,146114.02
1649114,IT,BG,PAPER,SECO9,0.06,14610.952,3,3,14610.952,0.0,0.0,0.0,0.0,243515.866667
1771008,IT,CH,OILSE,RECRE,0.01,14610.936,3,3,14610.936,0.0,0.0,0.0,0.0,1461093.6
1770447,IT,AU,SEACO,AIRTR,0.01,14610.649,3,3,14610.649,0.0,0.0,0.0,0.0,1461064.9
1661707,IT,DK,WEARI,SEACO,0.11,14610.548,4,4,14610.545,0.0,0.0,0.0,0.003,132823.163636
1813488,IT,WM,SALEM,FINAN,0.12,14610.361,3,3,14610.361,0.0,0.0,0.0,0.0,121753.008333
1770400,IT,AU,LANDT,LANDT,0.09,14609.469,3,3,14609.469,0.0,0.0,0.0,0.0,162327.433333
1731161,IT,SI,SANDC,SANDC,0.03,14609.384,4,4,14606.384,0.0,0.0,3.0,0.0,486979.466667
1686704,IT,HU,COPP1,CERAM,0.04,14609.277,3,3,14609.277,0.0,0.0,0.0,0.0,365231.925
1773557,IT,CH,MOTO1,HOTEL,0.08,14608.335,3,3,14608.335,0.0,0.0,0.0,0.0,182604.1875
1732750,IT,SI,NONME,FOOD5,0.03,14607.832,4,4,14607.83,0.0,0.0,0.0,0.002,486927.733333
1663229,IT,DK,SEACO,CROPS,0.01,14607.11,3,3,14607.11,0.0,0.0,0.0,0.0,1460711.0
1670804,IT,FI,PRINT,RESEA,0.14,14606.742,3,3,14606.742,0.0,0.0,0.0,0.0,104333.871429
1659403,IT,DE,WHOLE,PFERT,0.13,14606.269,3,3,14606.269,0.0,0.0,0.0,0.0,112355.915385
1641273,IT,AT,MOTOR,TRANS,0.02,14605.591,3,3,14605.591,0.0,0.0,0.0,0.0,730279.55
1715153,IT,NL,LEATH,POSTT,0.1,14604.558,4,4,14604.555,0.0,0.0,0.0,0.003,146045.58
1789978,IT,WA,NONME,MEATC,0.03,14604.449,4,4,14604.447,0.0,0.0,0.0,0.002,486814.966667
1770024,IT,AU,FURNI,LANDT,0.05,14602.81,3,3,14602.81,0.0,0.0,0.0,0.0,292056.2
1677632,IT,FR,REALE,INSUR,0.62,14602.497,3,3,14602.497,0.0,0.0,0.0,0.0,23552.414516
1687233,IT,HU,RETAI,FINAN,0.11,14601.671,3,3,14601.671,0.0,0.0,0.0,0.0,132742.463636
1717105,IT,NL,SEACO,DAIRY,0.01,14601.255,3,3,14601.255,0.0,0.0,0.0,0.0,1460125.5
1749461,IT,CN,HEAVY,PREC1,0.02,14600.976,3,3,14600.976,0.0,0.0,0.0,0.0,730048.8
1726631,IT,RO,MOTO1,ELEC4,0.08,14600.682,3,3,14600.682,0.0,0.0,0.0,0.0,182508.525
1765906,IT,RU,PLAST,BASIC,0.03,14600.573,3,3,14600.573,0.0,0.0,0.0,0.0,486685.766667
1735575,IT,SK,ALUM1,RAILW,0.03,14599.216,3,3,14599.216,0.0,0.0,0.0,0.0,486640.533333
1648398,IT,BE,RECRE,RESEA,0.19,14599.033,3,3,14599.033,0.0,0.0,0.0,0.0,76837.015789
1643937,IT,AT,COMPU,MOTOR,0.17,14598.562,3,3,14598.562,0.0,0.0,0.0,0.0,85873.894118
1765608,IT,RU,WOODW,GLASS,0.04,14598.492,3,3,14598.492,0.0,0.0,0.0,0.0,364962.3
1644864,IT,BE,WEARI,LANDT,0.11,14598.417,4,4,14598.414,0.0,0.0,0.0,0.003,132712.881818
1781854,IT,NO,PLAST,RESEA,0.03,14597.947,3,3,14597.947,0.0,0.0,0.0,0.0,486598.233333
1769236,IT,AU,RUBBE,PRECI,0.05,14597.055,3,3,14597.055,0.0,0.0,0.0,0.0,291941.1
1785318,IT,ZA,LEATH,MACHI,0.1,14596.707,4,4,14596.704,0.0,0.0,0.0,0.003,145967.07
1761821,IT,IN,OFFIC,FINAN,0.05,14596.31,3,3,14596.31,0.0,0.0,0.0,0.0,291926.2
1724395,IT,PT,INLAN,CONST,0.02,14596.187,3,3,14596.187,0.0,0.0,0.0,0.0,729809.35
1640920,IT,AT,LEATH,EDUCA,0.1,14596.012,4,4,14596.009,0.0,0.0,0.0,0.003,145960.12
1645916,IT,BE,CERAM,PULP5,0.02,14595.452,3,3,14595.452,0.0,0.0,0.0,0.0,729772.6
1647558,IT,BE,SUPPO,PAPE1,0.1,14595.137,3,3,14595.137,0.0,0.0,0.0,0.0,145951.37
1765246,IT,RU,SANDC,WHOLE,0.03,14594.948,4,4,14591.948,0.0,0.0,3.0,0.0,486498.266667
1681563,IT,GR,BUSIN,RETAI,0.15,14594.405,3,3,14594.405,0.0,0.0,0.0,0.0,97296.033333
1753221,IT,CA,CERAM,PFERT,0.02,14593.366,3,3,14593.366,0.0,0.0,0.0,0.0,729668.3
1751203,IT,CN,HOTEL,BIOGA,0.11,14593.15,3,3,14593.15,0.0,0.0,0.0,0.0,132665.0
1651140,IT,BG,BUSIN,CEREA,0.15,14593.024,3,3,14593.024,0.0,0.0,0.0,0.0,97286.826667
1768165,IT,RU,PUBLI,FABRI,0.24,14591.825,3,3,14591.825,0.0,0.0,0.0,0.0,60799.270833
1668523,IT,ES,HOTEL,GLASS,0.11,14590.325,3,3,14590.325,0.0,0.0,0.0,0.0,132639.318182
1681480,IT,GR,COMPU,COMPU,0.17,14590.226,3,3,14590.226,0.0,0.0,0.0,0.0,85824.858824
1731884,IT,SI,PRINT,INSUR,0.14,14590.055,3,3,14590.055,0.0,0.0,0.0,0.0,104214.678571
1779934,IT,TW,CONST,ALUM1,0.08,14589.903,3,3,14589.903,0.0,0.0,0.0,0.0,182373.7875
1672698,IT,FR,SANDC,BIOGA,0.03,14589.773,4,4,14586.773,0.0,0.0,3.0,0.0,486325.766667
1643307,IT,AT,RAILW,DAIRY,0.1,14589.638,3,3,14589.638,0.0,0.0,0.0,0.0,145896.38
1712650,IT,LV,TRANS,TRANS,0.09,14589.287,3,3,14589.287,0.0,0.0,0.0,0.0,162103.188889
1808710,IT,WF,TEXT2,CRUDE,0.11,14589.224,3,3,14589.224,0.0,0.0,0.0,0.0,132629.309091
1791531,IT,WA,RETA1,KEROS,0.15,14589.031,3,3,14589.031,0.0,0.0,0.0,0.0,97260.206667
1644392,IT,BE,MEATC,BUSIN,0.05,14588.711,3,3,14588.711,0.0,0.0,0.0,0.0,291774.22
1804377,IT,WF,KEROS,RUBBE,0.02,14588.612,3,3,14588.612,0.0,0.0,0.0,0.0,729430.6
1688573,IT,IE,PRINT,OFFIC,0.14,14587.429,3,3,14587.429,0.0,0.0,0.0,0.0,104195.921429
1655283,IT,DE,WHEAT,93197,0.01,14587.325,3,3,14587.325,0.0,0.0,0.0,0.0,1458732.5
1725753,IT,RO,PRINT,PAPER,0.14,14587.27,3,3,14587.27,0.0,0.0,0.0,0.0,104194.785714
1684922,IT,HU,CHEMI,OFFIC,0.03,14587.21,4,4,14586.21,0.0,0.0,1.0,0.0,486240.333333
1737928,IT,GB,CHEM1,REFIN,0.03,14587.13,4,4,14587.128,0.0,0.0,0.0,0.002,486237.666667
1813809,IT,WM,RAILW,CONST,0.1,14586.981,3,3,14586.981,0.0,0.0,0.0,0.0,145869.81
1740560,IT,US,VEGET,RESEA,0.05,14586.771,3,3,14586.771,0.0,0.0,0.0,0.0,291735.42
1647976,IT,BE,RENTI,SEACO,0.09,14586.642,3,3,14586.642,0.0,0.0,0.0,0.0,162073.8
1724481,IT,PT,SUPPO,RETA1,0.1,14585.841,3,3,14585.841,0.0,0.0,0.0,0.0,145858.41
1655430,IT,DE,FORES,FOOD5,0.13,14585.539,4,4,14579.539,0.0,6.0,0.0,0.0,112196.453846
1710260,IT,LT,MOTO1,MACHI,0.08,14585.464,3,3,14585.464,0.0,0.0,0.0,0.0,182318.3
1775747,IT,TR,FISHF,HOTEL,0.03,14584.44,3,3,14584.44,0.0,0.0,0.0,0.0,486148.0
1712761,IT,LV,LANDT,FABRI,0.09,14584.234,3,3,14584.234,0.0,0.0,0.0,0.0,162047.044444
1715409,IT,NL,MOTOR,PIGS9,0.02,14582.652,3,3,14582.652,0.0,0.0,0.0,0.0,729132.6
1772672,IT,CH,GLASS,MEMBE,0.04,14582.487,3,3,14582.487,0.0,0.0,0.0,0.0,364562.175
1760881,IT,IN,GASDI,PFERT,0.02,14582.009,3,3,14582.009,0.0,0.0,0.0,0.0,729100.45
1712770,IT,LV,LANDT,SALEM,0.09,14580.928,3,3,14580.928,0.0,0.0,0.0,0.0,162010.311111
1755783,IT,KR,CERAM,COALT,0.02,14579.904,3,3,14579.904,0.0,0.0,0.0,0.0,728995.2
1640218,IT,AT,FORES,PLAST,0.13,14578.645,4,4,14572.645,0.0,6.0,0.0,0.0,112143.423077
1711970,IT,LV,VEGET,MEATP,0.05,14578.559,3,3,14578.559,0.0,0.0,0.0,0.0,291571.18
1685653,IT,HU,GASDI,OILSE,0.02,14578.413,3,3,14578.413,0.0,0.0,0.0,0.0,728920.65
1673966,IT,FR,KEROS,FORES,0.02,14578.024,3,3,14578.024,0.0,0.0,0.0,0.0,728901.2
1760875,IT,IN,GASDI,FOOD5,0.02,14577.587,3,3,14577.587,0.0,0.0,0.0,0.0,728879.35
1656467,IT,DE,PAPER,POULT,0.06,14576.815,3,3,14576.815,0.0,0.0,0.0,0.0,242946.916667
1674216,IT,FR,LIQUE,SUPPO,0.03,14576.422,3,3,14576.422,0.0,0.0,0.0,0.0,485880.733333
1809289,IT,WM,STONE,FORES,0.05,14576.208,4,4,14575.208,0.0,0.0,1.0,0.0,291524.16
1737809,IT,GB,BITU1,CRUDE,0.02,14575.239,3,3,14575.239,0.0,0.0,0.0,0.0,728761.95
1808415,IT,WF,FOOD4,PADDY,0.11,14575.204,3,3,14575.204,0.0,0.0,0.0,0.0,132501.854545
1782525,IT,NO,OFFIC,RETAI,0.05,14574.807,3,3,14574.807,0.0,0.0,0.0,0.0,291496.14
1650944,IT,BG,AIRTR,COPP1,0.02,14574.455,3,3,14574.455,0.0,0.0,0.0,0.0,728722.75
1785386,IT,ZA,PAPER,VEGE1,0.06,14574.199,3,3,14574.199,0.0,0.0,0.0,0.0,242903.316667
1801580,IT,WE,TRANS,CEMEN,0.09,14573.799,3,3,14573.799,0.0,0.0,0.0,0.0,161931.1
1750932,IT,CN,CONST,SALEM,0.08,14573.65,3,3,14573.65,0.0,0.0,0.0,0.0,182170.625
1684968,IT,HU,MEAT4,WHOLE,0.08,14572.878,3,3,14572.878,0.0,0.0,0.0,0.0,182160.975
1781893,IT,NO,CHEM1,REFI1,0.03,14572.297,4,4,14572.295,0.0,0.0,0.0,0.002,485743.233333
1715919,IT,NL,GLASS,PAPER,0.04,14572.076,3,3,14572.076,0.0,0.0,0.0,0.0,364301.9
1728221,IT,SE,FOOD5,GLASS,0.07,14571.528,3,3,14571.528,0.0,0.0,0.0,0.0,208164.685714
1712440,IT,LV,BASIC,SECO9,0.02,14570.895,3,3,14570.895,0.0,0.0,0.0,0.0,728544.75
1683063,IT,HR,RUBBE,RAWMI,0.05,14569.845,3,3,14569.845,0.0,0.0,0.0,0.0,291396.9
1739638,IT,GB,AIRTR,TEXTI,0.02,14569.184,3,3,14569.184,0.0,0.0,0.0,0.0,728459.2
1687423,IT,HU,HOTEL,HEALT,0.11,14568.116,3,3,14568.116,0.0,0.0,0.0,0.0,132437.418182
1668819,IT,ES,TRAN2,NICKE,0.02,14567.674,3,3,14567.674,0.0,0.0,0.0,0.0,728383.7
1765896,IT,RU,PLAST,NAPHT,0.03,14567.618,3,3,14567.618,0.0,0.0,0.0,0.0,485587.266667
1799098,IT,WE,WEARI,BKBPE,0.11,14567.197,4,4,14567.194,0.0,0.0,0.0,0.003,132429.063636
1754807,IT,KR,FOOD5,ELECT,0.07,14566.809,3,3,14566.809,0.0,0.0,0.0,0.0,208097.271429
1794633,IT,WL,LIQUE,HOTEL,0.03,14566.515,3,3,14566.515,0.0,0.0,0.0,0.0,485550.5
1810274,IT,WM,LEATH,COLLE,0.1,14566.084,4,4,14566.081,0.0,0.0,0.0,0.003,145660.84
1769465,IT,AU,BASIC,SUBBI,0.02,14565.881,3,3,14565.881,0.0,0.0,0.0,0.0,728294.05
1803377,IT,WF,CHEMI,WOODW,0.03,14565.175,4,4,14564.175,0.0,0.0,1.0,0.0,485505.833333
1751508,IT,CN,SUPPO,PAPER,0.1,14564.82,3,3,14564.82,0.0,0.0,0.0,0.0,145648.2
1687969,IT,HU,RENTI,BRICK,0.09,14564.143,3,3,14564.143,0.0,0.0,0.0,0.0,161823.811111
1674808,IT,FR,CEMEN,REALE,0.02,14563.489,3,3,14563.489,0.0,0.0,0.0,0.0,728174.45
1813413,IT,WM,FURNI,AUXIL,0.05,14563.065,3,3,14563.065,0.0,0.0,0.0,0.0,291261.3
1761366,IT,IN,CERAM,FABRI,0.02,14562.931,3,3,14562.931,0.0,0.0,0.0,0.0,728146.55
1769566,IT,AU,ALUM1,PUBLI,0.03,14562.403,3,3,14562.403,0.0,0.0,0.0,0.0,485413.433333
1757986,IT,BR,RUBBE,SUGA1,0.05,14561.442,3,3,14561.442,0.0,0.0,0.0,0.0,291228.84
1758104,IT,BR,GLASS,WHOLE,0.04,14561.382,3,3,14561.382,0.0,0.0,0.0,0.0,364034.55
1750942,IT,CN,CONST,FINAN,0.08,14561.336,3,3,14561.336,0.0,0.0,0.0,0.0,182016.7
1736935,IT,GB,WHEAT,WHEAT,0.01,14559.897,3,3,14559.897,0.0,0.0,0.0,0.0,1455989.7
1773012,IT,CH,ALUM1,PROCE,0.03,14559.012,3,3,14559.012,0.0,0.0,0.0,0.0,485300.4
1678948,IT,GR,TEXTI,COMPU,0.09,14558.84,4,4,14558.838,0.0,0.0,0.0,0.002,161764.888889
1710010,IT,LT,ALUM1,TRAN1,0.03,14558.805,3,3,14558.805,0.0,0.0,0.0,0.0,485293.5
1646226,IT,BE,LEAD1,CROPS,0.03,14558.718,3,3,14558.718,0.0,0.0,0.0,0.0,485290.6
1765195,IT,MX,BUSIN,AIRTR,0.15,14557.846,3,3,14557.846,0.0,0.0,0.0,0.0,97052.306667
1751982,IT,CN,RESEA,NAPHT,0.08,14557.786,3,3,14557.786,0.0,0.0,0.0,0.0,181972.325
1685862,IT,HU,CHEM1,GASDI,0.03,14557.741,4,4,14557.739,0.0,0.0,0.0,0.002,485258.033333
1654070,IT,CZ,MACHI,TEXT2,0.08,14557.681,3,3,14557.681,0.0,0.0,0.0,0.0,181971.0125
1676135,IT,FR,ELE11,PAPER,0.21,14557.662,4,4,14557.654,0.0,0.0,0.0,0.008,69322.2
1798458,IT,WE,NATUR,LEAD1,0.02,14557.022,3,3,14557.022,0.0,0.0,0.0,0.0,727851.1
1655294,IT,DE,CEREA,DAIRY,0.02,14556.506,3,3,14556.506,0.0,0.0,0.0,0.0,727825.3
1742831,IT,US,FABRI,WOOD2,0.06,14556.033,3,3,14556.033,0.0,0.0,0.0,0.0,242600.55
1739615,IT,GB,SEACO,RETA1,0.01,14555.684,3,3,14555.684,0.0,0.0,0.0,0.0,1455568.4
1724684,IT,PT,INSUR,DIST1,0.3,14555.409,3,3,14555.409,0.0,0.0,0.0,0.0,48518.03
1660359,IT,DE,FINAN,NUCLE,0.19,14554.964,3,3,14554.964,0.0,0.0,0.0,0.0,76605.073684
1680212,IT,GR,TRANS,GASDI,0.09,14554.846,3,3,14554.846,0.0,0.0,0.0,0.0,161720.511111
1790264,IT,WA,PREC1,PUBLI,0.02,14554.247,3,3,14554.247,0.0,0.0,0.0,0.0,727712.35
1666441,IT,ES,PARAF,PLAST,0.02,14554.087,3,3,14554.087,0.0,0.0,0.0,0.0,727704.35
1724219,IT,PT,HOTEL,RECRE,0.11,14553.418,3,3,14553.418,0.0,0.0,0.0,0.0,132303.8
1744331,IT,US,FINAN,CONST,0.19,14553.11,3,3,14553.11,0.0,0.0,0.0,0.0,76595.315789
1738569,IT,GB,FABRI,BIOGA,0.06,14551.818,3,3,14551.818,0.0,0.0,0.0,0.0,242530.3
1686597,IT,HU,ALUM1,FOODW,0.03,14550.208,3,3,14550.208,0.0,0.0,0.0,0.0,485006.933333
1682442,IT,HR,PAPER,SECO9,0.06,14550.037,3,3,14550.037,0.0,0.0,0.0,0.0,242500.616667
1731915,IT,SI,MOTOR,FISH5,0.02,14549.857,3,3,14549.857,0.0,0.0,0.0,0.0,727492.85
1675508,IT,FR,OFFIC,SUPPO,0.05,14549.399,3,3,14549.399,0.0,0.0,0.0,0.0,290987.98
1739242,IT,GB,RETA1,PLAS2,0.15,14549.324,3,3,14549.324,0.0,0.0,0.0,0.0,96995.493333
1803165,IT,WF,OILSE,WEARI,0.01,14548.548,3,3,14548.548,0.0,0.0,0.0,0.0,1454854.8
1661968,IT,DK,PETRO,MEATC,0.02,14547.931,3,3,14547.931,0.0,0.0,0.0,0.0,727396.55
1682718,IT,HR,GASDI,NONF1,0.02,14547.813,3,3,14547.813,0.0,0.0,0.0,0.0,727390.65
1661326,IT,DK,CHEMI,MEDIC,0.03,14547.155,4,4,14546.155,0.0,0.0,1.0,0.0,484905.166667
1748385,IT,CN,CROPS,FORES,0.12,14546.473,3,3,14546.473,0.0,0.0,0.0,0.0,121220.608333
1644589,IT,BE,FOOD5,MEAT4,0.07,14546.307,3,3,14546.307,0.0,0.0,0.0,0.0,207804.385714
1681471,IT,GR,COMPU,LANDT,0.17,14545.923,3,3,14545.923,0.0,0.0,0.0,0.0,85564.252941
1660738,IT,DE,RENTI,FINAN,0.09,14545.844,3,3,14545.844,0.0,0.0,0.0,0.0,161620.488889
1807923,IT,WF,PLAS1,MEATP,0.05,14545.819,3,3,14545.819,0.0,0.0,0.0,0.0,290916.38
1727425,IT,RO,FINAN,POSTT,0.19,14545.51,3,3,14545.51,0.0,0.0,0.0,0.0,76555.315789
1657123,IT,DE,PLAST,PFERT,0.03,14544.606,3,3,14544.606,0.0,0.0,0.0,0.0,484820.2
1660367,IT,DE,FINAN,GLASS,0.19,14543.924,3,3,14543.924,0.0,0.0,0.0,0.0,76546.968421
1640132,IT,AT,CEREA,MEATC,0.02,14543.341,3,3,14543.341,0.0,0.0,0.0,0.0,727167.05
1754339,IT,CA,INSUR,MOTO1,0.3,14543.213,3,3,14543.213,0.0,0.0,0.0,0.0,48477.376667
1758991,IT,BR,LANDT,PLAST,0.09,14543.011,3,3,14543.011,0.0,0.0,0.0,0.0,161589.011111
1674277,IT,FR,NONSP,MOTOR,0.02,14542.971,3,3,14542.971,0.0,0.0,0.0,0.0,727148.55
1723646,IT,PT,FABRI,FOOD4,0.06,14542.517,3,3,14542.517,0.0,0.0,0.0,0.0,242375.283333
1765930,IT,RU,PLAST,INLAN,0.03,14542.486,3,3,14542.486,0.0,0.0,0.0,0.0,484749.533333
1727942,IT,SE,OILSE,SUGA1,0.01,14541.92,3,3,14541.92,0.0,0.0,0.0,0.0,1454192.0
1772805,IT,CH,NONME,HOTEL,0.03,14541.446,4,4,14541.444,0.0,0.0,0.0,0.002,484714.866667
1650889,IT,BG,TRAN2,HEAVY,0.02,14540.835,3,3,14540.835,0.0,0.0,0.0,0.0,727041.75
1659322,IT,DE,RETAI,RUBBE,0.11,14540.109,3,3,14540.109,0.0,0.0,0.0,0.0,132182.809091
1771151,IT,CH,MEAT1,MEAT1,0.07,14539.44,4,4,14539.438,0.0,0.0,0.0,0.002,207706.285714
1659195,IT,DE,CONST,POSTT,0.08,14539.202,3,3,14539.202,0.0,0.0,0.0,0.0,181740.025
1666543,IT,ES,CHEM1,MEAT1,0.03,14538.527,4,4,14538.525,0.0,0.0,0.0,0.002,484617.566667
1764162,IT,MX,FABRI,MEMBE,0.06,14537.757,3,3,14537.757,0.0,0.0,0.0,0.0,242295.95
1667931,IT,ES,MOTO1,HEALT,0.08,14537.738,3,3,14537.738,0.0,0.0,0.0,0.0,181721.725
1682142,IT,HR,TEXTI,STEAM,0.09,14537.701,4,4,14537.699,0.0,0.0,0.0,0.002,161530.011111
1780826,IT,TW,COMPU,ALUM1,0.17,14537.668,3,3,14537.668,0.0,0.0,0.0,0.0,85515.694118
1765550,IT,RU,LEATH,CHEM1,0.1,14536.376,4,4,14536.373,0.0,0.0,0.0,0.003,145363.76
1651994,IT,CZ,VEGET,ANIMA,0.05,14535.733,3,3,14535.733,0.0,0.0,0.0,0.0,290714.66
1653497,IT,CZ,BASIC,TOBAC,0.02,14535.512,3,3,14535.512,0.0,0.0,0.0,0.0,726775.6
1798811,IT,WE,FOOD5,FABRI,0.07,14535.066,3,3,14535.066,0.0,0.0,0.0,0.0,207643.8
1770443,IT,AU,SEACO,HOTEL,0.01,14534.921,3,3,14534.921,0.0,0.0,0.0,0.0,1453492.1
1711479,IT,LU,AIRTR,LANDT,0.02,14533.623,3,3,14533.623,0.0,0.0,0.0,0.0,726681.15
1794149,IT,WL,PRINT,VEGET,0.14,14533.516,3,3,14533.516,0.0,0.0,0.0,0.0,103810.828571
1737301,IT,GB,BEVER,MEATA,0.06,14532.328,3,3,14532.328,0.0,0.0,0.0,0.0,242205.466667
1644969,IT,BE,WOODW,MOTO1,0.04,14532.202,3,3,14532.202,0.0,0.0,0.0,0.0,363305.05
1647968,IT,BE,RENTI,TRANS,0.09,14531.728,3,3,14531.728,0.0,0.0,0.0,0.0,161463.644444
1644597,IT,BE,FOOD5,TOBAC,0.07,14530.853,3,3,14530.853,0.0,0.0,0.0,0.0,207583.614286
1644955,IT,BE,WOODW,CERAM,0.04,14530.72,3,3,14530.72,0.0,0.0,0.0,0.0,363268.0
1713511,IT,MT,RUBBE,COMPU,0.05,14530.554,3,3,14530.554,0.0,0.0,0.0,0.0,290611.08
1778489,IT,TR,WHOLE,TEXT2,0.13,14530.217,3,3,14530.217,0.0,0.0,0.0,0.0,111770.9
1814126,IT,WM,AIRTR,ELEC1,0.02,14530.034,3,3,14530.034,0.0,0.0,0.0,0.0,726501.7
1641591,IT,AT,NAPHT,FISH5,0.02,14529.426,3,3,14529.426,0.0,0.0,0.0,0.0,726471.3
1750604,IT,CN,OFFIC,ELEC2,0.05,14528.369,3,3,14528.369,0.0,0.0,0.0,0.0,290567.38
1712055,IT,LV,BEVER,MEATC,0.06,14528.204,3,3,14528.204,0.0,0.0,0.0,0.0,242136.733333
1729467,IT,SE,ALUM1,PRECI,0.03,14527.296,3,3,14527.296,0.0,0.0,0.0,0.0,484243.2
1686316,IT,HU,NONME,LEATH,0.03,14527.067,4,4,14527.065,0.0,0.0,0.0,0.002,484235.566667
1783487,IT,NO,WOOD1,PAPE1,0.1,14527.008,3,3,14527.008,0.0,0.0,0.0,0.0,145270.08
1788518,IT,WA,PAPER,IRONO,0.06,14526.571,3,3,14526.571,0.0,0.0,0.0,0.0,242109.516667
1765954,IT,RU,CHEM1,ANTHR,0.03,14525.916,4,4,14525.914,0.0,0.0,0.0,0.002,484197.2
1712959,IT,MT,OILSE,HOTEL,0.01,14525.469,3,3,14525.469,0.0,0.0,0.0,0.0,1452546.9
1737936,IT,GB,CHEM1,PETRO,0.03,14524.617,4,4,14524.615,0.0,0.0,0.0,0.002,484153.9
1655513,IT,DE,CRUDE,CONST,0.03,14524.44,3,3,14524.44,0.0,0.0,0.0,0.0,484148.0
1807109,IT,WF,SEACO,BUSIN,0.01,14524.319,3,3,14524.319,0.0,0.0,0.0,0.0,1452431.9
1718222,IT,PL,PROCE,BEVER,0.1,14523.514,3,3,14523.514,0.0,0.0,0.0,0.0,145235.14
1760047,IT,BR,WOOD1,INERT,0.1,14523.343,3,3,14523.343,0.0,0.0,0.0,0.0,145233.43
1811243,IT,WM,BITU1,CEREA,0.02,14523.292,3,3,14523.292,0.0,0.0,0.0,0.0,726164.6
1740751,IT,US,MEAT4,KEROS,0.08,14522.895,3,3,14522.895,0.0,0.0,0.0,0.0,181536.1875
1732368,IT,SI,PETRO,MOTO1,0.02,14522.228,3,3,14522.228,0.0,0.0,0.0,0.0,726111.4
1709965,IT,LT,BASIC,FOOD3,0.02,14522.124,3,3,14522.124,0.0,0.0,0.0,0.0,726106.2
1765476,IT,RU,WEARI,CRUDE,0.11,14522.07,4,4,14522.067,0.0,0.0,0.0,0.003,132018.818182
1657633,IT,DE,CERAM,FISH5,0.02,14520.966,3,3,14520.966,0.0,0.0,0.0,0.0,726048.3
1811818,IT,WM,BIODI,REALE,0.03,14520.652,4,4,14520.65,0.0,0.0,0.0,0.002,484021.733333
1682392,IT,HR,PAPER,ANIMA,0.06,14520.41,3,3,14520.41,0.0,0.0,0.0,0.0,242006.833333
1784171,IT,ID,PAPER,TRANS,0.06,14519.819,3,3,14519.819,0.0,0.0,0.0,0.0,241996.983333
1719111,IT,PL,NONSP,RESEA,0.02,14519.2,3,3,14519.2,0.0,0.0,0.0,0.0,725960.0
1806802,IT,WF,RETA1,PRINT,0.15,14518.873,3,3,14518.873,0.0,0.0,0.0,0.0,96792.486667
1756559,IT,KR,RETA1,NONME,0.15,14518.086,3,3,14518.086,0.0,0.0,0.0,0.0,96787.24
1651602,IT,CY,GLASS,HEALT,0.04,14517.751,3,3,14517.751,0.0,0.0,0.0,0.0,362943.775
1782288,IT,NO,COPP1,PLAST,0.04,14515.073,3,3,14515.073,0.0,0.0,0.0,0.0,362876.825
1709383,IT,LT,BEVER,FORES,0.06,14513.521,3,3,14513.521,0.0,0.0,0.0,0.0,241892.016667
1712656,IT,LV,TRANS,SUPPO,0.09,14513.294,3,3,14513.294,0.0,0.0,0.0,0.0,161258.822222
1761904,IT,IN,FURNI,FOOD5,0.05,14513.108,3,3,14513.108,0.0,0.0,0.0,0.0,290262.16
1683310,IT,HR,NONME,CATTL,0.03,14513.083,4,4,14513.081,0.0,0.0,0.0,0.002,483769.433333
1767986,IT,RU,COMPU,LANDT,0.17,14512.074,3,3,14512.074,0.0,0.0,0.0,0.0,85365.141176
1664074,IT,EE,CHEM1,ALUM1,0.03,14511.726,4,4,14511.724,0.0,0.0,0.0,0.002,483724.2
1721438,IT,PL,AIRTR,CHEM1,0.02,14511.319,3,3,14511.319,0.0,0.0,0.0,0.0,725565.95
1799001,IT,WE,TEXTI,MEAT1,0.09,14511.195,4,4,14511.193,0.0,0.0,0.0,0.002,161235.5
1779177,IT,TR,POSTT,GLASS,0.24,14509.56,3,3,14509.56,0.0,0.0,0.0,0.0,60456.5
1741435,IT,US,MOTOR,ETHAN,0.02,14508.475,3,3,14508.475,0.0,0.0,0.0,0.0,725423.75
1757220,IT,BR,VEGE1,FISHF,0.04,14508.47,4,4,14508.467,0.0,0.0,0.0,0.003,362711.75
1725229,IT,RO,FOOD5,TEXTI,0.07,14507.856,3,3,14507.856,0.0,0.0,0.0,0.0,207255.085714
1645111,IT,BE,PAPER,EDUCA,0.06,14506.973,3,3,14506.973,0.0,0.0,0.0,0.0,241782.883333
1647164,IT,BE,RAILW,PLAST,0.1,14506.907,3,3,14506.907,0.0,0.0,0.0,0.0,145069.07
1769285,IT,AU,RUBBE,TRAN1,0.05,14506.793,3,3,14506.793,0.0,0.0,0.0,0.0,290135.86
1725088,IT,RO,FORES,FORES,0.13,14506.364,4,4,14500.364,0.0,6.0,0.0,0.0,111587.415385
1656300,IT,DE,LEATH,FOUND,0.1,14505.358,4,4,14505.355,0.0,0.0,0.0,0.003,145053.58
1676932,IT,FR,AIRTR,SUGA1,0.02,14504.498,3,3,14504.498,0.0,0.0,0.0,0.0,725224.9
1659240,IT,DE,SALEM,CHEM1,0.12,14504.322,3,3,14504.322,0.0,0.0,0.0,0.0,120869.35
1789570,IT,WA,BIODI,KEROS,0.03,14502.978,4,4,14502.976,0.0,0.0,0.0,0.002,483432.6
1712529,IT,LV,FABRI,LANDT,0.06,14502.37,3,3,14502.37,0.0,0.0,0.0,0.0,241706.166667
1776768,IT,TR,LIQUE,INSUR,0.03,14501.876,3,3,14501.876,0.0,0.0,0.0,0.0,483395.866667
1783230,IT,NO,BUSIN,POSTT,0.15,14501.673,3,3,14501.673,0.0,0.0,0.0,0.0,96677.82
1659469,IT,DE,RETA1,BKBPE,0.15,14501.245,3,3,14501.245,0.0,0.0,0.0,0.0,96674.966667
1674229,IT,FR,LIQUE,INTER,0.03,14501.142,3,3,14501.142,0.0,0.0,0.0,0.0,483371.4
1661809,IT,DK,WOODW,OFFIC,0.04,14501.132,3,3,14501.132,0.0,0.0,0.0,0.0,362528.3
1736905,IT,SK,BUSIN,RESEA,0.15,14500.844,3,3,14500.844,0.0,0.0,0.0,0.0,96672.293333
1668210,IT,ES,RETAI,FOOD5,0.11,14500.275,3,3,14500.275,0.0,0.0,0.0,0.0,131820.681818
1730512,IT,SE,FINAN,BUSIN,0.19,14500.044,3,3,14500.044,0.0,0.0,0.0,0.0,76316.021053
1687862,IT,HU,INSUR,INSUR,0.3,14500.008,3,3,14500.008,0.0,0.0,0.0,0.0,48333.36
1725761,IT,RO,PRINT,RUBBE,0.14,14498.865,3,3,14498.865,0.0,0.0,0.0,0.0,103563.321429
1788817,IT,WA,KEROS,BUSIN,0.02,14498.08,3,3,14498.08,0.0,0.0,0.0,0.0,724904.0
1735430,IT,SK,BASIC,CHEM1,0.02,14498.008,3,3,14498.008,0.0,0.0,0.0,0.0,724900.4
1797562,IT,WL,PUBLI,CHARC,0.24,14496.48,3,3,14496.48,0.0,0.0,0.0,0.0,60402.0
1662421,IT,DK,PREC1,RADIO,0.02,14496.177,3,3,14496.177,0.0,0.0,0.0,0.0,724808.85
1657553,IT,DE,GLASS,NONSP,0.04,14496.033,3,3,14496.033,0.0,0.0,0.0,0.0,362400.825
1782066,IT,NO,GLASS,MOTOR,0.04,14495.714,3,3,14495.714,0.0,0.0,0.0,0.0,362392.85
1764966,IT,MX,POSTT,LANDT,0.24,14495.181,3,3,14495.181,0.0,0.0,0.0,0.0,60396.5875
1674207,IT,FR,LIQUE,TRANS,0.03,14494.982,3,3,14494.982,0.0,0.0,0.0,0.0,483166.066667
1793919,IT,WL,LEATH,CATTL,0.1,14494.138,4,4,14494.135,0.0,0.0,0.0,0.003,144941.38
1671317,IT,FI,ALUM1,LEAD1,0.03,14493.974,3,3,14493.974,0.0,0.0,0.0,0.0,483132.466667
1710893,IT,LU,KEROS,RETA1,0.02,14493.277,3,3,14493.277,0.0,0.0,0.0,0.0,724663.85
1659994,IT,DE,SEACO,INLAN,0.01,14493.206,3,3,14493.206,0.0,0.0,0.0,0.0,1449320.6
1774144,IT,CH,WHOLE,AUXIL,0.13,14492.487,3,3,14492.487,0.0,0.0,0.0,0.0,111480.669231
1807115,IT,WF,SEACO,PRIVA,0.01,14491.42,3,3,14491.42,0.0,0.0,0.0,0.0,1449142.0
1648783,IT,BG,BEVER,FABRI,0.06,14490.876,3,3,14490.876,0.0,0.0,0.0,0.0,241514.6
1710972,IT,LU,GLASS,BASIC,0.04,14490.596,3,3,14490.596,0.0,0.0,0.0,0.0,362264.9
1668661,IT,ES,RAILW,EDUCA,0.1,14490.304,3,3,14490.304,0.0,0.0,0.0,0.0,144903.04
1743805,IT,US,LANDT,RETAI,0.09,14490.23,3,3,14490.23,0.0,0.0,0.0,0.0,161002.555556
1650435,IT,BG,ELEC4,RETA1,0.23,14489.582,3,3,14489.582,0.0,0.0,0.0,0.0,62998.182609
1802102,IT,WE,RETA1,BASIC,0.15,14489.324,3,3,14489.324,0.0,0.0,0.0,0.0,96595.493333
1646111,IT,BE,BASIC,WOOD1,0.02,14488.529,3,3,14488.529,0.0,0.0,0.0,0.0,724426.45
1660230,IT,DE,POSTT,TEXTI,0.24,14486.848,3,3,14486.848,0.0,0.0,0.0,0.0,60361.866667
1771635,IT,CH,WEARI,BEVER,0.11,14486.6,4,4,14486.597,0.0,0.0,0.0,0.003,131696.363636
1742959,IT,US,MACHI,POSTT,0.08,14486.186,3,3,14486.186,0.0,0.0,0.0,0.0,181077.325
1797313,IT,WL,AUXIL,POSTT,0.26,14485.619,3,3,14485.619,0.0,0.0,0.0,0.0,55713.919231
1803965,IT,WF,LEATH,NICKE,0.1,14484.665,4,4,14484.662,0.0,0.0,0.0,0.003,144846.65
1800756,IT,WE,NONME,FABRI,0.03,14484.416,4,4,14484.414,0.0,0.0,0.0,0.002,482813.866667
1754820,IT,KR,FOOD5,SEACO,0.07,14484.306,3,3,14484.306,0.0,0.0,0.0,0.0,206918.657143
1750698,IT,CN,MOTO1,ELEC8,0.08,14484.277,3,3,14484.277,0.0,0.0,0.0,0.0,181053.4625
1778860,IT,TR,TRAN2,TRAN2,0.02,14484.129,3,3,14484.129,0.0,0.0,0.0,0.0,724206.45
1688848,IT,IE,BASIC,NONME,0.02,14484.018,3,3,14484.018,0.0,0.0,0.0,0.0,724200.9
1688168,IT,HU,BUSIN,RETAI,0.15,14483.7,3,3,14483.7,0.0,0.0,0.0,0.0,96558.0
1673467,IT,FR,WEARI,PAPE1,0.11,14483.52,4,4,14483.517,0.0,0.0,0.0,0.003,131668.363636
1791430,IT,WA,WHOLE,MOTOR,0.13,14483.502,3,3,14483.502,0.0,0.0,0.0,0.0,111411.553846
1711075,IT,LU,PREC1,RESEA,0.02,14482.886,3,3,14482.886,0.0,0.0,0.0,0.0,724144.3
1749220,IT,CN,PAPER,PROCE,0.06,14482.213,3,3,14482.213,0.0,0.0,0.0,0.0,241370.216667
1665692,IT,ES,PULP5,MEMBE,0.04,14481.933,3,3,14481.933,0.0,0.0,0.0,0.0,362048.325
1733115,IT,SI,FABRI,CERAM,0.06,14481.635,3,3,14481.635,0.0,0.0,0.0,0.0,241360.583333
1647557,IT,BE,SUPPO,FOODW,0.1,14481.288,3,3,14481.288,0.0,0.0,0.0,0.0,144812.88
1722173,IT,PL,BUSIN,WASTE,0.15,14480.981,3,3,14480.981,0.0,0.0,0.0,0.0,96539.873333
1795267,IT,WL,CERAM,ELEC2,0.02,14480.259,3,3,14480.259,0.0,0.0,0.0,0.0,724012.95
1753625,IT,CA,MACHI,WASTE,0.08,14479.755,3,3,14479.755,0.0,0.0,0.0,0.0,180996.9375
1752942,IT,CA,PLAST,ADDIT,0.03,14478.711,3,3,14478.711,0.0,0.0,0.0,0.0,482623.7
1796160,IT,WL,FURNI,NATU1,0.05,14478.623,3,3,14478.623,0.0,0.0,0.0,0.0,289572.46
1782424,IT,NO,MACHI,FORES,0.08,14477.898,3,3,14477.898,0.0,0.0,0.0,0.0,180973.725
1720170,IT,PL,COPP1,NONME,0.04,14477.745,3,3,14477.745,0.0,0.0,0.0,0.0,361943.625
1651386,IT,CY,MOTOR,RETAI,0.02,14477.39,3,3,14477.39,0.0,0.0,0.0,0.0,723869.5
1653616,IT,CZ,ALUM1,CEREA,0.03,14477.15,3,3,14477.15,0.0,0.0,0.0,0.0,482571.666667
1685135,IT,HU,FOOD5,COMPU,0.07,14475.558,3,3,14475.558,0.0,0.0,0.0,0.0,206793.685714
1684538,IT,HR,BUSIN,RUBBE,0.15,14475.105,3,3,14475.105,0.0,0.0,0.0,0.0,96500.7
1753425,IT,CA,FABRI,SANDC,0.06,14474.257,3,3,14474.257,0.0,0.0,0.0,0.0,241237.616667
1677015,IT,FR,SUPPO,PIGS9,0.1,14473.431,3,3,14473.431,0.0,0.0,0.0,0.0,144734.31
1771636,IT,CH,WEARI,TOBAC,0.11,14473.351,4,4,14473.348,0.0,0.0,0.0,0.003,131575.918182
1759010,IT,BR,LANDT,SALEM,0.09,14472.91,3,3,14472.91,0.0,0.0,0.0,0.0,160810.111111
1779778,IT,TR,BUSIN,COLLE,0.15,14472.796,3,3,14472.796,0.0,0.0,0.0,0.0,96485.306667
1809109,IT,WM,CROPS,NAPHT,0.11,14472.488,3,3,14472.488,0.0,0.0,0.0,0.0,131568.072727
1776725,IT,TR,LIQUE,MEATC,0.03,14471.975,3,3,14471.975,0.0,0.0,0.0,0.0,482399.166667
1794453,IT,WL,GASDI,TEXTI,0.02,14471.896,3,3,14471.896,0.0,0.0,0.0,0.0,723594.8
1800124,IT,WE,NAPHT,COPP1,0.02,14470.318,3,3,14470.318,0.0,0.0,0.0,0.0,723515.9
1759822,IT,BR,BUSIN,WOOD2,0.15,14469.685,3,3,14469.685,0.0,0.0,0.0,0.0,96464.566667
1770127,IT,AU,WHOLE,BUSIN,0.13,14469.443,3,3,14469.443,0.0,0.0,0.0,0.0,111303.407692
1739069,IT,GB,RETAI,BUSIN,0.11,14469.412,3,3,14469.412,0.0,0.0,0.0,0.0,131540.109091
1769418,IT,AU,CEMEN,DIST1,0.02,14468.854,3,3,14468.854,0.0,0.0,0.0,0.0,723442.7
1796993,IT,WL,AIRTR,ELEC6,0.02,14468.06,3,3,14468.06,0.0,0.0,0.0,0.0,723403.0
1805813,IT,WF,PREC1,SALEM,0.02,14468.033,3,3,14468.033,0.0,0.0,0.0,0.0,723401.65
1712553,IT,LV,MACHI,CHEMI,0.08,14467.745,3,3,14467.745,0.0,0.0,0.0,0.0,180846.8125
1756352,IT,KR,TRANS,CONST,0.09,14467.092,3,3,14467.092,0.0,0.0,0.0,0.0,160745.466667
1753985,IT,CA,LANDT,TRANS,0.09,14466.142,3,3,14466.142,0.0,0.0,0.0,0.0,160734.911111
1683346,IT,HR,NONME,ELEC4,0.03,14465.469,4,4,14465.467,0.0,0.0,0.0,0.002,482182.3
1796798,IT,WL,TRAN2,FISH5,0.02,14465.106,3,3,14465.106,0.0,0.0,0.0,0.0,723255.3
1804687,IT,WF,LIQUE,GASDI,0.03,14464.84,3,3,14464.84,0.0,0.0,0.0,0.0,482161.333333
1786540,IT,ZA,FURNI,NFERT,0.05,14464.2,3,3,14464.2,0.0,0.0,0.0,0.0,289284.0
1766157,IT,RU,RUBBE,TRAN2,0.05,14461.944,3,3,14461.944,0.0,0.0,0.0,0.0,289238.88
1782408,IT,NO,FABRI,FOOD2,0.06,14461.535,3,3,14461.535,0.0,0.0,0.0,0.0,241025.583333
1809080,IT,WM,CROPS,FISHF,0.11,14461.207,3,3,14461.207,0.0,0.0,0.0,0.0,131465.518182
1780201,IT,TW,RAILW,PAPER,0.1,14461.136,3,3,14461.136,0.0,0.0,0.0,0.0,144611.36
1729753,IT,SE,MACHI,NONME,0.08,14460.924,3,3,14460.924,0.0,0.0,0.0,0.0,180761.55
1735623,IT,SK,COPP1,TRANS,0.04,14460.895,3,3,14460.895,0.0,0.0,0.0,0.0,361522.375
1689893,IT,IE,AUXIL,CEMEN,0.26,14460.564,3,3,14460.564,0.0,0.0,0.0,0.0,55617.553846
1730049,IT,SE,WHOLE,WHOLE,0.12,14460.303,3,3,14460.303,0.0,0.0,0.0,0.0,120502.525
1764971,IT,MX,POSTT,INSUR,0.24,14459.89,3,3,14459.89,0.0,0.0,0.0,0.0,60249.541667
1642464,IT,AT,ALUM1,POSTT,0.03,14458.482,3,3,14458.482,0.0,0.0,0.0,0.0,481949.4
1745235,IT,JP,STONE,POSTT,0.05,14458.475,4,4,14457.475,0.0,0.0,1.0,0.0,289169.5
1726948,IT,RO,HOTEL,PULP5,0.1,14458.378,3,3,14458.378,0.0,0.0,0.0,0.0,144583.78
1716327,IT,NL,FABRI,DISTR,0.06,14458.375,3,3,14458.375,0.0,0.0,0.0,0.0,240972.916667
1729915,IT,SE,FURNI,BASIC,0.05,14458.123,3,3,14458.123,0.0,0.0,0.0,0.0,289162.46
1760585,IT,IN,WOODW,GASDI,0.04,14457.971,3,3,14457.971,0.0,0.0,0.0,0.0,361449.275
1765064,IT,MX,INSUR,FINAN,0.3,14457.384,3,3,14457.384,0.0,0.0,0.0,0.0,48191.28
1755512,IT,KR,CHEM1,SUGA1,0.03,14457.012,4,4,14457.01,0.0,0.0,0.0,0.002,481900.4
1656661,IT,DE,PRINT,INERT,0.14,14456.51,3,3,14456.51,0.0,0.0,0.0,0.0,103260.785714
1787818,IT,WA,PROCE,HEALT,0.1,14456.418,3,3,14456.418,0.0,0.0,0.0,0.0,144564.18
1731267,IT,SI,MEATP,RENTI,0.06,14455.319,4,4,14455.317,0.0,0.0,0.0,0.002,240921.983333
1802347,IT,WE,SEACO,VEGE1,0.01,14455.12,3,3,14455.12,0.0,0.0,0.0,0.0,1445512.0
1651383,IT,CY,MOTOR,DISTR,0.02,14454.584,3,3,14454.584,0.0,0.0,0.0,0.0,722729.2
1709842,IT,LT,RUBBE,93197,0.05,14454.248,3,3,14454.248,0.0,0.0,0.0,0.0,289084.96
1665911,IT,ES,COALT,BIOGA,0.02,14453.909,3,3,14453.909,0.0,0.0,0.0,0.0,722695.45
1791659,IT,WA,HOTEL,NONF1,0.1,14453.667,3,3,14453.667,0.0,0.0,0.0,0.0,144536.67
1709893,IT,LT,CEMEN,RADIO,0.02,14451.067,3,3,14451.067,0.0,0.0,0.0,0.0,722553.35
1762252,IT,IN,AIRTR,LEATH,0.02,14450.946,3,3,14450.946,0.0,0.0,0.0,0.0,722547.3
1710817,IT,LU,PAPER,PAPER,0.06,14450.445,3,3,14450.445,0.0,0.0,0.0,0.0,240840.75
1655311,IT,DE,VEGET,RAWMI,0.05,14450.239,3,3,14450.239,0.0,0.0,0.0,0.0,289004.78
1810334,IT,WM,WOODW,KERO1,0.04,14450.211,3,3,14450.211,0.0,0.0,0.0,0.0,361255.275
1783592,IT,NO,FOOD2,SALEM,0.08,14450.033,3,3,14450.033,0.0,0.0,0.0,0.0,180625.4125
1733081,IT,SI,COPP1,RECRE,0.04,14447.778,3,3,14447.778,0.0,0.0,0.0,0.0,361194.45
1665652,IT,ES,WOODW,TRAN2,0.04,14447.474,3,3,14447.474,0.0,0.0,0.0,0.0,361186.85
1657338,IT,DE,BIOGA,CONST,0.03,14447.34,3,3,14447.34,0.0,0.0,0.0,0.0,481578.0
1741564,IT,US,GASDI,BEVER,0.02,14446.899,3,3,14446.899,0.0,0.0,0.0,0.0,722344.95
1732751,IT,SI,NONME,BEVER,0.03,14445.052,4,4,14445.05,0.0,0.0,0.0,0.002,481501.733333
1661930,IT,DK,PRINT,BUSIN,0.14,14445.021,3,3,14445.021,0.0,0.0,0.0,0.0,103178.721429
1663605,IT,DK,BUSIN,WEARI,0.15,14444.892,3,3,14444.892,0.0,0.0,0.0,0.0,96299.28
1714991,IT,NL,TOBAC,NFERT,0.06,14444.536,3,3,14444.536,0.0,0.0,0.0,0.0,240742.266667
1793385,IT,WL,OILSE,PFERT,0.01,14444.031,3,3,14444.031,0.0,0.0,0.0,0.0,1444403.1
1673949,IT,FR,MOTOR,PAPE4,0.02,14443.224,3,3,14443.224,0.0,0.0,0.0,0.0,722161.2
1799809,IT,WE,GASDI,FORES,0.02,14442.803,3,3,14442.803,0.0,0.0,0.0,0.0,722140.15
1769854,IT,AU,OFFIC,TRANS,0.04,14442.775,3,3,14442.775,0.0,0.0,0.0,0.0,361069.375
1810836,IT,WM,KEROS,OFFIC,0.02,14442.318,3,3,14442.318,0.0,0.0,0.0,0.0,722115.9
1804851,IT,WF,BITU1,NATUR,0.02,14442.299,3,3,14442.299,0.0,0.0,0.0,0.0,722114.95
1676888,IT,FR,TRAN2,NONSP,0.02,14441.61,3,3,14441.61,0.0,0.0,0.0,0.0,722080.5
1715187,IT,NL,WOODW,PRINT,0.04,14441.581,3,3,14441.581,0.0,0.0,0.0,0.0,361039.525
1679357,IT,GR,PLAST,GASDI,0.03,14441.341,3,3,14441.341,0.0,0.0,0.0,0.0,481378.033333
1800455,IT,WE,BIODI,93197,0.03,14440.663,4,4,14440.661,0.0,0.0,0.0,0.002,481355.433333
1690374,IT,IE,WASTE,PLAST,0.05,14440.191,3,3,14440.191,0.0,0.0,0.0,0.0,288803.82
1776570,IT,TR,GASDI,PLANT,0.02,14439.873,3,3,14439.873,0.0,0.0,0.0,0.0,721993.65
1645656,IT,BE,CHEM1,TRAN2,0.03,14439.867,4,4,14439.865,0.0,0.0,0.0,0.002,481328.9
1768699,IT,AU,TEXTI,COMPU,0.09,14439.751,4,4,14439.749,0.0,0.0,0.0,0.002,160441.677778
1663471,IT,DK,REALE,BUSIN,0.61,14439.428,3,3,14439.428,0.0,0.0,0.0,0.0,23671.193443
1731803,IT,SI,PAPER,TRANS,0.06,14439.238,3,3,14439.238,0.0,0.0,0.0,0.0,240653.966667
1651248,IT,CY,OILSE,VEGE1,0.01,14438.897,3,3,14438.897,0.0,0.0,0.0,0.0,1443889.7
1788269,IT,WA,LEATH,ETHAN,0.1,14438.745,4,4,14438.743,0.0,0.0,0.0,0.002,144387.45
1781352,IT,NO,DAIRY,PRINT,0.06,14438.389,3,3,14438.389,0.0,0.0,0.0,0.0,240639.816667
1743876,IT,US,SEACO,REFIN,0.01,14437.686,3,3,14437.686,0.0,0.0,0.0,0.0,1443768.6
1641502,IT,AT,HEAVY,MEATC,0.02,14437.625,3,3,14437.625,0.0,0.0,0.0,0.0,721881.25
1647728,IT,BE,INSUR,RADIO,0.3,14437.201,3,3,14437.201,0.0,0.0,0.0,0.0,48124.003333
1731579,IT,SI,TEXTI,RAILW,0.09,14436.884,4,4,14436.882,0.0,0.0,0.0,0.002,160409.822222
1646678,IT,BE,FURNI,FURNI,0.05,14436.766,3,3,14436.766,0.0,0.0,0.0,0.0,288735.32
1678922,IT,GR,TEXTI,ALUM1,0.09,14436.191,4,4,14436.189,0.0,0.0,0.0,0.002,160402.122222
1664601,IT,EE,RAILW,WOODW,0.1,14436.052,3,3,14436.052,0.0,0.0,0.0,0.0,144360.52
1781457,IT,NO,BEVER,WOODW,0.06,14435.882,3,3,14435.882,0.0,0.0,0.0,0.0,240598.033333
1742544,IT,US,PREC1,PRINT,0.02,14434.711,3,3,14434.711,0.0,0.0,0.0,0.0,721735.55
1777409,IT,TR,CEMEN,DIST1,0.02,14434.562,3,3,14434.562,0.0,0.0,0.0,0.0,721728.1
1674193,IT,FR,LIQUE,PFERT,0.03,14432.987,3,3,14432.987,0.0,0.0,0.0,0.0,481099.566667
1787447,IT,WA,STONE,PFERT,0.05,14432.448,4,4,14431.448,0.0,0.0,1.0,0.0,288648.96
1737633,IT,GB,PAPER,RAILW,0.06,14432.321,3,3,14432.321,0.0,0.0,0.0,0.0,240538.683333
1722762,IT,PT,PAPER,PULP5,0.06,14431.279,3,3,14431.279,0.0,0.0,0.0,0.0,240521.316667
1736848,IT,SK,BUSIN,WEARI,0.15,14431.13,3,3,14431.13,0.0,0.0,0.0,0.0,96207.533333
1791762,IT,WA,RAILW,HOTEL,0.1,14431.126,3,3,14431.126,0.0,0.0,0.0,0.0,144311.26
1771848,IT,CH,WOODW,ELEC3,0.04,14431.007,3,3,14431.007,0.0,0.0,0.0,0.0,360775.175
1791056,IT,WA,TRANS,MEAT4,0.09,14430.737,3,3,14430.737,0.0,0.0,0.0,0.0,160341.522222
1810439,IT,WM,PULP5,NONME,0.04,14430.102,3,3,14430.102,0.0,0.0,0.0,0.0,360752.55
1790458,IT,WA,COPP1,COPPE,0.04,14429.809,3,3,14429.809,0.0,0.0,0.0,0.0,360745.225
1784846,IT,ID,SEACO,CEMEN,0.01,14429.633,3,3,14429.633,0.0,0.0,0.0,0.0,1442963.3
1684467,IT,HR,RENTI,RETA1,0.09,14429.496,3,3,14429.496,0.0,0.0,0.0,0.0,160327.733333
1813508,IT,WM,RETAI,HEAVY,0.11,14429.351,3,3,14429.351,0.0,0.0,0.0,0.0,131175.918182
1720595,IT,PL,MOTO1,CEREA,0.08,14429.012,3,3,14429.012,0.0,0.0,0.0,0.0,180362.65
1734860,IT,SK,PAPER,BRICK,0.06,14427.942,3,3,14427.942,0.0,0.0,0.0,0.0,240465.7
1686600,IT,HU,ALUM1,OILHA,0.03,14427.446,3,3,14427.446,0.0,0.0,0.0,0.0,480914.866667
1677168,IT,FR,POSTT,RUBBE,0.24,14427.063,3,3,14427.063,0.0,0.0,0.0,0.0,60112.7625
1659420,IT,DE,WHOLE,MACHI,0.12,14426.598,3,3,14426.598,0.0,0.0,0.0,0.0,120221.65
1758610,IT,BR,MOTO1,HEALT,0.08,14426.265,3,3,14426.265,0.0,0.0,0.0,0.0,180328.3125
1809922,IT,WM,BEVER,AIRTR,0.06,14425.634,3,3,14425.634,0.0,0.0,0.0,0.0,240427.233333
1739645,IT,GB,AIRTR,BASIC,0.02,14425.263,3,3,14425.263,0.0,0.0,0.0,0.0,721263.15
1656766,IT,DE,KEROS,MOTO1,0.02,14424.905,3,3,14424.905,0.0,0.0,0.0,0.0,721245.25
1747933,IT,JP,COMPU,HEALT,0.16,14422.904,3,3,14422.904,0.0,0.0,0.0,0.0,90143.15
1653050,IT,CZ,PLAST,STEAM,0.03,14422.815,3,3,14422.815,0.0,0.0,0.0,0.0,480760.5
1681944,IT,HR,FOOD5,SUGA1,0.07,14421.431,3,3,14421.431,0.0,0.0,0.0,0.0,206020.442857
1657994,IT,DE,PREC1,STONE,0.02,14420.641,3,3,14420.641,0.0,0.0,0.0,0.0,721032.05
1779890,IT,TR,PUBLI,RECRE,0.24,14420.289,3,3,14420.289,0.0,0.0,0.0,0.0,60084.5375
1685279,IT,HU,TEXTI,COMPU,0.09,14420.169,4,4,14420.167,0.0,0.0,0.0,0.002,160224.1
1770116,IT,AU,WHOLE,HOTEL,0.12,14420.155,3,3,14420.155,0.0,0.0,0.0,0.0,120167.958333
1775597,IT,CH,RECRE,SALEM,0.18,14420.127,3,3,14420.127,0.0,0.0,0.0,0.0,80111.816667
1783420,IT,NO,INTER,CONST,0.09,14419.45,3,3,14419.45,0.0,0.0,0.0,0.0,160216.111111
1731070,IT,SI,VEGET,CONST,0.05,14419.171,3,3,14419.171,0.0,0.0,0.0,0.0,288383.42
1761197,IT,IN,ADDIT,NFERT,0.03,14418.804,3,3,14418.804,0.0,0.0,0.0,0.0,480626.8
1667011,IT,ES,CEMEN,RETA1,0.02,14417.315,3,3,14417.315,0.0,0.0,0.0,0.0,720865.75
1640260,IT,AT,STONE,PLAST,0.05,14416.814,4,4,14415.814,0.0,0.0,1.0,0.0,288336.28
1752920,IT,CA,PLAST,PRECI,0.03,14416.594,3,3,14416.594,0.0,0.0,0.0,0.0,480553.133333
1745759,IT,JP,WEARI,ELEC1,0.11,14416.197,4,4,14416.194,0.0,0.0,0.0,0.003,131056.336364
1709375,IT,LT,FOOD5,WHOLE,0.07,14415.918,3,3,14415.918,0.0,0.0,0.0,0.0,205941.685714
1769731,IT,AU,MACHI,MEATP,0.08,14415.3,3,3,14415.3,0.0,0.0,0.0,0.0,180191.25
1687828,IT,HU,POSTT,RECRE,0.24,14414.071,3,3,14414.071,0.0,0.0,0.0,0.0,60058.629167
1784806,IT,ID,HOTEL,TRANS,0.1,14414.004,3,3,14414.004,0.0,0.0,0.0,0.0,144140.04
1685947,IT,HU,CHEM1,TEXT2,0.03,14413.402,4,4,14413.4,0.0,0.0,0.0,0.002,480446.733333
1725953,IT,RO,CHEM1,RAWMI,0.03,14413.349,4,4,14413.347,0.0,0.0,0.0,0.002,480444.966667
1655946,IT,DE,SUGA1,HEALT,0.04,14411.697,4,4,14411.695,0.0,0.0,0.0,0.002,360292.425
1791816,IT,WA,LANDT,MOTOR,0.09,14411.526,3,3,14411.526,0.0,0.0,0.0,0.0,160128.066667
1754462,IT,CA,BUSIN,RAWMI,0.15,14411.205,3,3,14411.205,0.0,0.0,0.0,0.0,96074.7
1760996,IT,IN,PARAF,DIST1,0.02,14410.228,3,3,14410.228,0.0,0.0,0.0,0.0,720511.4
1673837,IT,FR,PRINT,MOTO1,0.14,14409.876,3,3,14409.876,0.0,0.0,0.0,0.0,102927.685714
1656519,IT,DE,PAPER,ELECT,0.06,14408.849,3,3,14408.849,0.0,0.0,0.0,0.0,240147.483333
1681707,IT,HR,FISHF,MEAT4,0.02,14408.764,3,3,14408.764,0.0,0.0,0.0,0.0,720438.2
1671172,IT,FI,CERAM,FINAN,0.02,14408.115,3,3,14408.115,0.0,0.0,0.0,0.0,720405.75
1744995,IT,US,PUBLI,BITUM,0.24,14407.575,3,3,14407.575,0.0,0.0,0.0,0.0,60031.5625
1810951,IT,WM,GASDI,KERO1,0.02,14407.506,3,3,14407.506,0.0,0.0,0.0,0.0,720375.3
1801284,IT,WE,MACHI,IRONO,0.08,14407.132,3,3,14407.132,0.0,0.0,0.0,0.0,180089.15
1809880,IT,WM,BEVER,TOBAC,0.06,14406.665,3,3,14406.665,0.0,0.0,0.0,0.0,240111.083333
1778992,IT,TR,AIRTR,STONE,0.02,14406.306,3,3,14406.306,0.0,0.0,0.0,0.0,720315.3
1656459,IT,DE,PAPER,WHEAT,0.06,14406.27,3,3,14406.27,0.0,0.0,0.0,0.0,240104.5
1813820,IT,WM,RAILW,FINAN,0.1,14404.697,3,3,14404.697,0.0,0.0,0.0,0.0,144046.97
1688431,IT,IE,BEVER,PUBLI,0.06,14403.717,3,3,14403.717,0.0,0.0,0.0,0.0,240061.95
1734226,IT,SI,RENTI,HOTEL,0.09,14402.788,3,3,14402.788,0.0,0.0,0.0,0.0,160030.977778
1764813,IT,MX,SEACO,NONFE,0.01,14401.442,3,3,14401.442,0.0,0.0,0.0,0.0,1440144.2
1778301,IT,TR,SALEM,FOUND,0.12,14400.662,3,3,14400.662,0.0,0.0,0.0,0.0,120005.516667
1742479,IT,US,BASIC,CERAM,0.02,14400.589,3,3,14400.589,0.0,0.0,0.0,0.0,720029.45
1783606,IT,NO,FOOD2,TEXT1,0.08,14400.561,3,3,14400.561,0.0,0.0,0.0,0.0,180007.0125
1717228,IT,NL,SUPPO,RENTI,0.1,14400.386,3,3,14400.386,0.0,0.0,0.0,0.0,144003.86
1662750,IT,DK,OFFIC,LANDT,0.04,14400.342,3,3,14400.342,0.0,0.0,0.0,0.0,360008.55
1714689,IT,NL,VEGE1,GASDI,0.04,14399.99,4,4,14399.987,0.0,0.0,0.0,0.003,359999.75
1759114,IT,BR,AIRTR,BITU1,0.02,14399.786,3,3,14399.786,0.0,0.0,0.0,0.0,719989.3
1782201,IT,NO,BASIC,BRICK,0.02,14399.565,3,3,14399.565,0.0,0.0,0.0,0.0,719978.25
1767472,IT,RU,SEACO,DAIRY,0.01,14397.849,3,3,14397.849,0.0,0.0,0.0,0.0,1439784.9
1722799,IT,PT,PAPER,TRANS,0.06,14395.618,3,3,14395.618,0.0,0.0,0.0,0.0,239926.966667
1751890,IT,CN,COMPU,KEROS,0.16,14395.28,3,3,14395.28,0.0,0.0,0.0,0.0,89970.5
1643563,IT,AT,SEACO,TRANS,0.01,14395.261,3,3,14395.261,0.0,0.0,0.0,0.0,1439526.1
1753075,IT,CA,RUBBE,FISHF,0.05,14395.046,3,3,14395.046,0.0,0.0,0.0,0.0,287900.92
1732715,IT,SI,BRICK,HOTEL,0.02,14394.668,3,3,14394.668,0.0,0.0,0.0,0.0,719733.4
1741877,IT,US,CHEM1,FISH5,0.03,14393.359,4,4,14393.357,0.0,0.0,0.0,0.002,479778.633333
1713386,IT,MT,LIQUE,CONST,0.03,14393.201,3,3,14393.201,0.0,0.0,0.0,0.0,479773.366667
1690108,IT,IE,COMPU,MEATC,0.16,14392.728,3,3,14392.728,0.0,0.0,0.0,0.0,89954.55
1769020,IT,AU,PRINT,WHOLE,0.14,14392.642,3,3,14392.642,0.0,0.0,0.0,0.0,102804.585714
1647973,IT,BE,RENTI,RETA1,0.09,14392.283,3,3,14392.283,0.0,0.0,0.0,0.0,159914.255556
1760591,IT,IN,WOODW,GLASS,0.04,14391.544,3,3,14391.544,0.0,0.0,0.0,0.0,359788.6
1774729,IT,CH,SUPPO,SECO9,0.1,14391.342,3,3,14391.342,0.0,0.0,0.0,0.0,143913.42
1749215,IT,CN,PAPER,MEATC,0.06,14391.299,3,3,14391.299,0.0,0.0,0.0,0.0,239854.983333
1738901,IT,GB,FURNI,CERAM,0.05,14390.825,3,3,14390.825,0.0,0.0,0.0,0.0,287816.5
1728877,IT,SE,CHEM1,IRONO,0.03,14390.815,4,4,14390.813,0.0,0.0,0.0,0.002,479693.833333
1716471,IT,NL,OFFIC,RUBBE,0.04,14390.619,3,3,14390.619,0.0,0.0,0.0,0.0,359765.475
1751239,IT,CN,HOTEL,STEAM,0.1,14390.45,3,3,14390.45,0.0,0.0,0.0,0.0,143904.5
1716740,IT,NL,RETA1,DAIRY,0.15,14389.467,3,3,14389.467,0.0,0.0,0.0,0.0,95929.78
1646440,IT,BE,MACHI,FOOD5,0.08,14389.24,3,3,14389.24,0.0,0.0,0.0,0.0,179865.5
1643165,IT,AT,RETA1,RESEA,0.15,14388.323,3,3,14388.323,0.0,0.0,0.0,0.0,95922.153333
1789943,IT,WA,CEMEN,FURNI,0.02,14387.94,3,3,14387.94,0.0,0.0,0.0,0.0,719397.0
1721918,IT,PL,RENTI,AIRTR,0.09,14387.888,3,3,14387.888,0.0,0.0,0.0,0.0,159865.422222
1650995,IT,BG,SUPPO,COLLE,0.1,14387.052,3,3,14387.052,0.0,0.0,0.0,0.0,143870.52
1770331,IT,AU,HOTEL,PAPE4,0.1,14386.467,3,3,14386.467,0.0,0.0,0.0,0.0,143864.67
1741281,IT,US,PAPER,GASDI,0.06,14386.42,3,3,14386.42,0.0,0.0,0.0,0.0,239773.666667
1755044,IT,KR,WEARI,SECO9,0.11,14386.158,4,4,14386.155,0.0,0.0,0.0,0.003,130783.254545
1785732,IT,ZA,PLAST,MEAT1,0.03,14386.024,3,3,14386.024,0.0,0.0,0.0,0.0,479534.133333
1667384,IT,ES,COPP1,BIOGA,0.04,14385.804,3,3,14385.804,0.0,0.0,0.0,0.0,359645.1
1735566,IT,SK,ALUM1,TRAN1,0.02,14385.777,3,3,14385.777,0.0,0.0,0.0,0.0,719288.85
1754670,IT,KR,CHEMI,BUSIN,0.03,14385.707,4,4,14384.707,0.0,0.0,1.0,0.0,479523.566667
1689012,IT,IE,MACHI,POSTT,0.08,14385.514,3,3,14385.514,0.0,0.0,0.0,0.0,179818.925
1799520,IT,WE,PAPER,PRIVA,0.06,14385.18,3,3,14385.18,0.0,0.0,0.0,0.0,239753.0
1679989,IT,GR,FABRI,FINAN,0.06,14385.108,3,3,14385.108,0.0,0.0,0.0,0.0,239751.8
1746479,IT,JP,CERAM,PAPER,0.02,14384.729,3,3,14384.729,0.0,0.0,0.0,0.0,719236.45
1808687,IT,WF,INERT,FINAN,0.11,14384.039,3,3,14384.039,0.0,0.0,0.0,0.0,130763.990909
1721720,IT,PL,FINAN,RECRE,0.19,14383.831,3,3,14383.831,0.0,0.0,0.0,0.0,75704.373684
1737698,IT,GB,MOTOR,NUCLE,0.02,14383.387,3,3,14383.387,0.0,0.0,0.0,0.0,719169.35
1786547,IT,ZA,FURNI,NONF1,0.05,14382.947,3,3,14382.947,0.0,0.0,0.0,0.0,287658.94
1657877,IT,DE,BASIC,IRONO,0.02,14382.473,3,3,14382.473,0.0,0.0,0.0,0.0,719123.65
1727609,IT,RO,REALE,HEALT,0.61,14382.176,3,3,14382.176,0.0,0.0,0.0,0.0,23577.337705
1778641,IT,TR,HOTEL,ALUM1,0.1,14381.959,3,3,14381.959,0.0,0.0,0.0,0.0,143819.59
1649131,IT,BG,PAPER,SEACO,0.06,14380.526,3,3,14380.526,0.0,0.0,0.0,0.0,239675.433333
1782231,IT,NO,BASIC,EDUCA,0.02,14380.503,3,3,14380.503,0.0,0.0,0.0,0.0,719025.15
1759570,IT,BR,COMPU,MACHI,0.16,14380.274,3,3,14380.274,0.0,0.0,0.0,0.0,89876.7125
1645340,IT,BE,GASDI,RETA1,0.02,14379.816,3,3,14379.816,0.0,0.0,0.0,0.0,718990.8
1766458,IT,RU,PREC1,FABRI,0.02,14379.142,3,3,14379.142,0.0,0.0,0.0,0.0,718957.1
1737820,IT,GB,BITU1,HOTEL,0.02,14379.033,3,3,14379.033,0.0,0.0,0.0,0.0,718951.65
1671341,IT,FI,COPP1,LEADZ,0.04,14378.858,3,3,14378.858,0.0,0.0,0.0,0.0,359471.45
1752501,IT,CA,FOOD5,MEAT4,0.07,14378.699,3,3,14378.699,0.0,0.0,0.0,0.0,205409.985714
1787539,IT,WA,CHEMI,NONF1,0.03,14377.922,4,4,14376.922,0.0,0.0,1.0,0.0,479264.066667
1768535,IT,AU,FOOD5,SALEM,0.07,14377.646,3,3,14377.646,0.0,0.0,0.0,0.0,205394.942857
1719098,IT,PL,NONSP,FABRI,0.02,14377.372,3,3,14377.372,0.0,0.0,0.0,0.0,718868.6
1682730,IT,HR,GASDI,STEAM,0.02,14376.951,3,3,14376.951,0.0,0.0,0.0,0.0,718847.55
1650893,IT,BG,SEACO,WHEAT,0.01,14376.471,3,3,14376.471,0.0,0.0,0.0,0.0,1437647.1
1717433,IT,NL,INSUR,FINAN,0.3,14376.373,3,3,14376.373,0.0,0.0,0.0,0.0,47921.243333
1732899,IT,SI,PREC1,PREC1,0.02,14375.857,3,3,14375.857,0.0,0.0,0.0,0.0,718792.85
1684691,IT,HU,CEREA,FURNI,0.02,14374.997,3,3,14374.997,0.0,0.0,0.0,0.0,718749.85
1709586,IT,LT,PAPER,WEARI,0.06,14374.111,3,3,14374.111,0.0,0.0,0.0,0.0,239568.516667
1809580,IT,WM,VEGE1,CEMEN,0.04,14372.572,4,4,14372.569,0.0,0.0,0.0,0.003,359314.3
1790453,IT,WA,COPP1,ANIMA,0.04,14372.118,3,3,14372.118,0.0,0.0,0.0,0.0,359302.95
1672959,IT,FR,DAIRY,AUXIL,0.06,14371.189,3,3,14371.189,0.0,0.0,0.0,0.0,239519.816667
1812598,IT,WM,LEAD1,FABRI,0.02,14370.862,3,3,14370.862,0.0,0.0,0.0,0.0,718543.1
1661361,IT,DK,MEATC,MEMBE,0.05,14370.053,3,3,14370.053,0.0,0.0,0.0,0.0,287401.06
1809562,IT,WM,VEGE1,TOBAC,0.04,14369.412,4,4,14369.409,0.0,0.0,0.0,0.003,359235.3
1688785,IT,IE,RUBBE,REALE,0.05,14369.296,3,3,14369.296,0.0,0.0,0.0,0.0,287385.92
1755436,IT,KR,NAPHT,GASDI,0.02,14369.141,3,3,14369.141,0.0,0.0,0.0,0.0,718457.05
1709740,IT,LT,CHEM1,SEACO,0.03,14369.012,4,4,14369.01,0.0,0.0,0.0,0.002,478967.066667
1808058,IT,WF,TEXT1,CATTL,0.11,14368.619,3,3,14368.619,0.0,0.0,0.0,0.0,130623.809091
1772996,IT,CH,PREC1,FOOD2,0.02,14368.527,3,3,14368.527,0.0,0.0,0.0,0.0,718426.35
1800178,IT,WE,PLAST,PLANT,0.03,14368.135,3,3,14368.135,0.0,0.0,0.0,0.0,478937.833333
1784911,IT,ID,POSTT,WHOLE,0.24,14367.683,3,3,14367.683,0.0,0.0,0.0,0.0,59865.345833
1748049,IT,JP,BUSIN,NONF1,0.15,14367.567,3,3,14367.567,0.0,0.0,0.0,0.0,95783.78
1742265,IT,US,CERAM,WASTE,0.02,14367.542,3,3,14367.542,0.0,0.0,0.0,0.0,718377.1
1720399,IT,PL,MACHI,MEAT1,0.08,14367.174,3,3,14367.174,0.0,0.0,0.0,0.0,179589.675
1710514,IT,LT,SUPPO,MEAT1,0.1,14367.081,3,3,14367.081,0.0,0.0,0.0,0.0,143670.81
1715610,IT,NL,LIQUE,RENTI,0.03,14366.983,3,3,14366.983,0.0,0.0,0.0,0.0,478899.433333
1719887,IT,PL,PREC1,BITUM,0.02,14365.731,3,3,14365.731,0.0,0.0,0.0,0.0,718286.55
1780467,IT,TW,POSTT,FISH5,0.24,14365.618,3,3,14365.618,0.0,0.0,0.0,0.0,59856.741667
1747348,IT,JP,RETA1,CHEM1,0.15,14365.419,3,3,14365.419,0.0,0.0,0.0,0.0,95769.46
1769508,IT,AU,BASIC,BUSIN,0.02,14365.337,3,3,14365.337,0.0,0.0,0.0,0.0,718266.85
1754079,IT,CA,AIRTR,BEVER,0.02,14364.542,3,3,14364.542,0.0,0.0,0.0,0.0,718227.1
1798285,IT,WE,CROPS,MEATA,0.11,14364.386,3,3,14364.386,0.0,0.0,0.0,0.0,130585.327273
1652118,IT,CZ,CHEMI,WHOLE,0.03,14364.363,4,4,14363.363,0.0,0.0,1.0,0.0,478812.1
1814742,IT,WM,OILHA,PUBLI,0.08,14364.269,3,3,14364.269,0.0,0.0,0.0,0.0,179553.3625
1737823,IT,GB,BITU1,BUSIN,0.02,14363.592,3,3,14363.592,0.0,0.0,0.0,0.0,718179.6
1684705,IT,HU,VEGET,CROPS,0.05,14363.528,3,3,14363.528,0.0,0.0,0.0,0.0,287270.56
1786018,IT,ZA,GLASS,ELEC1,0.04,14363.456,3,3,14363.456,0.0,0.0,0.0,0.0,359086.4
1687571,IT,HU,LANDT,FINAN,0.09,14363.402,3,3,14363.402,0.0,0.0,0.0,0.0,159593.355556
1781828,IT,NO,PLAST,VEGE1,0.03,14362.904,3,3,14362.904,0.0,0.0,0.0,0.0,478763.466667
1663394,IT,DK,POSTT,POSTT,0.24,14362.864,3,3,14362.864,0.0,0.0,0.0,0.0,59845.266667
1758717,IT,BR,RETAI,RETA1,0.11,14361.45,3,3,14361.45,0.0,0.0,0.0,0.0,130558.636364
1807414,IT,WF,INSUR,NICKE,0.3,14361.224,3,3,14361.224,0.0,0.0,0.0,0.0,47870.746667
1664050,IT,EE,CHEM1,CEREA,0.03,14360.677,4,4,14360.675,0.0,0.0,0.0,0.002,478689.233333
1785767,IT,ZA,PLAST,RADIO,0.03,14360.357,3,3,14360.357,0.0,0.0,0.0,0.0,478678.566667
1733780,IT,SI,LANDT,ELEC1,0.09,14360.35,3,3,14360.35,0.0,0.0,0.0,0.0,159559.444444
1762515,IT,IN,INSUR,BASIC,0.3,14359.025,3,3,14359.025,0.0,0.0,0.0,0.0,47863.416667
1685155,IT,HU,BEVER,NATUR,0.06,14358.326,3,3,14358.326,0.0,0.0,0.0,0.0,239305.433333
1687110,IT,HU,TRANS,RUBBE,0.09,14358.258,3,3,14358.258,0.0,0.0,0.0,0.0,159536.2
1732241,IT,SI,LIQUE,WEARI,0.03,14357.814,3,3,14357.814,0.0,0.0,0.0,0.0,478593.8
1716640,IT,NL,RETAI,NONME,0.11,14357.632,3,3,14357.632,0.0,0.0,0.0,0.0,130523.927273
1779656,IT,TR,RESEA,BIODI,0.08,14356.955,3,3,14356.955,0.0,0.0,0.0,0.0,179461.9375
1712933,IT,MT,WHEAT,CATTL,0.01,14356.938,3,3,14356.938,0.0,0.0,0.0,0.0,1435693.8
1733930,IT,SI,SUPPO,BEVER,0.1,14356.541,3,3,14356.541,0.0,0.0,0.0,0.0,143565.41
1782247,IT,NO,ALUM1,PULP5,0.02,14355.385,3,3,14355.385,0.0,0.0,0.0,0.0,717769.25
1786860,IT,ZA,SEACO,WEARI,0.01,14354.736,3,3,14354.736,0.0,0.0,0.0,0.0,1435473.6
1654082,IT,CZ,OFFIC,WOODW,0.04,14354.657,3,3,14354.657,0.0,0.0,0.0,0.0,358866.425
1800975,IT,WE,ALUM1,GLASS,0.02,14354.646,3,3,14354.646,0.0,0.0,0.0,0.0,717732.3
1653248,IT,CZ,RUBBE,PREC1,0.05,14354.398,3,3,14354.398,0.0,0.0,0.0,0.0,287087.96
1793188,IT,WA,93197,RETA1,0.1,14353.259,3,3,14353.259,0.0,0.0,0.0,0.0,143532.59
1735666,IT,SK,FABRI,MEAT1,0.06,14352.205,3,3,14352.205,0.0,0.0,0.0,0.0,239203.416667
1714466,IT,NL,FORES,COMPU,0.13,14352.183,4,4,14346.183,0.0,6.0,0.0,0.0,110401.407692
1641083,IT,AT,PAPER,BIOGA,0.06,14351.813,3,3,14351.813,0.0,0.0,0.0,0.0,239196.883333
1729109,IT,SE,RUBBE,INERT,0.05,14351.631,3,3,14351.631,0.0,0.0,0.0,0.0,287032.62
1645433,IT,BE,LIQUE,MOTO1,0.03,14351.085,3,3,14351.085,0.0,0.0,0.0,0.0,478369.5
1760674,IT,IN,PAPER,PULP5,0.06,14350.219,3,3,14350.219,0.0,0.0,0.0,0.0,239170.316667
1757054,IT,KR,BUSIN,MACHI,0.15,14349.66,3,3,14349.66,0.0,0.0,0.0,0.0,95664.4
1725527,IT,RO,LEATH,CHEM1,0.1,14349.526,4,4,14349.524,0.0,0.0,0.0,0.002,143495.26
1801067,IT,WE,COPP1,NONSP,0.04,14349.143,3,3,14349.143,0.0,0.0,0.0,0.0,358728.575
1660036,IT,DE,AIRTR,MEATC,0.02,14346.251,3,3,14346.251,0.0,0.0,0.0,0.0,717312.55
1797170,IT,WL,POSTT,TRAN2,0.24,14345.262,3,3,14345.262,0.0,0.0,0.0,0.0,59771.925
1740566,IT,US,OILSE,CHEM1,0.01,14345.14,3,3,14345.14,0.0,0.0,0.0,0.0,1434514.0
1717977,IT,PL,SANDC,MOTO1,0.03,14344.882,4,4,14341.882,0.0,0.0,3.0,0.0,478162.733333
1771632,IT,CH,WEARI,DAIRY,0.11,14344.733,4,4,14344.73,0.0,0.0,0.0,0.003,130406.663636
1812519,IT,WM,ALUM1,TEXTI,0.02,14344.147,3,3,14344.147,0.0,0.0,0.0,0.0,717207.35
1735714,IT,SK,FABRI,ELEC4,0.06,14343.898,3,3,14343.898,0.0,0.0,0.0,0.0,239064.966667
1782389,IT,NO,FABRI,TRAN2,0.06,14343.857,3,3,14343.857,0.0,0.0,0.0,0.0,239064.283333
1673166,IT,FR,BEVER,BRICK,0.06,14342.663,3,3,14342.663,0.0,0.0,0.0,0.0,239044.383333
1655624,IT,DE,SANDC,SUPPO,0.03,14342.323,4,4,14339.323,0.0,0.0,3.0,0.0,478077.433333
1755901,IT,KR,BASIC,NAPHT,0.02,14342.27,3,3,14342.27,0.0,0.0,0.0,0.0,717113.5
1652458,IT,CZ,WEARI,POULT,0.11,14342.243,4,4,14342.24,0.0,0.0,0.0,0.003,130384.027273
1657220,IT,DE,CHEM1,WHITE,0.03,14341.614,4,4,14341.612,0.0,0.0,0.0,0.002,478053.8
1758734,IT,BR,WHOLE,BIODI,0.12,14341.127,3,3,14341.127,0.0,0.0,0.0,0.0,119509.391667
1723243,IT,PT,GLASS,STONE,0.04,14340.94,3,3,14340.94,0.0,0.0,0.0,0.0,358523.5
1741627,IT,US,HEAVY,PRECI,0.02,14340.61,3,3,14340.61,0.0,0.0,0.0,0.0,717030.5
1793415,IT,WL,CROPS,RETAI,0.11,14340.439,3,3,14340.439,0.0,0.0,0.0,0.0,130367.627273
1802216,IT,WE,RAILW,CRUDE,0.1,14339.964,3,3,14339.964,0.0,0.0,0.0,0.0,143399.64
1649018,IT,BG,WOODW,PAPER,0.04,14339.773,3,3,14339.773,0.0,0.0,0.0,0.0,358494.325
1713586,IT,MT,NONME,NONME,0.03,14339.523,4,4,14339.521,0.0,0.0,0.0,0.002,477984.1
1769853,IT,AU,OFFIC,MOTO1,0.04,14339.501,3,3,14339.501,0.0,0.0,0.0,0.0,358487.525
1806720,IT,WF,WHOLE,COPP1,0.12,14339.345,3,3,14339.345,0.0,0.0,0.0,0.0,119494.541667
1647821,IT,BE,AUXIL,TRANS,0.26,14339.265,3,3,14339.265,0.0,0.0,0.0,0.0,55151.019231
1684851,IT,HU,CRUDE,BIODI,0.03,14339.138,3,3,14339.138,0.0,0.0,0.0,0.0,477971.266667
1788796,IT,WA,KEROS,PLAST,0.02,14338.545,3,3,14338.545,0.0,0.0,0.0,0.0,716927.25
1712763,IT,LV,LANDT,OFFIC,0.09,14338.38,3,3,14338.38,0.0,0.0,0.0,0.0,159315.333333
1716517,IT,NL,OFFIC,93197,0.04,14338.368,3,3,14338.368,0.0,0.0,0.0,0.0,358459.2
1679686,IT,GR,CERAM,LANDT,0.02,14337.777,3,3,14337.777,0.0,0.0,0.0,0.0,716888.85
1743185,IT,US,MOTO1,WOOD2,0.08,14337.657,3,3,14337.657,0.0,0.0,0.0,0.0,179220.7125
1682296,IT,HR,LEATH,PUBLI,0.1,14337.011,4,4,14337.009,0.0,0.0,0.0,0.002,143370.11
1756458,IT,KR,CONST,CONST,0.08,14336.996,3,3,14336.996,0.0,0.0,0.0,0.0,179212.45
1718866,IT,PL,PAPER,WASTE,0.06,14335.778,3,3,14335.778,0.0,0.0,0.0,0.0,238929.633333
1663323,IT,DK,AIRTR,SALEM,0.02,14335.751,3,3,14335.751,0.0,0.0,0.0,0.0,716787.55
1762831,IT,IN,PUBLI,FURNI,0.23,14335.743,3,3,14335.743,0.0,0.0,0.0,0.0,62329.317391
1648818,IT,BG,FISH5,HOTEL,0.06,14333.06,4,4,14333.053,0.0,0.0,0.0,0.007,238884.333333
1805276,IT,WF,ADDIT,CATTL,0.03,14332.524,3,3,14332.524,0.0,0.0,0.0,0.0,477750.8
1671297,IT,FI,ALUM1,SANDC,0.02,14332.369,3,3,14332.369,0.0,0.0,0.0,0.0,716618.45
1722731,IT,PT,WOODW,RENTI,0.04,14331.57,3,3,14331.57,0.0,0.0,0.0,0.0,358289.25
1640933,IT,AT,WOODW,POULT,0.04,14331.268,3,3,14331.268,0.0,0.0,0.0,0.0,358281.7
1804147,IT,WF,PAPER,LEAD1,0.06,14330.993,3,3,14330.993,0.0,0.0,0.0,0.0,238849.883333
1648543,IT,BG,CRUDE,FISH5,0.03,14330.701,3,3,14330.701,0.0,0.0,0.0,0.0,477690.033333
1715118,IT,NL,LEATH,VEGET,0.1,14330.686,4,4,14330.684,0.0,0.0,0.0,0.002,143306.86
1734513,IT,SK,VEGE1,RETA1,0.04,14329.82,4,4,14329.817,0.0,0.0,0.0,0.003,358245.5
1788753,IT,WA,MOTOR,AIRTR,0.02,14329.562,3,3,14329.562,0.0,0.0,0.0,0.0,716478.1
1728440,IT,SE,WEARI,RESEA,0.11,14329.408,4,4,14329.405,0.0,0.0,0.0,0.003,130267.345455
1767770,IT,RU,INSUR,PFERT,0.3,14328.958,3,3,14328.958,0.0,0.0,0.0,0.0,47763.193333
1776726,IT,TR,LIQUE,MEAT1,0.03,14328.301,3,3,14328.301,0.0,0.0,0.0,0.0,477610.033333
1776335,IT,TR,PAPER,COLLE,0.06,14328.02,3,3,14328.02,0.0,0.0,0.0,0.0,238800.333333
1726206,IT,RO,BRICK,RECRE,0.02,14327.793,3,3,14327.793,0.0,0.0,0.0,0.0,716389.65
1742754,IT,US,FABRI,ADDIT,0.06,14327.784,3,3,14327.784,0.0,0.0,0.0,0.0,238796.4
1757512,IT,BR,PRINT,PRINT,0.14,14327.734,3,3,14327.734,0.0,0.0,0.0,0.0,102340.957143
1644803,IT,BE,TEXTI,FOOD5,0.08,14327.686,4,4,14327.684,0.0,0.0,0.0,0.002,179096.075
1674844,IT,FR,NONME,PAPER,0.03,14327.57,4,4,14327.568,0.0,0.0,0.0,0.002,477585.666667
1687280,IT,HU,WHOLE,SUPPO,0.12,14326.462,3,3,14326.462,0.0,0.0,0.0,0.0,119387.183333
1780470,IT,TW,POSTT,WEARI,0.24,14326.352,3,3,14326.352,0.0,0.0,0.0,0.0,59693.133333
1720938,IT,PL,RETAI,REALE,0.11,14325.73,3,3,14325.73,0.0,0.0,0.0,0.0,130233.909091
1787026,IT,ZA,INSUR,LANDT,0.3,14325.623,3,3,14325.623,0.0,0.0,0.0,0.0,47752.076667
1648555,IT,BG,CRUDE,BITU1,0.03,14325.192,3,3,14325.192,0.0,0.0,0.0,0.0,477506.4
1690039,IT,IE,RENTI,CROPS,0.09,14325.149,3,3,14325.149,0.0,0.0,0.0,0.0,159168.322222
1663224,IT,DK,TRAN2,BIOG1,0.02,14324.942,3,3,14324.942,0.0,0.0,0.0,0.0,716247.1
1777565,IT,TR,PREC1,ELECT,0.02,14324.694,3,3,14324.694,0.0,0.0,0.0,0.0,716234.7
1752913,IT,CA,NAPHT,LIQUE,0.02,14324.445,3,3,14324.445,0.0,0.0,0.0,0.0,716222.25
1713584,IT,MT,NONME,CERAM,0.03,14323.853,4,4,14323.851,0.0,0.0,0.0,0.002,477461.766667
1754128,IT,CA,AIRTR,INLAN,0.02,14323.774,3,3,14323.774,0.0,0.0,0.0,0.0,716188.7
1657136,IT,DE,PLAST,COPP1,0.03,14323.428,3,3,14323.428,0.0,0.0,0.0,0.0,477447.6
1731266,IT,SI,MEATP,REALE,0.06,14322.906,4,4,14322.904,0.0,0.0,0.0,0.002,238715.1
1798464,IT,WE,NATUR,ELECT,0.02,14322.42,3,3,14322.42,0.0,0.0,0.0,0.0,716121.0
1675118,IT,FR,LEAD1,RESEA,0.02,14321.441,3,3,14321.441,0.0,0.0,0.0,0.0,716072.05
1642312,IT,AT,BASIC,COALT,0.02,14321.22,3,3,14321.22,0.0,0.0,0.0,0.0,716061.0
1773130,IT,CH,COPP1,ELEC4,0.04,14320.826,3,3,14320.826,0.0,0.0,0.0,0.0,358020.65
1674420,IT,FR,CHEM1,FOOD1,0.03,14320.823,4,4,14320.821,0.0,0.0,0.0,0.002,477360.766667
1741502,IT,US,AVIAT,KEROS,0.03,14320.303,3,3,14320.303,0.0,0.0,0.0,0.0,477343.433333
1679567,IT,GR,RUBBE,BIODI,0.05,14319.627,3,3,14319.627,0.0,0.0,0.0,0.0,286392.54
1673824,IT,FR,PRINT,NUCLE,0.14,14319.533,3,3,14319.533,0.0,0.0,0.0,0.0,102282.378571
1641389,IT,AT,KEROS,INTER,0.02,14318.813,3,3,14318.813,0.0,0.0,0.0,0.0,715940.65
1776197,IT,TR,WOODW,FOOD5,0.04,14318.606,3,3,14318.606,0.0,0.0,0.0,0.0,357965.15
1654128,IT,CZ,MOTO1,OILSE,0.08,14316.427,3,3,14316.427,0.0,0.0,0.0,0.0,178955.3375
1687725,IT,HU,SUPPO,PLAST,0.1,14316.397,3,3,14316.397,0.0,0.0,0.0,0.0,143163.97
1792799,IT,WA,PUBLI,SANDC,0.23,14315.766,3,3,14315.766,0.0,0.0,0.0,0.0,62242.46087
1808515,IT,WF,PAPE4,CEREA,0.09,14315.243,3,3,14315.243,0.0,0.0,0.0,0.0,159058.255556
1713542,IT,MT,CERAM,CHEM1,0.02,14314.758,3,3,14314.758,0.0,0.0,0.0,0.0,715737.9
1806194,IT,WF,MACHI,ANIMA,0.08,14313.921,3,3,14313.921,0.0,0.0,0.0,0.0,178924.0125
1799779,IT,WE,KERO1,VEGET,0.02,14313.326,3,3,14313.326,0.0,0.0,0.0,0.0,715666.3
1683832,IT,HR,MOTO1,LEATH,0.08,14313.164,3,3,14313.164,0.0,0.0,0.0,0.0,178914.55
1745580,IT,JP,FISH5,PFERT,0.06,14312.905,4,4,14312.898,0.0,0.0,0.0,0.007,238548.416667
1664680,IT,EE,SEACO,MACHI,0.01,14312.864,3,3,14312.864,0.0,0.0,0.0,0.0,1431286.4
1735312,IT,SK,GLASS,HEALT,0.04,14312.319,3,3,14312.319,0.0,0.0,0.0,0.0,357807.975
1766503,IT,RU,ALUM1,RETAI,0.02,14311.87,3,3,14311.87,0.0,0.0,0.0,0.0,715593.5
1769445,IT,AU,NONME,DISTR,0.03,14311.859,4,4,14311.857,0.0,0.0,0.0,0.002,477061.966667
1805523,IT,WF,CERAM,LANDT,0.02,14311.464,3,3,14311.464,0.0,0.0,0.0,0.0,715573.2
1724569,IT,PT,POSTT,RECRE,0.24,14311.134,3,3,14311.134,0.0,0.0,0.0,0.0,59629.725
1640198,IT,AT,OILSE,TRAN2,0.01,14309.939,3,3,14309.939,0.0,0.0,0.0,0.0,1430993.9
1654898,IT,CZ,FINAN,FINAN,0.19,14309.484,3,3,14309.484,0.0,0.0,0.0,0.0,75313.073684
1713961,IT,MT,SALEM,BUSIN,0.12,14309.356,3,3,14309.356,0.0,0.0,0.0,0.0,119244.633333
1767429,IT,RU,LANDT,ELEC2,0.09,14308.815,3,3,14308.815,0.0,0.0,0.0,0.0,158986.833333
1709730,IT,LT,CHEM1,DISTR,0.03,14307.817,4,4,14307.815,0.0,0.0,0.0,0.002,476927.233333
1689986,IT,IE,REALE,MACHI,0.6,14307.695,3,3,14307.695,0.0,0.0,0.0,0.0,23846.158333
1685436,IT,HU,WOODW,PRINT,0.04,14306.14,3,3,14306.14,0.0,0.0,0.0,0.0,357653.5
1778423,IT,TR,WHOLE,LEATH,0.12,14305.548,3,3,14305.548,0.0,0.0,0.0,0.0,119212.9
1653268,IT,CZ,RUBBE,STEAM,0.05,14305.466,3,3,14305.466,0.0,0.0,0.0,0.0,286109.32
1720698,IT,PL,MOTO1,FOOD3,0.08,14304.575,3,3,14304.575,0.0,0.0,0.0,0.0,178807.1875
1797420,IT,WL,COMPU,DISTR,0.16,14304.168,3,3,14304.168,0.0,0.0,0.0,0.0,89401.05
1791108,IT,WA,TRANS,ELEC1,0.09,14303.849,3,3,14303.849,0.0,0.0,0.0,0.0,158931.655556
1721139,IT,PL,RAILW,CHEM1,0.1,14303.451,3,3,14303.451,0.0,0.0,0.0,0.0,143034.51
1731761,IT,SI,PAPER,RAWMI,0.06,14302.984,3,3,14302.984,0.0,0.0,0.0,0.0,238383.066667
1778814,IT,TR,LANDT,COKE1,0.09,14302.262,3,3,14302.262,0.0,0.0,0.0,0.0,158914.022222
1689378,IT,IE,RETA1,AUXIL,0.15,14301.754,3,3,14301.754,0.0,0.0,0.0,0.0,95345.026667
1741779,IT,US,NONSP,SUPPO,0.02,14301.671,3,3,14301.671,0.0,0.0,0.0,0.0,715083.55
1709667,IT,LT,PLAST,WEARI,0.03,14301.494,3,3,14301.494,0.0,0.0,0.0,0.0,476716.466667
1801680,IT,WE,FURNI,RETAI,0.05,14301.186,3,3,14301.186,0.0,0.0,0.0,0.0,286023.72
1742041,IT,US,RUBBE,PLANT,0.05,14301.071,3,3,14301.071,0.0,0.0,0.0,0.0,286021.42
1666357,IT,ES,LIQUE,FOOD2,0.03,14301.0,3,3,14301.0,0.0,0.0,0.0,0.0,476700.0
1756293,IT,KR,MOTO1,CEMEN,0.08,14300.981,3,3,14300.981,0.0,0.0,0.0,0.0,178762.2625
1757160,IT,BR,SANDC,MEMBE,0.03,14300.782,4,4,14297.782,0.0,0.0,3.0,0.0,476692.733333
1714728,IT,NL,DAIRY,SUGA1,0.06,14300.405,3,3,14300.405,0.0,0.0,0.0,0.0,238340.083333
1760004,IT,BR,INTER,SUPPO,0.09,14300.197,3,3,14300.197,0.0,0.0,0.0,0.0,158891.077778
1734904,IT,SK,PRINT,PRINT,0.14,14300.17,3,3,14300.17,0.0,0.0,0.0,0.0,102144.071429
1651620,IT,CY,CEMEN,BASIC,0.02,14299.951,3,3,14299.951,0.0,0.0,0.0,0.0,714997.55
1670647,IT,FI,LEATH,SUPPO,0.1,14299.894,4,4,14299.892,0.0,0.0,0.0,0.002,142998.94
1803425,IT,WF,MEATP,NICKE,0.06,14299.867,4,4,14299.865,0.0,0.0,0.0,0.002,238331.116667
1773367,IT,CH,MACHI,INLAN,0.08,14299.822,3,3,14299.822,0.0,0.0,0.0,0.0,178747.775
1661778,IT,DK,LEATH,COMPU,0.1,14299.568,4,4,14299.566,0.0,0.0,0.0,0.002,142995.68
1671743,IT,FI,SALEM,INTER,0.12,14297.905,3,3,14297.905,0.0,0.0,0.0,0.0,119149.208333
1798486,IT,WE,NATUR,INSUR,0.02,14297.208,3,3,14297.208,0.0,0.0,0.0,0.0,714860.4
1735219,IT,SK,RUBBE,RENTI,0.05,14296.811,3,3,14296.811,0.0,0.0,0.0,0.0,285936.22
1685246,IT,HU,TEXTI,BIOGA,0.08,14296.785,4,4,14296.783,0.0,0.0,0.0,0.002,178709.8125
1732676,IT,SI,CERAM,NONME,0.02,14296.656,3,3,14296.656,0.0,0.0,0.0,0.0,714832.8
1806695,IT,WF,WHOLE,WEARI,0.12,14296.515,3,3,14296.515,0.0,0.0,0.0,0.0,119137.625
1770017,IT,AU,FURNI,COLLE,0.05,14296.194,3,3,14296.194,0.0,0.0,0.0,0.0,285923.88
1684245,IT,HR,SEACO,FURNI,0.01,14296.173,3,3,14296.173,0.0,0.0,0.0,0.0,1429617.3
1782863,IT,NO,TRAN2,CRUDE,0.02,14296.14,3,3,14296.14,0.0,0.0,0.0,0.0,714807.0
1726134,IT,RO,RUBBE,EDUCA,0.05,14295.619,3,3,14295.619,0.0,0.0,0.0,0.0,285912.38
1640371,IT,AT,MEATP,LIQUE,0.06,14295.594,4,4,14295.592,0.0,0.0,0.0,0.002,238259.9
1718446,IT,PL,TEXTI,CEREA,0.08,14295.457,4,4,14295.455,0.0,0.0,0.0,0.002,178693.2125
1786477,IT,ZA,MOTO1,FURNI,0.08,14295.366,3,3,14295.366,0.0,0.0,0.0,0.0,178692.075
1672762,IT,FR,MEATC,SUPPO,0.05,14295.226,3,3,14295.226,0.0,0.0,0.0,0.0,285904.52
1647381,IT,BE,SEACO,TEXT2,0.01,14295.059,3,3,14295.059,0.0,0.0,0.0,0.0,1429505.9
1784195,IT,ID,PAPER,RECRE,0.06,14293.852,3,3,14293.852,0.0,0.0,0.0,0.0,238230.866667
1809284,IT,WM,ALUMI,MEAT1,0.02,14293.773,3,3,14293.773,0.0,0.0,0.0,0.0,714688.65
1656746,IT,DE,MOTOR,FOOD2,0.02,14292.874,3,3,14292.874,0.0,0.0,0.0,0.0,714643.7
1668799,IT,ES,LANDT,OILHA,0.09,14292.006,3,3,14292.006,0.0,0.0,0.0,0.0,158800.066667
1716193,IT,NL,ALUM1,OFFIC,0.02,14291.51,3,3,14291.51,0.0,0.0,0.0,0.0,714575.5
1657009,IT,DE,NAPHT,REFI1,0.02,14290.257,3,3,14290.257,0.0,0.0,0.0,0.0,714512.85
1808373,IT,WF,WASTE,RAWMI,0.05,14290.109,3,3,14290.109,0.0,0.0,0.0,0.0,285802.18
1715582,IT,NL,LIQUE,MEAT4,0.03,14289.699,3,3,14289.699,0.0,0.0,0.0,0.0,476323.3
1733327,IT,SI,MOTO1,INTER,0.08,14288.929,3,3,14288.929,0.0,0.0,0.0,0.0,178611.6125
1728888,IT,SE,CHEM1,VEGE1,0.03,14288.516,4,4,14288.514,0.0,0.0,0.0,0.002,476283.866667
1645219,IT,BE,COALT,SUGAR,0.02,14287.661,3,3,14287.661,0.0,0.0,0.0,0.0,714383.05
1671967,IT,FI,LANDT,ELECT,0.09,14287.563,3,3,14287.563,0.0,0.0,0.0,0.0,158750.7
1795995,IT,WL,MOTO1,ELEC5,0.08,14287.356,3,3,14287.356,0.0,0.0,0.0,0.0,178591.95
1667340,IT,ES,LEAD1,BIODI,0.02,14287.222,3,3,14287.222,0.0,0.0,0.0,0.0,714361.1
1663360,IT,DK,SUPPO,POSTT,0.1,14286.99,3,3,14286.99,0.0,0.0,0.0,0.0,142869.9
1651681,IT,CY,COPP1,FURNI,0.04,14286.169,3,3,14286.169,0.0,0.0,0.0,0.0,357154.225
1714426,IT,NL,OILSE,WHOLE,0.01,14285.739,3,3,14285.739,0.0,0.0,0.0,0.0,1428573.9
1796615,IT,WL,HOTEL,CHARC,0.1,14285.667,3,3,14285.667,0.0,0.0,0.0,0.0,142856.67
1768188,IT,RU,PUBLI,SUPPO,0.23,14284.72,3,3,14284.72,0.0,0.0,0.0,0.0,62107.478261
1756461,IT,KR,CONST,RETA1,0.08,14284.069,3,3,14284.069,0.0,0.0,0.0,0.0,178550.8625
1811433,IT,WM,PLAST,REFI1,0.03,14283.815,3,3,14283.815,0.0,0.0,0.0,0.0,476127.166667
1744602,IT,US,RENTI,BRICK,0.09,14283.779,3,3,14283.779,0.0,0.0,0.0,0.0,158708.655556
1684288,IT,HR,AIRTR,COLLE,0.02,14283.381,3,3,14283.381,0.0,0.0,0.0,0.0,714169.05
1803236,IT,WF,CATTL,SUGA1,0.03,14282.401,3,3,14282.401,0.0,0.0,0.0,0.0,476080.033333
1711476,IT,LU,AIRTR,CONST,0.02,14282.237,3,3,14282.237,0.0,0.0,0.0,0.0,714111.85
1758985,IT,BR,LANDT,LEATH,0.09,14281.898,3,3,14281.898,0.0,0.0,0.0,0.0,158687.755556
1738448,IT,GB,LEAD1,PLAST,0.02,14281.046,3,3,14281.046,0.0,0.0,0.0,0.0,714052.3
1763919,IT,MX,BASIC,GASDI,0.02,14280.005,3,3,14280.005,0.0,0.0,0.0,0.0,714000.25
1762039,IT,IN,WHOLE,RENTI,0.12,14279.472,3,3,14279.472,0.0,0.0,0.0,0.0,118995.6
1743572,IT,US,HOTEL,SUGA1,0.1,14279.376,3,3,14279.376,0.0,0.0,0.0,0.0,142793.76
1744246,IT,US,POSTT,ELEC5,0.24,14279.315,3,3,14279.315,0.0,0.0,0.0,0.0,59497.145833
1781459,IT,NO,BEVER,PLAST,0.06,14278.817,3,3,14278.817,0.0,0.0,0.0,0.0,237980.283333
1772964,IT,CH,PREC1,ELEC7,0.02,14278.094,3,3,14278.094,0.0,0.0,0.0,0.0,713904.7
1724336,IT,PT,SEACO,STONE,0.01,14277.773,3,3,14277.773,0.0,0.0,0.0,0.0,1427777.3
1671263,IT,FI,BASIC,ELEC2,0.02,14277.151,3,3,14277.151,0.0,0.0,0.0,0.0,713857.55
1715768,IT,NL,BIODI,RUBBE,0.03,14277.131,4,4,14277.129,0.0,0.0,0.0,0.002,475904.366667
1671369,IT,FI,COPP1,RESEA,0.04,14276.873,3,3,14276.873,0.0,0.0,0.0,0.0,356921.825
1776594,IT,TR,GASDI,LEATH,0.02,14276.568,3,3,14276.568,0.0,0.0,0.0,0.0,713828.4
1662542,IT,DK,FABRI,FORES,0.06,14276.498,3,3,14276.498,0.0,0.0,0.0,0.0,237941.633333
1718914,IT,PL,PRINT,CHEM1,0.14,14275.992,3,3,14275.992,0.0,0.0,0.0,0.0,101971.371429
1654167,IT,CZ,MOTO1,LEAD1,0.08,14275.937,3,3,14275.937,0.0,0.0,0.0,0.0,178449.2125
1650642,IT,BG,WHOLE,FORES,0.12,14275.539,3,3,14275.539,0.0,0.0,0.0,0.0,118962.825
1809909,IT,WM,BEVER,TRAN1,0.06,14274.437,3,3,14274.437,0.0,0.0,0.0,0.0,237907.283333
1681051,IT,GR,SUPPO,CEREA,0.1,14273.933,3,3,14273.933,0.0,0.0,0.0,0.0,142739.33
1789365,IT,WA,CHEM1,REFIN,0.03,14272.726,4,4,14272.724,0.0,0.0,0.0,0.002,475757.533333
1711338,IT,LU,WHOLE,SALEM,0.12,14272.58,3,3,14272.58,0.0,0.0,0.0,0.0,118938.166667
1784599,IT,ID,MACHI,ALUM1,0.08,14272.014,3,3,14272.014,0.0,0.0,0.0,0.0,178400.175
1737745,IT,GB,HEAVY,REFI1,0.02,14271.868,3,3,14271.868,0.0,0.0,0.0,0.0,713593.4
1659661,IT,DE,HOTEL,FOODW,0.1,14271.554,3,3,14271.554,0.0,0.0,0.0,0.0,142715.54
1753159,IT,CA,RUBBE,RECRE,0.05,14271.288,3,3,14271.288,0.0,0.0,0.0,0.0,285425.76
1676475,IT,FR,RETA1,ELEC2,0.15,14271.045,3,3,14271.045,0.0,0.0,0.0,0.0,95140.3
1663135,IT,DK,LANDT,RAWMI,0.09,14270.308,3,3,14270.308,0.0,0.0,0.0,0.0,158558.977778
1745583,IT,JP,FISH5,ELEC1,0.06,14270.136,4,4,14270.129,0.0,0.0,0.0,0.007,237835.6
1794689,IT,WL,NAPHT,LEAD1,0.02,14268.537,3,3,14268.537,0.0,0.0,0.0,0.0,713426.85
1684316,IT,HR,SUPPO,BEVER,0.1,14268.453,3,3,14268.453,0.0,0.0,0.0,0.0,142684.53
1766238,IT,RU,GLASS,SUPPO,0.04,14268.357,3,3,14268.357,0.0,0.0,0.0,0.0,356708.925
1793310,IT,WA,PRIVA,TRAN1,3.18,14268.165,4,4,14268.163,0.0,0.0,0.0,0.002,4486.84434
1714132,IT,MT,AIRTR,PLAST,0.02,14268.013,3,3,14268.013,0.0,0.0,0.0,0.0,713400.65
1774429,IT,CH,RAILW,HOTEL,0.1,14267.437,3,3,14267.437,0.0,0.0,0.0,0.0,142674.37
1688301,IT,IE,CHEMI,CONST,0.03,14266.497,4,4,14265.497,0.0,0.0,1.0,0.0,475549.9
1800348,IT,WE,CHEM1,BEVER,0.03,14265.84,4,4,14265.838,0.0,0.0,0.0,0.002,475528.0
1752604,IT,CA,TEXTI,FORES,0.08,14265.786,4,4,14265.784,0.0,0.0,0.0,0.002,178322.325
1773931,IT,CH,SALEM,WOODW,0.12,14265.46,3,3,14265.46,0.0,0.0,0.0,0.0,118878.833333
1659774,IT,DE,LANDT,STONE,0.09,14264.859,3,3,14264.859,0.0,0.0,0.0,0.0,158498.433333
1762308,IT,IN,AIRTR,RENTI,0.02,14264.698,3,3,14264.698,0.0,0.0,0.0,0.0,713234.9
1761211,IT,IN,ADDIT,MACHI,0.03,14264.624,3,3,14264.624,0.0,0.0,0.0,0.0,475487.466667
1741118,IT,US,WEARI,ELEC1,0.11,14264.231,4,4,14264.228,0.0,0.0,0.0,0.003,129674.827273
1774710,IT,CH,SUPPO,HEAVY,0.1,14263.839,3,3,14263.839,0.0,0.0,0.0,0.0,142638.39
1772658,IT,CH,GLASS,AIRTR,0.04,14263.442,3,3,14263.442,0.0,0.0,0.0,0.0,356586.05
1794907,IT,WL,CHEM1,NONFE,0.03,14263.25,4,4,14263.248,0.0,0.0,0.0,0.002,475441.666667
1791726,IT,WA,RAILW,MEAT1,0.1,14262.334,3,3,14262.334,0.0,0.0,0.0,0.0,142623.34
1655753,IT,DE,MEATC,MEMBE,0.05,14261.146,3,3,14261.146,0.0,0.0,0.0,0.0,285222.92
1665301,IT,ES,BEVER,SUPPO,0.06,14261.143,3,3,14261.143,0.0,0.0,0.0,0.0,237685.716667
1655370,IT,DE,CROPS,POULT,0.11,14260.828,3,3,14260.828,0.0,0.0,0.0,0.0,129643.890909
1778475,IT,TR,WHOLE,COMPU,0.12,14260.826,3,3,14260.826,0.0,0.0,0.0,0.0,118840.216667
1663018,IT,DK,HOTEL,NONF1,0.1,14260.506,3,3,14260.506,0.0,0.0,0.0,0.0,142605.06
1640944,IT,AT,WOODW,TOBAC,0.04,14260.372,3,3,14260.372,0.0,0.0,0.0,0.0,356509.3
1732891,IT,SI,PREC1,PULP5,0.02,14259.597,3,3,14259.597,0.0,0.0,0.0,0.0,712979.85
1659726,IT,DE,RAILW,DIST1,0.1,14259.209,3,3,14259.209,0.0,0.0,0.0,0.0,142592.09
1714036,IT,MT,HOTEL,FURNI,0.1,14258.528,3,3,14258.528,0.0,0.0,0.0,0.0,142585.28
1747846,IT,JP,RENTI,FISHF,0.09,14258.332,3,3,14258.332,0.0,0.0,0.0,0.0,158425.911111
1813450,IT,WM,CONST,SUPPO,0.08,14258.28,3,3,14258.28,0.0,0.0,0.0,0.0,178228.5
1763791,IT,MX,CERAM,WEARI,0.02,14258.059,3,3,14258.059,0.0,0.0,0.0,0.0,712902.95
1795886,IT,WL,OFFIC,ELEC1,0.04,14257.993,3,3,14257.993,0.0,0.0,0.0,0.0,356449.825
1675547,IT,FR,MOTO1,FORES,0.08,14257.975,3,3,14257.975,0.0,0.0,0.0,0.0,178224.6875
1792749,IT,WA,BUSIN,LEAD1,0.15,14257.114,3,3,14257.114,0.0,0.0,0.0,0.0,95047.426667
1786912,IT,ZA,AIRTR,RADIO,0.02,14256.992,3,3,14256.992,0.0,0.0,0.0,0.0,712849.6
1791671,IT,WA,HOTEL,ELEC2,0.1,14256.972,3,3,14256.972,0.0,0.0,0.0,0.0,142569.72
1659513,IT,DE,RETA1,ELEC7,0.15,14256.84,3,3,14256.84,0.0,0.0,0.0,0.0,95045.6
1652914,IT,CZ,KEROS,BUSIN,0.02,14255.722,3,3,14255.722,0.0,0.0,0.0,0.0,712786.1
1785060,IT,ID,BUSIN,RECRE,0.15,14255.572,3,3,14255.572,0.0,0.0,0.0,0.0,95037.146667
1774301,IT,CH,HOTEL,SUGA1,0.1,14254.434,3,3,14254.434,0.0,0.0,0.0,0.0,142544.34
1650735,IT,BG,HOTEL,ELEC8,0.1,14254.3,3,3,14254.3,0.0,0.0,0.0,0.0,142543.0
1810875,IT,WM,KEROS,RENTI,0.02,14254.296,3,3,14254.296,0.0,0.0,0.0,0.0,712714.8
1725231,IT,RO,FOOD5,LEATH,0.07,14254.088,3,3,14254.088,0.0,0.0,0.0,0.0,203629.828571
1763646,IT,MX,RUBBE,CHEMI,0.05,14253.423,3,3,14253.423,0.0,0.0,0.0,0.0,285068.46
1802524,IT,WE,POSTT,SUPPO,0.23,14252.971,3,3,14252.971,0.0,0.0,0.0,0.0,61969.43913
1733929,IT,SI,SUPPO,FOOD5,0.1,14252.723,3,3,14252.723,0.0,0.0,0.0,0.0,142527.23
1780745,IT,TW,REALE,RECRE,0.6,14252.566,3,3,14252.566,0.0,0.0,0.0,0.0,23754.276667
1781965,IT,NO,RUBBE,POULT,0.05,14252.516,3,3,14252.516,0.0,0.0,0.0,0.0,285050.32
1656579,IT,DE,PRINT,HEAVY,0.14,14252.464,3,3,14252.464,0.0,0.0,0.0,0.0,101803.314286
1754859,IT,KR,BEVER,RESEA,0.06,14252.132,3,3,14252.132,0.0,0.0,0.0,0.0,237535.533333
1667847,IT,ES,OFFIC,PLAS1,0.04,14251.721,3,3,14251.721,0.0,0.0,0.0,0.0,356293.025
1709864,IT,LT,GLASS,FURNI,0.04,14251.389,3,3,14251.389,0.0,0.0,0.0,0.0,356284.725
1743061,IT,US,MOTO1,PADDY,0.08,14251.058,3,3,14251.058,0.0,0.0,0.0,0.0,178138.225
1723297,IT,PT,CERAM,MOTO1,0.02,14251.032,3,3,14251.032,0.0,0.0,0.0,0.0,712551.6
1745553,IT,JP,BEVER,SALEM,0.06,14249.709,3,3,14249.709,0.0,0.0,0.0,0.0,237495.15
1724597,IT,PT,FINAN,PLAST,0.19,14249.486,3,3,14249.486,0.0,0.0,0.0,0.0,74997.294737
1800744,IT,WE,NONME,KEROS,0.03,14248.235,4,4,14248.233,0.0,0.0,0.0,0.002,474941.166667
1668658,IT,ES,RAILW,RESEA,0.1,14247.892,3,3,14247.892,0.0,0.0,0.0,0.0,142478.92
1667752,IT,ES,OFFIC,STONE,0.04,14246.617,3,3,14246.617,0.0,0.0,0.0,0.0,356165.425
1653251,IT,CZ,RUBBE,COPP1,0.05,14246.562,3,3,14246.562,0.0,0.0,0.0,0.0,284931.24
1729340,IT,SE,NONME,OILHA,0.03,14245.673,4,4,14245.671,0.0,0.0,0.0,0.002,474855.766667
1711349,IT,LU,WHOLE,AUXIL,0.12,14244.958,3,3,14244.958,0.0,0.0,0.0,0.0,118707.983333
1731151,IT,SI,STONE,STEAM,0.05,14244.816,4,4,14243.816,0.0,0.0,1.0,0.0,284896.32
1669149,IT,ES,POSTT,HEAVY,0.23,14244.778,3,3,14244.778,0.0,0.0,0.0,0.0,61933.817391
1736329,IT,SK,RAILW,MOTOR,0.1,14243.285,3,3,14243.285,0.0,0.0,0.0,0.0,142432.85
1770901,IT,AU,BUSIN,MEMBE,0.15,14243.214,3,3,14243.214,0.0,0.0,0.0,0.0,94954.76
1653621,IT,CZ,ALUM1,DAIRY,0.02,14242.905,3,3,14242.905,0.0,0.0,0.0,0.0,712145.25
1687727,IT,HU,SUPPO,RUBBE,0.1,14242.627,3,3,14242.627,0.0,0.0,0.0,0.0,142426.27
1756698,IT,KR,SEACO,NONF1,0.01,14242.625,3,3,14242.625,0.0,0.0,0.0,0.0,1424262.5
1762773,IT,IN,BUSIN,TRAN2,0.15,14242.615,3,3,14242.615,0.0,0.0,0.0,0.0,94950.766667
1654494,IT,CZ,HOTEL,WEARI,0.1,14242.136,3,3,14242.136,0.0,0.0,0.0,0.0,142421.36
1723220,IT,PT,RUBBE,SUPPO,0.05,14242.026,3,3,14242.026,0.0,0.0,0.0,0.0,284840.52
1663363,IT,DK,SUPPO,COMPU,0.1,14241.885,3,3,14241.885,0.0,0.0,0.0,0.0,142418.85
1813963,IT,WM,SEACO,NONFE,0.01,14241.552,3,3,14241.552,0.0,0.0,0.0,0.0,1424155.2
1652670,IT,CZ,WOODW,FOOD4,0.04,14240.531,3,3,14240.531,0.0,0.0,0.0,0.0,356013.275
1808414,IT,WF,WASTE,PRIVA,0.05,14239.738,3,3,14239.738,0.0,0.0,0.0,0.0,284794.76
1798614,IT,WE,MEAT1,PAPER,0.07,14238.424,4,4,14238.422,0.0,0.0,0.0,0.002,203406.057143
1718754,IT,PL,PULP5,RESEA,0.04,14237.793,3,3,14237.793,0.0,0.0,0.0,0.0,355944.825
1663304,IT,DK,AIRTR,VEGE1,0.02,14237.785,3,3,14237.785,0.0,0.0,0.0,0.0,711889.25
1801595,IT,WE,TRANS,ELEC3,0.08,14237.427,3,3,14237.427,0.0,0.0,0.0,0.0,177967.8375
1789810,IT,WA,CERAM,URANI,0.02,14237.383,3,3,14237.383,0.0,0.0,0.0,0.0,711869.15
1766974,IT,RU,MOTO1,DISTR,0.08,14237.282,3,3,14237.282,0.0,0.0,0.0,0.0,177966.025
1676915,IT,FR,SEACO,PUBLI,0.01,14237.112,3,3,14237.112,0.0,0.0,0.0,0.0,1423711.2
1717441,IT,NL,INSUR,PUBLI,0.29,14237.041,3,3,14237.041,0.0,0.0,0.0,0.0,49093.244828
1784831,IT,ID,HOTEL,93197,0.1,14235.45,3,3,14235.45,0.0,0.0,0.0,0.0,142354.5
1783953,IT,ID,CHEMI,GLASS,0.03,14235.413,4,4,14234.413,0.0,0.0,1.0,0.0,474513.766667
1652960,IT,CZ,HEAVY,REALE,0.02,14234.378,3,3,14234.378,0.0,0.0,0.0,0.0,711718.9
1656963,IT,DE,LIQUE,ELEC3,0.02,14234.292,3,3,14234.292,0.0,0.0,0.0,0.0,711714.6
1682061,IT,HR,FISH5,WHOLE,0.06,14234.28,4,4,14234.273,0.0,0.0,0.0,0.007,237238.0
1780654,IT,TW,AUXIL,KEROS,0.26,14234.129,3,3,14234.129,0.0,0.0,0.0,0.0,54746.65
1659368,IT,DE,RETAI,RECRE,0.11,14233.963,3,3,14233.963,0.0,0.0,0.0,0.0,129399.663636
1685081,IT,HU,FOOD5,ANIMA,0.07,14233.796,3,3,14233.796,0.0,0.0,0.0,0.0,203339.942857
1642818,IT,AT,OFFIC,ELECT,0.04,14233.527,3,3,14233.527,0.0,0.0,0.0,0.0,355838.175
1755712,IT,KR,GLASS,CATTL,0.04,14232.312,3,3,14232.312,0.0,0.0,0.0,0.0,355807.8
1724771,IT,PT,RENTI,MOTO1,0.09,14232.088,3,3,14232.088,0.0,0.0,0.0,0.0,158134.311111
1670372,IT,FI,DAIRY,REALE,0.06,14230.741,3,3,14230.741,0.0,0.0,0.0,0.0,237179.016667
1652969,IT,CZ,NAPHT,PFERT,0.02,14230.361,3,3,14230.361,0.0,0.0,0.0,0.0,711518.05
1798038,IT,WL,WOOD2,CHEM1,0.08,14230.215,3,3,14230.215,0.0,0.0,0.0,0.0,177877.6875
1782759,IT,NO,HOTEL,MEATC,0.1,14229.768,3,3,14229.768,0.0,0.0,0.0,0.0,142297.68
1641902,IT,AT,BIODI,FURNI,0.03,14229.75,4,4,14229.748,0.0,0.0,0.0,0.002,474325.0
1736495,IT,SK,INLAN,RUBBE,0.02,14229.505,3,3,14229.505,0.0,0.0,0.0,0.0,711475.25
1672827,IT,FR,MEAT4,RETA1,0.08,14228.196,3,3,14228.196,0.0,0.0,0.0,0.0,177852.45
1724307,IT,PT,LANDT,SUPPO,0.09,14227.852,3,3,14227.852,0.0,0.0,0.0,0.0,158087.244444
1739374,IT,GB,RAILW,SALEM,0.1,14227.439,3,3,14227.439,0.0,0.0,0.0,0.0,142274.39
1735324,IT,SK,CERAM,FABRI,0.02,14226.452,3,3,14226.452,0.0,0.0,0.0,0.0,711322.6
1677273,IT,FR,FINAN,GASDI,0.19,14226.119,3,3,14226.119,0.0,0.0,0.0,0.0,74874.310526
1763522,IT,MX,CHEM1,SANDC,0.03,14226.01,4,4,14226.008,0.0,0.0,0.0,0.002,474200.333333
1768302,IT,AU,STONE,NONME,0.05,14225.491,4,4,14224.491,0.0,0.0,1.0,0.0,284509.82
1658527,IT,DE,MACHI,MEATA,0.08,14225.213,3,3,14225.213,0.0,0.0,0.0,0.0,177815.1625
1759182,IT,BR,AIRTR,PLAS2,0.02,14224.399,3,3,14224.399,0.0,0.0,0.0,0.0,711219.95
1689565,IT,IE,AIRTR,PRINT,0.02,14224.324,3,3,14224.324,0.0,0.0,0.0,0.0,711216.2
1799129,IT,WE,WEARI,MOTOR,0.11,14224.162,4,4,14224.159,0.0,0.0,0.0,0.003,129310.563636
1739062,IT,GB,RETAI,SUPPO,0.11,14224.151,3,3,14224.151,0.0,0.0,0.0,0.0,129310.463636
1713293,IT,MT,PRINT,HEALT,0.14,14223.837,3,3,14223.837,0.0,0.0,0.0,0.0,101598.835714
1801959,IT,WE,SALEM,EDUCA,0.11,14223.679,3,3,14223.679,0.0,0.0,0.0,0.0,129306.172727
1770411,IT,AU,LANDT,HEALT,0.09,14223.185,3,3,14223.185,0.0,0.0,0.0,0.0,158035.388889
1685666,IT,HU,HEAVY,POULT,0.02,14222.364,3,3,14222.364,0.0,0.0,0.0,0.0,711118.2
1740381,IT,GB,HEALT,LIQUE,0.07,14221.886,3,3,14221.886,0.0,0.0,0.0,0.0,203169.8
1759577,IT,BR,COMPU,FURNI,0.16,14220.182,3,3,14220.182,0.0,0.0,0.0,0.0,88876.1375
1808250,IT,WF,FOOD2,RAWMI,0.08,14219.669,3,3,14219.669,0.0,0.0,0.0,0.0,177745.8625
1764707,IT,MX,HOTEL,KEROS,0.1,14219.458,3,3,14219.458,0.0,0.0,0.0,0.0,142194.58
1687264,IT,HU,WHOLE,FOUND,0.12,14218.926,3,3,14218.926,0.0,0.0,0.0,0.0,118491.05
1733491,IT,SI,WHOLE,MEATC,0.12,14218.714,3,3,14218.714,0.0,0.0,0.0,0.0,118489.283333
1716292,IT,NL,FABRI,PAPER,0.06,14217.701,3,3,14217.701,0.0,0.0,0.0,0.0,236961.683333
1683989,IT,HR,WHOLE,BUSIN,0.12,14217.439,3,3,14217.439,0.0,0.0,0.0,0.0,118478.658333
1746348,IT,JP,RUBBE,MEATC,0.05,14216.307,3,3,14216.307,0.0,0.0,0.0,0.0,284326.14
1782090,IT,NO,GLASS,SUPPO,0.04,14215.901,3,3,14215.901,0.0,0.0,0.0,0.0,355397.525
1771255,IT,CH,VEGE1,RAILW,0.04,14215.14,4,4,14215.137,0.0,0.0,0.0,0.003,355378.5
1679398,IT,GR,PLAST,FOOD4,0.03,14215.109,3,3,14215.109,0.0,0.0,0.0,0.0,473836.966667
1805669,IT,WF,BASIC,VEGET,0.02,14215.0,3,3,14215.0,0.0,0.0,0.0,0.0,710750.0
1752600,IT,CA,TEXTI,PLANT,0.08,14214.715,4,4,14214.713,0.0,0.0,0.0,0.002,177683.9375
1711448,IT,LU,LANDT,MEATP,0.09,14214.46,3,3,14214.46,0.0,0.0,0.0,0.0,157938.444444
1733264,IT,SI,MACHI,OILHA,0.08,14213.822,3,3,14213.822,0.0,0.0,0.0,0.0,177672.775
1800132,IT,WE,NAPHT,SALEM,0.02,14213.529,3,3,14213.529,0.0,0.0,0.0,0.0,710676.45
1646291,IT,BE,COPP1,DIST1,0.04,14213.389,3,3,14213.389,0.0,0.0,0.0,0.0,355334.725
1671144,IT,FI,GLASS,RENTI,0.04,14213.001,3,3,14213.001,0.0,0.0,0.0,0.0,355325.025
1668997,IT,ES,AIRTR,PAPE4,0.02,14212.566,3,3,14212.566,0.0,0.0,0.0,0.0,710628.3
1723365,IT,PT,BASIC,SANDC,0.02,14212.255,3,3,14212.255,0.0,0.0,0.0,0.0,710612.75
1782360,IT,NO,FABRI,RUBBE,0.06,14211.978,3,3,14211.978,0.0,0.0,0.0,0.0,236866.3
1715314,IT,NL,PAPER,AUXIL,0.06,14211.67,3,3,14211.67,0.0,0.0,0.0,0.0,236861.166667
1757696,IT,BR,HEAVY,HOTEL,0.02,14211.299,3,3,14211.299,0.0,0.0,0.0,0.0,710564.95
1682762,IT,HR,GASDI,93197,0.02,14211.086,3,3,14211.086,0.0,0.0,0.0,0.0,710554.3
1657082,IT,DE,NONSP,ELEC2,0.02,14211.045,3,3,14211.045,0.0,0.0,0.0,0.0,710552.25
1663950,IT,EE,PAPER,FORES,0.06,14210.977,3,3,14210.977,0.0,0.0,0.0,0.0,236849.616667
1803895,IT,WF,WEARI,MEAT4,0.11,14210.221,4,4,14210.218,0.0,0.0,0.0,0.003,129183.827273
1785352,IT,ZA,WOODW,CHEM1,0.04,14209.667,3,3,14209.667,0.0,0.0,0.0,0.0,355241.675
1757271,IT,BR,DAIRY,WHOLE,0.06,14209.603,3,3,14209.603,0.0,0.0,0.0,0.0,236826.716667
1671017,IT,FI,RUBBE,RAWMI,0.05,14208.866,3,3,14208.866,0.0,0.0,0.0,0.0,284177.32
1767206,IT,RU,RETA1,ELECT,0.15,14208.258,3,3,14208.258,0.0,0.0,0.0,0.0,94721.72
1793855,IT,WL,TEXTI,OFFIC,0.08,14206.476,4,4,14206.474,0.0,0.0,0.0,0.002,177580.95
1645953,IT,BE,CERAM,RAILW,0.02,14206.295,3,3,14206.295,0.0,0.0,0.0,0.0,710314.75
1667021,IT,ES,NONME,VEGET,0.03,14206.044,4,4,14206.042,0.0,0.0,0.0,0.002,473534.8
1809225,IT,WM,FISHF,GASDI,0.02,14205.998,3,3,14205.998,0.0,0.0,0.0,0.0,710299.9
1724060,IT,PT,WHOLE,NONME,0.12,14205.881,3,3,14205.881,0.0,0.0,0.0,0.0,118382.341667
1787532,IT,WA,CHEMI,CHARC,0.03,14205.762,4,4,14204.762,0.0,0.0,1.0,0.0,473525.4
1737837,IT,GB,NUCLE,NUCLE,0.03,14205.696,3,3,14205.696,0.0,0.0,0.0,0.0,473523.2
1647226,IT,BE,LANDT,REFI1,0.09,14205.649,3,3,14205.649,0.0,0.0,0.0,0.0,157840.544444
1667888,IT,ES,MOTO1,BRICK,0.08,14204.718,3,3,14204.718,0.0,0.0,0.0,0.0,177558.975
1737118,IT,GB,MEAT4,MEATP,0.08,14203.736,3,3,14203.736,0.0,0.0,0.0,0.0,177546.7
1803520,IT,WF,VEGE1,NFERT,0.04,14203.479,4,4,14203.476,0.0,0.0,0.0,0.003,355086.975
1783782,IT,NO,PAPE4,FOOD4,0.09,14203.351,3,3,14203.351,0.0,0.0,0.0,0.0,157815.011111
1645183,IT,BE,PRINT,AIRTR,0.14,14203.091,3,3,14203.091,0.0,0.0,0.0,0.0,101450.65
1690481,IT,IE,PAPE4,BUSIN,0.09,14202.706,3,3,14202.706,0.0,0.0,0.0,0.0,157807.844444
1667935,IT,ES,MOTO1,INTER,0.08,14202.575,3,3,14202.575,0.0,0.0,0.0,0.0,177532.1875
1762650,IT,IN,COMPU,RETA1,0.16,14201.677,3,3,14201.677,0.0,0.0,0.0,0.0,88760.48125
1734016,IT,SI,POSTT,COMPU,0.23,14201.317,3,3,14201.317,0.0,0.0,0.0,0.0,61744.856522
1769459,IT,AU,NONME,FOOD1,0.03,14201.037,4,4,14201.035,0.0,0.0,0.0,0.002,473367.9
1800139,IT,WE,NAPHT,BUSIN,0.02,14200.562,3,3,14200.562,0.0,0.0,0.0,0.0,710028.1
1728080,IT,SE,MEAT4,PLAST,0.08,14200.028,3,3,14200.028,0.0,0.0,0.0,0.0,177500.35
1736050,IT,SK,FURNI,CEMEN,0.05,14199.81,3,3,14199.81,0.0,0.0,0.0,0.0,283996.2
1665043,IT,ES,MEATC,BUSIN,0.05,14199.175,3,3,14199.175,0.0,0.0,0.0,0.0,283983.5
1770389,IT,AU,LANDT,MOTO1,0.09,14198.048,3,3,14198.048,0.0,0.0,0.0,0.0,157756.088889
1761012,IT,IN,PLAST,LIGNI,0.03,14195.51,3,3,14195.51,0.0,0.0,0.0,0.0,473183.666667
1798864,IT,WE,BEVER,MEATP,0.06,14195.321,3,3,14195.321,0.0,0.0,0.0,0.0,236588.683333
1775308,IT,CH,BUSIN,BIOG1,0.15,14195.287,3,3,14195.287,0.0,0.0,0.0,0.0,94635.246667
1807848,IT,WF,PAPE1,PRECI,0.1,14195.202,3,3,14195.202,0.0,0.0,0.0,0.0,141952.02
1785899,IT,ZA,BIODI,FOOD3,0.03,14194.608,4,4,14194.606,0.0,0.0,0.0,0.002,473153.6
1683734,IT,HR,MACHI,NONME,0.08,14192.903,3,3,14192.903,0.0,0.0,0.0,0.0,177411.2875
1679397,IT,GR,PLAST,WASTE,0.03,14192.794,3,3,14192.794,0.0,0.0,0.0,0.0,473093.133333
1784710,IT,ID,FURNI,ELEC2,0.05,14192.503,3,3,14192.503,0.0,0.0,0.0,0.0,283850.06
1661336,IT,DK,MEATC,MEATC,0.05,14192.113,3,3,14192.113,0.0,0.0,0.0,0.0,283842.26
1668266,IT,ES,WHOLE,SUGA1,0.12,14191.183,3,3,14191.183,0.0,0.0,0.0,0.0,118259.858333
1775531,IT,CH,FOOD4,FISHF,0.1,14190.041,3,3,14190.041,0.0,0.0,0.0,0.0,141900.41
1759571,IT,BR,COMPU,OFFIC,0.16,14189.065,3,3,14189.065,0.0,0.0,0.0,0.0,88681.65625
1686799,IT,HU,FABRI,KEROS,0.06,14188.109,3,3,14188.109,0.0,0.0,0.0,0.0,236468.483333
1668629,IT,ES,RAILW,RUBBE,0.09,14187.269,3,3,14187.269,0.0,0.0,0.0,0.0,157636.322222
1799881,IT,WE,GASDI,ELEC6,0.02,14187.25,3,3,14187.25,0.0,0.0,0.0,0.0,709362.5
1666318,IT,ES,LIQUE,ALUM1,0.02,14186.276,3,3,14186.276,0.0,0.0,0.0,0.0,709313.8
1735571,IT,SK,ALUM1,SALEM,0.02,14185.709,3,3,14185.709,0.0,0.0,0.0,0.0,709285.45
1681695,IT,HR,FORES,WOODW,0.12,14185.454,4,4,14180.454,0.0,5.0,0.0,0.0,118212.116667
1644227,IT,BE,OILSE,REFI1,0.01,14185.318,3,3,14185.318,0.0,0.0,0.0,0.0,1418531.8
1710479,IT,LT,LANDT,SEACO,0.09,14184.886,3,3,14184.886,0.0,0.0,0.0,0.0,157609.844444
1715288,IT,NL,PAPER,FOUND,0.05,14184.677,3,3,14184.677,0.0,0.0,0.0,0.0,283693.54
1812866,IT,WM,FABRI,COKE1,0.06,14184.668,3,3,14184.668,0.0,0.0,0.0,0.0,236411.133333
1711124,IT,LU,LEAD1,WASTE,0.02,14184.19,3,3,14184.19,0.0,0.0,0.0,0.0,709209.5
1743355,IT,US,SALEM,MEATP,0.11,14184.062,3,3,14184.062,0.0,0.0,0.0,0.0,128946.018182
1805479,IT,WF,GLASS,RESEA,0.04,14183.521,3,3,14183.521,0.0,0.0,0.0,0.0,354588.025
1719174,IT,PL,PLAST,TRAN1,0.03,14183.498,3,3,14183.498,0.0,0.0,0.0,0.0,472783.266667
1787741,IT,WA,VEGE1,FINAN,0.04,14182.634,4,4,14182.631,0.0,0.0,0.0,0.003,354565.85
1736943,IT,GB,VEGET,MEATP,0.05,14181.607,3,3,14181.607,0.0,0.0,0.0,0.0,283632.14
1755806,IT,KR,CERAM,FURNI,0.02,14181.339,3,3,14181.339,0.0,0.0,0.0,0.0,709066.95
1764865,IT,MX,AIRTR,TOBAC,0.02,14180.343,3,3,14180.343,0.0,0.0,0.0,0.0,709017.15
1654602,IT,CZ,RAILW,LANDT,0.09,14179.191,3,3,14179.191,0.0,0.0,0.0,0.0,157546.566667
1678663,IT,GR,MEAT4,MEAT4,0.08,14177.788,3,3,14177.788,0.0,0.0,0.0,0.0,177222.35
1710935,IT,LU,PLAST,COMPU,0.03,14177.713,3,3,14177.713,0.0,0.0,0.0,0.0,472590.433333
1646896,IT,BE,WHOLE,NAPHT,0.12,14177.664,3,3,14177.664,0.0,0.0,0.0,0.0,118147.2
1723513,IT,PT,COPP1,BASIC,0.04,14177.418,3,3,14177.418,0.0,0.0,0.0,0.0,354435.45
1800121,IT,WE,NAPHT,PREC1,0.02,14177.248,3,3,14177.248,0.0,0.0,0.0,0.0,708862.4
1659809,IT,DE,LANDT,NONSP,0.09,14176.839,3,3,14176.839,0.0,0.0,0.0,0.0,157520.433333
1684466,IT,HR,RENTI,WHOLE,0.08,14176.239,3,3,14176.239,0.0,0.0,0.0,0.0,177202.9875
1761166,IT,IN,CHEM1,ELEC1,0.03,14174.185,4,4,14174.183,0.0,0.0,0.0,0.002,472472.833333
1760981,IT,IN,NAPHT,ELEC3,0.02,14173.702,3,3,14173.702,0.0,0.0,0.0,0.0,708685.1
1728446,IT,SE,WEARI,MEMBE,0.11,14173.522,4,4,14173.519,0.0,0.0,0.0,0.003,128850.2
1781606,IT,NO,WEARI,RETA1,0.11,14172.399,4,4,14172.396,0.0,0.0,0.0,0.003,128839.990909
1685739,IT,HU,PLAST,OILSE,0.03,14172.23,3,3,14172.23,0.0,0.0,0.0,0.0,472407.666667
1814587,IT,WM,BUSIN,COLLE,0.15,14172.017,3,3,14172.017,0.0,0.0,0.0,0.0,94480.113333
1773117,IT,CH,COPP1,BASIC,0.04,14171.934,3,3,14171.934,0.0,0.0,0.0,0.0,354298.35
1665097,IT,ES,VEGE1,CHEM1,0.04,14171.628,4,4,14171.625,0.0,0.0,0.0,0.003,354290.7
1647061,IT,BE,HOTEL,FORES,0.1,14171.557,3,3,14171.557,0.0,0.0,0.0,0.0,141715.57
1764377,IT,MX,MOTO1,LEAD1,0.08,14171.544,3,3,14171.544,0.0,0.0,0.0,0.0,177144.3
1760295,IT,IN,FORES,FURNI,0.12,14171.026,4,4,14166.026,0.0,5.0,0.0,0.0,118091.883333
1775060,IT,CH,RENTI,PREC1,0.08,14170.99,3,3,14170.99,0.0,0.0,0.0,0.0,177137.375
1659923,IT,DE,TRAN2,BIODI,0.02,14170.277,3,3,14170.277,0.0,0.0,0.0,0.0,708513.85
1724624,IT,PT,FINAN,RAILW,0.18,14170.266,3,3,14170.266,0.0,0.0,0.0,0.0,78723.7
1667873,IT,ES,MOTO1,BEVER,0.08,14170.171,3,3,14170.171,0.0,0.0,0.0,0.0,177127.1375
1672625,IT,FR,CRUDE,SUGAR,0.03,14170.018,3,3,14170.018,0.0,0.0,0.0,0.0,472333.933333
1728746,IT,SE,GASDI,WHEAT,0.02,14169.343,3,3,14169.343,0.0,0.0,0.0,0.0,708467.15
1658164,IT,DE,ALUM1,BLAST,0.02,14169.229,3,3,14169.229,0.0,0.0,0.0,0.0,708461.45
1723510,IT,PT,COPP1,CERAM,0.04,14169.214,3,3,14169.214,0.0,0.0,0.0,0.0,354230.35
1711473,IT,LU,TRAN2,RAILW,0.02,14168.947,3,3,14168.947,0.0,0.0,0.0,0.0,708447.35
1784167,IT,ID,PAPER,ELECT,0.05,14168.895,3,3,14168.895,0.0,0.0,0.0,0.0,283377.9
1659327,IT,DE,RETAI,NONME,0.11,14168.327,3,3,14168.327,0.0,0.0,0.0,0.0,128802.972727
1785562,IT,ZA,KERO1,SUPPO,0.02,14168.051,3,3,14168.051,0.0,0.0,0.0,0.0,708402.55
1784500,IT,ID,FABRI,GASDI,0.06,14167.718,3,3,14167.718,0.0,0.0,0.0,0.0,236128.633333
1722924,IT,PT,GASDI,STONE,0.02,14167.026,3,3,14167.026,0.0,0.0,0.0,0.0,708351.3
1762217,IT,IN,SEACO,DIST1,0.01,14166.841,3,3,14166.841,0.0,0.0,0.0,0.0,1416684.1
1658399,IT,DE,FABRI,VEGE1,0.06,14166.782,3,3,14166.782,0.0,0.0,0.0,0.0,236113.033333
1652953,IT,CZ,HEAVY,STEAM,0.02,14165.495,3,3,14165.495,0.0,0.0,0.0,0.0,708274.75
1641679,IT,AT,NONSP,RESEA,0.02,14165.375,3,3,14165.375,0.0,0.0,0.0,0.0,708268.75
1727990,IT,SE,SANDC,COPPE,0.03,14164.14,4,4,14161.14,0.0,0.0,3.0,0.0,472138.0
1783651,IT,NO,FOOD3,FOOD3,0.04,14162.357,3,3,14162.357,0.0,0.0,0.0,0.0,354058.925
1726916,IT,RO,HOTEL,MEATA,0.1,14162.17,3,3,14162.17,0.0,0.0,0.0,0.0,141621.7
1805811,IT,WF,PREC1,DISTR,0.02,14161.296,3,3,14161.296,0.0,0.0,0.0,0.0,708064.8
1728125,IT,SE,VEGE1,REALE,0.04,14161.222,4,4,14161.219,0.0,0.0,0.0,0.003,354030.55
1651962,IT,CY,BUSIN,POSTT,0.15,14161.031,3,3,14161.031,0.0,0.0,0.0,0.0,94406.873333
1765466,IT,RU,TEXTI,RECRE,0.08,14160.894,4,4,14160.892,0.0,0.0,0.0,0.002,177011.175
1668994,IT,ES,AIRTR,SEWAG,0.02,14160.338,3,3,14160.338,0.0,0.0,0.0,0.0,708016.9
1681662,IT,HR,VEGET,CEMEN,0.05,14159.191,3,3,14159.191,0.0,0.0,0.0,0.0,283183.82
1666359,IT,ES,LIQUE,FOOD4,0.02,14158.588,3,3,14158.588,0.0,0.0,0.0,0.0,707929.4
1758654,IT,BR,FURNI,MACHI,0.05,14158.313,3,3,14158.313,0.0,0.0,0.0,0.0,283166.26
1728976,IT,SE,CHEM1,PAPE4,0.03,14158.29,4,4,14158.288,0.0,0.0,0.0,0.002,471943.0
1656263,IT,DE,WEARI,REALE,0.11,14157.681,4,4,14157.678,0.0,0.0,0.0,0.003,128706.190909
1711308,IT,LU,WHOLE,BEVER,0.12,14157.452,3,3,14157.452,0.0,0.0,0.0,0.0,117978.766667
1774158,IT,CH,WHOLE,OILHA,0.12,14157.215,3,3,14157.215,0.0,0.0,0.0,0.0,117976.791667
1750158,IT,CN,ALUM1,CRUDE,0.02,14156.874,3,3,14156.874,0.0,0.0,0.0,0.0,707843.7
1781456,IT,NO,BEVER,LEATH,0.06,14156.666,3,3,14156.666,0.0,0.0,0.0,0.0,235944.433333
1783777,IT,NO,PAPE4,WOOD1,0.09,14156.449,3,3,14156.449,0.0,0.0,0.0,0.0,157293.877778
1772106,IT,CH,MOTOR,RAWMI,0.02,14155.1,3,3,14155.1,0.0,0.0,0.0,0.0,707755.0
1787362,IT,WA,ANIMA,NONF1,0.06,14155.096,3,3,14155.096,0.0,0.0,0.0,0.0,235918.266667
1683512,IT,HR,ALUM1,BEVER,0.02,14154.683,3,3,14154.683,0.0,0.0,0.0,0.0,707734.15
1689524,IT,IE,SEACO,MEAT1,0.01,14154.426,3,3,14154.426,0.0,0.0,0.0,0.0,1415442.6
1671208,IT,FI,NONME,MOTO1,0.03,14153.845,4,4,14153.843,0.0,0.0,0.0,0.002,471794.833333
1755421,IT,KR,HEAVY,LIQUE,0.02,14152.368,3,3,14152.368,0.0,0.0,0.0,0.0,707618.4
1770996,IT,CH,OILSE,FORES,0.01,14150.919,3,3,14150.919,0.0,0.0,0.0,0.0,1415091.9
1765621,IT,RU,WOODW,MEDIC,0.04,14150.719,3,3,14150.719,0.0,0.0,0.0,0.0,353767.975
1683342,IT,HR,NONME,MOTO1,0.03,14150.406,4,4,14150.404,0.0,0.0,0.0,0.002,471680.2
1755855,IT,KR,NONME,COPPE,0.03,14149.776,4,4,14149.774,0.0,0.0,0.0,0.002,471659.2
1641093,IT,AT,PAPER,ALUM1,0.05,14149.58,3,3,14149.58,0.0,0.0,0.0,0.0,282991.6
1709959,IT,LT,BASIC,RENTI,0.02,14149.472,3,3,14149.472,0.0,0.0,0.0,0.0,707473.6
1751924,IT,CN,COMPU,SECO9,0.16,14149.293,3,3,14149.293,0.0,0.0,0.0,0.0,88433.08125
1769641,IT,AU,FABRI,PREC1,0.06,14148.498,3,3,14148.498,0.0,0.0,0.0,0.0,235808.3
1761198,IT,IN,ADDIT,PFERT,0.03,14148.363,3,3,14148.363,0.0,0.0,0.0,0.0,471612.1
1765349,IT,RU,FOOD5,REALE,0.07,14148.015,3,3,14148.015,0.0,0.0,0.0,0.0,202114.5
1651874,IT,CY,POSTT,PRINT,0.23,14147.099,3,3,14147.099,0.0,0.0,0.0,0.0,61509.126087
1803280,IT,WF,FORES,LEAD1,0.12,14145.945,4,4,14140.945,0.0,5.0,0.0,0.0,117882.875
1650887,IT,BG,TRAN2,KEROS,0.02,14145.924,3,3,14145.924,0.0,0.0,0.0,0.0,707296.2
1778803,IT,TR,LANDT,RADIO,0.09,14145.696,3,3,14145.696,0.0,0.0,0.0,0.0,157174.4
1759910,IT,BR,PAPE1,BUSIN,0.1,14145.482,3,3,14145.482,0.0,0.0,0.0,0.0,141454.82
1672781,IT,FR,MEATP,DAIRY,0.06,14145.318,4,4,14145.316,0.0,0.0,0.0,0.002,235755.3
1667845,IT,ES,OFFIC,FOODW,0.04,14145.29,3,3,14145.29,0.0,0.0,0.0,0.0,353632.25
1652303,IT,CZ,BEVER,RUBBE,0.06,14145.155,3,3,14145.155,0.0,0.0,0.0,0.0,235752.583333
1732612,IT,SI,GLASS,CERAM,0.04,14144.202,3,3,14144.202,0.0,0.0,0.0,0.0,353605.05
1710466,IT,LT,LANDT,ELEC5,0.09,14143.807,3,3,14143.807,0.0,0.0,0.0,0.0,157153.411111
1680753,IT,GR,RETA1,HOTEL,0.15,14143.477,3,3,14143.477,0.0,0.0,0.0,0.0,94289.846667
1669650,IT,ES,RENTI,93197,0.08,14143.216,3,3,14143.216,0.0,0.0,0.0,0.0,176790.2
1786079,IT,ZA,NONME,CATTL,0.03,14141.257,4,4,14141.255,0.0,0.0,0.0,0.002,471375.233333
1715956,IT,NL,CERAM,FOOD5,0.02,14140.956,3,3,14140.956,0.0,0.0,0.0,0.0,707047.8
1796121,IT,WL,TRANS,DIST1,0.08,14140.849,3,3,14140.849,0.0,0.0,0.0,0.0,176760.6125
1646207,IT,BE,ALUM1,RETA1,0.02,14140.822,3,3,14140.822,0.0,0.0,0.0,0.0,707041.1
1667112,IT,ES,BASIC,PADDY,0.02,14140.638,3,3,14140.638,0.0,0.0,0.0,0.0,707031.9
1738298,IT,GB,BASIC,WEARI,0.02,14140.588,3,3,14140.588,0.0,0.0,0.0,0.0,707029.4
1671547,IT,FI,OFFIC,SUPPO,0.04,14139.27,3,3,14139.27,0.0,0.0,0.0,0.0,353481.75
1714392,IT,NL,CEREA,RESEA,0.02,14138.638,3,3,14138.638,0.0,0.0,0.0,0.0,706931.9
1746572,IT,JP,BASIC,POSTT,0.02,14138.468,3,3,14138.468,0.0,0.0,0.0,0.0,706923.4
1783733,IT,NO,FOOD4,TEXT1,0.1,14138.166,3,3,14138.166,0.0,0.0,0.0,0.0,141381.66
1807563,IT,WF,COMPU,NATUR,0.16,14138.131,3,3,14138.131,0.0,0.0,0.0,0.0,88363.31875
1778354,IT,TR,RETAI,RUBBE,0.11,14136.674,3,3,14136.674,0.0,0.0,0.0,0.0,128515.218182
1679378,IT,GR,PLAST,SECO9,0.03,14136.362,3,3,14136.362,0.0,0.0,0.0,0.0,471212.066667
1800198,IT,WE,PLAST,IRONO,0.03,14135.944,3,3,14135.944,0.0,0.0,0.0,0.0,471198.133333
1663487,IT,DK,RENTI,PRINT,0.08,14135.812,3,3,14135.812,0.0,0.0,0.0,0.0,176697.65
1756411,IT,KR,FURNI,PUBLI,0.05,14135.703,3,3,14135.703,0.0,0.0,0.0,0.0,282714.06
1679392,IT,GR,PLAST,INTER,0.03,14135.503,3,3,14135.503,0.0,0.0,0.0,0.0,471183.433333
1679394,IT,GR,PLAST,SEWAG,0.03,14135.492,3,3,14135.492,0.0,0.0,0.0,0.0,471183.066667
1679401,IT,GR,PLAST,INERT,0.03,14135.49,3,3,14135.49,0.0,0.0,0.0,0.0,471183.0
1679395,IT,GR,PLAST,FOOD2,0.03,14135.488,3,3,14135.488,0.0,0.0,0.0,0.0,471182.933333
1679393,IT,GR,PLAST,OILHA,0.03,14135.477,3,3,14135.477,0.0,0.0,0.0,0.0,471182.566667
1679403,IT,GR,PLAST,WOOD2,0.03,14135.473,3,3,14135.473,0.0,0.0,0.0,0.0,471182.433333
1679402,IT,GR,PLAST,TEXT2,0.03,14135.471,3,3,14135.471,0.0,0.0,0.0,0.0,471182.366667
1679400,IT,GR,PLAST,PLAS2,0.03,14135.471,3,3,14135.471,0.0,0.0,0.0,0.0,471182.366667
1810917,IT,WM,GASDI,ANIMA,0.02,14135.095,3,3,14135.095,0.0,0.0,0.0,0.0,706754.75
1681853,IT,HR,VEGE1,ELECT,0.04,14134.895,4,4,14134.892,0.0,0.0,0.0,0.003,353372.375
1684128,IT,HR,LANDT,OILSE,0.09,14134.67,3,3,14134.67,0.0,0.0,0.0,0.0,157051.888889
1806057,IT,WF,COPP1,PRIVA,0.04,14133.821,3,3,14133.821,0.0,0.0,0.0,0.0,353345.525
1814976,IT,WM,PRIVA,POSTT,3.15,14133.815,4,4,14133.813,0.0,0.0,0.0,0.002,4486.925397
1723356,IT,PT,NONME,REALE,0.03,14133.44,4,4,14133.438,0.0,0.0,0.0,0.002,471114.666667
1679438,IT,GR,CHEM1,MEAT1,0.03,14133.117,4,4,14133.115,0.0,0.0,0.0,0.002,471103.9
1782382,IT,NO,FABRI,COLLE,0.06,14133.009,3,3,14133.009,0.0,0.0,0.0,0.0,235550.15
1761466,IT,IN,PREC1,CHARC,0.02,14131.926,3,3,14131.926,0.0,0.0,0.0,0.0,706596.3
1748507,IT,CN,SANDC,ELEC1,0.03,14131.189,4,4,14128.189,0.0,0.0,3.0,0.0,471039.633333
1783813,IT,NO,INERT,RETA1,0.1,14131.126,3,3,14131.126,0.0,0.0,0.0,0.0,141311.26
1778029,IT,TR,OFFIC,GLASS,0.04,14130.667,3,3,14130.667,0.0,0.0,0.0,0.0,353266.675
1767254,IT,RU,HOTEL,WOODW,0.1,14130.494,3,3,14130.494,0.0,0.0,0.0,0.0,141304.94
1742528,IT,US,BASIC,TEXT1,0.02,14130.484,3,3,14130.484,0.0,0.0,0.0,0.0,706524.2
1793352,IT,WL,CEREA,CATTL,0.02,14130.473,3,3,14130.473,0.0,0.0,0.0,0.0,706523.65
1739745,IT,GB,SUPPO,OILHA,0.1,14130.143,3,3,14130.143,0.0,0.0,0.0,0.0,141301.43
1767447,IT,RU,LANDT,POSTT,0.09,14129.969,3,3,14129.969,0.0,0.0,0.0,0.0,156999.655556
1686635,IT,HU,LEAD1,TRANS,0.02,14129.272,3,3,14129.272,0.0,0.0,0.0,0.0,706463.6
1733729,IT,SI,LANDT,CATTL,0.09,14128.831,3,3,14128.831,0.0,0.0,0.0,0.0,156987.011111
1660831,IT,DE,COMPU,ELEC1,0.16,14128.519,3,3,14128.519,0.0,0.0,0.0,0.0,88303.24375
1642473,IT,AT,ALUM1,PAPE1,0.02,14128.412,3,3,14128.412,0.0,0.0,0.0,0.0,706420.6
1660490,IT,DE,INSUR,BASIC,0.29,14127.893,3,3,14127.893,0.0,0.0,0.0,0.0,48716.872414
1664332,IT,EE,FABRI,PRINT,0.06,14127.751,3,3,14127.751,0.0,0.0,0.0,0.0,235462.516667
1761025,IT,IN,PLAST,PULP5,0.03,14127.294,3,3,14127.294,0.0,0.0,0.0,0.0,470909.8
1682886,IT,HR,NAPHT,PULP5,0.02,14127.023,3,3,14127.023,0.0,0.0,0.0,0.0,706351.15
1728458,IT,SE,LEATH,FABRI,0.1,14126.693,4,4,14126.691,0.0,0.0,0.0,0.002,141266.93
1771404,IT,CH,FOOD5,NONME,0.07,14126.473,3,3,14126.473,0.0,0.0,0.0,0.0,201806.757143
1777896,IT,TR,MACHI,ALUMI,0.08,14126.393,3,3,14126.393,0.0,0.0,0.0,0.0,176579.9125
1754244,IT,CA,POSTT,MOTO1,0.23,14126.141,3,3,14126.141,0.0,0.0,0.0,0.0,61418.004348
1726198,IT,RO,CERAM,FINAN,0.02,14125.796,3,3,14125.796,0.0,0.0,0.0,0.0,706289.8
1666975,IT,ES,CERAM,EDUCA,0.02,14125.645,3,3,14125.645,0.0,0.0,0.0,0.0,706282.25
1743021,IT,US,OFFIC,ELEC1,0.04,14125.219,3,3,14125.219,0.0,0.0,0.0,0.0,353130.475
1719770,IT,PL,BASIC,MEAT1,0.02,14124.828,3,3,14124.828,0.0,0.0,0.0,0.0,706241.4
1652682,IT,CZ,PAPER,CROPS,0.05,14124.732,3,3,14124.732,0.0,0.0,0.0,0.0,282494.64
1709693,IT,LT,PLAST,SUPPO,0.03,14124.187,3,3,14124.187,0.0,0.0,0.0,0.0,470806.233333
1758640,IT,BR,TRANS,REALE,0.08,14123.896,3,3,14123.896,0.0,0.0,0.0,0.0,176548.7
1717303,IT,NL,FINAN,POULT,0.18,14123.243,3,3,14123.243,0.0,0.0,0.0,0.0,78462.461111
1787776,IT,WA,DAIRY,CHARC,0.06,14123.05,3,3,14123.05,0.0,0.0,0.0,0.0,235384.166667
1743883,IT,US,SEACO,PARAF,0.01,14122.8,3,3,14122.8,0.0,0.0,0.0,0.0,1412280.0
1665331,IT,ES,FISH5,LEATH,0.06,14122.782,4,4,14122.775,0.0,0.0,0.0,0.007,235379.7
1734657,IT,SK,WEARI,WEARI,0.11,14122.393,4,4,14122.39,0.0,0.0,0.0,0.003,128385.390909
1803295,IT,WF,FISHF,GASDI,0.02,14122.144,3,3,14122.144,0.0,0.0,0.0,0.0,706107.2
1721987,IT,PL,COMPU,ELEC1,0.16,14121.519,3,3,14121.519,0.0,0.0,0.0,0.0,88259.49375
1720800,IT,PL,FURNI,BEVER,0.05,14121.517,3,3,14121.517,0.0,0.0,0.0,0.0,282430.34
1670875,IT,FI,PLAST,NONME,0.03,14121.357,3,3,14121.357,0.0,0.0,0.0,0.0,470711.9
1768910,IT,AU,WOODW,SUPPO,0.04,14121.342,3,3,14121.342,0.0,0.0,0.0,0.0,353033.55
1788727,IT,WA,MOTOR,CEMEN,0.02,14120.371,3,3,14120.371,0.0,0.0,0.0,0.0,706018.55
1773322,IT,CH,MACHI,NFERT,0.08,14119.705,3,3,14119.705,0.0,0.0,0.0,0.0,176496.3125
1800931,IT,WE,PREC1,EDUCA,0.02,14119.268,3,3,14119.268,0.0,0.0,0.0,0.0,705963.4
1728769,IT,SE,HEAVY,IRONO,0.02,14118.842,3,3,14118.842,0.0,0.0,0.0,0.0,705942.1
1670900,IT,FI,CHEM1,OILSE,0.03,14118.492,4,4,14118.49,0.0,0.0,0.0,0.002,470616.4
1747049,IT,JP,FURNI,FISHF,0.05,14118.33,3,3,14118.33,0.0,0.0,0.0,0.0,282366.6
1664930,IT,ES,LEADZ,BUSIN,0.02,14117.48,3,3,14117.48,0.0,0.0,0.0,0.0,705874.0
1787997,IT,WA,TEXTI,PROCE,0.08,14117.341,4,4,14117.339,0.0,0.0,0.0,0.002,176466.7625
1791684,IT,WA,HOTEL,RAILW,0.1,14116.815,3,3,14116.815,0.0,0.0,0.0,0.0,141168.15
1754069,IT,CA,AIRTR,ANIMA,0.02,14116.026,3,3,14116.026,0.0,0.0,0.0,0.0,705801.3
1744723,IT,US,COMPU,93197,0.16,14115.481,3,3,14115.481,0.0,0.0,0.0,0.0,88221.75625
1766650,IT,RU,FABRI,LEAD1,0.06,14113.391,3,3,14113.391,0.0,0.0,0.0,0.0,235223.183333
1735012,IT,SK,PLAST,CERAM,0.03,14112.687,3,3,14112.687,0.0,0.0,0.0,0.0,470422.9
1649692,IT,BG,NONME,WEARI,0.03,14112.486,4,4,14112.484,0.0,0.0,0.0,0.002,470416.2
1750452,IT,CN,MACHI,PRECI,0.08,14112.404,3,3,14112.404,0.0,0.0,0.0,0.0,176405.05
1811232,IT,WM,WHITE,DISTR,0.08,14112.378,3,3,14112.378,0.0,0.0,0.0,0.0,176404.725
1760876,IT,IN,GASDI,BEVER,0.02,14112.151,3,3,14112.151,0.0,0.0,0.0,0.0,705607.55
1770958,IT,CH,VEGET,COPP1,0.05,14111.667,3,3,14111.667,0.0,0.0,0.0,0.0,282233.34
1729167,IT,SE,GLASS,LANDT,0.04,14110.67,3,3,14110.67,0.0,0.0,0.0,0.0,352766.75
1669690,IT,ES,COMPU,DISTR,0.16,14110.617,3,3,14110.617,0.0,0.0,0.0,0.0,88191.35625
1682510,IT,HR,PRINT,BUSIN,0.14,14110.501,3,3,14110.501,0.0,0.0,0.0,0.0,100789.292857
1802406,IT,WE,AIRTR,SUGA1,0.02,14110.234,3,3,14110.234,0.0,0.0,0.0,0.0,705511.7
1724189,IT,PT,HOTEL,FABRI,0.1,14109.817,3,3,14109.817,0.0,0.0,0.0,0.0,141098.17
1753711,IT,CA,TRANS,MOTO1,0.08,14109.125,3,3,14109.125,0.0,0.0,0.0,0.0,176364.0625
1769384,IT,AU,CERAM,NONF1,0.02,14108.464,3,3,14108.464,0.0,0.0,0.0,0.0,705423.2
1730233,IT,SE,TRAN2,PRECI,0.02,14108.267,3,3,14108.267,0.0,0.0,0.0,0.0,705413.35
1778874,IT,TR,SEACO,BITUM,0.01,14107.451,3,3,14107.451,0.0,0.0,0.0,0.0,1410745.1
1658677,IT,DE,OFFIC,FISH5,0.04,14106.959,3,3,14106.959,0.0,0.0,0.0,0.0,352673.975
1733172,IT,SI,FABRI,INERT,0.06,14106.833,3,3,14106.833,0.0,0.0,0.0,0.0,235113.883333
1724092,IT,PT,WHOLE,REALE,0.12,14106.671,3,3,14106.671,0.0,0.0,0.0,0.0,117555.591667
1743781,IT,US,LANDT,COPP1,0.09,14106.596,3,3,14106.596,0.0,0.0,0.0,0.0,156739.955556
1653790,IT,CZ,COPP1,INTER,0.04,14105.91,3,3,14105.91,0.0,0.0,0.0,0.0,352647.75
1657316,IT,DE,ADDIT,REFIN,0.03,14105.337,3,3,14105.337,0.0,0.0,0.0,0.0,470177.9
1641303,IT,AT,MOTOR,PLAS1,0.02,14105.085,3,3,14105.085,0.0,0.0,0.0,0.0,705254.25
1719736,IT,PL,NONME,SEWAG,0.03,14105.019,4,4,14105.017,0.0,0.0,0.0,0.002,470167.3
1790768,IT,WA,MACHI,DAIRY,0.08,14104.673,3,3,14104.673,0.0,0.0,0.0,0.0,176308.4125
1788042,IT,WA,TEXTI,MACHI,0.08,14104.112,4,4,14104.11,0.0,0.0,0.0,0.002,176301.4
1711584,IT,LU,FINAN,AIRTR,0.18,14103.816,3,3,14103.816,0.0,0.0,0.0,0.0,78354.533333
1768171,IT,RU,PUBLI,MOTO1,0.23,14102.973,3,3,14102.973,0.0,0.0,0.0,0.0,61317.273913
1764432,IT,MX,FURNI,LEATH,0.05,14102.735,3,3,14102.735,0.0,0.0,0.0,0.0,282054.7
1802965,IT,WF,WHEAT,FISH5,0.01,14102.516,3,3,14102.516,0.0,0.0,0.0,0.0,1410251.6
1685704,IT,HU,NAPHT,BIODI,0.02,14100.681,3,3,14100.681,0.0,0.0,0.0,0.0,705034.05
1723029,IT,PT,PLAST,SECO9,0.03,14100.207,3,3,14100.207,0.0,0.0,0.0,0.0,470006.9
1795036,IT,WL,ADDIT,WHITE,0.03,14100.069,3,3,14100.069,0.0,0.0,0.0,0.0,470002.3
1712008,IT,LV,FORES,REALE,0.12,14099.706,4,4,14094.706,0.0,5.0,0.0,0.0,117497.55
1726351,IT,RO,ALUM1,FURNI,0.02,14099.219,3,3,14099.219,0.0,0.0,0.0,0.0,704960.95
1686015,IT,HU,BIODI,TRAN1,0.03,14099.207,4,4,14099.205,0.0,0.0,0.0,0.002,469973.566667
1731806,IT,SI,PAPER,ELEC1,0.05,14098.399,3,3,14098.399,0.0,0.0,0.0,0.0,281967.98
1713490,IT,MT,RUBBE,CHEM1,0.05,14098.29,3,3,14098.29,0.0,0.0,0.0,0.0,281965.8
1673804,IT,FR,PRINT,CROPS,0.14,14098.034,3,3,14098.034,0.0,0.0,0.0,0.0,100700.242857
1744554,IT,US,REALE,HOTEL,0.6,14097.705,3,3,14097.705,0.0,0.0,0.0,0.0,23496.175
1682546,IT,HR,MOTOR,FABRI,0.02,14097.191,3,3,14097.191,0.0,0.0,0.0,0.0,704859.55
1786116,IT,ZA,BASIC,PRECI,0.02,14097.092,3,3,14097.092,0.0,0.0,0.0,0.0,704854.6
1803212,IT,WF,CROPS,RETAI,0.11,14097.065,3,3,14097.065,0.0,0.0,0.0,0.0,128155.136364
1720845,IT,PL,FURNI,TRAN2,0.05,14097.0,3,3,14097.0,0.0,0.0,0.0,0.0,281940.0
1642875,IT,AT,MOTO1,RETAI,0.08,14096.911,3,3,14096.911,0.0,0.0,0.0,0.0,176211.3875
1806950,IT,WF,LANDT,CROPS,0.09,14096.751,3,3,14096.751,0.0,0.0,0.0,0.0,156630.566667
1688128,IT,HU,BUSIN,PRINT,0.14,14096.619,3,3,14096.619,0.0,0.0,0.0,0.0,100690.135714
1681076,IT,GR,SUPPO,WOODW,0.1,14096.595,3,3,14096.595,0.0,0.0,0.0,0.0,140965.95
1808327,IT,WF,FOOD3,COPPE,0.04,14096.131,3,3,14096.131,0.0,0.0,0.0,0.0,352403.275
1640255,IT,AT,NATUR,ELEC2,0.02,14096.053,3,3,14096.053,0.0,0.0,0.0,0.0,704802.65
1675948,IT,FR,ELEC4,PLAST,0.22,14095.422,3,3,14095.422,0.0,0.0,0.0,0.0,64070.1
1740686,IT,US,CHEMI,VEGET,0.03,14095.203,4,4,14094.203,0.0,0.0,1.0,0.0,469840.1
1689595,IT,IE,AIRTR,HOTEL,0.02,14094.948,3,3,14094.948,0.0,0.0,0.0,0.0,704747.4
1796406,IT,WL,WHOLE,PREC1,0.12,14093.785,3,3,14093.785,0.0,0.0,0.0,0.0,117448.208333
1686616,IT,HU,LEAD1,MOTOR,0.02,14093.541,3,3,14093.541,0.0,0.0,0.0,0.0,704677.05
1781796,IT,NO,MOTOR,SEACO,0.02,14093.284,3,3,14093.284,0.0,0.0,0.0,0.0,704664.2
1686492,IT,HU,PREC1,BRICK,0.02,14093.101,3,3,14093.101,0.0,0.0,0.0,0.0,704655.05
1643262,IT,AT,HOTEL,RETAI,0.1,14093.055,3,3,14093.055,0.0,0.0,0.0,0.0,140930.55
1812214,IT,WM,NONME,NONSP,0.03,14092.856,4,4,14092.854,0.0,0.0,0.0,0.002,469761.866667
1664058,IT,EE,CHEM1,FISH5,0.03,14092.687,4,4,14092.685,0.0,0.0,0.0,0.002,469756.233333
1736478,IT,SK,TRAN2,CONST,0.02,14090.997,3,3,14090.997,0.0,0.0,0.0,0.0,704549.85
1763582,IT,MX,CHEM1,ELEC1,0.03,14090.897,4,4,14090.895,0.0,0.0,0.0,0.002,469696.566667
1760357,IT,IN,CHEMI,BRICK,0.03,14090.628,4,4,14089.628,0.0,0.0,1.0,0.0,469687.6
1731202,IT,SI,CHEMI,NONF1,0.03,14090.523,4,4,14089.523,0.0,0.0,1.0,0.0,469684.1
1787353,IT,WA,MEATA,NONF1,0.08,14089.87,4,4,14089.868,0.0,0.0,0.0,0.002,176123.375
1808259,IT,WF,FOOD2,NONFE,0.08,14088.896,3,3,14088.896,0.0,0.0,0.0,0.0,176111.2
1664350,IT,EE,FABRI,FURNI,0.06,14088.726,3,3,14088.726,0.0,0.0,0.0,0.0,234812.1
1644477,IT,BE,VEGE1,RENTI,0.04,14088.638,4,4,14088.635,0.0,0.0,0.0,0.003,352215.95
1723114,IT,PT,CHEM1,RETAI,0.03,14088.398,4,4,14088.396,0.0,0.0,0.0,0.002,469613.266667
1659472,IT,DE,RETA1,CHEMI,0.15,14088.363,3,3,14088.363,0.0,0.0,0.0,0.0,93922.42
1782927,IT,NO,AIRTR,MEAT1,0.02,14088.204,3,3,14088.204,0.0,0.0,0.0,0.0,704410.2
1712433,IT,LV,BASIC,COPP1,0.02,14088.199,3,3,14088.199,0.0,0.0,0.0,0.0,704409.95
1671663,IT,FI,CONST,FURNI,0.08,14087.504,3,3,14087.504,0.0,0.0,0.0,0.0,176093.8
1791529,IT,WA,RETA1,PRINT,0.15,14086.992,3,3,14086.992,0.0,0.0,0.0,0.0,93913.28
1719207,IT,PL,PLAST,MEMBE,0.03,14086.816,3,3,14086.816,0.0,0.0,0.0,0.0,469560.533333
1679210,IT,GR,MOTOR,NAPHT,0.02,14086.359,3,3,14086.359,0.0,0.0,0.0,0.0,704317.95
1653464,IT,CZ,NONME,RESEA,0.03,14086.329,4,4,14086.327,0.0,0.0,0.0,0.002,469544.3
1799002,IT,WE,TEXTI,MEAT4,0.08,14086.156,4,4,14086.154,0.0,0.0,0.0,0.002,176076.95
1641437,IT,AT,GASDI,COPP1,0.02,14085.682,3,3,14085.682,0.0,0.0,0.0,0.0,704284.1
1763834,IT,MX,NONME,POULT,0.03,14085.356,4,4,14085.354,0.0,0.0,0.0,0.002,469511.866667
1731213,IT,SI,CHEMI,HOTEL,0.03,14084.517,4,4,14083.517,0.0,0.0,1.0,0.0,469483.9
1686988,IT,HU,MACHI,PAPE1,0.08,14084.297,3,3,14084.297,0.0,0.0,0.0,0.0,176053.7125
1656847,IT,DE,HEAVY,SANDC,0.02,14083.935,3,3,14083.935,0.0,0.0,0.0,0.0,704196.75
1671458,IT,FI,FABRI,HEALT,0.06,14083.482,3,3,14083.482,0.0,0.0,0.0,0.0,234724.7
1716239,IT,NL,COPP1,WOODW,0.04,14083.333,3,3,14083.333,0.0,0.0,0.0,0.0,352083.325
1770430,IT,AU,SEACO,CHEM1,0.01,14083.292,3,3,14083.292,0.0,0.0,0.0,0.0,1408329.2
1674740,IT,FR,CERAM,PRINT,0.02,14082.738,3,3,14082.738,0.0,0.0,0.0,0.0,704136.9
1727345,IT,RO,POSTT,TRAN2,0.23,14082.409,3,3,14082.409,0.0,0.0,0.0,0.0,61227.865217
1712043,IT,LV,FOOD5,HOTEL,0.07,14082.024,3,3,14082.024,0.0,0.0,0.0,0.0,201171.771429
1789362,IT,WA,CHEM1,KEROS,0.03,14081.882,4,4,14081.88,0.0,0.0,0.0,0.002,469396.066667
1716784,IT,NL,RETA1,CONST,0.15,14081.271,3,3,14081.271,0.0,0.0,0.0,0.0,93875.14
1653706,IT,CZ,COPP1,CROPS,0.04,14080.784,3,3,14080.784,0.0,0.0,0.0,0.0,352019.6
1783666,IT,NO,WASTE,COPP1,0.04,14079.932,3,3,14079.932,0.0,0.0,0.0,0.0,351998.3
1667887,IT,ES,MOTO1,CERAM,0.07,14078.775,3,3,14078.775,0.0,0.0,0.0,0.0,201125.357143
1688136,IT,HU,BUSIN,BIOGA,0.14,14078.425,3,3,14078.425,0.0,0.0,0.0,0.0,100560.178571
1652609,IT,CZ,WOODW,CROPS,0.04,14078.307,3,3,14078.307,0.0,0.0,0.0,0.0,351957.675
1787446,IT,WA,STONE,NFERT,0.05,14078.141,4,4,14077.141,0.0,0.0,1.0,0.0,281562.82
1712222,IT,LV,PAPER,BRICK,0.05,14076.935,3,3,14076.935,0.0,0.0,0.0,0.0,281538.7
1814415,IT,WM,REALE,CONST,0.59,14075.362,3,3,14075.362,0.0,0.0,0.0,0.0,23856.545763
1777763,IT,TR,FABRI,POULT,0.06,14075.009,3,3,14075.009,0.0,0.0,0.0,0.0,234583.483333
1812117,IT,WM,BRICK,MEAT1,0.02,14074.913,3,3,14074.913,0.0,0.0,0.0,0.0,703745.65
1734394,IT,SK,VEGET,VEGE1,0.05,14074.188,3,3,14074.188,0.0,0.0,0.0,0.0,281483.76
1781938,IT,NO,CHEM1,PAPE1,0.03,14074.037,4,4,14074.035,0.0,0.0,0.0,0.002,469134.566667
1681988,IT,HR,FOOD5,COMPU,0.07,14073.72,3,3,14073.72,0.0,0.0,0.0,0.0,201053.142857
1662381,IT,DK,BASIC,AIRTR,0.02,14073.346,3,3,14073.346,0.0,0.0,0.0,0.0,703667.3
1754148,IT,CA,SUPPO,CRUDE,0.1,14072.659,3,3,14072.659,0.0,0.0,0.0,0.0,140726.59
1641024,IT,AT,PULP5,FABRI,0.04,14072.458,3,3,14072.458,0.0,0.0,0.0,0.0,351811.45
1813763,IT,WM,HOTEL,DIST1,0.1,14072.216,3,3,14072.216,0.0,0.0,0.0,0.0,140722.16
1734622,IT,SK,TEXTI,PULP5,0.08,14072.11,4,4,14072.108,0.0,0.0,0.0,0.002,175901.375
1746008,IT,JP,PAPER,GLASS,0.05,14071.808,3,3,14071.808,0.0,0.0,0.0,0.0,281436.16
1665072,IT,ES,MEAT4,HEALT,0.08,14071.721,3,3,14071.721,0.0,0.0,0.0,0.0,175896.5125
1768172,IT,RU,PUBLI,TRANS,0.23,14071.311,3,3,14071.311,0.0,0.0,0.0,0.0,61179.613043
1779414,IT,TR,REALE,CHEM1,0.59,14070.955,3,3,14070.955,0.0,0.0,0.0,0.0,23849.076271
1647796,IT,BE,AUXIL,HEAVY,0.26,14070.659,3,3,14070.659,0.0,0.0,0.0,0.0,54117.919231
1791295,IT,WA,CONST,RETA1,0.08,14070.591,3,3,14070.591,0.0,0.0,0.0,0.0,175882.3875
1811759,IT,WM,ADDIT,RUBBE,0.03,14070.031,3,3,14070.031,0.0,0.0,0.0,0.0,469001.033333
1665048,IT,ES,MEATC,RECRE,0.05,14069.325,3,3,14069.325,0.0,0.0,0.0,0.0,281386.5
1775825,IT,TR,MEATC,MEATC,0.05,14068.517,3,3,14068.517,0.0,0.0,0.0,0.0,281370.34
1669617,IT,ES,RENTI,TRANS,0.08,14068.162,3,3,14068.162,0.0,0.0,0.0,0.0,175852.025
1760873,IT,IN,GASDI,NATUR,0.02,14067.116,3,3,14067.116,0.0,0.0,0.0,0.0,703355.8
1677825,IT,FR,RESEA,WOODW,0.08,14067.112,3,3,14067.112,0.0,0.0,0.0,0.0,175838.9
1778513,IT,TR,RETA1,STONE,0.15,14066.356,3,3,14066.356,0.0,0.0,0.0,0.0,93775.706667
1722666,IT,PT,WEARI,WHOLE,0.11,14065.046,4,4,14065.043,0.0,0.0,0.0,0.003,127864.054545
1682858,IT,HR,LIQUE,WHOLE,0.02,14065.0,3,3,14065.0,0.0,0.0,0.0,0.0,703250.0
1803059,IT,WF,CEREA,CERAM,0.02,14063.623,3,3,14063.623,0.0,0.0,0.0,0.0,703181.15
1750627,IT,CN,OFFIC,RENTI,0.04,14063.194,3,3,14063.194,0.0,0.0,0.0,0.0,351579.85
1715583,IT,NL,LIQUE,DAIRY,0.02,14062.635,3,3,14062.635,0.0,0.0,0.0,0.0,703131.75
1687003,IT,HU,MACHI,WOOD2,0.08,14061.614,3,3,14061.614,0.0,0.0,0.0,0.0,175770.175
1658156,IT,DE,ALUM1,ELEC4,0.02,14061.536,3,3,14061.536,0.0,0.0,0.0,0.0,703076.8
1733008,IT,SI,LEAD1,FURNI,0.02,14059.774,3,3,14059.774,0.0,0.0,0.0,0.0,702988.7
1794744,IT,WL,NONSP,MOTOR,0.02,14059.711,3,3,14059.711,0.0,0.0,0.0,0.0,702985.55
1760787,IT,IN,PRINT,LANDT,0.13,14059.625,3,3,14059.625,0.0,0.0,0.0,0.0,108150.961538
1680910,IT,GR,LANDT,RAILW,0.09,14059.301,3,3,14059.301,0.0,0.0,0.0,0.0,156214.455556
1716075,IT,NL,BASIC,GASDI,0.02,14058.706,3,3,14058.706,0.0,0.0,0.0,0.0,702935.3
1813822,IT,WM,RAILW,AUXIL,0.09,14057.505,3,3,14057.505,0.0,0.0,0.0,0.0,156194.5
1792005,IT,WA,SEACO,MEMBE,0.01,14057.32,3,3,14057.32,0.0,0.0,0.0,0.0,1405732.0
1657188,IT,DE,CHEM1,NATUR,0.03,14056.762,4,4,14056.76,0.0,0.0,0.0,0.002,468558.733333
1716976,IT,NL,LANDT,POULT,0.09,14056.753,3,3,14056.753,0.0,0.0,0.0,0.0,156186.144444
1709571,IT,LT,PAPER,VEGET,0.05,14055.047,3,3,14055.047,0.0,0.0,0.0,0.0,281100.94
1721385,IT,PL,SEACO,NONME,0.01,14054.456,3,3,14054.456,0.0,0.0,0.0,0.0,1405445.6
1741804,IT,US,PLAST,NONME,0.03,14054.194,3,3,14054.194,0.0,0.0,0.0,0.0,468473.133333
1655164,IT,CZ,BUSIN,FURNI,0.14,14054.182,3,3,14054.182,0.0,0.0,0.0,0.0,100387.014286
1671593,IT,FI,TRANS,MACHI,0.08,14053.534,3,3,14053.534,0.0,0.0,0.0,0.0,175669.175
1673474,IT,FR,WEARI,SEWAG,0.11,14053.47,4,4,14053.467,0.0,0.0,0.0,0.003,127758.818182
1718534,IT,PL,WEARI,FOOD5,0.11,14053.36,4,4,14053.357,0.0,0.0,0.0,0.003,127757.818182
1683660,IT,HR,FABRI,DISTR,0.06,14052.334,3,3,14052.334,0.0,0.0,0.0,0.0,234205.566667
1675028,IT,FR,PREC1,TEXT2,0.02,14051.371,3,3,14051.371,0.0,0.0,0.0,0.0,702568.55
1793905,IT,WL,WEARI,ELEC4,0.11,14050.655,4,4,14050.652,0.0,0.0,0.0,0.003,127733.227273
1641944,IT,AT,RUBBE,SANDC,0.05,14050.467,3,3,14050.467,0.0,0.0,0.0,0.0,281009.34
1797853,IT,WL,FOOD2,INSUR,0.08,14049.897,3,3,14049.897,0.0,0.0,0.0,0.0,175623.7125
1798696,IT,WE,DAIRY,TOBAC,0.06,14049.698,3,3,14049.698,0.0,0.0,0.0,0.0,234161.633333
1759183,IT,BR,AIRTR,INERT,0.02,14049.402,3,3,14049.402,0.0,0.0,0.0,0.0,702470.1
1661299,IT,DK,FORES,CONST,0.12,14049.104,4,4,14044.104,0.0,5.0,0.0,0.0,117075.866667
1734558,IT,SK,FOOD5,WHOLE,0.07,14048.949,3,3,14048.949,0.0,0.0,0.0,0.0,200699.271429
1657523,IT,DE,GLASS,ANTHR,0.04,14048.897,3,3,14048.897,0.0,0.0,0.0,0.0,351222.425
1688312,IT,IE,MEAT4,HOTEL,0.08,14048.335,3,3,14048.335,0.0,0.0,0.0,0.0,175604.1875
1778555,IT,TR,RETA1,ELEC6,0.15,14048.15,3,3,14048.15,0.0,0.0,0.0,0.0,93654.333333
1675750,IT,FR,FURNI,BRICK,0.04,14047.854,3,3,14047.854,0.0,0.0,0.0,0.0,351196.35
1763523,IT,MX,CHEM1,CHEMI,0.03,14047.824,4,4,14047.822,0.0,0.0,0.0,0.002,468260.8
1656916,IT,DE,LIQUE,MEATA,0.02,14047.239,3,3,14047.239,0.0,0.0,0.0,0.0,702361.95
1645241,IT,BE,COALT,COPP1,0.02,14046.634,3,3,14046.634,0.0,0.0,0.0,0.0,702331.7
1682564,IT,HR,MOTOR,TRAN2,0.02,14046.451,3,3,14046.451,0.0,0.0,0.0,0.0,702322.55
1648387,IT,BE,RECRE,SALEM,0.18,14046.294,3,3,14046.294,0.0,0.0,0.0,0.0,78034.966667
1799022,IT,WE,TEXTI,LIQUE,0.08,14046.243,4,4,14046.241,0.0,0.0,0.0,0.002,175578.0375
1783712,IT,NO,FOOD4,FOUND,0.1,14046.108,3,3,14046.108,0.0,0.0,0.0,0.0,140461.08
1730933,IT,SE,INTER,CONST,0.08,14045.833,3,3,14045.833,0.0,0.0,0.0,0.0,175572.9125
1790279,IT,WA,ALUM1,FORES,0.02,14045.084,3,3,14045.084,0.0,0.0,0.0,0.0,702254.2
1686480,IT,HU,PREC1,PULP5,0.02,14043.92,3,3,14043.92,0.0,0.0,0.0,0.0,702196.0
1663509,IT,DK,RENTI,FINAN,0.08,14043.243,3,3,14043.243,0.0,0.0,0.0,0.0,175540.5375
1801925,IT,WE,SALEM,CRUDE,0.11,14042.437,3,3,14042.437,0.0,0.0,0.0,0.0,127658.518182
1773585,IT,CH,MOTO1,FOOD2,0.07,14042.315,3,3,14042.315,0.0,0.0,0.0,0.0,200604.5
1797142,IT,WL,POSTT,NONF1,0.23,14041.46,3,3,14041.46,0.0,0.0,0.0,0.0,61049.826087
1782851,IT,NO,LANDT,RETA1,0.09,14041.171,3,3,14041.171,0.0,0.0,0.0,0.0,156013.011111
1727221,IT,RO,SUPPO,WEARI,0.1,14040.972,3,3,14040.972,0.0,0.0,0.0,0.0,140409.72
1683510,IT,HR,ALUM1,DAIRY,0.02,14040.957,3,3,14040.957,0.0,0.0,0.0,0.0,702047.85
1640237,IT,AT,FORES,BUSIN,0.12,14040.873,4,4,14035.873,0.0,5.0,0.0,0.0,117007.275
1653418,IT,CZ,CEMEN,CHEM1,0.02,14040.525,3,3,14040.525,0.0,0.0,0.0,0.0,702026.25
1657044,IT,DE,PARAF,BITU1,0.02,14040.352,3,3,14040.352,0.0,0.0,0.0,0.0,702017.6
1780895,IT,TW,RESEA,NONME,0.08,14039.891,3,3,14039.891,0.0,0.0,0.0,0.0,175498.6375
1781587,IT,NO,WEARI,BASIC,0.11,14038.83,4,4,14038.827,0.0,0.0,0.0,0.003,127625.727273
1640374,IT,AT,MEATP,DIST1,0.06,14038.132,4,4,14038.13,0.0,0.0,0.0,0.002,233968.866667
1665690,IT,ES,PULP5,RESEA,0.04,14037.183,3,3,14037.183,0.0,0.0,0.0,0.0,350929.575
1673262,IT,FR,FISH5,AIRTR,0.06,14036.467,4,4,14036.46,0.0,0.0,0.0,0.007,233941.116667
1642791,IT,AT,MACHI,PLAS1,0.08,14036.374,3,3,14036.374,0.0,0.0,0.0,0.0,175454.675
1684147,IT,HR,LANDT,LEATH,0.09,14035.918,3,3,14035.918,0.0,0.0,0.0,0.0,155954.644444
1659874,IT,DE,LANDT,AUXIL,0.09,14035.83,3,3,14035.83,0.0,0.0,0.0,0.0,155953.666667
1656186,IT,DE,TEXTI,BIOGA,0.08,14035.494,4,4,14035.492,0.0,0.0,0.0,0.002,175443.675
1676796,IT,FR,LANDT,PFERT,0.09,14034.191,3,3,14034.191,0.0,0.0,0.0,0.0,155935.455556
1661162,IT,DE,93197,FOOD5,0.09,14033.723,3,3,14033.723,0.0,0.0,0.0,0.0,155930.255556
1653550,IT,CZ,BASIC,OXYGE,0.02,14033.506,3,3,14033.506,0.0,0.0,0.0,0.0,701675.3
1806735,IT,WF,WHOLE,DISTR,0.12,14033.478,3,3,14033.478,0.0,0.0,0.0,0.0,116945.65
1690385,IT,IE,WASTE,RENTI,0.04,14032.871,3,3,14032.871,0.0,0.0,0.0,0.0,350821.775
1746132,IT,JP,HEAVY,HEAVY,0.02,14032.438,3,3,14032.438,0.0,0.0,0.0,0.0,701621.9
1718565,IT,PL,WEARI,SUPPO,0.11,14032.072,4,4,14032.069,0.0,0.0,0.0,0.003,127564.290909
1750492,IT,CN,MACHI,BIODI,0.08,14031.957,3,3,14031.957,0.0,0.0,0.0,0.0,175399.4625
1781843,IT,NO,PLAST,OFFIC,0.03,14031.515,3,3,14031.515,0.0,0.0,0.0,0.0,467717.166667
1683280,IT,HR,BRICK,COLLE,0.02,14031.462,3,3,14031.462,0.0,0.0,0.0,0.0,701573.1
1640285,IT,AT,SANDC,STONE,0.03,14031.301,4,4,14028.301,0.0,0.0,3.0,0.0,467710.033333
1809965,IT,WM,FISH5,FURNI,0.06,14029.923,4,4,14029.916,0.0,0.0,0.0,0.007,233832.05
1682933,IT,HR,PETRO,CEMEN,0.02,14028.845,3,3,14028.845,0.0,0.0,0.0,0.0,701442.25
1732365,IT,SI,PETRO,FABRI,0.02,14028.628,3,3,14028.628,0.0,0.0,0.0,0.0,701431.4
1744686,IT,US,COMPU,MOTO1,0.16,14028.377,3,3,14028.377,0.0,0.0,0.0,0.0,87677.35625
1713935,IT,MT,CONST,WHOLE,0.08,14026.953,3,3,14026.953,0.0,0.0,0.0,0.0,175336.9125
1814958,IT,WM,PRIVA,DISTR,3.13,14025.707,4,4,14025.705,0.0,0.0,0.0,0.002,4481.05655
1769661,IT,AU,FABRI,TRAN1,0.06,14025.539,3,3,14025.539,0.0,0.0,0.0,0.0,233758.983333
1669680,IT,ES,COMPU,FABRI,0.16,14025.532,3,3,14025.532,0.0,0.0,0.0,0.0,87659.575
1758200,IT,BR,BASIC,NATUR,0.02,14025.435,3,3,14025.435,0.0,0.0,0.0,0.0,701271.75
1779323,IT,TR,INSUR,RUBBE,0.29,14025.422,3,3,14025.422,0.0,0.0,0.0,0.0,48363.524138
1761410,IT,IN,NONME,COLLE,0.03,14024.412,4,4,14024.41,0.0,0.0,0.0,0.002,467480.4
1800621,IT,WE,GLASS,RETA1,0.04,14023.668,3,3,14023.668,0.0,0.0,0.0,0.0,350591.7
1664781,IT,ES,CEREA,PROCE,0.02,14023.254,3,3,14023.254,0.0,0.0,0.0,0.0,701162.7
1728989,IT,SE,ADDIT,TRAN2,0.03,14022.151,3,3,14022.151,0.0,0.0,0.0,0.0,467405.033333
1799558,IT,WE,PRINT,FURNI,0.13,14022.016,3,3,14022.016,0.0,0.0,0.0,0.0,107861.661538
1657722,IT,DE,CEMEN,BRICK,0.02,14021.998,3,3,14021.998,0.0,0.0,0.0,0.0,701099.9
1733279,IT,SI,OFFIC,MACHI,0.04,14021.858,3,3,14021.858,0.0,0.0,0.0,0.0,350546.45
1799569,IT,WE,PRINT,LANDT,0.13,14021.02,3,3,14021.02,0.0,0.0,0.0,0.0,107854.0
1680998,IT,GR,AIRTR,PRINT,0.02,14020.975,3,3,14020.975,0.0,0.0,0.0,0.0,701048.75
1804683,IT,WF,LIQUE,LEATH,0.02,14020.178,3,3,14020.178,0.0,0.0,0.0,0.0,701008.9
1721942,IT,PL,COMPU,BITUM,0.16,14019.969,3,3,14019.969,0.0,0.0,0.0,0.0,87624.80625
1736493,IT,SK,INLAN,GASDI,0.02,14019.354,3,3,14019.354,0.0,0.0,0.0,0.0,700967.7
1781435,IT,NO,FOOD5,RENTI,0.07,14019.016,3,3,14019.016,0.0,0.0,0.0,0.0,200271.657143
1761723,IT,IN,MACHI,PROCE,0.08,14018.669,3,3,14018.669,0.0,0.0,0.0,0.0,175233.3625
1786126,IT,ZA,BASIC,MOTOR,0.02,14018.267,3,3,14018.267,0.0,0.0,0.0,0.0,700913.35
1767532,IT,RU,AIRTR,PLAST,0.02,14018.199,3,3,14018.199,0.0,0.0,0.0,0.0,700909.95
1689303,IT,IE,RETA1,PIGS9,0.15,14018.03,3,3,14018.03,0.0,0.0,0.0,0.0,93453.533333
1727654,IT,RO,RENTI,TRANS,0.08,14017.179,3,3,14017.179,0.0,0.0,0.0,0.0,175214.7375
1689170,IT,IE,SALEM,WASTE,0.11,14016.975,3,3,14016.975,0.0,0.0,0.0,0.0,127427.045455
1672846,IT,FR,VEGE1,ANIMA,0.04,14016.851,4,4,14016.848,0.0,0.0,0.0,0.003,350421.275
1805640,IT,WF,NONME,RUBBE,0.03,14015.042,4,4,14015.04,0.0,0.0,0.0,0.002,467168.066667
1801585,IT,WE,TRANS,NONF1,0.08,14014.181,3,3,14014.181,0.0,0.0,0.0,0.0,175177.2625
1789266,IT,WA,PLAST,WASTE,0.03,14014.107,3,3,14014.107,0.0,0.0,0.0,0.0,467136.9
1753730,IT,CA,FURNI,CATTL,0.04,14014.057,3,3,14014.057,0.0,0.0,0.0,0.0,350351.425
1814199,IT,WM,SUPPO,DIST1,0.1,14014.017,3,3,14014.017,0.0,0.0,0.0,0.0,140140.17
1754704,IT,KR,VEGE1,LIQUI,0.04,14012.971,4,4,14012.968,0.0,0.0,0.0,0.003,350324.275
1720095,IT,PL,LEAD1,RAWMI,0.02,14011.342,3,3,14011.342,0.0,0.0,0.0,0.0,700567.1
1723908,IT,PT,FURNI,SALEM,0.04,14010.894,3,3,14010.894,0.0,0.0,0.0,0.0,350272.35
1809724,IT,WM,SUGA1,PFERT,0.04,14010.867,4,4,14010.865,0.0,0.0,0.0,0.002,350271.675
1774510,IT,CH,LANDT,LANDT,0.09,14009.787,3,3,14009.787,0.0,0.0,0.0,0.0,155664.3
1780725,IT,TW,REALE,SALEM,0.59,14009.487,3,3,14009.487,0.0,0.0,0.0,0.0,23744.89322
1664086,IT,EE,CHEM1,DISTR,0.03,14009.332,4,4,14009.33,0.0,0.0,0.0,0.002,466977.733333
1719912,IT,PL,PREC1,WHITE,0.02,14008.921,3,3,14008.921,0.0,0.0,0.0,0.0,700446.05
1711282,IT,LU,CONST,BUSIN,0.08,14008.739,3,3,14008.739,0.0,0.0,0.0,0.0,175109.2375
1686866,IT,HU,FABRI,SEWAG,0.06,14008.659,3,3,14008.659,0.0,0.0,0.0,0.0,233477.65
1778016,IT,TR,OFFIC,FOOD5,0.04,14008.241,3,3,14008.241,0.0,0.0,0.0,0.0,350206.025
1732621,IT,SI,GLASS,FOUND,0.04,14007.68,3,3,14007.68,0.0,0.0,0.0,0.0,350192.0
1751535,IT,CN,SUPPO,PUBLI,0.1,14007.392,3,3,14007.392,0.0,0.0,0.0,0.0,140073.92
1681237,IT,GR,FINAN,KEROS,0.18,14006.985,3,3,14006.985,0.0,0.0,0.0,0.0,77816.583333
1785193,IT,ZA,FOOD5,RECRE,0.07,14006.952,3,3,14006.952,0.0,0.0,0.0,0.0,200099.314286
1767256,IT,RU,HOTEL,PAPER,0.1,14006.815,3,3,14006.815,0.0,0.0,0.0,0.0,140068.15
1682051,IT,HR,FISH5,BEVER,0.06,14006.647,4,4,14006.64,0.0,0.0,0.0,0.007,233444.116667
1667991,IT,ES,TRANS,POSTT,0.08,14006.557,3,3,14006.557,0.0,0.0,0.0,0.0,175081.9625
1786194,IT,ZA,ALUM1,FISH5,0.02,14006.494,3,3,14006.494,0.0,0.0,0.0,0.0,700324.7
1736885,IT,SK,BUSIN,DIST1,0.14,14006.268,3,3,14006.268,0.0,0.0,0.0,0.0,100044.771429
1798950,IT,WE,FISH5,RESEA,0.06,14005.963,4,4,14005.956,0.0,0.0,0.0,0.007,233432.716667
1772394,IT,CH,CHEM1,NUCLE,0.03,14005.916,4,4,14005.914,0.0,0.0,0.0,0.002,466863.866667
1754361,IT,CA,INSUR,POSTT,0.29,14005.851,3,3,14005.851,0.0,0.0,0.0,0.0,48296.037931
1730182,IT,SE,LANDT,COPP1,0.09,14005.829,3,3,14005.829,0.0,0.0,0.0,0.0,155620.322222
1746368,IT,JP,RUBBE,HEAVY,0.05,14005.112,3,3,14005.112,0.0,0.0,0.0,0.0,280102.24
1738284,IT,GB,NONME,REALE,0.03,14003.373,4,4,14003.371,0.0,0.0,0.0,0.002,466779.1
1784736,IT,ID,WHOLE,RUBBE,0.12,14003.236,3,3,14003.236,0.0,0.0,0.0,0.0,116693.633333
1728005,IT,SE,SANDC,RADIO,0.03,14002.892,4,4,13999.892,0.0,0.0,3.0,0.0,466763.066667
1770995,IT,CH,OILSE,RAWMI,0.01,14002.832,3,3,14002.832,0.0,0.0,0.0,0.0,1400283.2
1721346,IT,PL,TRAN2,CONST,0.02,14002.71,3,3,14002.71,0.0,0.0,0.0,0.0,700135.5
1740325,IT,GB,PUBLI,COLLE,0.23,14002.532,3,3,14002.532,0.0,0.0,0.0,0.0,60880.573913
1715589,IT,NL,LIQUE,RUBBE,0.02,14002.519,3,3,14002.519,0.0,0.0,0.0,0.0,700125.95
1724401,IT,PT,INLAN,BUSIN,0.02,14002.215,3,3,14002.215,0.0,0.0,0.0,0.0,700110.75
1674279,IT,FR,NONSP,GASDI,0.02,14001.389,3,3,14001.389,0.0,0.0,0.0,0.0,700069.45
1749803,IT,CN,RUBBE,MEATA,0.05,14000.517,3,3,14000.517,0.0,0.0,0.0,0.0,280010.34
1646852,IT,BE,RETAI,INSUR,0.11,14000.175,3,3,14000.175,0.0,0.0,0.0,0.0,127274.318182
1802179,IT,WE,HOTEL,FABRI,0.1,13999.739,3,3,13999.739,0.0,0.0,0.0,0.0,139997.39
1730440,IT,SE,POSTT,ELEC4,0.23,13998.81,3,3,13998.81,0.0,0.0,0.0,0.0,60864.391304
1793949,IT,WL,LEATH,SALEM,0.1,13997.628,4,4,13997.626,0.0,0.0,0.0,0.002,139976.28
1731381,IT,SI,FOOD5,FORES,0.07,13997.289,3,3,13997.289,0.0,0.0,0.0,0.0,199961.271429
1682807,IT,HR,HEAVY,RADIO,0.02,13996.89,3,3,13996.89,0.0,0.0,0.0,0.0,699844.5
1744052,IT,US,AIRTR,FOODW,0.02,13996.811,3,3,13996.811,0.0,0.0,0.0,0.0,699840.55
1663817,IT,EE,FISH5,CONST,0.06,13996.595,4,4,13996.588,0.0,0.0,0.0,0.007,233276.583333
1744468,IT,US,AUXIL,RESEA,0.26,13996.556,3,3,13996.556,0.0,0.0,0.0,0.0,53832.907692
1764430,IT,MX,FURNI,TEXTI,0.04,13996.402,3,3,13996.402,0.0,0.0,0.0,0.0,349910.05
1778038,IT,TR,OFFIC,ELECT,0.04,13996.341,3,3,13996.341,0.0,0.0,0.0,0.0,349908.525
1719586,IT,PL,CERAM,STONE,0.02,13996.17,3,3,13996.17,0.0,0.0,0.0,0.0,699808.5
1771042,IT,CH,FORES,WHOLE,0.12,13995.707,4,4,13990.707,0.0,5.0,0.0,0.0,116630.891667
1794319,IT,WL,MOTOR,ELECT,0.02,13995.153,3,3,13995.153,0.0,0.0,0.0,0.0,699757.65
1776463,IT,TR,MOTOR,LUBRI,0.02,13995.132,3,3,13995.132,0.0,0.0,0.0,0.0,699756.6
1658200,IT,DE,LEAD1,HEAVY,0.02,13994.578,3,3,13994.578,0.0,0.0,0.0,0.0,699728.9
1742997,IT,US,OFFIC,DAIRY,0.04,13994.377,3,3,13994.377,0.0,0.0,0.0,0.0,349859.425
1650786,IT,BG,RAILW,SUPPO,0.09,13993.969,3,3,13993.969,0.0,0.0,0.0,0.0,155488.544444
1809063,IT,WM,OILSE,HOTEL,0.01,13993.427,3,3,13993.427,0.0,0.0,0.0,0.0,1399342.7
1667644,IT,ES,MACHI,WHITE,0.08,13993.395,3,3,13993.395,0.0,0.0,0.0,0.0,174917.4375
1679425,IT,GR,CHEM1,SUGAR,0.03,13992.145,4,4,13992.143,0.0,0.0,0.0,0.002,466404.833333
1803592,IT,WF,FOOD5,VEGET,0.07,13991.792,3,3,13991.792,0.0,0.0,0.0,0.0,199882.742857
1679257,IT,GR,GASDI,LUBRI,0.02,13991.374,3,3,13991.374,0.0,0.0,0.0,0.0,699568.7
1719891,IT,PL,PREC1,PRECI,0.02,13991.203,3,3,13991.203,0.0,0.0,0.0,0.0,699560.15
1747940,IT,JP,RESEA,MOTOR,0.08,13991.184,3,3,13991.184,0.0,0.0,0.0,0.0,174889.8
1640360,IT,AT,MEATC,SUPPO,0.05,13990.786,3,3,13990.786,0.0,0.0,0.0,0.0,279815.72
1776853,IT,TR,BITU1,RETAI,0.02,13990.51,3,3,13990.51,0.0,0.0,0.0,0.0,699525.5
1762022,IT,IN,WHOLE,FURNI,0.12,13989.652,3,3,13989.652,0.0,0.0,0.0,0.0,116580.433333
1778046,IT,TR,OFFIC,RETAI,0.04,13989.642,3,3,13989.642,0.0,0.0,0.0,0.0,349741.05
1714767,IT,NL,DAIRY,93197,0.06,13988.748,3,3,13988.748,0.0,0.0,0.0,0.0,233145.8
1681914,IT,HR,DAIRY,HEALT,0.06,13988.5,3,3,13988.5,0.0,0.0,0.0,0.0,233141.666667
1654181,IT,CZ,MOTO1,ELEC3,0.07,13988.472,3,3,13988.472,0.0,0.0,0.0,0.0,199835.314286
1798886,IT,WE,BEVER,TRANS,0.06,13987.803,3,3,13987.803,0.0,0.0,0.0,0.0,233130.05
1799362,IT,WE,PULP5,POULT,0.04,13987.425,3,3,13987.425,0.0,0.0,0.0,0.0,349685.625
1788560,IT,WA,PAPER,BIODI,0.05,13987.15,3,3,13987.15,0.0,0.0,0.0,0.0,279743.0
1735397,IT,SK,BASIC,RAWMI,0.02,13987.023,3,3,13987.023,0.0,0.0,0.0,0.0,699351.15
1678830,IT,GR,BEVER,TRANS,0.06,13986.864,3,3,13986.864,0.0,0.0,0.0,0.0,233114.4
1774273,IT,CH,RETA1,WASTE,0.15,13986.201,3,3,13986.201,0.0,0.0,0.0,0.0,93241.34
1730263,IT,SE,SEACO,RUBBE,0.01,13985.574,3,3,13985.574,0.0,0.0,0.0,0.0,1398557.4
1772237,IT,CH,HEAVY,PLAST,0.02,13985.008,3,3,13985.008,0.0,0.0,0.0,0.0,699250.4
1651437,IT,CY,GASDI,FISH5,0.02,13984.903,3,3,13984.903,0.0,0.0,0.0,0.0,699245.15
1649507,IT,BG,RUBBE,CHEMI,0.05,13984.726,3,3,13984.726,0.0,0.0,0.0,0.0,279694.52
1673167,IT,FR,BEVER,NONME,0.06,13984.229,3,3,13984.229,0.0,0.0,0.0,0.0,233070.483333
1684315,IT,HR,SUPPO,FOOD5,0.1,13983.204,3,3,13983.204,0.0,0.0,0.0,0.0,139832.04
1752984,IT,CA,CHEM1,BEVER,0.03,13983.178,4,4,13983.176,0.0,0.0,0.0,0.002,466105.933333
1684675,IT,HU,WHEAT,FOOD5,0.01,13983.083,3,3,13983.083,0.0,0.0,0.0,0.0,1398308.3
1755655,IT,KR,RUBBE,ADDIT,0.05,13983.044,3,3,13983.044,0.0,0.0,0.0,0.0,279660.88
1778477,IT,TR,WHOLE,BUSIN,0.12,13982.987,3,3,13982.987,0.0,0.0,0.0,0.0,116524.891667
1783702,IT,NO,FOOD4,PLAST,0.1,13982.507,3,3,13982.507,0.0,0.0,0.0,0.0,139825.07
1689750,IT,IE,FINAN,POSTT,0.18,13982.46,3,3,13982.46,0.0,0.0,0.0,0.0,77680.333333
1669757,IT,ES,BUSIN,MOTOR,0.14,13982.427,3,3,13982.427,0.0,0.0,0.0,0.0,99874.478571
1788990,IT,WA,HEAVY,SUPPO,0.02,13981.889,3,3,13981.889,0.0,0.0,0.0,0.0,699094.45
1688081,IT,HU,COMPU,EDUCA,0.16,13981.732,3,3,13981.732,0.0,0.0,0.0,0.0,87385.825
1764192,IT,MX,MACHI,STONE,0.08,13981.712,3,3,13981.712,0.0,0.0,0.0,0.0,174771.4
1715103,IT,NL,WEARI,REALE,0.11,13981.247,4,4,13981.244,0.0,0.0,0.0,0.003,127102.245455
1741974,IT,US,CHEM1,OILHA,0.03,13980.76,4,4,13980.758,0.0,0.0,0.0,0.002,466025.333333
1802407,IT,WE,AIRTR,FOOD5,0.02,13980.667,3,3,13980.667,0.0,0.0,0.0,0.0,699033.35
1730105,IT,SE,RETA1,RESEA,0.15,13980.287,3,3,13980.287,0.0,0.0,0.0,0.0,93201.913333
1688923,IT,IE,FABRI,FOOD5,0.06,13979.503,3,3,13979.503,0.0,0.0,0.0,0.0,232991.716667
1671299,IT,FI,ALUM1,FISH5,0.02,13978.996,3,3,13978.996,0.0,0.0,0.0,0.0,698949.8
1672136,IT,FI,POSTT,PUBLI,0.23,13978.87,3,3,13978.87,0.0,0.0,0.0,0.0,60777.695652
1788862,IT,WA,GASDI,CHEM1,0.02,13978.631,3,3,13978.631,0.0,0.0,0.0,0.0,698931.55
1788295,IT,WA,LEATH,COPP1,0.1,13978.504,4,4,13978.502,0.0,0.0,0.0,0.002,139785.04
1643076,IT,AT,WHOLE,MEATP,0.12,13978.416,3,3,13978.416,0.0,0.0,0.0,0.0,116486.8
1680865,IT,GR,LANDT,WOODW,0.09,13977.356,3,3,13977.356,0.0,0.0,0.0,0.0,155303.955556
1711819,IT,LU,HEALT,RENTI,0.07,13977.191,3,3,13977.191,0.0,0.0,0.0,0.0,199674.157143
1643833,IT,AT,FINAN,RENTI,0.18,13977.164,3,3,13977.164,0.0,0.0,0.0,0.0,77650.911111
1716827,IT,NL,HOTEL,MEATC,0.1,13976.904,3,3,13976.904,0.0,0.0,0.0,0.0,139769.04
1794326,IT,WL,MOTOR,ELEC3,0.02,13975.673,3,3,13975.673,0.0,0.0,0.0,0.0,698783.65
1731799,IT,SI,PAPER,ELECT,0.05,13975.647,3,3,13975.647,0.0,0.0,0.0,0.0,279512.94
1689270,IT,IE,WHOLE,ELEC7,0.12,13975.551,3,3,13975.551,0.0,0.0,0.0,0.0,116462.925
1799393,IT,WE,PULP5,RESEA,0.04,13975.396,3,3,13975.396,0.0,0.0,0.0,0.0,349384.9
1774433,IT,CH,RAILW,POSTT,0.09,13974.222,3,3,13974.222,0.0,0.0,0.0,0.0,155269.133333
1728297,IT,SE,BEVER,DISTR,0.06,13974.155,3,3,13974.155,0.0,0.0,0.0,0.0,232902.583333
1727906,IT,SE,CEREA,RECRE,0.02,13973.51,3,3,13973.51,0.0,0.0,0.0,0.0,698675.5
1687190,IT,HU,CONST,NATUR,0.08,13972.927,3,3,13972.927,0.0,0.0,0.0,0.0,174661.5875
1791971,IT,WA,SEACO,ELECT,0.01,13972.805,3,3,13972.805,0.0,0.0,0.0,0.0,1397280.5
1659605,IT,DE,HOTEL,CERAM,0.1,13972.134,3,3,13972.134,0.0,0.0,0.0,0.0,139721.34
1714297,IT,MT,PUBLI,WHOLE,0.23,13972.104,3,3,13972.104,0.0,0.0,0.0,0.0,60748.278261
1810458,IT,WM,PULP5,INLAN,0.04,13972.081,3,3,13972.081,0.0,0.0,0.0,0.0,349302.025
1733211,IT,SI,MACHI,BRICK,0.08,13971.673,3,3,13971.673,0.0,0.0,0.0,0.0,174645.9125
1687281,IT,HU,WHOLE,POSTT,0.12,13971.63,3,3,13971.63,0.0,0.0,0.0,0.0,116430.25
1727999,IT,SE,SANDC,PLAST,0.03,13971.304,4,4,13968.304,0.0,0.0,3.0,0.0,465710.133333
1655771,IT,DE,MEAT1,BEVER,0.07,13971.124,4,4,13971.122,0.0,0.0,0.0,0.002,199587.485714
1813134,IT,WM,MOTO1,KERO1,0.07,13970.98,3,3,13970.98,0.0,0.0,0.0,0.0,199585.428571
1662406,IT,DK,PREC1,FISH5,0.02,13970.711,3,3,13970.711,0.0,0.0,0.0,0.0,698535.55
1763604,IT,MX,CHEM1,COMPU,0.03,13970.577,4,4,13970.575,0.0,0.0,0.0,0.002,465685.9
1742814,IT,US,FABRI,FOODW,0.06,13970.058,3,3,13970.058,0.0,0.0,0.0,0.0,232834.3
1743995,IT,US,AIRTR,NFERT,0.02,13970.008,3,3,13970.008,0.0,0.0,0.0,0.0,698500.4
1653029,IT,CZ,PLAST,PREC1,0.03,13969.966,3,3,13969.966,0.0,0.0,0.0,0.0,465665.533333
1748291,IT,JP,MEMBE,REALE,0.16,13969.617,3,3,13969.617,0.0,0.0,0.0,0.0,87310.10625
1716058,IT,NL,BASIC,CROPS,0.02,13969.143,3,3,13969.143,0.0,0.0,0.0,0.0,698457.15
1813254,IT,WM,TRANS,NAPHT,0.08,13968.977,3,3,13968.977,0.0,0.0,0.0,0.0,174612.2125
1712273,IT,LV,PLAST,CONST,0.03,13968.331,3,3,13968.331,0.0,0.0,0.0,0.0,465611.033333
1746122,IT,JP,KEROS,HEAVY,0.02,13968.108,3,3,13968.108,0.0,0.0,0.0,0.0,698405.4
1722890,IT,PT,PRINT,EDUCA,0.13,13967.112,3,3,13967.112,0.0,0.0,0.0,0.0,107439.323077
1773124,IT,CH,COPP1,MEDIC,0.04,13966.386,3,3,13966.386,0.0,0.0,0.0,0.0,349159.65
1812666,IT,WM,COPP1,CERAM,0.04,13966.229,3,3,13966.229,0.0,0.0,0.0,0.0,349155.725
1682800,IT,HR,HEAVY,BASIC,0.02,13965.761,3,3,13965.761,0.0,0.0,0.0,0.0,698288.05
1739837,IT,GB,FINAN,PAPER,0.18,13964.904,3,3,13964.904,0.0,0.0,0.0,0.0,77582.8
1763066,IT,MX,TEXTI,MEDIC,0.08,13964.667,4,4,13964.665,0.0,0.0,0.0,0.002,174558.3375
1673006,IT,FR,SUGA1,SUGA1,0.03,13964.074,4,4,13964.072,0.0,0.0,0.0,0.002,465469.133333
1738102,IT,GB,RUBBE,SEWAG,0.05,13963.894,3,3,13963.894,0.0,0.0,0.0,0.0,279277.88
1741538,IT,US,KERO1,REALE,0.02,13963.528,3,3,13963.528,0.0,0.0,0.0,0.0,698176.4
1752498,IT,CA,FOOD5,MEATC,0.07,13962.758,3,3,13962.758,0.0,0.0,0.0,0.0,199467.971429
1683202,IT,HR,GLASS,LANDT,0.04,13962.553,3,3,13962.553,0.0,0.0,0.0,0.0,349063.825
1810413,IT,WM,PULP5,BEVER,0.04,13962.444,3,3,13962.444,0.0,0.0,0.0,0.0,349061.1
1783407,IT,NO,INTER,CEMEN,0.08,13962.181,3,3,13962.181,0.0,0.0,0.0,0.0,174527.2625
1674009,IT,FR,KEROS,FOOD3,0.02,13961.095,3,3,13961.095,0.0,0.0,0.0,0.0,698054.75
1652455,IT,CZ,WEARI,CROPS,0.11,13960.576,4,4,13960.573,0.0,0.0,0.0,0.003,126914.327273
1684921,IT,HU,CHEMI,MACHI,0.03,13960.433,4,4,13959.433,0.0,0.0,1.0,0.0,465347.766667
1792082,IT,WA,AIRTR,MACHI,0.02,13960.29,3,3,13960.29,0.0,0.0,0.0,0.0,698014.5
1718104,IT,PL,VEGE1,CROPS,0.04,13960.28,4,4,13960.277,0.0,0.0,0.0,0.003,349007.0
1668682,IT,ES,LANDT,MEATA,0.09,13959.94,3,3,13959.94,0.0,0.0,0.0,0.0,155110.444444
1798160,IT,WE,WHEAT,LEATH,0.01,13959.15,3,3,13959.15,0.0,0.0,0.0,0.0,1395915.0
1710999,IT,LU,CERAM,LANDT,0.02,13958.733,3,3,13958.733,0.0,0.0,0.0,0.0,697936.65
1683485,IT,HR,PREC1,TRAN1,0.02,13958.374,3,3,13958.374,0.0,0.0,0.0,0.0,697918.7
1688532,IT,IE,PAPER,CHEM1,0.05,13958.271,3,3,13958.271,0.0,0.0,0.0,0.0,279165.42
1778757,IT,TR,LANDT,PRECI,0.09,13958.129,3,3,13958.129,0.0,0.0,0.0,0.0,155090.322222
1728802,IT,SE,NAPHT,ELECT,0.02,13957.795,3,3,13957.795,0.0,0.0,0.0,0.0,697889.75
1736378,IT,SK,LANDT,SANDC,0.09,13957.206,3,3,13957.206,0.0,0.0,0.0,0.0,155080.066667
1731362,IT,SI,PROCE,MEAT4,0.09,13956.404,3,3,13956.404,0.0,0.0,0.0,0.0,155071.155556
1754726,IT,KR,DAIRY,NONFE,0.06,13956.393,3,3,13956.393,0.0,0.0,0.0,0.0,232606.55
1801539,IT,WE,TRANS,CEREA,0.08,13956.063,3,3,13956.063,0.0,0.0,0.0,0.0,174450.7875
1749087,IT,CN,WOODW,MEATP,0.04,13955.904,3,3,13955.904,0.0,0.0,0.0,0.0,348897.6
1741718,IT,US,NAPHT,VEGE1,0.02,13955.748,3,3,13955.748,0.0,0.0,0.0,0.0,697787.4
1771206,IT,CH,MEAT4,93197,0.08,13955.167,3,3,13955.167,0.0,0.0,0.0,0.0,174439.5875
1666968,IT,ES,CERAM,POSTT,0.02,13954.794,3,3,13954.794,0.0,0.0,0.0,0.0,697739.7
1681327,IT,GR,INSUR,BASIC,0.29,13954.772,3,3,13954.772,0.0,0.0,0.0,0.0,48119.903448
1659889,IT,DE,LANDT,OILHA,0.09,13954.681,3,3,13954.681,0.0,0.0,0.0,0.0,155052.011111
1751964,IT,CN,RESEA,FISHF,0.08,13954.494,3,3,13954.494,0.0,0.0,0.0,0.0,174431.175
1768930,IT,AU,PAPER,MEATA,0.05,13954.186,3,3,13954.186,0.0,0.0,0.0,0.0,279083.72
1725334,IT,RO,FISH5,HEAVY,0.06,13954.118,4,4,13954.111,0.0,0.0,0.0,0.007,232568.633333
1767552,IT,RU,AIRTR,DISTR,0.02,13953.774,3,3,13953.774,0.0,0.0,0.0,0.0,697688.7
1757481,IT,BR,PAPER,RETAI,0.05,13953.564,3,3,13953.564,0.0,0.0,0.0,0.0,279071.28
1677779,IT,FR,COMPU,MOTO1,0.16,13953.463,3,3,13953.463,0.0,0.0,0.0,0.0,87209.14375
1662334,IT,DK,BASIC,MEAT4,0.02,13952.598,3,3,13952.598,0.0,0.0,0.0,0.0,697629.9
1659807,IT,DE,LANDT,PARAF,0.09,13952.494,3,3,13952.494,0.0,0.0,0.0,0.0,155027.711111
1713924,IT,MT,ELE11,COLLE,0.2,13952.246,4,4,13952.239,0.0,0.0,0.0,0.007,69761.23
1812652,IT,WM,COPP1,KERO1,0.04,13951.059,3,3,13951.059,0.0,0.0,0.0,0.0,348776.475
1667425,IT,ES,COPP1,SEACO,0.04,13951.045,3,3,13951.045,0.0,0.0,0.0,0.0,348776.125
1807293,IT,WF,POSTT,PRINT,0.23,13950.322,3,3,13950.322,0.0,0.0,0.0,0.0,60653.573913
1740015,IT,GB,REALE,BUSIN,0.59,13950.102,3,3,13950.102,0.0,0.0,0.0,0.0,23644.240678
1800452,IT,WE,BIODI,PUBLI,0.03,13949.496,4,4,13949.494,0.0,0.0,0.0,0.002,464983.2
1783480,IT,NO,WOOD1,WHOLE,0.09,13949.093,3,3,13949.093,0.0,0.0,0.0,0.0,154989.922222
1758076,IT,BR,GLASS,MEAT1,0.04,13949.004,3,3,13949.004,0.0,0.0,0.0,0.0,348725.1
1682130,IT,HR,TEXTI,COPP1,0.08,13948.934,4,4,13948.932,0.0,0.0,0.0,0.002,174361.675
1803352,IT,WF,SANDC,CONST,0.03,13948.838,4,4,13945.838,0.0,0.0,3.0,0.0,464961.266667
1767526,IT,RU,AIRTR,LEATH,0.02,13948.035,3,3,13948.035,0.0,0.0,0.0,0.0,697401.75
1785147,IT,ZA,PROCE,FOOD5,0.09,13947.857,3,3,13947.857,0.0,0.0,0.0,0.0,154976.188889
1730237,IT,SE,TRAN2,RETAI,0.02,13947.691,3,3,13947.691,0.0,0.0,0.0,0.0,697384.55
1788132,IT,WA,WEARI,PAPER,0.11,13946.687,4,4,13946.684,0.0,0.0,0.0,0.003,126788.063636
1760992,IT,IN,PARAF,COKEO,0.02,13946.505,3,3,13946.505,0.0,0.0,0.0,0.0,697325.25
1733734,IT,SI,LANDT,RAWMI,0.09,13945.909,3,3,13945.909,0.0,0.0,0.0,0.0,154954.544444
1659178,IT,DE,CONST,MOTO1,0.08,13945.808,3,3,13945.808,0.0,0.0,0.0,0.0,174322.6
1673683,IT,FR,PAPER,ANIMA,0.05,13944.942,3,3,13944.942,0.0,0.0,0.0,0.0,278898.84
1735391,IT,SK,BASIC,OILSE,0.02,13944.914,3,3,13944.914,0.0,0.0,0.0,0.0,697245.7
1799730,IT,WE,KEROS,MEAT4,0.02,13944.848,3,3,13944.848,0.0,0.0,0.0,0.0,697242.4
1641343,IT,AT,KEROS,RUBBE,0.02,13943.994,3,3,13943.994,0.0,0.0,0.0,0.0,697199.7
1665281,IT,ES,BEVER,MACHI,0.06,13943.504,3,3,13943.504,0.0,0.0,0.0,0.0,232391.733333
1717633,IT,NL,BUSIN,VEGE1,0.14,13942.821,3,3,13942.821,0.0,0.0,0.0,0.0,99591.578571
1679721,IT,GR,NONME,ELEC5,0.03,13942.688,4,4,13942.686,0.0,0.0,0.0,0.002,464756.266667
1660818,IT,DE,COMPU,COPP1,0.16,13941.012,3,3,13941.012,0.0,0.0,0.0,0.0,87131.325
1736051,IT,SK,FURNI,FABRI,0.04,13940.546,3,3,13940.546,0.0,0.0,0.0,0.0,348513.65
1685426,IT,HU,WOODW,VEGE1,0.04,13940.54,3,3,13940.54,0.0,0.0,0.0,0.0,348513.5
1662683,IT,DK,MACHI,STEAM,0.08,13938.648,3,3,13938.648,0.0,0.0,0.0,0.0,174233.1
1768861,IT,AU,LEATH,RESEA,0.1,13937.845,4,4,13937.843,0.0,0.0,0.0,0.002,139378.45
1786102,IT,ZA,NONME,COLLE,0.03,13937.024,4,4,13937.022,0.0,0.0,0.0,0.002,464567.466667
1771660,IT,CH,WEARI,ELECT,0.11,13936.27,4,4,13936.267,0.0,0.0,0.0,0.003,126693.363636
1750563,IT,CN,OFFIC,FISHF,0.04,13935.753,3,3,13935.753,0.0,0.0,0.0,0.0,348393.825
1648811,IT,BG,FISH5,BEVER,0.06,13934.198,4,4,13934.191,0.0,0.0,0.0,0.007,232236.633333
1688697,IT,IE,CHEM1,LEAD1,0.03,13934.192,4,4,13934.19,0.0,0.0,0.0,0.002,464473.066667
1664466,IT,EE,OFFIC,COPP1,0.04,13933.993,3,3,13933.993,0.0,0.0,0.0,0.0,348349.825
1666739,IT,ES,RUBBE,LIQUE,0.05,13933.292,3,3,13933.292,0.0,0.0,0.0,0.0,278665.84
1795778,IT,WL,MACHI,BITU1,0.08,13933.059,3,3,13933.059,0.0,0.0,0.0,0.0,174163.2375
1677375,IT,FR,INSUR,WOODW,0.29,13932.909,3,3,13932.909,0.0,0.0,0.0,0.0,48044.513793
1768343,IT,AU,MEATP,PUBLI,0.06,13931.664,4,4,13931.662,0.0,0.0,0.0,0.002,232194.4
1717355,IT,NL,FINAN,WHOLE,0.18,13931.54,3,3,13931.54,0.0,0.0,0.0,0.0,77397.444444
1642242,IT,AT,NONME,PAPER,0.03,13931.381,4,4,13931.379,0.0,0.0,0.0,0.002,464379.366667
1756647,IT,KR,LANDT,FABRI,0.09,13931.322,3,3,13931.322,0.0,0.0,0.0,0.0,154792.466667
1788512,IT,WA,PAPER,ANIMA,0.05,13931.272,3,3,13931.272,0.0,0.0,0.0,0.0,278625.44
1651197,IT,BG,BUSIN,ELEC3,0.14,13930.695,3,3,13930.695,0.0,0.0,0.0,0.0,99504.964286
1741292,IT,US,PAPER,CERAM,0.05,13930.428,3,3,13930.428,0.0,0.0,0.0,0.0,278608.56
1794729,IT,WL,BITU1,HEAVY,0.02,13930.301,3,3,13930.301,0.0,0.0,0.0,0.0,696515.05
1709504,IT,LT,LEATH,CATTL,0.1,13929.69,4,4,13929.688,0.0,0.0,0.0,0.002,139296.9
1768935,IT,AU,PAPER,MEATC,0.05,13929.533,3,3,13929.533,0.0,0.0,0.0,0.0,278590.66
1682477,IT,HR,PRINT,DAIRY,0.13,13929.444,3,3,13929.444,0.0,0.0,0.0,0.0,107149.569231
1680814,IT,GR,RAILW,PLAST,0.09,13929.23,3,3,13929.23,0.0,0.0,0.0,0.0,154769.222222
1791266,IT,WA,CONST,MEATC,0.08,13929.127,3,3,13929.127,0.0,0.0,0.0,0.0,174114.0875
1801028,IT,WE,LEAD1,GASWO,0.02,13929.087,3,3,13929.087,0.0,0.0,0.0,0.0,696454.35
1724878,IT,PT,BUSIN,NONME,0.14,13929.033,3,3,13929.033,0.0,0.0,0.0,0.0,99493.092857
1641424,IT,AT,GASDI,PAPER,0.02,13928.695,3,3,13928.695,0.0,0.0,0.0,0.0,696434.75
1670926,IT,FI,CHEM1,AVIAT,0.03,13928.397,4,4,13928.395,0.0,0.0,0.0,0.002,464279.9
1808931,IT,WM,CEREA,NFERT,0.02,13928.36,3,3,13928.36,0.0,0.0,0.0,0.0,696418.0
1776004,IT,TR,TEXTI,STONE,0.08,13927.961,4,4,13927.959,0.0,0.0,0.0,0.002,174099.5125
1655116,IT,CZ,BUSIN,FORES,0.14,13927.955,3,3,13927.955,0.0,0.0,0.0,0.0,99485.392857
1800102,IT,WE,NAPHT,REFIN,0.02,13927.844,3,3,13927.844,0.0,0.0,0.0,0.0,696392.2
1728906,IT,SE,CHEM1,PFERT,0.03,13925.48,4,4,13925.478,0.0,0.0,0.0,0.002,464182.666667
1812462,IT,WM,PREC1,ELEC1,0.02,13924.448,3,3,13924.448,0.0,0.0,0.0,0.0,696222.4
1742115,IT,US,RUBBE,DISTR,0.05,13924.194,3,3,13924.194,0.0,0.0,0.0,0.0,278483.88
1722626,IT,PT,TEXTI,PREC1,0.08,13923.941,4,4,13923.939,0.0,0.0,0.0,0.002,174049.2625
1715614,IT,NL,LIQUE,PUBLI,0.02,13923.745,3,3,13923.745,0.0,0.0,0.0,0.0,696187.25
1741279,IT,US,PAPER,MOTOR,0.05,13923.652,3,3,13923.652,0.0,0.0,0.0,0.0,278473.04
1788728,IT,WA,MOTOR,NONME,0.02,13923.642,3,3,13923.642,0.0,0.0,0.0,0.0,696182.1
1778652,IT,TR,HOTEL,TRANS,0.1,13921.022,3,3,13921.022,0.0,0.0,0.0,0.0,139210.22
1654398,IT,CZ,WHOLE,BEVER,0.12,13920.175,3,3,13920.175,0.0,0.0,0.0,0.0,116001.458333
1688695,IT,IE,CHEM1,BASIC,0.03,13919.967,4,4,13919.965,0.0,0.0,0.0,0.002,463998.9
1732025,IT,SI,KEROS,MEDIC,0.02,13919.843,3,3,13919.843,0.0,0.0,0.0,0.0,695992.15
1783096,IT,NO,INSUR,RENTI,0.29,13919.425,3,3,13919.425,0.0,0.0,0.0,0.0,47998.017241
1727424,IT,RO,FINAN,SUPPO,0.18,13919.255,3,3,13919.255,0.0,0.0,0.0,0.0,77329.194444
1717259,IT,NL,POSTT,OFFIC,0.23,13919.123,3,3,13919.123,0.0,0.0,0.0,0.0,60517.926087
1800697,IT,WE,CEMEN,FORES,0.02,13918.823,3,3,13918.823,0.0,0.0,0.0,0.0,695941.15
1776204,IT,TR,WOODW,PRINT,0.04,13918.031,3,3,13918.031,0.0,0.0,0.0,0.0,347950.775
1784797,IT,ID,HOTEL,BASIC,0.1,13917.428,3,3,13917.428,0.0,0.0,0.0,0.0,139174.28
1773172,IT,CH,FABRI,PIGS9,0.06,13916.916,3,3,13916.916,0.0,0.0,0.0,0.0,231948.6
1725365,IT,RO,TEXTI,MEATC,0.08,13916.518,4,4,13916.516,0.0,0.0,0.0,0.002,173956.475
1804672,IT,WF,LIQUE,COPPE,0.02,13916.313,3,3,13916.313,0.0,0.0,0.0,0.0,695815.65
1660716,IT,DE,RENTI,MOTO1,0.08,13915.865,3,3,13915.865,0.0,0.0,0.0,0.0,173948.3125
1775385,IT,CH,PUBLI,MACHI,0.23,13915.297,3,3,13915.297,0.0,0.0,0.0,0.0,60501.291304
1796495,IT,WL,RETA1,GASDI,0.15,13914.966,3,3,13914.966,0.0,0.0,0.0,0.0,92766.44
1749792,IT,CN,ADDIT,STEAM,0.03,13914.863,3,3,13914.863,0.0,0.0,0.0,0.0,463828.766667
1773362,IT,CH,MACHI,HOTEL,0.08,13914.461,3,3,13914.461,0.0,0.0,0.0,0.0,173930.7625
1710016,IT,LT,ALUM1,BUSIN,0.02,13912.228,3,3,13912.228,0.0,0.0,0.0,0.0,695611.4
1769916,IT,AU,MOTO1,OFFIC,0.07,13911.954,3,3,13911.954,0.0,0.0,0.0,0.0,198742.2
1734390,IT,SK,VEGET,MEATC,0.05,13911.849,3,3,13911.849,0.0,0.0,0.0,0.0,278236.98
1770460,IT,AU,AIRTR,FORES,0.02,13911.807,3,3,13911.807,0.0,0.0,0.0,0.0,695590.35
1654884,IT,CZ,POSTT,REALE,0.23,13911.162,3,3,13911.162,0.0,0.0,0.0,0.0,60483.313043
1660195,IT,DE,SUPPO,TRAN2,0.1,13911.061,3,3,13911.061,0.0,0.0,0.0,0.0,139110.61
1751193,IT,CN,HOTEL,HEAVY,0.1,13911.052,3,3,13911.052,0.0,0.0,0.0,0.0,139110.52
1806041,IT,WF,COPP1,RAILW,0.04,13909.852,3,3,13909.852,0.0,0.0,0.0,0.0,347746.3
1645445,IT,BE,NAPHT,STONE,0.02,13909.79,3,3,13909.79,0.0,0.0,0.0,0.0,695489.5
1761623,IT,IN,FABRI,MEAT4,0.06,13908.569,3,3,13908.569,0.0,0.0,0.0,0.0,231809.483333
1733576,IT,SI,RETA1,SEACO,0.15,13907.998,3,3,13907.998,0.0,0.0,0.0,0.0,92719.986667
1715056,IT,NL,TEXTI,RENTI,0.08,13906.817,4,4,13906.815,0.0,0.0,0.0,0.002,173835.2125
1786649,IT,ZA,WHOLE,PRINT,0.12,13906.256,3,3,13906.256,0.0,0.0,0.0,0.0,115885.466667
1720557,IT,PL,OFFIC,TRANS,0.04,13906.154,3,3,13906.154,0.0,0.0,0.0,0.0,347653.85
1683802,IT,HR,OFFIC,ELEC4,0.04,13905.787,3,3,13905.787,0.0,0.0,0.0,0.0,347644.675
1777531,IT,TR,BASIC,TRAN2,0.02,13905.437,3,3,13905.437,0.0,0.0,0.0,0.0,695271.85
1645400,IT,BE,HEAVY,COMPU,0.02,13904.661,3,3,13904.661,0.0,0.0,0.0,0.0,695233.05
1731988,IT,SI,KEROS,FISHF,0.02,13902.745,3,3,13902.745,0.0,0.0,0.0,0.0,695137.25
1649524,IT,BG,RUBBE,PRINT,0.05,13902.454,3,3,13902.454,0.0,0.0,0.0,0.0,278049.08
1661792,IT,DK,WOODW,CHEMI,0.04,13902.02,3,3,13902.02,0.0,0.0,0.0,0.0,347550.5
1795537,IT,WL,ALUM1,SALEM,0.02,13901.818,3,3,13901.818,0.0,0.0,0.0,0.0,695090.9
1659701,IT,DE,RAILW,ADDIT,0.09,13901.294,3,3,13901.294,0.0,0.0,0.0,0.0,154458.822222
1664472,IT,EE,OFFIC,WHOLE,0.04,13901.012,3,3,13901.012,0.0,0.0,0.0,0.0,347525.3
1688793,IT,IE,GLASS,LEADZ,0.04,13900.996,3,3,13900.996,0.0,0.0,0.0,0.0,347524.9
1681765,IT,HR,SANDC,RETA1,0.03,13899.974,4,4,13896.974,0.0,0.0,3.0,0.0,463332.466667
1710960,IT,LU,RUBBE,COMPU,0.05,13898.911,3,3,13898.911,0.0,0.0,0.0,0.0,277978.22
1779543,IT,TR,COMPU,CHEMI,0.16,13897.739,3,3,13897.739,0.0,0.0,0.0,0.0,86860.86875
1670320,IT,FI,CHEMI,RESEA,0.03,13896.051,4,4,13895.051,0.0,0.0,1.0,0.0,463201.7
1770289,IT,AU,HOTEL,ELEC5,0.1,13895.967,3,3,13895.967,0.0,0.0,0.0,0.0,138959.67
1782860,IT,NO,LANDT,HEALT,0.09,13895.087,3,3,13895.087,0.0,0.0,0.0,0.0,154389.855556
1792378,IT,WA,FINAN,93197,0.18,13895.051,3,3,13895.051,0.0,0.0,0.0,0.0,77194.727778
1662313,IT,DK,NONME,RESEA,0.03,13892.829,4,4,13892.827,0.0,0.0,0.0,0.002,463094.3
1776766,IT,TR,LIQUE,SUPPO,0.02,13892.228,3,3,13892.228,0.0,0.0,0.0,0.0,694611.4
1688718,IT,IE,CHEM1,HOTEL,0.03,13892.096,4,4,13892.094,0.0,0.0,0.0,0.002,463069.866667
1679821,IT,GR,ALUM1,LEATH,0.02,13891.914,3,3,13891.914,0.0,0.0,0.0,0.0,694595.7
1642048,IT,AT,GLASS,RAWMI,0.04,13891.574,3,3,13891.574,0.0,0.0,0.0,0.0,347289.35
1680749,IT,GR,RETA1,CONST,0.15,13891.453,3,3,13891.453,0.0,0.0,0.0,0.0,92609.686667
1683180,IT,HR,GLASS,BRICK,0.04,13890.56,3,3,13890.56,0.0,0.0,0.0,0.0,347264.0
1723564,IT,PT,FABRI,MEAT1,0.06,13890.282,3,3,13890.282,0.0,0.0,0.0,0.0,231504.7
1649128,IT,BG,PAPER,RAILW,0.05,13889.654,3,3,13889.654,0.0,0.0,0.0,0.0,277793.08
1647239,IT,BE,LANDT,NONME,0.09,13889.41,3,3,13889.41,0.0,0.0,0.0,0.0,154326.777778
1790001,IT,WA,NONME,BITU1,0.03,13888.93,4,4,13888.928,0.0,0.0,0.0,0.002,462964.333333
1774067,IT,CH,WHOLE,FORES,0.12,13888.801,3,3,13888.801,0.0,0.0,0.0,0.0,115740.008333
1778621,IT,TR,HOTEL,LEATH,0.1,13888.612,3,3,13888.612,0.0,0.0,0.0,0.0,138886.12
1767262,IT,RU,HOTEL,HEAVY,0.1,13888.361,3,3,13888.361,0.0,0.0,0.0,0.0,138883.61
1675489,IT,FR,OFFIC,NONME,0.04,13885.955,3,3,13885.955,0.0,0.0,0.0,0.0,347148.875
1790669,IT,WA,FABRI,LEAD1,0.06,13885.626,3,3,13885.626,0.0,0.0,0.0,0.0,231427.1
1677953,IT,FR,BUSIN,FOOD3,0.14,13885.445,3,3,13885.445,0.0,0.0,0.0,0.0,99181.75
1677465,IT,FR,AUXIL,POULT,0.25,13884.944,3,3,13884.944,0.0,0.0,0.0,0.0,55539.776
1656779,IT,DE,KERO1,KEROS,0.02,13884.706,3,3,13884.706,0.0,0.0,0.0,0.0,694235.3
1802354,IT,WE,SEACO,WEARI,0.01,13884.357,3,3,13884.357,0.0,0.0,0.0,0.0,1388435.7
1807682,IT,WF,BUSIN,FOOD5,0.14,13884.318,3,3,13884.318,0.0,0.0,0.0,0.0,99173.7
1753073,IT,CA,RUBBE,RAWMI,0.05,13884.131,3,3,13884.131,0.0,0.0,0.0,0.0,277682.62
1813490,IT,WM,SALEM,AUXIL,0.11,13883.361,3,3,13883.361,0.0,0.0,0.0,0.0,126212.372727
1661362,IT,DK,MEATC,RECRE,0.05,13882.925,3,3,13882.925,0.0,0.0,0.0,0.0,277658.5
1790053,IT,WA,BASIC,SUGAR,0.02,13882.913,3,3,13882.913,0.0,0.0,0.0,0.0,694145.65
1731309,IT,SI,VEGE1,CONST,0.04,13881.694,4,4,13881.691,0.0,0.0,0.0,0.003,347042.35
1686287,IT,HU,BRICK,FOOD3,0.02,13880.951,3,3,13880.951,0.0,0.0,0.0,0.0,694047.55
1659511,IT,DE,RETA1,ELEC4,0.14,13880.841,3,3,13880.841,0.0,0.0,0.0,0.0,99148.864286
1811712,IT,WM,ADDIT,MEATA,0.03,13880.446,3,3,13880.446,0.0,0.0,0.0,0.0,462681.533333
1782305,IT,NO,COPP1,RETA1,0.04,13880.418,3,3,13880.418,0.0,0.0,0.0,0.0,347010.45
1663563,IT,DK,COMPU,COMPU,0.16,13880.319,3,3,13880.319,0.0,0.0,0.0,0.0,86751.99375
1758079,IT,BR,GLASS,FOOD5,0.04,13880.246,3,3,13880.246,0.0,0.0,0.0,0.0,347006.15
1640716,IT,AT,TEXTI,PIGS9,0.08,13880.163,4,4,13880.161,0.0,0.0,0.0,0.002,173502.0375
1747667,IT,JP,POSTT,OFFIC,0.23,13879.867,3,3,13879.867,0.0,0.0,0.0,0.0,60347.247826
1673466,IT,FR,WEARI,FOODW,0.1,13879.801,4,4,13879.798,0.0,0.0,0.0,0.003,138798.01
1686284,IT,HU,CERAM,93197,0.02,13879.066,3,3,13879.066,0.0,0.0,0.0,0.0,693953.3
1657693,IT,DE,CERAM,WOOD1,0.02,13878.929,3,3,13878.929,0.0,0.0,0.0,0.0,693946.45
1669141,IT,ES,POSTT,WOODW,0.23,13878.452,3,3,13878.452,0.0,0.0,0.0,0.0,60341.095652
1684781,IT,HU,CATTL,FOOD5,0.03,13878.235,3,3,13878.235,0.0,0.0,0.0,0.0,462607.833333
1800822,IT,WE,BASIC,CHARC,0.02,13878.101,3,3,13878.101,0.0,0.0,0.0,0.0,693905.05
1722560,IT,PT,BEVER,RENTI,0.06,13876.694,3,3,13876.694,0.0,0.0,0.0,0.0,231278.233333
1765058,IT,MX,INSUR,RETA1,0.29,13876.537,3,3,13876.537,0.0,0.0,0.0,0.0,47850.127586
1671491,IT,FI,MACHI,CHEM1,0.08,13876.285,3,3,13876.285,0.0,0.0,0.0,0.0,173453.5625
1686341,IT,HU,NONME,ELEC3,0.03,13875.888,4,4,13875.886,0.0,0.0,0.0,0.002,462529.6
1664455,IT,EE,MACHI,EDUCA,0.08,13875.794,3,3,13875.794,0.0,0.0,0.0,0.0,173447.425
1752231,IT,CA,VEGET,DAIRY,0.05,13875.376,3,3,13875.376,0.0,0.0,0.0,0.0,277507.52
1781460,IT,NO,BEVER,CHEM1,0.06,13875.098,3,3,13875.098,0.0,0.0,0.0,0.0,231251.633333
1782227,IT,NO,BASIC,COMPU,0.02,13874.32,3,3,13874.32,0.0,0.0,0.0,0.0,693716.0
1728570,IT,SE,PAPER,BASIC,0.05,13874.258,3,3,13874.258,0.0,0.0,0.0,0.0,277485.16
1757970,IT,BR,RUBBE,CATTL,0.05,13874.214,3,3,13874.214,0.0,0.0,0.0,0.0,277484.28
1681330,IT,GR,INSUR,FABRI,0.29,13873.767,3,3,13873.767,0.0,0.0,0.0,0.0,47840.575862
1672343,IT,FI,BUSIN,PEAT2,0.14,13873.143,3,3,13873.143,0.0,0.0,0.0,0.0,99093.878571
1719190,IT,PL,PLAST,POSTT,0.03,13872.088,3,3,13872.088,0.0,0.0,0.0,0.0,462402.933333
1814466,IT,WM,COMPU,SUPPO,0.16,13871.693,3,3,13871.693,0.0,0.0,0.0,0.0,86698.08125
1641873,IT,AT,BIODI,NONFE,0.03,13871.404,4,4,13871.402,0.0,0.0,0.0,0.002,462380.133333
1668476,IT,ES,HOTEL,ANIMA,0.1,13870.256,3,3,13870.256,0.0,0.0,0.0,0.0,138702.56
1670972,IT,FI,CHEM1,RETAI,0.03,13869.239,4,4,13869.237,0.0,0.0,0.0,0.002,462307.966667
1803372,IT,WF,CHEMI,CHEMI,0.03,13868.018,4,4,13867.018,0.0,0.0,1.0,0.0,462267.266667
1767826,IT,RU,AUXIL,BEVER,0.25,13867.96,3,3,13867.96,0.0,0.0,0.0,0.0,55471.84
1656785,IT,DE,GASDI,OILSE,0.02,13867.629,3,3,13867.629,0.0,0.0,0.0,0.0,693381.45
1646725,IT,BE,CONST,FISH5,0.08,13867.604,3,3,13867.604,0.0,0.0,0.0,0.0,173345.05
1655333,IT,DE,VEGET,DISTR,0.05,13867.03,3,3,13867.03,0.0,0.0,0.0,0.0,277340.6
1658059,IT,DE,PREC1,BLAST,0.02,13866.42,3,3,13866.42,0.0,0.0,0.0,0.0,693321.0
1772179,IT,CH,GASDI,TEXTI,0.02,13865.763,3,3,13865.763,0.0,0.0,0.0,0.0,693288.15
1804493,IT,WF,GASDI,PLAST,0.02,13865.135,3,3,13865.135,0.0,0.0,0.0,0.0,693256.75
1791381,IT,WA,SALEM,93197,0.11,13864.758,3,3,13864.758,0.0,0.0,0.0,0.0,126043.254545
1651301,IT,CY,TEXTI,WEARI,0.08,13864.312,4,4,13864.31,0.0,0.0,0.0,0.002,173303.9
1765148,IT,MX,BUSIN,PAPER,0.14,13863.02,3,3,13863.02,0.0,0.0,0.0,0.0,99021.571429
1759246,IT,BR,POSTT,PULP5,0.23,13862.625,3,3,13862.625,0.0,0.0,0.0,0.0,60272.282609
1755909,IT,KR,BASIC,ALUM1,0.02,13861.472,3,3,13861.472,0.0,0.0,0.0,0.0,693073.6
1753118,IT,CA,RUBBE,BASIC,0.05,13860.539,3,3,13860.539,0.0,0.0,0.0,0.0,277210.78
1752183,IT,CN,PUBLI,CHEM1,0.23,13859.835,3,3,13859.835,0.0,0.0,0.0,0.0,60260.152174
1645331,IT,BE,GASDI,CHEM1,0.02,13859.619,3,3,13859.619,0.0,0.0,0.0,0.0,692980.95
1672332,IT,FI,RESEA,WHOLE,0.08,13859.539,3,3,13859.539,0.0,0.0,0.0,0.0,173244.2375
1723509,IT,PT,COPP1,GLASS,0.04,13859.101,3,3,13859.101,0.0,0.0,0.0,0.0,346477.525
1780712,IT,TW,REALE,NONME,0.59,13858.827,3,3,13858.827,0.0,0.0,0.0,0.0,23489.537288
1737251,IT,GB,FOOD5,PROCE,0.07,13857.959,3,3,13857.959,0.0,0.0,0.0,0.0,197970.842857
1753176,IT,CA,GLASS,ETHAN,0.04,13857.747,3,3,13857.747,0.0,0.0,0.0,0.0,346443.675
1647353,IT,BE,SEACO,ALUM1,0.01,13857.584,3,3,13857.584,0.0,0.0,0.0,0.0,1385758.4
1662470,IT,DK,ALUM1,MEDIC,0.02,13857.296,3,3,13857.296,0.0,0.0,0.0,0.0,692864.8
1729277,IT,SE,CEMEN,REALE,0.02,13856.33,3,3,13856.33,0.0,0.0,0.0,0.0,692816.5
1730715,IT,SE,COMPU,RENTI,0.16,13855.019,3,3,13855.019,0.0,0.0,0.0,0.0,86593.86875
1661944,IT,DK,KEROS,BEVER,0.02,13854.209,3,3,13854.209,0.0,0.0,0.0,0.0,692710.45
1755254,IT,KR,PAPER,LEATH,0.05,13853.56,3,3,13853.56,0.0,0.0,0.0,0.0,277071.2
1781868,IT,NO,CHEM1,NATU1,0.03,13853.483,4,4,13853.481,0.0,0.0,0.0,0.002,461782.766667
1735095,IT,SK,CHEM1,RADIO,0.03,13853.464,4,4,13853.462,0.0,0.0,0.0,0.002,461782.133333
1801137,IT,WE,FABRI,PLANT,0.06,13853.406,3,3,13853.406,0.0,0.0,0.0,0.0,230890.1
1791930,IT,WA,SEACO,NATU1,0.01,13853.258,3,3,13853.258,0.0,0.0,0.0,0.0,1385325.8
1811798,IT,WM,ADDIT,POSTT,0.03,13853.217,3,3,13853.217,0.0,0.0,0.0,0.0,461773.9
1746534,IT,JP,NONME,FOUND,0.03,13852.984,4,4,13852.982,0.0,0.0,0.0,0.002,461766.133333
1734990,IT,SK,NONSP,MOTO1,0.02,13852.885,3,3,13852.885,0.0,0.0,0.0,0.0,692644.25
1653840,IT,CZ,FABRI,SUGA1,0.06,13852.205,3,3,13852.205,0.0,0.0,0.0,0.0,230870.083333
1718756,IT,PL,PULP5,MEMBE,0.04,13851.56,3,3,13851.56,0.0,0.0,0.0,0.0,346289.0
1764508,IT,MX,CONST,CONST,0.08,13851.21,3,3,13851.21,0.0,0.0,0.0,0.0,173140.125
1722876,IT,PT,PRINT,WHOLE,0.13,13850.748,3,3,13850.748,0.0,0.0,0.0,0.0,106544.215385
1680171,IT,GR,MOTO1,WHOLE,0.07,13849.745,3,3,13849.745,0.0,0.0,0.0,0.0,197853.5
1779796,IT,TR,BUSIN,RENTI,0.14,13848.882,3,3,13848.882,0.0,0.0,0.0,0.0,98920.585714
1786190,IT,ZA,ALUM1,PRECI,0.02,13848.374,3,3,13848.374,0.0,0.0,0.0,0.0,692418.7
1788596,IT,WA,PAPER,RENTI,0.05,13848.267,3,3,13848.267,0.0,0.0,0.0,0.0,276965.34
1751055,IT,CN,WHOLE,REALE,0.12,13848.074,3,3,13848.074,0.0,0.0,0.0,0.0,115400.616667
1745404,IT,JP,DAIRY,CROPS,0.06,13848.026,3,3,13848.026,0.0,0.0,0.0,0.0,230800.433333
1757920,IT,BR,CHEM1,AIRTR,0.03,13847.963,4,4,13847.961,0.0,0.0,0.0,0.002,461598.766667
1753713,IT,CA,TRANS,CONST,0.08,13847.714,3,3,13847.714,0.0,0.0,0.0,0.0,173096.425
1677535,IT,FR,AUXIL,OILHA,0.25,13847.535,3,3,13847.535,0.0,0.0,0.0,0.0,55390.14
1786427,IT,ZA,OFFIC,FISH5,0.04,13847.497,3,3,13847.497,0.0,0.0,0.0,0.0,346187.425
1647080,IT,BE,HOTEL,PULP5,0.1,13846.512,3,3,13846.512,0.0,0.0,0.0,0.0,138465.12
1729347,IT,SE,BASIC,OILSE,0.02,13846.215,3,3,13846.215,0.0,0.0,0.0,0.0,692310.75
1760829,IT,IN,MOTOR,BITU1,0.02,13846.053,3,3,13846.053,0.0,0.0,0.0,0.0,692302.65
1803809,IT,WF,TEXTI,HEAVY,0.08,13845.738,4,4,13845.736,0.0,0.0,0.0,0.002,173071.725
1745243,IT,JP,SANDC,RECRE,0.03,13845.132,4,4,13842.132,0.0,0.0,3.0,0.0,461504.4
1763413,IT,MX,GASDI,CONST,0.02,13844.902,3,3,13844.902,0.0,0.0,0.0,0.0,692245.1
1725862,IT,RO,GASDI,SUPPO,0.02,13844.816,3,3,13844.816,0.0,0.0,0.0,0.0,692240.8
1654206,IT,CZ,MOTO1,HEALT,0.07,13844.682,3,3,13844.682,0.0,0.0,0.0,0.0,197781.171429
1677948,IT,FR,BUSIN,WOOD1,0.14,13844.546,3,3,13844.546,0.0,0.0,0.0,0.0,98889.614286
1715597,IT,NL,LIQUE,MOTO1,0.02,13844.54,3,3,13844.54,0.0,0.0,0.0,0.0,692227.0
1672366,IT,FI,BUSIN,KEROS,0.14,13843.873,3,3,13843.873,0.0,0.0,0.0,0.0,98884.807143
1686359,IT,HU,NONME,FOOD4,0.03,13843.79,4,4,13843.788,0.0,0.0,0.0,0.002,461459.666667
1798078,IT,WL,RECRE,INSUR,0.18,13842.672,3,3,13842.672,0.0,0.0,0.0,0.0,76903.733333
1755369,IT,KR,MOTOR,KEROS,0.02,13842.169,3,3,13842.169,0.0,0.0,0.0,0.0,692108.45
1661176,IT,DE,93197,MOTO1,0.09,13840.508,3,3,13840.508,0.0,0.0,0.0,0.0,153783.422222
1662914,IT,DK,RETA1,TEXTI,0.14,13840.431,3,3,13840.431,0.0,0.0,0.0,0.0,98860.221429
1725786,IT,RO,PRINT,HOTEL,0.13,13840.38,3,3,13840.38,0.0,0.0,0.0,0.0,106464.461538
1745441,IT,JP,DAIRY,AIRTR,0.06,13839.866,3,3,13839.866,0.0,0.0,0.0,0.0,230664.433333
1682272,IT,HR,LEATH,FABRI,0.1,13839.837,4,4,13839.835,0.0,0.0,0.0,0.002,138398.37
1813112,IT,WM,MOTO1,SANDC,0.07,13839.469,3,3,13839.469,0.0,0.0,0.0,0.0,197706.7
1803324,IT,WF,STONE,RUBBE,0.04,13838.682,4,4,13837.682,0.0,0.0,1.0,0.0,345967.05
1728534,IT,SE,PULP5,WOODW,0.04,13838.259,3,3,13838.259,0.0,0.0,0.0,0.0,345956.475
1679158,IT,GR,PAPER,RENTI,0.05,13836.766,3,3,13836.766,0.0,0.0,0.0,0.0,276735.32
1786670,IT,ZA,WHOLE,TRANS,0.12,13836.742,3,3,13836.742,0.0,0.0,0.0,0.0,115306.183333
1747694,IT,JP,POSTT,SUPPO,0.23,13836.489,3,3,13836.489,0.0,0.0,0.0,0.0,60158.647826
1780615,IT,TW,INSUR,MOTO1,0.29,13836.414,3,3,13836.414,0.0,0.0,0.0,0.0,47711.772414
1793927,IT,WL,LEATH,TEXTI,0.1,13836.395,4,4,13836.393,0.0,0.0,0.0,0.002,138363.95
1719082,IT,PL,PARAF,REALE,0.02,13836.326,3,3,13836.326,0.0,0.0,0.0,0.0,691816.3
1731684,IT,SI,WOODW,ELEC1,0.04,13836.243,3,3,13836.243,0.0,0.0,0.0,0.0,345906.075
1726245,IT,RO,NONME,RECRE,0.03,13835.461,4,4,13835.459,0.0,0.0,0.0,0.002,461182.033333
1709715,IT,LT,CHEM1,KEROS,0.03,13835.37,4,4,13835.368,0.0,0.0,0.0,0.002,461179.0
1752614,IT,CA,TEXTI,LEATH,0.08,13835.22,4,4,13835.218,0.0,0.0,0.0,0.002,172940.25
1791526,IT,WA,RETA1,WOODW,0.14,13834.679,3,3,13834.679,0.0,0.0,0.0,0.0,98819.135714
1728505,IT,SE,WOODW,OFFIC,0.04,13834.64,3,3,13834.64,0.0,0.0,0.0,0.0,345866.0
1797585,IT,WL,HEALT,MEATA,0.07,13834.171,3,3,13834.171,0.0,0.0,0.0,0.0,197631.014286
1807590,IT,WF,COMPU,AUXIL,0.16,13833.193,3,3,13833.193,0.0,0.0,0.0,0.0,86457.45625
1651938,IT,CY,BUSIN,CHEM1,0.14,13831.935,3,3,13831.935,0.0,0.0,0.0,0.0,98799.535714
1790888,IT,WA,OFFIC,PRECI,0.04,13831.561,3,3,13831.561,0.0,0.0,0.0,0.0,345789.025
1642471,IT,AT,ALUM1,EDUCA,0.02,13830.62,3,3,13830.62,0.0,0.0,0.0,0.0,691531.0
1648289,IT,BE,PUBLI,CHEM1,0.23,13830.431,3,3,13830.431,0.0,0.0,0.0,0.0,60132.308696
1759043,IT,BR,SEACO,BEVER,0.01,13830.244,3,3,13830.244,0.0,0.0,0.0,0.0,1383024.4
1709557,IT,LT,WOODW,WHOLE,0.04,13829.457,3,3,13829.457,0.0,0.0,0.0,0.0,345736.425
1762223,IT,IN,SEACO,AUXIL,0.01,13828.549,3,3,13828.549,0.0,0.0,0.0,0.0,1382854.9
1758393,IT,BR,FABRI,CHEM1,0.06,13828.444,3,3,13828.444,0.0,0.0,0.0,0.0,230474.066667
1745529,IT,JP,BEVER,CROPS,0.06,13828.322,3,3,13828.322,0.0,0.0,0.0,0.0,230472.033333
1787988,IT,WA,TEXTI,STONE,0.08,13827.725,4,4,13827.723,0.0,0.0,0.0,0.002,172846.5625
1743831,IT,US,LANDT,SEWAG,0.09,13826.957,3,3,13826.957,0.0,0.0,0.0,0.0,153632.855556
1742279,IT,US,BRICK,OFFIC,0.02,13826.463,3,3,13826.463,0.0,0.0,0.0,0.0,691323.15
1710909,IT,LU,LIQUE,SALEM,0.02,13826.33,3,3,13826.33,0.0,0.0,0.0,0.0,691316.5
1653297,IT,CZ,RUBBE,PAPE4,0.05,13825.359,3,3,13825.359,0.0,0.0,0.0,0.0,276507.18
1679365,IT,GR,PLAST,BRICK,0.03,13825.319,3,3,13825.319,0.0,0.0,0.0,0.0,460843.966667
1722307,IT,PT,VEGET,CROPS,0.05,13825.011,3,3,13825.011,0.0,0.0,0.0,0.0,276500.22
1737447,IT,GB,LEATH,WOODW,0.1,13824.546,4,4,13824.544,0.0,0.0,0.0,0.002,138245.46
1766879,IT,RU,OFFIC,CHEM1,0.04,13824.199,3,3,13824.199,0.0,0.0,0.0,0.0,345604.975
1656658,IT,DE,PRINT,FOOD3,0.13,13824.035,3,3,13824.035,0.0,0.0,0.0,0.0,106338.730769
1763299,IT,MX,PAPER,BASIC,0.05,13823.894,3,3,13823.894,0.0,0.0,0.0,0.0,276477.88
1648043,IT,BE,COMPU,ELEC2,0.16,13821.877,3,3,13821.877,0.0,0.0,0.0,0.0,86386.73125
1735838,IT,SK,MACHI,FINAN,0.08,13821.388,3,3,13821.388,0.0,0.0,0.0,0.0,172767.35
1771921,IT,CH,PAPER,PULP5,0.05,13821.26,3,3,13821.26,0.0,0.0,0.0,0.0,276425.2
1686780,IT,HU,FABRI,SANDC,0.06,13821.22,3,3,13821.22,0.0,0.0,0.0,0.0,230353.666667
1647005,IT,BE,RETA1,NONME,0.14,13820.803,3,3,13820.803,0.0,0.0,0.0,0.0,98720.021429
1730523,IT,SE,INSUR,SUPPO,0.28,13820.11,3,3,13820.11,0.0,0.0,0.0,0.0,49357.535714
1654702,IT,CZ,LANDT,TRAN2,0.09,13819.499,3,3,13819.499,0.0,0.0,0.0,0.0,153549.988889
1758139,IT,BR,CEMEN,REALE,0.02,13819.308,3,3,13819.308,0.0,0.0,0.0,0.0,690965.4
1757074,IT,KR,BUSIN,RETAI,0.14,13818.669,3,3,13818.669,0.0,0.0,0.0,0.0,98704.778571
1807041,IT,WF,TRAN2,CONST,0.02,13817.913,3,3,13817.913,0.0,0.0,0.0,0.0,690895.65
1814726,IT,WM,OILHA,PFERT,0.08,13817.533,3,3,13817.533,0.0,0.0,0.0,0.0,172719.1625
1797522,IT,WL,BUSIN,FABRI,0.14,13817.423,3,3,13817.423,0.0,0.0,0.0,0.0,98695.878571
1743084,IT,US,MOTO1,CHEMI,0.07,13817.145,3,3,13817.145,0.0,0.0,0.0,0.0,197387.785714
1647471,IT,BE,SUPPO,STONE,0.1,13816.707,3,3,13816.707,0.0,0.0,0.0,0.0,138167.07
1757626,IT,BR,GASDI,EDUCA,0.02,13816.498,3,3,13816.498,0.0,0.0,0.0,0.0,690824.9
1685975,IT,HU,BIOGA,RECRE,0.03,13816.129,3,3,13816.129,0.0,0.0,0.0,0.0,460537.633333
1715870,IT,NL,RUBBE,TRAN2,0.05,13815.406,3,3,13815.406,0.0,0.0,0.0,0.0,276308.12
1682900,IT,HR,NAPHT,BASIC,0.02,13815.292,3,3,13815.292,0.0,0.0,0.0,0.0,690764.6
1805994,IT,WF,COPP1,MOTOR,0.03,13815.089,3,3,13815.089,0.0,0.0,0.0,0.0,460502.966667
1761200,IT,IN,ADDIT,RUBBE,0.03,13813.732,3,3,13813.732,0.0,0.0,0.0,0.0,460457.733333
1661998,IT,DK,PLAST,VEGE1,0.03,13813.567,3,3,13813.567,0.0,0.0,0.0,0.0,460452.233333
1788865,IT,WA,GASDI,GLASS,0.02,13813.424,3,3,13813.424,0.0,0.0,0.0,0.0,690671.2
1642707,IT,AT,MACHI,MEATP,0.08,13813.39,3,3,13813.39,0.0,0.0,0.0,0.0,172667.375
1803056,IT,WF,CEREA,CHEM1,0.02,13813.279,3,3,13813.279,0.0,0.0,0.0,0.0,690663.95
1789050,IT,WA,NAPHT,ELEC1,0.02,13812.585,3,3,13812.585,0.0,0.0,0.0,0.0,690629.25
1647466,IT,BE,SUPPO,CEREA,0.1,13812.315,3,3,13812.315,0.0,0.0,0.0,0.0,138123.15
1716155,IT,NL,PREC1,PAPE1,0.02,13812.261,3,3,13812.261,0.0,0.0,0.0,0.0,690613.05
1812600,IT,WM,LEAD1,FURNI,0.02,13812.127,3,3,13812.127,0.0,0.0,0.0,0.0,690606.35
1813454,IT,WM,CONST,AUXIL,0.08,13812.114,3,3,13812.114,0.0,0.0,0.0,0.0,172651.425
1716829,IT,NL,HOTEL,MEAT1,0.1,13811.891,3,3,13811.891,0.0,0.0,0.0,0.0,138118.91
1783901,IT,NO,WOOD2,INERT,0.07,13811.766,3,3,13811.766,0.0,0.0,0.0,0.0,197310.942857
1791425,IT,WA,WHOLE,WEARI,0.12,13811.701,3,3,13811.701,0.0,0.0,0.0,0.0,115097.508333
1782450,IT,NO,MACHI,NONME,0.08,13811.288,3,3,13811.288,0.0,0.0,0.0,0.0,172641.1
1777299,IT,TR,GLASS,COPPE,0.04,13811.273,3,3,13811.273,0.0,0.0,0.0,0.0,345281.825
1746363,IT,JP,RUBBE,COKEO,0.05,13810.975,3,3,13810.975,0.0,0.0,0.0,0.0,276219.5
1745557,IT,JP,BEVER,RAILW,0.06,13810.34,3,3,13810.34,0.0,0.0,0.0,0.0,230172.333333
1682603,IT,HR,KEROS,MEAT1,0.02,13809.832,3,3,13809.832,0.0,0.0,0.0,0.0,690491.6
1755896,IT,KR,BASIC,WOODW,0.02,13809.392,3,3,13809.392,0.0,0.0,0.0,0.0,690469.6
1791410,IT,WA,WHOLE,CRUDE,0.12,13809.035,3,3,13809.035,0.0,0.0,0.0,0.0,115075.291667
1759963,IT,BR,PLAS1,REALE,0.05,13808.88,3,3,13808.88,0.0,0.0,0.0,0.0,276177.6
1653216,IT,CZ,RUBBE,VEGE1,0.05,13808.141,3,3,13808.141,0.0,0.0,0.0,0.0,276162.82
1750525,IT,CN,MACHI,COKE1,0.08,13807.867,3,3,13807.867,0.0,0.0,0.0,0.0,172598.3375
1732613,IT,SI,GLASS,BRICK,0.04,13807.601,3,3,13807.601,0.0,0.0,0.0,0.0,345190.025
1669429,IT,ES,INSUR,RETAI,0.28,13806.479,3,3,13806.479,0.0,0.0,0.0,0.0,49308.853571
1720465,IT,PL,MACHI,ELEC7,0.08,13806.076,3,3,13806.076,0.0,0.0,0.0,0.0,172575.95
1690048,IT,IE,RENTI,MEATP,0.08,13805.975,3,3,13805.975,0.0,0.0,0.0,0.0,172574.6875
1710882,IT,LU,MOTOR,CEMEN,0.02,13803.388,3,3,13803.388,0.0,0.0,0.0,0.0,690169.4
1787488,IT,WA,CHEMI,OILSE,0.03,13803.11,4,4,13802.11,0.0,0.0,1.0,0.0,460103.666667
1723504,IT,PT,COPP1,PRINT,0.03,13803.022,3,3,13803.022,0.0,0.0,0.0,0.0,460100.733333
1715571,IT,NL,HEAVY,PETRO,0.02,13802.777,3,3,13802.777,0.0,0.0,0.0,0.0,690138.85
1647706,IT,BE,INSUR,MOTOR,0.28,13802.629,3,3,13802.629,0.0,0.0,0.0,0.0,49295.103571
1688829,IT,IE,NONME,OFFIC,0.03,13801.724,4,4,13801.722,0.0,0.0,0.0,0.002,460057.466667
1728758,IT,SE,GASDI,RETA1,0.02,13801.706,3,3,13801.706,0.0,0.0,0.0,0.0,690085.3
1689483,IT,IE,HOTEL,SEWAG,0.1,13801.12,3,3,13801.12,0.0,0.0,0.0,0.0,138011.2
1809711,IT,WM,PROCE,PUBLI,0.09,13800.77,3,3,13800.77,0.0,0.0,0.0,0.0,153341.888889
1728021,IT,SE,CHEMI,COPPE,0.03,13800.717,4,4,13799.717,0.0,0.0,1.0,0.0,460023.9
1745970,IT,JP,WOODW,DISTR,0.04,13799.694,3,3,13799.694,0.0,0.0,0.0,0.0,344992.35
1646757,IT,BE,CONST,TRAN1,0.08,13799.486,3,3,13799.486,0.0,0.0,0.0,0.0,172493.575
1778608,IT,TR,HOTEL,STONE,0.1,13799.483,3,3,13799.483,0.0,0.0,0.0,0.0,137994.83
1759590,IT,BR,COMPU,HOTEL,0.16,13798.874,3,3,13798.874,0.0,0.0,0.0,0.0,86242.9625
1649028,IT,BG,WOODW,MACHI,0.04,13798.468,3,3,13798.468,0.0,0.0,0.0,0.0,344961.7
1663399,IT,DK,POSTT,BUSIN,0.23,13798.388,3,3,13798.388,0.0,0.0,0.0,0.0,59992.991304
1712969,IT,MT,FORES,PLAST,0.12,13798.254,4,4,13793.254,0.0,5.0,0.0,0.0,114985.45
1767604,IT,RU,SUPPO,FABRI,0.1,13798.163,3,3,13798.163,0.0,0.0,0.0,0.0,137981.63
1727598,IT,RO,REALE,POSTT,0.58,13797.94,3,3,13797.94,0.0,0.0,0.0,0.0,23789.551724
1731248,IT,SI,MEATP,BEVER,0.06,13797.923,3,3,13797.923,0.0,0.0,0.0,0.0,229965.383333
1810929,IT,WM,GASDI,STONE,0.02,13797.398,3,3,13797.398,0.0,0.0,0.0,0.0,689869.9
1647526,IT,BE,SUPPO,RADIO,0.1,13797.302,3,3,13797.302,0.0,0.0,0.0,0.0,137973.02
1720527,IT,PL,OFFIC,TEXTI,0.04,13796.342,3,3,13796.342,0.0,0.0,0.0,0.0,344908.55
1777041,IT,TR,CHEM1,PETRO,0.03,13796.166,4,4,13796.164,0.0,0.0,0.0,0.002,459872.2
1672543,IT,FR,CEREA,DAIRY,0.02,13796.118,3,3,13796.118,0.0,0.0,0.0,0.0,689805.9
1680867,IT,GR,LANDT,PAPER,0.09,13795.509,3,3,13795.509,0.0,0.0,0.0,0.0,153283.433333
1648634,IT,BG,VEGE1,VEGE1,0.04,13795.236,4,4,13795.233,0.0,0.0,0.0,0.003,344880.9
1709768,IT,LT,RUBBE,STONE,0.05,13794.747,3,3,13794.747,0.0,0.0,0.0,0.0,275894.94
1803037,IT,WF,CEREA,BITUM,0.02,13794.222,3,3,13794.222,0.0,0.0,0.0,0.0,689711.1
1782230,IT,NO,BASIC,PUBLI,0.02,13794.185,3,3,13794.185,0.0,0.0,0.0,0.0,689709.25
1724480,IT,PT,SUPPO,WHOLE,0.1,13794.173,3,3,13794.173,0.0,0.0,0.0,0.0,137941.73
1664956,IT,ES,SANDC,RUBBE,0.03,13794.147,4,4,13791.147,0.0,0.0,3.0,0.0,459804.9
1796814,IT,WL,SEACO,WHEAT,0.01,13793.357,3,3,13793.357,0.0,0.0,0.0,0.0,1379335.7
1640434,IT,AT,VEGE1,RUBBE,0.04,13793.191,4,4,13793.188,0.0,0.0,0.0,0.003,344829.775
1726723,IT,RO,FURNI,TRANS,0.04,13793.155,3,3,13793.155,0.0,0.0,0.0,0.0,344828.875
1765993,IT,RU,CHEM1,PARAF,0.03,13793.096,4,4,13793.094,0.0,0.0,0.0,0.002,459769.866667
1794932,IT,WL,CHEM1,KERO1,0.03,13792.954,4,4,13792.952,0.0,0.0,0.0,0.002,459765.133333
1804172,IT,WF,PAPER,AIRTR,0.05,13792.523,3,3,13792.523,0.0,0.0,0.0,0.0,275850.46
1790495,IT,WA,COPP1,LEAD1,0.03,13792.36,3,3,13792.36,0.0,0.0,0.0,0.0,459745.333333
1715154,IT,NL,LEATH,FINAN,0.1,13791.851,4,4,13791.849,0.0,0.0,0.0,0.002,137918.51
1737775,IT,GB,HEAVY,RECRE,0.02,13791.581,3,3,13791.581,0.0,0.0,0.0,0.0,689579.05
1663175,IT,DK,LANDT,RADIO,0.09,13791.513,3,3,13791.513,0.0,0.0,0.0,0.0,153239.033333
1729281,IT,SE,NONME,CEREA,0.03,13791.148,4,4,13791.146,0.0,0.0,0.0,0.002,459704.933333
1768037,IT,RU,BUSIN,LEATH,0.14,13790.519,3,3,13790.519,0.0,0.0,0.0,0.0,98503.707143
1759927,IT,BR,PLAS1,FORES,0.05,13788.755,3,3,13788.755,0.0,0.0,0.0,0.0,275775.1
1713517,IT,MT,GLASS,MEATC,0.04,13787.53,3,3,13787.53,0.0,0.0,0.0,0.0,344688.25
1640154,IT,AT,CEREA,RECRE,0.02,13787.419,3,3,13787.419,0.0,0.0,0.0,0.0,689370.95
1688522,IT,IE,PULP5,MACHI,0.04,13787.357,3,3,13787.357,0.0,0.0,0.0,0.0,344683.925
1645388,IT,BE,HEAVY,COPP1,0.02,13786.652,3,3,13786.652,0.0,0.0,0.0,0.0,689332.6
1774001,IT,CH,RETAI,ANIMA,0.11,13786.241,3,3,13786.241,0.0,0.0,0.0,0.0,125329.463636
1716608,IT,NL,SALEM,DIST1,0.11,13786.061,3,3,13786.061,0.0,0.0,0.0,0.0,125327.827273
1647004,IT,BE,RETA1,CEMEN,0.14,13785.445,3,3,13785.445,0.0,0.0,0.0,0.0,98467.464286
1779200,IT,TR,POSTT,ELEC4,0.23,13784.604,3,3,13784.604,0.0,0.0,0.0,0.0,59933.06087
1803631,IT,WF,FOOD5,CHEM1,0.07,13784.494,3,3,13784.494,0.0,0.0,0.0,0.0,196921.342857
1737458,IT,GB,LEATH,CEMEN,0.1,13784.121,4,4,13784.119,0.0,0.0,0.0,0.002,137841.21
1669424,IT,ES,INSUR,TRAN1,0.28,13783.942,3,3,13783.942,0.0,0.0,0.0,0.0,49228.364286
1755988,IT,KR,ALUM1,COLLE,0.02,13783.9,3,3,13783.9,0.0,0.0,0.0,0.0,689195.0
1654652,IT,CZ,LANDT,NUCLE,0.09,13782.082,3,3,13782.082,0.0,0.0,0.0,0.0,153134.244444
1742025,IT,US,ADDIT,EDUCA,0.03,13781.478,3,3,13781.478,0.0,0.0,0.0,0.0,459382.6
1764915,IT,MX,AIRTR,93197,0.02,13781.369,3,3,13781.369,0.0,0.0,0.0,0.0,689068.45
1796343,IT,WL,RETAI,CHARC,0.11,13779.404,3,3,13779.404,0.0,0.0,0.0,0.0,125267.309091
1774938,IT,CH,INSUR,SUPPO,0.28,13779.192,3,3,13779.192,0.0,0.0,0.0,0.0,49211.4
1749978,IT,CN,CERAM,FINAN,0.02,13778.911,3,3,13778.911,0.0,0.0,0.0,0.0,688945.55
1656339,IT,DE,WOODW,COKIN,0.04,13778.678,3,3,13778.678,0.0,0.0,0.0,0.0,344466.95
1767379,IT,RU,LANDT,MEATC,0.09,13778.26,3,3,13778.26,0.0,0.0,0.0,0.0,153091.777778
1675744,IT,FR,FURNI,ADDIT,0.04,13778.106,3,3,13778.106,0.0,0.0,0.0,0.0,344452.65
1812282,IT,WM,BASIC,COKIN,0.02,13777.737,3,3,13777.737,0.0,0.0,0.0,0.0,688886.85
1654923,IT,CZ,INSUR,KEROS,0.28,13777.03,3,3,13777.03,0.0,0.0,0.0,0.0,49203.678571
1710869,IT,LU,PRINT,COMPU,0.13,13776.916,3,3,13776.916,0.0,0.0,0.0,0.0,105976.276923
1802490,IT,WE,SUPPO,RECRE,0.1,13776.197,3,3,13776.197,0.0,0.0,0.0,0.0,137761.97
1672622,IT,FR,FISHF,MEMBE,0.02,13775.556,3,3,13775.556,0.0,0.0,0.0,0.0,688777.8
1661213,IT,DK,WHEAT,WEARI,0.01,13775.358,3,3,13775.358,0.0,0.0,0.0,0.0,1377535.8
1771456,IT,CH,BEVER,GASDI,0.06,13775.322,3,3,13775.322,0.0,0.0,0.0,0.0,229588.7
1640268,IT,AT,STONE,ELEC4,0.04,13774.496,4,4,13773.496,0.0,0.0,1.0,0.0,344362.4
1677847,IT,FR,BUSIN,SANDC,0.14,13774.412,3,3,13774.412,0.0,0.0,0.0,0.0,98388.657143
1713210,IT,MT,LEATH,BUSIN,0.1,13774.003,4,4,13774.001,0.0,0.0,0.0,0.002,137740.03
1801027,IT,WE,LEAD1,ELEC3,0.02,13772.692,3,3,13772.692,0.0,0.0,0.0,0.0,688634.6
1789475,IT,WA,ADDIT,PROCE,0.03,13771.895,3,3,13771.895,0.0,0.0,0.0,0.0,459063.166667
1806651,IT,WF,RETAI,PRECI,0.11,13771.191,3,3,13771.191,0.0,0.0,0.0,0.0,125192.645455
1684189,IT,HR,LANDT,SUPPO,0.09,13771.129,3,3,13771.129,0.0,0.0,0.0,0.0,153012.544444
1806023,IT,WF,COPP1,ELECT,0.03,13769.74,3,3,13769.74,0.0,0.0,0.0,0.0,458991.333333
1674757,IT,FR,CERAM,COLLE,0.02,13767.487,3,3,13767.487,0.0,0.0,0.0,0.0,688374.35
1664230,IT,EE,NONME,RUBBE,0.03,13767.339,4,4,13767.337,0.0,0.0,0.0,0.002,458911.3
1805831,IT,WF,ALUM1,CATTL,0.02,13767.335,3,3,13767.335,0.0,0.0,0.0,0.0,688366.75
1759121,IT,BR,AIRTR,CHARC,0.01,13766.881,3,3,13766.881,0.0,0.0,0.0,0.0,1376688.1
1733074,IT,SI,COPP1,HEALT,0.03,13766.208,3,3,13766.208,0.0,0.0,0.0,0.0,458873.6
1729157,IT,SE,GLASS,ELEC3,0.04,13765.728,3,3,13765.728,0.0,0.0,0.0,0.0,344143.2
1663705,IT,EE,STONE,CONST,0.04,13765.068,4,4,13764.068,0.0,0.0,1.0,0.0,344126.7
1721242,IT,PL,LANDT,NONSP,0.09,13764.75,3,3,13764.75,0.0,0.0,0.0,0.0,152941.666667
1744719,IT,US,COMPU,FOOD3,0.16,13764.718,3,3,13764.718,0.0,0.0,0.0,0.0,86029.4875
1664703,IT,EE,AIRTR,REALE,0.01,13763.641,3,3,13763.641,0.0,0.0,0.0,0.0,1376364.1
1771576,IT,CH,TEXTI,BIOG1,0.08,13763.427,4,4,13763.425,0.0,0.0,0.0,0.002,172042.8375
1685430,IT,HU,WOODW,TEXTI,0.04,13763.333,3,3,13763.333,0.0,0.0,0.0,0.0,344083.325
1736080,IT,SK,FURNI,93197,0.04,13763.314,3,3,13763.314,0.0,0.0,0.0,0.0,344082.85
1753875,IT,CA,RETA1,CONST,0.14,13763.078,3,3,13763.078,0.0,0.0,0.0,0.0,98307.7
1758937,IT,BR,RAILW,PLAST,0.09,13762.375,3,3,13762.375,0.0,0.0,0.0,0.0,152915.277778
1671837,IT,FI,RETA1,WHOLE,0.14,13760.834,3,3,13760.834,0.0,0.0,0.0,0.0,98291.671429
1813573,IT,WM,WHOLE,FABRI,0.12,13760.754,3,3,13760.754,0.0,0.0,0.0,0.0,114672.95
1745562,IT,JP,BEVER,POSTT,0.06,13760.275,3,3,13760.275,0.0,0.0,0.0,0.0,229337.916667
1785660,IT,ZA,HEAVY,ELEC4,0.02,13760.229,3,3,13760.229,0.0,0.0,0.0,0.0,688011.45
1661310,IT,DK,CHEMI,SANDC,0.03,13760.085,4,4,13759.085,0.0,0.0,1.0,0.0,458669.5
1672004,IT,FI,TRAN2,MEATP,0.02,13759.982,3,3,13759.982,0.0,0.0,0.0,0.0,687999.1
1679660,IT,GR,GLASS,ELEC5,0.04,13758.676,3,3,13758.676,0.0,0.0,0.0,0.0,343966.9
1688834,IT,IE,NONME,COMPU,0.03,13758.624,4,4,13758.622,0.0,0.0,0.0,0.002,458620.8
1786153,IT,ZA,BASIC,GASWO,0.02,13758.598,3,3,13758.598,0.0,0.0,0.0,0.0,687929.9
1746308,IT,JP,CHEM1,TEXT1,0.03,13758.003,4,4,13758.001,0.0,0.0,0.0,0.002,458600.1
1751195,IT,CN,HOTEL,NAPHT,0.1,13757.924,3,3,13757.924,0.0,0.0,0.0,0.0,137579.24
1754487,IT,CA,BUSIN,PULP5,0.14,13757.667,3,3,13757.667,0.0,0.0,0.0,0.0,98269.05
1723502,IT,PT,COPP1,WOODW,0.03,13757.135,3,3,13757.135,0.0,0.0,0.0,0.0,458571.166667
1732077,IT,SI,KERO1,PIGS9,0.02,13757.06,3,3,13757.06,0.0,0.0,0.0,0.0,687853.0
1723493,IT,PT,ALUM1,93197,0.02,13755.93,3,3,13755.93,0.0,0.0,0.0,0.0,687796.5
1784954,IT,ID,INSUR,PFERT,0.28,13754.486,3,3,13754.486,0.0,0.0,0.0,0.0,49123.164286
1810393,IT,WM,PULP5,PADDY,0.04,13754.2,3,3,13754.2,0.0,0.0,0.0,0.0,343855.0
1648986,IT,BG,LEATH,RETA1,0.1,13754.095,4,4,13754.093,0.0,0.0,0.0,0.002,137540.95
1791754,IT,WA,RAILW,OFFIC,0.09,13753.495,3,3,13753.495,0.0,0.0,0.0,0.0,152816.611111
1725439,IT,RO,TEXTI,WOOD2,0.08,13753.17,4,4,13753.168,0.0,0.0,0.0,0.002,171914.625
1809684,IT,WM,PROCE,MOTOR,0.09,13752.776,3,3,13752.776,0.0,0.0,0.0,0.0,152808.622222
1715544,IT,NL,GASDI,FINAN,0.02,13751.211,3,3,13751.211,0.0,0.0,0.0,0.0,687560.55
1709704,IT,LT,CHEM1,MEATC,0.03,13751.007,4,4,13751.005,0.0,0.0,0.0,0.002,458366.9
1764514,IT,MX,CONST,SEACO,0.08,13750.923,3,3,13750.923,0.0,0.0,0.0,0.0,171886.5375
1673381,IT,FR,WEARI,WHEAT,0.1,13750.691,4,4,13750.688,0.0,0.0,0.0,0.003,137506.91
1754171,IT,CA,SUPPO,FABRI,0.1,13750.595,3,3,13750.595,0.0,0.0,0.0,0.0,137505.95
1671277,IT,FI,BASIC,WASTE,0.02,13750.545,3,3,13750.545,0.0,0.0,0.0,0.0,687527.25
1790977,IT,WA,MOTO1,LIQUE,0.07,13750.452,3,3,13750.452,0.0,0.0,0.0,0.0,196435.028571
1772140,IT,CH,MOTOR,93197,0.02,13749.009,3,3,13749.009,0.0,0.0,0.0,0.0,687450.45
1733505,IT,SI,WHOLE,NONF1,0.12,13748.276,3,3,13748.276,0.0,0.0,0.0,0.0,114568.966667
1768123,IT,RU,BUSIN,93197,0.14,13748.124,3,3,13748.124,0.0,0.0,0.0,0.0,98200.885714
1740876,IT,US,DAIRY,LANDT,0.06,13748.022,3,3,13748.022,0.0,0.0,0.0,0.0,229133.7
1796164,IT,WL,FURNI,MEAT1,0.04,13747.975,3,3,13747.975,0.0,0.0,0.0,0.0,343699.375
1657712,IT,DE,CEMEN,TEXTI,0.02,13746.427,3,3,13746.427,0.0,0.0,0.0,0.0,687321.35
1774317,IT,CH,HOTEL,LIQUE,0.1,13745.911,3,3,13745.911,0.0,0.0,0.0,0.0,137459.11
1752492,IT,CA,FOOD5,MEATA,0.07,13745.85,3,3,13745.85,0.0,0.0,0.0,0.0,196369.285714
1660185,IT,DE,SUPPO,DIST1,0.1,13745.542,3,3,13745.542,0.0,0.0,0.0,0.0,137455.42
1641841,IT,AT,CHEM1,PLAS1,0.03,13745.243,4,4,13745.241,0.0,0.0,0.0,0.002,458174.766667
1773011,IT,CH,ALUM1,DAIRY,0.02,13744.86,3,3,13744.86,0.0,0.0,0.0,0.0,687243.0
1665799,IT,ES,PAPER,PAPE2,0.05,13744.752,3,3,13744.752,0.0,0.0,0.0,0.0,274895.04
1659294,IT,DE,SALEM,SEWAG,0.11,13744.074,3,3,13744.074,0.0,0.0,0.0,0.0,124946.127273
1797104,IT,WL,POSTT,DAIRY,0.23,13742.988,3,3,13742.988,0.0,0.0,0.0,0.0,59752.121739
1662046,IT,DK,CHEM1,SANDC,0.03,13742.333,4,4,13742.331,0.0,0.0,0.0,0.002,458077.766667
1757522,IT,BR,PRINT,POSTT,0.13,13741.571,3,3,13741.571,0.0,0.0,0.0,0.0,105704.392308
1721927,IT,PL,RENTI,PUBLI,0.08,13740.755,3,3,13740.755,0.0,0.0,0.0,0.0,171759.4375
1786902,IT,ZA,AIRTR,PAPER,0.01,13739.324,3,3,13739.324,0.0,0.0,0.0,0.0,1373932.4
1757933,IT,BR,CHEM1,WASTE,0.03,13738.523,3,3,13738.523,0.0,0.0,0.0,0.0,457950.766667
1764651,IT,MX,RETA1,TRANS,0.14,13737.698,3,3,13737.698,0.0,0.0,0.0,0.0,98126.414286
1803381,IT,WF,CHEMI,CHARC,0.03,13737.689,4,4,13736.689,0.0,0.0,1.0,0.0,457922.966667
1782407,IT,NO,FABRI,OILHA,0.06,13737.121,3,3,13737.121,0.0,0.0,0.0,0.0,228952.016667
1725708,IT,RO,PAPER,AIRTR,0.05,13736.789,3,3,13736.789,0.0,0.0,0.0,0.0,274735.78
1736043,IT,SK,FURNI,WOODW,0.04,13736.665,3,3,13736.665,0.0,0.0,0.0,0.0,343416.625
1743266,IT,US,FURNI,MOTOR,0.04,13735.958,3,3,13735.958,0.0,0.0,0.0,0.0,343398.95
1772711,IT,CH,CERAM,COMPU,0.02,13735.406,3,3,13735.406,0.0,0.0,0.0,0.0,686770.3
1643956,IT,AT,COMPU,NONF1,0.16,13734.764,3,3,13734.764,0.0,0.0,0.0,0.0,85842.275
1722108,IT,PL,BUSIN,CERAM,0.14,13734.304,3,3,13734.304,0.0,0.0,0.0,0.0,98102.171429
1745984,IT,JP,WOODW,BUSIN,0.04,13734.019,3,3,13734.019,0.0,0.0,0.0,0.0,343350.475
1689999,IT,IE,REALE,COLLE,0.58,13733.769,3,3,13733.769,0.0,0.0,0.0,0.0,23678.912069
1812211,IT,WM,NONME,WHITE,0.03,13732.885,4,4,13732.883,0.0,0.0,0.0,0.002,457762.833333
1793667,IT,WL,SUGA1,HOTEL,0.03,13732.607,4,4,13732.605,0.0,0.0,0.0,0.002,457753.566667
1729437,IT,SE,BASIC,PAPE4,0.02,13732.194,3,3,13732.194,0.0,0.0,0.0,0.0,686609.7
1744335,IT,US,FINAN,RETA1,0.18,13732.059,3,3,13732.059,0.0,0.0,0.0,0.0,76289.216667
1767279,IT,RU,HOTEL,COPP1,0.1,13731.9,3,3,13731.9,0.0,0.0,0.0,0.0,137319.0
1774451,IT,CH,LANDT,POULT,0.09,13731.871,3,3,13731.871,0.0,0.0,0.0,0.0,152576.344444
1749828,IT,CN,RUBBE,KEROS,0.05,13731.842,3,3,13731.842,0.0,0.0,0.0,0.0,274636.84
1796508,IT,WL,RETA1,GLASS,0.14,13731.076,3,3,13731.076,0.0,0.0,0.0,0.0,98079.114286
1726557,IT,RO,OFFIC,NONF1,0.04,13730.405,3,3,13730.405,0.0,0.0,0.0,0.0,343260.125
1798354,IT,WE,POULT,BUSIN,0.04,13730.197,3,3,13730.197,0.0,0.0,0.0,0.0,343254.925
1652732,IT,CZ,PAPER,COPP1,0.05,13729.627,3,3,13729.627,0.0,0.0,0.0,0.0,274592.54
1746326,IT,JP,ADDIT,LIQUE,0.03,13729.517,3,3,13729.517,0.0,0.0,0.0,0.0,457650.566667
1673430,IT,FR,WEARI,RADIO,0.1,13729.335,4,4,13729.332,0.0,0.0,0.0,0.003,137293.35
1742784,IT,US,FABRI,ELEC5,0.06,13729.093,3,3,13729.093,0.0,0.0,0.0,0.0,228818.216667
1678826,IT,GR,BEVER,LEATH,0.06,13728.85,3,3,13728.85,0.0,0.0,0.0,0.0,228814.166667
1730464,IT,SE,POSTT,AUXIL,0.23,13728.816,3,3,13728.816,0.0,0.0,0.0,0.0,59690.504348
1798107,IT,WL,93197,HEALT,0.09,13727.693,3,3,13727.693,0.0,0.0,0.0,0.0,152529.922222
1757029,IT,KR,BUSIN,HEAVY,0.14,13727.197,3,3,13727.197,0.0,0.0,0.0,0.0,98051.407143
1664893,IT,ES,CRUDE,PAPER,0.03,13727.195,3,3,13727.195,0.0,0.0,0.0,0.0,457573.166667
1757584,IT,BR,GASDI,TEXTI,0.02,13726.954,3,3,13726.954,0.0,0.0,0.0,0.0,686347.7
1719091,IT,PL,NONSP,KEROS,0.02,13726.383,3,3,13726.383,0.0,0.0,0.0,0.0,686319.15
1778818,IT,TR,LANDT,COLLE,0.09,13725.761,3,3,13725.761,0.0,0.0,0.0,0.0,152508.455556
1807514,IT,WF,RENTI,PRINT,0.08,13725.262,3,3,13725.262,0.0,0.0,0.0,0.0,171565.775
1766631,IT,RU,FABRI,KEROS,0.06,13724.926,3,3,13724.926,0.0,0.0,0.0,0.0,228748.766667
1789580,IT,WA,BIODI,WHOLE,0.03,13724.838,3,3,13724.838,0.0,0.0,0.0,0.0,457494.6
1801644,IT,WE,FURNI,TOBAC,0.04,13724.82,3,3,13724.82,0.0,0.0,0.0,0.0,343120.5
1673015,IT,FR,SUGA1,RESEA,0.03,13724.015,4,4,13724.013,0.0,0.0,0.0,0.002,457467.166667
1659085,IT,DE,ELEC5,WOODW,0.17,13723.987,3,3,13723.987,0.0,0.0,0.0,0.0,80729.335294
1801871,IT,WE,CONST,WEARI,0.08,13723.617,3,3,13723.617,0.0,0.0,0.0,0.0,171545.2125
1748891,IT,CN,WEARI,HEAVY,0.1,13723.494,4,4,13723.491,0.0,0.0,0.0,0.003,137234.94
1666416,IT,ES,BITU1,REFIN,0.02,13723.394,3,3,13723.394,0.0,0.0,0.0,0.0,686169.7
1804455,IT,WF,GASDI,COKIN,0.02,13723.048,3,3,13723.048,0.0,0.0,0.0,0.0,686152.4
1722644,IT,PT,TEXTI,REALE,0.08,13722.779,4,4,13722.777,0.0,0.0,0.0,0.002,171534.7375
1663303,IT,DK,AIRTR,NATUR,0.01,13722.778,3,3,13722.778,0.0,0.0,0.0,0.0,1372277.8
1810888,IT,WM,KERO1,SANDC,0.02,13722.585,3,3,13722.585,0.0,0.0,0.0,0.0,686129.25
1789370,IT,WA,CHEM1,NONSP,0.03,13721.602,3,3,13721.602,0.0,0.0,0.0,0.0,457386.733333
1722549,IT,PT,BEVER,CHEM1,0.06,13721.359,3,3,13721.359,0.0,0.0,0.0,0.0,228689.316667
1758719,IT,BR,RETAI,SEACO,0.11,13720.796,3,3,13720.796,0.0,0.0,0.0,0.0,124734.509091
1782161,IT,NO,NONME,BASIC,0.03,13720.436,4,4,13720.434,0.0,0.0,0.0,0.002,457347.866667
1668357,IT,ES,WHOLE,MEMBE,0.12,13720.384,3,3,13720.384,0.0,0.0,0.0,0.0,114336.533333
1774585,IT,CH,SEACO,FOUND,0.01,13720.268,3,3,13720.268,0.0,0.0,0.0,0.0,1372026.8
1791630,IT,WA,HOTEL,LEATH,0.1,13720.026,3,3,13720.026,0.0,0.0,0.0,0.0,137200.26
1755837,IT,KR,CEMEN,LEADZ,0.02,13719.681,3,3,13719.681,0.0,0.0,0.0,0.0,685984.05
1686623,IT,HU,LEAD1,BIODI,0.02,13719.463,3,3,13719.463,0.0,0.0,0.0,0.0,685973.15
1686249,IT,HU,CERAM,NONME,0.02,13719.447,3,3,13719.447,0.0,0.0,0.0,0.0,685972.35
1813704,IT,WM,RETA1,COMPU,0.14,13719.433,3,3,13719.433,0.0,0.0,0.0,0.0,97995.95
1810390,IT,WM,WOODW,MEMBE,0.04,13718.373,3,3,13718.373,0.0,0.0,0.0,0.0,342959.325
1666672,IT,ES,ADDIT,PUBLI,0.03,13716.474,3,3,13716.474,0.0,0.0,0.0,0.0,457215.8
1670507,IT,FI,BEVER,RETAI,0.06,13716.029,3,3,13716.029,0.0,0.0,0.0,0.0,228600.483333
1767884,IT,RU,REALE,WOODW,0.58,13715.625,3,3,13715.625,0.0,0.0,0.0,0.0,23647.62931
1658221,IT,DE,LEAD1,ELEC7,0.02,13715.453,3,3,13715.453,0.0,0.0,0.0,0.0,685772.65
1689691,IT,IE,POSTT,RESEA,0.23,13714.879,3,3,13714.879,0.0,0.0,0.0,0.0,59629.908696
1724292,IT,PT,LANDT,FURNI,0.09,13714.713,3,3,13714.713,0.0,0.0,0.0,0.0,152385.7
1644836,IT,BE,TEXTI,REALE,0.08,13714.045,4,4,13714.043,0.0,0.0,0.0,0.002,171425.5625
1786059,IT,ZA,CEMEN,BITUM,0.02,13713.376,3,3,13713.376,0.0,0.0,0.0,0.0,685668.8
1791326,IT,WA,SALEM,NATUR,0.11,13712.508,3,3,13712.508,0.0,0.0,0.0,0.0,124659.163636
1785654,IT,ZA,HEAVY,ALUM1,0.02,13712.229,3,3,13712.229,0.0,0.0,0.0,0.0,685611.45
1714278,IT,MT,BUSIN,RETA1,0.14,13712.205,3,3,13712.205,0.0,0.0,0.0,0.0,97944.321429
1785853,IT,ZA,CHEM1,FINAN,0.03,13711.535,3,3,13711.535,0.0,0.0,0.0,0.0,457051.166667
1647148,IT,BE,HOTEL,PLAS1,0.1,13711.517,3,3,13711.517,0.0,0.0,0.0,0.0,137115.17
1743050,IT,US,OFFIC,SEWAG,0.04,13711.291,3,3,13711.291,0.0,0.0,0.0,0.0,342782.275
1786796,IT,ZA,HOTEL,NONME,0.1,13709.371,3,3,13709.371,0.0,0.0,0.0,0.0,137093.71
1653058,IT,CZ,PLAST,RAILW,0.03,13709.103,3,3,13709.103,0.0,0.0,0.0,0.0,456970.1
1683361,IT,HR,NONME,HEALT,0.03,13708.7,4,4,13708.698,0.0,0.0,0.0,0.002,456956.666667
1654696,IT,CZ,LANDT,RETAI,0.09,13708.653,3,3,13708.653,0.0,0.0,0.0,0.0,152318.366667
1668367,IT,ES,RETA1,POULT,0.14,13708.543,3,3,13708.543,0.0,0.0,0.0,0.0,97918.164286
1758990,IT,BR,LANDT,COKEO,0.09,13708.187,3,3,13708.187,0.0,0.0,0.0,0.0,152313.188889
1685072,IT,HU,SUGA1,FOOD5,0.03,13707.395,4,4,13707.393,0.0,0.0,0.0,0.002,456913.166667
1757652,IT,BR,HEAVY,WEARI,0.02,13707.294,3,3,13707.294,0.0,0.0,0.0,0.0,685364.7
1756181,IT,KR,MACHI,LUBRI,0.08,13707.218,3,3,13707.218,0.0,0.0,0.0,0.0,171340.225
1651142,IT,BG,BUSIN,OILSE,0.14,13706.802,3,3,13706.802,0.0,0.0,0.0,0.0,97905.728571
1718549,IT,PL,WEARI,FABRI,0.1,13706.43,4,4,13706.427,0.0,0.0,0.0,0.003,137064.3
1655300,IT,DE,CEREA,BIODI,0.02,13706.097,3,3,13706.097,0.0,0.0,0.0,0.0,685304.85
1780351,IT,TW,AIRTR,NONSP,0.01,13705.603,3,3,13705.603,0.0,0.0,0.0,0.0,1370560.3
1710220,IT,LT,OFFIC,DIST1,0.04,13705.526,3,3,13705.526,0.0,0.0,0.0,0.0,342638.15
1689417,IT,IE,HOTEL,FISH5,0.1,13705.295,3,3,13705.295,0.0,0.0,0.0,0.0,137052.95
1674671,IT,FR,GLASS,NAPHT,0.04,13704.161,3,3,13704.161,0.0,0.0,0.0,0.0,342604.025
1801652,IT,WE,FURNI,KEROS,0.04,13704.059,3,3,13704.059,0.0,0.0,0.0,0.0,342601.475
1735101,IT,SK,CHEM1,COLLE,0.03,13704.056,3,3,13704.056,0.0,0.0,0.0,0.0,456801.866667
1711665,IT,LU,COMPU,POSTT,0.16,13703.987,3,3,13703.987,0.0,0.0,0.0,0.0,85649.91875
1799000,IT,WE,TEXTI,MEATP,0.08,13703.828,4,4,13703.826,0.0,0.0,0.0,0.002,171297.85
1647057,IT,BE,HOTEL,VEGET,0.1,13703.075,3,3,13703.075,0.0,0.0,0.0,0.0,137030.75
1729059,IT,SE,RUBBE,FOUND,0.05,13703.071,3,3,13703.071,0.0,0.0,0.0,0.0,274061.42
1788779,IT,WA,KEROS,MEAT4,0.02,13703.069,3,3,13703.069,0.0,0.0,0.0,0.0,685153.45
1767617,IT,RU,SUPPO,RETAI,0.1,13702.485,3,3,13702.485,0.0,0.0,0.0,0.0,137024.85
1730098,IT,SE,RETA1,POSTT,0.14,13701.257,3,3,13701.257,0.0,0.0,0.0,0.0,97866.121429
1790400,IT,WA,LEAD1,NAPHT,0.02,13700.523,3,3,13700.523,0.0,0.0,0.0,0.0,685026.15
1802615,IT,WE,AUXIL,AUXIL,0.25,13700.183,3,3,13700.183,0.0,0.0,0.0,0.0,54800.732
1664637,IT,EE,LANDT,CEMEN,0.09,13700.023,3,3,13700.023,0.0,0.0,0.0,0.0,152222.477778
1663028,IT,DK,HOTEL,SECO9,0.1,13699.669,3,3,13699.669,0.0,0.0,0.0,0.0,136996.69
1641711,IT,AT,PLAST,FOUND,0.03,13698.712,3,3,13698.712,0.0,0.0,0.0,0.0,456623.733333
1741801,IT,US,PLAST,GLASS,0.03,13698.517,3,3,13698.517,0.0,0.0,0.0,0.0,456617.233333
1725655,IT,RO,PAPER,MEATC,0.05,13697.722,3,3,13697.722,0.0,0.0,0.0,0.0,273954.44
1808433,IT,WF,FOOD4,COPPE,0.1,13697.589,3,3,13697.589,0.0,0.0,0.0,0.0,136975.89
1774877,IT,CH,FINAN,PUBLI,0.18,13696.099,3,3,13696.099,0.0,0.0,0.0,0.0,76089.438889
1773476,IT,CH,OFFIC,AUXIL,0.04,13695.952,3,3,13695.952,0.0,0.0,0.0,0.0,342398.8
1784554,IT,ID,MACHI,MEATA,0.08,13695.925,3,3,13695.925,0.0,0.0,0.0,0.0,171199.0625
1640927,IT,AT,WOODW,CEREA,0.04,13695.78,3,3,13695.78,0.0,0.0,0.0,0.0,342394.5
1685964,IT,HU,BIOGA,NAPHT,0.03,13695.461,3,3,13695.461,0.0,0.0,0.0,0.0,456515.366667
1812402,IT,WM,PREC1,ANIMA,0.02,13694.955,3,3,13694.955,0.0,0.0,0.0,0.0,684747.75
1809688,IT,WM,PROCE,LIQUE,0.09,13694.59,3,3,13694.59,0.0,0.0,0.0,0.0,152162.111111
1754314,IT,CA,INSUR,WOODW,0.28,13694.297,3,3,13694.297,0.0,0.0,0.0,0.0,48908.203571
1763032,IT,MX,TEXTI,MEAT4,0.08,13693.633,4,4,13693.631,0.0,0.0,0.0,0.002,171170.4125
1672531,IT,FR,WHEAT,BUSIN,0.01,13693.41,3,3,13693.41,0.0,0.0,0.0,0.0,1369341.0
1746533,IT,JP,NONME,ALUM1,0.03,13692.772,4,4,13692.77,0.0,0.0,0.0,0.002,456425.733333
1662484,IT,DK,ALUM1,OILHA,0.02,13692.444,3,3,13692.444,0.0,0.0,0.0,0.0,684622.2
1719895,IT,PL,PREC1,BEVER,0.02,13691.839,3,3,13691.839,0.0,0.0,0.0,0.0,684591.95
1752288,IT,CA,SANDC,WOODW,0.03,13691.782,4,4,13688.782,0.0,0.0,3.0,0.0,456392.733333
1797728,IT,WL,INTER,CRUDE,0.08,13691.389,3,3,13691.389,0.0,0.0,0.0,0.0,171142.3625
1682621,IT,HR,KEROS,NFERT,0.02,13690.604,3,3,13690.604,0.0,0.0,0.0,0.0,684530.2
1807819,IT,WF,FOODW,INSUR,0.1,13689.717,3,3,13689.717,0.0,0.0,0.0,0.0,136897.17
1675983,IT,FR,ELEC4,HEALT,0.22,13688.82,3,3,13688.82,0.0,0.0,0.0,0.0,62221.909091
1787258,IT,WA,VEGET,LEAD1,0.05,13688.082,3,3,13688.082,0.0,0.0,0.0,0.0,273761.64
1783858,IT,NO,TEXT2,INTER,0.1,13687.371,3,3,13687.371,0.0,0.0,0.0,0.0,136873.71
1658799,IT,DE,MOTO1,BRICK,0.07,13685.909,3,3,13685.909,0.0,0.0,0.0,0.0,195512.985714
1739048,IT,GB,RETAI,MACHI,0.11,13684.811,3,3,13684.811,0.0,0.0,0.0,0.0,124407.372727
1687245,IT,HU,WHOLE,BEVER,0.12,13684.466,3,3,13684.466,0.0,0.0,0.0,0.0,114037.216667
1690004,IT,IE,REALE,HOTEL,0.58,13683.962,3,3,13683.962,0.0,0.0,0.0,0.0,23593.037931
1641314,IT,AT,AVIAT,PUBLI,0.03,13683.554,3,3,13683.554,0.0,0.0,0.0,0.0,456118.466667
1734463,IT,SK,FISHF,WHOLE,0.02,13683.296,3,3,13683.296,0.0,0.0,0.0,0.0,684164.8
1765293,IT,RU,VEGE1,BUSIN,0.04,13682.948,4,4,13682.945,0.0,0.0,0.0,0.003,342073.7
1724397,IT,PT,INLAN,RETAI,0.02,13682.774,3,3,13682.774,0.0,0.0,0.0,0.0,684138.7
1785904,IT,ZA,RUBBE,POULT,0.05,13682.063,3,3,13682.063,0.0,0.0,0.0,0.0,273641.26
1685283,IT,HU,TEXTI,EDUCA,0.08,13681.782,4,4,13681.78,0.0,0.0,0.0,0.002,171022.275
1678173,IT,FR,INTER,ELEC3,0.08,13681.69,3,3,13681.69,0.0,0.0,0.0,0.0,171021.125
1731057,IT,SI,VEGET,MEAT1,0.05,13681.429,3,3,13681.429,0.0,0.0,0.0,0.0,273628.58
1721461,IT,PL,AIRTR,TRAN2,0.01,13681.029,3,3,13681.029,0.0,0.0,0.0,0.0,1368102.9
1787591,IT,WA,MEATP,SANDC,0.06,13680.856,3,3,13680.856,0.0,0.0,0.0,0.0,228014.266667
1644569,IT,BE,PROCE,RENTI,0.09,13680.817,3,3,13680.817,0.0,0.0,0.0,0.0,152009.077778
1731920,IT,SI,MOTOR,PRINT,0.02,13680.753,3,3,13680.753,0.0,0.0,0.0,0.0,684037.65
1758277,IT,BR,ALUM1,BIOGA,0.02,13680.573,3,3,13680.573,0.0,0.0,0.0,0.0,684028.65
1760950,IT,IN,HEAVY,MEDIC,0.02,13679.221,3,3,13679.221,0.0,0.0,0.0,0.0,683961.05
1810930,IT,WM,GASDI,SANDC,0.02,13678.772,3,3,13678.772,0.0,0.0,0.0,0.0,683938.6
1749371,IT,CN,PRINT,INSUR,0.13,13677.958,3,3,13677.958,0.0,0.0,0.0,0.0,105215.061538
1685082,IT,HU,FOOD5,RAWMI,0.07,13677.104,3,3,13677.104,0.0,0.0,0.0,0.0,195387.2
1774053,IT,CH,RETAI,MEMBE,0.11,13676.807,3,3,13676.807,0.0,0.0,0.0,0.0,124334.609091
1727352,IT,RO,POSTT,INSUR,0.23,13676.593,3,3,13676.593,0.0,0.0,0.0,0.0,59463.447826
1778800,IT,TR,LANDT,MACHI,0.09,13676.353,3,3,13676.353,0.0,0.0,0.0,0.0,151959.477778
1786660,IT,ZA,WHOLE,PREC1,0.12,13675.221,3,3,13675.221,0.0,0.0,0.0,0.0,113960.175
1775676,IT,TR,VEGET,WHOLE,0.05,13675.021,3,3,13675.021,0.0,0.0,0.0,0.0,273500.42
1738761,IT,GB,OFFIC,PAPER,0.04,13674.779,3,3,13674.779,0.0,0.0,0.0,0.0,341869.475
1742434,IT,US,BASIC,PADDY,0.02,13674.735,3,3,13674.735,0.0,0.0,0.0,0.0,683736.75
1690146,IT,IE,COMPU,PUBLI,0.16,13673.529,3,3,13673.529,0.0,0.0,0.0,0.0,85459.55625
1653851,IT,CZ,FABRI,COKEO,0.06,13673.374,3,3,13673.374,0.0,0.0,0.0,0.0,227889.566667
1662945,IT,DK,RETA1,RETA1,0.14,13672.359,3,3,13672.359,0.0,0.0,0.0,0.0,97659.707143
1752816,IT,CA,PAPER,GLASS,0.05,13672.213,3,3,13672.213,0.0,0.0,0.0,0.0,273444.26
1641341,IT,AT,KEROS,PLAST,0.02,13671.506,3,3,13671.506,0.0,0.0,0.0,0.0,683575.3
1807486,IT,WF,REALE,POSTT,0.58,13670.803,3,3,13670.803,0.0,0.0,0.0,0.0,23570.35
1804255,IT,WF,MOTOR,WOOLS,0.02,13670.682,3,3,13670.682,0.0,0.0,0.0,0.0,683534.1
1760677,IT,IN,PAPER,COKEO,0.05,13669.882,3,3,13669.882,0.0,0.0,0.0,0.0,273397.64
1756058,IT,KR,FABRI,COKEO,0.06,13669.817,3,3,13669.817,0.0,0.0,0.0,0.0,227830.283333
1786468,IT,ZA,MOTO1,NONME,0.07,13669.657,3,3,13669.657,0.0,0.0,0.0,0.0,195280.814286
1788002,IT,WA,TEXTI,TOBAC,0.08,13669.525,4,4,13669.523,0.0,0.0,0.0,0.002,170869.0625
1662491,IT,DK,LEAD1,LEAD1,0.02,13669.191,3,3,13669.191,0.0,0.0,0.0,0.0,683459.55
1796811,IT,WL,TRAN2,PUBLI,0.02,13669.099,3,3,13669.099,0.0,0.0,0.0,0.0,683454.95
1755011,IT,KR,WEARI,LEATH,0.1,13668.897,4,4,13668.894,0.0,0.0,0.0,0.003,136688.97
1789102,IT,WA,PARAF,SANDC,0.02,13668.812,3,3,13668.812,0.0,0.0,0.0,0.0,683440.6
1659930,IT,DE,TRAN2,ELEC8,0.02,13667.55,3,3,13667.55,0.0,0.0,0.0,0.0,683377.5
1649520,IT,BG,RUBBE,LEATH,0.05,13667.052,3,3,13667.052,0.0,0.0,0.0,0.0,273341.04
1750123,IT,CN,PREC1,PRINT,0.02,13666.895,3,3,13666.895,0.0,0.0,0.0,0.0,683344.75
1719619,IT,PL,CERAM,COLLE,0.02,13666.538,3,3,13666.538,0.0,0.0,0.0,0.0,683326.9
1807926,IT,WF,PLAS1,VEGE1,0.05,13666.525,3,3,13666.525,0.0,0.0,0.0,0.0,273330.5
1760444,IT,IN,FOOD5,MEMBE,0.07,13666.069,3,3,13666.069,0.0,0.0,0.0,0.0,195229.557143
1680087,IT,GR,MACHI,HEALT,0.08,13665.995,3,3,13665.995,0.0,0.0,0.0,0.0,170824.9375
1732235,IT,SI,LIQUE,VEGET,0.02,13665.959,3,3,13665.959,0.0,0.0,0.0,0.0,683297.95
1645972,IT,BE,BRICK,WHOLE,0.02,13665.634,3,3,13665.634,0.0,0.0,0.0,0.0,683281.7
1687625,IT,HU,AIRTR,CRUDE,0.01,13665.306,3,3,13665.306,0.0,0.0,0.0,0.0,1366530.6
1784444,IT,ID,BASIC,MEDIC,0.02,13664.787,3,3,13664.787,0.0,0.0,0.0,0.0,683239.35
1761935,IT,IN,FURNI,FOUND,0.04,13664.698,3,3,13664.698,0.0,0.0,0.0,0.0,341617.45
1672401,IT,FI,BUSIN,ELEC5,0.14,13663.952,3,3,13663.952,0.0,0.0,0.0,0.0,97599.657143
1758964,IT,BR,LANDT,CEREA,0.09,13663.12,3,3,13663.12,0.0,0.0,0.0,0.0,151812.444444
1760767,IT,IN,PRINT,MACHI,0.13,13662.805,3,3,13662.805,0.0,0.0,0.0,0.0,105098.5
1733135,IT,SI,FABRI,ELEC1,0.06,13662.72,3,3,13662.72,0.0,0.0,0.0,0.0,227712.0
1730365,IT,SE,SUPPO,RENTI,0.1,13662.297,3,3,13662.297,0.0,0.0,0.0,0.0,136622.97
1784427,IT,ID,NONME,PUBLI,0.03,13661.925,3,3,13661.925,0.0,0.0,0.0,0.0,455397.5
1734726,IT,SK,LEATH,DIST1,0.1,13661.517,4,4,13661.515,0.0,0.0,0.0,0.002,136615.17
1804922,IT,WF,BITU1,COMPU,0.02,13661.036,3,3,13661.036,0.0,0.0,0.0,0.0,683051.8
1683781,IT,HR,MACHI,MEMBE,0.08,13660.424,3,3,13660.424,0.0,0.0,0.0,0.0,170755.3
1755668,IT,KR,RUBBE,FOUND,0.05,13659.124,3,3,13659.124,0.0,0.0,0.0,0.0,273182.48
1786647,IT,ZA,WHOLE,PULP5,0.12,13658.906,3,3,13658.906,0.0,0.0,0.0,0.0,113824.216667
1715871,IT,NL,RUBBE,SEACO,0.05,13658.553,3,3,13658.553,0.0,0.0,0.0,0.0,273171.06
1763101,IT,MX,WEARI,PLAST,0.1,13658.549,4,4,13658.546,0.0,0.0,0.0,0.003,136585.49
1798200,IT,WE,VEGET,MEAT1,0.05,13657.723,3,3,13657.723,0.0,0.0,0.0,0.0,273154.46
1641200,IT,AT,PRINT,LANDT,0.13,13657.185,3,3,13657.185,0.0,0.0,0.0,0.0,105055.269231
1800654,IT,WE,CERAM,GASDI,0.02,13656.528,3,3,13656.528,0.0,0.0,0.0,0.0,682826.4
1805892,IT,WF,ALUM1,ELEC2,0.02,13655.085,3,3,13655.085,0.0,0.0,0.0,0.0,682754.25
1804936,IT,WF,NONSP,IRONO,0.02,13654.509,3,3,13654.509,0.0,0.0,0.0,0.0,682725.45
1783227,IT,NO,BUSIN,SEACO,0.14,13654.468,3,3,13654.468,0.0,0.0,0.0,0.0,97531.914286
1765237,IT,RU,ANIMA,HOTEL,0.05,13653.84,3,3,13653.84,0.0,0.0,0.0,0.0,273076.8
1802256,IT,WE,LANDT,TEXTI,0.09,13653.727,3,3,13653.727,0.0,0.0,0.0,0.0,151708.077778
1784888,IT,ID,AIRTR,COMPU,0.01,13653.615,3,3,13653.615,0.0,0.0,0.0,0.0,1365361.5
1740675,IT,US,STONE,PUBLI,0.04,13653.576,4,4,13652.576,0.0,0.0,1.0,0.0,341339.4
1723145,IT,PT,CHEM1,WOOD2,0.03,13653.081,3,3,13653.081,0.0,0.0,0.0,0.0,455102.7
1758321,IT,BR,COPP1,MOTO1,0.03,13652.661,3,3,13652.661,0.0,0.0,0.0,0.0,455088.7
1669417,IT,ES,INSUR,FURNI,0.28,13652.363,3,3,13652.363,0.0,0.0,0.0,0.0,48758.439286
1672610,IT,FR,FORES,PUBLI,0.12,13650.936,4,4,13645.936,0.0,5.0,0.0,0.0,113757.8
1752305,IT,CA,CHEMI,NFERT,0.03,13650.378,4,4,13649.378,0.0,0.0,1.0,0.0,455012.6
1644386,IT,BE,MEATC,FABRI,0.05,13650.274,3,3,13650.274,0.0,0.0,0.0,0.0,273005.48
1750939,IT,CN,CONST,AIRTR,0.08,13649.735,3,3,13649.735,0.0,0.0,0.0,0.0,170621.6875
1711131,IT,LU,COPP1,HOTEL,0.03,13649.396,3,3,13649.396,0.0,0.0,0.0,0.0,454979.866667
1684400,IT,HR,POSTT,PUBLI,0.22,13649.085,3,3,13649.085,0.0,0.0,0.0,0.0,62041.295455
1758387,IT,BR,FABRI,REFI1,0.06,13649.036,3,3,13649.036,0.0,0.0,0.0,0.0,227483.933333
1717768,IT,NL,EDUCA,PUBLI,0.34,13648.405,3,3,13648.405,0.0,0.0,0.0,0.0,40142.367647
1806339,IT,WF,OFFIC,RECRE,0.04,13648.135,3,3,13648.135,0.0,0.0,0.0,0.0,341203.375
1770010,IT,AU,FURNI,FABRI,0.04,13647.058,3,3,13647.058,0.0,0.0,0.0,0.0,341176.45
1746440,IT,JP,GLASS,PAPER,0.04,13646.944,3,3,13646.944,0.0,0.0,0.0,0.0,341173.6
1775378,IT,CH,PUBLI,RUBBE,0.22,13646.607,3,3,13646.607,0.0,0.0,0.0,0.0,62030.031818
1640718,IT,AT,TEXTI,RAWMI,0.08,13644.866,4,4,13644.864,0.0,0.0,0.0,0.002,170560.825
1768857,IT,AU,LEATH,FINAN,0.1,13644.851,4,4,13644.849,0.0,0.0,0.0,0.002,136448.51
1758409,IT,BR,FABRI,FOUND,0.06,13643.028,3,3,13643.028,0.0,0.0,0.0,0.0,227383.8
1686833,IT,HU,FABRI,ELEC2,0.06,13642.805,3,3,13642.805,0.0,0.0,0.0,0.0,227380.083333
1784681,IT,ID,MOTO1,RETA1,0.07,13642.791,3,3,13642.791,0.0,0.0,0.0,0.0,194897.014286
1755203,IT,KR,WOODW,CHEM1,0.04,13641.996,3,3,13641.996,0.0,0.0,0.0,0.0,341049.9
1752286,IT,CA,SANDC,CRUDE,0.03,13641.418,4,4,13638.418,0.0,0.0,3.0,0.0,454713.933333
1682004,IT,HR,BEVER,DAIRY,0.06,13641.304,3,3,13641.304,0.0,0.0,0.0,0.0,227355.066667
1732104,IT,SI,KERO1,OILHA,0.02,13641.221,3,3,13641.221,0.0,0.0,0.0,0.0,682061.05
1686473,IT,HU,PREC1,NATUR,0.02,13641.091,3,3,13641.091,0.0,0.0,0.0,0.0,682054.55
1804475,IT,WF,GASDI,SUGA1,0.02,13640.054,3,3,13640.054,0.0,0.0,0.0,0.0,682002.7
1734892,IT,SK,PAPER,RENTI,0.05,13639.543,3,3,13639.543,0.0,0.0,0.0,0.0,272790.86
1783190,IT,NO,COMPU,REALE,0.16,13639.195,3,3,13639.195,0.0,0.0,0.0,0.0,85244.96875
1748865,IT,CN,WEARI,WOOLS,0.1,13639.189,4,4,13639.186,0.0,0.0,0.0,0.003,136391.89
1793247,IT,WA,PRIVA,SUGA1,3.04,13638.654,4,4,13638.652,0.0,0.0,0.0,0.002,4486.399342
1688811,IT,IE,GLASS,REALE,0.04,13638.63,3,3,13638.63,0.0,0.0,0.0,0.0,340965.75
1728370,IT,SE,TEXTI,ELECT,0.08,13638.303,4,4,13638.301,0.0,0.0,0.0,0.002,170478.7875
1711554,IT,LU,FINAN,MEATP,0.18,13638.237,3,3,13638.237,0.0,0.0,0.0,0.0,75767.983333
1756495,IT,KR,RETAI,RUBBE,0.11,13638.075,3,3,13638.075,0.0,0.0,0.0,0.0,123982.5
1720224,IT,PL,COPP1,PLAS2,0.03,13637.982,3,3,13637.982,0.0,0.0,0.0,0.0,454599.4
1731669,IT,SI,WOODW,BRICK,0.04,13637.93,3,3,13637.93,0.0,0.0,0.0,0.0,340948.25
1731571,IT,SI,TEXTI,DIST1,0.08,13637.094,4,4,13637.092,0.0,0.0,0.0,0.002,170463.675
1651464,IT,CY,GASDI,EDUCA,0.02,13636.582,3,3,13636.582,0.0,0.0,0.0,0.0,681829.1
1683674,IT,HR,FABRI,AIRTR,0.06,13636.336,3,3,13636.336,0.0,0.0,0.0,0.0,227272.266667
1683401,IT,HR,BASIC,GLASS,0.02,13635.68,3,3,13635.68,0.0,0.0,0.0,0.0,681784.0
1792370,IT,WA,FINAN,COMPU,0.18,13635.542,3,3,13635.542,0.0,0.0,0.0,0.0,75753.011111
1670679,IT,FI,WOODW,FISH5,0.04,13635.537,3,3,13635.537,0.0,0.0,0.0,0.0,340888.425
1664186,IT,EE,GLASS,MOTO1,0.04,13634.605,3,3,13634.605,0.0,0.0,0.0,0.0,340865.125
1719075,IT,PL,LUBRI,OILHA,0.02,13633.062,3,3,13633.062,0.0,0.0,0.0,0.0,681653.1
1668381,IT,ES,RETA1,VEGE1,0.14,13632.832,3,3,13632.832,0.0,0.0,0.0,0.0,97377.371429
1802254,IT,WE,LANDT,BEVER,0.09,13632.571,3,3,13632.571,0.0,0.0,0.0,0.0,151473.011111
1684277,IT,HR,AIRTR,PLAST,0.01,13632.433,3,3,13632.433,0.0,0.0,0.0,0.0,1363243.3
1714401,IT,NL,VEGET,MEAT4,0.05,13631.807,3,3,13631.807,0.0,0.0,0.0,0.0,272636.14
1813499,IT,WM,SALEM,93197,0.11,13630.819,3,3,13630.819,0.0,0.0,0.0,0.0,123916.536364
1663953,IT,EE,PAPER,MEATP,0.05,13630.134,3,3,13630.134,0.0,0.0,0.0,0.0,272602.68
1782289,IT,NO,COPP1,CHEM1,0.03,13628.882,3,3,13628.882,0.0,0.0,0.0,0.0,454296.066667
1669315,IT,ES,FINAN,ELEC1,0.18,13628.467,3,3,13628.467,0.0,0.0,0.0,0.0,75713.705556
1650920,IT,BG,SEACO,ALUM1,0.01,13628.153,3,3,13628.153,0.0,0.0,0.0,0.0,1362815.3
1800075,IT,WE,NAPHT,NICKE,0.02,13627.553,3,3,13627.553,0.0,0.0,0.0,0.0,681377.65
1791069,IT,WA,TRANS,PULP5,0.08,13627.359,3,3,13627.359,0.0,0.0,0.0,0.0,170341.9875
1647677,IT,BE,FINAN,POSTT,0.18,13626.829,3,3,13626.829,0.0,0.0,0.0,0.0,75704.605556
1741999,IT,US,ADDIT,HEAVY,0.03,13626.256,3,3,13626.256,0.0,0.0,0.0,0.0,454208.533333
1770391,IT,AU,LANDT,FURNI,0.09,13625.749,3,3,13625.749,0.0,0.0,0.0,0.0,151397.211111
1736801,IT,SK,COMPU,CONST,0.16,13624.969,3,3,13624.969,0.0,0.0,0.0,0.0,85156.05625
1652895,IT,CZ,KEROS,FABRI,0.02,13624.764,3,3,13624.764,0.0,0.0,0.0,0.0,681238.2
1772961,IT,CH,PREC1,ELEC2,0.02,13624.302,3,3,13624.302,0.0,0.0,0.0,0.0,681215.1
1740694,IT,US,CHEMI,NATU1,0.03,13622.945,4,4,13621.945,0.0,0.0,1.0,0.0,454098.166667
1808390,IT,WF,WASTE,MOTO1,0.04,13621.202,3,3,13621.202,0.0,0.0,0.0,0.0,340530.05
1802114,IT,WE,RETA1,FURNI,0.14,13621.032,3,3,13621.032,0.0,0.0,0.0,0.0,97293.085714
1717508,IT,NL,REALE,RESEA,0.58,13620.716,3,3,13620.716,0.0,0.0,0.0,0.0,23483.993103
1677631,IT,FR,REALE,FINAN,0.58,13620.612,3,3,13620.612,0.0,0.0,0.0,0.0,23483.813793
1688643,IT,IE,PLAST,BUSIN,0.03,13620.567,3,3,13620.567,0.0,0.0,0.0,0.0,454018.9
1746513,IT,JP,CERAM,93197,0.02,13619.872,3,3,13619.872,0.0,0.0,0.0,0.0,680993.6
1746327,IT,JP,ADDIT,REFI1,0.03,13619.438,3,3,13619.438,0.0,0.0,0.0,0.0,453981.266667
1800706,IT,WE,CEMEN,CHEM1,0.02,13619.394,3,3,13619.394,0.0,0.0,0.0,0.0,680969.7
1766942,IT,RU,MOTO1,WOODW,0.07,13619.027,3,3,13619.027,0.0,0.0,0.0,0.0,194557.528571
1752521,IT,CA,FOOD5,NONSP,0.07,13618.705,3,3,13618.705,0.0,0.0,0.0,0.0,194552.928571
1787091,IT,ZA,BUSIN,CHEM1,0.14,13617.379,3,3,13617.379,0.0,0.0,0.0,0.0,97266.992857
1797721,IT,WL,PLAS1,COMPU,0.05,13617.31,3,3,13617.31,0.0,0.0,0.0,0.0,272346.2
1767356,IT,RU,RAILW,SUPPO,0.09,13616.898,3,3,13616.898,0.0,0.0,0.0,0.0,151298.866667
1654005,IT,CZ,MACHI,LEAD1,0.08,13616.678,3,3,13616.678,0.0,0.0,0.0,0.0,170208.475
1798560,IT,WE,CHEMI,CHEM1,0.03,13616.003,4,4,13615.003,0.0,0.0,1.0,0.0,453866.766667
1787223,IT,WA,VEGET,LEADZ,0.05,13615.888,3,3,13615.888,0.0,0.0,0.0,0.0,272317.76
1742166,IT,US,GLASS,MOTOR,0.04,13615.423,3,3,13615.423,0.0,0.0,0.0,0.0,340385.575
1714557,IT,NL,CRUDE,TRAN2,0.03,13615.119,3,3,13615.119,0.0,0.0,0.0,0.0,453837.3
1777453,IT,TR,NONME,RESEA,0.03,13614.741,3,3,13614.741,0.0,0.0,0.0,0.0,453824.7
1647324,IT,BE,TRAN2,REALE,0.02,13614.079,3,3,13614.079,0.0,0.0,0.0,0.0,680703.95
1771657,IT,CH,WEARI,FABRI,0.1,13613.961,4,4,13613.958,0.0,0.0,0.0,0.003,136139.61
1767676,IT,RU,POSTT,REALE,0.22,13613.303,3,3,13613.303,0.0,0.0,0.0,0.0,61878.65
1755225,IT,KR,WOODW,PUBLI,0.04,13613.095,3,3,13613.095,0.0,0.0,0.0,0.0,340327.375
1743979,IT,US,AIRTR,PULP5,0.01,13612.964,3,3,13612.964,0.0,0.0,0.0,0.0,1361296.4
1652056,IT,CZ,FORES,PULP5,0.12,13612.931,4,4,13607.931,0.0,5.0,0.0,0.0,113441.091667
1684945,IT,HU,MEATP,RUBBE,0.06,13612.876,3,3,13612.876,0.0,0.0,0.0,0.0,226881.266667
1793440,IT,WL,FORES,BIODI,0.12,13612.81,4,4,13607.81,0.0,5.0,0.0,0.0,113440.083333
1681963,IT,HR,FOOD5,CEMEN,0.07,13612.808,3,3,13612.808,0.0,0.0,0.0,0.0,194468.685714
1780319,IT,TW,INLAN,93197,0.02,13612.712,3,3,13612.712,0.0,0.0,0.0,0.0,680635.6
1735694,IT,SK,FABRI,NONME,0.06,13612.545,3,3,13612.545,0.0,0.0,0.0,0.0,226875.75
1733158,IT,SI,FABRI,RENTI,0.06,13611.761,3,3,13611.761,0.0,0.0,0.0,0.0,226862.683333
1643252,IT,AT,HOTEL,ELEC8,0.1,13611.752,3,3,13611.752,0.0,0.0,0.0,0.0,136117.52
1769440,IT,AU,NONME,FABRI,0.03,13611.707,3,3,13611.707,0.0,0.0,0.0,0.0,453723.566667
1746548,IT,JP,NONME,ELE12,0.03,13611.172,3,3,13611.172,0.0,0.0,0.0,0.0,453705.733333
1744090,IT,US,SUPPO,BEVER,0.1,13610.074,3,3,13610.074,0.0,0.0,0.0,0.0,136100.74
1722070,IT,PL,BUSIN,MEAT1,0.14,13609.293,3,3,13609.293,0.0,0.0,0.0,0.0,97209.235714
1799821,IT,WE,GASDI,PRECI,0.02,13608.809,3,3,13608.809,0.0,0.0,0.0,0.0,680440.45
1649300,IT,BG,PARAF,SUGA1,0.02,13608.535,3,3,13608.535,0.0,0.0,0.0,0.0,680426.75
1681288,IT,GR,FINAN,RECRE,0.18,13608.393,3,3,13608.393,0.0,0.0,0.0,0.0,75602.183333
1803181,IT,WF,CROPS,FORES,0.11,13607.953,3,3,13607.953,0.0,0.0,0.0,0.0,123708.663636
1726441,IT,RO,FABRI,NONSP,0.06,13607.656,3,3,13607.656,0.0,0.0,0.0,0.0,226794.266667
1745739,IT,JP,WEARI,BRICK,0.1,13607.597,4,4,13607.594,0.0,0.0,0.0,0.003,136075.97
1662981,IT,DK,HOTEL,MEATC,0.1,13606.781,3,3,13606.781,0.0,0.0,0.0,0.0,136067.81
1689928,IT,IE,AUXIL,RESEA,0.25,13605.781,3,3,13605.781,0.0,0.0,0.0,0.0,54423.124
1709920,IT,LT,BASIC,TEXTI,0.02,13605.406,3,3,13605.406,0.0,0.0,0.0,0.0,680270.3
1791393,IT,WA,RETAI,RETA1,0.11,13605.338,3,3,13605.338,0.0,0.0,0.0,0.0,123684.890909
1680834,IT,GR,RAILW,REALE,0.09,13605.291,3,3,13605.291,0.0,0.0,0.0,0.0,151169.9
1804429,IT,WF,KERO1,SUGA1,0.02,13604.942,3,3,13604.942,0.0,0.0,0.0,0.0,680247.1
1642941,IT,AT,FURNI,CERAM,0.04,13604.237,3,3,13604.237,0.0,0.0,0.0,0.0,340105.925
1776641,IT,TR,GASDI,FINAN,0.02,13604.096,3,3,13604.096,0.0,0.0,0.0,0.0,680204.8
1664995,IT,ES,CHEMI,GASDI,0.03,13602.636,4,4,13601.636,0.0,0.0,1.0,0.0,453421.2
1772753,IT,CH,NONME,VEGET,0.03,13602.45,3,3,13602.45,0.0,0.0,0.0,0.0,453415.0
1755858,IT,KR,NONME,SANDC,0.03,13601.401,3,3,13601.401,0.0,0.0,0.0,0.0,453380.033333
1783381,IT,NO,PLAS1,RENTI,0.05,13600.863,3,3,13600.863,0.0,0.0,0.0,0.0,272017.26
1738206,IT,GB,CERAM,RENTI,0.02,13600.437,3,3,13600.437,0.0,0.0,0.0,0.0,680021.85
1659288,IT,DE,SALEM,PLAS1,0.11,13600.2,3,3,13600.2,0.0,0.0,0.0,0.0,123638.181818
1795885,IT,WL,OFFIC,FURNI,0.04,13599.109,3,3,13599.109,0.0,0.0,0.0,0.0,339977.725
1668377,IT,ES,RETA1,STONE,0.14,13599.103,3,3,13599.103,0.0,0.0,0.0,0.0,97136.45
1751155,IT,CN,HOTEL,FORES,0.1,13598.843,3,3,13598.843,0.0,0.0,0.0,0.0,135988.43
1800910,IT,WE,PREC1,NONME,0.02,13598.692,3,3,13598.692,0.0,0.0,0.0,0.0,679934.6
1782933,IT,NO,AIRTR,KEROS,0.01,13596.72,3,3,13596.72,0.0,0.0,0.0,0.0,1359672.0
1755698,IT,KR,RUBBE,INSUR,0.05,13596.466,3,3,13596.466,0.0,0.0,0.0,0.0,271929.32
1677247,IT,FR,FINAN,POULT,0.18,13594.964,3,3,13594.964,0.0,0.0,0.0,0.0,75527.577778
1731728,IT,SI,PULP5,ALUM1,0.04,13594.657,3,3,13594.657,0.0,0.0,0.0,0.0,339866.425
1710149,IT,LT,MACHI,GASDI,0.08,13594.351,3,3,13594.351,0.0,0.0,0.0,0.0,169929.3875
1766295,IT,RU,CERAM,FOOD4,0.02,13593.912,3,3,13593.912,0.0,0.0,0.0,0.0,679695.6
1720809,IT,PL,FURNI,PRINT,0.04,13593.664,3,3,13593.664,0.0,0.0,0.0,0.0,339841.6
1789706,IT,WA,RUBBE,FOOD3,0.05,13593.66,3,3,13593.66,0.0,0.0,0.0,0.0,271873.2
1772831,IT,CH,BASIC,NATUR,0.02,13593.188,3,3,13593.188,0.0,0.0,0.0,0.0,679659.4
1797857,IT,WL,FOOD2,RESEA,0.08,13591.874,3,3,13591.874,0.0,0.0,0.0,0.0,169898.425
1749401,IT,CN,KEROS,FISHF,0.02,13591.647,3,3,13591.647,0.0,0.0,0.0,0.0,679582.35
1718719,IT,PL,PULP5,TOBAC,0.04,13591.411,3,3,13591.411,0.0,0.0,0.0,0.0,339785.275
1808941,IT,WM,CEREA,CONST,0.02,13591.218,3,3,13591.218,0.0,0.0,0.0,0.0,679560.9
1659258,IT,DE,SALEM,ELEC5,0.11,13590.985,3,3,13590.985,0.0,0.0,0.0,0.0,123554.409091
1785874,IT,ZA,ADDIT,PAPER,0.03,13590.973,3,3,13590.973,0.0,0.0,0.0,0.0,453032.433333
1640300,IT,AT,SANDC,DISTR,0.03,13590.905,4,4,13587.905,0.0,0.0,3.0,0.0,453030.166667
1668498,IT,ES,HOTEL,WOODW,0.1,13590.149,3,3,13590.149,0.0,0.0,0.0,0.0,135901.49
1741451,IT,US,MOTOR,FURNI,0.02,13589.782,3,3,13589.782,0.0,0.0,0.0,0.0,679489.1
1715097,IT,NL,WEARI,LANDT,0.1,13589.206,4,4,13589.203,0.0,0.0,0.0,0.003,135892.06
1781348,IT,NO,DAIRY,TEXTI,0.06,13589.134,3,3,13589.134,0.0,0.0,0.0,0.0,226485.566667
1760605,IT,IN,WOODW,MEDIC,0.04,13589.098,3,3,13589.098,0.0,0.0,0.0,0.0,339727.45
1676545,IT,FR,HOTEL,MEATP,0.1,13588.896,3,3,13588.896,0.0,0.0,0.0,0.0,135888.96
1686006,IT,HU,BIODI,FABRI,0.03,13588.607,3,3,13588.607,0.0,0.0,0.0,0.0,452953.566667
1802722,IT,WE,RESEA,CRUDE,0.07,13587.251,3,3,13587.251,0.0,0.0,0.0,0.0,194103.585714
1812779,IT,WM,FABRI,PLANT,0.06,13587.21,3,3,13587.21,0.0,0.0,0.0,0.0,226453.5
1740672,IT,US,STONE,WHOLE,0.04,13586.234,4,4,13585.234,0.0,0.0,1.0,0.0,339655.85
1719647,IT,PL,CEMEN,NATUR,0.02,13585.747,3,3,13585.747,0.0,0.0,0.0,0.0,679287.35
1759007,IT,BR,LANDT,ELEC4,0.09,13585.512,3,3,13585.512,0.0,0.0,0.0,0.0,150950.133333
1797751,IT,WL,INTER,PUBLI,0.08,13584.769,3,3,13584.769,0.0,0.0,0.0,0.0,169809.6125
1757172,IT,BR,CHEMI,MOTO1,0.03,13584.098,4,4,13583.098,0.0,0.0,1.0,0.0,452803.266667
1765845,IT,RU,HEAVY,FABRI,0.02,13583.91,3,3,13583.91,0.0,0.0,0.0,0.0,679195.5
1716330,IT,NL,FABRI,SALEM,0.06,13581.996,3,3,13581.996,0.0,0.0,0.0,0.0,226366.6
1712759,IT,LV,LANDT,BASIC,0.09,13581.789,3,3,13581.789,0.0,0.0,0.0,0.0,150908.766667
1758057,IT,BR,RUBBE,FOOD4,0.04,13581.776,3,3,13581.776,0.0,0.0,0.0,0.0,339544.4
1743793,IT,US,LANDT,ELEC1,0.09,13580.722,3,3,13580.722,0.0,0.0,0.0,0.0,150896.911111
1741270,IT,US,PAPER,FISH5,0.05,13578.372,3,3,13578.372,0.0,0.0,0.0,0.0,271567.44
1788357,IT,WA,WOODW,VEGET,0.04,13578.253,3,3,13578.253,0.0,0.0,0.0,0.0,339456.325
1808242,IT,WF,FOOD2,CEREA,0.08,13577.776,3,3,13577.776,0.0,0.0,0.0,0.0,169722.2
1675771,IT,FR,FURNI,DIST1,0.04,13577.464,3,3,13577.464,0.0,0.0,0.0,0.0,339436.6
1789708,IT,WA,RUBBE,FOOD4,0.04,13577.375,3,3,13577.375,0.0,0.0,0.0,0.0,339434.375
1671777,IT,FI,WHOLE,VEGET,0.12,13577.102,3,3,13577.102,0.0,0.0,0.0,0.0,113142.516667
1647359,IT,BE,SEACO,RADIO,0.01,13576.947,3,3,13576.947,0.0,0.0,0.0,0.0,1357694.7
1813458,IT,WM,CONST,BUSIN,0.08,13576.131,3,3,13576.131,0.0,0.0,0.0,0.0,169701.6375
1808943,IT,WM,CEREA,RETAI,0.02,13575.359,3,3,13575.359,0.0,0.0,0.0,0.0,678767.95
1777448,IT,TR,NONME,SALEM,0.03,13574.99,3,3,13574.99,0.0,0.0,0.0,0.0,452499.666667
1657463,IT,DE,RUBBE,BIOG1,0.04,13574.802,3,3,13574.802,0.0,0.0,0.0,0.0,339370.05
1714552,IT,NL,CRUDE,CONST,0.03,13574.649,3,3,13574.649,0.0,0.0,0.0,0.0,452488.3
1764523,IT,MX,CONST,COMPU,0.08,13574.596,3,3,13574.596,0.0,0.0,0.0,0.0,169682.45
1776202,IT,TR,WOODW,PULP5,0.04,13573.752,3,3,13573.752,0.0,0.0,0.0,0.0,339343.8
1719262,IT,PL,CHEM1,ADDIT,0.03,13573.262,3,3,13573.262,0.0,0.0,0.0,0.0,452442.066667
1745057,IT,US,PUBLI,MEDIC,0.22,13572.769,3,3,13572.769,0.0,0.0,0.0,0.0,61694.404545
1748893,IT,CN,WEARI,NAPHT,0.1,13572.432,4,4,13572.429,0.0,0.0,0.0,0.003,135724.32
1788462,IT,WA,PULP5,BIOGA,0.04,13572.396,3,3,13572.396,0.0,0.0,0.0,0.0,339309.9
1684108,IT,HR,HOTEL,INERT,0.1,13572.278,3,3,13572.278,0.0,0.0,0.0,0.0,135722.78
1805798,IT,WF,PREC1,PFERT,0.02,13571.491,3,3,13571.491,0.0,0.0,0.0,0.0,678574.55
1686949,IT,HU,MACHI,MEDIC,0.08,13570.32,3,3,13570.32,0.0,0.0,0.0,0.0,169629.0
1719026,IT,PL,GASDI,BUSIN,0.02,13570.271,3,3,13570.271,0.0,0.0,0.0,0.0,678513.55
1781104,IT,TW,PUBLI,LANDT,0.22,13569.838,3,3,13569.838,0.0,0.0,0.0,0.0,61681.081818
1809706,IT,WM,PROCE,AUXIL,0.09,13569.473,3,3,13569.473,0.0,0.0,0.0,0.0,150771.922222
1794212,IT,WL,PRINT,TRAN1,0.13,13569.309,3,3,13569.309,0.0,0.0,0.0,0.0,104379.3
1733912,IT,SI,AIRTR,REALE,0.01,13568.397,3,3,13568.397,0.0,0.0,0.0,0.0,1356839.7
1780206,IT,TW,RAILW,GASDI,0.09,13568.238,3,3,13568.238,0.0,0.0,0.0,0.0,150758.2
1767513,IT,RU,SEACO,LANDT,0.01,13568.092,3,3,13568.092,0.0,0.0,0.0,0.0,1356809.2
1757740,IT,BR,LUBRI,HEAVY,0.02,13568.012,3,3,13568.012,0.0,0.0,0.0,0.0,678400.6
1742218,IT,US,CERAM,CHEMI,0.02,13567.762,3,3,13567.762,0.0,0.0,0.0,0.0,678388.1
1663938,IT,EE,WOODW,DIST1,0.04,13567.735,3,3,13567.735,0.0,0.0,0.0,0.0,339193.375
1678829,IT,GR,BEVER,RUBBE,0.06,13567.415,3,3,13567.415,0.0,0.0,0.0,0.0,226123.583333
1677537,IT,FR,AUXIL,SEWAG,0.25,13566.473,3,3,13566.473,0.0,0.0,0.0,0.0,54265.892
1710145,IT,LT,MACHI,PAPER,0.08,13565.568,3,3,13565.568,0.0,0.0,0.0,0.0,169569.6
1806838,IT,WF,RETA1,DIST1,0.14,13565.019,3,3,13565.019,0.0,0.0,0.0,0.0,96892.992857
1663100,IT,DK,RAILW,ELEC1,0.09,13564.454,3,3,13564.454,0.0,0.0,0.0,0.0,150716.155556
1807140,IT,WF,AIRTR,DAIRY,0.01,13564.045,3,3,13564.045,0.0,0.0,0.0,0.0,1356404.5
1667753,IT,ES,OFFIC,SANDC,0.04,13563.699,3,3,13563.699,0.0,0.0,0.0,0.0,339092.475
1805585,IT,WF,CEMEN,FABRI,0.02,13563.681,3,3,13563.681,0.0,0.0,0.0,0.0,678184.05
1721300,IT,PL,LANDT,AUXIL,0.09,13562.192,3,3,13562.192,0.0,0.0,0.0,0.0,150691.022222
1802763,IT,WE,BUSIN,FORES,0.14,13562.132,3,3,13562.132,0.0,0.0,0.0,0.0,96872.371429
1755402,IT,KR,KEROS,PRIVA,0.02,13561.849,3,3,13561.849,0.0,0.0,0.0,0.0,678092.45
1676421,IT,FR,WHOLE,FOOD4,0.12,13561.658,3,3,13561.658,0.0,0.0,0.0,0.0,113013.816667
1793349,IT,WA,PRIVA,RECRE,3.03,13561.457,4,4,13561.455,0.0,0.0,0.0,0.002,4475.728383
1808012,IT,WF,INTER,COPPE,0.08,13560.924,3,3,13560.924,0.0,0.0,0.0,0.0,169511.55
1657043,IT,DE,PARAF,LUBRI,0.02,13560.573,3,3,13560.573,0.0,0.0,0.0,0.0,678028.65
1682917,IT,HR,NAPHT,STEAM,0.02,13559.81,3,3,13559.81,0.0,0.0,0.0,0.0,677990.5
1717542,IT,NL,RENTI,LANDT,0.08,13559.713,3,3,13559.713,0.0,0.0,0.0,0.0,169496.4125
1687710,IT,HU,SUPPO,SANDC,0.1,13559.555,3,3,13559.555,0.0,0.0,0.0,0.0,135595.55
1727626,IT,RO,RENTI,CRUDE,0.08,13559.297,3,3,13559.297,0.0,0.0,0.0,0.0,169491.2125
1732575,IT,SI,RUBBE,WASTE,0.04,13558.936,3,3,13558.936,0.0,0.0,0.0,0.0,338973.4
1786493,IT,ZA,MOTO1,RENTI,0.07,13558.723,3,3,13558.723,0.0,0.0,0.0,0.0,193696.042857
1714936,IT,NL,BEVER,PAPE1,0.06,13558.685,3,3,13558.685,0.0,0.0,0.0,0.0,225978.083333
1641541,IT,AT,HEAVY,MEDIC,0.02,13557.75,3,3,13557.75,0.0,0.0,0.0,0.0,677887.5
1752177,IT,CN,PUBLI,PRINT,0.22,13557.512,3,3,13557.512,0.0,0.0,0.0,0.0,61625.054545
1687029,IT,HU,OFFIC,RENTI,0.04,13557.1,3,3,13557.1,0.0,0.0,0.0,0.0,338927.5
1763551,IT,MX,CHEM1,LUBRI,0.03,13555.958,3,3,13555.958,0.0,0.0,0.0,0.0,451865.266667
1690350,IT,IE,FOOD3,RETA1,0.04,13555.812,3,3,13555.812,0.0,0.0,0.0,0.0,338895.3
1721141,IT,PL,RAILW,BIODI,0.09,13555.184,3,3,13555.184,0.0,0.0,0.0,0.0,150613.155556
1734610,IT,SK,FISH5,RETA1,0.06,13554.647,4,4,13554.64,0.0,0.0,0.0,0.007,225910.783333
1731147,IT,SI,STONE,CEMEN,0.04,13554.571,4,4,13553.571,0.0,0.0,1.0,0.0,338864.275
1761850,IT,IN,MOTO1,RETA1,0.07,13554.355,3,3,13554.355,0.0,0.0,0.0,0.0,193633.642857
1813100,IT,WM,MOTO1,POULT,0.07,13554.352,3,3,13554.352,0.0,0.0,0.0,0.0,193633.6
1805663,IT,WF,NONME,PUBLI,0.03,13553.947,3,3,13553.947,0.0,0.0,0.0,0.0,451798.233333
1772880,IT,CH,BASIC,ELEC8,0.02,13553.224,3,3,13553.224,0.0,0.0,0.0,0.0,677661.2
1712572,IT,LV,MACHI,SECO9,0.08,13553.218,3,3,13553.218,0.0,0.0,0.0,0.0,169415.225
1753120,IT,CA,RUBBE,ALUM1,0.04,13553.045,3,3,13553.045,0.0,0.0,0.0,0.0,338826.125
1739376,IT,GB,RAILW,RETA1,0.09,13552.204,3,3,13552.204,0.0,0.0,0.0,0.0,150580.044444
1761388,IT,IN,NONME,PLAST,0.03,13551.842,3,3,13551.842,0.0,0.0,0.0,0.0,451728.066667
1678447,IT,FR,RECRE,FISHF,0.17,13551.736,3,3,13551.736,0.0,0.0,0.0,0.0,79716.094118
1796457,IT,WL,RETA1,OILSE,0.14,13551.286,3,3,13551.286,0.0,0.0,0.0,0.0,96794.9
1764570,IT,MX,WHOLE,PRINT,0.12,13551.207,3,3,13551.207,0.0,0.0,0.0,0.0,112926.725
1811816,IT,WM,BIODI,LANDT,0.03,13551.105,3,3,13551.105,0.0,0.0,0.0,0.0,451703.5
1772872,IT,CH,BASIC,MEDIC,0.02,13551.008,3,3,13551.008,0.0,0.0,0.0,0.0,677550.4
1731596,IT,SI,WEARI,WEARI,0.1,13550.35,4,4,13550.347,0.0,0.0,0.0,0.003,135503.5
1776438,IT,TR,MOTOR,RAWMI,0.02,13549.527,3,3,13549.527,0.0,0.0,0.0,0.0,677476.35
1725882,IT,RO,HEAVY,PAPER,0.02,13549.062,3,3,13549.062,0.0,0.0,0.0,0.0,677453.1
1792542,IT,WA,REALE,93197,0.57,13548.719,3,3,13548.719,0.0,0.0,0.0,0.0,23769.682456
1750453,IT,CN,MACHI,STONE,0.08,13548.476,3,3,13548.476,0.0,0.0,0.0,0.0,169355.95
1642170,IT,AT,CERAM,RAILW,0.02,13548.463,3,3,13548.463,0.0,0.0,0.0,0.0,677423.15
1739767,IT,GB,POSTT,WOODW,0.22,13547.779,3,3,13547.779,0.0,0.0,0.0,0.0,61580.813636
1740080,IT,GB,RENTI,WASTE,0.08,13547.113,3,3,13547.113,0.0,0.0,0.0,0.0,169338.9125
1653735,IT,CZ,COPP1,NFERT,0.03,13546.914,3,3,13546.914,0.0,0.0,0.0,0.0,451563.8
1813887,IT,WM,LANDT,OFFIC,0.09,13546.063,3,3,13546.063,0.0,0.0,0.0,0.0,150511.811111
1802745,IT,WE,RESEA,CONST,0.07,13545.609,3,3,13545.609,0.0,0.0,0.0,0.0,193508.7
1766088,IT,RU,RUBBE,MEAT1,0.04,13545.51,3,3,13545.51,0.0,0.0,0.0,0.0,338637.75
1719364,IT,PL,RUBBE,CRUDE,0.04,13544.62,3,3,13544.62,0.0,0.0,0.0,0.0,338615.5
1665403,IT,ES,TEXTI,NONF1,0.08,13544.24,4,4,13544.238,0.0,0.0,0.0,0.002,169303.0
1733109,IT,SI,FABRI,PRINT,0.06,13544.053,3,3,13544.053,0.0,0.0,0.0,0.0,225734.216667
1739878,IT,GB,FINAN,ELEC8,0.18,13543.749,3,3,13543.749,0.0,0.0,0.0,0.0,75243.05
1812032,IT,WM,GLASS,PRIVA,0.04,13543.181,3,3,13543.181,0.0,0.0,0.0,0.0,338579.525
1799338,IT,WE,WOODW,TRANS,0.04,13542.384,3,3,13542.384,0.0,0.0,0.0,0.0,338559.6
1647547,IT,BE,SUPPO,INSUR,0.1,13542.08,3,3,13542.08,0.0,0.0,0.0,0.0,135420.8
1713104,IT,MT,FOOD5,PLAST,0.07,13541.637,3,3,13541.637,0.0,0.0,0.0,0.0,193451.957143
1757716,IT,BR,NAPHT,PRINT,0.02,13541.597,3,3,13541.597,0.0,0.0,0.0,0.0,677079.85
1808575,IT,WF,PAPE4,SEACO,0.09,13540.996,3,3,13540.996,0.0,0.0,0.0,0.0,150455.511111
1718691,IT,PL,WOODW,STEAM,0.04,13540.923,3,3,13540.923,0.0,0.0,0.0,0.0,338523.075
1679767,IT,GR,BASIC,FINAN,0.02,13539.999,3,3,13539.999,0.0,0.0,0.0,0.0,676999.95
1766237,IT,RU,GLASS,LANDT,0.04,13539.578,3,3,13539.578,0.0,0.0,0.0,0.0,338489.45
1790850,IT,WA,MACHI,AIRTR,0.08,13538.936,3,3,13538.936,0.0,0.0,0.0,0.0,169236.7
1760789,IT,IN,PRINT,SUPPO,0.13,13538.667,3,3,13538.667,0.0,0.0,0.0,0.0,104143.592308
1672540,IT,FR,CEREA,MEATP,0.02,13538.407,3,3,13538.407,0.0,0.0,0.0,0.0,676920.35
1648880,IT,BG,TEXTI,FURNI,0.08,13538.207,4,4,13538.205,0.0,0.0,0.0,0.002,169227.5875
1768052,IT,RU,BUSIN,PLAST,0.14,13538.018,3,3,13538.018,0.0,0.0,0.0,0.0,96700.128571
1727660,IT,RO,RENTI,DIST1,0.08,13537.447,3,3,13537.447,0.0,0.0,0.0,0.0,169218.0875
1681814,IT,HR,MEAT4,FOOD5,0.07,13537.44,3,3,13537.44,0.0,0.0,0.0,0.0,193392.0
1794466,IT,WL,GASDI,NAPHT,0.02,13536.848,3,3,13536.848,0.0,0.0,0.0,0.0,676842.4
1793477,IT,WL,CHEMI,RAWMI,0.03,13536.595,4,4,13535.595,0.0,0.0,1.0,0.0,451219.833333
1726445,IT,RO,FABRI,ADDIT,0.06,13536.039,3,3,13536.039,0.0,0.0,0.0,0.0,225600.65
1720823,IT,PL,FURNI,BASIC,0.04,13535.8,3,3,13535.8,0.0,0.0,0.0,0.0,338395.0
1657046,IT,DE,PARAF,CHEM1,0.02,13535.759,3,3,13535.759,0.0,0.0,0.0,0.0,676787.95
1643577,IT,AT,INLAN,RAWMI,0.02,13534.956,3,3,13534.956,0.0,0.0,0.0,0.0,676747.8
1742272,IT,US,BRICK,GLASS,0.02,13534.619,3,3,13534.619,0.0,0.0,0.0,0.0,676730.95
1645438,IT,BE,LIQUE,RENTI,0.02,13534.46,3,3,13534.46,0.0,0.0,0.0,0.0,676723.0
1712941,IT,MT,CEREA,HOTEL,0.02,13534.237,3,3,13534.237,0.0,0.0,0.0,0.0,676711.85
1655282,IT,DE,WHEAT,RECRE,0.01,13533.829,3,3,13533.829,0.0,0.0,0.0,0.0,1353382.9
1756785,IT,KR,AIRTR,HOTEL,0.01,13533.552,3,3,13533.552,0.0,0.0,0.0,0.0,1353355.2
1668161,IT,ES,SALEM,ELEC5,0.11,13533.45,3,3,13533.45,0.0,0.0,0.0,0.0,123031.363636
1769476,IT,AU,BASIC,MOTOR,0.02,13530.692,3,3,13530.692,0.0,0.0,0.0,0.0,676534.6
1658016,IT,DE,PREC1,BITU1,0.02,13529.921,3,3,13529.921,0.0,0.0,0.0,0.0,676496.05
1646435,IT,BE,MACHI,SANDC,0.08,13529.882,3,3,13529.882,0.0,0.0,0.0,0.0,169123.525
1719728,IT,PL,NONME,AUXIL,0.03,13528.897,3,3,13528.897,0.0,0.0,0.0,0.0,450963.233333
1689105,IT,IE,SALEM,CATTL,0.11,13528.847,3,3,13528.847,0.0,0.0,0.0,0.0,122989.518182
1796700,IT,WL,RAILW,SALEM,0.09,13528.467,3,3,13528.467,0.0,0.0,0.0,0.0,150316.3
1725491,IT,RO,WEARI,POSTT,0.1,13526.934,4,4,13526.931,0.0,0.0,0.0,0.003,135269.34
1798683,IT,WE,VEGE1,WHOLE,0.04,13525.974,4,4,13525.971,0.0,0.0,0.0,0.003,338149.35
1723234,IT,PT,RUBBE,93197,0.04,13525.118,3,3,13525.118,0.0,0.0,0.0,0.0,338127.95
1810671,IT,WM,MOTOR,SUGA1,0.02,13525.05,3,3,13525.05,0.0,0.0,0.0,0.0,676252.5
1744587,IT,US,RENTI,FORES,0.08,13524.945,3,3,13524.945,0.0,0.0,0.0,0.0,169061.8125
1801230,IT,WE,FABRI,BLAST,0.06,13524.052,3,3,13524.052,0.0,0.0,0.0,0.0,225400.866667
1769798,IT,AU,MACHI,COKE1,0.08,13523.761,3,3,13523.761,0.0,0.0,0.0,0.0,169047.0125
1718660,IT,PL,WOODW,BEVER,0.04,13523.752,3,3,13523.752,0.0,0.0,0.0,0.0,338093.8
1756364,IT,KR,TRANS,BUSIN,0.08,13523.215,3,3,13523.215,0.0,0.0,0.0,0.0,169040.1875
1754543,IT,CA,BUSIN,SEACO,0.14,13522.971,3,3,13522.971,0.0,0.0,0.0,0.0,96592.65
1760317,IT,IN,STONE,BASIC,0.04,13522.473,4,4,13521.473,0.0,0.0,1.0,0.0,338061.825
1794058,IT,WL,PAPER,NATU1,0.05,13522.346,3,3,13522.346,0.0,0.0,0.0,0.0,270446.92
1651496,IT,CY,HEAVY,DISTR,0.02,13522.146,3,3,13522.146,0.0,0.0,0.0,0.0,676107.3
1762784,IT,IN,BUSIN,RESEA,0.14,13522.005,3,3,13522.005,0.0,0.0,0.0,0.0,96585.75
1663698,IT,EE,VEGET,BUSIN,0.05,13521.768,3,3,13521.768,0.0,0.0,0.0,0.0,270435.36
1728787,IT,SE,HEAVY,CONST,0.02,13519.817,3,3,13519.817,0.0,0.0,0.0,0.0,675990.85
1716641,IT,NL,RETAI,COLLE,0.11,13519.606,3,3,13519.606,0.0,0.0,0.0,0.0,122905.509091
1782549,IT,NO,MOTO1,NATUR,0.07,13517.928,3,3,13517.928,0.0,0.0,0.0,0.0,193113.257143
1677585,IT,FR,REALE,PLAST,0.57,13517.583,3,3,13517.583,0.0,0.0,0.0,0.0,23715.057895
1664678,IT,EE,SEACO,PLAST,0.01,13517.086,3,3,13517.086,0.0,0.0,0.0,0.0,1351708.6
1784123,IT,ID,PULP5,NATUR,0.04,13517.005,3,3,13517.005,0.0,0.0,0.0,0.0,337925.125
1710332,IT,LT,FURNI,RECRE,0.04,13516.677,3,3,13516.677,0.0,0.0,0.0,0.0,337916.925
1741039,IT,US,TEXTI,MEAT4,0.08,13516.499,4,4,13516.497,0.0,0.0,0.0,0.002,168956.2375
1643555,IT,AT,SEACO,PREC1,0.01,13516.405,3,3,13516.405,0.0,0.0,0.0,0.0,1351640.5
1662994,IT,DK,HOTEL,LEATH,0.1,13515.903,3,3,13515.903,0.0,0.0,0.0,0.0,135159.03
1730299,IT,SE,AIRTR,RAWMI,0.01,13514.062,3,3,13514.062,0.0,0.0,0.0,0.0,1351406.2
1686887,IT,HU,MACHI,MEATA,0.08,13513.921,3,3,13513.921,0.0,0.0,0.0,0.0,168924.0125
1779107,IT,TR,SUPPO,DISTR,0.1,13513.805,3,3,13513.805,0.0,0.0,0.0,0.0,135138.05
1642203,IT,AT,CEMEN,FABRI,0.02,13513.158,3,3,13513.158,0.0,0.0,0.0,0.0,675657.9
1743016,IT,US,OFFIC,RADIO,0.04,13512.96,3,3,13512.96,0.0,0.0,0.0,0.0,337824.0
1719010,IT,PL,KEROS,COMPU,0.02,13512.501,3,3,13512.501,0.0,0.0,0.0,0.0,675625.05
1738956,IT,GB,CONST,FABRI,0.08,13512.189,3,3,13512.189,0.0,0.0,0.0,0.0,168902.3625
1748004,IT,JP,BUSIN,MEATC,0.14,13512.021,3,3,13512.021,0.0,0.0,0.0,0.0,96514.435714
1774647,IT,CH,AIRTR,CEMEN,0.01,13511.634,3,3,13511.634,0.0,0.0,0.0,0.0,1351163.4
1664530,IT,EE,FURNI,FABRI,0.04,13511.559,3,3,13511.559,0.0,0.0,0.0,0.0,337788.975
1646779,IT,BE,CONST,INTER,0.08,13511.318,3,3,13511.318,0.0,0.0,0.0,0.0,168891.475
1732204,IT,SI,HEAVY,FORES,0.02,13510.845,3,3,13510.845,0.0,0.0,0.0,0.0,675542.25
1679602,IT,GR,RUBBE,INLAN,0.04,13510.608,3,3,13510.608,0.0,0.0,0.0,0.0,337765.2
1732024,IT,SI,KEROS,RADIO,0.02,13510.331,3,3,13510.331,0.0,0.0,0.0,0.0,675516.55
1663218,IT,DK,LANDT,RECRE,0.09,13510.092,3,3,13510.092,0.0,0.0,0.0,0.0,150112.133333
1662229,IT,DK,GLASS,RADIO,0.04,13509.302,3,3,13509.302,0.0,0.0,0.0,0.0,337732.55
1745346,IT,JP,VEGE1,BITU1,0.04,13509.14,4,4,13509.137,0.0,0.0,0.0,0.003,337728.5
1731933,IT,SI,MOTOR,ELEC1,0.02,13508.879,3,3,13508.879,0.0,0.0,0.0,0.0,675443.95
1764854,IT,MX,SEACO,MEMBE,0.01,13508.658,3,3,13508.658,0.0,0.0,0.0,0.0,1350865.8
1767401,IT,RU,LANDT,HEAVY,0.09,13508.579,3,3,13508.579,0.0,0.0,0.0,0.0,150095.322222
1645239,IT,BE,COALT,PREC1,0.02,13508.467,3,3,13508.467,0.0,0.0,0.0,0.0,675423.35
1717535,IT,NL,RENTI,MOTO1,0.08,13507.445,3,3,13507.445,0.0,0.0,0.0,0.0,168843.0625
1750744,IT,CN,TRANS,CHEM1,0.08,13507.339,3,3,13507.339,0.0,0.0,0.0,0.0,168841.7375
1733457,IT,SI,SALEM,WEARI,0.11,13506.157,3,3,13506.157,0.0,0.0,0.0,0.0,122783.245455
1753283,IT,CA,NONME,FABRI,0.03,13506.109,3,3,13506.109,0.0,0.0,0.0,0.0,450203.633333
1646298,IT,BE,COPP1,RENTI,0.03,13505.164,3,3,13505.164,0.0,0.0,0.0,0.0,450172.133333
1786625,IT,ZA,RETAI,WHOLE,0.11,13505.048,3,3,13505.048,0.0,0.0,0.0,0.0,122773.163636
1777367,IT,TR,GLASS,EDUCA,0.04,13502.774,3,3,13502.774,0.0,0.0,0.0,0.0,337569.35
1649272,IT,BG,LIQUE,FOOD5,0.02,13502.728,3,3,13502.728,0.0,0.0,0.0,0.0,675136.4
1643224,IT,AT,HOTEL,GLASS,0.1,13502.612,3,3,13502.612,0.0,0.0,0.0,0.0,135026.12
1769452,IT,AU,NONME,LANDT,0.03,13502.534,3,3,13502.534,0.0,0.0,0.0,0.0,450084.466667
1768584,IT,AU,BEVER,CHEM1,0.06,13502.069,3,3,13502.069,0.0,0.0,0.0,0.0,225034.483333
1763171,IT,MX,LEATH,BASIC,0.1,13501.829,4,4,13501.827,0.0,0.0,0.0,0.002,135018.29
1684227,IT,HR,SEACO,LEATH,0.01,13501.538,3,3,13501.538,0.0,0.0,0.0,0.0,1350153.8
1665685,IT,ES,PULP5,RETAI,0.04,13501.51,3,3,13501.51,0.0,0.0,0.0,0.0,337537.75
1758581,IT,BR,MOTO1,RUBBE,0.07,13500.958,3,3,13500.958,0.0,0.0,0.0,0.0,192870.828571
1732155,IT,SI,GASDI,SECO9,0.02,13500.665,3,3,13500.665,0.0,0.0,0.0,0.0,675033.25
1662937,IT,DK,RETA1,TRANS,0.14,13500.629,3,3,13500.629,0.0,0.0,0.0,0.0,96433.064286
1784404,IT,ID,CERAM,HOTEL,0.02,13500.116,3,3,13500.116,0.0,0.0,0.0,0.0,675005.8
1753970,IT,CA,LANDT,NONME,0.09,13499.366,3,3,13499.366,0.0,0.0,0.0,0.0,149992.955556
1676895,IT,FR,TRAN2,SEWAG,0.02,13498.217,3,3,13498.217,0.0,0.0,0.0,0.0,674910.85
1723423,IT,PT,BASIC,HEALT,0.02,13497.824,3,3,13497.824,0.0,0.0,0.0,0.0,674891.2
1787278,IT,WA,VEGET,SUPPO,0.05,13497.622,3,3,13497.622,0.0,0.0,0.0,0.0,269952.44
1646992,IT,BE,RETA1,PAPER,0.14,13497.563,3,3,13497.563,0.0,0.0,0.0,0.0,96411.164286
1777635,IT,TR,ALUM1,RETAI,0.02,13497.547,3,3,13497.547,0.0,0.0,0.0,0.0,674877.35
1660093,IT,DE,AIRTR,ELEC5,0.01,13497.366,3,3,13497.366,0.0,0.0,0.0,0.0,1349736.6
1732239,IT,SI,LIQUE,FORES,0.02,13496.351,3,3,13496.351,0.0,0.0,0.0,0.0,674817.55
1783774,IT,NO,PAPE4,PLAS1,0.09,13496.071,3,3,13496.071,0.0,0.0,0.0,0.0,149956.344444
1766260,IT,RU,CERAM,RUBBE,0.02,13495.874,3,3,13495.874,0.0,0.0,0.0,0.0,674793.7
1710460,IT,LT,LANDT,RADIO,0.09,13494.74,3,3,13494.74,0.0,0.0,0.0,0.0,149941.555556
1681884,IT,HR,DAIRY,VEGE1,0.05,13494.608,3,3,13494.608,0.0,0.0,0.0,0.0,269892.16
1771836,IT,CH,WOODW,PREC1,0.04,13494.484,3,3,13494.484,0.0,0.0,0.0,0.0,337362.1
1666279,IT,ES,HEAVY,WASTE,0.02,13494.402,3,3,13494.402,0.0,0.0,0.0,0.0,674720.1
1753288,IT,CA,NONME,FURNI,0.03,13493.865,3,3,13493.865,0.0,0.0,0.0,0.0,449795.5
1686247,IT,HU,CERAM,BRICK,0.02,13493.716,3,3,13493.716,0.0,0.0,0.0,0.0,674685.8
1676299,IT,FR,RETAI,WHEAT,0.11,13493.301,3,3,13493.301,0.0,0.0,0.0,0.0,122666.372727
1765802,IT,RU,MOTOR,PUBLI,0.02,13492.082,3,3,13492.082,0.0,0.0,0.0,0.0,674604.1
1781185,IT,NO,WHEAT,WHOLE,0.01,13491.828,3,3,13491.828,0.0,0.0,0.0,0.0,1349182.8
1798231,IT,WE,VEGET,COPP1,0.05,13491.526,3,3,13491.526,0.0,0.0,0.0,0.0,269830.52
1786376,IT,ZA,MACHI,RUBBE,0.08,13491.383,3,3,13491.383,0.0,0.0,0.0,0.0,168642.2875
1663547,IT,DK,COMPU,CONST,0.15,13491.137,3,3,13491.137,0.0,0.0,0.0,0.0,89940.913333
1782435,IT,NO,MACHI,FOOD5,0.08,13490.405,3,3,13490.405,0.0,0.0,0.0,0.0,168630.0625
1737736,IT,GB,HEAVY,NATUR,0.02,13490.385,3,3,13490.385,0.0,0.0,0.0,0.0,674519.25
1731123,IT,SI,FISHF,HEALT,0.02,13490.264,3,3,13490.264,0.0,0.0,0.0,0.0,674513.2
1772469,IT,CH,BIOGA,SUPPO,0.03,13490.215,3,3,13490.215,0.0,0.0,0.0,0.0,449673.833333
1641339,IT,AT,KEROS,COKEO,0.02,13490.042,3,3,13490.042,0.0,0.0,0.0,0.0,674502.1
1798663,IT,WE,VEGE1,MEATC,0.04,13488.226,4,4,13488.223,0.0,0.0,0.0,0.003,337205.65
1755097,IT,KR,LEATH,PROCE,0.1,13487.863,4,4,13487.861,0.0,0.0,0.0,0.002,134878.63
1747079,IT,JP,FURNI,MOTO1,0.04,13487.697,3,3,13487.697,0.0,0.0,0.0,0.0,337192.425
1783518,IT,NO,OILHA,FURNI,0.08,13486.377,3,3,13486.377,0.0,0.0,0.0,0.0,168579.7125
1803941,IT,WF,WEARI,AUXIL,0.1,13485.349,4,4,13485.346,0.0,0.0,0.0,0.003,134853.49
1651613,IT,CY,BRICK,BRICK,0.02,13484.817,3,3,13484.817,0.0,0.0,0.0,0.0,674240.85
1662148,IT,DK,RUBBE,CERAM,0.04,13483.448,3,3,13483.448,0.0,0.0,0.0,0.0,337086.2
1715602,IT,NL,LIQUE,TRAN1,0.02,13482.892,3,3,13482.892,0.0,0.0,0.0,0.0,674144.6
1758174,IT,BR,NONME,TRAN1,0.03,13481.751,3,3,13481.751,0.0,0.0,0.0,0.0,449391.7
1680840,IT,GR,RAILW,HEALT,0.09,13481.73,3,3,13481.73,0.0,0.0,0.0,0.0,149797.0
1784157,IT,ID,PAPER,PLAST,0.05,13481.68,3,3,13481.68,0.0,0.0,0.0,0.0,269633.6
1795369,IT,WL,BASIC,ALUMI,0.02,13481.624,3,3,13481.624,0.0,0.0,0.0,0.0,674081.2
1770655,IT,AU,FINAN,BUSIN,0.18,13481.276,3,3,13481.276,0.0,0.0,0.0,0.0,74895.977778
1755736,IT,KR,GLASS,NONME,0.04,13481.01,3,3,13481.01,0.0,0.0,0.0,0.0,337025.25
1755656,IT,KR,RUBBE,BIODI,0.04,13480.83,3,3,13480.83,0.0,0.0,0.0,0.0,337020.75
1654767,IT,CZ,AIRTR,EDUCA,0.01,13479.902,3,3,13479.902,0.0,0.0,0.0,0.0,1347990.2
1712811,IT,LV,AIRTR,REALE,0.01,13479.802,3,3,13479.802,0.0,0.0,0.0,0.0,1347980.2
1659884,IT,DE,LANDT,PAPE1,0.09,13479.062,3,3,13479.062,0.0,0.0,0.0,0.0,149767.355556
1770462,IT,AU,AIRTR,COKIN,0.01,13479.056,3,3,13479.056,0.0,0.0,0.0,0.0,1347905.6
1713315,IT,MT,MOTOR,HEALT,0.02,13478.971,3,3,13478.971,0.0,0.0,0.0,0.0,673948.55
1795553,IT,WL,LEAD1,CHARC,0.02,13478.79,3,3,13478.79,0.0,0.0,0.0,0.0,673939.5
1674179,IT,FR,LIQUE,SUGA1,0.02,13478.727,3,3,13478.727,0.0,0.0,0.0,0.0,673936.35
1800359,IT,WE,CHEM1,GASDI,0.03,13478.409,3,3,13478.409,0.0,0.0,0.0,0.0,449280.3
1715963,IT,NL,CERAM,PLAST,0.02,13477.243,3,3,13477.243,0.0,0.0,0.0,0.0,673862.15
1807405,IT,WF,FINAN,MEMBE,0.18,13476.723,3,3,13476.723,0.0,0.0,0.0,0.0,74870.683333
1717539,IT,NL,RENTI,WHOLE,0.08,13475.319,3,3,13475.319,0.0,0.0,0.0,0.0,168441.4875
1803126,IT,WF,VEGET,BRICK,0.05,13474.931,3,3,13474.931,0.0,0.0,0.0,0.0,269498.62
1813894,IT,WM,LANDT,ELEC6,0.09,13474.873,3,3,13474.873,0.0,0.0,0.0,0.0,149720.811111
1808379,IT,WF,WASTE,PRECI,0.04,13474.717,3,3,13474.717,0.0,0.0,0.0,0.0,336867.925
1777798,IT,TR,FABRI,COKEO,0.05,13473.752,3,3,13473.752,0.0,0.0,0.0,0.0,269475.04
1746512,IT,JP,CERAM,MEMBE,0.02,13471.764,3,3,13471.764,0.0,0.0,0.0,0.0,673588.2
1663630,IT,DK,BUSIN,TRANS,0.14,13471.143,3,3,13471.143,0.0,0.0,0.0,0.0,96222.45
1645806,IT,BE,RUBBE,EDUCA,0.04,13470.479,3,3,13470.479,0.0,0.0,0.0,0.0,336761.975
1756470,IT,KR,CONST,FINAN,0.08,13469.118,3,3,13469.118,0.0,0.0,0.0,0.0,168363.975
1809268,IT,WM,CRUDE,COKE1,0.03,13468.798,3,3,13468.798,0.0,0.0,0.0,0.0,448959.933333
1676761,IT,FR,LANDT,MEAT1,0.09,13468.76,3,3,13468.76,0.0,0.0,0.0,0.0,149652.888889
1670335,IT,FI,VEGE1,MEATP,0.04,13468.647,4,4,13468.644,0.0,0.0,0.0,0.003,336716.175
1789953,IT,WA,CEMEN,RENTI,0.02,13468.114,3,3,13468.114,0.0,0.0,0.0,0.0,673405.7
1753961,IT,CA,LANDT,KEROS,0.09,13467.198,3,3,13467.198,0.0,0.0,0.0,0.0,149635.533333
1767530,IT,RU,AIRTR,GASDI,0.01,13466.711,3,3,13466.711,0.0,0.0,0.0,0.0,1346671.1
1713232,IT,MT,WOODW,HEALT,0.04,13466.667,3,3,13466.667,0.0,0.0,0.0,0.0,336666.675
1671795,IT,FI,WHOLE,COMPU,0.12,13466.005,3,3,13466.005,0.0,0.0,0.0,0.0,112216.708333
1665488,IT,ES,WEARI,FOUND,0.1,13464.73,4,4,13464.727,0.0,0.0,0.0,0.003,134647.3
1754784,IT,KR,FOOD5,MEATC,0.06,13464.591,3,3,13464.591,0.0,0.0,0.0,0.0,224409.85
1775236,IT,CH,BUSIN,CROPS,0.14,13464.465,3,3,13464.465,0.0,0.0,0.0,0.0,96174.75
1648388,IT,BE,RECRE,WHOLE,0.17,13464.138,3,3,13464.138,0.0,0.0,0.0,0.0,79200.811765
1641652,IT,AT,PARAF,BUSIN,0.02,13463.306,3,3,13463.306,0.0,0.0,0.0,0.0,673165.3
1754718,IT,KR,VEGE1,EDUCA,0.04,13463.056,4,4,13463.053,0.0,0.0,0.0,0.003,336576.4
1664568,IT,EE,HOTEL,PREC1,0.1,13462.912,3,3,13462.912,0.0,0.0,0.0,0.0,134629.12
1729207,IT,SE,CERAM,RUBBE,0.02,13462.498,3,3,13462.498,0.0,0.0,0.0,0.0,673124.9
1760531,IT,IN,WEARI,HEALT,0.1,13462.397,4,4,13462.394,0.0,0.0,0.0,0.003,134623.97
1722796,IT,PT,PAPER,RADIO,0.05,13460.441,3,3,13460.441,0.0,0.0,0.0,0.0,269208.82
1687185,IT,HU,FURNI,MEMBE,0.04,13460.022,3,3,13460.022,0.0,0.0,0.0,0.0,336500.55
1659248,IT,DE,SALEM,MACHI,0.11,13458.447,3,3,13458.447,0.0,0.0,0.0,0.0,122349.518182
1684821,IT,HU,FISHF,ELEC2,0.02,13456.513,3,3,13456.513,0.0,0.0,0.0,0.0,672825.65
1640513,IT,AT,SUGA1,FISH5,0.03,13456.014,4,4,13456.012,0.0,0.0,0.0,0.002,448533.8
1651643,IT,CY,BASIC,COPP1,0.02,13455.982,3,3,13455.982,0.0,0.0,0.0,0.0,672799.1
1709531,IT,LT,WOODW,POULT,0.04,13455.86,3,3,13455.86,0.0,0.0,0.0,0.0,336396.5
1762240,IT,IN,AIRTR,FORES,0.01,13455.697,3,3,13455.697,0.0,0.0,0.0,0.0,1345569.7
1800400,IT,WE,CHEM1,INSUR,0.03,13455.59,3,3,13455.59,0.0,0.0,0.0,0.0,448519.666667
1776395,IT,TR,PRINT,CONST,0.13,13455.429,3,3,13455.429,0.0,0.0,0.0,0.0,103503.3
1746594,IT,JP,PREC1,ALUM1,0.02,13454.345,3,3,13454.345,0.0,0.0,0.0,0.0,672717.25
1752609,IT,CA,TEXTI,CHEMI,0.08,13453.547,4,4,13453.545,0.0,0.0,0.0,0.002,168169.3375
1747277,IT,JP,WHOLE,PFERT,0.12,13453.333,3,3,13453.333,0.0,0.0,0.0,0.0,112111.108333
1718173,IT,PL,DAIRY,SUGA1,0.05,13453.207,3,3,13453.207,0.0,0.0,0.0,0.0,269064.14
1802316,IT,WE,TRAN2,WHOLE,0.02,13452.846,3,3,13452.846,0.0,0.0,0.0,0.0,672642.3
1662733,IT,DK,OFFIC,RUBBE,0.04,13452.798,3,3,13452.798,0.0,0.0,0.0,0.0,336319.95
1664122,IT,EE,RUBBE,PAPER,0.04,13452.497,3,3,13452.497,0.0,0.0,0.0,0.0,336312.425
1812914,IT,WM,MACHI,MEATA,0.08,13452.027,3,3,13452.027,0.0,0.0,0.0,0.0,168150.3375
1663251,IT,DK,SEACO,LIQUE,0.01,13451.078,3,3,13451.078,0.0,0.0,0.0,0.0,1345107.8
1789076,IT,WA,WHITE,NONF1,0.07,13449.758,3,3,13449.758,0.0,0.0,0.0,0.0,192139.4
1648099,IT,BE,RESEA,GASDI,0.07,13449.753,3,3,13449.753,0.0,0.0,0.0,0.0,192139.328571
1727902,IT,SE,CEREA,FISHF,0.02,13448.993,3,3,13448.993,0.0,0.0,0.0,0.0,672449.65
1649648,IT,BG,CERAM,CROPS,0.02,13448.707,3,3,13448.707,0.0,0.0,0.0,0.0,672435.35
1688920,IT,IE,FABRI,STONE,0.05,13447.88,3,3,13447.88,0.0,0.0,0.0,0.0,268957.6
1726934,IT,RO,HOTEL,MEATP,0.1,13445.955,3,3,13445.955,0.0,0.0,0.0,0.0,134459.55
1800731,IT,WE,NONME,FORES,0.03,13445.85,3,3,13445.85,0.0,0.0,0.0,0.0,448195.0
1720098,IT,PL,LEAD1,WOODW,0.02,13444.454,3,3,13444.454,0.0,0.0,0.0,0.0,672222.7
1747531,IT,JP,AIRTR,STONE,0.01,13443.847,3,3,13443.847,0.0,0.0,0.0,0.0,1344384.7
1772704,IT,CH,CERAM,RAILW,0.02,13443.76,3,3,13443.76,0.0,0.0,0.0,0.0,672188.0
1807638,IT,WF,RESEA,DISTR,0.07,13443.546,3,3,13443.546,0.0,0.0,0.0,0.0,192050.657143
1709991,IT,LT,ALUM1,POULT,0.02,13443.524,3,3,13443.524,0.0,0.0,0.0,0.0,672176.2
1647618,IT,BE,POSTT,AIRTR,0.22,13443.191,3,3,13443.191,0.0,0.0,0.0,0.0,61105.413636
1652094,IT,CZ,SANDC,MACHI,0.03,13442.613,4,4,13439.613,0.0,0.0,3.0,0.0,448087.1
1728748,IT,SE,GASDI,RAWMI,0.02,13442.29,3,3,13442.29,0.0,0.0,0.0,0.0,672114.5
1654938,IT,CZ,INSUR,BIODI,0.28,13441.683,3,3,13441.683,0.0,0.0,0.0,0.0,48006.010714
1749397,IT,CN,MOTOR,RAILW,0.02,13441.102,3,3,13441.102,0.0,0.0,0.0,0.0,672055.1
1769116,IT,AU,CHEM1,RAWMI,0.03,13440.745,3,3,13440.745,0.0,0.0,0.0,0.0,448024.833333
1728195,IT,SE,FOOD5,ANIMA,0.06,13439.979,3,3,13439.979,0.0,0.0,0.0,0.0,223999.65
1764510,IT,MX,CONST,WHOLE,0.08,13439.574,3,3,13439.574,0.0,0.0,0.0,0.0,167994.675
1676763,IT,FR,LANDT,VEGE1,0.09,13438.925,3,3,13438.925,0.0,0.0,0.0,0.0,149321.388889
1654547,IT,CZ,HOTEL,TRAN2,0.1,13438.779,3,3,13438.779,0.0,0.0,0.0,0.0,134387.79
1646928,IT,BE,WHOLE,ELEC8,0.12,13438.485,3,3,13438.485,0.0,0.0,0.0,0.0,111987.375
1679936,IT,GR,FABRI,PRINT,0.05,13438.259,3,3,13438.259,0.0,0.0,0.0,0.0,268765.18
1753474,IT,CA,FABRI,COLLE,0.05,13438.247,3,3,13438.247,0.0,0.0,0.0,0.0,268764.94
1801926,IT,WE,SALEM,NATUR,0.11,13437.361,3,3,13437.361,0.0,0.0,0.0,0.0,122157.827273
1733761,IT,SI,LANDT,BRICK,0.09,13437.318,3,3,13437.318,0.0,0.0,0.0,0.0,149303.533333
1716026,IT,NL,NONME,PAPER,0.03,13437.289,3,3,13437.289,0.0,0.0,0.0,0.0,447909.633333
1716368,IT,NL,MACHI,RAWMI,0.07,13436.462,3,3,13436.462,0.0,0.0,0.0,0.0,191949.457143
1724317,IT,PT,LANDT,EDUCA,0.09,13436.146,3,3,13436.146,0.0,0.0,0.0,0.0,149290.511111
1748121,IT,JP,PUBLI,MACHI,0.22,13435.858,3,3,13435.858,0.0,0.0,0.0,0.0,61072.081818
1671892,IT,FI,HOTEL,INSUR,0.1,13435.836,3,3,13435.836,0.0,0.0,0.0,0.0,134358.36
1684266,IT,HR,SEACO,EDUCA,0.01,13435.387,3,3,13435.387,0.0,0.0,0.0,0.0,1343538.7
1745641,IT,JP,TEXTI,CERAM,0.08,13435.36,4,4,13435.358,0.0,0.0,0.0,0.002,167942.0
1790407,IT,WA,LEAD1,BIODI,0.02,13435.263,3,3,13435.263,0.0,0.0,0.0,0.0,671763.15
1761338,IT,IN,GLASS,BRICK,0.04,13434.727,3,3,13434.727,0.0,0.0,0.0,0.0,335868.175
1664087,IT,EE,CHEM1,DIST1,0.03,13434.473,3,3,13434.473,0.0,0.0,0.0,0.0,447815.766667
1727260,IT,RO,SUPPO,INLAN,0.1,13434.071,3,3,13434.071,0.0,0.0,0.0,0.0,134340.71
1680895,IT,GR,LANDT,RADIO,0.09,13432.789,3,3,13432.789,0.0,0.0,0.0,0.0,149253.211111
1717826,IT,NL,RECRE,SUPPO,0.17,13431.305,3,3,13431.305,0.0,0.0,0.0,0.0,79007.676471
1644299,IT,BE,FORES,WHOLE,0.12,13430.694,4,4,13425.694,0.0,5.0,0.0,0.0,111922.45
1643818,IT,AT,FINAN,MOTO1,0.17,13429.714,3,3,13429.714,0.0,0.0,0.0,0.0,78998.317647
1653624,IT,CZ,ALUM1,TOBAC,0.02,13428.869,3,3,13428.869,0.0,0.0,0.0,0.0,671443.45
1652018,IT,CZ,VEGET,FABRI,0.05,13428.714,3,3,13428.714,0.0,0.0,0.0,0.0,268574.28
1798171,IT,WE,CEREA,CEREA,0.02,13428.621,3,3,13428.621,0.0,0.0,0.0,0.0,671431.05
1684342,IT,HR,SUPPO,DISTR,0.1,13428.494,3,3,13428.494,0.0,0.0,0.0,0.0,134284.94
1680297,IT,GR,FURNI,INLAN,0.04,13428.436,3,3,13428.436,0.0,0.0,0.0,0.0,335710.9
1773206,IT,CH,FABRI,NFERT,0.05,13428.305,3,3,13428.305,0.0,0.0,0.0,0.0,268566.1
1681037,IT,GR,AIRTR,LANDT,0.01,13427.84,3,3,13427.84,0.0,0.0,0.0,0.0,1342784.0
1662103,IT,DK,CHEM1,PAPE1,0.03,13426.593,3,3,13426.593,0.0,0.0,0.0,0.0,447553.1
1760401,IT,IN,DAIRY,RETA1,0.05,13426.521,3,3,13426.521,0.0,0.0,0.0,0.0,268530.42
1686653,IT,HU,LEAD1,RESEA,0.02,13425.994,3,3,13425.994,0.0,0.0,0.0,0.0,671299.7
1790367,IT,WA,LEAD1,FORES,0.02,13425.504,3,3,13425.504,0.0,0.0,0.0,0.0,671275.2
1711981,IT,LV,VEGET,COPP1,0.05,13423.013,3,3,13423.013,0.0,0.0,0.0,0.0,268460.26
1711488,IT,LU,AIRTR,RECRE,0.01,13422.656,3,3,13422.656,0.0,0.0,0.0,0.0,1342265.6
1710039,IT,LT,COPP1,RETA1,0.03,13422.649,3,3,13422.649,0.0,0.0,0.0,0.0,447421.633333
1732249,IT,SI,LIQUE,LEAD1,0.02,13422.6,3,3,13422.6,0.0,0.0,0.0,0.0,671130.0
1750948,IT,CN,CONST,RESEA,0.08,13422.585,3,3,13422.585,0.0,0.0,0.0,0.0,167782.3125
1807059,IT,WF,SEACO,SUGAR,0.01,13421.751,3,3,13421.751,0.0,0.0,0.0,0.0,1342175.1
1787782,IT,WA,DAIRY,RETA1,0.05,13421.684,3,3,13421.684,0.0,0.0,0.0,0.0,268433.68
1804609,IT,WF,HEAVY,NONSP,0.02,13421.506,3,3,13421.506,0.0,0.0,0.0,0.0,671075.3
1709392,IT,LT,BEVER,BEVER,0.06,13421.497,3,3,13421.497,0.0,0.0,0.0,0.0,223691.616667
1683480,IT,HR,PREC1,TRANS,0.02,13420.628,3,3,13420.628,0.0,0.0,0.0,0.0,671031.4
1731400,IT,SI,FOOD5,RUBBE,0.06,13420.408,3,3,13420.408,0.0,0.0,0.0,0.0,223673.466667
1665384,IT,ES,TEXTI,GASDI,0.08,13420.257,4,4,13420.255,0.0,0.0,0.0,0.002,167753.2125
1711708,IT,LU,BUSIN,NONME,0.14,13419.594,3,3,13419.594,0.0,0.0,0.0,0.0,95854.242857
1785407,IT,ZA,PAPER,CHARC,0.05,13419.535,3,3,13419.535,0.0,0.0,0.0,0.0,268390.7
1656528,IT,DE,PAPER,ELEC8,0.05,13419.534,3,3,13419.534,0.0,0.0,0.0,0.0,268390.68
1663405,IT,DK,FINAN,SEACO,0.17,13418.416,3,3,13418.416,0.0,0.0,0.0,0.0,78931.858824
1662515,IT,DK,COPP1,ELECT,0.03,13418.374,3,3,13418.374,0.0,0.0,0.0,0.0,447279.133333
1654869,IT,CZ,POSTT,CONST,0.22,13418.034,3,3,13418.034,0.0,0.0,0.0,0.0,60991.063636
1811026,IT,WM,HEAVY,CROPS,0.02,13416.832,3,3,13416.832,0.0,0.0,0.0,0.0,670841.6
1808258,IT,WF,FOOD2,LEADZ,0.08,13416.748,3,3,13416.748,0.0,0.0,0.0,0.0,167709.35
1732884,IT,SI,BASIC,TEXT2,0.02,13415.905,3,3,13415.905,0.0,0.0,0.0,0.0,670795.25
1758739,IT,BR,WHOLE,MACHI,0.12,13415.844,3,3,13415.844,0.0,0.0,0.0,0.0,111798.7
1813299,IT,WM,TRANS,AIRTR,0.08,13414.357,3,3,13414.357,0.0,0.0,0.0,0.0,167679.4625
1646442,IT,BE,MACHI,FISH5,0.07,13413.867,3,3,13413.867,0.0,0.0,0.0,0.0,191626.671429
1670613,IT,FI,WEARI,RESEA,0.1,13413.112,4,4,13413.109,0.0,0.0,0.0,0.003,134131.12
1642896,IT,AT,TRANS,TEXTI,0.08,13412.9,3,3,13412.9,0.0,0.0,0.0,0.0,167661.25
1797307,IT,WL,AUXIL,SALEM,0.25,13412.372,3,3,13412.372,0.0,0.0,0.0,0.0,53649.488
1730324,IT,SE,AIRTR,93197,0.01,13411.649,3,3,13411.649,0.0,0.0,0.0,0.0,1341164.9
1719671,IT,PL,NONME,PIGS9,0.03,13410.885,3,3,13410.885,0.0,0.0,0.0,0.0,447029.5
1640648,IT,AT,BEVER,TRAN2,0.06,13410.269,3,3,13410.269,0.0,0.0,0.0,0.0,223504.483333
1785557,IT,ZA,KERO1,VEGET,0.02,13410.049,3,3,13410.049,0.0,0.0,0.0,0.0,670502.45
1776851,IT,TR,BITU1,ELEC1,0.02,13410.006,3,3,13410.006,0.0,0.0,0.0,0.0,670500.3
1650767,IT,BG,RAILW,MOTOR,0.09,13409.501,3,3,13409.501,0.0,0.0,0.0,0.0,148994.455556
1662487,IT,DK,ALUM1,FOOD3,0.02,13408.565,3,3,13408.565,0.0,0.0,0.0,0.0,670428.25
1682756,IT,HR,GASDI,FOOD3,0.02,13408.227,3,3,13408.227,0.0,0.0,0.0,0.0,670411.35
1657331,IT,DE,ADDIT,RAILW,0.03,13408.059,3,3,13408.059,0.0,0.0,0.0,0.0,446935.3
1757019,IT,KR,BUSIN,WOODW,0.14,13407.733,3,3,13407.733,0.0,0.0,0.0,0.0,95769.521429
1721774,IT,PL,INSUR,HEALT,0.28,13407.229,3,3,13407.229,0.0,0.0,0.0,0.0,47882.960714
1649475,IT,BG,CHEM1,FOOD3,0.03,13407.227,3,3,13407.227,0.0,0.0,0.0,0.0,446907.566667
1741737,IT,US,NAPHT,CONST,0.02,13406.941,3,3,13406.941,0.0,0.0,0.0,0.0,670347.05
1710153,IT,LT,MACHI,RUBBE,0.07,13406.871,3,3,13406.871,0.0,0.0,0.0,0.0,191526.728571
1754246,IT,CA,POSTT,FURNI,0.22,13406.601,3,3,13406.601,0.0,0.0,0.0,0.0,60939.095455
1641675,IT,AT,NONSP,KEROS,0.02,13406.371,3,3,13406.371,0.0,0.0,0.0,0.0,670318.55
1652036,IT,CZ,VEGET,RESEA,0.05,13405.314,3,3,13405.314,0.0,0.0,0.0,0.0,268106.28
1730232,IT,SE,TRAN2,COPPE,0.02,13404.925,3,3,13404.925,0.0,0.0,0.0,0.0,670246.25
1766360,IT,RU,NONME,93197,0.03,13404.13,3,3,13404.13,0.0,0.0,0.0,0.0,446804.333333
1666024,IT,ES,MOTOR,TEXT2,0.02,13403.382,3,3,13403.382,0.0,0.0,0.0,0.0,670169.1
1645452,IT,BE,NAPHT,MOTOR,0.02,13403.3,3,3,13403.3,0.0,0.0,0.0,0.0,670165.0
1679647,IT,GR,GLASS,ALUM1,0.04,13403.288,3,3,13403.288,0.0,0.0,0.0,0.0,335082.2
1688897,IT,IE,COPP1,PLAST,0.03,13401.486,3,3,13401.486,0.0,0.0,0.0,0.0,446716.2
1727330,IT,RO,POSTT,ELEC4,0.22,13400.505,3,3,13400.505,0.0,0.0,0.0,0.0,60911.386364
1791508,IT,WA,RETA1,FISHF,0.14,13400.393,3,3,13400.393,0.0,0.0,0.0,0.0,95717.092857
1735183,IT,SK,RUBBE,CERAM,0.04,13399.877,3,3,13399.877,0.0,0.0,0.0,0.0,334996.925
1785432,IT,ZA,PAPER,RAILW,0.05,13399.387,3,3,13399.387,0.0,0.0,0.0,0.0,267987.74
1668209,IT,ES,RETAI,FORES,0.11,13398.846,3,3,13398.846,0.0,0.0,0.0,0.0,121807.690909
1668674,IT,ES,LANDT,CEREA,0.09,13397.932,3,3,13397.932,0.0,0.0,0.0,0.0,148865.911111
1720549,IT,PL,OFFIC,PREC1,0.04,13397.43,3,3,13397.43,0.0,0.0,0.0,0.0,334935.75
1732639,IT,SI,GLASS,RETAI,0.04,13396.901,3,3,13396.901,0.0,0.0,0.0,0.0,334922.525
1781675,IT,NO,LEATH,RESEA,0.1,13395.931,4,4,13395.929,0.0,0.0,0.0,0.002,133959.31
1788871,IT,WA,GASDI,NONF1,0.02,13395.822,3,3,13395.822,0.0,0.0,0.0,0.0,669791.1
1739749,IT,GB,SUPPO,FOOD3,0.1,13394.164,3,3,13394.164,0.0,0.0,0.0,0.0,133941.64
1747902,IT,JP,COMPU,OFFIC,0.15,13394.038,3,3,13394.038,0.0,0.0,0.0,0.0,89293.586667
1645051,IT,BE,PAPER,MOTOR,0.05,13393.981,3,3,13393.981,0.0,0.0,0.0,0.0,267879.62
1661650,IT,DK,TEXTI,CERAM,0.08,13392.358,4,4,13392.356,0.0,0.0,0.0,0.002,167404.475
1730992,IT,SE,SEWAG,FOOD5,0.12,13389.847,3,3,13389.847,0.0,0.0,0.0,0.0,111582.058333
1803435,IT,WF,MEAT1,CATTL,0.06,13389.589,4,4,13389.587,0.0,0.0,0.0,0.002,223159.816667
1670271,IT,FI,VEGET,BUSIN,0.05,13389.425,3,3,13389.425,0.0,0.0,0.0,0.0,267788.5
1787513,IT,WA,CHEMI,SUGA1,0.03,13389.341,4,4,13388.341,0.0,0.0,1.0,0.0,446311.366667
1652127,IT,CZ,MEATP,FOOD5,0.05,13389.292,3,3,13389.292,0.0,0.0,0.0,0.0,267785.84
1752775,IT,CA,WOODW,ELEC4,0.04,13388.691,3,3,13388.691,0.0,0.0,0.0,0.0,334717.275
1793292,IT,WA,PRIVA,NONF1,2.99,13388.623,4,4,13388.621,0.0,0.0,0.0,0.002,4477.800334
1674204,IT,FR,LIQUE,ELECT,0.02,13387.929,3,3,13387.929,0.0,0.0,0.0,0.0,669396.45
1687815,IT,HU,POSTT,POSTT,0.22,13387.809,3,3,13387.809,0.0,0.0,0.0,0.0,60853.677273
1807476,IT,WF,REALE,CONST,0.57,13387.686,3,3,13387.686,0.0,0.0,0.0,0.0,23487.168421
1729004,IT,SE,BIODI,MOTO1,0.03,13387.435,3,3,13387.435,0.0,0.0,0.0,0.0,446247.833333
1749304,IT,CN,PRINT,VEGET,0.13,13387.166,3,3,13387.166,0.0,0.0,0.0,0.0,102978.2
1714930,IT,NL,BEVER,RESEA,0.06,13385.443,3,3,13385.443,0.0,0.0,0.0,0.0,223090.716667
1665012,IT,ES,CHEMI,ELECT,0.03,13384.929,4,4,13383.929,0.0,0.0,1.0,0.0,446164.3
1742318,IT,US,CEMEN,RETA1,0.02,13384.341,3,3,13384.341,0.0,0.0,0.0,0.0,669217.05
1736041,IT,SK,FURNI,WEARI,0.04,13384.055,3,3,13384.055,0.0,0.0,0.0,0.0,334601.375
1660159,IT,DE,SUPPO,NUCLE,0.1,13383.581,3,3,13383.581,0.0,0.0,0.0,0.0,133835.81
1720640,IT,PL,MOTO1,BIODI,0.07,13383.161,3,3,13383.161,0.0,0.0,0.0,0.0,191188.014286
1735947,IT,SK,MOTO1,BRICK,0.07,13381.546,3,3,13381.546,0.0,0.0,0.0,0.0,191164.942857
1671019,IT,FI,RUBBE,PEAT2,0.04,13381.422,3,3,13381.422,0.0,0.0,0.0,0.0,334535.55
1802353,IT,WE,SEACO,TEXTI,0.01,13381.292,3,3,13381.292,0.0,0.0,0.0,0.0,1338129.2
1680787,IT,GR,HOTEL,AUXIL,0.1,13381.273,3,3,13381.273,0.0,0.0,0.0,0.0,133812.73
1676227,IT,FR,CONST,INTER,0.07,13380.596,3,3,13380.596,0.0,0.0,0.0,0.0,191151.371429
1795968,IT,WL,MOTO1,BIOGA,0.07,13380.491,3,3,13380.491,0.0,0.0,0.0,0.0,191149.871429
1654949,IT,CZ,INSUR,FABRI,0.28,13379.546,3,3,13379.546,0.0,0.0,0.0,0.0,47784.092857
1679185,IT,GR,PRINT,SEACO,0.13,13379.525,3,3,13379.525,0.0,0.0,0.0,0.0,102919.423077
1682363,IT,HR,WOODW,AIRTR,0.04,13379.283,3,3,13379.283,0.0,0.0,0.0,0.0,334482.075
1766957,IT,RU,MOTO1,COPP1,0.07,13379.045,3,3,13379.045,0.0,0.0,0.0,0.0,191129.214286
1731155,IT,SI,STONE,HOTEL,0.04,13378.88,4,4,13377.88,0.0,0.0,1.0,0.0,334472.0
1653699,IT,CZ,LEAD1,BLAST,0.02,13378.818,3,3,13378.818,0.0,0.0,0.0,0.0,668940.9
1812594,IT,WM,LEAD1,CEMEN,0.02,13378.371,3,3,13378.371,0.0,0.0,0.0,0.0,668918.55
1716399,IT,NL,MACHI,ELEC3,0.07,13378.143,3,3,13378.143,0.0,0.0,0.0,0.0,191116.328571
1785727,IT,ZA,PETRO,CHEM1,0.02,13377.811,3,3,13377.811,0.0,0.0,0.0,0.0,668890.55
1644909,IT,BE,LEATH,ELEC2,0.1,13377.394,4,4,13377.392,0.0,0.0,0.0,0.002,133773.94
1663163,IT,DK,LANDT,CERAM,0.09,13376.954,3,3,13376.954,0.0,0.0,0.0,0.0,148632.822222
1713157,IT,MT,FISH5,MACHI,0.06,13376.853,4,4,13376.846,0.0,0.0,0.0,0.007,222947.55
1735315,IT,SK,GLASS,93197,0.04,13376.575,3,3,13376.575,0.0,0.0,0.0,0.0,334414.375
1728508,IT,SE,WOODW,MOTO1,0.04,13376.534,3,3,13376.534,0.0,0.0,0.0,0.0,334413.35
1671162,IT,FI,CERAM,OFFIC,0.02,13376.462,3,3,13376.462,0.0,0.0,0.0,0.0,668823.1
1776987,IT,TR,CHEM1,SUGAR,0.03,13375.985,3,3,13375.985,0.0,0.0,0.0,0.0,445866.166667
1757840,IT,BR,CHEM1,WOOLS,0.03,13375.909,3,3,13375.909,0.0,0.0,0.0,0.0,445863.633333
1726664,IT,RO,TRANS,MOTOR,0.08,13375.33,3,3,13375.33,0.0,0.0,0.0,0.0,167191.625
1792093,IT,WA,AIRTR,ELE11,0.01,13374.663,3,3,13374.663,0.0,0.0,0.0,0.0,1337466.3
1720976,IT,PL,WHOLE,SEACO,0.12,13374.577,3,3,13374.577,0.0,0.0,0.0,0.0,111454.808333
1740396,IT,GB,HEALT,FURNI,0.07,13373.942,3,3,13373.942,0.0,0.0,0.0,0.0,191056.314286
1784582,IT,ID,MACHI,KERO1,0.07,13372.405,3,3,13372.405,0.0,0.0,0.0,0.0,191034.357143
1674922,IT,FR,BASIC,ADDIT,0.02,13372.289,3,3,13372.289,0.0,0.0,0.0,0.0,668614.45
1811475,IT,WM,PLAST,BLAST,0.03,13372.268,3,3,13372.268,0.0,0.0,0.0,0.0,445742.266667
1777651,IT,TR,LEAD1,CHEM1,0.02,13372.173,3,3,13372.173,0.0,0.0,0.0,0.0,668608.65
1813233,IT,WM,TRANS,VEGE1,0.08,13371.657,3,3,13371.657,0.0,0.0,0.0,0.0,167145.7125
1668592,IT,ES,HOTEL,FOOD3,0.1,13371.301,3,3,13371.301,0.0,0.0,0.0,0.0,133713.01
1686128,IT,HU,RUBBE,POSTT,0.04,13369.418,3,3,13369.418,0.0,0.0,0.0,0.0,334235.45
1684779,IT,HU,CATTL,FORES,0.03,13369.329,3,3,13369.329,0.0,0.0,0.0,0.0,445644.3
1790769,IT,WA,MACHI,PROCE,0.07,13368.887,3,3,13368.887,0.0,0.0,0.0,0.0,190984.1
1651608,IT,CY,CERAM,WHOLE,0.02,13368.767,3,3,13368.767,0.0,0.0,0.0,0.0,668438.35
1661873,IT,DK,PAPER,LANDT,0.05,13368.554,3,3,13368.554,0.0,0.0,0.0,0.0,267371.08
1689191,IT,IE,RETAI,WOODW,0.1,13368.04,3,3,13368.04,0.0,0.0,0.0,0.0,133680.4
1721928,IT,PL,RENTI,EDUCA,0.08,13366.362,3,3,13366.362,0.0,0.0,0.0,0.0,167079.525
1808088,IT,WF,TEXT1,HEALT,0.1,13365.921,3,3,13365.921,0.0,0.0,0.0,0.0,133659.21
1792706,IT,WA,BUSIN,STONE,0.14,13365.775,3,3,13365.775,0.0,0.0,0.0,0.0,95469.821429
1670208,IT,ES,RECRE,DIST1,0.17,13365.735,3,3,13365.735,0.0,0.0,0.0,0.0,78621.970588
1802375,IT,WE,SEACO,RETAI,0.01,13365.607,3,3,13365.607,0.0,0.0,0.0,0.0,1336560.7
1645227,IT,BE,COALT,GASDI,0.02,13365.47,3,3,13365.47,0.0,0.0,0.0,0.0,668273.5
1680010,IT,GR,MACHI,SUGA1,0.07,13364.776,3,3,13364.776,0.0,0.0,0.0,0.0,190925.371429
1656458,IT,DE,PULP5,93197,0.04,13364.761,3,3,13364.761,0.0,0.0,0.0,0.0,334119.025
1800672,IT,WE,CERAM,POSTT,0.02,13364.121,3,3,13364.121,0.0,0.0,0.0,0.0,668206.05
1664765,IT,ES,PADDY,PROCE,0.14,13362.914,3,3,13362.914,0.0,0.0,0.0,0.0,95449.385714
1649068,IT,BG,PAPER,MEATC,0.05,13361.773,3,3,13361.773,0.0,0.0,0.0,0.0,267235.46
1747924,IT,JP,COMPU,FINAN,0.15,13361.409,3,3,13361.409,0.0,0.0,0.0,0.0,89076.06
1735513,IT,SK,PREC1,ELEC3,0.02,13361.28,3,3,13361.28,0.0,0.0,0.0,0.0,668064.0
1710859,IT,LU,PRINT,WHOLE,0.13,13361.177,3,3,13361.177,0.0,0.0,0.0,0.0,102778.284615
1683444,IT,HR,BASIC,FOOD2,0.02,13361.088,3,3,13361.088,0.0,0.0,0.0,0.0,668054.4
1772222,IT,CH,GASDI,INTER,0.02,13360.574,3,3,13360.574,0.0,0.0,0.0,0.0,668028.7
1715199,IT,NL,WOODW,CEMEN,0.04,13360.534,3,3,13360.534,0.0,0.0,0.0,0.0,334013.35
1660021,IT,DE,INLAN,COMPU,0.02,13360.045,3,3,13360.045,0.0,0.0,0.0,0.0,668002.25
1671023,IT,FI,RUBBE,MEATP,0.04,13358.213,3,3,13358.213,0.0,0.0,0.0,0.0,333955.325
1688269,IT,IE,MEATA,WHEAT,0.07,13357.607,4,4,13357.605,0.0,0.0,0.0,0.002,190822.957143
1685244,IT,HU,TEXTI,PLAST,0.08,13357.477,4,4,13357.475,0.0,0.0,0.0,0.002,166968.4625
1752570,IT,CA,BEVER,AUXIL,0.06,13357.413,3,3,13357.413,0.0,0.0,0.0,0.0,222623.55
1652490,IT,CZ,WEARI,CERAM,0.1,13357.285,4,4,13357.282,0.0,0.0,0.0,0.003,133572.85
1792162,IT,WA,SUPPO,PLAST,0.1,13357.085,3,3,13357.085,0.0,0.0,0.0,0.0,133570.85
1751136,IT,CN,RETA1,PUBLI,0.14,13356.533,3,3,13356.533,0.0,0.0,0.0,0.0,95403.807143
1719064,IT,PL,LIQUE,HEALT,0.02,13356.388,3,3,13356.388,0.0,0.0,0.0,0.0,667819.4
1808534,IT,WF,PAPE4,NONFE,0.09,13355.862,3,3,13355.862,0.0,0.0,0.0,0.0,148398.466667
1783761,IT,NO,PAPE4,SALEM,0.09,13355.502,3,3,13355.502,0.0,0.0,0.0,0.0,148394.466667
1649363,IT,BG,PLAST,RENTI,0.03,13355.468,3,3,13355.468,0.0,0.0,0.0,0.0,445182.266667
1800575,IT,WE,GLASS,FORES,0.04,13354.907,3,3,13354.907,0.0,0.0,0.0,0.0,333872.675
1734510,IT,SK,VEGE1,PLAST,0.04,13354.756,4,4,13354.753,0.0,0.0,0.0,0.003,333868.9
1753385,IT,CA,ALUM1,WHOLE,0.02,13354.468,3,3,13354.468,0.0,0.0,0.0,0.0,667723.4
1785614,IT,ZA,GASDI,RENTI,0.02,13354.422,3,3,13354.422,0.0,0.0,0.0,0.0,667721.1
1784796,IT,ID,HOTEL,CEMEN,0.1,13354.221,3,3,13354.221,0.0,0.0,0.0,0.0,133542.21
1742873,IT,US,MACHI,SUGA1,0.07,13353.517,3,3,13353.517,0.0,0.0,0.0,0.0,190764.528571
1813882,IT,WM,LANDT,ALUM1,0.09,13353.315,3,3,13353.315,0.0,0.0,0.0,0.0,148370.166667
1737323,IT,GB,BEVER,MOTOR,0.06,13352.671,3,3,13352.671,0.0,0.0,0.0,0.0,222544.516667
1720720,IT,PL,TRANS,COKIN,0.08,13352.175,3,3,13352.175,0.0,0.0,0.0,0.0,166902.1875
1724351,IT,PT,SEACO,CERAM,0.01,13351.936,3,3,13351.936,0.0,0.0,0.0,0.0,1335193.6
1680071,IT,GR,MACHI,RETA1,0.07,13351.351,3,3,13351.351,0.0,0.0,0.0,0.0,190733.585714
1772126,IT,CH,MOTOR,INLAN,0.02,13351.055,3,3,13351.055,0.0,0.0,0.0,0.0,667552.75
1777710,IT,TR,COPP1,TRAN1,0.03,13351.02,3,3,13351.02,0.0,0.0,0.0,0.0,445034.0
1764499,IT,MX,CONST,FABRI,0.07,13350.575,3,3,13350.575,0.0,0.0,0.0,0.0,190722.5
1785227,IT,ZA,TEXTI,BITUM,0.08,13350.159,4,4,13350.157,0.0,0.0,0.0,0.002,166876.9875
1682362,IT,HR,WOODW,SEACO,0.04,13349.55,3,3,13349.55,0.0,0.0,0.0,0.0,333738.75
1754604,IT,KR,ANIMA,CHEM1,0.05,13349.22,3,3,13349.22,0.0,0.0,0.0,0.0,266984.4
1672627,IT,FR,CRUDE,BEVER,0.03,13348.179,3,3,13348.179,0.0,0.0,0.0,0.0,444939.3
1709468,IT,LT,TEXTI,LANDT,0.08,13346.838,4,4,13346.836,0.0,0.0,0.0,0.002,166835.475
1686751,IT,HU,COPP1,WASTE,0.03,13346.696,3,3,13346.696,0.0,0.0,0.0,0.0,444889.866667
1735149,IT,SK,RUBBE,RAWMI,0.04,13346.537,3,3,13346.537,0.0,0.0,0.0,0.0,333663.425
1714482,IT,NL,FISHF,CHEM1,0.02,13345.479,3,3,13345.479,0.0,0.0,0.0,0.0,667273.95
1771134,IT,CH,MEATC,PROCE,0.04,13344.841,3,3,13344.841,0.0,0.0,0.0,0.0,333621.025
1739309,IT,GB,HOTEL,RAILW,0.1,13343.594,3,3,13343.594,0.0,0.0,0.0,0.0,133435.94
1712796,IT,LV,SEACO,ELEC2,0.01,13343.573,3,3,13343.573,0.0,0.0,0.0,0.0,1334357.3
1668726,IT,ES,LANDT,NUCLE,0.09,13343.538,3,3,13343.538,0.0,0.0,0.0,0.0,148261.533333
1722917,IT,PT,KEROS,BUSIN,0.02,13343.346,3,3,13343.346,0.0,0.0,0.0,0.0,667167.3
1805964,IT,WF,COPP1,COKIN,0.03,13342.518,3,3,13342.518,0.0,0.0,0.0,0.0,444750.6
1773915,IT,CH,SALEM,CATTL,0.11,13342.288,3,3,13342.288,0.0,0.0,0.0,0.0,121293.527273
1643734,IT,AT,SUPPO,STEAM,0.1,13342.255,3,3,13342.255,0.0,0.0,0.0,0.0,133422.55
1772651,IT,CH,GLASS,RETAI,0.04,13341.306,3,3,13341.306,0.0,0.0,0.0,0.0,333532.65
1718738,IT,PL,PULP5,MACHI,0.04,13341.035,3,3,13341.035,0.0,0.0,0.0,0.0,333525.875
1754708,IT,KR,VEGE1,ELECT,0.04,13340.885,4,4,13340.882,0.0,0.0,0.0,0.003,333522.125
1709444,IT,LT,TEXTI,BITU1,0.08,13340.69,4,4,13340.688,0.0,0.0,0.0,0.002,166758.625
1670442,IT,FI,FOOD5,POSTT,0.06,13339.998,3,3,13339.998,0.0,0.0,0.0,0.0,222333.3
1666287,IT,ES,LIQUE,CEREA,0.02,13339.971,3,3,13339.971,0.0,0.0,0.0,0.0,666998.55
1785291,IT,ZA,WEARI,SUPPO,0.1,13339.592,4,4,13339.589,0.0,0.0,0.0,0.003,133395.92
1714822,IT,NL,FOOD5,GASDI,0.06,13337.459,3,3,13337.459,0.0,0.0,0.0,0.0,222290.983333
1679493,IT,GR,CHEM1,DISTR,0.03,13337.223,3,3,13337.223,0.0,0.0,0.0,0.0,444574.1
1730805,IT,SE,BUSIN,STEAM,0.14,13336.932,3,3,13336.932,0.0,0.0,0.0,0.0,95263.8
1724456,IT,PT,AIRTR,MEMBE,0.01,13336.883,3,3,13336.883,0.0,0.0,0.0,0.0,1333688.3
1766273,IT,RU,CERAM,ELEC2,0.02,13336.612,3,3,13336.612,0.0,0.0,0.0,0.0,666830.6
1814074,IT,WM,AIRTR,MEATP,0.01,13336.459,3,3,13336.459,0.0,0.0,0.0,0.0,1333645.9
1767976,IT,RU,COMPU,DISTR,0.15,13336.003,3,3,13336.003,0.0,0.0,0.0,0.0,88906.686667
1800851,IT,WE,BASIC,RAILW,0.02,13335.711,3,3,13335.711,0.0,0.0,0.0,0.0,666785.55
1792269,IT,WA,POSTT,FURNI,0.22,13335.686,3,3,13335.686,0.0,0.0,0.0,0.0,60616.754545
1641868,IT,AT,BIODI,CATTL,0.03,13334.349,3,3,13334.349,0.0,0.0,0.0,0.0,444478.3
1724155,IT,PT,RETA1,SEACO,0.14,13334.131,3,3,13334.131,0.0,0.0,0.0,0.0,95243.792857
1783486,IT,NO,WOOD1,FOODW,0.09,13333.758,3,3,13333.758,0.0,0.0,0.0,0.0,148152.866667
1680656,IT,GR,WHOLE,TEXTI,0.12,13333.605,3,3,13333.605,0.0,0.0,0.0,0.0,111113.375
1736908,IT,SK,BUSIN,EDUCA,0.14,13333.011,3,3,13333.011,0.0,0.0,0.0,0.0,95235.792857
1737728,IT,GB,GASDI,BUSIN,0.02,13332.816,3,3,13332.816,0.0,0.0,0.0,0.0,666640.8
1779924,IT,TW,CONST,LUBRI,0.07,13332.254,3,3,13332.254,0.0,0.0,0.0,0.0,190460.771429
1680735,IT,GR,RETA1,OFFIC,0.14,13332.179,3,3,13332.179,0.0,0.0,0.0,0.0,95229.85
1666193,IT,ES,HEAVY,MEAT1,0.02,13331.604,3,3,13331.604,0.0,0.0,0.0,0.0,666580.2
1800547,IT,WE,RUBBE,RAILW,0.04,13331.246,3,3,13331.246,0.0,0.0,0.0,0.0,333281.15
1715680,IT,NL,NONSP,ADDIT,0.02,13331.2,3,3,13331.2,0.0,0.0,0.0,0.0,666560.0
1669701,IT,ES,COMPU,AIRTR,0.15,13331.188,3,3,13331.188,0.0,0.0,0.0,0.0,88874.586667
1671378,IT,FI,FABRI,VEGET,0.05,13330.941,3,3,13330.941,0.0,0.0,0.0,0.0,266618.82
1671613,IT,FI,FURNI,BASIC,0.04,13330.331,3,3,13330.331,0.0,0.0,0.0,0.0,333258.275
1664460,IT,EE,MACHI,INERT,0.07,13330.177,3,3,13330.177,0.0,0.0,0.0,0.0,190431.1
1738655,IT,GB,MACHI,SUGA1,0.07,13330.091,3,3,13330.091,0.0,0.0,0.0,0.0,190429.871429
1788729,IT,WA,MOTOR,BASIC,0.02,13329.66,3,3,13329.66,0.0,0.0,0.0,0.0,666483.0
1752199,IT,CN,PUBLI,STEAM,0.22,13329.627,3,3,13329.627,0.0,0.0,0.0,0.0,60589.213636
1757010,IT,KR,BUSIN,DAIRY,0.14,13328.99,3,3,13328.99,0.0,0.0,0.0,0.0,95207.071429
1745620,IT,JP,TEXTI,FOOD5,0.08,13328.46,4,4,13328.458,0.0,0.0,0.0,0.002,166605.75
1660531,IT,DE,INSUR,COMPU,0.27,13327.979,3,3,13327.979,0.0,0.0,0.0,0.0,49362.885185
1689781,IT,IE,INSUR,MEATC,0.27,13327.958,3,3,13327.958,0.0,0.0,0.0,0.0,49362.807407
1656465,IT,DE,PAPER,CATTL,0.05,13327.625,3,3,13327.625,0.0,0.0,0.0,0.0,266552.5
1812036,IT,WM,CERAM,PIGS9,0.02,13326.035,3,3,13326.035,0.0,0.0,0.0,0.0,666301.75
1737813,IT,GB,BITU1,KERO1,0.02,13325.566,3,3,13325.566,0.0,0.0,0.0,0.0,666278.3
1768563,IT,AU,BEVER,CATTL,0.06,13324.802,3,3,13324.802,0.0,0.0,0.0,0.0,222080.033333
1724073,IT,PT,WHOLE,FURNI,0.12,13323.012,3,3,13323.012,0.0,0.0,0.0,0.0,111025.1
1767075,IT,RU,FURNI,GLASS,0.04,13322.639,3,3,13322.639,0.0,0.0,0.0,0.0,333065.975
1721913,IT,PL,RENTI,WHOLE,0.08,13322.576,3,3,13322.576,0.0,0.0,0.0,0.0,166532.2
1777786,IT,TR,FABRI,SUGA1,0.05,13322.249,3,3,13322.249,0.0,0.0,0.0,0.0,266444.98
1720883,IT,PL,CONST,HOTEL,0.07,13321.959,3,3,13321.959,0.0,0.0,0.0,0.0,190313.7
1657884,IT,DE,BASIC,MEAT4,0.02,13321.909,3,3,13321.909,0.0,0.0,0.0,0.0,666095.45
1778043,IT,TR,OFFIC,COLLE,0.04,13321.716,3,3,13321.716,0.0,0.0,0.0,0.0,333042.9
1640561,IT,AT,FOOD5,FABRI,0.06,13321.682,3,3,13321.682,0.0,0.0,0.0,0.0,222028.033333
1669044,IT,ES,SUPPO,PFERT,0.1,13321.469,3,3,13321.469,0.0,0.0,0.0,0.0,133214.69
1798508,IT,WE,STONE,RAWMI,0.04,13321.259,4,4,13320.259,0.0,0.0,1.0,0.0,333031.475
1741689,IT,US,HEAVY,RETAI,0.02,13320.983,3,3,13320.983,0.0,0.0,0.0,0.0,666049.15
1724544,IT,PT,POSTT,WHOLE,0.22,13320.668,3,3,13320.668,0.0,0.0,0.0,0.0,60548.490909
1743778,IT,US,LANDT,PREC1,0.09,13320.097,3,3,13320.097,0.0,0.0,0.0,0.0,148001.077778
1684527,IT,HR,BUSIN,TEXTI,0.14,13319.319,3,3,13319.319,0.0,0.0,0.0,0.0,95137.992857
1734834,IT,SK,PAPER,MEATC,0.05,13318.423,3,3,13318.423,0.0,0.0,0.0,0.0,266368.46
1683589,IT,HR,COPP1,SALEM,0.03,13318.316,3,3,13318.316,0.0,0.0,0.0,0.0,443943.866667
1745230,IT,JP,STONE,VEGET,0.04,13318.225,4,4,13317.225,0.0,0.0,1.0,0.0,332955.625
1811368,IT,WM,NONSP,ETHAN,0.02,13318.088,3,3,13318.088,0.0,0.0,0.0,0.0,665904.4
1648757,IT,BG,BEVER,RAWMI,0.06,13317.899,3,3,13317.899,0.0,0.0,0.0,0.0,221964.983333
1676833,IT,FR,LANDT,RETAI,0.09,13316.352,3,3,13316.352,0.0,0.0,0.0,0.0,147959.466667
1644217,IT,BE,VEGET,RESEA,0.05,13315.187,3,3,13315.187,0.0,0.0,0.0,0.0,266303.74
1786040,IT,ZA,CERAM,FURNI,0.02,13315.084,3,3,13315.084,0.0,0.0,0.0,0.0,665754.2
1737211,IT,GB,PROCE,MEATP,0.09,13314.825,3,3,13314.825,0.0,0.0,0.0,0.0,147942.5
1683142,IT,HR,RUBBE,PAPE4,0.04,13314.313,3,3,13314.313,0.0,0.0,0.0,0.0,332857.825
1681067,IT,GR,SUPPO,MEAT4,0.1,13314.308,3,3,13314.308,0.0,0.0,0.0,0.0,133143.08
1798548,IT,WE,CHEMI,CROPS,0.03,13313.862,4,4,13312.862,0.0,0.0,1.0,0.0,443795.4
1684932,IT,HU,CHEMI,RECRE,0.03,13312.795,4,4,13311.795,0.0,0.0,1.0,0.0,443759.833333
1741146,IT,US,LEATH,PIGS9,0.1,13311.347,4,4,13311.345,0.0,0.0,0.0,0.002,133113.47
1745537,IT,JP,BEVER,PRINT,0.06,13310.528,3,3,13310.528,0.0,0.0,0.0,0.0,221842.133333
1732805,IT,SI,BASIC,STONE,0.02,13309.756,3,3,13309.756,0.0,0.0,0.0,0.0,665487.8
1753336,IT,CA,BASIC,HOTEL,0.02,13309.188,3,3,13309.188,0.0,0.0,0.0,0.0,665459.4
1674525,IT,FR,RUBBE,TOBAC,0.04,13309.079,3,3,13309.079,0.0,0.0,0.0,0.0,332726.975
1774629,IT,CH,AIRTR,VEGET,0.01,13308.594,3,3,13308.594,0.0,0.0,0.0,0.0,1330859.4
1713052,IT,MT,MEAT4,AIRTR,0.07,13308.405,3,3,13308.405,0.0,0.0,0.0,0.0,190120.071429
1676515,IT,FR,RETA1,FOOD4,0.14,13308.168,3,3,13308.168,0.0,0.0,0.0,0.0,95058.342857
1752035,IT,CN,RESEA,AUXIL,0.07,13307.971,3,3,13307.971,0.0,0.0,0.0,0.0,190113.871429
1753832,IT,CA,WHOLE,TRANS,0.11,13306.302,3,3,13306.302,0.0,0.0,0.0,0.0,120966.381818
1670643,IT,FI,LEATH,WHOLE,0.1,13305.179,4,4,13305.177,0.0,0.0,0.0,0.002,133051.79
1722786,IT,PT,PAPER,NONME,0.05,13304.32,3,3,13304.32,0.0,0.0,0.0,0.0,266086.4
1718140,IT,PL,VEGE1,FURNI,0.04,13303.988,4,4,13303.985,0.0,0.0,0.0,0.003,332599.7
1770451,IT,AU,SEACO,COMPU,0.01,13303.654,3,3,13303.654,0.0,0.0,0.0,0.0,1330365.4
1729696,IT,SE,FABRI,WASTE,0.05,13303.356,3,3,13303.356,0.0,0.0,0.0,0.0,266067.12
1746069,IT,JP,PRINT,PFERT,0.13,13303.128,3,3,13303.128,0.0,0.0,0.0,0.0,102331.753846
1802352,IT,WE,SEACO,FISH5,0.01,13302.895,3,3,13302.895,0.0,0.0,0.0,0.0,1330289.5
1690265,IT,IE,INTER,PUBLI,0.08,13302.778,3,3,13302.778,0.0,0.0,0.0,0.0,166284.725
1715388,IT,NL,PRINT,INSUR,0.13,13302.583,3,3,13302.583,0.0,0.0,0.0,0.0,102327.561538
1807134,IT,WF,AIRTR,NONFE,0.01,13301.898,3,3,13301.898,0.0,0.0,0.0,0.0,1330189.8
1791728,IT,WA,RAILW,VEGE1,0.09,13301.804,3,3,13301.804,0.0,0.0,0.0,0.0,147797.822222
1807346,IT,WF,POSTT,RECRE,0.22,13301.722,3,3,13301.722,0.0,0.0,0.0,0.0,60462.372727
1744135,IT,US,SUPPO,COLLE,0.1,13300.549,3,3,13300.549,0.0,0.0,0.0,0.0,133005.49
1759935,IT,BR,PLAS1,PRINT,0.05,13300.515,3,3,13300.515,0.0,0.0,0.0,0.0,266010.3
1804686,IT,WF,LIQUE,MOTOR,0.02,13300.375,3,3,13300.375,0.0,0.0,0.0,0.0,665018.75
1732384,IT,SI,PLAST,PAPER,0.03,13300.102,3,3,13300.102,0.0,0.0,0.0,0.0,443336.733333
1778773,IT,TR,LANDT,LEATH,0.09,13299.828,3,3,13299.828,0.0,0.0,0.0,0.0,147775.866667
1793735,IT,WL,BEVER,DAIRY,0.06,13299.655,3,3,13299.655,0.0,0.0,0.0,0.0,221660.916667
1750355,IT,CN,FABRI,KEROS,0.05,13299.565,3,3,13299.565,0.0,0.0,0.0,0.0,265991.3
1772679,IT,CH,CERAM,TEXTI,0.02,13299.284,3,3,13299.284,0.0,0.0,0.0,0.0,664964.2
1776334,IT,TR,PAPER,STEAM,0.05,13299.226,3,3,13299.226,0.0,0.0,0.0,0.0,265984.52
1781483,IT,NO,BEVER,FINAN,0.06,13298.313,3,3,13298.313,0.0,0.0,0.0,0.0,221638.55
1742610,IT,US,ALUM1,RENTI,0.02,13296.895,3,3,13296.895,0.0,0.0,0.0,0.0,664844.75
1651594,IT,CY,GLASS,RETA1,0.04,13296.782,3,3,13296.782,0.0,0.0,0.0,0.0,332419.55
1774654,IT,CH,AIRTR,ELECT,0.01,13296.516,3,3,13296.516,0.0,0.0,0.0,0.0,1329651.6
1672897,IT,FR,VEGE1,LANDT,0.04,13295.599,4,4,13295.596,0.0,0.0,0.0,0.003,332389.975
1770425,IT,AU,SEACO,WOODW,0.01,13295.304,3,3,13295.304,0.0,0.0,0.0,0.0,1329530.4
1718006,IT,PL,CHEMI,WOODW,0.03,13294.614,4,4,13293.614,0.0,0.0,1.0,0.0,443153.8
1728108,IT,SE,VEGE1,WOODW,0.04,13294.535,4,4,13294.532,0.0,0.0,0.0,0.003,332363.375
1646063,IT,BE,BASIC,KERO1,0.02,13294.09,3,3,13294.09,0.0,0.0,0.0,0.0,664704.5
1651779,IT,CY,OFFIC,BUSIN,0.04,13293.93,3,3,13293.93,0.0,0.0,0.0,0.0,332348.25
1783405,IT,NO,INTER,GLASS,0.08,13293.528,3,3,13293.528,0.0,0.0,0.0,0.0,166169.1
1759999,IT,BR,INTER,CONST,0.08,13293.237,3,3,13293.237,0.0,0.0,0.0,0.0,166165.4625
1778180,IT,TR,FURNI,MEAT4,0.04,13292.882,3,3,13292.882,0.0,0.0,0.0,0.0,332322.05
1689510,IT,IE,LANDT,CONST,0.09,13292.661,3,3,13292.661,0.0,0.0,0.0,0.0,147696.233333
1675531,IT,FR,OFFIC,INERT,0.04,13292.505,3,3,13292.505,0.0,0.0,0.0,0.0,332312.625
1670834,IT,FI,PARAF,KEROS,0.02,13292.475,3,3,13292.475,0.0,0.0,0.0,0.0,664623.75
1773999,IT,CH,RETAI,POULT,0.1,13291.284,3,3,13291.284,0.0,0.0,0.0,0.0,132912.84
1797790,IT,WL,OILHA,CHEM1,0.08,13291.151,3,3,13291.151,0.0,0.0,0.0,0.0,166139.3875
1678488,IT,FR,RECRE,REALE,0.17,13290.964,3,3,13290.964,0.0,0.0,0.0,0.0,78182.141176
1810892,IT,WM,KERO1,KERO1,0.02,13289.975,3,3,13289.975,0.0,0.0,0.0,0.0,664498.75
1765257,IT,RU,MEAT4,HEALT,0.07,13289.563,3,3,13289.563,0.0,0.0,0.0,0.0,189850.9
1723167,IT,PT,RUBBE,VEGE1,0.04,13289.15,3,3,13289.15,0.0,0.0,0.0,0.0,332228.75
1752625,IT,CA,TEXTI,BASIC,0.08,13288.193,4,4,13288.191,0.0,0.0,0.0,0.002,166102.4125
1740684,IT,US,CHEMI,PADDY,0.03,13287.836,4,4,13286.836,0.0,0.0,1.0,0.0,442927.866667
1663969,IT,EE,PAPER,FABRI,0.05,13287.562,3,3,13287.562,0.0,0.0,0.0,0.0,265751.24
1688527,IT,IE,PAPER,WOODW,0.05,13286.255,3,3,13286.255,0.0,0.0,0.0,0.0,265725.1
1771422,IT,CH,FOOD5,SEACO,0.06,13285.67,3,3,13285.67,0.0,0.0,0.0,0.0,221427.833333
1712717,IT,LV,HOTEL,AIRTR,0.1,13285.107,3,3,13285.107,0.0,0.0,0.0,0.0,132851.07
1733928,IT,SI,SUPPO,DAIRY,0.1,13284.905,3,3,13284.905,0.0,0.0,0.0,0.0,132849.05
1724328,IT,PT,TRAN2,NAPHT,0.02,13284.84,3,3,13284.84,0.0,0.0,0.0,0.0,664242.0
1785221,IT,ZA,TOBAC,MACHI,0.05,13284.836,3,3,13284.836,0.0,0.0,0.0,0.0,265696.72
1688950,IT,IE,FABRI,REALE,0.05,13284.822,3,3,13284.822,0.0,0.0,0.0,0.0,265696.44
1675711,IT,FR,TRANS,WOOD2,0.08,13284.407,3,3,13284.407,0.0,0.0,0.0,0.0,166055.0875
1676480,IT,FR,RETA1,TRAN1,0.14,13284.152,3,3,13284.152,0.0,0.0,0.0,0.0,94886.8
1686688,IT,HU,COPP1,LEATH,0.03,13284.123,3,3,13284.123,0.0,0.0,0.0,0.0,442804.1
1801979,IT,WE,WHOLE,VEGET,0.11,13284.002,3,3,13284.002,0.0,0.0,0.0,0.0,120763.654545
1728456,IT,SE,LEATH,PLAST,0.1,13283.626,4,4,13283.624,0.0,0.0,0.0,0.002,132836.26
1731882,IT,SI,PRINT,POSTT,0.13,13283.051,3,3,13283.051,0.0,0.0,0.0,0.0,102177.315385
1742782,IT,US,FABRI,ELEC3,0.05,13282.924,3,3,13282.924,0.0,0.0,0.0,0.0,265658.48
1709699,IT,LT,CHEM1,CEREA,0.03,13282.459,3,3,13282.459,0.0,0.0,0.0,0.0,442748.633333
1641927,IT,AT,BIODI,93197,0.03,13282.094,3,3,13282.094,0.0,0.0,0.0,0.0,442736.466667
1743200,IT,US,TRANS,PRINT,0.08,13281.208,3,3,13281.208,0.0,0.0,0.0,0.0,166015.1
1733138,IT,SI,FABRI,DISTR,0.05,13281.17,3,3,13281.17,0.0,0.0,0.0,0.0,265623.4
1764531,IT,MX,CONST,93197,0.07,13281.061,3,3,13281.061,0.0,0.0,0.0,0.0,189729.442857
1656266,IT,DE,WEARI,RESEA,0.1,13280.858,4,4,13280.855,0.0,0.0,0.0,0.003,132808.58
1689564,IT,IE,AIRTR,PAPER,0.01,13280.723,3,3,13280.723,0.0,0.0,0.0,0.0,1328072.3
1657465,IT,DE,RUBBE,STEAM,0.04,13279.665,3,3,13279.665,0.0,0.0,0.0,0.0,331991.625
1814546,IT,WM,BUSIN,SANDC,0.14,13278.23,3,3,13278.23,0.0,0.0,0.0,0.0,94844.5
1723165,IT,PT,RUBBE,MEAT1,0.04,13277.992,3,3,13277.992,0.0,0.0,0.0,0.0,331949.8
1643777,IT,AT,POSTT,RADIO,0.22,13277.432,3,3,13277.432,0.0,0.0,0.0,0.0,60351.963636
1661923,IT,DK,PRINT,POSTT,0.13,13277.239,3,3,13277.239,0.0,0.0,0.0,0.0,102132.607692
1687141,IT,HU,FURNI,BEVER,0.04,13276.82,3,3,13276.82,0.0,0.0,0.0,0.0,331920.5
1644256,IT,BE,CROPS,TEXTI,0.11,13276.708,3,3,13276.708,0.0,0.0,0.0,0.0,120697.345455
1723349,IT,PT,NONME,FURNI,0.03,13276.433,3,3,13276.433,0.0,0.0,0.0,0.0,442547.766667
1732178,IT,SI,GASDI,AUXIL,0.02,13276.352,3,3,13276.352,0.0,0.0,0.0,0.0,663817.6
1795506,IT,WL,ALUM1,COKEO,0.02,13276.253,3,3,13276.253,0.0,0.0,0.0,0.0,663812.65
1754377,IT,CA,AUXIL,FINAN,0.24,13276.185,3,3,13276.185,0.0,0.0,0.0,0.0,55317.4375
1671966,IT,FI,LANDT,OFFIC,0.09,13276.088,3,3,13276.088,0.0,0.0,0.0,0.0,147512.088889
1650624,IT,BG,CONST,ALUM1,0.07,13275.879,3,3,13275.879,0.0,0.0,0.0,0.0,189655.414286
1668871,IT,ES,SEACO,NUCLE,0.01,13275.404,3,3,13275.404,0.0,0.0,0.0,0.0,1327540.4
1811333,IT,WM,BITU1,TRAN2,0.02,13274.085,3,3,13274.085,0.0,0.0,0.0,0.0,663704.25
1814360,IT,WM,FINAN,COMPU,0.17,13274.075,3,3,13274.075,0.0,0.0,0.0,0.0,78082.794118
1685480,IT,HU,PULP5,WHOLE,0.04,13272.802,3,3,13272.802,0.0,0.0,0.0,0.0,331820.05
1689060,IT,IE,TRANS,WHOLE,0.08,13272.506,3,3,13272.506,0.0,0.0,0.0,0.0,165906.325
1646169,IT,BE,ALUM1,FISH5,0.02,13272.496,3,3,13272.496,0.0,0.0,0.0,0.0,663624.8
1652779,IT,CZ,PAPER,FOOD3,0.05,13272.443,3,3,13272.443,0.0,0.0,0.0,0.0,265448.86
1811215,IT,WM,WHITE,FOOD5,0.07,13272.44,3,3,13272.44,0.0,0.0,0.0,0.0,189606.285714
1652381,IT,CZ,TEXTI,BEVER,0.08,13271.707,4,4,13271.705,0.0,0.0,0.0,0.002,165896.3375
1736104,IT,SK,CONST,PLAST,0.07,13271.394,3,3,13271.394,0.0,0.0,0.0,0.0,189591.342857
1743020,IT,US,OFFIC,FURNI,0.04,13270.862,3,3,13270.862,0.0,0.0,0.0,0.0,331771.55
1640845,IT,AT,LEATH,POULT,0.1,13270.231,4,4,13270.229,0.0,0.0,0.0,0.002,132702.31
1791411,IT,WA,WHOLE,NATUR,0.11,13270.083,3,3,13270.083,0.0,0.0,0.0,0.0,120637.118182
1690209,IT,IE,BUSIN,DIST1,0.14,13269.609,3,3,13269.609,0.0,0.0,0.0,0.0,94782.921429
1741585,IT,US,GASDI,ELEC6,0.02,13269.012,3,3,13269.012,0.0,0.0,0.0,0.0,663450.6
1768476,IT,AU,PROCE,EDUCA,0.09,13268.949,3,3,13268.949,0.0,0.0,0.0,0.0,147432.766667
1740242,IT,GB,BUSIN,ELEC2,0.14,13268.499,3,3,13268.499,0.0,0.0,0.0,0.0,94774.992857
1749416,IT,CN,KEROS,FABRI,0.02,13267.739,3,3,13267.739,0.0,0.0,0.0,0.0,663386.95
1802090,IT,WE,RETA1,PRINT,0.14,13266.511,3,3,13266.511,0.0,0.0,0.0,0.0,94760.792857
1671381,IT,FI,FABRI,PIGS9,0.05,13266.39,3,3,13266.39,0.0,0.0,0.0,0.0,265327.8
1668230,IT,ES,RETAI,RETA1,0.1,13265.347,3,3,13265.347,0.0,0.0,0.0,0.0,132653.47
1674230,IT,FR,LIQUE,OILHA,0.02,13265.051,3,3,13265.051,0.0,0.0,0.0,0.0,663252.55
1665262,IT,ES,BEVER,WOODW,0.06,13264.829,3,3,13264.829,0.0,0.0,0.0,0.0,221080.483333
1734677,IT,SK,LEATH,CROPS,0.1,13264.599,4,4,13264.597,0.0,0.0,0.0,0.002,132645.99
1647501,IT,BE,SUPPO,NAPHT,0.1,13264.322,3,3,13264.322,0.0,0.0,0.0,0.0,132643.22
1688126,IT,HU,BUSIN,PULP5,0.14,13264.21,3,3,13264.21,0.0,0.0,0.0,0.0,94744.357143
1775335,IT,CH,BUSIN,FOODW,0.14,13263.365,3,3,13263.365,0.0,0.0,0.0,0.0,94738.321429
1804463,IT,WF,GASDI,PRECI,0.02,13263.279,3,3,13263.279,0.0,0.0,0.0,0.0,663163.95
1768281,IT,AU,VEGET,CONST,0.05,13262.631,3,3,13262.631,0.0,0.0,0.0,0.0,265252.62
1733371,IT,SI,TRANS,RENTI,0.08,13261.333,3,3,13261.333,0.0,0.0,0.0,0.0,165766.6625
1789994,IT,WA,NONME,KERO1,0.03,13260.918,3,3,13260.918,0.0,0.0,0.0,0.0,442030.6
1723611,IT,PT,FABRI,ELEC4,0.05,13260.891,3,3,13260.891,0.0,0.0,0.0,0.0,265217.82
1755029,IT,KR,WEARI,RUBBE,0.1,13260.763,4,4,13260.76,0.0,0.0,0.0,0.003,132607.63
1709831,IT,LT,RUBBE,RESEA,0.04,13260.346,3,3,13260.346,0.0,0.0,0.0,0.0,331508.65
1751101,IT,CN,RETA1,PLAST,0.14,13259.941,3,3,13259.941,0.0,0.0,0.0,0.0,94713.864286
1799256,IT,WE,LEATH,CERAM,0.09,13259.379,4,4,13259.377,0.0,0.0,0.0,0.002,147326.433333
1722394,IT,PT,MEATC,BEVER,0.04,13259.367,3,3,13259.367,0.0,0.0,0.0,0.0,331484.175
1676304,IT,FR,RETAI,CATTL,0.1,13259.067,3,3,13259.067,0.0,0.0,0.0,0.0,132590.67
1744397,IT,US,INSUR,BUSIN,0.27,13258.651,3,3,13258.651,0.0,0.0,0.0,0.0,49106.114815
1672934,IT,FR,DAIRY,MEAT1,0.05,13258.424,3,3,13258.424,0.0,0.0,0.0,0.0,265168.48
1657702,IT,DE,BRICK,NFERT,0.02,13258.152,3,3,13258.152,0.0,0.0,0.0,0.0,662907.6
1686221,IT,HU,GLASS,POSTT,0.04,13258.115,3,3,13258.115,0.0,0.0,0.0,0.0,331452.875
1734449,IT,SK,FORES,FORES,0.12,13257.54,4,4,13252.54,0.0,5.0,0.0,0.0,110479.5
1757732,IT,BR,NAPHT,TRANS,0.02,13257.471,3,3,13257.471,0.0,0.0,0.0,0.0,662873.55
1668618,IT,ES,RAILW,KEROS,0.09,13256.712,3,3,13256.712,0.0,0.0,0.0,0.0,147296.8
1724844,IT,PT,BUSIN,VEGE1,0.14,13256.545,3,3,13256.545,0.0,0.0,0.0,0.0,94689.607143
1738790,IT,GB,OFFIC,POSTT,0.04,13256.022,3,3,13256.022,0.0,0.0,0.0,0.0,331400.55
1737022,IT,GB,STONE,PLAST,0.04,13255.909,4,4,13254.909,0.0,0.0,1.0,0.0,331397.725
1733381,IT,SI,TRANS,FOOD4,0.08,13255.795,3,3,13255.795,0.0,0.0,0.0,0.0,165697.4375
1796009,IT,WL,MOTO1,LANDT,0.07,13255.135,3,3,13255.135,0.0,0.0,0.0,0.0,189359.071429
1719217,IT,PL,CHEM1,ANIMA,0.03,13254.707,3,3,13254.707,0.0,0.0,0.0,0.0,441823.566667
1753498,IT,CA,FABRI,RECRE,0.05,13254.628,3,3,13254.628,0.0,0.0,0.0,0.0,265092.56
1743999,IT,US,AIRTR,BIODI,0.01,13254.366,3,3,13254.366,0.0,0.0,0.0,0.0,1325436.6
1640827,IT,AT,WEARI,RENTI,0.1,13253.637,4,4,13253.634,0.0,0.0,0.0,0.003,132536.37
1716676,IT,NL,WHOLE,BRICK,0.11,13253.078,3,3,13253.078,0.0,0.0,0.0,0.0,120482.527273
1655086,IT,CZ,COMPU,HOTEL,0.15,13252.738,3,3,13252.738,0.0,0.0,0.0,0.0,88351.586667
1812607,IT,WM,LEAD1,HOTEL,0.02,13252.393,3,3,13252.393,0.0,0.0,0.0,0.0,662619.65
1792493,IT,WA,REALE,VEGE1,0.56,13252.391,3,3,13252.391,0.0,0.0,0.0,0.0,23664.983929
1792677,IT,WA,RESEA,RETA1,0.07,13252.22,3,3,13252.22,0.0,0.0,0.0,0.0,189317.428571
1740632,IT,US,CRUDE,NONSP,0.03,13252.148,3,3,13252.148,0.0,0.0,0.0,0.0,441738.266667
1793304,IT,WA,PRIVA,ELEC2,2.96,13251.571,4,4,13251.569,0.0,0.0,0.0,0.002,4476.882095
1805604,IT,WF,NONME,OILSE,0.03,13251.278,3,3,13251.278,0.0,0.0,0.0,0.0,441709.266667
1641922,IT,AT,BIODI,EDUCA,0.03,13249.733,3,3,13249.733,0.0,0.0,0.0,0.0,441657.766667
1794023,IT,WL,PULP5,MEATC,0.04,13249.581,3,3,13249.581,0.0,0.0,0.0,0.0,331239.525
1775240,IT,CH,BUSIN,MEATA,0.14,13248.222,3,3,13248.222,0.0,0.0,0.0,0.0,94630.157143
1764133,IT,MX,FABRI,TRAN1,0.05,13247.69,3,3,13247.69,0.0,0.0,0.0,0.0,264953.8
1797066,IT,WL,SUPPO,FINAN,0.1,13247.405,3,3,13247.405,0.0,0.0,0.0,0.0,132474.05
1782171,IT,NO,NONME,FURNI,0.03,13247.046,3,3,13247.046,0.0,0.0,0.0,0.0,441568.2
1712524,IT,LV,FABRI,RETAI,0.05,13246.959,3,3,13246.959,0.0,0.0,0.0,0.0,264939.18
1678726,IT,GR,DAIRY,PUBLI,0.05,13246.228,3,3,13246.228,0.0,0.0,0.0,0.0,264924.56
1808569,IT,WF,PAPE4,SALEM,0.09,13246.112,3,3,13246.112,0.0,0.0,0.0,0.0,147179.022222
1757048,IT,KR,BUSIN,ALUM1,0.14,13245.92,3,3,13245.92,0.0,0.0,0.0,0.0,94613.714286
1770115,IT,AU,WHOLE,RETA1,0.11,13245.368,3,3,13245.368,0.0,0.0,0.0,0.0,120412.436364
1811877,IT,WM,RUBBE,LUBRI,0.04,13244.851,3,3,13244.851,0.0,0.0,0.0,0.0,331121.275
1713553,IT,MT,CERAM,RESEA,0.02,13244.83,3,3,13244.83,0.0,0.0,0.0,0.0,662241.5
1768898,IT,AU,WOODW,MOTO1,0.04,13244.711,3,3,13244.711,0.0,0.0,0.0,0.0,331117.775
1725841,IT,RO,KERO1,RAWMI,0.02,13244.166,3,3,13244.166,0.0,0.0,0.0,0.0,662208.3
1756632,IT,KR,LANDT,FOOD5,0.09,13243.719,3,3,13243.719,0.0,0.0,0.0,0.0,147152.433333
1763468,IT,MX,PLAST,CEMEN,0.03,13242.804,3,3,13242.804,0.0,0.0,0.0,0.0,441426.8
1664852,IT,ES,MEATA,HOTEL,0.07,13242.53,4,4,13242.528,0.0,0.0,0.0,0.002,189179.0
1667809,IT,ES,OFFIC,ELEC1,0.04,13242.489,3,3,13242.489,0.0,0.0,0.0,0.0,331062.225
1790626,IT,WA,FABRI,DAIRY,0.05,13242.261,3,3,13242.261,0.0,0.0,0.0,0.0,264845.22
1771223,IT,CH,VEGE1,PRINT,0.04,13241.378,4,4,13241.375,0.0,0.0,0.0,0.003,331034.45
1790735,IT,WA,MACHI,PIGS9,0.07,13240.224,3,3,13240.224,0.0,0.0,0.0,0.0,189146.057143
1781194,IT,NO,VEGET,PRINT,0.05,13239.864,3,3,13239.864,0.0,0.0,0.0,0.0,264797.28
1713120,IT,MT,BEVER,PIGS9,0.06,13238.969,3,3,13238.969,0.0,0.0,0.0,0.0,220649.483333
1738263,IT,GB,NONME,PAPER,0.03,13238.65,3,3,13238.65,0.0,0.0,0.0,0.0,441288.333333
1662934,IT,DK,RETA1,MACHI,0.14,13238.317,3,3,13238.317,0.0,0.0,0.0,0.0,94559.407143
1649298,IT,BG,PARAF,CROPS,0.02,13238.087,3,3,13238.087,0.0,0.0,0.0,0.0,661904.35
1779403,IT,TR,REALE,WOODW,0.56,13238.073,3,3,13238.073,0.0,0.0,0.0,0.0,23639.416071
1647298,IT,BE,LANDT,OILHA,0.09,13237.817,3,3,13237.817,0.0,0.0,0.0,0.0,147086.855556
1722318,IT,PT,VEGET,HOTEL,0.05,13236.872,3,3,13236.872,0.0,0.0,0.0,0.0,264737.44
1723526,IT,PT,COPP1,DIST1,0.03,13236.859,3,3,13236.859,0.0,0.0,0.0,0.0,441228.633333
1726113,IT,RO,RUBBE,STEAM,0.04,13236.53,3,3,13236.53,0.0,0.0,0.0,0.0,330913.25
1729194,IT,SE,CERAM,LEADZ,0.02,13236.334,3,3,13236.334,0.0,0.0,0.0,0.0,661816.7
1667955,IT,ES,TRANS,FISHF,0.08,13236.078,3,3,13236.078,0.0,0.0,0.0,0.0,165450.975
1769417,IT,AU,CEMEN,RADIO,0.02,13236.033,3,3,13236.033,0.0,0.0,0.0,0.0,661801.65
1750194,IT,CN,ALUM1,ELEC1,0.02,13235.907,3,3,13235.907,0.0,0.0,0.0,0.0,661795.35
1808764,IT,WF,WOOD2,FISHF,0.07,13235.138,3,3,13235.138,0.0,0.0,0.0,0.0,189073.4
1764668,IT,MX,RETA1,BUSIN,0.14,13234.869,3,3,13234.869,0.0,0.0,0.0,0.0,94534.778571
1690245,IT,IE,EDUCA,LANDT,0.33,13233.776,3,3,13233.776,0.0,0.0,0.0,0.0,40102.351515
1732205,IT,SI,HEAVY,FISHF,0.02,13233.717,3,3,13233.717,0.0,0.0,0.0,0.0,661685.85
1659190,IT,DE,CONST,RETA1,0.07,13233.416,3,3,13233.416,0.0,0.0,0.0,0.0,189048.8
1647607,IT,BE,POSTT,DIST1,0.22,13233.364,3,3,13233.364,0.0,0.0,0.0,0.0,60151.654545
1666080,IT,ES,GASDI,SUBBI,0.02,13233.085,3,3,13233.085,0.0,0.0,0.0,0.0,661654.25
1713608,IT,MT,BASIC,WHOLE,0.02,13232.619,3,3,13232.619,0.0,0.0,0.0,0.0,661630.95
1666483,IT,ES,PLAST,PFERT,0.03,13232.202,3,3,13232.202,0.0,0.0,0.0,0.0,441073.4
1809517,IT,WM,MEAT4,FURNI,0.07,13231.99,3,3,13231.99,0.0,0.0,0.0,0.0,189028.428571
1736084,IT,SK,CONST,FORES,0.07,13231.671,3,3,13231.671,0.0,0.0,0.0,0.0,189023.871429
1730310,IT,SE,AIRTR,LANDT,0.01,13231.585,3,3,13231.585,0.0,0.0,0.0,0.0,1323158.5
1713046,IT,MT,MEAT4,TRAN1,0.07,13231.282,3,3,13231.282,0.0,0.0,0.0,0.0,189018.314286
1728645,IT,SE,PRINT,BASIC,0.13,13230.684,3,3,13230.684,0.0,0.0,0.0,0.0,101774.492308
1744066,IT,US,AIRTR,WOOD2,0.01,13230.081,3,3,13230.081,0.0,0.0,0.0,0.0,1323008.1
1741487,IT,US,MOTOR,PAPE1,0.02,13229.955,3,3,13229.955,0.0,0.0,0.0,0.0,661497.75
1772065,IT,CH,PRINT,RAILW,0.13,13229.456,3,3,13229.456,0.0,0.0,0.0,0.0,101765.046154
1687475,IT,HU,RAILW,BUSIN,0.09,13229.394,3,3,13229.394,0.0,0.0,0.0,0.0,146993.266667
1758526,IT,BR,MACHI,RETAI,0.07,13229.022,3,3,13229.022,0.0,0.0,0.0,0.0,188986.028571
1757373,IT,BR,WEARI,EDUCA,0.1,13227.348,4,4,13227.345,0.0,0.0,0.0,0.003,132273.48
1758724,IT,BR,RETAI,REALE,0.1,13226.793,3,3,13226.793,0.0,0.0,0.0,0.0,132267.93
1762242,IT,IN,AIRTR,COKIN,0.01,13226.671,3,3,13226.671,0.0,0.0,0.0,0.0,1322667.1
1799754,IT,WE,KEROS,FURNI,0.02,13226.525,3,3,13226.525,0.0,0.0,0.0,0.0,661326.25
1785782,IT,ZA,PLAST,WASTE,0.03,13226.373,3,3,13226.373,0.0,0.0,0.0,0.0,440879.1
1776944,IT,TR,PLAST,SUPPO,0.03,13226.124,3,3,13226.124,0.0,0.0,0.0,0.0,440870.8
1779261,IT,TR,FINAN,GLASS,0.17,13225.979,3,3,13225.979,0.0,0.0,0.0,0.0,77799.876471
1670925,IT,FI,CHEM1,MOTOR,0.03,13225.808,3,3,13225.808,0.0,0.0,0.0,0.0,440860.266667
1643548,IT,AT,SEACO,NAPHT,0.01,13225.637,3,3,13225.637,0.0,0.0,0.0,0.0,1322563.7
1681758,IT,HR,SANDC,CHEM1,0.03,13225.314,4,4,13222.314,0.0,0.0,3.0,0.0,440843.8
1796617,IT,WL,HOTEL,BIOGA,0.1,13224.185,3,3,13224.185,0.0,0.0,0.0,0.0,132241.85
1739362,IT,GB,RAILW,CEMEN,0.09,13223.915,3,3,13223.915,0.0,0.0,0.0,0.0,146932.388889
1743437,IT,US,WHOLE,CEREA,0.11,13223.682,3,3,13223.682,0.0,0.0,0.0,0.0,120215.290909
1719199,IT,PL,PLAST,INTER,0.03,13223.534,3,3,13223.534,0.0,0.0,0.0,0.0,440784.466667
1769999,IT,AU,FURNI,WOODW,0.04,13223.299,3,3,13223.299,0.0,0.0,0.0,0.0,330582.475
1787685,IT,WA,VEGE1,PRECI,0.04,13222.534,4,4,13222.531,0.0,0.0,0.0,0.003,330563.35
1641048,IT,AT,PAPER,PIGS9,0.05,13222.435,3,3,13222.435,0.0,0.0,0.0,0.0,264448.7
1712967,IT,MT,ANIMA,FISH5,0.05,13222.332,3,3,13222.332,0.0,0.0,0.0,0.0,264446.64
1744532,IT,US,REALE,FABRI,0.56,13221.884,3,3,13221.884,0.0,0.0,0.0,0.0,23610.507143
1811201,IT,WM,NAPHT,AUXIL,0.02,13220.289,3,3,13220.289,0.0,0.0,0.0,0.0,661014.45
1731182,IT,SI,CHEMI,VEGET,0.03,13220.066,4,4,13219.066,0.0,0.0,1.0,0.0,440668.866667
1727597,IT,RO,REALE,SUPPO,0.56,13219.917,3,3,13219.917,0.0,0.0,0.0,0.0,23606.994643
1723266,IT,PT,GLASS,CEMEN,0.04,13219.708,3,3,13219.708,0.0,0.0,0.0,0.0,330492.7
1672717,IT,FR,CHEMI,RAWMI,0.03,13219.574,4,4,13218.574,0.0,0.0,1.0,0.0,440652.466667
1737737,IT,GB,HEAVY,BEVER,0.02,13219.544,3,3,13219.544,0.0,0.0,0.0,0.0,660977.2
1813681,IT,WM,RETA1,ELEC6,0.14,13218.918,3,3,13218.918,0.0,0.0,0.0,0.0,94420.842857
1688586,IT,IE,PRINT,RETA1,0.13,13218.791,3,3,13218.791,0.0,0.0,0.0,0.0,101683.007692
1760795,IT,IN,PRINT,RENTI,0.13,13218.212,3,3,13218.212,0.0,0.0,0.0,0.0,101678.553846
1711438,IT,LU,RAILW,WHOLE,0.09,13218.11,3,3,13218.11,0.0,0.0,0.0,0.0,146867.888889
1653927,IT,CZ,FABRI,INERT,0.05,13217.957,3,3,13217.957,0.0,0.0,0.0,0.0,264359.14
1800868,IT,WE,BASIC,PRIVA,0.02,13217.933,3,3,13217.933,0.0,0.0,0.0,0.0,660896.65
1784087,IT,ID,LEATH,TRANS,0.09,13217.613,4,4,13217.611,0.0,0.0,0.0,0.002,146862.366667
1713978,IT,MT,WHOLE,RUBBE,0.11,13217.481,3,3,13217.481,0.0,0.0,0.0,0.0,120158.918182
1738848,IT,GB,MOTO1,93197,0.07,13217.391,3,3,13217.391,0.0,0.0,0.0,0.0,188819.871429
1794198,IT,WL,PRINT,NONF1,0.13,13216.931,3,3,13216.931,0.0,0.0,0.0,0.0,101668.7
1646062,IT,BE,BASIC,MOTOR,0.02,13216.839,3,3,13216.839,0.0,0.0,0.0,0.0,660841.95
1790488,IT,WA,COPP1,RUBBE,0.03,13215.924,3,3,13215.924,0.0,0.0,0.0,0.0,440530.8
1718749,IT,PL,PULP5,FINAN,0.04,13215.827,3,3,13215.827,0.0,0.0,0.0,0.0,330395.675
1796799,IT,WL,TRAN2,PFERT,0.02,13215.652,3,3,13215.652,0.0,0.0,0.0,0.0,660782.6
1683374,IT,HR,BASIC,MEATA,0.02,13215.51,3,3,13215.51,0.0,0.0,0.0,0.0,660775.5
1753838,IT,CA,WHOLE,WHOLE,0.11,13215.102,3,3,13215.102,0.0,0.0,0.0,0.0,120137.290909
1746485,IT,JP,CERAM,CEMEN,0.02,13214.108,3,3,13214.108,0.0,0.0,0.0,0.0,660705.4
1750174,IT,CN,ALUM1,BRICK,0.02,13214.023,3,3,13214.023,0.0,0.0,0.0,0.0,660701.15
1784498,IT,ID,FABRI,MOTOR,0.05,13213.938,3,3,13213.938,0.0,0.0,0.0,0.0,264278.76
1769284,IT,AU,RUBBE,ELEC2,0.04,13213.784,3,3,13213.784,0.0,0.0,0.0,0.0,330344.6
1647009,IT,BE,RETA1,COPP1,0.14,13213.542,3,3,13213.542,0.0,0.0,0.0,0.0,94382.442857
1714726,IT,NL,DAIRY,VEGE1,0.05,13213.333,3,3,13213.333,0.0,0.0,0.0,0.0,264266.66
1812693,IT,WM,COPP1,LANDT,0.03,13213.146,3,3,13213.146,0.0,0.0,0.0,0.0,440438.2
1808158,IT,WF,OILHA,NICKE,0.08,13211.099,3,3,13211.099,0.0,0.0,0.0,0.0,165138.7375
1653047,IT,CZ,PLAST,TRAN1,0.03,13210.747,3,3,13210.747,0.0,0.0,0.0,0.0,440358.233333
1640147,IT,AT,CEREA,REALE,0.02,13209.601,3,3,13209.601,0.0,0.0,0.0,0.0,660480.05
1738412,IT,GB,ALUM1,PULP5,0.02,13209.362,3,3,13209.362,0.0,0.0,0.0,0.0,660468.1
1684029,IT,HR,HOTEL,MEATC,0.1,13209.345,3,3,13209.345,0.0,0.0,0.0,0.0,132093.45
1729337,IT,SE,NONME,PAPE1,0.03,13209.31,3,3,13209.31,0.0,0.0,0.0,0.0,440310.333333
1734935,IT,SK,KEROS,WHOLE,0.02,13209.246,3,3,13209.246,0.0,0.0,0.0,0.0,660462.3
1782111,IT,NO,CERAM,FABRI,0.02,13209.039,3,3,13209.039,0.0,0.0,0.0,0.0,660451.95
1748737,IT,CN,BEVER,ELEC1,0.06,13208.379,3,3,13208.379,0.0,0.0,0.0,0.0,220139.65
1791515,IT,WA,RETA1,MEATP,0.14,13208.258,3,3,13208.258,0.0,0.0,0.0,0.0,94344.7
1725139,IT,RO,MEATC,HEALT,0.04,13207.769,3,3,13207.769,0.0,0.0,0.0,0.0,330194.225
1710607,IT,LU,FISHF,DISTR,0.02,13207.484,3,3,13207.484,0.0,0.0,0.0,0.0,660374.2
1647208,IT,BE,LANDT,SUGA1,0.09,13207.121,3,3,13207.121,0.0,0.0,0.0,0.0,146745.788889
1689484,IT,IE,HOTEL,FOOD2,0.1,13207.04,3,3,13207.04,0.0,0.0,0.0,0.0,132070.4
1753119,IT,CA,RUBBE,PREC1,0.04,13206.904,3,3,13206.904,0.0,0.0,0.0,0.0,330172.6
1662343,IT,DK,BASIC,LEATH,0.02,13206.541,3,3,13206.541,0.0,0.0,0.0,0.0,660327.05
1642207,IT,AT,CEMEN,DISTR,0.02,13206.157,3,3,13206.157,0.0,0.0,0.0,0.0,660307.85
1787980,IT,WA,TEXTI,ANTHR,0.08,13206.049,4,4,13206.047,0.0,0.0,0.0,0.002,165075.6125
1783427,IT,NO,INTER,RENTI,0.08,13205.453,3,3,13205.453,0.0,0.0,0.0,0.0,165068.1625
1733141,IT,SI,FABRI,COLLE,0.05,13205.085,3,3,13205.085,0.0,0.0,0.0,0.0,264101.7
1800948,IT,WE,ALUM1,MEAT1,0.02,13204.656,3,3,13204.656,0.0,0.0,0.0,0.0,660232.8
1798102,IT,WL,93197,REALE,0.09,13204.614,3,3,13204.614,0.0,0.0,0.0,0.0,146717.933333
1640509,IT,AT,SUGA1,DAIRY,0.03,13204.507,4,4,13204.505,0.0,0.0,0.0,0.002,440150.233333
1756190,IT,KR,MACHI,LIQUI,0.07,13203.858,3,3,13203.858,0.0,0.0,0.0,0.0,188626.542857
1686265,IT,HU,CERAM,DIST1,0.02,13203.263,3,3,13203.263,0.0,0.0,0.0,0.0,660163.15
1793472,IT,WL,CHEMI,VEGET,0.03,13202.675,4,4,13201.675,0.0,0.0,1.0,0.0,440089.166667
1748206,IT,JP,PAPE1,ELEC4,0.09,13202.518,3,3,13202.518,0.0,0.0,0.0,0.0,146694.644444
1644505,IT,BE,DAIRY,GASDI,0.05,13202.415,3,3,13202.415,0.0,0.0,0.0,0.0,264048.3
1669125,IT,ES,POSTT,STONE,0.22,13201.503,3,3,13201.503,0.0,0.0,0.0,0.0,60006.831818
1718127,IT,PL,VEGE1,MOTOR,0.04,13201.08,4,4,13201.077,0.0,0.0,0.0,0.003,330027.0
1812077,IT,WM,CERAM,OFFIC,0.02,13200.134,3,3,13200.134,0.0,0.0,0.0,0.0,660006.7
1658751,IT,DE,OFFIC,INTER,0.04,13199.433,3,3,13199.433,0.0,0.0,0.0,0.0,329985.825
1762150,IT,IN,LANDT,ALUM1,0.09,13198.66,3,3,13198.66,0.0,0.0,0.0,0.0,146651.777778
1721537,IT,PL,SUPPO,FURNI,0.09,13198.285,3,3,13198.285,0.0,0.0,0.0,0.0,146647.611111
1802518,IT,WE,POSTT,SALEM,0.22,13197.588,3,3,13197.588,0.0,0.0,0.0,0.0,59989.036364
1718639,IT,PL,LEATH,BUSIN,0.09,13197.569,4,4,13197.567,0.0,0.0,0.0,0.002,146639.655556
1809173,IT,WM,CATTL,COMPU,0.03,13196.583,3,3,13196.583,0.0,0.0,0.0,0.0,439886.1
1686598,IT,HU,ALUM1,PAPE1,0.02,13195.941,3,3,13195.941,0.0,0.0,0.0,0.0,659797.05
1802670,IT,WE,RENTI,SALEM,0.08,13195.476,3,3,13195.476,0.0,0.0,0.0,0.0,164943.45
1688924,IT,IE,FABRI,FISH5,0.05,13195.343,3,3,13195.343,0.0,0.0,0.0,0.0,263906.86
1724425,IT,PT,AIRTR,NONF1,0.01,13194.946,3,3,13194.946,0.0,0.0,0.0,0.0,1319494.6
1652878,IT,CZ,COALT,FABRI,0.02,13194.322,3,3,13194.322,0.0,0.0,0.0,0.0,659716.1
1654273,IT,CZ,FURNI,RETA1,0.04,13194.007,3,3,13194.007,0.0,0.0,0.0,0.0,329850.175
1776387,IT,TR,PRINT,RADIO,0.13,13193.849,3,3,13193.849,0.0,0.0,0.0,0.0,101491.146154
1801559,IT,WE,TRANS,BEVER,0.08,13193.841,3,3,13193.841,0.0,0.0,0.0,0.0,164923.0125
1796807,IT,WL,TRAN2,SUPPO,0.02,13193.368,3,3,13193.368,0.0,0.0,0.0,0.0,659668.4
1683792,IT,HR,OFFIC,PRINT,0.04,13192.353,3,3,13192.353,0.0,0.0,0.0,0.0,329808.825
1729536,IT,SE,COPP1,WOODW,0.03,13191.975,3,3,13191.975,0.0,0.0,0.0,0.0,439732.5
1730022,IT,SE,WHOLE,FOOD5,0.11,13191.619,3,3,13191.619,0.0,0.0,0.0,0.0,119923.809091
1684689,IT,HU,CEREA,MACHI,0.02,13191.274,3,3,13191.274,0.0,0.0,0.0,0.0,659563.7
1690512,IT,IE,INERT,PUBLI,0.1,13190.255,3,3,13190.255,0.0,0.0,0.0,0.0,131902.55
1720212,IT,PL,COPP1,EDUCA,0.03,13189.222,3,3,13189.222,0.0,0.0,0.0,0.0,439640.733333
1805453,IT,WF,GLASS,CHEM1,0.04,13188.837,3,3,13188.837,0.0,0.0,0.0,0.0,329720.925
1720749,IT,PL,TRANS,COPP1,0.08,13188.711,3,3,13188.711,0.0,0.0,0.0,0.0,164858.8875
1808366,IT,WF,FOOD3,PRIVA,0.04,13188.678,3,3,13188.678,0.0,0.0,0.0,0.0,329716.95
1646729,IT,BE,CONST,PAPER,0.07,13188.605,3,3,13188.605,0.0,0.0,0.0,0.0,188408.642857
1675469,IT,FR,OFFIC,TEXTI,0.04,13187.934,3,3,13187.934,0.0,0.0,0.0,0.0,329698.35
1731839,IT,SI,PAPER,FOOD4,0.05,13187.823,3,3,13187.823,0.0,0.0,0.0,0.0,263756.46
1734436,IT,SK,CROPS,RAWMI,0.1,13186.407,3,3,13186.407,0.0,0.0,0.0,0.0,131864.07
1780424,IT,TW,SUPPO,RUBBE,0.09,13186.176,3,3,13186.176,0.0,0.0,0.0,0.0,146513.066667
1687743,IT,HU,SUPPO,TRANS,0.09,13186.086,3,3,13186.086,0.0,0.0,0.0,0.0,146512.066667
1655174,IT,CZ,BUSIN,DIST1,0.14,13185.895,3,3,13185.895,0.0,0.0,0.0,0.0,94184.964286
1666657,IT,ES,ADDIT,ELEC1,0.03,13185.84,3,3,13185.84,0.0,0.0,0.0,0.0,439528.0
1725885,IT,RO,HEAVY,CERAM,0.02,13185.613,3,3,13185.613,0.0,0.0,0.0,0.0,659280.65
1764839,IT,MX,SEACO,ELEC1,0.01,13185.493,3,3,13185.493,0.0,0.0,0.0,0.0,1318549.3
1808510,IT,WF,FOOD4,RECRE,0.1,13185.491,3,3,13185.491,0.0,0.0,0.0,0.0,131854.91
1755891,IT,KR,BASIC,NICKE,0.02,13185.215,3,3,13185.215,0.0,0.0,0.0,0.0,659260.75
1749384,IT,CN,MOTOR,POULT,0.02,13185.184,3,3,13185.184,0.0,0.0,0.0,0.0,659259.2
1670830,IT,FI,NAPHT,KEROS,0.02,13184.942,3,3,13184.942,0.0,0.0,0.0,0.0,659247.1
1671361,IT,FI,COPP1,ELEC1,0.03,13183.239,3,3,13183.239,0.0,0.0,0.0,0.0,439441.3
1794050,IT,WL,PAPER,OILSE,0.05,13183.095,3,3,13183.095,0.0,0.0,0.0,0.0,263661.9
1791265,IT,WA,CONST,NATUR,0.07,13182.943,3,3,13182.943,0.0,0.0,0.0,0.0,188327.757143
1741258,IT,US,PAPER,POULT,0.05,13182.486,3,3,13182.486,0.0,0.0,0.0,0.0,263649.72
1711110,IT,LU,LEAD1,ELECT,0.02,13181.492,3,3,13181.492,0.0,0.0,0.0,0.0,659074.6
1644938,IT,BE,WOODW,FISH5,0.04,13181.195,3,3,13181.195,0.0,0.0,0.0,0.0,329529.875
1775276,IT,CH,BUSIN,NFERT,0.14,13181.053,3,3,13181.053,0.0,0.0,0.0,0.0,94150.378571
1648802,IT,BG,BEVER,EDUCA,0.06,13180.937,3,3,13180.937,0.0,0.0,0.0,0.0,219682.283333
1759876,IT,BR,PAPE1,PRECI,0.09,13180.717,3,3,13180.717,0.0,0.0,0.0,0.0,146452.411111
1641639,IT,AT,PARAF,KEROS,0.02,13180.007,3,3,13180.007,0.0,0.0,0.0,0.0,659000.35
1712355,IT,LV,RUBBE,BUSIN,0.04,13179.872,3,3,13179.872,0.0,0.0,0.0,0.0,329496.8
1768067,IT,RU,BUSIN,NONF1,0.14,13179.63,3,3,13179.63,0.0,0.0,0.0,0.0,94140.214286
1803881,IT,WF,WEARI,CROPS,0.1,13179.575,4,4,13179.572,0.0,0.0,0.0,0.003,131795.75
1729336,IT,SE,NONME,FOODW,0.03,13179.504,3,3,13179.504,0.0,0.0,0.0,0.0,439316.8
1755600,IT,KR,CHEM1,PLAS1,0.03,13179.466,3,3,13179.466,0.0,0.0,0.0,0.0,439315.533333
1640951,IT,AT,WOODW,COKEO,0.04,13178.643,3,3,13178.643,0.0,0.0,0.0,0.0,329466.075
1678833,IT,GR,BEVER,CONST,0.06,13178.152,3,3,13178.152,0.0,0.0,0.0,0.0,219635.866667
1659565,IT,DE,HOTEL,BKBPE,0.1,13177.679,3,3,13177.679,0.0,0.0,0.0,0.0,131776.79
1781412,IT,NO,FOOD5,VEGE1,0.06,13177.185,3,3,13177.185,0.0,0.0,0.0,0.0,219619.75
1772474,IT,CH,BIOGA,BUSIN,0.03,13176.681,3,3,13176.681,0.0,0.0,0.0,0.0,439222.7
1803046,IT,WF,CEREA,NONFE,0.02,13176.138,3,3,13176.138,0.0,0.0,0.0,0.0,658806.9
1712819,IT,LV,SUPPO,RAILW,0.09,13175.672,3,3,13175.672,0.0,0.0,0.0,0.0,146396.355556
1671355,IT,FI,COPP1,ELECT,0.03,13175.176,3,3,13175.176,0.0,0.0,0.0,0.0,439172.533333
1722379,IT,PT,CHEMI,WOODW,0.03,13175.098,4,4,13174.098,0.0,0.0,1.0,0.0,439169.933333
1783058,IT,NO,INSUR,PLAST,0.27,13174.245,3,3,13174.245,0.0,0.0,0.0,0.0,48793.5
1709692,IT,LT,PLAST,LANDT,0.03,13173.87,3,3,13173.87,0.0,0.0,0.0,0.0,439129.0
1810445,IT,WM,PULP5,OFFIC,0.04,13173.77,3,3,13173.77,0.0,0.0,0.0,0.0,329344.25
1660587,IT,DE,REALE,FOOD5,0.56,13173.444,3,3,13173.444,0.0,0.0,0.0,0.0,23524.007143
1647962,IT,BE,RENTI,FABRI,0.08,13173.276,3,3,13173.276,0.0,0.0,0.0,0.0,164665.95
1775804,IT,TR,CHEMI,BITU1,0.03,13173.04,4,4,13172.04,0.0,0.0,1.0,0.0,439101.333333
1720722,IT,PL,TRANS,LIGNI,0.08,13171.97,3,3,13171.97,0.0,0.0,0.0,0.0,164649.625
1738816,IT,GB,MOTO1,NONME,0.07,13171.328,3,3,13171.328,0.0,0.0,0.0,0.0,188161.828571
1645234,IT,BE,COALT,RUBBE,0.02,13169.221,3,3,13169.221,0.0,0.0,0.0,0.0,658461.05
1686252,IT,HU,CERAM,LEAD1,0.02,13168.689,3,3,13168.689,0.0,0.0,0.0,0.0,658434.45
1787854,IT,WA,FOOD5,SALEM,0.06,13168.686,3,3,13168.686,0.0,0.0,0.0,0.0,219478.1
1687321,IT,HU,RETA1,CONST,0.14,13167.947,3,3,13167.947,0.0,0.0,0.0,0.0,94056.764286
1735311,IT,SK,GLASS,EDUCA,0.04,13167.549,3,3,13167.549,0.0,0.0,0.0,0.0,329188.725
1651493,IT,CY,HEAVY,MOTO1,0.02,13167.356,3,3,13167.356,0.0,0.0,0.0,0.0,658367.8
1744430,IT,US,AUXIL,GLASS,0.24,13167.301,3,3,13167.301,0.0,0.0,0.0,0.0,54863.754167
1761653,IT,IN,FABRI,BIOGA,0.05,13167.148,3,3,13167.148,0.0,0.0,0.0,0.0,263342.96
1660873,IT,DE,COMPU,TEXT1,0.15,13167.081,3,3,13167.081,0.0,0.0,0.0,0.0,87780.54
1655758,IT,DE,MEATP,BEVER,0.05,13166.828,3,3,13166.828,0.0,0.0,0.0,0.0,263336.56
1714984,IT,NL,TOBAC,BEVER,0.05,13166.175,3,3,13166.175,0.0,0.0,0.0,0.0,263323.5
1661970,IT,DK,PETRO,VEGE1,0.02,13165.49,3,3,13165.49,0.0,0.0,0.0,0.0,658274.5
1777344,IT,TR,GLASS,ELEC1,0.04,13165.157,3,3,13165.157,0.0,0.0,0.0,0.0,329128.925
1659589,IT,DE,HOTEL,HEAVY,0.1,13164.668,3,3,13164.668,0.0,0.0,0.0,0.0,131646.68
1784843,IT,ID,SEACO,PRINT,0.01,13164.594,3,3,13164.594,0.0,0.0,0.0,0.0,1316459.4
1754536,IT,CA,BUSIN,RETAI,0.14,13164.335,3,3,13164.335,0.0,0.0,0.0,0.0,94030.964286
1653448,IT,CZ,NONME,PREC1,0.03,13164.27,3,3,13164.27,0.0,0.0,0.0,0.0,438809.0
1772114,IT,CH,MOTOR,FABRI,0.02,13163.815,3,3,13163.815,0.0,0.0,0.0,0.0,658190.75
1687046,IT,HU,MOTO1,FOOD5,0.07,13163.341,3,3,13163.341,0.0,0.0,0.0,0.0,188047.728571
1741955,IT,US,CHEM1,SEACO,0.03,13163.27,3,3,13163.27,0.0,0.0,0.0,0.0,438775.666667
1777554,IT,TR,PREC1,PLAST,0.02,13162.84,3,3,13162.84,0.0,0.0,0.0,0.0,658142.0
1647035,IT,BE,RETA1,RESEA,0.14,13162.753,3,3,13162.753,0.0,0.0,0.0,0.0,94019.664286
1670377,IT,FI,DAIRY,PUBLI,0.05,13161.386,3,3,13161.386,0.0,0.0,0.0,0.0,263227.72
1784028,IT,ID,TEXTI,BIODI,0.08,13161.343,4,4,13161.341,0.0,0.0,0.0,0.002,164516.7875
1778999,IT,TR,AIRTR,BEVER,0.01,13161.122,3,3,13161.122,0.0,0.0,0.0,0.0,1316112.2
1775134,IT,CH,COMPU,SEACO,0.15,13160.831,3,3,13160.831,0.0,0.0,0.0,0.0,87738.873333
1715249,IT,NL,PAPER,RAWMI,0.05,13160.596,3,3,13160.596,0.0,0.0,0.0,0.0,263211.92
1752838,IT,CA,PAPER,COMPU,0.05,13160.348,3,3,13160.348,0.0,0.0,0.0,0.0,263206.96
1795547,IT,WL,ALUM1,RESEA,0.02,13160.13,3,3,13160.13,0.0,0.0,0.0,0.0,658006.5
1735034,IT,SK,PLAST,LANDT,0.03,13159.948,3,3,13159.948,0.0,0.0,0.0,0.0,438664.933333
1782342,IT,NO,FABRI,MEAT4,0.05,13159.84,3,3,13159.84,0.0,0.0,0.0,0.0,263196.8
1756581,IT,KR,RETA1,RESEA,0.14,13159.707,3,3,13159.707,0.0,0.0,0.0,0.0,93997.907143
1713095,IT,MT,FOOD5,RAWMI,0.06,13159.632,3,3,13159.632,0.0,0.0,0.0,0.0,219327.2
1764155,IT,MX,FABRI,COMPU,0.05,13157.97,3,3,13157.97,0.0,0.0,0.0,0.0,263159.4
1683666,IT,HR,FABRI,RETAI,0.05,13157.43,3,3,13157.43,0.0,0.0,0.0,0.0,263148.6
1811733,IT,WM,ADDIT,WEARI,0.03,13157.155,3,3,13157.155,0.0,0.0,0.0,0.0,438571.833333
1753417,IT,CA,FABRI,FISHF,0.05,13157.085,3,3,13157.085,0.0,0.0,0.0,0.0,263141.7
1795623,IT,WL,FABRI,MEATP,0.05,13156.44,3,3,13156.44,0.0,0.0,0.0,0.0,263128.8
1808670,IT,WF,INERT,LEAD1,0.1,13156.191,3,3,13156.191,0.0,0.0,0.0,0.0,131561.91
1789848,IT,WA,CERAM,BIODI,0.02,13155.801,3,3,13155.801,0.0,0.0,0.0,0.0,657790.05
1752558,IT,CA,BEVER,PRINT,0.06,13155.715,3,3,13155.715,0.0,0.0,0.0,0.0,219261.916667
1641626,IT,AT,BITU1,LIQUE,0.02,13154.565,3,3,13154.565,0.0,0.0,0.0,0.0,657728.25
1648571,IT,BG,STONE,RUBBE,0.04,13154.128,4,4,13153.128,0.0,0.0,1.0,0.0,328853.2
1767077,IT,RU,FURNI,CEMEN,0.04,13153.809,3,3,13153.809,0.0,0.0,0.0,0.0,328845.225
1768450,IT,AU,DAIRY,LANDT,0.05,13153.611,3,3,13153.611,0.0,0.0,0.0,0.0,263072.22
1757157,IT,BR,SANDC,FABRI,0.03,13153.215,4,4,13150.215,0.0,0.0,3.0,0.0,438440.5
1649886,IT,BG,FABRI,MEATA,0.05,13153.037,3,3,13153.037,0.0,0.0,0.0,0.0,263060.74
1722683,IT,PT,LEATH,CHEM1,0.09,13152.391,4,4,13152.389,0.0,0.0,0.0,0.002,146137.677778
1682538,IT,HR,MOTOR,DAIRY,0.02,13151.927,3,3,13151.927,0.0,0.0,0.0,0.0,657596.35
1646549,IT,BE,OFFIC,ALUM1,0.04,13151.885,3,3,13151.885,0.0,0.0,0.0,0.0,328797.125
1774450,IT,CH,LANDT,PIGS9,0.08,13150.591,3,3,13150.591,0.0,0.0,0.0,0.0,164382.3875
1806353,IT,WF,MOTO1,COPPE,0.07,13150.556,3,3,13150.556,0.0,0.0,0.0,0.0,187865.085714
1717594,IT,NL,COMPU,RESEA,0.15,13150.119,3,3,13150.119,0.0,0.0,0.0,0.0,87667.46
1675019,IT,FR,PREC1,FOOD1,0.02,13149.801,3,3,13149.801,0.0,0.0,0.0,0.0,657490.05
1768943,IT,AU,PAPER,FISH5,0.05,13149.675,3,3,13149.675,0.0,0.0,0.0,0.0,262993.5
1783995,IT,ID,FOOD5,PAPER,0.06,13149.449,3,3,13149.449,0.0,0.0,0.0,0.0,219157.483333
1814754,IT,WM,FOOD2,BASIC,0.08,13149.41,3,3,13149.41,0.0,0.0,0.0,0.0,164367.625
1800460,IT,WE,RUBBE,OILSE,0.04,13148.94,3,3,13148.94,0.0,0.0,0.0,0.0,328723.5
1643386,IT,AT,LANDT,CATTL,0.08,13148.706,3,3,13148.706,0.0,0.0,0.0,0.0,164358.825
1780443,IT,TW,SUPPO,LANDT,0.09,13147.88,3,3,13147.88,0.0,0.0,0.0,0.0,146087.555556
1656618,IT,DE,PRINT,TRAN1,0.13,13147.031,3,3,13147.031,0.0,0.0,0.0,0.0,101131.007692
1649270,IT,BG,LIQUE,OILSE,0.02,13146.751,3,3,13146.751,0.0,0.0,0.0,0.0,657337.55
1714107,IT,MT,SEACO,RETAI,0.01,13146.627,3,3,13146.627,0.0,0.0,0.0,0.0,1314662.7
1675369,IT,FR,MACHI,LIQUE,0.07,13146.094,3,3,13146.094,0.0,0.0,0.0,0.0,187801.342857
1663539,IT,DK,COMPU,OFFIC,0.15,13145.864,3,3,13145.864,0.0,0.0,0.0,0.0,87639.093333
1801666,IT,WE,FURNI,FOUND,0.04,13145.517,3,3,13145.517,0.0,0.0,0.0,0.0,328637.925
1812605,IT,WM,LEAD1,RETAI,0.02,13145.089,3,3,13145.089,0.0,0.0,0.0,0.0,657254.45
1713438,IT,MT,PLAST,COMPU,0.03,13144.633,3,3,13144.633,0.0,0.0,0.0,0.0,438154.433333
1720114,IT,PL,LEAD1,FOUND,0.02,13144.628,3,3,13144.628,0.0,0.0,0.0,0.0,657231.4
1782938,IT,NO,AIRTR,CHEM1,0.01,13143.723,3,3,13143.723,0.0,0.0,0.0,0.0,1314372.3
1762718,IT,IN,BUSIN,HEAVY,0.13,13143.522,3,3,13143.522,0.0,0.0,0.0,0.0,101104.015385
1689081,IT,IE,FURNI,SECO9,0.04,13143.391,3,3,13143.391,0.0,0.0,0.0,0.0,328584.775
1664324,IT,EE,FABRI,BEVER,0.05,13142.954,3,3,13142.954,0.0,0.0,0.0,0.0,262859.08
1682534,IT,HR,MOTOR,OILSE,0.02,13142.092,3,3,13142.092,0.0,0.0,0.0,0.0,657104.6
1812634,IT,WM,COPP1,SANDC,0.03,13141.937,3,3,13141.937,0.0,0.0,0.0,0.0,438064.566667
1743184,IT,US,MOTO1,TEXT2,0.07,13141.676,3,3,13141.676,0.0,0.0,0.0,0.0,187738.228571
1668599,IT,ES,HOTEL,WOOD2,0.1,13141.381,3,3,13141.381,0.0,0.0,0.0,0.0,131413.81
1728407,IT,SE,WEARI,COPPE,0.1,13140.286,4,4,13140.284,0.0,0.0,0.0,0.002,131402.86
1809157,IT,WM,CROPS,PRIVA,0.1,13140.009,3,3,13140.009,0.0,0.0,0.0,0.0,131400.09
1664720,IT,EE,SUPPO,STEAM,0.09,13139.25,3,3,13139.25,0.0,0.0,0.0,0.0,145991.666667
1682180,IT,HR,WEARI,FORES,0.1,13139.055,4,4,13139.053,0.0,0.0,0.0,0.002,131390.55
1802074,IT,WE,RETA1,NATUR,0.14,13139.044,3,3,13139.044,0.0,0.0,0.0,0.0,93850.314286
1644476,IT,BE,VEGE1,REALE,0.04,13138.872,4,4,13138.869,0.0,0.0,0.0,0.003,328471.8
1739685,IT,GB,SUPPO,TEXTI,0.09,13137.904,3,3,13137.904,0.0,0.0,0.0,0.0,145976.711111
1735672,IT,SK,FABRI,FISH5,0.05,13137.338,3,3,13137.338,0.0,0.0,0.0,0.0,262746.76
1748375,IT,CN,PLANT,PLANT,0.03,13137.222,3,3,13137.222,0.0,0.0,0.0,0.0,437907.4
1734609,IT,SK,FISH5,WHOLE,0.06,13137.044,4,4,13137.037,0.0,0.0,0.0,0.007,218950.733333
1749149,IT,CN,WOODW,HEALT,0.04,13137.039,3,3,13137.039,0.0,0.0,0.0,0.0,328425.975
1758853,IT,BR,HOTEL,MOTOR,0.1,13136.337,3,3,13136.337,0.0,0.0,0.0,0.0,131363.37
1672133,IT,FI,POSTT,COMPU,0.22,13135.946,3,3,13135.946,0.0,0.0,0.0,0.0,59708.845455
1782126,IT,NO,CERAM,BUSIN,0.02,13134.775,3,3,13134.775,0.0,0.0,0.0,0.0,656738.75
1795493,IT,WL,ALUM1,MEAT4,0.02,13134.378,3,3,13134.378,0.0,0.0,0.0,0.0,656718.9
1654581,IT,CZ,RAILW,PLAST,0.09,13133.813,3,3,13133.813,0.0,0.0,0.0,0.0,145931.255556
1724338,IT,PT,SEACO,MEATC,0.01,13133.708,3,3,13133.708,0.0,0.0,0.0,0.0,1313370.8
1758900,IT,BR,HOTEL,SEACO,0.1,13133.32,3,3,13133.32,0.0,0.0,0.0,0.0,131333.2
1662905,IT,DK,RETA1,CRUDE,0.14,13132.59,3,3,13132.59,0.0,0.0,0.0,0.0,93804.214286
1679067,IT,GR,WOODW,PUBLI,0.04,13131.193,3,3,13131.193,0.0,0.0,0.0,0.0,328279.825
1757030,IT,KR,BUSIN,LIQUE,0.13,13130.206,3,3,13130.206,0.0,0.0,0.0,0.0,101001.584615
1716365,IT,NL,MACHI,PIGS9,0.07,13129.943,3,3,13129.943,0.0,0.0,0.0,0.0,187570.614286
1677846,IT,FR,BUSIN,STONE,0.13,13129.283,3,3,13129.283,0.0,0.0,0.0,0.0,100994.484615
1778438,IT,TR,WHOLE,PREC1,0.11,13129.063,3,3,13129.063,0.0,0.0,0.0,0.0,119355.118182
1689309,IT,IE,RETA1,FORES,0.14,13128.646,3,3,13128.646,0.0,0.0,0.0,0.0,93776.042857
1670219,IT,ES,RECRE,REALE,0.17,13128.638,3,3,13128.638,0.0,0.0,0.0,0.0,77227.282353
1725976,IT,RO,CHEM1,HEAVY,0.03,13127.896,3,3,13127.896,0.0,0.0,0.0,0.0,437596.533333
1783554,IT,NO,FOOD1,OFFIC,0.07,13127.8,4,4,13127.798,0.0,0.0,0.0,0.002,187540.0
1802323,IT,WE,TRAN2,POSTT,0.02,13127.578,3,3,13127.578,0.0,0.0,0.0,0.0,656378.9
1688799,IT,IE,GLASS,GLASS,0.04,13127.429,3,3,13127.429,0.0,0.0,0.0,0.0,328185.725
1710056,IT,LT,FABRI,MEATP,0.05,13127.214,3,3,13127.214,0.0,0.0,0.0,0.0,262544.28
1771890,IT,CH,PULP5,FURNI,0.04,13127.059,3,3,13127.059,0.0,0.0,0.0,0.0,328176.475
1641856,IT,AT,BIOGA,WHOLE,0.03,13126.868,3,3,13126.868,0.0,0.0,0.0,0.0,437562.266667
1677464,IT,FR,AUXIL,PIGS9,0.24,13126.744,3,3,13126.744,0.0,0.0,0.0,0.0,54694.766667
1662463,IT,DK,ALUM1,COPP1,0.02,13126.242,3,3,13126.242,0.0,0.0,0.0,0.0,656312.1
1645087,IT,BE,PAPER,DIST1,0.05,13125.277,3,3,13125.277,0.0,0.0,0.0,0.0,262505.54
1646642,IT,BE,TRANS,BUSIN,0.08,13125.121,3,3,13125.121,0.0,0.0,0.0,0.0,164064.0125
1672441,IT,FI,BUSIN,93197,0.13,13124.7,3,3,13124.7,0.0,0.0,0.0,0.0,100959.230769
1777718,IT,TR,COPP1,LANDT,0.03,13122.936,3,3,13122.936,0.0,0.0,0.0,0.0,437431.2
1682832,IT,HR,HEAVY,RESEA,0.02,13122.523,3,3,13122.523,0.0,0.0,0.0,0.0,656126.15
1777256,IT,TR,RUBBE,ELEC2,0.04,13121.591,3,3,13121.591,0.0,0.0,0.0,0.0,328039.775
1685338,IT,HU,WEARI,RENTI,0.1,13120.992,4,4,13120.99,0.0,0.0,0.0,0.002,131209.92
1784543,IT,ID,FABRI,EDUCA,0.05,13119.928,3,3,13119.928,0.0,0.0,0.0,0.0,262398.56
1667074,IT,ES,NONME,ELEC1,0.03,13119.842,3,3,13119.842,0.0,0.0,0.0,0.0,437328.066667
1777088,IT,TR,CHEM1,TRAN2,0.03,13118.862,3,3,13118.862,0.0,0.0,0.0,0.0,437295.4
1674810,IT,FR,CEMEN,PUBLI,0.02,13118.764,3,3,13118.764,0.0,0.0,0.0,0.0,655938.2
1685174,IT,HU,BEVER,RUBBE,0.06,13118.382,3,3,13118.382,0.0,0.0,0.0,0.0,218639.7
1660584,IT,DE,REALE,MEATP,0.55,13118.04,3,3,13118.04,0.0,0.0,0.0,0.0,23850.981818
1670313,IT,FI,CHEMI,DISTR,0.03,13118.027,4,4,13117.027,0.0,0.0,1.0,0.0,437267.566667
1759113,IT,BR,AIRTR,LUBRI,0.01,13117.864,3,3,13117.864,0.0,0.0,0.0,0.0,1311786.4
1711441,IT,LU,RAILW,SUPPO,0.09,13117.849,3,3,13117.849,0.0,0.0,0.0,0.0,145753.877778
1685994,IT,HU,BIODI,MOTOR,0.03,13117.823,3,3,13117.823,0.0,0.0,0.0,0.0,437260.766667
1762669,IT,IN,COMPU,RECRE,0.15,13117.499,3,3,13117.499,0.0,0.0,0.0,0.0,87449.993333
1776933,IT,TR,PLAST,SECO9,0.03,13117.148,3,3,13117.148,0.0,0.0,0.0,0.0,437238.266667
1649482,IT,BG,ADDIT,GASDI,0.03,13116.109,3,3,13116.109,0.0,0.0,0.0,0.0,437203.633333
1649720,IT,BG,BASIC,OILSE,0.02,13116.066,3,3,13116.066,0.0,0.0,0.0,0.0,655803.3
1686155,IT,HU,GLASS,WHEAT,0.04,13115.801,3,3,13115.801,0.0,0.0,0.0,0.0,327895.025
1716019,IT,NL,NONME,VEGET,0.03,13115.581,3,3,13115.581,0.0,0.0,0.0,0.0,437186.033333
1728984,IT,SE,ADDIT,CEMEN,0.03,13115.42,3,3,13115.42,0.0,0.0,0.0,0.0,437180.666667
1751090,IT,CN,RETA1,WOODW,0.14,13114.86,3,3,13114.86,0.0,0.0,0.0,0.0,93677.571429
1681283,IT,GR,FINAN,BUSIN,0.17,13114.669,3,3,13114.669,0.0,0.0,0.0,0.0,77145.111765
1753355,IT,CA,PREC1,BASIC,0.02,13114.631,3,3,13114.631,0.0,0.0,0.0,0.0,655731.55
1661411,IT,DK,VEGE1,RADIO,0.04,13113.999,4,4,13113.996,0.0,0.0,0.0,0.003,327849.975
1729011,IT,SE,RUBBE,POULT,0.04,13112.984,3,3,13112.984,0.0,0.0,0.0,0.0,327824.6
1757673,IT,BR,HEAVY,BIODI,0.02,13112.915,3,3,13112.915,0.0,0.0,0.0,0.0,655645.75
1732367,IT,SI,PETRO,OFFIC,0.02,13112.528,3,3,13112.528,0.0,0.0,0.0,0.0,655626.4
1755024,IT,KR,WEARI,NAPHT,0.1,13111.964,4,4,13111.962,0.0,0.0,0.0,0.002,131119.64
1796956,IT,WL,AIRTR,REFI1,0.01,13111.911,3,3,13111.911,0.0,0.0,0.0,0.0,1311191.1
1735503,IT,SK,PREC1,CEMEN,0.02,13111.417,3,3,13111.417,0.0,0.0,0.0,0.0,655570.85
1665728,IT,ES,PAPER,NONSP,0.05,13111.381,3,3,13111.381,0.0,0.0,0.0,0.0,262227.62
1733607,IT,SI,HOTEL,FOOD5,0.1,13111.187,3,3,13111.187,0.0,0.0,0.0,0.0,131111.87
1718169,IT,PL,DAIRY,MEAT1,0.05,13110.381,3,3,13110.381,0.0,0.0,0.0,0.0,262207.62
1726340,IT,RO,ALUM1,CERAM,0.02,13110.039,3,3,13110.039,0.0,0.0,0.0,0.0,655501.95
1719667,IT,PL,NONME,WHEAT,0.03,13109.934,3,3,13109.934,0.0,0.0,0.0,0.0,436997.8
1669967,IT,ES,EDUCA,HOTEL,0.33,13109.727,3,3,13109.727,0.0,0.0,0.0,0.0,39726.445455
1755260,IT,KR,PAPER,KEROS,0.05,13109.595,3,3,13109.595,0.0,0.0,0.0,0.0,262191.9
1733713,IT,SI,RAILW,RESEA,0.09,13109.503,3,3,13109.503,0.0,0.0,0.0,0.0,145661.144444
1646700,IT,BE,FURNI,INSUR,0.04,13109.469,3,3,13109.469,0.0,0.0,0.0,0.0,327736.725
1741563,IT,US,GASDI,FOOD5,0.02,13109.46,3,3,13109.46,0.0,0.0,0.0,0.0,655473.0
1739412,IT,GB,LANDT,CEREA,0.08,13109.422,3,3,13109.422,0.0,0.0,0.0,0.0,163867.775
1768603,IT,AU,BEVER,INSUR,0.06,13109.404,3,3,13109.404,0.0,0.0,0.0,0.0,218490.066667
1658714,IT,DE,OFFIC,SECO9,0.04,13109.357,3,3,13109.357,0.0,0.0,0.0,0.0,327733.925
1724145,IT,PT,RETA1,DISTR,0.14,13108.76,3,3,13108.76,0.0,0.0,0.0,0.0,93634.0
1793631,IT,WL,DAIRY,TOBAC,0.05,13108.533,3,3,13108.533,0.0,0.0,0.0,0.0,262170.66
1727920,IT,SE,VEGET,PLAST,0.05,13108.346,3,3,13108.346,0.0,0.0,0.0,0.0,262166.92
1640521,IT,AT,SUGA1,HEALT,0.03,13107.223,4,4,13107.221,0.0,0.0,0.0,0.002,436907.433333
1720226,IT,PL,COPP1,TEXT2,0.03,13107.16,3,3,13107.16,0.0,0.0,0.0,0.0,436905.333333
1662812,IT,DK,FURNI,EDUCA,0.04,13106.123,3,3,13106.123,0.0,0.0,0.0,0.0,327653.075
1751680,IT,CN,INSUR,FOOD5,0.27,13104.668,3,3,13104.668,0.0,0.0,0.0,0.0,48535.807407
1754768,IT,KR,DAIRY,MEMBE,0.05,13104.154,3,3,13104.154,0.0,0.0,0.0,0.0,262083.08
1672140,IT,FI,POSTT,RECRE,0.22,13103.961,3,3,13103.961,0.0,0.0,0.0,0.0,59563.459091
1731795,IT,SI,PAPER,FOUND,0.05,13102.828,3,3,13102.828,0.0,0.0,0.0,0.0,262056.56
1743695,IT,US,RAILW,DIST1,0.09,13101.948,3,3,13101.948,0.0,0.0,0.0,0.0,145577.2
1673192,IT,FR,BEVER,FINAN,0.06,13101.522,3,3,13101.522,0.0,0.0,0.0,0.0,218358.7
1763173,IT,MX,LEATH,ALUM1,0.09,13101.309,4,4,13101.307,0.0,0.0,0.0,0.002,145570.1
1645474,IT,BE,PARAF,RESEA,0.02,13100.949,3,3,13100.949,0.0,0.0,0.0,0.0,655047.45
1762441,IT,IN,POSTT,HEALT,0.22,13099.992,3,3,13099.992,0.0,0.0,0.0,0.0,59545.418182
1665972,IT,ES,MOTOR,COPP1,0.02,13098.027,3,3,13098.027,0.0,0.0,0.0,0.0,654901.35
1680134,IT,GR,OFFIC,LANDT,0.04,13097.993,3,3,13097.993,0.0,0.0,0.0,0.0,327449.825
1812915,IT,WM,MACHI,ANIMA,0.07,13097.434,3,3,13097.434,0.0,0.0,0.0,0.0,187106.2
1760062,IT,BR,OILHA,OFFIC,0.08,13096.927,3,3,13096.927,0.0,0.0,0.0,0.0,163711.5875
1780011,IT,TW,SALEM,FURNI,0.11,13095.704,3,3,13095.704,0.0,0.0,0.0,0.0,119051.854545
1784312,IT,ID,CHEM1,RENTI,0.03,13094.912,3,3,13094.912,0.0,0.0,0.0,0.0,436497.066667
1710178,IT,LT,MACHI,COLLE,0.07,13094.718,3,3,13094.718,0.0,0.0,0.0,0.0,187067.4
1670657,IT,FI,LEATH,EDUCA,0.09,13093.963,4,4,13093.961,0.0,0.0,0.0,0.002,145488.477778
1781227,IT,NO,VEGET,RECRE,0.05,13093.824,3,3,13093.824,0.0,0.0,0.0,0.0,261876.48
1644549,IT,BE,PROCE,GASDI,0.09,13093.735,3,3,13093.735,0.0,0.0,0.0,0.0,145485.944444
1725488,IT,RO,WEARI,RAILW,0.1,13092.505,4,4,13092.503,0.0,0.0,0.0,0.002,130925.05
1687287,IT,HU,WHOLE,BUSIN,0.11,13090.959,3,3,13090.959,0.0,0.0,0.0,0.0,119008.718182
1640133,IT,AT,CEREA,MEATP,0.02,13090.528,3,3,13090.528,0.0,0.0,0.0,0.0,654526.4
1735184,IT,SK,RUBBE,BRICK,0.04,13090.485,3,3,13090.485,0.0,0.0,0.0,0.0,327262.125
1713226,IT,MT,WOODW,POSTT,0.04,13090.474,3,3,13090.474,0.0,0.0,0.0,0.0,327261.85
1743075,IT,US,MOTO1,FORES,0.07,13090.119,3,3,13090.119,0.0,0.0,0.0,0.0,187001.7
1719584,IT,PL,CERAM,NATUR,0.02,13089.321,3,3,13089.321,0.0,0.0,0.0,0.0,654466.05
1709562,IT,LT,WOODW,REALE,0.04,13088.946,3,3,13088.946,0.0,0.0,0.0,0.0,327223.65
1770027,IT,AU,FURNI,COMPU,0.04,13088.64,3,3,13088.64,0.0,0.0,0.0,0.0,327216.0
1765719,IT,RU,PAPER,COMPU,0.05,13088.48,3,3,13088.48,0.0,0.0,0.0,0.0,261769.6
1675688,IT,FR,TRANS,COMPU,0.08,13088.341,3,3,13088.341,0.0,0.0,0.0,0.0,163604.2625
1682055,IT,HR,FISH5,PLAST,0.06,13088.319,4,4,13088.312,0.0,0.0,0.0,0.007,218138.65
1640551,IT,AT,FOOD5,RUBBE,0.06,13087.704,3,3,13087.704,0.0,0.0,0.0,0.0,218128.4
1806925,IT,WF,RAILW,CONST,0.09,13086.721,3,3,13086.721,0.0,0.0,0.0,0.0,145408.011111
1661388,IT,DK,VEGE1,CATTL,0.04,13086.043,4,4,13086.04,0.0,0.0,0.0,0.003,327151.075
1789840,IT,WA,CERAM,BITU1,0.02,13085.891,3,3,13085.891,0.0,0.0,0.0,0.0,654294.55
1717547,IT,NL,RENTI,POSTT,0.08,13084.817,3,3,13084.817,0.0,0.0,0.0,0.0,163560.2125
1768304,IT,AU,STONE,FABRI,0.04,13084.745,4,4,13083.745,0.0,0.0,1.0,0.0,327118.625
1781902,IT,NO,CHEM1,GLASS,0.03,13084.24,3,3,13084.24,0.0,0.0,0.0,0.0,436141.333333
1714382,IT,NL,CEREA,POULT,0.02,13082.948,3,3,13082.948,0.0,0.0,0.0,0.0,654147.4
1641545,IT,AT,HEAVY,SECO9,0.02,13082.851,3,3,13082.851,0.0,0.0,0.0,0.0,654142.55
1660435,IT,DE,FINAN,SEWAG,0.17,13082.498,3,3,13082.498,0.0,0.0,0.0,0.0,76955.870588
1726936,IT,RO,HOTEL,MEAT4,0.09,13082.155,3,3,13082.155,0.0,0.0,0.0,0.0,145357.277778
1792205,IT,WA,POSTT,VEGET,0.22,13082.133,3,3,13082.133,0.0,0.0,0.0,0.0,59464.240909
1673175,IT,FR,BEVER,FURNI,0.06,13082.074,3,3,13082.074,0.0,0.0,0.0,0.0,218034.566667
1773122,IT,CH,COPP1,ELECT,0.03,13081.826,3,3,13081.826,0.0,0.0,0.0,0.0,436060.866667
1791860,IT,WA,LANDT,RAILW,0.08,13081.662,3,3,13081.662,0.0,0.0,0.0,0.0,163520.775
1680027,IT,GR,MACHI,LIQUE,0.07,13081.194,3,3,13081.194,0.0,0.0,0.0,0.0,186874.2
1797187,IT,WL,POSTT,MEMBE,0.22,13079.992,3,3,13079.992,0.0,0.0,0.0,0.0,59454.509091
1651510,IT,CY,PLAST,PRINT,0.03,13079.945,3,3,13079.945,0.0,0.0,0.0,0.0,435998.166667
1769488,IT,AU,BASIC,NONF1,0.02,13079.9,3,3,13079.9,0.0,0.0,0.0,0.0,653995.0
1642936,IT,AT,FURNI,PRINT,0.04,13079.015,3,3,13079.015,0.0,0.0,0.0,0.0,326975.375
1806942,IT,WF,RAILW,HEALT,0.09,13078.889,3,3,13078.889,0.0,0.0,0.0,0.0,145320.988889
1761875,IT,IN,TRANS,MOTO1,0.08,13078.669,3,3,13078.669,0.0,0.0,0.0,0.0,163483.3625
1724061,IT,PT,WHOLE,BASIC,0.11,13078.49,3,3,13078.49,0.0,0.0,0.0,0.0,118895.363636
1725628,IT,RO,PULP5,MEAT4,0.04,13078.445,3,3,13078.445,0.0,0.0,0.0,0.0,326961.125
1732266,IT,SI,LIQUE,RETA1,0.02,13078.4,3,3,13078.4,0.0,0.0,0.0,0.0,653920.0
1789257,IT,WA,PLAST,COMPU,0.03,13078.385,3,3,13078.385,0.0,0.0,0.0,0.0,435946.166667
1687633,IT,HU,AIRTR,SUGA1,0.01,13078.262,3,3,13078.262,0.0,0.0,0.0,0.0,1307826.2
1667263,IT,ES,ALUM1,MEATP,0.02,13078.055,3,3,13078.055,0.0,0.0,0.0,0.0,653902.75
1689266,IT,IE,WHOLE,FURNI,0.11,13077.346,3,3,13077.346,0.0,0.0,0.0,0.0,118884.963636
1791810,IT,WA,LANDT,WEARI,0.08,13076.865,3,3,13076.865,0.0,0.0,0.0,0.0,163460.8125
1682902,IT,HR,NAPHT,COPP1,0.02,13076.827,3,3,13076.827,0.0,0.0,0.0,0.0,653841.35
1719471,IT,PL,RUBBE,PLAS2,0.04,13075.989,3,3,13075.989,0.0,0.0,0.0,0.0,326899.725
1765542,IT,RU,LEATH,TEXTI,0.09,13075.491,4,4,13075.489,0.0,0.0,0.0,0.002,145283.233333
1768329,IT,AU,CHEMI,ELEC2,0.03,13075.355,4,4,13074.355,0.0,0.0,1.0,0.0,435845.166667
1652086,IT,CZ,SANDC,CHEM1,0.03,13074.913,4,4,13071.913,0.0,0.0,3.0,0.0,435830.433333
1728521,IT,SE,WOODW,COMPU,0.04,13074.607,3,3,13074.607,0.0,0.0,0.0,0.0,326865.175
1795318,IT,WL,NONME,TEXTI,0.03,13074.407,3,3,13074.407,0.0,0.0,0.0,0.0,435813.566667
1743040,IT,US,OFFIC,AUXIL,0.04,13074.303,3,3,13074.303,0.0,0.0,0.0,0.0,326857.575
1749277,IT,CN,PAPER,STEAM,0.05,13074.064,3,3,13074.064,0.0,0.0,0.0,0.0,261481.28
1758787,IT,BR,RETA1,GLASS,0.14,13073.625,3,3,13073.625,0.0,0.0,0.0,0.0,93383.035714
1756465,IT,KR,CONST,SEACO,0.07,13072.765,3,3,13072.765,0.0,0.0,0.0,0.0,186753.785714
1783233,IT,NO,BUSIN,RENTI,0.13,13072.428,3,3,13072.428,0.0,0.0,0.0,0.0,100557.138462
1733788,IT,SI,LANDT,STEAM,0.08,13072.119,3,3,13072.119,0.0,0.0,0.0,0.0,163401.4875
1713063,IT,MT,VEGE1,FURNI,0.04,13071.592,4,4,13071.589,0.0,0.0,0.0,0.003,326789.8
1752069,IT,CN,BUSIN,MEAT4,0.13,13069.27,3,3,13069.27,0.0,0.0,0.0,0.0,100532.846154
1714060,IT,MT,HOTEL,EDUCA,0.09,13068.199,3,3,13068.199,0.0,0.0,0.0,0.0,145202.211111
1689971,IT,IE,REALE,PLAST,0.55,13067.613,3,3,13067.613,0.0,0.0,0.0,0.0,23759.296364
1734567,IT,SK,BEVER,PIGS9,0.06,13066.892,3,3,13066.892,0.0,0.0,0.0,0.0,217781.533333
1679322,IT,GR,NAPHT,BITU1,0.02,13065.654,3,3,13065.654,0.0,0.0,0.0,0.0,653282.7
1805540,IT,WF,BRICK,VEGET,0.02,13065.55,3,3,13065.55,0.0,0.0,0.0,0.0,653277.5
1675507,IT,FR,OFFIC,HOTEL,0.04,13065.546,3,3,13065.546,0.0,0.0,0.0,0.0,326638.65
1729920,IT,SE,FURNI,RADIO,0.04,13065.522,3,3,13065.522,0.0,0.0,0.0,0.0,326638.05
1746478,IT,JP,CERAM,LEATH,0.02,13064.11,3,3,13064.11,0.0,0.0,0.0,0.0,653205.5
1717069,IT,NL,LANDT,FINAN,0.08,13063.648,3,3,13063.648,0.0,0.0,0.0,0.0,163295.6
1726204,IT,RO,BRICK,DIST1,0.02,13063.602,3,3,13063.602,0.0,0.0,0.0,0.0,653180.1
1651011,IT,BG,SUPPO,RESEA,0.09,13063.202,3,3,13063.202,0.0,0.0,0.0,0.0,145146.688889
1775938,IT,TR,FOOD5,MACHI,0.06,13063.198,3,3,13063.198,0.0,0.0,0.0,0.0,217719.966667
1760149,IT,BR,FOOD3,RECRE,0.04,13063.171,3,3,13063.171,0.0,0.0,0.0,0.0,326579.275
1673735,IT,FR,PAPER,FOUND,0.05,13063.018,3,3,13063.018,0.0,0.0,0.0,0.0,261260.36
1643831,IT,AT,FINAN,INSUR,0.17,13062.645,3,3,13062.645,0.0,0.0,0.0,0.0,76839.088235
1659957,IT,DE,SEACO,FISH5,0.01,13062.376,3,3,13062.376,0.0,0.0,0.0,0.0,1306237.6
1732487,IT,SI,CHEM1,COMPU,0.03,13062.226,3,3,13062.226,0.0,0.0,0.0,0.0,435407.533333
1649748,IT,BG,BASIC,BRICK,0.02,13061.759,3,3,13061.759,0.0,0.0,0.0,0.0,653087.95
1795956,IT,WL,MOTO1,KEROS,0.07,13059.747,3,3,13059.747,0.0,0.0,0.0,0.0,186567.814286
1653896,IT,CZ,FABRI,STEAM,0.05,13059.389,3,3,13059.389,0.0,0.0,0.0,0.0,261187.78
1791953,IT,WA,SEACO,NAPHT,0.01,13059.344,3,3,13059.344,0.0,0.0,0.0,0.0,1305934.4
1662952,IT,DK,RETA1,RENTI,0.14,13059.259,3,3,13059.259,0.0,0.0,0.0,0.0,93280.421429
1721680,IT,PL,FINAN,RUBBE,0.17,13058.929,3,3,13058.929,0.0,0.0,0.0,0.0,76817.229412
1649611,IT,BG,GLASS,PAPER,0.04,13058.614,3,3,13058.614,0.0,0.0,0.0,0.0,326465.35
1754935,IT,KR,TEXTI,HEAVY,0.08,13058.487,4,4,13058.485,0.0,0.0,0.0,0.002,163231.0875
1786771,IT,ZA,HOTEL,SUGA1,0.09,13058.312,3,3,13058.312,0.0,0.0,0.0,0.0,145092.355556
1687759,IT,HU,SUPPO,SUPPO,0.09,13058.213,3,3,13058.213,0.0,0.0,0.0,0.0,145091.255556
1640739,IT,AT,TEXTI,BRICK,0.08,13056.875,4,4,13056.873,0.0,0.0,0.0,0.002,163210.9375
1662957,IT,DK,RETA1,EDUCA,0.14,13055.652,3,3,13055.652,0.0,0.0,0.0,0.0,93254.657143
1745107,IT,US,PUBLI,INERT,0.21,13055.291,3,3,13055.291,0.0,0.0,0.0,0.0,62168.052381
1770877,IT,AU,BUSIN,SALEM,0.13,13055.129,3,3,13055.129,0.0,0.0,0.0,0.0,100424.069231
1755623,IT,KR,ADDIT,COLLE,0.03,13053.792,3,3,13053.792,0.0,0.0,0.0,0.0,435126.4
1729010,IT,SE,RUBBE,PIGS9,0.04,13052.654,3,3,13052.654,0.0,0.0,0.0,0.0,326316.35
1811111,IT,WM,LIQUE,FURNI,0.02,13052.338,3,3,13052.338,0.0,0.0,0.0,0.0,652616.9
1790199,IT,WA,PREC1,PROCE,0.02,13052.099,3,3,13052.099,0.0,0.0,0.0,0.0,652604.95
1652243,IT,CZ,FOOD5,NFERT,0.06,13052.074,3,3,13052.074,0.0,0.0,0.0,0.0,217534.566667
1810626,IT,WM,PRINT,MEMBE,0.13,13051.472,3,3,13051.472,0.0,0.0,0.0,0.0,100395.938462
1750892,IT,CN,CONST,FISHF,0.07,13050.393,3,3,13050.393,0.0,0.0,0.0,0.0,186434.185714
1721169,IT,PL,RAILW,REALE,0.09,13049.017,3,3,13049.017,0.0,0.0,0.0,0.0,144989.077778
1749799,IT,CN,RUBBE,SUGAR,0.04,13048.943,3,3,13048.943,0.0,0.0,0.0,0.0,326223.575
1764525,IT,MX,CONST,PUBLI,0.07,13048.214,3,3,13048.214,0.0,0.0,0.0,0.0,186403.057143
1745964,IT,JP,WOODW,ELEC1,0.04,13047.726,3,3,13047.726,0.0,0.0,0.0,0.0,326193.15
1652207,IT,CZ,PROCE,MEATC,0.09,13047.487,3,3,13047.487,0.0,0.0,0.0,0.0,144972.077778
1679047,IT,GR,WOODW,OFFIC,0.04,13047.303,3,3,13047.303,0.0,0.0,0.0,0.0,326182.575
1688423,IT,IE,BEVER,LANDT,0.06,13045.687,3,3,13045.687,0.0,0.0,0.0,0.0,217428.116667
1809740,IT,WM,FOOD5,OILSE,0.06,13045.455,3,3,13045.455,0.0,0.0,0.0,0.0,217424.25
1742830,IT,US,FABRI,TEXT2,0.05,13043.43,3,3,13043.43,0.0,0.0,0.0,0.0,260868.6
1745856,IT,JP,LEATH,PREC1,0.09,13042.691,4,4,13042.689,0.0,0.0,0.0,0.002,144918.788889
1650249,IT,BG,FURNI,93197,0.04,13042.352,3,3,13042.352,0.0,0.0,0.0,0.0,326058.8
1796548,IT,WL,RETA1,FINAN,0.14,13042.175,3,3,13042.175,0.0,0.0,0.0,0.0,93158.392857
1713295,IT,MT,MOTOR,RADIO,0.02,13041.791,3,3,13041.791,0.0,0.0,0.0,0.0,652089.55
1744038,IT,US,AIRTR,AIRTR,0.01,13041.676,3,3,13041.676,0.0,0.0,0.0,0.0,1304167.6
1765627,IT,RU,WOODW,SALEM,0.04,13040.929,3,3,13040.929,0.0,0.0,0.0,0.0,326023.225
1688841,IT,IE,BASIC,REFIN,0.02,13040.166,3,3,13040.166,0.0,0.0,0.0,0.0,652008.3
1653729,IT,CZ,COPP1,REFI1,0.03,13039.704,3,3,13039.704,0.0,0.0,0.0,0.0,434656.8
1793080,IT,WA,INERT,CHEM1,0.1,13039.05,3,3,13039.05,0.0,0.0,0.0,0.0,130390.5
1668869,IT,ES,SEACO,COKEO,0.01,13038.908,3,3,13038.908,0.0,0.0,0.0,0.0,1303890.8
1688188,IT,HU,BUSIN,EDUCA,0.13,13038.267,3,3,13038.267,0.0,0.0,0.0,0.0,100294.361538
1641811,IT,AT,CHEM1,ELEC4,0.03,13038.024,3,3,13038.024,0.0,0.0,0.0,0.0,434600.8
1800880,IT,WE,PREC1,MEAT1,0.02,13037.427,3,3,13037.427,0.0,0.0,0.0,0.0,651871.35
1767368,IT,RU,LANDT,OILSE,0.08,13037.373,3,3,13037.373,0.0,0.0,0.0,0.0,162967.1625
1793212,IT,WA,PRIVA,SUGAR,2.91,13037.278,4,4,13037.276,0.0,0.0,0.0,0.002,4480.164261
1768845,IT,AU,LEATH,COLLE,0.09,13036.971,4,4,13036.969,0.0,0.0,0.0,0.002,144855.233333
1729498,IT,SE,ALUM1,SECO9,0.02,13035.646,3,3,13035.646,0.0,0.0,0.0,0.0,651782.3
1754797,IT,KR,FOOD5,PLAST,0.06,13034.795,3,3,13034.795,0.0,0.0,0.0,0.0,217246.583333
1683862,IT,HR,MOTO1,FINAN,0.07,13034.691,3,3,13034.691,0.0,0.0,0.0,0.0,186209.871429
1802320,IT,WE,TRAN2,TRAN2,0.02,13034.282,3,3,13034.282,0.0,0.0,0.0,0.0,651714.1
1754364,IT,CA,INSUR,AUXIL,0.27,13034.02,3,3,13034.02,0.0,0.0,0.0,0.0,48274.148148
1688203,IT,HU,BUSIN,93197,0.13,13033.821,3,3,13033.821,0.0,0.0,0.0,0.0,100260.161538
1666464,IT,ES,NUCLE,CEMEN,0.03,13033.558,3,3,13033.558,0.0,0.0,0.0,0.0,434451.933333
1709615,IT,LT,PAPER,POSTT,0.05,13033.479,3,3,13033.479,0.0,0.0,0.0,0.0,260669.58
1751279,IT,CN,HOTEL,INERT,0.09,13033.212,3,3,13033.212,0.0,0.0,0.0,0.0,144813.466667
1755111,IT,KR,LEATH,KEROS,0.09,13032.181,4,4,13032.179,0.0,0.0,0.0,0.002,144802.011111
1732069,IT,SI,KEROS,PLAS2,0.02,13031.758,3,3,13031.758,0.0,0.0,0.0,0.0,651587.9
1717217,IT,NL,SUPPO,RETA1,0.09,13031.044,3,3,13031.044,0.0,0.0,0.0,0.0,144789.377778
1666668,IT,ES,ADDIT,RENTI,0.03,13030.519,3,3,13030.519,0.0,0.0,0.0,0.0,434350.633333
1752378,IT,CA,VEGE1,OILSE,0.04,13030.247,4,4,13030.244,0.0,0.0,0.0,0.003,325756.175
1666936,IT,ES,CERAM,PRINT,0.02,13029.17,3,3,13029.17,0.0,0.0,0.0,0.0,651458.5
1661315,IT,DK,CHEMI,FISH5,0.03,13028.633,4,4,13027.633,0.0,0.0,1.0,0.0,434287.766667
1712405,IT,LV,CEMEN,FORES,0.02,13028.408,3,3,13028.408,0.0,0.0,0.0,0.0,651420.4
1740534,IT,GB,RECRE,HEALT,0.17,13027.722,3,3,13027.722,0.0,0.0,0.0,0.0,76633.658824
1771434,IT,CH,FOOD5,FOOD2,0.06,13027.384,3,3,13027.384,0.0,0.0,0.0,0.0,217123.066667
1779039,IT,TR,AIRTR,RETAI,0.01,13026.507,3,3,13026.507,0.0,0.0,0.0,0.0,1302650.7
1656194,IT,DE,TEXTI,NONME,0.08,13026.121,4,4,13026.119,0.0,0.0,0.0,0.002,162826.5125
1798047,IT,WL,MEMBE,FISH5,0.15,13025.535,3,3,13025.535,0.0,0.0,0.0,0.0,86836.9
1652212,IT,CZ,PROCE,PROCE,0.09,13025.418,3,3,13025.418,0.0,0.0,0.0,0.0,144726.866667
1752896,IT,CA,GASDI,PUBLI,0.02,13025.349,3,3,13025.349,0.0,0.0,0.0,0.0,651267.45
1662664,IT,DK,MACHI,COPP1,0.07,13024.77,3,3,13024.77,0.0,0.0,0.0,0.0,186068.142857
1810078,IT,WM,TEXTI,ELEC4,0.08,13023.906,4,4,13023.904,0.0,0.0,0.0,0.002,162798.825
1776759,IT,TR,LIQUE,COLLE,0.02,13023.9,3,3,13023.9,0.0,0.0,0.0,0.0,651195.0
1662464,IT,DK,ALUM1,NONF1,0.02,13023.661,3,3,13023.661,0.0,0.0,0.0,0.0,651183.05
1672445,IT,FI,PUBLI,BASIC,0.21,13023.389,3,3,13023.389,0.0,0.0,0.0,0.0,62016.138095
1682388,IT,HR,PAPER,CATTL,0.05,13023.344,3,3,13023.344,0.0,0.0,0.0,0.0,260466.88
1803273,IT,WF,FORES,CHEMI,0.11,13023.192,4,4,13018.192,0.0,5.0,0.0,0.0,118392.654545
1784059,IT,ID,TEXTI,93197,0.08,13023.06,4,4,13023.058,0.0,0.0,0.0,0.002,162788.25
1715040,IT,NL,TEXTI,NONME,0.08,13022.802,4,4,13022.8,0.0,0.0,0.0,0.002,162785.025
1652209,IT,CZ,PROCE,MEAT4,0.09,13022.239,3,3,13022.239,0.0,0.0,0.0,0.0,144691.544444
1645098,IT,BE,PAPER,SEACO,0.05,13021.807,3,3,13021.807,0.0,0.0,0.0,0.0,260436.14
1659666,IT,DE,HOTEL,WOOD1,0.09,13020.709,3,3,13020.709,0.0,0.0,0.0,0.0,144674.544444
1791011,IT,WA,MOTO1,FINAN,0.07,13020.447,3,3,13020.447,0.0,0.0,0.0,0.0,186006.385714
1753314,IT,CA,BASIC,CERAM,0.01,13019.858,3,3,13019.858,0.0,0.0,0.0,0.0,1301985.8
1662435,IT,DK,ALUM1,ANIMA,0.02,13018.931,3,3,13018.931,0.0,0.0,0.0,0.0,650946.55
1786901,IT,ZA,AIRTR,BEVER,0.01,13018.331,3,3,13018.331,0.0,0.0,0.0,0.0,1301833.1
1724388,IT,PT,INLAN,LEATH,0.02,13018.079,3,3,13018.079,0.0,0.0,0.0,0.0,650903.95
1807178,IT,WF,AIRTR,MEDIC,0.01,13017.796,3,3,13017.796,0.0,0.0,0.0,0.0,1301779.6
1728034,IT,SE,CHEMI,CONST,0.03,13017.775,4,4,13016.775,0.0,0.0,1.0,0.0,433925.833333
1711023,IT,LU,NONME,FABRI,0.03,13014.604,3,3,13014.604,0.0,0.0,0.0,0.0,433820.133333
1742002,IT,US,ADDIT,CHEM1,0.03,13014.415,3,3,13014.415,0.0,0.0,0.0,0.0,433813.833333
1723833,IT,PT,MOTO1,WHOLE,0.07,13013.351,3,3,13013.351,0.0,0.0,0.0,0.0,185905.014286
1753374,IT,CA,ALUM1,RUBBE,0.02,13013.156,3,3,13013.156,0.0,0.0,0.0,0.0,650657.8
1672835,IT,FR,MEAT4,RESEA,0.07,13012.896,3,3,13012.896,0.0,0.0,0.0,0.0,185898.514286
1773088,IT,CH,LEAD1,LEAD1,0.02,13011.695,3,3,13011.695,0.0,0.0,0.0,0.0,650584.75
1770431,IT,AU,SEACO,RUBBE,0.01,13011.129,3,3,13011.129,0.0,0.0,0.0,0.0,1301112.9
1782579,IT,NO,TRANS,RETA1,0.08,13010.01,3,3,13010.01,0.0,0.0,0.0,0.0,162625.125
1790096,IT,WA,BASIC,PULP5,0.01,13009.945,3,3,13009.945,0.0,0.0,0.0,0.0,1300994.5
1644157,IT,AT,WOOD2,BASIC,0.07,13009.732,3,3,13009.732,0.0,0.0,0.0,0.0,185853.314286
1641876,IT,AT,BIODI,FOOD5,0.03,13009.704,3,3,13009.704,0.0,0.0,0.0,0.0,433656.8
1683079,IT,HR,RUBBE,FISH5,0.04,13009.283,3,3,13009.283,0.0,0.0,0.0,0.0,325232.075
1718131,IT,PL,VEGE1,NFERT,0.04,13008.463,4,4,13008.46,0.0,0.0,0.0,0.003,325211.575
1716576,IT,NL,SALEM,FOOD5,0.11,13008.398,3,3,13008.398,0.0,0.0,0.0,0.0,118258.163636
1670272,IT,FI,VEGET,PUBLI,0.05,13008.348,3,3,13008.348,0.0,0.0,0.0,0.0,260166.96
1800088,IT,WE,NAPHT,BEVER,0.02,13008.092,3,3,13008.092,0.0,0.0,0.0,0.0,650404.6
1735870,IT,SK,OFFIC,TEXTI,0.04,13006.575,3,3,13006.575,0.0,0.0,0.0,0.0,325164.375
1681764,IT,HR,SANDC,WHOLE,0.03,13006.526,4,4,13003.526,0.0,0.0,3.0,0.0,433550.866667
1812015,IT,WM,GLASS,SUPPO,0.04,13006.451,3,3,13006.451,0.0,0.0,0.0,0.0,325161.275
1732261,IT,SI,LIQUE,DIST1,0.02,13005.943,3,3,13005.943,0.0,0.0,0.0,0.0,650297.15
1711144,IT,LU,FABRI,CERAM,0.05,13005.665,3,3,13005.665,0.0,0.0,0.0,0.0,260113.3
1653480,IT,CZ,BASIC,MEATA,0.01,13004.642,3,3,13004.642,0.0,0.0,0.0,0.0,1300464.2
1713014,IT,MT,MEATC,MACHI,0.04,13004.318,3,3,13004.318,0.0,0.0,0.0,0.0,325107.95
1809259,IT,WM,CRUDE,FABRI,0.03,13004.288,3,3,13004.288,0.0,0.0,0.0,0.0,433476.266667
1788816,IT,WA,KEROS,RESEA,0.02,13003.668,3,3,13003.668,0.0,0.0,0.0,0.0,650183.4
1733889,IT,SI,SEACO,RAILW,0.01,13002.528,3,3,13002.528,0.0,0.0,0.0,0.0,1300252.8
1682317,IT,HR,WOODW,SANDC,0.04,13002.185,3,3,13002.185,0.0,0.0,0.0,0.0,325054.625
1786020,IT,ZA,GLASS,DISTR,0.04,13001.814,3,3,13001.814,0.0,0.0,0.0,0.0,325045.35
1750745,IT,CN,TRANS,RUBBE,0.08,13001.063,3,3,13001.063,0.0,0.0,0.0,0.0,162513.2875
1663707,IT,EE,SANDC,CONST,0.03,13001.016,4,4,12998.016,0.0,0.0,3.0,0.0,433367.2
1749470,IT,CN,HEAVY,TRANS,0.02,13000.786,3,3,13000.786,0.0,0.0,0.0,0.0,650039.3
1806728,IT,WF,WHOLE,MOTO1,0.11,12999.678,3,3,12999.678,0.0,0.0,0.0,0.0,118178.890909
1727684,IT,RO,RENTI,PAPE4,0.08,12998.924,3,3,12998.924,0.0,0.0,0.0,0.0,162486.55
1641561,IT,AT,HEAVY,FINAN,0.02,12998.151,3,3,12998.151,0.0,0.0,0.0,0.0,649907.55
1773933,IT,CH,SALEM,PRINT,0.1,12998.043,3,3,12998.043,0.0,0.0,0.0,0.0,129980.43
1671405,IT,FI,FABRI,AVIAT,0.05,12997.993,3,3,12997.993,0.0,0.0,0.0,0.0,259959.86
1761065,IT,IN,PLAST,CONST,0.03,12997.878,3,3,12997.878,0.0,0.0,0.0,0.0,433262.6
1642597,IT,AT,FABRI,VEGE1,0.05,12997.799,3,3,12997.799,0.0,0.0,0.0,0.0,259955.98
1754239,IT,CA,POSTT,MACHI,0.21,12997.566,3,3,12997.566,0.0,0.0,0.0,0.0,61893.171429
1720525,IT,PL,OFFIC,BEVER,0.04,12997.167,3,3,12997.167,0.0,0.0,0.0,0.0,324929.175
1794899,IT,WL,CHEM1,COKIN,0.03,12997.039,3,3,12997.039,0.0,0.0,0.0,0.0,433234.633333
1803951,IT,WF,WEARI,PRIVA,0.1,12996.964,4,4,12996.962,0.0,0.0,0.0,0.002,129969.64
1795777,IT,WL,MACHI,LUBRI,0.07,12996.768,3,3,12996.768,0.0,0.0,0.0,0.0,185668.114286
1777357,IT,TR,GLASS,RAILW,0.04,12996.209,3,3,12996.209,0.0,0.0,0.0,0.0,324905.225
1790321,IT,WA,ALUM1,BIOGA,0.02,12996.136,3,3,12996.136,0.0,0.0,0.0,0.0,649806.8
1781953,IT,NO,ADDIT,SALEM,0.03,12995.772,3,3,12995.772,0.0,0.0,0.0,0.0,433192.4
1657855,IT,DE,NONME,INERT,0.03,12994.989,3,3,12994.989,0.0,0.0,0.0,0.0,433166.3
1663578,IT,DK,RESEA,BUSIN,0.07,12994.695,3,3,12994.695,0.0,0.0,0.0,0.0,185638.5
1802753,IT,WE,RESEA,REALE,0.07,12994.248,3,3,12994.248,0.0,0.0,0.0,0.0,185632.114286
1782583,IT,NO,TRANS,RENTI,0.08,12994.111,3,3,12994.111,0.0,0.0,0.0,0.0,162426.3875
1796922,IT,WL,AIRTR,COKIN,0.01,12993.263,3,3,12993.263,0.0,0.0,0.0,0.0,1299326.3
1722259,IT,PL,RECRE,RETA1,0.17,12993.22,3,3,12993.22,0.0,0.0,0.0,0.0,76430.705882
1662679,IT,DK,MACHI,TRAN1,0.07,12993.131,3,3,12993.131,0.0,0.0,0.0,0.0,185616.157143
1791767,IT,WA,RAILW,POSTT,0.09,12993.091,3,3,12993.091,0.0,0.0,0.0,0.0,144367.677778
1768556,IT,AU,FOOD5,FOOD1,0.06,12992.973,3,3,12992.973,0.0,0.0,0.0,0.0,216549.55
1685095,IT,HU,FOOD5,FISH5,0.06,12992.361,3,3,12992.361,0.0,0.0,0.0,0.0,216539.35
1747511,IT,JP,SEACO,FINAN,0.01,12991.999,3,3,12991.999,0.0,0.0,0.0,0.0,1299199.9
1768760,IT,AU,WEARI,SALEM,0.1,12991.611,4,4,12991.609,0.0,0.0,0.0,0.002,129916.11
1686771,IT,HU,FABRI,POULT,0.05,12991.507,3,3,12991.507,0.0,0.0,0.0,0.0,259830.14
1644658,IT,BE,BEVER,STONE,0.06,12991.011,3,3,12991.011,0.0,0.0,0.0,0.0,216516.85
1779504,IT,TR,RENTI,ELE11,0.08,12990.91,3,3,12990.91,0.0,0.0,0.0,0.0,162386.375
1720050,IT,PL,ALUM1,TRAN1,0.02,12990.778,3,3,12990.778,0.0,0.0,0.0,0.0,649538.9
1685173,IT,HU,BEVER,BIODI,0.06,12990.248,3,3,12990.248,0.0,0.0,0.0,0.0,216504.133333
1723597,IT,PT,FABRI,ALUM1,0.05,12990.159,3,3,12990.159,0.0,0.0,0.0,0.0,259803.18
1760644,IT,IN,PULP5,TRANS,0.04,12989.883,3,3,12989.883,0.0,0.0,0.0,0.0,324747.075
1717194,IT,NL,SUPPO,DAIRY,0.09,12989.707,3,3,12989.707,0.0,0.0,0.0,0.0,144330.077778
1734839,IT,SK,PAPER,SUGA1,0.05,12988.855,3,3,12988.855,0.0,0.0,0.0,0.0,259777.1
1742338,IT,US,CEMEN,93197,0.02,12988.675,3,3,12988.675,0.0,0.0,0.0,0.0,649433.75
1792683,IT,WA,RESEA,FINAN,0.07,12988.53,3,3,12988.53,0.0,0.0,0.0,0.0,185550.428571
1738413,IT,GB,ALUM1,PAPER,0.02,12988.423,3,3,12988.423,0.0,0.0,0.0,0.0,649421.15
1681156,IT,GR,POSTT,PRINT,0.21,12987.73,3,3,12987.73,0.0,0.0,0.0,0.0,61846.333333
1762902,IT,MX,STONE,HEALT,0.04,12987.663,4,4,12986.663,0.0,0.0,1.0,0.0,324691.575
1799396,IT,WE,PULP5,EDUCA,0.04,12987.575,3,3,12987.575,0.0,0.0,0.0,0.0,324689.375
1658540,IT,DE,MACHI,CHEMI,0.07,12987.396,3,3,12987.396,0.0,0.0,0.0,0.0,185534.228571
1668947,IT,ES,AIRTR,PETRO,0.01,12986.196,3,3,12986.196,0.0,0.0,0.0,0.0,1298619.6
1788567,IT,WA,PAPER,LEAD1,0.05,12986.071,3,3,12986.071,0.0,0.0,0.0,0.0,259721.42
1641050,IT,AT,PAPER,RAWMI,0.05,12985.898,3,3,12985.898,0.0,0.0,0.0,0.0,259717.96
1795285,IT,WL,CERAM,RECRE,0.02,12985.702,3,3,12985.702,0.0,0.0,0.0,0.0,649285.1
1764511,IT,MX,CONST,RETA1,0.07,12985.098,3,3,12985.098,0.0,0.0,0.0,0.0,185501.4
1773497,IT,CH,MOTO1,MEATA,0.07,12984.633,3,3,12984.633,0.0,0.0,0.0,0.0,185494.757143
1650616,IT,BG,ELE11,PULP5,0.19,12983.922,4,4,12983.915,0.0,0.0,0.0,0.007,68336.431579
1788952,IT,WA,HEAVY,WHITE,0.02,12983.341,3,3,12983.341,0.0,0.0,0.0,0.0,649167.05
1681265,IT,GR,FINAN,CONST,0.17,12983.251,3,3,12983.251,0.0,0.0,0.0,0.0,76372.064706
1809730,IT,WM,SUGA1,REALE,0.03,12983.138,4,4,12983.136,0.0,0.0,0.0,0.002,432771.266667
1655417,IT,DE,MEATA,RESEA,0.07,12982.932,4,4,12982.93,0.0,0.0,0.0,0.002,185470.457143
1715419,IT,NL,MOTOR,CEMEN,0.02,12982.275,3,3,12982.275,0.0,0.0,0.0,0.0,649113.75
1769181,IT,AU,CHEM1,ELEC8,0.03,12981.749,3,3,12981.749,0.0,0.0,0.0,0.0,432724.966667
1722706,IT,PT,WOODW,BEVER,0.04,12981.366,3,3,12981.366,0.0,0.0,0.0,0.0,324534.15
1777649,IT,TR,LEAD1,PROCE,0.02,12981.037,3,3,12981.037,0.0,0.0,0.0,0.0,649051.85
1674473,IT,FR,BIODI,FURNI,0.03,12980.933,3,3,12980.933,0.0,0.0,0.0,0.0,432697.766667
1710419,IT,LT,LANDT,VEGET,0.08,12980.893,3,3,12980.893,0.0,0.0,0.0,0.0,162261.1625
1763756,IT,MX,GLASS,FOUND,0.04,12979.918,3,3,12979.918,0.0,0.0,0.0,0.0,324497.95
1811960,IT,WM,GLASS,MEATP,0.04,12979.627,3,3,12979.627,0.0,0.0,0.0,0.0,324490.675
1724542,IT,PT,POSTT,SALEM,0.21,12979.417,3,3,12979.417,0.0,0.0,0.0,0.0,61806.747619
1722471,IT,PT,DAIRY,RENTI,0.05,12979.405,3,3,12979.405,0.0,0.0,0.0,0.0,259588.1
1651708,IT,CY,FABRI,SALEM,0.05,12978.204,3,3,12978.204,0.0,0.0,0.0,0.0,259564.08
1690000,IT,IE,REALE,CONST,0.55,12977.271,3,3,12977.271,0.0,0.0,0.0,0.0,23595.038182
1666465,IT,ES,NUCLE,BASIC,0.03,12977.241,3,3,12977.241,0.0,0.0,0.0,0.0,432574.7
1740060,IT,GB,RENTI,SEACO,0.08,12977.197,3,3,12977.197,0.0,0.0,0.0,0.0,162214.9625
1676317,IT,FR,RETAI,TEXTI,0.1,12977.076,3,3,12977.076,0.0,0.0,0.0,0.0,129770.76
1798091,IT,WL,93197,COPP1,0.09,12976.178,3,3,12976.178,0.0,0.0,0.0,0.0,144179.755556
1782362,IT,NO,FABRI,CERAM,0.05,12975.443,3,3,12975.443,0.0,0.0,0.0,0.0,259508.86
1645084,IT,BE,PAPER,ELEC3,0.05,12975.281,3,3,12975.281,0.0,0.0,0.0,0.0,259505.62
1788927,IT,WA,HEAVY,MEATP,0.02,12974.912,3,3,12974.912,0.0,0.0,0.0,0.0,648745.6
1802170,IT,WE,HOTEL,CHEM1,0.09,12974.471,3,3,12974.471,0.0,0.0,0.0,0.0,144160.788889
1741458,IT,US,MOTOR,ELE11,0.02,12974.145,3,3,12974.145,0.0,0.0,0.0,0.0,648707.25
1683524,IT,HR,ALUM1,CERAM,0.02,12974.018,3,3,12974.018,0.0,0.0,0.0,0.0,648700.9
1679719,IT,GR,NONME,ELEC1,0.03,12973.513,3,3,12973.513,0.0,0.0,0.0,0.0,432450.433333
1741377,IT,US,PRINT,DIST1,0.12,12973.087,3,3,12973.087,0.0,0.0,0.0,0.0,108109.058333
1761382,IT,IN,NONME,FOOD5,0.03,12972.88,3,3,12972.88,0.0,0.0,0.0,0.0,432429.333333
1677834,IT,FR,BUSIN,OILSE,0.13,12972.023,3,3,12972.023,0.0,0.0,0.0,0.0,99784.792308
1766083,IT,RU,RUBBE,NATU1,0.04,12971.594,3,3,12971.594,0.0,0.0,0.0,0.0,324289.85
1796105,IT,WL,TRANS,COPP1,0.08,12971.488,3,3,12971.488,0.0,0.0,0.0,0.0,162143.6
1762995,IT,MX,FOOD5,FISH5,0.06,12970.406,3,3,12970.406,0.0,0.0,0.0,0.0,216173.433333
1663959,IT,EE,PAPER,WEARI,0.05,12970.244,3,3,12970.244,0.0,0.0,0.0,0.0,259404.88
1645553,IT,BE,PLAST,93197,0.03,12969.307,3,3,12969.307,0.0,0.0,0.0,0.0,432310.233333
1783037,IT,NO,INSUR,MEATC,0.27,12968.868,3,3,12968.868,0.0,0.0,0.0,0.0,48032.844444
1796278,IT,WL,CONST,ELEC4,0.07,12968.636,3,3,12968.636,0.0,0.0,0.0,0.0,185266.228571
1799781,IT,WE,KERO1,POULT,0.02,12968.344,3,3,12968.344,0.0,0.0,0.0,0.0,648417.2
1812112,IT,WM,CERAM,PRIVA,0.02,12968.249,3,3,12968.249,0.0,0.0,0.0,0.0,648412.45
1784352,IT,ID,RUBBE,ELECT,0.04,12968.216,3,3,12968.216,0.0,0.0,0.0,0.0,324205.4
1758110,IT,BR,GLASS,EDUCA,0.04,12967.992,3,3,12967.992,0.0,0.0,0.0,0.0,324199.8
1721866,IT,PL,REALE,REALE,0.55,12967.966,3,3,12967.966,0.0,0.0,0.0,0.0,23578.12
1641347,IT,AT,KEROS,PREC1,0.02,12967.657,3,3,12967.657,0.0,0.0,0.0,0.0,648382.85
1716442,IT,NL,OFFIC,POULT,0.04,12967.007,3,3,12967.007,0.0,0.0,0.0,0.0,324175.175
1789728,IT,WA,GLASS,PRECI,0.04,12966.023,3,3,12966.023,0.0,0.0,0.0,0.0,324150.575
1774774,IT,CH,POSTT,DAIRY,0.21,12965.818,3,3,12965.818,0.0,0.0,0.0,0.0,61741.990476
1776696,IT,TR,HEAVY,TRANS,0.02,12965.626,3,3,12965.626,0.0,0.0,0.0,0.0,648281.3
1663562,IT,DK,COMPU,RENTI,0.15,12965.494,3,3,12965.494,0.0,0.0,0.0,0.0,86436.626667
1719977,IT,PL,PREC1,93197,0.02,12964.778,3,3,12964.778,0.0,0.0,0.0,0.0,648238.9
1778042,IT,TR,OFFIC,FURNI,0.04,12964.165,3,3,12964.165,0.0,0.0,0.0,0.0,324104.125
1673389,IT,FR,WEARI,POULT,0.1,12963.795,4,4,12963.793,0.0,0.0,0.0,0.002,129637.95
1680203,IT,GR,TRANS,TEXTI,0.08,12963.462,3,3,12963.462,0.0,0.0,0.0,0.0,162043.275
1685293,IT,HU,TEXTI,FOOD4,0.08,12963.397,4,4,12963.395,0.0,0.0,0.0,0.002,162042.4625
1777363,IT,TR,GLASS,COMPU,0.04,12963.336,3,3,12963.336,0.0,0.0,0.0,0.0,324083.4
1791087,IT,WA,TRANS,RUBBE,0.08,12963.076,3,3,12963.076,0.0,0.0,0.0,0.0,162038.45
1727086,IT,RO,LANDT,PIGS9,0.08,12962.83,3,3,12962.83,0.0,0.0,0.0,0.0,162035.375
1655183,IT,CZ,BUSIN,RAILW,0.13,12962.746,3,3,12962.746,0.0,0.0,0.0,0.0,99713.430769
1785148,IT,ZA,PROCE,COLLE,0.09,12962.178,3,3,12962.178,0.0,0.0,0.0,0.0,144024.2
1747971,IT,JP,RESEA,WHOLE,0.07,12962.123,3,3,12962.123,0.0,0.0,0.0,0.0,185173.185714
1790521,IT,WA,COPP1,BUSIN,0.03,12962.039,3,3,12962.039,0.0,0.0,0.0,0.0,432067.966667
1797253,IT,WL,FINAN,HEALT,0.17,12961.227,3,3,12961.227,0.0,0.0,0.0,0.0,76242.511765
1648628,IT,BG,MEAT4,HEALT,0.07,12960.98,3,3,12960.98,0.0,0.0,0.0,0.0,185156.857143
1779247,IT,TR,FINAN,STONE,0.17,12960.93,3,3,12960.93,0.0,0.0,0.0,0.0,76240.764706
1655110,IT,CZ,BUSIN,CEREA,0.13,12960.618,3,3,12960.618,0.0,0.0,0.0,0.0,99697.061538
1659983,IT,DE,SEACO,FURNI,0.01,12960.479,3,3,12960.479,0.0,0.0,0.0,0.0,1296047.9
1812107,IT,WM,CERAM,FOOD3,0.02,12960.121,3,3,12960.121,0.0,0.0,0.0,0.0,648006.05
1769956,IT,AU,TRANS,CATTL,0.08,12960.036,3,3,12960.036,0.0,0.0,0.0,0.0,162000.45
1777421,IT,TR,NONME,WOODW,0.03,12959.235,3,3,12959.235,0.0,0.0,0.0,0.0,431974.5
1751401,IT,CN,SEACO,ELEC1,0.01,12958.769,3,3,12958.769,0.0,0.0,0.0,0.0,1295876.9
1736500,IT,SK,INLAN,CONST,0.02,12958.542,3,3,12958.542,0.0,0.0,0.0,0.0,647927.1
1726277,IT,RO,BASIC,BRICK,0.01,12957.996,3,3,12957.996,0.0,0.0,0.0,0.0,1295799.6
1782177,IT,NO,NONME,RENTI,0.03,12957.409,3,3,12957.409,0.0,0.0,0.0,0.0,431913.633333
1655644,IT,DE,CHEMI,STONE,0.03,12957.351,4,4,12956.351,0.0,0.0,1.0,0.0,431911.7
1664244,IT,EE,NONME,HOTEL,0.03,12957.319,3,3,12957.319,0.0,0.0,0.0,0.0,431910.633333
1688524,IT,IE,PAPER,MEATC,0.05,12956.449,3,3,12956.449,0.0,0.0,0.0,0.0,259128.98
1753239,IT,CA,CERAM,COLLE,0.02,12956.432,3,3,12956.432,0.0,0.0,0.0,0.0,647821.6
1689580,IT,IE,AIRTR,PREC1,0.01,12955.868,3,3,12955.868,0.0,0.0,0.0,0.0,1295586.8
1763155,IT,MX,LEATH,PRINT,0.09,12955.619,4,4,12955.617,0.0,0.0,0.0,0.002,143951.322222
1746278,IT,JP,CHEM1,BLAST,0.03,12955.454,3,3,12955.454,0.0,0.0,0.0,0.0,431848.466667
1783408,IT,NO,INTER,NONME,0.08,12955.145,3,3,12955.145,0.0,0.0,0.0,0.0,161939.3125
1746758,IT,JP,MACHI,PIGS9,0.07,12955.008,3,3,12955.008,0.0,0.0,0.0,0.0,185071.542857
1643592,IT,AT,AIRTR,MEATP,0.01,12954.961,3,3,12954.961,0.0,0.0,0.0,0.0,1295496.1
1678137,IT,FR,PLAS1,NUCLE,0.05,12954.273,3,3,12954.273,0.0,0.0,0.0,0.0,259085.46
1643493,IT,AT,LANDT,PAPE1,0.08,12952.68,3,3,12952.68,0.0,0.0,0.0,0.0,161908.5
1753426,IT,CA,FABRI,CHEMI,0.05,12952.172,3,3,12952.172,0.0,0.0,0.0,0.0,259043.44
1717218,IT,NL,SUPPO,HOTEL,0.09,12952.026,3,3,12952.026,0.0,0.0,0.0,0.0,143911.4
1790693,IT,WA,FABRI,CONST,0.05,12951.903,3,3,12951.903,0.0,0.0,0.0,0.0,259038.06
1675088,IT,FR,ALUM1,FOOD1,0.02,12951.896,3,3,12951.896,0.0,0.0,0.0,0.0,647594.8
1645627,IT,BE,CHEM1,ELECT,0.03,12951.309,3,3,12951.309,0.0,0.0,0.0,0.0,431710.3
1794539,IT,WL,HEAVY,SANDC,0.02,12950.855,3,3,12950.855,0.0,0.0,0.0,0.0,647542.75
1729271,IT,SE,CEMEN,ELEC3,0.02,12950.475,3,3,12950.475,0.0,0.0,0.0,0.0,647523.75
1731100,IT,SI,FORES,SECO9,0.11,12949.446,4,4,12944.446,0.0,5.0,0.0,0.0,117722.236364
1682847,IT,HR,LIQUE,FABRI,0.02,12949.118,3,3,12949.118,0.0,0.0,0.0,0.0,647455.9
1726407,IT,RO,FABRI,MEATA,0.05,12948.759,3,3,12948.759,0.0,0.0,0.0,0.0,258975.18
1643425,IT,AT,LANDT,REFI1,0.08,12948.62,3,3,12948.62,0.0,0.0,0.0,0.0,161857.75
1657387,IT,DE,RUBBE,NATUR,0.04,12948.538,3,3,12948.538,0.0,0.0,0.0,0.0,323713.45
1726251,IT,RO,BASIC,PIGS9,0.01,12948.295,3,3,12948.295,0.0,0.0,0.0,0.0,1294829.5
1716262,IT,NL,COPP1,RENTI,0.03,12948.292,3,3,12948.292,0.0,0.0,0.0,0.0,431609.733333
1769052,IT,AU,BITU1,MOTOR,0.02,12948.185,3,3,12948.185,0.0,0.0,0.0,0.0,647409.25
1682674,IT,HR,KEROS,SEWAG,0.02,12948.082,3,3,12948.082,0.0,0.0,0.0,0.0,647404.1
1658272,IT,DE,COPP1,LIQUI,0.03,12947.68,3,3,12947.68,0.0,0.0,0.0,0.0,431589.333333
1797451,IT,WL,RESEA,FOOD5,0.07,12947.468,3,3,12947.468,0.0,0.0,0.0,0.0,184963.828571
1772254,IT,CH,HEAVY,REALE,0.02,12947.113,3,3,12947.113,0.0,0.0,0.0,0.0,647355.65
1709575,IT,LT,PAPER,RAWMI,0.05,12947.002,3,3,12947.002,0.0,0.0,0.0,0.0,258940.04
1672780,IT,FR,MEATP,VEGE1,0.05,12946.897,3,3,12946.897,0.0,0.0,0.0,0.0,258937.94
1739125,IT,GB,WHOLE,LANDT,0.11,12946.475,3,3,12946.475,0.0,0.0,0.0,0.0,117695.227273
1649212,IT,BG,MOTOR,RETA1,0.02,12945.993,3,3,12945.993,0.0,0.0,0.0,0.0,647299.65
1710919,IT,LU,NAPHT,CEMEN,0.02,12945.972,3,3,12945.972,0.0,0.0,0.0,0.0,647298.6
1753266,IT,CA,CEMEN,CHEM1,0.02,12945.325,3,3,12945.325,0.0,0.0,0.0,0.0,647266.25
1740047,IT,GB,RENTI,TRANS,0.08,12944.991,3,3,12944.991,0.0,0.0,0.0,0.0,161812.3875
1642034,IT,AT,RUBBE,PLAS1,0.04,12944.295,3,3,12944.295,0.0,0.0,0.0,0.0,323607.375
1801895,IT,WE,CONST,DISTR,0.07,12944.144,3,3,12944.144,0.0,0.0,0.0,0.0,184916.342857
1811087,IT,WM,HEAVY,RETAI,0.02,12944.004,3,3,12944.004,0.0,0.0,0.0,0.0,647200.2
1774479,IT,CH,LANDT,GLASS,0.08,12943.923,3,3,12943.923,0.0,0.0,0.0,0.0,161799.0375
1735399,IT,SK,BASIC,LIGNI,0.01,12943.723,3,3,12943.723,0.0,0.0,0.0,0.0,1294372.3
1797242,IT,WL,FINAN,POSTT,0.17,12942.889,3,3,12942.889,0.0,0.0,0.0,0.0,76134.641176
1741772,IT,US,NONSP,ELEC2,0.02,12942.687,3,3,12942.687,0.0,0.0,0.0,0.0,647134.35
1755852,IT,KR,NONME,MEATA,0.03,12941.28,3,3,12941.28,0.0,0.0,0.0,0.0,431376.0
1765145,IT,MX,BUSIN,WEARI,0.13,12941.12,3,3,12941.12,0.0,0.0,0.0,0.0,99547.076923
1749721,IT,CN,CHEM1,AUXIL,0.03,12940.686,3,3,12940.686,0.0,0.0,0.0,0.0,431356.2
1716566,IT,NL,SALEM,VEGET,0.1,12940.488,3,3,12940.488,0.0,0.0,0.0,0.0,129404.88
1802523,IT,WE,POSTT,LANDT,0.21,12940.24,3,3,12940.24,0.0,0.0,0.0,0.0,61620.190476
1763370,IT,MX,PRINT,FABRI,0.12,12939.561,3,3,12939.561,0.0,0.0,0.0,0.0,107829.675
1673137,IT,FR,BEVER,MEAT1,0.06,12938.974,3,3,12938.974,0.0,0.0,0.0,0.0,215649.566667
1682068,IT,HR,FISH5,REALE,0.05,12938.592,4,4,12938.585,0.0,0.0,0.0,0.007,258771.84
1770856,IT,AU,BUSIN,CEMEN,0.13,12938.407,3,3,12938.407,0.0,0.0,0.0,0.0,99526.207692
1744410,IT,US,AUXIL,CATTL,0.24,12938.183,3,3,12938.183,0.0,0.0,0.0,0.0,53909.095833
1649276,IT,BG,LIQUE,COPP1,0.02,12938.156,3,3,12938.156,0.0,0.0,0.0,0.0,646907.8
1763339,IT,MX,PAPER,MEMBE,0.05,12937.517,3,3,12937.517,0.0,0.0,0.0,0.0,258750.34
1768899,IT,AU,WOODW,TRANS,0.04,12937.503,3,3,12937.503,0.0,0.0,0.0,0.0,323437.575
1660762,IT,DE,RENTI,MEMBE,0.08,12937.173,3,3,12937.173,0.0,0.0,0.0,0.0,161714.6625
1805634,IT,WF,NONME,GASDI,0.03,12936.637,3,3,12936.637,0.0,0.0,0.0,0.0,431221.233333
1651389,IT,CY,MOTOR,HOTEL,0.02,12936.322,3,3,12936.322,0.0,0.0,0.0,0.0,646816.1
1769434,IT,AU,NONME,GLASS,0.03,12936.095,3,3,12936.095,0.0,0.0,0.0,0.0,431203.166667
1714076,IT,MT,LANDT,SUPPO,0.08,12935.879,3,3,12935.879,0.0,0.0,0.0,0.0,161698.4875
1805825,IT,WF,PREC1,MEMBE,0.02,12935.727,3,3,12935.727,0.0,0.0,0.0,0.0,646786.35
1657770,IT,DE,NONME,MEATC,0.03,12935.625,3,3,12935.625,0.0,0.0,0.0,0.0,431187.5
1682682,IT,HR,KEROS,TEXT2,0.02,12935.252,3,3,12935.252,0.0,0.0,0.0,0.0,646762.6
1673914,IT,FR,MOTOR,HEAVY,0.02,12935.097,3,3,12935.097,0.0,0.0,0.0,0.0,646754.85
1676443,IT,FR,RETA1,STONE,0.14,12934.515,3,3,12934.515,0.0,0.0,0.0,0.0,92389.392857
1718758,IT,PL,PAPER,CEREA,0.05,12933.845,3,3,12933.845,0.0,0.0,0.0,0.0,258676.9
1796757,IT,WL,LANDT,NONME,0.08,12933.718,3,3,12933.718,0.0,0.0,0.0,0.0,161671.475
1733992,IT,SI,SUPPO,RECRE,0.09,12933.563,3,3,12933.563,0.0,0.0,0.0,0.0,143706.255556
1655461,IT,DE,FORES,HEALT,0.11,12933.049,4,4,12928.049,0.0,5.0,0.0,0.0,117573.172727
1794796,IT,WL,PLAST,NONSP,0.03,12932.719,3,3,12932.719,0.0,0.0,0.0,0.0,431090.633333
1736812,IT,SK,COMPU,INSUR,0.15,12932.707,3,3,12932.707,0.0,0.0,0.0,0.0,86218.046667
1672377,IT,FI,BUSIN,GLASS,0.13,12932.706,3,3,12932.706,0.0,0.0,0.0,0.0,99482.353846
1793813,IT,WL,TEXTI,PROCE,0.08,12932.484,4,4,12932.482,0.0,0.0,0.0,0.002,161656.05
1664668,IT,EE,LANDT,BUSIN,0.08,12932.064,3,3,12932.064,0.0,0.0,0.0,0.0,161650.8
1752221,IT,CN,PUBLI,HEALT,0.21,12931.724,3,3,12931.724,0.0,0.0,0.0,0.0,61579.638095
1672037,IT,FI,AIRTR,PRINT,0.01,12931.565,3,3,12931.565,0.0,0.0,0.0,0.0,1293156.5
1651247,IT,CY,VEGET,BEVER,0.05,12931.47,3,3,12931.47,0.0,0.0,0.0,0.0,258629.4
1662963,IT,DK,RETA1,MEMBE,0.14,12931.247,3,3,12931.247,0.0,0.0,0.0,0.0,92366.05
1779518,IT,TR,RENTI,RESEA,0.08,12931.021,3,3,12931.021,0.0,0.0,0.0,0.0,161637.7625
1748515,IT,CN,CHEMI,SUGAR,0.03,12930.47,4,4,12929.47,0.0,0.0,1.0,0.0,431015.666667
1651151,IT,BG,BUSIN,HYDRO,0.13,12930.244,3,3,12930.244,0.0,0.0,0.0,0.0,99463.415385
1798814,IT,WE,FOOD5,RADIO,0.06,12929.855,3,3,12929.855,0.0,0.0,0.0,0.0,215497.583333
1791414,IT,WA,WHOLE,MEATP,0.11,12929.236,3,3,12929.236,0.0,0.0,0.0,0.0,117538.509091
1663115,IT,DK,RAILW,POSTT,0.09,12928.916,3,3,12928.916,0.0,0.0,0.0,0.0,143654.622222
1689453,IT,IE,HOTEL,TRAN1,0.09,12928.617,3,3,12928.617,0.0,0.0,0.0,0.0,143651.3
1655420,IT,DE,ANIMA,RUBBE,0.05,12928.509,3,3,12928.509,0.0,0.0,0.0,0.0,258570.18
1812565,IT,WM,ALUM1,INSUR,0.02,12928.048,3,3,12928.048,0.0,0.0,0.0,0.0,646402.4
1754663,IT,KR,CHEMI,FISHF,0.03,12927.59,4,4,12926.59,0.0,0.0,1.0,0.0,430919.666667
1780254,IT,TW,LANDT,LEATH,0.08,12927.413,3,3,12927.413,0.0,0.0,0.0,0.0,161592.6625
1682541,IT,HR,MOTOR,TEXTI,0.02,12926.227,3,3,12926.227,0.0,0.0,0.0,0.0,646311.35
1733202,IT,SI,MACHI,PAPER,0.07,12924.528,3,3,12924.528,0.0,0.0,0.0,0.0,184636.114286
1711683,IT,LU,BUSIN,PIGS9,0.13,12924.359,3,3,12924.359,0.0,0.0,0.0,0.0,99418.146154
1684214,IT,HR,TRAN2,LANDT,0.02,12924.06,3,3,12924.06,0.0,0.0,0.0,0.0,646203.0
1759179,IT,BR,AIRTR,WASTE,0.01,12923.824,3,3,12923.824,0.0,0.0,0.0,0.0,1292382.4
1743388,IT,US,SALEM,CONST,0.1,12923.702,3,3,12923.702,0.0,0.0,0.0,0.0,129237.02
1688103,IT,HU,BUSIN,CROPS,0.13,12922.709,3,3,12922.709,0.0,0.0,0.0,0.0,99405.453846
1749161,IT,CN,PULP5,LEATH,0.04,12922.396,3,3,12922.396,0.0,0.0,0.0,0.0,323059.9
1796823,IT,WL,SEACO,MEATA,0.01,12922.342,3,3,12922.342,0.0,0.0,0.0,0.0,1292234.2
1658111,IT,DE,ALUM1,COKEO,0.02,12922.322,3,3,12922.322,0.0,0.0,0.0,0.0,646116.1
1798653,IT,WE,MEAT4,RECRE,0.07,12922.053,3,3,12922.053,0.0,0.0,0.0,0.0,184600.757143
1650408,IT,BG,ELEC4,GASDI,0.21,12922.048,3,3,12922.048,0.0,0.0,0.0,0.0,61533.561905
1647635,IT,BE,POSTT,RECRE,0.21,12920.81,3,3,12920.81,0.0,0.0,0.0,0.0,61527.666667
1800388,IT,WE,CHEM1,SALEM,0.03,12920.426,3,3,12920.426,0.0,0.0,0.0,0.0,430680.866667
1727983,IT,SE,FISHF,NONME,0.02,12919.634,3,3,12919.634,0.0,0.0,0.0,0.0,645981.7
1668961,IT,ES,AIRTR,ALUM1,0.01,12919.342,3,3,12919.342,0.0,0.0,0.0,0.0,1291934.2
1814563,IT,WM,BUSIN,KERO1,0.13,12919.085,3,3,12919.085,0.0,0.0,0.0,0.0,99377.576923
1653511,IT,CZ,BASIC,PARAF,0.01,12918.187,3,3,12918.187,0.0,0.0,0.0,0.0,1291818.7
1797692,IT,WL,PLAS1,PRINT,0.05,12917.643,3,3,12917.643,0.0,0.0,0.0,0.0,258352.86
1661287,IT,DK,MEATA,OILHA,0.07,12917.489,4,4,12917.487,0.0,0.0,0.0,0.002,184535.557143
1739720,IT,GB,SUPPO,RETA1,0.09,12917.198,3,3,12917.198,0.0,0.0,0.0,0.0,143524.422222
1675601,IT,FR,MOTO1,ELEC8,0.07,12916.655,3,3,12916.655,0.0,0.0,0.0,0.0,184523.642857
1712159,IT,LV,LEATH,PLAST,0.09,12915.985,4,4,12915.983,0.0,0.0,0.0,0.002,143510.944444
1717680,IT,NL,BUSIN,RADIO,0.13,12914.843,3,3,12914.843,0.0,0.0,0.0,0.0,99344.946154
1778322,IT,TR,SALEM,FINAN,0.1,12914.636,3,3,12914.636,0.0,0.0,0.0,0.0,129146.36
1787578,IT,WA,MEATC,WHOLE,0.04,12914.142,3,3,12914.142,0.0,0.0,0.0,0.0,322853.55
1679999,IT,GR,FABRI,93197,0.05,12914.003,3,3,12914.003,0.0,0.0,0.0,0.0,258280.06
1735652,IT,SK,FABRI,OILSE,0.05,12913.887,3,3,12913.887,0.0,0.0,0.0,0.0,258277.74
1641843,IT,AT,CHEM1,OILHA,0.03,12913.629,3,3,12913.629,0.0,0.0,0.0,0.0,430454.3
1712210,IT,LV,PAPER,BEVER,0.05,12913.454,3,3,12913.454,0.0,0.0,0.0,0.0,258269.08
1733881,IT,SI,SEACO,ELEC1,0.01,12912.405,3,3,12912.405,0.0,0.0,0.0,0.0,1291240.5
1745860,IT,JP,LEATH,NONF1,0.09,12912.334,4,4,12912.332,0.0,0.0,0.0,0.002,143470.377778
1723428,IT,PT,BASIC,FOOD4,0.01,12911.751,3,3,12911.751,0.0,0.0,0.0,0.0,1291175.1
1686262,IT,HU,CERAM,ELEC2,0.02,12911.711,3,3,12911.711,0.0,0.0,0.0,0.0,645585.55
1778775,IT,TR,LANDT,PULP5,0.08,12911.707,3,3,12911.707,0.0,0.0,0.0,0.0,161396.3375
1667020,IT,ES,CEMEN,MEMBE,0.02,12911.593,3,3,12911.593,0.0,0.0,0.0,0.0,645579.65
1733883,IT,SI,SEACO,DIST1,0.01,12911.43,3,3,12911.43,0.0,0.0,0.0,0.0,1291143.0
1685721,IT,HU,PARAF,WHOLE,0.02,12911.213,3,3,12911.213,0.0,0.0,0.0,0.0,645560.65
1648631,IT,BG,VEGE1,MEATP,0.04,12910.97,4,4,12910.967,0.0,0.0,0.0,0.003,322774.25
1808786,IT,WF,WOOD2,BASIC,0.07,12910.864,3,3,12910.864,0.0,0.0,0.0,0.0,184440.914286
1803673,IT,WF,BEVER,CRUDE,0.05,12910.526,3,3,12910.526,0.0,0.0,0.0,0.0,258210.52
1742661,IT,US,COPP1,HOTEL,0.03,12910.49,3,3,12910.49,0.0,0.0,0.0,0.0,430349.666667
1780362,IT,TW,AIRTR,NONF1,0.01,12910.461,3,3,12910.461,0.0,0.0,0.0,0.0,1291046.1
1749117,IT,CN,WOODW,NONF1,0.04,12910.383,3,3,12910.383,0.0,0.0,0.0,0.0,322759.575
1684041,IT,HR,HOTEL,LEATH,0.09,12909.889,3,3,12909.889,0.0,0.0,0.0,0.0,143443.211111
1649282,IT,BG,LIQUE,CONST,0.02,12909.752,3,3,12909.752,0.0,0.0,0.0,0.0,645487.6
1782560,IT,NO,MOTO1,HEALT,0.07,12909.645,3,3,12909.645,0.0,0.0,0.0,0.0,184423.5
1734592,IT,SK,BEVER,CONST,0.05,12909.538,3,3,12909.538,0.0,0.0,0.0,0.0,258190.76
1676534,IT,FR,HOTEL,ANIMA,0.09,12909.382,3,3,12909.382,0.0,0.0,0.0,0.0,143437.577778
1784774,IT,ID,HOTEL,SANDC,0.09,12909.336,3,3,12909.336,0.0,0.0,0.0,0.0,143437.066667
1678140,IT,FR,PLAS1,CEMEN,0.05,12908.962,3,3,12908.962,0.0,0.0,0.0,0.0,258179.24
1793794,IT,WL,TEXTI,SUGAR,0.08,12908.805,4,4,12908.803,0.0,0.0,0.0,0.002,161360.0625
1786175,IT,ZA,PREC1,CHEM1,0.02,12908.711,3,3,12908.711,0.0,0.0,0.0,0.0,645435.55
1760879,IT,IN,GASDI,WOODW,0.02,12908.223,3,3,12908.223,0.0,0.0,0.0,0.0,645411.15
1681239,IT,GR,FINAN,HEAVY,0.17,12906.999,3,3,12906.999,0.0,0.0,0.0,0.0,75923.523529
1644376,IT,BE,CHEMI,BUSIN,0.03,12906.96,4,4,12905.96,0.0,0.0,1.0,0.0,430232.0
1672645,IT,FR,CRUDE,PETRO,0.03,12906.762,3,3,12906.762,0.0,0.0,0.0,0.0,430225.4
1682049,IT,HR,FISH5,DAIRY,0.05,12906.688,4,4,12906.681,0.0,0.0,0.0,0.007,258133.76
1641153,IT,AT,PRINT,FOOD5,0.12,12906.61,3,3,12906.61,0.0,0.0,0.0,0.0,107555.083333
1718673,IT,PL,WOODW,CHEM1,0.04,12906.372,3,3,12906.372,0.0,0.0,0.0,0.0,322659.3
1649440,IT,BG,CHEM1,ELEC1,0.03,12904.948,3,3,12904.948,0.0,0.0,0.0,0.0,430164.933333
1669777,IT,ES,BUSIN,GLASS,0.13,12904.071,3,3,12904.071,0.0,0.0,0.0,0.0,99262.084615
1805584,IT,WF,CEMEN,NONF1,0.02,12903.583,3,3,12903.583,0.0,0.0,0.0,0.0,645179.15
1788731,IT,WA,MOTOR,NONF1,0.02,12903.44,3,3,12903.44,0.0,0.0,0.0,0.0,645172.0
1738653,IT,GB,MACHI,VEGE1,0.07,12903.174,3,3,12903.174,0.0,0.0,0.0,0.0,184331.057143
1727636,IT,RO,RENTI,PAPER,0.08,12903.173,3,3,12903.173,0.0,0.0,0.0,0.0,161289.6625
1767214,IT,RU,RETA1,ELEC3,0.13,12902.977,3,3,12902.977,0.0,0.0,0.0,0.0,99253.669231
1735276,IT,SK,GLASS,BRICK,0.04,12901.578,3,3,12901.578,0.0,0.0,0.0,0.0,322539.45
1768767,IT,AU,WEARI,AIRTR,0.1,12900.84,4,4,12900.838,0.0,0.0,0.0,0.002,129008.4
1798631,IT,WE,MEAT4,TEXTI,0.07,12900.831,3,3,12900.831,0.0,0.0,0.0,0.0,184297.585714
1648527,IT,BG,FORES,WOODW,0.11,12900.092,4,4,12895.092,0.0,5.0,0.0,0.0,117273.563636
1773407,IT,CH,OFFIC,RAWMI,0.04,12899.655,3,3,12899.655,0.0,0.0,0.0,0.0,322491.375
1723057,IT,PT,CHEM1,MEAT1,0.03,12899.081,3,3,12899.081,0.0,0.0,0.0,0.0,429969.366667
1800085,IT,WE,NAPHT,PROCE,0.02,12898.986,3,3,12898.986,0.0,0.0,0.0,0.0,644949.3
1765670,IT,RU,PAPER,LEATH,0.05,12898.879,3,3,12898.879,0.0,0.0,0.0,0.0,257977.58
1782133,IT,NO,CEMEN,PREC1,0.02,12898.719,3,3,12898.719,0.0,0.0,0.0,0.0,644935.95
1792129,IT,WA,SUPPO,VEGET,0.09,12898.425,3,3,12898.425,0.0,0.0,0.0,0.0,143315.833333
1795923,IT,WL,MOTO1,MEATA,0.07,12897.804,3,3,12897.804,0.0,0.0,0.0,0.0,184254.342857
1813601,IT,WM,WHOLE,AUXIL,0.11,12897.782,3,3,12897.782,0.0,0.0,0.0,0.0,117252.563636
1739973,IT,GB,AUXIL,HOTEL,0.24,12897.574,3,3,12897.574,0.0,0.0,0.0,0.0,53739.891667
1649800,IT,BG,PREC1,PREC1,0.02,12897.488,3,3,12897.488,0.0,0.0,0.0,0.0,644874.4
1684191,IT,HR,LANDT,FINAN,0.08,12897.391,3,3,12897.391,0.0,0.0,0.0,0.0,161217.3875
1808536,IT,WF,PAPE4,MEATC,0.09,12896.658,3,3,12896.658,0.0,0.0,0.0,0.0,143296.2
1735839,IT,SK,MACHI,AUXIL,0.07,12896.373,3,3,12896.373,0.0,0.0,0.0,0.0,184233.9
1652517,IT,CZ,WEARI,RETAI,0.1,12896.308,4,4,12896.306,0.0,0.0,0.0,0.002,128963.08
1780350,IT,TW,AIRTR,BITU1,0.01,12895.253,3,3,12895.253,0.0,0.0,0.0,0.0,1289525.3
1757560,IT,BR,KEROS,RETA1,0.02,12894.641,3,3,12894.641,0.0,0.0,0.0,0.0,644732.05
1716730,IT,NL,RETA1,FORES,0.13,12894.614,3,3,12894.614,0.0,0.0,0.0,0.0,99189.338462
1772154,IT,CH,KERO1,HOTEL,0.02,12894.51,3,3,12894.51,0.0,0.0,0.0,0.0,644725.5
1767004,IT,RU,MOTO1,93197,0.07,12894.439,3,3,12894.439,0.0,0.0,0.0,0.0,184206.271429
1797472,IT,WL,RESEA,RETA1,0.07,12894.333,3,3,12894.333,0.0,0.0,0.0,0.0,184204.757143
1667950,IT,ES,MOTO1,WOOD2,0.07,12894.294,3,3,12894.294,0.0,0.0,0.0,0.0,184204.2
1760869,IT,IN,GASDI,FORES,0.02,12893.729,3,3,12893.729,0.0,0.0,0.0,0.0,644686.45
1672347,IT,FI,BUSIN,SANDC,0.13,12893.67,3,3,12893.67,0.0,0.0,0.0,0.0,99182.076923
1735837,IT,SK,MACHI,POSTT,0.07,12893.555,3,3,12893.555,0.0,0.0,0.0,0.0,184193.642857
1735237,IT,SK,GLASS,CEREA,0.04,12893.426,3,3,12893.426,0.0,0.0,0.0,0.0,322335.65
1674159,IT,FR,HEAVY,RENTI,0.02,12893.201,3,3,12893.201,0.0,0.0,0.0,0.0,644660.05
1659245,IT,DE,SALEM,CEMEN,0.1,12892.309,3,3,12892.309,0.0,0.0,0.0,0.0,128923.09
1808988,IT,WM,VEGET,SUGA1,0.05,12892.194,3,3,12892.194,0.0,0.0,0.0,0.0,257843.88
1721017,IT,PL,HOTEL,SUGA1,0.09,12891.921,3,3,12891.921,0.0,0.0,0.0,0.0,143243.566667
1729430,IT,SE,BASIC,TEXT1,0.01,12891.412,3,3,12891.412,0.0,0.0,0.0,0.0,1289141.2
1744626,IT,US,RENTI,RESEA,0.08,12891.235,3,3,12891.235,0.0,0.0,0.0,0.0,161140.4375
1728253,IT,SE,BEVER,CATTL,0.05,12890.616,3,3,12890.616,0.0,0.0,0.0,0.0,257812.32
1783539,IT,NO,OILHA,FOOD4,0.07,12890.044,3,3,12890.044,0.0,0.0,0.0,0.0,184143.485714
1740002,IT,GB,REALE,HOTEL,0.54,12889.946,3,3,12889.946,0.0,0.0,0.0,0.0,23870.27037
1789113,IT,WA,NONSP,BEVER,0.02,12889.623,3,3,12889.623,0.0,0.0,0.0,0.0,644481.15
1788408,IT,WA,WOODW,REALE,0.04,12889.315,3,3,12889.315,0.0,0.0,0.0,0.0,322232.875
1752186,IT,CN,PUBLI,BASIC,0.21,12888.992,3,3,12888.992,0.0,0.0,0.0,0.0,61376.152381
1722048,IT,PL,BUSIN,CROPS,0.13,12888.361,3,3,12888.361,0.0,0.0,0.0,0.0,99141.238462
1666781,IT,ES,RUBBE,DISTR,0.04,12888.02,3,3,12888.02,0.0,0.0,0.0,0.0,322200.5
1791761,IT,WA,RAILW,RETA1,0.09,12887.487,3,3,12887.487,0.0,0.0,0.0,0.0,143194.3
1713036,IT,MT,MEAT1,HOTEL,0.06,12887.212,4,4,12887.21,0.0,0.0,0.0,0.002,214786.866667
1777379,IT,TR,CERAM,RUBBE,0.02,12886.629,3,3,12886.629,0.0,0.0,0.0,0.0,644331.45
1765796,IT,RU,MOTOR,CONST,0.02,12886.423,3,3,12886.423,0.0,0.0,0.0,0.0,644321.15
1665429,IT,ES,TEXTI,FINAN,0.08,12885.615,4,4,12885.613,0.0,0.0,0.0,0.002,161070.1875
1643892,IT,AT,REALE,OFFIC,0.54,12885.587,3,3,12885.587,0.0,0.0,0.0,0.0,23862.198148
1760761,IT,IN,PRINT,RUBBE,0.12,12885.22,3,3,12885.22,0.0,0.0,0.0,0.0,107376.833333
1775135,IT,CH,COMPU,AIRTR,0.15,12884.611,3,3,12884.611,0.0,0.0,0.0,0.0,85897.406667
1659171,IT,DE,CONST,CHEM1,0.07,12884.469,3,3,12884.469,0.0,0.0,0.0,0.0,184063.842857
1673419,IT,FR,WEARI,PLAST,0.1,12884.14,4,4,12884.138,0.0,0.0,0.0,0.002,128841.4
1739696,IT,GB,SUPPO,BIOGA,0.09,12883.479,3,3,12883.479,0.0,0.0,0.0,0.0,143149.766667
1808912,IT,WM,CEREA,FISHF,0.02,12883.152,3,3,12883.152,0.0,0.0,0.0,0.0,644157.6
1650805,IT,BG,LANDT,COPPE,0.08,12882.705,3,3,12882.705,0.0,0.0,0.0,0.0,161033.8125
1777380,IT,TR,CERAM,GLASS,0.02,12882.174,3,3,12882.174,0.0,0.0,0.0,0.0,644108.7
1652174,IT,CZ,VEGE1,REALE,0.04,12881.915,4,4,12881.912,0.0,0.0,0.0,0.003,322047.875
1687718,IT,HU,SUPPO,TEXTI,0.09,12881.424,3,3,12881.424,0.0,0.0,0.0,0.0,143126.933333
1804335,IT,WF,MOTOR,BIOG1,0.02,12881.07,3,3,12881.07,0.0,0.0,0.0,0.0,644053.5
1812639,IT,WM,COPP1,VEGE1,0.03,12880.821,3,3,12880.821,0.0,0.0,0.0,0.0,429360.7
1653222,IT,CZ,RUBBE,WEARI,0.04,12880.636,3,3,12880.636,0.0,0.0,0.0,0.0,322015.9
1749577,IT,CN,PLAST,ELEC4,0.03,12880.496,3,3,12880.496,0.0,0.0,0.0,0.0,429349.866667
1655614,IT,DE,SANDC,BLAST,0.03,12880.021,4,4,12877.021,0.0,0.0,3.0,0.0,429334.033333
1741741,IT,US,LUBRI,NONME,0.02,12878.839,3,3,12878.839,0.0,0.0,0.0,0.0,643941.95
1669927,IT,ES,EDUCA,PRINT,0.32,12878.55,3,3,12878.55,0.0,0.0,0.0,0.0,40245.46875
1674741,IT,FR,CERAM,NFERT,0.02,12878.109,3,3,12878.109,0.0,0.0,0.0,0.0,643905.45
1728499,IT,SE,WOODW,CERAM,0.04,12877.138,3,3,12877.138,0.0,0.0,0.0,0.0,321928.45
1687565,IT,HU,LANDT,RAILW,0.08,12876.89,3,3,12876.89,0.0,0.0,0.0,0.0,160961.125
1681474,IT,GR,COMPU,SUPPO,0.15,12876.872,3,3,12876.872,0.0,0.0,0.0,0.0,85845.813333
1712011,IT,LV,STONE,CONST,0.04,12876.207,4,4,12875.207,0.0,0.0,1.0,0.0,321905.175
1727206,IT,RO,SUPPO,RAWMI,0.09,12876.079,3,3,12876.079,0.0,0.0,0.0,0.0,143067.544444
1652245,IT,CZ,FOOD5,CHEM1,0.06,12875.801,3,3,12875.801,0.0,0.0,0.0,0.0,214596.683333
1725999,IT,RO,CHEM1,FOUND,0.03,12875.43,3,3,12875.43,0.0,0.0,0.0,0.0,429181.0
1795284,IT,WL,CERAM,MEMBE,0.02,12875.183,3,3,12875.183,0.0,0.0,0.0,0.0,643759.15
1807011,IT,WF,LANDT,RETAI,0.08,12874.765,3,3,12874.765,0.0,0.0,0.0,0.0,160934.5625
1797750,IT,WL,INTER,REALE,0.08,12874.45,3,3,12874.45,0.0,0.0,0.0,0.0,160930.625
1712451,IT,LV,BASIC,COMPU,0.01,12874.407,3,3,12874.407,0.0,0.0,0.0,0.0,1287440.7
1728710,IT,SE,MOTOR,MOTO1,0.02,12874.28,3,3,12874.28,0.0,0.0,0.0,0.0,643714.0
1761380,IT,IN,CEMEN,MEMBE,0.02,12874.07,3,3,12874.07,0.0,0.0,0.0,0.0,643703.5
1667953,IT,ES,MOTO1,93197,0.07,12873.947,3,3,12873.947,0.0,0.0,0.0,0.0,183913.528571
1683490,IT,HR,PREC1,SALEM,0.02,12873.744,3,3,12873.744,0.0,0.0,0.0,0.0,643687.2
1798531,IT,WE,STONE,SUPPO,0.04,12873.644,4,4,12872.644,0.0,0.0,1.0,0.0,321841.1
1769039,IT,AU,PRINT,RECRE,0.12,12873.481,3,3,12873.481,0.0,0.0,0.0,0.0,107279.008333
1645261,IT,BE,COALT,TEXT2,0.02,12873.276,3,3,12873.276,0.0,0.0,0.0,0.0,643663.8
1756650,IT,KR,LANDT,TRANS,0.08,12872.548,3,3,12872.548,0.0,0.0,0.0,0.0,160906.85
1783376,IT,NO,PLAS1,RETAI,0.05,12872.133,3,3,12872.133,0.0,0.0,0.0,0.0,257442.66
1750756,IT,CN,TRANS,MEDIC,0.08,12871.689,3,3,12871.689,0.0,0.0,0.0,0.0,160896.1125
1667943,IT,ES,MOTO1,FOOD3,0.07,12870.961,3,3,12870.961,0.0,0.0,0.0,0.0,183870.871429
1764526,IT,MX,CONST,EDUCA,0.07,12870.878,3,3,12870.878,0.0,0.0,0.0,0.0,183869.685714
1813727,IT,WM,HOTEL,BEVER,0.09,12870.092,3,3,12870.092,0.0,0.0,0.0,0.0,143001.022222
1716454,IT,NL,OFFIC,FISH5,0.04,12867.982,3,3,12867.982,0.0,0.0,0.0,0.0,321699.55
1712177,IT,LV,WOODW,FORES,0.04,12867.472,3,3,12867.472,0.0,0.0,0.0,0.0,321686.8
1727682,IT,RO,RENTI,WASTE,0.08,12867.041,3,3,12867.041,0.0,0.0,0.0,0.0,160838.0125
1661759,IT,DK,LEATH,OFFIC,0.09,12866.171,4,4,12866.169,0.0,0.0,0.0,0.002,142957.455556
1772574,IT,CH,RUBBE,INLAN,0.04,12864.878,3,3,12864.878,0.0,0.0,0.0,0.0,321621.95
1718629,IT,PL,LEATH,HOTEL,0.09,12864.512,4,4,12864.51,0.0,0.0,0.0,0.002,142939.022222
1660471,IT,DE,INSUR,KEROS,0.27,12864.061,3,3,12864.061,0.0,0.0,0.0,0.0,47644.67037
1662808,IT,DK,FURNI,AIRTR,0.04,12863.956,3,3,12863.956,0.0,0.0,0.0,0.0,321598.9
1688052,IT,HU,COMPU,BASIC,0.15,12863.729,3,3,12863.729,0.0,0.0,0.0,0.0,85758.193333
1660429,IT,DE,FINAN,PLAS1,0.17,12863.519,3,3,12863.519,0.0,0.0,0.0,0.0,75667.758824
1794691,IT,WL,NAPHT,NONF1,0.02,12862.414,3,3,12862.414,0.0,0.0,0.0,0.0,643120.7
1769376,IT,AU,CERAM,PFERT,0.02,12862.375,3,3,12862.375,0.0,0.0,0.0,0.0,643118.75
1770035,IT,AU,FURNI,93197,0.04,12861.407,3,3,12861.407,0.0,0.0,0.0,0.0,321535.175
1779687,IT,TR,RESEA,SALEM,0.07,12860.412,3,3,12860.412,0.0,0.0,0.0,0.0,183720.171429
1717047,IT,NL,LANDT,ELEC5,0.08,12860.342,3,3,12860.342,0.0,0.0,0.0,0.0,160754.275
1723137,IT,PT,CHEM1,FOOD2,0.03,12860.05,3,3,12860.05,0.0,0.0,0.0,0.0,428668.333333
1791027,IT,WA,TRANS,CEREA,0.08,12859.294,3,3,12859.294,0.0,0.0,0.0,0.0,160741.175
1640291,IT,AT,SANDC,RUBBE,0.03,12858.923,4,4,12855.923,0.0,0.0,3.0,0.0,428630.766667
1797123,IT,WL,POSTT,PLAST,0.21,12858.67,3,3,12858.67,0.0,0.0,0.0,0.0,61231.761905
1767216,IT,RU,RETA1,TRAN1,0.13,12858.011,3,3,12858.011,0.0,0.0,0.0,0.0,98907.776923
1656258,IT,DE,WEARI,WHOLE,0.1,12857.801,4,4,12857.799,0.0,0.0,0.0,0.002,128578.01
1797386,IT,WL,COMPU,FOOD5,0.15,12857.104,3,3,12857.104,0.0,0.0,0.0,0.0,85714.026667
1682008,IT,HR,BEVER,TEXTI,0.05,12856.264,3,3,12856.264,0.0,0.0,0.0,0.0,257125.28
1768513,IT,AU,FOOD5,GASDI,0.06,12856.228,3,3,12856.228,0.0,0.0,0.0,0.0,214270.466667
1763977,IT,MX,ALUM1,VEGE1,0.02,12856.088,3,3,12856.088,0.0,0.0,0.0,0.0,642804.4
1754101,IT,CA,AIRTR,COPP1,0.01,12855.455,3,3,12855.455,0.0,0.0,0.0,0.0,1285545.5
1770615,IT,AU,POSTT,HEALT,0.21,12855.415,3,3,12855.415,0.0,0.0,0.0,0.0,61216.261905
1783534,IT,NO,OILHA,WOOD1,0.07,12855.124,3,3,12855.124,0.0,0.0,0.0,0.0,183644.628571
1806645,IT,WF,SALEM,HEALT,0.1,12854.824,3,3,12854.824,0.0,0.0,0.0,0.0,128548.24
1712803,IT,LV,AIRTR,FORES,0.01,12854.494,3,3,12854.494,0.0,0.0,0.0,0.0,1285449.4
1652427,IT,CZ,TEXTI,RETAI,0.08,12854.478,4,4,12854.476,0.0,0.0,0.0,0.002,160680.975
1664627,IT,EE,LANDT,WEARI,0.08,12854.439,3,3,12854.439,0.0,0.0,0.0,0.0,160680.4875
1712001,IT,LV,SUGAR,RETA1,0.02,12854.37,3,3,12854.37,0.0,0.0,0.0,0.0,642718.5
1777726,IT,TR,COPP1,PAPE4,0.03,12854.316,3,3,12854.316,0.0,0.0,0.0,0.0,428477.2
1783401,IT,NO,INTER,CRUDE,0.08,12853.773,3,3,12853.773,0.0,0.0,0.0,0.0,160672.1625
1718963,IT,PL,PRINT,COMPU,0.12,12853.573,3,3,12853.573,0.0,0.0,0.0,0.0,107113.108333
1682725,IT,HR,GASDI,MOTO1,0.02,12852.521,3,3,12852.521,0.0,0.0,0.0,0.0,642626.05
1646569,IT,BE,OFFIC,INSUR,0.04,12852.419,3,3,12852.419,0.0,0.0,0.0,0.0,321310.475
1665700,IT,ES,PAPER,CHEMI,0.05,12852.027,3,3,12852.027,0.0,0.0,0.0,0.0,257040.54
1802355,IT,WE,SEACO,LEATH,0.01,12851.384,3,3,12851.384,0.0,0.0,0.0,0.0,1285138.4
1667123,IT,ES,BASIC,DAIRY,0.01,12851.335,3,3,12851.335,0.0,0.0,0.0,0.0,1285133.5
1789186,IT,WA,PLAST,KERO1,0.03,12850.914,3,3,12850.914,0.0,0.0,0.0,0.0,428363.8
1729713,IT,SE,MACHI,FISHF,0.07,12850.362,3,3,12850.362,0.0,0.0,0.0,0.0,183576.6
1796532,IT,WL,RETA1,TRAN1,0.13,12849.84,3,3,12849.84,0.0,0.0,0.0,0.0,98844.923077
1778649,IT,TR,HOTEL,RADIO,0.09,12848.946,3,3,12848.946,0.0,0.0,0.0,0.0,142766.066667
1715183,IT,NL,WOODW,TEXTI,0.04,12848.444,3,3,12848.444,0.0,0.0,0.0,0.0,321211.1
1748769,IT,CN,TEXTI,VEGET,0.08,12847.891,4,4,12847.889,0.0,0.0,0.0,0.002,160598.6375
1803487,IT,WF,VEGE1,CEREA,0.04,12847.212,4,4,12847.209,0.0,0.0,0.0,0.003,321180.3
1764055,IT,MX,FABRI,CROPS,0.05,12846.965,3,3,12846.965,0.0,0.0,0.0,0.0,256939.3
1681440,IT,GR,RENTI,RESEA,0.08,12846.436,3,3,12846.436,0.0,0.0,0.0,0.0,160580.45
1801950,IT,WE,SALEM,POSTT,0.1,12846.036,3,3,12846.036,0.0,0.0,0.0,0.0,128460.36
1648583,IT,BG,CHEMI,CROPS,0.03,12845.773,4,4,12844.773,0.0,0.0,1.0,0.0,428192.433333
1781551,IT,NO,TEXTI,COMPU,0.08,12845.47,4,4,12845.468,0.0,0.0,0.0,0.002,160568.375
1729291,IT,SE,NONME,SANDC,0.03,12845.037,3,3,12845.037,0.0,0.0,0.0,0.0,428167.9
1720213,IT,PL,COPP1,HEALT,0.03,12845.016,3,3,12845.016,0.0,0.0,0.0,0.0,428167.2
1717861,IT,PL,VEGET,BIODI,0.05,12844.605,3,3,12844.605,0.0,0.0,0.0,0.0,256892.1
1719721,IT,PL,NONME,SALEM,0.03,12843.765,3,3,12843.765,0.0,0.0,0.0,0.0,428125.5
1713332,IT,MT,KERO1,COMPU,0.02,12843.34,3,3,12843.34,0.0,0.0,0.0,0.0,642167.0
1730999,IT,SE,FOOD2,BASIC,0.07,12842.896,3,3,12842.896,0.0,0.0,0.0,0.0,183469.942857
1682015,IT,HR,BEVER,PLAST,0.05,12842.406,3,3,12842.406,0.0,0.0,0.0,0.0,256848.12
1641580,IT,AT,HEAVY,INERT,0.02,12842.3,3,3,12842.3,0.0,0.0,0.0,0.0,642115.0
1756435,IT,KR,CONST,CHEM1,0.07,12842.099,3,3,12842.099,0.0,0.0,0.0,0.0,183458.557143
1733654,IT,SI,HOTEL,TRAN2,0.09,12841.576,3,3,12841.576,0.0,0.0,0.0,0.0,142684.177778
1813363,IT,WM,FURNI,NFERT,0.04,12840.699,3,3,12840.699,0.0,0.0,0.0,0.0,321017.475
1711472,IT,LU,TRAN2,CONST,0.02,12840.168,3,3,12840.168,0.0,0.0,0.0,0.0,642008.4
1710331,IT,LT,FURNI,HEALT,0.04,12839.658,3,3,12839.658,0.0,0.0,0.0,0.0,320991.45
1660969,IT,DE,BUSIN,LEAD1,0.13,12839.456,3,3,12839.456,0.0,0.0,0.0,0.0,98765.046154
1716338,IT,NL,FABRI,POSTT,0.05,12839.122,3,3,12839.122,0.0,0.0,0.0,0.0,256782.44
1812216,IT,WM,NONME,NFERT,0.03,12839.101,3,3,12839.101,0.0,0.0,0.0,0.0,427970.033333
1803546,IT,WF,VEGE1,MEMBE,0.04,12838.263,4,4,12838.26,0.0,0.0,0.0,0.003,320956.575
1771470,IT,CH,BEVER,TRANS,0.05,12838.048,3,3,12838.048,0.0,0.0,0.0,0.0,256760.96
1792012,IT,WA,INLAN,MEAT4,0.02,12837.563,3,3,12837.563,0.0,0.0,0.0,0.0,641878.15
1747994,IT,JP,BUSIN,CROPS,0.13,12837.394,3,3,12837.394,0.0,0.0,0.0,0.0,98749.184615
1731570,IT,SI,TEXTI,ELEC4,0.08,12837.341,4,4,12837.339,0.0,0.0,0.0,0.002,160466.7625
1679014,IT,GR,WOODW,MEAT4,0.04,12837.09,3,3,12837.09,0.0,0.0,0.0,0.0,320927.25
1796469,IT,WL,RETA1,BITUM,0.13,12836.17,3,3,12836.17,0.0,0.0,0.0,0.0,98739.769231
1757449,IT,BR,PAPER,MOTOR,0.05,12835.293,3,3,12835.293,0.0,0.0,0.0,0.0,256705.86
1668497,IT,ES,HOTEL,LEATH,0.09,12834.965,3,3,12834.965,0.0,0.0,0.0,0.0,142610.722222
1740736,IT,US,MEATP,HEALT,0.05,12834.938,3,3,12834.938,0.0,0.0,0.0,0.0,256698.76
1712168,IT,LV,LEATH,RETA1,0.09,12834.865,4,4,12834.863,0.0,0.0,0.0,0.002,142609.611111
1734289,IT,SI,BUSIN,DAIRY,0.13,12834.815,3,3,12834.815,0.0,0.0,0.0,0.0,98729.346154
1714838,IT,NL,FOOD5,ELEC2,0.06,12834.154,3,3,12834.154,0.0,0.0,0.0,0.0,213902.566667
1657159,IT,DE,PLAST,MEMBE,0.03,12833.43,3,3,12833.43,0.0,0.0,0.0,0.0,427781.0
1649499,IT,BG,RUBBE,BKBPE,0.04,12833.305,3,3,12833.305,0.0,0.0,0.0,0.0,320832.625
1722381,IT,PT,CHEMI,PLAST,0.03,12832.938,4,4,12831.938,0.0,0.0,1.0,0.0,427764.6
1685629,IT,HU,MOTOR,RAILW,0.02,12831.989,3,3,12831.989,0.0,0.0,0.0,0.0,641599.45
1734667,IT,SK,WEARI,WHOLE,0.1,12831.681,4,4,12831.679,0.0,0.0,0.0,0.002,128316.81
1778569,IT,TR,RETA1,RAILW,0.13,12831.438,3,3,12831.438,0.0,0.0,0.0,0.0,98703.369231
1710079,IT,LT,FABRI,BASIC,0.05,12831.419,3,3,12831.419,0.0,0.0,0.0,0.0,256628.38
1813153,IT,WM,MOTO1,BASIC,0.07,12830.677,3,3,12830.677,0.0,0.0,0.0,0.0,183295.385714
1793286,IT,WA,PRIVA,NONME,2.86,12830.038,4,4,12830.036,0.0,0.0,0.0,0.002,4486.027273
1787978,IT,WA,TEXTI,FORES,0.08,12829.16,4,4,12829.158,0.0,0.0,0.0,0.002,160364.5
1687469,IT,HU,RAILW,SUPPO,0.09,12828.629,3,3,12828.629,0.0,0.0,0.0,0.0,142540.322222
1680474,IT,GR,ELEC5,TRAN1,0.15,12828.304,3,3,12828.304,0.0,0.0,0.0,0.0,85522.026667
1683336,IT,HR,NONME,BASIC,0.03,12828.214,3,3,12828.214,0.0,0.0,0.0,0.0,427607.133333
1725760,IT,RO,PRINT,PFERT,0.12,12828.018,3,3,12828.018,0.0,0.0,0.0,0.0,106900.15
1749576,IT,CN,PLAST,ELEC3,0.03,12827.934,3,3,12827.934,0.0,0.0,0.0,0.0,427597.8
1785795,IT,ZA,CHEM1,FISHF,0.03,12827.892,3,3,12827.892,0.0,0.0,0.0,0.0,427596.4
1736845,IT,SK,BUSIN,BEVER,0.13,12827.358,3,3,12827.358,0.0,0.0,0.0,0.0,98671.984615
1767094,IT,RU,FURNI,ELEC1,0.04,12827.355,3,3,12827.355,0.0,0.0,0.0,0.0,320683.875
1671232,IT,FI,BASIC,PULP5,0.01,12827.26,3,3,12827.26,0.0,0.0,0.0,0.0,1282726.0
1670388,IT,FI,PROCE,FISH5,0.09,12826.786,3,3,12826.786,0.0,0.0,0.0,0.0,142519.844444
1775405,IT,CH,PUBLI,SUPPO,0.21,12826.349,3,3,12826.349,0.0,0.0,0.0,0.0,61077.852381
1773807,IT,CH,ELEC4,WOODW,0.2,12825.773,3,3,12825.773,0.0,0.0,0.0,0.0,64128.865
1652875,IT,CZ,COALT,CERAM,0.02,12825.65,3,3,12825.65,0.0,0.0,0.0,0.0,641282.5
1787583,IT,WA,MEATP,CATTL,0.05,12825.137,3,3,12825.137,0.0,0.0,0.0,0.0,256502.74
1731626,IT,SI,LEATH,CHEM1,0.09,12825.063,4,4,12825.061,0.0,0.0,0.0,0.002,142500.7
1742332,IT,US,CEMEN,SEWAG,0.02,12824.889,3,3,12824.889,0.0,0.0,0.0,0.0,641244.45
1780893,IT,TW,RESEA,CHEM1,0.07,12824.476,3,3,12824.476,0.0,0.0,0.0,0.0,183206.8
1657987,IT,DE,BASIC,FOOD3,0.01,12824.406,3,3,12824.406,0.0,0.0,0.0,0.0,1282440.6
1786931,IT,ZA,AIRTR,RESEA,0.01,12824.406,3,3,12824.406,0.0,0.0,0.0,0.0,1282440.6
1777640,IT,TR,ALUM1,SUPPO,0.02,12824.379,3,3,12824.379,0.0,0.0,0.0,0.0,641218.95
1796711,IT,WL,RAILW,REALE,0.09,12823.8,3,3,12823.8,0.0,0.0,0.0,0.0,142486.666667
1644045,IT,AT,BUSIN,GLASS,0.13,12823.689,3,3,12823.689,0.0,0.0,0.0,0.0,98643.761538
1797639,IT,WL,PAPE1,FOOD5,0.09,12822.921,3,3,12822.921,0.0,0.0,0.0,0.0,142476.9
1671730,IT,FI,SALEM,COLLE,0.1,12822.245,3,3,12822.245,0.0,0.0,0.0,0.0,128222.45
1773642,IT,CH,TRANS,RECRE,0.08,12822.116,3,3,12822.116,0.0,0.0,0.0,0.0,160276.45
1724220,IT,PT,HOTEL,93197,0.09,12821.809,3,3,12821.809,0.0,0.0,0.0,0.0,142464.544444
1744869,IT,US,BUSIN,BITUM,0.13,12821.015,3,3,12821.015,0.0,0.0,0.0,0.0,98623.192308
1738223,IT,GB,BRICK,WHOLE,0.02,12820.247,3,3,12820.247,0.0,0.0,0.0,0.0,641012.35
1806157,IT,WF,FABRI,RETAI,0.05,12819.78,3,3,12819.78,0.0,0.0,0.0,0.0,256395.6
1656869,IT,DE,HEAVY,ADDIT,0.02,12819.637,3,3,12819.637,0.0,0.0,0.0,0.0,640981.85
1779228,IT,TR,POSTT,RENTI,0.21,12819.334,3,3,12819.334,0.0,0.0,0.0,0.0,61044.447619
1709927,IT,LT,BASIC,ALUM1,0.01,12819.217,3,3,12819.217,0.0,0.0,0.0,0.0,1281921.7
1676962,IT,FR,AIRTR,ALUM1,0.01,12818.813,3,3,12818.813,0.0,0.0,0.0,0.0,1281881.3
1716302,IT,NL,FABRI,ADDIT,0.05,12818.237,3,3,12818.237,0.0,0.0,0.0,0.0,256364.74
1747976,IT,JP,RESEA,SEACO,0.07,12817.941,3,3,12817.941,0.0,0.0,0.0,0.0,183113.442857
1789626,IT,WA,RUBBE,TOBAC,0.04,12817.087,3,3,12817.087,0.0,0.0,0.0,0.0,320427.175
1661615,IT,DK,FISH5,FISHF,0.05,12816.28,4,4,12816.273,0.0,0.0,0.0,0.007,256325.6
1751452,IT,CN,AIRTR,CEMEN,0.01,12815.751,3,3,12815.751,0.0,0.0,0.0,0.0,1281575.1
1714923,IT,NL,BEVER,LANDT,0.05,12815.681,3,3,12815.681,0.0,0.0,0.0,0.0,256313.62
1658275,IT,DE,COPP1,CERAM,0.03,12814.841,3,3,12814.841,0.0,0.0,0.0,0.0,427161.366667
1666293,IT,ES,LIQUE,FISH5,0.02,12814.497,3,3,12814.497,0.0,0.0,0.0,0.0,640724.85
1750908,IT,CN,CONST,CHEM1,0.07,12813.809,3,3,12813.809,0.0,0.0,0.0,0.0,183054.414286
1744453,IT,US,AUXIL,RETAI,0.23,12813.726,3,3,12813.726,0.0,0.0,0.0,0.0,55711.852174
1670645,IT,FI,LEATH,RAILW,0.09,12813.453,4,4,12813.451,0.0,0.0,0.0,0.002,142371.7
1814019,IT,WM,SEACO,ELEC1,0.01,12813.432,3,3,12813.432,0.0,0.0,0.0,0.0,1281343.2
1802457,IT,WE,SUPPO,LEATH,0.09,12813.274,3,3,12813.274,0.0,0.0,0.0,0.0,142369.711111
1678803,IT,GR,FOOD5,EDUCA,0.06,12813.198,3,3,12813.198,0.0,0.0,0.0,0.0,213553.3
1766684,IT,RU,FABRI,INLAN,0.05,12812.944,3,3,12812.944,0.0,0.0,0.0,0.0,256258.88
1667598,IT,ES,MACHI,POULT,0.07,12812.902,3,3,12812.902,0.0,0.0,0.0,0.0,183041.457143
1721947,IT,PL,COMPU,MEATP,0.15,12812.752,3,3,12812.752,0.0,0.0,0.0,0.0,85418.346667
1793643,IT,WL,DAIRY,RETAI,0.05,12811.553,3,3,12811.553,0.0,0.0,0.0,0.0,256231.06
1683794,IT,HR,OFFIC,FABRI,0.04,12811.168,3,3,12811.168,0.0,0.0,0.0,0.0,320279.2
1677082,IT,FR,SUPPO,ELEC8,0.09,12809.82,3,3,12809.82,0.0,0.0,0.0,0.0,142331.333333
1718943,IT,PL,PRINT,COLLE,0.12,12809.553,3,3,12809.553,0.0,0.0,0.0,0.0,106746.275
1762025,IT,IN,WHOLE,ELEC8,0.11,12809.536,3,3,12809.536,0.0,0.0,0.0,0.0,116450.327273
1645461,IT,BE,NAPHT,BASIC,0.02,12809.109,3,3,12809.109,0.0,0.0,0.0,0.0,640455.45
1675941,IT,FR,ELEC4,WOODW,0.2,12809.045,3,3,12809.045,0.0,0.0,0.0,0.0,64045.225
1661538,IT,DK,BEVER,MEATA,0.05,12809.023,3,3,12809.023,0.0,0.0,0.0,0.0,256180.46
1726769,IT,RO,SALEM,AIRTR,0.1,12808.989,3,3,12808.989,0.0,0.0,0.0,0.0,128089.89
1724339,IT,PT,SEACO,MEATP,0.01,12807.08,3,3,12807.08,0.0,0.0,0.0,0.0,1280708.0
1659508,IT,DE,RETA1,ELEC1,0.13,12806.778,3,3,12806.778,0.0,0.0,0.0,0.0,98513.676923
1744978,IT,US,BUSIN,SEWAG,0.13,12806.482,3,3,12806.482,0.0,0.0,0.0,0.0,98511.4
1716147,IT,NL,PREC1,REALE,0.02,12806.007,3,3,12806.007,0.0,0.0,0.0,0.0,640300.35
1744586,IT,US,RENTI,POULT,0.08,12805.935,3,3,12805.935,0.0,0.0,0.0,0.0,160074.1875
1758935,IT,BR,RAILW,MOTOR,0.09,12805.461,3,3,12805.461,0.0,0.0,0.0,0.0,142282.9
1715479,IT,NL,KEROS,RETA1,0.02,12804.502,3,3,12804.502,0.0,0.0,0.0,0.0,640225.1
1654518,IT,CZ,HOTEL,ALUM1,0.09,12803.341,3,3,12803.341,0.0,0.0,0.0,0.0,142259.344444
1732105,IT,SI,KERO1,WASTE,0.02,12803.289,3,3,12803.289,0.0,0.0,0.0,0.0,640164.45
1671933,IT,FI,LANDT,BEVER,0.08,12803.033,3,3,12803.033,0.0,0.0,0.0,0.0,160037.9125
1684394,IT,HR,POSTT,FINAN,0.21,12802.869,3,3,12802.869,0.0,0.0,0.0,0.0,60966.042857
1767040,IT,RU,FURNI,OILSE,0.04,12802.79,3,3,12802.79,0.0,0.0,0.0,0.0,320069.75
1781615,IT,NO,WEARI,RESEA,0.1,12801.989,4,4,12801.987,0.0,0.0,0.0,0.002,128019.89
1810008,IT,WM,TEXTI,FORES,0.08,12800.789,4,4,12800.787,0.0,0.0,0.0,0.002,160009.8625
1723561,IT,PT,FABRI,SANDC,0.05,12800.523,3,3,12800.523,0.0,0.0,0.0,0.0,256010.46
1788293,IT,WA,LEATH,ALUM1,0.09,12800.301,4,4,12800.299,0.0,0.0,0.0,0.002,142225.566667
1655605,IT,DE,SANDC,ELEC4,0.03,12800.08,4,4,12797.08,0.0,0.0,3.0,0.0,426669.333333
1673177,IT,FR,BEVER,ELEC6,0.05,12800.045,3,3,12800.045,0.0,0.0,0.0,0.0,256000.9
1769570,IT,AU,COPP1,WOODW,0.03,12800.01,3,3,12800.01,0.0,0.0,0.0,0.0,426667.0
1710967,IT,LU,GLASS,PLAST,0.04,12799.211,3,3,12799.211,0.0,0.0,0.0,0.0,319980.275
1785114,IT,ZA,MEAT4,RECRE,0.07,12799.049,3,3,12799.049,0.0,0.0,0.0,0.0,182843.557143
1750706,IT,CN,MOTO1,RETAI,0.07,12798.402,3,3,12798.402,0.0,0.0,0.0,0.0,182834.314286
1785713,IT,ZA,NAPHT,FABRI,0.02,12797.64,3,3,12797.64,0.0,0.0,0.0,0.0,639882.0
1723438,IT,PT,PREC1,RUBBE,0.02,12797.211,3,3,12797.211,0.0,0.0,0.0,0.0,639860.55
1652913,IT,CZ,KEROS,RESEA,0.02,12797.178,3,3,12797.178,0.0,0.0,0.0,0.0,639858.9
1735494,IT,SK,PREC1,WEARI,0.02,12797.106,3,3,12797.106,0.0,0.0,0.0,0.0,639855.3
1687692,IT,HU,AIRTR,WASTE,0.01,12796.96,3,3,12796.96,0.0,0.0,0.0,0.0,1279696.0
1764882,IT,MX,AIRTR,COPP1,0.01,12796.751,3,3,12796.751,0.0,0.0,0.0,0.0,1279675.1
1756298,IT,KR,MOTO1,COPP1,0.07,12796.377,3,3,12796.377,0.0,0.0,0.0,0.0,182805.385714
1791799,IT,WA,LANDT,NATUR,0.08,12795.979,3,3,12795.979,0.0,0.0,0.0,0.0,159949.7375
1736029,IT,SK,FURNI,WHEAT,0.04,12794.507,3,3,12794.507,0.0,0.0,0.0,0.0,319862.675
1653791,IT,CZ,COPP1,OILHA,0.03,12793.889,3,3,12793.889,0.0,0.0,0.0,0.0,426462.966667
1813937,IT,WM,TRAN2,NAPHT,0.02,12793.361,3,3,12793.361,0.0,0.0,0.0,0.0,639668.05
1729535,IT,SE,COPP1,TEXTI,0.03,12793.265,3,3,12793.265,0.0,0.0,0.0,0.0,426442.166667
1683927,IT,HR,FURNI,EDUCA,0.04,12792.582,3,3,12792.582,0.0,0.0,0.0,0.0,319814.55
1766603,IT,RU,FABRI,COKIN,0.05,12792.084,3,3,12792.084,0.0,0.0,0.0,0.0,255841.68
1765867,IT,RU,NONSP,NAPHT,0.02,12791.82,3,3,12791.82,0.0,0.0,0.0,0.0,639591.0
1774209,IT,CH,RETA1,PFERT,0.13,12791.711,3,3,12791.711,0.0,0.0,0.0,0.0,98397.776923
1810435,IT,WM,PULP5,GLASS,0.04,12790.97,3,3,12790.97,0.0,0.0,0.0,0.0,319774.25
1679255,IT,GR,GASDI,GASDI,0.02,12790.378,3,3,12790.378,0.0,0.0,0.0,0.0,639518.9
1764405,IT,MX,MOTO1,REALE,0.07,12790.334,3,3,12790.334,0.0,0.0,0.0,0.0,182719.057143
1642187,IT,AT,BRICK,MACHI,0.02,12788.041,3,3,12788.041,0.0,0.0,0.0,0.0,639402.05
1728057,IT,SE,MEATC,BUSIN,0.04,12787.78,3,3,12787.78,0.0,0.0,0.0,0.0,319694.5
1776240,IT,TR,PULP5,MEATC,0.04,12786.644,3,3,12786.644,0.0,0.0,0.0,0.0,319666.1
1778288,IT,TR,SALEM,COKEO,0.1,12786.573,3,3,12786.573,0.0,0.0,0.0,0.0,127865.73
1755253,IT,KR,PAPER,WEARI,0.05,12786.157,3,3,12786.157,0.0,0.0,0.0,0.0,255723.14
1813559,IT,WM,WHOLE,PLAST,0.11,12786.149,3,3,12786.149,0.0,0.0,0.0,0.0,116237.718182
1800415,IT,WE,ADDIT,NATUR,0.03,12785.918,3,3,12785.918,0.0,0.0,0.0,0.0,426197.266667
1688271,IT,IE,MEATA,FOOD5,0.07,12785.849,4,4,12785.847,0.0,0.0,0.0,0.002,182654.985714
1753192,IT,CA,GLASS,NONF1,0.04,12785.647,3,3,12785.647,0.0,0.0,0.0,0.0,319641.175
1737722,IT,GB,GASDI,CONST,0.02,12785.581,3,3,12785.581,0.0,0.0,0.0,0.0,639279.05
1764698,IT,MX,HOTEL,TOBAC,0.09,12785.294,3,3,12785.294,0.0,0.0,0.0,0.0,142058.822222
1653119,IT,CZ,CHEM1,NONSP,0.03,12784.435,3,3,12784.435,0.0,0.0,0.0,0.0,426147.833333
1758715,IT,BR,RETAI,CONST,0.1,12783.939,3,3,12783.939,0.0,0.0,0.0,0.0,127839.39
1717336,IT,NL,FINAN,COPP1,0.17,12783.127,3,3,12783.127,0.0,0.0,0.0,0.0,75194.864706
1723811,IT,PT,MOTO1,RAWMI,0.07,12782.617,3,3,12782.617,0.0,0.0,0.0,0.0,182608.814286
1807939,IT,WF,PLAS1,MOTOR,0.05,12781.16,3,3,12781.16,0.0,0.0,0.0,0.0,255623.2
1645837,IT,BE,GLASS,VEGE1,0.04,12781.078,3,3,12781.078,0.0,0.0,0.0,0.0,319526.95
1790983,IT,WA,MOTO1,CHARC,0.07,12781.075,3,3,12781.075,0.0,0.0,0.0,0.0,182586.785714
1715243,IT,NL,PAPER,CEREA,0.05,12780.57,3,3,12780.57,0.0,0.0,0.0,0.0,255611.4
1798807,IT,WE,FOOD5,LEAD1,0.06,12780.437,3,3,12780.437,0.0,0.0,0.0,0.0,213007.283333
1734921,IT,SK,PRINT,BUSIN,0.12,12776.959,3,3,12776.959,0.0,0.0,0.0,0.0,106474.658333
1650997,IT,BG,SUPPO,SALEM,0.09,12776.869,3,3,12776.869,0.0,0.0,0.0,0.0,141965.211111
1779697,IT,TR,RESEA,COMPU,0.07,12776.361,3,3,12776.361,0.0,0.0,0.0,0.0,182519.442857
1670976,IT,FI,CHEM1,RAILW,0.03,12776.34,3,3,12776.34,0.0,0.0,0.0,0.0,425878.0
1722415,IT,PT,MEAT1,LIQUE,0.06,12775.874,4,4,12775.872,0.0,0.0,0.0,0.002,212931.233333
1674468,IT,FR,BIODI,FABRI,0.03,12773.788,3,3,12773.788,0.0,0.0,0.0,0.0,425792.933333
1789554,IT,WA,BIOGA,CRUDE,0.03,12773.681,3,3,12773.681,0.0,0.0,0.0,0.0,425789.366667
1656880,IT,DE,HEAVY,COPP1,0.02,12773.49,3,3,12773.49,0.0,0.0,0.0,0.0,638674.5
1713780,IT,MT,MOTO1,FINAN,0.07,12773.42,3,3,12773.42,0.0,0.0,0.0,0.0,182477.428571
1784119,IT,ID,WOODW,REALE,0.04,12772.841,3,3,12772.841,0.0,0.0,0.0,0.0,319321.025
1676420,IT,FR,WHOLE,WASTE,0.11,12772.41,3,3,12772.41,0.0,0.0,0.0,0.0,116112.818182
1812956,IT,WM,MACHI,REFIN,0.07,12771.936,3,3,12771.936,0.0,0.0,0.0,0.0,182456.228571
1718919,IT,PL,PRINT,CERAM,0.12,12771.301,3,3,12771.301,0.0,0.0,0.0,0.0,106427.508333
1730242,IT,SE,SEACO,FISHF,0.01,12770.925,3,3,12770.925,0.0,0.0,0.0,0.0,1277092.5
1774646,IT,CH,AIRTR,GLASS,0.01,12770.861,3,3,12770.861,0.0,0.0,0.0,0.0,1277086.1
1751500,IT,CN,SUPPO,NATUR,0.09,12769.762,3,3,12769.762,0.0,0.0,0.0,0.0,141886.244444
1765338,IT,RU,FOOD5,BRICK,0.06,12769.409,3,3,12769.409,0.0,0.0,0.0,0.0,212823.483333
1794727,IT,WL,BITU1,KEROS,0.02,12769.292,3,3,12769.292,0.0,0.0,0.0,0.0,638464.6
1753958,IT,CA,LANDT,PAPER,0.08,12768.794,3,3,12768.794,0.0,0.0,0.0,0.0,159609.925
1673205,IT,FR,BEVER,INTER,0.05,12768.668,3,3,12768.668,0.0,0.0,0.0,0.0,255373.36
1751164,IT,CN,HOTEL,NICKE,0.09,12768.42,3,3,12768.42,0.0,0.0,0.0,0.0,141871.333333
1710416,IT,LT,RAILW,SUPPO,0.09,12768.089,3,3,12768.089,0.0,0.0,0.0,0.0,141867.655556
1719040,IT,PL,HEAVY,CHEM1,0.02,12767.948,3,3,12767.948,0.0,0.0,0.0,0.0,638397.4
1747191,IT,JP,CONST,LANDT,0.07,12767.652,3,3,12767.652,0.0,0.0,0.0,0.0,182395.028571
1716006,IT,NL,CEMEN,SANDC,0.02,12767.134,3,3,12767.134,0.0,0.0,0.0,0.0,638356.7
1768320,IT,AU,CHEMI,CHEM1,0.03,12766.774,4,4,12765.774,0.0,0.0,1.0,0.0,425559.133333
1760347,IT,IN,SANDC,RETA1,0.03,12766.215,4,4,12763.215,0.0,0.0,3.0,0.0,425540.5
1727627,IT,RO,RENTI,NATUR,0.08,12765.897,3,3,12765.897,0.0,0.0,0.0,0.0,159573.7125
1683099,IT,HR,RUBBE,ALUM1,0.04,12765.816,3,3,12765.816,0.0,0.0,0.0,0.0,319145.4
1720216,IT,PL,COPP1,WOOD1,0.03,12765.666,3,3,12765.666,0.0,0.0,0.0,0.0,425522.2
1659932,IT,DE,TRAN2,BIOG1,0.02,12765.065,3,3,12765.065,0.0,0.0,0.0,0.0,638253.25
1643635,IT,AT,AIRTR,ELEC5,0.01,12764.752,3,3,12764.752,0.0,0.0,0.0,0.0,1276475.2
1731466,IT,SI,BEVER,MACHI,0.05,12764.726,3,3,12764.726,0.0,0.0,0.0,0.0,255294.52
1654268,IT,CZ,FURNI,FABRI,0.04,12764.628,3,3,12764.628,0.0,0.0,0.0,0.0,319115.7
1760898,IT,IN,GASDI,SEACO,0.02,12764.475,3,3,12764.475,0.0,0.0,0.0,0.0,638223.75
1789792,IT,WA,GLASS,RENTI,0.04,12764.137,3,3,12764.137,0.0,0.0,0.0,0.0,319103.425
1779496,IT,TR,RENTI,RADIO,0.08,12763.884,3,3,12763.884,0.0,0.0,0.0,0.0,159548.55
1803792,IT,WF,TEXTI,DAIRY,0.08,12763.521,4,4,12763.519,0.0,0.0,0.0,0.002,159544.0125
1788589,IT,WA,PAPER,AIRTR,0.05,12763.079,3,3,12763.079,0.0,0.0,0.0,0.0,255261.58
1773960,IT,CH,SALEM,TRAN1,0.1,12762.254,3,3,12762.254,0.0,0.0,0.0,0.0,127622.54
1662175,IT,DK,RUBBE,TRAN2,0.04,12761.997,3,3,12761.997,0.0,0.0,0.0,0.0,319049.925
1655175,IT,CZ,BUSIN,STEAM,0.13,12761.327,3,3,12761.327,0.0,0.0,0.0,0.0,98164.053846
1779965,IT,TW,CONST,RECRE,0.07,12761.327,3,3,12761.327,0.0,0.0,0.0,0.0,182304.671429
1757179,IT,BR,CHEMI,93197,0.03,12760.537,4,4,12759.537,0.0,0.0,1.0,0.0,425351.233333
1802707,IT,WE,COMPU,SUPPO,0.15,12759.563,3,3,12759.563,0.0,0.0,0.0,0.0,85063.753333
1678818,IT,GR,BEVER,MEAT4,0.05,12759.492,3,3,12759.492,0.0,0.0,0.0,0.0,255189.84
1689133,IT,IE,SALEM,PREC1,0.1,12758.787,3,3,12758.787,0.0,0.0,0.0,0.0,127587.87
1645429,IT,BE,LIQUE,MACHI,0.02,12758.518,3,3,12758.518,0.0,0.0,0.0,0.0,637925.9
1715202,IT,NL,WOODW,ALUM1,0.04,12758.277,3,3,12758.277,0.0,0.0,0.0,0.0,318956.925
1790426,IT,WA,LEAD1,TRANS,0.02,12758.234,3,3,12758.234,0.0,0.0,0.0,0.0,637911.7
1786928,IT,ZA,AIRTR,FINAN,0.01,12758.101,3,3,12758.101,0.0,0.0,0.0,0.0,1275810.1
1790276,IT,WA,ALUM1,POULT,0.02,12757.543,3,3,12757.543,0.0,0.0,0.0,0.0,637877.15
1793922,IT,WL,LEATH,MEAT1,0.09,12757.441,4,4,12757.439,0.0,0.0,0.0,0.002,141749.344444
1787415,IT,WA,FISHF,RETA1,0.02,12757.419,3,3,12757.419,0.0,0.0,0.0,0.0,637870.95
1765479,IT,RU,WEARI,MEATP,0.1,12757.252,4,4,12757.25,0.0,0.0,0.0,0.002,127572.52
1676360,IT,FR,WHOLE,MEAT1,0.11,12757.072,3,3,12757.072,0.0,0.0,0.0,0.0,115973.381818
1755439,IT,KR,NAPHT,CHEM1,0.02,12756.841,3,3,12756.841,0.0,0.0,0.0,0.0,637842.05
1751502,IT,CN,SUPPO,PRECI,0.09,12756.75,3,3,12756.75,0.0,0.0,0.0,0.0,141741.666667
1768167,IT,RU,PUBLI,OFFIC,0.21,12756.416,3,3,12756.416,0.0,0.0,0.0,0.0,60744.838095
1808522,IT,WF,PAPE4,MEATA,0.08,12756.222,3,3,12756.222,0.0,0.0,0.0,0.0,159452.775
1689241,IT,IE,WHOLE,WEARI,0.11,12755.347,3,3,12755.347,0.0,0.0,0.0,0.0,115957.7
1663223,IT,DK,TRAN2,SECO9,0.02,12755.147,3,3,12755.147,0.0,0.0,0.0,0.0,637757.35
1795574,IT,WL,COPP1,MOTO1,0.03,12754.935,3,3,12754.935,0.0,0.0,0.0,0.0,425164.5
1804829,IT,WF,NAPHT,RAILW,0.02,12754.85,3,3,12754.85,0.0,0.0,0.0,0.0,637742.5
1687617,IT,HU,TRAN2,PAPE4,0.02,12754.481,3,3,12754.481,0.0,0.0,0.0,0.0,637724.05
1757678,IT,BR,HEAVY,BRICK,0.02,12754.479,3,3,12754.479,0.0,0.0,0.0,0.0,637723.95
1795324,IT,WL,NONME,HEAVY,0.03,12753.917,3,3,12753.917,0.0,0.0,0.0,0.0,425130.566667
1754405,IT,CA,RENTI,BASIC,0.08,12752.733,3,3,12752.733,0.0,0.0,0.0,0.0,159409.1625
1709837,IT,LT,RUBBE,FOOD2,0.04,12751.752,3,3,12751.752,0.0,0.0,0.0,0.0,318793.8
1753776,IT,CA,FURNI,LANDT,0.04,12750.709,3,3,12750.709,0.0,0.0,0.0,0.0,318767.725
1650467,IT,BG,ELEC5,PFERT,0.15,12750.462,3,3,12750.462,0.0,0.0,0.0,0.0,85003.08
1655593,IT,DE,SANDC,COPP1,0.03,12750.351,4,4,12747.351,0.0,0.0,3.0,0.0,425011.7
1659723,IT,DE,RAILW,ELEC1,0.09,12750.344,3,3,12750.344,0.0,0.0,0.0,0.0,141670.488889
1667649,IT,ES,MACHI,NONSP,0.07,12749.48,3,3,12749.48,0.0,0.0,0.0,0.0,182135.428571
1688657,IT,IE,CHEM1,WOOLS,0.03,12749.275,3,3,12749.275,0.0,0.0,0.0,0.0,424975.833333
1743003,IT,US,OFFIC,KEROS,0.04,12748.692,3,3,12748.692,0.0,0.0,0.0,0.0,318717.3
1751105,IT,CN,RETA1,GLASS,0.13,12748.37,3,3,12748.37,0.0,0.0,0.0,0.0,98064.384615
1756467,IT,KR,CONST,AIRTR,0.07,12747.787,3,3,12747.787,0.0,0.0,0.0,0.0,182111.242857
1790618,IT,WA,FABRI,STONE,0.05,12747.372,3,3,12747.372,0.0,0.0,0.0,0.0,254947.44
1668315,IT,ES,WHOLE,TRAN1,0.11,12747.31,3,3,12747.31,0.0,0.0,0.0,0.0,115884.636364
1689603,IT,IE,AIRTR,REALE,0.01,12746.962,3,3,12746.962,0.0,0.0,0.0,0.0,1274696.2
1762393,IT,IN,POSTT,BASIC,0.21,12745.684,3,3,12745.684,0.0,0.0,0.0,0.0,60693.733333
1737822,IT,GB,BITU1,COMPU,0.02,12745.613,3,3,12745.613,0.0,0.0,0.0,0.0,637280.65
1715331,IT,NL,PAPER,WASTE,0.05,12745.465,3,3,12745.465,0.0,0.0,0.0,0.0,254909.3
1755721,IT,KR,GLASS,TEXTI,0.03,12745.21,3,3,12745.21,0.0,0.0,0.0,0.0,424840.333333
1787270,IT,WA,VEGET,BIOG1,0.05,12744.784,3,3,12744.784,0.0,0.0,0.0,0.0,254895.68
1648713,IT,BG,FOOD5,PFERT,0.06,12744.156,3,3,12744.156,0.0,0.0,0.0,0.0,212402.6
1665569,IT,ES,LEATH,DIST1,0.09,12743.262,4,4,12743.26,0.0,0.0,0.0,0.002,141591.8
1799006,IT,WE,TEXTI,SUGA1,0.08,12742.313,4,4,12742.311,0.0,0.0,0.0,0.002,159278.9125
1795378,IT,WL,BASIC,LEATH,0.01,12742.303,3,3,12742.303,0.0,0.0,0.0,0.0,1274230.3
1652068,IT,CZ,STONE,MOTOR,0.04,12741.465,4,4,12740.465,0.0,0.0,1.0,0.0,318536.625
1779165,IT,TR,POSTT,WOODW,0.21,12741.088,3,3,12741.088,0.0,0.0,0.0,0.0,60671.847619
1722038,IT,PL,RESEA,COMPU,0.07,12740.961,3,3,12740.961,0.0,0.0,0.0,0.0,182013.728571
1757077,IT,KR,BUSIN,HOTEL,0.13,12740.523,3,3,12740.523,0.0,0.0,0.0,0.0,98004.023077
1645270,IT,BE,MOTOR,NONSP,0.02,12739.295,3,3,12739.295,0.0,0.0,0.0,0.0,636964.75
1716275,IT,NL,FABRI,FORES,0.05,12738.597,3,3,12738.597,0.0,0.0,0.0,0.0,254771.94
1811680,IT,WM,CHEM1,INLAN,0.03,12738.075,3,3,12738.075,0.0,0.0,0.0,0.0,424602.5
1764485,IT,MX,CONST,WEARI,0.07,12737.761,3,3,12737.761,0.0,0.0,0.0,0.0,181968.014286
1682390,IT,HR,PAPER,POULT,0.05,12736.966,3,3,12736.966,0.0,0.0,0.0,0.0,254739.32
1735269,IT,SK,GLASS,GASDI,0.03,12736.773,3,3,12736.773,0.0,0.0,0.0,0.0,424559.1
1742191,IT,US,GLASS,DIST1,0.03,12736.649,3,3,12736.649,0.0,0.0,0.0,0.0,424554.966667
1735875,IT,SK,OFFIC,COKEO,0.04,12736.314,3,3,12736.314,0.0,0.0,0.0,0.0,318407.85
1728084,IT,SE,MEAT4,LANDT,0.07,12735.661,3,3,12735.661,0.0,0.0,0.0,0.0,181938.014286
1745615,IT,JP,TEXTI,ANIMA,0.08,12735.156,4,4,12735.154,0.0,0.0,0.0,0.002,159189.45
1676281,IT,FR,SALEM,PAPE1,0.1,12734.486,3,3,12734.486,0.0,0.0,0.0,0.0,127344.86
1676914,IT,FR,SEACO,BUSIN,0.01,12733.765,3,3,12733.765,0.0,0.0,0.0,0.0,1273376.5
1776020,IT,TR,TEXTI,PRINT,0.08,12733.522,4,4,12733.52,0.0,0.0,0.0,0.002,159169.025
1730240,IT,SE,TRAN2,INSUR,0.02,12733.516,3,3,12733.516,0.0,0.0,0.0,0.0,636675.8
1760871,IT,IN,GASDI,BITUM,0.02,12732.977,3,3,12732.977,0.0,0.0,0.0,0.0,636648.85
1663147,IT,DK,LANDT,SUGA1,0.08,12732.353,3,3,12732.353,0.0,0.0,0.0,0.0,159154.4125
1680925,IT,GR,LANDT,MEMBE,0.08,12732.168,3,3,12732.168,0.0,0.0,0.0,0.0,159152.1
1749102,IT,CN,WOODW,GASDI,0.04,12732.034,3,3,12732.034,0.0,0.0,0.0,0.0,318300.85
1791423,IT,WA,WHOLE,FISH5,0.11,12731.941,3,3,12731.941,0.0,0.0,0.0,0.0,115744.918182
1734533,IT,SK,DAIRY,HEALT,0.05,12731.776,3,3,12731.776,0.0,0.0,0.0,0.0,254635.52
1659470,IT,DE,RETA1,NATUR,0.13,12731.693,3,3,12731.693,0.0,0.0,0.0,0.0,97936.1
1732962,IT,SI,ALUM1,STEAM,0.02,12731.08,3,3,12731.08,0.0,0.0,0.0,0.0,636554.0
1740184,IT,GB,BUSIN,PRECI,0.13,12730.947,3,3,12730.947,0.0,0.0,0.0,0.0,97930.361538
1683469,IT,HR,PREC1,CERAM,0.02,12730.622,3,3,12730.622,0.0,0.0,0.0,0.0,636531.1
1762965,IT,MX,DAIRY,MEATP,0.05,12730.601,3,3,12730.601,0.0,0.0,0.0,0.0,254612.02
1800589,IT,WE,GLASS,SUGA1,0.03,12730.15,3,3,12730.15,0.0,0.0,0.0,0.0,424338.333333
1788913,IT,WA,HEAVY,POULT,0.02,12729.252,3,3,12729.252,0.0,0.0,0.0,0.0,636462.6
1738357,IT,GB,PREC1,FOOD5,0.02,12729.062,3,3,12729.062,0.0,0.0,0.0,0.0,636453.1
1654637,IT,CZ,LANDT,WEARI,0.08,12728.264,3,3,12728.264,0.0,0.0,0.0,0.0,159103.3
1710649,IT,LU,MEAT4,WHOLE,0.07,12728.196,3,3,12728.196,0.0,0.0,0.0,0.0,181831.371429
1744558,IT,US,REALE,AIRTR,0.54,12727.966,3,3,12727.966,0.0,0.0,0.0,0.0,23570.307407
1740897,IT,US,PROCE,CHEM1,0.09,12727.895,3,3,12727.895,0.0,0.0,0.0,0.0,141421.055556
1715002,IT,NL,TOBAC,RESEA,0.05,12727.523,3,3,12727.523,0.0,0.0,0.0,0.0,254550.46
1710930,IT,LU,PLAST,MACHI,0.03,12726.93,3,3,12726.93,0.0,0.0,0.0,0.0,424231.0
1746240,IT,JP,CHEM1,NUCLE,0.03,12726.769,3,3,12726.769,0.0,0.0,0.0,0.0,424225.633333
1797295,IT,WL,AUXIL,CRUDE,0.23,12726.556,3,3,12726.556,0.0,0.0,0.0,0.0,55332.852174
1780220,IT,TW,RAILW,FURNI,0.09,12725.473,3,3,12725.473,0.0,0.0,0.0,0.0,141394.144444
1666929,IT,ES,CERAM,SANDC,0.02,12725.21,3,3,12725.21,0.0,0.0,0.0,0.0,636260.5
1760124,IT,BR,FOOD2,BUSIN,0.07,12724.769,3,3,12724.769,0.0,0.0,0.0,0.0,181782.414286
1642602,IT,AT,FABRI,FISH5,0.05,12724.513,3,3,12724.513,0.0,0.0,0.0,0.0,254490.26
1755490,IT,KR,PLAST,93197,0.03,12724.353,3,3,12724.353,0.0,0.0,0.0,0.0,424145.1
1714508,IT,NL,CRUDE,PULP5,0.03,12723.701,3,3,12723.701,0.0,0.0,0.0,0.0,424123.366667
1725768,IT,RO,PRINT,COPP1,0.12,12722.858,3,3,12722.858,0.0,0.0,0.0,0.0,106023.816667
1732173,IT,SI,GASDI,AIRTR,0.02,12722.506,3,3,12722.506,0.0,0.0,0.0,0.0,636125.3
1786640,IT,ZA,WHOLE,FOOD5,0.11,12722.107,3,3,12722.107,0.0,0.0,0.0,0.0,115655.518182
1806533,IT,WF,FURNI,NONFE,0.04,12722.059,3,3,12722.059,0.0,0.0,0.0,0.0,318051.475
1813764,IT,WM,HOTEL,COLLE,0.09,12720.503,3,3,12720.503,0.0,0.0,0.0,0.0,141338.922222
1754975,IT,KR,TEXTI,TRAN2,0.08,12720.324,4,4,12720.322,0.0,0.0,0.0,0.002,159004.05
1746039,IT,JP,PAPER,POSTT,0.05,12720.14,3,3,12720.14,0.0,0.0,0.0,0.0,254402.8
1740522,IT,GB,RECRE,HOTEL,0.16,12719.922,3,3,12719.922,0.0,0.0,0.0,0.0,79499.5125
1652453,IT,CZ,WEARI,OILSE,0.1,12719.871,4,4,12719.869,0.0,0.0,0.0,0.002,127198.71
1655909,IT,DE,PROCE,MEAT1,0.09,12719.463,3,3,12719.463,0.0,0.0,0.0,0.0,141327.366667
1683722,IT,HR,MACHI,PAPER,0.07,12718.797,3,3,12718.797,0.0,0.0,0.0,0.0,181697.1
1683502,IT,HR,PREC1,PAPE4,0.02,12718.786,3,3,12718.786,0.0,0.0,0.0,0.0,635939.3
1808533,IT,WF,PAPE4,LEADZ,0.08,12718.682,3,3,12718.682,0.0,0.0,0.0,0.0,158983.525
1782585,IT,NO,TRANS,RESEA,0.08,12717.976,3,3,12717.976,0.0,0.0,0.0,0.0,158974.7
1768194,IT,RU,PUBLI,RENTI,0.21,12717.588,3,3,12717.588,0.0,0.0,0.0,0.0,60559.942857
1664415,IT,EE,MACHI,COPP1,0.07,12717.242,3,3,12717.242,0.0,0.0,0.0,0.0,181674.885714
1799533,IT,WE,PRINT,LEATH,0.12,12715.795,3,3,12715.795,0.0,0.0,0.0,0.0,105964.958333
1813090,IT,WM,MOTO1,PADDY,0.07,12715.475,3,3,12715.475,0.0,0.0,0.0,0.0,181649.642857
1751278,IT,CN,HOTEL,PLAS2,0.09,12714.917,3,3,12714.917,0.0,0.0,0.0,0.0,141276.855556
1719088,IT,PL,PETRO,NONME,0.02,12714.846,3,3,12714.846,0.0,0.0,0.0,0.0,635742.3
1735433,IT,SK,BASIC,BIODI,0.01,12714.587,3,3,12714.587,0.0,0.0,0.0,0.0,1271458.7
1712621,IT,LV,OFFIC,RENTI,0.04,12714.401,3,3,12714.401,0.0,0.0,0.0,0.0,317860.025
1775370,IT,CH,PUBLI,WOODW,0.21,12714.232,3,3,12714.232,0.0,0.0,0.0,0.0,60543.961905
1798405,IT,WE,NATUR,PIGS9,0.02,12714.188,3,3,12714.188,0.0,0.0,0.0,0.0,635709.4
1806968,IT,WF,LANDT,FOOD5,0.08,12714.042,3,3,12714.042,0.0,0.0,0.0,0.0,158925.525
1646551,IT,BE,OFFIC,COPP1,0.04,12713.876,3,3,12713.876,0.0,0.0,0.0,0.0,317846.9
1641849,IT,AT,BIOGA,MOTOR,0.03,12713.277,3,3,12713.277,0.0,0.0,0.0,0.0,423775.9
1651203,IT,BG,BUSIN,CONST,0.13,12712.516,3,3,12712.516,0.0,0.0,0.0,0.0,97788.584615
1760129,IT,BR,FOOD2,RECRE,0.07,12712.128,3,3,12712.128,0.0,0.0,0.0,0.0,181601.828571
1661694,IT,DK,WEARI,MACHI,0.1,12711.747,4,4,12711.745,0.0,0.0,0.0,0.002,127117.47
1801438,IT,WE,MOTO1,PEAT2,0.07,12711.174,3,3,12711.174,0.0,0.0,0.0,0.0,181588.2
1683570,IT,HR,COPP1,PAPER,0.03,12711.038,3,3,12711.038,0.0,0.0,0.0,0.0,423701.266667
1733789,IT,SI,LANDT,COLLE,0.08,12710.95,3,3,12710.95,0.0,0.0,0.0,0.0,158886.875
1771573,IT,CH,TEXTI,ELEC4,0.08,12710.075,4,4,12710.073,0.0,0.0,0.0,0.002,158875.9375
1650970,IT,BG,SUPPO,FOOD5,0.09,12709.68,3,3,12709.68,0.0,0.0,0.0,0.0,141218.666667
1734980,IT,SK,PARAF,HEAVY,0.02,12707.247,3,3,12707.247,0.0,0.0,0.0,0.0,635362.35
1797944,IT,WL,FOOD4,RETA1,0.09,12707.009,3,3,12707.009,0.0,0.0,0.0,0.0,141188.988889
1717432,IT,NL,INSUR,POSTT,0.26,12705.309,3,3,12705.309,0.0,0.0,0.0,0.0,48866.573077
1652064,IT,CZ,FISHF,REALE,0.02,12705.282,3,3,12705.282,0.0,0.0,0.0,0.0,635264.1
1760877,IT,IN,GASDI,FISH5,0.02,12705.05,3,3,12705.05,0.0,0.0,0.0,0.0,635252.5
1777107,IT,TR,CHEM1,FOOD3,0.03,12704.606,3,3,12704.606,0.0,0.0,0.0,0.0,423486.866667
1777773,IT,TR,FABRI,COPPE,0.05,12704.134,3,3,12704.134,0.0,0.0,0.0,0.0,254082.68
1678789,IT,GR,FOOD5,ELEC1,0.06,12704.102,3,3,12704.102,0.0,0.0,0.0,0.0,211735.033333
1753116,IT,CA,RUBBE,CEMEN,0.04,12703.604,3,3,12703.604,0.0,0.0,0.0,0.0,317590.1
1744111,IT,US,SUPPO,NONME,0.09,12703.452,3,3,12703.452,0.0,0.0,0.0,0.0,141149.466667
1807077,IT,WF,SEACO,PRINT,0.01,12702.607,3,3,12702.607,0.0,0.0,0.0,0.0,1270260.7
1772277,IT,CH,NAPHT,MACHI,0.02,12702.475,3,3,12702.475,0.0,0.0,0.0,0.0,635123.75
1666190,IT,ES,HEAVY,CHEMI,0.02,12702.355,3,3,12702.355,0.0,0.0,0.0,0.0,635117.75
1763888,IT,MX,NONME,BUSIN,0.03,12702.046,3,3,12702.046,0.0,0.0,0.0,0.0,423401.533333
1794040,IT,WL,PULP5,OFFIC,0.04,12701.727,3,3,12701.727,0.0,0.0,0.0,0.0,317543.175
1771659,IT,CH,WEARI,OFFIC,0.1,12701.15,4,4,12701.148,0.0,0.0,0.0,0.002,127011.5
1719515,IT,PL,GLASS,HEAVY,0.03,12700.465,3,3,12700.465,0.0,0.0,0.0,0.0,423348.833333
1709785,IT,LT,RUBBE,PULP5,0.04,12700.094,3,3,12700.094,0.0,0.0,0.0,0.0,317502.35
1723456,IT,PT,ALUM1,TOBAC,0.02,12699.929,3,3,12699.929,0.0,0.0,0.0,0.0,634996.45
1652901,IT,CZ,KEROS,COLLE,0.02,12699.637,3,3,12699.637,0.0,0.0,0.0,0.0,634981.85
1767473,IT,RU,SEACO,PROCE,0.01,12699.24,3,3,12699.24,0.0,0.0,0.0,0.0,1269924.0
1805246,IT,WF,CHEM1,RETAI,0.03,12697.651,3,3,12697.651,0.0,0.0,0.0,0.0,423255.033333
1718014,IT,PL,CHEMI,BIOGA,0.03,12697.244,4,4,12696.244,0.0,0.0,1.0,0.0,423241.466667
1794651,IT,WL,NAPHT,SUGA1,0.02,12696.348,3,3,12696.348,0.0,0.0,0.0,0.0,634817.4
1737236,IT,GB,SUGA1,BEVER,0.03,12696.261,4,4,12696.259,0.0,0.0,0.0,0.002,423208.7
1675803,IT,FR,FURNI,FOOD1,0.04,12696.208,3,3,12696.208,0.0,0.0,0.0,0.0,317405.2
1751453,IT,CN,AIRTR,NONME,0.01,12695.546,3,3,12695.546,0.0,0.0,0.0,0.0,1269554.6
1655284,IT,DE,CEREA,CEREA,0.02,12693.886,3,3,12693.886,0.0,0.0,0.0,0.0,634694.3
1677860,IT,FR,BUSIN,TOBAC,0.13,12693.53,3,3,12693.53,0.0,0.0,0.0,0.0,97642.538462
1710133,IT,LT,MACHI,VEGE1,0.07,12693.439,3,3,12693.439,0.0,0.0,0.0,0.0,181334.842857
1792780,IT,WA,BUSIN,RENTI,0.13,12690.993,3,3,12690.993,0.0,0.0,0.0,0.0,97623.023077
1763073,IT,MX,TEXTI,SALEM,0.08,12690.053,4,4,12690.051,0.0,0.0,0.0,0.002,158625.6625
1679341,IT,GR,NONSP,PLAST,0.02,12689.458,3,3,12689.458,0.0,0.0,0.0,0.0,634472.9
1756037,IT,KR,FABRI,POULT,0.05,12689.401,3,3,12689.401,0.0,0.0,0.0,0.0,253788.02
1755689,IT,KR,RUBBE,RAILW,0.04,12688.85,3,3,12688.85,0.0,0.0,0.0,0.0,317221.25
1746872,IT,JP,MACHI,MEMBE,0.07,12688.297,3,3,12688.297,0.0,0.0,0.0,0.0,181261.385714
1690356,IT,IE,FOOD3,HEALT,0.04,12688.023,3,3,12688.023,0.0,0.0,0.0,0.0,317200.575
1723102,IT,PT,CHEM1,ELEC1,0.03,12686.998,3,3,12686.998,0.0,0.0,0.0,0.0,422899.933333
1685419,IT,HU,WOODW,POULT,0.04,12686.867,3,3,12686.867,0.0,0.0,0.0,0.0,317171.675
1766320,IT,RU,NONME,BRICK,0.03,12686.369,3,3,12686.369,0.0,0.0,0.0,0.0,422878.966667
1768674,IT,AU,TEXTI,OFFIC,0.08,12686.22,4,4,12686.218,0.0,0.0,0.0,0.002,158577.75
1655250,IT,CZ,93197,BRICK,0.09,12685.427,3,3,12685.427,0.0,0.0,0.0,0.0,140949.188889
1646786,IT,BE,SALEM,DAIRY,0.1,12684.802,3,3,12684.802,0.0,0.0,0.0,0.0,126848.02
1767052,IT,RU,FURNI,DAIRY,0.04,12683.114,3,3,12683.114,0.0,0.0,0.0,0.0,317077.85
1651365,IT,CY,PAPER,HOTEL,0.05,12683.04,3,3,12683.04,0.0,0.0,0.0,0.0,253660.8
1661994,IT,DK,PLAST,NATUR,0.03,12682.917,3,3,12682.917,0.0,0.0,0.0,0.0,422763.9
1777001,IT,TR,CHEM1,NATUR,0.03,12682.907,3,3,12682.907,0.0,0.0,0.0,0.0,422763.566667
1640484,IT,AT,DAIRY,AIRTR,0.05,12682.285,3,3,12682.285,0.0,0.0,0.0,0.0,253645.7
1795479,IT,WL,PREC1,EDUCA,0.02,12682.238,3,3,12682.238,0.0,0.0,0.0,0.0,634111.9
1657784,IT,DE,NONME,PRINT,0.03,12682.075,3,3,12682.075,0.0,0.0,0.0,0.0,422735.833333
1751571,IT,CN,POSTT,CERAM,0.21,12681.246,3,3,12681.246,0.0,0.0,0.0,0.0,60386.885714
1775881,IT,TR,PROCE,LEADZ,0.09,12681.07,3,3,12681.07,0.0,0.0,0.0,0.0,140900.777778
1763063,IT,MX,TEXTI,OFFIC,0.08,12680.591,4,4,12680.589,0.0,0.0,0.0,0.002,158507.3875
1797249,IT,WL,FINAN,RESEA,0.17,12680.552,3,3,12680.552,0.0,0.0,0.0,0.0,74591.482353
1774151,IT,CH,WHOLE,HEALT,0.11,12680.542,3,3,12680.542,0.0,0.0,0.0,0.0,115277.654545
1780113,IT,TW,HOTEL,MEAT4,0.09,12680.405,3,3,12680.405,0.0,0.0,0.0,0.0,140893.388889
1658250,IT,DE,COPP1,TEXTI,0.03,12680.033,3,3,12680.033,0.0,0.0,0.0,0.0,422667.766667
1730391,IT,SE,POSTT,COPPE,0.21,12679.84,3,3,12679.84,0.0,0.0,0.0,0.0,60380.190476
1667808,IT,ES,OFFIC,SECO9,0.04,12679.689,3,3,12679.689,0.0,0.0,0.0,0.0,316992.225
1764076,IT,MX,FABRI,MEAT4,0.05,12679.215,3,3,12679.215,0.0,0.0,0.0,0.0,253584.3
1768552,IT,AU,FOOD5,BUSIN,0.06,12679.078,3,3,12679.078,0.0,0.0,0.0,0.0,211317.966667
1764445,IT,MX,FURNI,ALUM1,0.04,12679.069,3,3,12679.069,0.0,0.0,0.0,0.0,316976.725
1789990,IT,WA,NONME,PAPER,0.03,12678.994,3,3,12678.994,0.0,0.0,0.0,0.0,422633.133333
1684714,IT,HU,VEGET,VEGE1,0.04,12678.538,3,3,12678.538,0.0,0.0,0.0,0.0,316963.45
1775602,IT,CH,RECRE,LANDT,0.16,12678.519,3,3,12678.519,0.0,0.0,0.0,0.0,79240.74375
1740604,IT,US,FORES,FABRI,0.11,12678.49,4,4,12673.49,0.0,5.0,0.0,0.0,115259.0
1655534,IT,DE,STONE,WOODW,0.04,12678.087,4,4,12677.087,0.0,0.0,1.0,0.0,316952.175
1734298,IT,SI,BUSIN,PRINT,0.13,12678.029,3,3,12678.029,0.0,0.0,0.0,0.0,97523.3
1750681,IT,CN,MOTO1,NONF1,0.07,12677.866,3,3,12677.866,0.0,0.0,0.0,0.0,181112.371429
1654802,IT,CZ,SUPPO,MOTO1,0.09,12677.251,3,3,12677.251,0.0,0.0,0.0,0.0,140858.344444
1653396,IT,CZ,CERAM,CEMEN,0.02,12676.917,3,3,12676.917,0.0,0.0,0.0,0.0,633845.85
1683703,IT,HR,MACHI,FISHF,0.07,12676.411,3,3,12676.411,0.0,0.0,0.0,0.0,181091.585714
1742239,IT,US,CERAM,TRANS,0.02,12676.37,3,3,12676.37,0.0,0.0,0.0,0.0,633818.5
1806312,IT,WF,OFFIC,NATU1,0.04,12676.059,3,3,12676.059,0.0,0.0,0.0,0.0,316901.475
1731698,IT,SI,WOODW,SUPPO,0.04,12675.597,3,3,12675.597,0.0,0.0,0.0,0.0,316889.925
1772263,IT,CH,NAPHT,KEROS,0.02,12675.556,3,3,12675.556,0.0,0.0,0.0,0.0,633777.8
1752661,IT,CA,WEARI,LEADZ,0.1,12675.397,4,4,12675.395,0.0,0.0,0.0,0.002,126753.97
1797133,IT,WL,POSTT,CERAM,0.21,12674.943,3,3,12674.943,0.0,0.0,0.0,0.0,60356.871429
1666990,IT,ES,CEMEN,MOTOR,0.02,12674.887,3,3,12674.887,0.0,0.0,0.0,0.0,633744.35
1778027,IT,TR,OFFIC,CHEM1,0.04,12674.837,3,3,12674.837,0.0,0.0,0.0,0.0,316870.925
1800599,IT,WE,GLASS,KEROS,0.03,12674.796,3,3,12674.796,0.0,0.0,0.0,0.0,422493.2
1727343,IT,RO,POSTT,RAILW,0.21,12674.718,3,3,12674.718,0.0,0.0,0.0,0.0,60355.8
1719097,IT,PL,NONSP,BIODI,0.02,12674.388,3,3,12674.388,0.0,0.0,0.0,0.0,633719.4
1674451,IT,FR,BIOGA,RECRE,0.03,12674.196,3,3,12674.196,0.0,0.0,0.0,0.0,422473.2
1678982,IT,GR,WEARI,MEMBE,0.1,12673.164,4,4,12673.162,0.0,0.0,0.0,0.002,126731.64
1814967,IT,WM,PRIVA,WHOLE,2.83,12672.88,4,4,12672.878,0.0,0.0,0.0,0.002,4478.04947
1765530,IT,RU,LEATH,BITUM,0.09,12672.81,4,4,12672.808,0.0,0.0,0.0,0.002,140809.0
1772543,IT,CH,RUBBE,COPP1,0.04,12671.419,3,3,12671.419,0.0,0.0,0.0,0.0,316785.475
1781613,IT,NO,WEARI,RENTI,0.1,12670.598,4,4,12670.596,0.0,0.0,0.0,0.002,126705.98
1791976,IT,WA,SEACO,ELEC1,0.01,12670.525,3,3,12670.525,0.0,0.0,0.0,0.0,1267052.5
1756742,IT,KR,AIRTR,DAIRY,0.01,12670.431,3,3,12670.431,0.0,0.0,0.0,0.0,1267043.1
1725419,IT,RO,TEXTI,INSUR,0.08,12670.345,4,4,12670.343,0.0,0.0,0.0,0.002,158379.3125
1770050,IT,AU,SALEM,SALEM,0.1,12670.318,3,3,12670.318,0.0,0.0,0.0,0.0,126703.18
1802418,IT,WE,AIRTR,ALUM1,0.01,12670.025,3,3,12670.025,0.0,0.0,0.0,0.0,1267002.5
1679308,IT,GR,HEAVY,SUPPO,0.02,12670.014,3,3,12670.014,0.0,0.0,0.0,0.0,633500.7
1641748,IT,AT,CHEM1,CHEMI,0.03,12669.78,3,3,12669.78,0.0,0.0,0.0,0.0,422326.0
1679633,IT,GR,GLASS,LEATH,0.03,12668.732,3,3,12668.732,0.0,0.0,0.0,0.0,422291.066667
1770399,IT,AU,LANDT,HOTEL,0.08,12668.491,3,3,12668.491,0.0,0.0,0.0,0.0,158356.1375
1733644,IT,SI,HOTEL,DIST1,0.09,12666.916,3,3,12666.916,0.0,0.0,0.0,0.0,140743.511111
1807133,IT,WF,AIRTR,LEADZ,0.01,12666.87,3,3,12666.87,0.0,0.0,0.0,0.0,1266687.0
1688760,IT,IE,RUBBE,DAIRY,0.04,12666.63,3,3,12666.63,0.0,0.0,0.0,0.0,316665.75
1792140,IT,WA,SUPPO,CRUDE,0.09,12666.481,3,3,12666.481,0.0,0.0,0.0,0.0,140738.677778
1813473,IT,WM,SALEM,GASDI,0.1,12666.046,3,3,12666.046,0.0,0.0,0.0,0.0,126660.46
1809444,IT,WM,CHEMI,DIST1,0.03,12666.041,4,4,12665.041,0.0,0.0,1.0,0.0,422201.366667
1729114,IT,SE,GLASS,VEGET,0.03,12665.528,3,3,12665.528,0.0,0.0,0.0,0.0,422184.266667
1776349,IT,TR,PAPER,AUXIL,0.05,12664.454,3,3,12664.454,0.0,0.0,0.0,0.0,253289.08
1715244,IT,NL,PAPER,VEGET,0.05,12664.034,3,3,12664.034,0.0,0.0,0.0,0.0,253280.68
1672773,IT,FR,MEATC,MEMBE,0.04,12663.831,3,3,12663.831,0.0,0.0,0.0,0.0,316595.775
1727188,IT,RO,TRAN2,PETRO,0.02,12663.528,3,3,12663.528,0.0,0.0,0.0,0.0,633176.4
1732749,IT,SI,NONME,DAIRY,0.03,12662.864,3,3,12662.864,0.0,0.0,0.0,0.0,422095.466667
1744673,IT,US,COMPU,RUBBE,0.14,12662.202,3,3,12662.202,0.0,0.0,0.0,0.0,90444.3
1776249,IT,TR,PULP5,PFERT,0.04,12661.324,3,3,12661.324,0.0,0.0,0.0,0.0,316533.1
1763432,IT,MX,LUBRI,KEROS,0.02,12661.307,3,3,12661.307,0.0,0.0,0.0,0.0,633065.35
1670828,IT,FI,LIQUE,DIST1,0.02,12660.599,3,3,12660.599,0.0,0.0,0.0,0.0,633029.95
1650734,IT,BG,HOTEL,ELEC3,0.09,12660.574,3,3,12660.574,0.0,0.0,0.0,0.0,140673.044444
1688540,IT,IE,PAPER,SUPPO,0.05,12660.491,3,3,12660.491,0.0,0.0,0.0,0.0,253209.82
1768606,IT,AU,BEVER,RENTI,0.05,12659.839,3,3,12659.839,0.0,0.0,0.0,0.0,253196.78
1662713,IT,DK,MACHI,TEXT1,0.07,12658.699,3,3,12658.699,0.0,0.0,0.0,0.0,180838.557143
1657850,IT,DE,NONME,FOOD1,0.03,12658.216,3,3,12658.216,0.0,0.0,0.0,0.0,421940.533333
1662276,IT,DK,CERAM,FOOD2,0.02,12658.1,3,3,12658.1,0.0,0.0,0.0,0.0,632905.0
1679885,IT,GR,COPP1,OFFIC,0.03,12656.901,3,3,12656.901,0.0,0.0,0.0,0.0,421896.7
1741442,IT,US,MOTOR,PFERT,0.02,12656.566,3,3,12656.566,0.0,0.0,0.0,0.0,632828.3
1663094,IT,DK,RAILW,ELECT,0.08,12655.982,3,3,12655.982,0.0,0.0,0.0,0.0,158199.775
1732144,IT,SI,GASDI,COPP1,0.02,12655.459,3,3,12655.459,0.0,0.0,0.0,0.0,632772.95
1767362,IT,RU,RAILW,PUBLI,0.08,12654.244,3,3,12654.244,0.0,0.0,0.0,0.0,158178.05
1785222,IT,ZA,TOBAC,HOTEL,0.05,12654.155,3,3,12654.155,0.0,0.0,0.0,0.0,253083.1
1741562,IT,US,GASDI,CHEMI,0.02,12654.141,3,3,12654.141,0.0,0.0,0.0,0.0,632707.05
1674231,IT,FR,LIQUE,SEWAG,0.02,12654.075,3,3,12654.075,0.0,0.0,0.0,0.0,632703.75
1782449,IT,NO,MACHI,CEMEN,0.07,12653.904,3,3,12653.904,0.0,0.0,0.0,0.0,180770.057143
1666454,IT,ES,NONSP,LUBRI,0.02,12653.756,3,3,12653.756,0.0,0.0,0.0,0.0,632687.8
1766226,IT,RU,GLASS,TRAN1,0.03,12653.754,3,3,12653.754,0.0,0.0,0.0,0.0,421791.8
1713401,IT,MT,BITU1,NONME,0.02,12653.498,3,3,12653.498,0.0,0.0,0.0,0.0,632674.9
1653225,IT,CZ,RUBBE,PULP5,0.04,12653.316,3,3,12653.316,0.0,0.0,0.0,0.0,316332.9
1800833,IT,WE,BASIC,LEAD1,0.01,12652.771,3,3,12652.771,0.0,0.0,0.0,0.0,1265277.1
1752277,IT,CA,STONE,CEMEN,0.04,12652.531,4,4,12651.531,0.0,0.0,1.0,0.0,316313.275
1641673,IT,AT,PETRO,BUSIN,0.02,12652.103,3,3,12652.103,0.0,0.0,0.0,0.0,632605.15
1736307,IT,SK,HOTEL,INSUR,0.09,12652.009,3,3,12652.009,0.0,0.0,0.0,0.0,140577.877778
1731757,IT,SI,PAPER,CATTL,0.05,12651.421,3,3,12651.421,0.0,0.0,0.0,0.0,253028.42
1653549,IT,CZ,BASIC,BLAST,0.01,12651.387,3,3,12651.387,0.0,0.0,0.0,0.0,1265138.7
1712430,IT,LV,BASIC,NONME,0.01,12650.164,3,3,12650.164,0.0,0.0,0.0,0.0,1265016.4
1642119,IT,AT,GLASS,EDUCA,0.03,12649.041,3,3,12649.041,0.0,0.0,0.0,0.0,421634.7
1712237,IT,LV,PAPER,LANDT,0.05,12648.641,3,3,12648.641,0.0,0.0,0.0,0.0,252972.82
1657585,IT,DE,GLASS,ELEC1,0.03,12648.308,3,3,12648.308,0.0,0.0,0.0,0.0,421610.266667
1668510,IT,ES,HOTEL,NAPHT,0.09,12648.107,3,3,12648.107,0.0,0.0,0.0,0.0,140534.522222
1807962,IT,WF,PLAS1,OFFIC,0.05,12647.816,3,3,12647.816,0.0,0.0,0.0,0.0,252956.32
1731814,IT,SI,PAPER,SALEM,0.05,12647.475,3,3,12647.475,0.0,0.0,0.0,0.0,252949.5
1812072,IT,WM,CERAM,BASIC,0.02,12647.467,3,3,12647.467,0.0,0.0,0.0,0.0,632373.35
1784867,IT,ID,AIRTR,PRINT,0.01,12647.399,3,3,12647.399,0.0,0.0,0.0,0.0,1264739.9
1792462,IT,WA,AUXIL,RETA1,0.23,12645.117,3,3,12645.117,0.0,0.0,0.0,0.0,54978.769565
1813164,IT,WM,MOTO1,RADIO,0.07,12644.423,3,3,12644.423,0.0,0.0,0.0,0.0,180634.614286
1735282,IT,SK,GLASS,LEAD1,0.03,12644.186,3,3,12644.186,0.0,0.0,0.0,0.0,421472.866667
1775573,IT,CH,RECRE,WOODW,0.16,12643.886,3,3,12643.886,0.0,0.0,0.0,0.0,79024.2875
1807998,IT,WF,PLAS1,PRIVA,0.05,12643.463,3,3,12643.463,0.0,0.0,0.0,0.0,252869.26
1685934,IT,HU,CHEM1,PLAS1,0.03,12642.961,3,3,12642.961,0.0,0.0,0.0,0.0,421432.033333
1728285,IT,SE,BEVER,RUBBE,0.05,12642.867,3,3,12642.867,0.0,0.0,0.0,0.0,252857.34
1802134,IT,WE,RETA1,BUSIN,0.13,12642.746,3,3,12642.746,0.0,0.0,0.0,0.0,97251.892308
1715504,IT,NL,GASDI,SUGAR,0.02,12642.288,3,3,12642.288,0.0,0.0,0.0,0.0,632114.4
1710392,IT,LT,HOTEL,LANDT,0.09,12641.983,3,3,12641.983,0.0,0.0,0.0,0.0,140466.477778
1667498,IT,ES,FABRI,MOTOR,0.05,12641.881,3,3,12641.881,0.0,0.0,0.0,0.0,252837.62
1649497,IT,BG,RUBBE,FISHF,0.04,12641.748,3,3,12641.748,0.0,0.0,0.0,0.0,316043.7
1764872,IT,MX,AIRTR,MOTOR,0.01,12641.553,3,3,12641.553,0.0,0.0,0.0,0.0,1264155.3
1814202,IT,WM,SUPPO,RETAI,0.09,12640.78,3,3,12640.78,0.0,0.0,0.0,0.0,140453.111111
1719598,IT,PL,CERAM,NFERT,0.02,12640.198,3,3,12640.198,0.0,0.0,0.0,0.0,632009.9
1765585,IT,RU,LEATH,RECRE,0.09,12639.905,4,4,12639.903,0.0,0.0,0.0,0.002,140443.388889
1721378,IT,PL,SEACO,NFERT,0.01,12637.884,3,3,12637.884,0.0,0.0,0.0,0.0,1263788.4
1771386,IT,CH,FOOD5,MEAT1,0.06,12637.471,3,3,12637.471,0.0,0.0,0.0,0.0,210624.516667
1729445,IT,SE,PREC1,WOODW,0.02,12637.394,3,3,12637.394,0.0,0.0,0.0,0.0,631869.7
1755250,IT,KR,PAPER,FISH5,0.05,12637.234,3,3,12637.234,0.0,0.0,0.0,0.0,252744.68
1668115,IT,ES,CONST,WHOLE,0.07,12637.13,3,3,12637.13,0.0,0.0,0.0,0.0,180530.428571
1739295,IT,GB,HOTEL,RADIO,0.09,12636.526,3,3,12636.526,0.0,0.0,0.0,0.0,140405.844444
1801560,IT,WE,TRANS,FISH5,0.08,12636.392,3,3,12636.392,0.0,0.0,0.0,0.0,157954.9
1658636,IT,DE,MACHI,FINAN,0.07,12635.658,3,3,12635.658,0.0,0.0,0.0,0.0,180509.4
1750807,IT,CN,FURNI,PULP5,0.04,12635.025,3,3,12635.025,0.0,0.0,0.0,0.0,315875.625
1754046,IT,CA,SEACO,DISTR,0.01,12635.015,3,3,12635.015,0.0,0.0,0.0,0.0,1263501.5
1788313,IT,WA,LEATH,COKE1,0.09,12634.814,4,4,12634.812,0.0,0.0,0.0,0.002,140386.822222
1726806,IT,RO,WHOLE,LEATH,0.11,12634.673,3,3,12634.673,0.0,0.0,0.0,0.0,114860.663636
1743446,IT,US,WHOLE,MEATP,0.11,12634.568,3,3,12634.568,0.0,0.0,0.0,0.0,114859.709091
1804048,IT,WF,WOODW,LEAD1,0.04,12634.176,3,3,12634.176,0.0,0.0,0.0,0.0,315854.4
1687196,IT,HU,CONST,LIQUE,0.07,12633.903,3,3,12633.903,0.0,0.0,0.0,0.0,180484.328571
1771474,IT,CH,BEVER,TRAN1,0.05,12633.742,3,3,12633.742,0.0,0.0,0.0,0.0,252674.84
1655094,IT,CZ,COMPU,REALE,0.14,12632.519,3,3,12632.519,0.0,0.0,0.0,0.0,90232.278571
1752917,IT,CA,NAPHT,WHOLE,0.02,12631.804,3,3,12631.804,0.0,0.0,0.0,0.0,631590.2
1812397,IT,WM,PREC1,PADDY,0.02,12630.608,3,3,12630.608,0.0,0.0,0.0,0.0,631530.4
1685076,IT,HU,FOOD5,CROPS,0.06,12630.358,3,3,12630.358,0.0,0.0,0.0,0.0,210505.966667
1686273,IT,HU,CERAM,POSTT,0.02,12630.211,3,3,12630.211,0.0,0.0,0.0,0.0,631510.55
1660184,IT,DE,SUPPO,DISTR,0.09,12629.936,3,3,12629.936,0.0,0.0,0.0,0.0,140332.622222
1686430,IT,HU,BASIC,ELEC7,0.01,12629.401,3,3,12629.401,0.0,0.0,0.0,0.0,1262940.1
1725368,IT,RO,TEXTI,VEGE1,0.07,12629.036,4,4,12629.034,0.0,0.0,0.0,0.002,180414.8
1714610,IT,NL,CHEMI,BIODI,0.03,12628.033,4,4,12627.033,0.0,0.0,1.0,0.0,420934.433333
1718161,IT,PL,DAIRY,MEATA,0.05,12627.876,3,3,12627.876,0.0,0.0,0.0,0.0,252557.52
1680170,IT,GR,MOTO1,CONST,0.07,12627.639,3,3,12627.639,0.0,0.0,0.0,0.0,180394.842857
1647385,IT,BE,INLAN,PLAST,0.02,12627.356,3,3,12627.356,0.0,0.0,0.0,0.0,631367.8
1672542,IT,FR,CEREA,VEGE1,0.02,12627.284,3,3,12627.284,0.0,0.0,0.0,0.0,631364.2
1800918,IT,WE,PREC1,RETAI,0.02,12627.192,3,3,12627.192,0.0,0.0,0.0,0.0,631359.6
1659979,IT,DE,SEACO,FABRI,0.01,12627.115,3,3,12627.115,0.0,0.0,0.0,0.0,1262711.5
1710203,IT,LT,MACHI,FOOD4,0.07,12626.779,3,3,12626.779,0.0,0.0,0.0,0.0,180382.557143
1722725,IT,PT,WOODW,DIST1,0.04,12626.579,3,3,12626.579,0.0,0.0,0.0,0.0,315664.475
1718388,IT,PL,BEVER,TRANS,0.05,12625.339,3,3,12625.339,0.0,0.0,0.0,0.0,252506.78
1649500,IT,BG,RUBBE,CRUDE,0.04,12625.096,3,3,12625.096,0.0,0.0,0.0,0.0,315627.4
1642908,IT,AT,TRANS,CONST,0.08,12624.967,3,3,12624.967,0.0,0.0,0.0,0.0,157812.0875
1717954,IT,PL,SANDC,COPPE,0.03,12623.592,4,4,12620.592,0.0,0.0,3.0,0.0,420786.4
1641477,IT,AT,GASDI,PLAS1,0.02,12623.379,3,3,12623.379,0.0,0.0,0.0,0.0,631168.95
1657014,IT,DE,NAPHT,PFERT,0.02,12623.134,3,3,12623.134,0.0,0.0,0.0,0.0,631156.7
1712376,IT,LV,GLASS,CEMEN,0.03,12622.825,3,3,12622.825,0.0,0.0,0.0,0.0,420760.833333
1729757,IT,SE,MACHI,LEAD1,0.07,12622.461,3,3,12622.461,0.0,0.0,0.0,0.0,180320.871429
1681548,IT,GR,BUSIN,MEDIC,0.13,12621.781,3,3,12621.781,0.0,0.0,0.0,0.0,97090.623077
1668301,IT,ES,WHOLE,FABRI,0.11,12621.734,3,3,12621.734,0.0,0.0,0.0,0.0,114743.036364
1772998,IT,CH,PREC1,MEMBE,0.02,12621.559,3,3,12621.559,0.0,0.0,0.0,0.0,631077.95
1771358,IT,CH,PROCE,RETA1,0.09,12621.545,3,3,12621.545,0.0,0.0,0.0,0.0,140239.388889
1713763,IT,MT,OFFIC,REALE,0.04,12621.353,3,3,12621.353,0.0,0.0,0.0,0.0,315533.825
1733917,IT,SI,AIRTR,EDUCA,0.01,12621.202,3,3,12621.202,0.0,0.0,0.0,0.0,1262120.2
1745979,IT,JP,WOODW,SUPPO,0.04,12620.944,3,3,12620.944,0.0,0.0,0.0,0.0,315523.6
1667472,IT,ES,FABRI,FISHF,0.05,12620.914,3,3,12620.914,0.0,0.0,0.0,0.0,252418.28
1790460,IT,WA,COPP1,NONFE,0.03,12620.735,3,3,12620.735,0.0,0.0,0.0,0.0,420691.166667
1713432,IT,MT,PLAST,WHOLE,0.03,12619.066,3,3,12619.066,0.0,0.0,0.0,0.0,420635.533333
1677127,IT,FR,SUPPO,WOOD2,0.09,12618.735,3,3,12618.735,0.0,0.0,0.0,0.0,140208.166667
1740690,IT,US,CHEMI,RAWMI,0.03,12618.489,4,4,12617.489,0.0,0.0,1.0,0.0,420616.3
1803456,IT,WF,MEAT4,CATTL,0.07,12617.662,3,3,12617.662,0.0,0.0,0.0,0.0,180252.314286
1806196,IT,WF,MACHI,WOOLS,0.07,12617.0,3,3,12617.0,0.0,0.0,0.0,0.0,180242.857143
1749339,IT,CN,PRINT,ELECT,0.12,12616.747,3,3,12616.747,0.0,0.0,0.0,0.0,105139.558333
1806450,IT,WF,TRANS,WOODW,0.08,12615.752,3,3,12615.752,0.0,0.0,0.0,0.0,157696.9
1663977,IT,EE,PAPER,CONST,0.05,12615.674,3,3,12615.674,0.0,0.0,0.0,0.0,252313.48
1715509,IT,NL,GASDI,FISHF,0.02,12614.877,3,3,12614.877,0.0,0.0,0.0,0.0,630743.85
1657135,IT,DE,PLAST,ALUM1,0.03,12613.711,3,3,12613.711,0.0,0.0,0.0,0.0,420457.033333
1796740,IT,WL,LANDT,PAPER,0.08,12613.517,3,3,12613.517,0.0,0.0,0.0,0.0,157668.9625
1737268,IT,GB,FOOD5,BIODI,0.06,12613.394,3,3,12613.394,0.0,0.0,0.0,0.0,210223.233333
1718407,IT,PL,BEVER,INSUR,0.05,12613.077,3,3,12613.077,0.0,0.0,0.0,0.0,252261.54
1736097,IT,SK,CONST,TEXTI,0.07,12612.543,3,3,12612.543,0.0,0.0,0.0,0.0,180179.185714
1807641,IT,WF,RESEA,SALEM,0.07,12611.978,3,3,12611.978,0.0,0.0,0.0,0.0,180171.114286
1738738,IT,GB,MACHI,OILHA,0.07,12611.856,3,3,12611.856,0.0,0.0,0.0,0.0,180169.371429
1787553,IT,WA,CHEMI,RETA1,0.03,12611.576,4,4,12610.576,0.0,0.0,1.0,0.0,420385.866667
1813445,IT,WM,CONST,WHOLE,0.07,12611.433,3,3,12611.433,0.0,0.0,0.0,0.0,180163.328571
1783201,IT,NO,BUSIN,NATUR,0.13,12611.181,3,3,12611.181,0.0,0.0,0.0,0.0,97009.084615
1714489,IT,NL,FISHF,RESEA,0.02,12610.555,3,3,12610.555,0.0,0.0,0.0,0.0,630527.75
1719975,IT,PL,PREC1,WOOD2,0.02,12610.213,3,3,12610.213,0.0,0.0,0.0,0.0,630510.65
1787250,IT,WA,VEGET,CHARC,0.04,12609.894,3,3,12609.894,0.0,0.0,0.0,0.0,315247.35
1748505,IT,CN,SANDC,MACHI,0.03,12609.568,4,4,12606.568,0.0,0.0,3.0,0.0,420318.933333
1683834,IT,HR,MOTO1,PAPER,0.07,12609.166,3,3,12609.166,0.0,0.0,0.0,0.0,180130.942857
1655558,IT,DE,STONE,STEAM,0.04,12606.73,4,4,12605.73,0.0,0.0,1.0,0.0,315168.25
1644570,IT,BE,PROCE,COMPU,0.09,12606.435,3,3,12606.435,0.0,0.0,0.0,0.0,140071.5
1780783,IT,TW,RENTI,HOTEL,0.08,12606.392,3,3,12606.392,0.0,0.0,0.0,0.0,157579.9
1689752,IT,IE,FINAN,INSUR,0.16,12606.391,3,3,12606.391,0.0,0.0,0.0,0.0,78789.94375
1791795,IT,WA,LANDT,FISHF,0.08,12606.355,3,3,12606.355,0.0,0.0,0.0,0.0,157579.4375
1642046,IT,AT,GLASS,PIGS9,0.03,12606.172,3,3,12606.172,0.0,0.0,0.0,0.0,420205.733333
1716501,IT,NL,OFFIC,FINAN,0.04,12605.873,3,3,12605.873,0.0,0.0,0.0,0.0,315146.825
1763668,IT,MX,RUBBE,HEAVY,0.04,12605.263,3,3,12605.263,0.0,0.0,0.0,0.0,315131.575
1749998,IT,CN,NONME,MEATA,0.03,12604.777,3,3,12604.777,0.0,0.0,0.0,0.0,420159.233333
1726875,IT,RO,RETA1,FABRI,0.13,12604.273,3,3,12604.273,0.0,0.0,0.0,0.0,96955.946154
1759633,IT,BR,RESEA,PULP5,0.07,12604.122,3,3,12604.122,0.0,0.0,0.0,0.0,180058.885714
1751084,IT,CN,RETA1,FOOD5,0.13,12604.001,3,3,12604.001,0.0,0.0,0.0,0.0,96953.853846
1730212,IT,SE,LANDT,REALE,0.08,12603.711,3,3,12603.711,0.0,0.0,0.0,0.0,157546.3875
1770435,IT,AU,SEACO,MACHI,0.01,12602.877,3,3,12602.877,0.0,0.0,0.0,0.0,1260287.7
1719473,IT,PL,RUBBE,TEXT2,0.04,12602.16,3,3,12602.16,0.0,0.0,0.0,0.0,315054.0
1802028,IT,WE,WHOLE,FABRI,0.11,12601.683,3,3,12601.683,0.0,0.0,0.0,0.0,114560.754545
1812321,IT,WM,BASIC,REFI1,0.01,12601.295,3,3,12601.295,0.0,0.0,0.0,0.0,1260129.5
1641648,IT,AT,PARAF,PREC1,0.02,12600.672,3,3,12600.672,0.0,0.0,0.0,0.0,630033.6
1716250,IT,NL,COPP1,FOUND,0.03,12600.639,3,3,12600.639,0.0,0.0,0.0,0.0,420021.3
1721957,IT,PL,COMPU,WOODW,0.14,12600.439,3,3,12600.439,0.0,0.0,0.0,0.0,90003.135714
1647343,IT,BE,SEACO,LIQUE,0.01,12599.374,3,3,12599.374,0.0,0.0,0.0,0.0,1259937.4
1685478,IT,HU,PULP5,FABRI,0.04,12598.993,3,3,12598.993,0.0,0.0,0.0,0.0,314974.825
1780263,IT,TW,LANDT,NAPHT,0.08,12598.45,3,3,12598.45,0.0,0.0,0.0,0.0,157480.625
1666858,IT,ES,GLASS,COKEO,0.03,12598.43,3,3,12598.43,0.0,0.0,0.0,0.0,419947.666667
1761859,IT,IN,MOTO1,COMPU,0.07,12597.445,3,3,12597.445,0.0,0.0,0.0,0.0,179963.5
1673161,IT,FR,BEVER,ADDIT,0.05,12596.779,3,3,12596.779,0.0,0.0,0.0,0.0,251935.58
1652726,IT,CZ,PAPER,CEMEN,0.05,12596.344,3,3,12596.344,0.0,0.0,0.0,0.0,251926.88
1783620,IT,NO,FOOD3,WOODW,0.04,12596.217,3,3,12596.217,0.0,0.0,0.0,0.0,314905.425
1715634,IT,NL,NAPHT,BITU1,0.02,12595.908,3,3,12595.908,0.0,0.0,0.0,0.0,629795.4
1727498,IT,RO,AUXIL,ELEC8,0.23,12595.727,3,3,12595.727,0.0,0.0,0.0,0.0,54764.030435
1811209,IT,WM,NAPHT,RECRE,0.02,12595.336,3,3,12595.336,0.0,0.0,0.0,0.0,629766.8
1764034,IT,MX,COPP1,TRANS,0.03,12595.236,3,3,12595.236,0.0,0.0,0.0,0.0,419841.2
1646141,IT,BE,PREC1,DIST1,0.02,12594.434,3,3,12594.434,0.0,0.0,0.0,0.0,629721.7
1740724,IT,US,CHEMI,BUSIN,0.03,12593.743,4,4,12592.743,0.0,0.0,1.0,0.0,419791.433333
1713247,IT,MT,PAPER,RUBBE,0.05,12593.48,3,3,12593.48,0.0,0.0,0.0,0.0,251869.6
1731787,IT,SI,PAPER,GLASS,0.05,12593.272,3,3,12593.272,0.0,0.0,0.0,0.0,251865.44
1671209,IT,FI,NONME,TRANS,0.03,12592.929,3,3,12592.929,0.0,0.0,0.0,0.0,419764.3
1786642,IT,ZA,WHOLE,TOBAC,0.11,12592.921,3,3,12592.921,0.0,0.0,0.0,0.0,114481.1
1807606,IT,WF,RESEA,MEATA,0.07,12592.598,3,3,12592.598,0.0,0.0,0.0,0.0,179894.257143
1738626,IT,GB,FABRI,PLAS2,0.05,12592.371,3,3,12592.371,0.0,0.0,0.0,0.0,251847.42
1791094,IT,WA,TRANS,PREC1,0.08,12591.993,3,3,12591.993,0.0,0.0,0.0,0.0,157399.9125
1681655,IT,HR,VEGET,WEARI,0.04,12591.826,3,3,12591.826,0.0,0.0,0.0,0.0,314795.65
1750955,IT,CN,CONST,93197,0.07,12591.296,3,3,12591.296,0.0,0.0,0.0,0.0,179875.657143
1690378,IT,IE,WASTE,CONST,0.04,12590.007,3,3,12590.007,0.0,0.0,0.0,0.0,314750.175
1810794,IT,WM,KEROS,MEAT4,0.02,12589.931,3,3,12589.931,0.0,0.0,0.0,0.0,629496.55
1725818,IT,RO,MOTOR,OILSE,0.02,12588.782,3,3,12588.782,0.0,0.0,0.0,0.0,629439.1
1728539,IT,SE,PAPER,RAWMI,0.05,12588.47,3,3,12588.47,0.0,0.0,0.0,0.0,251769.4
1777501,IT,TR,BASIC,NONF1,0.01,12588.335,3,3,12588.335,0.0,0.0,0.0,0.0,1258833.5
1641702,IT,AT,PLAST,BRICK,0.03,12587.96,3,3,12587.96,0.0,0.0,0.0,0.0,419598.666667
1731318,IT,SI,VEGE1,RESEA,0.04,12587.839,4,4,12587.836,0.0,0.0,0.0,0.003,314695.975
1792239,IT,WA,POSTT,KEROS,0.21,12587.181,3,3,12587.181,0.0,0.0,0.0,0.0,59938.957143
1666637,IT,ES,CHEM1,TEXT1,0.03,12586.984,3,3,12586.984,0.0,0.0,0.0,0.0,419566.133333
1808129,IT,WF,WOOD1,POSTT,0.09,12586.315,3,3,12586.315,0.0,0.0,0.0,0.0,139847.944444
1710736,IT,LU,BEVER,RETA1,0.05,12586.125,3,3,12586.125,0.0,0.0,0.0,0.0,251722.5
1681637,IT,HR,CEREA,CHEM1,0.02,12586.016,3,3,12586.016,0.0,0.0,0.0,0.0,629300.8
1658082,IT,DE,ALUM1,CEREA,0.02,12585.544,3,3,12585.544,0.0,0.0,0.0,0.0,629277.2
1792899,IT,WA,HEALT,WEARI,0.07,12584.9,3,3,12584.9,0.0,0.0,0.0,0.0,179784.285714
1727269,IT,RO,SUPPO,RESEA,0.09,12584.759,3,3,12584.759,0.0,0.0,0.0,0.0,139830.655556
1728535,IT,SE,PULP5,PAPER,0.04,12584.527,3,3,12584.527,0.0,0.0,0.0,0.0,314613.175
1676411,IT,FR,WHOLE,PLAS1,0.11,12584.424,3,3,12584.424,0.0,0.0,0.0,0.0,114403.854545
1721637,IT,PL,POSTT,AUXIL,0.21,12584.353,3,3,12584.353,0.0,0.0,0.0,0.0,59925.490476
1814851,IT,WM,MEMBE,RESEA,0.15,12583.971,3,3,12583.971,0.0,0.0,0.0,0.0,83893.14
1668223,IT,ES,RETAI,FOUND,0.1,12583.607,3,3,12583.607,0.0,0.0,0.0,0.0,125836.07
1669249,IT,ES,FINAN,CEREA,0.16,12583.572,3,3,12583.572,0.0,0.0,0.0,0.0,78647.325
1783528,IT,NO,OILHA,HEALT,0.07,12582.427,3,3,12582.427,0.0,0.0,0.0,0.0,179748.957143
1668534,IT,ES,HOTEL,FOUND,0.09,12582.214,3,3,12582.214,0.0,0.0,0.0,0.0,139802.377778
1655293,IT,DE,CEREA,VEGE1,0.02,12582.032,3,3,12582.032,0.0,0.0,0.0,0.0,629101.6
1732810,IT,SI,BASIC,FOOD5,0.01,12581.98,3,3,12581.98,0.0,0.0,0.0,0.0,1258198.0
1676389,IT,FR,WHOLE,NONF1,0.11,12581.723,3,3,12581.723,0.0,0.0,0.0,0.0,114379.3
1715795,IT,NL,RUBBE,MEATA,0.04,12581.516,3,3,12581.516,0.0,0.0,0.0,0.0,314537.9
1777849,IT,TR,FABRI,RAILW,0.05,12581.475,3,3,12581.475,0.0,0.0,0.0,0.0,251629.5
1786716,IT,ZA,RETA1,PLAST,0.13,12581.028,3,3,12581.028,0.0,0.0,0.0,0.0,96777.138462
1731963,IT,SI,MOTOR,FOOD2,0.02,12581.021,3,3,12581.021,0.0,0.0,0.0,0.0,629051.05
1732064,IT,SI,KEROS,FOOD2,0.02,12580.859,3,3,12580.859,0.0,0.0,0.0,0.0,629042.95
1711021,IT,LU,NONME,CEMEN,0.03,12580.679,3,3,12580.679,0.0,0.0,0.0,0.0,419355.966667
1732417,IT,SI,PLAST,LANDT,0.03,12580.31,3,3,12580.31,0.0,0.0,0.0,0.0,419343.666667
1653114,IT,CZ,CHEM1,HEAVY,0.03,12580.272,3,3,12580.272,0.0,0.0,0.0,0.0,419342.4
1687621,IT,HU,AIRTR,PIGS9,0.01,12579.961,3,3,12579.961,0.0,0.0,0.0,0.0,1257996.1
1732718,IT,SI,CEMEN,DAIRY,0.02,12579.942,3,3,12579.942,0.0,0.0,0.0,0.0,628997.1
1791597,IT,WA,HOTEL,OILSE,0.09,12579.817,3,3,12579.817,0.0,0.0,0.0,0.0,139775.744444
1674461,IT,FR,BIODI,SANDC,0.03,12579.362,3,3,12579.362,0.0,0.0,0.0,0.0,419312.066667
1789241,IT,WA,PLAST,STEAM,0.03,12578.812,3,3,12578.812,0.0,0.0,0.0,0.0,419293.733333
1739347,IT,GB,RAILW,PAPER,0.08,12578.175,3,3,12578.175,0.0,0.0,0.0,0.0,157227.1875
1684736,IT,HU,VEGET,SALEM,0.04,12577.935,3,3,12577.935,0.0,0.0,0.0,0.0,314448.375
1648747,IT,BG,FOOD5,FOOD4,0.06,12577.297,3,3,12577.297,0.0,0.0,0.0,0.0,209621.616667
1725646,IT,RO,PAPER,CROPS,0.05,12577.285,3,3,12577.285,0.0,0.0,0.0,0.0,251545.7
1813375,IT,WM,FURNI,LEAD1,0.04,12576.458,3,3,12576.458,0.0,0.0,0.0,0.0,314411.45
1788736,IT,WA,MOTOR,MOTO1,0.02,12575.851,3,3,12575.851,0.0,0.0,0.0,0.0,628792.55
1807884,IT,WF,PAPE1,POSTT,0.09,12575.281,3,3,12575.281,0.0,0.0,0.0,0.0,139725.344444
1686651,IT,HU,LEAD1,RENTI,0.02,12574.462,3,3,12574.462,0.0,0.0,0.0,0.0,628723.1
1763773,IT,MX,GLASS,LANDT,0.03,12574.197,3,3,12574.197,0.0,0.0,0.0,0.0,419139.9
1793666,IT,WL,SUGA1,CHEM1,0.03,12574.01,4,4,12574.008,0.0,0.0,0.0,0.002,419133.666667
1803297,IT,WF,FISHF,PLAST,0.02,12573.924,3,3,12573.924,0.0,0.0,0.0,0.0,628696.2
1649301,IT,BG,PARAF,ELEC2,0.02,12573.344,3,3,12573.344,0.0,0.0,0.0,0.0,628667.2
1776815,IT,TR,NAPHT,ELEC1,0.02,12573.22,3,3,12573.22,0.0,0.0,0.0,0.0,628661.0
1767213,IT,RU,RETA1,ELEC2,0.13,12572.975,3,3,12572.975,0.0,0.0,0.0,0.0,96715.192308
1714537,IT,NL,CRUDE,NONME,0.02,12572.966,3,3,12572.966,0.0,0.0,0.0,0.0,628648.3
1757746,IT,BR,PARAF,COLLE,0.02,12572.579,3,3,12572.579,0.0,0.0,0.0,0.0,628628.95
1684242,IT,HR,SEACO,MEDIC,0.01,12572.248,3,3,12572.248,0.0,0.0,0.0,0.0,1257224.8
1763917,IT,MX,BASIC,AVIAT,0.01,12572.068,3,3,12572.068,0.0,0.0,0.0,0.0,1257206.8
1668583,IT,ES,HOTEL,PLAS1,0.09,12571.596,3,3,12571.596,0.0,0.0,0.0,0.0,139684.4
1680757,IT,GR,RETA1,SUPPO,0.13,12570.791,3,3,12570.791,0.0,0.0,0.0,0.0,96698.392308
1731635,IT,SI,LEATH,FURNI,0.09,12570.584,4,4,12570.582,0.0,0.0,0.0,0.002,139673.155556
1647310,IT,BE,TRAN2,MOTOR,0.02,12570.08,3,3,12570.08,0.0,0.0,0.0,0.0,628504.0
1780850,IT,TW,COMPU,RAILW,0.14,12569.842,3,3,12569.842,0.0,0.0,0.0,0.0,89784.585714
1657349,IT,DE,BIODI,RUBBE,0.03,12569.191,3,3,12569.191,0.0,0.0,0.0,0.0,418973.033333
1709992,IT,LT,ALUM1,RAWMI,0.02,12568.292,3,3,12568.292,0.0,0.0,0.0,0.0,628414.6
1798093,IT,WL,93197,SALEM,0.08,12567.823,3,3,12567.823,0.0,0.0,0.0,0.0,157097.7875
1661344,IT,DK,MEATC,CHEM1,0.04,12567.142,3,3,12567.142,0.0,0.0,0.0,0.0,314178.55
1735927,IT,SK,MOTO1,POULT,0.07,12566.533,3,3,12566.533,0.0,0.0,0.0,0.0,179521.9
1644493,IT,BE,DAIRY,MEAT1,0.05,12566.244,3,3,12566.244,0.0,0.0,0.0,0.0,251324.88
1807176,IT,WF,AIRTR,ELECT,0.01,12566.108,3,3,12566.108,0.0,0.0,0.0,0.0,1256610.8
1768542,IT,AU,FOOD5,SEACO,0.06,12566.033,3,3,12566.033,0.0,0.0,0.0,0.0,209433.883333
1640772,IT,AT,TEXTI,FINAN,0.07,12565.366,4,4,12565.364,0.0,0.0,0.0,0.002,179505.228571
1733825,IT,SI,LANDT,MEMBE,0.08,12565.329,3,3,12565.329,0.0,0.0,0.0,0.0,157066.6125
1808074,IT,WF,TEXT1,HOTEL,0.09,12565.077,3,3,12565.077,0.0,0.0,0.0,0.0,139611.966667
1724553,IT,PT,POSTT,FINAN,0.21,12564.082,3,3,12564.082,0.0,0.0,0.0,0.0,59828.961905
1746721,IT,JP,FABRI,ELE12,0.05,12563.304,3,3,12563.304,0.0,0.0,0.0,0.0,251266.08
1682622,IT,HR,KEROS,PFERT,0.02,12562.525,3,3,12562.525,0.0,0.0,0.0,0.0,628126.25
1768677,IT,AU,TEXTI,MEDIC,0.07,12562.259,4,4,12562.257,0.0,0.0,0.0,0.002,179460.842857
1778993,IT,TR,AIRTR,SANDC,0.01,12561.888,3,3,12561.888,0.0,0.0,0.0,0.0,1256188.8
1670747,IT,FI,PAPER,HOTEL,0.05,12561.377,3,3,12561.377,0.0,0.0,0.0,0.0,251227.54
1743349,IT,US,SALEM,RAWMI,0.1,12561.349,3,3,12561.349,0.0,0.0,0.0,0.0,125613.49
1670554,IT,FI,TEXTI,NONME,0.07,12559.779,4,4,12559.777,0.0,0.0,0.0,0.002,179425.414286
1795347,IT,WL,NONME,ELEC2,0.03,12559.331,3,3,12559.331,0.0,0.0,0.0,0.0,418644.366667
1777869,IT,TR,FABRI,PAPE4,0.05,12558.322,3,3,12558.322,0.0,0.0,0.0,0.0,251166.44
1686493,IT,HU,PREC1,CEMEN,0.02,12557.972,3,3,12557.972,0.0,0.0,0.0,0.0,627898.6
1806811,IT,WF,RETA1,PFERT,0.13,12557.314,3,3,12557.314,0.0,0.0,0.0,0.0,96594.723077
1775777,IT,TR,NATUR,KEROS,0.02,12556.856,3,3,12556.856,0.0,0.0,0.0,0.0,627842.8
1756449,IT,KR,CONST,MOTO1,0.07,12556.854,3,3,12556.854,0.0,0.0,0.0,0.0,179383.628571
1687168,IT,HU,FURNI,SALEM,0.04,12556.841,3,3,12556.841,0.0,0.0,0.0,0.0,313921.025
1716933,IT,NL,RAILW,GASDI,0.08,12556.678,3,3,12556.678,0.0,0.0,0.0,0.0,156958.475
1798311,IT,WE,CROPS,CHEM1,0.1,12556.665,3,3,12556.665,0.0,0.0,0.0,0.0,125566.65
1790872,IT,WA,OFFIC,VEGET,0.04,12556.574,3,3,12556.574,0.0,0.0,0.0,0.0,313914.35
1652323,IT,CZ,BEVER,LANDT,0.05,12555.933,3,3,12555.933,0.0,0.0,0.0,0.0,251118.66
1784594,IT,ID,MACHI,CHARC,0.07,12555.52,3,3,12555.52,0.0,0.0,0.0,0.0,179364.571429
1777652,IT,TR,LEAD1,RUBBE,0.02,12555.508,3,3,12555.508,0.0,0.0,0.0,0.0,627775.4
1790970,IT,WA,MOTO1,TEXTI,0.07,12555.275,3,3,12555.275,0.0,0.0,0.0,0.0,179361.071429
1658804,IT,DE,MOTO1,ALUM1,0.07,12554.259,3,3,12554.259,0.0,0.0,0.0,0.0,179346.557143
1710076,IT,LT,FABRI,GLASS,0.05,12554.186,3,3,12554.186,0.0,0.0,0.0,0.0,251083.72
1641852,IT,AT,BIOGA,PLAST,0.03,12553.432,3,3,12553.432,0.0,0.0,0.0,0.0,418447.733333
1808386,IT,WF,WASTE,TEXTI,0.04,12553.337,3,3,12553.337,0.0,0.0,0.0,0.0,313833.425
1687940,IT,HU,RENTI,CHEMI,0.08,12552.668,3,3,12552.668,0.0,0.0,0.0,0.0,156908.35
1734952,IT,SK,GASDI,SUPPO,0.02,12552.625,3,3,12552.625,0.0,0.0,0.0,0.0,627631.25
1652660,IT,CZ,WOODW,COMPU,0.04,12552.314,3,3,12552.314,0.0,0.0,0.0,0.0,313807.85
1780767,IT,TW,RENTI,BASIC,0.08,12551.774,3,3,12551.774,0.0,0.0,0.0,0.0,156897.175
1794547,IT,WL,HEAVY,SUGA1,0.02,12551.758,3,3,12551.758,0.0,0.0,0.0,0.0,627587.9
1737785,IT,GB,LIQUE,REALE,0.02,12551.745,3,3,12551.745,0.0,0.0,0.0,0.0,627587.25
1748386,IT,CN,CROPS,FISHF,0.1,12551.654,3,3,12551.654,0.0,0.0,0.0,0.0,125516.54
1790461,IT,WA,COPP1,STONE,0.03,12551.066,3,3,12551.066,0.0,0.0,0.0,0.0,418368.866667
1729527,IT,SE,LEAD1,RENTI,0.02,12549.599,3,3,12549.599,0.0,0.0,0.0,0.0,627479.95
1741784,IT,US,NONSP,BUSIN,0.02,12549.243,3,3,12549.243,0.0,0.0,0.0,0.0,627462.15
1748614,IT,CN,DAIRY,RAWMI,0.05,12548.53,3,3,12548.53,0.0,0.0,0.0,0.0,250970.6
1797877,IT,WL,FOOD3,LANDT,0.04,12547.861,3,3,12547.861,0.0,0.0,0.0,0.0,313696.525
1803045,IT,WF,CEREA,LEADZ,0.02,12547.619,3,3,12547.619,0.0,0.0,0.0,0.0,627380.95
1801540,IT,WE,TRANS,VEGET,0.07,12547.396,3,3,12547.396,0.0,0.0,0.0,0.0,179248.514286
1798801,IT,WE,FOOD5,BRICK,0.06,12547.289,3,3,12547.289,0.0,0.0,0.0,0.0,209121.483333
1667197,IT,ES,PREC1,SUGA1,0.02,12546.361,3,3,12546.361,0.0,0.0,0.0,0.0,627318.05
1728555,IT,SE,PAPER,WEARI,0.05,12546.289,3,3,12546.289,0.0,0.0,0.0,0.0,250925.78
1795435,IT,WL,PREC1,BITUM,0.02,12545.518,3,3,12545.518,0.0,0.0,0.0,0.0,627275.9
1768897,IT,AU,WOODW,RADIO,0.04,12545.042,3,3,12545.042,0.0,0.0,0.0,0.0,313626.05
1714503,IT,NL,CRUDE,FOOD5,0.02,12544.846,3,3,12544.846,0.0,0.0,0.0,0.0,627242.3
1660153,IT,DE,SUPPO,KEROS,0.09,12544.728,3,3,12544.728,0.0,0.0,0.0,0.0,139385.866667
1720591,IT,PL,OFFIC,MEMBE,0.04,12544.536,3,3,12544.536,0.0,0.0,0.0,0.0,313613.4
1762079,IT,IN,RETA1,MACHI,0.13,12544.421,3,3,12544.421,0.0,0.0,0.0,0.0,96495.546154
1643771,IT,AT,POSTT,CERAM,0.21,12544.342,3,3,12544.342,0.0,0.0,0.0,0.0,59734.961905
1784668,IT,ID,OFFIC,COMPU,0.04,12543.669,3,3,12543.669,0.0,0.0,0.0,0.0,313591.725
1766872,IT,RU,OFFIC,WOODW,0.04,12543.594,3,3,12543.594,0.0,0.0,0.0,0.0,313589.85
1689036,IT,IE,OFFIC,RENTI,0.04,12543.241,3,3,12543.241,0.0,0.0,0.0,0.0,313581.025
1788924,IT,WA,HEAVY,SANDC,0.02,12543.041,3,3,12543.041,0.0,0.0,0.0,0.0,627152.05
1735356,IT,SK,NONME,SANDC,0.03,12542.743,3,3,12542.743,0.0,0.0,0.0,0.0,418091.433333
1674037,IT,FR,GASDI,PRINT,0.02,12541.226,3,3,12541.226,0.0,0.0,0.0,0.0,627061.3
1750062,IT,CN,BASIC,KEROS,0.01,12540.363,3,3,12540.363,0.0,0.0,0.0,0.0,1254036.3
1679722,IT,GR,NONME,DISTR,0.03,12539.38,3,3,12539.38,0.0,0.0,0.0,0.0,417979.333333
1683292,IT,HR,CEMEN,BASIC,0.02,12538.926,3,3,12538.926,0.0,0.0,0.0,0.0,626946.3
1722750,IT,PT,PAPER,MEAT4,0.05,12538.444,3,3,12538.444,0.0,0.0,0.0,0.0,250768.88
1809522,IT,WM,MEAT4,RETA1,0.07,12538.317,3,3,12538.317,0.0,0.0,0.0,0.0,179118.814286
1714080,IT,MT,SEACO,VEGET,0.01,12537.985,3,3,12537.985,0.0,0.0,0.0,0.0,1253798.5
1646269,IT,BE,LEAD1,OILHA,0.02,12537.746,3,3,12537.746,0.0,0.0,0.0,0.0,626887.3
1761928,IT,IN,FURNI,GLASS,0.04,12537.384,3,3,12537.384,0.0,0.0,0.0,0.0,313434.6
1785768,IT,ZA,PLAST,MEDIC,0.03,12537.344,3,3,12537.344,0.0,0.0,0.0,0.0,417911.466667
1734891,IT,SK,PAPER,AUXIL,0.05,12537.05,3,3,12537.05,0.0,0.0,0.0,0.0,250741.0
1673848,IT,FR,PRINT,LANDT,0.12,12536.353,3,3,12536.353,0.0,0.0,0.0,0.0,104469.608333
1814050,IT,WM,INLAN,CRUDE,0.02,12535.87,3,3,12535.87,0.0,0.0,0.0,0.0,626793.5
1785262,IT,ZA,TEXTI,LANDT,0.07,12535.631,4,4,12535.629,0.0,0.0,0.0,0.002,179080.442857
1668126,IT,ES,CONST,RESEA,0.07,12535.607,3,3,12535.607,0.0,0.0,0.0,0.0,179080.1
1685107,IT,HU,FOOD5,GLASS,0.06,12535.3,3,3,12535.3,0.0,0.0,0.0,0.0,208921.666667
1713341,IT,MT,GASDI,FOOD5,0.02,12535.019,3,3,12535.019,0.0,0.0,0.0,0.0,626750.95
1669620,IT,ES,RENTI,ELEC3,0.07,12534.99,3,3,12534.99,0.0,0.0,0.0,0.0,179071.285714
1688903,IT,IE,COPP1,MOTO1,0.03,12534.914,3,3,12534.914,0.0,0.0,0.0,0.0,417830.466667
1795501,IT,WL,ALUM1,LEATH,0.02,12534.891,3,3,12534.891,0.0,0.0,0.0,0.0,626744.55
1715437,IT,NL,MOTOR,HOTEL,0.02,12534.154,3,3,12534.154,0.0,0.0,0.0,0.0,626707.7
1651888,IT,CY,POSTT,COMPU,0.21,12533.291,3,3,12533.291,0.0,0.0,0.0,0.0,59682.338095
1759029,IT,BR,TRAN2,MOTOR,0.02,12533.232,3,3,12533.232,0.0,0.0,0.0,0.0,626661.6
1657696,IT,DE,CERAM,FOOD2,0.02,12532.762,3,3,12532.762,0.0,0.0,0.0,0.0,626638.1
1790601,IT,WA,FABRI,FORES,0.05,12531.662,3,3,12531.662,0.0,0.0,0.0,0.0,250633.24
1675474,IT,FR,OFFIC,PAPER,0.04,12531.441,3,3,12531.441,0.0,0.0,0.0,0.0,313286.025
1685583,IT,HU,PRINT,PLAST,0.12,12531.267,3,3,12531.267,0.0,0.0,0.0,0.0,104427.225
1768039,IT,RU,BUSIN,PULP5,0.13,12531.223,3,3,12531.223,0.0,0.0,0.0,0.0,96394.023077
1763620,IT,MX,ADDIT,BITU1,0.03,12529.624,3,3,12529.624,0.0,0.0,0.0,0.0,417654.133333
1812046,IT,WM,CERAM,DAIRY,0.02,12529.608,3,3,12529.608,0.0,0.0,0.0,0.0,626480.4
1710112,IT,LT,FABRI,93197,0.05,12529.347,3,3,12529.347,0.0,0.0,0.0,0.0,250586.94
1806469,IT,WF,TRANS,BASIC,0.07,12528.58,3,3,12528.58,0.0,0.0,0.0,0.0,178979.714286
1780248,IT,TW,LANDT,DAIRY,0.08,12528.498,3,3,12528.498,0.0,0.0,0.0,0.0,156606.225
1768479,IT,AU,FOOD5,WHEAT,0.06,12527.14,3,3,12527.14,0.0,0.0,0.0,0.0,208785.666667
1813645,IT,WM,RETA1,WOODW,0.13,12527.106,3,3,12527.106,0.0,0.0,0.0,0.0,96362.353846
1681973,IT,HR,FOOD5,FURNI,0.06,12527.042,3,3,12527.042,0.0,0.0,0.0,0.0,208784.033333
1716381,IT,NL,MACHI,PLAST,0.07,12527.01,3,3,12527.01,0.0,0.0,0.0,0.0,178957.285714
1681286,IT,GR,FINAN,HEALT,0.16,12526.865,3,3,12526.865,0.0,0.0,0.0,0.0,78292.90625
1656738,IT,DE,MOTOR,COMPU,0.02,12525.445,3,3,12525.445,0.0,0.0,0.0,0.0,626272.25
1776884,IT,TR,PLAST,LEADZ,0.03,12524.908,3,3,12524.908,0.0,0.0,0.0,0.0,417496.933333
1715957,IT,NL,CERAM,BEVER,0.02,12524.902,3,3,12524.902,0.0,0.0,0.0,0.0,626245.1
1765352,IT,RU,FOOD5,BUSIN,0.06,12524.692,3,3,12524.692,0.0,0.0,0.0,0.0,208744.866667
1745985,IT,JP,WOODW,PUBLI,0.04,12524.587,3,3,12524.587,0.0,0.0,0.0,0.0,313114.675
1760568,IT,IN,LEATH,PUBLI,0.09,12524.569,4,4,12524.567,0.0,0.0,0.0,0.002,139161.877778
1724306,IT,PT,LANDT,AIRTR,0.08,12524.118,3,3,12524.118,0.0,0.0,0.0,0.0,156551.475
1799234,IT,WE,LEATH,FISH5,0.09,12523.038,4,4,12523.036,0.0,0.0,0.0,0.002,139144.866667
1744227,IT,US,POSTT,BASIC,0.21,12522.55,3,3,12522.55,0.0,0.0,0.0,0.0,59631.190476
1761857,IT,IN,MOTO1,REALE,0.07,12522.257,3,3,12522.257,0.0,0.0,0.0,0.0,178889.385714
1796461,IT,WL,RETA1,PIGS9,0.13,12522.255,3,3,12522.255,0.0,0.0,0.0,0.0,96325.038462
1754650,IT,KR,STONE,COMPU,0.04,12522.027,4,4,12521.027,0.0,0.0,1.0,0.0,313050.675
1656895,IT,DE,HEAVY,POSTT,0.02,12521.995,3,3,12521.995,0.0,0.0,0.0,0.0,626099.75
1668146,IT,ES,SALEM,PLAST,0.1,12521.909,3,3,12521.909,0.0,0.0,0.0,0.0,125219.09
1800475,IT,WE,RUBBE,ALUMI,0.04,12521.673,3,3,12521.673,0.0,0.0,0.0,0.0,313041.825
1777386,IT,TR,CERAM,OFFIC,0.02,12521.238,3,3,12521.238,0.0,0.0,0.0,0.0,626061.9
1767266,IT,RU,HOTEL,PLAST,0.09,12520.826,3,3,12520.826,0.0,0.0,0.0,0.0,139120.288889
1719057,IT,PL,LIQUE,CONST,0.02,12520.321,3,3,12520.321,0.0,0.0,0.0,0.0,626016.05
1715555,IT,NL,GASDI,RECRE,0.02,12520.094,3,3,12520.094,0.0,0.0,0.0,0.0,626004.7
1671078,IT,FI,RUBBE,HOTEL,0.04,12519.287,3,3,12519.287,0.0,0.0,0.0,0.0,312982.175
1715688,IT,NL,NONSP,STEAM,0.02,12519.225,3,3,12519.225,0.0,0.0,0.0,0.0,625961.25
1804956,IT,WF,NONSP,WHOLE,0.02,12519.044,3,3,12519.044,0.0,0.0,0.0,0.0,625952.2
1736579,IT,SK,SUPPO,COMPU,0.09,12518.828,3,3,12518.828,0.0,0.0,0.0,0.0,139098.088889
1664024,IT,EE,HEAVY,CONST,0.02,12518.713,3,3,12518.713,0.0,0.0,0.0,0.0,625935.65
1753847,IT,CA,WHOLE,BUSIN,0.11,12518.587,3,3,12518.587,0.0,0.0,0.0,0.0,113805.336364
1643305,IT,AT,RAILW,MEATC,0.08,12518.442,3,3,12518.442,0.0,0.0,0.0,0.0,156480.525
1754390,IT,CA,RENTI,RAWMI,0.07,12518.393,3,3,12518.393,0.0,0.0,0.0,0.0,178834.185714
1798177,IT,WE,CEREA,PAPER,0.02,12517.929,3,3,12517.929,0.0,0.0,0.0,0.0,625896.45
1757757,IT,BR,NONSP,NONSP,0.02,12517.644,3,3,12517.644,0.0,0.0,0.0,0.0,625882.2
1793468,IT,WL,SANDC,BIODI,0.03,12516.618,4,4,12513.618,0.0,0.0,3.0,0.0,417220.6
1761379,IT,IN,CEMEN,POSTT,0.02,12516.605,3,3,12516.605,0.0,0.0,0.0,0.0,625830.25
1758598,IT,BR,MOTO1,RETAI,0.07,12515.792,3,3,12515.792,0.0,0.0,0.0,0.0,178797.028571
1686416,IT,HU,BASIC,NONF1,0.01,12514.175,3,3,12514.175,0.0,0.0,0.0,0.0,1251417.5
1718548,IT,PL,WEARI,BASIC,0.09,12513.686,4,4,12513.684,0.0,0.0,0.0,0.002,139040.955556
1798049,IT,WL,MEMBE,CHEM1,0.15,12513.629,3,3,12513.629,0.0,0.0,0.0,0.0,83424.193333
1780741,IT,TW,REALE,PUBLI,0.53,12512.917,3,3,12512.917,0.0,0.0,0.0,0.0,23609.277358
1765819,IT,RU,GASDI,COLLE,0.02,12512.769,3,3,12512.769,0.0,0.0,0.0,0.0,625638.45
1719074,IT,PL,NAPHT,BUSIN,0.02,12511.98,3,3,12511.98,0.0,0.0,0.0,0.0,625599.0
1709345,IT,LT,DAIRY,RETAI,0.05,12511.895,3,3,12511.895,0.0,0.0,0.0,0.0,250237.9
1646819,IT,BE,SALEM,RESEA,0.1,12511.839,3,3,12511.839,0.0,0.0,0.0,0.0,125118.39
1789183,IT,WA,PLAST,COKEO,0.03,12511.558,3,3,12511.558,0.0,0.0,0.0,0.0,417051.933333
1769866,IT,AU,OFFIC,FINAN,0.04,12511.299,3,3,12511.299,0.0,0.0,0.0,0.0,312782.475
1641682,IT,AT,PLAST,NONFE,0.03,12511.225,3,3,12511.225,0.0,0.0,0.0,0.0,417040.833333
1641669,IT,AT,PETRO,SUPPO,0.02,12510.847,3,3,12510.847,0.0,0.0,0.0,0.0,625542.35
1802424,IT,WE,AIRTR,DISTR,0.01,12510.426,3,3,12510.426,0.0,0.0,0.0,0.0,1251042.6
1765642,IT,RU,WOODW,RECRE,0.04,12510.367,3,3,12510.367,0.0,0.0,0.0,0.0,312759.175
1730770,IT,SE,BUSIN,HEAVY,0.13,12510.266,3,3,12510.266,0.0,0.0,0.0,0.0,96232.815385
1789484,IT,WA,ADDIT,COALT,0.03,12510.121,3,3,12510.121,0.0,0.0,0.0,0.0,417004.033333
1674318,IT,FR,CHEM1,CROPS,0.03,12509.999,3,3,12509.999,0.0,0.0,0.0,0.0,416999.966667
1778635,IT,TR,HOTEL,CERAM,0.09,12509.473,3,3,12509.473,0.0,0.0,0.0,0.0,138994.144444
1808815,IT,WF,WOOD2,COMPU,0.07,12509.332,3,3,12509.332,0.0,0.0,0.0,0.0,178704.742857
1653756,IT,CZ,COPP1,RADIO,0.03,12509.264,3,3,12509.264,0.0,0.0,0.0,0.0,416975.466667
1753541,IT,CA,MACHI,KERO1,0.07,12508.817,3,3,12508.817,0.0,0.0,0.0,0.0,178697.385714
1667934,IT,ES,MOTO1,PLAS1,0.07,12508.664,3,3,12508.664,0.0,0.0,0.0,0.0,178695.2
1802415,IT,WE,AIRTR,CHEM1,0.01,12508.477,3,3,12508.477,0.0,0.0,0.0,0.0,1250847.7
1677249,IT,FR,FINAN,RAWMI,0.16,12508.087,3,3,12508.087,0.0,0.0,0.0,0.0,78175.54375
1732689,IT,SI,CERAM,DIST1,0.02,12507.667,3,3,12507.667,0.0,0.0,0.0,0.0,625383.35
1651606,IT,CY,CERAM,CEMEN,0.02,12507.634,3,3,12507.634,0.0,0.0,0.0,0.0,625381.7
1755491,IT,KR,PLAST,PRIVA,0.03,12507.328,3,3,12507.328,0.0,0.0,0.0,0.0,416910.933333
1747550,IT,JP,AIRTR,COALT,0.01,12506.645,3,3,12506.645,0.0,0.0,0.0,0.0,1250664.5
1813317,IT,WM,FURNI,PADDY,0.04,12506.148,3,3,12506.148,0.0,0.0,0.0,0.0,312653.7
1775414,IT,CH,PUBLI,PUBLI,0.2,12506.017,3,3,12506.017,0.0,0.0,0.0,0.0,62530.085
1710320,IT,LT,FURNI,RETA1,0.04,12505.945,3,3,12505.945,0.0,0.0,0.0,0.0,312648.625
1806318,IT,WF,OFFIC,PRINT,0.04,12505.252,3,3,12505.252,0.0,0.0,0.0,0.0,312631.3
1710486,IT,LT,LANDT,BUSIN,0.08,12504.68,3,3,12504.68,0.0,0.0,0.0,0.0,156308.5
1645189,IT,BE,PRINT,REALE,0.12,12504.328,3,3,12504.328,0.0,0.0,0.0,0.0,104202.733333
1726535,IT,RO,OFFIC,CROPS,0.04,12503.018,3,3,12503.018,0.0,0.0,0.0,0.0,312575.45
1722649,IT,PT,TEXTI,EDUCA,0.07,12502.772,4,4,12502.77,0.0,0.0,0.0,0.002,178611.028571
1644462,IT,BE,VEGE1,FABRI,0.04,12502.668,4,4,12502.665,0.0,0.0,0.0,0.003,312566.7
1766954,IT,RU,MOTO1,PREC1,0.07,12502.06,3,3,12502.06,0.0,0.0,0.0,0.0,178600.857143
1729234,IT,SE,CERAM,RAILW,0.02,12501.399,3,3,12501.399,0.0,0.0,0.0,0.0,625069.95
1679184,IT,GR,PRINT,LANDT,0.12,12501.204,3,3,12501.204,0.0,0.0,0.0,0.0,104176.7
1743477,IT,US,WHOLE,RETAI,0.11,12501.168,3,3,12501.168,0.0,0.0,0.0,0.0,113646.981818
1669239,IT,ES,POSTT,PAPE4,0.21,12500.492,3,3,12500.492,0.0,0.0,0.0,0.0,59526.152381
1710009,IT,LT,ALUM1,FURNI,0.02,12500.184,3,3,12500.184,0.0,0.0,0.0,0.0,625009.2
1679661,IT,GR,GLASS,DISTR,0.03,12499.899,3,3,12499.899,0.0,0.0,0.0,0.0,416663.3
1764578,IT,MX,WHOLE,BASIC,0.11,12499.61,3,3,12499.61,0.0,0.0,0.0,0.0,113632.818182
1769740,IT,AU,MACHI,FISH5,0.07,12499.387,3,3,12499.387,0.0,0.0,0.0,0.0,178562.671429
1756325,IT,KR,MOTO1,INLAN,0.07,12499.182,3,3,12499.182,0.0,0.0,0.0,0.0,178559.742857
1711118,IT,LU,LEAD1,HOTEL,0.02,12499.152,3,3,12499.152,0.0,0.0,0.0,0.0,624957.6
1711109,IT,LU,LEAD1,MACHI,0.02,12498.964,3,3,12498.964,0.0,0.0,0.0,0.0,624948.2
1797172,IT,WL,POSTT,INLAN,0.21,12498.16,3,3,12498.16,0.0,0.0,0.0,0.0,59515.047619
1713064,IT,MT,VEGE1,CONST,0.04,12498.102,4,4,12498.099,0.0,0.0,0.0,0.003,312452.55
1716799,IT,NL,RETA1,BUSIN,0.13,12497.925,3,3,12497.925,0.0,0.0,0.0,0.0,96137.884615
1717732,IT,NL,BUSIN,SEWAG,0.13,12497.373,3,3,12497.373,0.0,0.0,0.0,0.0,96133.638462
1766306,IT,RU,NONME,BITUM,0.03,12497.056,3,3,12497.056,0.0,0.0,0.0,0.0,416568.533333
1755165,IT,KR,LEATH,SEACO,0.09,12496.824,4,4,12496.822,0.0,0.0,0.0,0.002,138853.6
1757359,IT,BR,WEARI,MEAT4,0.09,12496.684,4,4,12496.682,0.0,0.0,0.0,0.002,138852.044444
1642388,IT,AT,BASIC,FOOD4,0.01,12496.539,3,3,12496.539,0.0,0.0,0.0,0.0,1249653.9
1726143,IT,RO,RUBBE,INERT,0.04,12496.1,3,3,12496.1,0.0,0.0,0.0,0.0,312402.5
1687628,IT,HU,AIRTR,MEATC,0.01,12495.392,3,3,12495.392,0.0,0.0,0.0,0.0,1249539.2
1778960,IT,TR,SEACO,INLAN,0.01,12495.328,3,3,12495.328,0.0,0.0,0.0,0.0,1249532.8
1791788,IT,WA,LANDT,CROPS,0.08,12495.196,3,3,12495.196,0.0,0.0,0.0,0.0,156189.95
1685050,IT,HU,DAIRY,REALE,0.05,12495.051,3,3,12495.051,0.0,0.0,0.0,0.0,249901.02
1741803,IT,US,PLAST,CEMEN,0.03,12494.808,3,3,12494.808,0.0,0.0,0.0,0.0,416493.6
1663129,IT,DK,LANDT,VEGET,0.08,12494.653,3,3,12494.653,0.0,0.0,0.0,0.0,156183.1625
1658908,IT,DE,FURNI,GLASS,0.04,12493.707,3,3,12493.707,0.0,0.0,0.0,0.0,312342.675
1775412,IT,CH,PUBLI,RESEA,0.2,12493.204,3,3,12493.204,0.0,0.0,0.0,0.0,62466.02
1799014,IT,WE,TEXTI,PULP5,0.07,12492.818,4,4,12492.816,0.0,0.0,0.0,0.002,178468.828571
1682277,IT,HR,LEATH,MEDIC,0.09,12492.406,4,4,12492.404,0.0,0.0,0.0,0.002,138804.511111
1752784,IT,CA,WOODW,INLAN,0.03,12492.357,3,3,12492.357,0.0,0.0,0.0,0.0,416411.9
1794384,IT,WL,KEROS,COPP1,0.02,12490.501,3,3,12490.501,0.0,0.0,0.0,0.0,624525.05
1770095,IT,AU,WHOLE,RUBBE,0.11,12489.702,3,3,12489.702,0.0,0.0,0.0,0.0,113542.745455
1780660,IT,TW,AUXIL,PLAST,0.23,12489.69,3,3,12489.69,0.0,0.0,0.0,0.0,54303.0
1774939,IT,CH,INSUR,POSTT,0.26,12489.612,3,3,12489.612,0.0,0.0,0.0,0.0,48036.969231
1789735,IT,WA,GLASS,MEAT1,0.03,12489.593,3,3,12489.593,0.0,0.0,0.0,0.0,416319.766667
1783964,IT,ID,VEGE1,RAWMI,0.04,12488.593,4,4,12488.59,0.0,0.0,0.0,0.003,312214.825
1738283,IT,GB,NONME,LANDT,0.03,12488.229,3,3,12488.229,0.0,0.0,0.0,0.0,416274.3
1791181,IT,WA,FURNI,MEAT1,0.04,12487.734,3,3,12487.734,0.0,0.0,0.0,0.0,312193.35
1791978,IT,WA,SEACO,DIST1,0.01,12487.629,3,3,12487.629,0.0,0.0,0.0,0.0,1248762.9
1777075,IT,TR,CHEM1,TRAN1,0.03,12487.392,3,3,12487.392,0.0,0.0,0.0,0.0,416246.4
1734499,IT,SK,VEGE1,PIGS9,0.04,12487.275,4,4,12487.272,0.0,0.0,0.0,0.003,312181.875
1717902,IT,PL,FORES,FORES,0.11,12487.217,4,4,12482.217,0.0,5.0,0.0,0.0,113520.154545
1733024,IT,SI,LEAD1,WASTE,0.02,12487.202,3,3,12487.202,0.0,0.0,0.0,0.0,624360.1
1711320,IT,LU,WHOLE,CERAM,0.11,12486.822,3,3,12486.822,0.0,0.0,0.0,0.0,113516.563636
1784878,IT,ID,AIRTR,SALEM,0.01,12486.028,3,3,12486.028,0.0,0.0,0.0,0.0,1248602.8
1771993,IT,CH,PAPER,WOOD1,0.05,12485.845,3,3,12485.845,0.0,0.0,0.0,0.0,249716.9
1773116,IT,CH,COPP1,NONME,0.03,12484.993,3,3,12484.993,0.0,0.0,0.0,0.0,416166.433333
1649996,IT,BG,MACHI,POULT,0.07,12484.814,3,3,12484.814,0.0,0.0,0.0,0.0,178354.485714
1772622,IT,CH,GLASS,KEROS,0.03,12483.284,3,3,12483.284,0.0,0.0,0.0,0.0,416109.466667
1666286,IT,ES,LIQUE,WHEAT,0.02,12483.166,3,3,12483.166,0.0,0.0,0.0,0.0,624158.3
1682039,IT,HR,BEVER,PUBLI,0.05,12483.053,3,3,12483.053,0.0,0.0,0.0,0.0,249661.06
1668873,IT,ES,SEACO,NFERT,0.01,12482.016,3,3,12482.016,0.0,0.0,0.0,0.0,1248201.6
1717486,IT,NL,REALE,WOODW,0.53,12481.842,3,3,12481.842,0.0,0.0,0.0,0.0,23550.645283
1775180,IT,CH,RESEA,RUBBE,0.07,12481.425,3,3,12481.425,0.0,0.0,0.0,0.0,178306.071429
1741734,IT,US,NAPHT,LIQUI,0.02,12481.238,3,3,12481.238,0.0,0.0,0.0,0.0,624061.9
1670560,IT,FI,TEXTI,MACHI,0.07,12480.525,4,4,12480.523,0.0,0.0,0.0,0.002,178293.214286
1729439,IT,SE,BASIC,MEMBE,0.01,12480.447,3,3,12480.447,0.0,0.0,0.0,0.0,1248044.7
1722966,IT,PT,NAPHT,SANDC,0.02,12480.194,3,3,12480.194,0.0,0.0,0.0,0.0,624009.7
1665679,IT,ES,PULP5,FABRI,0.04,12479.902,3,3,12479.902,0.0,0.0,0.0,0.0,311997.55
1737796,IT,GB,NAPHT,NAPHT,0.02,12479.033,3,3,12479.033,0.0,0.0,0.0,0.0,623951.65
1766964,IT,RU,MOTO1,RADIO,0.07,12479.021,3,3,12479.021,0.0,0.0,0.0,0.0,178271.728571
1727148,IT,RO,LANDT,TRAN2,0.08,12479.016,3,3,12479.016,0.0,0.0,0.0,0.0,155987.7
1742427,IT,US,NONME,FOOD4,0.03,12478.997,3,3,12478.997,0.0,0.0,0.0,0.0,415966.566667
1783472,IT,NO,WOOD1,BASIC,0.08,12478.78,3,3,12478.78,0.0,0.0,0.0,0.0,155984.75
1690384,IT,IE,WASTE,REALE,0.04,12478.769,3,3,12478.769,0.0,0.0,0.0,0.0,311969.225
1753358,IT,CA,PREC1,LEAD1,0.02,12478.621,3,3,12478.621,0.0,0.0,0.0,0.0,623931.05
1733980,IT,SI,SUPPO,RESEA,0.09,12478.436,3,3,12478.436,0.0,0.0,0.0,0.0,138649.288889
1778143,IT,TR,TRANS,RADIO,0.07,12478.102,3,3,12478.102,0.0,0.0,0.0,0.0,178258.6
1769675,IT,AU,FABRI,AIRTR,0.05,12478.095,3,3,12478.095,0.0,0.0,0.0,0.0,249561.9
1670837,IT,FI,NONSP,PULP5,0.02,12477.341,3,3,12477.341,0.0,0.0,0.0,0.0,623867.05
1776926,IT,TR,PLAST,OFFIC,0.03,12477.227,3,3,12477.227,0.0,0.0,0.0,0.0,415907.566667
1715120,IT,NL,LEATH,PIGS9,0.09,12476.935,4,4,12476.933,0.0,0.0,0.0,0.002,138632.611111
1732255,IT,SI,LIQUE,ELECT,0.02,12476.651,3,3,12476.651,0.0,0.0,0.0,0.0,623832.55
1787517,IT,WA,CHEMI,TEXTI,0.03,12476.611,4,4,12475.611,0.0,0.0,1.0,0.0,415887.033333
1719644,IT,PL,BRICK,CERAM,0.02,12474.069,3,3,12474.069,0.0,0.0,0.0,0.0,623703.45
1787259,IT,WA,VEGET,COPP1,0.04,12474.032,3,3,12474.032,0.0,0.0,0.0,0.0,311850.8
1774821,IT,CH,POSTT,RAILW,0.21,12473.662,3,3,12473.662,0.0,0.0,0.0,0.0,59398.390476
1775644,IT,CH,93197,AIRTR,0.08,12473.332,3,3,12473.332,0.0,0.0,0.0,0.0,155916.65
1679442,IT,GR,CHEM1,PROCE,0.03,12472.58,3,3,12472.58,0.0,0.0,0.0,0.0,415752.666667
1798465,IT,WE,NATUR,RADIO,0.02,12472.448,3,3,12472.448,0.0,0.0,0.0,0.0,623622.4
1748604,IT,CN,VEGE1,COMPU,0.04,12471.888,4,4,12471.885,0.0,0.0,0.0,0.003,311797.2
1677698,IT,FR,RENTI,FOUND,0.07,12471.818,3,3,12471.818,0.0,0.0,0.0,0.0,178168.828571
1808633,IT,WF,PLAS2,EDUCA,0.1,12471.398,3,3,12471.398,0.0,0.0,0.0,0.0,124713.98
1756008,IT,KR,COPP1,TRANS,0.03,12471.329,3,3,12471.329,0.0,0.0,0.0,0.0,415710.966667
1775851,IT,TR,VEGE1,BUSIN,0.04,12471.114,4,4,12471.111,0.0,0.0,0.0,0.003,311777.85
1669851,IT,ES,BUSIN,PAPE4,0.13,12471.064,3,3,12471.064,0.0,0.0,0.0,0.0,95931.261538
1713417,IT,MT,NUCLE,CERAM,0.03,12470.904,3,3,12470.904,0.0,0.0,0.0,0.0,415696.8
1739916,IT,GB,FINAN,FOOD4,0.16,12470.778,3,3,12470.778,0.0,0.0,0.0,0.0,77942.3625
1720947,IT,PL,WHOLE,BEVER,0.11,12470.647,3,3,12470.647,0.0,0.0,0.0,0.0,113369.518182
1747684,IT,JP,POSTT,CONST,0.21,12469.52,3,3,12469.52,0.0,0.0,0.0,0.0,59378.666667
1645544,IT,BE,PLAST,OILHA,0.03,12469.487,3,3,12469.487,0.0,0.0,0.0,0.0,415649.566667
1795821,IT,WL,MACHI,BIOG1,0.07,12469.079,3,3,12469.079,0.0,0.0,0.0,0.0,178129.7
1716295,IT,NL,FABRI,KEROS,0.05,12469.004,3,3,12469.004,0.0,0.0,0.0,0.0,249380.08
1779100,IT,TR,SUPPO,TRANS,0.09,12468.882,3,3,12468.882,0.0,0.0,0.0,0.0,138543.133333
1752915,IT,CA,NAPHT,NONSP,0.02,12468.856,3,3,12468.856,0.0,0.0,0.0,0.0,623442.8
1682330,IT,HR,WOODW,LEATH,0.03,12468.732,3,3,12468.732,0.0,0.0,0.0,0.0,415624.4
1809388,IT,WM,CHEMI,SANDC,0.03,12467.992,4,4,12466.992,0.0,0.0,1.0,0.0,415599.733333
1811257,IT,WM,BITU1,ALUMI,0.02,12467.063,3,3,12467.063,0.0,0.0,0.0,0.0,623353.15
1674491,IT,FR,BIODI,PUBLI,0.03,12466.999,3,3,12466.999,0.0,0.0,0.0,0.0,415566.633333
1752900,IT,CA,HEAVY,PULP5,0.02,12466.771,3,3,12466.771,0.0,0.0,0.0,0.0,623338.55
1719196,IT,PL,PLAST,PUBLI,0.03,12466.313,3,3,12466.313,0.0,0.0,0.0,0.0,415543.766667
1744471,IT,US,AUXIL,HEALT,0.23,12466.216,3,3,12466.216,0.0,0.0,0.0,0.0,54200.93913
1687963,IT,HU,RENTI,NAPHT,0.07,12465.839,3,3,12465.839,0.0,0.0,0.0,0.0,178083.414286
1793682,IT,WL,FOOD5,SANDC,0.06,12465.464,3,3,12465.464,0.0,0.0,0.0,0.0,207757.733333
1667028,IT,ES,NONME,VEGE1,0.03,12465.322,3,3,12465.322,0.0,0.0,0.0,0.0,415510.733333
1808442,IT,WF,FOOD4,MEAT4,0.09,12465.051,3,3,12465.051,0.0,0.0,0.0,0.0,138500.566667
1709384,IT,LT,BEVER,FISHF,0.05,12464.719,3,3,12464.719,0.0,0.0,0.0,0.0,249294.38
1677174,IT,FR,POSTT,BASIC,0.21,12464.615,3,3,12464.615,0.0,0.0,0.0,0.0,59355.309524
1715393,IT,NL,PRINT,RESEA,0.12,12464.547,3,3,12464.547,0.0,0.0,0.0,0.0,103871.225
1745572,IT,JP,BEVER,INTER,0.05,12464.459,3,3,12464.459,0.0,0.0,0.0,0.0,249289.18
1748783,IT,CN,TEXTI,MOTOR,0.07,12464.443,4,4,12464.441,0.0,0.0,0.0,0.002,178063.471429
1740763,IT,US,MEAT4,RUBBE,0.07,12464.321,3,3,12464.321,0.0,0.0,0.0,0.0,178061.728571
1754802,IT,KR,FOOD5,BASIC,0.06,12463.595,3,3,12463.595,0.0,0.0,0.0,0.0,207726.583333
1746613,IT,JP,ALUM1,CERAM,0.02,12463.591,3,3,12463.591,0.0,0.0,0.0,0.0,623179.55
1679296,IT,GR,HEAVY,COPP1,0.02,12462.236,3,3,12462.236,0.0,0.0,0.0,0.0,623111.8
1741575,IT,US,GASDI,CERAM,0.02,12461.83,3,3,12461.83,0.0,0.0,0.0,0.0,623091.5
1729268,IT,SE,CEMEN,FABRI,0.02,12461.422,3,3,12461.422,0.0,0.0,0.0,0.0,623071.1
1711897,IT,LU,FOOD2,BASIC,0.07,12461.309,3,3,12461.309,0.0,0.0,0.0,0.0,178018.7
1745211,IT,JP,FORES,FORES,0.11,12461.265,4,4,12456.265,0.0,5.0,0.0,0.0,113284.227273
1782193,IT,NO,BASIC,PAPER,0.01,12461.191,3,3,12461.191,0.0,0.0,0.0,0.0,1246119.1
1649871,IT,BG,COPP1,RESEA,0.03,12461.037,3,3,12461.037,0.0,0.0,0.0,0.0,415367.9
1671984,IT,FI,LANDT,RETA1,0.08,12459.478,3,3,12459.478,0.0,0.0,0.0,0.0,155743.475
1758166,IT,BR,NONME,ALUM1,0.03,12459.137,3,3,12459.137,0.0,0.0,0.0,0.0,415304.566667
1641603,IT,AT,NAPHT,NFERT,0.02,12458.889,3,3,12458.889,0.0,0.0,0.0,0.0,622944.45
1795023,IT,WL,ADDIT,NATU1,0.03,12458.492,3,3,12458.492,0.0,0.0,0.0,0.0,415283.066667
1766874,IT,RU,OFFIC,PAPER,0.04,12456.939,3,3,12456.939,0.0,0.0,0.0,0.0,311423.475
1734216,IT,SI,RENTI,RUBBE,0.07,12456.33,3,3,12456.33,0.0,0.0,0.0,0.0,177947.571429
1773312,IT,CH,MACHI,PULP5,0.07,12455.83,3,3,12455.83,0.0,0.0,0.0,0.0,177940.428571
1724201,IT,PT,HOTEL,RETA1,0.09,12455.799,3,3,12455.799,0.0,0.0,0.0,0.0,138397.766667
1778231,IT,TR,FURNI,POSTT,0.04,12455.626,3,3,12455.626,0.0,0.0,0.0,0.0,311390.65
1721644,IT,PL,POSTT,EDUCA,0.21,12454.143,3,3,12454.143,0.0,0.0,0.0,0.0,59305.442857
1649307,IT,BG,NONSP,PFERT,0.02,12452.888,3,3,12452.888,0.0,0.0,0.0,0.0,622644.4
1772146,IT,CH,KEROS,TRANS,0.02,12452.426,3,3,12452.426,0.0,0.0,0.0,0.0,622621.3
1789559,IT,WA,BIOGA,KEROS,0.03,12452.356,3,3,12452.356,0.0,0.0,0.0,0.0,415078.533333
1725757,IT,RO,PRINT,GASDI,0.12,12452.349,3,3,12452.349,0.0,0.0,0.0,0.0,103769.575
1801960,IT,WE,SALEM,HEALT,0.1,12452.171,3,3,12452.171,0.0,0.0,0.0,0.0,124521.71
1764749,IT,MX,HOTEL,COLLE,0.09,12451.844,3,3,12451.844,0.0,0.0,0.0,0.0,138353.822222
1665300,IT,ES,BEVER,LANDT,0.05,12450.859,3,3,12450.859,0.0,0.0,0.0,0.0,249017.18
1768145,IT,RU,PUBLI,PRINT,0.2,12450.705,3,3,12450.705,0.0,0.0,0.0,0.0,62253.525
1651370,IT,CY,PAPER,REALE,0.05,12450.486,3,3,12450.486,0.0,0.0,0.0,0.0,249009.72
1719954,IT,PL,PREC1,TRAN2,0.02,12450.421,3,3,12450.421,0.0,0.0,0.0,0.0,622521.05
1735476,IT,SK,BASIC,POSTT,0.01,12450.316,3,3,12450.316,0.0,0.0,0.0,0.0,1245031.6
1772005,IT,CH,PRINT,PIGS9,0.12,12450.204,3,3,12450.204,0.0,0.0,0.0,0.0,103751.7
1711079,IT,LU,ALUM1,TEXTI,0.02,12450.145,3,3,12450.145,0.0,0.0,0.0,0.0,622507.25
1767463,IT,RU,TRAN2,NATUR,0.02,12449.682,3,3,12449.682,0.0,0.0,0.0,0.0,622484.1
1766235,IT,RU,GLASS,RETA1,0.03,12449.496,3,3,12449.496,0.0,0.0,0.0,0.0,414983.2
1713398,IT,MT,BITU1,CHEM1,0.02,12449.303,3,3,12449.303,0.0,0.0,0.0,0.0,622465.15
1734795,IT,SK,WOODW,LANDT,0.03,12449.142,3,3,12449.142,0.0,0.0,0.0,0.0,414971.4
1719575,IT,PL,GLASS,FOOD4,0.03,12449.089,3,3,12449.089,0.0,0.0,0.0,0.0,414969.633333
1687413,IT,HU,HOTEL,FINAN,0.09,12448.87,3,3,12448.87,0.0,0.0,0.0,0.0,138320.777778
1774903,IT,CH,INSUR,PLAST,0.26,12448.823,3,3,12448.823,0.0,0.0,0.0,0.0,47880.088462
1687174,IT,HU,FURNI,SUPPO,0.04,12448.405,3,3,12448.405,0.0,0.0,0.0,0.0,311210.125
1770171,IT,AU,RETA1,WHOLE,0.13,12448.404,3,3,12448.404,0.0,0.0,0.0,0.0,95756.953846
1814423,IT,WM,REALE,INSUR,0.53,12447.639,3,3,12447.639,0.0,0.0,0.0,0.0,23486.111321
1779151,IT,TR,POSTT,SANDC,0.21,12447.552,3,3,12447.552,0.0,0.0,0.0,0.0,59274.057143
1780547,IT,TW,FINAN,MOTOR,0.16,12447.502,3,3,12447.502,0.0,0.0,0.0,0.0,77796.8875
1783756,IT,NO,PAPE4,FOUND,0.08,12447.271,3,3,12447.271,0.0,0.0,0.0,0.0,155590.8875
1715710,IT,NL,PLAST,NUCLE,0.03,12446.792,3,3,12446.792,0.0,0.0,0.0,0.0,414893.066667
1734856,IT,SK,PAPER,BIODI,0.05,12446.428,3,3,12446.428,0.0,0.0,0.0,0.0,248928.56
1806029,IT,WF,COPP1,ELEC6,0.03,12445.338,3,3,12445.338,0.0,0.0,0.0,0.0,414844.6
1741767,IT,US,NONSP,NONSP,0.02,12444.983,3,3,12444.983,0.0,0.0,0.0,0.0,622249.15
1647911,IT,BE,REALE,DIST1,0.53,12444.356,3,3,12444.356,0.0,0.0,0.0,0.0,23479.916981
1689631,IT,IE,SUPPO,SUPPO,0.09,12443.516,3,3,12443.516,0.0,0.0,0.0,0.0,138261.288889
1748644,IT,CN,DAIRY,SECO9,0.05,12443.241,3,3,12443.241,0.0,0.0,0.0,0.0,248864.82
1660740,IT,DE,RENTI,AUXIL,0.07,12442.638,3,3,12442.638,0.0,0.0,0.0,0.0,177751.971429
1654102,IT,CZ,OFFIC,COLLE,0.04,12441.713,3,3,12441.713,0.0,0.0,0.0,0.0,311042.825
1729687,IT,SE,FABRI,FOODW,0.05,12441.001,3,3,12441.001,0.0,0.0,0.0,0.0,248820.02
1739642,IT,GB,AIRTR,PLAST,0.01,12440.881,3,3,12440.881,0.0,0.0,0.0,0.0,1244088.1
1786016,IT,ZA,GLASS,TRANS,0.03,12440.735,3,3,12440.735,0.0,0.0,0.0,0.0,414691.166667
1772375,IT,CH,CHEM1,SUGA1,0.03,12440.681,3,3,12440.681,0.0,0.0,0.0,0.0,414689.366667
1746005,IT,JP,PAPER,PFERT,0.05,12440.147,3,3,12440.147,0.0,0.0,0.0,0.0,248802.94
1767940,IT,RU,COMPU,MEATP,0.14,12439.815,3,3,12439.815,0.0,0.0,0.0,0.0,88855.821429
1658158,IT,DE,ALUM1,ELEC6,0.02,12439.68,3,3,12439.68,0.0,0.0,0.0,0.0,621984.0
1655962,IT,DE,FOOD5,PROCE,0.06,12439.634,3,3,12439.634,0.0,0.0,0.0,0.0,207327.233333
1668581,IT,ES,HOTEL,FOODW,0.09,12439.43,3,3,12439.43,0.0,0.0,0.0,0.0,138215.888889
1756770,IT,KR,AIRTR,MOTO1,0.01,12439.308,3,3,12439.308,0.0,0.0,0.0,0.0,1243930.8
1723088,IT,PT,CHEM1,LEAD1,0.03,12438.696,3,3,12438.696,0.0,0.0,0.0,0.0,414623.2
1655636,IT,DE,CHEMI,CEREA,0.03,12438.131,4,4,12437.131,0.0,0.0,1.0,0.0,414604.366667
1734876,IT,SK,PAPER,BIOG1,0.05,12437.797,3,3,12437.797,0.0,0.0,0.0,0.0,248755.94
1755378,IT,KR,MOTOR,POSTT,0.02,12437.556,3,3,12437.556,0.0,0.0,0.0,0.0,621877.8
1756332,IT,KR,MOTO1,COMPU,0.07,12437.436,3,3,12437.436,0.0,0.0,0.0,0.0,177677.657143
1772866,IT,CH,BASIC,COPP1,0.01,12437.223,3,3,12437.223,0.0,0.0,0.0,0.0,1243722.3
1758125,IT,BR,CERAM,RETA1,0.02,12437.155,3,3,12437.155,0.0,0.0,0.0,0.0,621857.75
1669691,IT,ES,COMPU,DIST1,0.14,12435.922,3,3,12435.922,0.0,0.0,0.0,0.0,88828.014286
1798482,IT,WE,NATUR,AIRTR,0.02,12435.58,3,3,12435.58,0.0,0.0,0.0,0.0,621779.0
1732992,IT,SI,LEAD1,TEXTI,0.02,12435.322,3,3,12435.322,0.0,0.0,0.0,0.0,621766.1
1648727,IT,BG,FOOD5,ELEC8,0.06,12434.419,3,3,12434.419,0.0,0.0,0.0,0.0,207240.316667
1756462,IT,KR,CONST,HOTEL,0.07,12434.127,3,3,12434.127,0.0,0.0,0.0,0.0,177630.385714
1640700,IT,AT,FISH5,EDUCA,0.05,12432.968,4,4,12432.962,0.0,0.0,0.0,0.006,248659.36
1684552,IT,HR,BUSIN,MOTO1,0.13,12432.959,3,3,12432.959,0.0,0.0,0.0,0.0,95638.146154
1772364,IT,CH,CHEM1,FISHF,0.03,12432.707,3,3,12432.707,0.0,0.0,0.0,0.0,414423.566667
1662913,IT,DK,RETA1,FISH5,0.13,12431.855,3,3,12431.855,0.0,0.0,0.0,0.0,95629.653846
1761738,IT,IN,MACHI,KERO1,0.07,12431.342,3,3,12431.342,0.0,0.0,0.0,0.0,177590.6
1716870,IT,NL,HOTEL,ELECT,0.09,12431.187,3,3,12431.187,0.0,0.0,0.0,0.0,138124.3
1719625,IT,PL,CERAM,RAILW,0.02,12431.166,3,3,12431.166,0.0,0.0,0.0,0.0,621558.3
1727862,IT,RO,BUSIN,WOOD2,0.13,12431.158,3,3,12431.158,0.0,0.0,0.0,0.0,95624.292308
1687240,IT,HU,WHOLE,STONE,0.11,12429.832,3,3,12429.832,0.0,0.0,0.0,0.0,112998.472727
1809530,IT,WM,MEAT4,BUSIN,0.07,12429.665,3,3,12429.665,0.0,0.0,0.0,0.0,177566.642857
1664762,IT,EE,BUSIN,BUSIN,0.13,12429.593,3,3,12429.593,0.0,0.0,0.0,0.0,95612.253846
1772727,IT,CH,CEMEN,MOTOR,0.02,12428.523,3,3,12428.523,0.0,0.0,0.0,0.0,621426.15
1793765,IT,WL,FISH5,MEATC,0.05,12426.104,4,4,12426.098,0.0,0.0,0.0,0.006,248522.08
1679010,IT,GR,WOODW,RAWMI,0.03,12425.824,3,3,12425.824,0.0,0.0,0.0,0.0,414194.133333
1722989,IT,PT,BITU1,NAPHT,0.02,12425.045,3,3,12425.045,0.0,0.0,0.0,0.0,621252.25
1665347,IT,ES,FISH5,REALE,0.05,12424.922,4,4,12424.916,0.0,0.0,0.0,0.006,248498.44
1796526,IT,WL,RETA1,MOTO1,0.13,12424.562,3,3,12424.562,0.0,0.0,0.0,0.0,95573.553846
1763833,IT,MX,NONME,CATTL,0.03,12424.054,3,3,12424.054,0.0,0.0,0.0,0.0,414135.133333
1766939,IT,RU,MOTO1,BEVER,0.07,12423.781,3,3,12423.781,0.0,0.0,0.0,0.0,177482.585714
1737324,IT,GB,BEVER,KEROS,0.05,12423.373,3,3,12423.373,0.0,0.0,0.0,0.0,248467.46
1672594,IT,FR,MEATA,PIGS9,0.07,12422.589,4,4,12422.587,0.0,0.0,0.0,0.002,177465.557143
1715515,IT,NL,GASDI,KEROS,0.02,12422.24,3,3,12422.24,0.0,0.0,0.0,0.0,621112.0
1779682,IT,TR,RESEA,DISTR,0.07,12421.328,3,3,12421.328,0.0,0.0,0.0,0.0,177447.542857
1802330,IT,WE,TRAN2,HEALT,0.02,12420.686,3,3,12420.686,0.0,0.0,0.0,0.0,621034.3
1757650,IT,BR,HEAVY,TOBAC,0.02,12420.154,3,3,12420.154,0.0,0.0,0.0,0.0,621007.7
1764657,IT,MX,RETA1,WHOLE,0.13,12419.966,3,3,12419.966,0.0,0.0,0.0,0.0,95538.2
1778341,IT,TR,RETAI,FORES,0.1,12419.588,3,3,12419.588,0.0,0.0,0.0,0.0,124195.88
1810411,IT,WM,PULP5,PROCE,0.04,12419.233,3,3,12419.233,0.0,0.0,0.0,0.0,310480.825
1777292,IT,TR,RUBBE,MEMBE,0.04,12418.825,3,3,12418.825,0.0,0.0,0.0,0.0,310470.625
1769678,IT,AU,FABRI,FINAN,0.05,12418.323,3,3,12418.323,0.0,0.0,0.0,0.0,248366.46
1767142,IT,RU,CONST,REALE,0.07,12418.292,3,3,12418.292,0.0,0.0,0.0,0.0,177404.171429
1781387,IT,NO,PROCE,FOOD5,0.08,12417.667,3,3,12417.667,0.0,0.0,0.0,0.0,155220.8375
1773402,IT,CH,OFFIC,VEGET,0.04,12417.619,3,3,12417.619,0.0,0.0,0.0,0.0,310440.475
1654215,IT,CZ,MOTO1,FOOD3,0.07,12415.534,3,3,12415.534,0.0,0.0,0.0,0.0,177364.771429
1796512,IT,WL,RETA1,NONME,0.13,12415.474,3,3,12415.474,0.0,0.0,0.0,0.0,95503.646154
1642486,IT,AT,LEAD1,RUBBE,0.02,12415.022,3,3,12415.022,0.0,0.0,0.0,0.0,620751.1
1772048,IT,CH,PRINT,TRANS,0.12,12414.713,3,3,12414.713,0.0,0.0,0.0,0.0,103455.941667
1807083,IT,WF,SEACO,ALUM1,0.01,12413.917,3,3,12413.917,0.0,0.0,0.0,0.0,1241391.7
1782142,IT,NO,NONME,STONE,0.03,12413.601,3,3,12413.601,0.0,0.0,0.0,0.0,413786.7
1790364,IT,WA,LEAD1,VEGET,0.02,12413.556,3,3,12413.556,0.0,0.0,0.0,0.0,620677.8
1798182,IT,WE,CEREA,COMPU,0.02,12413.194,3,3,12413.194,0.0,0.0,0.0,0.0,620659.7
1721538,IT,PL,SUPPO,ELEC1,0.09,12412.579,3,3,12412.579,0.0,0.0,0.0,0.0,137917.544444
1780361,IT,TW,AIRTR,COPP1,0.01,12412.249,3,3,12412.249,0.0,0.0,0.0,0.0,1241224.9
1809865,IT,WM,BEVER,NATUR,0.05,12412.098,3,3,12412.098,0.0,0.0,0.0,0.0,248241.96
1786748,IT,ZA,RETA1,COMPU,0.13,12412.052,3,3,12412.052,0.0,0.0,0.0,0.0,95477.323077
1647368,IT,BE,SEACO,RAILW,0.01,12411.851,3,3,12411.851,0.0,0.0,0.0,0.0,1241185.1
1641634,IT,AT,BITU1,DIST1,0.02,12411.3,3,3,12411.3,0.0,0.0,0.0,0.0,620565.0
1651596,IT,CY,GLASS,SUPPO,0.03,12410.559,3,3,12410.559,0.0,0.0,0.0,0.0,413685.3
1732127,IT,SI,GASDI,SUGA1,0.02,12409.349,3,3,12409.349,0.0,0.0,0.0,0.0,620467.45
1734837,IT,SK,PAPER,VEGE1,0.05,12409.152,3,3,12409.152,0.0,0.0,0.0,0.0,248183.04
1709981,IT,LT,PREC1,MEDIC,0.02,12408.784,3,3,12408.784,0.0,0.0,0.0,0.0,620439.2
1682165,IT,HR,TEXTI,INTER,0.07,12408.624,4,4,12408.622,0.0,0.0,0.0,0.002,177266.057143
1777701,IT,TR,COPP1,MEDIC,0.03,12407.762,3,3,12407.762,0.0,0.0,0.0,0.0,413592.066667
1739555,IT,GB,TRAN2,LIQUE,0.02,12407.548,3,3,12407.548,0.0,0.0,0.0,0.0,620377.4
1764596,IT,MX,WHOLE,SALEM,0.11,12407.178,3,3,12407.178,0.0,0.0,0.0,0.0,112792.527273
1760398,IT,IN,DAIRY,CHEM1,0.05,12406.489,3,3,12406.489,0.0,0.0,0.0,0.0,248129.78
1722831,IT,PT,PAPER,FOOD3,0.05,12406.056,3,3,12406.056,0.0,0.0,0.0,0.0,248121.12
1759574,IT,BR,COMPU,MEDIC,0.14,12405.721,3,3,12405.721,0.0,0.0,0.0,0.0,88612.292857
1726548,IT,RO,OFFIC,PLAST,0.04,12405.1,3,3,12405.1,0.0,0.0,0.0,0.0,310127.5
1812045,IT,WM,CERAM,VEGE1,0.02,12404.749,3,3,12404.749,0.0,0.0,0.0,0.0,620237.45
1726160,IT,RO,GLASS,PAPER,0.03,12404.666,3,3,12404.666,0.0,0.0,0.0,0.0,413488.866667
1672667,IT,FR,CRUDE,TRAN2,0.02,12404.096,3,3,12404.096,0.0,0.0,0.0,0.0,620204.8
1682890,IT,HR,NAPHT,PFERT,0.02,12404.082,3,3,12404.082,0.0,0.0,0.0,0.0,620204.1
1733170,IT,SI,FABRI,FOOD4,0.05,12403.652,3,3,12403.652,0.0,0.0,0.0,0.0,248073.04
1651958,IT,CY,BUSIN,RAILW,0.13,12403.451,3,3,12403.451,0.0,0.0,0.0,0.0,95411.161538
1648770,IT,BG,BEVER,FISH5,0.05,12402.834,3,3,12402.834,0.0,0.0,0.0,0.0,248056.68
1647017,IT,BE,RETA1,ELEC3,0.13,12402.583,3,3,12402.583,0.0,0.0,0.0,0.0,95404.484615
1814021,IT,WM,SEACO,COLLE,0.01,12402.033,3,3,12402.033,0.0,0.0,0.0,0.0,1240203.3
1735786,IT,SK,MACHI,COKEO,0.07,12401.732,3,3,12401.732,0.0,0.0,0.0,0.0,177167.6
1681380,IT,GR,AUXIL,SUPPO,0.23,12401.315,3,3,12401.315,0.0,0.0,0.0,0.0,53918.76087
1784659,IT,ID,OFFIC,TRANS,0.04,12401.175,3,3,12401.175,0.0,0.0,0.0,0.0,310029.375
1667209,IT,ES,PREC1,LUBRI,0.02,12401.156,3,3,12401.156,0.0,0.0,0.0,0.0,620057.8
1796858,IT,WL,SEACO,BIOGA,0.01,12400.87,3,3,12400.87,0.0,0.0,0.0,0.0,1240087.0
1812450,IT,WM,PREC1,BASIC,0.02,12400.804,3,3,12400.804,0.0,0.0,0.0,0.0,620040.2
1657835,IT,DE,NONME,POSTT,0.03,12400.407,3,3,12400.407,0.0,0.0,0.0,0.0,413346.9
1727720,IT,RO,COMPU,SALEM,0.14,12400.237,3,3,12400.237,0.0,0.0,0.0,0.0,88573.121429
1789746,IT,WA,GLASS,PRINT,0.03,12398.951,3,3,12398.951,0.0,0.0,0.0,0.0,413298.366667
1685578,IT,HU,PRINT,WOODW,0.12,12398.613,3,3,12398.613,0.0,0.0,0.0,0.0,103321.775
1682045,IT,HR,FISH5,ANIMA,0.05,12397.838,4,4,12397.832,0.0,0.0,0.0,0.006,247956.76
1784712,IT,ID,FURNI,TRAN1,0.04,12397.815,3,3,12397.815,0.0,0.0,0.0,0.0,309945.375
1788063,IT,WA,TEXTI,RAILW,0.07,12397.652,4,4,12397.65,0.0,0.0,0.0,0.002,177109.314286
1689851,IT,IE,INSUR,EDUCA,0.26,12397.062,3,3,12397.062,0.0,0.0,0.0,0.0,47681.007692
1649011,IT,BG,WOODW,MEAT1,0.03,12396.87,3,3,12396.87,0.0,0.0,0.0,0.0,413229.0
1779608,IT,TR,COMPU,AUXIL,0.14,12396.22,3,3,12396.22,0.0,0.0,0.0,0.0,88544.428571
1749975,IT,CN,CERAM,SEACO,0.02,12395.742,3,3,12395.742,0.0,0.0,0.0,0.0,619787.1
1756220,IT,KR,MACHI,ELE12,0.07,12394.56,3,3,12394.56,0.0,0.0,0.0,0.0,177065.142857
1800823,IT,WE,BASIC,BIODI,0.01,12394.512,3,3,12394.512,0.0,0.0,0.0,0.0,1239451.2
1734949,IT,SK,GASDI,WHOLE,0.02,12394.26,3,3,12394.26,0.0,0.0,0.0,0.0,619713.0
1753371,IT,CA,ALUM1,PAPER,0.02,12394.062,3,3,12394.062,0.0,0.0,0.0,0.0,619703.1
1771469,IT,CH,BEVER,MOTO1,0.05,12392.998,3,3,12392.998,0.0,0.0,0.0,0.0,247859.96
1796332,IT,WL,SALEM,RECRE,0.1,12392.658,3,3,12392.658,0.0,0.0,0.0,0.0,123926.58
1714217,IT,MT,AUXIL,BUSIN,0.23,12391.725,3,3,12391.725,0.0,0.0,0.0,0.0,53877.065217
1776830,IT,TR,NAPHT,FOOD4,0.02,12391.719,3,3,12391.719,0.0,0.0,0.0,0.0,619585.95
1687284,IT,HU,WHOLE,RENTI,0.11,12391.381,3,3,12391.381,0.0,0.0,0.0,0.0,112648.918182
1710417,IT,LT,LANDT,WHEAT,0.08,12390.965,3,3,12390.965,0.0,0.0,0.0,0.0,154887.0625
1806642,IT,WF,SALEM,BUSIN,0.1,12390.813,3,3,12390.813,0.0,0.0,0.0,0.0,123908.13
1652038,IT,CZ,VEGET,HEALT,0.04,12390.438,3,3,12390.438,0.0,0.0,0.0,0.0,309760.95
1712459,IT,LV,ALUM1,FISH5,0.02,12390.405,3,3,12390.405,0.0,0.0,0.0,0.0,619520.25
1749765,IT,CN,ADDIT,GLASS,0.03,12389.683,3,3,12389.683,0.0,0.0,0.0,0.0,412989.433333
1756314,IT,KR,MOTO1,TRAN1,0.07,12389.174,3,3,12389.174,0.0,0.0,0.0,0.0,176988.2
1758269,IT,BR,ALUM1,MEATP,0.02,12388.938,3,3,12388.938,0.0,0.0,0.0,0.0,619446.9
1769849,IT,AU,OFFIC,MACHI,0.04,12388.109,3,3,12388.109,0.0,0.0,0.0,0.0,309702.725
1671622,IT,FI,FURNI,DISTR,0.04,12388.062,3,3,12388.062,0.0,0.0,0.0,0.0,309701.55
1668245,IT,ES,RETAI,93197,0.1,12386.968,3,3,12386.968,0.0,0.0,0.0,0.0,123869.68
1768891,IT,AU,WOODW,CHEM1,0.03,12386.134,3,3,12386.134,0.0,0.0,0.0,0.0,412871.133333
1647974,IT,BE,RENTI,HOTEL,0.07,12385.002,3,3,12385.002,0.0,0.0,0.0,0.0,176928.6
1642759,IT,AT,MACHI,ELEC2,0.07,12384.024,3,3,12384.024,0.0,0.0,0.0,0.0,176914.628571
1805374,IT,WF,RUBBE,BRICK,0.04,12383.802,3,3,12383.802,0.0,0.0,0.0,0.0,309595.05
1669012,IT,ES,SUPPO,MEATP,0.09,12383.741,3,3,12383.741,0.0,0.0,0.0,0.0,137597.122222
1785745,IT,ZA,PLAST,WOODW,0.03,12383.576,3,3,12383.576,0.0,0.0,0.0,0.0,412785.866667
1664203,IT,EE,CERAM,RUBBE,0.02,12383.559,3,3,12383.559,0.0,0.0,0.0,0.0,619177.95
1749484,IT,CN,HEAVY,COMPU,0.02,12383.353,3,3,12383.353,0.0,0.0,0.0,0.0,619167.65
1680182,IT,GR,MOTO1,HEALT,0.07,12382.598,3,3,12382.598,0.0,0.0,0.0,0.0,176894.257143
1748492,IT,CN,STONE,BUSIN,0.04,12381.968,4,4,12380.968,0.0,0.0,1.0,0.0,309549.2
1660680,IT,DE,RENTI,CATTL,0.07,12380.689,3,3,12380.689,0.0,0.0,0.0,0.0,176866.985714
1740537,IT,GB,93197,HOTEL,0.08,12380.587,3,3,12380.587,0.0,0.0,0.0,0.0,154757.3375
1754999,IT,KR,WEARI,POULT,0.09,12379.571,4,4,12379.569,0.0,0.0,0.0,0.002,137550.788889
1666581,IT,ES,CHEM1,BIODI,0.03,12379.205,3,3,12379.205,0.0,0.0,0.0,0.0,412640.166667
1740324,IT,GB,PUBLI,DIST1,0.2,12379.027,3,3,12379.027,0.0,0.0,0.0,0.0,61895.135
1807838,IT,WF,PAPE1,POULT,0.09,12378.277,3,3,12378.277,0.0,0.0,0.0,0.0,137536.411111
1649299,IT,BG,PARAF,LIGNI,0.02,12378.048,3,3,12378.048,0.0,0.0,0.0,0.0,618902.4
1795274,IT,WL,CERAM,LANDT,0.02,12378.021,3,3,12378.021,0.0,0.0,0.0,0.0,618901.05
1776329,IT,TR,PAPER,ELEC5,0.05,12377.908,3,3,12377.908,0.0,0.0,0.0,0.0,247558.16
1756546,IT,KR,WHOLE,93197,0.11,12377.895,3,3,12377.895,0.0,0.0,0.0,0.0,112526.318182
1654243,IT,CZ,TRANS,CONST,0.07,12377.652,3,3,12377.652,0.0,0.0,0.0,0.0,176823.6
1797738,IT,WL,INTER,CHEM1,0.07,12377.505,3,3,12377.505,0.0,0.0,0.0,0.0,176821.5
1763179,IT,MX,LEATH,ELECT,0.09,12377.208,4,4,12377.206,0.0,0.0,0.0,0.002,137524.533333
1751784,IT,CN,AUXIL,OFFIC,0.23,12377.14,3,3,12377.14,0.0,0.0,0.0,0.0,53813.652174
1674015,IT,FR,KEROS,WOOD2,0.02,12376.985,3,3,12376.985,0.0,0.0,0.0,0.0,618849.25
1654645,IT,CZ,LANDT,KEROS,0.08,12376.24,3,3,12376.24,0.0,0.0,0.0,0.0,154703.0
1799600,IT,WE,MOTOR,WOOLS,0.02,12376.234,3,3,12376.234,0.0,0.0,0.0,0.0,618811.7
1769094,IT,AU,PLAST,COKE1,0.03,12375.953,3,3,12375.953,0.0,0.0,0.0,0.0,412531.766667
1665696,IT,ES,PAPER,CROPS,0.05,12375.76,3,3,12375.76,0.0,0.0,0.0,0.0,247515.2
1812005,IT,WM,GLASS,COLLE,0.03,12374.237,3,3,12374.237,0.0,0.0,0.0,0.0,412474.566667
1752297,IT,CA,SANDC,PUBLI,0.03,12374.064,4,4,12371.064,0.0,0.0,3.0,0.0,412468.8
1736015,IT,SK,TRANS,AIRTR,0.07,12373.624,3,3,12373.624,0.0,0.0,0.0,0.0,176766.057143
1738900,IT,GB,FURNI,RUBBE,0.04,12373.572,3,3,12373.572,0.0,0.0,0.0,0.0,309339.3
1713441,IT,MT,PLAST,HEALT,0.03,12373.463,3,3,12373.463,0.0,0.0,0.0,0.0,412448.766667
1783071,IT,NO,INSUR,MACHI,0.26,12373.065,3,3,12373.065,0.0,0.0,0.0,0.0,47588.711538
1737804,IT,GB,NAPHT,REALE,0.02,12372.708,3,3,12372.708,0.0,0.0,0.0,0.0,618635.4
1778985,IT,TR,SEACO,93197,0.01,12372.522,3,3,12372.522,0.0,0.0,0.0,0.0,1237252.2
1754076,IT,CA,AIRTR,SANDC,0.01,12372.235,3,3,12372.235,0.0,0.0,0.0,0.0,1237223.5
1808009,IT,WF,INTER,CRUDE,0.07,12372.092,3,3,12372.092,0.0,0.0,0.0,0.0,176744.171429
1776139,IT,TR,LEATH,BASIC,0.09,12371.172,4,4,12371.17,0.0,0.0,0.0,0.002,137457.466667
1791974,IT,WA,SEACO,TRANS,0.01,12371.048,3,3,12371.048,0.0,0.0,0.0,0.0,1237104.8
1789532,IT,WA,ADDIT,RAILW,0.03,12370.976,3,3,12370.976,0.0,0.0,0.0,0.0,412365.866667
1720158,IT,PL,COPP1,LIQUE,0.03,12370.433,3,3,12370.433,0.0,0.0,0.0,0.0,412347.766667
1657184,IT,DE,CHEM1,BITUM,0.03,12369.574,3,3,12369.574,0.0,0.0,0.0,0.0,412319.133333
1718539,IT,PL,WEARI,WOODW,0.09,12368.719,4,4,12368.717,0.0,0.0,0.0,0.002,137430.211111
1804891,IT,WF,BITU1,NONME,0.02,12368.68,3,3,12368.68,0.0,0.0,0.0,0.0,618434.0
1777263,IT,TR,RUBBE,STEAM,0.04,12368.601,3,3,12368.601,0.0,0.0,0.0,0.0,309215.025
1679291,IT,GR,HEAVY,PULP5,0.02,12368.321,3,3,12368.321,0.0,0.0,0.0,0.0,618416.05
1657883,IT,DE,BASIC,MEAT1,0.01,12368.247,3,3,12368.247,0.0,0.0,0.0,0.0,1236824.7
1664670,IT,EE,LANDT,EDUCA,0.08,12368.047,3,3,12368.047,0.0,0.0,0.0,0.0,154600.5875
1680210,IT,GR,TRANS,MOTOR,0.07,12367.415,3,3,12367.415,0.0,0.0,0.0,0.0,176677.357143
1794186,IT,WL,PRINT,BIODI,0.12,12367.134,3,3,12367.134,0.0,0.0,0.0,0.0,103059.45
1721079,IT,PL,HOTEL,TRAN2,0.09,12366.123,3,3,12366.123,0.0,0.0,0.0,0.0,137401.366667
1807382,IT,WF,FINAN,DISTR,0.16,12365.975,3,3,12365.975,0.0,0.0,0.0,0.0,77287.34375
1772610,IT,CH,GLASS,MEATP,0.03,12365.889,3,3,12365.889,0.0,0.0,0.0,0.0,412196.3
1669234,IT,ES,POSTT,SEWAG,0.2,12364.986,3,3,12364.986,0.0,0.0,0.0,0.0,61824.93
1741462,IT,US,MOTOR,STEAM,0.02,12364.597,3,3,12364.597,0.0,0.0,0.0,0.0,618229.85
1796928,IT,WL,AIRTR,NICKE,0.01,12364.115,3,3,12364.115,0.0,0.0,0.0,0.0,1236411.5
1688379,IT,IE,FOOD5,FORES,0.06,12363.271,3,3,12363.271,0.0,0.0,0.0,0.0,206054.516667
1803109,IT,WF,VEGET,SUGA1,0.04,12363.184,3,3,12363.184,0.0,0.0,0.0,0.0,309079.6
1643951,IT,AT,COMPU,NONME,0.14,12362.296,3,3,12362.296,0.0,0.0,0.0,0.0,88302.114286
1778024,IT,TR,OFFIC,KEROS,0.04,12361.036,3,3,12361.036,0.0,0.0,0.0,0.0,309025.9
1786799,IT,ZA,HOTEL,ALUM1,0.09,12360.798,3,3,12360.798,0.0,0.0,0.0,0.0,137342.2
1742439,IT,US,BASIC,PLANT,0.01,12359.337,3,3,12359.337,0.0,0.0,0.0,0.0,1235933.7
1761893,IT,IN,FURNI,VEGET,0.04,12358.081,3,3,12358.081,0.0,0.0,0.0,0.0,308952.025
1750484,IT,CN,MACHI,PARAF,0.07,12357.691,3,3,12357.691,0.0,0.0,0.0,0.0,176538.442857
1683577,IT,HR,COPP1,BASIC,0.03,12357.58,3,3,12357.58,0.0,0.0,0.0,0.0,411919.333333
1649508,IT,BG,RUBBE,MEATC,0.04,12357.219,3,3,12357.219,0.0,0.0,0.0,0.0,308930.475
1720392,IT,PL,MACHI,PRECI,0.07,12357.065,3,3,12357.065,0.0,0.0,0.0,0.0,176529.5
1739591,IT,GB,SEACO,PARAF,0.01,12356.706,3,3,12356.706,0.0,0.0,0.0,0.0,1235670.6
1748899,IT,CN,WEARI,NFERT,0.09,12356.24,4,4,12356.238,0.0,0.0,0.0,0.002,137291.555556
1728260,IT,SE,BEVER,COPPE,0.05,12356.185,3,3,12356.185,0.0,0.0,0.0,0.0,247123.7
1650730,IT,BG,HOTEL,MOTO1,0.09,12355.991,3,3,12355.991,0.0,0.0,0.0,0.0,137288.788889
1734697,IT,SK,LEATH,WOODW,0.09,12355.694,4,4,12355.692,0.0,0.0,0.0,0.002,137285.488889
1776586,IT,TR,GASDI,MEAT4,0.02,12355.673,3,3,12355.673,0.0,0.0,0.0,0.0,617783.65
1745226,IT,JP,FISHF,FISHF,0.02,12355.501,3,3,12355.501,0.0,0.0,0.0,0.0,617775.05
1661959,IT,DK,LIQUE,CONST,0.02,12355.25,3,3,12355.25,0.0,0.0,0.0,0.0,617762.5
1799240,IT,WE,LEATH,PULP5,0.09,12354.999,4,4,12354.997,0.0,0.0,0.0,0.002,137277.766667
1649193,IT,BG,PRINT,INSUR,0.12,12353.847,3,3,12353.847,0.0,0.0,0.0,0.0,102948.725
1652019,IT,CZ,VEGET,MACHI,0.04,12353.815,3,3,12353.815,0.0,0.0,0.0,0.0,308845.375
1670800,IT,FI,PRINT,INSUR,0.12,12353.737,3,3,12353.737,0.0,0.0,0.0,0.0,102947.808333
1671810,IT,FI,RETA1,LEATH,0.13,12353.215,3,3,12353.215,0.0,0.0,0.0,0.0,95024.730769
1713544,IT,MT,CERAM,NONME,0.02,12352.45,3,3,12352.45,0.0,0.0,0.0,0.0,617622.5
1763982,IT,MX,ALUM1,LEATH,0.02,12352.129,3,3,12352.129,0.0,0.0,0.0,0.0,617606.45
1789369,IT,WA,CHEM1,BITU1,0.03,12352.126,3,3,12352.126,0.0,0.0,0.0,0.0,411737.533333
1712511,IT,LV,FABRI,BASIC,0.05,12351.405,3,3,12351.405,0.0,0.0,0.0,0.0,247028.1
1657984,IT,DE,BASIC,FOOD1,0.01,12351.253,3,3,12351.253,0.0,0.0,0.0,0.0,1235125.3
1714997,IT,NL,TOBAC,LANDT,0.05,12350.548,3,3,12350.548,0.0,0.0,0.0,0.0,247010.96
1665220,IT,ES,FOOD5,CONST,0.06,12350.422,3,3,12350.422,0.0,0.0,0.0,0.0,205840.366667
1640332,IT,AT,CHEMI,CEMEN,0.03,12349.921,4,4,12348.921,0.0,0.0,1.0,0.0,411664.033333
1766592,IT,RU,FABRI,CEREA,0.05,12349.584,3,3,12349.584,0.0,0.0,0.0,0.0,246991.68
1650416,IT,BG,ELEC4,CEMEN,0.2,12348.767,3,3,12348.767,0.0,0.0,0.0,0.0,61743.835
1739811,IT,GB,POSTT,EDUCA,0.2,12348.721,3,3,12348.721,0.0,0.0,0.0,0.0,61743.605
1670292,IT,FI,CHEMI,CROPS,0.03,12348.216,4,4,12347.216,0.0,0.0,1.0,0.0,411607.2
1652713,IT,CZ,PAPER,NAPHT,0.05,12348.034,3,3,12348.034,0.0,0.0,0.0,0.0,246960.68
1664468,IT,EE,OFFIC,FABRI,0.04,12348.004,3,3,12348.004,0.0,0.0,0.0,0.0,308700.1
1712224,IT,LV,PAPER,NONME,0.05,12347.803,3,3,12347.803,0.0,0.0,0.0,0.0,246956.06
1756755,IT,KR,AIRTR,LIQUE,0.01,12347.738,3,3,12347.738,0.0,0.0,0.0,0.0,1234773.8
1661195,IT,DE,93197,BUSIN,0.08,12347.264,3,3,12347.264,0.0,0.0,0.0,0.0,154340.8
1657814,IT,DE,NONME,SECO9,0.02,12347.246,3,3,12347.246,0.0,0.0,0.0,0.0,617362.3
1778405,IT,TR,WHOLE,BITUM,0.11,12346.492,3,3,12346.492,0.0,0.0,0.0,0.0,112240.836364
1745852,IT,JP,LEATH,BRICK,0.09,12346.353,4,4,12346.351,0.0,0.0,0.0,0.002,137181.7
1651340,IT,CY,WOODW,WHOLE,0.03,12346.071,3,3,12346.071,0.0,0.0,0.0,0.0,411535.7
1793184,IT,WA,93197,CONST,0.08,12346.041,3,3,12346.041,0.0,0.0,0.0,0.0,154325.5125
1725816,IT,RO,MOTOR,CEREA,0.02,12345.742,3,3,12345.742,0.0,0.0,0.0,0.0,617287.1
1731595,IT,SI,TEXTI,93197,0.07,12344.604,4,4,12344.602,0.0,0.0,0.0,0.002,176351.485714
1809041,IT,WM,VEGET,LANDT,0.04,12344.319,3,3,12344.319,0.0,0.0,0.0,0.0,308607.975
1682968,IT,HR,PLAST,HOTEL,0.03,12343.765,3,3,12343.765,0.0,0.0,0.0,0.0,411458.833333
1722880,IT,PT,PRINT,LANDT,0.12,12343.477,3,3,12343.477,0.0,0.0,0.0,0.0,102862.308333
1787580,IT,WA,MEATC,HOTEL,0.04,12343.05,3,3,12343.05,0.0,0.0,0.0,0.0,308576.25
1656320,IT,DE,LEATH,COMPU,0.09,12343.009,4,4,12343.007,0.0,0.0,0.0,0.002,137144.544444
1680953,IT,GR,SEACO,INLAN,0.01,12342.609,3,3,12342.609,0.0,0.0,0.0,0.0,1234260.9
1688112,IT,HU,BUSIN,MEATP,0.13,12342.476,3,3,12342.476,0.0,0.0,0.0,0.0,94942.123077
1757472,IT,BR,PAPER,ELECT,0.05,12339.423,3,3,12339.423,0.0,0.0,0.0,0.0,246788.46
1686987,IT,HU,MACHI,FOODW,0.07,12338.779,3,3,12338.779,0.0,0.0,0.0,0.0,176268.271429
1719739,IT,PL,NONME,WASTE,0.02,12338.354,3,3,12338.354,0.0,0.0,0.0,0.0,616917.7
1644776,IT,BE,FISH5,PUBLI,0.05,12337.85,4,4,12337.844,0.0,0.0,0.0,0.006,246757.0
1746150,IT,JP,PLAST,PULP5,0.03,12337.672,3,3,12337.672,0.0,0.0,0.0,0.0,411255.733333
1750567,IT,CN,OFFIC,NATUR,0.04,12337.255,3,3,12337.255,0.0,0.0,0.0,0.0,308431.375
1741753,IT,US,PARAF,MOTOR,0.02,12337.166,3,3,12337.166,0.0,0.0,0.0,0.0,616858.3
1793823,IT,WL,TEXTI,PULP5,0.07,12337.108,4,4,12337.106,0.0,0.0,0.0,0.002,176244.4
1685981,IT,HU,BIODI,POULT,0.03,12336.79,3,3,12336.79,0.0,0.0,0.0,0.0,411226.333333
1709764,IT,LT,RUBBE,MEATA,0.04,12336.531,3,3,12336.531,0.0,0.0,0.0,0.0,308413.275
1690290,IT,IE,SEWAG,WOODW,0.11,12336.516,3,3,12336.516,0.0,0.0,0.0,0.0,112150.145455
1768715,IT,AU,WEARI,COKIN,0.09,12336.49,4,4,12336.488,0.0,0.0,0.0,0.002,137072.111111
1803485,IT,WF,VEGE1,PADDY,0.04,12336.223,4,4,12336.22,0.0,0.0,0.0,0.003,308405.575
1718906,IT,PL,PRINT,KEROS,0.12,12335.858,3,3,12335.858,0.0,0.0,0.0,0.0,102798.816667
1760703,IT,IN,PAPER,MEDIC,0.05,12335.806,3,3,12335.806,0.0,0.0,0.0,0.0,246716.12
1686234,IT,HU,CERAM,FOOD5,0.02,12335.624,3,3,12335.624,0.0,0.0,0.0,0.0,616781.2
1758089,IT,BR,GLASS,LIQUI,0.03,12335.339,3,3,12335.339,0.0,0.0,0.0,0.0,411177.966667
1772664,IT,CH,GLASS,COMPU,0.03,12335.026,3,3,12335.026,0.0,0.0,0.0,0.0,411167.533333
1740102,IT,GB,COMPU,WOODW,0.14,12334.705,3,3,12334.705,0.0,0.0,0.0,0.0,88105.035714
1733904,IT,SI,AIRTR,RUBBE,0.01,12334.35,3,3,12334.35,0.0,0.0,0.0,0.0,1233435.0
1767464,IT,RU,TRAN2,MOTOR,0.02,12334.312,3,3,12334.312,0.0,0.0,0.0,0.0,616715.6
1681187,IT,GR,POSTT,RETAI,0.2,12333.824,3,3,12333.824,0.0,0.0,0.0,0.0,61669.12
1741264,IT,US,PAPER,MEAT4,0.05,12333.229,3,3,12333.229,0.0,0.0,0.0,0.0,246664.58
1739183,IT,GB,RETA1,BRICK,0.13,12332.807,3,3,12332.807,0.0,0.0,0.0,0.0,94867.746154
1679716,IT,GR,NONME,MACHI,0.02,12332.78,3,3,12332.78,0.0,0.0,0.0,0.0,616639.0
1669576,IT,ES,REALE,SUPPO,0.52,12332.702,3,3,12332.702,0.0,0.0,0.0,0.0,23716.734615
1761175,IT,IN,CHEM1,AUXIL,0.03,12332.281,3,3,12332.281,0.0,0.0,0.0,0.0,411076.033333
1647560,IT,BE,SUPPO,INTER,0.09,12332.019,3,3,12332.019,0.0,0.0,0.0,0.0,137022.433333
1791851,IT,WA,LANDT,DISTR,0.08,12330.501,3,3,12330.501,0.0,0.0,0.0,0.0,154131.2625
1666109,IT,ES,GASDI,LUBRI,0.02,12330.295,3,3,12330.295,0.0,0.0,0.0,0.0,616514.75
1814983,IT,WM,PRIVA,BUSIN,2.75,12329.408,4,4,12329.406,0.0,0.0,0.0,0.002,4483.421091
1798199,IT,WE,VEGET,MEATP,0.04,12329.312,3,3,12329.312,0.0,0.0,0.0,0.0,308232.8
1644487,IT,BE,DAIRY,CATTL,0.05,12328.246,3,3,12328.246,0.0,0.0,0.0,0.0,246564.92
1756448,IT,KR,CONST,RADIO,0.07,12328.232,3,3,12328.232,0.0,0.0,0.0,0.0,176117.6
1814779,IT,WM,WASTE,PUBLI,0.04,12327.496,3,3,12327.496,0.0,0.0,0.0,0.0,308187.4
1679831,IT,GR,ALUM1,NONME,0.02,12327.236,3,3,12327.236,0.0,0.0,0.0,0.0,616361.8
1685710,IT,HU,PARAF,NATUR,0.02,12327.204,3,3,12327.204,0.0,0.0,0.0,0.0,616360.2
1741511,IT,US,KEROS,PIGS9,0.02,12326.981,3,3,12326.981,0.0,0.0,0.0,0.0,616349.05
1745428,IT,JP,DAIRY,FURNI,0.05,12326.481,3,3,12326.481,0.0,0.0,0.0,0.0,246529.62
1669846,IT,ES,BUSIN,SEWAG,0.13,12326.2,3,3,12326.2,0.0,0.0,0.0,0.0,94816.923077
1782194,IT,NO,BASIC,PRINT,0.01,12325.348,3,3,12325.348,0.0,0.0,0.0,0.0,1232534.8
1662034,IT,DK,PLAST,93197,0.03,12324.708,3,3,12324.708,0.0,0.0,0.0,0.0,410823.6
1668473,IT,ES,HOTEL,VEGET,0.09,12324.354,3,3,12324.354,0.0,0.0,0.0,0.0,136937.266667
1785101,IT,ZA,CHEMI,EDUCA,0.03,12323.864,4,4,12322.864,0.0,0.0,1.0,0.0,410795.466667
1652738,IT,CZ,PAPER,RADIO,0.05,12323.617,3,3,12323.617,0.0,0.0,0.0,0.0,246472.34
1797100,IT,WL,POSTT,MEATP,0.2,12323.291,3,3,12323.291,0.0,0.0,0.0,0.0,61616.455
1755996,IT,KR,LEAD1,CONST,0.02,12322.768,3,3,12322.768,0.0,0.0,0.0,0.0,616138.4
1803188,IT,WF,CROPS,PRECI,0.1,12322.569,3,3,12322.569,0.0,0.0,0.0,0.0,123225.69
1716203,IT,NL,ALUM1,HOTEL,0.02,12322.498,3,3,12322.498,0.0,0.0,0.0,0.0,616124.9
1668421,IT,ES,RETA1,ELEC2,0.13,12322.266,3,3,12322.266,0.0,0.0,0.0,0.0,94786.661538
1716218,IT,NL,LEAD1,MEATP,0.02,12322.238,3,3,12322.238,0.0,0.0,0.0,0.0,616111.9
1718520,IT,PL,TEXTI,COMPU,0.07,12321.935,4,4,12321.933,0.0,0.0,0.0,0.002,176027.642857
1655556,IT,DE,STONE,BIOG1,0.04,12321.646,4,4,12320.646,0.0,0.0,1.0,0.0,308041.15
1772707,IT,CH,CERAM,INLAN,0.02,12321.607,3,3,12321.607,0.0,0.0,0.0,0.0,616080.35
1802422,IT,WE,AIRTR,TRANS,0.01,12321.049,3,3,12321.049,0.0,0.0,0.0,0.0,1232104.9
1685418,IT,HU,WOODW,PIGS9,0.03,12320.311,3,3,12320.311,0.0,0.0,0.0,0.0,410677.033333
1782998,IT,NO,POSTT,WHOLE,0.2,12320.035,3,3,12320.035,0.0,0.0,0.0,0.0,61600.175
1664017,IT,EE,KEROS,RAILW,0.02,12319.992,3,3,12319.992,0.0,0.0,0.0,0.0,615999.6
1787318,IT,WA,CROPS,TEXTI,0.1,12319.039,3,3,12319.039,0.0,0.0,0.0,0.0,123190.39
1750936,IT,CN,CONST,LANDT,0.07,12317.54,3,3,12317.54,0.0,0.0,0.0,0.0,175964.857143
1733252,IT,SI,MACHI,FINAN,0.07,12317.409,3,3,12317.409,0.0,0.0,0.0,0.0,175962.985714
1670259,IT,FI,VEGET,MEATP,0.04,12317.107,3,3,12317.107,0.0,0.0,0.0,0.0,307927.675
1790326,IT,WA,ALUM1,BRICK,0.02,12317.039,3,3,12317.039,0.0,0.0,0.0,0.0,615851.95
1666671,IT,ES,ADDIT,BUSIN,0.03,12316.586,3,3,12316.586,0.0,0.0,0.0,0.0,410552.866667
1718950,IT,PL,PRINT,RAILW,0.12,12316.181,3,3,12316.181,0.0,0.0,0.0,0.0,102634.841667
1716569,IT,NL,SALEM,RAWMI,0.1,12316.04,3,3,12316.04,0.0,0.0,0.0,0.0,123160.4
1657641,IT,DE,CERAM,ADDIT,0.02,12315.575,3,3,12315.575,0.0,0.0,0.0,0.0,615778.75
1744645,IT,US,RENTI,RECRE,0.07,12315.309,3,3,12315.309,0.0,0.0,0.0,0.0,175932.985714
1779010,IT,TR,AIRTR,BIODI,0.01,12314.407,3,3,12314.407,0.0,0.0,0.0,0.0,1231440.7
1678090,IT,FR,FOODW,INTER,0.09,12314.401,3,3,12314.401,0.0,0.0,0.0,0.0,136826.677778
1777541,IT,TR,BASIC,HEALT,0.01,12314.358,3,3,12314.358,0.0,0.0,0.0,0.0,1231435.8
1741115,IT,US,WEARI,RADIO,0.09,12312.686,4,4,12312.684,0.0,0.0,0.0,0.002,136807.622222
1710064,IT,LT,FABRI,PRINT,0.05,12312.383,3,3,12312.383,0.0,0.0,0.0,0.0,246247.66
1783492,IT,NO,WOOD1,OILHA,0.08,12311.663,3,3,12311.663,0.0,0.0,0.0,0.0,153895.7875
1642606,IT,AT,FABRI,LEATH,0.05,12310.067,3,3,12310.067,0.0,0.0,0.0,0.0,246201.34
1735512,IT,SK,PREC1,ELEC2,0.02,12309.729,3,3,12309.729,0.0,0.0,0.0,0.0,615486.45
1738899,IT,GB,FURNI,BIODI,0.04,12309.718,3,3,12309.718,0.0,0.0,0.0,0.0,307742.95
1744910,IT,US,BUSIN,BIODI,0.13,12309.678,3,3,12309.678,0.0,0.0,0.0,0.0,94689.830769
1709624,IT,LT,PAPER,HEALT,0.05,12309.495,3,3,12309.495,0.0,0.0,0.0,0.0,246189.9
1716502,IT,NL,OFFIC,INSUR,0.04,12309.45,3,3,12309.45,0.0,0.0,0.0,0.0,307736.25
1755626,IT,KR,RUBBE,FISHF,0.04,12309.238,3,3,12309.238,0.0,0.0,0.0,0.0,307730.95
1719682,IT,PL,NONME,SUGA1,0.02,12309.088,3,3,12309.088,0.0,0.0,0.0,0.0,615454.4
1746272,IT,JP,CHEM1,ELEC8,0.03,12309.007,3,3,12309.007,0.0,0.0,0.0,0.0,410300.233333
1679233,IT,GR,KEROS,NAPHT,0.02,12305.923,3,3,12305.923,0.0,0.0,0.0,0.0,615296.15
1730919,IT,SE,INTER,ALUM1,0.07,12305.899,3,3,12305.899,0.0,0.0,0.0,0.0,175798.557143
1667820,IT,ES,OFFIC,COLLE,0.04,12305.731,3,3,12305.731,0.0,0.0,0.0,0.0,307643.275
1651578,IT,CY,GLASS,DAIRY,0.03,12305.391,3,3,12305.391,0.0,0.0,0.0,0.0,410179.7
1737754,IT,GB,HEAVY,NONF1,0.02,12304.408,3,3,12304.408,0.0,0.0,0.0,0.0,615220.4
1800947,IT,WE,ALUM1,MEATP,0.02,12304.39,3,3,12304.39,0.0,0.0,0.0,0.0,615219.5
1735017,IT,SK,PLAST,ALUM1,0.03,12304.279,3,3,12304.279,0.0,0.0,0.0,0.0,410142.633333
1682009,IT,HR,BEVER,WEARI,0.05,12303.715,3,3,12303.715,0.0,0.0,0.0,0.0,246074.3
1671440,IT,FI,FABRI,SALEM,0.05,12303.4,3,3,12303.4,0.0,0.0,0.0,0.0,246068.0
1795255,IT,WL,CERAM,RUBBE,0.02,12302.356,3,3,12302.356,0.0,0.0,0.0,0.0,615117.8
1738652,IT,GB,MACHI,MEAT4,0.07,12302.253,3,3,12302.253,0.0,0.0,0.0,0.0,175746.471429
1687011,IT,HU,OFFIC,CHEM1,0.04,12301.895,3,3,12301.895,0.0,0.0,0.0,0.0,307547.375
1734779,IT,SK,WOODW,COPP1,0.03,12301.338,3,3,12301.338,0.0,0.0,0.0,0.0,410044.6
1787718,IT,WA,VEGE1,BIODI,0.04,12300.986,4,4,12300.983,0.0,0.0,0.0,0.003,307524.65
1683873,IT,HR,MOTO1,WASTE,0.07,12299.713,3,3,12299.713,0.0,0.0,0.0,0.0,175710.185714
1686868,IT,HU,FABRI,FOOD3,0.05,12299.494,3,3,12299.494,0.0,0.0,0.0,0.0,245989.88
1649807,IT,BG,PREC1,WHOLE,0.02,12299.175,3,3,12299.175,0.0,0.0,0.0,0.0,614958.75
1737757,IT,GB,HEAVY,MOTO1,0.02,12298.74,3,3,12298.74,0.0,0.0,0.0,0.0,614937.0
1724235,IT,PT,RAILW,RAILW,0.08,12298.674,3,3,12298.674,0.0,0.0,0.0,0.0,153733.425
1731014,IT,SE,FOOD3,BUSIN,0.04,12298.631,3,3,12298.631,0.0,0.0,0.0,0.0,307465.775
1663348,IT,DK,SUPPO,OFFIC,0.09,12298.366,3,3,12298.366,0.0,0.0,0.0,0.0,136648.511111
1709554,IT,LT,WOODW,TRAN1,0.03,12297.817,3,3,12297.817,0.0,0.0,0.0,0.0,409927.233333
1642140,IT,AT,CERAM,CHEM1,0.02,12297.48,3,3,12297.48,0.0,0.0,0.0,0.0,614874.0
1682156,IT,HR,TEXTI,AUXIL,0.07,12297.13,4,4,12297.128,0.0,0.0,0.0,0.002,175673.285714
1713188,IT,MT,WEARI,MACHI,0.09,12296.883,4,4,12296.881,0.0,0.0,0.0,0.002,136632.033333
1674263,IT,FR,BITU1,BIOG1,0.02,12296.648,3,3,12296.648,0.0,0.0,0.0,0.0,614832.4
1795535,IT,WL,ALUM1,DISTR,0.02,12296.621,3,3,12296.621,0.0,0.0,0.0,0.0,614831.05
1738149,IT,GB,GLASS,ALUM1,0.03,12296.508,3,3,12296.508,0.0,0.0,0.0,0.0,409883.6
1798480,IT,WE,NATUR,LANDT,0.02,12295.55,3,3,12295.55,0.0,0.0,0.0,0.0,614777.5
1737894,IT,GB,CHEM1,WHEAT,0.03,12294.715,3,3,12294.715,0.0,0.0,0.0,0.0,409823.833333
1754016,IT,CA,SEACO,FISHF,0.01,12294.08,3,3,12294.08,0.0,0.0,0.0,0.0,1229408.0
1645884,IT,BE,GLASS,RAILW,0.03,12293.792,3,3,12293.792,0.0,0.0,0.0,0.0,409793.066667
1668641,IT,ES,RAILW,TRANS,0.08,12293.358,3,3,12293.358,0.0,0.0,0.0,0.0,153666.975
1768958,IT,AU,PAPER,BASIC,0.05,12293.319,3,3,12293.319,0.0,0.0,0.0,0.0,245866.38
1764504,IT,MX,CONST,TRANS,0.07,12292.524,3,3,12292.524,0.0,0.0,0.0,0.0,175607.485714
1790901,IT,WA,OFFIC,PAPER,0.04,12292.503,3,3,12292.503,0.0,0.0,0.0,0.0,307312.575
1742134,IT,US,RUBBE,AUXIL,0.04,12292.354,3,3,12292.354,0.0,0.0,0.0,0.0,307308.85
1732798,IT,SI,NONME,WASTE,0.02,12292.108,3,3,12292.108,0.0,0.0,0.0,0.0,614605.4
1771667,IT,CH,WEARI,ELEC4,0.09,12291.589,4,4,12291.587,0.0,0.0,0.0,0.002,136573.211111
1779307,IT,TR,INSUR,FOOD5,0.25,12291.46,3,3,12291.46,0.0,0.0,0.0,0.0,49165.84
1643056,IT,AT,SALEM,RETAI,0.1,12290.943,3,3,12290.943,0.0,0.0,0.0,0.0,122909.43
1760349,IT,IN,CHEMI,FISH5,0.03,12290.725,4,4,12289.725,0.0,0.0,1.0,0.0,409690.833333
1805531,IT,WF,CERAM,COMPU,0.02,12290.1,3,3,12290.1,0.0,0.0,0.0,0.0,614505.0
1684858,IT,HU,CRUDE,WHOLE,0.02,12289.975,3,3,12289.975,0.0,0.0,0.0,0.0,614498.75
1740998,IT,US,BEVER,RENTI,0.05,12289.576,3,3,12289.576,0.0,0.0,0.0,0.0,245791.52
1669919,IT,ES,EDUCA,FOOD5,0.31,12289.452,3,3,12289.452,0.0,0.0,0.0,0.0,39643.393548
1725039,IT,RO,VEGET,MEAT4,0.04,12289.274,3,3,12289.274,0.0,0.0,0.0,0.0,307231.85
1778168,IT,TR,FURNI,CROPS,0.04,12289.071,3,3,12289.071,0.0,0.0,0.0,0.0,307226.775
1804953,IT,WF,NONSP,FURNI,0.02,12288.703,3,3,12288.703,0.0,0.0,0.0,0.0,614435.15
1790303,IT,WA,ALUM1,TOBAC,0.02,12288.672,3,3,12288.672,0.0,0.0,0.0,0.0,614433.6
1749981,IT,CN,CERAM,EDUCA,0.02,12288.221,3,3,12288.221,0.0,0.0,0.0,0.0,614411.05
1766484,IT,RU,ALUM1,PREC1,0.02,12288.051,3,3,12288.051,0.0,0.0,0.0,0.0,614402.55
1647556,IT,BE,SUPPO,HEALT,0.09,12287.029,3,3,12287.029,0.0,0.0,0.0,0.0,136522.544444
1656748,IT,DE,MOTOR,WASTE,0.02,12286.69,3,3,12286.69,0.0,0.0,0.0,0.0,614334.5
1753951,IT,CA,LANDT,FOOD5,0.08,12285.731,3,3,12285.731,0.0,0.0,0.0,0.0,153571.6375
1686295,IT,HU,CEMEN,MACHI,0.02,12285.727,3,3,12285.727,0.0,0.0,0.0,0.0,614286.35
1754172,IT,CA,SUPPO,MACHI,0.09,12285.572,3,3,12285.572,0.0,0.0,0.0,0.0,136506.355556
1718023,IT,PL,CHEMI,MACHI,0.03,12285.502,4,4,12284.502,0.0,0.0,1.0,0.0,409516.733333
1649287,IT,BG,LIQUE,PUBLI,0.02,12285.306,3,3,12285.306,0.0,0.0,0.0,0.0,614265.3
1766041,IT,RU,CHEM1,SEACO,0.03,12284.678,3,3,12284.678,0.0,0.0,0.0,0.0,409489.266667
1689792,IT,IE,INSUR,PULP5,0.25,12284.083,3,3,12284.083,0.0,0.0,0.0,0.0,49136.332
1712311,IT,LV,RUBBE,MEAT1,0.04,12283.997,3,3,12283.997,0.0,0.0,0.0,0.0,307099.925
1648944,IT,BG,WEARI,SALEM,0.09,12283.975,4,4,12283.973,0.0,0.0,0.0,0.002,136488.611111
1653410,IT,CZ,CERAM,COMPU,0.02,12283.618,3,3,12283.618,0.0,0.0,0.0,0.0,614180.9
1762997,IT,MX,FOOD5,PAPER,0.06,12283.143,3,3,12283.143,0.0,0.0,0.0,0.0,204719.05
1667795,IT,ES,OFFIC,LEAD1,0.04,12283.094,3,3,12283.094,0.0,0.0,0.0,0.0,307077.35
1773500,IT,CH,MOTO1,STONE,0.07,12283.087,3,3,12283.087,0.0,0.0,0.0,0.0,175472.671429
1795191,IT,WL,GLASS,MEATC,0.03,12283.022,3,3,12283.022,0.0,0.0,0.0,0.0,409434.066667
1649231,IT,BG,KEROS,RETA1,0.02,12282.816,3,3,12282.816,0.0,0.0,0.0,0.0,614140.8
1765430,IT,RU,TEXTI,BASIC,0.07,12281.887,4,4,12281.885,0.0,0.0,0.0,0.002,175455.528571
1715661,IT,NL,PARAF,KEROS,0.02,12281.802,3,3,12281.802,0.0,0.0,0.0,0.0,614090.1
1792639,IT,WA,RESEA,MEATP,0.07,12281.667,3,3,12281.667,0.0,0.0,0.0,0.0,175452.385714
1798097,IT,WL,93197,LANDT,0.08,12281.083,3,3,12281.083,0.0,0.0,0.0,0.0,153513.5375
1642472,IT,AT,ALUM1,FOODW,0.02,12280.31,3,3,12280.31,0.0,0.0,0.0,0.0,614015.5
1717929,IT,PL,FISHF,BUSIN,0.02,12280.264,3,3,12280.264,0.0,0.0,0.0,0.0,614013.2
1809438,IT,WM,CHEMI,ELEC1,0.03,12279.717,4,4,12278.717,0.0,0.0,1.0,0.0,409323.9
1766751,IT,RU,MACHI,MEAT4,0.07,12279.662,3,3,12279.662,0.0,0.0,0.0,0.0,175423.742857
1709619,IT,LT,PAPER,COMPU,0.05,12279.116,3,3,12279.116,0.0,0.0,0.0,0.0,245582.32
1682079,IT,HR,TEXTI,OILSE,0.07,12277.694,4,4,12277.692,0.0,0.0,0.0,0.002,175395.628571
1734725,IT,SK,LEATH,ELEC4,0.09,12277.29,4,4,12277.288,0.0,0.0,0.0,0.002,136414.333333
1682304,IT,HR,LEATH,PAPE4,0.09,12277.278,4,4,12277.276,0.0,0.0,0.0,0.002,136414.2
1774156,IT,CH,WHOLE,TEXT1,0.11,12275.703,3,3,12275.703,0.0,0.0,0.0,0.0,111597.3
1753835,IT,CA,WHOLE,ELEC4,0.11,12274.93,3,3,12274.93,0.0,0.0,0.0,0.0,111590.272727
1779887,IT,TR,PUBLI,HEALT,0.2,12274.256,3,3,12274.256,0.0,0.0,0.0,0.0,61371.28
1787768,IT,WA,DAIRY,SANDC,0.05,12273.804,3,3,12273.804,0.0,0.0,0.0,0.0,245476.08
1782096,IT,NO,GLASS,PUBLI,0.03,12273.659,3,3,12273.659,0.0,0.0,0.0,0.0,409121.966667
1640897,IT,AT,LEATH,FURNI,0.09,12273.229,4,4,12273.227,0.0,0.0,0.0,0.002,136369.211111
1765852,IT,RU,NAPHT,CRUDE,0.02,12272.255,3,3,12272.255,0.0,0.0,0.0,0.0,613612.75
1801665,IT,WE,FURNI,NONF1,0.04,12271.52,3,3,12271.52,0.0,0.0,0.0,0.0,306788.0
1789940,IT,WA,CEMEN,OFFIC,0.02,12271.396,3,3,12271.396,0.0,0.0,0.0,0.0,613569.8
1683567,IT,HR,LEAD1,REALE,0.02,12271.173,3,3,12271.173,0.0,0.0,0.0,0.0,613558.65
1672341,IT,FI,BUSIN,RAWMI,0.13,12270.921,3,3,12270.921,0.0,0.0,0.0,0.0,94391.7
1680287,IT,GR,FURNI,COLLE,0.04,12270.778,3,3,12270.778,0.0,0.0,0.0,0.0,306769.45
1810415,IT,WM,PULP5,TOBAC,0.04,12270.127,3,3,12270.127,0.0,0.0,0.0,0.0,306753.175
1783526,IT,NO,OILHA,RESEA,0.07,12270.117,3,3,12270.117,0.0,0.0,0.0,0.0,175287.385714
1793762,IT,WL,FISH5,CATTL,0.05,12270.101,4,4,12270.095,0.0,0.0,0.0,0.006,245402.02
1688387,IT,IE,FOOD5,FISH5,0.06,12269.268,3,3,12269.268,0.0,0.0,0.0,0.0,204487.8
1765252,IT,RU,MEAT4,WEARI,0.07,12269.047,3,3,12269.047,0.0,0.0,0.0,0.0,175272.1
1792203,IT,WA,SUPPO,93197,0.09,12268.962,3,3,12268.962,0.0,0.0,0.0,0.0,136321.8
1777596,IT,TR,ALUM1,HEAVY,0.02,12268.733,3,3,12268.733,0.0,0.0,0.0,0.0,613436.65
1793990,IT,WL,WOODW,NONME,0.03,12268.354,3,3,12268.354,0.0,0.0,0.0,0.0,408945.133333
1814981,IT,WM,PRIVA,COMPU,2.74,12268.348,4,4,12268.346,0.0,0.0,0.0,0.002,4477.49927
1771973,IT,CH,PAPER,INLAN,0.05,12267.88,3,3,12267.88,0.0,0.0,0.0,0.0,245357.6
1731999,IT,SI,KEROS,SUGA1,0.02,12267.369,3,3,12267.369,0.0,0.0,0.0,0.0,613368.45
1781389,IT,NO,PROCE,FISH5,0.08,12266.395,3,3,12266.395,0.0,0.0,0.0,0.0,153329.9375
1715959,IT,NL,CERAM,PAPER,0.02,12266.326,3,3,12266.326,0.0,0.0,0.0,0.0,613316.3
1805441,IT,WF,GLASS,MEATP,0.03,12266.177,3,3,12266.177,0.0,0.0,0.0,0.0,408872.566667
1733677,IT,SI,HOTEL,93197,0.09,12265.222,3,3,12265.222,0.0,0.0,0.0,0.0,136280.244444
1725081,IT,RO,POULT,LEATH,0.03,12265.209,3,3,12265.209,0.0,0.0,0.0,0.0,408840.3
1802834,IT,WE,HEALT,TRANS,0.06,12265.183,3,3,12265.183,0.0,0.0,0.0,0.0,204419.716667
1725928,IT,RO,PLAST,BIODI,0.03,12264.814,3,3,12264.814,0.0,0.0,0.0,0.0,408827.133333
1765491,IT,RU,WEARI,BASIC,0.09,12264.112,4,4,12264.11,0.0,0.0,0.0,0.002,136267.911111
1648766,IT,BG,BEVER,VEGE1,0.05,12263.944,3,3,12263.944,0.0,0.0,0.0,0.0,245278.88
1642108,IT,AT,GLASS,RAILW,0.03,12262.953,3,3,12262.953,0.0,0.0,0.0,0.0,408765.1
1714982,IT,NL,FISH5,RECRE,0.05,12262.593,4,4,12262.587,0.0,0.0,0.0,0.006,245251.86
1644478,IT,BE,VEGE1,COMPU,0.04,12262.143,4,4,12262.14,0.0,0.0,0.0,0.003,306553.575
1747852,IT,JP,RENTI,WEARI,0.07,12261.124,3,3,12261.124,0.0,0.0,0.0,0.0,175158.914286
1712404,IT,LV,CERAM,HEALT,0.02,12260.947,3,3,12260.947,0.0,0.0,0.0,0.0,613047.35
1775793,IT,TR,CHEMI,FOOD5,0.03,12260.513,4,4,12259.513,0.0,0.0,1.0,0.0,408683.766667
1723425,IT,PT,BASIC,FOOD2,0.01,12260.227,3,3,12260.227,0.0,0.0,0.0,0.0,1226022.7
1734928,IT,SK,MOTOR,GASDI,0.02,12259.781,3,3,12259.781,0.0,0.0,0.0,0.0,612989.05
1783531,IT,NO,OILHA,PLAS1,0.07,12259.558,3,3,12259.558,0.0,0.0,0.0,0.0,175136.542857
1797845,IT,WL,FOOD2,WHOLE,0.07,12258.161,3,3,12258.161,0.0,0.0,0.0,0.0,175116.585714
1793022,IT,WA,WASTE,CHEM1,0.04,12257.897,3,3,12257.897,0.0,0.0,0.0,0.0,306447.425
1651523,IT,CY,RUBBE,VEGET,0.04,12257.403,3,3,12257.403,0.0,0.0,0.0,0.0,306435.075
1711217,IT,LU,MACHI,MEDIC,0.07,12257.11,3,3,12257.11,0.0,0.0,0.0,0.0,175101.571429
1644369,IT,BE,CHEMI,FURNI,0.03,12256.356,4,4,12255.356,0.0,0.0,1.0,0.0,408545.2
1754775,IT,KR,FOOD5,PADDY,0.06,12255.976,3,3,12255.976,0.0,0.0,0.0,0.0,204266.266667
1814350,IT,WM,FINAN,LANDT,0.16,12255.95,3,3,12255.95,0.0,0.0,0.0,0.0,76599.6875
1652491,IT,CZ,WEARI,CEMEN,0.09,12255.789,4,4,12255.787,0.0,0.0,0.0,0.002,136175.433333
1644280,IT,BE,CROPS,RENTI,0.1,12255.516,3,3,12255.516,0.0,0.0,0.0,0.0,122555.16
1664295,IT,EE,ALUM1,OFFIC,0.02,12254.808,3,3,12254.808,0.0,0.0,0.0,0.0,612740.4
1671714,IT,FI,SALEM,BASIC,0.1,12254.299,3,3,12254.299,0.0,0.0,0.0,0.0,122542.99
1684196,IT,HR,LANDT,RESEA,0.08,12253.933,3,3,12253.933,0.0,0.0,0.0,0.0,153174.1625
1801195,IT,WE,FABRI,NONSP,0.05,12253.875,3,3,12253.875,0.0,0.0,0.0,0.0,245077.5
1723751,IT,PT,MACHI,RECRE,0.07,12253.846,3,3,12253.846,0.0,0.0,0.0,0.0,175054.942857
1651427,IT,CY,GASDI,PIGS9,0.02,12253.253,3,3,12253.253,0.0,0.0,0.0,0.0,612662.65
1775736,IT,TR,WOOLS,PUBLI,0.05,12252.258,3,3,12252.258,0.0,0.0,0.0,0.0,245045.16
1750893,IT,CN,CONST,BITUM,0.07,12251.606,3,3,12251.606,0.0,0.0,0.0,0.0,175022.942857
1756446,IT,KR,CONST,OFFIC,0.07,12251.26,3,3,12251.26,0.0,0.0,0.0,0.0,175018.0
1647284,IT,BE,LANDT,REALE,0.08,12250.977,3,3,12250.977,0.0,0.0,0.0,0.0,153137.2125
1734889,IT,SK,PAPER,POSTT,0.05,12250.834,3,3,12250.834,0.0,0.0,0.0,0.0,245016.68
1651570,IT,CY,RUBBE,HEALT,0.04,12250.193,3,3,12250.193,0.0,0.0,0.0,0.0,306254.825
1814984,IT,WM,PRIVA,PUBLI,2.73,12250.001,4,4,12249.999,0.0,0.0,0.0,0.002,4487.179853
1761331,IT,IN,GLASS,PLAST,0.03,12249.866,3,3,12249.866,0.0,0.0,0.0,0.0,408328.866667
1786750,IT,ZA,RETA1,BUSIN,0.13,12249.559,3,3,12249.559,0.0,0.0,0.0,0.0,94227.376923
1746130,IT,JP,HEAVY,KEROS,0.02,12248.749,3,3,12248.749,0.0,0.0,0.0,0.0,612437.45
1668962,IT,ES,AIRTR,COPP1,0.01,12248.54,3,3,12248.54,0.0,0.0,0.0,0.0,1224854.0
1659304,IT,DE,RETAI,SANDC,0.1,12248.471,3,3,12248.471,0.0,0.0,0.0,0.0,122484.71
1794749,IT,WL,NONSP,OFFIC,0.02,12247.82,3,3,12247.82,0.0,0.0,0.0,0.0,612391.0
1761365,IT,IN,CERAM,BASIC,0.02,12247.704,3,3,12247.704,0.0,0.0,0.0,0.0,612385.2
1751243,IT,CN,HOTEL,RETAI,0.09,12247.499,3,3,12247.499,0.0,0.0,0.0,0.0,136083.322222
1729404,IT,SE,BASIC,TRAN1,0.01,12247.488,3,3,12247.488,0.0,0.0,0.0,0.0,1224748.8
1651691,IT,CY,FABRI,MEAT1,0.05,12247.483,3,3,12247.483,0.0,0.0,0.0,0.0,244949.66
1755449,IT,KR,NONSP,CHEM1,0.02,12247.384,3,3,12247.384,0.0,0.0,0.0,0.0,612369.2
1721503,IT,PL,SUPPO,PULP5,0.09,12247.151,3,3,12247.151,0.0,0.0,0.0,0.0,136079.455556
1685817,IT,HU,PLAST,MEMBE,0.03,12247.074,3,3,12247.074,0.0,0.0,0.0,0.0,408235.8
1763777,IT,MX,GLASS,FINAN,0.03,12246.698,3,3,12246.698,0.0,0.0,0.0,0.0,408223.266667
1717591,IT,NL,COMPU,REALE,0.14,12246.498,3,3,12246.498,0.0,0.0,0.0,0.0,87474.985714
1728460,IT,SE,LEATH,OFFIC,0.09,12246.39,4,4,12246.388,0.0,0.0,0.0,0.002,136071.0
1653078,IT,CZ,CHEM1,CATTL,0.03,12246.059,3,3,12246.059,0.0,0.0,0.0,0.0,408201.966667
1773998,IT,CH,RETAI,PIGS9,0.1,12245.064,3,3,12245.064,0.0,0.0,0.0,0.0,122450.64
1668264,IT,ES,WHOLE,DAIRY,0.11,12244.786,3,3,12244.786,0.0,0.0,0.0,0.0,111316.236364
1641558,IT,AT,HEAVY,TRAN2,0.02,12244.58,3,3,12244.58,0.0,0.0,0.0,0.0,612229.0
1781156,IT,TW,WASTE,PUBLI,0.04,12243.882,3,3,12243.882,0.0,0.0,0.0,0.0,306097.05
1772760,IT,CH,NONME,FORES,0.02,12243.429,3,3,12243.429,0.0,0.0,0.0,0.0,612171.45
1717773,IT,NL,HEALT,WHOLE,0.06,12242.909,3,3,12242.909,0.0,0.0,0.0,0.0,204048.483333
1743387,IT,US,SALEM,COLLE,0.1,12242.613,3,3,12242.613,0.0,0.0,0.0,0.0,122426.13
1660041,IT,DE,AIRTR,SUGA1,0.01,12242.474,3,3,12242.474,0.0,0.0,0.0,0.0,1224247.4
1640383,IT,AT,MEAT1,FOOD5,0.06,12242.279,4,4,12242.277,0.0,0.0,0.0,0.002,204037.983333
1651167,IT,BG,BUSIN,WOODW,0.13,12241.565,3,3,12241.565,0.0,0.0,0.0,0.0,94165.884615
1642626,IT,AT,FABRI,BRICK,0.05,12241.191,3,3,12241.191,0.0,0.0,0.0,0.0,244823.82
1798606,IT,WE,MEATP,HEALT,0.05,12241.1,3,3,12241.1,0.0,0.0,0.0,0.0,244822.0
1772913,IT,CH,BASIC,FOOD1,0.01,12241.078,3,3,12241.078,0.0,0.0,0.0,0.0,1224107.8
1758002,IT,BR,RUBBE,NAPHT,0.04,12240.94,3,3,12240.94,0.0,0.0,0.0,0.0,306023.5
1750403,IT,CN,FABRI,RETAI,0.05,12239.934,3,3,12239.934,0.0,0.0,0.0,0.0,244798.68
1756719,IT,KR,SEACO,INLAN,0.01,12239.93,3,3,12239.93,0.0,0.0,0.0,0.0,1223993.0
1793702,IT,WL,FOOD5,BIOGA,0.06,12239.404,3,3,12239.404,0.0,0.0,0.0,0.0,203990.066667
1664272,IT,EE,BASIC,RAILW,0.01,12239.293,3,3,12239.293,0.0,0.0,0.0,0.0,1223929.3
1719109,IT,PL,NONSP,REALE,0.02,12238.885,3,3,12238.885,0.0,0.0,0.0,0.0,611944.25
1747413,IT,JP,RAILW,HEALT,0.08,12238.479,3,3,12238.479,0.0,0.0,0.0,0.0,152980.9875
1754795,IT,KR,FOOD5,PRINT,0.06,12238.182,3,3,12238.182,0.0,0.0,0.0,0.0,203969.7
1806523,IT,WF,FURNI,POULT,0.04,12237.421,3,3,12237.421,0.0,0.0,0.0,0.0,305935.525
1744476,IT,US,AUXIL,WASTE,0.22,12237.374,3,3,12237.374,0.0,0.0,0.0,0.0,55624.427273
1652975,IT,CZ,NONSP,MOTOR,0.02,12237.316,3,3,12237.316,0.0,0.0,0.0,0.0,611865.8
1745484,IT,JP,FOOD5,NFERT,0.06,12237.097,3,3,12237.097,0.0,0.0,0.0,0.0,203951.616667
1657952,IT,DE,BASIC,COKE1,0.01,12236.453,3,3,12236.453,0.0,0.0,0.0,0.0,1223645.3
1808940,IT,WM,CEREA,FURNI,0.02,12236.349,3,3,12236.349,0.0,0.0,0.0,0.0,611817.45
1722627,IT,PT,TEXTI,COPP1,0.07,12235.717,4,4,12235.715,0.0,0.0,0.0,0.002,174795.957143
1809273,IT,WM,CRUDE,HOTEL,0.02,12235.232,3,3,12235.232,0.0,0.0,0.0,0.0,611761.6
1776030,IT,TR,TEXTI,CERAM,0.07,12235.063,4,4,12235.061,0.0,0.0,0.0,0.002,174786.614286
1797105,IT,WL,POSTT,PROCE,0.2,12234.497,3,3,12234.497,0.0,0.0,0.0,0.0,61172.485
1768847,IT,AU,LEATH,SALEM,0.09,12234.1,4,4,12234.098,0.0,0.0,0.0,0.002,135934.444444
1801883,IT,WE,CONST,BASIC,0.07,12233.884,3,3,12233.884,0.0,0.0,0.0,0.0,174769.771429
1728992,IT,SE,ADDIT,REALE,0.03,12233.722,3,3,12233.722,0.0,0.0,0.0,0.0,407790.733333
1793227,IT,WA,PRIVA,NATUR,2.73,12233.41,4,4,12233.408,0.0,0.0,0.0,0.002,4481.102564
1813664,IT,WM,RETA1,CEMEN,0.13,12233.319,3,3,12233.319,0.0,0.0,0.0,0.0,94102.453846
1732726,IT,SI,CEMEN,NONME,0.02,12233.267,3,3,12233.267,0.0,0.0,0.0,0.0,611663.35
1651826,IT,CY,HOTEL,INSUR,0.09,12233.064,3,3,12233.064,0.0,0.0,0.0,0.0,135922.933333
1689110,IT,IE,SALEM,NATUR,0.1,12232.869,3,3,12232.869,0.0,0.0,0.0,0.0,122328.69
1787808,IT,WA,PROCE,PFERT,0.08,12232.655,3,3,12232.655,0.0,0.0,0.0,0.0,152908.1875
1776125,IT,TR,LEATH,PAPER,0.09,12232.003,4,4,12232.001,0.0,0.0,0.0,0.002,135911.144444
1733010,IT,SI,LEAD1,ELEC3,0.02,12231.813,3,3,12231.813,0.0,0.0,0.0,0.0,611590.65
1797168,IT,WL,POSTT,RAILW,0.2,12231.651,3,3,12231.651,0.0,0.0,0.0,0.0,61158.255
1799453,IT,WE,PAPER,HEAVY,0.05,12231.376,3,3,12231.376,0.0,0.0,0.0,0.0,244627.52
1778634,IT,TR,HOTEL,GLASS,0.09,12230.169,3,3,12230.169,0.0,0.0,0.0,0.0,135890.766667
1747688,IT,JP,POSTT,HOTEL,0.2,12229.749,3,3,12229.749,0.0,0.0,0.0,0.0,61148.745
1780410,IT,TW,SUPPO,WOODW,0.09,12229.739,3,3,12229.739,0.0,0.0,0.0,0.0,135885.988889
1799326,IT,WE,WOODW,GASDI,0.03,12229.641,3,3,12229.641,0.0,0.0,0.0,0.0,407654.7
1775780,IT,TR,STONE,NONF1,0.04,12229.636,4,4,12228.636,0.0,0.0,1.0,0.0,305740.9
1734260,IT,SI,COMPU,WHOLE,0.14,12229.289,3,3,12229.289,0.0,0.0,0.0,0.0,87352.064286
1788872,IT,WA,GASDI,FABRI,0.02,12228.163,3,3,12228.163,0.0,0.0,0.0,0.0,611408.15
1779047,IT,TR,AIRTR,INLAN,0.01,12227.492,3,3,12227.492,0.0,0.0,0.0,0.0,1222749.2
1786785,IT,ZA,HOTEL,GASDI,0.09,12227.125,3,3,12227.125,0.0,0.0,0.0,0.0,135856.944444
1681344,IT,GR,INSUR,WHOLE,0.25,12226.724,3,3,12226.724,0.0,0.0,0.0,0.0,48906.896
1725194,IT,RO,DAIRY,FURNI,0.05,12226.511,3,3,12226.511,0.0,0.0,0.0,0.0,244530.22
1756436,IT,KR,CONST,RUBBE,0.07,12226.454,3,3,12226.454,0.0,0.0,0.0,0.0,174663.628571
1646739,IT,BE,CONST,RUBBE,0.07,12226.256,3,3,12226.256,0.0,0.0,0.0,0.0,174660.8
1783306,IT,NO,PAPE1,FISHF,0.09,12226.253,3,3,12226.253,0.0,0.0,0.0,0.0,135847.255556
1755789,IT,KR,CERAM,NFERT,0.02,12225.341,3,3,12225.341,0.0,0.0,0.0,0.0,611267.05
1713543,IT,MT,CERAM,CERAM,0.02,12224.905,3,3,12224.905,0.0,0.0,0.0,0.0,611245.25
1767560,IT,RU,AIRTR,RAILW,0.01,12224.508,3,3,12224.508,0.0,0.0,0.0,0.0,1222450.8
1774154,IT,CH,WHOLE,PLAS1,0.11,12224.265,3,3,12224.265,0.0,0.0,0.0,0.0,111129.681818
1800835,IT,WE,BASIC,NONF1,0.01,12224.1,3,3,12224.1,0.0,0.0,0.0,0.0,1222410.0
1678945,IT,GR,TEXTI,POSTT,0.07,12224.046,4,4,12224.044,0.0,0.0,0.0,0.002,174629.228571
1791454,IT,WA,WHOLE,RADIO,0.11,12223.937,3,3,12223.937,0.0,0.0,0.0,0.0,111126.7
1745065,IT,US,PUBLI,ELEC5,0.2,12223.785,3,3,12223.785,0.0,0.0,0.0,0.0,61118.925
1759238,IT,BR,POSTT,SUGA1,0.2,12223.641,3,3,12223.641,0.0,0.0,0.0,0.0,61118.205
1728751,IT,SE,GASDI,CEMEN,0.02,12222.903,3,3,12222.903,0.0,0.0,0.0,0.0,611145.15
1741005,IT,US,BEVER,FOOD3,0.05,12222.31,3,3,12222.31,0.0,0.0,0.0,0.0,244446.2
1659292,IT,DE,SALEM,OILHA,0.1,12221.89,3,3,12221.89,0.0,0.0,0.0,0.0,122218.9
1640748,IT,AT,TEXTI,FOUND,0.07,12221.8,4,4,12221.798,0.0,0.0,0.0,0.002,174597.142857
1736882,IT,SK,BUSIN,ELEC4,0.13,12221.513,3,3,12221.513,0.0,0.0,0.0,0.0,94011.638462
1649116,IT,BG,PAPER,ELEC3,0.05,12221.099,3,3,12221.099,0.0,0.0,0.0,0.0,244421.98
1678483,IT,FR,RECRE,SUPPO,0.16,12220.395,3,3,12220.395,0.0,0.0,0.0,0.0,76377.46875
1680733,IT,GR,RETA1,FABRI,0.13,12220.216,3,3,12220.216,0.0,0.0,0.0,0.0,94001.661538
1757989,IT,BR,RUBBE,FISH5,0.04,12220.094,3,3,12220.094,0.0,0.0,0.0,0.0,305502.35
1732416,IT,SI,PLAST,HOTEL,0.03,12219.826,3,3,12219.826,0.0,0.0,0.0,0.0,407327.533333
1730900,IT,SE,PLAS1,COPP1,0.04,12219.761,3,3,12219.761,0.0,0.0,0.0,0.0,305494.025
1686152,IT,HU,RUBBE,WOOD2,0.04,12219.413,3,3,12219.413,0.0,0.0,0.0,0.0,305485.325
1787681,IT,WA,VEGE1,FORES,0.04,12219.293,4,4,12219.29,0.0,0.0,0.0,0.003,305482.325
1643465,IT,AT,LANDT,BLAST,0.08,12219.129,3,3,12219.129,0.0,0.0,0.0,0.0,152739.1125
1761614,IT,IN,FABRI,FORES,0.05,12218.49,3,3,12218.49,0.0,0.0,0.0,0.0,244369.8
1765318,IT,RU,FOOD5,ANIMA,0.06,12218.421,3,3,12218.421,0.0,0.0,0.0,0.0,203640.35
1800378,IT,WE,CHEM1,RADIO,0.03,12218.294,3,3,12218.294,0.0,0.0,0.0,0.0,407276.466667
1810241,IT,WM,LEATH,ETHAN,0.09,12218.233,4,4,12218.231,0.0,0.0,0.0,0.002,135758.144444
1744314,IT,US,FINAN,COPP1,0.16,12217.989,3,3,12217.989,0.0,0.0,0.0,0.0,76362.43125
1804061,IT,WF,WOODW,SUPPO,0.03,12217.501,3,3,12217.501,0.0,0.0,0.0,0.0,407250.033333
1795268,IT,WL,CERAM,TRAN1,0.02,12217.252,3,3,12217.252,0.0,0.0,0.0,0.0,610862.6
1808254,IT,WF,FOOD2,IRONO,0.07,12216.612,3,3,12216.612,0.0,0.0,0.0,0.0,174523.028571
1807141,IT,WF,AIRTR,SUGA1,0.01,12216.564,3,3,12216.564,0.0,0.0,0.0,0.0,1221656.4
1760917,IT,IN,HEAVY,PLANT,0.02,12216.426,3,3,12216.426,0.0,0.0,0.0,0.0,610821.3
1671218,IT,FI,NONME,RESEA,0.02,12215.919,3,3,12215.919,0.0,0.0,0.0,0.0,610795.95
1808261,IT,WF,FOOD2,MEATC,0.07,12215.522,3,3,12215.522,0.0,0.0,0.0,0.0,174507.457143
1645280,IT,BE,MOTOR,POSTT,0.02,12215.302,3,3,12215.302,0.0,0.0,0.0,0.0,610765.1
1752764,IT,CA,WOODW,GLASS,0.03,12215.092,3,3,12215.092,0.0,0.0,0.0,0.0,407169.733333
1670746,IT,FI,PAPER,RETA1,0.05,12215.009,3,3,12215.009,0.0,0.0,0.0,0.0,244300.18
1789833,IT,WA,CERAM,KERO1,0.02,12214.93,3,3,12214.93,0.0,0.0,0.0,0.0,610746.5
1668431,IT,ES,RETA1,CONST,0.13,12214.769,3,3,12214.769,0.0,0.0,0.0,0.0,93959.761538
1775755,IT,TR,CRUDE,REFIN,0.02,12213.533,3,3,12213.533,0.0,0.0,0.0,0.0,610676.65
1802344,IT,WE,SEACO,MEATC,0.01,12213.459,3,3,12213.459,0.0,0.0,0.0,0.0,1221345.9
1769377,IT,AU,CERAM,CHEM1,0.02,12213.425,3,3,12213.425,0.0,0.0,0.0,0.0,610671.25
1776470,IT,TR,MOTOR,BIODI,0.02,12213.242,3,3,12213.242,0.0,0.0,0.0,0.0,610662.1
1675652,IT,FR,TRANS,FORES,0.07,12212.557,3,3,12212.557,0.0,0.0,0.0,0.0,174465.1
1813329,IT,WM,FURNI,FORES,0.04,12212.483,3,3,12212.483,0.0,0.0,0.0,0.0,305312.075
1716028,IT,NL,NONME,PLAST,0.02,12211.176,3,3,12211.176,0.0,0.0,0.0,0.0,610558.8
1779930,IT,TW,CONST,RUBBE,0.07,12211.166,3,3,12211.166,0.0,0.0,0.0,0.0,174445.228571
1812246,IT,WM,NONME,TRAN2,0.02,12211.16,3,3,12211.16,0.0,0.0,0.0,0.0,610558.0
1737348,IT,GB,BEVER,LANDT,0.05,12210.891,3,3,12210.891,0.0,0.0,0.0,0.0,244217.82
1764979,IT,MX,POSTT,HEALT,0.2,12210.031,3,3,12210.031,0.0,0.0,0.0,0.0,61050.155
1773421,IT,CH,OFFIC,WEARI,0.04,12209.946,3,3,12209.946,0.0,0.0,0.0,0.0,305248.65
1787875,IT,WA,BEVER,PIGS9,0.05,12209.535,3,3,12209.535,0.0,0.0,0.0,0.0,244190.7
1674788,IT,FR,CERAM,TEXT2,0.02,12209.204,3,3,12209.204,0.0,0.0,0.0,0.0,610460.2
1777403,IT,TR,CERAM,FOOD4,0.02,12208.572,3,3,12208.572,0.0,0.0,0.0,0.0,610428.6
1743698,IT,US,RAILW,SALEM,0.08,12208.415,3,3,12208.415,0.0,0.0,0.0,0.0,152605.1875
1727191,IT,RO,TRAN2,BLAST,0.02,12208.043,3,3,12208.043,0.0,0.0,0.0,0.0,610402.15
1785251,IT,ZA,TEXTI,FABRI,0.07,12208.032,4,4,12208.03,0.0,0.0,0.0,0.002,174400.457143
1771991,IT,CH,PAPER,INTER,0.05,12206.962,3,3,12206.962,0.0,0.0,0.0,0.0,244139.24
1643622,IT,AT,AIRTR,NONF1,0.01,12206.426,3,3,12206.426,0.0,0.0,0.0,0.0,1220642.6
1760409,IT,IN,PROCE,RETAI,0.08,12205.986,3,3,12205.986,0.0,0.0,0.0,0.0,152574.825
1746589,IT,JP,PREC1,GLASS,0.02,12205.584,3,3,12205.584,0.0,0.0,0.0,0.0,610279.2
1688555,IT,IE,PRINT,LEADZ,0.12,12204.935,3,3,12204.935,0.0,0.0,0.0,0.0,101707.791667
1657704,IT,DE,BRICK,CEMEN,0.02,12204.76,3,3,12204.76,0.0,0.0,0.0,0.0,610238.0
1674157,IT,FR,HEAVY,SUPPO,0.02,12204.687,3,3,12204.687,0.0,0.0,0.0,0.0,610234.35
1781528,IT,NO,TEXTI,OFFIC,0.07,12204.621,4,4,12204.619,0.0,0.0,0.0,0.002,174351.728571
1772919,IT,CH,PREC1,VEGET,0.02,12204.533,3,3,12204.533,0.0,0.0,0.0,0.0,610226.65
1802637,IT,WE,REALE,PUBLI,0.52,12204.488,3,3,12204.488,0.0,0.0,0.0,0.0,23470.169231
1690534,IT,IE,WOOD2,WHOLE,0.07,12204.284,3,3,12204.284,0.0,0.0,0.0,0.0,174346.914286
1665932,IT,ES,MOTOR,FORES,0.02,12203.959,3,3,12203.959,0.0,0.0,0.0,0.0,610197.95
1806736,IT,WF,WHOLE,DIST1,0.11,12203.606,3,3,12203.606,0.0,0.0,0.0,0.0,110941.872727
1777383,IT,TR,CERAM,NONME,0.02,12203.432,3,3,12203.432,0.0,0.0,0.0,0.0,610171.6
1770607,IT,AU,POSTT,AUXIL,0.2,12203.304,3,3,12203.304,0.0,0.0,0.0,0.0,61016.52
1746586,IT,JP,PREC1,PLAST,0.02,12203.298,3,3,12203.298,0.0,0.0,0.0,0.0,610164.9
1808297,IT,WF,FOOD2,SEACO,0.07,12203.099,3,3,12203.099,0.0,0.0,0.0,0.0,174329.985714
1684530,IT,HR,BUSIN,WOODW,0.13,12202.849,3,3,12202.849,0.0,0.0,0.0,0.0,93868.069231
1652898,IT,CZ,KEROS,MOTO1,0.02,12202.833,3,3,12202.833,0.0,0.0,0.0,0.0,610141.65
1715776,IT,NL,BIODI,WHOLE,0.03,12202.358,3,3,12202.358,0.0,0.0,0.0,0.0,406745.266667
1649701,IT,BG,NONME,COPP1,0.02,12202.272,3,3,12202.272,0.0,0.0,0.0,0.0,610113.6
1812595,IT,WM,LEAD1,NONME,0.02,12201.922,3,3,12201.922,0.0,0.0,0.0,0.0,610096.1
1749379,IT,CN,PRINT,MEMBE,0.12,12200.97,3,3,12200.97,0.0,0.0,0.0,0.0,101674.75
1671095,IT,FI,RUBBE,INTER,0.04,12200.96,3,3,12200.96,0.0,0.0,0.0,0.0,305024.0
1764595,IT,MX,WHOLE,COLLE,0.11,12200.437,3,3,12200.437,0.0,0.0,0.0,0.0,110913.063636
1790651,IT,WA,FABRI,BITU1,0.05,12200.008,3,3,12200.008,0.0,0.0,0.0,0.0,244000.16
1726876,IT,RO,RETA1,MACHI,0.13,12199.509,3,3,12199.509,0.0,0.0,0.0,0.0,93842.376923
1656349,IT,DE,WOODW,MEAT4,0.03,12198.867,3,3,12198.867,0.0,0.0,0.0,0.0,406628.9
1760299,IT,IN,FISHF,FISHF,0.02,12198.442,3,3,12198.442,0.0,0.0,0.0,0.0,609922.1
1715906,IT,NL,GLASS,SANDC,0.03,12198.334,3,3,12198.334,0.0,0.0,0.0,0.0,406611.133333
1719714,IT,PL,NONME,TRANS,0.02,12198.113,3,3,12198.113,0.0,0.0,0.0,0.0,609905.65
1673388,IT,FR,WEARI,PIGS9,0.09,12197.926,4,4,12197.924,0.0,0.0,0.0,0.002,135532.511111
1754705,IT,KR,VEGE1,RUBBE,0.04,12197.469,4,4,12197.466,0.0,0.0,0.0,0.003,304936.725
1746953,IT,JP,MOTO1,ELEC8,0.06,12197.42,3,3,12197.42,0.0,0.0,0.0,0.0,203290.333333
1800578,IT,WE,GLASS,LIGNI,0.03,12197.283,3,3,12197.283,0.0,0.0,0.0,0.0,406576.1
1642706,IT,AT,MACHI,MEATC,0.07,12197.133,3,3,12197.133,0.0,0.0,0.0,0.0,174244.757143
1676737,IT,FR,RAILW,INERT,0.08,12196.208,3,3,12196.208,0.0,0.0,0.0,0.0,152452.6
1642302,IT,AT,BASIC,SUGA1,0.01,12193.968,3,3,12193.968,0.0,0.0,0.0,0.0,1219396.8
1798385,IT,WE,FISHF,EDUCA,0.02,12193.952,3,3,12193.952,0.0,0.0,0.0,0.0,609697.6
1738558,IT,GB,FABRI,LEATH,0.05,12193.756,3,3,12193.756,0.0,0.0,0.0,0.0,243875.12
1797475,IT,WL,RESEA,FINAN,0.07,12193.405,3,3,12193.405,0.0,0.0,0.0,0.0,174191.5
1682844,IT,HR,LIQUE,TEXTI,0.02,12193.233,3,3,12193.233,0.0,0.0,0.0,0.0,609661.65
1746120,IT,JP,KEROS,KEROS,0.02,12192.85,3,3,12192.85,0.0,0.0,0.0,0.0,609642.5
1650014,IT,BG,MACHI,MEAT4,0.07,12192.57,3,3,12192.57,0.0,0.0,0.0,0.0,174179.571429
1760461,IT,IN,FISH5,PUBLI,0.05,12192.454,4,4,12192.448,0.0,0.0,0.0,0.006,243849.08
1812196,IT,WM,NONME,FISH5,0.02,12192.45,3,3,12192.45,0.0,0.0,0.0,0.0,609622.5
1723205,IT,PT,RUBBE,ELEC2,0.04,12192.331,3,3,12192.331,0.0,0.0,0.0,0.0,304808.275
1754733,IT,KR,DAIRY,BEVER,0.05,12192.241,3,3,12192.241,0.0,0.0,0.0,0.0,243844.82
1729903,IT,SE,TRANS,EDUCA,0.07,12192.03,3,3,12192.03,0.0,0.0,0.0,0.0,174171.857143
1729257,IT,SE,BRICK,FORES,0.02,12191.707,3,3,12191.707,0.0,0.0,0.0,0.0,609585.35
1719951,IT,PL,PREC1,HOTEL,0.02,12191.564,3,3,12191.564,0.0,0.0,0.0,0.0,609578.2
1714133,IT,MT,AIRTR,MOTO1,0.01,12190.433,3,3,12190.433,0.0,0.0,0.0,0.0,1219043.3
1713691,IT,MT,FABRI,MACHI,0.05,12190.199,3,3,12190.199,0.0,0.0,0.0,0.0,243803.98
1791883,IT,WA,TRAN2,CATTL,0.02,12189.58,3,3,12189.58,0.0,0.0,0.0,0.0,609479.0
1789333,IT,WA,CHEM1,COPPE,0.03,12188.298,3,3,12188.298,0.0,0.0,0.0,0.0,406276.6
1682475,IT,HR,PAPER,93197,0.05,12188.238,3,3,12188.238,0.0,0.0,0.0,0.0,243764.76
1718863,IT,PL,PAPER,SEWAG,0.05,12188.057,3,3,12188.057,0.0,0.0,0.0,0.0,243761.14
1690285,IT,IE,OILHA,PUBLI,0.07,12187.085,3,3,12187.085,0.0,0.0,0.0,0.0,174101.214286
1666112,IT,ES,GASDI,NONSP,0.02,12185.581,3,3,12185.581,0.0,0.0,0.0,0.0,609279.05
1778368,IT,TR,RETAI,MEDIC,0.1,12185.175,3,3,12185.175,0.0,0.0,0.0,0.0,121851.75
1807231,IT,WF,SUPPO,PRINT,0.09,12185.148,3,3,12185.148,0.0,0.0,0.0,0.0,135390.533333
1808982,IT,WM,VEGET,MEATP,0.04,12184.845,3,3,12184.845,0.0,0.0,0.0,0.0,304621.125
1728211,IT,SE,FOOD5,LEATH,0.06,12184.746,3,3,12184.746,0.0,0.0,0.0,0.0,203079.1
1803296,IT,WF,FISHF,LIQUE,0.02,12184.596,3,3,12184.596,0.0,0.0,0.0,0.0,609229.8
1777719,IT,TR,COPP1,POSTT,0.03,12184.593,3,3,12184.593,0.0,0.0,0.0,0.0,406153.1
1769361,IT,AU,GLASS,RECRE,0.03,12184.376,3,3,12184.376,0.0,0.0,0.0,0.0,406145.866667
1796228,IT,WL,FURNI,TRAN2,0.04,12183.925,3,3,12183.925,0.0,0.0,0.0,0.0,304598.125
1796825,IT,WL,SEACO,FORES,0.01,12183.724,3,3,12183.724,0.0,0.0,0.0,0.0,1218372.4
1813434,IT,WM,CONST,KEROS,0.07,12183.324,3,3,12183.324,0.0,0.0,0.0,0.0,174047.485714
1789899,IT,WA,CEMEN,VEGET,0.02,12183.275,3,3,12183.275,0.0,0.0,0.0,0.0,609163.75
1790202,IT,WA,PREC1,BEVER,0.02,12183.194,3,3,12183.194,0.0,0.0,0.0,0.0,609159.7
1753265,IT,CA,CEMEN,BITU1,0.02,12182.167,3,3,12182.167,0.0,0.0,0.0,0.0,609108.35
1771115,IT,CH,SANDC,BIOG1,0.03,12181.891,4,4,12178.891,0.0,0.0,3.0,0.0,406063.033333
1802156,IT,WE,HOTEL,FISH5,0.09,12181.655,3,3,12181.655,0.0,0.0,0.0,0.0,135351.722222
1781863,IT,NO,CHEM1,MEATA,0.03,12181.587,3,3,12181.587,0.0,0.0,0.0,0.0,406052.9
1724299,IT,PT,LANDT,SALEM,0.08,12180.758,3,3,12180.758,0.0,0.0,0.0,0.0,152259.475
1785633,IT,ZA,HEAVY,FORES,0.02,12180.746,3,3,12180.746,0.0,0.0,0.0,0.0,609037.3
1803842,IT,WF,TEXTI,ELEC6,0.07,12180.562,4,4,12180.56,0.0,0.0,0.0,0.002,174008.028571
1645530,IT,BE,PLAST,CONST,0.03,12180.377,3,3,12180.377,0.0,0.0,0.0,0.0,406012.566667
1753488,IT,CA,FABRI,COMPU,0.05,12180.355,3,3,12180.355,0.0,0.0,0.0,0.0,243607.1
1773654,IT,CH,FURNI,PROCE,0.04,12179.622,3,3,12179.622,0.0,0.0,0.0,0.0,304490.55
1747556,IT,JP,AIRTR,REFIN,0.01,12179.023,3,3,12179.023,0.0,0.0,0.0,0.0,1217902.3
1718149,IT,PL,VEGE1,REALE,0.04,12178.256,4,4,12178.253,0.0,0.0,0.0,0.003,304456.4
1783747,IT,NO,PAPE4,PLAST,0.08,12178.142,3,3,12178.142,0.0,0.0,0.0,0.0,152226.775
1810041,IT,WM,TEXTI,KERO1,0.07,12177.604,4,4,12177.602,0.0,0.0,0.0,0.002,173965.771429
1712134,IT,LV,WEARI,BIOG1,0.09,12177.26,4,4,12177.258,0.0,0.0,0.0,0.002,135302.888889
1784474,IT,ID,COPP1,SALEM,0.03,12177.02,3,3,12177.02,0.0,0.0,0.0,0.0,405900.666667
1792233,IT,WA,POSTT,WEARI,0.2,12176.63,3,3,12176.63,0.0,0.0,0.0,0.0,60883.15
1729483,IT,SE,ALUM1,GLASS,0.02,12176.445,3,3,12176.445,0.0,0.0,0.0,0.0,608822.25
1650214,IT,BG,TRANS,SUPPO,0.07,12176.032,3,3,12176.032,0.0,0.0,0.0,0.0,173943.314286
1712758,IT,LV,LANDT,CEMEN,0.08,12175.035,3,3,12175.035,0.0,0.0,0.0,0.0,152187.9375
1800236,IT,WE,PLAST,NONSP,0.03,12174.252,3,3,12174.252,0.0,0.0,0.0,0.0,405808.4
1716052,IT,NL,NONME,COMPU,0.02,12173.481,3,3,12173.481,0.0,0.0,0.0,0.0,608674.05
1688624,IT,IE,PLAST,LEATH,0.03,12173.44,3,3,12173.44,0.0,0.0,0.0,0.0,405781.333333
1683980,IT,HR,WHOLE,HOTEL,0.11,12172.585,3,3,12172.585,0.0,0.0,0.0,0.0,110659.863636
1689918,IT,IE,AUXIL,SEACO,0.22,12172.42,3,3,12172.42,0.0,0.0,0.0,0.0,55329.181818
1814302,IT,WM,FINAN,VEGET,0.16,12172.152,3,3,12172.152,0.0,0.0,0.0,0.0,76075.95
1799382,IT,WE,PULP5,RETA1,0.04,12171.795,3,3,12171.795,0.0,0.0,0.0,0.0,304294.875
1781264,IT,NO,CHEMI,FISH5,0.03,12171.717,4,4,12170.717,0.0,0.0,1.0,0.0,405723.9
1783428,IT,NO,INTER,RESEA,0.07,12171.007,3,3,12171.007,0.0,0.0,0.0,0.0,173871.528571
1759919,IT,BR,PAPE1,WOOD2,0.09,12170.792,3,3,12170.792,0.0,0.0,0.0,0.0,135231.022222
1657056,IT,DE,NONSP,TEXTI,0.02,12170.379,3,3,12170.379,0.0,0.0,0.0,0.0,608518.95
1661111,IT,DE,EDUCA,EDUCA,0.3,12170.195,3,3,12170.195,0.0,0.0,0.0,0.0,40567.316667
1664542,IT,EE,FURNI,PUBLI,0.04,12170.002,3,3,12170.002,0.0,0.0,0.0,0.0,304250.05
1646130,IT,BE,PREC1,CEMEN,0.02,12169.719,3,3,12169.719,0.0,0.0,0.0,0.0,608485.95
1677863,IT,FR,BUSIN,LEATH,0.12,12169.424,3,3,12169.424,0.0,0.0,0.0,0.0,101411.866667
1654140,IT,CZ,MOTO1,FOOD5,0.06,12169.332,3,3,12169.332,0.0,0.0,0.0,0.0,202822.2
1666356,IT,ES,LIQUE,SEWAG,0.02,12169.298,3,3,12169.298,0.0,0.0,0.0,0.0,608464.9
1665595,IT,ES,LEATH,MEMBE,0.09,12169.082,4,4,12169.08,0.0,0.0,0.0,0.002,135212.022222
1802546,IT,WE,FINAN,NATUR,0.16,12169.064,3,3,12169.064,0.0,0.0,0.0,0.0,76056.65
1782762,IT,NO,HOTEL,MEAT4,0.09,12168.578,3,3,12168.578,0.0,0.0,0.0,0.0,135206.422222
1811287,IT,WM,BITU1,REFI1,0.02,12168.334,3,3,12168.334,0.0,0.0,0.0,0.0,608416.7
1715411,IT,NL,MOTOR,RAWMI,0.02,12168.011,3,3,12168.011,0.0,0.0,0.0,0.0,608400.55
1797489,IT,WL,BUSIN,NATU1,0.12,12167.812,3,3,12167.812,0.0,0.0,0.0,0.0,101398.433333
1780346,IT,TW,AIRTR,REFIN,0.01,12167.575,3,3,12167.575,0.0,0.0,0.0,0.0,1216757.5
1764617,IT,MX,RETA1,POULT,0.13,12167.074,3,3,12167.074,0.0,0.0,0.0,0.0,93592.876923
1723549,IT,PT,FABRI,CATTL,0.05,12166.901,3,3,12166.901,0.0,0.0,0.0,0.0,243338.02
1671197,IT,FI,NONME,RUBBE,0.02,12166.394,3,3,12166.394,0.0,0.0,0.0,0.0,608319.7
1717876,IT,PL,VEGET,SUPPO,0.04,12166.005,3,3,12166.005,0.0,0.0,0.0,0.0,304150.125
1712852,IT,LV,AUXIL,AUXIL,0.22,12165.618,3,3,12165.618,0.0,0.0,0.0,0.0,55298.263636
1743724,IT,US,LANDT,SUGAR,0.08,12165.482,3,3,12165.482,0.0,0.0,0.0,0.0,152068.525
1688375,IT,IE,FOOD5,POULT,0.06,12164.997,3,3,12164.997,0.0,0.0,0.0,0.0,202749.95
1808808,IT,WF,WOOD2,AIRTR,0.07,12164.764,3,3,12164.764,0.0,0.0,0.0,0.0,173782.342857
1682067,IT,HR,FISH5,FINAN,0.05,12164.373,4,4,12164.367,0.0,0.0,0.0,0.006,243287.46
1741736,IT,US,NAPHT,FURNI,0.02,12164.314,3,3,12164.314,0.0,0.0,0.0,0.0,608215.7
1713283,IT,MT,PRINT,SEACO,0.12,12163.929,3,3,12163.929,0.0,0.0,0.0,0.0,101366.075
1810356,IT,WM,WOODW,ELECT,0.03,12161.704,3,3,12161.704,0.0,0.0,0.0,0.0,405390.133333
1683056,IT,HR,RUBBE,OILSE,0.04,12161.683,3,3,12161.683,0.0,0.0,0.0,0.0,304042.075
1784852,IT,ID,SEACO,ELEC2,0.01,12161.267,3,3,12161.267,0.0,0.0,0.0,0.0,1216126.7
1739279,IT,GB,HOTEL,PLAST,0.09,12161.035,3,3,12161.035,0.0,0.0,0.0,0.0,135122.611111
1667464,IT,ES,FABRI,CROPS,0.05,12160.758,3,3,12160.758,0.0,0.0,0.0,0.0,243215.16
1765162,IT,MX,BUSIN,CEMEN,0.12,12160.242,3,3,12160.242,0.0,0.0,0.0,0.0,101335.35
1647520,IT,BE,SUPPO,NONF1,0.09,12159.882,3,3,12159.882,0.0,0.0,0.0,0.0,135109.8
1756038,IT,KR,FABRI,FISHF,0.05,12159.418,3,3,12159.418,0.0,0.0,0.0,0.0,243188.36
1649269,IT,BG,LIQUE,CEREA,0.02,12159.047,3,3,12159.047,0.0,0.0,0.0,0.0,607952.35
1650833,IT,BG,LANDT,BIODI,0.08,12158.887,3,3,12158.887,0.0,0.0,0.0,0.0,151986.0875
1766276,IT,RU,CERAM,TRAN1,0.02,12158.046,3,3,12158.046,0.0,0.0,0.0,0.0,607902.3
1802253,IT,WE,LANDT,FOOD5,0.08,12157.871,3,3,12157.871,0.0,0.0,0.0,0.0,151973.3875
1713231,IT,MT,WOODW,PUBLI,0.03,12157.64,3,3,12157.64,0.0,0.0,0.0,0.0,405254.666667
1717655,IT,NL,BUSIN,NAPHT,0.12,12156.99,3,3,12156.99,0.0,0.0,0.0,0.0,101308.25
1755590,IT,KR,CHEM1,AUXIL,0.03,12156.633,3,3,12156.633,0.0,0.0,0.0,0.0,405221.1
1768196,IT,RU,PUBLI,RESEA,0.2,12156.589,3,3,12156.589,0.0,0.0,0.0,0.0,60782.945
1811120,IT,WM,NAPHT,IRONO,0.02,12156.402,3,3,12156.402,0.0,0.0,0.0,0.0,607820.1
1786026,IT,ZA,GLASS,BUSIN,0.03,12156.314,3,3,12156.314,0.0,0.0,0.0,0.0,405210.466667
1786741,IT,ZA,RETA1,LANDT,0.13,12156.28,3,3,12156.28,0.0,0.0,0.0,0.0,93509.846154
1794567,IT,WL,HEAVY,WHITE,0.02,12155.56,3,3,12155.56,0.0,0.0,0.0,0.0,607778.0
1768896,IT,AU,WOODW,MACHI,0.03,12155.503,3,3,12155.503,0.0,0.0,0.0,0.0,405183.433333
1731328,IT,SI,DAIRY,RAWMI,0.05,12154.972,3,3,12154.972,0.0,0.0,0.0,0.0,243099.44
1786739,IT,ZA,RETA1,HOTEL,0.13,12154.934,3,3,12154.934,0.0,0.0,0.0,0.0,93499.492308
1786538,IT,ZA,FURNI,GASDI,0.04,12154.774,3,3,12154.774,0.0,0.0,0.0,0.0,303869.35
1799452,IT,WE,PAPER,GASDI,0.05,12154.467,3,3,12154.467,0.0,0.0,0.0,0.0,243089.34
1808655,IT,WF,INERT,CHEMI,0.09,12154.448,3,3,12154.448,0.0,0.0,0.0,0.0,135049.422222
1662144,IT,DK,RUBBE,NUCLE,0.04,12154.272,3,3,12154.272,0.0,0.0,0.0,0.0,303856.8
1646581,IT,BE,MOTO1,TEXTI,0.06,12152.9,3,3,12152.9,0.0,0.0,0.0,0.0,202548.333333
1646565,IT,BE,OFFIC,LANDT,0.04,12152.497,3,3,12152.497,0.0,0.0,0.0,0.0,303812.425
1715704,IT,NL,PLAST,PAPER,0.03,12152.29,3,3,12152.29,0.0,0.0,0.0,0.0,405076.333333
1661472,IT,DK,PROCE,WEARI,0.08,12152.225,3,3,12152.225,0.0,0.0,0.0,0.0,151902.8125
1640516,IT,AT,SUGA1,RETA1,0.03,12152.123,4,4,12152.121,0.0,0.0,0.0,0.002,405070.766667
1667504,IT,ES,FABRI,LUBRI,0.05,12150.848,3,3,12150.848,0.0,0.0,0.0,0.0,243016.96
1734736,IT,SK,LEATH,POSTT,0.09,12150.673,4,4,12150.671,0.0,0.0,0.0,0.002,135007.477778
1715675,IT,NL,NONSP,WHITE,0.02,12150.067,3,3,12150.067,0.0,0.0,0.0,0.0,607503.35
1652279,IT,CZ,BEVER,ANIMA,0.05,12149.938,3,3,12149.938,0.0,0.0,0.0,0.0,242998.76
1666960,IT,ES,CERAM,COLLE,0.02,12149.625,3,3,12149.625,0.0,0.0,0.0,0.0,607481.25
1655160,IT,CZ,BUSIN,ELECT,0.12,12149.45,3,3,12149.45,0.0,0.0,0.0,0.0,101245.416667
1731322,IT,SI,VEGE1,RECRE,0.04,12148.097,4,4,12148.094,0.0,0.0,0.0,0.003,303702.425
1760763,IT,IN,PRINT,NONME,0.12,12148.046,3,3,12148.046,0.0,0.0,0.0,0.0,101233.716667
1814229,IT,WM,POSTT,NATUR,0.2,12147.693,3,3,12147.693,0.0,0.0,0.0,0.0,60738.465
1764512,IT,MX,CONST,HOTEL,0.07,12147.382,3,3,12147.382,0.0,0.0,0.0,0.0,173534.028571
1715196,IT,NL,WOODW,LIQUI,0.03,12147.126,3,3,12147.126,0.0,0.0,0.0,0.0,404904.2
1716267,IT,NL,COPP1,EDUCA,0.03,12146.081,3,3,12146.081,0.0,0.0,0.0,0.0,404869.366667
1679013,IT,GR,WOODW,MEATP,0.03,12145.81,3,3,12145.81,0.0,0.0,0.0,0.0,404860.333333
1669468,IT,ES,AUXIL,VEGET,0.22,12145.77,3,3,12145.77,0.0,0.0,0.0,0.0,55208.045455
1712797,IT,LV,SEACO,CONST,0.01,12145.072,3,3,12145.072,0.0,0.0,0.0,0.0,1214507.2
1643034,IT,AT,CONST,TRAN2,0.07,12144.998,3,3,12144.998,0.0,0.0,0.0,0.0,173499.971429
1780742,IT,TW,REALE,EDUCA,0.51,12144.108,3,3,12144.108,0.0,0.0,0.0,0.0,23811.976471
1675226,IT,FR,FABRI,TOBAC,0.05,12143.845,3,3,12143.845,0.0,0.0,0.0,0.0,242876.9
1718272,IT,PL,FOOD5,WOODW,0.06,12143.697,3,3,12143.697,0.0,0.0,0.0,0.0,202394.95
1802448,IT,WE,AIRTR,PRIVA,0.01,12143.281,3,3,12143.281,0.0,0.0,0.0,0.0,1214328.1
1686904,IT,HU,MACHI,SUGA1,0.07,12142.961,3,3,12142.961,0.0,0.0,0.0,0.0,173470.871429
1802158,IT,WE,HOTEL,TEXTI,0.09,12142.85,3,3,12142.85,0.0,0.0,0.0,0.0,134920.555556
1786316,IT,ZA,FABRI,RESEA,0.05,12142.226,3,3,12142.226,0.0,0.0,0.0,0.0,242844.52
1793986,IT,WL,WOODW,RUBBE,0.03,12141.693,3,3,12141.693,0.0,0.0,0.0,0.0,404723.1
1752411,IT,CA,VEGE1,ADDIT,0.04,12141.6,4,4,12141.597,0.0,0.0,0.0,0.003,303540.0
1760331,IT,IN,STONE,TRAN1,0.04,12141.591,4,4,12140.591,0.0,0.0,1.0,0.0,303539.775
1756669,IT,KR,SEACO,STONE,0.01,12140.632,3,3,12140.632,0.0,0.0,0.0,0.0,1214063.2
1764702,IT,MX,HOTEL,WOODW,0.09,12140.587,3,3,12140.587,0.0,0.0,0.0,0.0,134895.411111
1784170,IT,ID,PAPER,MOTO1,0.05,12140.406,3,3,12140.406,0.0,0.0,0.0,0.0,242808.12
1683576,IT,HR,COPP1,NONME,0.03,12140.188,3,3,12140.188,0.0,0.0,0.0,0.0,404672.933333
1750976,IT,CN,RETAI,TRANS,0.1,12139.633,3,3,12139.633,0.0,0.0,0.0,0.0,121396.33
1759821,IT,BR,BUSIN,TEXT2,0.12,12139.448,3,3,12139.448,0.0,0.0,0.0,0.0,101162.066667
1751355,IT,CN,LANDT,EDUCA,0.08,12139.442,3,3,12139.442,0.0,0.0,0.0,0.0,151743.025
1758352,IT,BR,FABRI,OILSE,0.05,12139.235,3,3,12139.235,0.0,0.0,0.0,0.0,242784.7
1754325,IT,CA,INSUR,RUBBE,0.25,12138.322,3,3,12138.322,0.0,0.0,0.0,0.0,48553.288
1764573,IT,MX,WHOLE,GLASS,0.1,12138.232,3,3,12138.232,0.0,0.0,0.0,0.0,121382.32
1719965,IT,PL,PREC1,OILHA,0.02,12137.728,3,3,12137.728,0.0,0.0,0.0,0.0,606886.4
1764582,IT,MX,WHOLE,COPP1,0.1,12137.724,3,3,12137.724,0.0,0.0,0.0,0.0,121377.24
1654630,IT,CZ,LANDT,MEAT1,0.08,12137.623,3,3,12137.623,0.0,0.0,0.0,0.0,151720.2875
1733900,IT,SI,SEACO,RECRE,0.01,12137.3,3,3,12137.3,0.0,0.0,0.0,0.0,1213730.0
1668283,IT,ES,WHOLE,LUBRI,0.1,12137.137,3,3,12137.137,0.0,0.0,0.0,0.0,121371.37
1783776,IT,NO,PAPE4,TEXT1,0.08,12137.087,3,3,12137.087,0.0,0.0,0.0,0.0,151713.5875
1812663,IT,WM,COPP1,CHARC,0.03,12136.783,3,3,12136.783,0.0,0.0,0.0,0.0,404559.433333
1735245,IT,SK,GLASS,RAWMI,0.03,12135.831,3,3,12135.831,0.0,0.0,0.0,0.0,404527.7
1666478,IT,ES,PLAST,MOTOR,0.03,12135.663,3,3,12135.663,0.0,0.0,0.0,0.0,404522.1
1736559,IT,SK,SUPPO,DISTR,0.09,12135.2,3,3,12135.2,0.0,0.0,0.0,0.0,134835.555556
1734663,IT,SK,WEARI,MACHI,0.09,12135.154,4,4,12135.152,0.0,0.0,0.0,0.002,134835.044444
1677006,IT,FR,AIRTR,FOOD2,0.01,12134.883,3,3,12134.883,0.0,0.0,0.0,0.0,1213488.3
1749042,IT,CN,LEATH,ELEC8,0.09,12134.608,4,4,12134.606,0.0,0.0,0.0,0.002,134828.977778
1712487,IT,LV,FABRI,WHEAT,0.05,12133.946,3,3,12133.946,0.0,0.0,0.0,0.0,242678.92
1766392,IT,RU,BASIC,CERAM,0.01,12133.21,3,3,12133.21,0.0,0.0,0.0,0.0,1213321.0
1737055,IT,GB,SANDC,FABRI,0.03,12133.198,4,4,12130.198,0.0,0.0,3.0,0.0,404439.933333
1645659,IT,BE,CHEM1,AIRTR,0.03,12133.014,3,3,12133.014,0.0,0.0,0.0,0.0,404433.8
1685618,IT,HU,MOTOR,NATUR,0.02,12132.628,3,3,12132.628,0.0,0.0,0.0,0.0,606631.4
1640555,IT,AT,FOOD5,BASIC,0.06,12131.844,3,3,12131.844,0.0,0.0,0.0,0.0,202197.4
1810259,IT,WM,LEATH,LEAD1,0.09,12131.794,4,4,12131.792,0.0,0.0,0.0,0.002,134797.711111
1751075,IT,CN,RETA1,RAWMI,0.13,12131.378,3,3,12131.378,0.0,0.0,0.0,0.0,93318.292308
1711854,IT,LU,PLAS1,BASIC,0.04,12131.228,3,3,12131.228,0.0,0.0,0.0,0.0,303280.7
1719577,IT,PL,GLASS,INERT,0.03,12131.042,3,3,12131.042,0.0,0.0,0.0,0.0,404368.066667
1787835,IT,WA,FOOD5,SANDC,0.06,12130.734,3,3,12130.734,0.0,0.0,0.0,0.0,202178.9
1804707,IT,WF,LIQUE,ELEC1,0.02,12130.453,3,3,12130.453,0.0,0.0,0.0,0.0,606522.65
1753313,IT,CA,BASIC,GLASS,0.01,12130.24,3,3,12130.24,0.0,0.0,0.0,0.0,1213024.0
1780759,IT,TW,RENTI,GASDI,0.07,12129.759,3,3,12129.759,0.0,0.0,0.0,0.0,173282.271429
1766548,IT,RU,COPP1,OFFIC,0.03,12129.468,3,3,12129.468,0.0,0.0,0.0,0.0,404315.6
1641037,IT,AT,PULP5,RENTI,0.04,12128.682,3,3,12128.682,0.0,0.0,0.0,0.0,303217.05
1773060,IT,CH,ALUM1,RETAI,0.02,12128.332,3,3,12128.332,0.0,0.0,0.0,0.0,606416.6
1717021,IT,NL,LANDT,ADDIT,0.08,12128.133,3,3,12128.133,0.0,0.0,0.0,0.0,151601.6625
1775636,IT,CH,93197,CONST,0.08,12127.901,3,3,12127.901,0.0,0.0,0.0,0.0,151598.7625
1722092,IT,PL,BUSIN,LIQUE,0.12,12126.096,3,3,12126.096,0.0,0.0,0.0,0.0,101050.8
1735954,IT,SK,MOTO1,COPP1,0.06,12125.978,3,3,12125.978,0.0,0.0,0.0,0.0,202099.633333
1778122,IT,TR,MOTO1,BUSIN,0.06,12125.248,3,3,12125.248,0.0,0.0,0.0,0.0,202087.466667
1773995,IT,CH,RETAI,VEGET,0.1,12124.985,3,3,12124.985,0.0,0.0,0.0,0.0,121249.85
1687954,IT,HU,RENTI,LEATH,0.07,12124.828,3,3,12124.828,0.0,0.0,0.0,0.0,173211.828571
1753844,IT,CA,WHOLE,POSTT,0.1,12124.601,3,3,12124.601,0.0,0.0,0.0,0.0,121246.01
1715136,IT,NL,LEATH,BRICK,0.09,12124.31,4,4,12124.308,0.0,0.0,0.0,0.002,134714.555556
1643537,IT,AT,TRAN2,COMPU,0.02,12124.177,3,3,12124.177,0.0,0.0,0.0,0.0,606208.85
1807080,IT,WF,SEACO,CEMEN,0.01,12123.773,3,3,12123.773,0.0,0.0,0.0,0.0,1212377.3
1782393,IT,NO,FABRI,POSTT,0.05,12123.734,3,3,12123.734,0.0,0.0,0.0,0.0,242474.68
1653435,IT,CZ,NONME,MOTOR,0.02,12123.213,3,3,12123.213,0.0,0.0,0.0,0.0,606160.65
1758122,IT,BR,CERAM,FURNI,0.02,12123.125,3,3,12123.125,0.0,0.0,0.0,0.0,606156.25
1753066,IT,CA,RUBBE,VEGET,0.04,12123.108,3,3,12123.108,0.0,0.0,0.0,0.0,303077.7
1752553,IT,CA,BEVER,MEAT4,0.05,12122.849,3,3,12122.849,0.0,0.0,0.0,0.0,242456.98
1778367,IT,TR,RETAI,RADIO,0.1,12122.543,3,3,12122.543,0.0,0.0,0.0,0.0,121225.43
1659287,IT,DE,SALEM,PAPE1,0.1,12122.477,3,3,12122.477,0.0,0.0,0.0,0.0,121224.77
1662918,IT,DK,RETA1,PULP5,0.13,12122.066,3,3,12122.066,0.0,0.0,0.0,0.0,93246.661538
1664381,IT,EE,MACHI,CROPS,0.07,12121.881,3,3,12121.881,0.0,0.0,0.0,0.0,173169.728571
1710330,IT,LT,FURNI,EDUCA,0.04,12121.478,3,3,12121.478,0.0,0.0,0.0,0.0,303036.95
1800404,IT,WE,CHEM1,BUSIN,0.03,12121.294,3,3,12121.294,0.0,0.0,0.0,0.0,404043.133333
1764500,IT,MX,CONST,MACHI,0.07,12120.814,3,3,12120.814,0.0,0.0,0.0,0.0,173154.485714
1747666,IT,JP,POSTT,MACHI,0.2,12120.776,3,3,12120.776,0.0,0.0,0.0,0.0,60603.88
1676873,IT,FR,LANDT,WOOD2,0.08,12119.508,3,3,12119.508,0.0,0.0,0.0,0.0,151493.85
1643132,IT,AT,RETA1,FOOD5,0.13,12118.999,3,3,12118.999,0.0,0.0,0.0,0.0,93223.069231
1785356,IT,ZA,WOODW,FABRI,0.03,12118.746,3,3,12118.746,0.0,0.0,0.0,0.0,403958.2
1778826,IT,TR,LANDT,TRAN2,0.08,12118.255,3,3,12118.255,0.0,0.0,0.0,0.0,151478.1875
1681324,IT,GR,INSUR,RUBBE,0.25,12118.185,3,3,12118.185,0.0,0.0,0.0,0.0,48472.74
1757966,IT,BR,RUBBE,OILSE,0.04,12117.809,3,3,12117.809,0.0,0.0,0.0,0.0,302945.225
1778373,IT,TR,RETAI,ELEC8,0.1,12117.67,3,3,12117.67,0.0,0.0,0.0,0.0,121176.7
1757952,IT,BR,ADDIT,NONSP,0.03,12116.923,3,3,12116.923,0.0,0.0,0.0,0.0,403897.433333
1742709,IT,US,FABRI,CROPS,0.05,12116.901,3,3,12116.901,0.0,0.0,0.0,0.0,242338.02
1786744,IT,ZA,RETA1,SUPPO,0.13,12116.795,3,3,12116.795,0.0,0.0,0.0,0.0,93206.115385
1671158,IT,FI,CERAM,PREC1,0.02,12116.569,3,3,12116.569,0.0,0.0,0.0,0.0,605828.45
1766436,IT,RU,BASIC,PUBLI,0.01,12116.035,3,3,12116.035,0.0,0.0,0.0,0.0,1211603.5
1743105,IT,US,MOTO1,LIQUE,0.06,12115.565,3,3,12115.565,0.0,0.0,0.0,0.0,201926.083333
1642198,IT,AT,CEMEN,CHEM1,0.02,12115.241,3,3,12115.241,0.0,0.0,0.0,0.0,605762.05
1753743,IT,CA,FURNI,TEXTI,0.04,12115.235,3,3,12115.235,0.0,0.0,0.0,0.0,302880.875
1806532,IT,WF,FURNI,LEADZ,0.04,12115.197,3,3,12115.197,0.0,0.0,0.0,0.0,302879.925
1718242,IT,PL,PROCE,RESEA,0.08,12115.087,3,3,12115.087,0.0,0.0,0.0,0.0,151438.5875
1657149,IT,DE,PLAST,RETAI,0.03,12114.976,3,3,12114.976,0.0,0.0,0.0,0.0,403832.533333
1673910,IT,FR,MOTOR,BEVER,0.02,12114.91,3,3,12114.91,0.0,0.0,0.0,0.0,605745.5
1640503,IT,AT,PROCE,WOODW,0.08,12113.788,3,3,12113.788,0.0,0.0,0.0,0.0,151422.35
1643508,IT,AT,LANDT,93197,0.08,12113.202,3,3,12113.202,0.0,0.0,0.0,0.0,151415.025
1791371,IT,WA,SALEM,INSUR,0.1,12112.726,3,3,12112.726,0.0,0.0,0.0,0.0,121127.26
1769353,IT,AU,GLASS,LANDT,0.03,12112.655,3,3,12112.655,0.0,0.0,0.0,0.0,403755.166667
1726833,IT,RO,WHOLE,AUXIL,0.1,12112.605,3,3,12112.605,0.0,0.0,0.0,0.0,121126.05
1775053,IT,CH,RENTI,CHEM1,0.07,12111.991,3,3,12111.991,0.0,0.0,0.0,0.0,173028.442857
1731808,IT,SI,PAPER,ELEC3,0.05,12111.508,3,3,12111.508,0.0,0.0,0.0,0.0,242230.16
1729305,IT,SE,NONME,BRICK,0.02,12111.198,3,3,12111.198,0.0,0.0,0.0,0.0,605559.9
1778942,IT,TR,SEACO,ELEC4,0.01,12109.768,3,3,12109.768,0.0,0.0,0.0,0.0,1210976.8
1718828,IT,PL,PAPER,ELEC2,0.05,12109.264,3,3,12109.264,0.0,0.0,0.0,0.0,242185.28
1729289,IT,SE,NONME,PRECI,0.02,12109.212,3,3,12109.212,0.0,0.0,0.0,0.0,605460.6
1717383,IT,NL,INSUR,VEGET,0.25,12108.983,3,3,12108.983,0.0,0.0,0.0,0.0,48435.932
1687266,IT,HU,WHOLE,MACHI,0.1,12108.86,3,3,12108.86,0.0,0.0,0.0,0.0,121088.6
1677714,IT,FR,RENTI,COLLE,0.07,12107.033,3,3,12107.033,0.0,0.0,0.0,0.0,172957.614286
1653230,IT,CZ,RUBBE,KEROS,0.04,12106.742,3,3,12106.742,0.0,0.0,0.0,0.0,302668.55
1673802,IT,FR,PRINT,OILSE,0.12,12106.56,3,3,12106.56,0.0,0.0,0.0,0.0,100888.0
1723027,IT,PT,PLAST,TRANS,0.03,12106.457,3,3,12106.457,0.0,0.0,0.0,0.0,403548.566667
1770944,IT,CH,VEGET,PULP5,0.04,12105.657,3,3,12105.657,0.0,0.0,0.0,0.0,302641.425
1767969,IT,RU,COMPU,MOTO1,0.14,12105.541,3,3,12105.541,0.0,0.0,0.0,0.0,86468.15
1766354,IT,RU,NONME,EDUCA,0.02,12104.948,3,3,12104.948,0.0,0.0,0.0,0.0,605247.4
1757400,IT,BR,WOODW,BEVER,0.03,12104.617,3,3,12104.617,0.0,0.0,0.0,0.0,403487.233333
1804041,IT,WF,WOODW,CHARC,0.03,12103.716,3,3,12103.716,0.0,0.0,0.0,0.0,403457.2
1802155,IT,WE,HOTEL,BEVER,0.09,12103.267,3,3,12103.267,0.0,0.0,0.0,0.0,134480.744444
1756478,IT,KR,CONST,PUBLI,0.07,12102.944,3,3,12102.944,0.0,0.0,0.0,0.0,172899.2
1782682,IT,NO,WHOLE,BASIC,0.1,12102.94,3,3,12102.94,0.0,0.0,0.0,0.0,121029.4
1751845,IT,CN,RENTI,ELEC1,0.07,12102.855,3,3,12102.855,0.0,0.0,0.0,0.0,172897.928571
1713917,IT,MT,ELEC8,TRAN1,0.16,12102.415,3,3,12102.415,0.0,0.0,0.0,0.0,75640.09375
1781534,IT,NO,TEXTI,BLAST,0.07,12102.247,4,4,12102.245,0.0,0.0,0.0,0.002,172889.242857
1752462,IT,CA,DAIRY,FURNI,0.05,12101.32,3,3,12101.32,0.0,0.0,0.0,0.0,242026.4
1668919,IT,ES,INLAN,PLAST,0.02,12099.243,3,3,12099.243,0.0,0.0,0.0,0.0,604962.15
1744617,IT,US,RENTI,HOTEL,0.07,12098.686,3,3,12098.686,0.0,0.0,0.0,0.0,172838.371429
1772758,IT,CH,NONME,ANIMA,0.02,12098.364,3,3,12098.364,0.0,0.0,0.0,0.0,604918.2
1687931,IT,HU,RENTI,CROPS,0.07,12096.963,3,3,12096.963,0.0,0.0,0.0,0.0,172813.757143
1755399,IT,KR,KEROS,RESEA,0.02,12096.814,3,3,12096.814,0.0,0.0,0.0,0.0,604840.7
1756278,IT,KR,OFFIC,PUBLI,0.04,12096.721,3,3,12096.721,0.0,0.0,0.0,0.0,302418.025
1671625,IT,FI,FURNI,RETA1,0.04,12096.278,3,3,12096.278,0.0,0.0,0.0,0.0,302406.95
1671780,IT,FI,WHOLE,PIGS9,0.1,12095.796,3,3,12095.796,0.0,0.0,0.0,0.0,120957.96
1677892,IT,FR,BUSIN,BRICK,0.12,12095.691,3,3,12095.691,0.0,0.0,0.0,0.0,100797.425
1721805,IT,PL,AUXIL,BUSIN,0.22,12095.645,3,3,12095.645,0.0,0.0,0.0,0.0,54980.204545
1674562,IT,FR,RUBBE,NONF1,0.04,12094.966,3,3,12094.966,0.0,0.0,0.0,0.0,302374.15
1778305,IT,TR,SALEM,MEDIC,0.1,12094.338,3,3,12094.338,0.0,0.0,0.0,0.0,120943.38
1732357,IT,SI,PETRO,WOODW,0.02,12094.01,3,3,12094.01,0.0,0.0,0.0,0.0,604700.5
1794738,IT,WL,PARAF,LIQUE,0.02,12092.804,3,3,12092.804,0.0,0.0,0.0,0.0,604640.2
1761254,IT,IN,RUBBE,HEAVY,0.04,12091.972,3,3,12091.972,0.0,0.0,0.0,0.0,302299.3
1661786,IT,DK,LEATH,RECRE,0.09,12091.596,4,4,12091.594,0.0,0.0,0.0,0.002,134351.066667
1731528,IT,SI,FISH5,FINAN,0.05,12091.488,4,4,12091.482,0.0,0.0,0.0,0.006,241829.76
1779476,IT,TR,RENTI,MOTOR,0.07,12089.989,3,3,12089.989,0.0,0.0,0.0,0.0,172714.128571
1772178,IT,CH,GASDI,TOBAC,0.02,12088.722,3,3,12088.722,0.0,0.0,0.0,0.0,604436.1
1684886,IT,HU,SANDC,FABRI,0.03,12088.408,4,4,12085.408,0.0,0.0,3.0,0.0,402946.933333
1678791,IT,GR,FOOD5,CONST,0.06,12087.919,3,3,12087.919,0.0,0.0,0.0,0.0,201465.316667
1729470,IT,SE,ALUM1,BEVER,0.02,12087.14,3,3,12087.14,0.0,0.0,0.0,0.0,604357.0
1765685,IT,RU,PAPER,BASIC,0.05,12087.059,3,3,12087.059,0.0,0.0,0.0,0.0,241741.18
1651124,IT,BG,COMPU,RETA1,0.14,12086.763,3,3,12086.763,0.0,0.0,0.0,0.0,86334.021429
1752327,IT,CA,MEATC,HOTEL,0.04,12085.937,3,3,12085.937,0.0,0.0,0.0,0.0,302148.425
1640797,IT,AT,WEARI,WOODW,0.09,12085.91,4,4,12085.908,0.0,0.0,0.0,0.002,134287.888889
1803308,IT,WF,STONE,CATTL,0.04,12085.677,4,4,12084.677,0.0,0.0,1.0,0.0,302141.925
1664875,IT,ES,FORES,PREC1,0.11,12085.595,4,4,12080.595,0.0,5.0,0.0,0.0,109869.045455
1669599,IT,ES,RENTI,FISH5,0.07,12085.311,3,3,12085.311,0.0,0.0,0.0,0.0,172647.3
1652115,IT,CZ,CHEMI,MACHI,0.03,12085.258,4,4,12084.258,0.0,0.0,1.0,0.0,402841.933333
1764649,IT,MX,RETA1,MEDIC,0.13,12085.077,3,3,12085.077,0.0,0.0,0.0,0.0,92962.130769
1657183,IT,DE,CHEM1,COKIN,0.03,12084.632,3,3,12084.632,0.0,0.0,0.0,0.0,402821.066667
1745540,IT,JP,BEVER,RUBBE,0.05,12084.2,3,3,12084.2,0.0,0.0,0.0,0.0,241684.0
1725135,IT,RO,MEATC,HOTEL,0.04,12084.16,3,3,12084.16,0.0,0.0,0.0,0.0,302104.0
1797310,IT,WL,AUXIL,HOTEL,0.22,12084.114,3,3,12084.114,0.0,0.0,0.0,0.0,54927.790909
1668805,IT,ES,LANDT,WASTE,0.08,12083.51,3,3,12083.51,0.0,0.0,0.0,0.0,151043.875
1656971,IT,DE,LIQUE,DIST1,0.02,12083.415,3,3,12083.415,0.0,0.0,0.0,0.0,604170.75
1762208,IT,IN,SEACO,FOUND,0.01,12083.257,3,3,12083.257,0.0,0.0,0.0,0.0,1208325.7
1664588,IT,EE,HOTEL,FINAN,0.09,12082.501,3,3,12082.501,0.0,0.0,0.0,0.0,134250.011111
1809327,IT,WM,STONE,HOTEL,0.04,12082.289,4,4,12081.289,0.0,0.0,1.0,0.0,302057.225
1711065,IT,LU,PREC1,BIODI,0.02,12081.035,3,3,12081.035,0.0,0.0,0.0,0.0,604051.75
1766102,IT,RU,RUBBE,PULP5,0.04,12081.016,3,3,12081.016,0.0,0.0,0.0,0.0,302025.4
1646156,IT,BE,PREC1,FOOD2,0.02,12080.913,3,3,12080.913,0.0,0.0,0.0,0.0,604045.65
1767351,IT,RU,RAILW,WHOLE,0.08,12080.267,3,3,12080.267,0.0,0.0,0.0,0.0,151003.3375
1778650,IT,TR,HOTEL,MEDIC,0.09,12079.791,3,3,12079.791,0.0,0.0,0.0,0.0,134219.9
1666106,IT,ES,GASDI,REFI1,0.02,12079.755,3,3,12079.755,0.0,0.0,0.0,0.0,603987.75
1688907,IT,IE,COPP1,REALE,0.03,12077.506,3,3,12077.506,0.0,0.0,0.0,0.0,402583.533333
1689988,IT,IE,REALE,MOTO1,0.51,12076.938,3,3,12076.938,0.0,0.0,0.0,0.0,23680.270588
1683187,IT,HR,GLASS,ELECT,0.03,12076.665,3,3,12076.665,0.0,0.0,0.0,0.0,402555.5
1746416,IT,JP,RUBBE,AIRTR,0.04,12076.161,3,3,12076.161,0.0,0.0,0.0,0.0,301904.025
1748243,IT,JP,WOOD1,MEMBE,0.08,12075.869,3,3,12075.869,0.0,0.0,0.0,0.0,150948.3625
1752502,IT,CA,FOOD5,VEGE1,0.06,12075.815,3,3,12075.815,0.0,0.0,0.0,0.0,201263.583333
1678744,IT,GR,SUGA1,MEATA,0.03,12075.489,4,4,12075.487,0.0,0.0,0.0,0.002,402516.3
1809894,IT,WM,BEVER,NAPHT,0.05,12075.424,3,3,12075.424,0.0,0.0,0.0,0.0,241508.48
1729403,IT,SE,BASIC,ELEC7,0.01,12075.304,3,3,12075.304,0.0,0.0,0.0,0.0,1207530.4
1732502,IT,SI,RUBBE,SANDC,0.04,12074.924,3,3,12074.924,0.0,0.0,0.0,0.0,301873.1
1661226,IT,DK,CEREA,RESEA,0.02,12074.867,3,3,12074.867,0.0,0.0,0.0,0.0,603743.35
1668452,IT,ES,RETA1,EDUCA,0.13,12074.588,3,3,12074.588,0.0,0.0,0.0,0.0,92881.446154
1666911,IT,ES,GLASS,POSTT,0.03,12074.104,3,3,12074.104,0.0,0.0,0.0,0.0,402470.133333
1771815,IT,CH,WOODW,PROCE,0.03,12072.489,3,3,12072.489,0.0,0.0,0.0,0.0,402416.3
1710841,IT,LU,PAPER,INSUR,0.05,12071.627,3,3,12071.627,0.0,0.0,0.0,0.0,241432.54
1721443,IT,PL,AIRTR,NONME,0.01,12071.515,3,3,12071.515,0.0,0.0,0.0,0.0,1207151.5
1753563,IT,CA,MACHI,BRICK,0.07,12071.505,3,3,12071.505,0.0,0.0,0.0,0.0,172450.071429
1808937,IT,WM,CEREA,NONME,0.02,12071.224,3,3,12071.224,0.0,0.0,0.0,0.0,603561.2
1646493,IT,BE,MACHI,CONST,0.07,12071.021,3,3,12071.021,0.0,0.0,0.0,0.0,172443.157143
1649132,IT,BG,PAPER,INLAN,0.05,12069.934,3,3,12069.934,0.0,0.0,0.0,0.0,241398.68
1651823,IT,CY,HOTEL,SUPPO,0.09,12069.614,3,3,12069.614,0.0,0.0,0.0,0.0,134106.822222
1809672,IT,WM,PROCE,CRUDE,0.08,12069.23,3,3,12069.23,0.0,0.0,0.0,0.0,150865.375
1672482,IT,FI,INERT,BASIC,0.09,12068.233,3,3,12068.233,0.0,0.0,0.0,0.0,134091.477778
1759189,IT,BR,SUPPO,MEATC,0.09,12067.935,3,3,12067.935,0.0,0.0,0.0,0.0,134088.166667
1690113,IT,IE,COMPU,FOOD5,0.14,12067.436,3,3,12067.436,0.0,0.0,0.0,0.0,86195.971429
1810650,IT,WM,MOTOR,ANIMA,0.02,12066.626,3,3,12066.626,0.0,0.0,0.0,0.0,603331.3
1729692,IT,SE,FABRI,OILHA,0.05,12066.595,3,3,12066.595,0.0,0.0,0.0,0.0,241331.9
1753034,IT,CA,CHEM1,ELEC2,0.03,12065.848,3,3,12065.848,0.0,0.0,0.0,0.0,402194.933333
1767227,IT,RU,HOTEL,WHEAT,0.09,12065.679,3,3,12065.679,0.0,0.0,0.0,0.0,134063.1
1764818,IT,MX,SEACO,WOODW,0.01,12065.407,3,3,12065.407,0.0,0.0,0.0,0.0,1206540.7
1746489,IT,JP,CERAM,FOUND,0.02,12065.18,3,3,12065.18,0.0,0.0,0.0,0.0,603259.0
1721991,IT,PL,COMPU,TRAN1,0.14,12064.943,3,3,12064.943,0.0,0.0,0.0,0.0,86178.164286
1792922,IT,WA,HEALT,REALE,0.06,12064.719,3,3,12064.719,0.0,0.0,0.0,0.0,201078.65
1782089,IT,NO,GLASS,SEACO,0.03,12064.066,3,3,12064.066,0.0,0.0,0.0,0.0,402135.533333
1681929,IT,HR,FOOD5,CROPS,0.06,12063.771,3,3,12063.771,0.0,0.0,0.0,0.0,201062.85
1770950,IT,CH,VEGET,HEAVY,0.04,12063.48,3,3,12063.48,0.0,0.0,0.0,0.0,301587.0
1803415,IT,WF,MEATC,PRECI,0.04,12062.96,3,3,12062.96,0.0,0.0,0.0,0.0,301574.0
1724497,IT,PT,POSTT,VEGET,0.2,12062.95,3,3,12062.95,0.0,0.0,0.0,0.0,60314.75
1684468,IT,HR,RENTI,HOTEL,0.07,12062.892,3,3,12062.892,0.0,0.0,0.0,0.0,172327.028571
1648763,IT,BG,BEVER,MEATP,0.05,12062.855,3,3,12062.855,0.0,0.0,0.0,0.0,241257.1
1761855,IT,IN,MOTO1,POSTT,0.06,12062.701,3,3,12062.701,0.0,0.0,0.0,0.0,201045.016667
1683218,IT,HR,CERAM,CHEMI,0.02,12061.532,3,3,12061.532,0.0,0.0,0.0,0.0,603076.6
1792463,IT,WA,AUXIL,HOTEL,0.22,12061.497,3,3,12061.497,0.0,0.0,0.0,0.0,54824.986364
1797668,IT,WL,PAPE1,INSUR,0.08,12060.866,3,3,12060.866,0.0,0.0,0.0,0.0,150760.825
1769584,IT,AU,COPP1,ELEC1,0.03,12060.821,3,3,12060.821,0.0,0.0,0.0,0.0,402027.366667
1739934,IT,GB,INSUR,DISTR,0.25,12060.232,3,3,12060.232,0.0,0.0,0.0,0.0,48240.928
1667932,IT,ES,MOTO1,FOODW,0.06,12059.776,3,3,12059.776,0.0,0.0,0.0,0.0,200996.266667
1767066,IT,RU,FURNI,MOTOR,0.04,12059.715,3,3,12059.715,0.0,0.0,0.0,0.0,301492.875
1784541,IT,ID,FABRI,BUSIN,0.05,12059.649,3,3,12059.649,0.0,0.0,0.0,0.0,241192.98
1651185,IT,BG,BUSIN,ALUM1,0.12,12059.621,3,3,12059.621,0.0,0.0,0.0,0.0,100496.841667
1650419,IT,BG,ELEC4,ALUM1,0.19,12059.193,3,3,12059.193,0.0,0.0,0.0,0.0,63469.436842
1720119,IT,PL,LEAD1,TRANS,0.02,12059.123,3,3,12059.123,0.0,0.0,0.0,0.0,602956.15
1710703,IT,LU,FOOD5,RAWMI,0.06,12058.704,3,3,12058.704,0.0,0.0,0.0,0.0,200978.4
1787526,IT,WA,CHEMI,HEAVY,0.03,12058.598,4,4,12057.598,0.0,0.0,1.0,0.0,401953.266667
1674238,IT,FR,NAPHT,NFERT,0.02,12058.503,3,3,12058.503,0.0,0.0,0.0,0.0,602925.15
1681767,IT,HR,SANDC,RAILW,0.03,12058.086,4,4,12055.086,0.0,0.0,3.0,0.0,401936.2
1771064,IT,CH,FISHF,HEALT,0.02,12058.078,3,3,12058.078,0.0,0.0,0.0,0.0,602903.9
1768209,IT,RU,PUBLI,93197,0.2,12057.886,3,3,12057.886,0.0,0.0,0.0,0.0,60289.43
1741169,IT,US,LEATH,ELEC2,0.09,12057.558,4,4,12057.556,0.0,0.0,0.0,0.002,133972.866667
1803238,IT,WF,CATTL,LEAD1,0.03,12057.501,3,3,12057.501,0.0,0.0,0.0,0.0,401916.7
1811730,IT,WM,ADDIT,FOOD5,0.03,12057.123,3,3,12057.123,0.0,0.0,0.0,0.0,401904.1
1791610,IT,WA,HOTEL,ANTHR,0.09,12057.018,3,3,12057.018,0.0,0.0,0.0,0.0,133966.866667
1731705,IT,SI,WOODW,PUBLI,0.03,12056.78,3,3,12056.78,0.0,0.0,0.0,0.0,401892.666667
1646051,IT,BE,BASIC,DAIRY,0.01,12056.231,3,3,12056.231,0.0,0.0,0.0,0.0,1205623.1
1743483,IT,US,WHOLE,SUPPO,0.1,12055.675,3,3,12055.675,0.0,0.0,0.0,0.0,120556.75
1758378,IT,BR,FABRI,PULP5,0.05,12055.655,3,3,12055.655,0.0,0.0,0.0,0.0,241113.1
1774932,IT,CH,INSUR,HOTEL,0.25,12055.634,3,3,12055.634,0.0,0.0,0.0,0.0,48222.536
1710894,IT,LU,KEROS,RAILW,0.02,12055.024,3,3,12055.024,0.0,0.0,0.0,0.0,602751.2
1798689,IT,WE,DAIRY,FORES,0.05,12054.994,3,3,12054.994,0.0,0.0,0.0,0.0,241099.88
1690431,IT,IE,FOOD4,RENTI,0.09,12053.93,3,3,12053.93,0.0,0.0,0.0,0.0,133932.555556
1729399,IT,SE,BASIC,ELEC2,0.01,12053.539,3,3,12053.539,0.0,0.0,0.0,0.0,1205353.9
1762159,IT,IN,LANDT,MOTO1,0.08,12053.294,3,3,12053.294,0.0,0.0,0.0,0.0,150666.175
1766890,IT,RU,OFFIC,RADIO,0.04,12052.708,3,3,12052.708,0.0,0.0,0.0,0.0,301317.7
1665319,IT,ES,FISH5,FISHF,0.05,12051.64,4,4,12051.634,0.0,0.0,0.0,0.006,241032.8
1678160,IT,FR,PLAS1,FOOD4,0.04,12051.5,3,3,12051.5,0.0,0.0,0.0,0.0,301287.5
1765009,IT,MX,INSUR,CATTL,0.25,12051.044,3,3,12051.044,0.0,0.0,0.0,0.0,48204.176
1763717,IT,MX,RUBBE,COMPU,0.04,12050.756,3,3,12050.756,0.0,0.0,0.0,0.0,301268.9
1665978,IT,ES,MOTOR,RADIO,0.02,12050.56,3,3,12050.56,0.0,0.0,0.0,0.0,602528.0
1778358,IT,TR,RETAI,NONME,0.09,12050.327,3,3,12050.327,0.0,0.0,0.0,0.0,133892.522222
1719204,IT,PL,PLAST,FOOD4,0.03,12049.841,3,3,12049.841,0.0,0.0,0.0,0.0,401661.366667
1741161,IT,US,LEATH,FABRI,0.09,12049.621,4,4,12049.619,0.0,0.0,0.0,0.002,133884.677778
1716663,IT,NL,WHOLE,BEVER,0.1,12046.738,3,3,12046.738,0.0,0.0,0.0,0.0,120467.38
1784859,IT,ID,SEACO,BUSIN,0.01,12046.507,3,3,12046.507,0.0,0.0,0.0,0.0,1204650.7
1800933,IT,WE,PREC1,MEMBE,0.02,12046.447,3,3,12046.447,0.0,0.0,0.0,0.0,602322.35
1716530,IT,NL,MOTO1,LANDT,0.06,12046.257,3,3,12046.257,0.0,0.0,0.0,0.0,200770.95
1786356,IT,ZA,MACHI,MEATC,0.07,12046.193,3,3,12046.193,0.0,0.0,0.0,0.0,172088.471429
1741008,IT,US,BEVER,93197,0.05,12046.068,3,3,12046.068,0.0,0.0,0.0,0.0,240921.36
1680623,IT,GR,SALEM,CONST,0.1,12045.675,3,3,12045.675,0.0,0.0,0.0,0.0,120456.75
1676951,IT,FR,AIRTR,BITU1,0.01,12045.635,3,3,12045.635,0.0,0.0,0.0,0.0,1204563.5
1647308,IT,BE,LANDT,RECRE,0.08,12045.38,3,3,12045.38,0.0,0.0,0.0,0.0,150567.25
1776814,IT,TR,NAPHT,SECO9,0.02,12044.945,3,3,12044.945,0.0,0.0,0.0,0.0,602247.25
1713314,IT,MT,MOTOR,PUBLI,0.02,12044.473,3,3,12044.473,0.0,0.0,0.0,0.0,602223.65
1722663,IT,PT,WEARI,MOTO1,0.09,12044.406,4,4,12044.404,0.0,0.0,0.0,0.002,133826.733333
1788620,IT,WA,PRINT,WEARI,0.12,12043.789,3,3,12043.789,0.0,0.0,0.0,0.0,100364.908333
1686108,IT,HU,RUBBE,ELEC1,0.04,12043.496,3,3,12043.496,0.0,0.0,0.0,0.0,301087.4
1650412,IT,BG,ELEC4,CHEM1,0.19,12043.057,3,3,12043.057,0.0,0.0,0.0,0.0,63384.510526
1711375,IT,LU,RETA1,RUBBE,0.13,12042.901,3,3,12042.901,0.0,0.0,0.0,0.0,92637.7
1670764,IT,FI,PAPER,INTER,0.05,12042.381,3,3,12042.381,0.0,0.0,0.0,0.0,240847.62
1736851,IT,SK,BUSIN,PULP5,0.12,12042.194,3,3,12042.194,0.0,0.0,0.0,0.0,100351.616667
1778952,IT,TR,SEACO,RETAI,0.01,12041.767,3,3,12041.767,0.0,0.0,0.0,0.0,1204176.7
1756598,IT,KR,RAILW,GASDI,0.08,12041.687,3,3,12041.687,0.0,0.0,0.0,0.0,150521.0875
1750890,IT,CN,CONST,VEGET,0.07,12040.879,3,3,12040.879,0.0,0.0,0.0,0.0,172012.557143
1662393,IT,DK,BASIC,PLAS1,0.01,12040.618,3,3,12040.618,0.0,0.0,0.0,0.0,1204061.8
1660095,IT,DE,AIRTR,BIOG1,0.01,12040.581,3,3,12040.581,0.0,0.0,0.0,0.0,1204058.1
1754238,IT,CA,POSTT,FABRI,0.2,12040.226,3,3,12040.226,0.0,0.0,0.0,0.0,60201.13
1664163,IT,EE,RUBBE,RENTI,0.04,12039.846,3,3,12039.846,0.0,0.0,0.0,0.0,300996.15
1717661,IT,NL,BUSIN,ADDIT,0.12,12039.623,3,3,12039.623,0.0,0.0,0.0,0.0,100330.191667
1645130,IT,BE,PRINT,CHEMI,0.12,12038.346,3,3,12038.346,0.0,0.0,0.0,0.0,100319.55
1807081,IT,WF,SEACO,BASIC,0.01,12037.987,3,3,12037.987,0.0,0.0,0.0,0.0,1203798.7
1709868,IT,LT,GLASS,RETA1,0.03,12037.741,3,3,12037.741,0.0,0.0,0.0,0.0,401258.033333
1756672,IT,KR,SEACO,SUGA1,0.01,12037.361,3,3,12037.361,0.0,0.0,0.0,0.0,1203736.1
1670928,IT,FI,CHEM1,GASDI,0.03,12037.229,3,3,12037.229,0.0,0.0,0.0,0.0,401240.966667
1666926,IT,ES,CERAM,CROPS,0.02,12036.9,3,3,12036.9,0.0,0.0,0.0,0.0,601845.0
1794836,IT,WL,PLAST,LANDT,0.03,12036.552,3,3,12036.552,0.0,0.0,0.0,0.0,401218.4
1731290,IT,SI,VEGE1,CATTL,0.04,12036.483,4,4,12036.48,0.0,0.0,0.0,0.003,300912.075
1680890,IT,GR,LANDT,COPP1,0.08,12036.09,3,3,12036.09,0.0,0.0,0.0,0.0,150451.125
1718147,IT,PL,VEGE1,LANDT,0.04,12035.966,4,4,12035.963,0.0,0.0,0.0,0.003,300899.15
1717937,IT,PL,STONE,NONME,0.04,12035.947,4,4,12034.947,0.0,0.0,1.0,0.0,300898.675
1686920,IT,HU,MACHI,LIQUE,0.07,12035.913,3,3,12035.913,0.0,0.0,0.0,0.0,171941.614286
1676141,IT,FR,CONST,CEREA,0.07,12035.884,3,3,12035.884,0.0,0.0,0.0,0.0,171941.2
1715137,IT,NL,LEATH,CEMEN,0.09,12035.602,4,4,12035.6,0.0,0.0,0.0,0.002,133728.911111
1784382,IT,ID,GLASS,WOODW,0.03,12035.239,3,3,12035.239,0.0,0.0,0.0,0.0,401174.633333
1800167,IT,WE,NONSP,CEMEN,0.02,12035.14,3,3,12035.14,0.0,0.0,0.0,0.0,601757.0
1685387,IT,HU,LEATH,ELEC3,0.09,12035.031,4,4,12035.029,0.0,0.0,0.0,0.002,133722.566667
1724333,IT,PT,TRAN2,RESEA,0.02,12034.925,3,3,12034.925,0.0,0.0,0.0,0.0,601746.25
1812496,IT,WM,ALUM1,CROPS,0.02,12034.713,3,3,12034.713,0.0,0.0,0.0,0.0,601735.65
1738614,IT,GB,FABRI,EDUCA,0.05,12034.141,3,3,12034.141,0.0,0.0,0.0,0.0,240682.82
1656256,IT,DE,WEARI,CONST,0.09,12034.068,4,4,12034.066,0.0,0.0,0.0,0.002,133711.866667
1717205,IT,NL,SUPPO,OFFIC,0.09,12033.841,3,3,12033.841,0.0,0.0,0.0,0.0,133709.344444
1748793,IT,CN,TEXTI,BIOGA,0.07,12033.809,4,4,12033.807,0.0,0.0,0.0,0.002,171911.557143
1798402,IT,WE,NATUR,SUGAR,0.02,12033.481,3,3,12033.481,0.0,0.0,0.0,0.0,601674.05
1779312,IT,TR,INSUR,PAPER,0.25,12033.396,3,3,12033.396,0.0,0.0,0.0,0.0,48133.584
1773023,IT,CH,ALUM1,GASDI,0.02,12033.148,3,3,12033.148,0.0,0.0,0.0,0.0,601657.4
1712169,IT,LV,LEATH,HOTEL,0.09,12031.969,4,4,12031.967,0.0,0.0,0.0,0.002,133688.544444
1795500,IT,WL,ALUM1,WEARI,0.02,12031.466,3,3,12031.466,0.0,0.0,0.0,0.0,601573.3
1710868,IT,LU,PRINT,RENTI,0.12,12031.373,3,3,12031.373,0.0,0.0,0.0,0.0,100261.441667
1687809,IT,HU,POSTT,RETA1,0.2,12031.176,3,3,12031.176,0.0,0.0,0.0,0.0,60155.88
1684479,IT,HR,RENTI,BUSIN,0.07,12030.955,3,3,12030.955,0.0,0.0,0.0,0.0,171870.785714
1651397,IT,CY,MOTOR,RENTI,0.02,12030.462,3,3,12030.462,0.0,0.0,0.0,0.0,601523.1
1780195,IT,TW,RAILW,PROCE,0.08,12030.267,3,3,12030.267,0.0,0.0,0.0,0.0,150378.3375
1793283,IT,WA,PRIVA,CERAM,2.68,12029.512,4,4,12029.51,0.0,0.0,0.0,0.002,4488.623881
1658653,IT,DE,MACHI,PAPE2,0.07,12029.272,3,3,12029.272,0.0,0.0,0.0,0.0,171846.742857
1791482,IT,WA,WHOLE,INSUR,0.1,12028.994,3,3,12028.994,0.0,0.0,0.0,0.0,120289.94
1743856,IT,US,SEACO,MEATC,0.01,12027.92,3,3,12027.92,0.0,0.0,0.0,0.0,1202792.0
1686748,IT,HU,COPP1,SEWAG,0.03,12027.905,3,3,12027.905,0.0,0.0,0.0,0.0,400930.166667
1793563,IT,WL,MEAT4,SALEM,0.07,12027.87,3,3,12027.87,0.0,0.0,0.0,0.0,171826.714286
1739919,IT,GB,FINAN,INERT,0.16,12027.206,3,3,12027.206,0.0,0.0,0.0,0.0,75170.0375
1772198,IT,CH,GASDI,COLLE,0.02,12027.168,3,3,12027.168,0.0,0.0,0.0,0.0,601358.4
1729705,IT,SE,MACHI,SUGAR,0.07,12027.161,3,3,12027.161,0.0,0.0,0.0,0.0,171816.585714
1666360,IT,ES,LIQUE,PAPE4,0.02,12026.435,3,3,12026.435,0.0,0.0,0.0,0.0,601321.75
1810325,IT,WM,WOODW,TEXTI,0.03,12026.281,3,3,12026.281,0.0,0.0,0.0,0.0,400876.033333
1735432,IT,SK,BASIC,BIOGA,0.01,12026.179,3,3,12026.179,0.0,0.0,0.0,0.0,1202617.9
1746764,IT,JP,MACHI,NATUR,0.07,12026.111,3,3,12026.111,0.0,0.0,0.0,0.0,171801.585714
1643312,IT,AT,RAILW,TEXTI,0.08,12025.488,3,3,12025.488,0.0,0.0,0.0,0.0,150318.6
1802339,IT,WE,SEACO,RAWMI,0.01,12025.387,3,3,12025.387,0.0,0.0,0.0,0.0,1202538.7
1688384,IT,IE,FOOD5,DAIRY,0.06,12025.283,3,3,12025.283,0.0,0.0,0.0,0.0,200421.383333
1727294,IT,RO,POSTT,FOOD5,0.2,12025.194,3,3,12025.194,0.0,0.0,0.0,0.0,60125.97
1772496,IT,CH,RUBBE,CATTL,0.04,12025.13,3,3,12025.13,0.0,0.0,0.0,0.0,300628.25
1675647,IT,FR,MOTO1,TEXT2,0.06,12025.06,3,3,12025.06,0.0,0.0,0.0,0.0,200417.666667
1789239,IT,WA,PLAST,BIOG1,0.03,12024.839,3,3,12024.839,0.0,0.0,0.0,0.0,400827.966667
1748242,IT,JP,WOOD1,FURNI,0.08,12024.746,3,3,12024.746,0.0,0.0,0.0,0.0,150309.325
1665476,IT,ES,WEARI,PFERT,0.09,12024.666,4,4,12024.664,0.0,0.0,0.0,0.002,133607.4
1757712,IT,BR,NAPHT,TEXTI,0.02,12024.622,3,3,12024.622,0.0,0.0,0.0,0.0,601231.1
1767812,IT,RU,INSUR,HEALT,0.25,12024.457,3,3,12024.457,0.0,0.0,0.0,0.0,48097.828
1756552,IT,KR,RETA1,LEATH,0.13,12023.625,3,3,12023.625,0.0,0.0,0.0,0.0,92489.423077
1719607,IT,PL,CERAM,NONME,0.02,12023.604,3,3,12023.604,0.0,0.0,0.0,0.0,601180.2
1663256,IT,DK,SEACO,CERAM,0.01,12022.689,3,3,12022.689,0.0,0.0,0.0,0.0,1202268.9
1759429,IT,BR,INSUR,LANDT,0.25,12022.497,3,3,12022.497,0.0,0.0,0.0,0.0,48089.988
1744065,IT,US,AIRTR,TEXT2,0.01,12022.435,3,3,12022.435,0.0,0.0,0.0,0.0,1202243.5
1768475,IT,AU,PROCE,PUBLI,0.08,12022.283,3,3,12022.283,0.0,0.0,0.0,0.0,150278.5375
1657366,IT,DE,BIODI,MEMBE,0.02,12022.181,3,3,12022.181,0.0,0.0,0.0,0.0,601109.05
1674728,IT,FR,GLASS,FOOD3,0.03,12022.061,3,3,12022.061,0.0,0.0,0.0,0.0,400735.366667
1779915,IT,TW,CONST,PRINT,0.07,12022.054,3,3,12022.054,0.0,0.0,0.0,0.0,171743.628571
1750902,IT,CN,CONST,WOODW,0.07,12020.671,3,3,12020.671,0.0,0.0,0.0,0.0,171723.871429
1743104,IT,US,MOTO1,HEAVY,0.06,12020.525,3,3,12020.525,0.0,0.0,0.0,0.0,200342.083333
1741441,IT,US,MOTOR,NONSP,0.02,12020.47,3,3,12020.47,0.0,0.0,0.0,0.0,601023.5
1641986,IT,AT,RUBBE,LEAD1,0.04,12020.307,3,3,12020.307,0.0,0.0,0.0,0.0,300507.675
1772023,IT,CH,PRINT,PULP5,0.12,12019.554,3,3,12019.554,0.0,0.0,0.0,0.0,100162.95
1711416,IT,LU,HOTEL,RETA1,0.09,12019.366,3,3,12019.366,0.0,0.0,0.0,0.0,133548.511111
1662150,IT,DK,RUBBE,CEMEN,0.04,12018.966,3,3,12018.966,0.0,0.0,0.0,0.0,300474.15
1737297,IT,GB,FOOD5,93197,0.06,12018.567,3,3,12018.567,0.0,0.0,0.0,0.0,200309.45
1711417,IT,LU,HOTEL,HOTEL,0.09,12018.512,3,3,12018.512,0.0,0.0,0.0,0.0,133539.022222
1734346,IT,SI,BUSIN,HEALT,0.12,12018.395,3,3,12018.395,0.0,0.0,0.0,0.0,100153.291667
1661682,IT,DK,TEXTI,93197,0.07,12018.37,4,4,12018.368,0.0,0.0,0.0,0.002,171691.0
1732093,IT,SI,KERO1,AIRTR,0.02,12018.036,3,3,12018.036,0.0,0.0,0.0,0.0,600901.8
1686142,IT,HU,RUBBE,OILHA,0.04,12017.94,3,3,12017.94,0.0,0.0,0.0,0.0,300448.5
1788523,IT,WA,PAPER,STONE,0.05,12017.9,3,3,12017.9,0.0,0.0,0.0,0.0,240358.0
1798621,IT,WE,MEAT1,COMPU,0.06,12017.515,3,3,12017.515,0.0,0.0,0.0,0.0,200291.916667
1796184,IT,WL,FURNI,HEAVY,0.04,12017.155,3,3,12017.155,0.0,0.0,0.0,0.0,300428.875
1740216,IT,GB,BUSIN,PFERT,0.12,12017.015,3,3,12017.015,0.0,0.0,0.0,0.0,100141.791667
1780265,IT,TW,LANDT,CHEM1,0.08,12016.611,3,3,12016.611,0.0,0.0,0.0,0.0,150207.6375
1747478,IT,JP,SEACO,CEMEN,0.01,12014.842,3,3,12014.842,0.0,0.0,0.0,0.0,1201484.2
1679735,IT,GR,BASIC,LEATH,0.01,12014.664,3,3,12014.664,0.0,0.0,0.0,0.0,1201466.4
1673374,IT,FR,TEXTI,PLAS2,0.07,12014.657,4,4,12014.655,0.0,0.0,0.0,0.002,171637.957143
1759864,IT,BR,FOODW,WASTE,0.09,12014.503,3,3,12014.503,0.0,0.0,0.0,0.0,133494.477778
1803541,IT,WF,VEGE1,RESEA,0.04,12014.47,4,4,12014.467,0.0,0.0,0.0,0.003,300361.75
1775344,IT,CH,BUSIN,FOOD2,0.12,12013.838,3,3,12013.838,0.0,0.0,0.0,0.0,100115.316667
1753275,IT,CA,NONME,SANDC,0.02,12013.83,3,3,12013.83,0.0,0.0,0.0,0.0,600691.5
1654939,IT,CZ,INSUR,RUBBE,0.25,12013.626,3,3,12013.626,0.0,0.0,0.0,0.0,48054.504
1741631,IT,US,HEAVY,MEATP,0.02,12013.532,3,3,12013.532,0.0,0.0,0.0,0.0,600676.6
1685724,IT,HU,NONSP,SUGA1,0.02,12013.035,3,3,12013.035,0.0,0.0,0.0,0.0,600651.75
1672280,IT,FI,RENTI,BASIC,0.07,12012.699,3,3,12012.699,0.0,0.0,0.0,0.0,171609.985714
1710321,IT,LT,FURNI,HOTEL,0.04,12012.299,3,3,12012.299,0.0,0.0,0.0,0.0,300307.475
1683205,IT,HR,GLASS,RENTI,0.03,12011.914,3,3,12011.914,0.0,0.0,0.0,0.0,400397.133333
1756573,IT,KR,RETA1,AIRTR,0.13,12011.163,3,3,12011.163,0.0,0.0,0.0,0.0,92393.561538
1669444,IT,ES,INSUR,COMPU,0.25,12010.948,3,3,12010.948,0.0,0.0,0.0,0.0,48043.792
1790464,IT,WA,COPP1,MEATP,0.03,12010.459,3,3,12010.459,0.0,0.0,0.0,0.0,400348.633333
1785307,IT,ZA,LEATH,NONFE,0.09,12010.156,4,4,12010.154,0.0,0.0,0.0,0.002,133446.177778
1670225,IT,ES,RECRE,EDUCA,0.15,12009.833,3,3,12009.833,0.0,0.0,0.0,0.0,80065.553333
1762510,IT,IN,INSUR,RUBBE,0.25,12009.49,3,3,12009.49,0.0,0.0,0.0,0.0,48037.96
1675810,IT,FR,FURNI,PLAS2,0.04,12008.836,3,3,12008.836,0.0,0.0,0.0,0.0,300220.9
1785264,IT,ZA,TEXTI,AIRTR,0.07,12008.719,4,4,12008.717,0.0,0.0,0.0,0.002,171553.128571
1721418,IT,PL,SEACO,93197,0.01,12008.406,3,3,12008.406,0.0,0.0,0.0,0.0,1200840.6
1714088,IT,MT,SEACO,TEXTI,0.01,12008.23,3,3,12008.23,0.0,0.0,0.0,0.0,1200823.0
1731325,IT,SI,DAIRY,POULT,0.05,12008.014,3,3,12008.014,0.0,0.0,0.0,0.0,240160.28
1777007,IT,TR,CHEM1,NONFE,0.03,12007.887,3,3,12007.887,0.0,0.0,0.0,0.0,400262.9
1683309,IT,HR,NONME,PLANT,0.02,12007.792,3,3,12007.792,0.0,0.0,0.0,0.0,600389.6
1652641,IT,CZ,WOODW,RADIO,0.03,12007.705,3,3,12007.705,0.0,0.0,0.0,0.0,400256.833333
1657881,IT,DE,BASIC,MEATC,0.01,12007.599,3,3,12007.599,0.0,0.0,0.0,0.0,1200759.9
1742429,IT,US,NONME,PLAS2,0.02,12007.396,3,3,12007.396,0.0,0.0,0.0,0.0,600369.8
1758712,IT,BR,RETAI,NONF1,0.09,12006.65,3,3,12006.65,0.0,0.0,0.0,0.0,133407.222222
1756608,IT,KR,RAILW,FABRI,0.08,12006.423,3,3,12006.423,0.0,0.0,0.0,0.0,150080.2875
1665931,IT,ES,MOTOR,RAWMI,0.02,12006.292,3,3,12006.292,0.0,0.0,0.0,0.0,600314.6
1731764,IT,SI,PAPER,STONE,0.05,12006.146,3,3,12006.146,0.0,0.0,0.0,0.0,240122.92
1779285,IT,TR,FINAN,AUXIL,0.16,12005.816,3,3,12005.816,0.0,0.0,0.0,0.0,75036.35
1687325,IT,HU,RETA1,HOTEL,0.13,12005.251,3,3,12005.251,0.0,0.0,0.0,0.0,92348.084615
1669577,IT,ES,REALE,POSTT,0.51,12004.903,3,3,12004.903,0.0,0.0,0.0,0.0,23539.02549
1669028,IT,ES,SUPPO,MOTOR,0.09,12004.408,3,3,12004.408,0.0,0.0,0.0,0.0,133382.311111
1806154,IT,WF,FABRI,BIOG1,0.05,12003.797,3,3,12003.797,0.0,0.0,0.0,0.0,240075.94
1802364,IT,WE,SEACO,NONME,0.01,12003.731,3,3,12003.731,0.0,0.0,0.0,0.0,1200373.1
1772047,IT,CH,PRINT,MOTO1,0.12,12003.617,3,3,12003.617,0.0,0.0,0.0,0.0,100030.141667
1797151,IT,WL,POSTT,FURNI,0.2,12002.722,3,3,12002.722,0.0,0.0,0.0,0.0,60013.61
1769225,IT,AU,RUBBE,FORES,0.04,12002.12,3,3,12002.12,0.0,0.0,0.0,0.0,300053.0
1662009,IT,DK,PLAST,PRINT,0.03,12001.478,3,3,12001.478,0.0,0.0,0.0,0.0,400049.266667
1663067,IT,DK,HOTEL,SEWAG,0.09,12001.463,3,3,12001.463,0.0,0.0,0.0,0.0,133349.588889
1682432,IT,HR,PAPER,NONF1,0.05,12000.761,3,3,12000.761,0.0,0.0,0.0,0.0,240015.22
1666777,IT,ES,RUBBE,ELEC4,0.04,12000.54,3,3,12000.54,0.0,0.0,0.0,0.0,300013.5
1641931,IT,AT,RUBBE,OILSE,0.04,12000.32,3,3,12000.32,0.0,0.0,0.0,0.0,300008.0
1671724,IT,FI,SALEM,ELEC3,0.1,12000.187,3,3,12000.187,0.0,0.0,0.0,0.0,120001.87
1791204,IT,WA,FURNI,BIODI,0.04,11999.863,3,3,11999.863,0.0,0.0,0.0,0.0,299996.575
1747410,IT,JP,RAILW,HOTEL,0.08,11999.63,3,3,11999.63,0.0,0.0,0.0,0.0,149995.375
1657386,IT,DE,RUBBE,CRUDE,0.04,11998.209,3,3,11998.209,0.0,0.0,0.0,0.0,299955.225
1722534,IT,PT,BEVER,MEATP,0.05,11998.025,3,3,11998.025,0.0,0.0,0.0,0.0,239960.5
1734369,IT,SI,HEALT,HEALT,0.06,11997.834,3,3,11997.834,0.0,0.0,0.0,0.0,199963.9
1714935,IT,NL,BEVER,FOODW,0.05,11995.394,3,3,11995.394,0.0,0.0,0.0,0.0,239907.88
1800275,IT,WE,PLAST,GASWO,0.03,11994.853,3,3,11994.853,0.0,0.0,0.0,0.0,399828.433333
1688572,IT,IE,PRINT,MACHI,0.12,11994.381,3,3,11994.381,0.0,0.0,0.0,0.0,99953.175
1807972,IT,WF,PLAS1,DIST1,0.04,11994.301,3,3,11994.301,0.0,0.0,0.0,0.0,299857.525
1645965,IT,BE,CERAM,PLAS1,0.02,11993.973,3,3,11993.973,0.0,0.0,0.0,0.0,599698.65
1728654,IT,SE,PRINT,MOTO1,0.12,11993.436,3,3,11993.436,0.0,0.0,0.0,0.0,99945.3
1763235,IT,MX,WOODW,RADIO,0.03,11993.385,3,3,11993.385,0.0,0.0,0.0,0.0,399779.5
1783947,IT,ID,STONE,RECRE,0.04,11992.924,4,4,11991.924,0.0,0.0,1.0,0.0,299823.1
1730235,IT,SE,TRAN2,GASDI,0.02,11992.751,3,3,11992.751,0.0,0.0,0.0,0.0,599637.55
1670610,IT,FI,WEARI,REALE,0.09,11991.897,4,4,11991.895,0.0,0.0,0.0,0.002,133243.3
1728759,IT,SE,GASDI,HOTEL,0.02,11991.863,3,3,11991.863,0.0,0.0,0.0,0.0,599593.15
1762917,IT,MX,CHEMI,LEAD1,0.03,11990.563,4,4,11989.563,0.0,0.0,1.0,0.0,399685.433333
1771468,IT,CH,BEVER,MEDIC,0.05,11990.132,3,3,11990.132,0.0,0.0,0.0,0.0,239802.64
1749455,IT,CN,HEAVY,CHEM1,0.02,11988.902,3,3,11988.902,0.0,0.0,0.0,0.0,599445.1
1760687,IT,IN,PAPER,BIOGA,0.05,11988.031,3,3,11988.031,0.0,0.0,0.0,0.0,239760.62
1647373,IT,BE,SEACO,COMPU,0.01,11987.957,3,3,11987.957,0.0,0.0,0.0,0.0,1198795.7
1794330,IT,WL,MOTOR,ELE11,0.02,11987.939,3,3,11987.939,0.0,0.0,0.0,0.0,599396.95
1679636,IT,GR,GLASS,PAPER,0.03,11987.782,3,3,11987.782,0.0,0.0,0.0,0.0,399592.733333
1804488,IT,WF,GASDI,KEROS,0.02,11987.532,3,3,11987.532,0.0,0.0,0.0,0.0,599376.6
1714639,IT,NL,MEATP,MEATC,0.05,11987.489,3,3,11987.489,0.0,0.0,0.0,0.0,239749.78
1796958,IT,WL,AIRTR,NONSP,0.01,11986.837,3,3,11986.837,0.0,0.0,0.0,0.0,1198683.7
1762884,IT,MX,STONE,RUBBE,0.04,11986.004,4,4,11985.004,0.0,0.0,1.0,0.0,299650.1
1671111,IT,FI,GLASS,FOOD5,0.03,11985.98,3,3,11985.98,0.0,0.0,0.0,0.0,399532.666667
1768086,IT,RU,BUSIN,DIST1,0.12,11985.513,3,3,11985.513,0.0,0.0,0.0,0.0,99879.275
1751124,IT,CN,RETA1,WHOLE,0.13,11985.214,3,3,11985.214,0.0,0.0,0.0,0.0,92193.953846
1775442,IT,CH,HEALT,PAPE1,0.06,11983.616,3,3,11983.616,0.0,0.0,0.0,0.0,199726.933333
1731883,IT,SI,PRINT,FINAN,0.11,11983.295,3,3,11983.295,0.0,0.0,0.0,0.0,108939.045455
1664433,IT,EE,MACHI,COLLE,0.07,11983.157,3,3,11983.157,0.0,0.0,0.0,0.0,171187.957143
1764788,IT,MX,LANDT,RUBBE,0.08,11982.983,3,3,11982.983,0.0,0.0,0.0,0.0,149787.2875
1722538,IT,PT,BEVER,DAIRY,0.05,11982.888,3,3,11982.888,0.0,0.0,0.0,0.0,239657.76
1668049,IT,ES,FURNI,TRAN1,0.04,11982.887,3,3,11982.887,0.0,0.0,0.0,0.0,299572.175
1650733,IT,BG,HOTEL,ELEC1,0.09,11982.438,3,3,11982.438,0.0,0.0,0.0,0.0,133138.2
1671127,IT,FI,GLASS,PREC1,0.03,11982.434,3,3,11982.434,0.0,0.0,0.0,0.0,399414.466667
1786721,IT,ZA,RETA1,RUBBE,0.13,11982.303,3,3,11982.303,0.0,0.0,0.0,0.0,92171.561538
1723108,IT,PT,CHEM1,DISTR,0.03,11981.724,3,3,11981.724,0.0,0.0,0.0,0.0,399390.8
1663674,IT,DK,BUSIN,SEWAG,0.12,11981.594,3,3,11981.594,0.0,0.0,0.0,0.0,99846.616667
1753878,IT,CA,RETA1,HOTEL,0.13,11980.988,3,3,11980.988,0.0,0.0,0.0,0.0,92161.446154
1672664,IT,FR,CRUDE,HOTEL,0.02,11980.86,3,3,11980.86,0.0,0.0,0.0,0.0,599043.0
1773026,IT,CH,ALUM1,CHEM1,0.02,11980.775,3,3,11980.775,0.0,0.0,0.0,0.0,599038.75
1745394,IT,JP,VEGE1,INSUR,0.04,11979.424,4,4,11979.421,0.0,0.0,0.0,0.003,299485.6
1748563,IT,CN,VEGE1,KEROS,0.04,11979.345,4,4,11979.342,0.0,0.0,0.0,0.003,299483.625
1747526,IT,JP,AIRTR,POULT,0.01,11978.713,3,3,11978.713,0.0,0.0,0.0,0.0,1197871.3
1740658,IT,US,CRUDE,PRIVA,0.02,11978.039,3,3,11978.039,0.0,0.0,0.0,0.0,598901.95
1775776,IT,TR,NATUR,MOTOR,0.02,11977.199,3,3,11977.199,0.0,0.0,0.0,0.0,598859.95
1659682,IT,DE,RAILW,FISH5,0.08,11977.141,3,3,11977.141,0.0,0.0,0.0,0.0,149714.2625
1745458,IT,JP,SUGA1,FOOD5,0.03,11977.002,4,4,11977.0,0.0,0.0,0.0,0.002,399233.4
1753181,IT,CA,GLASS,PETRO,0.03,11976.555,3,3,11976.555,0.0,0.0,0.0,0.0,399218.5
1643117,IT,AT,WHOLE,HEALT,0.1,11975.471,3,3,11975.471,0.0,0.0,0.0,0.0,119754.71
1741358,IT,US,PRINT,CHEM1,0.11,11975.391,3,3,11975.391,0.0,0.0,0.0,0.0,108867.190909
1663672,IT,DK,BUSIN,OILHA,0.12,11974.981,3,3,11974.981,0.0,0.0,0.0,0.0,99791.508333
1683322,IT,HR,NONME,TEXTI,0.02,11974.728,3,3,11974.728,0.0,0.0,0.0,0.0,598736.4
1649304,IT,BG,NONSP,FISH5,0.02,11974.465,3,3,11974.465,0.0,0.0,0.0,0.0,598723.25
1671347,IT,FI,COPP1,RUBBE,0.03,11974.418,3,3,11974.418,0.0,0.0,0.0,0.0,399147.266667
1786775,IT,ZA,HOTEL,TOBAC,0.09,11973.295,3,3,11973.295,0.0,0.0,0.0,0.0,133036.611111
1725294,IT,RO,BEVER,LEATH,0.05,11973.17,3,3,11973.17,0.0,0.0,0.0,0.0,239463.4
1794640,IT,WL,LIQUE,PUBLI,0.02,11972.563,3,3,11972.563,0.0,0.0,0.0,0.0,598628.15
1640626,IT,AT,BEVER,RUBBE,0.05,11971.73,3,3,11971.73,0.0,0.0,0.0,0.0,239434.6
1661820,IT,DK,WOODW,COMPU,0.03,11971.391,3,3,11971.391,0.0,0.0,0.0,0.0,399046.366667
1797032,IT,WL,SUPPO,FOOD5,0.09,11971.049,3,3,11971.049,0.0,0.0,0.0,0.0,133011.655556
1728009,IT,SE,SANDC,WHOLE,0.03,11970.726,4,4,11967.726,0.0,0.0,3.0,0.0,399024.2
1794476,IT,WL,GASDI,BRICK,0.02,11970.397,3,3,11970.397,0.0,0.0,0.0,0.0,598519.85
1777660,IT,TR,LEAD1,MACHI,0.02,11970.205,3,3,11970.205,0.0,0.0,0.0,0.0,598510.25
1712791,IT,LV,SEACO,RUBBE,0.01,11969.799,3,3,11969.799,0.0,0.0,0.0,0.0,1196979.9
1712640,IT,LV,MOTO1,RENTI,0.06,11969.319,3,3,11969.319,0.0,0.0,0.0,0.0,199488.65
1720631,IT,PL,MOTO1,MOTOR,0.06,11968.879,3,3,11968.879,0.0,0.0,0.0,0.0,199481.316667
1717604,IT,NL,RESEA,POSTT,0.06,11968.756,3,3,11968.756,0.0,0.0,0.0,0.0,199479.266667
1806519,IT,WF,FURNI,CEREA,0.04,11968.272,3,3,11968.272,0.0,0.0,0.0,0.0,299206.8
1768452,IT,AU,DAIRY,FINAN,0.05,11968.119,3,3,11968.119,0.0,0.0,0.0,0.0,239362.38
1672134,IT,FI,POSTT,RESEA,0.2,11967.899,3,3,11967.899,0.0,0.0,0.0,0.0,59839.495
1688094,IT,HU,RESEA,MOTO1,0.06,11967.484,3,3,11967.484,0.0,0.0,0.0,0.0,199458.066667
1773578,IT,CH,MOTO1,PAPE1,0.06,11967.254,3,3,11967.254,0.0,0.0,0.0,0.0,199454.233333
1724846,IT,PT,BUSIN,PROCE,0.12,11966.634,3,3,11966.634,0.0,0.0,0.0,0.0,99721.95
1808249,IT,WF,FOOD2,MEATA,0.07,11966.128,3,3,11966.128,0.0,0.0,0.0,0.0,170944.685714
1640641,IT,AT,BEVER,CONST,0.05,11965.558,3,3,11965.558,0.0,0.0,0.0,0.0,239311.16
1741129,IT,US,WEARI,LANDT,0.09,11965.29,4,4,11965.288,0.0,0.0,0.0,0.002,132947.666667
1802459,IT,WE,SUPPO,PRINT,0.09,11964.658,3,3,11964.658,0.0,0.0,0.0,0.0,132940.644444
1650475,IT,BG,ELEC5,COPP1,0.14,11964.611,3,3,11964.611,0.0,0.0,0.0,0.0,85461.507143
1723042,IT,PT,CHEM1,PADDY,0.03,11964.453,3,3,11964.453,0.0,0.0,0.0,0.0,398815.1
1763926,IT,MX,BASIC,ADDIT,0.01,11964.318,3,3,11964.318,0.0,0.0,0.0,0.0,1196431.8
1647684,IT,BE,FINAN,RESEA,0.16,11963.719,3,3,11963.719,0.0,0.0,0.0,0.0,74773.24375
1738020,IT,GB,RUBBE,OILSE,0.04,11963.692,3,3,11963.692,0.0,0.0,0.0,0.0,299092.3
1718011,IT,PL,CHEMI,NFERT,0.03,11962.661,4,4,11961.661,0.0,0.0,1.0,0.0,398755.366667
1733907,IT,SI,AIRTR,OFFIC,0.01,11962.332,3,3,11962.332,0.0,0.0,0.0,0.0,1196233.2
1685673,IT,HU,HEAVY,NAPHT,0.02,11962.087,3,3,11962.087,0.0,0.0,0.0,0.0,598104.35
1732432,IT,SI,CHEM1,CATTL,0.02,11961.506,3,3,11961.506,0.0,0.0,0.0,0.0,598075.3
1714298,IT,MT,PUBLI,RETA1,0.2,11961.453,3,3,11961.453,0.0,0.0,0.0,0.0,59807.265
1788598,IT,WA,PAPER,RESEA,0.05,11961.306,3,3,11961.306,0.0,0.0,0.0,0.0,239226.12
1660251,IT,DE,POSTT,CEMEN,0.2,11961.26,3,3,11961.26,0.0,0.0,0.0,0.0,59806.3
1681754,IT,HR,SANDC,DAIRY,0.03,11961.25,4,4,11958.25,0.0,0.0,3.0,0.0,398708.333333
1766741,IT,RU,MACHI,IRONO,0.07,11960.556,3,3,11960.556,0.0,0.0,0.0,0.0,170865.085714
1759212,IT,BR,SUPPO,SEACO,0.09,11960.544,3,3,11960.544,0.0,0.0,0.0,0.0,132894.933333
1789892,IT,WA,BRICK,FABRI,0.02,11960.543,3,3,11960.543,0.0,0.0,0.0,0.0,598027.15
1798350,IT,WE,POULT,TRANS,0.03,11960.328,3,3,11960.328,0.0,0.0,0.0,0.0,398677.6
1737478,IT,GB,LEATH,AUXIL,0.09,11960.311,4,4,11960.309,0.0,0.0,0.0,0.002,132892.344444
1759245,IT,BR,POSTT,WOODW,0.2,11960.305,3,3,11960.305,0.0,0.0,0.0,0.0,59801.525
1677617,IT,FR,REALE,COLLE,0.51,11959.73,3,3,11959.73,0.0,0.0,0.0,0.0,23450.45098
1774412,IT,CH,RAILW,RUBBE,0.08,11959.728,3,3,11959.728,0.0,0.0,0.0,0.0,149496.6
1780637,IT,TW,INSUR,BUSIN,0.25,11959.271,3,3,11959.271,0.0,0.0,0.0,0.0,47837.084
1710489,IT,LT,LANDT,HEALT,0.08,11959.081,3,3,11959.081,0.0,0.0,0.0,0.0,149488.5125
1764521,IT,MX,CONST,REALE,0.07,11958.93,3,3,11958.93,0.0,0.0,0.0,0.0,170841.857143
1811372,IT,WM,NONSP,LEAD1,0.02,11958.909,3,3,11958.909,0.0,0.0,0.0,0.0,597945.45
1750571,IT,CN,OFFIC,FOOD5,0.04,11958.57,3,3,11958.57,0.0,0.0,0.0,0.0,298964.25
1729002,IT,SE,BIODI,FISH5,0.02,11958.072,3,3,11958.072,0.0,0.0,0.0,0.0,597903.6
1732904,IT,SI,PREC1,OFFIC,0.02,11957.812,3,3,11957.812,0.0,0.0,0.0,0.0,597890.6
1811218,IT,WM,WHITE,WEARI,0.06,11956.682,3,3,11956.682,0.0,0.0,0.0,0.0,199278.033333
1749503,IT,CN,PARAF,ELEC1,0.02,11955.873,3,3,11955.873,0.0,0.0,0.0,0.0,597793.65
1783613,IT,NO,FOOD2,PAPE4,0.07,11955.749,3,3,11955.749,0.0,0.0,0.0,0.0,170796.414286
1813203,IT,WM,MOTO1,FOOD4,0.06,11953.865,3,3,11953.865,0.0,0.0,0.0,0.0,199231.083333
1739083,IT,GB,RETAI,MEMBE,0.09,11953.334,3,3,11953.334,0.0,0.0,0.0,0.0,132814.822222
1759142,IT,BR,AIRTR,ELEC1,0.01,11953.289,3,3,11953.289,0.0,0.0,0.0,0.0,1195328.9
1660269,IT,DE,POSTT,ELEC3,0.2,11952.889,3,3,11952.889,0.0,0.0,0.0,0.0,59764.445
1793603,IT,WL,VEGE1,SALEM,0.04,11952.718,4,4,11952.715,0.0,0.0,0.0,0.003,298817.95
1736856,IT,SK,BUSIN,GASDI,0.12,11952.23,3,3,11952.23,0.0,0.0,0.0,0.0,99601.916667
1810314,IT,WM,WOODW,COPPE,0.03,11951.905,3,3,11951.905,0.0,0.0,0.0,0.0,398396.833333
1798833,IT,WE,FOOD5,TRAN2,0.06,11951.813,3,3,11951.813,0.0,0.0,0.0,0.0,199196.883333
1740917,IT,US,FOOD5,PROCE,0.06,11951.81,3,3,11951.81,0.0,0.0,0.0,0.0,199196.833333
1667468,IT,ES,FABRI,MEATA,0.05,11951.09,3,3,11951.09,0.0,0.0,0.0,0.0,239021.8
1662367,IT,DK,BASIC,MEDIC,0.01,11950.509,3,3,11950.509,0.0,0.0,0.0,0.0,1195050.9
1721295,IT,PL,LANDT,AIRTR,0.08,11950.227,3,3,11950.227,0.0,0.0,0.0,0.0,149377.8375
1649792,IT,BG,BASIC,93197,0.01,11949.274,3,3,11949.274,0.0,0.0,0.0,0.0,1194927.4
1657853,IT,DE,NONME,FOOD3,0.02,11949.024,3,3,11949.024,0.0,0.0,0.0,0.0,597451.2
1684361,IT,HR,SUPPO,BUSIN,0.09,11948.992,3,3,11948.992,0.0,0.0,0.0,0.0,132766.577778
1661358,IT,DK,MEATC,EDUCA,0.04,11948.986,3,3,11948.986,0.0,0.0,0.0,0.0,298724.65
1775564,IT,CH,TEXT2,PUBLI,0.09,11948.593,3,3,11948.593,0.0,0.0,0.0,0.0,132762.144444
1690530,IT,IE,WOOD2,WOODW,0.06,11948.257,3,3,11948.257,0.0,0.0,0.0,0.0,199137.616667
1793439,IT,WL,FORES,BIOGA,0.1,11948.1,4,4,11943.1,0.0,5.0,0.0,0.0,119481.0
1686067,IT,HU,RUBBE,TOBAC,0.04,11947.987,3,3,11947.987,0.0,0.0,0.0,0.0,298699.675
1786195,IT,ZA,ALUM1,TEXTI,0.02,11946.701,3,3,11946.701,0.0,0.0,0.0,0.0,597335.05
1797115,IT,WL,POSTT,PULP5,0.2,11946.203,3,3,11946.203,0.0,0.0,0.0,0.0,59731.015
1664270,IT,EE,BASIC,RETA1,0.01,11945.895,3,3,11945.895,0.0,0.0,0.0,0.0,1194589.5
1737299,IT,GB,BEVER,PIGS9,0.05,11945.24,3,3,11945.24,0.0,0.0,0.0,0.0,238904.8
1736522,IT,SK,AIRTR,RENTI,0.01,11944.293,3,3,11944.293,0.0,0.0,0.0,0.0,1194429.3
1665341,IT,ES,FISH5,DIST1,0.05,11944.01,4,4,11944.004,0.0,0.0,0.0,0.006,238880.2
1711399,IT,LU,RETA1,RENTI,0.12,11943.663,3,3,11943.663,0.0,0.0,0.0,0.0,99530.525
1665260,IT,ES,BEVER,WEARI,0.05,11943.32,3,3,11943.32,0.0,0.0,0.0,0.0,238866.4
1752345,IT,CA,MEAT4,TEXTI,0.07,11942.517,3,3,11942.517,0.0,0.0,0.0,0.0,170607.385714
1643372,IT,AT,RAILW,HEALT,0.08,11941.507,3,3,11941.507,0.0,0.0,0.0,0.0,149268.8375
1720105,IT,PL,LEAD1,HEAVY,0.02,11940.953,3,3,11940.953,0.0,0.0,0.0,0.0,597047.65
1740045,IT,GB,RENTI,OFFIC,0.07,11940.924,3,3,11940.924,0.0,0.0,0.0,0.0,170584.628571
1735757,IT,SK,MACHI,MEATA,0.07,11940.87,3,3,11940.87,0.0,0.0,0.0,0.0,170583.857143
1656257,IT,DE,WEARI,SALEM,0.09,11940.518,4,4,11940.516,0.0,0.0,0.0,0.002,132672.422222
1763033,IT,MX,TEXTI,VEGE1,0.07,11940.475,4,4,11940.473,0.0,0.0,0.0,0.002,170578.214286
1658241,IT,DE,COPP1,RAWMI,0.03,11940.464,3,3,11940.464,0.0,0.0,0.0,0.0,398015.466667
1669183,IT,ES,POSTT,TRANS,0.2,11939.922,3,3,11939.922,0.0,0.0,0.0,0.0,59699.61
1673353,IT,FR,TEXTI,REALE,0.07,11939.395,4,4,11939.393,0.0,0.0,0.0,0.002,170562.785714
1660394,IT,DE,FINAN,ELEC7,0.16,11939.248,3,3,11939.248,0.0,0.0,0.0,0.0,74620.3
1646003,IT,BE,NONME,WOODW,0.02,11938.894,3,3,11938.894,0.0,0.0,0.0,0.0,596944.7
1814751,IT,WM,FOOD2,PFERT,0.07,11938.812,3,3,11938.812,0.0,0.0,0.0,0.0,170554.457143
1743053,IT,US,OFFIC,WASTE,0.04,11938.751,3,3,11938.751,0.0,0.0,0.0,0.0,298468.775
1772871,IT,CH,BASIC,ELECT,0.01,11938.013,3,3,11938.013,0.0,0.0,0.0,0.0,1193801.3
1778023,IT,TR,OFFIC,MOTOR,0.04,11937.758,3,3,11937.758,0.0,0.0,0.0,0.0,298443.95
1776032,IT,TR,TEXTI,NONME,0.07,11936.99,4,4,11936.988,0.0,0.0,0.0,0.002,170528.428571
1720792,IT,PL,FURNI,ANIMA,0.04,11936.848,3,3,11936.848,0.0,0.0,0.0,0.0,298421.2
1663076,IT,DK,RAILW,CRUDE,0.08,11936.474,3,3,11936.474,0.0,0.0,0.0,0.0,149205.925
1739128,IT,GB,WHOLE,RENTI,0.1,11936.333,3,3,11936.333,0.0,0.0,0.0,0.0,119363.33
1734625,IT,SK,TEXTI,PLAST,0.07,11935.47,4,4,11935.468,0.0,0.0,0.0,0.002,170506.714286
1798915,IT,WE,FISH5,MEATP,0.05,11935.095,4,4,11935.089,0.0,0.0,0.0,0.006,238701.9
1736197,IT,SK,WHOLE,CONST,0.1,11934.482,3,3,11934.482,0.0,0.0,0.0,0.0,119344.82
1726883,IT,RO,RETA1,WHOLE,0.12,11934.274,3,3,11934.274,0.0,0.0,0.0,0.0,99452.283333
1772020,IT,CH,PRINT,WEARI,0.11,11933.725,3,3,11933.725,0.0,0.0,0.0,0.0,108488.409091
1731582,IT,SI,TEXTI,SUPPO,0.07,11932.649,4,4,11932.647,0.0,0.0,0.0,0.002,170466.414286
1665663,IT,ES,WOODW,MEMBE,0.03,11932.608,3,3,11932.608,0.0,0.0,0.0,0.0,397753.6
1768532,IT,AU,FOOD5,ELEC6,0.06,11932.133,3,3,11932.133,0.0,0.0,0.0,0.0,198868.883333
1791520,IT,WA,RETA1,FOOD5,0.12,11931.096,3,3,11931.096,0.0,0.0,0.0,0.0,99425.8
1641881,IT,AT,BIODI,PAPER,0.02,11931.082,3,3,11931.082,0.0,0.0,0.0,0.0,596554.1
1690109,IT,IE,COMPU,MEATP,0.14,11930.866,3,3,11930.866,0.0,0.0,0.0,0.0,85220.471429
1717107,IT,NL,SEACO,FISH5,0.01,11930.798,3,3,11930.798,0.0,0.0,0.0,0.0,1193079.8
1750065,IT,CN,BASIC,NFERT,0.01,11930.511,3,3,11930.511,0.0,0.0,0.0,0.0,1193051.1
1726632,IT,RO,MOTO1,TRAN1,0.06,11930.046,3,3,11930.046,0.0,0.0,0.0,0.0,198834.1
1685626,IT,HU,MOTOR,CONST,0.02,11929.976,3,3,11929.976,0.0,0.0,0.0,0.0,596498.8
1791053,IT,WA,TRANS,MEATC,0.07,11929.951,3,3,11929.951,0.0,0.0,0.0,0.0,170427.871429
1808590,IT,WF,PAPE4,RECRE,0.08,11929.917,3,3,11929.917,0.0,0.0,0.0,0.0,149123.9625
1716141,IT,NL,PREC1,SALEM,0.02,11929.533,3,3,11929.533,0.0,0.0,0.0,0.0,596476.65
1726884,IT,RO,RETA1,RETA1,0.12,11929.246,3,3,11929.246,0.0,0.0,0.0,0.0,99410.383333
1643912,IT,AT,REALE,COMPU,0.5,11929.136,3,3,11929.136,0.0,0.0,0.0,0.0,23858.272
1689640,IT,IE,SUPPO,BUSIN,0.09,11929.015,3,3,11929.015,0.0,0.0,0.0,0.0,132544.611111
1653468,IT,CZ,NONME,FOOD4,0.02,11928.652,3,3,11928.652,0.0,0.0,0.0,0.0,596432.6
1735788,IT,SK,MACHI,KEROS,0.07,11928.527,3,3,11928.527,0.0,0.0,0.0,0.0,170407.528571
1785100,IT,ZA,CHEMI,BUSIN,0.03,11928.487,4,4,11927.487,0.0,0.0,1.0,0.0,397616.233333
1740655,IT,US,CRUDE,POSTT,0.02,11928.469,3,3,11928.469,0.0,0.0,0.0,0.0,596423.45
1796760,IT,WL,LANDT,ALUM1,0.08,11928.119,3,3,11928.119,0.0,0.0,0.0,0.0,149101.4875
1750778,IT,CN,TRANS,EDUCA,0.07,11928.068,3,3,11928.068,0.0,0.0,0.0,0.0,170400.971429
1766381,IT,RU,BASIC,COKEO,0.01,11927.595,3,3,11927.595,0.0,0.0,0.0,0.0,1192759.5
1759046,IT,BR,SEACO,LEATH,0.01,11927.425,3,3,11927.425,0.0,0.0,0.0,0.0,1192742.5
1751862,IT,CN,RENTI,HEALT,0.07,11927.295,3,3,11927.295,0.0,0.0,0.0,0.0,170389.928571
1643336,IT,AT,RAILW,NONME,0.08,11926.824,3,3,11926.824,0.0,0.0,0.0,0.0,149085.3
1717100,IT,NL,TRAN2,LIQUE,0.02,11926.633,3,3,11926.633,0.0,0.0,0.0,0.0,596331.65
1651834,IT,CY,HOTEL,EDUCA,0.09,11926.296,3,3,11926.296,0.0,0.0,0.0,0.0,132514.4
1777698,IT,TR,COPP1,OFFIC,0.03,11925.937,3,3,11925.937,0.0,0.0,0.0,0.0,397531.233333
1726798,IT,RO,WHOLE,FISHF,0.1,11925.664,3,3,11925.664,0.0,0.0,0.0,0.0,119256.64
1684878,IT,HU,SANDC,BIOGA,0.03,11925.109,4,4,11922.109,0.0,0.0,3.0,0.0,397503.633333
1649441,IT,BG,CHEM1,ELEC2,0.02,11924.68,3,3,11924.68,0.0,0.0,0.0,0.0,596234.0
1721350,IT,PL,TRAN2,LANDT,0.02,11924.521,3,3,11924.521,0.0,0.0,0.0,0.0,596226.05
1768695,IT,AU,TEXTI,POSTT,0.07,11924.495,4,4,11924.493,0.0,0.0,0.0,0.002,170349.928571
1813211,IT,WM,TRANS,CEREA,0.07,11924.383,3,3,11924.383,0.0,0.0,0.0,0.0,170348.328571
1793842,IT,WL,TEXTI,CERAM,0.07,11923.967,4,4,11923.965,0.0,0.0,0.0,0.002,170342.385714
1780518,IT,TW,POSTT,LANDT,0.2,11922.647,3,3,11922.647,0.0,0.0,0.0,0.0,59613.235
1659263,IT,DE,SALEM,DIST1,0.1,11922.629,3,3,11922.629,0.0,0.0,0.0,0.0,119226.29
1751843,IT,CN,RENTI,MOTO1,0.07,11922.596,3,3,11922.596,0.0,0.0,0.0,0.0,170322.8
1755392,IT,KR,KEROS,PFERT,0.02,11922.44,3,3,11922.44,0.0,0.0,0.0,0.0,596122.0
1684387,IT,HR,POSTT,WHOLE,0.2,11920.343,3,3,11920.343,0.0,0.0,0.0,0.0,59601.715
1767393,IT,RU,LANDT,LEATH,0.08,11920.198,3,3,11920.198,0.0,0.0,0.0,0.0,149002.475
1764849,IT,MX,SEACO,REALE,0.01,11919.773,3,3,11919.773,0.0,0.0,0.0,0.0,1191977.3
1653668,IT,CZ,ALUM1,RETAI,0.02,11919.175,3,3,11919.175,0.0,0.0,0.0,0.0,595958.75
1807036,IT,WF,TRAN2,NATU1,0.02,11918.731,3,3,11918.731,0.0,0.0,0.0,0.0,595936.55
1723935,IT,PT,CONST,PLAST,0.07,11918.421,3,3,11918.421,0.0,0.0,0.0,0.0,170263.157143
1714092,IT,MT,SEACO,CHEM1,0.01,11917.245,3,3,11917.245,0.0,0.0,0.0,0.0,1191724.5
1712526,IT,LV,FABRI,RETA1,0.05,11917.114,3,3,11917.114,0.0,0.0,0.0,0.0,238342.28
1679695,IT,GR,BRICK,MACHI,0.02,11916.787,3,3,11916.787,0.0,0.0,0.0,0.0,595839.35
1686697,IT,HU,COPP1,NAPHT,0.03,11916.673,3,3,11916.673,0.0,0.0,0.0,0.0,397222.433333
1740232,IT,GB,BUSIN,FOUND,0.12,11916.372,3,3,11916.372,0.0,0.0,0.0,0.0,99303.1
1640227,IT,AT,FORES,ELEC7,0.1,11916.015,4,4,11911.015,0.0,5.0,0.0,0.0,119160.15
1729348,IT,SE,BASIC,SUGAR,0.01,11915.708,3,3,11915.708,0.0,0.0,0.0,0.0,1191570.8
1679222,IT,GR,MOTOR,POSTT,0.02,11915.697,3,3,11915.697,0.0,0.0,0.0,0.0,595784.85
1773111,IT,CH,COPP1,PLAST,0.03,11915.171,3,3,11915.171,0.0,0.0,0.0,0.0,397172.366667
1802608,IT,WE,AUXIL,RETA1,0.22,11914.8,3,3,11914.8,0.0,0.0,0.0,0.0,54158.181818
1641301,IT,AT,MOTOR,FOODW,0.02,11914.311,3,3,11914.311,0.0,0.0,0.0,0.0,595715.55
1790144,IT,WA,BASIC,COKE1,0.01,11913.533,3,3,11913.533,0.0,0.0,0.0,0.0,1191353.3
1656515,IT,DE,PAPER,FOUND,0.05,11913.255,3,3,11913.255,0.0,0.0,0.0,0.0,238265.1
1670599,IT,FI,WEARI,CONST,0.09,11911.897,4,4,11911.895,0.0,0.0,0.0,0.002,132354.411111
1769602,IT,AU,FABRI,FORES,0.05,11911.762,3,3,11911.762,0.0,0.0,0.0,0.0,238235.24
1754010,IT,CA,SEACO,VEGET,0.01,11911.568,3,3,11911.568,0.0,0.0,0.0,0.0,1191156.8
1737275,IT,GB,FOOD5,CONST,0.06,11911.472,3,3,11911.472,0.0,0.0,0.0,0.0,198524.533333
1645318,IT,BE,GASDI,PIGS9,0.02,11911.139,3,3,11911.139,0.0,0.0,0.0,0.0,595556.95
1811604,IT,WM,CHEM1,PROCE,0.02,11910.622,3,3,11910.622,0.0,0.0,0.0,0.0,595531.1
1803643,IT,WF,FOOD5,SALEM,0.06,11910.46,3,3,11910.46,0.0,0.0,0.0,0.0,198507.666667
1655754,IT,DE,MEATC,RECRE,0.04,11909.795,3,3,11909.795,0.0,0.0,0.0,0.0,297744.875
1749580,IT,CN,PLAST,DIST1,0.02,11909.426,3,3,11909.426,0.0,0.0,0.0,0.0,595471.3
1711995,IT,LV,SUGAR,DAIRY,0.02,11909.046,3,3,11909.046,0.0,0.0,0.0,0.0,595452.3
1754391,IT,CA,RENTI,FORES,0.07,11909.017,3,3,11909.017,0.0,0.0,0.0,0.0,170128.814286
1726176,IT,RO,GLASS,HOTEL,0.03,11908.204,3,3,11908.204,0.0,0.0,0.0,0.0,396940.133333
1656367,IT,DE,WOODW,PFERT,0.03,11908.009,3,3,11908.009,0.0,0.0,0.0,0.0,396933.633333
1681297,IT,GR,INSUR,FOOD5,0.25,11907.958,3,3,11907.958,0.0,0.0,0.0,0.0,47631.832
1713181,IT,MT,TEXTI,FINAN,0.07,11907.708,4,4,11907.706,0.0,0.0,0.0,0.002,170110.114286
1722573,IT,PT,FISH5,MEAT4,0.05,11907.4,4,4,11907.394,0.0,0.0,0.0,0.006,238148.0
1734566,IT,SK,BEVER,CATTL,0.05,11907.121,3,3,11907.121,0.0,0.0,0.0,0.0,238142.42
1648841,IT,BG,TEXTI,MEAT1,0.07,11906.781,4,4,11906.779,0.0,0.0,0.0,0.002,170096.871429
1666432,IT,ES,BITU1,RESEA,0.02,11906.501,3,3,11906.501,0.0,0.0,0.0,0.0,595325.05
1754298,IT,CA,INSUR,OILSE,0.25,11905.656,3,3,11905.656,0.0,0.0,0.0,0.0,47622.624
1811819,IT,WM,BIODI,RESEA,0.02,11905.404,3,3,11905.404,0.0,0.0,0.0,0.0,595270.2
1676242,IT,FR,SALEM,WHEAT,0.1,11905.294,3,3,11905.294,0.0,0.0,0.0,0.0,119052.94
1736480,IT,SK,TRAN2,RETA1,0.02,11905.207,3,3,11905.207,0.0,0.0,0.0,0.0,595260.35
1808799,IT,WF,WOOD2,DISTR,0.06,11905.047,3,3,11905.047,0.0,0.0,0.0,0.0,198417.45
1648418,IT,BE,PRIVA,NAPHT,2.66,11903.797,4,4,11903.795,0.0,0.0,0.0,0.002,4475.111654
1723663,IT,PT,MACHI,MEATP,0.07,11903.784,3,3,11903.784,0.0,0.0,0.0,0.0,170054.057143
1761621,IT,IN,FABRI,MEATC,0.05,11902.997,3,3,11902.997,0.0,0.0,0.0,0.0,238059.94
1796714,IT,WL,RAILW,BUSIN,0.08,11902.445,3,3,11902.445,0.0,0.0,0.0,0.0,148780.5625
1799985,IT,WE,HEAVY,BIOGA,0.02,11901.792,3,3,11901.792,0.0,0.0,0.0,0.0,595089.6
1813674,IT,WM,RETA1,OFFIC,0.12,11901.37,3,3,11901.37,0.0,0.0,0.0,0.0,99178.083333
1793868,IT,WL,TEXTI,RAILW,0.07,11900.773,4,4,11900.771,0.0,0.0,0.0,0.002,170011.042857
1730265,IT,SE,SEACO,NONME,0.01,11900.404,3,3,11900.404,0.0,0.0,0.0,0.0,1190040.4
1784148,IT,ID,PAPER,BEVER,0.05,11900.142,3,3,11900.142,0.0,0.0,0.0,0.0,238002.84
1769143,IT,AU,CHEM1,COKEO,0.02,11900.076,3,3,11900.076,0.0,0.0,0.0,0.0,595003.8
1681066,IT,GR,SUPPO,MEATP,0.09,11898.345,3,3,11898.345,0.0,0.0,0.0,0.0,132203.833333
1652175,IT,CZ,VEGE1,BUSIN,0.04,11898.248,4,4,11898.245,0.0,0.0,0.0,0.003,297456.2
1722001,IT,PL,COMPU,RAILW,0.14,11897.699,3,3,11897.699,0.0,0.0,0.0,0.0,84983.564286
1718995,IT,PL,MOTOR,RETA1,0.02,11897.649,3,3,11897.649,0.0,0.0,0.0,0.0,594882.45
1654153,IT,CZ,MOTO1,NFERT,0.06,11897.637,3,3,11897.637,0.0,0.0,0.0,0.0,198293.95
1767963,IT,RU,COMPU,FABRI,0.14,11897.035,3,3,11897.035,0.0,0.0,0.0,0.0,84978.821429
1768381,IT,AU,VEGE1,VEGET,0.04,11896.484,4,4,11896.481,0.0,0.0,0.0,0.003,297412.1
1781525,IT,NO,TEXTI,NONF1,0.07,11894.888,4,4,11894.886,0.0,0.0,0.0,0.002,169926.971429
1732551,IT,SI,RUBBE,RETAI,0.04,11894.699,3,3,11894.699,0.0,0.0,0.0,0.0,297367.475
1717514,IT,NL,RENTI,NATUR,0.07,11894.563,3,3,11894.563,0.0,0.0,0.0,0.0,169922.328571
1668918,IT,ES,SEACO,93197,0.01,11894.054,3,3,11894.054,0.0,0.0,0.0,0.0,1189405.4
1669126,IT,ES,POSTT,SANDC,0.2,11893.749,3,3,11893.749,0.0,0.0,0.0,0.0,59468.745
1787218,IT,WA,VEGET,BITUM,0.04,11893.303,3,3,11893.303,0.0,0.0,0.0,0.0,297332.575
1757998,IT,BR,RUBBE,COKEO,0.04,11892.907,3,3,11892.907,0.0,0.0,0.0,0.0,297322.675
1780481,IT,TW,POSTT,LIQUE,0.2,11892.326,3,3,11892.326,0.0,0.0,0.0,0.0,59461.63
1812401,IT,WM,PREC1,POULT,0.02,11892.236,3,3,11892.236,0.0,0.0,0.0,0.0,594611.8
1771187,IT,CH,MEAT4,RETAI,0.07,11890.687,3,3,11890.687,0.0,0.0,0.0,0.0,169866.957143
1811403,IT,WM,PLAST,NONFE,0.02,11890.436,3,3,11890.436,0.0,0.0,0.0,0.0,594521.8
1770437,IT,AU,SEACO,TRANS,0.01,11888.873,3,3,11888.873,0.0,0.0,0.0,0.0,1188887.3
1718552,IT,PL,WEARI,MOTO1,0.09,11888.214,4,4,11888.212,0.0,0.0,0.0,0.002,132091.266667
1752191,IT,CN,PUBLI,OFFIC,0.19,11887.772,3,3,11887.772,0.0,0.0,0.0,0.0,62567.221053
1673054,IT,FR,FOOD5,NAPHT,0.06,11887.723,3,3,11887.723,0.0,0.0,0.0,0.0,198128.716667
1752499,IT,CA,FOOD5,MEATP,0.06,11887.57,3,3,11887.57,0.0,0.0,0.0,0.0,198126.166667
1785944,IT,ZA,RUBBE,NFERT,0.04,11886.47,3,3,11886.47,0.0,0.0,0.0,0.0,297161.75
1647664,IT,BE,FINAN,DISTR,0.15,11886.113,3,3,11886.113,0.0,0.0,0.0,0.0,79240.753333
1808596,IT,WF,PLAS2,CATTL,0.1,11884.94,3,3,11884.94,0.0,0.0,0.0,0.0,118849.4
1741720,IT,US,NAPHT,BEVER,0.02,11884.738,3,3,11884.738,0.0,0.0,0.0,0.0,594236.9
1760483,IT,IN,TEXTI,FABRI,0.07,11884.07,4,4,11884.068,0.0,0.0,0.0,0.002,169772.428571
1719725,IT,PL,NONME,RAILW,0.02,11883.626,3,3,11883.626,0.0,0.0,0.0,0.0,594181.3
1812240,IT,WM,NONME,RETAI,0.02,11883.337,3,3,11883.337,0.0,0.0,0.0,0.0,594166.85
1781446,IT,NO,BEVER,CRUDE,0.05,11882.733,3,3,11882.733,0.0,0.0,0.0,0.0,237654.66
1757543,IT,BR,MOTOR,AVIAT,0.02,11882.182,3,3,11882.182,0.0,0.0,0.0,0.0,594109.1
1747070,IT,JP,FURNI,COPP1,0.04,11881.976,3,3,11881.976,0.0,0.0,0.0,0.0,297049.4
1785699,IT,ZA,NAPHT,NAPHT,0.02,11881.504,3,3,11881.504,0.0,0.0,0.0,0.0,594075.2
1788597,IT,WA,PAPER,COMPU,0.05,11881.241,3,3,11881.241,0.0,0.0,0.0,0.0,237624.82
1772752,IT,CH,NONME,CEREA,0.02,11880.772,3,3,11880.772,0.0,0.0,0.0,0.0,594038.6
1800572,IT,WE,GLASS,PIGS9,0.03,11880.584,3,3,11880.584,0.0,0.0,0.0,0.0,396019.466667
1765897,IT,RU,PLAST,LUBRI,0.02,11880.362,3,3,11880.362,0.0,0.0,0.0,0.0,594018.1
1713268,IT,MT,PAPER,HEALT,0.05,11879.713,3,3,11879.713,0.0,0.0,0.0,0.0,237594.26
1814786,IT,WM,PAPE4,CRUDE,0.08,11879.502,3,3,11879.502,0.0,0.0,0.0,0.0,148493.775
1738015,IT,GB,BIODI,BUSIN,0.02,11878.726,3,3,11878.726,0.0,0.0,0.0,0.0,593936.3
1689629,IT,IE,SUPPO,SEACO,0.09,11878.611,3,3,11878.611,0.0,0.0,0.0,0.0,131984.566667
1786173,IT,ZA,PREC1,GASDI,0.02,11878.166,3,3,11878.166,0.0,0.0,0.0,0.0,593908.3
1740970,IT,US,BEVER,RAWMI,0.05,11877.828,3,3,11877.828,0.0,0.0,0.0,0.0,237556.56
1809850,IT,WM,FOOD5,INERT,0.06,11877.764,3,3,11877.764,0.0,0.0,0.0,0.0,197962.733333
1735823,IT,SK,MACHI,DISTR,0.07,11876.892,3,3,11876.892,0.0,0.0,0.0,0.0,169669.885714
1808341,IT,WF,FOOD3,MOTO1,0.03,11876.638,3,3,11876.638,0.0,0.0,0.0,0.0,395887.933333
1723118,IT,PT,CHEM1,LANDT,0.02,11876.293,3,3,11876.293,0.0,0.0,0.0,0.0,593814.65
1721974,IT,PL,COMPU,CEMEN,0.14,11876.171,3,3,11876.171,0.0,0.0,0.0,0.0,84829.792857
1785335,IT,ZA,LEATH,93197,0.09,11875.342,4,4,11875.34,0.0,0.0,0.0,0.002,131948.244444
1729143,IT,SE,GLASS,BIODI,0.03,11875.335,3,3,11875.335,0.0,0.0,0.0,0.0,395844.5
1688971,IT,IE,MACHI,LEADZ,0.07,11875.245,3,3,11875.245,0.0,0.0,0.0,0.0,169646.357143
1791154,IT,WA,FURNI,SUGAR,0.04,11875.188,3,3,11875.188,0.0,0.0,0.0,0.0,296879.7
1791428,IT,WA,WHOLE,PAPER,0.1,11874.817,3,3,11874.817,0.0,0.0,0.0,0.0,118748.17
1803953,IT,WF,LEATH,CEREA,0.09,11874.546,4,4,11874.544,0.0,0.0,0.0,0.002,131939.4
1735655,IT,SK,FABRI,POULT,0.05,11873.363,3,3,11873.363,0.0,0.0,0.0,0.0,237467.26
1795211,IT,WL,GLASS,NONME,0.03,11873.205,3,3,11873.205,0.0,0.0,0.0,0.0,395773.5
1670861,IT,FI,PLAST,LEATH,0.02,11872.182,3,3,11872.182,0.0,0.0,0.0,0.0,593609.1
1750159,IT,CN,ALUM1,MEATP,0.02,11871.331,3,3,11871.331,0.0,0.0,0.0,0.0,593566.55
1651378,IT,CY,PAPER,RECRE,0.05,11870.942,3,3,11870.942,0.0,0.0,0.0,0.0,237418.84
1651223,IT,BG,BUSIN,BUSIN,0.12,11870.702,3,3,11870.702,0.0,0.0,0.0,0.0,98922.516667
1674456,IT,FR,BIODI,CATTL,0.02,11869.904,3,3,11869.904,0.0,0.0,0.0,0.0,593495.2
1810723,IT,WM,MOTOR,ELEC1,0.02,11869.82,3,3,11869.82,0.0,0.0,0.0,0.0,593491.0
1721905,IT,PL,RENTI,TRANS,0.07,11868.868,3,3,11868.868,0.0,0.0,0.0,0.0,169555.257143
1689183,IT,IE,RETAI,SANDC,0.09,11868.406,3,3,11868.406,0.0,0.0,0.0,0.0,131871.177778
1651152,IT,BG,BUSIN,COPPE,0.12,11867.675,3,3,11867.675,0.0,0.0,0.0,0.0,98897.291667
1784056,IT,ID,TEXTI,EDUCA,0.07,11866.35,4,4,11866.348,0.0,0.0,0.0,0.002,169519.285714
1722936,IT,PT,GASDI,HOTEL,0.02,11866.265,3,3,11866.265,0.0,0.0,0.0,0.0,593313.25
1662191,IT,DK,RUBBE,PAPE1,0.04,11866.256,3,3,11866.256,0.0,0.0,0.0,0.0,296656.4
1727758,IT,RO,BUSIN,CEREA,0.12,11865.383,3,3,11865.383,0.0,0.0,0.0,0.0,98878.191667
1685957,IT,HU,BIOGA,CEREA,0.02,11865.008,3,3,11865.008,0.0,0.0,0.0,0.0,593250.4
1793851,IT,WL,TEXTI,NONF1,0.07,11864.502,4,4,11864.5,0.0,0.0,0.0,0.002,169492.885714
1776402,IT,TR,PRINT,LANDT,0.11,11864.012,3,3,11864.012,0.0,0.0,0.0,0.0,107854.654545
1748241,IT,JP,WOOD1,TRANS,0.08,11863.976,3,3,11863.976,0.0,0.0,0.0,0.0,148299.7
1712242,IT,LV,PAPER,COMPU,0.05,11863.739,3,3,11863.739,0.0,0.0,0.0,0.0,237274.78
1724341,IT,PT,SEACO,FOOD5,0.01,11863.503,3,3,11863.503,0.0,0.0,0.0,0.0,1186350.3
1643699,IT,AT,SUPPO,NAPHT,0.09,11863.335,3,3,11863.335,0.0,0.0,0.0,0.0,131814.833333
1736893,IT,SK,BUSIN,RAILW,0.12,11863.017,3,3,11863.017,0.0,0.0,0.0,0.0,98858.475
1757325,IT,BR,TEXTI,VEGET,0.07,11862.861,4,4,11862.859,0.0,0.0,0.0,0.002,169469.442857
1784590,IT,ID,MACHI,NONSP,0.07,11862.586,3,3,11862.586,0.0,0.0,0.0,0.0,169465.514286
1756198,IT,KR,MACHI,PREC1,0.07,11862.488,3,3,11862.488,0.0,0.0,0.0,0.0,169464.114286
1669806,IT,ES,BUSIN,ELEC8,0.12,11862.336,3,3,11862.336,0.0,0.0,0.0,0.0,98852.8
1772159,IT,CH,KERO1,INSUR,0.02,11862.116,3,3,11862.116,0.0,0.0,0.0,0.0,593105.8
1789599,IT,WA,RUBBE,COKIN,0.04,11861.345,3,3,11861.345,0.0,0.0,0.0,0.0,296533.625
1669114,IT,ES,POSTT,PADDY,0.2,11861.237,3,3,11861.237,0.0,0.0,0.0,0.0,59306.185
1675051,IT,FR,ALUM1,LIQUE,0.02,11861.192,3,3,11861.192,0.0,0.0,0.0,0.0,593059.6
1641254,IT,AT,MOTOR,LIQUE,0.02,11860.956,3,3,11860.956,0.0,0.0,0.0,0.0,593047.8
1808612,IT,WF,PLAS2,WEARI,0.1,11860.91,3,3,11860.91,0.0,0.0,0.0,0.0,118609.1
1650928,IT,BG,SEACO,DIST1,0.01,11860.854,3,3,11860.854,0.0,0.0,0.0,0.0,1186085.4
1786605,IT,ZA,SALEM,SALEM,0.1,11860.622,3,3,11860.622,0.0,0.0,0.0,0.0,118606.22
1749454,IT,CN,HEAVY,PFERT,0.02,11858.777,3,3,11858.777,0.0,0.0,0.0,0.0,592938.85
1662724,IT,DK,MACHI,93197,0.07,11858.455,3,3,11858.455,0.0,0.0,0.0,0.0,169406.5
1726818,IT,RO,WHOLE,LEAD1,0.1,11858.291,3,3,11858.291,0.0,0.0,0.0,0.0,118582.91
1659155,IT,DE,ELE11,DISTR,0.17,11858.101,4,4,11858.095,0.0,0.0,0.0,0.006,69753.535294
1709613,IT,LT,PAPER,LANDT,0.05,11857.781,3,3,11857.781,0.0,0.0,0.0,0.0,237155.62
1737224,IT,GB,PROCE,WHOLE,0.08,11857.354,3,3,11857.354,0.0,0.0,0.0,0.0,148216.925
1716759,IT,NL,RETA1,BASIC,0.12,11856.792,3,3,11856.792,0.0,0.0,0.0,0.0,98806.6
1641455,IT,AT,GASDI,RETAI,0.02,11856.12,3,3,11856.12,0.0,0.0,0.0,0.0,592806.0
1758874,IT,BR,HOTEL,NONF1,0.09,11855.676,3,3,11855.676,0.0,0.0,0.0,0.0,131729.733333
1797913,IT,WL,WASTE,EDUCA,0.04,11855.409,3,3,11855.409,0.0,0.0,0.0,0.0,296385.225
1758074,IT,BR,GLASS,MEATC,0.03,11855.342,3,3,11855.342,0.0,0.0,0.0,0.0,395178.066667
1641340,IT,AT,KEROS,LIQUE,0.02,11854.761,3,3,11854.761,0.0,0.0,0.0,0.0,592738.05
1681009,IT,GR,AIRTR,NONSP,0.01,11854.668,3,3,11854.668,0.0,0.0,0.0,0.0,1185466.8
1714488,IT,NL,FISHF,COMPU,0.02,11854.5,3,3,11854.5,0.0,0.0,0.0,0.0,592725.0
1795486,IT,WL,ALUM1,NICKE,0.02,11854.099,3,3,11854.099,0.0,0.0,0.0,0.0,592704.95
1755818,IT,KR,CERAM,SUPPO,0.02,11854.02,3,3,11854.02,0.0,0.0,0.0,0.0,592701.0
1682021,IT,HR,BEVER,OFFIC,0.05,11853.013,3,3,11853.013,0.0,0.0,0.0,0.0,237060.26
1806599,IT,WF,CONST,RECRE,0.07,11852.486,3,3,11852.486,0.0,0.0,0.0,0.0,169321.228571
1666593,IT,ES,CHEM1,NONF1,0.02,11852.1,3,3,11852.1,0.0,0.0,0.0,0.0,592605.0
1683367,IT,HR,BASIC,WHEAT,0.01,11851.601,3,3,11851.601,0.0,0.0,0.0,0.0,1185160.1
1677912,IT,FR,BUSIN,ELEC8,0.12,11850.91,3,3,11850.91,0.0,0.0,0.0,0.0,98757.583333
1678539,IT,GR,VEGET,TEXTI,0.04,11850.644,3,3,11850.644,0.0,0.0,0.0,0.0,296266.1
1795290,IT,WL,CEMEN,VEGE1,0.02,11850.606,3,3,11850.606,0.0,0.0,0.0,0.0,592530.3
1686820,IT,HU,FABRI,COPP1,0.05,11850.336,3,3,11850.336,0.0,0.0,0.0,0.0,237006.72
1714990,IT,NL,TOBAC,PLAST,0.05,11850.306,3,3,11850.306,0.0,0.0,0.0,0.0,237006.12
1780475,IT,TW,POSTT,COKEO,0.2,11849.968,3,3,11849.968,0.0,0.0,0.0,0.0,59249.84
1669310,IT,ES,FINAN,MEDIC,0.15,11849.965,3,3,11849.965,0.0,0.0,0.0,0.0,78999.766667
1801201,IT,WE,FABRI,ADDIT,0.05,11849.422,3,3,11849.422,0.0,0.0,0.0,0.0,236988.44
1793156,IT,WA,93197,VEGE1,0.08,11848.559,3,3,11848.559,0.0,0.0,0.0,0.0,148106.9875
1730498,IT,SE,FINAN,CONST,0.15,11848.162,3,3,11848.162,0.0,0.0,0.0,0.0,78987.746667
1683640,IT,HR,FABRI,CERAM,0.05,11846.896,3,3,11846.896,0.0,0.0,0.0,0.0,236937.92
1655438,IT,DE,FORES,CHEM1,0.1,11846.571,4,4,11841.571,0.0,5.0,0.0,0.0,118465.71
1746025,IT,JP,PAPER,ELEC2,0.05,11846.531,3,3,11846.531,0.0,0.0,0.0,0.0,236930.62
1676948,IT,FR,AIRTR,REFI1,0.01,11844.841,3,3,11844.841,0.0,0.0,0.0,0.0,1184484.1
1653079,IT,CZ,CHEM1,PIGS9,0.02,11844.739,3,3,11844.739,0.0,0.0,0.0,0.0,592236.95
1795437,IT,WL,PREC1,VEGE1,0.02,11844.478,3,3,11844.478,0.0,0.0,0.0,0.0,592223.9
1809667,IT,WM,DAIRY,MEMBE,0.05,11844.391,3,3,11844.391,0.0,0.0,0.0,0.0,236887.82
1683821,IT,HR,OFFIC,INTER,0.04,11844.212,3,3,11844.212,0.0,0.0,0.0,0.0,296105.3
1797904,IT,WL,WASTE,HOTEL,0.04,11843.458,3,3,11843.458,0.0,0.0,0.0,0.0,296086.45
1784493,IT,ID,FABRI,WEARI,0.05,11842.731,3,3,11842.731,0.0,0.0,0.0,0.0,236854.62
1687612,IT,HU,TRAN2,RETAI,0.02,11842.474,3,3,11842.474,0.0,0.0,0.0,0.0,592123.7
1731056,IT,SI,VEGET,MEATP,0.04,11842.302,3,3,11842.302,0.0,0.0,0.0,0.0,296057.55
1748927,IT,CN,WEARI,ELEC2,0.09,11842.216,4,4,11842.214,0.0,0.0,0.0,0.002,131580.177778
1686399,IT,HU,BASIC,BITU1,0.01,11842.012,3,3,11842.012,0.0,0.0,0.0,0.0,1184201.2
1669050,IT,ES,SUPPO,CERAM,0.09,11841.901,3,3,11841.901,0.0,0.0,0.0,0.0,131576.677778
1803749,IT,WF,FISH5,INSUR,0.05,11841.422,4,4,11841.416,0.0,0.0,0.0,0.006,236828.44
1644208,IT,BE,VEGET,CHEM1,0.04,11841.194,3,3,11841.194,0.0,0.0,0.0,0.0,296029.85
1783220,IT,NO,BUSIN,SALEM,0.12,11841.029,3,3,11841.029,0.0,0.0,0.0,0.0,98675.241667
1775047,IT,CH,RENTI,KEROS,0.07,11840.777,3,3,11840.777,0.0,0.0,0.0,0.0,169153.957143
1769582,IT,AU,COPP1,TRANS,0.03,11840.044,3,3,11840.044,0.0,0.0,0.0,0.0,394668.133333
1774008,IT,CH,RETAI,FOOD5,0.09,11839.862,3,3,11839.862,0.0,0.0,0.0,0.0,131554.022222
1746212,IT,JP,CHEM1,PROCE,0.02,11839.354,3,3,11839.354,0.0,0.0,0.0,0.0,591967.7
1652891,IT,CZ,KEROS,CEREA,0.02,11839.186,3,3,11839.186,0.0,0.0,0.0,0.0,591959.3
1806751,IT,WF,WHOLE,FINAN,0.1,11839.093,3,3,11839.093,0.0,0.0,0.0,0.0,118390.93
1769644,IT,AU,FABRI,COPP1,0.05,11839.074,3,3,11839.074,0.0,0.0,0.0,0.0,236781.48
1813871,IT,WM,LANDT,NAPHT,0.08,11838.57,3,3,11838.57,0.0,0.0,0.0,0.0,147982.125
1791628,IT,WA,HOTEL,TEXTI,0.09,11838.534,3,3,11838.534,0.0,0.0,0.0,0.0,131539.266667
1737241,IT,GB,FOOD5,MEATA,0.06,11838.061,3,3,11838.061,0.0,0.0,0.0,0.0,197301.016667
1763018,IT,MX,BEVER,LANDT,0.05,11836.881,3,3,11836.881,0.0,0.0,0.0,0.0,236737.62
1734471,IT,SK,STONE,WOOD1,0.04,11836.559,4,4,11835.559,0.0,0.0,1.0,0.0,295913.975
1670798,IT,FI,PRINT,POSTT,0.11,11835.789,3,3,11835.789,0.0,0.0,0.0,0.0,107598.081818
1680830,IT,GR,RAILW,RAILW,0.08,11835.461,3,3,11835.461,0.0,0.0,0.0,0.0,147943.2625
1807547,IT,WF,RENTI,INSUR,0.07,11834.887,3,3,11834.887,0.0,0.0,0.0,0.0,169069.814286
1718641,IT,PL,LEATH,HEALT,0.08,11834.761,4,4,11834.759,0.0,0.0,0.0,0.002,147934.5125
1676955,IT,FR,AIRTR,BIODI,0.01,11834.674,3,3,11834.674,0.0,0.0,0.0,0.0,1183467.4
1668635,IT,ES,RAILW,COPP1,0.08,11834.607,3,3,11834.607,0.0,0.0,0.0,0.0,147932.5875
1791059,IT,WA,TRANS,PROCE,0.07,11834.018,3,3,11834.018,0.0,0.0,0.0,0.0,169057.4
1739047,IT,GB,RETAI,FABRI,0.09,11833.691,3,3,11833.691,0.0,0.0,0.0,0.0,131485.455556
1664664,IT,EE,LANDT,REALE,0.08,11833.236,3,3,11833.236,0.0,0.0,0.0,0.0,147915.45
1671362,IT,FI,COPP1,BLAST,0.03,11832.379,3,3,11832.379,0.0,0.0,0.0,0.0,394412.633333
1674637,IT,FR,GLASS,PLANT,0.03,11831.874,3,3,11831.874,0.0,0.0,0.0,0.0,394395.8
1776874,IT,TR,NONSP,NONF1,0.02,11831.796,3,3,11831.796,0.0,0.0,0.0,0.0,591589.8
1744407,IT,US,AUXIL,VEGET,0.22,11831.759,3,3,11831.759,0.0,0.0,0.0,0.0,53780.722727
1709751,IT,LT,CHEM1,INERT,0.02,11830.348,3,3,11830.348,0.0,0.0,0.0,0.0,591517.4
1795545,IT,WL,ALUM1,REALE,0.02,11830.303,3,3,11830.303,0.0,0.0,0.0,0.0,591515.15
1713011,IT,MT,MEATC,FOOD5,0.04,11829.598,3,3,11829.598,0.0,0.0,0.0,0.0,295739.95
1662050,IT,DK,CHEM1,VEGE1,0.02,11828.588,3,3,11828.588,0.0,0.0,0.0,0.0,591429.4
1797114,IT,WL,POSTT,WOODW,0.19,11827.868,3,3,11827.868,0.0,0.0,0.0,0.0,62251.936842
1644652,IT,BE,FOOD5,93197,0.06,11827.567,3,3,11827.567,0.0,0.0,0.0,0.0,197126.116667
1790880,IT,WA,OFFIC,RAWMI,0.04,11827.52,3,3,11827.52,0.0,0.0,0.0,0.0,295688.0
1733249,IT,SI,MACHI,AIRTR,0.07,11826.981,3,3,11826.981,0.0,0.0,0.0,0.0,168956.871429
1716045,IT,NL,NONME,FURNI,0.02,11825.361,3,3,11825.361,0.0,0.0,0.0,0.0,591268.05
1684710,IT,HU,VEGET,MEATC,0.04,11825.317,3,3,11825.317,0.0,0.0,0.0,0.0,295632.925
1734606,IT,SK,BEVER,MEMBE,0.05,11824.891,3,3,11824.891,0.0,0.0,0.0,0.0,236497.82
1754398,IT,CA,RENTI,FOOD5,0.07,11824.667,3,3,11824.667,0.0,0.0,0.0,0.0,168923.814286
1745816,IT,JP,LEATH,VEGET,0.08,11824.576,4,4,11824.574,0.0,0.0,0.0,0.002,147807.2
1785663,IT,ZA,HEAVY,ELEC9,0.02,11823.842,3,3,11823.842,0.0,0.0,0.0,0.0,591192.1
1726189,IT,RO,CERAM,CEMEN,0.02,11823.813,3,3,11823.813,0.0,0.0,0.0,0.0,591190.65
1767980,IT,RU,COMPU,SALEM,0.14,11823.695,3,3,11823.695,0.0,0.0,0.0,0.0,84454.964286
1709388,IT,LT,BEVER,MEAT4,0.05,11823.523,3,3,11823.523,0.0,0.0,0.0,0.0,236470.46
1738421,IT,GB,ALUM1,CERAM,0.02,11823.249,3,3,11823.249,0.0,0.0,0.0,0.0,591162.45
1772948,IT,CH,PREC1,ALUM1,0.02,11823.097,3,3,11823.097,0.0,0.0,0.0,0.0,591154.85
1749326,IT,CN,PRINT,PLAST,0.11,11822.395,3,3,11822.395,0.0,0.0,0.0,0.0,107476.318182
1807585,IT,WF,COMPU,AIRTR,0.14,11822.24,3,3,11822.24,0.0,0.0,0.0,0.0,84444.571429
1647337,IT,BE,SEACO,PRINT,0.01,11821.739,3,3,11821.739,0.0,0.0,0.0,0.0,1182173.9
1726364,IT,RO,LEAD1,RECRE,0.02,11821.633,3,3,11821.633,0.0,0.0,0.0,0.0,591081.65
1742005,IT,US,ADDIT,COLLE,0.03,11821.627,3,3,11821.627,0.0,0.0,0.0,0.0,394054.233333
1646748,IT,BE,CONST,MACHI,0.07,11821.6,3,3,11821.6,0.0,0.0,0.0,0.0,168880.0
1663853,IT,EE,TEXTI,HOTEL,0.07,11821.399,4,4,11821.397,0.0,0.0,0.0,0.002,168877.128571
1721102,IT,PL,HOTEL,FOOD4,0.09,11820.756,3,3,11820.756,0.0,0.0,0.0,0.0,131341.733333
1669292,IT,ES,FINAN,BIODI,0.15,11820.443,3,3,11820.443,0.0,0.0,0.0,0.0,78802.953333
1668502,IT,ES,HOTEL,MOTOR,0.09,11820.253,3,3,11820.253,0.0,0.0,0.0,0.0,131336.144444
1732353,IT,SI,NAPHT,INERT,0.02,11819.928,3,3,11819.928,0.0,0.0,0.0,0.0,590996.4
1813002,IT,WM,MACHI,GASWO,0.07,11819.762,3,3,11819.762,0.0,0.0,0.0,0.0,168853.742857
1765235,IT,RU,MEATA,LIQUE,0.06,11818.854,4,4,11818.852,0.0,0.0,0.0,0.002,196980.9
1645350,IT,BE,GASDI,REALE,0.02,11818.603,3,3,11818.603,0.0,0.0,0.0,0.0,590930.15
1775775,IT,TR,CRUDE,RESEA,0.02,11818.525,3,3,11818.525,0.0,0.0,0.0,0.0,590926.25
1750726,IT,CN,MOTO1,MEMBE,0.06,11818.345,3,3,11818.345,0.0,0.0,0.0,0.0,196972.416667
1729688,IT,SE,FABRI,PAPE1,0.05,11817.754,3,3,11817.754,0.0,0.0,0.0,0.0,236355.08
1711861,IT,LU,PLAS1,CONST,0.04,11817.546,3,3,11817.546,0.0,0.0,0.0,0.0,295438.65
1744225,IT,US,POSTT,CEMEN,0.19,11816.044,3,3,11816.044,0.0,0.0,0.0,0.0,62189.705263
1752667,IT,CA,WEARI,PRINT,0.09,11814.908,4,4,11814.906,0.0,0.0,0.0,0.002,131276.755556
1807800,IT,WF,FOODW,WEARI,0.09,11813.993,3,3,11813.993,0.0,0.0,0.0,0.0,131266.588889
1759370,IT,BR,FINAN,RAILW,0.15,11813.679,3,3,11813.679,0.0,0.0,0.0,0.0,78757.86
1713439,IT,MT,PLAST,RESEA,0.02,11813.5,3,3,11813.5,0.0,0.0,0.0,0.0,590675.0
1814957,IT,WM,PRIVA,TRAN1,2.64,11813.053,4,4,11813.051,0.0,0.0,0.0,0.002,4474.641288
1664023,IT,EE,HEAVY,ELEC6,0.02,11812.523,3,3,11812.523,0.0,0.0,0.0,0.0,590626.15
1670458,IT,FI,BEVER,PIGS9,0.05,11812.521,3,3,11812.521,0.0,0.0,0.0,0.0,236250.42
1649501,IT,BG,RUBBE,HYDRO,0.04,11811.825,3,3,11811.825,0.0,0.0,0.0,0.0,295295.625
1642298,IT,AT,BASIC,MEATP,0.01,11811.748,3,3,11811.748,0.0,0.0,0.0,0.0,1181174.8
1794404,IT,WL,KEROS,AUXIL,0.02,11811.663,3,3,11811.663,0.0,0.0,0.0,0.0,590583.15
1788813,IT,WA,KEROS,REALE,0.02,11811.497,3,3,11811.497,0.0,0.0,0.0,0.0,590574.85
1676230,IT,FR,CONST,OILHA,0.07,11810.625,3,3,11810.625,0.0,0.0,0.0,0.0,168723.214286
1729510,IT,SE,ALUM1,PUBLI,0.02,11809.776,3,3,11809.776,0.0,0.0,0.0,0.0,590488.8
1777463,IT,TR,BASIC,NICKE,0.01,11809.519,3,3,11809.519,0.0,0.0,0.0,0.0,1180951.9
1657051,IT,DE,NONSP,CHEMI,0.02,11808.425,3,3,11808.425,0.0,0.0,0.0,0.0,590421.25
1664376,IT,EE,FABRI,RECRE,0.05,11807.951,3,3,11807.951,0.0,0.0,0.0,0.0,236159.02
1769533,IT,AU,ALUM1,CERAM,0.02,11807.784,3,3,11807.784,0.0,0.0,0.0,0.0,590389.2
1777543,IT,TR,BASIC,WASTE,0.01,11807.754,3,3,11807.754,0.0,0.0,0.0,0.0,1180775.4
1804832,IT,WF,NAPHT,SUPPO,0.02,11807.524,3,3,11807.524,0.0,0.0,0.0,0.0,590376.2
1727500,IT,RO,AUXIL,DISTR,0.22,11807.362,3,3,11807.362,0.0,0.0,0.0,0.0,53669.827273
1761819,IT,IN,OFFIC,HOTEL,0.04,11807.206,3,3,11807.206,0.0,0.0,0.0,0.0,295180.15
1666467,IT,ES,PLAST,COPPE,0.02,11807.136,3,3,11807.136,0.0,0.0,0.0,0.0,590356.8
1757422,IT,BR,WOODW,93197,0.03,11806.983,3,3,11806.983,0.0,0.0,0.0,0.0,393566.1
1677616,IT,FR,REALE,DIST1,0.5,11806.574,3,3,11806.574,0.0,0.0,0.0,0.0,23613.148
1645531,IT,BE,PLAST,SALEM,0.02,11806.475,3,3,11806.475,0.0,0.0,0.0,0.0,590323.75
1775189,IT,CH,RESEA,NONF1,0.06,11806.196,3,3,11806.196,0.0,0.0,0.0,0.0,196769.933333
1665609,IT,ES,WOODW,VEGE1,0.03,11805.222,3,3,11805.222,0.0,0.0,0.0,0.0,393507.4
1719533,IT,PL,GLASS,COPP1,0.03,11804.822,3,3,11804.822,0.0,0.0,0.0,0.0,393494.066667
1787246,IT,WA,VEGET,LIQUE,0.04,11804.704,3,3,11804.704,0.0,0.0,0.0,0.0,295117.6
1678992,IT,GR,LEATH,PLAST,0.08,11804.456,4,4,11804.454,0.0,0.0,0.0,0.002,147555.7
1679273,IT,GR,GASDI,POSTT,0.02,11803.674,3,3,11803.674,0.0,0.0,0.0,0.0,590183.7
1752293,IT,CA,SANDC,COPP1,0.03,11803.125,4,4,11800.125,0.0,0.0,3.0,0.0,393437.5
1718286,IT,PL,FOOD5,BIODI,0.06,11802.874,3,3,11802.874,0.0,0.0,0.0,0.0,196714.566667
1797945,IT,WL,FOOD4,HOTEL,0.09,11802.523,3,3,11802.523,0.0,0.0,0.0,0.0,131139.144444
1679312,IT,GR,HEAVY,RECRE,0.02,11802.107,3,3,11802.107,0.0,0.0,0.0,0.0,590105.35
1757121,IT,BR,VEGET,FABRI,0.04,11801.55,3,3,11801.55,0.0,0.0,0.0,0.0,295038.75
1648137,IT,BE,RESEA,WOOD2,0.06,11801.403,3,3,11801.403,0.0,0.0,0.0,0.0,196690.05
1754452,IT,CA,BUSIN,WHEAT,0.12,11800.778,3,3,11800.778,0.0,0.0,0.0,0.0,98339.816667
1758265,IT,BR,ALUM1,VEGET,0.02,11800.575,3,3,11800.575,0.0,0.0,0.0,0.0,590028.75
1685783,IT,HU,PLAST,FOUND,0.02,11800.568,3,3,11800.568,0.0,0.0,0.0,0.0,590028.4
1712790,IT,LV,SEACO,PFERT,0.01,11799.857,3,3,11799.857,0.0,0.0,0.0,0.0,1179985.7
1813276,IT,WM,TRANS,ELECT,0.07,11799.016,3,3,11799.016,0.0,0.0,0.0,0.0,168557.371429
1679061,IT,GR,WOODW,SEACO,0.03,11797.869,3,3,11797.869,0.0,0.0,0.0,0.0,393262.3
1721104,IT,PL,HOTEL,INERT,0.09,11796.884,3,3,11796.884,0.0,0.0,0.0,0.0,131076.488889
1787115,IT,ZA,BUSIN,HOTEL,0.12,11796.038,3,3,11796.038,0.0,0.0,0.0,0.0,98300.316667
1811395,IT,WM,PLAST,COKIN,0.02,11795.81,3,3,11795.81,0.0,0.0,0.0,0.0,589790.5
1720020,IT,PL,ALUM1,BITU1,0.02,11795.693,3,3,11795.693,0.0,0.0,0.0,0.0,589784.65
1764089,IT,MX,FABRI,PULP5,0.05,11794.894,3,3,11794.894,0.0,0.0,0.0,0.0,235897.88
1741674,IT,US,HEAVY,ELECT,0.02,11794.638,3,3,11794.638,0.0,0.0,0.0,0.0,589731.9
1746062,IT,JP,PRINT,PAPER,0.11,11794.3,3,3,11794.3,0.0,0.0,0.0,0.0,107220.909091
1811801,IT,WM,ADDIT,AUXIL,0.03,11793.637,3,3,11793.637,0.0,0.0,0.0,0.0,393121.233333
1800732,IT,WE,NONME,BITUM,0.02,11793.336,3,3,11793.336,0.0,0.0,0.0,0.0,589666.8
1674815,IT,FR,CEMEN,SEWAG,0.02,11793.15,3,3,11793.15,0.0,0.0,0.0,0.0,589657.5
1740628,IT,US,CRUDE,WHITE,0.02,11792.703,3,3,11792.703,0.0,0.0,0.0,0.0,589635.15
1673577,IT,FR,WOODW,CHEMI,0.03,11792.357,3,3,11792.357,0.0,0.0,0.0,0.0,393078.566667
1719894,IT,PL,PREC1,FOOD5,0.02,11791.567,3,3,11791.567,0.0,0.0,0.0,0.0,589578.35
1730941,IT,SE,INTER,COMPU,0.07,11791.392,3,3,11791.392,0.0,0.0,0.0,0.0,168448.457143
1746397,IT,JP,RUBBE,ELEC1,0.04,11790.991,3,3,11790.991,0.0,0.0,0.0,0.0,294774.775
1745248,IT,JP,CHEMI,POULT,0.03,11790.91,4,4,11789.91,0.0,0.0,1.0,0.0,393030.333333
1780800,IT,TW,COMPU,DAIRY,0.13,11790.8,3,3,11790.8,0.0,0.0,0.0,0.0,90698.461538
1798180,IT,WE,CEREA,AUXIL,0.02,11790.547,3,3,11790.547,0.0,0.0,0.0,0.0,589527.35
1769642,IT,AU,FABRI,ALUM1,0.05,11790.371,3,3,11790.371,0.0,0.0,0.0,0.0,235807.42
1642955,IT,AT,FURNI,FURNI,0.04,11790.1,3,3,11790.1,0.0,0.0,0.0,0.0,294752.5
1795245,IT,WL,CERAM,WOODW,0.02,11789.866,3,3,11789.866,0.0,0.0,0.0,0.0,589493.3
1799368,IT,WE,PULP5,MEAT1,0.04,11788.517,3,3,11788.517,0.0,0.0,0.0,0.0,294712.925
1734325,IT,SI,BUSIN,RETAI,0.12,11788.202,3,3,11788.202,0.0,0.0,0.0,0.0,98235.016667
1754164,IT,CA,SUPPO,RUBBE,0.08,11787.506,3,3,11787.506,0.0,0.0,0.0,0.0,147343.825
1713676,IT,MT,FABRI,FISHF,0.05,11787.322,3,3,11787.322,0.0,0.0,0.0,0.0,235746.44
1797407,IT,WL,COMPU,COPP1,0.13,11787.275,3,3,11787.275,0.0,0.0,0.0,0.0,90671.346154
1761358,IT,IN,GLASS,HEALT,0.03,11786.871,3,3,11786.871,0.0,0.0,0.0,0.0,392895.7
1683737,IT,HR,MACHI,COPP1,0.07,11786.734,3,3,11786.734,0.0,0.0,0.0,0.0,168381.914286
1730513,IT,SE,FINAN,PUBLI,0.15,11786.614,3,3,11786.614,0.0,0.0,0.0,0.0,78577.426667
1807458,IT,WF,AUXIL,BUSIN,0.22,11786.34,3,3,11786.34,0.0,0.0,0.0,0.0,53574.272727
1767730,IT,RU,FINAN,HOTEL,0.15,11785.322,3,3,11785.322,0.0,0.0,0.0,0.0,78568.813333
1642300,IT,AT,BASIC,VEGE1,0.01,11785.24,3,3,11785.24,0.0,0.0,0.0,0.0,1178524.0
1764831,IT,MX,SEACO,LEAD1,0.01,11784.729,3,3,11784.729,0.0,0.0,0.0,0.0,1178472.9
1754885,IT,KR,FISH5,93197,0.05,11784.554,4,4,11784.548,0.0,0.0,0.0,0.006,235691.08
1797469,IT,WL,RESEA,CONST,0.06,11784.516,3,3,11784.516,0.0,0.0,0.0,0.0,196408.6
1729256,IT,SE,BRICK,CROPS,0.02,11784.173,3,3,11784.173,0.0,0.0,0.0,0.0,589208.65
1786032,IT,ZA,CERAM,ANTHR,0.02,11783.93,3,3,11783.93,0.0,0.0,0.0,0.0,589196.5
1786526,IT,ZA,FURNI,MEATC,0.04,11782.762,3,3,11782.762,0.0,0.0,0.0,0.0,294569.05
1788271,IT,WA,LEATH,WHITE,0.08,11782.163,4,4,11782.161,0.0,0.0,0.0,0.002,147277.0375
1713248,IT,MT,PAPER,MACHI,0.05,11782.156,3,3,11782.156,0.0,0.0,0.0,0.0,235643.12
1690156,IT,IE,COMPU,PAPE4,0.13,11781.743,3,3,11781.743,0.0,0.0,0.0,0.0,90628.792308
1791538,IT,WA,RETA1,PFERT,0.12,11780.535,3,3,11780.535,0.0,0.0,0.0,0.0,98171.125
1672958,IT,FR,DAIRY,INSUR,0.05,11780.369,3,3,11780.369,0.0,0.0,0.0,0.0,235607.38
1670553,IT,FI,TEXTI,CEMEN,0.07,11780.178,4,4,11780.176,0.0,0.0,0.0,0.002,168288.257143
1760146,IT,BR,FOOD3,BUSIN,0.03,11779.723,3,3,11779.723,0.0,0.0,0.0,0.0,392657.433333
1686383,IT,HU,BASIC,SUGA1,0.01,11779.343,3,3,11779.343,0.0,0.0,0.0,0.0,1177934.3
1765640,IT,RU,WOODW,EDUCA,0.03,11779.144,3,3,11779.144,0.0,0.0,0.0,0.0,392638.133333
1784381,IT,ID,GLASS,BEVER,0.03,11779.003,3,3,11779.003,0.0,0.0,0.0,0.0,392633.433333
1786123,IT,ZA,BASIC,LEATH,0.01,11778.922,3,3,11778.922,0.0,0.0,0.0,0.0,1177892.2
1713289,IT,MT,PRINT,COMPU,0.11,11778.704,3,3,11778.704,0.0,0.0,0.0,0.0,107079.127273
1752992,IT,CA,CHEM1,COKEO,0.02,11777.728,3,3,11777.728,0.0,0.0,0.0,0.0,588886.4
1777388,IT,TR,CERAM,MOTO1,0.02,11776.51,3,3,11776.51,0.0,0.0,0.0,0.0,588825.5
1810804,IT,WM,KEROS,LEATH,0.02,11776.443,3,3,11776.443,0.0,0.0,0.0,0.0,588822.15
1746018,IT,JP,PAPER,ELECT,0.05,11776.011,3,3,11776.011,0.0,0.0,0.0,0.0,235520.22
1752644,IT,CA,TEXTI,RAILW,0.07,11775.663,4,4,11775.661,0.0,0.0,0.0,0.002,168223.757143
1776838,IT,TR,BITU1,NONFE,0.02,11775.205,3,3,11775.205,0.0,0.0,0.0,0.0,588760.25
1657524,IT,DE,GLASS,COKIN,0.03,11774.463,3,3,11774.463,0.0,0.0,0.0,0.0,392482.1
1751654,IT,CN,FINAN,REALE,0.15,11773.671,3,3,11773.671,0.0,0.0,0.0,0.0,78491.14
1663606,IT,DK,BUSIN,WOODW,0.12,11773.495,3,3,11773.495,0.0,0.0,0.0,0.0,98112.458333
1648948,IT,BG,WEARI,HOTEL,0.09,11772.56,4,4,11772.558,0.0,0.0,0.0,0.002,130806.222222
1814672,IT,WM,PLAS1,CHEM1,0.04,11772.247,3,3,11772.247,0.0,0.0,0.0,0.0,294306.175
1810594,IT,WM,PRINT,GASDI,0.11,11771.989,3,3,11771.989,0.0,0.0,0.0,0.0,107018.081818
1752036,IT,CN,RESEA,REALE,0.06,11771.934,3,3,11771.934,0.0,0.0,0.0,0.0,196198.9
1720954,IT,PL,WHOLE,PRINT,0.1,11771.275,3,3,11771.275,0.0,0.0,0.0,0.0,117712.75
1733581,IT,SI,RETA1,INSUR,0.12,11771.197,3,3,11771.197,0.0,0.0,0.0,0.0,98093.308333
1665025,IT,ES,CHEMI,SUPPO,0.03,11771.155,4,4,11770.155,0.0,0.0,1.0,0.0,392371.833333
1739975,IT,GB,AUXIL,SUPPO,0.22,11770.653,3,3,11770.653,0.0,0.0,0.0,0.0,53502.968182
1784225,IT,ID,PLAST,BIODI,0.02,11769.956,3,3,11769.956,0.0,0.0,0.0,0.0,588497.8
1646872,IT,BE,WHOLE,MEAT1,0.1,11769.885,3,3,11769.885,0.0,0.0,0.0,0.0,117698.85
1764312,IT,MX,OFFIC,PRINT,0.04,11769.687,3,3,11769.687,0.0,0.0,0.0,0.0,294242.175
1794294,IT,WL,MOTOR,PETRO,0.02,11769.431,3,3,11769.431,0.0,0.0,0.0,0.0,588471.55
1789915,IT,WA,CEMEN,MEATP,0.02,11769.298,3,3,11769.298,0.0,0.0,0.0,0.0,588464.9
1642663,IT,AT,FABRI,RAILW,0.05,11769.141,3,3,11769.141,0.0,0.0,0.0,0.0,235382.82
1718400,IT,PL,BEVER,RAILW,0.05,11768.572,3,3,11768.572,0.0,0.0,0.0,0.0,235371.44
1739617,IT,GB,SEACO,RAILW,0.01,11767.921,3,3,11767.921,0.0,0.0,0.0,0.0,1176792.1
1724256,IT,PT,LANDT,FISH5,0.08,11767.814,3,3,11767.814,0.0,0.0,0.0,0.0,147097.675
1725775,IT,RO,PRINT,TRANS,0.11,11767.371,3,3,11767.371,0.0,0.0,0.0,0.0,106976.1
1735537,IT,SK,ALUM1,PAPER,0.02,11767.166,3,3,11767.166,0.0,0.0,0.0,0.0,588358.3
1661194,IT,DE,93197,RESEA,0.08,11766.999,3,3,11766.999,0.0,0.0,0.0,0.0,147087.4875
1770857,IT,AU,BUSIN,BASIC,0.12,11766.789,3,3,11766.789,0.0,0.0,0.0,0.0,98056.575
1789640,IT,WA,RUBBE,REFI1,0.04,11766.664,3,3,11766.664,0.0,0.0,0.0,0.0,294166.6
1719718,IT,PL,NONME,DIST1,0.02,11766.519,3,3,11766.519,0.0,0.0,0.0,0.0,588325.95
1781288,IT,NO,MEAT4,RETAI,0.06,11766.327,3,3,11766.327,0.0,0.0,0.0,0.0,196105.45
1750755,IT,CN,TRANS,RADIO,0.07,11766.238,3,3,11766.238,0.0,0.0,0.0,0.0,168089.114286
1717991,IT,PL,SANDC,REALE,0.03,11765.716,4,4,11762.716,0.0,0.0,3.0,0.0,392190.533333
1737781,IT,GB,LIQUE,NONME,0.02,11765.628,3,3,11765.628,0.0,0.0,0.0,0.0,588281.4
1641335,IT,AT,KEROS,WEARI,0.02,11764.601,3,3,11764.601,0.0,0.0,0.0,0.0,588230.05
1662190,IT,DK,RUBBE,FOODW,0.04,11764.329,3,3,11764.329,0.0,0.0,0.0,0.0,294108.225
1719144,IT,PL,PLAST,HEAVY,0.02,11764.3,3,3,11764.3,0.0,0.0,0.0,0.0,588215.0
1802279,IT,WE,LANDT,RADIO,0.08,11764.095,3,3,11764.095,0.0,0.0,0.0,0.0,147051.1875
1745846,IT,JP,LEATH,NFERT,0.08,11763.897,4,4,11763.895,0.0,0.0,0.0,0.002,147048.7125
1686339,IT,HU,NONME,TRANS,0.02,11763.859,3,3,11763.859,0.0,0.0,0.0,0.0,588192.95
1721038,IT,PL,HOTEL,PFERT,0.09,11762.66,3,3,11762.66,0.0,0.0,0.0,0.0,130696.222222
1673194,IT,FR,BEVER,AUXIL,0.05,11762.394,3,3,11762.394,0.0,0.0,0.0,0.0,235247.88
1769026,IT,AU,PRINT,POSTT,0.11,11761.518,3,3,11761.518,0.0,0.0,0.0,0.0,106922.890909
1793572,IT,WL,VEGE1,CEREA,0.04,11761.499,4,4,11761.496,0.0,0.0,0.0,0.003,294037.475
1683384,IT,HR,BASIC,SUGA1,0.01,11759.943,3,3,11759.943,0.0,0.0,0.0,0.0,1175994.3
1683565,IT,HR,LEAD1,HOTEL,0.02,11759.659,3,3,11759.659,0.0,0.0,0.0,0.0,587982.95
1800445,IT,WE,BIODI,WEARI,0.02,11759.611,3,3,11759.611,0.0,0.0,0.0,0.0,587980.55
1807846,IT,WF,PAPE1,COPPE,0.08,11759.543,3,3,11759.543,0.0,0.0,0.0,0.0,146994.2875
1804608,IT,WF,HEAVY,BITU1,0.02,11759.247,3,3,11759.247,0.0,0.0,0.0,0.0,587962.35
1672799,IT,FR,MEAT1,MEATC,0.05,11758.521,3,3,11758.521,0.0,0.0,0.0,0.0,235170.42
1728801,IT,SE,NAPHT,CHEM1,0.02,11758.413,3,3,11758.413,0.0,0.0,0.0,0.0,587920.65
1782042,IT,NO,RUBBE,WASTE,0.04,11758.001,3,3,11758.001,0.0,0.0,0.0,0.0,293950.025
1732004,IT,SI,KEROS,WEARI,0.02,11757.513,3,3,11757.513,0.0,0.0,0.0,0.0,587875.65
1796515,IT,WL,RETA1,ALUM1,0.12,11756.944,3,3,11756.944,0.0,0.0,0.0,0.0,97974.533333
1684071,IT,HR,HOTEL,ELEC4,0.09,11756.716,3,3,11756.716,0.0,0.0,0.0,0.0,130630.177778
1649530,IT,BG,RUBBE,NAPHT,0.04,11756.296,3,3,11756.296,0.0,0.0,0.0,0.0,293907.4
1759035,IT,BR,SEACO,NATUR,0.01,11755.865,3,3,11755.865,0.0,0.0,0.0,0.0,1175586.5
1660347,IT,DE,FINAN,PAPER,0.15,11755.083,3,3,11755.083,0.0,0.0,0.0,0.0,78367.22
1689548,IT,IE,SEACO,FOOD4,0.01,11754.807,3,3,11754.807,0.0,0.0,0.0,0.0,1175480.7
1671289,IT,FI,PREC1,CONST,0.02,11754.46,3,3,11754.46,0.0,0.0,0.0,0.0,587723.0
1747908,IT,JP,COMPU,ELEC2,0.13,11754.263,3,3,11754.263,0.0,0.0,0.0,0.0,90417.407692
1762923,IT,MX,CHEMI,SALEM,0.03,11753.91,4,4,11752.91,0.0,0.0,1.0,0.0,391797.0
1656433,IT,DE,PULP5,WOODW,0.04,11753.856,3,3,11753.856,0.0,0.0,0.0,0.0,293846.4
1652903,IT,CZ,KEROS,SALEM,0.02,11753.762,3,3,11753.762,0.0,0.0,0.0,0.0,587688.1
1735922,IT,SK,MOTO1,CEREA,0.06,11753.753,3,3,11753.753,0.0,0.0,0.0,0.0,195895.883333
1662222,IT,DK,GLASS,BASIC,0.03,11753.71,3,3,11753.71,0.0,0.0,0.0,0.0,391790.333333
1739972,IT,GB,AUXIL,RETA1,0.21,11753.639,3,3,11753.639,0.0,0.0,0.0,0.0,55969.709524
1784215,IT,ID,PLAST,COKIN,0.02,11753.447,3,3,11753.447,0.0,0.0,0.0,0.0,587672.35
1718151,IT,PL,VEGE1,RESEA,0.04,11752.44,4,4,11752.437,0.0,0.0,0.0,0.003,293811.0
1725303,IT,RO,BEVER,MACHI,0.05,11752.244,3,3,11752.244,0.0,0.0,0.0,0.0,235044.88
1774858,IT,CH,FINAN,DIST1,0.15,11750.73,3,3,11750.73,0.0,0.0,0.0,0.0,78338.2
1689345,IT,IE,RETA1,ALUM1,0.12,11750.029,3,3,11750.029,0.0,0.0,0.0,0.0,97916.908333
1761639,IT,IN,FABRI,KERO1,0.05,11749.554,3,3,11749.554,0.0,0.0,0.0,0.0,234991.08
1789137,IT,WA,NONSP,FOOD3,0.02,11748.811,3,3,11748.811,0.0,0.0,0.0,0.0,587440.55
1781434,IT,NO,FOOD5,REALE,0.06,11748.796,3,3,11748.796,0.0,0.0,0.0,0.0,195813.266667
1781809,IT,NO,BITU1,KEROS,0.02,11748.745,3,3,11748.745,0.0,0.0,0.0,0.0,587437.25
1658194,IT,DE,LEAD1,WOODW,0.02,11748.303,3,3,11748.303,0.0,0.0,0.0,0.0,587415.15
1746918,IT,JP,MOTO1,LIQUE,0.06,11748.221,3,3,11748.221,0.0,0.0,0.0,0.0,195803.683333
1681320,IT,GR,INSUR,PLAST,0.24,11748.073,3,3,11748.073,0.0,0.0,0.0,0.0,48950.304167
1790642,IT,WA,FABRI,KERO1,0.05,11748.014,3,3,11748.014,0.0,0.0,0.0,0.0,234960.28
1737353,IT,GB,BEVER,INSUR,0.05,11747.745,3,3,11747.745,0.0,0.0,0.0,0.0,234954.9
1723134,IT,PT,CHEM1,WOOD1,0.02,11747.672,3,3,11747.672,0.0,0.0,0.0,0.0,587383.6
1750779,IT,CN,TRANS,HEALT,0.07,11747.607,3,3,11747.607,0.0,0.0,0.0,0.0,167822.957143
1650128,IT,BG,OFFIC,RESEA,0.04,11746.738,3,3,11746.738,0.0,0.0,0.0,0.0,293668.45
1709759,IT,LT,RUBBE,SUGAR,0.04,11746.647,3,3,11746.647,0.0,0.0,0.0,0.0,293666.175
1798934,IT,WE,FISH5,CHEM1,0.05,11746.507,4,4,11746.501,0.0,0.0,0.0,0.006,234930.14
1644618,IT,BE,FOOD5,FABRI,0.06,11746.119,3,3,11746.119,0.0,0.0,0.0,0.0,195768.65
1674487,IT,FR,BIODI,INSUR,0.02,11746.038,3,3,11746.038,0.0,0.0,0.0,0.0,587301.9
1748593,IT,CN,VEGE1,ELEC4,0.04,11745.458,4,4,11745.455,0.0,0.0,0.0,0.003,293636.45
1813117,IT,WM,MOTO1,VEGE1,0.06,11745.381,3,3,11745.381,0.0,0.0,0.0,0.0,195756.35
1687260,IT,HU,WHOLE,BRICK,0.1,11744.356,3,3,11744.356,0.0,0.0,0.0,0.0,117443.56
1741644,IT,US,HEAVY,AVIAT,0.02,11743.274,3,3,11743.274,0.0,0.0,0.0,0.0,587163.7
1781198,IT,NO,VEGET,CEMEN,0.04,11742.936,3,3,11742.936,0.0,0.0,0.0,0.0,293573.4
1676306,IT,FR,RETAI,POULT,0.09,11742.812,3,3,11742.812,0.0,0.0,0.0,0.0,130475.688889
1783740,IT,NO,FOOD4,PAPE4,0.08,11742.159,3,3,11742.159,0.0,0.0,0.0,0.0,146776.9875
1732483,IT,SI,CHEM1,LANDT,0.02,11741.86,3,3,11741.86,0.0,0.0,0.0,0.0,587093.0
1767375,IT,RU,LANDT,FORES,0.08,11741.283,3,3,11741.283,0.0,0.0,0.0,0.0,146766.0375
1791623,IT,WA,HOTEL,SUGA1,0.09,11741.079,3,3,11741.079,0.0,0.0,0.0,0.0,130456.433333
1718833,IT,PL,PAPER,STEAM,0.05,11741.029,3,3,11741.029,0.0,0.0,0.0,0.0,234820.58
1673685,IT,FR,PAPER,FORES,0.05,11740.992,3,3,11740.992,0.0,0.0,0.0,0.0,234819.84
1715469,IT,NL,KEROS,BITU1,0.02,11740.871,3,3,11740.871,0.0,0.0,0.0,0.0,587043.55
1674809,IT,FR,CEMEN,RESEA,0.02,11740.549,3,3,11740.549,0.0,0.0,0.0,0.0,587027.45
1712507,IT,LV,FABRI,RUBBE,0.05,11740.248,3,3,11740.248,0.0,0.0,0.0,0.0,234804.96
1716881,IT,NL,HOTEL,TRAN1,0.09,11740.183,3,3,11740.183,0.0,0.0,0.0,0.0,130446.477778
1662925,IT,DK,RETA1,GLASS,0.12,11740.074,3,3,11740.074,0.0,0.0,0.0,0.0,97833.95
1666489,IT,ES,PLAST,CERAM,0.02,11739.575,3,3,11739.575,0.0,0.0,0.0,0.0,586978.75
1743017,IT,US,OFFIC,MEDIC,0.04,11739.281,3,3,11739.281,0.0,0.0,0.0,0.0,293482.025
1723551,IT,PT,FABRI,POULT,0.05,11738.515,3,3,11738.515,0.0,0.0,0.0,0.0,234770.3
1675698,IT,FR,TRANS,TEXT1,0.07,11738.341,3,3,11738.341,0.0,0.0,0.0,0.0,167690.585714
1724216,IT,PT,HOTEL,EDUCA,0.09,11738.149,3,3,11738.149,0.0,0.0,0.0,0.0,130423.877778
1713139,IT,MT,BEVER,REALE,0.05,11737.719,3,3,11737.719,0.0,0.0,0.0,0.0,234754.38
1754028,IT,CA,SEACO,GLASS,0.01,11737.351,3,3,11737.351,0.0,0.0,0.0,0.0,1173735.1
1784426,IT,ID,NONME,RAILW,0.02,11737.274,3,3,11737.274,0.0,0.0,0.0,0.0,586863.7
1666408,IT,ES,LUBRI,KEROS,0.01,11737.171,3,3,11737.171,0.0,0.0,0.0,0.0,1173717.1
1782931,IT,NO,AIRTR,PRINT,0.01,11737.136,3,3,11737.136,0.0,0.0,0.0,0.0,1173713.6
1662318,IT,DK,BASIC,WHEAT,0.01,11736.847,3,3,11736.847,0.0,0.0,0.0,0.0,1173684.7
1668524,IT,ES,HOTEL,CERAM,0.09,11736.773,3,3,11736.773,0.0,0.0,0.0,0.0,130408.588889
1790865,IT,WA,MACHI,PAPE1,0.07,11736.358,3,3,11736.358,0.0,0.0,0.0,0.0,167662.257143
1808213,IT,WF,FOOD1,CATTL,0.06,11736.355,4,4,11736.353,0.0,0.0,0.0,0.002,195605.916667
1730923,IT,SE,INTER,FABRI,0.07,11736.222,3,3,11736.222,0.0,0.0,0.0,0.0,167660.314286
1789231,IT,WA,PLAST,ELEC6,0.02,11736.069,3,3,11736.069,0.0,0.0,0.0,0.0,586803.45
1668853,IT,ES,SEACO,CHEMI,0.01,11736.039,3,3,11736.039,0.0,0.0,0.0,0.0,1173603.9
1733057,IT,SI,COPP1,ELEC4,0.03,11735.137,3,3,11735.137,0.0,0.0,0.0,0.0,391171.233333
1677729,IT,FR,RENTI,BUSIN,0.07,11734.877,3,3,11734.877,0.0,0.0,0.0,0.0,167641.1
1650099,IT,BG,OFFIC,GASDI,0.04,11734.636,3,3,11734.636,0.0,0.0,0.0,0.0,293365.9
1769603,IT,AU,FABRI,FISHF,0.05,11734.407,3,3,11734.407,0.0,0.0,0.0,0.0,234688.14
1732700,IT,SI,CERAM,COMPU,0.02,11734.112,3,3,11734.112,0.0,0.0,0.0,0.0,586705.6
1662545,IT,DK,FABRI,NATUR,0.05,11733.914,3,3,11733.914,0.0,0.0,0.0,0.0,234678.28
1809704,IT,WM,PROCE,FINAN,0.08,11733.905,3,3,11733.905,0.0,0.0,0.0,0.0,146673.8125
1713343,IT,MT,GASDI,FABRI,0.02,11733.82,3,3,11733.82,0.0,0.0,0.0,0.0,586691.0
1743757,IT,US,LANDT,ETHAN,0.08,11733.695,3,3,11733.695,0.0,0.0,0.0,0.0,146671.1875
1754974,IT,KR,TEXTI,LANDT,0.07,11733.467,4,4,11733.465,0.0,0.0,0.0,0.002,167620.957143
1676280,IT,FR,SALEM,FOODW,0.09,11733.323,3,3,11733.323,0.0,0.0,0.0,0.0,130370.255556
1674814,IT,FR,CEMEN,OILHA,0.02,11732.93,3,3,11732.93,0.0,0.0,0.0,0.0,586646.5
1671415,IT,FI,FABRI,CERAM,0.05,11732.507,3,3,11732.507,0.0,0.0,0.0,0.0,234650.14
1786234,IT,ZA,COPP1,MEDIC,0.03,11732.442,3,3,11732.442,0.0,0.0,0.0,0.0,391081.4
1797883,IT,WL,WASTE,CATTL,0.04,11732.155,3,3,11732.155,0.0,0.0,0.0,0.0,293303.875
1684935,IT,HU,MEATC,SANDC,0.04,11731.564,3,3,11731.564,0.0,0.0,0.0,0.0,293289.1
1767159,IT,RU,WHOLE,MEAT4,0.1,11731.475,3,3,11731.475,0.0,0.0,0.0,0.0,117314.75
1781308,IT,NO,VEGE1,WEARI,0.04,11731.162,4,4,11731.159,0.0,0.0,0.0,0.003,293279.05
1747147,IT,JP,CONST,HEAVY,0.07,11730.536,3,3,11730.536,0.0,0.0,0.0,0.0,167579.085714
1735124,IT,SK,CHEM1,SEWAG,0.02,11730.069,3,3,11730.069,0.0,0.0,0.0,0.0,586503.45
1721556,IT,PL,SUPPO,POSTT,0.08,11729.875,3,3,11729.875,0.0,0.0,0.0,0.0,146623.4375
1763898,IT,MX,BASIC,SUBBI,0.01,11729.553,3,3,11729.553,0.0,0.0,0.0,0.0,1172955.3
1656651,IT,DE,PRINT,TEXT1,0.11,11729.413,3,3,11729.413,0.0,0.0,0.0,0.0,106631.027273
1791424,IT,WA,WHOLE,TEXTI,0.1,11728.88,3,3,11728.88,0.0,0.0,0.0,0.0,117288.8
1649240,IT,BG,GASDI,WEARI,0.02,11728.038,3,3,11728.038,0.0,0.0,0.0,0.0,586401.9
1789680,IT,WA,RUBBE,CONST,0.04,11727.932,3,3,11727.932,0.0,0.0,0.0,0.0,293198.3
1655334,IT,DE,VEGET,DIST1,0.04,11727.81,3,3,11727.81,0.0,0.0,0.0,0.0,293195.25
1776232,IT,TR,WOODW,RENTI,0.03,11727.709,3,3,11727.709,0.0,0.0,0.0,0.0,390923.633333
1650027,IT,BG,MACHI,PRINT,0.07,11727.178,3,3,11727.178,0.0,0.0,0.0,0.0,167531.114286
1688593,IT,IE,PRINT,RESEA,0.11,11727.041,3,3,11727.041,0.0,0.0,0.0,0.0,106609.463636
1789087,IT,WA,BITU1,PLAST,0.02,11726.144,3,3,11726.144,0.0,0.0,0.0,0.0,586307.2
1647838,IT,BE,AUXIL,HOTEL,0.21,11725.244,3,3,11725.244,0.0,0.0,0.0,0.0,55834.495238
1642279,IT,AT,NONME,RAILW,0.02,11724.712,3,3,11724.712,0.0,0.0,0.0,0.0,586235.6
1738705,IT,GB,MACHI,ELEC7,0.07,11724.494,3,3,11724.494,0.0,0.0,0.0,0.0,167492.771429
1781208,IT,NO,VEGET,RETAI,0.04,11724.435,3,3,11724.435,0.0,0.0,0.0,0.0,293110.875
1731145,IT,SI,NATUR,REALE,0.02,11724.186,3,3,11724.186,0.0,0.0,0.0,0.0,586209.3
1718045,IT,PL,MEATC,BEVER,0.04,11724.095,3,3,11724.095,0.0,0.0,0.0,0.0,293102.375
1772759,IT,CH,NONME,RAWMI,0.02,11723.18,3,3,11723.18,0.0,0.0,0.0,0.0,586159.0
1794173,IT,WL,PRINT,PULP5,0.11,11722.867,3,3,11722.867,0.0,0.0,0.0,0.0,106571.518182
1772924,IT,CH,PREC1,SANDC,0.02,11722.666,3,3,11722.666,0.0,0.0,0.0,0.0,586133.3
1733513,IT,SI,WHOLE,ELEC4,0.1,11722.575,3,3,11722.575,0.0,0.0,0.0,0.0,117225.75
1657049,IT,DE,NONSP,STONE,0.02,11722.537,3,3,11722.537,0.0,0.0,0.0,0.0,586126.85
1784159,IT,ID,PAPER,CHEM1,0.05,11722.401,3,3,11722.401,0.0,0.0,0.0,0.0,234448.02
1649917,IT,BG,FABRI,PRINT,0.05,11721.907,3,3,11721.907,0.0,0.0,0.0,0.0,234438.14
1753996,IT,CA,LANDT,SUPPO,0.08,11721.814,3,3,11721.814,0.0,0.0,0.0,0.0,146522.675
1738538,IT,GB,FABRI,POULT,0.05,11720.859,3,3,11720.859,0.0,0.0,0.0,0.0,234417.18
1757603,IT,BR,GASDI,COPP1,0.02,11720.431,3,3,11720.431,0.0,0.0,0.0,0.0,586021.55
1769877,IT,AU,OFFIC,RECRE,0.04,11720.01,3,3,11720.01,0.0,0.0,0.0,0.0,293000.25
1650244,IT,BG,FURNI,BUSIN,0.04,11719.864,3,3,11719.864,0.0,0.0,0.0,0.0,292996.6
1787658,IT,WA,MEAT4,RESEA,0.06,11718.47,3,3,11718.47,0.0,0.0,0.0,0.0,195307.833333
1711260,IT,LU,OFFIC,EDUCA,0.04,11717.727,3,3,11717.727,0.0,0.0,0.0,0.0,292943.175
1719548,IT,PL,GLASS,COLLE,0.03,11717.445,3,3,11717.445,0.0,0.0,0.0,0.0,390581.5
1761389,IT,IN,NONME,PFERT,0.02,11717.408,3,3,11717.408,0.0,0.0,0.0,0.0,585870.4
1721159,IT,PL,RAILW,CONST,0.08,11717.175,3,3,11717.175,0.0,0.0,0.0,0.0,146464.6875
1733614,IT,SI,HOTEL,PULP5,0.08,11716.874,3,3,11716.874,0.0,0.0,0.0,0.0,146460.925
1679720,IT,GR,NONME,ELEC4,0.02,11716.254,3,3,11716.254,0.0,0.0,0.0,0.0,585812.7
1793569,IT,WL,MEAT4,BUSIN,0.06,11716.051,3,3,11716.051,0.0,0.0,0.0,0.0,195267.516667
1717938,IT,PL,STONE,FOUND,0.04,11714.986,4,4,11713.986,0.0,0.0,1.0,0.0,292874.65
1745456,IT,JP,SUGA1,RAWMI,0.03,11714.494,4,4,11714.492,0.0,0.0,0.0,0.002,390483.133333
1769106,IT,AU,PLAST,MEMBE,0.02,11714.202,3,3,11714.202,0.0,0.0,0.0,0.0,585710.1
1758561,IT,BR,OFFIC,BASIC,0.04,11714.162,3,3,11714.162,0.0,0.0,0.0,0.0,292854.05
1734945,IT,SK,GASDI,WHEAT,0.02,11713.543,3,3,11713.543,0.0,0.0,0.0,0.0,585677.15
1806680,IT,WF,WHOLE,NATU1,0.1,11713.491,3,3,11713.491,0.0,0.0,0.0,0.0,117134.91
1802268,IT,WE,LANDT,CHEM1,0.08,11713.173,3,3,11713.173,0.0,0.0,0.0,0.0,146414.6625
1752853,IT,CA,PRINT,FINAN,0.11,11712.21,3,3,11712.21,0.0,0.0,0.0,0.0,106474.636364
1683104,IT,HR,RUBBE,ELECT,0.04,11711.773,3,3,11711.773,0.0,0.0,0.0,0.0,292794.325
1716101,IT,NL,BASIC,RETA1,0.01,11711.414,3,3,11711.414,0.0,0.0,0.0,0.0,1171141.4
1755303,IT,KR,PAPER,INLAN,0.05,11710.682,3,3,11710.682,0.0,0.0,0.0,0.0,234213.64
1745444,IT,JP,DAIRY,FINAN,0.05,11710.142,3,3,11710.142,0.0,0.0,0.0,0.0,234202.84
1745387,IT,JP,VEGE1,RAILW,0.04,11709.635,4,4,11709.632,0.0,0.0,0.0,0.003,292740.875
1752066,IT,CN,BUSIN,MEATC,0.12,11709.602,3,3,11709.602,0.0,0.0,0.0,0.0,97580.016667
1676613,IT,FR,HOTEL,RETAI,0.08,11708.969,3,3,11708.969,0.0,0.0,0.0,0.0,146362.1125
1674262,IT,FR,BITU1,ELEC3,0.02,11708.401,3,3,11708.401,0.0,0.0,0.0,0.0,585420.05
1787873,IT,WA,BEVER,CROPS,0.05,11707.626,3,3,11707.626,0.0,0.0,0.0,0.0,234152.52
1794561,IT,WL,HEAVY,KERO1,0.02,11706.719,3,3,11706.719,0.0,0.0,0.0,0.0,585335.95
1661762,IT,DK,LEATH,MOTO1,0.08,11706.521,4,4,11706.519,0.0,0.0,0.0,0.002,146331.5125
1752761,IT,CA,WOODW,PFERT,0.03,11706.305,3,3,11706.305,0.0,0.0,0.0,0.0,390210.166667
1725828,IT,RO,MOTOR,BUSIN,0.02,11705.64,3,3,11705.64,0.0,0.0,0.0,0.0,585282.0
1775499,IT,CH,OILHA,CONST,0.07,11705.135,3,3,11705.135,0.0,0.0,0.0,0.0,167216.214286
1814319,IT,WM,FINAN,KEROS,0.15,11704.855,3,3,11704.855,0.0,0.0,0.0,0.0,78032.366667
1803990,IT,WF,LEATH,MOTO1,0.08,11704.201,4,4,11704.199,0.0,0.0,0.0,0.002,146302.5125
1714956,IT,NL,FISH5,SUGA1,0.05,11704.022,4,4,11704.016,0.0,0.0,0.0,0.006,234080.44
1797725,IT,WL,PLAS1,HEALT,0.04,11703.828,3,3,11703.828,0.0,0.0,0.0,0.0,292595.7
1770141,IT,AU,RETA1,BITUM,0.12,11703.815,3,3,11703.815,0.0,0.0,0.0,0.0,97531.791667
1655995,IT,DE,FOOD5,MACHI,0.06,11703.644,3,3,11703.644,0.0,0.0,0.0,0.0,195060.733333
1668818,IT,ES,TRAN2,COPPE,0.02,11703.528,3,3,11703.528,0.0,0.0,0.0,0.0,585176.4
1784456,IT,ID,ALUM1,PAPER,0.02,11703.483,3,3,11703.483,0.0,0.0,0.0,0.0,585174.15
1738876,IT,GB,TRANS,RENTI,0.07,11702.59,3,3,11702.59,0.0,0.0,0.0,0.0,167179.857143
1765241,IT,RU,SANDC,WOODW,0.03,11702.532,4,4,11699.532,0.0,0.0,3.0,0.0,390084.4
1732137,IT,SI,GASDI,CHEM1,0.02,11702.285,3,3,11702.285,0.0,0.0,0.0,0.0,585114.25
1668840,IT,ES,TRAN2,RETA1,0.02,11702.142,3,3,11702.142,0.0,0.0,0.0,0.0,585107.1
1781852,IT,NO,PLAST,REALE,0.02,11701.9,3,3,11701.9,0.0,0.0,0.0,0.0,585095.0
1798534,IT,WE,STONE,EDUCA,0.04,11701.787,4,4,11700.787,0.0,0.0,1.0,0.0,292544.675
1759553,IT,BR,COMPU,PAPER,0.13,11701.691,3,3,11701.691,0.0,0.0,0.0,0.0,90013.007692
1732809,IT,SI,BASIC,SUGA1,0.01,11701.653,3,3,11701.653,0.0,0.0,0.0,0.0,1170165.3
1647198,IT,BE,LANDT,FORES,0.08,11701.622,3,3,11701.622,0.0,0.0,0.0,0.0,146270.275
1690421,IT,IE,FOOD4,CONST,0.08,11701.408,3,3,11701.408,0.0,0.0,0.0,0.0,146267.6
1645454,IT,BE,NAPHT,GASDI,0.02,11699.678,3,3,11699.678,0.0,0.0,0.0,0.0,584983.9
1781983,IT,NO,RUBBE,TEXTI,0.04,11699.359,3,3,11699.359,0.0,0.0,0.0,0.0,292483.975
1683146,IT,HR,RUBBE,93197,0.04,11699.322,3,3,11699.322,0.0,0.0,0.0,0.0,292483.05
1685708,IT,HU,NAPHT,RESEA,0.02,11699.233,3,3,11699.233,0.0,0.0,0.0,0.0,584961.65
1671740,IT,FI,SALEM,RESEA,0.09,11698.763,3,3,11698.763,0.0,0.0,0.0,0.0,129986.255556
1751860,IT,CN,RENTI,PUBLI,0.07,11698.762,3,3,11698.762,0.0,0.0,0.0,0.0,167125.171429
1676247,IT,FR,SALEM,CATTL,0.09,11698.626,3,3,11698.626,0.0,0.0,0.0,0.0,129984.733333
1787037,IT,ZA,INSUR,BUSIN,0.24,11698.364,3,3,11698.364,0.0,0.0,0.0,0.0,48743.183333
1688543,IT,IE,PAPER,INSUR,0.05,11698.118,3,3,11698.118,0.0,0.0,0.0,0.0,233962.36
1652017,IT,CZ,VEGET,NONME,0.04,11697.752,3,3,11697.752,0.0,0.0,0.0,0.0,292443.8
1757353,IT,BR,TEXTI,PUBLI,0.07,11697.158,4,4,11697.156,0.0,0.0,0.0,0.002,167102.257143
1741424,IT,US,MOTOR,FOOD5,0.02,11697.014,3,3,11697.014,0.0,0.0,0.0,0.0,584850.7
1722797,IT,PT,PAPER,MEDIC,0.05,11695.802,3,3,11695.802,0.0,0.0,0.0,0.0,233916.04
1720544,IT,PL,OFFIC,GLASS,0.04,11695.618,3,3,11695.618,0.0,0.0,0.0,0.0,292390.45
1662438,IT,DK,ALUM1,NATUR,0.02,11695.445,3,3,11695.445,0.0,0.0,0.0,0.0,584772.25
1757559,IT,BR,KEROS,WHOLE,0.02,11695.14,3,3,11695.14,0.0,0.0,0.0,0.0,584757.0
1659176,IT,DE,CONST,MACHI,0.07,11695.033,3,3,11695.033,0.0,0.0,0.0,0.0,167071.9
1801994,IT,WE,WHOLE,MEATP,0.1,11694.909,3,3,11694.909,0.0,0.0,0.0,0.0,116949.09
1766099,IT,RU,RUBBE,WEARI,0.04,11694.417,3,3,11694.417,0.0,0.0,0.0,0.0,292360.425
1723287,IT,PT,GLASS,PUBLI,0.03,11693.504,3,3,11693.504,0.0,0.0,0.0,0.0,389783.466667
1690006,IT,IE,REALE,LANDT,0.49,11693.317,3,3,11693.317,0.0,0.0,0.0,0.0,23863.912245
1780423,IT,TW,SUPPO,CHEM1,0.08,11692.985,3,3,11692.985,0.0,0.0,0.0,0.0,146162.3125
1734335,IT,SI,BUSIN,POSTT,0.12,11692.965,3,3,11692.965,0.0,0.0,0.0,0.0,97441.375
1724387,IT,PT,INLAN,TEXTI,0.02,11692.945,3,3,11692.945,0.0,0.0,0.0,0.0,584647.25
1712000,IT,LV,SUGAR,WHOLE,0.02,11692.749,3,3,11692.749,0.0,0.0,0.0,0.0,584637.45
1678603,IT,GR,FISHF,WOODW,0.02,11692.698,3,3,11692.698,0.0,0.0,0.0,0.0,584634.9
1761105,IT,IN,CHEM1,MEAT1,0.02,11692.623,3,3,11692.623,0.0,0.0,0.0,0.0,584631.15
1678658,IT,GR,MEAT1,SUPPO,0.05,11692.617,3,3,11692.617,0.0,0.0,0.0,0.0,233852.34
1667308,IT,ES,ALUM1,ELEC6,0.02,11692.409,3,3,11692.409,0.0,0.0,0.0,0.0,584620.45
1753662,IT,CA,MOTO1,HYDRO,0.06,11692.164,3,3,11692.164,0.0,0.0,0.0,0.0,194869.4
1711286,IT,LU,SALEM,AIRTR,0.09,11691.726,3,3,11691.726,0.0,0.0,0.0,0.0,129908.066667
1717934,IT,PL,STONE,PLAST,0.04,11691.631,4,4,11690.631,0.0,0.0,1.0,0.0,292290.775
1662085,IT,DK,CHEM1,DIST1,0.02,11691.462,3,3,11691.462,0.0,0.0,0.0,0.0,584573.1
1686376,IT,HU,BASIC,NATU1,0.01,11691.237,3,3,11691.237,0.0,0.0,0.0,0.0,1169123.7
1649715,IT,BG,NONME,RENTI,0.02,11691.044,3,3,11691.044,0.0,0.0,0.0,0.0,584552.2
1725577,IT,RO,WOODW,LEATH,0.03,11690.17,3,3,11690.17,0.0,0.0,0.0,0.0,389672.333333
1682023,IT,HR,BEVER,RADIO,0.05,11690.113,3,3,11690.113,0.0,0.0,0.0,0.0,233802.26
1803563,IT,WF,DAIRY,PREC1,0.05,11689.883,3,3,11689.883,0.0,0.0,0.0,0.0,233797.66
1801989,IT,WE,WHOLE,BITUM,0.1,11689.592,3,3,11689.592,0.0,0.0,0.0,0.0,116895.92
1673619,IT,FR,WOODW,COLLE,0.03,11689.494,3,3,11689.494,0.0,0.0,0.0,0.0,389649.8
1803632,IT,WF,FOOD5,CHARC,0.06,11689.269,3,3,11689.269,0.0,0.0,0.0,0.0,194821.15
1814854,IT,WM,MEMBE,EDUCA,0.14,11689.227,3,3,11689.227,0.0,0.0,0.0,0.0,83494.478571
1777473,IT,TR,BASIC,BEVER,0.01,11689.141,3,3,11689.141,0.0,0.0,0.0,0.0,1168914.1
1763418,IT,MX,HEAVY,PAPER,0.02,11689.059,3,3,11689.059,0.0,0.0,0.0,0.0,584452.95
1751838,IT,CN,RENTI,CERAM,0.07,11689.029,3,3,11689.029,0.0,0.0,0.0,0.0,166986.128571
1643729,IT,AT,SUPPO,ELEC4,0.08,11689.004,3,3,11689.004,0.0,0.0,0.0,0.0,146112.55
1647204,IT,BE,LANDT,MEAT1,0.08,11688.653,3,3,11688.653,0.0,0.0,0.0,0.0,146108.1625
1755602,IT,KR,CHEM1,TEXT1,0.02,11688.505,3,3,11688.505,0.0,0.0,0.0,0.0,584425.25
1747917,IT,JP,COMPU,RETA1,0.13,11688.235,3,3,11688.235,0.0,0.0,0.0,0.0,89909.5
1775190,IT,CH,RESEA,FOUND,0.06,11687.494,3,3,11687.494,0.0,0.0,0.0,0.0,194791.566667
1640184,IT,AT,VEGET,93197,0.04,11686.579,3,3,11686.579,0.0,0.0,0.0,0.0,292164.475
1788238,IT,WA,LEATH,CHEMI,0.08,11686.513,4,4,11686.511,0.0,0.0,0.0,0.002,146081.4125
1646655,IT,BE,FURNI,LEATH,0.04,11685.548,3,3,11685.548,0.0,0.0,0.0,0.0,292138.7
1728738,IT,SE,KEROS,SUPPO,0.02,11685.402,3,3,11685.402,0.0,0.0,0.0,0.0,584270.1
1667000,IT,ES,CEMEN,NONME,0.02,11685.401,3,3,11685.401,0.0,0.0,0.0,0.0,584270.05
1813798,IT,WM,RAILW,KEROS,0.08,11685.033,3,3,11685.033,0.0,0.0,0.0,0.0,146062.9125
1644958,IT,BE,WOODW,NONME,0.03,11684.926,3,3,11684.926,0.0,0.0,0.0,0.0,389497.533333
1730367,IT,SE,SUPPO,RESEA,0.08,11684.829,3,3,11684.829,0.0,0.0,0.0,0.0,146060.3625
1759856,IT,BR,FOODW,SUPPO,0.09,11684.7,3,3,11684.7,0.0,0.0,0.0,0.0,129830.0
1802031,IT,WE,WHOLE,RADIO,0.1,11684.564,3,3,11684.564,0.0,0.0,0.0,0.0,116845.64
1799060,IT,WE,TEXTI,LANDT,0.07,11684.515,4,4,11684.513,0.0,0.0,0.0,0.002,166921.642857
1777893,IT,TR,MACHI,IRONO,0.07,11684.338,3,3,11684.338,0.0,0.0,0.0,0.0,166919.114286
1685722,IT,HU,PARAF,RESEA,0.02,11684.328,3,3,11684.328,0.0,0.0,0.0,0.0,584216.4
1688551,IT,IE,PAPER,EDUCA,0.05,11683.88,3,3,11683.88,0.0,0.0,0.0,0.0,233677.6
1796564,IT,WL,HOTEL,CEREA,0.08,11683.394,3,3,11683.394,0.0,0.0,0.0,0.0,146042.425
1767051,IT,RU,FURNI,MEATP,0.04,11683.222,3,3,11683.222,0.0,0.0,0.0,0.0,292080.55
1788443,IT,WA,PULP5,TOBAC,0.04,11683.006,3,3,11683.006,0.0,0.0,0.0,0.0,292075.15
1783087,IT,NO,INSUR,LANDT,0.24,11682.288,3,3,11682.288,0.0,0.0,0.0,0.0,48676.2
1779097,IT,TR,SUPPO,MACHI,0.08,11681.449,3,3,11681.449,0.0,0.0,0.0,0.0,146018.1125
1745994,IT,JP,PAPER,PROCE,0.05,11681.004,3,3,11681.004,0.0,0.0,0.0,0.0,233620.08
1679012,IT,GR,WOODW,MEATC,0.03,11680.754,3,3,11680.754,0.0,0.0,0.0,0.0,389358.466667
1710590,IT,LT,PUBLI,OFFIC,0.19,11680.343,3,3,11680.343,0.0,0.0,0.0,0.0,61475.489474
1771808,IT,CH,WOODW,SANDC,0.03,11679.946,3,3,11679.946,0.0,0.0,0.0,0.0,389331.533333
1760505,IT,IN,WEARI,BITUM,0.09,11679.94,4,4,11679.938,0.0,0.0,0.0,0.002,129777.111111
1762960,IT,MX,VEGE1,EDUCA,0.04,11679.413,4,4,11679.41,0.0,0.0,0.0,0.003,291985.325
1714260,IT,MT,COMPU,COMPU,0.13,11679.322,3,3,11679.322,0.0,0.0,0.0,0.0,89840.938462
1672787,IT,FR,MEATP,RETA1,0.05,11678.292,3,3,11678.292,0.0,0.0,0.0,0.0,233565.84
1649261,IT,BG,HEAVY,LEAD1,0.02,11677.599,3,3,11677.599,0.0,0.0,0.0,0.0,583879.95
1763407,IT,MX,MOTOR,KEROS,0.02,11676.956,3,3,11676.956,0.0,0.0,0.0,0.0,583847.8
1762508,IT,IN,INSUR,PFERT,0.24,11673.756,3,3,11673.756,0.0,0.0,0.0,0.0,48640.65
1756474,IT,KR,CONST,RENTI,0.07,11673.751,3,3,11673.751,0.0,0.0,0.0,0.0,166767.871429
1643075,IT,AT,WHOLE,MEATC,0.1,11672.723,3,3,11672.723,0.0,0.0,0.0,0.0,116727.23
1710700,IT,LU,FOOD5,POULT,0.06,11671.327,3,3,11671.327,0.0,0.0,0.0,0.0,194522.116667
1760649,IT,IN,PULP5,RENTI,0.04,11669.889,3,3,11669.889,0.0,0.0,0.0,0.0,291747.225
1741954,IT,US,CHEM1,TRAN2,0.02,11669.816,3,3,11669.816,0.0,0.0,0.0,0.0,583490.8
1649206,IT,BG,MOTOR,OILSE,0.02,11669.781,3,3,11669.781,0.0,0.0,0.0,0.0,583489.05
1640149,IT,AT,CEREA,COMPU,0.02,11669.174,3,3,11669.174,0.0,0.0,0.0,0.0,583458.7
1734701,IT,SK,LEATH,MOTOR,0.08,11668.907,4,4,11668.905,0.0,0.0,0.0,0.002,145861.3375
1738135,IT,GB,GLASS,HEAVY,0.03,11668.677,3,3,11668.677,0.0,0.0,0.0,0.0,388955.9
1724890,IT,PT,BUSIN,RADIO,0.12,11668.128,3,3,11668.128,0.0,0.0,0.0,0.0,97234.4
1662424,IT,DK,PREC1,TRANS,0.02,11667.348,3,3,11667.348,0.0,0.0,0.0,0.0,583367.4
1666953,IT,ES,CERAM,FURNI,0.02,11667.106,3,3,11667.106,0.0,0.0,0.0,0.0,583355.3
1777390,IT,TR,CERAM,SECO9,0.02,11665.955,3,3,11665.955,0.0,0.0,0.0,0.0,583297.75
1718331,IT,PL,FOOD5,RECRE,0.06,11665.324,3,3,11665.324,0.0,0.0,0.0,0.0,194422.066667
1794188,IT,WL,PRINT,GLASS,0.11,11664.029,3,3,11664.029,0.0,0.0,0.0,0.0,106036.627273
1745801,IT,JP,WEARI,INTER,0.09,11663.103,4,4,11663.101,0.0,0.0,0.0,0.002,129590.033333
1668532,IT,ES,HOTEL,COPP1,0.08,11662.845,3,3,11662.845,0.0,0.0,0.0,0.0,145785.5625
1808301,IT,WF,FOOD2,FINAN,0.07,11662.66,3,3,11662.66,0.0,0.0,0.0,0.0,166609.428571
1776771,IT,TR,LIQUE,RESEA,0.02,11662.294,3,3,11662.294,0.0,0.0,0.0,0.0,583114.7
1653322,IT,CZ,GLASS,LEATH,0.03,11662.188,3,3,11662.188,0.0,0.0,0.0,0.0,388739.6
1670896,IT,FI,PLAST,93197,0.02,11661.903,3,3,11661.903,0.0,0.0,0.0,0.0,583095.15
1676374,IT,FR,WHOLE,HEAVY,0.1,11661.018,3,3,11661.018,0.0,0.0,0.0,0.0,116610.18
1744631,IT,US,RENTI,PAPE1,0.07,11660.897,3,3,11660.897,0.0,0.0,0.0,0.0,166584.242857
1719997,IT,PL,ALUM1,VEGE1,0.02,11660.413,3,3,11660.413,0.0,0.0,0.0,0.0,583020.65
1739675,IT,GB,SUPPO,MEATP,0.08,11659.738,3,3,11659.738,0.0,0.0,0.0,0.0,145746.725
1659278,IT,DE,SALEM,REALE,0.09,11659.693,3,3,11659.693,0.0,0.0,0.0,0.0,129552.144444
1806931,IT,WF,RAILW,LANDT,0.08,11659.315,3,3,11659.315,0.0,0.0,0.0,0.0,145741.4375
1642301,IT,AT,BASIC,DAIRY,0.01,11659.218,3,3,11659.218,0.0,0.0,0.0,0.0,1165921.8
1682862,IT,HR,LIQUE,INSUR,0.02,11659.13,3,3,11659.13,0.0,0.0,0.0,0.0,582956.5
1718460,IT,PL,TEXTI,MEATP,0.07,11658.321,4,4,11658.319,0.0,0.0,0.0,0.002,166547.442857
1671597,IT,FI,TRANS,SALEM,0.07,11658.248,3,3,11658.248,0.0,0.0,0.0,0.0,166546.4
1690365,IT,IE,WASTE,VEGE1,0.04,11658.018,3,3,11658.018,0.0,0.0,0.0,0.0,291450.45
1733701,IT,SI,RAILW,CONST,0.08,11657.801,3,3,11657.801,0.0,0.0,0.0,0.0,145722.5125
1797709,IT,WL,PLAS1,SALEM,0.04,11657.148,3,3,11657.148,0.0,0.0,0.0,0.0,291428.7
1735058,IT,SK,CHEM1,MEATP,0.02,11656.58,3,3,11656.58,0.0,0.0,0.0,0.0,582829.0
1758631,IT,BR,TRANS,FURNI,0.07,11656.524,3,3,11656.524,0.0,0.0,0.0,0.0,166521.771429
1712484,IT,LV,COPP1,WHOLE,0.03,11656.292,3,3,11656.292,0.0,0.0,0.0,0.0,388543.066667
1656242,IT,DE,WEARI,BEVER,0.09,11655.551,4,4,11655.549,0.0,0.0,0.0,0.002,129506.122222
1788348,IT,WA,LEATH,FOOD4,0.08,11655.456,4,4,11655.454,0.0,0.0,0.0,0.002,145693.2
1728353,IT,SE,TEXTI,PRINT,0.07,11655.356,4,4,11655.354,0.0,0.0,0.0,0.002,166505.085714
1786729,IT,ZA,RETA1,MOTO1,0.12,11655.06,3,3,11655.06,0.0,0.0,0.0,0.0,97125.5
1651860,IT,CY,AIRTR,FINAN,0.01,11654.704,3,3,11654.704,0.0,0.0,0.0,0.0,1165470.4
1663510,IT,DK,RENTI,REALE,0.07,11654.548,3,3,11654.548,0.0,0.0,0.0,0.0,166493.542857
1779715,IT,TR,BUSIN,STONE,0.12,11654.545,3,3,11654.545,0.0,0.0,0.0,0.0,97121.208333
1732697,IT,SI,CERAM,SUPPO,0.02,11654.212,3,3,11654.212,0.0,0.0,0.0,0.0,582710.6
1674205,IT,FR,LIQUE,RADIO,0.02,11654.092,3,3,11654.092,0.0,0.0,0.0,0.0,582704.6
1800074,IT,WE,NAPHT,NATUR,0.02,11654.054,3,3,11654.054,0.0,0.0,0.0,0.0,582702.7
1731484,IT,SI,BEVER,LANDT,0.05,11653.808,3,3,11653.808,0.0,0.0,0.0,0.0,233076.16
1717436,IT,NL,INSUR,REALE,0.24,11653.527,3,3,11653.527,0.0,0.0,0.0,0.0,48556.3625
1768967,IT,AU,PAPER,RADIO,0.05,11653.101,3,3,11653.101,0.0,0.0,0.0,0.0,233062.02
1714714,IT,NL,VEGE1,FOOD2,0.04,11652.82,4,4,11652.817,0.0,0.0,0.0,0.003,291320.5
1779499,IT,TR,RENTI,TRANS,0.07,11652.317,3,3,11652.317,0.0,0.0,0.0,0.0,166461.671429
1735123,IT,SK,CHEM1,OILHA,0.02,11652.149,3,3,11652.149,0.0,0.0,0.0,0.0,582607.45
1804938,IT,WF,NONSP,NICKE,0.02,11651.347,3,3,11651.347,0.0,0.0,0.0,0.0,582567.35
1783585,IT,NO,FOOD2,FOUND,0.07,11651.176,3,3,11651.176,0.0,0.0,0.0,0.0,166445.371429
1782901,IT,NO,SEACO,ELEC2,0.01,11650.872,3,3,11650.872,0.0,0.0,0.0,0.0,1165087.2
1732806,IT,SI,BASIC,SANDC,0.01,11650.433,3,3,11650.433,0.0,0.0,0.0,0.0,1165043.3
1752238,IT,CA,VEGET,RETA1,0.04,11650.191,3,3,11650.191,0.0,0.0,0.0,0.0,291254.775
1779483,IT,TR,RENTI,CHEM1,0.07,11649.654,3,3,11649.654,0.0,0.0,0.0,0.0,166423.628571
1789096,IT,WA,BITU1,HOTEL,0.02,11649.545,3,3,11649.545,0.0,0.0,0.0,0.0,582477.25
1712780,IT,LV,LANDT,RENTI,0.08,11649.456,3,3,11649.456,0.0,0.0,0.0,0.0,145618.2
1759759,IT,BR,BUSIN,BRICK,0.12,11648.224,3,3,11648.224,0.0,0.0,0.0,0.0,97068.533333
1674723,IT,FR,GLASS,WOOD1,0.03,11647.601,3,3,11647.601,0.0,0.0,0.0,0.0,388253.366667
1681553,IT,GR,BUSIN,ELEC1,0.12,11647.477,3,3,11647.477,0.0,0.0,0.0,0.0,97062.308333
1757360,IT,BR,WEARI,VEGE1,0.09,11647.464,4,4,11647.462,0.0,0.0,0.0,0.002,129416.266667
1803278,IT,WF,FORES,CHARC,0.1,11647.204,4,4,11643.204,0.0,4.0,0.0,0.0,116472.04
1665891,IT,ES,COALT,PAPER,0.02,11646.459,3,3,11646.459,0.0,0.0,0.0,0.0,582322.95
1790440,IT,WA,LEAD1,RESEA,0.02,11646.37,3,3,11646.37,0.0,0.0,0.0,0.0,582318.5
1651865,IT,CY,AIRTR,EDUCA,0.01,11646.144,3,3,11646.144,0.0,0.0,0.0,0.0,1164614.4
1764741,IT,MX,HOTEL,ELEC4,0.08,11645.343,3,3,11645.343,0.0,0.0,0.0,0.0,145566.7875
1652871,IT,CZ,COALT,PLAST,0.02,11644.923,3,3,11644.923,0.0,0.0,0.0,0.0,582246.15
1804085,IT,WF,PULP5,RESEA,0.04,11644.176,3,3,11644.176,0.0,0.0,0.0,0.0,291104.4
1722821,IT,PT,PAPER,INSUR,0.05,11644.011,3,3,11644.011,0.0,0.0,0.0,0.0,232880.22
1669566,IT,ES,REALE,CONST,0.49,11643.97,3,3,11643.97,0.0,0.0,0.0,0.0,23763.204082
1773354,IT,CH,MACHI,BIOG1,0.06,11643.885,3,3,11643.885,0.0,0.0,0.0,0.0,194064.75
1808042,IT,WF,INTER,FINAN,0.07,11643.693,3,3,11643.693,0.0,0.0,0.0,0.0,166338.471429
1795292,IT,WL,CEMEN,MOTOR,0.02,11643.389,3,3,11643.389,0.0,0.0,0.0,0.0,582169.45
1808661,IT,WF,INERT,WEARI,0.09,11643.24,3,3,11643.24,0.0,0.0,0.0,0.0,129369.333333
1765540,IT,RU,LEATH,FISH5,0.08,11642.911,4,4,11642.909,0.0,0.0,0.0,0.002,145536.3875
1777803,IT,TR,FABRI,LIQUE,0.05,11642.717,3,3,11642.717,0.0,0.0,0.0,0.0,232854.34
1799818,IT,WE,GASDI,IRONO,0.02,11642.643,3,3,11642.643,0.0,0.0,0.0,0.0,582132.15
1711050,IT,LU,BASIC,RAILW,0.01,11642.127,3,3,11642.127,0.0,0.0,0.0,0.0,1164212.7
1666861,IT,ES,GLASS,KERO1,0.03,11642.11,3,3,11642.11,0.0,0.0,0.0,0.0,388070.333333
1738547,IT,GB,FABRI,MEATP,0.05,11641.958,3,3,11641.958,0.0,0.0,0.0,0.0,232839.16
1797266,IT,WL,INSUR,MOTOR,0.24,11641.423,3,3,11641.423,0.0,0.0,0.0,0.0,48505.929167
1674845,IT,FR,NONME,MOTOR,0.02,11640.988,3,3,11640.988,0.0,0.0,0.0,0.0,582049.4
1797663,IT,WL,PAPE1,HOTEL,0.08,11640.879,3,3,11640.879,0.0,0.0,0.0,0.0,145510.9875
1682182,IT,HR,WEARI,SANDC,0.09,11640.827,4,4,11640.825,0.0,0.0,0.0,0.002,129342.522222
1773218,IT,CH,FABRI,NONF1,0.05,11640.673,3,3,11640.673,0.0,0.0,0.0,0.0,232813.46
1744812,IT,US,RESEA,STEAM,0.06,11639.857,3,3,11639.857,0.0,0.0,0.0,0.0,193997.616667
1660433,IT,DE,FINAN,OILHA,0.15,11639.549,3,3,11639.549,0.0,0.0,0.0,0.0,77596.993333
1799017,IT,WE,TEXTI,MOTOR,0.07,11638.985,4,4,11638.983,0.0,0.0,0.0,0.002,166271.214286
1677530,IT,FR,AUXIL,PAPE1,0.21,11638.62,3,3,11638.62,0.0,0.0,0.0,0.0,55422.0
1714359,IT,MT,RECRE,BUSIN,0.15,11638.581,3,3,11638.581,0.0,0.0,0.0,0.0,77590.54
1649225,IT,BG,KEROS,NONF1,0.02,11638.461,3,3,11638.461,0.0,0.0,0.0,0.0,581923.05
1784848,IT,ID,SEACO,COPP1,0.01,11638.224,3,3,11638.224,0.0,0.0,0.0,0.0,1163822.4
1718168,IT,PL,DAIRY,MEATP,0.05,11637.874,3,3,11637.874,0.0,0.0,0.0,0.0,232757.48
1646906,IT,BE,WHOLE,BRICK,0.1,11637.404,3,3,11637.404,0.0,0.0,0.0,0.0,116374.04
1808203,IT,WF,OILHA,RESEA,0.07,11637.194,3,3,11637.194,0.0,0.0,0.0,0.0,166245.628571
1645504,IT,BE,PLAST,NAPHT,0.02,11637.184,3,3,11637.184,0.0,0.0,0.0,0.0,581859.2
1732792,IT,SI,NONME,COMPU,0.02,11636.075,3,3,11636.075,0.0,0.0,0.0,0.0,581803.75
1740996,IT,US,BEVER,INSUR,0.05,11636.032,3,3,11636.032,0.0,0.0,0.0,0.0,232720.64
1749527,IT,CN,NONSP,BITU1,0.02,11635.991,3,3,11635.991,0.0,0.0,0.0,0.0,581799.55
1745251,IT,JP,CHEMI,PFERT,0.03,11635.873,4,4,11634.873,0.0,0.0,1.0,0.0,387862.433333
1654744,IT,CZ,AIRTR,NFERT,0.01,11635.489,3,3,11635.489,0.0,0.0,0.0,0.0,1163548.9
1780093,IT,TW,WHOLE,HEALT,0.1,11635.212,3,3,11635.212,0.0,0.0,0.0,0.0,116352.12
1767574,IT,RU,AIRTR,MEMBE,0.01,11635.018,3,3,11635.018,0.0,0.0,0.0,0.0,1163501.8
1747870,IT,JP,RENTI,FOUND,0.07,11634.684,3,3,11634.684,0.0,0.0,0.0,0.0,166209.771429
1661819,IT,DK,WOODW,RENTI,0.03,11633.873,3,3,11633.873,0.0,0.0,0.0,0.0,387795.766667
1759041,IT,BR,SEACO,SUGA1,0.01,11633.451,3,3,11633.451,0.0,0.0,0.0,0.0,1163345.1
1644305,IT,BE,FISHF,REFI1,0.02,11632.642,3,3,11632.642,0.0,0.0,0.0,0.0,581632.1
1716961,IT,NL,RAILW,POSTT,0.08,11632.515,3,3,11632.515,0.0,0.0,0.0,0.0,145406.4375
1674851,IT,FR,NONME,BIOGA,0.02,11632.074,3,3,11632.074,0.0,0.0,0.0,0.0,581603.7
1788355,IT,WA,WOODW,PADDY,0.03,11631.738,3,3,11631.738,0.0,0.0,0.0,0.0,387724.6
1807031,IT,WF,LANDT,MEMBE,0.08,11631.471,3,3,11631.471,0.0,0.0,0.0,0.0,145393.3875
1718195,IT,PL,DAIRY,SUPPO,0.05,11631.293,3,3,11631.293,0.0,0.0,0.0,0.0,232625.86
1676897,IT,FR,SEACO,OILSE,0.01,11630.488,3,3,11630.488,0.0,0.0,0.0,0.0,1163048.8
1736735,IT,SK,REALE,RETA1,0.49,11629.359,3,3,11629.359,0.0,0.0,0.0,0.0,23733.385714
1744724,IT,US,RESEA,CROPS,0.06,11629.171,3,3,11629.171,0.0,0.0,0.0,0.0,193819.516667
1722964,IT,PT,HEAVY,BUSIN,0.02,11628.938,3,3,11628.938,0.0,0.0,0.0,0.0,581446.9
1681061,IT,GR,SUPPO,FORES,0.08,11627.81,3,3,11627.81,0.0,0.0,0.0,0.0,145347.625
1721252,IT,PL,LANDT,BRICK,0.08,11627.72,3,3,11627.72,0.0,0.0,0.0,0.0,145346.5
1686400,IT,HU,BASIC,NONSP,0.01,11627.694,3,3,11627.694,0.0,0.0,0.0,0.0,1162769.4
1768050,IT,RU,BUSIN,LUBRI,0.12,11627.364,3,3,11627.364,0.0,0.0,0.0,0.0,96894.7
1803243,IT,WF,POULT,REALE,0.03,11625.422,3,3,11625.422,0.0,0.0,0.0,0.0,387514.066667
1644932,IT,BE,WOODW,CHEMI,0.03,11625.033,3,3,11625.033,0.0,0.0,0.0,0.0,387501.1
1683136,IT,HR,RUBBE,EDUCA,0.04,11624.741,3,3,11624.741,0.0,0.0,0.0,0.0,290618.525
1712894,IT,LV,REALE,BIOG1,0.49,11624.482,3,3,11624.482,0.0,0.0,0.0,0.0,23723.432653
1671776,IT,FI,WHOLE,CEREA,0.1,11623.734,3,3,11623.734,0.0,0.0,0.0,0.0,116237.34
1649364,IT,BG,PLAST,COMPU,0.02,11623.612,3,3,11623.612,0.0,0.0,0.0,0.0,581180.6
1786074,IT,ZA,CEMEN,POSTT,0.02,11623.464,3,3,11623.464,0.0,0.0,0.0,0.0,581173.2
1774944,IT,CH,INSUR,RENTI,0.24,11622.76,3,3,11622.76,0.0,0.0,0.0,0.0,48428.166667
1640146,IT,AT,CEREA,SUPPO,0.02,11620.884,3,3,11620.884,0.0,0.0,0.0,0.0,581044.2
1768883,IT,AU,WOODW,LEATH,0.03,11620.192,3,3,11620.192,0.0,0.0,0.0,0.0,387339.733333
1771962,IT,CH,PAPER,COLLE,0.05,11619.259,3,3,11619.259,0.0,0.0,0.0,0.0,232385.18
1657035,IT,DE,BITU1,GASDI,0.02,11618.852,3,3,11618.852,0.0,0.0,0.0,0.0,580942.6
1761431,IT,IN,BASIC,NONF1,0.01,11618.77,3,3,11618.77,0.0,0.0,0.0,0.0,1161877.0
1774630,IT,CH,AIRTR,MEATC,0.01,11618.449,3,3,11618.449,0.0,0.0,0.0,0.0,1161844.9
1783060,IT,NO,INSUR,CHEM1,0.24,11618.201,3,3,11618.201,0.0,0.0,0.0,0.0,48409.170833
1674824,IT,FR,NONME,OILSE,0.02,11617.695,3,3,11617.695,0.0,0.0,0.0,0.0,580884.75
1647392,IT,BE,AIRTR,SUGA1,0.01,11617.553,3,3,11617.553,0.0,0.0,0.0,0.0,1161755.3
1731654,IT,SI,WOODW,FOOD5,0.03,11616.399,3,3,11616.399,0.0,0.0,0.0,0.0,387213.3
1786856,IT,ZA,SEACO,FORES,0.01,11616.109,3,3,11616.109,0.0,0.0,0.0,0.0,1161610.9
1731354,IT,SI,DAIRY,RESEA,0.05,11615.919,3,3,11615.919,0.0,0.0,0.0,0.0,232318.38
1682579,IT,HR,MOTOR,WASTE,0.02,11615.415,3,3,11615.415,0.0,0.0,0.0,0.0,580770.75
1800362,IT,WE,CHEM1,NFERT,0.02,11614.672,3,3,11614.672,0.0,0.0,0.0,0.0,580733.6
1804780,IT,WF,NAPHT,REFIN,0.02,11613.222,3,3,11613.222,0.0,0.0,0.0,0.0,580661.1
1656166,IT,DE,TEXTI,MEATP,0.07,11612.791,4,4,11612.789,0.0,0.0,0.0,0.002,165897.014286
1652273,IT,CZ,FOOD5,RECRE,0.06,11612.441,3,3,11612.441,0.0,0.0,0.0,0.0,193540.683333
1791960,IT,WA,SEACO,BRICK,0.01,11612.148,3,3,11612.148,0.0,0.0,0.0,0.0,1161214.8
1715753,IT,NL,BIODI,PIGS9,0.02,11612.119,3,3,11612.119,0.0,0.0,0.0,0.0,580605.95
1712268,IT,LV,PLAST,FABRI,0.02,11611.579,3,3,11611.579,0.0,0.0,0.0,0.0,580578.95
1783361,IT,NO,PLAS1,NONME,0.04,11611.406,3,3,11611.406,0.0,0.0,0.0,0.0,290285.15
1786438,IT,ZA,OFFIC,EDUCA,0.04,11610.698,3,3,11610.698,0.0,0.0,0.0,0.0,290267.45
1779905,IT,TW,CONST,DAIRY,0.06,11610.608,3,3,11610.608,0.0,0.0,0.0,0.0,193510.133333
1645146,IT,BE,PRINT,GASDI,0.11,11610.089,3,3,11610.089,0.0,0.0,0.0,0.0,105546.263636
1773509,IT,CH,MOTO1,BEVER,0.06,11609.573,3,3,11609.573,0.0,0.0,0.0,0.0,193492.883333
1727390,IT,RO,FINAN,PRINT,0.15,11609.344,3,3,11609.344,0.0,0.0,0.0,0.0,77395.626667
1813095,IT,WM,MOTO1,SUGAR,0.06,11608.709,3,3,11608.709,0.0,0.0,0.0,0.0,193478.483333
1723040,IT,PT,PLAST,MEMBE,0.02,11608.632,3,3,11608.632,0.0,0.0,0.0,0.0,580431.6
1668686,IT,ES,LANDT,FISHF,0.07,11608.107,3,3,11608.107,0.0,0.0,0.0,0.0,165830.1
1793530,IT,WL,MEATP,EDUCA,0.05,11608.102,3,3,11608.102,0.0,0.0,0.0,0.0,232162.04
1813876,IT,WM,LANDT,GLASS,0.07,11607.804,3,3,11607.804,0.0,0.0,0.0,0.0,165825.771429
1678828,IT,GR,BEVER,PLAST,0.05,11607.73,3,3,11607.73,0.0,0.0,0.0,0.0,232154.6
1645232,IT,BE,COALT,BIOGA,0.02,11607.232,3,3,11607.232,0.0,0.0,0.0,0.0,580361.6
1682846,IT,HR,LIQUE,COPP1,0.02,11606.716,3,3,11606.716,0.0,0.0,0.0,0.0,580335.8
1732577,IT,SI,RUBBE,PAPE4,0.04,11606.496,3,3,11606.496,0.0,0.0,0.0,0.0,290162.4
1674162,IT,FR,HEAVY,RECRE,0.02,11605.808,3,3,11605.808,0.0,0.0,0.0,0.0,580290.4
1643591,IT,AT,AIRTR,MEATC,0.01,11605.609,3,3,11605.609,0.0,0.0,0.0,0.0,1160560.9
1804023,IT,WF,WOODW,CHEMI,0.03,11605.18,3,3,11605.18,0.0,0.0,0.0,0.0,386839.333333
1645386,IT,BE,HEAVY,PREC1,0.02,11605.167,3,3,11605.167,0.0,0.0,0.0,0.0,580258.35
1731398,IT,SI,FOOD5,PLAST,0.06,11605.076,3,3,11605.076,0.0,0.0,0.0,0.0,193417.933333
1803715,IT,WF,FISH5,CEREA,0.05,11604.794,4,4,11604.788,0.0,0.0,0.0,0.006,232095.88
1813534,IT,WM,WHOLE,MEAT1,0.1,11604.212,3,3,11604.212,0.0,0.0,0.0,0.0,116042.12
1685122,IT,HU,FOOD5,ELEC3,0.06,11604.025,3,3,11604.025,0.0,0.0,0.0,0.0,193400.416667
1750774,IT,CN,TRANS,COMPU,0.07,11603.744,3,3,11603.744,0.0,0.0,0.0,0.0,165767.771429
1722044,IT,PL,BUSIN,WHEAT,0.12,11603.395,3,3,11603.395,0.0,0.0,0.0,0.0,96694.958333
1646437,IT,BE,MACHI,MEAT1,0.06,11602.746,3,3,11602.746,0.0,0.0,0.0,0.0,193379.1
1774159,IT,CH,WHOLE,FOOD1,0.1,11602.621,3,3,11602.621,0.0,0.0,0.0,0.0,116026.21
1732395,IT,SI,PLAST,BASIC,0.02,11602.01,3,3,11602.01,0.0,0.0,0.0,0.0,580100.5
1656070,IT,DE,BEVER,GLASS,0.05,11601.919,3,3,11601.919,0.0,0.0,0.0,0.0,232038.38
1736102,IT,SK,CONST,PRINT,0.06,11601.549,3,3,11601.549,0.0,0.0,0.0,0.0,193359.15
1711759,IT,LU,BUSIN,FOOD2,0.12,11601.538,3,3,11601.538,0.0,0.0,0.0,0.0,96679.483333
1644994,IT,BE,WOODW,PUBLI,0.03,11601.392,3,3,11601.392,0.0,0.0,0.0,0.0,386713.066667
1801086,IT,WE,COPP1,CONST,0.03,11601.365,3,3,11601.365,0.0,0.0,0.0,0.0,386712.166667
1807097,IT,WF,SEACO,TRAN2,0.01,11601.342,3,3,11601.342,0.0,0.0,0.0,0.0,1160134.2
1648056,IT,BE,COMPU,RAILW,0.13,11601.115,3,3,11601.115,0.0,0.0,0.0,0.0,89239.346154
1645163,IT,BE,PRINT,MACHI,0.11,11600.805,3,3,11600.805,0.0,0.0,0.0,0.0,105461.863636
1717471,IT,NL,AUXIL,COMPU,0.21,11600.779,3,3,11600.779,0.0,0.0,0.0,0.0,55241.804762
1689643,IT,IE,SUPPO,RECRE,0.08,11600.134,3,3,11600.134,0.0,0.0,0.0,0.0,145001.675
1775539,IT,CH,FOOD4,RETA1,0.08,11599.491,3,3,11599.491,0.0,0.0,0.0,0.0,144993.6375
1662430,IT,DK,PREC1,FOOD3,0.02,11599.166,3,3,11599.166,0.0,0.0,0.0,0.0,579958.3
1656530,IT,DE,PAPER,BIOG1,0.04,11598.915,3,3,11598.915,0.0,0.0,0.0,0.0,289972.875
1806686,IT,WF,WHOLE,MEAT1,0.1,11598.731,3,3,11598.731,0.0,0.0,0.0,0.0,115987.31
1664349,IT,EE,FABRI,TRANS,0.05,11598.707,3,3,11598.707,0.0,0.0,0.0,0.0,231974.14
1710911,IT,LU,LIQUE,AIRTR,0.02,11598.421,3,3,11598.421,0.0,0.0,0.0,0.0,579921.05
1759006,IT,BR,LANDT,TRANS,0.07,11597.695,3,3,11597.695,0.0,0.0,0.0,0.0,165681.357143
1737970,IT,GB,CHEM1,RETAI,0.02,11597.694,3,3,11597.694,0.0,0.0,0.0,0.0,579884.7
1679659,IT,GR,GLASS,ELEC4,0.03,11597.626,3,3,11597.626,0.0,0.0,0.0,0.0,386587.533333
1711090,IT,LU,ALUM1,CONST,0.02,11597.058,3,3,11597.058,0.0,0.0,0.0,0.0,579852.9
1761489,IT,IN,PREC1,FOOD3,0.02,11596.701,3,3,11596.701,0.0,0.0,0.0,0.0,579835.05
1793640,IT,WL,DAIRY,BIODI,0.05,11595.912,3,3,11595.912,0.0,0.0,0.0,0.0,231918.24
1744419,IT,US,AUXIL,MEATP,0.21,11595.269,3,3,11595.269,0.0,0.0,0.0,0.0,55215.566667
1764524,IT,MX,CONST,RESEA,0.06,11595.236,3,3,11595.236,0.0,0.0,0.0,0.0,193253.933333
1683278,IT,HR,BRICK,FURNI,0.02,11595.176,3,3,11595.176,0.0,0.0,0.0,0.0,579758.8
1739402,IT,GB,RAILW,FOOD4,0.08,11595.068,3,3,11595.068,0.0,0.0,0.0,0.0,144938.35
1744166,IT,US,SUPPO,FOOD3,0.08,11594.945,3,3,11594.945,0.0,0.0,0.0,0.0,144936.8125
1722546,IT,PT,BEVER,WOODW,0.05,11593.548,3,3,11593.548,0.0,0.0,0.0,0.0,231870.96
1745064,IT,US,PUBLI,ELEC4,0.19,11592.95,3,3,11592.95,0.0,0.0,0.0,0.0,61015.526316
1682543,IT,HR,MOTOR,WOODW,0.02,11592.565,3,3,11592.565,0.0,0.0,0.0,0.0,579628.25
1709582,IT,LT,PAPER,DAIRY,0.04,11592.499,3,3,11592.499,0.0,0.0,0.0,0.0,289812.475
1794482,IT,WL,GASDI,LEAD1,0.02,11591.645,3,3,11591.645,0.0,0.0,0.0,0.0,579582.25
1727360,IT,RO,POSTT,EDUCA,0.19,11591.339,3,3,11591.339,0.0,0.0,0.0,0.0,61007.047368
1722893,IT,PT,PRINT,RECRE,0.11,11591.308,3,3,11591.308,0.0,0.0,0.0,0.0,105375.527273
1796552,IT,WL,RETA1,COMPU,0.12,11590.237,3,3,11590.237,0.0,0.0,0.0,0.0,96585.308333
1779761,IT,TR,BUSIN,ELECT,0.12,11590.201,3,3,11590.201,0.0,0.0,0.0,0.0,96585.008333
1796120,IT,WL,TRANS,BIOG1,0.07,11590.1,3,3,11590.1,0.0,0.0,0.0,0.0,165572.857143
1762271,IT,IN,AIRTR,FOUND,0.01,11589.665,3,3,11589.665,0.0,0.0,0.0,0.0,1158966.5
1714888,IT,NL,BEVER,PULP5,0.05,11589.548,3,3,11589.548,0.0,0.0,0.0,0.0,231790.96
1648702,IT,BG,FOOD5,VEGE1,0.06,11589.398,3,3,11589.398,0.0,0.0,0.0,0.0,193156.633333
1721066,IT,PL,HOTEL,TRAN1,0.08,11589.162,3,3,11589.162,0.0,0.0,0.0,0.0,144864.525
1780889,IT,TW,RESEA,PETRO,0.06,11589.134,3,3,11589.134,0.0,0.0,0.0,0.0,193152.233333
1651280,IT,CY,FOOD5,MEATP,0.06,11588.147,3,3,11588.147,0.0,0.0,0.0,0.0,193135.783333
1690430,IT,IE,FOOD4,REALE,0.08,11587.831,3,3,11587.831,0.0,0.0,0.0,0.0,144847.8875
1743501,IT,US,RETA1,CERAM,0.12,11587.774,3,3,11587.774,0.0,0.0,0.0,0.0,96564.783333
1809776,IT,WM,FOOD5,PULP5,0.06,11587.756,3,3,11587.756,0.0,0.0,0.0,0.0,193129.266667
1727393,IT,RO,FINAN,GASDI,0.15,11587.343,3,3,11587.343,0.0,0.0,0.0,0.0,77248.953333
1729700,IT,SE,FABRI,93197,0.05,11587.237,3,3,11587.237,0.0,0.0,0.0,0.0,231744.74
1710754,IT,LU,FISH5,SALEM,0.05,11587.216,4,4,11587.21,0.0,0.0,0.0,0.006,231744.32
1787786,IT,WA,DAIRY,SUPPO,0.05,11586.487,3,3,11586.487,0.0,0.0,0.0,0.0,231729.74
1795863,IT,WL,OFFIC,PAPER,0.04,11586.474,3,3,11586.474,0.0,0.0,0.0,0.0,289661.85
1776748,IT,TR,LIQUE,ELECT,0.02,11586.413,3,3,11586.413,0.0,0.0,0.0,0.0,579320.65
1685111,IT,HU,FOOD5,NONME,0.06,11586.395,3,3,11586.395,0.0,0.0,0.0,0.0,193106.583333
1660033,IT,DE,AIRTR,STONE,0.01,11586.395,3,3,11586.395,0.0,0.0,0.0,0.0,1158639.5
1712954,IT,MT,VEGET,RESEA,0.04,11586.003,3,3,11586.003,0.0,0.0,0.0,0.0,289650.075
1813742,IT,WM,HOTEL,PLAST,0.08,11585.595,3,3,11585.595,0.0,0.0,0.0,0.0,144819.9375
1654747,IT,CZ,AIRTR,BIODI,0.01,11585.512,3,3,11585.512,0.0,0.0,0.0,0.0,1158551.2
1752351,IT,CA,MEAT4,NAPHT,0.06,11585.13,3,3,11585.13,0.0,0.0,0.0,0.0,193085.5
1776400,IT,TR,PRINT,HOTEL,0.11,11584.733,3,3,11584.733,0.0,0.0,0.0,0.0,105315.754545
1671487,IT,FI,MACHI,PAPER,0.06,11584.571,3,3,11584.571,0.0,0.0,0.0,0.0,193076.183333
1648510,IT,BG,CROPS,FOOD5,0.09,11584.556,3,3,11584.556,0.0,0.0,0.0,0.0,128717.288889
1790161,IT,WA,BASIC,AUXIL,0.01,11583.833,3,3,11583.833,0.0,0.0,0.0,0.0,1158383.3
1786761,IT,ZA,HOTEL,PRECI,0.08,11581.803,3,3,11581.803,0.0,0.0,0.0,0.0,144772.5375
1761490,IT,IN,PREC1,WASTE,0.02,11581.779,3,3,11581.779,0.0,0.0,0.0,0.0,579088.95
1678566,IT,GR,CROPS,TOBAC,0.09,11581.457,3,3,11581.457,0.0,0.0,0.0,0.0,128682.855556
1808529,IT,WF,PAPE4,IRONO,0.08,11580.989,3,3,11580.989,0.0,0.0,0.0,0.0,144762.3625
1713121,IT,MT,BEVER,MEATA,0.05,11579.732,3,3,11579.732,0.0,0.0,0.0,0.0,231594.64
1660460,IT,DE,INSUR,DAIRY,0.24,11579.41,3,3,11579.41,0.0,0.0,0.0,0.0,48247.541667
1774175,IT,CH,RETA1,PIGS9,0.12,11579.346,3,3,11579.346,0.0,0.0,0.0,0.0,96494.55
1755390,IT,KR,KEROS,BITU1,0.02,11579.243,3,3,11579.243,0.0,0.0,0.0,0.0,578962.15
1761299,IT,IN,RUBBE,AIRTR,0.04,11579.217,3,3,11579.217,0.0,0.0,0.0,0.0,289480.425
1801547,IT,WE,TRANS,COKIN,0.07,11578.737,3,3,11578.737,0.0,0.0,0.0,0.0,165410.528571
1656340,IT,DE,WOODW,BITUM,0.03,11578.697,3,3,11578.697,0.0,0.0,0.0,0.0,385956.566667
1666299,IT,ES,LIQUE,MOTOR,0.02,11578.684,3,3,11578.684,0.0,0.0,0.0,0.0,578934.2
1689486,IT,IE,HOTEL,WASTE,0.08,11577.488,3,3,11577.488,0.0,0.0,0.0,0.0,144718.6
1682702,IT,HR,GASDI,VEGE1,0.02,11576.903,3,3,11576.903,0.0,0.0,0.0,0.0,578845.15
1785174,IT,ZA,FOOD5,FURNI,0.06,11576.838,3,3,11576.838,0.0,0.0,0.0,0.0,192947.3
1765368,IT,RU,BEVER,CHEM1,0.05,11576.001,3,3,11576.001,0.0,0.0,0.0,0.0,231520.02
1642172,IT,AT,CERAM,TRAN2,0.02,11575.467,3,3,11575.467,0.0,0.0,0.0,0.0,578773.35
1783268,IT,NO,FOODW,PLAST,0.09,11575.148,3,3,11575.148,0.0,0.0,0.0,0.0,128612.755556
1640769,IT,AT,TEXTI,TRAN2,0.07,11574.818,4,4,11574.816,0.0,0.0,0.0,0.002,165354.542857
1777411,IT,TR,CEMEN,TRAN2,0.02,11574.814,3,3,11574.814,0.0,0.0,0.0,0.0,578740.7
1660016,IT,DE,INLAN,LANDT,0.02,11574.386,3,3,11574.386,0.0,0.0,0.0,0.0,578719.3
1646911,IT,BE,WHOLE,ALUM1,0.1,11574.326,3,3,11574.326,0.0,0.0,0.0,0.0,115743.26
1664599,IT,EE,HOTEL,RECRE,0.08,11574.134,3,3,11574.134,0.0,0.0,0.0,0.0,144676.675
1690102,IT,IE,RENTI,PAPE4,0.07,11574.112,3,3,11574.112,0.0,0.0,0.0,0.0,165344.457143
1745326,IT,JP,VEGE1,PROCE,0.04,11573.815,4,4,11573.812,0.0,0.0,0.0,0.003,289345.375
1644425,IT,BE,MEAT4,FISH5,0.06,11573.094,3,3,11573.094,0.0,0.0,0.0,0.0,192884.9
1738167,IT,GB,GLASS,INSUR,0.03,11573.036,3,3,11573.036,0.0,0.0,0.0,0.0,385767.866667
1722724,IT,PT,WOODW,SECO9,0.03,11572.594,3,3,11572.594,0.0,0.0,0.0,0.0,385753.133333
1758504,IT,BR,MACHI,LEAD1,0.06,11572.375,3,3,11572.375,0.0,0.0,0.0,0.0,192872.916667
1662964,IT,DK,RETA1,93197,0.12,11572.353,3,3,11572.353,0.0,0.0,0.0,0.0,96436.275
1798083,IT,WL,RECRE,PUBLI,0.15,11572.198,3,3,11572.198,0.0,0.0,0.0,0.0,77147.986667
1711119,IT,LU,LEAD1,REALE,0.02,11572.081,3,3,11572.081,0.0,0.0,0.0,0.0,578604.05
1749118,IT,CN,WOODW,FOUND,0.03,11571.423,3,3,11571.423,0.0,0.0,0.0,0.0,385714.1
1752051,IT,CN,BUSIN,CROPS,0.12,11570.974,3,3,11570.974,0.0,0.0,0.0,0.0,96424.783333
1668219,IT,ES,RETAI,NONME,0.09,11570.708,3,3,11570.708,0.0,0.0,0.0,0.0,128563.422222
1784430,IT,ID,NONME,93197,0.02,11570.548,3,3,11570.548,0.0,0.0,0.0,0.0,578527.4
1727925,IT,SE,VEGET,LANDT,0.04,11570.131,3,3,11570.131,0.0,0.0,0.0,0.0,289253.275
1687334,IT,HU,RETA1,REALE,0.12,11569.91,3,3,11569.91,0.0,0.0,0.0,0.0,96415.916667
1656721,IT,DE,MOTOR,ELEC7,0.02,11569.642,3,3,11569.642,0.0,0.0,0.0,0.0,578482.1
1757159,IT,BR,SANDC,PUBLI,0.03,11569.64,4,4,11566.64,0.0,0.0,3.0,0.0,385654.666667
1716021,IT,NL,NONME,RAWMI,0.02,11568.829,3,3,11568.829,0.0,0.0,0.0,0.0,578441.45
1724417,IT,PT,AIRTR,HEAVY,0.01,11568.474,3,3,11568.474,0.0,0.0,0.0,0.0,1156847.4
1665404,IT,ES,TEXTI,FOUND,0.07,11568.205,4,4,11568.203,0.0,0.0,0.0,0.002,165260.071429
1736381,IT,SK,LANDT,MEATP,0.07,11567.519,3,3,11567.519,0.0,0.0,0.0,0.0,165250.271429
1760549,IT,IN,LEATH,CERAM,0.08,11567.428,4,4,11567.426,0.0,0.0,0.0,0.002,144592.85
1781699,IT,NO,WOODW,FABRI,0.03,11567.199,3,3,11567.199,0.0,0.0,0.0,0.0,385573.3
1761237,IT,IN,RUBBE,PROCE,0.04,11566.384,3,3,11566.384,0.0,0.0,0.0,0.0,289159.6
1682549,IT,HR,MOTOR,RADIO,0.02,11566.372,3,3,11566.372,0.0,0.0,0.0,0.0,578318.6
1806457,IT,WF,TRANS,LIQUE,0.07,11566.058,3,3,11566.058,0.0,0.0,0.0,0.0,165229.4
1791758,IT,WA,RAILW,SALEM,0.08,11565.934,3,3,11565.934,0.0,0.0,0.0,0.0,144574.175
1755944,IT,KR,PREC1,REFIN,0.02,11565.186,3,3,11565.186,0.0,0.0,0.0,0.0,578259.3
1668681,IT,ES,LANDT,POULT,0.07,11565.083,3,3,11565.083,0.0,0.0,0.0,0.0,165215.471429
1754262,IT,CA,POSTT,AIRTR,0.19,11564.885,3,3,11564.885,0.0,0.0,0.0,0.0,60867.815789
1755856,IT,KR,NONME,LEADZ,0.02,11564.529,3,3,11564.529,0.0,0.0,0.0,0.0,578226.45
1663704,IT,EE,STONE,CHEM1,0.04,11563.137,4,4,11562.137,0.0,0.0,1.0,0.0,289078.425
1654363,IT,CZ,ELEC8,DISTR,0.15,11562.95,3,3,11562.95,0.0,0.0,0.0,0.0,77086.333333
1764194,IT,MX,MACHI,CHEMI,0.06,11561.994,3,3,11561.994,0.0,0.0,0.0,0.0,192699.9
1677577,IT,FR,REALE,PAPER,0.49,11561.609,3,3,11561.609,0.0,0.0,0.0,0.0,23595.120408
1653674,IT,CZ,ALUM1,SUPPO,0.02,11561.386,3,3,11561.386,0.0,0.0,0.0,0.0,578069.3
1676259,IT,FR,SALEM,FISH5,0.09,11561.154,3,3,11561.154,0.0,0.0,0.0,0.0,128457.266667
1649022,IT,BG,WOODW,CEMEN,0.03,11561.04,3,3,11561.04,0.0,0.0,0.0,0.0,385368.0
1648577,IT,BG,SANDC,TEXTI,0.03,11560.871,4,4,11557.871,0.0,0.0,3.0,0.0,385362.366667
1689801,IT,IE,INSUR,NUCLE,0.24,11560.314,3,3,11560.314,0.0,0.0,0.0,0.0,48167.975
1661581,IT,DK,BEVER,FURNI,0.05,11560.214,3,3,11560.214,0.0,0.0,0.0,0.0,231204.28
1653240,IT,CZ,RUBBE,BIODI,0.04,11559.982,3,3,11559.982,0.0,0.0,0.0,0.0,288999.55
1661632,IT,DK,FISH5,HEALT,0.05,11559.657,4,4,11559.651,0.0,0.0,0.0,0.006,231193.14
1779249,IT,TR,FINAN,MEATC,0.15,11558.679,3,3,11558.679,0.0,0.0,0.0,0.0,77057.86
1669613,IT,ES,RENTI,OFFIC,0.07,11558.434,3,3,11558.434,0.0,0.0,0.0,0.0,165120.485714
1758448,IT,BR,FABRI,RECRE,0.05,11558.215,3,3,11558.215,0.0,0.0,0.0,0.0,231164.3
1687041,IT,HU,MOTO1,POULT,0.06,11558.119,3,3,11558.119,0.0,0.0,0.0,0.0,192635.316667
1767551,IT,RU,AIRTR,ELEC2,0.01,11557.888,3,3,11557.888,0.0,0.0,0.0,0.0,1155788.8
1729330,IT,SE,NONME,REALE,0.02,11557.721,3,3,11557.721,0.0,0.0,0.0,0.0,577886.05
1669262,IT,ES,FINAN,STONE,0.15,11557.373,3,3,11557.373,0.0,0.0,0.0,0.0,77049.153333
1811973,IT,WM,GLASS,PRINT,0.03,11556.232,3,3,11556.232,0.0,0.0,0.0,0.0,385207.733333
1655699,IT,DE,CHEMI,STEAM,0.03,11555.891,4,4,11554.891,0.0,0.0,1.0,0.0,385196.366667
1764820,IT,MX,SEACO,PAPER,0.01,11555.613,3,3,11555.613,0.0,0.0,0.0,0.0,1155561.3
1712544,IT,LV,MACHI,VEGET,0.06,11555.452,3,3,11555.452,0.0,0.0,0.0,0.0,192590.866667
1656495,IT,DE,PAPER,KEROS,0.04,11555.354,3,3,11555.354,0.0,0.0,0.0,0.0,288883.85
1790994,IT,WA,MOTO1,RADIO,0.06,11555.11,3,3,11555.11,0.0,0.0,0.0,0.0,192585.166667
1790175,IT,WA,BASIC,PAPE4,0.01,11554.757,3,3,11554.757,0.0,0.0,0.0,0.0,1155475.7
1733317,IT,SI,MOTO1,RAILW,0.06,11554.576,3,3,11554.576,0.0,0.0,0.0,0.0,192576.266667
1744559,IT,US,REALE,SUPPO,0.49,11554.469,3,3,11554.469,0.0,0.0,0.0,0.0,23580.54898
1645317,IT,BE,GASDI,VEGET,0.02,11553.904,3,3,11553.904,0.0,0.0,0.0,0.0,577695.2
1809494,IT,WM,MEAT1,EDUCA,0.05,11553.839,3,3,11553.839,0.0,0.0,0.0,0.0,231076.78
1649893,IT,BG,FABRI,HYDRO,0.05,11553.775,3,3,11553.775,0.0,0.0,0.0,0.0,231075.5
1737576,IT,GB,PAPER,POULT,0.04,11553.481,3,3,11553.481,0.0,0.0,0.0,0.0,288837.025
1757413,IT,BR,WOODW,ELEC4,0.03,11553.014,3,3,11553.014,0.0,0.0,0.0,0.0,385100.466667
1783971,IT,ID,VEGE1,BIODI,0.04,11552.995,4,4,11552.992,0.0,0.0,0.0,0.003,288824.875
1662677,IT,DK,MACHI,ELEC7,0.06,11552.926,3,3,11552.926,0.0,0.0,0.0,0.0,192548.766667
1792345,IT,WA,FINAN,OFFIC,0.15,11551.903,3,3,11551.903,0.0,0.0,0.0,0.0,77012.686667
1723300,IT,PT,CERAM,RETA1,0.02,11551.27,3,3,11551.27,0.0,0.0,0.0,0.0,577563.5
1685432,IT,HU,WOODW,LEATH,0.03,11551.106,3,3,11551.106,0.0,0.0,0.0,0.0,385036.866667
1793016,IT,WA,FOOD3,WHOLE,0.03,11550.758,3,3,11550.758,0.0,0.0,0.0,0.0,385025.266667
1748838,IT,CN,TEXTI,AIRTR,0.07,11550.218,4,4,11550.216,0.0,0.0,0.0,0.002,165003.114286
1723273,IT,PT,GLASS,TRANS,0.03,11550.114,3,3,11550.114,0.0,0.0,0.0,0.0,385003.8
1712197,IT,LV,PAPER,OILSE,0.04,11550.07,3,3,11550.07,0.0,0.0,0.0,0.0,288751.75
1674488,IT,FR,BIODI,AUXIL,0.02,11549.971,3,3,11549.971,0.0,0.0,0.0,0.0,577498.55
1771291,IT,CH,DAIRY,FISH5,0.05,11549.951,3,3,11549.951,0.0,0.0,0.0,0.0,230999.02
1669179,IT,ES,POSTT,ELECT,0.19,11549.814,3,3,11549.814,0.0,0.0,0.0,0.0,60788.494737
1812601,IT,WM,LEAD1,TRAN1,0.02,11549.627,3,3,11549.627,0.0,0.0,0.0,0.0,577481.35
1722976,IT,PT,NAPHT,PFERT,0.02,11549.47,3,3,11549.47,0.0,0.0,0.0,0.0,577473.5
1678665,IT,GR,MEAT4,DAIRY,0.06,11549.469,3,3,11549.469,0.0,0.0,0.0,0.0,192491.15
1729934,IT,SE,FURNI,POSTT,0.04,11549.259,3,3,11549.259,0.0,0.0,0.0,0.0,288731.475
1792795,IT,WA,PUBLI,ANIMA,0.19,11549.191,3,3,11549.191,0.0,0.0,0.0,0.0,60785.215789
1645448,IT,BE,NAPHT,VEGE1,0.02,11549.085,3,3,11549.085,0.0,0.0,0.0,0.0,577454.25
1800641,IT,WE,CERAM,BITUM,0.02,11548.819,3,3,11548.819,0.0,0.0,0.0,0.0,577440.95
1690525,IT,IE,TEXT2,PUBLI,0.08,11548.063,3,3,11548.063,0.0,0.0,0.0,0.0,144350.7875
1685778,IT,HU,PLAST,BRICK,0.02,11548.062,3,3,11548.062,0.0,0.0,0.0,0.0,577403.1
1734604,IT,SK,BEVER,EDUCA,0.05,11547.899,3,3,11547.899,0.0,0.0,0.0,0.0,230957.98
1712491,IT,LV,FABRI,RAWMI,0.05,11547.618,3,3,11547.618,0.0,0.0,0.0,0.0,230952.36
1688321,IT,IE,VEGE1,BEVER,0.04,11547.174,4,4,11547.171,0.0,0.0,0.0,0.003,288679.35
1755835,IT,KR,CEMEN,CRUDE,0.02,11547.166,3,3,11547.166,0.0,0.0,0.0,0.0,577358.3
1775628,IT,CH,93197,PRINT,0.08,11547.09,3,3,11547.09,0.0,0.0,0.0,0.0,144338.625
1764807,IT,MX,LANDT,PUBLI,0.07,11546.369,3,3,11546.369,0.0,0.0,0.0,0.0,164948.128571
1745702,IT,JP,WEARI,MEATA,0.09,11546.267,4,4,11546.265,0.0,0.0,0.0,0.002,128291.855556
1730337,IT,SE,SUPPO,PAPER,0.08,11546.245,3,3,11546.245,0.0,0.0,0.0,0.0,144328.0625
1675122,IT,FR,COPP1,LEATH,0.03,11545.837,3,3,11545.837,0.0,0.0,0.0,0.0,384861.233333
1779294,IT,TR,FINAN,MEMBE,0.15,11545.526,3,3,11545.526,0.0,0.0,0.0,0.0,76970.173333
1654123,IT,CZ,OFFIC,MEMBE,0.04,11545.394,3,3,11545.394,0.0,0.0,0.0,0.0,288634.85
1656388,IT,DE,WOODW,RADIO,0.03,11545.019,3,3,11545.019,0.0,0.0,0.0,0.0,384833.966667
1774091,IT,CH,WHOLE,MOTOR,0.1,11544.883,3,3,11544.883,0.0,0.0,0.0,0.0,115448.83
1676116,IT,FR,ELEC8,RETA1,0.15,11544.847,3,3,11544.847,0.0,0.0,0.0,0.0,76965.646667
1802412,IT,WE,AIRTR,WOODW,0.01,11544.737,3,3,11544.737,0.0,0.0,0.0,0.0,1154473.7
1766089,IT,RU,RUBBE,MEAT4,0.04,11544.418,3,3,11544.418,0.0,0.0,0.0,0.0,288610.45
1662209,IT,DK,GLASS,BEVER,0.03,11543.866,3,3,11543.866,0.0,0.0,0.0,0.0,384795.533333
1723888,IT,PT,FURNI,PLAST,0.04,11543.577,3,3,11543.577,0.0,0.0,0.0,0.0,288589.425
1792376,IT,WA,FINAN,MEMBE,0.15,11543.344,3,3,11543.344,0.0,0.0,0.0,0.0,76955.626667
1643589,IT,AT,AIRTR,VEGET,0.01,11543.277,3,3,11543.277,0.0,0.0,0.0,0.0,1154327.7
1658222,IT,DE,LEAD1,ELEC8,0.02,11543.224,3,3,11543.224,0.0,0.0,0.0,0.0,577161.2
1652885,IT,CZ,MOTOR,CONST,0.02,11543.217,3,3,11543.217,0.0,0.0,0.0,0.0,577160.85
1658086,IT,DE,ALUM1,POULT,0.02,11541.842,3,3,11541.842,0.0,0.0,0.0,0.0,577092.1
1675256,IT,FR,FABRI,PREC1,0.05,11540.952,3,3,11540.952,0.0,0.0,0.0,0.0,230819.04
1648832,IT,BG,TEXTI,LIGNI,0.07,11540.859,4,4,11540.857,0.0,0.0,0.0,0.002,164869.414286
1780155,IT,TW,HOTEL,LEAD1,0.08,11540.408,3,3,11540.408,0.0,0.0,0.0,0.0,144255.1
1657203,IT,DE,CHEM1,TOBAC,0.02,11539.751,3,3,11539.751,0.0,0.0,0.0,0.0,576987.55
1803361,IT,WF,CHEMI,PLANT,0.03,11539.503,4,4,11538.503,0.0,0.0,1.0,0.0,384650.1
1669632,IT,ES,RENTI,FINAN,0.07,11539.244,3,3,11539.244,0.0,0.0,0.0,0.0,164846.342857
1777347,IT,TR,GLASS,TRAN1,0.03,11539.127,3,3,11539.127,0.0,0.0,0.0,0.0,384637.566667
1664148,IT,EE,RUBBE,DIST1,0.04,11538.815,3,3,11538.815,0.0,0.0,0.0,0.0,288470.375
1765883,IT,RU,PLAST,TOBAC,0.02,11537.799,3,3,11537.799,0.0,0.0,0.0,0.0,576889.95
1736502,IT,SK,INLAN,RETA1,0.02,11537.782,3,3,11537.782,0.0,0.0,0.0,0.0,576889.1
1726524,IT,RO,MACHI,RAILW,0.06,11537.08,3,3,11537.08,0.0,0.0,0.0,0.0,192284.666667
1680829,IT,GR,RAILW,HOTEL,0.08,11536.83,3,3,11536.83,0.0,0.0,0.0,0.0,144210.375
1749917,IT,CN,GLASS,PFERT,0.03,11536.787,3,3,11536.787,0.0,0.0,0.0,0.0,384559.566667
1800636,IT,WE,CERAM,VEGET,0.02,11536.289,3,3,11536.289,0.0,0.0,0.0,0.0,576814.45
1807652,IT,WF,RESEA,AUXIL,0.06,11536.241,3,3,11536.241,0.0,0.0,0.0,0.0,192270.683333
1646220,IT,BE,ALUM1,SEWAG,0.02,11536.054,3,3,11536.054,0.0,0.0,0.0,0.0,576802.7
1789855,IT,WA,CERAM,FABRI,0.02,11536.014,3,3,11536.014,0.0,0.0,0.0,0.0,576800.7
1773018,IT,CH,ALUM1,LEATH,0.02,11535.863,3,3,11535.863,0.0,0.0,0.0,0.0,576793.15
1793208,IT,WA,PRIVA,WHEAT,2.57,11535.305,4,4,11535.303,0.0,0.0,0.0,0.002,4488.445525
1686281,IT,HU,CERAM,WASTE,0.02,11535.294,3,3,11535.294,0.0,0.0,0.0,0.0,576764.7
1799524,IT,WE,PRINT,FISHF,0.11,11534.934,3,3,11534.934,0.0,0.0,0.0,0.0,104863.036364
1760526,IT,IN,WEARI,FINAN,0.09,11534.843,4,4,11534.841,0.0,0.0,0.0,0.002,128164.922222
1715428,IT,NL,MOTOR,ELEC5,0.02,11534.587,3,3,11534.587,0.0,0.0,0.0,0.0,576729.35
1679352,IT,GR,PLAST,WOODW,0.02,11534.556,3,3,11534.556,0.0,0.0,0.0,0.0,576727.8
1805668,IT,WF,BASIC,WHEAT,0.01,11534.073,3,3,11534.073,0.0,0.0,0.0,0.0,1153407.3
1807046,IT,WF,TRAN2,SUPPO,0.02,11533.989,3,3,11533.989,0.0,0.0,0.0,0.0,576699.45
1773280,IT,CH,MACHI,CEREA,0.06,11533.847,3,3,11533.847,0.0,0.0,0.0,0.0,192230.783333
1807129,IT,WF,AIRTR,IRONO,0.01,11533.801,3,3,11533.801,0.0,0.0,0.0,0.0,1153380.1
1717123,IT,NL,SEACO,POSTT,0.01,11533.69,3,3,11533.69,0.0,0.0,0.0,0.0,1153369.0
1791522,IT,WA,RETA1,FISH5,0.12,11533.516,3,3,11533.516,0.0,0.0,0.0,0.0,96112.633333
1648143,IT,BE,BUSIN,PIGS9,0.12,11533.502,3,3,11533.502,0.0,0.0,0.0,0.0,96112.516667
1747881,IT,JP,RENTI,RAILW,0.07,11533.097,3,3,11533.097,0.0,0.0,0.0,0.0,164758.528571
1641077,IT,AT,PAPER,KEROS,0.04,11532.889,3,3,11532.889,0.0,0.0,0.0,0.0,288322.225
1758070,IT,BR,GLASS,PIGS9,0.03,11532.044,3,3,11532.044,0.0,0.0,0.0,0.0,384401.466667
1719343,IT,PL,BIODI,LEAD1,0.02,11531.932,3,3,11531.932,0.0,0.0,0.0,0.0,576596.6
1711408,IT,LU,RETA1,RECRE,0.12,11531.078,3,3,11531.078,0.0,0.0,0.0,0.0,96092.316667
1787323,IT,WA,CROPS,GASDI,0.09,11531.07,3,3,11531.07,0.0,0.0,0.0,0.0,128123.0
1764727,IT,MX,HOTEL,NONF1,0.08,11530.106,3,3,11530.106,0.0,0.0,0.0,0.0,144126.325
1741900,IT,US,CHEM1,PARAF,0.02,11529.919,3,3,11529.919,0.0,0.0,0.0,0.0,576495.95
1710633,IT,LU,MEATP,RETA1,0.05,11529.844,3,3,11529.844,0.0,0.0,0.0,0.0,230596.88
1732652,IT,SI,GLASS,COMPU,0.03,11529.622,3,3,11529.622,0.0,0.0,0.0,0.0,384320.733333
1753443,IT,CA,FABRI,LIQUE,0.05,11528.868,3,3,11528.868,0.0,0.0,0.0,0.0,230577.36
1658081,IT,DE,ALUM1,WHEAT,0.02,11528.28,3,3,11528.28,0.0,0.0,0.0,0.0,576414.0
1750930,IT,CN,CONST,COLLE,0.06,11527.463,3,3,11527.463,0.0,0.0,0.0,0.0,192124.383333
1714840,IT,NL,FOOD5,ELEC5,0.06,11526.988,3,3,11526.988,0.0,0.0,0.0,0.0,192116.466667
1731815,IT,SI,PAPER,RETAI,0.04,11526.887,3,3,11526.887,0.0,0.0,0.0,0.0,288172.175
1811015,IT,WM,GASDI,FOOD4,0.02,11526.28,3,3,11526.28,0.0,0.0,0.0,0.0,576314.0
1749575,IT,CN,PLAST,ELEC2,0.02,11525.949,3,3,11525.949,0.0,0.0,0.0,0.0,576297.45
1642408,IT,AT,PREC1,RETA1,0.02,11525.723,3,3,11525.723,0.0,0.0,0.0,0.0,576286.15
1712584,IT,LV,MACHI,LANDT,0.06,11525.45,3,3,11525.45,0.0,0.0,0.0,0.0,192090.833333
1754772,IT,KR,SUGA1,NICKE,0.03,11525.202,4,4,11525.2,0.0,0.0,0.0,0.002,384173.4
1668828,IT,ES,TRAN2,WHITE,0.02,11524.533,3,3,11524.533,0.0,0.0,0.0,0.0,576226.65
1774268,IT,CH,RETA1,OILHA,0.12,11523.92,3,3,11523.92,0.0,0.0,0.0,0.0,96032.666667
1685427,IT,HU,WOODW,DAIRY,0.03,11523.536,3,3,11523.536,0.0,0.0,0.0,0.0,384117.866667
1728109,IT,SE,VEGE1,PAPER,0.04,11523.467,4,4,11523.464,0.0,0.0,0.0,0.003,288086.675
1679188,IT,GR,PRINT,SUPPO,0.11,11523.241,3,3,11523.241,0.0,0.0,0.0,0.0,104756.736364
1759368,IT,BR,FINAN,RETA1,0.15,11523.076,3,3,11523.076,0.0,0.0,0.0,0.0,76820.506667
1660673,IT,DE,REALE,RECRE,0.49,11522.472,3,3,11522.472,0.0,0.0,0.0,0.0,23515.24898
1796765,IT,WL,LANDT,FABRI,0.07,11521.983,3,3,11521.983,0.0,0.0,0.0,0.0,164599.757143
1670468,IT,FI,BEVER,MEATP,0.05,11521.468,3,3,11521.468,0.0,0.0,0.0,0.0,230429.36
1803198,IT,WF,CROPS,PRINT,0.09,11521.327,3,3,11521.327,0.0,0.0,0.0,0.0,128014.744444
1648336,IT,BE,EDUCA,BUSIN,0.29,11520.823,3,3,11520.823,0.0,0.0,0.0,0.0,39726.975862
1650004,IT,BG,MACHI,HYDRO,0.06,11520.618,3,3,11520.618,0.0,0.0,0.0,0.0,192010.3
1727659,IT,RO,RENTI,DISTR,0.07,11519.347,3,3,11519.347,0.0,0.0,0.0,0.0,164562.1
1651586,IT,CY,GLASS,CEMEN,0.03,11519.195,3,3,11519.195,0.0,0.0,0.0,0.0,383973.166667
1745563,IT,JP,BEVER,FINAN,0.05,11518.988,3,3,11518.988,0.0,0.0,0.0,0.0,230379.76
1721294,IT,PL,LANDT,SEACO,0.07,11518.965,3,3,11518.965,0.0,0.0,0.0,0.0,164556.642857
1721099,IT,PL,HOTEL,FOOD2,0.08,11518.312,3,3,11518.312,0.0,0.0,0.0,0.0,143978.9
1801794,IT,WE,ELEC4,COMPU,0.18,11518.232,3,3,11518.232,0.0,0.0,0.0,0.0,63990.177778
1683910,IT,HR,FURNI,MACHI,0.04,11517.629,3,3,11517.629,0.0,0.0,0.0,0.0,287940.725
1738786,IT,GB,OFFIC,LANDT,0.04,11517.491,3,3,11517.491,0.0,0.0,0.0,0.0,287937.275
1645662,IT,BE,CHEM1,FINAN,0.02,11516.414,3,3,11516.414,0.0,0.0,0.0,0.0,575820.7
1798561,IT,WE,CHEMI,GLASS,0.03,11516.39,4,4,11515.39,0.0,0.0,1.0,0.0,383879.666667
1790933,IT,WA,OFFIC,AIRTR,0.04,11516.31,3,3,11516.31,0.0,0.0,0.0,0.0,287907.75
1651294,IT,CY,BEVER,HEALT,0.05,11515.931,3,3,11515.931,0.0,0.0,0.0,0.0,230318.62
1718245,IT,PL,SUGA1,FOOD5,0.03,11514.715,4,4,11514.713,0.0,0.0,0.0,0.002,383823.833333
1777580,IT,TR,ALUM1,LEADZ,0.02,11514.482,3,3,11514.482,0.0,0.0,0.0,0.0,575724.1
1736145,IT,SK,CONST,HEALT,0.06,11513.675,3,3,11513.675,0.0,0.0,0.0,0.0,191894.583333
1764663,IT,MX,RETA1,POSTT,0.12,11513.671,3,3,11513.671,0.0,0.0,0.0,0.0,95947.258333
1665940,IT,ES,MOTOR,LEATH,0.02,11513.56,3,3,11513.56,0.0,0.0,0.0,0.0,575678.0
1752360,IT,CA,MEAT4,BIOGA,0.06,11513.167,3,3,11513.167,0.0,0.0,0.0,0.0,191886.116667
1758204,IT,BR,BASIC,MEATP,0.01,11512.904,3,3,11512.904,0.0,0.0,0.0,0.0,1151290.4
1663472,IT,DK,REALE,PUBLI,0.49,11511.308,3,3,11511.308,0.0,0.0,0.0,0.0,23492.465306
1762598,IT,IN,AUXIL,HOTEL,0.21,11510.845,3,3,11510.845,0.0,0.0,0.0,0.0,54813.547619
1777575,IT,TR,PREC1,BUSIN,0.02,11510.438,3,3,11510.438,0.0,0.0,0.0,0.0,575521.9
1719526,IT,PL,GLASS,BRICK,0.03,11510.398,3,3,11510.398,0.0,0.0,0.0,0.0,383679.933333
1676332,IT,FR,RETAI,SEACO,0.09,11509.768,3,3,11509.768,0.0,0.0,0.0,0.0,127886.311111
1657419,IT,DE,RUBBE,BITU1,0.04,11509.553,3,3,11509.553,0.0,0.0,0.0,0.0,287738.825
1747983,IT,JP,RESEA,RENTI,0.06,11509.424,3,3,11509.424,0.0,0.0,0.0,0.0,191823.733333
1660749,IT,DE,RENTI,FOODW,0.07,11509.378,3,3,11509.378,0.0,0.0,0.0,0.0,164419.685714
1771512,IT,CH,FISH5,RETA1,0.05,11509.284,4,4,11509.278,0.0,0.0,0.0,0.006,230185.68
1672012,IT,FI,SEACO,OFFIC,0.01,11508.709,3,3,11508.709,0.0,0.0,0.0,0.0,1150870.9
1646323,IT,BE,FABRI,VEGET,0.05,11508.596,3,3,11508.596,0.0,0.0,0.0,0.0,230171.92
1785822,IT,ZA,CHEM1,BRICK,0.02,11507.977,3,3,11507.977,0.0,0.0,0.0,0.0,575398.85
1757273,IT,BR,DAIRY,HOTEL,0.05,11507.757,3,3,11507.757,0.0,0.0,0.0,0.0,230155.14
1660428,IT,DE,FINAN,PAPE1,0.15,11505.916,3,3,11505.916,0.0,0.0,0.0,0.0,76706.106667
1780224,IT,TW,RAILW,HOTEL,0.08,11505.915,3,3,11505.915,0.0,0.0,0.0,0.0,143823.9375
1755349,IT,KR,PRINT,HOTEL,0.11,11505.584,3,3,11505.584,0.0,0.0,0.0,0.0,104596.218182
1804821,IT,WF,NAPHT,BIOG1,0.02,11505.498,3,3,11505.498,0.0,0.0,0.0,0.0,575274.9
1771891,IT,CH,PULP5,RETAI,0.04,11504.8,3,3,11504.8,0.0,0.0,0.0,0.0,287620.0
1783794,IT,NO,INERT,FISHF,0.08,11503.978,3,3,11503.978,0.0,0.0,0.0,0.0,143799.725
1788732,IT,WA,MOTOR,FABRI,0.02,11503.916,3,3,11503.916,0.0,0.0,0.0,0.0,575195.8
1733189,IT,SI,MACHI,MEATP,0.06,11503.886,3,3,11503.886,0.0,0.0,0.0,0.0,191731.433333
1718913,IT,PL,PRINT,PFERT,0.11,11503.738,3,3,11503.738,0.0,0.0,0.0,0.0,104579.436364
1765617,IT,RU,WOODW,MACHI,0.03,11503.724,3,3,11503.724,0.0,0.0,0.0,0.0,383457.466667
1748761,IT,CN,FISH5,PIGS9,0.05,11503.436,4,4,11503.43,0.0,0.0,0.0,0.006,230068.72
1645486,IT,BE,PLAST,CHEMI,0.02,11503.03,3,3,11503.03,0.0,0.0,0.0,0.0,575151.5
1798510,IT,WE,STONE,NATUR,0.04,11502.43,4,4,11501.43,0.0,0.0,1.0,0.0,287560.75
1642067,IT,AT,GLASS,PRINT,0.03,11502.311,3,3,11502.311,0.0,0.0,0.0,0.0,383410.366667
1801072,IT,WE,COPP1,RUBBE,0.03,11502.31,3,3,11502.31,0.0,0.0,0.0,0.0,383410.333333
1716558,IT,NL,TRANS,RESEA,0.07,11502.298,3,3,11502.298,0.0,0.0,0.0,0.0,164318.542857
1654779,IT,CZ,SUPPO,SANDC,0.08,11502.212,3,3,11502.212,0.0,0.0,0.0,0.0,143777.65
1762919,IT,MX,CHEMI,ELECT,0.03,11502.01,4,4,11501.01,0.0,0.0,1.0,0.0,383400.333333
1789582,IT,WA,BIODI,LANDT,0.02,11502.0,3,3,11502.0,0.0,0.0,0.0,0.0,575100.0
1689108,IT,IE,SALEM,RAWMI,0.09,11501.757,3,3,11501.757,0.0,0.0,0.0,0.0,127797.3
1762580,IT,IN,AUXIL,BASIC,0.21,11501.64,3,3,11501.64,0.0,0.0,0.0,0.0,54769.714286
1710505,IT,LT,SEACO,REALE,0.01,11501.608,3,3,11501.608,0.0,0.0,0.0,0.0,1150160.8
1685461,IT,HU,WOODW,HOTEL,0.03,11501.334,3,3,11501.334,0.0,0.0,0.0,0.0,383377.8
1771310,IT,CH,DAIRY,FURNI,0.05,11500.988,3,3,11500.988,0.0,0.0,0.0,0.0,230019.76
1666937,IT,ES,CERAM,KEROS,0.02,11500.612,3,3,11500.612,0.0,0.0,0.0,0.0,575030.6
1796721,IT,WL,LANDT,PADDY,0.07,11498.863,3,3,11498.863,0.0,0.0,0.0,0.0,164269.471429
1680131,IT,GR,OFFIC,WHOLE,0.04,11498.667,3,3,11498.667,0.0,0.0,0.0,0.0,287466.675
1756369,IT,KR,FURNI,WEARI,0.04,11498.663,3,3,11498.663,0.0,0.0,0.0,0.0,287466.575
1758453,IT,BR,MACHI,SUGAR,0.06,11498.584,3,3,11498.584,0.0,0.0,0.0,0.0,191643.066667
1668850,IT,ES,SEACO,PADDY,0.01,11498.422,3,3,11498.422,0.0,0.0,0.0,0.0,1149842.2
1795308,IT,WL,NONME,NICKE,0.02,11497.892,3,3,11497.892,0.0,0.0,0.0,0.0,574894.6
1762040,IT,IN,WHOLE,EDUCA,0.1,11497.857,3,3,11497.857,0.0,0.0,0.0,0.0,114978.57
1776837,IT,TR,BITU1,LEADZ,0.02,11497.789,3,3,11497.789,0.0,0.0,0.0,0.0,574889.45
1662904,IT,DK,RETA1,FISHF,0.12,11496.625,3,3,11496.625,0.0,0.0,0.0,0.0,95805.208333
1710313,IT,LT,FURNI,FURNI,0.04,11496.538,3,3,11496.538,0.0,0.0,0.0,0.0,287413.45
1668027,IT,ES,FURNI,RUBBE,0.04,11496.362,3,3,11496.362,0.0,0.0,0.0,0.0,287409.05
1760131,IT,BR,FOOD3,MEAT1,0.03,11495.134,3,3,11495.134,0.0,0.0,0.0,0.0,383171.133333
1736270,IT,SK,HOTEL,PRINT,0.08,11494.448,3,3,11494.448,0.0,0.0,0.0,0.0,143680.6
1760854,IT,IN,MOTOR,93197,0.02,11494.329,3,3,11494.329,0.0,0.0,0.0,0.0,574716.45
1741802,IT,US,PLAST,BRICK,0.02,11493.974,3,3,11493.974,0.0,0.0,0.0,0.0,574698.7
1768854,IT,AU,LEATH,AIRTR,0.08,11493.724,4,4,11493.722,0.0,0.0,0.0,0.002,143671.55
1803375,IT,WF,CHEMI,TOBAC,0.03,11493.699,4,4,11492.699,0.0,0.0,1.0,0.0,383123.3
1719099,IT,PL,NONSP,MACHI,0.02,11493.513,3,3,11493.513,0.0,0.0,0.0,0.0,574675.65
1791809,IT,WA,LANDT,TEXTI,0.07,11493.344,3,3,11493.344,0.0,0.0,0.0,0.0,164190.628571
1780079,IT,TW,WHOLE,CONST,0.1,11492.98,3,3,11492.98,0.0,0.0,0.0,0.0,114929.8
1675545,IT,FR,MOTO1,ANIMA,0.06,11492.303,3,3,11492.303,0.0,0.0,0.0,0.0,191538.383333
1686171,IT,HU,GLASS,MEAT4,0.03,11492.156,3,3,11492.156,0.0,0.0,0.0,0.0,383071.866667
1742498,IT,US,BASIC,ELEC1,0.01,11491.707,3,3,11491.707,0.0,0.0,0.0,0.0,1149170.7
1716188,IT,NL,ALUM1,COPP1,0.02,11491.277,3,3,11491.277,0.0,0.0,0.0,0.0,574563.85
1664440,IT,EE,MACHI,RAILW,0.06,11490.896,3,3,11490.896,0.0,0.0,0.0,0.0,191514.933333
1800593,IT,WE,GLASS,TEXTI,0.03,11490.688,3,3,11490.688,0.0,0.0,0.0,0.0,383022.933333
1765508,IT,RU,WEARI,RETA1,0.09,11490.659,4,4,11490.657,0.0,0.0,0.0,0.002,127673.988889
1778230,IT,TR,FURNI,SUPPO,0.04,11490.533,3,3,11490.533,0.0,0.0,0.0,0.0,287263.325
1774205,IT,CH,RETA1,GASDI,0.12,11490.024,3,3,11490.024,0.0,0.0,0.0,0.0,95750.2
1710250,IT,LT,MOTO1,MEATP,0.06,11489.449,3,3,11489.449,0.0,0.0,0.0,0.0,191490.816667
1746434,IT,JP,GLASS,FOOD5,0.03,11489.402,3,3,11489.402,0.0,0.0,0.0,0.0,382980.066667
1720974,IT,PL,WHOLE,LANDT,0.1,11489.397,3,3,11489.397,0.0,0.0,0.0,0.0,114893.97
1676231,IT,FR,CONST,SEWAG,0.06,11489.177,3,3,11489.177,0.0,0.0,0.0,0.0,191486.283333
1808193,IT,WF,OILHA,LANDT,0.07,11488.577,3,3,11488.577,0.0,0.0,0.0,0.0,164122.528571
1762749,IT,IN,BUSIN,MEDIC,0.12,11487.786,3,3,11487.786,0.0,0.0,0.0,0.0,95731.55
1689447,IT,IE,HOTEL,FURNI,0.08,11487.723,3,3,11487.723,0.0,0.0,0.0,0.0,143596.5375
1686296,IT,HU,CEMEN,MOTO1,0.02,11487.625,3,3,11487.625,0.0,0.0,0.0,0.0,574381.25
1720292,IT,PL,FABRI,NFERT,0.05,11487.608,3,3,11487.608,0.0,0.0,0.0,0.0,229752.16
1761107,IT,IN,CHEM1,VEGE1,0.02,11487.425,3,3,11487.425,0.0,0.0,0.0,0.0,574371.25
1735754,IT,SK,MACHI,CATTL,0.06,11486.76,3,3,11486.76,0.0,0.0,0.0,0.0,191446.0
1681268,IT,GR,FINAN,RETA1,0.15,11486.682,3,3,11486.682,0.0,0.0,0.0,0.0,76577.88
1726200,IT,RO,CERAM,HEALT,0.02,11486.557,3,3,11486.557,0.0,0.0,0.0,0.0,574327.85
1723583,IT,PT,FABRI,HEAVY,0.05,11486.513,3,3,11486.513,0.0,0.0,0.0,0.0,229730.26
1814367,IT,WM,FINAN,RECRE,0.15,11486.132,3,3,11486.132,0.0,0.0,0.0,0.0,76574.213333
1759960,IT,BR,PLAS1,FINAN,0.04,11486.033,3,3,11486.033,0.0,0.0,0.0,0.0,287150.825
1715135,IT,NL,LEATH,GLASS,0.08,11485.63,4,4,11485.628,0.0,0.0,0.0,0.002,143570.375
1687143,IT,HU,FURNI,WEARI,0.04,11485.062,3,3,11485.062,0.0,0.0,0.0,0.0,287126.55
1725177,IT,RO,VEGE1,BUSIN,0.04,11484.804,4,4,11484.802,0.0,0.0,0.0,0.002,287120.1
1727316,IT,RO,POSTT,BASIC,0.19,11484.244,3,3,11484.244,0.0,0.0,0.0,0.0,60443.389474
1717729,IT,NL,BUSIN,WOOD1,0.12,11484.208,3,3,11484.208,0.0,0.0,0.0,0.0,95701.733333
1753011,IT,CA,CHEM1,BIODI,0.02,11484.134,3,3,11484.134,0.0,0.0,0.0,0.0,574206.7
1641739,IT,AT,CHEM1,POULT,0.02,11483.669,3,3,11483.669,0.0,0.0,0.0,0.0,574183.45
1804431,IT,WF,KERO1,LEAD1,0.02,11483.462,3,3,11483.462,0.0,0.0,0.0,0.0,574173.1
1722577,IT,PT,FISH5,FISH5,0.05,11482.647,4,4,11482.641,0.0,0.0,0.0,0.006,229652.94
1805850,IT,WF,ALUM1,MEAT1,0.02,11482.575,3,3,11482.575,0.0,0.0,0.0,0.0,574128.75
1662382,IT,DK,BASIC,SUPPO,0.01,11482.157,3,3,11482.157,0.0,0.0,0.0,0.0,1148215.7
1802527,IT,WE,POSTT,INSUR,0.19,11481.991,3,3,11481.991,0.0,0.0,0.0,0.0,60431.531579
1650172,IT,BG,MOTO1,DIST1,0.06,11481.629,3,3,11481.629,0.0,0.0,0.0,0.0,191360.483333
1680937,IT,GR,TRAN2,BITU1,0.02,11481.145,3,3,11481.145,0.0,0.0,0.0,0.0,574057.25
1651461,IT,CY,GASDI,COMPU,0.02,11480.003,3,3,11480.003,0.0,0.0,0.0,0.0,574000.15
1790266,IT,WA,PREC1,PAPE1,0.02,11479.946,3,3,11479.946,0.0,0.0,0.0,0.0,573997.3
1735345,IT,SK,CEMEN,PLAST,0.02,11479.784,3,3,11479.784,0.0,0.0,0.0,0.0,573989.2
1802335,IT,WE,SEACO,OILSE,0.01,11479.559,3,3,11479.559,0.0,0.0,0.0,0.0,1147955.9
1796369,IT,WL,WHOLE,MEAT4,0.1,11479.479,3,3,11479.479,0.0,0.0,0.0,0.0,114794.79
1792624,IT,WA,COMPU,RECRE,0.13,11479.152,3,3,11479.152,0.0,0.0,0.0,0.0,88301.169231
1781962,IT,NO,RUBBE,CROPS,0.04,11479.058,3,3,11479.058,0.0,0.0,0.0,0.0,286976.45
1671750,IT,FI,SALEM,INERT,0.09,11478.808,3,3,11478.808,0.0,0.0,0.0,0.0,127542.311111
1711029,IT,LU,NONME,HOTEL,0.02,11478.744,3,3,11478.744,0.0,0.0,0.0,0.0,573937.2
1772718,IT,CH,CERAM,RECRE,0.02,11478.399,3,3,11478.399,0.0,0.0,0.0,0.0,573919.95
1740408,IT,GB,HEALT,PUBLI,0.06,11478.326,3,3,11478.326,0.0,0.0,0.0,0.0,191305.433333
1734709,IT,SK,LEATH,CEMEN,0.08,11477.239,4,4,11477.237,0.0,0.0,0.0,0.002,143465.4875
1745272,IT,JP,MEATP,ELEC1,0.05,11476.705,3,3,11476.705,0.0,0.0,0.0,0.0,229534.1
1648683,IT,BG,SUGA1,RETA1,0.03,11476.689,4,4,11476.687,0.0,0.0,0.0,0.002,382556.3
1716631,IT,NL,SALEM,FOOD2,0.09,11476.602,3,3,11476.602,0.0,0.0,0.0,0.0,127517.8
1684497,IT,HR,RESEA,OFFIC,0.06,11475.889,3,3,11475.889,0.0,0.0,0.0,0.0,191264.816667
1652622,IT,CZ,WOODW,PRINT,0.03,11475.487,3,3,11475.487,0.0,0.0,0.0,0.0,382516.233333
1680153,IT,GR,MOTO1,WOODW,0.06,11475.454,3,3,11475.454,0.0,0.0,0.0,0.0,191257.566667
1795440,IT,WL,PREC1,BEVER,0.02,11474.849,3,3,11474.849,0.0,0.0,0.0,0.0,573742.45
1736428,IT,SK,LANDT,ELEC6,0.07,11474.31,3,3,11474.31,0.0,0.0,0.0,0.0,163918.714286
1737724,IT,GB,GASDI,HOTEL,0.02,11474.266,3,3,11474.266,0.0,0.0,0.0,0.0,573713.3
1680876,IT,GR,LANDT,REFI1,0.07,11474.262,3,3,11474.262,0.0,0.0,0.0,0.0,163918.028571
1740291,IT,GB,BUSIN,PLAS2,0.12,11473.782,3,3,11473.782,0.0,0.0,0.0,0.0,95614.85
1725589,IT,RO,WOODW,CEMEN,0.03,11473.608,3,3,11473.608,0.0,0.0,0.0,0.0,382453.6
1792631,IT,WA,RESEA,CATTL,0.06,11473.275,3,3,11473.275,0.0,0.0,0.0,0.0,191221.25
1793177,IT,WA,93197,OFFIC,0.08,11472.638,3,3,11472.638,0.0,0.0,0.0,0.0,143407.975
1682187,IT,HR,WEARI,BEVER,0.09,11472.558,4,4,11472.556,0.0,0.0,0.0,0.002,127472.866667
1770016,IT,AU,FURNI,DISTR,0.04,11472.038,3,3,11472.038,0.0,0.0,0.0,0.0,286800.95
1745830,IT,JP,LEATH,SUGA1,0.08,11471.59,4,4,11471.588,0.0,0.0,0.0,0.002,143394.875
1767034,IT,RU,TRANS,BUSIN,0.07,11471.518,3,3,11471.518,0.0,0.0,0.0,0.0,163878.828571
1764509,IT,MX,CONST,SALEM,0.06,11470.897,3,3,11470.897,0.0,0.0,0.0,0.0,191181.616667
1677573,IT,FR,REALE,WEARI,0.48,11470.379,3,3,11470.379,0.0,0.0,0.0,0.0,23896.622917
1737384,IT,GB,TEXTI,PULP5,0.07,11470.06,4,4,11470.058,0.0,0.0,0.0,0.002,163858.0
1674099,IT,FR,HEAVY,SANDC,0.02,11469.815,3,3,11469.815,0.0,0.0,0.0,0.0,573490.75
1749193,IT,CN,PULP5,ELEC2,0.03,11469.474,3,3,11469.474,0.0,0.0,0.0,0.0,382315.8
1764660,IT,MX,RETA1,LANDT,0.12,11469.209,3,3,11469.209,0.0,0.0,0.0,0.0,95576.741667
1745534,IT,JP,BEVER,FOOD5,0.05,11469.115,3,3,11469.115,0.0,0.0,0.0,0.0,229382.3
1680667,IT,GR,WHOLE,CEMEN,0.1,11468.353,3,3,11468.353,0.0,0.0,0.0,0.0,114683.53
1804128,IT,WF,PAPER,KEROS,0.04,11468.195,3,3,11468.195,0.0,0.0,0.0,0.0,286704.875
1754223,IT,CA,POSTT,PAPER,0.19,11467.746,3,3,11467.746,0.0,0.0,0.0,0.0,60356.557895
1802517,IT,WE,POSTT,CONST,0.19,11467.313,3,3,11467.313,0.0,0.0,0.0,0.0,60354.278947
1781674,IT,NO,LEATH,COMPU,0.08,11466.74,4,4,11466.738,0.0,0.0,0.0,0.002,143334.25
1660495,IT,DE,INSUR,OFFIC,0.24,11466.391,3,3,11466.391,0.0,0.0,0.0,0.0,47776.629167
1716463,IT,NL,OFFIC,KEROS,0.04,11466.28,3,3,11466.28,0.0,0.0,0.0,0.0,286657.0
1644574,IT,BE,SUGA1,FOOD5,0.03,11465.49,4,4,11465.488,0.0,0.0,0.0,0.002,382183.0
1716297,IT,NL,FABRI,HEAVY,0.05,11465.488,3,3,11465.488,0.0,0.0,0.0,0.0,229309.76
1732747,IT,SI,NONME,SANDC,0.02,11465.354,3,3,11465.354,0.0,0.0,0.0,0.0,573267.7
1773431,IT,CH,OFFIC,LIQUE,0.04,11465.141,3,3,11465.141,0.0,0.0,0.0,0.0,286628.525
1734829,IT,SK,PAPER,POULT,0.04,11465.072,3,3,11465.072,0.0,0.0,0.0,0.0,286626.8
1814281,IT,WM,POSTT,AIRTR,0.19,11465.032,3,3,11465.032,0.0,0.0,0.0,0.0,60342.273684
1720159,IT,PL,COPP1,NAPHT,0.03,11465.004,3,3,11465.004,0.0,0.0,0.0,0.0,382166.8
1729206,IT,SE,CERAM,CHEM1,0.02,11464.935,3,3,11464.935,0.0,0.0,0.0,0.0,573246.75
1729339,IT,SE,NONME,WOOD1,0.02,11464.469,3,3,11464.469,0.0,0.0,0.0,0.0,573223.45
1712148,IT,LV,WEARI,PUBLI,0.09,11464.429,4,4,11464.427,0.0,0.0,0.0,0.002,127382.544444
1681024,IT,GR,AIRTR,TRANS,0.01,11463.676,3,3,11463.676,0.0,0.0,0.0,0.0,1146367.6
1763268,IT,MX,PAPER,MEATC,0.04,11463.116,3,3,11463.116,0.0,0.0,0.0,0.0,286577.9
1773441,IT,CH,OFFIC,ALUM1,0.04,11462.763,3,3,11462.763,0.0,0.0,0.0,0.0,286569.075
1767891,IT,RU,REALE,DISTR,0.48,11462.296,3,3,11462.296,0.0,0.0,0.0,0.0,23879.783333
1732500,IT,SI,RUBBE,FORES,0.04,11462.19,3,3,11462.19,0.0,0.0,0.0,0.0,286554.75
1780894,IT,TW,RESEA,RUBBE,0.06,11461.112,3,3,11461.112,0.0,0.0,0.0,0.0,191018.533333
1783627,IT,NO,FOOD3,COPP1,0.03,11460.783,3,3,11460.783,0.0,0.0,0.0,0.0,382026.1
1796576,IT,WL,HOTEL,FISHF,0.08,11460.69,3,3,11460.69,0.0,0.0,0.0,0.0,143258.625
1680303,IT,GR,FURNI,COMPU,0.04,11459.915,3,3,11459.915,0.0,0.0,0.0,0.0,286497.875
1741124,IT,US,WEARI,SALEM,0.09,11459.591,4,4,11459.589,0.0,0.0,0.0,0.002,127328.788889
1806705,IT,WF,WHOLE,LIQUE,0.1,11459.433,3,3,11459.433,0.0,0.0,0.0,0.0,114594.33
1787269,IT,WA,VEGET,BLAST,0.04,11459.223,3,3,11459.223,0.0,0.0,0.0,0.0,286480.575
1806997,IT,WF,LANDT,FABRI,0.07,11458.527,3,3,11458.527,0.0,0.0,0.0,0.0,163693.242857
1804703,IT,WF,LIQUE,OFFIC,0.02,11458.518,3,3,11458.518,0.0,0.0,0.0,0.0,572925.9
1805918,IT,WF,LEAD1,CRUDE,0.02,11458.511,3,3,11458.511,0.0,0.0,0.0,0.0,572925.55
1717291,IT,NL,POSTT,EDUCA,0.19,11458.081,3,3,11458.081,0.0,0.0,0.0,0.0,60305.689474
1808105,IT,WF,WOOD1,PRECI,0.08,11457.662,3,3,11457.662,0.0,0.0,0.0,0.0,143220.775
1732289,IT,SI,NAPHT,MEATP,0.02,11457.043,3,3,11457.043,0.0,0.0,0.0,0.0,572852.15
1659950,IT,DE,TRAN2,FOOD1,0.02,11456.953,3,3,11456.953,0.0,0.0,0.0,0.0,572847.65
1642121,IT,AT,CERAM,VEGET,0.02,11456.253,3,3,11456.253,0.0,0.0,0.0,0.0,572812.65
1670765,IT,FI,PAPER,OILHA,0.04,11456.252,3,3,11456.252,0.0,0.0,0.0,0.0,286406.3
1775705,IT,TR,CROPS,RETA1,0.09,11456.081,3,3,11456.081,0.0,0.0,0.0,0.0,127289.788889
1716185,IT,NL,ALUM1,PREC1,0.02,11455.735,3,3,11455.735,0.0,0.0,0.0,0.0,572786.75
1801901,IT,WE,CONST,RAILW,0.06,11454.027,3,3,11454.027,0.0,0.0,0.0,0.0,190900.45
1800715,IT,WE,CEMEN,RETA1,0.02,11453.469,3,3,11453.469,0.0,0.0,0.0,0.0,572673.45
1759083,IT,BR,AIRTR,CATTL,0.01,11452.356,3,3,11452.356,0.0,0.0,0.0,0.0,1145235.6
1814247,IT,WM,POSTT,HEAVY,0.19,11452.334,3,3,11452.334,0.0,0.0,0.0,0.0,60275.442105
1749927,IT,CN,GLASS,FOUND,0.03,11451.977,3,3,11451.977,0.0,0.0,0.0,0.0,381732.566667
1666676,IT,ES,ADDIT,RECRE,0.03,11451.92,3,3,11451.92,0.0,0.0,0.0,0.0,381730.666667
1686825,IT,HU,FABRI,ELECT,0.05,11451.799,3,3,11451.799,0.0,0.0,0.0,0.0,229035.98
1787869,IT,WA,FOOD5,HEALT,0.06,11451.523,3,3,11451.523,0.0,0.0,0.0,0.0,190858.716667
1640576,IT,AT,FOOD5,TRAN2,0.06,11451.326,3,3,11451.326,0.0,0.0,0.0,0.0,190855.433333
1754228,IT,CA,POSTT,PFERT,0.19,11451.096,3,3,11451.096,0.0,0.0,0.0,0.0,60268.926316
1729666,IT,SE,FABRI,STEAM,0.05,11450.971,3,3,11450.971,0.0,0.0,0.0,0.0,229019.42
1768800,IT,AU,LEATH,NATUR,0.08,11450.838,4,4,11450.836,0.0,0.0,0.0,0.002,143135.475
1649490,IT,BG,RUBBE,VEGET,0.04,11450.422,3,3,11450.422,0.0,0.0,0.0,0.0,286260.55
1718165,IT,PL,DAIRY,COPPE,0.05,11450.282,3,3,11450.282,0.0,0.0,0.0,0.0,229005.64
1663536,IT,DK,COMPU,CHEM1,0.13,11450.101,3,3,11450.101,0.0,0.0,0.0,0.0,88077.7
1722904,IT,PT,MOTOR,DIST1,0.02,11449.085,3,3,11449.085,0.0,0.0,0.0,0.0,572454.25
1683721,IT,HR,MACHI,PULP5,0.06,11449.006,3,3,11449.006,0.0,0.0,0.0,0.0,190816.766667
1794721,IT,WL,LUBRI,MOTOR,0.01,11448.796,3,3,11448.796,0.0,0.0,0.0,0.0,1144879.6
1789642,IT,WA,RUBBE,LUBRI,0.04,11448.693,3,3,11448.693,0.0,0.0,0.0,0.0,286217.325
1730195,IT,SE,LANDT,TRAN1,0.07,11448.677,3,3,11448.677,0.0,0.0,0.0,0.0,163552.528571
1748497,IT,CN,SANDC,RUBBE,0.03,11448.403,4,4,11445.403,0.0,0.0,3.0,0.0,381613.433333
1715908,IT,NL,GLASS,MEATC,0.03,11447.409,3,3,11447.409,0.0,0.0,0.0,0.0,381580.3
1715205,IT,NL,WOODW,FOUND,0.03,11447.191,3,3,11447.191,0.0,0.0,0.0,0.0,381573.033333
1712709,IT,LV,HOTEL,SALEM,0.08,11446.871,3,3,11446.871,0.0,0.0,0.0,0.0,143085.8875
1719648,IT,PL,CEMEN,WOODW,0.02,11446.027,3,3,11446.027,0.0,0.0,0.0,0.0,572301.35
1808501,IT,WF,FOOD4,AUXIL,0.08,11444.727,3,3,11444.727,0.0,0.0,0.0,0.0,143059.0875
1653613,IT,CZ,PREC1,REALE,0.02,11444.677,3,3,11444.677,0.0,0.0,0.0,0.0,572233.85
1687589,IT,HU,LANDT,FOOD4,0.07,11444.45,3,3,11444.45,0.0,0.0,0.0,0.0,163492.142857
1668309,IT,ES,WHOLE,ELEC1,0.1,11443.208,3,3,11443.208,0.0,0.0,0.0,0.0,114432.08
1672477,IT,FI,PAPE4,MEAT1,0.08,11443.073,3,3,11443.073,0.0,0.0,0.0,0.0,143038.4125
1754193,IT,CA,SUPPO,BUSIN,0.08,11442.46,3,3,11442.46,0.0,0.0,0.0,0.0,143030.75
1721951,IT,PL,COMPU,BEVER,0.13,11442.189,3,3,11442.189,0.0,0.0,0.0,0.0,88016.838462
1688754,IT,IE,ADDIT,TRAN1,0.03,11441.877,3,3,11441.877,0.0,0.0,0.0,0.0,381395.9
1779462,IT,TR,RENTI,STONE,0.07,11441.875,3,3,11441.875,0.0,0.0,0.0,0.0,163455.357143
1759044,IT,BR,SEACO,TOBAC,0.01,11440.865,3,3,11440.865,0.0,0.0,0.0,0.0,1144086.5
1760249,IT,BR,WOOD2,NONME,0.06,11440.535,3,3,11440.535,0.0,0.0,0.0,0.0,190675.583333
1801815,IT,WE,ELEC5,TRANS,0.14,11440.423,3,3,11440.423,0.0,0.0,0.0,0.0,81717.307143
1641840,IT,AT,CHEM1,PAPE1,0.02,11440.139,3,3,11440.139,0.0,0.0,0.0,0.0,572006.95
1785089,IT,ZA,SANDC,RECRE,0.03,11439.84,4,4,11436.84,0.0,0.0,3.0,0.0,381328.0
1666691,IT,ES,BIODI,HOTEL,0.02,11439.761,3,3,11439.761,0.0,0.0,0.0,0.0,571988.05
1798882,IT,WE,BEVER,PLAST,0.05,11439.658,3,3,11439.658,0.0,0.0,0.0,0.0,228793.16
1717050,IT,NL,LANDT,TRAN1,0.07,11439.182,3,3,11439.182,0.0,0.0,0.0,0.0,163416.885714
1805670,IT,WF,BASIC,OILSE,0.01,11438.949,3,3,11438.949,0.0,0.0,0.0,0.0,1143894.9
1786357,IT,ZA,MACHI,MEAT1,0.06,11438.71,3,3,11438.71,0.0,0.0,0.0,0.0,190645.166667
1689897,IT,IE,AUXIL,MACHI,0.21,11438.092,3,3,11438.092,0.0,0.0,0.0,0.0,54467.104762
1646902,IT,BE,WHOLE,BIODI,0.1,11438.021,3,3,11438.021,0.0,0.0,0.0,0.0,114380.21
1733818,IT,SI,LANDT,FOOD3,0.07,11437.463,3,3,11437.463,0.0,0.0,0.0,0.0,163392.328571
1768434,IT,AU,DAIRY,PROCE,0.05,11437.138,3,3,11437.138,0.0,0.0,0.0,0.0,228742.76
1791969,IT,WA,SEACO,MACHI,0.01,11436.645,3,3,11436.645,0.0,0.0,0.0,0.0,1143664.5
1743288,IT,US,FURNI,ELEC2,0.04,11436.148,3,3,11436.148,0.0,0.0,0.0,0.0,285903.7
1669404,IT,ES,INSUR,CEMEN,0.24,11435.726,3,3,11435.726,0.0,0.0,0.0,0.0,47648.858333
1802176,IT,WE,HOTEL,ALUM1,0.08,11435.521,3,3,11435.521,0.0,0.0,0.0,0.0,142944.0125
1762927,IT,MX,CHEMI,PUBLI,0.03,11435.333,4,4,11434.333,0.0,0.0,1.0,0.0,381177.766667
1730135,IT,SE,RAILW,RAILW,0.08,11434.454,3,3,11434.454,0.0,0.0,0.0,0.0,142930.675
1667860,IT,ES,OFFIC,PLAS2,0.04,11433.325,3,3,11433.325,0.0,0.0,0.0,0.0,285833.125
1649442,IT,BG,CHEM1,ELEC3,0.02,11433.31,3,3,11433.31,0.0,0.0,0.0,0.0,571665.5
1725438,IT,RO,TEXTI,TEXT2,0.07,11432.438,4,4,11432.436,0.0,0.0,0.0,0.002,163320.542857
1653551,IT,CZ,BASIC,GASWO,0.01,11432.188,3,3,11432.188,0.0,0.0,0.0,0.0,1143218.8
1790392,IT,WA,LEAD1,PULP5,0.02,11431.65,3,3,11431.65,0.0,0.0,0.0,0.0,571582.5
1802369,IT,WE,SEACO,NONF1,0.01,11431.488,3,3,11431.488,0.0,0.0,0.0,0.0,1143148.8
1776880,IT,TR,PLAST,IRONO,0.02,11431.465,3,3,11431.465,0.0,0.0,0.0,0.0,571573.25
1731962,IT,SI,MOTOR,OILHA,0.02,11431.164,3,3,11431.164,0.0,0.0,0.0,0.0,571558.2
1779832,IT,TR,PUBLI,PRINT,0.19,11430.621,3,3,11430.621,0.0,0.0,0.0,0.0,60161.163158
1814071,IT,WM,AIRTR,NONFE,0.01,11430.165,3,3,11430.165,0.0,0.0,0.0,0.0,1143016.5
1763661,IT,MX,RUBBE,PULP5,0.04,11429.632,3,3,11429.632,0.0,0.0,0.0,0.0,285740.8
1760351,IT,IN,CHEMI,WOODW,0.03,11429.607,4,4,11428.607,0.0,0.0,1.0,0.0,380986.9
1807223,IT,WF,SUPPO,PRECI,0.08,11428.962,3,3,11428.962,0.0,0.0,0.0,0.0,142862.025
1748825,IT,CN,TEXTI,BLAST,0.07,11428.062,4,4,11428.06,0.0,0.0,0.0,0.002,163258.028571
1640881,IT,AT,LEATH,BIODI,0.08,11427.921,4,4,11427.919,0.0,0.0,0.0,0.002,142849.0125
1689686,IT,IE,POSTT,INSUR,0.19,11427.724,3,3,11427.724,0.0,0.0,0.0,0.0,60145.915789
1777416,IT,TR,NONME,STONE,0.02,11427.645,3,3,11427.645,0.0,0.0,0.0,0.0,571382.25
1645284,IT,BE,MOTOR,HEALT,0.02,11427.414,3,3,11427.414,0.0,0.0,0.0,0.0,571370.7
1731699,IT,SI,WOODW,AUXIL,0.03,11426.202,3,3,11426.202,0.0,0.0,0.0,0.0,380873.4
1690043,IT,IE,RENTI,NATUR,0.07,11426.187,3,3,11426.187,0.0,0.0,0.0,0.0,163231.242857
1762898,IT,MX,STONE,RESEA,0.04,11425.814,4,4,11424.814,0.0,0.0,1.0,0.0,285645.35
1813514,IT,WM,RETAI,CONST,0.09,11425.726,3,3,11425.726,0.0,0.0,0.0,0.0,126952.511111
1782182,IT,NO,NONME,RECRE,0.02,11425.694,3,3,11425.694,0.0,0.0,0.0,0.0,571284.7
1803041,IT,WF,CEREA,IRONO,0.02,11425.234,3,3,11425.234,0.0,0.0,0.0,0.0,571261.7
1794702,IT,WL,NAPHT,BIOG1,0.02,11425.025,3,3,11425.025,0.0,0.0,0.0,0.0,571251.25
1801910,IT,WE,CONST,COMPU,0.06,11425.015,3,3,11425.015,0.0,0.0,0.0,0.0,190416.916667
1659956,IT,DE,SEACO,BEVER,0.01,11424.837,3,3,11424.837,0.0,0.0,0.0,0.0,1142483.7
1665660,IT,ES,WOODW,PUBLI,0.03,11424.683,3,3,11424.683,0.0,0.0,0.0,0.0,380822.766667
1750116,IT,CN,BASIC,EDUCA,0.01,11424.596,3,3,11424.596,0.0,0.0,0.0,0.0,1142459.6
1786454,IT,ZA,MOTO1,NONFE,0.06,11424.225,3,3,11424.225,0.0,0.0,0.0,0.0,190403.75
1666197,IT,ES,HEAVY,SUGA1,0.02,11423.493,3,3,11423.493,0.0,0.0,0.0,0.0,571174.65
1727490,IT,RO,AUXIL,COPP1,0.21,11423.201,3,3,11423.201,0.0,0.0,0.0,0.0,54396.195238
1641434,IT,AT,GASDI,NONME,0.02,11422.365,3,3,11422.365,0.0,0.0,0.0,0.0,571118.25
1748017,IT,JP,BUSIN,WOODW,0.12,11422.199,3,3,11422.199,0.0,0.0,0.0,0.0,95184.991667
1749926,IT,CN,GLASS,COPP1,0.03,11421.8,3,3,11421.8,0.0,0.0,0.0,0.0,380726.666667
1661853,IT,DK,PAPER,NONME,0.04,11421.618,3,3,11421.618,0.0,0.0,0.0,0.0,285540.45
1779216,IT,TR,POSTT,RAILW,0.19,11421.281,3,3,11421.281,0.0,0.0,0.0,0.0,60112.005263
1767260,IT,RU,HOTEL,KEROS,0.08,11420.652,3,3,11420.652,0.0,0.0,0.0,0.0,142758.15
1721466,IT,PL,AIRTR,INSUR,0.01,11420.627,3,3,11420.627,0.0,0.0,0.0,0.0,1142062.7
1752880,IT,CA,MOTOR,RECRE,0.02,11419.643,3,3,11419.643,0.0,0.0,0.0,0.0,570982.15
1642045,IT,AT,GLASS,CATTL,0.03,11418.979,3,3,11418.979,0.0,0.0,0.0,0.0,380632.633333
1807444,IT,WF,AUXIL,SALEM,0.21,11418.92,3,3,11418.92,0.0,0.0,0.0,0.0,54375.809524
1787327,IT,WA,CROPS,PLAST,0.09,11418.612,3,3,11418.612,0.0,0.0,0.0,0.0,126873.466667
1784858,IT,ID,SEACO,RENTI,0.01,11418.142,3,3,11418.142,0.0,0.0,0.0,0.0,1141814.2
1744508,IT,US,REALE,MOTOR,0.48,11417.976,3,3,11417.976,0.0,0.0,0.0,0.0,23787.45
1674005,IT,FR,KEROS,WOOD1,0.02,11417.489,3,3,11417.489,0.0,0.0,0.0,0.0,570874.45
1809896,IT,WM,BEVER,NFERT,0.05,11417.042,3,3,11417.042,0.0,0.0,0.0,0.0,228340.84
1771791,IT,CH,LEATH,PAPE1,0.08,11416.917,4,4,11416.915,0.0,0.0,0.0,0.002,142711.4625
1787405,IT,WA,FISHF,HEAVY,0.02,11415.916,3,3,11415.916,0.0,0.0,0.0,0.0,570795.8
1651377,IT,CY,PAPER,HEALT,0.04,11415.836,3,3,11415.836,0.0,0.0,0.0,0.0,285395.9
1711647,IT,LU,COMPU,PRINT,0.13,11415.808,3,3,11415.808,0.0,0.0,0.0,0.0,87813.907692
1683803,IT,HR,OFFIC,DIST1,0.04,11415.668,3,3,11415.668,0.0,0.0,0.0,0.0,285391.7
1689710,IT,IE,FINAN,NATUR,0.15,11415.017,3,3,11415.017,0.0,0.0,0.0,0.0,76100.113333
1784294,IT,ID,CHEM1,TRAN1,0.02,11414.405,3,3,11414.405,0.0,0.0,0.0,0.0,570720.25
1713318,IT,MT,KEROS,RADIO,0.02,11414.003,3,3,11414.003,0.0,0.0,0.0,0.0,570700.15
1723680,IT,PT,MACHI,MOTOR,0.06,11413.525,3,3,11413.525,0.0,0.0,0.0,0.0,190225.416667
1683149,IT,HR,GLASS,PLANT,0.03,11413.405,3,3,11413.405,0.0,0.0,0.0,0.0,380446.833333
1645275,IT,BE,MOTOR,SALEM,0.02,11413.381,3,3,11413.381,0.0,0.0,0.0,0.0,570669.05
1717211,IT,NL,SUPPO,DISTR,0.08,11413.121,3,3,11413.121,0.0,0.0,0.0,0.0,142664.0125
1800155,IT,WE,NONSP,MEAT4,0.01,11412.674,3,3,11412.674,0.0,0.0,0.0,0.0,1141267.4
1809320,IT,WM,STONE,MACHI,0.04,11412.656,4,4,11411.656,0.0,0.0,1.0,0.0,285316.4
1730717,IT,SE,COMPU,RESEA,0.13,11411.506,3,3,11411.506,0.0,0.0,0.0,0.0,87780.815385
1769021,IT,AU,PRINT,RETA1,0.11,11411.069,3,3,11411.069,0.0,0.0,0.0,0.0,103736.990909
1732807,IT,SI,BASIC,CHEMI,0.01,11410.875,3,3,11410.875,0.0,0.0,0.0,0.0,1141087.5
1765804,IT,RU,KEROS,MOTOR,0.02,11410.804,3,3,11410.804,0.0,0.0,0.0,0.0,570540.2
1747370,IT,JP,RETA1,WHOLE,0.12,11410.615,3,3,11410.615,0.0,0.0,0.0,0.0,95088.458333
1655021,IT,CZ,REALE,TRANS,0.48,11409.91,3,3,11409.91,0.0,0.0,0.0,0.0,23770.645833
1732371,IT,SI,PETRO,WHOLE,0.02,11409.723,3,3,11409.723,0.0,0.0,0.0,0.0,570486.15
1764258,IT,MX,MACHI,SECO9,0.06,11409.692,3,3,11409.692,0.0,0.0,0.0,0.0,190161.533333
1713155,IT,MT,FISH5,PLAST,0.05,11409.297,4,4,11409.291,0.0,0.0,0.0,0.006,228185.94
1646836,IT,BE,RETAI,FISH5,0.09,11408.945,3,3,11408.945,0.0,0.0,0.0,0.0,126766.055556
1675154,IT,FR,COPP1,BUSIN,0.03,11408.731,3,3,11408.731,0.0,0.0,0.0,0.0,380291.033333
1806649,IT,WF,RETAI,COPPE,0.09,11408.127,3,3,11408.127,0.0,0.0,0.0,0.0,126756.966667
1678154,IT,FR,PLAS1,PLAS1,0.04,11408.103,3,3,11408.103,0.0,0.0,0.0,0.0,285202.575
1777809,IT,TR,FABRI,BIODI,0.05,11407.847,3,3,11407.847,0.0,0.0,0.0,0.0,228156.94
1669138,IT,ES,POSTT,TEXTI,0.19,11407.833,3,3,11407.833,0.0,0.0,0.0,0.0,60041.226316
1723752,IT,PT,MACHI,93197,0.06,11407.62,3,3,11407.62,0.0,0.0,0.0,0.0,190127.0
1684946,IT,HU,MEATP,DIST1,0.05,11406.687,3,3,11406.687,0.0,0.0,0.0,0.0,228133.74
1759532,IT,BR,RENTI,ELEC8,0.07,11406.214,3,3,11406.214,0.0,0.0,0.0,0.0,162945.914286
1763185,IT,MX,LEATH,COLLE,0.08,11404.803,4,4,11404.801,0.0,0.0,0.0,0.002,142560.0375
1788456,IT,WA,PULP5,NAPHT,0.03,11404.356,3,3,11404.356,0.0,0.0,0.0,0.0,380145.2
1727622,IT,RO,RENTI,VEGET,0.07,11402.796,3,3,11402.796,0.0,0.0,0.0,0.0,162897.085714
1759943,IT,BR,PLAS1,OFFIC,0.04,11402.628,3,3,11402.628,0.0,0.0,0.0,0.0,285065.7
1751267,IT,CN,HOTEL,PAPE1,0.08,11402.549,3,3,11402.549,0.0,0.0,0.0,0.0,142531.8625
1812642,IT,WM,COPP1,FOOD5,0.03,11401.919,3,3,11401.919,0.0,0.0,0.0,0.0,380063.966667
1640746,IT,AT,TEXTI,COPP1,0.07,11401.455,4,4,11401.453,0.0,0.0,0.0,0.002,162877.928571
1795865,IT,WL,OFFIC,MOTOR,0.04,11401.245,3,3,11401.245,0.0,0.0,0.0,0.0,285031.125
1764305,IT,MX,MACHI,WOOD2,0.06,11401.223,3,3,11401.223,0.0,0.0,0.0,0.0,190020.383333
1810436,IT,WM,PULP5,CERAM,0.03,11401.109,3,3,11401.109,0.0,0.0,0.0,0.0,380036.966667
1764304,IT,MX,MACHI,TEXT2,0.06,11401.012,3,3,11401.012,0.0,0.0,0.0,0.0,190016.866667
1764302,IT,MX,MACHI,PLAS2,0.06,11400.882,3,3,11400.882,0.0,0.0,0.0,0.0,190014.7
1668756,IT,ES,LANDT,ELEC2,0.07,11400.423,3,3,11400.423,0.0,0.0,0.0,0.0,162863.185714
1811479,IT,WM,PLAST,COLLE,0.02,11400.234,3,3,11400.234,0.0,0.0,0.0,0.0,570011.7
1814965,IT,WM,PRIVA,SALEM,2.54,11400.188,4,4,11400.186,0.0,0.0,0.0,0.002,4488.262992
1738396,IT,GB,PREC1,INSUR,0.02,11399.765,3,3,11399.765,0.0,0.0,0.0,0.0,569988.25
1751851,IT,CN,RENTI,SALEM,0.07,11399.193,3,3,11399.193,0.0,0.0,0.0,0.0,162845.614286
1715856,IT,NL,RUBBE,ELEC5,0.04,11398.814,3,3,11398.814,0.0,0.0,0.0,0.0,284970.35
1763603,IT,MX,CHEM1,RENTI,0.02,11398.592,3,3,11398.592,0.0,0.0,0.0,0.0,569929.6
1642215,IT,AT,CEMEN,SUPPO,0.02,11398.183,3,3,11398.183,0.0,0.0,0.0,0.0,569909.15
1646868,IT,BE,WHOLE,SANDC,0.1,11398.15,3,3,11398.15,0.0,0.0,0.0,0.0,113981.5
1672601,IT,FR,WOOLS,RAWMI,0.05,11397.943,3,3,11397.943,0.0,0.0,0.0,0.0,227958.86
1665074,IT,ES,MEAT4,93197,0.06,11397.845,3,3,11397.845,0.0,0.0,0.0,0.0,189964.083333
1670840,IT,FI,NONSP,MOTOR,0.01,11397.638,3,3,11397.638,0.0,0.0,0.0,0.0,1139763.8
1807429,IT,WF,INSUR,WHOLE,0.23,11397.533,3,3,11397.533,0.0,0.0,0.0,0.0,49554.491304
1809802,IT,WM,FOOD5,LEAD1,0.05,11397.308,3,3,11397.308,0.0,0.0,0.0,0.0,227946.16
1772877,IT,CH,BASIC,ELEC2,0.01,11395.901,3,3,11395.901,0.0,0.0,0.0,0.0,1139590.1
1773647,IT,CH,FURNI,RAWMI,0.04,11395.882,3,3,11395.882,0.0,0.0,0.0,0.0,284897.05
1754113,IT,CA,AIRTR,ELEC3,0.01,11394.521,3,3,11394.521,0.0,0.0,0.0,0.0,1139452.1
1683177,IT,HR,GLASS,PFERT,0.03,11392.409,3,3,11392.409,0.0,0.0,0.0,0.0,379746.966667
1778257,IT,TR,CONST,REALE,0.06,11392.213,3,3,11392.213,0.0,0.0,0.0,0.0,189870.216667
1672555,IT,FR,VEGET,PLAST,0.04,11391.919,3,3,11391.919,0.0,0.0,0.0,0.0,284797.975
1803725,IT,WF,FISH5,CRUDE,0.05,11391.607,4,4,11391.601,0.0,0.0,0.0,0.006,227832.14
1797545,IT,WL,BUSIN,RESEA,0.12,11390.699,3,3,11390.699,0.0,0.0,0.0,0.0,94922.491667
1748578,IT,CN,VEGE1,ALUM1,0.04,11390.661,4,4,11390.659,0.0,0.0,0.0,0.002,284766.525
1744179,IT,US,POSTT,VEGET,0.19,11390.625,3,3,11390.625,0.0,0.0,0.0,0.0,59950.657895
1807076,IT,WF,SEACO,WOODW,0.01,11390.016,3,3,11390.016,0.0,0.0,0.0,0.0,1139001.6
1677172,IT,FR,POSTT,CEMEN,0.19,11389.944,3,3,11389.944,0.0,0.0,0.0,0.0,59947.073684
1662380,IT,DK,BASIC,SEACO,0.01,11389.814,3,3,11389.814,0.0,0.0,0.0,0.0,1138981.4
1645139,IT,BE,PRINT,WOODW,0.11,11389.129,3,3,11389.129,0.0,0.0,0.0,0.0,103537.536364
1682028,IT,HR,BEVER,SALEM,0.05,11389.034,3,3,11389.034,0.0,0.0,0.0,0.0,227780.68
1684306,IT,HR,AIRTR,RECRE,0.01,11388.876,3,3,11388.876,0.0,0.0,0.0,0.0,1138887.6
1764678,IT,MX,HOTEL,FORES,0.08,11388.694,3,3,11388.694,0.0,0.0,0.0,0.0,142358.675
1727184,IT,RO,TRAN2,REFIN,0.02,11388.615,3,3,11388.615,0.0,0.0,0.0,0.0,569430.75
1761794,IT,IN,MACHI,SEACO,0.06,11388.597,3,3,11388.597,0.0,0.0,0.0,0.0,189809.95
1655635,IT,DE,CHEMI,WHEAT,0.03,11388.394,4,4,11387.394,0.0,0.0,1.0,0.0,379613.133333
1774168,IT,CH,RETA1,WHEAT,0.12,11387.984,3,3,11387.984,0.0,0.0,0.0,0.0,94899.866667
1776836,IT,TR,BITU1,ALUMI,0.02,11387.902,3,3,11387.902,0.0,0.0,0.0,0.0,569395.1
1795647,IT,WL,FABRI,REFI1,0.05,11387.75,3,3,11387.75,0.0,0.0,0.0,0.0,227755.0
1671700,IT,FI,SALEM,BEVER,0.09,11387.535,3,3,11387.535,0.0,0.0,0.0,0.0,126528.166667
1744804,IT,US,RESEA,ELEC6,0.06,11387.1,3,3,11387.1,0.0,0.0,0.0,0.0,189785.0
1802411,IT,WE,AIRTR,LEATH,0.01,11386.596,3,3,11386.596,0.0,0.0,0.0,0.0,1138659.6
1805806,IT,WF,PREC1,OFFIC,0.02,11386.563,3,3,11386.563,0.0,0.0,0.0,0.0,569328.15
1723366,IT,PT,BASIC,FOOD5,0.01,11386.489,3,3,11386.489,0.0,0.0,0.0,0.0,1138648.9
1667091,IT,ES,NONME,PUBLI,0.02,11386.432,3,3,11386.432,0.0,0.0,0.0,0.0,569321.6
1809951,IT,WM,FISH5,PROCE,0.05,11385.956,4,4,11385.95,0.0,0.0,0.0,0.006,227719.12
1652613,IT,CZ,WOODW,NATUR,0.03,11385.482,3,3,11385.482,0.0,0.0,0.0,0.0,379516.066667
1745392,IT,JP,VEGE1,POSTT,0.04,11384.636,4,4,11384.634,0.0,0.0,0.0,0.002,284615.9
1724143,IT,PT,RETA1,ELEC5,0.12,11384.509,3,3,11384.509,0.0,0.0,0.0,0.0,94870.908333
1679759,IT,GR,BASIC,ELEC5,0.01,11384.406,3,3,11384.406,0.0,0.0,0.0,0.0,1138440.6
1762523,IT,IN,INSUR,MOTO1,0.23,11383.801,3,3,11383.801,0.0,0.0,0.0,0.0,49494.786957
1653081,IT,CZ,CHEM1,MEATA,0.02,11383.66,3,3,11383.66,0.0,0.0,0.0,0.0,569183.0
1669259,IT,ES,FINAN,FISHF,0.15,11383.614,3,3,11383.614,0.0,0.0,0.0,0.0,75890.76
1804334,IT,WF,MOTOR,OXYGE,0.02,11382.847,3,3,11382.847,0.0,0.0,0.0,0.0,569142.35
1681936,IT,HR,FOOD5,FORES,0.05,11382.506,3,3,11382.506,0.0,0.0,0.0,0.0,227650.12
1783493,IT,NO,WOOD1,FOOD2,0.08,11381.371,3,3,11381.371,0.0,0.0,0.0,0.0,142267.1375
1640333,IT,AT,CHEMI,NONME,0.03,11381.187,4,4,11380.187,0.0,0.0,1.0,0.0,379372.9
1672321,IT,FI,RESEA,WOODW,0.06,11381.135,3,3,11381.135,0.0,0.0,0.0,0.0,189685.583333
1734965,IT,SK,LIQUE,MOTOR,0.02,11381.093,3,3,11381.093,0.0,0.0,0.0,0.0,569054.65
1687602,IT,HU,TRAN2,LIQUE,0.02,11379.445,3,3,11379.445,0.0,0.0,0.0,0.0,568972.25
1662800,IT,DK,FURNI,FABRI,0.04,11379.424,3,3,11379.424,0.0,0.0,0.0,0.0,284485.6
1710751,IT,LU,FISH5,BEVER,0.05,11378.897,4,4,11378.891,0.0,0.0,0.0,0.006,227577.94
1677822,IT,FR,COMPU,MEMBE,0.13,11378.896,3,3,11378.896,0.0,0.0,0.0,0.0,87529.969231
1658754,IT,DE,OFFIC,SEWAG,0.04,11378.368,3,3,11378.368,0.0,0.0,0.0,0.0,284459.2
1687712,IT,HU,SUPPO,MEATP,0.08,11378.368,3,3,11378.368,0.0,0.0,0.0,0.0,142229.6
1655178,IT,CZ,BUSIN,SALEM,0.12,11377.637,3,3,11377.637,0.0,0.0,0.0,0.0,94813.641667
1716237,IT,NL,COPP1,SANDC,0.03,11377.221,3,3,11377.221,0.0,0.0,0.0,0.0,379240.7
1740638,IT,US,CRUDE,BIODI,0.02,11377.035,3,3,11377.035,0.0,0.0,0.0,0.0,568851.75
1779250,IT,TR,FINAN,MEAT1,0.15,11377.032,3,3,11377.032,0.0,0.0,0.0,0.0,75846.88
1743709,IT,US,RAILW,RENTI,0.08,11376.377,3,3,11376.377,0.0,0.0,0.0,0.0,142204.7125
1656081,IT,DE,BEVER,TRANS,0.05,11376.14,3,3,11376.14,0.0,0.0,0.0,0.0,227522.8
1733659,IT,SI,HOTEL,FINAN,0.08,11376.039,3,3,11376.039,0.0,0.0,0.0,0.0,142200.4875
1784719,IT,ID,FURNI,SEACO,0.04,11375.954,3,3,11375.954,0.0,0.0,0.0,0.0,284398.85
1680268,IT,GR,FURNI,FOOD5,0.04,11375.822,3,3,11375.822,0.0,0.0,0.0,0.0,284395.55
1733648,IT,SI,HOTEL,RETAI,0.08,11375.622,3,3,11375.622,0.0,0.0,0.0,0.0,142195.275
1739726,IT,GB,SUPPO,INLAN,0.08,11375.45,3,3,11375.45,0.0,0.0,0.0,0.0,142193.125
1731118,IT,SI,FISHF,REALE,0.02,11375.198,3,3,11375.198,0.0,0.0,0.0,0.0,568759.9
1749949,IT,CN,GLASS,COMPU,0.03,11375.026,3,3,11375.026,0.0,0.0,0.0,0.0,379167.533333
1745379,IT,JP,VEGE1,DISTR,0.03,11375.009,4,4,11375.007,0.0,0.0,0.0,0.002,379166.966667
1687069,IT,HU,MOTO1,FOUND,0.06,11374.06,3,3,11374.06,0.0,0.0,0.0,0.0,189567.666667
1729641,IT,SE,FABRI,BIODI,0.05,11373.898,3,3,11373.898,0.0,0.0,0.0,0.0,227477.96
1711681,IT,LU,BUSIN,OILSE,0.12,11373.793,3,3,11373.793,0.0,0.0,0.0,0.0,94781.608333
1795453,IT,WL,PREC1,RUBBE,0.02,11373.028,3,3,11373.028,0.0,0.0,0.0,0.0,568651.4
1641893,IT,AT,BIODI,ALUM1,0.02,11372.444,3,3,11372.444,0.0,0.0,0.0,0.0,568622.2
1723437,IT,PT,PREC1,BIODI,0.02,11372.297,3,3,11372.297,0.0,0.0,0.0,0.0,568614.85
1790428,IT,WA,LEAD1,DIST1,0.02,11372.055,3,3,11372.055,0.0,0.0,0.0,0.0,568602.75
1782844,IT,NO,LANDT,ALUM1,0.07,11371.295,3,3,11371.295,0.0,0.0,0.0,0.0,162447.071429
1806468,IT,WF,TRANS,NONME,0.07,11370.984,3,3,11370.984,0.0,0.0,0.0,0.0,162442.628571
1664690,IT,EE,AIRTR,RUBBE,0.01,11370.759,3,3,11370.759,0.0,0.0,0.0,0.0,1137075.9
1795258,IT,WL,CERAM,CEMEN,0.02,11370.303,3,3,11370.303,0.0,0.0,0.0,0.0,568515.15
1681072,IT,GR,SUPPO,FISH5,0.08,11370.278,3,3,11370.278,0.0,0.0,0.0,0.0,142128.475
1789655,IT,WA,RUBBE,BRICK,0.04,11369.781,3,3,11369.781,0.0,0.0,0.0,0.0,284244.525
1733092,IT,SI,FABRI,SANDC,0.05,11369.476,3,3,11369.476,0.0,0.0,0.0,0.0,227389.52
1655639,IT,DE,CHEMI,CATTL,0.03,11369.403,4,4,11368.403,0.0,0.0,1.0,0.0,378980.1
1711766,IT,LU,BUSIN,93197,0.12,11368.869,3,3,11368.869,0.0,0.0,0.0,0.0,94740.575
1664334,IT,EE,FABRI,PLAST,0.05,11368.771,3,3,11368.771,0.0,0.0,0.0,0.0,227375.42
1785920,IT,ZA,RUBBE,CHEMI,0.04,11368.566,3,3,11368.566,0.0,0.0,0.0,0.0,284214.15
1806951,IT,WF,LANDT,FORES,0.07,11368.521,3,3,11368.521,0.0,0.0,0.0,0.0,162407.442857
1780209,IT,TW,RAILW,NAPHT,0.08,11368.09,3,3,11368.09,0.0,0.0,0.0,0.0,142101.125
1670227,IT,ES,RECRE,93197,0.14,11368.07,3,3,11368.07,0.0,0.0,0.0,0.0,81200.5
1721106,IT,PL,HOTEL,MEMBE,0.08,11366.679,3,3,11366.679,0.0,0.0,0.0,0.0,142083.4875
1686516,IT,HU,ALUM1,CEREA,0.02,11366.657,3,3,11366.657,0.0,0.0,0.0,0.0,568332.85
1726987,IT,RO,HOTEL,BLAST,0.08,11366.172,3,3,11366.172,0.0,0.0,0.0,0.0,142077.15
1800119,IT,WE,NAPHT,NONME,0.02,11366.096,3,3,11366.096,0.0,0.0,0.0,0.0,568304.8
1798619,IT,WE,MEAT1,AUXIL,0.05,11365.562,3,3,11365.562,0.0,0.0,0.0,0.0,227311.24
1717257,IT,NL,POSTT,FABRI,0.19,11365.396,3,3,11365.396,0.0,0.0,0.0,0.0,59817.873684
1682535,IT,HR,MOTOR,RAWMI,0.02,11365.229,3,3,11365.229,0.0,0.0,0.0,0.0,568261.45
1682820,IT,HR,HEAVY,RAILW,0.02,11364.503,3,3,11364.503,0.0,0.0,0.0,0.0,568225.15
1791518,IT,WA,RETA1,VEGE1,0.12,11364.373,3,3,11364.373,0.0,0.0,0.0,0.0,94703.108333
1663118,IT,DK,RAILW,RESEA,0.08,11363.956,3,3,11363.956,0.0,0.0,0.0,0.0,142049.45
1766190,IT,RU,RUBBE,93197,0.04,11363.624,3,3,11363.624,0.0,0.0,0.0,0.0,284090.6
1751294,IT,CN,RAILW,BASIC,0.08,11363.593,3,3,11363.593,0.0,0.0,0.0,0.0,142044.9125
1653686,IT,CZ,ALUM1,FOOD3,0.02,11363.419,3,3,11363.419,0.0,0.0,0.0,0.0,568170.95
1760648,IT,IN,PULP5,AUXIL,0.03,11363.417,3,3,11363.417,0.0,0.0,0.0,0.0,378780.566667
1769486,IT,AU,BASIC,LEAD1,0.01,11363.049,3,3,11363.049,0.0,0.0,0.0,0.0,1136304.9
1813345,IT,WM,FURNI,SUGA1,0.04,11362.82,3,3,11362.82,0.0,0.0,0.0,0.0,284070.5
1774247,IT,CH,RETA1,INLAN,0.12,11362.718,3,3,11362.718,0.0,0.0,0.0,0.0,94689.316667
1649359,IT,BG,PLAST,TRAN2,0.02,11362.267,3,3,11362.267,0.0,0.0,0.0,0.0,568113.35
1742511,IT,US,BASIC,LANDT,0.01,11361.948,3,3,11361.948,0.0,0.0,0.0,0.0,1136194.8
1681352,IT,GR,INSUR,AIRTR,0.23,11361.801,3,3,11361.801,0.0,0.0,0.0,0.0,49399.134783
1794815,IT,WL,PLAST,COPP1,0.02,11361.524,3,3,11361.524,0.0,0.0,0.0,0.0,568076.2
1768313,IT,AU,CHEMI,VEGET,0.03,11361.407,4,4,11360.407,0.0,0.0,1.0,0.0,378713.566667
1720803,IT,PL,FURNI,TEXTI,0.04,11360.931,3,3,11360.931,0.0,0.0,0.0,0.0,284023.275
1730190,IT,SE,LANDT,FURNI,0.07,11360.473,3,3,11360.473,0.0,0.0,0.0,0.0,162292.471429
1775127,IT,CH,COMPU,SALEM,0.13,11360.258,3,3,11360.258,0.0,0.0,0.0,0.0,87386.6
1778245,IT,TR,FURNI,MEMBE,0.04,11360.248,3,3,11360.248,0.0,0.0,0.0,0.0,284006.2
1714739,IT,NL,DAIRY,CHEM1,0.05,11359.951,3,3,11359.951,0.0,0.0,0.0,0.0,227199.02
1689115,IT,IE,SALEM,MEATC,0.09,11359.208,3,3,11359.208,0.0,0.0,0.0,0.0,126213.422222
1649308,IT,BG,NONSP,CHEM1,0.01,11359.17,3,3,11359.17,0.0,0.0,0.0,0.0,1135917.0
1673116,IT,FR,FOOD5,WASTE,0.05,11359.145,3,3,11359.145,0.0,0.0,0.0,0.0,227182.9
1719590,IT,PL,CERAM,TEXTI,0.02,11358.731,3,3,11358.731,0.0,0.0,0.0,0.0,567936.55
1679681,IT,GR,CERAM,FURNI,0.02,11357.916,3,3,11357.916,0.0,0.0,0.0,0.0,567895.8
1652080,IT,CZ,SANDC,LEATH,0.03,11357.684,4,4,11355.684,0.0,0.0,2.0,0.0,378589.466667
1679638,IT,GR,GLASS,PFERT,0.03,11356.656,3,3,11356.656,0.0,0.0,0.0,0.0,378555.2
1781690,IT,NO,WOODW,FISHF,0.03,11355.853,3,3,11355.853,0.0,0.0,0.0,0.0,378528.433333
1748427,IT,CN,FORES,FURNI,0.1,11355.767,4,4,11351.767,0.0,4.0,0.0,0.0,113557.67
1791190,IT,WA,FURNI,TEXTI,0.04,11355.677,3,3,11355.677,0.0,0.0,0.0,0.0,283891.925
1798605,IT,WE,MEATP,PUBLI,0.05,11354.985,3,3,11354.985,0.0,0.0,0.0,0.0,227099.7
1659670,IT,DE,HOTEL,FOOD2,0.08,11354.847,3,3,11354.847,0.0,0.0,0.0,0.0,141935.5875
1669708,IT,ES,COMPU,RENTI,0.13,11354.836,3,3,11354.836,0.0,0.0,0.0,0.0,87344.892308
1763971,IT,MX,PREC1,FABRI,0.02,11354.746,3,3,11354.746,0.0,0.0,0.0,0.0,567737.3
1722296,IT,PT,CEREA,CATTL,0.02,11354.039,3,3,11354.039,0.0,0.0,0.0,0.0,567701.95
1735271,IT,SK,GLASS,CHEM1,0.03,11353.549,3,3,11353.549,0.0,0.0,0.0,0.0,378451.633333
1805920,IT,WF,LEAD1,NATU1,0.02,11353.451,3,3,11353.451,0.0,0.0,0.0,0.0,567672.55
1736375,IT,SK,LANDT,NATUR,0.07,11352.905,3,3,11352.905,0.0,0.0,0.0,0.0,162184.357143
1678527,IT,GR,CEREA,WHOLE,0.02,11352.616,3,3,11352.616,0.0,0.0,0.0,0.0,567630.8
1651229,IT,BG,BUSIN,93197,0.12,11352.585,3,3,11352.585,0.0,0.0,0.0,0.0,94604.875
1650012,IT,BG,MACHI,MEATP,0.06,11352.207,3,3,11352.207,0.0,0.0,0.0,0.0,189203.45
1769018,IT,AU,PRINT,CONST,0.11,11350.637,3,3,11350.637,0.0,0.0,0.0,0.0,103187.609091
1723851,IT,PT,TRANS,RUBBE,0.07,11350.254,3,3,11350.254,0.0,0.0,0.0,0.0,162146.485714
1730225,IT,SE,LANDT,OILHA,0.07,11349.903,3,3,11349.903,0.0,0.0,0.0,0.0,162141.471429
1753900,IT,CA,RAILW,PRINT,0.08,11349.071,3,3,11349.071,0.0,0.0,0.0,0.0,141863.3875
1735876,IT,SK,OFFIC,MOTOR,0.04,11348.227,3,3,11348.227,0.0,0.0,0.0,0.0,283705.675
1653177,IT,CZ,CHEM1,FOODW,0.02,11347.73,3,3,11347.73,0.0,0.0,0.0,0.0,567386.5
1790607,IT,WA,FABRI,LIGNI,0.05,11347.618,3,3,11347.618,0.0,0.0,0.0,0.0,226952.36
1722734,IT,PT,WOODW,FOOD3,0.03,11347.503,3,3,11347.503,0.0,0.0,0.0,0.0,378250.1
1791838,IT,WA,LANDT,FABRI,0.07,11347.479,3,3,11347.479,0.0,0.0,0.0,0.0,162106.842857
1667705,IT,ES,MACHI,FINAN,0.06,11347.125,3,3,11347.125,0.0,0.0,0.0,0.0,189118.75
1797852,IT,WL,FOOD2,FINAN,0.07,11346.268,3,3,11346.268,0.0,0.0,0.0,0.0,162089.542857
1801949,IT,WE,SALEM,SUPPO,0.09,11346.246,3,3,11346.246,0.0,0.0,0.0,0.0,126069.4
1664849,IT,ES,MEATA,LEATH,0.06,11346.009,4,4,11346.007,0.0,0.0,0.0,0.002,189100.15
1735761,IT,SK,MACHI,LIGNI,0.06,11345.425,3,3,11345.425,0.0,0.0,0.0,0.0,189090.416667
1751266,IT,CN,HOTEL,FOODW,0.08,11345.081,3,3,11345.081,0.0,0.0,0.0,0.0,141813.5125
1772937,IT,CH,PREC1,LUBRI,0.02,11344.548,3,3,11344.548,0.0,0.0,0.0,0.0,567227.4
1783234,IT,NO,BUSIN,COMPU,0.12,11344.489,3,3,11344.489,0.0,0.0,0.0,0.0,94537.408333
1641159,IT,AT,PRINT,WOODW,0.11,11344.116,3,3,11344.116,0.0,0.0,0.0,0.0,103128.327273
1710721,IT,LU,FOOD5,HEALT,0.05,11343.778,3,3,11343.778,0.0,0.0,0.0,0.0,226875.56
1785181,IT,ZA,FOOD5,RETA1,0.05,11343.66,3,3,11343.66,0.0,0.0,0.0,0.0,226873.2
1800712,IT,WE,CEMEN,ELEC3,0.02,11343.573,3,3,11343.573,0.0,0.0,0.0,0.0,567178.65
1742219,IT,US,CERAM,MEAT4,0.02,11342.987,3,3,11342.987,0.0,0.0,0.0,0.0,567149.35
1718024,IT,PL,CHEMI,MOTO1,0.03,11342.598,4,4,11341.598,0.0,0.0,1.0,0.0,378086.6
1672648,IT,FR,CRUDE,NFERT,0.02,11342.521,3,3,11342.521,0.0,0.0,0.0,0.0,567126.05
1733895,IT,SI,SEACO,COMPU,0.01,11341.717,3,3,11341.717,0.0,0.0,0.0,0.0,1134171.7
1664953,IT,ES,SANDC,BITU1,0.03,11341.364,4,4,11339.364,0.0,0.0,2.0,0.0,378045.466667
1795884,IT,WL,OFFIC,MOTO1,0.04,11341.354,3,3,11341.354,0.0,0.0,0.0,0.0,283533.85
1682841,IT,HR,HEAVY,93197,0.02,11341.271,3,3,11341.271,0.0,0.0,0.0,0.0,567063.55
1652062,IT,CZ,FISHF,RETA1,0.02,11340.324,3,3,11340.324,0.0,0.0,0.0,0.0,567016.2
1807399,IT,WF,FINAN,COMPU,0.15,11340.088,3,3,11340.088,0.0,0.0,0.0,0.0,75600.586667
1775712,IT,TR,CROPS,HEALT,0.09,11340.064,3,3,11340.064,0.0,0.0,0.0,0.0,126000.711111
1724881,IT,PT,BUSIN,ALUM1,0.12,11340.026,3,3,11340.026,0.0,0.0,0.0,0.0,94500.216667
1678159,IT,FR,PLAS1,WASTE,0.04,11339.87,3,3,11339.87,0.0,0.0,0.0,0.0,283496.75
1684950,IT,HU,MEATP,BUSIN,0.05,11339.749,3,3,11339.749,0.0,0.0,0.0,0.0,226794.98
1665587,IT,ES,LEATH,HEALT,0.08,11339.263,4,4,11339.261,0.0,0.0,0.0,0.002,141740.7875
1740073,IT,GB,RENTI,INTER,0.07,11339.064,3,3,11339.064,0.0,0.0,0.0,0.0,161986.628571
1808803,IT,WF,WOOD2,RETA1,0.06,11338.057,3,3,11338.057,0.0,0.0,0.0,0.0,188967.616667
1809805,IT,WM,FOOD5,FOUND,0.05,11337.616,3,3,11337.616,0.0,0.0,0.0,0.0,226752.32
1782437,IT,NO,MACHI,FISH5,0.06,11336.835,3,3,11336.835,0.0,0.0,0.0,0.0,188947.25
1680727,IT,GR,RETA1,RUBBE,0.12,11336.275,3,3,11336.275,0.0,0.0,0.0,0.0,94468.958333
1764928,IT,MX,SUPPO,FURNI,0.08,11336.016,3,3,11336.016,0.0,0.0,0.0,0.0,141700.2
1669441,IT,ES,INSUR,AUXIL,0.23,11335.299,3,3,11335.299,0.0,0.0,0.0,0.0,49283.908696
1659356,IT,DE,RETAI,EDUCA,0.09,11335.145,3,3,11335.145,0.0,0.0,0.0,0.0,125946.055556
1729321,IT,SE,NONME,STEAM,0.02,11334.18,3,3,11334.18,0.0,0.0,0.0,0.0,566709.0
1644190,IT,BE,CEREA,SUGA1,0.02,11333.561,3,3,11333.561,0.0,0.0,0.0,0.0,566678.05
1684019,IT,HR,HOTEL,OILSE,0.08,11332.769,3,3,11332.769,0.0,0.0,0.0,0.0,141659.6125
1753298,IT,CA,BASIC,ALUMI,0.01,11332.464,3,3,11332.464,0.0,0.0,0.0,0.0,1133246.4
1765453,IT,RU,TEXTI,LANDT,0.07,11332.31,4,4,11332.308,0.0,0.0,0.0,0.002,161890.142857
1657418,IT,DE,RUBBE,LUBRI,0.04,11331.685,3,3,11331.685,0.0,0.0,0.0,0.0,283292.125
1684875,IT,HU,SANDC,PULP5,0.03,11331.453,4,4,11329.453,0.0,0.0,2.0,0.0,377715.1
1676103,IT,FR,ELEC8,BASIC,0.15,11331.431,3,3,11331.431,0.0,0.0,0.0,0.0,75542.873333
1782280,IT,NO,LEAD1,WHOLE,0.02,11331.086,3,3,11331.086,0.0,0.0,0.0,0.0,566554.3
1685235,IT,HU,TEXTI,TOBAC,0.07,11331.008,4,4,11331.006,0.0,0.0,0.0,0.002,161871.542857
1734413,IT,SK,VEGET,DIST1,0.04,11330.705,3,3,11330.705,0.0,0.0,0.0,0.0,283267.625
1686342,IT,HU,NONME,DISTR,0.02,11330.495,3,3,11330.495,0.0,0.0,0.0,0.0,566524.75
1777243,IT,TR,RUBBE,NONF1,0.04,11330.467,3,3,11330.467,0.0,0.0,0.0,0.0,283261.675
1711853,IT,LU,PLAS1,RUBBE,0.04,11330.126,3,3,11330.126,0.0,0.0,0.0,0.0,283253.15
1680106,IT,GR,OFFIC,MEAT4,0.04,11329.321,3,3,11329.321,0.0,0.0,0.0,0.0,283233.025
1714504,IT,NL,CRUDE,BEVER,0.02,11328.827,3,3,11328.827,0.0,0.0,0.0,0.0,566441.35
1748065,IT,JP,BUSIN,ELEC5,0.12,11328.814,3,3,11328.814,0.0,0.0,0.0,0.0,94406.783333
1653698,IT,CZ,LEAD1,MOTO1,0.02,11328.49,3,3,11328.49,0.0,0.0,0.0,0.0,566424.5
1649857,IT,BG,LEAD1,CONST,0.02,11328.224,3,3,11328.224,0.0,0.0,0.0,0.0,566411.2
1753825,IT,CA,WHOLE,FOUND,0.1,11327.616,3,3,11327.616,0.0,0.0,0.0,0.0,113276.16
1755220,IT,KR,WOODW,SUPPO,0.03,11327.388,3,3,11327.388,0.0,0.0,0.0,0.0,377579.6
1669996,IT,ES,HEALT,PRINT,0.06,11325.934,3,3,11325.934,0.0,0.0,0.0,0.0,188765.566667
1753357,IT,CA,PREC1,ALUM1,0.02,11325.894,3,3,11325.894,0.0,0.0,0.0,0.0,566294.7
1783516,IT,NO,OILHA,MACHI,0.06,11325.212,3,3,11325.212,0.0,0.0,0.0,0.0,188753.533333
1770297,IT,AU,HOTEL,BLAST,0.08,11324.088,3,3,11324.088,0.0,0.0,0.0,0.0,141551.1
1757777,IT,BR,PLAST,NFERT,0.02,11323.958,3,3,11323.958,0.0,0.0,0.0,0.0,566197.9
1759178,IT,BR,AIRTR,FOOD3,0.01,11323.388,3,3,11323.388,0.0,0.0,0.0,0.0,1132338.8
1782946,IT,NO,AIRTR,MOTO1,0.01,11323.129,3,3,11323.129,0.0,0.0,0.0,0.0,1132312.9
1720096,IT,PL,LEAD1,BITUM,0.02,11322.952,3,3,11322.952,0.0,0.0,0.0,0.0,566147.6
1646765,IT,BE,CONST,LANDT,0.06,11322.603,3,3,11322.603,0.0,0.0,0.0,0.0,188710.05
1653014,IT,CZ,PLAST,NAPHT,0.02,11322.392,3,3,11322.392,0.0,0.0,0.0,0.0,566119.6
1803691,IT,WF,BEVER,DISTR,0.05,11322.242,3,3,11322.242,0.0,0.0,0.0,0.0,226444.84
1672802,IT,FR,MEAT1,MEAT4,0.05,11322.115,3,3,11322.115,0.0,0.0,0.0,0.0,226442.3
1649306,IT,BG,NONSP,GASDI,0.01,11322.111,3,3,11322.111,0.0,0.0,0.0,0.0,1132211.1
1709971,IT,LT,BASIC,WOOD2,0.01,11322.012,3,3,11322.012,0.0,0.0,0.0,0.0,1132201.2
1669510,IT,ES,AUXIL,SUPPO,0.21,11321.813,3,3,11321.813,0.0,0.0,0.0,0.0,53913.395238
1773600,IT,CH,TRANS,CHEM1,0.07,11321.747,3,3,11321.747,0.0,0.0,0.0,0.0,161739.242857
1661522,IT,DK,FOOD5,SEACO,0.05,11321.54,3,3,11321.54,0.0,0.0,0.0,0.0,226430.8
1740848,IT,US,VEGE1,RENTI,0.03,11321.456,4,4,11321.454,0.0,0.0,0.0,0.002,377381.866667
1789254,IT,WA,PLAST,AUXIL,0.02,11321.411,3,3,11321.411,0.0,0.0,0.0,0.0,566070.55
1723819,IT,PT,MOTO1,CHEM1,0.06,11321.295,3,3,11321.295,0.0,0.0,0.0,0.0,188688.25
1667015,IT,ES,CEMEN,REALE,0.02,11321.003,3,3,11321.003,0.0,0.0,0.0,0.0,566050.15
1776466,IT,TR,MOTOR,NONSP,0.02,11320.437,3,3,11320.437,0.0,0.0,0.0,0.0,566021.85
1648927,IT,BG,WEARI,PFERT,0.09,11320.313,4,4,11320.311,0.0,0.0,0.0,0.002,125781.255556
1733899,IT,SI,SEACO,MEMBE,0.01,11319.983,3,3,11319.983,0.0,0.0,0.0,0.0,1131998.3
1723658,IT,PT,MACHI,FISHF,0.06,11319.855,3,3,11319.855,0.0,0.0,0.0,0.0,188664.25
1813543,IT,WM,WHOLE,TEXTI,0.1,11319.855,3,3,11319.855,0.0,0.0,0.0,0.0,113198.55
1723842,IT,PT,MOTO1,PUBLI,0.06,11319.332,3,3,11319.332,0.0,0.0,0.0,0.0,188655.533333
1718361,IT,PL,BEVER,PAPER,0.05,11318.113,3,3,11318.113,0.0,0.0,0.0,0.0,226362.26
1660371,IT,DE,FINAN,NONME,0.15,11318.111,3,3,11318.111,0.0,0.0,0.0,0.0,75454.073333
1786871,IT,ZA,SEACO,ALUM1,0.01,11317.967,3,3,11317.967,0.0,0.0,0.0,0.0,1131796.7
1751328,IT,CN,LANDT,FOUND,0.07,11317.622,3,3,11317.622,0.0,0.0,0.0,0.0,161680.314286
1797523,IT,WL,BUSIN,MACHI,0.12,11317.316,3,3,11317.316,0.0,0.0,0.0,0.0,94310.966667
1759295,IT,BR,POSTT,RETAI,0.19,11317.278,3,3,11317.278,0.0,0.0,0.0,0.0,59564.621053
1753667,IT,CA,MOTO1,PAPER,0.06,11317.143,3,3,11317.143,0.0,0.0,0.0,0.0,188619.05
1727329,IT,RO,POSTT,ELEC3,0.19,11316.975,3,3,11316.975,0.0,0.0,0.0,0.0,59563.026316
1746340,IT,JP,ADDIT,TRANS,0.03,11316.689,3,3,11316.689,0.0,0.0,0.0,0.0,377222.966667
1649882,IT,BG,FABRI,CROPS,0.05,11316.598,3,3,11316.598,0.0,0.0,0.0,0.0,226331.96
1673873,IT,FR,PRINT,FOOD2,0.11,11315.722,3,3,11315.722,0.0,0.0,0.0,0.0,102870.2
1790946,IT,WA,OFFIC,MEMBE,0.04,11315.588,3,3,11315.588,0.0,0.0,0.0,0.0,282889.7
1666779,IT,ES,RUBBE,ELEC6,0.04,11315.304,3,3,11315.304,0.0,0.0,0.0,0.0,282882.6
1659446,IT,DE,WHOLE,HOTEL,0.1,11315.299,3,3,11315.299,0.0,0.0,0.0,0.0,113152.99
1642514,IT,AT,COPP1,PAPER,0.03,11315.283,3,3,11315.283,0.0,0.0,0.0,0.0,377176.1
1652650,IT,CZ,WOODW,SALEM,0.03,11315.098,3,3,11315.098,0.0,0.0,0.0,0.0,377169.933333
1736689,IT,SK,AUXIL,PREC1,0.21,11314.906,3,3,11314.906,0.0,0.0,0.0,0.0,53880.504762
1790171,IT,WA,BASIC,PAPE1,0.01,11314.814,3,3,11314.814,0.0,0.0,0.0,0.0,1131481.4
1794468,IT,WL,GASDI,NFERT,0.02,11314.686,3,3,11314.686,0.0,0.0,0.0,0.0,565734.3
1762525,IT,IN,INSUR,FURNI,0.23,11314.484,3,3,11314.484,0.0,0.0,0.0,0.0,49193.408696
1683059,IT,HR,RUBBE,CATTL,0.04,11314.359,3,3,11314.359,0.0,0.0,0.0,0.0,282858.975
1742627,IT,US,LEAD1,ELECT,0.02,11313.886,3,3,11313.886,0.0,0.0,0.0,0.0,565694.3
1673174,IT,FR,BEVER,TRANS,0.05,11313.794,3,3,11313.794,0.0,0.0,0.0,0.0,226275.88
1643520,IT,AT,TRAN2,BITU1,0.02,11313.392,3,3,11313.392,0.0,0.0,0.0,0.0,565669.6
1734858,IT,SK,PAPER,GLASS,0.04,11313.251,3,3,11313.251,0.0,0.0,0.0,0.0,282831.275
1688287,IT,IE,FORES,WOODW,0.1,11311.875,4,4,11307.875,0.0,4.0,0.0,0.0,113118.75
1757571,IT,BR,GASDI,ANIMA,0.02,11311.775,3,3,11311.775,0.0,0.0,0.0,0.0,565588.75
1773928,IT,CH,SALEM,TOBAC,0.09,11311.312,3,3,11311.312,0.0,0.0,0.0,0.0,125681.244444
1813826,IT,WM,RAILW,BUSIN,0.08,11310.799,3,3,11310.799,0.0,0.0,0.0,0.0,141384.9875
1660330,IT,DE,FINAN,SANDC,0.15,11310.724,3,3,11310.724,0.0,0.0,0.0,0.0,75404.826667
1739576,IT,GB,SEACO,TOBAC,0.01,11310.362,3,3,11310.362,0.0,0.0,0.0,0.0,1131036.2
1734972,IT,SK,LIQUE,MOTO1,0.02,11310.299,3,3,11310.299,0.0,0.0,0.0,0.0,565514.95
1728791,IT,SE,HEAVY,SUPPO,0.02,11310.083,3,3,11310.083,0.0,0.0,0.0,0.0,565504.15
1720805,IT,PL,FURNI,LEATH,0.04,11309.722,3,3,11309.722,0.0,0.0,0.0,0.0,282743.05
1738741,IT,GB,MACHI,FOOD3,0.06,11309.495,3,3,11309.495,0.0,0.0,0.0,0.0,188491.583333
1719206,IT,PL,PLAST,INERT,0.02,11309.22,3,3,11309.22,0.0,0.0,0.0,0.0,565461.0
1645512,IT,BE,PLAST,CERAM,0.02,11309.035,3,3,11309.035,0.0,0.0,0.0,0.0,565451.75
1787039,IT,ZA,INSUR,EDUCA,0.23,11308.792,3,3,11308.792,0.0,0.0,0.0,0.0,49168.66087
1646622,IT,BE,MOTO1,FOOD3,0.06,11308.552,3,3,11308.552,0.0,0.0,0.0,0.0,188475.866667
1662557,IT,DK,FABRI,TOBAC,0.05,11308.541,3,3,11308.541,0.0,0.0,0.0,0.0,226170.82
1735090,IT,SK,CHEM1,NONF1,0.02,11308.087,3,3,11308.087,0.0,0.0,0.0,0.0,565404.35
1710383,IT,LT,HOTEL,OFFIC,0.08,11307.887,3,3,11307.887,0.0,0.0,0.0,0.0,141348.5875
1664245,IT,EE,NONME,LANDT,0.02,11307.86,3,3,11307.86,0.0,0.0,0.0,0.0,565393.0
1813267,IT,WM,TRANS,BASIC,0.07,11307.255,3,3,11307.255,0.0,0.0,0.0,0.0,161532.214286
1763060,IT,MX,TEXTI,FOUND,0.07,11307.083,4,4,11307.081,0.0,0.0,0.0,0.002,161529.757143
1641420,IT,AT,GASDI,FISH5,0.02,11305.353,3,3,11305.353,0.0,0.0,0.0,0.0,565267.65
1656883,IT,DE,HEAVY,MACHI,0.02,11305.06,3,3,11305.06,0.0,0.0,0.0,0.0,565253.0
1652098,IT,CZ,SANDC,ELEC3,0.03,11304.74,4,4,11302.74,0.0,0.0,2.0,0.0,376824.666667
1666058,IT,ES,KERO1,WHITE,0.02,11303.881,3,3,11303.881,0.0,0.0,0.0,0.0,565194.05
1798659,IT,WE,VEGE1,MEATA,0.03,11303.816,4,4,11303.814,0.0,0.0,0.0,0.002,376793.866667
1670952,IT,FI,CHEM1,OFFIC,0.02,11303.041,3,3,11303.041,0.0,0.0,0.0,0.0,565152.05
1784563,IT,ID,MACHI,COPPE,0.06,11301.0,3,3,11301.0,0.0,0.0,0.0,0.0,188350.0
1679227,IT,GR,MOTOR,RECRE,0.02,11300.654,3,3,11300.654,0.0,0.0,0.0,0.0,565032.7
1776674,IT,TR,HEAVY,WHITE,0.02,11300.637,3,3,11300.637,0.0,0.0,0.0,0.0,565031.85
1648796,IT,BG,BEVER,REALE,0.05,11300.548,3,3,11300.548,0.0,0.0,0.0,0.0,226010.96
1687482,IT,HU,LANDT,VEGET,0.07,11299.097,3,3,11299.097,0.0,0.0,0.0,0.0,161415.671429
1744561,IT,US,REALE,FINAN,0.48,11298.662,3,3,11298.662,0.0,0.0,0.0,0.0,23538.879167
1644254,IT,BE,CROPS,FISH5,0.09,11298.001,3,3,11298.001,0.0,0.0,0.0,0.0,125533.344444
1730267,IT,SE,SEACO,ALUM1,0.01,11297.974,3,3,11297.974,0.0,0.0,0.0,0.0,1129797.4
1645557,IT,BE,CHEM1,OILSE,0.02,11297.087,3,3,11297.087,0.0,0.0,0.0,0.0,564854.35
1674354,IT,FR,CHEM1,LIQUE,0.02,11296.733,3,3,11296.733,0.0,0.0,0.0,0.0,564836.65
1757050,IT,KR,BUSIN,COPP1,0.12,11296.673,3,3,11296.673,0.0,0.0,0.0,0.0,94138.941667
1717734,IT,NL,BUSIN,FOOD3,0.12,11296.627,3,3,11296.627,0.0,0.0,0.0,0.0,94138.558333
1814062,IT,WM,AIRTR,ANIMA,0.01,11296.016,3,3,11296.016,0.0,0.0,0.0,0.0,1129601.6
1728822,IT,SE,PLAST,NONFE,0.02,11295.918,3,3,11295.918,0.0,0.0,0.0,0.0,564795.9
1685613,IT,HU,PRINT,HEALT,0.11,11295.877,3,3,11295.877,0.0,0.0,0.0,0.0,102689.790909
1731048,IT,SI,CEREA,FOOD5,0.02,11295.602,3,3,11295.602,0.0,0.0,0.0,0.0,564780.1
1745614,IT,JP,TEXTI,MEATA,0.07,11294.698,3,3,11294.698,0.0,0.0,0.0,0.0,161352.828571
1789887,IT,WA,BRICK,RUBBE,0.02,11293.978,3,3,11293.978,0.0,0.0,0.0,0.0,564698.9
1803049,IT,WF,CEREA,TOBAC,0.02,11293.651,3,3,11293.651,0.0,0.0,0.0,0.0,564682.55
1767332,IT,RU,HOTEL,93197,0.08,11293.303,3,3,11293.303,0.0,0.0,0.0,0.0,141166.2875
1669949,IT,ES,EDUCA,MACHI,0.28,11292.979,3,3,11292.979,0.0,0.0,0.0,0.0,40332.067857
1806715,IT,WF,WHOLE,CEMEN,0.1,11292.973,3,3,11292.973,0.0,0.0,0.0,0.0,112929.73
1665059,IT,ES,MEAT1,HOTEL,0.05,11292.493,3,3,11292.493,0.0,0.0,0.0,0.0,225849.86
1656276,IT,DE,LEATH,OILSE,0.08,11291.861,4,4,11291.859,0.0,0.0,0.0,0.002,141148.2625
1715338,IT,NL,PRINT,NATUR,0.11,11291.735,3,3,11291.735,0.0,0.0,0.0,0.0,102652.136364
1670848,IT,FI,NONSP,NONF1,0.01,11291.733,3,3,11291.733,0.0,0.0,0.0,0.0,1129173.3
1679355,IT,GR,PLAST,PRINT,0.02,11291.481,3,3,11291.481,0.0,0.0,0.0,0.0,564574.05
1712793,IT,LV,SEACO,MACHI,0.01,11291.466,3,3,11291.466,0.0,0.0,0.0,0.0,1129146.6
1802748,IT,WE,RESEA,RETA1,0.06,11291.406,3,3,11291.406,0.0,0.0,0.0,0.0,188190.1
1658732,IT,DE,OFFIC,TRAN2,0.03,11290.678,3,3,11290.678,0.0,0.0,0.0,0.0,376355.933333
1718210,IT,PL,PROCE,ANIMA,0.08,11290.64,3,3,11290.64,0.0,0.0,0.0,0.0,141133.0
1767032,IT,RU,TRANS,COMPU,0.07,11290.626,3,3,11290.626,0.0,0.0,0.0,0.0,161294.657143
1776756,IT,TR,LIQUE,COKE1,0.02,11290.554,3,3,11290.554,0.0,0.0,0.0,0.0,564527.7
1794489,IT,WL,GASDI,MOTO1,0.02,11290.294,3,3,11290.294,0.0,0.0,0.0,0.0,564514.7
1649015,IT,BG,WOODW,WEARI,0.03,11290.106,3,3,11290.106,0.0,0.0,0.0,0.0,376336.866667
1775183,IT,CH,RESEA,NONME,0.06,11289.007,3,3,11289.007,0.0,0.0,0.0,0.0,188150.116667
1684697,IT,HU,CEREA,SUPPO,0.02,11288.854,3,3,11288.854,0.0,0.0,0.0,0.0,564442.7
1775794,IT,TR,CHEMI,TEXTI,0.03,11288.584,4,4,11287.584,0.0,0.0,1.0,0.0,376286.133333
1787320,IT,WA,CROPS,LEATH,0.09,11287.997,3,3,11287.997,0.0,0.0,0.0,0.0,125422.188889
1721824,IT,PL,REALE,PLAST,0.48,11287.9,3,3,11287.9,0.0,0.0,0.0,0.0,23516.458333
1689974,IT,IE,REALE,RUBBE,0.48,11287.867,3,3,11287.867,0.0,0.0,0.0,0.0,23516.389583
1745069,IT,US,PUBLI,DIST1,0.18,11287.79,3,3,11287.79,0.0,0.0,0.0,0.0,62709.944444
1778171,IT,TR,FURNI,RAWMI,0.04,11287.31,3,3,11287.31,0.0,0.0,0.0,0.0,282182.75
1709301,IT,LT,VEGET,WHOLE,0.04,11287.139,3,3,11287.139,0.0,0.0,0.0,0.0,282178.475
1734554,IT,SK,FOOD5,BEVER,0.05,11287.131,3,3,11287.131,0.0,0.0,0.0,0.0,225742.62
1769468,IT,AU,BASIC,NATU1,0.01,11287.013,3,3,11287.013,0.0,0.0,0.0,0.0,1128701.3
1672342,IT,FI,BUSIN,FORES,0.12,11285.792,3,3,11285.792,0.0,0.0,0.0,0.0,94048.266667
1771752,IT,CH,LEATH,OFFIC,0.08,11285.537,4,4,11285.535,0.0,0.0,0.0,0.002,141069.2125
1683673,IT,HR,FABRI,SEACO,0.05,11285.487,3,3,11285.487,0.0,0.0,0.0,0.0,225709.74
1785499,IT,ZA,MOTOR,SANDC,0.02,11285.319,3,3,11285.319,0.0,0.0,0.0,0.0,564265.95
1682602,IT,HR,KEROS,MEATP,0.02,11284.947,3,3,11284.947,0.0,0.0,0.0,0.0,564247.35
1680916,IT,GR,LANDT,POSTT,0.07,11284.582,3,3,11284.582,0.0,0.0,0.0,0.0,161208.314286
1713122,IT,MT,BEVER,RAWMI,0.05,11283.884,3,3,11283.884,0.0,0.0,0.0,0.0,225677.68
1719544,IT,PL,GLASS,TRAN1,0.03,11283.567,3,3,11283.567,0.0,0.0,0.0,0.0,376118.9
1802777,IT,WE,BUSIN,CHEM1,0.12,11282.582,3,3,11282.582,0.0,0.0,0.0,0.0,94021.516667
1785073,IT,ZA,CROPS,WEARI,0.09,11281.826,3,3,11281.826,0.0,0.0,0.0,0.0,125353.622222
1765553,IT,RU,LEATH,BASIC,0.08,11281.799,4,4,11281.797,0.0,0.0,0.0,0.002,141022.4875
1744764,IT,US,RESEA,NAPHT,0.06,11281.618,3,3,11281.618,0.0,0.0,0.0,0.0,188026.966667
1723157,IT,PT,RUBBE,POULT,0.04,11281.198,3,3,11281.198,0.0,0.0,0.0,0.0,282029.95
1683220,IT,HR,CERAM,MEATP,0.02,11280.659,3,3,11280.659,0.0,0.0,0.0,0.0,564032.95
1768627,IT,AU,FISH5,CONST,0.05,11279.04,4,4,11279.034,0.0,0.0,0.0,0.006,225580.8
1743894,IT,US,SEACO,LEAD1,0.01,11278.838,3,3,11278.838,0.0,0.0,0.0,0.0,1127883.8
1764981,IT,MX,POSTT,RECRE,0.19,11278.485,3,3,11278.485,0.0,0.0,0.0,0.0,59360.447368
1722019,IT,PL,COMPU,MEMBE,0.13,11278.483,3,3,11278.483,0.0,0.0,0.0,0.0,86757.561538
1677960,IT,FR,BUSIN,WOOD2,0.12,11277.794,3,3,11277.794,0.0,0.0,0.0,0.0,93981.616667
1786914,IT,ZA,AIRTR,TRANS,0.01,11277.499,3,3,11277.499,0.0,0.0,0.0,0.0,1127749.9
1770004,IT,AU,FURNI,CEMEN,0.04,11276.969,3,3,11276.969,0.0,0.0,0.0,0.0,281924.225
1723717,IT,PT,MACHI,TRAN1,0.06,11276.932,3,3,11276.932,0.0,0.0,0.0,0.0,187948.866667
1724875,IT,PT,BUSIN,CERAM,0.12,11276.014,3,3,11276.014,0.0,0.0,0.0,0.0,93966.783333
1772603,IT,CH,GLASS,CROPS,0.03,11274.996,3,3,11274.996,0.0,0.0,0.0,0.0,375833.2
1778729,IT,TR,RAILW,LANDT,0.08,11274.765,3,3,11274.765,0.0,0.0,0.0,0.0,140934.5625
1641891,IT,AT,BIODI,NONME,0.02,11274.315,3,3,11274.315,0.0,0.0,0.0,0.0,563715.75
1665664,IT,ES,WOODW,RECRE,0.03,11274.118,3,3,11274.118,0.0,0.0,0.0,0.0,375803.933333
1643781,IT,AT,POSTT,WHOLE,0.19,11273.222,3,3,11273.222,0.0,0.0,0.0,0.0,59332.747368
1678151,IT,FR,PLAS1,RESEA,0.04,11272.635,3,3,11272.635,0.0,0.0,0.0,0.0,281815.875
1781940,IT,NO,CHEM1,OILHA,0.02,11272.545,3,3,11272.545,0.0,0.0,0.0,0.0,563627.25
1803949,IT,WF,WEARI,MEMBE,0.08,11272.495,4,4,11272.493,0.0,0.0,0.0,0.002,140906.1875
1774126,IT,CH,WHOLE,DIST1,0.1,11272.483,3,3,11272.483,0.0,0.0,0.0,0.0,112724.83
1790632,IT,WA,FABRI,TOBAC,0.05,11272.27,3,3,11272.27,0.0,0.0,0.0,0.0,225445.4
1768959,IT,AU,PAPER,PREC1,0.04,11271.745,3,3,11271.745,0.0,0.0,0.0,0.0,281793.625
1811814,IT,WM,BIODI,CHEM1,0.02,11271.668,3,3,11271.668,0.0,0.0,0.0,0.0,563583.4
1731140,IT,SI,NATUR,RETAI,0.02,11271.494,3,3,11271.494,0.0,0.0,0.0,0.0,563574.7
1746682,IT,JP,FABRI,TEXTI,0.05,11270.891,3,3,11270.891,0.0,0.0,0.0,0.0,225417.82
1640672,IT,AT,FISH5,MEAT1,0.05,11270.769,4,4,11270.763,0.0,0.0,0.0,0.006,225415.38
1680179,IT,GR,MOTO1,RENTI,0.06,11270.113,3,3,11270.113,0.0,0.0,0.0,0.0,187835.216667
1731778,IT,SI,PAPER,LEATH,0.04,11270.038,3,3,11270.038,0.0,0.0,0.0,0.0,281750.95
1718188,IT,PL,DAIRY,DIST1,0.05,11269.557,3,3,11269.557,0.0,0.0,0.0,0.0,225391.14
1712552,IT,LV,MACHI,SANDC,0.06,11269.295,3,3,11269.295,0.0,0.0,0.0,0.0,187821.583333
1768706,IT,AU,TEXTI,MEMBE,0.07,11269.193,3,3,11269.193,0.0,0.0,0.0,0.0,160988.471429
1685736,IT,HU,PLAST,WHEAT,0.02,11268.97,3,3,11268.97,0.0,0.0,0.0,0.0,563448.5
1768180,IT,RU,PUBLI,RETAI,0.18,11268.705,3,3,11268.705,0.0,0.0,0.0,0.0,62603.916667
1812593,IT,WM,LEAD1,CERAM,0.02,11268.202,3,3,11268.202,0.0,0.0,0.0,0.0,563410.1
1715033,IT,NL,TEXTI,PLAST,0.07,11268.067,3,3,11268.067,0.0,0.0,0.0,0.0,160972.385714
1772296,IT,CH,PETRO,GLASS,0.02,11267.791,3,3,11267.791,0.0,0.0,0.0,0.0,563389.55
1674228,IT,FR,LIQUE,PAPE1,0.02,11267.659,3,3,11267.659,0.0,0.0,0.0,0.0,563382.95
1741042,IT,US,TEXTI,BEVER,0.07,11267.589,3,3,11267.589,0.0,0.0,0.0,0.0,160965.557143
1669247,IT,ES,FINAN,PADDY,0.15,11267.356,3,3,11267.356,0.0,0.0,0.0,0.0,75115.706667
1744787,IT,US,RESEA,COPP1,0.06,11267.095,3,3,11267.095,0.0,0.0,0.0,0.0,187784.916667
1723051,IT,PT,CHEM1,RAWMI,0.02,11267.09,3,3,11267.09,0.0,0.0,0.0,0.0,563354.5
1744416,IT,US,AUXIL,NATUR,0.21,11266.102,3,3,11266.102,0.0,0.0,0.0,0.0,53648.104762
1775411,IT,CH,PUBLI,COMPU,0.18,11266.062,3,3,11266.062,0.0,0.0,0.0,0.0,62589.233333
1722175,IT,PL,BUSIN,PAPE4,0.12,11266.021,3,3,11266.021,0.0,0.0,0.0,0.0,93883.508333
1800921,IT,WE,PREC1,HOTEL,0.02,11265.692,3,3,11265.692,0.0,0.0,0.0,0.0,563284.6
1803996,IT,WF,LEATH,RETA1,0.08,11265.134,4,4,11265.132,0.0,0.0,0.0,0.002,140814.175
1814710,IT,WM,INTER,PUBLI,0.07,11264.693,3,3,11264.693,0.0,0.0,0.0,0.0,160924.185714
1755372,IT,KR,MOTOR,CHEM1,0.02,11264.354,3,3,11264.354,0.0,0.0,0.0,0.0,563217.7
1669322,IT,ES,FINAN,ELEC8,0.15,11264.286,3,3,11264.286,0.0,0.0,0.0,0.0,75095.24
1730871,IT,SE,FOODW,COPP1,0.08,11263.762,3,3,11263.762,0.0,0.0,0.0,0.0,140797.025
1735385,IT,SK,NONME,RESEA,0.02,11263.611,3,3,11263.611,0.0,0.0,0.0,0.0,563180.55
1750121,IT,CN,PREC1,LEATH,0.02,11263.496,3,3,11263.496,0.0,0.0,0.0,0.0,563174.8
1768245,IT,RU,FOOD4,BASIC,0.08,11262.847,3,3,11262.847,0.0,0.0,0.0,0.0,140785.5875
1652111,IT,CZ,CHEMI,NAPHT,0.03,11262.166,4,4,11261.166,0.0,0.0,1.0,0.0,375405.533333
1783994,IT,ID,FOOD5,WOODW,0.05,11261.5,3,3,11261.5,0.0,0.0,0.0,0.0,225230.0
1669521,IT,ES,AUXIL,EDUCA,0.21,11261.357,3,3,11261.357,0.0,0.0,0.0,0.0,53625.509524
1778295,IT,TR,SALEM,GLASS,0.09,11261.35,3,3,11261.35,0.0,0.0,0.0,0.0,125126.111111
1640550,IT,AT,FOOD5,BIODI,0.05,11261.249,3,3,11261.249,0.0,0.0,0.0,0.0,225224.98
1666124,IT,ES,GASDI,PREC1,0.02,11261.248,3,3,11261.248,0.0,0.0,0.0,0.0,563062.4
1813992,IT,WM,SEACO,BITU1,0.01,11261.225,3,3,11261.225,0.0,0.0,0.0,0.0,1126122.5
1640892,IT,AT,LEATH,ELECT,0.08,11260.805,4,4,11260.803,0.0,0.0,0.0,0.002,140760.0625
1717468,IT,NL,AUXIL,AUXIL,0.21,11260.684,3,3,11260.684,0.0,0.0,0.0,0.0,53622.304762
1761554,IT,IN,COPP1,COKEO,0.03,11260.277,3,3,11260.277,0.0,0.0,0.0,0.0,375342.566667
1755471,IT,KR,PLAST,CERAM,0.02,11259.311,3,3,11259.311,0.0,0.0,0.0,0.0,562965.55
1719987,IT,PL,ALUM1,COKIN,0.02,11258.942,3,3,11258.942,0.0,0.0,0.0,0.0,562947.1
1793838,IT,WL,TEXTI,BIOGA,0.07,11258.759,3,3,11258.759,0.0,0.0,0.0,0.0,160839.414286
1762300,IT,IN,AIRTR,TRAN2,0.01,11258.555,3,3,11258.555,0.0,0.0,0.0,0.0,1125855.5
1650906,IT,BG,SEACO,WOODW,0.01,11257.799,3,3,11257.799,0.0,0.0,0.0,0.0,1125779.9
1756357,IT,KR,TRANS,RAILW,0.07,11257.437,3,3,11257.437,0.0,0.0,0.0,0.0,160820.528571
1754383,IT,CA,RENTI,WHEAT,0.07,11256.561,3,3,11256.561,0.0,0.0,0.0,0.0,160808.014286
1796411,IT,WL,WHOLE,FOUND,0.1,11256.453,3,3,11256.453,0.0,0.0,0.0,0.0,112564.53
1785538,IT,ZA,AVIAT,AIRTR,0.03,11256.38,3,3,11256.38,0.0,0.0,0.0,0.0,375212.666667
1683732,IT,HR,MACHI,BRICK,0.06,11256.108,3,3,11256.108,0.0,0.0,0.0,0.0,187601.8
1777670,IT,TR,LEAD1,BUSIN,0.02,11255.868,3,3,11255.868,0.0,0.0,0.0,0.0,562793.4
1767080,IT,RU,FURNI,PREC1,0.04,11255.755,3,3,11255.755,0.0,0.0,0.0,0.0,281393.875
1687806,IT,HU,POSTT,CONST,0.19,11253.77,3,3,11253.77,0.0,0.0,0.0,0.0,59230.368421
1725878,IT,RO,HEAVY,WEARI,0.02,11252.847,3,3,11252.847,0.0,0.0,0.0,0.0,562642.35
1758388,IT,BR,FABRI,NAPHT,0.05,11252.809,3,3,11252.809,0.0,0.0,0.0,0.0,225056.18
1766264,IT,RU,CERAM,FOUND,0.02,11252.77,3,3,11252.77,0.0,0.0,0.0,0.0,562638.5
1802366,IT,WE,SEACO,PREC1,0.01,11252.387,3,3,11252.387,0.0,0.0,0.0,0.0,1125238.7
1712028,IT,LV,FOOD5,WHEAT,0.05,11252.165,3,3,11252.165,0.0,0.0,0.0,0.0,225043.3
1792615,IT,WA,COMPU,AUXIL,0.13,11252.12,3,3,11252.12,0.0,0.0,0.0,0.0,86554.769231
1668845,IT,ES,TRAN2,REALE,0.02,11251.878,3,3,11251.878,0.0,0.0,0.0,0.0,562593.9
1669944,IT,ES,EDUCA,BASIC,0.28,11251.09,3,3,11251.09,0.0,0.0,0.0,0.0,40182.464286
1761924,IT,IN,FURNI,NFERT,0.04,11251.012,3,3,11251.012,0.0,0.0,0.0,0.0,281275.3
1727119,IT,RO,LANDT,BRICK,0.07,11250.625,3,3,11250.625,0.0,0.0,0.0,0.0,160723.214286
1666165,IT,ES,GASDI,PLAS1,0.02,11250.621,3,3,11250.621,0.0,0.0,0.0,0.0,562531.05
1709865,IT,LT,GLASS,STEAM,0.03,11249.773,3,3,11249.773,0.0,0.0,0.0,0.0,374992.433333
1808280,IT,WF,FOOD2,BASIC,0.07,11249.365,3,3,11249.365,0.0,0.0,0.0,0.0,160705.214286
1721279,IT,PL,LANDT,COKE1,0.07,11248.184,3,3,11248.184,0.0,0.0,0.0,0.0,160688.342857
1683596,IT,HR,COPP1,RESEA,0.03,11248.14,3,3,11248.14,0.0,0.0,0.0,0.0,374938.0
1747916,IT,JP,COMPU,WHOLE,0.13,11248.048,3,3,11248.048,0.0,0.0,0.0,0.0,86523.446154
1759962,IT,BR,PLAS1,AUXIL,0.04,11247.881,3,3,11247.881,0.0,0.0,0.0,0.0,281197.025
1762726,IT,IN,BUSIN,PLAST,0.12,11247.79,3,3,11247.79,0.0,0.0,0.0,0.0,93731.583333
1808048,IT,WF,INTER,BUSIN,0.07,11247.598,3,3,11247.598,0.0,0.0,0.0,0.0,160679.971429
1659959,IT,DE,SEACO,PULP5,0.01,11247.578,3,3,11247.578,0.0,0.0,0.0,0.0,1124757.8
1753547,IT,CA,MACHI,ETHAN,0.06,11246.958,3,3,11246.958,0.0,0.0,0.0,0.0,187449.3
1789829,IT,WA,CERAM,PAPER,0.02,11245.366,3,3,11245.366,0.0,0.0,0.0,0.0,562268.3
1664712,IT,EE,SUPPO,PULP5,0.08,11244.492,3,3,11244.492,0.0,0.0,0.0,0.0,140556.15
1657427,IT,DE,RUBBE,BIODI,0.04,11244.109,3,3,11244.109,0.0,0.0,0.0,0.0,281102.725
1640569,IT,AT,FOOD5,CONST,0.05,11244.101,3,3,11244.101,0.0,0.0,0.0,0.0,224882.02
1771732,IT,CH,LEATH,PULP5,0.08,11243.964,4,4,11243.962,0.0,0.0,0.0,0.002,140549.55
1749775,IT,CN,ADDIT,FOUND,0.03,11243.44,3,3,11243.44,0.0,0.0,0.0,0.0,374781.333333
1722705,IT,PT,WOODW,FOOD5,0.03,11242.356,3,3,11242.356,0.0,0.0,0.0,0.0,374745.2
1679276,IT,GR,GASDI,PUBLI,0.02,11241.906,3,3,11241.906,0.0,0.0,0.0,0.0,562095.3
1739564,IT,GB,TRAN2,REALE,0.02,11241.898,3,3,11241.898,0.0,0.0,0.0,0.0,562094.9
1726952,IT,RO,HOTEL,KEROS,0.08,11241.028,3,3,11241.028,0.0,0.0,0.0,0.0,140512.85
1757738,IT,BR,LUBRI,KEROS,0.01,11240.922,3,3,11240.922,0.0,0.0,0.0,0.0,1124092.2
1648513,IT,BG,CROPS,TEXTI,0.09,11240.87,3,3,11240.87,0.0,0.0,0.0,0.0,124898.555556
1788858,IT,WA,GASDI,NAPHT,0.02,11240.696,3,3,11240.696,0.0,0.0,0.0,0.0,562034.8
1676566,IT,FR,HOTEL,LIQUE,0.08,11240.639,3,3,11240.639,0.0,0.0,0.0,0.0,140507.9875
1666495,IT,ES,PLAST,LEAD1,0.02,11240.003,3,3,11240.003,0.0,0.0,0.0,0.0,562000.15
1666641,IT,ES,CHEM1,PAPE2,0.02,11239.748,3,3,11239.748,0.0,0.0,0.0,0.0,561987.4
1684347,IT,HR,SUPPO,SALEM,0.08,11239.673,3,3,11239.673,0.0,0.0,0.0,0.0,140495.9125
1781547,IT,NO,TEXTI,SUPPO,0.07,11239.464,3,3,11239.464,0.0,0.0,0.0,0.0,160563.771429
1727247,IT,RO,SUPPO,ELEC2,0.08,11237.264,3,3,11237.264,0.0,0.0,0.0,0.0,140465.8
1713414,IT,MT,NUCLE,FOOD5,0.02,11237.161,3,3,11237.161,0.0,0.0,0.0,0.0,561858.05
1773511,IT,CH,MOTO1,TEXTI,0.06,11236.817,3,3,11236.817,0.0,0.0,0.0,0.0,187280.283333
1665287,IT,ES,BEVER,ELEC2,0.05,11236.153,3,3,11236.153,0.0,0.0,0.0,0.0,224723.06
1730973,IT,SE,WOOD1,COPP1,0.08,11236.115,3,3,11236.115,0.0,0.0,0.0,0.0,140451.4375
1670734,IT,FI,PAPER,FABRI,0.04,11235.892,3,3,11235.892,0.0,0.0,0.0,0.0,280897.3
1756479,IT,KR,CONST,EDUCA,0.06,11235.854,3,3,11235.854,0.0,0.0,0.0,0.0,187264.233333
1768456,IT,AU,DAIRY,COMPU,0.05,11235.691,3,3,11235.691,0.0,0.0,0.0,0.0,224713.82
1810268,IT,WM,LEATH,MEDIC,0.08,11235.548,4,4,11235.546,0.0,0.0,0.0,0.002,140444.35
1735033,IT,SK,PLAST,RAILW,0.02,11234.773,3,3,11234.773,0.0,0.0,0.0,0.0,561738.65
1747086,IT,JP,FURNI,ELEC8,0.04,11234.641,3,3,11234.641,0.0,0.0,0.0,0.0,280866.025
1768335,IT,AU,CHEMI,RECRE,0.03,11234.632,4,4,11233.632,0.0,0.0,1.0,0.0,374487.733333
1688542,IT,IE,PAPER,FINAN,0.04,11234.367,3,3,11234.367,0.0,0.0,0.0,0.0,280859.175
1782935,IT,NO,AIRTR,HEAVY,0.01,11234.366,3,3,11234.366,0.0,0.0,0.0,0.0,1123436.6
1716844,IT,NL,HOTEL,MOTOR,0.08,11234.086,3,3,11234.086,0.0,0.0,0.0,0.0,140426.075
1804847,IT,WF,BITU1,CATTL,0.02,11233.973,3,3,11233.973,0.0,0.0,0.0,0.0,561698.65
1667334,IT,ES,LEAD1,PAPER,0.02,11232.546,3,3,11232.546,0.0,0.0,0.0,0.0,561627.3
1678308,IT,FR,FOOD3,FOOD2,0.03,11232.28,3,3,11232.28,0.0,0.0,0.0,0.0,374409.333333
1689437,IT,IE,HOTEL,BASIC,0.08,11231.951,3,3,11231.951,0.0,0.0,0.0,0.0,140399.3875
1649173,IT,BG,PRINT,FABRI,0.11,11231.514,3,3,11231.514,0.0,0.0,0.0,0.0,102104.672727
1682309,IT,HR,WOODW,CEREA,0.03,11231.196,3,3,11231.196,0.0,0.0,0.0,0.0,374373.2
1770037,IT,AU,CONST,FABRI,0.06,11230.906,3,3,11230.906,0.0,0.0,0.0,0.0,187181.766667
1722373,IT,PT,SANDC,CEMEN,0.03,11230.616,4,4,11228.616,0.0,0.0,2.0,0.0,374353.866667
1778031,IT,TR,OFFIC,NONME,0.03,11230.448,3,3,11230.448,0.0,0.0,0.0,0.0,374348.266667
1684284,IT,HR,AIRTR,MOTO1,0.01,11230.265,3,3,11230.265,0.0,0.0,0.0,0.0,1123026.5
1681194,IT,GR,POSTT,SEACO,0.18,11229.915,3,3,11229.915,0.0,0.0,0.0,0.0,62388.416667
1782979,IT,NO,SUPPO,LANDT,0.08,11229.513,3,3,11229.513,0.0,0.0,0.0,0.0,140368.9125
1754774,IT,KR,SUGA1,BEVER,0.03,11229.221,4,4,11229.219,0.0,0.0,0.0,0.002,374307.366667
1788694,IT,WA,MOTOR,NATU1,0.02,11228.972,3,3,11228.972,0.0,0.0,0.0,0.0,561448.6
1642943,IT,AT,FURNI,NONME,0.04,11228.84,3,3,11228.84,0.0,0.0,0.0,0.0,280721.0
1647086,IT,BE,HOTEL,GASDI,0.08,11228.58,3,3,11228.58,0.0,0.0,0.0,0.0,140357.25
1762052,IT,IN,RETA1,RAWMI,0.12,11227.962,3,3,11227.962,0.0,0.0,0.0,0.0,93566.35
1685980,IT,HU,BIODI,PIGS9,0.02,11227.93,3,3,11227.93,0.0,0.0,0.0,0.0,561396.5
1732402,IT,SI,PLAST,ELECT,0.02,11227.889,3,3,11227.889,0.0,0.0,0.0,0.0,561394.45
1715429,IT,NL,MOTOR,TRAN1,0.02,11227.816,3,3,11227.816,0.0,0.0,0.0,0.0,561390.8
1756648,IT,KR,LANDT,ELECT,0.07,11227.305,3,3,11227.305,0.0,0.0,0.0,0.0,160390.071429
1744080,IT,US,SUPPO,BITUM,0.08,11227.271,3,3,11227.271,0.0,0.0,0.0,0.0,140340.8875
1735628,IT,SK,COPP1,ELEC4,0.03,11226.946,3,3,11226.946,0.0,0.0,0.0,0.0,374231.533333
1805558,IT,WF,CEMEN,CEREA,0.02,11226.813,3,3,11226.813,0.0,0.0,0.0,0.0,561340.65
1678755,IT,GR,SUGA1,MACHI,0.03,11226.749,4,4,11226.747,0.0,0.0,0.0,0.002,374224.966667
1683213,IT,HR,CERAM,VEGET,0.02,11226.608,3,3,11226.608,0.0,0.0,0.0,0.0,561330.4
1789920,IT,WA,CEMEN,PAPER,0.02,11226.505,3,3,11226.505,0.0,0.0,0.0,0.0,561325.25
1744709,IT,US,COMPU,INSUR,0.13,11226.211,3,3,11226.211,0.0,0.0,0.0,0.0,86355.469231
1666182,IT,ES,HEAVY,CEREA,0.02,11225.985,3,3,11225.985,0.0,0.0,0.0,0.0,561299.25
1721063,IT,PL,HOTEL,ELEC1,0.08,11225.11,3,3,11225.11,0.0,0.0,0.0,0.0,140313.875
1726725,IT,RO,FURNI,ELEC3,0.04,11225.023,3,3,11225.023,0.0,0.0,0.0,0.0,280625.575
1768781,IT,AU,WEARI,MEMBE,0.08,11223.901,4,4,11223.899,0.0,0.0,0.0,0.002,140298.7625
1769105,IT,AU,PLAST,WASTE,0.02,11223.637,3,3,11223.637,0.0,0.0,0.0,0.0,561181.85
1749555,IT,CN,PLAST,BRICK,0.02,11222.79,3,3,11222.79,0.0,0.0,0.0,0.0,561139.5
1736952,IT,GB,VEGET,CHEM1,0.04,11222.54,3,3,11222.54,0.0,0.0,0.0,0.0,280563.5
1660070,IT,DE,AIRTR,LIQUI,0.01,11222.219,3,3,11222.219,0.0,0.0,0.0,0.0,1122221.9
1646636,IT,BE,TRANS,LANDT,0.07,11222.165,3,3,11222.165,0.0,0.0,0.0,0.0,160316.642857
1766533,IT,RU,COPP1,PLAST,0.03,11221.4,3,3,11221.4,0.0,0.0,0.0,0.0,374046.666667
1812115,IT,WM,BRICK,NATUR,0.02,11221.336,3,3,11221.336,0.0,0.0,0.0,0.0,561066.8
1740195,IT,GB,BUSIN,TOBAC,0.12,11221.19,3,3,11221.19,0.0,0.0,0.0,0.0,93509.916667
1772477,IT,CH,BIODI,RAWMI,0.02,11220.942,3,3,11220.942,0.0,0.0,0.0,0.0,561047.1
1795362,IT,WL,BASIC,POULT,0.01,11220.466,3,3,11220.466,0.0,0.0,0.0,0.0,1122046.6
1713141,IT,MT,BEVER,RESEA,0.05,11220.217,3,3,11220.217,0.0,0.0,0.0,0.0,224404.34
1788138,IT,WA,WEARI,LIQUE,0.08,11220.058,4,4,11220.056,0.0,0.0,0.0,0.002,140250.725
1779943,IT,TW,CONST,FURNI,0.06,11219.983,3,3,11219.983,0.0,0.0,0.0,0.0,186999.716667
1794720,IT,WL,LUBRI,FISH5,0.01,11219.635,3,3,11219.635,0.0,0.0,0.0,0.0,1121963.5
1687896,IT,HU,REALE,TRANS,0.47,11218.532,3,3,11218.532,0.0,0.0,0.0,0.0,23869.217021
1796452,IT,WL,WHOLE,PRIVA,0.1,11218.356,3,3,11218.356,0.0,0.0,0.0,0.0,112183.56
1670309,IT,FI,CHEMI,ELEC2,0.03,11218.008,4,4,11217.008,0.0,0.0,1.0,0.0,373933.6
1810401,IT,WM,PULP5,RAWMI,0.03,11217.978,3,3,11217.978,0.0,0.0,0.0,0.0,373932.6
1765267,IT,RU,VEGE1,MEAT4,0.03,11217.732,4,4,11217.73,0.0,0.0,0.0,0.002,373924.4
1791715,IT,WA,RAILW,PIGS9,0.08,11217.537,3,3,11217.537,0.0,0.0,0.0,0.0,140219.2125
1679727,IT,GR,NONME,RENTI,0.02,11217.133,3,3,11217.133,0.0,0.0,0.0,0.0,560856.65
1648668,IT,BG,DAIRY,PUBLI,0.05,11216.768,3,3,11216.768,0.0,0.0,0.0,0.0,224335.36
1664845,IT,ES,CATTL,BUSIN,0.02,11215.755,3,3,11215.755,0.0,0.0,0.0,0.0,560787.75
1788739,IT,WA,MOTOR,ELEC4,0.02,11215.435,3,3,11215.435,0.0,0.0,0.0,0.0,560771.75
1791714,IT,WA,RAILW,CATTL,0.08,11214.321,3,3,11214.321,0.0,0.0,0.0,0.0,140179.0125
1746365,IT,JP,RUBBE,KEROS,0.04,11214.192,3,3,11214.192,0.0,0.0,0.0,0.0,280354.8
1780471,IT,TW,POSTT,LEATH,0.18,11213.696,3,3,11213.696,0.0,0.0,0.0,0.0,62298.311111
1752589,IT,CA,FISH5,RETA1,0.05,11213.376,4,4,11213.37,0.0,0.0,0.0,0.006,224267.52
1648734,IT,BG,FOOD5,LANDT,0.05,11213.168,3,3,11213.168,0.0,0.0,0.0,0.0,224263.36
1659375,IT,DE,WHOLE,CROPS,0.1,11212.227,3,3,11212.227,0.0,0.0,0.0,0.0,112122.27
1735284,IT,SK,GLASS,FOUND,0.03,11211.595,3,3,11211.595,0.0,0.0,0.0,0.0,373719.833333
1809899,IT,WM,BEVER,GLASS,0.05,11211.549,3,3,11211.549,0.0,0.0,0.0,0.0,224230.98
1736509,IT,SK,AIRTR,FABRI,0.01,11211.54,3,3,11211.54,0.0,0.0,0.0,0.0,1121154.0
1657343,IT,DE,BIODI,OILSE,0.02,11211.328,3,3,11211.328,0.0,0.0,0.0,0.0,560566.4
1646822,IT,BE,SALEM,EDUCA,0.09,11211.088,3,3,11211.088,0.0,0.0,0.0,0.0,124567.644444
1676430,IT,FR,RETA1,CEREA,0.12,11211.026,3,3,11211.026,0.0,0.0,0.0,0.0,93425.216667
1799392,IT,WE,PULP5,REALE,0.03,11211.02,3,3,11211.02,0.0,0.0,0.0,0.0,373700.666667
1746443,IT,JP,GLASS,PLAST,0.03,11210.938,3,3,11210.938,0.0,0.0,0.0,0.0,373697.933333
1813109,IT,WM,MOTO1,COPPE,0.06,11209.811,3,3,11209.811,0.0,0.0,0.0,0.0,186830.183333
1738881,IT,GB,TRANS,HEALT,0.07,11209.594,3,3,11209.594,0.0,0.0,0.0,0.0,160137.057143
1679073,IT,GR,PULP5,WOODW,0.03,11209.589,3,3,11209.589,0.0,0.0,0.0,0.0,373652.966667
1687691,IT,HU,AIRTR,FOOD3,0.01,11209.401,3,3,11209.401,0.0,0.0,0.0,0.0,1120940.1
1733995,IT,SI,POSTT,PRINT,0.18,11208.151,3,3,11208.151,0.0,0.0,0.0,0.0,62267.505556
1808090,IT,WF,TEXT1,93197,0.08,11207.706,3,3,11207.706,0.0,0.0,0.0,0.0,140096.325
1674847,IT,FR,NONME,GASDI,0.02,11207.477,3,3,11207.477,0.0,0.0,0.0,0.0,560373.85
1775569,IT,CH,RECRE,FOOD5,0.14,11207.353,3,3,11207.353,0.0,0.0,0.0,0.0,80052.521429
1689521,IT,IE,SEACO,PEAT2,0.01,11206.966,3,3,11206.966,0.0,0.0,0.0,0.0,1120696.6
1812175,IT,WM,NONME,PIGS9,0.02,11206.816,3,3,11206.816,0.0,0.0,0.0,0.0,560340.8
1649767,IT,BG,BASIC,ELEC5,0.01,11206.476,3,3,11206.476,0.0,0.0,0.0,0.0,1120647.6
1710439,IT,LT,LANDT,WEARI,0.07,11206.39,3,3,11206.39,0.0,0.0,0.0,0.0,160091.285714
1785855,IT,ZA,CHEM1,RENTI,0.02,11206.221,3,3,11206.221,0.0,0.0,0.0,0.0,560311.05
1796387,IT,WL,WHOLE,GASDI,0.1,11206.183,3,3,11206.183,0.0,0.0,0.0,0.0,112061.83
1774456,IT,CH,LANDT,MEATC,0.07,11206.025,3,3,11206.025,0.0,0.0,0.0,0.0,160086.071429
1655931,IT,DE,PROCE,RAILW,0.08,11205.789,3,3,11205.789,0.0,0.0,0.0,0.0,140072.3625
1770333,IT,AU,HOTEL,INERT,0.08,11205.11,3,3,11205.11,0.0,0.0,0.0,0.0,140063.875
1710992,IT,LU,CERAM,FURNI,0.02,11204.891,3,3,11204.891,0.0,0.0,0.0,0.0,560244.55
1690189,IT,IE,BUSIN,KERO1,0.12,11204.311,3,3,11204.311,0.0,0.0,0.0,0.0,93369.258333
1733209,IT,SI,MACHI,GLASS,0.06,11203.903,3,3,11203.903,0.0,0.0,0.0,0.0,186731.716667
1782595,IT,NO,FURNI,WEARI,0.04,11202.438,3,3,11202.438,0.0,0.0,0.0,0.0,280060.95
1779648,IT,TR,RESEA,MOTOR,0.06,11201.676,3,3,11201.676,0.0,0.0,0.0,0.0,186694.6
1655896,IT,DE,DAIRY,SUPPO,0.05,11201.603,3,3,11201.603,0.0,0.0,0.0,0.0,224032.06
1779380,IT,TR,AUXIL,SALEM,0.2,11201.479,3,3,11201.479,0.0,0.0,0.0,0.0,56007.395
1752195,IT,CN,PUBLI,TRANS,0.18,11200.897,3,3,11200.897,0.0,0.0,0.0,0.0,62227.205556
1797875,IT,WL,FOOD3,HOTEL,0.03,11200.282,3,3,11200.282,0.0,0.0,0.0,0.0,373342.733333
1666427,IT,ES,BITU1,ELEC1,0.02,11200.27,3,3,11200.27,0.0,0.0,0.0,0.0,560013.5
1686539,IT,HU,ALUM1,WEARI,0.02,11199.785,3,3,11199.785,0.0,0.0,0.0,0.0,559989.25
1764292,IT,MX,MACHI,COMPU,0.06,11199.331,3,3,11199.331,0.0,0.0,0.0,0.0,186655.516667
1646763,IT,BE,CONST,HOTEL,0.06,11198.934,3,3,11198.934,0.0,0.0,0.0,0.0,186648.9
1725519,IT,RO,LEATH,PRINT,0.08,11198.472,4,4,11198.47,0.0,0.0,0.0,0.002,139980.9
1652743,IT,CZ,PAPER,ELEC1,0.04,11198.082,3,3,11198.082,0.0,0.0,0.0,0.0,279952.05
1710435,IT,LT,LANDT,SUGA1,0.07,11198.025,3,3,11198.025,0.0,0.0,0.0,0.0,159971.785714
1805397,IT,WF,RUBBE,RETAI,0.04,11197.983,3,3,11197.983,0.0,0.0,0.0,0.0,279949.575
1652712,IT,CZ,PAPER,LIQUE,0.04,11197.736,3,3,11197.736,0.0,0.0,0.0,0.0,279943.4
1762897,IT,MX,STONE,TRAN2,0.04,11197.164,4,4,11196.164,0.0,0.0,1.0,0.0,279929.1
1755998,IT,KR,COPP1,CHEM1,0.03,11197.11,3,3,11197.11,0.0,0.0,0.0,0.0,373237.0
1739755,IT,GB,SUPPO,TEXT2,0.08,11196.679,3,3,11196.679,0.0,0.0,0.0,0.0,139958.4875
1644259,IT,BE,CROPS,PAPER,0.09,11196.097,3,3,11196.097,0.0,0.0,0.0,0.0,124401.077778
1775659,IT,TR,PADDY,FOOD5,0.11,11195.816,3,3,11195.816,0.0,0.0,0.0,0.0,101780.145455
1773522,IT,CH,MOTO1,PLAST,0.06,11195.781,3,3,11195.781,0.0,0.0,0.0,0.0,186596.35
1777314,IT,TR,GLASS,WEARI,0.03,11195.212,3,3,11195.212,0.0,0.0,0.0,0.0,373173.733333
1791319,IT,WA,SALEM,CATTL,0.09,11194.664,3,3,11194.664,0.0,0.0,0.0,0.0,124385.155556
1752940,IT,CA,PLAST,PFERT,0.02,11194.66,3,3,11194.66,0.0,0.0,0.0,0.0,559733.0
1776825,IT,TR,NAPHT,REALE,0.02,11194.273,3,3,11194.273,0.0,0.0,0.0,0.0,559713.65
1665348,IT,ES,FISH5,RESEA,0.05,11193.617,4,4,11193.611,0.0,0.0,0.0,0.006,223872.34
1771243,IT,CH,VEGE1,FURNI,0.03,11193.278,4,4,11193.276,0.0,0.0,0.0,0.002,373109.266667
1650199,IT,BG,TRANS,OFFIC,0.07,11193.241,3,3,11193.241,0.0,0.0,0.0,0.0,159903.442857
1766885,IT,RU,OFFIC,NONF1,0.03,11192.792,3,3,11192.792,0.0,0.0,0.0,0.0,373093.066667
1765718,IT,RU,PAPER,RENTI,0.04,11191.415,3,3,11191.415,0.0,0.0,0.0,0.0,279785.375
1640838,IT,AT,LEATH,CEREA,0.08,11190.742,4,4,11190.74,0.0,0.0,0.0,0.002,139884.275
1812437,IT,WM,PREC1,LUBRI,0.02,11190.668,3,3,11190.668,0.0,0.0,0.0,0.0,559533.4
1648857,IT,BG,TEXTI,GASDI,0.07,11189.04,3,3,11189.04,0.0,0.0,0.0,0.0,159843.428571
1774462,IT,CH,LANDT,TOBAC,0.07,11188.963,3,3,11188.963,0.0,0.0,0.0,0.0,159842.328571
1763196,IT,MX,LEATH,RENTI,0.08,11188.415,4,4,11188.413,0.0,0.0,0.0,0.002,139855.1875
1739405,IT,GB,RAILW,INERT,0.07,11188.392,3,3,11188.392,0.0,0.0,0.0,0.0,159834.171429
1788382,IT,WA,WOODW,LIQUE,0.03,11188.133,3,3,11188.133,0.0,0.0,0.0,0.0,372937.766667
1813060,IT,WM,OFFIC,MEDIC,0.03,11188.132,3,3,11188.132,0.0,0.0,0.0,0.0,372937.733333
1724529,IT,PT,POSTT,FABRI,0.18,11187.289,3,3,11187.289,0.0,0.0,0.0,0.0,62151.605556
1795051,IT,WL,ADDIT,RADIO,0.03,11185.609,3,3,11185.609,0.0,0.0,0.0,0.0,372853.633333
1646118,IT,BE,BASIC,PAPE4,0.01,11184.464,3,3,11184.464,0.0,0.0,0.0,0.0,1118446.4
1753997,IT,CA,LANDT,POSTT,0.07,11183.762,3,3,11183.762,0.0,0.0,0.0,0.0,159768.028571
1744469,IT,US,AUXIL,BUSIN,0.2,11183.681,3,3,11183.681,0.0,0.0,0.0,0.0,55918.405
1670617,IT,FI,WEARI,INTER,0.08,11183.289,4,4,11183.287,0.0,0.0,0.0,0.002,139791.1125
1762606,IT,IN,AUXIL,BUSIN,0.2,11183.107,3,3,11183.107,0.0,0.0,0.0,0.0,55915.535
1784422,IT,ID,NONME,TRANS,0.02,11181.985,3,3,11181.985,0.0,0.0,0.0,0.0,559099.25
1800150,IT,WE,NONSP,CROPS,0.01,11181.761,3,3,11181.761,0.0,0.0,0.0,0.0,1118176.1
1779332,IT,TR,INSUR,FABRI,0.23,11181.012,3,3,11181.012,0.0,0.0,0.0,0.0,48613.095652
1710078,IT,LT,FABRI,NONME,0.05,11180.762,3,3,11180.762,0.0,0.0,0.0,0.0,223615.24
1776166,IT,TR,LEATH,LANDT,0.08,11180.676,4,4,11180.674,0.0,0.0,0.0,0.002,139758.45
1728700,IT,SE,MOTOR,CEREA,0.02,11180.649,3,3,11180.649,0.0,0.0,0.0,0.0,559032.45
1800446,IT,WE,BIODI,CONST,0.02,11180.613,3,3,11180.613,0.0,0.0,0.0,0.0,559030.65
1715786,IT,NL,BIODI,93197,0.02,11180.471,3,3,11180.471,0.0,0.0,0.0,0.0,559023.55
1743444,IT,US,WHOLE,BITUM,0.1,11180.251,3,3,11180.251,0.0,0.0,0.0,0.0,111802.51
1789020,IT,WA,NAPHT,WOODW,0.02,11179.934,3,3,11179.934,0.0,0.0,0.0,0.0,558996.7
1781419,IT,NO,FOOD5,WOODW,0.05,11179.77,3,3,11179.77,0.0,0.0,0.0,0.0,223595.4
1671190,IT,FI,NONME,SANDC,0.02,11179.592,3,3,11179.592,0.0,0.0,0.0,0.0,558979.6
1749993,IT,CN,CEMEN,MEMBE,0.02,11179.381,3,3,11179.381,0.0,0.0,0.0,0.0,558969.05
1777760,IT,TR,FABRI,PLANT,0.05,11179.101,3,3,11179.101,0.0,0.0,0.0,0.0,223582.02
1651828,IT,CY,HOTEL,REALE,0.08,11179.054,3,3,11179.054,0.0,0.0,0.0,0.0,139738.175
1805298,IT,WF,ADDIT,HOTEL,0.03,11178.966,3,3,11178.966,0.0,0.0,0.0,0.0,372632.2
1776956,IT,TR,PLAST,WASTE,0.02,11178.709,3,3,11178.709,0.0,0.0,0.0,0.0,558935.45
1755411,IT,KR,GASDI,BUSIN,0.02,11178.635,3,3,11178.635,0.0,0.0,0.0,0.0,558931.75
1720643,IT,PL,MOTO1,CERAM,0.06,11178.576,3,3,11178.576,0.0,0.0,0.0,0.0,186309.6
1720619,IT,PL,MOTO1,SUGA1,0.06,11178.36,3,3,11178.36,0.0,0.0,0.0,0.0,186306.0
1683978,IT,HR,WHOLE,WHOLE,0.1,11177.918,3,3,11177.918,0.0,0.0,0.0,0.0,111779.18
1746928,IT,JP,MOTO1,CERAM,0.06,11177.531,3,3,11177.531,0.0,0.0,0.0,0.0,186292.183333
1785594,IT,ZA,GASDI,ALUM1,0.02,11177.043,3,3,11177.043,0.0,0.0,0.0,0.0,558852.15
1755461,IT,KR,PLAST,LIQUE,0.02,11176.773,3,3,11176.773,0.0,0.0,0.0,0.0,558838.65
1686929,IT,HU,MACHI,ADDIT,0.06,11176.745,3,3,11176.745,0.0,0.0,0.0,0.0,186279.083333
1803470,IT,WF,MEAT4,SUGA1,0.06,11176.703,3,3,11176.703,0.0,0.0,0.0,0.0,186278.383333
1775436,IT,CH,HEALT,VEGE1,0.06,11176.388,3,3,11176.388,0.0,0.0,0.0,0.0,186273.133333
1679345,IT,GR,PLAST,VEGE1,0.02,11176.166,3,3,11176.166,0.0,0.0,0.0,0.0,558808.3
1808359,IT,WF,FOOD3,RESEA,0.03,11176.096,3,3,11176.096,0.0,0.0,0.0,0.0,372536.533333
1763329,IT,MX,PAPER,AUXIL,0.04,11175.83,3,3,11175.83,0.0,0.0,0.0,0.0,279395.75
1741267,IT,US,PAPER,SUGA1,0.04,11175.138,3,3,11175.138,0.0,0.0,0.0,0.0,279378.45
1671744,IT,FI,SALEM,OILHA,0.09,11174.525,3,3,11174.525,0.0,0.0,0.0,0.0,124161.388889
1713035,IT,MT,MEAT1,CONST,0.05,11173.325,3,3,11173.325,0.0,0.0,0.0,0.0,223466.5
1803065,IT,WF,CEREA,FABRI,0.02,11173.213,3,3,11173.213,0.0,0.0,0.0,0.0,558660.65
1760010,IT,BR,INTER,BUSIN,0.07,11173.178,3,3,11173.178,0.0,0.0,0.0,0.0,159616.828571
1775434,IT,CH,HEALT,PIGS9,0.06,11172.678,3,3,11172.678,0.0,0.0,0.0,0.0,186211.3
1793694,IT,WL,FOOD5,TEXTI,0.05,11172.658,3,3,11172.658,0.0,0.0,0.0,0.0,223453.16
1794189,IT,WL,PRINT,CERAM,0.11,11172.614,3,3,11172.614,0.0,0.0,0.0,0.0,101569.218182
1770853,IT,AU,BUSIN,PFERT,0.11,11172.273,3,3,11172.273,0.0,0.0,0.0,0.0,101566.118182
1792009,IT,WA,INLAN,MEATA,0.02,11171.99,3,3,11171.99,0.0,0.0,0.0,0.0,558599.5
1688317,IT,IE,VEGE1,MEATP,0.03,11171.949,4,4,11171.947,0.0,0.0,0.0,0.002,372398.3
1684481,IT,HR,RENTI,RECRE,0.07,11171.853,3,3,11171.853,0.0,0.0,0.0,0.0,159597.9
1661948,IT,DK,KEROS,PUBLI,0.02,11171.522,3,3,11171.522,0.0,0.0,0.0,0.0,558576.1
1671503,IT,FI,MACHI,FOUND,0.06,11171.184,3,3,11171.184,0.0,0.0,0.0,0.0,186186.4
1722401,IT,PT,MEATC,NAPHT,0.04,11171.104,3,3,11171.104,0.0,0.0,0.0,0.0,279277.6
1642011,IT,AT,RUBBE,RETAI,0.04,11170.675,3,3,11170.675,0.0,0.0,0.0,0.0,279266.875
1770251,IT,AU,HOTEL,REFI1,0.08,11170.601,3,3,11170.601,0.0,0.0,0.0,0.0,139632.5125
1652542,IT,CZ,WEARI,FOOD4,0.08,11170.372,4,4,11170.37,0.0,0.0,0.0,0.002,139629.65
1645434,IT,BE,LIQUE,TRANS,0.02,11170.239,3,3,11170.239,0.0,0.0,0.0,0.0,558511.95
1765760,IT,RU,PRINT,SUPPO,0.11,11169.766,3,3,11169.766,0.0,0.0,0.0,0.0,101543.327273
1764551,IT,MX,WHOLE,VEGET,0.1,11169.178,3,3,11169.178,0.0,0.0,0.0,0.0,111691.78
1755021,IT,KR,WEARI,HEAVY,0.08,11168.881,4,4,11168.879,0.0,0.0,0.0,0.002,139611.0125
1731134,IT,SI,NATUR,ALUM1,0.02,11168.686,3,3,11168.686,0.0,0.0,0.0,0.0,558434.3
1685716,IT,HU,PARAF,BIODI,0.02,11168.43,3,3,11168.43,0.0,0.0,0.0,0.0,558421.5
1671377,IT,FI,FABRI,CEREA,0.05,11168.146,3,3,11168.146,0.0,0.0,0.0,0.0,223362.92
1717138,IT,NL,SEACO,FOOD4,0.01,11167.036,3,3,11167.036,0.0,0.0,0.0,0.0,1116703.6
1646799,IT,BE,SALEM,PREC1,0.09,11166.874,3,3,11166.874,0.0,0.0,0.0,0.0,124076.377778
1685723,IT,HU,NONSP,NATUR,0.01,11166.189,3,3,11166.189,0.0,0.0,0.0,0.0,1116618.9
1809436,IT,WM,CHEMI,TRANS,0.03,11165.952,4,4,11164.952,0.0,0.0,1.0,0.0,372198.4
1743068,IT,US,MOTO1,CROPS,0.06,11165.899,3,3,11165.899,0.0,0.0,0.0,0.0,186098.316667
1735867,IT,SK,OFFIC,DAIRY,0.03,11165.38,3,3,11165.38,0.0,0.0,0.0,0.0,372179.333333
1806445,IT,WF,TRANS,FISH5,0.07,11165.186,3,3,11165.186,0.0,0.0,0.0,0.0,159502.657143
1760918,IT,IN,HEAVY,CROPS,0.02,11165.079,3,3,11165.079,0.0,0.0,0.0,0.0,558253.95
1650952,IT,BG,AIRTR,FINAN,0.01,11164.651,3,3,11164.651,0.0,0.0,0.0,0.0,1116465.1
1646379,IT,BE,FABRI,RADIO,0.05,11164.016,3,3,11164.016,0.0,0.0,0.0,0.0,223280.32
1808377,IT,WF,WASTE,COPPE,0.04,11162.883,3,3,11162.883,0.0,0.0,0.0,0.0,279072.075
1742395,IT,US,NONME,ELEC5,0.02,11162.856,3,3,11162.856,0.0,0.0,0.0,0.0,558142.8
1736554,IT,SK,SUPPO,FURNI,0.08,11162.303,3,3,11162.303,0.0,0.0,0.0,0.0,139528.7875
1671546,IT,FI,OFFIC,WHOLE,0.03,11161.7,3,3,11161.7,0.0,0.0,0.0,0.0,372056.666667
1751854,IT,CN,RENTI,SUPPO,0.07,11161.661,3,3,11161.661,0.0,0.0,0.0,0.0,159452.3
1814690,IT,WM,PLAS1,AUXIL,0.04,11161.233,3,3,11161.233,0.0,0.0,0.0,0.0,279030.825
1683906,IT,HR,FURNI,CHEM1,0.04,11160.317,3,3,11160.317,0.0,0.0,0.0,0.0,279007.925
1661856,IT,DK,PAPER,COPP1,0.04,11160.09,3,3,11160.09,0.0,0.0,0.0,0.0,279002.25
1737980,IT,GB,CHEM1,INSUR,0.02,11159.993,3,3,11159.993,0.0,0.0,0.0,0.0,557999.65
1796377,IT,WL,WHOLE,TOBAC,0.1,11159.729,3,3,11159.729,0.0,0.0,0.0,0.0,111597.29
1710954,IT,LU,RUBBE,RAILW,0.04,11159.688,3,3,11159.688,0.0,0.0,0.0,0.0,278992.2
1641785,IT,AT,CHEM1,LIQUI,0.02,11159.605,3,3,11159.605,0.0,0.0,0.0,0.0,557980.25
1805577,IT,WF,CEMEN,SUGA1,0.02,11159.138,3,3,11159.138,0.0,0.0,0.0,0.0,557956.9
1647175,IT,BE,RAILW,MOTO1,0.07,11158.067,3,3,11158.067,0.0,0.0,0.0,0.0,159400.957143
1646210,IT,BE,ALUM1,SUPPO,0.02,11157.986,3,3,11157.986,0.0,0.0,0.0,0.0,557899.3
1756483,IT,KR,CONST,93197,0.06,11157.757,3,3,11157.757,0.0,0.0,0.0,0.0,185962.616667
1789331,IT,WA,CHEM1,HYDRO,0.02,11157.416,3,3,11157.416,0.0,0.0,0.0,0.0,557870.8
1654790,IT,CZ,SUPPO,PFERT,0.08,11157.328,3,3,11157.328,0.0,0.0,0.0,0.0,139466.6
1783665,IT,NO,WASTE,LEAD1,0.04,11157.309,3,3,11157.309,0.0,0.0,0.0,0.0,278932.725
1664658,IT,EE,LANDT,RAILW,0.07,11156.001,3,3,11156.001,0.0,0.0,0.0,0.0,159371.442857
1717806,IT,NL,FOOD2,NONF1,0.06,11155.93,3,3,11155.93,0.0,0.0,0.0,0.0,185932.166667
1658249,IT,DE,COPP1,BEVER,0.03,11155.551,3,3,11155.551,0.0,0.0,0.0,0.0,371851.7
1760543,IT,IN,LEATH,PFERT,0.08,11155.335,4,4,11155.333,0.0,0.0,0.0,0.002,139441.6875
1778584,IT,TR,RETA1,BUSIN,0.12,11155.065,3,3,11155.065,0.0,0.0,0.0,0.0,92958.875
1796568,IT,WL,HOTEL,CROPS,0.08,11154.539,3,3,11154.539,0.0,0.0,0.0,0.0,139431.7375
1646707,IT,BE,FURNI,PUBLI,0.04,11154.057,3,3,11154.057,0.0,0.0,0.0,0.0,278851.425
1748912,IT,CN,WEARI,LEAD1,0.08,11153.589,4,4,11153.587,0.0,0.0,0.0,0.002,139419.8625
1683007,IT,HR,CHEM1,CERAM,0.02,11153.536,3,3,11153.536,0.0,0.0,0.0,0.0,557676.8
1686672,IT,HU,LEAD1,RECRE,0.02,11153.308,3,3,11153.308,0.0,0.0,0.0,0.0,557665.4
1766433,IT,RU,BASIC,COMPU,0.01,11153.109,3,3,11153.109,0.0,0.0,0.0,0.0,1115310.9
1680991,IT,GR,INLAN,MEMBE,0.02,11152.969,3,3,11152.969,0.0,0.0,0.0,0.0,557648.45
1734953,IT,SK,GASDI,BUSIN,0.02,11152.661,3,3,11152.661,0.0,0.0,0.0,0.0,557633.05
1773562,IT,CH,MOTO1,INLAN,0.06,11152.647,3,3,11152.647,0.0,0.0,0.0,0.0,185877.45
1764310,IT,MX,OFFIC,WEARI,0.03,11152.318,3,3,11152.318,0.0,0.0,0.0,0.0,371743.933333
1796852,IT,WL,SEACO,LIQUE,0.01,11151.414,3,3,11151.414,0.0,0.0,0.0,0.0,1115141.4
1640127,IT,AT,CEREA,CEREA,0.02,11151.315,3,3,11151.315,0.0,0.0,0.0,0.0,557565.75
1672351,IT,FI,BUSIN,MEAT4,0.11,11151.203,3,3,11151.203,0.0,0.0,0.0,0.0,101374.572727
1650794,IT,BG,LANDT,VEGET,0.07,11151.124,3,3,11151.124,0.0,0.0,0.0,0.0,159301.771429
1725165,IT,RO,VEGE1,DAIRY,0.03,11150.089,4,4,11150.087,0.0,0.0,0.0,0.002,371669.633333
1662865,IT,DK,WHOLE,LEATH,0.1,11149.838,3,3,11149.838,0.0,0.0,0.0,0.0,111498.38
1776955,IT,TR,PLAST,FOOD3,0.02,11149.431,3,3,11149.431,0.0,0.0,0.0,0.0,557471.55
1673117,IT,FR,FOOD5,FOOD4,0.05,11149.146,3,3,11149.146,0.0,0.0,0.0,0.0,222982.92
1652338,IT,CZ,FISH5,PIGS9,0.05,11148.851,4,4,11148.845,0.0,0.0,0.0,0.006,222977.02
1715936,IT,NL,GLASS,FURNI,0.03,11148.541,3,3,11148.541,0.0,0.0,0.0,0.0,371618.033333
1684685,IT,HU,CEREA,BEVER,0.02,11148.47,3,3,11148.47,0.0,0.0,0.0,0.0,557423.5
1681739,IT,HR,NATUR,RUBBE,0.02,11148.204,3,3,11148.204,0.0,0.0,0.0,0.0,557410.2
1749436,IT,CN,GASDI,COKE1,0.02,11147.579,3,3,11147.579,0.0,0.0,0.0,0.0,557378.95
1777937,IT,TR,MACHI,BIODI,0.06,11147.548,3,3,11147.548,0.0,0.0,0.0,0.0,185792.466667
1652920,IT,CZ,GASDI,CEREA,0.02,11147.112,3,3,11147.112,0.0,0.0,0.0,0.0,557355.6
1759096,IT,BR,AIRTR,FISH5,0.01,11147.006,3,3,11147.006,0.0,0.0,0.0,0.0,1114700.6
1795966,IT,WL,MOTO1,CHARC,0.06,11146.879,3,3,11146.879,0.0,0.0,0.0,0.0,185781.316667
1733913,IT,SI,AIRTR,COMPU,0.01,11146.599,3,3,11146.599,0.0,0.0,0.0,0.0,1114659.9
1763353,IT,MX,PRINT,PAPER,0.11,11146.563,3,3,11146.563,0.0,0.0,0.0,0.0,101332.390909
1755632,IT,KR,RUBBE,PROCE,0.04,11146.267,3,3,11146.267,0.0,0.0,0.0,0.0,278656.675
1709942,IT,LT,BASIC,DISTR,0.01,11145.766,3,3,11145.766,0.0,0.0,0.0,0.0,1114576.6
1686139,IT,HU,RUBBE,PAPE1,0.04,11145.677,3,3,11145.677,0.0,0.0,0.0,0.0,278641.925
1689964,IT,IE,REALE,PAPER,0.47,11145.661,3,3,11145.661,0.0,0.0,0.0,0.0,23714.17234
1732513,IT,SI,RUBBE,LEATH,0.04,11145.589,3,3,11145.589,0.0,0.0,0.0,0.0,278639.725
1741763,IT,US,NONSP,WHITE,0.01,11145.263,3,3,11145.263,0.0,0.0,0.0,0.0,1114526.3
1679672,IT,GR,GLASS,COMPU,0.03,11144.912,3,3,11144.912,0.0,0.0,0.0,0.0,371497.066667
1792637,IT,WA,RESEA,NATUR,0.06,11144.567,3,3,11144.567,0.0,0.0,0.0,0.0,185742.783333
1787586,IT,WA,MEATP,ANIMA,0.05,11144.225,3,3,11144.225,0.0,0.0,0.0,0.0,222884.5
1735973,IT,SK,MOTO1,RENTI,0.06,11144.111,3,3,11144.111,0.0,0.0,0.0,0.0,185735.183333
1774871,IT,CH,FINAN,INSUR,0.15,11144.032,3,3,11144.032,0.0,0.0,0.0,0.0,74293.546667
1801777,IT,WE,ELEC4,PAPER,0.18,11143.783,3,3,11143.783,0.0,0.0,0.0,0.0,61909.905556
1734240,IT,SI,RENTI,RECRE,0.07,11143.607,3,3,11143.607,0.0,0.0,0.0,0.0,159194.385714
1808555,IT,WF,PAPE4,BASIC,0.07,11143.399,3,3,11143.399,0.0,0.0,0.0,0.0,159191.414286
1722544,IT,PT,BEVER,WEARI,0.05,11142.398,3,3,11142.398,0.0,0.0,0.0,0.0,222847.96
1663336,IT,DK,AIRTR,RECRE,0.01,11142.299,3,3,11142.299,0.0,0.0,0.0,0.0,1114229.9
1749400,IT,CN,KEROS,CROPS,0.02,11142.179,3,3,11142.179,0.0,0.0,0.0,0.0,557108.95
1654813,IT,CZ,SUPPO,RETA1,0.08,11141.881,3,3,11141.881,0.0,0.0,0.0,0.0,139273.5125
1732288,IT,SI,NAPHT,MEATC,0.02,11141.34,3,3,11141.34,0.0,0.0,0.0,0.0,557067.0
1763116,IT,MX,WEARI,WHOLE,0.08,11140.245,4,4,11140.243,0.0,0.0,0.0,0.002,139253.0625
1738470,IT,GB,COPP1,GLASS,0.03,11140.226,3,3,11140.226,0.0,0.0,0.0,0.0,371340.866667
1763048,IT,MX,TEXTI,PFERT,0.07,11140.139,3,3,11140.139,0.0,0.0,0.0,0.0,159144.842857
1714850,IT,NL,FOOD5,SUPPO,0.05,11139.97,3,3,11139.97,0.0,0.0,0.0,0.0,222799.4
1795417,IT,WL,BASIC,RETAI,0.01,11139.619,3,3,11139.619,0.0,0.0,0.0,0.0,1113961.9
1662757,IT,DK,OFFIC,RENTI,0.03,11139.39,3,3,11139.39,0.0,0.0,0.0,0.0,371313.0
1754103,IT,CA,AIRTR,FOUND,0.01,11138.188,3,3,11138.188,0.0,0.0,0.0,0.0,1113818.8
1752328,IT,CA,MEATP,MEATP,0.05,11137.993,3,3,11137.993,0.0,0.0,0.0,0.0,222759.86
1765900,IT,RU,PLAST,PFERT,0.02,11137.992,3,3,11137.992,0.0,0.0,0.0,0.0,556899.6
1649481,IT,BG,ADDIT,MOTOR,0.03,11137.927,3,3,11137.927,0.0,0.0,0.0,0.0,371264.233333
1671606,IT,FI,FURNI,WOODW,0.04,11137.298,3,3,11137.298,0.0,0.0,0.0,0.0,278432.45
1742400,IT,US,NONME,RETAI,0.02,11137.029,3,3,11137.029,0.0,0.0,0.0,0.0,556851.45
1723159,IT,PT,RUBBE,ANIMA,0.04,11136.532,3,3,11136.532,0.0,0.0,0.0,0.0,278413.3
1752710,IT,CA,LEATH,NONME,0.08,11136.154,4,4,11136.152,0.0,0.0,0.0,0.002,139201.925
1684275,IT,HR,AIRTR,WOODW,0.01,11136.102,3,3,11136.102,0.0,0.0,0.0,0.0,1113610.2
1648565,IT,BG,LEADZ,HEAVY,0.02,11136.044,3,3,11136.044,0.0,0.0,0.0,0.0,556802.2
1674197,IT,FR,LIQUE,CEMEN,0.02,11135.399,3,3,11135.399,0.0,0.0,0.0,0.0,556769.95
1766870,IT,RU,OFFIC,FISH5,0.03,11135.271,3,3,11135.271,0.0,0.0,0.0,0.0,371175.7
1644004,IT,AT,RESEA,BUSIN,0.06,11135.172,3,3,11135.172,0.0,0.0,0.0,0.0,185586.2
1752012,IT,CN,RESEA,ELEC2,0.06,11134.853,3,3,11134.853,0.0,0.0,0.0,0.0,185580.883333
1647477,IT,BE,SUPPO,VEGE1,0.08,11134.696,3,3,11134.696,0.0,0.0,0.0,0.0,139183.7
1652630,IT,CZ,WOODW,NONME,0.03,11134.66,3,3,11134.66,0.0,0.0,0.0,0.0,371155.333333
1731418,IT,SI,FOOD5,ELEC2,0.05,11134.446,3,3,11134.446,0.0,0.0,0.0,0.0,222688.92
1793041,IT,WA,FOOD4,NONF1,0.08,11134.306,3,3,11134.306,0.0,0.0,0.0,0.0,139178.825
1677350,IT,FR,INSUR,CEREA,0.23,11134.242,3,3,11134.242,0.0,0.0,0.0,0.0,48409.747826
1745043,IT,US,PUBLI,BRICK,0.18,11134.235,3,3,11134.235,0.0,0.0,0.0,0.0,61856.861111
1803226,IT,WF,CROPS,MEMBE,0.09,11133.813,3,3,11133.813,0.0,0.0,0.0,0.0,123709.033333
1666958,IT,ES,CERAM,DISTR,0.02,11133.685,3,3,11133.685,0.0,0.0,0.0,0.0,556684.25
1726232,IT,RO,NONME,FABRI,0.02,11132.972,3,3,11132.972,0.0,0.0,0.0,0.0,556648.6
1783927,IT,ID,FORES,WOODW,0.1,11132.512,4,4,11128.512,0.0,4.0,0.0,0.0,111325.12
1665112,IT,ES,VEGE1,PUBLI,0.03,11132.223,4,4,11132.221,0.0,0.0,0.0,0.002,371074.1
1754278,IT,CA,POSTT,93197,0.18,11132.158,3,3,11132.158,0.0,0.0,0.0,0.0,61845.322222
1655396,IT,DE,CROPS,REALE,0.09,11130.852,3,3,11130.852,0.0,0.0,0.0,0.0,123676.133333
1770771,IT,AU,COMPU,BITUM,0.13,11130.723,3,3,11130.723,0.0,0.0,0.0,0.0,85620.946154
1735663,IT,SK,FABRI,SANDC,0.05,11130.391,3,3,11130.391,0.0,0.0,0.0,0.0,222607.82
1731916,IT,SI,MOTOR,WEARI,0.02,11129.913,3,3,11129.913,0.0,0.0,0.0,0.0,556495.65
1795696,IT,WL,FABRI,INLAN,0.05,11129.675,3,3,11129.675,0.0,0.0,0.0,0.0,222593.5
1687040,IT,HU,MOTO1,PIGS9,0.06,11129.592,3,3,11129.592,0.0,0.0,0.0,0.0,185493.2
1802004,IT,WE,WHOLE,WEARI,0.1,11129.159,3,3,11129.159,0.0,0.0,0.0,0.0,111291.59
1770424,IT,AU,SEACO,MEATC,0.01,11128.774,3,3,11128.774,0.0,0.0,0.0,0.0,1112877.4
1756052,IT,KR,FABRI,WEARI,0.05,11128.266,3,3,11128.266,0.0,0.0,0.0,0.0,222565.32
1647421,IT,BE,AIRTR,NONF1,0.01,11127.818,3,3,11127.818,0.0,0.0,0.0,0.0,1112781.8
1757709,IT,BR,NAPHT,PROCE,0.02,11127.796,3,3,11127.796,0.0,0.0,0.0,0.0,556389.8
1710713,IT,LU,FOOD5,FISH5,0.05,11127.666,3,3,11127.666,0.0,0.0,0.0,0.0,222553.32
1781425,IT,NO,FOOD5,CEMEN,0.05,11127.554,3,3,11127.554,0.0,0.0,0.0,0.0,222551.08
1767816,IT,RU,INSUR,RECRE,0.23,11127.277,3,3,11127.277,0.0,0.0,0.0,0.0,48379.465217
1674448,IT,FR,BIOGA,WHOLE,0.02,11126.752,3,3,11126.752,0.0,0.0,0.0,0.0,556337.6
1784828,IT,ID,HOTEL,FOOD3,0.08,11126.165,3,3,11126.165,0.0,0.0,0.0,0.0,139077.0625
1647980,IT,BE,RENTI,FINAN,0.07,11126.028,3,3,11126.028,0.0,0.0,0.0,0.0,158943.257143
1681697,IT,HR,FORES,PAPER,0.1,11125.833,4,4,11121.833,0.0,4.0,0.0,0.0,111258.33
1725078,IT,RO,CATTL,FOOD5,0.02,11125.427,3,3,11125.427,0.0,0.0,0.0,0.0,556271.35
1650602,IT,BG,ELEC8,WHOLE,0.15,11125.236,3,3,11125.236,0.0,0.0,0.0,0.0,74168.24
1683753,IT,HR,MACHI,DISTR,0.06,11125.171,3,3,11125.171,0.0,0.0,0.0,0.0,185419.516667
1655894,IT,DE,DAIRY,INLAN,0.05,11125.031,3,3,11125.031,0.0,0.0,0.0,0.0,222500.62
1641054,IT,AT,PAPER,NONFE,0.04,11124.566,3,3,11124.566,0.0,0.0,0.0,0.0,278114.15
1662294,IT,DK,NONME,PULP5,0.02,11123.781,3,3,11123.781,0.0,0.0,0.0,0.0,556189.05
1735650,IT,SK,FABRI,CEREA,0.05,11123.41,3,3,11123.41,0.0,0.0,0.0,0.0,222468.2
1687578,IT,HU,LANDT,EDUCA,0.07,11122.151,3,3,11122.151,0.0,0.0,0.0,0.0,158887.871429
1799605,IT,WE,MOTOR,SUBBI,0.02,11121.692,3,3,11121.692,0.0,0.0,0.0,0.0,556084.6
1645371,IT,BE,HEAVY,LIQUE,0.02,11121.468,3,3,11121.468,0.0,0.0,0.0,0.0,556073.4
1656073,IT,DE,BEVER,BASIC,0.05,11121.237,3,3,11121.237,0.0,0.0,0.0,0.0,222424.74
1757435,IT,BR,PAPER,MEATP,0.04,11120.828,3,3,11120.828,0.0,0.0,0.0,0.0,278020.7
1644566,IT,BE,PROCE,POSTT,0.08,11120.672,3,3,11120.672,0.0,0.0,0.0,0.0,139008.4
1679666,IT,GR,GLASS,LANDT,0.03,11120.647,3,3,11120.647,0.0,0.0,0.0,0.0,370688.233333
1670286,IT,FI,SANDC,CEMEN,0.03,11120.424,4,4,11118.424,0.0,0.0,2.0,0.0,370680.8
1788148,IT,WA,WEARI,GLASS,0.08,11119.721,4,4,11119.719,0.0,0.0,0.0,0.002,138996.5125
1745988,IT,JP,WOODW,RECRE,0.03,11118.847,3,3,11118.847,0.0,0.0,0.0,0.0,370628.233333
1666508,IT,ES,PLAST,ELEC4,0.02,11118.497,3,3,11118.497,0.0,0.0,0.0,0.0,555924.85
1684038,IT,HR,HOTEL,TOBAC,0.08,11117.71,3,3,11117.71,0.0,0.0,0.0,0.0,138971.375
1714773,IT,NL,PROCE,DAIRY,0.08,11116.239,3,3,11116.239,0.0,0.0,0.0,0.0,138952.9875
1762534,IT,IN,INSUR,WHOLE,0.23,11115.938,3,3,11115.938,0.0,0.0,0.0,0.0,48330.165217
1810887,IT,WM,KERO1,COPPE,0.02,11115.162,3,3,11115.162,0.0,0.0,0.0,0.0,555758.1
1715176,IT,NL,WOODW,SANDC,0.03,11114.308,3,3,11114.308,0.0,0.0,0.0,0.0,370476.933333
1743943,IT,US,INLAN,FABRI,0.02,11113.765,3,3,11113.765,0.0,0.0,0.0,0.0,555688.25
1787452,IT,WA,STONE,NONME,0.04,11113.452,4,4,11112.452,0.0,0.0,1.0,0.0,277836.3
1755876,IT,KR,NONME,OFFIC,0.02,11113.108,3,3,11113.108,0.0,0.0,0.0,0.0,555655.4
1716747,IT,NL,RETA1,LEATH,0.12,11113.089,3,3,11113.089,0.0,0.0,0.0,0.0,92609.075
1679356,IT,GR,PLAST,MOTOR,0.02,11113.059,3,3,11113.059,0.0,0.0,0.0,0.0,555652.95
1689611,IT,IE,AIRTR,MEMBE,0.01,11112.575,3,3,11112.575,0.0,0.0,0.0,0.0,1111257.5
1647301,IT,BE,LANDT,FOOD2,0.07,11112.516,3,3,11112.516,0.0,0.0,0.0,0.0,158750.228571
1662413,IT,DK,PREC1,CERAM,0.02,11112.241,3,3,11112.241,0.0,0.0,0.0,0.0,555612.05
1687619,IT,HU,AIRTR,CEREA,0.01,11112.13,3,3,11112.13,0.0,0.0,0.0,0.0,1111213.0
1791844,IT,WA,LANDT,MOTO1,0.07,11111.842,3,3,11111.842,0.0,0.0,0.0,0.0,158740.6
1750662,IT,CN,MOTO1,KEROS,0.06,11111.344,3,3,11111.344,0.0,0.0,0.0,0.0,185189.066667
1646240,IT,BE,LEAD1,BIOGA,0.02,11111.242,3,3,11111.242,0.0,0.0,0.0,0.0,555562.1
1688364,IT,IE,PROCE,BEVER,0.08,11111.042,3,3,11111.042,0.0,0.0,0.0,0.0,138888.025
1721890,IT,PL,RENTI,PLAST,0.07,11110.752,3,3,11110.752,0.0,0.0,0.0,0.0,158725.028571
1651848,IT,CY,SEACO,TRAN2,0.01,11110.306,3,3,11110.306,0.0,0.0,0.0,0.0,1111030.6
1775147,IT,CH,COMPU,EDUCA,0.13,11110.253,3,3,11110.253,0.0,0.0,0.0,0.0,85463.484615
1759304,IT,BR,POSTT,AIRTR,0.18,11109.371,3,3,11109.371,0.0,0.0,0.0,0.0,61718.727778
1758689,IT,BR,SALEM,TRANS,0.09,11109.132,3,3,11109.132,0.0,0.0,0.0,0.0,123434.8
1651959,IT,CY,BUSIN,LANDT,0.11,11108.631,3,3,11108.631,0.0,0.0,0.0,0.0,100987.554545
1641636,IT,AT,BITU1,REALE,0.02,11108.434,3,3,11108.434,0.0,0.0,0.0,0.0,555421.7
1746436,IT,JP,GLASS,TEXTI,0.03,11108.261,3,3,11108.261,0.0,0.0,0.0,0.0,370275.366667
1794435,IT,WL,GASDI,WOOLS,0.02,11108.192,3,3,11108.192,0.0,0.0,0.0,0.0,555409.6
1669674,IT,ES,COMPU,RUBBE,0.13,11108.084,3,3,11108.084,0.0,0.0,0.0,0.0,85446.8
1684218,IT,HR,SEACO,FORES,0.01,11107.653,3,3,11107.653,0.0,0.0,0.0,0.0,1110765.3
1805600,IT,WF,CEMEN,MEMBE,0.02,11107.303,3,3,11107.303,0.0,0.0,0.0,0.0,555365.15
1767895,IT,RU,REALE,WHOLE,0.47,11107.301,3,3,11107.301,0.0,0.0,0.0,0.0,23632.555319
1658119,IT,DE,ALUM1,LUBRI,0.02,11107.299,3,3,11107.299,0.0,0.0,0.0,0.0,555364.95
1684354,IT,HR,SUPPO,SEACO,0.08,11107.113,3,3,11107.113,0.0,0.0,0.0,0.0,138838.9125
1785287,IT,ZA,WEARI,HOTEL,0.08,11105.357,4,4,11105.355,0.0,0.0,0.0,0.002,138816.9625
1745415,IT,JP,DAIRY,FISH5,0.05,11105.244,3,3,11105.244,0.0,0.0,0.0,0.0,222104.88
1717087,IT,NL,LANDT,FOOD2,0.07,11105.189,3,3,11105.189,0.0,0.0,0.0,0.0,158645.557143
1676860,IT,FR,LANDT,TEXT1,0.07,11105.119,3,3,11105.119,0.0,0.0,0.0,0.0,158644.557143
1642000,IT,AT,RUBBE,ELEC2,0.04,11104.293,3,3,11104.293,0.0,0.0,0.0,0.0,277607.325
1799216,IT,WE,LEATH,PEAT2,0.08,11104.281,4,4,11104.279,0.0,0.0,0.0,0.002,138803.5125
1722615,IT,PT,TEXTI,PRINT,0.07,11104.017,3,3,11104.017,0.0,0.0,0.0,0.0,158628.814286
1654776,IT,CZ,SUPPO,BITUM,0.08,11103.943,3,3,11103.943,0.0,0.0,0.0,0.0,138799.2875
1785464,IT,ZA,PRINT,RETA1,0.11,11103.511,3,3,11103.511,0.0,0.0,0.0,0.0,100941.009091
1789005,IT,WA,LIQUE,PFERT,0.02,11103.349,3,3,11103.349,0.0,0.0,0.0,0.0,555167.45
1799424,IT,WE,PAPER,COPPE,0.04,11102.87,3,3,11102.87,0.0,0.0,0.0,0.0,277571.75
1660482,IT,DE,INSUR,CHEM1,0.23,11102.633,3,3,11102.633,0.0,0.0,0.0,0.0,48272.317391
1656238,IT,DE,WEARI,FORES,0.08,11102.386,4,4,11102.384,0.0,0.0,0.0,0.002,138779.825
1652202,IT,CZ,DAIRY,EDUCA,0.05,11102.28,3,3,11102.28,0.0,0.0,0.0,0.0,222045.6
1720917,IT,PL,SALEM,AUXIL,0.09,11102.185,3,3,11102.185,0.0,0.0,0.0,0.0,123357.611111
1755692,IT,KR,RUBBE,SEACO,0.04,11102.167,3,3,11102.167,0.0,0.0,0.0,0.0,277554.175
1656819,IT,DE,GASDI,RETAI,0.02,11101.85,3,3,11101.85,0.0,0.0,0.0,0.0,555092.5
1714460,IT,NL,FORES,OFFIC,0.1,11101.019,4,4,11097.019,0.0,4.0,0.0,0.0,111010.19
1730609,IT,SE,RENTI,PRECI,0.07,11100.629,3,3,11100.629,0.0,0.0,0.0,0.0,158580.414286
1798215,IT,WE,VEGET,KEROS,0.04,11100.455,3,3,11100.455,0.0,0.0,0.0,0.0,277511.375
1675339,IT,FR,MACHI,MEATA,0.06,11100.445,3,3,11100.445,0.0,0.0,0.0,0.0,185007.416667
1812609,IT,WM,LEAD1,TRAN2,0.02,11100.185,3,3,11100.185,0.0,0.0,0.0,0.0,555009.25
1776957,IT,TR,PLAST,FOOD4,0.02,11100.114,3,3,11100.114,0.0,0.0,0.0,0.0,555005.7
1731379,IT,SI,FOOD5,ANIMA,0.05,11100.019,3,3,11100.019,0.0,0.0,0.0,0.0,222000.38
1673662,IT,FR,PULP5,KEROS,0.03,11099.989,3,3,11099.989,0.0,0.0,0.0,0.0,369999.633333
1688513,IT,IE,WOODW,PFERT,0.03,11099.955,3,3,11099.955,0.0,0.0,0.0,0.0,369998.5
1782911,IT,NO,SEACO,FINAN,0.01,11099.282,3,3,11099.282,0.0,0.0,0.0,0.0,1109928.2
1730704,IT,SE,COMPU,SALEM,0.13,11099.098,3,3,11099.098,0.0,0.0,0.0,0.0,85377.676923
1803235,IT,WF,CATTL,CHEMI,0.02,11098.728,3,3,11098.728,0.0,0.0,0.0,0.0,554936.4
1653369,IT,CZ,GLASS,RENTI,0.03,11098.464,3,3,11098.464,0.0,0.0,0.0,0.0,369948.8
1661875,IT,DK,PAPER,SUPPO,0.04,11097.938,3,3,11097.938,0.0,0.0,0.0,0.0,277448.45
1713471,IT,MT,CHEM1,RENTI,0.02,11097.413,3,3,11097.413,0.0,0.0,0.0,0.0,554870.65
1725767,IT,RO,PRINT,LEAD1,0.11,11097.262,3,3,11097.262,0.0,0.0,0.0,0.0,100884.2
1796587,IT,WL,HOTEL,MEAT4,0.08,11096.888,3,3,11096.888,0.0,0.0,0.0,0.0,138711.1
1762333,IT,IN,SUPPO,RUBBE,0.08,11096.61,3,3,11096.61,0.0,0.0,0.0,0.0,138707.625
1755242,IT,KR,PAPER,FISHF,0.04,11095.438,3,3,11095.438,0.0,0.0,0.0,0.0,277385.95
1727769,IT,RO,BUSIN,LIGNI,0.11,11095.343,3,3,11095.343,0.0,0.0,0.0,0.0,100866.754545
1641243,IT,AT,MOTOR,NONFE,0.02,11095.209,3,3,11095.209,0.0,0.0,0.0,0.0,554760.45
1725817,IT,RO,MOTOR,VEGET,0.02,11094.985,3,3,11094.985,0.0,0.0,0.0,0.0,554749.25
1776958,IT,TR,PLAST,PAPE4,0.02,11094.946,3,3,11094.946,0.0,0.0,0.0,0.0,554747.3
1681228,IT,GR,FINAN,BEVER,0.14,11094.898,3,3,11094.898,0.0,0.0,0.0,0.0,79249.271429
1797241,IT,WL,FINAN,SUPPO,0.14,11094.887,3,3,11094.887,0.0,0.0,0.0,0.0,79249.192857
1661769,IT,DK,LEATH,RETA1,0.08,11094.87,4,4,11094.868,0.0,0.0,0.0,0.002,138685.875
1652957,IT,CZ,HEAVY,HOTEL,0.02,11094.86,3,3,11094.86,0.0,0.0,0.0,0.0,554743.0
1686957,IT,HU,MACHI,ELEC5,0.06,11094.423,3,3,11094.423,0.0,0.0,0.0,0.0,184907.05
1642946,IT,AT,FURNI,ALUM1,0.04,11094.177,3,3,11094.177,0.0,0.0,0.0,0.0,277354.425
1731173,IT,SI,SANDC,RETA1,0.03,11094.146,4,4,11092.146,0.0,0.0,2.0,0.0,369804.866667
1682274,IT,HR,LEATH,OFFIC,0.08,11093.567,4,4,11093.565,0.0,0.0,0.0,0.002,138669.5875
1776954,IT,TR,PLAST,FOOD2,0.02,11093.547,3,3,11093.547,0.0,0.0,0.0,0.0,554677.35
1814391,IT,WM,AUXIL,POSTT,0.2,11093.308,3,3,11093.308,0.0,0.0,0.0,0.0,55466.54
1776952,IT,TR,PLAST,INTER,0.02,11093.078,3,3,11093.078,0.0,0.0,0.0,0.0,554653.9
1782430,IT,NO,MACHI,MEATP,0.06,11092.929,3,3,11092.929,0.0,0.0,0.0,0.0,184882.15
1714479,IT,NL,FORES,93197,0.1,11092.889,4,4,11088.889,0.0,4.0,0.0,0.0,110928.89
1727220,IT,RO,SUPPO,TEXTI,0.08,11092.595,3,3,11092.595,0.0,0.0,0.0,0.0,138657.4375
1714254,IT,MT,COMPU,WHOLE,0.13,11091.97,3,3,11091.97,0.0,0.0,0.0,0.0,85322.846154
1741273,IT,US,PAPER,WEARI,0.04,11091.913,3,3,11091.913,0.0,0.0,0.0,0.0,277297.825
1665414,IT,ES,TEXTI,ELEC2,0.07,11091.744,3,3,11091.744,0.0,0.0,0.0,0.0,158453.485714
1666880,IT,ES,GLASS,ALUM1,0.03,11090.831,3,3,11090.831,0.0,0.0,0.0,0.0,369694.366667
1776953,IT,TR,PLAST,OILHA,0.02,11090.226,3,3,11090.226,0.0,0.0,0.0,0.0,554511.3
1712714,IT,LV,HOTEL,RAILW,0.08,11090.197,3,3,11090.197,0.0,0.0,0.0,0.0,138627.4625
1776962,IT,TR,PLAST,WOOD2,0.02,11090.037,3,3,11090.037,0.0,0.0,0.0,0.0,554501.85
1776959,IT,TR,PLAST,PLAS2,0.02,11089.592,3,3,11089.592,0.0,0.0,0.0,0.0,554479.6
1780656,IT,TW,AUXIL,HEAVY,0.2,11089.104,3,3,11089.104,0.0,0.0,0.0,0.0,55445.52
1786200,IT,ZA,ALUM1,GASDI,0.02,11088.837,3,3,11088.837,0.0,0.0,0.0,0.0,554441.85
1750617,IT,CN,OFFIC,HOTEL,0.03,11088.769,3,3,11088.769,0.0,0.0,0.0,0.0,369625.633333
1793999,IT,WL,WOODW,MOTO1,0.03,11088.719,3,3,11088.719,0.0,0.0,0.0,0.0,369623.966667
1683652,IT,HR,FABRI,RADIO,0.05,11088.585,3,3,11088.585,0.0,0.0,0.0,0.0,221771.7
1784375,IT,ID,RUBBE,EDUCA,0.04,11088.518,3,3,11088.518,0.0,0.0,0.0,0.0,277212.95
1754813,IT,KR,FOOD5,ELEC1,0.05,11088.429,3,3,11088.429,0.0,0.0,0.0,0.0,221768.58
1671443,IT,FI,FABRI,RAILW,0.05,11087.95,3,3,11087.95,0.0,0.0,0.0,0.0,221759.0
1714307,IT,MT,PUBLI,COMPU,0.18,11087.925,3,3,11087.925,0.0,0.0,0.0,0.0,61599.583333
1785492,IT,ZA,MOTOR,PIGS9,0.02,11087.648,3,3,11087.648,0.0,0.0,0.0,0.0,554382.4
1802636,IT,WE,REALE,BUSIN,0.47,11086.79,3,3,11086.79,0.0,0.0,0.0,0.0,23588.914894
1688731,IT,IE,CHEM1,FOOD3,0.02,11086.427,3,3,11086.427,0.0,0.0,0.0,0.0,554321.35
1723305,IT,PT,CERAM,RESEA,0.02,11086.404,3,3,11086.404,0.0,0.0,0.0,0.0,554320.2
1709930,IT,LT,BASIC,FOUND,0.01,11086.388,3,3,11086.388,0.0,0.0,0.0,0.0,1108638.8
1640770,IT,AT,TEXTI,SUPPO,0.07,11086.309,3,3,11086.309,0.0,0.0,0.0,0.0,158375.842857
1750206,IT,CN,LEAD1,PFERT,0.02,11086.013,3,3,11086.013,0.0,0.0,0.0,0.0,554300.65
1755723,IT,KR,GLASS,WOODW,0.03,11085.896,3,3,11085.896,0.0,0.0,0.0,0.0,369529.866667
1731176,IT,SI,SANDC,LANDT,0.03,11084.962,4,4,11082.962,0.0,0.0,2.0,0.0,369498.733333
1772825,IT,CH,BASIC,POULT,0.01,11084.936,3,3,11084.936,0.0,0.0,0.0,0.0,1108493.6
1727246,IT,RO,SUPPO,ELEC1,0.08,11084.725,3,3,11084.725,0.0,0.0,0.0,0.0,138559.0625
1664012,IT,EE,MOTOR,HEAVY,0.02,11084.346,3,3,11084.346,0.0,0.0,0.0,0.0,554217.3
1754533,IT,CA,BUSIN,COLLE,0.11,11084.16,3,3,11084.16,0.0,0.0,0.0,0.0,100765.090909
1792317,IT,WA,FINAN,NATUR,0.14,11084.018,3,3,11084.018,0.0,0.0,0.0,0.0,79171.557143
1800441,IT,WE,BIOGA,LANDT,0.02,11083.164,3,3,11083.164,0.0,0.0,0.0,0.0,554158.2
1651488,IT,CY,HEAVY,BASIC,0.02,11082.174,3,3,11082.174,0.0,0.0,0.0,0.0,554108.7
1690549,IT,IE,RECRE,CHEM1,0.14,11082.157,3,3,11082.157,0.0,0.0,0.0,0.0,79158.264286
1808235,IT,WF,FOOD1,HEALT,0.06,11082.157,3,3,11082.157,0.0,0.0,0.0,0.0,184702.616667
1803092,IT,WF,CEREA,PRIVA,0.02,11081.274,3,3,11081.274,0.0,0.0,0.0,0.0,554063.7
1642098,IT,AT,GLASS,TRAN1,0.03,11081.025,3,3,11081.025,0.0,0.0,0.0,0.0,369367.5
1802473,IT,WE,SUPPO,HOTEL,0.08,11080.852,3,3,11080.852,0.0,0.0,0.0,0.0,138510.65
1782072,IT,NO,GLASS,BIODI,0.03,11080.55,3,3,11080.55,0.0,0.0,0.0,0.0,369351.666667
1677153,IT,FR,POSTT,WOODW,0.18,11080.306,3,3,11080.306,0.0,0.0,0.0,0.0,61557.255556
1730847,IT,SE,BUSIN,INERT,0.11,11080.111,3,3,11080.111,0.0,0.0,0.0,0.0,100728.281818
1814179,IT,WM,SUPPO,PRINT,0.08,11079.803,3,3,11079.803,0.0,0.0,0.0,0.0,138497.5375
1674698,IT,FR,GLASS,DIST1,0.03,11079.677,3,3,11079.677,0.0,0.0,0.0,0.0,369322.566667
1810925,IT,WM,GASDI,COPPE,0.02,11079.562,3,3,11079.562,0.0,0.0,0.0,0.0,553978.1
1722810,IT,PT,PAPER,SALEM,0.04,11079.118,3,3,11079.118,0.0,0.0,0.0,0.0,276977.95
1718992,IT,PL,MOTOR,GASDI,0.02,11078.756,3,3,11078.756,0.0,0.0,0.0,0.0,553937.8
1728708,IT,SE,MOTOR,CEMEN,0.02,11078.663,3,3,11078.663,0.0,0.0,0.0,0.0,553933.15
1731613,IT,SI,WEARI,COMPU,0.08,11077.631,4,4,11077.629,0.0,0.0,0.0,0.002,138470.3875
1662527,IT,DK,COPP1,PUBLI,0.03,11077.451,3,3,11077.451,0.0,0.0,0.0,0.0,369248.366667
1774107,IT,CH,WHOLE,BASIC,0.1,11076.935,3,3,11076.935,0.0,0.0,0.0,0.0,110769.35
1682619,IT,HR,KEROS,PETRO,0.02,11076.437,3,3,11076.437,0.0,0.0,0.0,0.0,553821.85
1732909,IT,SI,PREC1,DIST1,0.02,11076.371,3,3,11076.371,0.0,0.0,0.0,0.0,553818.55
1737157,IT,GB,VEGE1,RAILW,0.03,11075.673,4,4,11075.671,0.0,0.0,0.0,0.002,369189.1
1725359,IT,RO,TEXTI,RAWMI,0.07,11075.605,3,3,11075.605,0.0,0.0,0.0,0.0,158222.928571
1726367,IT,RO,COPP1,PRINT,0.03,11075.453,3,3,11075.453,0.0,0.0,0.0,0.0,369181.766667
1785778,IT,ZA,PLAST,RENTI,0.02,11075.216,3,3,11075.216,0.0,0.0,0.0,0.0,553760.8
1656991,IT,DE,LIQUE,FOODW,0.02,11074.485,3,3,11074.485,0.0,0.0,0.0,0.0,553724.25
1790908,IT,WA,OFFIC,RUBBE,0.03,11074.089,3,3,11074.089,0.0,0.0,0.0,0.0,369136.3
1753402,IT,CA,COPP1,FURNI,0.03,11073.907,3,3,11073.907,0.0,0.0,0.0,0.0,369130.233333
1749025,IT,CN,LEATH,NONF1,0.08,11073.881,4,4,11073.879,0.0,0.0,0.0,0.002,138423.5125
1765230,IT,RU,CROPS,WHOLE,0.09,11073.826,3,3,11073.826,0.0,0.0,0.0,0.0,123042.511111
1762226,IT,IN,SEACO,RESEA,0.01,11073.234,3,3,11073.234,0.0,0.0,0.0,0.0,1107323.4
1752453,IT,CA,DAIRY,ADDIT,0.04,11073.17,3,3,11073.17,0.0,0.0,0.0,0.0,276829.25
1813462,IT,WM,CONST,RECRE,0.06,11073.101,3,3,11073.101,0.0,0.0,0.0,0.0,184551.683333
1643914,IT,AT,REALE,BUSIN,0.47,11072.123,3,3,11072.123,0.0,0.0,0.0,0.0,23557.708511
1686684,IT,HU,COPP1,FOOD5,0.03,11071.997,3,3,11071.997,0.0,0.0,0.0,0.0,369066.566667
1711539,IT,LU,POSTT,REALE,0.18,11071.702,3,3,11071.702,0.0,0.0,0.0,0.0,61509.455556
1715071,IT,NL,TEXTI,RECRE,0.07,11071.565,3,3,11071.565,0.0,0.0,0.0,0.0,158165.214286
1738105,IT,GB,RUBBE,FOOD4,0.04,11071.422,3,3,11071.422,0.0,0.0,0.0,0.0,276785.55
1713813,IT,MT,FURNI,SEACO,0.04,11071.117,3,3,11071.117,0.0,0.0,0.0,0.0,276777.925
1652874,IT,CZ,COALT,GLASS,0.02,11071.092,3,3,11071.092,0.0,0.0,0.0,0.0,553554.6
1689989,IT,IE,REALE,TRANS,0.47,11070.939,3,3,11070.939,0.0,0.0,0.0,0.0,23555.189362
1801100,IT,WE,COPP1,EDUCA,0.03,11070.593,3,3,11070.593,0.0,0.0,0.0,0.0,369019.766667
1712730,IT,LV,RAILW,WOODW,0.07,11070.512,3,3,11070.512,0.0,0.0,0.0,0.0,158150.171429
1731609,IT,SI,WEARI,RETA1,0.08,11070.28,4,4,11070.278,0.0,0.0,0.0,0.002,138378.5
1735372,IT,SK,NONME,FOUND,0.02,11070.24,3,3,11070.24,0.0,0.0,0.0,0.0,553512.0
1757657,IT,BR,HEAVY,COALT,0.02,11069.894,3,3,11069.894,0.0,0.0,0.0,0.0,553494.7
1685884,IT,HU,CHEM1,LEAD1,0.02,11069.388,3,3,11069.388,0.0,0.0,0.0,0.0,553469.4
1747939,IT,JP,RESEA,PRINT,0.06,11069.353,3,3,11069.353,0.0,0.0,0.0,0.0,184489.216667
1770383,IT,AU,LANDT,FABRI,0.07,11069.236,3,3,11069.236,0.0,0.0,0.0,0.0,158131.942857
1673114,IT,FR,FOOD5,FOOD2,0.05,11069.118,3,3,11069.118,0.0,0.0,0.0,0.0,221382.36
1647299,IT,BE,LANDT,FOOD1,0.07,11068.844,3,3,11068.844,0.0,0.0,0.0,0.0,158126.342857
1712295,IT,LV,CHEM1,REALE,0.02,11068.507,3,3,11068.507,0.0,0.0,0.0,0.0,553425.35
1731879,IT,SI,PRINT,LANDT,0.11,11068.411,3,3,11068.411,0.0,0.0,0.0,0.0,100621.918182
1671002,IT,FI,CHEM1,MEMBE,0.02,11068.218,3,3,11068.218,0.0,0.0,0.0,0.0,553410.9
1771759,IT,CH,LEATH,ELEC4,0.08,11068.115,4,4,11068.113,0.0,0.0,0.0,0.002,138351.4375
1752872,IT,CA,MOTOR,SUPPO,0.02,11067.821,3,3,11067.821,0.0,0.0,0.0,0.0,553391.05
1759224,IT,BR,POSTT,FORES,0.18,11067.126,3,3,11067.126,0.0,0.0,0.0,0.0,61484.033333
1732824,IT,SI,BASIC,GLASS,0.01,11067.077,3,3,11067.077,0.0,0.0,0.0,0.0,1106707.7
1651944,IT,CY,BUSIN,FABRI,0.11,11065.895,3,3,11065.895,0.0,0.0,0.0,0.0,100599.045455
1654521,IT,CZ,HOTEL,FOUND,0.08,11065.495,3,3,11065.495,0.0,0.0,0.0,0.0,138318.6875
1757374,IT,BR,LEATH,COPPE,0.08,11064.877,4,4,11064.875,0.0,0.0,0.0,0.002,138310.9625
1769863,IT,AU,OFFIC,AIRTR,0.03,11064.704,3,3,11064.704,0.0,0.0,0.0,0.0,368823.466667
1743452,IT,US,WHOLE,TEXTI,0.1,11064.645,3,3,11064.645,0.0,0.0,0.0,0.0,110646.45
1737992,IT,GB,CHEM1,SEWAG,0.02,11064.543,3,3,11064.543,0.0,0.0,0.0,0.0,553227.15
1644085,IT,AT,BUSIN,INSUR,0.11,11064.266,3,3,11064.266,0.0,0.0,0.0,0.0,100584.236364
1723498,IT,PT,LEAD1,REALE,0.02,11064.131,3,3,11064.131,0.0,0.0,0.0,0.0,553206.55
1668116,IT,ES,CONST,RETA1,0.06,11063.641,3,3,11063.641,0.0,0.0,0.0,0.0,184394.016667
1714340,IT,MT,FOOD4,FOOD5,0.08,11062.327,3,3,11062.327,0.0,0.0,0.0,0.0,138279.0875
1735584,IT,SK,ALUM1,INERT,0.02,11062.211,3,3,11062.211,0.0,0.0,0.0,0.0,553110.55
1776482,IT,TR,MOTOR,RADIO,0.02,11062.085,3,3,11062.085,0.0,0.0,0.0,0.0,553104.25
1808711,IT,WF,TEXT2,NATUR,0.08,11062.069,3,3,11062.069,0.0,0.0,0.0,0.0,138275.8625
1797963,IT,WL,PAPE4,CRUDE,0.07,11061.991,3,3,11061.991,0.0,0.0,0.0,0.0,158028.442857
1751598,IT,CN,POSTT,STEAM,0.18,11061.605,3,3,11061.605,0.0,0.0,0.0,0.0,61453.361111
1668762,IT,ES,LANDT,ELEC8,0.07,11061.592,3,3,11061.592,0.0,0.0,0.0,0.0,158022.742857
1764337,IT,MX,OFFIC,LANDT,0.03,11061.277,3,3,11061.277,0.0,0.0,0.0,0.0,368709.233333
1689925,IT,IE,AUXIL,REALE,0.2,11061.167,3,3,11061.167,0.0,0.0,0.0,0.0,55305.835
1779593,IT,TR,COMPU,COLLE,0.13,11060.824,3,3,11060.824,0.0,0.0,0.0,0.0,85083.261538
1749088,IT,CN,WOODW,FOOD5,0.03,11060.715,3,3,11060.715,0.0,0.0,0.0,0.0,368690.5
1652091,IT,CZ,SANDC,ALUM1,0.03,11060.521,4,4,11058.521,0.0,0.0,2.0,0.0,368684.033333
1746481,IT,JP,CERAM,PLAST,0.02,11060.132,3,3,11060.132,0.0,0.0,0.0,0.0,553006.6
1719948,IT,PL,PREC1,SALEM,0.02,11060.089,3,3,11060.089,0.0,0.0,0.0,0.0,553004.45
1748797,IT,CN,TEXTI,CERAM,0.07,11060.033,3,3,11060.033,0.0,0.0,0.0,0.0,158000.471429
1688604,IT,IE,NAPHT,PLAST,0.02,11059.86,3,3,11059.86,0.0,0.0,0.0,0.0,552993.0
1752520,IT,CA,FOOD5,BITU1,0.05,11059.816,3,3,11059.816,0.0,0.0,0.0,0.0,221196.32
1709397,IT,LT,BEVER,BIOGA,0.05,11059.512,3,3,11059.512,0.0,0.0,0.0,0.0,221190.24
1755345,IT,KR,PRINT,CONST,0.11,11059.337,3,3,11059.337,0.0,0.0,0.0,0.0,100539.427273
1677114,IT,FR,SUPPO,TEXT1,0.08,11059.033,3,3,11059.033,0.0,0.0,0.0,0.0,138237.9125
1710148,IT,LT,MACHI,KEROS,0.06,11058.775,3,3,11058.775,0.0,0.0,0.0,0.0,184312.916667
1723106,IT,PT,CHEM1,ELEC6,0.02,11058.296,3,3,11058.296,0.0,0.0,0.0,0.0,552914.8
1766959,IT,RU,MOTO1,FOUND,0.06,11058.265,3,3,11058.265,0.0,0.0,0.0,0.0,184304.416667
1750155,IT,CN,ALUM1,VEGET,0.02,11058.108,3,3,11058.108,0.0,0.0,0.0,0.0,552905.4
1746769,IT,JP,MACHI,MEATC,0.06,11057.896,3,3,11057.896,0.0,0.0,0.0,0.0,184298.266667
1650839,IT,BG,LANDT,NONME,0.07,11057.723,3,3,11057.723,0.0,0.0,0.0,0.0,157967.471429
1718258,IT,PL,FOOD5,STONE,0.05,11057.589,3,3,11057.589,0.0,0.0,0.0,0.0,221151.78
1727503,IT,RO,AUXIL,COLLE,0.2,11057.481,3,3,11057.481,0.0,0.0,0.0,0.0,55287.405
1794418,IT,WL,KERO1,REALE,0.02,11057.284,3,3,11057.284,0.0,0.0,0.0,0.0,552864.2
1781559,IT,NO,TEXTI,INTER,0.07,11056.552,3,3,11056.552,0.0,0.0,0.0,0.0,157950.742857
1714660,IT,NL,MEAT4,MOTOR,0.06,11056.423,3,3,11056.423,0.0,0.0,0.0,0.0,184273.716667
1644408,IT,BE,MEAT1,NONFE,0.05,11056.394,3,3,11056.394,0.0,0.0,0.0,0.0,221127.88
1792823,IT,WA,EDUCA,MEAT1,0.28,11056.357,3,3,11056.357,0.0,0.0,0.0,0.0,39486.989286
1679873,IT,GR,LEAD1,PAPE4,0.02,11056.317,3,3,11056.317,0.0,0.0,0.0,0.0,552815.85
1712824,IT,LV,SUPPO,REALE,0.08,11056.221,3,3,11056.221,0.0,0.0,0.0,0.0,138202.7625
1720912,IT,PL,SALEM,HOTEL,0.09,11056.175,3,3,11056.175,0.0,0.0,0.0,0.0,122846.388889
1731227,IT,SI,MEATC,FOOD5,0.04,11055.651,3,3,11055.651,0.0,0.0,0.0,0.0,276391.275
1757190,IT,BR,MEAT4,MOTOR,0.06,11055.627,3,3,11055.627,0.0,0.0,0.0,0.0,184260.45
1801049,IT,WE,COPP1,VEGE1,0.03,11055.514,3,3,11055.514,0.0,0.0,0.0,0.0,368517.133333
1812132,IT,WM,BRICK,LANDT,0.02,11055.417,3,3,11055.417,0.0,0.0,0.0,0.0,552770.85
1722962,IT,PT,HEAVY,WHOLE,0.02,11054.935,3,3,11054.935,0.0,0.0,0.0,0.0,552746.75
1649866,IT,BG,COPP1,SECO9,0.03,11054.736,3,3,11054.736,0.0,0.0,0.0,0.0,368491.2
1798880,IT,WE,BEVER,GASDI,0.05,11054.713,3,3,11054.713,0.0,0.0,0.0,0.0,221094.26
1775400,IT,CH,PUBLI,HOTEL,0.18,11054.329,3,3,11054.329,0.0,0.0,0.0,0.0,61412.938889
1684488,IT,HR,COMPU,FINAN,0.13,11054.312,3,3,11054.312,0.0,0.0,0.0,0.0,85033.169231
1770712,IT,AU,INSUR,HEALT,0.23,11054.111,3,3,11054.111,0.0,0.0,0.0,0.0,48061.352174
1732092,IT,SI,KERO1,RAILW,0.02,11053.499,3,3,11053.499,0.0,0.0,0.0,0.0,552674.95
1763363,IT,MX,PRINT,RUBBE,0.11,11053.023,3,3,11053.023,0.0,0.0,0.0,0.0,100482.027273
1772010,IT,CH,PRINT,MEATC,0.11,11052.32,3,3,11052.32,0.0,0.0,0.0,0.0,100475.636364
1748016,IT,JP,BUSIN,LEATH,0.11,11052.04,3,3,11052.04,0.0,0.0,0.0,0.0,100473.090909
1801024,IT,WE,LEAD1,FABRI,0.02,11051.421,3,3,11051.421,0.0,0.0,0.0,0.0,552571.05
1679021,IT,GR,WOODW,WEARI,0.03,11051.235,3,3,11051.235,0.0,0.0,0.0,0.0,368374.5
1680959,IT,GR,SEACO,RENTI,0.01,11051.198,3,3,11051.198,0.0,0.0,0.0,0.0,1105119.8
1808832,IT,WF,93197,EDUCA,0.07,11050.919,3,3,11050.919,0.0,0.0,0.0,0.0,157870.271429
1782303,IT,NO,COPP1,SALEM,0.03,11050.843,3,3,11050.843,0.0,0.0,0.0,0.0,368361.433333
1709544,IT,LT,WOODW,RUBBE,0.03,11050.482,3,3,11050.482,0.0,0.0,0.0,0.0,368349.4
1772402,IT,CH,CHEM1,BRICK,0.02,11050.423,3,3,11050.423,0.0,0.0,0.0,0.0,552521.15
1750682,IT,CN,MOTO1,FOUND,0.06,11050.399,3,3,11050.399,0.0,0.0,0.0,0.0,184173.316667
1661906,IT,DK,PRINT,MACHI,0.11,11050.327,3,3,11050.327,0.0,0.0,0.0,0.0,100457.518182
1681907,IT,HR,DAIRY,SUPPO,0.04,11049.944,3,3,11049.944,0.0,0.0,0.0,0.0,276248.6
1769343,IT,AU,GLASS,TRANS,0.03,11049.588,3,3,11049.588,0.0,0.0,0.0,0.0,368319.6
1682407,IT,HR,PAPER,FISH5,0.04,11049.467,3,3,11049.467,0.0,0.0,0.0,0.0,276236.675
1652267,IT,CZ,FOOD5,RESEA,0.05,11049.301,3,3,11049.301,0.0,0.0,0.0,0.0,220986.02
1674811,IT,FR,CEMEN,FOODW,0.02,11048.973,3,3,11048.973,0.0,0.0,0.0,0.0,552448.65
1644071,IT,AT,BUSIN,STEAM,0.11,11048.604,3,3,11048.604,0.0,0.0,0.0,0.0,100441.854545
1730020,IT,SE,WHOLE,STONE,0.1,11048.063,3,3,11048.063,0.0,0.0,0.0,0.0,110480.63
1813361,IT,WM,FURNI,LIQUE,0.04,11047.618,3,3,11047.618,0.0,0.0,0.0,0.0,276190.45
1663604,IT,DK,BUSIN,TEXTI,0.11,11047.388,3,3,11047.388,0.0,0.0,0.0,0.0,100430.8
1748938,IT,CN,WEARI,STEAM,0.08,11047.126,4,4,11047.124,0.0,0.0,0.0,0.002,138089.075
1734752,IT,SK,LEATH,INERT,0.08,11047.119,4,4,11047.117,0.0,0.0,0.0,0.002,138088.9875
1711493,IT,LU,SUPPO,RETA1,0.08,11046.964,3,3,11046.964,0.0,0.0,0.0,0.0,138087.05
1720048,IT,PL,ALUM1,ELEC2,0.02,11046.952,3,3,11046.952,0.0,0.0,0.0,0.0,552347.6
1646838,IT,BE,RETAI,PAPER,0.09,11046.696,3,3,11046.696,0.0,0.0,0.0,0.0,122741.066667
1759641,IT,BR,RESEA,CERAM,0.06,11046.519,3,3,11046.519,0.0,0.0,0.0,0.0,184108.65
1733519,IT,SI,WHOLE,WHOLE,0.1,11046.267,3,3,11046.267,0.0,0.0,0.0,0.0,110462.67
1812050,IT,WM,CERAM,WEARI,0.02,11046.25,3,3,11046.25,0.0,0.0,0.0,0.0,552312.5
1765903,IT,RU,PLAST,GLASS,0.02,11046.036,3,3,11046.036,0.0,0.0,0.0,0.0,552301.8
1802274,IT,WE,LANDT,ALUM1,0.07,11045.847,3,3,11045.847,0.0,0.0,0.0,0.0,157797.814286
1682779,IT,HR,HEAVY,MEAT4,0.02,11045.515,3,3,11045.515,0.0,0.0,0.0,0.0,552275.75
1791899,IT,WA,TRAN2,HEAVY,0.02,11045.465,3,3,11045.465,0.0,0.0,0.0,0.0,552273.25
1768027,IT,RU,BUSIN,VEGE1,0.11,11045.243,3,3,11045.243,0.0,0.0,0.0,0.0,100411.3
1742995,IT,US,OFFIC,MEATP,0.03,11045.129,3,3,11045.129,0.0,0.0,0.0,0.0,368170.966667
1803328,IT,WF,STONE,RETA1,0.04,11045.001,4,4,11044.001,0.0,0.0,1.0,0.0,276125.025
1650904,IT,BG,SEACO,TEXTI,0.01,11043.587,3,3,11043.587,0.0,0.0,0.0,0.0,1104358.7
1765147,IT,MX,BUSIN,WOODW,0.11,11043.156,3,3,11043.156,0.0,0.0,0.0,0.0,100392.327273
1648661,IT,BG,DAIRY,RETA1,0.04,11042.981,3,3,11042.981,0.0,0.0,0.0,0.0,276074.525
1806630,IT,WF,SALEM,HOTEL,0.09,11042.673,3,3,11042.673,0.0,0.0,0.0,0.0,122696.366667
1754665,IT,KR,CHEMI,FISH5,0.03,11042.179,4,4,11041.179,0.0,0.0,1.0,0.0,368072.633333
1794402,IT,WL,KEROS,FINAN,0.02,11041.868,3,3,11041.868,0.0,0.0,0.0,0.0,552093.4
1804461,IT,WF,GASDI,COPPE,0.02,11041.705,3,3,11041.705,0.0,0.0,0.0,0.0,552085.25
1806933,IT,WF,RAILW,POSTT,0.07,11041.448,3,3,11041.448,0.0,0.0,0.0,0.0,157734.971429
1776704,IT,TR,HEAVY,LANDT,0.02,11041.378,3,3,11041.378,0.0,0.0,0.0,0.0,552068.9
1675669,IT,FR,TRANS,FURNI,0.07,11041.345,3,3,11041.345,0.0,0.0,0.0,0.0,157733.5
1641070,IT,AT,PAPER,LEATH,0.04,11040.358,3,3,11040.358,0.0,0.0,0.0,0.0,276008.95
1747978,IT,JP,RESEA,SUPPO,0.06,11040.221,3,3,11040.221,0.0,0.0,0.0,0.0,184003.683333
1664246,IT,EE,NONME,SUPPO,0.02,11040.009,3,3,11040.009,0.0,0.0,0.0,0.0,552000.45
1785266,IT,ZA,TEXTI,POSTT,0.07,11039.587,3,3,11039.587,0.0,0.0,0.0,0.0,157708.385714
1654270,IT,CZ,FURNI,MOTO1,0.04,11039.365,3,3,11039.365,0.0,0.0,0.0,0.0,275984.125
1802006,IT,WE,WHOLE,WOODW,0.1,11039.346,3,3,11039.346,0.0,0.0,0.0,0.0,110393.46
1717410,IT,NL,INSUR,ELECT,0.23,11039.142,3,3,11039.142,0.0,0.0,0.0,0.0,47996.269565
1741507,IT,US,KEROS,WHEAT,0.02,11038.938,3,3,11038.938,0.0,0.0,0.0,0.0,551946.9
1806164,IT,WF,FABRI,SEACO,0.04,11038.546,3,3,11038.546,0.0,0.0,0.0,0.0,275963.65
1749629,IT,CN,CHEM1,PROCE,0.02,11037.665,3,3,11037.665,0.0,0.0,0.0,0.0,551883.25
1721383,IT,PL,SEACO,GLASS,0.01,11037.573,3,3,11037.573,0.0,0.0,0.0,0.0,1103757.3
1646052,IT,BE,BASIC,SUGA1,0.01,11037.206,3,3,11037.206,0.0,0.0,0.0,0.0,1103720.6
1754482,IT,CA,BUSIN,TOBAC,0.11,11036.921,3,3,11036.921,0.0,0.0,0.0,0.0,100335.645455
1726669,IT,RO,TRANS,CHEM1,0.07,11036.507,3,3,11036.507,0.0,0.0,0.0,0.0,157664.385714
1764007,IT,MX,ALUM1,SALEM,0.02,11035.479,3,3,11035.479,0.0,0.0,0.0,0.0,551773.95
1655838,IT,DE,VEGE1,DIST1,0.03,11035.351,4,4,11035.349,0.0,0.0,0.0,0.002,367845.033333
1646523,IT,BE,MACHI,SEWAG,0.06,11035.107,3,3,11035.107,0.0,0.0,0.0,0.0,183918.45
1761907,IT,IN,FURNI,TOBAC,0.04,11034.552,3,3,11034.552,0.0,0.0,0.0,0.0,275863.8
1756947,IT,KR,AUXIL,AUXIL,0.2,11034.474,3,3,11034.474,0.0,0.0,0.0,0.0,55172.37
1804902,IT,WF,BITU1,TRANS,0.02,11034.407,3,3,11034.407,0.0,0.0,0.0,0.0,551720.35
1792164,IT,WA,SUPPO,PFERT,0.08,11034.168,3,3,11034.168,0.0,0.0,0.0,0.0,137927.1
1788914,IT,WA,HEAVY,MEATA,0.02,11033.563,3,3,11033.563,0.0,0.0,0.0,0.0,551678.15
1689885,IT,IE,AUXIL,KERO1,0.2,11033.547,3,3,11033.547,0.0,0.0,0.0,0.0,55167.735
1653717,IT,CZ,COPP1,LEATH,0.03,11033.268,3,3,11033.268,0.0,0.0,0.0,0.0,367775.6
1666140,IT,ES,GASDI,DIST1,0.02,11033.071,3,3,11033.071,0.0,0.0,0.0,0.0,551653.55
1810164,IT,WM,WEARI,MOTO1,0.08,11032.732,4,4,11032.73,0.0,0.0,0.0,0.002,137909.15
1644540,IT,BE,PROCE,DAIRY,0.07,11032.609,3,3,11032.609,0.0,0.0,0.0,0.0,157608.7
1648606,IT,BG,MEATP,FOOD5,0.04,11032.362,3,3,11032.362,0.0,0.0,0.0,0.0,275809.05
1806528,IT,WF,FURNI,IRONO,0.04,11031.492,3,3,11031.492,0.0,0.0,0.0,0.0,275787.3
1730363,IT,SE,SUPPO,POSTT,0.08,11031.06,3,3,11031.06,0.0,0.0,0.0,0.0,137888.25
1681017,IT,GR,AIRTR,COPP1,0.01,11030.897,3,3,11030.897,0.0,0.0,0.0,0.0,1103089.7
1791924,IT,WA,SEACO,WOOLS,0.01,11030.735,3,3,11030.735,0.0,0.0,0.0,0.0,1103073.5
1803694,IT,WF,BEVER,SALEM,0.05,11030.566,3,3,11030.566,0.0,0.0,0.0,0.0,220611.32
1762373,IT,IN,POSTT,WEARI,0.18,11030.404,3,3,11030.404,0.0,0.0,0.0,0.0,61280.022222
1667017,IT,ES,CEMEN,COMPU,0.02,11030.348,3,3,11030.348,0.0,0.0,0.0,0.0,551517.4
1766955,IT,RU,MOTO1,ALUM1,0.06,11029.31,3,3,11029.31,0.0,0.0,0.0,0.0,183821.833333
1662795,IT,DK,TRANS,PUBLI,0.07,11028.556,3,3,11028.556,0.0,0.0,0.0,0.0,157550.8
1731086,IT,SI,VEGET,RECRE,0.04,11028.432,3,3,11028.432,0.0,0.0,0.0,0.0,275710.8
1650628,IT,BG,CONST,CONST,0.06,11028.326,3,3,11028.326,0.0,0.0,0.0,0.0,183805.433333
1784981,IT,ID,INSUR,POSTT,0.23,11028.304,3,3,11028.304,0.0,0.0,0.0,0.0,47949.147826
1783980,IT,ID,DAIRY,RECRE,0.04,11028.295,3,3,11028.295,0.0,0.0,0.0,0.0,275707.375
1738867,IT,GB,TRANS,RETA1,0.07,11028.232,3,3,11028.232,0.0,0.0,0.0,0.0,157546.171429
1760092,IT,BR,OILHA,TEXT2,0.06,11028.208,3,3,11028.208,0.0,0.0,0.0,0.0,183803.466667
1762679,IT,IN,RESEA,BUSIN,0.06,11028.115,3,3,11028.115,0.0,0.0,0.0,0.0,183801.916667
1733137,IT,SI,FABRI,ELEC4,0.04,11028.112,3,3,11028.112,0.0,0.0,0.0,0.0,275702.8
1662116,IT,DK,RUBBE,CROPS,0.04,11028.011,3,3,11028.011,0.0,0.0,0.0,0.0,275700.275
1721196,IT,PL,LANDT,ANIMA,0.07,11027.993,3,3,11027.993,0.0,0.0,0.0,0.0,157542.757143
1653252,IT,CZ,RUBBE,NONF1,0.04,11027.82,3,3,11027.82,0.0,0.0,0.0,0.0,275695.5
1747823,IT,JP,REALE,RETA1,0.47,11027.637,3,3,11027.637,0.0,0.0,0.0,0.0,23463.057447
1659253,IT,DE,SALEM,TRANS,0.09,11027.37,3,3,11027.37,0.0,0.0,0.0,0.0,122526.333333
1688895,IT,IE,COPP1,WOODW,0.03,11027.274,3,3,11027.274,0.0,0.0,0.0,0.0,367575.8
1789100,IT,WA,PARAF,ANIMA,0.02,11027.26,3,3,11027.26,0.0,0.0,0.0,0.0,551363.0
1813433,IT,WM,CONST,MOTOR,0.06,11027.165,3,3,11027.165,0.0,0.0,0.0,0.0,183786.083333
1783661,IT,NO,WASTE,GLASS,0.03,11026.09,3,3,11026.09,0.0,0.0,0.0,0.0,367536.333333
1712226,IT,LV,PAPER,FABRI,0.04,11026.087,3,3,11026.087,0.0,0.0,0.0,0.0,275652.175
1759053,IT,BR,SEACO,LIQUE,0.01,11025.888,3,3,11025.888,0.0,0.0,0.0,0.0,1102588.8
1651667,IT,CY,PREC1,FURNI,0.02,11025.153,3,3,11025.153,0.0,0.0,0.0,0.0,551257.65
1786852,IT,ZA,SEACO,CEREA,0.01,11025.049,3,3,11025.049,0.0,0.0,0.0,0.0,1102504.9
1776700,IT,TR,HEAVY,RETAI,0.02,11024.913,3,3,11024.913,0.0,0.0,0.0,0.0,551245.65
1787441,IT,WA,STONE,PAPER,0.04,11024.309,4,4,11023.309,0.0,0.0,1.0,0.0,275607.725
1793205,IT,WA,93197,RECRE,0.07,11024.094,3,3,11024.094,0.0,0.0,0.0,0.0,157487.057143
1813437,IT,WM,CONST,LIQUE,0.06,11024.081,3,3,11024.081,0.0,0.0,0.0,0.0,183734.683333
1651186,IT,BG,BUSIN,LEAD1,0.11,11023.606,3,3,11023.606,0.0,0.0,0.0,0.0,100214.6
1773004,IT,CH,ALUM1,RAWMI,0.02,11023.173,3,3,11023.173,0.0,0.0,0.0,0.0,551158.65
1781593,IT,NO,WEARI,MACHI,0.08,11023.071,4,4,11023.069,0.0,0.0,0.0,0.002,137788.3875
1662862,IT,DK,WHOLE,FISH5,0.1,11023.065,3,3,11023.065,0.0,0.0,0.0,0.0,110230.65
1687329,IT,HU,RETA1,AIRTR,0.12,11022.863,3,3,11022.863,0.0,0.0,0.0,0.0,91857.191667
1648762,IT,BG,BEVER,MEATC,0.05,11022.205,3,3,11022.205,0.0,0.0,0.0,0.0,220444.1
1793007,IT,WA,FOOD3,PIGS9,0.03,11022.149,3,3,11022.149,0.0,0.0,0.0,0.0,367404.966667
1786861,IT,ZA,SEACO,LEATH,0.01,11022.008,3,3,11022.008,0.0,0.0,0.0,0.0,1102200.8
1655772,IT,DE,MEAT1,FISH5,0.05,11021.716,3,3,11021.716,0.0,0.0,0.0,0.0,220434.32
1746956,IT,JP,MOTO1,COKE1,0.06,11021.683,3,3,11021.683,0.0,0.0,0.0,0.0,183694.716667
1747177,IT,JP,CONST,ELEC3,0.06,11021.558,3,3,11021.558,0.0,0.0,0.0,0.0,183692.633333
1783533,IT,NO,OILHA,TEXT1,0.06,11021.422,3,3,11021.422,0.0,0.0,0.0,0.0,183690.366667
1767566,IT,RU,AIRTR,INSUR,0.01,11021.315,3,3,11021.315,0.0,0.0,0.0,0.0,1102131.5
1777910,IT,TR,MACHI,BEVER,0.06,11020.767,3,3,11020.767,0.0,0.0,0.0,0.0,183679.45
1803622,IT,WF,FOOD5,TEXTI,0.05,11019.638,3,3,11019.638,0.0,0.0,0.0,0.0,220392.76
1669920,IT,ES,EDUCA,BEVER,0.27,11019.513,3,3,11019.513,0.0,0.0,0.0,0.0,40813.011111
1642703,IT,AT,MACHI,STONE,0.06,11019.48,3,3,11019.48,0.0,0.0,0.0,0.0,183658.0
1777930,IT,TR,MACHI,BITU1,0.06,11019.056,3,3,11019.056,0.0,0.0,0.0,0.0,183650.933333
1649642,IT,BG,GLASS,RESEA,0.03,11018.667,3,3,11018.667,0.0,0.0,0.0,0.0,367288.9
1712979,IT,MT,STONE,CHEM1,0.04,11018.656,4,4,11017.656,0.0,0.0,1.0,0.0,275466.4
1793153,IT,WA,93197,MEATP,0.07,11018.065,3,3,11018.065,0.0,0.0,0.0,0.0,157400.928571
1724305,IT,PT,LANDT,LANDT,0.07,11018.039,3,3,11018.039,0.0,0.0,0.0,0.0,157400.557143
1682877,IT,HR,NAPHT,VEGE1,0.02,11017.82,3,3,11017.82,0.0,0.0,0.0,0.0,550891.0
1767733,IT,RU,FINAN,SUPPO,0.14,11017.74,3,3,11017.74,0.0,0.0,0.0,0.0,78698.142857
1685476,IT,HU,PULP5,RUBBE,0.03,11017.674,3,3,11017.674,0.0,0.0,0.0,0.0,367255.8
1661231,IT,DK,VEGET,MEATA,0.04,11017.022,3,3,11017.022,0.0,0.0,0.0,0.0,275425.55
1685836,IT,HU,CHEM1,ALUMI,0.02,11016.953,3,3,11016.953,0.0,0.0,0.0,0.0,550847.65
1732391,IT,SI,PLAST,CERAM,0.02,11016.866,3,3,11016.866,0.0,0.0,0.0,0.0,550843.3
1658195,IT,DE,LEAD1,PULP5,0.02,11016.245,3,3,11016.245,0.0,0.0,0.0,0.0,550812.25
1716539,IT,NL,MOTO1,FOOD3,0.06,11015.974,3,3,11015.974,0.0,0.0,0.0,0.0,183599.566667
1798377,IT,WE,FISHF,NFERT,0.02,11014.885,3,3,11014.885,0.0,0.0,0.0,0.0,550744.25
1670668,IT,FI,LEATH,WASTE,0.08,11014.541,4,4,11014.539,0.0,0.0,0.0,0.002,137681.7625
1644301,IT,BE,FISHF,MEAT1,0.02,11014.053,3,3,11014.053,0.0,0.0,0.0,0.0,550702.65
1802073,IT,WE,RETA1,CRUDE,0.12,11013.569,3,3,11013.569,0.0,0.0,0.0,0.0,91779.741667
1716912,IT,NL,HOTEL,INTER,0.08,11012.498,3,3,11012.498,0.0,0.0,0.0,0.0,137656.225
1641690,IT,AT,PLAST,COKEO,0.02,11012.354,3,3,11012.354,0.0,0.0,0.0,0.0,550617.7
1686261,IT,HU,CERAM,ELEC1,0.02,11011.202,3,3,11011.202,0.0,0.0,0.0,0.0,550560.1
1780192,IT,TW,RAILW,VEGET,0.07,11010.991,3,3,11010.991,0.0,0.0,0.0,0.0,157299.871429
1664679,IT,EE,SEACO,FABRI,0.01,11010.936,3,3,11010.936,0.0,0.0,0.0,0.0,1101093.6
1732244,IT,SI,LIQUE,PULP5,0.02,11010.874,3,3,11010.874,0.0,0.0,0.0,0.0,550543.7
1748694,IT,CN,FOOD5,PFERT,0.05,11010.87,3,3,11010.87,0.0,0.0,0.0,0.0,220217.4
1730888,IT,SE,PAPE1,COPP1,0.08,11010.171,3,3,11010.171,0.0,0.0,0.0,0.0,137627.1375
1782874,IT,NO,SEACO,DAIRY,0.01,11010.166,3,3,11010.166,0.0,0.0,0.0,0.0,1101016.6
1728154,IT,SE,DAIRY,RETA1,0.04,11009.826,3,3,11009.826,0.0,0.0,0.0,0.0,275245.65
1793596,IT,WL,VEGE1,PLAST,0.03,11008.709,4,4,11008.707,0.0,0.0,0.0,0.002,366956.966667
1785208,IT,ZA,BEVER,MOTO1,0.05,11008.355,3,3,11008.355,0.0,0.0,0.0,0.0,220167.1
1649922,IT,BG,FABRI,LIQUE,0.04,11008.101,3,3,11008.101,0.0,0.0,0.0,0.0,275202.525
1807078,IT,WF,SEACO,LIQUE,0.01,11007.762,3,3,11007.762,0.0,0.0,0.0,0.0,1100776.2
1640529,IT,AT,FOOD5,IRONO,0.05,11007.207,3,3,11007.207,0.0,0.0,0.0,0.0,220144.14
1730221,IT,SE,LANDT,PAPE1,0.07,11006.901,3,3,11006.901,0.0,0.0,0.0,0.0,157241.442857
1783610,IT,NO,FOOD2,FOOD3,0.06,11006.603,3,3,11006.603,0.0,0.0,0.0,0.0,183443.383333
1770825,IT,AU,BUSIN,CATTL,0.11,11006.562,3,3,11006.562,0.0,0.0,0.0,0.0,100059.654545
1714828,IT,NL,FOOD5,BIODI,0.05,11006.033,3,3,11006.033,0.0,0.0,0.0,0.0,220120.66
1731192,IT,SI,CHEMI,FISH5,0.03,11005.242,4,4,11004.242,0.0,0.0,1.0,0.0,366841.4
1719021,IT,PL,GASDI,WHOLE,0.02,11005.136,3,3,11005.136,0.0,0.0,0.0,0.0,550256.8
1754060,IT,CA,SEACO,MEMBE,0.01,11004.876,3,3,11004.876,0.0,0.0,0.0,0.0,1100487.6
1792535,IT,WA,REALE,RESEA,0.46,11004.871,3,3,11004.871,0.0,0.0,0.0,0.0,23923.632609
1764424,IT,MX,TRANS,AIRTR,0.07,11004.738,3,3,11004.738,0.0,0.0,0.0,0.0,157210.542857
1672277,IT,FI,RENTI,CHEM1,0.07,11004.417,3,3,11004.417,0.0,0.0,0.0,0.0,157205.957143
1721958,IT,PL,COMPU,PULP5,0.13,11004.375,3,3,11004.375,0.0,0.0,0.0,0.0,84649.038462
1675502,IT,FR,OFFIC,COLLE,0.03,11004.05,3,3,11004.05,0.0,0.0,0.0,0.0,366801.666667
1723361,IT,PT,BASIC,PIGS9,0.01,11003.932,3,3,11003.932,0.0,0.0,0.0,0.0,1100393.2
1730345,IT,SE,SUPPO,MACHI,0.08,11003.859,3,3,11003.859,0.0,0.0,0.0,0.0,137548.2375
1742233,IT,US,CERAM,FABRI,0.02,11003.184,3,3,11003.184,0.0,0.0,0.0,0.0,550159.2
1794320,IT,WL,MOTOR,RADIO,0.02,11003.082,3,3,11003.082,0.0,0.0,0.0,0.0,550154.1
1789721,IT,WA,GLASS,FORES,0.03,11002.778,3,3,11002.778,0.0,0.0,0.0,0.0,366759.266667
1796575,IT,WL,HOTEL,FORES,0.08,11002.194,3,3,11002.194,0.0,0.0,0.0,0.0,137527.425
1727555,IT,RO,REALE,GASDI,0.46,11001.871,3,3,11001.871,0.0,0.0,0.0,0.0,23917.11087
1789805,IT,WA,CERAM,PIGS9,0.02,11001.622,3,3,11001.622,0.0,0.0,0.0,0.0,550081.1
1648029,IT,BE,COMPU,PREC1,0.13,11001.293,3,3,11001.293,0.0,0.0,0.0,0.0,84625.330769
1796857,IT,WL,SEACO,CHARC,0.01,11001.271,3,3,11001.271,0.0,0.0,0.0,0.0,1100127.1
1756526,IT,KR,WHOLE,SALEM,0.1,11000.543,3,3,11000.543,0.0,0.0,0.0,0.0,110005.43
1689509,IT,IE,LANDT,SECO9,0.07,10999.937,3,3,10999.937,0.0,0.0,0.0,0.0,157141.957143
1800816,IT,WE,BASIC,BITU1,0.01,10998.834,3,3,10998.834,0.0,0.0,0.0,0.0,1099883.4
1678628,IT,GR,CHEMI,SUPPO,0.03,10998.513,4,4,10997.513,0.0,0.0,1.0,0.0,366617.1
1667206,IT,ES,PREC1,MOTOR,0.02,10997.946,3,3,10997.946,0.0,0.0,0.0,0.0,549897.3
1640668,IT,AT,FISH5,RAWMI,0.05,10997.869,4,4,10997.863,0.0,0.0,0.0,0.006,219957.38
1753071,IT,CA,RUBBE,POULT,0.04,10997.592,3,3,10997.592,0.0,0.0,0.0,0.0,274939.8
1643806,IT,AT,FINAN,FOOD5,0.14,10997.402,3,3,10997.402,0.0,0.0,0.0,0.0,78552.871429
1679327,IT,GR,NAPHT,RAILW,0.02,10997.204,3,3,10997.204,0.0,0.0,0.0,0.0,549860.2
1757023,IT,KR,BUSIN,COKEO,0.11,10996.823,3,3,10996.823,0.0,0.0,0.0,0.0,99971.118182
1756819,IT,KR,SUPPO,INLAN,0.08,10996.5,3,3,10996.5,0.0,0.0,0.0,0.0,137456.25
1663045,IT,DK,HOTEL,INLAN,0.08,10995.702,3,3,10995.702,0.0,0.0,0.0,0.0,137446.275
1754013,IT,CA,SEACO,POULT,0.01,10995.699,3,3,10995.699,0.0,0.0,0.0,0.0,1099569.9
1728019,IT,SE,SANDC,PUBLI,0.03,10995.278,4,4,10993.278,0.0,0.0,2.0,0.0,366509.266667
1758945,IT,BR,RAILW,FABRI,0.07,10995.275,3,3,10995.275,0.0,0.0,0.0,0.0,157075.357143
1676950,IT,FR,AIRTR,LUBRI,0.01,10995.222,3,3,10995.222,0.0,0.0,0.0,0.0,1099522.2
1726363,IT,RO,LEAD1,REALE,0.02,10995.061,3,3,10995.061,0.0,0.0,0.0,0.0,549753.05
1784836,IT,ID,SEACO,FOOD5,0.01,10994.909,3,3,10994.909,0.0,0.0,0.0,0.0,1099490.9
1710950,IT,LU,RUBBE,MOTO1,0.04,10994.687,3,3,10994.687,0.0,0.0,0.0,0.0,274867.175
1739552,IT,GB,TRAN2,KERO1,0.02,10994.316,3,3,10994.316,0.0,0.0,0.0,0.0,549715.8
1725070,IT,RO,CROPS,VEGE1,0.09,10994.043,3,3,10994.043,0.0,0.0,0.0,0.0,122156.033333
1719636,IT,PL,CERAM,EDUCA,0.02,10993.53,3,3,10993.53,0.0,0.0,0.0,0.0,549676.5
1808325,IT,WF,FOOD3,NATUR,0.03,10993.205,3,3,10993.205,0.0,0.0,0.0,0.0,366440.166667
1662490,IT,DK,LEAD1,DAIRY,0.02,10992.898,3,3,10992.898,0.0,0.0,0.0,0.0,549644.9
1793467,IT,WL,SANDC,BIOGA,0.03,10992.734,4,4,10990.734,0.0,0.0,2.0,0.0,366424.466667
1756414,IT,KR,FURNI,MEMBE,0.04,10992.336,3,3,10992.336,0.0,0.0,0.0,0.0,274808.4
1767224,IT,RU,RETA1,COMPU,0.11,10992.259,3,3,10992.259,0.0,0.0,0.0,0.0,99929.627273
1761613,IT,IN,FABRI,CROPS,0.04,10991.945,3,3,10991.945,0.0,0.0,0.0,0.0,274798.625
1776776,IT,TR,LIQUE,RECRE,0.02,10991.912,3,3,10991.912,0.0,0.0,0.0,0.0,549595.6
1767529,IT,RU,AIRTR,MOTOR,0.01,10991.502,3,3,10991.502,0.0,0.0,0.0,0.0,1099150.2
1652009,IT,CZ,VEGET,GASDI,0.04,10991.032,3,3,10991.032,0.0,0.0,0.0,0.0,274775.8
1807935,IT,WF,PLAS1,WOODW,0.04,10989.189,3,3,10989.189,0.0,0.0,0.0,0.0,274729.725
1752049,IT,CN,BUSIN,SUGAR,0.11,10989.095,3,3,10989.095,0.0,0.0,0.0,0.0,99900.863636
1747858,IT,JP,RENTI,CHEM1,0.07,10988.946,3,3,10988.946,0.0,0.0,0.0,0.0,156984.942857
1727552,IT,RO,REALE,PRINT,0.46,10988.629,3,3,10988.629,0.0,0.0,0.0,0.0,23888.323913
1655476,IT,DE,FISHF,RAILW,0.02,10988.444,3,3,10988.444,0.0,0.0,0.0,0.0,549422.2
1778537,IT,TR,RETA1,CEMEN,0.11,10988.226,3,3,10988.226,0.0,0.0,0.0,0.0,99892.963636
1719499,IT,PL,GLASS,VEGE1,0.03,10988.01,3,3,10988.01,0.0,0.0,0.0,0.0,366267.0
1750633,IT,CN,OFFIC,HEALT,0.03,10987.721,3,3,10987.721,0.0,0.0,0.0,0.0,366257.366667
1784182,IT,ID,PAPER,AIRTR,0.04,10987.396,3,3,10987.396,0.0,0.0,0.0,0.0,274684.9
1721959,IT,PL,COMPU,PAPER,0.13,10986.954,3,3,10986.954,0.0,0.0,0.0,0.0,84515.030769
1684929,IT,HU,CHEMI,BUSIN,0.03,10985.859,4,4,10984.859,0.0,0.0,1.0,0.0,366195.3
1735770,IT,SK,MACHI,MEAT1,0.06,10985.463,3,3,10985.463,0.0,0.0,0.0,0.0,183091.05
1652678,IT,CZ,PAPER,CEREA,0.04,10985.106,3,3,10985.106,0.0,0.0,0.0,0.0,274627.65
1712279,IT,LV,CHEM1,FORES,0.02,10984.687,3,3,10984.687,0.0,0.0,0.0,0.0,549234.35
1723648,IT,PT,FABRI,INERT,0.04,10984.548,3,3,10984.548,0.0,0.0,0.0,0.0,274613.7
1646162,IT,BE,ALUM1,CHEMI,0.02,10984.158,3,3,10984.158,0.0,0.0,0.0,0.0,549207.9
1727055,IT,RO,RAILW,CONST,0.07,10983.801,3,3,10983.801,0.0,0.0,0.0,0.0,156911.442857
1665601,IT,ES,WOODW,FISHF,0.03,10983.261,3,3,10983.261,0.0,0.0,0.0,0.0,366108.7
1727429,IT,RO,FINAN,REALE,0.14,10983.088,3,3,10983.088,0.0,0.0,0.0,0.0,78450.628571
1685902,IT,HU,CHEM1,ELEC6,0.02,10982.739,3,3,10982.739,0.0,0.0,0.0,0.0,549136.95
1806837,IT,WF,RETA1,DISTR,0.11,10982.212,3,3,10982.212,0.0,0.0,0.0,0.0,99838.290909
1685622,IT,HU,MOTOR,LIQUE,0.02,10981.871,3,3,10981.871,0.0,0.0,0.0,0.0,549093.55
1670772,IT,FI,PAPER,93197,0.04,10981.807,3,3,10981.807,0.0,0.0,0.0,0.0,274545.175
1722476,IT,PT,PROCE,FOOD5,0.07,10981.795,3,3,10981.795,0.0,0.0,0.0,0.0,156882.785714
1648605,IT,BG,MEATC,HEALT,0.04,10980.972,3,3,10980.972,0.0,0.0,0.0,0.0,274524.3
1687107,IT,HU,TRANS,CROPS,0.07,10980.806,3,3,10980.806,0.0,0.0,0.0,0.0,156868.657143
1681812,IT,HR,MEAT4,MEATA,0.06,10980.372,3,3,10980.372,0.0,0.0,0.0,0.0,183006.2
1688947,IT,IE,FABRI,SALEM,0.04,10979.952,3,3,10979.952,0.0,0.0,0.0,0.0,274498.8
1743496,IT,US,RETA1,FORES,0.11,10979.771,3,3,10979.771,0.0,0.0,0.0,0.0,99816.1
1763624,IT,MX,BIODI,COLLE,0.02,10979.36,3,3,10979.36,0.0,0.0,0.0,0.0,548968.0
1801908,IT,WE,CONST,AUXIL,0.06,10979.237,3,3,10979.237,0.0,0.0,0.0,0.0,182987.283333
1758465,IT,BR,MACHI,NATU1,0.06,10979.225,3,3,10979.225,0.0,0.0,0.0,0.0,182987.083333
1759021,IT,BR,LANDT,BUSIN,0.07,10979.058,3,3,10979.058,0.0,0.0,0.0,0.0,156843.685714
1731918,IT,SI,MOTOR,PULP5,0.02,10978.976,3,3,10978.976,0.0,0.0,0.0,0.0,548948.8
1687754,IT,HU,SUPPO,WHOLE,0.08,10978.176,3,3,10978.176,0.0,0.0,0.0,0.0,137227.2
1744245,IT,US,POSTT,ELEC4,0.18,10977.972,3,3,10977.972,0.0,0.0,0.0,0.0,60988.733333
1767397,IT,RU,LANDT,PRINT,0.07,10977.937,3,3,10977.937,0.0,0.0,0.0,0.0,156827.671429
1747270,IT,JP,WHOLE,LIQUE,0.09,10977.001,3,3,10977.001,0.0,0.0,0.0,0.0,121966.677778
1731664,IT,SI,WOODW,PLAST,0.03,10976.641,3,3,10976.641,0.0,0.0,0.0,0.0,365888.033333
1649056,IT,BG,PAPER,CROPS,0.04,10975.297,3,3,10975.297,0.0,0.0,0.0,0.0,274382.425
1765512,IT,RU,WEARI,SUPPO,0.08,10975.237,4,4,10975.235,0.0,0.0,0.0,0.002,137190.4625
1784061,IT,ID,WEARI,WEARI,0.08,10975.206,4,4,10975.204,0.0,0.0,0.0,0.002,137190.075
1770885,IT,AU,BUSIN,AIRTR,0.11,10975.061,3,3,10975.061,0.0,0.0,0.0,0.0,99773.281818
1684700,IT,HU,CEREA,RESEA,0.02,10974.759,3,3,10974.759,0.0,0.0,0.0,0.0,548737.95
1675449,IT,FR,MACHI,PAPE2,0.06,10974.676,3,3,10974.676,0.0,0.0,0.0,0.0,182911.266667
1769745,IT,AU,MACHI,PULP5,0.06,10974.443,3,3,10974.443,0.0,0.0,0.0,0.0,182907.383333
1662636,IT,DK,MACHI,MEAT4,0.06,10974.104,3,3,10974.104,0.0,0.0,0.0,0.0,182901.733333
1686989,IT,HU,MACHI,PLAS1,0.06,10973.654,3,3,10973.654,0.0,0.0,0.0,0.0,182894.233333
1768913,IT,AU,WOODW,COMPU,0.03,10973.549,3,3,10973.549,0.0,0.0,0.0,0.0,365784.966667
1684263,IT,HR,SEACO,RESEA,0.01,10973.369,3,3,10973.369,0.0,0.0,0.0,0.0,1097336.9
1744657,IT,US,COMPU,FOOD5,0.13,10972.97,3,3,10972.97,0.0,0.0,0.0,0.0,84407.461538
1641051,IT,AT,PAPER,FORES,0.04,10972.564,3,3,10972.564,0.0,0.0,0.0,0.0,274314.1
1685747,IT,HU,PLAST,MEATC,0.02,10972.501,3,3,10972.501,0.0,0.0,0.0,0.0,548625.05
1769852,IT,AU,OFFIC,MEDIC,0.03,10972.257,3,3,10972.257,0.0,0.0,0.0,0.0,365741.9
1649273,IT,BG,LIQUE,BEVER,0.02,10971.72,3,3,10971.72,0.0,0.0,0.0,0.0,548586.0
1640952,IT,AT,WOODW,MOTOR,0.03,10971.068,3,3,10971.068,0.0,0.0,0.0,0.0,365702.266667
1760476,IT,IN,TEXTI,RUBBE,0.07,10970.97,3,3,10970.97,0.0,0.0,0.0,0.0,156728.142857
1662499,IT,DK,COPP1,FOOD5,0.03,10970.83,3,3,10970.83,0.0,0.0,0.0,0.0,365694.333333
1656894,IT,DE,HEAVY,LANDT,0.02,10970.644,3,3,10970.644,0.0,0.0,0.0,0.0,548532.2
1808371,IT,WF,WASTE,POULT,0.03,10970.213,3,3,10970.213,0.0,0.0,0.0,0.0,365673.766667
1781667,IT,NO,LEATH,HOTEL,0.08,10969.341,4,4,10969.339,0.0,0.0,0.0,0.002,137116.7625
1721517,IT,PL,SUPPO,PFERT,0.08,10969.333,3,3,10969.333,0.0,0.0,0.0,0.0,137116.6625
1665017,IT,ES,CHEMI,ELEC2,0.03,10969.171,4,4,10968.171,0.0,0.0,1.0,0.0,365639.033333
1763571,IT,MX,CHEM1,NONF1,0.02,10968.406,3,3,10968.406,0.0,0.0,0.0,0.0,548420.3
1648531,IT,BG,FISHF,FISH5,0.02,10967.319,3,3,10967.319,0.0,0.0,0.0,0.0,548365.95
1736181,IT,SK,WHOLE,MOTOR,0.09,10967.067,3,3,10967.067,0.0,0.0,0.0,0.0,121856.3
1786952,IT,ZA,POSTT,WHOLE,0.18,10966.99,3,3,10966.99,0.0,0.0,0.0,0.0,60927.722222
1736482,IT,SK,TRAN2,LANDT,0.02,10966.791,3,3,10966.791,0.0,0.0,0.0,0.0,548339.55
1784837,IT,ID,SEACO,FISH5,0.01,10965.675,3,3,10965.675,0.0,0.0,0.0,0.0,1096567.5
1663098,IT,DK,RAILW,FURNI,0.07,10965.409,3,3,10965.409,0.0,0.0,0.0,0.0,156648.7
1730159,IT,SE,LANDT,TEXTI,0.07,10964.687,3,3,10964.687,0.0,0.0,0.0,0.0,156638.385714
1684388,IT,HR,POSTT,RETA1,0.18,10964.368,3,3,10964.368,0.0,0.0,0.0,0.0,60913.155556
1688079,IT,HU,COMPU,RESEA,0.13,10964.161,3,3,10964.161,0.0,0.0,0.0,0.0,84339.7
1671617,IT,FI,FURNI,MOTO1,0.03,10964.147,3,3,10964.147,0.0,0.0,0.0,0.0,365471.566667
1711195,IT,LU,MACHI,TOBAC,0.06,10963.922,3,3,10963.922,0.0,0.0,0.0,0.0,182732.033333
1798857,IT,WE,BEVER,MEATA,0.05,10963.839,3,3,10963.839,0.0,0.0,0.0,0.0,219276.78
1800397,IT,WE,CHEM1,SUPPO,0.02,10963.308,3,3,10963.308,0.0,0.0,0.0,0.0,548165.4
1653286,IT,CZ,RUBBE,EDUCA,0.04,10962.986,3,3,10962.986,0.0,0.0,0.0,0.0,274074.65
1809326,IT,WM,STONE,RETA1,0.04,10962.984,4,4,10961.984,0.0,0.0,1.0,0.0,274074.6
1782451,IT,NO,MACHI,BASIC,0.06,10962.685,3,3,10962.685,0.0,0.0,0.0,0.0,182711.416667
1642417,IT,AT,ALUM1,MEAT1,0.02,10962.631,3,3,10962.631,0.0,0.0,0.0,0.0,548131.55
1809592,IT,WM,VEGE1,TRAN2,0.03,10962.472,4,4,10962.47,0.0,0.0,0.0,0.002,365415.733333
1687249,IT,HU,WHOLE,WOODW,0.09,10961.73,3,3,10961.73,0.0,0.0,0.0,0.0,121797.0
1732145,IT,SI,GASDI,FOUND,0.02,10961.582,3,3,10961.582,0.0,0.0,0.0,0.0,548079.1
1645840,IT,BE,GLASS,SUGA1,0.03,10961.572,3,3,10961.572,0.0,0.0,0.0,0.0,365385.733333
1717425,IT,NL,INSUR,RETA1,0.23,10961.531,3,3,10961.531,0.0,0.0,0.0,0.0,47658.830435
1803704,IT,WF,BEVER,AUXIL,0.05,10961.1,3,3,10961.1,0.0,0.0,0.0,0.0,219222.0
1782492,IT,NO,MACHI,PAPE1,0.06,10961.07,3,3,10961.07,0.0,0.0,0.0,0.0,182684.5
1738852,IT,GB,TRANS,RUBBE,0.07,10959.904,3,3,10959.904,0.0,0.0,0.0,0.0,156570.057143
1779831,IT,TR,PUBLI,PAPER,0.18,10959.742,3,3,10959.742,0.0,0.0,0.0,0.0,60887.455556
1664590,IT,EE,HOTEL,REALE,0.08,10959.524,3,3,10959.524,0.0,0.0,0.0,0.0,136994.05
1721049,IT,PL,HOTEL,PREC1,0.08,10958.897,3,3,10958.897,0.0,0.0,0.0,0.0,136986.2125
1791964,IT,WA,SEACO,PREC1,0.01,10957.748,3,3,10957.748,0.0,0.0,0.0,0.0,1095774.8
1652643,IT,CZ,WOODW,TRANS,0.03,10957.726,3,3,10957.726,0.0,0.0,0.0,0.0,365257.533333
1643285,IT,AT,HOTEL,FOODW,0.08,10957.649,3,3,10957.649,0.0,0.0,0.0,0.0,136970.6125
1772645,IT,CH,GLASS,ELEC4,0.03,10956.825,3,3,10956.825,0.0,0.0,0.0,0.0,365227.5
1752271,IT,CA,STONE,MOTOR,0.04,10956.725,4,4,10955.725,0.0,0.0,1.0,0.0,273918.125
1711703,IT,LU,BUSIN,CHEM1,0.11,10956.439,3,3,10956.439,0.0,0.0,0.0,0.0,99603.990909
1678889,IT,GR,TEXTI,PLANT,0.06,10956.432,3,3,10956.432,0.0,0.0,0.0,0.0,182607.2
1715876,IT,NL,RUBBE,INSUR,0.04,10955.67,3,3,10955.67,0.0,0.0,0.0,0.0,273891.75
1784130,IT,ID,PULP5,CHEM1,0.03,10955.446,3,3,10955.446,0.0,0.0,0.0,0.0,365181.533333
1790284,IT,WA,ALUM1,NATU1,0.02,10955.199,3,3,10955.199,0.0,0.0,0.0,0.0,547759.95
1789195,IT,WA,PLAST,NONSP,0.02,10955.134,3,3,10955.134,0.0,0.0,0.0,0.0,547756.7
1661909,IT,DK,PRINT,RADIO,0.11,10955.099,3,3,10955.099,0.0,0.0,0.0,0.0,99591.809091
1657677,IT,DE,CERAM,RAILW,0.02,10954.864,3,3,10954.864,0.0,0.0,0.0,0.0,547743.2
1662700,IT,DK,MACHI,AUXIL,0.06,10954.328,3,3,10954.328,0.0,0.0,0.0,0.0,182572.133333
1651494,IT,CY,HEAVY,SECO9,0.02,10954.273,3,3,10954.273,0.0,0.0,0.0,0.0,547713.65
1734956,IT,SK,HEAVY,BEVER,0.02,10952.783,3,3,10952.783,0.0,0.0,0.0,0.0,547639.15
1661114,IT,DE,HEALT,HEALT,0.06,10952.007,3,3,10952.007,0.0,0.0,0.0,0.0,182533.45
1709886,IT,LT,CERAM,WHOLE,0.02,10951.586,3,3,10951.586,0.0,0.0,0.0,0.0,547579.3
1667604,IT,ES,MACHI,ANTHR,0.06,10951.454,3,3,10951.454,0.0,0.0,0.0,0.0,182524.233333
1769150,IT,AU,CHEM1,ETHAN,0.02,10951.399,3,3,10951.399,0.0,0.0,0.0,0.0,547569.95
1787321,IT,WA,CROPS,MOTOR,0.09,10951.18,3,3,10951.18,0.0,0.0,0.0,0.0,121679.777778
1739673,IT,GB,SUPPO,NATUR,0.08,10950.883,3,3,10950.883,0.0,0.0,0.0,0.0,136886.0375
1771827,IT,CH,WOODW,HEAVY,0.03,10950.736,3,3,10950.736,0.0,0.0,0.0,0.0,365024.533333
1750589,IT,CN,OFFIC,ALUM1,0.03,10950.445,3,3,10950.445,0.0,0.0,0.0,0.0,365014.833333
1709574,IT,LT,PAPER,POULT,0.04,10949.765,3,3,10949.765,0.0,0.0,0.0,0.0,273744.125
1652776,IT,CZ,PAPER,OILHA,0.04,10949.447,3,3,10949.447,0.0,0.0,0.0,0.0,273736.175
1763301,IT,MX,PAPER,ALUM1,0.04,10949.189,3,3,10949.189,0.0,0.0,0.0,0.0,273729.725
1711726,IT,LU,BUSIN,DISTR,0.11,10949.178,3,3,10949.178,0.0,0.0,0.0,0.0,99537.981818
1659233,IT,DE,SALEM,PAPER,0.09,10949.028,3,3,10949.028,0.0,0.0,0.0,0.0,121655.866667
1711906,IT,LU,FOOD2,CONST,0.06,10948.822,3,3,10948.822,0.0,0.0,0.0,0.0,182480.366667
1659629,IT,DE,HOTEL,ELEC7,0.08,10948.79,3,3,10948.79,0.0,0.0,0.0,0.0,136859.875
1799137,IT,WE,WEARI,NFERT,0.08,10948.726,4,4,10948.724,0.0,0.0,0.0,0.002,136859.075
1757682,IT,BR,HEAVY,PREC1,0.02,10948.286,3,3,10948.286,0.0,0.0,0.0,0.0,547414.3
1723110,IT,PT,CHEM1,STEAM,0.02,10948.097,3,3,10948.097,0.0,0.0,0.0,0.0,547404.85
1810937,IT,WM,GASDI,SUGA1,0.02,10947.878,3,3,10947.878,0.0,0.0,0.0,0.0,547393.9
1643553,IT,AT,SEACO,NONME,0.01,10947.71,3,3,10947.71,0.0,0.0,0.0,0.0,1094771.0
1736951,IT,GB,VEGET,PLAST,0.04,10947.631,3,3,10947.631,0.0,0.0,0.0,0.0,273690.775
1682838,IT,HR,HEAVY,FOOD4,0.02,10947.29,3,3,10947.29,0.0,0.0,0.0,0.0,547364.5
1785052,IT,ID,BUSIN,AUXIL,0.11,10946.527,3,3,10946.527,0.0,0.0,0.0,0.0,99513.881818
1688201,IT,HU,BUSIN,MEMBE,0.11,10945.986,3,3,10945.986,0.0,0.0,0.0,0.0,99508.963636
1665977,IT,ES,MOTOR,ELECT,0.02,10945.366,3,3,10945.366,0.0,0.0,0.0,0.0,547268.3
1686770,IT,HU,FABRI,PIGS9,0.04,10944.952,3,3,10944.952,0.0,0.0,0.0,0.0,273623.8
1781077,IT,TW,PUBLI,RUBBE,0.18,10944.652,3,3,10944.652,0.0,0.0,0.0,0.0,60803.622222
1780852,IT,TW,COMPU,AIRTR,0.12,10944.341,3,3,10944.341,0.0,0.0,0.0,0.0,91202.841667
1715114,IT,NL,WEARI,FOOD2,0.08,10943.99,4,4,10943.988,0.0,0.0,0.0,0.002,136799.875
1726336,IT,RO,ALUM1,BIOGA,0.02,10943.815,3,3,10943.815,0.0,0.0,0.0,0.0,547190.75
1714048,IT,MT,HOTEL,AIRTR,0.08,10943.525,3,3,10943.525,0.0,0.0,0.0,0.0,136794.0625
1789418,IT,WA,CHEM1,TRAN2,0.02,10943.449,3,3,10943.449,0.0,0.0,0.0,0.0,547172.45
1782106,IT,NO,CERAM,AVIAT,0.02,10942.938,3,3,10942.938,0.0,0.0,0.0,0.0,547146.9
1718637,IT,PL,LEATH,RENTI,0.08,10942.183,4,4,10942.181,0.0,0.0,0.0,0.002,136777.2875
1686608,IT,HU,ALUM1,TEXT2,0.02,10941.957,3,3,10941.957,0.0,0.0,0.0,0.0,547097.85
1672131,IT,FI,POSTT,REALE,0.18,10941.63,3,3,10941.63,0.0,0.0,0.0,0.0,60786.833333
1734714,IT,SK,LEATH,LEAD1,0.08,10941.492,4,4,10941.49,0.0,0.0,0.0,0.002,136768.65
1712735,IT,LV,RAILW,LANDT,0.07,10941.205,3,3,10941.205,0.0,0.0,0.0,0.0,156302.928571
1651927,IT,CY,BUSIN,MEATP,0.11,10941.161,3,3,10941.161,0.0,0.0,0.0,0.0,99465.1
1730057,IT,SE,WHOLE,BUSIN,0.09,10941.083,3,3,10941.083,0.0,0.0,0.0,0.0,121567.588889
1647793,IT,BE,AUXIL,KEROS,0.2,10941.018,3,3,10941.018,0.0,0.0,0.0,0.0,54705.09
1767595,IT,RU,SUPPO,PFERT,0.08,10940.643,3,3,10940.643,0.0,0.0,0.0,0.0,136758.0375
1763303,IT,MX,PAPER,FOUND,0.04,10940.434,3,3,10940.434,0.0,0.0,0.0,0.0,273510.85
1737054,IT,GB,SANDC,FOUND,0.03,10940.266,4,4,10938.266,0.0,0.0,2.0,0.0,364675.533333
1772107,IT,CH,MOTOR,FORES,0.02,10940.229,3,3,10940.229,0.0,0.0,0.0,0.0,547011.45
1812144,IT,WM,CEMEN,PROCE,0.02,10940.168,3,3,10940.168,0.0,0.0,0.0,0.0,547008.4
1785692,IT,ZA,NAPHT,WOODW,0.02,10940.168,3,3,10940.168,0.0,0.0,0.0,0.0,547008.4
1807650,IT,WF,RESEA,FINAN,0.06,10939.838,3,3,10939.838,0.0,0.0,0.0,0.0,182330.633333
1685595,IT,HU,PRINT,MOTO1,0.1,10939.753,3,3,10939.753,0.0,0.0,0.0,0.0,109397.53
1793962,IT,WL,LEATH,PRIVA,0.08,10939.602,4,4,10939.6,0.0,0.0,0.0,0.002,136745.025
1709783,IT,LT,RUBBE,LEATH,0.04,10939.41,3,3,10939.41,0.0,0.0,0.0,0.0,273485.25
1735898,IT,SK,OFFIC,SALEM,0.03,10938.927,3,3,10938.927,0.0,0.0,0.0,0.0,364630.9
1688277,IT,IE,ANIMA,LEATH,0.04,10938.778,3,3,10938.778,0.0,0.0,0.0,0.0,273469.45
1738635,IT,GB,MACHI,OILSE,0.06,10938.751,3,3,10938.751,0.0,0.0,0.0,0.0,182312.516667
1784401,IT,ID,CERAM,FURNI,0.02,10938.08,3,3,10938.08,0.0,0.0,0.0,0.0,546904.0
1722387,IT,PT,CHEMI,FURNI,0.03,10937.812,4,4,10936.812,0.0,0.0,1.0,0.0,364593.733333
1689033,IT,IE,OFFIC,DISTR,0.03,10935.874,3,3,10935.874,0.0,0.0,0.0,0.0,364529.133333
1671634,IT,FI,FURNI,RESEA,0.03,10935.819,3,3,10935.819,0.0,0.0,0.0,0.0,364527.3
1753830,IT,CA,WHOLE,RADIO,0.09,10935.616,3,3,10935.616,0.0,0.0,0.0,0.0,121506.844444
1805901,IT,WF,ALUM1,LANDT,0.02,10934.434,3,3,10934.434,0.0,0.0,0.0,0.0,546721.7
1675498,IT,FR,OFFIC,MOTO1,0.03,10934.326,3,3,10934.326,0.0,0.0,0.0,0.0,364477.533333
1778856,IT,TR,TRAN2,PRECI,0.02,10933.577,3,3,10933.577,0.0,0.0,0.0,0.0,546678.85
1642233,IT,AT,NONME,CHEMI,0.02,10933.204,3,3,10933.204,0.0,0.0,0.0,0.0,546660.2
1783325,IT,NO,PAPE1,FURNI,0.08,10933.171,3,3,10933.171,0.0,0.0,0.0,0.0,136664.6375
1716826,IT,NL,HOTEL,CHEMI,0.08,10933.146,3,3,10933.146,0.0,0.0,0.0,0.0,136664.325
1681363,IT,GR,INSUR,HEALT,0.23,10932.795,3,3,10932.795,0.0,0.0,0.0,0.0,47533.891304
1719351,IT,PL,RUBBE,PLANT,0.04,10932.721,3,3,10932.721,0.0,0.0,0.0,0.0,273318.025
1751855,IT,CN,RENTI,POSTT,0.07,10932.427,3,3,10932.427,0.0,0.0,0.0,0.0,156177.528571
1671212,IT,FI,NONME,DISTR,0.02,10932.295,3,3,10932.295,0.0,0.0,0.0,0.0,546614.75
1800044,IT,WE,LIQUE,DAIRY,0.02,10932.293,3,3,10932.293,0.0,0.0,0.0,0.0,546614.65
1790286,IT,WA,ALUM1,PRECI,0.02,10931.675,3,3,10931.675,0.0,0.0,0.0,0.0,546583.75
1750923,IT,CN,CONST,SECO9,0.06,10931.163,3,3,10931.163,0.0,0.0,0.0,0.0,182186.05
1669407,IT,ES,INSUR,ALUM1,0.23,10930.099,3,3,10930.099,0.0,0.0,0.0,0.0,47522.169565
1747481,IT,JP,SEACO,PREC1,0.01,10930.014,3,3,10930.014,0.0,0.0,0.0,0.0,1093001.4
1783520,IT,NO,OILHA,SALEM,0.06,10929.944,3,3,10929.944,0.0,0.0,0.0,0.0,182165.733333
1725461,IT,RO,WEARI,MOTOR,0.08,10929.685,4,4,10929.683,0.0,0.0,0.0,0.002,136621.0625
1647414,IT,BE,AIRTR,BRICK,0.01,10929.486,3,3,10929.486,0.0,0.0,0.0,0.0,1092948.6
1774109,IT,CH,WHOLE,ALUM1,0.09,10929.356,3,3,10929.356,0.0,0.0,0.0,0.0,121437.288889
1806992,IT,WF,LANDT,ALUM1,0.07,10929.13,3,3,10929.13,0.0,0.0,0.0,0.0,156130.428571
1737387,IT,GB,TEXTI,PLAST,0.06,10929.097,3,3,10929.097,0.0,0.0,0.0,0.0,182151.616667
1802846,IT,WE,PLAS1,PUBLI,0.04,10929.012,3,3,10929.012,0.0,0.0,0.0,0.0,273225.3
1685860,IT,HU,CHEM1,MOTOR,0.02,10928.955,3,3,10928.955,0.0,0.0,0.0,0.0,546447.75
1722929,IT,PT,GASDI,GASDI,0.02,10928.921,3,3,10928.921,0.0,0.0,0.0,0.0,546446.05
1781068,IT,TW,PUBLI,LIQUE,0.18,10928.912,3,3,10928.912,0.0,0.0,0.0,0.0,60716.177778
1771857,IT,CH,WOODW,RETAI,0.03,10928.366,3,3,10928.366,0.0,0.0,0.0,0.0,364278.866667
1763055,IT,MX,TEXTI,BASIC,0.06,10927.221,3,3,10927.221,0.0,0.0,0.0,0.0,182120.35
1744553,IT,US,REALE,RETA1,0.46,10926.964,3,3,10926.964,0.0,0.0,0.0,0.0,23754.269565
1686615,IT,HU,LEAD1,PAPER,0.02,10926.644,3,3,10926.644,0.0,0.0,0.0,0.0,546332.2
1718454,IT,PL,TEXTI,FORES,0.06,10926.055,3,3,10926.055,0.0,0.0,0.0,0.0,182100.916667
1724233,IT,PT,RAILW,WHOLE,0.07,10925.867,3,3,10925.867,0.0,0.0,0.0,0.0,156083.814286
1658959,IT,DE,FURNI,WASTE,0.03,10925.217,3,3,10925.217,0.0,0.0,0.0,0.0,364173.9
1726048,IT,RO,ADDIT,HEAVY,0.03,10925.032,3,3,10925.032,0.0,0.0,0.0,0.0,364167.733333
1802161,IT,WE,HOTEL,WOODW,0.08,10924.578,3,3,10924.578,0.0,0.0,0.0,0.0,136557.225
1685651,IT,HU,GASDI,WHEAT,0.02,10923.65,3,3,10923.65,0.0,0.0,0.0,0.0,546182.5
1642543,IT,AT,COPP1,HOTEL,0.03,10921.921,3,3,10921.921,0.0,0.0,0.0,0.0,364064.033333
1775495,IT,CH,WOOD1,COPP1,0.07,10921.873,3,3,10921.873,0.0,0.0,0.0,0.0,156026.757143
1792300,IT,WA,POSTT,MEMBE,0.18,10921.606,3,3,10921.606,0.0,0.0,0.0,0.0,60675.588889
1715939,IT,NL,GLASS,SALEM,0.03,10921.41,3,3,10921.41,0.0,0.0,0.0,0.0,364047.0
1785034,IT,ID,BUSIN,TRANS,0.11,10921.24,3,3,10921.24,0.0,0.0,0.0,0.0,99284.0
1778865,IT,TR,TRAN2,WASTE,0.02,10920.606,3,3,10920.606,0.0,0.0,0.0,0.0,546030.3
1786645,IT,ZA,WHOLE,LEATH,0.09,10920.215,3,3,10920.215,0.0,0.0,0.0,0.0,121335.722222
1677442,IT,FR,INSUR,EDUCA,0.23,10919.891,3,3,10919.891,0.0,0.0,0.0,0.0,47477.786957
1682385,IT,HR,PAPER,SUGAR,0.04,10919.591,3,3,10919.591,0.0,0.0,0.0,0.0,272989.775
1714599,IT,NL,SANDC,WHOLE,0.03,10919.062,4,4,10917.062,0.0,0.0,2.0,0.0,363968.733333
1712233,IT,LV,PAPER,CONST,0.04,10918.987,3,3,10918.987,0.0,0.0,0.0,0.0,272974.675
1709297,IT,LT,VEGET,FOOD5,0.04,10918.666,3,3,10918.666,0.0,0.0,0.0,0.0,272966.65
1733592,IT,SI,RETA1,MEMBE,0.11,10918.654,3,3,10918.654,0.0,0.0,0.0,0.0,99260.490909
1796550,IT,WL,RETA1,AUXIL,0.11,10918.564,3,3,10918.564,0.0,0.0,0.0,0.0,99259.672727
1690038,IT,IE,RENTI,VEGET,0.07,10918.504,3,3,10918.504,0.0,0.0,0.0,0.0,155978.628571
1709662,IT,LT,PLAST,MEATC,0.02,10918.373,3,3,10918.373,0.0,0.0,0.0,0.0,545918.65
1776785,IT,TR,NAPHT,FISH5,0.02,10918.289,3,3,10918.289,0.0,0.0,0.0,0.0,545914.45
1709847,IT,LT,GLASS,POULT,0.03,10918.188,3,3,10918.188,0.0,0.0,0.0,0.0,363939.6
1778866,IT,TR,TRAN2,FOOD4,0.02,10918.163,3,3,10918.163,0.0,0.0,0.0,0.0,545908.15
1778858,IT,TR,TRAN2,SECO9,0.02,10918.137,3,3,10918.137,0.0,0.0,0.0,0.0,545906.85
1719989,IT,PL,ALUM1,LIGNI,0.02,10918.003,3,3,10918.003,0.0,0.0,0.0,0.0,545900.15
1778867,IT,TR,TRAN2,PAPE4,0.02,10917.784,3,3,10917.784,0.0,0.0,0.0,0.0,545889.2
1778864,IT,TR,TRAN2,FOOD3,0.02,10917.515,3,3,10917.515,0.0,0.0,0.0,0.0,545875.75
1778861,IT,TR,TRAN2,INTER,0.02,10917.445,3,3,10917.445,0.0,0.0,0.0,0.0,545872.25
1778868,IT,TR,TRAN2,PLAS2,0.02,10917.445,3,3,10917.445,0.0,0.0,0.0,0.0,545872.25
1778871,IT,TR,TRAN2,WOOD2,0.02,10917.445,3,3,10917.445,0.0,0.0,0.0,0.0,545872.25
1778862,IT,TR,TRAN2,OILHA,0.02,10917.445,3,3,10917.445,0.0,0.0,0.0,0.0,545872.25
1778863,IT,TR,TRAN2,FOOD2,0.02,10917.445,3,3,10917.445,0.0,0.0,0.0,0.0,545872.25
1652930,IT,CZ,GASDI,REALE,0.02,10916.943,3,3,10916.943,0.0,0.0,0.0,0.0,545847.15
1719870,IT,PL,BASIC,PAPE3,0.01,10916.922,3,3,10916.922,0.0,0.0,0.0,0.0,1091692.2
1738980,IT,GB,SALEM,LEATH,0.09,10916.579,3,3,10916.579,0.0,0.0,0.0,0.0,121295.322222
1679364,IT,GR,PLAST,CERAM,0.02,10916.452,3,3,10916.452,0.0,0.0,0.0,0.0,545822.6
1721021,IT,PL,HOTEL,TOBAC,0.08,10916.013,3,3,10916.013,0.0,0.0,0.0,0.0,136450.1625
1791291,IT,WA,CONST,DISTR,0.06,10915.982,3,3,10915.982,0.0,0.0,0.0,0.0,181933.033333
1687439,IT,HU,RAILW,KEROS,0.07,10915.953,3,3,10915.953,0.0,0.0,0.0,0.0,155942.185714
1716937,IT,NL,RAILW,NUCLE,0.07,10915.383,3,3,10915.383,0.0,0.0,0.0,0.0,155934.042857
1726542,IT,RO,OFFIC,WEARI,0.03,10915.274,3,3,10915.274,0.0,0.0,0.0,0.0,363842.466667
1742350,IT,US,NONME,DAIRY,0.02,10915.253,3,3,10915.253,0.0,0.0,0.0,0.0,545762.65
1743282,IT,US,FURNI,RADIO,0.03,10914.421,3,3,10914.421,0.0,0.0,0.0,0.0,363814.033333
1757837,IT,BR,CHEM1,MEATA,0.02,10914.341,3,3,10914.341,0.0,0.0,0.0,0.0,545717.05
1765440,IT,RU,TEXTI,MEDIC,0.06,10913.273,3,3,10913.273,0.0,0.0,0.0,0.0,181887.883333
1785805,IT,ZA,CHEM1,FISH5,0.02,10913.171,3,3,10913.171,0.0,0.0,0.0,0.0,545658.55
1641637,IT,AT,BITU1,COMPU,0.02,10912.754,3,3,10912.754,0.0,0.0,0.0,0.0,545637.7
1783137,IT,NO,REALE,WOODW,0.46,10912.751,3,3,10912.751,0.0,0.0,0.0,0.0,23723.371739
1642821,IT,AT,OFFIC,MOTO1,0.03,10912.334,3,3,10912.334,0.0,0.0,0.0,0.0,363744.466667
1724396,IT,PT,INLAN,SALEM,0.02,10911.619,3,3,10911.619,0.0,0.0,0.0,0.0,545580.95
1803701,IT,WF,BEVER,POSTT,0.05,10910.94,3,3,10910.94,0.0,0.0,0.0,0.0,218218.8
1767109,IT,RU,FURNI,RAILW,0.03,10910.422,3,3,10910.422,0.0,0.0,0.0,0.0,363680.733333
1749269,IT,CN,PAPER,ELEC2,0.04,10910.162,3,3,10910.162,0.0,0.0,0.0,0.0,272754.05
1709797,IT,LT,RUBBE,NONSP,0.04,10909.83,3,3,10909.83,0.0,0.0,0.0,0.0,272745.75
1803393,IT,WF,CHEMI,WHOLE,0.03,10909.048,4,4,10908.048,0.0,0.0,1.0,0.0,363634.933333
1685816,IT,HU,PLAST,PAPE4,0.02,10908.245,3,3,10908.245,0.0,0.0,0.0,0.0,545412.25
1655205,IT,CZ,BUSIN,SEWAG,0.11,10907.878,3,3,10907.878,0.0,0.0,0.0,0.0,99162.527273
1662453,IT,DK,ALUM1,PRINT,0.02,10906.982,3,3,10906.982,0.0,0.0,0.0,0.0,545349.1
1800904,IT,WE,PREC1,ADDIT,0.02,10905.85,3,3,10905.85,0.0,0.0,0.0,0.0,545292.5
1804075,IT,WF,PULP5,MEATC,0.03,10905.746,3,3,10905.746,0.0,0.0,0.0,0.0,363524.866667
1793254,IT,WA,PRIVA,LEATH,2.43,10904.488,4,4,10904.486,0.0,0.0,0.0,0.002,4487.443621
1661865,IT,DK,PAPER,TRANS,0.04,10904.415,3,3,10904.415,0.0,0.0,0.0,0.0,272610.375
1730150,IT,SE,LANDT,STONE,0.07,10903.992,3,3,10903.992,0.0,0.0,0.0,0.0,155771.314286
1791904,IT,WA,TRAN2,CONST,0.02,10903.762,3,3,10903.762,0.0,0.0,0.0,0.0,545188.1
1808924,IT,WM,CEREA,WOODW,0.02,10903.484,3,3,10903.484,0.0,0.0,0.0,0.0,545174.2
1715686,IT,NL,NONSP,ELEC8,0.01,10903.263,3,3,10903.263,0.0,0.0,0.0,0.0,1090326.3
1679369,IT,GR,PLAST,ALUM1,0.02,10903.23,3,3,10903.23,0.0,0.0,0.0,0.0,545161.5
1782002,IT,NO,RUBBE,NONF1,0.04,10902.756,3,3,10902.756,0.0,0.0,0.0,0.0,272568.9
1749520,IT,CN,NONSP,COALT,0.01,10902.376,3,3,10902.376,0.0,0.0,0.0,0.0,1090237.6
1685176,IT,HU,BEVER,FABRI,0.05,10901.761,3,3,10901.761,0.0,0.0,0.0,0.0,218035.22
1760501,IT,IN,TEXTI,HEALT,0.06,10901.541,3,3,10901.541,0.0,0.0,0.0,0.0,181692.35
1726803,IT,RO,WHOLE,DAIRY,0.09,10901.226,3,3,10901.226,0.0,0.0,0.0,0.0,121124.733333
1723144,IT,PT,CHEM1,TEXT2,0.02,10901.08,3,3,10901.08,0.0,0.0,0.0,0.0,545054.0
1715659,IT,NL,NAPHT,WOOD1,0.02,10901.055,3,3,10901.055,0.0,0.0,0.0,0.0,545052.75
1761050,IT,IN,PLAST,ALUM1,0.02,10900.954,3,3,10900.954,0.0,0.0,0.0,0.0,545047.7
1752190,IT,CN,PUBLI,MACHI,0.18,10900.458,3,3,10900.458,0.0,0.0,0.0,0.0,60558.1
1719025,IT,PL,GASDI,REALE,0.02,10900.452,3,3,10900.452,0.0,0.0,0.0,0.0,545022.6
1787829,IT,WA,FOOD5,ANIMA,0.05,10899.916,3,3,10899.916,0.0,0.0,0.0,0.0,217998.32
1736661,IT,SK,INSUR,CONST,0.22,10899.629,3,3,10899.629,0.0,0.0,0.0,0.0,49543.768182
1743124,IT,US,MOTO1,NONF1,0.06,10899.455,3,3,10899.455,0.0,0.0,0.0,0.0,181657.583333
1779532,IT,TR,RENTI,MEMBE,0.07,10899.18,3,3,10899.18,0.0,0.0,0.0,0.0,155702.571429
1814398,IT,WM,AUXIL,BUSIN,0.2,10897.41,3,3,10897.41,0.0,0.0,0.0,0.0,54487.05
1769373,IT,AU,CERAM,MOTOR,0.02,10897.341,3,3,10897.341,0.0,0.0,0.0,0.0,544867.05
1788007,IT,WA,TEXTI,PULP5,0.06,10896.639,3,3,10896.639,0.0,0.0,0.0,0.0,181610.65
1657022,IT,DE,NAPHT,FURNI,0.02,10896.554,3,3,10896.554,0.0,0.0,0.0,0.0,544827.7
1811354,IT,WM,PETRO,KEROS,0.02,10896.297,3,3,10896.297,0.0,0.0,0.0,0.0,544814.85
1740390,IT,GB,HEALT,CEMEN,0.06,10895.894,3,3,10895.894,0.0,0.0,0.0,0.0,181598.233333
1652865,IT,CZ,COALT,STONE,0.02,10895.741,3,3,10895.741,0.0,0.0,0.0,0.0,544787.05
1771202,IT,CH,MEAT4,EDUCA,0.06,10895.524,3,3,10895.524,0.0,0.0,0.0,0.0,181592.066667
1656150,IT,DE,FISH5,93197,0.05,10895.384,4,4,10895.378,0.0,0.0,0.0,0.006,217907.68
1722926,IT,PT,GASDI,WOODW,0.02,10895.296,3,3,10895.296,0.0,0.0,0.0,0.0,544764.8
1737788,IT,GB,NAPHT,TEXTI,0.02,10895.12,3,3,10895.12,0.0,0.0,0.0,0.0,544756.0
1733756,IT,SI,LANDT,PFERT,0.07,10894.891,3,3,10894.891,0.0,0.0,0.0,0.0,155641.3
1787453,IT,WA,STONE,BASIC,0.04,10894.856,4,4,10893.856,0.0,0.0,1.0,0.0,272371.4
1684823,IT,HU,FISHF,COLLE,0.02,10894.582,3,3,10894.582,0.0,0.0,0.0,0.0,544729.1
1788879,IT,WA,GASDI,DIST1,0.02,10894.256,3,3,10894.256,0.0,0.0,0.0,0.0,544712.8
1730358,IT,SE,SUPPO,RAILW,0.08,10893.949,3,3,10893.949,0.0,0.0,0.0,0.0,136174.3625
1661979,IT,DK,PETRO,RUBBE,0.02,10893.8,3,3,10893.8,0.0,0.0,0.0,0.0,544690.0
1725160,IT,RO,VEGE1,MEATC,0.03,10893.444,4,4,10893.442,0.0,0.0,0.0,0.002,363114.8
1808667,IT,WF,INERT,CHARC,0.08,10893.113,3,3,10893.113,0.0,0.0,0.0,0.0,136163.9125
1751516,IT,CN,SUPPO,ELECT,0.08,10892.512,3,3,10892.512,0.0,0.0,0.0,0.0,136156.4
1729525,IT,SE,LEAD1,WHOLE,0.02,10892.386,3,3,10892.386,0.0,0.0,0.0,0.0,544619.3
1732494,IT,SI,CHEM1,93197,0.02,10891.676,3,3,10891.676,0.0,0.0,0.0,0.0,544583.8
1647676,IT,BE,FINAN,SUPPO,0.14,10891.597,3,3,10891.597,0.0,0.0,0.0,0.0,77797.121429
1799132,IT,WE,WEARI,HEAVY,0.08,10891.547,4,4,10891.545,0.0,0.0,0.0,0.002,136144.3375
1750583,IT,CN,OFFIC,GLASS,0.03,10891.419,3,3,10891.419,0.0,0.0,0.0,0.0,363047.3
1756281,IT,KR,MOTO1,FOOD5,0.06,10891.41,3,3,10891.41,0.0,0.0,0.0,0.0,181523.5
1653092,IT,CZ,CHEM1,MEATC,0.02,10890.922,3,3,10890.922,0.0,0.0,0.0,0.0,544546.1
1717975,IT,PL,SANDC,MACHI,0.02,10890.505,4,4,10888.505,0.0,0.0,2.0,0.0,544525.25
1709363,IT,LT,FOOD5,MEATA,0.05,10890.192,3,3,10890.192,0.0,0.0,0.0,0.0,217803.84
1640822,IT,AT,WEARI,AIRTR,0.08,10890.187,4,4,10890.185,0.0,0.0,0.0,0.002,136127.3375
1670325,IT,FI,MEATC,REALE,0.04,10890.067,3,3,10890.067,0.0,0.0,0.0,0.0,272251.675
1711193,IT,LU,MACHI,FOOD5,0.06,10890.001,3,3,10890.001,0.0,0.0,0.0,0.0,181500.016667
1645314,IT,BE,KEROS,RECRE,0.02,10889.212,3,3,10889.212,0.0,0.0,0.0,0.0,544460.6
1809715,IT,WM,PROCE,RECRE,0.07,10889.142,3,3,10889.142,0.0,0.0,0.0,0.0,155559.171429
1740619,IT,US,CRUDE,FOOD5,0.02,10888.6,3,3,10888.6,0.0,0.0,0.0,0.0,544430.0
1717310,IT,NL,FINAN,MEAT1,0.14,10888.417,3,3,10888.417,0.0,0.0,0.0,0.0,77774.407143
1679253,IT,GR,GASDI,MOTOR,0.02,10888.347,3,3,10888.347,0.0,0.0,0.0,0.0,544417.35
1737340,IT,GB,BEVER,FURNI,0.05,10888.103,3,3,10888.103,0.0,0.0,0.0,0.0,217762.06
1660772,IT,DE,COMPU,SANDC,0.12,10888.078,3,3,10888.078,0.0,0.0,0.0,0.0,90733.983333
1711175,IT,LU,FABRI,RESEA,0.04,10886.325,3,3,10886.325,0.0,0.0,0.0,0.0,272158.125
1641429,IT,AT,GASDI,HEAVY,0.02,10885.607,3,3,10885.607,0.0,0.0,0.0,0.0,544280.35
1786479,IT,ZA,MOTO1,ELEC1,0.06,10884.077,3,3,10884.077,0.0,0.0,0.0,0.0,181401.283333
1789052,IT,WA,NAPHT,ELEC4,0.02,10883.982,3,3,10883.982,0.0,0.0,0.0,0.0,544199.1
1794683,IT,WL,NAPHT,BRICK,0.02,10882.47,3,3,10882.47,0.0,0.0,0.0,0.0,544123.5
1774421,IT,CH,RAILW,MOTO1,0.07,10882.249,3,3,10882.249,0.0,0.0,0.0,0.0,155460.7
1658196,IT,DE,LEAD1,PAPER,0.02,10882.163,3,3,10882.163,0.0,0.0,0.0,0.0,544108.15
1783868,IT,NO,WOOD2,CRUDE,0.06,10881.843,3,3,10881.843,0.0,0.0,0.0,0.0,181364.05
1799277,IT,WE,LEATH,DISTR,0.08,10881.687,4,4,10881.685,0.0,0.0,0.0,0.002,136021.0875
1652686,IT,CZ,PAPER,RAWMI,0.04,10881.361,3,3,10881.361,0.0,0.0,0.0,0.0,272034.025
1662295,IT,DK,NONME,PAPER,0.02,10881.345,3,3,10881.345,0.0,0.0,0.0,0.0,544067.25
1673906,IT,FR,MOTOR,MEATA,0.02,10880.837,3,3,10880.837,0.0,0.0,0.0,0.0,544041.85
1654475,IT,CZ,HOTEL,WHEAT,0.08,10880.826,3,3,10880.826,0.0,0.0,0.0,0.0,136010.325
1807945,IT,WF,PLAS1,PLAST,0.04,10880.711,3,3,10880.711,0.0,0.0,0.0,0.0,272017.775
1776239,IT,TR,WOODW,93197,0.03,10880.619,3,3,10880.619,0.0,0.0,0.0,0.0,362687.3
1771330,IT,CH,DAIRY,RENTI,0.04,10880.174,3,3,10880.174,0.0,0.0,0.0,0.0,272004.35
1753986,IT,CA,LANDT,FURNI,0.07,10880.015,3,3,10880.015,0.0,0.0,0.0,0.0,155428.785714
1658750,IT,DE,OFFIC,PLAS1,0.03,10879.556,3,3,10879.556,0.0,0.0,0.0,0.0,362651.866667
1640334,IT,AT,CHEMI,PREC1,0.03,10878.627,4,4,10877.627,0.0,0.0,1.0,0.0,362620.9
1680808,IT,GR,RAILW,LIQUE,0.07,10878.545,3,3,10878.545,0.0,0.0,0.0,0.0,155407.785714
1763861,IT,MX,NONME,COPP1,0.02,10878.337,3,3,10878.337,0.0,0.0,0.0,0.0,543916.85
1768869,IT,AU,WOODW,VEGET,0.03,10877.858,3,3,10877.858,0.0,0.0,0.0,0.0,362595.266667
1784396,IT,ID,GLASS,REALE,0.03,10877.758,3,3,10877.758,0.0,0.0,0.0,0.0,362591.933333
1730148,IT,SE,LANDT,PRECI,0.07,10877.515,3,3,10877.515,0.0,0.0,0.0,0.0,155393.071429
1746473,IT,JP,GLASS,RECRE,0.03,10876.697,3,3,10876.697,0.0,0.0,0.0,0.0,362556.566667
1775055,IT,CH,RENTI,GLASS,0.07,10876.393,3,3,10876.393,0.0,0.0,0.0,0.0,155377.042857
1715203,IT,NL,WOODW,COPP1,0.03,10875.387,3,3,10875.387,0.0,0.0,0.0,0.0,362512.9
1683743,IT,HR,MACHI,RADIO,0.06,10875.11,3,3,10875.11,0.0,0.0,0.0,0.0,181251.833333
1753247,IT,CA,CERAM,RENTI,0.02,10874.91,3,3,10874.91,0.0,0.0,0.0,0.0,543745.5
1793651,IT,WL,DAIRY,COMPU,0.04,10874.291,3,3,10874.291,0.0,0.0,0.0,0.0,271857.275
1785723,IT,ZA,PETRO,HYDRO,0.02,10873.828,3,3,10873.828,0.0,0.0,0.0,0.0,543691.4
1781612,IT,NO,WEARI,REALE,0.08,10873.435,4,4,10873.433,0.0,0.0,0.0,0.002,135917.9375
1643270,IT,AT,HOTEL,INLAN,0.08,10873.418,3,3,10873.418,0.0,0.0,0.0,0.0,135917.725
1680211,IT,GR,TRANS,KEROS,0.06,10872.525,3,3,10872.525,0.0,0.0,0.0,0.0,181208.75
1669447,IT,ES,INSUR,PUBLI,0.22,10871.222,3,3,10871.222,0.0,0.0,0.0,0.0,49414.645455
1725351,IT,RO,TEXTI,WHEAT,0.06,10870.933,3,3,10870.933,0.0,0.0,0.0,0.0,181182.216667
1802001,IT,WE,WHOLE,BEVER,0.09,10870.776,3,3,10870.776,0.0,0.0,0.0,0.0,120786.4
1726630,IT,RO,MOTO1,ELEC3,0.06,10869.783,3,3,10869.783,0.0,0.0,0.0,0.0,181163.05
1802003,IT,WE,WHOLE,TEXTI,0.09,10869.711,3,3,10869.711,0.0,0.0,0.0,0.0,120774.566667
1661927,IT,DK,PRINT,RENTI,0.1,10869.673,3,3,10869.673,0.0,0.0,0.0,0.0,108696.73
1752185,IT,CN,PUBLI,GLASS,0.18,10869.062,3,3,10869.062,0.0,0.0,0.0,0.0,60383.677778
1666981,IT,ES,CERAM,INERT,0.02,10868.768,3,3,10868.768,0.0,0.0,0.0,0.0,543438.4
1807381,IT,WF,FINAN,ELEC4,0.14,10868.742,3,3,10868.742,0.0,0.0,0.0,0.0,77633.871429
1755355,IT,KR,PRINT,INSUR,0.1,10868.244,3,3,10868.244,0.0,0.0,0.0,0.0,108682.44
1712788,IT,LV,SEACO,TEXTI,0.01,10868.136,3,3,10868.136,0.0,0.0,0.0,0.0,1086813.6
1661704,IT,DK,WEARI,RETA1,0.08,10867.3,4,4,10867.298,0.0,0.0,0.0,0.002,135841.25
1786022,IT,ZA,GLASS,WHOLE,0.03,10866.946,3,3,10866.946,0.0,0.0,0.0,0.0,362231.533333
1651178,IT,BG,BUSIN,CHEM1,0.11,10866.833,3,3,10866.833,0.0,0.0,0.0,0.0,98789.390909
1792235,IT,WA,POSTT,WOODW,0.18,10865.364,3,3,10865.364,0.0,0.0,0.0,0.0,60363.133333
1755665,IT,KR,RUBBE,LEAD1,0.04,10864.846,3,3,10864.846,0.0,0.0,0.0,0.0,271621.15
1785477,IT,ZA,PRINT,HEALT,0.1,10864.824,3,3,10864.824,0.0,0.0,0.0,0.0,108648.24
1722693,IT,PT,LEATH,RETA1,0.08,10864.224,4,4,10864.222,0.0,0.0,0.0,0.002,135802.8
1662773,IT,DK,MOTO1,TRANS,0.06,10864.158,3,3,10864.158,0.0,0.0,0.0,0.0,181069.3
1669046,IT,ES,SUPPO,BIOGA,0.08,10863.797,3,3,10863.797,0.0,0.0,0.0,0.0,135797.4625
1773927,IT,CH,SALEM,BEVER,0.09,10862.573,3,3,10862.573,0.0,0.0,0.0,0.0,120695.255556
1676325,IT,FR,RETAI,BASIC,0.09,10862.391,3,3,10862.391,0.0,0.0,0.0,0.0,120693.233333
1775748,IT,TR,CRUDE,TEXTI,0.02,10862.347,3,3,10862.347,0.0,0.0,0.0,0.0,543117.35
1720057,IT,PL,ALUM1,RETAI,0.02,10861.768,3,3,10861.768,0.0,0.0,0.0,0.0,543088.4
1688738,IT,IE,ADDIT,STONE,0.03,10861.555,3,3,10861.555,0.0,0.0,0.0,0.0,362051.833333
1790298,IT,WA,ALUM1,PROCE,0.02,10861.44,3,3,10861.44,0.0,0.0,0.0,0.0,543072.0
1783701,IT,NO,FOOD4,WOODW,0.08,10860.55,3,3,10860.55,0.0,0.0,0.0,0.0,135756.875
1663307,IT,DK,AIRTR,BEVER,0.01,10860.134,3,3,10860.134,0.0,0.0,0.0,0.0,1086013.4
1806762,IT,WF,WHOLE,RECRE,0.09,10859.646,3,3,10859.646,0.0,0.0,0.0,0.0,120662.733333
1662523,IT,DK,COPP1,RENTI,0.03,10859.01,3,3,10859.01,0.0,0.0,0.0,0.0,361967.0
1763449,IT,MX,PLAST,MEATA,0.02,10858.881,3,3,10858.881,0.0,0.0,0.0,0.0,542944.05
1813857,IT,WM,LANDT,TOBAC,0.07,10858.509,3,3,10858.509,0.0,0.0,0.0,0.0,155121.557143
1731435,IT,SI,FOOD5,INSUR,0.05,10858.372,3,3,10858.372,0.0,0.0,0.0,0.0,217167.44
1796734,IT,WL,LANDT,TOBAC,0.07,10858.182,3,3,10858.182,0.0,0.0,0.0,0.0,155116.885714
1664447,IT,EE,MACHI,FINAN,0.06,10858.13,3,3,10858.13,0.0,0.0,0.0,0.0,180968.833333
1659917,IT,DE,TRAN2,PETRO,0.02,10857.607,3,3,10857.607,0.0,0.0,0.0,0.0,542880.35
1777834,IT,TR,FABRI,ELEC2,0.04,10856.952,3,3,10856.952,0.0,0.0,0.0,0.0,271423.8
1688049,IT,HU,COMPU,RUBBE,0.12,10855.932,3,3,10855.932,0.0,0.0,0.0,0.0,90466.1
1808625,IT,WF,PLAS2,FINAN,0.09,10855.837,3,3,10855.837,0.0,0.0,0.0,0.0,120620.411111
1780939,IT,TW,BUSIN,MEATA,0.11,10855.815,3,3,10855.815,0.0,0.0,0.0,0.0,98689.227273
1766611,IT,RU,FABRI,MEATC,0.04,10854.877,3,3,10854.877,0.0,0.0,0.0,0.0,271371.925
1646135,IT,BE,PREC1,OFFIC,0.02,10854.076,3,3,10854.076,0.0,0.0,0.0,0.0,542703.8
1751479,IT,CN,AIRTR,TRAN2,0.01,10853.938,3,3,10853.938,0.0,0.0,0.0,0.0,1085393.8
1776961,IT,TR,PLAST,TEXT2,0.02,10853.755,3,3,10853.755,0.0,0.0,0.0,0.0,542687.75
1738358,IT,GB,PREC1,BEVER,0.02,10853.108,3,3,10853.108,0.0,0.0,0.0,0.0,542655.4
1688436,IT,IE,FISH5,CHEM1,0.05,10852.905,4,4,10852.899,0.0,0.0,0.0,0.006,217058.1
1740341,IT,GB,PUBLI,HEALT,0.18,10852.664,3,3,10852.664,0.0,0.0,0.0,0.0,60292.577778
1674478,IT,FR,BIODI,DIST1,0.02,10852.02,3,3,10852.02,0.0,0.0,0.0,0.0,542601.0
1672122,IT,FI,POSTT,HOTEL,0.18,10851.349,3,3,10851.349,0.0,0.0,0.0,0.0,60285.272222
1722366,IT,PT,STONE,CEMEN,0.04,10850.743,4,4,10849.743,0.0,0.0,1.0,0.0,271268.575
1720167,IT,PL,COPP1,GLASS,0.03,10850.562,3,3,10850.562,0.0,0.0,0.0,0.0,361685.4
1796422,IT,WL,WHOLE,ELEC4,0.09,10850.294,3,3,10850.294,0.0,0.0,0.0,0.0,120558.822222
1727666,IT,RO,RENTI,AIRTR,0.06,10849.103,3,3,10849.103,0.0,0.0,0.0,0.0,180818.383333
1768815,IT,AU,LEATH,PRINT,0.08,10849.014,4,4,10849.012,0.0,0.0,0.0,0.002,135612.675
1751450,IT,CN,AIRTR,CERAM,0.01,10848.854,3,3,10848.854,0.0,0.0,0.0,0.0,1084885.4
1649613,IT,BG,GLASS,CHEM1,0.03,10848.7,3,3,10848.7,0.0,0.0,0.0,0.0,361623.333333
1712985,IT,MT,STONE,MOTO1,0.04,10848.457,4,4,10847.457,0.0,0.0,1.0,0.0,271211.425
1682952,IT,HR,PLAST,HEAVY,0.02,10847.778,3,3,10847.778,0.0,0.0,0.0,0.0,542388.9
1755900,IT,KR,BASIC,HEAVY,0.01,10847.752,3,3,10847.752,0.0,0.0,0.0,0.0,1084775.2
1640738,IT,AT,TEXTI,CERAM,0.06,10847.702,3,3,10847.702,0.0,0.0,0.0,0.0,180795.033333
1734745,IT,SK,LEATH,HEALT,0.08,10847.632,4,4,10847.63,0.0,0.0,0.0,0.002,135595.4
1768809,IT,AU,LEATH,BEVER,0.08,10847.303,4,4,10847.301,0.0,0.0,0.0,0.002,135591.2875
1786167,IT,ZA,BASIC,RECRE,0.01,10846.998,3,3,10846.998,0.0,0.0,0.0,0.0,1084699.8
1742217,IT,US,GLASS,93197,0.03,10846.33,3,3,10846.33,0.0,0.0,0.0,0.0,361544.333333
1745418,IT,JP,DAIRY,PRINT,0.04,10845.7,3,3,10845.7,0.0,0.0,0.0,0.0,271142.5
1749487,IT,CN,HEAVY,EDUCA,0.02,10845.432,3,3,10845.432,0.0,0.0,0.0,0.0,542271.6
1781533,IT,NO,TEXTI,DISTR,0.06,10845.428,3,3,10845.428,0.0,0.0,0.0,0.0,180757.133333
1772802,IT,CH,NONME,RETAI,0.02,10845.137,3,3,10845.137,0.0,0.0,0.0,0.0,542256.85
1681042,IT,GR,AIRTR,RENTI,0.01,10844.834,3,3,10844.834,0.0,0.0,0.0,0.0,1084483.4
1724947,IT,PT,BUSIN,INERT,0.11,10844.736,3,3,10844.736,0.0,0.0,0.0,0.0,98588.509091
1725166,IT,RO,VEGE1,PROCE,0.03,10844.654,4,4,10844.652,0.0,0.0,0.0,0.002,361488.466667
1724126,IT,PT,RETA1,CEMEN,0.11,10844.536,3,3,10844.536,0.0,0.0,0.0,0.0,98586.690909
1762188,IT,IN,SEACO,NATUR,0.01,10844.443,3,3,10844.443,0.0,0.0,0.0,0.0,1084444.3
1788803,IT,WA,KEROS,FURNI,0.02,10844.134,3,3,10844.134,0.0,0.0,0.0,0.0,542206.7
1756425,IT,KR,CONST,TEXTI,0.06,10843.237,3,3,10843.237,0.0,0.0,0.0,0.0,180720.616667
1734970,IT,SK,LIQUE,FABRI,0.02,10842.96,3,3,10842.96,0.0,0.0,0.0,0.0,542148.0
1723258,IT,PT,GLASS,PULP5,0.03,10842.556,3,3,10842.556,0.0,0.0,0.0,0.0,361418.533333
1811238,IT,WM,LUBRI,PFERT,0.01,10842.497,3,3,10842.497,0.0,0.0,0.0,0.0,1084249.7
1778375,IT,TR,RETAI,DISTR,0.09,10842.295,3,3,10842.295,0.0,0.0,0.0,0.0,120469.944444
1807584,IT,WF,COMPU,LANDT,0.12,10842.256,3,3,10842.256,0.0,0.0,0.0,0.0,90352.133333
1664102,IT,EE,CHEM1,PUBLI,0.02,10842.234,3,3,10842.234,0.0,0.0,0.0,0.0,542111.7
1760681,IT,IN,PAPER,LIQUE,0.04,10842.2,3,3,10842.2,0.0,0.0,0.0,0.0,271055.0
1659571,IT,DE,HOTEL,MEATP,0.08,10842.117,3,3,10842.117,0.0,0.0,0.0,0.0,135526.4625
1645981,IT,BE,CEMEN,FURNI,0.02,10841.978,3,3,10841.978,0.0,0.0,0.0,0.0,542098.9
1685998,IT,HU,BIODI,PLAST,0.02,10841.733,3,3,10841.733,0.0,0.0,0.0,0.0,542086.65
1757321,IT,BR,BEVER,PUBLI,0.05,10841.529,3,3,10841.529,0.0,0.0,0.0,0.0,216830.58
1676357,IT,FR,WHOLE,CHEMI,0.09,10841.196,3,3,10841.196,0.0,0.0,0.0,0.0,120457.733333
1801986,IT,WE,WHOLE,RAWMI,0.09,10840.878,3,3,10840.878,0.0,0.0,0.0,0.0,120454.2
1721985,IT,PL,COMPU,TRANS,0.12,10840.347,3,3,10840.347,0.0,0.0,0.0,0.0,90336.225
1731092,IT,SI,MEATA,LIGNI,0.06,10839.896,4,4,10839.894,0.0,0.0,0.0,0.002,180664.933333
1710128,IT,LT,MACHI,SANDC,0.06,10839.523,3,3,10839.523,0.0,0.0,0.0,0.0,180658.716667
1643245,IT,AT,HOTEL,SECO9,0.08,10839.26,3,3,10839.26,0.0,0.0,0.0,0.0,135490.75
1777628,IT,TR,ALUM1,ELEC5,0.02,10839.259,3,3,10839.259,0.0,0.0,0.0,0.0,541962.95
1675148,IT,FR,COPP1,COLLE,0.03,10838.927,3,3,10838.927,0.0,0.0,0.0,0.0,361297.566667
1752522,IT,CA,FOOD5,NFERT,0.05,10838.775,3,3,10838.775,0.0,0.0,0.0,0.0,216775.5
1769443,IT,AU,NONME,FURNI,0.02,10838.656,3,3,10838.656,0.0,0.0,0.0,0.0,541932.8
1724082,IT,PT,WHOLE,WHOLE,0.09,10838.621,3,3,10838.621,0.0,0.0,0.0,0.0,120429.122222
1811799,IT,WM,ADDIT,FINAN,0.03,10838.468,3,3,10838.468,0.0,0.0,0.0,0.0,361282.266667
1747930,IT,JP,COMPU,BUSIN,0.12,10837.598,3,3,10837.598,0.0,0.0,0.0,0.0,90313.316667
1742308,IT,US,CEMEN,FABRI,0.02,10836.67,3,3,10836.67,0.0,0.0,0.0,0.0,541833.5
1731467,IT,SI,BEVER,OFFIC,0.05,10836.621,3,3,10836.621,0.0,0.0,0.0,0.0,216732.42
1663066,IT,DK,HOTEL,OILHA,0.08,10836.534,3,3,10836.534,0.0,0.0,0.0,0.0,135456.675
1774059,IT,CH,WHOLE,SUGAR,0.09,10836.327,3,3,10836.327,0.0,0.0,0.0,0.0,120403.633333
1641259,IT,AT,MOTOR,RUBBE,0.02,10835.871,3,3,10835.871,0.0,0.0,0.0,0.0,541793.55
1789979,IT,WA,NONME,MEATP,0.02,10835.48,3,3,10835.48,0.0,0.0,0.0,0.0,541774.0
1787804,IT,WA,PROCE,MEAT4,0.07,10835.33,3,3,10835.33,0.0,0.0,0.0,0.0,154790.428571
1711537,IT,LU,POSTT,INSUR,0.18,10835.191,3,3,10835.191,0.0,0.0,0.0,0.0,60195.505556
1719979,IT,PL,ALUM1,VEGET,0.02,10833.294,3,3,10833.294,0.0,0.0,0.0,0.0,541664.7
1682591,IT,HR,KEROS,CROPS,0.02,10833.006,3,3,10833.006,0.0,0.0,0.0,0.0,541650.3
1645407,IT,BE,LIQUE,SUGA1,0.02,10832.787,3,3,10832.787,0.0,0.0,0.0,0.0,541639.35
1652955,IT,CZ,HEAVY,WHOLE,0.02,10832.295,3,3,10832.295,0.0,0.0,0.0,0.0,541614.75
1806106,IT,WF,FABRI,PROCE,0.04,10832.17,3,3,10832.17,0.0,0.0,0.0,0.0,270804.25
1769860,IT,AU,OFFIC,RETA1,0.03,10831.739,3,3,10831.739,0.0,0.0,0.0,0.0,361057.966667
1802180,IT,WE,HOTEL,OFFIC,0.08,10831.671,3,3,10831.671,0.0,0.0,0.0,0.0,135395.8875
1713689,IT,MT,FABRI,NONME,0.04,10831.485,3,3,10831.485,0.0,0.0,0.0,0.0,270787.125
1794211,IT,WL,PRINT,ELEC4,0.1,10831.357,3,3,10831.357,0.0,0.0,0.0,0.0,108313.57
1807086,IT,WF,SEACO,OFFIC,0.01,10830.679,3,3,10830.679,0.0,0.0,0.0,0.0,1083067.9
1666701,IT,ES,RUBBE,PLANT,0.04,10830.506,3,3,10830.506,0.0,0.0,0.0,0.0,270762.65
1792892,IT,WA,HEALT,CRUDE,0.06,10830.215,3,3,10830.215,0.0,0.0,0.0,0.0,180503.583333
1806970,IT,WF,LANDT,FISH5,0.07,10829.973,3,3,10829.973,0.0,0.0,0.0,0.0,154713.9
1806467,IT,WF,TRANS,CEMEN,0.06,10829.923,3,3,10829.923,0.0,0.0,0.0,0.0,180498.716667
1731567,IT,SI,TEXTI,ELEC1,0.06,10829.346,3,3,10829.346,0.0,0.0,0.0,0.0,180489.1
1755629,IT,KR,RUBBE,CHEMI,0.04,10829.186,3,3,10829.186,0.0,0.0,0.0,0.0,270729.65
1769367,IT,AU,CERAM,POULT,0.02,10828.329,3,3,10828.329,0.0,0.0,0.0,0.0,541416.45
1774253,IT,CH,RETA1,AUXIL,0.11,10827.983,3,3,10827.983,0.0,0.0,0.0,0.0,98436.209091
1732455,IT,SI,CHEM1,BRICK,0.02,10827.858,3,3,10827.858,0.0,0.0,0.0,0.0,541392.9
1796296,IT,WL,CONST,COMPU,0.06,10826.749,3,3,10826.749,0.0,0.0,0.0,0.0,180445.816667
1677288,IT,FR,FINAN,ALUM1,0.14,10826.167,3,3,10826.167,0.0,0.0,0.0,0.0,77329.764286
1780030,IT,TW,SALEM,93197,0.09,10825.924,3,3,10825.924,0.0,0.0,0.0,0.0,120288.044444
1676516,IT,FR,RETA1,PAPE4,0.11,10825.615,3,3,10825.615,0.0,0.0,0.0,0.0,98414.681818
1728813,IT,SE,NONSP,LIQUE,0.01,10825.378,3,3,10825.378,0.0,0.0,0.0,0.0,1082537.8
1750175,IT,CN,ALUM1,CEMEN,0.02,10824.179,3,3,10824.179,0.0,0.0,0.0,0.0,541208.95
1738182,IT,GB,CERAM,BEVER,0.02,10823.708,3,3,10823.708,0.0,0.0,0.0,0.0,541185.4
1744301,IT,US,FINAN,CATTL,0.14,10822.761,3,3,10822.761,0.0,0.0,0.0,0.0,77305.435714
1680266,IT,GR,FURNI,FISHF,0.03,10822.44,3,3,10822.44,0.0,0.0,0.0,0.0,360748.0
1655714,IT,DE,CHEMI,INTER,0.03,10822.221,4,4,10821.221,0.0,0.0,1.0,0.0,360740.7
1799723,IT,WE,KEROS,SUGAR,0.02,10822.073,3,3,10822.073,0.0,0.0,0.0,0.0,541103.65
1739294,IT,GB,HOTEL,ELECT,0.08,10822.039,3,3,10822.039,0.0,0.0,0.0,0.0,135275.4875
1669137,IT,ES,POSTT,FISH5,0.18,10821.976,3,3,10821.976,0.0,0.0,0.0,0.0,60122.088889
1679544,IT,GR,RUBBE,SUGA1,0.04,10821.765,3,3,10821.765,0.0,0.0,0.0,0.0,270544.125
1686232,IT,HU,CERAM,SANDC,0.02,10821.342,3,3,10821.342,0.0,0.0,0.0,0.0,541067.1
1797702,IT,WL,PLAS1,MOTO1,0.04,10821.316,3,3,10821.316,0.0,0.0,0.0,0.0,270532.9
1735344,IT,SK,CEMEN,FOOD5,0.02,10821.243,3,3,10821.243,0.0,0.0,0.0,0.0,541062.15
1710749,IT,LU,FISH5,DAIRY,0.05,10820.975,4,4,10820.969,0.0,0.0,0.0,0.006,216419.5
1749211,IT,CN,PAPER,MEATA,0.04,10820.887,3,3,10820.887,0.0,0.0,0.0,0.0,270522.175
1785418,IT,ZA,PAPER,ELECT,0.04,10820.565,3,3,10820.565,0.0,0.0,0.0,0.0,270514.125
1763395,IT,MX,PRINT,REALE,0.1,10819.704,3,3,10819.704,0.0,0.0,0.0,0.0,108197.04
1727766,IT,RO,BUSIN,RAWMI,0.11,10819.494,3,3,10819.494,0.0,0.0,0.0,0.0,98359.036364
1730026,IT,SE,WHOLE,WOODW,0.09,10819.041,3,3,10819.041,0.0,0.0,0.0,0.0,120211.566667
1727396,IT,RO,FINAN,PFERT,0.14,10818.621,3,3,10818.621,0.0,0.0,0.0,0.0,77275.864286
1670843,IT,FI,NONSP,CHEM1,0.01,10818.524,3,3,10818.524,0.0,0.0,0.0,0.0,1081852.4
1806461,IT,WF,TRANS,CHEM1,0.06,10818.311,3,3,10818.311,0.0,0.0,0.0,0.0,180305.183333
1810717,IT,WM,MOTOR,ELECT,0.02,10818.286,3,3,10818.286,0.0,0.0,0.0,0.0,540914.3
1689852,IT,IE,INSUR,HEALT,0.22,10818.248,3,3,10818.248,0.0,0.0,0.0,0.0,49173.854545
1734942,IT,SK,KEROS,BUSIN,0.02,10817.938,3,3,10817.938,0.0,0.0,0.0,0.0,540896.9
1672085,IT,FI,SUPPO,HOTEL,0.08,10817.899,3,3,10817.899,0.0,0.0,0.0,0.0,135223.7375
1758710,IT,BR,RETAI,GLASS,0.08,10817.84,3,3,10817.84,0.0,0.0,0.0,0.0,135223.0
1759045,IT,BR,SEACO,TEXTI,0.01,10817.77,3,3,10817.77,0.0,0.0,0.0,0.0,1081777.0
1684819,IT,HU,FISHF,MOTO1,0.02,10817.498,3,3,10817.498,0.0,0.0,0.0,0.0,540874.9
1677659,IT,FR,REALE,MEMBE,0.46,10817.258,3,3,10817.258,0.0,0.0,0.0,0.0,23515.778261
1784821,IT,ID,HOTEL,REALE,0.08,10817.151,3,3,10817.151,0.0,0.0,0.0,0.0,135214.3875
1652893,IT,CZ,KEROS,BITUM,0.02,10817.057,3,3,10817.057,0.0,0.0,0.0,0.0,540852.85
1760268,IT,IN,CROPS,MEATA,0.09,10816.832,3,3,10816.832,0.0,0.0,0.0,0.0,120187.022222
1648028,IT,BE,COMPU,BASIC,0.12,10816.722,3,3,10816.722,0.0,0.0,0.0,0.0,90139.35
1774065,IT,CH,WHOLE,ANIMA,0.09,10816.323,3,3,10816.323,0.0,0.0,0.0,0.0,120181.366667
1684817,IT,HU,FISHF,FABRI,0.02,10816.215,3,3,10816.215,0.0,0.0,0.0,0.0,540810.75
1761042,IT,IN,PLAST,BIODI,0.02,10815.701,3,3,10815.701,0.0,0.0,0.0,0.0,540785.05
1773485,IT,CH,OFFIC,FOODW,0.03,10814.807,3,3,10814.807,0.0,0.0,0.0,0.0,360493.566667
1741537,IT,US,KERO1,POSTT,0.02,10814.797,3,3,10814.797,0.0,0.0,0.0,0.0,540739.85
1715009,IT,NL,TOBAC,FOOD2,0.04,10814.059,3,3,10814.059,0.0,0.0,0.0,0.0,270351.475
1768387,IT,AU,VEGE1,PIGS9,0.03,10813.819,4,4,10813.817,0.0,0.0,0.0,0.002,360460.633333
1654732,IT,CZ,TRAN2,RETA1,0.02,10813.727,3,3,10813.727,0.0,0.0,0.0,0.0,540686.35
1716205,IT,NL,ALUM1,POSTT,0.02,10813.713,3,3,10813.713,0.0,0.0,0.0,0.0,540685.65
1714954,IT,NL,FISH5,VEGE1,0.05,10813.37,4,4,10813.364,0.0,0.0,0.0,0.006,216267.4
1665879,IT,ES,PRINT,RENTI,0.1,10813.247,3,3,10813.247,0.0,0.0,0.0,0.0,108132.47
1651730,IT,CY,MACHI,WOODW,0.06,10813.056,3,3,10813.056,0.0,0.0,0.0,0.0,180217.6
1783737,IT,NO,FOOD4,FOOD3,0.08,10812.764,3,3,10812.764,0.0,0.0,0.0,0.0,135159.55
1674902,IT,FR,NONME,TEXT2,0.02,10812.703,3,3,10812.703,0.0,0.0,0.0,0.0,540635.15
1784860,IT,ID,SEACO,EDUCA,0.01,10812.413,3,3,10812.413,0.0,0.0,0.0,0.0,1081241.3
1660170,IT,DE,SUPPO,BASIC,0.08,10812.385,3,3,10812.385,0.0,0.0,0.0,0.0,135154.8125
1781954,IT,NO,ADDIT,RETAI,0.03,10811.877,3,3,10811.877,0.0,0.0,0.0,0.0,360395.9
1760923,IT,IN,HEAVY,FOOD5,0.02,10811.848,3,3,10811.848,0.0,0.0,0.0,0.0,540592.4
1807989,IT,WF,PLAS1,REALE,0.04,10811.759,3,3,10811.759,0.0,0.0,0.0,0.0,270293.975
1801021,IT,WE,LEAD1,CHEM1,0.02,10811.535,3,3,10811.535,0.0,0.0,0.0,0.0,540576.75
1814755,IT,WM,FOOD2,ELEC2,0.06,10811.427,3,3,10811.427,0.0,0.0,0.0,0.0,180190.45
1729913,IT,SE,FURNI,CHEM1,0.03,10811.408,3,3,10811.408,0.0,0.0,0.0,0.0,360380.266667
1759767,IT,BR,BUSIN,NONF1,0.11,10809.453,3,3,10809.453,0.0,0.0,0.0,0.0,98267.754545
1721414,IT,PL,SEACO,COMPU,0.01,10808.827,3,3,10808.827,0.0,0.0,0.0,0.0,1080882.7
1807245,IT,WF,SUPPO,RETAI,0.08,10808.817,3,3,10808.817,0.0,0.0,0.0,0.0,135110.2125
1734640,IT,SK,TEXTI,FURNI,0.06,10808.798,3,3,10808.798,0.0,0.0,0.0,0.0,180146.633333
1734306,IT,SI,BUSIN,ALUM1,0.11,10808.288,3,3,10808.288,0.0,0.0,0.0,0.0,98257.163636
1719823,IT,PL,BASIC,MEDIC,0.01,10807.981,3,3,10807.981,0.0,0.0,0.0,0.0,1080798.1
1687445,IT,HU,RAILW,BIOGA,0.07,10807.863,3,3,10807.863,0.0,0.0,0.0,0.0,154398.042857
1745268,IT,JP,MEATP,PLAST,0.04,10807.28,3,3,10807.28,0.0,0.0,0.0,0.0,270182.0
1771624,IT,CH,WEARI,MEATA,0.08,10807.215,4,4,10807.213,0.0,0.0,0.0,0.002,135090.1875
1722730,IT,PT,WOODW,REALE,0.03,10806.7,3,3,10806.7,0.0,0.0,0.0,0.0,360223.333333
1742274,IT,US,BRICK,BRICK,0.02,10806.481,3,3,10806.481,0.0,0.0,0.0,0.0,540324.05
1675967,IT,FR,ELEC4,WHOLE,0.17,10806.311,3,3,10806.311,0.0,0.0,0.0,0.0,63566.535294
1751507,IT,CN,SUPPO,WOODW,0.08,10806.296,3,3,10806.296,0.0,0.0,0.0,0.0,135078.7
1783283,IT,NO,FOODW,CONST,0.08,10806.269,3,3,10806.269,0.0,0.0,0.0,0.0,135078.3625
1740036,IT,GB,RENTI,CHEM1,0.06,10806.182,3,3,10806.182,0.0,0.0,0.0,0.0,180103.033333
1754333,IT,CA,INSUR,FABRI,0.22,10806.069,3,3,10806.069,0.0,0.0,0.0,0.0,49118.495455
1757255,IT,BR,VEGE1,WHOLE,0.03,10805.712,4,4,10805.71,0.0,0.0,0.0,0.002,360190.4
1745390,IT,JP,VEGE1,AIRTR,0.03,10805.382,4,4,10805.38,0.0,0.0,0.0,0.002,360179.4
1791054,IT,WA,TRANS,MEATP,0.06,10804.906,3,3,10804.906,0.0,0.0,0.0,0.0,180081.766667
1798444,IT,WE,NATUR,NONSP,0.02,10803.953,3,3,10803.953,0.0,0.0,0.0,0.0,540197.65
1651807,IT,CY,HOTEL,PRINT,0.08,10803.581,3,3,10803.581,0.0,0.0,0.0,0.0,135044.7625
1645203,IT,BE,PRINT,93197,0.1,10803.363,3,3,10803.363,0.0,0.0,0.0,0.0,108033.63
1767431,IT,RU,LANDT,ELEC4,0.07,10802.899,3,3,10802.899,0.0,0.0,0.0,0.0,154327.128571
1674627,IT,FR,RUBBE,TEXT2,0.04,10802.883,3,3,10802.883,0.0,0.0,0.0,0.0,270072.075
1729852,IT,SE,MOTO1,CONST,0.06,10802.392,3,3,10802.392,0.0,0.0,0.0,0.0,180039.866667
1763913,IT,MX,BASIC,PULP5,0.01,10801.208,3,3,10801.208,0.0,0.0,0.0,0.0,1080120.8
1765000,IT,MX,FINAN,REALE,0.14,10800.766,3,3,10800.766,0.0,0.0,0.0,0.0,77148.328571
1796742,IT,WL,LANDT,MOTOR,0.07,10799.832,3,3,10799.832,0.0,0.0,0.0,0.0,154283.314286
1732713,IT,SI,BRICK,FABRI,0.02,10799.591,3,3,10799.591,0.0,0.0,0.0,0.0,539979.55
1713045,IT,MT,MEAT4,FURNI,0.06,10799.347,3,3,10799.347,0.0,0.0,0.0,0.0,179989.116667
1738455,IT,GB,LEAD1,FABRI,0.02,10799.29,3,3,10799.29,0.0,0.0,0.0,0.0,539964.5
1663213,IT,DK,LANDT,SEWAG,0.07,10799.085,3,3,10799.085,0.0,0.0,0.0,0.0,154272.642857
1789253,IT,WA,PLAST,FINAN,0.02,10798.205,3,3,10798.205,0.0,0.0,0.0,0.0,539910.25
1645894,IT,BE,GLASS,HEALT,0.03,10798.011,3,3,10798.011,0.0,0.0,0.0,0.0,359933.7
1662205,IT,DK,GLASS,MEATC,0.03,10797.118,3,3,10797.118,0.0,0.0,0.0,0.0,359903.933333
1663193,IT,DK,LANDT,TRAN2,0.07,10797.075,3,3,10797.075,0.0,0.0,0.0,0.0,154243.928571
1788807,IT,WA,KEROS,HOTEL,0.02,10796.977,3,3,10796.977,0.0,0.0,0.0,0.0,539848.85
1645302,IT,BE,KEROS,DIST1,0.02,10796.123,3,3,10796.123,0.0,0.0,0.0,0.0,539806.15
1737320,IT,GB,BEVER,PULP5,0.05,10796.011,3,3,10796.011,0.0,0.0,0.0,0.0,215920.22
1653155,IT,CZ,CHEM1,GASWO,0.02,10794.699,3,3,10794.699,0.0,0.0,0.0,0.0,539734.95
1715055,IT,NL,TEXTI,REALE,0.06,10794.562,3,3,10794.562,0.0,0.0,0.0,0.0,179909.366667
1732920,IT,SI,ALUM1,FORES,0.02,10794.184,3,3,10794.184,0.0,0.0,0.0,0.0,539709.2
1741017,IT,US,FISH5,RESEA,0.05,10794.148,4,4,10794.142,0.0,0.0,0.0,0.006,215882.96
1642481,IT,AT,ALUM1,RECRE,0.02,10794.095,3,3,10794.095,0.0,0.0,0.0,0.0,539704.75
1778268,IT,TR,SALEM,FORES,0.09,10793.493,3,3,10793.493,0.0,0.0,0.0,0.0,119927.7
1755937,IT,KR,BASIC,COMPU,0.01,10793.02,3,3,10793.02,0.0,0.0,0.0,0.0,1079302.0
1757577,IT,BR,GASDI,MEATP,0.02,10792.792,3,3,10792.792,0.0,0.0,0.0,0.0,539639.6
1752811,IT,CA,PAPER,GASDI,0.04,10792.322,3,3,10792.322,0.0,0.0,0.0,0.0,269808.05
1777624,IT,TR,ALUM1,SECO9,0.02,10791.8,3,3,10791.8,0.0,0.0,0.0,0.0,539590.0
1808685,IT,WF,INERT,SUPPO,0.08,10791.529,3,3,10791.529,0.0,0.0,0.0,0.0,134894.1125
1730760,IT,SE,BUSIN,WEARI,0.11,10790.856,3,3,10790.856,0.0,0.0,0.0,0.0,98098.690909
1785737,IT,ZA,PLAST,SUGA1,0.02,10790.629,3,3,10790.629,0.0,0.0,0.0,0.0,539531.45
1780553,IT,TW,FINAN,PLAST,0.14,10790.095,3,3,10790.095,0.0,0.0,0.0,0.0,77072.107143
1685639,IT,HU,KEROS,CEMEN,0.02,10789.848,3,3,10789.848,0.0,0.0,0.0,0.0,539492.4
1656369,IT,DE,WOODW,ADDIT,0.03,10789.605,3,3,10789.605,0.0,0.0,0.0,0.0,359653.5
1780277,IT,TW,LANDT,MEDIC,0.07,10789.525,3,3,10789.525,0.0,0.0,0.0,0.0,154136.071429
1641432,IT,AT,GASDI,CERAM,0.02,10788.666,3,3,10788.666,0.0,0.0,0.0,0.0,539433.3
1652883,IT,CZ,MOTOR,MOTO1,0.02,10787.716,3,3,10787.716,0.0,0.0,0.0,0.0,539385.8
1650896,IT,BG,SEACO,MEATP,0.01,10787.657,3,3,10787.657,0.0,0.0,0.0,0.0,1078765.7
1769692,IT,AU,FABRI,MEMBE,0.04,10787.172,3,3,10787.172,0.0,0.0,0.0,0.0,269679.3
1715348,IT,NL,PRINT,TOBAC,0.1,10786.583,3,3,10786.583,0.0,0.0,0.0,0.0,107865.83
1673029,IT,FR,FOOD5,STONE,0.05,10786.538,3,3,10786.538,0.0,0.0,0.0,0.0,215730.76
1764930,IT,MX,SUPPO,WHOLE,0.08,10786.037,3,3,10786.037,0.0,0.0,0.0,0.0,134825.4625
1720929,IT,PL,RETAI,FORES,0.08,10785.174,3,3,10785.174,0.0,0.0,0.0,0.0,134814.675
1730649,IT,SE,RENTI,RETA1,0.06,10784.99,3,3,10784.99,0.0,0.0,0.0,0.0,179749.833333
1798489,IT,WE,NATUR,COMPU,0.02,10784.974,3,3,10784.974,0.0,0.0,0.0,0.0,539248.7
1786091,IT,ZA,NONME,RUBBE,0.02,10784.881,3,3,10784.881,0.0,0.0,0.0,0.0,539244.05
1762605,IT,IN,AUXIL,COMPU,0.2,10784.35,3,3,10784.35,0.0,0.0,0.0,0.0,53921.75
1728273,IT,SE,BEVER,FISH5,0.05,10784.261,3,3,10784.261,0.0,0.0,0.0,0.0,215685.22
1800743,IT,WE,NONME,MOTOR,0.02,10783.989,3,3,10783.989,0.0,0.0,0.0,0.0,539199.45
1649205,IT,BG,MOTOR,CEREA,0.02,10783.975,3,3,10783.975,0.0,0.0,0.0,0.0,539198.75
1664692,IT,EE,AIRTR,NONF1,0.01,10783.717,3,3,10783.717,0.0,0.0,0.0,0.0,1078371.7
1647867,IT,BE,AUXIL,RECRE,0.2,10783.501,3,3,10783.501,0.0,0.0,0.0,0.0,53917.505
1747415,IT,JP,LANDT,PROCE,0.07,10782.896,3,3,10782.896,0.0,0.0,0.0,0.0,154041.371429
1657555,IT,DE,GLASS,PFERT,0.03,10781.523,3,3,10781.523,0.0,0.0,0.0,0.0,359384.1
1766313,IT,RU,NONME,COKEO,0.02,10781.196,3,3,10781.196,0.0,0.0,0.0,0.0,539059.8
1734085,IT,SI,INSUR,MOTO1,0.22,10780.911,3,3,10780.911,0.0,0.0,0.0,0.0,49004.140909
1764529,IT,MX,CONST,MEMBE,0.06,10780.622,3,3,10780.622,0.0,0.0,0.0,0.0,179677.033333
1767041,IT,RU,FURNI,RAWMI,0.03,10780.531,3,3,10780.531,0.0,0.0,0.0,0.0,359351.033333
1813885,IT,WM,LANDT,FABRI,0.07,10780.33,3,3,10780.33,0.0,0.0,0.0,0.0,154004.714286
1678955,IT,GR,TEXTI,93197,0.06,10780.233,3,3,10780.233,0.0,0.0,0.0,0.0,179670.55
1782878,IT,NO,SEACO,PAPER,0.01,10780.116,3,3,10780.116,0.0,0.0,0.0,0.0,1078011.6
1653672,IT,CZ,ALUM1,RAILW,0.02,10780.053,3,3,10780.053,0.0,0.0,0.0,0.0,539002.65
1750592,IT,CN,OFFIC,FOUND,0.03,10780.009,3,3,10780.009,0.0,0.0,0.0,0.0,359333.633333
1802210,IT,WE,HOTEL,MEMBE,0.08,10778.778,3,3,10778.778,0.0,0.0,0.0,0.0,134734.725
1661337,IT,DK,MEATC,MEATP,0.04,10778.771,3,3,10778.771,0.0,0.0,0.0,0.0,269469.275
1812134,IT,WM,BRICK,POSTT,0.02,10778.758,3,3,10778.758,0.0,0.0,0.0,0.0,538937.9
1804086,IT,WF,PULP5,EDUCA,0.03,10778.505,3,3,10778.505,0.0,0.0,0.0,0.0,359283.5
1687410,IT,HU,HOTEL,AIRTR,0.08,10778.405,3,3,10778.405,0.0,0.0,0.0,0.0,134730.0625
1719041,IT,PL,HEAVY,CEMEN,0.02,10778.401,3,3,10778.401,0.0,0.0,0.0,0.0,538920.05
1799033,IT,WE,TEXTI,GLASS,0.06,10778.292,3,3,10778.292,0.0,0.0,0.0,0.0,179638.2
1658660,IT,DE,MACHI,PAPE4,0.06,10778.221,3,3,10778.221,0.0,0.0,0.0,0.0,179637.016667
1772854,IT,CH,BASIC,LIQUE,0.01,10778.122,3,3,10778.122,0.0,0.0,0.0,0.0,1077812.2
1786039,IT,ZA,CERAM,MACHI,0.02,10777.878,3,3,10777.878,0.0,0.0,0.0,0.0,538893.9
1723682,IT,PT,MACHI,GASDI,0.06,10777.42,3,3,10777.42,0.0,0.0,0.0,0.0,179623.666667
1791307,IT,WA,CONST,BUSIN,0.06,10776.929,3,3,10776.929,0.0,0.0,0.0,0.0,179615.483333
1678943,IT,GR,TEXTI,SEACO,0.06,10776.142,3,3,10776.142,0.0,0.0,0.0,0.0,179602.366667
1724582,IT,PT,FINAN,FOOD5,0.14,10775.821,3,3,10775.821,0.0,0.0,0.0,0.0,76970.15
1776117,IT,TR,LEATH,DAIRY,0.08,10775.804,4,4,10775.802,0.0,0.0,0.0,0.002,134697.55
1731281,IT,SI,MEAT4,WHOLE,0.06,10775.729,3,3,10775.729,0.0,0.0,0.0,0.0,179595.483333
1772031,IT,CH,PRINT,PLAST,0.1,10775.395,3,3,10775.395,0.0,0.0,0.0,0.0,107753.95
1766351,IT,RU,NONME,RENTI,0.02,10775.015,3,3,10775.015,0.0,0.0,0.0,0.0,538750.75
1712712,IT,LV,HOTEL,RETA1,0.08,10774.997,3,3,10774.997,0.0,0.0,0.0,0.0,134687.4625
1681065,IT,GR,SUPPO,MEATC,0.08,10774.784,3,3,10774.784,0.0,0.0,0.0,0.0,134684.8
1787575,IT,WA,MEATC,CHARC,0.04,10774.261,3,3,10774.261,0.0,0.0,0.0,0.0,269356.525
1740881,IT,US,DAIRY,RENTI,0.04,10774.181,3,3,10774.181,0.0,0.0,0.0,0.0,269354.525
1789251,IT,WA,PLAST,SUPPO,0.02,10773.48,3,3,10773.48,0.0,0.0,0.0,0.0,538674.0
1785880,IT,ZA,ADDIT,CERAM,0.02,10773.421,3,3,10773.421,0.0,0.0,0.0,0.0,538671.05
1640435,IT,AT,VEGE1,CERAM,0.03,10773.392,4,4,10773.39,0.0,0.0,0.0,0.002,359113.066667
1734992,IT,SK,NONSP,BUSIN,0.01,10773.168,3,3,10773.168,0.0,0.0,0.0,0.0,1077316.8
1683396,IT,HR,BASIC,NFERT,0.01,10773.053,3,3,10773.053,0.0,0.0,0.0,0.0,1077305.3
1774062,IT,CH,WHOLE,PIGS9,0.09,10772.909,3,3,10772.909,0.0,0.0,0.0,0.0,119698.988889
1799488,IT,WE,PAPER,ELEC4,0.04,10771.843,3,3,10771.843,0.0,0.0,0.0,0.0,269296.075
1680892,IT,GR,LANDT,MACHI,0.07,10771.666,3,3,10771.666,0.0,0.0,0.0,0.0,153880.942857
1745821,IT,JP,LEATH,ANIMA,0.08,10771.417,4,4,10771.415,0.0,0.0,0.0,0.002,134642.7125
1649674,IT,BG,CERAM,REALE,0.02,10770.841,3,3,10770.841,0.0,0.0,0.0,0.0,538542.05
1770088,IT,AU,WHOLE,MOTOR,0.09,10770.782,3,3,10770.782,0.0,0.0,0.0,0.0,119675.355556
1670839,IT,FI,NONSP,COKEO,0.01,10770.309,3,3,10770.309,0.0,0.0,0.0,0.0,1077030.9
1783884,IT,NO,WOOD2,REALE,0.06,10769.809,3,3,10769.809,0.0,0.0,0.0,0.0,179496.816667
1738861,IT,GB,TRANS,OFFIC,0.06,10769.255,3,3,10769.255,0.0,0.0,0.0,0.0,179487.583333
1750331,IT,CN,FABRI,MEATA,0.04,10769.113,3,3,10769.113,0.0,0.0,0.0,0.0,269227.825
1644406,IT,BE,MEATP,BUSIN,0.04,10769.049,3,3,10769.049,0.0,0.0,0.0,0.0,269226.225
1724142,IT,PT,RETA1,ELEC4,0.11,10768.258,3,3,10768.258,0.0,0.0,0.0,0.0,97893.254545
1646947,IT,BE,WHOLE,REALE,0.09,10767.194,3,3,10767.194,0.0,0.0,0.0,0.0,119635.488889
1741437,IT,US,MOTOR,WHITE,0.02,10766.983,3,3,10766.983,0.0,0.0,0.0,0.0,538349.15
1653178,IT,CZ,CHEM1,PAPE1,0.02,10766.445,3,3,10766.445,0.0,0.0,0.0,0.0,538322.25
1730220,IT,SE,LANDT,FOODW,0.07,10766.181,3,3,10766.181,0.0,0.0,0.0,0.0,153802.585714
1808753,IT,WF,WOOD2,PADDY,0.06,10766.102,3,3,10766.102,0.0,0.0,0.0,0.0,179435.033333
1804432,IT,WF,KERO1,SEACO,0.02,10765.785,3,3,10765.785,0.0,0.0,0.0,0.0,538289.25
1799273,IT,WE,LEATH,ELEC1,0.08,10765.129,4,4,10765.127,0.0,0.0,0.0,0.002,134564.1125
1730945,IT,SE,INTER,EDUCA,0.06,10764.428,3,3,10764.428,0.0,0.0,0.0,0.0,179407.133333
1780259,IT,TW,LANDT,KEROS,0.07,10764.278,3,3,10764.278,0.0,0.0,0.0,0.0,153775.4
1671824,IT,FI,RETA1,COPP1,0.11,10764.222,3,3,10764.222,0.0,0.0,0.0,0.0,97856.563636
1739496,IT,GB,LANDT,ELEC6,0.07,10763.389,3,3,10763.389,0.0,0.0,0.0,0.0,153762.7
1664394,IT,EE,MACHI,TEXTI,0.06,10761.993,3,3,10761.993,0.0,0.0,0.0,0.0,179366.55
1807240,IT,WF,SUPPO,ELEC4,0.08,10761.488,3,3,10761.488,0.0,0.0,0.0,0.0,134518.6
1711723,IT,LU,BUSIN,FURNI,0.11,10760.379,3,3,10760.379,0.0,0.0,0.0,0.0,97821.627273
1758816,IT,BR,RETA1,POSTT,0.11,10760.363,3,3,10760.363,0.0,0.0,0.0,0.0,97821.481818
1655100,IT,CZ,COMPU,EDUCA,0.12,10760.023,3,3,10760.023,0.0,0.0,0.0,0.0,89666.858333
1682398,IT,HR,PAPER,MEATP,0.04,10759.844,3,3,10759.844,0.0,0.0,0.0,0.0,268996.1
1663762,IT,EE,FOOD5,BUSIN,0.05,10759.047,3,3,10759.047,0.0,0.0,0.0,0.0,215180.94
1656421,IT,DE,WOODW,INTER,0.03,10758.817,3,3,10758.817,0.0,0.0,0.0,0.0,358627.233333
1687156,IT,HU,FURNI,CEMEN,0.03,10758.516,3,3,10758.516,0.0,0.0,0.0,0.0,358617.2
1677529,IT,FR,AUXIL,FOODW,0.2,10758.024,3,3,10758.024,0.0,0.0,0.0,0.0,53790.12
1719062,IT,PL,LIQUE,BUSIN,0.02,10757.732,3,3,10757.732,0.0,0.0,0.0,0.0,537886.6
1786517,IT,ZA,TRANS,RAILW,0.06,10757.269,3,3,10757.269,0.0,0.0,0.0,0.0,179287.816667
1711219,IT,LU,MACHI,FURNI,0.06,10757.152,3,3,10757.152,0.0,0.0,0.0,0.0,179285.866667
1663092,IT,DK,RAILW,MACHI,0.07,10757.129,3,3,10757.129,0.0,0.0,0.0,0.0,153673.271429
1791462,IT,WA,WHOLE,DISTR,0.09,10756.285,3,3,10756.285,0.0,0.0,0.0,0.0,119514.277778
1662049,IT,DK,CHEM1,MEAT1,0.02,10755.897,3,3,10755.897,0.0,0.0,0.0,0.0,537794.85
1791808,IT,WA,LANDT,FISH5,0.07,10755.742,3,3,10755.742,0.0,0.0,0.0,0.0,153653.457143
1773699,IT,CH,FURNI,RETAI,0.03,10755.684,3,3,10755.684,0.0,0.0,0.0,0.0,358522.8
1685457,IT,HU,WOODW,SALEM,0.03,10755.238,3,3,10755.238,0.0,0.0,0.0,0.0,358507.933333
1814543,IT,WM,BUSIN,COPPE,0.11,10755.226,3,3,10755.226,0.0,0.0,0.0,0.0,97774.781818
1771374,IT,CH,SUGA1,HOTEL,0.03,10755.043,4,4,10755.041,0.0,0.0,0.0,0.002,358501.433333
1730366,IT,SE,SUPPO,COMPU,0.08,10754.825,3,3,10754.825,0.0,0.0,0.0,0.0,134435.3125
1779069,IT,TR,SUPPO,MEAT1,0.08,10754.808,3,3,10754.808,0.0,0.0,0.0,0.0,134435.1
1722578,IT,PT,FISH5,LEATH,0.05,10754.79,4,4,10754.784,0.0,0.0,0.0,0.006,215095.8
1755025,IT,KR,WEARI,PLAST,0.08,10754.788,4,4,10754.786,0.0,0.0,0.0,0.002,134434.85
1764850,IT,MX,SEACO,RENTI,0.01,10754.692,3,3,10754.692,0.0,0.0,0.0,0.0,1075469.2
1734336,IT,SI,BUSIN,FINAN,0.11,10754.595,3,3,10754.595,0.0,0.0,0.0,0.0,97769.045455
1795433,IT,WL,BASIC,RECRE,0.01,10753.921,3,3,10753.921,0.0,0.0,0.0,0.0,1075392.1
1787122,IT,ZA,BUSIN,FINAN,0.11,10753.575,3,3,10753.575,0.0,0.0,0.0,0.0,97759.772727
1746924,IT,JP,MOTO1,PFERT,0.06,10753.192,3,3,10753.192,0.0,0.0,0.0,0.0,179219.866667
1735904,IT,SK,OFFIC,TRAN2,0.03,10753.126,3,3,10753.126,0.0,0.0,0.0,0.0,358437.533333
1784377,IT,ID,RUBBE,RECRE,0.04,10752.6,3,3,10752.6,0.0,0.0,0.0,0.0,268815.0
1646335,IT,BE,FABRI,VEGE1,0.04,10752.136,3,3,10752.136,0.0,0.0,0.0,0.0,268803.4
1679196,IT,GR,PRINT,BUSIN,0.1,10751.68,3,3,10751.68,0.0,0.0,0.0,0.0,107516.8
1812206,IT,WM,NONME,REFIN,0.02,10751.149,3,3,10751.149,0.0,0.0,0.0,0.0,537557.45
1661640,IT,DK,TEXTI,FISH5,0.06,10751.138,3,3,10751.138,0.0,0.0,0.0,0.0,179185.633333
1725908,IT,RO,BITU1,ELEC1,0.02,10750.96,3,3,10750.96,0.0,0.0,0.0,0.0,537548.0
1760891,IT,IN,GASDI,SALEM,0.02,10750.618,3,3,10750.618,0.0,0.0,0.0,0.0,537530.9
1789062,IT,WA,NAPHT,RESEA,0.02,10750.595,3,3,10750.595,0.0,0.0,0.0,0.0,537529.75
1654604,IT,CZ,RAILW,POSTT,0.07,10750.238,3,3,10750.238,0.0,0.0,0.0,0.0,153574.828571
1743461,IT,US,WHOLE,NONME,0.09,10750.197,3,3,10750.197,0.0,0.0,0.0,0.0,119446.633333
1688359,IT,IE,PROCE,MEATP,0.07,10748.968,3,3,10748.968,0.0,0.0,0.0,0.0,153556.685714
1788492,IT,WA,PULP5,FINAN,0.03,10748.875,3,3,10748.875,0.0,0.0,0.0,0.0,358295.833333
1736894,IT,SK,BUSIN,LANDT,0.11,10748.775,3,3,10748.775,0.0,0.0,0.0,0.0,97716.136364
1773606,IT,CH,TRANS,TRANS,0.06,10748.525,3,3,10748.525,0.0,0.0,0.0,0.0,179142.083333
1751807,IT,CN,AUXIL,AUXIL,0.2,10748.161,3,3,10748.161,0.0,0.0,0.0,0.0,53740.805
1712176,IT,LV,WOODW,CROPS,0.03,10748.031,3,3,10748.031,0.0,0.0,0.0,0.0,358267.7
1755525,IT,KR,CHEM1,COALT,0.02,10747.482,3,3,10747.482,0.0,0.0,0.0,0.0,537374.1
1649012,IT,BG,WOODW,FOOD5,0.03,10747.255,3,3,10747.255,0.0,0.0,0.0,0.0,358241.833333
1776717,IT,TR,HEAVY,93197,0.02,10746.674,3,3,10746.674,0.0,0.0,0.0,0.0,537333.7
1761747,IT,IN,MACHI,NONSP,0.06,10746.491,3,3,10746.491,0.0,0.0,0.0,0.0,179108.183333
1666152,IT,ES,GASDI,INLAN,0.02,10746.436,3,3,10746.436,0.0,0.0,0.0,0.0,537321.8
1814507,IT,WM,RESEA,MOTO1,0.06,10746.254,3,3,10746.254,0.0,0.0,0.0,0.0,179104.233333
1716644,IT,NL,RETAI,HOTEL,0.08,10746.235,3,3,10746.235,0.0,0.0,0.0,0.0,134327.9375
1684304,IT,HR,AIRTR,HEALT,0.01,10746.112,3,3,10746.112,0.0,0.0,0.0,0.0,1074611.2
1774157,IT,CH,WHOLE,WOOD1,0.09,10746.081,3,3,10746.081,0.0,0.0,0.0,0.0,119400.9
1687670,IT,HU,AIRTR,COLLE,0.01,10745.749,3,3,10745.749,0.0,0.0,0.0,0.0,1074574.9
1649726,IT,BG,BASIC,LEADZ,0.01,10745.707,3,3,10745.707,0.0,0.0,0.0,0.0,1074570.7
1644998,IT,BE,WOODW,OILHA,0.03,10745.349,3,3,10745.349,0.0,0.0,0.0,0.0,358178.3
1658084,IT,DE,ALUM1,CATTL,0.02,10745.338,3,3,10745.338,0.0,0.0,0.0,0.0,537266.9
1684047,IT,HR,HOTEL,HEAVY,0.08,10745.264,3,3,10745.264,0.0,0.0,0.0,0.0,134315.8
1806694,IT,WF,WHOLE,TEXTI,0.09,10745.201,3,3,10745.201,0.0,0.0,0.0,0.0,119391.122222
1726827,IT,RO,WHOLE,RAILW,0.09,10745.015,3,3,10745.015,0.0,0.0,0.0,0.0,119389.055556
1651444,IT,CY,GASDI,FURNI,0.02,10743.727,3,3,10743.727,0.0,0.0,0.0,0.0,537186.35
1778348,IT,TR,RETAI,WEARI,0.08,10743.081,3,3,10743.081,0.0,0.0,0.0,0.0,134288.5125
1687189,IT,HU,CONST,CRUDE,0.06,10742.349,3,3,10742.349,0.0,0.0,0.0,0.0,179039.15
1735223,IT,SK,RUBBE,PUBLI,0.04,10741.919,3,3,10741.919,0.0,0.0,0.0,0.0,268547.975
1732733,IT,SI,CEMEN,COLLE,0.02,10741.836,3,3,10741.836,0.0,0.0,0.0,0.0,537091.8
1764309,IT,MX,OFFIC,BEVER,0.03,10741.76,3,3,10741.76,0.0,0.0,0.0,0.0,358058.666667
1749427,IT,CN,KEROS,EDUCA,0.02,10741.534,3,3,10741.534,0.0,0.0,0.0,0.0,537076.7
1642230,IT,AT,NONME,NATU1,0.02,10741.133,3,3,10741.133,0.0,0.0,0.0,0.0,537056.65
1785354,IT,ZA,WOODW,CEMEN,0.03,10741.028,3,3,10741.028,0.0,0.0,0.0,0.0,358034.266667
1767199,IT,RU,RETA1,ALUM1,0.11,10741.026,3,3,10741.026,0.0,0.0,0.0,0.0,97645.690909
1640301,IT,AT,SANDC,DIST1,0.02,10740.75,4,4,10738.75,0.0,0.0,2.0,0.0,537037.5
1738670,IT,GB,MACHI,HEAVY,0.06,10740.151,3,3,10740.151,0.0,0.0,0.0,0.0,179002.516667
1670704,IT,FI,WOODW,RESEA,0.03,10739.609,3,3,10739.609,0.0,0.0,0.0,0.0,357986.966667
1731765,IT,SI,PAPER,SANDC,0.04,10739.541,3,3,10739.541,0.0,0.0,0.0,0.0,268488.525
1656700,IT,DE,MOTOR,RAWMI,0.02,10739.528,3,3,10739.528,0.0,0.0,0.0,0.0,536976.4
1803123,IT,WF,VEGET,CHARC,0.04,10739.348,3,3,10739.348,0.0,0.0,0.0,0.0,268483.7
1738290,IT,GB,BASIC,BITUM,0.01,10739.018,3,3,10739.018,0.0,0.0,0.0,0.0,1073901.8
1726064,IT,RO,RUBBE,LIGNI,0.04,10738.896,3,3,10738.896,0.0,0.0,0.0,0.0,268472.4
1757415,IT,BR,WOODW,WHOLE,0.03,10737.699,3,3,10737.699,0.0,0.0,0.0,0.0,357923.3
1668952,IT,ES,AIRTR,BIOGA,0.01,10736.956,3,3,10736.956,0.0,0.0,0.0,0.0,1073695.6
1764161,IT,MX,FABRI,WASTE,0.04,10736.776,3,3,10736.776,0.0,0.0,0.0,0.0,268419.4
1746748,IT,JP,FABRI,RECRE,0.04,10736.4,3,3,10736.4,0.0,0.0,0.0,0.0,268410.0
1744075,IT,US,SUPPO,CATTL,0.08,10735.995,3,3,10735.995,0.0,0.0,0.0,0.0,134199.9375
1779017,IT,TR,AIRTR,ALUM1,0.01,10735.958,3,3,10735.958,0.0,0.0,0.0,0.0,1073595.8
1756012,IT,KR,COPP1,SALEM,0.03,10735.797,3,3,10735.797,0.0,0.0,0.0,0.0,357859.9
1763733,IT,MX,GLASS,SANDC,0.03,10735.219,3,3,10735.219,0.0,0.0,0.0,0.0,357840.633333
1713142,IT,MT,BEVER,BUSIN,0.05,10734.76,3,3,10734.76,0.0,0.0,0.0,0.0,214695.2
1649813,IT,BG,ALUM1,MEAT1,0.02,10734.085,3,3,10734.085,0.0,0.0,0.0,0.0,536704.25
1670615,IT,FI,WEARI,PUBLI,0.08,10734.036,4,4,10734.034,0.0,0.0,0.0,0.002,134175.45
1791415,IT,WA,WHOLE,MEAT1,0.09,10733.676,3,3,10733.676,0.0,0.0,0.0,0.0,119263.066667
1774173,IT,CH,RETA1,CROPS,0.11,10733.053,3,3,10733.053,0.0,0.0,0.0,0.0,97573.209091
1719646,IT,PL,CEMEN,BITUM,0.02,10732.458,3,3,10732.458,0.0,0.0,0.0,0.0,536622.9
1718664,IT,PL,WOODW,LEATH,0.03,10732.038,3,3,10732.038,0.0,0.0,0.0,0.0,357734.6
1727406,IT,RO,FINAN,MOTO1,0.14,10731.326,3,3,10731.326,0.0,0.0,0.0,0.0,76652.328571
1795503,IT,WL,ALUM1,PULP5,0.02,10731.151,3,3,10731.151,0.0,0.0,0.0,0.0,536557.55
1663300,IT,DK,INLAN,BUSIN,0.02,10730.554,3,3,10730.554,0.0,0.0,0.0,0.0,536527.7
1650119,IT,BG,OFFIC,HOTEL,0.03,10730.444,3,3,10730.444,0.0,0.0,0.0,0.0,357681.466667
1723183,IT,PT,RUBBE,PFERT,0.04,10730.212,3,3,10730.212,0.0,0.0,0.0,0.0,268255.3
1775789,IT,TR,SANDC,FABRI,0.02,10730.075,4,4,10728.075,0.0,0.0,2.0,0.0,536503.75
1719017,IT,PL,GASDI,POULT,0.02,10729.954,3,3,10729.954,0.0,0.0,0.0,0.0,536497.7
1763513,IT,MX,CHEM1,FORES,0.02,10729.891,3,3,10729.891,0.0,0.0,0.0,0.0,536494.55
1771138,IT,CH,MEATC,RETAI,0.04,10729.791,3,3,10729.791,0.0,0.0,0.0,0.0,268244.775
1759564,IT,BR,COMPU,RUBBE,0.12,10729.453,3,3,10729.453,0.0,0.0,0.0,0.0,89412.108333
1792625,IT,WA,COMPU,93197,0.12,10729.061,3,3,10729.061,0.0,0.0,0.0,0.0,89408.841667
1785479,IT,ZA,PRINT,RECRE,0.1,10728.345,3,3,10728.345,0.0,0.0,0.0,0.0,107283.45
1727290,IT,RO,POSTT,MEATP,0.18,10728.161,3,3,10728.161,0.0,0.0,0.0,0.0,59600.894444
1719984,IT,PL,ALUM1,RAWMI,0.02,10728.042,3,3,10728.042,0.0,0.0,0.0,0.0,536402.1
1734798,IT,SK,WOODW,COMPU,0.03,10727.415,3,3,10727.415,0.0,0.0,0.0,0.0,357580.5
1753859,IT,CA,RETA1,MEAT1,0.11,10727.414,3,3,10727.414,0.0,0.0,0.0,0.0,97521.945455
1754527,IT,CA,BUSIN,ELEC3,0.11,10727.157,3,3,10727.157,0.0,0.0,0.0,0.0,97519.609091
1732983,IT,SI,ALUM1,INTER,0.02,10726.829,3,3,10726.829,0.0,0.0,0.0,0.0,536341.45
1665561,IT,ES,LEATH,FABRI,0.08,10726.714,4,4,10726.712,0.0,0.0,0.0,0.002,134083.925
1736364,IT,SK,LANDT,VEGET,0.07,10726.568,3,3,10726.568,0.0,0.0,0.0,0.0,153236.685714
1689331,IT,IE,RETA1,PAPER,0.11,10726.45,3,3,10726.45,0.0,0.0,0.0,0.0,97513.181818
1755708,IT,KR,RUBBE,MEMBE,0.04,10726.219,3,3,10726.219,0.0,0.0,0.0,0.0,268155.475
1715598,IT,NL,LIQUE,ELEC2,0.02,10725.896,3,3,10725.896,0.0,0.0,0.0,0.0,536294.8
1777201,IT,TR,RUBBE,NONFE,0.04,10725.26,3,3,10725.26,0.0,0.0,0.0,0.0,268131.5
1754899,IT,KR,TOBAC,FURNI,0.04,10724.303,3,3,10724.303,0.0,0.0,0.0,0.0,268107.575
1672793,IT,FR,MEATP,RESEA,0.04,10723.961,3,3,10723.961,0.0,0.0,0.0,0.0,268099.025
1667084,IT,ES,NONME,LANDT,0.02,10723.144,3,3,10723.144,0.0,0.0,0.0,0.0,536157.2
1731393,IT,SI,FOOD5,FISH5,0.05,10722.985,3,3,10722.985,0.0,0.0,0.0,0.0,214459.7
1804949,IT,WF,NONSP,PLAST,0.01,10722.521,3,3,10722.521,0.0,0.0,0.0,0.0,1072252.1
1715814,IT,NL,RUBBE,LEATH,0.04,10722.256,3,3,10722.256,0.0,0.0,0.0,0.0,268056.4
1778059,IT,TR,OFFIC,RENTI,0.03,10721.889,3,3,10721.889,0.0,0.0,0.0,0.0,357396.3
1641709,IT,AT,PLAST,COPP1,0.02,10721.44,3,3,10721.44,0.0,0.0,0.0,0.0,536072.0
1717973,IT,PL,SANDC,FOUND,0.02,10721.157,4,4,10719.157,0.0,0.0,2.0,0.0,536057.85
1730394,IT,SE,POSTT,STONE,0.18,10720.981,3,3,10720.981,0.0,0.0,0.0,0.0,59561.005556
1664546,IT,EE,FURNI,93197,0.03,10720.888,3,3,10720.888,0.0,0.0,0.0,0.0,357362.933333
1724411,IT,PT,AIRTR,PULP5,0.01,10720.618,3,3,10720.618,0.0,0.0,0.0,0.0,1072061.8
1748409,IT,CN,WOOLS,RETAI,0.04,10720.612,3,3,10720.612,0.0,0.0,0.0,0.0,268015.3
1737325,IT,GB,BEVER,GASDI,0.05,10720.611,3,3,10720.611,0.0,0.0,0.0,0.0,214412.22
1778207,IT,TR,FURNI,NONF1,0.03,10718.919,3,3,10718.919,0.0,0.0,0.0,0.0,357297.3
1774974,IT,CH,AUXIL,MACHI,0.2,10718.702,3,3,10718.702,0.0,0.0,0.0,0.0,53593.51
1685039,IT,HU,DAIRY,FABRI,0.04,10718.296,3,3,10718.296,0.0,0.0,0.0,0.0,267957.4
1722358,IT,PT,FISHF,RETA1,0.02,10718.101,3,3,10718.101,0.0,0.0,0.0,0.0,535905.05
1658803,IT,DE,MOTO1,PREC1,0.06,10717.86,3,3,10717.86,0.0,0.0,0.0,0.0,178631.0
1651220,IT,BG,BUSIN,RENTI,0.11,10717.806,3,3,10717.806,0.0,0.0,0.0,0.0,97434.6
1723876,IT,PT,FURNI,BEVER,0.03,10717.472,3,3,10717.472,0.0,0.0,0.0,0.0,357249.066667
1677017,IT,FR,SUPPO,MEATA,0.08,10717.088,3,3,10717.088,0.0,0.0,0.0,0.0,133963.6
1738449,IT,GB,LEAD1,CHEM1,0.02,10717.0,3,3,10717.0,0.0,0.0,0.0,0.0,535850.0
1759929,IT,BR,PLAS1,CRUDE,0.04,10716.9,3,3,10716.9,0.0,0.0,0.0,0.0,267922.5
1665596,IT,ES,LEATH,RECRE,0.08,10716.782,4,4,10716.78,0.0,0.0,0.0,0.002,133959.775
1747562,IT,JP,AIRTR,PETRO,0.01,10716.676,3,3,10716.676,0.0,0.0,0.0,0.0,1071667.6
1747134,IT,JP,CONST,BEVER,0.06,10716.388,3,3,10716.388,0.0,0.0,0.0,0.0,178606.466667
1715904,IT,NL,GLASS,POULT,0.03,10715.862,3,3,10715.862,0.0,0.0,0.0,0.0,357195.4
1743773,IT,US,LANDT,CERAM,0.07,10715.689,3,3,10715.689,0.0,0.0,0.0,0.0,153081.271429
1727415,IT,RO,FINAN,CONST,0.14,10715.591,3,3,10715.591,0.0,0.0,0.0,0.0,76539.935714
1667258,IT,ES,PREC1,EDUCA,0.02,10715.202,3,3,10715.202,0.0,0.0,0.0,0.0,535760.1
1655641,IT,DE,CHEMI,POULT,0.03,10715.182,4,4,10714.182,0.0,0.0,1.0,0.0,357172.733333
1690046,IT,IE,RENTI,SANDC,0.06,10714.879,3,3,10714.879,0.0,0.0,0.0,0.0,178581.316667
1649418,IT,BG,CHEM1,CHARC,0.02,10714.597,3,3,10714.597,0.0,0.0,0.0,0.0,535729.85
1746009,IT,JP,PAPER,CERAM,0.04,10714.498,3,3,10714.498,0.0,0.0,0.0,0.0,267862.45
1668298,IT,ES,WHOLE,COPP1,0.09,10714.037,3,3,10714.037,0.0,0.0,0.0,0.0,119044.855556
1751325,IT,CN,LANDT,LEAD1,0.07,10713.931,3,3,10713.931,0.0,0.0,0.0,0.0,153056.157143
1760567,IT,IN,LEATH,RENTI,0.08,10713.362,4,4,10713.36,0.0,0.0,0.0,0.002,133917.025
1685953,IT,HU,ADDIT,KEROS,0.02,10713.071,3,3,10713.071,0.0,0.0,0.0,0.0,535653.55
1734761,IT,SK,WOODW,BEVER,0.03,10713.012,3,3,10713.012,0.0,0.0,0.0,0.0,357100.4
1657358,IT,DE,BIODI,HOTEL,0.02,10712.563,3,3,10712.563,0.0,0.0,0.0,0.0,535628.15
1763244,IT,MX,WOODW,SALEM,0.03,10712.557,3,3,10712.557,0.0,0.0,0.0,0.0,357085.233333
1712541,IT,LV,FABRI,RECRE,0.04,10712.388,3,3,10712.388,0.0,0.0,0.0,0.0,267809.7
1759763,IT,BR,BUSIN,PREC1,0.11,10711.872,3,3,10711.872,0.0,0.0,0.0,0.0,97380.654545
1758720,IT,BR,RETAI,AIRTR,0.08,10711.806,3,3,10711.806,0.0,0.0,0.0,0.0,133897.575
1648782,IT,BG,BEVER,CEMEN,0.05,10711.788,3,3,10711.788,0.0,0.0,0.0,0.0,214235.76
1783347,IT,NO,PAPE1,FOOD4,0.08,10711.539,3,3,10711.539,0.0,0.0,0.0,0.0,133894.2375
1712350,IT,LV,RUBBE,POSTT,0.04,10710.596,3,3,10710.596,0.0,0.0,0.0,0.0,267764.9
1772226,IT,CH,GASDI,PAPE3,0.02,10710.364,3,3,10710.364,0.0,0.0,0.0,0.0,535518.2
1715420,IT,NL,MOTOR,ALUM1,0.02,10710.286,3,3,10710.286,0.0,0.0,0.0,0.0,535514.3
1810019,IT,WM,TEXTI,SANDC,0.06,10709.574,3,3,10709.574,0.0,0.0,0.0,0.0,178492.9
1670812,IT,FI,MOTOR,PLAST,0.02,10708.86,3,3,10708.86,0.0,0.0,0.0,0.0,535443.0
1752771,IT,CA,WOODW,MEDIC,0.03,10708.773,3,3,10708.773,0.0,0.0,0.0,0.0,356959.1
1774982,IT,CH,AUXIL,LANDT,0.2,10707.791,3,3,10707.791,0.0,0.0,0.0,0.0,53538.955
1650157,IT,BG,MOTO1,ALUM1,0.06,10707.434,3,3,10707.434,0.0,0.0,0.0,0.0,178457.233333
1804741,IT,WF,NAPHT,FORES,0.02,10707.211,3,3,10707.211,0.0,0.0,0.0,0.0,535360.55
1732739,IT,SI,CEMEN,LANDT,0.02,10706.784,3,3,10706.784,0.0,0.0,0.0,0.0,535339.2
1725362,IT,RO,TEXTI,LIGNI,0.06,10706.622,3,3,10706.622,0.0,0.0,0.0,0.0,178443.7
1800115,IT,WE,NAPHT,BIOGA,0.02,10706.258,3,3,10706.258,0.0,0.0,0.0,0.0,535312.9
1673367,IT,FR,TEXTI,FOOD1,0.06,10705.525,3,3,10705.525,0.0,0.0,0.0,0.0,178425.416667
1664207,IT,EE,CERAM,RADIO,0.02,10705.407,3,3,10705.407,0.0,0.0,0.0,0.0,535270.35
1797565,IT,WL,PUBLI,BIODI,0.18,10705.117,3,3,10705.117,0.0,0.0,0.0,0.0,59472.872222
1718553,IT,PL,WEARI,TRANS,0.08,10705.05,4,4,10705.048,0.0,0.0,0.0,0.002,133813.125
1673719,IT,FR,PAPER,NFERT,0.04,10704.329,3,3,10704.329,0.0,0.0,0.0,0.0,267608.225
1765310,IT,RU,SUGA1,FOOD5,0.03,10704.181,4,4,10704.179,0.0,0.0,0.0,0.002,356806.033333
1721435,IT,PL,AIRTR,KEROS,0.01,10704.089,3,3,10704.089,0.0,0.0,0.0,0.0,1070408.9
1778834,IT,TR,LANDT,RENTI,0.07,10703.874,3,3,10703.874,0.0,0.0,0.0,0.0,152912.485714
1788719,IT,WA,MOTOR,BITU1,0.02,10703.774,3,3,10703.774,0.0,0.0,0.0,0.0,535188.7
1781651,IT,NO,LEATH,FOUND,0.08,10702.395,4,4,10702.393,0.0,0.0,0.0,0.002,133779.9375
1797803,IT,WL,OILHA,LANDT,0.06,10702.287,3,3,10702.287,0.0,0.0,0.0,0.0,178371.45
1767117,IT,RU,FURNI,INSUR,0.03,10701.925,3,3,10701.925,0.0,0.0,0.0,0.0,356730.833333
1781149,IT,TW,PAPE3,BASIC,0.03,10701.872,3,3,10701.872,0.0,0.0,0.0,0.0,356729.066667
1771112,IT,CH,SANDC,MACHI,0.02,10701.569,4,4,10699.569,0.0,0.0,2.0,0.0,535078.45
1776006,IT,TR,TEXTI,CHEMI,0.06,10701.132,3,3,10701.132,0.0,0.0,0.0,0.0,178352.2
1645485,IT,BE,PLAST,STONE,0.02,10700.795,3,3,10700.795,0.0,0.0,0.0,0.0,535039.75
1670192,IT,ES,RECRE,PLAST,0.14,10700.425,3,3,10700.425,0.0,0.0,0.0,0.0,76431.607143
1734235,IT,SI,RENTI,PUBLI,0.06,10700.212,3,3,10700.212,0.0,0.0,0.0,0.0,178336.866667
1742592,IT,US,ALUM1,COPP1,0.02,10699.728,3,3,10699.728,0.0,0.0,0.0,0.0,534986.4
1772830,IT,CH,BASIC,FISHF,0.01,10699.016,3,3,10699.016,0.0,0.0,0.0,0.0,1069901.6
1804720,IT,WF,LIQUE,RAILW,0.02,10698.778,3,3,10698.778,0.0,0.0,0.0,0.0,534938.9
1784968,IT,ID,INSUR,TRANS,0.22,10698.621,3,3,10698.621,0.0,0.0,0.0,0.0,48630.095455
1733872,IT,SI,SEACO,BASIC,0.01,10698.124,3,3,10698.124,0.0,0.0,0.0,0.0,1069812.4
1644918,IT,BE,LEATH,LANDT,0.08,10697.612,4,4,10697.61,0.0,0.0,0.0,0.002,133720.15
1787205,IT,WA,CEREA,POULT,0.02,10697.358,3,3,10697.358,0.0,0.0,0.0,0.0,534867.9
1776023,IT,TR,TEXTI,GASDI,0.06,10696.403,3,3,10696.403,0.0,0.0,0.0,0.0,178273.383333
1795485,IT,WL,ALUM1,IRONO,0.02,10696.392,3,3,10696.392,0.0,0.0,0.0,0.0,534819.6
1733798,IT,SI,LANDT,TRAN2,0.07,10696.348,3,3,10696.348,0.0,0.0,0.0,0.0,152804.971429
1689265,IT,IE,WHOLE,TRANS,0.09,10696.198,3,3,10696.198,0.0,0.0,0.0,0.0,118846.644444
1770420,IT,AU,SEACO,CATTL,0.01,10695.918,3,3,10695.918,0.0,0.0,0.0,0.0,1069591.8
1802416,IT,WE,AIRTR,CEMEN,0.01,10695.484,3,3,10695.484,0.0,0.0,0.0,0.0,1069548.4
1748516,IT,CN,CHEMI,CROPS,0.03,10694.231,4,4,10693.231,0.0,0.0,1.0,0.0,356474.366667
1716567,IT,NL,SALEM,PIGS9,0.09,10693.715,3,3,10693.715,0.0,0.0,0.0,0.0,118819.055556
1673176,IT,FR,BEVER,ELEC3,0.05,10693.442,3,3,10693.442,0.0,0.0,0.0,0.0,213868.84
1732374,IT,SI,PLAST,LIGNI,0.02,10693.285,3,3,10693.285,0.0,0.0,0.0,0.0,534664.25
1734520,IT,SK,DAIRY,RAWMI,0.04,10693.27,3,3,10693.27,0.0,0.0,0.0,0.0,267331.75
1736386,IT,SK,LANDT,SUGA1,0.07,10692.934,3,3,10692.934,0.0,0.0,0.0,0.0,152756.2
1644573,IT,BE,SUGA1,DAIRY,0.03,10692.857,4,4,10692.855,0.0,0.0,0.0,0.002,356428.566667
1739917,IT,GB,FINAN,PAPE4,0.14,10692.713,3,3,10692.713,0.0,0.0,0.0,0.0,76376.521429
1751145,IT,CN,HOTEL,OILSE,0.08,10692.583,3,3,10692.583,0.0,0.0,0.0,0.0,133657.2875
1686236,IT,HU,CERAM,FISH5,0.02,10692.489,3,3,10692.489,0.0,0.0,0.0,0.0,534624.45
1789707,IT,WA,RUBBE,WASTE,0.04,10691.502,3,3,10691.502,0.0,0.0,0.0,0.0,267287.55
1712747,IT,LV,LANDT,DAIRY,0.07,10691.063,3,3,10691.063,0.0,0.0,0.0,0.0,152729.471429
1786478,IT,ZA,MOTO1,SECO9,0.06,10690.929,3,3,10690.929,0.0,0.0,0.0,0.0,178182.15
1645244,IT,BE,COALT,OFFIC,0.02,10690.599,3,3,10690.599,0.0,0.0,0.0,0.0,534529.95
1787302,IT,WA,CROPS,ANIMA,0.08,10690.303,3,3,10690.303,0.0,0.0,0.0,0.0,133628.7875
1644538,IT,BE,PROCE,MEAT1,0.07,10690.292,3,3,10690.292,0.0,0.0,0.0,0.0,152718.457143
1755767,IT,KR,GLASS,RENTI,0.03,10689.148,3,3,10689.148,0.0,0.0,0.0,0.0,356304.933333
1687799,IT,HU,POSTT,OFFIC,0.18,10689.129,3,3,10689.129,0.0,0.0,0.0,0.0,59384.05
1644482,IT,BE,VEGE1,EDUCA,0.03,10688.923,4,4,10688.921,0.0,0.0,0.0,0.002,356297.433333
1791830,IT,WA,LANDT,CEMEN,0.07,10688.105,3,3,10688.105,0.0,0.0,0.0,0.0,152687.214286
1749883,IT,CN,RUBBE,INLAN,0.04,10687.707,3,3,10687.707,0.0,0.0,0.0,0.0,267192.675
1673155,IT,FR,BEVER,HEAVY,0.05,10687.47,3,3,10687.47,0.0,0.0,0.0,0.0,213749.4
1752469,IT,CA,DAIRY,LANDT,0.04,10686.433,3,3,10686.433,0.0,0.0,0.0,0.0,267160.825
1780764,IT,TW,RENTI,GLASS,0.06,10686.22,3,3,10686.22,0.0,0.0,0.0,0.0,178103.666667
1811780,IT,WM,ADDIT,ELEC6,0.02,10686.118,3,3,10686.118,0.0,0.0,0.0,0.0,534305.9
1650964,IT,BG,SUPPO,COPPE,0.08,10686.03,3,3,10686.03,0.0,0.0,0.0,0.0,133575.375
1807910,IT,WF,PLAS1,FORES,0.04,10685.705,3,3,10685.705,0.0,0.0,0.0,0.0,267142.625
1670706,IT,FI,WOODW,93197,0.03,10685.603,3,3,10685.603,0.0,0.0,0.0,0.0,356186.766667
1652391,IT,CZ,TEXTI,KEROS,0.06,10685.519,3,3,10685.519,0.0,0.0,0.0,0.0,178091.983333
1759604,IT,BR,COMPU,RESEA,0.12,10685.513,3,3,10685.513,0.0,0.0,0.0,0.0,89045.941667
1778870,IT,TR,TRAN2,TEXT2,0.02,10685.029,3,3,10685.029,0.0,0.0,0.0,0.0,534251.45
1789867,IT,WA,CERAM,INLAN,0.02,10684.619,3,3,10684.619,0.0,0.0,0.0,0.0,534230.95
1811660,IT,WM,CHEM1,ELEC4,0.02,10684.59,3,3,10684.59,0.0,0.0,0.0,0.0,534229.5
1675492,IT,FR,OFFIC,FOUND,0.03,10684.033,3,3,10684.033,0.0,0.0,0.0,0.0,356134.433333
1778028,IT,TR,OFFIC,RUBBE,0.03,10683.056,3,3,10683.056,0.0,0.0,0.0,0.0,356101.866667
1767381,IT,RU,LANDT,MEAT1,0.07,10682.945,3,3,10682.945,0.0,0.0,0.0,0.0,152613.5
1795510,IT,WL,ALUM1,HEAVY,0.02,10682.767,3,3,10682.767,0.0,0.0,0.0,0.0,534138.35
1783342,IT,NO,PAPE1,WOOD1,0.07,10682.697,3,3,10682.697,0.0,0.0,0.0,0.0,152609.957143
1654874,IT,CZ,POSTT,HOTEL,0.18,10681.483,3,3,10681.483,0.0,0.0,0.0,0.0,59341.572222
1738108,IT,GB,RUBBE,INERT,0.04,10681.08,3,3,10681.08,0.0,0.0,0.0,0.0,267027.0
1744171,IT,US,SUPPO,INERT,0.08,10681.021,3,3,10681.021,0.0,0.0,0.0,0.0,133512.7625
1792807,IT,WA,PUBLI,LEAD1,0.17,10680.513,3,3,10680.513,0.0,0.0,0.0,0.0,62826.547059
1749386,IT,CN,MOTOR,BITUM,0.02,10680.501,3,3,10680.501,0.0,0.0,0.0,0.0,534025.05
1784327,IT,ID,RUBBE,MEATA,0.04,10680.389,3,3,10680.389,0.0,0.0,0.0,0.0,267009.725
1757213,IT,BR,VEGE1,PLANT,0.03,10680.081,4,4,10680.079,0.0,0.0,0.0,0.002,356002.7
1676681,IT,FR,RAILW,PRINT,0.07,10678.933,3,3,10678.933,0.0,0.0,0.0,0.0,152556.185714
1776893,IT,TR,PLAST,FISH5,0.02,10678.847,3,3,10678.847,0.0,0.0,0.0,0.0,533942.35
1763285,IT,MX,PAPER,MOTOR,0.04,10677.985,3,3,10677.985,0.0,0.0,0.0,0.0,266949.625
1799472,IT,WE,PAPER,ALUM1,0.04,10677.913,3,3,10677.913,0.0,0.0,0.0,0.0,266947.825
1682473,IT,HR,PAPER,INTER,0.04,10677.715,3,3,10677.715,0.0,0.0,0.0,0.0,266942.875
1758791,IT,BR,RETA1,NONME,0.11,10677.64,3,3,10677.64,0.0,0.0,0.0,0.0,97069.454545
1646548,IT,BE,OFFIC,PREC1,0.03,10677.354,3,3,10677.354,0.0,0.0,0.0,0.0,355911.8
1722516,IT,PT,FOOD5,CONST,0.05,10677.313,3,3,10677.313,0.0,0.0,0.0,0.0,213546.26
1664123,IT,EE,RUBBE,PRINT,0.04,10676.872,3,3,10676.872,0.0,0.0,0.0,0.0,266921.8
1661140,IT,DE,RECRE,CONST,0.14,10676.871,3,3,10676.871,0.0,0.0,0.0,0.0,76263.364286
1728226,IT,SE,FOOD5,MACHI,0.05,10676.579,3,3,10676.579,0.0,0.0,0.0,0.0,213531.58
1734231,IT,SI,RENTI,REALE,0.06,10676.488,3,3,10676.488,0.0,0.0,0.0,0.0,177941.466667
1668688,IT,ES,LANDT,NICKE,0.07,10676.484,3,3,10676.484,0.0,0.0,0.0,0.0,152521.2
1720747,IT,PL,TRANS,ALUM1,0.06,10676.288,3,3,10676.288,0.0,0.0,0.0,0.0,177938.133333
1784506,IT,ID,FABRI,CERAM,0.04,10675.995,3,3,10675.995,0.0,0.0,0.0,0.0,266899.875
1793833,IT,WL,TEXTI,NFERT,0.06,10675.431,3,3,10675.431,0.0,0.0,0.0,0.0,177923.85
1669004,IT,ES,SUPPO,CROPS,0.08,10675.269,3,3,10675.269,0.0,0.0,0.0,0.0,133440.8625
1735736,IT,SK,FABRI,EDUCA,0.04,10675.146,3,3,10675.146,0.0,0.0,0.0,0.0,266878.65
1772236,IT,CH,HEAVY,LIQUE,0.02,10674.786,3,3,10674.786,0.0,0.0,0.0,0.0,533739.3
1758612,IT,BR,MOTO1,MEMBE,0.06,10674.589,3,3,10674.589,0.0,0.0,0.0,0.0,177909.816667
1776845,IT,TR,BITU1,LIQUE,0.02,10674.482,3,3,10674.482,0.0,0.0,0.0,0.0,533724.1
1792004,IT,WA,SEACO,FOOD4,0.01,10673.991,3,3,10673.991,0.0,0.0,0.0,0.0,1067399.1
1647199,IT,BE,LANDT,STONE,0.07,10673.629,3,3,10673.629,0.0,0.0,0.0,0.0,152480.414286
1684069,IT,HR,HOTEL,SECO9,0.08,10673.145,3,3,10673.145,0.0,0.0,0.0,0.0,133414.3125
1770003,IT,AU,FURNI,RUBBE,0.03,10673.066,3,3,10673.066,0.0,0.0,0.0,0.0,355768.866667
1778254,IT,TR,CONST,DIST1,0.06,10672.512,3,3,10672.512,0.0,0.0,0.0,0.0,177875.2
1653367,IT,CZ,GLASS,SUPPO,0.03,10671.85,3,3,10671.85,0.0,0.0,0.0,0.0,355728.333333
1681831,IT,HR,VEGE1,MEATP,0.03,10671.687,4,4,10671.685,0.0,0.0,0.0,0.002,355722.9
1783792,IT,NO,PLAS2,RESEA,0.09,10671.56,3,3,10671.56,0.0,0.0,0.0,0.0,118572.888889
1802371,IT,WE,SEACO,MOTO1,0.01,10671.069,3,3,10671.069,0.0,0.0,0.0,0.0,1067106.9
1790968,IT,WA,MOTO1,FOOD5,0.06,10670.861,3,3,10670.861,0.0,0.0,0.0,0.0,177847.683333
1800234,IT,WE,PLAST,NAPHT,0.02,10670.762,3,3,10670.762,0.0,0.0,0.0,0.0,533538.1
1757486,IT,BR,PAPER,LANDT,0.04,10670.692,3,3,10670.692,0.0,0.0,0.0,0.0,266767.3
1763267,IT,MX,PAPER,CHEMI,0.04,10670.516,3,3,10670.516,0.0,0.0,0.0,0.0,266762.9
1742228,IT,US,CERAM,BRICK,0.02,10670.248,3,3,10670.248,0.0,0.0,0.0,0.0,533512.4
1653835,IT,CZ,FABRI,MEATP,0.04,10670.23,3,3,10670.23,0.0,0.0,0.0,0.0,266755.75
1653211,IT,CZ,RUBBE,SANDC,0.04,10669.384,3,3,10669.384,0.0,0.0,0.0,0.0,266734.6
1652926,IT,CZ,GASDI,RETA1,0.02,10669.217,3,3,10669.217,0.0,0.0,0.0,0.0,533460.85
1767407,IT,RU,LANDT,CHEM1,0.07,10669.038,3,3,10669.038,0.0,0.0,0.0,0.0,152414.828571
1760821,IT,IN,MOTOR,PAPER,0.02,10668.88,3,3,10668.88,0.0,0.0,0.0,0.0,533444.0
1738296,IT,GB,BASIC,FISH5,0.01,10668.203,3,3,10668.203,0.0,0.0,0.0,0.0,1066820.3
1744868,IT,US,BUSIN,FORES,0.11,10667.475,3,3,10667.475,0.0,0.0,0.0,0.0,96977.045455
1764562,IT,MX,WHOLE,FISH5,0.09,10667.182,3,3,10667.182,0.0,0.0,0.0,0.0,118524.244444
1644746,IT,BE,FISH5,CROPS,0.04,10666.784,4,4,10666.779,0.0,0.0,0.0,0.005,266669.6
1653566,IT,CZ,BASIC,AIRTR,0.01,10666.633,3,3,10666.633,0.0,0.0,0.0,0.0,1066663.3
1661380,IT,DK,MEAT1,WOOD1,0.05,10666.471,3,3,10666.471,0.0,0.0,0.0,0.0,213329.42
1814505,IT,WM,RESEA,RADIO,0.06,10666.457,3,3,10666.457,0.0,0.0,0.0,0.0,177774.283333
1675681,IT,FR,TRANS,INLAN,0.06,10666.249,3,3,10666.249,0.0,0.0,0.0,0.0,177770.816667
1758408,IT,BR,FABRI,NONF1,0.04,10666.172,3,3,10666.172,0.0,0.0,0.0,0.0,266654.3
1688509,IT,IE,WOODW,PAPER,0.03,10665.235,3,3,10665.235,0.0,0.0,0.0,0.0,355507.833333
1675107,IT,FR,LEAD1,CERAM,0.02,10665.183,3,3,10665.183,0.0,0.0,0.0,0.0,533259.15
1784186,IT,ID,PAPER,INSUR,0.04,10664.863,3,3,10664.863,0.0,0.0,0.0,0.0,266621.575
1808360,IT,WF,FOOD3,BUSIN,0.03,10664.624,3,3,10664.624,0.0,0.0,0.0,0.0,355487.466667
1796370,IT,WL,WHOLE,VEGE1,0.09,10663.977,3,3,10663.977,0.0,0.0,0.0,0.0,118488.633333
1775421,IT,CH,PUBLI,93197,0.17,10663.784,3,3,10663.784,0.0,0.0,0.0,0.0,62728.141176
1723906,IT,PT,FURNI,COLLE,0.03,10663.607,3,3,10663.607,0.0,0.0,0.0,0.0,355453.566667
1681912,IT,HR,DAIRY,PUBLI,0.04,10663.302,3,3,10663.302,0.0,0.0,0.0,0.0,266582.55
1721526,IT,PL,SUPPO,NONME,0.08,10662.551,3,3,10662.551,0.0,0.0,0.0,0.0,133281.8875
1814655,IT,WM,PAPE1,PUBLI,0.07,10661.758,3,3,10661.758,0.0,0.0,0.0,0.0,152310.828571
1746043,IT,JP,PAPER,REALE,0.04,10661.657,3,3,10661.657,0.0,0.0,0.0,0.0,266541.425
1640625,IT,AT,BEVER,BIODI,0.05,10661.362,3,3,10661.362,0.0,0.0,0.0,0.0,213227.24
1798546,IT,WE,SANDC,INSUR,0.02,10661.025,4,4,10659.025,0.0,0.0,2.0,0.0,533051.25
1759012,IT,BR,LANDT,RETA1,0.07,10660.352,3,3,10660.352,0.0,0.0,0.0,0.0,152290.742857
1730745,IT,SE,BUSIN,LEADZ,0.11,10660.304,3,3,10660.304,0.0,0.0,0.0,0.0,96911.854545
1687624,IT,HU,AIRTR,ANIMA,0.01,10659.477,3,3,10659.477,0.0,0.0,0.0,0.0,1065947.7
1715443,IT,NL,MOTOR,FINAN,0.02,10658.804,3,3,10658.804,0.0,0.0,0.0,0.0,532940.2
1644626,IT,BE,FOOD5,ELEC2,0.05,10658.603,3,3,10658.603,0.0,0.0,0.0,0.0,213172.06
1656590,IT,DE,PRINT,BIOGA,0.1,10658.307,3,3,10658.307,0.0,0.0,0.0,0.0,106583.07
1802926,IT,WF,PADDY,SUGA1,0.11,10658.229,3,3,10658.229,0.0,0.0,0.0,0.0,96892.990909
1753202,IT,CA,GLASS,SALEM,0.03,10658.056,3,3,10658.056,0.0,0.0,0.0,0.0,355268.533333
1795477,IT,WL,PREC1,BUSIN,0.02,10657.952,3,3,10657.952,0.0,0.0,0.0,0.0,532897.6
1715841,IT,NL,RUBBE,LEAD1,0.04,10657.59,3,3,10657.59,0.0,0.0,0.0,0.0,266439.75
1677888,IT,FR,BUSIN,BIODI,0.11,10657.103,3,3,10657.103,0.0,0.0,0.0,0.0,96882.754545
1736283,IT,SK,HOTEL,COPP1,0.08,10656.917,3,3,10656.917,0.0,0.0,0.0,0.0,133211.4625
1772086,IT,CH,PRINT,RECRE,0.1,10656.7,3,3,10656.7,0.0,0.0,0.0,0.0,106567.0
1644186,IT,BE,CEREA,MEATP,0.02,10656.4,3,3,10656.4,0.0,0.0,0.0,0.0,532820.0
1668830,IT,ES,TRAN2,BITU1,0.02,10656.334,3,3,10656.334,0.0,0.0,0.0,0.0,532816.7
1661803,IT,DK,WOODW,GLASS,0.03,10655.865,3,3,10655.865,0.0,0.0,0.0,0.0,355195.5
1736099,IT,SK,CONST,WOODW,0.06,10655.414,3,3,10655.414,0.0,0.0,0.0,0.0,177590.233333
1670459,IT,FI,BEVER,POULT,0.05,10655.399,3,3,10655.399,0.0,0.0,0.0,0.0,213107.98
1684841,IT,HU,CRUDE,STONE,0.02,10654.016,3,3,10654.016,0.0,0.0,0.0,0.0,532700.8
1729106,IT,SE,RUBBE,FOOD3,0.04,10653.847,3,3,10653.847,0.0,0.0,0.0,0.0,266346.175
1663836,IT,EE,TEXTI,PRINT,0.06,10653.699,3,3,10653.699,0.0,0.0,0.0,0.0,177561.65
1765940,IT,RU,CHEM1,PADDY,0.02,10653.326,3,3,10653.326,0.0,0.0,0.0,0.0,532666.3
1754386,IT,CA,RENTI,OILSE,0.06,10653.167,3,3,10653.167,0.0,0.0,0.0,0.0,177552.783333
1651855,IT,CY,AIRTR,FURNI,0.01,10653.126,3,3,10653.126,0.0,0.0,0.0,0.0,1065312.6
1712841,IT,LV,AUXIL,FURNI,0.19,10652.762,3,3,10652.762,0.0,0.0,0.0,0.0,56067.168421
1749116,IT,CN,WOODW,COPP1,0.03,10652.527,3,3,10652.527,0.0,0.0,0.0,0.0,355084.233333
1731116,IT,SI,FISHF,LANDT,0.02,10652.408,3,3,10652.408,0.0,0.0,0.0,0.0,532620.4
1687968,IT,HU,RENTI,CERAM,0.06,10651.619,3,3,10651.619,0.0,0.0,0.0,0.0,177526.983333
1798316,IT,WE,CROPS,ALUM1,0.08,10651.235,3,3,10651.235,0.0,0.0,0.0,0.0,133140.4375
1801063,IT,WE,COPP1,HEAVY,0.03,10651.227,3,3,10651.227,0.0,0.0,0.0,0.0,355040.9
1716980,IT,NL,LANDT,NATUR,0.07,10650.642,3,3,10650.642,0.0,0.0,0.0,0.0,152152.028571
1744491,IT,US,REALE,CRUDE,0.45,10650.276,3,3,10650.276,0.0,0.0,0.0,0.0,23667.28
1735588,IT,SK,LEAD1,MOTO1,0.02,10649.946,3,3,10649.946,0.0,0.0,0.0,0.0,532497.3
1648977,IT,BG,LEATH,RUBBE,0.08,10649.761,4,4,10649.759,0.0,0.0,0.0,0.002,133122.0125
1651170,IT,BG,BUSIN,PRINT,0.11,10649.415,3,3,10649.415,0.0,0.0,0.0,0.0,96812.863636
1748503,IT,CN,SANDC,FOUND,0.02,10648.867,4,4,10646.867,0.0,0.0,2.0,0.0,532443.35
1670910,IT,FI,CHEM1,MEATC,0.02,10648.841,3,3,10648.841,0.0,0.0,0.0,0.0,532442.05
1682365,IT,HR,WOODW,POSTT,0.03,10648.604,3,3,10648.604,0.0,0.0,0.0,0.0,354953.466667
1799365,IT,WE,PULP5,CRUDE,0.03,10648.379,3,3,10648.379,0.0,0.0,0.0,0.0,354945.966667
1640341,IT,AT,CHEMI,WHOLE,0.03,10648.22,4,4,10647.22,0.0,0.0,1.0,0.0,354940.666667
1779477,IT,TR,RENTI,KEROS,0.06,10647.871,3,3,10647.871,0.0,0.0,0.0,0.0,177464.516667
1771819,IT,CH,WOODW,TEXTI,0.03,10647.662,3,3,10647.662,0.0,0.0,0.0,0.0,354922.066667
1779181,IT,TR,POSTT,NONME,0.18,10647.421,3,3,10647.421,0.0,0.0,0.0,0.0,59152.338889
1773235,IT,CH,FABRI,BIOG1,0.04,10645.886,3,3,10645.886,0.0,0.0,0.0,0.0,266147.15
1786895,IT,ZA,SEACO,WASTE,0.01,10645.747,3,3,10645.747,0.0,0.0,0.0,0.0,1064574.7
1685658,IT,HU,GASDI,RETA1,0.02,10645.681,3,3,10645.681,0.0,0.0,0.0,0.0,532284.05
1750625,IT,CN,OFFIC,AUXIL,0.03,10645.3,3,3,10645.3,0.0,0.0,0.0,0.0,354843.333333
1653359,IT,CZ,GLASS,STEAM,0.03,10645.277,3,3,10645.277,0.0,0.0,0.0,0.0,354842.566667
1640888,IT,AT,LEATH,FOUND,0.08,10644.944,4,4,10644.942,0.0,0.0,0.0,0.002,133061.8
1812633,IT,WM,COPP1,COPPE,0.03,10644.836,3,3,10644.836,0.0,0.0,0.0,0.0,354827.866667
1680122,IT,GR,OFFIC,CEMEN,0.03,10644.163,3,3,10644.163,0.0,0.0,0.0,0.0,354805.433333
1733342,IT,SI,TRANS,BEVER,0.06,10644.066,3,3,10644.066,0.0,0.0,0.0,0.0,177401.1
1711262,IT,LU,MOTO1,SALEM,0.06,10643.938,3,3,10643.938,0.0,0.0,0.0,0.0,177398.966667
1786365,IT,ZA,MACHI,TOBAC,0.06,10643.104,3,3,10643.104,0.0,0.0,0.0,0.0,177385.066667
1728834,IT,SE,PLAST,BIODI,0.02,10642.867,3,3,10642.867,0.0,0.0,0.0,0.0,532143.35
1687751,IT,HU,SUPPO,CONST,0.08,10642.255,3,3,10642.255,0.0,0.0,0.0,0.0,133028.1875
1687121,IT,HU,TRANS,RETAI,0.06,10641.141,3,3,10641.141,0.0,0.0,0.0,0.0,177352.35
1748571,IT,CN,VEGE1,BIODI,0.03,10640.832,4,4,10640.83,0.0,0.0,0.0,0.002,354694.4
1755749,IT,KR,GLASS,DIST1,0.03,10640.607,3,3,10640.607,0.0,0.0,0.0,0.0,354686.9
1652110,IT,CZ,CHEMI,LIQUE,0.03,10640.239,4,4,10639.239,0.0,0.0,1.0,0.0,354674.633333
1727397,IT,RO,FINAN,RUBBE,0.14,10640.063,3,3,10640.063,0.0,0.0,0.0,0.0,76000.45
1800688,IT,WE,BRICK,TOBAC,0.02,10639.985,3,3,10639.985,0.0,0.0,0.0,0.0,531999.25
1659938,IT,DE,TRAN2,HOTEL,0.02,10639.978,3,3,10639.978,0.0,0.0,0.0,0.0,531998.9
1765704,IT,RU,PAPER,STEAM,0.04,10639.69,3,3,10639.69,0.0,0.0,0.0,0.0,265992.25
1687487,IT,HU,LANDT,MEATA,0.07,10639.417,3,3,10639.417,0.0,0.0,0.0,0.0,151991.671429
1737153,IT,GB,VEGE1,CONST,0.03,10638.805,4,4,10638.803,0.0,0.0,0.0,0.002,354626.833333
1664077,IT,EE,CHEM1,NONF1,0.02,10638.798,3,3,10638.798,0.0,0.0,0.0,0.0,531939.9
1751858,IT,CN,RENTI,RENTI,0.06,10638.76,3,3,10638.76,0.0,0.0,0.0,0.0,177312.666667
1788823,IT,WA,KERO1,GASDI,0.02,10638.339,3,3,10638.339,0.0,0.0,0.0,0.0,531916.95
1771021,IT,CH,MEATA,HOTEL,0.06,10638.313,4,4,10638.311,0.0,0.0,0.0,0.002,177305.216667
1648348,IT,BE,HEALT,HEALT,0.06,10638.141,3,3,10638.141,0.0,0.0,0.0,0.0,177302.35
1685471,IT,HU,WOODW,RECRE,0.03,10637.942,3,3,10637.942,0.0,0.0,0.0,0.0,354598.066667
1710513,IT,LT,SUPPO,MEATP,0.08,10637.374,3,3,10637.374,0.0,0.0,0.0,0.0,132967.175
1783404,IT,NO,INTER,PLAST,0.06,10637.305,3,3,10637.305,0.0,0.0,0.0,0.0,177288.416667
1769337,IT,AU,GLASS,NONF1,0.03,10636.912,3,3,10636.912,0.0,0.0,0.0,0.0,354563.733333
1734421,IT,SK,VEGET,AUXIL,0.04,10636.704,3,3,10636.704,0.0,0.0,0.0,0.0,265917.6
1784002,IT,ID,FOOD5,HEALT,0.05,10636.496,3,3,10636.496,0.0,0.0,0.0,0.0,212729.92
1806514,IT,WF,TRANS,MEMBE,0.06,10636.174,3,3,10636.174,0.0,0.0,0.0,0.0,177269.566667
1729319,IT,SE,NONME,TRAN1,0.02,10635.479,3,3,10635.479,0.0,0.0,0.0,0.0,531773.95
1750148,IT,CN,PREC1,ELEC3,0.02,10634.905,3,3,10634.905,0.0,0.0,0.0,0.0,531745.25
1713783,IT,MT,MOTO1,RESEA,0.06,10634.632,3,3,10634.632,0.0,0.0,0.0,0.0,177243.866667
1669684,IT,ES,COMPU,TRANS,0.12,10634.618,3,3,10634.618,0.0,0.0,0.0,0.0,88621.816667
1813260,IT,WM,TRANS,CHARC,0.06,10634.571,3,3,10634.571,0.0,0.0,0.0,0.0,177242.85
1724581,IT,PT,FINAN,DAIRY,0.14,10634.514,3,3,10634.514,0.0,0.0,0.0,0.0,75960.814286
1742449,IT,US,BASIC,IRONO,0.01,10634.399,3,3,10634.399,0.0,0.0,0.0,0.0,1063439.9
1722150,IT,PL,BUSIN,SEACO,0.11,10634.208,3,3,10634.208,0.0,0.0,0.0,0.0,96674.618182
1663758,IT,EE,FOOD5,WHOLE,0.05,10634.083,3,3,10634.083,0.0,0.0,0.0,0.0,212681.66
1725654,IT,RO,PAPER,NATUR,0.04,10633.538,3,3,10633.538,0.0,0.0,0.0,0.0,265838.45
1650246,IT,BG,FURNI,EDUCA,0.03,10632.899,3,3,10632.899,0.0,0.0,0.0,0.0,354429.966667
1689921,IT,IE,AUXIL,POSTT,0.19,10632.74,3,3,10632.74,0.0,0.0,0.0,0.0,55961.789474
1796800,IT,WL,TRAN2,CHEM1,0.02,10632.498,3,3,10632.498,0.0,0.0,0.0,0.0,531624.9
1681803,IT,HR,MEAT1,VEGET,0.05,10632.42,3,3,10632.42,0.0,0.0,0.0,0.0,212648.4
1757151,IT,BR,STONE,HEALT,0.03,10632.174,4,4,10631.174,0.0,0.0,1.0,0.0,354405.8
1735489,IT,SK,BASIC,PAPE4,0.01,10632.035,3,3,10632.035,0.0,0.0,0.0,0.0,1063203.5
1644872,IT,BE,WEARI,HEALT,0.08,10631.089,4,4,10631.087,0.0,0.0,0.0,0.002,132888.6125
1655634,IT,DE,SANDC,93197,0.02,10630.551,4,4,10628.551,0.0,0.0,2.0,0.0,531527.55
1737122,IT,GB,MEAT4,DAIRY,0.06,10630.323,3,3,10630.323,0.0,0.0,0.0,0.0,177172.05
1674445,IT,FR,ADDIT,NONSP,0.02,10629.054,3,3,10629.054,0.0,0.0,0.0,0.0,531452.7
1687667,IT,HU,AIRTR,ELEC2,0.01,10629.014,3,3,10629.014,0.0,0.0,0.0,0.0,1062901.4
1709894,IT,LT,CEMEN,MEDIC,0.02,10628.983,3,3,10628.983,0.0,0.0,0.0,0.0,531449.15
1656348,IT,DE,WOODW,MEAT1,0.03,10628.595,3,3,10628.595,0.0,0.0,0.0,0.0,354286.5
1779258,IT,TR,FINAN,PFERT,0.14,10628.442,3,3,10628.442,0.0,0.0,0.0,0.0,75917.442857
1673838,IT,FR,PRINT,TRANS,0.1,10628.044,3,3,10628.044,0.0,0.0,0.0,0.0,106280.44
1732562,IT,SI,RUBBE,FINAN,0.04,10627.839,3,3,10627.839,0.0,0.0,0.0,0.0,265695.975
1653734,IT,CZ,COPP1,PLAST,0.03,10627.817,3,3,10627.817,0.0,0.0,0.0,0.0,354260.566667
1688405,IT,IE,BEVER,FORES,0.05,10627.81,3,3,10627.81,0.0,0.0,0.0,0.0,212556.2
1737276,IT,GB,FOOD5,SALEM,0.05,10627.075,3,3,10627.075,0.0,0.0,0.0,0.0,212541.5
1731425,IT,SI,FOOD5,RETAI,0.05,10626.687,3,3,10626.687,0.0,0.0,0.0,0.0,212533.74
1661997,IT,DK,PLAST,MEAT1,0.02,10626.642,3,3,10626.642,0.0,0.0,0.0,0.0,531332.1
1764584,IT,MX,WHOLE,FOUND,0.09,10625.985,3,3,10625.985,0.0,0.0,0.0,0.0,118066.5
1650243,IT,BG,FURNI,COMPU,0.03,10625.684,3,3,10625.684,0.0,0.0,0.0,0.0,354189.466667
1714037,IT,MT,HOTEL,TRAN1,0.08,10625.548,3,3,10625.548,0.0,0.0,0.0,0.0,132819.35
1768629,IT,AU,FISH5,RETA1,0.04,10625.534,4,4,10625.529,0.0,0.0,0.0,0.005,265638.35
1790791,IT,WA,MACHI,ETHAN,0.06,10625.336,3,3,10625.336,0.0,0.0,0.0,0.0,177088.933333
1796246,IT,WL,CONST,PADDY,0.06,10625.174,3,3,10625.174,0.0,0.0,0.0,0.0,177086.233333
1726900,IT,RO,RETA1,EDUCA,0.11,10624.446,3,3,10624.446,0.0,0.0,0.0,0.0,96585.872727
1796683,IT,WL,RAILW,FOOD5,0.07,10623.383,3,3,10623.383,0.0,0.0,0.0,0.0,151762.614286
1808492,IT,WF,FOOD4,RAILW,0.08,10622.89,3,3,10622.89,0.0,0.0,0.0,0.0,132786.125
1763130,IT,MX,WEARI,MEMBE,0.08,10622.646,4,4,10622.644,0.0,0.0,0.0,0.002,132783.075
1726563,IT,RO,OFFIC,BLAST,0.03,10622.21,3,3,10622.21,0.0,0.0,0.0,0.0,354073.666667
1646921,IT,BE,WHOLE,MEDIC,0.09,10622.052,3,3,10622.052,0.0,0.0,0.0,0.0,118022.8
1801671,IT,WE,FURNI,MEDIC,0.03,10622.039,3,3,10622.039,0.0,0.0,0.0,0.0,354067.966667
1786765,IT,ZA,HOTEL,CHEMI,0.08,10621.754,3,3,10621.754,0.0,0.0,0.0,0.0,132771.925
1793503,IT,WL,CHEMI,LEAD1,0.03,10621.25,4,4,10620.25,0.0,0.0,1.0,0.0,354041.666667
1731396,IT,SI,FOOD5,PULP5,0.05,10620.885,3,3,10620.885,0.0,0.0,0.0,0.0,212417.7
1790596,IT,WA,FABRI,PIGS9,0.04,10620.584,3,3,10620.584,0.0,0.0,0.0,0.0,265514.6
1736947,IT,GB,VEGET,DAIRY,0.04,10620.106,3,3,10620.106,0.0,0.0,0.0,0.0,265502.65
1731689,IT,SI,WOODW,RETAI,0.03,10620.039,3,3,10620.039,0.0,0.0,0.0,0.0,354001.3
1711159,IT,LU,FABRI,SALEM,0.04,10619.535,3,3,10619.535,0.0,0.0,0.0,0.0,265488.375
1759032,IT,BR,SEACO,VEGET,0.01,10619.49,3,3,10619.49,0.0,0.0,0.0,0.0,1061949.0
1656794,IT,DE,GASDI,BEVER,0.02,10619.261,3,3,10619.261,0.0,0.0,0.0,0.0,530963.05
1652346,IT,CZ,FISH5,MEAT4,0.04,10618.075,4,4,10618.07,0.0,0.0,0.0,0.005,265451.875
1742626,IT,US,LEAD1,MACHI,0.02,10617.948,3,3,10617.948,0.0,0.0,0.0,0.0,530897.4
1735145,IT,SK,RUBBE,PIGS9,0.04,10617.72,3,3,10617.72,0.0,0.0,0.0,0.0,265443.0
1784741,IT,ID,WHOLE,RETA1,0.09,10617.569,3,3,10617.569,0.0,0.0,0.0,0.0,117972.988889
1811734,IT,WM,ADDIT,LEATH,0.02,10617.377,3,3,10617.377,0.0,0.0,0.0,0.0,530868.85
1656365,IT,DE,WOODW,GASDI,0.03,10617.045,3,3,10617.045,0.0,0.0,0.0,0.0,353901.5
1684914,IT,HU,CHEMI,BEVER,0.03,10617.015,4,4,10616.015,0.0,0.0,1.0,0.0,353900.5
1795348,IT,WL,NONME,TRAN1,0.02,10616.534,3,3,10616.534,0.0,0.0,0.0,0.0,530826.7
1669113,IT,ES,SUPPO,93197,0.08,10615.538,3,3,10615.538,0.0,0.0,0.0,0.0,132694.225
1771611,IT,CH,TEXTI,FOOD2,0.06,10615.475,3,3,10615.475,0.0,0.0,0.0,0.0,176924.583333
1655097,IT,CZ,COMPU,RESEA,0.12,10615.456,3,3,10615.456,0.0,0.0,0.0,0.0,88462.133333
1682361,IT,HR,WOODW,LANDT,0.03,10615.366,3,3,10615.366,0.0,0.0,0.0,0.0,353845.533333
1646734,IT,BE,CONST,GASDI,0.06,10615.263,3,3,10615.263,0.0,0.0,0.0,0.0,176921.05
1771633,IT,CH,WEARI,PROCE,0.08,10614.798,4,4,10614.796,0.0,0.0,0.0,0.002,132684.975
1673315,IT,FR,TEXTI,PFERT,0.06,10614.453,3,3,10614.453,0.0,0.0,0.0,0.0,176907.55
1653094,IT,CZ,CHEM1,MEAT1,0.02,10614.32,3,3,10614.32,0.0,0.0,0.0,0.0,530716.0
1664531,IT,EE,FURNI,MACHI,0.03,10614.27,3,3,10614.27,0.0,0.0,0.0,0.0,353809.0
1718925,IT,PL,PRINT,ALUM1,0.1,10613.918,3,3,10613.918,0.0,0.0,0.0,0.0,106139.18
1809118,IT,WM,CROPS,BRICK,0.08,10613.759,3,3,10613.759,0.0,0.0,0.0,0.0,132671.9875
1722287,IT,PL,93197,HEALT,0.07,10613.633,3,3,10613.633,0.0,0.0,0.0,0.0,151623.328571
1689576,IT,IE,AIRTR,CERAM,0.01,10613.31,3,3,10613.31,0.0,0.0,0.0,0.0,1061331.0
1712666,IT,LV,CONST,MACHI,0.06,10613.136,3,3,10613.136,0.0,0.0,0.0,0.0,176885.6
1797520,IT,WL,BUSIN,PREC1,0.11,10613.099,3,3,10613.099,0.0,0.0,0.0,0.0,96482.718182
1777669,IT,TR,LEAD1,RENTI,0.02,10613.043,3,3,10613.043,0.0,0.0,0.0,0.0,530652.15
1785090,IT,ZA,CHEMI,OILSE,0.03,10612.486,4,4,10611.486,0.0,0.0,1.0,0.0,353749.533333
1671560,IT,FI,OFFIC,INTER,0.03,10611.897,3,3,10611.897,0.0,0.0,0.0,0.0,353729.9
1778015,IT,TR,OFFIC,MEAT4,0.03,10611.679,3,3,10611.679,0.0,0.0,0.0,0.0,353722.633333
1754570,IT,KR,CEREA,FOOD5,0.02,10611.619,3,3,10611.619,0.0,0.0,0.0,0.0,530580.95
1710046,IT,LT,FABRI,CEREA,0.04,10611.426,3,3,10611.426,0.0,0.0,0.0,0.0,265285.65
1751133,IT,CN,RETA1,COMPU,0.11,10610.749,3,3,10610.749,0.0,0.0,0.0,0.0,96461.354545
1732194,IT,SI,GASDI,PLAS2,0.02,10610.683,3,3,10610.683,0.0,0.0,0.0,0.0,530534.15
1730692,IT,SE,COMPU,MACHI,0.12,10610.332,3,3,10610.332,0.0,0.0,0.0,0.0,88419.433333
1773150,IT,CH,COPP1,BUSIN,0.03,10610.261,3,3,10610.261,0.0,0.0,0.0,0.0,353675.366667
1814323,IT,WM,FINAN,LIQUE,0.14,10610.243,3,3,10610.243,0.0,0.0,0.0,0.0,75787.45
1812230,IT,WM,NONME,OFFIC,0.02,10610.154,3,3,10610.154,0.0,0.0,0.0,0.0,530507.7
1720366,IT,PL,FABRI,WOOD2,0.04,10609.861,3,3,10609.861,0.0,0.0,0.0,0.0,265246.525
1734797,IT,SK,WOODW,RENTI,0.03,10609.628,3,3,10609.628,0.0,0.0,0.0,0.0,353654.266667
1681788,IT,HR,MEATC,DAIRY,0.04,10609.603,3,3,10609.603,0.0,0.0,0.0,0.0,265240.075
1723268,IT,PT,GLASS,BASIC,0.03,10609.54,3,3,10609.54,0.0,0.0,0.0,0.0,353651.333333
1716020,IT,NL,NONME,PIGS9,0.02,10608.712,3,3,10608.712,0.0,0.0,0.0,0.0,530435.6
1642186,IT,AT,BRICK,FABRI,0.02,10608.624,3,3,10608.624,0.0,0.0,0.0,0.0,530431.2
1664970,IT,ES,SANDC,FURNI,0.02,10608.421,4,4,10606.421,0.0,0.0,2.0,0.0,530421.05
1644713,IT,BE,BEVER,DIST1,0.05,10608.399,3,3,10608.399,0.0,0.0,0.0,0.0,212167.98
1769041,IT,AU,KEROS,RETA1,0.02,10608.092,3,3,10608.092,0.0,0.0,0.0,0.0,530404.6
1646914,IT,BE,WHOLE,NONF1,0.09,10607.501,3,3,10607.501,0.0,0.0,0.0,0.0,117861.122222
1662665,IT,DK,MACHI,NONF1,0.06,10607.493,3,3,10607.493,0.0,0.0,0.0,0.0,176791.55
1661254,IT,DK,VEGET,RADIO,0.04,10606.987,3,3,10606.987,0.0,0.0,0.0,0.0,265174.675
1683160,IT,HR,GLASS,MEAT4,0.03,10606.817,3,3,10606.817,0.0,0.0,0.0,0.0,353560.566667
1686581,IT,HU,ALUM1,COLLE,0.02,10606.601,3,3,10606.601,0.0,0.0,0.0,0.0,530330.05
1719699,IT,PL,NONME,BIODI,0.02,10605.8,3,3,10605.8,0.0,0.0,0.0,0.0,530290.0
1814318,IT,WM,FINAN,MOTOR,0.14,10605.605,3,3,10605.605,0.0,0.0,0.0,0.0,75754.321429
1645435,IT,BE,LIQUE,DIST1,0.02,10605.502,3,3,10605.502,0.0,0.0,0.0,0.0,530275.1
1662216,IT,DK,GLASS,LIQUE,0.03,10605.033,3,3,10605.033,0.0,0.0,0.0,0.0,353501.1
1729740,IT,SE,MACHI,HEAVY,0.06,10604.592,3,3,10604.592,0.0,0.0,0.0,0.0,176743.2
1803685,IT,WF,BEVER,PFERT,0.05,10603.128,3,3,10603.128,0.0,0.0,0.0,0.0,212062.56
1810282,IT,WM,LEATH,LANDT,0.08,10602.91,4,4,10602.908,0.0,0.0,0.0,0.002,132536.375
1644962,IT,BE,WOODW,COPP1,0.03,10602.379,3,3,10602.379,0.0,0.0,0.0,0.0,353412.633333
1731143,IT,SI,NATUR,HOTEL,0.01,10602.296,3,3,10602.296,0.0,0.0,0.0,0.0,1060229.6
1749983,IT,CN,CERAM,MEMBE,0.02,10601.856,3,3,10601.856,0.0,0.0,0.0,0.0,530092.8
1680633,IT,GR,SALEM,BUSIN,0.09,10601.621,3,3,10601.621,0.0,0.0,0.0,0.0,117795.788889
1746213,IT,JP,CHEM1,SUGA1,0.02,10601.139,3,3,10601.139,0.0,0.0,0.0,0.0,530056.95
1808423,IT,WF,FOOD4,PIGS9,0.08,10601.035,3,3,10601.035,0.0,0.0,0.0,0.0,132512.9375
1792223,IT,WA,POSTT,MEAT1,0.17,10600.834,3,3,10600.834,0.0,0.0,0.0,0.0,62357.847059
1789536,IT,WA,ADDIT,INLAN,0.02,10599.794,3,3,10599.794,0.0,0.0,0.0,0.0,529989.7
1795239,IT,WL,CERAM,VEGE1,0.02,10599.694,3,3,10599.694,0.0,0.0,0.0,0.0,529984.7
1814763,IT,WM,FOOD2,POSTT,0.06,10598.444,3,3,10598.444,0.0,0.0,0.0,0.0,176640.733333
1652746,IT,CZ,PAPER,TRAN1,0.04,10598.076,3,3,10598.076,0.0,0.0,0.0,0.0,264951.9
1671828,IT,FI,RETA1,FURNI,0.11,10597.625,3,3,10597.625,0.0,0.0,0.0,0.0,96342.045455
1766257,IT,RU,CERAM,KERO1,0.02,10597.546,3,3,10597.546,0.0,0.0,0.0,0.0,529877.3
1789402,IT,WA,CHEM1,ELEC6,0.02,10597.125,3,3,10597.125,0.0,0.0,0.0,0.0,529856.25
1669889,IT,ES,PUBLI,CONST,0.17,10596.965,3,3,10596.965,0.0,0.0,0.0,0.0,62335.088235
1681367,IT,GR,AUXIL,VEGET,0.19,10596.581,3,3,10596.581,0.0,0.0,0.0,0.0,55771.478947
1679245,IT,GR,GASDI,CEREA,0.02,10596.475,3,3,10596.475,0.0,0.0,0.0,0.0,529823.75
1750891,IT,CN,CONST,FORES,0.06,10596.083,3,3,10596.083,0.0,0.0,0.0,0.0,176601.383333
1802359,IT,WE,SEACO,GASDI,0.01,10594.733,3,3,10594.733,0.0,0.0,0.0,0.0,1059473.3
1681524,IT,GR,BUSIN,LIQUE,0.11,10594.376,3,3,10594.376,0.0,0.0,0.0,0.0,96312.509091
1784410,IT,ID,NONME,PLAST,0.02,10593.27,3,3,10593.27,0.0,0.0,0.0,0.0,529663.5
1686523,IT,HU,ALUM1,LIGNI,0.02,10592.743,3,3,10592.743,0.0,0.0,0.0,0.0,529637.15
1734556,IT,SK,FOOD5,PLAST,0.05,10592.645,3,3,10592.645,0.0,0.0,0.0,0.0,211852.9
1722449,IT,PT,VEGE1,HEALT,0.03,10592.597,4,4,10592.595,0.0,0.0,0.0,0.002,353086.566667
1785890,IT,ZA,ADDIT,ELECT,0.02,10592.398,3,3,10592.398,0.0,0.0,0.0,0.0,529619.9
1681118,IT,GR,SUPPO,TRAN2,0.08,10591.601,3,3,10591.601,0.0,0.0,0.0,0.0,132395.0125
1667867,IT,ES,MOTO1,CROPS,0.06,10591.29,3,3,10591.29,0.0,0.0,0.0,0.0,176521.5
1813278,IT,WM,TRANS,MEDIC,0.06,10591.177,3,3,10591.177,0.0,0.0,0.0,0.0,176519.616667
1750680,IT,CN,MOTO1,COPP1,0.06,10590.7,3,3,10590.7,0.0,0.0,0.0,0.0,176511.666667
1687690,IT,HU,AIRTR,SEWAG,0.01,10590.13,3,3,10590.13,0.0,0.0,0.0,0.0,1059013.0
1746028,IT,JP,PAPER,DIST1,0.04,10589.896,3,3,10589.896,0.0,0.0,0.0,0.0,264747.4
1742301,IT,US,CEMEN,PRINT,0.02,10589.748,3,3,10589.748,0.0,0.0,0.0,0.0,529487.4
1648792,IT,BG,BEVER,LANDT,0.05,10588.159,3,3,10588.159,0.0,0.0,0.0,0.0,211763.18
1663291,IT,DK,SEACO,PAPE1,0.01,10587.454,3,3,10587.454,0.0,0.0,0.0,0.0,1058745.4
1720484,IT,PL,MACHI,INLAN,0.06,10587.238,3,3,10587.238,0.0,0.0,0.0,0.0,176453.966667
1710410,IT,LT,RAILW,BIODI,0.07,10586.89,3,3,10586.89,0.0,0.0,0.0,0.0,151241.285714
1806605,IT,WF,SALEM,CATTL,0.09,10586.491,3,3,10586.491,0.0,0.0,0.0,0.0,117627.677778
1792158,IT,WA,SUPPO,GASDI,0.08,10586.176,3,3,10586.176,0.0,0.0,0.0,0.0,132327.2
1673246,IT,FR,FISH5,BIOGA,0.04,10586.163,4,4,10586.158,0.0,0.0,0.0,0.005,264654.075
1720592,IT,PL,OFFIC,RECRE,0.03,10586.049,3,3,10586.049,0.0,0.0,0.0,0.0,352868.3
1809810,IT,WM,FOOD5,MEDIC,0.05,10585.64,3,3,10585.64,0.0,0.0,0.0,0.0,211712.8
1651222,IT,BG,BUSIN,RESEA,0.11,10585.178,3,3,10585.178,0.0,0.0,0.0,0.0,96228.890909
1797903,IT,WL,WASTE,RETA1,0.03,10585.04,3,3,10585.04,0.0,0.0,0.0,0.0,352834.666667
1748811,IT,CN,TEXTI,RADIO,0.06,10584.967,3,3,10584.967,0.0,0.0,0.0,0.0,176416.116667
1672972,IT,FR,DAIRY,OILHA,0.04,10584.664,3,3,10584.664,0.0,0.0,0.0,0.0,264616.6
1797703,IT,WL,PLAS1,FURNI,0.04,10584.646,3,3,10584.646,0.0,0.0,0.0,0.0,264616.15
1663219,IT,DK,LANDT,93197,0.07,10584.606,3,3,10584.606,0.0,0.0,0.0,0.0,151208.657143
1660500,IT,DE,INSUR,FURNI,0.22,10584.496,3,3,10584.496,0.0,0.0,0.0,0.0,48111.345455
1809085,IT,WM,CROPS,STONE,0.08,10583.796,3,3,10583.796,0.0,0.0,0.0,0.0,132297.45
1744091,IT,US,SUPPO,TOBAC,0.08,10583.501,3,3,10583.501,0.0,0.0,0.0,0.0,132293.7625
1733348,IT,SI,TRANS,COPP1,0.06,10583.439,3,3,10583.439,0.0,0.0,0.0,0.0,176390.65
1717928,IT,PL,FISHF,RESEA,0.02,10583.253,3,3,10583.253,0.0,0.0,0.0,0.0,529162.65
1783905,IT,ID,VEGET,FOOD5,0.04,10582.859,3,3,10582.859,0.0,0.0,0.0,0.0,264571.475
1649566,IT,BG,RUBBE,RETAI,0.04,10582.424,3,3,10582.424,0.0,0.0,0.0,0.0,264560.6
1653176,IT,CZ,CHEM1,HEALT,0.02,10582.341,3,3,10582.341,0.0,0.0,0.0,0.0,529117.05
1751234,IT,CN,HOTEL,DISTR,0.08,10581.694,3,3,10581.694,0.0,0.0,0.0,0.0,132271.175
1679284,IT,GR,HEAVY,VEGE1,0.02,10581.546,3,3,10581.546,0.0,0.0,0.0,0.0,529077.3
1772145,IT,CH,KEROS,HEAVY,0.02,10581.451,3,3,10581.451,0.0,0.0,0.0,0.0,529072.55
1654756,IT,CZ,AIRTR,HOTEL,0.01,10581.293,3,3,10581.293,0.0,0.0,0.0,0.0,1058129.3
1663576,IT,DK,COMPU,PRIVA,0.12,10580.731,3,3,10580.731,0.0,0.0,0.0,0.0,88172.758333
1775945,IT,TR,FOOD5,RETA1,0.05,10580.569,3,3,10580.569,0.0,0.0,0.0,0.0,211611.38
1690037,IT,IE,RENTI,CEREA,0.06,10579.997,3,3,10579.997,0.0,0.0,0.0,0.0,176333.283333
1667365,IT,ES,LEAD1,POSTT,0.02,10579.956,3,3,10579.956,0.0,0.0,0.0,0.0,528997.8
1764513,IT,MX,CONST,LANDT,0.06,10578.895,3,3,10578.895,0.0,0.0,0.0,0.0,176314.916667
1769133,IT,AU,CHEM1,SUGA1,0.02,10578.858,3,3,10578.858,0.0,0.0,0.0,0.0,528942.9
1743195,IT,US,TRANS,BEVER,0.06,10578.112,3,3,10578.112,0.0,0.0,0.0,0.0,176301.866667
1756404,IT,KR,FURNI,INSUR,0.03,10577.894,3,3,10577.894,0.0,0.0,0.0,0.0,352596.466667
1669628,IT,ES,RENTI,WHOLE,0.06,10577.798,3,3,10577.798,0.0,0.0,0.0,0.0,176296.633333
1770409,IT,AU,LANDT,PUBLI,0.07,10577.454,3,3,10577.454,0.0,0.0,0.0,0.0,151106.485714
1744435,IT,US,AUXIL,ALUM1,0.19,10577.284,3,3,10577.284,0.0,0.0,0.0,0.0,55669.915789
1773908,IT,CH,ELE11,MACHI,0.16,10576.896,4,4,10576.89,0.0,0.0,0.0,0.006,66105.6
1760380,IT,IN,VEGE1,DAIRY,0.03,10576.382,4,4,10576.38,0.0,0.0,0.0,0.002,352546.066667
1732889,IT,SI,PREC1,LEATH,0.02,10575.886,3,3,10575.886,0.0,0.0,0.0,0.0,528794.3
1759599,IT,BR,COMPU,INSUR,0.12,10575.596,3,3,10575.596,0.0,0.0,0.0,0.0,88129.966667
1680642,IT,GR,RETAI,AIRTR,0.08,10574.834,3,3,10574.834,0.0,0.0,0.0,0.0,132185.425
1688965,IT,IE,MACHI,MEATA,0.06,10574.692,3,3,10574.692,0.0,0.0,0.0,0.0,176244.866667
1804428,IT,WF,KERO1,CHEMI,0.02,10574.35,3,3,10574.35,0.0,0.0,0.0,0.0,528717.5
1679005,IT,GR,LEATH,RECRE,0.08,10574.144,4,4,10574.142,0.0,0.0,0.0,0.002,132176.8
1801875,IT,WE,CONST,PRINT,0.06,10573.528,3,3,10573.528,0.0,0.0,0.0,0.0,176225.466667
1755892,IT,KR,BASIC,STONE,0.01,10573.424,3,3,10573.424,0.0,0.0,0.0,0.0,1057342.4
1671598,IT,FI,TRANS,WHOLE,0.06,10573.29,3,3,10573.29,0.0,0.0,0.0,0.0,176221.5
1754354,IT,CA,INSUR,RAILW,0.22,10573.273,3,3,10573.273,0.0,0.0,0.0,0.0,48060.331818
1653970,IT,CZ,MACHI,WEARI,0.06,10572.824,3,3,10572.824,0.0,0.0,0.0,0.0,176213.733333
1794828,IT,WL,PLAST,BIOG1,0.02,10572.695,3,3,10572.695,0.0,0.0,0.0,0.0,528634.75
1684752,IT,HU,VEGET,FOOD4,0.04,10572.257,3,3,10572.257,0.0,0.0,0.0,0.0,264306.425
1770340,IT,AU,RAILW,NATUR,0.07,10571.825,3,3,10571.825,0.0,0.0,0.0,0.0,151026.071429
1654353,IT,CZ,ELEC5,DISTR,0.13,10571.598,3,3,10571.598,0.0,0.0,0.0,0.0,81319.984615
1754610,IT,KR,FORES,PULP5,0.09,10571.26,4,4,10567.26,0.0,4.0,0.0,0.0,117458.444444
1688376,IT,IE,FOOD5,MEATA,0.05,10571.137,3,3,10571.137,0.0,0.0,0.0,0.0,211422.74
1757238,IT,BR,VEGE1,KEROS,0.03,10570.943,4,4,10570.941,0.0,0.0,0.0,0.002,352364.766667
1686521,IT,HU,ALUM1,ANIMA,0.02,10570.796,3,3,10570.796,0.0,0.0,0.0,0.0,528539.8
1688843,IT,IE,BASIC,PLAST,0.01,10570.446,3,3,10570.446,0.0,0.0,0.0,0.0,1057044.6
1674683,IT,FR,GLASS,BRICK,0.03,10570.086,3,3,10570.086,0.0,0.0,0.0,0.0,352336.2
1735894,IT,SK,OFFIC,DISTR,0.03,10569.582,3,3,10569.582,0.0,0.0,0.0,0.0,352319.4
1736174,IT,SK,WHOLE,FOOD5,0.09,10569.037,3,3,10569.037,0.0,0.0,0.0,0.0,117433.744444
1758648,IT,BR,FURNI,REFI1,0.03,10568.674,3,3,10568.674,0.0,0.0,0.0,0.0,352289.133333
1731862,IT,SI,PRINT,OFFIC,0.1,10568.395,3,3,10568.395,0.0,0.0,0.0,0.0,105683.95
1738405,IT,GB,ALUM1,DAIRY,0.02,10568.107,3,3,10568.107,0.0,0.0,0.0,0.0,528405.35
1679694,IT,GR,BRICK,CEMEN,0.02,10567.602,3,3,10567.602,0.0,0.0,0.0,0.0,528380.1
1649226,IT,BG,KEROS,FABRI,0.02,10567.194,3,3,10567.194,0.0,0.0,0.0,0.0,528359.7
1723790,IT,PT,OFFIC,FURNI,0.03,10566.922,3,3,10566.922,0.0,0.0,0.0,0.0,352230.733333
1753248,IT,CA,CERAM,COMPU,0.02,10566.755,3,3,10566.755,0.0,0.0,0.0,0.0,528337.75
1711450,IT,LU,LANDT,FOOD5,0.07,10566.648,3,3,10566.648,0.0,0.0,0.0,0.0,150952.114286
1671445,IT,FI,FABRI,TRAN2,0.04,10566.645,3,3,10566.645,0.0,0.0,0.0,0.0,264166.125
1688824,IT,IE,CEMEN,RENTI,0.02,10566.433,3,3,10566.433,0.0,0.0,0.0,0.0,528321.65
1647710,IT,BE,INSUR,HEAVY,0.22,10566.245,3,3,10566.245,0.0,0.0,0.0,0.0,48028.386364
1758541,IT,BR,MACHI,RENTI,0.06,10565.649,3,3,10565.649,0.0,0.0,0.0,0.0,176094.15
1757618,IT,BR,GASDI,INLAN,0.02,10565.262,3,3,10565.262,0.0,0.0,0.0,0.0,528263.1
1760100,IT,BR,FOOD1,FOOD4,0.05,10565.144,3,3,10565.144,0.0,0.0,0.0,0.0,211302.88
1814192,IT,WM,SUPPO,CEMEN,0.08,10565.061,3,3,10565.061,0.0,0.0,0.0,0.0,132063.2625
1814920,IT,WM,PRIVA,HEAVY,2.36,10564.984,4,4,10564.982,0.0,0.0,0.0,0.002,4476.688136
1747601,IT,JP,AIRTR,COKE1,0.01,10564.676,3,3,10564.676,0.0,0.0,0.0,0.0,1056467.6
1813797,IT,WM,RAILW,MOTOR,0.07,10564.302,3,3,10564.302,0.0,0.0,0.0,0.0,150918.6
1805809,IT,WF,PREC1,ELEC2,0.02,10563.336,3,3,10563.336,0.0,0.0,0.0,0.0,528166.8
1681780,IT,HR,CHEMI,TRAN2,0.03,10563.089,4,4,10562.089,0.0,0.0,1.0,0.0,352102.966667
1783400,IT,NO,INTER,FISHF,0.06,10563.022,3,3,10563.022,0.0,0.0,0.0,0.0,176050.366667
1802133,IT,WE,RETA1,RESEA,0.11,10562.661,3,3,10562.661,0.0,0.0,0.0,0.0,96024.190909
1713334,IT,MT,KERO1,HEALT,0.02,10562.179,3,3,10562.179,0.0,0.0,0.0,0.0,528108.95
1774512,IT,CH,LANDT,AIRTR,0.07,10561.743,3,3,10561.743,0.0,0.0,0.0,0.0,150882.042857
1652896,IT,CZ,KEROS,MACHI,0.02,10561.726,3,3,10561.726,0.0,0.0,0.0,0.0,528086.3
1646743,IT,BE,CONST,ALUM1,0.06,10561.622,3,3,10561.622,0.0,0.0,0.0,0.0,176027.033333
1709302,IT,LT,VEGET,RETA1,0.04,10561.479,3,3,10561.479,0.0,0.0,0.0,0.0,264036.975
1739821,IT,GB,FINAN,NATUR,0.14,10561.34,3,3,10561.34,0.0,0.0,0.0,0.0,75438.142857
1676143,IT,FR,CONST,OILSE,0.06,10561.167,3,3,10561.167,0.0,0.0,0.0,0.0,176019.45
1781979,IT,NO,RUBBE,PROCE,0.03,10561.147,3,3,10561.147,0.0,0.0,0.0,0.0,352038.233333
1757372,IT,BR,WEARI,PUBLI,0.08,10560.813,4,4,10560.811,0.0,0.0,0.0,0.002,132010.1625
1786674,IT,ZA,WHOLE,TRAN1,0.09,10560.721,3,3,10560.721,0.0,0.0,0.0,0.0,117341.344444
1741976,IT,US,CHEM1,FOOD2,0.02,10559.949,3,3,10559.949,0.0,0.0,0.0,0.0,527997.45
1662743,IT,DK,OFFIC,FURNI,0.03,10559.001,3,3,10559.001,0.0,0.0,0.0,0.0,351966.7
1750156,IT,CN,ALUM1,COKIN,0.02,10558.947,3,3,10558.947,0.0,0.0,0.0,0.0,527947.35
1723985,IT,PT,SALEM,COMPU,0.09,10558.943,3,3,10558.943,0.0,0.0,0.0,0.0,117321.588889
1660899,IT,DE,BUSIN,OILSE,0.11,10558.637,3,3,10558.637,0.0,0.0,0.0,0.0,95987.609091
1647325,IT,BE,TRAN2,RENTI,0.02,10558.24,3,3,10558.24,0.0,0.0,0.0,0.0,527912.0
1733933,IT,SI,SUPPO,WEARI,0.08,10557.726,3,3,10557.726,0.0,0.0,0.0,0.0,131971.575
1714619,IT,NL,MEATC,SUGA1,0.04,10557.429,3,3,10557.429,0.0,0.0,0.0,0.0,263935.725
1795883,IT,WL,OFFIC,MEDIC,0.03,10557.183,3,3,10557.183,0.0,0.0,0.0,0.0,351906.1
1646674,IT,BE,FURNI,MACHI,0.03,10557.13,3,3,10557.13,0.0,0.0,0.0,0.0,351904.333333
1792895,IT,WA,HEALT,MEAT1,0.05,10556.341,3,3,10556.341,0.0,0.0,0.0,0.0,211126.82
1757569,IT,BR,GASDI,PIGS9,0.02,10556.278,3,3,10556.278,0.0,0.0,0.0,0.0,527813.9
1655665,IT,DE,CHEMI,NUCLE,0.03,10555.898,4,4,10554.898,0.0,0.0,1.0,0.0,351863.266667
1648294,IT,BE,PUBLI,SALEM,0.17,10555.439,3,3,10555.439,0.0,0.0,0.0,0.0,62090.817647
1782884,IT,NO,SEACO,NAPHT,0.01,10555.219,3,3,10555.219,0.0,0.0,0.0,0.0,1055521.9
1669743,IT,ES,BUSIN,DAIRY,0.11,10555.045,3,3,10555.045,0.0,0.0,0.0,0.0,95954.954545
1669973,IT,ES,EDUCA,POSTT,0.26,10554.536,3,3,10554.536,0.0,0.0,0.0,0.0,40594.369231
1721922,IT,PL,RENTI,AUXIL,0.06,10554.306,3,3,10554.306,0.0,0.0,0.0,0.0,175905.1
1720201,IT,PL,COPP1,TRAN2,0.03,10554.251,3,3,10554.251,0.0,0.0,0.0,0.0,351808.366667
1790247,IT,WA,PREC1,ELEC4,0.02,10554.058,3,3,10554.058,0.0,0.0,0.0,0.0,527702.9
1647303,IT,BE,LANDT,WASTE,0.07,10553.853,3,3,10553.853,0.0,0.0,0.0,0.0,150769.328571
1739251,IT,GB,HOTEL,CROPS,0.08,10553.724,3,3,10553.724,0.0,0.0,0.0,0.0,131921.55
1784389,IT,ID,GLASS,TRANS,0.03,10553.578,3,3,10553.578,0.0,0.0,0.0,0.0,351785.933333
1729186,IT,SE,CERAM,OILSE,0.02,10553.385,3,3,10553.385,0.0,0.0,0.0,0.0,527669.25
1642840,IT,AT,OFFIC,EDUCA,0.03,10553.354,3,3,10553.354,0.0,0.0,0.0,0.0,351778.466667
1811636,IT,WM,CHEM1,CHARC,0.02,10553.089,3,3,10553.089,0.0,0.0,0.0,0.0,527654.45
1686781,IT,HU,FABRI,MEATC,0.04,10553.04,3,3,10553.04,0.0,0.0,0.0,0.0,263826.0
1668333,IT,ES,WHOLE,AUXIL,0.09,10552.459,3,3,10552.459,0.0,0.0,0.0,0.0,117249.544444
1641659,IT,AT,PETRO,BITU1,0.02,10551.969,3,3,10551.969,0.0,0.0,0.0,0.0,527598.45
1657738,IT,DE,CEMEN,COLLE,0.02,10551.876,3,3,10551.876,0.0,0.0,0.0,0.0,527593.8
1790489,IT,WA,COPP1,GLASS,0.03,10549.855,3,3,10549.855,0.0,0.0,0.0,0.0,351661.833333
1710213,IT,LT,OFFIC,MOTOR,0.03,10549.084,3,3,10549.084,0.0,0.0,0.0,0.0,351636.133333
1813801,IT,WM,RAILW,LIQUE,0.07,10548.983,3,3,10548.983,0.0,0.0,0.0,0.0,150699.757143
1778571,IT,TR,RETA1,TRAN2,0.11,10548.738,3,3,10548.738,0.0,0.0,0.0,0.0,95897.618182
1793805,IT,WL,TEXTI,BITUM,0.06,10548.405,3,3,10548.405,0.0,0.0,0.0,0.0,175806.75
1748819,IT,CN,TEXTI,ELEC3,0.06,10548.074,3,3,10548.074,0.0,0.0,0.0,0.0,175801.233333
1673875,IT,FR,PRINT,WASTE,0.1,10548.027,3,3,10548.027,0.0,0.0,0.0,0.0,105480.27
1672968,IT,FR,DAIRY,FOODW,0.04,10547.541,3,3,10547.541,0.0,0.0,0.0,0.0,263688.525
1799275,IT,WE,LEATH,ELEC4,0.08,10547.527,4,4,10547.525,0.0,0.0,0.0,0.002,131844.0875
1810308,IT,WM,WOODW,POULT,0.03,10547.414,3,3,10547.414,0.0,0.0,0.0,0.0,351580.466667
1720101,IT,PL,LEAD1,COKEO,0.02,10547.241,3,3,10547.241,0.0,0.0,0.0,0.0,527362.05
1673987,IT,FR,KEROS,RAILW,0.02,10547.026,3,3,10547.026,0.0,0.0,0.0,0.0,527351.3
1785029,IT,ID,BUSIN,OFFIC,0.11,10546.754,3,3,10546.754,0.0,0.0,0.0,0.0,95879.581818
1786965,IT,ZA,POSTT,BUSIN,0.17,10546.749,3,3,10546.749,0.0,0.0,0.0,0.0,62039.7
1739689,IT,GB,SUPPO,PULP5,0.08,10546.665,3,3,10546.665,0.0,0.0,0.0,0.0,131833.3125
1792925,IT,WA,HEALT,EDUCA,0.05,10546.125,3,3,10546.125,0.0,0.0,0.0,0.0,210922.5
1642160,IT,AT,CERAM,ELEC7,0.02,10546.009,3,3,10546.009,0.0,0.0,0.0,0.0,527300.45
1732284,IT,SI,NAPHT,ANIMA,0.02,10545.544,3,3,10545.544,0.0,0.0,0.0,0.0,527277.2
1723155,IT,PT,RUBBE,CATTL,0.03,10545.3,3,3,10545.3,0.0,0.0,0.0,0.0,351510.0
1656195,IT,DE,TEXTI,BASIC,0.06,10544.936,3,3,10544.936,0.0,0.0,0.0,0.0,175748.933333
1751528,IT,CN,SUPPO,POSTT,0.08,10544.196,3,3,10544.196,0.0,0.0,0.0,0.0,131802.45
1796418,IT,WL,WHOLE,MOTO1,0.09,10543.605,3,3,10543.605,0.0,0.0,0.0,0.0,117151.166667
1788712,IT,WA,MOTOR,KERO1,0.02,10543.48,3,3,10543.48,0.0,0.0,0.0,0.0,527174.0
1720746,IT,PL,TRANS,PREC1,0.06,10543.071,3,3,10543.071,0.0,0.0,0.0,0.0,175717.85
1679891,IT,GR,COPP1,ELEC1,0.03,10542.725,3,3,10542.725,0.0,0.0,0.0,0.0,351424.166667
1648750,IT,BG,FOOD5,RECRE,0.05,10542.421,3,3,10542.421,0.0,0.0,0.0,0.0,210848.42
1730922,IT,SE,INTER,FOUND,0.06,10541.894,3,3,10541.894,0.0,0.0,0.0,0.0,175698.233333
1742452,IT,US,BASIC,MEAT4,0.01,10541.861,3,3,10541.861,0.0,0.0,0.0,0.0,1054186.1
1743818,IT,US,LANDT,AUXIL,0.07,10541.536,3,3,10541.536,0.0,0.0,0.0,0.0,150593.371429
1764608,IT,MX,WHOLE,COMPU,0.09,10540.992,3,3,10540.992,0.0,0.0,0.0,0.0,117122.133333
1776866,IT,TR,PARAF,HYDRO,0.02,10540.76,3,3,10540.76,0.0,0.0,0.0,0.0,527038.0
1798675,IT,WE,VEGE1,TEXTI,0.03,10540.612,4,4,10540.61,0.0,0.0,0.0,0.002,351353.733333
1672292,IT,FI,RENTI,RETA1,0.06,10540.586,3,3,10540.586,0.0,0.0,0.0,0.0,175676.433333
1660754,IT,DE,RENTI,WOOD1,0.06,10540.58,3,3,10540.58,0.0,0.0,0.0,0.0,175676.333333
1709850,IT,LT,GLASS,MEATC,0.03,10540.461,3,3,10540.461,0.0,0.0,0.0,0.0,351348.7
1771466,IT,CH,BEVER,ELECT,0.04,10540.379,3,3,10540.379,0.0,0.0,0.0,0.0,263509.475
1641307,IT,AT,MOTOR,FOOD3,0.02,10539.87,3,3,10539.87,0.0,0.0,0.0,0.0,526993.5
1684535,IT,HR,BUSIN,PLAST,0.11,10539.679,3,3,10539.679,0.0,0.0,0.0,0.0,95815.263636
1770497,IT,AU,AIRTR,ELEC2,0.01,10539.575,3,3,10539.575,0.0,0.0,0.0,0.0,1053957.5
1725562,IT,RO,LEATH,RESEA,0.08,10539.472,4,4,10539.47,0.0,0.0,0.0,0.002,131743.4
1760018,IT,BR,INTER,TEXT2,0.06,10539.357,3,3,10539.357,0.0,0.0,0.0,0.0,175655.95
1651254,IT,CY,SANDC,RESEA,0.02,10539.131,4,4,10537.131,0.0,0.0,2.0,0.0,526956.55
1730658,IT,SE,RENTI,FINAN,0.06,10538.902,3,3,10538.902,0.0,0.0,0.0,0.0,175648.366667
1680655,IT,GR,WHOLE,BEVER,0.09,10538.898,3,3,10538.898,0.0,0.0,0.0,0.0,117098.866667
1811779,IT,WM,ADDIT,ELEC4,0.02,10538.786,3,3,10538.786,0.0,0.0,0.0,0.0,526939.3
1802408,IT,WE,AIRTR,BEVER,0.01,10538.649,3,3,10538.649,0.0,0.0,0.0,0.0,1053864.9
1657002,IT,DE,NAPHT,BEVER,0.02,10538.259,3,3,10538.259,0.0,0.0,0.0,0.0,526912.95
1663601,IT,DK,BUSIN,BEVER,0.11,10537.939,3,3,10537.939,0.0,0.0,0.0,0.0,95799.445455
1783078,IT,NO,INSUR,DISTR,0.22,10537.777,3,3,10537.777,0.0,0.0,0.0,0.0,47898.986364
1814297,IT,WM,POSTT,MEMBE,0.17,10537.387,3,3,10537.387,0.0,0.0,0.0,0.0,61984.629412
1714013,IT,MT,RETA1,FINAN,0.11,10537.163,3,3,10537.163,0.0,0.0,0.0,0.0,95792.390909
1720396,IT,PL,MACHI,SANDC,0.06,10536.799,3,3,10536.799,0.0,0.0,0.0,0.0,175613.316667
1689668,IT,IE,POSTT,OFFIC,0.17,10536.543,3,3,10536.543,0.0,0.0,0.0,0.0,61979.664706
1763921,IT,MX,BASIC,LIQUE,0.01,10536.402,3,3,10536.402,0.0,0.0,0.0,0.0,1053640.2
1662394,IT,DK,BASIC,INTER,0.01,10536.11,3,3,10536.11,0.0,0.0,0.0,0.0,1053611.0
1813215,IT,WM,TRANS,PLANT,0.06,10535.962,3,3,10535.962,0.0,0.0,0.0,0.0,175599.366667
1768331,IT,AU,CHEMI,WHOLE,0.03,10535.91,4,4,10534.91,0.0,0.0,1.0,0.0,351197.0
1743869,IT,US,SEACO,COKEO,0.01,10535.764,3,3,10535.764,0.0,0.0,0.0,0.0,1053576.4
1716575,IT,NL,SALEM,DAIRY,0.09,10535.7,3,3,10535.7,0.0,0.0,0.0,0.0,117063.333333
1665742,IT,ES,PAPER,ALUM1,0.04,10535.433,3,3,10535.433,0.0,0.0,0.0,0.0,263385.825
1644897,IT,BE,LEATH,NAPHT,0.08,10535.122,4,4,10535.12,0.0,0.0,0.0,0.002,131689.025
1778285,IT,TR,SALEM,WOODW,0.09,10534.595,3,3,10534.595,0.0,0.0,0.0,0.0,117051.055556
1687656,IT,HU,AIRTR,BRICK,0.01,10534.281,3,3,10534.281,0.0,0.0,0.0,0.0,1053428.1
1735967,IT,SK,MOTO1,RAILW,0.06,10533.781,3,3,10533.781,0.0,0.0,0.0,0.0,175563.016667
1678919,IT,GR,TEXTI,CEMEN,0.06,10533.65,3,3,10533.65,0.0,0.0,0.0,0.0,175560.833333
1802419,IT,WE,AIRTR,COPP1,0.01,10533.455,3,3,10533.455,0.0,0.0,0.0,0.0,1053345.5
1711318,IT,LU,WHOLE,CHEM1,0.09,10533.286,3,3,10533.286,0.0,0.0,0.0,0.0,117036.511111
1762372,IT,IN,POSTT,TEXTI,0.17,10533.224,3,3,10533.224,0.0,0.0,0.0,0.0,61960.141176
1767553,IT,RU,AIRTR,DIST1,0.01,10533.199,3,3,10533.199,0.0,0.0,0.0,0.0,1053319.9
1731450,IT,SI,BEVER,POULT,0.04,10533.103,3,3,10533.103,0.0,0.0,0.0,0.0,263327.575
1653743,IT,CZ,COPP1,CERAM,0.03,10533.101,3,3,10533.101,0.0,0.0,0.0,0.0,351103.366667
1753807,IT,CA,WHOLE,VEGET,0.09,10532.535,3,3,10532.535,0.0,0.0,0.0,0.0,117028.166667
1761818,IT,IN,OFFIC,WHOLE,0.03,10532.301,3,3,10532.301,0.0,0.0,0.0,0.0,351076.7
1776576,IT,TR,GASDI,FORES,0.02,10531.769,3,3,10531.769,0.0,0.0,0.0,0.0,526588.45
1679717,IT,GR,NONME,ELECT,0.02,10531.657,3,3,10531.657,0.0,0.0,0.0,0.0,526582.85
1724696,IT,PT,INSUR,INSUR,0.22,10530.966,3,3,10530.966,0.0,0.0,0.0,0.0,47868.027273
1681735,IT,HR,CRUDE,RETAI,0.02,10530.755,3,3,10530.755,0.0,0.0,0.0,0.0,526537.75
1740508,IT,GB,MEMBE,WHOLE,0.12,10530.725,3,3,10530.725,0.0,0.0,0.0,0.0,87756.041667
1758183,IT,BR,NONME,BUSIN,0.02,10530.599,3,3,10530.599,0.0,0.0,0.0,0.0,526529.95
1682066,IT,HR,FISH5,SUPPO,0.04,10530.459,4,4,10530.454,0.0,0.0,0.0,0.005,263261.475
1685439,IT,HU,WOODW,BIOGA,0.03,10530.267,3,3,10530.267,0.0,0.0,0.0,0.0,351008.9
1714878,IT,NL,BEVER,MEAT1,0.04,10529.613,3,3,10529.613,0.0,0.0,0.0,0.0,263240.325
1651169,IT,BG,BUSIN,PAPER,0.11,10529.259,3,3,10529.259,0.0,0.0,0.0,0.0,95720.536364
1731137,IT,SI,NATUR,MOTO1,0.01,10529.177,3,3,10529.177,0.0,0.0,0.0,0.0,1052917.7
1649445,IT,BG,CHEM1,TRAN1,0.02,10528.922,3,3,10528.922,0.0,0.0,0.0,0.0,526446.1
1738216,IT,GB,BRICK,RUBBE,0.02,10528.755,3,3,10528.755,0.0,0.0,0.0,0.0,526437.75
1663017,IT,DK,HOTEL,COPP1,0.08,10528.727,3,3,10528.727,0.0,0.0,0.0,0.0,131609.0875
1643511,IT,AT,TRAN2,NATU1,0.02,10528.509,3,3,10528.509,0.0,0.0,0.0,0.0,526425.45
1659280,IT,DE,SALEM,COMPU,0.08,10527.518,3,3,10527.518,0.0,0.0,0.0,0.0,131593.975
1675481,IT,FR,OFFIC,NFERT,0.03,10526.904,3,3,10526.904,0.0,0.0,0.0,0.0,350896.8
1647827,IT,BE,AUXIL,ELEC8,0.19,10526.849,3,3,10526.849,0.0,0.0,0.0,0.0,55404.468421
1660365,IT,DE,FINAN,BIODI,0.14,10526.601,3,3,10526.601,0.0,0.0,0.0,0.0,75190.007143
1709912,IT,LT,BASIC,CATTL,0.01,10525.98,3,3,10525.98,0.0,0.0,0.0,0.0,1052598.0
1718433,IT,PL,TOBAC,TOBAC,0.04,10525.91,3,3,10525.91,0.0,0.0,0.0,0.0,263147.75
1773919,IT,CH,SALEM,RAWMI,0.08,10525.718,3,3,10525.718,0.0,0.0,0.0,0.0,131571.475
1671101,IT,FI,RUBBE,INERT,0.03,10524.159,3,3,10524.159,0.0,0.0,0.0,0.0,350805.3
1688750,IT,IE,ADDIT,CERAM,0.02,10523.694,3,3,10523.694,0.0,0.0,0.0,0.0,526184.7
1719672,IT,PL,NONME,POULT,0.02,10523.594,3,3,10523.594,0.0,0.0,0.0,0.0,526179.7
1799381,IT,WE,PULP5,WHOLE,0.03,10523.421,3,3,10523.421,0.0,0.0,0.0,0.0,350780.7
1671193,IT,FI,NONME,PULP5,0.02,10523.071,3,3,10523.071,0.0,0.0,0.0,0.0,526153.55
1648142,IT,BE,BUSIN,CATTL,0.11,10522.581,3,3,10522.581,0.0,0.0,0.0,0.0,95659.827273
1797081,IT,WL,POSTT,OILSE,0.17,10522.414,3,3,10522.414,0.0,0.0,0.0,0.0,61896.552941
1733055,IT,SI,COPP1,ELEC1,0.03,10522.328,3,3,10522.328,0.0,0.0,0.0,0.0,350744.266667
1720760,IT,PL,TRANS,TRAN1,0.06,10522.152,3,3,10522.152,0.0,0.0,0.0,0.0,175369.2
1743419,IT,US,SALEM,INERT,0.08,10521.767,3,3,10521.767,0.0,0.0,0.0,0.0,131522.0875
1651277,IT,CY,FOOD5,POULT,0.05,10521.505,3,3,10521.505,0.0,0.0,0.0,0.0,210430.1
1774178,IT,CH,RETA1,ANIMA,0.11,10520.296,3,3,10520.296,0.0,0.0,0.0,0.0,95639.054545
1781850,IT,NO,PLAST,RETA1,0.02,10519.861,3,3,10519.861,0.0,0.0,0.0,0.0,525993.05
1752588,IT,CA,FISH5,WHOLE,0.04,10519.754,4,4,10519.749,0.0,0.0,0.0,0.005,262993.85
1773021,IT,CH,ALUM1,MOTOR,0.02,10519.158,3,3,10519.158,0.0,0.0,0.0,0.0,525957.9
1654795,IT,CZ,SUPPO,CEMEN,0.08,10518.823,3,3,10518.823,0.0,0.0,0.0,0.0,131485.2875
1721970,IT,PL,COMPU,BIODI,0.12,10518.742,3,3,10518.742,0.0,0.0,0.0,0.0,87656.183333
1789956,IT,WA,CEMEN,PUBLI,0.02,10518.629,3,3,10518.629,0.0,0.0,0.0,0.0,525931.45
1729844,IT,SE,MOTO1,BASIC,0.06,10517.638,3,3,10517.638,0.0,0.0,0.0,0.0,175293.966667
1752313,IT,CA,CHEMI,LEAD1,0.03,10516.537,4,4,10515.537,0.0,0.0,1.0,0.0,350551.233333
1771274,IT,CH,VEGE1,MEMBE,0.03,10516.518,4,4,10516.516,0.0,0.0,0.0,0.002,350550.6
1752810,IT,CA,PAPER,MOTOR,0.04,10516.289,3,3,10516.289,0.0,0.0,0.0,0.0,262907.225
1742945,IT,US,MACHI,COLLE,0.06,10515.026,3,3,10515.026,0.0,0.0,0.0,0.0,175250.433333
1769111,IT,AU,CHEM1,OILSE,0.02,10514.923,3,3,10514.923,0.0,0.0,0.0,0.0,525746.15
1679986,IT,GR,FABRI,AIRTR,0.04,10514.783,3,3,10514.783,0.0,0.0,0.0,0.0,262869.575
1794170,IT,WL,PRINT,WEARI,0.1,10514.517,3,3,10514.517,0.0,0.0,0.0,0.0,105145.17
1651999,IT,CZ,VEGET,MEAT1,0.04,10514.453,3,3,10514.453,0.0,0.0,0.0,0.0,262861.325
1772620,IT,CH,GLASS,PRINT,0.03,10514.282,3,3,10514.282,0.0,0.0,0.0,0.0,350476.066667
1755842,IT,KR,CEMEN,COLLE,0.02,10513.865,3,3,10513.865,0.0,0.0,0.0,0.0,525693.25
1731632,IT,SI,LEATH,OFFIC,0.08,10513.652,4,4,10513.65,0.0,0.0,0.0,0.002,131420.65
1680658,IT,GR,WHOLE,LEATH,0.09,10513.157,3,3,10513.157,0.0,0.0,0.0,0.0,116812.855556
1773505,IT,CH,MOTO1,VEGE1,0.06,10512.647,3,3,10512.647,0.0,0.0,0.0,0.0,175210.783333
1739098,IT,GB,WHOLE,BITU1,0.09,10512.517,3,3,10512.517,0.0,0.0,0.0,0.0,116805.744444
1682842,IT,HR,LIQUE,CEREA,0.02,10512.159,3,3,10512.159,0.0,0.0,0.0,0.0,525607.95
1798658,IT,WE,VEGE1,POULT,0.03,10511.954,4,4,10511.952,0.0,0.0,0.0,0.002,350398.466667
1651732,IT,CY,MACHI,PRINT,0.06,10511.616,3,3,10511.616,0.0,0.0,0.0,0.0,175193.6
1774269,IT,CH,RETA1,FOOD1,0.11,10511.477,3,3,10511.477,0.0,0.0,0.0,0.0,95558.881818
1807959,IT,WF,PLAS1,NONF1,0.04,10511.376,3,3,10511.376,0.0,0.0,0.0,0.0,262784.4
1745400,IT,JP,VEGE1,FOODW,0.03,10510.544,4,4,10510.542,0.0,0.0,0.0,0.002,350351.466667
1680739,IT,GR,RETA1,MOTO1,0.11,10510.359,3,3,10510.359,0.0,0.0,0.0,0.0,95548.718182
1767078,IT,RU,FURNI,NONME,0.03,10510.139,3,3,10510.139,0.0,0.0,0.0,0.0,350337.966667
1651992,IT,CZ,VEGET,POULT,0.04,10509.781,3,3,10509.781,0.0,0.0,0.0,0.0,262744.525
1647235,IT,BE,LANDT,GLASS,0.07,10509.757,3,3,10509.757,0.0,0.0,0.0,0.0,150139.385714
1769477,IT,AU,BASIC,GASDI,0.01,10509.697,3,3,10509.697,0.0,0.0,0.0,0.0,1050969.7
1640602,IT,AT,BEVER,IRONO,0.04,10509.101,3,3,10509.101,0.0,0.0,0.0,0.0,262727.525
1658244,IT,DE,COPP1,NATUR,0.03,10508.199,3,3,10508.199,0.0,0.0,0.0,0.0,350273.3
1814585,IT,WM,BUSIN,MOTO1,0.11,10506.912,3,3,10506.912,0.0,0.0,0.0,0.0,95517.381818
1647313,IT,BE,TRAN2,HEAVY,0.02,10506.82,3,3,10506.82,0.0,0.0,0.0,0.0,525341.0
1684940,IT,HU,MEATP,MEATP,0.04,10505.534,3,3,10505.534,0.0,0.0,0.0,0.0,262638.35
1689812,IT,IE,INSUR,ALUM1,0.22,10505.532,3,3,10505.532,0.0,0.0,0.0,0.0,47752.418182
1782363,IT,NO,FABRI,CEMEN,0.04,10505.406,3,3,10505.406,0.0,0.0,0.0,0.0,262635.15
1672234,IT,FI,REALE,MACHI,0.44,10505.217,3,3,10505.217,0.0,0.0,0.0,0.0,23875.493182
1666181,IT,ES,HEAVY,WHEAT,0.02,10504.914,3,3,10504.914,0.0,0.0,0.0,0.0,525245.7
1778779,IT,TR,LANDT,MOTOR,0.07,10503.663,3,3,10503.663,0.0,0.0,0.0,0.0,150052.328571
1723090,IT,PT,CHEM1,NONF1,0.02,10503.652,3,3,10503.652,0.0,0.0,0.0,0.0,525182.6
1649059,IT,BG,PAPER,MEATA,0.04,10503.461,3,3,10503.461,0.0,0.0,0.0,0.0,262586.525
1771780,IT,CH,LEATH,INSUR,0.08,10503.445,4,4,10503.443,0.0,0.0,0.0,0.002,131293.0625
1685485,IT,HU,PAPER,OILSE,0.04,10502.952,3,3,10502.952,0.0,0.0,0.0,0.0,262573.8
1653788,IT,CZ,COPP1,FOODW,0.03,10502.888,3,3,10502.888,0.0,0.0,0.0,0.0,350096.266667
1671962,IT,FI,LANDT,COPP1,0.07,10502.009,3,3,10502.009,0.0,0.0,0.0,0.0,150028.7
1674039,IT,FR,GASDI,CEMEN,0.02,10501.338,3,3,10501.338,0.0,0.0,0.0,0.0,525066.9
1667600,IT,ES,MACHI,ANIMA,0.06,10501.128,3,3,10501.128,0.0,0.0,0.0,0.0,175018.8
1682851,IT,HR,LIQUE,MEDIC,0.02,10500.875,3,3,10500.875,0.0,0.0,0.0,0.0,525043.75
1685109,IT,HU,FOOD5,BRICK,0.05,10500.378,3,3,10500.378,0.0,0.0,0.0,0.0,210007.56
1771130,IT,CH,CHEMI,DIST1,0.03,10500.259,4,4,10499.259,0.0,0.0,1.0,0.0,350008.633333
1750953,IT,CN,CONST,MEMBE,0.06,10500.188,3,3,10500.188,0.0,0.0,0.0,0.0,175003.133333
1723755,IT,PT,OFFIC,CATTL,0.03,10500.121,3,3,10500.121,0.0,0.0,0.0,0.0,350004.033333
1677268,IT,FR,FINAN,PULP5,0.14,10499.916,3,3,10499.916,0.0,0.0,0.0,0.0,74999.4
1763968,IT,MX,PREC1,CATTL,0.02,10499.851,3,3,10499.851,0.0,0.0,0.0,0.0,524992.55
1656817,IT,DE,GASDI,CONST,0.02,10499.105,3,3,10499.105,0.0,0.0,0.0,0.0,524955.25
1714034,IT,MT,HOTEL,MOTO1,0.08,10498.834,3,3,10498.834,0.0,0.0,0.0,0.0,131235.425
1663290,IT,DK,SEACO,FOODW,0.01,10498.602,3,3,10498.602,0.0,0.0,0.0,0.0,1049860.2
1745646,IT,JP,TEXTI,PREC1,0.06,10498.51,3,3,10498.51,0.0,0.0,0.0,0.0,174975.166667
1761856,IT,IN,MOTO1,FINAN,0.06,10497.87,3,3,10497.87,0.0,0.0,0.0,0.0,174964.5
1771901,IT,CH,PAPER,CATTL,0.04,10497.674,3,3,10497.674,0.0,0.0,0.0,0.0,262441.85
1765946,IT,RU,CHEM1,CROPS,0.02,10497.5,3,3,10497.5,0.0,0.0,0.0,0.0,524875.0
1643590,IT,AT,AIRTR,SANDC,0.01,10496.953,3,3,10496.953,0.0,0.0,0.0,0.0,1049695.3
1649302,IT,BG,PETRO,CEMEN,0.02,10496.943,3,3,10496.943,0.0,0.0,0.0,0.0,524847.15
1775026,IT,CH,RENTI,ANIMA,0.06,10496.73,3,3,10496.73,0.0,0.0,0.0,0.0,174945.5
1732913,IT,SI,PREC1,LANDT,0.02,10496.615,3,3,10496.615,0.0,0.0,0.0,0.0,524830.75
1646679,IT,BE,FURNI,ELEC2,0.03,10496.248,3,3,10496.248,0.0,0.0,0.0,0.0,349874.933333
1648807,IT,BG,FISH5,MEAT1,0.04,10496.166,4,4,10496.161,0.0,0.0,0.0,0.005,262404.15
1716604,IT,NL,SALEM,ELEC5,0.08,10495.849,3,3,10495.849,0.0,0.0,0.0,0.0,131198.1125
1810748,IT,WM,MOTOR,RENTI,0.02,10495.769,3,3,10495.769,0.0,0.0,0.0,0.0,524788.45
1690352,IT,IE,FOOD3,RENTI,0.03,10495.75,3,3,10495.75,0.0,0.0,0.0,0.0,349858.333333
1745241,IT,JP,SANDC,RETA1,0.02,10495.254,4,4,10493.254,0.0,0.0,2.0,0.0,524762.7
1725572,IT,RO,WOODW,LIGNI,0.03,10495.129,3,3,10495.129,0.0,0.0,0.0,0.0,349837.633333
1751999,IT,CN,RESEA,ALUM1,0.06,10494.972,3,3,10494.972,0.0,0.0,0.0,0.0,174916.2
1800152,IT,WE,NONSP,CRUDE,0.01,10494.736,3,3,10494.736,0.0,0.0,0.0,0.0,1049473.6
1812784,IT,WM,FABRI,MEATA,0.04,10494.681,3,3,10494.681,0.0,0.0,0.0,0.0,262367.025
1647147,IT,BE,HOTEL,PAPE1,0.08,10494.618,3,3,10494.618,0.0,0.0,0.0,0.0,131182.725
1744332,IT,US,FINAN,SALEM,0.14,10494.511,3,3,10494.511,0.0,0.0,0.0,0.0,74960.792857
1687330,IT,HU,RETA1,SUPPO,0.11,10494.273,3,3,10494.273,0.0,0.0,0.0,0.0,95402.481818
1733835,IT,SI,TRAN2,CEMEN,0.02,10494.133,3,3,10494.133,0.0,0.0,0.0,0.0,524706.65
1710727,IT,LU,BEVER,MEAT1,0.04,10493.904,3,3,10493.904,0.0,0.0,0.0,0.0,262347.6
1722906,IT,PT,MOTOR,RAILW,0.02,10492.881,3,3,10492.881,0.0,0.0,0.0,0.0,524644.05
1655128,IT,CZ,BUSIN,BEVER,0.11,10492.592,3,3,10492.592,0.0,0.0,0.0,0.0,95387.2
1767105,IT,RU,FURNI,RETAI,0.03,10492.576,3,3,10492.576,0.0,0.0,0.0,0.0,349752.533333
1760045,IT,BR,WOOD1,PAPE4,0.07,10492.517,3,3,10492.517,0.0,0.0,0.0,0.0,149893.1
1686004,IT,HU,BIODI,NONME,0.02,10492.202,3,3,10492.202,0.0,0.0,0.0,0.0,524610.1
1778211,IT,TR,FURNI,OFFIC,0.03,10492.144,3,3,10492.144,0.0,0.0,0.0,0.0,349738.133333
1726690,IT,RO,TRANS,SEACO,0.06,10492.085,3,3,10492.085,0.0,0.0,0.0,0.0,174868.083333
1716823,IT,NL,HOTEL,NATUR,0.08,10491.919,3,3,10491.919,0.0,0.0,0.0,0.0,131148.9875
1683371,IT,HR,BASIC,CROPS,0.01,10491.856,3,3,10491.856,0.0,0.0,0.0,0.0,1049185.6
1786963,IT,ZA,POSTT,COMPU,0.17,10491.585,3,3,10491.585,0.0,0.0,0.0,0.0,61715.205882
1804148,IT,WF,PAPER,COPP1,0.04,10491.577,3,3,10491.577,0.0,0.0,0.0,0.0,262289.425
1763059,IT,MX,TEXTI,COPP1,0.06,10490.866,3,3,10490.866,0.0,0.0,0.0,0.0,174847.766667
1670692,IT,FI,WOODW,COPP1,0.03,10490.308,3,3,10490.308,0.0,0.0,0.0,0.0,349676.933333
1718644,IT,PL,WOODW,WHEAT,0.03,10490.076,3,3,10490.076,0.0,0.0,0.0,0.0,349669.2
1787225,IT,WA,VEGET,SANDC,0.04,10489.464,3,3,10489.464,0.0,0.0,0.0,0.0,262236.6
1666971,IT,ES,CERAM,COMPU,0.02,10489.374,3,3,10489.374,0.0,0.0,0.0,0.0,524468.7
1643674,IT,AT,SUPPO,NONFE,0.08,10489.284,3,3,10489.284,0.0,0.0,0.0,0.0,131116.05
1686526,IT,HU,ALUM1,STONE,0.02,10488.229,3,3,10488.229,0.0,0.0,0.0,0.0,524411.45
1784237,IT,ID,CHEM1,CROPS,0.02,10487.66,3,3,10487.66,0.0,0.0,0.0,0.0,524383.0
1791979,IT,WA,SEACO,STEAM,0.01,10487.622,3,3,10487.622,0.0,0.0,0.0,0.0,1048762.2
1746295,IT,JP,CHEM1,AUXIL,0.02,10487.616,3,3,10487.616,0.0,0.0,0.0,0.0,524380.8
1776580,IT,TR,GASDI,PRECI,0.02,10487.277,3,3,10487.277,0.0,0.0,0.0,0.0,524363.85
1756851,IT,KR,POSTT,FABRI,0.17,10487.118,3,3,10487.118,0.0,0.0,0.0,0.0,61688.929412
1714548,IT,NL,CRUDE,ELEC1,0.02,10486.595,3,3,10486.595,0.0,0.0,0.0,0.0,524329.75
1751028,IT,CN,WHOLE,PREC1,0.09,10486.169,3,3,10486.169,0.0,0.0,0.0,0.0,116512.988889
1664915,IT,ES,CRUDE,DIST1,0.02,10485.794,3,3,10485.794,0.0,0.0,0.0,0.0,524289.7
1812069,IT,WM,CERAM,GLASS,0.02,10485.534,3,3,10485.534,0.0,0.0,0.0,0.0,524276.7
1813056,IT,WM,OFFIC,FABRI,0.03,10484.974,3,3,10484.974,0.0,0.0,0.0,0.0,349499.133333
1736984,IT,GB,MEATA,WHOLE,0.06,10484.446,4,4,10484.444,0.0,0.0,0.0,0.002,174740.766667
1684553,IT,HR,BUSIN,TRANS,0.11,10484.433,3,3,10484.433,0.0,0.0,0.0,0.0,95313.027273
1644857,IT,BE,WEARI,FABRI,0.08,10483.978,4,4,10483.976,0.0,0.0,0.0,0.002,131049.725
1683962,IT,HR,WHOLE,PRINT,0.09,10483.321,3,3,10483.321,0.0,0.0,0.0,0.0,116481.344444
1775953,IT,TR,FOOD5,BUSIN,0.05,10482.544,3,3,10482.544,0.0,0.0,0.0,0.0,209650.88
1757260,IT,BR,VEGE1,EDUCA,0.03,10482.484,4,4,10482.482,0.0,0.0,0.0,0.002,349416.133333
1794750,IT,WL,NUCLE,RESEA,0.02,10482.045,3,3,10482.045,0.0,0.0,0.0,0.0,524102.25
1644349,IT,BE,CHEMI,SUGA1,0.02,10481.844,4,4,10480.844,0.0,0.0,1.0,0.0,524092.2
1779753,IT,TR,BUSIN,ALUM1,0.11,10481.807,3,3,10481.807,0.0,0.0,0.0,0.0,95289.154545
1734823,IT,SK,PAPER,CEREA,0.04,10481.448,3,3,10481.448,0.0,0.0,0.0,0.0,262036.2
1665899,IT,ES,COALT,REFIN,0.02,10481.297,3,3,10481.297,0.0,0.0,0.0,0.0,524064.85
1804680,IT,WF,LIQUE,TOBAC,0.02,10481.17,3,3,10481.17,0.0,0.0,0.0,0.0,524058.5
1771192,IT,CH,MEAT4,LANDT,0.06,10481.046,3,3,10481.046,0.0,0.0,0.0,0.0,174684.1
1801020,IT,WE,LEAD1,PFERT,0.02,10480.412,3,3,10480.412,0.0,0.0,0.0,0.0,524020.6
1807185,IT,WF,AIRTR,ELEC6,0.01,10479.383,3,3,10479.383,0.0,0.0,0.0,0.0,1047938.3
1779909,IT,TW,CONST,TOBAC,0.06,10479.087,3,3,10479.087,0.0,0.0,0.0,0.0,174651.45
1686489,IT,HU,PREC1,BIODI,0.02,10478.855,3,3,10478.855,0.0,0.0,0.0,0.0,523942.75
1647388,IT,BE,INLAN,RAILW,0.02,10478.734,3,3,10478.734,0.0,0.0,0.0,0.0,523936.7
1655571,IT,DE,STONE,RECRE,0.03,10478.28,4,4,10477.28,0.0,0.0,1.0,0.0,349276.0
1806752,IT,WF,WHOLE,INSUR,0.09,10477.853,3,3,10477.853,0.0,0.0,0.0,0.0,116420.588889
1788968,IT,WA,HEAVY,LEAD1,0.02,10476.95,3,3,10476.95,0.0,0.0,0.0,0.0,523847.5
1722151,IT,PL,BUSIN,INLAN,0.11,10476.759,3,3,10476.759,0.0,0.0,0.0,0.0,95243.263636
1664282,IT,EE,BASIC,FOOD3,0.01,10476.733,3,3,10476.733,0.0,0.0,0.0,0.0,1047673.3
1715174,IT,NL,WOODW,FORES,0.03,10476.724,3,3,10476.724,0.0,0.0,0.0,0.0,349224.133333
1772285,IT,CH,NAPHT,RETA1,0.02,10476.716,3,3,10476.716,0.0,0.0,0.0,0.0,523835.8
1642093,IT,AT,GLASS,MEDIC,0.03,10476.542,3,3,10476.542,0.0,0.0,0.0,0.0,349218.066667
1731979,IT,SI,KEROS,OILSE,0.02,10476.533,3,3,10476.533,0.0,0.0,0.0,0.0,523826.65
1659620,IT,DE,HOTEL,RADIO,0.08,10476.107,3,3,10476.107,0.0,0.0,0.0,0.0,130951.3375
1712823,IT,LV,SUPPO,SUPPO,0.08,10476.017,3,3,10476.017,0.0,0.0,0.0,0.0,130950.2125
1795387,IT,WL,BASIC,LIQUE,0.01,10475.741,3,3,10475.741,0.0,0.0,0.0,0.0,1047574.1
1802451,IT,WE,SUPPO,FISHF,0.08,10475.332,3,3,10475.332,0.0,0.0,0.0,0.0,130941.65
1646923,IT,BE,WHOLE,TRANS,0.09,10474.875,3,3,10474.875,0.0,0.0,0.0,0.0,116387.5
1792169,IT,WA,SUPPO,BASIC,0.08,10474.83,3,3,10474.83,0.0,0.0,0.0,0.0,130935.375
1656620,IT,DE,PRINT,DIST1,0.1,10474.101,3,3,10474.101,0.0,0.0,0.0,0.0,104741.01
1687532,IT,HU,LANDT,GLASS,0.07,10474.099,3,3,10474.099,0.0,0.0,0.0,0.0,149629.985714
1792047,IT,WA,AIRTR,TOBAC,0.01,10474.096,3,3,10474.096,0.0,0.0,0.0,0.0,1047409.6
1687719,IT,HU,SUPPO,WEARI,0.08,10472.821,3,3,10472.821,0.0,0.0,0.0,0.0,130910.2625
1777104,IT,TR,CHEM1,INTER,0.02,10472.618,3,3,10472.618,0.0,0.0,0.0,0.0,523630.9
1776384,IT,TR,PRINT,MACHI,0.1,10471.706,3,3,10471.706,0.0,0.0,0.0,0.0,104717.06
1657550,IT,DE,GLASS,KEROS,0.03,10471.345,3,3,10471.345,0.0,0.0,0.0,0.0,349044.833333
1770052,IT,AU,SALEM,LANDT,0.08,10471.138,3,3,10471.138,0.0,0.0,0.0,0.0,130889.225
1752089,IT,CN,BUSIN,LIQUE,0.11,10471.014,3,3,10471.014,0.0,0.0,0.0,0.0,95191.036364
1784664,IT,ID,OFFIC,LANDT,0.03,10470.75,3,3,10470.75,0.0,0.0,0.0,0.0,349025.0
1776796,IT,TR,NAPHT,CHEM1,0.02,10470.091,3,3,10470.091,0.0,0.0,0.0,0.0,523504.55
1746104,IT,JP,PRINT,INSUR,0.1,10470.016,3,3,10470.016,0.0,0.0,0.0,0.0,104700.16
1640447,IT,AT,VEGE1,AIRTR,0.03,10469.459,4,4,10469.457,0.0,0.0,0.0,0.002,348981.966667
1786030,IT,ZA,GLASS,RECRE,0.03,10469.43,3,3,10469.43,0.0,0.0,0.0,0.0,348981.0
1643981,IT,AT,COMPU,AIRTR,0.12,10469.428,3,3,10469.428,0.0,0.0,0.0,0.0,87245.233333
1661414,IT,DK,VEGE1,WHOLE,0.03,10469.257,4,4,10469.255,0.0,0.0,0.0,0.002,348975.233333
1669969,IT,ES,EDUCA,LANDT,0.26,10468.636,3,3,10468.636,0.0,0.0,0.0,0.0,40263.984615
1645984,IT,BE,CEMEN,HOTEL,0.02,10468.217,3,3,10468.217,0.0,0.0,0.0,0.0,523410.85
1776278,IT,TR,PAPER,CHEMI,0.04,10467.717,3,3,10467.717,0.0,0.0,0.0,0.0,261692.925
1672650,IT,FR,CRUDE,ADDIT,0.02,10467.236,3,3,10467.236,0.0,0.0,0.0,0.0,523361.8
1812092,IT,WM,CERAM,TRAN2,0.02,10466.532,3,3,10466.532,0.0,0.0,0.0,0.0,523326.6
1798487,IT,WE,NATUR,AUXIL,0.01,10465.895,3,3,10465.895,0.0,0.0,0.0,0.0,1046589.5
1767743,IT,RU,FINAN,PUBLI,0.14,10465.892,3,3,10465.892,0.0,0.0,0.0,0.0,74756.371429
1756366,IT,KR,TRANS,PRIVA,0.06,10465.344,3,3,10465.344,0.0,0.0,0.0,0.0,174422.4
1772371,IT,CH,CHEM1,MEAT4,0.02,10465.005,3,3,10465.005,0.0,0.0,0.0,0.0,523250.25
1789914,IT,WA,CEMEN,MEATC,0.02,10464.726,3,3,10464.726,0.0,0.0,0.0,0.0,523236.3
1746999,IT,JP,TRANS,FISHF,0.06,10464.626,3,3,10464.626,0.0,0.0,0.0,0.0,174410.433333
1808152,IT,WF,OILHA,RAWMI,0.06,10464.306,3,3,10464.306,0.0,0.0,0.0,0.0,174405.1
1777090,IT,TR,CHEM1,INLAN,0.02,10463.987,3,3,10463.987,0.0,0.0,0.0,0.0,523199.35
1777106,IT,TR,CHEM1,FOOD2,0.02,10463.789,3,3,10463.789,0.0,0.0,0.0,0.0,523189.45
1761507,IT,IN,ALUM1,LEAD1,0.02,10463.592,3,3,10463.592,0.0,0.0,0.0,0.0,523179.6
1751108,IT,CN,RETA1,NONME,0.11,10463.446,3,3,10463.446,0.0,0.0,0.0,0.0,95122.236364
1798502,IT,WE,STONE,CROPS,0.03,10462.63,4,4,10461.63,0.0,0.0,1.0,0.0,348754.333333
1735152,IT,SK,RUBBE,PRECI,0.03,10462.359,3,3,10462.359,0.0,0.0,0.0,0.0,348745.3
1687360,IT,HU,HOTEL,BEVER,0.08,10461.858,3,3,10461.858,0.0,0.0,0.0,0.0,130773.225
1656058,IT,DE,BEVER,HEAVY,0.04,10461.502,3,3,10461.502,0.0,0.0,0.0,0.0,261537.55
1714277,IT,MT,BUSIN,WHOLE,0.11,10461.113,3,3,10461.113,0.0,0.0,0.0,0.0,95101.027273
1650044,IT,BG,MACHI,BRICK,0.06,10461.11,3,3,10461.11,0.0,0.0,0.0,0.0,174351.833333
1722445,IT,PT,VEGE1,PLAST,0.03,10460.957,4,4,10460.955,0.0,0.0,0.0,0.002,348698.566667
1651522,IT,CY,PLAST,93197,0.02,10460.331,3,3,10460.331,0.0,0.0,0.0,0.0,523016.55
1673876,IT,FR,PRINT,FOOD4,0.1,10460.322,3,3,10460.322,0.0,0.0,0.0,0.0,104603.22
1737165,IT,GB,VEGE1,EDUCA,0.03,10459.886,4,4,10459.884,0.0,0.0,0.0,0.002,348662.866667
1654851,IT,CZ,POSTT,PREC1,0.17,10459.831,3,3,10459.831,0.0,0.0,0.0,0.0,61528.417647
1746574,IT,JP,BASIC,PAPE1,0.01,10459.788,3,3,10459.788,0.0,0.0,0.0,0.0,1045978.8
1756109,IT,KR,FABRI,LANDT,0.04,10459.282,3,3,10459.282,0.0,0.0,0.0,0.0,261482.05
1760860,IT,IN,KERO1,PUBLI,0.01,10459.141,3,3,10459.141,0.0,0.0,0.0,0.0,1045914.1
1781846,IT,NO,PLAST,FURNI,0.02,10458.796,3,3,10458.796,0.0,0.0,0.0,0.0,522939.8
1808179,IT,WF,OILHA,BASIC,0.06,10458.731,3,3,10458.731,0.0,0.0,0.0,0.0,174312.183333
1689676,IT,IE,POSTT,CONST,0.17,10458.408,3,3,10458.408,0.0,0.0,0.0,0.0,61520.047059
1679066,IT,GR,WOODW,RESEA,0.03,10457.89,3,3,10457.89,0.0,0.0,0.0,0.0,348596.333333
1770002,IT,AU,FURNI,CHEM1,0.03,10457.739,3,3,10457.739,0.0,0.0,0.0,0.0,348591.3
1785561,IT,ZA,KERO1,WHOLE,0.01,10457.483,3,3,10457.483,0.0,0.0,0.0,0.0,1045748.3
1661363,IT,DK,MEATC,PRIVA,0.03,10457.381,3,3,10457.381,0.0,0.0,0.0,0.0,348579.366667
1791212,IT,WA,FURNI,PREC1,0.03,10457.16,3,3,10457.16,0.0,0.0,0.0,0.0,348572.0
1802432,IT,WE,AIRTR,INLAN,0.01,10456.735,3,3,10456.735,0.0,0.0,0.0,0.0,1045673.5
1716162,IT,NL,PREC1,INERT,0.02,10456.306,3,3,10456.306,0.0,0.0,0.0,0.0,522815.3
1782886,IT,NO,SEACO,PFERT,0.01,10455.729,3,3,10455.729,0.0,0.0,0.0,0.0,1045572.9
1652522,IT,CZ,WEARI,LANDT,0.08,10454.56,4,4,10454.558,0.0,0.0,0.0,0.002,130682.0
1727431,IT,RO,FINAN,COMPU,0.14,10454.389,3,3,10454.389,0.0,0.0,0.0,0.0,74674.207143
1645023,IT,BE,PULP5,RESEA,0.03,10454.145,3,3,10454.145,0.0,0.0,0.0,0.0,348471.5
1653096,IT,CZ,CHEM1,VEGE1,0.02,10453.906,3,3,10453.906,0.0,0.0,0.0,0.0,522695.3
1649010,IT,BG,WOODW,CHEMI,0.03,10452.912,3,3,10452.912,0.0,0.0,0.0,0.0,348430.4
1714908,IT,NL,BEVER,FOUND,0.04,10452.909,3,3,10452.909,0.0,0.0,0.0,0.0,261322.725
1644188,IT,BE,CEREA,VEGE1,0.02,10452.56,3,3,10452.56,0.0,0.0,0.0,0.0,522628.0
1666458,IT,ES,NONSP,BIODI,0.01,10452.485,3,3,10452.485,0.0,0.0,0.0,0.0,1045248.5
1729665,IT,SE,FABRI,DISTR,0.04,10452.332,3,3,10452.332,0.0,0.0,0.0,0.0,261308.3
1666059,IT,ES,KERO1,BITU1,0.01,10452.275,3,3,10452.275,0.0,0.0,0.0,0.0,1045227.5
1657908,IT,DE,BASIC,PETRO,0.01,10452.274,3,3,10452.274,0.0,0.0,0.0,0.0,1045227.4
1722129,IT,PL,BUSIN,ELEC2,0.11,10451.813,3,3,10451.813,0.0,0.0,0.0,0.0,95016.481818
1661673,IT,DK,TEXTI,RENTI,0.06,10451.554,3,3,10451.554,0.0,0.0,0.0,0.0,174192.566667
1793846,IT,WL,TEXTI,BASIC,0.06,10451.302,3,3,10451.302,0.0,0.0,0.0,0.0,174188.366667
1684840,IT,HU,CRUDE,NATU1,0.02,10450.581,3,3,10450.581,0.0,0.0,0.0,0.0,522529.05
1728821,IT,SE,PLAST,LEADZ,0.02,10450.431,3,3,10450.431,0.0,0.0,0.0,0.0,522521.55
1786066,IT,ZA,CEMEN,FURNI,0.02,10449.985,3,3,10449.985,0.0,0.0,0.0,0.0,522499.25
1792143,IT,WA,SUPPO,MEATP,0.08,10449.951,3,3,10449.951,0.0,0.0,0.0,0.0,130624.3875
1682253,IT,HR,LEATH,FOOD5,0.07,10449.756,4,4,10449.754,0.0,0.0,0.0,0.002,149282.228571
1764477,IT,MX,FURNI,WASTE,0.03,10449.425,3,3,10449.425,0.0,0.0,0.0,0.0,348314.166667
1656842,IT,DE,GASDI,FOOD3,0.02,10449.297,3,3,10449.297,0.0,0.0,0.0,0.0,522464.85
1733609,IT,SI,HOTEL,FISH5,0.08,10448.778,3,3,10448.778,0.0,0.0,0.0,0.0,130609.725
1798527,IT,WE,STONE,WHOLE,0.03,10448.756,4,4,10447.756,0.0,0.0,1.0,0.0,348291.866667
1744623,IT,US,RENTI,REALE,0.06,10448.462,3,3,10448.462,0.0,0.0,0.0,0.0,174141.033333
1767503,IT,RU,SEACO,RADIO,0.01,10447.984,3,3,10447.984,0.0,0.0,0.0,0.0,1044798.4
1806647,IT,WF,SALEM,93197,0.08,10447.489,3,3,10447.489,0.0,0.0,0.0,0.0,130593.6125
1670770,IT,FI,PAPER,INERT,0.04,10446.942,3,3,10446.942,0.0,0.0,0.0,0.0,261173.55
1813656,IT,WM,RETA1,NAPHT,0.11,10446.334,3,3,10446.334,0.0,0.0,0.0,0.0,94966.672727
1646646,IT,BE,FURNI,VEGET,0.03,10445.993,3,3,10445.993,0.0,0.0,0.0,0.0,348199.766667
1684160,IT,HR,LANDT,NONME,0.07,10445.829,3,3,10445.829,0.0,0.0,0.0,0.0,149226.128571
1679466,IT,GR,CHEM1,NONSP,0.02,10445.589,3,3,10445.589,0.0,0.0,0.0,0.0,522279.45
1796351,IT,WL,WHOLE,CEREA,0.09,10445.048,3,3,10445.048,0.0,0.0,0.0,0.0,116056.088889
1738887,IT,GB,FURNI,RAWMI,0.03,10444.257,3,3,10444.257,0.0,0.0,0.0,0.0,348141.9
1769478,IT,AU,BASIC,CHEM1,0.01,10444.136,3,3,10444.136,0.0,0.0,0.0,0.0,1044413.6
1709687,IT,LT,PLAST,RETAI,0.02,10444.046,3,3,10444.046,0.0,0.0,0.0,0.0,522202.3
1791939,IT,WA,SEACO,BEVER,0.01,10443.959,3,3,10443.959,0.0,0.0,0.0,0.0,1044395.9
1766664,IT,RU,FABRI,ELEC1,0.04,10443.451,3,3,10443.451,0.0,0.0,0.0,0.0,261086.275
1775065,IT,CH,RENTI,MOTO1,0.06,10443.045,3,3,10443.045,0.0,0.0,0.0,0.0,174050.75
1762651,IT,IN,COMPU,HOTEL,0.12,10442.96,3,3,10442.96,0.0,0.0,0.0,0.0,87024.666667
1646546,IT,BE,OFFIC,RUBBE,0.03,10442.738,3,3,10442.738,0.0,0.0,0.0,0.0,348091.266667
1791444,IT,WA,WHOLE,NONME,0.09,10442.645,3,3,10442.645,0.0,0.0,0.0,0.0,116029.388889
1792011,IT,WA,INLAN,MEATC,0.02,10442.286,3,3,10442.286,0.0,0.0,0.0,0.0,522114.3
1667044,IT,ES,NONME,KERO1,0.02,10441.711,3,3,10441.711,0.0,0.0,0.0,0.0,522085.55
1652921,IT,CZ,GASDI,OILSE,0.02,10441.348,3,3,10441.348,0.0,0.0,0.0,0.0,522067.4
1776035,IT,TR,TEXTI,ALUM1,0.06,10441.209,3,3,10441.209,0.0,0.0,0.0,0.0,174020.15
1727737,IT,RO,COMPU,HEALT,0.12,10441.121,3,3,10441.121,0.0,0.0,0.0,0.0,87009.341667
1732796,IT,SI,NONME,INTER,0.02,10440.837,3,3,10440.837,0.0,0.0,0.0,0.0,522041.85
1683712,IT,HR,MACHI,SUGA1,0.06,10440.761,3,3,10440.761,0.0,0.0,0.0,0.0,174012.683333
1686280,IT,HU,CERAM,SEWAG,0.02,10440.512,3,3,10440.512,0.0,0.0,0.0,0.0,522025.6
1800668,IT,WE,CERAM,LANDT,0.02,10440.345,3,3,10440.345,0.0,0.0,0.0,0.0,522017.25
1669788,IT,ES,BUSIN,FOUND,0.11,10440.257,3,3,10440.257,0.0,0.0,0.0,0.0,94911.427273
1676653,IT,FR,HOTEL,TEXT2,0.08,10440.191,3,3,10440.191,0.0,0.0,0.0,0.0,130502.3875
1689199,IT,IE,RETAI,CEMEN,0.08,10440.042,3,3,10440.042,0.0,0.0,0.0,0.0,130500.525
1785308,IT,ZA,LEATH,STONE,0.07,10439.458,4,4,10439.456,0.0,0.0,0.0,0.002,149135.114286
1731471,IT,SI,BEVER,MOTO1,0.04,10438.683,3,3,10438.683,0.0,0.0,0.0,0.0,260967.075
1794367,IT,WL,KEROS,VEGET,0.02,10438.46,3,3,10438.46,0.0,0.0,0.0,0.0,521923.0
1664697,IT,EE,AIRTR,COKE1,0.01,10438.302,3,3,10438.302,0.0,0.0,0.0,0.0,1043830.2
1769788,IT,AU,MACHI,SECO9,0.06,10437.451,3,3,10437.451,0.0,0.0,0.0,0.0,173957.516667
1646002,IT,BE,NONME,TEXTI,0.02,10437.336,3,3,10437.336,0.0,0.0,0.0,0.0,521866.8
1641188,IT,AT,PRINT,FURNI,0.1,10436.267,3,3,10436.267,0.0,0.0,0.0,0.0,104362.67
1777105,IT,TR,CHEM1,OILHA,0.02,10436.224,3,3,10436.224,0.0,0.0,0.0,0.0,521811.2
1791272,IT,WA,CONST,WEARI,0.06,10435.525,3,3,10435.525,0.0,0.0,0.0,0.0,173925.416667
1757155,IT,BR,SANDC,RUBBE,0.02,10435.029,4,4,10433.029,0.0,0.0,2.0,0.0,521751.45
1775486,IT,CH,PLAS1,RECRE,0.04,10434.852,3,3,10434.852,0.0,0.0,0.0,0.0,260871.3
1805794,IT,WF,PREC1,PRINT,0.02,10434.806,3,3,10434.806,0.0,0.0,0.0,0.0,521740.3
1664687,IT,EE,INLAN,WHOLE,0.02,10434.659,3,3,10434.659,0.0,0.0,0.0,0.0,521732.95
1785730,IT,ZA,PETRO,RENTI,0.02,10434.385,3,3,10434.385,0.0,0.0,0.0,0.0,521719.25
1652677,IT,CZ,PAPER,WHEAT,0.04,10434.015,3,3,10434.015,0.0,0.0,0.0,0.0,260850.375
1801792,IT,WE,ELEC4,AUXIL,0.17,10433.225,3,3,10433.225,0.0,0.0,0.0,0.0,61371.911765
1644412,IT,BE,MEAT1,PLAST,0.05,10432.863,3,3,10432.863,0.0,0.0,0.0,0.0,208657.26
1786115,IT,ZA,BASIC,NICKE,0.01,10432.202,3,3,10432.202,0.0,0.0,0.0,0.0,1043220.2
1787761,IT,WA,DAIRY,ANIMA,0.04,10432.068,3,3,10432.068,0.0,0.0,0.0,0.0,260801.7
1798637,IT,WE,MEAT4,CHEM1,0.06,10431.949,3,3,10431.949,0.0,0.0,0.0,0.0,173865.816667
1802362,IT,WE,SEACO,GLASS,0.01,10431.528,3,3,10431.528,0.0,0.0,0.0,0.0,1043152.8
1737933,IT,GB,CHEM1,LUBRI,0.02,10431.333,3,3,10431.333,0.0,0.0,0.0,0.0,521566.65
1687180,IT,HU,FURNI,COMPU,0.03,10431.109,3,3,10431.109,0.0,0.0,0.0,0.0,347703.633333
1720832,IT,PL,FURNI,ELEC1,0.03,10430.372,3,3,10430.372,0.0,0.0,0.0,0.0,347679.066667
1719255,IT,PL,CHEM1,HEAVY,0.02,10430.256,3,3,10430.256,0.0,0.0,0.0,0.0,521512.8
1751417,IT,CN,SEACO,INSUR,0.01,10430.224,3,3,10430.224,0.0,0.0,0.0,0.0,1043022.4
1735777,IT,SK,MACHI,FISH5,0.06,10430.153,3,3,10430.153,0.0,0.0,0.0,0.0,173835.883333
1789991,IT,WA,NONME,PRINT,0.02,10429.852,3,3,10429.852,0.0,0.0,0.0,0.0,521492.6
1796563,IT,WL,HOTEL,WHEAT,0.08,10429.828,3,3,10429.828,0.0,0.0,0.0,0.0,130372.85
1667120,IT,ES,BASIC,MEATC,0.01,10429.544,3,3,10429.544,0.0,0.0,0.0,0.0,1042954.4
1727602,IT,RO,REALE,REALE,0.44,10429.254,3,3,10429.254,0.0,0.0,0.0,0.0,23702.85
1789443,IT,WA,CHARC,RETA1,0.03,10428.92,3,3,10428.92,0.0,0.0,0.0,0.0,347630.666667
1754667,IT,KR,CHEMI,WHOLE,0.02,10428.462,4,4,10427.462,0.0,0.0,1.0,0.0,521423.1
1664278,IT,EE,BASIC,COMPU,0.01,10428.395,3,3,10428.395,0.0,0.0,0.0,0.0,1042839.5
1778222,IT,TR,FURNI,SALEM,0.03,10428.371,3,3,10428.371,0.0,0.0,0.0,0.0,347612.366667
1766259,IT,RU,CERAM,CHEM1,0.02,10428.225,3,3,10428.225,0.0,0.0,0.0,0.0,521411.25
1732803,IT,SI,BASIC,ANIMA,0.01,10427.576,3,3,10427.576,0.0,0.0,0.0,0.0,1042757.6
1685984,IT,HU,BIODI,STONE,0.02,10426.472,3,3,10426.472,0.0,0.0,0.0,0.0,521323.6
1731656,IT,SI,WOODW,FISH5,0.03,10425.746,3,3,10425.746,0.0,0.0,0.0,0.0,347524.866667
1777111,IT,TR,CHEM1,PLAS2,0.02,10425.062,3,3,10425.062,0.0,0.0,0.0,0.0,521253.1
1777114,IT,TR,CHEM1,WOOD2,0.02,10424.934,3,3,10424.934,0.0,0.0,0.0,0.0,521246.7
1780701,IT,TW,REALE,MOTOR,0.44,10424.752,3,3,10424.752,0.0,0.0,0.0,0.0,23692.618182
1656942,IT,DE,LIQUE,CHEM1,0.02,10424.578,3,3,10424.578,0.0,0.0,0.0,0.0,521228.9
1808256,IT,WF,FOOD2,NICKE,0.06,10424.398,3,3,10424.398,0.0,0.0,0.0,0.0,173739.966667
1719201,IT,PL,PLAST,FOOD2,0.02,10424.306,3,3,10424.306,0.0,0.0,0.0,0.0,521215.3
1709921,IT,LT,BASIC,WOODW,0.01,10424.005,3,3,10424.005,0.0,0.0,0.0,0.0,1042400.5
1728754,IT,SE,GASDI,RADIO,0.02,10423.945,3,3,10423.945,0.0,0.0,0.0,0.0,521197.25
1712977,IT,MT,FISHF,93197,0.02,10423.352,3,3,10423.352,0.0,0.0,0.0,0.0,521167.6
1722031,IT,PL,RESEA,OFFIC,0.06,10423.211,3,3,10423.211,0.0,0.0,0.0,0.0,173720.183333
1667222,IT,ES,PREC1,ALUM1,0.02,10423.115,3,3,10423.115,0.0,0.0,0.0,0.0,521155.75
1665855,IT,ES,PRINT,ELEC3,0.1,10422.885,3,3,10422.885,0.0,0.0,0.0,0.0,104228.85
1656062,IT,DE,BEVER,PFERT,0.04,10421.923,3,3,10421.923,0.0,0.0,0.0,0.0,260548.075
1661319,IT,DK,CHEMI,GLASS,0.02,10421.733,4,4,10420.733,0.0,0.0,1.0,0.0,521086.65
1758759,IT,BR,RETA1,NICKE,0.11,10421.438,3,3,10421.438,0.0,0.0,0.0,0.0,94740.345455
1720049,IT,PL,ALUM1,ELEC7,0.02,10421.099,3,3,10421.099,0.0,0.0,0.0,0.0,521054.95
1729133,IT,SE,GLASS,TEXTI,0.03,10420.791,3,3,10420.791,0.0,0.0,0.0,0.0,347359.7
1812564,IT,WM,ALUM1,POSTT,0.02,10420.49,3,3,10420.49,0.0,0.0,0.0,0.0,521024.5
1814810,IT,WM,INERT,PFERT,0.08,10420.275,3,3,10420.275,0.0,0.0,0.0,0.0,130253.4375
1742339,IT,US,NONME,FORES,0.02,10419.863,3,3,10419.863,0.0,0.0,0.0,0.0,520993.15
1791370,IT,WA,SALEM,FINAN,0.08,10419.799,3,3,10419.799,0.0,0.0,0.0,0.0,130247.4875
1656346,IT,DE,WOODW,MEATC,0.03,10419.395,3,3,10419.395,0.0,0.0,0.0,0.0,347313.166667
1674227,IT,FR,LIQUE,FOODW,0.02,10419.035,3,3,10419.035,0.0,0.0,0.0,0.0,520951.75
1798104,IT,WL,93197,BUSIN,0.07,10418.903,3,3,10418.903,0.0,0.0,0.0,0.0,148841.471429
1789713,IT,WA,RUBBE,PRIVA,0.03,10418.804,3,3,10418.804,0.0,0.0,0.0,0.0,347293.466667
1711896,IT,LU,FOOD2,RUBBE,0.06,10418.384,3,3,10418.384,0.0,0.0,0.0,0.0,173639.733333
1729857,IT,SE,MOTO1,HOTEL,0.06,10418.376,3,3,10418.376,0.0,0.0,0.0,0.0,173639.6
1813338,IT,WM,FURNI,STONE,0.03,10418.281,3,3,10418.281,0.0,0.0,0.0,0.0,347276.033333
1712703,IT,LV,HOTEL,MOTO1,0.08,10417.962,3,3,10417.962,0.0,0.0,0.0,0.0,130224.525
1771080,IT,CH,NATUR,SECO9,0.01,10417.553,3,3,10417.553,0.0,0.0,0.0,0.0,1041755.3
1663636,IT,DK,BUSIN,DISTR,0.11,10417.473,3,3,10417.473,0.0,0.0,0.0,0.0,94704.3
1654249,IT,CZ,TRANS,LANDT,0.06,10417.323,3,3,10417.323,0.0,0.0,0.0,0.0,173622.05
1730102,IT,SE,RETA1,REALE,0.11,10416.873,3,3,10416.873,0.0,0.0,0.0,0.0,94698.845455
1712798,IT,LV,SEACO,SUPPO,0.01,10416.785,3,3,10416.785,0.0,0.0,0.0,0.0,1041678.5
1669624,IT,ES,RENTI,DIST1,0.06,10416.628,3,3,10416.628,0.0,0.0,0.0,0.0,173610.466667
1664281,IT,EE,BASIC,FOOD2,0.01,10416.589,3,3,10416.589,0.0,0.0,0.0,0.0,1041658.9
1811840,IT,WM,RUBBE,IRONO,0.03,10416.219,3,3,10416.219,0.0,0.0,0.0,0.0,347207.3
1655524,IT,DE,NATUR,MACHI,0.01,10416.103,3,3,10416.103,0.0,0.0,0.0,0.0,1041610.3
1744270,IT,US,POSTT,AUXIL,0.17,10415.816,3,3,10415.816,0.0,0.0,0.0,0.0,61269.505882
1772590,IT,CH,RUBBE,PAPE1,0.03,10415.766,3,3,10415.766,0.0,0.0,0.0,0.0,347192.2
1782870,IT,NO,SEACO,NATU1,0.01,10415.623,3,3,10415.623,0.0,0.0,0.0,0.0,1041562.3
1671461,IT,FI,FABRI,SEWAG,0.04,10415.514,3,3,10415.514,0.0,0.0,0.0,0.0,260387.85
1756291,IT,KR,MOTO1,CHEM1,0.06,10415.409,3,3,10415.409,0.0,0.0,0.0,0.0,173590.15
1714052,IT,MT,HOTEL,INSUR,0.08,10415.119,3,3,10415.119,0.0,0.0,0.0,0.0,130188.9875
1643110,IT,AT,WHOLE,FINAN,0.09,10414.739,3,3,10414.739,0.0,0.0,0.0,0.0,115719.322222
1774573,IT,CH,SEACO,LIQUE,0.01,10414.555,3,3,10414.555,0.0,0.0,0.0,0.0,1041455.5
1719100,IT,PL,NONSP,OFFIC,0.01,10414.54,3,3,10414.54,0.0,0.0,0.0,0.0,1041454.0
1786911,IT,ZA,AIRTR,ELECT,0.01,10414.463,3,3,10414.463,0.0,0.0,0.0,0.0,1041446.3
1724830,IT,PT,BUSIN,CATTL,0.11,10414.227,3,3,10414.227,0.0,0.0,0.0,0.0,94674.790909
1751852,IT,CN,RENTI,HOTEL,0.06,10414.192,3,3,10414.192,0.0,0.0,0.0,0.0,173569.866667
1790420,IT,WA,LEAD1,MACHI,0.02,10413.788,3,3,10413.788,0.0,0.0,0.0,0.0,520689.4
1714784,IT,NL,PROCE,FABRI,0.07,10413.54,3,3,10413.54,0.0,0.0,0.0,0.0,148764.857143
1654476,IT,CZ,HOTEL,CEREA,0.08,10413.138,3,3,10413.138,0.0,0.0,0.0,0.0,130164.225
1790288,IT,WA,ALUM1,NONFE,0.02,10412.148,3,3,10412.148,0.0,0.0,0.0,0.0,520607.4
1663844,IT,EE,TEXTI,MACHI,0.06,10411.381,3,3,10411.381,0.0,0.0,0.0,0.0,173523.016667
1748854,IT,CN,WEARI,WHEAT,0.08,10410.968,4,4,10410.966,0.0,0.0,0.0,0.002,130137.1
1667183,IT,ES,BASIC,INSUR,0.01,10410.374,3,3,10410.374,0.0,0.0,0.0,0.0,1041037.4
1749270,IT,CN,PAPER,ELEC3,0.04,10409.962,3,3,10409.962,0.0,0.0,0.0,0.0,260249.05
1733020,IT,SI,LEAD1,COMPU,0.02,10409.475,3,3,10409.475,0.0,0.0,0.0,0.0,520473.75
1729388,IT,SE,BASIC,NONF1,0.01,10409.154,3,3,10409.154,0.0,0.0,0.0,0.0,1040915.4
1733387,IT,SI,TRANS,RECRE,0.06,10408.619,3,3,10408.619,0.0,0.0,0.0,0.0,173476.983333
1713729,IT,MT,MACHI,INLAN,0.06,10408.457,3,3,10408.457,0.0,0.0,0.0,0.0,173474.283333
1798916,IT,WE,FISH5,MEAT1,0.04,10408.357,4,4,10408.352,0.0,0.0,0.0,0.005,260208.925
1709977,IT,LT,PREC1,MACHI,0.02,10407.957,3,3,10407.957,0.0,0.0,0.0,0.0,520397.85
1739097,IT,GB,WHOLE,COKEO,0.09,10407.922,3,3,10407.922,0.0,0.0,0.0,0.0,115643.577778
1775205,IT,CH,RESEA,SALEM,0.06,10407.488,3,3,10407.488,0.0,0.0,0.0,0.0,173458.133333
1776110,IT,TR,LEATH,STONE,0.07,10407.418,4,4,10407.416,0.0,0.0,0.0,0.002,148677.4
1667862,IT,ES,OFFIC,TEXT2,0.03,10406.963,3,3,10406.963,0.0,0.0,0.0,0.0,346898.766667
1711449,IT,LU,LANDT,DAIRY,0.07,10406.584,3,3,10406.584,0.0,0.0,0.0,0.0,148665.485714
1645392,IT,BE,HEAVY,TRANS,0.02,10406.313,3,3,10406.313,0.0,0.0,0.0,0.0,520315.65
1655813,IT,DE,VEGE1,WOODW,0.03,10406.195,4,4,10406.193,0.0,0.0,0.0,0.002,346873.166667
1800746,IT,WE,NONME,HEAVY,0.02,10406.164,3,3,10406.164,0.0,0.0,0.0,0.0,520308.2
1711084,IT,LU,ALUM1,LEAD1,0.02,10406.101,3,3,10406.101,0.0,0.0,0.0,0.0,520305.05
1801401,IT,WE,OFFIC,RADIO,0.03,10405.718,3,3,10405.718,0.0,0.0,0.0,0.0,346857.266667
1661680,IT,DK,TEXTI,MEMBE,0.06,10405.687,3,3,10405.687,0.0,0.0,0.0,0.0,173428.116667
1793742,IT,WL,BEVER,CHARC,0.04,10405.484,3,3,10405.484,0.0,0.0,0.0,0.0,260137.1
1723622,IT,PT,FABRI,RAILW,0.04,10403.766,3,3,10403.766,0.0,0.0,0.0,0.0,260094.15
1808322,IT,WF,FOOD3,RAWMI,0.03,10403.463,3,3,10403.463,0.0,0.0,0.0,0.0,346782.1
1760310,IT,IN,STONE,COKEO,0.03,10403.42,4,4,10402.42,0.0,0.0,1.0,0.0,346780.666667
1659344,IT,DE,RETAI,LANDT,0.08,10403.125,3,3,10403.125,0.0,0.0,0.0,0.0,130039.0625
1682493,IT,HR,PRINT,OFFIC,0.1,10402.07,3,3,10402.07,0.0,0.0,0.0,0.0,104020.7
1664644,IT,EE,LANDT,RADIO,0.07,10401.656,3,3,10401.656,0.0,0.0,0.0,0.0,148595.085714
1722972,IT,PT,NAPHT,LIQUE,0.02,10401.539,3,3,10401.539,0.0,0.0,0.0,0.0,520076.95
1793461,IT,WL,STONE,COPP1,0.03,10400.475,4,4,10399.475,0.0,0.0,1.0,0.0,346682.5
1674246,IT,FR,LUBRI,CONST,0.01,10400.219,3,3,10400.219,0.0,0.0,0.0,0.0,1040021.9
1781801,IT,NO,LIQUE,CRUDE,0.02,10399.916,3,3,10399.916,0.0,0.0,0.0,0.0,519995.8
1665132,IT,ES,DAIRY,BEVER,0.04,10399.729,3,3,10399.729,0.0,0.0,0.0,0.0,259993.225
1790046,IT,WA,NONME,PAPE1,0.02,10399.065,3,3,10399.065,0.0,0.0,0.0,0.0,519953.25
1781407,IT,NO,FOOD5,NATUR,0.05,10398.899,3,3,10398.899,0.0,0.0,0.0,0.0,207977.98
1688069,IT,HU,COMPU,HOTEL,0.12,10398.719,3,3,10398.719,0.0,0.0,0.0,0.0,86655.991667
1780796,IT,TW,RENTI,EDUCA,0.06,10398.658,3,3,10398.658,0.0,0.0,0.0,0.0,173310.966667
1653981,IT,CZ,MACHI,HEAVY,0.06,10398.439,3,3,10398.439,0.0,0.0,0.0,0.0,173307.316667
1774988,IT,CH,AUXIL,REALE,0.19,10398.172,3,3,10398.172,0.0,0.0,0.0,0.0,54727.221053
1645425,IT,BE,LIQUE,RUBBE,0.02,10398.168,3,3,10398.168,0.0,0.0,0.0,0.0,519908.4
1756459,IT,KR,CONST,SALEM,0.06,10397.597,3,3,10397.597,0.0,0.0,0.0,0.0,173293.283333
1759232,IT,BR,POSTT,MEATP,0.17,10397.291,3,3,10397.291,0.0,0.0,0.0,0.0,61160.535294
1800963,IT,WE,ALUM1,GASDI,0.02,10396.702,3,3,10396.702,0.0,0.0,0.0,0.0,519835.1
1687458,IT,HU,RAILW,FURNI,0.07,10396.586,3,3,10396.586,0.0,0.0,0.0,0.0,148522.657143
1792822,IT,WA,EDUCA,MEATP,0.26,10395.976,3,3,10395.976,0.0,0.0,0.0,0.0,39984.523077
1644737,IT,BE,BEVER,FOOD2,0.04,10395.492,3,3,10395.492,0.0,0.0,0.0,0.0,259887.3
1643528,IT,AT,TRAN2,CONST,0.02,10395.272,3,3,10395.272,0.0,0.0,0.0,0.0,519763.6
1776642,IT,TR,GASDI,INSUR,0.02,10394.88,3,3,10394.88,0.0,0.0,0.0,0.0,519744.0
1802710,IT,WE,COMPU,INSUR,0.12,10394.74,3,3,10394.74,0.0,0.0,0.0,0.0,86622.833333
1720788,IT,PL,TRANS,RECRE,0.06,10394.501,3,3,10394.501,0.0,0.0,0.0,0.0,173241.683333
1712787,IT,LV,SEACO,FORES,0.01,10394.459,3,3,10394.459,0.0,0.0,0.0,0.0,1039445.9
1715588,IT,NL,LIQUE,PFERT,0.02,10393.942,3,3,10393.942,0.0,0.0,0.0,0.0,519697.1
1784792,IT,ID,HOTEL,BIODI,0.08,10393.062,3,3,10393.062,0.0,0.0,0.0,0.0,129913.275
1779473,IT,TR,RENTI,WOODW,0.06,10393.059,3,3,10393.059,0.0,0.0,0.0,0.0,173217.65
1653413,IT,CZ,CERAM,HEALT,0.02,10392.818,3,3,10392.818,0.0,0.0,0.0,0.0,519640.9
1646919,IT,BE,WHOLE,ELECT,0.09,10392.676,3,3,10392.676,0.0,0.0,0.0,0.0,115474.177778
1787533,IT,WA,CHEMI,BIOGA,0.02,10392.646,4,4,10391.646,0.0,0.0,1.0,0.0,519632.3
1792471,IT,WA,AUXIL,COMPU,0.19,10392.547,3,3,10392.547,0.0,0.0,0.0,0.0,54697.615789
1751066,IT,CN,RETA1,PADDY,0.11,10392.25,3,3,10392.25,0.0,0.0,0.0,0.0,94475.0
1769128,IT,AU,CHEM1,MEAT1,0.02,10391.746,3,3,10391.746,0.0,0.0,0.0,0.0,519587.3
1808821,IT,WF,WOOD2,MEMBE,0.06,10390.18,3,3,10390.18,0.0,0.0,0.0,0.0,173169.666667
1738874,IT,GB,TRANS,AUXIL,0.06,10389.837,3,3,10389.837,0.0,0.0,0.0,0.0,173163.95
1786832,IT,ZA,HOTEL,INSUR,0.08,10389.599,3,3,10389.599,0.0,0.0,0.0,0.0,129869.9875
1784326,IT,ID,RUBBE,POULT,0.03,10389.586,3,3,10389.586,0.0,0.0,0.0,0.0,346319.533333
1731630,IT,SI,LEATH,FABRI,0.07,10389.317,4,4,10389.315,0.0,0.0,0.0,0.002,148418.814286
1773847,IT,CH,ELEC5,TRAN1,0.13,10389.195,3,3,10389.195,0.0,0.0,0.0,0.0,79916.884615
1736854,IT,SK,BUSIN,COKEO,0.11,10388.601,3,3,10388.601,0.0,0.0,0.0,0.0,94441.827273
1782456,IT,NO,MACHI,NONF1,0.06,10387.442,3,3,10387.442,0.0,0.0,0.0,0.0,173124.033333
1666111,IT,ES,GASDI,PETRO,0.02,10386.582,3,3,10386.582,0.0,0.0,0.0,0.0,519329.1
1670811,IT,FI,MOTOR,HEAVY,0.02,10385.63,3,3,10385.63,0.0,0.0,0.0,0.0,519281.5
1757775,IT,BR,PLAST,LIQUE,0.02,10385.567,3,3,10385.567,0.0,0.0,0.0,0.0,519278.35
1802723,IT,WE,RESEA,NATUR,0.06,10385.386,3,3,10385.386,0.0,0.0,0.0,0.0,173089.766667
1643166,IT,AT,RETA1,BUSIN,0.11,10385.092,3,3,10385.092,0.0,0.0,0.0,0.0,94409.927273
1736459,IT,SK,LANDT,EDUCA,0.07,10384.905,3,3,10384.905,0.0,0.0,0.0,0.0,148355.785714
1765438,IT,RU,TEXTI,ELECT,0.06,10384.789,3,3,10384.789,0.0,0.0,0.0,0.0,173079.816667
1806825,IT,WF,RETA1,FABRI,0.11,10384.418,3,3,10384.418,0.0,0.0,0.0,0.0,94403.8
1647951,IT,BE,RENTI,PRINT,0.06,10383.604,3,3,10383.604,0.0,0.0,0.0,0.0,173060.066667
1664771,IT,ES,CEREA,CEREA,0.02,10383.302,3,3,10383.302,0.0,0.0,0.0,0.0,519165.1
1712795,IT,LV,SEACO,MOTO1,0.01,10382.536,3,3,10382.536,0.0,0.0,0.0,0.0,1038253.6
1764956,IT,MX,POSTT,MOTO1,0.17,10382.325,3,3,10382.325,0.0,0.0,0.0,0.0,61072.5
1771445,IT,CH,BEVER,DAIRY,0.04,10381.671,3,3,10381.671,0.0,0.0,0.0,0.0,259541.775
1779081,IT,TR,SUPPO,PRINT,0.07,10381.468,3,3,10381.468,0.0,0.0,0.0,0.0,148306.685714
1690217,IT,IE,BUSIN,LANDT,0.11,10381.119,3,3,10381.119,0.0,0.0,0.0,0.0,94373.809091
1685164,IT,HU,BEVER,FISH5,0.04,10380.782,3,3,10380.782,0.0,0.0,0.0,0.0,259519.55
1713859,IT,MT,ELEC4,VEGE1,0.17,10380.704,3,3,10380.704,0.0,0.0,0.0,0.0,61062.964706
1768066,IT,RU,BUSIN,COPP1,0.11,10380.575,3,3,10380.575,0.0,0.0,0.0,0.0,94368.863636
1768757,IT,AU,WEARI,DIST1,0.08,10380.332,4,4,10380.33,0.0,0.0,0.0,0.002,129754.15
1690272,IT,IE,OILHA,PRINT,0.06,10380.332,3,3,10380.332,0.0,0.0,0.0,0.0,173005.533333
1777307,IT,TR,GLASS,MEAT4,0.03,10379.587,3,3,10379.587,0.0,0.0,0.0,0.0,345986.233333
1808053,IT,WF,INTER,RECRE,0.06,10379.363,3,3,10379.363,0.0,0.0,0.0,0.0,172989.383333
1746350,IT,JP,RUBBE,DAIRY,0.03,10378.975,3,3,10378.975,0.0,0.0,0.0,0.0,345965.833333
1814353,IT,WM,FINAN,AIRTR,0.14,10378.791,3,3,10378.791,0.0,0.0,0.0,0.0,74134.221429
1734535,IT,SK,PROCE,BEVER,0.07,10378.395,3,3,10378.395,0.0,0.0,0.0,0.0,148262.785714
1641476,IT,AT,GASDI,PAPE1,0.02,10378.143,3,3,10378.143,0.0,0.0,0.0,0.0,518907.15
1663936,IT,EE,WOODW,TRANS,0.03,10378.064,3,3,10378.064,0.0,0.0,0.0,0.0,345935.466667
1735615,IT,SK,COPP1,ALUM1,0.03,10377.953,3,3,10377.953,0.0,0.0,0.0,0.0,345931.766667
1670317,IT,FI,CHEMI,WHOLE,0.02,10377.628,4,4,10376.628,0.0,0.0,1.0,0.0,518881.4
1765458,IT,RU,TEXTI,RENTI,0.06,10377.38,3,3,10377.38,0.0,0.0,0.0,0.0,172956.333333
1755711,IT,KR,RUBBE,PRIVA,0.03,10377.367,3,3,10377.367,0.0,0.0,0.0,0.0,345912.233333
1759036,IT,BR,SEACO,CHEMI,0.01,10377.018,3,3,10377.018,0.0,0.0,0.0,0.0,1037701.8
1718868,IT,PL,PAPER,PAPE4,0.04,10376.937,3,3,10376.937,0.0,0.0,0.0,0.0,259423.425
1746199,IT,JP,CHEM1,ANIMA,0.02,10376.879,3,3,10376.879,0.0,0.0,0.0,0.0,518843.95
1670299,IT,FI,CHEMI,NFERT,0.02,10376.641,4,4,10375.641,0.0,0.0,1.0,0.0,518832.05
1783336,IT,NO,PAPE1,HEALT,0.07,10375.75,3,3,10375.75,0.0,0.0,0.0,0.0,148225.0
1786891,IT,ZA,SEACO,RESEA,0.01,10375.639,3,3,10375.639,0.0,0.0,0.0,0.0,1037563.9
1718302,IT,PL,FOOD5,STEAM,0.05,10375.376,3,3,10375.376,0.0,0.0,0.0,0.0,207507.52
1765632,IT,RU,WOODW,RAILW,0.03,10375.257,3,3,10375.257,0.0,0.0,0.0,0.0,345841.9
1742168,IT,US,GLASS,GASDI,0.03,10375.149,3,3,10375.149,0.0,0.0,0.0,0.0,345838.3
1662712,IT,DK,MACHI,INTER,0.06,10374.928,3,3,10374.928,0.0,0.0,0.0,0.0,172915.466667
1710947,IT,LU,RUBBE,NONME,0.03,10374.566,3,3,10374.566,0.0,0.0,0.0,0.0,345818.866667
1784140,IT,ID,PULP5,FOOD3,0.03,10374.262,3,3,10374.262,0.0,0.0,0.0,0.0,345808.733333
1726913,IT,RO,HOTEL,CATTL,0.08,10373.99,3,3,10373.99,0.0,0.0,0.0,0.0,129674.875
1744564,IT,US,REALE,REALE,0.44,10373.583,3,3,10373.583,0.0,0.0,0.0,0.0,23576.325
1675615,IT,FR,MOTO1,INLAN,0.06,10373.576,3,3,10373.576,0.0,0.0,0.0,0.0,172892.933333
1762635,IT,IN,COMPU,PRINT,0.12,10373.062,3,3,10373.062,0.0,0.0,0.0,0.0,86442.183333
1783195,IT,NO,COMPU,HEALT,0.12,10372.805,3,3,10372.805,0.0,0.0,0.0,0.0,86440.041667
1679740,IT,GR,BASIC,CHEM1,0.01,10372.61,3,3,10372.61,0.0,0.0,0.0,0.0,1037261.0
1808119,IT,WF,WOOD1,CONST,0.07,10372.371,3,3,10372.371,0.0,0.0,0.0,0.0,148176.728571
1670373,IT,FI,DAIRY,RENTI,0.04,10372.059,3,3,10372.059,0.0,0.0,0.0,0.0,259301.475
1755650,IT,KR,RUBBE,NAPHT,0.03,10371.868,3,3,10371.868,0.0,0.0,0.0,0.0,345728.933333
1713140,IT,MT,BEVER,COMPU,0.04,10371.794,3,3,10371.794,0.0,0.0,0.0,0.0,259294.85
1720356,IT,PL,FABRI,OILHA,0.04,10371.79,3,3,10371.79,0.0,0.0,0.0,0.0,259294.75
1740994,IT,US,BEVER,SUPPO,0.04,10371.451,3,3,10371.451,0.0,0.0,0.0,0.0,259286.275
1684075,IT,HR,HOTEL,STEAM,0.08,10370.797,3,3,10370.797,0.0,0.0,0.0,0.0,129634.9625
1797505,IT,WL,BUSIN,MOTOR,0.11,10370.597,3,3,10370.597,0.0,0.0,0.0,0.0,94278.154545
1735059,IT,SK,CHEM1,MEAT1,0.02,10370.486,3,3,10370.486,0.0,0.0,0.0,0.0,518524.3
1643429,IT,AT,LANDT,NFERT,0.07,10370.386,3,3,10370.386,0.0,0.0,0.0,0.0,148148.371429
1678947,IT,GR,TEXTI,RENTI,0.06,10370.062,3,3,10370.062,0.0,0.0,0.0,0.0,172834.366667
1662407,IT,DK,PREC1,TEXTI,0.02,10369.888,3,3,10369.888,0.0,0.0,0.0,0.0,518494.4
1805703,IT,WF,BASIC,TOBAC,0.01,10369.621,3,3,10369.621,0.0,0.0,0.0,0.0,1036962.1
1740229,IT,GB,BUSIN,LEAD1,0.11,10368.899,3,3,10368.899,0.0,0.0,0.0,0.0,94262.718182
1765395,IT,RU,TOBAC,COKEO,0.04,10368.741,3,3,10368.741,0.0,0.0,0.0,0.0,259218.525
1788740,IT,WA,MOTOR,TRAN1,0.02,10368.368,3,3,10368.368,0.0,0.0,0.0,0.0,518418.4
1769424,IT,AU,NONME,COKIN,0.02,10368.016,3,3,10368.016,0.0,0.0,0.0,0.0,518400.8
1814869,IT,WM,93197,CHEM1,0.07,10367.836,3,3,10367.836,0.0,0.0,0.0,0.0,148111.942857
1813270,IT,WM,TRANS,LEAD1,0.06,10367.493,3,3,10367.493,0.0,0.0,0.0,0.0,172791.55
1751937,IT,CN,COMPU,RETAI,0.12,10367.285,3,3,10367.285,0.0,0.0,0.0,0.0,86394.041667
1664432,IT,EE,MACHI,STEAM,0.06,10366.568,3,3,10366.568,0.0,0.0,0.0,0.0,172776.133333
1794576,IT,WL,HEAVY,CHARC,0.02,10366.335,3,3,10366.335,0.0,0.0,0.0,0.0,518316.75
1641933,IT,AT,RUBBE,CROPS,0.03,10366.301,3,3,10366.301,0.0,0.0,0.0,0.0,345543.366667
1813096,IT,WM,MOTO1,PLANT,0.06,10365.898,3,3,10365.898,0.0,0.0,0.0,0.0,172764.966667
1711061,IT,LU,BASIC,FOOD4,0.01,10365.728,3,3,10365.728,0.0,0.0,0.0,0.0,1036572.8
1684381,IT,HR,POSTT,RADIO,0.17,10365.196,3,3,10365.196,0.0,0.0,0.0,0.0,60971.741176
1781833,IT,NO,PLAST,PRINT,0.02,10364.901,3,3,10364.901,0.0,0.0,0.0,0.0,518245.05
1656752,IT,DE,AVIAT,AIRTR,0.02,10364.424,3,3,10364.424,0.0,0.0,0.0,0.0,518221.2
1664576,IT,EE,HOTEL,STEAM,0.08,10364.382,3,3,10364.382,0.0,0.0,0.0,0.0,129554.775
1717810,IT,NL,FOOD2,PAPE1,0.06,10364.33,3,3,10364.33,0.0,0.0,0.0,0.0,172738.833333
1741201,IT,US,WOODW,BEVER,0.03,10364.203,3,3,10364.203,0.0,0.0,0.0,0.0,345473.433333
1652721,IT,CZ,PAPER,BIODI,0.04,10363.893,3,3,10363.893,0.0,0.0,0.0,0.0,259097.325
1795276,IT,WL,CERAM,SUPPO,0.02,10363.787,3,3,10363.787,0.0,0.0,0.0,0.0,518189.35
1766024,IT,RU,CHEM1,ELEC1,0.02,10362.739,3,3,10362.739,0.0,0.0,0.0,0.0,518136.95
1662874,IT,DK,WHOLE,CHEM1,0.09,10362.701,3,3,10362.701,0.0,0.0,0.0,0.0,115141.122222
1645018,IT,BE,PULP5,FURNI,0.03,10362.47,3,3,10362.47,0.0,0.0,0.0,0.0,345415.666667
1760715,IT,IN,PAPER,DIST1,0.04,10362.373,3,3,10362.373,0.0,0.0,0.0,0.0,259059.325
1712983,IT,MT,STONE,NONME,0.03,10362.335,4,4,10361.335,0.0,0.0,1.0,0.0,345411.166667
1725624,IT,RO,WOODW,93197,0.03,10362.252,3,3,10362.252,0.0,0.0,0.0,0.0,345408.4
1770026,IT,AU,FURNI,REALE,0.03,10362.218,3,3,10362.218,0.0,0.0,0.0,0.0,345407.266667
1677947,IT,FR,BUSIN,TEXT1,0.11,10362.121,3,3,10362.121,0.0,0.0,0.0,0.0,94201.1
1725582,IT,RO,WOODW,MOTOR,0.03,10362.04,3,3,10362.04,0.0,0.0,0.0,0.0,345401.333333
1715654,IT,NL,NAPHT,REALE,0.02,10361.29,3,3,10361.29,0.0,0.0,0.0,0.0,518064.5
1664228,IT,EE,NONME,PAPER,0.02,10361.02,3,3,10361.02,0.0,0.0,0.0,0.0,518051.0
1773010,IT,CH,ALUM1,MEAT1,0.02,10360.904,3,3,10360.904,0.0,0.0,0.0,0.0,518045.2
1676249,IT,FR,SALEM,POULT,0.08,10360.818,3,3,10360.818,0.0,0.0,0.0,0.0,129510.225
1726960,IT,RO,HOTEL,ADDIT,0.08,10360.553,3,3,10360.553,0.0,0.0,0.0,0.0,129506.9125
1788580,IT,WA,PAPER,CONST,0.04,10360.502,3,3,10360.502,0.0,0.0,0.0,0.0,259012.55
1648652,IT,BG,DAIRY,BEVER,0.04,10360.493,3,3,10360.493,0.0,0.0,0.0,0.0,259012.325
1684860,IT,HU,STONE,FOUND,0.03,10359.728,4,4,10358.728,0.0,0.0,1.0,0.0,345324.266667
1726477,IT,RO,FABRI,COLLE,0.04,10358.408,3,3,10358.408,0.0,0.0,0.0,0.0,258960.2
1725728,IT,RO,PAPER,INERT,0.04,10357.977,3,3,10357.977,0.0,0.0,0.0,0.0,258949.425
1750695,IT,CN,MOTO1,ELEC3,0.06,10357.96,3,3,10357.96,0.0,0.0,0.0,0.0,172632.666667
1806790,IT,WF,RETA1,VEGE1,0.11,10357.878,3,3,10357.878,0.0,0.0,0.0,0.0,94162.527273
1735929,IT,SK,MOTO1,FORES,0.06,10357.491,3,3,10357.491,0.0,0.0,0.0,0.0,172624.85
1662436,IT,DK,ALUM1,FORES,0.02,10357.447,3,3,10357.447,0.0,0.0,0.0,0.0,517872.35
1729156,IT,SE,GLASS,SECO9,0.03,10357.36,3,3,10357.36,0.0,0.0,0.0,0.0,345245.333333
1751438,IT,CN,AIRTR,TOBAC,0.01,10357.334,3,3,10357.334,0.0,0.0,0.0,0.0,1035733.4
1735821,IT,SK,MACHI,ELEC4,0.06,10357.324,3,3,10357.324,0.0,0.0,0.0,0.0,172622.066667
1664082,IT,EE,CHEM1,TRANS,0.02,10356.476,3,3,10356.476,0.0,0.0,0.0,0.0,517823.8
1651133,IT,BG,COMPU,PUBLI,0.12,10355.838,3,3,10355.838,0.0,0.0,0.0,0.0,86298.65
1797256,IT,WL,FINAN,93197,0.13,10355.589,3,3,10355.589,0.0,0.0,0.0,0.0,79658.376923
1680630,IT,GR,SALEM,POSTT,0.08,10354.874,3,3,10354.874,0.0,0.0,0.0,0.0,129435.925
1711355,IT,LU,WHOLE,PUBLI,0.09,10354.437,3,3,10354.437,0.0,0.0,0.0,0.0,115049.3
1740710,IT,US,CHEMI,ELECT,0.02,10354.166,4,4,10353.166,0.0,0.0,1.0,0.0,517708.3
1732632,IT,SI,GLASS,ELEC4,0.03,10354.049,3,3,10354.049,0.0,0.0,0.0,0.0,345134.966667
1662951,IT,DK,RETA1,REALE,0.11,10353.667,3,3,10353.667,0.0,0.0,0.0,0.0,94124.245455
1728245,IT,SE,FOOD5,COMPU,0.05,10353.422,3,3,10353.422,0.0,0.0,0.0,0.0,207068.44
1738013,IT,GB,BIODI,WHOLE,0.02,10353.023,3,3,10353.023,0.0,0.0,0.0,0.0,517651.15
1798443,IT,WE,NATUR,BITU1,0.01,10352.406,3,3,10352.406,0.0,0.0,0.0,0.0,1035240.6
1730094,IT,SE,RETA1,HOTEL,0.11,10352.342,3,3,10352.342,0.0,0.0,0.0,0.0,94112.2
1772476,IT,CH,BIOGA,HEALT,0.02,10351.641,3,3,10351.641,0.0,0.0,0.0,0.0,517582.05
1783710,IT,NO,FOOD4,COPP1,0.07,10351.066,3,3,10351.066,0.0,0.0,0.0,0.0,147872.371429
1675102,IT,FR,LEAD1,PRINT,0.02,10350.678,3,3,10350.678,0.0,0.0,0.0,0.0,517533.9
1655891,IT,DE,DAIRY,RAILW,0.04,10350.329,3,3,10350.329,0.0,0.0,0.0,0.0,258758.225
1725357,IT,RO,TEXTI,POULT,0.06,10350.268,3,3,10350.268,0.0,0.0,0.0,0.0,172504.466667
1730284,IT,SE,SEACO,POSTT,0.01,10350.098,3,3,10350.098,0.0,0.0,0.0,0.0,1035009.8
1734817,IT,SK,PULP5,CONST,0.03,10349.942,3,3,10349.942,0.0,0.0,0.0,0.0,344998.066667
1744850,IT,US,RESEA,INERT,0.06,10349.888,3,3,10349.888,0.0,0.0,0.0,0.0,172498.133333
1650890,IT,BG,TRAN2,MOTO1,0.02,10349.778,3,3,10349.778,0.0,0.0,0.0,0.0,517488.9
1642051,IT,AT,GLASS,STONE,0.03,10349.117,3,3,10349.117,0.0,0.0,0.0,0.0,344970.566667
1651918,IT,CY,REALE,AUXIL,0.44,10349.024,3,3,10349.024,0.0,0.0,0.0,0.0,23520.509091
1797780,IT,WL,OILHA,MEAT1,0.06,10348.781,3,3,10348.781,0.0,0.0,0.0,0.0,172479.683333
1800739,IT,WE,NONME,TEXTI,0.02,10348.652,3,3,10348.652,0.0,0.0,0.0,0.0,517432.6
1797470,IT,WL,RESEA,SALEM,0.06,10348.393,3,3,10348.393,0.0,0.0,0.0,0.0,172473.216667
1712157,IT,LV,LEATH,FOOD5,0.07,10348.373,4,4,10348.371,0.0,0.0,0.0,0.002,147833.9
1808331,IT,WF,FOOD3,NONFE,0.03,10348.084,3,3,10348.084,0.0,0.0,0.0,0.0,344936.133333
1765868,IT,RU,NONSP,LUBRI,0.01,10347.743,3,3,10347.743,0.0,0.0,0.0,0.0,1034774.3
1685596,IT,HU,PRINT,TRANS,0.1,10347.204,3,3,10347.204,0.0,0.0,0.0,0.0,103472.04
1755364,IT,KR,PRINT,MEMBE,0.1,10347.199,3,3,10347.199,0.0,0.0,0.0,0.0,103471.99
1686483,IT,HU,PREC1,KEROS,0.02,10346.933,3,3,10346.933,0.0,0.0,0.0,0.0,517346.65
1724783,IT,PT,RENTI,RECRE,0.06,10346.341,3,3,10346.341,0.0,0.0,0.0,0.0,172439.016667
1712691,IT,LV,HOTEL,WOODW,0.07,10346.169,3,3,10346.169,0.0,0.0,0.0,0.0,147802.414286
1814080,IT,WM,AIRTR,SUGA1,0.01,10345.849,3,3,10345.849,0.0,0.0,0.0,0.0,1034584.9
1677561,IT,FR,REALE,FISHF,0.44,10345.295,3,3,10345.295,0.0,0.0,0.0,0.0,23512.034091
1716872,IT,NL,HOTEL,MEDIC,0.07,10345.014,3,3,10345.014,0.0,0.0,0.0,0.0,147785.914286
1651111,IT,BG,COMPU,MACHI,0.12,10344.807,3,3,10344.807,0.0,0.0,0.0,0.0,86206.725
1733234,IT,SI,MACHI,TRAN1,0.06,10344.708,3,3,10344.708,0.0,0.0,0.0,0.0,172411.8
1810398,IT,WM,PULP5,CATTL,0.03,10344.659,3,3,10344.659,0.0,0.0,0.0,0.0,344821.966667
1687750,IT,HU,SUPPO,COLLE,0.07,10344.47,3,3,10344.47,0.0,0.0,0.0,0.0,147778.142857
1764708,IT,MX,HOTEL,GASDI,0.07,10344.464,3,3,10344.464,0.0,0.0,0.0,0.0,147778.057143
1803902,IT,WF,WEARI,LEATH,0.08,10344.231,4,4,10344.229,0.0,0.0,0.0,0.002,129302.8875
1656804,IT,DE,GASDI,NAPHT,0.02,10343.117,3,3,10343.117,0.0,0.0,0.0,0.0,517155.85
1652827,IT,CZ,PRINT,FURNI,0.1,10342.897,3,3,10342.897,0.0,0.0,0.0,0.0,103428.97
1653179,IT,CZ,CHEM1,INTER,0.02,10342.884,3,3,10342.884,0.0,0.0,0.0,0.0,517144.2
1679760,IT,GR,BASIC,DISTR,0.01,10342.85,3,3,10342.85,0.0,0.0,0.0,0.0,1034285.0
1713389,IT,MT,LIQUE,FINAN,0.02,10341.266,3,3,10341.266,0.0,0.0,0.0,0.0,517063.3
1750946,IT,CN,CONST,RENTI,0.06,10341.063,3,3,10341.063,0.0,0.0,0.0,0.0,172351.05
1670285,IT,FI,SANDC,CHEM1,0.02,10340.099,4,4,10338.099,0.0,0.0,2.0,0.0,517004.95
1807087,IT,WF,SEACO,FURNI,0.01,10339.71,3,3,10339.71,0.0,0.0,0.0,0.0,1033971.0
1682852,IT,HR,LIQUE,ELEC1,0.02,10339.344,3,3,10339.344,0.0,0.0,0.0,0.0,516967.2
1745825,IT,JP,LEATH,STONE,0.07,10338.453,4,4,10338.451,0.0,0.0,0.0,0.002,147692.185714
1743860,IT,US,SEACO,BEVER,0.01,10338.448,3,3,10338.448,0.0,0.0,0.0,0.0,1033844.8
1770498,IT,AU,AIRTR,ELEC4,0.01,10338.299,3,3,10338.299,0.0,0.0,0.0,0.0,1033829.9
1778742,IT,TR,LANDT,WHEAT,0.07,10338.108,3,3,10338.108,0.0,0.0,0.0,0.0,147687.257143
1725830,IT,RO,AVIAT,SUGAR,0.02,10337.268,3,3,10337.268,0.0,0.0,0.0,0.0,516863.4
1716158,IT,NL,PREC1,SEWAG,0.02,10336.933,3,3,10336.933,0.0,0.0,0.0,0.0,516846.65
1725064,IT,RO,CROPS,MEATA,0.08,10336.389,3,3,10336.389,0.0,0.0,0.0,0.0,129204.8625
1729142,IT,SE,GLASS,BIOGA,0.03,10336.261,3,3,10336.261,0.0,0.0,0.0,0.0,344542.033333
1669578,IT,ES,REALE,FINAN,0.44,10336.152,3,3,10336.152,0.0,0.0,0.0,0.0,23491.254545
1761919,IT,IN,FURNI,HEAVY,0.03,10335.537,3,3,10335.537,0.0,0.0,0.0,0.0,344517.9
1777471,IT,TR,BASIC,DAIRY,0.01,10335.489,3,3,10335.489,0.0,0.0,0.0,0.0,1033548.9
1669725,IT,ES,BUSIN,PIGS9,0.11,10335.477,3,3,10335.477,0.0,0.0,0.0,0.0,93958.881818
1734771,IT,SK,WOODW,GASDI,0.03,10335.467,3,3,10335.467,0.0,0.0,0.0,0.0,344515.566667
1794990,IT,WL,CHEM1,TRAN2,0.02,10335.333,3,3,10335.333,0.0,0.0,0.0,0.0,516766.65
1719750,IT,PL,BASIC,CATTL,0.01,10335.302,3,3,10335.302,0.0,0.0,0.0,0.0,1033530.2
1765579,IT,RU,LEATH,RENTI,0.07,10335.206,4,4,10335.204,0.0,0.0,0.0,0.002,147645.8
1664310,IT,EE,COPP1,WHOLE,0.03,10335.139,3,3,10335.139,0.0,0.0,0.0,0.0,344504.633333
1798753,IT,WE,FOOD5,COKIN,0.05,10334.816,3,3,10334.816,0.0,0.0,0.0,0.0,206696.32
1649458,IT,BG,CHEM1,TRAN2,0.02,10334.306,3,3,10334.306,0.0,0.0,0.0,0.0,516715.3
1778848,IT,TR,LANDT,INERT,0.07,10334.244,3,3,10334.244,0.0,0.0,0.0,0.0,147632.057143
1748785,IT,CN,TEXTI,GASDI,0.06,10334.217,3,3,10334.217,0.0,0.0,0.0,0.0,172236.95
1783821,IT,NO,INERT,HEALT,0.08,10334.121,3,3,10334.121,0.0,0.0,0.0,0.0,129176.5125
1727861,IT,RO,BUSIN,TEXT2,0.11,10333.504,3,3,10333.504,0.0,0.0,0.0,0.0,93940.945455
1645973,IT,BE,BRICK,REALE,0.02,10333.0,3,3,10333.0,0.0,0.0,0.0,0.0,516650.0
1731651,IT,SI,WOODW,STONE,0.03,10332.783,3,3,10332.783,0.0,0.0,0.0,0.0,344426.1
1725465,IT,RO,WEARI,PFERT,0.08,10332.693,4,4,10332.691,0.0,0.0,0.0,0.002,129158.6625
1681916,IT,HR,PROCE,VEGET,0.07,10332.67,3,3,10332.67,0.0,0.0,0.0,0.0,147609.571429
1748859,IT,CN,WEARI,CROPS,0.08,10332.39,4,4,10332.388,0.0,0.0,0.0,0.002,129154.875
1729691,IT,SE,FABRI,WOOD1,0.04,10331.933,3,3,10331.933,0.0,0.0,0.0,0.0,258298.325
1645873,IT,BE,GLASS,RADIO,0.03,10330.833,3,3,10330.833,0.0,0.0,0.0,0.0,344361.1
1645844,IT,BE,GLASS,TOBAC,0.03,10330.528,3,3,10330.528,0.0,0.0,0.0,0.0,344350.933333
1683150,IT,HR,GLASS,CROPS,0.03,10330.015,3,3,10330.015,0.0,0.0,0.0,0.0,344333.833333
1712399,IT,LV,CERAM,WHOLE,0.02,10329.86,3,3,10329.86,0.0,0.0,0.0,0.0,516493.0
1797851,IT,WL,FOOD2,SUPPO,0.06,10329.452,3,3,10329.452,0.0,0.0,0.0,0.0,172157.533333
1777222,IT,TR,RUBBE,COKEO,0.03,10329.341,3,3,10329.341,0.0,0.0,0.0,0.0,344311.366667
1672973,IT,FR,DAIRY,SEWAG,0.04,10328.686,3,3,10328.686,0.0,0.0,0.0,0.0,258217.15
1752330,IT,CA,MEATP,HOTEL,0.04,10328.631,3,3,10328.631,0.0,0.0,0.0,0.0,258215.775
1671702,IT,FI,SALEM,WEARI,0.08,10328.174,3,3,10328.174,0.0,0.0,0.0,0.0,129102.175
1743173,IT,US,MOTO1,WOOD1,0.05,10328.108,3,3,10328.108,0.0,0.0,0.0,0.0,206562.16
1675971,IT,FR,ELEC4,LANDT,0.16,10328.014,3,3,10328.014,0.0,0.0,0.0,0.0,64550.0875
1650723,IT,BG,HOTEL,CEMEN,0.07,10327.927,3,3,10327.927,0.0,0.0,0.0,0.0,147541.814286
1656570,IT,DE,PRINT,TEXTI,0.1,10327.791,3,3,10327.791,0.0,0.0,0.0,0.0,103277.91
1761325,IT,IN,GLASS,PAPER,0.03,10327.552,3,3,10327.552,0.0,0.0,0.0,0.0,344251.733333
1806055,IT,WF,COPP1,RECRE,0.03,10327.493,3,3,10327.493,0.0,0.0,0.0,0.0,344249.766667
1646338,IT,BE,FABRI,SUGA1,0.04,10327.317,3,3,10327.317,0.0,0.0,0.0,0.0,258182.925
1792611,IT,WA,COMPU,SUPPO,0.12,10327.083,3,3,10327.083,0.0,0.0,0.0,0.0,86059.025
1641123,IT,AT,PAPER,RAILW,0.04,10326.655,3,3,10326.655,0.0,0.0,0.0,0.0,258166.375
1669936,IT,ES,EDUCA,CHEM1,0.26,10326.445,3,3,10326.445,0.0,0.0,0.0,0.0,39717.096154
1665311,IT,ES,BEVER,MEMBE,0.04,10326.186,3,3,10326.186,0.0,0.0,0.0,0.0,258154.65
1773506,IT,CH,MOTO1,DAIRY,0.05,10325.893,3,3,10325.893,0.0,0.0,0.0,0.0,206517.86
1810564,IT,WM,PAPER,SEACO,0.04,10325.874,3,3,10325.874,0.0,0.0,0.0,0.0,258146.85
1751824,IT,CN,RENTI,FOOD5,0.06,10325.838,3,3,10325.838,0.0,0.0,0.0,0.0,172097.3
1664843,IT,ES,CATTL,LEATH,0.02,10325.218,3,3,10325.218,0.0,0.0,0.0,0.0,516260.9
1675171,IT,FR,COPP1,TEXT2,0.03,10324.684,3,3,10324.684,0.0,0.0,0.0,0.0,344156.133333
1718396,IT,PL,BEVER,RETAI,0.04,10324.53,3,3,10324.53,0.0,0.0,0.0,0.0,258113.25
1807899,IT,WF,PLAS1,WHEAT,0.04,10324.414,3,3,10324.414,0.0,0.0,0.0,0.0,258110.35
1658693,IT,DE,OFFIC,BIOGA,0.03,10324.355,3,3,10324.355,0.0,0.0,0.0,0.0,344145.166667
1794045,IT,WL,PULP5,HOTEL,0.03,10323.421,3,3,10323.421,0.0,0.0,0.0,0.0,344114.033333
1717284,IT,NL,POSTT,AUXIL,0.17,10323.372,3,3,10323.372,0.0,0.0,0.0,0.0,60725.717647
1755430,IT,KR,HEAVY,FURNI,0.02,10322.809,3,3,10322.809,0.0,0.0,0.0,0.0,516140.45
1688805,IT,IE,GLASS,FURNI,0.03,10322.632,3,3,10322.632,0.0,0.0,0.0,0.0,344087.733333
1745003,IT,US,PUBLI,MEATP,0.17,10322.019,3,3,10322.019,0.0,0.0,0.0,0.0,60717.758824
1763699,IT,MX,RUBBE,DISTR,0.03,10321.864,3,3,10321.864,0.0,0.0,0.0,0.0,344062.133333
1715896,IT,NL,RUBBE,WASTE,0.03,10321.518,3,3,10321.518,0.0,0.0,0.0,0.0,344050.6
1808364,IT,WF,FOOD3,RECRE,0.03,10320.794,3,3,10320.794,0.0,0.0,0.0,0.0,344026.466667
1808961,IT,WM,CEREA,MEMBE,0.02,10320.458,3,3,10320.458,0.0,0.0,0.0,0.0,516022.9
1790043,IT,WA,NONME,PUBLI,0.02,10320.324,3,3,10320.324,0.0,0.0,0.0,0.0,516016.2
1755921,IT,KR,BASIC,SECO9,0.01,10320.188,3,3,10320.188,0.0,0.0,0.0,0.0,1032018.8
1649722,IT,BG,BASIC,MEATA,0.01,10320.17,3,3,10320.17,0.0,0.0,0.0,0.0,1032017.0
1665938,IT,ES,MOTOR,FISH5,0.02,10319.96,3,3,10319.96,0.0,0.0,0.0,0.0,515998.0
1710200,IT,LT,MACHI,FOOD2,0.06,10319.937,3,3,10319.937,0.0,0.0,0.0,0.0,171998.95
1735036,IT,SK,PLAST,COMPU,0.02,10319.228,3,3,10319.228,0.0,0.0,0.0,0.0,515961.4
1768323,IT,AU,CHEMI,CEMEN,0.02,10318.742,4,4,10317.742,0.0,0.0,1.0,0.0,515937.1
1729003,IT,SE,BIODI,WOODW,0.02,10318.587,3,3,10318.587,0.0,0.0,0.0,0.0,515929.35
1712072,IT,LV,BEVER,RUBBE,0.04,10318.535,3,3,10318.535,0.0,0.0,0.0,0.0,257963.375
1756339,IT,KR,MOTO1,93197,0.05,10317.924,3,3,10317.924,0.0,0.0,0.0,0.0,206358.48
1730060,IT,SE,RETA1,FORES,0.11,10317.373,3,3,10317.373,0.0,0.0,0.0,0.0,93794.3
1678141,IT,FR,PLAS1,BASIC,0.04,10317.27,3,3,10317.27,0.0,0.0,0.0,0.0,257931.75
1711202,IT,LU,MACHI,NFERT,0.06,10317.121,3,3,10317.121,0.0,0.0,0.0,0.0,171952.016667
1712592,IT,LV,MACHI,RESEA,0.06,10316.637,3,3,10316.637,0.0,0.0,0.0,0.0,171943.95
1806384,IT,WF,MOTO1,NONF1,0.05,10316.503,3,3,10316.503,0.0,0.0,0.0,0.0,206330.06
1795432,IT,WL,BASIC,HEALT,0.01,10316.289,3,3,10316.289,0.0,0.0,0.0,0.0,1031628.9
1661390,IT,DK,VEGE1,POULT,0.03,10316.252,4,4,10316.25,0.0,0.0,0.0,0.002,343875.066667
1719394,IT,PL,RUBBE,LIQUE,0.03,10316.086,3,3,10316.086,0.0,0.0,0.0,0.0,343869.533333
1727403,IT,RO,FINAN,FABRI,0.13,10315.92,3,3,10315.92,0.0,0.0,0.0,0.0,79353.230769
1668749,IT,ES,LANDT,RADIO,0.07,10315.546,3,3,10315.546,0.0,0.0,0.0,0.0,147364.942857
1785624,IT,ZA,HEAVY,WHEAT,0.02,10314.835,3,3,10314.835,0.0,0.0,0.0,0.0,515741.75
1688444,IT,IE,TEXTI,WOODW,0.06,10314.48,3,3,10314.48,0.0,0.0,0.0,0.0,171908.0
1720794,IT,PL,FURNI,BITUM,0.03,10314.465,3,3,10314.465,0.0,0.0,0.0,0.0,343815.5
1752429,IT,CA,VEGE1,MEMBE,0.03,10314.334,4,4,10314.332,0.0,0.0,0.0,0.002,343811.133333
1715553,IT,NL,GASDI,HEALT,0.02,10314.117,3,3,10314.117,0.0,0.0,0.0,0.0,515705.85
1681830,IT,HR,VEGE1,MEATC,0.03,10314.034,4,4,10314.032,0.0,0.0,0.0,0.002,343801.133333
1808934,IT,WM,CEREA,GLASS,0.02,10313.484,3,3,10313.484,0.0,0.0,0.0,0.0,515674.2
1811135,IT,WM,NAPHT,TOBAC,0.02,10312.898,3,3,10312.898,0.0,0.0,0.0,0.0,515644.9
1777970,IT,TR,MACHI,STEAM,0.06,10312.549,3,3,10312.549,0.0,0.0,0.0,0.0,171875.816667
1783883,IT,NO,WOOD2,RETA1,0.06,10311.946,3,3,10311.946,0.0,0.0,0.0,0.0,171865.766667
1776722,IT,TR,LIQUE,CRUDE,0.02,10311.585,3,3,10311.585,0.0,0.0,0.0,0.0,515579.25
1715513,IT,NL,GASDI,PRINT,0.02,10311.556,3,3,10311.556,0.0,0.0,0.0,0.0,515577.8
1730357,IT,SE,SUPPO,HOTEL,0.07,10311.401,3,3,10311.401,0.0,0.0,0.0,0.0,147305.728571
1761385,IT,IN,NONME,PRINT,0.02,10311.349,3,3,10311.349,0.0,0.0,0.0,0.0,515567.45
1687658,IT,HU,AIRTR,NONME,0.01,10311.249,3,3,10311.249,0.0,0.0,0.0,0.0,1031124.9
1781814,IT,NO,BITU1,NONME,0.02,10311.085,3,3,10311.085,0.0,0.0,0.0,0.0,515554.25
1648602,IT,BG,MEATC,RENTI,0.03,10311.053,3,3,10311.053,0.0,0.0,0.0,0.0,343701.766667
1668889,IT,ES,SEACO,NONF1,0.01,10310.937,3,3,10310.937,0.0,0.0,0.0,0.0,1031093.7
1737566,IT,GB,PULP5,COMPU,0.03,10310.912,3,3,10310.912,0.0,0.0,0.0,0.0,343697.066667
1664015,IT,EE,KEROS,FORES,0.02,10310.789,3,3,10310.789,0.0,0.0,0.0,0.0,515539.45
1677356,IT,FR,INSUR,PIGS9,0.21,10310.467,3,3,10310.467,0.0,0.0,0.0,0.0,49097.461905
1719572,IT,PL,GLASS,FOOD2,0.03,10310.076,3,3,10310.076,0.0,0.0,0.0,0.0,343669.2
1762655,IT,IN,COMPU,SUPPO,0.12,10310.032,3,3,10310.032,0.0,0.0,0.0,0.0,85916.933333
1777599,IT,TR,ALUM1,PFERT,0.02,10309.581,3,3,10309.581,0.0,0.0,0.0,0.0,515479.05
1710082,IT,LT,FABRI,COPP1,0.04,10309.388,3,3,10309.388,0.0,0.0,0.0,0.0,257734.7
1802714,IT,WE,COMPU,RESEA,0.12,10308.912,3,3,10308.912,0.0,0.0,0.0,0.0,85907.6
1749395,IT,CN,MOTOR,MACHI,0.02,10308.371,3,3,10308.371,0.0,0.0,0.0,0.0,515418.55
1755884,IT,KR,NONME,SUPPO,0.02,10307.745,3,3,10307.745,0.0,0.0,0.0,0.0,515387.25
1652669,IT,CZ,WOODW,WASTE,0.03,10307.66,3,3,10307.66,0.0,0.0,0.0,0.0,343588.666667
1789593,IT,WA,RUBBE,MEATA,0.03,10306.714,3,3,10306.714,0.0,0.0,0.0,0.0,343557.133333
1645348,IT,BE,GASDI,FINAN,0.02,10306.651,3,3,10306.651,0.0,0.0,0.0,0.0,515332.55
1663724,IT,EE,VEGE1,HOTEL,0.03,10306.411,4,4,10306.409,0.0,0.0,0.0,0.002,343547.033333
1711405,IT,LU,RETA1,HEALT,0.11,10306.363,3,3,10306.363,0.0,0.0,0.0,0.0,93694.209091
1788776,IT,WA,KEROS,MEATA,0.02,10306.179,3,3,10306.179,0.0,0.0,0.0,0.0,515308.95
1809380,IT,WM,CHEMI,WOOLS,0.02,10306.075,4,4,10305.075,0.0,0.0,1.0,0.0,515303.75
1649256,IT,BG,HEAVY,NAPHT,0.02,10305.988,3,3,10305.988,0.0,0.0,0.0,0.0,515299.4
1732665,IT,SI,CERAM,CHEMI,0.02,10305.812,3,3,10305.812,0.0,0.0,0.0,0.0,515290.6
1800678,IT,WE,CERAM,RESEA,0.02,10305.785,3,3,10305.785,0.0,0.0,0.0,0.0,515289.25
1810540,IT,WM,PAPER,COPP1,0.04,10305.43,3,3,10305.43,0.0,0.0,0.0,0.0,257635.75
1668642,IT,ES,RAILW,FURNI,0.07,10303.943,3,3,10303.943,0.0,0.0,0.0,0.0,147199.185714
1728726,IT,SE,MOTOR,INTER,0.02,10303.526,3,3,10303.526,0.0,0.0,0.0,0.0,515176.3
1715961,IT,NL,CERAM,KEROS,0.02,10303.265,3,3,10303.265,0.0,0.0,0.0,0.0,515163.25
1655974,IT,DE,FOOD5,KEROS,0.05,10303.102,3,3,10303.102,0.0,0.0,0.0,0.0,206062.04
1773093,IT,CH,LEAD1,ELEC3,0.02,10302.333,3,3,10302.333,0.0,0.0,0.0,0.0,515116.65
1647749,IT,BE,INSUR,SUPPO,0.21,10302.221,3,3,10302.221,0.0,0.0,0.0,0.0,49058.195238
1713753,IT,MT,OFFIC,RETAI,0.03,10302.146,3,3,10302.146,0.0,0.0,0.0,0.0,343404.866667
1717726,IT,NL,BUSIN,PLAS1,0.11,10301.832,3,3,10301.832,0.0,0.0,0.0,0.0,93653.018182
1663212,IT,DK,LANDT,OILHA,0.07,10301.624,3,3,10301.624,0.0,0.0,0.0,0.0,147166.057143
1748001,IT,JP,BUSIN,FISHF,0.11,10301.281,3,3,10301.281,0.0,0.0,0.0,0.0,93648.009091
1797672,IT,WL,PAPE1,RESEA,0.07,10300.748,3,3,10300.748,0.0,0.0,0.0,0.0,147153.542857
1711198,IT,LU,MACHI,PAPER,0.06,10300.139,3,3,10300.139,0.0,0.0,0.0,0.0,171668.983333
1689518,IT,IE,LANDT,HEALT,0.07,10299.492,3,3,10299.492,0.0,0.0,0.0,0.0,147135.6
1650894,IT,BG,SEACO,CEREA,0.01,10299.134,3,3,10299.134,0.0,0.0,0.0,0.0,1029913.4
1686548,IT,HU,ALUM1,LIQUE,0.02,10298.831,3,3,10298.831,0.0,0.0,0.0,0.0,514941.55
1773830,IT,CH,ELEC4,PUBLI,0.16,10298.398,3,3,10298.398,0.0,0.0,0.0,0.0,64364.9875
1738805,IT,GB,MOTO1,TEXTI,0.05,10298.225,3,3,10298.225,0.0,0.0,0.0,0.0,205964.5
1770185,IT,AU,RETA1,PUBLI,0.11,10297.703,3,3,10297.703,0.0,0.0,0.0,0.0,93615.481818
1766341,IT,RU,NONME,STEAM,0.02,10297.644,3,3,10297.644,0.0,0.0,0.0,0.0,514882.2
1804163,IT,WF,PAPER,RETAI,0.04,10297.519,3,3,10297.519,0.0,0.0,0.0,0.0,257437.975
1730605,IT,SE,RENTI,RAWMI,0.06,10297.404,3,3,10297.404,0.0,0.0,0.0,0.0,171623.4
1808915,IT,WM,CEREA,HYDRO,0.02,10296.975,3,3,10296.975,0.0,0.0,0.0,0.0,514848.75
1640282,IT,AT,SANDC,PIGS9,0.02,10296.556,4,4,10294.556,0.0,0.0,2.0,0.0,514827.8
1794730,IT,WL,BITU1,ELEC3,0.02,10296.528,3,3,10296.528,0.0,0.0,0.0,0.0,514826.4
1661466,IT,DK,PROCE,FISHF,0.07,10296.145,3,3,10296.145,0.0,0.0,0.0,0.0,147087.785714
1673832,IT,FR,PRINT,FABRI,0.1,10295.92,3,3,10295.92,0.0,0.0,0.0,0.0,102959.2
1730045,IT,SE,WHOLE,MOTO1,0.09,10295.776,3,3,10295.776,0.0,0.0,0.0,0.0,114397.511111
1686596,IT,HU,ALUM1,HEALT,0.02,10295.706,3,3,10295.706,0.0,0.0,0.0,0.0,514785.3
1686836,IT,HU,FABRI,TRAN1,0.04,10295.699,3,3,10295.699,0.0,0.0,0.0,0.0,257392.475
1791577,IT,WA,RETA1,SUPPO,0.11,10294.912,3,3,10294.912,0.0,0.0,0.0,0.0,93590.109091
1714947,IT,NL,FISH5,CROPS,0.04,10294.609,4,4,10294.604,0.0,0.0,0.0,0.005,257365.225
1751517,IT,CN,SUPPO,RADIO,0.07,10293.981,3,3,10293.981,0.0,0.0,0.0,0.0,147056.871429
1774231,IT,CH,RETA1,ELEC3,0.11,10293.774,3,3,10293.774,0.0,0.0,0.0,0.0,93579.763636
1781659,IT,NO,LEATH,DISTR,0.07,10293.683,4,4,10293.681,0.0,0.0,0.0,0.002,147052.614286
1719582,IT,PL,CERAM,ANIMA,0.02,10292.95,3,3,10292.95,0.0,0.0,0.0,0.0,514647.5
1754001,IT,CA,LANDT,BUSIN,0.07,10292.928,3,3,10292.928,0.0,0.0,0.0,0.0,147041.828571
1770461,IT,AU,AIRTR,FISHF,0.01,10292.521,3,3,10292.521,0.0,0.0,0.0,0.0,1029252.1
1650940,IT,BG,SEACO,REALE,0.01,10291.144,3,3,10291.144,0.0,0.0,0.0,0.0,1029114.4
1775624,IT,CH,93197,FOOD5,0.07,10291.09,3,3,10291.09,0.0,0.0,0.0,0.0,147015.571429
1642501,IT,AT,LEAD1,RETA1,0.02,10290.714,3,3,10290.714,0.0,0.0,0.0,0.0,514535.7
1661078,IT,DE,PUBLI,DISTR,0.17,10290.565,3,3,10290.565,0.0,0.0,0.0,0.0,60532.735294
1806913,IT,WF,HOTEL,MEMBE,0.07,10290.185,3,3,10290.185,0.0,0.0,0.0,0.0,147002.642857
1765028,IT,MX,INSUR,RUBBE,0.21,10289.967,3,3,10289.967,0.0,0.0,0.0,0.0,48999.842857
1647357,IT,BE,SEACO,OFFIC,0.01,10289.828,3,3,10289.828,0.0,0.0,0.0,0.0,1028982.8
1803095,IT,WF,VEGET,COKIN,0.04,10289.302,3,3,10289.302,0.0,0.0,0.0,0.0,257232.55
1711481,IT,LU,AIRTR,SUPPO,0.01,10289.24,3,3,10289.24,0.0,0.0,0.0,0.0,1028924.0
1727127,IT,RO,LANDT,FOUND,0.07,10289.217,3,3,10289.217,0.0,0.0,0.0,0.0,146988.814286
1794200,IT,WL,PRINT,FABRI,0.1,10288.849,3,3,10288.849,0.0,0.0,0.0,0.0,102888.49
1653987,IT,CZ,MACHI,NONSP,0.06,10288.563,3,3,10288.563,0.0,0.0,0.0,0.0,171476.05
1761095,IT,IN,CHEM1,SUGAR,0.02,10288.547,3,3,10288.547,0.0,0.0,0.0,0.0,514427.35
1796156,IT,WL,FURNI,COKIN,0.03,10288.473,3,3,10288.473,0.0,0.0,0.0,0.0,342949.1
1762880,IT,MX,ANIMA,HOTEL,0.04,10288.191,3,3,10288.191,0.0,0.0,0.0,0.0,257204.775
1676803,IT,FR,LANDT,CERAM,0.07,10287.985,3,3,10287.985,0.0,0.0,0.0,0.0,146971.214286
1647237,IT,BE,LANDT,BRICK,0.07,10287.396,3,3,10287.396,0.0,0.0,0.0,0.0,146962.8
1810253,IT,WM,LEATH,BRICK,0.07,10287.073,4,4,10287.071,0.0,0.0,0.0,0.002,146958.185714
1764629,IT,MX,RETA1,PAPER,0.11,10286.783,3,3,10286.783,0.0,0.0,0.0,0.0,93516.209091
1678763,IT,GR,SUGA1,HEALT,0.03,10286.781,4,4,10286.779,0.0,0.0,0.0,0.002,342892.7
1721623,IT,PL,POSTT,SALEM,0.17,10286.464,3,3,10286.464,0.0,0.0,0.0,0.0,60508.611765
1677048,IT,FR,SUPPO,NAPHT,0.07,10286.022,3,3,10286.022,0.0,0.0,0.0,0.0,146943.171429
1743009,IT,US,OFFIC,CEMEN,0.03,10285.412,3,3,10285.412,0.0,0.0,0.0,0.0,342847.066667
1712129,IT,LV,WEARI,FABRI,0.08,10284.987,4,4,10284.985,0.0,0.0,0.0,0.002,128562.3375
1805660,IT,WF,NONME,COMPU,0.02,10284.979,3,3,10284.979,0.0,0.0,0.0,0.0,514248.95
1780549,IT,TW,FINAN,GASDI,0.13,10284.779,3,3,10284.779,0.0,0.0,0.0,0.0,79113.684615
1681999,IT,HR,BEVER,ANIMA,0.04,10284.773,3,3,10284.773,0.0,0.0,0.0,0.0,257119.325
1689531,IT,IE,SEACO,HEAVY,0.01,10284.443,3,3,10284.443,0.0,0.0,0.0,0.0,1028444.3
1666150,IT,ES,GASDI,TRAN2,0.02,10284.417,3,3,10284.417,0.0,0.0,0.0,0.0,514220.85
1757604,IT,BR,GASDI,MACHI,0.02,10283.469,3,3,10283.469,0.0,0.0,0.0,0.0,514173.45
1661889,IT,DK,PAPER,MEMBE,0.04,10283.42,3,3,10283.42,0.0,0.0,0.0,0.0,257085.5
1683047,IT,HR,CHEM1,WASTE,0.02,10283.089,3,3,10283.089,0.0,0.0,0.0,0.0,514154.45
1759950,IT,BR,PLAS1,CONST,0.04,10282.682,3,3,10282.682,0.0,0.0,0.0,0.0,257067.05
1795053,IT,WL,ADDIT,FURNI,0.02,10282.551,3,3,10282.551,0.0,0.0,0.0,0.0,514127.55
1745252,IT,JP,CHEMI,CHEM1,0.02,10282.441,4,4,10281.441,0.0,0.0,1.0,0.0,514122.05
1751783,IT,CN,AUXIL,MACHI,0.19,10282.325,3,3,10282.325,0.0,0.0,0.0,0.0,54117.5
1790356,IT,WA,ALUM1,RENTI,0.02,10282.305,3,3,10282.305,0.0,0.0,0.0,0.0,514115.25
1773893,IT,CH,ELEC8,TRAN1,0.14,10281.79,3,3,10281.79,0.0,0.0,0.0,0.0,73441.357143
1651171,IT,BG,BUSIN,MOTOR,0.11,10281.785,3,3,10281.785,0.0,0.0,0.0,0.0,93470.772727
1813858,IT,WM,LANDT,TEXTI,0.07,10281.039,3,3,10281.039,0.0,0.0,0.0,0.0,146871.985714
1718598,IT,PL,LEATH,PULP5,0.07,10280.334,4,4,10280.332,0.0,0.0,0.0,0.002,146861.914286
1787765,IT,WA,DAIRY,CRUDE,0.04,10280.231,3,3,10280.231,0.0,0.0,0.0,0.0,257005.775
1713221,IT,MT,WOODW,RETA1,0.03,10280.154,3,3,10280.154,0.0,0.0,0.0,0.0,342671.8
1718109,IT,PL,VEGE1,ANIMA,0.03,10279.715,4,4,10279.713,0.0,0.0,0.0,0.002,342657.166667
1753530,IT,CA,MACHI,FISH5,0.06,10279.675,3,3,10279.675,0.0,0.0,0.0,0.0,171327.916667
1681050,IT,GR,SUPPO,WHEAT,0.07,10279.296,3,3,10279.296,0.0,0.0,0.0,0.0,146847.085714
1814757,IT,WM,FOOD2,CONST,0.06,10279.206,3,3,10279.206,0.0,0.0,0.0,0.0,171320.1
1782169,IT,NO,NONME,MOTO1,0.02,10278.872,3,3,10278.872,0.0,0.0,0.0,0.0,513943.6
1760281,IT,IN,CROPS,CONST,0.08,10278.363,3,3,10278.363,0.0,0.0,0.0,0.0,128479.5375
1814692,IT,WM,PLAS1,COMPU,0.04,10277.74,3,3,10277.74,0.0,0.0,0.0,0.0,256943.5
1803793,IT,WF,TEXTI,PROCE,0.06,10277.699,3,3,10277.699,0.0,0.0,0.0,0.0,171294.983333
1647367,IT,BE,SEACO,RETA1,0.01,10277.581,3,3,10277.581,0.0,0.0,0.0,0.0,1027758.1
1669166,IT,ES,POSTT,GLASS,0.17,10277.098,3,3,10277.098,0.0,0.0,0.0,0.0,60453.517647
1766529,IT,RU,COPP1,NAPHT,0.03,10276.885,3,3,10276.885,0.0,0.0,0.0,0.0,342562.833333
1713474,IT,MT,CHEM1,PUBLI,0.02,10276.642,3,3,10276.642,0.0,0.0,0.0,0.0,513832.1
1657710,IT,DE,CEMEN,STONE,0.02,10276.485,3,3,10276.485,0.0,0.0,0.0,0.0,513824.25
1674249,IT,FR,LUBRI,SEACO,0.01,10275.972,3,3,10275.972,0.0,0.0,0.0,0.0,1027597.2
1710706,IT,LU,FOOD5,MEAT1,0.05,10275.551,3,3,10275.551,0.0,0.0,0.0,0.0,205511.02
1686802,IT,HU,FABRI,NAPHT,0.04,10274.908,3,3,10274.908,0.0,0.0,0.0,0.0,256872.7
1655584,IT,DE,SANDC,BIODI,0.02,10274.402,4,4,10272.402,0.0,0.0,2.0,0.0,513720.1
1661710,IT,DK,WEARI,POSTT,0.08,10273.887,4,4,10273.885,0.0,0.0,0.0,0.002,128423.5875
1660201,IT,DE,SUPPO,AUXIL,0.07,10273.332,3,3,10273.332,0.0,0.0,0.0,0.0,146761.885714
1745300,IT,JP,MEAT4,RUBBE,0.06,10273.152,3,3,10273.152,0.0,0.0,0.0,0.0,171219.2
1710863,IT,LU,PRINT,AIRTR,0.1,10272.563,3,3,10272.563,0.0,0.0,0.0,0.0,102725.63
1753628,IT,CA,MACHI,PLAS2,0.06,10272.08,3,3,10272.08,0.0,0.0,0.0,0.0,171201.333333
1640885,IT,AT,LEATH,BASIC,0.07,10272.02,4,4,10272.018,0.0,0.0,0.0,0.002,146743.142857
1760266,IT,IN,VEGET,HOTEL,0.04,10271.896,3,3,10271.896,0.0,0.0,0.0,0.0,256797.4
1794420,IT,WL,KERO1,93197,0.01,10271.442,3,3,10271.442,0.0,0.0,0.0,0.0,1027144.2
1752574,IT,CA,BEVER,RESEA,0.04,10271.119,3,3,10271.119,0.0,0.0,0.0,0.0,256777.975
1715427,IT,NL,MOTOR,ELEC2,0.02,10270.666,3,3,10270.666,0.0,0.0,0.0,0.0,513533.3
1753588,IT,CA,MACHI,ELEC7,0.06,10270.435,3,3,10270.435,0.0,0.0,0.0,0.0,171173.916667
1757468,IT,BR,PAPER,COPP1,0.04,10270.105,3,3,10270.105,0.0,0.0,0.0,0.0,256752.625
1751127,IT,CN,RETA1,LANDT,0.11,10270.104,3,3,10270.104,0.0,0.0,0.0,0.0,93364.581818
1813956,IT,WM,SEACO,WOOLS,0.01,10269.361,3,3,10269.361,0.0,0.0,0.0,0.0,1026936.1
1808230,IT,WF,FOOD1,INSUR,0.05,10269.214,3,3,10269.214,0.0,0.0,0.0,0.0,205384.28
1780175,IT,TW,HOTEL,SEACO,0.07,10268.774,3,3,10268.774,0.0,0.0,0.0,0.0,146696.771429
1655598,IT,DE,SANDC,OFFIC,0.02,10268.561,4,4,10266.561,0.0,0.0,2.0,0.0,513428.05
1646236,IT,BE,LEAD1,WOODW,0.02,10268.237,3,3,10268.237,0.0,0.0,0.0,0.0,513411.85
1712516,IT,LV,FABRI,TRANS,0.04,10268.066,3,3,10268.066,0.0,0.0,0.0,0.0,256701.65
1651324,IT,CY,WOODW,MEATP,0.03,10267.556,3,3,10267.556,0.0,0.0,0.0,0.0,342251.866667
1745312,IT,JP,MEAT4,WHOLE,0.06,10266.918,3,3,10266.918,0.0,0.0,0.0,0.0,171115.3
1797778,IT,WL,OILHA,MEATC,0.06,10266.703,3,3,10266.703,0.0,0.0,0.0,0.0,171111.716667
1652482,IT,CZ,WEARI,GASDI,0.08,10264.888,4,4,10264.886,0.0,0.0,0.0,0.002,128311.1
1641416,IT,AT,GASDI,STONE,0.02,10264.302,3,3,10264.302,0.0,0.0,0.0,0.0,513215.1
1748645,IT,CN,DAIRY,ELEC1,0.04,10264.162,3,3,10264.162,0.0,0.0,0.0,0.0,256604.05
1732821,IT,SI,BASIC,PFERT,0.01,10263.959,3,3,10263.959,0.0,0.0,0.0,0.0,1026395.9
1683573,IT,HR,COPP1,CHEM1,0.03,10263.914,3,3,10263.914,0.0,0.0,0.0,0.0,342130.466667
1651500,IT,CY,HEAVY,HOTEL,0.02,10263.837,3,3,10263.837,0.0,0.0,0.0,0.0,513191.85
1678817,IT,GR,BEVER,MEAT1,0.04,10263.586,3,3,10263.586,0.0,0.0,0.0,0.0,256589.65
1738898,IT,GB,FURNI,BIOGA,0.03,10262.982,3,3,10262.982,0.0,0.0,0.0,0.0,342099.4
1732519,IT,SI,RUBBE,PFERT,0.03,10262.703,3,3,10262.703,0.0,0.0,0.0,0.0,342090.1
1757601,IT,BR,GASDI,CERAM,0.02,10261.249,3,3,10261.249,0.0,0.0,0.0,0.0,513062.45
1646371,IT,BE,FABRI,LEAD1,0.04,10261.052,3,3,10261.052,0.0,0.0,0.0,0.0,256526.3
1724357,IT,PT,SEACO,LEAD1,0.01,10260.837,3,3,10260.837,0.0,0.0,0.0,0.0,1026083.7
1793733,IT,WL,BEVER,MEAT4,0.04,10260.825,3,3,10260.825,0.0,0.0,0.0,0.0,256520.625
1732285,IT,SI,NAPHT,FORES,0.02,10260.586,3,3,10260.586,0.0,0.0,0.0,0.0,513029.3
1793609,IT,WL,VEGE1,FINAN,0.03,10260.504,4,4,10260.502,0.0,0.0,0.0,0.002,342016.8
1649529,IT,BG,RUBBE,LIQUE,0.03,10260.453,3,3,10260.453,0.0,0.0,0.0,0.0,342015.1
1723105,IT,PT,CHEM1,ELEC5,0.02,10259.752,3,3,10259.752,0.0,0.0,0.0,0.0,512987.6
1649704,IT,BG,NONME,MACHI,0.02,10259.722,3,3,10259.722,0.0,0.0,0.0,0.0,512986.1
1812200,IT,WM,NONME,PRINT,0.02,10259.615,3,3,10259.615,0.0,0.0,0.0,0.0,512980.75
1645072,IT,BE,PAPER,NONF1,0.04,10259.598,3,3,10259.598,0.0,0.0,0.0,0.0,256489.95
1763360,IT,MX,PRINT,PLAST,0.1,10259.515,3,3,10259.515,0.0,0.0,0.0,0.0,102595.15
1680751,IT,GR,RETA1,WHOLE,0.11,10259.472,3,3,10259.472,0.0,0.0,0.0,0.0,93267.927273
1723194,IT,PT,RUBBE,ALUM1,0.03,10258.661,3,3,10258.661,0.0,0.0,0.0,0.0,341955.366667
1712250,IT,LV,PRINT,WOODW,0.1,10258.469,3,3,10258.469,0.0,0.0,0.0,0.0,102584.69
1802232,IT,WE,RAILW,POSTT,0.07,10258.363,3,3,10258.363,0.0,0.0,0.0,0.0,146548.042857
1798865,IT,WE,BEVER,MEAT1,0.04,10257.905,3,3,10257.905,0.0,0.0,0.0,0.0,256447.625
1736295,IT,SK,HOTEL,SALEM,0.07,10257.73,3,3,10257.73,0.0,0.0,0.0,0.0,146539.0
1649685,IT,BG,CEMEN,FURNI,0.02,10257.593,3,3,10257.593,0.0,0.0,0.0,0.0,512879.65
1745502,IT,JP,FOOD5,ELEC4,0.05,10257.506,3,3,10257.506,0.0,0.0,0.0,0.0,205150.12
1778880,IT,TR,SEACO,LEADZ,0.01,10257.122,3,3,10257.122,0.0,0.0,0.0,0.0,1025712.2
1688434,IT,IE,FISH5,FOOD5,0.04,10257.083,4,4,10257.078,0.0,0.0,0.0,0.005,256427.075
1645292,IT,BE,KEROS,REFIN,0.02,10257.013,3,3,10257.013,0.0,0.0,0.0,0.0,512850.65
1795353,IT,WL,NONME,HOTEL,0.02,10256.786,3,3,10256.786,0.0,0.0,0.0,0.0,512839.3
1642404,IT,AT,PREC1,MOTO1,0.02,10256.029,3,3,10256.029,0.0,0.0,0.0,0.0,512801.45
1725242,IT,RO,FOOD5,MACHI,0.05,10255.872,3,3,10255.872,0.0,0.0,0.0,0.0,205117.44
1716174,IT,NL,ALUM1,PARAF,0.02,10255.86,3,3,10255.86,0.0,0.0,0.0,0.0,512793.0
1808112,IT,WF,WOOD1,WEARI,0.07,10255.736,3,3,10255.736,0.0,0.0,0.0,0.0,146510.514286
1748236,IT,JP,TEXT1,MEMBE,0.08,10255.525,3,3,10255.525,0.0,0.0,0.0,0.0,128194.0625
1754744,IT,KR,DAIRY,ELECT,0.04,10255.489,3,3,10255.489,0.0,0.0,0.0,0.0,256387.225
1791062,IT,WA,TRANS,BEVER,0.06,10255.329,3,3,10255.329,0.0,0.0,0.0,0.0,170922.15
1797846,IT,WL,FOOD2,RETA1,0.06,10254.97,3,3,10254.97,0.0,0.0,0.0,0.0,170916.166667
1808421,IT,WF,FOOD4,CROPS,0.07,10254.536,3,3,10254.536,0.0,0.0,0.0,0.0,146493.371429
1779218,IT,TR,POSTT,TRAN2,0.17,10254.532,3,3,10254.532,0.0,0.0,0.0,0.0,60320.776471
1640813,IT,AT,WEARI,MOTO1,0.08,10254.311,4,4,10254.309,0.0,0.0,0.0,0.002,128178.8875
1789572,IT,WA,BIODI,PLAST,0.02,10254.251,3,3,10254.251,0.0,0.0,0.0,0.0,512712.55
1761387,IT,IN,NONME,GASDI,0.02,10254.029,3,3,10254.029,0.0,0.0,0.0,0.0,512701.45
1727681,IT,RO,RENTI,FOOD3,0.06,10253.912,3,3,10253.912,0.0,0.0,0.0,0.0,170898.533333
1651580,IT,CY,GLASS,BEVER,0.03,10253.566,3,3,10253.566,0.0,0.0,0.0,0.0,341785.533333
1809676,IT,WM,PROCE,MEAT4,0.07,10252.699,3,3,10252.699,0.0,0.0,0.0,0.0,146467.128571
1775830,IT,TR,MEAT4,FOOD5,0.06,10252.503,3,3,10252.503,0.0,0.0,0.0,0.0,170875.05
1751836,IT,CN,RENTI,RUBBE,0.06,10252.475,3,3,10252.475,0.0,0.0,0.0,0.0,170874.583333
1745137,IT,US,RECRE,REALE,0.13,10251.73,3,3,10251.73,0.0,0.0,0.0,0.0,78859.461538
1813525,IT,WM,WHOLE,RAWMI,0.09,10251.635,3,3,10251.635,0.0,0.0,0.0,0.0,113907.055556
1744696,IT,US,COMPU,DIST1,0.12,10251.538,3,3,10251.538,0.0,0.0,0.0,0.0,85429.483333
1797801,IT,WL,OILHA,RETA1,0.06,10251.48,3,3,10251.48,0.0,0.0,0.0,0.0,170858.0
1724200,IT,PT,HOTEL,WHOLE,0.07,10251.428,3,3,10251.428,0.0,0.0,0.0,0.0,146448.971429
1717553,IT,NL,RENTI,PUBLI,0.06,10251.245,3,3,10251.245,0.0,0.0,0.0,0.0,170854.083333
1709690,IT,LT,PLAST,HOTEL,0.02,10251.022,3,3,10251.022,0.0,0.0,0.0,0.0,512551.1
1770175,IT,AU,RETA1,LANDT,0.11,10250.974,3,3,10250.974,0.0,0.0,0.0,0.0,93190.672727
1764223,IT,MX,MACHI,REFI1,0.06,10250.289,3,3,10250.289,0.0,0.0,0.0,0.0,170838.15
1806498,IT,WF,TRANS,TRAN2,0.06,10249.079,3,3,10249.079,0.0,0.0,0.0,0.0,170817.983333
1786081,IT,ZA,NONME,MEATA,0.02,10248.275,3,3,10248.275,0.0,0.0,0.0,0.0,512413.75
1793601,IT,WL,VEGE1,OFFIC,0.03,10248.106,4,4,10248.104,0.0,0.0,0.0,0.002,341603.533333
1761622,IT,IN,FABRI,MEAT1,0.04,10248.104,3,3,10248.104,0.0,0.0,0.0,0.0,256202.6
1676474,IT,FR,RETA1,FURNI,0.11,10248.003,3,3,10248.003,0.0,0.0,0.0,0.0,93163.663636
1735955,IT,SK,MOTO1,FOUND,0.05,10247.752,3,3,10247.752,0.0,0.0,0.0,0.0,204955.04
1725956,IT,RO,CHEM1,NATUR,0.02,10247.084,3,3,10247.084,0.0,0.0,0.0,0.0,512354.2
1682208,IT,HR,WEARI,FURNI,0.08,10247.047,4,4,10247.045,0.0,0.0,0.0,0.002,128088.0875
1765637,IT,RU,WOODW,RESEA,0.03,10246.128,3,3,10246.128,0.0,0.0,0.0,0.0,341537.6
1787627,IT,WA,MEAT4,FOOD5,0.06,10245.977,3,3,10245.977,0.0,0.0,0.0,0.0,170766.283333
1676422,IT,FR,WHOLE,PAPE4,0.09,10245.701,3,3,10245.701,0.0,0.0,0.0,0.0,113841.122222
1790884,IT,WA,OFFIC,BITUM,0.03,10245.675,3,3,10245.675,0.0,0.0,0.0,0.0,341522.5
1784961,IT,ID,INSUR,FABRI,0.21,10245.175,3,3,10245.175,0.0,0.0,0.0,0.0,48786.547619
1783841,IT,NO,TEXT2,BASIC,0.07,10244.684,3,3,10244.684,0.0,0.0,0.0,0.0,146352.628571
1749333,IT,CN,PRINT,NONME,0.1,10244.439,3,3,10244.439,0.0,0.0,0.0,0.0,102444.39
1713748,IT,MT,OFFIC,FURNI,0.03,10244.357,3,3,10244.357,0.0,0.0,0.0,0.0,341478.566667
1778434,IT,TR,WHOLE,BRICK,0.09,10244.202,3,3,10244.202,0.0,0.0,0.0,0.0,113824.466667
1779280,IT,TR,FINAN,RETAI,0.13,10243.617,3,3,10243.617,0.0,0.0,0.0,0.0,78797.053846
1787814,IT,WA,PROCE,WHOLE,0.07,10243.559,3,3,10243.559,0.0,0.0,0.0,0.0,146336.557143
1739239,IT,GB,RETA1,WASTE,0.11,10243.385,3,3,10243.385,0.0,0.0,0.0,0.0,93121.681818
1806854,IT,WF,RETA1,INSUR,0.11,10243.084,3,3,10243.084,0.0,0.0,0.0,0.0,93118.945455
1806609,IT,WF,SALEM,NATU1,0.08,10242.901,3,3,10242.901,0.0,0.0,0.0,0.0,128036.2625
1738594,IT,GB,FABRI,TRAN1,0.04,10242.585,3,3,10242.585,0.0,0.0,0.0,0.0,256064.625
1678707,IT,GR,DAIRY,ANIMA,0.04,10242.497,3,3,10242.497,0.0,0.0,0.0,0.0,256062.425
1769090,IT,AU,PLAST,TRANS,0.02,10242.492,3,3,10242.492,0.0,0.0,0.0,0.0,512124.6
1771637,IT,CH,WEARI,TEXTI,0.08,10241.484,4,4,10241.482,0.0,0.0,0.0,0.002,128018.55
1731016,IT,SE,WASTE,FOOD5,0.03,10241.373,3,3,10241.373,0.0,0.0,0.0,0.0,341379.1
1776543,IT,TR,KEROS,WASTE,0.02,10241.321,3,3,10241.321,0.0,0.0,0.0,0.0,512066.05
1776542,IT,TR,KEROS,FOOD3,0.02,10241.321,3,3,10241.321,0.0,0.0,0.0,0.0,512066.05
1776544,IT,TR,KEROS,FOOD4,0.02,10241.321,3,3,10241.321,0.0,0.0,0.0,0.0,512066.05
1776545,IT,TR,KEROS,PAPE4,0.02,10241.321,3,3,10241.321,0.0,0.0,0.0,0.0,512066.05
1776541,IT,TR,KEROS,FOOD2,0.02,10241.321,3,3,10241.321,0.0,0.0,0.0,0.0,512066.05
1776540,IT,TR,KEROS,OILHA,0.02,10241.321,3,3,10241.321,0.0,0.0,0.0,0.0,512066.05
1776549,IT,TR,KEROS,WOOD2,0.02,10241.321,3,3,10241.321,0.0,0.0,0.0,0.0,512066.05
1776539,IT,TR,KEROS,INTER,0.02,10241.321,3,3,10241.321,0.0,0.0,0.0,0.0,512066.05
1776532,IT,TR,KEROS,SECO9,0.02,10241.321,3,3,10241.321,0.0,0.0,0.0,0.0,512066.05
1776546,IT,TR,KEROS,PLAS2,0.02,10241.321,3,3,10241.321,0.0,0.0,0.0,0.0,512066.05
1737285,IT,GB,FOOD5,FINAN,0.05,10240.434,3,3,10240.434,0.0,0.0,0.0,0.0,204808.68
1648684,IT,BG,SUGA1,HOTEL,0.03,10240.204,4,4,10240.202,0.0,0.0,0.0,0.002,341340.133333
1808081,IT,WF,TEXT1,INSUR,0.08,10240.199,3,3,10240.199,0.0,0.0,0.0,0.0,128002.4875
1685667,IT,HU,HEAVY,RAWMI,0.02,10240.111,3,3,10240.111,0.0,0.0,0.0,0.0,512005.55
1719096,IT,PL,NONSP,CHEM1,0.01,10239.688,3,3,10239.688,0.0,0.0,0.0,0.0,1023968.8
1666440,IT,ES,PARAF,NAPHT,0.02,10239.543,3,3,10239.543,0.0,0.0,0.0,0.0,511977.15
1801848,IT,WE,ELE11,CROPS,0.15,10239.163,4,4,10239.158,0.0,0.0,0.0,0.005,68261.086667
1780519,IT,TW,POSTT,TRAN2,0.17,10238.84,3,3,10238.84,0.0,0.0,0.0,0.0,60228.470588
1664421,IT,EE,MACHI,RADIO,0.06,10238.706,3,3,10238.706,0.0,0.0,0.0,0.0,170645.1
1667968,IT,ES,TRANS,CEMEN,0.06,10238.375,3,3,10238.375,0.0,0.0,0.0,0.0,170639.583333
1753303,IT,CA,BASIC,TEXTI,0.01,10238.302,3,3,10238.302,0.0,0.0,0.0,0.0,1023830.2
1766775,IT,RU,MACHI,WHITE,0.06,10237.85,3,3,10237.85,0.0,0.0,0.0,0.0,170630.833333
1762433,IT,IN,POSTT,AUXIL,0.17,10237.116,3,3,10237.116,0.0,0.0,0.0,0.0,60218.329412
1789040,IT,WA,NAPHT,BIOGA,0.02,10236.898,3,3,10236.898,0.0,0.0,0.0,0.0,511844.9
1757557,IT,BR,MOTOR,PUBLI,0.02,10236.271,3,3,10236.271,0.0,0.0,0.0,0.0,511813.55
1802282,IT,WE,LANDT,ELEC3,0.07,10235.979,3,3,10235.979,0.0,0.0,0.0,0.0,146228.271429
1791633,IT,WA,HOTEL,PAPER,0.07,10235.638,3,3,10235.638,0.0,0.0,0.0,0.0,146223.4
1650918,IT,BG,SEACO,GLASS,0.01,10235.106,3,3,10235.106,0.0,0.0,0.0,0.0,1023510.6
1791906,IT,WA,TRAN2,WHOLE,0.02,10234.956,3,3,10234.956,0.0,0.0,0.0,0.0,511747.8
1791909,IT,WA,TRAN2,REALE,0.02,10234.756,3,3,10234.756,0.0,0.0,0.0,0.0,511737.8
1684920,IT,HU,CHEMI,FOUND,0.02,10233.409,4,4,10232.409,0.0,0.0,1.0,0.0,511670.45
1778371,IT,TR,RETAI,ELEC4,0.08,10233.324,3,3,10233.324,0.0,0.0,0.0,0.0,127916.55
1647379,IT,BE,SEACO,FOOD3,0.01,10233.275,3,3,10233.275,0.0,0.0,0.0,0.0,1023327.5
1671570,IT,FI,MOTO1,PLAST,0.05,10232.922,3,3,10232.922,0.0,0.0,0.0,0.0,204658.44
1728387,IT,SE,TEXTI,SEACO,0.06,10232.213,3,3,10232.213,0.0,0.0,0.0,0.0,170536.883333
1729263,IT,SE,CEMEN,LEADZ,0.02,10232.195,3,3,10232.195,0.0,0.0,0.0,0.0,511609.75
1718895,IT,PL,PRINT,BEVER,0.1,10232.074,3,3,10232.074,0.0,0.0,0.0,0.0,102320.74
1678224,IT,FR,OILHA,COMPU,0.06,10231.777,3,3,10231.777,0.0,0.0,0.0,0.0,170529.616667
1724664,IT,PT,INSUR,GASDI,0.21,10231.608,3,3,10231.608,0.0,0.0,0.0,0.0,48721.942857
1772728,IT,CH,CEMEN,GASDI,0.02,10231.605,3,3,10231.605,0.0,0.0,0.0,0.0,511580.25
1662016,IT,DK,PLAST,NONME,0.02,10230.443,3,3,10230.443,0.0,0.0,0.0,0.0,511522.15
1644043,IT,AT,BUSIN,BIODI,0.11,10230.157,3,3,10230.157,0.0,0.0,0.0,0.0,93001.427273
1755830,IT,KR,BRICK,BRICK,0.02,10229.944,3,3,10229.944,0.0,0.0,0.0,0.0,511497.2
1779993,IT,TW,SALEM,LIQUE,0.08,10229.73,3,3,10229.73,0.0,0.0,0.0,0.0,127871.625
1799133,IT,WE,WEARI,LIQUE,0.08,10229.694,4,4,10229.692,0.0,0.0,0.0,0.002,127871.175
1719085,IT,PL,PETRO,GLASS,0.02,10228.016,3,3,10228.016,0.0,0.0,0.0,0.0,511400.8
1649597,IT,BG,GLASS,PRECI,0.03,10227.388,3,3,10227.388,0.0,0.0,0.0,0.0,340912.933333
1651813,IT,CY,HOTEL,FURNI,0.07,10227.139,3,3,10227.139,0.0,0.0,0.0,0.0,146101.985714
1651012,IT,BG,SUPPO,BUSIN,0.07,10227.059,3,3,10227.059,0.0,0.0,0.0,0.0,146100.842857
1788470,IT,WA,PULP5,BASIC,0.03,10226.981,3,3,10226.981,0.0,0.0,0.0,0.0,340899.366667
1649383,IT,BG,CHEM1,FISHF,0.02,10226.929,3,3,10226.929,0.0,0.0,0.0,0.0,511346.45
1763752,IT,MX,GLASS,BASIC,0.03,10226.68,3,3,10226.68,0.0,0.0,0.0,0.0,340889.333333
1780752,IT,TW,RENTI,TOBAC,0.06,10226.489,3,3,10226.489,0.0,0.0,0.0,0.0,170441.483333
1781278,IT,NO,MEATP,MEATP,0.04,10226.038,3,3,10226.038,0.0,0.0,0.0,0.0,255650.95
1769208,IT,AU,CHEM1,PAPE4,0.02,10224.632,3,3,10224.632,0.0,0.0,0.0,0.0,511231.6
1647315,IT,BE,TRAN2,OFFIC,0.02,10224.6,3,3,10224.6,0.0,0.0,0.0,0.0,511230.0
1795122,IT,WL,RUBBE,REFI1,0.03,10224.479,3,3,10224.479,0.0,0.0,0.0,0.0,340815.966667
1710059,IT,LT,FABRI,TEXTI,0.04,10224.46,3,3,10224.46,0.0,0.0,0.0,0.0,255611.5
1672837,IT,FR,MEAT4,PUBLI,0.06,10224.246,3,3,10224.246,0.0,0.0,0.0,0.0,170404.1
1640464,IT,AT,DAIRY,FISHF,0.04,10223.913,3,3,10223.913,0.0,0.0,0.0,0.0,255597.825
1773918,IT,CH,SALEM,ANIMA,0.08,10223.878,3,3,10223.878,0.0,0.0,0.0,0.0,127798.475
1742221,IT,US,CERAM,BEVER,0.02,10223.677,3,3,10223.677,0.0,0.0,0.0,0.0,511183.85
1729072,IT,SE,RUBBE,DISTR,0.03,10222.965,3,3,10222.965,0.0,0.0,0.0,0.0,340765.5
1806031,IT,WF,COPP1,TRAN1,0.03,10222.155,3,3,10222.155,0.0,0.0,0.0,0.0,340738.5
1728338,IT,SE,TEXTI,LEADZ,0.06,10221.85,3,3,10221.85,0.0,0.0,0.0,0.0,170364.166667
1733768,IT,SI,LANDT,NONF1,0.07,10221.809,3,3,10221.809,0.0,0.0,0.0,0.0,146025.842857
1758769,IT,BR,RETA1,FOOD5,0.11,10221.365,3,3,10221.365,0.0,0.0,0.0,0.0,92921.5
1734682,IT,SK,LEATH,SANDC,0.07,10220.916,4,4,10220.914,0.0,0.0,0.0,0.002,146013.085714
1784077,IT,ID,LEATH,WOODW,0.07,10220.554,4,4,10220.552,0.0,0.0,0.0,0.002,146007.914286
1729443,IT,SE,PREC1,TEXTI,0.02,10220.363,3,3,10220.363,0.0,0.0,0.0,0.0,511018.15
1644946,IT,BE,WOODW,KEROS,0.03,10220.285,3,3,10220.285,0.0,0.0,0.0,0.0,340676.166667
1808925,IT,WM,CEREA,PRINT,0.02,10220.013,3,3,10220.013,0.0,0.0,0.0,0.0,511000.65
1653801,IT,CZ,COPP1,WOOD2,0.03,10219.763,3,3,10219.763,0.0,0.0,0.0,0.0,340658.766667
1751552,IT,CN,POSTT,FISH5,0.17,10219.762,3,3,10219.762,0.0,0.0,0.0,0.0,60116.247059
1722480,IT,PT,PROCE,HOTEL,0.07,10219.742,3,3,10219.742,0.0,0.0,0.0,0.0,145996.314286
1718029,IT,PL,CHEMI,DIST1,0.02,10219.649,4,4,10218.649,0.0,0.0,1.0,0.0,510982.45
1721968,IT,PL,COMPU,CHEM1,0.12,10219.528,3,3,10219.528,0.0,0.0,0.0,0.0,85162.733333
1771747,IT,CH,LEATH,COPP1,0.07,10219.512,4,4,10219.51,0.0,0.0,0.0,0.002,145993.028571
1785700,IT,ZA,NAPHT,WHITE,0.02,10219.496,3,3,10219.496,0.0,0.0,0.0,0.0,510974.8
1717459,IT,NL,AUXIL,CONST,0.19,10219.48,3,3,10219.48,0.0,0.0,0.0,0.0,53786.736842
1668251,IT,ES,WHOLE,CATTL,0.09,10218.956,3,3,10218.956,0.0,0.0,0.0,0.0,113543.955556
1761923,IT,IN,FURNI,PLAST,0.03,10218.09,3,3,10218.09,0.0,0.0,0.0,0.0,340603.0
1799820,IT,WE,GASDI,ALUMI,0.02,10218.036,3,3,10218.036,0.0,0.0,0.0,0.0,510901.8
1676131,IT,FR,ELEC8,RECRE,0.14,10217.33,3,3,10217.33,0.0,0.0,0.0,0.0,72980.928571
1723133,IT,PT,CHEM1,TEXT1,0.02,10217.141,3,3,10217.141,0.0,0.0,0.0,0.0,510857.05
1681227,IT,GR,FINAN,FOOD5,0.13,10217.118,3,3,10217.118,0.0,0.0,0.0,0.0,78593.215385
1682033,IT,HR,BEVER,SUPPO,0.04,10216.846,3,3,10216.846,0.0,0.0,0.0,0.0,255421.15
1674177,IT,FR,LIQUE,MEATP,0.02,10216.595,3,3,10216.595,0.0,0.0,0.0,0.0,510829.75
1733786,IT,SI,LANDT,DISTR,0.07,10216.277,3,3,10216.277,0.0,0.0,0.0,0.0,145946.814286
1746903,IT,JP,MOTO1,TOBAC,0.05,10216.19,3,3,10216.19,0.0,0.0,0.0,0.0,204323.8
1804676,IT,WF,LIQUE,NONFE,0.02,10216.181,3,3,10216.181,0.0,0.0,0.0,0.0,510809.05
1685218,IT,HU,FISH5,BUSIN,0.04,10215.893,4,4,10215.888,0.0,0.0,0.0,0.005,255397.325
1813264,IT,WM,TRANS,BRICK,0.06,10215.711,3,3,10215.711,0.0,0.0,0.0,0.0,170261.85
1754318,IT,CA,INSUR,MOTOR,0.21,10215.569,3,3,10215.569,0.0,0.0,0.0,0.0,48645.566667
1666298,IT,ES,LIQUE,PRINT,0.02,10215.395,3,3,10215.395,0.0,0.0,0.0,0.0,510769.75
1683216,IT,HR,CERAM,STONE,0.02,10215.243,3,3,10215.243,0.0,0.0,0.0,0.0,510762.15
1758771,IT,BR,RETA1,FISH5,0.11,10215.239,3,3,10215.239,0.0,0.0,0.0,0.0,92865.809091
1755164,IT,KR,LEATH,LANDT,0.07,10214.483,4,4,10214.481,0.0,0.0,0.0,0.002,145921.185714
1685663,IT,HU,GASDI,REALE,0.02,10214.248,3,3,10214.248,0.0,0.0,0.0,0.0,510712.4
1688609,IT,IE,NONSP,PEAT2,0.01,10213.815,3,3,10213.815,0.0,0.0,0.0,0.0,1021381.5
1688531,IT,IE,PAPER,PLAST,0.04,10213.693,3,3,10213.693,0.0,0.0,0.0,0.0,255342.325
1720066,IT,PL,ALUM1,FINAN,0.02,10213.045,3,3,10213.045,0.0,0.0,0.0,0.0,510652.25
1761367,IT,IN,CERAM,MACHI,0.02,10212.771,3,3,10212.771,0.0,0.0,0.0,0.0,510638.55
1766210,IT,RU,GLASS,NONME,0.03,10212.622,3,3,10212.622,0.0,0.0,0.0,0.0,340420.733333
1769959,IT,AU,TRANS,COKIN,0.06,10212.524,3,3,10212.524,0.0,0.0,0.0,0.0,170208.733333
1657105,IT,DE,NONSP,FOOD4,0.01,10212.014,3,3,10212.014,0.0,0.0,0.0,0.0,1021201.4
1660830,IT,DE,COMPU,SECO9,0.12,10211.839,3,3,10211.839,0.0,0.0,0.0,0.0,85098.658333
1669772,IT,ES,BUSIN,PFERT,0.1,10211.233,3,3,10211.233,0.0,0.0,0.0,0.0,102112.33
1793490,IT,WL,CHEMI,LEATH,0.02,10211.051,4,4,10210.051,0.0,0.0,1.0,0.0,510552.55
1654726,IT,CZ,TRAN2,FORES,0.02,10210.113,3,3,10210.113,0.0,0.0,0.0,0.0,510505.65
1765408,IT,RU,TEXTI,FORES,0.06,10209.77,3,3,10209.77,0.0,0.0,0.0,0.0,170162.833333
1730167,IT,SE,LANDT,GASDI,0.07,10209.756,3,3,10209.756,0.0,0.0,0.0,0.0,145853.657143
1802531,IT,WE,POSTT,RESEA,0.17,10209.187,3,3,10209.187,0.0,0.0,0.0,0.0,60054.041176
1768510,IT,AU,FOOD5,PRINT,0.05,10209.075,3,3,10209.075,0.0,0.0,0.0,0.0,204181.5
1664436,IT,EE,MACHI,RETAI,0.06,10208.496,3,3,10208.496,0.0,0.0,0.0,0.0,170141.6
1648451,IT,BG,CEREA,LEATH,0.02,10208.331,3,3,10208.331,0.0,0.0,0.0,0.0,510416.55
1682237,IT,HR,WEARI,FOOD4,0.08,10208.282,4,4,10208.28,0.0,0.0,0.0,0.002,127603.525
1789144,IT,WA,PLAST,CATTL,0.02,10208.176,3,3,10208.176,0.0,0.0,0.0,0.0,510408.8
1803186,IT,WF,CROPS,COPPE,0.08,10208.083,3,3,10208.083,0.0,0.0,0.0,0.0,127601.0375
1787594,IT,WA,MEATP,LEAD1,0.04,10208.044,3,3,10208.044,0.0,0.0,0.0,0.0,255201.1
1766359,IT,RU,NONME,RECRE,0.02,10207.974,3,3,10207.974,0.0,0.0,0.0,0.0,510398.7
1777113,IT,TR,CHEM1,TEXT2,0.02,10207.952,3,3,10207.952,0.0,0.0,0.0,0.0,510397.6
1713465,IT,MT,CHEM1,INLAN,0.02,10207.784,3,3,10207.784,0.0,0.0,0.0,0.0,510389.2
1679031,IT,GR,WOODW,LUBRI,0.03,10207.713,3,3,10207.713,0.0,0.0,0.0,0.0,340257.1
1659254,IT,DE,SALEM,FURNI,0.08,10207.711,3,3,10207.711,0.0,0.0,0.0,0.0,127596.3875
1798498,IT,WE,ALUMI,ALUM1,0.02,10207.386,3,3,10207.386,0.0,0.0,0.0,0.0,510369.3
1664174,IT,EE,GLASS,DAIRY,0.03,10207.226,3,3,10207.226,0.0,0.0,0.0,0.0,340240.866667
1785883,IT,ZA,ADDIT,ALUM1,0.02,10206.418,3,3,10206.418,0.0,0.0,0.0,0.0,510320.9
1660244,IT,DE,POSTT,BIOGA,0.17,10206.414,3,3,10206.414,0.0,0.0,0.0,0.0,60037.729412
1748235,IT,JP,TEXT1,FURNI,0.08,10206.342,3,3,10206.342,0.0,0.0,0.0,0.0,127579.275
1731055,IT,SI,VEGET,MEATC,0.04,10206.26,3,3,10206.26,0.0,0.0,0.0,0.0,255156.5
1797816,IT,WL,FOOD2,POULT,0.06,10205.919,3,3,10205.919,0.0,0.0,0.0,0.0,170098.65
1653031,IT,CZ,PLAST,LEAD1,0.02,10205.723,3,3,10205.723,0.0,0.0,0.0,0.0,510286.15
1723304,IT,PT,CERAM,RENTI,0.02,10205.116,3,3,10205.116,0.0,0.0,0.0,0.0,510255.8
1758375,IT,BR,FABRI,TEXTI,0.04,10204.159,3,3,10204.159,0.0,0.0,0.0,0.0,255103.975
1657772,IT,DE,NONME,MEAT1,0.02,10204.01,3,3,10204.01,0.0,0.0,0.0,0.0,510200.5
1670290,IT,FI,SANDC,DISTR,0.02,10203.911,4,4,10201.911,0.0,0.0,2.0,0.0,510195.55
1656699,IT,DE,MOTOR,PIGS9,0.02,10203.756,3,3,10203.756,0.0,0.0,0.0,0.0,510187.8
1775632,IT,CH,93197,TRANS,0.07,10203.697,3,3,10203.697,0.0,0.0,0.0,0.0,145767.1
1663234,IT,DK,SEACO,MEATC,0.01,10203.211,3,3,10203.211,0.0,0.0,0.0,0.0,1020321.1
1672011,IT,FI,SEACO,PLAST,0.01,10202.177,3,3,10202.177,0.0,0.0,0.0,0.0,1020217.7
1738120,IT,GB,GLASS,MEAT1,0.03,10202.052,3,3,10202.052,0.0,0.0,0.0,0.0,340068.4
1651627,IT,CY,NONME,NONME,0.02,10201.749,3,3,10201.749,0.0,0.0,0.0,0.0,510087.45
1648588,IT,BG,CHEMI,CHEM1,0.02,10201.624,4,4,10200.624,0.0,0.0,1.0,0.0,510081.2
1809264,IT,WM,CRUDE,ELEC3,0.02,10201.531,3,3,10201.531,0.0,0.0,0.0,0.0,510076.55
1683701,IT,HR,MACHI,RAWMI,0.06,10201.402,3,3,10201.402,0.0,0.0,0.0,0.0,170023.366667
1670454,IT,FI,FOOD5,MEMBE,0.05,10201.064,3,3,10201.064,0.0,0.0,0.0,0.0,204021.28
1792834,IT,WA,EDUCA,WEARI,0.25,10200.727,3,3,10200.727,0.0,0.0,0.0,0.0,40802.908
1687002,IT,HU,MACHI,TEXT2,0.06,10200.06,3,3,10200.06,0.0,0.0,0.0,0.0,170001.0
1719707,IT,PL,NONME,PREC1,0.02,10199.677,3,3,10199.677,0.0,0.0,0.0,0.0,509983.85
1678147,IT,FR,PLAS1,HOTEL,0.04,10199.213,3,3,10199.213,0.0,0.0,0.0,0.0,254980.325
1716217,IT,NL,LEAD1,MEATC,0.02,10199.142,3,3,10199.142,0.0,0.0,0.0,0.0,509957.1
1674946,IT,FR,BASIC,LANDT,0.01,10198.829,3,3,10198.829,0.0,0.0,0.0,0.0,1019882.9
1791550,IT,WA,RETA1,FABRI,0.11,10198.354,3,3,10198.354,0.0,0.0,0.0,0.0,92712.309091
1748295,IT,JP,MEMBE,BUSIN,0.12,10198.308,3,3,10198.308,0.0,0.0,0.0,0.0,84985.9
1789105,IT,WA,PARAF,LEAD1,0.02,10197.83,3,3,10197.83,0.0,0.0,0.0,0.0,509891.5
1747986,IT,JP,RESEA,BUSIN,0.06,10197.783,3,3,10197.783,0.0,0.0,0.0,0.0,169963.05
1782865,IT,NO,TRAN2,RETAI,0.02,10196.723,3,3,10196.723,0.0,0.0,0.0,0.0,509836.15
1756128,IT,KR,FABRI,MEMBE,0.04,10196.496,3,3,10196.496,0.0,0.0,0.0,0.0,254912.4
1711199,IT,LU,MACHI,PRINT,0.06,10196.314,3,3,10196.314,0.0,0.0,0.0,0.0,169938.566667
1644078,IT,AT,BUSIN,RAILW,0.1,10195.655,3,3,10195.655,0.0,0.0,0.0,0.0,101956.55
1809884,IT,WM,BEVER,WOODW,0.04,10194.387,3,3,10194.387,0.0,0.0,0.0,0.0,254859.675
1723368,IT,PT,BASIC,FISH5,0.01,10193.117,3,3,10193.117,0.0,0.0,0.0,0.0,1019311.7
1673808,IT,FR,PRINT,MEATA,0.1,10192.707,3,3,10192.707,0.0,0.0,0.0,0.0,101927.07
1772605,IT,CH,GLASS,RAWMI,0.03,10192.529,3,3,10192.529,0.0,0.0,0.0,0.0,339750.966667
1679613,IT,GR,RUBBE,HEALT,0.03,10192.338,3,3,10192.338,0.0,0.0,0.0,0.0,339744.6
1755398,IT,KR,KEROS,POSTT,0.02,10192.284,3,3,10192.284,0.0,0.0,0.0,0.0,509614.2
1642418,IT,AT,ALUM1,SUGA1,0.02,10191.773,3,3,10191.773,0.0,0.0,0.0,0.0,509588.65
1737952,IT,GB,CHEM1,PREC1,0.02,10191.591,3,3,10191.591,0.0,0.0,0.0,0.0,509579.55
1674766,IT,FR,CERAM,REALE,0.02,10191.328,3,3,10191.328,0.0,0.0,0.0,0.0,509566.4
1775158,IT,CH,RESEA,DAIRY,0.06,10190.504,3,3,10190.504,0.0,0.0,0.0,0.0,169841.733333
1664237,IT,EE,NONME,MACHI,0.02,10190.447,3,3,10190.447,0.0,0.0,0.0,0.0,509522.35
1684273,IT,HR,AIRTR,TEXTI,0.01,10190.378,3,3,10190.378,0.0,0.0,0.0,0.0,1019037.8
1726734,IT,RO,FURNI,RAILW,0.03,10189.932,3,3,10189.932,0.0,0.0,0.0,0.0,339664.4
1726282,IT,RO,BASIC,COPP1,0.01,10189.765,3,3,10189.765,0.0,0.0,0.0,0.0,1018976.5
1730524,IT,SE,INSUR,INSUR,0.21,10189.715,3,3,10189.715,0.0,0.0,0.0,0.0,48522.452381
1675132,IT,FR,COPP1,ADDIT,0.03,10189.333,3,3,10189.333,0.0,0.0,0.0,0.0,339644.433333
1671986,IT,FI,LANDT,RAILW,0.07,10188.159,3,3,10188.159,0.0,0.0,0.0,0.0,145545.128571
1783339,IT,NO,PAPE1,PLAS1,0.07,10187.861,3,3,10187.861,0.0,0.0,0.0,0.0,145540.871429
1808223,IT,WF,FOOD1,RETA1,0.05,10187.269,3,3,10187.269,0.0,0.0,0.0,0.0,203745.38
1727577,IT,RO,REALE,MOTO1,0.43,10186.857,3,3,10186.857,0.0,0.0,0.0,0.0,23690.365116
1649310,IT,BG,NONSP,ELEC1,0.01,10186.382,3,3,10186.382,0.0,0.0,0.0,0.0,1018638.2
1787541,IT,WA,CHEMI,FABRI,0.02,10186.367,4,4,10185.367,0.0,0.0,1.0,0.0,509318.35
1800456,IT,WE,RUBBE,PADDY,0.03,10186.333,3,3,10186.333,0.0,0.0,0.0,0.0,339544.433333
1643388,IT,AT,LANDT,POULT,0.07,10186.064,3,3,10186.064,0.0,0.0,0.0,0.0,145515.2
1801917,IT,WE,CONST,RECRE,0.06,10185.839,3,3,10185.839,0.0,0.0,0.0,0.0,169763.983333
1668549,IT,ES,HOTEL,ELEC5,0.07,10185.65,3,3,10185.65,0.0,0.0,0.0,0.0,145509.285714
1763394,IT,MX,PRINT,AUXIL,0.1,10185.531,3,3,10185.531,0.0,0.0,0.0,0.0,101855.31
1738185,IT,GB,CERAM,PRINT,0.02,10185.146,3,3,10185.146,0.0,0.0,0.0,0.0,509257.3
1784674,IT,ID,MOTO1,ELECT,0.05,10185.144,3,3,10185.144,0.0,0.0,0.0,0.0,203702.88
1792575,IT,WA,COMPU,CRUDE,0.12,10184.407,3,3,10184.407,0.0,0.0,0.0,0.0,84870.058333
1684248,IT,HR,SEACO,ELEC2,0.01,10184.173,3,3,10184.173,0.0,0.0,0.0,0.0,1018417.3
1713168,IT,MT,TOBAC,PLAST,0.04,10184.034,3,3,10184.034,0.0,0.0,0.0,0.0,254600.85
1793858,IT,WL,TEXTI,MEDIC,0.06,10183.631,3,3,10183.631,0.0,0.0,0.0,0.0,169727.183333
1791831,IT,WA,LANDT,NONME,0.07,10183.566,3,3,10183.566,0.0,0.0,0.0,0.0,145479.514286
1679150,IT,GR,PAPER,SEACO,0.04,10183.529,3,3,10183.529,0.0,0.0,0.0,0.0,254588.225
1763159,IT,MX,LEATH,GASDI,0.07,10182.837,4,4,10182.835,0.0,0.0,0.0,0.002,145469.1
1754189,IT,CA,SUPPO,POSTT,0.07,10182.724,3,3,10182.724,0.0,0.0,0.0,0.0,145467.485714
1813696,IT,WM,RETA1,AIRTR,0.11,10182.589,3,3,10182.589,0.0,0.0,0.0,0.0,92568.990909
1785560,IT,ZA,KERO1,FURNI,0.01,10181.816,3,3,10181.816,0.0,0.0,0.0,0.0,1018181.6
1743613,IT,US,HOTEL,LEAD1,0.07,10181.617,3,3,10181.617,0.0,0.0,0.0,0.0,145451.671429
1767934,IT,RU,RENTI,RENTI,0.06,10180.654,3,3,10180.654,0.0,0.0,0.0,0.0,169677.566667
1727587,IT,RO,REALE,CONST,0.43,10180.642,3,3,10180.642,0.0,0.0,0.0,0.0,23675.911628
1653025,IT,CZ,PLAST,BRICK,0.02,10180.532,3,3,10180.532,0.0,0.0,0.0,0.0,509026.6
1712264,IT,LV,KEROS,SUPPO,0.02,10180.485,3,3,10180.485,0.0,0.0,0.0,0.0,509024.25
1768412,IT,AU,VEGE1,CONST,0.03,10180.28,4,4,10180.278,0.0,0.0,0.0,0.002,339342.666667
1809848,IT,WM,FOOD5,FOOD3,0.05,10180.197,3,3,10180.197,0.0,0.0,0.0,0.0,203603.94
1661713,IT,DK,WEARI,RESEA,0.08,10180.176,4,4,10180.174,0.0,0.0,0.0,0.002,127252.2
1654975,IT,CZ,INSUR,SUPPO,0.21,10179.851,3,3,10179.851,0.0,0.0,0.0,0.0,48475.480952
1759313,IT,BR,POSTT,RESEA,0.17,10179.683,3,3,10179.683,0.0,0.0,0.0,0.0,59880.488235
1640263,IT,AT,STONE,NONME,0.03,10179.603,4,4,10178.603,0.0,0.0,1.0,0.0,339320.1
1781672,IT,NO,LEATH,REALE,0.07,10179.547,4,4,10179.545,0.0,0.0,0.0,0.002,145422.1
1734324,IT,SI,BUSIN,SALEM,0.1,10179.105,3,3,10179.105,0.0,0.0,0.0,0.0,101791.05
1767671,IT,RU,POSTT,AIRTR,0.17,10178.929,3,3,10178.929,0.0,0.0,0.0,0.0,59876.052941
1687533,IT,HU,LANDT,CERAM,0.07,10178.774,3,3,10178.774,0.0,0.0,0.0,0.0,145411.057143
1640236,IT,AT,FORES,RESEA,0.09,10178.75,4,4,10174.75,0.0,4.0,0.0,0.0,113097.222222
1646328,IT,BE,FABRI,FORES,0.04,10178.337,3,3,10178.337,0.0,0.0,0.0,0.0,254458.425
1729229,IT,SE,CERAM,STEAM,0.02,10178.081,3,3,10178.081,0.0,0.0,0.0,0.0,508904.05
1759391,IT,BR,INSUR,CATTL,0.21,10177.855,3,3,10177.855,0.0,0.0,0.0,0.0,48465.97619
1710837,IT,LU,PAPER,AIRTR,0.04,10177.376,3,3,10177.376,0.0,0.0,0.0,0.0,254434.4
1758420,IT,BR,FABRI,ELEC3,0.04,10177.174,3,3,10177.174,0.0,0.0,0.0,0.0,254429.35
1687393,IT,HU,HOTEL,FURNI,0.07,10176.351,3,3,10176.351,0.0,0.0,0.0,0.0,145376.442857
1778786,IT,TR,LANDT,RUBBE,0.07,10176.252,3,3,10176.252,0.0,0.0,0.0,0.0,145375.028571
1678849,IT,GR,BEVER,RECRE,0.04,10176.044,3,3,10176.044,0.0,0.0,0.0,0.0,254401.1
1683517,IT,HR,ALUM1,PULP5,0.02,10175.903,3,3,10175.903,0.0,0.0,0.0,0.0,508795.15
1797412,IT,WL,COMPU,OFFIC,0.12,10175.696,3,3,10175.696,0.0,0.0,0.0,0.0,84797.466667
1796345,IT,WL,RETAI,BIODI,0.08,10175.598,3,3,10175.598,0.0,0.0,0.0,0.0,127194.975
1729528,IT,SE,LEAD1,RESEA,0.02,10175.497,3,3,10175.497,0.0,0.0,0.0,0.0,508774.85
1736991,IT,GB,WOOLS,ELEC7,0.04,10175.433,3,3,10175.433,0.0,0.0,0.0,0.0,254385.825
1651766,IT,CY,MACHI,PUBLI,0.06,10175.269,3,3,10175.269,0.0,0.0,0.0,0.0,169587.816667
1728782,IT,SE,HEAVY,LUBRI,0.02,10175.24,3,3,10175.24,0.0,0.0,0.0,0.0,508762.0
1733373,IT,SI,TRANS,RESEA,0.06,10175.211,3,3,10175.211,0.0,0.0,0.0,0.0,169586.85
1652923,IT,CZ,GASDI,MOTO1,0.02,10175.08,3,3,10175.08,0.0,0.0,0.0,0.0,508754.0
1742441,IT,US,BASIC,PIGS9,0.01,10175.033,3,3,10175.033,0.0,0.0,0.0,0.0,1017503.3
1745318,IT,JP,MEAT4,93197,0.06,10174.962,3,3,10174.962,0.0,0.0,0.0,0.0,169582.7
1713301,IT,MT,MOTOR,RETA1,0.02,10174.944,3,3,10174.944,0.0,0.0,0.0,0.0,508747.2
1809536,IT,WM,VEGE1,CEREA,0.03,10174.74,4,4,10174.738,0.0,0.0,0.0,0.002,339158.0
1712775,IT,LV,LANDT,LANDT,0.07,10174.714,3,3,10174.714,0.0,0.0,0.0,0.0,145353.057143
1664684,IT,EE,SEACO,WHOLE,0.01,10174.65,3,3,10174.65,0.0,0.0,0.0,0.0,1017465.0
1680988,IT,GR,INLAN,REALE,0.02,10174.527,3,3,10174.527,0.0,0.0,0.0,0.0,508726.35
1646772,IT,BE,CONST,COMPU,0.06,10174.17,3,3,10174.17,0.0,0.0,0.0,0.0,169569.5
1671704,IT,FI,SALEM,WOODW,0.08,10173.967,3,3,10173.967,0.0,0.0,0.0,0.0,127174.5875
1739812,IT,GB,POSTT,HEALT,0.17,10173.965,3,3,10173.965,0.0,0.0,0.0,0.0,59846.852941
1743475,IT,US,WHOLE,CONST,0.09,10173.96,3,3,10173.96,0.0,0.0,0.0,0.0,113044.0
1645748,IT,BE,RUBBE,WHITE,0.03,10173.778,3,3,10173.778,0.0,0.0,0.0,0.0,339125.933333
1689046,IT,IE,MOTO1,RETA1,0.05,10173.72,3,3,10173.72,0.0,0.0,0.0,0.0,203474.4
1788915,IT,WA,HEAVY,ANIMA,0.02,10173.688,3,3,10173.688,0.0,0.0,0.0,0.0,508684.4
1789510,IT,WA,ADDIT,BASIC,0.02,10173.658,3,3,10173.658,0.0,0.0,0.0,0.0,508682.9
1788051,IT,WA,TEXTI,TRAN1,0.06,10173.249,3,3,10173.249,0.0,0.0,0.0,0.0,169554.15
1805866,IT,WF,ALUM1,GASDI,0.02,10173.217,3,3,10173.217,0.0,0.0,0.0,0.0,508660.85
1732218,IT,SI,HEAVY,ELEC2,0.02,10172.989,3,3,10172.989,0.0,0.0,0.0,0.0,508649.45
1672006,IT,FI,TRAN2,KEROS,0.02,10172.797,3,3,10172.797,0.0,0.0,0.0,0.0,508639.85
1771079,IT,CH,NATUR,TRANS,0.01,10172.597,3,3,10172.597,0.0,0.0,0.0,0.0,1017259.7
1796455,IT,WL,RETA1,CEREA,0.11,10172.171,3,3,10172.171,0.0,0.0,0.0,0.0,92474.281818
1793449,IT,WL,STONE,PRECI,0.03,10172.043,4,4,10171.043,0.0,0.0,1.0,0.0,339068.1
1791037,IT,WA,TRANS,ANIMA,0.06,10171.704,3,3,10171.704,0.0,0.0,0.0,0.0,169528.4
1798782,IT,WE,FOOD5,PULP5,0.05,10171.491,3,3,10171.491,0.0,0.0,0.0,0.0,203429.82
1651621,IT,CY,CEMEN,OFFIC,0.02,10171.224,3,3,10171.224,0.0,0.0,0.0,0.0,508561.2
1744353,IT,US,FINAN,EDUCA,0.13,10170.927,3,3,10170.927,0.0,0.0,0.0,0.0,78237.9
1789437,IT,WA,CHEM1,INERT,0.02,10170.822,3,3,10170.822,0.0,0.0,0.0,0.0,508541.1
1768509,IT,AU,FOOD5,WOODW,0.05,10170.291,3,3,10170.291,0.0,0.0,0.0,0.0,203405.82
1803132,IT,WF,VEGET,LEAD1,0.04,10170.202,3,3,10170.202,0.0,0.0,0.0,0.0,254255.05
1735793,IT,SK,MACHI,ADDIT,0.06,10170.115,3,3,10170.115,0.0,0.0,0.0,0.0,169501.916667
1747943,IT,JP,RESEA,GASDI,0.06,10169.909,3,3,10169.909,0.0,0.0,0.0,0.0,169498.483333
1763642,IT,MX,RUBBE,LEADZ,0.03,10169.89,3,3,10169.89,0.0,0.0,0.0,0.0,338996.333333
1746573,IT,JP,BASIC,FOODW,0.01,10169.409,3,3,10169.409,0.0,0.0,0.0,0.0,1016940.9
1806470,IT,WF,TRANS,PREC1,0.06,10169.15,3,3,10169.15,0.0,0.0,0.0,0.0,169485.833333
1673909,IT,FR,MOTOR,FOOD5,0.02,10169.124,3,3,10169.124,0.0,0.0,0.0,0.0,508456.2
1810830,IT,WM,KEROS,LEAD1,0.02,10169.004,3,3,10169.004,0.0,0.0,0.0,0.0,508450.2
1762588,IT,IN,AUXIL,TRANS,0.19,10168.788,3,3,10168.788,0.0,0.0,0.0,0.0,53519.936842
1686001,IT,HU,BIODI,CERAM,0.02,10168.022,3,3,10168.022,0.0,0.0,0.0,0.0,508401.1
1793896,IT,WL,WEARI,FISH5,0.08,10167.559,4,4,10167.557,0.0,0.0,0.0,0.002,127094.4875
1714028,IT,MT,HOTEL,PRINT,0.07,10167.551,3,3,10167.551,0.0,0.0,0.0,0.0,145250.728571
1682479,IT,HR,PRINT,BEVER,0.1,10167.409,3,3,10167.409,0.0,0.0,0.0,0.0,101674.09
1774924,IT,CH,INSUR,DISTR,0.21,10166.908,3,3,10166.908,0.0,0.0,0.0,0.0,48413.847619
1746107,IT,JP,PRINT,RENTI,0.1,10166.085,3,3,10166.085,0.0,0.0,0.0,0.0,101660.85
1642823,IT,AT,OFFIC,FURNI,0.03,10165.844,3,3,10165.844,0.0,0.0,0.0,0.0,338861.466667
1686079,IT,HU,RUBBE,LIQUE,0.03,10165.081,3,3,10165.081,0.0,0.0,0.0,0.0,338836.033333
1738945,IT,GB,FURNI,FOOD3,0.03,10164.897,3,3,10164.897,0.0,0.0,0.0,0.0,338829.9
1689626,IT,IE,SUPPO,RETA1,0.07,10164.876,3,3,10164.876,0.0,0.0,0.0,0.0,145212.514286
1640269,IT,AT,STONE,TRAN1,0.03,10164.308,4,4,10163.308,0.0,0.0,1.0,0.0,338810.266667
1649309,IT,BG,NONSP,BIODI,0.01,10163.799,3,3,10163.799,0.0,0.0,0.0,0.0,1016379.9
1801431,IT,WE,MOTO1,FORES,0.05,10163.796,3,3,10163.796,0.0,0.0,0.0,0.0,203275.92
1775387,IT,CH,PUBLI,MOTO1,0.17,10163.506,3,3,10163.506,0.0,0.0,0.0,0.0,59785.329412
1765707,IT,RU,PAPER,RETAI,0.04,10163.065,3,3,10163.065,0.0,0.0,0.0,0.0,254076.625
1780761,IT,TW,RENTI,NAPHT,0.06,10162.866,3,3,10162.866,0.0,0.0,0.0,0.0,169381.1
1747144,IT,JP,CONST,KEROS,0.06,10162.82,3,3,10162.82,0.0,0.0,0.0,0.0,169380.333333
1741628,IT,US,HEAVY,STONE,0.02,10162.791,3,3,10162.791,0.0,0.0,0.0,0.0,508139.55
1765583,IT,RU,LEATH,EDUCA,0.07,10162.703,4,4,10162.701,0.0,0.0,0.0,0.002,145181.471429
1659951,IT,DE,TRAN2,SEWAG,0.02,10162.275,3,3,10162.275,0.0,0.0,0.0,0.0,508113.75
1668778,IT,ES,LANDT,SEACO,0.07,10162.002,3,3,10162.002,0.0,0.0,0.0,0.0,145171.457143
1769898,IT,AU,MOTO1,MEAT1,0.05,10161.693,3,3,10161.693,0.0,0.0,0.0,0.0,203233.86
1750591,IT,CN,OFFIC,NONF1,0.03,10161.31,3,3,10161.31,0.0,0.0,0.0,0.0,338710.333333
1718028,IT,PL,CHEMI,DISTR,0.02,10160.928,3,3,10160.928,0.0,0.0,0.0,0.0,508046.4
1790873,IT,WA,OFFIC,PLANT,0.03,10160.353,3,3,10160.353,0.0,0.0,0.0,0.0,338678.433333
1749749,IT,CN,ADDIT,REFIN,0.02,10160.313,3,3,10160.313,0.0,0.0,0.0,0.0,508015.65
1799306,IT,WE,LEATH,PRIVA,0.07,10160.24,4,4,10160.238,0.0,0.0,0.0,0.002,145146.285714
1710889,IT,LU,MOTOR,SUPPO,0.02,10160.154,3,3,10160.154,0.0,0.0,0.0,0.0,508007.7
1776338,IT,TR,PAPER,RETAI,0.04,10159.373,3,3,10159.373,0.0,0.0,0.0,0.0,253984.325
1722887,IT,PT,PRINT,RESEA,0.1,10158.597,3,3,10158.597,0.0,0.0,0.0,0.0,101585.97
1684490,IT,HR,COMPU,COMPU,0.12,10158.241,3,3,10158.241,0.0,0.0,0.0,0.0,84652.008333
1733372,IT,SI,TRANS,COMPU,0.06,10156.997,3,3,10156.997,0.0,0.0,0.0,0.0,169283.283333
1712973,IT,MT,FISHF,TOBAC,0.02,10156.807,3,3,10156.807,0.0,0.0,0.0,0.0,507840.35
1728069,IT,SE,MEAT1,FOOD5,0.05,10156.738,3,3,10156.738,0.0,0.0,0.0,0.0,203134.76
1788821,IT,WA,KERO1,MOTOR,0.01,10156.269,3,3,10156.269,0.0,0.0,0.0,0.0,1015626.9
1650406,IT,BG,ELEC4,MOTOR,0.16,10155.746,3,3,10155.746,0.0,0.0,0.0,0.0,63473.4125
1774717,IT,CH,SUPPO,NONME,0.07,10155.655,3,3,10155.655,0.0,0.0,0.0,0.0,145080.785714
1732458,IT,SI,CHEM1,BASIC,0.02,10155.403,3,3,10155.403,0.0,0.0,0.0,0.0,507770.15
1745220,IT,JP,FORES,FURNI,0.09,10155.0,4,4,10151.0,0.0,4.0,0.0,0.0,112833.333333
1663603,IT,DK,BUSIN,TOBAC,0.1,10154.759,3,3,10154.759,0.0,0.0,0.0,0.0,101547.59
1765788,IT,RU,MOTOR,PFERT,0.02,10154.619,3,3,10154.619,0.0,0.0,0.0,0.0,507730.95
1686580,IT,HU,ALUM1,STEAM,0.02,10154.575,3,3,10154.575,0.0,0.0,0.0,0.0,507728.75
1755807,IT,KR,CERAM,ELEC1,0.02,10154.364,3,3,10154.364,0.0,0.0,0.0,0.0,507718.2
1718374,IT,PL,BEVER,PFERT,0.04,10154.132,3,3,10154.132,0.0,0.0,0.0,0.0,253853.3
1781782,IT,NO,PRINT,FINAN,0.1,10153.625,3,3,10153.625,0.0,0.0,0.0,0.0,101536.25
1678132,IT,FR,PLAS1,FOOD5,0.04,10153.232,3,3,10153.232,0.0,0.0,0.0,0.0,253830.8
1686660,IT,HU,LEAD1,WOOD1,0.02,10150.668,3,3,10150.668,0.0,0.0,0.0,0.0,507533.4
1720535,IT,PL,OFFIC,KEROS,0.03,10150.668,3,3,10150.668,0.0,0.0,0.0,0.0,338355.6
1640831,IT,AT,WEARI,PUBLI,0.08,10150.143,4,4,10150.141,0.0,0.0,0.0,0.002,126876.7875
1809978,IT,WM,FISH5,COMPU,0.04,10150.104,4,4,10150.099,0.0,0.0,0.0,0.005,253752.6
1664164,IT,EE,RUBBE,COMPU,0.03,10149.944,3,3,10149.944,0.0,0.0,0.0,0.0,338331.466667
1679237,IT,GR,KEROS,DIST1,0.02,10149.861,3,3,10149.861,0.0,0.0,0.0,0.0,507493.05
1765059,IT,MX,INSUR,HOTEL,0.21,10149.31,3,3,10149.31,0.0,0.0,0.0,0.0,48330.047619
1789942,IT,WA,CEMEN,MEDIC,0.02,10149.058,3,3,10149.058,0.0,0.0,0.0,0.0,507452.9
1812506,IT,WM,ALUM1,LEADZ,0.02,10148.811,3,3,10148.811,0.0,0.0,0.0,0.0,507440.55
1680213,IT,GR,TRANS,HEAVY,0.06,10148.409,3,3,10148.409,0.0,0.0,0.0,0.0,169140.15
1779569,IT,TR,COMPU,PREC1,0.12,10147.796,3,3,10147.796,0.0,0.0,0.0,0.0,84564.966667
1642222,IT,AT,CEMEN,EDUCA,0.02,10147.416,3,3,10147.416,0.0,0.0,0.0,0.0,507370.8
1797302,IT,WL,AUXIL,COPP1,0.19,10147.038,3,3,10147.038,0.0,0.0,0.0,0.0,53405.463158
1718746,IT,PL,PULP5,LANDT,0.03,10146.366,3,3,10146.366,0.0,0.0,0.0,0.0,338212.2
1777676,IT,TR,COPP1,TEXTI,0.03,10146.218,3,3,10146.218,0.0,0.0,0.0,0.0,338207.266667
1787265,IT,WA,VEGET,MEDIC,0.04,10145.727,3,3,10145.727,0.0,0.0,0.0,0.0,253643.175
1782881,IT,NO,SEACO,KEROS,0.01,10145.56,3,3,10145.56,0.0,0.0,0.0,0.0,1014556.0
1676877,IT,FR,TRAN2,COALT,0.02,10145.339,3,3,10145.339,0.0,0.0,0.0,0.0,507266.95
1798971,IT,WE,TOBAC,ELEC3,0.04,10144.854,3,3,10144.854,0.0,0.0,0.0,0.0,253621.35
1681855,IT,HR,VEGE1,MEDIC,0.03,10144.564,4,4,10144.562,0.0,0.0,0.0,0.002,338152.133333
1775950,IT,TR,FOOD5,RENTI,0.05,10144.428,3,3,10144.428,0.0,0.0,0.0,0.0,202888.56
1711101,IT,LU,ALUM1,PAPE1,0.02,10144.41,3,3,10144.41,0.0,0.0,0.0,0.0,507220.5
1778743,IT,TR,LANDT,CEREA,0.07,10143.412,3,3,10143.412,0.0,0.0,0.0,0.0,144905.885714
1722438,IT,PT,VEGE1,VEGE1,0.03,10143.253,4,4,10143.251,0.0,0.0,0.0,0.002,338108.433333
1685332,IT,HU,WEARI,HOTEL,0.08,10143.224,4,4,10143.222,0.0,0.0,0.0,0.002,126790.3
1775761,IT,TR,CRUDE,PARAF,0.02,10143.161,3,3,10143.161,0.0,0.0,0.0,0.0,507158.05
1785263,IT,ZA,TEXTI,TRAN2,0.06,10143.124,3,3,10143.124,0.0,0.0,0.0,0.0,169052.066667
1755973,IT,KR,ALUM1,NONME,0.02,10143.049,3,3,10143.049,0.0,0.0,0.0,0.0,507152.45
1735141,IT,SK,RUBBE,VEGET,0.03,10142.945,3,3,10142.945,0.0,0.0,0.0,0.0,338098.166667
1670993,IT,FI,CHEM1,FOOD2,0.02,10142.429,3,3,10142.429,0.0,0.0,0.0,0.0,507121.45
1644710,IT,BE,BEVER,ELEC5,0.04,10142.048,3,3,10142.048,0.0,0.0,0.0,0.0,253551.2
1721192,IT,PL,LANDT,CATTL,0.07,10142.01,3,3,10142.01,0.0,0.0,0.0,0.0,144885.857143
1732531,IT,SI,RUBBE,FOUND,0.03,10141.865,3,3,10141.865,0.0,0.0,0.0,0.0,338062.166667
1801437,IT,WE,MOTO1,BKBPE,0.05,10141.501,3,3,10141.501,0.0,0.0,0.0,0.0,202830.02
1683163,IT,HR,GLASS,SUGA1,0.03,10141.429,3,3,10141.429,0.0,0.0,0.0,0.0,338047.633333
1719650,IT,PL,CEMEN,CHEM1,0.02,10141.03,3,3,10141.03,0.0,0.0,0.0,0.0,507051.5
1794532,IT,WL,HEAVY,WOOLS,0.02,10139.924,3,3,10139.924,0.0,0.0,0.0,0.0,506996.2
1748587,IT,CN,VEGE1,MOTO1,0.03,10139.892,4,4,10139.89,0.0,0.0,0.0,0.002,337996.4
1799824,IT,WE,GASDI,STONE,0.02,10139.777,3,3,10139.777,0.0,0.0,0.0,0.0,506988.85
1688869,IT,IE,PREC1,CONST,0.02,10139.757,3,3,10139.757,0.0,0.0,0.0,0.0,506987.85
1646695,IT,BE,FURNI,INLAN,0.03,10138.895,3,3,10138.895,0.0,0.0,0.0,0.0,337963.166667
1650985,IT,BG,SUPPO,LEAD1,0.07,10138.825,3,3,10138.825,0.0,0.0,0.0,0.0,144840.357143
1735587,IT,SK,LEAD1,FABRI,0.02,10138.687,3,3,10138.687,0.0,0.0,0.0,0.0,506934.35
1724891,IT,PT,BUSIN,MEDIC,0.1,10138.458,3,3,10138.458,0.0,0.0,0.0,0.0,101384.58
1648749,IT,BG,FOOD5,INERT,0.05,10137.478,3,3,10137.478,0.0,0.0,0.0,0.0,202749.56
1718699,IT,PL,WOODW,TRAN2,0.03,10137.309,3,3,10137.309,0.0,0.0,0.0,0.0,337910.3
1749437,IT,CN,GASDI,BLAST,0.02,10136.537,3,3,10136.537,0.0,0.0,0.0,0.0,506826.85
1716273,IT,NL,FABRI,MEATA,0.04,10136.278,3,3,10136.278,0.0,0.0,0.0,0.0,253406.95
1808144,IT,WF,OILHA,CEREA,0.06,10136.208,3,3,10136.208,0.0,0.0,0.0,0.0,168936.8
1776111,IT,TR,LEATH,SANDC,0.07,10135.656,4,4,10135.654,0.0,0.0,0.0,0.002,144795.085714
1813061,IT,WM,OFFIC,MOTO1,0.03,10135.61,3,3,10135.61,0.0,0.0,0.0,0.0,337853.666667
1781702,IT,NO,WOODW,MOTO1,0.03,10135.434,3,3,10135.434,0.0,0.0,0.0,0.0,337847.8
1749412,IT,CN,KEROS,PROCE,0.02,10135.431,3,3,10135.431,0.0,0.0,0.0,0.0,506771.55
1715505,IT,NL,GASDI,CATTL,0.02,10135.346,3,3,10135.346,0.0,0.0,0.0,0.0,506767.3
1661544,IT,DK,BEVER,NATUR,0.04,10135.277,3,3,10135.277,0.0,0.0,0.0,0.0,253381.925
1661789,IT,DK,WOODW,FORES,0.03,10134.846,3,3,10134.846,0.0,0.0,0.0,0.0,337828.2
1724329,IT,PT,TRAN2,PLAST,0.02,10134.05,3,3,10134.05,0.0,0.0,0.0,0.0,506702.5
1806591,IT,WF,CONST,AUXIL,0.06,10133.789,3,3,10133.789,0.0,0.0,0.0,0.0,168896.483333
1778713,IT,TR,RAILW,PLAST,0.07,10133.76,3,3,10133.76,0.0,0.0,0.0,0.0,144768.0
1648118,IT,BE,RESEA,BASIC,0.05,10133.585,3,3,10133.585,0.0,0.0,0.0,0.0,202671.7
1648697,IT,BG,FOOD5,FISHF,0.05,10133.399,3,3,10133.399,0.0,0.0,0.0,0.0,202667.98
1738418,IT,GB,ALUM1,BIODI,0.02,10132.905,3,3,10132.905,0.0,0.0,0.0,0.0,506645.25
1782101,IT,NO,CERAM,FORES,0.02,10132.619,3,3,10132.619,0.0,0.0,0.0,0.0,506630.95
1649797,IT,BG,PREC1,GASDI,0.02,10132.603,3,3,10132.603,0.0,0.0,0.0,0.0,506630.15
1661157,IT,DE,93197,PIGS9,0.07,10132.22,3,3,10132.22,0.0,0.0,0.0,0.0,144746.0
1771721,IT,CH,LEATH,MEAT1,0.07,10131.938,4,4,10131.936,0.0,0.0,0.0,0.002,144741.971429
1643934,IT,AT,COMPU,PULP5,0.12,10131.907,3,3,10131.907,0.0,0.0,0.0,0.0,84432.558333
1774928,IT,CH,INSUR,SALEM,0.21,10131.754,3,3,10131.754,0.0,0.0,0.0,0.0,48246.447619
1765475,IT,RU,WEARI,BITUM,0.08,10131.475,4,4,10131.473,0.0,0.0,0.0,0.002,126643.4375
1711366,IT,LU,RETA1,SANDC,0.11,10131.458,3,3,10131.458,0.0,0.0,0.0,0.0,92104.163636
1666928,IT,ES,CERAM,STONE,0.02,10131.397,3,3,10131.397,0.0,0.0,0.0,0.0,506569.85
1814708,IT,WM,INTER,REALE,0.06,10130.813,3,3,10130.813,0.0,0.0,0.0,0.0,168846.883333
1714986,IT,NL,TOBAC,TOBAC,0.04,10130.45,3,3,10130.45,0.0,0.0,0.0,0.0,253261.25
1649277,IT,BG,LIQUE,FABRI,0.02,10130.338,3,3,10130.338,0.0,0.0,0.0,0.0,506516.9
1658708,IT,DE,OFFIC,OFFIC,0.03,10130.335,3,3,10130.335,0.0,0.0,0.0,0.0,337677.833333
1756588,IT,KR,RETA1,RECRE,0.11,10130.261,3,3,10130.261,0.0,0.0,0.0,0.0,92093.281818
1805852,IT,WF,ALUM1,VEGE1,0.02,10129.797,3,3,10129.797,0.0,0.0,0.0,0.0,506489.85
1752658,IT,CA,WEARI,CROPS,0.08,10129.784,4,4,10129.782,0.0,0.0,0.0,0.002,126622.3
1775925,IT,TR,FOOD5,WEARI,0.05,10129.661,3,3,10129.661,0.0,0.0,0.0,0.0,202593.22
1804062,IT,WF,WOODW,POSTT,0.03,10129.607,3,3,10129.607,0.0,0.0,0.0,0.0,337653.566667
1794344,IT,WL,MOTOR,SEACO,0.02,10129.461,3,3,10129.461,0.0,0.0,0.0,0.0,506473.05
1789916,IT,WA,CEMEN,MEAT4,0.02,10129.253,3,3,10129.253,0.0,0.0,0.0,0.0,506462.65
1652897,IT,CZ,KEROS,OFFIC,0.02,10128.466,3,3,10128.466,0.0,0.0,0.0,0.0,506423.3
1725744,IT,RO,PRINT,CRUDE,0.1,10128.276,3,3,10128.276,0.0,0.0,0.0,0.0,101282.76
1646843,IT,BE,RETAI,PREC1,0.08,10128.027,3,3,10128.027,0.0,0.0,0.0,0.0,126600.3375
1734832,IT,SK,PAPER,RAWMI,0.04,10127.499,3,3,10127.499,0.0,0.0,0.0,0.0,253187.475
1655528,IT,DE,NATUR,BUSIN,0.01,10126.873,3,3,10126.873,0.0,0.0,0.0,0.0,1012687.3
1683054,IT,HR,RUBBE,WHEAT,0.03,10126.664,3,3,10126.664,0.0,0.0,0.0,0.0,337555.466667
1786731,IT,ZA,RETA1,FURNI,0.11,10126.397,3,3,10126.397,0.0,0.0,0.0,0.0,92058.154545
1652097,IT,CZ,SANDC,ELEC1,0.02,10126.329,4,4,10124.329,0.0,0.0,2.0,0.0,506316.45
1678905,IT,GR,TEXTI,WOODW,0.06,10126.304,3,3,10126.304,0.0,0.0,0.0,0.0,168771.733333
1662780,IT,DK,MOTO1,RESEA,0.05,10126.298,3,3,10126.298,0.0,0.0,0.0,0.0,202525.96
1646796,IT,BE,SALEM,PLAST,0.08,10126.128,3,3,10126.128,0.0,0.0,0.0,0.0,126576.6
1667250,IT,ES,PREC1,POSTT,0.02,10125.072,3,3,10125.072,0.0,0.0,0.0,0.0,506253.6
1780740,IT,TW,REALE,BUSIN,0.43,10124.184,3,3,10124.184,0.0,0.0,0.0,0.0,23544.613953
1776694,IT,TR,HEAVY,RADIO,0.02,10124.161,3,3,10124.161,0.0,0.0,0.0,0.0,506208.05
1740323,IT,GB,PUBLI,DISTR,0.17,10123.888,3,3,10123.888,0.0,0.0,0.0,0.0,59552.282353
1793533,IT,WL,MEAT1,FISH5,0.05,10123.777,3,3,10123.777,0.0,0.0,0.0,0.0,202475.54
1800977,IT,WE,ALUM1,NONME,0.02,10123.681,3,3,10123.681,0.0,0.0,0.0,0.0,506184.05
1671909,IT,FI,RAILW,PLAST,0.07,10123.04,3,3,10123.04,0.0,0.0,0.0,0.0,144614.857143
1710716,IT,LU,FOOD5,RETA1,0.05,10122.799,3,3,10122.799,0.0,0.0,0.0,0.0,202455.98
1679260,IT,GR,GASDI,FABRI,0.02,10122.417,3,3,10122.417,0.0,0.0,0.0,0.0,506120.85
1795879,IT,WL,OFFIC,FABRI,0.03,10122.152,3,3,10122.152,0.0,0.0,0.0,0.0,337405.066667
1738702,IT,GB,MACHI,ELEC4,0.06,10122.044,3,3,10122.044,0.0,0.0,0.0,0.0,168700.733333
1761940,IT,IN,FURNI,RADIO,0.03,10121.89,3,3,10121.89,0.0,0.0,0.0,0.0,337396.333333
1781097,IT,TW,PUBLI,DISTR,0.17,10121.565,3,3,10121.565,0.0,0.0,0.0,0.0,59538.617647
1806998,IT,WF,LANDT,OFFIC,0.07,10121.354,3,3,10121.354,0.0,0.0,0.0,0.0,144590.771429
1687305,IT,HU,RETA1,PRINT,0.11,10121.027,3,3,10121.027,0.0,0.0,0.0,0.0,92009.336364
1769885,IT,AU,MOTO1,CATTL,0.05,10120.926,3,3,10120.926,0.0,0.0,0.0,0.0,202418.52
1759057,IT,BR,SEACO,LIQUI,0.01,10120.782,3,3,10120.782,0.0,0.0,0.0,0.0,1012078.2
1745958,IT,JP,WOODW,ELECT,0.03,10120.754,3,3,10120.754,0.0,0.0,0.0,0.0,337358.466667
1670334,IT,FI,VEGE1,MEATC,0.03,10120.293,4,4,10120.291,0.0,0.0,0.0,0.002,337343.1
1649459,IT,BG,CHEM1,SEACO,0.02,10120.26,3,3,10120.26,0.0,0.0,0.0,0.0,506013.0
1773264,IT,CH,FABRI,PAPE1,0.04,10119.745,3,3,10119.745,0.0,0.0,0.0,0.0,252993.625
1664158,IT,EE,RUBBE,TRAN2,0.03,10119.417,3,3,10119.417,0.0,0.0,0.0,0.0,337313.9
1724320,IT,PT,LANDT,MEMBE,0.07,10119.26,3,3,10119.26,0.0,0.0,0.0,0.0,144560.857143
1690177,IT,IE,BUSIN,MEAT1,0.1,10118.559,3,3,10118.559,0.0,0.0,0.0,0.0,101185.59
1727563,IT,RO,REALE,RUBBE,0.43,10118.489,3,3,10118.489,0.0,0.0,0.0,0.0,23531.369767
1784484,IT,ID,FABRI,CROPS,0.04,10117.9,3,3,10117.9,0.0,0.0,0.0,0.0,252947.5
1660695,IT,DE,RENTI,PAPER,0.06,10117.674,3,3,10117.674,0.0,0.0,0.0,0.0,168627.9
1736111,IT,SK,CONST,COPP1,0.06,10117.117,3,3,10117.117,0.0,0.0,0.0,0.0,168618.616667
1763960,IT,MX,BASIC,FINAN,0.01,10117.104,3,3,10117.104,0.0,0.0,0.0,0.0,1011710.4
1657280,IT,DE,CHEM1,TRAN2,0.02,10116.85,3,3,10116.85,0.0,0.0,0.0,0.0,505842.5
1721336,IT,PL,TRAN2,BITU1,0.02,10116.763,3,3,10116.763,0.0,0.0,0.0,0.0,505838.15
1748858,IT,CN,WEARI,SUGAR,0.08,10115.732,4,4,10115.73,0.0,0.0,0.0,0.002,126446.65
1756294,IT,KR,MOTO1,NONME,0.05,10115.704,3,3,10115.704,0.0,0.0,0.0,0.0,202314.08
1663905,IT,EE,LEATH,FABRI,0.07,10115.27,4,4,10115.268,0.0,0.0,0.0,0.002,144503.857143
1725125,IT,RO,MEATC,MEATC,0.03,10113.358,3,3,10113.358,0.0,0.0,0.0,0.0,337111.933333
1669079,IT,ES,SUPPO,COLLE,0.07,10112.78,3,3,10112.78,0.0,0.0,0.0,0.0,144468.285714
1666120,IT,ES,GASDI,BRICK,0.02,10112.533,3,3,10112.533,0.0,0.0,0.0,0.0,505626.65
1655249,IT,CZ,RECRE,BUSIN,0.13,10112.022,3,3,10112.022,0.0,0.0,0.0,0.0,77784.784615
1651403,IT,CY,MOTOR,93197,0.02,10111.975,3,3,10111.975,0.0,0.0,0.0,0.0,505598.75
1720145,IT,PL,COPP1,BEVER,0.03,10111.836,3,3,10111.836,0.0,0.0,0.0,0.0,337061.2
1645236,IT,BE,COALT,CERAM,0.02,10111.735,3,3,10111.735,0.0,0.0,0.0,0.0,505586.75
1683670,IT,HR,FABRI,RAILW,0.04,10111.596,3,3,10111.596,0.0,0.0,0.0,0.0,252789.9
1655818,IT,DE,VEGE1,GASDI,0.03,10111.324,4,4,10111.322,0.0,0.0,0.0,0.002,337044.133333
1658753,IT,DE,OFFIC,OILHA,0.03,10111.118,3,3,10111.118,0.0,0.0,0.0,0.0,337037.266667
1787023,IT,ZA,INSUR,WHOLE,0.21,10111.03,3,3,10111.03,0.0,0.0,0.0,0.0,48147.761905
1792798,IT,WA,PUBLI,STONE,0.17,10110.974,3,3,10110.974,0.0,0.0,0.0,0.0,59476.317647
1654212,IT,CZ,MOTO1,OILHA,0.05,10110.887,3,3,10110.887,0.0,0.0,0.0,0.0,202217.74
1802332,IT,WE,SEACO,WHEAT,0.01,10110.285,3,3,10110.285,0.0,0.0,0.0,0.0,1011028.5
1688407,IT,IE,BEVER,LEADZ,0.04,10110.2,3,3,10110.2,0.0,0.0,0.0,0.0,252755.0
1670694,IT,FI,WOODW,FABRI,0.03,10109.879,3,3,10109.879,0.0,0.0,0.0,0.0,336995.966667
1747362,IT,JP,RETA1,FURNI,0.11,10109.873,3,3,10109.873,0.0,0.0,0.0,0.0,91907.936364
1662237,IT,DK,GLASS,HOTEL,0.03,10109.644,3,3,10109.644,0.0,0.0,0.0,0.0,336988.133333
1710871,IT,LU,PRINT,PUBLI,0.1,10109.567,3,3,10109.567,0.0,0.0,0.0,0.0,101095.67
1680162,IT,GR,MOTO1,MACHI,0.05,10109.348,3,3,10109.348,0.0,0.0,0.0,0.0,202186.96
1746543,IT,JP,NONME,SECO9,0.02,10109.111,3,3,10109.111,0.0,0.0,0.0,0.0,505455.55
1807113,IT,WF,SEACO,RECRE,0.01,10109.033,3,3,10109.033,0.0,0.0,0.0,0.0,1010903.3
1709695,IT,LT,PLAST,RESEA,0.02,10108.99,3,3,10108.99,0.0,0.0,0.0,0.0,505449.5
1763092,IT,MX,WEARI,VEGET,0.08,10108.959,4,4,10108.957,0.0,0.0,0.0,0.002,126361.9875
1678321,IT,FR,WASTE,BASIC,0.03,10108.816,3,3,10108.816,0.0,0.0,0.0,0.0,336960.533333
1663317,IT,DK,AIRTR,ELECT,0.01,10108.351,3,3,10108.351,0.0,0.0,0.0,0.0,1010835.1
1648931,IT,BG,WEARI,BASIC,0.08,10108.344,4,4,10108.342,0.0,0.0,0.0,0.002,126354.3
1658247,IT,DE,COPP1,DAIRY,0.03,10108.206,3,3,10108.206,0.0,0.0,0.0,0.0,336940.2
1752565,IT,CA,BEVER,RAILW,0.04,10108.014,3,3,10108.014,0.0,0.0,0.0,0.0,252700.35
1744507,IT,US,REALE,PRINT,0.43,10107.932,3,3,10107.932,0.0,0.0,0.0,0.0,23506.818605
1724627,IT,PT,FINAN,AIRTR,0.13,10107.89,3,3,10107.89,0.0,0.0,0.0,0.0,77753.0
1721399,IT,PL,SEACO,ELEC2,0.01,10107.41,3,3,10107.41,0.0,0.0,0.0,0.0,1010741.0
1672078,IT,FI,SUPPO,BASIC,0.07,10106.938,3,3,10106.938,0.0,0.0,0.0,0.0,144384.828571
1728987,IT,SE,ADDIT,WHOLE,0.02,10106.881,3,3,10106.881,0.0,0.0,0.0,0.0,505344.05
1656995,IT,DE,LIQUE,WOOD1,0.02,10106.646,3,3,10106.646,0.0,0.0,0.0,0.0,505332.3
1736492,IT,SK,INLAN,MOTOR,0.02,10106.472,3,3,10106.472,0.0,0.0,0.0,0.0,505323.6
1754334,IT,CA,INSUR,MACHI,0.21,10106.281,3,3,10106.281,0.0,0.0,0.0,0.0,48125.147619
1655920,IT,DE,PROCE,RUBBE,0.07,10106.014,3,3,10106.014,0.0,0.0,0.0,0.0,144371.628571
1689419,IT,IE,HOTEL,WEARI,0.07,10105.836,3,3,10105.836,0.0,0.0,0.0,0.0,144369.085714
1786285,IT,ZA,FABRI,ALUM1,0.04,10105.557,3,3,10105.557,0.0,0.0,0.0,0.0,252638.925
1756065,IT,KR,FABRI,LIQUE,0.04,10105.555,3,3,10105.555,0.0,0.0,0.0,0.0,252638.875
1730103,IT,SE,RETA1,RENTI,0.11,10105.042,3,3,10105.042,0.0,0.0,0.0,0.0,91864.018182
1738012,IT,GB,BIODI,CONST,0.02,10104.637,3,3,10104.637,0.0,0.0,0.0,0.0,505231.85
1752627,IT,CA,TEXTI,ALUM1,0.06,10103.819,3,3,10103.819,0.0,0.0,0.0,0.0,168396.983333
1709529,IT,LT,WOODW,VEGET,0.03,10103.751,3,3,10103.751,0.0,0.0,0.0,0.0,336791.7
1679029,IT,GR,WOODW,GASDI,0.03,10102.977,3,3,10102.977,0.0,0.0,0.0,0.0,336765.9
1681106,IT,GR,SUPPO,ELEC6,0.07,10102.438,3,3,10102.438,0.0,0.0,0.0,0.0,144320.542857
1678997,IT,GR,LEATH,WHOLE,0.07,10102.431,4,4,10102.429,0.0,0.0,0.0,0.002,144320.442857
1713083,IT,MT,DAIRY,RESEA,0.04,10102.303,3,3,10102.303,0.0,0.0,0.0,0.0,252557.575
1686537,IT,HU,ALUM1,TOBAC,0.02,10101.943,3,3,10101.943,0.0,0.0,0.0,0.0,505097.15
1729196,IT,SE,CERAM,SANDC,0.02,10101.525,3,3,10101.525,0.0,0.0,0.0,0.0,505076.25
1784866,IT,ID,AIRTR,WOODW,0.01,10101.509,3,3,10101.509,0.0,0.0,0.0,0.0,1010150.9
1711633,IT,LU,REALE,COMPU,0.43,10101.416,3,3,10101.416,0.0,0.0,0.0,0.0,23491.665116
1765070,IT,MX,INSUR,BUSIN,0.21,10101.091,3,3,10101.091,0.0,0.0,0.0,0.0,48100.433333
1766065,IT,RU,ADDIT,RENTI,0.02,10101.071,3,3,10101.071,0.0,0.0,0.0,0.0,505053.55
1772165,IT,CH,KERO1,RECRE,0.01,10099.991,3,3,10099.991,0.0,0.0,0.0,0.0,1009999.1
1745042,IT,US,PUBLI,CERAM,0.17,10099.921,3,3,10099.921,0.0,0.0,0.0,0.0,59411.3
1729714,IT,SE,MACHI,IRONO,0.06,10099.539,3,3,10099.539,0.0,0.0,0.0,0.0,168325.65
1809386,IT,WM,CHEMI,COPPE,0.02,10098.096,3,3,10098.096,0.0,0.0,0.0,0.0,504904.8
1806381,IT,WF,MOTO1,BASIC,0.05,10097.568,3,3,10097.568,0.0,0.0,0.0,0.0,201951.36
1771272,IT,CH,VEGE1,PAPE4,0.03,10097.355,4,4,10097.353,0.0,0.0,0.0,0.002,336578.5
1647967,IT,BE,RENTI,MOTO1,0.06,10097.235,3,3,10097.235,0.0,0.0,0.0,0.0,168287.25
1678428,IT,FR,INERT,FOOD2,0.07,10096.004,3,3,10096.004,0.0,0.0,0.0,0.0,144228.628571
1773092,IT,CH,LEAD1,SECO9,0.02,10095.903,3,3,10095.903,0.0,0.0,0.0,0.0,504795.15
1718918,IT,PL,PRINT,GLASS,0.1,10095.181,3,3,10095.181,0.0,0.0,0.0,0.0,100951.81
1722585,IT,PT,FISH5,RETA1,0.04,10095.1,4,4,10095.095,0.0,0.0,0.0,0.005,252377.5
1802612,IT,WE,AUXIL,POSTT,0.18,10095.092,3,3,10095.092,0.0,0.0,0.0,0.0,56083.844444
1682431,IT,HR,PAPER,COPP1,0.04,10094.873,3,3,10094.873,0.0,0.0,0.0,0.0,252371.825
1655214,IT,CZ,BUSIN,MEMBE,0.1,10094.571,3,3,10094.571,0.0,0.0,0.0,0.0,100945.71
1649713,IT,BG,NONME,LANDT,0.02,10094.199,3,3,10094.199,0.0,0.0,0.0,0.0,504709.95
1685904,IT,HU,CHEM1,ELE12,0.02,10093.888,3,3,10093.888,0.0,0.0,0.0,0.0,504694.4
1659401,IT,DE,WHOLE,COKEO,0.09,10092.935,3,3,10092.935,0.0,0.0,0.0,0.0,112143.722222
1813972,IT,WM,SEACO,SUGA1,0.01,10092.672,3,3,10092.672,0.0,0.0,0.0,0.0,1009267.2
1769748,IT,AU,MACHI,COKEO,0.06,10092.624,3,3,10092.624,0.0,0.0,0.0,0.0,168210.4
1802020,IT,WE,WHOLE,CEMEN,0.09,10091.849,3,3,10091.849,0.0,0.0,0.0,0.0,112131.655556
1713249,IT,MT,PAPER,OFFIC,0.04,10091.384,3,3,10091.384,0.0,0.0,0.0,0.0,252284.6
1813147,IT,WM,MOTO1,RUBBE,0.05,10091.026,3,3,10091.026,0.0,0.0,0.0,0.0,201820.52
1656358,IT,DE,WOODW,WEARI,0.03,10091.0,3,3,10091.0,0.0,0.0,0.0,0.0,336366.666667
1728764,IT,SE,GASDI,RENTI,0.02,10090.529,3,3,10090.529,0.0,0.0,0.0,0.0,504526.45
1682876,IT,HR,NAPHT,MEAT1,0.02,10090.428,3,3,10090.428,0.0,0.0,0.0,0.0,504521.4
1778154,IT,TR,TRANS,LANDT,0.06,10090.285,3,3,10090.285,0.0,0.0,0.0,0.0,168171.416667
1647805,IT,BE,AUXIL,RUBBE,0.18,10090.238,3,3,10090.238,0.0,0.0,0.0,0.0,56056.877778
1748298,IT,JP,MEMBE,HEALT,0.12,10090.043,3,3,10090.043,0.0,0.0,0.0,0.0,84083.691667
1726814,IT,RO,WHOLE,CEMEN,0.09,10089.557,3,3,10089.557,0.0,0.0,0.0,0.0,112106.188889
1679725,IT,GR,NONME,SUPPO,0.02,10089.348,3,3,10089.348,0.0,0.0,0.0,0.0,504467.4
1710839,IT,LU,PAPER,POSTT,0.04,10087.975,3,3,10087.975,0.0,0.0,0.0,0.0,252199.375
1729928,IT,SE,FURNI,RETA1,0.03,10087.741,3,3,10087.741,0.0,0.0,0.0,0.0,336258.033333
1792156,IT,WA,SUPPO,MOTOR,0.07,10086.819,3,3,10086.819,0.0,0.0,0.0,0.0,144097.414286
1718319,IT,PL,FOOD5,COMPU,0.05,10086.331,3,3,10086.331,0.0,0.0,0.0,0.0,201726.62
1784241,IT,ID,CHEM1,MEATA,0.02,10085.937,3,3,10085.937,0.0,0.0,0.0,0.0,504296.85
1787548,IT,WA,CHEMI,TRAN1,0.02,10085.784,3,3,10085.784,0.0,0.0,0.0,0.0,504289.2
1724903,IT,PT,BUSIN,TRAN1,0.1,10085.729,3,3,10085.729,0.0,0.0,0.0,0.0,100857.29
1714691,IT,NL,VEGE1,NAPHT,0.03,10085.442,4,4,10085.44,0.0,0.0,0.0,0.002,336181.4
1653943,IT,CZ,MACHI,MEATA,0.06,10085.255,3,3,10085.255,0.0,0.0,0.0,0.0,168087.583333
1800774,IT,WE,BASIC,CEREA,0.01,10085.161,3,3,10085.161,0.0,0.0,0.0,0.0,1008516.1
1797943,IT,WL,FOOD4,WHOLE,0.07,10085.152,3,3,10085.152,0.0,0.0,0.0,0.0,144073.6
1731225,IT,SI,CHEMI,93197,0.02,10084.976,3,3,10084.976,0.0,0.0,0.0,0.0,504248.8
1801623,IT,WE,TRANS,MEMBE,0.06,10084.974,3,3,10084.974,0.0,0.0,0.0,0.0,168082.9
1709324,IT,LT,VEGE1,POULT,0.03,10084.955,4,4,10084.953,0.0,0.0,0.0,0.002,336165.166667
1689791,IT,IE,INSUR,WOODW,0.21,10084.542,3,3,10084.542,0.0,0.0,0.0,0.0,48021.628571
1765146,IT,MX,BUSIN,LEATH,0.1,10083.544,3,3,10083.544,0.0,0.0,0.0,0.0,100835.44
1718456,IT,PL,TEXTI,NATUR,0.06,10082.931,3,3,10082.931,0.0,0.0,0.0,0.0,168048.85
1716053,IT,NL,NONME,RESEA,0.02,10082.913,3,3,10082.913,0.0,0.0,0.0,0.0,504145.65
1800129,IT,WE,NAPHT,FURNI,0.02,10082.613,3,3,10082.613,0.0,0.0,0.0,0.0,504130.65
1659711,IT,DE,RAILW,ALUM1,0.07,10082.349,3,3,10082.349,0.0,0.0,0.0,0.0,144033.557143
1731316,IT,SI,VEGE1,REALE,0.03,10082.129,4,4,10082.127,0.0,0.0,0.0,0.002,336070.966667
1642735,IT,AT,MACHI,BIODI,0.06,10081.969,3,3,10081.969,0.0,0.0,0.0,0.0,168032.816667
1689311,IT,IE,RETA1,NATUR,0.11,10081.905,3,3,10081.905,0.0,0.0,0.0,0.0,91653.681818
1783047,IT,NO,INSUR,WOODW,0.21,10081.869,3,3,10081.869,0.0,0.0,0.0,0.0,48008.9
1736163,IT,SK,SALEM,SUPPO,0.08,10080.946,3,3,10080.946,0.0,0.0,0.0,0.0,126011.825
1783783,IT,NO,PAPE4,PAPE4,0.07,10080.844,3,3,10080.844,0.0,0.0,0.0,0.0,144012.057143
1715987,IT,NL,CERAM,RECRE,0.02,10080.312,3,3,10080.312,0.0,0.0,0.0,0.0,504015.6
1750699,IT,CN,MOTO1,TRAN1,0.05,10079.967,3,3,10079.967,0.0,0.0,0.0,0.0,201599.34
1736993,IT,GB,WOOLS,WOOD1,0.04,10079.872,3,3,10079.872,0.0,0.0,0.0,0.0,251996.8
1794433,IT,WL,GASDI,ANIMA,0.02,10079.836,3,3,10079.836,0.0,0.0,0.0,0.0,503991.8
1723033,IT,PT,PLAST,RETAI,0.02,10079.623,3,3,10079.623,0.0,0.0,0.0,0.0,503981.15
1751625,IT,CN,POSTT,MEMBE,0.17,10079.499,3,3,10079.499,0.0,0.0,0.0,0.0,59291.170588
1713657,IT,MT,ALUM1,RENTI,0.02,10079.466,3,3,10079.466,0.0,0.0,0.0,0.0,503973.3
1757259,IT,BR,VEGE1,PUBLI,0.03,10079.445,4,4,10079.443,0.0,0.0,0.0,0.002,335981.5
1754786,IT,KR,FOOD5,MEAT1,0.05,10079.236,3,3,10079.236,0.0,0.0,0.0,0.0,201584.72
1657187,IT,DE,CHEM1,CRUDE,0.02,10079.217,3,3,10079.217,0.0,0.0,0.0,0.0,503960.85
1709552,IT,LT,WOODW,FURNI,0.03,10078.924,3,3,10078.924,0.0,0.0,0.0,0.0,335964.133333
1805815,IT,WF,PREC1,RETA1,0.02,10078.863,3,3,10078.863,0.0,0.0,0.0,0.0,503943.15
1717669,IT,NL,BUSIN,BASIC,0.1,10077.947,3,3,10077.947,0.0,0.0,0.0,0.0,100779.47
1660288,IT,DE,POSTT,SEACO,0.17,10077.804,3,3,10077.804,0.0,0.0,0.0,0.0,59281.2
1663968,IT,EE,PAPER,CEMEN,0.04,10077.678,3,3,10077.678,0.0,0.0,0.0,0.0,251941.95
1753929,IT,CA,RAILW,BUSIN,0.07,10077.172,3,3,10077.172,0.0,0.0,0.0,0.0,143959.6
1666276,IT,ES,HEAVY,FOOD1,0.02,10076.689,3,3,10076.689,0.0,0.0,0.0,0.0,503834.45
1788684,IT,WA,MOTOR,SUGAR,0.02,10075.564,3,3,10075.564,0.0,0.0,0.0,0.0,503778.2
1669255,IT,ES,FINAN,POULT,0.13,10075.053,3,3,10075.053,0.0,0.0,0.0,0.0,77500.407692
1742620,IT,US,ALUM1,INERT,0.02,10074.154,3,3,10074.154,0.0,0.0,0.0,0.0,503707.7
1790363,IT,WA,ALUM1,93197,0.02,10073.877,3,3,10073.877,0.0,0.0,0.0,0.0,503693.85
1686777,IT,HU,FABRI,CRUDE,0.04,10073.833,3,3,10073.833,0.0,0.0,0.0,0.0,251845.825
1729511,IT,SE,ALUM1,INTER,0.02,10073.618,3,3,10073.618,0.0,0.0,0.0,0.0,503680.9
1686491,IT,HU,PREC1,CERAM,0.02,10073.436,3,3,10073.436,0.0,0.0,0.0,0.0,503671.8
1667265,IT,ES,ALUM1,VEGE1,0.02,10072.912,3,3,10072.912,0.0,0.0,0.0,0.0,503645.6
1648270,IT,BE,BUSIN,INERT,0.1,10072.633,3,3,10072.633,0.0,0.0,0.0,0.0,100726.33
1723641,IT,PT,FABRI,INTER,0.04,10072.251,3,3,10072.251,0.0,0.0,0.0,0.0,251806.275
1747065,IT,JP,FURNI,CEMEN,0.03,10071.769,3,3,10071.769,0.0,0.0,0.0,0.0,335725.633333
1720626,IT,PL,MOTO1,LEATH,0.05,10071.433,3,3,10071.433,0.0,0.0,0.0,0.0,201428.66
1760511,IT,IN,WEARI,PAPER,0.08,10071.081,4,4,10071.079,0.0,0.0,0.0,0.002,125888.5125
1777406,IT,TR,BRICK,CONST,0.02,10070.725,3,3,10070.725,0.0,0.0,0.0,0.0,503536.25
1645403,IT,BE,LIQUE,SUGAR,0.02,10070.725,3,3,10070.725,0.0,0.0,0.0,0.0,503536.25
1793261,IT,WA,PRIVA,KEROS,2.25,10070.656,4,4,10070.654,0.0,0.0,0.0,0.002,4475.847111
1735393,IT,SK,BASIC,PIGS9,0.01,10070.613,3,3,10070.613,0.0,0.0,0.0,0.0,1007061.3
1725881,IT,RO,HEAVY,PULP5,0.02,10070.497,3,3,10070.497,0.0,0.0,0.0,0.0,503524.85
1663119,IT,DK,RAILW,BUSIN,0.07,10070.427,3,3,10070.427,0.0,0.0,0.0,0.0,143863.242857
1735013,IT,SK,PLAST,BRICK,0.02,10070.053,3,3,10070.053,0.0,0.0,0.0,0.0,503502.65
1713998,IT,MT,WHOLE,93197,0.09,10069.416,3,3,10069.416,0.0,0.0,0.0,0.0,111882.4
1663677,IT,DK,BUSIN,INERT,0.1,10068.922,3,3,10068.922,0.0,0.0,0.0,0.0,100689.22
1735487,IT,SK,BASIC,WASTE,0.01,10068.697,3,3,10068.697,0.0,0.0,0.0,0.0,1006869.7
1800792,IT,WE,BASIC,IRONO,0.01,10068.358,3,3,10068.358,0.0,0.0,0.0,0.0,1006835.8
1651989,IT,CZ,VEGET,CROPS,0.04,10068.332,3,3,10068.332,0.0,0.0,0.0,0.0,251708.3
1771147,IT,CH,MEATP,MEATP,0.04,10068.146,3,3,10068.146,0.0,0.0,0.0,0.0,251703.65
1642603,IT,AT,FABRI,TOBAC,0.04,10067.924,3,3,10067.924,0.0,0.0,0.0,0.0,251698.1
1754290,IT,CA,FINAN,REALE,0.13,10067.189,3,3,10067.189,0.0,0.0,0.0,0.0,77439.915385
1751720,IT,CN,INSUR,ELEC8,0.21,10066.988,3,3,10066.988,0.0,0.0,0.0,0.0,47938.038095
1656698,IT,DE,MOTOR,VEGET,0.02,10066.815,3,3,10066.815,0.0,0.0,0.0,0.0,503340.75
1671040,IT,FI,RUBBE,KEROS,0.03,10066.475,3,3,10066.475,0.0,0.0,0.0,0.0,335549.166667
1641999,IT,AT,RUBBE,SECO9,0.03,10066.446,3,3,10066.446,0.0,0.0,0.0,0.0,335548.2
1677262,IT,FR,FINAN,FISH5,0.13,10066.108,3,3,10066.108,0.0,0.0,0.0,0.0,77431.6
1655131,IT,CZ,BUSIN,WEARI,0.1,10066.046,3,3,10066.046,0.0,0.0,0.0,0.0,100660.46
1669622,IT,ES,RENTI,ELEC5,0.06,10066.025,3,3,10066.025,0.0,0.0,0.0,0.0,167767.083333
1658123,IT,DE,ALUM1,NFERT,0.02,10065.584,3,3,10065.584,0.0,0.0,0.0,0.0,503279.2
1646035,IT,BE,NONME,SUPPO,0.02,10065.231,3,3,10065.231,0.0,0.0,0.0,0.0,503261.55
1739772,IT,GB,POSTT,CHEM1,0.17,10065.191,3,3,10065.191,0.0,0.0,0.0,0.0,59207.005882
1654976,IT,CZ,INSUR,POSTT,0.21,10065.088,3,3,10065.088,0.0,0.0,0.0,0.0,47928.990476
1734982,IT,SK,PARAF,NAPHT,0.02,10065.02,3,3,10065.02,0.0,0.0,0.0,0.0,503251.0
1726182,IT,RO,GLASS,RESEA,0.03,10064.65,3,3,10064.65,0.0,0.0,0.0,0.0,335488.333333
1773887,IT,CH,ELEC8,PULP5,0.13,10064.304,3,3,10064.304,0.0,0.0,0.0,0.0,77417.723077
1656497,IT,DE,PAPER,HEAVY,0.04,10063.194,3,3,10063.194,0.0,0.0,0.0,0.0,251579.85
1641418,IT,AT,GASDI,FOOD5,0.01,10063.086,3,3,10063.086,0.0,0.0,0.0,0.0,1006308.6
1736175,IT,SK,WHOLE,BEVER,0.09,10062.762,3,3,10062.762,0.0,0.0,0.0,0.0,111808.466667
1687298,IT,HU,RETA1,NATU1,0.11,10062.755,3,3,10062.755,0.0,0.0,0.0,0.0,91479.590909
1745105,IT,US,PUBLI,PAPE4,0.16,10062.706,3,3,10062.706,0.0,0.0,0.0,0.0,62891.9125
1773969,IT,CH,SALEM,HOTEL,0.08,10062.632,3,3,10062.632,0.0,0.0,0.0,0.0,125782.9
1661353,IT,DK,MEATC,RENTI,0.03,10061.959,3,3,10061.959,0.0,0.0,0.0,0.0,335398.633333
1792192,IT,WA,SUPPO,FINAN,0.07,10061.549,3,3,10061.549,0.0,0.0,0.0,0.0,143736.414286
1812602,IT,WM,LEAD1,DISTR,0.02,10061.451,3,3,10061.451,0.0,0.0,0.0,0.0,503072.55
1720259,IT,PL,FABRI,HYDRO,0.04,10060.892,3,3,10060.892,0.0,0.0,0.0,0.0,251522.3
1804899,IT,WF,BITU1,ELECT,0.02,10060.88,3,3,10060.88,0.0,0.0,0.0,0.0,503044.0
1784864,IT,ID,AIRTR,WEARI,0.01,10060.157,3,3,10060.157,0.0,0.0,0.0,0.0,1006015.7
1772164,IT,CH,KERO1,MEMBE,0.01,10059.573,3,3,10059.573,0.0,0.0,0.0,0.0,1005957.3
1679218,IT,GR,MOTOR,RETA1,0.02,10059.29,3,3,10059.29,0.0,0.0,0.0,0.0,502964.5
1738181,IT,GB,CERAM,FOOD5,0.02,10059.063,3,3,10059.063,0.0,0.0,0.0,0.0,502953.15
1804231,IT,WF,PRINT,MEMBE,0.1,10058.04,3,3,10058.04,0.0,0.0,0.0,0.0,100580.4
1769053,IT,AU,BITU1,GASDI,0.02,10057.814,3,3,10057.814,0.0,0.0,0.0,0.0,502890.7
1784322,IT,ID,ADDIT,ELEC8,0.02,10057.728,3,3,10057.728,0.0,0.0,0.0,0.0,502886.4
1671502,IT,FI,MACHI,NONF1,0.06,10057.554,3,3,10057.554,0.0,0.0,0.0,0.0,167625.9
1786794,IT,ZA,HOTEL,CERAM,0.07,10057.495,3,3,10057.495,0.0,0.0,0.0,0.0,143678.5
1748989,IT,CN,LEATH,BEVER,0.07,10057.399,4,4,10057.397,0.0,0.0,0.0,0.002,143677.128571
1732351,IT,SI,NAPHT,FOOD4,0.02,10056.609,3,3,10056.609,0.0,0.0,0.0,0.0,502830.45
1671175,IT,FI,CERAM,COMPU,0.02,10056.33,3,3,10056.33,0.0,0.0,0.0,0.0,502816.5
1792155,IT,WA,SUPPO,PRINT,0.07,10055.988,3,3,10055.988,0.0,0.0,0.0,0.0,143656.971429
1772485,IT,CH,BIODI,INSUR,0.02,10055.699,3,3,10055.699,0.0,0.0,0.0,0.0,502784.95
1800114,IT,WE,NAPHT,ADDIT,0.02,10055.662,3,3,10055.662,0.0,0.0,0.0,0.0,502783.1
1788485,IT,WA,PULP5,DIST1,0.03,10055.659,3,3,10055.659,0.0,0.0,0.0,0.0,335188.633333
1760226,IT,BR,INERT,SUPPO,0.07,10055.558,3,3,10055.558,0.0,0.0,0.0,0.0,143650.828571
1808437,IT,WF,FOOD4,NONFE,0.07,10055.478,3,3,10055.478,0.0,0.0,0.0,0.0,143649.685714
1761332,IT,IN,GLASS,PFERT,0.03,10055.363,3,3,10055.363,0.0,0.0,0.0,0.0,335178.766667
1787336,IT,WA,CROPS,FURNI,0.08,10054.815,3,3,10054.815,0.0,0.0,0.0,0.0,125685.1875
1666294,IT,ES,LIQUE,TEXTI,0.02,10054.208,3,3,10054.208,0.0,0.0,0.0,0.0,502710.4
1688904,IT,IE,COPP1,TRANS,0.03,10053.965,3,3,10053.965,0.0,0.0,0.0,0.0,335132.166667
1772248,IT,CH,HEAVY,TRAN1,0.02,10053.965,3,3,10053.965,0.0,0.0,0.0,0.0,502698.25
1652216,IT,CZ,PROCE,WHOLE,0.07,10053.492,3,3,10053.492,0.0,0.0,0.0,0.0,143621.314286
1813877,IT,WM,LANDT,CERAM,0.06,10053.314,3,3,10053.314,0.0,0.0,0.0,0.0,167555.233333
1737964,IT,GB,CHEM1,ELEC6,0.02,10052.947,3,3,10052.947,0.0,0.0,0.0,0.0,502647.35
1664691,IT,EE,AIRTR,CEMEN,0.01,10052.871,3,3,10052.871,0.0,0.0,0.0,0.0,1005287.1
1735995,IT,SK,TRANS,PRINT,0.06,10052.657,3,3,10052.657,0.0,0.0,0.0,0.0,167544.283333
1678142,IT,FR,PLAS1,COPP1,0.04,10052.435,3,3,10052.435,0.0,0.0,0.0,0.0,251310.875
1655386,IT,DE,CROPS,PLAST,0.08,10052.327,3,3,10052.327,0.0,0.0,0.0,0.0,125654.0875
1660824,IT,DE,COMPU,ELECT,0.11,10052.167,3,3,10052.167,0.0,0.0,0.0,0.0,91383.336364
1752373,IT,CA,MEAT4,BUSIN,0.06,10052.12,3,3,10052.12,0.0,0.0,0.0,0.0,167535.333333
1664049,IT,EE,CHEM1,WHEAT,0.02,10051.668,3,3,10051.668,0.0,0.0,0.0,0.0,502583.4
1732761,IT,SI,NONME,GLASS,0.02,10051.57,3,3,10051.57,0.0,0.0,0.0,0.0,502578.5
1738810,IT,GB,MOTO1,CHEM1,0.05,10051.402,3,3,10051.402,0.0,0.0,0.0,0.0,201028.04
1757932,IT,BR,CHEM1,FOOD3,0.02,10051.144,3,3,10051.144,0.0,0.0,0.0,0.0,502557.2
1762913,IT,MX,CHEMI,FOOD5,0.02,10051.12,3,3,10051.12,0.0,0.0,0.0,0.0,502556.0
1733611,IT,SI,HOTEL,WEARI,0.07,10050.673,3,3,10050.673,0.0,0.0,0.0,0.0,143581.042857
1664660,IT,EE,LANDT,TRAN2,0.06,10050.563,3,3,10050.563,0.0,0.0,0.0,0.0,167509.383333
1751914,IT,CN,COMPU,FOUND,0.11,10050.357,3,3,10050.357,0.0,0.0,0.0,0.0,91366.881818
1648516,IT,BG,CROPS,PAPER,0.08,10049.894,3,3,10049.894,0.0,0.0,0.0,0.0,125623.675
1759645,IT,BR,RESEA,ALUM1,0.05,10049.138,3,3,10049.138,0.0,0.0,0.0,0.0,200982.76
1781253,IT,NO,SANDC,GLASS,0.02,10048.71,4,4,10046.71,0.0,0.0,2.0,0.0,502435.5
1748346,IT,CN,VEGET,FURNI,0.04,10048.412,3,3,10048.412,0.0,0.0,0.0,0.0,251210.3
1799128,IT,WE,WEARI,COKEO,0.08,10048.142,4,4,10048.14,0.0,0.0,0.0,0.002,125601.775
1675242,IT,FR,FABRI,NFERT,0.04,10047.415,3,3,10047.415,0.0,0.0,0.0,0.0,251185.375
1773496,IT,CH,MOTO1,POULT,0.05,10047.003,3,3,10047.003,0.0,0.0,0.0,0.0,200940.06
1659892,IT,DE,LANDT,FOOD2,0.06,10046.78,3,3,10046.78,0.0,0.0,0.0,0.0,167446.333333
1800454,IT,WE,BIODI,HEALT,0.02,10046.466,3,3,10046.466,0.0,0.0,0.0,0.0,502323.3
1646108,IT,BE,BASIC,PLAS1,0.01,10046.29,3,3,10046.29,0.0,0.0,0.0,0.0,1004629.0
1778592,IT,TR,RETA1,WASTE,0.1,10046.165,3,3,10046.165,0.0,0.0,0.0,0.0,100461.65
1800793,IT,WE,BASIC,COPPE,0.01,10045.732,3,3,10045.732,0.0,0.0,0.0,0.0,1004573.2
1760727,IT,IN,PAPER,INSUR,0.04,10045.718,3,3,10045.718,0.0,0.0,0.0,0.0,251142.95
1744877,IT,US,BUSIN,MEAT4,0.1,10045.623,3,3,10045.623,0.0,0.0,0.0,0.0,100456.23
1755603,IT,KR,CHEM1,WOOD1,0.02,10045.53,3,3,10045.53,0.0,0.0,0.0,0.0,502276.5
1688726,IT,IE,CHEM1,EDUCA,0.02,10045.393,3,3,10045.393,0.0,0.0,0.0,0.0,502269.65
1812126,IT,WM,BRICK,TRAN1,0.02,10045.271,3,3,10045.271,0.0,0.0,0.0,0.0,502263.55
1648632,IT,BG,VEGE1,MEAT1,0.03,10044.856,4,4,10044.854,0.0,0.0,0.0,0.002,334828.533333
1709990,IT,LT,ALUM1,VEGET,0.02,10044.562,3,3,10044.562,0.0,0.0,0.0,0.0,502228.1
1735766,IT,SK,MACHI,SANDC,0.06,10044.542,3,3,10044.542,0.0,0.0,0.0,0.0,167409.033333
1726571,IT,RO,OFFIC,TRAN2,0.03,10043.941,3,3,10043.941,0.0,0.0,0.0,0.0,334798.033333
1734437,IT,SK,CROPS,FOOD5,0.08,10043.646,3,3,10043.646,0.0,0.0,0.0,0.0,125545.575
1679682,IT,GR,CERAM,SECO9,0.02,10043.545,3,3,10043.545,0.0,0.0,0.0,0.0,502177.25
1716772,IT,NL,RETA1,FURNI,0.1,10041.234,3,3,10041.234,0.0,0.0,0.0,0.0,100412.34
1750329,IT,CN,FABRI,PLANT,0.04,10041.144,3,3,10041.144,0.0,0.0,0.0,0.0,251028.6
1786843,IT,ZA,HOTEL,WASTE,0.07,10040.901,3,3,10040.901,0.0,0.0,0.0,0.0,143441.442857
1650827,IT,BG,LANDT,GASDI,0.06,10040.557,3,3,10040.557,0.0,0.0,0.0,0.0,167342.616667
1777646,IT,TR,ALUM1,FOOD4,0.02,10040.11,3,3,10040.11,0.0,0.0,0.0,0.0,502005.5
1655923,IT,DE,PROCE,MOTO1,0.07,10040.038,3,3,10040.038,0.0,0.0,0.0,0.0,143429.114286
1648659,IT,BG,DAIRY,CONST,0.04,10039.927,3,3,10039.927,0.0,0.0,0.0,0.0,250998.175
1718367,IT,PL,BEVER,LIQUE,0.04,10039.741,3,3,10039.741,0.0,0.0,0.0,0.0,250993.525
1770608,IT,AU,POSTT,REALE,0.17,10039.711,3,3,10039.711,0.0,0.0,0.0,0.0,59057.123529
1792717,IT,WA,BUSIN,BEVER,0.1,10039.581,3,3,10039.581,0.0,0.0,0.0,0.0,100395.81
1813214,IT,WM,TRANS,SUGAR,0.06,10039.435,3,3,10039.435,0.0,0.0,0.0,0.0,167323.916667
1665117,IT,ES,DAIRY,CATTL,0.04,10038.852,3,3,10038.852,0.0,0.0,0.0,0.0,250971.3
1758961,IT,BR,RAILW,EDUCA,0.07,10038.233,3,3,10038.233,0.0,0.0,0.0,0.0,143403.328571
1656345,IT,DE,WOODW,CHEMI,0.03,10037.538,3,3,10037.538,0.0,0.0,0.0,0.0,334584.6
1720189,IT,PL,COPP1,TRAN1,0.03,10037.364,3,3,10037.364,0.0,0.0,0.0,0.0,334578.8
1644774,IT,BE,FISH5,RESEA,0.04,10036.349,4,4,10036.344,0.0,0.0,0.0,0.005,250908.725
1765795,IT,RU,MOTOR,STEAM,0.01,10036.125,3,3,10036.125,0.0,0.0,0.0,0.0,1003612.5
1765803,IT,RU,KEROS,NATUR,0.01,10035.505,3,3,10035.505,0.0,0.0,0.0,0.0,1003550.5
1668933,IT,ES,AIRTR,PULP5,0.01,10035.307,3,3,10035.307,0.0,0.0,0.0,0.0,1003530.7
1645329,IT,BE,GASDI,NAPHT,0.01,10035.21,3,3,10035.21,0.0,0.0,0.0,0.0,1003521.0
1721887,IT,PL,RENTI,LEATH,0.06,10034.948,3,3,10034.948,0.0,0.0,0.0,0.0,167249.133333
1759747,IT,BR,BUSIN,NONSP,0.1,10034.598,3,3,10034.598,0.0,0.0,0.0,0.0,100345.98
1648601,IT,BG,MEATC,SUPPO,0.03,10034.541,3,3,10034.541,0.0,0.0,0.0,0.0,334484.7
1726721,IT,RO,FURNI,MACHI,0.03,10034.379,3,3,10034.379,0.0,0.0,0.0,0.0,334479.3
1751861,IT,CN,RENTI,EDUCA,0.06,10034.358,3,3,10034.358,0.0,0.0,0.0,0.0,167239.3
1673523,IT,FR,LEATH,NAPHT,0.07,10034.118,4,4,10034.116,0.0,0.0,0.0,0.002,143344.542857
1772287,IT,CH,LUBRI,DIST1,0.01,10034.116,3,3,10034.116,0.0,0.0,0.0,0.0,1003411.6
1739099,IT,GB,WHOLE,PLAST,0.09,10033.903,3,3,10033.903,0.0,0.0,0.0,0.0,111487.811111
1647318,IT,BE,TRAN2,WHOLE,0.02,10032.715,3,3,10032.715,0.0,0.0,0.0,0.0,501635.75
1798103,IT,WL,93197,RESEA,0.07,10032.6,3,3,10032.6,0.0,0.0,0.0,0.0,143322.857143
1808708,IT,WF,TEXT2,RAWMI,0.07,10032.439,3,3,10032.439,0.0,0.0,0.0,0.0,143320.557143
1756862,IT,KR,POSTT,ELEC2,0.17,10031.852,3,3,10031.852,0.0,0.0,0.0,0.0,59010.894118
1654045,IT,CZ,MACHI,POSTT,0.06,10031.449,3,3,10031.449,0.0,0.0,0.0,0.0,167190.816667
1746680,IT,JP,FABRI,FOOD5,0.04,10031.438,3,3,10031.438,0.0,0.0,0.0,0.0,250785.95
1645849,IT,BE,GLASS,PAPER,0.03,10031.355,3,3,10031.355,0.0,0.0,0.0,0.0,334378.5
1684211,IT,HR,TRAN2,CHEM1,0.02,10031.224,3,3,10031.224,0.0,0.0,0.0,0.0,501561.2
1662402,IT,DK,BASIC,RECRE,0.01,10030.675,3,3,10030.675,0.0,0.0,0.0,0.0,1003067.5
1800488,IT,WE,RUBBE,PROCE,0.03,10030.518,3,3,10030.518,0.0,0.0,0.0,0.0,334350.6
1737689,IT,GB,PRINT,REALE,0.1,10030.455,3,3,10030.455,0.0,0.0,0.0,0.0,100304.55
1715308,IT,NL,PAPER,SEACO,0.04,10030.391,3,3,10030.391,0.0,0.0,0.0,0.0,250759.775
1806579,IT,WF,CONST,ELEC4,0.06,10030.005,3,3,10030.005,0.0,0.0,0.0,0.0,167166.75
1680244,IT,GR,TRANS,LANDT,0.06,10029.907,3,3,10029.907,0.0,0.0,0.0,0.0,167165.116667
1657497,IT,DE,RUBBE,PAPE2,0.03,10029.541,3,3,10029.541,0.0,0.0,0.0,0.0,334318.033333
1651984,IT,CZ,CEREA,POULT,0.02,10029.389,3,3,10029.389,0.0,0.0,0.0,0.0,501469.45
1774286,IT,CH,HOTEL,POULT,0.07,10029.123,3,3,10029.123,0.0,0.0,0.0,0.0,143273.185714
1762858,IT,IN,PUBLI,REALE,0.16,10028.499,3,3,10028.499,0.0,0.0,0.0,0.0,62678.11875
1743459,IT,US,WHOLE,BRICK,0.09,10028.188,3,3,10028.188,0.0,0.0,0.0,0.0,111424.311111
1779545,IT,TR,COMPU,MEAT4,0.11,10027.996,3,3,10027.996,0.0,0.0,0.0,0.0,91163.6
1736273,IT,SK,HOTEL,GASDI,0.07,10027.725,3,3,10027.725,0.0,0.0,0.0,0.0,143253.214286
1800864,IT,WE,BASIC,HEALT,0.01,10027.464,3,3,10027.464,0.0,0.0,0.0,0.0,1002746.4
1737497,IT,GB,WOODW,VEGE1,0.03,10026.957,3,3,10026.957,0.0,0.0,0.0,0.0,334231.9
1803888,IT,WF,WEARI,CRUDE,0.08,10026.902,4,4,10026.9,0.0,0.0,0.0,0.002,125336.275
1656906,IT,DE,REFIN,GASDI,0.01,10026.653,3,3,10026.653,0.0,0.0,0.0,0.0,1002665.3
1731995,IT,SI,KEROS,MEAT1,0.01,10026.635,3,3,10026.635,0.0,0.0,0.0,0.0,1002663.5
1709862,IT,LT,GLASS,RADIO,0.03,10026.563,3,3,10026.563,0.0,0.0,0.0,0.0,334218.766667
1755504,IT,KR,CHEM1,STONE,0.02,10026.494,3,3,10026.494,0.0,0.0,0.0,0.0,501324.7
1687863,IT,HU,INSUR,REALE,0.21,10026.137,3,3,10026.137,0.0,0.0,0.0,0.0,47743.509524
1752365,IT,CA,MEAT4,MEDIC,0.06,10024.781,3,3,10024.781,0.0,0.0,0.0,0.0,167079.683333
1679051,IT,GR,WOODW,TRANS,0.03,10024.076,3,3,10024.076,0.0,0.0,0.0,0.0,334135.866667
1721176,IT,PL,RAILW,HEALT,0.07,10023.706,3,3,10023.706,0.0,0.0,0.0,0.0,143195.8
1786056,IT,ZA,CEMEN,VEGET,0.02,10023.438,3,3,10023.438,0.0,0.0,0.0,0.0,501171.9
1734950,IT,SK,GASDI,RETA1,0.01,10023.313,3,3,10023.313,0.0,0.0,0.0,0.0,1002331.3
1776548,IT,TR,KEROS,TEXT2,0.01,10023.298,3,3,10023.298,0.0,0.0,0.0,0.0,1002329.8
1778148,IT,TR,TRANS,CONST,0.06,10023.278,3,3,10023.278,0.0,0.0,0.0,0.0,167054.633333
1756408,IT,KR,FURNI,COMPU,0.03,10023.037,3,3,10023.037,0.0,0.0,0.0,0.0,334101.233333
1802357,IT,WE,SEACO,PAPER,0.01,10022.287,3,3,10022.287,0.0,0.0,0.0,0.0,1002228.7
1725658,IT,RO,PAPER,VEGE1,0.04,10021.619,3,3,10021.619,0.0,0.0,0.0,0.0,250540.475
1720928,IT,PL,SALEM,93197,0.08,10020.882,3,3,10020.882,0.0,0.0,0.0,0.0,125261.025
1784838,IT,ID,SEACO,TEXTI,0.01,10020.632,3,3,10020.632,0.0,0.0,0.0,0.0,1002063.2
1728728,IT,SE,MOTOR,MEMBE,0.01,10020.426,3,3,10020.426,0.0,0.0,0.0,0.0,1002042.6
1760450,IT,IN,BEVER,WHOLE,0.04,10020.14,3,3,10020.14,0.0,0.0,0.0,0.0,250503.5
1676401,IT,FR,WHOLE,INLAN,0.09,10020.052,3,3,10020.052,0.0,0.0,0.0,0.0,111333.911111
1749334,IT,CN,PRINT,BASIC,0.1,10019.899,3,3,10019.899,0.0,0.0,0.0,0.0,100198.99
1768324,IT,AU,CHEMI,NONME,0.02,10018.92,3,3,10018.92,0.0,0.0,0.0,0.0,500946.0
1718897,IT,PL,PRINT,TOBAC,0.1,10018.541,3,3,10018.541,0.0,0.0,0.0,0.0,100185.41
1657325,IT,DE,ADDIT,NONSP,0.02,10018.269,3,3,10018.269,0.0,0.0,0.0,0.0,500913.45
1664052,IT,EE,CHEM1,OILSE,0.02,10018.232,3,3,10018.232,0.0,0.0,0.0,0.0,500911.6
1710462,IT,LT,LANDT,MOTO1,0.06,10017.958,3,3,10017.958,0.0,0.0,0.0,0.0,166965.966667
1748305,IT,JP,RECRE,RECRE,0.13,10017.667,3,3,10017.667,0.0,0.0,0.0,0.0,77058.976923
1716124,IT,NL,PREC1,MOTOR,0.02,10017.43,3,3,10017.43,0.0,0.0,0.0,0.0,500871.5
1759389,IT,BR,INSUR,SUGAR,0.21,10016.895,3,3,10016.895,0.0,0.0,0.0,0.0,47699.5
1745408,IT,JP,DAIRY,FISHF,0.04,10016.567,3,3,10016.567,0.0,0.0,0.0,0.0,250414.175
1724548,IT,PT,POSTT,LANDT,0.16,10016.357,3,3,10016.357,0.0,0.0,0.0,0.0,62602.23125
1735604,IT,SK,COPP1,REFIN,0.03,10016.343,3,3,10016.343,0.0,0.0,0.0,0.0,333878.1
1731131,IT,SI,NATUR,CHEM1,0.01,10015.963,3,3,10015.963,0.0,0.0,0.0,0.0,1001596.3
1781076,IT,TW,PUBLI,CHEM1,0.16,10015.355,3,3,10015.355,0.0,0.0,0.0,0.0,62595.96875
1655310,IT,DE,VEGET,POULT,0.04,10015.164,3,3,10015.164,0.0,0.0,0.0,0.0,250379.1
1680264,IT,GR,FURNI,CATTL,0.03,10014.475,3,3,10014.475,0.0,0.0,0.0,0.0,333815.833333
1641546,IT,AT,HEAVY,ELEC2,0.02,10014.187,3,3,10014.187,0.0,0.0,0.0,0.0,500709.35
1732080,IT,SI,KERO1,BEVER,0.01,10014.05,3,3,10014.05,0.0,0.0,0.0,0.0,1001405.0
1758846,IT,BR,HOTEL,WEARI,0.07,10014.036,3,3,10014.036,0.0,0.0,0.0,0.0,143057.657143
1762988,IT,MX,FOOD5,MEATC,0.05,10014.03,3,3,10014.03,0.0,0.0,0.0,0.0,200280.6
1688744,IT,IE,ADDIT,LIQUE,0.02,10014.028,3,3,10014.028,0.0,0.0,0.0,0.0,500701.4
1674083,IT,FR,GASDI,WOOD2,0.01,10013.208,3,3,10013.208,0.0,0.0,0.0,0.0,1001320.8
1687953,IT,HU,RENTI,WEARI,0.06,10013.144,3,3,10013.144,0.0,0.0,0.0,0.0,166885.733333
1684220,IT,HR,SEACO,MEATC,0.01,10012.814,3,3,10012.814,0.0,0.0,0.0,0.0,1001281.4
1658267,IT,DE,COPP1,PFERT,0.03,10012.662,3,3,10012.662,0.0,0.0,0.0,0.0,333755.4
1721260,IT,PL,LANDT,FOUND,0.06,10012.241,3,3,10012.241,0.0,0.0,0.0,0.0,166870.683333
1649063,IT,BG,PAPER,COPPE,0.04,10012.122,3,3,10012.122,0.0,0.0,0.0,0.0,250303.05
1668870,IT,ES,SEACO,BITU1,0.01,10012.021,3,3,10012.021,0.0,0.0,0.0,0.0,1001202.1
1649664,IT,BG,CERAM,ELEC3,0.02,10011.484,3,3,10011.484,0.0,0.0,0.0,0.0,500574.2
1730636,IT,SE,RENTI,RADIO,0.06,10011.097,3,3,10011.097,0.0,0.0,0.0,0.0,166851.616667
1718133,IT,PL,VEGE1,CHEM1,0.03,10010.816,4,4,10010.814,0.0,0.0,0.0,0.002,333693.866667
1731485,IT,SI,BEVER,SUPPO,0.04,10010.009,3,3,10010.009,0.0,0.0,0.0,0.0,250250.225
1774266,IT,CH,RETA1,TEXT1,0.1,10009.885,3,3,10009.885,0.0,0.0,0.0,0.0,100098.85
1754132,IT,CA,AIRTR,AUXIL,0.01,10009.861,3,3,10009.861,0.0,0.0,0.0,0.0,1000986.1
1668596,IT,ES,HOTEL,PLAS2,0.07,10009.735,3,3,10009.735,0.0,0.0,0.0,0.0,142996.214286
1730916,IT,SE,INTER,PAPER,0.06,10009.523,3,3,10009.523,0.0,0.0,0.0,0.0,166825.383333
1758905,IT,BR,HOTEL,INSUR,0.07,10009.341,3,3,10009.341,0.0,0.0,0.0,0.0,142990.585714
1670911,IT,FI,CHEM1,MEATP,0.02,10009.091,3,3,10009.091,0.0,0.0,0.0,0.0,500454.55
1664363,IT,EE,FABRI,LANDT,0.04,10009.032,3,3,10009.032,0.0,0.0,0.0,0.0,250225.8
1760273,IT,IN,CROPS,BEVER,0.08,10009.004,3,3,10009.004,0.0,0.0,0.0,0.0,125112.55
1715872,IT,NL,RUBBE,INLAN,0.03,10008.654,3,3,10008.654,0.0,0.0,0.0,0.0,333621.8
1752879,IT,CA,MOTOR,HEALT,0.01,10007.988,3,3,10007.988,0.0,0.0,0.0,0.0,1000798.8
1809723,IT,WM,SUGA1,FISH5,0.03,10007.951,4,4,10007.949,0.0,0.0,0.0,0.002,333598.366667
1776663,IT,TR,HEAVY,WOODW,0.02,10007.892,3,3,10007.892,0.0,0.0,0.0,0.0,500394.6
1644098,IT,AT,BUSIN,INTER,0.1,10007.367,3,3,10007.367,0.0,0.0,0.0,0.0,100073.67
1649360,IT,BG,PLAST,AIRTR,0.02,10006.629,3,3,10006.629,0.0,0.0,0.0,0.0,500331.45
1770380,IT,AU,LANDT,RUBBE,0.06,10006.628,3,3,10006.628,0.0,0.0,0.0,0.0,166777.133333
1651659,IT,CY,BASIC,LANDT,0.01,10006.426,3,3,10006.426,0.0,0.0,0.0,0.0,1000642.6
1685124,IT,HU,FOOD5,DIST1,0.05,10006.382,3,3,10006.382,0.0,0.0,0.0,0.0,200127.64
1661259,IT,DK,VEGET,COMPU,0.04,10006.037,3,3,10006.037,0.0,0.0,0.0,0.0,250150.925
1713067,IT,MT,VEGE1,FINAN,0.03,10005.983,4,4,10005.981,0.0,0.0,0.0,0.002,333532.766667
1645641,IT,BE,CHEM1,COKE1,0.02,10005.712,3,3,10005.712,0.0,0.0,0.0,0.0,500285.6
1688868,IT,IE,PREC1,MACHI,0.02,10005.471,3,3,10005.471,0.0,0.0,0.0,0.0,500273.55
1811037,IT,WM,HEAVY,VEGE1,0.02,10005.061,3,3,10005.061,0.0,0.0,0.0,0.0,500253.05
1737789,IT,GB,NAPHT,WOODW,0.02,10004.934,3,3,10004.934,0.0,0.0,0.0,0.0,500246.7
1751841,IT,CN,RENTI,BASIC,0.06,10004.566,3,3,10004.566,0.0,0.0,0.0,0.0,166742.766667
1656429,IT,DE,PULP5,FOOD5,0.03,10004.377,3,3,10004.377,0.0,0.0,0.0,0.0,333479.233333
1757766,IT,BR,PLAST,FOOD5,0.02,10004.325,3,3,10004.325,0.0,0.0,0.0,0.0,500216.25
1654626,IT,CZ,LANDT,STONE,0.06,10004.255,3,3,10004.255,0.0,0.0,0.0,0.0,166737.583333
1753104,IT,CA,RUBBE,LIQUE,0.03,10004.075,3,3,10004.075,0.0,0.0,0.0,0.0,333469.166667
1753375,IT,CA,ALUM1,BASIC,0.02,10003.964,3,3,10003.964,0.0,0.0,0.0,0.0,500198.2
1730147,IT,SE,LANDT,COPPE,0.06,10003.787,3,3,10003.787,0.0,0.0,0.0,0.0,166729.783333
1735485,IT,SK,BASIC,SEWAG,0.01,10003.781,3,3,10003.781,0.0,0.0,0.0,0.0,1000378.1
1710223,IT,LT,OFFIC,WHOLE,0.03,10003.463,3,3,10003.463,0.0,0.0,0.0,0.0,333448.766667
1683483,IT,HR,PREC1,ELEC2,0.02,10002.942,3,3,10002.942,0.0,0.0,0.0,0.0,500147.1
1642432,IT,AT,ALUM1,GLASS,0.02,10002.91,3,3,10002.91,0.0,0.0,0.0,0.0,500145.5
1793523,IT,WL,CHEMI,93197,0.02,10002.403,3,3,10002.403,0.0,0.0,0.0,0.0,500120.15
1783928,IT,ID,FORES,FURNI,0.09,10002.17,4,4,9998.17,0.0,4.0,0.0,0.0,111135.222222
1774526,IT,CH,LANDT,PAPE1,0.06,10002.149,3,3,10002.149,0.0,0.0,0.0,0.0,166702.483333
1689784,IT,IE,INSUR,DAIRY,0.21,10002.095,3,3,10002.095,0.0,0.0,0.0,0.0,47629.02381
1683409,IT,HR,BASIC,LEAD1,0.01,10001.97,3,3,10001.97,0.0,0.0,0.0,0.0,1000197.0
1714205,IT,MT,INSUR,REALE,0.21,10001.69,3,3,10001.69,0.0,0.0,0.0,0.0,47627.095238
1728724,IT,SE,MOTOR,EDUCA,0.01,10001.397,3,3,10001.397,0.0,0.0,0.0,0.0,1000139.7
1781293,IT,NO,MEAT4,HEALT,0.06,10001.342,3,3,10001.342,0.0,0.0,0.0,0.0,166689.033333
1709880,IT,LT,CERAM,ELECT,0.02,10001.222,3,3,10001.222,0.0,0.0,0.0,0.0,500061.1
1802654,IT,WE,RENTI,PRINT,0.06,10000.824,3,3,10000.824,0.0,0.0,0.0,0.0,166680.4
1686076,IT,HU,RUBBE,KEROS,0.03,10000.261,3,3,10000.261,0.0,0.0,0.0,0.0,333342.033333
1641898,IT,AT,BIODI,ELECT,0.02,9999.9,3,3,9999.9,0.0,0.0,0.0,0.0,499995.0
1799702,IT,WE,MOTOR,INLAN,0.01,9999.586,3,3,9999.586,0.0,0.0,0.0,0.0,999958.6
1678534,IT,GR,VEGET,ANIMA,0.04,9999.335,3,3,9999.335,0.0,0.0,0.0,0.0,249983.375
1764694,IT,MX,HOTEL,SUGA1,0.07,9999.259,3,3,9999.259,0.0,0.0,0.0,0.0,142846.557143
1811951,IT,WM,GLASS,FORES,0.03,9999.075,3,3,9999.075,0.0,0.0,0.0,0.0,333302.5
1713658,IT,MT,ALUM1,COMPU,0.02,9998.815,3,3,9998.815,0.0,0.0,0.0,0.0,499940.75
1648752,IT,BG,BEVER,CATTL,0.04,9998.726,3,3,9998.726,0.0,0.0,0.0,0.0,249968.15
1752804,IT,CA,PAPER,TEXTI,0.04,9998.39,3,3,9998.39,0.0,0.0,0.0,0.0,249959.75
1763318,IT,MX,PAPER,SALEM,0.04,9998.306,3,3,9998.306,0.0,0.0,0.0,0.0,249957.65
1795555,IT,WL,LEAD1,BIODI,0.02,9998.264,3,3,9998.264,0.0,0.0,0.0,0.0,499913.2
1667094,IT,ES,NONME,PAPE1,0.02,9998.238,3,3,9998.238,0.0,0.0,0.0,0.0,499911.9
1738285,IT,GB,NONME,COMPU,0.02,9998.028,3,3,9998.028,0.0,0.0,0.0,0.0,499901.4
1787105,IT,ZA,BUSIN,ELEC1,0.1,9997.52,3,3,9997.52,0.0,0.0,0.0,0.0,99975.2
1755508,IT,KR,CHEM1,MEATP,0.02,9997.48,3,3,9997.48,0.0,0.0,0.0,0.0,499874.0
1662663,IT,DK,MACHI,LEAD1,0.06,9997.279,3,3,9997.279,0.0,0.0,0.0,0.0,166621.316667
1758984,IT,BR,LANDT,WEARI,0.06,9997.257,3,3,9997.257,0.0,0.0,0.0,0.0,166620.95
1810060,IT,WM,TEXTI,BASIC,0.06,9997.109,3,3,9997.109,0.0,0.0,0.0,0.0,166618.483333
1645436,IT,BE,LIQUE,CONST,0.02,9996.473,3,3,9996.473,0.0,0.0,0.0,0.0,499823.65
1775340,IT,CH,BUSIN,WOOD1,0.1,9996.355,3,3,9996.355,0.0,0.0,0.0,0.0,99963.55
1794334,IT,WL,MOTOR,DIST1,0.01,9996.144,3,3,9996.144,0.0,0.0,0.0,0.0,999614.4
1796739,IT,WL,LANDT,PULP5,0.06,9995.972,3,3,9995.972,0.0,0.0,0.0,0.0,166599.533333
1776626,IT,TR,GASDI,TRANS,0.01,9995.725,3,3,9995.725,0.0,0.0,0.0,0.0,999572.5
1728995,IT,SE,ADDIT,BUSIN,0.02,9995.512,3,3,9995.512,0.0,0.0,0.0,0.0,499775.6
1775175,IT,CH,RESEA,NONSP,0.05,9995.336,3,3,9995.336,0.0,0.0,0.0,0.0,199906.72
1711999,IT,LV,SUGAR,RUBBE,0.02,9994.59,3,3,9994.59,0.0,0.0,0.0,0.0,499729.5
1803413,IT,WF,MEATC,COPPE,0.03,9993.021,3,3,9993.021,0.0,0.0,0.0,0.0,333100.7
1716862,IT,NL,HOTEL,ALUM1,0.07,9992.169,3,3,9992.169,0.0,0.0,0.0,0.0,142745.271429
1785064,IT,ZA,VEGET,FOOD5,0.04,9991.002,3,3,9991.002,0.0,0.0,0.0,0.0,249775.05
1726199,IT,RO,CERAM,EDUCA,0.02,9990.721,3,3,9990.721,0.0,0.0,0.0,0.0,499536.05
1688849,IT,IE,BASIC,BASIC,0.01,9990.564,3,3,9990.564,0.0,0.0,0.0,0.0,999056.4
1814152,IT,WM,AIRTR,RENTI,0.01,9990.516,3,3,9990.516,0.0,0.0,0.0,0.0,999051.6
1684881,IT,HU,SANDC,BRICK,0.02,9990.392,4,4,9988.392,0.0,0.0,2.0,0.0,499519.6
1766383,IT,RU,BASIC,KEROS,0.01,9990.217,3,3,9990.217,0.0,0.0,0.0,0.0,999021.7
1783358,IT,NO,PLAS1,CHEM1,0.04,9990.014,3,3,9990.014,0.0,0.0,0.0,0.0,249750.35
1787664,IT,WA,MEAT4,RECRE,0.06,9989.891,3,3,9989.891,0.0,0.0,0.0,0.0,166498.183333
1775823,IT,TR,CHEMI,RESEA,0.02,9989.047,3,3,9989.047,0.0,0.0,0.0,0.0,499452.35
1757900,IT,BR,CHEM1,FOUND,0.02,9988.438,3,3,9988.438,0.0,0.0,0.0,0.0,499421.9
1769414,IT,AU,CEMEN,BITUM,0.02,9988.151,3,3,9988.151,0.0,0.0,0.0,0.0,499407.55
1716564,IT,NL,CONST,REALE,0.06,9988.031,3,3,9988.031,0.0,0.0,0.0,0.0,166467.183333
1782491,IT,NO,MACHI,FOODW,0.06,9986.977,3,3,9986.977,0.0,0.0,0.0,0.0,166449.616667
1685475,IT,HU,PULP5,PRINT,0.03,9986.765,3,3,9986.765,0.0,0.0,0.0,0.0,332892.166667
1716475,IT,NL,OFFIC,ALUM1,0.03,9986.38,3,3,9986.38,0.0,0.0,0.0,0.0,332879.333333
1645513,IT,BE,PLAST,BRICK,0.02,9985.797,3,3,9985.797,0.0,0.0,0.0,0.0,499289.85
1657323,IT,DE,ADDIT,PARAF,0.02,9985.608,3,3,9985.608,0.0,0.0,0.0,0.0,499280.4
1645764,IT,BE,RUBBE,LEAD1,0.03,9985.447,3,3,9985.447,0.0,0.0,0.0,0.0,332848.233333
1671895,IT,FI,HOTEL,RENTI,0.07,9985.389,3,3,9985.389,0.0,0.0,0.0,0.0,142648.414286
1648823,IT,BG,FISH5,HEALT,0.04,9984.39,4,4,9984.385,0.0,0.0,0.0,0.005,249609.75
1724059,IT,PT,WHOLE,BRICK,0.09,9984.233,3,3,9984.233,0.0,0.0,0.0,0.0,110935.922222
1662299,IT,DK,NONME,CERAM,0.02,9984.216,3,3,9984.216,0.0,0.0,0.0,0.0,499210.8
1766986,IT,RU,MOTO1,POSTT,0.05,9984.139,3,3,9984.139,0.0,0.0,0.0,0.0,199682.78
1741010,IT,US,FISH5,FISH5,0.04,9983.744,4,4,9983.739,0.0,0.0,0.0,0.005,249593.6
1709922,IT,LT,BASIC,PRINT,0.01,9983.647,3,3,9983.647,0.0,0.0,0.0,0.0,998364.7
1669522,IT,ES,AUXIL,HEALT,0.18,9983.487,3,3,9983.487,0.0,0.0,0.0,0.0,55463.816667
1645970,IT,BE,BRICK,BRICK,0.01,9982.451,3,3,9982.451,0.0,0.0,0.0,0.0,998245.1
1750943,IT,CN,CONST,INSUR,0.06,9982.057,3,3,9982.057,0.0,0.0,0.0,0.0,166367.616667
1807275,IT,WF,POSTT,NATUR,0.16,9981.698,3,3,9981.698,0.0,0.0,0.0,0.0,62385.6125
1791502,IT,WA,RETA1,CROPS,0.1,9981.626,3,3,9981.626,0.0,0.0,0.0,0.0,99816.26
1726804,IT,RO,WHOLE,FOOD5,0.09,9980.308,3,3,9980.308,0.0,0.0,0.0,0.0,110892.311111
1756471,IT,KR,CONST,INSUR,0.06,9979.967,3,3,9979.967,0.0,0.0,0.0,0.0,166332.783333
1760581,IT,IN,WOODW,PULP5,0.03,9979.738,3,3,9979.738,0.0,0.0,0.0,0.0,332657.933333
1710019,IT,LT,LEAD1,FABRI,0.02,9979.207,3,3,9979.207,0.0,0.0,0.0,0.0,498960.35
1727404,IT,RO,FINAN,MACHI,0.13,9979.189,3,3,9979.189,0.0,0.0,0.0,0.0,76762.992308
1681201,IT,GR,POSTT,AUXIL,0.16,9978.955,3,3,9978.955,0.0,0.0,0.0,0.0,62368.46875
1751007,IT,CN,WHOLE,BEVER,0.09,9978.73,3,3,9978.73,0.0,0.0,0.0,0.0,110874.777778
1788873,IT,WA,GASDI,MACHI,0.01,9978.718,3,3,9978.718,0.0,0.0,0.0,0.0,997871.8
1719375,IT,PL,RUBBE,MEAT4,0.03,9978.578,3,3,9978.578,0.0,0.0,0.0,0.0,332619.266667
1656513,IT,DE,PAPER,ALUM1,0.04,9978.173,3,3,9978.173,0.0,0.0,0.0,0.0,249454.325
1724393,IT,PT,INLAN,MACHI,0.02,9978.012,3,3,9978.012,0.0,0.0,0.0,0.0,498900.6
1789019,IT,WA,NAPHT,LEATH,0.02,9977.538,3,3,9977.538,0.0,0.0,0.0,0.0,498876.9
1781468,IT,NO,BEVER,TRANS,0.04,9977.222,3,3,9977.222,0.0,0.0,0.0,0.0,249430.55
1723846,IT,PT,TRANS,TEXTI,0.06,9976.646,3,3,9976.646,0.0,0.0,0.0,0.0,166277.433333
1774047,IT,CH,RETAI,EDUCA,0.08,9976.523,3,3,9976.523,0.0,0.0,0.0,0.0,124706.5375
1775831,IT,TR,MEAT4,TEXTI,0.05,9976.35,3,3,9976.35,0.0,0.0,0.0,0.0,199527.0
1783334,IT,NO,PAPE1,RESEA,0.07,9975.08,3,3,9975.08,0.0,0.0,0.0,0.0,142501.142857
1688654,IT,IE,CHEM1,POULT,0.02,9974.988,3,3,9974.988,0.0,0.0,0.0,0.0,498749.4
1790245,IT,WA,PREC1,TRANS,0.02,9974.857,3,3,9974.857,0.0,0.0,0.0,0.0,498742.85
1778260,IT,TR,CONST,PUBLI,0.06,9974.354,3,3,9974.354,0.0,0.0,0.0,0.0,166239.233333
1679019,IT,GR,WOODW,FISH5,0.03,9974.123,3,3,9974.123,0.0,0.0,0.0,0.0,332470.766667
1766118,IT,RU,RUBBE,CERAM,0.03,9973.972,3,3,9973.972,0.0,0.0,0.0,0.0,332465.733333
1727775,IT,RO,BUSIN,MEATP,0.1,9973.893,3,3,9973.893,0.0,0.0,0.0,0.0,99738.93
1772116,IT,CH,MOTOR,TRANS,0.01,9973.08,3,3,9973.08,0.0,0.0,0.0,0.0,997308.0
1653793,IT,CZ,COPP1,FOOD2,0.03,9973.025,3,3,9973.025,0.0,0.0,0.0,0.0,332434.166667
1728817,IT,SE,NUCLE,NUCLE,0.02,9972.576,3,3,9972.576,0.0,0.0,0.0,0.0,498628.8
1722624,IT,PT,TEXTI,NONME,0.06,9972.53,3,3,9972.53,0.0,0.0,0.0,0.0,166208.833333
1716470,IT,NL,OFFIC,BIODI,0.03,9972.261,3,3,9972.261,0.0,0.0,0.0,0.0,332408.7
1772493,IT,CH,BIODI,MEMBE,0.02,9972.14,3,3,9972.14,0.0,0.0,0.0,0.0,498607.0
1723512,IT,PT,COPP1,NONME,0.03,9972.057,3,3,9972.057,0.0,0.0,0.0,0.0,332401.9
1781350,IT,NO,DAIRY,LEATH,0.04,9971.849,3,3,9971.849,0.0,0.0,0.0,0.0,249296.225
1640329,IT,AT,CHEMI,GLASS,0.02,9971.613,3,3,9971.613,0.0,0.0,0.0,0.0,498580.65
1727633,IT,RO,RENTI,WEARI,0.06,9971.473,3,3,9971.473,0.0,0.0,0.0,0.0,166191.216667
1682884,IT,HR,NAPHT,LEATH,0.02,9971.313,3,3,9971.313,0.0,0.0,0.0,0.0,498565.65
1771520,IT,CH,FISH5,RECRE,0.04,9970.535,4,4,9970.53,0.0,0.0,0.0,0.005,249263.375
1769054,IT,AU,BITU1,WHOLE,0.02,9970.428,3,3,9970.428,0.0,0.0,0.0,0.0,498521.4
1641192,IT,AT,PRINT,DISTR,0.1,9970.42,3,3,9970.42,0.0,0.0,0.0,0.0,99704.2
1763225,IT,MX,WOODW,CEMEN,0.03,9970.038,3,3,9970.038,0.0,0.0,0.0,0.0,332334.6
1671039,IT,FI,RUBBE,AVIAT,0.03,9969.972,3,3,9969.972,0.0,0.0,0.0,0.0,332332.4
1803261,IT,WF,WOOLS,PRECI,0.04,9969.817,3,3,9969.817,0.0,0.0,0.0,0.0,249245.425
1746347,IT,JP,RUBBE,SANDC,0.03,9969.613,3,3,9969.613,0.0,0.0,0.0,0.0,332320.433333
1804917,IT,WF,BITU1,TRAN2,0.02,9969.383,3,3,9969.383,0.0,0.0,0.0,0.0,498469.15
1748605,IT,CN,VEGE1,RESEA,0.03,9969.281,4,4,9969.279,0.0,0.0,0.0,0.002,332309.366667
1794379,IT,WL,KEROS,NONME,0.01,9968.386,3,3,9968.386,0.0,0.0,0.0,0.0,996838.6
1752367,IT,CA,MEAT4,DIST1,0.05,9967.855,3,3,9967.855,0.0,0.0,0.0,0.0,199357.1
1759082,IT,BR,AIRTR,VEGET,0.01,9967.24,3,3,9967.24,0.0,0.0,0.0,0.0,996724.0
1800508,IT,WE,RUBBE,NONSP,0.03,9967.146,3,3,9967.146,0.0,0.0,0.0,0.0,332238.2
1685276,IT,HU,TEXTI,POSTT,0.06,9966.788,3,3,9966.788,0.0,0.0,0.0,0.0,166113.133333
1795228,IT,WL,GLASS,AUXIL,0.03,9966.762,3,3,9966.762,0.0,0.0,0.0,0.0,332225.4
1777867,IT,TR,FABRI,WASTE,0.04,9966.321,3,3,9966.321,0.0,0.0,0.0,0.0,249158.025
1767140,IT,RU,CONST,CONST,0.06,9966.238,3,3,9966.238,0.0,0.0,0.0,0.0,166103.966667
1682424,IT,HR,PAPER,GLASS,0.04,9966.132,3,3,9966.132,0.0,0.0,0.0,0.0,249153.3
1810351,IT,WM,WOODW,LEAD1,0.03,9965.99,3,3,9965.99,0.0,0.0,0.0,0.0,332199.666667
1807002,IT,WF,LANDT,MOTO1,0.06,9965.14,3,3,9965.14,0.0,0.0,0.0,0.0,166085.666667
1810357,IT,WM,WOODW,RADIO,0.03,9965.123,3,3,9965.123,0.0,0.0,0.0,0.0,332170.766667
1737215,IT,GB,PROCE,DAIRY,0.07,9965.048,3,3,9965.048,0.0,0.0,0.0,0.0,142357.828571
1648383,IT,BE,RECRE,MEDIC,0.13,9965.006,3,3,9965.006,0.0,0.0,0.0,0.0,76653.892308
1780054,IT,TW,WHOLE,COKEO,0.09,9963.634,3,3,9963.634,0.0,0.0,0.0,0.0,110707.044444
1766468,IT,RU,PREC1,CONST,0.02,9963.461,3,3,9963.461,0.0,0.0,0.0,0.0,498173.05
1722561,IT,PT,BEVER,RESEA,0.04,9963.307,3,3,9963.307,0.0,0.0,0.0,0.0,249082.675
1779625,IT,TR,COMPU,INERT,0.11,9963.185,3,3,9963.185,0.0,0.0,0.0,0.0,90574.409091
1685376,IT,HU,LEATH,NONME,0.07,9963.157,4,4,9963.155,0.0,0.0,0.0,0.002,142330.814286
1809214,IT,WM,ANIMA,93197,0.04,9962.687,3,3,9962.687,0.0,0.0,0.0,0.0,249067.175
1668213,IT,ES,RETAI,LEATH,0.08,9962.31,3,3,9962.31,0.0,0.0,0.0,0.0,124528.875
1663228,IT,DK,SEACO,CEREA,0.01,9962.272,3,3,9962.272,0.0,0.0,0.0,0.0,996227.2
1748047,IT,JP,BUSIN,LEAD1,0.1,9961.691,3,3,9961.691,0.0,0.0,0.0,0.0,99616.91
1683917,IT,HR,FURNI,ELEC4,0.03,9960.951,3,3,9960.951,0.0,0.0,0.0,0.0,332031.7
1799152,IT,WE,WEARI,LEAD1,0.08,9960.554,4,4,9960.552,0.0,0.0,0.0,0.002,124506.925
1754229,IT,CA,POSTT,CHEM1,0.16,9959.629,3,3,9959.629,0.0,0.0,0.0,0.0,62247.68125
1779851,IT,TR,PUBLI,ELECT,0.16,9959.388,3,3,9959.388,0.0,0.0,0.0,0.0,62246.175
1753719,IT,CA,TRANS,INLAN,0.06,9958.457,3,3,9958.457,0.0,0.0,0.0,0.0,165974.283333
1686162,IT,HU,GLASS,MEATA,0.03,9958.428,3,3,9958.428,0.0,0.0,0.0,0.0,331947.6
1762936,IT,MX,MEAT4,HOTEL,0.05,9958.41,3,3,9958.41,0.0,0.0,0.0,0.0,199168.2
1768567,IT,AU,BEVER,BITUM,0.04,9957.973,3,3,9957.973,0.0,0.0,0.0,0.0,248949.325
1733483,IT,SI,WHOLE,CATTL,0.09,9957.959,3,3,9957.959,0.0,0.0,0.0,0.0,110643.988889
1752890,IT,CA,KEROS,SUPPO,0.01,9957.417,3,3,9957.417,0.0,0.0,0.0,0.0,995741.7
1763975,IT,MX,PREC1,CONST,0.02,9957.26,3,3,9957.26,0.0,0.0,0.0,0.0,497863.0
1780504,IT,TW,POSTT,MOTO1,0.16,9956.979,3,3,9956.979,0.0,0.0,0.0,0.0,62231.11875
1798608,IT,WE,MEAT1,CROPS,0.05,9956.563,3,3,9956.563,0.0,0.0,0.0,0.0,199131.26
1788389,IT,WA,WOODW,CEMEN,0.03,9955.444,3,3,9955.444,0.0,0.0,0.0,0.0,331848.133333
1808016,IT,WF,INTER,NONFE,0.06,9955.201,3,3,9955.201,0.0,0.0,0.0,0.0,165920.016667
1732356,IT,SI,PETRO,WEARI,0.02,9955.124,3,3,9955.124,0.0,0.0,0.0,0.0,497756.2
1677008,IT,FR,AIRTR,FOOD4,0.01,9954.999,3,3,9954.999,0.0,0.0,0.0,0.0,995499.9
1671540,IT,FI,OFFIC,PRINT,0.03,9954.915,3,3,9954.915,0.0,0.0,0.0,0.0,331830.5
1796306,IT,WL,SALEM,NATUR,0.08,9954.879,3,3,9954.879,0.0,0.0,0.0,0.0,124435.9875
1798341,IT,WE,CATTL,CRUDE,0.02,9954.319,3,3,9954.319,0.0,0.0,0.0,0.0,497715.95
1795989,IT,WL,MOTO1,TRANS,0.05,9954.213,3,3,9954.213,0.0,0.0,0.0,0.0,199084.26
1721564,IT,PL,SUPPO,PUBLI,0.07,9954.082,3,3,9954.082,0.0,0.0,0.0,0.0,142201.171429
1761647,IT,IN,FABRI,NONSP,0.04,9953.94,3,3,9953.94,0.0,0.0,0.0,0.0,248848.5
1662074,IT,DK,CHEM1,PREC1,0.02,9953.671,3,3,9953.671,0.0,0.0,0.0,0.0,497683.55
1652671,IT,CZ,WOODW,PAPE4,0.03,9953.304,3,3,9953.304,0.0,0.0,0.0,0.0,331776.8
1747938,IT,JP,RESEA,PAPER,0.05,9953.3,3,3,9953.3,0.0,0.0,0.0,0.0,199066.0
1770728,IT,AU,AUXIL,CONST,0.18,9952.06,3,3,9952.06,0.0,0.0,0.0,0.0,55289.222222
1733656,IT,SI,HOTEL,AIRTR,0.07,9952.021,3,3,9952.021,0.0,0.0,0.0,0.0,142171.728571
1774264,IT,CH,RETA1,PLAS1,0.1,9951.53,3,3,9951.53,0.0,0.0,0.0,0.0,99515.3
1731819,IT,SI,PAPER,RAILW,0.04,9951.329,3,3,9951.329,0.0,0.0,0.0,0.0,248783.225
1810104,IT,WM,TEXTI,RENTI,0.06,9951.206,3,3,9951.206,0.0,0.0,0.0,0.0,165853.433333
1765337,IT,RU,FOOD5,CHEM1,0.05,9951.172,3,3,9951.172,0.0,0.0,0.0,0.0,199023.44
1712371,IT,LV,GLASS,TEXTI,0.03,9950.352,3,3,9950.352,0.0,0.0,0.0,0.0,331678.4
1753207,IT,CA,GLASS,INLAN,0.03,9950.09,3,3,9950.09,0.0,0.0,0.0,0.0,331669.666667
1648643,IT,BG,VEGE1,HOTEL,0.03,9949.817,4,4,9949.815,0.0,0.0,0.0,0.002,331660.566667
1743965,IT,US,AIRTR,CHEMI,0.01,9949.522,3,3,9949.522,0.0,0.0,0.0,0.0,994952.2
1797113,IT,WL,POSTT,LEATH,0.16,9949.517,3,3,9949.517,0.0,0.0,0.0,0.0,62184.48125
1662509,IT,DK,COPP1,ALUM1,0.03,9949.017,3,3,9949.017,0.0,0.0,0.0,0.0,331633.9
1741449,IT,US,MOTOR,ELECT,0.01,9948.731,3,3,9948.731,0.0,0.0,0.0,0.0,994873.1
1779045,IT,TR,AIRTR,TRAN2,0.01,9948.069,3,3,9948.069,0.0,0.0,0.0,0.0,994806.9
1768389,IT,AU,VEGE1,FISHF,0.03,9947.783,4,4,9947.781,0.0,0.0,0.0,0.002,331592.766667
1784877,IT,ID,AIRTR,DISTR,0.01,9947.561,3,3,9947.561,0.0,0.0,0.0,0.0,994756.1
1802399,IT,WE,AIRTR,VEGET,0.01,9947.364,3,3,9947.364,0.0,0.0,0.0,0.0,994736.4
1670818,IT,FI,GASDI,MOTOR,0.01,9946.986,3,3,9946.986,0.0,0.0,0.0,0.0,994698.6
1676225,IT,FR,CONST,PAPE1,0.06,9946.923,3,3,9946.923,0.0,0.0,0.0,0.0,165782.05
1657746,IT,DE,CEMEN,RENTI,0.02,9945.86,3,3,9945.86,0.0,0.0,0.0,0.0,497293.0
1760642,IT,IN,PULP5,ELECT,0.03,9945.826,3,3,9945.826,0.0,0.0,0.0,0.0,331527.533333
1784250,IT,ID,CHEM1,VEGE1,0.02,9945.667,3,3,9945.667,0.0,0.0,0.0,0.0,497283.35
1664940,IT,ES,STONE,MACHI,0.03,9945.517,4,4,9944.517,0.0,0.0,1.0,0.0,331517.233333
1716611,IT,NL,SALEM,WHOLE,0.08,9945.515,3,3,9945.515,0.0,0.0,0.0,0.0,124318.9375
1739403,IT,GB,RAILW,PAPE4,0.07,9945.404,3,3,9945.404,0.0,0.0,0.0,0.0,142077.2
1758309,IT,BR,COPP1,WOODW,0.03,9944.876,3,3,9944.876,0.0,0.0,0.0,0.0,331495.866667
1716104,IT,NL,BASIC,POSTT,0.01,9944.853,3,3,9944.853,0.0,0.0,0.0,0.0,994485.3
1727604,IT,RO,REALE,COMPU,0.42,9944.461,3,3,9944.461,0.0,0.0,0.0,0.0,23677.288095
1648146,IT,BE,BUSIN,RAWMI,0.1,9944.321,3,3,9944.321,0.0,0.0,0.0,0.0,99443.21
1643020,IT,AT,CONST,FURNI,0.06,9943.792,3,3,9943.792,0.0,0.0,0.0,0.0,165729.866667
1791058,IT,WA,TRANS,DAIRY,0.06,9943.383,3,3,9943.383,0.0,0.0,0.0,0.0,165723.05
1714128,IT,MT,SEACO,93197,0.01,9942.727,3,3,9942.727,0.0,0.0,0.0,0.0,994272.7
1812163,IT,WM,CEMEN,LANDT,0.02,9941.954,3,3,9941.954,0.0,0.0,0.0,0.0,497097.7
1806568,IT,WF,CONST,NATU1,0.06,9941.625,3,3,9941.625,0.0,0.0,0.0,0.0,165693.75
1669807,IT,ES,BUSIN,ELEC9,0.1,9940.874,3,3,9940.874,0.0,0.0,0.0,0.0,99408.74
1686334,IT,HU,NONME,FOUND,0.02,9940.667,3,3,9940.667,0.0,0.0,0.0,0.0,497033.35
1744178,IT,US,POSTT,CEREA,0.16,9940.451,3,3,9940.451,0.0,0.0,0.0,0.0,62127.81875
1771174,IT,CH,MEAT4,RUBBE,0.05,9940.242,3,3,9940.242,0.0,0.0,0.0,0.0,198804.84
1742633,IT,US,LEAD1,PUBLI,0.02,9939.961,3,3,9939.961,0.0,0.0,0.0,0.0,496998.05
1794038,IT,WL,PULP5,CEMEN,0.03,9939.733,3,3,9939.733,0.0,0.0,0.0,0.0,331324.433333
1811439,IT,WM,PLAST,NONSP,0.02,9939.056,3,3,9939.056,0.0,0.0,0.0,0.0,496952.8
1714735,IT,NL,DAIRY,GASDI,0.04,9939.0,3,3,9939.0,0.0,0.0,0.0,0.0,248475.0
1722770,IT,PT,PAPER,REFI1,0.04,9938.737,3,3,9938.737,0.0,0.0,0.0,0.0,248468.425
1665101,IT,ES,VEGE1,ELEC2,0.03,9938.732,4,4,9938.73,0.0,0.0,0.0,0.002,331291.066667
1798543,IT,WE,SANDC,RADIO,0.02,9938.65,4,4,9936.65,0.0,0.0,2.0,0.0,496932.5
1674734,IT,FR,GLASS,WOOD2,0.03,9938.402,3,3,9938.402,0.0,0.0,0.0,0.0,331280.066667
1813623,IT,WM,RETA1,RAWMI,0.1,9938.308,3,3,9938.308,0.0,0.0,0.0,0.0,99383.08
1720162,IT,PL,COPP1,PFERT,0.03,9938.248,3,3,9938.248,0.0,0.0,0.0,0.0,331274.933333
1670932,IT,FI,CHEM1,NFERT,0.02,9937.21,3,3,9937.21,0.0,0.0,0.0,0.0,496860.5
1795237,IT,WL,CERAM,PRECI,0.02,9936.827,3,3,9936.827,0.0,0.0,0.0,0.0,496841.35
1738870,IT,GB,TRANS,LANDT,0.06,9936.734,3,3,9936.734,0.0,0.0,0.0,0.0,165612.233333
1780296,IT,TW,LANDT,COMPU,0.06,9936.365,3,3,9936.365,0.0,0.0,0.0,0.0,165606.083333
1686524,IT,HU,ALUM1,CRUDE,0.02,9936.339,3,3,9936.339,0.0,0.0,0.0,0.0,496816.95
1791895,IT,WA,TRAN2,WOODW,0.02,9935.908,3,3,9935.908,0.0,0.0,0.0,0.0,496795.4
1651726,IT,CY,MACHI,DAIRY,0.06,9935.36,3,3,9935.36,0.0,0.0,0.0,0.0,165589.333333
1795335,IT,WL,NONME,BRICK,0.02,9934.957,3,3,9934.957,0.0,0.0,0.0,0.0,496747.85
1722490,IT,PT,FOOD5,FISHF,0.05,9934.232,3,3,9934.232,0.0,0.0,0.0,0.0,198684.64
1789214,IT,WA,PLAST,COPP1,0.02,9934.083,3,3,9934.083,0.0,0.0,0.0,0.0,496704.15
1790269,IT,WA,PREC1,MEMBE,0.02,9933.898,3,3,9933.898,0.0,0.0,0.0,0.0,496694.9
1727251,IT,RO,SUPPO,TRAN1,0.07,9932.789,3,3,9932.789,0.0,0.0,0.0,0.0,141896.985714
1651087,IT,BG,INSUR,LANDT,0.2,9932.776,3,3,9932.776,0.0,0.0,0.0,0.0,49663.88
1646254,IT,BE,LEAD1,MEDIC,0.02,9932.668,3,3,9932.668,0.0,0.0,0.0,0.0,496633.4
1680145,IT,GR,OFFIC,PAPE4,0.03,9932.046,3,3,9932.046,0.0,0.0,0.0,0.0,331068.2
1648424,IT,BE,PRIVA,CHEM1,2.22,9931.94,4,4,9931.938,0.0,0.0,0.0,0.002,4473.846847
1719291,IT,PL,CHEM1,ELEC7,0.02,9931.683,3,3,9931.683,0.0,0.0,0.0,0.0,496584.15
1779603,IT,TR,COMPU,SEACO,0.11,9931.486,3,3,9931.486,0.0,0.0,0.0,0.0,90286.236364
1649249,IT,BG,HEAVY,CHEMI,0.02,9931.075,3,3,9931.075,0.0,0.0,0.0,0.0,496553.75
1787112,IT,ZA,BUSIN,RETAI,0.1,9930.934,3,3,9930.934,0.0,0.0,0.0,0.0,99309.34
1656294,IT,DE,LEATH,CERAM,0.07,9930.613,4,4,9930.611,0.0,0.0,0.0,0.002,141865.9
1786455,IT,ZA,MOTO1,STONE,0.05,9930.155,3,3,9930.155,0.0,0.0,0.0,0.0,198603.1
1808833,IT,WF,93197,HEALT,0.07,9929.911,3,3,9929.911,0.0,0.0,0.0,0.0,141855.871429
1746248,IT,JP,CHEM1,BRICK,0.02,9928.902,3,3,9928.902,0.0,0.0,0.0,0.0,496445.1
1766782,IT,RU,MACHI,NFERT,0.06,9928.702,3,3,9928.702,0.0,0.0,0.0,0.0,165478.366667
1688730,IT,IE,CHEM1,FOOD2,0.02,9928.68,3,3,9928.68,0.0,0.0,0.0,0.0,496434.0
1801860,IT,WE,CONST,FISHF,0.06,9928.439,3,3,9928.439,0.0,0.0,0.0,0.0,165473.983333
1784210,IT,ID,MOTOR,GASDI,0.01,9928.39,3,3,9928.39,0.0,0.0,0.0,0.0,992839.0
1646632,IT,BE,TRANS,FURNI,0.06,9927.842,3,3,9927.842,0.0,0.0,0.0,0.0,165464.033333
1774482,IT,CH,LANDT,NONME,0.06,9927.383,3,3,9927.383,0.0,0.0,0.0,0.0,165456.383333
1798214,IT,WE,VEGET,MOTOR,0.04,9927.368,3,3,9927.368,0.0,0.0,0.0,0.0,248184.2
1723049,IT,PT,CHEM1,MEATA,0.02,9927.268,3,3,9927.268,0.0,0.0,0.0,0.0,496363.4
1814515,IT,WM,RESEA,SALEM,0.05,9927.142,3,3,9927.142,0.0,0.0,0.0,0.0,198542.84
1722431,IT,PT,VEGE1,PIGS9,0.03,9927.027,4,4,9927.025,0.0,0.0,0.0,0.002,330900.9
1803237,IT,WF,CATTL,CHARC,0.02,9927.006,3,3,9927.006,0.0,0.0,0.0,0.0,496350.3
1709984,IT,LT,PREC1,TRAN1,0.02,9925.617,3,3,9925.617,0.0,0.0,0.0,0.0,496280.85
1710461,IT,LT,LANDT,MEDIC,0.06,9925.589,3,3,9925.589,0.0,0.0,0.0,0.0,165426.483333
1645813,IT,BE,RUBBE,WOOD1,0.03,9925.463,3,3,9925.463,0.0,0.0,0.0,0.0,330848.766667
1657847,IT,DE,NONME,TEXT1,0.02,9924.684,3,3,9924.684,0.0,0.0,0.0,0.0,496234.2
1791516,IT,WA,RETA1,MEAT1,0.1,9923.387,3,3,9923.387,0.0,0.0,0.0,0.0,99233.87
1649594,IT,BG,GLASS,FORES,0.03,9923.015,3,3,9923.015,0.0,0.0,0.0,0.0,330767.166667
1789576,IT,WA,BIODI,NONF1,0.02,9922.95,3,3,9922.95,0.0,0.0,0.0,0.0,496147.5
1737758,IT,GB,HEAVY,FURNI,0.02,9921.869,3,3,9921.869,0.0,0.0,0.0,0.0,496093.45
1756421,IT,KR,CONST,FISHF,0.06,9921.194,3,3,9921.194,0.0,0.0,0.0,0.0,165353.233333
1737901,IT,GB,CHEM1,STONE,0.02,9921.076,3,3,9921.076,0.0,0.0,0.0,0.0,496053.8
1789918,IT,WA,CEMEN,TEXTI,0.02,9921.014,3,3,9921.014,0.0,0.0,0.0,0.0,496050.7
1664331,IT,EE,FABRI,PAPER,0.04,9920.982,3,3,9920.982,0.0,0.0,0.0,0.0,248024.55
1645467,IT,BE,NAPHT,COMPU,0.02,9920.716,3,3,9920.716,0.0,0.0,0.0,0.0,496035.8
1786527,IT,ZA,FURNI,MEAT1,0.03,9920.474,3,3,9920.474,0.0,0.0,0.0,0.0,330682.466667
1781422,IT,NO,FOOD5,RUBBE,0.05,9919.762,3,3,9919.762,0.0,0.0,0.0,0.0,198395.24
1683106,IT,HR,RUBBE,MEDIC,0.03,9919.436,3,3,9919.436,0.0,0.0,0.0,0.0,330647.866667
1736147,IT,SK,CONST,RECRE,0.06,9919.435,3,3,9919.435,0.0,0.0,0.0,0.0,165323.916667
1724313,IT,PT,LANDT,COMPU,0.06,9919.399,3,3,9919.399,0.0,0.0,0.0,0.0,165323.316667
1797988,IT,WL,PAPE4,REALE,0.07,9919.184,3,3,9919.184,0.0,0.0,0.0,0.0,141702.628571
1710984,IT,LU,GLASS,REALE,0.03,9918.643,3,3,9918.643,0.0,0.0,0.0,0.0,330621.433333
1732437,IT,SI,CHEM1,MEATC,0.02,9918.387,3,3,9918.387,0.0,0.0,0.0,0.0,495919.35
1763447,IT,MX,NONSP,RENTI,0.01,9917.053,3,3,9917.053,0.0,0.0,0.0,0.0,991705.3
1746012,IT,JP,PAPER,NONME,0.04,9917.024,3,3,9917.024,0.0,0.0,0.0,0.0,247925.6
1789126,IT,WA,NONSP,RUBBE,0.01,9916.948,3,3,9916.948,0.0,0.0,0.0,0.0,991694.8
1746579,IT,JP,PREC1,WEARI,0.02,9916.642,3,3,9916.642,0.0,0.0,0.0,0.0,495832.1
1734220,IT,SI,RENTI,MOTO1,0.06,9916.517,3,3,9916.517,0.0,0.0,0.0,0.0,165275.283333
1640457,IT,AT,VEGE1,93197,0.03,9915.828,4,4,9915.826,0.0,0.0,0.0,0.002,330527.6
1713456,IT,MT,CHEM1,RADIO,0.02,9915.602,3,3,9915.602,0.0,0.0,0.0,0.0,495780.1
1810523,IT,WM,PAPER,BITU1,0.04,9915.53,3,3,9915.53,0.0,0.0,0.0,0.0,247888.25
1786272,IT,ZA,FABRI,LEATH,0.04,9914.795,3,3,9914.795,0.0,0.0,0.0,0.0,247869.875
1717147,IT,NL,INLAN,SEACO,0.02,9914.7,3,3,9914.7,0.0,0.0,0.0,0.0,495735.0
1813058,IT,WM,OFFIC,ELECT,0.03,9914.444,3,3,9914.444,0.0,0.0,0.0,0.0,330481.466667
1709698,IT,LT,CHEM1,WHEAT,0.02,9914.188,3,3,9914.188,0.0,0.0,0.0,0.0,495709.4
1688835,IT,IE,NONME,RESEA,0.02,9914.102,3,3,9914.102,0.0,0.0,0.0,0.0,495705.1
1686718,IT,HU,COPP1,ELEC1,0.03,9914.067,3,3,9914.067,0.0,0.0,0.0,0.0,330468.9
1715823,IT,NL,RUBBE,NAPHT,0.03,9913.599,3,3,9913.599,0.0,0.0,0.0,0.0,330453.3
1781462,IT,NO,BEVER,CEMEN,0.04,9913.441,3,3,9913.441,0.0,0.0,0.0,0.0,247836.025
1684828,IT,HU,FISHF,LANDT,0.02,9913.387,3,3,9913.387,0.0,0.0,0.0,0.0,495669.35
1781942,IT,NO,CHEM1,INERT,0.02,9913.381,3,3,9913.381,0.0,0.0,0.0,0.0,495669.05
1685903,IT,HU,CHEM1,ELEC7,0.02,9912.964,3,3,9912.964,0.0,0.0,0.0,0.0,495648.2
1672380,IT,FI,BUSIN,NONME,0.1,9912.865,3,3,9912.865,0.0,0.0,0.0,0.0,99128.65
1778020,IT,TR,OFFIC,WOODW,0.03,9912.836,3,3,9912.836,0.0,0.0,0.0,0.0,330427.866667
1681675,IT,HR,VEGET,REALE,0.04,9912.122,3,3,9912.122,0.0,0.0,0.0,0.0,247803.05
1770864,IT,AU,BUSIN,ELECT,0.1,9911.974,3,3,9911.974,0.0,0.0,0.0,0.0,99119.74
1782513,IT,NO,OFFIC,PRINT,0.03,9911.22,3,3,9911.22,0.0,0.0,0.0,0.0,330374.0
1741659,IT,US,HEAVY,NFERT,0.02,9910.887,3,3,9910.887,0.0,0.0,0.0,0.0,495544.35
1766465,IT,RU,PREC1,DISTR,0.02,9910.698,3,3,9910.698,0.0,0.0,0.0,0.0,495534.9
1728384,IT,SE,TEXTI,RAILW,0.06,9910.602,3,3,9910.602,0.0,0.0,0.0,0.0,165176.7
1739269,IT,GB,HOTEL,WEARI,0.07,9910.586,3,3,9910.586,0.0,0.0,0.0,0.0,141579.8
1788778,IT,WA,KEROS,MEATC,0.01,9910.574,3,3,9910.574,0.0,0.0,0.0,0.0,991057.4
1731747,IT,SI,PULP5,COMPU,0.03,9910.391,3,3,9910.391,0.0,0.0,0.0,0.0,330346.366667
1653450,IT,CZ,NONME,FOUND,0.02,9909.993,3,3,9909.993,0.0,0.0,0.0,0.0,495499.65
1729253,IT,SE,CERAM,INERT,0.02,9909.828,3,3,9909.828,0.0,0.0,0.0,0.0,495491.4
1664569,IT,EE,HOTEL,LEAD1,0.07,9909.703,3,3,9909.703,0.0,0.0,0.0,0.0,141567.185714
1787038,IT,ZA,INSUR,PUBLI,0.2,9909.305,3,3,9909.305,0.0,0.0,0.0,0.0,49546.525
1735758,IT,SK,MACHI,ANIMA,0.06,9909.207,3,3,9909.207,0.0,0.0,0.0,0.0,165153.45
1784841,IT,ID,SEACO,PULP5,0.01,9908.853,3,3,9908.853,0.0,0.0,0.0,0.0,990885.3
1784378,IT,ID,RUBBE,93197,0.03,9908.75,3,3,9908.75,0.0,0.0,0.0,0.0,330291.666667
1800474,IT,WE,RUBBE,COPPE,0.03,9908.731,3,3,9908.731,0.0,0.0,0.0,0.0,330291.033333
1801159,IT,WE,FABRI,ALUMI,0.04,9908.565,3,3,9908.565,0.0,0.0,0.0,0.0,247714.125
1777707,IT,TR,COPP1,ELEC2,0.03,9908.397,3,3,9908.397,0.0,0.0,0.0,0.0,330279.9
1720403,IT,PL,MACHI,PROCE,0.06,9908.25,3,3,9908.25,0.0,0.0,0.0,0.0,165137.5
1713466,IT,MT,CHEM1,SUPPO,0.02,9907.996,3,3,9907.996,0.0,0.0,0.0,0.0,495399.8
1684556,IT,HR,BUSIN,ELEC4,0.1,9907.042,3,3,9907.042,0.0,0.0,0.0,0.0,99070.42
1750760,IT,CN,TRANS,STEAM,0.06,9905.296,3,3,9905.296,0.0,0.0,0.0,0.0,165088.266667
1671464,IT,FI,FABRI,FOOD4,0.04,9905.17,3,3,9905.17,0.0,0.0,0.0,0.0,247629.25
1682873,IT,HR,NAPHT,MEATA,0.02,9904.849,3,3,9904.849,0.0,0.0,0.0,0.0,495242.45
1724554,IT,PT,POSTT,INSUR,0.16,9904.544,3,3,9904.544,0.0,0.0,0.0,0.0,61903.4
1726801,IT,RO,WHOLE,MEAT4,0.09,9904.542,3,3,9904.542,0.0,0.0,0.0,0.0,110050.466667
1647022,IT,BE,RETA1,COLLE,0.1,9903.487,3,3,9903.487,0.0,0.0,0.0,0.0,99034.87
1782603,IT,NO,FURNI,FURNI,0.03,9903.23,3,3,9903.23,0.0,0.0,0.0,0.0,330107.666667
1729640,IT,SE,FABRI,BIOGA,0.04,9903.119,3,3,9903.119,0.0,0.0,0.0,0.0,247577.975
1804060,IT,WF,WOODW,LANDT,0.03,9902.692,3,3,9902.692,0.0,0.0,0.0,0.0,330089.733333
1803391,IT,WF,CHEMI,CONST,0.02,9902.511,3,3,9902.511,0.0,0.0,0.0,0.0,495125.55
1644360,IT,BE,CHEMI,CEMEN,0.02,9902.167,3,3,9902.167,0.0,0.0,0.0,0.0,495108.35
1675524,IT,FR,OFFIC,INTER,0.03,9901.658,3,3,9901.658,0.0,0.0,0.0,0.0,330055.266667
1686037,IT,HU,BIODI,FOOD4,0.02,9901.584,3,3,9901.584,0.0,0.0,0.0,0.0,495079.2
1765758,IT,RU,PRINT,LANDT,0.1,9901.578,3,3,9901.578,0.0,0.0,0.0,0.0,99015.78
1778057,IT,TR,OFFIC,AUXIL,0.03,9901.524,3,3,9901.524,0.0,0.0,0.0,0.0,330050.8
1743936,IT,US,SEACO,WASTE,0.01,9901.227,3,3,9901.227,0.0,0.0,0.0,0.0,990122.7
1731349,IT,SI,DAIRY,FINAN,0.04,9901.141,3,3,9901.141,0.0,0.0,0.0,0.0,247528.525
1671713,IT,FI,SALEM,NONME,0.08,9900.892,3,3,9900.892,0.0,0.0,0.0,0.0,123761.15
1657224,IT,DE,CHEM1,NONSP,0.02,9900.479,3,3,9900.479,0.0,0.0,0.0,0.0,495023.95
1768384,IT,AU,VEGE1,PLANT,0.03,9900.432,4,4,9900.43,0.0,0.0,0.0,0.002,330014.4
1716449,IT,NL,OFFIC,MEAT1,0.03,9900.372,3,3,9900.372,0.0,0.0,0.0,0.0,330012.4
1809426,IT,WM,CHEMI,ALUM1,0.02,9899.987,3,3,9899.987,0.0,0.0,0.0,0.0,494999.35
1655469,IT,DE,FISHF,RUBBE,0.02,9899.581,3,3,9899.581,0.0,0.0,0.0,0.0,494979.05
1735294,IT,SK,GLASS,ELEC2,0.03,9899.436,3,3,9899.436,0.0,0.0,0.0,0.0,329981.2
1766056,IT,RU,CHEM1,WASTE,0.02,9899.431,3,3,9899.431,0.0,0.0,0.0,0.0,494971.55
1651833,IT,CY,HOTEL,PUBLI,0.07,9899.256,3,3,9899.256,0.0,0.0,0.0,0.0,141417.942857
1684107,IT,HR,HOTEL,PAPE4,0.07,9898.839,3,3,9898.839,0.0,0.0,0.0,0.0,141411.985714
1762391,IT,IN,POSTT,CEMEN,0.16,9898.688,3,3,9898.688,0.0,0.0,0.0,0.0,61866.8
1731812,IT,SI,PAPER,COLLE,0.04,9898.526,3,3,9898.526,0.0,0.0,0.0,0.0,247463.15
1787210,IT,WA,VEGET,CATTL,0.04,9898.487,3,3,9898.487,0.0,0.0,0.0,0.0,247462.175
1715309,IT,NL,PAPER,INLAN,0.04,9898.31,3,3,9898.31,0.0,0.0,0.0,0.0,247457.75
1775621,IT,CH,RECRE,93197,0.13,9897.924,3,3,9897.924,0.0,0.0,0.0,0.0,76137.876923
1767391,IT,RU,LANDT,TEXTI,0.06,9897.918,3,3,9897.918,0.0,0.0,0.0,0.0,164965.3
1765437,IT,RU,TEXTI,OFFIC,0.06,9897.828,3,3,9897.828,0.0,0.0,0.0,0.0,164963.8
1677385,IT,FR,INSUR,NAPHT,0.2,9897.566,3,3,9897.566,0.0,0.0,0.0,0.0,49487.83
1743515,IT,US,RETA1,CONST,0.1,9897.51,3,3,9897.51,0.0,0.0,0.0,0.0,98975.1
1809539,IT,WM,VEGE1,CROPS,0.03,9897.45,4,4,9897.448,0.0,0.0,0.0,0.002,329915.0
1662889,IT,DK,WHOLE,FURNI,0.09,9897.411,3,3,9897.411,0.0,0.0,0.0,0.0,109971.233333
1663782,IT,EE,BEVER,PFERT,0.04,9897.111,3,3,9897.111,0.0,0.0,0.0,0.0,247427.775
1798816,IT,WE,FOOD5,MOTO1,0.05,9896.823,3,3,9896.823,0.0,0.0,0.0,0.0,197936.46
1791708,IT,WA,RAILW,PADDY,0.07,9896.399,3,3,9896.399,0.0,0.0,0.0,0.0,141377.128571
1809216,IT,WM,FORES,FORES,0.09,9896.018,4,4,9892.018,0.0,4.0,0.0,0.0,109955.755556
1641479,IT,AT,GASDI,OILHA,0.01,9895.861,3,3,9895.861,0.0,0.0,0.0,0.0,989586.1
1752203,IT,CN,PUBLI,WHOLE,0.16,9895.508,3,3,9895.508,0.0,0.0,0.0,0.0,61846.925
1741771,IT,US,NONSP,ELEC1,0.01,9895.387,3,3,9895.387,0.0,0.0,0.0,0.0,989538.7
1789048,IT,WA,NAPHT,MOTO1,0.02,9895.319,3,3,9895.319,0.0,0.0,0.0,0.0,494765.95
1800411,IT,WE,CHEM1,PRIVA,0.02,9895.293,3,3,9895.293,0.0,0.0,0.0,0.0,494764.65
1738903,IT,GB,FURNI,NONME,0.03,9894.77,3,3,9894.77,0.0,0.0,0.0,0.0,329825.666667
1752748,IT,CA,WOODW,NATUR,0.03,9894.598,3,3,9894.598,0.0,0.0,0.0,0.0,329819.933333
1801590,IT,WE,TRANS,RADIO,0.06,9894.504,3,3,9894.504,0.0,0.0,0.0,0.0,164908.4
1671186,IT,FI,CEMEN,DISTR,0.02,9894.473,3,3,9894.473,0.0,0.0,0.0,0.0,494723.65
1722440,IT,PT,VEGE1,PROCE,0.03,9894.293,4,4,9894.291,0.0,0.0,0.0,0.002,329809.766667
1805555,IT,WF,BRICK,WHOLE,0.01,9894.217,3,3,9894.217,0.0,0.0,0.0,0.0,989421.7
1654133,IT,CZ,MOTO1,POULT,0.05,9893.733,3,3,9893.733,0.0,0.0,0.0,0.0,197874.66
1751853,IT,CN,RENTI,SEACO,0.06,9893.146,3,3,9893.146,0.0,0.0,0.0,0.0,164885.766667
1775410,IT,CH,PUBLI,RENTI,0.16,9892.959,3,3,9892.959,0.0,0.0,0.0,0.0,61830.99375
1725337,IT,RO,FISH5,NAPHT,0.04,9892.761,4,4,9892.756,0.0,0.0,0.0,0.005,247319.025
1687125,IT,HU,TRANS,LANDT,0.06,9892.665,3,3,9892.665,0.0,0.0,0.0,0.0,164877.75
1677234,IT,FR,POSTT,INERT,0.16,9891.748,3,3,9891.748,0.0,0.0,0.0,0.0,61823.425
1664726,IT,EE,SUPPO,LANDT,0.07,9891.533,3,3,9891.533,0.0,0.0,0.0,0.0,141307.614286
1684224,IT,HR,SEACO,TOBAC,0.01,9891.111,3,3,9891.111,0.0,0.0,0.0,0.0,989111.1
1649296,IT,BG,NAPHT,WHOLE,0.02,9890.824,3,3,9890.824,0.0,0.0,0.0,0.0,494541.2
1762513,IT,IN,INSUR,CEMEN,0.2,9890.458,3,3,9890.458,0.0,0.0,0.0,0.0,49452.29
1714181,IT,MT,POSTT,HEALT,0.16,9889.957,3,3,9889.957,0.0,0.0,0.0,0.0,61812.23125
1654057,IT,CZ,MACHI,PLAS1,0.06,9889.579,3,3,9889.579,0.0,0.0,0.0,0.0,164826.316667
1716025,IT,NL,NONME,PULP5,0.02,9889.539,3,3,9889.539,0.0,0.0,0.0,0.0,494476.95
1688403,IT,IE,BEVER,MEATA,0.04,9889.323,3,3,9889.323,0.0,0.0,0.0,0.0,247233.075
1779135,IT,TR,SUPPO,MEMBE,0.07,9889.085,3,3,9889.085,0.0,0.0,0.0,0.0,141272.642857
1719031,IT,PL,HEAVY,PAPER,0.02,9889.046,3,3,9889.046,0.0,0.0,0.0,0.0,494452.3
1773648,IT,CH,FURNI,STONE,0.03,9888.298,3,3,9888.298,0.0,0.0,0.0,0.0,329609.933333
1773520,IT,CH,MOTO1,GASDI,0.05,9888.272,3,3,9888.272,0.0,0.0,0.0,0.0,197765.44
1710519,IT,LT,SUPPO,GASDI,0.07,9888.205,3,3,9888.205,0.0,0.0,0.0,0.0,141260.071429
1655941,IT,DE,SUGA1,DAIRY,0.02,9887.676,4,4,9887.674,0.0,0.0,0.0,0.002,494383.8
1796326,IT,WL,SALEM,AUXIL,0.08,9887.382,3,3,9887.382,0.0,0.0,0.0,0.0,123592.275
1765513,IT,RU,WEARI,POSTT,0.07,9886.838,4,4,9886.836,0.0,0.0,0.0,0.002,141240.542857
1647576,IT,BE,POSTT,DAIRY,0.16,9886.155,3,3,9886.155,0.0,0.0,0.0,0.0,61788.46875
1760961,IT,IN,HEAVY,INLAN,0.02,9885.775,3,3,9885.775,0.0,0.0,0.0,0.0,494288.75
1749996,IT,CN,NONME,PIGS9,0.02,9885.662,3,3,9885.662,0.0,0.0,0.0,0.0,494283.1
1640828,IT,AT,WEARI,COMPU,0.07,9885.589,4,4,9885.587,0.0,0.0,0.0,0.002,141222.7
1798383,IT,WE,FISHF,SEACO,0.02,9885.547,3,3,9885.547,0.0,0.0,0.0,0.0,494277.35
1689087,IT,IE,FURNI,RAILW,0.03,9885.521,3,3,9885.521,0.0,0.0,0.0,0.0,329517.366667
1760318,IT,IN,STONE,FOUND,0.03,9885.43,4,4,9884.43,0.0,0.0,1.0,0.0,329514.333333
1739373,IT,GB,RAILW,CONST,0.07,9885.241,3,3,9885.241,0.0,0.0,0.0,0.0,141217.728571
1676011,IT,FR,ELEC5,RETA1,0.12,9885.009,3,3,9885.009,0.0,0.0,0.0,0.0,82375.075
1653615,IT,CZ,ALUM1,WHEAT,0.02,9884.464,3,3,9884.464,0.0,0.0,0.0,0.0,494223.2
1666793,IT,ES,RUBBE,SEACO,0.03,9884.041,3,3,9884.041,0.0,0.0,0.0,0.0,329468.033333
1779354,IT,TR,INSUR,RETA1,0.2,9883.996,3,3,9883.996,0.0,0.0,0.0,0.0,49419.98
1666014,IT,ES,MOTOR,PLAS1,0.01,9883.766,3,3,9883.766,0.0,0.0,0.0,0.0,988376.6
1786105,IT,ZA,NONME,RETA1,0.02,9883.618,3,3,9883.618,0.0,0.0,0.0,0.0,494180.9
1763475,IT,MX,PLAST,FOUND,0.02,9883.18,3,3,9883.18,0.0,0.0,0.0,0.0,494159.0
1742625,IT,US,LEAD1,FABRI,0.02,9882.964,3,3,9882.964,0.0,0.0,0.0,0.0,494148.2
1714842,IT,NL,FOOD5,TRAN1,0.05,9882.897,3,3,9882.897,0.0,0.0,0.0,0.0,197657.94
1655077,IT,CZ,COMPU,DISTR,0.11,9882.858,3,3,9882.858,0.0,0.0,0.0,0.0,89844.163636
1712453,IT,LV,BASIC,BUSIN,0.01,9882.127,3,3,9882.127,0.0,0.0,0.0,0.0,988212.7
1808531,IT,WF,PAPE4,NICKE,0.07,9882.023,3,3,9882.023,0.0,0.0,0.0,0.0,141171.757143
1752914,IT,CA,NAPHT,BITU1,0.02,9881.599,3,3,9881.599,0.0,0.0,0.0,0.0,494079.95
1784782,IT,ID,HOTEL,LEATH,0.07,9881.298,3,3,9881.298,0.0,0.0,0.0,0.0,141161.4
1806464,IT,WF,TRANS,GLASS,0.06,9881.243,3,3,9881.243,0.0,0.0,0.0,0.0,164687.383333
1721975,IT,PL,COMPU,NONME,0.11,9881.106,3,3,9881.106,0.0,0.0,0.0,0.0,89828.236364
1803607,IT,WF,FOOD5,PRECI,0.05,9880.812,3,3,9880.812,0.0,0.0,0.0,0.0,197616.24
1651366,IT,CY,PAPER,SUPPO,0.04,9880.799,3,3,9880.799,0.0,0.0,0.0,0.0,247019.975
1671947,IT,FI,LANDT,LIQUE,0.06,9880.688,3,3,9880.688,0.0,0.0,0.0,0.0,164678.133333
1659379,IT,DE,WHOLE,MEATA,0.09,9880.686,3,3,9880.686,0.0,0.0,0.0,0.0,109785.4
1728814,IT,SE,NONSP,REFI1,0.01,9880.5,3,3,9880.5,0.0,0.0,0.0,0.0,988050.0
1740722,IT,US,CHEMI,COMPU,0.02,9880.268,3,3,9880.268,0.0,0.0,0.0,0.0,494013.4
1789989,IT,WA,NONME,WOODW,0.02,9880.009,3,3,9880.009,0.0,0.0,0.0,0.0,494000.45
1733023,IT,SI,LEAD1,FOOD3,0.02,9879.999,3,3,9879.999,0.0,0.0,0.0,0.0,493999.95
1737717,IT,GB,KEROS,RESEA,0.01,9879.881,3,3,9879.881,0.0,0.0,0.0,0.0,987988.1
1793965,IT,WL,WOODW,FORES,0.03,9879.656,3,3,9879.656,0.0,0.0,0.0,0.0,329321.866667
1795247,IT,WL,CERAM,GASDI,0.02,9879.244,3,3,9879.244,0.0,0.0,0.0,0.0,493962.2
1771722,IT,CH,LEATH,VEGE1,0.07,9879.053,4,4,9879.051,0.0,0.0,0.0,0.002,141129.328571
1726877,IT,RO,RETA1,TRANS,0.1,9879.025,3,3,9879.025,0.0,0.0,0.0,0.0,98790.25
1785636,IT,ZA,HEAVY,NATU1,0.02,9878.807,3,3,9878.807,0.0,0.0,0.0,0.0,493940.35
1653598,IT,CZ,PREC1,ADDIT,0.02,9877.782,3,3,9877.782,0.0,0.0,0.0,0.0,493889.1
1750782,IT,CN,FURNI,OILSE,0.03,9877.442,3,3,9877.442,0.0,0.0,0.0,0.0,329248.066667
1788775,IT,WA,KEROS,OILSE,0.01,9877.21,3,3,9877.21,0.0,0.0,0.0,0.0,987721.0
1657525,IT,DE,GLASS,BITUM,0.03,9876.934,3,3,9876.934,0.0,0.0,0.0,0.0,329231.133333
1751730,IT,CN,INSUR,RETAI,0.2,9876.527,3,3,9876.527,0.0,0.0,0.0,0.0,49382.635
1757953,IT,BR,ADDIT,NFERT,0.02,9875.259,3,3,9875.259,0.0,0.0,0.0,0.0,493762.95
1763825,IT,MX,CEMEN,COPPE,0.02,9875.011,3,3,9875.011,0.0,0.0,0.0,0.0,493750.55
1792222,IT,WA,POSTT,MEATP,0.16,9874.58,3,3,9874.58,0.0,0.0,0.0,0.0,61716.125
1673000,IT,FR,SUGA1,CATTL,0.02,9874.425,4,4,9874.423,0.0,0.0,0.0,0.002,493721.25
1646044,IT,BE,NONME,WASTE,0.02,9873.877,3,3,9873.877,0.0,0.0,0.0,0.0,493693.85
1682160,IT,HR,TEXTI,RESEA,0.06,9873.754,3,3,9873.754,0.0,0.0,0.0,0.0,164562.566667
1647075,IT,BE,HOTEL,TOBAC,0.07,9872.544,3,3,9872.544,0.0,0.0,0.0,0.0,141036.342857
1731133,IT,SI,NATUR,CEMEN,0.01,9872.383,3,3,9872.383,0.0,0.0,0.0,0.0,987238.3
1655155,IT,CZ,BUSIN,ALUM1,0.1,9872.012,3,3,9872.012,0.0,0.0,0.0,0.0,98720.12
1794376,IT,WL,KEROS,PFERT,0.01,9872.008,3,3,9872.008,0.0,0.0,0.0,0.0,987200.8
1712981,IT,MT,STONE,CERAM,0.03,9871.627,4,4,9870.627,0.0,0.0,1.0,0.0,329054.233333
1730677,IT,SE,RENTI,MEMBE,0.06,9871.573,3,3,9871.573,0.0,0.0,0.0,0.0,164526.216667
1664704,IT,EE,AIRTR,RENTI,0.01,9871.322,3,3,9871.322,0.0,0.0,0.0,0.0,987132.2
1778796,IT,TR,LANDT,COPP1,0.06,9870.723,3,3,9870.723,0.0,0.0,0.0,0.0,164512.05
1809196,IT,WM,MEATA,AUXIL,0.05,9870.499,4,4,9870.497,0.0,0.0,0.0,0.002,197409.98
1752864,IT,CA,MOTOR,NONME,0.01,9870.389,3,3,9870.389,0.0,0.0,0.0,0.0,987038.9
1785518,IT,ZA,MOTOR,HOTEL,0.01,9870.321,3,3,9870.321,0.0,0.0,0.0,0.0,987032.1
1653337,IT,CZ,GLASS,BIODI,0.03,9870.168,3,3,9870.168,0.0,0.0,0.0,0.0,329005.6
1649317,IT,BG,PLAST,DAIRY,0.02,9870.061,3,3,9870.061,0.0,0.0,0.0,0.0,493503.05
1801561,IT,WE,TRANS,TOBAC,0.06,9869.982,3,3,9869.982,0.0,0.0,0.0,0.0,164499.7
1758727,IT,BR,RETAI,BUSIN,0.08,9869.78,3,3,9869.78,0.0,0.0,0.0,0.0,123372.25
1647333,IT,BE,SEACO,TOBAC,0.01,9869.521,3,3,9869.521,0.0,0.0,0.0,0.0,986952.1
1653923,IT,CZ,FABRI,FOOD3,0.04,9869.467,3,3,9869.467,0.0,0.0,0.0,0.0,246736.675
1811353,IT,WM,PETRO,MOTOR,0.02,9869.382,3,3,9869.382,0.0,0.0,0.0,0.0,493469.1
1770426,IT,AU,SEACO,PRINT,0.01,9868.69,3,3,9868.69,0.0,0.0,0.0,0.0,986869.0
1795742,IT,WL,MACHI,LEADZ,0.06,9868.603,3,3,9868.603,0.0,0.0,0.0,0.0,164476.716667
1789212,IT,WA,PLAST,ALUM1,0.02,9868.561,3,3,9868.561,0.0,0.0,0.0,0.0,493428.05
1760446,IT,IN,FOOD5,93197,0.05,9868.561,3,3,9868.561,0.0,0.0,0.0,0.0,197371.22
1766248,IT,RU,GLASS,RECRE,0.03,9868.053,3,3,9868.053,0.0,0.0,0.0,0.0,328935.1
1810338,IT,WM,WOODW,ETHAN,0.03,9866.93,3,3,9866.93,0.0,0.0,0.0,0.0,328897.666667
1745986,IT,JP,WOODW,EDUCA,0.03,9866.855,3,3,9866.855,0.0,0.0,0.0,0.0,328895.166667
1664200,IT,EE,CERAM,FOOD5,0.02,9866.567,3,3,9866.567,0.0,0.0,0.0,0.0,493328.35
1790146,IT,WA,BASIC,BIOG1,0.01,9865.65,3,3,9865.65,0.0,0.0,0.0,0.0,986565.0
1760173,IT,BR,FOOD4,MEAT1,0.07,9865.364,3,3,9865.364,0.0,0.0,0.0,0.0,140933.771429
1771127,IT,CH,CHEMI,FISHF,0.02,9865.057,3,3,9865.057,0.0,0.0,0.0,0.0,493252.85
1764156,IT,MX,FABRI,RESEA,0.04,9864.862,3,3,9864.862,0.0,0.0,0.0,0.0,246621.55
1723940,IT,PT,CONST,SUPPO,0.06,9864.654,3,3,9864.654,0.0,0.0,0.0,0.0,164410.9
1647745,IT,BE,INSUR,LANDT,0.2,9864.497,3,3,9864.497,0.0,0.0,0.0,0.0,49322.485
1795078,IT,WL,RUBBE,PLANT,0.03,9864.172,3,3,9864.172,0.0,0.0,0.0,0.0,328805.733333
1662845,IT,DK,WHOLE,WHEAT,0.09,9863.902,3,3,9863.902,0.0,0.0,0.0,0.0,109598.911111
1788531,IT,WA,PAPER,PROCE,0.04,9863.716,3,3,9863.716,0.0,0.0,0.0,0.0,246592.9
1727202,IT,RO,SUPPO,CROPS,0.07,9863.46,3,3,9863.46,0.0,0.0,0.0,0.0,140906.571429
1811724,IT,WM,ADDIT,NONFE,0.02,9863.454,3,3,9863.454,0.0,0.0,0.0,0.0,493172.7
1648102,IT,BE,RESEA,LIQUE,0.05,9863.26,3,3,9863.26,0.0,0.0,0.0,0.0,197265.2
1722883,IT,PT,PRINT,POSTT,0.09,9863.169,3,3,9863.169,0.0,0.0,0.0,0.0,109590.766667
1759382,IT,BR,FINAN,HEALT,0.13,9863.038,3,3,9863.038,0.0,0.0,0.0,0.0,75869.523077
1660005,IT,DE,INLAN,HEAVY,0.02,9862.654,3,3,9862.654,0.0,0.0,0.0,0.0,493132.7
1673833,IT,FR,PRINT,MACHI,0.09,9861.949,3,3,9861.949,0.0,0.0,0.0,0.0,109577.211111
1778296,IT,TR,SALEM,CERAM,0.08,9859.739,3,3,9859.739,0.0,0.0,0.0,0.0,123246.7375
1771175,IT,CH,MEAT4,MACHI,0.05,9859.439,3,3,9859.439,0.0,0.0,0.0,0.0,197188.78
1744306,IT,US,FINAN,PRINT,0.13,9859.314,3,3,9859.314,0.0,0.0,0.0,0.0,75840.876923
1781997,IT,NO,RUBBE,BASIC,0.03,9859.035,3,3,9859.035,0.0,0.0,0.0,0.0,328634.5
1724198,IT,PT,HOTEL,SALEM,0.07,9858.679,3,3,9858.679,0.0,0.0,0.0,0.0,140838.271429
1733075,IT,SI,COPP1,INTER,0.02,9858.447,3,3,9858.447,0.0,0.0,0.0,0.0,492922.35
1767221,IT,RU,RETA1,WHOLE,0.1,9858.348,3,3,9858.348,0.0,0.0,0.0,0.0,98583.48
1677272,IT,FR,FINAN,KEROS,0.13,9857.63,3,3,9857.63,0.0,0.0,0.0,0.0,75827.923077
1727309,IT,RO,POSTT,CHEM1,0.16,9857.479,3,3,9857.479,0.0,0.0,0.0,0.0,61609.24375
1742420,IT,US,NONME,PAPE1,0.02,9857.069,3,3,9857.069,0.0,0.0,0.0,0.0,492853.45
1793541,IT,WL,MEAT4,MEATC,0.05,9856.498,3,3,9856.498,0.0,0.0,0.0,0.0,197129.96
1652708,IT,CZ,PAPER,COKEO,0.04,9856.263,3,3,9856.263,0.0,0.0,0.0,0.0,246406.575
1725456,IT,RO,WEARI,BEVER,0.07,9856.006,4,4,9856.004,0.0,0.0,0.0,0.002,140800.085714
1670974,IT,FI,CHEM1,RETA1,0.02,9855.892,3,3,9855.892,0.0,0.0,0.0,0.0,492794.6
1797583,IT,WL,HEALT,PIGS9,0.05,9855.434,3,3,9855.434,0.0,0.0,0.0,0.0,197108.68
1739215,IT,GB,RETA1,RAILW,0.1,9855.322,3,3,9855.322,0.0,0.0,0.0,0.0,98553.22
1658749,IT,DE,OFFIC,PAPE1,0.03,9855.114,3,3,9855.114,0.0,0.0,0.0,0.0,328503.8
1808330,IT,WF,FOOD3,LEADZ,0.03,9854.398,3,3,9854.398,0.0,0.0,0.0,0.0,328479.933333
1675465,IT,FR,OFFIC,DAIRY,0.03,9854.243,3,3,9854.243,0.0,0.0,0.0,0.0,328474.766667
1740456,IT,GB,WASTE,INERT,0.03,9854.188,3,3,9854.188,0.0,0.0,0.0,0.0,328472.933333
1719962,IT,PL,PREC1,HEALT,0.02,9853.962,3,3,9853.962,0.0,0.0,0.0,0.0,492698.1
1686508,IT,HU,PREC1,RETA1,0.02,9853.645,3,3,9853.645,0.0,0.0,0.0,0.0,492682.25
1711382,IT,LU,RETA1,FURNI,0.1,9853.563,3,3,9853.563,0.0,0.0,0.0,0.0,98535.63
1679746,IT,GR,BASIC,LEAD1,0.01,9853.553,3,3,9853.553,0.0,0.0,0.0,0.0,985355.3
1660333,IT,DE,FINAN,MEATP,0.13,9853.337,3,3,9853.337,0.0,0.0,0.0,0.0,75794.9
1773921,IT,CH,SALEM,MEATC,0.08,9853.333,3,3,9853.333,0.0,0.0,0.0,0.0,123166.6625
1687748,IT,HU,SUPPO,DISTR,0.07,9853.276,3,3,9853.276,0.0,0.0,0.0,0.0,140761.085714
1657701,IT,DE,BRICK,GASDI,0.01,9852.658,3,3,9852.658,0.0,0.0,0.0,0.0,985265.8
1790160,IT,WA,BASIC,FINAN,0.01,9852.624,3,3,9852.624,0.0,0.0,0.0,0.0,985262.4
1642963,IT,AT,FURNI,AIRTR,0.03,9852.273,3,3,9852.273,0.0,0.0,0.0,0.0,328409.1
1756160,IT,KR,MACHI,FISH5,0.05,9851.887,3,3,9851.887,0.0,0.0,0.0,0.0,197037.74
1660720,IT,DE,RENTI,ELEC5,0.06,9851.723,3,3,9851.723,0.0,0.0,0.0,0.0,164195.383333
1685965,IT,HU,BIOGA,PLAST,0.02,9850.912,3,3,9850.912,0.0,0.0,0.0,0.0,492545.6
1711015,IT,LU,CEMEN,BUSIN,0.02,9850.879,3,3,9850.879,0.0,0.0,0.0,0.0,492543.95
1678935,IT,GR,TEXTI,CONST,0.06,9850.832,3,3,9850.832,0.0,0.0,0.0,0.0,164180.533333
1649811,IT,BG,ALUM1,COPPE,0.02,9850.612,3,3,9850.612,0.0,0.0,0.0,0.0,492530.6
1725691,IT,RO,PAPER,ELEC1,0.04,9849.314,3,3,9849.314,0.0,0.0,0.0,0.0,246232.85
1678322,IT,FR,WASTE,COPP1,0.03,9849.176,3,3,9849.176,0.0,0.0,0.0,0.0,328305.866667
1651421,IT,CY,KEROS,INSUR,0.01,9848.834,3,3,9848.834,0.0,0.0,0.0,0.0,984883.4
1743137,IT,US,MOTO1,ELEC3,0.05,9848.805,3,3,9848.805,0.0,0.0,0.0,0.0,196976.1
1786004,IT,ZA,GLASS,PLAST,0.03,9848.481,3,3,9848.481,0.0,0.0,0.0,0.0,328282.7
1732558,IT,SI,RUBBE,SEACO,0.03,9848.339,3,3,9848.339,0.0,0.0,0.0,0.0,328277.966667
1748596,IT,CN,VEGE1,DISTR,0.03,9848.22,4,4,9848.218,0.0,0.0,0.0,0.002,328274.0
1766373,IT,RU,BASIC,BEVER,0.01,9848.0,3,3,9848.0,0.0,0.0,0.0,0.0,984800.0
1753552,IT,CA,MACHI,PETRO,0.05,9847.99,3,3,9847.99,0.0,0.0,0.0,0.0,196959.8
1682186,IT,HR,WEARI,FOOD5,0.07,9847.987,4,4,9847.985,0.0,0.0,0.0,0.002,140685.528571
1806989,IT,WF,LANDT,NONME,0.06,9847.685,3,3,9847.685,0.0,0.0,0.0,0.0,164128.083333
1739363,IT,GB,RAILW,NONME,0.07,9847.327,3,3,9847.327,0.0,0.0,0.0,0.0,140676.1
1653380,IT,CZ,GLASS,RECRE,0.03,9846.774,3,3,9846.774,0.0,0.0,0.0,0.0,328225.8
1742270,IT,US,BRICK,WOODW,0.01,9846.754,3,3,9846.754,0.0,0.0,0.0,0.0,984675.4
1774805,IT,CH,POSTT,TRANS,0.16,9846.305,3,3,9846.305,0.0,0.0,0.0,0.0,61539.40625
1743440,IT,US,WHOLE,PIGS9,0.09,9846.278,3,3,9846.278,0.0,0.0,0.0,0.0,109403.088889
1642290,IT,AT,NONME,EDUCA,0.02,9845.723,3,3,9845.723,0.0,0.0,0.0,0.0,492286.15
1724095,IT,PT,WHOLE,RESEA,0.09,9845.476,3,3,9845.476,0.0,0.0,0.0,0.0,109394.177778
1684863,IT,HU,STONE,OFFIC,0.03,9845.31,4,4,9844.31,0.0,0.0,1.0,0.0,328177.0
1645444,IT,BE,LIQUE,WOOD2,0.02,9845.113,3,3,9845.113,0.0,0.0,0.0,0.0,492255.65
1679310,IT,GR,HEAVY,REALE,0.02,9845.018,3,3,9845.018,0.0,0.0,0.0,0.0,492250.9
1775684,IT,TR,CROPS,RAWMI,0.08,9844.81,3,3,9844.81,0.0,0.0,0.0,0.0,123060.125
1729175,IT,SE,GLASS,EDUCA,0.03,9844.562,3,3,9844.562,0.0,0.0,0.0,0.0,328152.066667
1780087,IT,TW,WHOLE,AIRTR,0.09,9844.416,3,3,9844.416,0.0,0.0,0.0,0.0,109382.4
1740187,IT,GB,BUSIN,MEAT1,0.1,9844.35,3,3,9844.35,0.0,0.0,0.0,0.0,98443.5
1728853,IT,SE,PLAST,TRAN2,0.02,9844.297,3,3,9844.297,0.0,0.0,0.0,0.0,492214.85
1641860,IT,AT,BIOGA,BUSIN,0.02,9843.277,3,3,9843.277,0.0,0.0,0.0,0.0,492163.85
1747349,IT,JP,RETA1,RUBBE,0.1,9842.957,3,3,9842.957,0.0,0.0,0.0,0.0,98429.57
1771444,IT,CH,BEVER,MEAT1,0.04,9842.445,3,3,9842.445,0.0,0.0,0.0,0.0,246061.125
1807131,IT,WF,AIRTR,NICKE,0.01,9842.44,3,3,9842.44,0.0,0.0,0.0,0.0,984244.0
1716296,IT,NL,FABRI,GASDI,0.04,9842.39,3,3,9842.39,0.0,0.0,0.0,0.0,246059.75
1802123,IT,WE,RETA1,LANDT,0.1,9842.07,3,3,9842.07,0.0,0.0,0.0,0.0,98420.7
1716153,IT,NL,PREC1,EDUCA,0.02,9842.012,3,3,9842.012,0.0,0.0,0.0,0.0,492100.6
1642208,IT,AT,CEMEN,DIST1,0.02,9841.414,3,3,9841.414,0.0,0.0,0.0,0.0,492070.7
1733542,IT,SI,RETA1,FORES,0.1,9841.303,3,3,9841.303,0.0,0.0,0.0,0.0,98413.03
1751393,IT,CN,SEACO,OFFIC,0.01,9841.176,3,3,9841.176,0.0,0.0,0.0,0.0,984117.6
1648389,IT,BE,RECRE,RETA1,0.13,9840.55,3,3,9840.55,0.0,0.0,0.0,0.0,75696.538462
1680002,IT,GR,MACHI,NICKE,0.05,9840.305,3,3,9840.305,0.0,0.0,0.0,0.0,196806.1
1677251,IT,FR,FINAN,FISHF,0.13,9840.091,3,3,9840.091,0.0,0.0,0.0,0.0,75693.007692
1746081,IT,JP,PRINT,MOTO1,0.09,9839.822,3,3,9839.822,0.0,0.0,0.0,0.0,109331.355556
1798613,IT,WE,MEAT1,LEATH,0.05,9839.562,3,3,9839.562,0.0,0.0,0.0,0.0,196791.24
1688713,IT,IE,CHEM1,BIOG1,0.02,9838.887,3,3,9838.887,0.0,0.0,0.0,0.0,491944.35
1647146,IT,BE,HOTEL,FOODW,0.07,9838.32,3,3,9838.32,0.0,0.0,0.0,0.0,140547.428571
1735872,IT,SK,OFFIC,PULP5,0.03,9838.162,3,3,9838.162,0.0,0.0,0.0,0.0,327938.733333
1737015,IT,GB,NATUR,CRUDE,0.01,9837.776,3,3,9837.776,0.0,0.0,0.0,0.0,983777.6
1740574,IT,US,CROPS,CHEM1,0.08,9836.987,3,3,9836.987,0.0,0.0,0.0,0.0,122962.3375
1781291,IT,NO,MEAT4,REALE,0.05,9836.853,3,3,9836.853,0.0,0.0,0.0,0.0,196737.06
1758078,IT,BR,GLASS,SUGA1,0.03,9836.84,3,3,9836.84,0.0,0.0,0.0,0.0,327894.666667
1712486,IT,LV,COPP1,REALE,0.02,9836.462,3,3,9836.462,0.0,0.0,0.0,0.0,491823.1
1715246,IT,NL,PAPER,PIGS9,0.04,9836.384,3,3,9836.384,0.0,0.0,0.0,0.0,245909.6
1765558,IT,RU,LEATH,ELECT,0.07,9836.36,4,4,9836.358,0.0,0.0,0.0,0.002,140519.428571
1722051,IT,PL,BUSIN,POULT,0.1,9835.968,3,3,9835.968,0.0,0.0,0.0,0.0,98359.68
1783498,IT,NO,WOOD1,INERT,0.07,9835.88,3,3,9835.88,0.0,0.0,0.0,0.0,140512.571429
1732094,IT,SI,KERO1,SUPPO,0.01,9835.53,3,3,9835.53,0.0,0.0,0.0,0.0,983553.0
1737731,IT,GB,HEAVY,PIGS9,0.02,9834.47,3,3,9834.47,0.0,0.0,0.0,0.0,491723.5
1771903,IT,CH,PAPER,POULT,0.04,9833.432,3,3,9833.432,0.0,0.0,0.0,0.0,245835.8
1674450,IT,FR,BIOGA,RENTI,0.02,9832.651,3,3,9832.651,0.0,0.0,0.0,0.0,491632.55
1763191,IT,MX,LEATH,SEACO,0.07,9832.601,4,4,9832.599,0.0,0.0,0.0,0.002,140465.728571
1724945,IT,PT,BUSIN,PAPE4,0.1,9832.076,3,3,9832.076,0.0,0.0,0.0,0.0,98320.76
1730409,IT,SE,POSTT,PULP5,0.16,9831.839,3,3,9831.839,0.0,0.0,0.0,0.0,61448.99375
1671163,IT,FI,CERAM,MOTO1,0.02,9831.616,3,3,9831.616,0.0,0.0,0.0,0.0,491580.8
1808487,IT,WF,FOOD4,SALEM,0.07,9831.164,3,3,9831.164,0.0,0.0,0.0,0.0,140445.2
1649004,IT,BG,WOODW,PIGS9,0.03,9831.037,3,3,9831.037,0.0,0.0,0.0,0.0,327701.233333
1646756,IT,BE,CONST,ELEC8,0.05,9831.028,3,3,9831.028,0.0,0.0,0.0,0.0,196620.56
1681745,IT,HR,STONE,ELEC1,0.03,9830.891,4,4,9829.891,0.0,0.0,1.0,0.0,327696.366667
1753386,IT,CA,ALUM1,REALE,0.02,9830.68,3,3,9830.68,0.0,0.0,0.0,0.0,491534.0
1663967,IT,EE,PAPER,GLASS,0.04,9830.299,3,3,9830.299,0.0,0.0,0.0,0.0,245757.475
1801060,IT,WE,COPP1,MOTOR,0.02,9830.153,3,3,9830.153,0.0,0.0,0.0,0.0,491507.65
1742880,IT,US,MACHI,LEATH,0.05,9830.126,3,3,9830.126,0.0,0.0,0.0,0.0,196602.52
1647389,IT,BE,AIRTR,STONE,0.01,9829.909,3,3,9829.909,0.0,0.0,0.0,0.0,982990.9
1761384,IT,IN,NONME,PAPER,0.02,9829.551,3,3,9829.551,0.0,0.0,0.0,0.0,491477.55
1683189,IT,HR,GLASS,MEDIC,0.03,9829.447,3,3,9829.447,0.0,0.0,0.0,0.0,327648.233333
1709635,IT,LT,PRINT,TEXTI,0.09,9828.993,3,3,9828.993,0.0,0.0,0.0,0.0,109211.033333
1711753,IT,LU,BUSIN,PAPE1,0.1,9828.711,3,3,9828.711,0.0,0.0,0.0,0.0,98287.11
1796395,IT,WL,WHOLE,CHEM1,0.08,9828.022,3,3,9828.022,0.0,0.0,0.0,0.0,122850.275
1795266,IT,WL,CERAM,FURNI,0.02,9827.782,3,3,9827.782,0.0,0.0,0.0,0.0,491389.1
1657886,IT,DE,BASIC,SUGA1,0.01,9827.707,3,3,9827.707,0.0,0.0,0.0,0.0,982770.7
1669448,IT,ES,INSUR,EDUCA,0.2,9827.6,3,3,9827.6,0.0,0.0,0.0,0.0,49138.0
1805941,IT,WF,LEAD1,WHOLE,0.02,9827.312,3,3,9827.312,0.0,0.0,0.0,0.0,491365.6
1686360,IT,HU,NONME,PAPE4,0.02,9827.137,3,3,9827.137,0.0,0.0,0.0,0.0,491356.85
1660389,IT,DE,FINAN,ELEC1,0.13,9827.041,3,3,9827.041,0.0,0.0,0.0,0.0,75592.623077
1658863,IT,DE,TRANS,PRINT,0.06,9826.444,3,3,9826.444,0.0,0.0,0.0,0.0,163774.066667
1685677,IT,HU,HEAVY,ELEC2,0.02,9826.323,3,3,9826.323,0.0,0.0,0.0,0.0,491316.15
1760801,IT,IN,PRINT,HEALT,0.09,9825.957,3,3,9825.957,0.0,0.0,0.0,0.0,109177.3
1641649,IT,AT,PARAF,NONF1,0.02,9825.706,3,3,9825.706,0.0,0.0,0.0,0.0,491285.3
1805960,IT,WF,COPP1,PIGS9,0.02,9825.652,3,3,9825.652,0.0,0.0,0.0,0.0,491282.6
1767630,IT,RU,SUPPO,BUSIN,0.07,9825.483,3,3,9825.483,0.0,0.0,0.0,0.0,140364.042857
1786814,IT,ZA,HOTEL,TRAN1,0.07,9825.274,3,3,9825.274,0.0,0.0,0.0,0.0,140361.057143
1771997,IT,CH,PAPER,PAPE3,0.04,9825.214,3,3,9825.214,0.0,0.0,0.0,0.0,245630.35
1792066,IT,WA,AIRTR,BIOGA,0.01,9825.055,3,3,9825.055,0.0,0.0,0.0,0.0,982505.5
1765422,IT,RU,TEXTI,PAPER,0.06,9824.914,3,3,9824.914,0.0,0.0,0.0,0.0,163748.566667
1710553,IT,LT,POSTT,SUPPO,0.16,9824.212,3,3,9824.212,0.0,0.0,0.0,0.0,61401.325
1752088,IT,CN,BUSIN,HEAVY,0.1,9823.493,3,3,9823.493,0.0,0.0,0.0,0.0,98234.93
1753505,IT,CA,MACHI,RAWMI,0.05,9823.455,3,3,9823.455,0.0,0.0,0.0,0.0,196469.1
1679059,IT,GR,WOODW,RAILW,0.03,9823.418,3,3,9823.418,0.0,0.0,0.0,0.0,327447.266667
1662690,IT,DK,MACHI,RAILW,0.05,9823.128,3,3,9823.128,0.0,0.0,0.0,0.0,196462.56
1769033,IT,AU,PRINT,RESEA,0.09,9822.894,3,3,9822.894,0.0,0.0,0.0,0.0,109143.266667
1724631,IT,PT,FINAN,INSUR,0.13,9822.834,3,3,9822.834,0.0,0.0,0.0,0.0,75560.261538
1733587,IT,SI,RETA1,BUSIN,0.1,9821.845,3,3,9821.845,0.0,0.0,0.0,0.0,98218.45
1647887,IT,BE,REALE,REFIN,0.41,9821.77,3,3,9821.77,0.0,0.0,0.0,0.0,23955.536585
1787573,IT,WA,MEATC,SANDC,0.03,9820.813,3,3,9820.813,0.0,0.0,0.0,0.0,327360.433333
1746306,IT,JP,CHEM1,PLAS1,0.02,9820.662,3,3,9820.662,0.0,0.0,0.0,0.0,491033.1
1731494,IT,SI,BEVER,PUBLI,0.04,9820.55,3,3,9820.55,0.0,0.0,0.0,0.0,245513.75
1733382,IT,SI,TRANS,PAPE4,0.06,9820.542,3,3,9820.542,0.0,0.0,0.0,0.0,163675.7
1735326,IT,SK,CERAM,OFFIC,0.02,9820.526,3,3,9820.526,0.0,0.0,0.0,0.0,491026.3
1795372,IT,WL,BASIC,DAIRY,0.01,9820.129,3,3,9820.129,0.0,0.0,0.0,0.0,982012.9
1802685,IT,WE,RENTI,BUSIN,0.06,9819.653,3,3,9819.653,0.0,0.0,0.0,0.0,163660.883333
1744122,IT,US,SUPPO,RADIO,0.07,9819.578,3,3,9819.578,0.0,0.0,0.0,0.0,140279.685714
1761017,IT,IN,PLAST,PROCE,0.02,9819.548,3,3,9819.548,0.0,0.0,0.0,0.0,490977.4
1799469,IT,WE,PAPER,NONME,0.04,9819.234,3,3,9819.234,0.0,0.0,0.0,0.0,245480.85
1808739,IT,WF,TEXT2,SUPPO,0.07,9818.586,3,3,9818.586,0.0,0.0,0.0,0.0,140265.514286
1654796,IT,CZ,SUPPO,NONME,0.07,9817.45,3,3,9817.45,0.0,0.0,0.0,0.0,140249.285714
1756259,IT,KR,MACHI,RECRE,0.05,9817.339,3,3,9817.339,0.0,0.0,0.0,0.0,196346.78
1665327,IT,ES,FISH5,SUGA1,0.04,9817.062,4,4,9817.057,0.0,0.0,0.0,0.005,245426.55
1652938,IT,CZ,HEAVY,BEVER,0.02,9816.73,3,3,9816.73,0.0,0.0,0.0,0.0,490836.5
1794632,IT,WL,LIQUE,SALEM,0.02,9816.408,3,3,9816.408,0.0,0.0,0.0,0.0,490820.4
1674211,IT,FR,LIQUE,COLLE,0.02,9815.752,3,3,9815.752,0.0,0.0,0.0,0.0,490787.6
1812251,IT,WM,NONME,AUXIL,0.02,9815.683,3,3,9815.683,0.0,0.0,0.0,0.0,490784.15
1806083,IT,WF,FABRI,MEATA,0.04,9815.047,3,3,9815.047,0.0,0.0,0.0,0.0,245376.175
1809478,IT,WM,MEATC,CHEM1,0.03,9814.574,3,3,9814.574,0.0,0.0,0.0,0.0,327152.466667
1783915,IT,ID,CROPS,FOOD5,0.08,9812.735,3,3,9812.735,0.0,0.0,0.0,0.0,122659.1875
1808746,IT,WF,TEXT2,RESEA,0.07,9812.596,3,3,9812.596,0.0,0.0,0.0,0.0,140179.942857
1776606,IT,TR,GASDI,PARAF,0.01,9812.549,3,3,9812.549,0.0,0.0,0.0,0.0,981254.9
1709941,IT,LT,BASIC,ELEC7,0.01,9811.651,3,3,9811.651,0.0,0.0,0.0,0.0,981165.1
1664979,IT,ES,CHEMI,MEATA,0.02,9811.639,3,3,9811.639,0.0,0.0,0.0,0.0,490581.95
1789519,IT,WA,ADDIT,TRANS,0.02,9811.229,3,3,9811.229,0.0,0.0,0.0,0.0,490561.45
1667814,IT,ES,OFFIC,ELEC8,0.03,9811.097,3,3,9811.097,0.0,0.0,0.0,0.0,327036.566667
1773087,IT,CH,LEAD1,NONME,0.02,9810.929,3,3,9810.929,0.0,0.0,0.0,0.0,490546.45
1667947,IT,ES,MOTO1,PLAS2,0.05,9810.84,3,3,9810.84,0.0,0.0,0.0,0.0,196216.8
1690081,IT,IE,RENTI,DISTR,0.06,9810.796,3,3,9810.796,0.0,0.0,0.0,0.0,163513.266667
1786770,IT,ZA,HOTEL,DAIRY,0.07,9810.76,3,3,9810.76,0.0,0.0,0.0,0.0,140153.714286
1647459,IT,BE,AIRTR,PLAS1,0.01,9810.597,3,3,9810.597,0.0,0.0,0.0,0.0,981059.7
1779650,IT,TR,RESEA,GASDI,0.05,9810.213,3,3,9810.213,0.0,0.0,0.0,0.0,196204.26
1736822,IT,SK,BUSIN,WHEAT,0.1,9809.733,3,3,9809.733,0.0,0.0,0.0,0.0,98097.33
1727899,IT,SE,PADDY,PROCE,0.1,9809.424,3,3,9809.424,0.0,0.0,0.0,0.0,98094.24
1727708,IT,RO,COMPU,FABRI,0.11,9808.954,3,3,9808.954,0.0,0.0,0.0,0.0,89172.309091
1805525,IT,WF,CERAM,SUPPO,0.02,9808.644,3,3,9808.644,0.0,0.0,0.0,0.0,490432.2
1795029,IT,WL,ADDIT,KERO1,0.02,9808.576,3,3,9808.576,0.0,0.0,0.0,0.0,490428.8
1640891,IT,AT,LEATH,OFFIC,0.07,9808.428,4,4,9808.426,0.0,0.0,0.0,0.002,140120.4
1764877,IT,MX,AIRTR,CERAM,0.01,9808.342,3,3,9808.342,0.0,0.0,0.0,0.0,980834.2
1801194,IT,WE,FABRI,BITU1,0.04,9808.181,3,3,9808.181,0.0,0.0,0.0,0.0,245204.525
1733815,IT,SI,LANDT,OILHA,0.06,9807.795,3,3,9807.795,0.0,0.0,0.0,0.0,163463.25
1641723,IT,AT,PLAST,SUPPO,0.02,9807.629,3,3,9807.629,0.0,0.0,0.0,0.0,490381.45
1779075,IT,TR,SUPPO,FISH5,0.07,9807.338,3,3,9807.338,0.0,0.0,0.0,0.0,140104.828571
1735362,IT,SK,NONME,CHEM1,0.02,9806.183,3,3,9806.183,0.0,0.0,0.0,0.0,490309.15
1812074,IT,WM,CERAM,NONF1,0.02,9805.982,3,3,9805.982,0.0,0.0,0.0,0.0,490299.1
1648563,IT,BG,LEADZ,KEROS,0.02,9805.625,3,3,9805.625,0.0,0.0,0.0,0.0,490281.25
1790864,IT,WA,MACHI,FOODW,0.05,9805.623,3,3,9805.623,0.0,0.0,0.0,0.0,196112.46
1728725,IT,SE,MOTOR,HEALT,0.01,9805.334,3,3,9805.334,0.0,0.0,0.0,0.0,980533.4
1762971,IT,MX,DAIRY,WHOLE,0.04,9805.024,3,3,9805.024,0.0,0.0,0.0,0.0,245125.6
1735343,IT,SK,CEMEN,SUGA1,0.02,9804.492,3,3,9804.492,0.0,0.0,0.0,0.0,490224.6
1735616,IT,SK,COPP1,LEAD1,0.02,9804.222,3,3,9804.222,0.0,0.0,0.0,0.0,490211.1
1734830,IT,SK,PAPER,MEATA,0.04,9803.826,3,3,9803.826,0.0,0.0,0.0,0.0,245095.65
1809616,IT,WM,DAIRY,STONE,0.04,9802.828,3,3,9802.828,0.0,0.0,0.0,0.0,245070.7
1750440,IT,CN,MACHI,ANIMA,0.05,9802.798,3,3,9802.798,0.0,0.0,0.0,0.0,196055.96
1751930,IT,CN,COMPU,ELEC8,0.11,9802.609,3,3,9802.609,0.0,0.0,0.0,0.0,89114.627273
1773943,IT,CH,SALEM,CERAM,0.08,9801.795,3,3,9801.795,0.0,0.0,0.0,0.0,122522.4375
1781329,IT,NO,VEGE1,RENTI,0.03,9801.742,4,4,9801.74,0.0,0.0,0.0,0.002,326724.733333
1675671,IT,FR,TRANS,DIST1,0.06,9800.851,3,3,9800.851,0.0,0.0,0.0,0.0,163347.516667
1814903,IT,WM,PRIVA,PROCE,2.19,9800.28,4,4,9800.278,0.0,0.0,0.0,0.002,4475.013699
1814308,IT,WM,FINAN,NATU1,0.13,9800.176,3,3,9800.176,0.0,0.0,0.0,0.0,75385.969231
1781148,IT,TW,FOOD2,PUBLI,0.06,9799.895,3,3,9799.895,0.0,0.0,0.0,0.0,163331.583333
1790985,IT,WA,MOTO1,RUBBE,0.05,9799.653,3,3,9799.653,0.0,0.0,0.0,0.0,195993.06
1670693,IT,FI,WOODW,NONF1,0.03,9799.552,3,3,9799.552,0.0,0.0,0.0,0.0,326651.733333
1740086,IT,GB,RENTI,WOOD2,0.06,9798.292,3,3,9798.292,0.0,0.0,0.0,0.0,163304.866667
1666479,IT,ES,PLAST,KEROS,0.02,9798.186,3,3,9798.186,0.0,0.0,0.0,0.0,489909.3
1664596,IT,EE,HOTEL,EDUCA,0.07,9797.426,3,3,9797.426,0.0,0.0,0.0,0.0,139963.228571
1731287,IT,SI,MEAT4,EDUCA,0.05,9796.768,3,3,9796.768,0.0,0.0,0.0,0.0,195935.36
1753635,IT,CA,OFFIC,FORES,0.03,9796.749,3,3,9796.749,0.0,0.0,0.0,0.0,326558.3
1640926,IT,AT,WOODW,WHEAT,0.03,9796.429,3,3,9796.429,0.0,0.0,0.0,0.0,326547.633333
1775419,IT,CH,PUBLI,MEMBE,0.16,9796.137,3,3,9796.137,0.0,0.0,0.0,0.0,61225.85625
1643397,IT,AT,LANDT,CHEMI,0.06,9795.378,3,3,9795.378,0.0,0.0,0.0,0.0,163256.3
1795301,IT,WL,CEMEN,RETA1,0.02,9795.111,3,3,9795.111,0.0,0.0,0.0,0.0,489755.55
1711558,IT,LU,FINAN,TOBAC,0.13,9795.039,3,3,9795.039,0.0,0.0,0.0,0.0,75346.453846
1647192,IT,BE,LANDT,VEGET,0.06,9794.775,3,3,9794.775,0.0,0.0,0.0,0.0,163246.25
1686477,IT,HU,PREC1,TEXTI,0.02,9794.723,3,3,9794.723,0.0,0.0,0.0,0.0,489736.15
1753447,IT,CA,FABRI,BITU1,0.04,9794.64,3,3,9794.64,0.0,0.0,0.0,0.0,244866.0
1762387,IT,IN,POSTT,CHEM1,0.16,9794.306,3,3,9794.306,0.0,0.0,0.0,0.0,61214.4125
1722115,IT,PL,BUSIN,LEAD1,0.1,9794.305,3,3,9794.305,0.0,0.0,0.0,0.0,97943.05
1772123,IT,CH,MOTOR,HOTEL,0.01,9793.978,3,3,9793.978,0.0,0.0,0.0,0.0,979397.8
1777632,IT,TR,ALUM1,COLLE,0.02,9793.659,3,3,9793.659,0.0,0.0,0.0,0.0,489682.95
1728017,IT,SE,SANDC,RESEA,0.02,9793.4,4,4,9791.4,0.0,0.0,2.0,0.0,489670.0
1679335,IT,GR,PETRO,NAPHT,0.02,9793.055,3,3,9793.055,0.0,0.0,0.0,0.0,489652.75
1670865,IT,FI,PLAST,PRINT,0.02,9792.931,3,3,9792.931,0.0,0.0,0.0,0.0,489646.55
1711860,IT,LU,PLAS1,MOTO1,0.04,9791.999,3,3,9791.999,0.0,0.0,0.0,0.0,244799.975
1753710,IT,CA,TRANS,MEDIC,0.06,9791.519,3,3,9791.519,0.0,0.0,0.0,0.0,163191.983333
1718362,IT,PL,BEVER,PRINT,0.04,9791.208,3,3,9791.208,0.0,0.0,0.0,0.0,244780.2
1715413,IT,NL,MOTOR,WEARI,0.01,9791.192,3,3,9791.192,0.0,0.0,0.0,0.0,979119.2
1754880,IT,KR,FISH5,REALE,0.04,9791.138,4,4,9791.133,0.0,0.0,0.0,0.005,244778.45
1686138,IT,HU,RUBBE,FOODW,0.03,9790.467,3,3,9790.467,0.0,0.0,0.0,0.0,326348.9
1724586,IT,PT,FINAN,TEXTI,0.13,9790.294,3,3,9790.294,0.0,0.0,0.0,0.0,75309.953846
1726269,IT,RO,BASIC,BITU1,0.01,9789.881,3,3,9789.881,0.0,0.0,0.0,0.0,978988.1
1666428,IT,ES,BITU1,ELEC5,0.02,9789.717,3,3,9789.717,0.0,0.0,0.0,0.0,489485.85
1642144,IT,AT,CERAM,NONME,0.02,9789.29,3,3,9789.29,0.0,0.0,0.0,0.0,489464.5
1756481,IT,KR,CONST,MEMBE,0.05,9789.287,3,3,9789.287,0.0,0.0,0.0,0.0,195785.74
1735259,IT,SK,GLASS,FISH5,0.03,9789.197,3,3,9789.197,0.0,0.0,0.0,0.0,326306.566667
1714595,IT,NL,SANDC,BIODI,0.02,9789.091,4,4,9787.091,0.0,0.0,2.0,0.0,489454.55
1767531,IT,RU,AIRTR,HEAVY,0.01,9788.762,3,3,9788.762,0.0,0.0,0.0,0.0,978876.2
1813741,IT,WM,HOTEL,NAPHT,0.07,9787.901,3,3,9787.901,0.0,0.0,0.0,0.0,139827.157143
1648338,IT,BE,EDUCA,EDUCA,0.24,9787.851,3,3,9787.851,0.0,0.0,0.0,0.0,40782.7125
1773123,IT,CH,COPP1,RADIO,0.02,9787.654,3,3,9787.654,0.0,0.0,0.0,0.0,489382.7
1790486,IT,WA,COPP1,BIOGA,0.02,9786.605,3,3,9786.605,0.0,0.0,0.0,0.0,489330.25
1784711,IT,ID,FURNI,ELEC4,0.03,9786.443,3,3,9786.443,0.0,0.0,0.0,0.0,326214.766667
1648261,IT,BE,BUSIN,FOOD1,0.1,9786.441,3,3,9786.441,0.0,0.0,0.0,0.0,97864.41
1761066,IT,IN,PLAST,WHOLE,0.02,9786.308,3,3,9786.308,0.0,0.0,0.0,0.0,489315.4
1655106,IT,CZ,RESEA,MACHI,0.05,9786.235,3,3,9786.235,0.0,0.0,0.0,0.0,195724.7
1769118,IT,AU,CHEM1,FISHF,0.02,9785.885,3,3,9785.885,0.0,0.0,0.0,0.0,489294.25
1798144,IT,WL,PRIVA,BIOG1,2.18,9785.678,4,4,9785.676,0.0,0.0,0.0,0.002,4488.843119
1791856,IT,WA,LANDT,RETAI,0.06,9785.643,3,3,9785.643,0.0,0.0,0.0,0.0,163094.05
1765164,IT,MX,BUSIN,BASIC,0.1,9785.59,3,3,9785.59,0.0,0.0,0.0,0.0,97855.9
1739414,IT,GB,LANDT,OILSE,0.06,9785.568,3,3,9785.568,0.0,0.0,0.0,0.0,163092.8
1642130,IT,AT,CERAM,TEXTI,0.02,9785.326,3,3,9785.326,0.0,0.0,0.0,0.0,489266.3
1731702,IT,SI,WOODW,COMPU,0.03,9784.721,3,3,9784.721,0.0,0.0,0.0,0.0,326157.366667
1809351,IT,WM,SANDC,NAPHT,0.02,9784.415,4,4,9782.415,0.0,0.0,2.0,0.0,489220.75
1763008,IT,MX,BEVER,FISHF,0.04,9784.14,3,3,9784.14,0.0,0.0,0.0,0.0,244603.5
1681560,IT,GR,BUSIN,COLLE,0.1,9783.972,3,3,9783.972,0.0,0.0,0.0,0.0,97839.72
1762512,IT,IN,INSUR,CERAM,0.2,9783.509,3,3,9783.509,0.0,0.0,0.0,0.0,48917.545
1756652,IT,KR,LANDT,ELEC3,0.06,9783.449,3,3,9783.449,0.0,0.0,0.0,0.0,163057.483333
1657909,IT,DE,BASIC,NONSP,0.01,9783.32,3,3,9783.32,0.0,0.0,0.0,0.0,978332.0
1715737,IT,NL,BIOGA,VEGET,0.02,9783.266,3,3,9783.266,0.0,0.0,0.0,0.0,489163.3
1715609,IT,NL,LIQUE,HOTEL,0.02,9783.138,3,3,9783.138,0.0,0.0,0.0,0.0,489156.9
1760164,IT,BR,WASTE,POSTT,0.03,9783.091,3,3,9783.091,0.0,0.0,0.0,0.0,326103.033333
1663649,IT,DK,BUSIN,TRAN2,0.1,9782.94,3,3,9782.94,0.0,0.0,0.0,0.0,97829.4
1718603,IT,PL,LEATH,GASDI,0.07,9782.901,4,4,9782.899,0.0,0.0,0.0,0.002,139755.728571
1727574,IT,RO,REALE,FABRI,0.41,9782.863,3,3,9782.863,0.0,0.0,0.0,0.0,23860.641463
1737564,IT,GB,PULP5,REALE,0.03,9782.807,3,3,9782.807,0.0,0.0,0.0,0.0,326093.566667
1724551,IT,PT,POSTT,SUPPO,0.16,9782.719,3,3,9782.719,0.0,0.0,0.0,0.0,61141.99375
1775371,IT,CH,PUBLI,PAPER,0.16,9782.313,3,3,9782.313,0.0,0.0,0.0,0.0,61139.45625
1728002,IT,SE,SANDC,BIODI,0.02,9782.175,4,4,9780.175,0.0,0.0,2.0,0.0,489108.75
1749483,IT,CN,HEAVY,REALE,0.02,9782.096,3,3,9782.096,0.0,0.0,0.0,0.0,489104.8
1683345,IT,HR,NONME,SECO9,0.02,9782.09,3,3,9782.09,0.0,0.0,0.0,0.0,489104.5
1643891,IT,AT,REALE,MACHI,0.41,9782.037,3,3,9782.037,0.0,0.0,0.0,0.0,23858.626829
1721227,IT,PL,LANDT,COKEO,0.06,9781.938,3,3,9781.938,0.0,0.0,0.0,0.0,163032.3
1786652,IT,ZA,WHOLE,PFERT,0.08,9781.472,3,3,9781.472,0.0,0.0,0.0,0.0,122268.4
1731412,IT,SI,FOOD5,MEDIC,0.05,9781.113,3,3,9781.113,0.0,0.0,0.0,0.0,195622.26
1774351,IT,CH,HOTEL,ELEC7,0.07,9780.858,3,3,9780.858,0.0,0.0,0.0,0.0,139726.542857
1813701,IT,WM,RETA1,AUXIL,0.1,9780.784,3,3,9780.784,0.0,0.0,0.0,0.0,97807.84
1664145,IT,EE,RUBBE,FURNI,0.03,9780.289,3,3,9780.289,0.0,0.0,0.0,0.0,326009.633333
1688975,IT,IE,MACHI,MEAT1,0.05,9779.478,3,3,9779.478,0.0,0.0,0.0,0.0,195589.56
1809167,IT,WM,CATTL,WHOLE,0.02,9779.3,3,3,9779.3,0.0,0.0,0.0,0.0,488965.0
1732802,IT,SI,NONME,93197,0.02,9778.883,3,3,9778.883,0.0,0.0,0.0,0.0,488944.15
1753149,IT,CA,RUBBE,RENTI,0.03,9778.097,3,3,9778.097,0.0,0.0,0.0,0.0,325936.566667
1671543,IT,FI,OFFIC,OFFIC,0.03,9777.614,3,3,9777.614,0.0,0.0,0.0,0.0,325920.466667
1802678,IT,WE,RENTI,SUPPO,0.06,9777.531,3,3,9777.531,0.0,0.0,0.0,0.0,162958.85
1710673,IT,LU,VEGE1,EDUCA,0.03,9777.304,4,4,9777.302,0.0,0.0,0.0,0.002,325910.133333
1768262,IT,RU,RECRE,PUBLI,0.12,9777.287,3,3,9777.287,0.0,0.0,0.0,0.0,81477.391667
1743763,IT,US,LANDT,NONSP,0.06,9776.877,3,3,9776.877,0.0,0.0,0.0,0.0,162947.95
1735997,IT,SK,TRANS,GASDI,0.06,9776.852,3,3,9776.852,0.0,0.0,0.0,0.0,162947.533333
1714658,IT,NL,MEAT4,BEVER,0.05,9776.472,3,3,9776.472,0.0,0.0,0.0,0.0,195529.44
1709379,IT,LT,BEVER,CATTL,0.04,9776.261,3,3,9776.261,0.0,0.0,0.0,0.0,244406.525
1771102,IT,CH,ALUMI,MACHI,0.02,9776.047,3,3,9776.047,0.0,0.0,0.0,0.0,488802.35
1744130,IT,US,SUPPO,ELEC5,0.07,9775.586,3,3,9775.586,0.0,0.0,0.0,0.0,139651.228571
1644607,IT,BE,FOOD5,GASDI,0.05,9775.572,3,3,9775.572,0.0,0.0,0.0,0.0,195511.44
1686901,IT,HU,MACHI,MEAT4,0.05,9775.203,3,3,9775.203,0.0,0.0,0.0,0.0,195504.06
1649646,IT,BG,GLASS,FOOD3,0.03,9774.991,3,3,9774.991,0.0,0.0,0.0,0.0,325833.033333
1786492,IT,ZA,MOTO1,REALE,0.05,9774.581,3,3,9774.581,0.0,0.0,0.0,0.0,195491.62
1649820,IT,BG,ALUM1,PAPER,0.02,9773.62,3,3,9773.62,0.0,0.0,0.0,0.0,488681.0
1651201,IT,BG,BUSIN,DIST1,0.1,9773.578,3,3,9773.578,0.0,0.0,0.0,0.0,97735.78
1757756,IT,BR,NONSP,BITU1,0.01,9773.464,3,3,9773.464,0.0,0.0,0.0,0.0,977346.4
1748852,IT,CN,TEXTI,93197,0.06,9773.208,3,3,9773.208,0.0,0.0,0.0,0.0,162886.8
1794722,IT,WL,LUBRI,PFERT,0.01,9772.908,3,3,9772.908,0.0,0.0,0.0,0.0,977290.8
1658226,IT,DE,LEAD1,COLLE,0.02,9772.747,3,3,9772.747,0.0,0.0,0.0,0.0,488637.35
1646270,IT,BE,LEAD1,FOOD3,0.02,9772.115,3,3,9772.115,0.0,0.0,0.0,0.0,488605.75
1754697,IT,KR,VEGE1,REFI1,0.03,9771.85,4,4,9771.848,0.0,0.0,0.0,0.002,325728.333333
1650745,IT,BG,HOTEL,RAILW,0.07,9771.633,3,3,9771.633,0.0,0.0,0.0,0.0,139594.757143
1646273,IT,BE,COPP1,WOODW,0.02,9770.83,3,3,9770.83,0.0,0.0,0.0,0.0,488541.5
1717422,IT,NL,INSUR,SALEM,0.2,9770.317,3,3,9770.317,0.0,0.0,0.0,0.0,48851.585
1715591,IT,NL,LIQUE,CERAM,0.02,9770.067,3,3,9770.067,0.0,0.0,0.0,0.0,488503.35
1762954,IT,MX,VEGE1,FURNI,0.03,9769.829,4,4,9769.827,0.0,0.0,0.0,0.002,325660.966667
1811247,IT,WM,BITU1,CATTL,0.02,9769.56,3,3,9769.56,0.0,0.0,0.0,0.0,488478.0
1736878,IT,SK,BUSIN,TRANS,0.1,9769.106,3,3,9769.106,0.0,0.0,0.0,0.0,97691.06
1661192,IT,DE,93197,RENTI,0.07,9769.05,3,3,9769.05,0.0,0.0,0.0,0.0,139557.857143
1784388,IT,ID,GLASS,MOTO1,0.03,9768.384,3,3,9768.384,0.0,0.0,0.0,0.0,325612.8
1678327,IT,FR,WASTE,HOTEL,0.03,9768.208,3,3,9768.208,0.0,0.0,0.0,0.0,325606.933333
1683788,IT,HR,OFFIC,BEVER,0.03,9768.188,3,3,9768.188,0.0,0.0,0.0,0.0,325606.266667
1644827,IT,BE,TEXTI,FURNI,0.06,9767.971,3,3,9767.971,0.0,0.0,0.0,0.0,162799.516667
1760329,IT,IN,STONE,ELEC4,0.03,9767.75,4,4,9766.75,0.0,0.0,1.0,0.0,325591.666667
1646123,IT,BE,PREC1,WOODW,0.02,9767.682,3,3,9767.682,0.0,0.0,0.0,0.0,488384.1
1655421,IT,DE,ANIMA,COMPU,0.04,9767.681,3,3,9767.681,0.0,0.0,0.0,0.0,244192.025
1680040,IT,GR,MACHI,BRICK,0.05,9767.586,3,3,9767.586,0.0,0.0,0.0,0.0,195351.72
1748602,IT,CN,VEGE1,FINAN,0.03,9767.477,4,4,9767.475,0.0,0.0,0.0,0.002,325582.566667
1688066,IT,HU,COMPU,SALEM,0.11,9767.029,3,3,9767.029,0.0,0.0,0.0,0.0,88791.172727
1790473,IT,WA,COPP1,PAPER,0.02,9766.856,3,3,9766.856,0.0,0.0,0.0,0.0,488342.8
1774953,IT,CH,INSUR,RECRE,0.2,9766.727,3,3,9766.727,0.0,0.0,0.0,0.0,48833.635
1767194,IT,RU,RETA1,PFERT,0.1,9766.421,3,3,9766.421,0.0,0.0,0.0,0.0,97664.21
1716017,IT,NL,CEMEN,COMPU,0.02,9765.958,3,3,9765.958,0.0,0.0,0.0,0.0,488297.9
1714255,IT,MT,COMPU,RETA1,0.11,9765.414,3,3,9765.414,0.0,0.0,0.0,0.0,88776.490909
1710790,IT,LU,WOODW,PAPER,0.03,9764.671,3,3,9764.671,0.0,0.0,0.0,0.0,325489.033333
1766962,IT,RU,MOTO1,OFFIC,0.05,9764.261,3,3,9764.261,0.0,0.0,0.0,0.0,195285.22
1664514,IT,EE,TRANS,PULP5,0.06,9763.306,3,3,9763.306,0.0,0.0,0.0,0.0,162721.766667
1756376,IT,KR,FURNI,GLASS,0.03,9763.16,3,3,9763.16,0.0,0.0,0.0,0.0,325438.666667
1728306,IT,SE,BEVER,RAILW,0.04,9763.066,3,3,9763.066,0.0,0.0,0.0,0.0,244076.65
1650240,IT,BG,FURNI,SUPPO,0.03,9762.914,3,3,9762.914,0.0,0.0,0.0,0.0,325430.466667
1781331,IT,NO,VEGE1,RESEA,0.03,9762.848,4,4,9762.846,0.0,0.0,0.0,0.002,325428.266667
1653860,IT,CZ,FABRI,NUCLE,0.04,9762.804,3,3,9762.804,0.0,0.0,0.0,0.0,244070.1
1680001,IT,GR,MACHI,CRUDE,0.05,9762.525,3,3,9762.525,0.0,0.0,0.0,0.0,195250.5
1805426,IT,WF,GLASS,FISHF,0.03,9762.148,3,3,9762.148,0.0,0.0,0.0,0.0,325404.933333
1767395,IT,RU,LANDT,PULP5,0.06,9762.047,3,3,9762.047,0.0,0.0,0.0,0.0,162700.783333
1727417,IT,RO,FINAN,WHOLE,0.13,9762.045,3,3,9762.045,0.0,0.0,0.0,0.0,75092.653846
1727418,IT,RO,FINAN,RETA1,0.13,9762.045,3,3,9762.045,0.0,0.0,0.0,0.0,75092.653846
1812313,IT,WM,BASIC,COKEO,0.01,9761.662,3,3,9761.662,0.0,0.0,0.0,0.0,976166.2
1725747,IT,RO,PRINT,FOOD5,0.09,9761.559,3,3,9761.559,0.0,0.0,0.0,0.0,108461.766667
1804841,IT,WF,NAPHT,HEALT,0.02,9761.429,3,3,9761.429,0.0,0.0,0.0,0.0,488071.45
1772239,IT,CH,HEAVY,CHEM1,0.02,9761.4,3,3,9761.4,0.0,0.0,0.0,0.0,488070.0
1640241,IT,AT,FISHF,SANDC,0.02,9761.232,3,3,9761.232,0.0,0.0,0.0,0.0,488061.6
1653298,IT,CZ,RUBBE,INERT,0.03,9760.993,3,3,9760.993,0.0,0.0,0.0,0.0,325366.433333
1762541,IT,IN,INSUR,INSUR,0.2,9760.868,3,3,9760.868,0.0,0.0,0.0,0.0,48804.34
1712432,IT,LV,BASIC,ALUM1,0.01,9760.668,3,3,9760.668,0.0,0.0,0.0,0.0,976066.8
1791302,IT,WA,CONST,INSUR,0.05,9760.134,3,3,9760.134,0.0,0.0,0.0,0.0,195202.68
1730780,IT,SE,BUSIN,GLASS,0.1,9759.996,3,3,9759.996,0.0,0.0,0.0,0.0,97599.96
1679640,IT,GR,GLASS,BIODI,0.03,9759.799,3,3,9759.799,0.0,0.0,0.0,0.0,325326.633333
1646028,IT,BE,NONME,DISTR,0.02,9759.512,3,3,9759.512,0.0,0.0,0.0,0.0,487975.6
1812563,IT,WM,ALUM1,SUPPO,0.02,9759.48,3,3,9759.48,0.0,0.0,0.0,0.0,487974.0
1781712,IT,NO,WOODW,RECRE,0.03,9759.472,3,3,9759.472,0.0,0.0,0.0,0.0,325315.733333
1751553,IT,CN,POSTT,TEXTI,0.16,9758.01,3,3,9758.01,0.0,0.0,0.0,0.0,60987.5625
1713375,IT,MT,HEAVY,PRINT,0.02,9757.979,3,3,9757.979,0.0,0.0,0.0,0.0,487898.95
1725545,IT,RO,LEATH,BLAST,0.07,9757.171,4,4,9757.169,0.0,0.0,0.0,0.002,139388.157143
1802264,IT,WE,LANDT,GASDI,0.06,9756.741,3,3,9756.741,0.0,0.0,0.0,0.0,162612.35
1758470,IT,BR,MACHI,SANDC,0.05,9756.619,3,3,9756.619,0.0,0.0,0.0,0.0,195132.38
1736543,IT,SK,SUPPO,RUBBE,0.07,9756.564,3,3,9756.564,0.0,0.0,0.0,0.0,139379.485714
1804306,IT,WF,MOTOR,BIOGA,0.01,9756.067,3,3,9756.067,0.0,0.0,0.0,0.0,975606.7
1781257,IT,NO,CHEMI,FISHF,0.02,9755.566,3,3,9755.566,0.0,0.0,0.0,0.0,487778.3
1644756,IT,BE,FISH5,SUGA1,0.04,9754.882,4,4,9754.877,0.0,0.0,0.0,0.005,243872.05
1714617,IT,NL,MEATC,VEGE1,0.03,9754.802,3,3,9754.802,0.0,0.0,0.0,0.0,325160.066667
1667376,IT,ES,COPP1,BEVER,0.02,9754.771,3,3,9754.771,0.0,0.0,0.0,0.0,487738.55
1765396,IT,RU,TOBAC,PFERT,0.04,9754.371,3,3,9754.371,0.0,0.0,0.0,0.0,243859.275
1768405,IT,AU,VEGE1,NONSP,0.03,9754.21,4,4,9754.208,0.0,0.0,0.0,0.002,325140.333333
1670630,IT,FI,LEATH,WOODW,0.07,9754.143,4,4,9754.141,0.0,0.0,0.0,0.002,139344.9
1644214,IT,BE,VEGET,SUPPO,0.03,9754.068,3,3,9754.068,0.0,0.0,0.0,0.0,325135.6
1791574,IT,WA,RETA1,SEACO,0.1,9753.913,3,3,9753.913,0.0,0.0,0.0,0.0,97539.13
1755854,IT,KR,NONME,CRUDE,0.02,9753.768,3,3,9753.768,0.0,0.0,0.0,0.0,487688.4
1733719,IT,SI,RAILW,FOOD3,0.07,9753.511,3,3,9753.511,0.0,0.0,0.0,0.0,139335.871429
1728744,IT,SE,KERO1,ELEC4,0.01,9753.141,3,3,9753.141,0.0,0.0,0.0,0.0,975314.1
1673960,IT,FR,KEROS,SUGAR,0.01,9752.852,3,3,9752.852,0.0,0.0,0.0,0.0,975285.2
1640450,IT,AT,VEGE1,RENTI,0.03,9751.094,4,4,9751.092,0.0,0.0,0.0,0.002,325036.466667
1784151,IT,ID,PAPER,TEXTI,0.04,9751.005,3,3,9751.005,0.0,0.0,0.0,0.0,243775.125
1740982,IT,US,BEVER,DIST1,0.04,9750.852,3,3,9750.852,0.0,0.0,0.0,0.0,243771.3
1769431,IT,AU,NONME,CHEM1,0.02,9750.443,3,3,9750.443,0.0,0.0,0.0,0.0,487522.15
1669323,IT,ES,FINAN,ELEC9,0.13,9750.408,3,3,9750.408,0.0,0.0,0.0,0.0,75003.138462
1710221,IT,LT,OFFIC,CONST,0.03,9750.312,3,3,9750.312,0.0,0.0,0.0,0.0,325010.4
1770656,IT,AU,FINAN,PUBLI,0.13,9750.27,3,3,9750.27,0.0,0.0,0.0,0.0,75002.076923
1649904,IT,BG,FABRI,VEGE1,0.04,9749.983,3,3,9749.983,0.0,0.0,0.0,0.0,243749.575
1726320,IT,RO,ALUM1,CEREA,0.02,9749.866,3,3,9749.866,0.0,0.0,0.0,0.0,487493.3
1690329,IT,IE,FOOD2,RENTI,0.06,9749.771,3,3,9749.771,0.0,0.0,0.0,0.0,162496.183333
1758404,IT,BR,FABRI,PREC1,0.04,9749.731,3,3,9749.731,0.0,0.0,0.0,0.0,243743.275
1752656,IT,CA,WEARI,CEREA,0.07,9749.719,4,4,9749.717,0.0,0.0,0.0,0.002,139281.7
1648381,IT,BE,RECRE,ELECT,0.12,9749.379,3,3,9749.379,0.0,0.0,0.0,0.0,81244.825
1748959,IT,CN,WEARI,RESEA,0.07,9749.302,4,4,9749.3,0.0,0.0,0.0,0.002,139275.742857
1757845,IT,BR,CHEM1,NATUR,0.02,9749.3,3,3,9749.3,0.0,0.0,0.0,0.0,487465.0
1803043,IT,WF,CEREA,NICKE,0.02,9749.081,3,3,9749.081,0.0,0.0,0.0,0.0,487454.05
1765611,IT,RU,WOODW,NONME,0.03,9749.011,3,3,9749.011,0.0,0.0,0.0,0.0,324967.033333
1741754,IT,US,PARAF,GASDI,0.02,9748.749,3,3,9748.749,0.0,0.0,0.0,0.0,487437.45
1655101,IT,CZ,COMPU,HEALT,0.11,9748.405,3,3,9748.405,0.0,0.0,0.0,0.0,88621.863636
1735531,IT,SK,ALUM1,FISH5,0.02,9748.159,3,3,9748.159,0.0,0.0,0.0,0.0,487407.95
1773725,IT,CH,FURNI,FOOD2,0.03,9747.778,3,3,9747.778,0.0,0.0,0.0,0.0,324925.933333
1653938,IT,CZ,MACHI,PLANT,0.05,9747.656,3,3,9747.656,0.0,0.0,0.0,0.0,194953.12
1752240,IT,CA,VEGET,BUSIN,0.03,9747.638,3,3,9747.638,0.0,0.0,0.0,0.0,324921.266667
1766878,IT,RU,OFFIC,LIQUE,0.03,9747.383,3,3,9747.383,0.0,0.0,0.0,0.0,324912.766667
1802284,IT,WE,LANDT,DISTR,0.06,9747.255,3,3,9747.255,0.0,0.0,0.0,0.0,162454.25
1659952,IT,DE,TRAN2,MEMBE,0.02,9746.401,3,3,9746.401,0.0,0.0,0.0,0.0,487320.05
1677411,IT,FR,INSUR,FURNI,0.2,9746.346,3,3,9746.346,0.0,0.0,0.0,0.0,48731.73
1771250,IT,CH,VEGE1,CONST,0.03,9746.258,4,4,9746.256,0.0,0.0,0.0,0.002,324875.266667
1643613,IT,AT,AIRTR,GLASS,0.01,9746.165,3,3,9746.165,0.0,0.0,0.0,0.0,974616.5
1757330,IT,BR,TEXTI,TOBAC,0.06,9746.127,3,3,9746.127,0.0,0.0,0.0,0.0,162435.45
1687346,IT,HU,RETA1,93197,0.1,9745.78,3,3,9745.78,0.0,0.0,0.0,0.0,97457.8
1717757,IT,NL,PUBLI,EDUCA,0.16,9745.533,3,3,9745.533,0.0,0.0,0.0,0.0,60909.58125
1681805,IT,HR,MEAT1,CHEMI,0.05,9744.892,3,3,9744.892,0.0,0.0,0.0,0.0,194897.84
1775634,IT,CH,93197,SECO9,0.07,9744.642,3,3,9744.642,0.0,0.0,0.0,0.0,139209.171429
1719120,IT,PL,PLAST,CRUDE,0.02,9744.306,3,3,9744.306,0.0,0.0,0.0,0.0,487215.3
1786359,IT,ZA,MACHI,VEGE1,0.05,9743.809,3,3,9743.809,0.0,0.0,0.0,0.0,194876.18
1656359,IT,DE,WOODW,LEATH,0.03,9743.646,3,3,9743.646,0.0,0.0,0.0,0.0,324788.2
1755435,IT,KR,NAPHT,KEROS,0.02,9743.402,3,3,9743.402,0.0,0.0,0.0,0.0,487170.1
1801543,IT,WE,TRANS,CROPS,0.06,9742.874,3,3,9742.874,0.0,0.0,0.0,0.0,162381.233333
1775422,IT,CH,EDUCA,CHEM1,0.24,9742.815,3,3,9742.815,0.0,0.0,0.0,0.0,40595.0625
1781320,IT,NO,VEGE1,MACHI,0.03,9742.741,4,4,9742.739,0.0,0.0,0.0,0.002,324758.033333
1752477,IT,CA,DAIRY,93197,0.04,9741.968,3,3,9741.968,0.0,0.0,0.0,0.0,243549.2
1791901,IT,WA,TRAN2,NFERT,0.02,9741.624,3,3,9741.624,0.0,0.0,0.0,0.0,487081.2
1769119,IT,AU,CHEM1,COKIN,0.02,9741.619,3,3,9741.619,0.0,0.0,0.0,0.0,487080.95
1755845,IT,KR,CEMEN,BUSIN,0.02,9741.618,3,3,9741.618,0.0,0.0,0.0,0.0,487080.9
1797543,IT,WL,BUSIN,RENTI,0.1,9740.688,3,3,9740.688,0.0,0.0,0.0,0.0,97406.88
1682806,IT,HR,HEAVY,ELECT,0.02,9740.087,3,3,9740.087,0.0,0.0,0.0,0.0,487004.35
1752602,IT,CA,TEXTI,ANIMA,0.06,9739.786,3,3,9739.786,0.0,0.0,0.0,0.0,162329.766667
1686642,IT,HU,LEAD1,SALEM,0.02,9739.704,3,3,9739.704,0.0,0.0,0.0,0.0,486985.2
1733586,IT,SI,RETA1,RESEA,0.1,9739.695,3,3,9739.695,0.0,0.0,0.0,0.0,97396.95
1684276,IT,HR,AIRTR,PRINT,0.01,9739.551,3,3,9739.551,0.0,0.0,0.0,0.0,973955.1
1789121,IT,WA,NONSP,LUBRI,0.01,9739.458,3,3,9739.458,0.0,0.0,0.0,0.0,973945.8
1670365,IT,FI,DAIRY,WHOLE,0.04,9739.13,3,3,9739.13,0.0,0.0,0.0,0.0,243478.25
1646170,IT,BE,ALUM1,TEXTI,0.02,9738.964,3,3,9738.964,0.0,0.0,0.0,0.0,486948.2
1801855,IT,WE,ELE12,WEARI,0.06,9738.564,3,3,9738.564,0.0,0.0,0.0,0.0,162309.4
1729416,IT,SE,BASIC,TRAN2,0.01,9738.222,3,3,9738.222,0.0,0.0,0.0,0.0,973822.2
1689092,IT,IE,FURNI,AUXIL,0.03,9737.977,3,3,9737.977,0.0,0.0,0.0,0.0,324599.233333
1763098,IT,MX,WEARI,LEATH,0.07,9737.707,4,4,9737.705,0.0,0.0,0.0,0.002,139110.1
1805998,IT,WF,COPP1,REFIN,0.02,9737.337,3,3,9737.337,0.0,0.0,0.0,0.0,486866.85
1640408,IT,AT,MEAT4,HEALT,0.05,9737.21,3,3,9737.21,0.0,0.0,0.0,0.0,194744.2
1716788,IT,NL,RETA1,RAILW,0.1,9736.555,3,3,9736.555,0.0,0.0,0.0,0.0,97365.55
1756113,IT,KR,FABRI,AIRTR,0.04,9736.327,3,3,9736.327,0.0,0.0,0.0,0.0,243408.175
1734516,IT,SK,VEGE1,HEALT,0.03,9736.062,4,4,9736.06,0.0,0.0,0.0,0.002,324535.4
1733190,IT,SI,MACHI,MEAT1,0.05,9735.738,3,3,9735.738,0.0,0.0,0.0,0.0,194714.76
1688736,IT,IE,CHEM1,RECRE,0.02,9735.494,3,3,9735.494,0.0,0.0,0.0,0.0,486774.7
1812829,IT,WM,FABRI,WHITE,0.04,9735.493,3,3,9735.493,0.0,0.0,0.0,0.0,243387.325
1781994,IT,NO,RUBBE,GLASS,0.03,9735.3,3,3,9735.3,0.0,0.0,0.0,0.0,324510.0
1798378,IT,WE,FISHF,PFERT,0.02,9734.67,3,3,9734.67,0.0,0.0,0.0,0.0,486733.5
1736303,IT,SK,HOTEL,AIRTR,0.07,9734.237,3,3,9734.237,0.0,0.0,0.0,0.0,139060.528571
1808911,IT,WM,CEREA,FORES,0.02,9734.004,3,3,9734.004,0.0,0.0,0.0,0.0,486700.2
1809159,IT,WM,CATTL,MEATA,0.02,9733.944,3,3,9733.944,0.0,0.0,0.0,0.0,486697.2
1781649,IT,NO,LEATH,BASIC,0.07,9733.834,4,4,9733.832,0.0,0.0,0.0,0.002,139054.771429
1662949,IT,DK,RETA1,INSUR,0.1,9733.335,3,3,9733.335,0.0,0.0,0.0,0.0,97333.35
1749252,IT,CN,PAPER,PREC1,0.04,9733.279,3,3,9733.279,0.0,0.0,0.0,0.0,243331.975
1812219,IT,WM,NONME,RUBBE,0.02,9732.96,3,3,9732.96,0.0,0.0,0.0,0.0,486648.0
1648852,IT,BG,TEXTI,PULP5,0.06,9732.54,3,3,9732.54,0.0,0.0,0.0,0.0,162209.0
1785734,IT,ZA,PLAST,VEGE1,0.02,9731.67,3,3,9731.67,0.0,0.0,0.0,0.0,486583.5
1662627,IT,DK,MACHI,FORES,0.05,9731.569,3,3,9731.569,0.0,0.0,0.0,0.0,194631.38
1717906,IT,PL,FORES,PAPER,0.08,9731.463,4,4,9727.463,0.0,4.0,0.0,0.0,121643.2875
1803447,IT,WF,MEAT1,SUGA1,0.05,9731.227,3,3,9731.227,0.0,0.0,0.0,0.0,194624.54
1788700,IT,WA,MOTOR,SUGA1,0.01,9730.871,3,3,9730.871,0.0,0.0,0.0,0.0,973087.1
1738241,IT,GB,CEMEN,TRANS,0.02,9730.857,3,3,9730.857,0.0,0.0,0.0,0.0,486542.85
1768707,IT,AU,TEXTI,RECRE,0.06,9730.65,3,3,9730.65,0.0,0.0,0.0,0.0,162177.5
1682578,IT,HR,MOTOR,FOOD3,0.01,9730.549,3,3,9730.549,0.0,0.0,0.0,0.0,973054.9
1720963,IT,PL,WHOLE,FABRI,0.08,9730.445,3,3,9730.445,0.0,0.0,0.0,0.0,121630.5625
1670624,IT,FI,WEARI,INERT,0.07,9729.94,4,4,9729.938,0.0,0.0,0.0,0.002,138999.142857
1718030,IT,PL,CHEMI,STEAM,0.02,9729.729,3,3,9729.729,0.0,0.0,0.0,0.0,486486.45
1795236,IT,WL,CERAM,CRUDE,0.02,9729.618,3,3,9729.618,0.0,0.0,0.0,0.0,486480.9
1647293,IT,BE,LANDT,PAPE1,0.06,9729.604,3,3,9729.604,0.0,0.0,0.0,0.0,162160.066667
1786397,IT,ZA,MACHI,ELEC8,0.05,9728.902,3,3,9728.902,0.0,0.0,0.0,0.0,194578.04
1804675,IT,WF,LIQUE,LEADZ,0.02,9728.855,3,3,9728.855,0.0,0.0,0.0,0.0,486442.75
1746106,IT,JP,PRINT,REALE,0.09,9728.527,3,3,9728.527,0.0,0.0,0.0,0.0,108094.744444
1781138,IT,TW,OILHA,PUBLI,0.06,9728.228,3,3,9728.228,0.0,0.0,0.0,0.0,162137.133333
1667096,IT,ES,NONME,INTER,0.02,9727.745,3,3,9727.745,0.0,0.0,0.0,0.0,486387.25
1767632,IT,RU,SUPPO,HEALT,0.07,9727.367,3,3,9727.367,0.0,0.0,0.0,0.0,138962.385714
1664993,IT,ES,CHEMI,MOTOR,0.02,9726.953,3,3,9726.953,0.0,0.0,0.0,0.0,486347.65
1792175,IT,WA,SUPPO,FURNI,0.07,9726.23,3,3,9726.23,0.0,0.0,0.0,0.0,138946.142857
1664076,IT,EE,CHEM1,COPP1,0.02,9726.096,3,3,9726.096,0.0,0.0,0.0,0.0,486304.8
1812664,IT,WM,COPP1,RUBBE,0.02,9726.068,3,3,9726.068,0.0,0.0,0.0,0.0,486303.4
1656249,IT,DE,WEARI,BASIC,0.07,9725.643,4,4,9725.641,0.0,0.0,0.0,0.002,138937.757143
1781232,IT,NO,CROPS,TOBAC,0.08,9725.345,3,3,9725.345,0.0,0.0,0.0,0.0,121566.8125
1682375,IT,HR,WOODW,INERT,0.03,9725.184,3,3,9725.184,0.0,0.0,0.0,0.0,324172.8
1657543,IT,DE,GLASS,LEATH,0.03,9724.976,3,3,9724.976,0.0,0.0,0.0,0.0,324165.866667
1666091,IT,ES,GASDI,TOBAC,0.01,9724.814,3,3,9724.814,0.0,0.0,0.0,0.0,972481.4
1722433,IT,PT,VEGE1,RAWMI,0.03,9724.293,4,4,9724.291,0.0,0.0,0.0,0.002,324143.1
1764451,IT,MX,FURNI,ELECT,0.03,9723.961,3,3,9723.961,0.0,0.0,0.0,0.0,324132.033333
1730234,IT,SE,TRAN2,MOTOR,0.02,9723.04,3,3,9723.04,0.0,0.0,0.0,0.0,486152.0
1758119,IT,BR,CERAM,BRICK,0.02,9722.748,3,3,9722.748,0.0,0.0,0.0,0.0,486137.4
1807952,IT,WF,PLAS1,CEMEN,0.03,9722.621,3,3,9722.621,0.0,0.0,0.0,0.0,324087.366667
1721420,IT,PL,AIRTR,PIGS9,0.01,9722.106,3,3,9722.106,0.0,0.0,0.0,0.0,972210.6
1713184,IT,MT,TEXTI,BUSIN,0.06,9721.973,3,3,9721.973,0.0,0.0,0.0,0.0,162032.883333
1677193,IT,FR,POSTT,COLLE,0.16,9721.703,3,3,9721.703,0.0,0.0,0.0,0.0,60760.64375
1725302,IT,RO,BEVER,FABRI,0.04,9721.701,3,3,9721.701,0.0,0.0,0.0,0.0,243042.525
1782239,IT,NO,PREC1,WHOLE,0.02,9721.611,3,3,9721.611,0.0,0.0,0.0,0.0,486080.55
1788522,IT,WA,PAPER,NONFE,0.04,9721.357,3,3,9721.357,0.0,0.0,0.0,0.0,243033.925
1802530,IT,WE,POSTT,COMPU,0.16,9720.943,3,3,9720.943,0.0,0.0,0.0,0.0,60755.89375
1766386,IT,RU,BASIC,LIQUE,0.01,9720.013,3,3,9720.013,0.0,0.0,0.0,0.0,972001.3
1796685,IT,WL,RAILW,FISH5,0.07,9719.385,3,3,9719.385,0.0,0.0,0.0,0.0,138848.357143
1727664,IT,RO,RENTI,HOTEL,0.06,9719.132,3,3,9719.132,0.0,0.0,0.0,0.0,161985.533333
1672083,IT,FI,SUPPO,WHOLE,0.07,9717.905,3,3,9717.905,0.0,0.0,0.0,0.0,138827.214286
1719053,IT,PL,LIQUE,FABRI,0.02,9717.408,3,3,9717.408,0.0,0.0,0.0,0.0,485870.4
1669003,IT,ES,SUPPO,VEGET,0.07,9717.026,3,3,9717.026,0.0,0.0,0.0,0.0,138814.657143
1789119,IT,WA,NONSP,REFI1,0.01,9716.903,3,3,9716.903,0.0,0.0,0.0,0.0,971690.3
1735039,IT,SK,PLAST,HEALT,0.02,9716.373,3,3,9716.373,0.0,0.0,0.0,0.0,485818.65
1739135,IT,GB,RETA1,CEREA,0.1,9715.857,3,3,9715.857,0.0,0.0,0.0,0.0,97158.57
1752090,IT,CN,BUSIN,NAPHT,0.1,9715.359,3,3,9715.359,0.0,0.0,0.0,0.0,97153.59
1791051,IT,WA,TRANS,SANDC,0.06,9715.309,3,3,9715.309,0.0,0.0,0.0,0.0,161921.816667
1654752,IT,CZ,AIRTR,TRANS,0.01,9715.21,3,3,9715.21,0.0,0.0,0.0,0.0,971521.0
1720228,IT,PL,COPP1,MEMBE,0.02,9715.044,3,3,9715.044,0.0,0.0,0.0,0.0,485752.2
1713637,IT,MT,ALUM1,FISH5,0.02,9714.853,3,3,9714.853,0.0,0.0,0.0,0.0,485742.65
1793575,IT,WL,VEGE1,SUGAR,0.03,9714.809,4,4,9714.807,0.0,0.0,0.0,0.002,323826.966667
1785906,IT,ZA,RUBBE,FORES,0.03,9714.782,3,3,9714.782,0.0,0.0,0.0,0.0,323826.066667
1776622,IT,TR,GASDI,OFFIC,0.01,9714.729,3,3,9714.729,0.0,0.0,0.0,0.0,971472.9
1747597,IT,JP,AIRTR,ELE11,0.01,9714.179,3,3,9714.179,0.0,0.0,0.0,0.0,971417.9
1780558,IT,TW,FINAN,OFFIC,0.13,9713.858,3,3,9713.858,0.0,0.0,0.0,0.0,74721.984615
1649023,IT,BG,WOODW,BASIC,0.03,9713.609,3,3,9713.609,0.0,0.0,0.0,0.0,323786.966667
1811356,IT,WM,PETRO,LIQUE,0.02,9713.572,3,3,9713.572,0.0,0.0,0.0,0.0,485678.6
1731708,IT,SI,WOODW,INTER,0.03,9713.519,3,3,9713.519,0.0,0.0,0.0,0.0,323783.966667
1780205,IT,TW,RAILW,KEROS,0.06,9713.041,3,3,9713.041,0.0,0.0,0.0,0.0,161884.016667
1809734,IT,WM,SUGA1,HEALT,0.02,9712.988,4,4,9712.986,0.0,0.0,0.0,0.002,485649.4
1659904,IT,DE,TRAN2,PRINT,0.02,9712.587,3,3,9712.587,0.0,0.0,0.0,0.0,485629.35
1802750,IT,WE,RESEA,FINAN,0.05,9712.486,3,3,9712.486,0.0,0.0,0.0,0.0,194249.72
1804681,IT,WF,LIQUE,TEXTI,0.02,9712.38,3,3,9712.38,0.0,0.0,0.0,0.0,485619.0
1643943,IT,AT,COMPU,PLAST,0.11,9710.927,3,3,9710.927,0.0,0.0,0.0,0.0,88281.154545
1799755,IT,WE,KEROS,ELEC2,0.01,9710.754,3,3,9710.754,0.0,0.0,0.0,0.0,971075.4
1730093,IT,SE,RETA1,RETA1,0.1,9710.243,3,3,9710.243,0.0,0.0,0.0,0.0,97102.43
1781683,IT,NO,LEATH,INTER,0.07,9709.965,4,4,9709.963,0.0,0.0,0.0,0.002,138713.785714
1655291,IT,DE,CEREA,MEAT1,0.02,9709.208,3,3,9709.208,0.0,0.0,0.0,0.0,485460.4
1766335,IT,RU,NONME,SECO9,0.02,9709.029,3,3,9709.029,0.0,0.0,0.0,0.0,485451.45
1806637,IT,WF,SALEM,INSUR,0.08,9708.048,3,3,9708.048,0.0,0.0,0.0,0.0,121350.6
1656632,IT,DE,PRINT,INLAN,0.09,9707.948,3,3,9707.948,0.0,0.0,0.0,0.0,107866.088889
1798789,IT,WE,FOOD5,LIQUE,0.05,9707.871,3,3,9707.871,0.0,0.0,0.0,0.0,194157.42
1769518,IT,AU,PREC1,COLLE,0.02,9707.846,3,3,9707.846,0.0,0.0,0.0,0.0,485392.3
1780610,IT,TW,INSUR,COPP1,0.2,9707.585,3,3,9707.585,0.0,0.0,0.0,0.0,48537.925
1786844,IT,ZA,HOTEL,MEMBE,0.07,9706.733,3,3,9706.733,0.0,0.0,0.0,0.0,138667.614286
1781152,IT,TW,FOOD3,BASIC,0.03,9706.72,3,3,9706.72,0.0,0.0,0.0,0.0,323557.333333
1771035,IT,CH,FORES,PULP5,0.08,9706.645,4,4,9702.645,0.0,4.0,0.0,0.0,121333.0625
1658204,IT,DE,LEAD1,BIOGA,0.02,9706.424,3,3,9706.424,0.0,0.0,0.0,0.0,485321.2
1801364,IT,WE,MACHI,GASWO,0.05,9706.391,3,3,9706.391,0.0,0.0,0.0,0.0,194127.82
1654104,IT,CZ,OFFIC,SALEM,0.03,9705.977,3,3,9705.977,0.0,0.0,0.0,0.0,323532.566667
1756535,IT,KR,WHOLE,FINAN,0.08,9705.836,3,3,9705.836,0.0,0.0,0.0,0.0,121322.95
1689563,IT,IE,AIRTR,WOODW,0.01,9705.772,3,3,9705.772,0.0,0.0,0.0,0.0,970577.2
1640321,IT,AT,CHEMI,PULP5,0.02,9705.289,3,3,9705.289,0.0,0.0,0.0,0.0,485264.45
1802227,IT,WE,RAILW,RETA1,0.06,9704.963,3,3,9704.963,0.0,0.0,0.0,0.0,161749.383333
1736039,IT,SK,FURNI,BEVER,0.03,9704.404,3,3,9704.404,0.0,0.0,0.0,0.0,323480.133333
1676802,IT,FR,LANDT,GLASS,0.06,9704.194,3,3,9704.194,0.0,0.0,0.0,0.0,161736.566667
1712167,IT,LV,LEATH,WHOLE,0.07,9704.088,4,4,9704.086,0.0,0.0,0.0,0.002,138629.828571
1647074,IT,BE,HOTEL,FISH5,0.07,9703.958,3,3,9703.958,0.0,0.0,0.0,0.0,138627.971429
1753924,IT,CA,RAILW,POSTT,0.06,9703.86,3,3,9703.86,0.0,0.0,0.0,0.0,161731.0
1786552,IT,ZA,FURNI,RADIO,0.03,9703.291,3,3,9703.291,0.0,0.0,0.0,0.0,323443.033333
1806799,IT,WF,RETA1,WOODW,0.1,9702.977,3,3,9702.977,0.0,0.0,0.0,0.0,97029.77
1683239,IT,HR,CERAM,NONME,0.02,9702.556,3,3,9702.556,0.0,0.0,0.0,0.0,485127.8
1676127,IT,FR,ELEC8,BUSIN,0.13,9702.522,3,3,9702.522,0.0,0.0,0.0,0.0,74634.784615
1798959,IT,WE,TOBAC,FORES,0.04,9702.476,3,3,9702.476,0.0,0.0,0.0,0.0,242561.9
1675999,IT,FR,ELEC5,BASIC,0.12,9702.276,3,3,9702.276,0.0,0.0,0.0,0.0,80852.3
1750590,IT,CN,OFFIC,COPP1,0.03,9702.116,3,3,9702.116,0.0,0.0,0.0,0.0,323403.866667
1674278,IT,FR,NONSP,KEROS,0.01,9701.909,3,3,9701.909,0.0,0.0,0.0,0.0,970190.9
1796082,IT,WL,TRANS,LIQUE,0.06,9701.603,3,3,9701.603,0.0,0.0,0.0,0.0,161693.383333
1763953,IT,MX,BASIC,RETAI,0.01,9701.602,3,3,9701.602,0.0,0.0,0.0,0.0,970160.2
1724777,IT,PT,RENTI,SUPPO,0.06,9701.297,3,3,9701.297,0.0,0.0,0.0,0.0,161688.283333
1781778,IT,NO,PRINT,SEACO,0.09,9700.79,3,3,9700.79,0.0,0.0,0.0,0.0,107786.555556
1783832,IT,NO,INERT,FOOD4,0.07,9700.755,3,3,9700.755,0.0,0.0,0.0,0.0,138582.214286
1679195,IT,GR,PRINT,RESEA,0.09,9700.703,3,3,9700.703,0.0,0.0,0.0,0.0,107785.588889
1723565,IT,PT,FABRI,MEAT4,0.04,9700.693,3,3,9700.693,0.0,0.0,0.0,0.0,242517.325
1803434,IT,WF,MEAT1,VEGET,0.05,9700.121,3,3,9700.121,0.0,0.0,0.0,0.0,194002.42
1781794,IT,NO,MOTOR,CRUDE,0.01,9699.773,3,3,9699.773,0.0,0.0,0.0,0.0,969977.3
1735896,IT,SK,OFFIC,COLLE,0.03,9699.715,3,3,9699.715,0.0,0.0,0.0,0.0,323323.833333
1799731,IT,WE,KEROS,VEGE1,0.01,9699.359,3,3,9699.359,0.0,0.0,0.0,0.0,969935.9
1736611,IT,SK,POSTT,COMPU,0.16,9699.115,3,3,9699.115,0.0,0.0,0.0,0.0,60619.46875
1813728,IT,WM,HOTEL,FISH5,0.07,9698.557,3,3,9698.557,0.0,0.0,0.0,0.0,138550.814286
1791769,IT,WA,RAILW,INSUR,0.06,9698.219,3,3,9698.219,0.0,0.0,0.0,0.0,161636.983333
1721044,IT,PL,HOTEL,CERAM,0.07,9697.933,3,3,9697.933,0.0,0.0,0.0,0.0,138541.9
1660229,IT,DE,POSTT,FISH5,0.16,9696.971,3,3,9696.971,0.0,0.0,0.0,0.0,60606.06875
1810588,IT,WM,PRINT,FOOD5,0.09,9696.309,3,3,9696.309,0.0,0.0,0.0,0.0,107736.766667
1669779,IT,ES,BUSIN,BRICK,0.1,9696.304,3,3,9696.304,0.0,0.0,0.0,0.0,96963.04
1724086,IT,PT,WHOLE,LANDT,0.08,9696.097,3,3,9696.097,0.0,0.0,0.0,0.0,121201.2125
1685558,IT,HU,PAPER,FINAN,0.04,9696.095,3,3,9696.095,0.0,0.0,0.0,0.0,242402.375
1715139,IT,NL,LEATH,FABRI,0.07,9694.651,4,4,9694.649,0.0,0.0,0.0,0.002,138495.014286
1742736,IT,US,FABRI,LEATH,0.04,9694.508,3,3,9694.508,0.0,0.0,0.0,0.0,242362.7
1777456,IT,TR,NONME,HEALT,0.02,9694.417,3,3,9694.417,0.0,0.0,0.0,0.0,484720.85
1725815,IT,RO,PRINT,93197,0.09,9694.363,3,3,9694.363,0.0,0.0,0.0,0.0,107715.144444
1773443,IT,CH,OFFIC,NONF1,0.03,9694.098,3,3,9694.098,0.0,0.0,0.0,0.0,323136.6
1717614,IT,NL,BUSIN,SUGAR,0.1,9693.661,3,3,9693.661,0.0,0.0,0.0,0.0,96936.61
1796275,IT,WL,CONST,NONF1,0.05,9692.926,3,3,9692.926,0.0,0.0,0.0,0.0,193858.52
1803498,IT,WF,VEGE1,NATUR,0.03,9692.917,4,4,9692.915,0.0,0.0,0.0,0.002,323097.233333
1660092,IT,DE,AIRTR,ELEC3,0.01,9692.875,3,3,9692.875,0.0,0.0,0.0,0.0,969287.5
1753134,IT,CA,RUBBE,COLLE,0.03,9692.771,3,3,9692.771,0.0,0.0,0.0,0.0,323092.366667
1715887,IT,NL,RUBBE,PAPE1,0.03,9692.579,3,3,9692.579,0.0,0.0,0.0,0.0,323085.966667
1661706,IT,DK,WEARI,LANDT,0.07,9692.244,4,4,9692.242,0.0,0.0,0.0,0.002,138460.628571
1735384,IT,SK,NONME,LANDT,0.02,9691.82,3,3,9691.82,0.0,0.0,0.0,0.0,484591.0
1723439,IT,PT,PREC1,CERAM,0.02,9691.739,3,3,9691.739,0.0,0.0,0.0,0.0,484586.95
1645905,IT,BE,CERAM,MEATP,0.02,9691.682,3,3,9691.682,0.0,0.0,0.0,0.0,484584.1
1676445,IT,FR,RETA1,CHEMI,0.1,9691.634,3,3,9691.634,0.0,0.0,0.0,0.0,96916.34
1797137,IT,WL,POSTT,BASIC,0.16,9691.406,3,3,9691.406,0.0,0.0,0.0,0.0,60571.2875
1800583,IT,WE,GLASS,MEATC,0.03,9691.234,3,3,9691.234,0.0,0.0,0.0,0.0,323041.133333
1805860,IT,WF,ALUM1,WEARI,0.02,9691.003,3,3,9691.003,0.0,0.0,0.0,0.0,484550.15
1757354,IT,BR,TEXTI,EDUCA,0.06,9690.886,3,3,9690.886,0.0,0.0,0.0,0.0,161514.766667
1759257,IT,BR,POSTT,NFERT,0.16,9690.67,3,3,9690.67,0.0,0.0,0.0,0.0,60566.6875
1802704,IT,WE,COMPU,HOTEL,0.11,9690.474,3,3,9690.474,0.0,0.0,0.0,0.0,88095.218182
1671102,IT,FI,RUBBE,MEMBE,0.03,9690.196,3,3,9690.196,0.0,0.0,0.0,0.0,323006.533333
1737685,IT,GB,PRINT,SUPPO,0.09,9689.873,3,3,9689.873,0.0,0.0,0.0,0.0,107665.255556
1787341,IT,WA,CROPS,WHOLE,0.08,9689.765,3,3,9689.765,0.0,0.0,0.0,0.0,121122.0625
1809433,IT,WM,CHEMI,RADIO,0.02,9689.547,3,3,9689.547,0.0,0.0,0.0,0.0,484477.35
1658243,IT,DE,COPP1,CRUDE,0.02,9689.426,3,3,9689.426,0.0,0.0,0.0,0.0,484471.3
1759115,IT,BR,AIRTR,PETRO,0.01,9689.399,3,3,9689.399,0.0,0.0,0.0,0.0,968939.9
1748271,IT,JP,MEMBE,MACHI,0.11,9689.247,3,3,9689.247,0.0,0.0,0.0,0.0,88084.063636
1717532,IT,NL,RENTI,FABRI,0.06,9688.883,3,3,9688.883,0.0,0.0,0.0,0.0,161481.383333
1812569,IT,WM,ALUM1,COMPU,0.02,9688.841,3,3,9688.841,0.0,0.0,0.0,0.0,484442.05
1769580,IT,AU,COPP1,MEDIC,0.02,9688.637,3,3,9688.637,0.0,0.0,0.0,0.0,484431.85
1651112,IT,BG,COMPU,OFFIC,0.11,9688.603,3,3,9688.603,0.0,0.0,0.0,0.0,88078.209091
1768184,IT,RU,PUBLI,RAILW,0.16,9688.416,3,3,9688.416,0.0,0.0,0.0,0.0,60552.6
1712460,IT,LV,ALUM1,TEXTI,0.02,9687.786,3,3,9687.786,0.0,0.0,0.0,0.0,484389.3
1735132,IT,SK,CHEM1,93197,0.02,9687.773,3,3,9687.773,0.0,0.0,0.0,0.0,484388.65
1787239,IT,WA,VEGET,PULP5,0.03,9687.66,3,3,9687.66,0.0,0.0,0.0,0.0,322922.0
1753946,IT,CA,LANDT,MEATC,0.06,9687.66,3,3,9687.66,0.0,0.0,0.0,0.0,161461.0
1734932,IT,SK,MOTOR,SUPPO,0.01,9687.322,3,3,9687.322,0.0,0.0,0.0,0.0,968732.2
1680716,IT,GR,RETA1,TEXTI,0.1,9687.158,3,3,9687.158,0.0,0.0,0.0,0.0,96871.58
1752749,IT,CA,WOODW,NICKE,0.03,9687.001,3,3,9687.001,0.0,0.0,0.0,0.0,322900.033333
1776753,IT,TR,LIQUE,ELEC5,0.02,9686.989,3,3,9686.989,0.0,0.0,0.0,0.0,484349.45
1798497,IT,WE,NATUR,PRIVA,0.01,9686.937,3,3,9686.937,0.0,0.0,0.0,0.0,968693.7
1792279,IT,WA,POSTT,RETAI,0.16,9686.755,3,3,9686.755,0.0,0.0,0.0,0.0,60542.21875
1664981,IT,ES,CHEMI,STONE,0.02,9686.243,3,3,9686.243,0.0,0.0,0.0,0.0,484312.15
1730023,IT,SE,WHOLE,BEVER,0.08,9685.217,3,3,9685.217,0.0,0.0,0.0,0.0,121065.2125
1752846,IT,CA,PAPER,93197,0.04,9684.653,3,3,9684.653,0.0,0.0,0.0,0.0,242116.325
1710278,IT,LT,MOTO1,RENTI,0.05,9683.426,3,3,9683.426,0.0,0.0,0.0,0.0,193668.52
1651763,IT,CY,MACHI,COMPU,0.05,9683.174,3,3,9683.174,0.0,0.0,0.0,0.0,193663.48
1802694,IT,WE,COMPU,PRINT,0.11,9682.521,3,3,9682.521,0.0,0.0,0.0,0.0,88022.918182
1731889,IT,SI,PRINT,RESEA,0.09,9682.339,3,3,9682.339,0.0,0.0,0.0,0.0,107581.544444
1797685,IT,WL,PLAS1,BEVER,0.03,9681.227,3,3,9681.227,0.0,0.0,0.0,0.0,322707.566667
1680670,IT,GR,WHOLE,ALUM1,0.08,9680.978,3,3,9680.978,0.0,0.0,0.0,0.0,121012.225
1786308,IT,ZA,FABRI,LANDT,0.04,9680.926,3,3,9680.926,0.0,0.0,0.0,0.0,242023.15
1773139,IT,CH,COPP1,RAILW,0.02,9680.573,3,3,9680.573,0.0,0.0,0.0,0.0,484028.65
1757513,IT,BR,PRINT,PFERT,0.09,9680.254,3,3,9680.254,0.0,0.0,0.0,0.0,107558.377778
1650189,IT,BG,MOTO1,PUBLI,0.05,9680.223,3,3,9680.223,0.0,0.0,0.0,0.0,193604.46
1730224,IT,SE,LANDT,WOOD1,0.06,9679.708,3,3,9679.708,0.0,0.0,0.0,0.0,161328.466667
1678923,IT,GR,TEXTI,COPP1,0.06,9679.618,3,3,9679.618,0.0,0.0,0.0,0.0,161326.966667
1729302,IT,SE,NONME,RUBBE,0.02,9679.14,3,3,9679.14,0.0,0.0,0.0,0.0,483957.0
1726800,IT,RO,WHOLE,CRUDE,0.08,9678.934,3,3,9678.934,0.0,0.0,0.0,0.0,120986.675
1658238,IT,DE,LEAD1,93197,0.02,9678.891,3,3,9678.891,0.0,0.0,0.0,0.0,483944.55
1758785,IT,BR,RETA1,LIQUI,0.1,9678.754,3,3,9678.754,0.0,0.0,0.0,0.0,96787.54
1649590,IT,BG,GLASS,CEREA,0.03,9678.171,3,3,9678.171,0.0,0.0,0.0,0.0,322605.7
1668288,IT,ES,WHOLE,CHEM1,0.08,9678.058,3,3,9678.058,0.0,0.0,0.0,0.0,120975.725
1656122,IT,DE,FISH5,FISH5,0.04,9677.288,4,4,9677.283,0.0,0.0,0.0,0.005,241932.2
1720547,IT,PL,OFFIC,NONME,0.03,9677.265,3,3,9677.265,0.0,0.0,0.0,0.0,322575.5
1723048,IT,PT,CHEM1,POULT,0.02,9676.932,3,3,9676.932,0.0,0.0,0.0,0.0,483846.6
1763490,IT,MX,PLAST,LANDT,0.02,9676.701,3,3,9676.701,0.0,0.0,0.0,0.0,483835.05
1674812,IT,FR,CEMEN,PAPE1,0.02,9676.496,3,3,9676.496,0.0,0.0,0.0,0.0,483824.8
1670841,IT,FI,NONSP,GASDI,0.01,9675.578,3,3,9675.578,0.0,0.0,0.0,0.0,967557.8
1813873,IT,WM,LANDT,NFERT,0.06,9675.173,3,3,9675.173,0.0,0.0,0.0,0.0,161252.883333
1664021,IT,EE,GASDI,CONST,0.01,9674.895,3,3,9674.895,0.0,0.0,0.0,0.0,967489.5
1768741,IT,AU,WEARI,PREC1,0.07,9674.681,4,4,9674.679,0.0,0.0,0.0,0.002,138209.728571
1784707,IT,ID,FURNI,MOTO1,0.03,9674.633,3,3,9674.633,0.0,0.0,0.0,0.0,322487.766667
1771826,IT,CH,WOODW,GASDI,0.03,9674.513,3,3,9674.513,0.0,0.0,0.0,0.0,322483.766667
1795382,IT,WL,BASIC,COKEO,0.01,9674.043,3,3,9674.043,0.0,0.0,0.0,0.0,967404.3
1671539,IT,FI,MACHI,RECRE,0.05,9673.981,3,3,9673.981,0.0,0.0,0.0,0.0,193479.62
1757999,IT,BR,RUBBE,MOTOR,0.03,9673.951,3,3,9673.951,0.0,0.0,0.0,0.0,322465.033333
1640715,IT,AT,TEXTI,CATTL,0.06,9673.926,3,3,9673.926,0.0,0.0,0.0,0.0,161232.1
1766070,IT,RU,RUBBE,SUGAR,0.03,9673.579,3,3,9673.579,0.0,0.0,0.0,0.0,322452.633333
1795854,IT,WL,OFFIC,NATUR,0.03,9673.523,3,3,9673.523,0.0,0.0,0.0,0.0,322450.766667
1784429,IT,ID,NONME,RECRE,0.02,9672.944,3,3,9672.944,0.0,0.0,0.0,0.0,483647.2
1664630,IT,EE,LANDT,PAPER,0.06,9672.722,3,3,9672.722,0.0,0.0,0.0,0.0,161212.033333
1783827,IT,NO,INERT,WOOD1,0.07,9672.63,3,3,9672.63,0.0,0.0,0.0,0.0,138180.428571
1735459,IT,SK,BASIC,ELEC7,0.01,9672.532,3,3,9672.532,0.0,0.0,0.0,0.0,967253.2
1668015,IT,ES,FURNI,TEXTI,0.03,9672.507,3,3,9672.507,0.0,0.0,0.0,0.0,322416.9
1775392,IT,CH,PUBLI,DISTR,0.16,9672.418,3,3,9672.418,0.0,0.0,0.0,0.0,60452.6125
1726830,IT,RO,WHOLE,INLAN,0.08,9672.083,3,3,9672.083,0.0,0.0,0.0,0.0,120901.0375
1765840,IT,RU,HEAVY,MEATC,0.02,9671.682,3,3,9671.682,0.0,0.0,0.0,0.0,483584.1
1782102,IT,NO,CERAM,BITUM,0.02,9671.228,3,3,9671.228,0.0,0.0,0.0,0.0,483561.4
1711169,IT,LU,FABRI,POSTT,0.04,9671.096,3,3,9671.096,0.0,0.0,0.0,0.0,241777.4
1737998,IT,GB,CHEM1,PLAS2,0.02,9670.921,3,3,9670.921,0.0,0.0,0.0,0.0,483546.05
1746986,IT,JP,MOTO1,INTER,0.05,9670.918,3,3,9670.918,0.0,0.0,0.0,0.0,193418.36
1713411,IT,MT,PARAF,CERAM,0.02,9670.447,3,3,9670.447,0.0,0.0,0.0,0.0,483522.35
1680942,IT,GR,TRAN2,RAILW,0.01,9670.28,3,3,9670.28,0.0,0.0,0.0,0.0,967028.0
1648929,IT,BG,WEARI,RUBBE,0.07,9669.698,4,4,9669.696,0.0,0.0,0.0,0.002,138138.542857
1740652,IT,US,CRUDE,SEACO,0.02,9669.449,3,3,9669.449,0.0,0.0,0.0,0.0,483472.45
1717918,IT,PL,FISHF,CHEM1,0.02,9669.399,3,3,9669.399,0.0,0.0,0.0,0.0,483469.95
1647577,IT,BE,POSTT,FOOD5,0.16,9669.354,3,3,9669.354,0.0,0.0,0.0,0.0,60433.4625
1715510,IT,NL,GASDI,DAIRY,0.01,9668.977,3,3,9668.977,0.0,0.0,0.0,0.0,966897.7
1758206,IT,BR,BASIC,SUGA1,0.01,9668.687,3,3,9668.687,0.0,0.0,0.0,0.0,966868.7
1811719,IT,WM,ADDIT,BITUM,0.02,9668.612,3,3,9668.612,0.0,0.0,0.0,0.0,483430.6
1801998,IT,WE,WHOLE,DAIRY,0.08,9668.34,3,3,9668.34,0.0,0.0,0.0,0.0,120854.25
1813159,IT,WM,MOTO1,FOUND,0.05,9668.22,3,3,9668.22,0.0,0.0,0.0,0.0,193364.4
1651560,IT,CY,RUBBE,SUPPO,0.03,9667.841,3,3,9667.841,0.0,0.0,0.0,0.0,322261.366667
1774757,IT,CH,SUPPO,EDUCA,0.07,9667.761,3,3,9667.761,0.0,0.0,0.0,0.0,138110.871429
1719741,IT,PL,NONME,PAPE4,0.02,9667.577,3,3,9667.577,0.0,0.0,0.0,0.0,483378.85
1735486,IT,SK,BASIC,FOOD2,0.01,9667.513,3,3,9667.513,0.0,0.0,0.0,0.0,966751.3
1774292,IT,CH,HOTEL,STONE,0.07,9667.05,3,3,9667.05,0.0,0.0,0.0,0.0,138100.714286
1664879,IT,ES,FORES,FURNI,0.08,9666.911,4,4,9662.911,0.0,4.0,0.0,0.0,120836.3875
1772028,IT,CH,PRINT,GASDI,0.09,9666.694,3,3,9666.694,0.0,0.0,0.0,0.0,107407.711111
1765822,IT,RU,GASDI,SEACO,0.01,9666.514,3,3,9666.514,0.0,0.0,0.0,0.0,966651.4
1729402,IT,SE,BASIC,ELEC5,0.01,9666.254,3,3,9666.254,0.0,0.0,0.0,0.0,966625.4
1710916,IT,LU,LIQUE,PUBLI,0.02,9665.802,3,3,9665.802,0.0,0.0,0.0,0.0,483290.1
1712125,IT,LV,WEARI,WOODW,0.07,9665.627,4,4,9665.625,0.0,0.0,0.0,0.002,138080.385714
1649248,IT,BG,HEAVY,PIGS9,0.02,9665.511,3,3,9665.511,0.0,0.0,0.0,0.0,483275.55
1729735,IT,SE,MACHI,PRINT,0.05,9665.161,3,3,9665.161,0.0,0.0,0.0,0.0,193303.22
1798176,IT,WE,CEREA,LEATH,0.02,9665.096,3,3,9665.096,0.0,0.0,0.0,0.0,483254.8
1802826,IT,WE,EDUCA,PUBLI,0.24,9665.048,3,3,9665.048,0.0,0.0,0.0,0.0,40271.033333
1750044,IT,CN,NONME,93197,0.02,9664.51,3,3,9664.51,0.0,0.0,0.0,0.0,483225.5
1711168,IT,LU,FABRI,SUPPO,0.04,9664.478,3,3,9664.478,0.0,0.0,0.0,0.0,241611.95
1751758,IT,CN,AUXIL,BITUM,0.18,9664.041,3,3,9664.041,0.0,0.0,0.0,0.0,53689.116667
1785799,IT,ZA,CHEM1,MEAT4,0.02,9663.841,3,3,9663.841,0.0,0.0,0.0,0.0,483192.05
1668232,IT,ES,RETAI,SUPPO,0.08,9663.52,3,3,9663.52,0.0,0.0,0.0,0.0,120794.0
1677301,IT,FR,FINAN,ELEC5,0.13,9662.731,3,3,9662.731,0.0,0.0,0.0,0.0,74328.7
1729188,IT,SE,CERAM,RAWMI,0.02,9662.725,3,3,9662.725,0.0,0.0,0.0,0.0,483136.25
1663591,IT,DK,BUSIN,FISHF,0.1,9662.672,3,3,9662.672,0.0,0.0,0.0,0.0,96626.72
1787590,IT,WA,MEATP,STONE,0.04,9662.55,3,3,9662.55,0.0,0.0,0.0,0.0,241563.75
1746183,IT,JP,PLAST,ELEC1,0.02,9662.344,3,3,9662.344,0.0,0.0,0.0,0.0,483117.2
1679128,IT,GR,PAPER,MACHI,0.04,9662.268,3,3,9662.268,0.0,0.0,0.0,0.0,241556.7
1791910,IT,WA,TRAN2,PUBLI,0.01,9662.202,3,3,9662.202,0.0,0.0,0.0,0.0,966220.2
1785054,IT,ID,BUSIN,RENTI,0.1,9662.059,3,3,9662.059,0.0,0.0,0.0,0.0,96620.59
1742468,IT,US,BASIC,PETRO,0.01,9661.781,3,3,9661.781,0.0,0.0,0.0,0.0,966178.1
1783600,IT,NO,FOOD2,BUSIN,0.06,9661.557,3,3,9661.557,0.0,0.0,0.0,0.0,161025.95
1779313,IT,TR,INSUR,PRINT,0.2,9661.423,3,3,9661.423,0.0,0.0,0.0,0.0,48307.115
1710316,IT,LT,FURNI,STEAM,0.03,9661.41,3,3,9661.41,0.0,0.0,0.0,0.0,322047.0
1759863,IT,BR,FOODW,FOOD3,0.07,9661.324,3,3,9661.324,0.0,0.0,0.0,0.0,138018.914286
1757967,IT,BR,RUBBE,SUGAR,0.03,9661.081,3,3,9661.081,0.0,0.0,0.0,0.0,322036.033333
1781664,IT,NO,LEATH,RETAI,0.07,9660.462,4,4,9660.46,0.0,0.0,0.0,0.002,138006.6
1735642,IT,SK,COPP1,INERT,0.02,9660.427,3,3,9660.427,0.0,0.0,0.0,0.0,483021.35
1726680,IT,RO,TRANS,BLAST,0.06,9660.188,3,3,9660.188,0.0,0.0,0.0,0.0,161003.133333
1645235,IT,BE,COALT,GLASS,0.02,9659.257,3,3,9659.257,0.0,0.0,0.0,0.0,482962.85
1722172,IT,PL,BUSIN,FOOD3,0.1,9659.05,3,3,9659.05,0.0,0.0,0.0,0.0,96590.5
1682239,IT,HR,WEARI,INERT,0.07,9658.866,4,4,9658.864,0.0,0.0,0.0,0.002,137983.8
1714937,IT,NL,BEVER,INTER,0.04,9658.744,3,3,9658.744,0.0,0.0,0.0,0.0,241468.6
1687816,IT,HU,POSTT,FINAN,0.16,9658.503,3,3,9658.503,0.0,0.0,0.0,0.0,60365.64375
1781714,IT,NO,PULP5,PAPER,0.03,9658.024,3,3,9658.024,0.0,0.0,0.0,0.0,321934.133333
1726792,IT,RO,WHOLE,VEGET,0.08,9658.008,3,3,9658.008,0.0,0.0,0.0,0.0,120725.1
1719788,IT,PL,BASIC,AVIAT,0.01,9657.844,3,3,9657.844,0.0,0.0,0.0,0.0,965784.4
1781872,IT,NO,CHEM1,CHEMI,0.02,9657.69,3,3,9657.69,0.0,0.0,0.0,0.0,482884.5
1724837,IT,PT,BUSIN,FISHF,0.1,9656.997,3,3,9656.997,0.0,0.0,0.0,0.0,96569.97
1774640,IT,CH,AIRTR,KEROS,0.01,9656.969,3,3,9656.969,0.0,0.0,0.0,0.0,965696.9
1650998,IT,BG,SUPPO,RETAI,0.07,9656.754,3,3,9656.754,0.0,0.0,0.0,0.0,137953.628571
1710603,IT,LU,FORES,RAILW,0.08,9656.355,4,4,9652.355,0.0,4.0,0.0,0.0,120704.4375
1681804,IT,HR,MEAT1,STONE,0.05,9656.23,3,3,9656.23,0.0,0.0,0.0,0.0,193124.6
1687261,IT,HU,WHOLE,NONME,0.08,9655.989,3,3,9655.989,0.0,0.0,0.0,0.0,120699.8625
1656888,IT,DE,HEAVY,DIST1,0.02,9655.922,3,3,9655.922,0.0,0.0,0.0,0.0,482796.1
1656405,IT,DE,WOODW,TRAN2,0.03,9655.782,3,3,9655.782,0.0,0.0,0.0,0.0,321859.4
1794655,IT,WL,NAPHT,TOBAC,0.02,9655.387,3,3,9655.387,0.0,0.0,0.0,0.0,482769.35
1724936,IT,PT,BUSIN,INTER,0.1,9655.135,3,3,9655.135,0.0,0.0,0.0,0.0,96551.35
1806357,IT,WF,MOTO1,NONFE,0.05,9655.102,3,3,9655.102,0.0,0.0,0.0,0.0,193102.04
1723458,IT,PT,ALUM1,WEARI,0.02,9654.845,3,3,9654.845,0.0,0.0,0.0,0.0,482742.25
1778769,IT,TR,LANDT,BEVER,0.06,9654.831,3,3,9654.831,0.0,0.0,0.0,0.0,160913.85
1789101,IT,WA,PARAF,STONE,0.02,9654.042,3,3,9654.042,0.0,0.0,0.0,0.0,482702.1
1712500,IT,LV,FABRI,BEVER,0.04,9654.003,3,3,9654.003,0.0,0.0,0.0,0.0,241350.075
1664386,IT,EE,MACHI,STONE,0.05,9653.748,3,3,9653.748,0.0,0.0,0.0,0.0,193074.96
1659501,IT,DE,RETA1,MACHI,0.1,9653.745,3,3,9653.745,0.0,0.0,0.0,0.0,96537.45
1768933,IT,AU,PAPER,CRUDE,0.04,9653.701,3,3,9653.701,0.0,0.0,0.0,0.0,241342.525
1731840,IT,SI,PAPER,PAPE4,0.04,9653.527,3,3,9653.527,0.0,0.0,0.0,0.0,241338.175
1656343,IT,DE,WOODW,STONE,0.03,9653.409,3,3,9653.409,0.0,0.0,0.0,0.0,321780.3
1665226,IT,ES,FOOD5,POSTT,0.05,9653.399,3,3,9653.399,0.0,0.0,0.0,0.0,193067.98
1749438,IT,CN,GASDI,BIOG1,0.01,9653.077,3,3,9653.077,0.0,0.0,0.0,0.0,965307.7
1746516,IT,JP,CEMEN,CONST,0.02,9652.815,3,3,9652.815,0.0,0.0,0.0,0.0,482640.75
1686611,IT,HU,LEAD1,CROPS,0.02,9652.49,3,3,9652.49,0.0,0.0,0.0,0.0,482624.5
1653095,IT,CZ,CHEM1,MEAT4,0.02,9652.431,3,3,9652.431,0.0,0.0,0.0,0.0,482621.55
1808752,IT,WF,TEXT2,93197,0.07,9651.577,3,3,9651.577,0.0,0.0,0.0,0.0,137879.671429
1767731,IT,RU,FINAN,LANDT,0.13,9651.397,3,3,9651.397,0.0,0.0,0.0,0.0,74241.515385
1798929,IT,WE,FISH5,PRINT,0.04,9650.777,4,4,9650.772,0.0,0.0,0.0,0.005,241269.425
1728851,IT,SE,PLAST,RETAI,0.02,9650.742,3,3,9650.742,0.0,0.0,0.0,0.0,482537.1
1683494,IT,HR,PREC1,LANDT,0.02,9650.581,3,3,9650.581,0.0,0.0,0.0,0.0,482529.05
1796272,IT,WL,CONST,ALUM1,0.05,9650.529,3,3,9650.529,0.0,0.0,0.0,0.0,193010.58
1679003,IT,GR,LEATH,PAPE4,0.07,9649.255,4,4,9649.253,0.0,0.0,0.0,0.002,137846.5
1681011,IT,GR,AIRTR,PFERT,0.01,9648.279,3,3,9648.279,0.0,0.0,0.0,0.0,964827.9
1683070,IT,HR,RUBBE,MEATP,0.03,9647.531,3,3,9647.531,0.0,0.0,0.0,0.0,321584.366667
1808412,IT,WF,WASTE,RECRE,0.03,9647.474,3,3,9647.474,0.0,0.0,0.0,0.0,321582.466667
1655881,IT,DE,DAIRY,RADIO,0.04,9647.308,3,3,9647.308,0.0,0.0,0.0,0.0,241182.7
1754169,IT,CA,SUPPO,NONF1,0.07,9646.916,3,3,9646.916,0.0,0.0,0.0,0.0,137813.085714
1787787,IT,WA,DAIRY,REALE,0.04,9646.419,3,3,9646.419,0.0,0.0,0.0,0.0,241160.475
1809564,IT,WM,VEGE1,PRINT,0.03,9645.883,4,4,9645.881,0.0,0.0,0.0,0.002,321529.433333
1742346,IT,US,NONME,SANDC,0.02,9645.728,3,3,9645.728,0.0,0.0,0.0,0.0,482286.4
1755693,IT,KR,RUBBE,INLAN,0.03,9645.549,3,3,9645.549,0.0,0.0,0.0,0.0,321518.3
1681128,IT,GR,SUPPO,BUSIN,0.07,9645.368,3,3,9645.368,0.0,0.0,0.0,0.0,137790.971429
1814384,IT,WM,AUXIL,CONST,0.18,9645.067,3,3,9645.067,0.0,0.0,0.0,0.0,53583.705556
1714825,IT,NL,FOOD5,NUCLE,0.05,9644.842,3,3,9644.842,0.0,0.0,0.0,0.0,192896.84
1806954,IT,WF,LANDT,NATU1,0.06,9644.668,3,3,9644.668,0.0,0.0,0.0,0.0,160744.466667
1752184,IT,CN,PUBLI,RUBBE,0.16,9644.48,3,3,9644.48,0.0,0.0,0.0,0.0,60278.0
1660052,IT,DE,AIRTR,COKEO,0.01,9643.764,3,3,9643.764,0.0,0.0,0.0,0.0,964376.4
1642189,IT,AT,BRICK,REALE,0.01,9643.723,3,3,9643.723,0.0,0.0,0.0,0.0,964372.3
1655759,IT,DE,MEATP,FISH5,0.04,9643.715,3,3,9643.715,0.0,0.0,0.0,0.0,241092.875
1812362,IT,WM,BASIC,BLAST,0.01,9643.097,3,3,9643.097,0.0,0.0,0.0,0.0,964309.7
1753728,IT,CA,FURNI,OILSE,0.03,9642.489,3,3,9642.489,0.0,0.0,0.0,0.0,321416.3
1744590,IT,US,RENTI,MEATC,0.06,9642.347,3,3,9642.347,0.0,0.0,0.0,0.0,160705.783333
1805590,IT,WF,CEMEN,LANDT,0.02,9641.762,3,3,9641.762,0.0,0.0,0.0,0.0,482088.1
1784188,IT,ID,PAPER,REALE,0.04,9641.252,3,3,9641.252,0.0,0.0,0.0,0.0,241031.3
1669765,IT,ES,BUSIN,NAPHT,0.1,9641.161,3,3,9641.161,0.0,0.0,0.0,0.0,96411.61
1667167,IT,ES,BASIC,BIOG1,0.01,9640.956,3,3,9640.956,0.0,0.0,0.0,0.0,964095.6
1668386,IT,ES,RETA1,BEVER,0.1,9640.817,3,3,9640.817,0.0,0.0,0.0,0.0,96408.17
1761903,IT,IN,FURNI,SUGA1,0.03,9640.618,3,3,9640.618,0.0,0.0,0.0,0.0,321353.933333
1740670,IT,US,STONE,NONME,0.03,9640.493,4,4,9639.493,0.0,0.0,1.0,0.0,321349.766667
1671134,IT,FI,GLASS,OFFIC,0.03,9640.191,3,3,9640.191,0.0,0.0,0.0,0.0,321339.7
1765468,IT,RU,WEARI,WHEAT,0.07,9639.641,4,4,9639.639,0.0,0.0,0.0,0.002,137709.157143
1755208,IT,KR,WOODW,BASIC,0.03,9639.429,3,3,9639.429,0.0,0.0,0.0,0.0,321314.3
1791151,IT,WA,FURNI,CEREA,0.03,9638.856,3,3,9638.856,0.0,0.0,0.0,0.0,321295.2
1716042,IT,NL,NONME,RADIO,0.02,9638.497,3,3,9638.497,0.0,0.0,0.0,0.0,481924.85
1802055,IT,WE,WHOLE,RESEA,0.08,9638.332,3,3,9638.332,0.0,0.0,0.0,0.0,120479.15
1651252,IT,CY,FISHF,HEALT,0.02,9638.282,3,3,9638.282,0.0,0.0,0.0,0.0,481914.1
1759345,IT,BR,FINAN,WOODW,0.13,9638.143,3,3,9638.143,0.0,0.0,0.0,0.0,74139.561538
1661960,IT,DK,LIQUE,HEALT,0.02,9637.889,3,3,9637.889,0.0,0.0,0.0,0.0,481894.45
1660453,IT,DE,INSUR,RAWMI,0.2,9637.515,3,3,9637.515,0.0,0.0,0.0,0.0,48187.575
1726882,IT,RO,RETA1,SALEM,0.1,9637.072,3,3,9637.072,0.0,0.0,0.0,0.0,96370.72
1742565,IT,US,PREC1,SALEM,0.02,9636.683,3,3,9636.683,0.0,0.0,0.0,0.0,481834.15
1780213,IT,TW,RAILW,BASIC,0.06,9636.634,3,3,9636.634,0.0,0.0,0.0,0.0,160610.566667
1781811,IT,NO,BITU1,HEAVY,0.02,9635.591,3,3,9635.591,0.0,0.0,0.0,0.0,481779.55
1738492,IT,GB,COPP1,INSUR,0.02,9635.162,3,3,9635.162,0.0,0.0,0.0,0.0,481758.1
1779880,IT,TR,PUBLI,REALE,0.16,9635.13,3,3,9635.13,0.0,0.0,0.0,0.0,60219.5625
1792609,IT,WA,COMPU,LANDT,0.11,9634.96,3,3,9634.96,0.0,0.0,0.0,0.0,87590.545455
1784370,IT,ID,RUBBE,REALE,0.03,9634.5,3,3,9634.5,0.0,0.0,0.0,0.0,321150.0
1763639,IT,MX,RUBBE,IRONO,0.03,9634.049,3,3,9634.049,0.0,0.0,0.0,0.0,321134.966667
1745987,IT,JP,WOODW,HEALT,0.03,9634.036,3,3,9634.036,0.0,0.0,0.0,0.0,321134.533333
1749430,IT,CN,GASDI,VEGET,0.01,9633.132,3,3,9633.132,0.0,0.0,0.0,0.0,963313.2
1670316,IT,FI,CHEMI,CONST,0.02,9633.088,3,3,9633.088,0.0,0.0,0.0,0.0,481654.4
1731251,IT,SI,MEATP,FABRI,0.04,9632.66,3,3,9632.66,0.0,0.0,0.0,0.0,240816.5
1714131,IT,MT,AIRTR,FOOD5,0.01,9632.508,3,3,9632.508,0.0,0.0,0.0,0.0,963250.8
1809781,IT,WM,FOOD5,KERO1,0.05,9632.492,3,3,9632.492,0.0,0.0,0.0,0.0,192649.84
1687241,IT,HU,WHOLE,MEATP,0.08,9632.188,3,3,9632.188,0.0,0.0,0.0,0.0,120402.35
1716606,IT,NL,SALEM,TRAN1,0.08,9631.585,3,3,9631.585,0.0,0.0,0.0,0.0,120394.8125
1718059,IT,PL,MEATC,HEALT,0.03,9631.32,3,3,9631.32,0.0,0.0,0.0,0.0,321044.0
1775981,IT,TR,BEVER,PUBLI,0.04,9630.731,3,3,9630.731,0.0,0.0,0.0,0.0,240768.275
1805549,IT,WF,BRICK,SANDC,0.01,9630.512,3,3,9630.512,0.0,0.0,0.0,0.0,963051.2
1812667,IT,WM,COPP1,BRICK,0.02,9630.41,3,3,9630.41,0.0,0.0,0.0,0.0,481520.5
1752219,IT,CN,PUBLI,PUBLI,0.16,9630.115,3,3,9630.115,0.0,0.0,0.0,0.0,60188.21875
1812532,IT,WM,ALUM1,BITU1,0.02,9629.663,3,3,9629.663,0.0,0.0,0.0,0.0,481483.15
1711966,IT,LV,VEGET,CROPS,0.03,9629.526,3,3,9629.526,0.0,0.0,0.0,0.0,320984.2
1671566,IT,FI,OFFIC,93197,0.03,9629.174,3,3,9629.174,0.0,0.0,0.0,0.0,320972.466667
1653591,IT,CZ,BASIC,MEMBE,0.01,9629.065,3,3,9629.065,0.0,0.0,0.0,0.0,962906.5
1747866,IT,JP,RENTI,ALUM1,0.06,9628.977,3,3,9628.977,0.0,0.0,0.0,0.0,160482.95
1740784,IT,US,MEAT4,FOOD3,0.05,9628.54,3,3,9628.54,0.0,0.0,0.0,0.0,192570.8
1786777,IT,ZA,HOTEL,WEARI,0.07,9628.319,3,3,9628.319,0.0,0.0,0.0,0.0,137547.414286
1640799,IT,AT,WEARI,PRINT,0.07,9628.045,4,4,9628.043,0.0,0.0,0.0,0.002,137543.5
1663989,IT,EE,PAPER,RENTI,0.04,9627.852,3,3,9627.852,0.0,0.0,0.0,0.0,240696.3
1797902,IT,WL,WASTE,WHOLE,0.03,9627.625,3,3,9627.625,0.0,0.0,0.0,0.0,320920.833333
1736757,IT,SK,RENTI,RUBBE,0.06,9627.283,3,3,9627.283,0.0,0.0,0.0,0.0,160454.716667
1715067,IT,NL,TEXTI,FOOD2,0.06,9627.222,3,3,9627.222,0.0,0.0,0.0,0.0,160453.7
1774699,IT,CH,SUPPO,BEVER,0.07,9627.069,3,3,9627.069,0.0,0.0,0.0,0.0,137529.557143
1759265,IT,BR,POSTT,CERAM,0.16,9626.863,3,3,9626.863,0.0,0.0,0.0,0.0,60167.89375
1687711,IT,HU,SUPPO,CHEMI,0.07,9626.343,3,3,9626.343,0.0,0.0,0.0,0.0,137519.185714
1658936,IT,DE,FURNI,TRAN2,0.03,9626.098,3,3,9626.098,0.0,0.0,0.0,0.0,320869.933333
1745263,IT,JP,MEATC,HEALT,0.03,9625.909,3,3,9625.909,0.0,0.0,0.0,0.0,320863.633333
1646253,IT,BE,LEAD1,ELECT,0.02,9625.764,3,3,9625.764,0.0,0.0,0.0,0.0,481288.2
1804729,IT,WF,LIQUE,RESEA,0.02,9625.083,3,3,9625.083,0.0,0.0,0.0,0.0,481254.15
1719178,IT,PL,PLAST,COLLE,0.02,9624.684,3,3,9624.684,0.0,0.0,0.0,0.0,481234.2
1799736,IT,WE,KEROS,TEXTI,0.01,9624.516,3,3,9624.516,0.0,0.0,0.0,0.0,962451.6
1748701,IT,CN,FOOD5,FURNI,0.05,9624.248,3,3,9624.248,0.0,0.0,0.0,0.0,192484.96
1671450,IT,FI,FABRI,AUXIL,0.04,9624.053,3,3,9624.053,0.0,0.0,0.0,0.0,240601.325
1658422,IT,DE,FABRI,BITU1,0.04,9623.97,3,3,9623.97,0.0,0.0,0.0,0.0,240599.25
1732158,IT,SI,GASDI,ELEC7,0.01,9623.968,3,3,9623.968,0.0,0.0,0.0,0.0,962396.8
1798381,IT,WE,FISHF,WHOLE,0.02,9623.687,3,3,9623.687,0.0,0.0,0.0,0.0,481184.35
1731128,IT,SI,NATUR,FISH5,0.01,9623.018,3,3,9623.018,0.0,0.0,0.0,0.0,962301.8
1779384,IT,TR,AUXIL,LANDT,0.18,9623.002,3,3,9623.002,0.0,0.0,0.0,0.0,53461.122222
1714384,IT,NL,CEREA,DAIRY,0.02,9622.941,3,3,9622.941,0.0,0.0,0.0,0.0,481147.05
1654105,IT,CZ,OFFIC,RETAI,0.03,9622.77,3,3,9622.77,0.0,0.0,0.0,0.0,320759.0
1676276,IT,FR,SALEM,BUSIN,0.08,9621.335,3,3,9621.335,0.0,0.0,0.0,0.0,120266.6875
1666998,IT,ES,CEMEN,BRICK,0.02,9621.013,3,3,9621.013,0.0,0.0,0.0,0.0,481050.65
1739426,IT,GB,LANDT,NATUR,0.06,9620.877,3,3,9620.877,0.0,0.0,0.0,0.0,160347.95
1709316,IT,LT,CHEMI,HOTEL,0.02,9620.153,3,3,9620.153,0.0,0.0,0.0,0.0,481007.65
1715752,IT,NL,BIODI,SUGAR,0.02,9620.134,3,3,9620.134,0.0,0.0,0.0,0.0,481006.7
1682712,IT,HR,GASDI,CHEM1,0.01,9620.095,3,3,9620.095,0.0,0.0,0.0,0.0,962009.5
1685042,IT,HU,DAIRY,FURNI,0.04,9619.771,3,3,9619.771,0.0,0.0,0.0,0.0,240494.275
1756580,IT,KR,RETA1,COMPU,0.1,9619.75,3,3,9619.75,0.0,0.0,0.0,0.0,96197.5
1725237,IT,RO,FOOD5,PLAST,0.05,9618.924,3,3,9618.924,0.0,0.0,0.0,0.0,192378.48
1744880,IT,US,BUSIN,PROCE,0.1,9618.756,3,3,9618.756,0.0,0.0,0.0,0.0,96187.56
1807038,IT,WF,TRAN2,NONF1,0.01,9618.569,3,3,9618.569,0.0,0.0,0.0,0.0,961856.9
1792709,IT,WA,BUSIN,MEATP,0.1,9618.407,3,3,9618.407,0.0,0.0,0.0,0.0,96184.07
1725640,IT,RO,PULP5,RETAI,0.03,9618.365,3,3,9618.365,0.0,0.0,0.0,0.0,320612.166667
1759714,IT,BR,BUSIN,SANDC,0.1,9618.302,3,3,9618.302,0.0,0.0,0.0,0.0,96183.02
1758257,IT,BR,PREC1,NONME,0.02,9618.192,3,3,9618.192,0.0,0.0,0.0,0.0,480909.6
1783564,IT,NO,PAPE2,FURNI,0.07,9618.127,4,4,9618.125,0.0,0.0,0.0,0.002,137401.814286
1674881,IT,FR,NONME,COMPU,0.02,9618.04,3,3,9618.04,0.0,0.0,0.0,0.0,480902.0
1652884,IT,CZ,MOTOR,FURNI,0.01,9617.725,3,3,9617.725,0.0,0.0,0.0,0.0,961772.5
1793446,IT,WL,NATUR,COPP1,0.01,9617.511,3,3,9617.511,0.0,0.0,0.0,0.0,961751.1
1716004,IT,NL,BRICK,FOOD3,0.01,9617.27,3,3,9617.27,0.0,0.0,0.0,0.0,961727.0
1666863,IT,ES,GLASS,HEAVY,0.03,9616.873,3,3,9616.873,0.0,0.0,0.0,0.0,320562.433333
1717632,IT,NL,BUSIN,MEAT4,0.1,9616.872,3,3,9616.872,0.0,0.0,0.0,0.0,96168.72
1653477,IT,CZ,BASIC,CATTL,0.01,9616.838,3,3,9616.838,0.0,0.0,0.0,0.0,961683.8
1671310,IT,FI,ALUM1,CERAM,0.02,9616.119,3,3,9616.119,0.0,0.0,0.0,0.0,480805.95
1676727,IT,FR,RAILW,INTER,0.06,9615.816,3,3,9615.816,0.0,0.0,0.0,0.0,160263.6
1766541,IT,RU,COPP1,PREC1,0.02,9615.628,3,3,9615.628,0.0,0.0,0.0,0.0,480781.4
1672754,IT,FR,MEATC,ELECT,0.03,9615.508,3,3,9615.508,0.0,0.0,0.0,0.0,320516.933333
1647921,IT,BE,REALE,SEACO,0.41,9615.495,3,3,9615.495,0.0,0.0,0.0,0.0,23452.426829
1747309,IT,JP,WHOLE,AIRTR,0.08,9615.237,3,3,9615.237,0.0,0.0,0.0,0.0,120190.4625
1679254,IT,GR,GASDI,KEROS,0.01,9614.688,3,3,9614.688,0.0,0.0,0.0,0.0,961468.8
1729823,IT,SE,OFFIC,FABRI,0.03,9614.578,3,3,9614.578,0.0,0.0,0.0,0.0,320485.933333
1789950,IT,WA,CEMEN,LANDT,0.02,9613.981,3,3,9613.981,0.0,0.0,0.0,0.0,480699.05
1745279,IT,JP,MEATP,SUPPO,0.04,9613.876,3,3,9613.876,0.0,0.0,0.0,0.0,240346.9
1754755,IT,KR,DAIRY,SEACO,0.04,9613.605,3,3,9613.605,0.0,0.0,0.0,0.0,240340.125
1664290,IT,EE,ALUM1,RUBBE,0.02,9613.309,3,3,9613.309,0.0,0.0,0.0,0.0,480665.45
1710496,IT,LT,TRAN2,CHEM1,0.01,9613.223,3,3,9613.223,0.0,0.0,0.0,0.0,961322.3
1813566,IT,WM,WHOLE,NONME,0.08,9613.072,3,3,9613.072,0.0,0.0,0.0,0.0,120163.4
1733102,IT,SI,FABRI,FISH5,0.04,9611.959,3,3,9611.959,0.0,0.0,0.0,0.0,240298.975
1725669,IT,RO,PAPER,KEROS,0.04,9611.566,3,3,9611.566,0.0,0.0,0.0,0.0,240289.15
1777581,IT,TR,ALUM1,NONFE,0.02,9610.913,3,3,9610.913,0.0,0.0,0.0,0.0,480545.65
1799024,IT,WE,TEXTI,NONSP,0.06,9610.663,3,3,9610.663,0.0,0.0,0.0,0.0,160177.716667
1749424,IT,CN,KEROS,FINAN,0.01,9610.47,3,3,9610.47,0.0,0.0,0.0,0.0,961047.0
1793638,IT,WL,DAIRY,CHARC,0.04,9610.316,3,3,9610.316,0.0,0.0,0.0,0.0,240257.9
1678650,IT,GR,MEATC,MEMBE,0.03,9610.082,3,3,9610.082,0.0,0.0,0.0,0.0,320336.066667
1728672,IT,SE,PRINT,LANDT,0.09,9610.039,3,3,9610.039,0.0,0.0,0.0,0.0,106778.211111
1666675,IT,ES,ADDIT,MEMBE,0.02,9609.901,3,3,9609.901,0.0,0.0,0.0,0.0,480495.05
1720710,IT,PL,TRANS,CEREA,0.06,9609.544,3,3,9609.544,0.0,0.0,0.0,0.0,160159.066667
1640925,IT,AT,LEATH,93197,0.07,9609.328,4,4,9609.326,0.0,0.0,0.0,0.002,137276.114286
1646716,IT,BE,FURNI,FOOD2,0.03,9607.617,3,3,9607.617,0.0,0.0,0.0,0.0,320253.9
1682680,IT,HR,KEROS,PLAS2,0.01,9606.707,3,3,9606.707,0.0,0.0,0.0,0.0,960670.7
1682577,IT,HR,MOTOR,FOOD2,0.01,9606.674,3,3,9606.674,0.0,0.0,0.0,0.0,960667.4
1673497,IT,FR,LEATH,ANIMA,0.07,9606.614,4,4,9606.612,0.0,0.0,0.0,0.002,137237.342857
1802061,IT,WE,WHOLE,93197,0.08,9606.588,3,3,9606.588,0.0,0.0,0.0,0.0,120082.35
1721098,IT,PL,HOTEL,SEWAG,0.07,9605.65,3,3,9605.65,0.0,0.0,0.0,0.0,137223.571429
1737028,IT,GB,STONE,FABRI,0.03,9604.998,4,4,9603.998,0.0,0.0,1.0,0.0,320166.6
1718940,IT,PL,PRINT,TRAN1,0.09,9604.235,3,3,9604.235,0.0,0.0,0.0,0.0,106713.722222
1743469,IT,US,WHOLE,RADIO,0.08,9603.63,3,3,9603.63,0.0,0.0,0.0,0.0,120045.375
1806693,IT,WF,WHOLE,FISH5,0.08,9603.51,3,3,9603.51,0.0,0.0,0.0,0.0,120043.875
1796059,IT,WL,TRANS,MEAT1,0.06,9602.631,3,3,9602.631,0.0,0.0,0.0,0.0,160043.85
1763990,IT,MX,ALUM1,CERAM,0.02,9602.11,3,3,9602.11,0.0,0.0,0.0,0.0,480105.5
1659197,IT,DE,CONST,INSUR,0.05,9602.079,3,3,9602.079,0.0,0.0,0.0,0.0,192041.58
1812610,IT,WM,LEAD1,SUPPO,0.02,9602.03,3,3,9602.03,0.0,0.0,0.0,0.0,480101.5
1769178,IT,AU,CHEM1,ELEC4,0.02,9601.801,3,3,9601.801,0.0,0.0,0.0,0.0,480090.05
1797457,IT,WL,RESEA,PFERT,0.05,9601.656,3,3,9601.656,0.0,0.0,0.0,0.0,192033.12
1811208,IT,WM,NAPHT,MEMBE,0.02,9600.868,3,3,9600.868,0.0,0.0,0.0,0.0,480043.4
1651505,IT,CY,NAPHT,CEMEN,0.02,9600.725,3,3,9600.725,0.0,0.0,0.0,0.0,480036.25
1766921,IT,RU,MOTO1,WHEAT,0.05,9600.508,3,3,9600.508,0.0,0.0,0.0,0.0,192010.16
1772746,IT,CH,CEMEN,TRAN2,0.02,9600.035,3,3,9600.035,0.0,0.0,0.0,0.0,480001.75
1788314,IT,WA,LEATH,BLAST,0.07,9599.008,4,4,9599.006,0.0,0.0,0.0,0.002,137128.685714
1678639,IT,GR,MEATC,RETA1,0.03,9598.893,3,3,9598.893,0.0,0.0,0.0,0.0,319963.1
1687921,IT,HU,REALE,BUSIN,0.41,9598.814,3,3,9598.814,0.0,0.0,0.0,0.0,23411.741463
1779610,IT,TR,COMPU,RENTI,0.11,9598.773,3,3,9598.773,0.0,0.0,0.0,0.0,87261.572727
1806890,IT,WF,HOTEL,FURNI,0.07,9598.294,3,3,9598.294,0.0,0.0,0.0,0.0,137118.485714
1779931,IT,TW,CONST,CEMEN,0.05,9598.234,3,3,9598.234,0.0,0.0,0.0,0.0,191964.68
1726443,IT,RO,FABRI,PFERT,0.04,9598.23,3,3,9598.23,0.0,0.0,0.0,0.0,239955.75
1785404,IT,ZA,PAPER,NFERT,0.04,9598.033,3,3,9598.033,0.0,0.0,0.0,0.0,239950.825
1651432,IT,CY,GASDI,MEAT1,0.01,9597.695,3,3,9597.695,0.0,0.0,0.0,0.0,959769.5
1659869,IT,DE,LANDT,INLAN,0.06,9597.681,3,3,9597.681,0.0,0.0,0.0,0.0,159961.35
1686552,IT,HU,ALUM1,ADDIT,0.02,9597.632,3,3,9597.632,0.0,0.0,0.0,0.0,479881.6
1650415,IT,BG,ELEC4,RUBBE,0.15,9597.262,3,3,9597.262,0.0,0.0,0.0,0.0,63981.746667
1731294,IT,SI,VEGE1,RAWMI,0.03,9596.471,4,4,9596.469,0.0,0.0,0.0,0.002,319882.366667
1679758,IT,GR,BASIC,ELEC4,0.01,9596.278,3,3,9596.278,0.0,0.0,0.0,0.0,959627.8
1765630,IT,RU,WOODW,RETA1,0.03,9596.173,3,3,9596.173,0.0,0.0,0.0,0.0,319872.433333
1713342,IT,MT,GASDI,CHEM1,0.01,9596.137,3,3,9596.137,0.0,0.0,0.0,0.0,959613.7
1769334,IT,AU,GLASS,BASIC,0.03,9595.877,3,3,9595.877,0.0,0.0,0.0,0.0,319862.566667
1807265,IT,WF,SUPPO,MEMBE,0.07,9595.383,3,3,9595.383,0.0,0.0,0.0,0.0,137076.9
1713021,IT,MT,MEATC,RESEA,0.03,9595.008,3,3,9595.008,0.0,0.0,0.0,0.0,319833.6
1762068,IT,IN,RETA1,CHEM1,0.1,9594.529,3,3,9594.529,0.0,0.0,0.0,0.0,95945.29
1740713,IT,US,CHEMI,ELEC2,0.02,9594.407,3,3,9594.407,0.0,0.0,0.0,0.0,479720.35
1746105,IT,JP,PRINT,AUXIL,0.09,9593.435,3,3,9593.435,0.0,0.0,0.0,0.0,106593.722222
1763923,IT,MX,BASIC,NFERT,0.01,9592.446,3,3,9592.446,0.0,0.0,0.0,0.0,959244.6
1690507,IT,IE,INERT,WHOLE,0.07,9592.148,3,3,9592.148,0.0,0.0,0.0,0.0,137030.685714
1659695,IT,DE,RAILW,NAPHT,0.06,9591.982,3,3,9591.982,0.0,0.0,0.0,0.0,159866.366667
1678758,IT,GR,SUGA1,WHOLE,0.02,9591.674,4,4,9591.672,0.0,0.0,0.0,0.002,479583.7
1683255,IT,HR,CERAM,RETAI,0.01,9591.512,3,3,9591.512,0.0,0.0,0.0,0.0,959151.2
1790265,IT,WA,PREC1,FOODW,0.02,9591.393,3,3,9591.393,0.0,0.0,0.0,0.0,479569.65
1731606,IT,SI,WEARI,TRANS,0.07,9591.131,4,4,9591.129,0.0,0.0,0.0,0.002,137016.157143
1680978,IT,GR,INLAN,FURNI,0.02,9590.463,3,3,9590.463,0.0,0.0,0.0,0.0,479523.15
1808938,IT,WM,CEREA,NONF1,0.02,9590.094,3,3,9590.094,0.0,0.0,0.0,0.0,479504.7
1786170,IT,ZA,PREC1,PRINT,0.02,9590.003,3,3,9590.003,0.0,0.0,0.0,0.0,479500.15
1650753,IT,BG,HOTEL,INSUR,0.07,9589.821,3,3,9589.821,0.0,0.0,0.0,0.0,136997.442857
1643393,IT,AT,LANDT,IRONO,0.06,9589.53,3,3,9589.53,0.0,0.0,0.0,0.0,159825.5
1777883,IT,TR,MACHI,POULT,0.05,9588.811,3,3,9588.811,0.0,0.0,0.0,0.0,191776.22
1790330,IT,WA,ALUM1,PREC1,0.02,9588.721,3,3,9588.721,0.0,0.0,0.0,0.0,479436.05
1671220,IT,FI,NONME,93197,0.02,9588.673,3,3,9588.673,0.0,0.0,0.0,0.0,479433.65
1662474,IT,DK,ALUM1,SECO9,0.02,9587.926,3,3,9587.926,0.0,0.0,0.0,0.0,479396.3
1723613,IT,PT,FABRI,DISTR,0.04,9587.855,3,3,9587.855,0.0,0.0,0.0,0.0,239696.375
1754183,IT,CA,SUPPO,HOTEL,0.07,9587.732,3,3,9587.732,0.0,0.0,0.0,0.0,136967.6
1804636,IT,WF,HEAVY,ELEC2,0.02,9587.49,3,3,9587.49,0.0,0.0,0.0,0.0,479374.5
1661258,IT,DK,VEGET,RENTI,0.03,9587.472,3,3,9587.472,0.0,0.0,0.0,0.0,319582.4
1802322,IT,WE,TRAN2,SUPPO,0.01,9587.325,3,3,9587.325,0.0,0.0,0.0,0.0,958732.5
1666957,IT,ES,CERAM,ELEC4,0.01,9585.533,3,3,9585.533,0.0,0.0,0.0,0.0,958553.3
1763028,IT,MX,TEXTI,POULT,0.06,9584.616,3,3,9584.616,0.0,0.0,0.0,0.0,159743.6
1761965,IT,IN,FURNI,SUPPO,0.03,9584.613,3,3,9584.613,0.0,0.0,0.0,0.0,319487.1
1667759,IT,ES,OFFIC,VEGE1,0.03,9584.573,3,3,9584.573,0.0,0.0,0.0,0.0,319485.766667
1640343,IT,AT,CHEMI,REALE,0.02,9584.461,3,3,9584.461,0.0,0.0,0.0,0.0,479223.05
1651436,IT,CY,GASDI,BEVER,0.01,9584.45,3,3,9584.45,0.0,0.0,0.0,0.0,958445.0
1722305,IT,PT,CEREA,HOTEL,0.02,9584.358,3,3,9584.358,0.0,0.0,0.0,0.0,479217.9
1729466,IT,SE,ALUM1,COPPE,0.02,9584.068,3,3,9584.068,0.0,0.0,0.0,0.0,479203.4
1764515,IT,MX,CONST,AIRTR,0.05,9583.945,3,3,9583.945,0.0,0.0,0.0,0.0,191678.9
1807600,IT,WF,COMPU,93197,0.11,9583.74,3,3,9583.74,0.0,0.0,0.0,0.0,87124.909091
1665913,IT,ES,COALT,MACHI,0.02,9582.941,3,3,9582.941,0.0,0.0,0.0,0.0,479147.05
1739691,IT,GB,SUPPO,PRINT,0.07,9581.62,3,3,9581.62,0.0,0.0,0.0,0.0,136880.285714
1667196,IT,ES,PREC1,CHEMI,0.02,9581.128,3,3,9581.128,0.0,0.0,0.0,0.0,479056.4
1806199,IT,WF,MACHI,ANTHR,0.05,9580.955,3,3,9580.955,0.0,0.0,0.0,0.0,191619.1
1769375,IT,AU,CERAM,PLAST,0.01,9580.786,3,3,9580.786,0.0,0.0,0.0,0.0,958078.6
1680148,IT,GR,MOTO1,DAIRY,0.05,9580.653,3,3,9580.653,0.0,0.0,0.0,0.0,191613.06
1687895,IT,HU,REALE,MOTO1,0.4,9580.588,3,3,9580.588,0.0,0.0,0.0,0.0,23951.47
1732259,IT,SI,LIQUE,FURNI,0.02,9580.058,3,3,9580.058,0.0,0.0,0.0,0.0,479002.9
1804092,IT,WF,PAPER,PIGS9,0.04,9580.028,3,3,9580.028,0.0,0.0,0.0,0.0,239500.7
1750052,IT,CN,BASIC,BEVER,0.01,9579.505,3,3,9579.505,0.0,0.0,0.0,0.0,957950.5
1683288,IT,HR,BRICK,93197,0.01,9577.959,3,3,9577.959,0.0,0.0,0.0,0.0,957795.9
1780670,IT,TW,AUXIL,FABRI,0.18,9577.766,3,3,9577.766,0.0,0.0,0.0,0.0,53209.811111
1690347,IT,IE,FOOD3,CHEM1,0.03,9577.759,3,3,9577.759,0.0,0.0,0.0,0.0,319258.633333
1651771,IT,CY,OFFIC,RETA1,0.03,9577.68,3,3,9577.68,0.0,0.0,0.0,0.0,319256.0
1757705,IT,BR,HEAVY,WASTE,0.02,9577.297,3,3,9577.297,0.0,0.0,0.0,0.0,478864.85
1769645,IT,AU,FABRI,NONF1,0.04,9577.273,3,3,9577.273,0.0,0.0,0.0,0.0,239431.825
1749256,IT,CN,PAPER,NONF1,0.04,9577.052,3,3,9577.052,0.0,0.0,0.0,0.0,239426.3
1749004,IT,CN,LEATH,LIQUE,0.07,9577.043,4,4,9577.041,0.0,0.0,0.0,0.002,136814.9
1783746,IT,NO,PAPE4,WOODW,0.06,9577.037,3,3,9577.037,0.0,0.0,0.0,0.0,159617.283333
1739341,IT,GB,RAILW,BEVER,0.06,9576.618,3,3,9576.618,0.0,0.0,0.0,0.0,159610.3
1744510,IT,US,REALE,GASDI,0.4,9576.46,3,3,9576.46,0.0,0.0,0.0,0.0,23941.15
1756472,IT,KR,CONST,AUXIL,0.05,9575.976,3,3,9575.976,0.0,0.0,0.0,0.0,191519.52
1799366,IT,WE,PULP5,NATUR,0.03,9575.938,3,3,9575.938,0.0,0.0,0.0,0.0,319197.933333
1646284,IT,BE,COPP1,FOUND,0.02,9575.83,3,3,9575.83,0.0,0.0,0.0,0.0,478791.5
1660995,IT,DE,BUSIN,BLAST,0.1,9575.795,3,3,9575.795,0.0,0.0,0.0,0.0,95757.95
1808436,IT,WF,FOOD4,LEADZ,0.07,9575.682,3,3,9575.682,0.0,0.0,0.0,0.0,136795.457143
1808736,IT,WF,TEXT2,LANDT,0.07,9574.631,3,3,9574.631,0.0,0.0,0.0,0.0,136780.442857
1791328,IT,WA,SALEM,MEATP,0.08,9574.457,3,3,9574.457,0.0,0.0,0.0,0.0,119680.7125
1654891,IT,CZ,POSTT,HEALT,0.16,9574.383,3,3,9574.383,0.0,0.0,0.0,0.0,59839.89375
1727837,IT,RO,BUSIN,TRAN2,0.1,9574.187,3,3,9574.187,0.0,0.0,0.0,0.0,95741.87
1657353,IT,DE,BIODI,OFFIC,0.02,9574.156,3,3,9574.156,0.0,0.0,0.0,0.0,478707.8
1791315,IT,WA,SALEM,VEGET,0.08,9573.328,3,3,9573.328,0.0,0.0,0.0,0.0,119666.6
1802738,IT,WE,RESEA,RADIO,0.05,9572.927,3,3,9572.927,0.0,0.0,0.0,0.0,191458.54
1790271,IT,WA,PREC1,93197,0.02,9572.136,3,3,9572.136,0.0,0.0,0.0,0.0,478606.8
1728091,IT,SE,MEAT4,HEALT,0.05,9572.033,3,3,9572.033,0.0,0.0,0.0,0.0,191440.66
1673415,IT,FR,WEARI,NAPHT,0.07,9571.642,4,4,9571.64,0.0,0.0,0.0,0.002,136737.742857
1754655,IT,KR,SANDC,RUBBE,0.02,9571.588,4,4,9569.588,0.0,0.0,2.0,0.0,478579.4
1685598,IT,HU,PRINT,CONST,0.09,9571.314,3,3,9571.314,0.0,0.0,0.0,0.0,106347.933333
1746637,IT,JP,COPP1,PRINT,0.02,9571.309,3,3,9571.309,0.0,0.0,0.0,0.0,478565.45
1756776,IT,KR,AIRTR,ELEC4,0.01,9570.731,3,3,9570.731,0.0,0.0,0.0,0.0,957073.1
1716602,IT,NL,SALEM,ELEC2,0.08,9570.395,3,3,9570.395,0.0,0.0,0.0,0.0,119629.9375
1785324,IT,ZA,LEATH,FURNI,0.07,9569.801,4,4,9569.799,0.0,0.0,0.0,0.002,136711.442857
1737548,IT,GB,PULP5,VEGE1,0.03,9569.78,3,3,9569.78,0.0,0.0,0.0,0.0,318992.666667
1679319,IT,GR,NAPHT,REFI1,0.02,9568.187,3,3,9568.187,0.0,0.0,0.0,0.0,478409.35
1662493,IT,DK,COPP1,CROPS,0.02,9567.928,3,3,9567.928,0.0,0.0,0.0,0.0,478396.4
1761994,IT,IN,WHOLE,PADDY,0.08,9566.845,3,3,9566.845,0.0,0.0,0.0,0.0,119585.5625
1663918,IT,EE,LEATH,COMPU,0.07,9566.469,4,4,9566.467,0.0,0.0,0.0,0.002,136663.842857
1640773,IT,AT,TEXTI,INSUR,0.06,9566.23,3,3,9566.23,0.0,0.0,0.0,0.0,159437.166667
1777574,IT,TR,PREC1,RESEA,0.02,9566.169,3,3,9566.169,0.0,0.0,0.0,0.0,478308.45
1668782,IT,ES,LANDT,FINAN,0.06,9565.916,3,3,9565.916,0.0,0.0,0.0,0.0,159431.933333
1741663,IT,US,HEAVY,BIODI,0.02,9565.847,3,3,9565.847,0.0,0.0,0.0,0.0,478292.35
1709741,IT,LT,CHEM1,AIRTR,0.02,9565.674,3,3,9565.674,0.0,0.0,0.0,0.0,478283.7
1783280,IT,NO,FOODW,FABRI,0.07,9565.593,3,3,9565.593,0.0,0.0,0.0,0.0,136651.328571
1738747,IT,GB,MACHI,TEXT2,0.05,9565.211,3,3,9565.211,0.0,0.0,0.0,0.0,191304.22
1674467,IT,FR,BIODI,CEMEN,0.02,9565.183,3,3,9565.183,0.0,0.0,0.0,0.0,478259.15
1744056,IT,US,AIRTR,WOOD1,0.01,9565.17,3,3,9565.17,0.0,0.0,0.0,0.0,956517.0
1672273,IT,FI,RENTI,PAPER,0.06,9565.151,3,3,9565.151,0.0,0.0,0.0,0.0,159419.183333
1723812,IT,PT,MOTO1,COPPE,0.05,9564.859,3,3,9564.859,0.0,0.0,0.0,0.0,191297.18
1720767,IT,PL,TRANS,RETAI,0.06,9564.635,3,3,9564.635,0.0,0.0,0.0,0.0,159410.583333
1780251,IT,TW,LANDT,BEVER,0.06,9564.348,3,3,9564.348,0.0,0.0,0.0,0.0,159405.8
1648843,IT,BG,TEXTI,DAIRY,0.06,9564.201,3,3,9564.201,0.0,0.0,0.0,0.0,159403.35
1646145,IT,BE,PREC1,RAILW,0.02,9564.107,3,3,9564.107,0.0,0.0,0.0,0.0,478205.35
1809529,IT,WM,MEAT4,RESEA,0.05,9563.997,3,3,9563.997,0.0,0.0,0.0,0.0,191279.94
1723475,IT,PT,ALUM1,NONF1,0.02,9563.84,3,3,9563.84,0.0,0.0,0.0,0.0,478192.0
1756456,IT,KR,CONST,DISTR,0.05,9563.54,3,3,9563.54,0.0,0.0,0.0,0.0,191270.8
1712296,IT,LV,CHEM1,BUSIN,0.02,9563.429,3,3,9563.429,0.0,0.0,0.0,0.0,478171.45
1769043,IT,AU,KEROS,SEACO,0.01,9563.346,3,3,9563.346,0.0,0.0,0.0,0.0,956334.6
1779546,IT,TR,COMPU,DAIRY,0.11,9563.305,3,3,9563.305,0.0,0.0,0.0,0.0,86939.136364
1756072,IT,KR,FABRI,BIODI,0.04,9563.089,3,3,9563.089,0.0,0.0,0.0,0.0,239077.225
1716402,IT,NL,MACHI,ELEC8,0.05,9562.562,3,3,9562.562,0.0,0.0,0.0,0.0,191251.24
1776455,IT,TR,MOTOR,COALT,0.01,9562.408,3,3,9562.408,0.0,0.0,0.0,0.0,956240.8
1769061,IT,AU,PLAST,PRECI,0.02,9562.319,3,3,9562.319,0.0,0.0,0.0,0.0,478115.95
1789097,IT,WA,BITU1,SUPPO,0.02,9561.798,3,3,9561.798,0.0,0.0,0.0,0.0,478089.9
1776027,IT,TR,TEXTI,BIODI,0.06,9561.397,3,3,9561.397,0.0,0.0,0.0,0.0,159356.616667
1734778,IT,SK,WOODW,ALUM1,0.03,9561.247,3,3,9561.247,0.0,0.0,0.0,0.0,318708.233333
1786939,IT,ZA,POSTT,WOODW,0.16,9560.323,3,3,9560.323,0.0,0.0,0.0,0.0,59752.01875
1663501,IT,DK,RENTI,SALEM,0.06,9560.029,3,3,9560.029,0.0,0.0,0.0,0.0,159333.816667
1650224,IT,BG,FURNI,TEXTI,0.03,9559.716,3,3,9559.716,0.0,0.0,0.0,0.0,318657.2
1645022,IT,BE,PULP5,COMPU,0.03,9559.432,3,3,9559.432,0.0,0.0,0.0,0.0,318647.733333
1727468,IT,RO,AUXIL,WOODW,0.17,9558.573,3,3,9558.573,0.0,0.0,0.0,0.0,56226.9
1787413,IT,WA,FISHF,OFFIC,0.02,9558.411,3,3,9558.411,0.0,0.0,0.0,0.0,477920.55
1755507,IT,KR,CHEM1,MEATC,0.02,9558.385,3,3,9558.385,0.0,0.0,0.0,0.0,477919.25
1738153,IT,GB,GLASS,FOUND,0.03,9557.971,3,3,9557.971,0.0,0.0,0.0,0.0,318599.033333
1643303,IT,AT,RAILW,NONFE,0.06,9557.778,3,3,9557.778,0.0,0.0,0.0,0.0,159296.3
1733593,IT,SI,RETA1,93197,0.1,9557.63,3,3,9557.63,0.0,0.0,0.0,0.0,95576.3
1734096,IT,SI,INSUR,RETA1,0.2,9557.361,3,3,9557.361,0.0,0.0,0.0,0.0,47786.805
1788849,IT,WA,GASDI,LEATH,0.01,9557.067,3,3,9557.067,0.0,0.0,0.0,0.0,955706.7
1744201,IT,US,POSTT,BEVER,0.16,9556.734,3,3,9556.734,0.0,0.0,0.0,0.0,59729.5875
1677007,IT,FR,AIRTR,WASTE,0.01,9556.225,3,3,9556.225,0.0,0.0,0.0,0.0,955622.5
1783245,IT,NO,BUSIN,RECRE,0.1,9556.131,3,3,9556.131,0.0,0.0,0.0,0.0,95561.31
1725273,IT,RO,BEVER,CATTL,0.04,9555.96,3,3,9555.96,0.0,0.0,0.0,0.0,238899.0
1663321,IT,DK,AIRTR,DIST1,0.01,9555.811,3,3,9555.811,0.0,0.0,0.0,0.0,955581.1
1716455,IT,NL,OFFIC,TOBAC,0.03,9555.806,3,3,9555.806,0.0,0.0,0.0,0.0,318526.866667
1709999,IT,LT,ALUM1,BASIC,0.02,9555.287,3,3,9555.287,0.0,0.0,0.0,0.0,477764.35
1814667,IT,WM,PLAS1,FOOD5,0.03,9554.949,3,3,9554.949,0.0,0.0,0.0,0.0,318498.3
1791456,IT,WA,WHOLE,MOTO1,0.08,9554.9,3,3,9554.9,0.0,0.0,0.0,0.0,119436.25
1679181,IT,GR,PRINT,WHOLE,0.09,9554.681,3,3,9554.681,0.0,0.0,0.0,0.0,106163.122222
1689310,IT,IE,RETA1,FISHF,0.1,9554.46,3,3,9554.46,0.0,0.0,0.0,0.0,95544.6
1662320,IT,DK,BASIC,VEGET,0.01,9554.451,3,3,9554.451,0.0,0.0,0.0,0.0,955445.1
1653374,IT,CZ,GLASS,SEWAG,0.03,9554.355,3,3,9554.355,0.0,0.0,0.0,0.0,318478.5
1685931,IT,HU,CHEM1,HEALT,0.02,9554.187,3,3,9554.187,0.0,0.0,0.0,0.0,477709.35
1646630,IT,BE,TRANS,MOTO1,0.06,9554.16,3,3,9554.16,0.0,0.0,0.0,0.0,159236.0
1715019,IT,NL,TEXTI,RAWMI,0.06,9553.913,3,3,9553.913,0.0,0.0,0.0,0.0,159231.883333
1773690,IT,CH,FURNI,ELEC3,0.03,9553.717,3,3,9553.717,0.0,0.0,0.0,0.0,318457.233333
1743383,IT,US,SALEM,ELEC5,0.08,9553.66,3,3,9553.66,0.0,0.0,0.0,0.0,119420.75
1671952,IT,FI,LANDT,PFERT,0.06,9553.259,3,3,9553.259,0.0,0.0,0.0,0.0,159220.983333
1738623,IT,GB,FABRI,WASTE,0.04,9553.248,3,3,9553.248,0.0,0.0,0.0,0.0,238831.2
1681376,IT,GR,AUXIL,LANDT,0.17,9553.156,3,3,9553.156,0.0,0.0,0.0,0.0,56195.035294
1792877,IT,WA,EDUCA,REALE,0.24,9553.038,3,3,9553.038,0.0,0.0,0.0,0.0,39804.325
1801445,IT,WE,MOTO1,NONFE,0.05,9552.797,3,3,9552.797,0.0,0.0,0.0,0.0,191055.94
1755322,IT,KR,PRINT,TOBAC,0.09,9552.785,3,3,9552.785,0.0,0.0,0.0,0.0,106142.055556
1771056,IT,CH,FISHF,TRANS,0.02,9552.764,3,3,9552.764,0.0,0.0,0.0,0.0,477638.2
1665123,IT,ES,DAIRY,MEATC,0.04,9552.476,3,3,9552.476,0.0,0.0,0.0,0.0,238811.9
1664708,IT,EE,AIRTR,RECRE,0.01,9552.238,3,3,9552.238,0.0,0.0,0.0,0.0,955223.8
1768187,IT,RU,PUBLI,AIRTR,0.16,9552.132,3,3,9552.132,0.0,0.0,0.0,0.0,59700.825
1769110,IT,AU,CHEM1,VEGET,0.02,9552.105,3,3,9552.105,0.0,0.0,0.0,0.0,477605.25
1798682,IT,WE,VEGE1,CONST,0.03,9552.045,4,4,9552.043,0.0,0.0,0.0,0.002,318401.5
1745269,IT,JP,MEATP,CHEM1,0.04,9552.016,3,3,9552.016,0.0,0.0,0.0,0.0,238800.4
1754753,IT,KR,DAIRY,WHOLE,0.04,9551.946,3,3,9551.946,0.0,0.0,0.0,0.0,238798.65
1654733,IT,CZ,TRAN2,LANDT,0.01,9551.317,3,3,9551.317,0.0,0.0,0.0,0.0,955131.7
1754196,IT,CA,SUPPO,HEALT,0.07,9550.905,3,3,9550.905,0.0,0.0,0.0,0.0,136441.5
1654533,IT,CZ,HOTEL,ELEC8,0.07,9550.331,3,3,9550.331,0.0,0.0,0.0,0.0,136433.3
1679648,IT,GR,GLASS,COPP1,0.03,9550.146,3,3,9550.146,0.0,0.0,0.0,0.0,318338.2
1808693,IT,WF,INERT,BUSIN,0.07,9549.22,3,3,9549.22,0.0,0.0,0.0,0.0,136417.428571
1755803,IT,KR,CERAM,MEDIC,0.01,9548.706,3,3,9548.706,0.0,0.0,0.0,0.0,954870.6
1797783,IT,WL,OILHA,FISH5,0.05,9548.54,3,3,9548.54,0.0,0.0,0.0,0.0,190970.8
1777573,IT,TR,PREC1,REALE,0.02,9547.492,3,3,9547.492,0.0,0.0,0.0,0.0,477374.6
1747050,IT,JP,FURNI,FOOD5,0.03,9547.45,3,3,9547.45,0.0,0.0,0.0,0.0,318248.333333
1683212,IT,HR,GLASS,93197,0.03,9547.437,3,3,9547.437,0.0,0.0,0.0,0.0,318247.9
1686646,IT,HU,LEAD1,HOTEL,0.02,9547.42,3,3,9547.42,0.0,0.0,0.0,0.0,477371.0
1789571,IT,WA,BIODI,GASDI,0.02,9547.382,3,3,9547.382,0.0,0.0,0.0,0.0,477369.1
1646219,IT,BE,ALUM1,OILHA,0.02,9547.235,3,3,9547.235,0.0,0.0,0.0,0.0,477361.75
1738231,IT,GB,CEMEN,PAPER,0.02,9545.843,3,3,9545.843,0.0,0.0,0.0,0.0,477292.15
1814870,IT,WM,93197,WHOLE,0.06,9545.506,3,3,9545.506,0.0,0.0,0.0,0.0,159091.766667
1756457,IT,KR,CONST,COLLE,0.05,9545.231,3,3,9545.231,0.0,0.0,0.0,0.0,190904.62
1769517,IT,AU,PREC1,FURNI,0.02,9544.983,3,3,9544.983,0.0,0.0,0.0,0.0,477249.15
1736674,IT,SK,INSUR,BUSIN,0.2,9544.924,3,3,9544.924,0.0,0.0,0.0,0.0,47724.62
1760379,IT,IN,VEGE1,VEGE1,0.03,9544.9,4,4,9544.898,0.0,0.0,0.0,0.002,318163.333333
1792685,IT,WA,RESEA,AUXIL,0.05,9544.753,3,3,9544.753,0.0,0.0,0.0,0.0,190895.06
1794389,IT,WL,KEROS,CONST,0.01,9544.403,3,3,9544.403,0.0,0.0,0.0,0.0,954440.3
1731537,IT,SI,TOBAC,PLAST,0.04,9544.351,3,3,9544.351,0.0,0.0,0.0,0.0,238608.775
1658425,IT,DE,FABRI,NFERT,0.04,9544.299,3,3,9544.299,0.0,0.0,0.0,0.0,238607.475
1810222,IT,WM,LEATH,DAIRY,0.07,9543.702,4,4,9543.7,0.0,0.0,0.0,0.002,136338.6
1648591,IT,BG,CHEMI,HOTEL,0.02,9543.632,3,3,9543.632,0.0,0.0,0.0,0.0,477181.6
1685678,IT,HU,HEAVY,STEAM,0.02,9543.457,3,3,9543.457,0.0,0.0,0.0,0.0,477172.85
1801097,IT,WE,COPP1,RESEA,0.02,9543.374,3,3,9543.374,0.0,0.0,0.0,0.0,477168.7
1665826,IT,ES,PRINT,TEXTI,0.09,9543.158,3,3,9543.158,0.0,0.0,0.0,0.0,106035.088889
1771158,IT,CH,MEAT1,PUBLI,0.04,9542.617,3,3,9542.617,0.0,0.0,0.0,0.0,238565.425
1765645,IT,RU,PAPER,WHEAT,0.04,9542.22,3,3,9542.22,0.0,0.0,0.0,0.0,238555.5
1643430,IT,AT,LANDT,PFERT,0.06,9541.492,3,3,9541.492,0.0,0.0,0.0,0.0,159024.866667
1682585,IT,HR,AVIAT,SUPPO,0.02,9541.148,3,3,9541.148,0.0,0.0,0.0,0.0,477057.4
1796302,IT,WL,CONST,RECRE,0.05,9540.821,3,3,9540.821,0.0,0.0,0.0,0.0,190816.42
1649840,IT,BG,ALUM1,ELEC3,0.02,9539.708,3,3,9539.708,0.0,0.0,0.0,0.0,476985.4
1739885,IT,GB,FINAN,RETAI,0.12,9539.49,3,3,9539.49,0.0,0.0,0.0,0.0,79495.75
1791563,IT,WA,RETA1,DISTR,0.1,9538.603,3,3,9538.603,0.0,0.0,0.0,0.0,95386.03
1792640,IT,WA,RESEA,MEAT1,0.05,9538.393,3,3,9538.393,0.0,0.0,0.0,0.0,190767.86
1727070,IT,RO,RAILW,EDUCA,0.06,9538.031,3,3,9538.031,0.0,0.0,0.0,0.0,158967.183333
1660724,IT,DE,RENTI,DIST1,0.06,9537.999,3,3,9537.999,0.0,0.0,0.0,0.0,158966.65
1728377,IT,SE,TEXTI,STEAM,0.06,9537.883,3,3,9537.883,0.0,0.0,0.0,0.0,158964.716667
1710034,IT,LT,COPP1,MOTO1,0.02,9537.507,3,3,9537.507,0.0,0.0,0.0,0.0,476875.35
1661292,IT,DK,FORES,PULP5,0.08,9537.431,4,4,9533.431,0.0,4.0,0.0,0.0,119217.8875
1778632,IT,TR,HOTEL,BIODI,0.07,9537.155,3,3,9537.155,0.0,0.0,0.0,0.0,136245.071429
1732660,IT,SI,GLASS,WASTE,0.03,9536.766,3,3,9536.766,0.0,0.0,0.0,0.0,317892.2
1647500,IT,BE,SUPPO,REFI1,0.07,9536.604,3,3,9536.604,0.0,0.0,0.0,0.0,136237.2
1744442,IT,US,AUXIL,MEDIC,0.17,9536.314,3,3,9536.314,0.0,0.0,0.0,0.0,56095.964706
1742294,IT,US,CEMEN,NATU1,0.02,9535.949,3,3,9535.949,0.0,0.0,0.0,0.0,476797.45
1642195,IT,AT,CEMEN,MOTOR,0.02,9535.408,3,3,9535.408,0.0,0.0,0.0,0.0,476770.4
1734760,IT,SK,WOODW,FOOD5,0.03,9535.378,3,3,9535.378,0.0,0.0,0.0,0.0,317845.933333
1718562,IT,PL,WEARI,HOTEL,0.07,9535.359,4,4,9535.357,0.0,0.0,0.0,0.002,136219.414286
1660028,IT,DE,INLAN,FOOD2,0.02,9535.051,3,3,9535.051,0.0,0.0,0.0,0.0,476752.55
1722042,IT,PL,RESEA,EDUCA,0.05,9534.747,3,3,9534.747,0.0,0.0,0.0,0.0,190694.94
1686638,IT,HU,LEAD1,ELEC4,0.02,9534.715,3,3,9534.715,0.0,0.0,0.0,0.0,476735.75
1772350,IT,CH,PLAST,RECRE,0.02,9534.625,3,3,9534.625,0.0,0.0,0.0,0.0,476731.25
1668238,IT,ES,RETAI,FOOD2,0.07,9534.333,3,3,9534.333,0.0,0.0,0.0,0.0,136204.757143
1666670,IT,ES,ADDIT,RESEA,0.02,9534.088,3,3,9534.088,0.0,0.0,0.0,0.0,476704.4
1787380,IT,WA,FORES,PRECI,0.08,9534.007,4,4,9530.007,0.0,4.0,0.0,0.0,119175.0875
1684161,IT,HR,LANDT,BASIC,0.06,9533.665,3,3,9533.665,0.0,0.0,0.0,0.0,158894.416667
1737339,IT,GB,BEVER,TRANS,0.04,9533.404,3,3,9533.404,0.0,0.0,0.0,0.0,238335.1
1728532,IT,SE,WOODW,RECRE,0.03,9532.326,3,3,9532.326,0.0,0.0,0.0,0.0,317744.2
1680257,IT,GR,TRANS,HEALT,0.06,9532.302,3,3,9532.302,0.0,0.0,0.0,0.0,158871.7
1714368,IT,MT,PRIVA,HOTEL,2.13,9531.613,4,4,9531.611,0.0,0.0,0.0,0.002,4474.935681
1642281,IT,AT,NONME,TRAN2,0.02,9531.448,3,3,9531.448,0.0,0.0,0.0,0.0,476572.4
1801448,IT,WE,MOTO1,CHEMI,0.05,9531.375,3,3,9531.375,0.0,0.0,0.0,0.0,190627.5
1800402,IT,WE,CHEM1,REALE,0.02,9530.913,3,3,9530.913,0.0,0.0,0.0,0.0,476545.65
1715853,IT,NL,RUBBE,SECO9,0.03,9530.86,3,3,9530.86,0.0,0.0,0.0,0.0,317695.333333
1746749,IT,JP,FABRI,93197,0.04,9530.712,3,3,9530.712,0.0,0.0,0.0,0.0,238267.8
1715354,IT,NL,PRINT,PAPER,0.09,9530.049,3,3,9530.049,0.0,0.0,0.0,0.0,105889.433333
1809605,IT,WM,VEGE1,MEMBE,0.03,9530.012,4,4,9530.01,0.0,0.0,0.0,0.002,317667.066667
1754919,IT,KR,TEXTI,PROCE,0.06,9529.877,3,3,9529.877,0.0,0.0,0.0,0.0,158831.283333
1730300,IT,SE,AIRTR,FORES,0.01,9529.635,3,3,9529.635,0.0,0.0,0.0,0.0,952963.5
1756075,IT,KR,FABRI,CERAM,0.04,9529.389,3,3,9529.389,0.0,0.0,0.0,0.0,238234.725
1744588,IT,US,RENTI,FISHF,0.06,9527.666,3,3,9527.666,0.0,0.0,0.0,0.0,158794.433333
1676305,IT,FR,RETAI,PIGS9,0.07,9527.634,3,3,9527.634,0.0,0.0,0.0,0.0,136109.057143
1666942,IT,ES,CERAM,GLASS,0.01,9526.162,3,3,9526.162,0.0,0.0,0.0,0.0,952616.2
1715889,IT,NL,RUBBE,INTER,0.03,9526.066,3,3,9526.066,0.0,0.0,0.0,0.0,317535.533333
1730211,IT,SE,LANDT,POSTT,0.06,9525.982,3,3,9525.982,0.0,0.0,0.0,0.0,158766.366667
1664014,IT,EE,MOTOR,LANDT,0.01,9525.891,3,3,9525.891,0.0,0.0,0.0,0.0,952589.1
1813272,IT,WM,TRANS,FOUND,0.06,9524.765,3,3,9524.765,0.0,0.0,0.0,0.0,158746.083333
1651015,IT,BG,SUPPO,MEMBE,0.07,9524.273,3,3,9524.273,0.0,0.0,0.0,0.0,136061.042857
1801007,IT,WE,ALUM1,PRIVA,0.02,9524.252,3,3,9524.252,0.0,0.0,0.0,0.0,476212.6
1684362,IT,HR,SUPPO,PUBLI,0.07,9524.171,3,3,9524.171,0.0,0.0,0.0,0.0,136059.585714
1752394,IT,CA,VEGE1,BEVER,0.03,9523.839,4,4,9523.837,0.0,0.0,0.0,0.002,317461.3
1725754,IT,RO,PRINT,PRINT,0.09,9523.645,3,3,9523.645,0.0,0.0,0.0,0.0,105818.277778
1669705,IT,ES,COMPU,INSUR,0.11,9523.31,3,3,9523.31,0.0,0.0,0.0,0.0,86575.545455
1760339,IT,IN,SANDC,GLASS,0.02,9523.17,4,4,9521.17,0.0,0.0,2.0,0.0,476158.5
1746537,IT,JP,NONME,OFFIC,0.02,9522.967,3,3,9522.967,0.0,0.0,0.0,0.0,476148.35
1799020,IT,WE,TEXTI,HEAVY,0.06,9522.917,3,3,9522.917,0.0,0.0,0.0,0.0,158715.283333
1787371,IT,WA,WOOLS,NONF1,0.04,9522.74,3,3,9522.74,0.0,0.0,0.0,0.0,238068.5
1682586,IT,HR,AVIAT,PUBLI,0.02,9522.585,3,3,9522.585,0.0,0.0,0.0,0.0,476129.25
1733204,IT,SI,MACHI,PLAST,0.05,9522.578,3,3,9522.578,0.0,0.0,0.0,0.0,190451.56
1741069,IT,US,TEXTI,ELEC2,0.06,9521.687,3,3,9521.687,0.0,0.0,0.0,0.0,158694.783333
1676580,IT,FR,HOTEL,LIQUI,0.07,9520.836,3,3,9520.836,0.0,0.0,0.0,0.0,136011.942857
1717867,IT,PL,VEGET,ELEC2,0.03,9520.103,3,3,9520.103,0.0,0.0,0.0,0.0,317336.766667
1753907,IT,CA,RAILW,MACHI,0.06,9519.534,3,3,9519.534,0.0,0.0,0.0,0.0,158658.9
1651362,IT,CY,PAPER,RETAI,0.04,9519.31,3,3,9519.31,0.0,0.0,0.0,0.0,237982.75
1741614,IT,US,GASDI,INERT,0.01,9519.067,3,3,9519.067,0.0,0.0,0.0,0.0,951906.7
1665529,IT,ES,WEARI,OILHA,0.07,9519.027,4,4,9519.025,0.0,0.0,0.0,0.002,135986.1
1786499,IT,ZA,MOTO1,HEALT,0.05,9518.523,3,3,9518.523,0.0,0.0,0.0,0.0,190370.46
1756447,IT,KR,CONST,ELECT,0.05,9517.899,3,3,9517.899,0.0,0.0,0.0,0.0,190357.98
1776698,IT,TR,HEAVY,COLLE,0.02,9517.415,3,3,9517.415,0.0,0.0,0.0,0.0,475870.75
1642989,IT,AT,CONST,POULT,0.05,9517.383,3,3,9517.383,0.0,0.0,0.0,0.0,190347.66
1714063,IT,MT,HOTEL,93197,0.07,9516.378,3,3,9516.378,0.0,0.0,0.0,0.0,135948.257143
1797173,IT,WL,POSTT,AIRTR,0.16,9516.249,3,3,9516.249,0.0,0.0,0.0,0.0,59476.55625
1644465,IT,BE,VEGE1,MEDIC,0.03,9515.798,4,4,9515.796,0.0,0.0,0.0,0.002,317193.266667
1750728,IT,CN,MOTO1,93197,0.05,9515.655,3,3,9515.655,0.0,0.0,0.0,0.0,190313.1
1660690,IT,DE,RENTI,FISH5,0.06,9515.23,3,3,9515.23,0.0,0.0,0.0,0.0,158587.166667
1763741,IT,MX,GLASS,LEATH,0.03,9515.065,3,3,9515.065,0.0,0.0,0.0,0.0,317168.833333
1770855,IT,AU,BUSIN,RUBBE,0.1,9514.905,3,3,9514.905,0.0,0.0,0.0,0.0,95149.05
1728803,IT,SE,NAPHT,RADIO,0.02,9514.224,3,3,9514.224,0.0,0.0,0.0,0.0,475711.2
1812119,IT,WM,BRICK,FOOD5,0.01,9514.126,3,3,9514.126,0.0,0.0,0.0,0.0,951412.6
1662015,IT,DK,PLAST,CEMEN,0.02,9513.89,3,3,9513.89,0.0,0.0,0.0,0.0,475694.5
1648622,IT,BG,MEAT4,RETA1,0.05,9513.584,3,3,9513.584,0.0,0.0,0.0,0.0,190271.68
1810388,IT,WM,WOODW,FOOD4,0.03,9512.699,3,3,9512.699,0.0,0.0,0.0,0.0,317089.966667
1677418,IT,FR,INSUR,DIST1,0.2,9512.679,3,3,9512.679,0.0,0.0,0.0,0.0,47563.395
1744449,IT,US,AUXIL,TRAN1,0.17,9512.05,3,3,9512.05,0.0,0.0,0.0,0.0,55953.235294
1643915,IT,AT,REALE,PUBLI,0.4,9511.794,3,3,9511.794,0.0,0.0,0.0,0.0,23779.485
1764098,IT,MX,FABRI,NAPHT,0.04,9511.378,3,3,9511.378,0.0,0.0,0.0,0.0,237784.45
1724617,IT,PT,FINAN,DISTR,0.12,9511.372,3,3,9511.372,0.0,0.0,0.0,0.0,79261.433333
1658421,IT,DE,FABRI,LUBRI,0.04,9511.253,3,3,9511.253,0.0,0.0,0.0,0.0,237781.325
1674102,IT,FR,HEAVY,MEAT1,0.02,9510.801,3,3,9510.801,0.0,0.0,0.0,0.0,475540.05
1684582,IT,HR,BUSIN,RESEA,0.1,9510.666,3,3,9510.666,0.0,0.0,0.0,0.0,95106.66
1658719,IT,DE,OFFIC,ELEC8,0.03,9510.502,3,3,9510.502,0.0,0.0,0.0,0.0,317016.733333
1785292,IT,ZA,WEARI,POSTT,0.07,9510.409,4,4,9510.407,0.0,0.0,0.0,0.002,135862.985714
1652659,IT,CZ,WOODW,RENTI,0.03,9510.0,3,3,9510.0,0.0,0.0,0.0,0.0,317000.0
1811331,IT,WM,BITU1,RAILW,0.01,9509.892,3,3,9509.892,0.0,0.0,0.0,0.0,950989.2
1654667,IT,CZ,LANDT,LEAD1,0.06,9509.799,3,3,9509.799,0.0,0.0,0.0,0.0,158496.65
1717993,IT,PL,SANDC,RESEA,0.02,9509.792,4,4,9507.792,0.0,0.0,2.0,0.0,475489.6
1729259,IT,SE,BRICK,BUSIN,0.01,9509.012,3,3,9509.012,0.0,0.0,0.0,0.0,950901.2
1781109,IT,TW,PUBLI,INSUR,0.16,9507.758,3,3,9507.758,0.0,0.0,0.0,0.0,59423.4875
1649900,IT,BG,FABRI,MEATC,0.04,9507.628,3,3,9507.628,0.0,0.0,0.0,0.0,237690.7
1766970,IT,RU,MOTO1,ELEC2,0.05,9507.161,3,3,9507.161,0.0,0.0,0.0,0.0,190143.22
1674457,IT,FR,BIODI,PIGS9,0.02,9506.92,3,3,9506.92,0.0,0.0,0.0,0.0,475346.0
1645700,IT,BE,ADDIT,WHITE,0.02,9506.585,3,3,9506.585,0.0,0.0,0.0,0.0,475329.25
1710262,IT,LT,MOTO1,ELECT,0.05,9506.542,3,3,9506.542,0.0,0.0,0.0,0.0,190130.84
1683438,IT,HR,BASIC,RENTI,0.01,9506.144,3,3,9506.144,0.0,0.0,0.0,0.0,950614.4
1726893,IT,RO,RETA1,FINAN,0.1,9505.687,3,3,9505.687,0.0,0.0,0.0,0.0,95056.87
1733706,IT,SI,RAILW,LANDT,0.06,9505.68,3,3,9505.68,0.0,0.0,0.0,0.0,158428.0
1749609,IT,CN,CHEM1,CROPS,0.02,9505.613,3,3,9505.613,0.0,0.0,0.0,0.0,475280.65
1709612,IT,LT,PAPER,HOTEL,0.04,9505.505,3,3,9505.505,0.0,0.0,0.0,0.0,237637.625
1785772,IT,ZA,PLAST,SECO9,0.02,9505.134,3,3,9505.134,0.0,0.0,0.0,0.0,475256.7
1763644,IT,MX,RUBBE,STONE,0.03,9504.477,3,3,9504.477,0.0,0.0,0.0,0.0,316815.9
1689326,IT,IE,RETA1,TEXTI,0.1,9504.417,3,3,9504.417,0.0,0.0,0.0,0.0,95044.17
1661742,IT,DK,LEATH,FISH5,0.07,9503.655,4,4,9503.653,0.0,0.0,0.0,0.002,135766.5
1723757,IT,PT,OFFIC,FORES,0.03,9503.209,3,3,9503.209,0.0,0.0,0.0,0.0,316773.633333
1682220,IT,HR,WEARI,INLAN,0.07,9503.134,4,4,9503.132,0.0,0.0,0.0,0.002,135759.057143
1724308,IT,PT,LANDT,POSTT,0.06,9503.116,3,3,9503.116,0.0,0.0,0.0,0.0,158385.266667
1641450,IT,AT,GASDI,ELEC4,0.01,9502.151,3,3,9502.151,0.0,0.0,0.0,0.0,950215.1
1782703,IT,NO,RETA1,CRUDE,0.1,9502.002,3,3,9502.002,0.0,0.0,0.0,0.0,95020.02
1761862,IT,IN,MOTO1,EDUCA,0.05,9501.558,3,3,9501.558,0.0,0.0,0.0,0.0,190031.16
1717972,IT,PL,SANDC,ALUM1,0.02,9499.273,4,4,9497.273,0.0,0.0,2.0,0.0,474963.65
1757872,IT,BR,CHEM1,REFIN,0.02,9499.231,3,3,9499.231,0.0,0.0,0.0,0.0,474961.55
1735364,IT,SK,NONME,GLASS,0.02,9498.875,3,3,9498.875,0.0,0.0,0.0,0.0,474943.75
1686305,IT,HU,NONME,CROPS,0.02,9498.44,3,3,9498.44,0.0,0.0,0.0,0.0,474922.0
1763844,IT,MX,NONME,LEATH,0.02,9498.4,3,3,9498.4,0.0,0.0,0.0,0.0,474920.0
1719115,IT,PL,PLAST,VEGET,0.02,9498.384,3,3,9498.384,0.0,0.0,0.0,0.0,474919.2
1794502,IT,WL,GASDI,AIRTR,0.01,9498.246,3,3,9498.246,0.0,0.0,0.0,0.0,949824.6
1785913,IT,ZA,RUBBE,COPPE,0.03,9498.115,3,3,9498.115,0.0,0.0,0.0,0.0,316603.833333
1806141,IT,WF,FABRI,NONF1,0.04,9497.263,3,3,9497.263,0.0,0.0,0.0,0.0,237431.575
1743843,IT,US,TRAN2,MACHI,0.01,9497.015,3,3,9497.015,0.0,0.0,0.0,0.0,949701.5
1642690,IT,AT,MACHI,WHEAT,0.05,9496.505,3,3,9496.505,0.0,0.0,0.0,0.0,189930.1
1658915,IT,DE,FURNI,FOUND,0.03,9496.4,3,3,9496.4,0.0,0.0,0.0,0.0,316546.666667
1738106,IT,GB,RUBBE,PAPE4,0.03,9496.233,3,3,9496.233,0.0,0.0,0.0,0.0,316541.1
1758369,IT,BR,FABRI,PROCE,0.04,9495.496,3,3,9495.496,0.0,0.0,0.0,0.0,237387.4
1642228,IT,AT,NONME,RAWMI,0.02,9495.251,3,3,9495.251,0.0,0.0,0.0,0.0,474762.55
1781663,IT,NO,LEATH,SALEM,0.07,9494.263,4,4,9494.261,0.0,0.0,0.0,0.002,135632.328571
1814188,IT,WM,SUPPO,PLAST,0.07,9494.129,3,3,9494.129,0.0,0.0,0.0,0.0,135630.414286
1682315,IT,HR,WOODW,NATUR,0.03,9494.128,3,3,9494.128,0.0,0.0,0.0,0.0,316470.933333
1710698,IT,LU,FOOD5,CATTL,0.05,9493.957,3,3,9493.957,0.0,0.0,0.0,0.0,189879.14
1764744,IT,MX,HOTEL,ELE11,0.07,9493.553,3,3,9493.553,0.0,0.0,0.0,0.0,135622.185714
1747849,IT,JP,RENTI,FOOD5,0.06,9493.403,3,3,9493.403,0.0,0.0,0.0,0.0,158223.383333
1802420,IT,WE,AIRTR,FABRI,0.01,9493.046,3,3,9493.046,0.0,0.0,0.0,0.0,949304.6
1742470,IT,US,BASIC,NFERT,0.01,9492.739,3,3,9492.739,0.0,0.0,0.0,0.0,949273.9
1654198,IT,CZ,MOTO1,POSTT,0.05,9492.301,3,3,9492.301,0.0,0.0,0.0,0.0,189846.02
1642409,IT,AT,PREC1,RENTI,0.02,9492.045,3,3,9492.045,0.0,0.0,0.0,0.0,474602.25
1744859,IT,US,BUSIN,OILSE,0.1,9491.716,3,3,9491.716,0.0,0.0,0.0,0.0,94917.16
1808103,IT,WF,WOOD1,COPPE,0.06,9491.707,3,3,9491.707,0.0,0.0,0.0,0.0,158195.116667
1681245,IT,GR,FINAN,CHEM1,0.12,9491.461,3,3,9491.461,0.0,0.0,0.0,0.0,79095.508333
1798217,IT,WE,VEGET,HEAVY,0.03,9491.171,3,3,9491.171,0.0,0.0,0.0,0.0,316372.366667
1758219,IT,BR,BASIC,BIOGA,0.01,9490.935,3,3,9490.935,0.0,0.0,0.0,0.0,949093.5
1641410,IT,AT,GASDI,MEATA,0.01,9490.707,3,3,9490.707,0.0,0.0,0.0,0.0,949070.7
1783476,IT,NO,WOOD1,NONF1,0.06,9490.481,3,3,9490.481,0.0,0.0,0.0,0.0,158174.683333
1737042,IT,GB,STONE,MEMBE,0.03,9490.467,4,4,9489.467,0.0,0.0,1.0,0.0,316348.9
1683552,IT,HR,LEAD1,PRINT,0.02,9490.458,3,3,9490.458,0.0,0.0,0.0,0.0,474522.9
1782775,IT,NO,HOTEL,KEROS,0.07,9490.43,3,3,9490.43,0.0,0.0,0.0,0.0,135577.571429
1737556,IT,GB,PULP5,CHEM1,0.03,9490.089,3,3,9490.089,0.0,0.0,0.0,0.0,316336.3
1800335,IT,WE,CHEM1,BITUM,0.02,9489.94,3,3,9489.94,0.0,0.0,0.0,0.0,474497.0
1682053,IT,HR,FISH5,WEARI,0.04,9489.214,4,4,9489.209,0.0,0.0,0.0,0.005,237230.35
1712523,IT,LV,FABRI,SALEM,0.04,9489.081,3,3,9489.081,0.0,0.0,0.0,0.0,237227.025
1784481,IT,ID,FABRI,PADDY,0.04,9489.056,3,3,9489.056,0.0,0.0,0.0,0.0,237226.4
1800333,IT,WE,CHEM1,FORES,0.02,9488.796,3,3,9488.796,0.0,0.0,0.0,0.0,474439.8
1683237,IT,HR,CERAM,BRICK,0.01,9488.794,3,3,9488.794,0.0,0.0,0.0,0.0,948879.4
1671948,IT,FI,LANDT,REFI1,0.06,9488.539,3,3,9488.539,0.0,0.0,0.0,0.0,158142.316667
1723978,IT,PT,SALEM,HOTEL,0.08,9488.228,3,3,9488.228,0.0,0.0,0.0,0.0,118602.85
1726899,IT,RO,RETA1,PUBLI,0.1,9488.087,3,3,9488.087,0.0,0.0,0.0,0.0,94880.87
1746044,IT,JP,PAPER,RENTI,0.04,9488.055,3,3,9488.055,0.0,0.0,0.0,0.0,237201.375
1791034,IT,WA,TRANS,PIGS9,0.06,9487.681,3,3,9487.681,0.0,0.0,0.0,0.0,158128.016667
1726621,IT,RO,MOTO1,LEAD1,0.05,9487.577,3,3,9487.577,0.0,0.0,0.0,0.0,189751.54
1790374,IT,WA,LEAD1,NONFE,0.02,9487.329,3,3,9487.329,0.0,0.0,0.0,0.0,474366.45
1679039,IT,GR,WOODW,BRICK,0.03,9487.011,3,3,9487.011,0.0,0.0,0.0,0.0,316233.7
1804300,IT,WF,MOTOR,LUBRI,0.01,9486.684,3,3,9486.684,0.0,0.0,0.0,0.0,948668.4
1684477,IT,HR,RENTI,RENTI,0.06,9486.242,3,3,9486.242,0.0,0.0,0.0,0.0,158104.033333
1750900,IT,CN,CONST,WEARI,0.05,9486.038,3,3,9486.038,0.0,0.0,0.0,0.0,189720.76
1688283,IT,IE,WOOLS,CATTL,0.04,9485.371,3,3,9485.371,0.0,0.0,0.0,0.0,237134.275
1774987,IT,CH,AUXIL,AUXIL,0.17,9485.331,3,3,9485.331,0.0,0.0,0.0,0.0,55796.064706
1775911,IT,TR,FOOD5,ANIMA,0.05,9485.032,3,3,9485.032,0.0,0.0,0.0,0.0,189700.64
1746020,IT,JP,PAPER,MEDIC,0.04,9484.738,3,3,9484.738,0.0,0.0,0.0,0.0,237118.45
1659183,IT,DE,CONST,TRAN1,0.05,9484.533,3,3,9484.533,0.0,0.0,0.0,0.0,189690.66
1728037,IT,SE,CHEMI,REALE,0.02,9484.497,3,3,9484.497,0.0,0.0,0.0,0.0,474224.85
1797847,IT,WL,FOOD2,HOTEL,0.06,9484.47,3,3,9484.47,0.0,0.0,0.0,0.0,158074.5
1720573,IT,PL,OFFIC,AIRTR,0.03,9484.442,3,3,9484.442,0.0,0.0,0.0,0.0,316148.066667
1767418,IT,RU,LANDT,FOUND,0.06,9484.427,3,3,9484.427,0.0,0.0,0.0,0.0,158073.783333
1674674,IT,FR,GLASS,NFERT,0.03,9484.356,3,3,9484.356,0.0,0.0,0.0,0.0,316145.2
1645273,IT,BE,MOTOR,TRANS,0.01,9484.247,3,3,9484.247,0.0,0.0,0.0,0.0,948424.7
1719052,IT,PL,LIQUE,CERAM,0.02,9483.887,3,3,9483.887,0.0,0.0,0.0,0.0,474194.35
1645408,IT,BE,LIQUE,FOOD5,0.02,9483.713,3,3,9483.713,0.0,0.0,0.0,0.0,474185.65
1642701,IT,AT,MACHI,IRONO,0.05,9482.453,3,3,9482.453,0.0,0.0,0.0,0.0,189649.06
1753846,IT,CA,WHOLE,COMPU,0.08,9481.585,3,3,9481.585,0.0,0.0,0.0,0.0,118519.8125
1798759,IT,WE,FOOD5,COPPE,0.05,9481.554,3,3,9481.554,0.0,0.0,0.0,0.0,189631.08
1662129,IT,DK,RUBBE,VEGE1,0.03,9481.442,3,3,9481.442,0.0,0.0,0.0,0.0,316048.066667
1729884,IT,SE,TRANS,CONST,0.06,9481.379,3,3,9481.379,0.0,0.0,0.0,0.0,158022.983333
1784455,IT,ID,ALUM1,WOODW,0.02,9480.555,3,3,9480.555,0.0,0.0,0.0,0.0,474027.75
1759252,IT,BR,POSTT,GASDI,0.16,9480.528,3,3,9480.528,0.0,0.0,0.0,0.0,59253.3
1648630,IT,BG,VEGE1,MEATC,0.03,9480.521,4,4,9480.519,0.0,0.0,0.0,0.002,316017.366667
1724477,IT,PT,SUPPO,CONST,0.07,9480.425,3,3,9480.425,0.0,0.0,0.0,0.0,135434.642857
1666665,IT,ES,ADDIT,FINAN,0.02,9480.329,3,3,9480.329,0.0,0.0,0.0,0.0,474016.45
1736925,IT,SK,EDUCA,EDUCA,0.24,9480.313,3,3,9480.313,0.0,0.0,0.0,0.0,39501.304167
1808015,IT,WF,INTER,LEADZ,0.06,9480.276,3,3,9480.276,0.0,0.0,0.0,0.0,158004.6
1666986,IT,ES,BRICK,CEMEN,0.01,9480.059,3,3,9480.059,0.0,0.0,0.0,0.0,948005.9
1749528,IT,CN,NONSP,PARAF,0.01,9480.053,3,3,9480.053,0.0,0.0,0.0,0.0,948005.3
1785028,IT,ID,BUSIN,MACHI,0.1,9479.66,3,3,9479.66,0.0,0.0,0.0,0.0,94796.6
1724601,IT,PT,FINAN,CEMEN,0.12,9479.564,3,3,9479.564,0.0,0.0,0.0,0.0,78996.366667
1736334,IT,SK,RAILW,RUBBE,0.06,9479.469,3,3,9479.469,0.0,0.0,0.0,0.0,157991.15
1659257,IT,DE,SALEM,ELEC3,0.08,9479.366,3,3,9479.366,0.0,0.0,0.0,0.0,118492.075
1751674,IT,CN,INSUR,FISHF,0.2,9479.096,3,3,9479.096,0.0,0.0,0.0,0.0,47395.48
1779150,IT,TR,POSTT,STONE,0.16,9479.059,3,3,9479.059,0.0,0.0,0.0,0.0,59244.11875
1737766,IT,GB,HEAVY,POSTT,0.02,9478.027,3,3,9478.027,0.0,0.0,0.0,0.0,473901.35
1777662,IT,TR,LEAD1,FURNI,0.02,9477.994,3,3,9477.994,0.0,0.0,0.0,0.0,473899.7
1650594,IT,BG,ELEC8,COPP1,0.13,9477.876,3,3,9477.876,0.0,0.0,0.0,0.0,72906.738462
1747321,IT,JP,WHOLE,EDUCA,0.08,9477.272,3,3,9477.272,0.0,0.0,0.0,0.0,118465.9
1804437,IT,WF,KERO1,RECRE,0.01,9477.222,3,3,9477.222,0.0,0.0,0.0,0.0,947722.2
1814280,IT,WM,POSTT,TRAN2,0.16,9477.063,3,3,9477.063,0.0,0.0,0.0,0.0,59231.64375
1656408,IT,DE,WOODW,FINAN,0.03,9476.922,3,3,9476.922,0.0,0.0,0.0,0.0,315897.4
1763896,IT,MX,BASIC,POULT,0.01,9476.827,3,3,9476.827,0.0,0.0,0.0,0.0,947682.7
1799215,IT,WE,LEATH,BKBPE,0.07,9476.755,4,4,9476.753,0.0,0.0,0.0,0.002,135382.214286
1644859,IT,BE,WEARI,MOTO1,0.07,9476.635,4,4,9476.633,0.0,0.0,0.0,0.002,135380.5
1800705,IT,WE,CEMEN,GASDI,0.02,9476.535,3,3,9476.535,0.0,0.0,0.0,0.0,473826.75
1690503,IT,IE,INERT,WOODW,0.07,9475.675,3,3,9475.675,0.0,0.0,0.0,0.0,135366.785714
1762585,IT,IN,AUXIL,OFFIC,0.17,9475.21,3,3,9475.21,0.0,0.0,0.0,0.0,55736.529412
1800270,IT,WE,PLAST,ELEC5,0.02,9475.202,3,3,9475.202,0.0,0.0,0.0,0.0,473760.1
1670753,IT,FI,PAPER,FINAN,0.04,9475.055,3,3,9475.055,0.0,0.0,0.0,0.0,236876.375
1724398,IT,PT,INLAN,RETA1,0.02,9474.364,3,3,9474.364,0.0,0.0,0.0,0.0,473718.2
1779366,IT,TR,INSUR,PUBLI,0.2,9474.125,3,3,9474.125,0.0,0.0,0.0,0.0,47370.625
1744086,IT,US,SUPPO,MEATP,0.07,9473.74,3,3,9473.74,0.0,0.0,0.0,0.0,135339.142857
1761005,IT,IN,NONSP,ELEC1,0.01,9473.267,3,3,9473.267,0.0,0.0,0.0,0.0,947326.7
1782275,IT,NO,LEAD1,BASIC,0.02,9473.21,3,3,9473.21,0.0,0.0,0.0,0.0,473660.5
1761362,IT,IN,CERAM,CHEM1,0.01,9473.189,3,3,9473.189,0.0,0.0,0.0,0.0,947318.9
1658697,IT,DE,OFFIC,CERAM,0.03,9472.332,3,3,9472.332,0.0,0.0,0.0,0.0,315744.4
1723647,IT,PT,FABRI,PAPE4,0.04,9471.862,3,3,9471.862,0.0,0.0,0.0,0.0,236796.55
1730778,IT,SE,BUSIN,LIQUI,0.1,9471.625,3,3,9471.625,0.0,0.0,0.0,0.0,94716.25
1793013,IT,WA,FOOD3,CHARC,0.03,9470.635,3,3,9470.635,0.0,0.0,0.0,0.0,315687.833333
1725480,IT,RO,WEARI,TRAN1,0.07,9470.622,4,4,9470.62,0.0,0.0,0.0,0.002,135294.6
1722945,IT,PT,HEAVY,DAIRY,0.02,9470.442,3,3,9470.442,0.0,0.0,0.0,0.0,473522.1
1799043,IT,WE,TEXTI,NONF1,0.06,9470.306,3,3,9470.306,0.0,0.0,0.0,0.0,157838.433333
1662202,IT,DK,GLASS,FORES,0.03,9469.454,3,3,9469.454,0.0,0.0,0.0,0.0,315648.466667
1754742,IT,KR,DAIRY,MACHI,0.04,9468.847,3,3,9468.847,0.0,0.0,0.0,0.0,236721.175
1734933,IT,SK,KEROS,CEREA,0.01,9468.494,3,3,9468.494,0.0,0.0,0.0,0.0,946849.4
1781330,IT,NO,VEGE1,COMPU,0.03,9468.394,4,4,9468.392,0.0,0.0,0.0,0.002,315613.133333
1805870,IT,WF,ALUM1,NONSP,0.02,9468.299,3,3,9468.299,0.0,0.0,0.0,0.0,473414.95
1775023,IT,CH,RENTI,CATTL,0.06,9468.088,3,3,9468.088,0.0,0.0,0.0,0.0,157801.466667
1814695,IT,WM,PLAS1,EDUCA,0.03,9468.071,3,3,9468.071,0.0,0.0,0.0,0.0,315602.366667
1761067,IT,IN,PLAST,RETA1,0.02,9467.827,3,3,9467.827,0.0,0.0,0.0,0.0,473391.35
1807221,IT,WF,SUPPO,COPPE,0.07,9467.821,3,3,9467.821,0.0,0.0,0.0,0.0,135254.585714
1722308,IT,PT,VEGET,MEATC,0.03,9467.568,3,3,9467.568,0.0,0.0,0.0,0.0,315585.6
1714370,IT,MT,PRIVA,RENTI,2.11,9467.226,3,3,9467.226,0.0,0.0,0.0,0.0,4486.836967
1786982,IT,ZA,INSUR,RAWMI,0.2,9466.415,3,3,9466.415,0.0,0.0,0.0,0.0,47332.075
1762037,IT,IN,WHOLE,FINAN,0.08,9465.892,3,3,9465.892,0.0,0.0,0.0,0.0,118323.65
1763010,IT,MX,BEVER,BEVER,0.04,9465.782,3,3,9465.782,0.0,0.0,0.0,0.0,236644.55
1812507,IT,WM,ALUM1,STONE,0.02,9465.724,3,3,9465.724,0.0,0.0,0.0,0.0,473286.2
1689283,IT,IE,WHOLE,INSUR,0.08,9465.723,3,3,9465.723,0.0,0.0,0.0,0.0,118321.5375
1804430,IT,WF,KERO1,CHARC,0.01,9465.391,3,3,9465.391,0.0,0.0,0.0,0.0,946539.1
1749630,IT,CN,CHEM1,SUGA1,0.02,9465.375,3,3,9465.375,0.0,0.0,0.0,0.0,473268.75
1794643,IT,WL,NAPHT,CATTL,0.02,9465.144,3,3,9465.144,0.0,0.0,0.0,0.0,473257.2
1771285,IT,CH,DAIRY,MEAT4,0.04,9464.82,3,3,9464.82,0.0,0.0,0.0,0.0,236620.5
1640318,IT,AT,CHEMI,BEVER,0.02,9464.306,3,3,9464.306,0.0,0.0,0.0,0.0,473215.3
1653341,IT,CZ,GLASS,CEMEN,0.03,9463.738,3,3,9463.738,0.0,0.0,0.0,0.0,315457.933333
1674501,IT,FR,RUBBE,PLANT,0.03,9463.731,3,3,9463.731,0.0,0.0,0.0,0.0,315457.7
1726540,IT,RO,OFFIC,FOOD5,0.03,9463.239,3,3,9463.239,0.0,0.0,0.0,0.0,315441.3
1647269,IT,BE,LANDT,RETAI,0.06,9463.193,3,3,9463.193,0.0,0.0,0.0,0.0,157719.883333
1752931,IT,CA,PLAST,REFIN,0.02,9462.852,3,3,9462.852,0.0,0.0,0.0,0.0,473142.6
1752214,IT,CN,PUBLI,REALE,0.15,9462.544,3,3,9462.544,0.0,0.0,0.0,0.0,63083.626667
1675127,IT,FR,COPP1,HEAVY,0.02,9462.379,3,3,9462.379,0.0,0.0,0.0,0.0,473118.95
1761368,IT,IN,CERAM,COLLE,0.01,9462.269,3,3,9462.269,0.0,0.0,0.0,0.0,946226.9
1766898,IT,RU,OFFIC,DISTR,0.03,9462.106,3,3,9462.106,0.0,0.0,0.0,0.0,315403.533333
1681918,IT,HR,PROCE,CHEMI,0.06,9461.841,3,3,9461.841,0.0,0.0,0.0,0.0,157697.35
1666195,IT,ES,HEAVY,DAIRY,0.02,9461.691,3,3,9461.691,0.0,0.0,0.0,0.0,473084.55
1728204,IT,SE,FOOD5,MEAT4,0.05,9460.833,3,3,9460.833,0.0,0.0,0.0,0.0,189216.66
1777444,IT,TR,NONME,DISTR,0.02,9460.767,3,3,9460.767,0.0,0.0,0.0,0.0,473038.35
1729116,IT,SE,GLASS,PIGS9,0.03,9460.542,3,3,9460.542,0.0,0.0,0.0,0.0,315351.4
1671291,IT,FI,PREC1,REALE,0.02,9460.514,3,3,9460.514,0.0,0.0,0.0,0.0,473025.7
1736986,IT,GB,MEATA,RESEA,0.05,9460.277,3,3,9460.277,0.0,0.0,0.0,0.0,189205.54
1760658,IT,IN,PAPER,PLANT,0.04,9459.963,3,3,9459.963,0.0,0.0,0.0,0.0,236499.075
1785125,IT,ZA,VEGE1,HOTEL,0.03,9459.708,4,4,9459.706,0.0,0.0,0.0,0.002,315323.6
1686458,IT,HU,BASIC,WOOD1,0.01,9459.358,3,3,9459.358,0.0,0.0,0.0,0.0,945935.8
1752201,IT,CN,PUBLI,CONST,0.15,9459.224,3,3,9459.224,0.0,0.0,0.0,0.0,63061.493333
1754662,IT,KR,SANDC,93197,0.02,9457.993,4,4,9455.993,0.0,0.0,2.0,0.0,472899.65
1641633,IT,AT,BITU1,ELEC6,0.01,9457.902,3,3,9457.902,0.0,0.0,0.0,0.0,945790.2
1796254,IT,WL,CONST,FOOD5,0.05,9457.123,3,3,9457.123,0.0,0.0,0.0,0.0,189142.46
1659883,IT,DE,LANDT,FOODW,0.06,9456.986,3,3,9456.986,0.0,0.0,0.0,0.0,157616.433333
1740368,IT,GB,EDUCA,RESEA,0.24,9456.729,3,3,9456.729,0.0,0.0,0.0,0.0,39403.0375
1673943,IT,FR,MOTOR,INTER,0.01,9456.689,3,3,9456.689,0.0,0.0,0.0,0.0,945668.9
1784708,IT,ID,FURNI,TRANS,0.03,9455.452,3,3,9455.452,0.0,0.0,0.0,0.0,315181.733333
1801571,IT,WE,TRANS,GASDI,0.06,9455.219,3,3,9455.219,0.0,0.0,0.0,0.0,157586.983333
1644384,IT,BE,MEATC,CHEM1,0.03,9455.144,3,3,9455.144,0.0,0.0,0.0,0.0,315171.466667
1779328,IT,TR,INSUR,BASIC,0.19,9455.141,3,3,9455.141,0.0,0.0,0.0,0.0,49763.9
1793325,IT,WA,PRIVA,RAILW,2.11,9454.746,3,3,9454.746,0.0,0.0,0.0,0.0,4480.922275
1654530,IT,CZ,HOTEL,SECO9,0.07,9454.38,3,3,9454.38,0.0,0.0,0.0,0.0,135062.571429
1686370,IT,HU,BASIC,ANIMA,0.01,9454.289,3,3,9454.289,0.0,0.0,0.0,0.0,945428.9
1661503,IT,DK,FOOD5,RUBBE,0.05,9454.087,3,3,9454.087,0.0,0.0,0.0,0.0,189081.74
1685191,IT,HU,BEVER,RENTI,0.04,9453.899,3,3,9453.899,0.0,0.0,0.0,0.0,236347.475
1673596,IT,FR,WOODW,NUCLE,0.03,9453.788,3,3,9453.788,0.0,0.0,0.0,0.0,315126.266667
1790170,IT,WA,BASIC,FOODW,0.01,9453.427,3,3,9453.427,0.0,0.0,0.0,0.0,945342.7
1805579,IT,WF,CEMEN,CHEM1,0.02,9453.136,3,3,9453.136,0.0,0.0,0.0,0.0,472656.8
1781286,IT,NO,MEAT4,MACHI,0.05,9452.911,3,3,9452.911,0.0,0.0,0.0,0.0,189058.22
1796356,IT,WL,WHOLE,PIGS9,0.08,9452.858,3,3,9452.858,0.0,0.0,0.0,0.0,118160.725
1734527,IT,SK,DAIRY,RETA1,0.04,9452.8,3,3,9452.8,0.0,0.0,0.0,0.0,236320.0
1667720,IT,ES,MACHI,WOOD1,0.05,9452.703,3,3,9452.703,0.0,0.0,0.0,0.0,189054.06
1749786,IT,CN,ADDIT,ELEC2,0.02,9452.463,3,3,9452.463,0.0,0.0,0.0,0.0,472623.15
1797155,IT,WL,POSTT,ELEC4,0.16,9452.304,3,3,9452.304,0.0,0.0,0.0,0.0,59076.9
1645257,IT,BE,COALT,INTER,0.02,9452.086,3,3,9452.086,0.0,0.0,0.0,0.0,472604.3
1666574,IT,ES,CHEM1,PETRO,0.02,9451.417,3,3,9451.417,0.0,0.0,0.0,0.0,472570.85
1718225,IT,PL,PROCE,WOODW,0.06,9450.635,3,3,9450.635,0.0,0.0,0.0,0.0,157510.583333
1645815,IT,BE,RUBBE,FOOD1,0.03,9449.966,3,3,9449.966,0.0,0.0,0.0,0.0,314998.866667
1747857,IT,JP,RENTI,PFERT,0.06,9449.962,3,3,9449.962,0.0,0.0,0.0,0.0,157499.366667
1740223,IT,GB,BUSIN,BRICK,0.1,9449.918,3,3,9449.918,0.0,0.0,0.0,0.0,94499.18
1752483,IT,CA,PROCE,WHOLE,0.06,9449.699,3,3,9449.699,0.0,0.0,0.0,0.0,157494.983333
1654608,IT,CZ,RAILW,BUSIN,0.06,9449.406,3,3,9449.406,0.0,0.0,0.0,0.0,157490.1
1719638,IT,PL,CERAM,INTER,0.01,9449.263,3,3,9449.263,0.0,0.0,0.0,0.0,944926.3
1672931,IT,FR,DAIRY,SANDC,0.04,9449.246,3,3,9449.246,0.0,0.0,0.0,0.0,236231.15
1807155,IT,WF,AIRTR,HEAVY,0.01,9449.062,3,3,9449.062,0.0,0.0,0.0,0.0,944906.2
1664632,IT,EE,LANDT,PLAST,0.06,9448.959,3,3,9448.959,0.0,0.0,0.0,0.0,157482.65
1798190,IT,WE,VEGET,FORES,0.03,9448.931,3,3,9448.931,0.0,0.0,0.0,0.0,314964.366667
1647925,IT,BE,REALE,POSTT,0.4,9448.478,3,3,9448.478,0.0,0.0,0.0,0.0,23621.195
1740608,IT,US,FORES,RESEA,0.08,9448.447,4,4,9444.447,0.0,4.0,0.0,0.0,118105.5875
1641575,IT,AT,HEAVY,WOOD1,0.02,9448.135,3,3,9448.135,0.0,0.0,0.0,0.0,472406.75
1758113,IT,BR,CERAM,PRECI,0.01,9447.964,3,3,9447.964,0.0,0.0,0.0,0.0,944796.4
1795396,IT,WL,BASIC,GLASS,0.01,9447.921,3,3,9447.921,0.0,0.0,0.0,0.0,944792.1
1809378,IT,WM,CHEMI,ANIMA,0.02,9447.904,3,3,9447.904,0.0,0.0,0.0,0.0,472395.2
1685967,IT,HU,BIOGA,WHOLE,0.02,9447.516,3,3,9447.516,0.0,0.0,0.0,0.0,472375.8
1757950,IT,BR,ADDIT,BITU1,0.02,9447.434,3,3,9447.434,0.0,0.0,0.0,0.0,472371.7
1794385,IT,WL,KEROS,FABRI,0.01,9446.941,3,3,9446.941,0.0,0.0,0.0,0.0,944694.1
1812151,IT,WM,CEMEN,NAPHT,0.02,9446.913,3,3,9446.913,0.0,0.0,0.0,0.0,472345.65
1765454,IT,RU,TEXTI,SEACO,0.06,9446.496,3,3,9446.496,0.0,0.0,0.0,0.0,157441.6
1645999,IT,BE,NONME,BEVER,0.02,9446.341,3,3,9446.341,0.0,0.0,0.0,0.0,472317.05
1664113,IT,EE,RUBBE,MEAT1,0.03,9445.923,3,3,9445.923,0.0,0.0,0.0,0.0,314864.1
1797681,IT,WL,PLAS1,MEATP,0.03,9445.878,3,3,9445.878,0.0,0.0,0.0,0.0,314862.6
1792286,IT,WA,POSTT,AIRTR,0.16,9445.873,3,3,9445.873,0.0,0.0,0.0,0.0,59036.70625
1739031,IT,GB,SALEM,PLAS2,0.08,9445.347,3,3,9445.347,0.0,0.0,0.0,0.0,118066.8375
1650010,IT,BG,MACHI,CHEMI,0.05,9444.475,3,3,9444.475,0.0,0.0,0.0,0.0,188889.5
1811200,IT,WM,NAPHT,FINAN,0.02,9443.652,3,3,9443.652,0.0,0.0,0.0,0.0,472182.6
1763904,IT,MX,BASIC,MEAT4,0.01,9443.529,3,3,9443.529,0.0,0.0,0.0,0.0,944352.9
1759545,IT,BR,COMPU,DAIRY,0.11,9443.14,3,3,9443.14,0.0,0.0,0.0,0.0,85846.727273
1808918,IT,WM,CEREA,MEAT1,0.02,9442.821,3,3,9442.821,0.0,0.0,0.0,0.0,472141.05
1683100,IT,HR,RUBBE,COPP1,0.03,9442.514,3,3,9442.514,0.0,0.0,0.0,0.0,314750.466667
1661431,IT,DK,DAIRY,ANIMA,0.04,9442.357,3,3,9442.357,0.0,0.0,0.0,0.0,236058.925
1773609,IT,CH,TRANS,ELEC4,0.06,9442.125,3,3,9442.125,0.0,0.0,0.0,0.0,157368.75
1715418,IT,NL,MOTOR,RUBBE,0.01,9441.732,3,3,9441.732,0.0,0.0,0.0,0.0,944173.2
1740600,IT,US,FORES,BIOGA,0.08,9441.386,4,4,9437.386,0.0,4.0,0.0,0.0,118017.325
1657362,IT,DE,BIODI,RESEA,0.02,9441.245,3,3,9441.245,0.0,0.0,0.0,0.0,472062.25
1640426,IT,AT,VEGE1,TEXTI,0.03,9441.076,4,4,9441.074,0.0,0.0,0.0,0.002,314702.533333
1780625,IT,TW,INSUR,RETA1,0.19,9440.834,3,3,9440.834,0.0,0.0,0.0,0.0,49688.6
1679238,IT,GR,KEROS,HOTEL,0.01,9440.129,3,3,9440.129,0.0,0.0,0.0,0.0,944012.9
1722939,IT,PT,GASDI,SUPPO,0.01,9439.558,3,3,9439.558,0.0,0.0,0.0,0.0,943955.8
1668280,IT,ES,WHOLE,GASDI,0.08,9439.134,3,3,9439.134,0.0,0.0,0.0,0.0,117989.175
1651407,IT,CY,KEROS,OILSE,0.01,9438.962,3,3,9438.962,0.0,0.0,0.0,0.0,943896.2
1805511,IT,WF,CERAM,CEMEN,0.01,9438.606,3,3,9438.606,0.0,0.0,0.0,0.0,943860.6
1756857,IT,KR,POSTT,MOTO1,0.16,9438.398,3,3,9438.398,0.0,0.0,0.0,0.0,58989.9875
1654926,IT,CZ,INSUR,LIQUE,0.19,9437.997,3,3,9437.997,0.0,0.0,0.0,0.0,49673.668421
1745354,IT,JP,VEGE1,BRICK,0.03,9437.877,4,4,9437.875,0.0,0.0,0.0,0.002,314595.9
1645443,IT,BE,LIQUE,FOOD4,0.02,9437.757,3,3,9437.757,0.0,0.0,0.0,0.0,471887.85
1772187,IT,CH,GASDI,PREC1,0.01,9436.803,3,3,9436.803,0.0,0.0,0.0,0.0,943680.3
1646942,IT,BE,WHOLE,SEACO,0.08,9436.689,3,3,9436.689,0.0,0.0,0.0,0.0,117958.6125
1783053,IT,NO,INSUR,GASDI,0.19,9436.017,3,3,9436.017,0.0,0.0,0.0,0.0,49663.247368
1771369,IT,CH,SUGA1,RAWMI,0.02,9435.999,4,4,9435.997,0.0,0.0,0.0,0.002,471799.95
1784235,IT,ID,PLAST,93197,0.02,9435.61,3,3,9435.61,0.0,0.0,0.0,0.0,471780.5
1663306,IT,DK,AIRTR,FOOD5,0.01,9434.485,3,3,9434.485,0.0,0.0,0.0,0.0,943448.5
1744744,IT,US,RESEA,SUGA1,0.05,9434.327,3,3,9434.327,0.0,0.0,0.0,0.0,188686.54
1729260,IT,SE,CEMEN,IRONO,0.02,9433.714,3,3,9433.714,0.0,0.0,0.0,0.0,471685.7
1713408,IT,MT,BITU1,INLAN,0.01,9433.638,3,3,9433.638,0.0,0.0,0.0,0.0,943363.8
1659944,IT,DE,TRAN2,POSTT,0.01,9433.493,3,3,9433.493,0.0,0.0,0.0,0.0,943349.3
1732797,IT,SI,NONME,FOOD3,0.02,9433.27,3,3,9433.27,0.0,0.0,0.0,0.0,471663.5
1731229,IT,SI,MEATC,CONST,0.03,9433.256,3,3,9433.256,0.0,0.0,0.0,0.0,314441.866667
1791742,IT,WA,RAILW,NFERT,0.06,9433.112,3,3,9433.112,0.0,0.0,0.0,0.0,157218.533333
1803754,IT,WF,FISH5,RECRE,0.04,9432.736,4,4,9432.731,0.0,0.0,0.0,0.005,235818.4
1720559,IT,PL,OFFIC,ELEC1,0.03,9432.489,3,3,9432.489,0.0,0.0,0.0,0.0,314416.3
1682249,IT,HR,LEATH,MEATC,0.07,9432.463,4,4,9432.461,0.0,0.0,0.0,0.002,134749.471429
1651363,IT,CY,PAPER,WHOLE,0.04,9432.274,3,3,9432.274,0.0,0.0,0.0,0.0,235806.85
1649331,IT,BG,PLAST,BIOGA,0.02,9431.589,3,3,9431.589,0.0,0.0,0.0,0.0,471579.45
1642470,IT,AT,ALUM1,PUBLI,0.02,9431.405,3,3,9431.405,0.0,0.0,0.0,0.0,471570.25
1794465,IT,WL,GASDI,REFI1,0.01,9431.25,3,3,9431.25,0.0,0.0,0.0,0.0,943125.0
1789271,IT,WA,PLAST,RECRE,0.02,9431.179,3,3,9431.179,0.0,0.0,0.0,0.0,471558.95
1666977,IT,ES,CERAM,FOOD1,0.01,9430.483,3,3,9430.483,0.0,0.0,0.0,0.0,943048.3
1729465,IT,SE,ALUM1,FORES,0.02,9430.41,3,3,9430.41,0.0,0.0,0.0,0.0,471520.5
1653306,IT,CZ,GLASS,CROPS,0.03,9428.926,3,3,9428.926,0.0,0.0,0.0,0.0,314297.533333
1758213,IT,BR,BASIC,PRINT,0.01,9428.818,3,3,9428.818,0.0,0.0,0.0,0.0,942881.8
1792137,IT,WA,SUPPO,FISHF,0.07,9428.585,3,3,9428.585,0.0,0.0,0.0,0.0,134694.071429
1813813,IT,WM,RAILW,RETA1,0.06,9427.708,3,3,9427.708,0.0,0.0,0.0,0.0,157128.466667
1656809,IT,DE,GASDI,CERAM,0.01,9427.51,3,3,9427.51,0.0,0.0,0.0,0.0,942751.0
1766459,IT,RU,PREC1,MACHI,0.02,9427.493,3,3,9427.493,0.0,0.0,0.0,0.0,471374.65
1780013,IT,TW,SALEM,ELEC2,0.08,9427.15,3,3,9427.15,0.0,0.0,0.0,0.0,117839.375
1784166,IT,ID,PAPER,OFFIC,0.04,9427.142,3,3,9427.142,0.0,0.0,0.0,0.0,235678.55
1658239,IT,DE,COPP1,VEGET,0.02,9427.129,3,3,9427.129,0.0,0.0,0.0,0.0,471356.45
1759684,IT,BR,RESEA,WOOD2,0.05,9426.801,3,3,9426.801,0.0,0.0,0.0,0.0,188536.02
1794291,IT,WL,MOTOR,WHITE,0.01,9426.695,3,3,9426.695,0.0,0.0,0.0,0.0,942669.5
1765025,IT,MX,INSUR,PLAST,0.19,9426.568,3,3,9426.568,0.0,0.0,0.0,0.0,49613.515789
1735710,IT,SK,FABRI,SECO9,0.04,9426.242,3,3,9426.242,0.0,0.0,0.0,0.0,235656.05
1674190,IT,FR,LIQUE,HEAVY,0.02,9425.106,3,3,9425.106,0.0,0.0,0.0,0.0,471255.3
1642965,IT,AT,FURNI,POSTT,0.03,9424.942,3,3,9424.942,0.0,0.0,0.0,0.0,314164.733333
1763458,IT,MX,PLAST,PULP5,0.02,9424.856,3,3,9424.856,0.0,0.0,0.0,0.0,471242.8
1735978,IT,SK,MOTO1,HEALT,0.05,9424.694,3,3,9424.694,0.0,0.0,0.0,0.0,188493.88
1778265,IT,TR,SALEM,CATTL,0.08,9424.54,3,3,9424.54,0.0,0.0,0.0,0.0,117806.75
1718296,IT,PL,FOOD5,MOTO1,0.05,9424.442,3,3,9424.442,0.0,0.0,0.0,0.0,188488.84
1717799,IT,NL,FOOD2,RUBBE,0.05,9424.371,3,3,9424.371,0.0,0.0,0.0,0.0,188487.42
1654991,IT,CZ,INSUR,RECRE,0.19,9424.243,3,3,9424.243,0.0,0.0,0.0,0.0,49601.278947
1689730,IT,IE,FINAN,OFFIC,0.12,9424.205,3,3,9424.205,0.0,0.0,0.0,0.0,78535.041667
1674275,IT,FR,PARAF,DIST1,0.01,9423.74,3,3,9423.74,0.0,0.0,0.0,0.0,942374.0
1723250,IT,PT,GLASS,PROCE,0.03,9423.7,3,3,9423.7,0.0,0.0,0.0,0.0,314123.333333
1745439,IT,JP,DAIRY,LANDT,0.04,9423.528,3,3,9423.528,0.0,0.0,0.0,0.0,235588.2
1728491,IT,SE,WOODW,TEXTI,0.03,9423.368,3,3,9423.368,0.0,0.0,0.0,0.0,314112.266667
1786054,IT,ZA,BRICK,MACHI,0.01,9422.423,3,3,9422.423,0.0,0.0,0.0,0.0,942242.3
1709448,IT,LT,TEXTI,RUBBE,0.06,9422.075,3,3,9422.075,0.0,0.0,0.0,0.0,157034.583333
1680766,IT,GR,RETA1,PUBLI,0.1,9421.602,3,3,9421.602,0.0,0.0,0.0,0.0,94216.02
1653745,IT,CZ,COPP1,NONME,0.02,9421.319,3,3,9421.319,0.0,0.0,0.0,0.0,471065.95
1781086,IT,TW,PUBLI,OFFIC,0.15,9420.48,3,3,9420.48,0.0,0.0,0.0,0.0,62803.2
1725804,IT,RO,PRINT,INTER,0.09,9420.449,3,3,9420.449,0.0,0.0,0.0,0.0,104671.655556
1732707,IT,SI,CERAM,INERT,0.01,9417.982,3,3,9417.982,0.0,0.0,0.0,0.0,941798.2
1711576,IT,LU,FINAN,SALEM,0.12,9417.752,3,3,9417.752,0.0,0.0,0.0,0.0,78481.266667
1715545,IT,NL,GASDI,AUXIL,0.01,9417.735,3,3,9417.735,0.0,0.0,0.0,0.0,941773.5
1763485,IT,MX,PLAST,DIST1,0.02,9417.142,3,3,9417.142,0.0,0.0,0.0,0.0,470857.1
1807956,IT,WF,PLAS1,ALUM1,0.03,9417.088,3,3,9417.088,0.0,0.0,0.0,0.0,313902.933333
1814266,IT,WM,POSTT,FURNI,0.16,9416.615,3,3,9416.615,0.0,0.0,0.0,0.0,58853.84375
1650971,IT,BG,SUPPO,BEVER,0.07,9416.139,3,3,9416.139,0.0,0.0,0.0,0.0,134516.271429
1719110,IT,PL,NONSP,RENTI,0.01,9415.654,3,3,9415.654,0.0,0.0,0.0,0.0,941565.4
1740206,IT,GB,BUSIN,KERO1,0.1,9415.327,3,3,9415.327,0.0,0.0,0.0,0.0,94153.27
1731491,IT,SI,BEVER,COMPU,0.04,9414.297,3,3,9414.297,0.0,0.0,0.0,0.0,235357.425
1808939,IT,WM,CEREA,OFFIC,0.02,9413.91,3,3,9413.91,0.0,0.0,0.0,0.0,470695.5
1800523,IT,WE,RUBBE,PREC1,0.03,9413.872,3,3,9413.872,0.0,0.0,0.0,0.0,313795.733333
1670851,IT,FI,NONSP,RESEA,0.01,9413.862,3,3,9413.862,0.0,0.0,0.0,0.0,941386.2
1768822,IT,AU,LEATH,CERAM,0.07,9413.808,4,4,9413.806,0.0,0.0,0.0,0.002,134482.971429
1640978,IT,AT,WOODW,ELEC7,0.03,9413.703,3,3,9413.703,0.0,0.0,0.0,0.0,313790.1
1759959,IT,BR,PLAS1,POSTT,0.03,9413.14,3,3,9413.14,0.0,0.0,0.0,0.0,313771.333333
1806530,IT,WF,FURNI,NICKE,0.03,9413.135,3,3,9413.135,0.0,0.0,0.0,0.0,313771.166667
1722732,IT,PT,WOODW,RESEA,0.03,9413.134,3,3,9413.134,0.0,0.0,0.0,0.0,313771.133333
1749209,IT,CN,PAPER,CROPS,0.04,9412.797,3,3,9412.797,0.0,0.0,0.0,0.0,235319.925
1726622,IT,RO,MOTO1,COPP1,0.05,9412.789,3,3,9412.789,0.0,0.0,0.0,0.0,188255.78
1810987,IT,WM,GASDI,BIOG1,0.01,9412.737,3,3,9412.737,0.0,0.0,0.0,0.0,941273.7
1711074,IT,LU,PREC1,RENTI,0.02,9412.202,3,3,9412.202,0.0,0.0,0.0,0.0,470610.1
1642395,IT,AT,PREC1,PLAST,0.02,9411.933,3,3,9411.933,0.0,0.0,0.0,0.0,470596.65
1650965,IT,BG,SUPPO,PRECI,0.07,9411.918,3,3,9411.918,0.0,0.0,0.0,0.0,134455.971429
1808811,IT,WF,WOOD2,FINAN,0.05,9411.881,3,3,9411.881,0.0,0.0,0.0,0.0,188237.62
1654690,IT,CZ,LANDT,BIOG1,0.06,9411.707,3,3,9411.707,0.0,0.0,0.0,0.0,156861.783333
1665555,IT,ES,LEATH,PRINT,0.07,9411.514,4,4,9411.512,0.0,0.0,0.0,0.002,134450.2
1729827,IT,SE,OFFIC,WHOLE,0.03,9410.969,3,3,9410.969,0.0,0.0,0.0,0.0,313698.966667
1726185,IT,RO,GLASS,HEALT,0.03,9410.902,3,3,9410.902,0.0,0.0,0.0,0.0,313696.733333
1663093,IT,DK,RAILW,OFFIC,0.06,9410.849,3,3,9410.849,0.0,0.0,0.0,0.0,156847.483333
1750425,IT,CN,FABRI,MEMBE,0.04,9410.598,3,3,9410.598,0.0,0.0,0.0,0.0,235264.95
1806443,IT,WF,TRANS,FOOD5,0.06,9410.502,3,3,9410.502,0.0,0.0,0.0,0.0,156841.7
1676894,IT,FR,TRAN2,FOOD1,0.01,9410.389,3,3,9410.389,0.0,0.0,0.0,0.0,941038.9
1645120,IT,BE,PAPER,FOOD3,0.04,9410.386,3,3,9410.386,0.0,0.0,0.0,0.0,235259.65
1757985,IT,BR,RUBBE,PROCE,0.03,9409.621,3,3,9409.621,0.0,0.0,0.0,0.0,313654.033333
1737002,IT,GB,FORES,PULP5,0.08,9409.592,4,4,9405.592,0.0,4.0,0.0,0.0,117619.9
1803254,IT,WF,ANIMA,INSUR,0.04,9409.567,3,3,9409.567,0.0,0.0,0.0,0.0,235239.175
1662719,IT,DK,MACHI,FOOD3,0.05,9409.183,3,3,9409.183,0.0,0.0,0.0,0.0,188183.66
1798233,IT,WE,VEGET,FOUND,0.03,9408.915,3,3,9408.915,0.0,0.0,0.0,0.0,313630.5
1808005,IT,WF,INTER,POULT,0.06,9408.521,3,3,9408.521,0.0,0.0,0.0,0.0,156808.683333
1748191,IT,JP,PAPE1,BEVER,0.07,9408.434,3,3,9408.434,0.0,0.0,0.0,0.0,134406.2
1747404,IT,JP,RAILW,RADIO,0.06,9408.406,3,3,9408.406,0.0,0.0,0.0,0.0,156806.766667
1729290,IT,SE,NONME,LEADZ,0.02,9407.265,3,3,9407.265,0.0,0.0,0.0,0.0,470363.25
1736119,IT,SK,CONST,ELEC3,0.05,9407.207,3,3,9407.207,0.0,0.0,0.0,0.0,188144.14
1777675,IT,TR,COPP1,CHEMI,0.02,9407.031,3,3,9407.031,0.0,0.0,0.0,0.0,470351.55
1659209,IT,DE,CONST,INTER,0.05,9406.911,3,3,9406.911,0.0,0.0,0.0,0.0,188138.22
1782151,IT,NO,NONME,NAPHT,0.02,9406.79,3,3,9406.79,0.0,0.0,0.0,0.0,470339.5
1749423,IT,CN,KEROS,POSTT,0.01,9406.392,3,3,9406.392,0.0,0.0,0.0,0.0,940639.2
1805517,IT,WF,CERAM,ELEC4,0.01,9406.383,3,3,9406.383,0.0,0.0,0.0,0.0,940638.3
1796619,IT,WL,HOTEL,RUBBE,0.07,9406.349,3,3,9406.349,0.0,0.0,0.0,0.0,134376.414286
1802313,IT,WE,TRAN2,PFERT,0.01,9406.191,3,3,9406.191,0.0,0.0,0.0,0.0,940619.1
1750743,IT,CN,TRANS,PLAST,0.06,9405.806,3,3,9405.806,0.0,0.0,0.0,0.0,156763.433333
1712531,IT,LV,FABRI,SEACO,0.04,9405.731,3,3,9405.731,0.0,0.0,0.0,0.0,235143.275
1804084,IT,WF,PULP5,REALE,0.03,9405.098,3,3,9405.098,0.0,0.0,0.0,0.0,313503.266667
1799040,IT,WE,TEXTI,ALUM1,0.06,9404.806,3,3,9404.806,0.0,0.0,0.0,0.0,156746.766667
1769519,IT,AU,PREC1,RETAI,0.02,9404.32,3,3,9404.32,0.0,0.0,0.0,0.0,470216.0
1687523,IT,HU,LANDT,BITU1,0.06,9403.853,3,3,9403.853,0.0,0.0,0.0,0.0,156730.883333
1766505,IT,RU,ALUM1,RETA1,0.02,9403.668,3,3,9403.668,0.0,0.0,0.0,0.0,470183.4
1809874,IT,WM,BEVER,VEGE1,0.04,9403.601,3,3,9403.601,0.0,0.0,0.0,0.0,235090.025
1685712,IT,HU,PARAF,WOODW,0.01,9403.583,3,3,9403.583,0.0,0.0,0.0,0.0,940358.3
1805583,IT,WF,CEMEN,LEAD1,0.02,9403.547,3,3,9403.547,0.0,0.0,0.0,0.0,470177.35
1759271,IT,BR,POSTT,ALUM1,0.15,9403.443,3,3,9403.443,0.0,0.0,0.0,0.0,62689.62
1802139,IT,WE,RETA1,93197,0.1,9402.648,3,3,9402.648,0.0,0.0,0.0,0.0,94026.48
1797564,IT,WL,PUBLI,BIOGA,0.15,9402.626,3,3,9402.626,0.0,0.0,0.0,0.0,62684.173333
1749471,IT,CN,HEAVY,FURNI,0.02,9402.507,3,3,9402.507,0.0,0.0,0.0,0.0,470125.35
1783576,IT,NO,FOOD2,GLASS,0.05,9402.342,3,3,9402.342,0.0,0.0,0.0,0.0,188046.84
1772471,IT,CH,BIOGA,INSUR,0.02,9402.161,3,3,9402.161,0.0,0.0,0.0,0.0,470108.05
1641022,IT,AT,PULP5,NONF1,0.03,9402.079,3,3,9402.079,0.0,0.0,0.0,0.0,313402.633333
1746601,IT,JP,PREC1,MOTO1,0.02,9401.845,3,3,9401.845,0.0,0.0,0.0,0.0,470092.25
1768889,IT,AU,WOODW,PLAST,0.03,9401.692,3,3,9401.692,0.0,0.0,0.0,0.0,313389.733333
1680897,IT,GR,LANDT,MOTO1,0.06,9401.568,3,3,9401.568,0.0,0.0,0.0,0.0,156692.8
1723095,IT,PT,CHEM1,ELECT,0.02,9401.536,3,3,9401.536,0.0,0.0,0.0,0.0,470076.8
1807043,IT,WF,TRAN2,WHOLE,0.01,9400.685,3,3,9400.685,0.0,0.0,0.0,0.0,940068.5
1725879,IT,RO,HEAVY,LEATH,0.02,9400.639,3,3,9400.639,0.0,0.0,0.0,0.0,470031.95
1661558,IT,DK,BEVER,LEATH,0.04,9400.506,3,3,9400.506,0.0,0.0,0.0,0.0,235012.65
1789841,IT,WA,CERAM,NONSP,0.01,9399.978,3,3,9399.978,0.0,0.0,0.0,0.0,939997.8
1652581,IT,CZ,LEATH,ELEC1,0.07,9399.833,4,4,9399.831,0.0,0.0,0.0,0.002,134283.328571
1785347,IT,ZA,WOODW,PAPER,0.03,9399.649,3,3,9399.649,0.0,0.0,0.0,0.0,313321.633333
1784434,IT,ID,BASIC,NATUR,0.01,9399.645,3,3,9399.645,0.0,0.0,0.0,0.0,939964.5
1725595,IT,RO,WOODW,NONF1,0.03,9399.41,3,3,9399.41,0.0,0.0,0.0,0.0,313313.666667
1721596,IT,PL,POSTT,PLAST,0.15,9399.27,3,3,9399.27,0.0,0.0,0.0,0.0,62661.8
1740687,IT,US,CHEMI,OILSE,0.02,9399.21,3,3,9399.21,0.0,0.0,0.0,0.0,469960.5
1657034,IT,DE,BITU1,MOTOR,0.01,9399.188,3,3,9399.188,0.0,0.0,0.0,0.0,939918.8
1731646,IT,SI,LEATH,EDUCA,0.07,9398.998,4,4,9398.996,0.0,0.0,0.0,0.002,134271.4
1663764,IT,EE,FOOD5,HEALT,0.05,9398.819,3,3,9398.819,0.0,0.0,0.0,0.0,187976.38
1787299,IT,WA,CROPS,PIGS9,0.07,9398.59,3,3,9398.59,0.0,0.0,0.0,0.0,134265.571429
1807808,IT,WF,FOODW,SALEM,0.07,9398.563,3,3,9398.563,0.0,0.0,0.0,0.0,134265.185714
1649854,IT,BG,LEAD1,CERAM,0.02,9397.65,3,3,9397.65,0.0,0.0,0.0,0.0,469882.5
1664219,IT,EE,CERAM,HEALT,0.01,9396.52,3,3,9396.52,0.0,0.0,0.0,0.0,939652.0
1746142,IT,JP,PLAST,VEGE1,0.02,9395.896,3,3,9395.896,0.0,0.0,0.0,0.0,469794.8
1791532,IT,WA,RETA1,GASDI,0.1,9395.894,3,3,9395.894,0.0,0.0,0.0,0.0,93958.94
1745443,IT,JP,DAIRY,POSTT,0.04,9395.823,3,3,9395.823,0.0,0.0,0.0,0.0,234895.575
1745542,IT,JP,BEVER,FABRI,0.04,9394.897,3,3,9394.897,0.0,0.0,0.0,0.0,234872.425
1772303,IT,CH,NONSP,PUBLI,0.01,9394.859,3,3,9394.859,0.0,0.0,0.0,0.0,939485.9
1734223,IT,SI,RENTI,SALEM,0.06,9394.808,3,3,9394.808,0.0,0.0,0.0,0.0,156580.133333
1783856,IT,NO,TEXT2,PAPE1,0.07,9394.678,3,3,9394.678,0.0,0.0,0.0,0.0,134209.685714
1662564,IT,DK,FABRI,PRINT,0.04,9394.549,3,3,9394.549,0.0,0.0,0.0,0.0,234863.725
1709477,IT,LT,TEXTI,HEALT,0.06,9394.208,3,3,9394.208,0.0,0.0,0.0,0.0,156570.133333
1752176,IT,CN,PUBLI,PAPER,0.15,9394.139,3,3,9394.139,0.0,0.0,0.0,0.0,62627.593333
1689422,IT,IE,HOTEL,PULP5,0.07,9393.213,3,3,9393.213,0.0,0.0,0.0,0.0,134188.757143
1683473,IT,HR,PREC1,BASIC,0.02,9393.189,3,3,9393.189,0.0,0.0,0.0,0.0,469659.45
1808455,IT,WF,FOOD4,PRINT,0.07,9392.953,3,3,9392.953,0.0,0.0,0.0,0.0,134185.042857
1772811,IT,CH,NONME,COMPU,0.02,9392.481,3,3,9392.481,0.0,0.0,0.0,0.0,469624.05
1799395,IT,WE,PULP5,PUBLI,0.03,9392.445,3,3,9392.445,0.0,0.0,0.0,0.0,313081.5
1763135,IT,MX,LEATH,COPPE,0.07,9392.267,4,4,9392.265,0.0,0.0,0.0,0.002,134175.242857
1684059,IT,HR,HOTEL,NONF1,0.07,9392.266,3,3,9392.266,0.0,0.0,0.0,0.0,134175.228571
1670822,IT,FI,GASDI,SEACO,0.01,9392.256,3,3,9392.256,0.0,0.0,0.0,0.0,939225.6
1764467,IT,MX,FURNI,POSTT,0.03,9391.308,3,3,9391.308,0.0,0.0,0.0,0.0,313043.6
1672352,IT,FI,BUSIN,VEGE1,0.1,9391.24,3,3,9391.24,0.0,0.0,0.0,0.0,93912.4
1808317,IT,WF,FOOD3,CEREA,0.03,9391.182,3,3,9391.182,0.0,0.0,0.0,0.0,313039.4
1751095,IT,CN,RETA1,MOTOR,0.1,9390.52,3,3,9390.52,0.0,0.0,0.0,0.0,93905.2
1668034,IT,ES,FURNI,FOUND,0.03,9390.465,3,3,9390.465,0.0,0.0,0.0,0.0,313015.5
1792628,IT,WA,RESEA,VEGET,0.05,9390.341,3,3,9390.341,0.0,0.0,0.0,0.0,187806.82
1732559,IT,SI,RUBBE,AIRTR,0.03,9389.779,3,3,9389.779,0.0,0.0,0.0,0.0,312992.633333
1653767,IT,CZ,COPP1,BLAST,0.02,9389.525,3,3,9389.525,0.0,0.0,0.0,0.0,469476.25
1735054,IT,SK,CHEM1,PRECI,0.02,9389.126,3,3,9389.126,0.0,0.0,0.0,0.0,469456.3
1733716,IT,SI,RAILW,EDUCA,0.06,9388.855,3,3,9388.855,0.0,0.0,0.0,0.0,156480.916667
1663593,IT,DK,BUSIN,NATUR,0.1,9388.711,3,3,9388.711,0.0,0.0,0.0,0.0,93887.11
1712102,IT,LV,FISH5,WEARI,0.04,9388.614,4,4,9388.609,0.0,0.0,0.0,0.005,234715.35
1734480,IT,SK,CHEMI,FOOD5,0.02,9388.588,3,3,9388.588,0.0,0.0,0.0,0.0,469429.4
1753033,IT,CA,CHEM1,ELEC1,0.02,9388.464,3,3,9388.464,0.0,0.0,0.0,0.0,469423.2
1778206,IT,TR,FURNI,ALUM1,0.03,9388.362,3,3,9388.362,0.0,0.0,0.0,0.0,312945.4
1663091,IT,DK,RAILW,FABRI,0.06,9388.292,3,3,9388.292,0.0,0.0,0.0,0.0,156471.533333
1760069,IT,BR,OILHA,COLLE,0.05,9388.223,3,3,9388.223,0.0,0.0,0.0,0.0,187764.46
1783572,IT,NO,FOOD2,WOODW,0.05,9387.827,3,3,9387.827,0.0,0.0,0.0,0.0,187756.54
1802545,IT,WE,FINAN,CRUDE,0.12,9387.516,3,3,9387.516,0.0,0.0,0.0,0.0,78229.3
1787568,IT,WA,MEATC,PIGS9,0.03,9387.463,3,3,9387.463,0.0,0.0,0.0,0.0,312915.433333
1813544,IT,WM,WHOLE,WEARI,0.08,9387.418,3,3,9387.418,0.0,0.0,0.0,0.0,117342.725
1715575,IT,NL,HEAVY,BIODI,0.02,9387.232,3,3,9387.232,0.0,0.0,0.0,0.0,469361.6
1760924,IT,IN,HEAVY,BEVER,0.02,9386.728,3,3,9386.728,0.0,0.0,0.0,0.0,469336.4
1689360,IT,IE,RETA1,TRAN1,0.1,9386.595,3,3,9386.595,0.0,0.0,0.0,0.0,93865.95
1711315,IT,LU,WHOLE,KEROS,0.08,9385.728,3,3,9385.728,0.0,0.0,0.0,0.0,117321.6
1666884,IT,ES,GLASS,FOUND,0.03,9385.499,3,3,9385.499,0.0,0.0,0.0,0.0,312849.966667
1765345,IT,RU,FOOD5,RETA1,0.05,9385.449,3,3,9385.449,0.0,0.0,0.0,0.0,187708.98
1785688,IT,ZA,LIQUE,HEALT,0.02,9385.327,3,3,9385.327,0.0,0.0,0.0,0.0,469266.35
1677787,IT,FR,COMPU,DISTR,0.11,9385.293,3,3,9385.293,0.0,0.0,0.0,0.0,85320.845455
1753069,IT,CA,RUBBE,CATTL,0.03,9384.971,3,3,9384.971,0.0,0.0,0.0,0.0,312832.366667
1665268,IT,ES,BEVER,HEAVY,0.04,9384.95,3,3,9384.95,0.0,0.0,0.0,0.0,234623.75
1733584,IT,SI,RETA1,RENTI,0.1,9384.756,3,3,9384.756,0.0,0.0,0.0,0.0,93847.56
1797900,IT,WL,WASTE,CONST,0.03,9384.668,3,3,9384.668,0.0,0.0,0.0,0.0,312822.266667
1799645,IT,WE,MOTOR,REFIN,0.01,9384.607,3,3,9384.607,0.0,0.0,0.0,0.0,938460.7
1683704,IT,HR,MACHI,SANDC,0.05,9384.062,3,3,9384.062,0.0,0.0,0.0,0.0,187681.24
1744288,IT,US,POSTT,WASTE,0.15,9383.875,3,3,9383.875,0.0,0.0,0.0,0.0,62559.166667
1741227,IT,US,WOODW,COLLE,0.03,9383.284,3,3,9383.284,0.0,0.0,0.0,0.0,312776.133333
1676328,IT,FR,RETAI,ELEC8,0.07,9382.672,3,3,9382.672,0.0,0.0,0.0,0.0,134038.171429
1758192,IT,BR,BASIC,PLANT,0.01,9382.553,3,3,9382.553,0.0,0.0,0.0,0.0,938255.3
1779839,IT,TR,PUBLI,RUBBE,0.15,9382.21,3,3,9382.21,0.0,0.0,0.0,0.0,62548.066667
1795083,IT,WL,RUBBE,ANIMA,0.03,9381.9,3,3,9381.9,0.0,0.0,0.0,0.0,312730.0
1663337,IT,DK,SUPPO,MEATP,0.07,9381.731,3,3,9381.731,0.0,0.0,0.0,0.0,134024.728571
1746083,IT,JP,PRINT,FURNI,0.09,9381.544,3,3,9381.544,0.0,0.0,0.0,0.0,104239.377778
1782772,IT,NO,HOTEL,PAPER,0.07,9381.202,3,3,9381.202,0.0,0.0,0.0,0.0,134017.171429
1654774,IT,CZ,SUPPO,FORES,0.07,9381.088,3,3,9381.088,0.0,0.0,0.0,0.0,134015.542857
1724043,IT,PT,WHOLE,BEVER,0.08,9380.724,3,3,9380.724,0.0,0.0,0.0,0.0,117259.05
1751302,IT,CN,RAILW,RAILW,0.06,9380.617,3,3,9380.617,0.0,0.0,0.0,0.0,156343.616667
1732574,IT,SI,RUBBE,FOOD3,0.03,9380.484,3,3,9380.484,0.0,0.0,0.0,0.0,312682.8
1687737,IT,HU,SUPPO,MACHI,0.07,9380.403,3,3,9380.403,0.0,0.0,0.0,0.0,134005.757143
1720092,IT,PL,ALUM1,RECRE,0.02,9380.248,3,3,9380.248,0.0,0.0,0.0,0.0,469012.4
1782058,IT,NO,GLASS,VEGE1,0.03,9379.844,3,3,9379.844,0.0,0.0,0.0,0.0,312661.466667
1651399,IT,CY,MOTOR,PUBLI,0.01,9379.625,3,3,9379.625,0.0,0.0,0.0,0.0,937962.5
1683060,IT,HR,RUBBE,POULT,0.03,9379.557,3,3,9379.557,0.0,0.0,0.0,0.0,312651.9
1641672,IT,AT,PETRO,RESEA,0.02,9379.457,3,3,9379.457,0.0,0.0,0.0,0.0,468972.85
1666250,IT,ES,HEAVY,ELEC1,0.02,9379.405,3,3,9379.405,0.0,0.0,0.0,0.0,468970.25
1745323,IT,JP,VEGE1,MEATP,0.03,9378.88,4,4,9378.878,0.0,0.0,0.0,0.002,312629.333333
1743389,IT,US,SALEM,RETAI,0.08,9377.796,3,3,9377.796,0.0,0.0,0.0,0.0,117222.45
1753756,IT,CA,FURNI,PREC1,0.03,9377.194,3,3,9377.194,0.0,0.0,0.0,0.0,312573.133333
1709829,IT,LT,RUBBE,RENTI,0.03,9376.857,3,3,9376.857,0.0,0.0,0.0,0.0,312561.9
1810491,IT,WM,PAPER,NONFE,0.04,9376.739,3,3,9376.739,0.0,0.0,0.0,0.0,234418.475
1747433,IT,JP,LANDT,DISTR,0.06,9376.59,3,3,9376.59,0.0,0.0,0.0,0.0,156276.5
1712411,IT,LV,NONME,BIOGA,0.02,9376.319,3,3,9376.319,0.0,0.0,0.0,0.0,468815.95
1726828,IT,RO,WHOLE,TRAN2,0.08,9375.691,3,3,9375.691,0.0,0.0,0.0,0.0,117196.1375
1761093,IT,IN,CHEM1,CEREA,0.02,9375.599,3,3,9375.599,0.0,0.0,0.0,0.0,468779.95
1782732,IT,NO,RETA1,TRANS,0.1,9375.408,3,3,9375.408,0.0,0.0,0.0,0.0,93754.08
1785718,IT,ZA,NAPHT,SECO9,0.02,9375.302,3,3,9375.302,0.0,0.0,0.0,0.0,468765.1
1667039,IT,ES,NONME,PRINT,0.02,9375.293,3,3,9375.293,0.0,0.0,0.0,0.0,468764.65
1681917,IT,HR,PROCE,STONE,0.06,9374.792,3,3,9374.792,0.0,0.0,0.0,0.0,156246.533333
1747606,IT,JP,AIRTR,RETAI,0.01,9374.584,3,3,9374.584,0.0,0.0,0.0,0.0,937458.4
1684125,IT,HR,LANDT,WHEAT,0.06,9374.361,3,3,9374.361,0.0,0.0,0.0,0.0,156239.35
1769102,IT,AU,PLAST,TRAN2,0.02,9373.297,3,3,9373.297,0.0,0.0,0.0,0.0,468664.85
1806321,IT,WF,OFFIC,RADIO,0.03,9373.137,3,3,9373.137,0.0,0.0,0.0,0.0,312437.9
1737755,IT,GB,HEAVY,FABRI,0.02,9372.611,3,3,9372.611,0.0,0.0,0.0,0.0,468630.55
1665400,IT,ES,TEXTI,ALUM1,0.06,9372.451,3,3,9372.451,0.0,0.0,0.0,0.0,156207.516667
1663141,IT,DK,LANDT,MEATC,0.06,9372.004,3,3,9372.004,0.0,0.0,0.0,0.0,156200.066667
1650239,IT,BG,FURNI,LANDT,0.03,9371.145,3,3,9371.145,0.0,0.0,0.0,0.0,312371.5
1732686,IT,SI,CERAM,ELEC3,0.01,9370.779,3,3,9370.779,0.0,0.0,0.0,0.0,937077.9
1665045,IT,ES,MEATC,EDUCA,0.03,9370.543,3,3,9370.543,0.0,0.0,0.0,0.0,312351.433333
1728390,IT,SE,TEXTI,FINAN,0.06,9370.466,3,3,9370.466,0.0,0.0,0.0,0.0,156174.433333
1740435,IT,GB,FOOD2,DIST1,0.05,9370.245,3,3,9370.245,0.0,0.0,0.0,0.0,187404.9
1686034,IT,HU,BIODI,PUBLI,0.02,9370.182,3,3,9370.182,0.0,0.0,0.0,0.0,468509.1
1748511,IT,CN,SANDC,WHOLE,0.02,9370.088,4,4,9368.088,0.0,0.0,2.0,0.0,468504.4
1747392,IT,JP,RAILW,MOTOR,0.06,9369.942,3,3,9369.942,0.0,0.0,0.0,0.0,156165.7
1813138,IT,WM,MOTO1,ETHAN,0.05,9369.638,3,3,9369.638,0.0,0.0,0.0,0.0,187392.76
1661955,IT,DK,HEAVY,COMPU,0.02,9369.483,3,3,9369.483,0.0,0.0,0.0,0.0,468474.15
1740071,IT,GB,RENTI,PAPE1,0.06,9369.321,3,3,9369.321,0.0,0.0,0.0,0.0,156155.35
1733154,IT,SI,FABRI,FINAN,0.04,9369.184,3,3,9369.184,0.0,0.0,0.0,0.0,234229.6
1734804,IT,SK,PULP5,PLANT,0.03,9368.783,3,3,9368.783,0.0,0.0,0.0,0.0,312292.766667
1665224,IT,ES,FOOD5,LANDT,0.05,9368.409,3,3,9368.409,0.0,0.0,0.0,0.0,187368.18
1641425,IT,AT,GASDI,PRINT,0.01,9368.269,3,3,9368.269,0.0,0.0,0.0,0.0,936826.9
1677344,IT,FR,FINAN,INERT,0.12,9367.548,3,3,9367.548,0.0,0.0,0.0,0.0,78062.9
1656603,IT,DE,PRINT,FOUND,0.09,9367.494,3,3,9367.494,0.0,0.0,0.0,0.0,104083.266667
1752776,IT,CA,WOODW,ELEC6,0.03,9367.2,3,3,9367.2,0.0,0.0,0.0,0.0,312240.0
1641330,IT,AT,KEROS,SANDC,0.01,9367.17,3,3,9367.17,0.0,0.0,0.0,0.0,936717.0
1769845,IT,AU,OFFIC,PRINT,0.03,9366.451,3,3,9366.451,0.0,0.0,0.0,0.0,312215.033333
1746414,IT,JP,RUBBE,TRAN2,0.03,9366.217,3,3,9366.217,0.0,0.0,0.0,0.0,312207.233333
1794413,IT,WL,KERO1,VEGET,0.01,9365.523,3,3,9365.523,0.0,0.0,0.0,0.0,936552.3
1765880,IT,RU,PLAST,FOOD5,0.02,9365.474,3,3,9365.474,0.0,0.0,0.0,0.0,468273.7
1660155,IT,DE,SUPPO,HEAVY,0.07,9365.465,3,3,9365.465,0.0,0.0,0.0,0.0,133792.357143
1731924,IT,SI,MOTOR,BASIC,0.01,9365.395,3,3,9365.395,0.0,0.0,0.0,0.0,936539.5
1797254,IT,WL,FINAN,MEMBE,0.12,9365.203,3,3,9365.203,0.0,0.0,0.0,0.0,78043.358333
1665942,IT,ES,MOTOR,PULP5,0.01,9364.837,3,3,9364.837,0.0,0.0,0.0,0.0,936483.7
1750650,IT,CN,MOTO1,NATUR,0.05,9364.358,3,3,9364.358,0.0,0.0,0.0,0.0,187287.16
1641465,IT,AT,GASDI,INSUR,0.01,9364.34,3,3,9364.34,0.0,0.0,0.0,0.0,936434.0
1669298,IT,ES,FINAN,NONME,0.12,9364.258,3,3,9364.258,0.0,0.0,0.0,0.0,78035.483333
1713863,IT,MT,ELEC4,PFERT,0.15,9363.808,3,3,9363.808,0.0,0.0,0.0,0.0,62425.386667
1682373,IT,HR,WOODW,FOOD4,0.03,9363.808,3,3,9363.808,0.0,0.0,0.0,0.0,312126.933333
1684909,IT,HU,CHEMI,RAWMI,0.02,9363.76,3,3,9363.76,0.0,0.0,0.0,0.0,468188.0
1730983,IT,SE,OILHA,BASIC,0.05,9363.661,3,3,9363.661,0.0,0.0,0.0,0.0,187273.22
1729027,IT,SE,RUBBE,VEGE1,0.03,9363.579,3,3,9363.579,0.0,0.0,0.0,0.0,312119.3
1800367,IT,WE,CHEM1,CEMEN,0.02,9363.445,3,3,9363.445,0.0,0.0,0.0,0.0,468172.25
1734464,IT,SK,FISHF,RETA1,0.02,9363.163,3,3,9363.163,0.0,0.0,0.0,0.0,468158.15
1671211,IT,FI,NONME,ELE12,0.02,9363.159,3,3,9363.159,0.0,0.0,0.0,0.0,468157.95
1784180,IT,ID,PAPER,LANDT,0.04,9363.101,3,3,9363.101,0.0,0.0,0.0,0.0,234077.525
1773217,IT,CH,FABRI,COPP1,0.04,9362.142,3,3,9362.142,0.0,0.0,0.0,0.0,234053.55
1769216,IT,AU,RUBBE,OILSE,0.03,9362.114,3,3,9362.114,0.0,0.0,0.0,0.0,312070.466667
1650424,IT,BG,ELEC4,OFFIC,0.15,9362.087,3,3,9362.087,0.0,0.0,0.0,0.0,62413.913333
1800171,IT,WE,NONSP,AIRTR,0.01,9361.868,3,3,9361.868,0.0,0.0,0.0,0.0,936186.8
1808701,IT,WF,TEXT2,CEREA,0.07,9361.864,3,3,9361.864,0.0,0.0,0.0,0.0,133740.914286
1661611,IT,DK,BEVER,93197,0.04,9361.801,3,3,9361.801,0.0,0.0,0.0,0.0,234045.025
1714176,IT,MT,POSTT,RENTI,0.15,9361.745,3,3,9361.745,0.0,0.0,0.0,0.0,62411.633333
1753191,IT,CA,GLASS,BASIC,0.03,9361.648,3,3,9361.648,0.0,0.0,0.0,0.0,312054.933333
1766555,IT,RU,COPP1,SECO9,0.02,9361.56,3,3,9361.56,0.0,0.0,0.0,0.0,468078.0
1763433,IT,MX,LUBRI,GASDI,0.01,9361.296,3,3,9361.296,0.0,0.0,0.0,0.0,936129.6
1797982,IT,WL,PAPE4,HOTEL,0.06,9361.208,3,3,9361.208,0.0,0.0,0.0,0.0,156020.133333
1647486,IT,BE,SUPPO,WEARI,0.07,9360.507,3,3,9360.507,0.0,0.0,0.0,0.0,133721.528571
1765716,IT,RU,PAPER,INSUR,0.04,9360.129,3,3,9360.129,0.0,0.0,0.0,0.0,234003.225
1749623,IT,CN,CHEM1,STONE,0.02,9360.04,3,3,9360.04,0.0,0.0,0.0,0.0,468002.0
1792027,IT,WA,AIRTR,ANIMA,0.01,9359.977,3,3,9359.977,0.0,0.0,0.0,0.0,935997.7
1648829,IT,BG,TEXTI,CROPS,0.06,9359.656,3,3,9359.656,0.0,0.0,0.0,0.0,155994.266667
1712229,IT,LV,PAPER,MOTO1,0.04,9358.401,3,3,9358.401,0.0,0.0,0.0,0.0,233960.025
1666196,IT,ES,HEAVY,PROCE,0.02,9358.097,3,3,9358.097,0.0,0.0,0.0,0.0,467904.85
1787231,IT,WA,VEGET,DAIRY,0.03,9357.876,3,3,9357.876,0.0,0.0,0.0,0.0,311929.2
1777417,IT,TR,NONME,SANDC,0.02,9357.748,3,3,9357.748,0.0,0.0,0.0,0.0,467887.4
1683767,IT,HR,MACHI,AIRTR,0.05,9357.722,3,3,9357.722,0.0,0.0,0.0,0.0,187154.44
1791344,IT,WA,SALEM,PFERT,0.08,9357.681,3,3,9357.681,0.0,0.0,0.0,0.0,116971.0125
1770210,IT,AU,HOTEL,LIGNI,0.07,9357.591,3,3,9357.591,0.0,0.0,0.0,0.0,133679.871429
1652087,IT,CZ,SANDC,GLASS,0.02,9357.16,4,4,9355.16,0.0,0.0,2.0,0.0,467858.0
1640855,IT,AT,LEATH,DAIRY,0.07,9356.5,4,4,9356.498,0.0,0.0,0.0,0.002,133664.285714
1744758,IT,US,RESEA,KERO1,0.05,9356.287,3,3,9356.287,0.0,0.0,0.0,0.0,187125.74
1767083,IT,RU,FURNI,NONF1,0.03,9355.32,3,3,9355.32,0.0,0.0,0.0,0.0,311844.0
1787961,IT,WA,TOBAC,RETA1,0.04,9354.84,3,3,9354.84,0.0,0.0,0.0,0.0,233871.0
1644276,IT,BE,CROPS,HOTEL,0.07,9354.754,3,3,9354.754,0.0,0.0,0.0,0.0,133639.342857
1683916,IT,HR,FURNI,TRANS,0.03,9354.05,3,3,9354.05,0.0,0.0,0.0,0.0,311801.666667
1687252,IT,HU,WHOLE,PRINT,0.08,9353.736,3,3,9353.736,0.0,0.0,0.0,0.0,116921.7
1685132,IT,HU,FOOD5,SUPPO,0.04,9353.545,3,3,9353.545,0.0,0.0,0.0,0.0,233838.625
1742939,IT,US,MACHI,ELE12,0.05,9352.865,3,3,9352.865,0.0,0.0,0.0,0.0,187057.3
1712323,IT,LV,RUBBE,BIODI,0.03,9352.81,3,3,9352.81,0.0,0.0,0.0,0.0,311760.333333
1653459,IT,CZ,NONME,RETA1,0.02,9352.189,3,3,9352.189,0.0,0.0,0.0,0.0,467609.45
1648589,IT,BG,CHEMI,BIODI,0.02,9352.096,3,3,9352.096,0.0,0.0,0.0,0.0,467604.8
1652106,IT,CZ,CHEMI,COKEO,0.02,9351.994,3,3,9351.994,0.0,0.0,0.0,0.0,467599.7
1722997,IT,PT,PLAST,ANIMA,0.02,9351.297,3,3,9351.297,0.0,0.0,0.0,0.0,467564.85
1723889,IT,PT,FURNI,CHEM1,0.03,9351.187,3,3,9351.187,0.0,0.0,0.0,0.0,311706.233333
1794380,IT,WL,KEROS,BASIC,0.01,9350.983,3,3,9350.983,0.0,0.0,0.0,0.0,935098.3
1681983,IT,HR,FOOD5,SEACO,0.04,9350.866,3,3,9350.866,0.0,0.0,0.0,0.0,233771.65
1687655,IT,HU,AIRTR,GLASS,0.01,9350.76,3,3,9350.76,0.0,0.0,0.0,0.0,935076.0
1687229,IT,HU,SALEM,HEALT,0.08,9350.372,3,3,9350.372,0.0,0.0,0.0,0.0,116879.65
1670010,IT,ES,HEALT,POSTT,0.05,9350.194,3,3,9350.194,0.0,0.0,0.0,0.0,187003.88
1729788,IT,SE,MACHI,TRAN2,0.05,9350.073,3,3,9350.073,0.0,0.0,0.0,0.0,187001.46
1765934,IT,RU,PLAST,COMPU,0.02,9350.061,3,3,9350.061,0.0,0.0,0.0,0.0,467503.05
1775390,IT,CH,PUBLI,SECO9,0.15,9349.651,3,3,9349.651,0.0,0.0,0.0,0.0,62331.006667
1757745,IT,BR,PARAF,HEAVY,0.01,9348.937,3,3,9348.937,0.0,0.0,0.0,0.0,934893.7
1727132,IT,RO,LANDT,FURNI,0.06,9348.866,3,3,9348.866,0.0,0.0,0.0,0.0,155814.433333
1812583,IT,WM,LEAD1,PRINT,0.02,9348.822,3,3,9348.822,0.0,0.0,0.0,0.0,467441.1
1679915,IT,GR,FABRI,PLANT,0.04,9348.395,3,3,9348.395,0.0,0.0,0.0,0.0,233709.875
1681878,IT,HR,DAIRY,MEATA,0.04,9348.118,3,3,9348.118,0.0,0.0,0.0,0.0,233702.95
1646458,IT,BE,MACHI,LIQUE,0.05,9348.038,3,3,9348.038,0.0,0.0,0.0,0.0,186960.76
1754894,IT,KR,TOBAC,COPP1,0.04,9347.798,3,3,9347.798,0.0,0.0,0.0,0.0,233694.95
1724634,IT,PT,FINAN,RENTI,0.12,9347.793,3,3,9347.793,0.0,0.0,0.0,0.0,77898.275
1718004,IT,PL,CHEMI,BEVER,0.02,9347.659,3,3,9347.659,0.0,0.0,0.0,0.0,467382.95
1746210,IT,JP,CHEM1,VEGE1,0.02,9346.941,3,3,9346.941,0.0,0.0,0.0,0.0,467347.05
1641861,IT,AT,BIOGA,HEALT,0.02,9346.73,3,3,9346.73,0.0,0.0,0.0,0.0,467336.5
1733532,IT,SI,WHOLE,FOOD4,0.08,9346.345,3,3,9346.345,0.0,0.0,0.0,0.0,116829.3125
1804702,IT,WF,LIQUE,FABRI,0.02,9346.136,3,3,9346.136,0.0,0.0,0.0,0.0,467306.8
1714652,IT,NL,MEAT4,MEATC,0.05,9345.887,3,3,9345.887,0.0,0.0,0.0,0.0,186917.74
1669567,IT,ES,REALE,SALEM,0.39,9345.712,3,3,9345.712,0.0,0.0,0.0,0.0,23963.364103
1662833,IT,DK,SALEM,SUPPO,0.08,9345.363,3,3,9345.363,0.0,0.0,0.0,0.0,116817.0375
1733111,IT,SI,FABRI,NFERT,0.04,9344.264,3,3,9344.264,0.0,0.0,0.0,0.0,233606.6
1715676,IT,NL,NONSP,PARAF,0.01,9344.202,3,3,9344.202,0.0,0.0,0.0,0.0,934420.2
1676195,IT,FR,CONST,ELEC5,0.05,9343.902,3,3,9343.902,0.0,0.0,0.0,0.0,186878.04
1790287,IT,WA,ALUM1,LEADZ,0.02,9343.762,3,3,9343.762,0.0,0.0,0.0,0.0,467188.1
1762180,IT,IN,TRAN2,CRUDE,0.01,9343.728,3,3,9343.728,0.0,0.0,0.0,0.0,934372.8
1724001,IT,PT,RETAI,STONE,0.07,9343.412,3,3,9343.412,0.0,0.0,0.0,0.0,133477.314286
1669466,IT,ES,INSUR,93197,0.19,9343.389,3,3,9343.389,0.0,0.0,0.0,0.0,49175.731579
1687819,IT,HU,POSTT,REALE,0.15,9343.368,3,3,9343.368,0.0,0.0,0.0,0.0,62289.12
1712302,IT,LV,RUBBE,CROPS,0.03,9343.07,3,3,9343.07,0.0,0.0,0.0,0.0,311435.666667
1762501,IT,IN,INSUR,WEARI,0.19,9342.203,3,3,9342.203,0.0,0.0,0.0,0.0,49169.489474
1753705,IT,CA,TRANS,CRUDE,0.06,9341.858,3,3,9341.858,0.0,0.0,0.0,0.0,155697.633333
1790964,IT,WA,MOTO1,SANDC,0.05,9341.824,3,3,9341.824,0.0,0.0,0.0,0.0,186836.48
1685617,IT,HU,MOTOR,CRUDE,0.01,9340.725,3,3,9340.725,0.0,0.0,0.0,0.0,934072.5
1718735,IT,PL,PULP5,CEMEN,0.03,9339.569,3,3,9339.569,0.0,0.0,0.0,0.0,311318.966667
1746518,IT,JP,NONME,VEGET,0.02,9338.658,3,3,9338.658,0.0,0.0,0.0,0.0,466932.9
1798909,IT,WE,FISH5,CROPS,0.04,9337.996,4,4,9337.991,0.0,0.0,0.0,0.005,233449.9
1653704,IT,CZ,COPP1,WHEAT,0.02,9337.882,3,3,9337.882,0.0,0.0,0.0,0.0,466894.1
1685040,IT,HU,DAIRY,MACHI,0.04,9337.853,3,3,9337.853,0.0,0.0,0.0,0.0,233446.325
1796670,IT,WL,HOTEL,RENTI,0.07,9337.778,3,3,9337.778,0.0,0.0,0.0,0.0,133396.828571
1651966,IT,CY,BUSIN,RENTI,0.1,9337.646,3,3,9337.646,0.0,0.0,0.0,0.0,93376.46
1753234,IT,CA,CERAM,MOTO1,0.01,9337.294,3,3,9337.294,0.0,0.0,0.0,0.0,933729.4
1726870,IT,RO,RETA1,CEMEN,0.1,9337.017,3,3,9337.017,0.0,0.0,0.0,0.0,93370.17
1785096,IT,ZA,CHEMI,FURNI,0.02,9336.993,3,3,9336.993,0.0,0.0,0.0,0.0,466849.65
1732421,IT,SI,PLAST,RENTI,0.02,9336.973,3,3,9336.973,0.0,0.0,0.0,0.0,466848.65
1805548,IT,WF,BRICK,STONE,0.01,9336.78,3,3,9336.78,0.0,0.0,0.0,0.0,933678.0
1776842,IT,TR,BITU1,KERO1,0.01,9336.21,3,3,9336.21,0.0,0.0,0.0,0.0,933621.0
1656718,IT,DE,MOTOR,ELEC1,0.01,9335.116,3,3,9335.116,0.0,0.0,0.0,0.0,933511.6
1645357,IT,BE,HEAVY,STONE,0.02,9335.04,3,3,9335.04,0.0,0.0,0.0,0.0,466752.0
1652089,IT,CZ,SANDC,CEMEN,0.02,9334.84,4,4,9332.84,0.0,0.0,2.0,0.0,466742.0
1717992,IT,PL,SANDC,RENTI,0.02,9334.754,4,4,9332.754,0.0,0.0,2.0,0.0,466737.7
1775485,IT,CH,PLAS1,HEALT,0.03,9334.728,3,3,9334.728,0.0,0.0,0.0,0.0,311157.6
1663816,IT,EE,FISH5,PLAST,0.04,9334.696,4,4,9334.691,0.0,0.0,0.0,0.005,233367.4
1765516,IT,RU,WEARI,RESEA,0.07,9334.644,4,4,9334.642,0.0,0.0,0.0,0.002,133352.057143
1772004,IT,CH,PRINT,CATTL,0.09,9334.487,3,3,9334.487,0.0,0.0,0.0,0.0,103716.522222
1723330,IT,PT,NONME,PAPER,0.02,9334.436,3,3,9334.436,0.0,0.0,0.0,0.0,466721.8
1748588,IT,CN,VEGE1,TRANS,0.03,9333.992,4,4,9333.99,0.0,0.0,0.0,0.002,311133.066667
1652994,IT,CZ,PLAST,LIGNI,0.02,9333.506,3,3,9333.506,0.0,0.0,0.0,0.0,466675.3
1786585,IT,ZA,FURNI,MEMBE,0.03,9333.419,3,3,9333.419,0.0,0.0,0.0,0.0,311113.966667
1812518,IT,WM,ALUM1,FISH5,0.02,9333.354,3,3,9333.354,0.0,0.0,0.0,0.0,466667.7
1779275,IT,TR,FINAN,ELEC2,0.12,9333.311,3,3,9333.311,0.0,0.0,0.0,0.0,77777.591667
1649628,IT,BG,GLASS,ELEC3,0.03,9333.053,3,3,9333.053,0.0,0.0,0.0,0.0,311101.766667
1676224,IT,FR,CONST,FOODW,0.05,9332.68,3,3,9332.68,0.0,0.0,0.0,0.0,186653.6
1690256,IT,IE,INTER,WOODW,0.06,9332.678,3,3,9332.678,0.0,0.0,0.0,0.0,155544.633333
1806788,IT,WF,RETA1,MEAT1,0.1,9332.283,3,3,9332.283,0.0,0.0,0.0,0.0,93322.83
1797821,IT,WL,FOOD2,DAIRY,0.05,9332.248,3,3,9332.248,0.0,0.0,0.0,0.0,186644.96
1800443,IT,WE,BIODI,POULT,0.02,9332.237,3,3,9332.237,0.0,0.0,0.0,0.0,466611.85
1726137,IT,RO,RUBBE,OILHA,0.03,9332.131,3,3,9332.131,0.0,0.0,0.0,0.0,311071.033333
1814064,IT,WM,AIRTR,WOOLS,0.01,9332.085,3,3,9332.085,0.0,0.0,0.0,0.0,933208.5
1745966,IT,JP,WOODW,ELEC3,0.03,9332.041,3,3,9332.041,0.0,0.0,0.0,0.0,311068.033333
1661405,IT,DK,VEGE1,TEXTI,0.03,9331.409,4,4,9331.407,0.0,0.0,0.0,0.002,311046.966667
1644291,IT,BE,WOOLS,COLLE,0.04,9331.371,3,3,9331.371,0.0,0.0,0.0,0.0,233284.275
1681652,IT,HR,VEGET,FISH5,0.03,9331.225,3,3,9331.225,0.0,0.0,0.0,0.0,311040.833333
1714579,IT,NL,STONE,CEMEN,0.03,9331.172,4,4,9330.172,0.0,0.0,1.0,0.0,311039.066667
1759022,IT,BR,LANDT,PUBLI,0.06,9330.97,3,3,9330.97,0.0,0.0,0.0,0.0,155516.166667
1717943,IT,PL,STONE,DISTR,0.03,9330.685,4,4,9329.685,0.0,0.0,1.0,0.0,311022.833333
1735721,IT,SK,FABRI,RETAI,0.04,9330.211,3,3,9330.211,0.0,0.0,0.0,0.0,233255.275
1713944,IT,MT,CONST,BUSIN,0.05,9329.4,3,3,9329.4,0.0,0.0,0.0,0.0,186588.0
1646303,IT,BE,COPP1,OILHA,0.02,9328.822,3,3,9328.822,0.0,0.0,0.0,0.0,466441.1
1728955,IT,SE,CHEM1,INSUR,0.02,9328.352,3,3,9328.352,0.0,0.0,0.0,0.0,466417.6
1722773,IT,PT,PAPER,LUBRI,0.04,9328.098,3,3,9328.098,0.0,0.0,0.0,0.0,233202.45
1733909,IT,SI,AIRTR,CONST,0.01,9328.081,3,3,9328.081,0.0,0.0,0.0,0.0,932808.1
1722846,IT,PT,PRINT,LEATH,0.09,9327.696,3,3,9327.696,0.0,0.0,0.0,0.0,103641.066667
1709925,IT,LT,BASIC,NONME,0.01,9327.649,3,3,9327.649,0.0,0.0,0.0,0.0,932764.9
1790757,IT,WA,MACHI,PRECI,0.05,9327.63,3,3,9327.63,0.0,0.0,0.0,0.0,186552.6
1670631,IT,FI,LEATH,PRINT,0.07,9327.364,4,4,9327.362,0.0,0.0,0.0,0.002,133248.057143
1671085,IT,FI,RUBBE,INSUR,0.03,9327.32,3,3,9327.32,0.0,0.0,0.0,0.0,310910.666667
1795685,IT,WL,FABRI,DIST1,0.04,9326.866,3,3,9326.866,0.0,0.0,0.0,0.0,233171.65
1797981,IT,WL,PAPE4,RETA1,0.06,9326.427,3,3,9326.427,0.0,0.0,0.0,0.0,155440.45
1764442,IT,MX,FURNI,NONME,0.03,9326.34,3,3,9326.34,0.0,0.0,0.0,0.0,310878.0
1724115,IT,PT,RETA1,FOOD5,0.1,9326.305,3,3,9326.305,0.0,0.0,0.0,0.0,93263.05
1796283,IT,WL,CONST,RETAI,0.05,9326.297,3,3,9326.297,0.0,0.0,0.0,0.0,186525.94
1781155,IT,TW,WASTE,BASIC,0.03,9326.28,3,3,9326.28,0.0,0.0,0.0,0.0,310876.0
1809997,IT,WM,TEXTI,OILSE,0.06,9326.154,3,3,9326.154,0.0,0.0,0.0,0.0,155435.9
1653829,IT,CZ,FABRI,BKBPE,0.04,9326.134,3,3,9326.134,0.0,0.0,0.0,0.0,233153.35
1806602,IT,WF,SALEM,CEREA,0.08,9325.936,3,3,9325.936,0.0,0.0,0.0,0.0,116574.2
1743959,IT,US,INLAN,93197,0.02,9325.248,3,3,9325.248,0.0,0.0,0.0,0.0,466262.4
1744570,IT,US,REALE,EDUCA,0.39,9324.959,3,3,9324.959,0.0,0.0,0.0,0.0,23910.151282
1770062,IT,AU,RETAI,RETA1,0.07,9324.784,3,3,9324.784,0.0,0.0,0.0,0.0,133211.2
1808200,IT,WF,OILHA,AUXIL,0.05,9324.584,3,3,9324.584,0.0,0.0,0.0,0.0,186491.68
1652821,IT,CZ,PRINT,FABRI,0.09,9324.443,3,3,9324.443,0.0,0.0,0.0,0.0,103604.922222
1793494,IT,WL,CHEMI,NFERT,0.02,9324.381,3,3,9324.381,0.0,0.0,0.0,0.0,466219.05
1772143,IT,CH,AVIAT,PUBLI,0.02,9324.377,3,3,9324.377,0.0,0.0,0.0,0.0,466218.85
1792472,IT,WA,AUXIL,RESEA,0.17,9324.286,3,3,9324.286,0.0,0.0,0.0,0.0,54848.741176
1646237,IT,BE,LEAD1,PULP5,0.02,9324.253,3,3,9324.253,0.0,0.0,0.0,0.0,466212.65
1682912,IT,HR,NAPHT,ELEC6,0.02,9324.144,3,3,9324.144,0.0,0.0,0.0,0.0,466207.2
1772757,IT,CH,NONME,MEATA,0.02,9323.671,3,3,9323.671,0.0,0.0,0.0,0.0,466183.55
1640820,IT,AT,WEARI,HOTEL,0.07,9323.466,4,4,9323.464,0.0,0.0,0.0,0.002,133192.371429
1782959,IT,NO,AIRTR,POSTT,0.01,9323.462,3,3,9323.462,0.0,0.0,0.0,0.0,932346.2
1712097,IT,LV,BEVER,PUBLI,0.04,9323.368,3,3,9323.368,0.0,0.0,0.0,0.0,233084.2
1765777,IT,RU,MOTOR,CRUDE,0.01,9323.274,3,3,9323.274,0.0,0.0,0.0,0.0,932327.4
1719103,IT,PL,NONSP,FURNI,0.01,9323.266,3,3,9323.266,0.0,0.0,0.0,0.0,932326.6
1709970,IT,LT,BASIC,TEXT2,0.01,9322.912,3,3,9322.912,0.0,0.0,0.0,0.0,932291.2
1728639,IT,SE,PRINT,PLAST,0.09,9322.853,3,3,9322.853,0.0,0.0,0.0,0.0,103587.255556
1761509,IT,IN,ALUM1,NONF1,0.02,9322.293,3,3,9322.293,0.0,0.0,0.0,0.0,466114.65
1662837,IT,DK,SALEM,PUBLI,0.08,9321.591,3,3,9321.591,0.0,0.0,0.0,0.0,116519.8875
1678883,IT,GR,FISH5,MEMBE,0.04,9321.531,4,4,9321.526,0.0,0.0,0.0,0.005,233038.275
1672508,IT,FI,PRIVA,CONST,2.08,9321.085,3,3,9321.085,0.0,0.0,0.0,0.0,4481.290865
1683362,IT,HR,NONME,FOOD4,0.02,9320.94,3,3,9320.94,0.0,0.0,0.0,0.0,466047.0
1811431,IT,WM,PLAST,REFIN,0.02,9320.681,3,3,9320.681,0.0,0.0,0.0,0.0,466034.05
1739779,IT,GB,POSTT,FABRI,0.15,9320.397,3,3,9320.397,0.0,0.0,0.0,0.0,62135.98
1688619,IT,IE,PLAST,LEADZ,0.02,9319.746,3,3,9319.746,0.0,0.0,0.0,0.0,465987.3
1738902,IT,GB,FURNI,CEMEN,0.03,9319.225,3,3,9319.225,0.0,0.0,0.0,0.0,310640.833333
1783379,IT,NO,PLAS1,SUPPO,0.03,9319.098,3,3,9319.098,0.0,0.0,0.0,0.0,310636.6
1731598,IT,SI,WEARI,CHEM1,0.07,9318.318,4,4,9318.316,0.0,0.0,0.0,0.002,133118.828571
1765149,IT,MX,BUSIN,PRINT,0.1,9317.737,3,3,9317.737,0.0,0.0,0.0,0.0,93177.37
1758656,IT,BR,FURNI,MOTO1,0.03,9317.179,3,3,9317.179,0.0,0.0,0.0,0.0,310572.633333
1726311,IT,RO,PREC1,PREC1,0.02,9317.153,3,3,9317.153,0.0,0.0,0.0,0.0,465857.65
1737436,IT,GB,WEARI,PUBLI,0.07,9316.947,4,4,9316.945,0.0,0.0,0.0,0.002,133099.242857
1650851,IT,BG,LANDT,SECO9,0.06,9316.907,3,3,9316.907,0.0,0.0,0.0,0.0,155281.783333
1775348,IT,CH,BUSIN,INERT,0.1,9316.841,3,3,9316.841,0.0,0.0,0.0,0.0,93168.41
1668723,IT,ES,LANDT,PARAF,0.06,9316.743,3,3,9316.743,0.0,0.0,0.0,0.0,155279.05
1752296,IT,CA,SANDC,SUPPO,0.02,9316.677,4,4,9314.677,0.0,0.0,2.0,0.0,465833.85
1755820,IT,KR,CERAM,COMPU,0.01,9316.55,3,3,9316.55,0.0,0.0,0.0,0.0,931655.0
1810420,IT,WM,PULP5,PULP5,0.03,9316.481,3,3,9316.481,0.0,0.0,0.0,0.0,310549.366667
1785278,IT,ZA,WEARI,PRECI,0.07,9316.246,4,4,9316.244,0.0,0.0,0.0,0.002,133089.228571
1794669,IT,WL,NAPHT,REFI1,0.02,9316.094,3,3,9316.094,0.0,0.0,0.0,0.0,465804.7
1802409,IT,WE,AIRTR,TEXTI,0.01,9315.783,3,3,9315.783,0.0,0.0,0.0,0.0,931578.3
1678850,IT,GR,BEVER,93197,0.04,9315.759,3,3,9315.759,0.0,0.0,0.0,0.0,232893.975
1769140,IT,AU,CHEM1,PULP5,0.02,9315.562,3,3,9315.562,0.0,0.0,0.0,0.0,465778.1
1773627,IT,CH,TRANS,FINAN,0.06,9314.758,3,3,9314.758,0.0,0.0,0.0,0.0,155245.966667
1783441,IT,NO,INTER,FOOD4,0.06,9314.557,3,3,9314.557,0.0,0.0,0.0,0.0,155242.616667
1806379,IT,WF,MOTO1,RUBBE,0.05,9314.243,3,3,9314.243,0.0,0.0,0.0,0.0,186284.86
1710544,IT,LT,SUPPO,RENTI,0.07,9314.159,3,3,9314.159,0.0,0.0,0.0,0.0,133059.414286
1643835,IT,AT,FINAN,RESEA,0.12,9313.702,3,3,9313.702,0.0,0.0,0.0,0.0,77614.183333
1647168,IT,BE,RAILW,BASIC,0.06,9313.507,3,3,9313.507,0.0,0.0,0.0,0.0,155225.116667
1643576,IT,AT,INLAN,CATTL,0.02,9313.463,3,3,9313.463,0.0,0.0,0.0,0.0,465673.15
1733965,IT,SI,SUPPO,RETAI,0.07,9313.448,3,3,9313.448,0.0,0.0,0.0,0.0,133049.257143
1739562,IT,GB,TRAN2,LANDT,0.01,9313.353,3,3,9313.353,0.0,0.0,0.0,0.0,931335.3
1724330,IT,PT,TRAN2,DIST1,0.01,9312.977,3,3,9312.977,0.0,0.0,0.0,0.0,931297.7
1652832,IT,CZ,PRINT,DISTR,0.09,9312.817,3,3,9312.817,0.0,0.0,0.0,0.0,103475.744444
1778376,IT,TR,RETAI,COLLE,0.07,9312.753,3,3,9312.753,0.0,0.0,0.0,0.0,133039.328571
1682937,IT,HR,NONSP,CEMEN,0.01,9312.719,3,3,9312.719,0.0,0.0,0.0,0.0,931271.9
1681337,IT,GR,INSUR,FURNI,0.19,9312.618,3,3,9312.618,0.0,0.0,0.0,0.0,49013.778947
1683126,IT,HR,RUBBE,POSTT,0.03,9311.629,3,3,9311.629,0.0,0.0,0.0,0.0,310387.633333
1783116,IT,NO,INSUR,RECRE,0.19,9311.305,3,3,9311.305,0.0,0.0,0.0,0.0,49006.868421
1670730,IT,FI,PAPER,BASIC,0.04,9311.241,3,3,9311.241,0.0,0.0,0.0,0.0,232781.025
1771234,IT,CH,VEGE1,COPP1,0.03,9311.179,4,4,9311.177,0.0,0.0,0.0,0.002,310372.633333
1710012,IT,LT,ALUM1,SALEM,0.02,9310.675,3,3,9310.675,0.0,0.0,0.0,0.0,465533.75
1775820,IT,TR,CHEMI,MOTO1,0.02,9310.564,3,3,9310.564,0.0,0.0,0.0,0.0,465528.2
1660131,IT,DE,AIRTR,INERT,0.01,9310.55,3,3,9310.55,0.0,0.0,0.0,0.0,931055.0
1652292,IT,CZ,BEVER,LEATH,0.04,9310.186,3,3,9310.186,0.0,0.0,0.0,0.0,232754.65
1714035,IT,MT,HOTEL,TRANS,0.07,9309.811,3,3,9309.811,0.0,0.0,0.0,0.0,132997.3
1686481,IT,HU,PREC1,PAPER,0.02,9309.506,3,3,9309.506,0.0,0.0,0.0,0.0,465475.3
1714904,IT,NL,BEVER,ALUM1,0.04,9309.202,3,3,9309.202,0.0,0.0,0.0,0.0,232730.05
1731187,IT,SI,CHEMI,MEATC,0.02,9308.55,3,3,9308.55,0.0,0.0,0.0,0.0,465427.5
1748247,IT,JP,OILHA,TRANS,0.05,9308.397,3,3,9308.397,0.0,0.0,0.0,0.0,186167.94
1778714,IT,TR,RAILW,CHEM1,0.06,9307.752,3,3,9307.752,0.0,0.0,0.0,0.0,155129.2
1725978,IT,RO,CHEM1,NAPHT,0.02,9307.011,3,3,9307.011,0.0,0.0,0.0,0.0,465350.55
1685193,IT,HU,BEVER,RESEA,0.04,9306.993,3,3,9306.993,0.0,0.0,0.0,0.0,232674.825
1683116,IT,HR,RUBBE,RETAI,0.03,9306.97,3,3,9306.97,0.0,0.0,0.0,0.0,310232.333333
1670516,IT,FI,BEVER,FINAN,0.04,9306.532,3,3,9306.532,0.0,0.0,0.0,0.0,232663.3
1716622,IT,NL,SALEM,RESEA,0.08,9306.527,3,3,9306.527,0.0,0.0,0.0,0.0,116331.5875
1804870,IT,WF,BITU1,TEXTI,0.01,9306.418,3,3,9306.418,0.0,0.0,0.0,0.0,930641.8
1737893,IT,GB,PLAST,93197,0.02,9306.075,3,3,9306.075,0.0,0.0,0.0,0.0,465303.75
1787217,IT,WA,VEGET,ANTHR,0.03,9306.043,3,3,9306.043,0.0,0.0,0.0,0.0,310201.433333
1788790,IT,WA,KEROS,ETHAN,0.01,9305.932,3,3,9305.932,0.0,0.0,0.0,0.0,930593.2
1759143,IT,BR,AIRTR,ELEC3,0.01,9305.89,3,3,9305.89,0.0,0.0,0.0,0.0,930589.0
1719069,IT,PL,NAPHT,FURNI,0.02,9305.552,3,3,9305.552,0.0,0.0,0.0,0.0,465277.6
1767982,IT,RU,COMPU,WHOLE,0.11,9305.171,3,3,9305.171,0.0,0.0,0.0,0.0,84592.463636
1661962,IT,DK,NAPHT,KEROS,0.02,9304.685,3,3,9304.685,0.0,0.0,0.0,0.0,465234.25
1729006,IT,SE,RUBBE,CEREA,0.03,9304.387,3,3,9304.387,0.0,0.0,0.0,0.0,310146.233333
1646208,IT,BE,ALUM1,RAILW,0.02,9303.833,3,3,9303.833,0.0,0.0,0.0,0.0,465191.65
1741714,IT,US,HEAVY,INERT,0.02,9303.039,3,3,9303.039,0.0,0.0,0.0,0.0,465151.95
1663806,IT,EE,BEVER,PUBLI,0.04,9301.87,3,3,9301.87,0.0,0.0,0.0,0.0,232546.75
1686942,IT,HU,MACHI,COPP1,0.05,9301.785,3,3,9301.785,0.0,0.0,0.0,0.0,186035.7
1668255,IT,ES,WHOLE,FORES,0.08,9301.637,3,3,9301.637,0.0,0.0,0.0,0.0,116270.4625
1662247,IT,DK,CERAM,FOOD5,0.01,9301.604,3,3,9301.604,0.0,0.0,0.0,0.0,930160.4
1803475,IT,WF,MEAT4,LEAD1,0.05,9301.405,3,3,9301.405,0.0,0.0,0.0,0.0,186028.1
1716672,IT,NL,WHOLE,NFERT,0.08,9301.362,3,3,9301.362,0.0,0.0,0.0,0.0,116267.025
1654717,IT,CZ,LANDT,SEWAG,0.06,9300.833,3,3,9300.833,0.0,0.0,0.0,0.0,155013.883333
1781239,IT,NO,MEATA,RAWMI,0.05,9300.67,3,3,9300.67,0.0,0.0,0.0,0.0,186013.4
1759423,IT,BR,INSUR,CONST,0.19,9300.625,3,3,9300.625,0.0,0.0,0.0,0.0,48950.657895
1711310,IT,LU,WHOLE,TOBAC,0.08,9300.396,3,3,9300.396,0.0,0.0,0.0,0.0,116254.95
1770506,IT,AU,AIRTR,RETAI,0.01,9300.209,3,3,9300.209,0.0,0.0,0.0,0.0,930020.9
1789679,IT,WA,RUBBE,STEAM,0.03,9300.118,3,3,9300.118,0.0,0.0,0.0,0.0,310003.933333
1760458,IT,IN,FISH5,WHOLE,0.04,9300.006,4,4,9300.001,0.0,0.0,0.0,0.005,232500.15
1668265,IT,ES,WHOLE,PROCE,0.08,9299.565,3,3,9299.565,0.0,0.0,0.0,0.0,116244.5625
1775396,IT,CH,PUBLI,SALEM,0.15,9299.403,3,3,9299.403,0.0,0.0,0.0,0.0,61996.02
1742060,IT,US,RUBBE,VEGE1,0.03,9299.284,3,3,9299.284,0.0,0.0,0.0,0.0,309976.133333
1736794,IT,SK,COMPU,OFFIC,0.11,9298.703,3,3,9298.703,0.0,0.0,0.0,0.0,84533.663636
1646248,IT,BE,LEAD1,COPP1,0.02,9298.689,3,3,9298.689,0.0,0.0,0.0,0.0,464934.45
1670650,IT,FI,LEATH,AUXIL,0.07,9298.301,4,4,9298.299,0.0,0.0,0.0,0.002,132832.871429
1731293,IT,SI,VEGE1,ANIMA,0.03,9298.25,4,4,9298.248,0.0,0.0,0.0,0.002,309941.666667
1802688,IT,WE,RENTI,HEALT,0.06,9298.126,3,3,9298.126,0.0,0.0,0.0,0.0,154968.766667
1684784,IT,HU,MEATA,RUBBE,0.05,9298.116,3,3,9298.116,0.0,0.0,0.0,0.0,185962.32
1651484,IT,CY,HEAVY,CERAM,0.02,9297.512,3,3,9297.512,0.0,0.0,0.0,0.0,464875.6
1780200,IT,TW,RAILW,WOODW,0.06,9297.257,3,3,9297.257,0.0,0.0,0.0,0.0,154954.283333
1681760,IT,HR,SANDC,MOTO1,0.02,9296.643,4,4,9294.643,0.0,0.0,2.0,0.0,464832.15
1811959,IT,WM,GLASS,MEATC,0.03,9296.637,3,3,9296.637,0.0,0.0,0.0,0.0,309887.9
1720107,IT,PL,LEAD1,CHEM1,0.02,9296.499,3,3,9296.499,0.0,0.0,0.0,0.0,464824.95
1728371,IT,SE,TEXTI,RADIO,0.06,9296.444,3,3,9296.444,0.0,0.0,0.0,0.0,154940.733333
1678877,IT,GR,FISH5,SUPPO,0.04,9296.036,4,4,9296.031,0.0,0.0,0.0,0.005,232400.9
1770965,IT,CH,VEGET,SECO9,0.03,9296.003,3,3,9296.003,0.0,0.0,0.0,0.0,309866.766667
1746320,IT,JP,ADDIT,WOODW,0.02,9295.621,3,3,9295.621,0.0,0.0,0.0,0.0,464781.05
1660325,IT,DE,FINAN,RAWMI,0.12,9295.302,3,3,9295.302,0.0,0.0,0.0,0.0,77460.85
1800878,IT,WE,PREC1,NICKE,0.02,9295.202,3,3,9295.202,0.0,0.0,0.0,0.0,464760.1
1790961,IT,WA,MOTO1,NATU1,0.05,9294.839,3,3,9294.839,0.0,0.0,0.0,0.0,185896.78
1730504,IT,SE,FINAN,SUPPO,0.12,9294.723,3,3,9294.723,0.0,0.0,0.0,0.0,77456.025
1771551,IT,CH,TEXTI,PLAST,0.06,9294.666,3,3,9294.666,0.0,0.0,0.0,0.0,154911.1
1758153,IT,BR,NONME,NFERT,0.02,9294.644,3,3,9294.644,0.0,0.0,0.0,0.0,464732.2
1650422,IT,BG,ELEC4,FABRI,0.15,9294.325,3,3,9294.325,0.0,0.0,0.0,0.0,61962.166667
1650155,IT,BG,MOTO1,CEMEN,0.05,9294.145,3,3,9294.145,0.0,0.0,0.0,0.0,185882.9
1678895,IT,GR,TEXTI,VEGE1,0.06,9293.95,3,3,9293.95,0.0,0.0,0.0,0.0,154899.166667
1735275,IT,SK,GLASS,CERAM,0.03,9293.862,3,3,9293.862,0.0,0.0,0.0,0.0,309795.4
1733832,IT,SI,TRAN2,BEVER,0.01,9293.111,3,3,9293.111,0.0,0.0,0.0,0.0,929311.1
1775897,IT,TR,PROCE,ELECT,0.06,9293.028,3,3,9293.028,0.0,0.0,0.0,0.0,154883.8
1679785,IT,GR,PREC1,OFFIC,0.02,9292.806,3,3,9292.806,0.0,0.0,0.0,0.0,464640.3
1666316,IT,ES,LIQUE,NONME,0.02,9292.164,3,3,9292.164,0.0,0.0,0.0,0.0,464608.2
1764447,IT,MX,FURNI,FOUND,0.03,9292.033,3,3,9292.033,0.0,0.0,0.0,0.0,309734.433333
1723035,IT,PT,PLAST,RETA1,0.02,9291.992,3,3,9291.992,0.0,0.0,0.0,0.0,464599.6
1642622,IT,AT,FABRI,BIODI,0.04,9291.215,3,3,9291.215,0.0,0.0,0.0,0.0,232280.375
1664538,IT,EE,FURNI,SUPPO,0.03,9290.779,3,3,9290.779,0.0,0.0,0.0,0.0,309692.633333
1782864,IT,NO,TRAN2,SALEM,0.01,9289.919,3,3,9289.919,0.0,0.0,0.0,0.0,928991.9
1783436,IT,NO,INTER,WOOD1,0.06,9289.801,3,3,9289.801,0.0,0.0,0.0,0.0,154830.016667
1782846,IT,NO,LANDT,MACHI,0.06,9288.737,3,3,9288.737,0.0,0.0,0.0,0.0,154812.283333
1757760,IT,BR,NONSP,RETA1,0.01,9288.213,3,3,9288.213,0.0,0.0,0.0,0.0,928821.3
1715788,IT,NL,RUBBE,CEREA,0.03,9287.917,3,3,9287.917,0.0,0.0,0.0,0.0,309597.233333
1667499,IT,ES,FABRI,KEROS,0.04,9287.645,3,3,9287.645,0.0,0.0,0.0,0.0,232191.125
1762976,IT,MX,DAIRY,EDUCA,0.04,9287.545,3,3,9287.545,0.0,0.0,0.0,0.0,232188.625
1782497,IT,NO,MACHI,OILHA,0.05,9287.444,3,3,9287.444,0.0,0.0,0.0,0.0,185748.88
1775395,IT,CH,PUBLI,CONST,0.15,9287.444,3,3,9287.444,0.0,0.0,0.0,0.0,61916.293333
1665210,IT,ES,FOOD5,OFFIC,0.04,9287.068,3,3,9287.068,0.0,0.0,0.0,0.0,232176.7
1754748,IT,KR,DAIRY,TRANS,0.04,9287.066,3,3,9287.066,0.0,0.0,0.0,0.0,232176.65
1776564,IT,TR,GASDI,PADDY,0.01,9286.759,3,3,9286.759,0.0,0.0,0.0,0.0,928675.9
1732398,IT,SI,PLAST,FOUND,0.02,9286.711,3,3,9286.711,0.0,0.0,0.0,0.0,464335.55
1763874,IT,MX,NONME,ELEC4,0.02,9286.588,3,3,9286.588,0.0,0.0,0.0,0.0,464329.4
1740749,IT,US,MEAT4,PAPER,0.05,9286.39,3,3,9286.39,0.0,0.0,0.0,0.0,185727.8
1712713,IT,LV,HOTEL,HOTEL,0.07,9285.555,3,3,9285.555,0.0,0.0,0.0,0.0,132650.785714
1712269,IT,LV,PLAST,OFFIC,0.02,9285.547,3,3,9285.547,0.0,0.0,0.0,0.0,464277.35
1735147,IT,SK,RUBBE,MEATA,0.03,9285.388,3,3,9285.388,0.0,0.0,0.0,0.0,309512.933333
1776652,IT,TR,GASDI,WASTE,0.01,9285.307,3,3,9285.307,0.0,0.0,0.0,0.0,928530.7
1717474,IT,NL,AUXIL,PUBLI,0.17,9285.179,3,3,9285.179,0.0,0.0,0.0,0.0,54618.7
1648804,IT,BG,BEVER,RECRE,0.04,9284.88,3,3,9284.88,0.0,0.0,0.0,0.0,232122.0
1729831,IT,SE,OFFIC,REALE,0.03,9284.834,3,3,9284.834,0.0,0.0,0.0,0.0,309494.466667
1644711,IT,BE,BEVER,TRAN1,0.04,9284.451,3,3,9284.451,0.0,0.0,0.0,0.0,232111.275
1728833,IT,SE,PLAST,BIOGA,0.02,9283.915,3,3,9283.915,0.0,0.0,0.0,0.0,464195.75
1724162,IT,PT,RETA1,BUSIN,0.1,9283.581,3,3,9283.581,0.0,0.0,0.0,0.0,92835.81
1766301,IT,RU,NONME,WHEAT,0.02,9283.493,3,3,9283.493,0.0,0.0,0.0,0.0,464174.65
1805561,IT,WF,CEMEN,POULT,0.01,9283.405,3,3,9283.405,0.0,0.0,0.0,0.0,928340.5
1783780,IT,NO,PAPE4,FOOD3,0.06,9283.356,3,3,9283.356,0.0,0.0,0.0,0.0,154722.6
1728135,IT,SE,DAIRY,POULT,0.04,9283.304,3,3,9283.304,0.0,0.0,0.0,0.0,232082.6
1803437,IT,WF,MEAT1,MEATA,0.04,9282.233,3,3,9282.233,0.0,0.0,0.0,0.0,232055.825
1651815,IT,CY,HOTEL,SALEM,0.07,9281.904,3,3,9281.904,0.0,0.0,0.0,0.0,132598.628571
1759699,IT,BR,BUSIN,ANIMA,0.1,9281.846,3,3,9281.846,0.0,0.0,0.0,0.0,92818.46
1713337,IT,MT,GASDI,VEGET,0.01,9281.694,3,3,9281.694,0.0,0.0,0.0,0.0,928169.4
1722697,IT,PT,LEATH,RESEA,0.07,9281.447,4,4,9281.445,0.0,0.0,0.0,0.002,132592.1
1734392,IT,SK,VEGET,MEAT1,0.03,9281.281,3,3,9281.281,0.0,0.0,0.0,0.0,309376.033333
1757899,IT,BR,CHEM1,NONF1,0.02,9280.585,3,3,9280.585,0.0,0.0,0.0,0.0,464029.25
1790009,IT,WA,NONME,BIODI,0.02,9280.566,3,3,9280.566,0.0,0.0,0.0,0.0,464028.3
1734537,IT,SK,PROCE,WHOLE,0.06,9280.393,3,3,9280.393,0.0,0.0,0.0,0.0,154673.216667
1714199,IT,MT,INSUR,HOTEL,0.19,9279.931,3,3,9279.931,0.0,0.0,0.0,0.0,48841.742105
1655817,IT,DE,VEGE1,MOTOR,0.03,9279.713,4,4,9279.711,0.0,0.0,0.0,0.002,309323.766667
1679850,IT,GR,ALUM1,RAILW,0.02,9279.408,3,3,9279.408,0.0,0.0,0.0,0.0,463970.4
1767783,IT,RU,INSUR,FURNI,0.19,9279.158,3,3,9279.158,0.0,0.0,0.0,0.0,48837.673684
1662128,IT,DK,RUBBE,MEAT4,0.03,9278.822,3,3,9278.822,0.0,0.0,0.0,0.0,309294.066667
1673644,IT,FR,WOODW,TEXT1,0.03,9278.814,3,3,9278.814,0.0,0.0,0.0,0.0,309293.8
1772149,IT,CH,KEROS,SUPPO,0.01,9278.385,3,3,9278.385,0.0,0.0,0.0,0.0,927838.5
1796182,IT,WL,FURNI,KEROS,0.03,9278.282,3,3,9278.282,0.0,0.0,0.0,0.0,309276.066667
1753729,IT,CA,FURNI,CROPS,0.03,9278.051,3,3,9278.051,0.0,0.0,0.0,0.0,309268.366667
1770121,IT,AU,WHOLE,POSTT,0.08,9278.014,3,3,9278.014,0.0,0.0,0.0,0.0,115975.175
1664462,IT,EE,MACHI,93197,0.05,9277.995,3,3,9277.995,0.0,0.0,0.0,0.0,185559.9
1714339,IT,MT,WASTE,FOOD5,0.03,9277.86,3,3,9277.86,0.0,0.0,0.0,0.0,309262.0
1760874,IT,IN,GASDI,PROCE,0.01,9277.774,3,3,9277.774,0.0,0.0,0.0,0.0,927777.4
1663900,IT,EE,LEATH,RUBBE,0.07,9277.659,4,4,9277.657,0.0,0.0,0.0,0.002,132537.985714
1690057,IT,IE,RENTI,PRINT,0.06,9277.374,3,3,9277.374,0.0,0.0,0.0,0.0,154622.9
1810154,IT,WM,WEARI,PLAST,0.07,9276.953,4,4,9276.951,0.0,0.0,0.0,0.002,132527.9
1809699,IT,WM,PROCE,WHOLE,0.06,9276.89,3,3,9276.89,0.0,0.0,0.0,0.0,154614.833333
1789082,IT,WA,BITU1,PRECI,0.01,9276.101,3,3,9276.101,0.0,0.0,0.0,0.0,927610.1
1650861,IT,BG,LANDT,SALEM,0.06,9275.787,3,3,9275.787,0.0,0.0,0.0,0.0,154596.45
1740653,IT,US,CRUDE,INLAN,0.02,9275.779,3,3,9275.779,0.0,0.0,0.0,0.0,463788.95
1764600,IT,MX,WHOLE,AIRTR,0.08,9275.283,3,3,9275.283,0.0,0.0,0.0,0.0,115941.0375
1688489,IT,IE,LEATH,OFFIC,0.07,9275.267,4,4,9275.265,0.0,0.0,0.0,0.002,132503.814286
1647407,IT,BE,AIRTR,REFI1,0.01,9274.956,3,3,9274.956,0.0,0.0,0.0,0.0,927495.6
1690021,IT,IE,REALE,EDUCA,0.39,9274.505,3,3,9274.505,0.0,0.0,0.0,0.0,23780.782051
1784926,IT,ID,POSTT,PUBLI,0.15,9274.402,3,3,9274.402,0.0,0.0,0.0,0.0,61829.346667
1710438,IT,LT,LANDT,TEXTI,0.06,9273.898,3,3,9273.898,0.0,0.0,0.0,0.0,154564.966667
1788120,IT,WA,WEARI,MEATP,0.07,9273.866,4,4,9273.864,0.0,0.0,0.0,0.002,132483.8
1782334,IT,NO,FABRI,BITUM,0.04,9273.846,3,3,9273.846,0.0,0.0,0.0,0.0,231846.15
1684332,IT,HR,SUPPO,FABRI,0.07,9273.259,3,3,9273.259,0.0,0.0,0.0,0.0,132475.128571
1782245,IT,NO,ALUM1,TEXTI,0.02,9273.238,3,3,9273.238,0.0,0.0,0.0,0.0,463661.9
1687594,IT,HU,LANDT,MEMBE,0.06,9272.733,3,3,9272.733,0.0,0.0,0.0,0.0,154545.55
1716240,IT,NL,COPP1,MOTOR,0.02,9272.71,3,3,9272.71,0.0,0.0,0.0,0.0,463635.5
1733905,IT,SI,AIRTR,FABRI,0.01,9272.304,3,3,9272.304,0.0,0.0,0.0,0.0,927230.4
1733612,IT,SI,HOTEL,LEATH,0.07,9272.15,3,3,9272.15,0.0,0.0,0.0,0.0,132459.285714
1640958,IT,AT,WOODW,GLASS,0.03,9271.597,3,3,9271.597,0.0,0.0,0.0,0.0,309053.233333
1727455,IT,RO,AUXIL,CRUDE,0.17,9271.148,3,3,9271.148,0.0,0.0,0.0,0.0,54536.164706
1664807,IT,ES,VEGET,DIST1,0.03,9270.726,3,3,9270.726,0.0,0.0,0.0,0.0,309024.2
1659366,IT,DE,RETAI,WASTE,0.07,9270.291,3,3,9270.291,0.0,0.0,0.0,0.0,132432.728571
1709545,IT,LT,WOODW,GLASS,0.03,9270.205,3,3,9270.205,0.0,0.0,0.0,0.0,309006.833333
1767071,IT,RU,FURNI,PLAST,0.03,9269.939,3,3,9269.939,0.0,0.0,0.0,0.0,308997.966667
1685733,IT,HU,NONSP,FURNI,0.01,9269.357,3,3,9269.357,0.0,0.0,0.0,0.0,926935.7
1740088,IT,GB,RENTI,RECRE,0.06,9268.846,3,3,9268.846,0.0,0.0,0.0,0.0,154480.766667
1640596,IT,AT,BEVER,MEATA,0.04,9268.662,3,3,9268.662,0.0,0.0,0.0,0.0,231716.55
1739701,IT,GB,SUPPO,BASIC,0.07,9268.547,3,3,9268.547,0.0,0.0,0.0,0.0,132407.814286
1644345,IT,BE,CHEMI,STONE,0.02,9268.373,3,3,9268.373,0.0,0.0,0.0,0.0,463418.65
1710272,IT,LT,MOTO1,RETA1,0.05,9267.678,3,3,9267.678,0.0,0.0,0.0,0.0,185353.56
1652287,IT,CZ,BEVER,SUGA1,0.04,9267.178,3,3,9267.178,0.0,0.0,0.0,0.0,231679.45
1757935,IT,BR,CHEM1,PAPE4,0.02,9267.038,3,3,9267.038,0.0,0.0,0.0,0.0,463351.9
1650032,IT,BG,MACHI,LIQUE,0.05,9266.86,3,3,9266.86,0.0,0.0,0.0,0.0,185337.2
1740679,IT,US,SANDC,NATU1,0.02,9266.845,4,4,9264.845,0.0,0.0,2.0,0.0,463342.25
1791656,IT,WA,HOTEL,ALUM1,0.07,9265.99,3,3,9265.99,0.0,0.0,0.0,0.0,132371.285714
1752134,IT,CN,BUSIN,DIST1,0.1,9265.37,3,3,9265.37,0.0,0.0,0.0,0.0,92653.7
1719923,IT,PL,PREC1,GLASS,0.02,9265.292,3,3,9265.292,0.0,0.0,0.0,0.0,463264.6
1648560,IT,BG,CRUDE,CONST,0.02,9264.855,3,3,9264.855,0.0,0.0,0.0,0.0,463242.75
1789436,IT,WA,CHEM1,FOOD4,0.02,9264.712,3,3,9264.712,0.0,0.0,0.0,0.0,463235.6
1768057,IT,RU,BUSIN,GLASS,0.1,9264.337,3,3,9264.337,0.0,0.0,0.0,0.0,92643.37
1689844,IT,IE,INSUR,AUXIL,0.19,9264.337,3,3,9264.337,0.0,0.0,0.0,0.0,48759.668421
1764569,IT,MX,WHOLE,PAPER,0.08,9264.044,3,3,9264.044,0.0,0.0,0.0,0.0,115800.55
1754821,IT,KR,FOOD5,AIRTR,0.04,9263.303,3,3,9263.303,0.0,0.0,0.0,0.0,231582.575
1730723,IT,SE,COMPU,RECRE,0.11,9263.226,3,3,9263.226,0.0,0.0,0.0,0.0,84211.145455
1744129,IT,US,SUPPO,ELEC4,0.07,9263.188,3,3,9263.188,0.0,0.0,0.0,0.0,132331.257143
1778637,IT,TR,HOTEL,CEMEN,0.07,9262.988,3,3,9262.988,0.0,0.0,0.0,0.0,132328.4
1642149,IT,AT,CERAM,NONF1,0.01,9262.599,3,3,9262.599,0.0,0.0,0.0,0.0,926259.9
1803526,IT,WF,VEGE1,LEAD1,0.03,9262.526,4,4,9262.524,0.0,0.0,0.0,0.002,308750.866667
1785146,IT,ZA,DAIRY,RECRE,0.04,9262.201,3,3,9262.201,0.0,0.0,0.0,0.0,231555.025
1717464,IT,NL,AUXIL,LANDT,0.17,9261.782,3,3,9261.782,0.0,0.0,0.0,0.0,54481.070588
1774471,IT,CH,LANDT,KEROS,0.06,9261.679,3,3,9261.679,0.0,0.0,0.0,0.0,154361.316667
1798371,IT,WE,FORES,TRANS,0.08,9261.638,4,4,9257.638,0.0,4.0,0.0,0.0,115770.475
1732444,IT,SI,CHEM1,FISH5,0.02,9261.42,3,3,9261.42,0.0,0.0,0.0,0.0,463071.0
1644463,IT,BE,VEGE1,ELECT,0.03,9261.26,4,4,9261.258,0.0,0.0,0.0,0.002,308708.666667
1784823,IT,ID,HOTEL,COMPU,0.07,9261.252,3,3,9261.252,0.0,0.0,0.0,0.0,132303.6
1759861,IT,BR,FOODW,BUSIN,0.07,9261.168,3,3,9261.168,0.0,0.0,0.0,0.0,132302.4
1714686,IT,NL,VEGE1,LEATH,0.03,9261.103,4,4,9261.101,0.0,0.0,0.0,0.002,308703.433333
1764374,IT,MX,MOTO1,BASIC,0.05,9261.032,3,3,9261.032,0.0,0.0,0.0,0.0,185220.64
1796758,IT,WL,LANDT,BASIC,0.06,9261.028,3,3,9261.028,0.0,0.0,0.0,0.0,154350.466667
1735590,IT,SK,COPP1,IRONO,0.02,9260.391,3,3,9260.391,0.0,0.0,0.0,0.0,463019.55
1709843,IT,LT,GLASS,WHEAT,0.03,9260.317,3,3,9260.317,0.0,0.0,0.0,0.0,308677.233333
1784209,IT,ID,MOTOR,MOTOR,0.01,9260.006,3,3,9260.006,0.0,0.0,0.0,0.0,926000.6
1812232,IT,WM,NONME,MEDIC,0.02,9259.743,3,3,9259.743,0.0,0.0,0.0,0.0,462987.15
1761453,IT,IN,BASIC,93197,0.01,9259.599,3,3,9259.599,0.0,0.0,0.0,0.0,925959.9
1689627,IT,IE,SUPPO,RAILW,0.07,9259.228,3,3,9259.228,0.0,0.0,0.0,0.0,132274.685714
1684906,IT,HU,CHEMI,CROPS,0.02,9259.186,3,3,9259.186,0.0,0.0,0.0,0.0,462959.3
1807629,IT,WF,RESEA,OFFIC,0.05,9258.94,3,3,9258.94,0.0,0.0,0.0,0.0,185178.8
1651141,IT,BG,BUSIN,VEGET,0.1,9258.609,3,3,9258.609,0.0,0.0,0.0,0.0,92586.09
1809224,IT,WM,FISHF,KEROS,0.02,9258.562,3,3,9258.562,0.0,0.0,0.0,0.0,462928.1
1766482,IT,RU,ALUM1,CEMEN,0.02,9258.294,3,3,9258.294,0.0,0.0,0.0,0.0,462914.7
1783238,IT,NO,BUSIN,EDUCA,0.1,9257.755,3,3,9257.755,0.0,0.0,0.0,0.0,92577.55
1806703,IT,WF,WHOLE,GASDI,0.08,9257.741,3,3,9257.741,0.0,0.0,0.0,0.0,115721.7625
1777370,IT,TR,GLASS,MEMBE,0.03,9257.396,3,3,9257.396,0.0,0.0,0.0,0.0,308579.866667
1759528,IT,BR,RENTI,BASIC,0.06,9257.298,3,3,9257.298,0.0,0.0,0.0,0.0,154288.3
1797112,IT,WL,POSTT,WEARI,0.15,9257.186,3,3,9257.186,0.0,0.0,0.0,0.0,61714.573333
1672657,IT,FR,CRUDE,NONME,0.02,9256.803,3,3,9256.803,0.0,0.0,0.0,0.0,462840.15
1746738,IT,JP,FABRI,REALE,0.04,9256.787,3,3,9256.787,0.0,0.0,0.0,0.0,231419.675
1755333,IT,KR,PRINT,MACHI,0.09,9256.415,3,3,9256.415,0.0,0.0,0.0,0.0,102849.055556
1736066,IT,SK,FURNI,LANDT,0.03,9255.747,3,3,9255.747,0.0,0.0,0.0,0.0,308524.9
1739640,IT,GB,AIRTR,MOTOR,0.01,9255.311,3,3,9255.311,0.0,0.0,0.0,0.0,925531.1
1671351,IT,FI,COPP1,FOUND,0.02,9255.068,3,3,9255.068,0.0,0.0,0.0,0.0,462753.4
1763272,IT,MX,PAPER,SUGA1,0.04,9254.911,3,3,9254.911,0.0,0.0,0.0,0.0,231372.775
1720871,IT,PL,CONST,COPPE,0.05,9254.853,3,3,9254.853,0.0,0.0,0.0,0.0,185097.06
1727589,IT,RO,REALE,WHOLE,0.39,9254.564,3,3,9254.564,0.0,0.0,0.0,0.0,23729.651282
1643993,IT,AT,COMPU,HEALT,0.11,9254.436,3,3,9254.436,0.0,0.0,0.0,0.0,84131.236364
1760395,IT,IN,DAIRY,TOBAC,0.04,9253.111,3,3,9253.111,0.0,0.0,0.0,0.0,231327.775
1711719,IT,LU,BUSIN,RADIO,0.1,9251.99,3,3,9251.99,0.0,0.0,0.0,0.0,92519.9
1765313,IT,RU,FOOD5,VEGET,0.04,9251.779,3,3,9251.779,0.0,0.0,0.0,0.0,231294.475
1660739,IT,DE,RENTI,INSUR,0.06,9251.758,3,3,9251.758,0.0,0.0,0.0,0.0,154195.966667
1797323,IT,WL,AUXIL,EDUCA,0.17,9251.718,3,3,9251.718,0.0,0.0,0.0,0.0,54421.870588
1666289,IT,ES,LIQUE,PIGS9,0.02,9251.69,3,3,9251.69,0.0,0.0,0.0,0.0,462584.5
1769727,IT,AU,MACHI,STONE,0.05,9250.802,3,3,9250.802,0.0,0.0,0.0,0.0,185016.04
1789366,IT,WA,CHEM1,LIQUE,0.02,9250.675,3,3,9250.675,0.0,0.0,0.0,0.0,462533.75
1713526,IT,MT,GLASS,NONME,0.03,9250.634,3,3,9250.634,0.0,0.0,0.0,0.0,308354.466667
1753080,IT,CA,RUBBE,PRECI,0.03,9250.451,3,3,9250.451,0.0,0.0,0.0,0.0,308348.366667
1671934,IT,FI,LANDT,FISH5,0.06,9249.993,3,3,9249.993,0.0,0.0,0.0,0.0,154166.55
1780215,IT,TW,RAILW,FABRI,0.06,9249.938,3,3,9249.938,0.0,0.0,0.0,0.0,154165.633333
1771304,IT,CH,DAIRY,OFFIC,0.04,9249.347,3,3,9249.347,0.0,0.0,0.0,0.0,231233.675
1788876,IT,WA,GASDI,MOTO1,0.01,9248.507,3,3,9248.507,0.0,0.0,0.0,0.0,924850.7
1727590,IT,RO,REALE,RETA1,0.39,9248.348,3,3,9248.348,0.0,0.0,0.0,0.0,23713.712821
1795072,IT,WL,ADDIT,93197,0.02,9248.299,3,3,9248.299,0.0,0.0,0.0,0.0,462414.95
1782176,IT,NO,NONME,REALE,0.02,9248.138,3,3,9248.138,0.0,0.0,0.0,0.0,462406.9
1717344,IT,NL,FINAN,ELEC2,0.12,9247.767,3,3,9247.767,0.0,0.0,0.0,0.0,77064.725
1685294,IT,HU,TEXTI,PAPE4,0.05,9247.61,3,3,9247.61,0.0,0.0,0.0,0.0,184952.2
1795279,IT,WL,CERAM,COMPU,0.01,9247.448,3,3,9247.448,0.0,0.0,0.0,0.0,924744.8
1655943,IT,DE,SUGA1,BEVER,0.02,9247.263,4,4,9247.261,0.0,0.0,0.0,0.002,462363.15
1670258,IT,FI,VEGET,MEATC,0.03,9247.058,3,3,9247.058,0.0,0.0,0.0,0.0,308235.266667
1653077,IT,CZ,CHEM1,CROPS,0.02,9246.844,3,3,9246.844,0.0,0.0,0.0,0.0,462342.2
1719489,IT,PL,GLASS,COKIN,0.03,9246.831,3,3,9246.831,0.0,0.0,0.0,0.0,308227.7
1796496,IT,WL,RETA1,HEAVY,0.1,9246.588,3,3,9246.588,0.0,0.0,0.0,0.0,92465.88
1682403,IT,HR,PAPER,PROCE,0.04,9246.19,3,3,9246.19,0.0,0.0,0.0,0.0,231154.75
1664912,IT,ES,CRUDE,MACHI,0.02,9245.499,3,3,9245.499,0.0,0.0,0.0,0.0,462274.95
1784413,IT,ID,NONME,RUBBE,0.02,9245.204,3,3,9245.204,0.0,0.0,0.0,0.0,462260.2
1687649,IT,HU,AIRTR,BITU1,0.01,9244.844,3,3,9244.844,0.0,0.0,0.0,0.0,924484.4
1803974,IT,WF,LEATH,SUGA1,0.07,9244.232,4,4,9244.23,0.0,0.0,0.0,0.002,132060.457143
1682342,IT,HR,WOODW,BASIC,0.03,9243.959,3,3,9243.959,0.0,0.0,0.0,0.0,308131.966667
1775368,IT,CH,PUBLI,TEXTI,0.15,9243.956,3,3,9243.956,0.0,0.0,0.0,0.0,61626.373333
1727172,IT,RO,LANDT,INERT,0.06,9243.812,3,3,9243.812,0.0,0.0,0.0,0.0,154063.533333
1687980,IT,HU,RENTI,RADIO,0.06,9243.784,3,3,9243.784,0.0,0.0,0.0,0.0,154063.066667
1774458,IT,CH,LANDT,VEGE1,0.06,9243.702,3,3,9243.702,0.0,0.0,0.0,0.0,154061.7
1801427,IT,WE,MOTO1,POULT,0.05,9243.586,3,3,9243.586,0.0,0.0,0.0,0.0,184871.72
1649785,IT,BG,BASIC,INSUR,0.01,9243.33,3,3,9243.33,0.0,0.0,0.0,0.0,924333.0
1716986,IT,NL,LANDT,MEAT4,0.06,9243.024,3,3,9243.024,0.0,0.0,0.0,0.0,154050.4
1753708,IT,CA,TRANS,FABRI,0.06,9242.632,3,3,9242.632,0.0,0.0,0.0,0.0,154043.866667
1671169,IT,FI,CERAM,RETA1,0.01,9242.45,3,3,9242.45,0.0,0.0,0.0,0.0,924245.0
1729867,IT,SE,MOTO1,HEALT,0.05,9242.304,3,3,9242.304,0.0,0.0,0.0,0.0,184846.08
1641676,IT,AT,NONSP,GASDI,0.01,9242.227,3,3,9242.227,0.0,0.0,0.0,0.0,924222.7
1673193,IT,FR,BEVER,INSUR,0.04,9241.831,3,3,9241.831,0.0,0.0,0.0,0.0,231045.775
1710788,IT,LU,WOODW,TOBAC,0.03,9241.796,3,3,9241.796,0.0,0.0,0.0,0.0,308059.866667
1719976,IT,PL,PREC1,MEMBE,0.02,9241.699,3,3,9241.699,0.0,0.0,0.0,0.0,462084.95
1742715,IT,US,FABRI,FORES,0.04,9241.202,3,3,9241.202,0.0,0.0,0.0,0.0,231030.05
1809194,IT,WM,MEATA,FINAN,0.05,9241.044,3,3,9241.044,0.0,0.0,0.0,0.0,184820.88
1727741,IT,RO,RESEA,BEVER,0.05,9240.822,3,3,9240.822,0.0,0.0,0.0,0.0,184816.44
1789138,IT,WA,NONSP,WASTE,0.01,9240.517,3,3,9240.517,0.0,0.0,0.0,0.0,924051.7
1785048,IT,ID,BUSIN,SUPPO,0.09,9240.438,3,3,9240.438,0.0,0.0,0.0,0.0,102671.533333
1672360,IT,FI,BUSIN,LEATH,0.09,9240.323,3,3,9240.323,0.0,0.0,0.0,0.0,102670.255556
1717156,IT,NL,AIRTR,PIGS9,0.01,9240.008,3,3,9240.008,0.0,0.0,0.0,0.0,924000.8
1779203,IT,TR,POSTT,TRAN1,0.15,9239.989,3,3,9239.989,0.0,0.0,0.0,0.0,61599.926667
1748529,IT,CN,CHEMI,ELEC1,0.02,9239.958,3,3,9239.958,0.0,0.0,0.0,0.0,461997.9
1679828,IT,GR,ALUM1,BIODI,0.02,9239.951,3,3,9239.951,0.0,0.0,0.0,0.0,461997.55
1725931,IT,RO,PLAST,NONME,0.02,9239.482,3,3,9239.482,0.0,0.0,0.0,0.0,461974.1
1722671,IT,PT,WEARI,RESEA,0.07,9238.953,4,4,9238.951,0.0,0.0,0.0,0.002,131985.042857
1800701,IT,WE,CEMEN,TEXTI,0.01,9238.759,3,3,9238.759,0.0,0.0,0.0,0.0,923875.9
1723318,IT,PT,NONME,MEATA,0.02,9238.742,3,3,9238.742,0.0,0.0,0.0,0.0,461937.1
1718182,IT,PL,DAIRY,CHEM1,0.04,9238.385,3,3,9238.385,0.0,0.0,0.0,0.0,230959.625
1752194,IT,CN,PUBLI,MOTO1,0.15,9238.305,3,3,9238.305,0.0,0.0,0.0,0.0,61588.7
1741587,IT,US,GASDI,STEAM,0.01,9238.301,3,3,9238.301,0.0,0.0,0.0,0.0,923830.1
1709713,IT,LT,CHEM1,PRINT,0.02,9238.031,3,3,9238.031,0.0,0.0,0.0,0.0,461901.55
1800909,IT,WE,PREC1,CEMEN,0.02,9237.694,3,3,9237.694,0.0,0.0,0.0,0.0,461884.7
1776660,IT,TR,HEAVY,MEATC,0.01,9236.719,3,3,9236.719,0.0,0.0,0.0,0.0,923671.9
1806822,IT,WF,RETA1,COPP1,0.1,9236.658,3,3,9236.658,0.0,0.0,0.0,0.0,92366.58
1640350,IT,AT,MEATC,BEVER,0.03,9236.418,3,3,9236.418,0.0,0.0,0.0,0.0,307880.6
1787213,IT,WA,VEGET,ANIMA,0.03,9236.212,3,3,9236.212,0.0,0.0,0.0,0.0,307873.733333
1801556,IT,WE,TRANS,VEGE1,0.06,9235.547,3,3,9235.547,0.0,0.0,0.0,0.0,153925.783333
1800681,IT,WE,CERAM,EDUCA,0.01,9235.281,3,3,9235.281,0.0,0.0,0.0,0.0,923528.1
1710261,IT,LT,MOTO1,OFFIC,0.05,9235.243,3,3,9235.243,0.0,0.0,0.0,0.0,184704.86
1755997,IT,KR,COPP1,PLAST,0.02,9234.741,3,3,9234.741,0.0,0.0,0.0,0.0,461737.05
1670303,IT,FI,CHEMI,RUBBE,0.02,9234.624,3,3,9234.624,0.0,0.0,0.0,0.0,461731.2
1729786,IT,SE,MACHI,RAILW,0.05,9234.073,3,3,9234.073,0.0,0.0,0.0,0.0,184681.46
1730065,IT,SE,RETA1,STONE,0.1,9233.253,3,3,9233.253,0.0,0.0,0.0,0.0,92332.53
1671564,IT,FI,OFFIC,INERT,0.03,9232.815,3,3,9232.815,0.0,0.0,0.0,0.0,307760.5
1686719,IT,HU,COPP1,ELEC2,0.02,9232.586,3,3,9232.586,0.0,0.0,0.0,0.0,461629.3
1807006,IT,WF,LANDT,TRAN1,0.06,9232.574,3,3,9232.574,0.0,0.0,0.0,0.0,153876.233333
1654762,IT,CZ,AIRTR,INSUR,0.01,9232.369,3,3,9232.369,0.0,0.0,0.0,0.0,923236.9
1741221,IT,US,WOODW,RADIO,0.03,9232.245,3,3,9232.245,0.0,0.0,0.0,0.0,307741.5
1800413,IT,WE,ADDIT,CROPS,0.02,9232.192,3,3,9232.192,0.0,0.0,0.0,0.0,461609.6
1672193,IT,FI,AUXIL,SUPPO,0.17,9232.183,3,3,9232.183,0.0,0.0,0.0,0.0,54306.958824
1756555,IT,KR,RETA1,PRINT,0.1,9231.399,3,3,9231.399,0.0,0.0,0.0,0.0,92313.99
1663458,IT,DK,REALE,HOTEL,0.39,9231.223,3,3,9231.223,0.0,0.0,0.0,0.0,23669.802564
1758287,IT,BR,ALUM1,NONF1,0.02,9230.71,3,3,9230.71,0.0,0.0,0.0,0.0,461535.5
1795116,IT,WL,RUBBE,COKEO,0.03,9230.678,3,3,9230.678,0.0,0.0,0.0,0.0,307689.266667
1671971,IT,FI,LANDT,FURNI,0.06,9230.59,3,3,9230.59,0.0,0.0,0.0,0.0,153843.166667
1741561,IT,US,GASDI,NATU1,0.01,9230.205,3,3,9230.205,0.0,0.0,0.0,0.0,923020.5
1774983,IT,CH,AUXIL,SEACO,0.17,9230.159,3,3,9230.159,0.0,0.0,0.0,0.0,54295.052941
1682582,IT,HR,MOTOR,INERT,0.01,9230.054,3,3,9230.054,0.0,0.0,0.0,0.0,923005.4
1711352,IT,LU,WHOLE,COMPU,0.08,9230.046,3,3,9230.046,0.0,0.0,0.0,0.0,115375.575
1748597,IT,CN,VEGE1,STEAM,0.03,9229.969,4,4,9229.967,0.0,0.0,0.0,0.002,307665.633333
1648112,IT,BE,RESEA,LIQUI,0.05,9229.556,3,3,9229.556,0.0,0.0,0.0,0.0,184591.12
1771905,IT,CH,PAPER,RAWMI,0.04,9229.169,3,3,9229.169,0.0,0.0,0.0,0.0,230729.225
1659808,IT,DE,LANDT,PETRO,0.06,9228.484,3,3,9228.484,0.0,0.0,0.0,0.0,153808.066667
1723644,IT,PT,FABRI,FOOD3,0.04,9227.968,3,3,9227.968,0.0,0.0,0.0,0.0,230699.2
1813150,IT,WM,MOTO1,BRICK,0.05,9227.85,3,3,9227.85,0.0,0.0,0.0,0.0,184557.0
1729127,IT,SE,GLASS,MEATC,0.03,9227.776,3,3,9227.776,0.0,0.0,0.0,0.0,307592.533333
1740514,IT,GB,MEMBE,RESEA,0.11,9227.725,3,3,9227.725,0.0,0.0,0.0,0.0,83888.409091
1678146,IT,FR,PLAS1,SALEM,0.03,9227.605,3,3,9227.605,0.0,0.0,0.0,0.0,307586.833333
1792515,IT,WA,REALE,OFFIC,0.39,9227.602,3,3,9227.602,0.0,0.0,0.0,0.0,23660.517949
1807556,IT,WF,RENTI,RECRE,0.06,9226.996,3,3,9226.996,0.0,0.0,0.0,0.0,153783.266667
1689216,IT,IE,WHOLE,OILSE,0.08,9226.974,3,3,9226.974,0.0,0.0,0.0,0.0,115337.175
1800896,IT,WE,PREC1,REFIN,0.02,9226.875,3,3,9226.875,0.0,0.0,0.0,0.0,461343.75
1792901,IT,WA,HEALT,WOODW,0.05,9226.648,3,3,9226.648,0.0,0.0,0.0,0.0,184532.96
1768315,IT,AU,CHEMI,COKIN,0.02,9224.653,3,3,9224.653,0.0,0.0,0.0,0.0,461232.65
1712657,IT,LV,TRANS,REALE,0.06,9224.408,3,3,9224.408,0.0,0.0,0.0,0.0,153740.133333
1714700,IT,NL,VEGE1,DIST1,0.03,9224.099,4,4,9224.097,0.0,0.0,0.0,0.002,307469.966667
1678859,IT,GR,FISH5,MEAT1,0.04,9224.029,4,4,9224.024,0.0,0.0,0.0,0.005,230600.725
1712336,IT,LV,RUBBE,BIOG1,0.03,9223.8,3,3,9223.8,0.0,0.0,0.0,0.0,307460.0
1798996,IT,WE,TEXTI,NATUR,0.05,9223.78,3,3,9223.78,0.0,0.0,0.0,0.0,184475.6
1783824,IT,NO,INERT,PLAS1,0.07,9223.486,3,3,9223.486,0.0,0.0,0.0,0.0,131764.085714
1730746,IT,SE,BUSIN,STONE,0.09,9223.006,3,3,9223.006,0.0,0.0,0.0,0.0,102477.844444
1784535,IT,ID,FABRI,POSTT,0.04,9222.907,3,3,9222.907,0.0,0.0,0.0,0.0,230572.675
1682769,IT,HR,HEAVY,PIGS9,0.01,9222.317,3,3,9222.317,0.0,0.0,0.0,0.0,922231.7
1671339,IT,FI,COPP1,NICKE,0.02,9221.791,3,3,9221.791,0.0,0.0,0.0,0.0,461089.55
1754180,IT,CA,SUPPO,SALEM,0.07,9221.292,3,3,9221.292,0.0,0.0,0.0,0.0,131732.742857
1806685,IT,WF,WHOLE,MEATP,0.08,9221.218,3,3,9221.218,0.0,0.0,0.0,0.0,115265.225
1769835,IT,AU,MACHI,PLAS2,0.05,9220.878,3,3,9220.878,0.0,0.0,0.0,0.0,184417.56
1718967,IT,PL,PRINT,EDUCA,0.09,9220.4,3,3,9220.4,0.0,0.0,0.0,0.0,102448.888889
1787850,IT,WA,FOOD5,LEAD1,0.04,9219.851,3,3,9219.851,0.0,0.0,0.0,0.0,230496.275
1798442,IT,WE,NATUR,NAPHT,0.01,9219.808,3,3,9219.808,0.0,0.0,0.0,0.0,921980.8
1723626,IT,PT,FABRI,INLAN,0.04,9219.657,3,3,9219.657,0.0,0.0,0.0,0.0,230491.425
1813051,IT,WM,OFFIC,PLAST,0.03,9219.478,3,3,9219.478,0.0,0.0,0.0,0.0,307315.933333
1769364,IT,AU,CERAM,SUGAR,0.01,9218.692,3,3,9218.692,0.0,0.0,0.0,0.0,921869.2
1741168,IT,US,LEATH,ELEC1,0.07,9218.659,4,4,9218.657,0.0,0.0,0.0,0.002,131695.128571
1717385,IT,NL,INSUR,PIGS9,0.19,9218.309,3,3,9218.309,0.0,0.0,0.0,0.0,48517.415789
1729554,IT,SE,COPP1,NONME,0.02,9218.182,3,3,9218.182,0.0,0.0,0.0,0.0,460909.1
1797724,IT,WL,PLAS1,EDUCA,0.03,9217.226,3,3,9217.226,0.0,0.0,0.0,0.0,307240.866667
1766471,IT,RU,PREC1,REALE,0.02,9216.994,3,3,9216.994,0.0,0.0,0.0,0.0,460849.7
1659494,IT,DE,RETA1,PREC1,0.1,9216.911,3,3,9216.911,0.0,0.0,0.0,0.0,92169.11
1709533,IT,LT,WOODW,FORES,0.03,9216.693,3,3,9216.693,0.0,0.0,0.0,0.0,307223.1
1685342,IT,HU,WEARI,PUBLI,0.07,9215.969,4,4,9215.967,0.0,0.0,0.0,0.002,131656.7
1649534,IT,BG,RUBBE,BIOGA,0.03,9215.868,3,3,9215.868,0.0,0.0,0.0,0.0,307195.6
1641830,IT,AT,CHEM1,FINAN,0.02,9214.954,3,3,9214.954,0.0,0.0,0.0,0.0,460747.7
1788993,IT,WA,HEAVY,INSUR,0.01,9213.692,3,3,9213.692,0.0,0.0,0.0,0.0,921369.2
1651164,IT,BG,BUSIN,TEXTI,0.09,9213.539,3,3,9213.539,0.0,0.0,0.0,0.0,102372.655556
1685301,IT,HU,WEARI,CROPS,0.07,9213.27,4,4,9213.268,0.0,0.0,0.0,0.002,131618.142857
1726657,IT,RO,TRANS,LIGNI,0.05,9213.268,3,3,9213.268,0.0,0.0,0.0,0.0,184265.36
1711859,IT,LU,PLAS1,MACHI,0.03,9213.266,3,3,9213.266,0.0,0.0,0.0,0.0,307108.866667
1648185,IT,BE,BUSIN,NUCLE,0.09,9213.083,3,3,9213.083,0.0,0.0,0.0,0.0,102367.588889
1757502,IT,BR,PAPER,FOOD4,0.04,9212.574,3,3,9212.574,0.0,0.0,0.0,0.0,230314.35
1775441,IT,CH,HEALT,HEALT,0.05,9212.418,3,3,9212.418,0.0,0.0,0.0,0.0,184248.36
1772509,IT,CH,RUBBE,VEGE1,0.03,9212.259,3,3,9212.259,0.0,0.0,0.0,0.0,307075.3
1736481,IT,SK,TRAN2,RAILW,0.01,9212.079,3,3,9212.079,0.0,0.0,0.0,0.0,921207.9
1783754,IT,NO,PAPE4,COPP1,0.06,9211.897,3,3,9211.897,0.0,0.0,0.0,0.0,153531.616667
1794733,IT,WL,BITU1,EDUCA,0.01,9211.863,3,3,9211.863,0.0,0.0,0.0,0.0,921186.3
1660794,IT,DE,COMPU,HEAVY,0.11,9211.823,3,3,9211.823,0.0,0.0,0.0,0.0,83743.845455
1731200,IT,SI,CHEMI,CEMEN,0.02,9210.409,3,3,9210.409,0.0,0.0,0.0,0.0,460520.45
1728667,IT,SE,PRINT,RETAI,0.09,9210.377,3,3,9210.377,0.0,0.0,0.0,0.0,102337.522222
1744432,IT,US,AUXIL,BRICK,0.17,9209.846,3,3,9209.846,0.0,0.0,0.0,0.0,54175.564706
1810955,IT,WM,GASDI,ETHAN,0.01,9209.8,3,3,9209.8,0.0,0.0,0.0,0.0,920980.0
1718649,IT,PL,WOODW,POULT,0.03,9209.708,3,3,9209.708,0.0,0.0,0.0,0.0,306990.266667
1647118,IT,BE,HOTEL,TRAN1,0.07,9209.484,3,3,9209.484,0.0,0.0,0.0,0.0,131564.057143
1657090,IT,DE,NONSP,DIST1,0.01,9208.956,3,3,9208.956,0.0,0.0,0.0,0.0,920895.6
1650942,IT,BG,AIRTR,GASDI,0.01,9208.157,3,3,9208.157,0.0,0.0,0.0,0.0,920815.7
1736934,IT,GB,PADDY,PLAS1,0.09,9208.035,3,3,9208.035,0.0,0.0,0.0,0.0,102311.5
1788477,IT,WA,PULP5,MACHI,0.03,9207.815,3,3,9207.815,0.0,0.0,0.0,0.0,306927.166667
1783357,IT,NO,PLAS1,PFERT,0.03,9207.478,3,3,9207.478,0.0,0.0,0.0,0.0,306915.933333
1656922,IT,DE,LIQUE,CHEMI,0.02,9207.419,3,3,9207.419,0.0,0.0,0.0,0.0,460370.95
1776174,IT,TR,LEATH,COMPU,0.07,9207.203,4,4,9207.201,0.0,0.0,0.0,0.002,131531.471429
1749201,IT,CN,PULP5,WHOLE,0.03,9207.176,3,3,9207.176,0.0,0.0,0.0,0.0,306905.866667
1725431,IT,RO,TEXTI,FOOD2,0.05,9207.153,3,3,9207.153,0.0,0.0,0.0,0.0,184143.06
1793127,IT,WA,RECRE,CHEM1,0.12,9207.107,3,3,9207.107,0.0,0.0,0.0,0.0,76725.891667
1776591,IT,TR,GASDI,TOBAC,0.01,9206.949,3,3,9206.949,0.0,0.0,0.0,0.0,920694.9
1786953,IT,ZA,POSTT,RETA1,0.15,9206.769,3,3,9206.769,0.0,0.0,0.0,0.0,61378.46
1801200,IT,WE,FABRI,CHARC,0.04,9206.565,3,3,9206.565,0.0,0.0,0.0,0.0,230164.125
1806934,IT,WF,RAILW,FINAN,0.06,9206.35,3,3,9206.35,0.0,0.0,0.0,0.0,153439.166667
1665927,IT,ES,MOTOR,CATTL,0.01,9206.104,3,3,9206.104,0.0,0.0,0.0,0.0,920610.4
1779170,IT,TR,POSTT,GASDI,0.15,9206.018,3,3,9206.018,0.0,0.0,0.0,0.0,61373.453333
1772946,IT,CH,PREC1,BASIC,0.02,9205.793,3,3,9205.793,0.0,0.0,0.0,0.0,460289.65
1760391,IT,IN,DAIRY,PROCE,0.04,9205.735,3,3,9205.735,0.0,0.0,0.0,0.0,230143.375
1744113,IT,US,SUPPO,PREC1,0.07,9205.524,3,3,9205.524,0.0,0.0,0.0,0.0,131507.485714
1773109,IT,CH,COPP1,GASDI,0.02,9204.534,3,3,9204.534,0.0,0.0,0.0,0.0,460226.7
1745135,IT,US,RECRE,FINAN,0.12,9204.468,3,3,9204.468,0.0,0.0,0.0,0.0,76703.9
1758137,IT,BR,CEMEN,NONME,0.01,9204.372,3,3,9204.372,0.0,0.0,0.0,0.0,920437.2
1737965,IT,GB,CHEM1,DISTR,0.02,9204.346,3,3,9204.346,0.0,0.0,0.0,0.0,460217.3
1808923,IT,WM,CEREA,TOBAC,0.01,9203.947,3,3,9203.947,0.0,0.0,0.0,0.0,920394.7
1678574,IT,GR,CROPS,HOTEL,0.07,9203.149,3,3,9203.149,0.0,0.0,0.0,0.0,131473.557143
1751737,IT,CN,INSUR,AIRTR,0.19,9203.139,3,3,9203.139,0.0,0.0,0.0,0.0,48437.573684
1791594,IT,WA,HOTEL,WHEAT,0.07,9203.068,3,3,9203.068,0.0,0.0,0.0,0.0,131472.4
1749195,IT,CN,PULP5,ELEC4,0.03,9202.627,3,3,9202.627,0.0,0.0,0.0,0.0,306754.233333
1772299,IT,CH,PETRO,NONME,0.02,9202.294,3,3,9202.294,0.0,0.0,0.0,0.0,460114.7
1761836,IT,IN,MOTO1,ELECT,0.05,9201.783,3,3,9201.783,0.0,0.0,0.0,0.0,184035.66
1676986,IT,FR,AIRTR,INLAN,0.01,9201.452,3,3,9201.452,0.0,0.0,0.0,0.0,920145.2
1812580,IT,WM,LEAD1,TOBAC,0.02,9201.449,3,3,9201.449,0.0,0.0,0.0,0.0,460072.45
1808163,IT,WF,OILHA,MEATC,0.05,9201.253,3,3,9201.253,0.0,0.0,0.0,0.0,184025.06
1652933,IT,CZ,HEAVY,CEREA,0.01,9200.33,3,3,9200.33,0.0,0.0,0.0,0.0,920033.0
1654852,IT,CZ,POSTT,FABRI,0.15,9200.308,3,3,9200.308,0.0,0.0,0.0,0.0,61335.386667
1662803,IT,DK,FURNI,FURNI,0.03,9199.703,3,3,9199.703,0.0,0.0,0.0,0.0,306656.766667
1713722,IT,MT,MACHI,RADIO,0.05,9199.669,3,3,9199.669,0.0,0.0,0.0,0.0,183993.38
1814269,IT,WM,POSTT,DISTR,0.15,9199.617,3,3,9199.617,0.0,0.0,0.0,0.0,61330.78
1800657,IT,WE,CERAM,CEMEN,0.01,9199.544,3,3,9199.544,0.0,0.0,0.0,0.0,919954.4
1750047,IT,CN,BASIC,FISHF,0.01,9199.41,3,3,9199.41,0.0,0.0,0.0,0.0,919941.0
1715155,IT,NL,LEATH,REALE,0.07,9199.345,4,4,9199.343,0.0,0.0,0.0,0.002,131419.214286
1641047,IT,AT,PAPER,CATTL,0.04,9199.284,3,3,9199.284,0.0,0.0,0.0,0.0,229982.1
1652356,IT,CZ,FISH5,BIODI,0.04,9198.616,4,4,9198.611,0.0,0.0,0.0,0.005,229965.4
1647844,IT,BE,AUXIL,AIRTR,0.17,9198.607,3,3,9198.607,0.0,0.0,0.0,0.0,54109.452941
1739983,IT,GB,AUXIL,RESEA,0.17,9198.125,3,3,9198.125,0.0,0.0,0.0,0.0,54106.617647
1783674,IT,NO,WASTE,RETAI,0.03,9197.886,3,3,9197.886,0.0,0.0,0.0,0.0,306596.2
1641540,IT,AT,HEAVY,RADIO,0.01,9197.607,3,3,9197.607,0.0,0.0,0.0,0.0,919760.7
1758760,IT,BR,RETA1,PRECI,0.1,9197.386,3,3,9197.386,0.0,0.0,0.0,0.0,91973.86
1673063,IT,FR,FOOD5,CERAM,0.04,9197.023,3,3,9197.023,0.0,0.0,0.0,0.0,229925.575
1731893,IT,SI,PRINT,HEALT,0.09,9197.005,3,3,9197.005,0.0,0.0,0.0,0.0,102188.944444
1655258,IT,DE,PADDY,RAILW,0.09,9196.346,3,3,9196.346,0.0,0.0,0.0,0.0,102181.622222
1783323,IT,NO,PAPE1,MACHI,0.06,9195.977,3,3,9195.977,0.0,0.0,0.0,0.0,153266.283333
1787187,IT,ZA,PUBLI,BUSIN,0.15,9195.911,3,3,9195.911,0.0,0.0,0.0,0.0,61306.073333
1782588,IT,NO,TRANS,MEMBE,0.05,9195.853,3,3,9195.853,0.0,0.0,0.0,0.0,183917.06
1644743,IT,BE,BEVER,MEMBE,0.04,9195.144,3,3,9195.144,0.0,0.0,0.0,0.0,229878.6
1756270,IT,KR,OFFIC,RETA1,0.03,9195.028,3,3,9195.028,0.0,0.0,0.0,0.0,306500.933333
1767396,IT,RU,LANDT,PAPER,0.06,9194.863,3,3,9194.863,0.0,0.0,0.0,0.0,153247.716667
1732460,IT,SI,CHEM1,NONF1,0.02,9194.787,3,3,9194.787,0.0,0.0,0.0,0.0,459739.35
1716136,IT,NL,PREC1,ELECT,0.02,9194.269,3,3,9194.269,0.0,0.0,0.0,0.0,459713.45
1734092,IT,SI,INSUR,CONST,0.19,9193.733,3,3,9193.733,0.0,0.0,0.0,0.0,48388.068421
1806356,IT,WF,MOTO1,LEADZ,0.05,9193.502,3,3,9193.502,0.0,0.0,0.0,0.0,183870.04
1689034,IT,IE,OFFIC,DIST1,0.03,9193.456,3,3,9193.456,0.0,0.0,0.0,0.0,306448.533333
1678064,IT,FR,HEALT,POULT,0.05,9193.273,3,3,9193.273,0.0,0.0,0.0,0.0,183865.46
1770863,IT,AU,BUSIN,OFFIC,0.09,9193.011,3,3,9193.011,0.0,0.0,0.0,0.0,102144.566667
1709559,IT,LT,WOODW,HOTEL,0.03,9192.294,3,3,9192.294,0.0,0.0,0.0,0.0,306409.8
1796775,IT,WL,LANDT,RETAI,0.06,9192.132,3,3,9192.132,0.0,0.0,0.0,0.0,153202.2
1732592,IT,SI,GLASS,SANDC,0.03,9191.92,3,3,9191.92,0.0,0.0,0.0,0.0,306397.333333
1653707,IT,CZ,COPP1,RAWMI,0.02,9191.79,3,3,9191.79,0.0,0.0,0.0,0.0,459589.5
1736840,IT,SK,BUSIN,MEAT1,0.09,9191.098,3,3,9191.098,0.0,0.0,0.0,0.0,102123.311111
1762036,IT,IN,WHOLE,SUPPO,0.08,9190.272,3,3,9190.272,0.0,0.0,0.0,0.0,114878.4
1751567,IT,CN,POSTT,PFERT,0.15,9190.17,3,3,9190.17,0.0,0.0,0.0,0.0,61267.8
1730729,IT,SE,RESEA,COMPU,0.05,9189.931,3,3,9189.931,0.0,0.0,0.0,0.0,183798.62
1812286,IT,WM,BASIC,HYDRO,0.01,9189.313,3,3,9189.313,0.0,0.0,0.0,0.0,918931.3
1672502,IT,FI,PRIVA,SECO9,2.05,9188.878,3,3,9188.878,0.0,0.0,0.0,0.0,4482.379512
1664522,IT,EE,TRANS,SUPPO,0.05,9188.795,3,3,9188.795,0.0,0.0,0.0,0.0,183775.9
1735547,IT,SK,ALUM1,BRICK,0.02,9188.744,3,3,9188.744,0.0,0.0,0.0,0.0,459437.2
1781263,IT,NO,CHEMI,FOOD5,0.02,9188.584,3,3,9188.584,0.0,0.0,0.0,0.0,459429.2
1644212,IT,BE,VEGET,RETA1,0.03,9187.739,3,3,9187.739,0.0,0.0,0.0,0.0,306257.966667
1714613,IT,NL,MEATC,CROPS,0.03,9187.355,3,3,9187.355,0.0,0.0,0.0,0.0,306245.166667
1741474,IT,US,MOTOR,AIRTR,0.01,9187.336,3,3,9187.336,0.0,0.0,0.0,0.0,918733.6
1753164,IT,CA,GLASS,SANDC,0.03,9187.083,3,3,9187.083,0.0,0.0,0.0,0.0,306236.1
1653456,IT,CZ,NONME,SECO9,0.02,9187.06,3,3,9187.06,0.0,0.0,0.0,0.0,459353.0
1664803,IT,ES,VEGET,MACHI,0.03,9186.791,3,3,9186.791,0.0,0.0,0.0,0.0,306226.366667
1654897,IT,CZ,FINAN,DISTR,0.12,9186.274,3,3,9186.274,0.0,0.0,0.0,0.0,76552.283333
1786117,IT,ZA,BASIC,NONFE,0.01,9186.106,3,3,9186.106,0.0,0.0,0.0,0.0,918610.6
1681308,IT,GR,INSUR,AVIAT,0.19,9186.077,3,3,9186.077,0.0,0.0,0.0,0.0,48347.773684
1785261,IT,ZA,TEXTI,RAILW,0.05,9185.983,3,3,9185.983,0.0,0.0,0.0,0.0,183719.66
1641604,IT,AT,NAPHT,PFERT,0.02,9185.79,3,3,9185.79,0.0,0.0,0.0,0.0,459289.5
1770806,IT,AU,COMPU,LANDT,0.1,9185.454,3,3,9185.454,0.0,0.0,0.0,0.0,91854.54
1752702,IT,CA,LEATH,PAPER,0.07,9184.773,4,4,9184.771,0.0,0.0,0.0,0.002,131211.042857
1711394,IT,LU,RETA1,POSTT,0.1,9184.656,3,3,9184.656,0.0,0.0,0.0,0.0,91846.56
1782429,IT,NO,MACHI,MEATC,0.05,9184.613,3,3,9184.613,0.0,0.0,0.0,0.0,183692.26
1737389,IT,GB,TEXTI,CHEM1,0.05,9184.448,3,3,9184.448,0.0,0.0,0.0,0.0,183688.96
1800110,IT,WE,NAPHT,NFERT,0.02,9183.993,3,3,9183.993,0.0,0.0,0.0,0.0,459199.65
1684702,IT,HU,CEREA,HEALT,0.01,9183.954,3,3,9183.954,0.0,0.0,0.0,0.0,918395.4
1711969,IT,LV,VEGET,MEATC,0.03,9183.658,3,3,9183.658,0.0,0.0,0.0,0.0,306121.933333
1645254,IT,BE,COALT,COMPU,0.01,9183.031,3,3,9183.031,0.0,0.0,0.0,0.0,918303.1
1675525,IT,FR,OFFIC,OILHA,0.03,9182.808,3,3,9182.808,0.0,0.0,0.0,0.0,306093.6
1731476,IT,SI,BEVER,DIST1,0.04,9182.668,3,3,9182.668,0.0,0.0,0.0,0.0,229566.7
1781820,IT,NO,BITU1,TEXT1,0.01,9182.48,3,3,9182.48,0.0,0.0,0.0,0.0,918248.0
1726878,IT,RO,RETA1,ELEC1,0.1,9182.226,3,3,9182.226,0.0,0.0,0.0,0.0,91822.26
1790663,IT,WA,FABRI,BRICK,0.04,9181.897,3,3,9181.897,0.0,0.0,0.0,0.0,229547.425
1760949,IT,IN,HEAVY,RADIO,0.01,9181.888,3,3,9181.888,0.0,0.0,0.0,0.0,918188.8
1806850,IT,WF,RETA1,AIRTR,0.1,9181.876,3,3,9181.876,0.0,0.0,0.0,0.0,91818.76
1652177,IT,CZ,VEGE1,EDUCA,0.03,9181.789,4,4,9181.787,0.0,0.0,0.0,0.002,306059.633333
1714824,IT,NL,FOOD5,NAPHT,0.04,9181.741,3,3,9181.741,0.0,0.0,0.0,0.0,229543.525
1753991,IT,CA,LANDT,SALEM,0.06,9181.404,3,3,9181.404,0.0,0.0,0.0,0.0,153023.4
1791645,IT,WA,HOTEL,CHARC,0.07,9181.343,3,3,9181.343,0.0,0.0,0.0,0.0,131162.042857
1736956,IT,GB,VEGET,BUSIN,0.03,9180.797,3,3,9180.797,0.0,0.0,0.0,0.0,306026.566667
1812816,IT,WM,FABRI,PULP5,0.04,9180.375,3,3,9180.375,0.0,0.0,0.0,0.0,229509.375
1679526,IT,GR,ADDIT,LIQUE,0.02,9179.983,3,3,9179.983,0.0,0.0,0.0,0.0,458999.15
1679288,IT,GR,HEAVY,TEXTI,0.01,9179.4,3,3,9179.4,0.0,0.0,0.0,0.0,917940.0
1804950,IT,WF,NONSP,CHARC,0.01,9179.3,3,3,9179.3,0.0,0.0,0.0,0.0,917930.0
1780576,IT,TW,INSUR,FISHF,0.19,9178.887,3,3,9178.887,0.0,0.0,0.0,0.0,48309.931579
1644455,IT,BE,VEGE1,GASDI,0.03,9178.761,4,4,9178.759,0.0,0.0,0.0,0.002,305958.7
1787777,IT,WA,DAIRY,LEAD1,0.04,9178.549,3,3,9178.549,0.0,0.0,0.0,0.0,229463.725
1769046,IT,AU,KEROS,POSTT,0.01,9177.93,3,3,9177.93,0.0,0.0,0.0,0.0,917793.0
1775877,IT,TR,DAIRY,RECRE,0.04,9177.883,3,3,9177.883,0.0,0.0,0.0,0.0,229447.075
1748984,IT,CN,LEATH,MEATP,0.07,9177.828,4,4,9177.826,0.0,0.0,0.0,0.002,131111.828571
1676261,IT,FR,SALEM,ELEC3,0.07,9177.667,3,3,9177.667,0.0,0.0,0.0,0.0,131109.528571
1718991,IT,PL,MOTOR,MOTOR,0.01,9177.071,3,3,9177.071,0.0,0.0,0.0,0.0,917707.1
1783039,IT,NO,INSUR,MEAT1,0.19,9177.003,3,3,9177.003,0.0,0.0,0.0,0.0,48300.015789
1668848,IT,ES,TRAN2,FOOD1,0.01,9176.901,3,3,9176.901,0.0,0.0,0.0,0.0,917690.1
1665237,IT,ES,FOOD5,93197,0.04,9176.626,3,3,9176.626,0.0,0.0,0.0,0.0,229415.65
1775388,IT,CH,PUBLI,TRANS,0.15,9176.079,3,3,9176.079,0.0,0.0,0.0,0.0,61173.86
1684925,IT,HU,CHEMI,WHOLE,0.02,9176.027,3,3,9176.027,0.0,0.0,0.0,0.0,458801.35
1643370,IT,AT,RAILW,PUBLI,0.06,9175.207,3,3,9175.207,0.0,0.0,0.0,0.0,152920.116667
1749945,IT,CN,GLASS,POSTT,0.03,9175.001,3,3,9175.001,0.0,0.0,0.0,0.0,305833.366667
1787996,IT,WA,TEXTI,DAIRY,0.05,9174.592,3,3,9174.592,0.0,0.0,0.0,0.0,183491.84
1810896,IT,WM,KERO1,ETHAN,0.01,9174.195,3,3,9174.195,0.0,0.0,0.0,0.0,917419.5
1689869,IT,IE,AUXIL,LEADZ,0.17,9174.149,3,3,9174.149,0.0,0.0,0.0,0.0,53965.582353
1742632,IT,US,LEAD1,RESEA,0.02,9174.096,3,3,9174.096,0.0,0.0,0.0,0.0,458704.8
1804132,IT,WF,PAPER,NAPHT,0.04,9174.047,3,3,9174.047,0.0,0.0,0.0,0.0,229351.175
1765456,IT,RU,TEXTI,POSTT,0.05,9173.69,3,3,9173.69,0.0,0.0,0.0,0.0,183473.8
1787080,IT,ZA,BUSIN,FOOD5,0.09,9173.687,3,3,9173.687,0.0,0.0,0.0,0.0,101929.855556
1754622,IT,KR,FORES,STEAM,0.08,9173.661,4,4,9169.661,0.0,4.0,0.0,0.0,114670.7625
1713236,IT,MT,PAPER,MEATC,0.04,9173.456,3,3,9173.456,0.0,0.0,0.0,0.0,229336.4
1681781,IT,HR,CHEMI,SUPPO,0.02,9173.151,3,3,9173.151,0.0,0.0,0.0,0.0,458657.55
1673186,IT,FR,BEVER,RAILW,0.04,9173.036,3,3,9173.036,0.0,0.0,0.0,0.0,229325.9
1744232,IT,US,POSTT,FOUND,0.15,9173.031,3,3,9173.031,0.0,0.0,0.0,0.0,61153.54
1722104,IT,PL,BUSIN,BIOGA,0.09,9172.708,3,3,9172.708,0.0,0.0,0.0,0.0,101918.977778
1778055,IT,TR,OFFIC,FINAN,0.03,9172.616,3,3,9172.616,0.0,0.0,0.0,0.0,305753.866667
1745514,IT,JP,FOOD5,AIRTR,0.04,9172.543,3,3,9172.543,0.0,0.0,0.0,0.0,229313.575
1725749,IT,RO,PRINT,TEXTI,0.09,9172.518,3,3,9172.518,0.0,0.0,0.0,0.0,101916.866667
1651193,IT,BG,BUSIN,TRANS,0.09,9171.085,3,3,9171.085,0.0,0.0,0.0,0.0,101900.944444
1804492,IT,WF,GASDI,NAPHT,0.01,9171.01,3,3,9171.01,0.0,0.0,0.0,0.0,917101.0
1645226,IT,BE,COALT,MOTOR,0.01,9170.909,3,3,9170.909,0.0,0.0,0.0,0.0,917090.9
1728242,IT,SE,FOOD5,SUPPO,0.04,9170.648,3,3,9170.648,0.0,0.0,0.0,0.0,229266.2
1773106,IT,CH,COPP1,PAPER,0.02,9170.554,3,3,9170.554,0.0,0.0,0.0,0.0,458527.7
1802276,IT,WE,LANDT,FABRI,0.06,9170.047,3,3,9170.047,0.0,0.0,0.0,0.0,152834.116667
1654536,IT,CZ,HOTEL,DIST1,0.07,9170.0,3,3,9170.0,0.0,0.0,0.0,0.0,131000.0
1709780,IT,LT,RUBBE,TOBAC,0.03,9169.914,3,3,9169.914,0.0,0.0,0.0,0.0,305663.8
1687310,IT,HU,RETA1,MACHI,0.1,9169.767,3,3,9169.767,0.0,0.0,0.0,0.0,91697.67
1689440,IT,IE,HOTEL,LEAD1,0.07,9169.523,3,3,9169.523,0.0,0.0,0.0,0.0,130993.185714
1664674,IT,EE,LANDT,RECRE,0.06,9169.412,3,3,9169.412,0.0,0.0,0.0,0.0,152823.533333
1746138,IT,JP,NONSP,MOTOR,0.01,9169.182,3,3,9169.182,0.0,0.0,0.0,0.0,916918.2
1745416,IT,JP,DAIRY,TEXTI,0.04,9169.126,3,3,9169.126,0.0,0.0,0.0,0.0,229228.15
1774434,IT,CH,RAILW,FINAN,0.06,9168.229,3,3,9168.229,0.0,0.0,0.0,0.0,152803.816667
1730714,IT,SE,COMPU,REALE,0.1,9168.015,3,3,9168.015,0.0,0.0,0.0,0.0,91680.15
1763230,IT,MX,WOODW,FOUND,0.03,9167.623,3,3,9167.623,0.0,0.0,0.0,0.0,305587.433333
1729612,IT,SE,FABRI,IRONO,0.04,9167.198,3,3,9167.198,0.0,0.0,0.0,0.0,229179.95
1750363,IT,CN,FABRI,BIOGA,0.04,9166.784,3,3,9166.784,0.0,0.0,0.0,0.0,229169.6
1721058,IT,PL,HOTEL,RADIO,0.07,9165.935,3,3,9165.935,0.0,0.0,0.0,0.0,130941.928571
1794840,IT,WL,PLAST,AUXIL,0.02,9165.933,3,3,9165.933,0.0,0.0,0.0,0.0,458296.65
1777560,IT,TR,PREC1,BASIC,0.02,9165.73,3,3,9165.73,0.0,0.0,0.0,0.0,458286.5
1795859,IT,WL,OFFIC,BEVER,0.03,9165.63,3,3,9165.63,0.0,0.0,0.0,0.0,305521.0
1715502,IT,NL,GASDI,WHEAT,0.01,9165.583,3,3,9165.583,0.0,0.0,0.0,0.0,916558.3
1793154,IT,WA,93197,MEAT1,0.06,9165.428,3,3,9165.428,0.0,0.0,0.0,0.0,152757.133333
1646671,IT,BE,FURNI,ALUM1,0.03,9164.742,3,3,9164.742,0.0,0.0,0.0,0.0,305491.4
1800646,IT,WE,CERAM,FOOD5,0.01,9164.233,3,3,9164.233,0.0,0.0,0.0,0.0,916423.3
1652599,IT,CZ,LEATH,HEALT,0.07,9163.958,4,4,9163.956,0.0,0.0,0.0,0.002,130913.685714
1651658,IT,CY,BASIC,RAILW,0.01,9162.817,3,3,9162.817,0.0,0.0,0.0,0.0,916281.7
1791771,IT,WA,RAILW,REALE,0.06,9162.75,3,3,9162.75,0.0,0.0,0.0,0.0,152712.5
1714207,IT,MT,INSUR,COMPU,0.19,9162.661,3,3,9162.661,0.0,0.0,0.0,0.0,48224.531579
1784804,IT,ID,HOTEL,RADIO,0.07,9162.247,3,3,9162.247,0.0,0.0,0.0,0.0,130889.242857
1772721,IT,CH,BRICK,CEMEN,0.01,9162.095,3,3,9162.095,0.0,0.0,0.0,0.0,916209.5
1748396,IT,CN,CROPS,RUBBE,0.07,9161.438,3,3,9161.438,0.0,0.0,0.0,0.0,130877.685714
1648584,IT,BG,CHEMI,FOOD5,0.02,9161.274,3,3,9161.274,0.0,0.0,0.0,0.0,458063.7
1808682,IT,WF,INERT,LANDT,0.07,9160.987,3,3,9160.987,0.0,0.0,0.0,0.0,130871.242857
1717201,IT,NL,SUPPO,BIODI,0.07,9160.937,3,3,9160.937,0.0,0.0,0.0,0.0,130870.528571
1768796,IT,AU,LEATH,FORES,0.07,9160.754,4,4,9160.752,0.0,0.0,0.0,0.002,130867.914286
1769646,IT,AU,FABRI,FOUND,0.04,9160.198,3,3,9160.198,0.0,0.0,0.0,0.0,229004.95
1744387,IT,US,INSUR,LANDT,0.19,9160.158,3,3,9160.158,0.0,0.0,0.0,0.0,48211.357895
1670012,IT,ES,HEALT,RENTI,0.05,9160.016,3,3,9160.016,0.0,0.0,0.0,0.0,183200.32
1673237,IT,FR,FISH5,LEATH,0.04,9159.969,4,4,9159.964,0.0,0.0,0.0,0.005,228999.225
1740583,IT,US,MEATA,HEALT,0.05,9159.321,3,3,9159.321,0.0,0.0,0.0,0.0,183186.42
1788367,IT,WA,WOODW,PRECI,0.03,9159.27,3,3,9159.27,0.0,0.0,0.0,0.0,305309.0
1795875,IT,WL,OFFIC,PREC1,0.03,9159.216,3,3,9159.216,0.0,0.0,0.0,0.0,305307.2
1739254,IT,GB,HOTEL,FISHF,0.07,9159.138,3,3,9159.138,0.0,0.0,0.0,0.0,130844.828571
1783341,IT,NO,PAPE1,TEXT1,0.06,9158.863,3,3,9158.863,0.0,0.0,0.0,0.0,152647.716667
1802812,IT,WE,PUBLI,TRANS,0.15,9158.706,3,3,9158.706,0.0,0.0,0.0,0.0,61058.04
1688454,IT,IE,TEXTI,REALE,0.05,9157.883,3,3,9157.883,0.0,0.0,0.0,0.0,183157.66
1812052,IT,WM,CERAM,PAPER,0.01,9157.118,3,3,9157.118,0.0,0.0,0.0,0.0,915711.8
1752374,IT,CA,MEAT4,MEMBE,0.05,9156.818,3,3,9156.818,0.0,0.0,0.0,0.0,183136.36
1647756,IT,BE,INSUR,COMPU,0.19,9155.992,3,3,9155.992,0.0,0.0,0.0,0.0,48189.431579
1662289,IT,DK,NONME,FOOD5,0.02,9155.58,3,3,9155.58,0.0,0.0,0.0,0.0,457779.0
1715665,IT,NL,NONSP,MEAT4,0.01,9155.062,3,3,9155.062,0.0,0.0,0.0,0.0,915506.2
1738615,IT,GB,FABRI,HEALT,0.04,9154.672,3,3,9154.672,0.0,0.0,0.0,0.0,228866.8
1760868,IT,IN,GASDI,CROPS,0.01,9154.626,3,3,9154.626,0.0,0.0,0.0,0.0,915462.6
1670847,IT,FI,NONSP,COPP1,0.01,9154.523,3,3,9154.523,0.0,0.0,0.0,0.0,915452.3
1787101,IT,ZA,BUSIN,MOTO1,0.09,9154.46,3,3,9154.46,0.0,0.0,0.0,0.0,101716.222222
1779983,IT,TW,SALEM,LEATH,0.07,9154.169,3,3,9154.169,0.0,0.0,0.0,0.0,130773.842857
1783906,IT,ID,VEGET,WHOLE,0.03,9153.874,3,3,9153.874,0.0,0.0,0.0,0.0,305129.133333
1643492,IT,AT,LANDT,FOODW,0.06,9153.548,3,3,9153.548,0.0,0.0,0.0,0.0,152559.133333
1759219,IT,BR,SUPPO,PUBLI,0.07,9153.219,3,3,9153.219,0.0,0.0,0.0,0.0,130760.271429
1760842,IT,IN,MOTOR,AIRTR,0.01,9152.256,3,3,9152.256,0.0,0.0,0.0,0.0,915225.6
1805983,IT,WF,COPP1,BEVER,0.02,9152.252,3,3,9152.252,0.0,0.0,0.0,0.0,457612.6
1799545,IT,WE,PRINT,CHEM1,0.09,9151.88,3,3,9151.88,0.0,0.0,0.0,0.0,101687.555556
1666744,IT,ES,RUBBE,NUCLE,0.03,9151.771,3,3,9151.771,0.0,0.0,0.0,0.0,305059.033333
1676792,IT,FR,LANDT,NONSP,0.06,9151.769,3,3,9151.769,0.0,0.0,0.0,0.0,152529.483333
1756346,IT,KR,TRANS,ELECT,0.05,9151.617,3,3,9151.617,0.0,0.0,0.0,0.0,183032.34
1753975,IT,CA,LANDT,COPP1,0.06,9151.559,3,3,9151.559,0.0,0.0,0.0,0.0,152525.983333
1690478,IT,IE,PAPE4,RENTI,0.06,9151.531,3,3,9151.531,0.0,0.0,0.0,0.0,152525.516667
1806407,IT,WF,MOTO1,AUXIL,0.05,9151.5,3,3,9151.5,0.0,0.0,0.0,0.0,183030.0
1657552,IT,DE,GLASS,HEAVY,0.03,9151.331,3,3,9151.331,0.0,0.0,0.0,0.0,305044.366667
1665207,IT,ES,FOOD5,BIODI,0.04,9150.9,3,3,9150.9,0.0,0.0,0.0,0.0,228772.5
1711932,IT,LU,WASTE,CONST,0.03,9150.108,3,3,9150.108,0.0,0.0,0.0,0.0,305003.6
1729128,IT,SE,GLASS,MEATP,0.03,9149.929,3,3,9149.929,0.0,0.0,0.0,0.0,304997.633333
1812412,IT,WM,PREC1,MEATC,0.02,9149.908,3,3,9149.908,0.0,0.0,0.0,0.0,457495.4
1783540,IT,NO,OILHA,PAPE4,0.05,9149.825,3,3,9149.825,0.0,0.0,0.0,0.0,182996.5
1713059,IT,MT,VEGE1,FOOD5,0.03,9149.255,4,4,9149.253,0.0,0.0,0.0,0.002,304975.166667
1777679,IT,TR,COPP1,PAPER,0.02,9149.22,3,3,9149.22,0.0,0.0,0.0,0.0,457461.0
1763784,IT,MX,GLASS,RECRE,0.03,9149.161,3,3,9149.161,0.0,0.0,0.0,0.0,304972.033333
1760820,IT,IN,MOTOR,WOODW,0.01,9149.092,3,3,9149.092,0.0,0.0,0.0,0.0,914909.2
1718584,IT,PL,LEATH,FORES,0.07,9149.01,4,4,9149.008,0.0,0.0,0.0,0.002,130700.142857
1656532,IT,DE,PAPER,STEAM,0.04,9148.874,3,3,9148.874,0.0,0.0,0.0,0.0,228721.85
1761563,IT,IN,COPP1,ALUM1,0.02,9148.857,3,3,9148.857,0.0,0.0,0.0,0.0,457442.85
1776887,IT,TR,PLAST,SANDC,0.02,9148.632,3,3,9148.632,0.0,0.0,0.0,0.0,457431.6
1800191,IT,WE,PLAST,SUBBI,0.02,9148.289,3,3,9148.289,0.0,0.0,0.0,0.0,457414.45
1781309,IT,NO,VEGE1,LEATH,0.03,9148.191,4,4,9148.189,0.0,0.0,0.0,0.002,304939.7
1728709,IT,SE,MOTOR,MACHI,0.01,9148.043,3,3,9148.043,0.0,0.0,0.0,0.0,914804.3
1780797,IT,TW,RENTI,HEALT,0.05,9147.749,3,3,9147.749,0.0,0.0,0.0,0.0,182954.98
1733613,IT,SI,HOTEL,WOODW,0.07,9147.627,3,3,9147.627,0.0,0.0,0.0,0.0,130680.385714
1657697,IT,DE,CERAM,WASTE,0.01,9147.206,3,3,9147.206,0.0,0.0,0.0,0.0,914720.6
1644880,IT,BE,LEATH,MEAT4,0.07,9147.105,4,4,9147.103,0.0,0.0,0.0,0.002,130672.928571
1779525,IT,TR,RENTI,WASTE,0.05,9146.272,3,3,9146.272,0.0,0.0,0.0,0.0,182925.44
1657381,IT,DE,RUBBE,ANTHR,0.03,9146.063,3,3,9146.063,0.0,0.0,0.0,0.0,304868.766667
1644870,IT,BE,WEARI,BUSIN,0.07,9146.054,4,4,9146.052,0.0,0.0,0.0,0.002,130657.914286
1659718,IT,DE,RAILW,ELECT,0.06,9146.009,3,3,9146.009,0.0,0.0,0.0,0.0,152433.483333
1713119,IT,MT,FOOD5,93197,0.04,9145.932,3,3,9145.932,0.0,0.0,0.0,0.0,228648.3
1687308,IT,HU,RETA1,RUBBE,0.1,9145.572,3,3,9145.572,0.0,0.0,0.0,0.0,91455.72
1672274,IT,FI,RENTI,PRINT,0.05,9145.501,3,3,9145.501,0.0,0.0,0.0,0.0,182910.02
1729008,IT,SE,RUBBE,CROPS,0.03,9145.426,3,3,9145.426,0.0,0.0,0.0,0.0,304847.533333
1716156,IT,NL,PREC1,INTER,0.02,9145.053,3,3,9145.053,0.0,0.0,0.0,0.0,457252.65
1687501,IT,HU,LANDT,VEGE1,0.06,9144.989,3,3,9144.989,0.0,0.0,0.0,0.0,152416.483333
1810397,IT,WM,PULP5,SUGAR,0.03,9144.511,3,3,9144.511,0.0,0.0,0.0,0.0,304817.033333
1812510,IT,WM,ALUM1,MEATP,0.02,9144.441,3,3,9144.441,0.0,0.0,0.0,0.0,457222.05
1686564,IT,HU,ALUM1,LEAD1,0.02,9144.323,3,3,9144.323,0.0,0.0,0.0,0.0,457216.15
1687826,IT,HU,POSTT,HEALT,0.15,9144.193,3,3,9144.193,0.0,0.0,0.0,0.0,60961.286667
1721480,IT,PL,SUPPO,PIGS9,0.07,9143.819,3,3,9143.819,0.0,0.0,0.0,0.0,130625.985714
1677757,IT,FR,COMPU,WOODW,0.1,9143.524,3,3,9143.524,0.0,0.0,0.0,0.0,91435.24
1721699,IT,PL,FINAN,WHOLE,0.12,9143.384,3,3,9143.384,0.0,0.0,0.0,0.0,76194.866667
1649675,IT,BG,CERAM,BUSIN,0.01,9142.668,3,3,9142.668,0.0,0.0,0.0,0.0,914266.8
1783931,IT,ID,NATUR,FOOD3,0.01,9142.64,3,3,9142.64,0.0,0.0,0.0,0.0,914264.0
1791169,IT,WA,FURNI,CRUDE,0.03,9142.22,3,3,9142.22,0.0,0.0,0.0,0.0,304740.666667
1788159,IT,WA,WEARI,ELECT,0.07,9142.06,4,4,9142.058,0.0,0.0,0.0,0.002,130600.857143
1724072,IT,PT,WHOLE,TRANS,0.08,9141.622,3,3,9141.622,0.0,0.0,0.0,0.0,114270.275
1800736,IT,WE,NONME,DAIRY,0.02,9141.343,3,3,9141.343,0.0,0.0,0.0,0.0,457067.15
1752907,IT,CA,HEAVY,FABRI,0.01,9141.008,3,3,9141.008,0.0,0.0,0.0,0.0,914100.8
1787521,IT,WA,CHEMI,PAPER,0.02,9140.439,3,3,9140.439,0.0,0.0,0.0,0.0,457021.95
1776481,IT,TR,MOTOR,ELECT,0.01,9140.375,3,3,9140.375,0.0,0.0,0.0,0.0,914037.5
1733095,IT,SI,FABRI,MEATP,0.04,9140.196,3,3,9140.196,0.0,0.0,0.0,0.0,228504.9
1769906,IT,AU,MOTO1,RUBBE,0.05,9139.727,3,3,9139.727,0.0,0.0,0.0,0.0,182794.54
1768530,IT,AU,FOOD5,FURNI,0.04,9139.677,3,3,9139.677,0.0,0.0,0.0,0.0,228491.925
1716187,IT,NL,ALUM1,LEAD1,0.02,9138.699,3,3,9138.699,0.0,0.0,0.0,0.0,456934.95
1782561,IT,NO,MOTO1,MEMBE,0.05,9138.51,3,3,9138.51,0.0,0.0,0.0,0.0,182770.2
1748412,IT,CN,FORES,VEGET,0.08,9137.102,4,4,9133.102,0.0,4.0,0.0,0.0,114213.775
1771506,IT,CH,FISH5,MEATP,0.04,9136.086,4,4,9136.081,0.0,0.0,0.0,0.005,228402.15
1676711,IT,FR,RAILW,SEACO,0.06,9135.738,3,3,9135.738,0.0,0.0,0.0,0.0,152262.3
1646940,IT,BE,WHOLE,RAILW,0.08,9135.542,3,3,9135.542,0.0,0.0,0.0,0.0,114194.275
1716758,IT,NL,RETA1,NONME,0.1,9135.106,3,3,9135.106,0.0,0.0,0.0,0.0,91351.06
1671306,IT,FI,ALUM1,PFERT,0.02,9135.092,3,3,9135.092,0.0,0.0,0.0,0.0,456754.6
1644379,IT,BE,MEATC,MEATC,0.03,9134.646,3,3,9134.646,0.0,0.0,0.0,0.0,304488.2
1716073,IT,NL,BASIC,KEROS,0.01,9134.293,3,3,9134.293,0.0,0.0,0.0,0.0,913429.3
1730728,IT,SE,RESEA,REALE,0.05,9134.076,3,3,9134.076,0.0,0.0,0.0,0.0,182681.52
1754621,IT,KR,FORES,FURNI,0.08,9133.144,4,4,9129.144,0.0,4.0,0.0,0.0,114164.3
1673248,IT,FR,FISH5,FABRI,0.04,9133.064,4,4,9133.059,0.0,0.0,0.0,0.005,228326.6
1641839,IT,AT,CHEM1,FOODW,0.02,9132.495,3,3,9132.495,0.0,0.0,0.0,0.0,456624.75
1791644,IT,WA,HOTEL,CHEM1,0.07,9132.256,3,3,9132.256,0.0,0.0,0.0,0.0,130460.8
1663633,IT,DK,BUSIN,ELEC5,0.09,9132.011,3,3,9132.011,0.0,0.0,0.0,0.0,101466.788889
1654693,IT,CZ,LANDT,COLLE,0.06,9131.992,3,3,9131.992,0.0,0.0,0.0,0.0,152199.866667
1771073,IT,CH,NATUR,BASIC,0.01,9131.81,3,3,9131.81,0.0,0.0,0.0,0.0,913181.0
1732271,IT,SI,LIQUE,AIRTR,0.02,9131.209,3,3,9131.209,0.0,0.0,0.0,0.0,456560.45
1715744,IT,NL,BIOGA,LANDT,0.02,9130.863,3,3,9130.863,0.0,0.0,0.0,0.0,456543.15
1735932,IT,SK,MOTO1,BEVER,0.05,9129.865,3,3,9129.865,0.0,0.0,0.0,0.0,182597.3
1656514,IT,DE,PAPER,COPP1,0.04,9129.747,3,3,9129.747,0.0,0.0,0.0,0.0,228243.675
1681829,IT,HR,VEGE1,FISHF,0.03,9129.566,4,4,9129.564,0.0,0.0,0.0,0.002,304318.866667
1737601,IT,GB,PAPER,HEAVY,0.04,9129.552,3,3,9129.552,0.0,0.0,0.0,0.0,228238.8
1791598,IT,WA,HOTEL,SUGAR,0.07,9129.405,3,3,9129.405,0.0,0.0,0.0,0.0,130420.071429
1763790,IT,MX,CERAM,TEXTI,0.01,9129.378,3,3,9129.378,0.0,0.0,0.0,0.0,912937.8
1780823,IT,TW,COMPU,NONME,0.1,9129.307,3,3,9129.307,0.0,0.0,0.0,0.0,91293.07
1799554,IT,WE,PRINT,OFFIC,0.09,9129.225,3,3,9129.225,0.0,0.0,0.0,0.0,101435.833333
1721545,IT,PL,SUPPO,RETAI,0.07,9129.028,3,3,9129.028,0.0,0.0,0.0,0.0,130414.685714
1658329,IT,DE,COPP1,RECRE,0.02,9128.988,3,3,9128.988,0.0,0.0,0.0,0.0,456449.4
1709919,IT,LT,BASIC,FISH5,0.01,9128.97,3,3,9128.97,0.0,0.0,0.0,0.0,912897.0
1742785,IT,US,FABRI,TRAN1,0.04,9128.925,3,3,9128.925,0.0,0.0,0.0,0.0,228223.125
1660908,IT,DE,BUSIN,FORES,0.09,9128.82,3,3,9128.82,0.0,0.0,0.0,0.0,101431.333333
1804211,IT,WF,PRINT,FURNI,0.09,9128.718,3,3,9128.718,0.0,0.0,0.0,0.0,101430.2
1650460,IT,BG,ELEC5,WOODW,0.11,9128.676,3,3,9128.676,0.0,0.0,0.0,0.0,82987.963636
1735636,IT,SK,COPP1,HOTEL,0.02,9128.531,3,3,9128.531,0.0,0.0,0.0,0.0,456426.55
1784329,IT,ID,RUBBE,SANDC,0.03,9128.354,3,3,9128.354,0.0,0.0,0.0,0.0,304278.466667
1763621,IT,MX,ADDIT,NFERT,0.02,9128.301,3,3,9128.301,0.0,0.0,0.0,0.0,456415.05
1745953,IT,JP,WOODW,COPP1,0.03,9127.656,3,3,9127.656,0.0,0.0,0.0,0.0,304255.2
1643829,IT,AT,FINAN,AIRTR,0.12,9127.64,3,3,9127.64,0.0,0.0,0.0,0.0,76063.666667
1678821,IT,GR,BEVER,PROCE,0.04,9127.548,3,3,9127.548,0.0,0.0,0.0,0.0,228188.7
1649089,IT,BG,PAPER,LIQUE,0.04,9127.539,3,3,9127.539,0.0,0.0,0.0,0.0,228188.475
1729484,IT,SE,ALUM1,CERAM,0.02,9127.538,3,3,9127.538,0.0,0.0,0.0,0.0,456376.9
1784383,IT,ID,GLASS,CHEM1,0.03,9127.093,3,3,9127.093,0.0,0.0,0.0,0.0,304236.433333
1659760,IT,DE,LANDT,OILSE,0.06,9126.889,3,3,9126.889,0.0,0.0,0.0,0.0,152114.816667
1715615,IT,NL,NAPHT,NONFE,0.02,9126.793,3,3,9126.793,0.0,0.0,0.0,0.0,456339.65
1672596,IT,FR,MEATA,MEATA,0.05,9126.45,3,3,9126.45,0.0,0.0,0.0,0.0,182529.0
1679708,IT,GR,NONME,PLAST,0.02,9126.306,3,3,9126.306,0.0,0.0,0.0,0.0,456315.3
1805858,IT,WF,ALUM1,TOBAC,0.02,9125.961,3,3,9125.961,0.0,0.0,0.0,0.0,456298.05
1673294,IT,FR,TEXTI,ANIMA,0.05,9125.912,3,3,9125.912,0.0,0.0,0.0,0.0,182518.24
1656797,IT,DE,GASDI,PRINT,0.01,9125.426,3,3,9125.426,0.0,0.0,0.0,0.0,912542.6
1671354,IT,FI,COPP1,OFFIC,0.02,9125.306,3,3,9125.306,0.0,0.0,0.0,0.0,456265.3
1733315,IT,SI,MOTO1,RETA1,0.05,9125.115,3,3,9125.115,0.0,0.0,0.0,0.0,182502.3
1681149,IT,GR,POSTT,BEVER,0.15,9125.078,3,3,9125.078,0.0,0.0,0.0,0.0,60833.853333
1773154,IT,CH,COPP1,RECRE,0.02,9124.975,3,3,9124.975,0.0,0.0,0.0,0.0,456248.75
1641142,IT,AT,PAPER,PLAS1,0.04,9124.402,3,3,9124.402,0.0,0.0,0.0,0.0,228110.05
1710071,IT,LT,FABRI,BITU1,0.04,9124.242,3,3,9124.242,0.0,0.0,0.0,0.0,228106.05
1767111,IT,RU,FURNI,SEACO,0.03,9124.223,3,3,9124.223,0.0,0.0,0.0,0.0,304140.766667
1726440,IT,RO,FABRI,PETRO,0.04,9123.905,3,3,9123.905,0.0,0.0,0.0,0.0,228097.625
1743382,IT,US,SALEM,ELEC4,0.07,9123.674,3,3,9123.674,0.0,0.0,0.0,0.0,130338.2
1779356,IT,TR,INSUR,LANDT,0.19,9123.211,3,3,9123.211,0.0,0.0,0.0,0.0,48016.9
1762181,IT,IN,TRAN2,COKEO,0.01,9123.022,3,3,9123.022,0.0,0.0,0.0,0.0,912302.2
1806826,IT,WF,RETA1,OFFIC,0.1,9122.972,3,3,9122.972,0.0,0.0,0.0,0.0,91229.72
1719203,IT,PL,PLAST,WASTE,0.02,9122.874,3,3,9122.874,0.0,0.0,0.0,0.0,456143.7
1664464,IT,EE,OFFIC,PREC1,0.03,9122.477,3,3,9122.477,0.0,0.0,0.0,0.0,304082.566667
1775682,IT,TR,CROPS,CATTL,0.07,9122.317,3,3,9122.317,0.0,0.0,0.0,0.0,130318.814286
1742725,IT,US,FABRI,MEAT4,0.04,9122.218,3,3,9122.218,0.0,0.0,0.0,0.0,228055.45
1654267,IT,CZ,FURNI,FOUND,0.03,9122.159,3,3,9122.159,0.0,0.0,0.0,0.0,304071.966667
1664187,IT,EE,GLASS,TRANS,0.03,9122.15,3,3,9122.15,0.0,0.0,0.0,0.0,304071.666667
1717939,IT,PL,STONE,FABRI,0.03,9121.974,4,4,9120.974,0.0,0.0,1.0,0.0,304065.8
1710906,IT,LU,HEAVY,RENTI,0.01,9121.386,3,3,9121.386,0.0,0.0,0.0,0.0,912138.6
1804520,IT,WF,GASDI,BIOG1,0.01,9121.305,3,3,9121.305,0.0,0.0,0.0,0.0,912130.5
1757684,IT,BR,HEAVY,LEAD1,0.01,9120.965,3,3,9120.965,0.0,0.0,0.0,0.0,912096.5
1801019,IT,WE,LEAD1,GASDI,0.02,9120.89,3,3,9120.89,0.0,0.0,0.0,0.0,456044.5
1644437,IT,BE,VEGE1,CHEMI,0.03,9119.754,4,4,9119.752,0.0,0.0,0.0,0.002,303991.8
1643901,IT,AT,REALE,RETA1,0.39,9119.616,3,3,9119.616,0.0,0.0,0.0,0.0,23383.630769
1814661,IT,WM,PLAS1,CRUDE,0.03,9119.494,3,3,9119.494,0.0,0.0,0.0,0.0,303983.133333
1710740,IT,LU,BEVER,RENTI,0.04,9117.828,3,3,9117.828,0.0,0.0,0.0,0.0,227945.7
1672951,IT,FR,DAIRY,RAILW,0.04,9117.774,3,3,9117.774,0.0,0.0,0.0,0.0,227944.35
1711474,IT,LU,TRAN2,TRAN2,0.01,9117.177,3,3,9117.177,0.0,0.0,0.0,0.0,911717.7
1689403,IT,IE,HOTEL,WOOLS,0.07,9116.881,3,3,9116.881,0.0,0.0,0.0,0.0,130241.157143
1650835,IT,BG,LANDT,GLASS,0.06,9116.732,3,3,9116.732,0.0,0.0,0.0,0.0,151945.533333
1713552,IT,MT,CERAM,REALE,0.01,9116.464,3,3,9116.464,0.0,0.0,0.0,0.0,911646.4
1760445,IT,IN,FOOD5,RECRE,0.04,9116.447,3,3,9116.447,0.0,0.0,0.0,0.0,227911.175
1671287,IT,FI,PREC1,MOTO1,0.02,9116.363,3,3,9116.363,0.0,0.0,0.0,0.0,455818.15
1800467,IT,WE,RUBBE,SUBBI,0.03,9116.209,3,3,9116.209,0.0,0.0,0.0,0.0,303873.633333
1802185,IT,WE,HOTEL,ELEC3,0.07,9115.892,3,3,9115.892,0.0,0.0,0.0,0.0,130227.028571
1772286,IT,CH,NAPHT,RESEA,0.02,9115.641,3,3,9115.641,0.0,0.0,0.0,0.0,455782.05
1710690,IT,LU,PROCE,MACHI,0.06,9115.589,3,3,9115.589,0.0,0.0,0.0,0.0,151926.483333
1768588,IT,AU,BEVER,FABRI,0.04,9114.636,3,3,9114.636,0.0,0.0,0.0,0.0,227865.9
1784783,IT,ID,HOTEL,WOODW,0.07,9113.954,3,3,9113.954,0.0,0.0,0.0,0.0,130199.342857
1648107,IT,BE,RESEA,NFERT,0.05,9113.896,3,3,9113.896,0.0,0.0,0.0,0.0,182277.92
1658551,IT,DE,MACHI,TOBAC,0.05,9113.615,3,3,9113.615,0.0,0.0,0.0,0.0,182272.3
1649742,IT,BG,BASIC,HEAVY,0.01,9112.687,3,3,9112.687,0.0,0.0,0.0,0.0,911268.7
1642704,IT,AT,MACHI,SANDC,0.05,9112.644,3,3,9112.644,0.0,0.0,0.0,0.0,182252.88
1737898,IT,GB,CHEM1,CROPS,0.02,9112.157,3,3,9112.157,0.0,0.0,0.0,0.0,455607.85
1813104,IT,WM,MOTO1,FORES,0.05,9111.873,3,3,9111.873,0.0,0.0,0.0,0.0,182237.46
1769370,IT,AU,CERAM,WOOLS,0.01,9111.582,3,3,9111.582,0.0,0.0,0.0,0.0,911158.2
1802643,IT,WE,RENTI,BITUM,0.05,9111.246,3,3,9111.246,0.0,0.0,0.0,0.0,182224.92
1647070,IT,BE,HOTEL,PROCE,0.07,9111.023,3,3,9111.023,0.0,0.0,0.0,0.0,130157.471429
1668598,IT,ES,HOTEL,TEXT2,0.07,9111.002,3,3,9111.002,0.0,0.0,0.0,0.0,130157.171429
1808120,IT,WF,WOOD1,SALEM,0.06,9110.872,3,3,9110.872,0.0,0.0,0.0,0.0,151847.866667
1657378,IT,DE,RUBBE,ANIMA,0.03,9110.846,3,3,9110.846,0.0,0.0,0.0,0.0,303694.866667
1649883,IT,BG,FABRI,CATTL,0.04,9110.768,3,3,9110.768,0.0,0.0,0.0,0.0,227769.2
1689420,IT,IE,HOTEL,LEATH,0.07,9110.435,3,3,9110.435,0.0,0.0,0.0,0.0,130149.071429
1776130,IT,TR,LEATH,PFERT,0.07,9110.285,4,4,9110.283,0.0,0.0,0.0,0.002,130146.928571
1661939,IT,DK,MOTOR,CONST,0.01,9110.228,3,3,9110.228,0.0,0.0,0.0,0.0,911022.8
1787963,IT,WA,TOBAC,PRIVA,0.04,9110.216,3,3,9110.216,0.0,0.0,0.0,0.0,227755.4
1725246,IT,RO,FOOD5,ELEC1,0.04,9110.216,3,3,9110.216,0.0,0.0,0.0,0.0,227755.4
1649512,IT,BG,RUBBE,VEGE1,0.03,9110.13,3,3,9110.13,0.0,0.0,0.0,0.0,303671.0
1726530,IT,RO,MACHI,BUSIN,0.05,9109.782,3,3,9109.782,0.0,0.0,0.0,0.0,182195.64
1646164,IT,BE,ALUM1,VEGE1,0.02,9109.759,3,3,9109.759,0.0,0.0,0.0,0.0,455487.95
1769213,IT,AU,RUBBE,WHEAT,0.03,9109.718,3,3,9109.718,0.0,0.0,0.0,0.0,303657.266667
1641752,IT,AT,CHEM1,MEAT4,0.02,9109.399,3,3,9109.399,0.0,0.0,0.0,0.0,455469.95
1773110,IT,CH,COPP1,HEAVY,0.02,9108.95,3,3,9108.95,0.0,0.0,0.0,0.0,455447.5
1644576,IT,BE,SUGA1,HOTEL,0.02,9108.266,4,4,9108.264,0.0,0.0,0.0,0.002,455413.3
1810416,IT,WM,PULP5,TEXTI,0.03,9107.928,3,3,9107.928,0.0,0.0,0.0,0.0,303597.6
1740589,IT,US,FORES,BEVER,0.08,9107.693,4,4,9103.693,0.0,4.0,0.0,0.0,113846.1625
1753338,IT,CA,BASIC,LANDT,0.01,9107.016,3,3,9107.016,0.0,0.0,0.0,0.0,910701.6
1807419,IT,WF,INSUR,SUGA1,0.19,9106.885,3,3,9106.885,0.0,0.0,0.0,0.0,47930.973684
1722941,IT,PT,GASDI,RENTI,0.01,9106.483,3,3,9106.483,0.0,0.0,0.0,0.0,910648.3
1718592,IT,PL,LEATH,BEVER,0.07,9106.469,4,4,9106.467,0.0,0.0,0.0,0.002,130092.414286
1664740,IT,EE,POSTT,ELEC6,0.15,9105.686,3,3,9105.686,0.0,0.0,0.0,0.0,60704.573333
1678161,IT,FR,PLAS1,PAPE4,0.03,9105.631,3,3,9105.631,0.0,0.0,0.0,0.0,303521.033333
1728518,IT,SE,WOODW,POSTT,0.03,9105.479,3,3,9105.479,0.0,0.0,0.0,0.0,303515.966667
1670518,IT,FI,BEVER,AUXIL,0.04,9104.495,3,3,9104.495,0.0,0.0,0.0,0.0,227612.375
1729280,IT,SE,NONME,WHEAT,0.02,9104.275,3,3,9104.275,0.0,0.0,0.0,0.0,455213.75
1690071,IT,IE,RENTI,OFFIC,0.05,9104.252,3,3,9104.252,0.0,0.0,0.0,0.0,182085.04
1711300,IT,LU,WHOLE,CEREA,0.08,9104.227,3,3,9104.227,0.0,0.0,0.0,0.0,113802.8375
1663714,IT,EE,MEAT4,RETA1,0.05,9104.199,3,3,9104.199,0.0,0.0,0.0,0.0,182083.98
1766595,IT,RU,FABRI,SUGAR,0.04,9104.087,3,3,9104.087,0.0,0.0,0.0,0.0,227602.175
1793852,IT,WL,TEXTI,FOUND,0.05,9103.657,3,3,9103.657,0.0,0.0,0.0,0.0,182073.14
1797476,IT,WL,RESEA,INSUR,0.05,9103.326,3,3,9103.326,0.0,0.0,0.0,0.0,182066.52
1688333,IT,IE,DAIRY,CATTL,0.04,9103.283,3,3,9103.283,0.0,0.0,0.0,0.0,227582.075
1799091,IT,WE,WEARI,ANIMA,0.07,9103.195,4,4,9103.193,0.0,0.0,0.0,0.002,130045.642857
1685397,IT,HU,LEATH,HOTEL,0.07,9102.448,4,4,9102.446,0.0,0.0,0.0,0.002,130034.971429
1760599,IT,IN,WOODW,FOUND,0.03,9102.092,3,3,9102.092,0.0,0.0,0.0,0.0,303403.066667
1753885,IT,CA,RETA1,HEALT,0.1,9102.031,3,3,9102.031,0.0,0.0,0.0,0.0,91020.31
1805285,IT,WF,ADDIT,FOOD5,0.02,9101.815,3,3,9101.815,0.0,0.0,0.0,0.0,455090.75
1670306,IT,FI,CHEMI,PREC1,0.02,9101.803,3,3,9101.803,0.0,0.0,0.0,0.0,455090.15
1681957,IT,HR,FOOD5,HEAVY,0.04,9101.566,3,3,9101.566,0.0,0.0,0.0,0.0,227539.15
1759381,IT,BR,FINAN,EDUCA,0.12,9101.494,3,3,9101.494,0.0,0.0,0.0,0.0,75845.783333
1668130,IT,ES,CONST,HEALT,0.05,9100.509,3,3,9100.509,0.0,0.0,0.0,0.0,182010.18
1735166,IT,SK,RUBBE,TOBAC,0.03,9100.199,3,3,9100.199,0.0,0.0,0.0,0.0,303339.966667
1716803,IT,NL,RETA1,PAPE1,0.1,9100.17,3,3,9100.17,0.0,0.0,0.0,0.0,91001.7
1724618,IT,PT,FINAN,COLLE,0.12,9100.084,3,3,9100.084,0.0,0.0,0.0,0.0,75834.033333
1803430,IT,WF,MEATP,SUGA1,0.04,9099.972,3,3,9099.972,0.0,0.0,0.0,0.0,227499.3
1767068,IT,RU,FURNI,GASDI,0.03,9099.572,3,3,9099.572,0.0,0.0,0.0,0.0,303319.066667
1709849,IT,LT,GLASS,FORES,0.02,9099.223,3,3,9099.223,0.0,0.0,0.0,0.0,454961.15
1783224,IT,NO,BUSIN,HOTEL,0.09,9099.03,3,3,9099.03,0.0,0.0,0.0,0.0,101100.333333
1650779,IT,BG,RAILW,MOTO1,0.06,9099.001,3,3,9099.001,0.0,0.0,0.0,0.0,151650.016667
1644676,IT,BE,BEVER,PRINT,0.04,9098.961,3,3,9098.961,0.0,0.0,0.0,0.0,227474.025
1813631,IT,WM,RETA1,MEATC,0.1,9098.914,3,3,9098.914,0.0,0.0,0.0,0.0,90989.14
1746346,IT,JP,RUBBE,FISHF,0.03,9098.743,3,3,9098.743,0.0,0.0,0.0,0.0,303291.433333
1655324,IT,DE,VEGET,BIODI,0.03,9098.179,3,3,9098.179,0.0,0.0,0.0,0.0,303272.633333
1687891,IT,HU,REALE,MACHI,0.38,9097.836,3,3,9097.836,0.0,0.0,0.0,0.0,23941.673684
1715897,IT,NL,RUBBE,INERT,0.03,9097.78,3,3,9097.78,0.0,0.0,0.0,0.0,303259.333333
1719534,IT,PL,GLASS,FOUND,0.02,9097.137,3,3,9097.137,0.0,0.0,0.0,0.0,454856.85
1725451,IT,RO,WEARI,RAWMI,0.07,9097.11,4,4,9097.108,0.0,0.0,0.0,0.002,129958.714286
1726027,IT,RO,CHEM1,AUXIL,0.02,9096.924,3,3,9096.924,0.0,0.0,0.0,0.0,454846.2
1715858,IT,NL,RUBBE,TRAN1,0.03,9096.282,3,3,9096.282,0.0,0.0,0.0,0.0,303209.4
1741215,IT,US,WOODW,NONME,0.03,9096.126,3,3,9096.126,0.0,0.0,0.0,0.0,303204.2
1764064,IT,MX,FABRI,COKIN,0.04,9095.941,3,3,9095.941,0.0,0.0,0.0,0.0,227398.525
1762038,IT,IN,WHOLE,REALE,0.08,9095.829,3,3,9095.829,0.0,0.0,0.0,0.0,113697.8625
1649267,IT,BG,HEAVY,RETA1,0.01,9095.545,3,3,9095.545,0.0,0.0,0.0,0.0,909554.5
1772531,IT,CH,RUBBE,NFERT,0.03,9094.773,3,3,9094.773,0.0,0.0,0.0,0.0,303159.1
1732363,IT,SI,PETRO,BASIC,0.02,9094.338,3,3,9094.338,0.0,0.0,0.0,0.0,454716.9
1741724,IT,US,NAPHT,HEAVY,0.02,9093.447,3,3,9093.447,0.0,0.0,0.0,0.0,454672.35
1718865,IT,PL,PAPER,FOOD3,0.04,9093.411,3,3,9093.411,0.0,0.0,0.0,0.0,227335.275
1786793,IT,ZA,HOTEL,GLASS,0.07,9092.401,3,3,9092.401,0.0,0.0,0.0,0.0,129891.442857
1716494,IT,NL,OFFIC,RAILW,0.03,9091.955,3,3,9091.955,0.0,0.0,0.0,0.0,303065.166667
1685180,IT,HU,BEVER,FURNI,0.04,9091.791,3,3,9091.791,0.0,0.0,0.0,0.0,227294.775
1724865,IT,PT,BUSIN,NAPHT,0.09,9091.783,3,3,9091.783,0.0,0.0,0.0,0.0,101019.811111
1648408,IT,BE,93197,93197,0.06,9091.62,3,3,9091.62,0.0,0.0,0.0,0.0,151527.0
1719574,IT,PL,GLASS,WASTE,0.02,9091.614,3,3,9091.614,0.0,0.0,0.0,0.0,454580.7
1749086,IT,CN,WOODW,NATUR,0.03,9091.299,3,3,9091.299,0.0,0.0,0.0,0.0,303043.3
1735241,IT,SK,GLASS,PIGS9,0.02,9091.155,3,3,9091.155,0.0,0.0,0.0,0.0,454557.75
1803892,IT,WF,WEARI,MEATC,0.07,9090.973,4,4,9090.971,0.0,0.0,0.0,0.002,129871.042857
1686231,IT,HU,CERAM,STONE,0.01,9090.731,3,3,9090.731,0.0,0.0,0.0,0.0,909073.1
1797861,IT,WL,FOOD2,93197,0.05,9090.184,3,3,9090.184,0.0,0.0,0.0,0.0,181803.68
1800228,IT,WE,PLAST,COALT,0.02,9089.887,3,3,9089.887,0.0,0.0,0.0,0.0,454494.35
1795057,IT,WL,ADDIT,RETAI,0.02,9089.406,3,3,9089.406,0.0,0.0,0.0,0.0,454470.3
1684899,IT,HU,SANDC,BUSIN,0.02,9089.315,4,4,9087.315,0.0,0.0,2.0,0.0,454465.75
1689735,IT,IE,FINAN,ELEC5,0.12,9089.03,3,3,9089.03,0.0,0.0,0.0,0.0,75741.916667
1771069,IT,CH,NATUR,GASDI,0.01,9088.605,3,3,9088.605,0.0,0.0,0.0,0.0,908860.5
1763333,IT,MX,PAPER,RESEA,0.04,9088.543,3,3,9088.543,0.0,0.0,0.0,0.0,227213.575
1713936,IT,MT,CONST,RETA1,0.05,9088.028,3,3,9088.028,0.0,0.0,0.0,0.0,181760.56
1754658,IT,KR,SANDC,MOTO1,0.02,9087.626,4,4,9085.626,0.0,0.0,2.0,0.0,454381.3
1732688,IT,SI,CERAM,DISTR,0.01,9087.581,3,3,9087.581,0.0,0.0,0.0,0.0,908758.1
1732987,IT,SI,ALUM1,INERT,0.02,9087.384,3,3,9087.384,0.0,0.0,0.0,0.0,454369.2
1674935,IT,FR,BASIC,OFFIC,0.01,9087.209,3,3,9087.209,0.0,0.0,0.0,0.0,908720.9
1789951,IT,WA,CEMEN,POSTT,0.01,9087.027,3,3,9087.027,0.0,0.0,0.0,0.0,908702.7
1656112,IT,DE,FISH5,RAWMI,0.04,9086.89,4,4,9086.885,0.0,0.0,0.0,0.005,227172.25
1748297,IT,JP,MEMBE,EDUCA,0.11,9086.568,3,3,9086.568,0.0,0.0,0.0,0.0,82605.163636
1686872,IT,HU,FABRI,INERT,0.04,9086.477,3,3,9086.477,0.0,0.0,0.0,0.0,227161.925
1640134,IT,AT,CEREA,DAIRY,0.01,9086.464,3,3,9086.464,0.0,0.0,0.0,0.0,908646.4
1649046,IT,BG,WOODW,BUSIN,0.03,9086.314,3,3,9086.314,0.0,0.0,0.0,0.0,302877.133333
1802860,IT,WE,FOOD3,WEARI,0.03,9086.288,3,3,9086.288,0.0,0.0,0.0,0.0,302876.266667
1641640,IT,AT,PARAF,GASDI,0.01,9086.172,3,3,9086.172,0.0,0.0,0.0,0.0,908617.2
1642107,IT,AT,GLASS,HOTEL,0.02,9086.057,3,3,9086.057,0.0,0.0,0.0,0.0,454302.85
1767742,IT,RU,FINAN,BUSIN,0.12,9085.833,3,3,9085.833,0.0,0.0,0.0,0.0,75715.275
1656364,IT,DE,WOODW,MOTOR,0.03,9085.695,3,3,9085.695,0.0,0.0,0.0,0.0,302856.5
1670688,IT,FI,WOODW,RUBBE,0.03,9085.663,3,3,9085.663,0.0,0.0,0.0,0.0,302855.433333
1793329,IT,WA,PRIVA,AIRTR,2.03,9085.58,3,3,9085.58,0.0,0.0,0.0,0.0,4475.655172
1780837,IT,TW,COMPU,TRANS,0.1,9085.129,3,3,9085.129,0.0,0.0,0.0,0.0,90851.29
1791638,IT,WA,HOTEL,HEAVY,0.07,9085.068,3,3,9085.068,0.0,0.0,0.0,0.0,129786.685714
1735205,IT,SK,RUBBE,DIST1,0.03,9084.315,3,3,9084.315,0.0,0.0,0.0,0.0,302810.5
1719485,IT,PL,GLASS,MEATA,0.02,9084.29,3,3,9084.29,0.0,0.0,0.0,0.0,454214.5
1642206,IT,AT,CEMEN,ELEC4,0.01,9082.916,3,3,9082.916,0.0,0.0,0.0,0.0,908291.6
1775848,IT,TR,VEGE1,WHOLE,0.03,9082.865,4,4,9082.863,0.0,0.0,0.0,0.002,302762.166667
1795370,IT,WL,BASIC,MEATC,0.01,9082.231,3,3,9082.231,0.0,0.0,0.0,0.0,908223.1
1653182,IT,CZ,CHEM1,FOOD2,0.02,9081.944,3,3,9081.944,0.0,0.0,0.0,0.0,454097.2
1749353,IT,CN,PRINT,DISTR,0.09,9081.827,3,3,9081.827,0.0,0.0,0.0,0.0,100909.188889
1664597,IT,EE,HOTEL,HEALT,0.07,9081.722,3,3,9081.722,0.0,0.0,0.0,0.0,129738.885714
1785919,IT,ZA,RUBBE,SANDC,0.03,9081.39,3,3,9081.39,0.0,0.0,0.0,0.0,302713.0
1726602,IT,RO,MOTO1,DAIRY,0.05,9080.283,3,3,9080.283,0.0,0.0,0.0,0.0,181605.66
1748437,IT,CN,STONE,CATTL,0.03,9080.252,4,4,9079.252,0.0,0.0,1.0,0.0,302675.066667
1799750,IT,WE,KEROS,FABRI,0.01,9079.809,3,3,9079.809,0.0,0.0,0.0,0.0,907980.9
1809700,IT,WM,PROCE,RETA1,0.06,9079.66,3,3,9079.66,0.0,0.0,0.0,0.0,151327.666667
1745427,IT,JP,DAIRY,TRANS,0.04,9079.659,3,3,9079.659,0.0,0.0,0.0,0.0,226991.475
1785201,IT,ZA,BEVER,NONF1,0.04,9078.936,3,3,9078.936,0.0,0.0,0.0,0.0,226973.4
1798598,IT,WE,MEATP,WEARI,0.04,9078.669,3,3,9078.669,0.0,0.0,0.0,0.0,226966.725
1758313,IT,BR,COPP1,RUBBE,0.02,9078.549,3,3,9078.549,0.0,0.0,0.0,0.0,453927.45
1648312,IT,BE,EDUCA,FISH5,0.23,9078.382,3,3,9078.382,0.0,0.0,0.0,0.0,39471.226087
1781859,IT,NO,CHEM1,CEREA,0.02,9078.104,3,3,9078.104,0.0,0.0,0.0,0.0,453905.2
1757080,IT,KR,BUSIN,TRAN2,0.09,9078.035,3,3,9078.035,0.0,0.0,0.0,0.0,100867.055556
1753653,IT,CA,OFFIC,BUSIN,0.03,9077.931,3,3,9077.931,0.0,0.0,0.0,0.0,302597.7
1654950,IT,CZ,INSUR,MACHI,0.19,9077.718,3,3,9077.718,0.0,0.0,0.0,0.0,47777.463158
1653892,IT,CZ,FABRI,ELEC3,0.04,9077.277,3,3,9077.277,0.0,0.0,0.0,0.0,226931.925
1661419,IT,DK,VEGE1,COMPU,0.03,9077.05,4,4,9077.048,0.0,0.0,0.0,0.002,302568.333333
1800751,IT,WE,NONME,BRICK,0.02,9076.994,3,3,9076.994,0.0,0.0,0.0,0.0,453849.7
1661595,IT,DK,BEVER,FINAN,0.04,9076.878,3,3,9076.878,0.0,0.0,0.0,0.0,226921.95
1783192,IT,NO,COMPU,COMPU,0.1,9076.751,3,3,9076.751,0.0,0.0,0.0,0.0,90767.51
1797140,IT,WL,POSTT,LEAD1,0.15,9075.566,3,3,9075.566,0.0,0.0,0.0,0.0,60503.773333
1712261,IT,LV,KEROS,FABRI,0.01,9075.522,3,3,9075.522,0.0,0.0,0.0,0.0,907552.2
1737524,IT,GB,WOODW,COPP1,0.03,9075.393,3,3,9075.393,0.0,0.0,0.0,0.0,302513.1
1709796,IT,LT,RUBBE,PETRO,0.03,9074.53,3,3,9074.53,0.0,0.0,0.0,0.0,302484.333333
1733785,IT,SI,LANDT,TRAN1,0.06,9074.419,3,3,9074.419,0.0,0.0,0.0,0.0,151240.316667
1713766,IT,MT,OFFIC,BUSIN,0.03,9073.647,3,3,9073.647,0.0,0.0,0.0,0.0,302454.9
1803141,IT,WF,VEGET,MOTO1,0.03,9073.641,3,3,9073.641,0.0,0.0,0.0,0.0,302454.7
1801578,IT,WE,TRANS,CERAM,0.05,9073.579,3,3,9073.579,0.0,0.0,0.0,0.0,181471.58
1799882,IT,WE,GASDI,BIOG1,0.01,9073.519,3,3,9073.519,0.0,0.0,0.0,0.0,907351.9
1770862,IT,AU,BUSIN,MACHI,0.09,9073.447,3,3,9073.447,0.0,0.0,0.0,0.0,100816.077778
1679979,IT,GR,FABRI,RETA1,0.04,9073.217,3,3,9073.217,0.0,0.0,0.0,0.0,226830.425
1751557,IT,CN,POSTT,PAPER,0.15,9073.036,3,3,9073.036,0.0,0.0,0.0,0.0,60486.906667
1767683,IT,RU,POSTT,HEALT,0.15,9072.153,3,3,9072.153,0.0,0.0,0.0,0.0,60481.02
1785994,IT,ZA,RUBBE,MEMBE,0.03,9072.056,3,3,9072.056,0.0,0.0,0.0,0.0,302401.866667
1807793,IT,WF,FOODW,PRECI,0.07,9071.805,3,3,9071.805,0.0,0.0,0.0,0.0,129597.214286
1649592,IT,BG,GLASS,OILSE,0.02,9071.541,3,3,9071.541,0.0,0.0,0.0,0.0,453577.05
1780086,IT,TW,WHOLE,LANDT,0.08,9070.722,3,3,9070.722,0.0,0.0,0.0,0.0,113384.025
1759268,IT,BR,POSTT,NONME,0.15,9070.441,3,3,9070.441,0.0,0.0,0.0,0.0,60469.606667
1733175,IT,SI,FABRI,93197,0.04,9070.176,3,3,9070.176,0.0,0.0,0.0,0.0,226754.4
1651390,IT,CY,MOTOR,RAILW,0.01,9069.539,3,3,9069.539,0.0,0.0,0.0,0.0,906953.9
1768521,IT,AU,FOOD5,PREC1,0.04,9069.221,3,3,9069.221,0.0,0.0,0.0,0.0,226730.525
1769619,IT,AU,FABRI,FOOD5,0.04,9069.086,3,3,9069.086,0.0,0.0,0.0,0.0,226727.15
1652864,IT,CZ,COALT,NONFE,0.01,9069.086,3,3,9069.086,0.0,0.0,0.0,0.0,906908.6
1813531,IT,WM,WHOLE,SANDC,0.08,9068.894,3,3,9068.894,0.0,0.0,0.0,0.0,113361.175
1685726,IT,HU,NONSP,KEROS,0.01,9068.02,3,3,9068.02,0.0,0.0,0.0,0.0,906802.0
1808194,IT,WF,OILHA,SEACO,0.05,9067.828,3,3,9067.828,0.0,0.0,0.0,0.0,181356.56
1724020,IT,PT,RETAI,DISTR,0.07,9067.02,3,3,9067.02,0.0,0.0,0.0,0.0,129528.857143
1647716,IT,BE,INSUR,CHEM1,0.19,9066.879,3,3,9066.879,0.0,0.0,0.0,0.0,47720.415789
1680572,IT,GR,ELEC8,PAPE4,0.12,9066.645,3,3,9066.645,0.0,0.0,0.0,0.0,75555.375
1757199,IT,BR,MEAT4,FURNI,0.05,9066.396,3,3,9066.396,0.0,0.0,0.0,0.0,181327.92
1670887,IT,FI,PLAST,SECO9,0.02,9065.258,3,3,9065.258,0.0,0.0,0.0,0.0,453262.9
1718663,IT,PL,WOODW,WEARI,0.03,9065.066,3,3,9065.066,0.0,0.0,0.0,0.0,302168.866667
1734759,IT,SK,WOODW,MEATP,0.03,9064.774,3,3,9064.774,0.0,0.0,0.0,0.0,302159.133333
1685304,IT,HU,WEARI,FOOD5,0.07,9064.724,4,4,9064.722,0.0,0.0,0.0,0.002,129496.057143
1654649,IT,CZ,LANDT,NAPHT,0.06,9064.499,3,3,9064.499,0.0,0.0,0.0,0.0,151074.983333
1711863,IT,LU,PLAS1,FINAN,0.03,9063.792,3,3,9063.792,0.0,0.0,0.0,0.0,302126.4
1742046,IT,US,RUBBE,ANIMA,0.03,9063.338,3,3,9063.338,0.0,0.0,0.0,0.0,302111.266667
1786361,IT,ZA,MACHI,SUGA1,0.05,9062.73,3,3,9062.73,0.0,0.0,0.0,0.0,181254.6
1688368,IT,IE,PROCE,RENTI,0.06,9062.473,3,3,9062.473,0.0,0.0,0.0,0.0,151041.216667
1682570,IT,HR,MOTOR,INSUR,0.01,9062.09,3,3,9062.09,0.0,0.0,0.0,0.0,906209.0
1659166,IT,DE,CONST,PRINT,0.05,9061.016,3,3,9061.016,0.0,0.0,0.0,0.0,181220.32
1779507,IT,TR,RENTI,RETAI,0.05,9060.72,3,3,9060.72,0.0,0.0,0.0,0.0,181214.4
1652663,IT,CZ,WOODW,EDUCA,0.03,9060.491,3,3,9060.491,0.0,0.0,0.0,0.0,302016.366667
1787457,IT,WA,STONE,FABRI,0.03,9060.386,4,4,9059.386,0.0,0.0,1.0,0.0,302012.866667
1761840,IT,IN,MOTO1,FURNI,0.05,9060.05,3,3,9060.05,0.0,0.0,0.0,0.0,181201.0
1745569,IT,JP,BEVER,PUBLI,0.04,9060.002,3,3,9060.002,0.0,0.0,0.0,0.0,226500.05
1711330,IT,LU,WHOLE,OFFIC,0.08,9059.949,3,3,9059.949,0.0,0.0,0.0,0.0,113249.3625
1730433,IT,SE,POSTT,ELECT,0.15,9059.881,3,3,9059.881,0.0,0.0,0.0,0.0,60399.206667
1800686,IT,WE,BRICK,FORES,0.01,9059.756,3,3,9059.756,0.0,0.0,0.0,0.0,905975.6
1786534,IT,ZA,FURNI,PULP5,0.03,9059.58,3,3,9059.58,0.0,0.0,0.0,0.0,301986.0
1709294,IT,LT,VEGET,MEAT4,0.03,9058.817,3,3,9058.817,0.0,0.0,0.0,0.0,301960.566667
1645901,IT,BE,CERAM,STONE,0.01,9058.743,3,3,9058.743,0.0,0.0,0.0,0.0,905874.3
1760855,IT,IN,AVIAT,COLLE,0.02,9058.589,3,3,9058.589,0.0,0.0,0.0,0.0,452929.45
1672084,IT,FI,SUPPO,RETA1,0.07,9057.982,3,3,9057.982,0.0,0.0,0.0,0.0,129399.742857
1813323,IT,WM,FURNI,PLANT,0.03,9057.588,3,3,9057.588,0.0,0.0,0.0,0.0,301919.6
1791209,IT,WA,FURNI,CEMEN,0.03,9057.397,3,3,9057.397,0.0,0.0,0.0,0.0,301913.233333
1734874,IT,SK,PAPER,COKE1,0.04,9057.066,3,3,9057.066,0.0,0.0,0.0,0.0,226426.65
1734507,IT,SK,VEGE1,SUGA1,0.03,9056.993,4,4,9056.991,0.0,0.0,0.0,0.002,301899.766667
1651355,IT,CY,PAPER,RUBBE,0.04,9056.759,3,3,9056.759,0.0,0.0,0.0,0.0,226418.975
1710917,IT,LU,LIQUE,HEALT,0.02,9056.504,3,3,9056.504,0.0,0.0,0.0,0.0,452825.2
1783327,IT,NO,PAPE1,SALEM,0.06,9055.849,3,3,9055.849,0.0,0.0,0.0,0.0,150930.816667
1733143,IT,SI,FABRI,SALEM,0.04,9055.794,3,3,9055.794,0.0,0.0,0.0,0.0,226394.85
1709917,IT,LT,BASIC,STONE,0.01,9055.608,3,3,9055.608,0.0,0.0,0.0,0.0,905560.8
1689086,IT,IE,FURNI,HOTEL,0.03,9055.249,3,3,9055.249,0.0,0.0,0.0,0.0,301841.633333
1789569,IT,WA,BIODI,MOTOR,0.02,9054.723,3,3,9054.723,0.0,0.0,0.0,0.0,452736.15
1712130,IT,LV,WEARI,MACHI,0.07,9054.608,4,4,9054.606,0.0,0.0,0.0,0.002,129351.542857
1653394,IT,CZ,CERAM,GLASS,0.01,9054.429,3,3,9054.429,0.0,0.0,0.0,0.0,905442.9
1780226,IT,TW,RAILW,LANDT,0.06,9054.37,3,3,9054.37,0.0,0.0,0.0,0.0,150906.166667
1795060,IT,WL,ADDIT,HOTEL,0.02,9053.09,3,3,9053.09,0.0,0.0,0.0,0.0,452654.5
1783626,IT,NO,FOOD3,LEAD1,0.03,9052.982,3,3,9052.982,0.0,0.0,0.0,0.0,301766.066667
1652463,IT,CZ,WEARI,COKIN,0.07,9052.385,4,4,9052.383,0.0,0.0,0.0,0.002,129319.785714
1786248,IT,ZA,FABRI,CATTL,0.04,9051.672,3,3,9051.672,0.0,0.0,0.0,0.0,226291.8
1719048,IT,PL,LIQUE,FOOD5,0.02,9051.607,3,3,9051.607,0.0,0.0,0.0,0.0,452580.35
1644884,IT,BE,LEATH,FISH5,0.06,9051.306,4,4,9051.304,0.0,0.0,0.0,0.002,150855.1
1796635,IT,WL,HOTEL,ELECT,0.07,9051.267,3,3,9051.267,0.0,0.0,0.0,0.0,129303.814286
1795130,IT,WL,RUBBE,ADDIT,0.03,9050.545,3,3,9050.545,0.0,0.0,0.0,0.0,301684.833333
1792229,IT,WA,POSTT,FOOD5,0.15,9049.873,3,3,9049.873,0.0,0.0,0.0,0.0,60332.486667
1735692,IT,SK,FABRI,BRICK,0.04,9048.894,3,3,9048.894,0.0,0.0,0.0,0.0,226222.35
1653419,IT,CZ,CEMEN,CEMEN,0.01,9048.843,3,3,9048.843,0.0,0.0,0.0,0.0,904884.3
1793791,IT,WL,TEXTI,CEREA,0.05,9048.717,3,3,9048.717,0.0,0.0,0.0,0.0,180974.34
1731992,IT,SI,KEROS,CHEMI,0.01,9048.651,3,3,9048.651,0.0,0.0,0.0,0.0,904865.1
1734530,IT,SK,DAIRY,SUPPO,0.04,9048.247,3,3,9048.247,0.0,0.0,0.0,0.0,226206.175
1795345,IT,WL,NONME,FURNI,0.02,9048.24,3,3,9048.24,0.0,0.0,0.0,0.0,452412.0
1749017,IT,CN,LEATH,BRICK,0.06,9048.211,4,4,9048.209,0.0,0.0,0.0,0.002,150803.516667
1775409,IT,CH,PUBLI,REALE,0.15,9047.606,3,3,9047.606,0.0,0.0,0.0,0.0,60317.373333
1747403,IT,JP,RAILW,MACHI,0.06,9047.181,3,3,9047.181,0.0,0.0,0.0,0.0,150786.35
1718138,IT,PL,VEGE1,MACHI,0.03,9046.481,4,4,9046.479,0.0,0.0,0.0,0.002,301549.366667
1800053,IT,WE,LIQUE,LIQUE,0.02,9046.442,3,3,9046.442,0.0,0.0,0.0,0.0,452322.1
1653138,IT,CZ,CHEM1,COPP1,0.02,9046.368,3,3,9046.368,0.0,0.0,0.0,0.0,452318.4
1800726,IT,WE,NONME,PLANT,0.02,9046.348,3,3,9046.348,0.0,0.0,0.0,0.0,452317.4
1659857,IT,DE,LANDT,STEAM,0.06,9046.337,3,3,9046.337,0.0,0.0,0.0,0.0,150772.283333
1804012,IT,WF,WOODW,BITUM,0.03,9045.794,3,3,9045.794,0.0,0.0,0.0,0.0,301526.466667
1812263,IT,WM,NONME,MEMBE,0.02,9045.78,3,3,9045.78,0.0,0.0,0.0,0.0,452289.0
1709824,IT,LT,RUBBE,SEACO,0.03,9045.761,3,3,9045.761,0.0,0.0,0.0,0.0,301525.366667
1727253,IT,RO,SUPPO,STEAM,0.07,9045.401,3,3,9045.401,0.0,0.0,0.0,0.0,129220.014286
1774304,IT,CH,HOTEL,FISH5,0.07,9044.704,3,3,9044.704,0.0,0.0,0.0,0.0,129210.057143
1745968,IT,JP,WOODW,ELEC8,0.03,9044.647,3,3,9044.647,0.0,0.0,0.0,0.0,301488.233333
1760463,IT,IN,TEXTI,FISHF,0.05,9044.626,3,3,9044.626,0.0,0.0,0.0,0.0,180892.52
1767467,IT,RU,TRAN2,RETAI,0.01,9044.608,3,3,9044.608,0.0,0.0,0.0,0.0,904460.8
1733171,IT,SI,FABRI,PAPE4,0.04,9044.572,3,3,9044.572,0.0,0.0,0.0,0.0,226114.3
1662379,IT,DK,BASIC,LANDT,0.01,9044.113,3,3,9044.113,0.0,0.0,0.0,0.0,904411.3
1748445,IT,CN,STONE,WEARI,0.03,9044.034,4,4,9043.034,0.0,0.0,1.0,0.0,301467.8
1770362,IT,AU,LANDT,BITUM,0.06,9043.921,3,3,9043.921,0.0,0.0,0.0,0.0,150732.016667
1758260,IT,BR,PREC1,FOUND,0.02,9043.914,3,3,9043.914,0.0,0.0,0.0,0.0,452195.7
1681663,IT,HR,VEGET,FABRI,0.03,9043.815,3,3,9043.815,0.0,0.0,0.0,0.0,301460.5
1734275,IT,SI,COMPU,PUBLI,0.1,9043.536,3,3,9043.536,0.0,0.0,0.0,0.0,90435.36
1711404,IT,LU,RETA1,EDUCA,0.09,9042.971,3,3,9042.971,0.0,0.0,0.0,0.0,100477.455556
1806052,IT,WF,COPP1,EDUCA,0.02,9042.736,3,3,9042.736,0.0,0.0,0.0,0.0,452136.8
1738468,IT,GB,COPP1,BIODI,0.02,9041.834,3,3,9041.834,0.0,0.0,0.0,0.0,452091.7
1740776,IT,US,MEAT4,INSUR,0.05,9041.709,3,3,9041.709,0.0,0.0,0.0,0.0,180834.18
1714744,IT,NL,DAIRY,MACHI,0.04,9041.604,3,3,9041.604,0.0,0.0,0.0,0.0,226040.1
1712179,IT,LV,WOODW,TEXTI,0.03,9041.536,3,3,9041.536,0.0,0.0,0.0,0.0,301384.533333
1723886,IT,PT,FURNI,HEAVY,0.03,9041.063,3,3,9041.063,0.0,0.0,0.0,0.0,301368.766667
1804375,IT,WF,KEROS,WEARI,0.01,9040.539,3,3,9040.539,0.0,0.0,0.0,0.0,904053.9
1669303,IT,ES,FINAN,COPP1,0.12,9040.494,3,3,9040.494,0.0,0.0,0.0,0.0,75337.45
1748423,IT,CN,FORES,BASIC,0.08,9040.477,4,4,9037.477,0.0,3.0,0.0,0.0,113005.9625
1686864,IT,HU,FABRI,INTER,0.04,9040.176,3,3,9040.176,0.0,0.0,0.0,0.0,226004.4
1792572,IT,WA,COMPU,MEATA,0.1,9040.083,3,3,9040.083,0.0,0.0,0.0,0.0,90400.83
1719079,IT,PL,PARAF,POSTT,0.01,9040.055,3,3,9040.055,0.0,0.0,0.0,0.0,904005.5
1659468,IT,DE,RETA1,LIGNI,0.09,9039.271,3,3,9039.271,0.0,0.0,0.0,0.0,100436.344444
1678519,IT,GR,CEREA,PIGS9,0.01,9039.171,3,3,9039.171,0.0,0.0,0.0,0.0,903917.1
1735525,IT,SK,ALUM1,MEATP,0.02,9039.074,3,3,9039.074,0.0,0.0,0.0,0.0,451953.7
1760275,IT,IN,CROPS,PFERT,0.07,9038.502,3,3,9038.502,0.0,0.0,0.0,0.0,129121.457143
1671110,IT,FI,GLASS,DAIRY,0.02,9038.316,3,3,9038.316,0.0,0.0,0.0,0.0,451915.8
1813942,IT,WM,TRAN2,REALE,0.01,9038.117,3,3,9038.117,0.0,0.0,0.0,0.0,903811.7
1756850,IT,KR,POSTT,BASIC,0.15,9037.214,3,3,9037.214,0.0,0.0,0.0,0.0,60248.093333
1671404,IT,FI,FABRI,PRINT,0.04,9037.15,3,3,9037.15,0.0,0.0,0.0,0.0,225928.75
1740070,IT,GB,RENTI,FOODW,0.05,9036.905,3,3,9036.905,0.0,0.0,0.0,0.0,180738.1
1649216,IT,BG,MOTOR,POSTT,0.01,9036.157,3,3,9036.157,0.0,0.0,0.0,0.0,903615.7
1711393,IT,LU,RETA1,SUPPO,0.09,9036.089,3,3,9036.089,0.0,0.0,0.0,0.0,100400.988889
1646295,IT,BE,COPP1,LANDT,0.02,9035.89,3,3,9035.89,0.0,0.0,0.0,0.0,451794.5
1677245,IT,FR,FINAN,CATTL,0.12,9035.462,3,3,9035.462,0.0,0.0,0.0,0.0,75295.516667
1729926,IT,SE,FURNI,RETAI,0.03,9035.338,3,3,9035.338,0.0,0.0,0.0,0.0,301177.933333
1726355,IT,RO,ALUM1,BUSIN,0.02,9035.244,3,3,9035.244,0.0,0.0,0.0,0.0,451762.2
1797075,IT,WL,SUPPO,RECRE,0.06,9035.128,3,3,9035.128,0.0,0.0,0.0,0.0,150585.466667
1716014,IT,NL,CEMEN,HOTEL,0.01,9034.627,3,3,9034.627,0.0,0.0,0.0,0.0,903462.7
1744180,IT,US,POSTT,OILSE,0.15,9034.599,3,3,9034.599,0.0,0.0,0.0,0.0,60230.66
1656838,IT,DE,GASDI,PAPE1,0.01,9034.209,3,3,9034.209,0.0,0.0,0.0,0.0,903420.9
1657733,IT,DE,CEMEN,ELEC7,0.01,9033.775,3,3,9033.775,0.0,0.0,0.0,0.0,903377.5
1770339,IT,AU,RAILW,CRUDE,0.06,9033.756,3,3,9033.756,0.0,0.0,0.0,0.0,150562.6
1669170,IT,ES,POSTT,NONME,0.15,9033.684,3,3,9033.684,0.0,0.0,0.0,0.0,60224.56
1683088,IT,HR,RUBBE,HEAVY,0.03,9033.577,3,3,9033.577,0.0,0.0,0.0,0.0,301119.233333
1785395,IT,ZA,PAPER,LEATH,0.04,9033.576,3,3,9033.576,0.0,0.0,0.0,0.0,225839.4
1649166,IT,BG,PRINT,GASDI,0.09,9033.071,3,3,9033.071,0.0,0.0,0.0,0.0,100367.455556
1797802,IT,WL,OILHA,HOTEL,0.05,9032.904,3,3,9032.904,0.0,0.0,0.0,0.0,180658.08
1679667,IT,GR,GLASS,SEACO,0.02,9032.583,3,3,9032.583,0.0,0.0,0.0,0.0,451629.15
1657089,IT,DE,NONSP,ELE12,0.01,9032.525,3,3,9032.525,0.0,0.0,0.0,0.0,903252.5
1645861,IT,BE,GLASS,BRICK,0.02,9032.119,3,3,9032.119,0.0,0.0,0.0,0.0,451605.95
1650976,IT,BG,SUPPO,PAPER,0.06,9032.012,3,3,9032.012,0.0,0.0,0.0,0.0,150533.533333
1685071,IT,HU,SUGA1,SANDC,0.02,9031.953,4,4,9031.951,0.0,0.0,0.0,0.002,451597.65
1780276,IT,TW,LANDT,RADIO,0.06,9031.747,3,3,9031.747,0.0,0.0,0.0,0.0,150529.116667
1756431,IT,KR,CONST,GASDI,0.05,9031.639,3,3,9031.639,0.0,0.0,0.0,0.0,180632.78
1654407,IT,CZ,WHOLE,NFERT,0.08,9031.54,3,3,9031.54,0.0,0.0,0.0,0.0,112894.25
1641312,IT,AT,AVIAT,AIRTR,0.02,9030.705,3,3,9030.705,0.0,0.0,0.0,0.0,451535.25
1726236,IT,RO,NONME,ELEC1,0.02,9030.523,3,3,9030.523,0.0,0.0,0.0,0.0,451526.15
1655447,IT,DE,FORES,ELEC7,0.08,9030.26,4,4,9027.26,0.0,3.0,0.0,0.0,112878.25
1736490,IT,SK,INLAN,WEARI,0.01,9030.188,3,3,9030.188,0.0,0.0,0.0,0.0,903018.8
1788131,IT,WA,WEARI,WOODW,0.07,9030.148,4,4,9030.146,0.0,0.0,0.0,0.002,129002.114286
1775787,IT,TR,SANDC,BASIC,0.02,9029.843,4,4,9027.843,0.0,0.0,2.0,0.0,451492.15
1805807,IT,WF,PREC1,TRANS,0.02,9029.593,3,3,9029.593,0.0,0.0,0.0,0.0,451479.65
1660188,IT,DE,SUPPO,SALEM,0.06,9029.122,3,3,9029.122,0.0,0.0,0.0,0.0,150485.366667
1690291,IT,IE,SEWAG,LIQUE,0.08,9029.048,3,3,9029.048,0.0,0.0,0.0,0.0,112863.1
1670239,IT,ES,93197,HEALT,0.06,9028.839,3,3,9028.839,0.0,0.0,0.0,0.0,150480.65
1772163,IT,CH,KERO1,HEALT,0.01,9028.327,3,3,9028.327,0.0,0.0,0.0,0.0,902832.7
1766228,IT,RU,GLASS,DIST1,0.02,9027.638,3,3,9027.638,0.0,0.0,0.0,0.0,451381.9
1641970,IT,AT,RUBBE,NAPHT,0.03,9027.467,3,3,9027.467,0.0,0.0,0.0,0.0,300915.566667
1779939,IT,TW,CONST,OFFIC,0.05,9025.643,3,3,9025.643,0.0,0.0,0.0,0.0,180512.86
1644754,IT,BE,FISH5,VEGE1,0.04,9025.534,4,4,9025.529,0.0,0.0,0.0,0.005,225638.35
1740403,IT,GB,HEALT,REALE,0.05,9024.892,3,3,9024.892,0.0,0.0,0.0,0.0,180497.84
1786191,IT,ZA,ALUM1,NONFE,0.02,9024.669,3,3,9024.669,0.0,0.0,0.0,0.0,451233.45
1790480,IT,WA,COPP1,NAPHT,0.02,9024.635,3,3,9024.635,0.0,0.0,0.0,0.0,451231.75
1675026,IT,FR,PREC1,PLAS2,0.02,9024.212,3,3,9024.212,0.0,0.0,0.0,0.0,451210.6
1663523,IT,DK,RENTI,MEMBE,0.05,9023.05,3,3,9023.05,0.0,0.0,0.0,0.0,180461.0
1723011,IT,PT,PLAST,NAPHT,0.02,9022.932,3,3,9022.932,0.0,0.0,0.0,0.0,451146.6
1794411,IT,WL,KEROS,RECRE,0.01,9022.925,3,3,9022.925,0.0,0.0,0.0,0.0,902292.5
1713202,IT,MT,LEATH,FURNI,0.06,9022.855,4,4,9022.853,0.0,0.0,0.0,0.002,150380.916667
1721706,IT,PL,FINAN,POSTT,0.12,9022.226,3,3,9022.226,0.0,0.0,0.0,0.0,75185.216667
1649381,IT,BG,CHEM1,RAWMI,0.02,9021.982,3,3,9021.982,0.0,0.0,0.0,0.0,451099.1
1749468,IT,CN,HEAVY,ELECT,0.01,9021.958,3,3,9021.958,0.0,0.0,0.0,0.0,902195.8
1811199,IT,WM,NAPHT,POSTT,0.02,9021.948,3,3,9021.948,0.0,0.0,0.0,0.0,451097.4
1797367,IT,WL,RENTI,MOTOR,0.05,9021.561,3,3,9021.561,0.0,0.0,0.0,0.0,180431.22
1682218,IT,HR,WEARI,LANDT,0.07,9021.272,4,4,9021.27,0.0,0.0,0.0,0.002,128875.314286
1778300,IT,TR,SALEM,NONF1,0.07,9020.503,3,3,9020.503,0.0,0.0,0.0,0.0,128864.328571
1739232,IT,GB,RETA1,INTER,0.09,9020.332,3,3,9020.332,0.0,0.0,0.0,0.0,100225.911111
1780694,IT,TW,REALE,TOBAC,0.38,9020.123,3,3,9020.123,0.0,0.0,0.0,0.0,23737.165789
1747730,IT,JP,FINAN,RETA1,0.12,9019.994,3,3,9019.994,0.0,0.0,0.0,0.0,75166.616667
1651920,IT,CY,COMPU,PRINT,0.1,9019.87,3,3,9019.87,0.0,0.0,0.0,0.0,90198.7
1768283,IT,AU,VEGET,RETA1,0.03,9019.754,3,3,9019.754,0.0,0.0,0.0,0.0,300658.466667
1768975,IT,AU,PAPER,DISTR,0.03,9019.319,3,3,9019.319,0.0,0.0,0.0,0.0,300643.966667
1730903,IT,SE,PLAS1,REALE,0.03,9019.055,3,3,9019.055,0.0,0.0,0.0,0.0,300635.166667
1776200,IT,TR,WOODW,LEATH,0.03,9019.026,3,3,9019.026,0.0,0.0,0.0,0.0,300634.2
1811795,IT,WM,ADDIT,SEACO,0.02,9018.84,3,3,9018.84,0.0,0.0,0.0,0.0,450942.0
1809811,IT,WM,FOOD5,MOTO1,0.04,9018.133,3,3,9018.133,0.0,0.0,0.0,0.0,225453.325
1657780,IT,DE,NONME,LEATH,0.02,9018.084,3,3,9018.084,0.0,0.0,0.0,0.0,450904.2
1666743,IT,ES,RUBBE,NONSP,0.03,9017.87,3,3,9017.87,0.0,0.0,0.0,0.0,300595.666667
1641846,IT,AT,CHEM1,MEMBE,0.02,9017.562,3,3,9017.562,0.0,0.0,0.0,0.0,450878.1
1682537,IT,HR,MOTOR,FISHF,0.01,9017.444,3,3,9017.444,0.0,0.0,0.0,0.0,901744.4
1764170,IT,MX,MACHI,PLANT,0.05,9017.275,3,3,9017.275,0.0,0.0,0.0,0.0,180345.5
1660469,IT,DE,INSUR,PRINT,0.19,9017.082,3,3,9017.082,0.0,0.0,0.0,0.0,47458.326316
1686826,IT,HU,FABRI,RADIO,0.04,9016.585,3,3,9016.585,0.0,0.0,0.0,0.0,225414.625
1681437,IT,GR,RENTI,REALE,0.05,9016.456,3,3,9016.456,0.0,0.0,0.0,0.0,180329.12
1808822,IT,WF,WOOD2,RECRE,0.05,9015.902,3,3,9015.902,0.0,0.0,0.0,0.0,180318.04
1743788,IT,US,LANDT,RADIO,0.06,9015.643,3,3,9015.643,0.0,0.0,0.0,0.0,150260.716667
1752220,IT,CN,PUBLI,EDUCA,0.15,9015.615,3,3,9015.615,0.0,0.0,0.0,0.0,60104.1
1668225,IT,ES,RETAI,MOTO1,0.07,9015.612,3,3,9015.612,0.0,0.0,0.0,0.0,128794.457143
1790515,IT,WA,COPP1,HOTEL,0.02,9015.538,3,3,9015.538,0.0,0.0,0.0,0.0,450776.9
1720723,IT,PL,TRANS,NATUR,0.05,9015.479,3,3,9015.479,0.0,0.0,0.0,0.0,180309.58
1755117,IT,KR,LEATH,NAPHT,0.06,9015.46,4,4,9015.458,0.0,0.0,0.0,0.002,150257.666667
1807955,IT,WF,PLAS1,PREC1,0.03,9015.014,3,3,9015.014,0.0,0.0,0.0,0.0,300500.466667
1747789,IT,JP,AUXIL,RETA1,0.16,9014.924,3,3,9014.924,0.0,0.0,0.0,0.0,56343.275
1797694,IT,WL,PLAS1,PFERT,0.03,9014.188,3,3,9014.188,0.0,0.0,0.0,0.0,300472.933333
1714690,IT,NL,VEGE1,HEAVY,0.03,9014.051,4,4,9014.049,0.0,0.0,0.0,0.002,300468.366667
1765757,IT,RU,PRINT,HOTEL,0.09,9013.702,3,3,9013.702,0.0,0.0,0.0,0.0,100152.244444
1757741,IT,BR,LUBRI,LIQUE,0.01,9013.344,3,3,9013.344,0.0,0.0,0.0,0.0,901334.4
1789325,IT,WA,CHEM1,COKIN,0.02,9012.223,3,3,9012.223,0.0,0.0,0.0,0.0,450611.15
1759768,IT,BR,BUSIN,FOUND,0.09,9012.205,3,3,9012.205,0.0,0.0,0.0,0.0,100135.611111
1648656,IT,BG,DAIRY,GLASS,0.04,9012.164,3,3,9012.164,0.0,0.0,0.0,0.0,225304.1
1782145,IT,NO,NONME,VEGE1,0.02,9012.026,3,3,9012.026,0.0,0.0,0.0,0.0,450601.3
1765888,IT,RU,PLAST,PULP5,0.02,9011.26,3,3,9011.26,0.0,0.0,0.0,0.0,450563.0
1805635,IT,WF,NONME,LIQUE,0.02,9010.976,3,3,9010.976,0.0,0.0,0.0,0.0,450548.8
1715531,IT,NL,GASDI,FURNI,0.01,9010.915,3,3,9010.915,0.0,0.0,0.0,0.0,901091.5
1793306,IT,WA,PRIVA,ELEC4,2.01,9010.882,3,3,9010.882,0.0,0.0,0.0,0.0,4483.025871
1663793,IT,EE,BEVER,CONST,0.04,9010.747,3,3,9010.747,0.0,0.0,0.0,0.0,225268.675
1731676,IT,SI,WOODW,FOUND,0.03,9010.738,3,3,9010.738,0.0,0.0,0.0,0.0,300357.933333
1690231,IT,IE,BUSIN,PUBLI,0.09,9010.68,3,3,9010.68,0.0,0.0,0.0,0.0,100118.666667
1745674,IT,JP,TEXTI,LANDT,0.05,9009.976,3,3,9009.976,0.0,0.0,0.0,0.0,180199.52
1718748,IT,PL,PULP5,SUPPO,0.03,9009.604,3,3,9009.604,0.0,0.0,0.0,0.0,300320.133333
1714887,IT,NL,BEVER,WOODW,0.04,9009.476,3,3,9009.476,0.0,0.0,0.0,0.0,225236.9
1719763,IT,PL,BASIC,HYDRO,0.01,9009.271,3,3,9009.271,0.0,0.0,0.0,0.0,900927.1
1802893,IT,WE,RECRE,FINAN,0.11,9008.354,3,3,9008.354,0.0,0.0,0.0,0.0,81894.127273
1648475,IT,BG,VEGET,BUSIN,0.03,9007.979,3,3,9007.979,0.0,0.0,0.0,0.0,300265.966667
1644315,IT,BE,NATUR,CONST,0.01,9007.014,3,3,9007.014,0.0,0.0,0.0,0.0,900701.4
1673747,IT,FR,PAPER,ELEC8,0.03,9006.735,3,3,9006.735,0.0,0.0,0.0,0.0,300224.5
1718253,IT,PL,FOOD5,FORES,0.04,9006.218,3,3,9006.218,0.0,0.0,0.0,0.0,225155.45
1737767,IT,GB,HEAVY,FINAN,0.01,9005.71,3,3,9005.71,0.0,0.0,0.0,0.0,900571.0
1735715,IT,SK,FABRI,TRAN1,0.04,9005.363,3,3,9005.363,0.0,0.0,0.0,0.0,225134.075
1774935,IT,CH,INSUR,SEACO,0.19,9005.326,3,3,9005.326,0.0,0.0,0.0,0.0,47396.452632
1721948,IT,PL,COMPU,DAIRY,0.1,9005.216,3,3,9005.216,0.0,0.0,0.0,0.0,90052.16
1777134,IT,TR,ADDIT,PFERT,0.02,9004.355,3,3,9004.355,0.0,0.0,0.0,0.0,450217.75
1640836,IT,AT,WEARI,93197,0.07,9003.969,4,4,9003.967,0.0,0.0,0.0,0.002,128628.128571
1765792,IT,RU,MOTOR,FABRI,0.01,9003.917,3,3,9003.917,0.0,0.0,0.0,0.0,900391.7
1711194,IT,LU,MACHI,BEVER,0.05,9003.902,3,3,9003.902,0.0,0.0,0.0,0.0,180078.04
1649260,IT,BG,HEAVY,RUBBE,0.01,9003.656,3,3,9003.656,0.0,0.0,0.0,0.0,900365.6
1652144,IT,CZ,MEAT4,BEVER,0.05,9003.57,3,3,9003.57,0.0,0.0,0.0,0.0,180071.4
1656110,IT,DE,FISH5,PIGS9,0.04,9003.419,4,4,9003.414,0.0,0.0,0.0,0.005,225085.475
1668080,IT,ES,FURNI,INERT,0.03,9003.223,3,3,9003.223,0.0,0.0,0.0,0.0,300107.433333
1796269,IT,WL,CONST,NONME,0.05,9002.905,3,3,9002.905,0.0,0.0,0.0,0.0,180058.1
1644007,IT,AT,BUSIN,IRONO,0.09,9002.835,3,3,9002.835,0.0,0.0,0.0,0.0,100031.5
1739345,IT,GB,RAILW,WOODW,0.06,9002.518,3,3,9002.518,0.0,0.0,0.0,0.0,150041.966667
1769579,IT,AU,COPP1,RADIO,0.02,9002.195,3,3,9002.195,0.0,0.0,0.0,0.0,450109.75
1640603,IT,AT,BEVER,MEATC,0.04,9001.917,3,3,9001.917,0.0,0.0,0.0,0.0,225047.925
1721080,IT,PL,HOTEL,SEACO,0.07,9001.886,3,3,9001.886,0.0,0.0,0.0,0.0,128598.371429
1808585,IT,WF,PAPE4,BUSIN,0.06,9001.418,3,3,9001.418,0.0,0.0,0.0,0.0,150023.633333
1751744,IT,CN,INSUR,RENTI,0.19,9001.319,3,3,9001.319,0.0,0.0,0.0,0.0,47375.363158
1808237,IT,WF,FOOD1,93197,0.05,9001.211,3,3,9001.211,0.0,0.0,0.0,0.0,180024.22
1788093,IT,WA,WEARI,WHEAT,0.07,9001.141,4,4,9001.139,0.0,0.0,0.0,0.002,128587.728571
1723873,IT,PT,FURNI,DAIRY,0.03,9001.127,3,3,9001.127,0.0,0.0,0.0,0.0,300037.566667
1790186,IT,WA,PREC1,CRUDE,0.02,9001.078,3,3,9001.078,0.0,0.0,0.0,0.0,450053.9
1665235,IT,ES,FOOD5,MEMBE,0.04,9001.033,3,3,9001.033,0.0,0.0,0.0,0.0,225025.825
1813446,IT,WM,CONST,RETA1,0.05,9000.926,3,3,9000.926,0.0,0.0,0.0,0.0,180018.52
1649680,IT,BG,CEMEN,MEAT1,0.01,9000.742,3,3,9000.742,0.0,0.0,0.0,0.0,900074.2
1730133,IT,SE,RAILW,CONST,0.06,9000.609,3,3,9000.609,0.0,0.0,0.0,0.0,150010.15
1664301,IT,EE,COPP1,FOOD5,0.02,9000.569,3,3,9000.569,0.0,0.0,0.0,0.0,450028.45
1769222,IT,AU,RUBBE,MEATA,0.03,9000.505,3,3,9000.505,0.0,0.0,0.0,0.0,300016.833333
1652841,IT,CZ,PRINT,LANDT,0.09,8999.928,3,3,8999.928,0.0,0.0,0.0,0.0,99999.2
1785591,IT,ZA,GASDI,CHEM1,0.01,8999.846,3,3,8999.846,0.0,0.0,0.0,0.0,899984.6
1758869,IT,BR,HOTEL,NONME,0.07,8999.685,3,3,8999.685,0.0,0.0,0.0,0.0,128566.928571
1726879,IT,RO,RETA1,ELEC2,0.09,8999.33,3,3,8999.33,0.0,0.0,0.0,0.0,99992.555556
1784569,IT,ID,MACHI,SUGA1,0.05,8999.132,3,3,8999.132,0.0,0.0,0.0,0.0,179982.64
1750997,IT,CN,WHOLE,FORES,0.08,8998.976,3,3,8998.976,0.0,0.0,0.0,0.0,112487.2
1642881,IT,AT,MOTO1,TRAN2,0.05,8998.469,3,3,8998.469,0.0,0.0,0.0,0.0,179969.38
1688466,IT,IE,WEARI,NONME,0.07,8998.371,4,4,8998.369,0.0,0.0,0.0,0.002,128548.157143
1737559,IT,GB,PULP5,FABRI,0.03,8998.183,3,3,8998.183,0.0,0.0,0.0,0.0,299939.433333
1688663,IT,IE,CHEM1,SANDC,0.02,8998.138,3,3,8998.138,0.0,0.0,0.0,0.0,449906.9
1802929,IT,WF,PADDY,LEAD1,0.09,8998.082,3,3,8998.082,0.0,0.0,0.0,0.0,99978.688889
1644502,IT,BE,DAIRY,MOTOR,0.04,8997.995,3,3,8997.995,0.0,0.0,0.0,0.0,224949.875
1806857,IT,WF,RETA1,COMPU,0.09,8997.793,3,3,8997.793,0.0,0.0,0.0,0.0,99975.477778
1721338,IT,PL,TRAN2,PFERT,0.01,8997.22,3,3,8997.22,0.0,0.0,0.0,0.0,899722.0
1686963,IT,HU,MACHI,STEAM,0.05,8997.153,3,3,8997.153,0.0,0.0,0.0,0.0,179943.06
1800747,IT,WE,NONME,LIQUE,0.02,8997.014,3,3,8997.014,0.0,0.0,0.0,0.0,449850.7
1758354,IT,BR,FABRI,PLANT,0.04,8996.227,3,3,8996.227,0.0,0.0,0.0,0.0,224905.675
1652411,IT,CZ,TEXTI,FOUND,0.05,8996.215,3,3,8996.215,0.0,0.0,0.0,0.0,179924.3
1721583,IT,PL,POSTT,FOOD5,0.15,8996.067,3,3,8996.067,0.0,0.0,0.0,0.0,59973.78
1687008,IT,HU,OFFIC,PRINT,0.03,8995.842,3,3,8995.842,0.0,0.0,0.0,0.0,299861.4
1655109,IT,CZ,BUSIN,WHEAT,0.09,8995.526,3,3,8995.526,0.0,0.0,0.0,0.0,99950.288889
1686519,IT,HU,ALUM1,POULT,0.02,8995.191,3,3,8995.191,0.0,0.0,0.0,0.0,449759.55
1652065,IT,CZ,FISHF,BUSIN,0.02,8995.031,3,3,8995.031,0.0,0.0,0.0,0.0,449751.55
1753947,IT,CA,LANDT,MEATP,0.06,8993.979,3,3,8993.979,0.0,0.0,0.0,0.0,149899.65
1643330,IT,AT,RAILW,BIODI,0.06,8993.333,3,3,8993.333,0.0,0.0,0.0,0.0,149888.883333
1661954,IT,DK,HEAVY,INLAN,0.01,8993.301,3,3,8993.301,0.0,0.0,0.0,0.0,899330.1
1776738,IT,TR,LIQUE,LIQUE,0.02,8993.282,3,3,8993.282,0.0,0.0,0.0,0.0,449664.1
1782073,IT,NO,GLASS,RUBBE,0.02,8992.868,3,3,8992.868,0.0,0.0,0.0,0.0,449643.4
1645893,IT,BE,GLASS,PUBLI,0.02,8992.343,3,3,8992.343,0.0,0.0,0.0,0.0,449617.15
1645822,IT,BE,RUBBE,PLAS2,0.03,8992.138,3,3,8992.138,0.0,0.0,0.0,0.0,299737.933333
1721125,IT,PL,RAILW,WOODW,0.06,8991.816,3,3,8991.816,0.0,0.0,0.0,0.0,149863.6
1731268,IT,SI,MEATP,COMPU,0.04,8991.138,3,3,8991.138,0.0,0.0,0.0,0.0,224778.45
1773607,IT,CH,TRANS,FURNI,0.05,8991.046,3,3,8991.046,0.0,0.0,0.0,0.0,179820.92
1779720,IT,TR,BUSIN,MEAT4,0.09,8990.894,3,3,8990.894,0.0,0.0,0.0,0.0,99898.822222
1655579,IT,DE,SANDC,GASDI,0.02,8990.778,4,4,8988.778,0.0,0.0,2.0,0.0,449538.9
1689268,IT,IE,WHOLE,ELEC1,0.08,8990.607,3,3,8990.607,0.0,0.0,0.0,0.0,112382.5875
1650222,IT,BG,FURNI,BEVER,0.03,8990.482,3,3,8990.482,0.0,0.0,0.0,0.0,299682.733333
1650221,IT,BG,FURNI,FOOD5,0.03,8989.55,3,3,8989.55,0.0,0.0,0.0,0.0,299651.666667
1652257,IT,CZ,FOOD5,DISTR,0.04,8989.354,3,3,8989.354,0.0,0.0,0.0,0.0,224733.85
1666813,IT,ES,RUBBE,WOOD1,0.03,8988.393,3,3,8988.393,0.0,0.0,0.0,0.0,299613.1
1656972,IT,DE,LIQUE,STEAM,0.02,8988.167,3,3,8988.167,0.0,0.0,0.0,0.0,449408.35
1640646,IT,AT,BEVER,RAILW,0.04,8987.884,3,3,8987.884,0.0,0.0,0.0,0.0,224697.1
1769239,IT,AU,RUBBE,MEAT1,0.03,8986.929,3,3,8986.929,0.0,0.0,0.0,0.0,299564.3
1806324,IT,WF,OFFIC,CONST,0.03,8986.388,3,3,8986.388,0.0,0.0,0.0,0.0,299546.266667
1749003,IT,CN,LEATH,HEAVY,0.06,8984.803,4,4,8984.801,0.0,0.0,0.0,0.002,149746.716667
1715412,IT,NL,MOTOR,FOOD5,0.01,8983.986,3,3,8983.986,0.0,0.0,0.0,0.0,898398.6
1757623,IT,BR,GASDI,COMPU,0.01,8983.951,3,3,8983.951,0.0,0.0,0.0,0.0,898395.1
1765525,IT,RU,LEATH,VEGET,0.06,8983.914,4,4,8983.912,0.0,0.0,0.0,0.002,149731.9
1724598,IT,PT,FINAN,RUBBE,0.12,8983.69,3,3,8983.69,0.0,0.0,0.0,0.0,74864.083333
1738914,IT,GB,FURNI,ELEC5,0.03,8983.573,3,3,8983.573,0.0,0.0,0.0,0.0,299452.433333
1751556,IT,CN,POSTT,WOODW,0.15,8983.564,3,3,8983.564,0.0,0.0,0.0,0.0,59890.426667
1670304,IT,FI,CHEMI,GLASS,0.02,8983.446,3,3,8983.446,0.0,0.0,0.0,0.0,449172.3
1776783,IT,TR,NAPHT,VEGE1,0.02,8983.414,3,3,8983.414,0.0,0.0,0.0,0.0,449170.7
1768327,IT,AU,CHEMI,FABRI,0.02,8983.231,3,3,8983.231,0.0,0.0,0.0,0.0,449161.55
1725842,IT,RO,KERO1,FORES,0.01,8982.676,3,3,8982.676,0.0,0.0,0.0,0.0,898267.6
1734578,IT,SK,BEVER,SUGA1,0.04,8982.613,3,3,8982.613,0.0,0.0,0.0,0.0,224565.325
1671991,IT,FI,LANDT,REALE,0.06,8982.47,3,3,8982.47,0.0,0.0,0.0,0.0,149707.833333
1782746,IT,NO,RETA1,COMPU,0.09,8981.995,3,3,8981.995,0.0,0.0,0.0,0.0,99799.944444
1689124,IT,IE,SALEM,PULP5,0.07,8981.615,3,3,8981.615,0.0,0.0,0.0,0.0,128308.785714
1746657,IT,JP,COPP1,WHOLE,0.02,8981.478,3,3,8981.478,0.0,0.0,0.0,0.0,449073.9
1797842,IT,WL,FOOD2,DISTR,0.05,8981.201,3,3,8981.201,0.0,0.0,0.0,0.0,179624.02
1814327,IT,WM,FINAN,CHEM1,0.12,8980.975,3,3,8980.975,0.0,0.0,0.0,0.0,74841.458333
1741874,IT,US,CHEM1,PROCE,0.02,8980.512,3,3,8980.512,0.0,0.0,0.0,0.0,449025.6
1678186,IT,FR,INTER,FOOD2,0.05,8979.789,3,3,8979.789,0.0,0.0,0.0,0.0,179595.78
1714433,IT,NL,PIGS9,WHOLE,0.02,8979.191,3,3,8979.191,0.0,0.0,0.0,0.0,448959.55
1751840,IT,CN,RENTI,NONME,0.05,8978.914,3,3,8978.914,0.0,0.0,0.0,0.0,179578.28
1724685,IT,PT,INSUR,CONST,0.19,8978.242,3,3,8978.242,0.0,0.0,0.0,0.0,47253.905263
1783098,IT,NO,INSUR,RESEA,0.19,8977.773,3,3,8977.773,0.0,0.0,0.0,0.0,47251.436842
1656802,IT,DE,GASDI,LIQUE,0.01,8977.663,3,3,8977.663,0.0,0.0,0.0,0.0,897766.3
1761844,IT,IN,MOTO1,DISTR,0.05,8977.657,3,3,8977.657,0.0,0.0,0.0,0.0,179553.14
1767465,IT,RU,TRAN2,GASDI,0.01,8977.453,3,3,8977.453,0.0,0.0,0.0,0.0,897745.3
1728612,IT,SE,PAPER,OILHA,0.03,8977.356,3,3,8977.356,0.0,0.0,0.0,0.0,299245.2
1730083,IT,SE,RETA1,MACHI,0.09,8976.172,3,3,8976.172,0.0,0.0,0.0,0.0,99735.244444
1669364,IT,ES,FINAN,INERT,0.12,8976.027,3,3,8976.027,0.0,0.0,0.0,0.0,74800.225
1649618,IT,BG,GLASS,NONME,0.02,8976.003,3,3,8976.003,0.0,0.0,0.0,0.0,448800.15
1781376,IT,NO,DAIRY,REALE,0.04,8975.847,3,3,8975.847,0.0,0.0,0.0,0.0,224396.175
1747088,IT,JP,FURNI,TRAN1,0.03,8975.63,3,3,8975.63,0.0,0.0,0.0,0.0,299187.666667
1642063,IT,AT,GLASS,LEATH,0.02,8975.554,3,3,8975.554,0.0,0.0,0.0,0.0,448777.7
1688328,IT,IE,VEGE1,HOTEL,0.03,8975.512,4,4,8975.51,0.0,0.0,0.0,0.002,299183.733333
1640298,IT,AT,SANDC,ELEC4,0.02,8975.082,4,4,8973.082,0.0,0.0,2.0,0.0,448754.1
1730353,IT,SE,SUPPO,SALEM,0.06,8974.933,3,3,8974.933,0.0,0.0,0.0,0.0,149582.216667
1743563,IT,US,HOTEL,SANDC,0.07,8974.875,3,3,8974.875,0.0,0.0,0.0,0.0,128212.5
1743517,IT,US,RETA1,WHOLE,0.09,8974.772,3,3,8974.772,0.0,0.0,0.0,0.0,99719.688889
1768144,IT,RU,PUBLI,PAPER,0.15,8974.294,3,3,8974.294,0.0,0.0,0.0,0.0,59828.626667
1790345,IT,WA,ALUM1,BIOG1,0.02,8973.845,3,3,8973.845,0.0,0.0,0.0,0.0,448692.25
1685495,IT,HU,PAPER,MEATC,0.03,8973.617,3,3,8973.617,0.0,0.0,0.0,0.0,299120.566667
1772975,IT,CH,PREC1,RAILW,0.02,8973.559,3,3,8973.559,0.0,0.0,0.0,0.0,448677.95
1808326,IT,WF,FOOD3,IRONO,0.03,8972.916,3,3,8972.916,0.0,0.0,0.0,0.0,299097.2
1727462,IT,RO,AUXIL,FOOD5,0.16,8972.809,3,3,8972.809,0.0,0.0,0.0,0.0,56080.05625
1783622,IT,NO,FOOD3,GLASS,0.03,8972.76,3,3,8972.76,0.0,0.0,0.0,0.0,299092.0
1734503,IT,SK,VEGE1,MEATP,0.03,8971.892,4,4,8971.89,0.0,0.0,0.0,0.002,299063.066667
1778559,IT,TR,RETA1,BLAST,0.09,8971.676,3,3,8971.676,0.0,0.0,0.0,0.0,99685.288889
1662238,IT,DK,GLASS,LANDT,0.02,8971.635,3,3,8971.635,0.0,0.0,0.0,0.0,448581.75
1725061,IT,RO,CROPS,CATTL,0.07,8971.632,3,3,8971.632,0.0,0.0,0.0,0.0,128166.171429
1812249,IT,WM,NONME,FINAN,0.02,8971.359,3,3,8971.359,0.0,0.0,0.0,0.0,448567.95
1769755,IT,AU,MACHI,REFI1,0.05,8970.957,3,3,8970.957,0.0,0.0,0.0,0.0,179419.14
1757640,IT,BR,HEAVY,SANDC,0.01,8970.648,3,3,8970.648,0.0,0.0,0.0,0.0,897064.8
1807631,IT,WF,RESEA,RADIO,0.05,8970.49,3,3,8970.49,0.0,0.0,0.0,0.0,179409.8
1723290,IT,PT,CERAM,WOODW,0.01,8970.184,3,3,8970.184,0.0,0.0,0.0,0.0,897018.4
1737005,IT,GB,FORES,RUBBE,0.08,8970.119,4,4,8967.119,0.0,3.0,0.0,0.0,112126.4875
1780534,IT,TW,POSTT,RECRE,0.15,8969.484,3,3,8969.484,0.0,0.0,0.0,0.0,59796.56
1802244,IT,WE,RAILW,93197,0.06,8969.445,3,3,8969.445,0.0,0.0,0.0,0.0,149490.75
1668091,IT,ES,CONST,BEVER,0.05,8969.273,3,3,8969.273,0.0,0.0,0.0,0.0,179385.46
1651748,IT,CY,MACHI,RETAI,0.05,8969.096,3,3,8969.096,0.0,0.0,0.0,0.0,179381.92
1721652,IT,PL,POSTT,MEMBE,0.15,8969.073,3,3,8969.073,0.0,0.0,0.0,0.0,59793.82
1718657,IT,PL,WOODW,MEATP,0.03,8968.807,3,3,8968.807,0.0,0.0,0.0,0.0,298960.233333
1682022,IT,HR,BEVER,ELECT,0.04,8968.309,3,3,8968.309,0.0,0.0,0.0,0.0,224207.725
1758256,IT,BR,PREC1,CERAM,0.02,8967.9,3,3,8967.9,0.0,0.0,0.0,0.0,448395.0
1794471,IT,WL,GASDI,BIOGA,0.01,8967.827,3,3,8967.827,0.0,0.0,0.0,0.0,896782.7
1711904,IT,LU,FOOD2,MOTO1,0.05,8967.288,3,3,8967.288,0.0,0.0,0.0,0.0,179345.76
1660984,IT,DE,BUSIN,ELEC2,0.09,8966.393,3,3,8966.393,0.0,0.0,0.0,0.0,99626.588889
1781129,IT,TW,INTER,PUBLI,0.05,8966.252,3,3,8966.252,0.0,0.0,0.0,0.0,179325.04
1678998,IT,GR,LEATH,POSTT,0.06,8964.941,4,4,8964.939,0.0,0.0,0.0,0.002,149415.683333
1680881,IT,GR,LANDT,NONSP,0.06,8964.614,3,3,8964.614,0.0,0.0,0.0,0.0,149410.233333
1675103,IT,FR,LEAD1,NUCLE,0.02,8964.413,3,3,8964.413,0.0,0.0,0.0,0.0,448220.65
1733687,IT,SI,RAILW,RUBBE,0.06,8964.287,3,3,8964.287,0.0,0.0,0.0,0.0,149404.783333
1727630,IT,RO,RENTI,FOOD5,0.05,8963.941,3,3,8963.941,0.0,0.0,0.0,0.0,179278.82
1675113,IT,FR,LEAD1,MACHI,0.02,8963.848,3,3,8963.848,0.0,0.0,0.0,0.0,448192.4
1733316,IT,SI,MOTO1,HOTEL,0.05,8963.009,3,3,8963.009,0.0,0.0,0.0,0.0,179260.18
1760454,IT,IN,BEVER,PUBLI,0.04,8962.912,3,3,8962.912,0.0,0.0,0.0,0.0,224072.8
1724587,IT,PT,FINAN,WEARI,0.12,8962.608,3,3,8962.608,0.0,0.0,0.0,0.0,74688.4
1741540,IT,US,KERO1,BUSIN,0.01,8962.546,3,3,8962.546,0.0,0.0,0.0,0.0,896254.6
1711641,IT,LU,RENTI,BUSIN,0.05,8962.489,3,3,8962.489,0.0,0.0,0.0,0.0,179249.78
1779352,IT,TR,INSUR,RETAI,0.18,8962.465,3,3,8962.465,0.0,0.0,0.0,0.0,49791.472222
1791735,IT,WA,RAILW,WOODW,0.06,8962.415,3,3,8962.415,0.0,0.0,0.0,0.0,149373.583333
1718279,IT,PL,FOOD5,HEAVY,0.04,8962.333,3,3,8962.333,0.0,0.0,0.0,0.0,224058.325
1665610,IT,ES,WOODW,DAIRY,0.03,8961.941,3,3,8961.941,0.0,0.0,0.0,0.0,298731.366667
1731801,IT,SI,PAPER,MEDIC,0.03,8961.494,3,3,8961.494,0.0,0.0,0.0,0.0,298716.466667
1740035,IT,GB,RENTI,PLAST,0.05,8961.489,3,3,8961.489,0.0,0.0,0.0,0.0,179229.78
1749533,IT,CN,NONSP,FOUND,0.01,8961.339,3,3,8961.339,0.0,0.0,0.0,0.0,896133.9
1709822,IT,LT,RUBBE,RAILW,0.03,8961.083,3,3,8961.083,0.0,0.0,0.0,0.0,298702.766667
1749113,IT,CN,WOODW,PREC1,0.03,8960.877,3,3,8960.877,0.0,0.0,0.0,0.0,298695.9
1795985,IT,WL,MOTO1,ELECT,0.05,8960.611,3,3,8960.611,0.0,0.0,0.0,0.0,179212.22
1687745,IT,HU,SUPPO,ELEC1,0.06,8960.559,3,3,8960.559,0.0,0.0,0.0,0.0,149342.65
1654149,IT,CZ,MOTO1,PRINT,0.05,8960.367,3,3,8960.367,0.0,0.0,0.0,0.0,179207.34
1713347,IT,MT,GASDI,TRAN1,0.01,8960.3,3,3,8960.3,0.0,0.0,0.0,0.0,896030.0
1690124,IT,IE,COMPU,TRANS,0.1,8960.056,3,3,8960.056,0.0,0.0,0.0,0.0,89600.56
1783800,IT,NO,INERT,PREC1,0.07,8959.9,3,3,8959.9,0.0,0.0,0.0,0.0,127998.571429
1712415,IT,LV,NONME,FABRI,0.02,8959.868,3,3,8959.868,0.0,0.0,0.0,0.0,447993.4
1803076,IT,WF,CEREA,AIRTR,0.01,8959.863,3,3,8959.863,0.0,0.0,0.0,0.0,895986.3
1777130,IT,TR,ADDIT,LUBRI,0.02,8959.485,3,3,8959.485,0.0,0.0,0.0,0.0,447974.25
1738769,IT,GB,OFFIC,GLASS,0.03,8959.133,3,3,8959.133,0.0,0.0,0.0,0.0,298637.766667
1799039,IT,WE,TEXTI,PREC1,0.05,8959.116,3,3,8959.116,0.0,0.0,0.0,0.0,179182.32
1788175,IT,WA,WEARI,RETAI,0.07,8958.962,4,4,8958.96,0.0,0.0,0.0,0.002,127985.171429
1683407,IT,HR,BASIC,PREC1,0.01,8958.757,3,3,8958.757,0.0,0.0,0.0,0.0,895875.7
1674185,IT,FR,LIQUE,PAPER,0.02,8958.639,3,3,8958.639,0.0,0.0,0.0,0.0,447931.95
1649826,IT,BG,ALUM1,GLASS,0.02,8958.565,3,3,8958.565,0.0,0.0,0.0,0.0,447928.25
1667122,IT,ES,BASIC,VEGE1,0.01,8958.451,3,3,8958.451,0.0,0.0,0.0,0.0,895845.1
1794193,IT,WL,PRINT,BASIC,0.09,8958.339,3,3,8958.339,0.0,0.0,0.0,0.0,99537.1
1661351,IT,DK,MEATC,SEACO,0.03,8957.534,3,3,8957.534,0.0,0.0,0.0,0.0,298584.466667
1768806,IT,AU,LEATH,PROCE,0.06,8956.793,4,4,8956.791,0.0,0.0,0.0,0.002,149279.883333
1690410,IT,IE,FOOD4,CHEM1,0.06,8956.347,3,3,8956.347,0.0,0.0,0.0,0.0,149272.45
1719587,IT,PL,CERAM,FOOD5,0.01,8956.19,3,3,8956.19,0.0,0.0,0.0,0.0,895619.0
1665334,IT,ES,FISH5,GASDI,0.04,8956.012,4,4,8956.007,0.0,0.0,0.0,0.005,223900.3
1814939,IT,WM,PRIVA,CEMEN,2.0,8955.994,3,3,8955.994,0.0,0.0,0.0,0.0,4477.997
1755442,IT,KR,LUBRI,RAILW,0.01,8955.817,3,3,8955.817,0.0,0.0,0.0,0.0,895581.7
1784738,IT,ID,WHOLE,FABRI,0.08,8955.81,3,3,8955.81,0.0,0.0,0.0,0.0,111947.625
1736855,IT,SK,BUSIN,MOTOR,0.09,8955.678,3,3,8955.678,0.0,0.0,0.0,0.0,99507.533333
1785592,IT,ZA,GASDI,RUBBE,0.01,8955.423,3,3,8955.423,0.0,0.0,0.0,0.0,895542.3
1685628,IT,HU,MOTOR,RETA1,0.01,8955.311,3,3,8955.311,0.0,0.0,0.0,0.0,895531.1
1774455,IT,CH,LANDT,SANDC,0.06,8955.072,3,3,8955.072,0.0,0.0,0.0,0.0,149251.2
1726359,IT,RO,LEAD1,BASIC,0.02,8954.687,3,3,8954.687,0.0,0.0,0.0,0.0,447734.35
1685731,IT,HU,NONSP,BIODI,0.01,8954.496,3,3,8954.496,0.0,0.0,0.0,0.0,895449.6
1666843,IT,ES,GLASS,MEAT4,0.02,8954.42,3,3,8954.42,0.0,0.0,0.0,0.0,447721.0
1810490,IT,WM,PAPER,LEADZ,0.03,8954.238,3,3,8954.238,0.0,0.0,0.0,0.0,298474.6
1765448,IT,RU,TEXTI,RETAI,0.05,8953.977,3,3,8953.977,0.0,0.0,0.0,0.0,179079.54
1714835,IT,NL,FOOD5,MACHI,0.04,8953.689,3,3,8953.689,0.0,0.0,0.0,0.0,223842.225
1781724,IT,NO,PAPER,FOOD5,0.03,8953.56,3,3,8953.56,0.0,0.0,0.0,0.0,298452.0
1797696,IT,WL,PLAS1,CEMEN,0.03,8952.763,3,3,8952.763,0.0,0.0,0.0,0.0,298425.433333
1645928,IT,BE,CERAM,GLASS,0.01,8952.482,3,3,8952.482,0.0,0.0,0.0,0.0,895248.2
1655135,IT,CZ,BUSIN,PAPER,0.09,8952.455,3,3,8952.455,0.0,0.0,0.0,0.0,99471.722222
1725479,IT,RO,WEARI,ELEC5,0.07,8952.32,4,4,8952.318,0.0,0.0,0.0,0.002,127890.285714
1766209,IT,RU,GLASS,CEMEN,0.02,8952.318,3,3,8952.318,0.0,0.0,0.0,0.0,447615.9
1808935,IT,WM,CEREA,CERAM,0.01,8951.292,3,3,8951.292,0.0,0.0,0.0,0.0,895129.2
1650972,IT,BG,SUPPO,TOBAC,0.06,8950.997,3,3,8950.997,0.0,0.0,0.0,0.0,149183.283333
1641271,IT,AT,MOTOR,MEDIC,0.01,8950.971,3,3,8950.971,0.0,0.0,0.0,0.0,895097.1
1662846,IT,DK,WHOLE,CEREA,0.08,8950.885,3,3,8950.885,0.0,0.0,0.0,0.0,111886.0625
1800135,IT,WE,NAPHT,LANDT,0.02,8950.704,3,3,8950.704,0.0,0.0,0.0,0.0,447535.2
1747657,IT,JP,POSTT,PLAST,0.15,8950.536,3,3,8950.536,0.0,0.0,0.0,0.0,59670.24
1660758,IT,DE,RENTI,FOOD2,0.05,8950.23,3,3,8950.23,0.0,0.0,0.0,0.0,179004.6
1792696,IT,WA,BUSIN,PLANT,0.09,8949.838,3,3,8949.838,0.0,0.0,0.0,0.0,99442.644444
1775254,IT,CH,BUSIN,PROCE,0.09,8949.654,3,3,8949.654,0.0,0.0,0.0,0.0,99440.6
1767926,IT,RU,RENTI,WHOLE,0.05,8949.592,3,3,8949.592,0.0,0.0,0.0,0.0,178991.84
1650992,IT,BG,SUPPO,ELEC4,0.06,8949.525,3,3,8949.525,0.0,0.0,0.0,0.0,149158.75
1740847,IT,US,VEGE1,REALE,0.03,8949.11,4,4,8949.108,0.0,0.0,0.0,0.002,298303.666667
1744691,IT,US,COMPU,ELEC3,0.1,8948.964,3,3,8948.964,0.0,0.0,0.0,0.0,89489.64
1781941,IT,NO,CHEM1,FOOD2,0.02,8948.884,3,3,8948.884,0.0,0.0,0.0,0.0,447444.2
1647195,IT,BE,LANDT,PIGS9,0.06,8948.867,3,3,8948.867,0.0,0.0,0.0,0.0,149147.783333
1725852,IT,RO,GASDI,CEMEN,0.01,8948.339,3,3,8948.339,0.0,0.0,0.0,0.0,894833.9
1803752,IT,WF,FISH5,RESEA,0.04,8948.336,4,4,8948.331,0.0,0.0,0.0,0.005,223708.4
1679250,IT,GR,GASDI,FISHF,0.01,8947.901,3,3,8947.901,0.0,0.0,0.0,0.0,894790.1
1775742,IT,TR,FORES,CHEM1,0.08,8947.852,4,4,8944.852,0.0,3.0,0.0,0.0,111848.15
1710864,IT,LU,PRINT,SUPPO,0.09,8947.492,3,3,8947.492,0.0,0.0,0.0,0.0,99416.577778
1684181,IT,HR,LANDT,COLLE,0.06,8946.31,3,3,8946.31,0.0,0.0,0.0,0.0,149105.166667
1658231,IT,DE,LEAD1,LANDT,0.02,8946.268,3,3,8946.268,0.0,0.0,0.0,0.0,447313.4
1784965,IT,ID,INSUR,RADIO,0.18,8946.176,3,3,8946.176,0.0,0.0,0.0,0.0,49700.977778
1678365,IT,FR,FOOD4,FOOD2,0.06,8945.769,3,3,8945.769,0.0,0.0,0.0,0.0,149096.15
1649286,IT,BG,LIQUE,BUSIN,0.02,8945.753,3,3,8945.753,0.0,0.0,0.0,0.0,447287.65
1713596,IT,MT,BASIC,FISH5,0.01,8945.658,3,3,8945.658,0.0,0.0,0.0,0.0,894565.8
1674680,IT,FR,GLASS,LIQUI,0.02,8945.429,3,3,8945.429,0.0,0.0,0.0,0.0,447271.45
1778272,IT,TR,SALEM,PRECI,0.07,8945.209,3,3,8945.209,0.0,0.0,0.0,0.0,127788.7
1649305,IT,BG,NONSP,MOTOR,0.01,8944.52,3,3,8944.52,0.0,0.0,0.0,0.0,894452.0
1762388,IT,IN,POSTT,RUBBE,0.15,8944.098,3,3,8944.098,0.0,0.0,0.0,0.0,59627.32
1762509,IT,IN,INSUR,CHEM1,0.18,8943.826,3,3,8943.826,0.0,0.0,0.0,0.0,49687.922222
1742009,IT,US,ADDIT,RETA1,0.02,8943.006,3,3,8943.006,0.0,0.0,0.0,0.0,447150.3
1711367,IT,LU,RETA1,FOOD5,0.09,8942.922,3,3,8942.922,0.0,0.0,0.0,0.0,99365.8
1795779,IT,WL,MACHI,PETRO,0.05,8942.48,3,3,8942.48,0.0,0.0,0.0,0.0,178849.6
1658726,IT,DE,OFFIC,RETAI,0.03,8942.435,3,3,8942.435,0.0,0.0,0.0,0.0,298081.166667
1777582,IT,TR,ALUM1,STONE,0.02,8941.99,3,3,8941.99,0.0,0.0,0.0,0.0,447099.5
1773081,IT,CH,ALUM1,FOOD2,0.02,8941.713,3,3,8941.713,0.0,0.0,0.0,0.0,447085.65
1719608,IT,PL,CERAM,BASIC,0.01,8941.674,3,3,8941.674,0.0,0.0,0.0,0.0,894167.4
1760370,IT,IN,MEATP,PUBLI,0.04,8941.409,3,3,8941.409,0.0,0.0,0.0,0.0,223535.225
1791530,IT,WA,RETA1,MOTOR,0.09,8940.822,3,3,8940.822,0.0,0.0,0.0,0.0,99342.466667
1682036,IT,HR,BEVER,RENTI,0.04,8940.437,3,3,8940.437,0.0,0.0,0.0,0.0,223510.925
1644513,IT,BE,DAIRY,DISTR,0.04,8940.062,3,3,8940.062,0.0,0.0,0.0,0.0,223501.55
1678783,IT,GR,FOOD5,PAPER,0.04,8939.911,3,3,8939.911,0.0,0.0,0.0,0.0,223497.775
1755648,IT,KR,RUBBE,HEAVY,0.03,8939.826,3,3,8939.826,0.0,0.0,0.0,0.0,297994.2
1739477,IT,GB,LANDT,PREC1,0.06,8939.786,3,3,8939.786,0.0,0.0,0.0,0.0,148996.433333
1764626,IT,MX,RETA1,WEARI,0.09,8939.458,3,3,8939.458,0.0,0.0,0.0,0.0,99327.311111
1764412,IT,MX,MOTO1,MEMBE,0.05,8939.358,3,3,8939.358,0.0,0.0,0.0,0.0,178787.16
1774688,IT,CH,SUPPO,POULT,0.06,8939.29,3,3,8939.29,0.0,0.0,0.0,0.0,148988.166667
1711993,IT,LV,SUGAR,MEATP,0.01,8938.281,3,3,8938.281,0.0,0.0,0.0,0.0,893828.1
1779508,IT,TR,RENTI,WHOLE,0.05,8938.263,3,3,8938.263,0.0,0.0,0.0,0.0,178765.26
1812832,IT,WM,FABRI,NONSP,0.04,8938.239,3,3,8938.239,0.0,0.0,0.0,0.0,223455.975
1677662,IT,FR,RENTI,WHEAT,0.05,8938.056,3,3,8938.056,0.0,0.0,0.0,0.0,178761.12
1723307,IT,PT,CERAM,PUBLI,0.01,8937.636,3,3,8937.636,0.0,0.0,0.0,0.0,893763.6
1684478,IT,HR,RENTI,COMPU,0.05,8937.615,3,3,8937.615,0.0,0.0,0.0,0.0,178752.3
1796344,IT,WL,RETAI,BIOGA,0.07,8937.566,3,3,8937.566,0.0,0.0,0.0,0.0,127679.514286
1667054,IT,ES,NONME,BIOGA,0.02,8937.501,3,3,8937.501,0.0,0.0,0.0,0.0,446875.05
1685799,IT,HU,PLAST,RETAI,0.02,8937.389,3,3,8937.389,0.0,0.0,0.0,0.0,446869.45
1777442,IT,TR,NONME,ELEC1,0.02,8937.004,3,3,8937.004,0.0,0.0,0.0,0.0,446850.2
1667949,IT,ES,MOTO1,TEXT2,0.05,8936.871,3,3,8936.871,0.0,0.0,0.0,0.0,178737.42
1744633,IT,US,RENTI,INTER,0.05,8936.782,3,3,8936.782,0.0,0.0,0.0,0.0,178735.64
1690151,IT,IE,COMPU,SEWAG,0.1,8936.446,3,3,8936.446,0.0,0.0,0.0,0.0,89364.46
1800145,IT,WE,BITU1,WEARI,0.01,8936.025,3,3,8936.025,0.0,0.0,0.0,0.0,893602.5
1710636,IT,LU,MEAT1,CONST,0.04,8935.881,3,3,8935.881,0.0,0.0,0.0,0.0,223397.025
1663613,IT,DK,BUSIN,HEAVY,0.09,8935.834,3,3,8935.834,0.0,0.0,0.0,0.0,99287.044444
1687309,IT,HU,RETA1,FABRI,0.09,8935.706,3,3,8935.706,0.0,0.0,0.0,0.0,99285.622222
1732791,IT,SI,NONME,RENTI,0.02,8935.444,3,3,8935.444,0.0,0.0,0.0,0.0,446772.2
1714175,IT,MT,POSTT,REALE,0.15,8934.861,3,3,8934.861,0.0,0.0,0.0,0.0,59565.74
1792817,IT,WA,EDUCA,CRUDE,0.22,8934.293,3,3,8934.293,0.0,0.0,0.0,0.0,40610.422727
1652210,IT,CZ,PROCE,VEGE1,0.06,8934.148,3,3,8934.148,0.0,0.0,0.0,0.0,148902.466667
1813204,IT,WM,MOTO1,INERT,0.05,8934.148,3,3,8934.148,0.0,0.0,0.0,0.0,178682.96
1805791,IT,WF,PREC1,TEXTI,0.02,8933.99,3,3,8933.99,0.0,0.0,0.0,0.0,446699.5
1807966,IT,WF,PLAS1,TRANS,0.03,8933.66,3,3,8933.66,0.0,0.0,0.0,0.0,297788.666667
1720564,IT,PL,OFFIC,COLLE,0.03,8933.072,3,3,8933.072,0.0,0.0,0.0,0.0,297769.066667
1786127,IT,ZA,BASIC,GASDI,0.01,8932.995,3,3,8932.995,0.0,0.0,0.0,0.0,893299.5
1719065,IT,PL,NAPHT,DAIRY,0.02,8932.978,3,3,8932.978,0.0,0.0,0.0,0.0,446648.9
1734948,IT,SK,GASDI,CONST,0.01,8932.889,3,3,8932.889,0.0,0.0,0.0,0.0,893288.9
1735197,IT,SK,RUBBE,ELECT,0.03,8932.854,3,3,8932.854,0.0,0.0,0.0,0.0,297761.8
1641812,IT,AT,CHEM1,TRAN1,0.02,8932.511,3,3,8932.511,0.0,0.0,0.0,0.0,446625.55
1743952,IT,US,INLAN,SUPPO,0.01,8932.365,3,3,8932.365,0.0,0.0,0.0,0.0,893236.5
1642164,IT,AT,CERAM,COLLE,0.01,8932.342,3,3,8932.342,0.0,0.0,0.0,0.0,893234.2
1773545,IT,CH,MOTO1,ELEC3,0.05,8932.299,3,3,8932.299,0.0,0.0,0.0,0.0,178645.98
1787547,IT,WA,CHEMI,ELEC4,0.02,8932.094,3,3,8932.094,0.0,0.0,0.0,0.0,446604.7
1753015,IT,CA,CHEM1,BRICK,0.02,8932.041,3,3,8932.041,0.0,0.0,0.0,0.0,446602.05
1653789,IT,CZ,COPP1,PAPE1,0.02,8930.865,3,3,8930.865,0.0,0.0,0.0,0.0,446543.25
1654262,IT,CZ,FURNI,WOODW,0.03,8930.791,3,3,8930.791,0.0,0.0,0.0,0.0,297693.033333
1796380,IT,WL,WHOLE,LEATH,0.08,8930.691,3,3,8930.691,0.0,0.0,0.0,0.0,111633.6375
1764443,IT,MX,FURNI,BASIC,0.03,8930.691,3,3,8930.691,0.0,0.0,0.0,0.0,297689.7
1641183,IT,AT,PRINT,ELECT,0.09,8930.688,3,3,8930.688,0.0,0.0,0.0,0.0,99229.866667
1645975,IT,BE,CEMEN,STONE,0.01,8930.488,3,3,8930.488,0.0,0.0,0.0,0.0,893048.8
1714527,IT,NL,CRUDE,NFERT,0.02,8930.148,3,3,8930.148,0.0,0.0,0.0,0.0,446507.4
1670349,IT,FI,VEGE1,WHOLE,0.03,8930.132,4,4,8930.13,0.0,0.0,0.0,0.002,297671.066667
1715340,IT,NL,PRINT,MEATP,0.09,8930.013,3,3,8930.013,0.0,0.0,0.0,0.0,99222.366667
1803421,IT,WF,MEATP,CATTL,0.04,8929.966,3,3,8929.966,0.0,0.0,0.0,0.0,223249.15
1782083,IT,NO,GLASS,FURNI,0.02,8929.569,3,3,8929.569,0.0,0.0,0.0,0.0,446478.45
1711925,IT,LU,WASTE,RUBBE,0.03,8929.393,3,3,8929.393,0.0,0.0,0.0,0.0,297646.433333
1744098,IT,US,SUPPO,GASDI,0.06,8929.388,3,3,8929.388,0.0,0.0,0.0,0.0,148823.133333
1716861,IT,NL,HOTEL,PREC1,0.06,8929.258,3,3,8929.258,0.0,0.0,0.0,0.0,148820.966667
1779854,IT,TR,PUBLI,MOTO1,0.15,8929.117,3,3,8929.117,0.0,0.0,0.0,0.0,59527.446667
1807653,IT,WF,RESEA,REALE,0.05,8928.227,3,3,8928.227,0.0,0.0,0.0,0.0,178564.54
1765950,IT,RU,CHEM1,MEATA,0.02,8928.092,3,3,8928.092,0.0,0.0,0.0,0.0,446404.6
1788724,IT,WA,MOTOR,CHARC,0.01,8927.962,3,3,8927.962,0.0,0.0,0.0,0.0,892796.2
1797887,IT,WL,WASTE,MEAT1,0.03,8927.542,3,3,8927.542,0.0,0.0,0.0,0.0,297584.733333
1723860,IT,PT,TRANS,RETAI,0.05,8927.08,3,3,8927.08,0.0,0.0,0.0,0.0,178541.6
1763105,IT,MX,WEARI,GLASS,0.07,8926.985,4,4,8926.983,0.0,0.0,0.0,0.002,127528.357143
1781062,IT,TW,PUBLI,COKEO,0.15,8926.348,3,3,8926.348,0.0,0.0,0.0,0.0,59508.986667
1793647,IT,WL,DAIRY,SUPPO,0.04,8925.608,3,3,8925.608,0.0,0.0,0.0,0.0,223140.2
1718156,IT,PL,VEGE1,MEMBE,0.03,8925.447,4,4,8925.445,0.0,0.0,0.0,0.002,297514.9
1814511,IT,WM,RESEA,ELEC6,0.05,8925.385,3,3,8925.385,0.0,0.0,0.0,0.0,178507.7
1754809,IT,KR,FOOD5,MEDIC,0.04,8925.344,3,3,8925.344,0.0,0.0,0.0,0.0,223133.6
1799790,IT,WE,KERO1,CHEM1,0.01,8924.963,3,3,8924.963,0.0,0.0,0.0,0.0,892496.3
1807843,IT,WF,PAPE1,NATUR,0.06,8924.902,3,3,8924.902,0.0,0.0,0.0,0.0,148748.366667
1664625,IT,EE,LANDT,FISH5,0.06,8924.768,3,3,8924.768,0.0,0.0,0.0,0.0,148746.133333
1710011,IT,LT,ALUM1,COLLE,0.02,8924.53,3,3,8924.53,0.0,0.0,0.0,0.0,446226.5
1716172,IT,NL,ALUM1,GASDI,0.02,8924.496,3,3,8924.496,0.0,0.0,0.0,0.0,446224.8
1773498,IT,CH,MOTO1,ANIMA,0.05,8923.931,3,3,8923.931,0.0,0.0,0.0,0.0,178478.62
1646780,IT,BE,CONST,OILHA,0.05,8923.772,3,3,8923.772,0.0,0.0,0.0,0.0,178475.44
1758353,IT,BR,FABRI,SUGAR,0.04,8923.517,3,3,8923.517,0.0,0.0,0.0,0.0,223087.925
1647178,IT,BE,RAILW,WHOLE,0.06,8923.4,3,3,8923.4,0.0,0.0,0.0,0.0,148723.333333
1731038,IT,SE,RECRE,RECRE,0.11,8922.63,3,3,8922.63,0.0,0.0,0.0,0.0,81114.818182
1737934,IT,GB,CHEM1,BITU1,0.02,8922.325,3,3,8922.325,0.0,0.0,0.0,0.0,446116.25
1796690,IT,WL,RAILW,CHEM1,0.06,8922.195,3,3,8922.195,0.0,0.0,0.0,0.0,148703.25
1684936,IT,HU,MEATC,FOOD5,0.03,8922.07,3,3,8922.07,0.0,0.0,0.0,0.0,297402.333333
1712191,IT,LV,WOODW,AIRTR,0.02,8921.916,3,3,8921.916,0.0,0.0,0.0,0.0,446095.8
1726839,IT,RO,WHOLE,FOOD4,0.08,8921.785,3,3,8921.785,0.0,0.0,0.0,0.0,111522.3125
1761803,IT,IN,MACHI,RESEA,0.05,8921.728,3,3,8921.728,0.0,0.0,0.0,0.0,178434.56
1731530,IT,SI,FISH5,AUXIL,0.04,8921.666,4,4,8921.661,0.0,0.0,0.0,0.005,223041.65
1766663,IT,RU,FABRI,SECO9,0.04,8921.619,3,3,8921.619,0.0,0.0,0.0,0.0,223040.475
1720282,IT,PL,FABRI,COKEO,0.04,8920.892,3,3,8920.892,0.0,0.0,0.0,0.0,223022.3
1677181,IT,FR,POSTT,ELECT,0.15,8920.768,3,3,8920.768,0.0,0.0,0.0,0.0,59471.786667
1765175,IT,MX,BUSIN,MEDIC,0.09,8920.321,3,3,8920.321,0.0,0.0,0.0,0.0,99114.677778
1671599,IT,FI,TRANS,RAILW,0.05,8920.192,3,3,8920.192,0.0,0.0,0.0,0.0,178403.84
1731209,IT,SI,CHEMI,COLLE,0.02,8920.157,3,3,8920.157,0.0,0.0,0.0,0.0,446007.85
1671264,IT,FI,BASIC,TRAN1,0.01,8919.852,3,3,8919.852,0.0,0.0,0.0,0.0,891985.2
1792954,IT,WA,PLAS1,PIGS9,0.03,8919.438,3,3,8919.438,0.0,0.0,0.0,0.0,297314.6
1809718,IT,WM,SUGA1,RAWMI,0.02,8919.393,4,4,8919.391,0.0,0.0,0.0,0.002,445969.65
1640135,IT,AT,CEREA,SUGA1,0.01,8918.587,3,3,8918.587,0.0,0.0,0.0,0.0,891858.7
1678338,IT,FR,WASTE,PAPE4,0.03,8918.303,3,3,8918.303,0.0,0.0,0.0,0.0,297276.766667
1808151,IT,WF,OILHA,MEATA,0.05,8917.933,3,3,8917.933,0.0,0.0,0.0,0.0,178358.66
1654597,IT,CZ,RAILW,SALEM,0.06,8917.913,3,3,8917.913,0.0,0.0,0.0,0.0,148631.883333
1796324,IT,WL,SALEM,FINAN,0.07,8917.869,3,3,8917.869,0.0,0.0,0.0,0.0,127398.128571
1714871,IT,NL,BEVER,CATTL,0.04,8917.737,3,3,8917.737,0.0,0.0,0.0,0.0,222943.425
1762119,IT,IN,RAILW,FABRI,0.06,8917.454,3,3,8917.454,0.0,0.0,0.0,0.0,148624.233333
1711415,IT,LU,HOTEL,WHOLE,0.06,8917.412,3,3,8917.412,0.0,0.0,0.0,0.0,148623.533333
1710181,IT,LT,MACHI,RETAI,0.05,8917.409,3,3,8917.409,0.0,0.0,0.0,0.0,178348.18
1746198,IT,JP,CHEM1,MEATA,0.02,8917.355,3,3,8917.355,0.0,0.0,0.0,0.0,445867.75
1666655,IT,ES,ADDIT,CEREA,0.02,8916.46,3,3,8916.46,0.0,0.0,0.0,0.0,445823.0
1731468,IT,SI,BEVER,ELECT,0.04,8916.374,3,3,8916.374,0.0,0.0,0.0,0.0,222909.35
1688124,IT,HU,BUSIN,LEATH,0.09,8916.026,3,3,8916.026,0.0,0.0,0.0,0.0,99066.955556
1790841,IT,WA,MACHI,RETAI,0.05,8915.85,3,3,8915.85,0.0,0.0,0.0,0.0,178317.0
1656330,IT,DE,WOODW,OILSE,0.02,8915.758,3,3,8915.758,0.0,0.0,0.0,0.0,445787.9
1669151,IT,ES,POSTT,LIQUE,0.15,8915.621,3,3,8915.621,0.0,0.0,0.0,0.0,59437.473333
1810112,IT,WM,TEXTI,FOOD4,0.05,8915.477,3,3,8915.477,0.0,0.0,0.0,0.0,178309.54
1730338,IT,SE,SUPPO,PRINT,0.06,8915.204,3,3,8915.204,0.0,0.0,0.0,0.0,148586.733333
1653244,IT,CZ,RUBBE,BRICK,0.03,8914.991,3,3,8914.991,0.0,0.0,0.0,0.0,297166.366667
1798968,IT,WE,TOBAC,CHEM1,0.04,8914.201,3,3,8914.201,0.0,0.0,0.0,0.0,222855.025
1797886,IT,WL,WASTE,MEATC,0.03,8913.751,3,3,8913.751,0.0,0.0,0.0,0.0,297125.033333
1649361,IT,BG,PLAST,SUPPO,0.02,8913.406,3,3,8913.406,0.0,0.0,0.0,0.0,445670.3
1786374,IT,ZA,MACHI,PFERT,0.05,8913.258,3,3,8913.258,0.0,0.0,0.0,0.0,178265.16
1728911,IT,SE,CHEM1,BRICK,0.02,8913.074,3,3,8913.074,0.0,0.0,0.0,0.0,445653.7
1743117,IT,US,MOTO1,BRICK,0.05,8912.985,3,3,8912.985,0.0,0.0,0.0,0.0,178259.7
1782093,IT,NO,GLASS,COMPU,0.02,8912.605,3,3,8912.605,0.0,0.0,0.0,0.0,445630.25
1653301,IT,CZ,RUBBE,RECRE,0.03,8911.773,3,3,8911.773,0.0,0.0,0.0,0.0,297059.1
1651262,IT,CY,VEGE1,PIGS9,0.03,8911.176,4,4,8911.174,0.0,0.0,0.0,0.002,297039.2
1774200,IT,CH,RETA1,PULP5,0.09,8910.895,3,3,8910.895,0.0,0.0,0.0,0.0,99009.944444
1647386,IT,BE,INLAN,SALEM,0.01,8910.487,3,3,8910.487,0.0,0.0,0.0,0.0,891048.7
1804009,IT,WF,WOODW,POULT,0.02,8910.41,3,3,8910.41,0.0,0.0,0.0,0.0,445520.5
1793731,IT,WL,BEVER,MEATP,0.04,8908.908,3,3,8908.908,0.0,0.0,0.0,0.0,222722.7
1784969,IT,ID,INSUR,ELEC1,0.18,8908.906,3,3,8908.906,0.0,0.0,0.0,0.0,49493.922222
1786061,IT,ZA,CEMEN,RUBBE,0.01,8908.723,3,3,8908.723,0.0,0.0,0.0,0.0,890872.3
1787345,IT,WA,CROPS,PRIVA,0.07,8908.176,3,3,8908.176,0.0,0.0,0.0,0.0,127259.657143
1722940,IT,PT,GASDI,REALE,0.01,8907.981,3,3,8907.981,0.0,0.0,0.0,0.0,890798.1
1726221,IT,RO,NONME,LIQUE,0.02,8907.611,3,3,8907.611,0.0,0.0,0.0,0.0,445380.55
1656470,IT,DE,PAPER,LIGNI,0.03,8906.948,3,3,8906.948,0.0,0.0,0.0,0.0,296898.266667
1735880,IT,SK,OFFIC,CEMEN,0.03,8906.14,3,3,8906.14,0.0,0.0,0.0,0.0,296871.333333
1777330,IT,TR,GLASS,PREC1,0.02,8905.402,3,3,8905.402,0.0,0.0,0.0,0.0,445270.1
1646538,IT,BE,OFFIC,PRINT,0.03,8905.224,3,3,8905.224,0.0,0.0,0.0,0.0,296840.8
1720214,IT,PL,COPP1,PLAS1,0.02,8905.071,3,3,8905.071,0.0,0.0,0.0,0.0,445253.55
1678475,IT,FR,RECRE,SALEM,0.11,8904.983,3,3,8904.983,0.0,0.0,0.0,0.0,80954.390909
1806769,IT,WF,RETA1,OILSE,0.09,8904.662,3,3,8904.662,0.0,0.0,0.0,0.0,98940.688889
1751828,IT,CN,RENTI,WOODW,0.05,8904.286,3,3,8904.286,0.0,0.0,0.0,0.0,178085.72
1725540,IT,RO,LEATH,ELEC1,0.06,8903.119,4,4,8903.117,0.0,0.0,0.0,0.002,148385.316667
1802086,IT,WE,RETA1,WEARI,0.09,8902.93,3,3,8902.93,0.0,0.0,0.0,0.0,98921.444444
1726361,IT,RO,LEAD1,ELEC3,0.02,8902.878,3,3,8902.878,0.0,0.0,0.0,0.0,445143.9
1813672,IT,WM,RETA1,FABRI,0.09,8902.528,3,3,8902.528,0.0,0.0,0.0,0.0,98916.977778
1644467,IT,BE,VEGE1,DISTR,0.03,8902.508,4,4,8902.506,0.0,0.0,0.0,0.002,296750.266667
1710658,IT,LU,VEGE1,MEATP,0.03,8902.493,4,4,8902.491,0.0,0.0,0.0,0.002,296749.766667
1646536,IT,BE,OFFIC,PULP5,0.03,8902.122,3,3,8902.122,0.0,0.0,0.0,0.0,296737.4
1689068,IT,IE,FURNI,DAIRY,0.03,8902.099,3,3,8902.099,0.0,0.0,0.0,0.0,296736.633333
1751506,IT,CN,SUPPO,LEATH,0.06,8901.769,3,3,8901.769,0.0,0.0,0.0,0.0,148362.816667
1768546,IT,AU,FOOD5,INSUR,0.04,8901.757,3,3,8901.757,0.0,0.0,0.0,0.0,222543.925
1792305,IT,WA,FINAN,VEGET,0.12,8901.149,3,3,8901.149,0.0,0.0,0.0,0.0,74176.241667
1656796,IT,DE,GASDI,PULP5,0.01,8901.03,3,3,8901.03,0.0,0.0,0.0,0.0,890103.0
1734655,IT,SK,TEXTI,RECRE,0.05,8900.995,3,3,8900.995,0.0,0.0,0.0,0.0,178019.9
1657329,IT,DE,ADDIT,DIST1,0.02,8900.769,3,3,8900.769,0.0,0.0,0.0,0.0,445038.45
1712916,IT,LV,REALE,BUSIN,0.38,8899.707,3,3,8899.707,0.0,0.0,0.0,0.0,23420.281579
1755894,IT,KR,BASIC,BEVER,0.01,8898.996,3,3,8898.996,0.0,0.0,0.0,0.0,889899.6
1755788,IT,KR,CERAM,PLAST,0.01,8898.992,3,3,8898.992,0.0,0.0,0.0,0.0,889899.2
1709638,IT,LT,PRINT,WOODW,0.09,8898.912,3,3,8898.912,0.0,0.0,0.0,0.0,98876.8
1776167,IT,TR,LEATH,SEACO,0.06,8898.759,4,4,8898.757,0.0,0.0,0.0,0.002,148312.65
1747399,IT,JP,RAILW,RUBBE,0.06,8898.515,3,3,8898.515,0.0,0.0,0.0,0.0,148308.583333
1678133,IT,FR,PLAS1,BEVER,0.03,8897.968,3,3,8897.968,0.0,0.0,0.0,0.0,296598.933333
1800093,IT,WE,NAPHT,WOODW,0.02,8897.892,3,3,8897.892,0.0,0.0,0.0,0.0,444894.6
1679879,IT,GR,COPP1,CEMEN,0.02,8897.85,3,3,8897.85,0.0,0.0,0.0,0.0,444892.5
1651469,IT,CY,HEAVY,PIGS9,0.01,8897.627,3,3,8897.627,0.0,0.0,0.0,0.0,889762.7
1804833,IT,WF,NAPHT,FINAN,0.02,8897.588,3,3,8897.588,0.0,0.0,0.0,0.0,444879.4
1646218,IT,BE,ALUM1,TEXT1,0.02,8897.411,3,3,8897.411,0.0,0.0,0.0,0.0,444870.55
1722343,IT,PT,FORES,CONST,0.08,8897.404,4,4,8894.404,0.0,3.0,0.0,0.0,111217.55
1664212,IT,EE,CERAM,LANDT,0.01,8897.046,3,3,8897.046,0.0,0.0,0.0,0.0,889704.6
1799685,IT,WE,MOTOR,ELEC5,0.01,8897.032,3,3,8897.032,0.0,0.0,0.0,0.0,889703.2
1771294,IT,CH,DAIRY,WEARI,0.04,8896.388,3,3,8896.388,0.0,0.0,0.0,0.0,222409.7
1665917,IT,ES,COALT,DIST1,0.01,8896.38,3,3,8896.38,0.0,0.0,0.0,0.0,889638.0
1687364,IT,HU,HOTEL,LEATH,0.06,8896.188,3,3,8896.188,0.0,0.0,0.0,0.0,148269.8
1742658,IT,US,COPP1,COLLE,0.02,8896.055,3,3,8896.055,0.0,0.0,0.0,0.0,444802.75
1672582,IT,FR,CROPS,SUGA1,0.07,8895.697,3,3,8895.697,0.0,0.0,0.0,0.0,127081.385714
1800137,IT,WE,NAPHT,COMPU,0.02,8895.53,3,3,8895.53,0.0,0.0,0.0,0.0,444776.5
1804038,IT,WF,WOODW,NFERT,0.02,8895.197,3,3,8895.197,0.0,0.0,0.0,0.0,444759.85
1753217,IT,CA,CERAM,SANDC,0.01,8895.128,3,3,8895.128,0.0,0.0,0.0,0.0,889512.8
1723207,IT,PT,RUBBE,ELEC5,0.03,8894.911,3,3,8894.911,0.0,0.0,0.0,0.0,296497.033333
1712288,IT,LV,CHEM1,CEMEN,0.02,8894.482,3,3,8894.482,0.0,0.0,0.0,0.0,444724.1
1728721,IT,SE,MOTOR,RESEA,0.01,8894.07,3,3,8894.07,0.0,0.0,0.0,0.0,889407.0
1672375,IT,FI,BUSIN,LIQUI,0.09,8893.756,3,3,8893.756,0.0,0.0,0.0,0.0,98819.511111
1794630,IT,WL,LIQUE,PFERT,0.02,8893.73,3,3,8893.73,0.0,0.0,0.0,0.0,444686.5
1664099,IT,EE,CHEM1,COMPU,0.02,8892.918,3,3,8892.918,0.0,0.0,0.0,0.0,444645.9
1802277,IT,WE,LANDT,OFFIC,0.06,8892.67,3,3,8892.67,0.0,0.0,0.0,0.0,148211.166667
1678326,IT,FR,WASTE,SALEM,0.03,8891.892,3,3,8891.892,0.0,0.0,0.0,0.0,296396.4
1805373,IT,WF,RUBBE,CERAM,0.03,8891.821,3,3,8891.821,0.0,0.0,0.0,0.0,296394.033333
1729617,IT,SE,FABRI,SANDC,0.04,8891.626,3,3,8891.626,0.0,0.0,0.0,0.0,222290.65
1649067,IT,BG,PAPER,CHEMI,0.03,8891.561,3,3,8891.561,0.0,0.0,0.0,0.0,296385.366667
1750278,IT,CN,COPP1,RETA1,0.02,8890.835,3,3,8890.835,0.0,0.0,0.0,0.0,444541.75
1727764,IT,RO,BUSIN,POULT,0.09,8889.468,3,3,8889.468,0.0,0.0,0.0,0.0,98771.866667
1731153,IT,SI,STONE,WHOLE,0.03,8888.898,3,3,8888.898,0.0,0.0,0.0,0.0,296296.6
1717379,IT,NL,FINAN,FOOD2,0.12,8888.447,3,3,8888.447,0.0,0.0,0.0,0.0,74070.391667
1760832,IT,IN,MOTOR,PFERT,0.01,8888.17,3,3,8888.17,0.0,0.0,0.0,0.0,888817.0
1750588,IT,CN,OFFIC,PREC1,0.03,8887.565,3,3,8887.565,0.0,0.0,0.0,0.0,296252.166667
1782468,IT,NO,MACHI,COLLE,0.05,8886.87,3,3,8886.87,0.0,0.0,0.0,0.0,177737.4
1711062,IT,LU,BASIC,INERT,0.01,8886.809,3,3,8886.809,0.0,0.0,0.0,0.0,888680.9
1794627,IT,WL,LIQUE,FISH5,0.02,8886.614,3,3,8886.614,0.0,0.0,0.0,0.0,444330.7
1712010,IT,LV,STONE,BEVER,0.03,8886.274,3,3,8886.274,0.0,0.0,0.0,0.0,296209.133333
1791221,IT,WA,FURNI,RADIO,0.03,8886.19,3,3,8886.19,0.0,0.0,0.0,0.0,296206.333333
1749273,IT,CN,PAPER,ELEC8,0.03,8886.087,3,3,8886.087,0.0,0.0,0.0,0.0,296202.9
1749005,IT,CN,LEATH,NAPHT,0.06,8885.902,4,4,8885.9,0.0,0.0,0.0,0.002,148098.366667
1787289,IT,WA,VEGET,PRIVA,0.03,8885.853,3,3,8885.853,0.0,0.0,0.0,0.0,296195.1
1679854,IT,GR,ALUM1,FINAN,0.02,8885.284,3,3,8885.284,0.0,0.0,0.0,0.0,444264.2
1654953,IT,CZ,INSUR,MOTO1,0.18,8885.055,3,3,8885.055,0.0,0.0,0.0,0.0,49361.416667
1656291,IT,DE,LEATH,CHEM1,0.06,8884.981,4,4,8884.979,0.0,0.0,0.0,0.002,148083.016667
1716544,IT,NL,TRANS,MACHI,0.05,8884.192,3,3,8884.192,0.0,0.0,0.0,0.0,177683.84
1727929,IT,SE,VEGET,RESEA,0.03,8883.987,3,3,8883.987,0.0,0.0,0.0,0.0,296132.9
1669074,IT,ES,SUPPO,ELEC8,0.06,8883.788,3,3,8883.788,0.0,0.0,0.0,0.0,148063.133333
1773103,IT,CH,COPP1,CROPS,0.02,8883.677,3,3,8883.677,0.0,0.0,0.0,0.0,444183.85
1678285,IT,FR,FOOD2,FOOD2,0.05,8883.674,3,3,8883.674,0.0,0.0,0.0,0.0,177673.48
1710523,IT,LT,SUPPO,RUBBE,0.06,8883.646,3,3,8883.646,0.0,0.0,0.0,0.0,148060.766667
1721349,IT,PL,TRAN2,HOTEL,0.01,8883.587,3,3,8883.587,0.0,0.0,0.0,0.0,888358.7
1667911,IT,ES,MOTO1,DISTR,0.05,8883.52,3,3,8883.52,0.0,0.0,0.0,0.0,177670.4
1745602,IT,JP,TOBAC,RAILW,0.03,8883.358,3,3,8883.358,0.0,0.0,0.0,0.0,296111.933333
1757910,IT,BR,CHEM1,ELEC6,0.02,8883.124,3,3,8883.124,0.0,0.0,0.0,0.0,444156.2
1801400,IT,WE,OFFIC,ELECT,0.03,8882.771,3,3,8882.771,0.0,0.0,0.0,0.0,296092.366667
1732865,IT,SI,BASIC,FINAN,0.01,8882.621,3,3,8882.621,0.0,0.0,0.0,0.0,888262.1
1776219,IT,TR,WOODW,MOTO1,0.02,8882.585,3,3,8882.585,0.0,0.0,0.0,0.0,444129.25
1734573,IT,SK,BEVER,MEATP,0.04,8882.272,3,3,8882.272,0.0,0.0,0.0,0.0,222056.8
1795572,IT,WL,COPP1,RADIO,0.02,8882.125,3,3,8882.125,0.0,0.0,0.0,0.0,444106.25
1806036,IT,WF,COPP1,SALEM,0.02,8881.943,3,3,8881.943,0.0,0.0,0.0,0.0,444097.15
1685603,IT,HU,PRINT,SUPPO,0.09,8881.859,3,3,8881.859,0.0,0.0,0.0,0.0,98687.322222
1776873,IT,TR,NONSP,CHEM1,0.01,8881.781,3,3,8881.781,0.0,0.0,0.0,0.0,888178.1
1690477,IT,IE,PAPE4,REALE,0.06,8881.326,3,3,8881.326,0.0,0.0,0.0,0.0,148022.1
1660248,IT,DE,POSTT,GLASS,0.15,8881.214,3,3,8881.214,0.0,0.0,0.0,0.0,59208.093333
1741297,IT,US,PAPER,PREC1,0.03,8881.077,3,3,8881.077,0.0,0.0,0.0,0.0,296035.9
1664810,IT,ES,VEGET,REALE,0.03,8880.668,3,3,8880.668,0.0,0.0,0.0,0.0,296022.266667
1767880,IT,RU,AUXIL,RECRE,0.16,8880.267,3,3,8880.267,0.0,0.0,0.0,0.0,55501.66875
1756891,IT,KR,POSTT,MEMBE,0.15,8879.892,3,3,8879.892,0.0,0.0,0.0,0.0,59199.28
1725517,IT,RO,LEATH,PULP5,0.06,8879.851,4,4,8879.849,0.0,0.0,0.0,0.002,147997.516667
1785701,IT,ZA,NAPHT,LUBRI,0.02,8879.67,3,3,8879.67,0.0,0.0,0.0,0.0,443983.5
1788075,IT,WA,TEXTI,RENTI,0.05,8879.46,3,3,8879.46,0.0,0.0,0.0,0.0,177589.2
1669022,IT,ES,SUPPO,WEARI,0.06,8879.388,3,3,8879.388,0.0,0.0,0.0,0.0,147989.8
1725145,IT,RO,MEATP,DAIRY,0.04,8879.253,3,3,8879.253,0.0,0.0,0.0,0.0,221981.325
1711347,IT,LU,WHOLE,POSTT,0.08,8879.171,3,3,8879.171,0.0,0.0,0.0,0.0,110989.6375
1674145,IT,FR,HEAVY,OFFIC,0.01,8878.778,3,3,8878.778,0.0,0.0,0.0,0.0,887877.8
1738099,IT,GB,RUBBE,EDUCA,0.03,8878.691,3,3,8878.691,0.0,0.0,0.0,0.0,295956.366667
1683923,IT,HR,FURNI,HOTEL,0.03,8878.573,3,3,8878.573,0.0,0.0,0.0,0.0,295952.433333
1643195,IT,AT,HOTEL,SUGA1,0.06,8878.252,3,3,8878.252,0.0,0.0,0.0,0.0,147970.866667
1664393,IT,EE,MACHI,FISH5,0.05,8878.233,3,3,8878.233,0.0,0.0,0.0,0.0,177564.66
1766324,IT,RU,NONME,PREC1,0.02,8877.924,3,3,8877.924,0.0,0.0,0.0,0.0,443896.2
1812468,IT,WM,PREC1,DIST1,0.02,8877.696,3,3,8877.696,0.0,0.0,0.0,0.0,443884.8
1681937,IT,HR,FOOD5,FISHF,0.04,8877.57,3,3,8877.57,0.0,0.0,0.0,0.0,221939.25
1769097,IT,AU,PLAST,SALEM,0.02,8877.309,3,3,8877.309,0.0,0.0,0.0,0.0,443865.45
1814567,IT,WM,BUSIN,ETHAN,0.09,8877.215,3,3,8877.215,0.0,0.0,0.0,0.0,98635.722222
1727996,IT,SE,SANDC,PULP5,0.02,8876.982,4,4,8874.982,0.0,0.0,2.0,0.0,443849.1
1662589,IT,DK,FABRI,DIST1,0.04,8876.818,3,3,8876.818,0.0,0.0,0.0,0.0,221920.45
1752189,IT,CN,PUBLI,FABRI,0.15,8876.298,3,3,8876.298,0.0,0.0,0.0,0.0,59175.32
1655301,IT,DE,CEREA,WHOLE,0.01,8876.257,3,3,8876.257,0.0,0.0,0.0,0.0,887625.7
1764139,IT,MX,FABRI,RETAI,0.04,8875.993,3,3,8875.993,0.0,0.0,0.0,0.0,221899.825
1764333,IT,MX,OFFIC,CONST,0.03,8875.584,3,3,8875.584,0.0,0.0,0.0,0.0,295852.8
1725346,IT,RO,TOBAC,RETA1,0.03,8875.568,3,3,8875.568,0.0,0.0,0.0,0.0,295852.266667
1714849,IT,NL,FOOD5,LANDT,0.04,8875.511,3,3,8875.511,0.0,0.0,0.0,0.0,221887.775
1802754,IT,WE,RESEA,COMPU,0.05,8874.585,3,3,8874.585,0.0,0.0,0.0,0.0,177491.7
1758845,IT,BR,HOTEL,TEXTI,0.06,8874.315,3,3,8874.315,0.0,0.0,0.0,0.0,147905.25
1764775,IT,MX,HOTEL,FOOD4,0.06,8873.8,3,3,8873.8,0.0,0.0,0.0,0.0,147896.666667
1783430,IT,NO,INTER,HEALT,0.05,8873.744,3,3,8873.744,0.0,0.0,0.0,0.0,177474.88
1717387,IT,NL,INSUR,RAWMI,0.18,8873.648,3,3,8873.648,0.0,0.0,0.0,0.0,49298.044444
1739801,IT,GB,POSTT,SUPPO,0.15,8873.152,3,3,8873.152,0.0,0.0,0.0,0.0,59154.346667
1763723,IT,MX,RUBBE,WASTE,0.03,8872.824,3,3,8872.824,0.0,0.0,0.0,0.0,295760.8
1800949,IT,WE,ALUM1,MEAT4,0.02,8872.508,3,3,8872.508,0.0,0.0,0.0,0.0,443625.4
1679100,IT,GR,PAPER,FISH5,0.03,8872.157,3,3,8872.157,0.0,0.0,0.0,0.0,295738.566667
1773393,IT,CH,MACHI,FOOD3,0.05,8871.935,3,3,8871.935,0.0,0.0,0.0,0.0,177438.7
1668020,IT,ES,FURNI,PAPER,0.03,8871.451,3,3,8871.451,0.0,0.0,0.0,0.0,295715.033333
1645141,IT,BE,PRINT,PAPER,0.09,8871.406,3,3,8871.406,0.0,0.0,0.0,0.0,98571.177778
1663101,IT,DK,RAILW,ELEC2,0.06,8871.376,3,3,8871.376,0.0,0.0,0.0,0.0,147856.266667
1722965,IT,PT,LIQUE,DIST1,0.02,8871.084,3,3,8871.084,0.0,0.0,0.0,0.0,443554.2
1718878,IT,PL,PRINT,PIGS9,0.09,8870.37,3,3,8870.37,0.0,0.0,0.0,0.0,98559.666667
1715831,IT,NL,RUBBE,LIQUI,0.03,8870.364,3,3,8870.364,0.0,0.0,0.0,0.0,295678.8
1726415,IT,RO,FABRI,MEATC,0.04,8870.022,3,3,8870.022,0.0,0.0,0.0,0.0,221750.55
1745952,IT,JP,WOODW,ALUM1,0.02,8869.935,3,3,8869.935,0.0,0.0,0.0,0.0,443496.75
1721241,IT,PL,LANDT,PARAF,0.06,8869.853,3,3,8869.853,0.0,0.0,0.0,0.0,147830.883333
1765636,IT,RU,WOODW,RENTI,0.02,8869.392,3,3,8869.392,0.0,0.0,0.0,0.0,443469.6
1770814,IT,AU,COMPU,RENTI,0.1,8869.099,3,3,8869.099,0.0,0.0,0.0,0.0,88690.99
1771123,IT,CH,SANDC,POSTT,0.02,8868.982,4,4,8866.982,0.0,0.0,2.0,0.0,443449.1
1660273,IT,DE,POSTT,TRAN1,0.15,8868.843,3,3,8868.843,0.0,0.0,0.0,0.0,59125.62
1689425,IT,IE,HOTEL,MOTOR,0.06,8868.769,3,3,8868.769,0.0,0.0,0.0,0.0,147812.816667
1727710,IT,RO,COMPU,OFFIC,0.1,8868.521,3,3,8868.521,0.0,0.0,0.0,0.0,88685.21
1805625,IT,WF,NONME,MEATP,0.02,8868.444,3,3,8868.444,0.0,0.0,0.0,0.0,443422.2
1763234,IT,MX,WOODW,ELECT,0.02,8867.937,3,3,8867.937,0.0,0.0,0.0,0.0,443396.85
1659161,IT,DE,CONST,VEGET,0.05,8867.629,3,3,8867.629,0.0,0.0,0.0,0.0,177352.58
1671668,IT,FI,CONST,HOTEL,0.05,8867.491,3,3,8867.491,0.0,0.0,0.0,0.0,177349.82
1792836,IT,WA,EDUCA,WOODW,0.22,8867.391,3,3,8867.391,0.0,0.0,0.0,0.0,40306.322727
1672733,IT,FR,CHEMI,NONME,0.02,8867.246,3,3,8867.246,0.0,0.0,0.0,0.0,443362.3
1766309,IT,RU,NONME,SUGA1,0.02,8867.246,3,3,8867.246,0.0,0.0,0.0,0.0,443362.3
1749340,IT,CN,PRINT,RADIO,0.09,8867.027,3,3,8867.027,0.0,0.0,0.0,0.0,98522.522222
1640310,IT,AT,SANDC,RESEA,0.02,8866.585,4,4,8864.585,0.0,0.0,2.0,0.0,443329.25
1805755,IT,WF,BASIC,INLAN,0.01,8866.295,3,3,8866.295,0.0,0.0,0.0,0.0,886629.5
1806427,IT,WF,TRANS,BITUM,0.05,8866.227,3,3,8866.227,0.0,0.0,0.0,0.0,177324.54
1768784,IT,AU,LEATH,WHEAT,0.06,8866.043,4,4,8866.041,0.0,0.0,0.0,0.002,147767.383333
1646292,IT,BE,COPP1,STEAM,0.02,8865.352,3,3,8865.352,0.0,0.0,0.0,0.0,443267.6
1773232,IT,CH,FABRI,ELEC8,0.04,8865.272,3,3,8865.272,0.0,0.0,0.0,0.0,221631.8
1670656,IT,FI,LEATH,PUBLI,0.06,8865.217,4,4,8865.215,0.0,0.0,0.0,0.002,147753.616667
1680861,IT,GR,LANDT,TOBAC,0.06,8865.051,3,3,8865.051,0.0,0.0,0.0,0.0,147750.85
1801861,IT,WE,CONST,BITUM,0.05,8864.901,3,3,8864.901,0.0,0.0,0.0,0.0,177298.02
1781474,IT,NO,BEVER,SALEM,0.04,8864.517,3,3,8864.517,0.0,0.0,0.0,0.0,221612.925
1790920,IT,WA,OFFIC,FURNI,0.03,8864.463,3,3,8864.463,0.0,0.0,0.0,0.0,295482.1
1800934,IT,WE,PREC1,RECRE,0.02,8863.972,3,3,8863.972,0.0,0.0,0.0,0.0,443198.6
1775818,IT,TR,CHEMI,ELECT,0.02,8863.565,3,3,8863.565,0.0,0.0,0.0,0.0,443178.25
1667774,IT,ES,OFFIC,MOTOR,0.03,8863.248,3,3,8863.248,0.0,0.0,0.0,0.0,295441.6
1780662,IT,TW,AUXIL,CEMEN,0.16,8863.013,3,3,8863.013,0.0,0.0,0.0,0.0,55393.83125
1686151,IT,HU,RUBBE,TEXT2,0.03,8863.011,3,3,8863.011,0.0,0.0,0.0,0.0,295433.7
1688991,IT,IE,MACHI,BASIC,0.05,8862.896,3,3,8862.896,0.0,0.0,0.0,0.0,177257.92
1679256,IT,GR,GASDI,HEAVY,0.01,8862.667,3,3,8862.667,0.0,0.0,0.0,0.0,886266.7
1790487,IT,WA,COPP1,BIODI,0.02,8862.446,3,3,8862.446,0.0,0.0,0.0,0.0,443122.3
1776867,IT,TR,PARAF,NONF1,0.01,8862.312,3,3,8862.312,0.0,0.0,0.0,0.0,886231.2
1757457,IT,BR,PAPER,BIOGA,0.03,8862.203,3,3,8862.203,0.0,0.0,0.0,0.0,295406.766667
1784212,IT,ID,GASDI,CONST,0.01,8862.088,3,3,8862.088,0.0,0.0,0.0,0.0,886208.8
1682284,IT,HR,LEATH,SALEM,0.06,8861.687,4,4,8861.685,0.0,0.0,0.0,0.002,147694.783333
1664022,IT,EE,GASDI,LANDT,0.01,8860.786,3,3,8860.786,0.0,0.0,0.0,0.0,886078.6
1788923,IT,WA,HEAVY,STONE,0.01,8860.037,3,3,8860.037,0.0,0.0,0.0,0.0,886003.7
1783433,IT,NO,INTER,PLAS1,0.05,8859.651,3,3,8859.651,0.0,0.0,0.0,0.0,177193.02
1655454,IT,DE,FORES,LANDT,0.08,8859.551,4,4,8856.551,0.0,3.0,0.0,0.0,110744.3875
1799582,IT,WE,PRINT,MEMBE,0.09,8858.918,3,3,8858.918,0.0,0.0,0.0,0.0,98432.422222
1804671,IT,WF,LIQUE,IRONO,0.02,8858.609,3,3,8858.609,0.0,0.0,0.0,0.0,442930.45
1722874,IT,PT,PRINT,SALEM,0.08,8858.412,3,3,8858.412,0.0,0.0,0.0,0.0,110730.15
1793790,IT,WL,TEXTI,WHEAT,0.05,8858.093,3,3,8858.093,0.0,0.0,0.0,0.0,177161.86
1733181,IT,SI,MACHI,MEATA,0.05,8858.006,3,3,8858.006,0.0,0.0,0.0,0.0,177160.12
1718099,IT,PL,MEAT4,COMPU,0.05,8857.92,3,3,8857.92,0.0,0.0,0.0,0.0,177158.4
1782600,IT,NO,FURNI,MACHI,0.03,8857.87,3,3,8857.87,0.0,0.0,0.0,0.0,295262.333333
1681377,IT,GR,AUXIL,SEACO,0.16,8857.825,3,3,8857.825,0.0,0.0,0.0,0.0,55361.40625
1766472,IT,RU,PREC1,BUSIN,0.02,8857.764,3,3,8857.764,0.0,0.0,0.0,0.0,442888.2
1795196,IT,WL,GLASS,DAIRY,0.02,8857.28,3,3,8857.28,0.0,0.0,0.0,0.0,442864.0
1742044,IT,US,RUBBE,PIGS9,0.03,8857.128,3,3,8857.128,0.0,0.0,0.0,0.0,295237.6
1645297,IT,BE,KEROS,PETRO,0.01,8856.807,3,3,8856.807,0.0,0.0,0.0,0.0,885680.7
1688519,IT,IE,WOODW,REALE,0.02,8856.369,3,3,8856.369,0.0,0.0,0.0,0.0,442818.45
1721881,IT,PL,RENTI,FORES,0.05,8855.839,3,3,8855.839,0.0,0.0,0.0,0.0,177116.78
1781358,IT,NO,DAIRY,CEMEN,0.04,8855.58,3,3,8855.58,0.0,0.0,0.0,0.0,221389.5
1803474,IT,WF,MEAT4,CHARC,0.05,8854.507,3,3,8854.507,0.0,0.0,0.0,0.0,177090.14
1777378,IT,TR,CERAM,CHEM1,0.01,8854.397,3,3,8854.397,0.0,0.0,0.0,0.0,885439.7
1664975,IT,ES,SANDC,RENTI,0.02,8854.373,4,4,8852.373,0.0,0.0,2.0,0.0,442718.65
1745828,IT,JP,LEATH,DAIRY,0.06,8854.285,4,4,8854.283,0.0,0.0,0.0,0.002,147571.416667
1769115,IT,AU,CHEM1,MEATA,0.02,8853.775,3,3,8853.775,0.0,0.0,0.0,0.0,442688.75
1651325,IT,CY,WOODW,DAIRY,0.02,8853.106,3,3,8853.106,0.0,0.0,0.0,0.0,442655.3
1734947,IT,SK,GASDI,OILSE,0.01,8852.849,3,3,8852.849,0.0,0.0,0.0,0.0,885284.9
1782517,IT,NO,OFFIC,FABRI,0.03,8852.652,3,3,8852.652,0.0,0.0,0.0,0.0,295088.4
1808634,IT,WF,PLAS2,HEALT,0.07,8852.286,3,3,8852.286,0.0,0.0,0.0,0.0,126461.228571
1781732,IT,NO,PAPER,GLASS,0.03,8852.127,3,3,8852.127,0.0,0.0,0.0,0.0,295070.9
1645119,IT,BE,PAPER,FOOD2,0.03,8852.019,3,3,8852.019,0.0,0.0,0.0,0.0,295067.3
1735190,IT,SK,RUBBE,LEAD1,0.03,8851.715,3,3,8851.715,0.0,0.0,0.0,0.0,295057.166667
1754945,IT,KR,TEXTI,BIODI,0.05,8851.25,3,3,8851.25,0.0,0.0,0.0,0.0,177025.0
1649740,IT,BG,BASIC,KEROS,0.01,8850.685,3,3,8850.685,0.0,0.0,0.0,0.0,885068.5
1746898,IT,JP,MOTO1,DAIRY,0.05,8849.585,3,3,8849.585,0.0,0.0,0.0,0.0,176991.7
1783611,IT,NO,FOOD2,WASTE,0.05,8849.562,3,3,8849.562,0.0,0.0,0.0,0.0,176991.24
1666688,IT,ES,BIODI,DIST1,0.02,8847.404,3,3,8847.404,0.0,0.0,0.0,0.0,442370.2
1687503,IT,HU,LANDT,SUGA1,0.06,8847.391,3,3,8847.391,0.0,0.0,0.0,0.0,147456.516667
1720918,IT,PL,SALEM,RENTI,0.07,8847.237,3,3,8847.237,0.0,0.0,0.0,0.0,126389.1
1746542,IT,JP,NONME,FURNI,0.02,8846.815,3,3,8846.815,0.0,0.0,0.0,0.0,442340.75
1651749,IT,CY,MACHI,WHOLE,0.05,8846.418,3,3,8846.418,0.0,0.0,0.0,0.0,176928.36
1813552,IT,WM,WHOLE,KERO1,0.08,8846.297,3,3,8846.297,0.0,0.0,0.0,0.0,110578.7125
1674215,IT,FR,LIQUE,LANDT,0.02,8845.667,3,3,8845.667,0.0,0.0,0.0,0.0,442283.35
1727398,IT,RO,FINAN,CEMEN,0.12,8845.661,3,3,8845.661,0.0,0.0,0.0,0.0,73713.841667
1756489,IT,KR,SALEM,SALEM,0.07,8845.372,3,3,8845.372,0.0,0.0,0.0,0.0,126362.457143
1667102,IT,ES,NONME,FOOD3,0.02,8845.23,3,3,8845.23,0.0,0.0,0.0,0.0,442261.5
1750218,IT,CN,LEAD1,RADIO,0.02,8844.578,3,3,8844.578,0.0,0.0,0.0,0.0,442228.9
1779264,IT,TR,FINAN,CEMEN,0.12,8843.559,3,3,8843.559,0.0,0.0,0.0,0.0,73696.325
1804639,IT,WF,HEAVY,DIST1,0.01,8842.506,3,3,8842.506,0.0,0.0,0.0,0.0,884250.6
1713639,IT,MT,ALUM1,PRINT,0.02,8842.089,3,3,8842.089,0.0,0.0,0.0,0.0,442104.45
1648706,IT,BG,FOOD5,FISH5,0.04,8841.869,3,3,8841.869,0.0,0.0,0.0,0.0,221046.725
1797667,IT,WL,PAPE1,FINAN,0.06,8841.698,3,3,8841.698,0.0,0.0,0.0,0.0,147361.633333
1641013,IT,AT,PULP5,LEATH,0.03,8841.008,3,3,8841.008,0.0,0.0,0.0,0.0,294700.266667
1661942,IT,DK,KEROS,MEATP,0.01,8840.812,3,3,8840.812,0.0,0.0,0.0,0.0,884081.2
1777683,IT,TR,COPP1,GASDI,0.02,8840.77,3,3,8840.77,0.0,0.0,0.0,0.0,442038.5
1790182,IT,WA,PREC1,PIGS9,0.02,8840.735,3,3,8840.735,0.0,0.0,0.0,0.0,442036.75
1794180,IT,WL,PRINT,PLAST,0.08,8840.517,3,3,8840.517,0.0,0.0,0.0,0.0,110506.4625
1784991,IT,ID,INSUR,EDUCA,0.18,8840.116,3,3,8840.116,0.0,0.0,0.0,0.0,49111.755556
1740378,IT,GB,HEALT,LEATH,0.05,8839.812,3,3,8839.812,0.0,0.0,0.0,0.0,176796.24
1664320,IT,EE,FABRI,MEATP,0.04,8839.614,3,3,8839.614,0.0,0.0,0.0,0.0,220990.35
1810210,IT,WM,LEATH,FORES,0.06,8839.321,4,4,8839.319,0.0,0.0,0.0,0.002,147322.016667
1718309,IT,PL,FOOD5,RAILW,0.04,8838.86,3,3,8838.86,0.0,0.0,0.0,0.0,220971.5
1787959,IT,WA,TOBAC,OFFIC,0.03,8837.957,3,3,8837.957,0.0,0.0,0.0,0.0,294598.566667
1796763,IT,WL,LANDT,NONF1,0.06,8837.663,3,3,8837.663,0.0,0.0,0.0,0.0,147294.383333
1729849,IT,SE,MOTO1,MOTO1,0.05,8837.38,3,3,8837.38,0.0,0.0,0.0,0.0,176747.6
1685146,IT,HU,FOOD5,93197,0.04,8836.846,3,3,8836.846,0.0,0.0,0.0,0.0,220921.15
1683786,IT,HR,OFFIC,DAIRY,0.03,8836.622,3,3,8836.622,0.0,0.0,0.0,0.0,294554.066667
1747233,IT,JP,SALEM,CONST,0.07,8836.576,3,3,8836.576,0.0,0.0,0.0,0.0,126236.8
1709570,IT,LT,PAPER,CEREA,0.03,8835.959,3,3,8835.959,0.0,0.0,0.0,0.0,294531.966667
1667352,IT,ES,LEAD1,SECO9,0.02,8835.58,3,3,8835.58,0.0,0.0,0.0,0.0,441779.0
1673386,IT,FR,WEARI,CROPS,0.07,8835.448,4,4,8835.446,0.0,0.0,0.0,0.002,126220.685714
1763802,IT,MX,CERAM,OFFIC,0.01,8835.22,3,3,8835.22,0.0,0.0,0.0,0.0,883522.0
1767081,IT,RU,FURNI,ALUM1,0.03,8835.137,3,3,8835.137,0.0,0.0,0.0,0.0,294504.566667
1808914,IT,WM,CEREA,NATUR,0.01,8834.686,3,3,8834.686,0.0,0.0,0.0,0.0,883468.6
1757686,IT,BR,HEAVY,NONF1,0.01,8834.426,3,3,8834.426,0.0,0.0,0.0,0.0,883442.6
1762774,IT,IN,BUSIN,SEACO,0.09,8834.003,3,3,8834.003,0.0,0.0,0.0,0.0,98155.588889
1744596,IT,US,RENTI,LEATH,0.05,8833.991,3,3,8833.991,0.0,0.0,0.0,0.0,176679.82
1759715,IT,BR,BUSIN,CHEMI,0.09,8833.259,3,3,8833.259,0.0,0.0,0.0,0.0,98147.322222
1755601,IT,KR,CHEM1,INTER,0.02,8833.05,3,3,8833.05,0.0,0.0,0.0,0.0,441652.5
1681514,IT,GR,BUSIN,WOODW,0.09,8832.706,3,3,8832.706,0.0,0.0,0.0,0.0,98141.177778
1722909,IT,PT,MOTOR,BUSIN,0.01,8832.531,3,3,8832.531,0.0,0.0,0.0,0.0,883253.1
1813042,IT,WM,OFFIC,LEATH,0.03,8832.033,3,3,8832.033,0.0,0.0,0.0,0.0,294401.1
1772915,IT,CH,BASIC,WASTE,0.01,8831.951,3,3,8831.951,0.0,0.0,0.0,0.0,883195.1
1793353,IT,WL,CEREA,FOOD5,0.01,8831.651,3,3,8831.651,0.0,0.0,0.0,0.0,883165.1
1799406,IT,WE,PAPER,PLANT,0.03,8831.454,3,3,8831.454,0.0,0.0,0.0,0.0,294381.8
1667109,IT,ES,NONME,WOOD2,0.02,8831.261,3,3,8831.261,0.0,0.0,0.0,0.0,441563.05
1647039,IT,BE,RETA1,PAPE1,0.09,8831.159,3,3,8831.159,0.0,0.0,0.0,0.0,98123.988889
1757122,IT,BR,VEGET,MACHI,0.03,8831.15,3,3,8831.15,0.0,0.0,0.0,0.0,294371.666667
1657365,IT,DE,BIODI,HEALT,0.02,8830.845,3,3,8830.845,0.0,0.0,0.0,0.0,441542.25
1767403,IT,RU,LANDT,NAPHT,0.06,8830.76,3,3,8830.76,0.0,0.0,0.0,0.0,147179.333333
1769554,IT,AU,ALUM1,ELEC2,0.02,8830.284,3,3,8830.284,0.0,0.0,0.0,0.0,441514.2
1690097,IT,IE,RENTI,SEWAG,0.05,8830.179,3,3,8830.179,0.0,0.0,0.0,0.0,176603.58
1676576,IT,FR,HOTEL,CHARC,0.06,8830.127,3,3,8830.127,0.0,0.0,0.0,0.0,147168.783333
1714563,IT,NL,CRUDE,REALE,0.02,8830.057,3,3,8830.057,0.0,0.0,0.0,0.0,441502.85
1652812,IT,CZ,PRINT,NFERT,0.08,8829.812,3,3,8829.812,0.0,0.0,0.0,0.0,110372.65
1814969,IT,WM,PRIVA,HOTEL,1.97,8829.719,3,3,8829.719,0.0,0.0,0.0,0.0,4482.090863
1642820,IT,AT,OFFIC,MEDIC,0.03,8829.416,3,3,8829.416,0.0,0.0,0.0,0.0,294313.866667
1670940,IT,FI,CHEM1,BRICK,0.02,8829.413,3,3,8829.413,0.0,0.0,0.0,0.0,441470.65
1646647,IT,BE,FURNI,CROPS,0.03,8829.21,3,3,8829.21,0.0,0.0,0.0,0.0,294307.0
1675585,IT,FR,MOTO1,NONME,0.05,8829.096,3,3,8829.096,0.0,0.0,0.0,0.0,176581.92
1668607,IT,ES,RAILW,CHEMI,0.06,8828.879,3,3,8828.879,0.0,0.0,0.0,0.0,147147.983333
1764519,IT,MX,CONST,INSUR,0.05,8828.803,3,3,8828.803,0.0,0.0,0.0,0.0,176576.06
1721557,IT,PL,SUPPO,FINAN,0.06,8828.697,3,3,8828.697,0.0,0.0,0.0,0.0,147144.95
1771118,IT,CH,SANDC,SALEM,0.02,8828.115,4,4,8826.115,0.0,0.0,2.0,0.0,441405.75
1714944,IT,NL,BEVER,INERT,0.04,8827.959,3,3,8827.959,0.0,0.0,0.0,0.0,220698.975
1649665,IT,BG,CERAM,DISTR,0.01,8827.261,3,3,8827.261,0.0,0.0,0.0,0.0,882726.1
1785691,IT,ZA,NAPHT,LEATH,0.01,8826.376,3,3,8826.376,0.0,0.0,0.0,0.0,882637.6
1640385,IT,AT,MEAT1,LIQUE,0.04,8826.282,3,3,8826.282,0.0,0.0,0.0,0.0,220657.05
1782745,IT,NO,RETA1,RENTI,0.09,8825.554,3,3,8825.554,0.0,0.0,0.0,0.0,98061.711111
1799325,IT,WE,WOODW,KEROS,0.02,8825.119,3,3,8825.119,0.0,0.0,0.0,0.0,441255.95
1649484,IT,BG,BIODI,FISHF,0.02,8824.866,3,3,8824.866,0.0,0.0,0.0,0.0,441243.3
1684506,IT,HR,BUSIN,VEGET,0.09,8824.833,3,3,8824.833,0.0,0.0,0.0,0.0,98053.7
1744107,IT,US,SUPPO,GLASS,0.06,8824.729,3,3,8824.729,0.0,0.0,0.0,0.0,147078.816667
1678621,IT,GR,SANDC,CONST,0.02,8824.647,4,4,8822.647,0.0,0.0,2.0,0.0,441232.35
1640728,IT,AT,TEXTI,PULP5,0.05,8824.637,3,3,8824.637,0.0,0.0,0.0,0.0,176492.74
1650188,IT,BG,MOTO1,BUSIN,0.05,8824.488,3,3,8824.488,0.0,0.0,0.0,0.0,176489.76
1781273,IT,NO,CHEMI,OFFIC,0.02,8824.274,3,3,8824.274,0.0,0.0,0.0,0.0,441213.7
1806864,IT,WF,RETA1,RECRE,0.09,8823.886,3,3,8823.886,0.0,0.0,0.0,0.0,98043.177778
1656352,IT,DE,WOODW,SUGA1,0.02,8823.264,3,3,8823.264,0.0,0.0,0.0,0.0,441163.2
1645900,IT,BE,GLASS,93197,0.02,8822.882,3,3,8822.882,0.0,0.0,0.0,0.0,441144.1
1781795,IT,NO,MOTOR,LANDT,0.01,8822.03,3,3,8822.03,0.0,0.0,0.0,0.0,882203.0
1711030,IT,LU,NONME,REALE,0.02,8821.96,3,3,8821.96,0.0,0.0,0.0,0.0,441098.0
1684411,IT,HR,FINAN,PAPER,0.11,8821.393,3,3,8821.393,0.0,0.0,0.0,0.0,80194.481818
1674670,IT,FR,GLASS,LIQUE,0.02,8821.306,3,3,8821.306,0.0,0.0,0.0,0.0,441065.3
1726838,IT,RO,WHOLE,WASTE,0.08,8820.909,3,3,8820.909,0.0,0.0,0.0,0.0,110261.3625
1729171,IT,SE,GLASS,COMPU,0.02,8820.776,3,3,8820.776,0.0,0.0,0.0,0.0,441038.8
1782447,IT,NO,MACHI,GLASS,0.05,8820.448,3,3,8820.448,0.0,0.0,0.0,0.0,176408.96
1728050,IT,SE,MEATC,FISH5,0.03,8820.38,3,3,8820.38,0.0,0.0,0.0,0.0,294012.666667
1784722,IT,ID,FURNI,RENTI,0.03,8820.242,3,3,8820.242,0.0,0.0,0.0,0.0,294008.066667
1779769,IT,TR,BUSIN,ELEC2,0.09,8818.814,3,3,8818.814,0.0,0.0,0.0,0.0,97986.822222
1672969,IT,FR,DAIRY,PAPE1,0.04,8818.135,3,3,8818.135,0.0,0.0,0.0,0.0,220453.375
1791384,IT,WA,RETAI,PRECI,0.07,8818.012,3,3,8818.012,0.0,0.0,0.0,0.0,125971.6
1752205,IT,CN,PUBLI,HOTEL,0.14,8817.718,3,3,8817.718,0.0,0.0,0.0,0.0,62983.7
1728608,IT,SE,PAPER,PAPE1,0.03,8817.599,3,3,8817.599,0.0,0.0,0.0,0.0,293919.966667
1755002,IT,KR,WEARI,NICKE,0.07,8817.442,4,4,8817.44,0.0,0.0,0.0,0.002,125963.457143
1784671,IT,ID,OFFIC,RECRE,0.03,8817.383,3,3,8817.383,0.0,0.0,0.0,0.0,293912.766667
1641889,IT,AT,BIODI,CERAM,0.02,8817.337,3,3,8817.337,0.0,0.0,0.0,0.0,440866.85
1758810,IT,BR,RETA1,RAILW,0.09,8817.167,3,3,8817.167,0.0,0.0,0.0,0.0,97968.522222
1781492,IT,NO,BEVER,RECRE,0.04,8816.295,3,3,8816.295,0.0,0.0,0.0,0.0,220407.375
1801333,IT,WE,MACHI,BIODI,0.05,8815.842,3,3,8815.842,0.0,0.0,0.0,0.0,176316.84
1796434,IT,WL,WHOLE,SEACO,0.08,8815.691,3,3,8815.691,0.0,0.0,0.0,0.0,110196.1375
1668545,IT,ES,HOTEL,ELEC1,0.06,8814.862,3,3,8814.862,0.0,0.0,0.0,0.0,146914.366667
1723748,IT,PT,MACHI,FOOD4,0.05,8814.646,3,3,8814.646,0.0,0.0,0.0,0.0,176292.92
1653866,IT,CZ,FABRI,BIOGA,0.04,8814.583,3,3,8814.583,0.0,0.0,0.0,0.0,220364.575
1642911,IT,AT,TRANS,RETA1,0.05,8814.549,3,3,8814.549,0.0,0.0,0.0,0.0,176290.98
1688481,IT,IE,LEATH,PEAT2,0.06,8814.543,4,4,8814.541,0.0,0.0,0.0,0.002,146909.05
1756639,IT,KR,LANDT,PLAST,0.06,8814.216,3,3,8814.216,0.0,0.0,0.0,0.0,146903.6
1767778,IT,RU,INSUR,ELECT,0.18,8814.05,3,3,8814.05,0.0,0.0,0.0,0.0,48966.944444
1643746,IT,AT,SUPPO,POSTT,0.06,8814.006,3,3,8814.006,0.0,0.0,0.0,0.0,146900.1
1730095,IT,SE,RETA1,LANDT,0.09,8813.578,3,3,8813.578,0.0,0.0,0.0,0.0,97928.644444
1751835,IT,CN,RENTI,PFERT,0.05,8813.528,3,3,8813.528,0.0,0.0,0.0,0.0,176270.56
1661266,IT,DK,VEGET,RECRE,0.03,8813.505,3,3,8813.505,0.0,0.0,0.0,0.0,293783.5
1762128,IT,IN,RAILW,LANDT,0.06,8812.824,3,3,8812.824,0.0,0.0,0.0,0.0,146880.4
1718219,IT,PL,PROCE,PROCE,0.06,8812.243,3,3,8812.243,0.0,0.0,0.0,0.0,146870.716667
1657804,IT,DE,NONME,COPP1,0.02,8812.215,3,3,8812.215,0.0,0.0,0.0,0.0,440610.75
1740868,IT,US,DAIRY,ELEC2,0.04,8812.133,3,3,8812.133,0.0,0.0,0.0,0.0,220303.325
1711838,IT,LU,PAPE1,BASIC,0.06,8811.86,3,3,8811.86,0.0,0.0,0.0,0.0,146864.333333
1681722,IT,HR,CRUDE,POULT,0.02,8811.292,3,3,8811.292,0.0,0.0,0.0,0.0,440564.6
1790411,IT,WA,LEAD1,BRICK,0.02,8811.124,3,3,8811.124,0.0,0.0,0.0,0.0,440556.2
1771757,IT,CH,LEATH,ELEC2,0.06,8810.534,4,4,8810.532,0.0,0.0,0.0,0.002,146842.233333
1763553,IT,MX,CHEM1,PARAF,0.02,8809.957,3,3,8809.957,0.0,0.0,0.0,0.0,440497.85
1747979,IT,JP,RESEA,POSTT,0.05,8809.461,3,3,8809.461,0.0,0.0,0.0,0.0,176189.22
1803305,IT,WF,FISHF,RESEA,0.02,8809.457,3,3,8809.457,0.0,0.0,0.0,0.0,440472.85
1763799,IT,MX,CERAM,ALUM1,0.01,8808.885,3,3,8808.885,0.0,0.0,0.0,0.0,880888.5
1812656,IT,WM,COPP1,ETHAN,0.02,8808.592,3,3,8808.592,0.0,0.0,0.0,0.0,440429.6
1811152,IT,WM,NAPHT,WHITE,0.01,8808.356,3,3,8808.356,0.0,0.0,0.0,0.0,880835.6
1806782,IT,WF,RETA1,NATU1,0.09,8807.787,3,3,8807.787,0.0,0.0,0.0,0.0,97864.3
1719902,IT,PL,PREC1,PRINT,0.01,8807.12,3,3,8807.12,0.0,0.0,0.0,0.0,880712.0
1741117,IT,US,WEARI,FURNI,0.07,8807.113,4,4,8807.111,0.0,0.0,0.0,0.002,125815.9
1771960,IT,CH,PAPER,BIOG1,0.03,8806.855,3,3,8806.855,0.0,0.0,0.0,0.0,293561.833333
1709779,IT,LT,RUBBE,FISH5,0.03,8806.728,3,3,8806.728,0.0,0.0,0.0,0.0,293557.6
1689998,IT,IE,REALE,DIST1,0.37,8806.513,3,3,8806.513,0.0,0.0,0.0,0.0,23801.386486
1781464,IT,NO,BEVER,FABRI,0.04,8806.345,3,3,8806.345,0.0,0.0,0.0,0.0,220158.625
1646274,IT,BE,COPP1,PULP5,0.02,8805.763,3,3,8805.763,0.0,0.0,0.0,0.0,440288.15
1671360,IT,FI,COPP1,SECO9,0.02,8805.727,3,3,8805.727,0.0,0.0,0.0,0.0,440286.35
1719675,IT,PL,NONME,CRUDE,0.02,8805.5,3,3,8805.5,0.0,0.0,0.0,0.0,440275.0
1800498,IT,WE,RUBBE,PULP5,0.03,8804.879,3,3,8804.879,0.0,0.0,0.0,0.0,293495.966667
1652790,IT,CZ,PRINT,WHEAT,0.08,8804.82,3,3,8804.82,0.0,0.0,0.0,0.0,110060.25
1777004,IT,TR,CHEM1,ALUMI,0.02,8804.736,3,3,8804.736,0.0,0.0,0.0,0.0,440236.8
1802012,IT,WE,WHOLE,GASDI,0.08,8804.584,3,3,8804.584,0.0,0.0,0.0,0.0,110057.3
1672194,IT,FI,AUXIL,POSTT,0.16,8804.404,3,3,8804.404,0.0,0.0,0.0,0.0,55027.525
1792274,IT,WA,POSTT,DISTR,0.14,8804.227,3,3,8804.227,0.0,0.0,0.0,0.0,62887.335714
1725829,IT,RO,MOTOR,PUBLI,0.01,8804.209,3,3,8804.209,0.0,0.0,0.0,0.0,880420.9
1755451,IT,KR,NONSP,COLLE,0.01,8804.14,3,3,8804.14,0.0,0.0,0.0,0.0,880414.0
1662595,IT,DK,FABRI,LANDT,0.04,8803.899,3,3,8803.899,0.0,0.0,0.0,0.0,220097.475
1732063,IT,SI,KEROS,SEWAG,0.01,8803.758,3,3,8803.758,0.0,0.0,0.0,0.0,880375.8
1675973,IT,FR,ELEC4,POSTT,0.14,8803.339,3,3,8803.339,0.0,0.0,0.0,0.0,62880.992857
1752723,IT,CA,LEATH,TRANS,0.06,8803.235,4,4,8803.233,0.0,0.0,0.0,0.002,146720.583333
1645412,IT,BE,LIQUE,KERO1,0.02,8803.207,3,3,8803.207,0.0,0.0,0.0,0.0,440160.35
1802126,IT,WE,RETA1,SUPPO,0.09,8802.504,3,3,8802.504,0.0,0.0,0.0,0.0,97805.6
1773066,IT,CH,ALUM1,TRAN2,0.02,8802.425,3,3,8802.425,0.0,0.0,0.0,0.0,440121.25
1770094,IT,AU,WHOLE,CHEM1,0.08,8801.657,3,3,8801.657,0.0,0.0,0.0,0.0,110020.7125
1728873,IT,SE,CHEM1,ANIMA,0.02,8801.636,3,3,8801.636,0.0,0.0,0.0,0.0,440081.8
1657267,IT,DE,CHEM1,BLAST,0.02,8801.567,3,3,8801.567,0.0,0.0,0.0,0.0,440078.35
1681056,IT,GR,SUPPO,PIGS9,0.06,8801.501,3,3,8801.501,0.0,0.0,0.0,0.0,146691.683333
1747705,IT,JP,POSTT,EDUCA,0.14,8801.009,3,3,8801.009,0.0,0.0,0.0,0.0,62864.35
1788582,IT,WA,PAPER,RETAI,0.03,8800.946,3,3,8800.946,0.0,0.0,0.0,0.0,293364.866667
1640787,IT,AT,TEXTI,MEMBE,0.05,8800.791,3,3,8800.791,0.0,0.0,0.0,0.0,176015.82
1661653,IT,DK,TEXTI,NONME,0.05,8800.722,3,3,8800.722,0.0,0.0,0.0,0.0,176014.44
1762808,IT,IN,PUBLI,PRINT,0.14,8800.529,3,3,8800.529,0.0,0.0,0.0,0.0,62860.921429
1740910,IT,US,FOOD5,FORES,0.04,8800.386,3,3,8800.386,0.0,0.0,0.0,0.0,220009.65
1734261,IT,SI,COMPU,RETA1,0.1,8800.243,3,3,8800.243,0.0,0.0,0.0,0.0,88002.43
1727749,IT,RO,RESEA,LANDT,0.05,8799.877,3,3,8799.877,0.0,0.0,0.0,0.0,175997.54
1807477,IT,WF,REALE,SALEM,0.37,8799.774,3,3,8799.774,0.0,0.0,0.0,0.0,23783.172973
1749408,IT,CN,KEROS,NICKE,0.01,8799.674,3,3,8799.674,0.0,0.0,0.0,0.0,879967.4
1674276,IT,FR,PETRO,CEMEN,0.01,8799.607,3,3,8799.607,0.0,0.0,0.0,0.0,879960.7
1737751,IT,GB,HEAVY,RUBBE,0.01,8798.806,3,3,8798.806,0.0,0.0,0.0,0.0,879880.6
1680730,IT,GR,RETA1,BASIC,0.09,8798.551,3,3,8798.551,0.0,0.0,0.0,0.0,97761.677778
1813518,IT,WM,RETAI,HEALT,0.07,8798.342,3,3,8798.342,0.0,0.0,0.0,0.0,125690.6
1648031,IT,BE,COMPU,COPP1,0.1,8797.47,3,3,8797.47,0.0,0.0,0.0,0.0,87974.7
1755452,IT,KR,NONSP,CONST,0.01,8797.344,3,3,8797.344,0.0,0.0,0.0,0.0,879734.4
1731327,IT,SI,DAIRY,ANIMA,0.04,8796.321,3,3,8796.321,0.0,0.0,0.0,0.0,219908.025
1776878,IT,TR,PLAST,BITUM,0.02,8796.063,3,3,8796.063,0.0,0.0,0.0,0.0,439803.15
1686140,IT,HU,RUBBE,PLAS1,0.03,8794.898,3,3,8794.898,0.0,0.0,0.0,0.0,293163.266667
1645398,IT,BE,HEAVY,INLAN,0.01,8794.55,3,3,8794.55,0.0,0.0,0.0,0.0,879455.0
1789608,IT,WA,RUBBE,ALUMI,0.03,8793.922,3,3,8793.922,0.0,0.0,0.0,0.0,293130.733333
1733110,IT,SI,FABRI,PLAST,0.04,8793.433,3,3,8793.433,0.0,0.0,0.0,0.0,219835.825
1716215,IT,NL,ALUM1,WASTE,0.02,8793.354,3,3,8793.354,0.0,0.0,0.0,0.0,439667.7
1667571,IT,ES,FABRI,WOOD1,0.04,8792.978,3,3,8792.978,0.0,0.0,0.0,0.0,219824.45
1662248,IT,DK,CERAM,BEVER,0.01,8792.802,3,3,8792.802,0.0,0.0,0.0,0.0,879280.2
1646001,IT,BE,NONME,TOBAC,0.02,8792.435,3,3,8792.435,0.0,0.0,0.0,0.0,439621.75
1751137,IT,CN,RETA1,EDUCA,0.09,8791.707,3,3,8791.707,0.0,0.0,0.0,0.0,97685.633333
1781207,IT,NO,VEGET,SALEM,0.03,8791.614,3,3,8791.614,0.0,0.0,0.0,0.0,293053.8
1686908,IT,HU,MACHI,TOBAC,0.05,8791.61,3,3,8791.61,0.0,0.0,0.0,0.0,175832.2
1808771,IT,WF,WOOD2,MEAT4,0.05,8791.524,3,3,8791.524,0.0,0.0,0.0,0.0,175830.48
1720522,IT,PL,OFFIC,MEATP,0.03,8791.119,3,3,8791.119,0.0,0.0,0.0,0.0,293037.3
1664410,IT,EE,MACHI,NONME,0.05,8791.018,3,3,8791.018,0.0,0.0,0.0,0.0,175820.36
1716864,IT,NL,HOTEL,COPP1,0.06,8791.011,3,3,8791.011,0.0,0.0,0.0,0.0,146516.85
1726759,IT,RO,SALEM,TRANS,0.07,8790.951,3,3,8790.951,0.0,0.0,0.0,0.0,125585.014286
1674209,IT,FR,LIQUE,DISTR,0.02,8790.863,3,3,8790.863,0.0,0.0,0.0,0.0,439543.15
1804872,IT,WF,BITU1,WOODW,0.01,8789.963,3,3,8789.963,0.0,0.0,0.0,0.0,878996.3
1772520,IT,CH,RUBBE,PULP5,0.03,8789.579,3,3,8789.579,0.0,0.0,0.0,0.0,292985.966667
1668374,IT,ES,RETA1,NICKE,0.09,8788.974,3,3,8788.974,0.0,0.0,0.0,0.0,97655.266667
1662859,IT,DK,WHOLE,SUGA1,0.08,8788.96,3,3,8788.96,0.0,0.0,0.0,0.0,109862.0
1764348,IT,MX,OFFIC,MEMBE,0.03,8788.872,3,3,8788.872,0.0,0.0,0.0,0.0,292962.4
1642857,IT,AT,MOTO1,COPP1,0.05,8788.859,3,3,8788.859,0.0,0.0,0.0,0.0,175777.18
1679282,IT,GR,HEAVY,FISHF,0.01,8788.828,3,3,8788.828,0.0,0.0,0.0,0.0,878882.8
1676730,IT,FR,RAILW,OILHA,0.06,8788.787,3,3,8788.787,0.0,0.0,0.0,0.0,146479.783333
1767974,IT,RU,COMPU,ELEC4,0.1,8788.224,3,3,8788.224,0.0,0.0,0.0,0.0,87882.24
1737841,IT,GB,PLAST,FOOD5,0.02,8787.936,3,3,8787.936,0.0,0.0,0.0,0.0,439396.8
1745270,IT,JP,MEATP,RUBBE,0.04,8787.716,3,3,8787.716,0.0,0.0,0.0,0.0,219692.9
1709565,IT,LT,WOODW,BUSIN,0.02,8787.606,3,3,8787.606,0.0,0.0,0.0,0.0,439380.3
1794220,IT,WL,PRINT,RAILW,0.08,8787.485,3,3,8787.485,0.0,0.0,0.0,0.0,109843.5625
1648934,IT,BG,WEARI,FABRI,0.07,8787.338,4,4,8787.336,0.0,0.0,0.0,0.002,125533.4
1652882,IT,CZ,COALT,WHOLE,0.01,8787.334,3,3,8787.334,0.0,0.0,0.0,0.0,878733.4
1678717,IT,GR,DAIRY,RETA1,0.04,8787.16,3,3,8787.16,0.0,0.0,0.0,0.0,219679.0
1681723,IT,HR,CRUDE,CRUDE,0.02,8786.558,3,3,8786.558,0.0,0.0,0.0,0.0,439327.9
1729661,IT,SE,FABRI,SECO9,0.04,8786.437,3,3,8786.437,0.0,0.0,0.0,0.0,219660.925
1682672,IT,HR,KEROS,INTER,0.01,8786.238,3,3,8786.238,0.0,0.0,0.0,0.0,878623.8
1746580,IT,JP,PREC1,LEATH,0.01,8785.98,3,3,8785.98,0.0,0.0,0.0,0.0,878598.0
1712707,IT,LV,HOTEL,DIST1,0.06,8785.716,3,3,8785.716,0.0,0.0,0.0,0.0,146428.6
1648299,IT,BE,PUBLI,SUPPO,0.14,8785.475,3,3,8785.475,0.0,0.0,0.0,0.0,62753.392857
1770743,IT,AU,AUXIL,BUSIN,0.16,8784.968,3,3,8784.968,0.0,0.0,0.0,0.0,54906.05
1791495,IT,WA,WHOLE,PRIVA,0.08,8784.845,3,3,8784.845,0.0,0.0,0.0,0.0,109810.5625
1662378,IT,DK,BASIC,RAILW,0.01,8784.558,3,3,8784.558,0.0,0.0,0.0,0.0,878455.8
1684749,IT,HU,VEGET,HEALT,0.03,8784.53,3,3,8784.53,0.0,0.0,0.0,0.0,292817.666667
1669372,IT,ES,INSUR,CEREA,0.18,8784.447,3,3,8784.447,0.0,0.0,0.0,0.0,48802.483333
1791039,IT,WA,TRANS,FORES,0.05,8784.189,3,3,8784.189,0.0,0.0,0.0,0.0,175683.78
1806887,IT,WF,HOTEL,FABRI,0.06,8784.002,3,3,8784.002,0.0,0.0,0.0,0.0,146400.033333
1679594,IT,GR,RUBBE,RETAI,0.03,8783.929,3,3,8783.929,0.0,0.0,0.0,0.0,292797.633333
1732123,IT,SI,GASDI,LIGNI,0.01,8783.3,3,3,8783.3,0.0,0.0,0.0,0.0,878330.0
1722789,IT,PT,PAPER,COPP1,0.03,8783.288,3,3,8783.288,0.0,0.0,0.0,0.0,292776.266667
1778008,IT,TR,OFFIC,VEGET,0.03,8783.07,3,3,8783.07,0.0,0.0,0.0,0.0,292769.0
1720122,IT,PL,LEAD1,DIST1,0.02,8782.948,3,3,8782.948,0.0,0.0,0.0,0.0,439147.4
1648550,IT,BG,CRUDE,REFIN,0.02,8782.912,3,3,8782.912,0.0,0.0,0.0,0.0,439145.6
1741997,IT,US,ADDIT,KEROS,0.02,8782.88,3,3,8782.88,0.0,0.0,0.0,0.0,439144.0
1711988,IT,LV,VEGET,RAILW,0.03,8782.537,3,3,8782.537,0.0,0.0,0.0,0.0,292751.233333
1640666,IT,AT,FISH5,PIGS9,0.04,8781.611,4,4,8781.606,0.0,0.0,0.0,0.005,219540.275
1685374,IT,HU,LEATH,BRICK,0.06,8781.396,4,4,8781.394,0.0,0.0,0.0,0.002,146356.6
1787281,IT,WA,VEGET,RESEA,0.03,8781.093,3,3,8781.093,0.0,0.0,0.0,0.0,292703.1
1739833,IT,GB,FINAN,WEARI,0.11,8780.939,3,3,8780.939,0.0,0.0,0.0,0.0,79826.718182
1753761,IT,CA,FURNI,FOUND,0.03,8780.142,3,3,8780.142,0.0,0.0,0.0,0.0,292671.4
1805797,IT,WF,PREC1,LIQUE,0.01,8779.812,3,3,8779.812,0.0,0.0,0.0,0.0,877981.2
1657816,IT,DE,NONME,ELEC2,0.02,8779.558,3,3,8779.558,0.0,0.0,0.0,0.0,438977.9
1785242,IT,ZA,TEXTI,LIQUE,0.05,8779.241,3,3,8779.241,0.0,0.0,0.0,0.0,175584.82
1749518,IT,CN,PETRO,ELEC5,0.01,8778.459,3,3,8778.459,0.0,0.0,0.0,0.0,877845.9
1792364,IT,WA,FINAN,SUPPO,0.11,8776.179,3,3,8776.179,0.0,0.0,0.0,0.0,79783.445455
1728418,IT,SE,WEARI,FOUND,0.07,8775.809,4,4,8775.807,0.0,0.0,0.0,0.002,125368.7
1767038,IT,RU,FURNI,WHEAT,0.03,8775.514,3,3,8775.514,0.0,0.0,0.0,0.0,292517.133333
1662852,IT,DK,WHOLE,FISHF,0.08,8775.506,3,3,8775.506,0.0,0.0,0.0,0.0,109693.825
1680198,IT,GR,TRANS,DAIRY,0.05,8775.202,3,3,8775.202,0.0,0.0,0.0,0.0,175504.04
1737192,IT,GB,DAIRY,RAILW,0.04,8774.628,3,3,8774.628,0.0,0.0,0.0,0.0,219365.7
1756144,IT,KR,MACHI,COPPE,0.05,8774.399,3,3,8774.399,0.0,0.0,0.0,0.0,175487.98
1726329,IT,RO,ALUM1,TEXTI,0.02,8774.301,3,3,8774.301,0.0,0.0,0.0,0.0,438715.05
1729130,IT,SE,GLASS,SUGA1,0.02,8774.196,3,3,8774.196,0.0,0.0,0.0,0.0,438709.8
1737354,IT,GB,BEVER,AUXIL,0.04,8773.77,3,3,8773.77,0.0,0.0,0.0,0.0,219344.25
1717569,IT,NL,COMPU,MACHI,0.1,8773.656,3,3,8773.656,0.0,0.0,0.0,0.0,87736.56
1787711,IT,WA,VEGE1,NAPHT,0.03,8773.316,4,4,8773.314,0.0,0.0,0.0,0.002,292443.866667
1769369,IT,AU,CERAM,RAWMI,0.01,8773.145,3,3,8773.145,0.0,0.0,0.0,0.0,877314.5
1646589,IT,BE,MOTO1,LEAD1,0.05,8773.012,3,3,8773.012,0.0,0.0,0.0,0.0,175460.24
1776476,IT,TR,MOTOR,BASIC,0.01,8772.858,3,3,8772.858,0.0,0.0,0.0,0.0,877285.8
1674261,IT,FR,BITU1,NONSP,0.01,8771.797,3,3,8771.797,0.0,0.0,0.0,0.0,877179.7
1777189,IT,TR,RUBBE,ANIMA,0.03,8771.599,3,3,8771.599,0.0,0.0,0.0,0.0,292386.633333
1647814,IT,BE,AUXIL,FABRI,0.16,8771.5,3,3,8771.5,0.0,0.0,0.0,0.0,54821.875
1650097,IT,BG,OFFIC,BEVER,0.03,8770.17,3,3,8770.17,0.0,0.0,0.0,0.0,292339.0
1761327,IT,IN,GLASS,COKEO,0.02,8770.126,3,3,8770.126,0.0,0.0,0.0,0.0,438506.3
1786551,IT,ZA,FURNI,ELECT,0.03,8769.64,3,3,8769.64,0.0,0.0,0.0,0.0,292321.333333
1735798,IT,SK,MACHI,CERAM,0.05,8769.527,3,3,8769.527,0.0,0.0,0.0,0.0,175390.54
1756439,IT,KR,CONST,BRICK,0.05,8769.27,3,3,8769.27,0.0,0.0,0.0,0.0,175385.4
1679205,IT,GR,MOTOR,BEVER,0.01,8769.046,3,3,8769.046,0.0,0.0,0.0,0.0,876904.6
1652340,IT,CZ,FISH5,MEATA,0.04,8768.716,4,4,8768.711,0.0,0.0,0.0,0.005,219217.9
1660676,IT,DE,RENTI,CEREA,0.05,8768.7,3,3,8768.7,0.0,0.0,0.0,0.0,175374.0
1711660,IT,LU,COMPU,HOTEL,0.1,8768.486,3,3,8768.486,0.0,0.0,0.0,0.0,87684.86
1747429,IT,JP,LANDT,ELEC4,0.06,8767.974,3,3,8767.974,0.0,0.0,0.0,0.0,146132.9
1763241,IT,MX,WOODW,DISTR,0.02,8767.911,3,3,8767.911,0.0,0.0,0.0,0.0,438395.55
1800045,IT,WE,LIQUE,TOBAC,0.02,8767.835,3,3,8767.835,0.0,0.0,0.0,0.0,438391.75
1762127,IT,IN,RAILW,RAILW,0.06,8767.671,3,3,8767.671,0.0,0.0,0.0,0.0,146127.85
1765866,IT,RU,NONSP,LIQUE,0.01,8767.477,3,3,8767.477,0.0,0.0,0.0,0.0,876747.7
1725849,IT,RO,GASDI,RAWMI,0.01,8766.756,3,3,8766.756,0.0,0.0,0.0,0.0,876675.6
1651497,IT,CY,HEAVY,COLLE,0.01,8766.692,3,3,8766.692,0.0,0.0,0.0,0.0,876669.2
1670315,IT,FI,CHEMI,STEAM,0.02,8766.679,3,3,8766.679,0.0,0.0,0.0,0.0,438333.95
1736895,IT,SK,BUSIN,TRAN2,0.09,8766.607,3,3,8766.607,0.0,0.0,0.0,0.0,97406.744444
1688508,IT,IE,WOODW,PULP5,0.02,8766.263,3,3,8766.263,0.0,0.0,0.0,0.0,438313.15
1680722,IT,GR,RETA1,PRINT,0.09,8766.223,3,3,8766.223,0.0,0.0,0.0,0.0,97402.477778
1790793,IT,WA,MACHI,WHITE,0.05,8766.101,3,3,8766.101,0.0,0.0,0.0,0.0,175322.02
1804561,IT,WF,HEAVY,ANIMA,0.01,8766.026,3,3,8766.026,0.0,0.0,0.0,0.0,876602.6
1787527,IT,WA,CHEMI,LIQUE,0.02,8765.904,3,3,8765.904,0.0,0.0,0.0,0.0,438295.2
1656923,IT,DE,LIQUE,MEATC,0.02,8765.842,3,3,8765.842,0.0,0.0,0.0,0.0,438292.1
1728579,IT,SE,PAPER,FURNI,0.03,8765.76,3,3,8765.76,0.0,0.0,0.0,0.0,292192.0
1767358,IT,RU,RAILW,REALE,0.06,8765.517,3,3,8765.517,0.0,0.0,0.0,0.0,146091.95
1654864,IT,CZ,POSTT,DISTR,0.14,8765.426,3,3,8765.426,0.0,0.0,0.0,0.0,62610.185714
1668345,IT,ES,WHOLE,INTER,0.08,8765.283,3,3,8765.283,0.0,0.0,0.0,0.0,109566.0375
1649413,IT,BG,CHEM1,REFI1,0.02,8764.927,3,3,8764.927,0.0,0.0,0.0,0.0,438246.35
1658807,IT,DE,MOTO1,NONF1,0.05,8764.755,3,3,8764.755,0.0,0.0,0.0,0.0,175295.1
1768635,IT,AU,FISH5,RECRE,0.04,8764.7,4,4,8764.695,0.0,0.0,0.0,0.005,219117.5
1669327,IT,ES,FINAN,CONST,0.11,8764.536,3,3,8764.536,0.0,0.0,0.0,0.0,79677.6
1736372,IT,SK,LANDT,RAWMI,0.06,8764.149,3,3,8764.149,0.0,0.0,0.0,0.0,146069.15
1715877,IT,NL,RUBBE,AUXIL,0.03,8764.011,3,3,8764.011,0.0,0.0,0.0,0.0,292133.7
1745703,IT,JP,WEARI,ANIMA,0.07,8763.645,4,4,8763.643,0.0,0.0,0.0,0.002,125194.928571
1717953,IT,PL,SANDC,NATUR,0.02,8763.45,4,4,8761.45,0.0,0.0,2.0,0.0,438172.5
1723879,IT,PT,FURNI,LEATH,0.03,8763.097,3,3,8763.097,0.0,0.0,0.0,0.0,292103.233333
1731132,IT,SI,NATUR,RUBBE,0.01,8763.024,3,3,8763.024,0.0,0.0,0.0,0.0,876302.4
1717149,IT,NL,INLAN,POSTT,0.01,8762.809,3,3,8762.809,0.0,0.0,0.0,0.0,876280.9
1730054,IT,SE,WHOLE,RENTI,0.08,8762.805,3,3,8762.805,0.0,0.0,0.0,0.0,109535.0625
1783448,IT,NO,TEXT1,ALUM1,0.07,8762.392,3,3,8762.392,0.0,0.0,0.0,0.0,125177.028571
1765302,IT,RU,DAIRY,PUBLI,0.04,8762.245,3,3,8762.245,0.0,0.0,0.0,0.0,219056.125
1723321,IT,PT,NONME,SANDC,0.02,8762.226,3,3,8762.226,0.0,0.0,0.0,0.0,438111.3
1795313,IT,WL,NONME,MEAT1,0.02,8761.97,3,3,8761.97,0.0,0.0,0.0,0.0,438098.5
1642949,IT,AT,FURNI,FOUND,0.03,8761.927,3,3,8761.927,0.0,0.0,0.0,0.0,292064.233333
1742281,IT,US,BRICK,MOTO1,0.01,8761.864,3,3,8761.864,0.0,0.0,0.0,0.0,876186.4
1711761,IT,LU,BUSIN,WASTE,0.09,8761.605,3,3,8761.605,0.0,0.0,0.0,0.0,97351.166667
1814766,IT,WM,FOOD2,REALE,0.05,8761.572,3,3,8761.572,0.0,0.0,0.0,0.0,175231.44
1754645,IT,KR,STONE,RETA1,0.03,8761.282,3,3,8761.282,0.0,0.0,0.0,0.0,292042.733333
1641921,IT,AT,BIODI,PUBLI,0.02,8760.877,3,3,8760.877,0.0,0.0,0.0,0.0,438043.85
1807549,IT,WF,RENTI,REALE,0.05,8760.61,3,3,8760.61,0.0,0.0,0.0,0.0,175212.2
1742286,IT,US,BRICK,COMPU,0.01,8759.534,3,3,8759.534,0.0,0.0,0.0,0.0,875953.4
1738343,IT,GB,BASIC,PLAS1,0.01,8759.256,3,3,8759.256,0.0,0.0,0.0,0.0,875925.6
1673399,IT,FR,WEARI,SUGA1,0.07,8759.135,4,4,8759.133,0.0,0.0,0.0,0.002,125130.5
1679124,IT,GR,PAPER,NONME,0.03,8758.792,3,3,8758.792,0.0,0.0,0.0,0.0,291959.733333
1719916,IT,PL,PREC1,NONSP,0.01,8758.673,3,3,8758.673,0.0,0.0,0.0,0.0,875867.3
1814489,IT,WM,RESEA,PRINT,0.05,8758.466,3,3,8758.466,0.0,0.0,0.0,0.0,175169.32
1743551,IT,US,HOTEL,WOOLS,0.06,8758.206,3,3,8758.206,0.0,0.0,0.0,0.0,145970.1
1795554,IT,WL,LEAD1,BIOGA,0.02,8757.944,3,3,8757.944,0.0,0.0,0.0,0.0,437897.2
1655482,IT,DE,FISHF,BUSIN,0.02,8757.751,3,3,8757.751,0.0,0.0,0.0,0.0,437887.55
1798436,IT,WE,NATUR,COKEO,0.01,8757.579,3,3,8757.579,0.0,0.0,0.0,0.0,875757.9
1780234,IT,TW,RAILW,PUBLI,0.06,8757.292,3,3,8757.292,0.0,0.0,0.0,0.0,145954.866667
1728172,IT,SE,PROCE,MEATP,0.06,8757.056,3,3,8757.056,0.0,0.0,0.0,0.0,145950.933333
1777139,IT,TR,ADDIT,SALEM,0.02,8756.463,3,3,8756.463,0.0,0.0,0.0,0.0,437823.15
1728357,IT,SE,TEXTI,BIODI,0.05,8756.102,3,3,8756.102,0.0,0.0,0.0,0.0,175122.04
1684723,IT,HU,VEGET,CHEM1,0.03,8755.453,3,3,8755.453,0.0,0.0,0.0,0.0,291848.433333
1758605,IT,BR,MOTO1,FINAN,0.05,8755.338,3,3,8755.338,0.0,0.0,0.0,0.0,175106.76
1762926,IT,MX,CHEMI,RESEA,0.02,8755.214,3,3,8755.214,0.0,0.0,0.0,0.0,437760.7
1689713,IT,IE,FINAN,MEATC,0.11,8755.182,3,3,8755.182,0.0,0.0,0.0,0.0,79592.563636
1806000,IT,WF,COPP1,NAPHT,0.02,8754.723,3,3,8754.723,0.0,0.0,0.0,0.0,437736.15
1751689,IT,CN,INSUR,PRINT,0.18,8754.652,3,3,8754.652,0.0,0.0,0.0,0.0,48636.955556
1673475,IT,FR,WEARI,FOOD2,0.07,8754.354,4,4,8754.352,0.0,0.0,0.0,0.002,125062.2
1671631,IT,FI,FURNI,REALE,0.03,8754.026,3,3,8754.026,0.0,0.0,0.0,0.0,291800.866667
1802182,IT,WE,HOTEL,RADIO,0.06,8753.662,3,3,8753.662,0.0,0.0,0.0,0.0,145894.366667
1667223,IT,ES,PREC1,COPP1,0.01,8753.109,3,3,8753.109,0.0,0.0,0.0,0.0,875310.9
1751106,IT,CN,RETA1,CERAM,0.09,8752.914,3,3,8752.914,0.0,0.0,0.0,0.0,97254.6
1647602,IT,BE,POSTT,TRANS,0.14,8752.913,3,3,8752.913,0.0,0.0,0.0,0.0,62520.807143
1728991,IT,SE,ADDIT,POSTT,0.02,8752.877,3,3,8752.877,0.0,0.0,0.0,0.0,437643.85
1656998,IT,DE,LIQUE,FOOD2,0.02,8752.225,3,3,8752.225,0.0,0.0,0.0,0.0,437611.25
1757206,IT,BR,MEAT4,HEALT,0.05,8752.221,3,3,8752.221,0.0,0.0,0.0,0.0,175044.42
1747877,IT,JP,RENTI,ELEC5,0.05,8752.004,3,3,8752.004,0.0,0.0,0.0,0.0,175040.08
1663868,IT,EE,TEXTI,93197,0.05,8751.902,3,3,8751.902,0.0,0.0,0.0,0.0,175038.04
1736411,IT,SK,LANDT,PREC1,0.06,8751.649,3,3,8751.649,0.0,0.0,0.0,0.0,145860.816667
1755293,IT,KR,PAPER,TRAN1,0.03,8751.433,3,3,8751.433,0.0,0.0,0.0,0.0,291714.433333
1657832,IT,DE,NONME,RAILW,0.02,8750.856,3,3,8750.856,0.0,0.0,0.0,0.0,437542.8
1725777,IT,RO,PRINT,ELEC1,0.08,8750.751,3,3,8750.751,0.0,0.0,0.0,0.0,109384.3875
1731235,IT,SI,MEATC,REALE,0.03,8750.738,3,3,8750.738,0.0,0.0,0.0,0.0,291691.266667
1714823,IT,NL,FOOD5,HEAVY,0.04,8750.73,3,3,8750.73,0.0,0.0,0.0,0.0,218768.25
1801282,IT,WE,MACHI,NATU1,0.05,8750.684,3,3,8750.684,0.0,0.0,0.0,0.0,175013.68
1712728,IT,LV,HOTEL,MEMBE,0.06,8750.294,3,3,8750.294,0.0,0.0,0.0,0.0,145838.233333
1748704,IT,CN,FOOD5,RESEA,0.04,8750.162,3,3,8750.162,0.0,0.0,0.0,0.0,218754.05
1671068,IT,FI,RUBBE,ELEC7,0.03,8749.792,3,3,8749.792,0.0,0.0,0.0,0.0,291659.733333
1660143,IT,DE,SUPPO,DAIRY,0.06,8749.774,3,3,8749.774,0.0,0.0,0.0,0.0,145829.566667
1762350,IT,IN,SUPPO,POSTT,0.06,8749.64,3,3,8749.64,0.0,0.0,0.0,0.0,145827.333333
1805575,IT,WF,CEMEN,CHEMI,0.01,8749.341,3,3,8749.341,0.0,0.0,0.0,0.0,874934.1
1763979,IT,MX,ALUM1,TOBAC,0.02,8749.16,3,3,8749.16,0.0,0.0,0.0,0.0,437458.0
1754327,IT,CA,INSUR,NONME,0.18,8749.149,3,3,8749.149,0.0,0.0,0.0,0.0,48606.383333
1683087,IT,HR,RUBBE,MOTOR,0.03,8748.988,3,3,8748.988,0.0,0.0,0.0,0.0,291632.933333
1763425,IT,MX,NAPHT,WEARI,0.01,8748.463,3,3,8748.463,0.0,0.0,0.0,0.0,874846.3
1676024,IT,FR,ELEC5,RECRE,0.11,8748.354,3,3,8748.354,0.0,0.0,0.0,0.0,79530.490909
1647096,IT,BE,HOTEL,BRICK,0.06,8748.2,3,3,8748.2,0.0,0.0,0.0,0.0,145803.333333
1684543,IT,HR,BUSIN,ALUM1,0.09,8748.116,3,3,8748.116,0.0,0.0,0.0,0.0,97201.288889
1792894,IT,WA,HEALT,MEATP,0.05,8747.78,3,3,8747.78,0.0,0.0,0.0,0.0,174955.6
1677789,IT,FR,COMPU,COLLE,0.1,8747.685,3,3,8747.685,0.0,0.0,0.0,0.0,87476.85
1688548,IT,IE,PAPER,RESEA,0.03,8747.182,3,3,8747.182,0.0,0.0,0.0,0.0,291572.733333
1726808,IT,RO,WHOLE,PAPER,0.08,8747.163,3,3,8747.163,0.0,0.0,0.0,0.0,109339.5375
1748196,IT,JP,PAPE1,CHEM1,0.06,8747.094,3,3,8747.094,0.0,0.0,0.0,0.0,145784.9
1666956,IT,ES,CERAM,ELEC3,0.01,8746.938,3,3,8746.938,0.0,0.0,0.0,0.0,874693.8
1735104,IT,SK,CHEM1,RETAI,0.02,8746.839,3,3,8746.839,0.0,0.0,0.0,0.0,437341.95
1671400,IT,FI,FABRI,LEATH,0.04,8746.605,3,3,8746.605,0.0,0.0,0.0,0.0,218665.125
1761467,IT,IN,PREC1,BIOGA,0.01,8745.315,3,3,8745.315,0.0,0.0,0.0,0.0,874531.5
1645713,IT,BE,RUBBE,CATTL,0.03,8745.292,3,3,8745.292,0.0,0.0,0.0,0.0,291509.733333
1774098,IT,CH,WHOLE,NFERT,0.08,8745.28,3,3,8745.28,0.0,0.0,0.0,0.0,109316.0
1797670,IT,WL,PAPE1,REALE,0.06,8745.167,3,3,8745.167,0.0,0.0,0.0,0.0,145752.783333
1690232,IT,IE,BUSIN,EDUCA,0.09,8744.769,3,3,8744.769,0.0,0.0,0.0,0.0,97164.1
1793843,IT,WL,TEXTI,BRICK,0.05,8744.742,3,3,8744.742,0.0,0.0,0.0,0.0,174894.84
1774172,IT,CH,RETA1,SUGAR,0.09,8744.726,3,3,8744.726,0.0,0.0,0.0,0.0,97163.622222
1652041,IT,CZ,VEGET,93197,0.03,8744.72,3,3,8744.72,0.0,0.0,0.0,0.0,291490.666667
1782295,IT,NO,COPP1,FOUND,0.02,8743.87,3,3,8743.87,0.0,0.0,0.0,0.0,437193.5
1795938,IT,WL,MOTO1,MEAT4,0.05,8743.728,3,3,8743.728,0.0,0.0,0.0,0.0,174874.56
1810137,IT,WM,WEARI,PROCE,0.07,8743.502,4,4,8743.5,0.0,0.0,0.0,0.002,124907.171429
1755446,IT,KR,NONSP,KEROS,0.01,8743.399,3,3,8743.399,0.0,0.0,0.0,0.0,874339.9
1646000,IT,BE,NONME,FISH5,0.02,8743.111,3,3,8743.111,0.0,0.0,0.0,0.0,437155.55
1651429,IT,CY,GASDI,MEATA,0.01,8742.424,3,3,8742.424,0.0,0.0,0.0,0.0,874242.4
1796247,IT,WL,CONST,VEGET,0.05,8741.726,3,3,8741.726,0.0,0.0,0.0,0.0,174834.52
1805637,IT,WF,NONME,NFERT,0.02,8741.22,3,3,8741.22,0.0,0.0,0.0,0.0,437061.0
1740111,IT,GB,COMPU,PLAST,0.1,8741.109,3,3,8741.109,0.0,0.0,0.0,0.0,87411.09
1744128,IT,US,SUPPO,ELEC3,0.06,8741.053,3,3,8741.053,0.0,0.0,0.0,0.0,145684.216667
1687336,IT,HU,RETA1,COMPU,0.09,8740.924,3,3,8740.924,0.0,0.0,0.0,0.0,97121.377778
1776314,IT,TR,PAPER,LEAD1,0.03,8740.838,3,3,8740.838,0.0,0.0,0.0,0.0,291361.266667
1779497,IT,TR,RENTI,MEDIC,0.05,8740.825,3,3,8740.825,0.0,0.0,0.0,0.0,174816.5
1782134,IT,NO,CEMEN,OFFIC,0.01,8740.471,3,3,8740.471,0.0,0.0,0.0,0.0,874047.1
1754758,IT,KR,DAIRY,FINAN,0.04,8739.637,3,3,8739.637,0.0,0.0,0.0,0.0,218490.925
1717141,IT,NL,INLAN,FABRI,0.01,8739.347,3,3,8739.347,0.0,0.0,0.0,0.0,873934.7
1764614,IT,MX,WHOLE,93197,0.08,8739.247,3,3,8739.247,0.0,0.0,0.0,0.0,109240.5875
1658897,IT,DE,FURNI,CHEMI,0.03,8739.187,3,3,8739.187,0.0,0.0,0.0,0.0,291306.233333
1678715,IT,GR,DAIRY,CONST,0.04,8738.712,3,3,8738.712,0.0,0.0,0.0,0.0,218467.8
1728256,IT,SE,BEVER,ANIMA,0.04,8738.66,3,3,8738.66,0.0,0.0,0.0,0.0,218466.5
1690116,IT,IE,COMPU,WEARI,0.1,8738.413,3,3,8738.413,0.0,0.0,0.0,0.0,87384.13
1646850,IT,BE,RETAI,HOTEL,0.07,8738.265,3,3,8738.265,0.0,0.0,0.0,0.0,124832.357143
1709940,IT,LT,BASIC,ELEC2,0.01,8738.198,3,3,8738.198,0.0,0.0,0.0,0.0,873819.8
1716710,IT,NL,WHOLE,COMPU,0.08,8737.864,3,3,8737.864,0.0,0.0,0.0,0.0,109223.3
1680653,IT,GR,WHOLE,DAIRY,0.08,8736.795,3,3,8736.795,0.0,0.0,0.0,0.0,109209.9375
1711513,IT,LU,POSTT,RUBBE,0.14,8736.77,3,3,8736.77,0.0,0.0,0.0,0.0,62405.5
1689770,IT,IE,INSUR,PIGS9,0.18,8736.696,3,3,8736.696,0.0,0.0,0.0,0.0,48537.2
1716060,IT,NL,BASIC,POULT,0.01,8736.516,3,3,8736.516,0.0,0.0,0.0,0.0,873651.6
1718654,IT,PL,WOODW,NATUR,0.02,8735.418,3,3,8735.418,0.0,0.0,0.0,0.0,436770.9
1684158,IT,HR,LANDT,BRICK,0.06,8734.849,3,3,8734.849,0.0,0.0,0.0,0.0,145580.816667
1765188,IT,MX,BUSIN,RETAI,0.09,8734.733,3,3,8734.733,0.0,0.0,0.0,0.0,97052.588889
1710800,IT,LU,PULP5,SALEM,0.03,8734.251,3,3,8734.251,0.0,0.0,0.0,0.0,291141.7
1684804,IT,HU,FORES,WHOLE,0.08,8734.24,4,4,8731.24,0.0,3.0,0.0,0.0,109178.0
1737152,IT,GB,VEGE1,BIODI,0.03,8734.074,4,4,8734.072,0.0,0.0,0.0,0.002,291135.8
1711593,IT,LU,FINAN,RESEA,0.11,8733.966,3,3,8733.966,0.0,0.0,0.0,0.0,79399.690909
1769469,IT,AU,BASIC,NICKE,0.01,8733.926,3,3,8733.926,0.0,0.0,0.0,0.0,873392.6
1674829,IT,FR,NONME,MEATA,0.02,8733.766,3,3,8733.766,0.0,0.0,0.0,0.0,436688.3
1714010,IT,MT,RETA1,AIRTR,0.09,8733.72,3,3,8733.72,0.0,0.0,0.0,0.0,97041.333333
1769856,IT,AU,OFFIC,COLLE,0.03,8733.449,3,3,8733.449,0.0,0.0,0.0,0.0,291114.966667
1804907,IT,WF,BITU1,TRAN1,0.01,8732.931,3,3,8732.931,0.0,0.0,0.0,0.0,873293.1
1682140,IT,HR,TEXTI,SECO9,0.05,8732.869,3,3,8732.869,0.0,0.0,0.0,0.0,174657.38
1686518,IT,HU,ALUM1,PIGS9,0.02,8732.545,3,3,8732.545,0.0,0.0,0.0,0.0,436627.25
1737229,IT,GB,PROCE,REALE,0.06,8732.445,3,3,8732.445,0.0,0.0,0.0,0.0,145540.75
1797909,IT,WL,WASTE,REALE,0.03,8732.0,3,3,8732.0,0.0,0.0,0.0,0.0,291066.666667
1733067,IT,SI,COPP1,SUPPO,0.02,8731.941,3,3,8731.941,0.0,0.0,0.0,0.0,436597.05
1769087,IT,AU,PLAST,RADIO,0.02,8731.5,3,3,8731.5,0.0,0.0,0.0,0.0,436575.0
1679852,IT,GR,ALUM1,SEACO,0.02,8731.345,3,3,8731.345,0.0,0.0,0.0,0.0,436567.25
1810317,IT,WM,WOODW,MEATC,0.02,8731.29,3,3,8731.29,0.0,0.0,0.0,0.0,436564.5
1788988,IT,WA,HEAVY,TRAN2,0.01,8731.258,3,3,8731.258,0.0,0.0,0.0,0.0,873125.8
1725799,IT,RO,PRINT,RESEA,0.08,8731.024,3,3,8731.024,0.0,0.0,0.0,0.0,109137.8
1776695,IT,TR,HEAVY,MOTO1,0.01,8730.644,3,3,8730.644,0.0,0.0,0.0,0.0,873064.4
1741920,IT,US,CHEM1,LEAD1,0.02,8730.32,3,3,8730.32,0.0,0.0,0.0,0.0,436516.0
1735390,IT,SK,BASIC,VEGET,0.01,8730.175,3,3,8730.175,0.0,0.0,0.0,0.0,873017.5
1651361,IT,CY,PAPER,CONST,0.03,8729.963,3,3,8729.963,0.0,0.0,0.0,0.0,290998.766667
1762045,IT,IN,WHOLE,RECRE,0.08,8729.927,3,3,8729.927,0.0,0.0,0.0,0.0,109124.0875
1782420,IT,NO,MACHI,PIGS9,0.05,8729.834,3,3,8729.834,0.0,0.0,0.0,0.0,174596.68
1743379,IT,US,SALEM,ELEC1,0.07,8729.597,3,3,8729.597,0.0,0.0,0.0,0.0,124708.528571
1681987,IT,HR,FOOD5,RENTI,0.04,8729.323,3,3,8729.323,0.0,0.0,0.0,0.0,218233.075
1672918,IT,FR,VEGE1,INERT,0.03,8729.275,4,4,8729.273,0.0,0.0,0.0,0.002,290975.833333
1739630,IT,GB,INLAN,MOTOR,0.01,8729.069,3,3,8729.069,0.0,0.0,0.0,0.0,872906.9
1712557,IT,LV,MACHI,FISH5,0.05,8728.851,3,3,8728.851,0.0,0.0,0.0,0.0,174577.02
1771879,IT,CH,WOODW,FOOD2,0.02,8728.327,3,3,8728.327,0.0,0.0,0.0,0.0,436416.35
1655994,IT,DE,FOOD5,FABRI,0.04,8727.205,3,3,8727.205,0.0,0.0,0.0,0.0,218180.125
1798735,IT,WE,SUGA1,FOOD5,0.02,8727.192,3,3,8727.192,0.0,0.0,0.0,0.0,436359.6
1662123,IT,DK,RUBBE,NATUR,0.03,8727.061,3,3,8727.061,0.0,0.0,0.0,0.0,290902.033333
1689226,IT,IE,WHOLE,NATUR,0.08,8727.036,3,3,8727.036,0.0,0.0,0.0,0.0,109087.95
1753841,IT,CA,WHOLE,LANDT,0.08,8726.424,3,3,8726.424,0.0,0.0,0.0,0.0,109080.3
1716246,IT,NL,COPP1,CEMEN,0.02,8726.219,3,3,8726.219,0.0,0.0,0.0,0.0,436310.95
1736277,IT,SK,HOTEL,CEMEN,0.06,8726.103,3,3,8726.103,0.0,0.0,0.0,0.0,145435.05
1730012,IT,SE,SALEM,MEMBE,0.07,8726.089,3,3,8726.089,0.0,0.0,0.0,0.0,124658.414286
1794622,IT,WL,HEAVY,MEMBE,0.01,8725.366,3,3,8725.366,0.0,0.0,0.0,0.0,872536.6
1723996,IT,PT,SALEM,93197,0.07,8724.84,3,3,8724.84,0.0,0.0,0.0,0.0,124640.571429
1686533,IT,HU,ALUM1,SUGA1,0.02,8723.87,3,3,8723.87,0.0,0.0,0.0,0.0,436193.5
1658022,IT,DE,PREC1,CHARC,0.01,8723.766,3,3,8723.766,0.0,0.0,0.0,0.0,872376.6
1682248,IT,HR,LEATH,SANDC,0.06,8723.713,4,4,8723.711,0.0,0.0,0.0,0.002,145395.216667
1731860,IT,SI,PRINT,FABRI,0.08,8722.897,3,3,8722.897,0.0,0.0,0.0,0.0,109036.2125
1719127,IT,PL,PLAST,VEGE1,0.02,8722.521,3,3,8722.521,0.0,0.0,0.0,0.0,436126.05
1796808,IT,WL,TRAN2,INSUR,0.01,8722.438,3,3,8722.438,0.0,0.0,0.0,0.0,872243.8
1652894,IT,CZ,KEROS,WEARI,0.01,8722.317,3,3,8722.317,0.0,0.0,0.0,0.0,872231.7
1772046,IT,CH,PRINT,MEDIC,0.08,8722.007,3,3,8722.007,0.0,0.0,0.0,0.0,109025.0875
1762869,IT,IN,PUBLI,RECRE,0.14,8721.721,3,3,8721.721,0.0,0.0,0.0,0.0,62298.007143
1719431,IT,PL,RUBBE,ELEC7,0.03,8721.488,3,3,8721.488,0.0,0.0,0.0,0.0,290716.266667
1680219,IT,GR,TRANS,CHEM1,0.05,8719.942,3,3,8719.942,0.0,0.0,0.0,0.0,174398.84
1679703,IT,GR,CEMEN,RENTI,0.01,8719.848,3,3,8719.848,0.0,0.0,0.0,0.0,871984.8
1686685,IT,HU,COPP1,BEVER,0.02,8719.165,3,3,8719.165,0.0,0.0,0.0,0.0,435958.25
1808432,IT,WF,FOOD4,IRONO,0.06,8719.132,3,3,8719.132,0.0,0.0,0.0,0.0,145318.866667
1761520,IT,IN,ALUM1,DISTR,0.02,8718.703,3,3,8718.703,0.0,0.0,0.0,0.0,435935.15
1644336,IT,BE,SANDC,CHEMI,0.02,8718.035,4,4,8716.035,0.0,0.0,2.0,0.0,435901.75
1663999,IT,EE,PRINT,PRINT,0.08,8717.907,3,3,8717.907,0.0,0.0,0.0,0.0,108973.8375
1670889,IT,FI,PLAST,LANDT,0.02,8717.643,3,3,8717.643,0.0,0.0,0.0,0.0,435882.15
1662516,IT,DK,COPP1,RADIO,0.02,8717.174,3,3,8717.174,0.0,0.0,0.0,0.0,435858.7
1736902,IT,SK,BUSIN,AUXIL,0.09,8716.129,3,3,8716.129,0.0,0.0,0.0,0.0,96845.877778
1782329,IT,NO,FABRI,POULT,0.04,8715.258,3,3,8715.258,0.0,0.0,0.0,0.0,217881.45
1756907,IT,KR,FINAN,FINAN,0.11,8714.789,3,3,8714.789,0.0,0.0,0.0,0.0,79225.354545
1781950,IT,NO,ADDIT,GASDI,0.02,8714.397,3,3,8714.397,0.0,0.0,0.0,0.0,435719.85
1791085,IT,WA,TRANS,BIOGA,0.05,8713.932,3,3,8713.932,0.0,0.0,0.0,0.0,174278.64
1768478,IT,AU,PROCE,RECRE,0.06,8713.824,3,3,8713.824,0.0,0.0,0.0,0.0,145230.4
1743287,IT,US,FURNI,ELEC1,0.03,8713.777,3,3,8713.777,0.0,0.0,0.0,0.0,290459.233333
1807890,IT,WF,PAPE1,RESEA,0.06,8713.723,3,3,8713.723,0.0,0.0,0.0,0.0,145228.716667
1763884,IT,MX,NONME,LANDT,0.02,8712.536,3,3,8712.536,0.0,0.0,0.0,0.0,435626.8
1681445,IT,GR,RENTI,PAPE4,0.05,8712.486,3,3,8712.486,0.0,0.0,0.0,0.0,174249.72
1741311,IT,US,PAPER,ELEC2,0.03,8712.239,3,3,8712.239,0.0,0.0,0.0,0.0,290407.966667
1640557,IT,AT,FOOD5,ALUM1,0.04,8712.036,3,3,8712.036,0.0,0.0,0.0,0.0,217800.9
1712756,IT,LV,LANDT,PFERT,0.06,8710.813,3,3,8710.813,0.0,0.0,0.0,0.0,145180.216667
1807437,IT,WF,AUXIL,NATUR,0.16,8710.724,3,3,8710.724,0.0,0.0,0.0,0.0,54442.025
1658468,IT,DE,FABRI,BLAST,0.04,8710.56,3,3,8710.56,0.0,0.0,0.0,0.0,217764.0
1728699,IT,SE,MOTOR,WHEAT,0.01,8710.146,3,3,8710.146,0.0,0.0,0.0,0.0,871014.6
1659306,IT,DE,RETAI,FOOD5,0.07,8709.87,3,3,8709.87,0.0,0.0,0.0,0.0,124426.714286
1643381,IT,AT,LANDT,CEREA,0.06,8709.759,3,3,8709.759,0.0,0.0,0.0,0.0,145162.65
1667778,IT,ES,OFFIC,HEAVY,0.03,8709.4,3,3,8709.4,0.0,0.0,0.0,0.0,290313.333333
1648515,IT,BG,CROPS,WOODW,0.07,8709.152,3,3,8709.152,0.0,0.0,0.0,0.0,124416.457143
1769423,IT,AU,CEMEN,COMPU,0.01,8708.973,3,3,8708.973,0.0,0.0,0.0,0.0,870897.3
1666682,IT,ES,BIODI,SANDC,0.02,8708.827,3,3,8708.827,0.0,0.0,0.0,0.0,435441.35
1689341,IT,IE,RETA1,GLASS,0.09,8708.423,3,3,8708.423,0.0,0.0,0.0,0.0,96760.255556
1767147,IT,RU,SALEM,RETAI,0.07,8708.419,3,3,8708.419,0.0,0.0,0.0,0.0,124405.985714
1640297,IT,AT,SANDC,FURNI,0.02,8708.403,4,4,8706.403,0.0,0.0,2.0,0.0,435420.15
1760555,IT,IN,LEATH,FOUND,0.06,8708.384,4,4,8708.382,0.0,0.0,0.0,0.002,145139.733333
1726696,IT,RO,FURNI,FISHF,0.03,8708.258,3,3,8708.258,0.0,0.0,0.0,0.0,290275.266667
1783845,IT,NO,TEXT2,NONF1,0.06,8707.813,3,3,8707.813,0.0,0.0,0.0,0.0,145130.216667
1736903,IT,SK,BUSIN,RENTI,0.09,8707.768,3,3,8707.768,0.0,0.0,0.0,0.0,96752.977778
1745401,IT,JP,VEGE1,PAPE1,0.03,8707.262,4,4,8707.26,0.0,0.0,0.0,0.002,290242.066667
1763412,IT,MX,MOTOR,PUBLI,0.01,8706.883,3,3,8706.883,0.0,0.0,0.0,0.0,870688.3
1771942,IT,CH,PAPER,ALUM1,0.03,8706.727,3,3,8706.727,0.0,0.0,0.0,0.0,290224.233333
1685479,IT,HU,PULP5,FURNI,0.03,8706.705,3,3,8706.705,0.0,0.0,0.0,0.0,290223.5
1649013,IT,BG,WOODW,BEVER,0.02,8706.313,3,3,8706.313,0.0,0.0,0.0,0.0,435315.65
1742605,IT,US,ALUM1,SALEM,0.02,8706.227,3,3,8706.227,0.0,0.0,0.0,0.0,435311.35
1801776,IT,WE,ELEC4,LEATH,0.14,8706.051,3,3,8706.051,0.0,0.0,0.0,0.0,62186.078571
1769416,IT,AU,CEMEN,BASIC,0.01,8705.983,3,3,8705.983,0.0,0.0,0.0,0.0,870598.3
1662681,IT,DK,MACHI,BIOG1,0.05,8705.871,3,3,8705.871,0.0,0.0,0.0,0.0,174117.42
1647300,IT,BE,LANDT,SEWAG,0.06,8705.854,3,3,8705.854,0.0,0.0,0.0,0.0,145097.566667
1648045,IT,BE,COMPU,ELEC5,0.1,8705.452,3,3,8705.452,0.0,0.0,0.0,0.0,87054.52
1651032,IT,BG,POSTT,RETA1,0.14,8705.218,3,3,8705.218,0.0,0.0,0.0,0.0,62180.128571
1663759,IT,EE,FOOD5,RETA1,0.04,8705.177,3,3,8705.177,0.0,0.0,0.0,0.0,217629.425
1772276,IT,CH,NAPHT,FOUND,0.01,8704.245,3,3,8704.245,0.0,0.0,0.0,0.0,870424.5
1716781,IT,NL,RETA1,DIST1,0.09,8703.586,3,3,8703.586,0.0,0.0,0.0,0.0,96706.511111
1677026,IT,FR,SUPPO,MEAT1,0.06,8703.546,3,3,8703.546,0.0,0.0,0.0,0.0,145059.1
1669402,IT,ES,INSUR,CERAM,0.18,8703.484,3,3,8703.484,0.0,0.0,0.0,0.0,48352.688889
1762925,IT,MX,CHEMI,POSTT,0.02,8703.306,3,3,8703.306,0.0,0.0,0.0,0.0,435165.3
1808097,IT,WF,WOOD1,POULT,0.06,8703.216,3,3,8703.216,0.0,0.0,0.0,0.0,145053.6
1776821,IT,TR,NAPHT,RAILW,0.01,8703.187,3,3,8703.187,0.0,0.0,0.0,0.0,870318.7
1752970,IT,CA,CHEM1,SUBBI,0.02,8702.44,3,3,8702.44,0.0,0.0,0.0,0.0,435122.0
1659679,IT,DE,RAILW,DAIRY,0.06,8702.386,3,3,8702.386,0.0,0.0,0.0,0.0,145039.766667
1642980,IT,AT,ELEC4,DISTR,0.14,8702.141,3,3,8702.141,0.0,0.0,0.0,0.0,62158.15
1743759,IT,US,LANDT,WHITE,0.06,8701.707,3,3,8701.707,0.0,0.0,0.0,0.0,145028.45
1670467,IT,FI,BEVER,MEATC,0.04,8700.796,3,3,8700.796,0.0,0.0,0.0,0.0,217519.9
1774441,IT,CH,RAILW,EDUCA,0.06,8700.795,3,3,8700.795,0.0,0.0,0.0,0.0,145013.25
1762987,IT,MX,FOOD5,CHEMI,0.04,8700.71,3,3,8700.71,0.0,0.0,0.0,0.0,217517.75
1801549,IT,WE,TRANS,LIGNI,0.05,8700.431,3,3,8700.431,0.0,0.0,0.0,0.0,174008.62
1738951,IT,GB,FURNI,TEXT2,0.03,8700.418,3,3,8700.418,0.0,0.0,0.0,0.0,290013.933333
1773038,IT,CH,ALUM1,NONF1,0.02,8700.348,3,3,8700.348,0.0,0.0,0.0,0.0,435017.4
1801596,IT,WE,TRANS,ELEC4,0.05,8700.131,3,3,8700.131,0.0,0.0,0.0,0.0,174002.62
1656541,IT,DE,PAPER,TRAN2,0.03,8699.9,3,3,8699.9,0.0,0.0,0.0,0.0,289996.666667
1751701,IT,CN,INSUR,ALUM1,0.18,8699.536,3,3,8699.536,0.0,0.0,0.0,0.0,48330.755556
1672276,IT,FI,RENTI,PLAST,0.05,8699.496,3,3,8699.496,0.0,0.0,0.0,0.0,173989.92
1775931,IT,TR,FOOD5,PFERT,0.04,8699.221,3,3,8699.221,0.0,0.0,0.0,0.0,217480.525
1759688,IT,BR,BUSIN,WHEAT,0.09,8698.715,3,3,8698.715,0.0,0.0,0.0,0.0,96652.388889
1716936,IT,NL,RAILW,NAPHT,0.06,8698.343,3,3,8698.343,0.0,0.0,0.0,0.0,144972.383333
1780232,IT,TW,RAILW,RESEA,0.06,8698.145,3,3,8698.145,0.0,0.0,0.0,0.0,144969.083333
1690531,IT,IE,WOOD2,LIQUE,0.05,8698.06,3,3,8698.06,0.0,0.0,0.0,0.0,173961.2
1795168,IT,WL,RUBBE,SEACO,0.03,8697.915,3,3,8697.915,0.0,0.0,0.0,0.0,289930.5
1776091,IT,TR,WEARI,CONST,0.07,8697.657,4,4,8697.655,0.0,0.0,0.0,0.002,124252.242857
1709661,IT,LT,NONSP,PRINT,0.01,8697.352,3,3,8697.352,0.0,0.0,0.0,0.0,869735.2
1724583,IT,PT,FINAN,BEVER,0.11,8697.175,3,3,8697.175,0.0,0.0,0.0,0.0,79065.227273
1670907,IT,FI,CHEM1,FISHF,0.02,8696.641,3,3,8696.641,0.0,0.0,0.0,0.0,434832.05
1730876,IT,SE,FOODW,REALE,0.06,8696.545,3,3,8696.545,0.0,0.0,0.0,0.0,144942.416667
1805902,IT,WF,ALUM1,SUPPO,0.02,8696.208,3,3,8696.208,0.0,0.0,0.0,0.0,434810.4
1758310,IT,BR,COPP1,PAPER,0.02,8696.199,3,3,8696.199,0.0,0.0,0.0,0.0,434809.95
1740148,IT,GB,COMPU,AIRTR,0.1,8695.562,3,3,8695.562,0.0,0.0,0.0,0.0,86955.62
1721143,IT,PL,RAILW,CEMEN,0.06,8695.493,3,3,8695.493,0.0,0.0,0.0,0.0,144924.883333
1804452,IT,WF,GASDI,WOOLS,0.01,8695.143,3,3,8695.143,0.0,0.0,0.0,0.0,869514.3
1647038,IT,BE,RETA1,FOODW,0.09,8694.893,3,3,8694.893,0.0,0.0,0.0,0.0,96609.922222
1792642,IT,WA,RESEA,VEGE1,0.05,8694.608,3,3,8694.608,0.0,0.0,0.0,0.0,173892.16
1781349,IT,NO,DAIRY,WEARI,0.04,8694.427,3,3,8694.427,0.0,0.0,0.0,0.0,217360.675
1800670,IT,WE,CERAM,INLAN,0.01,8694.405,3,3,8694.405,0.0,0.0,0.0,0.0,869440.5
1714751,IT,NL,DAIRY,SUPPO,0.04,8693.579,3,3,8693.579,0.0,0.0,0.0,0.0,217339.475
1651932,IT,CY,BUSIN,FISH5,0.09,8693.435,3,3,8693.435,0.0,0.0,0.0,0.0,96593.722222
1685992,IT,HU,BIODI,WOODW,0.02,8693.103,3,3,8693.103,0.0,0.0,0.0,0.0,434655.15
1665697,IT,ES,PAPER,PIGS9,0.03,8692.304,3,3,8692.304,0.0,0.0,0.0,0.0,289743.466667
1809111,IT,WM,CROPS,PLAST,0.07,8692.003,3,3,8692.003,0.0,0.0,0.0,0.0,124171.471429
1652775,IT,CZ,PAPER,INTER,0.03,8691.8,3,3,8691.8,0.0,0.0,0.0,0.0,289726.666667
1712576,IT,LV,MACHI,DIST1,0.05,8691.707,3,3,8691.707,0.0,0.0,0.0,0.0,173834.14
1678916,IT,GR,TEXTI,CHEM1,0.05,8691.219,3,3,8691.219,0.0,0.0,0.0,0.0,173824.38
1772002,IT,CH,PRINT,VEGET,0.08,8690.004,3,3,8690.004,0.0,0.0,0.0,0.0,108625.05
1647707,IT,BE,INSUR,KEROS,0.18,8688.94,3,3,8688.94,0.0,0.0,0.0,0.0,48271.888889
1788996,IT,WA,HEAVY,COMPU,0.01,8688.931,3,3,8688.931,0.0,0.0,0.0,0.0,868893.1
1674722,IT,FR,GLASS,TEXT1,0.02,8688.911,3,3,8688.911,0.0,0.0,0.0,0.0,434445.55
1750328,IT,CN,FABRI,SUGAR,0.04,8688.88,3,3,8688.88,0.0,0.0,0.0,0.0,217222.0
1799389,IT,WE,PULP5,POSTT,0.03,8688.79,3,3,8688.79,0.0,0.0,0.0,0.0,289626.333333
1769233,IT,AU,RUBBE,NATU1,0.03,8688.439,3,3,8688.439,0.0,0.0,0.0,0.0,289614.633333
1784351,IT,ID,RUBBE,OFFIC,0.03,8688.436,3,3,8688.436,0.0,0.0,0.0,0.0,289614.533333
1685017,IT,HU,VEGE1,RECRE,0.03,8688.4,4,4,8688.398,0.0,0.0,0.0,0.002,289613.333333
1666444,IT,ES,PARAF,LANDT,0.01,8688.39,3,3,8688.39,0.0,0.0,0.0,0.0,868839.0
1790045,IT,WA,NONME,FOODW,0.02,8688.326,3,3,8688.326,0.0,0.0,0.0,0.0,434416.3
1670618,IT,FI,WEARI,OILHA,0.07,8687.776,4,4,8687.774,0.0,0.0,0.0,0.002,124111.085714
1682226,IT,HR,WEARI,RENTI,0.07,8687.365,4,4,8687.363,0.0,0.0,0.0,0.002,124105.214286
1663071,IT,DK,HOTEL,INERT,0.06,8687.282,3,3,8687.282,0.0,0.0,0.0,0.0,144788.033333
1645157,IT,BE,PRINT,BASIC,0.08,8686.395,3,3,8686.395,0.0,0.0,0.0,0.0,108579.9375
1727513,IT,RO,AUXIL,AUXIL,0.16,8686.369,3,3,8686.369,0.0,0.0,0.0,0.0,54289.80625
1653416,IT,CZ,BRICK,REALE,0.01,8686.127,3,3,8686.127,0.0,0.0,0.0,0.0,868612.7
1718707,IT,PL,WOODW,EDUCA,0.02,8685.771,3,3,8685.771,0.0,0.0,0.0,0.0,434288.55
1727435,IT,RO,FINAN,EDUCA,0.11,8685.766,3,3,8685.766,0.0,0.0,0.0,0.0,78961.509091
1689385,IT,IE,RETA1,EDUCA,0.09,8685.725,3,3,8685.725,0.0,0.0,0.0,0.0,96508.055556
1716204,IT,NL,ALUM1,LANDT,0.02,8685.675,3,3,8685.675,0.0,0.0,0.0,0.0,434283.75
1781424,IT,NO,FOOD5,CERAM,0.04,8685.551,3,3,8685.551,0.0,0.0,0.0,0.0,217138.775
1678927,IT,GR,TEXTI,ELECT,0.05,8684.804,3,3,8684.804,0.0,0.0,0.0,0.0,173696.08
1806699,IT,WF,WHOLE,PAPER,0.08,8684.461,3,3,8684.461,0.0,0.0,0.0,0.0,108555.7625
1765689,IT,RU,PAPER,MACHI,0.03,8684.29,3,3,8684.29,0.0,0.0,0.0,0.0,289476.333333
1668052,IT,ES,FURNI,COLLE,0.03,8684.22,3,3,8684.22,0.0,0.0,0.0,0.0,289474.0
1644547,IT,BE,PROCE,MOTOR,0.06,8684.157,3,3,8684.157,0.0,0.0,0.0,0.0,144735.95
1685719,IT,HU,PARAF,MOTO1,0.01,8683.999,3,3,8683.999,0.0,0.0,0.0,0.0,868399.9
1780758,IT,TW,RENTI,KEROS,0.05,8683.283,3,3,8683.283,0.0,0.0,0.0,0.0,173665.66
1799398,IT,WE,PULP5,93197,0.03,8683.131,3,3,8683.131,0.0,0.0,0.0,0.0,289437.7
1655937,IT,DE,PROCE,BUSIN,0.06,8683.004,3,3,8683.004,0.0,0.0,0.0,0.0,144716.733333
1674735,IT,FR,GLASS,MEMBE,0.02,8682.936,3,3,8682.936,0.0,0.0,0.0,0.0,434146.8
1684137,IT,HR,LANDT,MEAT1,0.06,8682.564,3,3,8682.564,0.0,0.0,0.0,0.0,144709.4
1654498,IT,CZ,HOTEL,PAPER,0.06,8682.414,3,3,8682.414,0.0,0.0,0.0,0.0,144706.9
1781646,IT,NO,LEATH,PLAST,0.06,8681.749,4,4,8681.747,0.0,0.0,0.0,0.002,144695.816667
1795454,IT,WL,PREC1,GLASS,0.01,8681.639,3,3,8681.639,0.0,0.0,0.0,0.0,868163.9
1732125,IT,SI,GASDI,SANDC,0.01,8681.518,3,3,8681.518,0.0,0.0,0.0,0.0,868151.8
1665857,IT,ES,PRINT,ELEC5,0.08,8681.385,3,3,8681.385,0.0,0.0,0.0,0.0,108517.3125
1744785,IT,US,RESEA,PREC1,0.05,8680.762,3,3,8680.762,0.0,0.0,0.0,0.0,173615.24
1664933,IT,ES,STONE,PLAST,0.03,8680.633,3,3,8680.633,0.0,0.0,0.0,0.0,289354.433333
1736849,IT,SK,BUSIN,LEATH,0.09,8680.541,3,3,8680.541,0.0,0.0,0.0,0.0,96450.455556
1748408,IT,CN,WOOLS,BIOGA,0.03,8680.169,3,3,8680.169,0.0,0.0,0.0,0.0,289338.966667
1753942,IT,CA,LANDT,CRUDE,0.06,8680.007,3,3,8680.007,0.0,0.0,0.0,0.0,144666.783333
1676324,IT,FR,RETAI,NONME,0.07,8679.963,3,3,8679.963,0.0,0.0,0.0,0.0,123999.471429
1658048,IT,DE,PREC1,SECO9,0.01,8679.282,3,3,8679.282,0.0,0.0,0.0,0.0,867928.2
1766356,IT,RU,NONME,PAPE4,0.02,8679.216,3,3,8679.216,0.0,0.0,0.0,0.0,433960.8
1724556,IT,PT,POSTT,REALE,0.14,8679.027,3,3,8679.027,0.0,0.0,0.0,0.0,61993.05
1777322,IT,TR,GLASS,PFERT,0.02,8678.435,3,3,8678.435,0.0,0.0,0.0,0.0,433921.75
1713779,IT,MT,MOTO1,POSTT,0.05,8678.365,3,3,8678.365,0.0,0.0,0.0,0.0,173567.3
1683323,IT,HR,NONME,WEARI,0.02,8678.342,3,3,8678.342,0.0,0.0,0.0,0.0,433917.1
1772255,IT,CH,HEAVY,HEALT,0.01,8678.089,3,3,8678.089,0.0,0.0,0.0,0.0,867808.9
1753703,IT,CA,TRANS,FISHF,0.05,8678.08,3,3,8678.08,0.0,0.0,0.0,0.0,173561.6
1711858,IT,LU,PLAS1,FABRI,0.03,8677.595,3,3,8677.595,0.0,0.0,0.0,0.0,289253.166667
1666853,IT,ES,GLASS,LEATH,0.02,8677.526,3,3,8677.526,0.0,0.0,0.0,0.0,433876.3
1652731,IT,CZ,PAPER,LEAD1,0.03,8677.389,3,3,8677.389,0.0,0.0,0.0,0.0,289246.3
1810256,IT,WM,LEATH,BASIC,0.06,8677.356,4,4,8677.354,0.0,0.0,0.0,0.002,144622.6
1709347,IT,LT,DAIRY,RETA1,0.04,8677.268,3,3,8677.268,0.0,0.0,0.0,0.0,216931.7
1651686,IT,CY,FABRI,PIGS9,0.04,8677.015,3,3,8677.015,0.0,0.0,0.0,0.0,216925.375
1746777,IT,JP,MACHI,FISH5,0.05,8676.679,3,3,8676.679,0.0,0.0,0.0,0.0,173533.58
1673180,IT,FR,BEVER,COLLE,0.04,8676.112,3,3,8676.112,0.0,0.0,0.0,0.0,216902.8
1789643,IT,WA,RUBBE,BITU1,0.03,8676.088,3,3,8676.088,0.0,0.0,0.0,0.0,289202.933333
1748610,IT,CN,DAIRY,WHEAT,0.04,8676.051,3,3,8676.051,0.0,0.0,0.0,0.0,216901.275
1808407,IT,WF,WASTE,RESEA,0.03,8675.745,3,3,8675.745,0.0,0.0,0.0,0.0,289191.5
1688129,IT,HU,BUSIN,MOTOR,0.09,8675.153,3,3,8675.153,0.0,0.0,0.0,0.0,96390.588889
1725140,IT,RO,MEATP,MEATC,0.04,8674.878,3,3,8674.878,0.0,0.0,0.0,0.0,216871.95
1810014,IT,WM,TEXTI,COPPE,0.05,8674.607,3,3,8674.607,0.0,0.0,0.0,0.0,173492.14
1717208,IT,NL,SUPPO,ELEC2,0.06,8674.592,3,3,8674.592,0.0,0.0,0.0,0.0,144576.533333
1771683,IT,CH,WEARI,FINAN,0.07,8674.494,4,4,8674.492,0.0,0.0,0.0,0.002,123921.342857
1731929,IT,SI,MOTOR,ELECT,0.01,8674.432,3,3,8674.432,0.0,0.0,0.0,0.0,867443.2
1775407,IT,CH,PUBLI,FINAN,0.14,8674.377,3,3,8674.377,0.0,0.0,0.0,0.0,61959.835714
1782008,IT,NO,RUBBE,FURNI,0.03,8674.33,3,3,8674.33,0.0,0.0,0.0,0.0,289144.333333
1800448,IT,WE,BIODI,FINAN,0.02,8673.719,3,3,8673.719,0.0,0.0,0.0,0.0,433685.95
1734329,IT,SI,BUSIN,RAILW,0.09,8673.596,3,3,8673.596,0.0,0.0,0.0,0.0,96373.288889
1715150,IT,NL,LEATH,LANDT,0.06,8673.585,4,4,8673.583,0.0,0.0,0.0,0.002,144559.75
1802578,IT,WE,FINAN,AIRTR,0.11,8673.26,3,3,8673.26,0.0,0.0,0.0,0.0,78847.818182
1802591,IT,WE,FINAN,MEMBE,0.11,8673.117,3,3,8673.117,0.0,0.0,0.0,0.0,78846.518182
1643191,IT,AT,HOTEL,MEAT1,0.06,8672.972,3,3,8672.972,0.0,0.0,0.0,0.0,144549.533333
1796257,IT,WL,CONST,TOBAC,0.05,8672.577,3,3,8672.577,0.0,0.0,0.0,0.0,173451.54
1808698,IT,WF,INERT,RECRE,0.06,8672.524,3,3,8672.524,0.0,0.0,0.0,0.0,144542.066667
1653350,IT,CZ,GLASS,RADIO,0.02,8672.013,3,3,8672.013,0.0,0.0,0.0,0.0,433600.65
1641288,IT,AT,MOTOR,INLAN,0.01,8671.942,3,3,8671.942,0.0,0.0,0.0,0.0,867194.2
1749937,IT,CN,GLASS,SECO9,0.02,8671.704,3,3,8671.704,0.0,0.0,0.0,0.0,433585.2
1685945,IT,HU,CHEM1,PLAS2,0.02,8671.553,3,3,8671.553,0.0,0.0,0.0,0.0,433577.65
1722370,IT,PT,SANDC,STONE,0.02,8671.339,4,4,8669.339,0.0,0.0,2.0,0.0,433566.95
1792541,IT,WA,REALE,RECRE,0.37,8670.972,3,3,8670.972,0.0,0.0,0.0,0.0,23435.059459
1667356,IT,ES,LEAD1,ELEC4,0.02,8670.644,3,3,8670.644,0.0,0.0,0.0,0.0,433532.2
1799722,IT,WE,AVIAT,SUPPO,0.02,8670.207,3,3,8670.207,0.0,0.0,0.0,0.0,433510.35
1784663,IT,ID,OFFIC,CONST,0.03,8670.021,3,3,8670.021,0.0,0.0,0.0,0.0,289000.7
1791750,IT,WA,RAILW,BASIC,0.06,8669.661,3,3,8669.661,0.0,0.0,0.0,0.0,144494.35
1710810,IT,LU,PAPER,DAIRY,0.03,8669.297,3,3,8669.297,0.0,0.0,0.0,0.0,288976.566667
1787767,IT,WA,DAIRY,STONE,0.04,8668.781,3,3,8668.781,0.0,0.0,0.0,0.0,216719.525
1649293,IT,BG,NAPHT,ADDIT,0.01,8667.406,3,3,8667.406,0.0,0.0,0.0,0.0,866740.6
1797806,IT,WL,OILHA,REALE,0.05,8667.244,3,3,8667.244,0.0,0.0,0.0,0.0,173344.88
1687131,IT,HU,TRANS,RESEA,0.05,8666.557,3,3,8666.557,0.0,0.0,0.0,0.0,173331.14
1640388,IT,AT,MEAT1,DIST1,0.04,8666.534,3,3,8666.534,0.0,0.0,0.0,0.0,216663.35
1721163,IT,PL,RAILW,HOTEL,0.06,8666.231,3,3,8666.231,0.0,0.0,0.0,0.0,144437.183333
1803956,IT,WF,LEATH,CROPS,0.06,8666.086,3,3,8666.086,0.0,0.0,0.0,0.0,144434.766667
1717807,IT,NL,FOOD2,FOUND,0.05,8666.079,3,3,8666.079,0.0,0.0,0.0,0.0,173321.58
1715496,IT,NL,KERO1,LIQUE,0.01,8665.968,3,3,8665.968,0.0,0.0,0.0,0.0,866596.8
1735569,IT,SK,ALUM1,COLLE,0.02,8665.306,3,3,8665.306,0.0,0.0,0.0,0.0,433265.3
1715875,IT,NL,RUBBE,FINAN,0.03,8664.599,3,3,8664.599,0.0,0.0,0.0,0.0,288819.966667
1800964,IT,WE,ALUM1,REFIN,0.02,8664.593,3,3,8664.593,0.0,0.0,0.0,0.0,433229.65
1746090,IT,JP,PRINT,DISTR,0.08,8663.59,3,3,8663.59,0.0,0.0,0.0,0.0,108294.875
1777372,IT,TR,GLASS,93197,0.02,8663.564,3,3,8663.564,0.0,0.0,0.0,0.0,433178.2
1683500,IT,HR,PREC1,WASTE,0.01,8663.157,3,3,8663.157,0.0,0.0,0.0,0.0,866315.7
1664239,IT,EE,NONME,MOTO1,0.02,8662.965,3,3,8662.965,0.0,0.0,0.0,0.0,433148.25
1713716,IT,MT,MACHI,PRINT,0.05,8662.552,3,3,8662.552,0.0,0.0,0.0,0.0,173251.04
1761032,IT,IN,PLAST,HEAVY,0.02,8662.551,3,3,8662.551,0.0,0.0,0.0,0.0,433127.55
1742278,IT,US,BRICK,MACHI,0.01,8662.091,3,3,8662.091,0.0,0.0,0.0,0.0,866209.1
1732272,IT,SI,LIQUE,POSTT,0.02,8661.051,3,3,8661.051,0.0,0.0,0.0,0.0,433052.55
1683004,IT,HR,CHEM1,PFERT,0.02,8660.736,3,3,8660.736,0.0,0.0,0.0,0.0,433036.8
1752202,IT,CN,PUBLI,RETAI,0.14,8660.046,3,3,8660.046,0.0,0.0,0.0,0.0,61857.471429
1751968,IT,CN,RESEA,FOOD5,0.05,8659.978,3,3,8659.978,0.0,0.0,0.0,0.0,173199.56
1806387,IT,WF,MOTO1,ELECT,0.05,8659.75,3,3,8659.75,0.0,0.0,0.0,0.0,173195.0
1784342,IT,ID,RUBBE,GASDI,0.03,8659.587,3,3,8659.587,0.0,0.0,0.0,0.0,288652.9
1710390,IT,LT,HOTEL,HOTEL,0.06,8659.303,3,3,8659.303,0.0,0.0,0.0,0.0,144321.716667
1658568,IT,DE,MACHI,WHITE,0.05,8658.69,3,3,8658.69,0.0,0.0,0.0,0.0,173173.8
1642522,IT,AT,COPP1,CEMEN,0.02,8658.609,3,3,8658.609,0.0,0.0,0.0,0.0,432930.45
1790595,IT,WA,FABRI,CATTL,0.04,8658.445,3,3,8658.445,0.0,0.0,0.0,0.0,216461.125
1785655,IT,ZA,HEAVY,FABRI,0.01,8658.266,3,3,8658.266,0.0,0.0,0.0,0.0,865826.6
1688386,IT,IE,FOOD5,BEVER,0.04,8657.998,3,3,8657.998,0.0,0.0,0.0,0.0,216449.95
1808626,IT,WF,PLAS2,INSUR,0.07,8656.949,3,3,8656.949,0.0,0.0,0.0,0.0,123670.7
1658821,IT,DE,MOTO1,ELEC4,0.05,8656.907,3,3,8656.907,0.0,0.0,0.0,0.0,173138.14
1672091,IT,FI,SUPPO,BUSIN,0.06,8656.865,3,3,8656.865,0.0,0.0,0.0,0.0,144281.083333
1786789,IT,ZA,HOTEL,PFERT,0.06,8656.692,3,3,8656.692,0.0,0.0,0.0,0.0,144278.2
1688826,IT,IE,NONME,CHEM1,0.02,8656.682,3,3,8656.682,0.0,0.0,0.0,0.0,432834.1
1781986,IT,NO,RUBBE,PAPER,0.03,8656.618,3,3,8656.618,0.0,0.0,0.0,0.0,288553.933333
1650143,IT,BG,MOTO1,TEXTI,0.05,8655.301,3,3,8655.301,0.0,0.0,0.0,0.0,173106.02
1813050,IT,WM,OFFIC,NAPHT,0.03,8655.267,3,3,8655.267,0.0,0.0,0.0,0.0,288508.9
1811028,IT,WM,HEAVY,RAWMI,0.01,8654.558,3,3,8654.558,0.0,0.0,0.0,0.0,865455.8
1642961,IT,AT,FURNI,LANDT,0.03,8654.006,3,3,8654.006,0.0,0.0,0.0,0.0,288466.866667
1771421,IT,CH,FOOD5,LANDT,0.04,8653.719,3,3,8653.719,0.0,0.0,0.0,0.0,216342.975
1680137,IT,GR,OFFIC,POSTT,0.03,8653.336,3,3,8653.336,0.0,0.0,0.0,0.0,288444.533333
1756853,IT,KR,POSTT,OFFIC,0.14,8653.217,3,3,8653.217,0.0,0.0,0.0,0.0,61808.692857
1762963,IT,MX,DAIRY,STONE,0.04,8653.167,3,3,8653.167,0.0,0.0,0.0,0.0,216329.175
1713358,IT,MT,GASDI,AIRTR,0.01,8653.08,3,3,8653.08,0.0,0.0,0.0,0.0,865308.0
1813621,IT,WM,RETA1,POULT,0.09,8652.668,3,3,8652.668,0.0,0.0,0.0,0.0,96140.755556
1655245,IT,CZ,RECRE,HOTEL,0.11,8652.395,3,3,8652.395,0.0,0.0,0.0,0.0,78658.136364
1672618,IT,FR,FISHF,DISTR,0.01,8652.368,3,3,8652.368,0.0,0.0,0.0,0.0,865236.8
1781656,IT,NO,LEATH,TRANS,0.06,8652.159,3,3,8652.159,0.0,0.0,0.0,0.0,144202.65
1716266,IT,NL,COPP1,PUBLI,0.02,8651.917,3,3,8651.917,0.0,0.0,0.0,0.0,432595.85
1754656,IT,KR,SANDC,MACHI,0.02,8651.538,4,4,8649.538,0.0,0.0,2.0,0.0,432576.9
1781174,IT,TW,WOOD2,PUBLI,0.05,8651.306,3,3,8651.306,0.0,0.0,0.0,0.0,173026.12
1716236,IT,NL,LEAD1,BUSIN,0.02,8650.816,3,3,8650.816,0.0,0.0,0.0,0.0,432540.8
1656777,IT,DE,KEROS,93197,0.01,8650.776,3,3,8650.776,0.0,0.0,0.0,0.0,865077.6
1683023,IT,HR,CHEM1,DIST1,0.02,8649.995,3,3,8649.995,0.0,0.0,0.0,0.0,432499.75
1670355,IT,FI,VEGE1,RESEA,0.03,8649.942,4,4,8649.94,0.0,0.0,0.0,0.002,288331.4
1737043,IT,GB,SANDC,PLAST,0.02,8649.754,4,4,8647.754,0.0,0.0,2.0,0.0,432487.7
1713566,IT,MT,CEMEN,RADIO,0.01,8649.369,3,3,8649.369,0.0,0.0,0.0,0.0,864936.9
1720787,IT,PL,TRANS,HEALT,0.05,8649.286,3,3,8649.286,0.0,0.0,0.0,0.0,172985.72
1752243,IT,CA,CROPS,CATTL,0.07,8648.826,3,3,8648.826,0.0,0.0,0.0,0.0,123554.657143
1770101,IT,AU,WHOLE,MACHI,0.07,8648.449,3,3,8648.449,0.0,0.0,0.0,0.0,123549.271429
1795010,IT,WL,ADDIT,CEREA,0.02,8648.28,3,3,8648.28,0.0,0.0,0.0,0.0,432414.0
1721070,IT,PL,HOTEL,COLLE,0.06,8648.276,3,3,8648.276,0.0,0.0,0.0,0.0,144137.933333
1731373,IT,SI,SUGA1,RESEA,0.02,8648.014,3,3,8648.014,0.0,0.0,0.0,0.0,432400.7
1731639,IT,SI,LEATH,HOTEL,0.06,8647.765,3,3,8647.765,0.0,0.0,0.0,0.0,144129.416667
1646969,IT,BE,RETA1,VEGET,0.09,8647.63,3,3,8647.63,0.0,0.0,0.0,0.0,96084.777778
1738817,IT,GB,MOTO1,BASIC,0.05,8647.469,3,3,8647.469,0.0,0.0,0.0,0.0,172949.38
1739629,IT,GB,INLAN,CRUDE,0.01,8647.439,3,3,8647.439,0.0,0.0,0.0,0.0,864743.9
1752168,IT,CN,PUBLI,BITUM,0.14,8646.938,3,3,8646.938,0.0,0.0,0.0,0.0,61763.842857
1682224,IT,HR,WEARI,FINAN,0.07,8646.585,4,4,8646.583,0.0,0.0,0.0,0.002,123522.642857
1687380,IT,HU,HOTEL,CEMEN,0.06,8646.301,3,3,8646.301,0.0,0.0,0.0,0.0,144105.016667
1744433,IT,US,AUXIL,NONME,0.16,8645.92,3,3,8645.92,0.0,0.0,0.0,0.0,54037.0
1684874,IT,HU,SANDC,WOODW,0.02,8645.413,4,4,8643.413,0.0,0.0,2.0,0.0,432270.65
1760509,IT,IN,WEARI,LEATH,0.07,8645.263,4,4,8645.261,0.0,0.0,0.0,0.002,123503.757143
1674199,IT,FR,LIQUE,COPP1,0.02,8645.187,3,3,8645.187,0.0,0.0,0.0,0.0,432259.35
1684903,IT,HU,CHEMI,WHEAT,0.02,8645.11,3,3,8645.11,0.0,0.0,0.0,0.0,432255.5
1725863,IT,RO,GASDI,REALE,0.01,8644.817,3,3,8644.817,0.0,0.0,0.0,0.0,864481.7
1640667,IT,AT,FISH5,POULT,0.04,8644.652,4,4,8644.648,0.0,0.0,0.0,0.004,216116.3
1807896,IT,WF,PAPE1,RECRE,0.06,8644.086,3,3,8644.086,0.0,0.0,0.0,0.0,144068.1
1664525,IT,EE,FURNI,TEXTI,0.03,8642.943,3,3,8642.943,0.0,0.0,0.0,0.0,288098.1
1717853,IT,PL,VEGET,WEARI,0.03,8642.829,3,3,8642.829,0.0,0.0,0.0,0.0,288094.3
1754316,IT,CA,INSUR,PAPER,0.18,8642.034,3,3,8642.034,0.0,0.0,0.0,0.0,48011.3
1771843,IT,CH,WOODW,MEDIC,0.02,8641.47,3,3,8641.47,0.0,0.0,0.0,0.0,432073.5
1728548,IT,SE,PAPER,MEAT4,0.03,8640.551,3,3,8640.551,0.0,0.0,0.0,0.0,288018.366667
1728286,IT,SE,BEVER,CEMEN,0.04,8640.479,3,3,8640.479,0.0,0.0,0.0,0.0,216011.975
1719018,IT,PL,GASDI,RAWMI,0.01,8640.479,3,3,8640.479,0.0,0.0,0.0,0.0,864047.9
1796637,IT,WL,HOTEL,MEDIC,0.06,8640.465,3,3,8640.465,0.0,0.0,0.0,0.0,144007.75
1671552,IT,FI,OFFIC,REALE,0.03,8639.48,3,3,8639.48,0.0,0.0,0.0,0.0,287982.666667
1800168,IT,WE,NONSP,TRANS,0.01,8639.467,3,3,8639.467,0.0,0.0,0.0,0.0,863946.7
1755269,IT,KR,PAPER,ADDIT,0.03,8639.32,3,3,8639.32,0.0,0.0,0.0,0.0,287977.333333
1779255,IT,TR,FINAN,PRINT,0.11,8639.197,3,3,8639.197,0.0,0.0,0.0,0.0,78538.154545
1772472,IT,CH,BIOGA,REALE,0.02,8638.938,3,3,8638.938,0.0,0.0,0.0,0.0,431946.9
1642291,IT,AT,NONME,INTER,0.02,8638.002,3,3,8638.002,0.0,0.0,0.0,0.0,431900.1
1740612,IT,US,FISHF,FOOD5,0.01,8637.64,3,3,8637.64,0.0,0.0,0.0,0.0,863764.0
1713888,IT,MT,ELEC5,CERAM,0.1,8637.543,3,3,8637.543,0.0,0.0,0.0,0.0,86375.43
1650579,IT,BG,ELEC8,WOODW,0.11,8636.811,3,3,8636.811,0.0,0.0,0.0,0.0,78516.463636
1715489,IT,NL,KEROS,EDUCA,0.01,8636.719,3,3,8636.719,0.0,0.0,0.0,0.0,863671.9
1719081,IT,PL,PARAF,INSUR,0.01,8636.522,3,3,8636.522,0.0,0.0,0.0,0.0,863652.2
1754654,IT,KR,SANDC,PULP5,0.02,8636.402,4,4,8634.402,0.0,0.0,2.0,0.0,431820.1
1656288,IT,DE,LEATH,WOODW,0.06,8636.132,3,3,8636.132,0.0,0.0,0.0,0.0,143935.533333
1717529,IT,NL,RENTI,RUBBE,0.05,8636.126,3,3,8636.126,0.0,0.0,0.0,0.0,172722.52
1715325,IT,NL,PAPER,INTER,0.03,8636.112,3,3,8636.112,0.0,0.0,0.0,0.0,287870.4
1725146,IT,RO,MEATP,PROCE,0.03,8636.023,3,3,8636.023,0.0,0.0,0.0,0.0,287867.433333
1643531,IT,AT,TRAN2,RETA1,0.01,8635.933,3,3,8635.933,0.0,0.0,0.0,0.0,863593.3
1801801,IT,WE,ELEC5,VEGET,0.1,8635.049,3,3,8635.049,0.0,0.0,0.0,0.0,86350.49
1640913,IT,AT,LEATH,AUXIL,0.06,8633.925,3,3,8633.925,0.0,0.0,0.0,0.0,143898.75
1754854,IT,KR,BEVER,AIRTR,0.04,8633.855,3,3,8633.855,0.0,0.0,0.0,0.0,215846.375
1807850,IT,WF,PAPE1,NONFE,0.06,8632.806,3,3,8632.806,0.0,0.0,0.0,0.0,143880.1
1763408,IT,MX,MOTOR,GASDI,0.01,8632.759,3,3,8632.759,0.0,0.0,0.0,0.0,863275.9
1808011,IT,WF,INTER,IRONO,0.05,8632.259,3,3,8632.259,0.0,0.0,0.0,0.0,172645.18
1732084,IT,SI,KERO1,MACHI,0.01,8632.117,3,3,8632.117,0.0,0.0,0.0,0.0,863211.7
1798095,IT,WL,93197,RETA1,0.06,8631.765,3,3,8631.765,0.0,0.0,0.0,0.0,143862.75
1734927,IT,SK,MOTOR,MOTOR,0.01,8631.599,3,3,8631.599,0.0,0.0,0.0,0.0,863159.9
1736471,IT,SK,TRAN2,COKEO,0.01,8631.571,3,3,8631.571,0.0,0.0,0.0,0.0,863157.1
1709873,IT,LT,CERAM,CROPS,0.01,8630.985,3,3,8630.985,0.0,0.0,0.0,0.0,863098.5
1786183,IT,ZA,PREC1,RADIO,0.01,8630.14,3,3,8630.14,0.0,0.0,0.0,0.0,863014.0
1647189,IT,BE,RAILW,BUSIN,0.06,8629.984,3,3,8629.984,0.0,0.0,0.0,0.0,143833.066667
1656957,IT,DE,LIQUE,ELECT,0.02,8629.729,3,3,8629.729,0.0,0.0,0.0,0.0,431486.45
1778424,IT,TR,WHOLE,WOODW,0.07,8629.606,3,3,8629.606,0.0,0.0,0.0,0.0,123280.085714
1755834,IT,KR,BRICK,REALE,0.01,8629.441,3,3,8629.441,0.0,0.0,0.0,0.0,862944.1
1652861,IT,CZ,COALT,BKBPE,0.01,8628.999,3,3,8628.999,0.0,0.0,0.0,0.0,862899.9
1668008,IT,ES,FURNI,FISHF,0.03,8628.853,3,3,8628.853,0.0,0.0,0.0,0.0,287628.433333
1783514,IT,NO,OILHA,FOUND,0.05,8628.506,3,3,8628.506,0.0,0.0,0.0,0.0,172570.12
1651983,IT,CZ,CEREA,CEREA,0.01,8628.505,3,3,8628.505,0.0,0.0,0.0,0.0,862850.5
1654493,IT,CZ,HOTEL,TEXTI,0.06,8628.341,3,3,8628.341,0.0,0.0,0.0,0.0,143805.683333
1659439,IT,DE,WHOLE,STEAM,0.07,8628.25,3,3,8628.25,0.0,0.0,0.0,0.0,123260.714286
1751532,IT,CN,SUPPO,COMPU,0.06,8628.205,3,3,8628.205,0.0,0.0,0.0,0.0,143803.416667
1781189,IT,NO,VEGET,NATUR,0.03,8628.141,3,3,8628.141,0.0,0.0,0.0,0.0,287604.7
1758958,IT,BR,RAILW,REALE,0.06,8627.595,3,3,8627.595,0.0,0.0,0.0,0.0,143793.25
1801630,IT,WE,FURNI,FORES,0.03,8627.56,3,3,8627.56,0.0,0.0,0.0,0.0,287585.333333
1718890,IT,PL,PRINT,MEATP,0.08,8627.44,3,3,8627.44,0.0,0.0,0.0,0.0,107843.0
1673840,IT,FR,PRINT,ELEC3,0.08,8627.287,3,3,8627.287,0.0,0.0,0.0,0.0,107841.0875
1731547,IT,SI,TEXTI,FOOD5,0.05,8627.075,3,3,8627.075,0.0,0.0,0.0,0.0,172541.5
1674848,IT,FR,NONME,NUCLE,0.02,8626.143,3,3,8626.143,0.0,0.0,0.0,0.0,431307.15
1720949,IT,PL,WHOLE,TEXTI,0.07,8625.918,3,3,8625.918,0.0,0.0,0.0,0.0,123227.4
1746616,IT,JP,ALUM1,PREC1,0.01,8625.641,3,3,8625.641,0.0,0.0,0.0,0.0,862564.1
1781829,IT,NO,PLAST,TEXTI,0.02,8624.954,3,3,8624.954,0.0,0.0,0.0,0.0,431247.7
1783855,IT,NO,TEXT2,FOODW,0.06,8624.931,3,3,8624.931,0.0,0.0,0.0,0.0,143748.85
1779628,IT,TR,COMPU,MEMBE,0.1,8624.719,3,3,8624.719,0.0,0.0,0.0,0.0,86247.19
1801314,IT,WE,MACHI,COALT,0.05,8624.588,3,3,8624.588,0.0,0.0,0.0,0.0,172491.76
1664240,IT,EE,NONME,COLLE,0.02,8624.508,3,3,8624.508,0.0,0.0,0.0,0.0,431225.4
1747697,IT,JP,POSTT,INSUR,0.14,8624.002,3,3,8624.002,0.0,0.0,0.0,0.0,61600.014286
1744915,IT,US,BUSIN,BRICK,0.09,8623.75,3,3,8623.75,0.0,0.0,0.0,0.0,95819.444444
1642848,IT,AT,MOTO1,LEATH,0.05,8623.725,3,3,8623.725,0.0,0.0,0.0,0.0,172474.5
1651466,IT,CY,GASDI,RECRE,0.01,8623.387,3,3,8623.387,0.0,0.0,0.0,0.0,862338.7
1739290,IT,GB,HOTEL,NONF1,0.06,8623.245,3,3,8623.245,0.0,0.0,0.0,0.0,143720.75
1714292,IT,MT,BUSIN,HEALT,0.09,8622.495,3,3,8622.495,0.0,0.0,0.0,0.0,95805.5
1712586,IT,LV,MACHI,AIRTR,0.05,8622.473,3,3,8622.473,0.0,0.0,0.0,0.0,172449.46
1715647,IT,NL,NAPHT,COPP1,0.01,8622.361,3,3,8622.361,0.0,0.0,0.0,0.0,862236.1
1798868,IT,WE,BEVER,DAIRY,0.04,8621.902,3,3,8621.902,0.0,0.0,0.0,0.0,215547.55
1650438,IT,BG,ELEC4,LANDT,0.14,8621.362,3,3,8621.362,0.0,0.0,0.0,0.0,61581.157143
1766337,IT,RU,NONME,ELEC3,0.02,8620.876,3,3,8620.876,0.0,0.0,0.0,0.0,431043.8
1740732,IT,US,MEATP,WHOLE,0.03,8620.8,3,3,8620.8,0.0,0.0,0.0,0.0,287360.0
1660635,IT,DE,REALE,DISTR,0.36,8620.133,3,3,8620.133,0.0,0.0,0.0,0.0,23944.813889
1813165,IT,WM,MOTO1,MEDIC,0.05,8619.834,3,3,8619.834,0.0,0.0,0.0,0.0,172396.68
1751808,IT,CN,AUXIL,REALE,0.16,8619.61,3,3,8619.61,0.0,0.0,0.0,0.0,53872.5625
1717495,IT,NL,REALE,CONST,0.36,8619.551,3,3,8619.551,0.0,0.0,0.0,0.0,23943.197222
1753218,IT,CA,CERAM,FOOD5,0.01,8619.219,3,3,8619.219,0.0,0.0,0.0,0.0,861921.9
1807047,IT,WF,TRAN2,FINAN,0.01,8618.846,3,3,8618.846,0.0,0.0,0.0,0.0,861884.6
1730090,IT,SE,RETA1,SALEM,0.09,8618.757,3,3,8618.757,0.0,0.0,0.0,0.0,95763.966667
1720786,IT,PL,TRANS,EDUCA,0.05,8618.692,3,3,8618.692,0.0,0.0,0.0,0.0,172373.84
1713666,IT,MT,COPP1,MACHI,0.02,8618.61,3,3,8618.61,0.0,0.0,0.0,0.0,430930.5
1684475,IT,HR,RENTI,INSUR,0.05,8618.576,3,3,8618.576,0.0,0.0,0.0,0.0,172371.52
1641417,IT,AT,GASDI,DAIRY,0.01,8618.298,3,3,8618.298,0.0,0.0,0.0,0.0,861829.8
1723495,IT,PT,LEAD1,BASIC,0.01,8618.237,3,3,8618.237,0.0,0.0,0.0,0.0,861823.7
1667853,IT,ES,OFFIC,PAPE2,0.03,8617.759,3,3,8617.759,0.0,0.0,0.0,0.0,287258.633333
1780552,IT,TW,FINAN,NAPHT,0.11,8617.058,3,3,8617.058,0.0,0.0,0.0,0.0,78336.890909
1642226,IT,AT,NONME,PIGS9,0.02,8616.645,3,3,8616.645,0.0,0.0,0.0,0.0,430832.25
1784533,IT,ID,FABRI,SEACO,0.04,8616.292,3,3,8616.292,0.0,0.0,0.0,0.0,215407.3
1788056,IT,WA,TEXTI,STEAM,0.05,8616.018,3,3,8616.018,0.0,0.0,0.0,0.0,172320.36
1740681,IT,US,SANDC,FOUND,0.02,8615.913,4,4,8613.913,0.0,0.0,2.0,0.0,430795.65
1679531,IT,GR,BIOGA,PAPE4,0.02,8615.788,3,3,8615.788,0.0,0.0,0.0,0.0,430789.4
1751839,IT,CN,RENTI,CEMEN,0.05,8614.939,3,3,8614.939,0.0,0.0,0.0,0.0,172298.78
1766202,IT,RU,GLASS,TOBAC,0.02,8614.779,3,3,8614.779,0.0,0.0,0.0,0.0,430738.95
1811016,IT,WM,GASDI,INERT,0.01,8614.578,3,3,8614.578,0.0,0.0,0.0,0.0,861457.8
1769614,IT,AU,FABRI,PRECI,0.04,8614.135,3,3,8614.135,0.0,0.0,0.0,0.0,215353.375
1653309,IT,CZ,GLASS,STONE,0.02,8613.973,3,3,8613.973,0.0,0.0,0.0,0.0,430698.65
1663340,IT,DK,SUPPO,FISH5,0.06,8613.971,3,3,8613.971,0.0,0.0,0.0,0.0,143566.183333
1677884,IT,FR,BUSIN,PFERT,0.09,8613.909,3,3,8613.909,0.0,0.0,0.0,0.0,95710.1
1780703,IT,TW,REALE,GASDI,0.36,8613.477,3,3,8613.477,0.0,0.0,0.0,0.0,23926.325
1794711,IT,WL,NAPHT,SUPPO,0.01,8613.355,3,3,8613.355,0.0,0.0,0.0,0.0,861335.5
1730561,IT,SE,REALE,WOODW,0.36,8613.338,3,3,8613.338,0.0,0.0,0.0,0.0,23925.938889
1685682,IT,HU,HEAVY,HOTEL,0.01,8612.691,3,3,8612.691,0.0,0.0,0.0,0.0,861269.1
1654127,IT,CZ,MOTO1,VEGET,0.05,8612.308,3,3,8612.308,0.0,0.0,0.0,0.0,172246.16
1755841,IT,KR,CEMEN,NONME,0.01,8612.163,3,3,8612.163,0.0,0.0,0.0,0.0,861216.3
1736491,IT,SK,INLAN,WOODW,0.01,8611.679,3,3,8611.679,0.0,0.0,0.0,0.0,861167.9
1785631,IT,ZA,HEAVY,MEATA,0.01,8611.624,3,3,8611.624,0.0,0.0,0.0,0.0,861162.4
1744581,IT,US,RENTI,SUGAR,0.05,8611.229,3,3,8611.229,0.0,0.0,0.0,0.0,172224.58
1796268,IT,WL,CONST,CEMEN,0.05,8611.101,3,3,8611.101,0.0,0.0,0.0,0.0,172222.02
1769153,IT,AU,CHEM1,NFERT,0.02,8611.086,3,3,8611.086,0.0,0.0,0.0,0.0,430554.3
1805580,IT,WF,CEMEN,CHARC,0.01,8611.057,3,3,8611.057,0.0,0.0,0.0,0.0,861105.7
1755966,IT,KR,ALUM1,FOOD5,0.01,8610.472,3,3,8610.472,0.0,0.0,0.0,0.0,861047.2
1789602,IT,WA,RUBBE,LIGNI,0.03,8610.335,3,3,8610.335,0.0,0.0,0.0,0.0,287011.166667
1710322,IT,LT,FURNI,RAILW,0.03,8610.284,3,3,8610.284,0.0,0.0,0.0,0.0,287009.466667
1741782,IT,US,NONSP,COMPU,0.01,8610.159,3,3,8610.159,0.0,0.0,0.0,0.0,861015.9
1664370,IT,EE,FABRI,COMPU,0.04,8610.015,3,3,8610.015,0.0,0.0,0.0,0.0,215250.375
1760008,IT,BR,INTER,RENTI,0.05,8609.602,3,3,8609.602,0.0,0.0,0.0,0.0,172192.04
1754271,IT,CA,POSTT,RESEA,0.14,8609.54,3,3,8609.54,0.0,0.0,0.0,0.0,61496.714286
1743797,IT,US,LANDT,ELEC5,0.06,8609.066,3,3,8609.066,0.0,0.0,0.0,0.0,143484.433333
1796255,IT,WL,CONST,BEVER,0.05,8609.066,3,3,8609.066,0.0,0.0,0.0,0.0,172181.32
1791782,IT,WA,LANDT,WHEAT,0.06,8608.15,3,3,8608.15,0.0,0.0,0.0,0.0,143469.166667
1780721,IT,TW,REALE,FURNI,0.36,8607.048,3,3,8607.048,0.0,0.0,0.0,0.0,23908.466667
1809900,IT,WM,BEVER,CERAM,0.04,8607.046,3,3,8607.046,0.0,0.0,0.0,0.0,215176.15
1649221,IT,BG,KEROS,NAPHT,0.01,8606.963,3,3,8606.963,0.0,0.0,0.0,0.0,860696.3
1722402,IT,PT,MEATC,PLAST,0.03,8606.36,3,3,8606.36,0.0,0.0,0.0,0.0,286878.666667
1746448,IT,JP,GLASS,BASIC,0.02,8606.298,3,3,8606.298,0.0,0.0,0.0,0.0,430314.9
1794723,IT,WL,LUBRI,CHEM1,0.01,8606.165,3,3,8606.165,0.0,0.0,0.0,0.0,860616.5
1715512,IT,NL,GASDI,WEARI,0.01,8606.114,3,3,8606.114,0.0,0.0,0.0,0.0,860611.4
1655451,IT,DE,FORES,RETA1,0.08,8605.905,4,4,8602.905,0.0,3.0,0.0,0.0,107573.8125
1780687,IT,TW,REALE,SANDC,0.36,8605.594,3,3,8605.594,0.0,0.0,0.0,0.0,23904.427778
1785294,IT,ZA,WEARI,COMPU,0.06,8605.442,4,4,8605.44,0.0,0.0,0.0,0.002,143424.033333
1775964,IT,TR,BEVER,WEARI,0.04,8605.146,3,3,8605.146,0.0,0.0,0.0,0.0,215128.65
1769591,IT,AU,COPP1,EDUCA,0.02,8604.881,3,3,8604.881,0.0,0.0,0.0,0.0,430244.05
1647941,IT,BE,REALE,RECRE,0.36,8604.64,3,3,8604.64,0.0,0.0,0.0,0.0,23901.777778
1718714,IT,PL,PULP5,BITUM,0.03,8604.477,3,3,8604.477,0.0,0.0,0.0,0.0,286815.9
1678213,IT,FR,OILHA,CEMEN,0.05,8604.42,3,3,8604.42,0.0,0.0,0.0,0.0,172088.4
1726865,IT,RO,RETA1,PLAST,0.09,8604.38,3,3,8604.38,0.0,0.0,0.0,0.0,95604.222222
1780835,IT,TW,COMPU,MEDIC,0.1,8604.227,3,3,8604.227,0.0,0.0,0.0,0.0,86042.27
1656710,IT,DE,MOTOR,ALUM1,0.01,8603.985,3,3,8603.985,0.0,0.0,0.0,0.0,860398.5
1740288,IT,GB,BUSIN,WASTE,0.09,8603.952,3,3,8603.952,0.0,0.0,0.0,0.0,95599.466667
1814880,IT,WM,PRIVA,VEGET,1.92,8603.647,3,3,8603.647,0.0,0.0,0.0,0.0,4481.066146
1768594,IT,AU,BEVER,SALEM,0.04,8603.576,3,3,8603.576,0.0,0.0,0.0,0.0,215089.4
1719693,IT,PL,NONME,KEROS,0.02,8602.955,3,3,8602.955,0.0,0.0,0.0,0.0,430147.75
1808339,IT,WF,FOOD3,BASIC,0.02,8602.855,3,3,8602.855,0.0,0.0,0.0,0.0,430142.75
1766972,IT,RU,MOTO1,ELEC4,0.05,8602.159,3,3,8602.159,0.0,0.0,0.0,0.0,172043.18
1769923,IT,AU,MOTO1,ELEC1,0.05,8602.13,3,3,8602.13,0.0,0.0,0.0,0.0,172042.6
1769837,IT,AU,MACHI,TEXT2,0.05,8601.975,3,3,8601.975,0.0,0.0,0.0,0.0,172039.5
1752540,IT,CA,FOOD5,SUPPO,0.04,8601.909,3,3,8601.909,0.0,0.0,0.0,0.0,215047.725
1754515,IT,CA,BUSIN,FOUND,0.09,8601.078,3,3,8601.078,0.0,0.0,0.0,0.0,95567.533333
1765951,IT,RU,CHEM1,ANIMA,0.02,8600.749,3,3,8600.749,0.0,0.0,0.0,0.0,430037.45
1667463,IT,ES,FABRI,PLANT,0.04,8600.706,3,3,8600.706,0.0,0.0,0.0,0.0,215017.65
1766531,IT,RU,COPP1,BITU1,0.02,8600.319,3,3,8600.319,0.0,0.0,0.0,0.0,430015.95
1648003,IT,BE,COMPU,FISH5,0.1,8599.746,3,3,8599.746,0.0,0.0,0.0,0.0,85997.46
1712340,IT,LV,RUBBE,RETAI,0.03,8597.768,3,3,8597.768,0.0,0.0,0.0,0.0,286592.266667
1789843,IT,WA,CERAM,NFERT,0.01,8597.493,3,3,8597.493,0.0,0.0,0.0,0.0,859749.3
1645320,IT,BE,GASDI,CHEMI,0.01,8597.457,3,3,8597.457,0.0,0.0,0.0,0.0,859745.7
1744504,IT,US,REALE,WOODW,0.36,8597.445,3,3,8597.445,0.0,0.0,0.0,0.0,23881.791667
1813344,IT,WM,FURNI,PROCE,0.03,8596.938,3,3,8596.938,0.0,0.0,0.0,0.0,286564.6
1651199,IT,BG,BUSIN,TRAN1,0.09,8596.274,3,3,8596.274,0.0,0.0,0.0,0.0,95514.155556
1743454,IT,US,WHOLE,PRINT,0.07,8595.954,3,3,8595.954,0.0,0.0,0.0,0.0,122799.342857
1777727,IT,TR,COPP1,93197,0.02,8595.931,3,3,8595.931,0.0,0.0,0.0,0.0,429796.55
1785509,IT,ZA,MOTOR,ALUM1,0.01,8595.858,3,3,8595.858,0.0,0.0,0.0,0.0,859585.8
1715714,IT,NL,PLAST,ADDIT,0.02,8595.532,3,3,8595.532,0.0,0.0,0.0,0.0,429776.6
1784292,IT,ID,CHEM1,ELEC4,0.02,8595.404,3,3,8595.404,0.0,0.0,0.0,0.0,429770.2
1748914,IT,CN,WEARI,NONF1,0.06,8595.399,4,4,8595.397,0.0,0.0,0.0,0.002,143256.65
1739360,IT,GB,RAILW,CERAM,0.06,8595.318,3,3,8595.318,0.0,0.0,0.0,0.0,143255.3
1716766,IT,NL,RETA1,FABRI,0.09,8594.922,3,3,8594.922,0.0,0.0,0.0,0.0,95499.133333
1793011,IT,WA,FOOD3,SANDC,0.02,8594.919,3,3,8594.919,0.0,0.0,0.0,0.0,429745.95
1671358,IT,FI,COPP1,TRANS,0.02,8594.263,3,3,8594.263,0.0,0.0,0.0,0.0,429713.15
1773932,IT,CH,SALEM,PAPER,0.07,8593.668,3,3,8593.668,0.0,0.0,0.0,0.0,122766.685714
1772630,IT,CH,GLASS,CERAM,0.02,8593.179,3,3,8593.179,0.0,0.0,0.0,0.0,429658.95
1718465,IT,PL,TEXTI,FISH5,0.05,8591.797,3,3,8591.797,0.0,0.0,0.0,0.0,171835.94
1649150,IT,BG,PRINT,WHEAT,0.08,8591.54,3,3,8591.54,0.0,0.0,0.0,0.0,107394.25
1642002,IT,AT,RUBBE,ELEC5,0.03,8590.772,3,3,8590.772,0.0,0.0,0.0,0.0,286359.066667
1690040,IT,IE,RENTI,PIGS9,0.05,8590.669,3,3,8590.669,0.0,0.0,0.0,0.0,171813.38
1795256,IT,WL,CERAM,GLASS,0.01,8590.613,3,3,8590.613,0.0,0.0,0.0,0.0,859061.3
1770836,IT,AU,BUSIN,MEATC,0.09,8590.42,3,3,8590.42,0.0,0.0,0.0,0.0,95449.111111
1655530,IT,DE,LEADZ,POULT,0.01,8590.266,3,3,8590.266,0.0,0.0,0.0,0.0,859026.6
1800595,IT,WE,GLASS,LEATH,0.02,8589.986,3,3,8589.986,0.0,0.0,0.0,0.0,429499.3
1678445,IT,FR,WOOD2,INERT,0.05,8589.787,3,3,8589.787,0.0,0.0,0.0,0.0,171795.74
1782179,IT,NO,NONME,BUSIN,0.02,8589.443,3,3,8589.443,0.0,0.0,0.0,0.0,429472.15
1803465,IT,WF,MEAT4,CHEMI,0.05,8589.177,3,3,8589.177,0.0,0.0,0.0,0.0,171783.54
1752636,IT,CA,TEXTI,TRANS,0.05,8589.13,3,3,8589.13,0.0,0.0,0.0,0.0,171782.6
1711106,IT,LU,LEAD1,BASIC,0.01,8589.079,3,3,8589.079,0.0,0.0,0.0,0.0,858907.9
1672856,IT,FR,VEGE1,PROCE,0.03,8588.913,4,4,8588.911,0.0,0.0,0.0,0.002,286297.1
1804889,IT,WF,BITU1,GLASS,0.01,8588.872,3,3,8588.872,0.0,0.0,0.0,0.0,858887.2
1659404,IT,DE,WHOLE,CHEM1,0.07,8588.703,3,3,8588.703,0.0,0.0,0.0,0.0,122695.757143
1658938,IT,DE,FURNI,SUPPO,0.03,8588.688,3,3,8588.688,0.0,0.0,0.0,0.0,286289.6
1758988,IT,BR,LANDT,PAPER,0.06,8588.525,3,3,8588.525,0.0,0.0,0.0,0.0,143142.083333
1682459,IT,HR,PAPER,AIRTR,0.03,8587.745,3,3,8587.745,0.0,0.0,0.0,0.0,286258.166667
1742888,IT,US,MACHI,KERO1,0.05,8587.489,3,3,8587.489,0.0,0.0,0.0,0.0,171749.78
1670817,IT,FI,KEROS,RENTI,0.01,8587.018,3,3,8587.018,0.0,0.0,0.0,0.0,858701.8
1640226,IT,AT,FORES,OFFIC,0.07,8586.921,4,4,8583.921,0.0,3.0,0.0,0.0,122670.3
1793873,IT,WL,TEXTI,AIRTR,0.05,8586.726,3,3,8586.726,0.0,0.0,0.0,0.0,171734.52
1752860,IT,CA,PRINT,MEMBE,0.08,8586.495,3,3,8586.495,0.0,0.0,0.0,0.0,107331.1875
1759547,IT,BR,COMPU,FOOD5,0.1,8586.386,3,3,8586.386,0.0,0.0,0.0,0.0,85863.86
1749488,IT,CN,HEAVY,HEALT,0.01,8586.365,3,3,8586.365,0.0,0.0,0.0,0.0,858636.5
1688545,IT,IE,PAPER,REALE,0.03,8586.259,3,3,8586.259,0.0,0.0,0.0,0.0,286208.633333
1730407,IT,SE,POSTT,LEATH,0.14,8585.925,3,3,8585.925,0.0,0.0,0.0,0.0,61328.035714
1651492,IT,CY,HEAVY,OFFIC,0.01,8585.821,3,3,8585.821,0.0,0.0,0.0,0.0,858582.1
1734188,IT,SI,REALE,RETA1,0.36,8585.813,3,3,8585.813,0.0,0.0,0.0,0.0,23849.480556
1668149,IT,ES,SALEM,CEMEN,0.07,8585.654,3,3,8585.654,0.0,0.0,0.0,0.0,122652.2
1745218,IT,JP,FORES,BASIC,0.07,8584.825,4,4,8581.825,0.0,3.0,0.0,0.0,122640.357143
1723204,IT,PT,RUBBE,SECO9,0.03,8584.337,3,3,8584.337,0.0,0.0,0.0,0.0,286144.566667
1664342,IT,EE,FABRI,ALUM1,0.03,8584.159,3,3,8584.159,0.0,0.0,0.0,0.0,286138.633333
1649603,IT,BG,GLASS,MEAT4,0.02,8584.108,3,3,8584.108,0.0,0.0,0.0,0.0,429205.4
1650149,IT,BG,MOTO1,GASDI,0.05,8582.918,3,3,8582.918,0.0,0.0,0.0,0.0,171658.36
1643407,IT,AT,LANDT,FISH5,0.06,8582.408,3,3,8582.408,0.0,0.0,0.0,0.0,143040.133333
1785424,IT,ZA,PAPER,ELEC1,0.03,8582.29,3,3,8582.29,0.0,0.0,0.0,0.0,286076.333333
1810233,IT,WM,LEATH,PAPER,0.06,8582.232,3,3,8582.232,0.0,0.0,0.0,0.0,143037.2
1807880,IT,WF,PAPE1,LANDT,0.06,8582.051,3,3,8582.051,0.0,0.0,0.0,0.0,143034.183333
1768650,IT,AU,TEXTI,SANDC,0.05,8581.521,3,3,8581.521,0.0,0.0,0.0,0.0,171630.42
1787256,IT,WA,VEGET,PREC1,0.03,8581.306,3,3,8581.306,0.0,0.0,0.0,0.0,286043.533333
1666347,IT,ES,LIQUE,RENTI,0.02,8581.177,3,3,8581.177,0.0,0.0,0.0,0.0,429058.85
1729338,IT,SE,NONME,PLAS1,0.02,8580.657,3,3,8580.657,0.0,0.0,0.0,0.0,429032.85
1774537,IT,CH,TRAN2,CONST,0.01,8580.079,3,3,8580.079,0.0,0.0,0.0,0.0,858007.9
1710932,IT,LU,PLAST,WHOLE,0.02,8580.036,3,3,8580.036,0.0,0.0,0.0,0.0,429001.8
1769328,IT,AU,GLASS,PLAST,0.02,8580.031,3,3,8580.031,0.0,0.0,0.0,0.0,429001.55
1728607,IT,SE,PAPER,FOODW,0.03,8579.764,3,3,8579.764,0.0,0.0,0.0,0.0,285992.133333
1741570,IT,US,GASDI,PLAST,0.01,8579.407,3,3,8579.407,0.0,0.0,0.0,0.0,857940.7
1682151,IT,HR,TEXTI,TRAN2,0.05,8579.06,3,3,8579.06,0.0,0.0,0.0,0.0,171581.2
1668647,IT,ES,RAILW,RETA1,0.06,8578.962,3,3,8578.962,0.0,0.0,0.0,0.0,142982.7
1757508,IT,BR,PAPER,93197,0.03,8578.959,3,3,8578.959,0.0,0.0,0.0,0.0,285965.3
1778625,IT,TR,HOTEL,MOTOR,0.06,8578.935,3,3,8578.935,0.0,0.0,0.0,0.0,142982.25
1780795,IT,TW,RENTI,PUBLI,0.05,8578.924,3,3,8578.924,0.0,0.0,0.0,0.0,171578.48
1787587,IT,WA,MEATP,RAWMI,0.03,8578.422,3,3,8578.422,0.0,0.0,0.0,0.0,285947.4
1716478,IT,NL,OFFIC,FOUND,0.03,8578.008,3,3,8578.008,0.0,0.0,0.0,0.0,285933.6
1687339,IT,HU,RETA1,PUBLI,0.09,8577.757,3,3,8577.757,0.0,0.0,0.0,0.0,95308.411111
1760867,IT,IN,GASDI,PLANT,0.01,8577.487,3,3,8577.487,0.0,0.0,0.0,0.0,857748.7
1730766,IT,SE,BUSIN,COKEO,0.09,8577.409,3,3,8577.409,0.0,0.0,0.0,0.0,95304.544444
1687148,IT,HU,FURNI,PRINT,0.03,8577.12,3,3,8577.12,0.0,0.0,0.0,0.0,285904.0
1726688,IT,RO,TRANS,HOTEL,0.05,8577.053,3,3,8577.053,0.0,0.0,0.0,0.0,171541.06
1759934,IT,BR,PLAS1,PAPER,0.03,8577.014,3,3,8577.014,0.0,0.0,0.0,0.0,285900.466667
1686515,IT,HU,PREC1,INERT,0.01,8577.011,3,3,8577.011,0.0,0.0,0.0,0.0,857701.1
1789611,IT,WA,RUBBE,NONFE,0.03,8576.974,3,3,8576.974,0.0,0.0,0.0,0.0,285899.133333
1786550,IT,ZA,FURNI,OFFIC,0.03,8576.966,3,3,8576.966,0.0,0.0,0.0,0.0,285898.866667
1789787,IT,WA,GLASS,RAILW,0.02,8576.498,3,3,8576.498,0.0,0.0,0.0,0.0,428824.9
1658488,IT,DE,FABRI,FINAN,0.03,8576.456,3,3,8576.456,0.0,0.0,0.0,0.0,285881.866667
1782498,IT,NO,MACHI,FOOD2,0.05,8576.416,3,3,8576.416,0.0,0.0,0.0,0.0,171528.32
1721712,IT,PL,FINAN,COMPU,0.11,8576.131,3,3,8576.131,0.0,0.0,0.0,0.0,77964.827273
1674004,IT,FR,KEROS,TEXT1,0.01,8575.828,3,3,8575.828,0.0,0.0,0.0,0.0,857582.8
1668485,IT,ES,HOTEL,MEATP,0.06,8575.795,3,3,8575.795,0.0,0.0,0.0,0.0,142929.916667
1792744,IT,WA,BUSIN,BIOGA,0.09,8575.729,3,3,8575.729,0.0,0.0,0.0,0.0,95285.877778
1677682,IT,FR,RENTI,PAPER,0.05,8574.624,3,3,8574.624,0.0,0.0,0.0,0.0,171492.48
1644470,IT,BE,VEGE1,RETA1,0.03,8574.623,4,4,8574.621,0.0,0.0,0.0,0.002,285820.766667
1671609,IT,FI,FURNI,MOTOR,0.03,8574.533,3,3,8574.533,0.0,0.0,0.0,0.0,285817.766667
1681644,IT,HR,VEGET,MEATP,0.03,8574.146,3,3,8574.146,0.0,0.0,0.0,0.0,285804.866667
1736086,IT,SK,CONST,SANDC,0.05,8574.104,3,3,8574.104,0.0,0.0,0.0,0.0,171482.08
1712631,IT,LV,MOTO1,MOTO1,0.05,8573.915,3,3,8573.915,0.0,0.0,0.0,0.0,171478.3
1804419,IT,WF,KEROS,MEMBE,0.01,8573.466,3,3,8573.466,0.0,0.0,0.0,0.0,857346.6
1749367,IT,CN,PRINT,AIRTR,0.08,8573.312,3,3,8573.312,0.0,0.0,0.0,0.0,107166.4
1737546,IT,GB,WOODW,93197,0.02,8572.876,3,3,8572.876,0.0,0.0,0.0,0.0,428643.8
1726711,IT,RO,FURNI,PFERT,0.03,8571.947,3,3,8571.947,0.0,0.0,0.0,0.0,285731.566667
1783810,IT,NO,INERT,SALEM,0.06,8571.13,3,3,8571.13,0.0,0.0,0.0,0.0,142852.166667
1803706,IT,WF,BEVER,COMPU,0.04,8570.756,3,3,8570.756,0.0,0.0,0.0,0.0,214268.9
1738808,IT,GB,MOTO1,PRINT,0.05,8570.483,3,3,8570.483,0.0,0.0,0.0,0.0,171409.66
1737194,IT,GB,DAIRY,SEACO,0.03,8570.326,3,3,8570.326,0.0,0.0,0.0,0.0,285677.533333
1726214,IT,RO,NONME,FOOD5,0.02,8570.147,3,3,8570.147,0.0,0.0,0.0,0.0,428507.35
1721921,IT,PL,RENTI,FINAN,0.05,8570.025,3,3,8570.025,0.0,0.0,0.0,0.0,171400.5
1762878,IT,MX,VEGET,BEVER,0.03,8569.693,3,3,8569.693,0.0,0.0,0.0,0.0,285656.433333
1793406,IT,WL,CROPS,PULP5,0.07,8569.529,3,3,8569.529,0.0,0.0,0.0,0.0,122421.842857
1781022,IT,TW,BUSIN,AIRTR,0.09,8569.39,3,3,8569.39,0.0,0.0,0.0,0.0,95215.444444
1798307,IT,WE,CROPS,GASDI,0.07,8569.236,3,3,8569.236,0.0,0.0,0.0,0.0,122417.657143
1776720,IT,TR,LIQUE,RAWMI,0.02,8569.195,3,3,8569.195,0.0,0.0,0.0,0.0,428459.75
1812671,IT,WM,COPP1,LEAD1,0.02,8568.982,3,3,8568.982,0.0,0.0,0.0,0.0,428449.1
1793018,IT,WA,FOOD3,SEACO,0.02,8568.71,3,3,8568.71,0.0,0.0,0.0,0.0,428435.5
1641753,IT,AT,CHEM1,VEGE1,0.02,8568.704,3,3,8568.704,0.0,0.0,0.0,0.0,428435.2
1794709,IT,WL,NAPHT,RAILW,0.01,8568.276,3,3,8568.276,0.0,0.0,0.0,0.0,856827.6
1787834,IT,WA,FOOD5,STONE,0.04,8567.737,3,3,8567.737,0.0,0.0,0.0,0.0,214193.425
1653329,IT,CZ,GLASS,KEROS,0.02,8567.596,3,3,8567.596,0.0,0.0,0.0,0.0,428379.8
1794751,IT,WL,NUCLE,HEALT,0.02,8566.543,3,3,8566.543,0.0,0.0,0.0,0.0,428327.15
1662851,IT,DK,WHOLE,RAWMI,0.07,8566.114,3,3,8566.114,0.0,0.0,0.0,0.0,122373.057143
1685972,IT,HU,BIOGA,BUSIN,0.02,8565.543,3,3,8565.543,0.0,0.0,0.0,0.0,428277.15
1750228,IT,CN,LEAD1,STEAM,0.01,8565.013,3,3,8565.013,0.0,0.0,0.0,0.0,856501.3
1734452,IT,SK,FORES,PULP5,0.07,8564.9,4,4,8561.9,0.0,3.0,0.0,0.0,122355.714286
1743193,IT,US,TRANS,SUBBI,0.05,8564.551,3,3,8564.551,0.0,0.0,0.0,0.0,171291.02
1752451,IT,CA,DAIRY,PFERT,0.03,8564.103,3,3,8564.103,0.0,0.0,0.0,0.0,285470.1
1715827,IT,NL,RUBBE,PFERT,0.03,8563.835,3,3,8563.835,0.0,0.0,0.0,0.0,285461.166667
1645902,IT,BE,CERAM,SANDC,0.01,8563.778,3,3,8563.778,0.0,0.0,0.0,0.0,856377.8
1668687,IT,ES,LANDT,COPPE,0.06,8563.317,3,3,8563.317,0.0,0.0,0.0,0.0,142721.95
1649796,IT,BG,PREC1,MOTOR,0.01,8562.913,3,3,8562.913,0.0,0.0,0.0,0.0,856291.3
1723902,IT,PT,FURNI,RADIO,0.03,8562.678,3,3,8562.678,0.0,0.0,0.0,0.0,285422.6
1806361,IT,WF,MOTO1,MEATC,0.05,8562.554,3,3,8562.554,0.0,0.0,0.0,0.0,171251.08
1650096,IT,BG,OFFIC,FOOD5,0.03,8562.222,3,3,8562.222,0.0,0.0,0.0,0.0,285407.4
1640232,IT,AT,FORES,RETA1,0.07,8561.776,4,4,8558.776,0.0,3.0,0.0,0.0,122311.085714
1663407,IT,DK,FINAN,FINAN,0.11,8561.725,3,3,8561.725,0.0,0.0,0.0,0.0,77833.863636
1776868,IT,TR,NONSP,LIGNI,0.01,8561.538,3,3,8561.538,0.0,0.0,0.0,0.0,856153.8
1721856,IT,PL,REALE,RETA1,0.36,8561.038,3,3,8561.038,0.0,0.0,0.0,0.0,23780.661111
1797458,IT,WL,RESEA,CHEM1,0.05,8560.605,3,3,8560.605,0.0,0.0,0.0,0.0,171212.1
1660515,IT,DE,INSUR,RETAI,0.18,8560.114,3,3,8560.114,0.0,0.0,0.0,0.0,47556.188889
1670853,IT,FI,NUCLE,MOTOR,0.02,8559.94,3,3,8559.94,0.0,0.0,0.0,0.0,427997.0
1659919,IT,DE,TRAN2,NUCLE,0.01,8559.924,3,3,8559.924,0.0,0.0,0.0,0.0,855992.4
1655632,IT,DE,SANDC,FOOD4,0.02,8559.894,4,4,8557.894,0.0,0.0,2.0,0.0,427994.7
1800992,IT,WE,ALUM1,HOTEL,0.01,8559.74,3,3,8559.74,0.0,0.0,0.0,0.0,855974.0
1812589,IT,WM,LEAD1,NFERT,0.01,8559.622,3,3,8559.622,0.0,0.0,0.0,0.0,855962.2
1685777,IT,HU,PLAST,CERAM,0.02,8558.783,3,3,8558.783,0.0,0.0,0.0,0.0,427939.15
1784214,IT,ID,NAPHT,COLLE,0.01,8558.676,3,3,8558.676,0.0,0.0,0.0,0.0,855867.6
1776465,IT,TR,MOTOR,PETRO,0.01,8558.324,3,3,8558.324,0.0,0.0,0.0,0.0,855832.4
1730669,IT,SE,RENTI,PAPE1,0.05,8557.852,3,3,8557.852,0.0,0.0,0.0,0.0,171157.04
1735018,IT,SK,PLAST,LEAD1,0.02,8557.743,3,3,8557.743,0.0,0.0,0.0,0.0,427887.15
1802272,IT,WE,LANDT,NONME,0.06,8557.635,3,3,8557.635,0.0,0.0,0.0,0.0,142627.25
1774155,IT,CH,WHOLE,INTER,0.07,8557.308,3,3,8557.308,0.0,0.0,0.0,0.0,122247.257143
1730092,IT,SE,RETA1,WHOLE,0.09,8556.827,3,3,8556.827,0.0,0.0,0.0,0.0,95075.855556
1745047,IT,US,PUBLI,PREC1,0.14,8556.431,3,3,8556.431,0.0,0.0,0.0,0.0,61117.364286
1668610,IT,ES,RAILW,FOOD5,0.06,8556.075,3,3,8556.075,0.0,0.0,0.0,0.0,142601.25
1735632,IT,SK,COPP1,COLLE,0.02,8555.591,3,3,8555.591,0.0,0.0,0.0,0.0,427779.55
1671125,IT,FI,GLASS,NONME,0.02,8555.51,3,3,8555.51,0.0,0.0,0.0,0.0,427775.5
1814464,IT,WM,COMPU,LANDT,0.1,8554.991,3,3,8554.991,0.0,0.0,0.0,0.0,85549.91
1661383,IT,DK,MEAT4,HOTEL,0.05,8554.959,3,3,8554.959,0.0,0.0,0.0,0.0,171099.18
1793516,IT,WL,CHEMI,POSTT,0.02,8554.874,3,3,8554.874,0.0,0.0,0.0,0.0,427743.7
1690152,IT,IE,COMPU,FOOD2,0.1,8554.826,3,3,8554.826,0.0,0.0,0.0,0.0,85548.26
1808350,IT,WF,FOOD3,SEACO,0.02,8554.506,3,3,8554.506,0.0,0.0,0.0,0.0,427725.3
1808478,IT,WF,FOOD4,MOTO1,0.06,8554.475,3,3,8554.475,0.0,0.0,0.0,0.0,142574.583333
1742937,IT,US,MACHI,ELEC9,0.05,8554.208,3,3,8554.208,0.0,0.0,0.0,0.0,171084.16
1669268,IT,ES,FINAN,DAIRY,0.11,8554.09,3,3,8554.09,0.0,0.0,0.0,0.0,77764.454545
1674494,IT,FR,BIODI,MEMBE,0.02,8553.164,3,3,8553.164,0.0,0.0,0.0,0.0,427658.2
1777407,IT,TR,CEMEN,CRUDE,0.01,8552.634,3,3,8552.634,0.0,0.0,0.0,0.0,855263.4
1752326,IT,CA,MEATC,FOOD5,0.03,8552.17,3,3,8552.17,0.0,0.0,0.0,0.0,285072.333333
1776348,IT,TR,PAPER,INSUR,0.03,8551.979,3,3,8551.979,0.0,0.0,0.0,0.0,285065.966667
1682266,IT,HR,LEATH,BRICK,0.06,8551.94,3,3,8551.94,0.0,0.0,0.0,0.0,142532.333333
1675219,IT,FR,FABRI,VEGE1,0.03,8551.431,3,3,8551.431,0.0,0.0,0.0,0.0,285047.7
1722923,IT,PT,GASDI,FISHF,0.01,8551.429,3,3,8551.429,0.0,0.0,0.0,0.0,855142.9
1751611,IT,CN,POSTT,AIRTR,0.14,8551.128,3,3,8551.128,0.0,0.0,0.0,0.0,61079.485714
1761649,IT,IN,FABRI,NFERT,0.03,8551.121,3,3,8551.121,0.0,0.0,0.0,0.0,285037.366667
1673477,IT,FR,WEARI,WASTE,0.06,8550.946,4,4,8550.944,0.0,0.0,0.0,0.002,142515.766667
1731447,IT,SI,FOOD5,93197,0.04,8550.934,3,3,8550.934,0.0,0.0,0.0,0.0,213773.35
1779192,IT,TR,POSTT,RADIO,0.14,8550.656,3,3,8550.656,0.0,0.0,0.0,0.0,61076.114286
1661559,IT,DK,BEVER,WOODW,0.04,8550.604,3,3,8550.604,0.0,0.0,0.0,0.0,213765.1
1671649,IT,FI,CONST,WOODW,0.05,8550.43,3,3,8550.43,0.0,0.0,0.0,0.0,171008.6
1661422,IT,DK,VEGE1,PUBLI,0.03,8550.294,4,4,8550.292,0.0,0.0,0.0,0.002,285009.8
1752241,IT,CA,VEGET,PUBLI,0.03,8550.173,3,3,8550.173,0.0,0.0,0.0,0.0,285005.766667
1710187,IT,LT,MACHI,SEACO,0.05,8550.01,3,3,8550.01,0.0,0.0,0.0,0.0,171000.2
1803117,IT,WF,VEGET,PAPER,0.03,8549.739,3,3,8549.739,0.0,0.0,0.0,0.0,284991.3
1662948,IT,DK,RETA1,FINAN,0.09,8549.734,3,3,8549.734,0.0,0.0,0.0,0.0,94997.044444
1682047,IT,HR,FISH5,MEAT1,0.04,8548.887,4,4,8548.883,0.0,0.0,0.0,0.004,213722.175
1719733,IT,PL,NONME,PUBLI,0.02,8548.826,3,3,8548.826,0.0,0.0,0.0,0.0,427441.3
1790002,IT,WA,NONME,NONSP,0.02,8548.747,3,3,8548.747,0.0,0.0,0.0,0.0,427437.35
1726210,IT,RO,CEMEN,TRAN2,0.01,8548.737,3,3,8548.737,0.0,0.0,0.0,0.0,854873.7
1778819,IT,TR,LANDT,CONST,0.06,8548.446,3,3,8548.446,0.0,0.0,0.0,0.0,142474.1
1687036,IT,HU,MOTO1,WHEAT,0.05,8548.058,3,3,8548.058,0.0,0.0,0.0,0.0,170961.16
1730443,IT,SE,POSTT,TRAN1,0.14,8547.388,3,3,8547.388,0.0,0.0,0.0,0.0,61052.771429
1798203,IT,WE,VEGET,DAIRY,0.03,8547.026,3,3,8547.026,0.0,0.0,0.0,0.0,284900.866667
1724562,IT,PT,POSTT,EDUCA,0.14,8546.607,3,3,8546.607,0.0,0.0,0.0,0.0,61047.192857
1738254,IT,GB,CEMEN,MEMBE,0.01,8546.191,3,3,8546.191,0.0,0.0,0.0,0.0,854619.1
1753624,IT,CA,MACHI,FOOD3,0.05,8545.755,3,3,8545.755,0.0,0.0,0.0,0.0,170915.1
1754426,IT,CA,RENTI,AUXIL,0.05,8545.715,3,3,8545.715,0.0,0.0,0.0,0.0,170914.3
1781734,IT,NO,PAPER,NONME,0.03,8545.671,3,3,8545.671,0.0,0.0,0.0,0.0,284855.7
1777078,IT,TR,CHEM1,STEAM,0.02,8545.194,3,3,8545.194,0.0,0.0,0.0,0.0,427259.7
1798320,IT,WE,CROPS,TRANS,0.07,8544.987,3,3,8544.987,0.0,0.0,0.0,0.0,122071.242857
1686233,IT,HU,CERAM,DAIRY,0.01,8544.902,3,3,8544.902,0.0,0.0,0.0,0.0,854490.2
1719668,IT,PL,NONME,CEREA,0.02,8544.845,3,3,8544.845,0.0,0.0,0.0,0.0,427242.25
1784092,IT,ID,LEATH,HOTEL,0.06,8544.83,3,3,8544.83,0.0,0.0,0.0,0.0,142413.833333
1751310,IT,CN,LANDT,SUGAR,0.06,8544.812,3,3,8544.812,0.0,0.0,0.0,0.0,142413.533333
1750859,IT,CN,FURNI,BIOG1,0.03,8544.796,3,3,8544.796,0.0,0.0,0.0,0.0,284826.533333
1712485,IT,LV,COPP1,LANDT,0.02,8544.73,3,3,8544.73,0.0,0.0,0.0,0.0,427236.5
1753035,IT,CA,CHEM1,ELEC6,0.02,8544.716,3,3,8544.716,0.0,0.0,0.0,0.0,427235.8
1763228,IT,MX,WOODW,ALUM1,0.02,8544.231,3,3,8544.231,0.0,0.0,0.0,0.0,427211.55
1781310,IT,NO,VEGE1,PAPER,0.03,8544.228,4,4,8544.226,0.0,0.0,0.0,0.002,284807.6
1756521,IT,KR,WHOLE,CERAM,0.07,8543.815,3,3,8543.815,0.0,0.0,0.0,0.0,122054.5
1742370,IT,US,NONME,BIODI,0.02,8543.717,3,3,8543.717,0.0,0.0,0.0,0.0,427185.85
1686839,IT,HU,FABRI,STEAM,0.03,8543.435,3,3,8543.435,0.0,0.0,0.0,0.0,284781.166667
1683887,IT,HR,TRANS,CONST,0.05,8542.983,3,3,8542.983,0.0,0.0,0.0,0.0,170859.66
1655650,IT,DE,CHEMI,MEAT4,0.02,8542.97,3,3,8542.97,0.0,0.0,0.0,0.0,427148.5
1713225,IT,MT,WOODW,SUPPO,0.02,8542.372,3,3,8542.372,0.0,0.0,0.0,0.0,427118.6
1686057,IT,HU,RUBBE,MEATC,0.03,8542.347,3,3,8542.347,0.0,0.0,0.0,0.0,284744.9
1665964,IT,ES,MOTOR,BIOGA,0.01,8542.267,3,3,8542.267,0.0,0.0,0.0,0.0,854226.7
1680963,IT,GR,INLAN,FISHF,0.01,8541.521,3,3,8541.521,0.0,0.0,0.0,0.0,854152.1
1806278,IT,WF,MACHI,OXYGE,0.05,8541.509,3,3,8541.509,0.0,0.0,0.0,0.0,170830.18
1787885,IT,WA,BEVER,MEATC,0.04,8541.418,3,3,8541.418,0.0,0.0,0.0,0.0,213535.45
1655255,IT,DE,PADDY,WOOLS,0.09,8541.223,3,3,8541.223,0.0,0.0,0.0,0.0,94902.477778
1771605,IT,CH,TEXTI,PAPE1,0.05,8541.106,3,3,8541.106,0.0,0.0,0.0,0.0,170822.12
1730673,IT,SE,RENTI,OILHA,0.05,8540.872,3,3,8540.872,0.0,0.0,0.0,0.0,170817.44
1794163,IT,WL,PRINT,PROCE,0.08,8540.856,3,3,8540.856,0.0,0.0,0.0,0.0,106760.7
1655976,IT,DE,FOOD5,HEAVY,0.04,8540.381,3,3,8540.381,0.0,0.0,0.0,0.0,213509.525
1760848,IT,IN,MOTOR,COMPU,0.01,8540.314,3,3,8540.314,0.0,0.0,0.0,0.0,854031.4
1718316,IT,PL,FOOD5,AUXIL,0.04,8540.239,3,3,8540.239,0.0,0.0,0.0,0.0,213505.975
1786013,IT,ZA,GLASS,ELECT,0.02,8539.765,3,3,8539.765,0.0,0.0,0.0,0.0,426988.25
1791274,IT,WA,CONST,WOODW,0.05,8539.673,3,3,8539.673,0.0,0.0,0.0,0.0,170793.46
1802770,IT,WE,BUSIN,TEXTI,0.09,8539.408,3,3,8539.408,0.0,0.0,0.0,0.0,94882.311111
1678210,IT,FR,OILHA,NUCLE,0.05,8539.37,3,3,8539.37,0.0,0.0,0.0,0.0,170787.4
1650962,IT,BG,SUPPO,LIGNI,0.06,8539.301,3,3,8539.301,0.0,0.0,0.0,0.0,142321.683333
1727362,IT,RO,POSTT,INTER,0.14,8539.252,3,3,8539.252,0.0,0.0,0.0,0.0,60994.657143
1724139,IT,PT,RETA1,FURNI,0.09,8539.043,3,3,8539.043,0.0,0.0,0.0,0.0,94878.255556
1772688,IT,CH,CERAM,BASIC,0.01,8538.831,3,3,8538.831,0.0,0.0,0.0,0.0,853883.1
1684449,IT,HR,REALE,RETA1,0.36,8538.654,3,3,8538.654,0.0,0.0,0.0,0.0,23718.483333
1678565,IT,GR,CROPS,BEVER,0.07,8538.22,3,3,8538.22,0.0,0.0,0.0,0.0,121974.571429
1725174,IT,RO,VEGE1,WHOLE,0.03,8538.185,4,4,8538.183,0.0,0.0,0.0,0.002,284606.166667
1657347,IT,DE,BIODI,RAWMI,0.02,8538.072,3,3,8538.072,0.0,0.0,0.0,0.0,426903.6
1715668,IT,NL,NONSP,KERO1,0.01,8537.978,3,3,8537.978,0.0,0.0,0.0,0.0,853797.8
1764495,IT,MX,CONST,GLASS,0.05,8537.906,3,3,8537.906,0.0,0.0,0.0,0.0,170758.12
1801042,IT,WE,COPP1,POULT,0.02,8537.778,3,3,8537.778,0.0,0.0,0.0,0.0,426888.9
1748333,IT,CN,VEGET,MEATA,0.03,8537.558,3,3,8537.558,0.0,0.0,0.0,0.0,284585.266667
1780463,IT,TW,POSTT,DAIRY,0.14,8537.472,3,3,8537.472,0.0,0.0,0.0,0.0,60981.942857
1713735,IT,MT,MACHI,RENTI,0.05,8537.073,3,3,8537.073,0.0,0.0,0.0,0.0,170741.46
1713071,IT,MT,VEGE1,FOOD4,0.03,8537.012,4,4,8537.01,0.0,0.0,0.0,0.002,284567.066667
1780830,IT,TW,COMPU,FOUND,0.1,8536.819,3,3,8536.819,0.0,0.0,0.0,0.0,85368.19
1721310,IT,PL,LANDT,PLAS1,0.06,8536.604,3,3,8536.604,0.0,0.0,0.0,0.0,142276.733333
1797874,IT,WL,FOOD3,RETA1,0.02,8536.177,3,3,8536.177,0.0,0.0,0.0,0.0,426808.85
1719072,IT,PL,NAPHT,RENTI,0.01,8535.924,3,3,8535.924,0.0,0.0,0.0,0.0,853592.4
1794030,IT,WL,PULP5,MOTOR,0.03,8535.845,3,3,8535.845,0.0,0.0,0.0,0.0,284528.166667
1798373,IT,WE,FISHF,CATTL,0.01,8534.932,3,3,8534.932,0.0,0.0,0.0,0.0,853493.2
1722662,IT,PT,WEARI,MACHI,0.06,8534.788,4,4,8534.786,0.0,0.0,0.0,0.002,142246.466667
1807116,IT,WF,INLAN,CRUDE,0.01,8534.397,3,3,8534.397,0.0,0.0,0.0,0.0,853439.7
1758660,IT,BR,FURNI,RETA1,0.03,8533.957,3,3,8533.957,0.0,0.0,0.0,0.0,284465.233333
1793257,IT,WA,PRIVA,PAPER,1.9,8533.682,3,3,8533.682,0.0,0.0,0.0,0.0,4491.411579
1670584,IT,FI,TEXTI,EDUCA,0.05,8533.579,3,3,8533.579,0.0,0.0,0.0,0.0,170671.58
1786031,IT,ZA,CERAM,VEGET,0.01,8533.516,3,3,8533.516,0.0,0.0,0.0,0.0,853351.6
1767711,IT,RU,FINAN,FABRI,0.11,8533.514,3,3,8533.514,0.0,0.0,0.0,0.0,77577.4
1718084,IT,PL,MEAT4,BEVER,0.05,8533.104,3,3,8533.104,0.0,0.0,0.0,0.0,170662.08
1664188,IT,EE,GLASS,DIST1,0.02,8532.0,3,3,8532.0,0.0,0.0,0.0,0.0,426600.0
1717803,IT,NL,FOOD2,ALUM1,0.05,8531.492,3,3,8531.492,0.0,0.0,0.0,0.0,170629.84
1716183,IT,NL,ALUM1,NONME,0.01,8531.183,3,3,8531.183,0.0,0.0,0.0,0.0,853118.3
1688771,IT,IE,RUBBE,FABRI,0.03,8530.592,3,3,8530.592,0.0,0.0,0.0,0.0,284353.066667
1719093,IT,PL,NONSP,HEAVY,0.01,8529.783,3,3,8529.783,0.0,0.0,0.0,0.0,852978.3
1649702,IT,BG,NONME,FOUND,0.02,8529.77,3,3,8529.77,0.0,0.0,0.0,0.0,426488.5
1658306,IT,DE,COPP1,BLAST,0.02,8529.257,3,3,8529.257,0.0,0.0,0.0,0.0,426462.85
1776688,IT,TR,HEAVY,ALUM1,0.01,8528.543,3,3,8528.543,0.0,0.0,0.0,0.0,852854.3
1745573,IT,JP,BEVER,OILHA,0.04,8528.347,3,3,8528.347,0.0,0.0,0.0,0.0,213208.675
1727934,IT,SE,VEGET,MEMBE,0.03,8528.292,3,3,8528.292,0.0,0.0,0.0,0.0,284276.4
1715127,IT,NL,LEATH,TEXTI,0.06,8527.977,3,3,8527.977,0.0,0.0,0.0,0.0,142132.95
1814479,IT,WM,COMPU,RECRE,0.1,8527.962,3,3,8527.962,0.0,0.0,0.0,0.0,85279.62
1776095,IT,TR,WEARI,HOTEL,0.06,8527.349,4,4,8527.347,0.0,0.0,0.0,0.002,142122.483333
1808079,IT,WF,TEXT1,POSTT,0.06,8527.223,3,3,8527.223,0.0,0.0,0.0,0.0,142120.383333
1720485,IT,PL,MACHI,AIRTR,0.05,8527.061,3,3,8527.061,0.0,0.0,0.0,0.0,170541.22
1774923,IT,CH,INSUR,TRAN1,0.18,8526.716,3,3,8526.716,0.0,0.0,0.0,0.0,47370.644444
1784008,IT,ID,BEVER,AIRTR,0.04,8526.492,3,3,8526.492,0.0,0.0,0.0,0.0,213162.3
1668379,IT,ES,RETA1,CHEMI,0.09,8526.395,3,3,8526.395,0.0,0.0,0.0,0.0,94737.722222
1710393,IT,LT,HOTEL,SEACO,0.06,8526.239,3,3,8526.239,0.0,0.0,0.0,0.0,142103.983333
1725475,IT,RO,WEARI,TRANS,0.06,8526.101,4,4,8526.099,0.0,0.0,0.0,0.002,142101.683333
1743413,IT,US,SALEM,PAPE3,0.07,8525.958,3,3,8525.958,0.0,0.0,0.0,0.0,121799.4
1720205,IT,PL,COPP1,AUXIL,0.02,8525.869,3,3,8525.869,0.0,0.0,0.0,0.0,426293.45
1685330,IT,HU,WEARI,WHOLE,0.06,8525.629,4,4,8525.627,0.0,0.0,0.0,0.002,142093.816667
1790384,IT,WA,LEAD1,SUGA1,0.01,8525.477,3,3,8525.477,0.0,0.0,0.0,0.0,852547.7
1775033,IT,CH,RENTI,MEATC,0.05,8525.414,3,3,8525.414,0.0,0.0,0.0,0.0,170508.28
1647518,IT,BE,SUPPO,ALUM1,0.06,8525.402,3,3,8525.402,0.0,0.0,0.0,0.0,142090.033333
1760880,IT,IN,GASDI,GASDI,0.01,8525.377,3,3,8525.377,0.0,0.0,0.0,0.0,852537.7
1763361,IT,MX,PRINT,PFERT,0.08,8525.049,3,3,8525.049,0.0,0.0,0.0,0.0,106563.1125
1808737,IT,WF,TEXT2,SEACO,0.06,8524.85,3,3,8524.85,0.0,0.0,0.0,0.0,142080.833333
1737172,IT,GB,DAIRY,FISHF,0.03,8524.673,3,3,8524.673,0.0,0.0,0.0,0.0,284155.766667
1678679,IT,GR,VEGE1,MEATC,0.03,8524.254,4,4,8524.252,0.0,0.0,0.0,0.002,284141.8
1670417,IT,FI,FOOD5,FISH5,0.04,8524.19,3,3,8524.19,0.0,0.0,0.0,0.0,213104.75
1642403,IT,AT,PREC1,MACHI,0.01,8524.132,3,3,8524.132,0.0,0.0,0.0,0.0,852413.2
1791672,IT,WA,HOTEL,ELEC4,0.06,8524.067,3,3,8524.067,0.0,0.0,0.0,0.0,142067.783333
1814236,IT,WM,POSTT,PROCE,0.14,8524.008,3,3,8524.008,0.0,0.0,0.0,0.0,60885.771429
1773566,IT,CH,MOTO1,FINAN,0.05,8523.384,3,3,8523.384,0.0,0.0,0.0,0.0,170467.68
1808525,IT,WF,PAPE4,FISHF,0.06,8523.313,3,3,8523.313,0.0,0.0,0.0,0.0,142055.216667
1717586,IT,NL,COMPU,SUPPO,0.1,8523.002,3,3,8523.002,0.0,0.0,0.0,0.0,85230.02
1645418,IT,BE,LIQUE,WHITE,0.01,8522.715,3,3,8522.715,0.0,0.0,0.0,0.0,852271.5
1788882,IT,WA,GASDI,RETAI,0.01,8522.685,3,3,8522.685,0.0,0.0,0.0,0.0,852268.5
1667739,IT,ES,OFFIC,CEREA,0.03,8522.659,3,3,8522.659,0.0,0.0,0.0,0.0,284088.633333
1731429,IT,SI,FOOD5,RAILW,0.04,8522.518,3,3,8522.518,0.0,0.0,0.0,0.0,213062.95
1658385,IT,DE,FABRI,ANTHR,0.03,8522.457,3,3,8522.457,0.0,0.0,0.0,0.0,284081.9
1641700,IT,AT,PLAST,GLASS,0.02,8522.151,3,3,8522.151,0.0,0.0,0.0,0.0,426107.55
1643315,IT,AT,RAILW,PULP5,0.06,8521.727,3,3,8521.727,0.0,0.0,0.0,0.0,142028.783333
1780437,IT,TW,SUPPO,CONST,0.06,8521.665,3,3,8521.665,0.0,0.0,0.0,0.0,142027.75
1763697,IT,MX,RUBBE,ELEC2,0.03,8520.92,3,3,8520.92,0.0,0.0,0.0,0.0,284030.666667
1749140,IT,CN,WOODW,POSTT,0.02,8520.73,3,3,8520.73,0.0,0.0,0.0,0.0,426036.5
1728768,IT,SE,HEAVY,FORES,0.01,8520.662,3,3,8520.662,0.0,0.0,0.0,0.0,852066.2
1646731,IT,BE,CONST,MOTOR,0.05,8520.645,3,3,8520.645,0.0,0.0,0.0,0.0,170412.9
1740641,IT,US,CRUDE,CEMEN,0.02,8520.42,3,3,8520.42,0.0,0.0,0.0,0.0,426021.0
1722817,IT,PT,PAPER,AIRTR,0.03,8520.32,3,3,8520.32,0.0,0.0,0.0,0.0,284010.666667
1759867,IT,BR,FOODW,PLAS2,0.06,8519.817,3,3,8519.817,0.0,0.0,0.0,0.0,141996.95
1640866,IT,AT,LEATH,COALT,0.06,8519.744,3,3,8519.744,0.0,0.0,0.0,0.0,141995.733333
1650961,IT,BG,SUPPO,FISHF,0.06,8519.729,3,3,8519.729,0.0,0.0,0.0,0.0,141995.483333
1738048,IT,GB,RUBBE,MOTOR,0.03,8519.66,3,3,8519.66,0.0,0.0,0.0,0.0,283988.666667
1663216,IT,DK,LANDT,INERT,0.05,8519.291,3,3,8519.291,0.0,0.0,0.0,0.0,170385.82
1810762,IT,WM,AVIAT,DIST1,0.02,8519.287,3,3,8519.287,0.0,0.0,0.0,0.0,425964.35
1768124,IT,RU,PUBLI,VEGET,0.14,8519.194,3,3,8519.194,0.0,0.0,0.0,0.0,60851.385714
1813371,IT,WM,FURNI,NONME,0.03,8518.332,3,3,8518.332,0.0,0.0,0.0,0.0,283944.4
1682566,IT,HR,MOTOR,AIRTR,0.01,8518.123,3,3,8518.123,0.0,0.0,0.0,0.0,851812.3
1682700,IT,HR,GASDI,SANDC,0.01,8518.108,3,3,8518.108,0.0,0.0,0.0,0.0,851810.8
1659530,IT,DE,RETA1,TRAN2,0.09,8517.589,3,3,8517.589,0.0,0.0,0.0,0.0,94639.877778
1659212,IT,DE,CONST,SEWAG,0.05,8516.656,3,3,8516.656,0.0,0.0,0.0,0.0,170333.12
1751879,IT,CN,COMPU,BEVER,0.1,8516.021,3,3,8516.021,0.0,0.0,0.0,0.0,85160.21
1785776,IT,ZA,PLAST,SUPPO,0.02,8515.727,3,3,8515.727,0.0,0.0,0.0,0.0,425786.35
1764075,IT,MX,FABRI,MEAT1,0.03,8515.686,3,3,8515.686,0.0,0.0,0.0,0.0,283856.2
1658014,IT,DE,PREC1,WHITE,0.01,8515.397,3,3,8515.397,0.0,0.0,0.0,0.0,851539.7
1752822,IT,CA,PAPER,NONF1,0.03,8515.125,3,3,8515.125,0.0,0.0,0.0,0.0,283837.5
1662944,IT,DK,RETA1,WHOLE,0.09,8515.032,3,3,8515.032,0.0,0.0,0.0,0.0,94611.466667
1728001,IT,SE,SANDC,BIOGA,0.02,8514.465,4,4,8512.465,0.0,0.0,2.0,0.0,425723.25
1797143,IT,WL,POSTT,FOUND,0.14,8514.372,3,3,8514.372,0.0,0.0,0.0,0.0,60816.942857
1727838,IT,RO,BUSIN,SEACO,0.09,8513.043,3,3,8513.043,0.0,0.0,0.0,0.0,94589.366667
1771409,IT,CH,FOOD5,FURNI,0.04,8512.955,3,3,8512.955,0.0,0.0,0.0,0.0,212823.875
1745544,IT,JP,BEVER,MOTO1,0.04,8512.8,3,3,8512.8,0.0,0.0,0.0,0.0,212820.0
1677772,IT,FR,COMPU,BASIC,0.1,8512.736,3,3,8512.736,0.0,0.0,0.0,0.0,85127.36
1780034,IT,TW,WHOLE,FISHF,0.07,8512.611,3,3,8512.611,0.0,0.0,0.0,0.0,121608.728571
1773185,IT,CH,FABRI,VEGE1,0.03,8512.478,3,3,8512.478,0.0,0.0,0.0,0.0,283749.266667
1660612,IT,DE,REALE,BASIC,0.36,8512.189,3,3,8512.189,0.0,0.0,0.0,0.0,23644.969444
1671083,IT,FI,RUBBE,POSTT,0.03,8512.166,3,3,8512.166,0.0,0.0,0.0,0.0,283738.866667
1666191,IT,ES,HEAVY,MEATC,0.01,8512.146,3,3,8512.146,0.0,0.0,0.0,0.0,851214.6
1710733,IT,LU,BEVER,MACHI,0.04,8511.64,3,3,8511.64,0.0,0.0,0.0,0.0,212791.0
1810980,IT,WM,GASDI,RADIO,0.01,8511.467,3,3,8511.467,0.0,0.0,0.0,0.0,851146.7
1712994,IT,MT,SANDC,MOTO1,0.02,8511.445,4,4,8509.445,0.0,0.0,2.0,0.0,425572.25
1808333,IT,WF,FOOD3,MEATC,0.02,8511.116,3,3,8511.116,0.0,0.0,0.0,0.0,425555.8
1781787,IT,NO,PRINT,RESEA,0.08,8510.897,3,3,8510.897,0.0,0.0,0.0,0.0,106386.2125
1687746,IT,HU,SUPPO,ELEC3,0.06,8510.791,3,3,8510.791,0.0,0.0,0.0,0.0,141846.516667
1725647,IT,RO,PAPER,PIGS9,0.03,8510.746,3,3,8510.746,0.0,0.0,0.0,0.0,283691.533333
1743276,IT,US,FURNI,CERAM,0.03,8510.255,3,3,8510.255,0.0,0.0,0.0,0.0,283675.166667
1649202,IT,BG,PRINT,HEALT,0.08,8509.787,3,3,8509.787,0.0,0.0,0.0,0.0,106372.3375
1756183,IT,KR,MACHI,NONSP,0.05,8509.783,3,3,8509.783,0.0,0.0,0.0,0.0,170195.66
1662729,IT,DK,OFFIC,TEXTI,0.03,8509.45,3,3,8509.45,0.0,0.0,0.0,0.0,283648.333333
1643032,IT,AT,CONST,RAILW,0.05,8509.266,3,3,8509.266,0.0,0.0,0.0,0.0,170185.32
1655298,IT,DE,CEREA,PLAST,0.01,8509.111,3,3,8509.111,0.0,0.0,0.0,0.0,850911.1
1770028,IT,AU,FURNI,BUSIN,0.03,8508.977,3,3,8508.977,0.0,0.0,0.0,0.0,283632.566667
1673392,IT,FR,WEARI,FORES,0.06,8508.555,4,4,8508.553,0.0,0.0,0.0,0.002,141809.25
1667390,IT,ES,COPP1,NONME,0.02,8508.466,3,3,8508.466,0.0,0.0,0.0,0.0,425423.3
1641292,IT,AT,MOTOR,INSUR,0.01,8507.92,3,3,8507.92,0.0,0.0,0.0,0.0,850792.0
1764774,IT,MX,HOTEL,WASTE,0.06,8507.628,3,3,8507.628,0.0,0.0,0.0,0.0,141793.8
1735383,IT,SK,NONME,RAILW,0.02,8507.383,3,3,8507.383,0.0,0.0,0.0,0.0,425369.15
1770964,IT,CH,VEGET,FURNI,0.03,8506.942,3,3,8506.942,0.0,0.0,0.0,0.0,283564.733333
1735040,IT,SK,PLAST,RECRE,0.02,8506.37,3,3,8506.37,0.0,0.0,0.0,0.0,425318.5
1714674,IT,NL,VEGE1,POULT,0.03,8506.225,4,4,8506.223,0.0,0.0,0.0,0.002,283540.833333
1774960,IT,CH,AUXIL,FOOD5,0.16,8505.248,3,3,8505.248,0.0,0.0,0.0,0.0,53157.8
1733333,IT,SI,MOTO1,INERT,0.05,8505.246,3,3,8505.246,0.0,0.0,0.0,0.0,170104.92
1670440,IT,FI,FOOD5,SEACO,0.04,8505.168,3,3,8505.168,0.0,0.0,0.0,0.0,212629.2
1743172,IT,US,MOTO1,TEXT1,0.05,8504.762,3,3,8504.762,0.0,0.0,0.0,0.0,170095.24
1792921,IT,WA,HEALT,INSUR,0.04,8504.748,3,3,8504.748,0.0,0.0,0.0,0.0,212618.7
1733280,IT,SI,OFFIC,OFFIC,0.03,8504.526,3,3,8504.526,0.0,0.0,0.0,0.0,283484.2
1733431,IT,SI,ELEC8,DAIRY,0.11,8504.272,3,3,8504.272,0.0,0.0,0.0,0.0,77311.563636
1768332,IT,AU,CHEMI,HOTEL,0.02,8504.263,3,3,8504.263,0.0,0.0,0.0,0.0,425213.15
1766106,IT,RU,RUBBE,KEROS,0.03,8504.237,3,3,8504.237,0.0,0.0,0.0,0.0,283474.566667
1747685,IT,JP,POSTT,SALEM,0.14,8504.114,3,3,8504.114,0.0,0.0,0.0,0.0,60743.671429
1774180,IT,CH,RETA1,FORES,0.09,8504.044,3,3,8504.044,0.0,0.0,0.0,0.0,94489.377778
1780137,IT,TW,HOTEL,WHITE,0.06,8504.017,3,3,8504.017,0.0,0.0,0.0,0.0,141733.616667
1684542,IT,HR,BUSIN,BASIC,0.09,8503.531,3,3,8503.531,0.0,0.0,0.0,0.0,94483.677778
1754230,IT,CA,POSTT,RUBBE,0.14,8502.272,3,3,8502.272,0.0,0.0,0.0,0.0,60730.514286
1648808,IT,BG,FISH5,MEAT4,0.04,8501.801,4,4,8501.797,0.0,0.0,0.0,0.004,212545.025
1712927,IT,LV,RENTI,REALE,0.05,8501.709,3,3,8501.709,0.0,0.0,0.0,0.0,170034.18
1740138,IT,GB,COMPU,COLLE,0.1,8501.318,3,3,8501.318,0.0,0.0,0.0,0.0,85013.18
1733661,IT,SI,HOTEL,AUXIL,0.06,8500.696,3,3,8500.696,0.0,0.0,0.0,0.0,141678.266667
1790972,IT,WA,MOTO1,LEATH,0.05,8500.483,3,3,8500.483,0.0,0.0,0.0,0.0,170009.66
1802173,IT,WE,HOTEL,CEMEN,0.06,8500.41,3,3,8500.41,0.0,0.0,0.0,0.0,141673.5
1749489,IT,CN,NAPHT,TEXTI,0.01,8500.377,3,3,8500.377,0.0,0.0,0.0,0.0,850037.7
1675162,IT,FR,COPP1,FOOD1,0.02,8500.293,3,3,8500.293,0.0,0.0,0.0,0.0,425014.65
1686659,IT,HU,LEAD1,TEXT1,0.01,8500.161,3,3,8500.161,0.0,0.0,0.0,0.0,850016.1
1793030,IT,WA,FOOD4,PIGS9,0.06,8499.184,3,3,8499.184,0.0,0.0,0.0,0.0,141653.066667
1778700,IT,TR,RAILW,PRECI,0.06,8499.125,3,3,8499.125,0.0,0.0,0.0,0.0,141652.083333
1687704,IT,HU,SUPPO,POULT,0.06,8498.708,3,3,8498.708,0.0,0.0,0.0,0.0,141645.133333
1811455,IT,WM,PLAST,COPP1,0.02,8498.656,3,3,8498.656,0.0,0.0,0.0,0.0,424932.8
1748433,IT,CN,STONE,OILSE,0.03,8498.574,3,3,8498.574,0.0,0.0,0.0,0.0,283285.8
1760187,IT,BR,PAPE4,MEAT1,0.06,8498.163,3,3,8498.163,0.0,0.0,0.0,0.0,141636.05
1763461,IT,MX,PLAST,MOTOR,0.02,8498.011,3,3,8498.011,0.0,0.0,0.0,0.0,424900.55
1728847,IT,SE,PLAST,SECO9,0.02,8497.587,3,3,8497.587,0.0,0.0,0.0,0.0,424879.35
1663353,IT,DK,SUPPO,CONST,0.06,8497.422,3,3,8497.422,0.0,0.0,0.0,0.0,141623.7
1745348,IT,JP,VEGE1,NONSP,0.03,8496.909,4,4,8496.907,0.0,0.0,0.0,0.002,283230.3
1651091,IT,BG,INSUR,FINAN,0.18,8496.884,3,3,8496.884,0.0,0.0,0.0,0.0,47204.911111
1729672,IT,SE,FABRI,RETA1,0.03,8495.646,3,3,8495.646,0.0,0.0,0.0,0.0,283188.2
1730977,IT,SE,WOOD1,REALE,0.06,8495.546,3,3,8495.546,0.0,0.0,0.0,0.0,141592.433333
1791579,IT,WA,RETA1,FINAN,0.09,8495.443,3,3,8495.443,0.0,0.0,0.0,0.0,94393.811111
1741260,IT,US,PAPER,NATUR,0.03,8495.422,3,3,8495.422,0.0,0.0,0.0,0.0,283180.733333
1814578,IT,WM,BUSIN,LEAD1,0.09,8495.324,3,3,8495.324,0.0,0.0,0.0,0.0,94392.488889
1764518,IT,MX,CONST,FINAN,0.05,8494.941,3,3,8494.941,0.0,0.0,0.0,0.0,169898.82
1788704,IT,WA,MOTOR,TEXTI,0.01,8494.726,3,3,8494.726,0.0,0.0,0.0,0.0,849472.6
1679976,IT,GR,FABRI,COLLE,0.03,8494.552,3,3,8494.552,0.0,0.0,0.0,0.0,283151.733333
1805871,IT,WF,ALUM1,PLAST,0.01,8494.254,3,3,8494.254,0.0,0.0,0.0,0.0,849425.4
1803898,IT,WF,WEARI,FOOD5,0.06,8494.162,4,4,8494.16,0.0,0.0,0.0,0.002,141569.366667
1769513,IT,AU,PREC1,FOUND,0.01,8494.065,3,3,8494.065,0.0,0.0,0.0,0.0,849406.5
1712628,IT,LV,MOTO1,FORES,0.05,8493.958,3,3,8493.958,0.0,0.0,0.0,0.0,169879.16
1710310,IT,LT,FURNI,RADIO,0.03,8493.507,3,3,8493.507,0.0,0.0,0.0,0.0,283116.9
1765776,IT,RU,MOTOR,LIGNI,0.01,8493.193,3,3,8493.193,0.0,0.0,0.0,0.0,849319.3
1656958,IT,DE,LIQUE,MEDIC,0.01,8492.404,3,3,8492.404,0.0,0.0,0.0,0.0,849240.4
1771652,IT,CH,WEARI,CERAM,0.06,8492.381,4,4,8492.379,0.0,0.0,0.0,0.002,141539.683333
1733335,IT,SI,MOTO1,93197,0.05,8492.265,3,3,8492.265,0.0,0.0,0.0,0.0,169845.3
1644629,IT,BE,FOOD5,TRAN1,0.04,8491.901,3,3,8491.901,0.0,0.0,0.0,0.0,212297.525
1727480,IT,RO,AUXIL,CHEM1,0.16,8491.901,3,3,8491.901,0.0,0.0,0.0,0.0,53074.38125
1723309,IT,PT,BRICK,CONST,0.01,8491.855,3,3,8491.855,0.0,0.0,0.0,0.0,849185.5
1640676,IT,AT,FISH5,SUGA1,0.04,8491.807,4,4,8491.803,0.0,0.0,0.0,0.004,212295.175
1778194,IT,TR,FURNI,HEAVY,0.03,8491.447,3,3,8491.447,0.0,0.0,0.0,0.0,283048.233333
1688746,IT,IE,ADDIT,NFERT,0.02,8491.02,3,3,8491.02,0.0,0.0,0.0,0.0,424551.0
1807883,IT,WF,PAPE1,SUPPO,0.06,8491.017,3,3,8491.017,0.0,0.0,0.0,0.0,141516.95
1794171,IT,WL,PRINT,LEATH,0.08,8490.963,3,3,8490.963,0.0,0.0,0.0,0.0,106137.0375
1688870,IT,IE,PREC1,WHOLE,0.01,8490.822,3,3,8490.822,0.0,0.0,0.0,0.0,849082.2
1730965,IT,SE,TEXT1,CONST,0.06,8490.771,3,3,8490.771,0.0,0.0,0.0,0.0,141512.85
1772580,IT,CH,RUBBE,AUXIL,0.03,8490.764,3,3,8490.764,0.0,0.0,0.0,0.0,283025.466667
1714361,IT,MT,93197,ELEC8,0.06,8489.99,3,3,8489.99,0.0,0.0,0.0,0.0,141499.833333
1647044,IT,BE,RETA1,OILHA,0.09,8489.957,3,3,8489.957,0.0,0.0,0.0,0.0,94332.855556
1798064,IT,WL,RECRE,PFERT,0.11,8489.781,3,3,8489.781,0.0,0.0,0.0,0.0,77179.827273
1775415,IT,CH,PUBLI,EDUCA,0.14,8489.712,3,3,8489.712,0.0,0.0,0.0,0.0,60640.8
1651740,IT,CY,MACHI,OFFIC,0.05,8489.202,3,3,8489.202,0.0,0.0,0.0,0.0,169784.04
1646584,IT,BE,MOTO1,CHEM1,0.05,8489.029,3,3,8489.029,0.0,0.0,0.0,0.0,169780.58
1749435,IT,CN,GASDI,MACHI,0.01,8489.02,3,3,8489.02,0.0,0.0,0.0,0.0,848902.0
1728745,IT,SE,KERO1,ELEC5,0.01,8488.857,3,3,8488.857,0.0,0.0,0.0,0.0,848885.7
1715106,IT,NL,WEARI,RESEA,0.06,8488.616,4,4,8488.614,0.0,0.0,0.0,0.002,141476.933333
1763389,IT,MX,PRINT,AIRTR,0.08,8488.234,3,3,8488.234,0.0,0.0,0.0,0.0,106102.925
1737010,IT,GB,FORES,MOTO1,0.07,8488.195,4,4,8485.195,0.0,3.0,0.0,0.0,121259.928571
1712636,IT,LV,MOTO1,WHOLE,0.05,8488.066,3,3,8488.066,0.0,0.0,0.0,0.0,169761.32
1735928,IT,SK,MOTO1,RAWMI,0.05,8487.878,3,3,8487.878,0.0,0.0,0.0,0.0,169757.56
1642894,IT,AT,MOTO1,RECRE,0.05,8487.828,3,3,8487.828,0.0,0.0,0.0,0.0,169756.56
1801659,IT,WE,FURNI,RUBBE,0.03,8487.705,3,3,8487.705,0.0,0.0,0.0,0.0,282923.5
1728743,IT,SE,KEROS,BUSIN,0.01,8487.44,3,3,8487.44,0.0,0.0,0.0,0.0,848744.0
1771105,IT,CH,STONE,LANDT,0.03,8487.407,3,3,8487.407,0.0,0.0,0.0,0.0,282913.566667
1710328,IT,LT,FURNI,BUSIN,0.03,8487.179,3,3,8487.179,0.0,0.0,0.0,0.0,282905.966667
1771093,IT,CH,NATUR,FINAN,0.01,8487.082,3,3,8487.082,0.0,0.0,0.0,0.0,848708.2
1667095,IT,ES,NONME,PLAS1,0.02,8486.385,3,3,8486.385,0.0,0.0,0.0,0.0,424319.25
1787087,IT,ZA,BUSIN,MOTOR,0.09,8486.363,3,3,8486.363,0.0,0.0,0.0,0.0,94292.922222
1685329,IT,HU,WEARI,SALEM,0.06,8486.016,4,4,8486.014,0.0,0.0,0.0,0.002,141433.6
1718710,IT,PL,WOODW,MEMBE,0.02,8485.839,3,3,8485.839,0.0,0.0,0.0,0.0,424291.95
1787910,IT,WA,BEVER,NONF1,0.04,8485.622,3,3,8485.622,0.0,0.0,0.0,0.0,212140.55
1644168,IT,AT,RECRE,WHOLE,0.11,8485.195,3,3,8485.195,0.0,0.0,0.0,0.0,77138.136364
1670566,IT,FI,TEXTI,DISTR,0.05,8485.035,3,3,8485.035,0.0,0.0,0.0,0.0,169700.7
1784348,IT,ID,RUBBE,NONF1,0.03,8484.967,3,3,8484.967,0.0,0.0,0.0,0.0,282832.233333
1683475,IT,HR,PREC1,COPP1,0.01,8484.226,3,3,8484.226,0.0,0.0,0.0,0.0,848422.6
1652123,IT,CZ,MEATC,FOOD5,0.03,8483.948,3,3,8483.948,0.0,0.0,0.0,0.0,282798.266667
1802503,IT,WE,POSTT,PRINT,0.14,8483.728,3,3,8483.728,0.0,0.0,0.0,0.0,60598.057143
1679062,IT,GR,WOODW,SUPPO,0.02,8483.53,3,3,8483.53,0.0,0.0,0.0,0.0,424176.5
1710329,IT,LT,FURNI,PUBLI,0.03,8483.065,3,3,8483.065,0.0,0.0,0.0,0.0,282768.833333
1720798,IT,PL,FURNI,DAIRY,0.03,8482.727,3,3,8482.727,0.0,0.0,0.0,0.0,282757.566667
1671935,IT,FI,LANDT,TEXTI,0.05,8482.497,3,3,8482.497,0.0,0.0,0.0,0.0,169649.94
1731736,IT,SI,PULP5,SECO9,0.03,8481.776,3,3,8481.776,0.0,0.0,0.0,0.0,282725.866667
1653345,IT,CZ,GLASS,FOUND,0.02,8481.629,3,3,8481.629,0.0,0.0,0.0,0.0,424081.45
1711711,IT,LU,BUSIN,ALUM1,0.09,8481.227,3,3,8481.227,0.0,0.0,0.0,0.0,94235.855556
1712270,IT,LV,PLAST,SECO9,0.02,8481.181,3,3,8481.181,0.0,0.0,0.0,0.0,424059.05
1717094,IT,NL,TRAN2,CRUDE,0.01,8480.872,3,3,8480.872,0.0,0.0,0.0,0.0,848087.2
1682511,IT,HR,PRINT,PUBLI,0.08,8480.431,3,3,8480.431,0.0,0.0,0.0,0.0,106005.3875
1775852,IT,TR,VEGE1,PUBLI,0.03,8480.389,4,4,8480.387,0.0,0.0,0.0,0.002,282679.633333
1644021,IT,AT,BUSIN,TOBAC,0.09,8479.686,3,3,8479.686,0.0,0.0,0.0,0.0,94218.733333
1660652,IT,DE,REALE,AUXIL,0.36,8479.297,3,3,8479.297,0.0,0.0,0.0,0.0,23553.602778
1782592,IT,NO,FURNI,NATUR,0.03,8479.25,3,3,8479.25,0.0,0.0,0.0,0.0,282641.666667
1779576,IT,TR,COMPU,OFFIC,0.1,8478.975,3,3,8478.975,0.0,0.0,0.0,0.0,84789.75
1813568,IT,WM,WHOLE,ALUM1,0.07,8478.919,3,3,8478.919,0.0,0.0,0.0,0.0,121127.414286
1801991,IT,WE,WHOLE,CRUDE,0.07,8478.663,3,3,8478.663,0.0,0.0,0.0,0.0,121123.757143
1714706,IT,NL,VEGE1,REALE,0.03,8478.244,4,4,8478.242,0.0,0.0,0.0,0.002,282608.133333
1719627,IT,PL,CERAM,INLAN,0.01,8477.568,3,3,8477.568,0.0,0.0,0.0,0.0,847756.8
1760908,IT,IN,GASDI,FOOD3,0.01,8477.533,3,3,8477.533,0.0,0.0,0.0,0.0,847753.3
1653189,IT,CZ,CHEM1,WOOD2,0.02,8477.453,3,3,8477.453,0.0,0.0,0.0,0.0,423872.65
1679027,IT,GR,WOODW,MOTOR,0.02,8477.409,3,3,8477.409,0.0,0.0,0.0,0.0,423870.45
1748575,IT,CN,VEGE1,CEMEN,0.03,8476.596,4,4,8476.594,0.0,0.0,0.0,0.002,282553.2
1644500,IT,BE,DAIRY,TOBAC,0.03,8476.523,3,3,8476.523,0.0,0.0,0.0,0.0,282550.766667
1769410,IT,AU,BRICK,RADIO,0.01,8476.293,3,3,8476.293,0.0,0.0,0.0,0.0,847629.3
1709620,IT,LT,PAPER,RESEA,0.03,8475.611,3,3,8475.611,0.0,0.0,0.0,0.0,282520.366667
1682548,IT,HR,MOTOR,ELECT,0.01,8475.186,3,3,8475.186,0.0,0.0,0.0,0.0,847518.6
1723747,IT,PT,MACHI,WASTE,0.05,8474.911,3,3,8474.911,0.0,0.0,0.0,0.0,169498.22
1687101,IT,HU,MOTO1,FOOD4,0.05,8474.84,3,3,8474.84,0.0,0.0,0.0,0.0,169496.8
1663810,IT,EE,BEVER,93197,0.04,8474.398,3,3,8474.398,0.0,0.0,0.0,0.0,211859.95
1713651,IT,MT,ALUM1,WHOLE,0.01,8474.266,3,3,8474.266,0.0,0.0,0.0,0.0,847426.6
1712463,IT,LV,ALUM1,BASIC,0.01,8474.051,3,3,8474.051,0.0,0.0,0.0,0.0,847405.1
1640554,IT,AT,FOOD5,NONME,0.04,8473.995,3,3,8473.995,0.0,0.0,0.0,0.0,211849.875
1809637,IT,WM,DAIRY,NAPHT,0.03,8473.966,3,3,8473.966,0.0,0.0,0.0,0.0,282465.533333
1688533,IT,IE,PAPER,OFFIC,0.03,8473.461,3,3,8473.461,0.0,0.0,0.0,0.0,282448.7
1774628,IT,CH,INLAN,MEATC,0.01,8473.093,3,3,8473.093,0.0,0.0,0.0,0.0,847309.3
1712182,IT,LV,WOODW,FABRI,0.02,8472.961,3,3,8472.961,0.0,0.0,0.0,0.0,423648.05
1662625,IT,DK,MACHI,ANIMA,0.05,8471.982,3,3,8471.982,0.0,0.0,0.0,0.0,169439.64
1793701,IT,WL,FOOD5,CHARC,0.04,8471.774,3,3,8471.774,0.0,0.0,0.0,0.0,211794.35
1647892,IT,BE,REALE,PETRO,0.36,8471.603,3,3,8471.603,0.0,0.0,0.0,0.0,23532.230556
1747294,IT,JP,WHOLE,ELECT,0.07,8471.264,3,3,8471.264,0.0,0.0,0.0,0.0,121018.057143
1787363,IT,WA,ANIMA,WHOLE,0.03,8471.094,3,3,8471.094,0.0,0.0,0.0,0.0,282369.8
1724322,IT,PT,LANDT,93197,0.05,8470.685,3,3,8470.685,0.0,0.0,0.0,0.0,169413.7
1711323,IT,LU,WHOLE,NONME,0.07,8470.581,3,3,8470.581,0.0,0.0,0.0,0.0,121008.3
1777176,IT,TR,BIODI,INERT,0.02,8470.51,3,3,8470.51,0.0,0.0,0.0,0.0,423525.5
1762740,IT,IN,BUSIN,LEAD1,0.09,8470.282,3,3,8470.282,0.0,0.0,0.0,0.0,94114.244444
1810084,IT,WM,TEXTI,DIST1,0.05,8470.2,3,3,8470.2,0.0,0.0,0.0,0.0,169404.0
1752725,IT,CA,LEATH,COLLE,0.06,8469.845,3,3,8469.845,0.0,0.0,0.0,0.0,141164.083333
1757755,IT,BR,NONSP,LUBRI,0.01,8469.224,3,3,8469.224,0.0,0.0,0.0,0.0,846922.4
1727069,IT,RO,RAILW,PUBLI,0.06,8468.76,3,3,8468.76,0.0,0.0,0.0,0.0,141146.0
1777836,IT,TR,FABRI,ELEC5,0.03,8468.577,3,3,8468.577,0.0,0.0,0.0,0.0,282285.9
1660802,IT,DE,COMPU,PFERT,0.1,8468.18,3,3,8468.18,0.0,0.0,0.0,0.0,84681.8
1752216,IT,CN,PUBLI,COMPU,0.14,8467.966,3,3,8467.966,0.0,0.0,0.0,0.0,60485.471429
1763178,IT,MX,LEATH,OFFIC,0.06,8467.586,3,3,8467.586,0.0,0.0,0.0,0.0,141126.433333
1646525,IT,BE,MACHI,FOOD3,0.05,8467.571,3,3,8467.571,0.0,0.0,0.0,0.0,169351.42
1710660,IT,LU,VEGE1,SUGA1,0.03,8467.356,4,4,8467.354,0.0,0.0,0.0,0.002,282245.2
1777172,IT,TR,BIODI,WASTE,0.02,8467.113,3,3,8467.113,0.0,0.0,0.0,0.0,423355.65
1760909,IT,IN,GASDI,WASTE,0.01,8466.625,3,3,8466.625,0.0,0.0,0.0,0.0,846662.5
1730668,IT,SE,RENTI,FOODW,0.05,8466.579,3,3,8466.579,0.0,0.0,0.0,0.0,169331.58
1647030,IT,BE,RETA1,INLAN,0.09,8466.526,3,3,8466.526,0.0,0.0,0.0,0.0,94072.511111
1800671,IT,WE,CERAM,SUPPO,0.01,8466.358,3,3,8466.358,0.0,0.0,0.0,0.0,846635.8
1746143,IT,JP,PLAST,DAIRY,0.02,8466.221,3,3,8466.221,0.0,0.0,0.0,0.0,423311.05
1760503,IT,IN,TEXTI,RECRE,0.05,8466.15,3,3,8466.15,0.0,0.0,0.0,0.0,169323.0
1656424,IT,DE,WOODW,SEWAG,0.02,8465.9,3,3,8465.9,0.0,0.0,0.0,0.0,423295.0
1641264,IT,AT,MOTOR,NONF1,0.01,8465.515,3,3,8465.515,0.0,0.0,0.0,0.0,846551.5
1808167,IT,WF,OILHA,SUGA1,0.05,8465.214,3,3,8465.214,0.0,0.0,0.0,0.0,169304.28
1727287,IT,RO,POSTT,CRUDE,0.14,8464.579,3,3,8464.579,0.0,0.0,0.0,0.0,60461.278571
1737774,IT,GB,HEAVY,EDUCA,0.01,8464.377,3,3,8464.377,0.0,0.0,0.0,0.0,846437.7
1653406,IT,CZ,CERAM,RAILW,0.01,8464.325,3,3,8464.325,0.0,0.0,0.0,0.0,846432.5
1726536,IT,RO,OFFIC,PIGS9,0.03,8463.71,3,3,8463.71,0.0,0.0,0.0,0.0,282123.666667
1794172,IT,WL,PRINT,WOODW,0.08,8463.29,3,3,8463.29,0.0,0.0,0.0,0.0,105791.125
1793278,IT,WA,PRIVA,CHARC,1.89,8463.256,3,3,8463.256,0.0,0.0,0.0,0.0,4477.913228
1735355,IT,SK,NONME,STONE,0.02,8463.218,3,3,8463.218,0.0,0.0,0.0,0.0,423160.9
1641845,IT,AT,CHEM1,WASTE,0.02,8463.045,3,3,8463.045,0.0,0.0,0.0,0.0,423152.25
1670819,IT,FI,GASDI,GASDI,0.01,8463.007,3,3,8463.007,0.0,0.0,0.0,0.0,846300.7
1772514,IT,CH,RUBBE,FISH5,0.03,8462.868,3,3,8462.868,0.0,0.0,0.0,0.0,282095.6
1764686,IT,MX,HOTEL,LEADZ,0.06,8462.068,3,3,8462.068,0.0,0.0,0.0,0.0,141034.466667
1723445,IT,PT,PREC1,MOTO1,0.01,8462.001,3,3,8462.001,0.0,0.0,0.0,0.0,846200.1
1769374,IT,AU,CERAM,GASDI,0.01,8461.748,3,3,8461.748,0.0,0.0,0.0,0.0,846174.8
1760362,IT,IN,CHEMI,ELECT,0.02,8460.79,3,3,8460.79,0.0,0.0,0.0,0.0,423039.5
1745061,IT,US,PUBLI,ELEC1,0.14,8460.671,3,3,8460.671,0.0,0.0,0.0,0.0,60433.364286
1738226,IT,GB,CEMEN,STONE,0.01,8460.668,3,3,8460.668,0.0,0.0,0.0,0.0,846066.8
1714027,IT,MT,HOTEL,TOBAC,0.06,8460.075,3,3,8460.075,0.0,0.0,0.0,0.0,141001.25
1724635,IT,PT,FINAN,COMPU,0.11,8459.352,3,3,8459.352,0.0,0.0,0.0,0.0,76903.2
1803932,IT,WF,WEARI,RAILW,0.06,8458.831,4,4,8458.829,0.0,0.0,0.0,0.002,140980.516667
1811985,IT,WM,GLASS,NFERT,0.02,8458.814,3,3,8458.814,0.0,0.0,0.0,0.0,422940.7
1737810,IT,GB,BITU1,PRINT,0.01,8458.755,3,3,8458.755,0.0,0.0,0.0,0.0,845875.5
1756297,IT,KR,MOTO1,LEAD1,0.05,8458.623,3,3,8458.623,0.0,0.0,0.0,0.0,169172.46
1781135,IT,TW,WOOD1,PUBLI,0.06,8458.479,3,3,8458.479,0.0,0.0,0.0,0.0,140974.65
1777167,IT,TR,BIODI,SECO9,0.02,8458.171,3,3,8458.171,0.0,0.0,0.0,0.0,422908.55
1769890,IT,AU,MOTO1,COKIN,0.05,8458.088,3,3,8458.088,0.0,0.0,0.0,0.0,169161.76
1777171,IT,TR,BIODI,FOOD3,0.02,8457.996,3,3,8457.996,0.0,0.0,0.0,0.0,422899.8
1652188,IT,CZ,DAIRY,BEVER,0.03,8457.991,3,3,8457.991,0.0,0.0,0.0,0.0,281933.033333
1646281,IT,BE,COPP1,ALUM1,0.02,8457.812,3,3,8457.812,0.0,0.0,0.0,0.0,422890.6
1777168,IT,TR,BIODI,INTER,0.02,8457.747,3,3,8457.747,0.0,0.0,0.0,0.0,422887.35
1777173,IT,TR,BIODI,FOOD4,0.02,8457.745,3,3,8457.745,0.0,0.0,0.0,0.0,422887.25
1777170,IT,TR,BIODI,FOOD2,0.02,8457.741,3,3,8457.741,0.0,0.0,0.0,0.0,422887.05
1777174,IT,TR,BIODI,PAPE4,0.02,8457.74,3,3,8457.74,0.0,0.0,0.0,0.0,422887.0
1777169,IT,TR,BIODI,OILHA,0.02,8457.731,3,3,8457.731,0.0,0.0,0.0,0.0,422886.55
1777175,IT,TR,BIODI,PLAS2,0.02,8457.729,3,3,8457.729,0.0,0.0,0.0,0.0,422886.45
1777178,IT,TR,BIODI,WOOD2,0.02,8457.726,3,3,8457.726,0.0,0.0,0.0,0.0,422886.3
1777177,IT,TR,BIODI,TEXT2,0.02,8457.725,3,3,8457.725,0.0,0.0,0.0,0.0,422886.25
1787843,IT,WA,FOOD5,PRINT,0.04,8456.774,3,3,8456.774,0.0,0.0,0.0,0.0,211419.35
1808583,IT,WF,PAPE4,COMPU,0.06,8456.701,3,3,8456.701,0.0,0.0,0.0,0.0,140945.016667
1757790,IT,BR,PLAST,COPP1,0.02,8456.58,3,3,8456.58,0.0,0.0,0.0,0.0,422829.0
1678700,IT,GR,VEGE1,PUBLI,0.03,8456.494,4,4,8456.492,0.0,0.0,0.0,0.002,281883.133333
1770606,IT,AU,POSTT,INSUR,0.14,8456.39,3,3,8456.39,0.0,0.0,0.0,0.0,60402.785714
1716570,IT,NL,SALEM,FORES,0.07,8456.302,3,3,8456.302,0.0,0.0,0.0,0.0,120804.314286
1782150,IT,NO,NONME,GASDI,0.02,8455.827,3,3,8455.827,0.0,0.0,0.0,0.0,422791.35
1646175,IT,BE,ALUM1,GASDI,0.01,8455.679,3,3,8455.679,0.0,0.0,0.0,0.0,845567.9
1730145,IT,SE,LANDT,FISHF,0.05,8454.843,3,3,8454.843,0.0,0.0,0.0,0.0,169096.86
1678644,IT,GR,MEATC,INSUR,0.03,8454.578,3,3,8454.578,0.0,0.0,0.0,0.0,281819.266667
1787648,IT,WA,MEAT4,SALEM,0.05,8454.383,3,3,8454.383,0.0,0.0,0.0,0.0,169087.66
1727114,IT,RO,LANDT,CHEM1,0.05,8454.253,3,3,8454.253,0.0,0.0,0.0,0.0,169085.06
1781110,IT,TW,PUBLI,AUXIL,0.14,8454.16,3,3,8454.16,0.0,0.0,0.0,0.0,60386.857143
1759941,IT,BR,PLAS1,FABRI,0.03,8453.807,3,3,8453.807,0.0,0.0,0.0,0.0,281793.566667
1668221,IT,ES,RETAI,COPP1,0.07,8453.726,3,3,8453.726,0.0,0.0,0.0,0.0,120767.514286
1767229,IT,RU,HOTEL,VEGET,0.06,8452.894,3,3,8452.894,0.0,0.0,0.0,0.0,140881.566667
1725622,IT,RO,WOODW,MEMBE,0.02,8452.591,3,3,8452.591,0.0,0.0,0.0,0.0,422629.55
1712585,IT,LV,MACHI,TRAN2,0.05,8452.505,3,3,8452.505,0.0,0.0,0.0,0.0,169050.1
1765594,IT,RU,WOODW,CRUDE,0.02,8452.179,3,3,8452.179,0.0,0.0,0.0,0.0,422608.95
1712309,IT,LV,RUBBE,MEATC,0.03,8451.993,3,3,8451.993,0.0,0.0,0.0,0.0,281733.1
1752995,IT,CA,CHEM1,KERO1,0.02,8451.828,3,3,8451.828,0.0,0.0,0.0,0.0,422591.4
1789873,IT,WA,CERAM,PUBLI,0.01,8450.532,3,3,8450.532,0.0,0.0,0.0,0.0,845053.2
1740058,IT,GB,RENTI,RAILW,0.05,8450.422,3,3,8450.422,0.0,0.0,0.0,0.0,169008.44
1652614,IT,CZ,WOODW,SANDC,0.02,8450.348,3,3,8450.348,0.0,0.0,0.0,0.0,422517.4
1667606,IT,ES,MACHI,SUBBI,0.05,8450.243,3,3,8450.243,0.0,0.0,0.0,0.0,169004.86
1782563,IT,NO,TRANS,CRUDE,0.05,8450.154,3,3,8450.154,0.0,0.0,0.0,0.0,169003.08
1722424,IT,PT,MEAT1,HEALT,0.04,8450.1,3,3,8450.1,0.0,0.0,0.0,0.0,211252.5
1753185,IT,CA,GLASS,ADDIT,0.02,8449.786,3,3,8449.786,0.0,0.0,0.0,0.0,422489.3
1735206,IT,SK,RUBBE,COLLE,0.03,8449.677,3,3,8449.677,0.0,0.0,0.0,0.0,281655.9
1682711,IT,HR,GASDI,PLAST,0.01,8449.643,3,3,8449.643,0.0,0.0,0.0,0.0,844964.3
1729707,IT,SE,MACHI,CATTL,0.05,8449.469,3,3,8449.469,0.0,0.0,0.0,0.0,168989.38
1640415,IT,AT,VEGE1,FISHF,0.03,8449.419,4,4,8449.417,0.0,0.0,0.0,0.002,281647.3
1733640,IT,SI,HOTEL,ELEC3,0.06,8448.599,3,3,8448.599,0.0,0.0,0.0,0.0,140809.983333
1645913,IT,BE,CERAM,TOBAC,0.01,8448.31,3,3,8448.31,0.0,0.0,0.0,0.0,844831.0
1732769,IT,SI,NONME,COPP1,0.02,8448.218,3,3,8448.218,0.0,0.0,0.0,0.0,422410.9
1793025,IT,WA,WASTE,RETA1,0.03,8448.158,3,3,8448.158,0.0,0.0,0.0,0.0,281605.266667
1720147,IT,PL,COPP1,WEARI,0.02,8447.827,3,3,8447.827,0.0,0.0,0.0,0.0,422391.35
1778162,IT,TR,TRANS,PUBLI,0.05,8447.53,3,3,8447.53,0.0,0.0,0.0,0.0,168950.6
1712127,IT,LV,WEARI,PFERT,0.06,8447.052,4,4,8447.05,0.0,0.0,0.0,0.002,140784.2
1642074,IT,AT,GLASS,BIODI,0.02,8446.901,3,3,8446.901,0.0,0.0,0.0,0.0,422345.05
1685206,IT,HU,FISH5,CEMEN,0.04,8446.365,4,4,8446.361,0.0,0.0,0.0,0.004,211159.125
1810405,IT,WM,PULP5,NATU1,0.03,8446.208,3,3,8446.208,0.0,0.0,0.0,0.0,281540.266667
1802736,IT,WE,RESEA,OFFIC,0.05,8445.737,3,3,8445.737,0.0,0.0,0.0,0.0,168914.74
1760248,IT,BR,WOOD2,CERAM,0.05,8445.633,3,3,8445.633,0.0,0.0,0.0,0.0,168912.66
1687992,IT,HU,RENTI,COLLE,0.05,8445.52,3,3,8445.52,0.0,0.0,0.0,0.0,168910.4
1690098,IT,IE,RENTI,FOOD2,0.05,8445.475,3,3,8445.475,0.0,0.0,0.0,0.0,168909.5
1793744,IT,WL,BEVER,BIODI,0.04,8445.398,3,3,8445.398,0.0,0.0,0.0,0.0,211134.95
1660368,IT,DE,FINAN,CERAM,0.11,8445.336,3,3,8445.336,0.0,0.0,0.0,0.0,76775.781818
1661604,IT,DK,BEVER,FOODW,0.04,8445.062,3,3,8445.062,0.0,0.0,0.0,0.0,211126.55
1780780,IT,TW,RENTI,SALEM,0.05,8443.639,3,3,8443.639,0.0,0.0,0.0,0.0,168872.78
1731047,IT,SI,CEREA,CATTL,0.01,8443.462,3,3,8443.462,0.0,0.0,0.0,0.0,844346.2
1689875,IT,IE,AUXIL,FOOD5,0.15,8443.079,3,3,8443.079,0.0,0.0,0.0,0.0,56287.193333
1743408,IT,US,SALEM,PLAS1,0.07,8442.994,3,3,8442.994,0.0,0.0,0.0,0.0,120614.2
1778663,IT,TR,HOTEL,RETAI,0.06,8442.911,3,3,8442.911,0.0,0.0,0.0,0.0,140715.183333
1724399,IT,PT,INLAN,SUPPO,0.01,8442.72,3,3,8442.72,0.0,0.0,0.0,0.0,844272.0
1715014,IT,NL,TEXTI,VEGET,0.05,8442.478,3,3,8442.478,0.0,0.0,0.0,0.0,168849.56
1711263,IT,LU,MOTO1,RETA1,0.04,8442.257,3,3,8442.257,0.0,0.0,0.0,0.0,211056.425
1806447,IT,WF,TRANS,TEXTI,0.05,8442.078,3,3,8442.078,0.0,0.0,0.0,0.0,168841.56
1757425,IT,BR,PAPER,CROPS,0.03,8441.924,3,3,8441.924,0.0,0.0,0.0,0.0,281397.466667
1751117,IT,CN,RETA1,MEDIC,0.09,8441.718,3,3,8441.718,0.0,0.0,0.0,0.0,93796.866667
1686494,IT,HU,PREC1,NONME,0.01,8441.671,3,3,8441.671,0.0,0.0,0.0,0.0,844167.1
1732703,IT,SI,CERAM,EDUCA,0.01,8441.567,3,3,8441.567,0.0,0.0,0.0,0.0,844156.7
1806830,IT,WF,RETA1,MOTO1,0.09,8441.386,3,3,8441.386,0.0,0.0,0.0,0.0,93793.177778
1762354,IT,IN,SUPPO,COMPU,0.06,8440.877,3,3,8440.877,0.0,0.0,0.0,0.0,140681.283333
1786531,IT,ZA,FURNI,BEVER,0.03,8440.527,3,3,8440.527,0.0,0.0,0.0,0.0,281350.9
1712956,IT,MT,VEGET,RECRE,0.03,8440.437,3,3,8440.437,0.0,0.0,0.0,0.0,281347.9
1786646,IT,ZA,WHOLE,WOODW,0.07,8440.425,3,3,8440.425,0.0,0.0,0.0,0.0,120577.5
1711991,IT,LV,VEGET,RENTI,0.03,8440.323,3,3,8440.323,0.0,0.0,0.0,0.0,281344.1
1758954,IT,BR,RAILW,HOTEL,0.06,8440.198,3,3,8440.198,0.0,0.0,0.0,0.0,140669.966667
1738117,IT,GB,GLASS,CHEMI,0.02,8440.099,3,3,8440.099,0.0,0.0,0.0,0.0,422004.95
1648755,IT,BG,BEVER,MEATA,0.04,8440.028,3,3,8440.028,0.0,0.0,0.0,0.0,211000.7
1732897,IT,SI,PREC1,NONME,0.01,8440.024,3,3,8440.024,0.0,0.0,0.0,0.0,844002.4
1655885,IT,DE,DAIRY,DISTR,0.03,8440.004,3,3,8440.004,0.0,0.0,0.0,0.0,281333.466667
1685013,IT,HU,VEGE1,RESEA,0.03,8439.877,4,4,8439.875,0.0,0.0,0.0,0.002,281329.233333
1643471,IT,AT,LANDT,RETAI,0.05,8439.846,3,3,8439.846,0.0,0.0,0.0,0.0,168796.92
1767232,IT,RU,HOTEL,FISHF,0.06,8439.204,3,3,8439.204,0.0,0.0,0.0,0.0,140653.4
1667642,IT,ES,MACHI,REFI1,0.05,8438.229,3,3,8438.229,0.0,0.0,0.0,0.0,168764.58
1678587,IT,GR,ANIMA,PULP5,0.03,8437.208,3,3,8437.208,0.0,0.0,0.0,0.0,281240.266667
1780793,IT,TW,RENTI,RESEA,0.05,8437.161,3,3,8437.161,0.0,0.0,0.0,0.0,168743.22
1674802,IT,FR,CEMEN,FURNI,0.01,8436.86,3,3,8436.86,0.0,0.0,0.0,0.0,843686.0
1808481,IT,WF,FOOD4,ELEC2,0.06,8436.034,3,3,8436.034,0.0,0.0,0.0,0.0,140600.566667
1666868,IT,ES,GLASS,PFERT,0.02,8435.943,3,3,8435.943,0.0,0.0,0.0,0.0,421797.15
1781296,IT,NO,VEGE1,ANIMA,0.03,8435.484,4,4,8435.482,0.0,0.0,0.0,0.002,281182.8
1654810,IT,CZ,SUPPO,SALEM,0.06,8435.43,3,3,8435.43,0.0,0.0,0.0,0.0,140590.5
1727582,IT,RO,REALE,ELEC8,0.36,8435.408,3,3,8435.408,0.0,0.0,0.0,0.0,23431.688889
1662738,IT,DK,OFFIC,OFFIC,0.03,8435.329,3,3,8435.329,0.0,0.0,0.0,0.0,281177.633333
1740134,IT,GB,COMPU,ELEC5,0.1,8434.411,3,3,8434.411,0.0,0.0,0.0,0.0,84344.11
1762930,IT,MX,MEAT4,MEAT4,0.05,8434.347,3,3,8434.347,0.0,0.0,0.0,0.0,168686.94
1727155,IT,RO,LANDT,INSUR,0.05,8434.187,3,3,8434.187,0.0,0.0,0.0,0.0,168683.74
1669163,IT,ES,POSTT,BIOGA,0.14,8433.767,3,3,8433.767,0.0,0.0,0.0,0.0,60241.192857
1716789,IT,NL,RETA1,LANDT,0.09,8433.716,3,3,8433.716,0.0,0.0,0.0,0.0,93707.955556
1787901,IT,WA,BEVER,HEAVY,0.04,8433.396,3,3,8433.396,0.0,0.0,0.0,0.0,210834.9
1652624,IT,CZ,WOODW,NFERT,0.02,8433.206,3,3,8433.206,0.0,0.0,0.0,0.0,421660.3
1763417,IT,MX,HEAVY,BEVER,0.01,8433.041,3,3,8433.041,0.0,0.0,0.0,0.0,843304.1
1678781,IT,GR,FOOD5,LEATH,0.04,8432.983,3,3,8432.983,0.0,0.0,0.0,0.0,210824.575
1783709,IT,NO,FOOD4,LEAD1,0.06,8432.954,3,3,8432.954,0.0,0.0,0.0,0.0,140549.233333
1712600,IT,LV,OFFIC,RAWMI,0.03,8432.76,3,3,8432.76,0.0,0.0,0.0,0.0,281092.0
1756117,IT,KR,FABRI,INSUR,0.03,8432.569,3,3,8432.569,0.0,0.0,0.0,0.0,281085.633333
1711902,IT,LU,FOOD2,MACHI,0.05,8432.421,3,3,8432.421,0.0,0.0,0.0,0.0,168648.42
1733060,IT,SI,COPP1,COLLE,0.02,8432.409,3,3,8432.409,0.0,0.0,0.0,0.0,421620.45
1787354,IT,WA,MEATA,WHOLE,0.05,8432.046,3,3,8432.046,0.0,0.0,0.0,0.0,168640.92
1676731,IT,FR,RAILW,SEWAG,0.06,8432.021,3,3,8432.021,0.0,0.0,0.0,0.0,140533.683333
1787426,IT,WA,STONE,CATTL,0.03,8431.986,3,3,8431.986,0.0,0.0,0.0,0.0,281066.2
1653467,IT,CZ,NONME,WASTE,0.02,8431.242,3,3,8431.242,0.0,0.0,0.0,0.0,421562.1
1679701,IT,GR,CEMEN,SUPPO,0.01,8431.19,3,3,8431.19,0.0,0.0,0.0,0.0,843119.0
1688588,IT,IE,PRINT,FINAN,0.08,8431.167,3,3,8431.167,0.0,0.0,0.0,0.0,105389.5875
1652948,IT,CZ,HEAVY,NONME,0.01,8431.077,3,3,8431.077,0.0,0.0,0.0,0.0,843107.7
1799308,IT,WE,WOODW,POULT,0.02,8430.73,3,3,8430.73,0.0,0.0,0.0,0.0,421536.5
1661569,IT,DK,BEVER,BRICK,0.04,8430.363,3,3,8430.363,0.0,0.0,0.0,0.0,210759.075
1760451,IT,IN,BEVER,RETA1,0.04,8430.26,3,3,8430.26,0.0,0.0,0.0,0.0,210756.5
1761196,IT,IN,ADDIT,PLAST,0.02,8429.114,3,3,8429.114,0.0,0.0,0.0,0.0,421455.7
1757351,IT,BR,TEXTI,REALE,0.05,8428.544,3,3,8428.544,0.0,0.0,0.0,0.0,168570.88
1659208,IT,DE,CONST,PLAS1,0.05,8428.314,3,3,8428.314,0.0,0.0,0.0,0.0,168566.28
1786706,IT,ZA,RETA1,TOBAC,0.09,8428.279,3,3,8428.279,0.0,0.0,0.0,0.0,93647.544444
1667601,IT,ES,MACHI,RAWMI,0.05,8427.839,3,3,8427.839,0.0,0.0,0.0,0.0,168556.78
1725380,IT,RO,TEXTI,KEROS,0.05,8427.623,3,3,8427.623,0.0,0.0,0.0,0.0,168552.46
1770049,IT,AU,SALEM,CONST,0.07,8427.455,3,3,8427.455,0.0,0.0,0.0,0.0,120392.214286
1733805,IT,SI,LANDT,AUXIL,0.05,8427.003,3,3,8427.003,0.0,0.0,0.0,0.0,168540.06
1775679,IT,TR,VEGET,PUBLI,0.03,8426.463,3,3,8426.463,0.0,0.0,0.0,0.0,280882.1
1688383,IT,IE,FOOD5,MEAT1,0.04,8426.113,3,3,8426.113,0.0,0.0,0.0,0.0,210652.825
1768334,IT,AU,CHEMI,MEMBE,0.02,8425.191,3,3,8425.191,0.0,0.0,0.0,0.0,421259.55
1717581,IT,NL,COMPU,RETA1,0.1,8425.067,3,3,8425.067,0.0,0.0,0.0,0.0,84250.67
1795359,IT,WL,NONME,PUBLI,0.02,8425.03,3,3,8425.03,0.0,0.0,0.0,0.0,421251.5
1643860,IT,AT,AUXIL,INSUR,0.15,8424.857,3,3,8424.857,0.0,0.0,0.0,0.0,56165.713333
1687159,IT,HU,FURNI,ALUM1,0.03,8424.821,3,3,8424.821,0.0,0.0,0.0,0.0,280827.366667
1669649,IT,ES,RENTI,INERT,0.05,8424.785,3,3,8424.785,0.0,0.0,0.0,0.0,168495.7
1765150,IT,MX,BUSIN,MOTOR,0.09,8424.471,3,3,8424.471,0.0,0.0,0.0,0.0,93605.233333
1655163,IT,CZ,BUSIN,TRANS,0.09,8424.333,3,3,8424.333,0.0,0.0,0.0,0.0,93603.7
1660811,IT,DE,COMPU,BRICK,0.1,8423.667,3,3,8423.667,0.0,0.0,0.0,0.0,84236.67
1687526,IT,HU,LANDT,NONSP,0.05,8423.267,3,3,8423.267,0.0,0.0,0.0,0.0,168465.34
1653708,IT,CZ,COPP1,FORES,0.02,8423.255,3,3,8423.255,0.0,0.0,0.0,0.0,421162.75
1783537,IT,NO,OILHA,FOOD3,0.05,8423.126,3,3,8423.126,0.0,0.0,0.0,0.0,168462.52
1652360,IT,CZ,FISH5,RETA1,0.04,8422.689,4,4,8422.685,0.0,0.0,0.0,0.004,210567.225
1656600,IT,DE,PRINT,ALUM1,0.08,8421.116,3,3,8421.116,0.0,0.0,0.0,0.0,105263.95
1740569,IT,US,CROPS,RAWMI,0.07,8420.938,3,3,8420.938,0.0,0.0,0.0,0.0,120299.114286
1785160,IT,ZA,FOOD5,MEATP,0.04,8420.925,3,3,8420.925,0.0,0.0,0.0,0.0,210523.125
1710522,IT,LT,SUPPO,BIODI,0.06,8420.723,3,3,8420.723,0.0,0.0,0.0,0.0,140345.383333
1721641,IT,PL,POSTT,RESEA,0.14,8420.507,3,3,8420.507,0.0,0.0,0.0,0.0,60146.478571
1790452,IT,WA,COPP1,POULT,0.02,8420.133,3,3,8420.133,0.0,0.0,0.0,0.0,421006.65
1797941,IT,WL,FOOD4,CONST,0.06,8420.04,3,3,8420.04,0.0,0.0,0.0,0.0,140334.0
1652380,IT,CZ,TEXTI,FOOD5,0.05,8418.654,3,3,8418.654,0.0,0.0,0.0,0.0,168373.08
1643011,IT,AT,CONST,BASIC,0.05,8418.192,3,3,8418.192,0.0,0.0,0.0,0.0,168363.84
1679041,IT,GR,WOODW,NONME,0.02,8418.118,3,3,8418.118,0.0,0.0,0.0,0.0,420905.9
1814187,IT,WM,SUPPO,NAPHT,0.06,8417.758,3,3,8417.758,0.0,0.0,0.0,0.0,140295.966667
1688530,IT,IE,PAPER,LIQUE,0.03,8417.587,3,3,8417.587,0.0,0.0,0.0,0.0,280586.233333
1794725,IT,WL,LUBRI,CONST,0.01,8416.976,3,3,8416.976,0.0,0.0,0.0,0.0,841697.6
1781140,IT,TW,FOOD1,PUBLI,0.04,8416.691,3,3,8416.691,0.0,0.0,0.0,0.0,210417.275
1760283,IT,IN,CROPS,BUSIN,0.07,8416.636,3,3,8416.636,0.0,0.0,0.0,0.0,120237.657143
1689757,IT,IE,FINAN,RESEA,0.11,8416.435,3,3,8416.435,0.0,0.0,0.0,0.0,76513.045455
1788147,IT,WA,WEARI,RUBBE,0.06,8416.299,4,4,8416.297,0.0,0.0,0.0,0.002,140271.65
1721032,IT,PL,HOTEL,HEAVY,0.06,8415.788,3,3,8415.788,0.0,0.0,0.0,0.0,140263.133333
1717897,IT,PL,POULT,SUPPO,0.02,8415.422,3,3,8415.422,0.0,0.0,0.0,0.0,420771.1
1758763,IT,BR,RETA1,MEATP,0.09,8413.981,3,3,8413.981,0.0,0.0,0.0,0.0,93488.677778
1641078,IT,AT,PAPER,GASDI,0.03,8413.571,3,3,8413.571,0.0,0.0,0.0,0.0,280452.366667
1666466,IT,ES,NUCLE,BUSIN,0.02,8413.273,3,3,8413.273,0.0,0.0,0.0,0.0,420663.65
1718892,IT,PL,PRINT,DAIRY,0.08,8413.163,3,3,8413.163,0.0,0.0,0.0,0.0,105164.5375
1731342,IT,SI,DAIRY,CONST,0.03,8412.998,3,3,8412.998,0.0,0.0,0.0,0.0,280433.266667
1665140,IT,ES,DAIRY,CONST,0.03,8412.762,3,3,8412.762,0.0,0.0,0.0,0.0,280425.4
1665829,IT,ES,PRINT,PULP5,0.08,8412.654,3,3,8412.654,0.0,0.0,0.0,0.0,105158.175
1779696,IT,TR,RESEA,RENTI,0.05,8412.384,3,3,8412.384,0.0,0.0,0.0,0.0,168247.68
1814891,IT,WM,PRIVA,NATU1,1.88,8412.188,3,3,8412.188,0.0,0.0,0.0,0.0,4474.568085
1672327,IT,FI,RESEA,CHEM1,0.05,8411.763,3,3,8411.763,0.0,0.0,0.0,0.0,168235.26
1762602,IT,IN,AUXIL,POSTT,0.15,8411.104,3,3,8411.104,0.0,0.0,0.0,0.0,56074.026667
1665027,IT,ES,CHEMI,RENTI,0.02,8410.567,3,3,8410.567,0.0,0.0,0.0,0.0,420528.35
1756638,IT,KR,LANDT,COKEO,0.05,8410.366,3,3,8410.366,0.0,0.0,0.0,0.0,168207.32
1810319,IT,WM,WOODW,MEAT1,0.02,8410.299,3,3,8410.299,0.0,0.0,0.0,0.0,420514.95
1769266,IT,AU,RUBBE,CERAM,0.03,8410.094,3,3,8410.094,0.0,0.0,0.0,0.0,280336.466667
1653250,IT,CZ,RUBBE,LEAD1,0.03,8410.0,3,3,8410.0,0.0,0.0,0.0,0.0,280333.333333
1666126,IT,ES,GASDI,LEAD1,0.01,8409.8,3,3,8409.8,0.0,0.0,0.0,0.0,840980.0
1761502,IT,IN,ALUM1,CERAM,0.01,8409.7,3,3,8409.7,0.0,0.0,0.0,0.0,840970.0
1775666,IT,TR,CEREA,PLAST,0.01,8409.513,3,3,8409.513,0.0,0.0,0.0,0.0,840951.3
1647117,IT,BE,HOTEL,ELEC8,0.06,8409.273,3,3,8409.273,0.0,0.0,0.0,0.0,140154.55
1776371,IT,TR,PRINT,PAPER,0.08,8409.194,3,3,8409.194,0.0,0.0,0.0,0.0,105114.925
1720692,IT,PL,MOTO1,PLAS1,0.04,8408.943,3,3,8408.943,0.0,0.0,0.0,0.0,210223.575
1774777,IT,CH,POSTT,BEVER,0.14,8408.438,3,3,8408.438,0.0,0.0,0.0,0.0,60060.271429
1684937,IT,HU,MEATC,RUBBE,0.03,8408.278,3,3,8408.278,0.0,0.0,0.0,0.0,280275.933333
1765882,IT,RU,PLAST,FISH5,0.02,8408.023,3,3,8408.023,0.0,0.0,0.0,0.0,420401.15
1728808,IT,SE,NAPHT,BUSIN,0.01,8407.252,3,3,8407.252,0.0,0.0,0.0,0.0,840725.2
1807390,IT,WF,FINAN,LANDT,0.11,8407.179,3,3,8407.179,0.0,0.0,0.0,0.0,76428.9
1767228,IT,RU,HOTEL,CEREA,0.06,8407.157,3,3,8407.157,0.0,0.0,0.0,0.0,140119.283333
1785091,IT,ZA,CHEMI,SUGAR,0.02,8407.078,3,3,8407.078,0.0,0.0,0.0,0.0,420353.9
1685515,IT,HU,PAPER,GASDI,0.03,8406.832,3,3,8406.832,0.0,0.0,0.0,0.0,280227.733333
1779954,IT,TW,CONST,TRAN2,0.05,8406.76,3,3,8406.76,0.0,0.0,0.0,0.0,168135.2
1671639,IT,FI,FURNI,INTER,0.03,8406.752,3,3,8406.752,0.0,0.0,0.0,0.0,280225.066667
1728219,IT,SE,FOOD5,LIQUI,0.04,8406.638,3,3,8406.638,0.0,0.0,0.0,0.0,210165.95
1765848,IT,RU,HEAVY,LANDT,0.01,8406.373,3,3,8406.373,0.0,0.0,0.0,0.0,840637.3
1676248,IT,FR,SALEM,PIGS9,0.07,8406.34,3,3,8406.34,0.0,0.0,0.0,0.0,120090.571429
1737394,IT,GB,TEXTI,NONME,0.05,8406.294,3,3,8406.294,0.0,0.0,0.0,0.0,168125.88
1771089,IT,CH,NATUR,LANDT,0.01,8406.054,3,3,8406.054,0.0,0.0,0.0,0.0,840605.4
1731347,IT,SI,DAIRY,LANDT,0.03,8405.754,3,3,8405.754,0.0,0.0,0.0,0.0,280191.8
1715024,IT,NL,TEXTI,FOOD5,0.05,8405.262,3,3,8405.262,0.0,0.0,0.0,0.0,168105.24
1711346,IT,LU,WHOLE,SUPPO,0.07,8405.248,3,3,8405.248,0.0,0.0,0.0,0.0,120074.971429
1683903,IT,HR,FURNI,WEARI,0.03,8405.095,3,3,8405.095,0.0,0.0,0.0,0.0,280169.833333
1677567,IT,FR,REALE,DAIRY,0.36,8404.607,3,3,8404.607,0.0,0.0,0.0,0.0,23346.130556
1648534,IT,BG,CRUDE,MEATA,0.02,8404.359,3,3,8404.359,0.0,0.0,0.0,0.0,420217.95
1680934,IT,GR,TRAN2,REFI1,0.01,8404.281,3,3,8404.281,0.0,0.0,0.0,0.0,840428.1
1752204,IT,CN,PUBLI,RETA1,0.14,8404.187,3,3,8404.187,0.0,0.0,0.0,0.0,60029.907143
1720499,IT,PL,MACHI,PAPE1,0.05,8403.928,3,3,8403.928,0.0,0.0,0.0,0.0,168078.56
1685794,IT,HU,PLAST,DISTR,0.02,8403.752,3,3,8403.752,0.0,0.0,0.0,0.0,420187.6
1717499,IT,NL,REALE,HOTEL,0.36,8403.688,3,3,8403.688,0.0,0.0,0.0,0.0,23343.577778
1779087,IT,TR,SUPPO,GLASS,0.06,8403.636,3,3,8403.636,0.0,0.0,0.0,0.0,140060.6
1768177,IT,RU,PUBLI,COLLE,0.14,8403.619,3,3,8403.619,0.0,0.0,0.0,0.0,60025.85
1746958,IT,JP,MOTO1,GASWO,0.04,8402.286,3,3,8402.286,0.0,0.0,0.0,0.0,210057.15
1710680,IT,LU,DAIRY,REALE,0.03,8402.077,3,3,8402.077,0.0,0.0,0.0,0.0,280069.233333
1752273,IT,CA,STONE,GASDI,0.03,8402.048,3,3,8402.048,0.0,0.0,0.0,0.0,280068.266667
1804772,IT,WF,NAPHT,PULP5,0.01,8401.955,3,3,8401.955,0.0,0.0,0.0,0.0,840195.5
1806701,IT,WF,WHOLE,MOTOR,0.07,8401.475,3,3,8401.475,0.0,0.0,0.0,0.0,120021.071429
1678145,IT,FR,PLAS1,COLLE,0.03,8401.269,3,3,8401.269,0.0,0.0,0.0,0.0,280042.3
1676139,IT,FR,ELE12,DISTR,0.05,8400.979,3,3,8400.979,0.0,0.0,0.0,0.0,168019.58
1759334,IT,BR,FINAN,CRUDE,0.11,8400.464,3,3,8400.464,0.0,0.0,0.0,0.0,76367.854545
1664412,IT,EE,MACHI,PREC1,0.05,8399.72,3,3,8399.72,0.0,0.0,0.0,0.0,167994.4
1802324,IT,WE,TRAN2,FINAN,0.01,8399.169,3,3,8399.169,0.0,0.0,0.0,0.0,839916.9
1648839,IT,BG,TEXTI,MEATC,0.05,8399.087,3,3,8399.087,0.0,0.0,0.0,0.0,167981.74
1664248,IT,EE,NONME,BUSIN,0.02,8398.308,3,3,8398.308,0.0,0.0,0.0,0.0,419915.4
1807927,IT,WF,PLAS1,DAIRY,0.03,8398.19,3,3,8398.19,0.0,0.0,0.0,0.0,279939.666667
1709700,IT,LT,CHEM1,OILSE,0.02,8397.252,3,3,8397.252,0.0,0.0,0.0,0.0,419862.6
1767273,IT,RU,HOTEL,CEMEN,0.06,8397.093,3,3,8397.093,0.0,0.0,0.0,0.0,139951.55
1773273,IT,CH,FABRI,INERT,0.03,8397.079,3,3,8397.079,0.0,0.0,0.0,0.0,279902.633333
1715021,IT,NL,TEXTI,FISHF,0.05,8396.816,3,3,8396.816,0.0,0.0,0.0,0.0,167936.32
1728501,IT,SE,WOODW,BASIC,0.02,8396.659,3,3,8396.659,0.0,0.0,0.0,0.0,419832.95
1685987,IT,HU,BIODI,MEAT1,0.02,8396.593,3,3,8396.593,0.0,0.0,0.0,0.0,419829.65
1665605,IT,ES,WOODW,CHEMI,0.02,8396.137,3,3,8396.137,0.0,0.0,0.0,0.0,419806.85
1651156,IT,BG,BUSIN,MEATP,0.09,8395.768,3,3,8395.768,0.0,0.0,0.0,0.0,93286.311111
1711099,IT,LU,ALUM1,RESEA,0.01,8395.586,3,3,8395.586,0.0,0.0,0.0,0.0,839558.6
1714523,IT,NL,CRUDE,BITU1,0.02,8395.458,3,3,8395.458,0.0,0.0,0.0,0.0,419772.9
1710238,IT,LT,OFFIC,EDUCA,0.03,8394.904,3,3,8394.904,0.0,0.0,0.0,0.0,279830.133333
1653816,IT,CZ,FABRI,WHEAT,0.03,8394.787,3,3,8394.787,0.0,0.0,0.0,0.0,279826.233333
1648023,IT,BE,COMPU,BIODI,0.1,8394.711,3,3,8394.711,0.0,0.0,0.0,0.0,83947.11
1640244,IT,AT,FISHF,CONST,0.01,8394.418,3,3,8394.418,0.0,0.0,0.0,0.0,839441.8
1641870,IT,AT,BIODI,RAWMI,0.02,8394.139,3,3,8394.139,0.0,0.0,0.0,0.0,419706.95
1763473,IT,MX,PLAST,LEAD1,0.02,8393.658,3,3,8393.658,0.0,0.0,0.0,0.0,419682.9
1660674,IT,DE,REALE,93197,0.35,8393.633,3,3,8393.633,0.0,0.0,0.0,0.0,23981.808571
1735752,IT,SK,MACHI,SUGAR,0.05,8393.203,3,3,8393.203,0.0,0.0,0.0,0.0,167864.06
1712021,IT,LV,VEGE1,HOTEL,0.03,8392.937,4,4,8392.935,0.0,0.0,0.0,0.002,279764.566667
1648535,IT,BG,CRUDE,MEATC,0.02,8392.901,3,3,8392.901,0.0,0.0,0.0,0.0,419645.05
1667005,IT,ES,CEMEN,FURNI,0.01,8391.926,3,3,8391.926,0.0,0.0,0.0,0.0,839192.6
1656715,IT,DE,MOTOR,TRANS,0.01,8391.866,3,3,8391.866,0.0,0.0,0.0,0.0,839186.6
1724491,IT,PT,SUPPO,COMPU,0.06,8390.551,3,3,8390.551,0.0,0.0,0.0,0.0,139842.516667
1687936,IT,HU,RENTI,FORES,0.05,8390.464,3,3,8390.464,0.0,0.0,0.0,0.0,167809.28
1664191,IT,EE,GLASS,WHOLE,0.02,8390.395,3,3,8390.395,0.0,0.0,0.0,0.0,419519.75
1732921,IT,SI,ALUM1,SANDC,0.01,8390.185,3,3,8390.185,0.0,0.0,0.0,0.0,839018.5
1676762,IT,FR,LANDT,MEAT4,0.05,8390.079,3,3,8390.079,0.0,0.0,0.0,0.0,167801.58
1685634,IT,HU,MOTOR,BUSIN,0.01,8390.06,3,3,8390.06,0.0,0.0,0.0,0.0,839006.0
1710965,IT,LU,GLASS,WOODW,0.02,8389.925,3,3,8389.925,0.0,0.0,0.0,0.0,419496.25
1792580,IT,WA,COMPU,MEAT4,0.1,8389.547,3,3,8389.547,0.0,0.0,0.0,0.0,83895.47
1673218,IT,FR,FISH5,CATTL,0.04,8389.009,4,4,8389.005,0.0,0.0,0.0,0.004,209725.225
1728120,IT,SE,VEGE1,RETA1,0.03,8388.864,4,4,8388.862,0.0,0.0,0.0,0.002,279628.8
1722690,IT,PT,LEATH,SALEM,0.06,8388.854,3,3,8388.854,0.0,0.0,0.0,0.0,139814.233333
1814534,IT,WM,RESEA,MEMBE,0.05,8388.555,3,3,8388.555,0.0,0.0,0.0,0.0,167771.1
1809413,IT,WM,CHEMI,ETHAN,0.02,8388.43,3,3,8388.43,0.0,0.0,0.0,0.0,419421.5
1642049,IT,AT,GLASS,IRONO,0.02,8388.39,3,3,8388.39,0.0,0.0,0.0,0.0,419419.5
1799752,IT,WE,KEROS,RADIO,0.01,8388.138,3,3,8388.138,0.0,0.0,0.0,0.0,838813.8
1729163,IT,SE,GLASS,SALEM,0.02,8387.661,3,3,8387.661,0.0,0.0,0.0,0.0,419383.05
1643954,IT,AT,COMPU,ALUM1,0.1,8387.387,3,3,8387.387,0.0,0.0,0.0,0.0,83873.87
1811252,IT,WM,BITU1,FISHF,0.01,8386.956,3,3,8386.956,0.0,0.0,0.0,0.0,838695.6
1806797,IT,WF,RETA1,WEARI,0.09,8386.911,3,3,8386.911,0.0,0.0,0.0,0.0,93187.9
1710020,IT,LT,LEAD1,CONST,0.01,8386.898,3,3,8386.898,0.0,0.0,0.0,0.0,838689.8
1718148,IT,PL,VEGE1,SUPPO,0.03,8386.654,4,4,8386.652,0.0,0.0,0.0,0.002,279555.133333
1672471,IT,FI,WASTE,BASIC,0.03,8386.495,3,3,8386.495,0.0,0.0,0.0,0.0,279549.833333
1722117,IT,PL,BUSIN,FOUND,0.09,8386.286,3,3,8386.286,0.0,0.0,0.0,0.0,93180.955556
1780261,IT,TW,LANDT,HEAVY,0.05,8385.915,3,3,8385.915,0.0,0.0,0.0,0.0,167718.3
1665546,IT,ES,LEATH,FOOD5,0.06,8385.514,3,3,8385.514,0.0,0.0,0.0,0.0,139758.566667
1710608,IT,LU,STONE,FOOD5,0.03,8385.067,3,3,8385.067,0.0,0.0,0.0,0.0,279502.233333
1671807,IT,FI,RETA1,FISH5,0.09,8384.938,3,3,8384.938,0.0,0.0,0.0,0.0,93165.977778
1737752,IT,GB,HEAVY,CEMEN,0.01,8384.181,3,3,8384.181,0.0,0.0,0.0,0.0,838418.1
1779193,IT,TR,POSTT,MEDIC,0.14,8384.046,3,3,8384.046,0.0,0.0,0.0,0.0,59886.042857
1783681,IT,NO,WASTE,BUSIN,0.03,8384.028,3,3,8384.028,0.0,0.0,0.0,0.0,279467.6
1800587,IT,WE,GLASS,VEGE1,0.02,8383.752,3,3,8383.752,0.0,0.0,0.0,0.0,419187.6
1777454,IT,TR,NONME,BUSIN,0.02,8383.604,3,3,8383.604,0.0,0.0,0.0,0.0,419180.2
1670870,IT,FI,PLAST,LIQUI,0.02,8382.535,3,3,8382.535,0.0,0.0,0.0,0.0,419126.75
1791268,IT,WA,CONST,MEAT1,0.05,8381.957,3,3,8381.957,0.0,0.0,0.0,0.0,167639.14
1775476,IT,CH,PLAS1,POSTT,0.03,8381.947,3,3,8381.947,0.0,0.0,0.0,0.0,279398.233333
1685982,IT,HU,BIODI,FORES,0.02,8381.314,3,3,8381.314,0.0,0.0,0.0,0.0,419065.7
1644904,IT,BE,LEATH,COPP1,0.06,8380.986,3,3,8380.986,0.0,0.0,0.0,0.0,139683.1
1641869,IT,AT,BIODI,PIGS9,0.02,8380.661,3,3,8380.661,0.0,0.0,0.0,0.0,419033.05
1792754,IT,WA,BUSIN,ELECT,0.09,8379.804,3,3,8379.804,0.0,0.0,0.0,0.0,93108.933333
1738801,IT,GB,OFFIC,93197,0.03,8379.733,3,3,8379.733,0.0,0.0,0.0,0.0,279324.433333
1756140,IT,KR,MACHI,FORES,0.05,8379.699,3,3,8379.699,0.0,0.0,0.0,0.0,167593.98
1749494,IT,CN,NAPHT,BASIC,0.01,8378.985,3,3,8378.985,0.0,0.0,0.0,0.0,837898.5
1770961,IT,CH,VEGET,OFFIC,0.03,8378.187,3,3,8378.187,0.0,0.0,0.0,0.0,279272.9
1792014,IT,WA,INLAN,RESEA,0.01,8378.11,3,3,8378.11,0.0,0.0,0.0,0.0,837811.0
1793849,IT,WL,TEXTI,LEAD1,0.05,8377.88,3,3,8377.88,0.0,0.0,0.0,0.0,167557.6
1760393,IT,IN,DAIRY,BEVER,0.03,8377.655,3,3,8377.655,0.0,0.0,0.0,0.0,279255.166667
1762911,IT,MX,CHEMI,RAWMI,0.02,8377.489,3,3,8377.489,0.0,0.0,0.0,0.0,418874.45
1710385,IT,LT,HOTEL,TRANS,0.06,8377.359,3,3,8377.359,0.0,0.0,0.0,0.0,139622.65
1716942,IT,NL,RAILW,RUBBE,0.06,8377.243,3,3,8377.243,0.0,0.0,0.0,0.0,139620.716667
1647265,IT,BE,LANDT,BIOG1,0.05,8377.1,3,3,8377.1,0.0,0.0,0.0,0.0,167542.0
1659672,IT,DE,HOTEL,WASTE,0.06,8377.028,3,3,8377.028,0.0,0.0,0.0,0.0,139617.133333
1755395,IT,KR,KEROS,CONST,0.01,8377.017,3,3,8377.017,0.0,0.0,0.0,0.0,837701.7
1653469,IT,CZ,NONME,PAPE4,0.02,8376.836,3,3,8376.836,0.0,0.0,0.0,0.0,418841.8
1720987,IT,PL,RETA1,OFFIC,0.09,8376.654,3,3,8376.654,0.0,0.0,0.0,0.0,93073.933333
1773540,IT,CH,MOTO1,MEDIC,0.04,8376.24,3,3,8376.24,0.0,0.0,0.0,0.0,209406.0
1764071,IT,MX,FABRI,STONE,0.03,8375.951,3,3,8375.951,0.0,0.0,0.0,0.0,279198.366667
1767599,IT,RU,SUPPO,BASIC,0.06,8375.947,3,3,8375.947,0.0,0.0,0.0,0.0,139599.116667
1760883,IT,IN,GASDI,RUBBE,0.01,8375.906,3,3,8375.906,0.0,0.0,0.0,0.0,837590.6
1685607,IT,HU,PRINT,RENTI,0.08,8375.736,3,3,8375.736,0.0,0.0,0.0,0.0,104696.7
1672629,IT,FR,CRUDE,WOODW,0.02,8375.216,3,3,8375.216,0.0,0.0,0.0,0.0,418760.8
1685147,IT,HU,BEVER,CROPS,0.04,8375.003,3,3,8375.003,0.0,0.0,0.0,0.0,209375.075
1784819,IT,ID,HOTEL,SUPPO,0.06,8374.957,3,3,8374.957,0.0,0.0,0.0,0.0,139582.616667
1806653,IT,WF,RETAI,NONFE,0.07,8374.892,3,3,8374.892,0.0,0.0,0.0,0.0,119641.314286
1786819,IT,ZA,HOTEL,RETAI,0.06,8374.837,3,3,8374.837,0.0,0.0,0.0,0.0,139580.616667
1659693,IT,DE,RAILW,LIQUE,0.06,8374.542,3,3,8374.542,0.0,0.0,0.0,0.0,139575.7
1803529,IT,WF,VEGE1,CONST,0.03,8374.451,4,4,8374.449,0.0,0.0,0.0,0.002,279148.366667
1681902,IT,HR,DAIRY,CONST,0.03,8373.785,3,3,8373.785,0.0,0.0,0.0,0.0,279126.166667
1673478,IT,FR,WEARI,FOOD4,0.06,8373.355,4,4,8373.353,0.0,0.0,0.0,0.002,139555.916667
1765961,IT,RU,CHEM1,PRECI,0.02,8373.281,3,3,8373.281,0.0,0.0,0.0,0.0,418664.05
1685732,IT,HU,NONSP,MACHI,0.01,8372.82,3,3,8372.82,0.0,0.0,0.0,0.0,837282.0
1787044,IT,ZA,AUXIL,FINAN,0.15,8372.653,3,3,8372.653,0.0,0.0,0.0,0.0,55817.686667
1754601,IT,KR,MEATA,WHOLE,0.05,8372.225,3,3,8372.225,0.0,0.0,0.0,0.0,167444.5
1653082,IT,CZ,CHEM1,ANIMA,0.02,8372.097,3,3,8372.097,0.0,0.0,0.0,0.0,418604.85
1793192,IT,WA,93197,SUPPO,0.06,8371.898,3,3,8371.898,0.0,0.0,0.0,0.0,139531.633333
1725444,IT,RO,WEARI,CEREA,0.06,8371.751,4,4,8371.749,0.0,0.0,0.0,0.002,139529.183333
1806352,IT,WF,MOTO1,IRONO,0.04,8371.143,3,3,8371.143,0.0,0.0,0.0,0.0,209278.575
1652048,IT,CZ,MEATA,ANIMA,0.05,8371.08,3,3,8371.08,0.0,0.0,0.0,0.0,167421.6
1645534,IT,BE,PLAST,LANDT,0.02,8370.949,3,3,8370.949,0.0,0.0,0.0,0.0,418547.45
1737284,IT,GB,FOOD5,POSTT,0.04,8370.924,3,3,8370.924,0.0,0.0,0.0,0.0,209273.1
1747360,IT,JP,RETA1,MOTO1,0.09,8370.888,3,3,8370.888,0.0,0.0,0.0,0.0,93009.866667
1809226,IT,WM,FISHF,LIQUE,0.01,8370.738,3,3,8370.738,0.0,0.0,0.0,0.0,837073.8
1740530,IT,GB,RECRE,RESEA,0.11,8370.669,3,3,8370.669,0.0,0.0,0.0,0.0,76096.990909
1717473,IT,NL,AUXIL,BUSIN,0.15,8370.549,3,3,8370.549,0.0,0.0,0.0,0.0,55803.66
1672755,IT,FR,MEATC,RADIO,0.03,8370.229,3,3,8370.229,0.0,0.0,0.0,0.0,279007.633333
1717866,IT,PL,VEGET,FURNI,0.03,8369.847,3,3,8369.847,0.0,0.0,0.0,0.0,278994.9
1759833,IT,BR,FOODW,NICKE,0.06,8369.6,3,3,8369.6,0.0,0.0,0.0,0.0,139493.333333
1689118,IT,IE,SALEM,DAIRY,0.07,8369.527,3,3,8369.527,0.0,0.0,0.0,0.0,119564.671429
1763554,IT,MX,CHEM1,PETRO,0.02,8369.373,3,3,8369.373,0.0,0.0,0.0,0.0,418468.65
1761728,IT,IN,MACHI,TOBAC,0.05,8369.301,3,3,8369.301,0.0,0.0,0.0,0.0,167386.02
1772806,IT,CH,NONME,RAILW,0.02,8368.922,3,3,8368.922,0.0,0.0,0.0,0.0,418446.1
1716027,IT,NL,NONME,LIQUE,0.02,8368.216,3,3,8368.216,0.0,0.0,0.0,0.0,418410.8
1758976,IT,BR,LANDT,MEATP,0.05,8367.649,3,3,8367.649,0.0,0.0,0.0,0.0,167352.98
1640309,IT,AT,SANDC,COMPU,0.02,8367.517,4,4,8365.517,0.0,0.0,2.0,0.0,418375.85
1749153,IT,CN,PULP5,COKIN,0.03,8367.422,3,3,8367.422,0.0,0.0,0.0,0.0,278914.066667
1747437,IT,JP,LANDT,HEALT,0.05,8367.405,3,3,8367.405,0.0,0.0,0.0,0.0,167348.1
1658618,IT,DE,MACHI,BLAST,0.05,8367.163,3,3,8367.163,0.0,0.0,0.0,0.0,167343.26
1712403,IT,LV,CERAM,RENTI,0.01,8366.756,3,3,8366.756,0.0,0.0,0.0,0.0,836675.6
1718064,IT,PL,MEATP,DIST1,0.03,8365.831,3,3,8365.831,0.0,0.0,0.0,0.0,278861.033333
1731411,IT,SI,FOOD5,RADIO,0.04,8365.527,3,3,8365.527,0.0,0.0,0.0,0.0,209138.175
1778443,IT,TR,WHOLE,FOUND,0.07,8365.288,3,3,8365.288,0.0,0.0,0.0,0.0,119504.114286
1778174,IT,TR,FURNI,PRECI,0.03,8364.861,3,3,8364.861,0.0,0.0,0.0,0.0,278828.7
1770090,IT,AU,WHOLE,GASDI,0.07,8364.845,3,3,8364.845,0.0,0.0,0.0,0.0,119497.785714
1770603,IT,AU,POSTT,SUPPO,0.14,8364.829,3,3,8364.829,0.0,0.0,0.0,0.0,59748.778571
1726737,IT,RO,FURNI,POSTT,0.03,8364.627,3,3,8364.627,0.0,0.0,0.0,0.0,278820.9
1660999,IT,DE,BUSIN,STEAM,0.09,8364.568,3,3,8364.568,0.0,0.0,0.0,0.0,92939.644444
1800398,IT,WE,CHEM1,POSTT,0.02,8364.285,3,3,8364.285,0.0,0.0,0.0,0.0,418214.25
1670455,IT,FI,FOOD5,RECRE,0.04,8363.93,3,3,8363.93,0.0,0.0,0.0,0.0,209098.25
1768633,IT,AU,FISH5,EDUCA,0.04,8363.751,4,4,8363.747,0.0,0.0,0.0,0.004,209093.775
1733554,IT,SI,RETA1,CEMEN,0.09,8363.194,3,3,8363.194,0.0,0.0,0.0,0.0,92924.377778
1709312,IT,LT,SANDC,CONST,0.02,8362.563,4,4,8360.563,0.0,0.0,2.0,0.0,418128.15
1670954,IT,FI,CHEM1,RADIO,0.02,8362.327,3,3,8362.327,0.0,0.0,0.0,0.0,418116.35
1781532,IT,NO,TEXTI,ELEC4,0.05,8362.162,3,3,8362.162,0.0,0.0,0.0,0.0,167243.24
1753431,IT,CA,FABRI,TEXTI,0.03,8361.613,3,3,8361.613,0.0,0.0,0.0,0.0,278720.433333
1740856,IT,US,VEGE1,93197,0.03,8361.169,4,4,8361.167,0.0,0.0,0.0,0.002,278705.633333
1664501,IT,EE,MOTO1,RETA1,0.04,8361.051,3,3,8361.051,0.0,0.0,0.0,0.0,209026.275
1727265,IT,RO,SUPPO,AUXIL,0.06,8360.958,3,3,8360.958,0.0,0.0,0.0,0.0,139349.3
1737896,IT,GB,CHEM1,VEGET,0.02,8360.856,3,3,8360.856,0.0,0.0,0.0,0.0,418042.8
1775796,IT,TR,CHEMI,PAPER,0.02,8360.316,3,3,8360.316,0.0,0.0,0.0,0.0,418015.8
1811702,IT,WM,ADDIT,PADDY,0.02,8360.151,3,3,8360.151,0.0,0.0,0.0,0.0,418007.55
1682128,IT,HR,TEXTI,BASIC,0.05,8360.142,3,3,8360.142,0.0,0.0,0.0,0.0,167202.84
1760307,IT,IN,STONE,WOODW,0.03,8359.762,3,3,8359.762,0.0,0.0,0.0,0.0,278658.733333
1711495,IT,LU,SUPPO,LANDT,0.06,8359.38,3,3,8359.38,0.0,0.0,0.0,0.0,139323.0
1770398,IT,AU,LANDT,RETA1,0.05,8359.333,3,3,8359.333,0.0,0.0,0.0,0.0,167186.66
1783044,IT,NO,INSUR,FOOD5,0.17,8359.29,3,3,8359.29,0.0,0.0,0.0,0.0,49172.294118
1776067,IT,TR,TEXTI,EDUCA,0.05,8359.131,3,3,8359.131,0.0,0.0,0.0,0.0,167182.62
1676289,IT,FR,SALEM,FOOD2,0.07,8358.983,3,3,8358.983,0.0,0.0,0.0,0.0,119414.042857
1752893,IT,CA,GASDI,WHOLE,0.01,8358.976,3,3,8358.976,0.0,0.0,0.0,0.0,835897.6
1713388,IT,MT,LIQUE,POSTT,0.01,8358.703,3,3,8358.703,0.0,0.0,0.0,0.0,835870.3
1755039,IT,KR,WEARI,RADIO,0.06,8358.575,4,4,8358.573,0.0,0.0,0.0,0.002,139309.583333
1683905,IT,HR,FURNI,PRINT,0.03,8358.535,3,3,8358.535,0.0,0.0,0.0,0.0,278617.833333
1730108,IT,SE,RETA1,EDUCA,0.09,8358.123,3,3,8358.123,0.0,0.0,0.0,0.0,92868.033333
1775173,IT,CH,RESEA,NAPHT,0.05,8357.4,3,3,8357.4,0.0,0.0,0.0,0.0,167148.0
1656744,IT,DE,MOTOR,PAPE1,0.01,8357.151,3,3,8357.151,0.0,0.0,0.0,0.0,835715.1
1790352,IT,WA,ALUM1,LANDT,0.01,8356.856,3,3,8356.856,0.0,0.0,0.0,0.0,835685.6
1782744,IT,NO,RETA1,INSUR,0.09,8356.646,3,3,8356.646,0.0,0.0,0.0,0.0,92851.622222
1758789,IT,BR,RETA1,BRICK,0.09,8356.434,3,3,8356.434,0.0,0.0,0.0,0.0,92849.266667
1755779,IT,KR,CERAM,CHEMI,0.01,8355.94,3,3,8355.94,0.0,0.0,0.0,0.0,835594.0
1803209,IT,WF,CROPS,FURNI,0.07,8355.525,3,3,8355.525,0.0,0.0,0.0,0.0,119364.642857
1668846,IT,ES,TRAN2,RENTI,0.01,8355.411,3,3,8355.411,0.0,0.0,0.0,0.0,835541.1
1649824,IT,BG,ALUM1,BIODI,0.01,8355.147,3,3,8355.147,0.0,0.0,0.0,0.0,835514.7
1768480,IT,AU,FOOD5,CEREA,0.04,8354.547,3,3,8354.547,0.0,0.0,0.0,0.0,208863.675
1733487,IT,SI,WHOLE,RAWMI,0.07,8354.419,3,3,8354.419,0.0,0.0,0.0,0.0,119348.842857
1768562,IT,AU,BEVER,PLANT,0.04,8354.17,3,3,8354.17,0.0,0.0,0.0,0.0,208854.25
1688334,IT,IE,DAIRY,PIGS9,0.03,8353.772,3,3,8353.772,0.0,0.0,0.0,0.0,278459.066667
1766519,IT,RU,COPP1,WEARI,0.02,8353.592,3,3,8353.592,0.0,0.0,0.0,0.0,417679.6
1746555,IT,JP,NONME,EDUCA,0.02,8353.556,3,3,8353.556,0.0,0.0,0.0,0.0,417677.8
1720099,IT,PL,LEAD1,PULP5,0.01,8353.047,3,3,8353.047,0.0,0.0,0.0,0.0,835304.7
1668311,IT,ES,WHOLE,ELEC3,0.07,8352.845,3,3,8352.845,0.0,0.0,0.0,0.0,119326.357143
1809354,IT,WM,SANDC,CEMEN,0.02,8352.664,4,4,8350.664,0.0,0.0,2.0,0.0,417633.2
1649636,IT,BG,GLASS,RAILW,0.02,8352.396,3,3,8352.396,0.0,0.0,0.0,0.0,417619.8
1660382,IT,DE,FINAN,ELECT,0.11,8352.365,3,3,8352.365,0.0,0.0,0.0,0.0,75930.590909
1679778,IT,GR,PREC1,CHEM1,0.01,8351.387,3,3,8351.387,0.0,0.0,0.0,0.0,835138.7
1719369,IT,PL,RUBBE,LEADZ,0.03,8351.116,3,3,8351.116,0.0,0.0,0.0,0.0,278370.533333
1710821,IT,LU,PAPER,CERAM,0.03,8350.685,3,3,8350.685,0.0,0.0,0.0,0.0,278356.166667
1679868,IT,GR,LEAD1,ELECT,0.01,8350.571,3,3,8350.571,0.0,0.0,0.0,0.0,835057.1
1785513,IT,ZA,MOTOR,ELEC1,0.01,8350.268,3,3,8350.268,0.0,0.0,0.0,0.0,835026.8
1738882,IT,GB,TRANS,RECRE,0.05,8349.965,3,3,8349.965,0.0,0.0,0.0,0.0,166999.3
1719008,IT,PL,KEROS,SUPPO,0.01,8349.539,3,3,8349.539,0.0,0.0,0.0,0.0,834953.9
1727416,IT,RO,FINAN,SALEM,0.11,8349.024,3,3,8349.024,0.0,0.0,0.0,0.0,75900.218182
1721683,IT,PL,FINAN,BASIC,0.11,8348.7,3,3,8348.7,0.0,0.0,0.0,0.0,75897.272727
1747962,IT,JP,RESEA,ELEC3,0.05,8348.69,3,3,8348.69,0.0,0.0,0.0,0.0,166973.8
1680226,IT,GR,TRANS,ALUM1,0.05,8348.595,3,3,8348.595,0.0,0.0,0.0,0.0,166971.9
1784083,IT,ID,LEATH,ELECT,0.06,8348.563,3,3,8348.563,0.0,0.0,0.0,0.0,139142.716667
1791523,IT,WA,RETA1,TEXTI,0.09,8348.503,3,3,8348.503,0.0,0.0,0.0,0.0,92761.144444
1718332,IT,PL,FOOD5,93197,0.04,8348.491,3,3,8348.491,0.0,0.0,0.0,0.0,208712.275
1734981,IT,SK,PARAF,LIQUE,0.01,8348.349,3,3,8348.349,0.0,0.0,0.0,0.0,834834.9
1756539,IT,KR,WHOLE,RENTI,0.07,8348.209,3,3,8348.209,0.0,0.0,0.0,0.0,119260.128571
1789948,IT,WA,CEMEN,HOTEL,0.01,8348.143,3,3,8348.143,0.0,0.0,0.0,0.0,834814.3
1663896,IT,EE,LEATH,TEXTI,0.06,8348.076,3,3,8348.076,0.0,0.0,0.0,0.0,139134.6
1689141,IT,IE,SALEM,FURNI,0.07,8348.058,3,3,8348.058,0.0,0.0,0.0,0.0,119257.971429
1652867,IT,CZ,COALT,SUGA1,0.01,8347.769,3,3,8347.769,0.0,0.0,0.0,0.0,834776.9
1688919,IT,IE,FABRI,LEADZ,0.03,8347.354,3,3,8347.354,0.0,0.0,0.0,0.0,278245.133333
1674464,IT,FR,BIODI,WOODW,0.02,8346.82,3,3,8346.82,0.0,0.0,0.0,0.0,417341.0
1710244,IT,LT,MOTO1,CROPS,0.04,8345.875,3,3,8345.875,0.0,0.0,0.0,0.0,208646.875
1793633,IT,WL,DAIRY,PULP5,0.03,8345.753,3,3,8345.753,0.0,0.0,0.0,0.0,278191.766667
1797706,IT,WL,PLAS1,TRAN1,0.03,8345.546,3,3,8345.546,0.0,0.0,0.0,0.0,278184.866667
1796494,IT,WL,RETA1,KEROS,0.09,8345.483,3,3,8345.483,0.0,0.0,0.0,0.0,92727.588889
1683269,IT,HR,CERAM,FOOD4,0.01,8344.688,3,3,8344.688,0.0,0.0,0.0,0.0,834468.8
1809223,IT,WM,FISHF,MOTOR,0.01,8344.314,3,3,8344.314,0.0,0.0,0.0,0.0,834431.4
1673253,IT,FR,FISH5,MOTO1,0.04,8344.199,4,4,8344.195,0.0,0.0,0.0,0.004,208604.975
1647027,IT,BE,RETA1,RAILW,0.09,8344.191,3,3,8344.191,0.0,0.0,0.0,0.0,92713.233333
1710829,IT,LU,PAPER,SALEM,0.03,8344.123,3,3,8344.123,0.0,0.0,0.0,0.0,278137.433333
1673726,IT,FR,PAPER,LIQUI,0.03,8343.813,3,3,8343.813,0.0,0.0,0.0,0.0,278127.1
1778077,IT,TR,MOTO1,CHEMI,0.04,8343.754,3,3,8343.754,0.0,0.0,0.0,0.0,208593.85
1789614,IT,WA,RUBBE,CHEMI,0.03,8343.656,3,3,8343.656,0.0,0.0,0.0,0.0,278121.866667
1660027,IT,DE,INLAN,OILHA,0.01,8343.592,3,3,8343.592,0.0,0.0,0.0,0.0,834359.2
1806958,IT,WF,LANDT,PRECI,0.05,8343.505,3,3,8343.505,0.0,0.0,0.0,0.0,166870.1
1779094,IT,TR,SUPPO,NONF1,0.06,8343.373,3,3,8343.373,0.0,0.0,0.0,0.0,139056.216667
1719422,IT,PL,RUBBE,MEDIC,0.03,8343.267,3,3,8343.267,0.0,0.0,0.0,0.0,278108.9
1679326,IT,GR,NAPHT,WHOLE,0.01,8341.459,3,3,8341.459,0.0,0.0,0.0,0.0,834145.9
1803505,IT,WF,VEGE1,CHEMI,0.03,8341.226,4,4,8341.224,0.0,0.0,0.0,0.002,278040.866667
1752352,IT,CA,MEAT4,WHITE,0.05,8340.417,3,3,8340.417,0.0,0.0,0.0,0.0,166808.34
1758667,IT,BR,FURNI,AUXIL,0.03,8339.923,3,3,8339.923,0.0,0.0,0.0,0.0,277997.433333
1757164,IT,BR,CHEMI,PIGS9,0.02,8339.684,3,3,8339.684,0.0,0.0,0.0,0.0,416984.2
1687699,IT,HU,SUPPO,CEREA,0.06,8339.371,3,3,8339.371,0.0,0.0,0.0,0.0,138989.516667
1669974,IT,ES,EDUCA,FINAN,0.21,8339.336,3,3,8339.336,0.0,0.0,0.0,0.0,39711.12381
1722925,IT,PT,GASDI,BEVER,0.01,8339.205,3,3,8339.205,0.0,0.0,0.0,0.0,833920.5
1762183,IT,IN,TRAN2,TRAN2,0.01,8338.594,3,3,8338.594,0.0,0.0,0.0,0.0,833859.4
1688402,IT,IE,BEVER,POULT,0.04,8338.336,3,3,8338.336,0.0,0.0,0.0,0.0,208458.4
1796571,IT,WL,HOTEL,MEATA,0.06,8338.281,3,3,8338.281,0.0,0.0,0.0,0.0,138971.35
1738605,IT,GB,FABRI,SUPPO,0.03,8338.116,3,3,8338.116,0.0,0.0,0.0,0.0,277937.2
1786562,IT,ZA,FURNI,RETAI,0.03,8337.548,3,3,8337.548,0.0,0.0,0.0,0.0,277918.266667
1689896,IT,IE,AUXIL,FABRI,0.15,8337.402,3,3,8337.402,0.0,0.0,0.0,0.0,55582.68
1652773,IT,CZ,PAPER,FOODW,0.03,8337.278,3,3,8337.278,0.0,0.0,0.0,0.0,277909.266667
1684885,IT,HU,SANDC,FOUND,0.02,8337.266,4,4,8335.266,0.0,0.0,2.0,0.0,416863.3
1671383,IT,FI,FABRI,MEATA,0.03,8336.928,3,3,8336.928,0.0,0.0,0.0,0.0,277897.6
1804298,IT,WF,MOTOR,REFI1,0.01,8336.605,3,3,8336.605,0.0,0.0,0.0,0.0,833660.5
1797431,IT,WL,COMPU,AIRTR,0.1,8336.601,3,3,8336.601,0.0,0.0,0.0,0.0,83366.01
1750677,IT,CN,MOTO1,PREC1,0.04,8336.489,3,3,8336.489,0.0,0.0,0.0,0.0,208412.225
1795741,IT,WL,MACHI,PRECI,0.05,8336.411,3,3,8336.411,0.0,0.0,0.0,0.0,166728.22
1666275,IT,ES,HEAVY,OILHA,0.01,8336.381,3,3,8336.381,0.0,0.0,0.0,0.0,833638.1
1733598,IT,SI,HOTEL,FORES,0.06,8336.312,3,3,8336.312,0.0,0.0,0.0,0.0,138938.533333
1671217,IT,FI,NONME,COMPU,0.02,8335.98,3,3,8335.98,0.0,0.0,0.0,0.0,416799.0
1659888,IT,DE,LANDT,WOOD1,0.05,8335.421,3,3,8335.421,0.0,0.0,0.0,0.0,166708.42
1674843,IT,FR,NONME,PULP5,0.02,8335.181,3,3,8335.181,0.0,0.0,0.0,0.0,416759.05
1804866,IT,WF,BITU1,VEGE1,0.01,8335.152,3,3,8335.152,0.0,0.0,0.0,0.0,833515.2
1720848,IT,PL,FURNI,AIRTR,0.03,8335.045,3,3,8335.045,0.0,0.0,0.0,0.0,277834.833333
1812592,IT,WM,LEAD1,GLASS,0.01,8335.006,3,3,8335.006,0.0,0.0,0.0,0.0,833500.6
1655594,IT,DE,SANDC,NONF1,0.02,8334.718,4,4,8332.718,0.0,0.0,2.0,0.0,416735.9
1804929,IT,WF,PARAF,CRUDE,0.01,8334.561,3,3,8334.561,0.0,0.0,0.0,0.0,833456.1
1642396,IT,AT,PREC1,PFERT,0.01,8334.435,3,3,8334.435,0.0,0.0,0.0,0.0,833443.5
1763516,IT,MX,CHEM1,NATUR,0.02,8333.706,3,3,8333.706,0.0,0.0,0.0,0.0,416685.3
1734184,IT,SI,REALE,CONST,0.35,8333.454,3,3,8333.454,0.0,0.0,0.0,0.0,23809.868571
1746330,IT,JP,ADDIT,BITU1,0.02,8333.449,3,3,8333.449,0.0,0.0,0.0,0.0,416672.45
1779316,IT,TR,INSUR,GASDI,0.17,8332.877,3,3,8332.877,0.0,0.0,0.0,0.0,49016.923529
1680126,IT,GR,OFFIC,MACHI,0.03,8332.561,3,3,8332.561,0.0,0.0,0.0,0.0,277752.033333
1732679,IT,SI,CERAM,FOUND,0.01,8332.367,3,3,8332.367,0.0,0.0,0.0,0.0,833236.7
1732908,IT,SI,PREC1,ELEC1,0.01,8332.155,3,3,8332.155,0.0,0.0,0.0,0.0,833215.5
1782294,IT,NO,COPP1,NONF1,0.02,8332.034,3,3,8332.034,0.0,0.0,0.0,0.0,416601.7
1731616,IT,SI,WEARI,PUBLI,0.06,8331.797,4,4,8331.795,0.0,0.0,0.0,0.002,138863.283333
1646504,IT,BE,MACHI,AIRTR,0.05,8331.797,3,3,8331.797,0.0,0.0,0.0,0.0,166635.94
1727229,IT,RO,SUPPO,CHEM1,0.06,8331.709,3,3,8331.709,0.0,0.0,0.0,0.0,138861.816667
1715410,IT,NL,MOTOR,POULT,0.01,8331.007,3,3,8331.007,0.0,0.0,0.0,0.0,833100.7
1765277,IT,RU,VEGE1,PFERT,0.03,8330.613,4,4,8330.611,0.0,0.0,0.0,0.002,277687.1
1794668,IT,WL,NAPHT,LIQUE,0.01,8330.501,3,3,8330.501,0.0,0.0,0.0,0.0,833050.1
1785894,IT,ZA,ADDIT,SECO9,0.02,8329.311,3,3,8329.311,0.0,0.0,0.0,0.0,416465.55
1809906,IT,WM,BEVER,OFFIC,0.04,8329.144,3,3,8329.144,0.0,0.0,0.0,0.0,208228.6
1808041,IT,WF,INTER,POSTT,0.05,8329.003,3,3,8329.003,0.0,0.0,0.0,0.0,166580.06
1753166,IT,CA,GLASS,DAIRY,0.02,8328.696,3,3,8328.696,0.0,0.0,0.0,0.0,416434.8
1654253,IT,CZ,TRANS,REALE,0.05,8328.535,3,3,8328.535,0.0,0.0,0.0,0.0,166570.7
1776241,IT,TR,PULP5,FOOD5,0.03,8328.515,3,3,8328.515,0.0,0.0,0.0,0.0,277617.166667
1648509,IT,BG,CROPS,RAWMI,0.07,8328.429,3,3,8328.429,0.0,0.0,0.0,0.0,118977.557143
1783460,IT,NO,TEXT1,INTER,0.06,8328.263,3,3,8328.263,0.0,0.0,0.0,0.0,138804.383333
1675353,IT,FR,MACHI,PROCE,0.05,8328.142,3,3,8328.142,0.0,0.0,0.0,0.0,166562.84
1741159,IT,US,LEATH,RUBBE,0.06,8327.976,3,3,8327.976,0.0,0.0,0.0,0.0,138799.6
1736783,IT,SK,COMPU,GASDI,0.1,8327.754,3,3,8327.754,0.0,0.0,0.0,0.0,83277.54
1796165,IT,WL,FURNI,MEAT4,0.03,8327.706,3,3,8327.706,0.0,0.0,0.0,0.0,277590.2
1687034,IT,HU,OFFIC,EDUCA,0.03,8326.874,3,3,8326.874,0.0,0.0,0.0,0.0,277562.466667
1733179,IT,SI,MACHI,OILSE,0.05,8326.652,3,3,8326.652,0.0,0.0,0.0,0.0,166533.04
1792132,IT,WA,SUPPO,CATTL,0.06,8326.574,3,3,8326.574,0.0,0.0,0.0,0.0,138776.233333
1771126,IT,CH,SANDC,HEALT,0.02,8326.446,4,4,8324.446,0.0,0.0,2.0,0.0,416322.3
1789079,IT,WA,LUBRI,WHOLE,0.01,8325.836,3,3,8325.836,0.0,0.0,0.0,0.0,832583.6
1656771,IT,DE,KEROS,LANDT,0.01,8325.764,3,3,8325.764,0.0,0.0,0.0,0.0,832576.4
1715523,IT,NL,GASDI,ALUM1,0.01,8325.518,3,3,8325.518,0.0,0.0,0.0,0.0,832551.8
1678944,IT,GR,TEXTI,SUPPO,0.05,8325.357,3,3,8325.357,0.0,0.0,0.0,0.0,166507.14
1688921,IT,IE,FABRI,MEATC,0.03,8325.268,3,3,8325.268,0.0,0.0,0.0,0.0,277508.933333
1728689,IT,SE,PRINT,INTER,0.08,8324.56,3,3,8324.56,0.0,0.0,0.0,0.0,104057.0
1651679,IT,CY,COPP1,OFFIC,0.02,8324.35,3,3,8324.35,0.0,0.0,0.0,0.0,416217.5
1769617,IT,AU,FABRI,DAIRY,0.03,8323.968,3,3,8323.968,0.0,0.0,0.0,0.0,277465.6
1768957,IT,AU,PAPER,NONME,0.03,8323.81,3,3,8323.81,0.0,0.0,0.0,0.0,277460.333333
1795881,IT,WL,OFFIC,ELECT,0.03,8323.664,3,3,8323.664,0.0,0.0,0.0,0.0,277455.466667
1797928,IT,WL,FOOD4,PFERT,0.06,8323.221,3,3,8323.221,0.0,0.0,0.0,0.0,138720.35
1752539,IT,CA,FOOD5,LANDT,0.04,8322.588,3,3,8322.588,0.0,0.0,0.0,0.0,208064.7
1686478,IT,HU,PREC1,LEATH,0.01,8322.513,3,3,8322.513,0.0,0.0,0.0,0.0,832251.3
1804869,IT,WF,BITU1,BEVER,0.01,8322.406,3,3,8322.406,0.0,0.0,0.0,0.0,832240.6
1727855,IT,RO,BUSIN,FOOD2,0.09,8322.125,3,3,8322.125,0.0,0.0,0.0,0.0,92468.055556
1729996,IT,SE,SALEM,CEMEN,0.07,8321.589,3,3,8321.589,0.0,0.0,0.0,0.0,118879.842857
1804081,IT,WF,PULP5,RETA1,0.03,8321.497,3,3,8321.497,0.0,0.0,0.0,0.0,277383.233333
1752596,IT,CA,TEXTI,WHEAT,0.05,8321.482,3,3,8321.482,0.0,0.0,0.0,0.0,166429.64
1804095,IT,WF,PAPER,BITUM,0.03,8321.444,3,3,8321.444,0.0,0.0,0.0,0.0,277381.466667
1689433,IT,IE,HOTEL,GLASS,0.06,8320.936,3,3,8320.936,0.0,0.0,0.0,0.0,138682.266667
1677240,IT,FR,FINAN,CEREA,0.11,8320.871,3,3,8320.871,0.0,0.0,0.0,0.0,75644.281818
1670689,IT,FI,WOODW,BASIC,0.02,8320.797,3,3,8320.797,0.0,0.0,0.0,0.0,416039.85
1783583,IT,NO,FOOD2,COPP1,0.05,8320.761,3,3,8320.761,0.0,0.0,0.0,0.0,166415.22
1682565,IT,HR,MOTOR,SEACO,0.01,8320.416,3,3,8320.416,0.0,0.0,0.0,0.0,832041.6
1782144,IT,NO,NONME,MEAT4,0.02,8320.356,3,3,8320.356,0.0,0.0,0.0,0.0,416017.8
1787490,IT,WA,CHEMI,PLANT,0.02,8320.225,3,3,8320.225,0.0,0.0,0.0,0.0,416011.25
1795511,IT,WL,ALUM1,PLAST,0.01,8320.082,3,3,8320.082,0.0,0.0,0.0,0.0,832008.2
1652088,IT,CZ,SANDC,CERAM,0.02,8320.049,4,4,8318.049,0.0,0.0,2.0,0.0,416002.45
1659286,IT,DE,SALEM,FOODW,0.07,8319.894,3,3,8319.894,0.0,0.0,0.0,0.0,118855.628571
1811219,IT,WM,WHITE,LEATH,0.04,8319.616,3,3,8319.616,0.0,0.0,0.0,0.0,207990.4
1670319,IT,FI,CHEMI,RENTI,0.02,8319.322,3,3,8319.322,0.0,0.0,0.0,0.0,415966.1
1781258,IT,NO,CHEMI,BITUM,0.02,8319.048,3,3,8319.048,0.0,0.0,0.0,0.0,415952.4
1790494,IT,WA,COPP1,PREC1,0.02,8318.988,3,3,8318.988,0.0,0.0,0.0,0.0,415949.4
1724608,IT,PT,FINAN,MOTO1,0.11,8318.711,3,3,8318.711,0.0,0.0,0.0,0.0,75624.645455
1737271,IT,GB,FOOD5,OFFIC,0.04,8318.221,3,3,8318.221,0.0,0.0,0.0,0.0,207955.525
1770078,IT,AU,WHOLE,MEATC,0.07,8317.909,3,3,8317.909,0.0,0.0,0.0,0.0,118827.271429
1680138,IT,GR,OFFIC,REALE,0.03,8316.514,3,3,8316.514,0.0,0.0,0.0,0.0,277217.133333
1685520,IT,HU,PAPER,ADDIT,0.03,8316.438,3,3,8316.438,0.0,0.0,0.0,0.0,277214.6
1812063,IT,WM,CERAM,BITU1,0.01,8316.263,3,3,8316.263,0.0,0.0,0.0,0.0,831626.3
1682572,IT,HR,MOTOR,RENTI,0.01,8316.187,3,3,8316.187,0.0,0.0,0.0,0.0,831618.7
1719972,IT,PL,PREC1,PLAS2,0.01,8316.051,3,3,8316.051,0.0,0.0,0.0,0.0,831605.1
1797604,IT,WL,FOODW,FOOD5,0.06,8315.953,3,3,8315.953,0.0,0.0,0.0,0.0,138599.216667
1772678,IT,CH,CERAM,BEVER,0.01,8315.685,3,3,8315.685,0.0,0.0,0.0,0.0,831568.5
1722601,IT,PT,TEXTI,FISHF,0.05,8314.993,3,3,8314.993,0.0,0.0,0.0,0.0,166299.86
1765791,IT,RU,MOTOR,NONF1,0.01,8314.812,3,3,8314.812,0.0,0.0,0.0,0.0,831481.2
1794084,IT,WL,PAPER,LIQUE,0.03,8314.654,3,3,8314.654,0.0,0.0,0.0,0.0,277155.133333
1760878,IT,IN,GASDI,TEXTI,0.01,8314.452,3,3,8314.452,0.0,0.0,0.0,0.0,831445.2
1794333,IT,WL,MOTOR,BIOG1,0.01,8314.423,3,3,8314.423,0.0,0.0,0.0,0.0,831442.3
1652492,IT,CZ,WEARI,NONME,0.06,8314.079,4,4,8314.077,0.0,0.0,0.0,0.002,138567.983333
1688795,IT,IE,GLASS,PAPER,0.02,8313.093,3,3,8313.093,0.0,0.0,0.0,0.0,415654.65
1766515,IT,RU,COPP1,MEATP,0.02,8312.926,3,3,8312.926,0.0,0.0,0.0,0.0,415646.3
1773036,IT,CH,ALUM1,LEAD1,0.01,8312.6,3,3,8312.6,0.0,0.0,0.0,0.0,831260.0
1727326,IT,RO,POSTT,TRANS,0.14,8311.332,3,3,8311.332,0.0,0.0,0.0,0.0,59366.657143
1797623,IT,WL,FOODW,HOTEL,0.06,8310.538,3,3,8310.538,0.0,0.0,0.0,0.0,138508.966667
1673206,IT,FR,BEVER,OILHA,0.04,8310.517,3,3,8310.517,0.0,0.0,0.0,0.0,207762.925
1664029,IT,EE,PLAST,PAPER,0.02,8310.005,3,3,8310.005,0.0,0.0,0.0,0.0,415500.25
1777297,IT,TR,GLASS,NATUR,0.02,8309.187,3,3,8309.187,0.0,0.0,0.0,0.0,415459.35
1771159,IT,CH,MEAT1,HEALT,0.04,8308.905,3,3,8308.905,0.0,0.0,0.0,0.0,207722.625
1759404,IT,BR,INSUR,MOTOR,0.17,8308.904,3,3,8308.904,0.0,0.0,0.0,0.0,48875.905882
1776996,IT,TR,CHEM1,FORES,0.02,8308.866,3,3,8308.866,0.0,0.0,0.0,0.0,415443.3
1722604,IT,PT,TEXTI,MEATC,0.05,8308.792,3,3,8308.792,0.0,0.0,0.0,0.0,166175.84
1769520,IT,AU,ALUM1,MEAT1,0.01,8308.08,3,3,8308.08,0.0,0.0,0.0,0.0,830808.0
1669392,IT,ES,INSUR,WOODW,0.17,8307.608,3,3,8307.608,0.0,0.0,0.0,0.0,48868.282353
1676020,IT,FR,ELEC5,BUSIN,0.1,8307.561,3,3,8307.561,0.0,0.0,0.0,0.0,83075.61
1744569,IT,US,REALE,PUBLI,0.35,8307.555,3,3,8307.555,0.0,0.0,0.0,0.0,23735.871429
1671292,IT,FI,PREC1,RENTI,0.01,8307.316,3,3,8307.316,0.0,0.0,0.0,0.0,830731.6
1684351,IT,HR,SUPPO,HOTEL,0.06,8307.223,3,3,8307.223,0.0,0.0,0.0,0.0,138453.716667
1684399,IT,HR,POSTT,BUSIN,0.14,8306.916,3,3,8306.916,0.0,0.0,0.0,0.0,59335.114286
1716787,IT,NL,RETA1,HOTEL,0.09,8306.665,3,3,8306.665,0.0,0.0,0.0,0.0,92296.277778
1743691,IT,US,RAILW,RADIO,0.06,8306.079,3,3,8306.079,0.0,0.0,0.0,0.0,138434.65
1665478,IT,ES,WEARI,BIOGA,0.06,8305.617,4,4,8305.615,0.0,0.0,0.0,0.002,138426.95
1732091,IT,SI,KERO1,HOTEL,0.01,8304.96,3,3,8304.96,0.0,0.0,0.0,0.0,830496.0
1751660,IT,CN,INSUR,PADDY,0.17,8304.528,3,3,8304.528,0.0,0.0,0.0,0.0,48850.164706
1753671,IT,CA,MOTO1,BASIC,0.04,8303.964,3,3,8303.964,0.0,0.0,0.0,0.0,207599.1
1802554,IT,WE,FINAN,PRINT,0.11,8303.667,3,3,8303.667,0.0,0.0,0.0,0.0,75487.881818
1760309,IT,IN,STONE,PRINT,0.03,8303.491,3,3,8303.491,0.0,0.0,0.0,0.0,276783.033333
1664983,IT,ES,CHEMI,MEATP,0.02,8303.439,3,3,8303.439,0.0,0.0,0.0,0.0,415171.95
1656852,IT,DE,HEAVY,TEXTI,0.01,8303.156,3,3,8303.156,0.0,0.0,0.0,0.0,830315.6
1805282,IT,WF,ADDIT,NATUR,0.02,8303.033,3,3,8303.033,0.0,0.0,0.0,0.0,415151.65
1652906,IT,CZ,KEROS,HOTEL,0.01,8302.786,3,3,8302.786,0.0,0.0,0.0,0.0,830278.6
1813483,IT,WM,SALEM,HOTEL,0.07,8302.661,3,3,8302.661,0.0,0.0,0.0,0.0,118609.442857
1799154,IT,WE,WEARI,NONF1,0.06,8302.101,4,4,8302.099,0.0,0.0,0.0,0.002,138368.35
1795467,IT,WL,PREC1,ELEC1,0.01,8301.887,3,3,8301.887,0.0,0.0,0.0,0.0,830188.7
1721499,IT,PL,SUPPO,TEXTI,0.06,8301.685,3,3,8301.685,0.0,0.0,0.0,0.0,138361.416667
1742643,IT,US,COPP1,LEAD1,0.02,8300.935,3,3,8300.935,0.0,0.0,0.0,0.0,415046.75
1748420,IT,CN,FORES,BIOGA,0.07,8300.423,4,4,8297.423,0.0,3.0,0.0,0.0,118577.471429
1759965,IT,BR,PLAS1,COMPU,0.03,8300.37,3,3,8300.37,0.0,0.0,0.0,0.0,276679.0
1769861,IT,AU,OFFIC,HOTEL,0.03,8300.204,3,3,8300.204,0.0,0.0,0.0,0.0,276673.466667
1747179,IT,JP,CONST,ELEC8,0.05,8299.983,3,3,8299.983,0.0,0.0,0.0,0.0,165999.66
1793326,IT,WA,PRIVA,LANDT,1.85,8299.977,3,3,8299.977,0.0,0.0,0.0,0.0,4486.474054
1752211,IT,CN,PUBLI,FINAN,0.14,8299.732,3,3,8299.732,0.0,0.0,0.0,0.0,59283.8
1743364,IT,US,SALEM,LEATH,0.07,8299.675,3,3,8299.675,0.0,0.0,0.0,0.0,118566.785714
1728470,IT,SE,LEATH,HOTEL,0.06,8299.528,3,3,8299.528,0.0,0.0,0.0,0.0,138325.466667
1792909,IT,WA,HEALT,CHEM1,0.04,8299.508,3,3,8299.508,0.0,0.0,0.0,0.0,207487.7
1758456,IT,BR,MACHI,CATTL,0.05,8299.437,3,3,8299.437,0.0,0.0,0.0,0.0,165988.74
1781524,IT,NO,TEXTI,ALUM1,0.05,8299.324,3,3,8299.324,0.0,0.0,0.0,0.0,165986.48
1712742,IT,LV,LANDT,FORES,0.05,8299.281,3,3,8299.281,0.0,0.0,0.0,0.0,165985.62
1759939,IT,BR,PLAS1,RUBBE,0.03,8298.939,3,3,8298.939,0.0,0.0,0.0,0.0,276631.3
1762920,IT,MX,CHEMI,RADIO,0.02,8298.797,3,3,8298.797,0.0,0.0,0.0,0.0,414939.85
1770709,IT,AU,INSUR,BUSIN,0.17,8298.049,3,3,8298.049,0.0,0.0,0.0,0.0,48812.052941
1672272,IT,FI,RENTI,WOODW,0.05,8298.041,3,3,8298.041,0.0,0.0,0.0,0.0,165960.82
1745423,IT,JP,DAIRY,FABRI,0.03,8297.981,3,3,8297.981,0.0,0.0,0.0,0.0,276599.366667
1709338,IT,LT,VEGE1,RESEA,0.03,8297.68,4,4,8297.678,0.0,0.0,0.0,0.002,276589.333333
1779788,IT,TR,BUSIN,SEACO,0.09,8297.623,3,3,8297.623,0.0,0.0,0.0,0.0,92195.811111
1669167,IT,ES,POSTT,CERAM,0.14,8297.405,3,3,8297.405,0.0,0.0,0.0,0.0,59267.178571
1751547,IT,CN,POSTT,CRUDE,0.14,8297.214,3,3,8297.214,0.0,0.0,0.0,0.0,59265.814286
1765683,IT,RU,PAPER,CEMEN,0.03,8297.185,3,3,8297.185,0.0,0.0,0.0,0.0,276572.833333
1787406,IT,WA,FISHF,LIQUE,0.01,8297.072,3,3,8297.072,0.0,0.0,0.0,0.0,829707.2
1712821,IT,LV,SUPPO,SEACO,0.06,8296.916,3,3,8296.916,0.0,0.0,0.0,0.0,138281.933333
1756592,IT,KR,RAILW,TEXTI,0.06,8296.554,3,3,8296.554,0.0,0.0,0.0,0.0,138275.9
1674676,IT,FR,GLASS,CHARC,0.02,8296.465,3,3,8296.465,0.0,0.0,0.0,0.0,414823.25
1726642,IT,RO,MOTO1,AIRTR,0.04,8296.216,3,3,8296.216,0.0,0.0,0.0,0.0,207405.4
1654920,IT,CZ,INSUR,COKEO,0.17,8295.995,3,3,8295.995,0.0,0.0,0.0,0.0,48799.970588
1741646,IT,US,HEAVY,KERO1,0.01,8295.845,3,3,8295.845,0.0,0.0,0.0,0.0,829584.5
1744805,IT,US,RESEA,ELEC7,0.04,8295.79,3,3,8295.79,0.0,0.0,0.0,0.0,207394.75
1650802,IT,BG,LANDT,FORES,0.05,8295.476,3,3,8295.476,0.0,0.0,0.0,0.0,165909.52
1640357,IT,AT,MEATC,RETA1,0.03,8295.319,3,3,8295.319,0.0,0.0,0.0,0.0,276510.633333
1748771,IT,CN,TEXTI,BITUM,0.05,8295.232,3,3,8295.232,0.0,0.0,0.0,0.0,165904.64
1751037,IT,CN,WHOLE,RADIO,0.07,8295.205,3,3,8295.205,0.0,0.0,0.0,0.0,118502.928571
1784412,IT,ID,NONME,CHEM1,0.02,8294.993,3,3,8294.993,0.0,0.0,0.0,0.0,414749.65
1776723,IT,TR,LIQUE,PRECI,0.01,8294.51,3,3,8294.51,0.0,0.0,0.0,0.0,829451.0
1777871,IT,TR,FABRI,INERT,0.03,8294.395,3,3,8294.395,0.0,0.0,0.0,0.0,276479.833333
1683904,IT,HR,FURNI,LEATH,0.03,8294.119,3,3,8294.119,0.0,0.0,0.0,0.0,276470.633333
1741491,IT,US,MOTOR,FOOD2,0.01,8293.845,3,3,8293.845,0.0,0.0,0.0,0.0,829384.5
1685587,IT,HU,PRINT,RUBBE,0.08,8293.722,3,3,8293.722,0.0,0.0,0.0,0.0,103671.525
1800881,IT,WE,PREC1,MEAT4,0.01,8293.433,3,3,8293.433,0.0,0.0,0.0,0.0,829343.3
1783826,IT,NO,INERT,TEXT1,0.06,8292.87,3,3,8292.87,0.0,0.0,0.0,0.0,138214.5
1674098,IT,FR,HEAVY,FORES,0.01,8292.838,3,3,8292.838,0.0,0.0,0.0,0.0,829283.8
1686807,IT,HU,FABRI,ADDIT,0.03,8292.785,3,3,8292.785,0.0,0.0,0.0,0.0,276426.166667
1772008,IT,CH,PRINT,FORES,0.08,8292.679,3,3,8292.679,0.0,0.0,0.0,0.0,103658.4875
1772487,IT,CH,BIODI,RENTI,0.02,8292.66,3,3,8292.66,0.0,0.0,0.0,0.0,414633.0
1679846,IT,GR,ALUM1,ELEC1,0.01,8292.165,3,3,8292.165,0.0,0.0,0.0,0.0,829216.5
1645956,IT,BE,CERAM,SUPPO,0.01,8291.91,3,3,8291.91,0.0,0.0,0.0,0.0,829191.0
1791524,IT,WA,RETA1,WEARI,0.09,8291.758,3,3,8291.758,0.0,0.0,0.0,0.0,92130.644444
1776831,IT,TR,NAPHT,PAPE4,0.01,8291.09,3,3,8291.09,0.0,0.0,0.0,0.0,829109.0
1726231,IT,RO,NONME,FOUND,0.02,8290.945,3,3,8290.945,0.0,0.0,0.0,0.0,414547.25
1763776,IT,MX,GLASS,POSTT,0.02,8290.628,3,3,8290.628,0.0,0.0,0.0,0.0,414531.4
1714483,IT,NL,FISHF,FABRI,0.01,8290.221,3,3,8290.221,0.0,0.0,0.0,0.0,829022.1
1686186,IT,HU,GLASS,GASDI,0.02,8289.829,3,3,8289.829,0.0,0.0,0.0,0.0,414491.45
1749976,IT,CN,CERAM,INLAN,0.01,8289.731,3,3,8289.731,0.0,0.0,0.0,0.0,828973.1
1660499,IT,DE,INSUR,TRANS,0.17,8289.082,3,3,8289.082,0.0,0.0,0.0,0.0,48759.305882
1714858,IT,NL,FOOD5,EDUCA,0.04,8288.873,3,3,8288.873,0.0,0.0,0.0,0.0,207221.825
1711581,IT,LU,FINAN,RAILW,0.11,8288.686,3,3,8288.686,0.0,0.0,0.0,0.0,75351.690909
1795339,IT,WL,NONME,PREC1,0.02,8287.493,3,3,8287.493,0.0,0.0,0.0,0.0,414374.65
1773336,IT,CH,MACHI,NONF1,0.05,8287.396,3,3,8287.396,0.0,0.0,0.0,0.0,165747.92
1750826,IT,CN,FURNI,BIODI,0.03,8287.364,3,3,8287.364,0.0,0.0,0.0,0.0,276245.466667
1723782,IT,PT,OFFIC,CEMEN,0.03,8287.076,3,3,8287.076,0.0,0.0,0.0,0.0,276235.866667
1788234,IT,WA,LEATH,LEADZ,0.06,8286.979,3,3,8286.979,0.0,0.0,0.0,0.0,138116.316667
1654853,IT,CZ,POSTT,MACHI,0.14,8286.961,3,3,8286.961,0.0,0.0,0.0,0.0,59192.578571
1736094,IT,SK,CONST,FOOD5,0.05,8286.897,3,3,8286.897,0.0,0.0,0.0,0.0,165737.94
1791178,IT,WA,FURNI,CHEMI,0.03,8286.639,3,3,8286.639,0.0,0.0,0.0,0.0,276221.3
1751318,IT,CN,LANDT,PLAST,0.05,8286.027,3,3,8286.027,0.0,0.0,0.0,0.0,165720.54
1776839,IT,TR,BITU1,COKEO,0.01,8285.974,3,3,8285.974,0.0,0.0,0.0,0.0,828597.4
1737123,IT,GB,MEAT4,SUGA1,0.05,8285.282,3,3,8285.282,0.0,0.0,0.0,0.0,165705.64
1738403,IT,GB,PREC1,FOOD2,0.01,8284.617,3,3,8284.617,0.0,0.0,0.0,0.0,828461.7
1764710,IT,MX,HOTEL,LIQUE,0.06,8284.263,3,3,8284.263,0.0,0.0,0.0,0.0,138071.05
1783950,IT,ID,SANDC,RETA1,0.02,8283.853,4,4,8281.853,0.0,0.0,2.0,0.0,414192.65
1659564,IT,DE,HOTEL,LIGNI,0.06,8283.707,3,3,8283.707,0.0,0.0,0.0,0.0,138061.783333
1772111,IT,CH,MOTOR,HEAVY,0.01,8283.502,3,3,8283.502,0.0,0.0,0.0,0.0,828350.2
1727757,IT,RO,BUSIN,WHEAT,0.09,8283.447,3,3,8283.447,0.0,0.0,0.0,0.0,92038.3
1783993,IT,ID,FOOD5,FISH5,0.04,8282.968,3,3,8282.968,0.0,0.0,0.0,0.0,207074.2
1786011,IT,ZA,GLASS,PREC1,0.02,8282.884,3,3,8282.884,0.0,0.0,0.0,0.0,414144.2
1764604,IT,MX,WHOLE,INSUR,0.07,8282.874,3,3,8282.874,0.0,0.0,0.0,0.0,118326.771429
1802925,IT,WF,PADDY,CHEMI,0.08,8282.596,3,3,8282.596,0.0,0.0,0.0,0.0,103532.45
1736199,IT,SK,WHOLE,WHOLE,0.07,8282.4,3,3,8282.4,0.0,0.0,0.0,0.0,118320.0
1757185,IT,BR,MEAT4,MEAT4,0.05,8282.151,3,3,8282.151,0.0,0.0,0.0,0.0,165643.02
1771463,IT,CH,BEVER,FABRI,0.04,8281.49,3,3,8281.49,0.0,0.0,0.0,0.0,207037.25
1762618,IT,IN,REALE,FABRI,0.35,8281.423,3,3,8281.423,0.0,0.0,0.0,0.0,23661.208571
1719353,IT,PL,RUBBE,CATTL,0.03,8281.25,3,3,8281.25,0.0,0.0,0.0,0.0,276041.666667
1737696,IT,GB,PRINT,MEMBE,0.08,8280.638,3,3,8280.638,0.0,0.0,0.0,0.0,103507.975
1748330,IT,CN,CEREA,FOOD5,0.01,8280.538,3,3,8280.538,0.0,0.0,0.0,0.0,828053.8
1749939,IT,CN,GLASS,DISTR,0.02,8280.503,3,3,8280.503,0.0,0.0,0.0,0.0,414025.15
1781372,IT,NO,DAIRY,AIRTR,0.03,8280.454,3,3,8280.454,0.0,0.0,0.0,0.0,276015.133333
1673203,IT,FR,BEVER,FOODW,0.04,8280.283,3,3,8280.283,0.0,0.0,0.0,0.0,207007.075
1710670,IT,LU,VEGE1,SUPPO,0.03,8279.95,4,4,8279.948,0.0,0.0,0.0,0.002,275998.333333
1792475,IT,WA,AUXIL,EDUCA,0.15,8279.6,3,3,8279.6,0.0,0.0,0.0,0.0,55197.333333
1790256,IT,WA,PREC1,LANDT,0.01,8279.341,3,3,8279.341,0.0,0.0,0.0,0.0,827934.1
1679304,IT,GR,HEAVY,RETA1,0.01,8279.231,3,3,8279.231,0.0,0.0,0.0,0.0,827923.1
1644769,IT,BE,FISH5,LANDT,0.03,8279.08,4,4,8279.076,0.0,0.0,0.0,0.004,275969.333333
1716007,IT,NL,CEMEN,CHEMI,0.01,8279.0,3,3,8279.0,0.0,0.0,0.0,0.0,827900.0
1759019,IT,BR,LANDT,REALE,0.05,8278.922,3,3,8278.922,0.0,0.0,0.0,0.0,165578.44
1663029,IT,DK,HOTEL,ELEC5,0.06,8278.791,3,3,8278.791,0.0,0.0,0.0,0.0,137979.85
1808707,IT,WF,TEXT2,MEATA,0.06,8277.998,3,3,8277.998,0.0,0.0,0.0,0.0,137966.633333
1665360,IT,ES,TEXTI,MEATA,0.05,8277.851,3,3,8277.851,0.0,0.0,0.0,0.0,165557.02
1729633,IT,SE,FABRI,PRINT,0.03,8277.54,3,3,8277.54,0.0,0.0,0.0,0.0,275918.0
1677799,IT,FR,COMPU,AIRTR,0.09,8277.478,3,3,8277.478,0.0,0.0,0.0,0.0,91971.977778
1761463,IT,IN,PREC1,NFERT,0.01,8277.478,3,3,8277.478,0.0,0.0,0.0,0.0,827747.8
1690320,IT,IE,FOOD2,CHEM1,0.05,8277.068,3,3,8277.068,0.0,0.0,0.0,0.0,165541.36
1790297,IT,WA,ALUM1,DAIRY,0.01,8276.723,3,3,8276.723,0.0,0.0,0.0,0.0,827672.3
1775446,IT,CH,FOODW,REALE,0.06,8276.126,3,3,8276.126,0.0,0.0,0.0,0.0,137935.433333
1660507,IT,DE,INSUR,ELEC8,0.17,8275.975,3,3,8275.975,0.0,0.0,0.0,0.0,48682.205882
1687609,IT,HU,TRAN2,DIST1,0.01,8275.92,3,3,8275.92,0.0,0.0,0.0,0.0,827592.0
1725521,IT,RO,LEATH,KEROS,0.06,8275.414,3,3,8275.414,0.0,0.0,0.0,0.0,137923.566667
1686039,IT,HU,BIODI,MEMBE,0.02,8275.242,3,3,8275.242,0.0,0.0,0.0,0.0,413762.1
1673265,IT,FR,FISH5,REALE,0.03,8275.081,4,4,8275.077,0.0,0.0,0.0,0.004,275836.033333
1731148,IT,SI,STONE,NONME,0.03,8274.9,3,3,8274.9,0.0,0.0,0.0,0.0,275830.0
1784531,IT,ID,FABRI,LANDT,0.03,8274.894,3,3,8274.894,0.0,0.0,0.0,0.0,275829.8
1768531,IT,AU,FOOD5,ELEC2,0.04,8274.551,3,3,8274.551,0.0,0.0,0.0,0.0,206863.775
1729216,IT,SE,CERAM,SECO9,0.01,8274.521,3,3,8274.521,0.0,0.0,0.0,0.0,827452.1
1644278,IT,BE,CROPS,SUPPO,0.07,8274.45,3,3,8274.45,0.0,0.0,0.0,0.0,118206.428571
1796514,IT,WL,RETA1,PREC1,0.09,8274.147,3,3,8274.147,0.0,0.0,0.0,0.0,91934.966667
1666707,IT,ES,RUBBE,ANIMA,0.03,8273.621,3,3,8273.621,0.0,0.0,0.0,0.0,275787.366667
1729877,IT,SE,TRANS,BASIC,0.05,8273.086,3,3,8273.086,0.0,0.0,0.0,0.0,165461.72
1690408,IT,IE,FOOD4,PLAST,0.06,8272.791,3,3,8272.791,0.0,0.0,0.0,0.0,137879.85
1758084,IT,BR,GLASS,PLAST,0.02,8272.541,3,3,8272.541,0.0,0.0,0.0,0.0,413627.05
1731740,IT,SI,PULP5,RETAI,0.03,8272.447,3,3,8272.447,0.0,0.0,0.0,0.0,275748.233333
1725848,IT,RO,GASDI,POULT,0.01,8272.441,3,3,8272.441,0.0,0.0,0.0,0.0,827244.1
1736948,IT,GB,VEGET,SUGA1,0.03,8272.44,3,3,8272.44,0.0,0.0,0.0,0.0,275748.0
1813498,IT,WM,SALEM,RECRE,0.07,8272.381,3,3,8272.381,0.0,0.0,0.0,0.0,118176.871429
1724281,IT,PT,LANDT,ALUM1,0.05,8272.296,3,3,8272.296,0.0,0.0,0.0,0.0,165445.92
1792898,IT,WA,HEALT,FOOD5,0.04,8272.141,3,3,8272.141,0.0,0.0,0.0,0.0,206803.525
1712020,IT,LV,VEGE1,FISH5,0.03,8272.062,4,4,8272.06,0.0,0.0,0.0,0.002,275735.4
1764953,IT,MX,POSTT,OFFIC,0.14,8271.13,3,3,8271.13,0.0,0.0,0.0,0.0,59079.5
1777905,IT,TR,MACHI,MEAT4,0.05,8269.94,3,3,8269.94,0.0,0.0,0.0,0.0,165398.8
1802319,IT,WE,TRAN2,LANDT,0.01,8269.871,3,3,8269.871,0.0,0.0,0.0,0.0,826987.1
1651710,IT,CY,FABRI,RETA1,0.03,8269.63,3,3,8269.63,0.0,0.0,0.0,0.0,275654.333333
1669267,IT,ES,FINAN,VEGE1,0.11,8269.3,3,3,8269.3,0.0,0.0,0.0,0.0,75175.454545
1785940,IT,ZA,RUBBE,KEROS,0.03,8269.174,3,3,8269.174,0.0,0.0,0.0,0.0,275639.133333
1650436,IT,BG,ELEC4,HOTEL,0.13,8269.127,3,3,8269.127,0.0,0.0,0.0,0.0,63608.669231
1764311,IT,MX,OFFIC,PAPER,0.03,8269.082,3,3,8269.082,0.0,0.0,0.0,0.0,275636.066667
1688001,IT,HU,RENTI,INLAN,0.05,8268.898,3,3,8268.898,0.0,0.0,0.0,0.0,165377.96
1778170,IT,TR,FURNI,POULT,0.03,8268.667,3,3,8268.667,0.0,0.0,0.0,0.0,275622.233333
1746521,IT,JP,NONME,WOODW,0.02,8268.147,3,3,8268.147,0.0,0.0,0.0,0.0,413407.35
1663368,IT,DK,SUPPO,HEALT,0.06,8268.036,3,3,8268.036,0.0,0.0,0.0,0.0,137800.6
1733710,IT,SI,RAILW,REALE,0.06,8267.825,3,3,8267.825,0.0,0.0,0.0,0.0,137797.083333
1783938,IT,ID,STONE,MACHI,0.03,8267.687,3,3,8267.687,0.0,0.0,0.0,0.0,275589.566667
1720895,IT,PL,SALEM,PRINT,0.07,8267.304,3,3,8267.304,0.0,0.0,0.0,0.0,118104.342857
1718530,IT,PL,WEARI,FORES,0.06,8267.096,4,4,8267.094,0.0,0.0,0.0,0.002,137784.933333
1678843,IT,GR,BEVER,RESEA,0.04,8266.701,3,3,8266.701,0.0,0.0,0.0,0.0,206667.525
1744585,IT,US,RENTI,PIGS9,0.05,8266.697,3,3,8266.697,0.0,0.0,0.0,0.0,165333.94
1736035,IT,SK,FURNI,POULT,0.03,8266.689,3,3,8266.689,0.0,0.0,0.0,0.0,275556.3
1793294,IT,WA,PRIVA,FABRI,1.84,8266.668,3,3,8266.668,0.0,0.0,0.0,0.0,4492.754348
1767128,IT,RU,FURNI,PAPE4,0.03,8266.21,3,3,8266.21,0.0,0.0,0.0,0.0,275540.333333
1782248,IT,NO,ALUM1,PRINT,0.01,8266.062,3,3,8266.062,0.0,0.0,0.0,0.0,826606.2
1713125,IT,MT,BEVER,FISH5,0.04,8266.037,3,3,8266.037,0.0,0.0,0.0,0.0,206650.925
1781785,IT,NO,PRINT,RENTI,0.08,8265.258,3,3,8265.258,0.0,0.0,0.0,0.0,103315.725
1793358,IT,WL,VEGET,MEAT1,0.03,8265.239,3,3,8265.239,0.0,0.0,0.0,0.0,275507.966667
1751165,IT,CN,HOTEL,ALUMI,0.06,8264.986,3,3,8264.986,0.0,0.0,0.0,0.0,137749.766667
1813146,IT,WM,MOTO1,CHARC,0.04,8264.985,3,3,8264.985,0.0,0.0,0.0,0.0,206624.625
1667093,IT,ES,NONME,FOODW,0.02,8264.73,3,3,8264.73,0.0,0.0,0.0,0.0,413236.5
1716055,IT,NL,NONME,PUBLI,0.02,8264.612,3,3,8264.612,0.0,0.0,0.0,0.0,413230.6
1795012,IT,WL,ADDIT,OILSE,0.02,8264.49,3,3,8264.49,0.0,0.0,0.0,0.0,413224.5
1687500,IT,HU,LANDT,MEAT4,0.05,8264.281,3,3,8264.281,0.0,0.0,0.0,0.0,165285.62
1728701,IT,SE,MOTOR,RAWMI,0.01,8264.221,3,3,8264.221,0.0,0.0,0.0,0.0,826422.1
1685542,IT,HU,PAPER,ELEC3,0.03,8264.202,3,3,8264.202,0.0,0.0,0.0,0.0,275473.4
1746751,IT,JP,MACHI,WHEAT,0.05,8264.094,3,3,8264.094,0.0,0.0,0.0,0.0,165281.88
1750656,IT,CN,MOTO1,LEATH,0.04,8264.005,3,3,8264.005,0.0,0.0,0.0,0.0,206600.125
1799246,IT,WE,LEATH,GASDI,0.06,8263.977,3,3,8263.977,0.0,0.0,0.0,0.0,137732.95
1647630,IT,BE,POSTT,EDUCA,0.14,8263.332,3,3,8263.332,0.0,0.0,0.0,0.0,59023.8
1660009,IT,DE,INLAN,OFFIC,0.01,8263.326,3,3,8263.326,0.0,0.0,0.0,0.0,826332.6
1808920,IT,WM,CEREA,DAIRY,0.01,8263.14,3,3,8263.14,0.0,0.0,0.0,0.0,826314.0
1728524,IT,SE,WOODW,HEALT,0.02,8262.666,3,3,8262.666,0.0,0.0,0.0,0.0,413133.3
1786529,IT,ZA,FURNI,DAIRY,0.03,8262.47,3,3,8262.47,0.0,0.0,0.0,0.0,275415.666667
1721536,IT,PL,SUPPO,TRANS,0.06,8262.406,3,3,8262.406,0.0,0.0,0.0,0.0,137706.766667
1807949,IT,WF,PLAS1,RUBBE,0.03,8262.365,3,3,8262.365,0.0,0.0,0.0,0.0,275412.166667
1803522,IT,WF,VEGE1,CHEM1,0.03,8261.944,4,4,8261.942,0.0,0.0,0.0,0.002,275398.133333
1642057,IT,AT,GLASS,SUGA1,0.02,8261.929,3,3,8261.929,0.0,0.0,0.0,0.0,413096.45
1684536,IT,HR,BUSIN,PFERT,0.08,8261.717,3,3,8261.717,0.0,0.0,0.0,0.0,103271.4625
1709457,IT,LT,TEXTI,ELEC4,0.05,8260.747,3,3,8260.747,0.0,0.0,0.0,0.0,165214.94
1779566,IT,TR,COMPU,CEMEN,0.09,8260.415,3,3,8260.415,0.0,0.0,0.0,0.0,91782.388889
1682687,IT,HR,KERO1,MOTOR,0.01,8260.382,3,3,8260.382,0.0,0.0,0.0,0.0,826038.2
1729557,IT,SE,COPP1,FOUND,0.02,8260.304,3,3,8260.304,0.0,0.0,0.0,0.0,413015.2
1734766,IT,SK,WOODW,LEATH,0.02,8260.11,3,3,8260.11,0.0,0.0,0.0,0.0,413005.5
1750962,IT,CN,SALEM,CONST,0.07,8259.919,3,3,8259.919,0.0,0.0,0.0,0.0,117998.842857
1650957,IT,BG,SUPPO,CEREA,0.06,8259.663,3,3,8259.663,0.0,0.0,0.0,0.0,137661.05
1714358,IT,MT,RECRE,COMPU,0.1,8259.225,3,3,8259.225,0.0,0.0,0.0,0.0,82592.25
1791441,IT,WA,WHOLE,GLASS,0.07,8259.054,3,3,8259.054,0.0,0.0,0.0,0.0,117986.485714
1803259,IT,WF,WOOLS,COPPE,0.03,8259.048,3,3,8259.048,0.0,0.0,0.0,0.0,275301.6
1678564,IT,GR,CROPS,FOOD5,0.07,8258.495,3,3,8258.495,0.0,0.0,0.0,0.0,117978.5
1687050,IT,HU,MOTO1,WEARI,0.04,8258.381,3,3,8258.381,0.0,0.0,0.0,0.0,206459.525
1727567,IT,RO,REALE,CEMEN,0.35,8257.905,3,3,8257.905,0.0,0.0,0.0,0.0,23594.014286
1670739,IT,FI,PAPER,SECO9,0.03,8257.759,3,3,8257.759,0.0,0.0,0.0,0.0,275258.633333
1725105,IT,RO,STONE,FOUND,0.03,8257.47,3,3,8257.47,0.0,0.0,0.0,0.0,275249.0
1733691,IT,SI,RAILW,ALUM1,0.06,8257.391,3,3,8257.391,0.0,0.0,0.0,0.0,137623.183333
1788974,IT,WA,HEAVY,RADIO,0.01,8256.844,3,3,8256.844,0.0,0.0,0.0,0.0,825684.4
1750980,IT,CN,RETAI,WHOLE,0.06,8256.515,3,3,8256.515,0.0,0.0,0.0,0.0,137608.583333
1808321,IT,WF,FOOD3,MEATA,0.02,8256.422,3,3,8256.422,0.0,0.0,0.0,0.0,412821.1
1642787,IT,AT,MACHI,PUBLI,0.05,8256.274,3,3,8256.274,0.0,0.0,0.0,0.0,165125.48
1735250,IT,SK,GLASS,CHEMI,0.02,8256.22,3,3,8256.22,0.0,0.0,0.0,0.0,412811.0
1648585,IT,BG,CHEMI,BEVER,0.02,8256.093,3,3,8256.093,0.0,0.0,0.0,0.0,412804.65
1758926,IT,BR,RAILW,VEGET,0.06,8255.952,3,3,8255.952,0.0,0.0,0.0,0.0,137599.2
1777569,IT,TR,PREC1,DIST1,0.01,8255.77,3,3,8255.77,0.0,0.0,0.0,0.0,825577.0
1750169,IT,CN,ALUM1,PFERT,0.01,8255.548,3,3,8255.548,0.0,0.0,0.0,0.0,825554.8
1760662,IT,IN,PAPER,MEAT4,0.03,8255.547,3,3,8255.547,0.0,0.0,0.0,0.0,275184.9
1674699,IT,FR,GLASS,COLLE,0.02,8255.13,3,3,8255.13,0.0,0.0,0.0,0.0,412756.5
1657606,IT,DE,GLASS,TRAN2,0.02,8254.88,3,3,8254.88,0.0,0.0,0.0,0.0,412744.0
1732419,IT,SI,PLAST,SUPPO,0.02,8254.691,3,3,8254.691,0.0,0.0,0.0,0.0,412734.55
1755759,IT,KR,GLASS,INLAN,0.02,8254.624,3,3,8254.624,0.0,0.0,0.0,0.0,412731.2
1684870,IT,HU,STONE,RECRE,0.03,8254.609,3,3,8254.609,0.0,0.0,0.0,0.0,275153.633333
1650196,IT,BG,TRANS,COPP1,0.05,8254.571,3,3,8254.571,0.0,0.0,0.0,0.0,165091.42
1659201,IT,DE,CONST,RESEA,0.05,8254.241,3,3,8254.241,0.0,0.0,0.0,0.0,165084.82
1677300,IT,FR,FINAN,ELEC4,0.11,8254.145,3,3,8254.145,0.0,0.0,0.0,0.0,75037.681818
1661811,IT,DK,WOODW,TRANS,0.02,8254.048,3,3,8254.048,0.0,0.0,0.0,0.0,412702.4
1780095,IT,TW,WHOLE,93197,0.07,8253.893,3,3,8253.893,0.0,0.0,0.0,0.0,117912.757143
1801651,IT,WE,FURNI,MOTOR,0.03,8253.608,3,3,8253.608,0.0,0.0,0.0,0.0,275120.266667
1665665,IT,ES,WOODW,93197,0.02,8253.461,3,3,8253.461,0.0,0.0,0.0,0.0,412673.05
1802318,IT,WE,TRAN2,HOTEL,0.01,8252.834,3,3,8252.834,0.0,0.0,0.0,0.0,825283.4
1662541,IT,DK,FABRI,RAWMI,0.03,8252.678,3,3,8252.678,0.0,0.0,0.0,0.0,275089.266667
1730892,IT,SE,PAPE1,REALE,0.06,8252.641,3,3,8252.641,0.0,0.0,0.0,0.0,137544.016667
1641390,IT,AT,KEROS,FOOD2,0.01,8252.318,3,3,8252.318,0.0,0.0,0.0,0.0,825231.8
1802593,IT,WE,FINAN,93197,0.11,8252.307,3,3,8252.307,0.0,0.0,0.0,0.0,75020.972727
1733704,IT,SI,RAILW,HOTEL,0.06,8252.166,3,3,8252.166,0.0,0.0,0.0,0.0,137536.1
1673617,IT,FR,WOODW,ELEC7,0.02,8252.029,3,3,8252.029,0.0,0.0,0.0,0.0,412601.45
1803318,IT,WF,STONE,TEXTI,0.03,8251.87,3,3,8251.87,0.0,0.0,0.0,0.0,275062.333333
1789110,IT,WA,NONSP,PRECI,0.01,8251.83,3,3,8251.83,0.0,0.0,0.0,0.0,825183.0
1659331,IT,DE,RETAI,COPP1,0.06,8251.811,3,3,8251.811,0.0,0.0,0.0,0.0,137530.183333
1682791,IT,HR,HEAVY,PAPER,0.01,8251.765,3,3,8251.765,0.0,0.0,0.0,0.0,825176.5
1795447,IT,WL,PREC1,GASDI,0.01,8251.749,3,3,8251.749,0.0,0.0,0.0,0.0,825174.9
1767448,IT,RU,LANDT,FINAN,0.05,8251.664,3,3,8251.664,0.0,0.0,0.0,0.0,165033.28
1649487,IT,BG,BIODI,TRAN2,0.02,8251.56,3,3,8251.56,0.0,0.0,0.0,0.0,412578.0
1666453,IT,ES,NONSP,WHITE,0.01,8251.526,3,3,8251.526,0.0,0.0,0.0,0.0,825152.6
1717348,IT,NL,FINAN,ELEC8,0.11,8251.483,3,3,8251.483,0.0,0.0,0.0,0.0,75013.481818
1796477,IT,WL,RETA1,MEAT4,0.09,8251.242,3,3,8251.242,0.0,0.0,0.0,0.0,91680.466667
1746462,IT,JP,GLASS,RETA1,0.02,8251.018,3,3,8251.018,0.0,0.0,0.0,0.0,412550.9
1806360,IT,WF,MOTO1,CHEMI,0.04,8250.817,3,3,8250.817,0.0,0.0,0.0,0.0,206270.425
1729043,IT,SE,RUBBE,HEAVY,0.03,8250.771,3,3,8250.771,0.0,0.0,0.0,0.0,275025.7
1642133,IT,AT,CERAM,PAPER,0.01,8250.68,3,3,8250.68,0.0,0.0,0.0,0.0,825068.0
1731720,IT,SI,PULP5,PULP5,0.03,8250.441,3,3,8250.441,0.0,0.0,0.0,0.0,275014.7
1790252,IT,WA,PREC1,RETAI,0.01,8249.841,3,3,8249.841,0.0,0.0,0.0,0.0,824984.1
1686292,IT,HU,CEMEN,RUBBE,0.01,8249.8,3,3,8249.8,0.0,0.0,0.0,0.0,824980.0
1688433,IT,IE,BEVER,RECRE,0.04,8249.765,3,3,8249.765,0.0,0.0,0.0,0.0,206244.125
1713171,IT,MT,TEXTI,WEARI,0.05,8249.63,3,3,8249.63,0.0,0.0,0.0,0.0,164992.6
1737102,IT,GB,MEATP,MEATC,0.03,8249.544,3,3,8249.544,0.0,0.0,0.0,0.0,274984.8
1790200,IT,WA,PREC1,SUGA1,0.01,8249.475,3,3,8249.475,0.0,0.0,0.0,0.0,824947.5
1785055,IT,ID,BUSIN,COMPU,0.08,8249.458,3,3,8249.458,0.0,0.0,0.0,0.0,103118.225
1776854,IT,TR,BITU1,BUSIN,0.01,8249.188,3,3,8249.188,0.0,0.0,0.0,0.0,824918.8
1740989,IT,US,BEVER,RAILW,0.04,8248.624,3,3,8248.624,0.0,0.0,0.0,0.0,206215.6
1730165,IT,SE,LANDT,MOTOR,0.05,8248.575,3,3,8248.575,0.0,0.0,0.0,0.0,164971.5
1720046,IT,PL,ALUM1,SECO9,0.01,8248.046,3,3,8248.046,0.0,0.0,0.0,0.0,824804.6
1645488,IT,BE,PLAST,VEGE1,0.02,8247.709,3,3,8247.709,0.0,0.0,0.0,0.0,412385.45
1725837,IT,RO,KERO1,CEREA,0.01,8247.586,3,3,8247.586,0.0,0.0,0.0,0.0,824758.6
1810355,IT,WM,WOODW,OFFIC,0.02,8247.459,3,3,8247.459,0.0,0.0,0.0,0.0,412372.95
1709840,IT,LT,RUBBE,PAPE4,0.03,8247.14,3,3,8247.14,0.0,0.0,0.0,0.0,274904.666667
1766568,IT,RU,COPP1,HOTEL,0.02,8246.971,3,3,8246.971,0.0,0.0,0.0,0.0,412348.55
1672346,IT,FI,BUSIN,LEADZ,0.08,8246.192,3,3,8246.192,0.0,0.0,0.0,0.0,103077.4
1787424,IT,WA,NATUR,COKE1,0.01,8246.107,3,3,8246.107,0.0,0.0,0.0,0.0,824610.7
1654983,IT,CZ,INSUR,RESEA,0.17,8245.6,3,3,8245.6,0.0,0.0,0.0,0.0,48503.529412
1793829,IT,WL,TEXTI,GASDI,0.05,8245.306,3,3,8245.306,0.0,0.0,0.0,0.0,164906.12
1709449,IT,LT,TEXTI,BASIC,0.05,8245.243,3,3,8245.243,0.0,0.0,0.0,0.0,164904.86
1755758,IT,KR,GLASS,SEACO,0.02,8245.134,3,3,8245.134,0.0,0.0,0.0,0.0,412256.7
1780927,IT,TW,RESEA,BUSIN,0.04,8244.865,3,3,8244.865,0.0,0.0,0.0,0.0,206121.625
1688236,IT,IE,VEGET,PEAT2,0.03,8244.532,3,3,8244.532,0.0,0.0,0.0,0.0,274817.733333
1670903,IT,FI,CHEM1,PIGS9,0.02,8244.501,3,3,8244.501,0.0,0.0,0.0,0.0,412225.05
1651071,IT,BG,INSUR,COPP1,0.17,8244.482,3,3,8244.482,0.0,0.0,0.0,0.0,48496.952941
1735121,IT,SK,CHEM1,PAPE1,0.02,8244.198,3,3,8244.198,0.0,0.0,0.0,0.0,412209.9
1678796,IT,GR,FOOD5,INLAN,0.04,8243.94,3,3,8243.94,0.0,0.0,0.0,0.0,206098.5
1737232,IT,GB,PROCE,RESEA,0.06,8243.882,3,3,8243.882,0.0,0.0,0.0,0.0,137398.033333
1787117,IT,ZA,BUSIN,LANDT,0.08,8243.696,3,3,8243.696,0.0,0.0,0.0,0.0,103046.2
1642582,IT,AT,FABRI,MEATA,0.03,8243.488,3,3,8243.488,0.0,0.0,0.0,0.0,274782.933333
1767048,IT,RU,FURNI,NATU1,0.03,8243.04,3,3,8243.04,0.0,0.0,0.0,0.0,274768.0
1671561,IT,FI,OFFIC,OILHA,0.03,8242.976,3,3,8242.976,0.0,0.0,0.0,0.0,274765.866667
1679290,IT,GR,HEAVY,WOODW,0.01,8242.859,3,3,8242.859,0.0,0.0,0.0,0.0,824285.9
1789474,IT,WA,ADDIT,VEGE1,0.02,8242.743,3,3,8242.743,0.0,0.0,0.0,0.0,412137.15
1710015,IT,LT,ALUM1,RESEA,0.01,8242.576,3,3,8242.576,0.0,0.0,0.0,0.0,824257.6
1687352,IT,HU,HOTEL,NATUR,0.06,8242.286,3,3,8242.286,0.0,0.0,0.0,0.0,137371.433333
1760695,IT,IN,PAPER,PREC1,0.03,8242.261,3,3,8242.261,0.0,0.0,0.0,0.0,274742.033333
1746892,IT,JP,MOTO1,RAWMI,0.04,8242.127,3,3,8242.127,0.0,0.0,0.0,0.0,206053.175
1653683,IT,CZ,ALUM1,OILHA,0.01,8242.108,3,3,8242.108,0.0,0.0,0.0,0.0,824210.8
1813492,IT,WM,SALEM,COMPU,0.07,8241.522,3,3,8241.522,0.0,0.0,0.0,0.0,117736.028571
1766480,IT,RU,ALUM1,PFERT,0.01,8241.419,3,3,8241.419,0.0,0.0,0.0,0.0,824141.9
1688644,IT,IE,PLAST,HEALT,0.02,8240.927,3,3,8240.927,0.0,0.0,0.0,0.0,412046.35
1752978,IT,CA,CHEM1,STONE,0.02,8240.888,3,3,8240.888,0.0,0.0,0.0,0.0,412044.4
1810957,IT,WM,GASDI,BITU1,0.01,8240.804,3,3,8240.804,0.0,0.0,0.0,0.0,824080.4
1717008,IT,NL,LANDT,REFIN,0.05,8240.531,3,3,8240.531,0.0,0.0,0.0,0.0,164810.62
1726835,IT,RO,WHOLE,INTER,0.07,8240.437,3,3,8240.437,0.0,0.0,0.0,0.0,117720.528571
1799720,IT,WE,AVIAT,TRANS,0.02,8240.169,3,3,8240.169,0.0,0.0,0.0,0.0,412008.45
1798967,IT,WE,TOBAC,GASDI,0.03,8239.757,3,3,8239.757,0.0,0.0,0.0,0.0,274658.566667
1728583,IT,SE,PAPER,DISTR,0.03,8238.862,3,3,8238.862,0.0,0.0,0.0,0.0,274628.733333
1731624,IT,SI,LEATH,WOODW,0.06,8238.294,3,3,8238.294,0.0,0.0,0.0,0.0,137304.9
1641874,IT,AT,BIODI,STONE,0.02,8238.143,3,3,8238.143,0.0,0.0,0.0,0.0,411907.15
1641281,IT,AT,MOTOR,RETAI,0.01,8237.968,3,3,8237.968,0.0,0.0,0.0,0.0,823796.8
1653265,IT,CZ,RUBBE,TRAN1,0.03,8237.277,3,3,8237.277,0.0,0.0,0.0,0.0,274575.9
1742089,IT,US,RUBBE,LIQUI,0.03,8236.147,3,3,8236.147,0.0,0.0,0.0,0.0,274538.233333
1653932,IT,CZ,FABRI,93197,0.03,8235.708,3,3,8235.708,0.0,0.0,0.0,0.0,274523.6
1810900,IT,WM,KERO1,LEAD1,0.01,8235.405,3,3,8235.405,0.0,0.0,0.0,0.0,823540.5
1727608,IT,RO,REALE,EDUCA,0.35,8235.257,3,3,8235.257,0.0,0.0,0.0,0.0,23529.305714
1768550,IT,AU,FOOD5,COMPU,0.04,8234.252,3,3,8234.252,0.0,0.0,0.0,0.0,205856.3
1788431,IT,WA,PULP5,SANDC,0.03,8234.224,3,3,8234.224,0.0,0.0,0.0,0.0,274474.133333
1646804,IT,BE,SALEM,FURNI,0.07,8234.106,3,3,8234.106,0.0,0.0,0.0,0.0,117630.085714
1808713,IT,WF,TEXT2,MEATC,0.06,8233.785,3,3,8233.785,0.0,0.0,0.0,0.0,137229.75
1754459,IT,CA,BUSIN,POULT,0.08,8233.616,3,3,8233.616,0.0,0.0,0.0,0.0,102920.2
1759719,IT,BR,BUSIN,MEAT4,0.08,8233.5,3,3,8233.5,0.0,0.0,0.0,0.0,102918.75
1766917,IT,RU,OFFIC,EDUCA,0.03,8233.457,3,3,8233.457,0.0,0.0,0.0,0.0,274448.566667
1666063,IT,ES,KERO1,BUSIN,0.01,8233.442,3,3,8233.442,0.0,0.0,0.0,0.0,823344.2
1728056,IT,SE,MEATC,RENTI,0.03,8233.136,3,3,8233.136,0.0,0.0,0.0,0.0,274437.866667
1729512,IT,SE,ALUM1,FOOD2,0.01,8232.985,3,3,8232.985,0.0,0.0,0.0,0.0,823298.5
1651433,IT,CY,GASDI,MEAT4,0.01,8232.608,3,3,8232.608,0.0,0.0,0.0,0.0,823260.8
1711910,IT,LU,FOOD2,FINAN,0.05,8232.426,3,3,8232.426,0.0,0.0,0.0,0.0,164648.52
1663855,IT,EE,TEXTI,LANDT,0.05,8232.008,3,3,8232.008,0.0,0.0,0.0,0.0,164640.16
1714341,IT,MT,PAPE4,FOOD5,0.05,8232.002,3,3,8232.002,0.0,0.0,0.0,0.0,164640.04
1775404,IT,CH,PUBLI,AIRTR,0.13,8231.6,3,3,8231.6,0.0,0.0,0.0,0.0,63320.0
1678540,IT,GR,VEGET,WOODW,0.03,8231.571,3,3,8231.571,0.0,0.0,0.0,0.0,274385.7
1805627,IT,WF,NONME,VEGE1,0.02,8231.365,3,3,8231.365,0.0,0.0,0.0,0.0,411568.25
1741198,IT,US,WOODW,NATUR,0.02,8231.317,3,3,8231.317,0.0,0.0,0.0,0.0,411565.85
1709845,IT,LT,GLASS,VEGET,0.02,8231.268,3,3,8231.268,0.0,0.0,0.0,0.0,411563.4
1766932,IT,RU,MOTO1,NATU1,0.04,8231.116,3,3,8231.116,0.0,0.0,0.0,0.0,205777.9
1649284,IT,BG,LIQUE,RETA1,0.01,8230.62,3,3,8230.62,0.0,0.0,0.0,0.0,823062.0
1792968,IT,WA,PLAS1,PUBLI,0.03,8230.318,3,3,8230.318,0.0,0.0,0.0,0.0,274343.933333
1648966,IT,BG,LEATH,CEREA,0.06,8230.277,3,3,8230.277,0.0,0.0,0.0,0.0,137171.283333
1809687,IT,WM,PROCE,HEAVY,0.06,8230.055,3,3,8230.055,0.0,0.0,0.0,0.0,137167.583333
1750998,IT,CN,WHOLE,FISHF,0.07,8229.76,3,3,8229.76,0.0,0.0,0.0,0.0,117568.0
1790275,IT,WA,ALUM1,CATTL,0.01,8229.4,3,3,8229.4,0.0,0.0,0.0,0.0,822940.0
1745028,IT,US,PUBLI,LUBRI,0.13,8229.316,3,3,8229.316,0.0,0.0,0.0,0.0,63302.430769
1646445,IT,BE,MACHI,WEARI,0.05,8229.147,3,3,8229.147,0.0,0.0,0.0,0.0,164582.94
1776260,IT,TR,PULP5,AUXIL,0.03,8228.752,3,3,8228.752,0.0,0.0,0.0,0.0,274291.733333
1675724,IT,FR,FURNI,VEGE1,0.03,8228.735,3,3,8228.735,0.0,0.0,0.0,0.0,274291.166667
1742273,IT,US,BRICK,CERAM,0.01,8228.72,3,3,8228.72,0.0,0.0,0.0,0.0,822872.0
1679328,IT,GR,NAPHT,RESEA,0.01,8228.7,3,3,8228.7,0.0,0.0,0.0,0.0,822870.0
1791201,IT,WA,FURNI,PFERT,0.03,8228.659,3,3,8228.659,0.0,0.0,0.0,0.0,274288.633333
1719012,IT,PL,KERO1,MOTO1,0.01,8228.119,3,3,8228.119,0.0,0.0,0.0,0.0,822811.9
1654187,IT,CZ,MOTO1,COLLE,0.04,8228.057,3,3,8228.057,0.0,0.0,0.0,0.0,205701.425
1714970,IT,NL,FISH5,CONST,0.03,8227.997,4,4,8227.993,0.0,0.0,0.0,0.004,274266.566667
1678143,IT,FR,PLAS1,MACHI,0.03,8227.827,3,3,8227.827,0.0,0.0,0.0,0.0,274260.9
1684773,IT,HU,CROPS,BEVER,0.07,8227.626,3,3,8227.626,0.0,0.0,0.0,0.0,117537.514286
1680165,IT,GR,MOTO1,FURNI,0.04,8227.535,3,3,8227.535,0.0,0.0,0.0,0.0,205688.375
1753956,IT,CA,LANDT,WOODW,0.05,8227.18,3,3,8227.18,0.0,0.0,0.0,0.0,164543.6
1814728,IT,WM,OILHA,BASIC,0.05,8227.017,3,3,8227.017,0.0,0.0,0.0,0.0,164540.34
1781250,IT,NO,STONE,CONST,0.03,8226.777,3,3,8226.777,0.0,0.0,0.0,0.0,274225.9
1715995,IT,NL,BRICK,RADIO,0.01,8226.554,3,3,8226.554,0.0,0.0,0.0,0.0,822655.4
1731250,IT,SI,MEATP,PRINT,0.03,8226.469,3,3,8226.469,0.0,0.0,0.0,0.0,274215.633333
1762008,IT,IN,WHOLE,LEATH,0.07,8226.346,3,3,8226.346,0.0,0.0,0.0,0.0,117519.228571
1752192,IT,CN,PUBLI,ELECT,0.13,8225.436,3,3,8225.436,0.0,0.0,0.0,0.0,63272.584615
1714334,IT,MT,HEALT,FINAN,0.04,8225.374,3,3,8225.374,0.0,0.0,0.0,0.0,205634.35
1746498,IT,JP,CERAM,COKE1,0.01,8224.992,3,3,8224.992,0.0,0.0,0.0,0.0,822499.2
1814865,IT,WM,RECRE,EDUCA,0.1,8224.893,3,3,8224.893,0.0,0.0,0.0,0.0,82248.93
1813908,IT,WM,LANDT,AIRTR,0.05,8224.821,3,3,8224.821,0.0,0.0,0.0,0.0,164496.42
1654934,IT,CZ,INSUR,PFERT,0.17,8224.425,3,3,8224.425,0.0,0.0,0.0,0.0,48378.970588
1673235,IT,FR,FISH5,TEXTI,0.03,8224.189,4,4,8224.185,0.0,0.0,0.0,0.004,274139.633333
1807840,IT,WF,PAPE1,RAWMI,0.06,8224.102,3,3,8224.102,0.0,0.0,0.0,0.0,137068.366667
1771372,IT,CH,SUGA1,BEVER,0.02,8223.926,3,3,8223.926,0.0,0.0,0.0,0.0,411196.3
1728815,IT,SE,NONSP,PLAST,0.01,8223.076,3,3,8223.076,0.0,0.0,0.0,0.0,822307.6
1688700,IT,IE,CHEM1,MACHI,0.02,8222.633,3,3,8222.633,0.0,0.0,0.0,0.0,411131.65
1645243,IT,BE,COALT,FABRI,0.01,8222.389,3,3,8222.389,0.0,0.0,0.0,0.0,822238.9
1726907,IT,RO,RETA1,93197,0.09,8222.255,3,3,8222.255,0.0,0.0,0.0,0.0,91358.388889
1654729,IT,CZ,TRAN2,MOTO1,0.01,8222.147,3,3,8222.147,0.0,0.0,0.0,0.0,822214.7
1663095,IT,DK,RAILW,RADIO,0.06,8221.888,3,3,8221.888,0.0,0.0,0.0,0.0,137031.466667
1751361,IT,CN,TRAN2,FABRI,0.01,8221.574,3,3,8221.574,0.0,0.0,0.0,0.0,822157.4
1776042,IT,TR,TEXTI,MEDIC,0.05,8221.192,3,3,8221.192,0.0,0.0,0.0,0.0,164423.84
1807849,IT,WF,PAPE1,LEADZ,0.06,8220.964,3,3,8220.964,0.0,0.0,0.0,0.0,137016.066667
1755859,IT,KR,NONME,WEARI,0.02,8220.734,3,3,8220.734,0.0,0.0,0.0,0.0,411036.7
1671802,IT,FI,RETA1,CROPS,0.09,8220.598,3,3,8220.598,0.0,0.0,0.0,0.0,91339.977778
1648098,IT,BE,RESEA,KEROS,0.04,8220.421,3,3,8220.421,0.0,0.0,0.0,0.0,205510.525
1661246,IT,DK,VEGET,LEATH,0.03,8219.864,3,3,8219.864,0.0,0.0,0.0,0.0,273995.466667
1734820,IT,SK,PULP5,INLAN,0.03,8219.584,3,3,8219.584,0.0,0.0,0.0,0.0,273986.133333
1797690,IT,WL,PLAS1,WOODW,0.03,8219.508,3,3,8219.508,0.0,0.0,0.0,0.0,273983.6
1656420,IT,DE,WOODW,PLAS1,0.02,8219.102,3,3,8219.102,0.0,0.0,0.0,0.0,410955.1
1793987,IT,WL,WOODW,GLASS,0.02,8219.065,3,3,8219.065,0.0,0.0,0.0,0.0,410953.25
1651995,IT,CZ,VEGET,RAWMI,0.03,8218.683,3,3,8218.683,0.0,0.0,0.0,0.0,273956.1
1798023,IT,WL,INERT,REALE,0.06,8218.082,3,3,8218.082,0.0,0.0,0.0,0.0,136968.033333
1687762,IT,HU,SUPPO,INSUR,0.06,8217.458,3,3,8217.458,0.0,0.0,0.0,0.0,136957.633333
1685319,IT,HU,WEARI,BASIC,0.06,8217.371,4,4,8217.369,0.0,0.0,0.0,0.002,136956.183333
1781695,IT,NO,WOODW,PLAST,0.02,8217.337,3,3,8217.337,0.0,0.0,0.0,0.0,410866.85
1664563,IT,EE,HOTEL,WOODW,0.06,8217.302,3,3,8217.302,0.0,0.0,0.0,0.0,136955.033333
1783055,IT,NO,INSUR,LIQUE,0.17,8217.148,3,3,8217.148,0.0,0.0,0.0,0.0,48336.164706
1779351,IT,TR,INSUR,SALEM,0.17,8216.972,3,3,8216.972,0.0,0.0,0.0,0.0,48335.129412
1735767,IT,SK,MACHI,CHEMI,0.05,8216.919,3,3,8216.919,0.0,0.0,0.0,0.0,164338.38
1687137,IT,HU,FURNI,NATUR,0.03,8216.842,3,3,8216.842,0.0,0.0,0.0,0.0,273894.733333
1745815,IT,JP,LEATH,PADDY,0.06,8216.669,3,3,8216.669,0.0,0.0,0.0,0.0,136944.483333
1687322,IT,HU,RETA1,SALEM,0.09,8216.489,3,3,8216.489,0.0,0.0,0.0,0.0,91294.322222
1663580,IT,DK,RESEA,EDUCA,0.04,8216.461,3,3,8216.461,0.0,0.0,0.0,0.0,205411.525
1789018,IT,WA,NAPHT,WEARI,0.01,8216.414,3,3,8216.414,0.0,0.0,0.0,0.0,821641.4
1655455,IT,DE,FORES,REALE,0.07,8216.394,4,4,8213.394,0.0,3.0,0.0,0.0,117377.057143
1789705,IT,WA,RUBBE,PAPE1,0.03,8216.373,3,3,8216.373,0.0,0.0,0.0,0.0,273879.1
1665080,IT,ES,VEGE1,FISHF,0.03,8216.342,4,4,8216.34,0.0,0.0,0.0,0.002,273878.066667
1756575,IT,KR,RETA1,POSTT,0.09,8216.317,3,3,8216.317,0.0,0.0,0.0,0.0,91292.411111
1732277,IT,SI,LIQUE,RESEA,0.01,8216.136,3,3,8216.136,0.0,0.0,0.0,0.0,821613.6
1769911,IT,AU,MOTO1,PREC1,0.04,8216.109,3,3,8216.109,0.0,0.0,0.0,0.0,205402.725
1711365,IT,LU,RETA1,STONE,0.09,8216.028,3,3,8216.028,0.0,0.0,0.0,0.0,91289.2
1722139,IT,PL,BUSIN,STEAM,0.08,8215.995,3,3,8215.995,0.0,0.0,0.0,0.0,102699.9375
1738288,IT,GB,NONME,EDUCA,0.02,8215.989,3,3,8215.989,0.0,0.0,0.0,0.0,410799.45
1672245,IT,FI,REALE,WHOLE,0.35,8215.705,3,3,8215.705,0.0,0.0,0.0,0.0,23473.442857
1766343,IT,RU,NONME,SALEM,0.02,8215.692,3,3,8215.692,0.0,0.0,0.0,0.0,410784.6
1738122,IT,GB,GLASS,VEGE1,0.02,8215.527,3,3,8215.527,0.0,0.0,0.0,0.0,410776.35
1686639,IT,HU,LEAD1,DISTR,0.01,8215.316,3,3,8215.316,0.0,0.0,0.0,0.0,821531.6
1672760,IT,FR,MEATC,SEACO,0.03,8214.791,3,3,8214.791,0.0,0.0,0.0,0.0,273826.366667
1672714,IT,FR,CHEMI,CATTL,0.02,8214.745,3,3,8214.745,0.0,0.0,0.0,0.0,410737.25
1673118,IT,FR,FOOD5,PAPE4,0.04,8214.577,3,3,8214.577,0.0,0.0,0.0,0.0,205364.425
1775781,IT,TR,SANDC,PROCE,0.02,8214.334,4,4,8212.334,0.0,0.0,2.0,0.0,410716.7
1807623,IT,WF,RESEA,PFERT,0.04,8214.259,3,3,8214.259,0.0,0.0,0.0,0.0,205356.475
1763383,IT,MX,PRINT,SALEM,0.08,8213.689,3,3,8213.689,0.0,0.0,0.0,0.0,102671.1125
1711332,IT,LU,WHOLE,MEDIC,0.07,8213.582,3,3,8213.582,0.0,0.0,0.0,0.0,117336.885714
1763161,IT,MX,LEATH,LIQUE,0.06,8213.181,3,3,8213.181,0.0,0.0,0.0,0.0,136886.35
1807392,IT,WF,FINAN,AIRTR,0.11,8212.939,3,3,8212.939,0.0,0.0,0.0,0.0,74663.081818
1794042,IT,WL,PULP5,SALEM,0.03,8212.477,3,3,8212.477,0.0,0.0,0.0,0.0,273749.233333
1736557,IT,SK,SUPPO,ELEC4,0.06,8212.407,3,3,8212.407,0.0,0.0,0.0,0.0,136873.45
1764482,IT,MX,CONST,FORES,0.05,8211.527,3,3,8211.527,0.0,0.0,0.0,0.0,164230.54
1797910,IT,WL,WASTE,RESEA,0.03,8211.363,3,3,8211.363,0.0,0.0,0.0,0.0,273712.1
1765057,IT,MX,INSUR,WHOLE,0.17,8211.274,3,3,8211.274,0.0,0.0,0.0,0.0,48301.611765
1749497,IT,CN,WHITE,PLAST,0.04,8210.984,3,3,8210.984,0.0,0.0,0.0,0.0,205274.6
1755787,IT,KR,CERAM,NAPHT,0.01,8210.972,3,3,8210.972,0.0,0.0,0.0,0.0,821097.2
1800449,IT,WE,BIODI,INSUR,0.02,8210.524,3,3,8210.524,0.0,0.0,0.0,0.0,410526.2
1716367,IT,NL,MACHI,MEATA,0.05,8210.513,3,3,8210.513,0.0,0.0,0.0,0.0,164210.26
1670738,IT,FI,PAPER,FURNI,0.03,8210.429,3,3,8210.429,0.0,0.0,0.0,0.0,273680.966667
1744169,IT,US,SUPPO,PAPE4,0.06,8210.126,3,3,8210.126,0.0,0.0,0.0,0.0,136835.433333
1734552,IT,SK,FOOD5,DAIRY,0.04,8209.777,3,3,8209.777,0.0,0.0,0.0,0.0,205244.425
1801983,IT,WE,WHOLE,POULT,0.07,8209.692,3,3,8209.692,0.0,0.0,0.0,0.0,117281.314286
1641481,IT,AT,GASDI,FOOD3,0.01,8209.531,3,3,8209.531,0.0,0.0,0.0,0.0,820953.1
1678325,IT,FR,WASTE,COLLE,0.03,8209.37,3,3,8209.37,0.0,0.0,0.0,0.0,273645.666667
1709431,IT,LT,TEXTI,FOOD5,0.05,8209.21,3,3,8209.21,0.0,0.0,0.0,0.0,164184.2
1784699,IT,ID,FURNI,RUBBE,0.03,8208.757,3,3,8208.757,0.0,0.0,0.0,0.0,273625.233333
1739189,IT,GB,RETA1,LEAD1,0.09,8208.422,3,3,8208.422,0.0,0.0,0.0,0.0,91204.688889
1796355,IT,WL,WHOLE,CROPS,0.07,8208.264,3,3,8208.264,0.0,0.0,0.0,0.0,117260.914286
1680758,IT,GR,RETA1,POSTT,0.09,8207.89,3,3,8207.89,0.0,0.0,0.0,0.0,91198.777778
1784465,IT,ID,ALUM1,SALEM,0.01,8207.779,3,3,8207.779,0.0,0.0,0.0,0.0,820777.9
1780949,IT,TW,BUSIN,CHEMI,0.08,8207.342,3,3,8207.342,0.0,0.0,0.0,0.0,102591.775
1722689,IT,PT,LEATH,CONST,0.06,8207.21,3,3,8207.21,0.0,0.0,0.0,0.0,136786.833333
1754156,IT,CA,SUPPO,TEXTI,0.06,8207.058,3,3,8207.058,0.0,0.0,0.0,0.0,136784.3
1652452,IT,CZ,WEARI,VEGET,0.06,8206.963,4,4,8206.961,0.0,0.0,0.0,0.002,136782.716667
1664089,IT,EE,CHEM1,CONST,0.02,8206.953,3,3,8206.953,0.0,0.0,0.0,0.0,410347.65
1809968,IT,WM,FISH5,SALEM,0.03,8206.487,4,4,8206.483,0.0,0.0,0.0,0.004,273549.566667
1772674,IT,CH,GLASS,93197,0.02,8206.017,3,3,8206.017,0.0,0.0,0.0,0.0,410300.85
1720117,IT,PL,LEAD1,OFFIC,0.01,8205.406,3,3,8205.406,0.0,0.0,0.0,0.0,820540.6
1690206,IT,IE,BUSIN,ELEC5,0.08,8205.387,3,3,8205.387,0.0,0.0,0.0,0.0,102567.3375
1726434,IT,RO,FABRI,REFIN,0.03,8205.348,3,3,8205.348,0.0,0.0,0.0,0.0,273511.6
1798736,IT,WE,SUGA1,REALE,0.02,8205.341,3,3,8205.341,0.0,0.0,0.0,0.0,410267.05
1727718,IT,RO,COMPU,DIST1,0.09,8205.327,3,3,8205.327,0.0,0.0,0.0,0.0,91170.3
1724389,IT,PT,INLAN,WOODW,0.01,8205.235,3,3,8205.235,0.0,0.0,0.0,0.0,820523.5
1741857,IT,US,CHEM1,ANIMA,0.02,8204.932,3,3,8204.932,0.0,0.0,0.0,0.0,410246.6
1740169,IT,GB,BUSIN,WHEAT,0.08,8204.728,3,3,8204.728,0.0,0.0,0.0,0.0,102559.1
1665212,IT,ES,FOOD5,ELEC1,0.04,8204.545,3,3,8204.545,0.0,0.0,0.0,0.0,205113.625
1774413,IT,CH,RAILW,BASIC,0.05,8203.971,3,3,8203.971,0.0,0.0,0.0,0.0,164079.42
1656747,IT,DE,MOTOR,FOOD3,0.01,8203.894,3,3,8203.894,0.0,0.0,0.0,0.0,820389.4
1813548,IT,WM,WHOLE,PAPER,0.07,8203.859,3,3,8203.859,0.0,0.0,0.0,0.0,117197.985714
1734555,IT,SK,FOOD5,PRINT,0.04,8203.706,3,3,8203.706,0.0,0.0,0.0,0.0,205092.65
1769383,IT,AU,CERAM,PREC1,0.01,8203.685,3,3,8203.685,0.0,0.0,0.0,0.0,820368.5
1726817,IT,RO,WHOLE,ALUM1,0.07,8203.674,3,3,8203.674,0.0,0.0,0.0,0.0,117195.342857
1663906,IT,EE,LEATH,MACHI,0.06,8203.524,3,3,8203.524,0.0,0.0,0.0,0.0,136725.4
1757949,IT,BR,ADDIT,LUBRI,0.02,8203.404,3,3,8203.404,0.0,0.0,0.0,0.0,410170.2
1681550,IT,GR,BUSIN,TRANS,0.08,8202.451,3,3,8202.451,0.0,0.0,0.0,0.0,102530.6375
1802594,IT,WE,INSUR,CROPS,0.17,8202.246,3,3,8202.246,0.0,0.0,0.0,0.0,48248.505882
1709564,IT,LT,WOODW,RESEA,0.02,8202.154,3,3,8202.154,0.0,0.0,0.0,0.0,410107.7
1671113,IT,FI,GLASS,TEXTI,0.02,8202.115,3,3,8202.115,0.0,0.0,0.0,0.0,410105.75
1768647,IT,AU,TEXTI,CRUDE,0.05,8201.99,3,3,8201.99,0.0,0.0,0.0,0.0,164039.8
1809868,IT,WM,BEVER,STONE,0.03,8201.5,3,3,8201.5,0.0,0.0,0.0,0.0,273383.333333
1679167,IT,GR,PAPER,93197,0.03,8201.332,3,3,8201.332,0.0,0.0,0.0,0.0,273377.733333
1715300,IT,NL,PAPER,DIST1,0.03,8201.289,3,3,8201.289,0.0,0.0,0.0,0.0,273376.3
1686746,IT,HU,COPP1,INTER,0.02,8201.123,3,3,8201.123,0.0,0.0,0.0,0.0,410056.15
1643786,IT,AT,POSTT,REALE,0.14,8201.103,3,3,8201.103,0.0,0.0,0.0,0.0,58579.307143
1644599,IT,BE,FOOD5,LEATH,0.04,8201.005,3,3,8201.005,0.0,0.0,0.0,0.0,205025.125
1685599,IT,HU,PRINT,SALEM,0.08,8200.905,3,3,8200.905,0.0,0.0,0.0,0.0,102511.3125
1710001,IT,LT,ALUM1,LEAD1,0.01,8199.99,3,3,8199.99,0.0,0.0,0.0,0.0,819999.0
1726885,IT,RO,RETA1,HOTEL,0.09,8199.628,3,3,8199.628,0.0,0.0,0.0,0.0,91106.977778
1654087,IT,CZ,OFFIC,PFERT,0.03,8199.441,3,3,8199.441,0.0,0.0,0.0,0.0,273314.7
1807970,IT,WF,PLAS1,TRAN1,0.03,8198.992,3,3,8198.992,0.0,0.0,0.0,0.0,273299.733333
1665560,IT,ES,LEATH,COPP1,0.06,8198.353,3,3,8198.353,0.0,0.0,0.0,0.0,136639.216667
1742322,IT,US,CEMEN,INSUR,0.01,8198.188,3,3,8198.188,0.0,0.0,0.0,0.0,819818.8
1771083,IT,CH,NATUR,STEAM,0.01,8198.097,3,3,8198.097,0.0,0.0,0.0,0.0,819809.7
1688875,IT,IE,ALUM1,WOODW,0.01,8198.018,3,3,8198.018,0.0,0.0,0.0,0.0,819801.8
1722902,IT,PT,MOTOR,NONSP,0.01,8197.81,3,3,8197.81,0.0,0.0,0.0,0.0,819781.0
1723951,IT,PT,SALEM,FISH5,0.07,8197.775,3,3,8197.775,0.0,0.0,0.0,0.0,117111.071429
1715098,IT,NL,WEARI,AIRTR,0.06,8197.459,4,4,8197.457,0.0,0.0,0.0,0.002,136624.316667
1811829,IT,WM,RUBBE,CATTL,0.03,8197.424,3,3,8197.424,0.0,0.0,0.0,0.0,273247.466667
1711136,IT,LU,FABRI,DAIRY,0.03,8197.15,3,3,8197.15,0.0,0.0,0.0,0.0,273238.333333
1786050,IT,ZA,CERAM,RESEA,0.01,8197.083,3,3,8197.083,0.0,0.0,0.0,0.0,819708.3
1736000,IT,SK,TRANS,CEMEN,0.05,8196.96,3,3,8196.96,0.0,0.0,0.0,0.0,163939.2
1644786,IT,BE,TOBAC,KERO1,0.03,8196.076,3,3,8196.076,0.0,0.0,0.0,0.0,273202.533333
1683866,IT,HR,MOTO1,RESEA,0.04,8194.995,3,3,8194.995,0.0,0.0,0.0,0.0,204874.875
1712471,IT,LV,ALUM1,REALE,0.01,8194.93,3,3,8194.93,0.0,0.0,0.0,0.0,819493.0
1722191,IT,PL,PUBLI,PREC1,0.13,8194.855,3,3,8194.855,0.0,0.0,0.0,0.0,63037.346154
1808381,IT,WF,WASTE,NONFE,0.03,8194.689,3,3,8194.689,0.0,0.0,0.0,0.0,273156.3
1745719,IT,JP,WEARI,TOBAC,0.06,8194.301,4,4,8194.299,0.0,0.0,0.0,0.002,136571.683333
1688319,IT,IE,VEGE1,DAIRY,0.03,8193.931,4,4,8193.929,0.0,0.0,0.0,0.002,273131.033333
1657764,IT,DE,NONME,LIGNI,0.02,8193.104,3,3,8193.104,0.0,0.0,0.0,0.0,409655.2
1782416,IT,NO,FABRI,93197,0.03,8193.025,3,3,8193.025,0.0,0.0,0.0,0.0,273100.833333
1675526,IT,FR,OFFIC,SEWAG,0.03,8192.826,3,3,8192.826,0.0,0.0,0.0,0.0,273094.2
1770300,IT,AU,HOTEL,COLLE,0.06,8192.117,3,3,8192.117,0.0,0.0,0.0,0.0,136535.283333
1681054,IT,GR,SUPPO,CROPS,0.06,8191.818,3,3,8191.818,0.0,0.0,0.0,0.0,136530.3
1788847,IT,WA,GASDI,TEXTI,0.01,8191.658,3,3,8191.658,0.0,0.0,0.0,0.0,819165.8
1674388,IT,FR,CHEM1,STEAM,0.02,8191.548,3,3,8191.548,0.0,0.0,0.0,0.0,409577.4
1768396,IT,AU,VEGE1,SUGA1,0.03,8191.493,4,4,8191.491,0.0,0.0,0.0,0.002,273049.766667
1797980,IT,WL,PAPE4,WHOLE,0.05,8191.367,3,3,8191.367,0.0,0.0,0.0,0.0,163827.34
1743269,IT,US,FURNI,HEAVY,0.03,8191.158,3,3,8191.158,0.0,0.0,0.0,0.0,273038.6
1799167,IT,WE,WEARI,TRAN1,0.06,8190.925,4,4,8190.923,0.0,0.0,0.0,0.002,136515.416667
1683523,IT,HR,ALUM1,GLASS,0.01,8190.643,3,3,8190.643,0.0,0.0,0.0,0.0,819064.3
1785868,IT,ZA,ADDIT,DAIRY,0.02,8190.636,3,3,8190.636,0.0,0.0,0.0,0.0,409531.8
1739387,IT,GB,RAILW,RENTI,0.05,8190.529,3,3,8190.529,0.0,0.0,0.0,0.0,163810.58
1722930,IT,PT,GASDI,CEMEN,0.01,8190.514,3,3,8190.514,0.0,0.0,0.0,0.0,819051.4
1647114,IT,BE,HOTEL,ELEC2,0.06,8190.158,3,3,8190.158,0.0,0.0,0.0,0.0,136502.633333
1664924,IT,ES,ALUMI,MACHI,0.01,8190.118,3,3,8190.118,0.0,0.0,0.0,0.0,819011.8
1813831,IT,WM,RAILW,RECRE,0.05,8190.064,3,3,8190.064,0.0,0.0,0.0,0.0,163801.28
1665796,IT,ES,PAPER,WOOD1,0.03,8190.043,3,3,8190.043,0.0,0.0,0.0,0.0,273001.433333
1668215,IT,ES,RETAI,PULP5,0.06,8189.806,3,3,8189.806,0.0,0.0,0.0,0.0,136496.766667
1665091,IT,ES,VEGE1,LEATH,0.03,8189.801,4,4,8189.799,0.0,0.0,0.0,0.002,272993.366667
1794382,IT,WL,KEROS,ALUM1,0.01,8189.734,3,3,8189.734,0.0,0.0,0.0,0.0,818973.4
1679309,IT,GR,HEAVY,POSTT,0.01,8189.7,3,3,8189.7,0.0,0.0,0.0,0.0,818970.0
1750219,IT,CN,LEAD1,MEDIC,0.01,8189.466,3,3,8189.466,0.0,0.0,0.0,0.0,818946.6
1750991,IT,CN,WHOLE,PIGS9,0.07,8188.513,3,3,8188.513,0.0,0.0,0.0,0.0,116978.757143
1678163,IT,FR,PLAS1,RECRE,0.03,8188.354,3,3,8188.354,0.0,0.0,0.0,0.0,272945.133333
1724839,IT,PT,BUSIN,SANDC,0.08,8187.811,3,3,8187.811,0.0,0.0,0.0,0.0,102347.6375
1793732,IT,WL,BEVER,MEAT1,0.03,8187.796,3,3,8187.796,0.0,0.0,0.0,0.0,272926.533333
1681743,IT,HR,STONE,BEVER,0.03,8187.757,3,3,8187.757,0.0,0.0,0.0,0.0,272925.233333
1806719,IT,WF,WHOLE,ALUM1,0.07,8187.754,3,3,8187.754,0.0,0.0,0.0,0.0,116967.914286
1747046,IT,JP,FURNI,MEATA,0.03,8187.63,3,3,8187.63,0.0,0.0,0.0,0.0,272921.0
1754359,IT,CA,INSUR,AIRTR,0.17,8186.883,3,3,8186.883,0.0,0.0,0.0,0.0,48158.135294
1713165,IT,MT,FISH5,RESEA,0.03,8186.198,4,4,8186.194,0.0,0.0,0.0,0.004,272873.266667
1777418,IT,TR,NONME,CHEMI,0.02,8185.986,3,3,8185.986,0.0,0.0,0.0,0.0,409299.3
1684716,IT,HU,VEGET,SUGA1,0.03,8185.885,3,3,8185.885,0.0,0.0,0.0,0.0,272862.833333
1803605,IT,WF,FOOD5,COPPE,0.04,8185.448,3,3,8185.448,0.0,0.0,0.0,0.0,204636.2
1752301,IT,CA,CHEMI,CHEMI,0.02,8185.342,3,3,8185.342,0.0,0.0,0.0,0.0,409267.1
1687100,IT,HU,MOTO1,WASTE,0.04,8185.273,3,3,8185.273,0.0,0.0,0.0,0.0,204631.825
1732082,IT,SI,KERO1,NONME,0.01,8184.871,3,3,8184.871,0.0,0.0,0.0,0.0,818487.1
1765908,IT,RU,PLAST,NONF1,0.02,8184.781,3,3,8184.781,0.0,0.0,0.0,0.0,409239.05
1763445,IT,MX,NONSP,BITU1,0.01,8184.484,3,3,8184.484,0.0,0.0,0.0,0.0,818448.4
1788145,IT,WA,WEARI,BIOGA,0.06,8184.474,4,4,8184.472,0.0,0.0,0.0,0.002,136407.9
1687474,IT,HU,RAILW,RESEA,0.05,8184.383,3,3,8184.383,0.0,0.0,0.0,0.0,163687.66
1640743,IT,AT,TEXTI,PREC1,0.05,8183.844,3,3,8183.844,0.0,0.0,0.0,0.0,163676.88
1646478,IT,BE,MACHI,LEAD1,0.05,8183.771,3,3,8183.771,0.0,0.0,0.0,0.0,163675.42
1806323,IT,WF,OFFIC,ELEC4,0.03,8183.716,3,3,8183.716,0.0,0.0,0.0,0.0,272790.533333
1806718,IT,WF,WHOLE,PREC1,0.07,8183.465,3,3,8183.465,0.0,0.0,0.0,0.0,116906.642857
1686241,IT,HU,CERAM,PAPER,0.01,8183.427,3,3,8183.427,0.0,0.0,0.0,0.0,818342.7
1803753,IT,WF,FISH5,BUSIN,0.03,8183.204,4,4,8183.2,0.0,0.0,0.0,0.004,272773.466667
1648726,IT,BG,FOOD5,ELEC6,0.04,8183.063,3,3,8183.063,0.0,0.0,0.0,0.0,204576.575
1663958,IT,EE,PAPER,TEXTI,0.03,8182.679,3,3,8182.679,0.0,0.0,0.0,0.0,272755.966667
1768035,IT,RU,BUSIN,TEXTI,0.08,8182.656,3,3,8182.656,0.0,0.0,0.0,0.0,102283.2
1722409,IT,PT,MEAT1,BEVER,0.04,8182.374,3,3,8182.374,0.0,0.0,0.0,0.0,204559.35
1765213,IT,MX,BUSIN,93197,0.08,8182.065,3,3,8182.065,0.0,0.0,0.0,0.0,102275.8125
1640202,IT,AT,MEATA,FOOD5,0.04,8181.961,3,3,8181.961,0.0,0.0,0.0,0.0,204549.025
1653361,IT,CZ,GLASS,SALEM,0.02,8181.866,3,3,8181.866,0.0,0.0,0.0,0.0,409093.3
1681749,IT,HR,STONE,RETA1,0.03,8181.627,3,3,8181.627,0.0,0.0,0.0,0.0,272720.9
1712392,IT,LV,GLASS,HEALT,0.02,8180.962,3,3,8180.962,0.0,0.0,0.0,0.0,409048.1
1670241,IT,ES,93197,93197,0.06,8180.844,3,3,8180.844,0.0,0.0,0.0,0.0,136347.4
1642497,IT,AT,LEAD1,DIST1,0.01,8180.447,3,3,8180.447,0.0,0.0,0.0,0.0,818044.7
1684873,IT,HU,SANDC,FOOD5,0.02,8180.03,4,4,8178.03,0.0,0.0,2.0,0.0,409001.5
1722682,IT,PT,LEATH,PRINT,0.06,8179.642,3,3,8179.642,0.0,0.0,0.0,0.0,136327.366667
1742179,IT,US,GLASS,ALUM1,0.02,8179.604,3,3,8179.604,0.0,0.0,0.0,0.0,408980.2
1644193,IT,BE,CEREA,PLAST,0.01,8179.413,3,3,8179.413,0.0,0.0,0.0,0.0,817941.3
1729792,IT,SE,MACHI,INSUR,0.05,8179.349,3,3,8179.349,0.0,0.0,0.0,0.0,163586.98
1774783,IT,CH,POSTT,PAPER,0.13,8179.231,3,3,8179.231,0.0,0.0,0.0,0.0,62917.161538
1732501,IT,SI,RUBBE,STONE,0.03,8179.156,3,3,8179.156,0.0,0.0,0.0,0.0,272638.533333
1732412,IT,SI,PLAST,DIST1,0.02,8178.503,3,3,8178.503,0.0,0.0,0.0,0.0,408925.15
1772072,IT,CH,PRINT,POSTT,0.08,8178.439,3,3,8178.439,0.0,0.0,0.0,0.0,102230.4875
1725201,IT,RO,DAIRY,COMPU,0.03,8178.41,3,3,8178.41,0.0,0.0,0.0,0.0,272613.666667
1671159,IT,FI,CERAM,ALUM1,0.01,8178.249,3,3,8178.249,0.0,0.0,0.0,0.0,817824.9
1722584,IT,PT,FISH5,WHOLE,0.03,8177.852,4,4,8177.848,0.0,0.0,0.0,0.004,272595.066667
1736496,IT,SK,INLAN,CEMEN,0.01,8177.671,3,3,8177.671,0.0,0.0,0.0,0.0,817767.1
1761240,IT,IN,RUBBE,FISH5,0.03,8176.581,3,3,8176.581,0.0,0.0,0.0,0.0,272552.7
1811107,IT,WM,HEAVY,MEMBE,0.01,8176.297,3,3,8176.297,0.0,0.0,0.0,0.0,817629.7
1729266,IT,SE,CEMEN,CHEM1,0.01,8175.574,3,3,8175.574,0.0,0.0,0.0,0.0,817557.4
1642496,IT,AT,LEAD1,SECO9,0.01,8175.403,3,3,8175.403,0.0,0.0,0.0,0.0,817540.3
1786282,IT,ZA,FABRI,CEMEN,0.03,8175.068,3,3,8175.068,0.0,0.0,0.0,0.0,272502.266667
1757349,IT,BR,TEXTI,AIRTR,0.05,8174.338,3,3,8174.338,0.0,0.0,0.0,0.0,163486.76
1666945,IT,ES,CERAM,NONME,0.01,8173.466,3,3,8173.466,0.0,0.0,0.0,0.0,817346.6
1656221,IT,DE,TEXTI,SUPPO,0.05,8173.442,3,3,8173.442,0.0,0.0,0.0,0.0,163468.84
1673376,IT,FR,TEXTI,TEXT2,0.05,8173.26,3,3,8173.26,0.0,0.0,0.0,0.0,163465.2
1714284,IT,MT,BUSIN,AUXIL,0.08,8172.861,3,3,8172.861,0.0,0.0,0.0,0.0,102160.7625
1738016,IT,GB,BIODI,HEALT,0.02,8172.823,3,3,8172.823,0.0,0.0,0.0,0.0,408641.15
1678630,IT,GR,CHEMI,RENTI,0.02,8172.166,3,3,8172.166,0.0,0.0,0.0,0.0,408608.3
1762964,IT,MX,DAIRY,MEATC,0.03,8171.807,3,3,8171.807,0.0,0.0,0.0,0.0,272393.566667
1810373,IT,WM,WOODW,AIRTR,0.02,8171.345,3,3,8171.345,0.0,0.0,0.0,0.0,408567.25
1791375,IT,WA,SALEM,RESEA,0.07,8171.198,3,3,8171.198,0.0,0.0,0.0,0.0,116731.4
1750984,IT,CN,WHOLE,PADDY,0.07,8170.97,3,3,8170.97,0.0,0.0,0.0,0.0,116728.142857
1645636,IT,BE,CHEM1,ELEC6,0.02,8170.007,3,3,8170.007,0.0,0.0,0.0,0.0,408500.35
1735887,IT,SK,OFFIC,MEDIC,0.03,8169.318,3,3,8169.318,0.0,0.0,0.0,0.0,272310.6
1677372,IT,FR,INSUR,TEXTI,0.17,8169.161,3,3,8169.161,0.0,0.0,0.0,0.0,48053.888235
1683315,IT,HR,NONME,CHEMI,0.02,8168.898,3,3,8168.898,0.0,0.0,0.0,0.0,408444.9
1803357,IT,WF,SANDC,RESEA,0.02,8168.488,4,4,8166.488,0.0,0.0,2.0,0.0,408424.4
1781124,IT,TW,PAPE1,PUBLI,0.06,8168.169,3,3,8168.169,0.0,0.0,0.0,0.0,136136.15
1766904,IT,RU,OFFIC,HOTEL,0.03,8168.167,3,3,8168.167,0.0,0.0,0.0,0.0,272272.233333
1722423,IT,PT,MEAT1,SUPPO,0.04,8168.12,3,3,8168.12,0.0,0.0,0.0,0.0,204203.0
1810309,IT,WM,WOODW,MEATA,0.02,8168.073,3,3,8168.073,0.0,0.0,0.0,0.0,408403.65
1713554,IT,MT,CERAM,BUSIN,0.01,8167.9,3,3,8167.9,0.0,0.0,0.0,0.0,816790.0
1755790,IT,KR,CERAM,PFERT,0.01,8167.854,3,3,8167.854,0.0,0.0,0.0,0.0,816785.4
1770129,IT,AU,WHOLE,EDUCA,0.07,8167.802,3,3,8167.802,0.0,0.0,0.0,0.0,116682.885714
1727820,IT,RO,BUSIN,ELEC1,0.08,8167.661,3,3,8167.661,0.0,0.0,0.0,0.0,102095.7625
1770350,IT,AU,RAILW,MACHI,0.05,8167.635,3,3,8167.635,0.0,0.0,0.0,0.0,163352.7
1803449,IT,WF,MEAT1,LEAD1,0.04,8167.464,3,3,8167.464,0.0,0.0,0.0,0.0,204186.6
1740376,IT,GB,HEALT,BEVER,0.04,8166.781,3,3,8166.781,0.0,0.0,0.0,0.0,204169.525
1764689,IT,MX,HOTEL,SANDC,0.06,8166.758,3,3,8166.758,0.0,0.0,0.0,0.0,136112.633333
1751857,IT,CN,RENTI,REALE,0.05,8166.553,3,3,8166.553,0.0,0.0,0.0,0.0,163331.06
1792240,IT,WA,POSTT,GASDI,0.13,8166.242,3,3,8166.242,0.0,0.0,0.0,0.0,62817.246154
1719113,IT,PL,PLAST,WHEAT,0.02,8166.13,3,3,8166.13,0.0,0.0,0.0,0.0,408306.5
1666048,IT,ES,KEROS,BUSIN,0.01,8166.067,3,3,8166.067,0.0,0.0,0.0,0.0,816606.7
1683036,IT,HR,CHEM1,POSTT,0.02,8165.811,3,3,8165.811,0.0,0.0,0.0,0.0,408290.55
1783076,IT,NO,INSUR,ELEC4,0.17,8165.615,3,3,8165.615,0.0,0.0,0.0,0.0,48033.029412
1648938,IT,BG,WEARI,SECO9,0.06,8165.548,4,4,8165.546,0.0,0.0,0.0,0.002,136092.466667
1793639,IT,WL,DAIRY,BIOGA,0.03,8165.498,3,3,8165.498,0.0,0.0,0.0,0.0,272183.266667
1723062,IT,PT,CHEM1,SUGA1,0.02,8165.447,3,3,8165.447,0.0,0.0,0.0,0.0,408272.35
1742363,IT,US,NONME,LUBRI,0.02,8165.145,3,3,8165.145,0.0,0.0,0.0,0.0,408257.25
1768728,IT,AU,WEARI,LEATH,0.06,8164.127,4,4,8164.125,0.0,0.0,0.0,0.002,136068.783333
1709600,IT,LT,PAPER,GLASS,0.03,8163.884,3,3,8163.884,0.0,0.0,0.0,0.0,272129.466667
1645745,IT,BE,RUBBE,LIQUE,0.03,8163.8,3,3,8163.8,0.0,0.0,0.0,0.0,272126.666667
1640261,IT,AT,STONE,RUBBE,0.03,8163.621,3,3,8163.621,0.0,0.0,0.0,0.0,272120.7
1753971,IT,CA,LANDT,BASIC,0.05,8163.37,3,3,8163.37,0.0,0.0,0.0,0.0,163267.4
1648999,IT,BG,WOODW,WHEAT,0.02,8162.631,3,3,8162.631,0.0,0.0,0.0,0.0,408131.55
1670731,IT,FI,PAPER,LEAD1,0.03,8162.38,3,3,8162.38,0.0,0.0,0.0,0.0,272079.333333
1662799,IT,DK,FURNI,CHEM1,0.03,8161.631,3,3,8161.631,0.0,0.0,0.0,0.0,272054.366667
1687590,IT,HU,LANDT,PAPE4,0.05,8161.33,3,3,8161.33,0.0,0.0,0.0,0.0,163226.6
1777693,IT,TR,COPP1,ALUM1,0.02,8161.257,3,3,8161.257,0.0,0.0,0.0,0.0,408062.85
1739631,IT,GB,INLAN,KEROS,0.01,8160.775,3,3,8160.775,0.0,0.0,0.0,0.0,816077.5
1714174,IT,MT,POSTT,AUXIL,0.13,8160.585,3,3,8160.585,0.0,0.0,0.0,0.0,62773.730769
1761278,IT,IN,RUBBE,NONF1,0.03,8159.918,3,3,8159.918,0.0,0.0,0.0,0.0,271997.266667
1770145,IT,AU,RETA1,FOOD5,0.09,8159.645,3,3,8159.645,0.0,0.0,0.0,0.0,90662.722222
1782516,IT,NO,OFFIC,NONF1,0.03,8159.621,3,3,8159.621,0.0,0.0,0.0,0.0,271987.366667
1793300,IT,WA,PRIVA,MOTO1,1.82,8159.583,3,3,8159.583,0.0,0.0,0.0,0.0,4483.287363
1780031,IT,TW,RETAI,SUGAR,0.06,8159.365,3,3,8159.365,0.0,0.0,0.0,0.0,135989.416667
1814966,IT,WM,PRIVA,RETAI,1.82,8159.108,3,3,8159.108,0.0,0.0,0.0,0.0,4483.026374
1743796,IT,US,LANDT,ELEC4,0.05,8159.061,3,3,8159.061,0.0,0.0,0.0,0.0,163181.22
1648514,IT,BG,CROPS,WEARI,0.06,8158.809,3,3,8158.809,0.0,0.0,0.0,0.0,135980.15
1768926,IT,AU,PAPER,SUGAR,0.03,8158.072,3,3,8158.072,0.0,0.0,0.0,0.0,271935.733333
1770913,IT,AU,HEALT,PUBLI,0.04,8157.994,3,3,8157.994,0.0,0.0,0.0,0.0,203949.85
1805502,IT,WF,CERAM,MEATC,0.01,8157.968,3,3,8157.968,0.0,0.0,0.0,0.0,815796.8
1715727,IT,NL,PLAST,CONST,0.02,8157.901,3,3,8157.901,0.0,0.0,0.0,0.0,407895.05
1789917,IT,WA,CEMEN,BEVER,0.01,8157.67,3,3,8157.67,0.0,0.0,0.0,0.0,815767.0
1672417,IT,FI,BUSIN,TRAN2,0.08,8157.603,3,3,8157.603,0.0,0.0,0.0,0.0,101970.0375
1771163,IT,CH,MEAT4,MEATP,0.04,8157.471,3,3,8157.471,0.0,0.0,0.0,0.0,203936.775
1733037,IT,SI,COPP1,PLAST,0.02,8157.235,3,3,8157.235,0.0,0.0,0.0,0.0,407861.75
1735640,IT,SK,COPP1,RESEA,0.02,8157.164,3,3,8157.164,0.0,0.0,0.0,0.0,407858.2
1795016,IT,WL,ADDIT,POULT,0.02,8156.768,3,3,8156.768,0.0,0.0,0.0,0.0,407838.4
1670556,IT,FI,TEXTI,PREC1,0.05,8156.751,3,3,8156.751,0.0,0.0,0.0,0.0,163135.02
1747024,IT,JP,TRANS,RETAI,0.05,8156.612,3,3,8156.612,0.0,0.0,0.0,0.0,163132.24
1752165,IT,CN,PUBLI,VEGET,0.13,8156.145,3,3,8156.145,0.0,0.0,0.0,0.0,62739.576923
1732937,IT,SI,ALUM1,GLASS,0.01,8155.985,3,3,8155.985,0.0,0.0,0.0,0.0,815598.5
1737639,IT,GB,PAPER,FINAN,0.03,8155.632,3,3,8155.632,0.0,0.0,0.0,0.0,271854.4
1757120,IT,BR,VEGET,RUBBE,0.03,8155.584,3,3,8155.584,0.0,0.0,0.0,0.0,271852.8
1725617,IT,RO,WOODW,HEALT,0.02,8155.186,3,3,8155.186,0.0,0.0,0.0,0.0,407759.3
1797691,IT,WL,PLAS1,PAPER,0.03,8154.979,3,3,8154.979,0.0,0.0,0.0,0.0,271832.633333
1647309,IT,BE,LANDT,93197,0.05,8154.507,3,3,8154.507,0.0,0.0,0.0,0.0,163090.14
1744428,IT,US,AUXIL,PFERT,0.15,8153.744,3,3,8153.744,0.0,0.0,0.0,0.0,54358.293333
1733493,IT,SI,WHOLE,MEAT1,0.07,8153.337,3,3,8153.337,0.0,0.0,0.0,0.0,116476.242857
1734831,IT,SK,PAPER,ANIMA,0.03,8153.285,3,3,8153.285,0.0,0.0,0.0,0.0,271776.166667
1804883,IT,WF,BITU1,LUBRI,0.01,8153.23,3,3,8153.23,0.0,0.0,0.0,0.0,815323.0
1687340,IT,HU,RETA1,EDUCA,0.09,8153.185,3,3,8153.185,0.0,0.0,0.0,0.0,90590.944444
1761575,IT,IN,COPP1,DISTR,0.02,8153.141,3,3,8153.141,0.0,0.0,0.0,0.0,407657.05
1751963,IT,CN,RESEA,FORES,0.04,8153.139,3,3,8153.139,0.0,0.0,0.0,0.0,203828.475
1640800,IT,AT,WEARI,PLAST,0.06,8152.972,4,4,8152.97,0.0,0.0,0.0,0.002,135882.866667
1800401,IT,WE,CHEM1,AUXIL,0.02,8152.366,3,3,8152.366,0.0,0.0,0.0,0.0,407618.3
1675812,IT,FR,FURNI,TEXT2,0.03,8152.253,3,3,8152.253,0.0,0.0,0.0,0.0,271741.766667
1727456,IT,RO,AUXIL,NATUR,0.15,8151.273,3,3,8151.273,0.0,0.0,0.0,0.0,54341.82
1722388,IT,PT,CHEMI,WHOLE,0.02,8151.003,3,3,8151.003,0.0,0.0,0.0,0.0,407550.15
1774203,IT,CH,RETA1,MOTOR,0.09,8150.677,3,3,8150.677,0.0,0.0,0.0,0.0,90563.077778
1787123,IT,ZA,BUSIN,INSUR,0.08,8150.489,3,3,8150.489,0.0,0.0,0.0,0.0,101881.1125
1648013,IT,BE,COMPU,KERO1,0.09,8150.123,3,3,8150.123,0.0,0.0,0.0,0.0,90556.922222
1673002,IT,FR,SUGA1,POULT,0.02,8149.959,3,3,8149.959,0.0,0.0,0.0,0.0,407497.95
1753917,IT,CA,RAILW,WHOLE,0.05,8149.84,3,3,8149.84,0.0,0.0,0.0,0.0,162996.8
1651279,IT,CY,FOOD5,MEATC,0.04,8149.774,3,3,8149.774,0.0,0.0,0.0,0.0,203744.35
1737778,IT,GB,LIQUE,CERAM,0.01,8148.843,3,3,8148.843,0.0,0.0,0.0,0.0,814884.3
1767805,IT,RU,INSUR,REALE,0.17,8148.689,3,3,8148.689,0.0,0.0,0.0,0.0,47933.464706
1749472,IT,CN,HEAVY,ELEC6,0.01,8148.17,3,3,8148.17,0.0,0.0,0.0,0.0,814817.0
1776719,IT,TR,LIQUE,POULT,0.01,8147.614,3,3,8147.614,0.0,0.0,0.0,0.0,814761.4
1648776,IT,BG,BEVER,PFERT,0.03,8147.459,3,3,8147.459,0.0,0.0,0.0,0.0,271581.966667
1739005,IT,GB,SALEM,RETAI,0.07,8147.394,3,3,8147.394,0.0,0.0,0.0,0.0,116391.342857
1655814,IT,DE,VEGE1,PULP5,0.03,8147.271,4,4,8147.269,0.0,0.0,0.0,0.002,271575.7
1741777,IT,US,NONSP,LANDT,0.01,8147.104,3,3,8147.104,0.0,0.0,0.0,0.0,814710.4
1765994,IT,RU,CHEM1,PETRO,0.02,8147.032,3,3,8147.032,0.0,0.0,0.0,0.0,407351.6
1721155,IT,PL,RAILW,FURNI,0.05,8147.016,3,3,8147.016,0.0,0.0,0.0,0.0,162940.32
1768791,IT,AU,LEATH,CATTL,0.06,8146.569,3,3,8146.569,0.0,0.0,0.0,0.0,135776.15
1750036,IT,CN,NONME,ELEC8,0.02,8146.041,3,3,8146.041,0.0,0.0,0.0,0.0,407302.05
1649187,IT,BG,PRINT,LANDT,0.08,8145.85,3,3,8145.85,0.0,0.0,0.0,0.0,101823.125
1802166,IT,WE,HOTEL,GASDI,0.06,8145.589,3,3,8145.589,0.0,0.0,0.0,0.0,135759.816667
1729138,IT,SE,GLASS,PRINT,0.02,8145.375,3,3,8145.375,0.0,0.0,0.0,0.0,407268.75
1763005,IT,MX,FOOD5,PUBLI,0.04,8145.338,3,3,8145.338,0.0,0.0,0.0,0.0,203633.45
1641972,IT,AT,RUBBE,NFERT,0.03,8144.892,3,3,8144.892,0.0,0.0,0.0,0.0,271496.4
1659170,IT,DE,CONST,PLAST,0.05,8144.324,3,3,8144.324,0.0,0.0,0.0,0.0,162886.48
1662526,IT,DK,COPP1,BUSIN,0.02,8144.081,3,3,8144.081,0.0,0.0,0.0,0.0,407204.05
1646712,IT,BE,FURNI,PLAS1,0.03,8143.876,3,3,8143.876,0.0,0.0,0.0,0.0,271462.533333
1718070,IT,PL,MEATP,HEALT,0.03,8143.876,3,3,8143.876,0.0,0.0,0.0,0.0,271462.533333
1672384,IT,FI,BUSIN,LEAD1,0.08,8143.755,3,3,8143.755,0.0,0.0,0.0,0.0,101796.9375
1761974,IT,IN,FURNI,PUBLI,0.03,8143.218,3,3,8143.218,0.0,0.0,0.0,0.0,271440.6
1772794,IT,CH,NONME,ELEC3,0.02,8143.192,3,3,8143.192,0.0,0.0,0.0,0.0,407159.6
1734690,IT,SK,LEATH,FOOD5,0.06,8143.051,3,3,8143.051,0.0,0.0,0.0,0.0,135717.516667
1640629,IT,AT,BEVER,NONME,0.03,8142.947,3,3,8142.947,0.0,0.0,0.0,0.0,271431.566667
1712248,IT,LV,PAPER,MEMBE,0.03,8142.6,3,3,8142.6,0.0,0.0,0.0,0.0,271420.0
1799531,IT,WE,PRINT,TEXTI,0.08,8142.508,3,3,8142.508,0.0,0.0,0.0,0.0,101781.35
1733616,IT,SI,HOTEL,PLAST,0.06,8142.288,3,3,8142.288,0.0,0.0,0.0,0.0,135704.8
1732706,IT,SI,CERAM,FOOD4,0.01,8142.007,3,3,8142.007,0.0,0.0,0.0,0.0,814200.7
1759569,IT,BR,COMPU,FABRI,0.09,8141.127,3,3,8141.127,0.0,0.0,0.0,0.0,90456.966667
1775391,IT,CH,PUBLI,TRAN1,0.13,8141.119,3,3,8141.119,0.0,0.0,0.0,0.0,62623.992308
1809233,IT,WM,CRUDE,NATU1,0.02,8140.087,3,3,8140.087,0.0,0.0,0.0,0.0,407004.35
1765367,IT,RU,BEVER,PFERT,0.03,8139.662,3,3,8139.662,0.0,0.0,0.0,0.0,271322.066667
1645332,IT,BE,GASDI,BASIC,0.01,8138.957,3,3,8138.957,0.0,0.0,0.0,0.0,813895.7
1723943,IT,PT,SALEM,VEGET,0.07,8138.872,3,3,8138.872,0.0,0.0,0.0,0.0,116269.6
1719102,IT,PL,NONSP,MOTO1,0.01,8138.497,3,3,8138.497,0.0,0.0,0.0,0.0,813849.7
1649335,IT,BG,PLAST,CERAM,0.02,8138.443,3,3,8138.443,0.0,0.0,0.0,0.0,406922.15
1758093,IT,BR,GLASS,BASIC,0.02,8137.859,3,3,8137.859,0.0,0.0,0.0,0.0,406892.95
1730298,IT,SE,INLAN,SEWAG,0.01,8137.629,3,3,8137.629,0.0,0.0,0.0,0.0,813762.9
1742994,IT,US,OFFIC,NATUR,0.03,8137.264,3,3,8137.264,0.0,0.0,0.0,0.0,271242.133333
1711070,IT,LU,PREC1,FURNI,0.01,8137.189,3,3,8137.189,0.0,0.0,0.0,0.0,813718.9
1752918,IT,CA,NONSP,MOTOR,0.01,8136.979,3,3,8136.979,0.0,0.0,0.0,0.0,813697.9
1679943,IT,GR,FABRI,NAPHT,0.03,8136.796,3,3,8136.796,0.0,0.0,0.0,0.0,271226.533333
1814686,IT,WM,PLAS1,AIRTR,0.03,8136.754,3,3,8136.754,0.0,0.0,0.0,0.0,271225.133333
1713393,IT,MT,LIQUE,PUBLI,0.01,8136.376,3,3,8136.376,0.0,0.0,0.0,0.0,813637.6
1760321,IT,IN,STONE,OFFIC,0.03,8136.184,3,3,8136.184,0.0,0.0,0.0,0.0,271206.133333
1738473,IT,GB,COPP1,NONME,0.02,8136.012,3,3,8136.012,0.0,0.0,0.0,0.0,406800.6
1809944,IT,WM,FISH5,STONE,0.03,8135.706,4,4,8135.702,0.0,0.0,0.0,0.004,271190.2
1656426,IT,DE,WOODW,MEMBE,0.02,8135.469,3,3,8135.469,0.0,0.0,0.0,0.0,406773.45
1689194,IT,IE,RETAI,PRINT,0.06,8135.398,3,3,8135.398,0.0,0.0,0.0,0.0,135589.966667
1731129,IT,SI,NATUR,WOODW,0.01,8135.39,3,3,8135.39,0.0,0.0,0.0,0.0,813539.0
1679875,IT,GR,COPP1,WEARI,0.02,8135.179,3,3,8135.179,0.0,0.0,0.0,0.0,406758.95
1769631,IT,AU,FABRI,PETRO,0.03,8135.139,3,3,8135.139,0.0,0.0,0.0,0.0,271171.3
1763735,IT,MX,GLASS,VEGE1,0.02,8135.028,3,3,8135.028,0.0,0.0,0.0,0.0,406751.4
1740051,IT,GB,RENTI,TRAN1,0.05,8134.968,3,3,8134.968,0.0,0.0,0.0,0.0,162699.36
1686322,IT,HU,NONME,BIOGA,0.02,8134.596,3,3,8134.596,0.0,0.0,0.0,0.0,406729.8
1649640,IT,BG,GLASS,FINAN,0.02,8134.22,3,3,8134.22,0.0,0.0,0.0,0.0,406711.0
1659180,IT,DE,CONST,ELEC3,0.05,8133.923,3,3,8133.923,0.0,0.0,0.0,0.0,162678.46
1686031,IT,HU,BIODI,COMPU,0.02,8133.737,3,3,8133.737,0.0,0.0,0.0,0.0,406686.85
1681736,IT,HR,CRUDE,WHOLE,0.02,8133.383,3,3,8133.383,0.0,0.0,0.0,0.0,406669.15
1678149,IT,FR,PLAS1,POSTT,0.03,8133.061,3,3,8133.061,0.0,0.0,0.0,0.0,271102.033333
1719320,IT,PL,CHEM1,PAPE1,0.02,8132.806,3,3,8132.806,0.0,0.0,0.0,0.0,406640.3
1725239,IT,RO,FOOD5,BRICK,0.04,8132.548,3,3,8132.548,0.0,0.0,0.0,0.0,203313.7
1679862,IT,GR,ALUM1,RECRE,0.01,8132.422,3,3,8132.422,0.0,0.0,0.0,0.0,813242.2
1739565,IT,GB,TRAN2,RESEA,0.01,8132.369,3,3,8132.369,0.0,0.0,0.0,0.0,813236.9
1758062,IT,BR,RUBBE,RECRE,0.03,8132.139,3,3,8132.139,0.0,0.0,0.0,0.0,271071.3
1758186,IT,BR,NONME,FOOD4,0.02,8132.019,3,3,8132.019,0.0,0.0,0.0,0.0,406600.95
1689617,IT,IE,SUPPO,CHEM1,0.06,8132.005,3,3,8132.005,0.0,0.0,0.0,0.0,135533.416667
1657120,IT,DE,PLAST,GASDI,0.02,8131.666,3,3,8131.666,0.0,0.0,0.0,0.0,406583.3
1660550,IT,DE,INSUR,MEMBE,0.17,8131.14,3,3,8131.14,0.0,0.0,0.0,0.0,47830.235294
1814975,IT,WM,PRIVA,SUPPO,1.81,8130.932,3,3,8130.932,0.0,0.0,0.0,0.0,4492.227624
1724804,IT,PT,COMPU,DIST1,0.09,8130.9,3,3,8130.9,0.0,0.0,0.0,0.0,90343.333333
1715648,IT,NL,NAPHT,FOUND,0.01,8130.451,3,3,8130.451,0.0,0.0,0.0,0.0,813045.1
1661691,IT,DK,WEARI,CHEM1,0.06,8130.404,4,4,8130.402,0.0,0.0,0.0,0.002,135506.733333
1751560,IT,CN,POSTT,MOTOR,0.13,8129.879,3,3,8129.879,0.0,0.0,0.0,0.0,62537.530769
1652889,IT,CZ,MOTOR,PUBLI,0.01,8129.767,3,3,8129.767,0.0,0.0,0.0,0.0,812976.7
1683849,IT,HR,MOTO1,FURNI,0.04,8129.435,3,3,8129.435,0.0,0.0,0.0,0.0,203235.875
1757605,IT,BR,GASDI,OFFIC,0.01,8129.424,3,3,8129.424,0.0,0.0,0.0,0.0,812942.4
1656760,IT,DE,KEROS,WHITE,0.01,8128.552,3,3,8128.552,0.0,0.0,0.0,0.0,812855.2
1793597,IT,WL,VEGE1,PFERT,0.02,8128.535,4,4,8128.533,0.0,0.0,0.0,0.002,406426.75
1718103,IT,PL,MEAT4,HEALT,0.04,8128.1,3,3,8128.1,0.0,0.0,0.0,0.0,203202.5
1763994,IT,MX,ALUM1,LEAD1,0.01,8128.025,3,3,8128.025,0.0,0.0,0.0,0.0,812802.5
1672139,IT,FI,POSTT,MEMBE,0.13,8127.953,3,3,8127.953,0.0,0.0,0.0,0.0,62522.715385
1720665,IT,PL,MOTO1,TRAN1,0.04,8127.88,3,3,8127.88,0.0,0.0,0.0,0.0,203197.0
1786726,IT,ZA,RETA1,MACHI,0.08,8127.482,3,3,8127.482,0.0,0.0,0.0,0.0,101593.525
1668559,IT,ES,HOTEL,RETAI,0.06,8127.469,3,3,8127.469,0.0,0.0,0.0,0.0,135457.816667
1669194,IT,ES,POSTT,TRAN1,0.13,8127.297,3,3,8127.297,0.0,0.0,0.0,0.0,62517.669231
1683268,IT,HR,CERAM,INTER,0.01,8126.876,3,3,8126.876,0.0,0.0,0.0,0.0,812687.6
1727196,IT,RO,TRAN2,MEMBE,0.01,8126.588,3,3,8126.588,0.0,0.0,0.0,0.0,812658.8
1711926,IT,LU,WASTE,BASIC,0.03,8125.989,3,3,8125.989,0.0,0.0,0.0,0.0,270866.3
1798607,IT,WE,MEATP,93197,0.03,8125.678,3,3,8125.678,0.0,0.0,0.0,0.0,270855.933333
1748648,IT,CN,DAIRY,STEAM,0.03,8125.619,3,3,8125.619,0.0,0.0,0.0,0.0,270853.966667
1722072,IT,PL,BUSIN,VEGE1,0.08,8125.438,3,3,8125.438,0.0,0.0,0.0,0.0,101567.975
1664550,IT,EE,SALEM,SALEM,0.07,8125.154,3,3,8125.154,0.0,0.0,0.0,0.0,116073.628571
1790267,IT,WA,PREC1,FOOD3,0.01,8125.066,3,3,8125.066,0.0,0.0,0.0,0.0,812506.6
1782764,IT,NO,HOTEL,DAIRY,0.06,8124.896,3,3,8124.896,0.0,0.0,0.0,0.0,135414.933333
1783221,IT,NO,BUSIN,RETAI,0.08,8124.739,3,3,8124.739,0.0,0.0,0.0,0.0,101559.2375
1729481,IT,SE,ALUM1,BIODI,0.01,8124.309,3,3,8124.309,0.0,0.0,0.0,0.0,812430.9
1753449,IT,CA,FABRI,PFERT,0.03,8124.283,3,3,8124.283,0.0,0.0,0.0,0.0,270809.433333
1801995,IT,WE,WHOLE,MEAT1,0.07,8124.271,3,3,8124.271,0.0,0.0,0.0,0.0,116061.014286
1802607,IT,WE,AUXIL,WHOLE,0.15,8124.238,3,3,8124.238,0.0,0.0,0.0,0.0,54161.586667
1663494,IT,DK,RENTI,ELECT,0.05,8123.983,3,3,8123.983,0.0,0.0,0.0,0.0,162479.66
1663347,IT,DK,SUPPO,MACHI,0.06,8123.9,3,3,8123.9,0.0,0.0,0.0,0.0,135398.333333
1647311,IT,BE,TRAN2,KEROS,0.01,8123.748,3,3,8123.748,0.0,0.0,0.0,0.0,812374.8
1681926,IT,HR,SUGA1,FOOD5,0.02,8123.744,3,3,8123.744,0.0,0.0,0.0,0.0,406187.2
1783704,IT,NO,FOOD4,GLASS,0.06,8123.728,3,3,8123.728,0.0,0.0,0.0,0.0,135395.466667
1809285,IT,WM,ALUMI,ALUM1,0.01,8123.602,3,3,8123.602,0.0,0.0,0.0,0.0,812360.2
1641504,IT,AT,HEAVY,MEAT1,0.01,8123.211,3,3,8123.211,0.0,0.0,0.0,0.0,812321.1
1746677,IT,JP,FABRI,SANDC,0.03,8122.829,3,3,8122.829,0.0,0.0,0.0,0.0,270760.966667
1678762,IT,GR,SUGA1,REALE,0.02,8122.464,3,3,8122.464,0.0,0.0,0.0,0.0,406123.2
1754182,IT,CA,SUPPO,RETA1,0.06,8122.281,3,3,8122.281,0.0,0.0,0.0,0.0,135371.35
1807349,IT,WF,FINAN,VEGET,0.11,8122.224,3,3,8122.224,0.0,0.0,0.0,0.0,73838.4
1790849,IT,WA,MACHI,INLAN,0.05,8121.974,3,3,8121.974,0.0,0.0,0.0,0.0,162439.48
1745049,IT,US,PUBLI,COPP1,0.13,8121.94,3,3,8121.94,0.0,0.0,0.0,0.0,62476.461538
1786610,IT,ZA,SALEM,SUPPO,0.07,8121.759,3,3,8121.759,0.0,0.0,0.0,0.0,116025.128571
1648965,IT,BG,LEATH,WHEAT,0.06,8121.732,3,3,8121.732,0.0,0.0,0.0,0.0,135362.2
1663941,IT,EE,WOODW,WHOLE,0.02,8121.625,3,3,8121.625,0.0,0.0,0.0,0.0,406081.25
1668418,IT,ES,RETA1,FURNI,0.08,8121.382,3,3,8121.382,0.0,0.0,0.0,0.0,101517.275
1659323,IT,DE,RETAI,GLASS,0.06,8121.175,3,3,8121.175,0.0,0.0,0.0,0.0,135352.916667
1766920,IT,RU,OFFIC,93197,0.03,8120.045,3,3,8120.045,0.0,0.0,0.0,0.0,270668.166667
1663505,IT,DK,RENTI,LANDT,0.05,8119.721,3,3,8119.721,0.0,0.0,0.0,0.0,162394.42
1722995,IT,PT,NONSP,HEAVY,0.01,8119.433,3,3,8119.433,0.0,0.0,0.0,0.0,811943.3
1651728,IT,CY,MACHI,BEVER,0.05,8119.413,3,3,8119.413,0.0,0.0,0.0,0.0,162388.26
1737824,IT,GB,PARAF,CRUDE,0.01,8119.246,3,3,8119.246,0.0,0.0,0.0,0.0,811924.6
1671633,IT,FI,FURNI,COMPU,0.03,8118.938,3,3,8118.938,0.0,0.0,0.0,0.0,270631.266667
1727293,IT,RO,POSTT,DAIRY,0.13,8118.849,3,3,8118.849,0.0,0.0,0.0,0.0,62452.684615
1763170,IT,MX,LEATH,CEMEN,0.06,8118.694,3,3,8118.694,0.0,0.0,0.0,0.0,135311.566667
1668217,IT,ES,RETAI,CERAM,0.06,8118.65,3,3,8118.65,0.0,0.0,0.0,0.0,135310.833333
1774472,IT,CH,LANDT,GASDI,0.05,8118.598,3,3,8118.598,0.0,0.0,0.0,0.0,162371.96
1768973,IT,AU,PAPER,ELEC2,0.03,8118.209,3,3,8118.209,0.0,0.0,0.0,0.0,270606.966667
1808251,IT,WF,FOOD2,FISHF,0.05,8117.937,3,3,8117.937,0.0,0.0,0.0,0.0,162358.74
1785053,IT,ID,BUSIN,REALE,0.08,8117.914,3,3,8117.914,0.0,0.0,0.0,0.0,101473.925
1672405,IT,FI,BUSIN,BLAST,0.08,8117.836,3,3,8117.836,0.0,0.0,0.0,0.0,101472.95
1642055,IT,AT,GLASS,MEAT1,0.02,8117.657,3,3,8117.657,0.0,0.0,0.0,0.0,405882.85
1728640,IT,SE,PRINT,CHEM1,0.08,8117.498,3,3,8117.498,0.0,0.0,0.0,0.0,101468.725
1764011,IT,MX,ALUM1,BUSIN,0.01,8117.032,3,3,8117.032,0.0,0.0,0.0,0.0,811703.2
1677678,IT,FR,RENTI,FISH5,0.05,8116.812,3,3,8116.812,0.0,0.0,0.0,0.0,162336.24
1718778,IT,PL,PAPER,MEAT4,0.03,8116.72,3,3,8116.72,0.0,0.0,0.0,0.0,270557.333333
1784147,IT,ID,PAPER,FOOD5,0.03,8116.317,3,3,8116.317,0.0,0.0,0.0,0.0,270543.9
1715175,IT,NL,WOODW,NONFE,0.02,8115.561,3,3,8115.561,0.0,0.0,0.0,0.0,405778.05
1717924,IT,PL,FISHF,LANDT,0.01,8115.328,3,3,8115.328,0.0,0.0,0.0,0.0,811532.8
1743417,IT,US,SALEM,PAPE4,0.07,8115.244,3,3,8115.244,0.0,0.0,0.0,0.0,115932.057143
1647245,IT,BE,LANDT,FOUND,0.05,8115.169,3,3,8115.169,0.0,0.0,0.0,0.0,162303.38
1670311,IT,FI,CHEMI,ELEC4,0.02,8114.392,3,3,8114.392,0.0,0.0,0.0,0.0,405719.6
1749924,IT,CN,GLASS,PREC1,0.02,8114.364,3,3,8114.364,0.0,0.0,0.0,0.0,405718.2
1722436,IT,PT,VEGE1,MEAT1,0.02,8114.353,4,4,8114.351,0.0,0.0,0.0,0.002,405717.65
1785099,IT,ZA,CHEMI,REALE,0.02,8114.118,3,3,8114.118,0.0,0.0,0.0,0.0,405705.9
1806853,IT,WF,RETA1,FINAN,0.08,8114.092,3,3,8114.092,0.0,0.0,0.0,0.0,101426.15
1687335,IT,HU,RETA1,RENTI,0.08,8113.57,3,3,8113.57,0.0,0.0,0.0,0.0,101419.625
1717212,IT,NL,SUPPO,DIST1,0.06,8113.354,3,3,8113.354,0.0,0.0,0.0,0.0,135222.566667
1645309,IT,BE,KEROS,POSTT,0.01,8112.296,3,3,8112.296,0.0,0.0,0.0,0.0,811229.6
1670826,IT,FI,HEAVY,PLAST,0.01,8111.959,3,3,8111.959,0.0,0.0,0.0,0.0,811195.9
1675602,IT,FR,MOTO1,TRAN1,0.04,8111.788,3,3,8111.788,0.0,0.0,0.0,0.0,202794.7
1645406,IT,BE,LIQUE,DAIRY,0.01,8111.784,3,3,8111.784,0.0,0.0,0.0,0.0,811178.4
1656393,IT,DE,WOODW,ELEC8,0.02,8111.722,3,3,8111.722,0.0,0.0,0.0,0.0,405586.1
1734941,IT,SK,KEROS,RENTI,0.01,8110.842,3,3,8110.842,0.0,0.0,0.0,0.0,811084.2
1788657,IT,WA,PRINT,MEMBE,0.08,8110.515,3,3,8110.515,0.0,0.0,0.0,0.0,101381.4375
1712136,IT,LV,WEARI,CONST,0.06,8109.733,4,4,8109.731,0.0,0.0,0.0,0.002,135162.216667
1793535,IT,WL,MEAT1,CHEM1,0.04,8109.637,3,3,8109.637,0.0,0.0,0.0,0.0,202740.925
1664117,IT,EE,RUBBE,FISH5,0.03,8109.619,3,3,8109.619,0.0,0.0,0.0,0.0,270320.633333
1673207,IT,FR,BEVER,SEWAG,0.03,8108.663,3,3,8108.663,0.0,0.0,0.0,0.0,270288.766667
1772053,IT,CH,PRINT,ELEC8,0.08,8108.288,3,3,8108.288,0.0,0.0,0.0,0.0,101353.6
1651745,IT,CY,MACHI,COLLE,0.05,8108.27,3,3,8108.27,0.0,0.0,0.0,0.0,162165.4
1793473,IT,WL,CHEMI,OILSE,0.02,8108.232,3,3,8108.232,0.0,0.0,0.0,0.0,405411.6
1745195,IT,JP,CROPS,RUBBE,0.06,8107.73,3,3,8107.73,0.0,0.0,0.0,0.0,135128.833333
1788373,IT,WA,WOODW,FOOD5,0.02,8107.139,3,3,8107.139,0.0,0.0,0.0,0.0,405356.95
1648914,IT,BG,WEARI,HYDRO,0.06,8107.108,4,4,8107.106,0.0,0.0,0.0,0.002,135118.466667
1736883,IT,SK,BUSIN,TRAN1,0.08,8106.891,3,3,8106.891,0.0,0.0,0.0,0.0,101336.1375
1649031,IT,BG,WOODW,TRANS,0.02,8106.811,3,3,8106.811,0.0,0.0,0.0,0.0,405340.55
1761491,IT,IN,ALUM1,TEXTI,0.01,8106.586,3,3,8106.586,0.0,0.0,0.0,0.0,810658.6
1812622,IT,WM,LEAD1,MEMBE,0.01,8106.397,3,3,8106.397,0.0,0.0,0.0,0.0,810639.7
1775695,IT,TR,CROPS,LIQUE,0.06,8106.208,3,3,8106.208,0.0,0.0,0.0,0.0,135103.466667
1663799,IT,EE,BEVER,LANDT,0.03,8106.137,3,3,8106.137,0.0,0.0,0.0,0.0,270204.566667
1682893,IT,HR,NAPHT,BIODI,0.01,8106.115,3,3,8106.115,0.0,0.0,0.0,0.0,810611.5
1813359,IT,WM,FURNI,GASDI,0.03,8106.023,3,3,8106.023,0.0,0.0,0.0,0.0,270200.766667
1803730,IT,WF,FISH5,VEGE1,0.03,8105.822,4,4,8105.818,0.0,0.0,0.0,0.004,270194.066667
1799682,IT,WE,MOTOR,ELEC2,0.01,8105.292,3,3,8105.292,0.0,0.0,0.0,0.0,810529.2
1649388,IT,BG,CHEM1,STONE,0.02,8105.27,3,3,8105.27,0.0,0.0,0.0,0.0,405263.5
1760594,IT,IN,WOODW,NONME,0.02,8105.059,3,3,8105.059,0.0,0.0,0.0,0.0,405252.95
1646752,IT,BE,CONST,FURNI,0.05,8104.943,3,3,8104.943,0.0,0.0,0.0,0.0,162098.86
1732085,IT,SI,KERO1,FURNI,0.01,8104.866,3,3,8104.866,0.0,0.0,0.0,0.0,810486.6
1655649,IT,DE,CHEMI,MEAT1,0.02,8104.721,3,3,8104.721,0.0,0.0,0.0,0.0,405236.05
1650709,IT,BG,HOTEL,TEXTI,0.06,8104.458,3,3,8104.458,0.0,0.0,0.0,0.0,135074.3
1681539,IT,GR,BUSIN,NONME,0.08,8104.279,3,3,8104.279,0.0,0.0,0.0,0.0,101303.4875
1661613,IT,DK,FISH5,PIGS9,0.03,8104.105,4,4,8104.101,0.0,0.0,0.0,0.004,270136.833333
1753269,IT,CA,CEMEN,WHOLE,0.01,8103.973,3,3,8103.973,0.0,0.0,0.0,0.0,810397.3
1794642,IT,WL,LIQUE,93197,0.01,8103.97,3,3,8103.97,0.0,0.0,0.0,0.0,810397.0
1777006,IT,TR,CHEM1,LEADZ,0.02,8103.881,3,3,8103.881,0.0,0.0,0.0,0.0,405194.05
1745376,IT,JP,VEGE1,ELEC3,0.02,8103.811,4,4,8103.809,0.0,0.0,0.0,0.002,405190.55
1646308,IT,BE,COPP1,FOOD4,0.02,8103.573,3,3,8103.573,0.0,0.0,0.0,0.0,405178.65
1797101,IT,WL,POSTT,MEAT1,0.13,8103.397,3,3,8103.397,0.0,0.0,0.0,0.0,62333.823077
1674072,IT,FR,GASDI,PLAS1,0.01,8103.269,3,3,8103.269,0.0,0.0,0.0,0.0,810326.9
1742165,IT,US,GLASS,PRINT,0.02,8103.081,3,3,8103.081,0.0,0.0,0.0,0.0,405154.05
1797465,IT,WL,RESEA,MOTO1,0.04,8102.972,3,3,8102.972,0.0,0.0,0.0,0.0,202574.3
1649040,IT,BG,WOODW,LANDT,0.02,8102.648,3,3,8102.648,0.0,0.0,0.0,0.0,405132.4
1641423,IT,AT,GASDI,PULP5,0.01,8102.424,3,3,8102.424,0.0,0.0,0.0,0.0,810242.4
1781303,IT,NO,VEGE1,VEGE1,0.02,8102.13,4,4,8102.128,0.0,0.0,0.0,0.002,405106.5
1787396,IT,WA,FISHF,PRECI,0.01,8101.434,3,3,8101.434,0.0,0.0,0.0,0.0,810143.4
1732257,IT,SI,LIQUE,MEDIC,0.01,8100.863,3,3,8100.863,0.0,0.0,0.0,0.0,810086.3
1798172,IT,WE,CEREA,CROPS,0.01,8100.715,3,3,8100.715,0.0,0.0,0.0,0.0,810071.5
1709644,IT,LT,PRINT,OFFIC,0.08,8099.324,3,3,8099.324,0.0,0.0,0.0,0.0,101241.55
1710747,IT,LU,FISH5,MEATC,0.03,8099.175,4,4,8099.171,0.0,0.0,0.0,0.004,269972.5
1766999,IT,RU,MOTO1,PAPE4,0.04,8098.913,3,3,8098.913,0.0,0.0,0.0,0.0,202472.825
1665577,IT,ES,LEATH,SUPPO,0.06,8098.758,3,3,8098.758,0.0,0.0,0.0,0.0,134979.3
1728207,IT,SE,FOOD5,SUGA1,0.04,8098.338,3,3,8098.338,0.0,0.0,0.0,0.0,202458.45
1727931,IT,SE,VEGET,PUBLI,0.03,8098.308,3,3,8098.308,0.0,0.0,0.0,0.0,269943.6
1718185,IT,PL,DAIRY,FABRI,0.03,8098.12,3,3,8098.12,0.0,0.0,0.0,0.0,269937.333333
1675969,IT,FR,ELEC4,HOTEL,0.13,8097.756,3,3,8097.756,0.0,0.0,0.0,0.0,62290.430769
1716447,IT,NL,OFFIC,MEATC,0.03,8097.718,3,3,8097.718,0.0,0.0,0.0,0.0,269923.933333
1807320,IT,WF,POSTT,DISTR,0.13,8097.493,3,3,8097.493,0.0,0.0,0.0,0.0,62288.407692
1641435,IT,AT,GASDI,BASIC,0.01,8097.277,3,3,8097.277,0.0,0.0,0.0,0.0,809727.7
1780843,IT,TW,COMPU,DISTR,0.09,8096.975,3,3,8096.975,0.0,0.0,0.0,0.0,89966.388889
1739137,IT,GB,RETA1,OILSE,0.08,8096.696,3,3,8096.696,0.0,0.0,0.0,0.0,101208.7
1790259,IT,WA,PREC1,FINAN,0.01,8096.595,3,3,8096.595,0.0,0.0,0.0,0.0,809659.5
1680686,IT,GR,WHOLE,WHOLE,0.07,8096.379,3,3,8096.379,0.0,0.0,0.0,0.0,115662.557143
1775594,IT,CH,RECRE,DISTR,0.1,8096.111,3,3,8096.111,0.0,0.0,0.0,0.0,80961.11
1728293,IT,SE,BEVER,ELEC3,0.03,8095.464,3,3,8095.464,0.0,0.0,0.0,0.0,269848.8
1788726,IT,WA,MOTOR,CERAM,0.01,8095.26,3,3,8095.26,0.0,0.0,0.0,0.0,809526.0
1810395,IT,WM,PULP5,CEREA,0.02,8094.772,3,3,8094.772,0.0,0.0,0.0,0.0,404738.6
1770765,IT,AU,RENTI,WHOLE,0.05,8094.742,3,3,8094.742,0.0,0.0,0.0,0.0,161894.84
1797230,IT,WL,FINAN,DISTR,0.11,8094.475,3,3,8094.475,0.0,0.0,0.0,0.0,73586.136364
1661674,IT,DK,TEXTI,COMPU,0.05,8094.332,3,3,8094.332,0.0,0.0,0.0,0.0,161886.64
1713775,IT,MT,MOTO1,SALEM,0.04,8094.293,3,3,8094.293,0.0,0.0,0.0,0.0,202357.325
1663803,IT,EE,BEVER,RENTI,0.03,8094.127,3,3,8094.127,0.0,0.0,0.0,0.0,269804.233333
1719964,IT,PL,PREC1,WOOD1,0.01,8094.035,3,3,8094.035,0.0,0.0,0.0,0.0,809403.5
1670675,IT,FI,LEATH,RECRE,0.06,8093.801,3,3,8093.801,0.0,0.0,0.0,0.0,134896.683333
1724589,IT,PT,FINAN,WOODW,0.11,8093.661,3,3,8093.661,0.0,0.0,0.0,0.0,73578.736364
1682076,IT,HR,TEXTI,WHEAT,0.05,8093.515,3,3,8093.515,0.0,0.0,0.0,0.0,161870.3
1752799,IT,CA,PAPER,MEAT1,0.03,8093.005,3,3,8093.005,0.0,0.0,0.0,0.0,269766.833333
1778556,IT,TR,RETA1,TRAN1,0.08,8092.852,3,3,8092.852,0.0,0.0,0.0,0.0,101160.65
1655532,IT,DE,LEADZ,FOUND,0.01,8092.817,3,3,8092.817,0.0,0.0,0.0,0.0,809281.7
1657542,IT,DE,GLASS,WEARI,0.02,8092.596,3,3,8092.596,0.0,0.0,0.0,0.0,404629.8
1769403,IT,AU,CERAM,BUSIN,0.01,8092.594,3,3,8092.594,0.0,0.0,0.0,0.0,809259.4
1807532,IT,WF,RENTI,TRANS,0.05,8092.53,3,3,8092.53,0.0,0.0,0.0,0.0,161850.6
1807931,IT,WF,PLAS1,FISH5,0.03,8092.466,3,3,8092.466,0.0,0.0,0.0,0.0,269748.866667
1753949,IT,CA,LANDT,VEGE1,0.05,8092.099,3,3,8092.099,0.0,0.0,0.0,0.0,161841.98
1757161,IT,BR,SANDC,RECRE,0.02,8091.976,4,4,8089.976,0.0,0.0,2.0,0.0,404598.8
1762165,IT,IN,LANDT,ELEC5,0.05,8091.208,3,3,8091.208,0.0,0.0,0.0,0.0,161824.16
1782164,IT,NO,NONME,LEAD1,0.02,8090.978,3,3,8090.978,0.0,0.0,0.0,0.0,404548.9
1746311,IT,JP,CHEM1,FOOD2,0.02,8090.69,3,3,8090.69,0.0,0.0,0.0,0.0,404534.5
1738124,IT,GB,GLASS,SUGA1,0.02,8090.146,3,3,8090.146,0.0,0.0,0.0,0.0,404507.3
1685425,IT,HU,WOODW,MEATP,0.02,8089.927,3,3,8089.927,0.0,0.0,0.0,0.0,404496.35
1800709,IT,WE,CEMEN,FABRI,0.01,8089.273,3,3,8089.273,0.0,0.0,0.0,0.0,808927.3
1756817,IT,KR,SUPPO,RETA1,0.06,8088.957,3,3,8088.957,0.0,0.0,0.0,0.0,134815.95
1713103,IT,MT,FOOD5,TOBAC,0.04,8088.788,3,3,8088.788,0.0,0.0,0.0,0.0,202219.7
1724323,IT,PT,TRAN2,SANDC,0.01,8088.751,3,3,8088.751,0.0,0.0,0.0,0.0,808875.1
1659192,IT,DE,CONST,LANDT,0.05,8088.656,3,3,8088.656,0.0,0.0,0.0,0.0,161773.12
1650115,IT,BG,OFFIC,SALEM,0.03,8088.521,3,3,8088.521,0.0,0.0,0.0,0.0,269617.366667
1746041,IT,JP,PAPER,INSUR,0.03,8088.432,3,3,8088.432,0.0,0.0,0.0,0.0,269614.4
1771630,IT,CH,WEARI,MEATP,0.06,8088.094,4,4,8088.092,0.0,0.0,0.0,0.002,134801.566667
1814968,IT,WM,PRIVA,RETA1,1.8,8087.996,3,3,8087.996,0.0,0.0,0.0,0.0,4493.331111
1666686,IT,ES,BIODI,ELEC5,0.02,8087.757,3,3,8087.757,0.0,0.0,0.0,0.0,404387.85
1664377,IT,EE,MACHI,WHEAT,0.05,8087.737,3,3,8087.737,0.0,0.0,0.0,0.0,161754.74
1787500,IT,WA,CHEMI,BITUM,0.02,8087.573,3,3,8087.573,0.0,0.0,0.0,0.0,404378.65
1728887,IT,SE,CHEM1,MEAT4,0.02,8087.504,3,3,8087.504,0.0,0.0,0.0,0.0,404375.2
1679247,IT,GR,GASDI,PLANT,0.01,8087.401,3,3,8087.401,0.0,0.0,0.0,0.0,808740.1
1768451,IT,AU,DAIRY,POSTT,0.03,8087.188,3,3,8087.188,0.0,0.0,0.0,0.0,269572.933333
1685031,IT,HU,DAIRY,WEARI,0.03,8086.743,3,3,8086.743,0.0,0.0,0.0,0.0,269558.1
1653065,IT,CZ,PLAST,EDUCA,0.02,8086.212,3,3,8086.212,0.0,0.0,0.0,0.0,404310.6
1798033,IT,WL,TEXT2,CHEM1,0.06,8086.206,3,3,8086.206,0.0,0.0,0.0,0.0,134770.1
1763463,IT,MX,PLAST,PFERT,0.02,8086.147,3,3,8086.147,0.0,0.0,0.0,0.0,404307.35
1723792,IT,PT,OFFIC,SALEM,0.03,8086.053,3,3,8086.053,0.0,0.0,0.0,0.0,269535.1
1663702,IT,EE,FORES,WOODW,0.07,8085.613,4,4,8082.613,0.0,3.0,0.0,0.0,115508.757143
1746086,IT,JP,PRINT,ELEC4,0.08,8084.938,3,3,8084.938,0.0,0.0,0.0,0.0,101061.725
1655424,IT,DE,WOOLS,ELEC7,0.03,8084.742,3,3,8084.742,0.0,0.0,0.0,0.0,269491.4
1766478,IT,RU,ALUM1,PAPER,0.01,8084.652,3,3,8084.652,0.0,0.0,0.0,0.0,808465.2
1805914,IT,WF,ALUM1,RECRE,0.01,8083.997,3,3,8083.997,0.0,0.0,0.0,0.0,808399.7
1748542,IT,CN,MEAT4,FOOD5,0.04,8083.947,3,3,8083.947,0.0,0.0,0.0,0.0,202098.675
1799853,IT,WE,GASDI,NONSP,0.01,8083.879,3,3,8083.879,0.0,0.0,0.0,0.0,808387.9
1749694,IT,CN,CHEM1,ELEC6,0.02,8083.873,3,3,8083.873,0.0,0.0,0.0,0.0,404193.65
1710641,IT,LU,MEAT1,RECRE,0.04,8083.446,3,3,8083.446,0.0,0.0,0.0,0.0,202086.15
1787030,IT,ZA,INSUR,POSTT,0.17,8083.334,3,3,8083.334,0.0,0.0,0.0,0.0,47549.023529
1806880,IT,WF,HOTEL,WEARI,0.06,8082.25,3,3,8082.25,0.0,0.0,0.0,0.0,134704.166667
1643580,IT,AT,INLAN,FURNI,0.01,8081.833,3,3,8081.833,0.0,0.0,0.0,0.0,808183.3
1789636,IT,WA,RUBBE,KERO1,0.03,8081.748,3,3,8081.748,0.0,0.0,0.0,0.0,269391.6
1795326,IT,WL,NONME,NFERT,0.02,8081.718,3,3,8081.718,0.0,0.0,0.0,0.0,404085.9
1727407,IT,RO,FINAN,TRANS,0.11,8081.539,3,3,8081.539,0.0,0.0,0.0,0.0,73468.536364
1730344,IT,SE,SUPPO,FABRI,0.06,8081.459,3,3,8081.459,0.0,0.0,0.0,0.0,134690.983333
1798788,IT,WE,FOOD5,HEAVY,0.04,8080.644,3,3,8080.644,0.0,0.0,0.0,0.0,202016.1
1806946,IT,WF,LANDT,PADDY,0.05,8080.216,3,3,8080.216,0.0,0.0,0.0,0.0,161604.32
1663823,IT,EE,TEXTI,FISHF,0.05,8080.19,3,3,8080.19,0.0,0.0,0.0,0.0,161603.8
1749751,IT,CN,ADDIT,REFI1,0.02,8080.058,3,3,8080.058,0.0,0.0,0.0,0.0,404002.9
1804465,IT,WF,GASDI,NONFE,0.01,8079.948,3,3,8079.948,0.0,0.0,0.0,0.0,807994.8
1689775,IT,IE,INSUR,FORES,0.17,8079.895,3,3,8079.895,0.0,0.0,0.0,0.0,47528.794118
1780689,IT,TW,REALE,DAIRY,0.34,8079.649,3,3,8079.649,0.0,0.0,0.0,0.0,23763.673529
1798566,IT,WE,CHEMI,ELEC3,0.02,8079.563,3,3,8079.563,0.0,0.0,0.0,0.0,403978.15
1649092,IT,BG,PAPER,PLAST,0.03,8079.323,3,3,8079.323,0.0,0.0,0.0,0.0,269310.766667
1643532,IT,AT,TRAN2,HOTEL,0.01,8078.996,3,3,8078.996,0.0,0.0,0.0,0.0,807899.6
1732321,IT,SI,NAPHT,ELECT,0.01,8078.401,3,3,8078.401,0.0,0.0,0.0,0.0,807840.1
1765859,IT,RU,NAPHT,REALE,0.01,8078.352,3,3,8078.352,0.0,0.0,0.0,0.0,807835.2
1798393,IT,WE,CRUDE,LUBRI,0.02,8078.213,3,3,8078.213,0.0,0.0,0.0,0.0,403910.65
1766455,IT,RU,PREC1,CHEM1,0.01,8077.757,3,3,8077.757,0.0,0.0,0.0,0.0,807775.7
1682786,IT,HR,HEAVY,TOBAC,0.01,8077.647,3,3,8077.647,0.0,0.0,0.0,0.0,807764.7
1768321,IT,AU,CHEMI,RUBBE,0.02,8077.55,3,3,8077.55,0.0,0.0,0.0,0.0,403877.5
1750652,IT,CN,MOTO1,MEAT1,0.04,8077.412,3,3,8077.412,0.0,0.0,0.0,0.0,201935.3
1675587,IT,FR,MOTO1,ALUM1,0.04,8077.315,3,3,8077.315,0.0,0.0,0.0,0.0,201932.875
1758128,IT,BR,CERAM,FINAN,0.01,8077.1,3,3,8077.1,0.0,0.0,0.0,0.0,807710.0
1688110,IT,HU,BUSIN,NATUR,0.08,8077.039,3,3,8077.039,0.0,0.0,0.0,0.0,100962.9875
1756139,IT,KR,MACHI,RAWMI,0.05,8077.016,3,3,8077.016,0.0,0.0,0.0,0.0,161540.32
1756844,IT,KR,POSTT,PFERT,0.13,8077.012,3,3,8077.012,0.0,0.0,0.0,0.0,62130.861538
1682185,IT,HR,WEARI,DAIRY,0.06,8076.976,4,4,8076.974,0.0,0.0,0.0,0.002,134616.266667
1717253,IT,NL,POSTT,PLAST,0.13,8076.87,3,3,8076.87,0.0,0.0,0.0,0.0,62129.769231
1709425,IT,LT,TOBAC,RETA1,0.03,8076.791,3,3,8076.791,0.0,0.0,0.0,0.0,269226.366667
1784341,IT,ID,RUBBE,MOTOR,0.03,8076.62,3,3,8076.62,0.0,0.0,0.0,0.0,269220.666667
1718601,IT,PL,LEATH,MOTOR,0.06,8076.395,3,3,8076.395,0.0,0.0,0.0,0.0,134606.583333
1810165,IT,WM,WEARI,TRANS,0.06,8076.255,4,4,8076.253,0.0,0.0,0.0,0.002,134604.25
1662422,IT,DK,PREC1,MEDIC,0.01,8076.127,3,3,8076.127,0.0,0.0,0.0,0.0,807612.7
1803467,IT,WF,MEAT4,MEATP,0.04,8075.797,3,3,8075.797,0.0,0.0,0.0,0.0,201894.925
1760235,IT,BR,INERT,RECRE,0.06,8075.791,3,3,8075.791,0.0,0.0,0.0,0.0,134596.516667
1667745,IT,ES,OFFIC,ANIMA,0.03,8075.733,3,3,8075.733,0.0,0.0,0.0,0.0,269191.1
1643732,IT,AT,SUPPO,DISTR,0.06,8075.429,3,3,8075.429,0.0,0.0,0.0,0.0,134590.483333
1748551,IT,CN,VEGE1,BITUM,0.02,8075.107,4,4,8075.105,0.0,0.0,0.0,0.002,403755.35
1808576,IT,WF,PAPE4,AIRTR,0.05,8075.101,3,3,8075.101,0.0,0.0,0.0,0.0,161502.02
1744165,IT,US,SUPPO,PAPE3,0.06,8074.89,3,3,8074.89,0.0,0.0,0.0,0.0,134581.5
1657262,IT,DE,CHEM1,ELEC6,0.02,8074.326,3,3,8074.326,0.0,0.0,0.0,0.0,403716.3
1795442,IT,WL,PREC1,TEXTI,0.01,8074.008,3,3,8074.008,0.0,0.0,0.0,0.0,807400.8
1739273,IT,GB,HOTEL,PAPER,0.06,8073.821,3,3,8073.821,0.0,0.0,0.0,0.0,134563.683333
1640604,IT,AT,BEVER,MEATP,0.03,8073.785,3,3,8073.785,0.0,0.0,0.0,0.0,269126.166667
1735035,IT,SK,PLAST,RENTI,0.02,8073.441,3,3,8073.441,0.0,0.0,0.0,0.0,403672.05
1682889,IT,HR,NAPHT,PLAST,0.01,8073.414,3,3,8073.414,0.0,0.0,0.0,0.0,807341.4
1652543,IT,CZ,WEARI,PAPE4,0.06,8073.186,4,4,8073.184,0.0,0.0,0.0,0.002,134553.1
1659547,IT,DE,RETA1,INTER,0.08,8073.073,3,3,8073.073,0.0,0.0,0.0,0.0,100913.4125
1767361,IT,RU,RAILW,BUSIN,0.05,8072.95,3,3,8072.95,0.0,0.0,0.0,0.0,161459.0
1709794,IT,LT,RUBBE,LUBRI,0.03,8072.521,3,3,8072.521,0.0,0.0,0.0,0.0,269084.033333
1732131,IT,SI,GASDI,TEXTI,0.01,8072.457,3,3,8072.457,0.0,0.0,0.0,0.0,807245.7
1723142,IT,PT,CHEM1,PLAS2,0.02,8072.315,3,3,8072.315,0.0,0.0,0.0,0.0,403615.75
1710625,IT,LU,MEATC,SALEM,0.03,8071.794,3,3,8071.794,0.0,0.0,0.0,0.0,269059.8
1644604,IT,BE,FOOD5,MOTOR,0.04,8071.59,3,3,8071.59,0.0,0.0,0.0,0.0,201789.75
1811831,IT,WM,RUBBE,POULT,0.03,8071.365,3,3,8071.365,0.0,0.0,0.0,0.0,269045.5
1654971,IT,CZ,INSUR,HOTEL,0.17,8071.244,3,3,8071.244,0.0,0.0,0.0,0.0,47477.905882
1736865,IT,SK,BUSIN,BASIC,0.08,8071.015,3,3,8071.015,0.0,0.0,0.0,0.0,100887.6875
1792650,IT,WA,RESEA,KEROS,0.04,8070.687,3,3,8070.687,0.0,0.0,0.0,0.0,201767.175
1740027,IT,GB,RENTI,BEVER,0.05,8070.445,3,3,8070.445,0.0,0.0,0.0,0.0,161408.9
1715692,IT,NL,NONSP,COMPU,0.01,8070.037,3,3,8070.037,0.0,0.0,0.0,0.0,807003.7
1747139,IT,JP,CONST,PULP5,0.05,8069.296,3,3,8069.296,0.0,0.0,0.0,0.0,161385.92
1666774,IT,ES,RUBBE,ELEC1,0.03,8069.151,3,3,8069.151,0.0,0.0,0.0,0.0,268971.7
1746133,IT,JP,HEAVY,NAPHT,0.01,8068.859,3,3,8068.859,0.0,0.0,0.0,0.0,806885.9
1685389,IT,HU,LEATH,DISTR,0.06,8068.661,3,3,8068.661,0.0,0.0,0.0,0.0,134477.683333
1665381,IT,ES,TEXTI,MOTOR,0.05,8068.476,3,3,8068.476,0.0,0.0,0.0,0.0,161369.52
1761709,IT,IN,MACHI,RAWMI,0.05,8068.354,3,3,8068.354,0.0,0.0,0.0,0.0,161367.08
1775788,IT,TR,SANDC,NONF1,0.02,8068.33,4,4,8066.33,0.0,0.0,2.0,0.0,403416.5
1813472,IT,WM,SALEM,KEROS,0.07,8068.053,3,3,8068.053,0.0,0.0,0.0,0.0,115257.9
1719738,IT,PL,NONME,FOOD3,0.02,8067.991,3,3,8067.991,0.0,0.0,0.0,0.0,403399.55
1791166,IT,WA,FURNI,COKIN,0.03,8067.885,3,3,8067.885,0.0,0.0,0.0,0.0,268929.5
1814861,IT,WM,RECRE,CHEM1,0.1,8067.836,3,3,8067.836,0.0,0.0,0.0,0.0,80678.36
1739826,IT,GB,FINAN,MEAT1,0.11,8067.765,3,3,8067.765,0.0,0.0,0.0,0.0,73343.318182
1758747,IT,BR,WHOLE,SALEM,0.07,8066.926,3,3,8066.926,0.0,0.0,0.0,0.0,115241.8
1729515,IT,SE,ALUM1,INERT,0.01,8066.907,3,3,8066.907,0.0,0.0,0.0,0.0,806690.7
1664839,IT,ES,CROPS,WOODW,0.06,8065.924,3,3,8065.924,0.0,0.0,0.0,0.0,134432.066667
1662127,IT,DK,RUBBE,MEAT1,0.03,8064.748,3,3,8064.748,0.0,0.0,0.0,0.0,268824.933333
1722301,IT,PT,CEREA,BEVER,0.01,8064.485,3,3,8064.485,0.0,0.0,0.0,0.0,806448.5
1656904,IT,DE,HEAVY,RECRE,0.01,8064.325,3,3,8064.325,0.0,0.0,0.0,0.0,806432.5
1676315,IT,FR,RETAI,BEVER,0.06,8064.237,3,3,8064.237,0.0,0.0,0.0,0.0,134403.95
1797953,IT,WL,FOOD4,REALE,0.06,8063.963,3,3,8063.963,0.0,0.0,0.0,0.0,134399.383333
1776504,IT,TR,MOTOR,AUXIL,0.01,8063.65,3,3,8063.65,0.0,0.0,0.0,0.0,806365.0
1642544,IT,AT,COPP1,SUPPO,0.02,8063.595,3,3,8063.595,0.0,0.0,0.0,0.0,403179.75
1803257,IT,WF,ANIMA,HEALT,0.03,8062.878,3,3,8062.878,0.0,0.0,0.0,0.0,268762.6
1780097,IT,TW,RETA1,STEAM,0.08,8062.852,3,3,8062.852,0.0,0.0,0.0,0.0,100785.65
1725576,IT,RO,WOODW,TEXTI,0.02,8062.74,3,3,8062.74,0.0,0.0,0.0,0.0,403137.0
1725951,IT,RO,CHEM1,PIGS9,0.02,8062.477,3,3,8062.477,0.0,0.0,0.0,0.0,403123.85
1735056,IT,SK,CHEM1,SANDC,0.02,8062.328,3,3,8062.328,0.0,0.0,0.0,0.0,403116.4
1678920,IT,GR,TEXTI,NONME,0.05,8062.054,3,3,8062.054,0.0,0.0,0.0,0.0,161241.08
1743390,IT,US,SALEM,WHOLE,0.07,8061.468,3,3,8061.468,0.0,0.0,0.0,0.0,115163.828571
1736998,IT,GB,FORES,FISH5,0.07,8061.46,4,4,8058.46,0.0,3.0,0.0,0.0,115163.714286
1641949,IT,AT,RUBBE,MEAT4,0.03,8061.121,3,3,8061.121,0.0,0.0,0.0,0.0,268704.033333
1653170,IT,CZ,CHEM1,RENTI,0.02,8060.95,3,3,8060.95,0.0,0.0,0.0,0.0,403047.5
1682581,IT,HR,MOTOR,PAPE4,0.01,8060.908,3,3,8060.908,0.0,0.0,0.0,0.0,806090.8
1688739,IT,IE,ADDIT,FOOD5,0.02,8060.874,3,3,8060.874,0.0,0.0,0.0,0.0,403043.7
1652008,IT,CZ,VEGET,MOTOR,0.03,8060.87,3,3,8060.87,0.0,0.0,0.0,0.0,268695.666667
1784693,IT,ID,TRANS,AIRTR,0.05,8060.725,3,3,8060.725,0.0,0.0,0.0,0.0,161214.5
1792476,IT,WA,AUXIL,HEALT,0.15,8060.704,3,3,8060.704,0.0,0.0,0.0,0.0,53738.026667
1734607,IT,SK,BEVER,RECRE,0.03,8060.634,3,3,8060.634,0.0,0.0,0.0,0.0,268687.8
1645001,IT,BE,WOODW,FOOD3,0.02,8060.452,3,3,8060.452,0.0,0.0,0.0,0.0,403022.6
1770560,IT,AU,SUPPO,POSTT,0.06,8060.296,3,3,8060.296,0.0,0.0,0.0,0.0,134338.266667
1792956,IT,WA,PLAS1,VEGE1,0.03,8060.134,3,3,8060.134,0.0,0.0,0.0,0.0,268671.133333
1728423,IT,SE,WEARI,TRANS,0.06,8059.529,4,4,8059.527,0.0,0.0,0.0,0.002,134325.483333
1663631,IT,DK,BUSIN,FURNI,0.08,8059.459,3,3,8059.459,0.0,0.0,0.0,0.0,100743.2375
1767587,IT,RU,SUPPO,FISH5,0.06,8059.446,3,3,8059.446,0.0,0.0,0.0,0.0,134324.1
1757208,IT,BR,VEGE1,PADDY,0.02,8058.998,4,4,8058.996,0.0,0.0,0.0,0.002,402949.9
1814487,IT,WM,RESEA,FOOD5,0.04,8058.893,3,3,8058.893,0.0,0.0,0.0,0.0,201472.325
1646166,IT,BE,ALUM1,SUGA1,0.01,8058.388,3,3,8058.388,0.0,0.0,0.0,0.0,805838.8
1710256,IT,LT,MOTO1,WOODW,0.04,8058.264,3,3,8058.264,0.0,0.0,0.0,0.0,201456.6
1712189,IT,LV,WOODW,WHOLE,0.02,8058.022,3,3,8058.022,0.0,0.0,0.0,0.0,402901.1
1767973,IT,RU,COMPU,ELEC3,0.09,8058.012,3,3,8058.012,0.0,0.0,0.0,0.0,89533.466667
1789367,IT,WA,CHEM1,REFI1,0.02,8057.741,3,3,8057.741,0.0,0.0,0.0,0.0,402887.05
1719491,IT,PL,GLASS,LIGNI,0.02,8057.539,3,3,8057.539,0.0,0.0,0.0,0.0,402876.95
1717691,IT,NL,BUSIN,ELEC8,0.08,8057.525,3,3,8057.525,0.0,0.0,0.0,0.0,100719.0625
1765885,IT,RU,PLAST,WEARI,0.02,8056.969,3,3,8056.969,0.0,0.0,0.0,0.0,402848.45
1662809,IT,DK,FURNI,RESEA,0.03,8056.679,3,3,8056.679,0.0,0.0,0.0,0.0,268555.966667
1649654,IT,BG,CERAM,FOOD5,0.01,8056.372,3,3,8056.372,0.0,0.0,0.0,0.0,805637.2
1675239,IT,FR,FABRI,NAPHT,0.03,8056.177,3,3,8056.177,0.0,0.0,0.0,0.0,268539.233333
1746772,IT,JP,MACHI,DAIRY,0.04,8056.106,3,3,8056.106,0.0,0.0,0.0,0.0,201402.65
1672287,IT,FI,RENTI,MOTO1,0.05,8055.47,3,3,8055.47,0.0,0.0,0.0,0.0,161109.4
1745632,IT,JP,TEXTI,MOTOR,0.05,8055.296,3,3,8055.296,0.0,0.0,0.0,0.0,161105.92
1798711,IT,WE,DAIRY,CONST,0.03,8055.108,3,3,8055.108,0.0,0.0,0.0,0.0,268503.6
1775394,IT,CH,PUBLI,COLLE,0.13,8054.987,3,3,8054.987,0.0,0.0,0.0,0.0,61961.438462
1814764,IT,WM,FOOD2,FINAN,0.05,8054.348,3,3,8054.348,0.0,0.0,0.0,0.0,161086.96
1684177,IT,HR,LANDT,TRAN1,0.05,8053.804,3,3,8053.804,0.0,0.0,0.0,0.0,161076.08
1733529,IT,SI,WHOLE,BUSIN,0.07,8053.721,3,3,8053.721,0.0,0.0,0.0,0.0,115053.157143
1715181,IT,NL,WOODW,BEVER,0.02,8053.542,3,3,8053.542,0.0,0.0,0.0,0.0,402677.1
1722602,IT,PT,TEXTI,STONE,0.05,8053.454,3,3,8053.454,0.0,0.0,0.0,0.0,161069.08
1744901,IT,US,BUSIN,BITU1,0.08,8053.195,3,3,8053.195,0.0,0.0,0.0,0.0,100664.9375
1789523,IT,WA,ADDIT,ELEC7,0.02,8052.988,3,3,8052.988,0.0,0.0,0.0,0.0,402649.4
1673017,IT,FR,SUGA1,PUBLI,0.02,8052.805,3,3,8052.805,0.0,0.0,0.0,0.0,402640.25
1665173,IT,ES,SUGA1,BEVER,0.02,8052.742,3,3,8052.742,0.0,0.0,0.0,0.0,402637.1
1649812,IT,BG,ALUM1,PRECI,0.01,8052.466,3,3,8052.466,0.0,0.0,0.0,0.0,805246.6
1716655,IT,NL,WHOLE,MEATA,0.07,8052.42,3,3,8052.42,0.0,0.0,0.0,0.0,115034.571429
1667362,IT,ES,LEAD1,HOTEL,0.01,8052.403,3,3,8052.403,0.0,0.0,0.0,0.0,805240.3
1762952,IT,MX,VEGE1,CERAM,0.02,8052.234,4,4,8052.232,0.0,0.0,0.0,0.002,402611.7
1802183,IT,WE,HOTEL,TRANS,0.06,8052.202,3,3,8052.202,0.0,0.0,0.0,0.0,134203.366667
1713427,IT,MT,PLAST,FABRI,0.02,8052.0,3,3,8052.0,0.0,0.0,0.0,0.0,402600.0
1800976,IT,WE,ALUM1,BRICK,0.01,8051.816,3,3,8051.816,0.0,0.0,0.0,0.0,805181.6
1795580,IT,WL,COPP1,HOTEL,0.02,8051.553,3,3,8051.553,0.0,0.0,0.0,0.0,402577.65
1733036,IT,SI,COPP1,PRINT,0.02,8051.488,3,3,8051.488,0.0,0.0,0.0,0.0,402574.4
1736136,IT,SK,CONST,FINAN,0.05,8051.3,3,3,8051.3,0.0,0.0,0.0,0.0,161026.0
1659237,IT,DE,SALEM,GASDI,0.06,8050.905,3,3,8050.905,0.0,0.0,0.0,0.0,134181.75
1769066,IT,AU,PLAST,WEARI,0.02,8050.106,3,3,8050.106,0.0,0.0,0.0,0.0,402505.3
1731389,IT,SI,FOOD5,MEAT4,0.04,8049.665,3,3,8049.665,0.0,0.0,0.0,0.0,201241.625
1650878,IT,BG,LANDT,RESEA,0.05,8049.519,3,3,8049.519,0.0,0.0,0.0,0.0,160990.38
1789077,IT,WA,WHITE,WHOLE,0.04,8049.369,3,3,8049.369,0.0,0.0,0.0,0.0,201234.225
1721101,IT,PL,HOTEL,WASTE,0.06,8049.188,3,3,8049.188,0.0,0.0,0.0,0.0,134153.133333
1734203,IT,SI,REALE,BUSIN,0.34,8048.963,3,3,8048.963,0.0,0.0,0.0,0.0,23673.420588
1660567,IT,DE,AUXIL,COMPU,0.15,8048.21,3,3,8048.21,0.0,0.0,0.0,0.0,53654.733333
1799527,IT,WE,PRINT,FOOD5,0.08,8047.003,3,3,8047.003,0.0,0.0,0.0,0.0,100587.5375
1809230,IT,WM,FISHF,HEALT,0.01,8046.641,3,3,8046.641,0.0,0.0,0.0,0.0,804664.1
1787418,IT,WA,NATUR,CRUDE,0.01,8045.919,3,3,8045.919,0.0,0.0,0.0,0.0,804591.9
1763257,IT,MX,WOODW,HEALT,0.02,8045.751,3,3,8045.751,0.0,0.0,0.0,0.0,402287.55
1787261,IT,WA,VEGET,FOUND,0.03,8045.491,3,3,8045.491,0.0,0.0,0.0,0.0,268183.033333
1640303,IT,AT,SANDC,WHOLE,0.02,8045.442,4,4,8043.442,0.0,0.0,2.0,0.0,402272.1
1734879,IT,SK,PAPER,SALEM,0.03,8045.241,3,3,8045.241,0.0,0.0,0.0,0.0,268174.7
1778050,IT,TR,OFFIC,LANDT,0.02,8044.118,3,3,8044.118,0.0,0.0,0.0,0.0,402205.9
1744848,IT,US,RESEA,PAPE4,0.04,8043.992,3,3,8043.992,0.0,0.0,0.0,0.0,201099.8
1710518,IT,LT,SUPPO,KEROS,0.06,8043.887,3,3,8043.887,0.0,0.0,0.0,0.0,134064.783333
1643036,IT,AT,CONST,POSTT,0.04,8043.788,3,3,8043.788,0.0,0.0,0.0,0.0,201094.7
1651168,IT,BG,BUSIN,PULP5,0.08,8043.544,3,3,8043.544,0.0,0.0,0.0,0.0,100544.3
1713050,IT,MT,MEAT4,RETAI,0.04,8043.42,3,3,8043.42,0.0,0.0,0.0,0.0,201085.5
1731259,IT,SI,MEATP,SALEM,0.03,8043.354,3,3,8043.354,0.0,0.0,0.0,0.0,268111.8
1678579,IT,GR,POULT,WHOLE,0.02,8043.186,3,3,8043.186,0.0,0.0,0.0,0.0,402159.3
1734541,IT,SK,PROCE,BUSIN,0.05,8042.919,3,3,8042.919,0.0,0.0,0.0,0.0,160858.38
1640954,IT,AT,WOODW,GASDI,0.02,8042.743,3,3,8042.743,0.0,0.0,0.0,0.0,402137.15
1741179,IT,US,LEATH,LANDT,0.06,8042.646,3,3,8042.646,0.0,0.0,0.0,0.0,134044.1
1715741,IT,NL,BIOGA,CHEM1,0.02,8042.535,3,3,8042.535,0.0,0.0,0.0,0.0,402126.75
1657594,IT,DE,GLASS,BIOG1,0.02,8042.496,3,3,8042.496,0.0,0.0,0.0,0.0,402124.8
1723783,IT,PT,OFFIC,NONME,0.02,8042.063,3,3,8042.063,0.0,0.0,0.0,0.0,402103.15
1789560,IT,WA,BIOGA,GASDI,0.02,8041.776,3,3,8041.776,0.0,0.0,0.0,0.0,402088.8
1795522,IT,WL,ALUM1,BRICK,0.01,8041.456,3,3,8041.456,0.0,0.0,0.0,0.0,804145.6
1755443,IT,KR,PARAF,PLAST,0.01,8041.208,3,3,8041.208,0.0,0.0,0.0,0.0,804120.8
1758108,IT,BR,GLASS,BUSIN,0.02,8041.093,3,3,8041.093,0.0,0.0,0.0,0.0,402054.65
1645286,IT,BE,KEROS,COALT,0.01,8040.865,3,3,8040.865,0.0,0.0,0.0,0.0,804086.5
1742329,IT,US,CEMEN,EDUCA,0.01,8040.655,3,3,8040.655,0.0,0.0,0.0,0.0,804065.5
1715426,IT,NL,MOTOR,FURNI,0.01,8040.598,3,3,8040.598,0.0,0.0,0.0,0.0,804059.8
1794366,IT,WL,KEROS,PADDY,0.01,8040.016,3,3,8040.016,0.0,0.0,0.0,0.0,804001.6
1813220,IT,WM,TRANS,RAWMI,0.05,8039.952,3,3,8039.952,0.0,0.0,0.0,0.0,160799.04
1807759,IT,WF,PUBLI,RUBBE,0.13,8039.778,3,3,8039.778,0.0,0.0,0.0,0.0,61844.446154
1814554,IT,WM,BUSIN,BEVER,0.08,8039.702,3,3,8039.702,0.0,0.0,0.0,0.0,100496.275
1656472,IT,DE,PAPER,NATUR,0.03,8039.69,3,3,8039.69,0.0,0.0,0.0,0.0,267989.666667
1758843,IT,BR,HOTEL,BEVER,0.06,8038.944,3,3,8038.944,0.0,0.0,0.0,0.0,133982.4
1757492,IT,BR,PAPER,AUXIL,0.03,8038.707,3,3,8038.707,0.0,0.0,0.0,0.0,267956.9
1742819,IT,US,FABRI,WOOD1,0.03,8038.591,3,3,8038.591,0.0,0.0,0.0,0.0,267953.033333
1715949,IT,NL,GLASS,EDUCA,0.02,8038.338,3,3,8038.338,0.0,0.0,0.0,0.0,401916.9
1714967,IT,NL,FISH5,CHEM1,0.03,8037.577,4,4,8037.573,0.0,0.0,0.0,0.004,267919.233333
1729839,IT,SE,MOTO1,NONFE,0.04,8037.281,3,3,8037.281,0.0,0.0,0.0,0.0,200932.025
1725342,IT,RO,TOBAC,TOBAC,0.03,8037.19,3,3,8037.19,0.0,0.0,0.0,0.0,267906.333333
1683062,IT,HR,RUBBE,ANIMA,0.03,8037.043,3,3,8037.043,0.0,0.0,0.0,0.0,267901.433333
1731185,IT,SI,CHEMI,STONE,0.02,8036.251,3,3,8036.251,0.0,0.0,0.0,0.0,401812.55
1674798,IT,FR,CEMEN,BRICK,0.01,8036.166,3,3,8036.166,0.0,0.0,0.0,0.0,803616.6
1685036,IT,HU,DAIRY,PLAST,0.03,8035.983,3,3,8035.983,0.0,0.0,0.0,0.0,267866.1
1730927,IT,SE,INTER,ELEC3,0.05,8035.527,3,3,8035.527,0.0,0.0,0.0,0.0,160710.54
1690394,IT,IE,WASTE,FOOD4,0.03,8035.413,3,3,8035.413,0.0,0.0,0.0,0.0,267847.1
1681927,IT,HR,SUGA1,BEVER,0.02,8034.638,3,3,8034.638,0.0,0.0,0.0,0.0,401731.9
1782531,IT,NO,OFFIC,TRAN2,0.02,8034.538,3,3,8034.538,0.0,0.0,0.0,0.0,401726.9
1665535,IT,ES,WEARI,WASTE,0.06,8034.353,4,4,8034.351,0.0,0.0,0.0,0.002,133905.883333
1652201,IT,CZ,DAIRY,PUBLI,0.03,8034.284,3,3,8034.284,0.0,0.0,0.0,0.0,267809.466667
1720203,IT,PL,COPP1,POSTT,0.02,8033.327,3,3,8033.327,0.0,0.0,0.0,0.0,401666.35
1745284,IT,JP,MEAT4,CROPS,0.04,8033.09,3,3,8033.09,0.0,0.0,0.0,0.0,200827.25
1712457,IT,LV,ALUM1,DAIRY,0.01,8033.054,3,3,8033.054,0.0,0.0,0.0,0.0,803305.4
1800972,IT,WE,ALUM1,CHARC,0.01,8032.993,3,3,8032.993,0.0,0.0,0.0,0.0,803299.3
1656596,IT,DE,PRINT,BRICK,0.08,8032.713,3,3,8032.713,0.0,0.0,0.0,0.0,100408.9125
1797746,IT,WL,INTER,RETA1,0.05,8032.264,3,3,8032.264,0.0,0.0,0.0,0.0,160645.28
1746123,IT,JP,KEROS,NAPHT,0.01,8032.107,3,3,8032.107,0.0,0.0,0.0,0.0,803210.7
1665687,IT,ES,PULP5,FINAN,0.02,8031.472,3,3,8031.472,0.0,0.0,0.0,0.0,401573.6
1780286,IT,TW,LANDT,RETA1,0.05,8031.288,3,3,8031.288,0.0,0.0,0.0,0.0,160625.76
1669088,IT,ES,SUPPO,TRAN2,0.06,8031.015,3,3,8031.015,0.0,0.0,0.0,0.0,133850.25
1787731,IT,WA,VEGE1,DIST1,0.02,8030.972,4,4,8030.97,0.0,0.0,0.0,0.002,401548.6
1779878,IT,TR,PUBLI,INSUR,0.13,8030.829,3,3,8030.829,0.0,0.0,0.0,0.0,61775.607692
1674465,IT,FR,BIODI,PRINT,0.02,8030.766,3,3,8030.766,0.0,0.0,0.0,0.0,401538.3
1752423,IT,CA,VEGE1,RAILW,0.02,8030.702,4,4,8030.7,0.0,0.0,0.0,0.002,401535.1
1657111,IT,DE,PLAST,BEVER,0.02,8030.471,3,3,8030.471,0.0,0.0,0.0,0.0,401523.55
1755825,IT,KR,CERAM,HEALT,0.01,8030.444,3,3,8030.444,0.0,0.0,0.0,0.0,803044.4
1790883,IT,WA,OFFIC,ANTHR,0.02,8030.418,3,3,8030.418,0.0,0.0,0.0,0.0,401520.9
1735335,IT,SK,CERAM,SUPPO,0.01,8030.297,3,3,8030.297,0.0,0.0,0.0,0.0,803029.7
1641411,IT,AT,GASDI,ANIMA,0.01,8030.244,3,3,8030.244,0.0,0.0,0.0,0.0,803024.4
1782454,IT,NO,MACHI,LEAD1,0.04,8030.107,3,3,8030.107,0.0,0.0,0.0,0.0,200752.675
1723020,IT,PT,PLAST,BASIC,0.02,8029.9,3,3,8029.9,0.0,0.0,0.0,0.0,401495.0
1791086,IT,WA,TRANS,BIODI,0.05,8029.827,3,3,8029.827,0.0,0.0,0.0,0.0,160596.54
1793618,IT,WL,VEGE1,93197,0.02,8029.826,4,4,8029.824,0.0,0.0,0.0,0.002,401491.3
1715283,IT,NL,PAPER,BASIC,0.03,8029.633,3,3,8029.633,0.0,0.0,0.0,0.0,267654.433333
1688984,IT,IE,MACHI,PLAST,0.04,8029.544,3,3,8029.544,0.0,0.0,0.0,0.0,200738.6
1799311,IT,WE,WOODW,BITUM,0.02,8029.252,3,3,8029.252,0.0,0.0,0.0,0.0,401462.6
1765628,IT,RU,WOODW,RETAI,0.02,8029.039,3,3,8029.039,0.0,0.0,0.0,0.0,401451.95
1718342,IT,PL,BEVER,BITUM,0.03,8029.0,3,3,8029.0,0.0,0.0,0.0,0.0,267633.333333
1661148,IT,DE,RECRE,COMPU,0.1,8028.779,3,3,8028.779,0.0,0.0,0.0,0.0,80287.79
1794906,IT,WL,CHEM1,LEADZ,0.02,8028.591,3,3,8028.591,0.0,0.0,0.0,0.0,401429.55
1811036,IT,WM,HEAVY,MEAT4,0.01,8028.552,3,3,8028.552,0.0,0.0,0.0,0.0,802855.2
1671189,IT,FI,NONME,NICKE,0.02,8028.147,3,3,8028.147,0.0,0.0,0.0,0.0,401407.35
1755680,IT,KR,RUBBE,TRAN1,0.03,8028.118,3,3,8028.118,0.0,0.0,0.0,0.0,267603.933333
1690064,IT,IE,RENTI,NONME,0.05,8027.82,3,3,8027.82,0.0,0.0,0.0,0.0,160556.4
1751093,IT,CN,RETA1,PRINT,0.08,8027.694,3,3,8027.694,0.0,0.0,0.0,0.0,100346.175
1725690,IT,RO,PAPER,FURNI,0.03,8027.479,3,3,8027.479,0.0,0.0,0.0,0.0,267582.633333
1717275,IT,NL,POSTT,RAILW,0.13,8027.333,3,3,8027.333,0.0,0.0,0.0,0.0,61748.715385
1682785,IT,HR,HEAVY,FISH5,0.01,8026.809,3,3,8026.809,0.0,0.0,0.0,0.0,802680.9
1709385,IT,LT,BEVER,MEATC,0.03,8026.426,3,3,8026.426,0.0,0.0,0.0,0.0,267547.533333
1754233,IT,CA,POSTT,NONME,0.13,8026.053,3,3,8026.053,0.0,0.0,0.0,0.0,61738.869231
1715590,IT,NL,LIQUE,GLASS,0.01,8025.826,3,3,8025.826,0.0,0.0,0.0,0.0,802582.6
1731127,IT,SI,NATUR,BEVER,0.01,8025.644,3,3,8025.644,0.0,0.0,0.0,0.0,802564.4
1759889,IT,BR,PAPE1,OFFIC,0.06,8024.198,3,3,8024.198,0.0,0.0,0.0,0.0,133736.633333
1683681,IT,HR,FABRI,RENTI,0.03,8023.244,3,3,8023.244,0.0,0.0,0.0,0.0,267441.466667
1688650,IT,IE,CHEM1,OILSE,0.02,8023.211,3,3,8023.211,0.0,0.0,0.0,0.0,401160.55
1713573,IT,MT,CEMEN,HOTEL,0.01,8022.99,3,3,8022.99,0.0,0.0,0.0,0.0,802299.0
1659825,IT,DE,LANDT,PREC1,0.05,8022.327,3,3,8022.327,0.0,0.0,0.0,0.0,160446.54
1805215,IT,WF,CHEM1,BIOGA,0.02,8021.93,3,3,8021.93,0.0,0.0,0.0,0.0,401096.5
1806009,IT,WF,COPP1,BIOGA,0.02,8021.624,3,3,8021.624,0.0,0.0,0.0,0.0,401081.2
1737914,IT,GB,CHEM1,TOBAC,0.02,8021.53,3,3,8021.53,0.0,0.0,0.0,0.0,401076.5
1781311,IT,NO,VEGE1,PRINT,0.02,8021.449,4,4,8021.447,0.0,0.0,0.0,0.002,401072.45
1751597,IT,CN,POSTT,DISTR,0.13,8021.237,3,3,8021.237,0.0,0.0,0.0,0.0,61701.823077
1711094,IT,LU,ALUM1,RAILW,0.01,8021.048,3,3,8021.048,0.0,0.0,0.0,0.0,802104.8
1681897,IT,HR,DAIRY,OFFIC,0.03,8020.99,3,3,8020.99,0.0,0.0,0.0,0.0,267366.333333
1649247,IT,BG,GASDI,BUSIN,0.01,8020.974,3,3,8020.974,0.0,0.0,0.0,0.0,802097.4
1672217,IT,FI,REALE,WOODW,0.34,8020.222,3,3,8020.222,0.0,0.0,0.0,0.0,23588.888235
1646869,IT,BE,WHOLE,CHEMI,0.07,8019.946,3,3,8019.946,0.0,0.0,0.0,0.0,114570.657143
1645520,IT,BE,PLAST,NONF1,0.02,8019.832,3,3,8019.832,0.0,0.0,0.0,0.0,400991.6
1782417,IT,NO,MACHI,CEREA,0.04,8019.126,3,3,8019.126,0.0,0.0,0.0,0.0,200478.15
1770361,IT,AU,LANDT,CATTL,0.05,8018.891,3,3,8018.891,0.0,0.0,0.0,0.0,160377.82
1667960,IT,ES,TRANS,PAPER,0.05,8018.617,3,3,8018.617,0.0,0.0,0.0,0.0,160372.34
1731438,IT,SI,FOOD5,RENTI,0.04,8017.96,3,3,8017.96,0.0,0.0,0.0,0.0,200449.0
1672712,IT,FR,CHEMI,WHEAT,0.02,8017.876,3,3,8017.876,0.0,0.0,0.0,0.0,400893.8
1722298,IT,PT,CEREA,POULT,0.01,8017.734,3,3,8017.734,0.0,0.0,0.0,0.0,801773.4
1728020,IT,SE,SANDC,INTER,0.02,8017.594,4,4,8015.594,0.0,0.0,2.0,0.0,400879.7
1780239,IT,TW,LANDT,VEGET,0.05,8017.449,3,3,8017.449,0.0,0.0,0.0,0.0,160348.98
1684983,IT,HU,VEGE1,NATUR,0.02,8017.021,4,4,8017.019,0.0,0.0,0.0,0.002,400851.05
1794835,IT,WL,PLAST,RAILW,0.02,8016.762,3,3,8016.762,0.0,0.0,0.0,0.0,400838.1
1794032,IT,WL,PULP5,PFERT,0.02,8016.682,3,3,8016.682,0.0,0.0,0.0,0.0,400834.1
1735321,IT,SK,CERAM,RUBBE,0.01,8016.024,3,3,8016.024,0.0,0.0,0.0,0.0,801602.4
1649644,IT,BG,GLASS,PUBLI,0.02,8016.008,3,3,8016.008,0.0,0.0,0.0,0.0,400800.4
1745104,IT,US,PUBLI,FOOD4,0.13,8015.621,3,3,8015.621,0.0,0.0,0.0,0.0,61658.623077
1680734,IT,GR,RETA1,MACHI,0.08,8015.428,3,3,8015.428,0.0,0.0,0.0,0.0,100192.85
1712359,IT,LV,RUBBE,RECRE,0.03,8015.315,3,3,8015.315,0.0,0.0,0.0,0.0,267177.166667
1644005,IT,AT,BUSIN,CRUDE,0.08,8014.601,3,3,8014.601,0.0,0.0,0.0,0.0,100182.5125
1668199,IT,ES,SALEM,INERT,0.06,8014.218,3,3,8014.218,0.0,0.0,0.0,0.0,133570.3
1811167,IT,WM,NAPHT,BASIC,0.01,8014.033,3,3,8014.033,0.0,0.0,0.0,0.0,801403.3
1646232,IT,BE,LEAD1,PROCE,0.01,8013.96,3,3,8013.96,0.0,0.0,0.0,0.0,801396.0
1725156,IT,RO,MEAT4,RETAI,0.04,8013.956,3,3,8013.956,0.0,0.0,0.0,0.0,200348.9
1690049,IT,IE,RENTI,MEAT1,0.05,8013.808,3,3,8013.808,0.0,0.0,0.0,0.0,160276.16
1794629,IT,WL,LIQUE,GASDI,0.01,8013.696,3,3,8013.696,0.0,0.0,0.0,0.0,801369.6
1667064,IT,ES,NONME,COPP1,0.02,8013.654,3,3,8013.654,0.0,0.0,0.0,0.0,400682.7
1769244,IT,AU,RUBBE,SUGA1,0.03,8013.399,3,3,8013.399,0.0,0.0,0.0,0.0,267113.3
1744867,IT,US,BUSIN,RAWMI,0.08,8013.036,3,3,8013.036,0.0,0.0,0.0,0.0,100162.95
1725121,IT,RO,CHEMI,FOUND,0.02,8012.117,3,3,8012.117,0.0,0.0,0.0,0.0,400605.85
1765279,IT,RU,VEGE1,BRICK,0.02,8011.309,4,4,8011.307,0.0,0.0,0.0,0.002,400565.45
1797954,IT,WL,FOOD4,RESEA,0.06,8011.096,3,3,8011.096,0.0,0.0,0.0,0.0,133518.266667
1736448,IT,SK,LANDT,AIRTR,0.05,8010.863,3,3,8010.863,0.0,0.0,0.0,0.0,160217.26
1810417,IT,WM,PULP5,WEARI,0.02,8010.239,3,3,8010.239,0.0,0.0,0.0,0.0,400511.95
1726562,IT,RO,OFFIC,DISTR,0.02,8009.505,3,3,8009.505,0.0,0.0,0.0,0.0,400475.25
1642682,IT,AT,FABRI,PLAS1,0.03,8009.407,3,3,8009.407,0.0,0.0,0.0,0.0,266980.233333
1751154,IT,CN,HOTEL,WOOLS,0.06,8009.344,3,3,8009.344,0.0,0.0,0.0,0.0,133489.066667
1739173,IT,GB,RETA1,HEAVY,0.08,8009.198,3,3,8009.198,0.0,0.0,0.0,0.0,100114.975
1686504,IT,HU,PREC1,COLLE,0.01,8009.17,3,3,8009.17,0.0,0.0,0.0,0.0,800917.0
1806692,IT,WF,WHOLE,BEVER,0.07,8009.045,3,3,8009.045,0.0,0.0,0.0,0.0,114414.928571
1677150,IT,FR,POSTT,TEXTI,0.13,8008.959,3,3,8008.959,0.0,0.0,0.0,0.0,61607.376923
1760691,IT,IN,PAPER,BRICK,0.03,8008.912,3,3,8008.912,0.0,0.0,0.0,0.0,266963.733333
1810194,IT,WM,WEARI,FOOD4,0.06,8008.093,4,4,8008.091,0.0,0.0,0.0,0.002,133468.216667
1688416,IT,IE,BEVER,ALUM1,0.03,8008.019,3,3,8008.019,0.0,0.0,0.0,0.0,266933.966667
1647480,IT,BE,SUPPO,SUGA1,0.06,8007.891,3,3,8007.891,0.0,0.0,0.0,0.0,133464.85
1752820,IT,CA,PAPER,ALUM1,0.03,8007.229,3,3,8007.229,0.0,0.0,0.0,0.0,266907.633333
1788220,IT,WA,LEATH,COKIN,0.06,8007.207,3,3,8007.207,0.0,0.0,0.0,0.0,133453.45
1766532,IT,RU,COPP1,PARAF,0.02,8007.012,3,3,8007.012,0.0,0.0,0.0,0.0,400350.6
1758262,IT,BR,PREC1,MEDIC,0.01,8006.705,3,3,8006.705,0.0,0.0,0.0,0.0,800670.5
1669186,IT,ES,POSTT,ELEC1,0.13,8006.022,3,3,8006.022,0.0,0.0,0.0,0.0,61584.784615
1757419,IT,BR,WOODW,BUSIN,0.02,8005.805,3,3,8005.805,0.0,0.0,0.0,0.0,400290.25
1738970,IT,GB,CONST,COMPU,0.04,8005.433,3,3,8005.433,0.0,0.0,0.0,0.0,200135.825
1676573,IT,FR,HOTEL,NFERT,0.06,8005.269,3,3,8005.269,0.0,0.0,0.0,0.0,133421.15
1739946,IT,GB,INSUR,HEALT,0.16,8005.114,3,3,8005.114,0.0,0.0,0.0,0.0,50031.9625
1803995,IT,WF,LEATH,WHOLE,0.06,8004.218,3,3,8004.218,0.0,0.0,0.0,0.0,133403.633333
1675522,IT,FR,OFFIC,PAPE1,0.02,8003.894,3,3,8003.894,0.0,0.0,0.0,0.0,400194.7
1714978,IT,NL,FISH5,BUSIN,0.03,8003.798,4,4,8003.794,0.0,0.0,0.0,0.004,266793.266667
1781195,IT,NO,VEGET,PLAST,0.03,8002.873,3,3,8002.873,0.0,0.0,0.0,0.0,266762.433333
1762106,IT,IN,RAILW,BITUM,0.05,8002.182,3,3,8002.182,0.0,0.0,0.0,0.0,160043.64
1678741,IT,GR,SUGA1,CATTL,0.02,8002.168,3,3,8002.168,0.0,0.0,0.0,0.0,400108.4
1736355,IT,SK,RAILW,POSTT,0.05,8001.912,3,3,8001.912,0.0,0.0,0.0,0.0,160038.24
1747341,IT,JP,RETA1,PAPER,0.08,8001.63,3,3,8001.63,0.0,0.0,0.0,0.0,100020.375
1667348,IT,ES,LEAD1,OFFIC,0.01,8001.347,3,3,8001.347,0.0,0.0,0.0,0.0,800134.7
1666617,IT,ES,CHEM1,HOTEL,0.02,8000.832,3,3,8000.832,0.0,0.0,0.0,0.0,400041.6
1640248,IT,AT,FISHF,SUPPO,0.01,8000.763,3,3,8000.763,0.0,0.0,0.0,0.0,800076.3
1727496,IT,RO,AUXIL,ELEC4,0.15,8000.542,3,3,8000.542,0.0,0.0,0.0,0.0,53336.946667
1780592,IT,TW,INSUR,LEATH,0.16,7999.36,3,3,7999.36,0.0,0.0,0.0,0.0,49996.0
1669523,IT,ES,AUXIL,RECRE,0.15,7999.075,3,3,7999.075,0.0,0.0,0.0,0.0,53327.166667
1710634,IT,LU,MEATP,RENTI,0.03,7998.591,3,3,7998.591,0.0,0.0,0.0,0.0,266619.7
1726202,IT,RO,BRICK,BRICK,0.01,7998.529,3,3,7998.529,0.0,0.0,0.0,0.0,799852.9
1752206,IT,CN,PUBLI,RAILW,0.13,7998.238,3,3,7998.238,0.0,0.0,0.0,0.0,61524.907692
1651157,IT,BG,BUSIN,MEAT1,0.08,7998.139,3,3,7998.139,0.0,0.0,0.0,0.0,99976.7375
1725236,IT,RO,FOOD5,GASDI,0.04,7998.077,3,3,7998.077,0.0,0.0,0.0,0.0,199951.925
1685165,IT,HU,BEVER,TEXTI,0.03,7997.62,3,3,7997.62,0.0,0.0,0.0,0.0,266587.333333
1762705,IT,IN,BUSIN,BEVER,0.08,7997.5,3,3,7997.5,0.0,0.0,0.0,0.0,99968.75
1771595,IT,CH,TEXTI,AUXIL,0.05,7996.483,3,3,7996.483,0.0,0.0,0.0,0.0,159929.66
1658780,IT,DE,MOTO1,FISH5,0.04,7996.454,3,3,7996.454,0.0,0.0,0.0,0.0,199911.35
1681857,IT,HR,VEGE1,ELEC4,0.02,7996.269,4,4,7996.267,0.0,0.0,0.0,0.002,399813.45
1664170,IT,EE,RUBBE,INERT,0.03,7996.233,3,3,7996.233,0.0,0.0,0.0,0.0,266541.1
1781283,IT,NO,MEAT4,FISH5,0.04,7996.141,3,3,7996.141,0.0,0.0,0.0,0.0,199903.525
1734994,IT,SK,PLAST,CEREA,0.02,7996.091,3,3,7996.091,0.0,0.0,0.0,0.0,399804.55
1761616,IT,IN,FABRI,COKIN,0.03,7996.0,3,3,7996.0,0.0,0.0,0.0,0.0,266533.333333
1800156,IT,WE,NONSP,VEGE1,0.01,7995.762,3,3,7995.762,0.0,0.0,0.0,0.0,799576.2
1765620,IT,RU,WOODW,RADIO,0.02,7995.611,3,3,7995.611,0.0,0.0,0.0,0.0,399780.55
1811821,IT,WM,BIODI,93197,0.02,7993.988,3,3,7993.988,0.0,0.0,0.0,0.0,399699.4
1642588,IT,AT,FABRI,IRONO,0.03,7993.903,3,3,7993.903,0.0,0.0,0.0,0.0,266463.433333
1729117,IT,SE,GLASS,POULT,0.02,7993.703,3,3,7993.703,0.0,0.0,0.0,0.0,399685.15
1740471,IT,GB,FOOD4,INERT,0.06,7993.597,3,3,7993.597,0.0,0.0,0.0,0.0,133226.616667
1733838,IT,SI,TRAN2,TRANS,0.01,7993.447,3,3,7993.447,0.0,0.0,0.0,0.0,799344.7
1733449,IT,SI,CONST,BUSIN,0.04,7993.3,3,3,7993.3,0.0,0.0,0.0,0.0,199832.5
1797068,IT,WL,SUPPO,AUXIL,0.06,7993.216,3,3,7993.216,0.0,0.0,0.0,0.0,133220.266667
1688240,IT,IE,VEGET,MEAT1,0.03,7993.137,3,3,7993.137,0.0,0.0,0.0,0.0,266437.9
1713335,IT,MT,KERO1,RECRE,0.01,7993.113,3,3,7993.113,0.0,0.0,0.0,0.0,799311.3
1752852,IT,CA,PRINT,POSTT,0.08,7992.645,3,3,7992.645,0.0,0.0,0.0,0.0,99908.0625
1648968,IT,BG,LEATH,OILSE,0.06,7992.167,3,3,7992.167,0.0,0.0,0.0,0.0,133202.783333
1765436,IT,RU,TEXTI,MACHI,0.05,7992.159,3,3,7992.159,0.0,0.0,0.0,0.0,159843.18
1668540,IT,ES,HOTEL,MEDIC,0.06,7991.959,3,3,7991.959,0.0,0.0,0.0,0.0,133199.316667
1792377,IT,WA,FINAN,RECRE,0.1,7991.684,3,3,7991.684,0.0,0.0,0.0,0.0,79916.84
1661934,IT,DK,PRINT,MEMBE,0.08,7991.461,3,3,7991.461,0.0,0.0,0.0,0.0,99893.2625
1730843,IT,SE,BUSIN,WASTE,0.08,7990.755,3,3,7990.755,0.0,0.0,0.0,0.0,99884.4375
1713412,IT,MT,NONSP,CERAM,0.01,7990.615,3,3,7990.615,0.0,0.0,0.0,0.0,799061.5
1728299,IT,SE,BEVER,STEAM,0.03,7990.247,3,3,7990.247,0.0,0.0,0.0,0.0,266341.566667
1740437,IT,GB,FOOD2,WHOLE,0.05,7990.24,3,3,7990.24,0.0,0.0,0.0,0.0,159804.8
1712555,IT,LV,MACHI,FOOD5,0.04,7990.106,3,3,7990.106,0.0,0.0,0.0,0.0,199752.65
1679119,IT,GR,PAPER,BIODI,0.03,7990.047,3,3,7990.047,0.0,0.0,0.0,0.0,266334.9
1752299,IT,CA,CHEMI,NATUR,0.02,7989.802,3,3,7989.802,0.0,0.0,0.0,0.0,399490.1
1777680,IT,TR,COPP1,PRINT,0.02,7989.689,3,3,7989.689,0.0,0.0,0.0,0.0,399484.45
1724647,IT,PT,FINAN,MEMBE,0.1,7989.641,3,3,7989.641,0.0,0.0,0.0,0.0,79896.41
1686238,IT,HU,CERAM,WEARI,0.01,7989.418,3,3,7989.418,0.0,0.0,0.0,0.0,798941.8
1653682,IT,CZ,ALUM1,INTER,0.01,7989.388,3,3,7989.388,0.0,0.0,0.0,0.0,798938.8
1813746,IT,WM,HOTEL,CEMEN,0.06,7988.77,3,3,7988.77,0.0,0.0,0.0,0.0,133146.166667
1811911,IT,WM,RUBBE,BIOG1,0.03,7988.615,3,3,7988.615,0.0,0.0,0.0,0.0,266287.166667
1766293,IT,RU,CERAM,EDUCA,0.01,7988.397,3,3,7988.397,0.0,0.0,0.0,0.0,798839.7
1682584,IT,HR,MOTOR,93197,0.01,7987.164,3,3,7987.164,0.0,0.0,0.0,0.0,798716.4
1715719,IT,NL,PLAST,BASIC,0.02,7986.851,3,3,7986.851,0.0,0.0,0.0,0.0,399342.55
1687442,IT,HU,RAILW,NAPHT,0.05,7986.693,3,3,7986.693,0.0,0.0,0.0,0.0,159733.86
1780202,IT,TW,RAILW,PRINT,0.05,7986.174,3,3,7986.174,0.0,0.0,0.0,0.0,159723.48
1762673,IT,IN,RESEA,COLLE,0.04,7985.875,3,3,7985.875,0.0,0.0,0.0,0.0,199646.875
1791900,IT,WA,TRAN2,LIQUE,0.01,7985.627,3,3,7985.627,0.0,0.0,0.0,0.0,798562.7
1737857,IT,GB,PLAST,NFERT,0.02,7984.871,3,3,7984.871,0.0,0.0,0.0,0.0,399243.55
1721565,IT,PL,SUPPO,EDUCA,0.06,7984.843,3,3,7984.843,0.0,0.0,0.0,0.0,133080.716667
1683513,IT,HR,ALUM1,TEXTI,0.01,7984.675,3,3,7984.675,0.0,0.0,0.0,0.0,798467.5
1800569,IT,WE,GLASS,OILSE,0.02,7984.554,3,3,7984.554,0.0,0.0,0.0,0.0,399227.7
1785536,IT,ZA,AVIAT,MACHI,0.02,7984.308,3,3,7984.308,0.0,0.0,0.0,0.0,399215.4
1658930,IT,DE,FURNI,RETAI,0.03,7983.622,3,3,7983.622,0.0,0.0,0.0,0.0,266120.733333
1683246,IT,HR,CERAM,MOTO1,0.01,7982.921,3,3,7982.921,0.0,0.0,0.0,0.0,798292.1
1686343,IT,HU,NONME,COLLE,0.02,7982.823,3,3,7982.823,0.0,0.0,0.0,0.0,399141.15
1738755,IT,GB,OFFIC,FISH5,0.02,7982.612,3,3,7982.612,0.0,0.0,0.0,0.0,399130.6
1759443,IT,BR,INSUR,HEALT,0.16,7982.256,3,3,7982.256,0.0,0.0,0.0,0.0,49889.1
1728727,IT,SE,MOTOR,FOOD2,0.01,7982.232,3,3,7982.232,0.0,0.0,0.0,0.0,798223.2
1812970,IT,WM,MACHI,CHARC,0.04,7981.867,3,3,7981.867,0.0,0.0,0.0,0.0,199546.675
1657328,IT,DE,ADDIT,BIODI,0.02,7981.784,3,3,7981.784,0.0,0.0,0.0,0.0,399089.2
1719974,IT,PL,PREC1,TEXT2,0.01,7981.14,3,3,7981.14,0.0,0.0,0.0,0.0,798114.0
1740640,IT,US,CRUDE,CERAM,0.02,7980.987,3,3,7980.987,0.0,0.0,0.0,0.0,399049.35
1783814,IT,NO,INERT,INLAN,0.06,7980.788,3,3,7980.788,0.0,0.0,0.0,0.0,133013.133333
1688992,IT,IE,MACHI,ALUM1,0.04,7980.601,3,3,7980.601,0.0,0.0,0.0,0.0,199515.025
1648886,IT,BG,TEXTI,SALEM,0.05,7980.425,3,3,7980.425,0.0,0.0,0.0,0.0,159608.5
1671421,IT,FI,FABRI,LEAD1,0.03,7980.152,3,3,7980.152,0.0,0.0,0.0,0.0,266005.066667
1764491,IT,MX,CONST,PLAST,0.04,7979.794,3,3,7979.794,0.0,0.0,0.0,0.0,199494.85
1809759,IT,WM,FOOD5,SANDC,0.04,7979.627,3,3,7979.627,0.0,0.0,0.0,0.0,199490.675
1745311,IT,JP,MEAT4,ELEC4,0.04,7979.515,3,3,7979.515,0.0,0.0,0.0,0.0,199487.875
1793664,IT,WL,SUGA1,BEVER,0.02,7979.37,3,3,7979.37,0.0,0.0,0.0,0.0,398968.5
1732741,IT,SI,CEMEN,RENTI,0.01,7979.331,3,3,7979.331,0.0,0.0,0.0,0.0,797933.1
1652205,IT,CZ,PROCE,MEATA,0.05,7979.325,3,3,7979.325,0.0,0.0,0.0,0.0,159586.5
1775433,IT,CH,HEALT,CATTL,0.04,7979.026,3,3,7979.026,0.0,0.0,0.0,0.0,199475.65
1775226,IT,CH,RESEA,EDUCA,0.04,7979.004,3,3,7979.004,0.0,0.0,0.0,0.0,199475.1
1649038,IT,BG,WOODW,HOTEL,0.02,7978.952,3,3,7978.952,0.0,0.0,0.0,0.0,398947.6
1671968,IT,FI,LANDT,RADIO,0.05,7978.755,3,3,7978.755,0.0,0.0,0.0,0.0,159575.1
1810433,IT,WM,PULP5,CHARC,0.02,7978.739,3,3,7978.739,0.0,0.0,0.0,0.0,398936.95
1709657,IT,LT,MOTOR,LANDT,0.01,7978.587,3,3,7978.587,0.0,0.0,0.0,0.0,797858.7
1653067,IT,CZ,PLAST,SEWAG,0.02,7978.338,3,3,7978.338,0.0,0.0,0.0,0.0,398916.9
1738923,IT,GB,FURNI,RAILW,0.03,7978.249,3,3,7978.249,0.0,0.0,0.0,0.0,265941.633333
1781277,IT,NO,CHEMI,RESEA,0.02,7978.201,3,3,7978.201,0.0,0.0,0.0,0.0,398910.05
1645285,IT,BE,MOTOR,RECRE,0.01,7977.921,3,3,7977.921,0.0,0.0,0.0,0.0,797792.1
1768835,IT,AU,LEATH,RADIO,0.06,7977.805,3,3,7977.805,0.0,0.0,0.0,0.0,132963.416667
1787330,IT,WA,CROPS,CHARC,0.06,7977.547,3,3,7977.547,0.0,0.0,0.0,0.0,132959.116667
1676194,IT,FR,CONST,ELEC4,0.04,7977.38,3,3,7977.38,0.0,0.0,0.0,0.0,199434.5
1712170,IT,LV,LEATH,SUPPO,0.06,7977.365,3,3,7977.365,0.0,0.0,0.0,0.0,132956.083333
1658861,IT,DE,TRANS,TEXTI,0.05,7977.086,3,3,7977.086,0.0,0.0,0.0,0.0,159541.72
1676485,IT,FR,RETA1,RETAI,0.08,7976.517,3,3,7976.517,0.0,0.0,0.0,0.0,99706.4625
1730015,IT,SE,WHOLE,FORES,0.07,7976.347,3,3,7976.347,0.0,0.0,0.0,0.0,113947.814286
1671124,IT,FI,GLASS,CEMEN,0.02,7976.293,3,3,7976.293,0.0,0.0,0.0,0.0,398814.65
1787956,IT,WA,TOBAC,CHARC,0.03,7976.271,3,3,7976.271,0.0,0.0,0.0,0.0,265875.7
1729973,IT,SE,CONST,COMPU,0.04,7975.932,3,3,7975.932,0.0,0.0,0.0,0.0,199398.3
1749079,IT,CN,WOODW,CROPS,0.02,7975.925,3,3,7975.925,0.0,0.0,0.0,0.0,398796.25
1663752,IT,EE,FOOD5,PLAST,0.04,7975.815,3,3,7975.815,0.0,0.0,0.0,0.0,199395.375
1806652,IT,WF,RETAI,LEADZ,0.06,7975.4,3,3,7975.4,0.0,0.0,0.0,0.0,132923.333333
1726549,IT,RO,OFFIC,CHEM1,0.02,7975.373,3,3,7975.373,0.0,0.0,0.0,0.0,398768.65
1670305,IT,FI,CHEMI,NONME,0.02,7975.276,3,3,7975.276,0.0,0.0,0.0,0.0,398763.8
1682843,IT,HR,LIQUE,MEATC,0.01,7975.218,3,3,7975.218,0.0,0.0,0.0,0.0,797521.8
1802325,IT,WE,TRAN2,INSUR,0.01,7975.032,3,3,7975.032,0.0,0.0,0.0,0.0,797503.2
1769729,IT,AU,MACHI,CHEMI,0.04,7974.925,3,3,7974.925,0.0,0.0,0.0,0.0,199373.125
1682384,IT,HR,PAPER,OILSE,0.03,7974.706,3,3,7974.706,0.0,0.0,0.0,0.0,265823.533333
1682035,IT,HR,BEVER,REALE,0.03,7974.322,3,3,7974.322,0.0,0.0,0.0,0.0,265810.733333
1764103,IT,MX,FABRI,PFERT,0.03,7974.157,3,3,7974.157,0.0,0.0,0.0,0.0,265805.233333
1812018,IT,WM,GLASS,AUXIL,0.02,7974.084,3,3,7974.084,0.0,0.0,0.0,0.0,398704.2
1677563,IT,FR,REALE,SANDC,0.34,7973.939,3,3,7973.939,0.0,0.0,0.0,0.0,23452.761765
1741175,IT,US,LEATH,RETAI,0.06,7973.832,3,3,7973.832,0.0,0.0,0.0,0.0,132897.2
1753278,IT,CA,NONME,KEROS,0.02,7972.873,3,3,7972.873,0.0,0.0,0.0,0.0,398643.65
1649327,IT,BG,PLAST,GASDI,0.02,7972.863,3,3,7972.863,0.0,0.0,0.0,0.0,398643.15
1806717,IT,WF,WHOLE,BASIC,0.07,7972.451,3,3,7972.451,0.0,0.0,0.0,0.0,113892.157143
1786429,IT,ZA,OFFIC,FABRI,0.02,7972.366,3,3,7972.366,0.0,0.0,0.0,0.0,398618.3
1656807,IT,DE,GASDI,CHEM1,0.01,7972.331,3,3,7972.331,0.0,0.0,0.0,0.0,797233.1
1674273,IT,FR,PARAF,BITU1,0.01,7972.09,3,3,7972.09,0.0,0.0,0.0,0.0,797209.0
1785971,IT,ZA,RUBBE,RETAI,0.03,7972.067,3,3,7972.067,0.0,0.0,0.0,0.0,265735.566667
1719591,IT,PL,CERAM,LEATH,0.01,7972.008,3,3,7972.008,0.0,0.0,0.0,0.0,797200.8
1671279,IT,FI,PREC1,TEXTI,0.01,7971.433,3,3,7971.433,0.0,0.0,0.0,0.0,797143.3
1688896,IT,IE,COPP1,LIQUE,0.02,7970.745,3,3,7970.745,0.0,0.0,0.0,0.0,398537.25
1802047,IT,WE,WHOLE,AIRTR,0.07,7970.219,3,3,7970.219,0.0,0.0,0.0,0.0,113860.271429
1710602,IT,LU,FORES,WOODW,0.07,7970.043,4,4,7967.043,0.0,3.0,0.0,0.0,113857.757143
1680227,IT,GR,TRANS,COPP1,0.05,7969.976,3,3,7969.976,0.0,0.0,0.0,0.0,159399.52
1716934,IT,NL,RAILW,HEAVY,0.05,7969.668,3,3,7969.668,0.0,0.0,0.0,0.0,159393.36
1787570,IT,WA,MEATC,ANIMA,0.03,7969.328,3,3,7969.328,0.0,0.0,0.0,0.0,265644.266667
1727288,IT,RO,POSTT,NATUR,0.13,7969.286,3,3,7969.286,0.0,0.0,0.0,0.0,61302.2
1640519,IT,AT,SUGA1,REALE,0.02,7969.243,3,3,7969.243,0.0,0.0,0.0,0.0,398462.15
1736242,IT,SK,RETA1,SUPPO,0.08,7968.941,3,3,7968.941,0.0,0.0,0.0,0.0,99611.7625
1737568,IT,GB,PULP5,BUSIN,0.02,7968.753,3,3,7968.753,0.0,0.0,0.0,0.0,398437.65
1751498,IT,CN,SUPPO,FISHF,0.06,7968.537,3,3,7968.537,0.0,0.0,0.0,0.0,132808.95
1685656,IT,HU,GASDI,SALEM,0.01,7968.425,3,3,7968.425,0.0,0.0,0.0,0.0,796842.5
1769096,IT,AU,PLAST,CONST,0.02,7968.333,3,3,7968.333,0.0,0.0,0.0,0.0,398416.65
1797294,IT,WL,AUXIL,CATTL,0.15,7968.115,3,3,7968.115,0.0,0.0,0.0,0.0,53120.766667
1751599,IT,CN,POSTT,COLLE,0.13,7967.952,3,3,7967.952,0.0,0.0,0.0,0.0,61291.938462
1765653,IT,RU,PAPER,CRUDE,0.03,7967.743,3,3,7967.743,0.0,0.0,0.0,0.0,265591.433333
1710949,IT,LU,RUBBE,MEDIC,0.03,7967.643,3,3,7967.643,0.0,0.0,0.0,0.0,265588.1
1686617,IT,HU,LEAD1,KEROS,0.01,7967.532,3,3,7967.532,0.0,0.0,0.0,0.0,796753.2
1734518,IT,SK,DAIRY,PIGS9,0.03,7967.437,3,3,7967.437,0.0,0.0,0.0,0.0,265581.233333
1804852,IT,WF,BITU1,NATU1,0.01,7967.238,3,3,7967.238,0.0,0.0,0.0,0.0,796723.8
1685099,IT,HU,FOOD5,PULP5,0.04,7967.144,3,3,7967.144,0.0,0.0,0.0,0.0,199178.6
1809180,IT,WM,MEATA,CRUDE,0.04,7966.987,3,3,7966.987,0.0,0.0,0.0,0.0,199174.675
1736228,IT,SK,RETA1,BRICK,0.08,7966.698,3,3,7966.698,0.0,0.0,0.0,0.0,99583.725
1802247,IT,WE,LANDT,CROPS,0.05,7966.331,3,3,7966.331,0.0,0.0,0.0,0.0,159326.62
1741512,IT,US,KEROS,POULT,0.01,7966.28,3,3,7966.28,0.0,0.0,0.0,0.0,796628.0
1731224,IT,SI,CHEMI,RECRE,0.02,7965.858,3,3,7965.858,0.0,0.0,0.0,0.0,398292.9
1673866,IT,FR,PRINT,PLAS1,0.08,7965.132,3,3,7965.132,0.0,0.0,0.0,0.0,99564.15
1730194,IT,SE,LANDT,ELEC5,0.05,7964.994,3,3,7964.994,0.0,0.0,0.0,0.0,159299.88
1767376,IT,RU,LANDT,CRUDE,0.05,7964.929,3,3,7964.929,0.0,0.0,0.0,0.0,159298.58
1783435,IT,NO,INTER,TEXT1,0.05,7964.648,3,3,7964.648,0.0,0.0,0.0,0.0,159292.96
1805576,IT,WF,CEMEN,MEAT4,0.01,7964.366,3,3,7964.366,0.0,0.0,0.0,0.0,796436.6
1784776,IT,ID,HOTEL,FOOD5,0.06,7964.015,3,3,7964.015,0.0,0.0,0.0,0.0,132733.583333
1780731,IT,TW,REALE,LANDT,0.34,7963.066,3,3,7963.066,0.0,0.0,0.0,0.0,23420.782353
1672877,IT,FR,VEGE1,BRICK,0.02,7962.689,4,4,7962.687,0.0,0.0,0.0,0.002,398134.45
1801323,IT,WE,MACHI,LUBRI,0.04,7962.491,3,3,7962.491,0.0,0.0,0.0,0.0,199062.275
1641475,IT,AT,GASDI,FOODW,0.01,7962.441,3,3,7962.441,0.0,0.0,0.0,0.0,796244.1
1687703,IT,HU,SUPPO,PIGS9,0.06,7962.267,3,3,7962.267,0.0,0.0,0.0,0.0,132704.45
1755270,IT,KR,PAPER,BIODI,0.03,7962.012,3,3,7962.012,0.0,0.0,0.0,0.0,265400.4
1800355,IT,WE,CHEM1,PAPER,0.02,7961.991,3,3,7961.991,0.0,0.0,0.0,0.0,398099.55
1647472,IT,BE,SUPPO,SANDC,0.06,7961.774,3,3,7961.774,0.0,0.0,0.0,0.0,132696.233333
1736045,IT,SK,FURNI,GASDI,0.03,7961.7,3,3,7961.7,0.0,0.0,0.0,0.0,265390.0
1783861,IT,NO,TEXT2,OILHA,0.06,7961.688,3,3,7961.688,0.0,0.0,0.0,0.0,132694.8
1642728,IT,AT,MACHI,HEAVY,0.04,7961.675,3,3,7961.675,0.0,0.0,0.0,0.0,199041.875
1746419,IT,JP,RUBBE,FINAN,0.03,7961.569,3,3,7961.569,0.0,0.0,0.0,0.0,265385.633333
1661818,IT,DK,WOODW,SUPPO,0.02,7961.358,3,3,7961.358,0.0,0.0,0.0,0.0,398067.9
1732892,IT,SI,PREC1,PAPER,0.01,7961.295,3,3,7961.295,0.0,0.0,0.0,0.0,796129.5
1671477,IT,FI,MACHI,FISHF,0.04,7961.195,3,3,7961.195,0.0,0.0,0.0,0.0,199029.875
1720148,IT,PL,COPP1,LEATH,0.02,7961.153,3,3,7961.153,0.0,0.0,0.0,0.0,398057.65
1735999,IT,SK,TRANS,RUBBE,0.05,7960.928,3,3,7960.928,0.0,0.0,0.0,0.0,159218.56
1790911,IT,WA,OFFIC,BASIC,0.02,7960.523,3,3,7960.523,0.0,0.0,0.0,0.0,398026.15
1787717,IT,WA,VEGE1,BIOGA,0.02,7960.487,4,4,7960.485,0.0,0.0,0.0,0.002,398024.35
1673437,IT,FR,WEARI,ELEC8,0.06,7960.41,4,4,7960.408,0.0,0.0,0.0,0.002,132673.5
1803692,IT,WF,BEVER,DIST1,0.03,7960.207,3,3,7960.207,0.0,0.0,0.0,0.0,265340.233333
1781658,IT,NO,LEATH,ELEC4,0.06,7960.201,3,3,7960.201,0.0,0.0,0.0,0.0,132670.016667
1740059,IT,GB,RENTI,LANDT,0.05,7960.186,3,3,7960.186,0.0,0.0,0.0,0.0,159203.72
1735665,IT,SK,FABRI,MEATP,0.03,7959.841,3,3,7959.841,0.0,0.0,0.0,0.0,265328.033333
1665494,IT,ES,WEARI,MEDIC,0.06,7959.515,4,4,7959.513,0.0,0.0,0.0,0.002,132658.583333
1804893,IT,WF,BITU1,PREC1,0.01,7959.223,3,3,7959.223,0.0,0.0,0.0,0.0,795922.3
1673263,IT,FR,FISH5,SUPPO,0.03,7959.169,4,4,7959.165,0.0,0.0,0.0,0.004,265305.633333
1759980,IT,BR,PLAS1,MEMBE,0.03,7958.907,3,3,7958.907,0.0,0.0,0.0,0.0,265296.9
1649241,IT,BG,GASDI,SALEM,0.01,7958.758,3,3,7958.758,0.0,0.0,0.0,0.0,795875.8
1655139,IT,CZ,BUSIN,GASDI,0.08,7958.146,3,3,7958.146,0.0,0.0,0.0,0.0,99476.825
1736321,IT,SK,RAILW,MEATA,0.05,7957.807,3,3,7957.807,0.0,0.0,0.0,0.0,159156.14
1782852,IT,NO,LANDT,SUPPO,0.05,7957.593,3,3,7957.593,0.0,0.0,0.0,0.0,159151.86
1741726,IT,US,NAPHT,PETRO,0.01,7957.544,3,3,7957.544,0.0,0.0,0.0,0.0,795754.4
1762671,IT,IN,RESEA,PRINT,0.04,7957.484,3,3,7957.484,0.0,0.0,0.0,0.0,198937.1
1727987,IT,SE,STONE,BUSIN,0.03,7957.233,3,3,7957.233,0.0,0.0,0.0,0.0,265241.1
1785687,IT,ZA,LIQUE,PUBLI,0.01,7957.227,3,3,7957.227,0.0,0.0,0.0,0.0,795722.7
1784516,IT,ID,FABRI,MEDIC,0.03,7956.728,3,3,7956.728,0.0,0.0,0.0,0.0,265224.266667
1730111,IT,SE,RETA1,93197,0.08,7955.803,3,3,7955.803,0.0,0.0,0.0,0.0,99447.5375
1715804,IT,NL,RUBBE,MEAT4,0.03,7955.199,3,3,7955.199,0.0,0.0,0.0,0.0,265173.3
1735583,IT,SK,ALUM1,HEALT,0.01,7955.006,3,3,7955.006,0.0,0.0,0.0,0.0,795500.6
1653294,IT,CZ,RUBBE,FOOD3,0.03,7955.0,3,3,7955.0,0.0,0.0,0.0,0.0,265166.666667
1683558,IT,HR,LEAD1,FURNI,0.01,7954.972,3,3,7954.972,0.0,0.0,0.0,0.0,795497.2
1794329,IT,WL,MOTOR,ELEC6,0.01,7954.795,3,3,7954.795,0.0,0.0,0.0,0.0,795479.5
1656154,IT,DE,TEXTI,OILSE,0.05,7954.321,3,3,7954.321,0.0,0.0,0.0,0.0,159086.42
1772019,IT,CH,PRINT,TEXTI,0.08,7954.113,3,3,7954.113,0.0,0.0,0.0,0.0,99426.4125
1804693,IT,WF,LIQUE,BRICK,0.01,7953.182,3,3,7953.182,0.0,0.0,0.0,0.0,795318.2
1775408,IT,CH,PUBLI,INSUR,0.13,7953.172,3,3,7953.172,0.0,0.0,0.0,0.0,61178.246154
1673247,IT,FR,FISH5,RUBBE,0.03,7952.766,4,4,7952.762,0.0,0.0,0.0,0.004,265092.2
1714275,IT,MT,BUSIN,FURNI,0.08,7952.746,3,3,7952.746,0.0,0.0,0.0,0.0,99409.325
1790611,IT,WA,FABRI,IRONO,0.03,7952.467,3,3,7952.467,0.0,0.0,0.0,0.0,265082.233333
1711901,IT,LU,FOOD2,FABRI,0.05,7952.2,3,3,7952.2,0.0,0.0,0.0,0.0,159044.0
1653376,IT,CZ,GLASS,FOOD4,0.02,7952.163,3,3,7952.163,0.0,0.0,0.0,0.0,397608.15
1669355,IT,ES,FINAN,FOOD1,0.1,7951.652,3,3,7951.652,0.0,0.0,0.0,0.0,79516.52
1765806,IT,RU,KEROS,WHOLE,0.01,7951.474,3,3,7951.474,0.0,0.0,0.0,0.0,795147.4
1793460,IT,WL,STONE,RUBBE,0.03,7951.296,3,3,7951.296,0.0,0.0,0.0,0.0,265043.2
1720965,IT,PL,WHOLE,MOTO1,0.07,7951.1,3,3,7951.1,0.0,0.0,0.0,0.0,113587.142857
1711862,IT,LU,PLAS1,HOTEL,0.03,7950.949,3,3,7950.949,0.0,0.0,0.0,0.0,265031.633333
1745023,IT,US,PUBLI,HEAVY,0.13,7950.899,3,3,7950.899,0.0,0.0,0.0,0.0,61160.761538
1749143,IT,CN,WOODW,RENTI,0.02,7950.877,3,3,7950.877,0.0,0.0,0.0,0.0,397543.85
1772730,IT,CH,CEMEN,GLASS,0.01,7950.814,3,3,7950.814,0.0,0.0,0.0,0.0,795081.4
1746319,IT,JP,ADDIT,TEXTI,0.02,7950.323,3,3,7950.323,0.0,0.0,0.0,0.0,397516.15
1666979,IT,ES,CERAM,FOOD4,0.01,7949.43,3,3,7949.43,0.0,0.0,0.0,0.0,794943.0
1782778,IT,NO,HOTEL,HEAVY,0.06,7948.744,3,3,7948.744,0.0,0.0,0.0,0.0,132479.066667
1750802,IT,CN,FURNI,TOBAC,0.03,7948.727,3,3,7948.727,0.0,0.0,0.0,0.0,264957.566667
1645004,IT,BE,WOODW,93197,0.02,7948.638,3,3,7948.638,0.0,0.0,0.0,0.0,397431.9
1715646,IT,NL,NAPHT,ALUM1,0.01,7947.991,3,3,7947.991,0.0,0.0,0.0,0.0,794799.1
1670432,IT,FI,FOOD5,FURNI,0.04,7947.893,3,3,7947.893,0.0,0.0,0.0,0.0,198697.325
1715755,IT,NL,BIODI,RAWMI,0.02,7947.306,3,3,7947.306,0.0,0.0,0.0,0.0,397365.3
1665493,IT,ES,WEARI,RADIO,0.06,7946.502,4,4,7946.5,0.0,0.0,0.0,0.002,132441.7
1790203,IT,WA,PREC1,FISH5,0.01,7946.422,3,3,7946.422,0.0,0.0,0.0,0.0,794642.2
1720144,IT,PL,COPP1,FOOD5,0.02,7946.38,3,3,7946.38,0.0,0.0,0.0,0.0,397319.0
1716716,IT,NL,WHOLE,WOOD1,0.07,7946.369,3,3,7946.369,0.0,0.0,0.0,0.0,113519.557143
1656277,IT,DE,LEATH,SUGAR,0.06,7946.363,3,3,7946.363,0.0,0.0,0.0,0.0,132439.383333
1758649,IT,BR,FURNI,NAPHT,0.03,7946.115,3,3,7946.115,0.0,0.0,0.0,0.0,264870.5
1683790,IT,HR,OFFIC,WEARI,0.02,7945.806,3,3,7945.806,0.0,0.0,0.0,0.0,397290.3
1788592,IT,WA,PAPER,FINAN,0.03,7945.787,3,3,7945.787,0.0,0.0,0.0,0.0,264859.566667
1645056,IT,BE,PAPER,REFI1,0.03,7945.447,3,3,7945.447,0.0,0.0,0.0,0.0,264848.233333
1811762,IT,WM,ADDIT,BRICK,0.02,7945.434,3,3,7945.434,0.0,0.0,0.0,0.0,397271.7
1642036,IT,AT,RUBBE,OILHA,0.03,7945.199,3,3,7945.199,0.0,0.0,0.0,0.0,264839.966667
1810153,IT,WM,WEARI,NAPHT,0.06,7944.882,4,4,7944.88,0.0,0.0,0.0,0.002,132414.7
1755660,IT,KR,RUBBE,CERAM,0.03,7944.07,3,3,7944.07,0.0,0.0,0.0,0.0,264802.333333
1747861,IT,JP,RENTI,CERAM,0.05,7943.631,3,3,7943.631,0.0,0.0,0.0,0.0,158872.62
1805283,IT,WF,ADDIT,MEAT1,0.02,7943.597,3,3,7943.597,0.0,0.0,0.0,0.0,397179.85
1676917,IT,FR,INLAN,FOOD5,0.01,7943.456,3,3,7943.456,0.0,0.0,0.0,0.0,794345.6
1664835,IT,ES,CROPS,FOOD5,0.06,7943.415,3,3,7943.415,0.0,0.0,0.0,0.0,132390.25
1787719,IT,WA,VEGE1,RUBBE,0.02,7942.95,4,4,7942.948,0.0,0.0,0.0,0.002,397147.5
1781334,IT,NO,VEGE1,EDUCA,0.02,7942.867,4,4,7942.865,0.0,0.0,0.0,0.002,397143.35
1688878,IT,IE,ALUM1,RUBBE,0.01,7942.71,3,3,7942.71,0.0,0.0,0.0,0.0,794271.0
1678131,IT,FR,PLAS1,DAIRY,0.03,7942.439,3,3,7942.439,0.0,0.0,0.0,0.0,264747.966667
1668075,IT,ES,FURNI,FOOD1,0.03,7942.389,3,3,7942.389,0.0,0.0,0.0,0.0,264746.3
1719717,IT,PL,NONME,DISTR,0.02,7942.192,3,3,7942.192,0.0,0.0,0.0,0.0,397109.6
1737269,IT,GB,FOOD5,RUBBE,0.04,7941.583,3,3,7941.583,0.0,0.0,0.0,0.0,198539.575
1664805,IT,ES,VEGET,FURNI,0.03,7941.537,3,3,7941.537,0.0,0.0,0.0,0.0,264717.9
1797048,IT,WL,SUPPO,PREC1,0.06,7941.403,3,3,7941.403,0.0,0.0,0.0,0.0,132356.716667
1676437,IT,FR,RETA1,MEATA,0.08,7941.214,3,3,7941.214,0.0,0.0,0.0,0.0,99265.175
1726724,IT,RO,FURNI,ELEC1,0.03,7941.204,3,3,7941.204,0.0,0.0,0.0,0.0,264706.8
1715708,IT,NL,PLAST,GASDI,0.02,7941.146,3,3,7941.146,0.0,0.0,0.0,0.0,397057.3
1795202,IT,WL,GLASS,MOTOR,0.02,7941.135,3,3,7941.135,0.0,0.0,0.0,0.0,397056.75
1749181,IT,CN,PULP5,LEAD1,0.02,7940.843,3,3,7940.843,0.0,0.0,0.0,0.0,397042.15
1732523,IT,SI,RUBBE,CERAM,0.03,7940.651,3,3,7940.651,0.0,0.0,0.0,0.0,264688.366667
1753732,IT,CA,FURNI,ANIMA,0.03,7940.597,3,3,7940.597,0.0,0.0,0.0,0.0,264686.566667
1660689,IT,DE,RENTI,BEVER,0.05,7940.522,3,3,7940.522,0.0,0.0,0.0,0.0,158810.44
1797957,IT,WL,FOOD4,EDUCA,0.06,7940.451,3,3,7940.451,0.0,0.0,0.0,0.0,132340.85
1722374,IT,PT,SANDC,CONST,0.02,7940.241,4,4,7938.241,0.0,0.0,2.0,0.0,397012.05
1678323,IT,FR,WASTE,MACHI,0.03,7940.111,3,3,7940.111,0.0,0.0,0.0,0.0,264670.366667
1686754,IT,HU,COPP1,INERT,0.02,7939.822,3,3,7939.822,0.0,0.0,0.0,0.0,396991.1
1709528,IT,LT,WOODW,WHEAT,0.02,7939.71,3,3,7939.71,0.0,0.0,0.0,0.0,396985.5
1747084,IT,JP,FURNI,ELEC3,0.03,7939.353,3,3,7939.353,0.0,0.0,0.0,0.0,264645.1
1714580,IT,NL,STONE,FOUND,0.03,7939.141,3,3,7939.141,0.0,0.0,0.0,0.0,264638.033333
1787024,IT,ZA,INSUR,RETA1,0.16,7938.925,3,3,7938.925,0.0,0.0,0.0,0.0,49618.28125
1759970,IT,BR,PLAS1,HEALT,0.03,7938.865,3,3,7938.865,0.0,0.0,0.0,0.0,264628.833333
1778736,IT,TR,RAILW,PUBLI,0.05,7938.486,3,3,7938.486,0.0,0.0,0.0,0.0,158769.72
1737171,IT,GB,DAIRY,RAWMI,0.03,7938.478,3,3,7938.478,0.0,0.0,0.0,0.0,264615.933333
1785497,IT,ZA,MOTOR,BITUM,0.01,7937.768,3,3,7937.768,0.0,0.0,0.0,0.0,793776.8
1734974,IT,SK,NAPHT,WOODW,0.01,7937.013,3,3,7937.013,0.0,0.0,0.0,0.0,793701.3
1653117,IT,CZ,CHEM1,LUBRI,0.02,7936.918,3,3,7936.918,0.0,0.0,0.0,0.0,396845.9
1798499,IT,WE,STONE,WHEAT,0.03,7936.295,3,3,7936.295,0.0,0.0,0.0,0.0,264543.166667
1721912,IT,PL,RENTI,SALEM,0.05,7936.107,3,3,7936.107,0.0,0.0,0.0,0.0,158722.14
1688023,IT,HU,RENTI,FOOD4,0.05,7936.016,3,3,7936.016,0.0,0.0,0.0,0.0,158720.32
1735266,IT,SK,GLASS,PAPER,0.02,7935.903,3,3,7935.903,0.0,0.0,0.0,0.0,396795.15
1715480,IT,NL,KEROS,LANDT,0.01,7935.768,3,3,7935.768,0.0,0.0,0.0,0.0,793576.8
1671303,IT,FI,ALUM1,PRINT,0.01,7934.866,3,3,7934.866,0.0,0.0,0.0,0.0,793486.6
1663894,IT,EE,WEARI,RECRE,0.06,7934.689,4,4,7934.687,0.0,0.0,0.0,0.002,132244.816667
1710659,IT,LU,VEGE1,DAIRY,0.02,7934.609,4,4,7934.607,0.0,0.0,0.0,0.002,396730.45
1649062,IT,BG,PAPER,FISHF,0.03,7934.457,3,3,7934.457,0.0,0.0,0.0,0.0,264481.9
1752399,IT,CA,VEGE1,REFIN,0.02,7934.309,4,4,7934.307,0.0,0.0,0.0,0.002,396715.45
1807037,IT,WF,TRAN2,PFERT,0.01,7934.284,3,3,7934.284,0.0,0.0,0.0,0.0,793428.4
1664928,IT,ES,LEADZ,FOUND,0.01,7934.257,3,3,7934.257,0.0,0.0,0.0,0.0,793425.7
1784117,IT,ID,WOODW,RETA1,0.02,7934.199,3,3,7934.199,0.0,0.0,0.0,0.0,396709.95
1717837,IT,PL,VEGET,PIGS9,0.03,7933.83,3,3,7933.83,0.0,0.0,0.0,0.0,264461.0
1749411,IT,CN,KEROS,SANDC,0.01,7933.251,3,3,7933.251,0.0,0.0,0.0,0.0,793325.1
1726981,IT,RO,HOTEL,SECO9,0.06,7933.118,3,3,7933.118,0.0,0.0,0.0,0.0,132218.633333
1712391,IT,LV,GLASS,BUSIN,0.02,7932.986,3,3,7932.986,0.0,0.0,0.0,0.0,396649.3
1653800,IT,CZ,COPP1,TEXT2,0.02,7932.804,3,3,7932.804,0.0,0.0,0.0,0.0,396640.2
1751125,IT,CN,RETA1,RETA1,0.08,7932.594,3,3,7932.594,0.0,0.0,0.0,0.0,99157.425
1747175,IT,JP,CONST,ELEC1,0.04,7931.824,3,3,7931.824,0.0,0.0,0.0,0.0,198295.6
1709636,IT,LT,PRINT,WEARI,0.08,7931.682,3,3,7931.682,0.0,0.0,0.0,0.0,99146.025
1790217,IT,WA,PREC1,REFI1,0.01,7931.54,3,3,7931.54,0.0,0.0,0.0,0.0,793154.0
1642555,IT,AT,COPP1,OILHA,0.02,7931.49,3,3,7931.49,0.0,0.0,0.0,0.0,396574.5
1683872,IT,HR,MOTO1,FOOD3,0.04,7931.458,3,3,7931.458,0.0,0.0,0.0,0.0,198286.45
1649275,IT,BG,LIQUE,RUBBE,0.01,7930.996,3,3,7930.996,0.0,0.0,0.0,0.0,793099.6
1711403,IT,LU,RETA1,PUBLI,0.08,7930.419,3,3,7930.419,0.0,0.0,0.0,0.0,99130.2375
1684380,IT,HR,POSTT,ELECT,0.13,7930.345,3,3,7930.345,0.0,0.0,0.0,0.0,61002.653846
1769407,IT,AU,CERAM,FOOD1,0.01,7930.277,3,3,7930.277,0.0,0.0,0.0,0.0,793027.7
1681930,IT,HR,FOOD5,CATTL,0.04,7930.143,3,3,7930.143,0.0,0.0,0.0,0.0,198253.575
1765011,IT,MX,INSUR,RAWMI,0.16,7930.01,3,3,7930.01,0.0,0.0,0.0,0.0,49562.5625
1781964,IT,NO,RUBBE,PIGS9,0.03,7929.825,3,3,7929.825,0.0,0.0,0.0,0.0,264327.5
1741200,IT,US,WOODW,FOOD5,0.02,7929.606,3,3,7929.606,0.0,0.0,0.0,0.0,396480.3
1745545,IT,JP,BEVER,TRANS,0.03,7929.559,3,3,7929.559,0.0,0.0,0.0,0.0,264318.633333
1677480,IT,FR,AUXIL,FISH5,0.14,7929.369,3,3,7929.369,0.0,0.0,0.0,0.0,56638.35
1709979,IT,LT,PREC1,ELECT,0.01,7929.184,3,3,7929.184,0.0,0.0,0.0,0.0,792918.4
1664351,IT,EE,FABRI,ELEC6,0.03,7929.145,3,3,7929.145,0.0,0.0,0.0,0.0,264304.833333
1715220,IT,NL,WOODW,AIRTR,0.02,7928.846,3,3,7928.846,0.0,0.0,0.0,0.0,396442.3
1711133,IT,LU,COPP1,FOOD3,0.02,7928.589,3,3,7928.589,0.0,0.0,0.0,0.0,396429.45
1808175,IT,WF,OILHA,PFERT,0.05,7928.416,3,3,7928.416,0.0,0.0,0.0,0.0,158568.32
1790372,IT,WA,LEAD1,ALUMI,0.01,7927.835,3,3,7927.835,0.0,0.0,0.0,0.0,792783.5
1765676,IT,RU,PAPER,PLAST,0.03,7927.187,3,3,7927.187,0.0,0.0,0.0,0.0,264239.566667
1681273,IT,GR,FINAN,INLAN,0.1,7927.109,3,3,7927.109,0.0,0.0,0.0,0.0,79271.09
1680129,IT,GR,OFFIC,FURNI,0.02,7926.959,3,3,7926.959,0.0,0.0,0.0,0.0,396347.95
1798476,IT,WE,NATUR,RETAI,0.01,7926.902,3,3,7926.902,0.0,0.0,0.0,0.0,792690.2
1807672,IT,WF,BUSIN,PRECI,0.08,7926.741,3,3,7926.741,0.0,0.0,0.0,0.0,99084.2625
1656261,IT,DE,WEARI,LANDT,0.06,7926.591,4,4,7926.589,0.0,0.0,0.0,0.002,132109.85
1745079,IT,US,PUBLI,INLAN,0.13,7926.505,3,3,7926.505,0.0,0.0,0.0,0.0,60973.115385
1653417,IT,CZ,CEMEN,WOODW,0.01,7926.222,3,3,7926.222,0.0,0.0,0.0,0.0,792622.2
1727239,IT,RO,SUPPO,LEAD1,0.06,7926.209,3,3,7926.209,0.0,0.0,0.0,0.0,132103.483333
1728156,IT,SE,DAIRY,RAILW,0.03,7926.083,3,3,7926.083,0.0,0.0,0.0,0.0,264202.766667
1651947,IT,CY,BUSIN,TRANS,0.08,7926.08,3,3,7926.08,0.0,0.0,0.0,0.0,99076.0
1710108,IT,LT,FABRI,RESEA,0.03,7926.042,3,3,7926.042,0.0,0.0,0.0,0.0,264201.4
1785332,IT,ZA,LEATH,FOOD3,0.06,7925.807,3,3,7925.807,0.0,0.0,0.0,0.0,132096.783333
1661263,IT,DK,VEGET,EDUCA,0.03,7925.772,3,3,7925.772,0.0,0.0,0.0,0.0,264192.4
1724871,IT,PT,BUSIN,CHEM1,0.08,7925.288,3,3,7925.288,0.0,0.0,0.0,0.0,99066.1
1648616,IT,BG,MEAT4,BEVER,0.04,7925.276,3,3,7925.276,0.0,0.0,0.0,0.0,198131.9
1751994,IT,CN,RESEA,BRICK,0.04,7925.119,3,3,7925.119,0.0,0.0,0.0,0.0,198127.975
1726600,IT,RO,MOTO1,MEAT1,0.04,7924.942,3,3,7924.942,0.0,0.0,0.0,0.0,198123.55
1752828,IT,CA,PAPER,TRANS,0.03,7924.708,3,3,7924.708,0.0,0.0,0.0,0.0,264156.933333
1761405,IT,IN,NONME,MEDIC,0.02,7924.605,3,3,7924.605,0.0,0.0,0.0,0.0,396230.25
1765945,IT,RU,CHEM1,SUGAR,0.02,7924.495,3,3,7924.495,0.0,0.0,0.0,0.0,396224.75
1710270,IT,LT,MOTO1,RETAI,0.04,7924.035,3,3,7924.035,0.0,0.0,0.0,0.0,198100.875
1648444,IT,BG,CEREA,CATTL,0.01,7923.916,3,3,7923.916,0.0,0.0,0.0,0.0,792391.6
1689613,IT,IE,SUPPO,CROPS,0.06,7923.182,3,3,7923.182,0.0,0.0,0.0,0.0,132053.033333
1778580,IT,TR,RETA1,REALE,0.08,7923.027,3,3,7923.027,0.0,0.0,0.0,0.0,99037.8375
1768766,IT,AU,WEARI,SEACO,0.06,7922.491,4,4,7922.489,0.0,0.0,0.0,0.002,132041.516667
1783265,IT,NO,FOODW,FISHF,0.06,7922.396,3,3,7922.396,0.0,0.0,0.0,0.0,132039.933333
1669377,IT,ES,INSUR,POULT,0.16,7922.38,3,3,7922.38,0.0,0.0,0.0,0.0,49514.875
1663103,IT,DK,RAILW,ELEC6,0.05,7922.302,3,3,7922.302,0.0,0.0,0.0,0.0,158446.04
1737976,IT,GB,CHEM1,TRAN2,0.02,7922.026,3,3,7922.026,0.0,0.0,0.0,0.0,396101.3
1761831,IT,IN,MOTO1,PFERT,0.04,7921.841,3,3,7921.841,0.0,0.0,0.0,0.0,198046.025
1768375,IT,AU,MEAT4,PUBLI,0.04,7921.833,3,3,7921.833,0.0,0.0,0.0,0.0,198045.825
1688157,IT,HU,BUSIN,ELEC1,0.08,7920.765,3,3,7920.765,0.0,0.0,0.0,0.0,99009.5625
1690515,IT,IE,TEXT2,WOODW,0.06,7920.638,3,3,7920.638,0.0,0.0,0.0,0.0,132010.633333
1744655,IT,US,COMPU,MEAT1,0.09,7920.32,3,3,7920.32,0.0,0.0,0.0,0.0,88003.555556
1790344,IT,WA,ALUM1,BLAST,0.01,7920.236,3,3,7920.236,0.0,0.0,0.0,0.0,792023.6
1759882,IT,BR,PAPE1,PLAST,0.06,7920.156,3,3,7920.156,0.0,0.0,0.0,0.0,132002.6
1648887,IT,BG,TEXTI,RETAI,0.05,7919.876,3,3,7919.876,0.0,0.0,0.0,0.0,158397.52
1653607,IT,CZ,PREC1,ELEC1,0.01,7919.776,3,3,7919.776,0.0,0.0,0.0,0.0,791977.6
1710931,IT,LU,PLAST,ELECT,0.02,7919.387,3,3,7919.387,0.0,0.0,0.0,0.0,395969.35
1649263,IT,BG,HEAVY,OFFIC,0.01,7919.291,3,3,7919.291,0.0,0.0,0.0,0.0,791929.1
1749332,IT,CN,PRINT,CEMEN,0.08,7919.111,3,3,7919.111,0.0,0.0,0.0,0.0,98988.8875
1640837,IT,AT,LEATH,WHEAT,0.06,7919.005,3,3,7919.005,0.0,0.0,0.0,0.0,131983.416667
1782250,IT,NO,ALUM1,PFERT,0.01,7918.865,3,3,7918.865,0.0,0.0,0.0,0.0,791886.5
1800507,IT,WE,RUBBE,BITU1,0.03,7918.709,3,3,7918.709,0.0,0.0,0.0,0.0,263956.966667
1814746,IT,WM,FOOD2,CRUDE,0.05,7918.639,3,3,7918.639,0.0,0.0,0.0,0.0,158372.78
1800550,IT,WE,RUBBE,SEACO,0.03,7918.377,3,3,7918.377,0.0,0.0,0.0,0.0,263945.9
1652935,IT,CZ,HEAVY,FORES,0.01,7918.332,3,3,7918.332,0.0,0.0,0.0,0.0,791833.2
1800966,IT,WE,ALUM1,BITU1,0.01,7918.21,3,3,7918.21,0.0,0.0,0.0,0.0,791821.0
1732237,IT,SI,LIQUE,POULT,0.01,7918.194,3,3,7918.194,0.0,0.0,0.0,0.0,791819.4
1812062,IT,WM,CERAM,LUBRI,0.01,7917.971,3,3,7917.971,0.0,0.0,0.0,0.0,791797.1
1722919,IT,PT,KERO1,BRICK,0.01,7917.844,3,3,7917.844,0.0,0.0,0.0,0.0,791784.4
1660427,IT,DE,FINAN,FOODW,0.1,7917.424,3,3,7917.424,0.0,0.0,0.0,0.0,79174.24
1769516,IT,AU,PREC1,MOTO1,0.01,7916.969,3,3,7916.969,0.0,0.0,0.0,0.0,791696.9
1732986,IT,SI,ALUM1,FOOD4,0.01,7916.95,3,3,7916.95,0.0,0.0,0.0,0.0,791695.0
1720287,IT,PL,FABRI,LIQUE,0.03,7916.778,3,3,7916.778,0.0,0.0,0.0,0.0,263892.6
1768772,IT,AU,WEARI,RENTI,0.06,7916.132,4,4,7916.13,0.0,0.0,0.0,0.002,131935.533333
1788500,IT,WA,PULP5,PAPE4,0.02,7915.977,3,3,7915.977,0.0,0.0,0.0,0.0,395798.85
1716584,IT,NL,SALEM,MOTOR,0.06,7915.431,3,3,7915.431,0.0,0.0,0.0,0.0,131923.85
1735231,IT,SK,RUBBE,FOOD4,0.03,7914.751,3,3,7914.751,0.0,0.0,0.0,0.0,263825.033333
1645143,IT,BE,PRINT,MOTOR,0.08,7914.663,3,3,7914.663,0.0,0.0,0.0,0.0,98933.2875
1761620,IT,IN,FABRI,NATU1,0.03,7914.212,3,3,7914.212,0.0,0.0,0.0,0.0,263807.066667
1737897,IT,GB,CHEM1,OILSE,0.02,7914.012,3,3,7914.012,0.0,0.0,0.0,0.0,395700.6
1728163,IT,SE,DAIRY,COMPU,0.03,7913.593,3,3,7913.593,0.0,0.0,0.0,0.0,263786.433333
1679278,IT,GR,GASDI,HEALT,0.01,7913.491,3,3,7913.491,0.0,0.0,0.0,0.0,791349.1
1785257,IT,ZA,TEXTI,TRANS,0.05,7912.582,3,3,7912.582,0.0,0.0,0.0,0.0,158251.64
1799728,IT,WE,KEROS,MEATP,0.01,7912.576,3,3,7912.576,0.0,0.0,0.0,0.0,791257.6
1717564,IT,NL,COMPU,CHEM1,0.09,7911.63,3,3,7911.63,0.0,0.0,0.0,0.0,87907.0
1767333,IT,RU,RAILW,CRUDE,0.05,7911.506,3,3,7911.506,0.0,0.0,0.0,0.0,158230.12
1716946,IT,NL,RAILW,MACHI,0.05,7911.008,3,3,7911.008,0.0,0.0,0.0,0.0,158220.16
1781249,IT,NO,STONE,FOUND,0.03,7910.948,3,3,7910.948,0.0,0.0,0.0,0.0,263698.266667
1741535,IT,US,KERO1,ELE12,0.01,7909.882,3,3,7909.882,0.0,0.0,0.0,0.0,790988.2
1736474,IT,SK,TRAN2,HEAVY,0.01,7909.577,3,3,7909.577,0.0,0.0,0.0,0.0,790957.7
1681546,IT,GR,BUSIN,ELECT,0.08,7909.389,3,3,7909.389,0.0,0.0,0.0,0.0,98867.3625
1734498,IT,SK,VEGE1,CATTL,0.02,7908.087,4,4,7908.085,0.0,0.0,0.0,0.002,395404.35
1793994,IT,WL,WOODW,LEAD1,0.02,7907.283,3,3,7907.283,0.0,0.0,0.0,0.0,395364.15
1775716,IT,TR,CATTL,PLAST,0.02,7907.124,3,3,7907.124,0.0,0.0,0.0,0.0,395356.2
1749110,IT,CN,WOODW,CEMEN,0.02,7907.068,3,3,7907.068,0.0,0.0,0.0,0.0,395353.4
1786250,IT,ZA,FABRI,MEATA,0.03,7906.84,3,3,7906.84,0.0,0.0,0.0,0.0,263561.333333
1759264,IT,BR,POSTT,GLASS,0.13,7906.609,3,3,7906.609,0.0,0.0,0.0,0.0,60820.069231
1733528,IT,SI,WHOLE,RESEA,0.07,7906.475,3,3,7906.475,0.0,0.0,0.0,0.0,112949.642857
1728636,IT,SE,PRINT,GASDI,0.08,7906.346,3,3,7906.346,0.0,0.0,0.0,0.0,98829.325
1772113,IT,CH,MOTOR,RUBBE,0.01,7906.132,3,3,7906.132,0.0,0.0,0.0,0.0,790613.2
1779389,IT,TR,AUXIL,AUXIL,0.14,7905.996,3,3,7905.996,0.0,0.0,0.0,0.0,56471.4
1775623,IT,CH,93197,CHEMI,0.05,7905.96,3,3,7905.96,0.0,0.0,0.0,0.0,158119.2
1688288,IT,IE,FORES,LIQUE,0.07,7905.598,4,4,7902.598,0.0,3.0,0.0,0.0,112937.114286
1651852,IT,CY,INLAN,FORES,0.01,7905.533,3,3,7905.533,0.0,0.0,0.0,0.0,790553.3
1662777,IT,DK,MOTO1,POSTT,0.04,7905.507,3,3,7905.507,0.0,0.0,0.0,0.0,197637.675
1720804,IT,PL,FURNI,WEARI,0.03,7904.512,3,3,7904.512,0.0,0.0,0.0,0.0,263483.733333
1732667,IT,SI,CERAM,FOOD5,0.01,7904.432,3,3,7904.432,0.0,0.0,0.0,0.0,790443.2
1778765,IT,TR,LANDT,VEGE1,0.05,7904.135,3,3,7904.135,0.0,0.0,0.0,0.0,158082.7
1788358,IT,WA,WOODW,OILSE,0.02,7903.803,3,3,7903.803,0.0,0.0,0.0,0.0,395190.15
1754147,IT,CA,SUPPO,ANIMA,0.06,7903.436,3,3,7903.436,0.0,0.0,0.0,0.0,131723.933333
1767445,IT,RU,LANDT,AIRTR,0.05,7902.511,3,3,7902.511,0.0,0.0,0.0,0.0,158050.22
1773684,IT,CH,FURNI,RADIO,0.03,7902.397,3,3,7902.397,0.0,0.0,0.0,0.0,263413.233333
1641810,IT,AT,CHEM1,ELEC2,0.02,7902.362,3,3,7902.362,0.0,0.0,0.0,0.0,395118.1
1664688,IT,EE,INLAN,SUPPO,0.01,7902.001,3,3,7902.001,0.0,0.0,0.0,0.0,790200.1
1724089,IT,PT,WHOLE,AIRTR,0.07,7901.889,3,3,7901.889,0.0,0.0,0.0,0.0,112884.128571
1725755,IT,RO,PRINT,MOTOR,0.08,7901.592,3,3,7901.592,0.0,0.0,0.0,0.0,98769.9
1664338,IT,EE,FABRI,GLASS,0.03,7901.282,3,3,7901.282,0.0,0.0,0.0,0.0,263376.066667
1678915,IT,GR,TEXTI,PFERT,0.05,7901.28,3,3,7901.28,0.0,0.0,0.0,0.0,158025.6
1733184,IT,SI,MACHI,LIGNI,0.04,7900.959,3,3,7900.959,0.0,0.0,0.0,0.0,197523.975
1726607,IT,RO,MOTO1,PULP5,0.04,7900.647,3,3,7900.647,0.0,0.0,0.0,0.0,197516.175
1681057,IT,GR,SUPPO,POULT,0.06,7900.457,3,3,7900.457,0.0,0.0,0.0,0.0,131674.283333
1752364,IT,CA,MEAT4,ELECT,0.04,7900.29,3,3,7900.29,0.0,0.0,0.0,0.0,197507.25
1714505,IT,NL,CRUDE,FISH5,0.02,7899.703,3,3,7899.703,0.0,0.0,0.0,0.0,394985.15
1651117,IT,BG,COMPU,DISTR,0.09,7899.253,3,3,7899.253,0.0,0.0,0.0,0.0,87769.477778
1715907,IT,NL,GLASS,CHEMI,0.02,7899.181,3,3,7899.181,0.0,0.0,0.0,0.0,394959.05
1805810,IT,WF,PREC1,ELEC4,0.01,7898.888,3,3,7898.888,0.0,0.0,0.0,0.0,789888.8
1758653,IT,BR,FURNI,FABRI,0.03,7898.506,3,3,7898.506,0.0,0.0,0.0,0.0,263283.533333
1738885,IT,GB,FURNI,CATTL,0.03,7897.769,3,3,7897.769,0.0,0.0,0.0,0.0,263258.966667
1768199,IT,RU,PUBLI,EDUCA,0.13,7897.578,3,3,7897.578,0.0,0.0,0.0,0.0,60750.6
1688362,IT,IE,PROCE,DAIRY,0.05,7897.502,3,3,7897.502,0.0,0.0,0.0,0.0,157950.04
1751926,IT,CN,COMPU,ELEC2,0.09,7897.27,3,3,7897.27,0.0,0.0,0.0,0.0,87747.444444
1764978,IT,MX,POSTT,EDUCA,0.13,7897.092,3,3,7897.092,0.0,0.0,0.0,0.0,60746.861538
1765312,IT,RU,FOOD5,CEREA,0.04,7896.878,3,3,7896.878,0.0,0.0,0.0,0.0,197421.95
1741712,IT,US,HEAVY,FOOD4,0.01,7896.824,3,3,7896.824,0.0,0.0,0.0,0.0,789682.4
1678430,IT,FR,INERT,FOOD4,0.06,7896.74,3,3,7896.74,0.0,0.0,0.0,0.0,131612.333333
1670336,IT,FI,VEGE1,VEGE1,0.02,7896.724,4,4,7896.722,0.0,0.0,0.0,0.002,394836.2
1715662,IT,NL,PARAF,GASDI,0.01,7896.514,3,3,7896.514,0.0,0.0,0.0,0.0,789651.4
1722895,IT,PT,MOTOR,VEGET,0.01,7895.954,3,3,7895.954,0.0,0.0,0.0,0.0,789595.4
1751119,IT,CN,RETA1,TRANS,0.08,7895.689,3,3,7895.689,0.0,0.0,0.0,0.0,98696.1125
1779848,IT,TR,PUBLI,FABRI,0.13,7895.137,3,3,7895.137,0.0,0.0,0.0,0.0,60731.823077
1666475,IT,ES,PLAST,PULP5,0.02,7894.859,3,3,7894.859,0.0,0.0,0.0,0.0,394742.95
1766556,IT,RU,COPP1,ELEC1,0.02,7894.75,3,3,7894.75,0.0,0.0,0.0,0.0,394737.5
1714546,IT,NL,CRUDE,TRANS,0.02,7894.599,3,3,7894.599,0.0,0.0,0.0,0.0,394729.95
1760731,IT,IN,PAPER,RESEA,0.03,7894.521,3,3,7894.521,0.0,0.0,0.0,0.0,263150.7
1738136,IT,GB,GLASS,LIQUE,0.02,7893.088,3,3,7893.088,0.0,0.0,0.0,0.0,394654.4
1716131,IT,NL,PREC1,NONME,0.01,7892.04,3,3,7892.04,0.0,0.0,0.0,0.0,789204.0
1731464,IT,SI,BEVER,RUBBE,0.03,7892.004,3,3,7892.004,0.0,0.0,0.0,0.0,263066.8
1645946,IT,BE,CERAM,BIOG1,0.01,7891.859,3,3,7891.859,0.0,0.0,0.0,0.0,789185.9
1803765,IT,WF,TEXTI,PIGS9,0.05,7891.732,3,3,7891.732,0.0,0.0,0.0,0.0,157834.64
1678714,IT,GR,DAIRY,STEAM,0.03,7891.536,3,3,7891.536,0.0,0.0,0.0,0.0,263051.2
1757759,IT,BR,NONSP,WHOLE,0.01,7891.152,3,3,7891.152,0.0,0.0,0.0,0.0,789115.2
1664104,IT,EE,CHEM1,INERT,0.02,7891.136,3,3,7891.136,0.0,0.0,0.0,0.0,394556.8
1683093,IT,HR,RUBBE,GLASS,0.03,7890.999,3,3,7890.999,0.0,0.0,0.0,0.0,263033.3
1764392,IT,MX,MOTO1,COLLE,0.04,7890.907,3,3,7890.907,0.0,0.0,0.0,0.0,197272.675
1644790,IT,BE,TOBAC,OFFIC,0.03,7890.816,3,3,7890.816,0.0,0.0,0.0,0.0,263027.2
1772185,IT,CH,GASDI,GLASS,0.01,7890.78,3,3,7890.78,0.0,0.0,0.0,0.0,789078.0
1775379,IT,CH,PUBLI,GLASS,0.13,7890.702,3,3,7890.702,0.0,0.0,0.0,0.0,60697.707692
1675737,IT,FR,FURNI,MOTOR,0.03,7890.393,3,3,7890.393,0.0,0.0,0.0,0.0,263013.1
1804080,IT,WF,PULP5,WHOLE,0.02,7890.0,3,3,7890.0,0.0,0.0,0.0,0.0,394500.0
1720834,IT,PL,FURNI,TRAN1,0.03,7889.511,3,3,7889.511,0.0,0.0,0.0,0.0,262983.7
1787720,IT,WA,VEGE1,CERAM,0.02,7889.431,4,4,7889.429,0.0,0.0,0.0,0.002,394471.55
1809702,IT,WM,PROCE,SUPPO,0.05,7889.112,3,3,7889.112,0.0,0.0,0.0,0.0,157782.24
1764130,IT,MX,FABRI,ELEC4,0.03,7888.735,3,3,7888.735,0.0,0.0,0.0,0.0,262957.833333
1773486,IT,CH,OFFIC,PAPE1,0.02,7888.437,3,3,7888.437,0.0,0.0,0.0,0.0,394421.85
1760774,IT,IN,PRINT,ELEC1,0.08,7888.389,3,3,7888.389,0.0,0.0,0.0,0.0,98604.8625
1757525,IT,BR,PRINT,AUXIL,0.08,7887.648,3,3,7887.648,0.0,0.0,0.0,0.0,98595.6
1795230,IT,WL,GLASS,RESEA,0.02,7887.601,3,3,7887.601,0.0,0.0,0.0,0.0,394380.05
1679251,IT,GR,GASDI,FOOD5,0.01,7887.518,3,3,7887.518,0.0,0.0,0.0,0.0,788751.8
1797134,IT,WL,POSTT,BRICK,0.13,7887.043,3,3,7887.043,0.0,0.0,0.0,0.0,60669.561538
1792686,IT,WA,RESEA,REALE,0.04,7886.863,3,3,7886.863,0.0,0.0,0.0,0.0,197171.575
1811207,IT,WM,NAPHT,EDUCA,0.01,7885.944,3,3,7885.944,0.0,0.0,0.0,0.0,788594.4
1741497,IT,US,MOTOR,WOOD2,0.01,7885.887,3,3,7885.887,0.0,0.0,0.0,0.0,788588.7
1790892,IT,WA,OFFIC,MEATP,0.02,7885.731,3,3,7885.731,0.0,0.0,0.0,0.0,394286.55
1690075,IT,IE,RENTI,SECO9,0.05,7885.627,3,3,7885.627,0.0,0.0,0.0,0.0,157712.54
1804742,IT,WF,NAPHT,ANTHR,0.01,7885.552,3,3,7885.552,0.0,0.0,0.0,0.0,788555.2
1732355,IT,SI,PETRO,SANDC,0.01,7885.539,3,3,7885.539,0.0,0.0,0.0,0.0,788553.9
1666227,IT,ES,HEAVY,BIOGA,0.01,7884.856,3,3,7884.856,0.0,0.0,0.0,0.0,788485.6
1690443,IT,IE,FOOD4,FOOD4,0.06,7884.777,3,3,7884.777,0.0,0.0,0.0,0.0,131412.95
1671513,IT,FI,MACHI,ELEC7,0.04,7884.73,3,3,7884.73,0.0,0.0,0.0,0.0,197118.25
1710142,IT,LT,MACHI,LEATH,0.04,7884.214,3,3,7884.214,0.0,0.0,0.0,0.0,197105.35
1642166,IT,AT,CERAM,SALEM,0.01,7884.169,3,3,7884.169,0.0,0.0,0.0,0.0,788416.9
1790510,IT,WA,COPP1,DIST1,0.02,7883.929,3,3,7883.929,0.0,0.0,0.0,0.0,394196.45
1729462,IT,SE,PREC1,FOOD3,0.01,7883.831,3,3,7883.831,0.0,0.0,0.0,0.0,788383.1
1796119,IT,WL,TRANS,BLAST,0.05,7883.749,3,3,7883.749,0.0,0.0,0.0,0.0,157674.98
1658582,IT,DE,MACHI,LIQUI,0.04,7883.665,3,3,7883.665,0.0,0.0,0.0,0.0,197091.625
1670168,IT,ES,MEMBE,RETA1,0.09,7883.386,3,3,7883.386,0.0,0.0,0.0,0.0,87593.177778
1657189,IT,DE,CHEM1,LEADZ,0.02,7882.339,3,3,7882.339,0.0,0.0,0.0,0.0,394116.95
1769072,IT,AU,PLAST,LIQUE,0.02,7882.121,3,3,7882.121,0.0,0.0,0.0,0.0,394106.05
1640973,IT,AT,WOODW,ELECT,0.02,7882.025,3,3,7882.025,0.0,0.0,0.0,0.0,394101.25
1807599,IT,WF,COMPU,RECRE,0.09,7881.365,3,3,7881.365,0.0,0.0,0.0,0.0,87570.722222
1813583,IT,WM,WHOLE,TRAN1,0.07,7881.057,3,3,7881.057,0.0,0.0,0.0,0.0,112586.528571
1655256,IT,DE,PADDY,PROCE,0.08,7881.046,3,3,7881.046,0.0,0.0,0.0,0.0,98513.075
1800644,IT,WE,CERAM,MEAT1,0.01,7881.005,3,3,7881.005,0.0,0.0,0.0,0.0,788100.5
1808813,IT,WF,WOOD2,AUXIL,0.04,7880.733,3,3,7880.733,0.0,0.0,0.0,0.0,197018.325
1651357,IT,CY,PAPER,OFFIC,0.03,7880.274,3,3,7880.274,0.0,0.0,0.0,0.0,262675.8
1656703,IT,DE,MOTOR,PULP5,0.01,7879.691,3,3,7879.691,0.0,0.0,0.0,0.0,787969.1
1661244,IT,DK,VEGET,TEXTI,0.03,7879.606,3,3,7879.606,0.0,0.0,0.0,0.0,262653.533333
1643353,IT,AT,RAILW,DIST1,0.05,7879.463,3,3,7879.463,0.0,0.0,0.0,0.0,157589.26
1685814,IT,HU,PLAST,WASTE,0.02,7879.43,3,3,7879.43,0.0,0.0,0.0,0.0,393971.5
1781504,IT,NO,TEXTI,MEATP,0.05,7879.366,3,3,7879.366,0.0,0.0,0.0,0.0,157587.32
1738883,IT,GB,FURNI,WHEAT,0.03,7879.356,3,3,7879.356,0.0,0.0,0.0,0.0,262645.2
1671629,IT,FI,FURNI,SUPPO,0.03,7879.1,3,3,7879.1,0.0,0.0,0.0,0.0,262636.666667
1666573,IT,ES,CHEM1,PARAF,0.02,7878.651,3,3,7878.651,0.0,0.0,0.0,0.0,393932.55
1718970,IT,PL,PRINT,INTER,0.08,7878.445,3,3,7878.445,0.0,0.0,0.0,0.0,98480.5625
1730039,IT,SE,WHOLE,ALUM1,0.07,7876.558,3,3,7876.558,0.0,0.0,0.0,0.0,112522.257143
1657993,IT,DE,PREC1,NATUR,0.01,7876.48,3,3,7876.48,0.0,0.0,0.0,0.0,787648.0
1740877,IT,US,DAIRY,SEACO,0.03,7876.397,3,3,7876.397,0.0,0.0,0.0,0.0,262546.566667
1792438,IT,WA,AUXIL,CRUDE,0.14,7874.558,3,3,7874.558,0.0,0.0,0.0,0.0,56246.842857
1745381,IT,JP,VEGE1,COLLE,0.02,7874.301,4,4,7874.299,0.0,0.0,0.0,0.002,393715.05
1811988,IT,WM,GLASS,RUBBE,0.02,7874.215,3,3,7874.215,0.0,0.0,0.0,0.0,393710.75
1713635,IT,MT,ALUM1,VEGET,0.01,7874.138,3,3,7874.138,0.0,0.0,0.0,0.0,787413.8
1761221,IT,IN,BIODI,GASDI,0.02,7874.133,3,3,7874.133,0.0,0.0,0.0,0.0,393706.65
1646304,IT,BE,COPP1,SEWAG,0.02,7874.076,3,3,7874.076,0.0,0.0,0.0,0.0,393703.8
1712113,IT,LV,TEXTI,RETA1,0.05,7874.069,3,3,7874.069,0.0,0.0,0.0,0.0,157481.38
1679214,IT,GR,MOTOR,FABRI,0.01,7873.902,3,3,7873.902,0.0,0.0,0.0,0.0,787390.2
1785379,IT,ZA,PAPER,VEGET,0.03,7873.792,3,3,7873.792,0.0,0.0,0.0,0.0,262459.733333
1762962,IT,MX,VEGE1,RECRE,0.02,7873.652,4,4,7873.65,0.0,0.0,0.0,0.002,393682.6
1646741,IT,BE,CONST,BASIC,0.04,7873.558,3,3,7873.558,0.0,0.0,0.0,0.0,196838.95
1760343,IT,IN,SANDC,BASIC,0.02,7873.44,4,4,7871.44,0.0,0.0,2.0,0.0,393672.0
1814952,IT,WM,PRIVA,FURNI,1.76,7873.205,3,3,7873.205,0.0,0.0,0.0,0.0,4473.411932
1715592,IT,NL,LIQUE,BRICK,0.01,7873.006,3,3,7873.006,0.0,0.0,0.0,0.0,787300.6
1684688,IT,HU,CEREA,RUBBE,0.01,7872.736,3,3,7872.736,0.0,0.0,0.0,0.0,787273.6
1747914,IT,JP,COMPU,CONST,0.09,7872.717,3,3,7872.717,0.0,0.0,0.0,0.0,87474.633333
1718715,IT,PL,PULP5,NATUR,0.02,7872.492,3,3,7872.492,0.0,0.0,0.0,0.0,393624.6
1792422,IT,WA,INSUR,RESEA,0.16,7872.294,3,3,7872.294,0.0,0.0,0.0,0.0,49201.8375
1688314,IT,IE,VEGE1,CATTL,0.02,7871.996,4,4,7871.994,0.0,0.0,0.0,0.002,393599.8
1734505,IT,SK,VEGE1,VEGE1,0.02,7871.854,4,4,7871.852,0.0,0.0,0.0,0.002,393592.7
1725307,IT,RO,BEVER,ELEC1,0.03,7871.655,3,3,7871.655,0.0,0.0,0.0,0.0,262388.5
1723166,IT,PT,RUBBE,MEAT4,0.03,7871.556,3,3,7871.556,0.0,0.0,0.0,0.0,262385.2
1741130,IT,US,WEARI,SUPPO,0.06,7871.348,3,3,7871.348,0.0,0.0,0.0,0.0,131189.133333
1778430,IT,TR,WHOLE,CHEM1,0.07,7871.255,3,3,7871.255,0.0,0.0,0.0,0.0,112446.5
1728416,IT,SE,WEARI,RUBBE,0.06,7870.701,3,3,7870.701,0.0,0.0,0.0,0.0,131178.35
1665228,IT,ES,FOOD5,RENTI,0.04,7870.038,3,3,7870.038,0.0,0.0,0.0,0.0,196750.95
1713824,IT,MT,FURNI,PUBLI,0.03,7869.961,3,3,7869.961,0.0,0.0,0.0,0.0,262332.033333
1784759,IT,ID,RETA1,RUBBE,0.08,7869.447,3,3,7869.447,0.0,0.0,0.0,0.0,98368.0875
1666684,IT,ES,BIODI,MOTO1,0.02,7868.867,3,3,7868.867,0.0,0.0,0.0,0.0,393443.35
1673327,IT,FR,TEXTI,PREC1,0.05,7868.72,3,3,7868.72,0.0,0.0,0.0,0.0,157374.4
1733515,IT,SI,WHOLE,DISTR,0.07,7868.676,3,3,7868.676,0.0,0.0,0.0,0.0,112409.657143
1666366,IT,ES,NAPHT,FOOD5,0.01,7868.066,3,3,7868.066,0.0,0.0,0.0,0.0,786806.6
1771198,IT,CH,MEAT4,REALE,0.04,7867.117,3,3,7867.117,0.0,0.0,0.0,0.0,196677.925
1801455,IT,WE,MOTO1,PROCE,0.04,7867.1,3,3,7867.1,0.0,0.0,0.0,0.0,196677.5
1741489,IT,US,MOTOR,OILHA,0.01,7866.866,3,3,7866.866,0.0,0.0,0.0,0.0,786686.6
1709401,IT,LT,BEVER,CONST,0.03,7866.851,3,3,7866.851,0.0,0.0,0.0,0.0,262228.366667
1800076,IT,WE,NAPHT,PRECI,0.01,7866.523,3,3,7866.523,0.0,0.0,0.0,0.0,786652.3
1641650,IT,AT,PARAF,WHOLE,0.01,7866.365,3,3,7866.365,0.0,0.0,0.0,0.0,786636.5
1723196,IT,PT,RUBBE,NONF1,0.03,7866.126,3,3,7866.126,0.0,0.0,0.0,0.0,262204.2
1768168,IT,RU,PUBLI,ELECT,0.13,7865.73,3,3,7865.73,0.0,0.0,0.0,0.0,60505.615385
1720993,IT,PL,RETA1,HOTEL,0.08,7865.612,3,3,7865.612,0.0,0.0,0.0,0.0,98320.15
1746474,IT,JP,GLASS,93197,0.02,7865.343,3,3,7865.343,0.0,0.0,0.0,0.0,393267.15
1731108,IT,SI,FISHF,PLAST,0.01,7865.229,3,3,7865.229,0.0,0.0,0.0,0.0,786522.9
1674879,IT,FR,NONME,HOTEL,0.02,7865.066,3,3,7865.066,0.0,0.0,0.0,0.0,393253.3
1670708,IT,FI,PULP5,PAPER,0.02,7863.674,3,3,7863.674,0.0,0.0,0.0,0.0,393183.7
1737761,IT,GB,HEAVY,RETA1,0.01,7863.471,3,3,7863.471,0.0,0.0,0.0,0.0,786347.1
1749415,IT,CN,KEROS,ALUM1,0.01,7863.009,3,3,7863.009,0.0,0.0,0.0,0.0,786300.9
1729341,IT,SE,NONME,FOOD2,0.02,7862.896,3,3,7862.896,0.0,0.0,0.0,0.0,393144.8
1787209,IT,WA,CEREA,HOTEL,0.01,7862.845,3,3,7862.845,0.0,0.0,0.0,0.0,786284.5
1652266,IT,CZ,FOOD5,COMPU,0.04,7862.008,3,3,7862.008,0.0,0.0,0.0,0.0,196550.2
1720978,IT,PL,WHOLE,REALE,0.07,7861.825,3,3,7861.825,0.0,0.0,0.0,0.0,112311.785714
1660267,IT,DE,POSTT,SECO9,0.13,7861.774,3,3,7861.774,0.0,0.0,0.0,0.0,60475.184615
1793727,IT,WL,BEVER,CATTL,0.03,7861.719,3,3,7861.719,0.0,0.0,0.0,0.0,262057.3
1757628,IT,BR,GASDI,FOOD4,0.01,7861.373,3,3,7861.373,0.0,0.0,0.0,0.0,786137.3
1722949,IT,PT,HEAVY,WEARI,0.01,7860.839,3,3,7860.839,0.0,0.0,0.0,0.0,786083.9
1756146,IT,KR,MACHI,PRECI,0.04,7860.784,3,3,7860.784,0.0,0.0,0.0,0.0,196519.6
1738192,IT,GB,CERAM,NONF1,0.01,7860.412,3,3,7860.412,0.0,0.0,0.0,0.0,786041.2
1767300,IT,RU,HOTEL,COLLE,0.06,7860.041,3,3,7860.041,0.0,0.0,0.0,0.0,131000.683333
1657119,IT,DE,PLAST,MOTOR,0.02,7859.547,3,3,7859.547,0.0,0.0,0.0,0.0,392977.35
1755050,IT,KR,WEARI,ELEC8,0.06,7859.375,3,3,7859.375,0.0,0.0,0.0,0.0,130989.583333
1765856,IT,RU,NAPHT,RUBBE,0.01,7859.208,3,3,7859.208,0.0,0.0,0.0,0.0,785920.8
1715783,IT,NL,BIODI,EDUCA,0.02,7859.185,3,3,7859.185,0.0,0.0,0.0,0.0,392959.25
1787600,IT,WA,MEAT1,MEATA,0.04,7859.139,3,3,7859.139,0.0,0.0,0.0,0.0,196478.475
1723336,IT,PT,NONME,RUBBE,0.02,7859.008,3,3,7859.008,0.0,0.0,0.0,0.0,392950.4
1687004,IT,HU,MACHI,MEMBE,0.04,7858.554,3,3,7858.554,0.0,0.0,0.0,0.0,196463.85
1681489,IT,GR,RESEA,RESEA,0.04,7858.532,3,3,7858.532,0.0,0.0,0.0,0.0,196463.3
1801018,IT,WE,LEAD1,PRINT,0.01,7858.184,3,3,7858.184,0.0,0.0,0.0,0.0,785818.4
1710671,IT,LU,VEGE1,RENTI,0.02,7857.91,4,4,7857.908,0.0,0.0,0.0,0.002,392895.5
1743829,IT,US,LANDT,PLAS1,0.05,7857.797,3,3,7857.797,0.0,0.0,0.0,0.0,157155.94
1717150,IT,NL,INLAN,REALE,0.01,7857.58,3,3,7857.58,0.0,0.0,0.0,0.0,785758.0
1762099,IT,IN,RETA1,PUBLI,0.08,7856.385,3,3,7856.385,0.0,0.0,0.0,0.0,98204.8125
1791848,IT,WA,LANDT,ELEC2,0.05,7855.637,3,3,7855.637,0.0,0.0,0.0,0.0,157112.74
1725391,IT,RO,TEXTI,CEMEN,0.05,7854.671,3,3,7854.671,0.0,0.0,0.0,0.0,157093.42
1779320,IT,TR,INSUR,PLAST,0.16,7854.64,3,3,7854.64,0.0,0.0,0.0,0.0,49091.5
1710924,IT,LU,NAPHT,BUSIN,0.01,7854.608,3,3,7854.608,0.0,0.0,0.0,0.0,785460.8
1664948,IT,ES,SANDC,STONE,0.02,7854.458,4,4,7852.458,0.0,0.0,2.0,0.0,392722.9
1644381,IT,BE,MEATC,BEVER,0.03,7854.351,3,3,7854.351,0.0,0.0,0.0,0.0,261811.7
1729197,IT,SE,CERAM,DAIRY,0.01,7854.176,3,3,7854.176,0.0,0.0,0.0,0.0,785417.6
1787417,IT,WA,FISHF,SEACO,0.01,7854.072,3,3,7854.072,0.0,0.0,0.0,0.0,785407.2
1671498,IT,FI,MACHI,PREC1,0.04,7853.956,3,3,7853.956,0.0,0.0,0.0,0.0,196348.9
1752053,IT,CN,BUSIN,PIGS9,0.08,7853.873,3,3,7853.873,0.0,0.0,0.0,0.0,98173.4125
1670393,IT,FI,PROCE,NONF1,0.05,7853.472,3,3,7853.472,0.0,0.0,0.0,0.0,157069.44
1770869,IT,AU,BUSIN,FURNI,0.08,7852.884,3,3,7852.884,0.0,0.0,0.0,0.0,98161.05
1763636,IT,MX,RUBBE,FISHF,0.03,7852.521,3,3,7852.521,0.0,0.0,0.0,0.0,261750.7
1715156,IT,NL,LEATH,RENTI,0.06,7852.116,3,3,7852.116,0.0,0.0,0.0,0.0,130868.6
1685955,IT,HU,ADDIT,NAPHT,0.02,7851.673,3,3,7851.673,0.0,0.0,0.0,0.0,392583.65
1814840,IT,WM,MEMBE,WHOLE,0.09,7851.457,3,3,7851.457,0.0,0.0,0.0,0.0,87238.411111
1715520,IT,NL,GASDI,RUBBE,0.01,7851.446,3,3,7851.446,0.0,0.0,0.0,0.0,785144.6
1714632,IT,NL,MEATC,BUSIN,0.03,7851.36,3,3,7851.36,0.0,0.0,0.0,0.0,261712.0
1769108,IT,AU,CHEM1,WHEAT,0.02,7851.347,3,3,7851.347,0.0,0.0,0.0,0.0,392567.35
1671129,IT,FI,GLASS,COPP1,0.02,7851.231,3,3,7851.231,0.0,0.0,0.0,0.0,392561.55
1683190,IT,HR,GLASS,MOTO1,0.02,7851.168,3,3,7851.168,0.0,0.0,0.0,0.0,392558.4
1782740,IT,NO,RETA1,LANDT,0.08,7850.773,3,3,7850.773,0.0,0.0,0.0,0.0,98134.6625
1805310,IT,WF,BIODI,INSUR,0.02,7850.568,3,3,7850.568,0.0,0.0,0.0,0.0,392528.4
1764346,IT,MX,OFFIC,EDUCA,0.02,7850.477,3,3,7850.477,0.0,0.0,0.0,0.0,392523.85
1755445,IT,KR,NONSP,MOTOR,0.01,7850.444,3,3,7850.444,0.0,0.0,0.0,0.0,785044.4
1678341,IT,FR,WASTE,RECRE,0.02,7850.239,3,3,7850.239,0.0,0.0,0.0,0.0,392511.95
1797930,IT,WL,FOOD4,CHARC,0.06,7850.167,3,3,7850.167,0.0,0.0,0.0,0.0,130836.116667
1743455,IT,US,WHOLE,BITU1,0.07,7850.083,3,3,7850.083,0.0,0.0,0.0,0.0,112144.042857
1640869,IT,AT,LEATH,KERO1,0.06,7850.06,3,3,7850.06,0.0,0.0,0.0,0.0,130834.333333
1756578,IT,KR,RETA1,REALE,0.08,7850.047,3,3,7850.047,0.0,0.0,0.0,0.0,98125.5875
1795444,IT,WL,PREC1,PAPER,0.01,7849.984,3,3,7849.984,0.0,0.0,0.0,0.0,784998.4
1642945,IT,AT,FURNI,PREC1,0.03,7849.937,3,3,7849.937,0.0,0.0,0.0,0.0,261664.566667
1687085,IT,HU,MOTO1,RAILW,0.04,7849.878,3,3,7849.878,0.0,0.0,0.0,0.0,196246.95
1785422,IT,ZA,PAPER,TRANS,0.03,7849.579,3,3,7849.579,0.0,0.0,0.0,0.0,261652.633333
1781421,IT,NO,FOOD5,CHEM1,0.04,7848.533,3,3,7848.533,0.0,0.0,0.0,0.0,196213.325
1757725,IT,BR,NAPHT,BASIC,0.01,7848.41,3,3,7848.41,0.0,0.0,0.0,0.0,784841.0
1771037,IT,CH,FORES,CHEM1,0.07,7848.165,4,4,7845.165,0.0,3.0,0.0,0.0,112116.642857
1735272,IT,SK,GLASS,BIODI,0.02,7848.007,3,3,7848.007,0.0,0.0,0.0,0.0,392400.35
1732893,IT,SI,PREC1,PRINT,0.01,7847.963,3,3,7847.963,0.0,0.0,0.0,0.0,784796.3
1777613,IT,TR,ALUM1,NONF1,0.01,7847.713,3,3,7847.713,0.0,0.0,0.0,0.0,784771.3
1787444,IT,WA,STONE,GASDI,0.03,7847.653,3,3,7847.653,0.0,0.0,0.0,0.0,261588.433333
1745193,IT,JP,CROPS,PFERT,0.06,7847.574,3,3,7847.574,0.0,0.0,0.0,0.0,130792.9
1680470,IT,GR,ELEC5,BASIC,0.09,7847.237,3,3,7847.237,0.0,0.0,0.0,0.0,87191.522222
1743586,IT,US,HOTEL,KERO1,0.06,7847.143,3,3,7847.143,0.0,0.0,0.0,0.0,130785.716667
1710781,IT,LU,WEARI,COMPU,0.06,7847.107,3,3,7847.107,0.0,0.0,0.0,0.0,130785.116667
1649245,IT,BG,GASDI,TRAN2,0.01,7847.071,3,3,7847.071,0.0,0.0,0.0,0.0,784707.1
1754998,IT,KR,WEARI,VEGET,0.06,7846.979,3,3,7846.979,0.0,0.0,0.0,0.0,130782.983333
1677891,IT,FR,BUSIN,CERAM,0.08,7846.917,3,3,7846.917,0.0,0.0,0.0,0.0,98086.4625
1809991,IT,WM,TOBAC,EDUCA,0.03,7846.424,3,3,7846.424,0.0,0.0,0.0,0.0,261547.466667
1772738,IT,CH,CEMEN,DISTR,0.01,7846.205,3,3,7846.205,0.0,0.0,0.0,0.0,784620.5
1787425,IT,WA,NATUR,PUBLI,0.01,7846.189,3,3,7846.189,0.0,0.0,0.0,0.0,784618.9
1781516,IT,NO,TEXTI,PRINT,0.05,7846.168,3,3,7846.168,0.0,0.0,0.0,0.0,156923.36
1676414,IT,FR,WHOLE,WOOD1,0.07,7846.129,3,3,7846.129,0.0,0.0,0.0,0.0,112087.557143
1681748,IT,HR,STONE,WHOLE,0.03,7846.065,3,3,7846.065,0.0,0.0,0.0,0.0,261535.5
1664992,IT,ES,CHEMI,COALT,0.02,7845.089,3,3,7845.089,0.0,0.0,0.0,0.0,392254.45
1716049,IT,NL,NONME,HOTEL,0.02,7844.93,3,3,7844.93,0.0,0.0,0.0,0.0,392246.5
1786192,IT,ZA,ALUM1,STONE,0.01,7844.413,3,3,7844.413,0.0,0.0,0.0,0.0,784441.3
1689996,IT,IE,REALE,TRAN1,0.33,7844.315,3,3,7844.315,0.0,0.0,0.0,0.0,23770.651515
1647083,IT,BE,HOTEL,MOTOR,0.06,7843.795,3,3,7843.795,0.0,0.0,0.0,0.0,130729.916667
1757630,IT,BR,GASDI,RECRE,0.01,7843.705,3,3,7843.705,0.0,0.0,0.0,0.0,784370.5
1640703,IT,AT,FISH5,93197,0.03,7843.043,4,4,7843.039,0.0,0.0,0.0,0.004,261434.766667
1797236,IT,WL,FINAN,RAILW,0.1,7842.927,3,3,7842.927,0.0,0.0,0.0,0.0,78429.27
1771302,IT,CH,DAIRY,FABRI,0.03,7842.784,3,3,7842.784,0.0,0.0,0.0,0.0,261426.133333
1652361,IT,CZ,FISH5,BUSIN,0.03,7842.418,4,4,7842.414,0.0,0.0,0.0,0.004,261413.933333
1667743,IT,ES,OFFIC,POULT,0.02,7842.361,3,3,7842.361,0.0,0.0,0.0,0.0,392118.05
1797090,IT,WL,POSTT,RAWMI,0.13,7841.662,3,3,7841.662,0.0,0.0,0.0,0.0,60320.476923
1773972,IT,CH,SALEM,TRAN2,0.06,7841.604,3,3,7841.604,0.0,0.0,0.0,0.0,130693.4
1762500,IT,IN,INSUR,TEXTI,0.16,7840.738,3,3,7840.738,0.0,0.0,0.0,0.0,49004.6125
1754343,IT,CA,INSUR,ELEC4,0.16,7840.386,3,3,7840.386,0.0,0.0,0.0,0.0,49002.4125
1640330,IT,AT,CHEMI,CERAM,0.02,7839.843,3,3,7839.843,0.0,0.0,0.0,0.0,391992.15
1664976,IT,ES,SANDC,RESEA,0.02,7839.761,4,4,7837.761,0.0,0.0,2.0,0.0,391988.05
1674270,IT,FR,PARAF,REFI1,0.01,7839.199,3,3,7839.199,0.0,0.0,0.0,0.0,783919.9
1776891,IT,TR,PLAST,VEGE1,0.02,7839.145,3,3,7839.145,0.0,0.0,0.0,0.0,391957.25
1719893,IT,PL,PREC1,DAIRY,0.01,7839.001,3,3,7839.001,0.0,0.0,0.0,0.0,783900.1
1722837,IT,PT,PAPER,93197,0.03,7838.047,3,3,7838.047,0.0,0.0,0.0,0.0,261268.233333
1793454,IT,WL,STONE,GASDI,0.03,7838.009,3,3,7838.009,0.0,0.0,0.0,0.0,261266.966667
1754477,IT,CA,BUSIN,VEGE1,0.08,7837.929,3,3,7837.929,0.0,0.0,0.0,0.0,97974.1125
1771077,IT,CH,NATUR,MEDIC,0.01,7837.763,3,3,7837.763,0.0,0.0,0.0,0.0,783776.3
1683013,IT,HR,CHEM1,COPP1,0.02,7837.654,3,3,7837.654,0.0,0.0,0.0,0.0,391882.7
1731302,IT,SI,VEGE1,FISH5,0.02,7837.5,4,4,7837.498,0.0,0.0,0.0,0.002,391875.0
1806372,IT,WF,MOTO1,PRINT,0.04,7837.006,3,3,7837.006,0.0,0.0,0.0,0.0,195925.15
1759623,IT,BR,RESEA,MEATP,0.04,7836.947,3,3,7836.947,0.0,0.0,0.0,0.0,195923.675
1747885,IT,JP,RENTI,WOOD1,0.05,7836.656,3,3,7836.656,0.0,0.0,0.0,0.0,156733.12
1644886,IT,BE,LEATH,WEARI,0.06,7836.454,3,3,7836.454,0.0,0.0,0.0,0.0,130607.566667
1795011,IT,WL,ADDIT,VEGET,0.02,7836.435,3,3,7836.435,0.0,0.0,0.0,0.0,391821.75
1664124,IT,EE,RUBBE,AVIAT,0.03,7836.344,3,3,7836.344,0.0,0.0,0.0,0.0,261211.466667
1672328,IT,FI,RESEA,FABRI,0.04,7835.918,3,3,7835.918,0.0,0.0,0.0,0.0,195897.95
1654900,IT,CZ,INSUR,WHEAT,0.16,7835.308,3,3,7835.308,0.0,0.0,0.0,0.0,48970.675
1649495,IT,BG,RUBBE,MEATA,0.03,7835.136,3,3,7835.136,0.0,0.0,0.0,0.0,261171.2
1781614,IT,NO,WEARI,COMPU,0.06,7834.984,3,3,7834.984,0.0,0.0,0.0,0.0,130583.066667
1797152,IT,WL,POSTT,ELEC1,0.13,7834.446,3,3,7834.446,0.0,0.0,0.0,0.0,60264.969231
1727656,IT,RO,RENTI,ELEC4,0.05,7834.177,3,3,7834.177,0.0,0.0,0.0,0.0,156683.54
1689043,IT,IE,MOTO1,CONST,0.04,7834.059,3,3,7834.059,0.0,0.0,0.0,0.0,195851.475
1679621,IT,GR,GLASS,MEATC,0.02,7833.821,3,3,7833.821,0.0,0.0,0.0,0.0,391691.05
1799517,IT,WE,PAPER,MEMBE,0.03,7833.522,3,3,7833.522,0.0,0.0,0.0,0.0,261117.4
1794692,IT,WL,NAPHT,FOUND,0.01,7833.319,3,3,7833.319,0.0,0.0,0.0,0.0,783331.9
1789821,IT,WA,CERAM,PROCE,0.01,7833.284,3,3,7833.284,0.0,0.0,0.0,0.0,783328.4
1765761,IT,RU,PRINT,POSTT,0.08,7833.102,3,3,7833.102,0.0,0.0,0.0,0.0,97913.775
1786205,IT,ZA,ALUM1,PREC1,0.01,7833.043,3,3,7833.043,0.0,0.0,0.0,0.0,783304.3
1658793,IT,DE,MOTO1,ADDIT,0.04,7832.416,3,3,7832.416,0.0,0.0,0.0,0.0,195810.4
1802683,IT,WE,RENTI,COMPU,0.05,7832.364,3,3,7832.364,0.0,0.0,0.0,0.0,156647.28
1800368,IT,WE,CHEM1,NONME,0.02,7831.813,3,3,7831.813,0.0,0.0,0.0,0.0,391590.65
1749183,IT,CN,PULP5,NONF1,0.02,7831.378,3,3,7831.378,0.0,0.0,0.0,0.0,391568.9
1775585,IT,CH,RECRE,MACHI,0.1,7831.354,3,3,7831.354,0.0,0.0,0.0,0.0,78313.54
1658885,IT,DE,TRANS,SUPPO,0.05,7830.559,3,3,7830.559,0.0,0.0,0.0,0.0,156611.18
1709380,IT,LT,BEVER,PIGS9,0.03,7830.183,3,3,7830.183,0.0,0.0,0.0,0.0,261006.1
1763451,IT,MX,PLAST,NATUR,0.02,7829.898,3,3,7829.898,0.0,0.0,0.0,0.0,391494.9
1775097,IT,CH,COMPU,FOOD5,0.09,7829.568,3,3,7829.568,0.0,0.0,0.0,0.0,86995.2
1719289,IT,PL,CHEM1,ELEC4,0.02,7829.266,3,3,7829.266,0.0,0.0,0.0,0.0,391463.3
1787116,IT,ZA,BUSIN,RAILW,0.08,7828.989,3,3,7828.989,0.0,0.0,0.0,0.0,97862.3625
1654648,IT,CZ,LANDT,LIQUE,0.05,7828.285,3,3,7828.285,0.0,0.0,0.0,0.0,156565.7
1793897,IT,WL,WEARI,TEXTI,0.06,7827.517,3,3,7827.517,0.0,0.0,0.0,0.0,130458.616667
1656839,IT,DE,GASDI,INTER,0.01,7827.259,3,3,7827.259,0.0,0.0,0.0,0.0,782725.9
1727472,IT,RO,AUXIL,KEROS,0.14,7827.042,3,3,7827.042,0.0,0.0,0.0,0.0,55907.442857
1645422,IT,BE,LIQUE,NFERT,0.01,7826.931,3,3,7826.931,0.0,0.0,0.0,0.0,782693.1
1726127,IT,RO,RUBBE,INSUR,0.03,7826.789,3,3,7826.789,0.0,0.0,0.0,0.0,260892.966667
1751664,IT,CN,INSUR,OILSE,0.16,7826.486,3,3,7826.486,0.0,0.0,0.0,0.0,48915.5375
1722537,IT,PT,BEVER,VEGE1,0.03,7825.871,3,3,7825.871,0.0,0.0,0.0,0.0,260862.366667
1768127,IT,RU,PUBLI,FORES,0.13,7825.812,3,3,7825.812,0.0,0.0,0.0,0.0,60198.553846
1771144,IT,CH,MEATC,FOOD2,0.03,7825.806,3,3,7825.806,0.0,0.0,0.0,0.0,260860.2
1661313,IT,DK,CHEMI,FOOD5,0.02,7825.223,3,3,7825.223,0.0,0.0,0.0,0.0,391261.15
1783421,IT,NO,INTER,SALEM,0.05,7825.027,3,3,7825.027,0.0,0.0,0.0,0.0,156500.54
1762825,IT,IN,PUBLI,MACHI,0.13,7824.768,3,3,7824.768,0.0,0.0,0.0,0.0,60190.523077
1678632,IT,GR,MEATC,MEATC,0.03,7824.72,3,3,7824.72,0.0,0.0,0.0,0.0,260824.0
1754320,IT,CA,INSUR,GASDI,0.16,7824.428,3,3,7824.428,0.0,0.0,0.0,0.0,48902.675
1650885,IT,BG,TRAN2,COPPE,0.01,7824.271,3,3,7824.271,0.0,0.0,0.0,0.0,782427.1
1801597,IT,WE,TRANS,TRAN1,0.05,7823.447,3,3,7823.447,0.0,0.0,0.0,0.0,156468.94
1661338,IT,DK,MEATC,DAIRY,0.03,7822.865,3,3,7822.865,0.0,0.0,0.0,0.0,260762.166667
1767844,IT,RU,AUXIL,OFFIC,0.14,7822.591,3,3,7822.591,0.0,0.0,0.0,0.0,55875.65
1785093,IT,ZA,CHEMI,BITUM,0.02,7822.267,3,3,7822.267,0.0,0.0,0.0,0.0,391113.35
1765695,IT,RU,PAPER,TRANS,0.03,7821.821,3,3,7821.821,0.0,0.0,0.0,0.0,260727.366667
1773288,IT,CH,MACHI,MEATA,0.04,7821.818,3,3,7821.818,0.0,0.0,0.0,0.0,195545.45
1665129,IT,ES,DAIRY,PROCE,0.03,7821.04,3,3,7821.04,0.0,0.0,0.0,0.0,260701.333333
1738618,IT,GB,FABRI,INTER,0.03,7820.845,3,3,7820.845,0.0,0.0,0.0,0.0,260694.833333
1756488,IT,KR,SALEM,CONST,0.06,7820.689,3,3,7820.689,0.0,0.0,0.0,0.0,130344.816667
1659261,IT,DE,SALEM,TRAN1,0.06,7820.524,3,3,7820.524,0.0,0.0,0.0,0.0,130342.066667
1771078,IT,CH,NATUR,MOTO1,0.01,7820.316,3,3,7820.316,0.0,0.0,0.0,0.0,782031.6
1795212,IT,WL,GLASS,PREC1,0.02,7820.21,3,3,7820.21,0.0,0.0,0.0,0.0,391010.5
1751693,IT,CN,INSUR,CHEM1,0.16,7819.788,3,3,7819.788,0.0,0.0,0.0,0.0,48873.675
1758830,IT,BR,HOTEL,CATTL,0.06,7818.889,3,3,7818.889,0.0,0.0,0.0,0.0,130314.816667
1720851,IT,PL,FURNI,FINAN,0.02,7818.878,3,3,7818.878,0.0,0.0,0.0,0.0,390943.9
1728870,IT,SE,CHEM1,CATTL,0.02,7818.821,3,3,7818.821,0.0,0.0,0.0,0.0,390941.05
1718678,IT,PL,WOODW,BRICK,0.02,7818.227,3,3,7818.227,0.0,0.0,0.0,0.0,390911.35
1729605,IT,SE,FABRI,VEGET,0.03,7817.756,3,3,7817.756,0.0,0.0,0.0,0.0,260591.866667
1793773,IT,WL,FISH5,RETA1,0.03,7817.74,4,4,7817.736,0.0,0.0,0.0,0.004,260591.333333
1787378,IT,WA,FORES,FORES,0.07,7817.274,4,4,7814.274,0.0,3.0,0.0,0.0,111675.342857
1744993,IT,US,PUBLI,FORES,0.13,7817.115,3,3,7817.115,0.0,0.0,0.0,0.0,60131.653846
1723828,IT,PT,MOTO1,TRANS,0.04,7816.872,3,3,7816.872,0.0,0.0,0.0,0.0,195421.8
1809870,IT,WM,BEVER,MEATC,0.03,7816.786,3,3,7816.786,0.0,0.0,0.0,0.0,260559.533333
1741713,IT,US,HEAVY,PAPE4,0.01,7816.777,3,3,7816.777,0.0,0.0,0.0,0.0,781677.7
1715996,IT,NL,BRICK,MOTO1,0.01,7816.642,3,3,7816.642,0.0,0.0,0.0,0.0,781664.2
1668673,IT,ES,LANDT,WHEAT,0.05,7816.589,3,3,7816.589,0.0,0.0,0.0,0.0,156331.78
1774989,IT,CH,AUXIL,RENTI,0.14,7816.374,3,3,7816.374,0.0,0.0,0.0,0.0,55831.242857
1786284,IT,ZA,FABRI,BASIC,0.03,7816.214,3,3,7816.214,0.0,0.0,0.0,0.0,260540.466667
1767003,IT,RU,MOTO1,RECRE,0.04,7816.059,3,3,7816.059,0.0,0.0,0.0,0.0,195401.475
1814780,IT,WM,WASTE,EDUCA,0.02,7815.993,3,3,7815.993,0.0,0.0,0.0,0.0,390799.65
1776313,IT,TR,PAPER,ALUM1,0.03,7815.856,3,3,7815.856,0.0,0.0,0.0,0.0,260528.533333
1734475,IT,SK,SANDC,MACHI,0.02,7815.559,4,4,7813.559,0.0,0.0,2.0,0.0,390777.95
1735504,IT,SK,PREC1,BASIC,0.01,7815.223,3,3,7815.223,0.0,0.0,0.0,0.0,781522.3
1785301,IT,ZA,LEATH,ANTHR,0.06,7815.169,3,3,7815.169,0.0,0.0,0.0,0.0,130252.816667
1774476,IT,CH,LANDT,PFERT,0.05,7815.133,3,3,7815.133,0.0,0.0,0.0,0.0,156302.66
1768764,IT,AU,WEARI,RAILW,0.06,7815.043,3,3,7815.043,0.0,0.0,0.0,0.0,130250.716667
1667762,IT,ES,OFFIC,SUGA1,0.02,7814.997,3,3,7814.997,0.0,0.0,0.0,0.0,390749.85
1679622,IT,GR,GLASS,MEATP,0.02,7814.908,3,3,7814.908,0.0,0.0,0.0,0.0,390745.4
1797807,IT,WL,OILHA,RESEA,0.04,7814.83,3,3,7814.83,0.0,0.0,0.0,0.0,195370.75
1681978,IT,HR,FOOD5,RETAI,0.04,7814.603,3,3,7814.603,0.0,0.0,0.0,0.0,195365.075
1718599,IT,PL,LEATH,PAPER,0.06,7813.572,3,3,7813.572,0.0,0.0,0.0,0.0,130226.2
1686673,IT,HU,COPP1,CEREA,0.02,7813.126,3,3,7813.126,0.0,0.0,0.0,0.0,390656.3
1772994,IT,CH,PREC1,WOOD1,0.01,7812.036,3,3,7812.036,0.0,0.0,0.0,0.0,781203.6
1667388,IT,ES,COPP1,CERAM,0.02,7811.543,3,3,7811.543,0.0,0.0,0.0,0.0,390577.15
1760753,IT,IN,PRINT,MOTOR,0.07,7811.5,3,3,7811.5,0.0,0.0,0.0,0.0,111592.857143
1688354,IT,IE,DAIRY,HEALT,0.03,7811.349,3,3,7811.349,0.0,0.0,0.0,0.0,260378.3
1735238,IT,SK,GLASS,VEGET,0.02,7810.892,3,3,7810.892,0.0,0.0,0.0,0.0,390544.6
1668670,IT,ES,RAILW,RECRE,0.05,7810.736,3,3,7810.736,0.0,0.0,0.0,0.0,156214.72
1793689,IT,WL,FOOD5,PROCE,0.04,7810.699,3,3,7810.699,0.0,0.0,0.0,0.0,195267.475
1734576,IT,SK,BEVER,VEGE1,0.03,7810.435,3,3,7810.435,0.0,0.0,0.0,0.0,260347.833333
1753803,IT,CA,SALEM,LANDT,0.06,7809.978,3,3,7809.978,0.0,0.0,0.0,0.0,130166.3
1668211,IT,ES,RETAI,BEVER,0.06,7809.452,3,3,7809.452,0.0,0.0,0.0,0.0,130157.533333
1728094,IT,SE,VEGE1,POULT,0.02,7808.864,4,4,7808.862,0.0,0.0,0.0,0.002,390443.2
1749078,IT,CN,WOODW,SUGAR,0.02,7808.678,3,3,7808.678,0.0,0.0,0.0,0.0,390433.9
1677702,IT,FR,RENTI,ELECT,0.05,7808.435,3,3,7808.435,0.0,0.0,0.0,0.0,156168.7
1655462,IT,DE,FORES,MEMBE,0.07,7808.411,4,4,7805.411,0.0,3.0,0.0,0.0,111548.728571
1643585,IT,AT,INLAN,REALE,0.01,7808.329,3,3,7808.329,0.0,0.0,0.0,0.0,780832.9
1678329,IT,FR,WASTE,POSTT,0.02,7808.073,3,3,7808.073,0.0,0.0,0.0,0.0,390403.65
1659270,IT,DE,SALEM,HOTEL,0.06,7807.732,3,3,7807.732,0.0,0.0,0.0,0.0,130128.866667
1668794,IT,ES,LANDT,PAPE1,0.05,7807.509,3,3,7807.509,0.0,0.0,0.0,0.0,156150.18
1803600,IT,WF,FOOD5,WOOLS,0.04,7807.445,3,3,7807.445,0.0,0.0,0.0,0.0,195186.125
1723912,IT,PT,FURNI,LANDT,0.02,7807.367,3,3,7807.367,0.0,0.0,0.0,0.0,390368.35
1735519,IT,SK,PREC1,SUPPO,0.01,7807.367,3,3,7807.367,0.0,0.0,0.0,0.0,780736.7
1751616,IT,CN,POSTT,AUXIL,0.13,7806.663,3,3,7806.663,0.0,0.0,0.0,0.0,60051.253846
1668461,IT,ES,RETA1,FOOD2,0.08,7806.272,3,3,7806.272,0.0,0.0,0.0,0.0,97578.4
1687323,IT,HU,RETA1,WHOLE,0.08,7806.112,3,3,7806.112,0.0,0.0,0.0,0.0,97576.4
1762854,IT,IN,PUBLI,POSTT,0.13,7806.051,3,3,7806.051,0.0,0.0,0.0,0.0,60046.546154
1640801,IT,AT,WEARI,CHEM1,0.06,7805.886,3,3,7805.886,0.0,0.0,0.0,0.0,130098.1
1673915,IT,FR,MOTOR,FABRI,0.01,7805.69,3,3,7805.69,0.0,0.0,0.0,0.0,780569.0
1642225,IT,AT,NONME,CATTL,0.02,7805.167,3,3,7805.167,0.0,0.0,0.0,0.0,390258.35
1761231,IT,IN,RUBBE,COKIN,0.03,7804.955,3,3,7804.955,0.0,0.0,0.0,0.0,260165.166667
1725930,IT,RO,PLAST,GLASS,0.02,7804.784,3,3,7804.784,0.0,0.0,0.0,0.0,390239.2
1745548,IT,JP,BEVER,ELEC4,0.03,7804.759,3,3,7804.759,0.0,0.0,0.0,0.0,260158.633333
1751726,IT,CN,INSUR,DIST1,0.16,7804.374,3,3,7804.374,0.0,0.0,0.0,0.0,48777.3375
1736368,IT,SK,LANDT,PIGS9,0.05,7804.194,3,3,7804.194,0.0,0.0,0.0,0.0,156083.88
1808380,IT,WF,WASTE,LEADZ,0.02,7803.712,3,3,7803.712,0.0,0.0,0.0,0.0,390185.6
1737103,IT,GB,MEATP,MEATP,0.03,7803.532,3,3,7803.532,0.0,0.0,0.0,0.0,260117.733333
1682866,IT,HR,LIQUE,EDUCA,0.01,7803.521,3,3,7803.521,0.0,0.0,0.0,0.0,780352.1
1812261,IT,WM,NONME,FOOD4,0.02,7803.024,3,3,7803.024,0.0,0.0,0.0,0.0,390151.2
1736030,IT,SK,FURNI,CEREA,0.02,7802.933,3,3,7802.933,0.0,0.0,0.0,0.0,390146.65
1759023,IT,BR,LANDT,EDUCA,0.05,7802.88,3,3,7802.88,0.0,0.0,0.0,0.0,156057.6
1724106,IT,PT,RETA1,COPPE,0.08,7802.398,3,3,7802.398,0.0,0.0,0.0,0.0,97529.975
1642398,IT,AT,PREC1,RUBBE,0.01,7802.058,3,3,7802.058,0.0,0.0,0.0,0.0,780205.8
1778034,IT,TR,OFFIC,ALUM1,0.02,7801.652,3,3,7801.652,0.0,0.0,0.0,0.0,390082.6
1736916,IT,SK,BUSIN,INERT,0.08,7800.75,3,3,7800.75,0.0,0.0,0.0,0.0,97509.375
1729315,IT,SE,NONME,FURNI,0.02,7800.468,3,3,7800.468,0.0,0.0,0.0,0.0,390023.4
1712606,IT,LV,OFFIC,MACHI,0.02,7799.998,3,3,7799.998,0.0,0.0,0.0,0.0,389999.9
1743334,IT,US,CONST,BUSIN,0.04,7799.811,3,3,7799.811,0.0,0.0,0.0,0.0,194995.275
1683561,IT,HR,LEAD1,COLLE,0.01,7799.613,3,3,7799.613,0.0,0.0,0.0,0.0,779961.3
1762824,IT,IN,PUBLI,FABRI,0.13,7799.377,3,3,7799.377,0.0,0.0,0.0,0.0,59995.207692
1668512,IT,ES,HOTEL,LUBRI,0.06,7799.115,3,3,7799.115,0.0,0.0,0.0,0.0,129985.25
1678962,IT,GR,WEARI,ELEC5,0.06,7798.7,3,3,7798.7,0.0,0.0,0.0,0.0,129978.333333
1722403,IT,PT,MEATC,RETA1,0.03,7798.535,3,3,7798.535,0.0,0.0,0.0,0.0,259951.166667
1666306,IT,ES,LIQUE,WHITE,0.01,7798.297,3,3,7798.297,0.0,0.0,0.0,0.0,779829.7
1799782,IT,WE,KERO1,PRECI,0.01,7798.047,3,3,7798.047,0.0,0.0,0.0,0.0,779804.7
1728838,IT,SE,PLAST,ALUM1,0.02,7797.826,3,3,7797.826,0.0,0.0,0.0,0.0,389891.3
1645264,IT,BE,MOTOR,KERO1,0.01,7797.737,3,3,7797.737,0.0,0.0,0.0,0.0,779773.7
1738236,IT,GB,CEMEN,NONME,0.01,7797.693,3,3,7797.693,0.0,0.0,0.0,0.0,779769.3
1718797,IT,PL,PAPER,LIQUE,0.03,7797.017,3,3,7797.017,0.0,0.0,0.0,0.0,259900.566667
1725159,IT,RO,VEGE1,RAWMI,0.02,7796.692,4,4,7796.69,0.0,0.0,0.0,0.002,389834.6
1645223,IT,BE,COALT,FOOD5,0.01,7796.652,3,3,7796.652,0.0,0.0,0.0,0.0,779665.2
1679201,IT,GR,PRINT,RECRE,0.07,7795.863,3,3,7795.863,0.0,0.0,0.0,0.0,111369.471429
1761758,IT,IN,MACHI,CEMEN,0.04,7795.668,3,3,7795.668,0.0,0.0,0.0,0.0,194891.7
1795491,IT,WL,ALUM1,MEATP,0.01,7795.568,3,3,7795.568,0.0,0.0,0.0,0.0,779556.8
1641592,IT,AT,NAPHT,COALT,0.01,7795.326,3,3,7795.326,0.0,0.0,0.0,0.0,779532.6
1757574,IT,BR,GASDI,FISHF,0.01,7795.139,3,3,7795.139,0.0,0.0,0.0,0.0,779513.9
1779849,IT,TR,PUBLI,MACHI,0.13,7794.903,3,3,7794.903,0.0,0.0,0.0,0.0,59960.792308
1758942,IT,BR,RAILW,RUBBE,0.05,7794.845,3,3,7794.845,0.0,0.0,0.0,0.0,155896.9
1793489,IT,WL,CHEMI,WEARI,0.02,7794.727,3,3,7794.727,0.0,0.0,0.0,0.0,389736.35
1645976,IT,BE,CEMEN,SANDC,0.01,7794.239,3,3,7794.239,0.0,0.0,0.0,0.0,779423.9
1677459,IT,FR,AUXIL,CEREA,0.14,7793.694,3,3,7793.694,0.0,0.0,0.0,0.0,55669.242857
1734268,IT,SI,COMPU,FINAN,0.09,7793.682,3,3,7793.682,0.0,0.0,0.0,0.0,86596.466667
1803248,IT,WF,MEATA,PRECI,0.04,7793.519,3,3,7793.519,0.0,0.0,0.0,0.0,194837.975
1667901,IT,ES,MOTO1,ELECT,0.04,7793.273,3,3,7793.273,0.0,0.0,0.0,0.0,194831.825
1807321,IT,WF,POSTT,DIST1,0.13,7793.211,3,3,7793.211,0.0,0.0,0.0,0.0,59947.776923
1664216,IT,EE,CERAM,RENTI,0.01,7792.973,3,3,7792.973,0.0,0.0,0.0,0.0,779297.3
1651354,IT,CY,PAPER,CHEM1,0.03,7792.964,3,3,7792.964,0.0,0.0,0.0,0.0,259765.466667
1641722,IT,AT,PLAST,LANDT,0.02,7792.721,3,3,7792.721,0.0,0.0,0.0,0.0,389636.05
1793330,IT,WA,PRIVA,SUPPO,1.74,7792.679,3,3,7792.679,0.0,0.0,0.0,0.0,4478.551149
1656240,IT,DE,WEARI,DAIRY,0.06,7792.643,3,3,7792.643,0.0,0.0,0.0,0.0,129877.383333
1803739,IT,WF,FISH5,SALEM,0.03,7792.35,4,4,7792.346,0.0,0.0,0.0,0.004,259745.0
1792957,IT,WA,PLAS1,WEARI,0.03,7792.12,3,3,7792.12,0.0,0.0,0.0,0.0,259737.333333
1659250,IT,DE,SALEM,ELECT,0.06,7791.597,3,3,7791.597,0.0,0.0,0.0,0.0,129859.95
1646856,IT,BE,RETAI,RESEA,0.06,7791.424,3,3,7791.424,0.0,0.0,0.0,0.0,129857.066667
1645336,IT,BE,GASDI,TRANS,0.01,7790.943,3,3,7790.943,0.0,0.0,0.0,0.0,779094.3
1680094,IT,GR,MACHI,FOOD4,0.04,7790.45,3,3,7790.45,0.0,0.0,0.0,0.0,194761.25
1794732,IT,WL,BITU1,REALE,0.01,7790.404,3,3,7790.404,0.0,0.0,0.0,0.0,779040.4
1711224,IT,LU,MACHI,RETAI,0.04,7790.196,3,3,7790.196,0.0,0.0,0.0,0.0,194754.9
1723868,IT,PT,TRANS,RESEA,0.05,7790.193,3,3,7790.193,0.0,0.0,0.0,0.0,155803.86
1762398,IT,IN,POSTT,FABRI,0.13,7789.674,3,3,7789.674,0.0,0.0,0.0,0.0,59920.569231
1763189,IT,MX,LEATH,HOTEL,0.06,7789.635,3,3,7789.635,0.0,0.0,0.0,0.0,129827.25
1803284,IT,WF,FISHF,PIGS9,0.01,7789.222,3,3,7789.222,0.0,0.0,0.0,0.0,778922.2
1809168,IT,WM,CATTL,RETA1,0.02,7789.166,3,3,7789.166,0.0,0.0,0.0,0.0,389458.3
1687943,IT,HU,RENTI,MEAT1,0.05,7788.877,3,3,7788.877,0.0,0.0,0.0,0.0,155777.54
1644788,IT,BE,TOBAC,PLAST,0.03,7788.659,3,3,7788.659,0.0,0.0,0.0,0.0,259621.966667
1767723,IT,RU,FINAN,DISTR,0.1,7788.449,3,3,7788.449,0.0,0.0,0.0,0.0,77884.49
1727735,IT,RO,COMPU,PUBLI,0.09,7788.246,3,3,7788.246,0.0,0.0,0.0,0.0,86536.066667
1720743,IT,PL,TRANS,CEMEN,0.05,7788.242,3,3,7788.242,0.0,0.0,0.0,0.0,155764.84
1767455,IT,RU,LANDT,EDUCA,0.05,7788.203,3,3,7788.203,0.0,0.0,0.0,0.0,155764.06
1731107,IT,SI,FISHF,SANDC,0.01,7788.137,3,3,7788.137,0.0,0.0,0.0,0.0,778813.7
1669960,IT,ES,EDUCA,DIST1,0.19,7787.749,3,3,7787.749,0.0,0.0,0.0,0.0,40988.152632
1764481,IT,MX,CONST,POULT,0.04,7787.629,3,3,7787.629,0.0,0.0,0.0,0.0,194690.725
1745238,IT,JP,STONE,PUBLI,0.03,7787.55,3,3,7787.55,0.0,0.0,0.0,0.0,259585.0
1764520,IT,MX,CONST,AUXIL,0.04,7787.492,3,3,7787.492,0.0,0.0,0.0,0.0,194687.3
1724270,IT,PT,LANDT,NAPHT,0.05,7787.196,3,3,7787.196,0.0,0.0,0.0,0.0,155743.92
1783235,IT,NO,BUSIN,RESEA,0.08,7786.757,3,3,7786.757,0.0,0.0,0.0,0.0,97334.4625
1715834,IT,NL,RUBBE,CERAM,0.03,7786.456,3,3,7786.456,0.0,0.0,0.0,0.0,259548.533333
1753045,IT,CA,CHEM1,AIRTR,0.02,7786.429,3,3,7786.429,0.0,0.0,0.0,0.0,389321.45
1798356,IT,WE,MEATA,CROPS,0.04,7785.929,3,3,7785.929,0.0,0.0,0.0,0.0,194648.225
1742618,IT,US,ALUM1,PAPE4,0.01,7785.891,3,3,7785.891,0.0,0.0,0.0,0.0,778589.1
1777771,IT,TR,FABRI,NATUR,0.03,7785.807,3,3,7785.807,0.0,0.0,0.0,0.0,259526.9
1751097,IT,CN,RETA1,GASDI,0.08,7785.641,3,3,7785.641,0.0,0.0,0.0,0.0,97320.5125
1666184,IT,ES,HEAVY,PIGS9,0.01,7785.517,3,3,7785.517,0.0,0.0,0.0,0.0,778551.7
1712698,IT,LV,HOTEL,NONME,0.06,7785.512,3,3,7785.512,0.0,0.0,0.0,0.0,129758.533333
1646571,IT,BE,OFFIC,REALE,0.02,7785.429,3,3,7785.429,0.0,0.0,0.0,0.0,389271.45
1734484,IT,SK,MEATC,MOTO1,0.03,7785.371,3,3,7785.371,0.0,0.0,0.0,0.0,259512.366667
1781771,IT,NO,PRINT,CONST,0.07,7784.712,3,3,7784.712,0.0,0.0,0.0,0.0,111210.171429
1801841,IT,WE,ELEC8,PULP5,0.1,7784.546,3,3,7784.546,0.0,0.0,0.0,0.0,77845.46
1664168,IT,EE,RUBBE,EDUCA,0.03,7784.198,3,3,7784.198,0.0,0.0,0.0,0.0,259473.266667
1800647,IT,WE,CERAM,BEVER,0.01,7784.159,3,3,7784.159,0.0,0.0,0.0,0.0,778415.9
1765359,IT,RU,BEVER,FISHF,0.03,7783.434,3,3,7783.434,0.0,0.0,0.0,0.0,259447.8
1688959,IT,IE,MACHI,CEREA,0.04,7783.426,3,3,7783.426,0.0,0.0,0.0,0.0,194585.65
1645904,IT,BE,CERAM,MEATC,0.01,7783.131,3,3,7783.131,0.0,0.0,0.0,0.0,778313.1
1785949,IT,ZA,RUBBE,GLASS,0.03,7782.575,3,3,7782.575,0.0,0.0,0.0,0.0,259419.166667
1765200,IT,MX,BUSIN,AUXIL,0.08,7782.287,3,3,7782.287,0.0,0.0,0.0,0.0,97278.5875
1749834,IT,CN,RUBBE,NFERT,0.03,7782.239,3,3,7782.239,0.0,0.0,0.0,0.0,259407.966667
1805834,IT,WF,ALUM1,FISHF,0.01,7782.211,3,3,7782.211,0.0,0.0,0.0,0.0,778221.1
1685077,IT,HU,FOOD5,CATTL,0.04,7781.942,3,3,7781.942,0.0,0.0,0.0,0.0,194548.55
1792829,IT,WA,EDUCA,FOOD5,0.19,7781.932,3,3,7781.932,0.0,0.0,0.0,0.0,40957.536842
1663818,IT,EE,FISH5,WHOLE,0.03,7781.881,4,4,7781.877,0.0,0.0,0.0,0.004,259396.033333
1757063,IT,KR,BUSIN,ELEC1,0.08,7781.663,3,3,7781.663,0.0,0.0,0.0,0.0,97270.7875
1789159,IT,WA,PLAST,LEADZ,0.02,7781.373,3,3,7781.373,0.0,0.0,0.0,0.0,389068.65
1719986,IT,PL,ALUM1,FISHF,0.01,7781.335,3,3,7781.335,0.0,0.0,0.0,0.0,778133.5
1644001,IT,AT,RESEA,RENTI,0.04,7780.736,3,3,7780.736,0.0,0.0,0.0,0.0,194518.4
1793665,IT,WL,SUGA1,FISH5,0.02,7780.658,3,3,7780.658,0.0,0.0,0.0,0.0,389032.9
1745515,IT,JP,FOOD5,SUPPO,0.04,7780.654,3,3,7780.654,0.0,0.0,0.0,0.0,194516.35
1733804,IT,SI,LANDT,INSUR,0.05,7780.541,3,3,7780.541,0.0,0.0,0.0,0.0,155610.82
1786062,IT,ZA,CEMEN,CERAM,0.01,7780.504,3,3,7780.504,0.0,0.0,0.0,0.0,778050.4
1752208,IT,CN,PUBLI,AIRTR,0.13,7780.418,3,3,7780.418,0.0,0.0,0.0,0.0,59849.369231
1711705,IT,LU,BUSIN,CERAM,0.08,7780.398,3,3,7780.398,0.0,0.0,0.0,0.0,97254.975
1773337,IT,CH,MACHI,FOUND,0.04,7780.029,3,3,7780.029,0.0,0.0,0.0,0.0,194500.725
1786561,IT,ZA,FURNI,SALEM,0.02,7779.982,3,3,7779.982,0.0,0.0,0.0,0.0,388999.1
1763506,IT,MX,CHEM1,PLANT,0.02,7779.907,3,3,7779.907,0.0,0.0,0.0,0.0,388995.35
1791478,IT,WA,WHOLE,AIRTR,0.07,7779.668,3,3,7779.668,0.0,0.0,0.0,0.0,111138.114286
1679277,IT,GR,GASDI,EDUCA,0.01,7778.969,3,3,7778.969,0.0,0.0,0.0,0.0,777896.9
1641036,IT,AT,PULP5,REALE,0.02,7778.923,3,3,7778.923,0.0,0.0,0.0,0.0,388946.15
1687465,IT,HU,RAILW,RETA1,0.05,7778.519,3,3,7778.519,0.0,0.0,0.0,0.0,155570.38
1666445,IT,ES,NONSP,SUGA1,0.01,7778.452,3,3,7778.452,0.0,0.0,0.0,0.0,777845.2
1771841,IT,CH,WOODW,ELECT,0.02,7778.23,3,3,7778.23,0.0,0.0,0.0,0.0,388911.5
1731144,IT,SI,NATUR,LANDT,0.01,7778.136,3,3,7778.136,0.0,0.0,0.0,0.0,777813.6
1676180,IT,FR,CONST,NONME,0.04,7778.079,3,3,7778.079,0.0,0.0,0.0,0.0,194451.975
1759030,IT,BR,TRAN2,GASDI,0.01,7777.564,3,3,7777.564,0.0,0.0,0.0,0.0,777756.4
1757289,IT,BR,PROCE,HEALT,0.05,7777.239,3,3,7777.239,0.0,0.0,0.0,0.0,155544.78
1749285,IT,CN,PAPER,RAILW,0.03,7776.844,3,3,7776.844,0.0,0.0,0.0,0.0,259228.133333
1730539,IT,SE,AUXIL,BASIC,0.14,7776.22,3,3,7776.22,0.0,0.0,0.0,0.0,55544.428571
1788738,IT,WA,MOTOR,ELEC2,0.01,7775.963,3,3,7775.963,0.0,0.0,0.0,0.0,777596.3
1795354,IT,WL,NONME,LANDT,0.02,7775.923,3,3,7775.923,0.0,0.0,0.0,0.0,388796.15
1669504,IT,ES,AUXIL,SALEM,0.14,7775.779,3,3,7775.779,0.0,0.0,0.0,0.0,55541.278571
1799658,IT,WE,MOTOR,BIOGA,0.01,7775.578,3,3,7775.578,0.0,0.0,0.0,0.0,777557.8
1791283,IT,WA,CONST,CHEM1,0.04,7775.269,3,3,7775.269,0.0,0.0,0.0,0.0,194381.725
1643019,IT,AT,CONST,TRANS,0.04,7775.165,3,3,7775.165,0.0,0.0,0.0,0.0,194379.125
1772921,IT,CH,PREC1,PIGS9,0.01,7775.017,3,3,7775.017,0.0,0.0,0.0,0.0,777501.7
1795606,IT,WL,FABRI,MEATA,0.03,7775.014,3,3,7775.014,0.0,0.0,0.0,0.0,259167.133333
1798314,IT,WE,CROPS,NONME,0.06,7774.823,3,3,7774.823,0.0,0.0,0.0,0.0,129580.383333
1677742,IT,FR,RENTI,INERT,0.05,7774.774,3,3,7774.774,0.0,0.0,0.0,0.0,155495.48
1793450,IT,WL,STONE,FISH5,0.03,7774.474,3,3,7774.474,0.0,0.0,0.0,0.0,259149.133333
1810202,IT,WM,LEATH,PLANT,0.06,7774.387,3,3,7774.387,0.0,0.0,0.0,0.0,129573.116667
1777320,IT,TR,GLASS,GASDI,0.02,7774.347,3,3,7774.347,0.0,0.0,0.0,0.0,388717.35
1803986,IT,WF,LEATH,LEAD1,0.06,7774.2,3,3,7774.2,0.0,0.0,0.0,0.0,129570.0
1655327,IT,DE,VEGET,RADIO,0.03,7773.639,3,3,7773.639,0.0,0.0,0.0,0.0,259121.3
1645381,IT,BE,HEAVY,CERAM,0.01,7773.522,3,3,7773.522,0.0,0.0,0.0,0.0,777352.2
1672875,IT,FR,VEGE1,BIODI,0.02,7773.486,4,4,7773.484,0.0,0.0,0.0,0.002,388674.3
1742042,IT,US,RUBBE,CROPS,0.03,7773.465,3,3,7773.465,0.0,0.0,0.0,0.0,259115.5
1751320,IT,CN,LANDT,CHEM1,0.05,7773.447,3,3,7773.447,0.0,0.0,0.0,0.0,155468.94
1762710,IT,IN,BUSIN,LEATH,0.08,7773.432,3,3,7773.432,0.0,0.0,0.0,0.0,97167.9
1727426,IT,RO,FINAN,FINAN,0.1,7773.131,3,3,7773.131,0.0,0.0,0.0,0.0,77731.31
1757912,IT,BR,CHEM1,DIST1,0.02,7773.029,3,3,7773.029,0.0,0.0,0.0,0.0,388651.45
1785426,IT,ZA,PAPER,DISTR,0.03,7772.859,3,3,7772.859,0.0,0.0,0.0,0.0,259095.3
1784967,IT,ID,INSUR,MOTO1,0.16,7772.022,3,3,7772.022,0.0,0.0,0.0,0.0,48575.1375
1683364,IT,HR,NONME,INERT,0.02,7772.015,3,3,7772.015,0.0,0.0,0.0,0.0,388600.75
1668423,IT,ES,RETA1,ELEC4,0.08,7771.601,3,3,7771.601,0.0,0.0,0.0,0.0,97145.0125
1712840,IT,LV,AUXIL,MOTO1,0.14,7771.473,3,3,7771.473,0.0,0.0,0.0,0.0,55510.521429
1727588,IT,RO,REALE,SALEM,0.33,7771.25,3,3,7771.25,0.0,0.0,0.0,0.0,23549.242424
1687201,IT,HU,CONST,BITU1,0.04,7771.216,3,3,7771.216,0.0,0.0,0.0,0.0,194280.4
1644092,IT,AT,BUSIN,PUBLI,0.08,7771.09,3,3,7771.09,0.0,0.0,0.0,0.0,97138.625
1646662,IT,BE,FURNI,GASDI,0.02,7770.983,3,3,7770.983,0.0,0.0,0.0,0.0,388549.15
1806043,IT,WF,COPP1,AIRTR,0.02,7770.968,3,3,7770.968,0.0,0.0,0.0,0.0,388548.4
1690034,IT,IE,REALE,MEMBE,0.33,7770.61,3,3,7770.61,0.0,0.0,0.0,0.0,23547.30303
1689877,IT,IE,AUXIL,FISH5,0.14,7770.478,3,3,7770.478,0.0,0.0,0.0,0.0,55503.414286
1712320,IT,LV,RUBBE,PAPER,0.03,7770.069,3,3,7770.069,0.0,0.0,0.0,0.0,259002.3
1709669,IT,LT,PLAST,PULP5,0.02,7769.937,3,3,7769.937,0.0,0.0,0.0,0.0,388496.85
1729264,IT,SE,CEMEN,SANDC,0.01,7769.662,3,3,7769.662,0.0,0.0,0.0,0.0,776966.2
1808566,IT,WF,PAPE4,DISTR,0.05,7769.24,3,3,7769.24,0.0,0.0,0.0,0.0,155384.8
1731743,IT,SI,PULP5,HOTEL,0.02,7768.831,3,3,7768.831,0.0,0.0,0.0,0.0,388441.55
1789609,IT,WA,RUBBE,PRECI,0.03,7768.755,3,3,7768.755,0.0,0.0,0.0,0.0,258958.5
1753287,IT,CA,NONME,MOTO1,0.02,7768.404,3,3,7768.404,0.0,0.0,0.0,0.0,388420.2
1651343,IT,CY,WOODW,SUPPO,0.02,7768.271,3,3,7768.271,0.0,0.0,0.0,0.0,388413.55
1771279,IT,CH,DAIRY,PIGS9,0.03,7768.248,3,3,7768.248,0.0,0.0,0.0,0.0,258941.6
1814788,IT,WM,PAPE4,PFERT,0.05,7767.56,3,3,7767.56,0.0,0.0,0.0,0.0,155351.2
1646793,IT,BE,SALEM,GASDI,0.06,7767.481,3,3,7767.481,0.0,0.0,0.0,0.0,129458.016667
1734502,IT,SK,VEGE1,MEATC,0.02,7767.408,4,4,7767.406,0.0,0.0,0.0,0.002,388370.4
1743497,IT,US,RETA1,FISHF,0.08,7767.329,3,3,7767.329,0.0,0.0,0.0,0.0,97091.6125
1737216,IT,GB,PROCE,SUGA1,0.05,7766.765,3,3,7766.765,0.0,0.0,0.0,0.0,155335.3
1722999,IT,PT,PLAST,SANDC,0.02,7766.74,3,3,7766.74,0.0,0.0,0.0,0.0,388337.0
1641678,IT,AT,NONSP,CHEM1,0.01,7766.728,3,3,7766.728,0.0,0.0,0.0,0.0,776672.8
1759316,IT,BR,POSTT,FOOD4,0.13,7766.723,3,3,7766.723,0.0,0.0,0.0,0.0,59744.023077
1758322,IT,BR,COPP1,TRANS,0.02,7766.069,3,3,7766.069,0.0,0.0,0.0,0.0,388303.45
1674846,IT,FR,NONME,KEROS,0.02,7765.938,3,3,7765.938,0.0,0.0,0.0,0.0,388296.9
1677182,IT,FR,POSTT,RADIO,0.13,7765.462,3,3,7765.462,0.0,0.0,0.0,0.0,59734.323077
1804044,IT,WF,WOODW,CEMEN,0.02,7765.142,3,3,7765.142,0.0,0.0,0.0,0.0,388257.1
1781121,IT,TW,FOODW,PUBLI,0.06,7764.701,3,3,7764.701,0.0,0.0,0.0,0.0,129411.683333
1710652,IT,LU,MEAT4,REALE,0.04,7764.565,3,3,7764.565,0.0,0.0,0.0,0.0,194114.125
1731080,IT,SI,VEGET,RESEA,0.03,7764.378,3,3,7764.378,0.0,0.0,0.0,0.0,258812.6
1753183,IT,CA,GLASS,PFERT,0.02,7764.312,3,3,7764.312,0.0,0.0,0.0,0.0,388215.6
1807566,IT,WF,COMPU,PRINT,0.09,7764.104,3,3,7764.104,0.0,0.0,0.0,0.0,86267.822222
1686218,IT,HU,GLASS,RAILW,0.02,7764.01,3,3,7764.01,0.0,0.0,0.0,0.0,388200.5
1672878,IT,FR,VEGE1,NONME,0.02,7763.696,4,4,7763.694,0.0,0.0,0.0,0.002,388184.8
1735952,IT,SK,MOTO1,ALUM1,0.04,7763.51,3,3,7763.51,0.0,0.0,0.0,0.0,194087.75
1771276,IT,CH,VEGE1,93197,0.02,7763.476,4,4,7763.474,0.0,0.0,0.0,0.002,388173.8
1745402,IT,JP,VEGE1,FOOD4,0.02,7763.352,4,4,7763.35,0.0,0.0,0.0,0.002,388167.6
1797116,IT,WL,POSTT,PAPER,0.13,7763.317,3,3,7763.317,0.0,0.0,0.0,0.0,59717.823077
1768626,IT,AU,FISH5,CHEM1,0.03,7763.259,4,4,7763.255,0.0,0.0,0.0,0.004,258775.3
1766975,IT,RU,MOTO1,STEAM,0.04,7763.229,3,3,7763.229,0.0,0.0,0.0,0.0,194080.725
1777241,IT,TR,RUBBE,LEAD1,0.03,7763.127,3,3,7763.127,0.0,0.0,0.0,0.0,258770.9
1807937,IT,WF,PLAS1,PAPER,0.03,7763.097,3,3,7763.097,0.0,0.0,0.0,0.0,258769.9
1808589,IT,WF,PAPE4,MEMBE,0.05,7762.916,3,3,7762.916,0.0,0.0,0.0,0.0,155258.32
1758567,IT,BR,OFFIC,REALE,0.02,7762.624,3,3,7762.624,0.0,0.0,0.0,0.0,388131.2
1709472,IT,LT,TEXTI,RENTI,0.05,7762.179,3,3,7762.179,0.0,0.0,0.0,0.0,155243.58
1686177,IT,HU,GLASS,FISH5,0.02,7761.803,3,3,7761.803,0.0,0.0,0.0,0.0,388090.15
1736792,IT,SK,COMPU,FABRI,0.09,7760.743,3,3,7760.743,0.0,0.0,0.0,0.0,86230.477778
1793119,IT,WA,RECRE,WEARI,0.1,7760.672,3,3,7760.672,0.0,0.0,0.0,0.0,77606.72
1769736,IT,AU,MACHI,PROCE,0.04,7760.649,3,3,7760.649,0.0,0.0,0.0,0.0,194016.225
1727434,IT,RO,FINAN,PUBLI,0.1,7760.543,3,3,7760.543,0.0,0.0,0.0,0.0,77605.43
1757266,IT,BR,DAIRY,FOOD5,0.03,7760.429,3,3,7760.429,0.0,0.0,0.0,0.0,258680.966667
1725897,IT,RO,NAPHT,CHEM1,0.01,7760.306,3,3,7760.306,0.0,0.0,0.0,0.0,776030.6
1732078,IT,SI,KERO1,MEATA,0.01,7760.173,3,3,7760.173,0.0,0.0,0.0,0.0,776017.3
1802065,IT,WE,RETA1,VEGET,0.08,7760.149,3,3,7760.149,0.0,0.0,0.0,0.0,97001.8625
1742631,IT,US,LEAD1,POSTT,0.01,7759.986,3,3,7759.986,0.0,0.0,0.0,0.0,775998.6
1753516,IT,CA,MACHI,COPPE,0.04,7759.852,3,3,7759.852,0.0,0.0,0.0,0.0,193996.3
1755376,IT,KR,MOTOR,RETA1,0.01,7759.414,3,3,7759.414,0.0,0.0,0.0,0.0,775941.4
1714012,IT,MT,RETA1,POSTT,0.08,7759.26,3,3,7759.26,0.0,0.0,0.0,0.0,96990.75
1752042,IT,CN,RESEA,RECRE,0.04,7758.282,3,3,7758.282,0.0,0.0,0.0,0.0,193957.05
1722841,IT,PT,PRINT,BEVER,0.07,7757.765,3,3,7757.765,0.0,0.0,0.0,0.0,110825.214286
1739968,IT,GB,AUXIL,DISTR,0.14,7757.037,3,3,7757.037,0.0,0.0,0.0,0.0,55407.407143
1738641,IT,GB,MACHI,MEATA,0.04,7756.549,3,3,7756.549,0.0,0.0,0.0,0.0,193913.725
1797478,IT,WL,RESEA,REALE,0.04,7756.477,3,3,7756.477,0.0,0.0,0.0,0.0,193911.925
1680274,IT,GR,FURNI,ALUM1,0.02,7756.202,3,3,7756.202,0.0,0.0,0.0,0.0,387810.1
1774169,IT,CH,RETA1,CEREA,0.08,7755.966,3,3,7755.966,0.0,0.0,0.0,0.0,96949.575
1787770,IT,WA,DAIRY,MEATP,0.03,7755.589,3,3,7755.589,0.0,0.0,0.0,0.0,258519.633333
1736365,IT,SK,LANDT,OILSE,0.05,7754.963,3,3,7754.963,0.0,0.0,0.0,0.0,155099.26
1687282,IT,HU,WHOLE,FINAN,0.07,7754.832,3,3,7754.832,0.0,0.0,0.0,0.0,110783.314286
1709978,IT,LT,PREC1,OFFIC,0.01,7754.212,3,3,7754.212,0.0,0.0,0.0,0.0,775421.2
1773057,IT,CH,ALUM1,STEAM,0.01,7753.658,3,3,7753.658,0.0,0.0,0.0,0.0,775365.8
1780578,IT,TW,INSUR,COPPE,0.16,7753.526,3,3,7753.526,0.0,0.0,0.0,0.0,48459.5375
1674168,IT,FR,LIQUE,CROPS,0.01,7753.408,3,3,7753.408,0.0,0.0,0.0,0.0,775340.8
1797627,IT,WL,FOODW,INSUR,0.06,7753.202,3,3,7753.202,0.0,0.0,0.0,0.0,129220.033333
1782348,IT,NO,FABRI,TEXTI,0.03,7753.034,3,3,7753.034,0.0,0.0,0.0,0.0,258434.466667
1731271,IT,SI,MEATP,HEALT,0.03,7752.707,3,3,7752.707,0.0,0.0,0.0,0.0,258423.566667
1666864,IT,ES,GLASS,LIQUE,0.02,7752.384,3,3,7752.384,0.0,0.0,0.0,0.0,387619.2
1729324,IT,SE,NONME,SALEM,0.02,7752.133,3,3,7752.133,0.0,0.0,0.0,0.0,387606.65
1743802,IT,US,LANDT,COLLE,0.05,7751.346,3,3,7751.346,0.0,0.0,0.0,0.0,155026.92
1757426,IT,BR,PAPER,CATTL,0.03,7751.323,3,3,7751.323,0.0,0.0,0.0,0.0,258377.433333
1689195,IT,IE,RETAI,PLAST,0.06,7751.098,3,3,7751.098,0.0,0.0,0.0,0.0,129184.966667
1797715,IT,WL,PLAS1,AIRTR,0.03,7750.856,3,3,7750.856,0.0,0.0,0.0,0.0,258361.866667
1789745,IT,WA,GLASS,PAPER,0.02,7750.526,3,3,7750.526,0.0,0.0,0.0,0.0,387526.3
1654068,IT,CZ,MACHI,PLAS2,0.04,7750.366,3,3,7750.366,0.0,0.0,0.0,0.0,193759.15
1684912,IT,HU,CHEMI,DAIRY,0.02,7750.04,3,3,7750.04,0.0,0.0,0.0,0.0,387502.0
1688450,IT,IE,TEXTI,SECO9,0.05,7749.886,3,3,7749.886,0.0,0.0,0.0,0.0,154997.72
1787511,IT,WA,CHEMI,VEGE1,0.02,7749.61,3,3,7749.61,0.0,0.0,0.0,0.0,387480.5
1729158,IT,SE,GLASS,ELEC4,0.02,7749.323,3,3,7749.323,0.0,0.0,0.0,0.0,387466.15
1715332,IT,NL,PAPER,INERT,0.03,7749.232,3,3,7749.232,0.0,0.0,0.0,0.0,258307.733333
1791324,IT,WA,SALEM,FISHF,0.06,7749.144,3,3,7749.144,0.0,0.0,0.0,0.0,129152.4
1809921,IT,WM,BEVER,SEACO,0.03,7749.104,3,3,7749.104,0.0,0.0,0.0,0.0,258303.466667
1748835,IT,CN,TEXTI,LANDT,0.05,7748.812,3,3,7748.812,0.0,0.0,0.0,0.0,154976.24
1765957,IT,RU,CHEM1,LIGNI,0.02,7748.779,3,3,7748.779,0.0,0.0,0.0,0.0,387438.95
1717686,IT,NL,BUSIN,ELEC1,0.08,7748.667,3,3,7748.667,0.0,0.0,0.0,0.0,96858.3375
1735016,IT,SK,PLAST,BASIC,0.02,7748.638,3,3,7748.638,0.0,0.0,0.0,0.0,387431.9
1672776,IT,FR,MEATP,MEATC,0.03,7748.622,3,3,7748.622,0.0,0.0,0.0,0.0,258287.4
1722963,IT,PT,HEAVY,SEACO,0.01,7748.441,3,3,7748.441,0.0,0.0,0.0,0.0,774844.1
1727518,IT,RO,AUXIL,INTER,0.14,7748.433,3,3,7748.433,0.0,0.0,0.0,0.0,55345.95
1653604,IT,CZ,PREC1,OFFIC,0.01,7748.379,3,3,7748.379,0.0,0.0,0.0,0.0,774837.9
1723492,IT,PT,ALUM1,WASTE,0.01,7748.32,3,3,7748.32,0.0,0.0,0.0,0.0,774832.0
1643819,IT,AT,FINAN,TRANS,0.1,7748.117,3,3,7748.117,0.0,0.0,0.0,0.0,77481.17
1802463,IT,WE,SUPPO,PFERT,0.06,7748.057,3,3,7748.057,0.0,0.0,0.0,0.0,129134.283333
1723959,IT,PT,SALEM,RUBBE,0.06,7747.751,3,3,7747.751,0.0,0.0,0.0,0.0,129129.183333
1684895,IT,HU,SANDC,POSTT,0.02,7747.411,4,4,7745.411,0.0,0.0,2.0,0.0,387370.55
1792238,IT,WA,POSTT,MOTOR,0.13,7747.39,3,3,7747.39,0.0,0.0,0.0,0.0,59595.307692
1768286,IT,AU,VEGET,BUSIN,0.03,7747.277,3,3,7747.277,0.0,0.0,0.0,0.0,258242.566667
1804637,IT,WF,HEAVY,ELEC6,0.01,7746.929,3,3,7746.929,0.0,0.0,0.0,0.0,774692.9
1769880,IT,AU,MOTO1,CEREA,0.04,7746.874,3,3,7746.874,0.0,0.0,0.0,0.0,193671.85
1684561,IT,HR,BUSIN,COLLE,0.08,7746.82,3,3,7746.82,0.0,0.0,0.0,0.0,96835.25
1680943,IT,GR,TRAN2,PAPE4,0.01,7746.627,3,3,7746.627,0.0,0.0,0.0,0.0,774662.7
1779259,IT,TR,FINAN,CHEM1,0.1,7746.297,3,3,7746.297,0.0,0.0,0.0,0.0,77462.97
1746378,IT,JP,RUBBE,CEMEN,0.03,7746.175,3,3,7746.175,0.0,0.0,0.0,0.0,258205.833333
1757743,IT,BR,PARAF,KEROS,0.01,7746.121,3,3,7746.121,0.0,0.0,0.0,0.0,774612.1
1680232,IT,GR,TRANS,RADIO,0.05,7746.068,3,3,7746.068,0.0,0.0,0.0,0.0,154921.36
1640574,IT,AT,FOOD5,RAILW,0.04,7746.05,3,3,7746.05,0.0,0.0,0.0,0.0,193651.25
1667482,IT,ES,FABRI,MEAT4,0.03,7746.015,3,3,7746.015,0.0,0.0,0.0,0.0,258200.5
1796561,IT,WL,RETA1,PRIVA,0.08,7745.705,3,3,7745.705,0.0,0.0,0.0,0.0,96821.3125
1746190,IT,JP,CHEM1,WHEAT,0.02,7745.449,3,3,7745.449,0.0,0.0,0.0,0.0,387272.45
1721687,IT,PL,FINAN,MACHI,0.1,7745.444,3,3,7745.444,0.0,0.0,0.0,0.0,77454.44
1683166,IT,HR,GLASS,FISH5,0.02,7745.295,3,3,7745.295,0.0,0.0,0.0,0.0,387264.75
1726050,IT,RO,ADDIT,NAPHT,0.02,7745.293,3,3,7745.293,0.0,0.0,0.0,0.0,387264.65
1728391,IT,SE,TEXTI,INSUR,0.05,7745.218,3,3,7745.218,0.0,0.0,0.0,0.0,154904.36
1758768,IT,BR,RETA1,SUGA1,0.08,7744.989,3,3,7744.989,0.0,0.0,0.0,0.0,96812.3625
1779876,IT,TR,PUBLI,POSTT,0.13,7744.541,3,3,7744.541,0.0,0.0,0.0,0.0,59573.392308
1720198,IT,PL,COPP1,HOTEL,0.02,7743.349,3,3,7743.349,0.0,0.0,0.0,0.0,387167.45
1760169,IT,BR,WASTE,EDUCA,0.02,7743.138,3,3,7743.138,0.0,0.0,0.0,0.0,387156.9
1664619,IT,EE,LANDT,MEATP,0.05,7742.758,3,3,7742.758,0.0,0.0,0.0,0.0,154855.16
1750820,IT,CN,FURNI,NONSP,0.02,7742.755,3,3,7742.755,0.0,0.0,0.0,0.0,387137.75
1750164,IT,CN,ALUM1,LEATH,0.01,7742.724,3,3,7742.724,0.0,0.0,0.0,0.0,774272.4
1729101,IT,SE,RUBBE,TEXT1,0.03,7742.625,3,3,7742.625,0.0,0.0,0.0,0.0,258087.5
1805869,IT,WF,ALUM1,BITU1,0.01,7741.98,3,3,7741.98,0.0,0.0,0.0,0.0,774198.0
1771556,IT,CH,TEXTI,CERAM,0.05,7741.715,3,3,7741.715,0.0,0.0,0.0,0.0,154834.3
1678725,IT,GR,DAIRY,RESEA,0.03,7741.507,3,3,7741.507,0.0,0.0,0.0,0.0,258050.233333
1710050,IT,LT,FABRI,CATTL,0.03,7741.395,3,3,7741.395,0.0,0.0,0.0,0.0,258046.5
1717443,IT,NL,INSUR,HEALT,0.16,7741.18,3,3,7741.18,0.0,0.0,0.0,0.0,48382.375
1654489,IT,CZ,HOTEL,DAIRY,0.06,7740.966,3,3,7740.966,0.0,0.0,0.0,0.0,129016.1
1716157,IT,NL,PREC1,OILHA,0.01,7739.889,3,3,7739.889,0.0,0.0,0.0,0.0,773988.9
1652470,IT,CZ,WEARI,DAIRY,0.06,7739.467,3,3,7739.467,0.0,0.0,0.0,0.0,128991.116667
1746683,IT,JP,FABRI,WEARI,0.03,7739.462,3,3,7739.462,0.0,0.0,0.0,0.0,257982.066667
1676432,IT,FR,RETA1,OILSE,0.08,7739.444,3,3,7739.444,0.0,0.0,0.0,0.0,96743.05
1768190,IT,RU,PUBLI,FINAN,0.13,7739.22,3,3,7739.22,0.0,0.0,0.0,0.0,59532.461538
1664226,IT,EE,NONME,FORES,0.02,7739.103,3,3,7739.103,0.0,0.0,0.0,0.0,386955.15
1782499,IT,NO,MACHI,FOOD3,0.04,7739.066,3,3,7739.066,0.0,0.0,0.0,0.0,193476.65
1746590,IT,JP,PREC1,CERAM,0.01,7738.979,3,3,7738.979,0.0,0.0,0.0,0.0,773897.9
1685447,IT,HU,WOODW,ALUM1,0.02,7738.938,3,3,7738.938,0.0,0.0,0.0,0.0,386946.9
1742254,IT,US,CERAM,FINAN,0.01,7738.876,3,3,7738.876,0.0,0.0,0.0,0.0,773887.6
1673722,IT,FR,PAPER,CHARC,0.03,7738.493,3,3,7738.493,0.0,0.0,0.0,0.0,257949.766667
1739178,IT,GB,RETA1,NFERT,0.08,7738.341,3,3,7738.341,0.0,0.0,0.0,0.0,96729.2625
1794377,IT,WL,KEROS,RUBBE,0.01,7738.186,3,3,7738.186,0.0,0.0,0.0,0.0,773818.6
1729819,IT,SE,OFFIC,PAPER,0.02,7738.065,3,3,7738.065,0.0,0.0,0.0,0.0,386903.25
1798564,IT,WE,CHEMI,TRANS,0.02,7737.784,3,3,7737.784,0.0,0.0,0.0,0.0,386889.2
1795776,IT,WL,MACHI,WHITE,0.04,7737.677,3,3,7737.677,0.0,0.0,0.0,0.0,193441.925
1657626,IT,DE,CERAM,LIGNI,0.01,7737.455,3,3,7737.455,0.0,0.0,0.0,0.0,773745.5
1765672,IT,RU,PAPER,PULP5,0.03,7737.451,3,3,7737.451,0.0,0.0,0.0,0.0,257915.033333
1713701,IT,MT,FABRI,HOTEL,0.03,7737.124,3,3,7737.124,0.0,0.0,0.0,0.0,257904.133333
1647319,IT,BE,TRAN2,LANDT,0.01,7736.791,3,3,7736.791,0.0,0.0,0.0,0.0,773679.1
1780995,IT,TW,BUSIN,NONF1,0.08,7736.07,3,3,7736.07,0.0,0.0,0.0,0.0,96700.875
1759940,IT,BR,PLAS1,BASIC,0.03,7735.921,3,3,7735.921,0.0,0.0,0.0,0.0,257864.033333
1735799,IT,SK,MACHI,BRICK,0.04,7735.838,3,3,7735.838,0.0,0.0,0.0,0.0,193395.95
1688145,IT,HU,BUSIN,ALUM1,0.08,7735.494,3,3,7735.494,0.0,0.0,0.0,0.0,96693.675
1648748,IT,BG,FOOD5,PAPE4,0.04,7735.487,3,3,7735.487,0.0,0.0,0.0,0.0,193387.175
1725722,IT,RO,PAPER,OILHA,0.03,7735.374,3,3,7735.374,0.0,0.0,0.0,0.0,257845.8
1799376,IT,WE,PULP5,CHEM1,0.02,7735.252,3,3,7735.252,0.0,0.0,0.0,0.0,386762.6
1779549,IT,TR,COMPU,BEVER,0.09,7735.098,3,3,7735.098,0.0,0.0,0.0,0.0,85945.533333
1798195,IT,WE,VEGET,COPPE,0.03,7734.95,3,3,7734.95,0.0,0.0,0.0,0.0,257831.666667
1735148,IT,SK,RUBBE,ANIMA,0.03,7734.499,3,3,7734.499,0.0,0.0,0.0,0.0,257816.633333
1746952,IT,JP,MOTO1,ELEC6,0.04,7734.22,3,3,7734.22,0.0,0.0,0.0,0.0,193355.5
1685605,IT,HU,PRINT,FINAN,0.07,7733.768,3,3,7733.768,0.0,0.0,0.0,0.0,110482.4
1653087,IT,CZ,CHEM1,LIGNI,0.02,7732.793,3,3,7732.793,0.0,0.0,0.0,0.0,386639.65
1669950,IT,ES,EDUCA,OFFIC,0.19,7732.406,3,3,7732.406,0.0,0.0,0.0,0.0,40696.873684
1802499,IT,WE,POSTT,WEARI,0.13,7732.378,3,3,7732.378,0.0,0.0,0.0,0.0,59479.830769
1687979,IT,HU,RENTI,ELECT,0.05,7731.941,3,3,7731.941,0.0,0.0,0.0,0.0,154638.82
1736065,IT,SK,FURNI,RAILW,0.02,7731.269,3,3,7731.269,0.0,0.0,0.0,0.0,386563.45
1713033,IT,MT,MEAT1,MACHI,0.04,7730.698,3,3,7730.698,0.0,0.0,0.0,0.0,193267.45
1732711,IT,SI,BRICK,CEMEN,0.01,7730.228,3,3,7730.228,0.0,0.0,0.0,0.0,773022.8
1788414,IT,WA,WOODW,93197,0.02,7730.181,3,3,7730.181,0.0,0.0,0.0,0.0,386509.05
1735325,IT,SK,CERAM,MACHI,0.01,7730.07,3,3,7730.07,0.0,0.0,0.0,0.0,773007.0
1745457,IT,JP,SUGA1,DAIRY,0.02,7729.893,3,3,7729.893,0.0,0.0,0.0,0.0,386494.65
1680556,IT,GR,ELEC8,TRAN1,0.1,7729.642,3,3,7729.642,0.0,0.0,0.0,0.0,77296.42
1679147,IT,GR,PAPER,RAILW,0.03,7729.512,3,3,7729.512,0.0,0.0,0.0,0.0,257650.4
1814274,IT,WM,POSTT,RETAI,0.13,7729.409,3,3,7729.409,0.0,0.0,0.0,0.0,59456.992308
1730236,IT,SE,TRAN2,CONST,0.01,7729.126,3,3,7729.126,0.0,0.0,0.0,0.0,772912.6
1647990,IT,BE,COMPU,CEREA,0.09,7728.712,3,3,7728.712,0.0,0.0,0.0,0.0,85874.577778
1676491,IT,FR,RETA1,TRAN2,0.08,7728.681,3,3,7728.681,0.0,0.0,0.0,0.0,96608.5125
1655647,IT,DE,CHEMI,MEATC,0.02,7728.326,3,3,7728.326,0.0,0.0,0.0,0.0,386416.3
1780230,IT,TW,RAILW,REALE,0.05,7728.146,3,3,7728.146,0.0,0.0,0.0,0.0,154562.92
1722873,IT,PT,PRINT,CONST,0.07,7727.948,3,3,7727.948,0.0,0.0,0.0,0.0,110399.257143
1776794,IT,TR,NAPHT,PARAF,0.01,7727.835,3,3,7727.835,0.0,0.0,0.0,0.0,772783.5
1728093,IT,SE,VEGE1,PIGS9,0.02,7727.355,4,4,7727.353,0.0,0.0,0.0,0.002,386367.75
1784085,IT,ID,LEATH,MEDIC,0.06,7726.535,3,3,7726.535,0.0,0.0,0.0,0.0,128775.583333
1710443,IT,LT,LANDT,PRINT,0.05,7726.422,3,3,7726.422,0.0,0.0,0.0,0.0,154528.44
1727420,IT,RO,FINAN,RAILW,0.1,7726.319,3,3,7726.319,0.0,0.0,0.0,0.0,77263.19
1642513,IT,AT,COPP1,PULP5,0.02,7725.909,3,3,7725.909,0.0,0.0,0.0,0.0,386295.45
1646672,IT,BE,FURNI,COPP1,0.02,7725.246,3,3,7725.246,0.0,0.0,0.0,0.0,386262.3
1689900,IT,IE,AUXIL,TRANS,0.14,7724.57,3,3,7724.57,0.0,0.0,0.0,0.0,55175.5
1642480,IT,AT,ALUM1,INERT,0.01,7724.537,3,3,7724.537,0.0,0.0,0.0,0.0,772453.7
1795570,IT,WL,COPP1,OFFIC,0.02,7724.496,3,3,7724.496,0.0,0.0,0.0,0.0,386224.8
1690181,IT,IE,BUSIN,BEVER,0.08,7723.856,3,3,7723.856,0.0,0.0,0.0,0.0,96548.2
1771738,IT,CH,LEATH,CHEM1,0.06,7723.811,3,3,7723.811,0.0,0.0,0.0,0.0,128730.183333
1746186,IT,JP,PLAST,DIST1,0.02,7723.253,3,3,7723.253,0.0,0.0,0.0,0.0,386162.65
1755301,IT,KR,PAPER,LANDT,0.03,7723.078,3,3,7723.078,0.0,0.0,0.0,0.0,257435.933333
1670502,IT,FI,BEVER,TRANS,0.03,7722.981,3,3,7722.981,0.0,0.0,0.0,0.0,257432.7
1642043,IT,AT,GLASS,CEREA,0.02,7722.942,3,3,7722.942,0.0,0.0,0.0,0.0,386147.1
1806449,IT,WF,TRANS,LEATH,0.05,7722.597,3,3,7722.597,0.0,0.0,0.0,0.0,154451.94
1799852,IT,WE,GASDI,BITU1,0.01,7722.279,3,3,7722.279,0.0,0.0,0.0,0.0,772227.9
1761456,IT,IN,PREC1,BEVER,0.01,7722.142,3,3,7722.142,0.0,0.0,0.0,0.0,772214.2
1754176,IT,CA,SUPPO,TRANS,0.06,7722.013,3,3,7722.013,0.0,0.0,0.0,0.0,128700.216667
1685610,IT,HU,PRINT,BUSIN,0.07,7721.873,3,3,7721.873,0.0,0.0,0.0,0.0,110312.471429
1760406,IT,IN,DAIRY,MEMBE,0.03,7721.533,3,3,7721.533,0.0,0.0,0.0,0.0,257384.433333
1723470,IT,PT,ALUM1,CEMEN,0.01,7721.333,3,3,7721.333,0.0,0.0,0.0,0.0,772133.3
1787427,IT,WA,STONE,PIGS9,0.02,7721.008,3,3,7721.008,0.0,0.0,0.0,0.0,386050.4
1811249,IT,WM,BITU1,ANIMA,0.01,7720.727,3,3,7720.727,0.0,0.0,0.0,0.0,772072.7
1791893,IT,WA,TRAN2,FOOD5,0.01,7720.701,3,3,7720.701,0.0,0.0,0.0,0.0,772070.1
1685665,IT,HU,HEAVY,PIGS9,0.01,7720.537,3,3,7720.537,0.0,0.0,0.0,0.0,772053.7
1667035,IT,ES,NONME,LEATH,0.02,7720.376,3,3,7720.376,0.0,0.0,0.0,0.0,386018.8
1654499,IT,CZ,HOTEL,PRINT,0.06,7720.28,3,3,7720.28,0.0,0.0,0.0,0.0,128671.333333
1786266,IT,ZA,FABRI,FOOD5,0.03,7720.254,3,3,7720.254,0.0,0.0,0.0,0.0,257341.8
1651089,IT,BG,INSUR,SUPPO,0.16,7720.064,3,3,7720.064,0.0,0.0,0.0,0.0,48250.4
1760922,IT,IN,HEAVY,NATU1,0.01,7719.56,3,3,7719.56,0.0,0.0,0.0,0.0,771956.0
1646431,IT,BE,MACHI,PIGS9,0.04,7719.451,3,3,7719.451,0.0,0.0,0.0,0.0,192986.275
1764129,IT,MX,FABRI,ELEC3,0.03,7719.251,3,3,7719.251,0.0,0.0,0.0,0.0,257308.366667
1750641,IT,CN,MOTO1,CROPS,0.04,7719.189,3,3,7719.189,0.0,0.0,0.0,0.0,192979.725
1658918,IT,DE,FURNI,OFFIC,0.02,7719.154,3,3,7719.154,0.0,0.0,0.0,0.0,385957.7
1723515,IT,PT,COPP1,NONF1,0.02,7719.05,3,3,7719.05,0.0,0.0,0.0,0.0,385952.5
1731384,IT,SI,FOOD5,STONE,0.04,7718.281,3,3,7718.281,0.0,0.0,0.0,0.0,192957.025
1683316,IT,HR,NONME,MEAT1,0.02,7717.747,3,3,7717.747,0.0,0.0,0.0,0.0,385887.35
1806474,IT,WF,TRANS,FOUND,0.05,7717.292,3,3,7717.292,0.0,0.0,0.0,0.0,154345.84
1786521,IT,ZA,TRANS,PUBLI,0.05,7717.116,3,3,7717.116,0.0,0.0,0.0,0.0,154342.32
1720744,IT,PL,TRANS,NONME,0.05,7716.845,3,3,7716.845,0.0,0.0,0.0,0.0,154336.9
1762131,IT,IN,LANDT,FOOD5,0.05,7716.699,3,3,7716.699,0.0,0.0,0.0,0.0,154333.98
1804146,IT,WF,PAPER,ALUM1,0.03,7715.045,3,3,7715.045,0.0,0.0,0.0,0.0,257168.166667
1793899,IT,WL,WEARI,PRINT,0.06,7714.698,3,3,7714.698,0.0,0.0,0.0,0.0,128578.3
1666187,IT,ES,HEAVY,NICKE,0.01,7714.526,3,3,7714.526,0.0,0.0,0.0,0.0,771452.6
1772044,IT,CH,PRINT,ELECT,0.07,7714.234,3,3,7714.234,0.0,0.0,0.0,0.0,110203.342857
1795244,IT,WL,CERAM,TEXTI,0.01,7713.559,3,3,7713.559,0.0,0.0,0.0,0.0,771355.9
1644919,IT,BE,LEATH,SEACO,0.06,7713.313,3,3,7713.313,0.0,0.0,0.0,0.0,128555.216667
1760170,IT,BR,WASTE,HEALT,0.02,7712.66,3,3,7712.66,0.0,0.0,0.0,0.0,385633.0
1782273,IT,NO,LEAD1,PLAST,0.01,7712.654,3,3,7712.654,0.0,0.0,0.0,0.0,771265.4
1689244,IT,IE,WHOLE,PULP5,0.07,7712.448,3,3,7712.448,0.0,0.0,0.0,0.0,110177.828571
1754346,IT,CA,INSUR,DISTR,0.16,7712.345,3,3,7712.345,0.0,0.0,0.0,0.0,48202.15625
1773538,IT,CH,MOTO1,ELECT,0.04,7712.19,3,3,7712.19,0.0,0.0,0.0,0.0,192804.75
1716694,IT,NL,WHOLE,ELEC8,0.07,7712.178,3,3,7712.178,0.0,0.0,0.0,0.0,110173.971429
1757188,IT,BR,MEAT4,FOOD5,0.04,7712.155,3,3,7712.155,0.0,0.0,0.0,0.0,192803.875
1792434,IT,WA,AUXIL,CATTL,0.14,7711.265,3,3,7711.265,0.0,0.0,0.0,0.0,55080.464286
1760834,IT,IN,MOTOR,TRANS,0.01,7711.161,3,3,7711.161,0.0,0.0,0.0,0.0,771116.1
1647036,IT,BE,RETA1,BUSIN,0.08,7711.156,3,3,7711.156,0.0,0.0,0.0,0.0,96389.45
1762879,IT,MX,VEGET,PLAST,0.03,7710.964,3,3,7710.964,0.0,0.0,0.0,0.0,257032.133333
1677259,IT,FR,FINAN,SUGA1,0.1,7710.902,3,3,7710.902,0.0,0.0,0.0,0.0,77109.02
1651158,IT,BG,BUSIN,MEAT4,0.08,7710.867,3,3,7710.867,0.0,0.0,0.0,0.0,96385.8375
1652774,IT,CZ,PAPER,PAPE1,0.03,7710.738,3,3,7710.738,0.0,0.0,0.0,0.0,257024.6
1709348,IT,LT,DAIRY,HOTEL,0.03,7710.713,3,3,7710.713,0.0,0.0,0.0,0.0,257023.766667
1812065,IT,WM,CERAM,NFERT,0.01,7709.798,3,3,7709.798,0.0,0.0,0.0,0.0,770979.8
1739789,IT,GB,POSTT,TRAN1,0.13,7709.735,3,3,7709.735,0.0,0.0,0.0,0.0,59305.653846
1730219,IT,SE,LANDT,HEALT,0.05,7709.657,3,3,7709.657,0.0,0.0,0.0,0.0,154193.14
1790753,IT,WA,MACHI,IRONO,0.04,7709.615,3,3,7709.615,0.0,0.0,0.0,0.0,192740.375
1783797,IT,NO,INERT,PLAST,0.06,7709.404,3,3,7709.404,0.0,0.0,0.0,0.0,128490.066667
1779629,IT,TR,RESEA,LIGNI,0.04,7708.772,3,3,7708.772,0.0,0.0,0.0,0.0,192719.3
1805913,IT,WF,ALUM1,MEMBE,0.01,7708.491,3,3,7708.491,0.0,0.0,0.0,0.0,770849.1
1770410,IT,AU,LANDT,EDUCA,0.05,7708.238,3,3,7708.238,0.0,0.0,0.0,0.0,154164.76
1682075,IT,HR,TOBAC,PUBLI,0.03,7708.181,3,3,7708.181,0.0,0.0,0.0,0.0,256939.366667
1798813,IT,WE,FOOD5,ELECT,0.04,7707.588,3,3,7707.588,0.0,0.0,0.0,0.0,192689.7
1762587,IT,IN,AUXIL,MOTO1,0.14,7707.536,3,3,7707.536,0.0,0.0,0.0,0.0,55053.828571
1760817,IT,IN,MOTOR,CRUDE,0.01,7707.329,3,3,7707.329,0.0,0.0,0.0,0.0,770732.9
1713502,IT,MT,RUBBE,RETA1,0.03,7707.173,3,3,7707.173,0.0,0.0,0.0,0.0,256905.766667
1739057,IT,GB,RETAI,WHOLE,0.06,7707.104,3,3,7707.104,0.0,0.0,0.0,0.0,128451.733333
1666314,IT,ES,LIQUE,BRICK,0.01,7707.066,3,3,7707.066,0.0,0.0,0.0,0.0,770706.6
1762182,IT,IN,TRAN2,PREC1,0.01,7706.778,3,3,7706.778,0.0,0.0,0.0,0.0,770677.8
1785338,IT,ZA,WOODW,PRECI,0.02,7706.723,3,3,7706.723,0.0,0.0,0.0,0.0,385336.15
1715698,IT,NL,PLAST,SANDC,0.02,7706.643,3,3,7706.643,0.0,0.0,0.0,0.0,385332.15
1755412,IT,KR,GASDI,EDUCA,0.01,7706.368,3,3,7706.368,0.0,0.0,0.0,0.0,770636.8
1737747,IT,GB,HEAVY,LUBRI,0.01,7706.269,3,3,7706.269,0.0,0.0,0.0,0.0,770626.9
1814972,IT,WM,PRIVA,TRAN2,1.72,7705.89,3,3,7705.89,0.0,0.0,0.0,0.0,4480.168605
1787668,IT,WA,VEGE1,WHEAT,0.02,7705.071,4,4,7705.069,0.0,0.0,0.0,0.002,385253.55
1674987,IT,FR,PREC1,BITU1,0.01,7705.035,3,3,7705.035,0.0,0.0,0.0,0.0,770503.5
1656781,IT,DE,KERO1,HEAVY,0.01,7704.933,3,3,7704.933,0.0,0.0,0.0,0.0,770493.3
1739558,IT,GB,TRAN2,DIST1,0.01,7704.789,3,3,7704.789,0.0,0.0,0.0,0.0,770478.9
1714962,IT,NL,FISH5,KEROS,0.03,7704.433,4,4,7704.429,0.0,0.0,0.0,0.004,256814.433333
1742080,IT,US,RUBBE,BITU1,0.03,7704.399,3,3,7704.399,0.0,0.0,0.0,0.0,256813.3
1740689,IT,US,CHEMI,CATTL,0.02,7704.162,3,3,7704.162,0.0,0.0,0.0,0.0,385208.1
1782506,IT,NO,MACHI,93197,0.04,7704.015,3,3,7704.015,0.0,0.0,0.0,0.0,192600.375
1745633,IT,JP,TEXTI,GASDI,0.05,7703.941,3,3,7703.941,0.0,0.0,0.0,0.0,154078.82
1800653,IT,WE,CERAM,PRINT,0.01,7703.822,3,3,7703.822,0.0,0.0,0.0,0.0,770382.2
1680717,IT,GR,RETA1,WEARI,0.08,7703.802,3,3,7703.802,0.0,0.0,0.0,0.0,96297.525
1676115,IT,FR,ELEC8,WHOLE,0.1,7703.792,3,3,7703.792,0.0,0.0,0.0,0.0,77037.92
1768773,IT,AU,WEARI,COMPU,0.06,7703.648,3,3,7703.648,0.0,0.0,0.0,0.0,128394.133333
1719640,IT,PL,CERAM,FOOD4,0.01,7703.578,3,3,7703.578,0.0,0.0,0.0,0.0,770357.8
1733773,IT,SI,LANDT,ELECT,0.05,7703.41,3,3,7703.41,0.0,0.0,0.0,0.0,154068.2
1733093,IT,SI,FABRI,CHEMI,0.03,7703.145,3,3,7703.145,0.0,0.0,0.0,0.0,256771.5
1775745,IT,TR,FISHF,FISH5,0.01,7702.889,3,3,7702.889,0.0,0.0,0.0,0.0,770288.9
1794161,IT,WL,PRINT,VEGE1,0.07,7702.741,3,3,7702.741,0.0,0.0,0.0,0.0,110039.157143
1802648,IT,WE,RENTI,TOBAC,0.05,7702.577,3,3,7702.577,0.0,0.0,0.0,0.0,154051.54
1640597,IT,AT,BEVER,ANIMA,0.03,7702.297,3,3,7702.297,0.0,0.0,0.0,0.0,256743.233333
1787111,IT,ZA,BUSIN,SALEM,0.08,7701.492,3,3,7701.492,0.0,0.0,0.0,0.0,96268.65
1657668,IT,DE,CERAM,BIOG1,0.01,7701.312,3,3,7701.312,0.0,0.0,0.0,0.0,770131.2
1746850,IT,JP,MACHI,REALE,0.04,7701.127,3,3,7701.127,0.0,0.0,0.0,0.0,192528.175
1713548,IT,MT,CERAM,TRANS,0.01,7700.698,3,3,7700.698,0.0,0.0,0.0,0.0,770069.8
1682861,IT,HR,LIQUE,FINAN,0.01,7700.264,3,3,7700.264,0.0,0.0,0.0,0.0,770026.4
1787704,IT,WA,VEGE1,PAPER,0.02,7700.069,4,4,7700.067,0.0,0.0,0.0,0.002,385003.45
1771931,IT,CH,PAPER,NFERT,0.03,7700.05,3,3,7700.05,0.0,0.0,0.0,0.0,256668.333333
1811361,IT,WM,NONSP,MEATP,0.01,7699.967,3,3,7699.967,0.0,0.0,0.0,0.0,769996.7
1744841,IT,US,RESEA,OILHA,0.04,7699.307,3,3,7699.307,0.0,0.0,0.0,0.0,192482.675
1774700,IT,CH,SUPPO,TOBAC,0.06,7699.224,3,3,7699.224,0.0,0.0,0.0,0.0,128320.4
1747435,IT,JP,LANDT,HOTEL,0.05,7699.176,3,3,7699.176,0.0,0.0,0.0,0.0,153983.52
1768571,IT,AU,BEVER,MEATP,0.03,7698.967,3,3,7698.967,0.0,0.0,0.0,0.0,256632.233333
1760460,IT,IN,FISH5,BUSIN,0.03,7698.828,4,4,7698.824,0.0,0.0,0.0,0.004,256627.6
1652063,IT,CZ,FISHF,HOTEL,0.01,7698.802,3,3,7698.802,0.0,0.0,0.0,0.0,769880.2
1760679,IT,IN,PAPER,KEROS,0.03,7698.704,3,3,7698.704,0.0,0.0,0.0,0.0,256623.466667
1712420,IT,LV,NONME,PAPE4,0.02,7698.597,3,3,7698.597,0.0,0.0,0.0,0.0,384929.85
1761328,IT,IN,GLASS,MOTOR,0.02,7698.307,3,3,7698.307,0.0,0.0,0.0,0.0,384915.35
1767708,IT,RU,FINAN,ALUM1,0.1,7698.29,3,3,7698.29,0.0,0.0,0.0,0.0,76982.9
1810327,IT,WM,WOODW,LEATH,0.02,7698.283,3,3,7698.283,0.0,0.0,0.0,0.0,384914.15
1742721,IT,US,FABRI,CHEMI,0.03,7698.178,3,3,7698.178,0.0,0.0,0.0,0.0,256605.933333
1806559,IT,WF,FURNI,RESEA,0.02,7697.969,3,3,7697.969,0.0,0.0,0.0,0.0,384898.45
1769048,IT,AU,HEAVY,CONST,0.01,7697.878,3,3,7697.878,0.0,0.0,0.0,0.0,769787.8
1733388,IT,SI,TRANS,93197,0.05,7697.873,3,3,7697.873,0.0,0.0,0.0,0.0,153957.46
1784909,IT,ID,POSTT,CONST,0.13,7696.5,3,3,7696.5,0.0,0.0,0.0,0.0,59203.846154
1784031,IT,ID,TEXTI,FABRI,0.05,7696.325,3,3,7696.325,0.0,0.0,0.0,0.0,153926.5
1739245,IT,GB,RETA1,WOOD2,0.08,7696.263,3,3,7696.263,0.0,0.0,0.0,0.0,96203.2875
1656423,IT,DE,WOODW,OILHA,0.02,7696.169,3,3,7696.169,0.0,0.0,0.0,0.0,384808.45
1790351,IT,WA,ALUM1,RAILW,0.01,7696.155,3,3,7696.155,0.0,0.0,0.0,0.0,769615.5
1677538,IT,FR,AUXIL,FOOD2,0.14,7695.355,3,3,7695.355,0.0,0.0,0.0,0.0,54966.821429
1668662,IT,ES,RAILW,HEALT,0.05,7695.12,3,3,7695.12,0.0,0.0,0.0,0.0,153902.4
1779288,IT,TR,FINAN,COMPU,0.1,7694.802,3,3,7694.802,0.0,0.0,0.0,0.0,76948.02
1772186,IT,CH,GASDI,NONME,0.01,7694.621,3,3,7694.621,0.0,0.0,0.0,0.0,769462.1
1715158,IT,NL,LEATH,RESEA,0.06,7694.58,3,3,7694.58,0.0,0.0,0.0,0.0,128243.0
1712069,IT,LV,BEVER,CHARC,0.03,7694.344,3,3,7694.344,0.0,0.0,0.0,0.0,256478.133333
1772257,IT,CH,LIQUE,PUBLI,0.01,7694.2,3,3,7694.2,0.0,0.0,0.0,0.0,769420.0
1650959,IT,BG,SUPPO,OILSE,0.06,7694.1,3,3,7694.1,0.0,0.0,0.0,0.0,128235.0
1814954,IT,WM,PRIVA,ELEC2,1.72,7694.093,3,3,7694.093,0.0,0.0,0.0,0.0,4473.309884
1798755,IT,WE,FOOD5,LIGNI,0.04,7694.051,3,3,7694.051,0.0,0.0,0.0,0.0,192351.275
1658161,IT,DE,ALUM1,ELE12,0.01,7693.852,3,3,7693.852,0.0,0.0,0.0,0.0,769385.2
1644792,IT,BE,TOBAC,RETA1,0.03,7693.837,3,3,7693.837,0.0,0.0,0.0,0.0,256461.233333
1716476,IT,NL,OFFIC,COPP1,0.02,7693.685,3,3,7693.685,0.0,0.0,0.0,0.0,384684.25
1803329,IT,WF,STONE,HOTEL,0.02,7693.486,3,3,7693.486,0.0,0.0,0.0,0.0,384674.3
1763826,IT,MX,CEMEN,PRECI,0.01,7693.174,3,3,7693.174,0.0,0.0,0.0,0.0,769317.4
1765369,IT,RU,BEVER,FABRI,0.03,7693.136,3,3,7693.136,0.0,0.0,0.0,0.0,256437.866667
1799429,IT,WE,PAPER,SANDC,0.03,7693.11,3,3,7693.11,0.0,0.0,0.0,0.0,256437.0
1751058,IT,CN,WHOLE,RESEA,0.07,7692.888,3,3,7692.888,0.0,0.0,0.0,0.0,109898.4
1653344,IT,CZ,GLASS,ALUM1,0.02,7692.605,3,3,7692.605,0.0,0.0,0.0,0.0,384630.25
1744823,IT,US,RESEA,SEACO,0.04,7692.121,3,3,7692.121,0.0,0.0,0.0,0.0,192303.025
1653712,IT,CZ,COPP1,SANDC,0.02,7692.007,3,3,7692.007,0.0,0.0,0.0,0.0,384600.35
1742409,IT,US,NONME,FINAN,0.02,7691.984,3,3,7691.984,0.0,0.0,0.0,0.0,384599.2
1789145,IT,WA,PLAST,ANIMA,0.02,7691.959,3,3,7691.959,0.0,0.0,0.0,0.0,384597.95
1796279,IT,WL,CONST,TRAN1,0.04,7691.361,3,3,7691.361,0.0,0.0,0.0,0.0,192284.025
1647881,IT,BE,REALE,COALT,0.32,7690.833,3,3,7690.833,0.0,0.0,0.0,0.0,24033.853125
1771162,IT,CH,MEAT4,MEATC,0.04,7690.792,3,3,7690.792,0.0,0.0,0.0,0.0,192269.8
1689208,IT,IE,RETAI,INLAN,0.06,7690.734,3,3,7690.734,0.0,0.0,0.0,0.0,128178.9
1742550,IT,US,PREC1,BASIC,0.01,7690.58,3,3,7690.58,0.0,0.0,0.0,0.0,769058.0
1645160,IT,BE,PRINT,COPP1,0.07,7690.248,3,3,7690.248,0.0,0.0,0.0,0.0,109860.685714
1666954,IT,ES,CERAM,ELEC1,0.01,7690.056,3,3,7690.056,0.0,0.0,0.0,0.0,769005.6
1742059,IT,US,RUBBE,MEAT4,0.03,7689.959,3,3,7689.959,0.0,0.0,0.0,0.0,256331.966667
1807426,IT,WF,INSUR,LEAD1,0.16,7689.921,3,3,7689.921,0.0,0.0,0.0,0.0,48062.00625
1719344,IT,PL,BIODI,COPP1,0.02,7689.848,3,3,7689.848,0.0,0.0,0.0,0.0,384492.4
1649677,IT,BG,CERAM,HEALT,0.01,7689.742,3,3,7689.742,0.0,0.0,0.0,0.0,768974.2
1749979,IT,CN,CERAM,BUSIN,0.01,7689.515,3,3,7689.515,0.0,0.0,0.0,0.0,768951.5
1762526,IT,IN,INSUR,ELEC1,0.16,7689.51,3,3,7689.51,0.0,0.0,0.0,0.0,48059.4375
1688480,IT,IE,WEARI,PUBLI,0.06,7689.447,3,3,7689.447,0.0,0.0,0.0,0.0,128157.45
1737119,IT,GB,MEAT4,MEAT1,0.04,7689.386,3,3,7689.386,0.0,0.0,0.0,0.0,192234.65
1644069,IT,AT,BUSIN,BLAST,0.08,7689.161,3,3,7689.161,0.0,0.0,0.0,0.0,96114.5125
1764679,IT,MX,HOTEL,FISHF,0.06,7688.034,3,3,7688.034,0.0,0.0,0.0,0.0,128133.9
1729886,IT,SE,TRANS,RETA1,0.05,7687.995,3,3,7687.995,0.0,0.0,0.0,0.0,153759.9
1722056,IT,PL,BUSIN,FISHF,0.08,7687.789,3,3,7687.789,0.0,0.0,0.0,0.0,96097.3625
1758150,IT,BR,NONME,FOOD5,0.02,7687.707,3,3,7687.707,0.0,0.0,0.0,0.0,384385.35
1768287,IT,AU,VEGET,PUBLI,0.03,7687.659,3,3,7687.659,0.0,0.0,0.0,0.0,256255.3
1723182,IT,PT,RUBBE,NFERT,0.03,7687.601,3,3,7687.601,0.0,0.0,0.0,0.0,256253.366667
1752905,IT,CA,HEAVY,CEMEN,0.01,7687.3,3,3,7687.3,0.0,0.0,0.0,0.0,768730.0
1641319,IT,AT,KEROS,SUGAR,0.01,7687.254,3,3,7687.254,0.0,0.0,0.0,0.0,768725.4
1790035,IT,WA,NONME,SUPPO,0.02,7687.169,3,3,7687.169,0.0,0.0,0.0,0.0,384358.45
1730784,IT,SE,BUSIN,BASIC,0.08,7686.842,3,3,7686.842,0.0,0.0,0.0,0.0,96085.525
1671728,IT,FI,SALEM,DISTR,0.06,7686.676,3,3,7686.676,0.0,0.0,0.0,0.0,128111.266667
1714779,IT,NL,PROCE,KEROS,0.05,7686.644,3,3,7686.644,0.0,0.0,0.0,0.0,153732.88
1805629,IT,WF,NONME,FOOD5,0.02,7686.573,3,3,7686.573,0.0,0.0,0.0,0.0,384328.65
1661712,IT,DK,WEARI,COMPU,0.06,7686.435,3,3,7686.435,0.0,0.0,0.0,0.0,128107.25
1673001,IT,FR,SUGA1,PIGS9,0.02,7686.328,3,3,7686.328,0.0,0.0,0.0,0.0,384316.4
1775056,IT,CH,RENTI,CERAM,0.05,7686.081,3,3,7686.081,0.0,0.0,0.0,0.0,153721.62
1762162,IT,IN,LANDT,ELEC2,0.05,7686.002,3,3,7686.002,0.0,0.0,0.0,0.0,153720.04
1801922,IT,WE,SALEM,VEGET,0.06,7685.699,3,3,7685.699,0.0,0.0,0.0,0.0,128094.983333
1781951,IT,NO,ADDIT,LIQUE,0.02,7685.694,3,3,7685.694,0.0,0.0,0.0,0.0,384284.7
1674132,IT,FR,HEAVY,BIOGA,0.01,7685.551,3,3,7685.551,0.0,0.0,0.0,0.0,768555.1
1803496,IT,WF,VEGE1,FORES,0.02,7685.423,4,4,7685.421,0.0,0.0,0.0,0.002,384271.15
1711396,IT,LU,RETA1,INSUR,0.08,7685.188,3,3,7685.188,0.0,0.0,0.0,0.0,96064.85
1665016,IT,ES,CHEMI,ELEC1,0.02,7684.9,3,3,7684.9,0.0,0.0,0.0,0.0,384245.0
1682646,IT,HR,KEROS,ELEC4,0.01,7684.897,3,3,7684.897,0.0,0.0,0.0,0.0,768489.7
1717343,IT,NL,FINAN,ELEC1,0.1,7684.89,3,3,7684.89,0.0,0.0,0.0,0.0,76848.9
1649676,IT,BG,CERAM,PUBLI,0.01,7684.619,3,3,7684.619,0.0,0.0,0.0,0.0,768461.9
1648073,IT,BE,COMPU,EDUCA,0.09,7684.335,3,3,7684.335,0.0,0.0,0.0,0.0,85381.5
1640796,IT,AT,WEARI,LEATH,0.06,7684.154,3,3,7684.154,0.0,0.0,0.0,0.0,128069.233333
1748741,IT,CN,BEVER,STEAM,0.03,7684.01,3,3,7684.01,0.0,0.0,0.0,0.0,256133.666667
1663176,IT,DK,LANDT,MEDIC,0.05,7683.672,3,3,7683.672,0.0,0.0,0.0,0.0,153673.44
1744843,IT,US,RESEA,FOOD2,0.04,7683.608,3,3,7683.608,0.0,0.0,0.0,0.0,192090.2
1731800,IT,SI,PAPER,RADIO,0.03,7683.366,3,3,7683.366,0.0,0.0,0.0,0.0,256112.2
1742313,IT,US,CEMEN,DIST1,0.01,7682.698,3,3,7682.698,0.0,0.0,0.0,0.0,768269.8
1800588,IT,WE,GLASS,DAIRY,0.02,7682.597,3,3,7682.597,0.0,0.0,0.0,0.0,384129.85
1783455,IT,NO,TEXT1,RESEA,0.06,7682.492,3,3,7682.492,0.0,0.0,0.0,0.0,128041.533333
1656005,IT,DE,FOOD5,TRAN1,0.04,7682.351,3,3,7682.351,0.0,0.0,0.0,0.0,192058.775
1728611,IT,SE,PAPER,WOOD1,0.03,7682.079,3,3,7682.079,0.0,0.0,0.0,0.0,256069.3
1642260,IT,AT,NONME,NONF1,0.02,7682.029,3,3,7682.029,0.0,0.0,0.0,0.0,384101.45
1736081,IT,SK,CONST,CROPS,0.04,7681.901,3,3,7681.901,0.0,0.0,0.0,0.0,192047.525
1645541,IT,BE,PLAST,FOODW,0.02,7681.898,3,3,7681.898,0.0,0.0,0.0,0.0,384094.9
1788068,IT,WA,TEXTI,AIRTR,0.05,7681.757,3,3,7681.757,0.0,0.0,0.0,0.0,153635.14
1711010,IT,LU,CEMEN,RETAI,0.01,7681.506,3,3,7681.506,0.0,0.0,0.0,0.0,768150.6
1804464,IT,WF,GASDI,LEADZ,0.01,7681.394,3,3,7681.394,0.0,0.0,0.0,0.0,768139.4
1766941,IT,RU,MOTO1,TOBAC,0.04,7681.037,3,3,7681.037,0.0,0.0,0.0,0.0,192025.925
1709343,IT,LT,DAIRY,DAIRY,0.03,7680.058,3,3,7680.058,0.0,0.0,0.0,0.0,256001.933333
1740768,IT,US,MEAT4,DIST1,0.04,7680.032,3,3,7680.032,0.0,0.0,0.0,0.0,192000.8
1736833,IT,SK,BUSIN,FORES,0.08,7679.909,3,3,7679.909,0.0,0.0,0.0,0.0,95998.8625
1813859,IT,WM,LANDT,WEARI,0.05,7678.929,3,3,7678.929,0.0,0.0,0.0,0.0,153578.58
1722360,IT,PT,FISHF,RENTI,0.01,7678.548,3,3,7678.548,0.0,0.0,0.0,0.0,767854.8
1650591,IT,BG,ELEC8,CEMEN,0.1,7677.823,3,3,7677.823,0.0,0.0,0.0,0.0,76778.23
1778127,IT,TR,MOTO1,93197,0.04,7677.682,3,3,7677.682,0.0,0.0,0.0,0.0,191942.05
1677398,IT,FR,INSUR,CEMEN,0.16,7677.383,3,3,7677.383,0.0,0.0,0.0,0.0,47983.64375
1647609,IT,BE,POSTT,SALEM,0.13,7677.321,3,3,7677.321,0.0,0.0,0.0,0.0,59056.315385
1736944,IT,GB,VEGET,MEAT1,0.03,7676.874,3,3,7676.874,0.0,0.0,0.0,0.0,255895.8
1762684,IT,IN,RESEA,93197,0.04,7676.637,3,3,7676.637,0.0,0.0,0.0,0.0,191915.925
1729147,IT,SE,GLASS,NONME,0.02,7676.618,3,3,7676.618,0.0,0.0,0.0,0.0,383830.9
1687732,IT,HU,SUPPO,NONME,0.06,7676.37,3,3,7676.37,0.0,0.0,0.0,0.0,127939.5
1650202,IT,BG,TRANS,FURNI,0.05,7675.771,3,3,7675.771,0.0,0.0,0.0,0.0,153515.42
1710989,IT,LU,CERAM,CHEM1,0.01,7675.633,3,3,7675.633,0.0,0.0,0.0,0.0,767563.3
1778626,IT,TR,HOTEL,KEROS,0.06,7675.551,3,3,7675.551,0.0,0.0,0.0,0.0,127925.85
1797800,IT,WL,OILHA,WHOLE,0.04,7675.186,3,3,7675.186,0.0,0.0,0.0,0.0,191879.65
1678785,IT,GR,FOOD5,PLAST,0.04,7675.135,3,3,7675.135,0.0,0.0,0.0,0.0,191878.375
1794739,IT,WL,PARAF,NAPHT,0.01,7674.705,3,3,7674.705,0.0,0.0,0.0,0.0,767470.5
1781324,IT,NO,VEGE1,RETA1,0.02,7674.476,4,4,7674.474,0.0,0.0,0.0,0.002,383723.8
1754174,IT,CA,SUPPO,RADIO,0.06,7673.109,3,3,7673.109,0.0,0.0,0.0,0.0,127885.15
1726887,IT,RO,RETA1,LANDT,0.08,7673.036,3,3,7673.036,0.0,0.0,0.0,0.0,95912.95
1810118,IT,WM,WEARI,PADDY,0.06,7672.984,3,3,7672.984,0.0,0.0,0.0,0.0,127883.066667
1678314,IT,FR,WASTE,DAIRY,0.02,7672.787,3,3,7672.787,0.0,0.0,0.0,0.0,383639.35
1725300,IT,RO,BEVER,PLAST,0.03,7672.531,3,3,7672.531,0.0,0.0,0.0,0.0,255751.033333
1810833,IT,WM,KEROS,FOUND,0.01,7672.382,3,3,7672.382,0.0,0.0,0.0,0.0,767238.2
1757973,IT,BR,RUBBE,RAWMI,0.03,7672.376,3,3,7672.376,0.0,0.0,0.0,0.0,255745.866667
1643178,IT,AT,HOTEL,PIGS9,0.06,7672.129,3,3,7672.129,0.0,0.0,0.0,0.0,127868.816667
1742864,IT,US,MACHI,STONE,0.04,7671.938,3,3,7671.938,0.0,0.0,0.0,0.0,191798.45
1787810,IT,WA,PROCE,CHARC,0.05,7671.922,3,3,7671.922,0.0,0.0,0.0,0.0,153438.44
1726325,IT,RO,ALUM1,MEAT1,0.01,7671.813,3,3,7671.813,0.0,0.0,0.0,0.0,767181.3
1747315,IT,JP,WHOLE,REALE,0.07,7671.552,3,3,7671.552,0.0,0.0,0.0,0.0,109593.6
1655631,IT,DE,SANDC,INTER,0.02,7671.403,4,4,7669.403,0.0,0.0,2.0,0.0,383570.15
1755717,IT,KR,GLASS,SANDC,0.02,7671.274,3,3,7671.274,0.0,0.0,0.0,0.0,383563.7
1721708,IT,PL,FINAN,INSUR,0.1,7671.257,3,3,7671.257,0.0,0.0,0.0,0.0,76712.57
1731138,IT,SI,NATUR,STEAM,0.01,7670.345,3,3,7670.345,0.0,0.0,0.0,0.0,767034.5
1813850,IT,WM,LANDT,MEAT4,0.05,7670.157,3,3,7670.157,0.0,0.0,0.0,0.0,153403.14
1679223,IT,GR,MOTOR,REALE,0.01,7670.075,3,3,7670.075,0.0,0.0,0.0,0.0,767007.5
1727578,IT,RO,REALE,TRANS,0.32,7669.666,3,3,7669.666,0.0,0.0,0.0,0.0,23967.70625
1738639,IT,GB,MACHI,PIGS9,0.04,7669.639,3,3,7669.639,0.0,0.0,0.0,0.0,191740.975
1651733,IT,CY,MACHI,CHEM1,0.04,7669.412,3,3,7669.412,0.0,0.0,0.0,0.0,191735.3
1664631,IT,EE,LANDT,PRINT,0.05,7669.278,3,3,7669.278,0.0,0.0,0.0,0.0,153385.56
1807461,IT,WF,AUXIL,HEALT,0.14,7668.926,3,3,7668.926,0.0,0.0,0.0,0.0,54778.042857
1712548,IT,LV,MACHI,RAWMI,0.04,7668.809,3,3,7668.809,0.0,0.0,0.0,0.0,191720.225
1748831,IT,CN,TEXTI,RETAI,0.05,7668.727,3,3,7668.727,0.0,0.0,0.0,0.0,153374.54
1770033,IT,AU,FURNI,MEMBE,0.02,7668.49,3,3,7668.49,0.0,0.0,0.0,0.0,383424.5
1657673,IT,DE,CERAM,RETAI,0.01,7668.458,3,3,7668.458,0.0,0.0,0.0,0.0,766845.8
1670908,IT,FI,CHEM1,PEAT2,0.02,7668.291,3,3,7668.291,0.0,0.0,0.0,0.0,383414.55
1652073,IT,CZ,STONE,FABRI,0.02,7668.062,3,3,7668.062,0.0,0.0,0.0,0.0,383403.1
1810593,IT,WM,PRINT,KEROS,0.07,7667.853,3,3,7667.853,0.0,0.0,0.0,0.0,109540.757143
1722380,IT,PT,CHEMI,PAPER,0.02,7667.456,3,3,7667.456,0.0,0.0,0.0,0.0,383372.8
1749065,IT,CN,LEATH,AUXIL,0.05,7667.233,3,3,7667.233,0.0,0.0,0.0,0.0,153344.66
1801902,IT,WE,CONST,LANDT,0.04,7667.083,3,3,7667.083,0.0,0.0,0.0,0.0,191677.075
1676714,IT,FR,RAILW,FINAN,0.05,7666.847,3,3,7666.847,0.0,0.0,0.0,0.0,153336.94
1774693,IT,CH,SUPPO,CHEMI,0.06,7666.719,3,3,7666.719,0.0,0.0,0.0,0.0,127778.65
1766055,IT,RU,CHEM1,FOOD3,0.02,7666.299,3,3,7666.299,0.0,0.0,0.0,0.0,383314.95
1800478,IT,WE,RUBBE,NONFE,0.03,7666.11,3,3,7666.11,0.0,0.0,0.0,0.0,255537.0
1763415,IT,MX,GASDI,PUBLI,0.01,7666.089,3,3,7666.089,0.0,0.0,0.0,0.0,766608.9
1779353,IT,TR,INSUR,WHOLE,0.16,7666.052,3,3,7666.052,0.0,0.0,0.0,0.0,47912.825
1772301,IT,CH,PETRO,PUBLI,0.01,7665.894,3,3,7665.894,0.0,0.0,0.0,0.0,766589.4
1641674,IT,AT,NONSP,MOTOR,0.01,7665.84,3,3,7665.84,0.0,0.0,0.0,0.0,766584.0
1675410,IT,FR,MACHI,ELEC6,0.04,7665.457,3,3,7665.457,0.0,0.0,0.0,0.0,191636.425
1676710,IT,FR,RAILW,TRAN2,0.05,7665.341,3,3,7665.341,0.0,0.0,0.0,0.0,153306.82
1804718,IT,WF,LIQUE,RETA1,0.01,7665.278,3,3,7665.278,0.0,0.0,0.0,0.0,766527.8
1768380,IT,AU,VEGE1,PADDY,0.02,7665.074,4,4,7665.072,0.0,0.0,0.0,0.002,383253.7
1734572,IT,SK,BEVER,MEATC,0.03,7664.942,3,3,7664.942,0.0,0.0,0.0,0.0,255498.066667
1666278,IT,ES,HEAVY,FOOD3,0.01,7664.936,3,3,7664.936,0.0,0.0,0.0,0.0,766493.6
1666455,IT,ES,NONSP,BITU1,0.01,7664.897,3,3,7664.897,0.0,0.0,0.0,0.0,766489.7
1686750,IT,HU,COPP1,FOOD3,0.02,7664.673,3,3,7664.673,0.0,0.0,0.0,0.0,383233.65
1797586,IT,WL,HEALT,ANIMA,0.04,7664.393,3,3,7664.393,0.0,0.0,0.0,0.0,191609.825
1650973,IT,BG,SUPPO,TEXTI,0.06,7664.064,3,3,7664.064,0.0,0.0,0.0,0.0,127734.4
1723958,IT,PT,SALEM,PLAST,0.06,7664.059,3,3,7664.059,0.0,0.0,0.0,0.0,127734.316667
1655610,IT,DE,SANDC,ELE12,0.02,7663.349,4,4,7661.349,0.0,0.0,2.0,0.0,383167.45
1717801,IT,NL,FOOD2,BASIC,0.04,7663.337,3,3,7663.337,0.0,0.0,0.0,0.0,191583.425
1653920,IT,CZ,FABRI,OILHA,0.03,7662.728,3,3,7662.728,0.0,0.0,0.0,0.0,255424.266667
1798558,IT,WE,CHEMI,GASDI,0.02,7662.62,3,3,7662.62,0.0,0.0,0.0,0.0,383131.0
1652593,IT,CZ,LEATH,POSTT,0.05,7662.51,3,3,7662.51,0.0,0.0,0.0,0.0,153250.2
1741363,IT,US,PRINT,OFFIC,0.07,7662.453,3,3,7662.453,0.0,0.0,0.0,0.0,109463.614286
1773641,IT,CH,TRANS,MEMBE,0.05,7662.442,3,3,7662.442,0.0,0.0,0.0,0.0,153248.84
1737060,IT,GB,SANDC,HOTEL,0.02,7662.418,4,4,7660.418,0.0,0.0,2.0,0.0,383120.9
1756661,IT,KR,LANDT,HEALT,0.05,7661.619,3,3,7661.619,0.0,0.0,0.0,0.0,153232.38
1745701,IT,JP,WEARI,POULT,0.06,7661.329,3,3,7661.329,0.0,0.0,0.0,0.0,127688.816667
1732262,IT,SI,LIQUE,STEAM,0.01,7660.562,3,3,7660.562,0.0,0.0,0.0,0.0,766056.2
1649619,IT,BG,GLASS,LEAD1,0.02,7660.502,3,3,7660.502,0.0,0.0,0.0,0.0,383025.1
1681509,IT,GR,BUSIN,FISH5,0.08,7660.261,3,3,7660.261,0.0,0.0,0.0,0.0,95753.2625
1723599,IT,PT,FABRI,NONF1,0.03,7660.219,3,3,7660.219,0.0,0.0,0.0,0.0,255340.633333
1792321,IT,WA,FINAN,MEAT4,0.1,7660.016,3,3,7660.016,0.0,0.0,0.0,0.0,76600.16
1762446,IT,IN,POSTT,93197,0.13,7659.978,3,3,7659.978,0.0,0.0,0.0,0.0,58922.907692
1711931,IT,LU,WASTE,MOTO1,0.02,7659.93,3,3,7659.93,0.0,0.0,0.0,0.0,382996.5
1717337,IT,NL,FINAN,NONF1,0.1,7659.888,3,3,7659.888,0.0,0.0,0.0,0.0,76598.88
1733534,IT,SI,WHOLE,INERT,0.07,7659.801,3,3,7659.801,0.0,0.0,0.0,0.0,109425.728571
1792950,IT,WA,PAPE1,PUBLI,0.05,7659.691,3,3,7659.691,0.0,0.0,0.0,0.0,153193.82
1642545,IT,AT,COPP1,POSTT,0.02,7659.608,3,3,7659.608,0.0,0.0,0.0,0.0,382980.4
1771176,IT,CH,MEAT4,OFFIC,0.04,7659.276,3,3,7659.276,0.0,0.0,0.0,0.0,191481.9
1805488,IT,WF,CERAM,CROPS,0.01,7659.216,3,3,7659.216,0.0,0.0,0.0,0.0,765921.6
1652500,IT,CZ,WEARI,RADIO,0.06,7659.162,3,3,7659.162,0.0,0.0,0.0,0.0,127652.7
1743535,IT,US,RETA1,RECRE,0.08,7659.116,3,3,7659.116,0.0,0.0,0.0,0.0,95738.95
1646711,IT,BE,FURNI,PAPE1,0.02,7659.035,3,3,7659.035,0.0,0.0,0.0,0.0,382951.75
1772764,IT,CH,NONME,TEXTI,0.02,7658.529,3,3,7658.529,0.0,0.0,0.0,0.0,382926.45
1749864,IT,CN,RUBBE,ELEC3,0.03,7658.437,3,3,7658.437,0.0,0.0,0.0,0.0,255281.233333
1793488,IT,WL,CHEMI,TEXTI,0.02,7658.384,3,3,7658.384,0.0,0.0,0.0,0.0,382919.2
1657656,IT,DE,CERAM,MEDIC,0.01,7658.383,3,3,7658.383,0.0,0.0,0.0,0.0,765838.3
1813431,IT,WM,CONST,NATU1,0.04,7658.308,3,3,7658.308,0.0,0.0,0.0,0.0,191457.7
1747231,IT,JP,SALEM,FURNI,0.06,7658.119,3,3,7658.119,0.0,0.0,0.0,0.0,127635.316667
1788792,IT,WA,KEROS,WHITE,0.01,7657.985,3,3,7657.985,0.0,0.0,0.0,0.0,765798.5
1813202,IT,WM,MOTO1,FOOD3,0.04,7657.282,3,3,7657.282,0.0,0.0,0.0,0.0,191432.05
1771131,IT,CH,CHEMI,RETA1,0.02,7656.938,3,3,7656.938,0.0,0.0,0.0,0.0,382846.9
1780236,IT,TW,RAILW,HEALT,0.05,7656.835,3,3,7656.835,0.0,0.0,0.0,0.0,153136.7
1755371,IT,KR,MOTOR,NAPHT,0.01,7656.564,3,3,7656.564,0.0,0.0,0.0,0.0,765656.4
1808328,IT,WF,FOOD3,NICKE,0.02,7656.563,3,3,7656.563,0.0,0.0,0.0,0.0,382828.15
1797978,IT,WL,PAPE4,CONST,0.05,7656.522,3,3,7656.522,0.0,0.0,0.0,0.0,153130.44
1789558,IT,WA,BIOGA,MOTOR,0.02,7656.394,3,3,7656.394,0.0,0.0,0.0,0.0,382819.7
1642794,IT,AT,MACHI,OILHA,0.04,7656.049,3,3,7656.049,0.0,0.0,0.0,0.0,191401.225
1811374,IT,WM,NONSP,ELEC2,0.01,7655.946,3,3,7655.946,0.0,0.0,0.0,0.0,765594.6
1776195,IT,TR,WOODW,MEATC,0.02,7655.71,3,3,7655.71,0.0,0.0,0.0,0.0,382785.5
1764023,IT,MX,COPP1,CHEM1,0.02,7655.65,3,3,7655.65,0.0,0.0,0.0,0.0,382782.5
1793356,IT,WL,VEGET,MEATC,0.03,7655.383,3,3,7655.383,0.0,0.0,0.0,0.0,255179.433333
1666678,IT,ES,BIOGA,LANDT,0.02,7655.248,3,3,7655.248,0.0,0.0,0.0,0.0,382762.4
1740645,IT,US,CRUDE,MEDIC,0.02,7654.872,3,3,7654.872,0.0,0.0,0.0,0.0,382743.6
1668237,IT,ES,RETAI,HEALT,0.06,7654.483,3,3,7654.483,0.0,0.0,0.0,0.0,127574.716667
1642462,IT,AT,ALUM1,LANDT,0.01,7654.281,3,3,7654.281,0.0,0.0,0.0,0.0,765428.1
1803432,IT,WF,MEATP,LEAD1,0.03,7654.22,3,3,7654.22,0.0,0.0,0.0,0.0,255140.666667
1814838,IT,WM,MEMBE,CONST,0.09,7653.292,3,3,7653.292,0.0,0.0,0.0,0.0,85036.577778
1755037,IT,KR,WEARI,OFFIC,0.06,7652.507,3,3,7652.507,0.0,0.0,0.0,0.0,127541.783333
1722913,IT,PT,KEROS,WHOLE,0.01,7652.437,3,3,7652.437,0.0,0.0,0.0,0.0,765243.7
1716341,IT,NL,FABRI,AUXIL,0.03,7652.373,3,3,7652.373,0.0,0.0,0.0,0.0,255079.1
1775290,IT,CH,BUSIN,COPP1,0.08,7652.335,3,3,7652.335,0.0,0.0,0.0,0.0,95654.1875
1711736,IT,LU,BUSIN,TRAN2,0.08,7652.291,3,3,7652.291,0.0,0.0,0.0,0.0,95653.6375
1673053,IT,FR,FOOD5,LIQUE,0.04,7652.073,3,3,7652.073,0.0,0.0,0.0,0.0,191301.825
1684891,IT,HU,SANDC,COLLE,0.02,7651.914,4,4,7649.914,0.0,0.0,2.0,0.0,382595.7
1662739,IT,DK,OFFIC,ELECT,0.02,7651.784,3,3,7651.784,0.0,0.0,0.0,0.0,382589.2
1778243,IT,TR,FURNI,WASTE,0.02,7651.71,3,3,7651.71,0.0,0.0,0.0,0.0,382585.5
1781966,IT,NO,RUBBE,MEATA,0.03,7651.701,3,3,7651.701,0.0,0.0,0.0,0.0,255056.7
1775865,IT,TR,DAIRY,CHEM1,0.03,7651.621,3,3,7651.621,0.0,0.0,0.0,0.0,255054.033333
1752736,IT,CA,LEATH,COMPU,0.05,7651.254,3,3,7651.254,0.0,0.0,0.0,0.0,153025.08
1777673,IT,TR,COPP1,NATUR,0.02,7651.077,3,3,7651.077,0.0,0.0,0.0,0.0,382553.85
1719050,IT,PL,LIQUE,WOODW,0.01,7651.025,3,3,7651.025,0.0,0.0,0.0,0.0,765102.5
1649795,IT,BG,PREC1,WOODW,0.01,7650.844,3,3,7650.844,0.0,0.0,0.0,0.0,765084.4
1709498,IT,LT,WEARI,SEACO,0.06,7650.627,3,3,7650.627,0.0,0.0,0.0,0.0,127510.45
1648396,IT,BE,RECRE,RENTI,0.1,7650.336,3,3,7650.336,0.0,0.0,0.0,0.0,76503.36
1743837,IT,US,LANDT,INERT,0.05,7650.302,3,3,7650.302,0.0,0.0,0.0,0.0,153006.04
1752217,IT,CN,PUBLI,RESEA,0.13,7650.256,3,3,7650.256,0.0,0.0,0.0,0.0,58848.123077
1664247,IT,EE,NONME,REALE,0.02,7650.192,3,3,7650.192,0.0,0.0,0.0,0.0,382509.6
1748512,IT,CN,SANDC,RETA1,0.02,7649.986,4,4,7647.986,0.0,0.0,2.0,0.0,382499.3
1784524,IT,ID,FABRI,COLLE,0.03,7649.403,3,3,7649.403,0.0,0.0,0.0,0.0,254980.1
1810160,IT,WM,WEARI,FABRI,0.06,7649.359,3,3,7649.359,0.0,0.0,0.0,0.0,127489.316667
1658265,IT,DE,COPP1,NUCLE,0.02,7649.157,3,3,7649.157,0.0,0.0,0.0,0.0,382457.85
1783410,IT,NO,INTER,PREC1,0.05,7649.134,3,3,7649.134,0.0,0.0,0.0,0.0,152982.68
1643093,IT,AT,WHOLE,PREC1,0.07,7648.652,3,3,7648.652,0.0,0.0,0.0,0.0,109266.457143
1813244,IT,WM,TRANS,PULP5,0.05,7648.505,3,3,7648.505,0.0,0.0,0.0,0.0,152970.1
1746950,IT,JP,MOTO1,ELEC3,0.04,7648.453,3,3,7648.453,0.0,0.0,0.0,0.0,191211.325
1723206,IT,PT,RUBBE,ELEC4,0.03,7648.076,3,3,7648.076,0.0,0.0,0.0,0.0,254935.866667
1738098,IT,GB,RUBBE,PUBLI,0.03,7647.852,3,3,7647.852,0.0,0.0,0.0,0.0,254928.4
1799561,IT,WE,PRINT,DISTR,0.07,7647.846,3,3,7647.846,0.0,0.0,0.0,0.0,109254.942857
1793612,IT,WL,VEGE1,RESEA,0.02,7647.389,4,4,7647.387,0.0,0.0,0.0,0.002,382369.45
1657012,IT,DE,NAPHT,BITU1,0.01,7647.165,3,3,7647.165,0.0,0.0,0.0,0.0,764716.5
1762865,IT,IN,PUBLI,HEALT,0.13,7646.899,3,3,7646.899,0.0,0.0,0.0,0.0,58822.3
1753285,IT,CA,NONME,ELECT,0.02,7646.848,3,3,7646.848,0.0,0.0,0.0,0.0,382342.4
1760954,IT,IN,HEAVY,SECO9,0.01,7646.831,3,3,7646.831,0.0,0.0,0.0,0.0,764683.1
1762078,IT,IN,RETA1,FABRI,0.08,7646.811,3,3,7646.811,0.0,0.0,0.0,0.0,95585.1375
1724473,IT,PT,SUPPO,ELEC2,0.05,7646.757,3,3,7646.757,0.0,0.0,0.0,0.0,152935.14
1796779,IT,WL,LANDT,RAILW,0.05,7646.455,3,3,7646.455,0.0,0.0,0.0,0.0,152929.1
1683347,IT,HR,NONME,DIST1,0.02,7646.429,3,3,7646.429,0.0,0.0,0.0,0.0,382321.45
1728225,IT,SE,FOOD5,BASIC,0.04,7646.112,3,3,7646.112,0.0,0.0,0.0,0.0,191152.8
1658381,IT,DE,FABRI,ANIMA,0.03,7645.58,3,3,7645.58,0.0,0.0,0.0,0.0,254852.666667
1685669,IT,HU,HEAVY,WOODW,0.01,7645.519,3,3,7645.519,0.0,0.0,0.0,0.0,764551.9
1771110,IT,CH,SANDC,WOODW,0.02,7645.311,4,4,7643.311,0.0,0.0,2.0,0.0,382265.55
1678228,IT,FR,OILHA,PLAS1,0.04,7645.012,3,3,7645.012,0.0,0.0,0.0,0.0,191125.3
1776196,IT,TR,WOODW,MEAT1,0.02,7644.663,3,3,7644.663,0.0,0.0,0.0,0.0,382233.15
1652949,IT,CZ,HEAVY,BASIC,0.01,7644.497,3,3,7644.497,0.0,0.0,0.0,0.0,764449.7
1728628,IT,SE,PRINT,FISH5,0.07,7644.388,3,3,7644.388,0.0,0.0,0.0,0.0,109205.542857
1794742,IT,WL,PARAF,CHARC,0.01,7643.87,3,3,7643.87,0.0,0.0,0.0,0.0,764387.0
1814700,IT,WM,INTER,PFERT,0.05,7643.701,3,3,7643.701,0.0,0.0,0.0,0.0,152874.02
1752693,IT,CA,LEATH,CEREA,0.05,7643.568,3,3,7643.568,0.0,0.0,0.0,0.0,152871.36
1668836,IT,ES,TRAN2,TRANS,0.01,7642.924,3,3,7642.924,0.0,0.0,0.0,0.0,764292.4
1786082,IT,ZA,NONME,WOOLS,0.02,7642.854,3,3,7642.854,0.0,0.0,0.0,0.0,382142.7
1765873,IT,RU,NONSP,WHOLE,0.01,7642.799,3,3,7642.799,0.0,0.0,0.0,0.0,764279.9
1763635,IT,MX,RUBBE,RAWMI,0.03,7642.41,3,3,7642.41,0.0,0.0,0.0,0.0,254747.0
1690559,IT,IE,RECRE,POSTT,0.1,7642.212,3,3,7642.212,0.0,0.0,0.0,0.0,76422.12
1756372,IT,KR,FURNI,PAPER,0.02,7641.704,3,3,7641.704,0.0,0.0,0.0,0.0,382085.2
1747786,IT,JP,AUXIL,CONST,0.14,7641.447,3,3,7641.447,0.0,0.0,0.0,0.0,54581.764286
1655410,IT,DE,MEATA,WHOLE,0.04,7641.318,3,3,7641.318,0.0,0.0,0.0,0.0,191032.95
1726305,IT,RO,PREC1,ADDIT,0.01,7641.156,3,3,7641.156,0.0,0.0,0.0,0.0,764115.6
1721172,IT,PL,RAILW,RESEA,0.05,7641.087,3,3,7641.087,0.0,0.0,0.0,0.0,152821.74
1795082,IT,WL,RUBBE,MEATA,0.03,7640.466,3,3,7640.466,0.0,0.0,0.0,0.0,254682.2
1670439,IT,FI,FOOD5,LANDT,0.04,7640.26,3,3,7640.26,0.0,0.0,0.0,0.0,191006.5
1796717,IT,WL,RAILW,HEALT,0.05,7640.172,3,3,7640.172,0.0,0.0,0.0,0.0,152803.44
1802015,IT,WE,WHOLE,PFERT,0.07,7640.035,3,3,7640.035,0.0,0.0,0.0,0.0,109143.357143
1763427,IT,MX,NAPHT,WOODW,0.01,7639.693,3,3,7639.693,0.0,0.0,0.0,0.0,763969.3
1690196,IT,IE,BUSIN,CEMEN,0.08,7639.381,3,3,7639.381,0.0,0.0,0.0,0.0,95492.2625
1676512,IT,FR,RETA1,FOOD2,0.08,7639.315,3,3,7639.315,0.0,0.0,0.0,0.0,95491.4375
1805556,IT,WF,BRICK,RETA1,0.01,7639.27,3,3,7639.27,0.0,0.0,0.0,0.0,763927.0
1810157,IT,WM,WEARI,CERAM,0.06,7639.033,3,3,7639.033,0.0,0.0,0.0,0.0,127317.216667
1715748,IT,NL,BIOGA,HEALT,0.02,7638.585,3,3,7638.585,0.0,0.0,0.0,0.0,381929.25
1735629,IT,SK,COPP1,TRAN1,0.02,7638.457,3,3,7638.457,0.0,0.0,0.0,0.0,381922.85
1663295,IT,DK,INLAN,CRUDE,0.01,7638.169,3,3,7638.169,0.0,0.0,0.0,0.0,763816.9
1734019,IT,SI,POSTT,PUBLI,0.13,7638.026,3,3,7638.026,0.0,0.0,0.0,0.0,58754.046154
1653857,IT,CZ,FABRI,NAPHT,0.03,7636.745,3,3,7636.745,0.0,0.0,0.0,0.0,254558.166667
1716396,IT,NL,MACHI,SECO9,0.04,7636.696,3,3,7636.696,0.0,0.0,0.0,0.0,190917.4
1747886,IT,JP,RENTI,OILHA,0.05,7636.669,3,3,7636.669,0.0,0.0,0.0,0.0,152733.38
1732633,IT,SI,GLASS,DISTR,0.02,7636.476,3,3,7636.476,0.0,0.0,0.0,0.0,381823.8
1677670,IT,FR,RENTI,RAWMI,0.05,7636.434,3,3,7636.434,0.0,0.0,0.0,0.0,152728.68
1780040,IT,TW,WHOLE,SANDC,0.07,7635.435,3,3,7635.435,0.0,0.0,0.0,0.0,109077.642857
1775024,IT,CH,RENTI,PIGS9,0.05,7635.115,3,3,7635.115,0.0,0.0,0.0,0.0,152702.3
1809204,IT,WM,MEATA,RECRE,0.04,7635.036,3,3,7635.036,0.0,0.0,0.0,0.0,190875.9
1751797,IT,CN,AUXIL,WHOLE,0.14,7634.983,3,3,7634.983,0.0,0.0,0.0,0.0,54535.592857
1683982,IT,HR,WHOLE,FINAN,0.07,7633.957,3,3,7633.957,0.0,0.0,0.0,0.0,109056.528571
1712035,IT,LV,FOOD5,FOOD5,0.04,7633.672,3,3,7633.672,0.0,0.0,0.0,0.0,190841.8
1739829,IT,GB,FINAN,BEVER,0.1,7633.573,3,3,7633.573,0.0,0.0,0.0,0.0,76335.73
1751606,IT,CN,POSTT,RAILW,0.13,7633.564,3,3,7633.564,0.0,0.0,0.0,0.0,58719.723077
1651443,IT,CY,GASDI,MACHI,0.01,7632.973,3,3,7632.973,0.0,0.0,0.0,0.0,763297.3
1767017,IT,RU,TRANS,MOTO1,0.05,7632.948,3,3,7632.948,0.0,0.0,0.0,0.0,152658.96
1690287,IT,IE,SEWAG,STONE,0.07,7632.806,3,3,7632.806,0.0,0.0,0.0,0.0,109040.085714
1782282,IT,NO,COPP1,FISHF,0.02,7632.704,3,3,7632.704,0.0,0.0,0.0,0.0,381635.2
1657818,IT,DE,NONME,ELEC4,0.02,7632.409,3,3,7632.409,0.0,0.0,0.0,0.0,381620.45
1679589,IT,GR,RUBBE,TRAN1,0.03,7632.315,3,3,7632.315,0.0,0.0,0.0,0.0,254410.5
1717070,IT,NL,LANDT,INSUR,0.05,7632.29,3,3,7632.29,0.0,0.0,0.0,0.0,152645.8
1765498,IT,RU,WEARI,FURNI,0.06,7632.111,3,3,7632.111,0.0,0.0,0.0,0.0,127201.85
1730672,IT,SE,RENTI,WOOD1,0.05,7631.8,3,3,7631.8,0.0,0.0,0.0,0.0,152636.0
1649909,IT,BG,FABRI,FISH5,0.03,7631.507,3,3,7631.507,0.0,0.0,0.0,0.0,254383.566667
1741613,IT,US,GASDI,PAPE4,0.01,7630.749,3,3,7630.749,0.0,0.0,0.0,0.0,763074.9
1735327,IT,SK,CERAM,MEDIC,0.01,7630.326,3,3,7630.326,0.0,0.0,0.0,0.0,763032.6
1650717,IT,BG,HOTEL,GASDI,0.06,7630.318,3,3,7630.318,0.0,0.0,0.0,0.0,127171.966667
1726906,IT,RO,RETA1,MEMBE,0.08,7630.193,3,3,7630.193,0.0,0.0,0.0,0.0,95377.4125
1736109,IT,SK,CONST,ALUM1,0.04,7629.377,3,3,7629.377,0.0,0.0,0.0,0.0,190734.425
1709721,IT,LT,CHEM1,NONME,0.02,7629.038,3,3,7629.038,0.0,0.0,0.0,0.0,381451.9
1789162,IT,WA,PLAST,SANDC,0.02,7628.456,3,3,7628.456,0.0,0.0,0.0,0.0,381422.8
1781956,IT,NO,ADDIT,TRAN2,0.02,7627.901,3,3,7627.901,0.0,0.0,0.0,0.0,381395.05
1656607,IT,DE,PRINT,ELECT,0.07,7627.766,3,3,7627.766,0.0,0.0,0.0,0.0,108968.085714
1671683,IT,FI,CONST,HEALT,0.04,7627.761,3,3,7627.761,0.0,0.0,0.0,0.0,190694.025
1746527,IT,JP,NONME,RUBBE,0.02,7627.495,3,3,7627.495,0.0,0.0,0.0,0.0,381374.75
1748632,IT,CN,DAIRY,LIQUE,0.03,7627.481,3,3,7627.481,0.0,0.0,0.0,0.0,254249.366667
1793750,IT,WL,BEVER,SALEM,0.03,7626.962,3,3,7626.962,0.0,0.0,0.0,0.0,254232.066667
1754605,IT,KR,ANIMA,HOTEL,0.03,7626.487,3,3,7626.487,0.0,0.0,0.0,0.0,254216.233333
1716561,IT,NL,CONST,ELECT,0.04,7626.391,3,3,7626.391,0.0,0.0,0.0,0.0,190659.775
1757671,IT,BR,HEAVY,PFERT,0.01,7626.289,3,3,7626.289,0.0,0.0,0.0,0.0,762628.9
1679671,IT,GR,GLASS,RENTI,0.02,7625.968,3,3,7625.968,0.0,0.0,0.0,0.0,381298.4
1733632,IT,SI,HOTEL,ELECT,0.06,7625.798,3,3,7625.798,0.0,0.0,0.0,0.0,127096.633333
1746338,IT,JP,ADDIT,FABRI,0.02,7625.751,3,3,7625.751,0.0,0.0,0.0,0.0,381287.55
1670873,IT,FI,PLAST,CERAM,0.02,7625.44,3,3,7625.44,0.0,0.0,0.0,0.0,381272.0
1735198,IT,SK,RUBBE,RADIO,0.03,7625.079,3,3,7625.079,0.0,0.0,0.0,0.0,254169.3
1763828,IT,MX,CEMEN,COLLE,0.01,7624.879,3,3,7624.879,0.0,0.0,0.0,0.0,762487.9
1651409,IT,CY,KEROS,POULT,0.01,7624.729,3,3,7624.729,0.0,0.0,0.0,0.0,762472.9
1655878,IT,DE,DAIRY,RUBBE,0.03,7624.366,3,3,7624.366,0.0,0.0,0.0,0.0,254145.533333
1690396,IT,IE,WASTE,RECRE,0.02,7623.991,3,3,7623.991,0.0,0.0,0.0,0.0,381199.55
1675521,IT,FR,OFFIC,FOODW,0.02,7623.982,3,3,7623.982,0.0,0.0,0.0,0.0,381199.1
1797824,IT,WL,FOOD2,FISH5,0.04,7623.498,3,3,7623.498,0.0,0.0,0.0,0.0,190587.45
1649601,IT,BG,GLASS,MEATP,0.02,7623.036,3,3,7623.036,0.0,0.0,0.0,0.0,381151.8
1793137,IT,WA,RECRE,PUBLI,0.1,7622.773,3,3,7622.773,0.0,0.0,0.0,0.0,76227.73
1656867,IT,DE,HEAVY,PFERT,0.01,7622.752,3,3,7622.752,0.0,0.0,0.0,0.0,762275.2
1713383,IT,MT,LIQUE,FURNI,0.01,7622.751,3,3,7622.751,0.0,0.0,0.0,0.0,762275.1
1770123,IT,AU,WHOLE,REALE,0.07,7622.717,3,3,7622.717,0.0,0.0,0.0,0.0,108895.957143
1651349,IT,CY,PAPER,MEAT1,0.03,7622.683,3,3,7622.683,0.0,0.0,0.0,0.0,254089.433333
1656419,IT,DE,WOODW,PAPE1,0.02,7622.626,3,3,7622.626,0.0,0.0,0.0,0.0,381131.3
1728356,IT,SE,TEXTI,BIOGA,0.05,7622.393,3,3,7622.393,0.0,0.0,0.0,0.0,152447.86
1732352,IT,SI,NAPHT,PAPE4,0.01,7622.277,3,3,7622.277,0.0,0.0,0.0,0.0,762227.7
1809098,IT,WM,CROPS,WEARI,0.06,7621.925,3,3,7621.925,0.0,0.0,0.0,0.0,127032.083333
1659606,IT,DE,HOTEL,BRICK,0.06,7621.706,3,3,7621.706,0.0,0.0,0.0,0.0,127028.433333
1811815,IT,WM,BIODI,CONST,0.02,7621.546,3,3,7621.546,0.0,0.0,0.0,0.0,381077.3
1798931,IT,WE,FISH5,GASDI,0.03,7621.286,4,4,7621.282,0.0,0.0,0.0,0.004,254042.866667
1729057,IT,SE,RUBBE,LEAD1,0.03,7621.198,3,3,7621.198,0.0,0.0,0.0,0.0,254039.933333
1733116,IT,SI,FABRI,BRICK,0.03,7621.13,3,3,7621.13,0.0,0.0,0.0,0.0,254037.666667
1683303,IT,HR,CEMEN,POSTT,0.01,7621.046,3,3,7621.046,0.0,0.0,0.0,0.0,762104.6
1722840,IT,PT,PRINT,FOOD5,0.07,7620.994,3,3,7620.994,0.0,0.0,0.0,0.0,108871.342857
1652778,IT,CZ,PAPER,FOOD2,0.03,7620.975,3,3,7620.975,0.0,0.0,0.0,0.0,254032.5
1675169,IT,FR,COPP1,PLAS2,0.02,7620.691,3,3,7620.691,0.0,0.0,0.0,0.0,381034.55
1801872,IT,WE,CONST,LEATH,0.04,7620.596,3,3,7620.596,0.0,0.0,0.0,0.0,190514.9
1684603,IT,HR,HEALT,VEGE1,0.04,7620.461,3,3,7620.461,0.0,0.0,0.0,0.0,190511.525
1797700,IT,WL,PLAS1,FABRI,0.03,7619.713,3,3,7619.713,0.0,0.0,0.0,0.0,253990.433333
1684862,IT,HU,STONE,MACHI,0.02,7619.478,3,3,7619.478,0.0,0.0,0.0,0.0,380973.9
1810529,IT,WM,PAPER,CHARC,0.03,7619.429,3,3,7619.429,0.0,0.0,0.0,0.0,253980.966667
1758887,IT,BR,HOTEL,ELEC6,0.06,7619.409,3,3,7619.409,0.0,0.0,0.0,0.0,126990.15
1728224,IT,SE,FOOD5,NONME,0.04,7619.313,3,3,7619.313,0.0,0.0,0.0,0.0,190482.825
1658263,IT,DE,COPP1,LUBRI,0.02,7618.822,3,3,7618.822,0.0,0.0,0.0,0.0,380941.1
1746165,IT,JP,PLAST,BRICK,0.02,7618.768,3,3,7618.768,0.0,0.0,0.0,0.0,380938.4
1763847,IT,MX,NONME,MOTOR,0.02,7618.482,3,3,7618.482,0.0,0.0,0.0,0.0,380924.1
1748768,IT,CN,FISH5,HEALT,0.03,7618.298,4,4,7618.294,0.0,0.0,0.0,0.004,253943.266667
1657104,IT,DE,NONSP,FOOD3,0.01,7617.764,3,3,7617.764,0.0,0.0,0.0,0.0,761776.4
1675661,IT,FR,TRANS,RUBBE,0.05,7617.749,3,3,7617.749,0.0,0.0,0.0,0.0,152354.98
1680265,IT,GR,FURNI,RAWMI,0.02,7617.713,3,3,7617.713,0.0,0.0,0.0,0.0,380885.65
1789468,IT,WA,ADDIT,NATU1,0.02,7617.392,3,3,7617.392,0.0,0.0,0.0,0.0,380869.6
1738180,IT,GB,CERAM,DAIRY,0.01,7617.113,3,3,7617.113,0.0,0.0,0.0,0.0,761711.3
1763046,IT,MX,TEXTI,PRINT,0.05,7617.1,3,3,7617.1,0.0,0.0,0.0,0.0,152342.0
1725493,IT,RO,WEARI,COMPU,0.06,7617.006,3,3,7617.006,0.0,0.0,0.0,0.0,126950.1
1803036,IT,WF,CEREA,COKIN,0.01,7615.953,3,3,7615.953,0.0,0.0,0.0,0.0,761595.3
1651292,IT,CY,BEVER,BEVER,0.03,7615.451,3,3,7615.451,0.0,0.0,0.0,0.0,253848.366667
1660024,IT,DE,INLAN,FOODW,0.01,7615.397,3,3,7615.397,0.0,0.0,0.0,0.0,761539.7
1719641,IT,PL,CERAM,INERT,0.01,7615.071,3,3,7615.071,0.0,0.0,0.0,0.0,761507.1
1727376,IT,RO,FINAN,VEGET,0.1,7614.679,3,3,7614.679,0.0,0.0,0.0,0.0,76146.79
1783215,IT,NO,BUSIN,OFFIC,0.08,7614.499,3,3,7614.499,0.0,0.0,0.0,0.0,95181.2375
1794285,IT,WL,MOTOR,KERO1,0.01,7614.147,3,3,7614.147,0.0,0.0,0.0,0.0,761414.7
1645715,IT,BE,RUBBE,RAWMI,0.03,7613.598,3,3,7613.598,0.0,0.0,0.0,0.0,253786.6
1759918,IT,BR,PAPE1,TEXT2,0.05,7613.467,3,3,7613.467,0.0,0.0,0.0,0.0,152269.34
1641905,IT,AT,BIODI,RETAI,0.02,7613.261,3,3,7613.261,0.0,0.0,0.0,0.0,380663.05
1689407,IT,IE,HOTEL,LEADZ,0.06,7612.807,3,3,7612.807,0.0,0.0,0.0,0.0,126880.116667
1640823,IT,AT,WEARI,SUPPO,0.06,7612.595,3,3,7612.595,0.0,0.0,0.0,0.0,126876.583333
1744556,IT,US,REALE,LANDT,0.32,7612.492,3,3,7612.492,0.0,0.0,0.0,0.0,23789.0375
1777576,IT,TR,ALUM1,LIGNI,0.01,7612.296,3,3,7612.296,0.0,0.0,0.0,0.0,761229.6
1659291,IT,DE,SALEM,WOOD1,0.06,7611.997,3,3,7611.997,0.0,0.0,0.0,0.0,126866.616667
1734957,IT,SK,HEAVY,WOODW,0.01,7611.689,3,3,7611.689,0.0,0.0,0.0,0.0,761168.9
1790955,IT,WA,MOTO1,ANIMA,0.04,7611.41,3,3,7611.41,0.0,0.0,0.0,0.0,190285.25
1765304,IT,RU,DAIRY,HEALT,0.03,7611.29,3,3,7611.29,0.0,0.0,0.0,0.0,253709.666667
1802238,IT,WE,RAILW,RESEA,0.05,7610.776,3,3,7610.776,0.0,0.0,0.0,0.0,152215.52
1714572,IT,NL,CRUDE,RECRE,0.01,7610.643,3,3,7610.643,0.0,0.0,0.0,0.0,761064.3
1777419,IT,TR,NONME,SUGA1,0.02,7610.588,3,3,7610.588,0.0,0.0,0.0,0.0,380529.4
1730222,IT,SE,LANDT,PLAS1,0.05,7610.259,3,3,7610.259,0.0,0.0,0.0,0.0,152205.18
1781132,IT,TW,TEXT1,PUBLI,0.06,7610.223,3,3,7610.223,0.0,0.0,0.0,0.0,126837.05
1726585,IT,RO,OFFIC,INTER,0.02,7610.092,3,3,7610.092,0.0,0.0,0.0,0.0,380504.6
1722357,IT,PT,FISHF,WHOLE,0.01,7610.068,3,3,7610.068,0.0,0.0,0.0,0.0,761006.8
1752758,IT,CA,WOODW,PRINT,0.02,7610.063,3,3,7610.063,0.0,0.0,0.0,0.0,380503.15
1805949,IT,WF,LEAD1,RESEA,0.01,7610.031,3,3,7610.031,0.0,0.0,0.0,0.0,761003.1
1715455,IT,NL,AVIAT,RENTI,0.02,7609.909,3,3,7609.909,0.0,0.0,0.0,0.0,380495.45
1795259,IT,WL,CERAM,NONME,0.01,7609.683,3,3,7609.683,0.0,0.0,0.0,0.0,760968.3
1788494,IT,WA,PULP5,REALE,0.02,7609.66,3,3,7609.66,0.0,0.0,0.0,0.0,380483.0
1728752,IT,SE,GASDI,MACHI,0.01,7609.562,3,3,7609.562,0.0,0.0,0.0,0.0,760956.2
1742275,IT,US,BRICK,CEMEN,0.01,7609.18,3,3,7609.18,0.0,0.0,0.0,0.0,760918.0
1775989,IT,TR,FISH5,WHOLE,0.03,7609.048,4,4,7609.044,0.0,0.0,0.0,0.004,253634.933333
1670267,IT,FI,VEGET,WHOLE,0.03,7608.343,3,3,7608.343,0.0,0.0,0.0,0.0,253611.433333
1749101,IT,CN,WOODW,KEROS,0.02,7608.031,3,3,7608.031,0.0,0.0,0.0,0.0,380401.55
1807783,IT,WF,FOODW,POULT,0.06,7607.305,3,3,7607.305,0.0,0.0,0.0,0.0,126788.416667
1778560,IT,TR,RETA1,BIOG1,0.08,7607.049,3,3,7607.049,0.0,0.0,0.0,0.0,95088.1125
1678806,IT,GR,FOOD5,RECRE,0.04,7607.038,3,3,7607.038,0.0,0.0,0.0,0.0,190175.95
1806535,IT,WF,FURNI,SANDC,0.02,7606.89,3,3,7606.89,0.0,0.0,0.0,0.0,380344.5
1714897,IT,NL,BEVER,NUCLE,0.03,7606.72,3,3,7606.72,0.0,0.0,0.0,0.0,253557.333333
1753726,IT,CA,FURNI,CEREA,0.02,7606.67,3,3,7606.67,0.0,0.0,0.0,0.0,380333.5
1641217,IT,AT,PRINT,MEMBE,0.07,7606.659,3,3,7606.659,0.0,0.0,0.0,0.0,108666.557143
1808298,IT,WF,FOOD2,AIRTR,0.04,7606.596,3,3,7606.596,0.0,0.0,0.0,0.0,190164.9
1758267,IT,BR,ALUM1,CATTL,0.01,7606.588,3,3,7606.588,0.0,0.0,0.0,0.0,760658.8
1713267,IT,MT,PAPER,EDUCA,0.03,7606.577,3,3,7606.577,0.0,0.0,0.0,0.0,253552.566667
1802543,IT,WE,FINAN,BITUM,0.1,7605.102,3,3,7605.102,0.0,0.0,0.0,0.0,76051.02
1649505,IT,BG,RUBBE,STONE,0.03,7604.831,3,3,7604.831,0.0,0.0,0.0,0.0,253494.366667
1768928,IT,AU,PAPER,CATTL,0.03,7604.61,3,3,7604.61,0.0,0.0,0.0,0.0,253487.0
1801890,IT,WE,CONST,OFFIC,0.04,7604.589,3,3,7604.589,0.0,0.0,0.0,0.0,190114.725
1733365,IT,SI,TRANS,HOTEL,0.05,7604.318,3,3,7604.318,0.0,0.0,0.0,0.0,152086.36
1745549,IT,JP,BEVER,DISTR,0.03,7604.102,3,3,7604.102,0.0,0.0,0.0,0.0,253470.066667
1783348,IT,NO,PAPE1,PAPE4,0.05,7603.46,3,3,7603.46,0.0,0.0,0.0,0.0,152069.2
1761317,IT,IN,GLASS,DAIRY,0.02,7603.446,3,3,7603.446,0.0,0.0,0.0,0.0,380172.3
1717672,IT,NL,BUSIN,LEAD1,0.08,7603.257,3,3,7603.257,0.0,0.0,0.0,0.0,95040.7125
1755034,IT,KR,WEARI,ALUM1,0.06,7603.145,3,3,7603.145,0.0,0.0,0.0,0.0,126719.083333
1793775,IT,WL,FISH5,EDUCA,0.03,7603.117,4,4,7603.113,0.0,0.0,0.0,0.004,253437.233333
1752464,IT,CA,DAIRY,SALEM,0.03,7603.006,3,3,7603.006,0.0,0.0,0.0,0.0,253433.533333
1776040,IT,TR,TEXTI,ELECT,0.05,7602.997,3,3,7602.997,0.0,0.0,0.0,0.0,152059.94
1717589,IT,NL,COMPU,INSUR,0.09,7602.895,3,3,7602.895,0.0,0.0,0.0,0.0,84476.611111
1709390,IT,LT,BEVER,SUGA1,0.03,7602.668,3,3,7602.668,0.0,0.0,0.0,0.0,253422.266667
1648259,IT,BE,BUSIN,WOOD1,0.08,7602.582,3,3,7602.582,0.0,0.0,0.0,0.0,95032.275
1647750,IT,BE,INSUR,POSTT,0.16,7602.532,3,3,7602.532,0.0,0.0,0.0,0.0,47515.825
1803998,IT,WF,LEATH,RAILW,0.05,7602.419,3,3,7602.419,0.0,0.0,0.0,0.0,152048.38
1655954,IT,DE,FOOD5,SANDC,0.04,7601.984,3,3,7601.984,0.0,0.0,0.0,0.0,190049.6
1811595,IT,WM,CHEM1,NONFE,0.02,7601.919,3,3,7601.919,0.0,0.0,0.0,0.0,380095.95
1732636,IT,SI,GLASS,COLLE,0.02,7601.523,3,3,7601.523,0.0,0.0,0.0,0.0,380076.15
1710663,IT,LU,VEGE1,FISH5,0.02,7601.38,4,4,7601.378,0.0,0.0,0.0,0.002,380069.0
1756147,IT,KR,MACHI,LEADZ,0.04,7601.376,3,3,7601.376,0.0,0.0,0.0,0.0,190034.4
1754639,IT,KR,STONE,FABRI,0.02,7601.214,3,3,7601.214,0.0,0.0,0.0,0.0,380060.7
1744161,IT,US,SUPPO,PLAS1,0.05,7601.139,3,3,7601.139,0.0,0.0,0.0,0.0,152022.78
1679259,IT,GR,GASDI,BASIC,0.01,7601.022,3,3,7601.022,0.0,0.0,0.0,0.0,760102.2
1769422,IT,AU,CEMEN,RENTI,0.01,7600.928,3,3,7600.928,0.0,0.0,0.0,0.0,760092.8
1688409,IT,IE,BEVER,MEAT1,0.03,7600.34,3,3,7600.34,0.0,0.0,0.0,0.0,253344.666667
1788610,IT,WA,PAPER,93197,0.03,7600.326,3,3,7600.326,0.0,0.0,0.0,0.0,253344.2
1793680,IT,WL,FOOD5,FORES,0.04,7600.181,3,3,7600.181,0.0,0.0,0.0,0.0,190004.525
1812509,IT,WM,ALUM1,MEATC,0.01,7599.492,3,3,7599.492,0.0,0.0,0.0,0.0,759949.2
1768137,IT,RU,PUBLI,FISH5,0.12,7599.478,3,3,7599.478,0.0,0.0,0.0,0.0,63328.983333
1683069,IT,HR,RUBBE,MEATC,0.03,7599.107,3,3,7599.107,0.0,0.0,0.0,0.0,253303.566667
1790257,IT,WA,PREC1,SUPPO,0.01,7599.054,3,3,7599.054,0.0,0.0,0.0,0.0,759905.4
1660675,IT,DE,RENTI,WHEAT,0.05,7599.05,3,3,7599.05,0.0,0.0,0.0,0.0,151981.0
1719117,IT,PL,PLAST,PIGS9,0.02,7599.027,3,3,7599.027,0.0,0.0,0.0,0.0,379951.35
1670573,IT,FI,TEXTI,RETA1,0.05,7598.958,3,3,7598.958,0.0,0.0,0.0,0.0,151979.16
1739567,IT,GB,TRAN2,SEWAG,0.01,7598.738,3,3,7598.738,0.0,0.0,0.0,0.0,759873.8
1748765,IT,CN,FISH5,WHOLE,0.03,7598.518,4,4,7598.514,0.0,0.0,0.0,0.004,253283.933333
1678233,IT,FR,OILHA,WASTE,0.04,7598.414,3,3,7598.414,0.0,0.0,0.0,0.0,189960.35
1690322,IT,IE,FOOD2,CONST,0.04,7598.334,3,3,7598.334,0.0,0.0,0.0,0.0,189958.35
1688259,IT,IE,CROPS,FORES,0.06,7598.183,3,3,7598.183,0.0,0.0,0.0,0.0,126636.383333
1682396,IT,HR,PAPER,SANDC,0.03,7598.085,3,3,7598.085,0.0,0.0,0.0,0.0,253269.5
1732216,IT,SI,HEAVY,TEXTI,0.01,7598.054,3,3,7598.054,0.0,0.0,0.0,0.0,759805.4
1742553,IT,US,PREC1,NONF1,0.01,7597.931,3,3,7597.931,0.0,0.0,0.0,0.0,759793.1
1723957,IT,PT,SALEM,PAPER,0.06,7597.773,3,3,7597.773,0.0,0.0,0.0,0.0,126629.55
1688055,IT,HU,COMPU,FABRI,0.09,7597.723,3,3,7597.723,0.0,0.0,0.0,0.0,84419.144444
1757774,IT,BR,PLAST,GASDI,0.02,7597.567,3,3,7597.567,0.0,0.0,0.0,0.0,379878.35
1659702,IT,DE,RAILW,BIOGA,0.05,7596.894,3,3,7596.894,0.0,0.0,0.0,0.0,151937.88
1814386,IT,WM,AUXIL,WHOLE,0.14,7596.871,3,3,7596.871,0.0,0.0,0.0,0.0,54263.364286
1675739,IT,FR,FURNI,GASDI,0.02,7596.553,3,3,7596.553,0.0,0.0,0.0,0.0,379827.65
1682984,IT,HR,CHEM1,STONE,0.02,7596.537,3,3,7596.537,0.0,0.0,0.0,0.0,379826.85
1770119,IT,AU,WHOLE,AIRTR,0.07,7595.48,3,3,7595.48,0.0,0.0,0.0,0.0,108506.857143
1640692,IT,AT,FISH5,LANDT,0.03,7595.402,4,4,7595.398,0.0,0.0,0.0,0.004,253180.066667
1679530,IT,GR,ADDIT,PAPE4,0.02,7594.534,3,3,7594.534,0.0,0.0,0.0,0.0,379726.7
1768138,IT,RU,PUBLI,TOBAC,0.12,7594.511,3,3,7594.511,0.0,0.0,0.0,0.0,63287.591667
1655578,IT,DE,SANDC,MOTOR,0.02,7593.908,4,4,7591.908,0.0,0.0,2.0,0.0,379695.4
1643106,IT,AT,WHOLE,RETA1,0.07,7593.907,3,3,7593.907,0.0,0.0,0.0,0.0,108484.385714
1793327,IT,WA,PRIVA,TRAN2,1.69,7593.816,3,3,7593.816,0.0,0.0,0.0,0.0,4493.382249
1674800,IT,FR,CEMEN,NONME,0.01,7593.702,3,3,7593.702,0.0,0.0,0.0,0.0,759370.2
1714949,IT,NL,FISH5,MEATA,0.03,7593.644,4,4,7593.64,0.0,0.0,0.0,0.004,253121.466667
1661302,IT,DK,NATUR,CRUDE,0.01,7593.599,3,3,7593.599,0.0,0.0,0.0,0.0,759359.9
1662847,IT,DK,WHOLE,VEGET,0.07,7592.773,3,3,7592.773,0.0,0.0,0.0,0.0,108468.185714
1771346,IT,CH,PROCE,BEVER,0.05,7592.62,3,3,7592.62,0.0,0.0,0.0,0.0,151852.4
1681473,IT,GR,COMPU,AIRTR,0.09,7592.561,3,3,7592.561,0.0,0.0,0.0,0.0,84361.788889
1709654,IT,LT,PRINT,COMPU,0.07,7592.236,3,3,7592.236,0.0,0.0,0.0,0.0,108460.514286
1729318,IT,SE,NONME,ELEC5,0.02,7592.155,3,3,7592.155,0.0,0.0,0.0,0.0,379607.75
1765317,IT,RU,FOOD5,MEATA,0.04,7592.086,3,3,7592.086,0.0,0.0,0.0,0.0,189802.15
1784271,IT,ID,CHEM1,BRICK,0.02,7591.783,3,3,7591.783,0.0,0.0,0.0,0.0,379589.15
1756071,IT,KR,FABRI,ADDIT,0.03,7591.594,3,3,7591.594,0.0,0.0,0.0,0.0,253053.133333
1651376,IT,CY,PAPER,EDUCA,0.03,7591.2,3,3,7591.2,0.0,0.0,0.0,0.0,253040.0
1753427,IT,CA,FABRI,VEGE1,0.03,7590.995,3,3,7590.995,0.0,0.0,0.0,0.0,253033.166667
1675006,IT,FR,PREC1,COLLE,0.01,7590.802,3,3,7590.802,0.0,0.0,0.0,0.0,759080.2
1811783,IT,WM,ADDIT,GASWO,0.02,7590.701,3,3,7590.701,0.0,0.0,0.0,0.0,379535.05
1718162,IT,PL,DAIRY,ANIMA,0.03,7590.573,3,3,7590.573,0.0,0.0,0.0,0.0,253019.1
1719042,IT,PL,HEAVY,DIST1,0.01,7590.292,3,3,7590.292,0.0,0.0,0.0,0.0,759029.2
1678148,IT,FR,PLAS1,SUPPO,0.03,7590.208,3,3,7590.208,0.0,0.0,0.0,0.0,253006.933333
1672137,IT,FI,POSTT,EDUCA,0.12,7589.955,3,3,7589.955,0.0,0.0,0.0,0.0,63249.625
1752488,IT,CA,FOOD5,CROPS,0.04,7589.261,3,3,7589.261,0.0,0.0,0.0,0.0,189731.525
1718018,IT,PL,CHEMI,CERAM,0.02,7589.187,3,3,7589.187,0.0,0.0,0.0,0.0,379459.35
1784675,IT,ID,MOTO1,RADIO,0.04,7588.785,3,3,7588.785,0.0,0.0,0.0,0.0,189719.625
1765388,IT,RU,FISH5,FOOD5,0.03,7588.722,4,4,7588.718,0.0,0.0,0.0,0.004,252957.4
1661893,IT,DK,PRINT,MEATP,0.07,7588.246,3,3,7588.246,0.0,0.0,0.0,0.0,108403.514286
1787086,IT,ZA,BUSIN,PRINT,0.08,7588.165,3,3,7588.165,0.0,0.0,0.0,0.0,94852.0625
1718228,IT,PL,PROCE,RUBBE,0.05,7587.791,3,3,7587.791,0.0,0.0,0.0,0.0,151755.82
1794375,IT,WL,KEROS,FISH5,0.01,7587.646,3,3,7587.646,0.0,0.0,0.0,0.0,758764.6
1678967,IT,GR,WEARI,RETA1,0.06,7587.459,3,3,7587.459,0.0,0.0,0.0,0.0,126457.65
1646224,IT,BE,ALUM1,PLAS2,0.01,7587.291,3,3,7587.291,0.0,0.0,0.0,0.0,758729.1
1762742,IT,IN,BUSIN,NONF1,0.08,7587.209,3,3,7587.209,0.0,0.0,0.0,0.0,94840.1125
1787208,IT,WA,CEREA,FOOD5,0.01,7587.064,3,3,7587.064,0.0,0.0,0.0,0.0,758706.4
1712387,IT,LV,GLASS,HOTEL,0.02,7586.945,3,3,7586.945,0.0,0.0,0.0,0.0,379347.25
1679698,IT,GR,CEMEN,MACHI,0.01,7586.929,3,3,7586.929,0.0,0.0,0.0,0.0,758692.9
1800395,IT,WE,CHEM1,INLAN,0.02,7586.92,3,3,7586.92,0.0,0.0,0.0,0.0,379346.0
1687279,IT,HU,WHOLE,AIRTR,0.07,7586.088,3,3,7586.088,0.0,0.0,0.0,0.0,108372.685714
1655543,IT,DE,STONE,MOTO1,0.02,7586.021,3,3,7586.021,0.0,0.0,0.0,0.0,379301.05
1775356,IT,CH,PUBLI,FORES,0.12,7585.844,3,3,7585.844,0.0,0.0,0.0,0.0,63215.366667
1656717,IT,DE,MOTOR,SECO9,0.01,7585.81,3,3,7585.81,0.0,0.0,0.0,0.0,758581.0
1775668,IT,TR,CEREA,FURNI,0.01,7585.455,3,3,7585.455,0.0,0.0,0.0,0.0,758545.5
1782243,IT,NO,ALUM1,NATU1,0.01,7585.435,3,3,7585.435,0.0,0.0,0.0,0.0,758543.5
1640235,IT,AT,FORES,COMPU,0.07,7585.322,4,4,7582.322,0.0,3.0,0.0,0.0,108361.742857
1748508,IT,CN,SANDC,ELEC4,0.02,7585.297,4,4,7583.297,0.0,0.0,2.0,0.0,379264.85
1729720,IT,SE,MACHI,SANDC,0.04,7585.134,3,3,7585.134,0.0,0.0,0.0,0.0,189628.35
1725645,IT,RO,PAPER,OILSE,0.03,7584.844,3,3,7584.844,0.0,0.0,0.0,0.0,252828.133333
1683892,IT,HR,TRANS,RESEA,0.05,7584.596,3,3,7584.596,0.0,0.0,0.0,0.0,151691.92
1758454,IT,BR,MACHI,PLANT,0.04,7584.562,3,3,7584.562,0.0,0.0,0.0,0.0,189614.05
1663812,IT,EE,FISH5,MEATP,0.03,7584.473,4,4,7584.469,0.0,0.0,0.0,0.004,252815.766667
1726983,IT,RO,HOTEL,ELEC3,0.05,7584.459,3,3,7584.459,0.0,0.0,0.0,0.0,151689.18
1791271,IT,WA,CONST,FOOD5,0.04,7584.237,3,3,7584.237,0.0,0.0,0.0,0.0,189605.925
1653150,IT,CZ,CHEM1,ELEC5,0.02,7584.132,3,3,7584.132,0.0,0.0,0.0,0.0,379206.6
1720750,IT,PL,TRANS,FOUND,0.05,7583.964,3,3,7583.964,0.0,0.0,0.0,0.0,151679.28
1715086,IT,NL,WEARI,FOUND,0.06,7583.933,3,3,7583.933,0.0,0.0,0.0,0.0,126398.883333
1812208,IT,WM,NONME,REFI1,0.02,7583.924,3,3,7583.924,0.0,0.0,0.0,0.0,379196.2
1643180,IT,AT,HOTEL,RAWMI,0.05,7583.553,3,3,7583.553,0.0,0.0,0.0,0.0,151671.06
1755999,IT,KR,COPP1,RUBBE,0.02,7583.291,3,3,7583.291,0.0,0.0,0.0,0.0,379164.55
1766926,IT,RU,MOTO1,RAWMI,0.04,7583.087,3,3,7583.087,0.0,0.0,0.0,0.0,189577.175
1735371,IT,SK,NONME,COPP1,0.02,7582.743,3,3,7582.743,0.0,0.0,0.0,0.0,379137.15
1787663,IT,WA,MEAT4,MEMBE,0.04,7582.671,3,3,7582.671,0.0,0.0,0.0,0.0,189566.775
1642859,IT,AT,MOTO1,FOUND,0.04,7582.444,3,3,7582.444,0.0,0.0,0.0,0.0,189561.1
1661439,IT,DK,DAIRY,BEVER,0.03,7582.034,3,3,7582.034,0.0,0.0,0.0,0.0,252734.466667
1672616,IT,FR,FISHF,CHEM1,0.01,7581.971,3,3,7581.971,0.0,0.0,0.0,0.0,758197.1
1640354,IT,AT,MEATC,ELEC2,0.03,7581.819,3,3,7581.819,0.0,0.0,0.0,0.0,252727.3
1655132,IT,CZ,BUSIN,LEATH,0.08,7581.74,3,3,7581.74,0.0,0.0,0.0,0.0,94771.75
1731531,IT,SI,FISH5,REALE,0.03,7581.582,4,4,7581.578,0.0,0.0,0.0,0.004,252719.4
1715516,IT,NL,GASDI,GASDI,0.01,7581.557,3,3,7581.557,0.0,0.0,0.0,0.0,758155.7
1780496,IT,TW,POSTT,ALUM1,0.12,7581.398,3,3,7581.398,0.0,0.0,0.0,0.0,63178.316667
1729723,IT,SE,MACHI,MEAT1,0.04,7581.318,3,3,7581.318,0.0,0.0,0.0,0.0,189532.95
1654157,IT,CZ,MOTO1,BIODI,0.04,7581.119,3,3,7581.119,0.0,0.0,0.0,0.0,189527.975
1730107,IT,SE,RETA1,PUBLI,0.08,7580.907,3,3,7580.907,0.0,0.0,0.0,0.0,94761.3375
1686867,IT,HU,FABRI,FOOD2,0.03,7580.86,3,3,7580.86,0.0,0.0,0.0,0.0,252695.333333
1765843,IT,RU,HEAVY,PFERT,0.01,7580.785,3,3,7580.785,0.0,0.0,0.0,0.0,758078.5
1785449,IT,ZA,PAPER,MEMBE,0.03,7580.086,3,3,7580.086,0.0,0.0,0.0,0.0,252669.533333
1641858,IT,AT,BIOGA,SUPPO,0.02,7579.74,3,3,7579.74,0.0,0.0,0.0,0.0,378987.0
1792564,IT,WA,RENTI,RESEA,0.05,7579.697,3,3,7579.697,0.0,0.0,0.0,0.0,151593.94
1722566,IT,PT,FISH5,CATTL,0.03,7579.545,4,4,7579.541,0.0,0.0,0.0,0.004,252651.5
1741488,IT,US,MOTOR,WOOD1,0.01,7579.371,3,3,7579.371,0.0,0.0,0.0,0.0,757937.1
1650164,IT,BG,MOTO1,TRANS,0.04,7579.131,3,3,7579.131,0.0,0.0,0.0,0.0,189478.275
1766899,IT,RU,OFFIC,STEAM,0.02,7578.804,3,3,7578.804,0.0,0.0,0.0,0.0,378940.2
1785500,IT,ZA,MOTOR,CHEMI,0.01,7578.619,3,3,7578.619,0.0,0.0,0.0,0.0,757861.9
1778828,IT,TR,LANDT,AIRTR,0.05,7578.577,3,3,7578.577,0.0,0.0,0.0,0.0,151571.54
1739268,IT,GB,HOTEL,TEXTI,0.05,7578.493,3,3,7578.493,0.0,0.0,0.0,0.0,151569.86
1740651,IT,US,CRUDE,LANDT,0.01,7578.237,3,3,7578.237,0.0,0.0,0.0,0.0,757823.7
1678729,IT,GR,DAIRY,MEMBE,0.03,7578.14,3,3,7578.14,0.0,0.0,0.0,0.0,252604.666667
1657621,IT,DE,CERAM,CEREA,0.01,7577.94,3,3,7577.94,0.0,0.0,0.0,0.0,757794.0
1786545,IT,ZA,FURNI,GLASS,0.02,7577.797,3,3,7577.797,0.0,0.0,0.0,0.0,378889.85
1801004,IT,WE,ALUM1,MEMBE,0.01,7577.277,3,3,7577.277,0.0,0.0,0.0,0.0,757727.7
1684686,IT,HU,CEREA,FISH5,0.01,7577.195,3,3,7577.195,0.0,0.0,0.0,0.0,757719.5
1738493,IT,GB,COPP1,AUXIL,0.02,7577.049,3,3,7577.049,0.0,0.0,0.0,0.0,378852.45
1765725,IT,RU,PAPER,FOOD4,0.03,7576.754,3,3,7576.754,0.0,0.0,0.0,0.0,252558.466667
1674984,IT,FR,PREC1,REFI1,0.01,7576.596,3,3,7576.596,0.0,0.0,0.0,0.0,757659.6
1676419,IT,FR,WHOLE,FOOD3,0.07,7576.226,3,3,7576.226,0.0,0.0,0.0,0.0,108231.8
1653940,IT,CZ,MACHI,CATTL,0.04,7576.136,3,3,7576.136,0.0,0.0,0.0,0.0,189403.4
1761454,IT,IN,PREC1,MEATC,0.01,7575.118,3,3,7575.118,0.0,0.0,0.0,0.0,757511.8
1765955,IT,RU,CHEM1,COKIN,0.02,7575.011,3,3,7575.011,0.0,0.0,0.0,0.0,378750.55
1716274,IT,NL,FABRI,RAWMI,0.03,7574.352,3,3,7574.352,0.0,0.0,0.0,0.0,252478.4
1779309,IT,TR,INSUR,WEARI,0.16,7574.244,3,3,7574.244,0.0,0.0,0.0,0.0,47339.025
1682808,IT,HR,HEAVY,MEDIC,0.01,7574.041,3,3,7574.041,0.0,0.0,0.0,0.0,757404.1
1749316,IT,CN,PRINT,TEXTI,0.07,7573.914,3,3,7573.914,0.0,0.0,0.0,0.0,108198.771429
1709994,IT,LT,ALUM1,TEXTI,0.01,7573.565,3,3,7573.565,0.0,0.0,0.0,0.0,757356.5
1641586,IT,AT,NAPHT,MEATC,0.01,7573.536,3,3,7573.536,0.0,0.0,0.0,0.0,757353.6
1722835,IT,PT,PAPER,MEMBE,0.03,7573.363,3,3,7573.363,0.0,0.0,0.0,0.0,252445.433333
1746715,IT,JP,FABRI,SECO9,0.03,7573.058,3,3,7573.058,0.0,0.0,0.0,0.0,252435.266667
1680253,IT,GR,TRANS,COMPU,0.05,7572.591,3,3,7572.591,0.0,0.0,0.0,0.0,151451.82
1651719,IT,CY,FABRI,HEALT,0.03,7572.476,3,3,7572.476,0.0,0.0,0.0,0.0,252415.866667
1646127,IT,BE,PREC1,BIOGA,0.01,7572.161,3,3,7572.161,0.0,0.0,0.0,0.0,757216.1
1645643,IT,BE,CHEM1,GASWO,0.02,7572.136,3,3,7572.136,0.0,0.0,0.0,0.0,378606.8
1659211,IT,DE,CONST,OILHA,0.04,7572.055,3,3,7572.055,0.0,0.0,0.0,0.0,189301.375
1764084,IT,MX,FABRI,TOBAC,0.03,7571.97,3,3,7571.97,0.0,0.0,0.0,0.0,252399.0
1795546,IT,WL,ALUM1,COMPU,0.01,7571.904,3,3,7571.904,0.0,0.0,0.0,0.0,757190.4
1651382,IT,CY,MOTOR,VEGET,0.01,7571.574,3,3,7571.574,0.0,0.0,0.0,0.0,757157.4
1780027,IT,TW,SALEM,EDUCA,0.06,7571.07,3,3,7571.07,0.0,0.0,0.0,0.0,126184.5
1728230,IT,SE,FOOD5,DISTR,0.04,7570.398,3,3,7570.398,0.0,0.0,0.0,0.0,189259.95
1761963,IT,IN,FURNI,SEACO,0.02,7570.388,3,3,7570.388,0.0,0.0,0.0,0.0,378519.4
1809725,IT,WM,SUGA1,CHEM1,0.02,7570.011,3,3,7570.011,0.0,0.0,0.0,0.0,378500.55
1675120,IT,FR,LEAD1,FOOD2,0.01,7569.834,3,3,7569.834,0.0,0.0,0.0,0.0,756983.4
1688127,IT,HU,BUSIN,PAPER,0.08,7569.656,3,3,7569.656,0.0,0.0,0.0,0.0,94620.7
1780794,IT,TW,RENTI,BUSIN,0.05,7569.574,3,3,7569.574,0.0,0.0,0.0,0.0,151391.48
1787774,IT,WA,DAIRY,PLAST,0.03,7569.405,3,3,7569.405,0.0,0.0,0.0,0.0,252313.5
1664951,IT,ES,SANDC,PULP5,0.02,7569.235,4,4,7567.235,0.0,0.0,2.0,0.0,378461.75
1714162,IT,MT,POSTT,FURNI,0.12,7568.637,3,3,7568.637,0.0,0.0,0.0,0.0,63071.975
1772075,IT,CH,PRINT,AUXIL,0.07,7568.347,3,3,7568.347,0.0,0.0,0.0,0.0,108119.242857
1689795,IT,IE,INSUR,MOTOR,0.16,7568.326,3,3,7568.326,0.0,0.0,0.0,0.0,47302.0375
1663083,IT,DK,RAILW,WEARI,0.05,7567.911,3,3,7567.911,0.0,0.0,0.0,0.0,151358.22
1797510,IT,WL,BUSIN,PLAST,0.08,7567.864,3,3,7567.864,0.0,0.0,0.0,0.0,94598.3
1648166,IT,BE,BUSIN,LEATH,0.08,7567.654,3,3,7567.654,0.0,0.0,0.0,0.0,94595.675
1688617,IT,IE,PLAST,PEAT2,0.02,7567.323,3,3,7567.323,0.0,0.0,0.0,0.0,378366.15
1710003,IT,LT,ALUM1,FOUND,0.01,7567.186,3,3,7567.186,0.0,0.0,0.0,0.0,756718.6
1807832,IT,WF,PAPE1,CEREA,0.05,7567.021,3,3,7567.021,0.0,0.0,0.0,0.0,151340.42
1780207,IT,TW,RAILW,HEAVY,0.05,7566.95,3,3,7566.95,0.0,0.0,0.0,0.0,151339.0
1641826,IT,AT,CHEM1,TRAN2,0.02,7566.447,3,3,7566.447,0.0,0.0,0.0,0.0,378322.35
1803583,IT,WF,PROCE,EDUCA,0.05,7566.442,3,3,7566.442,0.0,0.0,0.0,0.0,151328.84
1790220,IT,WA,PREC1,BITU1,0.01,7566.264,3,3,7566.264,0.0,0.0,0.0,0.0,756626.4
1678662,IT,GR,MEAT4,MEAT1,0.04,7566.146,3,3,7566.146,0.0,0.0,0.0,0.0,189153.65
1664724,IT,EE,SUPPO,RETA1,0.05,7566.126,3,3,7566.126,0.0,0.0,0.0,0.0,151322.52
1760548,IT,IN,LEATH,GLASS,0.05,7565.935,3,3,7565.935,0.0,0.0,0.0,0.0,151318.7
1769051,IT,AU,NAPHT,WHOLE,0.01,7565.773,3,3,7565.773,0.0,0.0,0.0,0.0,756577.3
1757320,IT,BR,BEVER,REALE,0.03,7565.42,3,3,7565.42,0.0,0.0,0.0,0.0,252180.666667
1656450,IT,DE,PULP5,RAILW,0.02,7565.286,3,3,7565.286,0.0,0.0,0.0,0.0,378264.3
1681716,IT,HR,FISHF,RUBBE,0.01,7565.102,3,3,7565.102,0.0,0.0,0.0,0.0,756510.2
1768929,IT,AU,PAPER,POULT,0.03,7565.055,3,3,7565.055,0.0,0.0,0.0,0.0,252168.5
1675384,IT,FR,MACHI,LIQUI,0.04,7564.549,3,3,7564.549,0.0,0.0,0.0,0.0,189113.725
1652610,IT,CZ,WOODW,RAWMI,0.02,7564.501,3,3,7564.501,0.0,0.0,0.0,0.0,378225.05
1678784,IT,GR,FOOD5,LIQUE,0.04,7564.447,3,3,7564.447,0.0,0.0,0.0,0.0,189111.175
1763226,IT,MX,WOODW,BASIC,0.02,7563.708,3,3,7563.708,0.0,0.0,0.0,0.0,378185.4
1653423,IT,CZ,CEMEN,BUSIN,0.01,7563.38,3,3,7563.38,0.0,0.0,0.0,0.0,756338.0
1783948,IT,ID,SANDC,GLASS,0.02,7563.364,4,4,7561.364,0.0,0.0,2.0,0.0,378168.2
1652401,IT,CZ,TEXTI,BIOGA,0.04,7563.299,3,3,7563.299,0.0,0.0,0.0,0.0,189082.475
1803446,IT,WF,MEAT1,CHEMI,0.04,7563.094,3,3,7563.094,0.0,0.0,0.0,0.0,189077.35
1682070,IT,HR,FISH5,RESEA,0.03,7562.894,4,4,7562.89,0.0,0.0,0.0,0.004,252096.466667
1724775,IT,PT,RENTI,SALEM,0.05,7562.667,3,3,7562.667,0.0,0.0,0.0,0.0,151253.34
1653307,IT,CZ,GLASS,RAWMI,0.02,7561.914,3,3,7561.914,0.0,0.0,0.0,0.0,378095.7
1641449,IT,AT,GASDI,ELEC2,0.01,7561.751,3,3,7561.751,0.0,0.0,0.0,0.0,756175.1
1788182,IT,WA,WEARI,INLAN,0.06,7561.259,3,3,7561.259,0.0,0.0,0.0,0.0,126020.983333
1688768,IT,IE,RUBBE,GLASS,0.03,7561.048,3,3,7561.048,0.0,0.0,0.0,0.0,252034.933333
1810652,IT,WM,MOTOR,WOOLS,0.01,7561.019,3,3,7561.019,0.0,0.0,0.0,0.0,756101.9
1686485,IT,HU,PREC1,NAPHT,0.01,7560.843,3,3,7560.843,0.0,0.0,0.0,0.0,756084.3
1770641,IT,AU,FINAN,WHOLE,0.1,7560.777,3,3,7560.777,0.0,0.0,0.0,0.0,75607.77
1772341,IT,CH,PLAST,SUPPO,0.02,7560.762,3,3,7560.762,0.0,0.0,0.0,0.0,378038.1
1811082,IT,WM,HEAVY,MOTO1,0.01,7560.716,3,3,7560.716,0.0,0.0,0.0,0.0,756071.6
1723236,IT,PT,GLASS,CROPS,0.02,7560.141,3,3,7560.141,0.0,0.0,0.0,0.0,378007.05
1789081,IT,WA,BITU1,FORES,0.01,7559.919,3,3,7559.919,0.0,0.0,0.0,0.0,755991.9
1729830,IT,SE,OFFIC,SUPPO,0.02,7559.859,3,3,7559.859,0.0,0.0,0.0,0.0,377992.95
1684971,IT,HU,MEAT4,REALE,0.04,7559.695,3,3,7559.695,0.0,0.0,0.0,0.0,188992.375
1809481,IT,WM,MEATC,REALE,0.03,7559.074,3,3,7559.074,0.0,0.0,0.0,0.0,251969.133333
1739686,IT,GB,SUPPO,WEARI,0.05,7559.038,3,3,7559.038,0.0,0.0,0.0,0.0,151180.76
1804673,IT,WF,LIQUE,NICKE,0.01,7558.995,3,3,7558.995,0.0,0.0,0.0,0.0,755899.5
1795322,IT,WL,NONME,KEROS,0.02,7558.806,3,3,7558.806,0.0,0.0,0.0,0.0,377940.3
1742546,IT,US,PREC1,PLAST,0.01,7558.579,3,3,7558.579,0.0,0.0,0.0,0.0,755857.9
1742349,IT,US,NONME,MEAT4,0.02,7558.174,3,3,7558.174,0.0,0.0,0.0,0.0,377908.7
1672539,IT,FR,CEREA,MEATC,0.01,7557.336,3,3,7557.336,0.0,0.0,0.0,0.0,755733.6
1750640,IT,CN,MOTO1,SUGAR,0.04,7557.325,3,3,7557.325,0.0,0.0,0.0,0.0,188933.125
1755990,IT,KR,ALUM1,SALEM,0.01,7556.962,3,3,7556.962,0.0,0.0,0.0,0.0,755696.2
1653414,IT,CZ,BRICK,CERAM,0.01,7556.843,3,3,7556.843,0.0,0.0,0.0,0.0,755684.3
1769876,IT,AU,OFFIC,MEMBE,0.02,7556.747,3,3,7556.747,0.0,0.0,0.0,0.0,377837.35
1655303,IT,DE,CEREA,REALE,0.01,7556.475,3,3,7556.475,0.0,0.0,0.0,0.0,755647.5
1786600,IT,ZA,SALEM,ELECT,0.06,7555.924,3,3,7555.924,0.0,0.0,0.0,0.0,125932.066667
1688315,IT,IE,VEGE1,RAWMI,0.02,7555.39,4,4,7555.388,0.0,0.0,0.0,0.002,377769.5
1802174,IT,WE,HOTEL,NONME,0.05,7555.063,3,3,7555.063,0.0,0.0,0.0,0.0,151101.26
1734559,IT,SK,FOOD5,RETA1,0.04,7554.999,3,3,7554.999,0.0,0.0,0.0,0.0,188874.975
1781162,IT,TW,PAPE4,PUBLI,0.05,7554.948,3,3,7554.948,0.0,0.0,0.0,0.0,151098.96
1788366,IT,WA,WOODW,FORES,0.02,7554.889,3,3,7554.889,0.0,0.0,0.0,0.0,377744.45
1772708,IT,CH,CERAM,AIRTR,0.01,7554.451,3,3,7554.451,0.0,0.0,0.0,0.0,755445.1
1721335,IT,PL,TRAN2,LUBRI,0.01,7554.227,3,3,7554.227,0.0,0.0,0.0,0.0,755422.7
1776995,IT,TR,CHEM1,WOOLS,0.02,7554.152,3,3,7554.152,0.0,0.0,0.0,0.0,377707.6
1781426,IT,NO,FOOD5,NONME,0.04,7553.473,3,3,7553.473,0.0,0.0,0.0,0.0,188836.825
1724087,IT,PT,WHOLE,SEACO,0.07,7553.254,3,3,7553.254,0.0,0.0,0.0,0.0,107903.628571
1723845,IT,PT,MOTO1,WASTE,0.04,7552.529,3,3,7552.529,0.0,0.0,0.0,0.0,188813.225
1654589,IT,CZ,RAILW,ELECT,0.05,7552.495,3,3,7552.495,0.0,0.0,0.0,0.0,151049.9
1712335,IT,LV,RUBBE,SECO9,0.03,7552.001,3,3,7552.001,0.0,0.0,0.0,0.0,251733.366667
1760102,IT,BR,FOOD1,INERT,0.04,7551.262,3,3,7551.262,0.0,0.0,0.0,0.0,188781.55
1712032,IT,LV,FOOD5,RAWMI,0.04,7551.255,3,3,7551.255,0.0,0.0,0.0,0.0,188781.375
1653611,IT,CZ,PREC1,RETA1,0.01,7551.186,3,3,7551.186,0.0,0.0,0.0,0.0,755118.6
1761524,IT,IN,LEAD1,PAPER,0.01,7551.094,3,3,7551.094,0.0,0.0,0.0,0.0,755109.4
1689428,IT,IE,HOTEL,GASDI,0.05,7550.915,3,3,7550.915,0.0,0.0,0.0,0.0,151018.3
1654847,IT,CZ,POSTT,RUBBE,0.12,7550.909,3,3,7550.909,0.0,0.0,0.0,0.0,62924.241667
1665401,IT,ES,TEXTI,LEAD1,0.04,7550.852,3,3,7550.852,0.0,0.0,0.0,0.0,188771.3
1722478,IT,PT,PROCE,FISH5,0.05,7550.825,3,3,7550.825,0.0,0.0,0.0,0.0,151016.5
1668589,IT,ES,HOTEL,PAPE2,0.05,7550.508,3,3,7550.508,0.0,0.0,0.0,0.0,151010.16
1754590,IT,KR,CROPS,RUBBE,0.06,7550.379,3,3,7550.379,0.0,0.0,0.0,0.0,125839.65
1681081,IT,GR,SUPPO,NFERT,0.05,7550.371,3,3,7550.371,0.0,0.0,0.0,0.0,151007.42
1760882,IT,IN,GASDI,CHEM1,0.01,7549.91,3,3,7549.91,0.0,0.0,0.0,0.0,754991.0
1773115,IT,CH,COPP1,CEMEN,0.02,7549.89,3,3,7549.89,0.0,0.0,0.0,0.0,377494.5
1641657,IT,AT,PETRO,LIQUE,0.01,7549.791,3,3,7549.791,0.0,0.0,0.0,0.0,754979.1
1725354,IT,RO,TEXTI,OILSE,0.04,7549.461,3,3,7549.461,0.0,0.0,0.0,0.0,188736.525
1806111,IT,WF,FABRI,TOBAC,0.03,7548.892,3,3,7548.892,0.0,0.0,0.0,0.0,251629.733333
1653303,IT,CZ,GLASS,WHEAT,0.02,7548.812,3,3,7548.812,0.0,0.0,0.0,0.0,377440.6
1713587,IT,MT,NONME,ELECT,0.02,7548.717,3,3,7548.717,0.0,0.0,0.0,0.0,377435.85
1797798,IT,WL,OILHA,CONST,0.04,7548.709,3,3,7548.709,0.0,0.0,0.0,0.0,188717.725
1671181,IT,FI,BRICK,CEMEN,0.01,7548.676,3,3,7548.676,0.0,0.0,0.0,0.0,754867.6
1783753,IT,NO,PAPE4,LEAD1,0.05,7548.569,3,3,7548.569,0.0,0.0,0.0,0.0,150971.38
1666978,IT,ES,CERAM,FOOD2,0.01,7548.394,3,3,7548.394,0.0,0.0,0.0,0.0,754839.4
1766713,IT,RU,FABRI,MEMBE,0.03,7548.372,3,3,7548.372,0.0,0.0,0.0,0.0,251612.4
1662224,IT,DK,GLASS,COPP1,0.02,7548.119,3,3,7548.119,0.0,0.0,0.0,0.0,377405.95
1766085,IT,RU,RUBBE,PRECI,0.03,7547.652,3,3,7547.652,0.0,0.0,0.0,0.0,251588.4
1763089,IT,MX,TEXTI,MEMBE,0.04,7547.426,3,3,7547.426,0.0,0.0,0.0,0.0,188685.65
1805603,IT,WF,NONME,VEGET,0.02,7547.375,3,3,7547.375,0.0,0.0,0.0,0.0,377368.75
1748449,IT,CN,STONE,MOTOR,0.02,7547.271,3,3,7547.271,0.0,0.0,0.0,0.0,377363.55
1804570,IT,WF,HEAVY,URANI,0.01,7547.17,3,3,7547.17,0.0,0.0,0.0,0.0,754717.0
1735226,IT,SK,RUBBE,INTER,0.03,7547.164,3,3,7547.164,0.0,0.0,0.0,0.0,251572.133333
1652558,IT,CZ,LEATH,WEARI,0.05,7547.099,3,3,7547.099,0.0,0.0,0.0,0.0,150941.98
1665853,IT,ES,PRINT,SECO9,0.07,7546.884,3,3,7546.884,0.0,0.0,0.0,0.0,107812.628571
1755457,IT,KR,PLAST,WOODW,0.02,7546.677,3,3,7546.677,0.0,0.0,0.0,0.0,377333.85
1690154,IT,IE,COMPU,WASTE,0.09,7546.478,3,3,7546.478,0.0,0.0,0.0,0.0,83849.755556
1710678,IT,LU,DAIRY,RETA1,0.03,7546.34,3,3,7546.34,0.0,0.0,0.0,0.0,251544.666667
1762555,IT,IN,AUXIL,BITUM,0.14,7546.316,3,3,7546.316,0.0,0.0,0.0,0.0,53902.257143
1663692,IT,EE,VEGET,VEGET,0.03,7546.067,3,3,7546.067,0.0,0.0,0.0,0.0,251535.566667
1650187,IT,BG,MOTO1,RESEA,0.04,7545.94,3,3,7545.94,0.0,0.0,0.0,0.0,188648.5
1810660,IT,WM,MOTOR,ALUMI,0.01,7545.696,3,3,7545.696,0.0,0.0,0.0,0.0,754569.6
1640377,IT,AT,MEATP,SUPPO,0.03,7545.627,3,3,7545.627,0.0,0.0,0.0,0.0,251520.9
1721724,IT,PL,INSUR,VEGET,0.16,7545.172,3,3,7545.172,0.0,0.0,0.0,0.0,47157.325
1752511,IT,CA,FOOD5,PULP5,0.04,7545.095,3,3,7545.095,0.0,0.0,0.0,0.0,188627.375
1760830,IT,IN,MOTOR,PETRO,0.01,7545.067,3,3,7545.067,0.0,0.0,0.0,0.0,754506.7
1677315,IT,FR,FINAN,TRAN2,0.1,7544.962,3,3,7544.962,0.0,0.0,0.0,0.0,75449.62
1662204,IT,DK,GLASS,SANDC,0.02,7544.901,3,3,7544.901,0.0,0.0,0.0,0.0,377245.05
1775948,IT,TR,FOOD5,SUPPO,0.04,7544.756,3,3,7544.756,0.0,0.0,0.0,0.0,188618.9
1808759,IT,WF,WOOD2,PIGS9,0.04,7544.394,3,3,7544.394,0.0,0.0,0.0,0.0,188609.85
1767877,IT,RU,AUXIL,HEALT,0.14,7544.168,3,3,7544.168,0.0,0.0,0.0,0.0,53886.914286
1725162,IT,RO,VEGE1,MEAT1,0.02,7543.917,4,4,7543.915,0.0,0.0,0.0,0.002,377195.85
1715528,IT,NL,GASDI,RADIO,0.01,7543.86,3,3,7543.86,0.0,0.0,0.0,0.0,754386.0
1651392,IT,CY,MOTOR,SUPPO,0.01,7543.362,3,3,7543.362,0.0,0.0,0.0,0.0,754336.2
1712317,IT,LV,RUBBE,WEARI,0.02,7543.108,3,3,7543.108,0.0,0.0,0.0,0.0,377155.4
1789446,IT,WA,CHARC,REALE,0.02,7542.983,3,3,7542.983,0.0,0.0,0.0,0.0,377149.15
1715500,IT,NL,KERO1,LANDT,0.01,7542.73,3,3,7542.73,0.0,0.0,0.0,0.0,754273.0
1680741,IT,GR,RETA1,FURNI,0.08,7542.116,3,3,7542.116,0.0,0.0,0.0,0.0,94276.45
1651872,IT,CY,SUPPO,REALE,0.05,7542.116,3,3,7542.116,0.0,0.0,0.0,0.0,150842.32
1647731,IT,BE,INSUR,TRANS,0.16,7541.852,3,3,7541.852,0.0,0.0,0.0,0.0,47136.575
1783169,IT,NO,COMPU,NATUR,0.09,7541.719,3,3,7541.719,0.0,0.0,0.0,0.0,83796.877778
1762046,IT,IN,WHOLE,93197,0.07,7541.681,3,3,7541.681,0.0,0.0,0.0,0.0,107738.3
1712725,IT,LV,HOTEL,PUBLI,0.05,7541.388,3,3,7541.388,0.0,0.0,0.0,0.0,150827.76
1726534,IT,RO,OFFIC,OILSE,0.02,7541.317,3,3,7541.317,0.0,0.0,0.0,0.0,377065.85
1660694,IT,DE,RENTI,PULP5,0.05,7541.258,3,3,7541.258,0.0,0.0,0.0,0.0,150825.16
1761110,IT,IN,CHEM1,SUGA1,0.02,7541.062,3,3,7541.062,0.0,0.0,0.0,0.0,377053.1
1797894,IT,WL,WASTE,CHARC,0.02,7541.007,3,3,7541.007,0.0,0.0,0.0,0.0,377050.35
1648227,IT,BE,BUSIN,STEAM,0.08,7540.663,3,3,7540.663,0.0,0.0,0.0,0.0,94258.2875
1802495,IT,WE,POSTT,NATUR,0.12,7540.482,3,3,7540.482,0.0,0.0,0.0,0.0,62837.35
1748329,IT,CN,CEREA,POULT,0.01,7539.608,3,3,7539.608,0.0,0.0,0.0,0.0,753960.8
1736269,IT,SK,HOTEL,PAPER,0.05,7539.559,3,3,7539.559,0.0,0.0,0.0,0.0,150791.18
1765307,IT,RU,PROCE,FISH5,0.05,7539.116,3,3,7539.116,0.0,0.0,0.0,0.0,150782.32
1802016,IT,WE,WHOLE,CHEM1,0.07,7539.012,3,3,7539.012,0.0,0.0,0.0,0.0,107700.171429
1765247,IT,RU,SANDC,BUSIN,0.02,7538.885,4,4,7536.885,0.0,0.0,2.0,0.0,376944.25
1661699,IT,DK,WEARI,TRANS,0.06,7538.447,3,3,7538.447,0.0,0.0,0.0,0.0,125640.783333
1748973,IT,CN,LEATH,PIGS9,0.05,7538.147,3,3,7538.147,0.0,0.0,0.0,0.0,150762.94
1678498,IT,FR,RECRE,93197,0.1,7538.143,3,3,7538.143,0.0,0.0,0.0,0.0,75381.43
1797144,IT,WL,POSTT,FABRI,0.12,7538.039,3,3,7538.039,0.0,0.0,0.0,0.0,62816.991667
1721967,IT,PL,COMPU,PFERT,0.09,7537.988,3,3,7537.988,0.0,0.0,0.0,0.0,83755.422222
1728463,IT,SE,LEATH,ELEC4,0.05,7537.907,3,3,7537.907,0.0,0.0,0.0,0.0,150758.14
1710218,IT,LT,OFFIC,MACHI,0.02,7537.764,3,3,7537.764,0.0,0.0,0.0,0.0,376888.2
1772275,IT,CH,NAPHT,NONF1,0.01,7537.733,3,3,7537.733,0.0,0.0,0.0,0.0,753773.3
1684713,IT,HU,VEGET,MEAT4,0.03,7537.696,3,3,7537.696,0.0,0.0,0.0,0.0,251256.533333
1710771,IT,LU,TEXTI,COMPU,0.04,7537.64,3,3,7537.64,0.0,0.0,0.0,0.0,188441.0
1667046,IT,ES,NONME,HEAVY,0.02,7537.555,3,3,7537.555,0.0,0.0,0.0,0.0,376877.75
1719037,IT,PL,HEAVY,BITU1,0.01,7537.477,3,3,7537.477,0.0,0.0,0.0,0.0,753747.7
1749994,IT,CN,NONME,PADDY,0.02,7537.397,3,3,7537.397,0.0,0.0,0.0,0.0,376869.85
1650039,IT,BG,MACHI,BIOGA,0.04,7537.059,3,3,7537.059,0.0,0.0,0.0,0.0,188426.475
1719016,IT,PL,GASDI,OILSE,0.01,7537.035,3,3,7537.035,0.0,0.0,0.0,0.0,753703.5
1741867,IT,US,CHEM1,SANDC,0.02,7536.597,3,3,7536.597,0.0,0.0,0.0,0.0,376829.85
1641638,IT,AT,PARAF,MOTOR,0.01,7536.402,3,3,7536.402,0.0,0.0,0.0,0.0,753640.2
1771661,IT,CH,WEARI,RADIO,0.06,7536.178,3,3,7536.178,0.0,0.0,0.0,0.0,125602.966667
1642814,IT,AT,OFFIC,FOUND,0.02,7535.946,3,3,7535.946,0.0,0.0,0.0,0.0,376797.3
1670717,IT,FI,PAPER,TEXTI,0.03,7535.71,3,3,7535.71,0.0,0.0,0.0,0.0,251190.333333
1799245,IT,WE,LEATH,KEROS,0.05,7535.682,3,3,7535.682,0.0,0.0,0.0,0.0,150713.64
1669398,IT,ES,INSUR,CHEM1,0.16,7535.654,3,3,7535.654,0.0,0.0,0.0,0.0,47097.8375
1750485,IT,CN,MACHI,PETRO,0.04,7535.599,3,3,7535.599,0.0,0.0,0.0,0.0,188389.975
1779665,IT,TR,RESEA,ALUM1,0.04,7535.374,3,3,7535.374,0.0,0.0,0.0,0.0,188384.35
1768931,IT,AU,PAPER,WOOLS,0.03,7535.348,3,3,7535.348,0.0,0.0,0.0,0.0,251178.266667
1715169,IT,NL,LEATH,93197,0.05,7535.231,3,3,7535.231,0.0,0.0,0.0,0.0,150704.62
1640305,IT,AT,SANDC,RAILW,0.02,7535.113,4,4,7533.113,0.0,0.0,2.0,0.0,376755.65
1646203,IT,BE,ALUM1,DIST1,0.01,7534.369,3,3,7534.369,0.0,0.0,0.0,0.0,753436.9
1748439,IT,CN,STONE,RAWMI,0.02,7533.939,3,3,7533.939,0.0,0.0,0.0,0.0,376696.95
1749383,IT,CN,MOTOR,VEGET,0.01,7533.598,3,3,7533.598,0.0,0.0,0.0,0.0,753359.8
1721313,IT,PL,LANDT,OILHA,0.05,7533.532,3,3,7533.532,0.0,0.0,0.0,0.0,150670.64
1723703,IT,PT,MACHI,NONF1,0.04,7532.82,3,3,7532.82,0.0,0.0,0.0,0.0,188320.5
1679151,IT,GR,PAPER,AIRTR,0.03,7532.699,3,3,7532.699,0.0,0.0,0.0,0.0,251089.966667
1652014,IT,CZ,VEGET,BIODI,0.03,7532.437,3,3,7532.437,0.0,0.0,0.0,0.0,251081.233333
1777180,IT,TR,RUBBE,WHEAT,0.02,7532.247,3,3,7532.247,0.0,0.0,0.0,0.0,376612.35
1768525,IT,AU,FOOD5,MACHI,0.04,7532.215,3,3,7532.215,0.0,0.0,0.0,0.0,188305.375
1786065,IT,ZA,CEMEN,MOTO1,0.01,7531.986,3,3,7531.986,0.0,0.0,0.0,0.0,753198.6
1732999,IT,SI,LEAD1,CEMEN,0.01,7531.899,3,3,7531.899,0.0,0.0,0.0,0.0,753189.9
1793393,IT,WL,CROPS,MEATA,0.06,7531.559,3,3,7531.559,0.0,0.0,0.0,0.0,125525.983333
1645910,IT,BE,CERAM,FOOD5,0.01,7531.089,3,3,7531.089,0.0,0.0,0.0,0.0,753108.9
1730134,IT,SE,RAILW,WHOLE,0.05,7530.949,3,3,7530.949,0.0,0.0,0.0,0.0,150618.98
1805509,IT,WF,CERAM,RUBBE,0.01,7530.528,3,3,7530.528,0.0,0.0,0.0,0.0,753052.8
1769136,IT,AU,CHEM1,FISH5,0.02,7530.49,3,3,7530.49,0.0,0.0,0.0,0.0,376524.5
1769180,IT,AU,CHEM1,ELEC7,0.02,7530.266,3,3,7530.266,0.0,0.0,0.0,0.0,376513.3
1681730,IT,HR,CRUDE,PLAST,0.01,7530.153,3,3,7530.153,0.0,0.0,0.0,0.0,753015.3
1673980,IT,FR,KEROS,NONSP,0.01,7530.144,3,3,7530.144,0.0,0.0,0.0,0.0,753014.4
1789538,IT,WA,ADDIT,POSTT,0.02,7529.969,3,3,7529.969,0.0,0.0,0.0,0.0,376498.45
1668043,IT,ES,FURNI,ELEC1,0.02,7529.531,3,3,7529.531,0.0,0.0,0.0,0.0,376476.55
1758326,IT,BR,COPP1,SALEM,0.02,7529.514,3,3,7529.514,0.0,0.0,0.0,0.0,376475.7
1648460,IT,BG,VEGET,DAIRY,0.03,7529.013,3,3,7529.013,0.0,0.0,0.0,0.0,250967.1
1792672,IT,WA,RESEA,DISTR,0.04,7528.713,3,3,7528.713,0.0,0.0,0.0,0.0,188217.825
1681785,IT,HR,MEATC,MEAT1,0.03,7528.7,3,3,7528.7,0.0,0.0,0.0,0.0,250956.666667
1745167,IT,US,PRIVA,CROPS,1.68,7528.294,3,3,7528.294,0.0,0.0,0.0,0.0,4481.127381
1719658,IT,PL,CEMEN,SALEM,0.01,7528.247,3,3,7528.247,0.0,0.0,0.0,0.0,752824.7
1652541,IT,CZ,WEARI,WASTE,0.06,7527.848,3,3,7527.848,0.0,0.0,0.0,0.0,125464.133333
1733320,IT,SI,MOTO1,SUPPO,0.04,7527.766,3,3,7527.766,0.0,0.0,0.0,0.0,188194.15
1735706,IT,SK,FABRI,MEDIC,0.03,7527.578,3,3,7527.578,0.0,0.0,0.0,0.0,250919.266667
1805563,IT,WF,CEMEN,BITUM,0.01,7527.575,3,3,7527.575,0.0,0.0,0.0,0.0,752757.5
1734660,IT,SK,WEARI,RUBBE,0.06,7527.446,3,3,7527.446,0.0,0.0,0.0,0.0,125457.433333
1758978,IT,BR,LANDT,DAIRY,0.05,7527.268,3,3,7527.268,0.0,0.0,0.0,0.0,150545.36
1713529,IT,MT,GLASS,MOTO1,0.02,7527.227,3,3,7527.227,0.0,0.0,0.0,0.0,376361.35
1725271,IT,RO,FOOD5,RECRE,0.04,7526.624,3,3,7526.624,0.0,0.0,0.0,0.0,188165.6
1765878,IT,RU,PLAST,NATU1,0.02,7526.609,3,3,7526.609,0.0,0.0,0.0,0.0,376330.45
1662230,IT,DK,GLASS,MEDIC,0.02,7526.316,3,3,7526.316,0.0,0.0,0.0,0.0,376315.8
1642047,IT,AT,GLASS,POULT,0.02,7526.01,3,3,7526.01,0.0,0.0,0.0,0.0,376300.5
1683985,IT,HR,WHOLE,REALE,0.07,7525.915,3,3,7525.915,0.0,0.0,0.0,0.0,107513.071429
1717879,IT,PL,VEGET,COMPU,0.03,7525.713,3,3,7525.713,0.0,0.0,0.0,0.0,250857.1
1797203,IT,WL,FINAN,FOOD5,0.1,7524.976,3,3,7524.976,0.0,0.0,0.0,0.0,75249.76
1776832,IT,TR,NAPHT,INERT,0.01,7524.869,3,3,7524.869,0.0,0.0,0.0,0.0,752486.9
1747273,IT,JP,WHOLE,LUBRI,0.07,7524.86,3,3,7524.86,0.0,0.0,0.0,0.0,107498.0
1686357,IT,HU,NONME,SEWAG,0.02,7524.783,3,3,7524.783,0.0,0.0,0.0,0.0,376239.15
1714635,IT,NL,MEATC,FOOD2,0.03,7524.539,3,3,7524.539,0.0,0.0,0.0,0.0,250817.966667
1688891,IT,IE,LEAD1,BUSIN,0.01,7524.24,3,3,7524.24,0.0,0.0,0.0,0.0,752424.0
1680778,IT,GR,HOTEL,DAIRY,0.05,7524.087,3,3,7524.087,0.0,0.0,0.0,0.0,150481.74
1722192,IT,PL,PUBLI,ALUM1,0.12,7524.073,3,3,7524.073,0.0,0.0,0.0,0.0,62700.608333
1753928,IT,CA,RAILW,RESEA,0.05,7523.946,3,3,7523.946,0.0,0.0,0.0,0.0,150478.92
1659929,IT,DE,TRAN2,ELEC7,0.01,7523.217,3,3,7523.217,0.0,0.0,0.0,0.0,752321.7
1747325,IT,JP,WHOLE,93197,0.07,7522.976,3,3,7522.976,0.0,0.0,0.0,0.0,107471.085714
1725233,IT,RO,FOOD5,PAPER,0.04,7522.493,3,3,7522.493,0.0,0.0,0.0,0.0,188062.325
1641144,IT,AT,PAPER,OILHA,0.03,7521.545,3,3,7521.545,0.0,0.0,0.0,0.0,250718.166667
1758305,IT,BR,LEAD1,NONME,0.01,7521.384,3,3,7521.384,0.0,0.0,0.0,0.0,752138.4
1668134,IT,ES,SALEM,FISHF,0.06,7521.222,3,3,7521.222,0.0,0.0,0.0,0.0,125353.7
1678294,IT,FR,FOOD3,BASIC,0.02,7521.097,3,3,7521.097,0.0,0.0,0.0,0.0,376054.85
1651092,IT,BG,INSUR,REALE,0.16,7520.926,3,3,7520.926,0.0,0.0,0.0,0.0,47005.7875
1746731,IT,JP,FABRI,LANDT,0.03,7520.38,3,3,7520.38,0.0,0.0,0.0,0.0,250679.333333
1668796,IT,ES,LANDT,INTER,0.05,7520.309,3,3,7520.309,0.0,0.0,0.0,0.0,150406.18
1773309,IT,CH,MACHI,WEARI,0.04,7520.088,3,3,7520.088,0.0,0.0,0.0,0.0,188002.2
1726203,IT,RO,BRICK,MACHI,0.01,7519.293,3,3,7519.293,0.0,0.0,0.0,0.0,751929.3
1644387,IT,BE,MEATC,MACHI,0.03,7519.134,3,3,7519.134,0.0,0.0,0.0,0.0,250637.8
1641452,IT,AT,GASDI,COLLE,0.01,7518.405,3,3,7518.405,0.0,0.0,0.0,0.0,751840.5
1754162,IT,CA,SUPPO,PFERT,0.05,7518.185,3,3,7518.185,0.0,0.0,0.0,0.0,150363.7
1733703,IT,SI,RAILW,RETA1,0.05,7518.141,3,3,7518.141,0.0,0.0,0.0,0.0,150362.82
1674466,IT,FR,BIODI,RUBBE,0.02,7517.798,3,3,7517.798,0.0,0.0,0.0,0.0,375889.9
1686245,IT,HU,CERAM,GLASS,0.01,7517.797,3,3,7517.797,0.0,0.0,0.0,0.0,751779.7
1772675,IT,CH,CERAM,CROPS,0.01,7517.634,3,3,7517.634,0.0,0.0,0.0,0.0,751763.4
1755552,IT,KR,CHEM1,PREC1,0.02,7517.528,3,3,7517.528,0.0,0.0,0.0,0.0,375876.4
1726932,IT,RO,HOTEL,CHEMI,0.05,7517.448,3,3,7517.448,0.0,0.0,0.0,0.0,150348.96
1642809,IT,AT,OFFIC,CEMEN,0.02,7517.163,3,3,7517.163,0.0,0.0,0.0,0.0,375858.15
1683865,IT,HR,MOTO1,COMPU,0.04,7517.14,3,3,7517.14,0.0,0.0,0.0,0.0,187928.5
1663526,IT,DK,RENTI,PRIVA,0.04,7517.13,3,3,7517.13,0.0,0.0,0.0,0.0,187928.25
1683140,IT,HR,RUBBE,WASTE,0.02,7517.063,3,3,7517.063,0.0,0.0,0.0,0.0,375853.15
1797356,IT,WL,REALE,COMPU,0.32,7517.059,3,3,7517.059,0.0,0.0,0.0,0.0,23490.809375
1670492,IT,FI,BEVER,RUBBE,0.03,7516.397,3,3,7516.397,0.0,0.0,0.0,0.0,250546.566667
1789941,IT,WA,CEMEN,ELECT,0.01,7516.055,3,3,7516.055,0.0,0.0,0.0,0.0,751605.5
1732541,IT,SI,RUBBE,ELEC2,0.02,7515.912,3,3,7515.912,0.0,0.0,0.0,0.0,375795.6
1737063,IT,GB,SANDC,RESEA,0.02,7515.74,4,4,7513.74,0.0,0.0,2.0,0.0,375787.0
1757588,IT,BR,GASDI,COALT,0.01,7515.701,3,3,7515.701,0.0,0.0,0.0,0.0,751570.1
1780623,IT,TW,INSUR,RETAI,0.15,7515.367,3,3,7515.367,0.0,0.0,0.0,0.0,50102.446667
1690328,IT,IE,FOOD2,REALE,0.04,7515.346,3,3,7515.346,0.0,0.0,0.0,0.0,187883.65
1807791,IT,WF,FOODW,COPPE,0.06,7515.235,3,3,7515.235,0.0,0.0,0.0,0.0,125253.916667
1738873,IT,GB,TRANS,INSUR,0.04,7515.211,3,3,7515.211,0.0,0.0,0.0,0.0,187880.275
1757223,IT,BR,VEGE1,CHEMI,0.02,7515.152,4,4,7515.15,0.0,0.0,0.0,0.002,375757.6
1759011,IT,BR,LANDT,WHOLE,0.05,7514.884,3,3,7514.884,0.0,0.0,0.0,0.0,150297.68
1779611,IT,TR,COMPU,COMPU,0.09,7514.389,3,3,7514.389,0.0,0.0,0.0,0.0,83493.211111
1653679,IT,CZ,ALUM1,EDUCA,0.01,7514.321,3,3,7514.321,0.0,0.0,0.0,0.0,751432.1
1640553,IT,AT,FOOD5,CEMEN,0.04,7514.152,3,3,7514.152,0.0,0.0,0.0,0.0,187853.8
1681358,IT,GR,INSUR,COMPU,0.15,7514.014,3,3,7514.014,0.0,0.0,0.0,0.0,50093.426667
1688445,IT,IE,TEXTI,LIQUE,0.04,7513.579,3,3,7513.579,0.0,0.0,0.0,0.0,187839.475
1809717,IT,WM,SUGA1,VEGET,0.02,7513.567,3,3,7513.567,0.0,0.0,0.0,0.0,375678.35
1722863,IT,PT,PRINT,MACHI,0.07,7513.549,3,3,7513.549,0.0,0.0,0.0,0.0,107336.414286
1781750,IT,NO,PAPER,SUPPO,0.03,7513.179,3,3,7513.179,0.0,0.0,0.0,0.0,250439.3
1645707,IT,BE,ADDIT,COMPU,0.02,7512.914,3,3,7512.914,0.0,0.0,0.0,0.0,375645.7
1801654,IT,WE,FURNI,HEAVY,0.02,7512.795,3,3,7512.795,0.0,0.0,0.0,0.0,375639.75
1728963,IT,SE,CHEM1,HEALT,0.02,7512.662,3,3,7512.662,0.0,0.0,0.0,0.0,375633.1
1755428,IT,KR,HEAVY,MACHI,0.01,7512.556,3,3,7512.556,0.0,0.0,0.0,0.0,751255.6
1722868,IT,PT,PRINT,MOTO1,0.07,7512.256,3,3,7512.256,0.0,0.0,0.0,0.0,107317.942857
1659207,IT,DE,CONST,PAPE1,0.04,7511.93,3,3,7511.93,0.0,0.0,0.0,0.0,187798.25
1745106,IT,US,PUBLI,PLAS2,0.12,7511.846,3,3,7511.846,0.0,0.0,0.0,0.0,62598.716667
1806237,IT,WF,MACHI,KERO1,0.04,7511.67,3,3,7511.67,0.0,0.0,0.0,0.0,187791.75
1650151,IT,BG,MOTO1,PFERT,0.04,7511.559,3,3,7511.559,0.0,0.0,0.0,0.0,187788.975
1774069,IT,CH,WHOLE,STONE,0.06,7510.851,3,3,7510.851,0.0,0.0,0.0,0.0,125180.85
1765039,IT,MX,INSUR,FABRI,0.15,7510.775,3,3,7510.775,0.0,0.0,0.0,0.0,50071.833333
1721667,IT,PL,FINAN,FOOD5,0.1,7510.642,3,3,7510.642,0.0,0.0,0.0,0.0,75106.42
1690387,IT,IE,WASTE,RESEA,0.02,7510.64,3,3,7510.64,0.0,0.0,0.0,0.0,375532.0
1655765,IT,DE,MEATP,EDUCA,0.03,7510.629,3,3,7510.629,0.0,0.0,0.0,0.0,250354.3
1718916,IT,PL,PRINT,BIODI,0.07,7510.6,3,3,7510.6,0.0,0.0,0.0,0.0,107294.285714
1645931,IT,BE,CERAM,NONME,0.01,7510.577,3,3,7510.577,0.0,0.0,0.0,0.0,751057.7
1668657,IT,ES,RAILW,COMPU,0.05,7510.33,3,3,7510.33,0.0,0.0,0.0,0.0,150206.6
1808419,IT,WF,FOOD4,OILSE,0.05,7510.223,3,3,7510.223,0.0,0.0,0.0,0.0,150204.46
1732681,IT,SI,CERAM,MACHI,0.01,7509.943,3,3,7509.943,0.0,0.0,0.0,0.0,750994.3
1679219,IT,GR,MOTOR,HOTEL,0.01,7509.878,3,3,7509.878,0.0,0.0,0.0,0.0,750987.8
1791626,IT,WA,HOTEL,FISH5,0.05,7509.373,3,3,7509.373,0.0,0.0,0.0,0.0,150187.46
1685251,IT,HU,TEXTI,BRICK,0.04,7509.151,3,3,7509.151,0.0,0.0,0.0,0.0,187728.775
1812086,IT,WM,CERAM,RETAI,0.01,7508.651,3,3,7508.651,0.0,0.0,0.0,0.0,750865.1
1784394,IT,ID,GLASS,RETA1,0.02,7508.4,3,3,7508.4,0.0,0.0,0.0,0.0,375420.0
1806662,IT,WF,RETAI,RECRE,0.06,7508.15,3,3,7508.15,0.0,0.0,0.0,0.0,125135.833333
1762143,IT,IN,LANDT,GLASS,0.05,7508.099,3,3,7508.099,0.0,0.0,0.0,0.0,150161.98
1644796,IT,BE,TOBAC,RESEA,0.03,7507.956,3,3,7507.956,0.0,0.0,0.0,0.0,250265.2
1660445,IT,DE,INSUR,VEGET,0.15,7507.831,3,3,7507.831,0.0,0.0,0.0,0.0,50052.206667
1813642,IT,WM,RETA1,TEXTI,0.08,7507.648,3,3,7507.648,0.0,0.0,0.0,0.0,93845.6
1758471,IT,BR,MACHI,CHEMI,0.04,7507.25,3,3,7507.25,0.0,0.0,0.0,0.0,187681.25
1730647,IT,SE,RENTI,RETAI,0.04,7507.167,3,3,7507.167,0.0,0.0,0.0,0.0,187679.175
1804831,IT,WF,NAPHT,TRAN2,0.01,7507.165,3,3,7507.165,0.0,0.0,0.0,0.0,750716.5
1728662,IT,SE,PRINT,DISTR,0.07,7506.988,3,3,7506.988,0.0,0.0,0.0,0.0,107242.685714
1649000,IT,BG,WOODW,CEREA,0.02,7506.938,3,3,7506.938,0.0,0.0,0.0,0.0,375346.9
1685339,IT,HU,WEARI,COMPU,0.06,7506.132,3,3,7506.132,0.0,0.0,0.0,0.0,125102.2
1745383,IT,JP,VEGE1,SALEM,0.02,7505.706,4,4,7505.704,0.0,0.0,0.0,0.002,375285.3
1654210,IT,CZ,MOTO1,INTER,0.04,7505.039,3,3,7505.039,0.0,0.0,0.0,0.0,187625.975
1805817,IT,WF,PREC1,RAILW,0.01,7504.544,3,3,7504.544,0.0,0.0,0.0,0.0,750454.4
1729650,IT,SE,FABRI,LEAD1,0.03,7504.219,3,3,7504.219,0.0,0.0,0.0,0.0,250140.633333
1689169,IT,IE,SALEM,FOOD3,0.06,7503.783,3,3,7503.783,0.0,0.0,0.0,0.0,125063.05
1680923,IT,GR,LANDT,EDUCA,0.05,7503.419,3,3,7503.419,0.0,0.0,0.0,0.0,150068.38
1788808,IT,WA,KEROS,RAILW,0.01,7503.147,3,3,7503.147,0.0,0.0,0.0,0.0,750314.7
1794626,IT,WL,LIQUE,CRUDE,0.01,7502.984,3,3,7502.984,0.0,0.0,0.0,0.0,750298.4
1659770,IT,DE,LANDT,LIGNI,0.05,7502.967,3,3,7502.967,0.0,0.0,0.0,0.0,150059.34
1685532,IT,HU,PAPER,COPP1,0.03,7502.879,3,3,7502.879,0.0,0.0,0.0,0.0,250095.966667
1642147,IT,AT,CERAM,LEAD1,0.01,7502.432,3,3,7502.432,0.0,0.0,0.0,0.0,750243.2
1772660,IT,CH,GLASS,POSTT,0.02,7502.403,3,3,7502.403,0.0,0.0,0.0,0.0,375120.15
1752851,IT,CA,PRINT,RETA1,0.07,7502.145,3,3,7502.145,0.0,0.0,0.0,0.0,107173.5
1687777,IT,HU,SUPPO,FOOD4,0.05,7501.789,3,3,7501.789,0.0,0.0,0.0,0.0,150035.78
1735540,IT,SK,ALUM1,KEROS,0.01,7501.777,3,3,7501.777,0.0,0.0,0.0,0.0,750177.7
1652480,IT,CZ,WEARI,MOTOR,0.06,7501.584,3,3,7501.584,0.0,0.0,0.0,0.0,125026.4
1662138,IT,DK,RUBBE,LEATH,0.02,7501.541,3,3,7501.541,0.0,0.0,0.0,0.0,375077.05
1644685,IT,BE,BEVER,NAPHT,0.03,7501.442,3,3,7501.442,0.0,0.0,0.0,0.0,250048.066667
1718564,IT,PL,WEARI,LANDT,0.06,7501.433,3,3,7501.433,0.0,0.0,0.0,0.0,125023.883333
1727033,IT,RO,RAILW,WEARI,0.05,7501.206,3,3,7501.206,0.0,0.0,0.0,0.0,150024.12
1685541,IT,HU,PAPER,ELEC2,0.03,7501.184,3,3,7501.184,0.0,0.0,0.0,0.0,250039.466667
1717832,IT,NL,RECRE,HEALT,0.1,7500.883,3,3,7500.883,0.0,0.0,0.0,0.0,75008.83
1752849,IT,CA,PRINT,SALEM,0.07,7500.693,3,3,7500.693,0.0,0.0,0.0,0.0,107152.757143
1730027,IT,SE,WHOLE,PULP5,0.06,7500.618,3,3,7500.618,0.0,0.0,0.0,0.0,125010.3
1766892,IT,RU,OFFIC,MOTO1,0.02,7500.111,3,3,7500.111,0.0,0.0,0.0,0.0,375005.55
1784379,IT,ID,GLASS,DAIRY,0.02,7499.887,3,3,7499.887,0.0,0.0,0.0,0.0,374994.35
1742331,IT,US,CEMEN,PLAS1,0.01,7499.825,3,3,7499.825,0.0,0.0,0.0,0.0,749982.5
1690276,IT,IE,OILHA,RUBBE,0.04,7499.474,3,3,7499.474,0.0,0.0,0.0,0.0,187486.85
1728575,IT,SE,PAPER,ELECT,0.03,7499.438,3,3,7499.438,0.0,0.0,0.0,0.0,249981.266667
1792146,IT,WA,SUPPO,VEGE1,0.05,7499.379,3,3,7499.379,0.0,0.0,0.0,0.0,149987.58
1765397,IT,RU,TOBAC,CHEM1,0.03,7499.072,3,3,7499.072,0.0,0.0,0.0,0.0,249969.066667
1759946,IT,BR,PLAS1,MOTO1,0.03,7498.736,3,3,7498.736,0.0,0.0,0.0,0.0,249957.866667
1658685,IT,DE,OFFIC,KEROS,0.02,7498.703,3,3,7498.703,0.0,0.0,0.0,0.0,374935.15
1761537,IT,IN,LEAD1,ALUM1,0.01,7498.206,3,3,7498.206,0.0,0.0,0.0,0.0,749820.6
1747951,IT,JP,RESEA,NONME,0.04,7498.18,3,3,7498.18,0.0,0.0,0.0,0.0,187454.5
1771749,IT,CH,LEATH,FOUND,0.05,7497.527,3,3,7497.527,0.0,0.0,0.0,0.0,149950.54
1684162,IT,HR,LANDT,ALUM1,0.05,7497.153,3,3,7497.153,0.0,0.0,0.0,0.0,149943.06
1741370,IT,US,PRINT,ELEC1,0.07,7497.055,3,3,7497.055,0.0,0.0,0.0,0.0,107100.785714
1672731,IT,FR,CHEMI,GLASS,0.02,7496.668,3,3,7496.668,0.0,0.0,0.0,0.0,374833.4
1749987,IT,CN,CEMEN,TEXTI,0.01,7496.191,3,3,7496.191,0.0,0.0,0.0,0.0,749619.1
1654554,IT,CZ,HOTEL,AUXIL,0.05,7495.685,3,3,7495.685,0.0,0.0,0.0,0.0,149913.7
1716366,IT,NL,MACHI,POULT,0.04,7495.625,3,3,7495.625,0.0,0.0,0.0,0.0,187390.625
1814581,IT,WM,BUSIN,MACHI,0.08,7495.598,3,3,7495.598,0.0,0.0,0.0,0.0,93694.975
1759660,IT,BR,RESEA,ELEC5,0.04,7495.547,3,3,7495.547,0.0,0.0,0.0,0.0,187388.675
1797453,IT,WL,RESEA,FISH5,0.04,7495.402,3,3,7495.402,0.0,0.0,0.0,0.0,187385.05
1660176,IT,DE,SUPPO,FURNI,0.05,7495.4,3,3,7495.4,0.0,0.0,0.0,0.0,149908.0
1655152,IT,CZ,BUSIN,NONME,0.08,7494.761,3,3,7494.761,0.0,0.0,0.0,0.0,93684.5125
1712957,IT,MT,VEGET,93197,0.03,7494.7,3,3,7494.7,0.0,0.0,0.0,0.0,249823.333333
1781700,IT,NO,WOODW,MACHI,0.02,7494.004,3,3,7494.004,0.0,0.0,0.0,0.0,374700.2
1803190,IT,WF,CROPS,NONFE,0.06,7493.919,3,3,7493.919,0.0,0.0,0.0,0.0,124898.65
1713180,IT,MT,TEXTI,POSTT,0.04,7493.292,3,3,7493.292,0.0,0.0,0.0,0.0,187332.3
1743694,IT,US,RAILW,ELEC2,0.05,7493.223,3,3,7493.223,0.0,0.0,0.0,0.0,149864.46
1733829,IT,SI,TRAN2,FORES,0.01,7492.568,3,3,7492.568,0.0,0.0,0.0,0.0,749256.8
1735313,IT,SK,GLASS,INERT,0.02,7491.996,3,3,7491.996,0.0,0.0,0.0,0.0,374599.8
1802291,IT,WE,LANDT,RAILW,0.05,7490.723,3,3,7490.723,0.0,0.0,0.0,0.0,149814.46
1643313,IT,AT,RAILW,WEARI,0.05,7490.551,3,3,7490.551,0.0,0.0,0.0,0.0,149811.02
1808446,IT,WF,FOOD4,FOOD5,0.05,7490.394,3,3,7490.394,0.0,0.0,0.0,0.0,149807.88
1685066,IT,HU,PROCE,WHOLE,0.05,7490.112,3,3,7490.112,0.0,0.0,0.0,0.0,149802.24
1735379,IT,SK,NONME,DIST1,0.02,7490.035,3,3,7490.035,0.0,0.0,0.0,0.0,374501.75
1779621,IT,TR,COMPU,WASTE,0.09,7489.955,3,3,7489.955,0.0,0.0,0.0,0.0,83221.722222
1661629,IT,DK,FISH5,RESEA,0.03,7489.339,4,4,7489.335,0.0,0.0,0.0,0.004,249644.633333
1676100,IT,FR,ELEC8,CHEM1,0.1,7489.193,3,3,7489.193,0.0,0.0,0.0,0.0,74891.93
1711523,IT,LU,POSTT,DIST1,0.12,7489.181,3,3,7489.181,0.0,0.0,0.0,0.0,62409.841667
1641439,IT,AT,GASDI,FOUND,0.01,7489.154,3,3,7489.154,0.0,0.0,0.0,0.0,748915.4
1658661,IT,DE,MACHI,PLAS2,0.04,7488.97,3,3,7488.97,0.0,0.0,0.0,0.0,187224.25
1648881,IT,BG,TEXTI,ELEC1,0.04,7488.93,3,3,7488.93,0.0,0.0,0.0,0.0,187223.25
1717962,IT,PL,SANDC,BIOGA,0.02,7488.838,4,4,7486.838,0.0,0.0,2.0,0.0,374441.9
1710723,IT,LU,FOOD5,93197,0.04,7488.729,3,3,7488.729,0.0,0.0,0.0,0.0,187218.225
1689202,IT,IE,RETAI,OFFIC,0.06,7488.72,3,3,7488.72,0.0,0.0,0.0,0.0,124812.0
1782556,IT,NO,MOTO1,REALE,0.04,7488.318,3,3,7488.318,0.0,0.0,0.0,0.0,187207.95
1778333,IT,TR,SALEM,WASTE,0.06,7488.247,3,3,7488.247,0.0,0.0,0.0,0.0,124804.116667
1644862,IT,BE,WEARI,RETA1,0.06,7488.034,3,3,7488.034,0.0,0.0,0.0,0.0,124800.566667
1809550,IT,WM,VEGE1,SANDC,0.02,7487.906,4,4,7487.904,0.0,0.0,0.0,0.002,374395.3
1667781,IT,ES,OFFIC,BITU1,0.02,7487.658,3,3,7487.658,0.0,0.0,0.0,0.0,374382.9
1684699,IT,HU,CEREA,RENTI,0.01,7487.284,3,3,7487.284,0.0,0.0,0.0,0.0,748728.4
1665568,IT,ES,LEATH,ELEC2,0.05,7487.086,3,3,7487.086,0.0,0.0,0.0,0.0,149741.72
1785068,IT,ZA,VEGET,HOTEL,0.03,7487.059,3,3,7487.059,0.0,0.0,0.0,0.0,249568.633333
1767245,IT,RU,HOTEL,PROCE,0.05,7486.914,3,3,7486.914,0.0,0.0,0.0,0.0,149738.28
1741103,IT,US,TEXTI,INERT,0.04,7486.74,3,3,7486.74,0.0,0.0,0.0,0.0,187168.5
1685183,IT,HU,BEVER,DIST1,0.03,7486.57,3,3,7486.57,0.0,0.0,0.0,0.0,249552.333333
1665289,IT,ES,BEVER,ELEC4,0.03,7486.428,3,3,7486.428,0.0,0.0,0.0,0.0,249547.6
1640364,IT,AT,MEATC,RECRE,0.02,7486.312,3,3,7486.312,0.0,0.0,0.0,0.0,374315.6
1663484,IT,DK,RENTI,FISH5,0.04,7486.277,3,3,7486.277,0.0,0.0,0.0,0.0,187156.925
1641414,IT,AT,GASDI,CRUDE,0.01,7485.959,3,3,7485.959,0.0,0.0,0.0,0.0,748595.9
1658828,IT,DE,MOTO1,BIOG1,0.04,7485.785,3,3,7485.785,0.0,0.0,0.0,0.0,187144.625
1657011,IT,DE,NAPHT,LUBRI,0.01,7485.733,3,3,7485.733,0.0,0.0,0.0,0.0,748573.3
1713198,IT,MT,WEARI,RESEA,0.06,7485.665,3,3,7485.665,0.0,0.0,0.0,0.0,124761.083333
1807845,IT,WF,PAPE1,IRONO,0.05,7485.595,3,3,7485.595,0.0,0.0,0.0,0.0,149711.9
1720726,IT,PL,TRANS,VEGE1,0.04,7485.291,3,3,7485.291,0.0,0.0,0.0,0.0,187132.275
1754884,IT,KR,FISH5,RECRE,0.03,7485.095,4,4,7485.091,0.0,0.0,0.0,0.004,249503.166667
1769913,IT,AU,MOTO1,NONF1,0.04,7484.926,3,3,7484.926,0.0,0.0,0.0,0.0,187123.15
1781719,IT,NO,PAPER,CRUDE,0.03,7484.705,3,3,7484.705,0.0,0.0,0.0,0.0,249490.166667
1754796,IT,KR,FOOD5,LIQUE,0.04,7484.571,3,3,7484.571,0.0,0.0,0.0,0.0,187114.275
1721909,IT,PL,RENTI,TRAN1,0.04,7484.385,3,3,7484.385,0.0,0.0,0.0,0.0,187109.625
1794196,IT,WL,PRINT,LEAD1,0.07,7484.223,3,3,7484.223,0.0,0.0,0.0,0.0,106917.471429
1652095,IT,CZ,SANDC,TRANS,0.02,7484.204,4,4,7482.204,0.0,0.0,2.0,0.0,374210.2
1683555,IT,HR,LEAD1,MACHI,0.01,7484.009,3,3,7484.009,0.0,0.0,0.0,0.0,748400.9
1788840,IT,WA,GASDI,ALUMI,0.01,7483.924,3,3,7483.924,0.0,0.0,0.0,0.0,748392.4
1758918,IT,BR,HOTEL,PAPE4,0.05,7483.743,3,3,7483.743,0.0,0.0,0.0,0.0,149674.86
1767432,IT,RU,LANDT,TRAN1,0.05,7483.481,3,3,7483.481,0.0,0.0,0.0,0.0,149669.62
1755986,IT,KR,ALUM1,SECO9,0.01,7483.235,3,3,7483.235,0.0,0.0,0.0,0.0,748323.5
1719593,IT,PL,CERAM,PULP5,0.01,7483.171,3,3,7483.171,0.0,0.0,0.0,0.0,748317.1
1645798,IT,BE,RUBBE,INSUR,0.02,7482.83,3,3,7482.83,0.0,0.0,0.0,0.0,374141.5
1669231,IT,ES,POSTT,OILHA,0.12,7482.287,3,3,7482.287,0.0,0.0,0.0,0.0,62352.391667
1718713,IT,PL,PULP5,CROPS,0.02,7482.284,3,3,7482.284,0.0,0.0,0.0,0.0,374114.2
1757653,IT,BR,HEAVY,LEATH,0.01,7482.219,3,3,7482.219,0.0,0.0,0.0,0.0,748221.9
1717989,IT,PL,SANDC,RAILW,0.02,7482.007,4,4,7480.007,0.0,0.0,2.0,0.0,374100.35
1644874,IT,BE,WEARI,RECRE,0.06,7481.529,3,3,7481.529,0.0,0.0,0.0,0.0,124692.15
1644461,IT,BE,VEGE1,RUBBE,0.02,7481.316,4,4,7481.314,0.0,0.0,0.0,0.002,374065.8
1737783,IT,GB,LIQUE,WHOLE,0.01,7481.254,3,3,7481.254,0.0,0.0,0.0,0.0,748125.4
1712075,IT,LV,BEVER,MACHI,0.03,7481.218,3,3,7481.218,0.0,0.0,0.0,0.0,249373.933333
1676795,IT,FR,LANDT,NFERT,0.05,7481.173,3,3,7481.173,0.0,0.0,0.0,0.0,149623.46
1684320,IT,HR,SUPPO,WOODW,0.05,7481.001,3,3,7481.001,0.0,0.0,0.0,0.0,149620.02
1747087,IT,JP,FURNI,ELE12,0.02,7480.795,3,3,7480.795,0.0,0.0,0.0,0.0,374039.75
1805638,IT,WF,NONME,PFERT,0.02,7480.394,3,3,7480.394,0.0,0.0,0.0,0.0,374019.7
1669665,IT,ES,COMPU,KEROS,0.09,7480.341,3,3,7480.341,0.0,0.0,0.0,0.0,83114.9
1797854,IT,WL,FOOD2,AUXIL,0.04,7480.338,3,3,7480.338,0.0,0.0,0.0,0.0,187008.45
1740837,IT,US,VEGE1,MEDIC,0.02,7480.285,4,4,7480.283,0.0,0.0,0.0,0.002,374014.25
1776513,IT,TR,MOTOR,FOOD4,0.01,7480.15,3,3,7480.15,0.0,0.0,0.0,0.0,748015.0
1767629,IT,RU,SUPPO,RESEA,0.05,7480.003,3,3,7480.003,0.0,0.0,0.0,0.0,149600.06
1793492,IT,WL,CHEMI,MOTOR,0.02,7479.996,3,3,7479.996,0.0,0.0,0.0,0.0,373999.8
1746430,IT,JP,RUBBE,PAPE1,0.02,7479.402,3,3,7479.402,0.0,0.0,0.0,0.0,373970.1
1722109,IT,PL,BUSIN,BRICK,0.08,7479.288,3,3,7479.288,0.0,0.0,0.0,0.0,93491.1
1795235,IT,WL,CERAM,BITUM,0.01,7479.152,3,3,7479.152,0.0,0.0,0.0,0.0,747915.2
1673444,IT,FR,WEARI,RETAI,0.06,7478.658,3,3,7478.658,0.0,0.0,0.0,0.0,124644.3
1741142,IT,US,WEARI,WASTE,0.06,7478.362,3,3,7478.362,0.0,0.0,0.0,0.0,124639.366667
1797638,IT,WL,PAPE1,DAIRY,0.05,7478.295,3,3,7478.295,0.0,0.0,0.0,0.0,149565.9
1777578,IT,TR,ALUM1,ALUMI,0.01,7478.203,3,3,7478.203,0.0,0.0,0.0,0.0,747820.3
1709396,IT,LT,BEVER,CHEM1,0.03,7477.721,3,3,7477.721,0.0,0.0,0.0,0.0,249257.366667
1743218,IT,US,TRANS,STEAM,0.04,7477.403,3,3,7477.403,0.0,0.0,0.0,0.0,186935.075
1793059,IT,WA,PAPE4,NONF1,0.05,7477.259,3,3,7477.259,0.0,0.0,0.0,0.0,149545.18
1712174,IT,LV,WOODW,WHEAT,0.02,7476.947,3,3,7476.947,0.0,0.0,0.0,0.0,373847.35
1739527,IT,GB,LANDT,PLAS1,0.05,7476.903,3,3,7476.903,0.0,0.0,0.0,0.0,149538.06
1663691,IT,DK,93197,SUPPO,0.05,7475.692,3,3,7475.692,0.0,0.0,0.0,0.0,149513.84
1782791,IT,NO,HOTEL,BASIC,0.05,7475.45,3,3,7475.45,0.0,0.0,0.0,0.0,149509.0
1645473,IT,BE,PARAF,MEDIC,0.01,7475.407,3,3,7475.407,0.0,0.0,0.0,0.0,747540.7
1770165,IT,AU,RETA1,FURNI,0.08,7475.199,3,3,7475.199,0.0,0.0,0.0,0.0,93439.9875
1810522,IT,WM,PAPER,LUBRI,0.03,7474.596,3,3,7474.596,0.0,0.0,0.0,0.0,249153.2
1754287,IT,CA,FINAN,FINAN,0.1,7474.396,3,3,7474.396,0.0,0.0,0.0,0.0,74743.96
1767275,IT,RU,HOTEL,BASIC,0.05,7474.218,3,3,7474.218,0.0,0.0,0.0,0.0,149484.36
1788106,IT,WA,WEARI,FORES,0.06,7473.464,3,3,7473.464,0.0,0.0,0.0,0.0,124557.733333
1681928,IT,HR,SUGA1,HOTEL,0.02,7473.39,3,3,7473.39,0.0,0.0,0.0,0.0,373669.5
1809577,IT,WM,VEGE1,GLASS,0.02,7473.146,4,4,7473.144,0.0,0.0,0.0,0.002,373657.3
1640938,IT,AT,WOODW,STONE,0.02,7473.006,3,3,7473.006,0.0,0.0,0.0,0.0,373650.3
1679323,IT,GR,NAPHT,NONSP,0.01,7472.919,3,3,7472.919,0.0,0.0,0.0,0.0,747291.9
1737225,IT,GB,PROCE,RETA1,0.05,7472.907,3,3,7472.907,0.0,0.0,0.0,0.0,149458.14
1790219,IT,WA,PREC1,LUBRI,0.01,7472.562,3,3,7472.562,0.0,0.0,0.0,0.0,747256.2
1729710,IT,SE,MACHI,ANIMA,0.04,7472.536,3,3,7472.536,0.0,0.0,0.0,0.0,186813.4
1800645,IT,WE,CERAM,VEGE1,0.01,7472.416,3,3,7472.416,0.0,0.0,0.0,0.0,747241.6
1788350,IT,WA,LEATH,INERT,0.05,7470.799,3,3,7470.799,0.0,0.0,0.0,0.0,149415.98
1793049,IT,WA,PAPE4,PIGS9,0.05,7470.318,3,3,7470.318,0.0,0.0,0.0,0.0,149406.36
1799036,IT,WE,TEXTI,CEMEN,0.04,7470.208,3,3,7470.208,0.0,0.0,0.0,0.0,186755.2
1742145,IT,US,RUBBE,SEWAG,0.02,7469.607,3,3,7469.607,0.0,0.0,0.0,0.0,373480.35
1663946,IT,EE,WOODW,BUSIN,0.02,7469.247,3,3,7469.247,0.0,0.0,0.0,0.0,373462.35
1747869,IT,JP,RENTI,NONF1,0.04,7468.882,3,3,7468.882,0.0,0.0,0.0,0.0,186722.05
1666695,IT,ES,BIODI,HEALT,0.02,7468.448,3,3,7468.448,0.0,0.0,0.0,0.0,373422.4
1662727,IT,DK,OFFIC,DAIRY,0.02,7468.179,3,3,7468.179,0.0,0.0,0.0,0.0,373408.95
1774267,IT,CH,RETA1,WOOD1,0.08,7468.057,3,3,7468.057,0.0,0.0,0.0,0.0,93350.7125
1728588,IT,SE,PAPER,RETAI,0.03,7467.877,3,3,7467.877,0.0,0.0,0.0,0.0,248929.233333
1732270,IT,SI,LIQUE,SEACO,0.01,7467.651,3,3,7467.651,0.0,0.0,0.0,0.0,746765.1
1720019,IT,PL,ALUM1,LUBRI,0.01,7467.411,3,3,7467.411,0.0,0.0,0.0,0.0,746741.1
1730377,IT,SE,SUPPO,OILHA,0.05,7467.232,3,3,7467.232,0.0,0.0,0.0,0.0,149344.64
1674434,IT,FR,ADDIT,COALT,0.02,7466.99,3,3,7466.99,0.0,0.0,0.0,0.0,373349.5
1721673,IT,PL,FINAN,WOODW,0.1,7466.51,3,3,7466.51,0.0,0.0,0.0,0.0,74665.1
1725612,IT,RO,WOODW,FINAN,0.02,7466.456,3,3,7466.456,0.0,0.0,0.0,0.0,373322.8
1662143,IT,DK,RUBBE,KEROS,0.02,7466.109,3,3,7466.109,0.0,0.0,0.0,0.0,373305.45
1653959,IT,CZ,MACHI,MEATP,0.04,7465.75,3,3,7465.75,0.0,0.0,0.0,0.0,186643.75
1744622,IT,US,RENTI,AUXIL,0.04,7465.748,3,3,7465.748,0.0,0.0,0.0,0.0,186643.7
1643706,IT,AT,SUPPO,BIODI,0.05,7465.747,3,3,7465.747,0.0,0.0,0.0,0.0,149314.94
1716950,IT,NL,RAILW,FURNI,0.05,7465.743,3,3,7465.743,0.0,0.0,0.0,0.0,149314.86
1800042,IT,WE,LIQUE,FORES,0.01,7465.353,3,3,7465.353,0.0,0.0,0.0,0.0,746535.3
1775785,IT,TR,SANDC,CHEM1,0.02,7465.34,4,4,7463.34,0.0,0.0,2.0,0.0,373267.0
1648022,IT,BE,COMPU,BIOGA,0.09,7464.784,3,3,7464.784,0.0,0.0,0.0,0.0,82942.044444
1752885,IT,CA,KEROS,TRANS,0.01,7464.698,3,3,7464.698,0.0,0.0,0.0,0.0,746469.8
1754192,IT,CA,SUPPO,COMPU,0.05,7464.659,3,3,7464.659,0.0,0.0,0.0,0.0,149293.18
1687123,IT,HU,TRANS,RETA1,0.04,7464.503,3,3,7464.503,0.0,0.0,0.0,0.0,186612.575
1731919,IT,SI,MOTOR,PAPER,0.01,7464.371,3,3,7464.371,0.0,0.0,0.0,0.0,746437.1
1766508,IT,RU,ALUM1,RENTI,0.01,7464.08,3,3,7464.08,0.0,0.0,0.0,0.0,746408.0
1803582,IT,WF,PROCE,REALE,0.05,7463.634,3,3,7463.634,0.0,0.0,0.0,0.0,149272.68
1644739,IT,BE,BEVER,WASTE,0.03,7463.3,3,3,7463.3,0.0,0.0,0.0,0.0,248776.666667
1669843,IT,ES,BUSIN,OILHA,0.08,7462.936,3,3,7462.936,0.0,0.0,0.0,0.0,93286.7
1740179,IT,GB,BUSIN,FISHF,0.08,7462.817,3,3,7462.817,0.0,0.0,0.0,0.0,93285.2125
1665454,IT,ES,WEARI,CHEMI,0.06,7462.46,3,3,7462.46,0.0,0.0,0.0,0.0,124374.333333
1654079,IT,CZ,OFFIC,FOOD5,0.02,7462.396,3,3,7462.396,0.0,0.0,0.0,0.0,373119.8
1642494,IT,AT,LEAD1,TRANS,0.01,7462.331,3,3,7462.331,0.0,0.0,0.0,0.0,746233.1
1688348,IT,IE,DAIRY,SUPPO,0.03,7461.985,3,3,7461.985,0.0,0.0,0.0,0.0,248732.833333
1671997,IT,FI,LANDT,EDUCA,0.05,7461.98,3,3,7461.98,0.0,0.0,0.0,0.0,149239.6
1811195,IT,WM,NAPHT,RAILW,0.01,7461.796,3,3,7461.796,0.0,0.0,0.0,0.0,746179.6
1787156,IT,ZA,PUBLI,NONME,0.12,7461.595,3,3,7461.595,0.0,0.0,0.0,0.0,62179.958333
1672779,IT,FR,MEATP,MEAT4,0.03,7461.039,3,3,7461.039,0.0,0.0,0.0,0.0,248701.3
1777377,IT,TR,CERAM,WOODW,0.01,7460.813,3,3,7460.813,0.0,0.0,0.0,0.0,746081.3
1736734,IT,SK,REALE,WHOLE,0.32,7459.859,3,3,7459.859,0.0,0.0,0.0,0.0,23312.059375
1799430,IT,WE,PAPER,CHEMI,0.03,7459.857,3,3,7459.857,0.0,0.0,0.0,0.0,248661.9
1679656,IT,GR,GLASS,TRANS,0.02,7459.803,3,3,7459.803,0.0,0.0,0.0,0.0,372990.15
1744499,IT,US,REALE,FOOD5,0.32,7459.773,3,3,7459.773,0.0,0.0,0.0,0.0,23311.790625
1675121,IT,FR,LEAD1,INERT,0.01,7459.712,3,3,7459.712,0.0,0.0,0.0,0.0,745971.2
1715104,IT,NL,WEARI,RENTI,0.06,7459.637,3,3,7459.637,0.0,0.0,0.0,0.0,124327.283333
1662290,IT,DK,NONME,BEVER,0.02,7459.423,3,3,7459.423,0.0,0.0,0.0,0.0,372971.15
1655414,IT,DE,MEATA,REALE,0.04,7459.272,3,3,7459.272,0.0,0.0,0.0,0.0,186481.8
1763700,IT,MX,RUBBE,DIST1,0.02,7458.418,3,3,7458.418,0.0,0.0,0.0,0.0,372920.9
1762639,IT,IN,COMPU,ELEC1,0.09,7458.406,3,3,7458.406,0.0,0.0,0.0,0.0,82871.177778
1643371,IT,AT,RAILW,EDUCA,0.05,7458.265,3,3,7458.265,0.0,0.0,0.0,0.0,149165.3
1798098,IT,WL,93197,SUPPO,0.05,7458.054,3,3,7458.054,0.0,0.0,0.0,0.0,149161.08
1783633,IT,NO,FOOD3,RETAI,0.02,7457.602,3,3,7457.602,0.0,0.0,0.0,0.0,372880.1
1765130,IT,MX,BUSIN,POULT,0.08,7457.32,3,3,7457.32,0.0,0.0,0.0,0.0,93216.5
1718026,IT,PL,CHEMI,ELEC1,0.02,7457.219,3,3,7457.219,0.0,0.0,0.0,0.0,372860.95
1761689,IT,IN,FABRI,RESEA,0.03,7456.799,3,3,7456.799,0.0,0.0,0.0,0.0,248559.966667
1756525,IT,KR,WHOLE,MEDIC,0.06,7456.758,3,3,7456.758,0.0,0.0,0.0,0.0,124279.3
1686194,IT,HU,GLASS,CERAM,0.02,7456.638,3,3,7456.638,0.0,0.0,0.0,0.0,372831.9
1721510,IT,PL,SUPPO,LIQUE,0.05,7456.268,3,3,7456.268,0.0,0.0,0.0,0.0,149125.36
1687337,IT,HU,RETA1,RESEA,0.08,7456.246,3,3,7456.246,0.0,0.0,0.0,0.0,93203.075
1813086,IT,WM,OFFIC,FOOD4,0.02,7455.665,3,3,7455.665,0.0,0.0,0.0,0.0,372783.25
1765538,IT,RU,LEATH,FOOD5,0.05,7455.639,3,3,7455.639,0.0,0.0,0.0,0.0,149112.78
1814731,IT,WM,OILHA,CONST,0.04,7455.621,3,3,7455.621,0.0,0.0,0.0,0.0,186390.525
1666307,IT,ES,LIQUE,BITU1,0.01,7455.455,3,3,7455.455,0.0,0.0,0.0,0.0,745545.5
1720872,IT,PL,CONST,WOODW,0.04,7453.851,3,3,7453.851,0.0,0.0,0.0,0.0,186346.275
1713925,IT,MT,ELE12,BIOG1,0.04,7453.676,3,3,7453.676,0.0,0.0,0.0,0.0,186341.9
1664929,IT,ES,LEADZ,FABRI,0.01,7453.629,3,3,7453.629,0.0,0.0,0.0,0.0,745362.9
1805801,IT,WF,PREC1,CEMEN,0.01,7453.58,3,3,7453.58,0.0,0.0,0.0,0.0,745358.0
1785999,IT,ZA,GLASS,DAIRY,0.02,7453.537,3,3,7453.537,0.0,0.0,0.0,0.0,372676.85
1805274,IT,WF,ADDIT,OILSE,0.02,7453.418,3,3,7453.418,0.0,0.0,0.0,0.0,372670.9
1796388,IT,WL,WHOLE,HEAVY,0.06,7453.269,3,3,7453.269,0.0,0.0,0.0,0.0,124221.15
1805021,IT,WF,PLAST,BIOGA,0.02,7453.261,3,3,7453.261,0.0,0.0,0.0,0.0,372663.05
1813221,IT,WM,TRANS,FORES,0.04,7452.276,3,3,7452.276,0.0,0.0,0.0,0.0,186306.9
1749965,IT,CN,CERAM,OFFIC,0.01,7452.029,3,3,7452.029,0.0,0.0,0.0,0.0,745202.9
1652311,IT,CZ,BEVER,ELEC1,0.03,7451.988,3,3,7451.988,0.0,0.0,0.0,0.0,248399.6
1669663,IT,ES,COMPU,PAPER,0.09,7451.917,3,3,7451.917,0.0,0.0,0.0,0.0,82799.077778
1780720,IT,TW,REALE,MOTO1,0.31,7451.659,3,3,7451.659,0.0,0.0,0.0,0.0,24037.609677
1676725,IT,FR,RAILW,PAPE1,0.05,7451.032,3,3,7451.032,0.0,0.0,0.0,0.0,149020.64
1794827,IT,WL,PLAST,BLAST,0.02,7450.917,3,3,7450.917,0.0,0.0,0.0,0.0,372545.85
1756282,IT,KR,MOTO1,BEVER,0.04,7450.023,3,3,7450.023,0.0,0.0,0.0,0.0,186250.575
1772466,IT,CH,BIOGA,CHEM1,0.02,7449.409,3,3,7449.409,0.0,0.0,0.0,0.0,372470.45
1657048,IT,DE,PARAF,BUSIN,0.01,7449.34,3,3,7449.34,0.0,0.0,0.0,0.0,744934.0
1643021,IT,AT,CONST,ELEC2,0.04,7449.177,3,3,7449.177,0.0,0.0,0.0,0.0,186229.425
1729583,IT,SE,COPP1,INERT,0.02,7448.965,3,3,7448.965,0.0,0.0,0.0,0.0,372448.25
1650178,IT,BG,MOTO1,HOTEL,0.04,7448.81,3,3,7448.81,0.0,0.0,0.0,0.0,186220.25
1687551,IT,HU,LANDT,ELEC2,0.05,7447.413,3,3,7447.413,0.0,0.0,0.0,0.0,148948.26
1667618,IT,ES,MACHI,MEAT4,0.04,7447.399,3,3,7447.399,0.0,0.0,0.0,0.0,186184.975
1656617,IT,DE,PRINT,ELEC8,0.07,7447.227,3,3,7447.227,0.0,0.0,0.0,0.0,106388.957143
1775892,IT,TR,PROCE,CHEM1,0.05,7447.202,3,3,7447.202,0.0,0.0,0.0,0.0,148944.04
1772133,IT,CH,MOTOR,COMPU,0.01,7447.175,3,3,7447.175,0.0,0.0,0.0,0.0,744717.5
1745516,IT,JP,FOOD5,POSTT,0.04,7446.804,3,3,7446.804,0.0,0.0,0.0,0.0,186170.1
1760231,IT,BR,INERT,BUSIN,0.05,7446.131,3,3,7446.131,0.0,0.0,0.0,0.0,148922.62
1785871,IT,ZA,ADDIT,TEXTI,0.02,7445.736,3,3,7445.736,0.0,0.0,0.0,0.0,372286.8
1710825,IT,LU,PAPER,MACHI,0.03,7445.654,3,3,7445.654,0.0,0.0,0.0,0.0,248188.466667
1714941,IT,NL,BEVER,SEWAG,0.03,7445.632,3,3,7445.632,0.0,0.0,0.0,0.0,248187.733333
1669643,IT,ES,RENTI,FOOD1,0.04,7445.095,3,3,7445.095,0.0,0.0,0.0,0.0,186127.375
1729185,IT,SE,GLASS,RECRE,0.02,7444.056,3,3,7444.056,0.0,0.0,0.0,0.0,372202.8
1717579,IT,NL,COMPU,SALEM,0.09,7443.609,3,3,7443.609,0.0,0.0,0.0,0.0,82706.766667
1727305,IT,RO,POSTT,GASDI,0.12,7443.279,3,3,7443.279,0.0,0.0,0.0,0.0,62027.325
1688122,IT,HU,BUSIN,TEXTI,0.08,7443.027,3,3,7443.027,0.0,0.0,0.0,0.0,93037.8375
1659149,IT,DE,ELE11,CRUDE,0.11,7442.866,4,4,7442.862,0.0,0.0,0.0,0.004,67662.418182
1754400,IT,CA,RENTI,PRINT,0.04,7442.498,3,3,7442.498,0.0,0.0,0.0,0.0,186062.45
1667276,IT,ES,ALUM1,GASDI,0.01,7442.47,3,3,7442.47,0.0,0.0,0.0,0.0,744247.0
1713626,IT,MT,PREC1,TRANS,0.01,7442.17,3,3,7442.17,0.0,0.0,0.0,0.0,744217.0
1778217,IT,TR,FURNI,ELEC4,0.02,7442.099,3,3,7442.099,0.0,0.0,0.0,0.0,372104.95
1710855,IT,LU,PRINT,RUBBE,0.07,7441.891,3,3,7441.891,0.0,0.0,0.0,0.0,106312.728571
1725866,IT,RO,GASDI,PUBLI,0.01,7441.812,3,3,7441.812,0.0,0.0,0.0,0.0,744181.2
1768238,IT,RU,HEALT,DIST1,0.04,7441.752,3,3,7441.752,0.0,0.0,0.0,0.0,186043.8
1675571,IT,FR,MOTO1,HEAVY,0.04,7441.744,3,3,7441.744,0.0,0.0,0.0,0.0,186043.6
1797748,IT,WL,INTER,LANDT,0.04,7441.228,3,3,7441.228,0.0,0.0,0.0,0.0,186030.7
1713325,IT,MT,KERO1,VEGET,0.01,7441.189,3,3,7441.189,0.0,0.0,0.0,0.0,744118.9
1719661,IT,PL,CEMEN,RAILW,0.01,7441.156,3,3,7441.156,0.0,0.0,0.0,0.0,744115.6
1732282,IT,SI,LIQUE,INTER,0.01,7441.064,3,3,7441.064,0.0,0.0,0.0,0.0,744106.4
1641345,IT,AT,KEROS,NONME,0.01,7440.86,3,3,7440.86,0.0,0.0,0.0,0.0,744086.0
1684319,IT,HR,SUPPO,WEARI,0.05,7440.851,3,3,7440.851,0.0,0.0,0.0,0.0,148817.02
1660025,IT,DE,INLAN,PAPE1,0.01,7440.566,3,3,7440.566,0.0,0.0,0.0,0.0,744056.6
1801156,IT,WE,FABRI,IRONO,0.03,7440.356,3,3,7440.356,0.0,0.0,0.0,0.0,248011.866667
1640461,IT,AT,DAIRY,MEATA,0.03,7440.327,3,3,7440.327,0.0,0.0,0.0,0.0,248010.9
1738633,IT,GB,MACHI,CEREA,0.04,7440.313,3,3,7440.313,0.0,0.0,0.0,0.0,186007.825
1740683,IT,US,SANDC,RESEA,0.02,7440.248,4,4,7438.248,0.0,0.0,2.0,0.0,372012.4
1723903,IT,PT,FURNI,MEDIC,0.02,7440.126,3,3,7440.126,0.0,0.0,0.0,0.0,372006.3
1785729,IT,ZA,PETRO,REALE,0.01,7440.085,3,3,7440.085,0.0,0.0,0.0,0.0,744008.5
1808434,IT,WF,FOOD4,NICKE,0.05,7440.029,3,3,7440.029,0.0,0.0,0.0,0.0,148800.58
1709446,IT,LT,TEXTI,NONSP,0.04,7439.946,3,3,7439.946,0.0,0.0,0.0,0.0,185998.65
1644854,IT,BE,WEARI,CEMEN,0.06,7438.682,3,3,7438.682,0.0,0.0,0.0,0.0,123978.033333
1752167,IT,CN,PUBLI,FISHF,0.12,7438.635,3,3,7438.635,0.0,0.0,0.0,0.0,61988.625
1662901,IT,DK,RETA1,PIGS9,0.08,7438.621,3,3,7438.621,0.0,0.0,0.0,0.0,92982.7625
1679626,IT,GR,GLASS,SUGA1,0.02,7438.574,3,3,7438.574,0.0,0.0,0.0,0.0,371928.7
1753643,IT,CA,OFFIC,SALEM,0.02,7438.515,3,3,7438.515,0.0,0.0,0.0,0.0,371925.75
1786201,IT,ZA,ALUM1,PLAST,0.01,7438.144,3,3,7438.144,0.0,0.0,0.0,0.0,743814.4
1739832,IT,GB,FINAN,TEXTI,0.1,7438.098,3,3,7438.098,0.0,0.0,0.0,0.0,74380.98
1803586,IT,WF,SUGA1,VEGET,0.02,7437.746,3,3,7437.746,0.0,0.0,0.0,0.0,371887.3
1741539,IT,US,KERO1,RESEA,0.01,7437.476,3,3,7437.476,0.0,0.0,0.0,0.0,743747.6
1656697,IT,DE,MOTOR,CEREA,0.01,7436.796,3,3,7436.796,0.0,0.0,0.0,0.0,743679.6
1641076,IT,AT,PAPER,MOTOR,0.03,7436.715,3,3,7436.715,0.0,0.0,0.0,0.0,247890.5
1664327,IT,EE,FABRI,WEARI,0.03,7436.639,3,3,7436.639,0.0,0.0,0.0,0.0,247887.966667
1765701,IT,RU,PAPER,ELEC6,0.03,7436.563,3,3,7436.563,0.0,0.0,0.0,0.0,247885.433333
1687145,IT,HU,FURNI,WOODW,0.02,7436.258,3,3,7436.258,0.0,0.0,0.0,0.0,371812.9
1666952,IT,ES,CERAM,TRANS,0.01,7436.229,3,3,7436.229,0.0,0.0,0.0,0.0,743622.9
1805306,IT,WF,ADDIT,EDUCA,0.02,7435.978,3,3,7435.978,0.0,0.0,0.0,0.0,371798.9
1739300,IT,GB,HOTEL,TRAN1,0.05,7435.431,3,3,7435.431,0.0,0.0,0.0,0.0,148708.62
1780447,IT,TW,SUPPO,SUPPO,0.05,7435.315,3,3,7435.315,0.0,0.0,0.0,0.0,148706.3
1749780,IT,CN,ADDIT,RADIO,0.02,7435.104,3,3,7435.104,0.0,0.0,0.0,0.0,371755.2
1810217,IT,WM,LEATH,MEATC,0.05,7435.084,3,3,7435.084,0.0,0.0,0.0,0.0,148701.68
1730727,IT,SE,RESEA,POSTT,0.04,7435.038,3,3,7435.038,0.0,0.0,0.0,0.0,185875.95
1731760,IT,SI,PAPER,ANIMA,0.03,7434.904,3,3,7434.904,0.0,0.0,0.0,0.0,247830.133333
1802314,IT,WE,TRAN2,SALEM,0.01,7434.875,3,3,7434.875,0.0,0.0,0.0,0.0,743487.5
1776716,IT,TR,HEAVY,MEMBE,0.01,7434.782,3,3,7434.782,0.0,0.0,0.0,0.0,743478.2
1709997,IT,LT,ALUM1,BIODI,0.01,7434.459,3,3,7434.459,0.0,0.0,0.0,0.0,743445.9
1768972,IT,AU,PAPER,ELEC1,0.03,7434.249,3,3,7434.249,0.0,0.0,0.0,0.0,247808.3
1672397,IT,FI,BUSIN,ELEC1,0.08,7434.042,3,3,7434.042,0.0,0.0,0.0,0.0,92925.525
1786449,IT,ZA,MOTO1,ANTHR,0.04,7433.899,3,3,7433.899,0.0,0.0,0.0,0.0,185847.475
1713116,IT,MT,FOOD5,COMPU,0.04,7433.877,3,3,7433.877,0.0,0.0,0.0,0.0,185846.925
1686239,IT,HU,CERAM,LEATH,0.01,7433.768,3,3,7433.768,0.0,0.0,0.0,0.0,743376.8
1781399,IT,NO,FOOD5,CROPS,0.04,7433.66,3,3,7433.66,0.0,0.0,0.0,0.0,185841.5
1810218,IT,WM,LEATH,MEATP,0.05,7433.583,3,3,7433.583,0.0,0.0,0.0,0.0,148671.66
1728658,IT,SE,PRINT,ELEC3,0.07,7433.526,3,3,7433.526,0.0,0.0,0.0,0.0,106193.228571
1733935,IT,SI,SUPPO,WOODW,0.05,7433.398,3,3,7433.398,0.0,0.0,0.0,0.0,148667.96
1752269,IT,CA,FISHF,HOTEL,0.01,7433.168,3,3,7433.168,0.0,0.0,0.0,0.0,743316.8
1649170,IT,BG,PRINT,RUBBE,0.07,7433.103,3,3,7433.103,0.0,0.0,0.0,0.0,106187.185714
1799242,IT,WE,LEATH,PRINT,0.05,7432.898,3,3,7432.898,0.0,0.0,0.0,0.0,148657.96
1714743,IT,NL,DAIRY,FABRI,0.03,7432.855,3,3,7432.855,0.0,0.0,0.0,0.0,247761.833333
1681899,IT,HR,DAIRY,RADIO,0.03,7432.818,3,3,7432.818,0.0,0.0,0.0,0.0,247760.6
1661067,IT,DE,PUBLI,MOTO1,0.12,7432.735,3,3,7432.735,0.0,0.0,0.0,0.0,61939.458333
1773129,IT,CH,COPP1,ELEC3,0.02,7432.36,3,3,7432.36,0.0,0.0,0.0,0.0,371618.0
1758644,IT,BR,TRANS,HEALT,0.04,7432.228,3,3,7432.228,0.0,0.0,0.0,0.0,185805.7
1673877,IT,FR,PRINT,PAPE4,0.07,7431.931,3,3,7431.931,0.0,0.0,0.0,0.0,106170.442857
1761258,IT,IN,RUBBE,PETRO,0.02,7431.618,3,3,7431.618,0.0,0.0,0.0,0.0,371580.9
1746514,IT,JP,CEMEN,SANDC,0.01,7431.606,3,3,7431.606,0.0,0.0,0.0,0.0,743160.6
1677166,IT,FR,POSTT,BIOGA,0.12,7431.514,3,3,7431.514,0.0,0.0,0.0,0.0,61929.283333
1644496,IT,BE,DAIRY,SUGA1,0.03,7431.451,3,3,7431.451,0.0,0.0,0.0,0.0,247715.033333
1686768,IT,HU,FABRI,OILSE,0.03,7431.395,3,3,7431.395,0.0,0.0,0.0,0.0,247713.166667
1765668,IT,RU,PAPER,TEXTI,0.03,7431.32,3,3,7431.32,0.0,0.0,0.0,0.0,247710.666667
1812122,IT,WM,BRICK,FOUND,0.01,7430.963,3,3,7430.963,0.0,0.0,0.0,0.0,743096.3
1667940,IT,ES,MOTO1,PAPE2,0.04,7430.374,3,3,7430.374,0.0,0.0,0.0,0.0,185759.35
1790909,IT,WA,OFFIC,GLASS,0.02,7430.23,3,3,7430.23,0.0,0.0,0.0,0.0,371511.5
1727088,IT,RO,LANDT,MEATA,0.05,7429.997,3,3,7429.997,0.0,0.0,0.0,0.0,148599.94
1775812,IT,TR,CHEMI,CERAM,0.02,7429.87,3,3,7429.87,0.0,0.0,0.0,0.0,371493.5
1760145,IT,BR,FOOD3,POSTT,0.02,7429.514,3,3,7429.514,0.0,0.0,0.0,0.0,371475.7
1652308,IT,CZ,BEVER,TRANS,0.03,7429.451,3,3,7429.451,0.0,0.0,0.0,0.0,247648.366667
1739836,IT,GB,FINAN,PULP5,0.1,7429.247,3,3,7429.247,0.0,0.0,0.0,0.0,74292.47
1792678,IT,WA,RESEA,HOTEL,0.04,7429.146,3,3,7429.146,0.0,0.0,0.0,0.0,185728.65
1660654,IT,DE,REALE,RENTI,0.31,7428.952,3,3,7428.952,0.0,0.0,0.0,0.0,23964.36129
1710248,IT,LT,MOTO1,FORES,0.04,7428.852,3,3,7428.852,0.0,0.0,0.0,0.0,185721.3
1734232,IT,SI,RENTI,RENTI,0.04,7428.618,3,3,7428.618,0.0,0.0,0.0,0.0,185715.45
1769179,IT,AU,CHEM1,ELEC6,0.02,7428.491,3,3,7428.491,0.0,0.0,0.0,0.0,371424.55
1644508,IT,BE,DAIRY,CHEM1,0.03,7428.427,3,3,7428.427,0.0,0.0,0.0,0.0,247614.233333
1740680,IT,US,SANDC,CEMEN,0.02,7427.999,4,4,7425.999,0.0,0.0,2.0,0.0,371399.95
1677393,IT,FR,INSUR,CHEM1,0.15,7427.645,3,3,7427.645,0.0,0.0,0.0,0.0,49517.633333
1666902,IT,ES,GLASS,COLLE,0.02,7427.629,3,3,7427.629,0.0,0.0,0.0,0.0,371381.45
1640579,IT,AT,FOOD5,SUPPO,0.04,7427.435,3,3,7427.435,0.0,0.0,0.0,0.0,185685.875
1736244,IT,SK,RETA1,RENTI,0.08,7426.809,3,3,7426.809,0.0,0.0,0.0,0.0,92835.1125
1667006,IT,ES,CEMEN,ELEC2,0.01,7426.58,3,3,7426.58,0.0,0.0,0.0,0.0,742658.0
1757649,IT,BR,HEAVY,FISH5,0.01,7426.072,3,3,7426.072,0.0,0.0,0.0,0.0,742607.2
1685413,IT,HU,WOODW,WHEAT,0.02,7425.784,3,3,7425.784,0.0,0.0,0.0,0.0,371289.2
1653357,IT,CZ,GLASS,DISTR,0.02,7425.615,3,3,7425.615,0.0,0.0,0.0,0.0,371280.75
1745249,IT,JP,CHEMI,RAWMI,0.02,7425.411,3,3,7425.411,0.0,0.0,0.0,0.0,371270.55
1741565,IT,US,GASDI,WEARI,0.01,7425.209,3,3,7425.209,0.0,0.0,0.0,0.0,742520.9
1724226,IT,PT,RAILW,BASIC,0.05,7424.611,3,3,7424.611,0.0,0.0,0.0,0.0,148492.22
1772194,IT,CH,GASDI,ELEC4,0.01,7424.565,3,3,7424.565,0.0,0.0,0.0,0.0,742456.5
1747347,IT,JP,RETA1,PFERT,0.08,7424.245,3,3,7424.245,0.0,0.0,0.0,0.0,92803.0625
1768843,IT,AU,LEATH,DISTR,0.05,7423.964,3,3,7423.964,0.0,0.0,0.0,0.0,148479.28
1795240,IT,WL,CERAM,DAIRY,0.01,7423.67,3,3,7423.67,0.0,0.0,0.0,0.0,742367.0
1677222,IT,FR,POSTT,INTER,0.12,7423.585,3,3,7423.585,0.0,0.0,0.0,0.0,61863.208333
1643362,IT,AT,RAILW,LANDT,0.05,7423.111,3,3,7423.111,0.0,0.0,0.0,0.0,148462.22
1658187,IT,DE,ALUM1,INTER,0.01,7422.784,3,3,7422.784,0.0,0.0,0.0,0.0,742278.4
1791869,IT,WA,LANDT,AUXIL,0.05,7422.376,3,3,7422.376,0.0,0.0,0.0,0.0,148447.52
1657584,IT,DE,GLASS,SECO9,0.02,7421.408,3,3,7421.408,0.0,0.0,0.0,0.0,371070.4
1787797,IT,WA,PROCE,PIGS9,0.05,7421.224,3,3,7421.224,0.0,0.0,0.0,0.0,148424.48
1714502,IT,NL,CRUDE,DAIRY,0.01,7421.07,3,3,7421.07,0.0,0.0,0.0,0.0,742107.0
1798403,IT,WE,NATUR,CROPS,0.01,7420.86,3,3,7420.86,0.0,0.0,0.0,0.0,742086.0
1679779,IT,GR,PREC1,BASIC,0.01,7420.78,3,3,7420.78,0.0,0.0,0.0,0.0,742078.0
1726197,IT,RO,CERAM,INLAN,0.01,7420.609,3,3,7420.609,0.0,0.0,0.0,0.0,742060.9
1662288,IT,DK,NONME,SUGA1,0.01,7420.443,3,3,7420.443,0.0,0.0,0.0,0.0,742044.3
1689057,IT,IE,TRANS,OFFIC,0.04,7419.533,3,3,7419.533,0.0,0.0,0.0,0.0,185488.325
1682930,IT,HR,PARAF,MEATP,0.01,7419.367,3,3,7419.367,0.0,0.0,0.0,0.0,741936.7
1642193,IT,AT,CEMEN,CHEMI,0.01,7419.267,3,3,7419.267,0.0,0.0,0.0,0.0,741926.7
1813169,IT,WM,MOTO1,ELEC1,0.04,7418.933,3,3,7418.933,0.0,0.0,0.0,0.0,185473.325
1685995,IT,HU,BIODI,KEROS,0.02,7418.814,3,3,7418.814,0.0,0.0,0.0,0.0,370940.7
1745410,IT,JP,DAIRY,MEAT1,0.03,7418.652,3,3,7418.652,0.0,0.0,0.0,0.0,247288.4
1712651,IT,LV,TRANS,CONST,0.04,7418.478,3,3,7418.478,0.0,0.0,0.0,0.0,185461.95
1791078,IT,WA,TRANS,NAPHT,0.04,7418.189,3,3,7418.189,0.0,0.0,0.0,0.0,185454.725
1735120,IT,SK,CHEM1,FOODW,0.02,7417.324,3,3,7417.324,0.0,0.0,0.0,0.0,370866.2
1729748,IT,SE,MACHI,LIQUI,0.04,7417.276,3,3,7417.276,0.0,0.0,0.0,0.0,185431.9
1786184,IT,ZA,PREC1,MEDIC,0.01,7417.132,3,3,7417.132,0.0,0.0,0.0,0.0,741713.2
1668771,IT,ES,LANDT,RETAI,0.05,7416.927,3,3,7416.927,0.0,0.0,0.0,0.0,148338.54
1741426,IT,US,MOTOR,WEARI,0.01,7416.774,3,3,7416.774,0.0,0.0,0.0,0.0,741677.4
1722957,IT,PT,HEAVY,NAPHT,0.01,7416.361,3,3,7416.361,0.0,0.0,0.0,0.0,741636.1
1665024,IT,ES,CHEMI,LANDT,0.02,7416.076,3,3,7416.076,0.0,0.0,0.0,0.0,370803.8
1715013,IT,NL,TOBAC,INERT,0.03,7415.518,3,3,7415.518,0.0,0.0,0.0,0.0,247183.933333
1772378,IT,CH,CHEM1,FISH5,0.02,7415.515,3,3,7415.515,0.0,0.0,0.0,0.0,370775.75
1658056,IT,DE,PREC1,ELE12,0.01,7414.868,3,3,7414.868,0.0,0.0,0.0,0.0,741486.8
1715122,IT,NL,LEATH,MEATA,0.05,7414.679,3,3,7414.679,0.0,0.0,0.0,0.0,148293.58
1732778,IT,SI,NONME,SECO9,0.01,7414.673,3,3,7414.673,0.0,0.0,0.0,0.0,741467.3
1722286,IT,PL,93197,BUSIN,0.05,7414.57,3,3,7414.57,0.0,0.0,0.0,0.0,148291.4
1667198,IT,ES,PREC1,FOOD5,0.01,7414.556,3,3,7414.556,0.0,0.0,0.0,0.0,741455.6
1782599,IT,NO,FURNI,FABRI,0.02,7414.304,3,3,7414.304,0.0,0.0,0.0,0.0,370715.2
1802242,IT,WE,RAILW,HEALT,0.05,7414.285,3,3,7414.285,0.0,0.0,0.0,0.0,148285.7
1763426,IT,MX,NAPHT,LEATH,0.01,7414.162,3,3,7414.162,0.0,0.0,0.0,0.0,741416.2
1664934,IT,ES,STONE,CHEM1,0.02,7413.998,3,3,7413.998,0.0,0.0,0.0,0.0,370699.9
1659842,IT,DE,LANDT,ELEC2,0.05,7413.904,3,3,7413.904,0.0,0.0,0.0,0.0,148278.08
1746438,IT,JP,GLASS,LEATH,0.02,7413.854,3,3,7413.854,0.0,0.0,0.0,0.0,370692.7
1673134,IT,FR,BEVER,SANDC,0.03,7413.068,3,3,7413.068,0.0,0.0,0.0,0.0,247102.266667
1684558,IT,HR,BUSIN,DISTR,0.08,7412.896,3,3,7412.896,0.0,0.0,0.0,0.0,92661.2
1766701,IT,RU,FABRI,INTER,0.03,7412.649,3,3,7412.649,0.0,0.0,0.0,0.0,247088.3
1801962,IT,WE,SALEM,93197,0.06,7412.549,3,3,7412.549,0.0,0.0,0.0,0.0,123542.483333
1716270,IT,NL,FABRI,VEGET,0.03,7412.477,3,3,7412.477,0.0,0.0,0.0,0.0,247082.566667
1796506,IT,WL,RETA1,BIODI,0.08,7411.72,3,3,7411.72,0.0,0.0,0.0,0.0,92646.5
1798075,IT,WL,RECRE,HOTEL,0.09,7411.265,3,3,7411.265,0.0,0.0,0.0,0.0,82347.388889
1715049,IT,NL,TEXTI,RETA1,0.04,7411.264,3,3,7411.264,0.0,0.0,0.0,0.0,185281.6
1682974,IT,HR,PLAST,HEALT,0.02,7411.185,3,3,7411.185,0.0,0.0,0.0,0.0,370559.25
1735376,IT,SK,NONME,RADIO,0.01,7411.167,3,3,7411.167,0.0,0.0,0.0,0.0,741116.7
1689330,IT,IE,RETA1,PULP5,0.08,7410.795,3,3,7410.795,0.0,0.0,0.0,0.0,92634.9375
1753109,IT,CA,RUBBE,NONSP,0.02,7410.569,3,3,7410.569,0.0,0.0,0.0,0.0,370528.45
1779870,IT,TR,PUBLI,HOTEL,0.12,7410.331,3,3,7410.331,0.0,0.0,0.0,0.0,61752.758333
1760661,IT,IN,PAPER,MEAT1,0.03,7410.23,3,3,7410.23,0.0,0.0,0.0,0.0,247007.666667
1724392,IT,PT,INLAN,FABRI,0.01,7409.884,3,3,7409.884,0.0,0.0,0.0,0.0,740988.4
1787224,IT,WA,VEGET,STONE,0.03,7408.724,3,3,7408.724,0.0,0.0,0.0,0.0,246957.466667
1728013,IT,SE,SANDC,TRAN2,0.02,7408.241,4,4,7406.241,0.0,0.0,2.0,0.0,370412.05
1752497,IT,CA,FOOD5,CHEMI,0.04,7408.229,3,3,7408.229,0.0,0.0,0.0,0.0,185205.725
1747181,IT,JP,CONST,TRAN1,0.04,7408.034,3,3,7408.034,0.0,0.0,0.0,0.0,185200.85
1661323,IT,DK,CHEMI,MACHI,0.02,7407.856,3,3,7407.856,0.0,0.0,0.0,0.0,370392.8
1664195,IT,EE,GLASS,SUPPO,0.02,7407.703,3,3,7407.703,0.0,0.0,0.0,0.0,370385.15
1716595,IT,NL,SALEM,FOUND,0.06,7407.508,3,3,7407.508,0.0,0.0,0.0,0.0,123458.466667
1711160,IT,LU,FABRI,RETAI,0.03,7406.927,3,3,7406.927,0.0,0.0,0.0,0.0,246897.566667
1802927,IT,WF,PADDY,CHARC,0.08,7406.657,3,3,7406.657,0.0,0.0,0.0,0.0,92583.2125
1653994,IT,CZ,MACHI,BIOGA,0.04,7406.386,3,3,7406.386,0.0,0.0,0.0,0.0,185159.65
1678300,IT,FR,FOOD3,HOTEL,0.02,7406.335,3,3,7406.335,0.0,0.0,0.0,0.0,370316.75
1713980,IT,MT,WHOLE,CERAM,0.06,7406.14,3,3,7406.14,0.0,0.0,0.0,0.0,123435.666667
1729526,IT,SE,LEAD1,REALE,0.01,7405.987,3,3,7405.987,0.0,0.0,0.0,0.0,740598.7
1796287,IT,WL,CONST,RAILW,0.04,7405.583,3,3,7405.583,0.0,0.0,0.0,0.0,185139.575
1658276,IT,DE,COPP1,BRICK,0.02,7404.624,3,3,7404.624,0.0,0.0,0.0,0.0,370231.2
1728861,IT,SE,PLAST,MEMBE,0.02,7404.44,3,3,7404.44,0.0,0.0,0.0,0.0,370222.0
1748540,IT,CN,MEAT1,HOTEL,0.03,7404.434,3,3,7404.434,0.0,0.0,0.0,0.0,246814.466667
1728848,IT,SE,PLAST,STEAM,0.02,7404.16,3,3,7404.16,0.0,0.0,0.0,0.0,370208.0
1662236,IT,DK,GLASS,RETA1,0.02,7403.398,3,3,7403.398,0.0,0.0,0.0,0.0,370169.9
1788928,IT,WA,HEAVY,MEAT1,0.01,7403.378,3,3,7403.378,0.0,0.0,0.0,0.0,740337.8
1783084,IT,NO,INSUR,WHOLE,0.15,7403.366,3,3,7403.366,0.0,0.0,0.0,0.0,49355.773333
1763736,IT,MX,GLASS,DAIRY,0.02,7403.197,3,3,7403.197,0.0,0.0,0.0,0.0,370159.85
1803350,IT,WF,SANDC,RUBBE,0.02,7402.998,4,4,7400.998,0.0,0.0,2.0,0.0,370149.9
1767310,IT,RU,HOTEL,SEACO,0.05,7402.89,3,3,7402.89,0.0,0.0,0.0,0.0,148057.8
1728516,IT,SE,WOODW,LANDT,0.02,7402.758,3,3,7402.758,0.0,0.0,0.0,0.0,370137.9
1809735,IT,WM,SUGA1,93197,0.02,7402.646,3,3,7402.646,0.0,0.0,0.0,0.0,370132.3
1802054,IT,WE,WHOLE,COMPU,0.06,7402.078,3,3,7402.078,0.0,0.0,0.0,0.0,123367.966667
1726713,IT,RO,FURNI,RUBBE,0.02,7402.061,3,3,7402.061,0.0,0.0,0.0,0.0,370103.05
1648566,IT,BG,LEADZ,NAPHT,0.01,7401.623,3,3,7401.623,0.0,0.0,0.0,0.0,740162.3
1757850,IT,BR,CHEM1,MEAT4,0.02,7401.542,3,3,7401.542,0.0,0.0,0.0,0.0,370077.1
1774831,IT,CH,POSTT,AUXIL,0.12,7401.236,3,3,7401.236,0.0,0.0,0.0,0.0,61676.966667
1753557,IT,CA,MACHI,ADDIT,0.04,7401.2,3,3,7401.2,0.0,0.0,0.0,0.0,185030.0
1685768,IT,HU,PLAST,LIQUE,0.02,7401.041,3,3,7401.041,0.0,0.0,0.0,0.0,370052.05
1709326,IT,LT,VEGE1,MEATC,0.02,7400.667,4,4,7400.665,0.0,0.0,0.0,0.002,370033.35
1767682,IT,RU,POSTT,EDUCA,0.12,7400.513,3,3,7400.513,0.0,0.0,0.0,0.0,61670.941667
1809816,IT,WM,FOOD5,ELEC4,0.04,7400.468,3,3,7400.468,0.0,0.0,0.0,0.0,185011.7
1665487,IT,ES,WEARI,COPP1,0.06,7400.432,3,3,7400.432,0.0,0.0,0.0,0.0,123340.533333
1787400,IT,WA,FISHF,TEXTI,0.01,7400.34,3,3,7400.34,0.0,0.0,0.0,0.0,740034.0
1762563,IT,IN,AUXIL,WEARI,0.14,7400.277,3,3,7400.277,0.0,0.0,0.0,0.0,52859.121429
1722045,IT,PL,BUSIN,CEREA,0.08,7399.867,3,3,7399.867,0.0,0.0,0.0,0.0,92498.3375
1747245,IT,JP,SALEM,PUBLI,0.06,7399.811,3,3,7399.811,0.0,0.0,0.0,0.0,123330.183333
1668619,IT,ES,RAILW,KERO1,0.05,7399.793,3,3,7399.793,0.0,0.0,0.0,0.0,147995.86
1651308,IT,CY,TEXTI,HEALT,0.04,7399.758,3,3,7399.758,0.0,0.0,0.0,0.0,184993.95
1769862,IT,AU,OFFIC,LANDT,0.02,7399.525,3,3,7399.525,0.0,0.0,0.0,0.0,369976.25
1671174,IT,FI,CERAM,RENTI,0.01,7399.464,3,3,7399.464,0.0,0.0,0.0,0.0,739946.4
1678150,IT,FR,PLAS1,RENTI,0.03,7399.244,3,3,7399.244,0.0,0.0,0.0,0.0,246641.466667
1652477,IT,CZ,WEARI,WOODW,0.06,7399.086,3,3,7399.086,0.0,0.0,0.0,0.0,123318.1
1771273,IT,CH,VEGE1,PLAS2,0.02,7399.032,4,4,7399.03,0.0,0.0,0.0,0.002,369951.6
1729449,IT,SE,PREC1,CEMEN,0.01,7399.018,3,3,7399.018,0.0,0.0,0.0,0.0,739901.8
1744612,IT,US,RENTI,DIST1,0.04,7398.982,3,3,7398.982,0.0,0.0,0.0,0.0,184974.55
1718611,IT,PL,LEATH,CEMEN,0.05,7398.971,3,3,7398.971,0.0,0.0,0.0,0.0,147979.42
1798514,IT,WE,STONE,FOOD5,0.02,7398.77,3,3,7398.77,0.0,0.0,0.0,0.0,369938.5
1805796,IT,WF,PREC1,GASDI,0.01,7398.528,3,3,7398.528,0.0,0.0,0.0,0.0,739852.8
1811285,IT,WM,BITU1,REFIN,0.01,7398.517,3,3,7398.517,0.0,0.0,0.0,0.0,739851.7
1685372,IT,HU,LEATH,GLASS,0.05,7398.389,3,3,7398.389,0.0,0.0,0.0,0.0,147967.78
1719571,IT,PL,GLASS,SEWAG,0.02,7398.318,3,3,7398.318,0.0,0.0,0.0,0.0,369915.9
1659172,IT,DE,CONST,RUBBE,0.04,7398.053,3,3,7398.053,0.0,0.0,0.0,0.0,184951.325
1745710,IT,JP,WEARI,MEATP,0.06,7397.98,3,3,7397.98,0.0,0.0,0.0,0.0,123299.666667
1737902,IT,GB,CHEM1,SANDC,0.02,7396.881,3,3,7396.881,0.0,0.0,0.0,0.0,369844.05
1685745,IT,HU,PLAST,NATU1,0.02,7396.603,3,3,7396.603,0.0,0.0,0.0,0.0,369830.15
1759640,IT,BR,RESEA,GLASS,0.04,7396.437,3,3,7396.437,0.0,0.0,0.0,0.0,184910.925
1668017,IT,ES,FURNI,LEATH,0.02,7396.019,3,3,7396.019,0.0,0.0,0.0,0.0,369800.95
1800481,IT,WE,RUBBE,CHEMI,0.02,7395.99,3,3,7395.99,0.0,0.0,0.0,0.0,369799.5
1661144,IT,DE,RECRE,FINAN,0.09,7395.951,3,3,7395.951,0.0,0.0,0.0,0.0,82177.233333
1811352,IT,WM,PARAF,CONST,0.01,7395.883,3,3,7395.883,0.0,0.0,0.0,0.0,739588.3
1660672,IT,DE,REALE,MEMBE,0.31,7395.834,3,3,7395.834,0.0,0.0,0.0,0.0,23857.529032
1760269,IT,IN,CROPS,ANIMA,0.06,7395.664,3,3,7395.664,0.0,0.0,0.0,0.0,123261.066667
1716238,IT,NL,COPP1,CHEMI,0.02,7395.295,3,3,7395.295,0.0,0.0,0.0,0.0,369764.75
1728767,IT,SE,GASDI,INTER,0.01,7395.189,3,3,7395.189,0.0,0.0,0.0,0.0,739518.9
1653420,IT,CZ,CEMEN,FABRI,0.01,7394.85,3,3,7394.85,0.0,0.0,0.0,0.0,739485.0
1730018,IT,SE,WHOLE,PRECI,0.06,7394.564,3,3,7394.564,0.0,0.0,0.0,0.0,123242.733333
1661919,IT,DK,PRINT,HOTEL,0.07,7394.505,3,3,7394.505,0.0,0.0,0.0,0.0,105635.785714
1657730,IT,DE,CEMEN,ELEC1,0.01,7394.257,3,3,7394.257,0.0,0.0,0.0,0.0,739425.7
1651591,IT,CY,GLASS,OFFIC,0.02,7394.03,3,3,7394.03,0.0,0.0,0.0,0.0,369701.5
1755194,IT,KR,WOODW,FOOD5,0.02,7393.767,3,3,7393.767,0.0,0.0,0.0,0.0,369688.35
1763136,IT,MX,LEATH,PRECI,0.05,7393.682,3,3,7393.682,0.0,0.0,0.0,0.0,147873.64
1713421,IT,MT,PLAST,FISH5,0.02,7393.599,3,3,7393.599,0.0,0.0,0.0,0.0,369679.95
1727974,IT,SE,FORES,PAPER,0.06,7393.541,4,4,7390.541,0.0,3.0,0.0,0.0,123225.683333
1800442,IT,WE,BIODI,VEGET,0.02,7392.802,3,3,7392.802,0.0,0.0,0.0,0.0,369640.1
1679340,IT,GR,PETRO,NONME,0.01,7392.375,3,3,7392.375,0.0,0.0,0.0,0.0,739237.5
1658240,IT,DE,COPP1,PIGS9,0.02,7392.176,3,3,7392.176,0.0,0.0,0.0,0.0,369608.8
1754635,IT,KR,STONE,BEVER,0.02,7391.829,3,3,7391.829,0.0,0.0,0.0,0.0,369591.45
1767198,IT,RU,RETA1,PREC1,0.08,7391.752,3,3,7391.752,0.0,0.0,0.0,0.0,92396.9
1758563,IT,BR,OFFIC,SALEM,0.02,7391.676,3,3,7391.676,0.0,0.0,0.0,0.0,369583.8
1640768,IT,AT,TEXTI,LANDT,0.04,7391.398,3,3,7391.398,0.0,0.0,0.0,0.0,184784.95
1731164,IT,SI,SANDC,BRICK,0.02,7391.333,4,4,7389.333,0.0,0.0,2.0,0.0,369566.65
1782665,IT,NO,WHOLE,WHEAT,0.06,7391.225,3,3,7391.225,0.0,0.0,0.0,0.0,123187.083333
1652952,IT,CZ,HEAVY,ELEC6,0.01,7391.048,3,3,7391.048,0.0,0.0,0.0,0.0,739104.8
1680640,IT,GR,RETAI,HOTEL,0.06,7390.744,3,3,7390.744,0.0,0.0,0.0,0.0,123179.066667
1772340,IT,CH,PLAST,HOTEL,0.02,7390.737,3,3,7390.737,0.0,0.0,0.0,0.0,369536.85
1783888,IT,NO,WOOD2,HEALT,0.04,7390.578,3,3,7390.578,0.0,0.0,0.0,0.0,184764.45
1648930,IT,BG,WEARI,CEMEN,0.06,7390.282,3,3,7390.282,0.0,0.0,0.0,0.0,123171.366667
1711909,IT,LU,FOOD2,HOTEL,0.04,7389.179,3,3,7389.179,0.0,0.0,0.0,0.0,184729.475
1673923,IT,FR,MOTOR,HOTEL,0.01,7389.04,3,3,7389.04,0.0,0.0,0.0,0.0,738904.0
1814663,IT,WM,PLAS1,NATU1,0.03,7389.008,3,3,7389.008,0.0,0.0,0.0,0.0,246300.266667
1759942,IT,BR,PLAS1,MACHI,0.03,7388.897,3,3,7388.897,0.0,0.0,0.0,0.0,246296.566667
1798099,IT,WL,93197,POSTT,0.05,7388.728,3,3,7388.728,0.0,0.0,0.0,0.0,147774.56
1677365,IT,FR,INSUR,MEATC,0.15,7388.692,3,3,7388.692,0.0,0.0,0.0,0.0,49257.946667
1646159,IT,BE,PREC1,INERT,0.01,7388.654,3,3,7388.654,0.0,0.0,0.0,0.0,738865.4
1715368,IT,NL,PRINT,ELEC2,0.07,7388.361,3,3,7388.361,0.0,0.0,0.0,0.0,105548.014286
1803807,IT,WF,TEXTI,KEROS,0.04,7388.03,3,3,7388.03,0.0,0.0,0.0,0.0,184700.75
1800372,IT,WE,CHEM1,LEAD1,0.02,7387.736,3,3,7387.736,0.0,0.0,0.0,0.0,369386.8
1763718,IT,MX,RUBBE,RESEA,0.02,7387.543,3,3,7387.543,0.0,0.0,0.0,0.0,369377.15
1715623,IT,NL,NAPHT,COALT,0.01,7387.385,3,3,7387.385,0.0,0.0,0.0,0.0,738738.5
1795521,IT,WL,ALUM1,CERAM,0.01,7387.377,3,3,7387.377,0.0,0.0,0.0,0.0,738737.7
1773279,IT,CH,MACHI,WHEAT,0.04,7386.729,3,3,7386.729,0.0,0.0,0.0,0.0,184668.225
1719019,IT,PL,GASDI,WOODW,0.01,7386.717,3,3,7386.717,0.0,0.0,0.0,0.0,738671.7
1737433,IT,GB,WEARI,COMPU,0.06,7386.444,3,3,7386.444,0.0,0.0,0.0,0.0,123107.4
1648909,IT,BG,WEARI,WHEAT,0.06,7386.172,3,3,7386.172,0.0,0.0,0.0,0.0,123102.866667
1643963,IT,AT,COMPU,FURNI,0.08,7386.089,3,3,7386.089,0.0,0.0,0.0,0.0,92326.1125
1753284,IT,CA,NONME,MACHI,0.01,7386.019,3,3,7386.019,0.0,0.0,0.0,0.0,738601.9
1804005,IT,WF,LEATH,PRIVA,0.05,7385.986,3,3,7385.986,0.0,0.0,0.0,0.0,147719.72
1741624,IT,US,HEAVY,URANI,0.01,7385.825,3,3,7385.825,0.0,0.0,0.0,0.0,738582.5
1733628,IT,SI,HOTEL,FOUND,0.05,7385.189,3,3,7385.189,0.0,0.0,0.0,0.0,147703.78
1765379,IT,RU,BEVER,LANDT,0.03,7384.279,3,3,7384.279,0.0,0.0,0.0,0.0,246142.633333
1805633,IT,WF,NONME,PRINT,0.01,7384.236,3,3,7384.236,0.0,0.0,0.0,0.0,738423.6
1793479,IT,WL,CHEMI,BITUM,0.02,7383.799,3,3,7383.799,0.0,0.0,0.0,0.0,369189.95
1811014,IT,WM,GASDI,FOOD3,0.01,7383.383,3,3,7383.383,0.0,0.0,0.0,0.0,738338.3
1768738,IT,AU,WEARI,RUBBE,0.06,7383.326,3,3,7383.326,0.0,0.0,0.0,0.0,123055.433333
1744385,IT,US,INSUR,RETA1,0.15,7383.313,3,3,7383.313,0.0,0.0,0.0,0.0,49222.086667
1720816,IT,PL,FURNI,CHEM1,0.02,7383.235,3,3,7383.235,0.0,0.0,0.0,0.0,369161.75
1796710,IT,WL,RAILW,AUXIL,0.05,7383.068,3,3,7383.068,0.0,0.0,0.0,0.0,147661.36
1645228,IT,BE,COALT,HEAVY,0.01,7382.441,3,3,7382.441,0.0,0.0,0.0,0.0,738244.1
1662806,IT,DK,FURNI,LANDT,0.02,7380.967,3,3,7380.967,0.0,0.0,0.0,0.0,369048.35
1685465,IT,HU,WOODW,POSTT,0.02,7380.601,3,3,7380.601,0.0,0.0,0.0,0.0,369030.05
1803401,IT,WF,CHEMI,RESEA,0.02,7380.561,3,3,7380.561,0.0,0.0,0.0,0.0,369028.05
1781199,IT,NO,VEGET,NONME,0.03,7380.531,3,3,7380.531,0.0,0.0,0.0,0.0,246017.7
1672702,IT,FR,SANDC,BRICK,0.02,7380.436,4,4,7378.436,0.0,0.0,2.0,0.0,369021.8
1651945,IT,CY,BUSIN,MACHI,0.08,7379.612,3,3,7379.612,0.0,0.0,0.0,0.0,92245.15
1712188,IT,LV,WOODW,RETAI,0.02,7377.96,3,3,7377.96,0.0,0.0,0.0,0.0,368898.0
1650630,IT,BG,CONST,REALE,0.04,7377.786,3,3,7377.786,0.0,0.0,0.0,0.0,184444.65
1654890,IT,CZ,POSTT,EDUCA,0.12,7377.768,3,3,7377.768,0.0,0.0,0.0,0.0,61481.4
1666529,IT,ES,CHEM1,PLANT,0.02,7377.728,3,3,7377.728,0.0,0.0,0.0,0.0,368886.4
1727599,IT,RO,REALE,FINAN,0.31,7377.547,3,3,7377.547,0.0,0.0,0.0,0.0,23798.53871
1689063,IT,IE,TRANS,COMPU,0.04,7377.022,3,3,7377.022,0.0,0.0,0.0,0.0,184425.55
1791827,IT,WA,LANDT,GLASS,0.05,7376.58,3,3,7376.58,0.0,0.0,0.0,0.0,147531.6
1662428,IT,DK,PREC1,BUSIN,0.01,7376.467,3,3,7376.467,0.0,0.0,0.0,0.0,737646.7
1710597,IT,LU,VEGET,BUSIN,0.03,7376.056,3,3,7376.056,0.0,0.0,0.0,0.0,245868.533333
1809567,IT,WM,VEGE1,KERO1,0.02,7375.893,4,4,7375.891,0.0,0.0,0.0,0.002,368794.65
1808834,IT,WF,93197,93197,0.05,7375.739,3,3,7375.739,0.0,0.0,0.0,0.0,147514.78
1748525,IT,CN,CHEMI,FABRI,0.02,7375.705,3,3,7375.705,0.0,0.0,0.0,0.0,368785.25
1784801,IT,ID,HOTEL,MACHI,0.05,7375.663,3,3,7375.663,0.0,0.0,0.0,0.0,147513.26
1647272,IT,BE,LANDT,HOTEL,0.05,7375.622,3,3,7375.622,0.0,0.0,0.0,0.0,147512.44
1806534,IT,WF,FURNI,STONE,0.02,7375.349,3,3,7375.349,0.0,0.0,0.0,0.0,368767.45
1681627,IT,GR,RECRE,FINAN,0.09,7375.33,3,3,7375.33,0.0,0.0,0.0,0.0,81948.111111
1709863,IT,LT,GLASS,MEDIC,0.02,7374.692,3,3,7374.692,0.0,0.0,0.0,0.0,368734.6
1669727,IT,ES,BUSIN,ANIMA,0.08,7374.648,3,3,7374.648,0.0,0.0,0.0,0.0,92183.1
1678225,IT,FR,OILHA,RESEA,0.04,7374.641,3,3,7374.641,0.0,0.0,0.0,0.0,184366.025
1661596,IT,DK,BEVER,REALE,0.03,7374.593,3,3,7374.593,0.0,0.0,0.0,0.0,245819.766667
1781481,IT,NO,BEVER,SUPPO,0.03,7374.56,3,3,7374.56,0.0,0.0,0.0,0.0,245818.666667
1733277,IT,SI,OFFIC,PRINT,0.02,7374.309,3,3,7374.309,0.0,0.0,0.0,0.0,368715.45
1728116,IT,SE,VEGE1,DIST1,0.02,7374.167,4,4,7374.165,0.0,0.0,0.0,0.002,368708.35
1783527,IT,NO,OILHA,BUSIN,0.04,7374.154,3,3,7374.154,0.0,0.0,0.0,0.0,184353.85
1690100,IT,IE,RENTI,WASTE,0.04,7374.073,3,3,7374.073,0.0,0.0,0.0,0.0,184351.825
1685098,IT,HU,FOOD5,WOODW,0.04,7374.053,3,3,7374.053,0.0,0.0,0.0,0.0,184351.325
1712414,IT,LV,NONME,NONME,0.01,7373.882,3,3,7373.882,0.0,0.0,0.0,0.0,737388.2
1800526,IT,WE,RUBBE,COPP1,0.02,7373.816,3,3,7373.816,0.0,0.0,0.0,0.0,368690.8
1680980,IT,GR,INLAN,SALEM,0.01,7373.634,3,3,7373.634,0.0,0.0,0.0,0.0,737363.4
1756609,IT,KR,RAILW,MACHI,0.05,7373.398,3,3,7373.398,0.0,0.0,0.0,0.0,147467.96
1711545,IT,LU,POSTT,EDUCA,0.12,7373.255,3,3,7373.255,0.0,0.0,0.0,0.0,61443.791667
1762083,IT,IN,RETA1,FURNI,0.08,7373.059,3,3,7373.059,0.0,0.0,0.0,0.0,92163.2375
1770842,IT,AU,BUSIN,BEVER,0.08,7373.014,3,3,7373.014,0.0,0.0,0.0,0.0,92162.675
1810979,IT,WM,GASDI,ELECT,0.01,7372.942,3,3,7372.942,0.0,0.0,0.0,0.0,737294.2
1736617,IT,SK,POSTT,RECRE,0.12,7372.529,3,3,7372.529,0.0,0.0,0.0,0.0,61437.741667
1773096,IT,CH,LEAD1,DISTR,0.01,7372.496,3,3,7372.496,0.0,0.0,0.0,0.0,737249.6
1755264,IT,KR,PAPER,NAPHT,0.03,7372.359,3,3,7372.359,0.0,0.0,0.0,0.0,245745.3
1727056,IT,RO,RAILW,SALEM,0.05,7371.582,3,3,7371.582,0.0,0.0,0.0,0.0,147431.64
1648633,IT,BG,VEGE1,MEAT4,0.02,7371.34,4,4,7371.338,0.0,0.0,0.0,0.002,368567.0
1777881,IT,TR,MACHI,CROPS,0.04,7371.104,3,3,7371.104,0.0,0.0,0.0,0.0,184277.6
1788266,IT,WA,LEATH,REFIN,0.05,7371.003,3,3,7371.003,0.0,0.0,0.0,0.0,147420.06
1794383,IT,WL,KEROS,LEAD1,0.01,7370.968,3,3,7370.968,0.0,0.0,0.0,0.0,737096.8
1711823,IT,LU,FOODW,BASIC,0.05,7370.258,3,3,7370.258,0.0,0.0,0.0,0.0,147405.16
1731371,IT,SI,SUGA1,TRANS,0.02,7370.215,3,3,7370.215,0.0,0.0,0.0,0.0,368510.75
1711401,IT,LU,RETA1,RESEA,0.08,7370.165,3,3,7370.165,0.0,0.0,0.0,0.0,92127.0625
1660944,IT,DE,BUSIN,WHITE,0.08,7370.125,3,3,7370.125,0.0,0.0,0.0,0.0,92126.5625
1743524,IT,US,RETA1,REALE,0.08,7369.991,3,3,7369.991,0.0,0.0,0.0,0.0,92124.8875
1728981,IT,SE,ADDIT,IRONO,0.02,7369.901,3,3,7369.901,0.0,0.0,0.0,0.0,368495.05
1782503,IT,NO,MACHI,INERT,0.04,7369.636,3,3,7369.636,0.0,0.0,0.0,0.0,184240.9
1723530,IT,PT,COPP1,SUPPO,0.02,7369.449,3,3,7369.449,0.0,0.0,0.0,0.0,368472.45
1809563,IT,WM,VEGE1,WOODW,0.02,7369.362,4,4,7369.36,0.0,0.0,0.0,0.002,368468.1
1752058,IT,CN,BUSIN,WOOLS,0.08,7368.998,3,3,7368.998,0.0,0.0,0.0,0.0,92112.475
1747397,IT,JP,RAILW,PLAST,0.05,7368.866,3,3,7368.866,0.0,0.0,0.0,0.0,147377.32
1734744,IT,SK,LEATH,EDUCA,0.05,7368.79,3,3,7368.79,0.0,0.0,0.0,0.0,147375.8
1644492,IT,BE,DAIRY,MEATP,0.03,7368.435,3,3,7368.435,0.0,0.0,0.0,0.0,245614.5
1796118,IT,WL,TRANS,ELEC2,0.04,7368.384,3,3,7368.384,0.0,0.0,0.0,0.0,184209.6
1711203,IT,LU,MACHI,CHEM1,0.04,7368.277,3,3,7368.277,0.0,0.0,0.0,0.0,184206.925
1647982,IT,BE,RENTI,RENTI,0.04,7367.717,3,3,7367.717,0.0,0.0,0.0,0.0,184192.925
1746638,IT,JP,COPP1,CHEM1,0.02,7367.634,3,3,7367.634,0.0,0.0,0.0,0.0,368381.7
1667913,IT,ES,MOTO1,COLLE,0.04,7367.57,3,3,7367.57,0.0,0.0,0.0,0.0,184189.25
1794718,IT,WL,WHITE,ELEC3,0.04,7367.083,3,3,7367.083,0.0,0.0,0.0,0.0,184177.075
1759484,IT,BR,AUXIL,INSUR,0.13,7366.984,3,3,7366.984,0.0,0.0,0.0,0.0,56669.107692
1790373,IT,WA,LEAD1,PRECI,0.01,7366.519,3,3,7366.519,0.0,0.0,0.0,0.0,736651.9
1808013,IT,WF,INTER,NICKE,0.04,7365.877,3,3,7365.877,0.0,0.0,0.0,0.0,184146.925
1807406,IT,WF,FINAN,RECRE,0.1,7365.468,3,3,7365.468,0.0,0.0,0.0,0.0,73654.68
1795516,IT,WL,ALUM1,ADDIT,0.01,7365.331,3,3,7365.331,0.0,0.0,0.0,0.0,736533.1
1721907,IT,PL,RENTI,ELEC1,0.04,7365.259,3,3,7365.259,0.0,0.0,0.0,0.0,184131.475
1684933,IT,HU,CHEMI,93197,0.02,7365.165,3,3,7365.165,0.0,0.0,0.0,0.0,368258.25
1733140,IT,SI,FABRI,STEAM,0.03,7365.134,3,3,7365.134,0.0,0.0,0.0,0.0,245504.466667
1687152,IT,HU,FURNI,BIODI,0.02,7364.463,3,3,7364.463,0.0,0.0,0.0,0.0,368223.15
1643255,IT,AT,HOTEL,BLAST,0.05,7364.403,3,3,7364.403,0.0,0.0,0.0,0.0,147288.06
1709827,IT,LT,RUBBE,FINAN,0.02,7364.298,3,3,7364.298,0.0,0.0,0.0,0.0,368214.9
1769599,IT,AU,FABRI,MEATA,0.03,7364.25,3,3,7364.25,0.0,0.0,0.0,0.0,245475.0
1803320,IT,WF,STONE,GASDI,0.02,7363.978,3,3,7363.978,0.0,0.0,0.0,0.0,368198.9
1789237,IT,WA,PLAST,BLAST,0.02,7363.911,3,3,7363.911,0.0,0.0,0.0,0.0,368195.55
1770103,IT,AU,WHOLE,ELECT,0.06,7363.888,3,3,7363.888,0.0,0.0,0.0,0.0,122731.466667
1764496,IT,MX,CONST,CEMEN,0.04,7363.674,3,3,7363.674,0.0,0.0,0.0,0.0,184091.85
1783862,IT,NO,TEXT2,FOOD2,0.05,7363.661,3,3,7363.661,0.0,0.0,0.0,0.0,147273.22
1660930,IT,DE,BUSIN,LEATH,0.08,7363.58,3,3,7363.58,0.0,0.0,0.0,0.0,92044.75
1750811,IT,CN,FURNI,COALT,0.02,7362.994,3,3,7362.994,0.0,0.0,0.0,0.0,368149.7
1641313,IT,AT,AVIAT,SUPPO,0.02,7362.9,3,3,7362.9,0.0,0.0,0.0,0.0,368145.0
1741490,IT,US,MOTOR,SEWAG,0.01,7362.529,3,3,7362.529,0.0,0.0,0.0,0.0,736252.9
1780548,IT,TW,FINAN,KEROS,0.1,7362.525,3,3,7362.525,0.0,0.0,0.0,0.0,73625.25
1762681,IT,IN,RESEA,FOOD3,0.04,7362.481,3,3,7362.481,0.0,0.0,0.0,0.0,184062.025
1784777,IT,ID,HOTEL,BEVER,0.05,7362.425,3,3,7362.425,0.0,0.0,0.0,0.0,147248.5
1718431,IT,PL,FISH5,RETA1,0.03,7361.943,4,4,7361.939,0.0,0.0,0.0,0.004,245398.1
1758286,IT,BR,ALUM1,COPP1,0.01,7361.779,3,3,7361.779,0.0,0.0,0.0,0.0,736177.9
1645393,IT,BE,HEAVY,FURNI,0.01,7361.676,3,3,7361.676,0.0,0.0,0.0,0.0,736167.6
1786949,IT,ZA,POSTT,CONST,0.12,7361.246,3,3,7361.246,0.0,0.0,0.0,0.0,61343.716667
1713641,IT,MT,ALUM1,CHEM1,0.01,7361.208,3,3,7361.208,0.0,0.0,0.0,0.0,736120.8
1664171,IT,EE,RUBBE,RECRE,0.02,7361.106,3,3,7361.106,0.0,0.0,0.0,0.0,368055.3
1688742,IT,IE,ADDIT,PULP5,0.02,7361.082,3,3,7361.082,0.0,0.0,0.0,0.0,368054.1
1728031,IT,SE,CHEMI,RUBBE,0.02,7360.806,3,3,7360.806,0.0,0.0,0.0,0.0,368040.3
1646983,IT,BE,RETA1,DAIRY,0.08,7360.207,3,3,7360.207,0.0,0.0,0.0,0.0,92002.5875
1798697,IT,WE,DAIRY,TEXTI,0.03,7360.17,3,3,7360.17,0.0,0.0,0.0,0.0,245339.0
1737088,IT,GB,CHEMI,REALE,0.02,7360.145,3,3,7360.145,0.0,0.0,0.0,0.0,368007.25
1778116,IT,TR,MOTO1,SEACO,0.04,7360.136,3,3,7360.136,0.0,0.0,0.0,0.0,184003.4
1651007,IT,BG,SUPPO,AUXIL,0.05,7359.949,3,3,7359.949,0.0,0.0,0.0,0.0,147198.98
1734753,IT,SK,LEATH,RECRE,0.05,7359.833,3,3,7359.833,0.0,0.0,0.0,0.0,147196.66
1677070,IT,FR,SUPPO,NONF1,0.05,7359.782,3,3,7359.782,0.0,0.0,0.0,0.0,147195.64
1726554,IT,RO,OFFIC,ALUM1,0.02,7359.601,3,3,7359.601,0.0,0.0,0.0,0.0,367980.05
1751913,IT,CN,COMPU,NONF1,0.08,7359.432,3,3,7359.432,0.0,0.0,0.0,0.0,91992.9
1769229,IT,AU,RUBBE,SUBBI,0.02,7359.087,3,3,7359.087,0.0,0.0,0.0,0.0,367954.35
1689069,IT,IE,FURNI,FOOD5,0.02,7359.055,3,3,7359.055,0.0,0.0,0.0,0.0,367952.75
1722421,IT,PT,MEAT1,DIST1,0.03,7358.989,3,3,7358.989,0.0,0.0,0.0,0.0,245299.633333
1671499,IT,FI,MACHI,ALUM1,0.04,7358.981,3,3,7358.981,0.0,0.0,0.0,0.0,183974.525
1732717,IT,SI,CEMEN,CHEMI,0.01,7358.925,3,3,7358.925,0.0,0.0,0.0,0.0,735892.5
1770075,IT,AU,WHOLE,NATUR,0.06,7358.925,3,3,7358.925,0.0,0.0,0.0,0.0,122648.75
1727607,IT,RO,REALE,PUBLI,0.31,7358.901,3,3,7358.901,0.0,0.0,0.0,0.0,23738.390323
1674804,IT,FR,CEMEN,DISTR,0.01,7358.864,3,3,7358.864,0.0,0.0,0.0,0.0,735886.4
1734385,IT,SK,CEREA,GASDI,0.01,7358.817,3,3,7358.817,0.0,0.0,0.0,0.0,735881.7
1721188,IT,PL,LANDT,OILSE,0.05,7358.14,3,3,7358.14,0.0,0.0,0.0,0.0,147162.8
1768826,IT,AU,LEATH,BASIC,0.05,7358.063,3,3,7358.063,0.0,0.0,0.0,0.0,147161.26
1665304,IT,ES,BEVER,RENTI,0.03,7357.987,3,3,7357.987,0.0,0.0,0.0,0.0,245266.233333
1680281,IT,GR,FURNI,MOTO1,0.02,7357.93,3,3,7357.93,0.0,0.0,0.0,0.0,367896.5
1758959,IT,BR,RAILW,BUSIN,0.05,7357.9,3,3,7357.9,0.0,0.0,0.0,0.0,147158.0
1674043,IT,FR,GASDI,ELECT,0.01,7357.668,3,3,7357.668,0.0,0.0,0.0,0.0,735766.8
1671356,IT,FI,COPP1,RADIO,0.02,7357.553,3,3,7357.553,0.0,0.0,0.0,0.0,367877.65
1810300,IT,WM,LEATH,FOOD4,0.05,7357.47,3,3,7357.47,0.0,0.0,0.0,0.0,147149.4
1728261,IT,SE,BEVER,PRECI,0.03,7357.163,3,3,7357.163,0.0,0.0,0.0,0.0,245238.766667
1743374,IT,US,SALEM,NONME,0.06,7357.113,3,3,7357.113,0.0,0.0,0.0,0.0,122618.55
1659776,IT,DE,LANDT,CHEMI,0.05,7356.783,3,3,7356.783,0.0,0.0,0.0,0.0,147135.66
1731157,IT,SI,STONE,LANDT,0.02,7356.567,3,3,7356.567,0.0,0.0,0.0,0.0,367828.35
1742732,IT,US,FABRI,FISH5,0.03,7356.066,3,3,7356.066,0.0,0.0,0.0,0.0,245202.2
1739059,IT,GB,RETAI,HOTEL,0.06,7355.767,3,3,7355.767,0.0,0.0,0.0,0.0,122596.116667
1690529,IT,IE,WOOD2,STONE,0.04,7355.386,3,3,7355.386,0.0,0.0,0.0,0.0,183884.65
1672687,IT,FR,STONE,ELEC3,0.02,7354.763,3,3,7354.763,0.0,0.0,0.0,0.0,367738.15
1729458,IT,SE,PREC1,REALE,0.01,7354.466,3,3,7354.466,0.0,0.0,0.0,0.0,735446.6
1713420,IT,MT,PLAST,VEGET,0.02,7354.339,3,3,7354.339,0.0,0.0,0.0,0.0,367716.95
1779779,IT,TR,BUSIN,CONST,0.08,7354.203,3,3,7354.203,0.0,0.0,0.0,0.0,91927.5375
1787725,IT,WA,VEGE1,MACHI,0.02,7354.075,4,4,7354.073,0.0,0.0,0.0,0.002,367703.75
1640717,IT,AT,TEXTI,POULT,0.04,7353.981,3,3,7353.981,0.0,0.0,0.0,0.0,183849.525
1789086,IT,WA,BITU1,LEATH,0.01,7353.895,3,3,7353.895,0.0,0.0,0.0,0.0,735389.5
1669939,IT,ES,EDUCA,RUBBE,0.18,7353.289,3,3,7353.289,0.0,0.0,0.0,0.0,40851.605556
1806807,IT,WF,RETA1,LIQUE,0.08,7353.163,3,3,7353.163,0.0,0.0,0.0,0.0,91914.5375
1762682,IT,IN,RESEA,WASTE,0.04,7353.007,3,3,7353.007,0.0,0.0,0.0,0.0,183825.175
1659303,IT,DE,RETAI,FORES,0.06,7352.978,3,3,7352.978,0.0,0.0,0.0,0.0,122549.633333
1715201,IT,NL,WOODW,PREC1,0.02,7352.747,3,3,7352.747,0.0,0.0,0.0,0.0,367637.35
1727391,IT,RO,FINAN,MOTOR,0.1,7352.705,3,3,7352.705,0.0,0.0,0.0,0.0,73527.05
1776882,IT,TR,PLAST,ALUMI,0.02,7352.687,3,3,7352.687,0.0,0.0,0.0,0.0,367634.35
1662014,IT,DK,PLAST,BRICK,0.02,7352.659,3,3,7352.659,0.0,0.0,0.0,0.0,367632.95
1771756,IT,CH,LEATH,SECO9,0.05,7352.282,3,3,7352.282,0.0,0.0,0.0,0.0,147045.64
1712193,IT,LV,WOODW,RENTI,0.02,7351.775,3,3,7351.775,0.0,0.0,0.0,0.0,367588.75
1772790,IT,CH,NONME,MEDIC,0.01,7351.49,3,3,7351.49,0.0,0.0,0.0,0.0,735149.0
1688210,IT,HU,HEALT,WHOLE,0.04,7351.085,3,3,7351.085,0.0,0.0,0.0,0.0,183777.125
1651463,IT,CY,GASDI,PUBLI,0.01,7351.065,3,3,7351.065,0.0,0.0,0.0,0.0,735106.5
1652102,IT,CZ,SANDC,WHOLE,0.02,7350.896,4,4,7348.896,0.0,0.0,2.0,0.0,367544.8
1735375,IT,SK,NONME,OFFIC,0.01,7350.514,3,3,7350.514,0.0,0.0,0.0,0.0,735051.4
1744611,IT,US,RENTI,ELEC8,0.04,7350.32,3,3,7350.32,0.0,0.0,0.0,0.0,183758.0
1805995,IT,WF,COPP1,KEROS,0.02,7350.244,3,3,7350.244,0.0,0.0,0.0,0.0,367512.2
1769444,IT,AU,NONME,ELEC1,0.01,7349.868,3,3,7349.868,0.0,0.0,0.0,0.0,734986.8
1745293,IT,JP,MEAT4,PAPER,0.04,7349.726,3,3,7349.726,0.0,0.0,0.0,0.0,183743.15
1718076,IT,PL,MEAT1,HOTEL,0.03,7349.161,3,3,7349.161,0.0,0.0,0.0,0.0,244972.033333
1749091,IT,CN,WOODW,TOBAC,0.02,7348.906,3,3,7348.906,0.0,0.0,0.0,0.0,367445.3
1805442,IT,WF,GLASS,MEAT1,0.02,7348.881,3,3,7348.881,0.0,0.0,0.0,0.0,367444.05
1736021,IT,SK,TRANS,RESEA,0.04,7348.52,3,3,7348.52,0.0,0.0,0.0,0.0,183713.0
1711146,IT,LU,FABRI,NONME,0.03,7348.418,3,3,7348.418,0.0,0.0,0.0,0.0,244947.266667
1764552,IT,MX,WHOLE,CATTL,0.06,7348.348,3,3,7348.348,0.0,0.0,0.0,0.0,122472.466667
1657670,IT,DE,CERAM,STEAM,0.01,7348.288,3,3,7348.288,0.0,0.0,0.0,0.0,734828.8
1677853,IT,FR,BUSIN,VEGE1,0.08,7348.154,3,3,7348.154,0.0,0.0,0.0,0.0,91851.925
1765534,IT,RU,LEATH,MEATP,0.05,7348.115,3,3,7348.115,0.0,0.0,0.0,0.0,146962.3
1746935,IT,JP,MOTO1,LEAD1,0.04,7348.038,3,3,7348.038,0.0,0.0,0.0,0.0,183700.95
1649850,IT,BG,ALUM1,REALE,0.01,7347.933,3,3,7347.933,0.0,0.0,0.0,0.0,734793.3
1766971,IT,RU,MOTO1,ELEC3,0.04,7347.428,3,3,7347.428,0.0,0.0,0.0,0.0,183685.7
1665750,IT,ES,PAPER,ELECT,0.03,7347.176,3,3,7347.176,0.0,0.0,0.0,0.0,244905.866667
1798312,IT,WE,CROPS,GLASS,0.06,7347.119,3,3,7347.119,0.0,0.0,0.0,0.0,122451.983333
1722657,IT,PT,WEARI,LEATH,0.06,7346.538,3,3,7346.538,0.0,0.0,0.0,0.0,122442.3
1786025,IT,ZA,GLASS,COMPU,0.02,7345.992,3,3,7345.992,0.0,0.0,0.0,0.0,367299.6
1778398,IT,TR,WHOLE,CROPS,0.06,7345.77,3,3,7345.77,0.0,0.0,0.0,0.0,122429.5
1813530,IT,WM,WHOLE,COPPE,0.06,7345.708,3,3,7345.708,0.0,0.0,0.0,0.0,122428.466667
1804565,IT,WF,HEAVY,COKIN,0.01,7345.471,3,3,7345.471,0.0,0.0,0.0,0.0,734547.1
1733086,IT,SI,FABRI,CATTL,0.03,7345.448,3,3,7345.448,0.0,0.0,0.0,0.0,244848.266667
1712688,IT,LV,HOTEL,FISH5,0.05,7345.374,3,3,7345.374,0.0,0.0,0.0,0.0,146907.48
1720133,IT,PL,LEAD1,INTER,0.01,7345.093,3,3,7345.093,0.0,0.0,0.0,0.0,734509.3
1651670,IT,CY,ALUM1,MACHI,0.01,7345.063,3,3,7345.063,0.0,0.0,0.0,0.0,734506.3
1660645,IT,DE,REALE,LANDT,0.31,7344.77,3,3,7344.77,0.0,0.0,0.0,0.0,23692.806452
1649316,IT,BG,PLAST,MEAT1,0.02,7344.497,3,3,7344.497,0.0,0.0,0.0,0.0,367224.85
1742896,IT,US,MACHI,BITU1,0.04,7344.064,3,3,7344.064,0.0,0.0,0.0,0.0,183601.6
1641817,IT,AT,CHEM1,COLLE,0.02,7343.57,3,3,7343.57,0.0,0.0,0.0,0.0,367178.5
1730901,IT,SE,PLAS1,WHOLE,0.03,7343.434,3,3,7343.434,0.0,0.0,0.0,0.0,244781.133333
1787421,IT,WA,NATUR,PFERT,0.01,7343.178,3,3,7343.178,0.0,0.0,0.0,0.0,734317.8
1807817,IT,WF,FOODW,POSTT,0.05,7343.013,3,3,7343.013,0.0,0.0,0.0,0.0,146860.26
1641511,IT,AT,HEAVY,FISH5,0.01,7342.763,3,3,7342.763,0.0,0.0,0.0,0.0,734276.3
1677265,IT,FR,FINAN,WEARI,0.1,7342.461,3,3,7342.461,0.0,0.0,0.0,0.0,73424.61
1748283,IT,JP,MEMBE,HOTEL,0.09,7342.314,3,3,7342.314,0.0,0.0,0.0,0.0,81581.266667
1761062,IT,IN,PLAST,TRANS,0.02,7342.177,3,3,7342.177,0.0,0.0,0.0,0.0,367108.85
1798539,IT,WE,SANDC,TOBAC,0.02,7341.967,4,4,7339.967,0.0,0.0,2.0,0.0,367098.35
1762536,IT,IN,INSUR,HOTEL,0.15,7341.819,3,3,7341.819,0.0,0.0,0.0,0.0,48945.46
1649663,IT,BG,CERAM,ELEC1,0.01,7341.448,3,3,7341.448,0.0,0.0,0.0,0.0,734144.8
1768663,IT,AU,TEXTI,PLAST,0.04,7341.379,3,3,7341.379,0.0,0.0,0.0,0.0,183534.475
1791329,IT,WA,SALEM,MEAT1,0.06,7340.942,3,3,7340.942,0.0,0.0,0.0,0.0,122349.033333
1758757,IT,BR,RETA1,FORES,0.08,7340.263,3,3,7340.263,0.0,0.0,0.0,0.0,91753.2875
1684584,IT,HR,BUSIN,PUBLI,0.08,7340.25,3,3,7340.25,0.0,0.0,0.0,0.0,91753.125
1656168,IT,DE,TEXTI,MEAT4,0.04,7339.732,3,3,7339.732,0.0,0.0,0.0,0.0,183493.3
1652939,IT,CZ,HEAVY,TEXTI,0.01,7339.708,3,3,7339.708,0.0,0.0,0.0,0.0,733970.8
1753737,IT,CA,FURNI,PRECI,0.02,7339.632,3,3,7339.632,0.0,0.0,0.0,0.0,366981.6
1732659,IT,SI,GLASS,FOOD3,0.02,7339.549,3,3,7339.549,0.0,0.0,0.0,0.0,366977.45
1725296,IT,RO,BEVER,PAPER,0.03,7339.475,3,3,7339.475,0.0,0.0,0.0,0.0,244649.166667
1805894,IT,WF,ALUM1,DIST1,0.01,7339.317,3,3,7339.317,0.0,0.0,0.0,0.0,733931.7
1808875,IT,WF,PRIVA,RUBBE,1.64,7338.927,3,3,7338.927,0.0,0.0,0.0,0.0,4474.955488
1663779,IT,EE,BEVER,TEXTI,0.03,7338.869,3,3,7338.869,0.0,0.0,0.0,0.0,244628.966667
1663612,IT,DK,BUSIN,GASDI,0.08,7338.537,3,3,7338.537,0.0,0.0,0.0,0.0,91731.7125
1641508,IT,AT,HEAVY,SUGA1,0.01,7338.477,3,3,7338.477,0.0,0.0,0.0,0.0,733847.7
1757936,IT,BR,CHEM1,PLAS2,0.02,7338.392,3,3,7338.392,0.0,0.0,0.0,0.0,366919.6
1767298,IT,RU,HOTEL,DIST1,0.05,7337.466,3,3,7337.466,0.0,0.0,0.0,0.0,146749.32
1762528,IT,IN,INSUR,ELEC3,0.15,7337.299,3,3,7337.299,0.0,0.0,0.0,0.0,48915.326667
1764483,IT,MX,CONST,FOOD5,0.04,7337.016,3,3,7337.016,0.0,0.0,0.0,0.0,183425.4
1711123,IT,LU,LEAD1,FOOD3,0.01,7336.96,3,3,7336.96,0.0,0.0,0.0,0.0,733696.0
1771531,IT,CH,TEXTI,VEGE1,0.04,7336.958,3,3,7336.958,0.0,0.0,0.0,0.0,183423.95
1760453,IT,IN,BEVER,BUSIN,0.03,7336.782,3,3,7336.782,0.0,0.0,0.0,0.0,244559.4
1755403,IT,KR,GASDI,PADDY,0.01,7336.526,3,3,7336.526,0.0,0.0,0.0,0.0,733652.6
1663519,IT,DK,RENTI,PAPE1,0.04,7336.185,3,3,7336.185,0.0,0.0,0.0,0.0,183404.625
1734291,IT,SI,BUSIN,BEVER,0.08,7336.181,3,3,7336.181,0.0,0.0,0.0,0.0,91702.2625
1739230,IT,GB,RETA1,PAPE1,0.08,7336.122,3,3,7336.122,0.0,0.0,0.0,0.0,91701.525
1803417,IT,WF,MEATC,NONFE,0.02,7336.04,3,3,7336.04,0.0,0.0,0.0,0.0,366802.0
1717264,IT,NL,POSTT,TRANS,0.12,7335.924,3,3,7335.924,0.0,0.0,0.0,0.0,61132.7
1761190,IT,IN,ADDIT,KERO1,0.02,7335.728,3,3,7335.728,0.0,0.0,0.0,0.0,366786.4
1794301,IT,WL,MOTOR,ADDIT,0.01,7335.659,3,3,7335.659,0.0,0.0,0.0,0.0,733565.9
1740712,IT,US,CHEMI,ELEC1,0.02,7335.446,3,3,7335.446,0.0,0.0,0.0,0.0,366772.3
1760119,IT,BR,FOOD2,POSTT,0.04,7335.387,3,3,7335.387,0.0,0.0,0.0,0.0,183384.675
1656840,IT,DE,GASDI,OILHA,0.01,7335.217,3,3,7335.217,0.0,0.0,0.0,0.0,733521.7
1746477,IT,JP,CERAM,TEXTI,0.01,7334.414,3,3,7334.414,0.0,0.0,0.0,0.0,733441.4
1757843,IT,BR,CHEM1,SUBBI,0.02,7334.227,3,3,7334.227,0.0,0.0,0.0,0.0,366711.35
1665286,IT,ES,BEVER,ELEC1,0.03,7334.21,3,3,7334.21,0.0,0.0,0.0,0.0,244473.666667
1729547,IT,SE,COPP1,BITU1,0.02,7334.065,3,3,7334.065,0.0,0.0,0.0,0.0,366703.25
1783051,IT,NO,INSUR,MOTOR,0.15,7333.811,3,3,7333.811,0.0,0.0,0.0,0.0,48892.073333
1726851,IT,RO,RETA1,FORES,0.08,7333.533,3,3,7333.533,0.0,0.0,0.0,0.0,91669.1625
1654266,IT,CZ,FURNI,BASIC,0.02,7333.512,3,3,7333.512,0.0,0.0,0.0,0.0,366675.6
1758941,IT,BR,RAILW,LIQUI,0.05,7333.319,3,3,7333.319,0.0,0.0,0.0,0.0,146666.38
1676800,IT,FR,LANDT,BIODI,0.05,7333.074,3,3,7333.074,0.0,0.0,0.0,0.0,146661.48
1795320,IT,WL,NONME,WOODW,0.01,7333.055,3,3,7333.055,0.0,0.0,0.0,0.0,733305.5
1730631,IT,SE,RENTI,COPP1,0.04,7332.968,3,3,7332.968,0.0,0.0,0.0,0.0,183324.2
1650091,IT,BG,MACHI,EDUCA,0.04,7332.363,3,3,7332.363,0.0,0.0,0.0,0.0,183309.075
1775845,IT,TR,VEGE1,PAPER,0.02,7332.167,4,4,7332.165,0.0,0.0,0.0,0.002,366608.35
1810843,IT,WM,KEROS,ELEC1,0.01,7332.099,3,3,7332.099,0.0,0.0,0.0,0.0,733209.9
1657359,IT,DE,BIODI,RAILW,0.02,7332.042,3,3,7332.042,0.0,0.0,0.0,0.0,366602.1
1643378,IT,AT,RAILW,FOOD2,0.05,7331.54,3,3,7331.54,0.0,0.0,0.0,0.0,146630.8
1641950,IT,AT,RUBBE,VEGE1,0.02,7331.384,3,3,7331.384,0.0,0.0,0.0,0.0,366569.2
1796436,IT,WL,WHOLE,AIRTR,0.06,7330.853,3,3,7330.853,0.0,0.0,0.0,0.0,122180.883333
1763548,IT,MX,CHEM1,REFI1,0.02,7330.783,3,3,7330.783,0.0,0.0,0.0,0.0,366539.15
1751351,IT,CN,LANDT,COMPU,0.05,7330.732,3,3,7330.732,0.0,0.0,0.0,0.0,146614.64
1757476,IT,BR,PAPER,TRANS,0.03,7330.624,3,3,7330.624,0.0,0.0,0.0,0.0,244354.133333
1738975,IT,GB,SALEM,NATUR,0.06,7330.623,3,3,7330.623,0.0,0.0,0.0,0.0,122177.05
1777295,IT,TR,GLASS,VEGET,0.02,7330.376,3,3,7330.376,0.0,0.0,0.0,0.0,366518.8
1760995,IT,IN,PARAF,BIOG1,0.01,7330.222,3,3,7330.222,0.0,0.0,0.0,0.0,733022.2
1773646,IT,CH,FURNI,CATTL,0.02,7330.126,3,3,7330.126,0.0,0.0,0.0,0.0,366506.3
1780050,IT,TW,WHOLE,LEATH,0.06,7330.112,3,3,7330.112,0.0,0.0,0.0,0.0,122168.533333
1813447,IT,WM,CONST,HOTEL,0.04,7329.984,3,3,7329.984,0.0,0.0,0.0,0.0,183249.6
1647292,IT,BE,LANDT,FOODW,0.05,7329.85,3,3,7329.85,0.0,0.0,0.0,0.0,146597.0
1808757,IT,WF,WOOD2,CROPS,0.04,7329.817,3,3,7329.817,0.0,0.0,0.0,0.0,183245.425
1765002,IT,MX,FINAN,PUBLI,0.1,7329.783,3,3,7329.783,0.0,0.0,0.0,0.0,73297.83
1713376,IT,MT,HEAVY,CHEM1,0.01,7329.531,3,3,7329.531,0.0,0.0,0.0,0.0,732953.1
1807975,IT,WF,PLAS1,RETAI,0.03,7329.499,3,3,7329.499,0.0,0.0,0.0,0.0,244316.633333
1788327,IT,WA,LEATH,TRAN2,0.05,7329.445,3,3,7329.445,0.0,0.0,0.0,0.0,146588.9
1712241,IT,LV,PAPER,RENTI,0.03,7329.422,3,3,7329.422,0.0,0.0,0.0,0.0,244314.066667
1780418,IT,TW,SUPPO,LIQUE,0.05,7329.089,3,3,7329.089,0.0,0.0,0.0,0.0,146581.78
1725449,IT,RO,WEARI,POULT,0.06,7328.984,3,3,7328.984,0.0,0.0,0.0,0.0,122149.733333
1796372,IT,WL,WHOLE,PROCE,0.06,7328.924,3,3,7328.924,0.0,0.0,0.0,0.0,122148.733333
1769432,IT,AU,NONME,BIOGA,0.01,7328.879,3,3,7328.879,0.0,0.0,0.0,0.0,732887.9
1679338,IT,GR,PETRO,BRICK,0.01,7328.576,3,3,7328.576,0.0,0.0,0.0,0.0,732857.6
1715587,IT,NL,LIQUE,NFERT,0.01,7328.459,3,3,7328.459,0.0,0.0,0.0,0.0,732845.9
1802632,IT,WE,REALE,HOTEL,0.31,7328.295,3,3,7328.295,0.0,0.0,0.0,0.0,23639.66129
1678295,IT,FR,FOOD3,COPP1,0.02,7328.016,3,3,7328.016,0.0,0.0,0.0,0.0,366400.8
1653930,IT,CZ,FABRI,MEMBE,0.03,7327.975,3,3,7327.975,0.0,0.0,0.0,0.0,244265.833333
1787576,IT,WA,MEATC,LEAD1,0.02,7327.752,3,3,7327.752,0.0,0.0,0.0,0.0,366387.6
1656731,IT,DE,MOTOR,HOTEL,0.01,7327.715,3,3,7327.715,0.0,0.0,0.0,0.0,732771.5
1721204,IT,PL,LANDT,HYDRO,0.05,7326.871,3,3,7326.871,0.0,0.0,0.0,0.0,146537.42
1666667,IT,ES,ADDIT,REALE,0.02,7326.814,3,3,7326.814,0.0,0.0,0.0,0.0,366340.7
1769149,IT,AU,CHEM1,REFI1,0.02,7326.425,3,3,7326.425,0.0,0.0,0.0,0.0,366321.25
1736756,IT,SK,RENTI,FOOD5,0.04,7326.33,3,3,7326.33,0.0,0.0,0.0,0.0,183158.25
1659844,IT,DE,LANDT,ELEC4,0.05,7326.305,3,3,7326.305,0.0,0.0,0.0,0.0,146526.1
1730009,IT,SE,SALEM,RESEA,0.06,7326.094,3,3,7326.094,0.0,0.0,0.0,0.0,122101.566667
1663418,IT,DK,INSUR,INSUR,0.15,7325.892,3,3,7325.892,0.0,0.0,0.0,0.0,48839.28
1734681,IT,SK,LEATH,STONE,0.05,7324.593,3,3,7324.593,0.0,0.0,0.0,0.0,146491.86
1643525,IT,AT,TRAN2,OFFIC,0.01,7324.496,3,3,7324.496,0.0,0.0,0.0,0.0,732449.6
1664365,IT,EE,FABRI,SEACO,0.03,7324.493,3,3,7324.493,0.0,0.0,0.0,0.0,244149.766667
1689506,IT,IE,LANDT,PLAST,0.05,7324.486,3,3,7324.486,0.0,0.0,0.0,0.0,146489.72
1642519,IT,AT,COPP1,BIODI,0.02,7324.014,3,3,7324.014,0.0,0.0,0.0,0.0,366200.7
1651271,IT,CY,VEGE1,HOTEL,0.02,7324.008,4,4,7324.006,0.0,0.0,0.0,0.002,366200.4
1732586,IT,SI,GLASS,POULT,0.02,7323.781,3,3,7323.781,0.0,0.0,0.0,0.0,366189.05
1669581,IT,ES,REALE,REALE,0.31,7323.75,3,3,7323.75,0.0,0.0,0.0,0.0,23625.0
1793574,IT,WL,VEGE1,OILSE,0.02,7323.598,4,4,7323.596,0.0,0.0,0.0,0.002,366179.9
1779178,IT,TR,POSTT,CERAM,0.12,7323.391,3,3,7323.391,0.0,0.0,0.0,0.0,61028.258333
1771027,IT,CH,MEATA,HEALT,0.04,7323.362,3,3,7323.362,0.0,0.0,0.0,0.0,183084.05
1670827,IT,FI,HEAVY,STEAM,0.01,7323.333,3,3,7323.333,0.0,0.0,0.0,0.0,732333.3
1778182,IT,TR,FURNI,SUGA1,0.02,7322.873,3,3,7322.873,0.0,0.0,0.0,0.0,366143.65
1711846,IT,LU,PAPE1,CONST,0.05,7322.744,3,3,7322.744,0.0,0.0,0.0,0.0,146454.88
1780788,IT,TW,RENTI,SUPPO,0.04,7322.386,3,3,7322.386,0.0,0.0,0.0,0.0,183059.65
1738088,IT,GB,RUBBE,TRAN2,0.02,7322.271,3,3,7322.271,0.0,0.0,0.0,0.0,366113.55
1758936,IT,BR,RAILW,GASDI,0.05,7322.015,3,3,7322.015,0.0,0.0,0.0,0.0,146440.3
1776485,IT,TR,MOTOR,SECO9,0.01,7321.73,3,3,7321.73,0.0,0.0,0.0,0.0,732173.0
1737786,IT,GB,LIQUE,PUBLI,0.01,7321.629,3,3,7321.629,0.0,0.0,0.0,0.0,732162.9
1760907,IT,IN,GASDI,HEALT,0.01,7321.479,3,3,7321.479,0.0,0.0,0.0,0.0,732147.9
1758713,IT,BR,RETAI,FABRI,0.06,7321.466,3,3,7321.466,0.0,0.0,0.0,0.0,122024.433333
1765541,IT,RU,LEATH,TOBAC,0.05,7321.026,3,3,7321.026,0.0,0.0,0.0,0.0,146420.52
1681782,IT,HR,CHEMI,BUSIN,0.02,7321.014,3,3,7321.014,0.0,0.0,0.0,0.0,366050.7
1718945,IT,PL,PRINT,SALEM,0.07,7320.587,3,3,7320.587,0.0,0.0,0.0,0.0,104579.814286
1749796,IT,CN,RUBBE,PADDY,0.02,7320.518,3,3,7320.518,0.0,0.0,0.0,0.0,366025.9
1786060,IT,ZA,CEMEN,WOODW,0.01,7320.355,3,3,7320.355,0.0,0.0,0.0,0.0,732035.5
1689763,IT,IE,FINAN,MEMBE,0.1,7320.345,3,3,7320.345,0.0,0.0,0.0,0.0,73203.45
1775403,IT,CH,PUBLI,SEACO,0.12,7320.304,3,3,7320.304,0.0,0.0,0.0,0.0,61002.533333
1715328,IT,NL,PAPER,SEWAG,0.03,7320.071,3,3,7320.071,0.0,0.0,0.0,0.0,244002.366667
1785702,IT,ZA,NAPHT,BITU1,0.01,7319.562,3,3,7319.562,0.0,0.0,0.0,0.0,731956.2
1723982,IT,PT,SALEM,POSTT,0.06,7318.946,3,3,7318.946,0.0,0.0,0.0,0.0,121982.433333
1663588,IT,DK,BUSIN,PIGS9,0.08,7318.804,3,3,7318.804,0.0,0.0,0.0,0.0,91485.05
1672290,IT,FI,RENTI,CONST,0.04,7318.177,3,3,7318.177,0.0,0.0,0.0,0.0,182954.425
1671875,IT,FI,HOTEL,MACHI,0.05,7318.056,3,3,7318.056,0.0,0.0,0.0,0.0,146361.12
1755212,IT,KR,WOODW,ELECT,0.02,7317.478,3,3,7317.478,0.0,0.0,0.0,0.0,365873.9
1719230,IT,PL,CHEM1,SANDC,0.02,7317.464,3,3,7317.464,0.0,0.0,0.0,0.0,365873.2
1772316,IT,CH,PLAST,NAPHT,0.02,7317.438,3,3,7317.438,0.0,0.0,0.0,0.0,365871.9
1670484,IT,FI,BEVER,MOTOR,0.03,7317.286,3,3,7317.286,0.0,0.0,0.0,0.0,243909.533333
1779783,IT,TR,BUSIN,RETA1,0.08,7317.112,3,3,7317.112,0.0,0.0,0.0,0.0,91463.9
1754000,IT,CA,LANDT,COMPU,0.05,7316.872,3,3,7316.872,0.0,0.0,0.0,0.0,146337.44
1729272,IT,SE,CEMEN,ELEC4,0.01,7316.699,3,3,7316.699,0.0,0.0,0.0,0.0,731669.9
1729477,IT,SE,ALUM1,GASDI,0.01,7316.696,3,3,7316.696,0.0,0.0,0.0,0.0,731669.6
1670924,IT,FI,CHEM1,COKEO,0.02,7316.687,3,3,7316.687,0.0,0.0,0.0,0.0,365834.35
1681301,IT,GR,INSUR,WEARI,0.15,7316.676,3,3,7316.676,0.0,0.0,0.0,0.0,48777.84
1729532,IT,SE,COPP1,COPPE,0.02,7316.58,3,3,7316.58,0.0,0.0,0.0,0.0,365829.0
1644818,IT,BE,TEXTI,GLASS,0.04,7316.469,3,3,7316.469,0.0,0.0,0.0,0.0,182911.725
1669491,IT,ES,AUXIL,MACHI,0.13,7316.275,3,3,7316.275,0.0,0.0,0.0,0.0,56279.038462
1687027,IT,HU,OFFIC,FINAN,0.02,7315.697,3,3,7315.697,0.0,0.0,0.0,0.0,365784.85
1678928,IT,GR,TEXTI,RADIO,0.04,7315.158,3,3,7315.158,0.0,0.0,0.0,0.0,182878.95
1670710,IT,FI,PAPER,FORES,0.03,7315.072,3,3,7315.072,0.0,0.0,0.0,0.0,243835.733333
1755797,IT,KR,CERAM,LEAD1,0.01,7314.668,3,3,7314.668,0.0,0.0,0.0,0.0,731466.8
1687957,IT,HU,RENTI,PAPER,0.04,7314.175,3,3,7314.175,0.0,0.0,0.0,0.0,182854.375
1735974,IT,SK,MOTO1,COMPU,0.04,7314.144,3,3,7314.144,0.0,0.0,0.0,0.0,182853.6
1682686,IT,HR,KEROS,93197,0.01,7313.875,3,3,7313.875,0.0,0.0,0.0,0.0,731387.5
1667264,IT,ES,ALUM1,MEAT1,0.01,7313.793,3,3,7313.793,0.0,0.0,0.0,0.0,731379.3
1770096,IT,AU,WHOLE,CEMEN,0.06,7313.685,3,3,7313.685,0.0,0.0,0.0,0.0,121894.75
1646182,IT,BE,ALUM1,CERAM,0.01,7313.457,3,3,7313.457,0.0,0.0,0.0,0.0,731345.7
1685743,IT,HU,PLAST,CRUDE,0.02,7313.405,3,3,7313.405,0.0,0.0,0.0,0.0,365670.25
1794768,IT,WL,PLAST,STONE,0.02,7313.237,3,3,7313.237,0.0,0.0,0.0,0.0,365661.85
1663747,IT,EE,FOOD5,SUGA1,0.04,7313.151,3,3,7313.151,0.0,0.0,0.0,0.0,182828.775
1770402,IT,AU,LANDT,SUPPO,0.05,7312.881,3,3,7312.881,0.0,0.0,0.0,0.0,146257.62
1778542,IT,TR,RETA1,COPP1,0.08,7312.643,3,3,7312.643,0.0,0.0,0.0,0.0,91408.0375
1808288,IT,WF,FOOD2,DISTR,0.04,7312.633,3,3,7312.633,0.0,0.0,0.0,0.0,182815.825
1678788,IT,GR,FOOD5,TRANS,0.04,7312.404,3,3,7312.404,0.0,0.0,0.0,0.0,182810.1
1668613,IT,ES,RAILW,WEARI,0.05,7312.083,3,3,7312.083,0.0,0.0,0.0,0.0,146241.66
1813471,IT,WM,SALEM,MOTOR,0.06,7311.808,3,3,7311.808,0.0,0.0,0.0,0.0,121863.466667
1725808,IT,RO,PRINT,FOOD4,0.07,7311.211,3,3,7311.211,0.0,0.0,0.0,0.0,104445.871429
1803067,IT,WF,CEREA,MOTO1,0.01,7310.676,3,3,7310.676,0.0,0.0,0.0,0.0,731067.6
1787934,IT,WA,BEVER,MEMBE,0.03,7310.619,3,3,7310.619,0.0,0.0,0.0,0.0,243687.3
1660900,IT,DE,BUSIN,SUGAR,0.08,7310.565,3,3,7310.565,0.0,0.0,0.0,0.0,91382.0625
1744637,IT,US,RENTI,FOOD3,0.04,7310.436,3,3,7310.436,0.0,0.0,0.0,0.0,182760.9
1729469,IT,SE,ALUM1,DAIRY,0.01,7310.398,3,3,7310.398,0.0,0.0,0.0,0.0,731039.8
1778051,IT,TR,OFFIC,SEACO,0.02,7310.016,3,3,7310.016,0.0,0.0,0.0,0.0,365500.8
1646124,IT,BE,PREC1,PULP5,0.01,7309.918,3,3,7309.918,0.0,0.0,0.0,0.0,730991.8
1709719,IT,LT,CHEM1,GLASS,0.02,7309.546,3,3,7309.546,0.0,0.0,0.0,0.0,365477.3
1648373,IT,BE,RECRE,FOOD5,0.09,7309.51,3,3,7309.51,0.0,0.0,0.0,0.0,81216.777778
1645230,IT,BE,COALT,PFERT,0.01,7309.297,3,3,7309.297,0.0,0.0,0.0,0.0,730929.7
1798323,IT,WE,CROPS,RETAI,0.06,7309.244,3,3,7309.244,0.0,0.0,0.0,0.0,121820.733333
1671611,IT,FI,FURNI,GASDI,0.02,7309.088,3,3,7309.088,0.0,0.0,0.0,0.0,365454.4
1643679,IT,AT,SUPPO,MEATP,0.05,7308.789,3,3,7308.789,0.0,0.0,0.0,0.0,146175.78
1776730,IT,TR,LIQUE,WEARI,0.01,7308.498,3,3,7308.498,0.0,0.0,0.0,0.0,730849.8
1781607,IT,NO,WEARI,HOTEL,0.06,7308.456,3,3,7308.456,0.0,0.0,0.0,0.0,121807.6
1714196,IT,MT,INSUR,CONST,0.15,7308.289,3,3,7308.289,0.0,0.0,0.0,0.0,48721.926667
1754409,IT,CA,RENTI,OFFIC,0.04,7308.041,3,3,7308.041,0.0,0.0,0.0,0.0,182701.025
1781438,IT,NO,FOOD5,PUBLI,0.04,7307.605,3,3,7307.605,0.0,0.0,0.0,0.0,182690.125
1732729,IT,SI,CEMEN,NONF1,0.01,7307.501,3,3,7307.501,0.0,0.0,0.0,0.0,730750.1
1664413,IT,EE,MACHI,ALUM1,0.04,7307.41,3,3,7307.41,0.0,0.0,0.0,0.0,182685.25
1718170,IT,PL,DAIRY,MEAT4,0.03,7307.305,3,3,7307.305,0.0,0.0,0.0,0.0,243576.833333
1752965,IT,CA,CHEM1,RAWMI,0.02,7307.186,3,3,7307.186,0.0,0.0,0.0,0.0,365359.3
1671643,IT,FI,FURNI,INERT,0.02,7307.002,3,3,7307.002,0.0,0.0,0.0,0.0,365350.1
1813563,IT,WM,WHOLE,GLASS,0.06,7306.836,3,3,7306.836,0.0,0.0,0.0,0.0,121780.6
1724483,IT,PT,SUPPO,RAILW,0.05,7306.834,3,3,7306.834,0.0,0.0,0.0,0.0,146136.68
1799473,IT,WE,PAPER,LEAD1,0.03,7306.72,3,3,7306.72,0.0,0.0,0.0,0.0,243557.333333
1759834,IT,BR,FOODW,PRECI,0.05,7306.716,3,3,7306.716,0.0,0.0,0.0,0.0,146134.32
1676678,IT,FR,RAILW,WOODW,0.05,7306.511,3,3,7306.511,0.0,0.0,0.0,0.0,146130.22
1743403,IT,US,SALEM,BUSIN,0.06,7306.418,3,3,7306.418,0.0,0.0,0.0,0.0,121773.633333
1655075,IT,CZ,COMPU,ELEC3,0.08,7306.389,3,3,7306.389,0.0,0.0,0.0,0.0,91329.8625
1797658,IT,WL,PAPE1,DISTR,0.05,7306.14,3,3,7306.14,0.0,0.0,0.0,0.0,146122.8
1661412,IT,DK,VEGE1,MEDIC,0.02,7306.105,4,4,7306.103,0.0,0.0,0.0,0.002,365305.25
1754858,IT,KR,BEVER,COMPU,0.03,7305.954,3,3,7305.954,0.0,0.0,0.0,0.0,243531.8
1687383,IT,HU,HOTEL,ALUM1,0.05,7305.895,3,3,7305.895,0.0,0.0,0.0,0.0,146117.9
1792486,IT,WA,REALE,CRUDE,0.31,7305.752,3,3,7305.752,0.0,0.0,0.0,0.0,23566.941935
1653766,IT,CZ,COPP1,COKE1,0.02,7305.615,3,3,7305.615,0.0,0.0,0.0,0.0,365280.75
1670602,IT,FI,WEARI,HOTEL,0.06,7304.701,3,3,7304.701,0.0,0.0,0.0,0.0,121745.016667
1643077,IT,AT,WHOLE,MEAT1,0.06,7304.562,3,3,7304.562,0.0,0.0,0.0,0.0,121742.7
1671018,IT,FI,RUBBE,FORES,0.02,7303.751,3,3,7303.751,0.0,0.0,0.0,0.0,365187.55
1783426,IT,NO,INTER,REALE,0.04,7303.64,3,3,7303.64,0.0,0.0,0.0,0.0,182591.0
1717044,IT,NL,LANDT,ELEC1,0.05,7302.827,3,3,7302.827,0.0,0.0,0.0,0.0,146056.54
1789141,IT,WA,PLAST,SUGAR,0.02,7302.785,3,3,7302.785,0.0,0.0,0.0,0.0,365139.25
1773560,IT,CH,MOTO1,TRAN2,0.04,7302.684,3,3,7302.684,0.0,0.0,0.0,0.0,182567.1
1643302,IT,AT,RAILW,IRONO,0.05,7302.522,3,3,7302.522,0.0,0.0,0.0,0.0,146050.44
1778793,IT,TR,LANDT,PREC1,0.05,7302.443,3,3,7302.443,0.0,0.0,0.0,0.0,146048.86
1646606,IT,BE,MOTO1,TRAN2,0.04,7302.167,3,3,7302.167,0.0,0.0,0.0,0.0,182554.175
1658079,IT,DE,PREC1,RECRE,0.01,7301.968,3,3,7301.968,0.0,0.0,0.0,0.0,730196.8
1663957,IT,EE,PAPER,FISH5,0.03,7301.958,3,3,7301.958,0.0,0.0,0.0,0.0,243398.6
1789232,IT,WA,PLAST,ELEC7,0.02,7301.747,3,3,7301.747,0.0,0.0,0.0,0.0,365087.35
1713093,IT,MT,FOOD5,POULT,0.04,7301.724,3,3,7301.724,0.0,0.0,0.0,0.0,182543.1
1773890,IT,CH,ELEC8,LEAD1,0.1,7301.71,3,3,7301.71,0.0,0.0,0.0,0.0,73017.1
1813475,IT,WM,SALEM,LIQUE,0.06,7301.683,3,3,7301.683,0.0,0.0,0.0,0.0,121694.716667
1712944,IT,MT,VEGET,TOBAC,0.03,7301.295,3,3,7301.295,0.0,0.0,0.0,0.0,243376.5
1811884,IT,WM,RUBBE,CHARC,0.02,7301.229,3,3,7301.229,0.0,0.0,0.0,0.0,365061.45
1648100,IT,BE,RESEA,HEAVY,0.04,7301.152,3,3,7301.152,0.0,0.0,0.0,0.0,182528.8
1740699,IT,US,CHEMI,COKEO,0.02,7300.832,3,3,7300.832,0.0,0.0,0.0,0.0,365041.6
1644332,IT,BE,STONE,RESEA,0.02,7300.722,3,3,7300.722,0.0,0.0,0.0,0.0,365036.1
1757466,IT,BR,PAPER,BASIC,0.03,7300.274,3,3,7300.274,0.0,0.0,0.0,0.0,243342.466667
1648607,IT,BG,MEATP,WHOLE,0.03,7300.272,3,3,7300.272,0.0,0.0,0.0,0.0,243342.4
1642708,IT,AT,MACHI,MEAT1,0.04,7300.224,3,3,7300.224,0.0,0.0,0.0,0.0,182505.6
1668144,IT,ES,SALEM,PAPER,0.06,7299.419,3,3,7299.419,0.0,0.0,0.0,0.0,121656.983333
1794713,IT,WL,NAPHT,COMPU,0.01,7299.27,3,3,7299.27,0.0,0.0,0.0,0.0,729927.0
1772491,IT,CH,BIODI,EDUCA,0.02,7299.227,3,3,7299.227,0.0,0.0,0.0,0.0,364961.35
1661316,IT,DK,CHEMI,WOODW,0.02,7299.063,3,3,7299.063,0.0,0.0,0.0,0.0,364953.15
1762055,IT,IN,RETA1,BEVER,0.08,7298.755,3,3,7298.755,0.0,0.0,0.0,0.0,91234.4375
1650740,IT,BG,HOTEL,SALEM,0.05,7298.595,3,3,7298.595,0.0,0.0,0.0,0.0,145971.9
1768186,IT,RU,PUBLI,SEACO,0.12,7298.511,3,3,7298.511,0.0,0.0,0.0,0.0,60820.925
1727332,IT,RO,POSTT,TRAN1,0.12,7298.069,3,3,7298.069,0.0,0.0,0.0,0.0,60817.241667
1814971,IT,WM,PRIVA,LANDT,1.63,7297.97,3,3,7297.97,0.0,0.0,0.0,0.0,4477.282209
1750731,IT,CN,TRANS,FORES,0.04,7297.928,3,3,7297.928,0.0,0.0,0.0,0.0,182448.2
1677572,IT,FR,REALE,TEXTI,0.31,7297.801,3,3,7297.801,0.0,0.0,0.0,0.0,23541.293548
1655486,IT,DE,FISHF,93197,0.01,7297.275,3,3,7297.275,0.0,0.0,0.0,0.0,729727.5
1749868,IT,CN,RUBBE,COKE1,0.02,7297.267,3,3,7297.267,0.0,0.0,0.0,0.0,364863.35
1688577,IT,IE,PRINT,ELEC2,0.07,7296.623,3,3,7296.623,0.0,0.0,0.0,0.0,104237.471429
1661684,IT,DK,WEARI,MEAT4,0.05,7295.998,3,3,7295.998,0.0,0.0,0.0,0.0,145919.96
1801002,IT,WE,ALUM1,EDUCA,0.01,7295.543,3,3,7295.543,0.0,0.0,0.0,0.0,729554.3
1722523,IT,PT,FOOD5,PUBLI,0.04,7295.412,3,3,7295.412,0.0,0.0,0.0,0.0,182385.3
1669501,IT,ES,AUXIL,DIST1,0.13,7295.037,3,3,7295.037,0.0,0.0,0.0,0.0,56115.669231
1686307,IT,HU,NONME,POULT,0.01,7294.982,3,3,7294.982,0.0,0.0,0.0,0.0,729498.2
1781654,IT,NO,LEATH,OFFIC,0.05,7294.665,3,3,7294.665,0.0,0.0,0.0,0.0,145893.3
1800113,IT,WE,NAPHT,CHARC,0.01,7293.912,3,3,7293.912,0.0,0.0,0.0,0.0,729391.2
1740939,IT,US,FOOD5,ELEC5,0.04,7293.482,3,3,7293.482,0.0,0.0,0.0,0.0,182337.05
1800568,IT,WE,GLASS,VEGET,0.02,7293.33,3,3,7293.33,0.0,0.0,0.0,0.0,364666.5
1804928,IT,WF,BITU1,93197,0.01,7293.227,3,3,7293.227,0.0,0.0,0.0,0.0,729322.7
1781203,IT,NO,VEGET,MOTO1,0.03,7293.025,3,3,7293.025,0.0,0.0,0.0,0.0,243100.833333
1715826,IT,NL,RUBBE,NFERT,0.02,7292.647,3,3,7292.647,0.0,0.0,0.0,0.0,364632.35
1795438,IT,WL,PREC1,DAIRY,0.01,7292.08,3,3,7292.08,0.0,0.0,0.0,0.0,729208.0
1716029,IT,NL,NONME,CHEM1,0.01,7291.954,3,3,7291.954,0.0,0.0,0.0,0.0,729195.4
1751826,IT,CN,RENTI,WEARI,0.04,7291.78,3,3,7291.78,0.0,0.0,0.0,0.0,182294.5
1674232,IT,FR,LIQUE,FOOD2,0.01,7291.675,3,3,7291.675,0.0,0.0,0.0,0.0,729167.5
1810135,IT,WM,WEARI,MEAT4,0.05,7291.46,3,3,7291.46,0.0,0.0,0.0,0.0,145829.2
1641610,IT,AT,NAPHT,CEMEN,0.01,7291.379,3,3,7291.379,0.0,0.0,0.0,0.0,729137.9
1807040,IT,WF,TRAN2,DIST1,0.01,7290.691,3,3,7290.691,0.0,0.0,0.0,0.0,729069.1
1758009,IT,BR,RUBBE,BIODI,0.02,7290.584,3,3,7290.584,0.0,0.0,0.0,0.0,364529.2
1738255,IT,GB,CEMEN,93197,0.01,7290.427,3,3,7290.427,0.0,0.0,0.0,0.0,729042.7
1649274,IT,BG,LIQUE,WOODW,0.01,7290.285,3,3,7290.285,0.0,0.0,0.0,0.0,729028.5
1711752,IT,LU,BUSIN,FOODW,0.07,7290.284,3,3,7290.284,0.0,0.0,0.0,0.0,104146.914286
1811084,IT,WM,HEAVY,COLLE,0.01,7290.188,3,3,7290.188,0.0,0.0,0.0,0.0,729018.8
1759933,IT,BR,PLAS1,WOODW,0.03,7289.983,3,3,7289.983,0.0,0.0,0.0,0.0,242999.433333
1661238,IT,DK,VEGET,MEAT4,0.03,7289.933,3,3,7289.933,0.0,0.0,0.0,0.0,242997.766667
1758973,IT,BR,LANDT,RAWMI,0.05,7289.863,3,3,7289.863,0.0,0.0,0.0,0.0,145797.26
1664427,IT,EE,MACHI,ELEC5,0.04,7289.645,3,3,7289.645,0.0,0.0,0.0,0.0,182241.125
1647748,IT,BE,INSUR,AIRTR,0.15,7289.222,3,3,7289.222,0.0,0.0,0.0,0.0,48594.813333
1737052,IT,GB,SANDC,ALUM1,0.02,7288.833,4,4,7286.833,0.0,0.0,2.0,0.0,364441.65
1647660,IT,BE,FINAN,ELEC3,0.09,7288.829,3,3,7288.829,0.0,0.0,0.0,0.0,80986.988889
1756286,IT,KR,MOTO1,LEATH,0.04,7288.564,3,3,7288.564,0.0,0.0,0.0,0.0,182214.1
1812561,IT,WM,ALUM1,LANDT,0.01,7288.479,3,3,7288.479,0.0,0.0,0.0,0.0,728847.9
1710621,IT,LU,MEATC,MEATC,0.02,7288.345,3,3,7288.345,0.0,0.0,0.0,0.0,364417.25
1812625,IT,WM,COPP1,VEGET,0.02,7288.3,3,3,7288.3,0.0,0.0,0.0,0.0,364415.0
1787954,IT,WA,TOBAC,SANDC,0.03,7288.115,3,3,7288.115,0.0,0.0,0.0,0.0,242937.166667
1642515,IT,AT,COPP1,PRINT,0.02,7288.067,3,3,7288.067,0.0,0.0,0.0,0.0,364403.35
1753808,IT,CA,WHOLE,CATTL,0.06,7287.752,3,3,7287.752,0.0,0.0,0.0,0.0,121462.533333
1742641,IT,US,COPP1,BASIC,0.02,7287.75,3,3,7287.75,0.0,0.0,0.0,0.0,364387.5
1769673,IT,AU,FABRI,TRAN2,0.03,7287.647,3,3,7287.647,0.0,0.0,0.0,0.0,242921.566667
1712477,IT,LV,COPP1,BASIC,0.02,7287.182,3,3,7287.182,0.0,0.0,0.0,0.0,364359.1
1649651,IT,BG,CERAM,CHEMI,0.01,7286.916,3,3,7286.916,0.0,0.0,0.0,0.0,728691.6
1663518,IT,DK,RENTI,FOODW,0.04,7286.84,3,3,7286.84,0.0,0.0,0.0,0.0,182171.0
1688608,IT,IE,PARAF,DIST1,0.01,7286.791,3,3,7286.791,0.0,0.0,0.0,0.0,728679.1
1754512,IT,CA,BUSIN,LEAD1,0.07,7286.76,3,3,7286.76,0.0,0.0,0.0,0.0,104096.571429
1719059,IT,PL,LIQUE,HOTEL,0.01,7286.629,3,3,7286.629,0.0,0.0,0.0,0.0,728662.9
1662684,IT,DK,MACHI,COLLE,0.04,7286.38,3,3,7286.38,0.0,0.0,0.0,0.0,182159.5
1645472,IT,BE,PARAF,ELECT,0.01,7286.1,3,3,7286.1,0.0,0.0,0.0,0.0,728610.0
1750137,IT,CN,PREC1,NONF1,0.01,7285.455,3,3,7285.455,0.0,0.0,0.0,0.0,728545.5
1647994,IT,BE,COMPU,SANDC,0.08,7285.085,3,3,7285.085,0.0,0.0,0.0,0.0,91063.5625
1680241,IT,GR,TRANS,RETA1,0.04,7284.583,3,3,7284.583,0.0,0.0,0.0,0.0,182114.575
1666354,IT,ES,LIQUE,OILHA,0.01,7284.444,3,3,7284.444,0.0,0.0,0.0,0.0,728444.4
1742190,IT,US,GLASS,ELEC2,0.02,7284.232,3,3,7284.232,0.0,0.0,0.0,0.0,364211.6
1665278,IT,ES,BEVER,GLASS,0.03,7283.827,3,3,7283.827,0.0,0.0,0.0,0.0,242794.233333
1686055,IT,HU,RUBBE,STONE,0.02,7283.689,3,3,7283.689,0.0,0.0,0.0,0.0,364184.45
1741079,IT,US,TEXTI,LANDT,0.04,7283.607,3,3,7283.607,0.0,0.0,0.0,0.0,182090.175
1662449,IT,DK,ALUM1,LEATH,0.01,7283.503,3,3,7283.503,0.0,0.0,0.0,0.0,728350.3
1780059,IT,TW,WHOLE,LIQUE,0.06,7283.438,3,3,7283.438,0.0,0.0,0.0,0.0,121390.633333
1648925,IT,BG,WEARI,GASDI,0.05,7283.243,3,3,7283.243,0.0,0.0,0.0,0.0,145664.86
1684213,IT,HR,TRAN2,RAILW,0.01,7282.204,3,3,7282.204,0.0,0.0,0.0,0.0,728220.4
1800993,IT,WE,ALUM1,LANDT,0.01,7281.972,3,3,7281.972,0.0,0.0,0.0,0.0,728197.2
1675473,IT,FR,OFFIC,PULP5,0.02,7281.708,3,3,7281.708,0.0,0.0,0.0,0.0,364085.4
1670854,IT,FI,NUCLE,GASDI,0.02,7281.536,3,3,7281.536,0.0,0.0,0.0,0.0,364076.8
1660462,IT,DE,INSUR,BEVER,0.15,7281.155,3,3,7281.155,0.0,0.0,0.0,0.0,48541.033333
1653463,IT,CZ,NONME,COMPU,0.01,7281.02,3,3,7281.02,0.0,0.0,0.0,0.0,728102.0
1802117,IT,WE,RETA1,SALEM,0.08,7280.934,3,3,7280.934,0.0,0.0,0.0,0.0,91011.675
1793836,IT,WL,TEXTI,CHARC,0.04,7280.678,3,3,7280.678,0.0,0.0,0.0,0.0,182016.95
1786174,IT,ZA,PREC1,PLAST,0.01,7280.482,3,3,7280.482,0.0,0.0,0.0,0.0,728048.2
1754969,IT,KR,TEXTI,RETAI,0.04,7280.379,3,3,7280.379,0.0,0.0,0.0,0.0,182009.475
1771091,IT,CH,NATUR,SUPPO,0.01,7279.958,3,3,7279.958,0.0,0.0,0.0,0.0,727995.8
1741068,IT,US,TEXTI,ELEC1,0.04,7279.903,3,3,7279.903,0.0,0.0,0.0,0.0,181997.575
1733569,IT,SI,RETA1,COLLE,0.08,7279.843,3,3,7279.843,0.0,0.0,0.0,0.0,90998.0375
1762853,IT,IN,PUBLI,SUPPO,0.12,7279.635,3,3,7279.635,0.0,0.0,0.0,0.0,60663.625
1673382,IT,FR,WEARI,CEREA,0.05,7279.483,3,3,7279.483,0.0,0.0,0.0,0.0,145589.66
1748837,IT,CN,TEXTI,INLAN,0.04,7278.838,3,3,7278.838,0.0,0.0,0.0,0.0,181970.95
1672902,IT,FR,VEGE1,FINAN,0.02,7278.697,4,4,7278.695,0.0,0.0,0.0,0.002,363934.85
1672387,IT,FI,BUSIN,FOUND,0.07,7278.686,3,3,7278.686,0.0,0.0,0.0,0.0,103981.228571
1761896,IT,IN,FURNI,FORES,0.02,7278.609,3,3,7278.609,0.0,0.0,0.0,0.0,363930.45
1768347,IT,AU,MEAT4,PROCE,0.04,7278.485,3,3,7278.485,0.0,0.0,0.0,0.0,181962.125
1718908,IT,PL,PRINT,HEAVY,0.07,7278.403,3,3,7278.403,0.0,0.0,0.0,0.0,103977.185714
1687720,IT,HU,SUPPO,LEATH,0.05,7278.373,3,3,7278.373,0.0,0.0,0.0,0.0,145567.46
1747934,IT,JP,COMPU,RECRE,0.08,7278.287,3,3,7278.287,0.0,0.0,0.0,0.0,90978.5875
1730176,IT,SE,LANDT,GLASS,0.05,7277.944,3,3,7277.944,0.0,0.0,0.0,0.0,145558.88
1683608,IT,HR,FABRI,RAWMI,0.03,7277.942,3,3,7277.942,0.0,0.0,0.0,0.0,242598.066667
1746429,IT,JP,RUBBE,FOODW,0.02,7277.796,3,3,7277.796,0.0,0.0,0.0,0.0,363889.8
1809862,IT,WM,BEVER,FORES,0.03,7277.69,3,3,7277.69,0.0,0.0,0.0,0.0,242589.666667
1753502,IT,CA,MACHI,CATTL,0.04,7277.632,3,3,7277.632,0.0,0.0,0.0,0.0,181940.8
1738884,IT,GB,FURNI,VEGET,0.02,7277.008,3,3,7277.008,0.0,0.0,0.0,0.0,363850.4
1671858,IT,FI,RETA1,INERT,0.08,7276.973,3,3,7276.973,0.0,0.0,0.0,0.0,90962.1625
1674272,IT,FR,PARAF,LUBRI,0.01,7276.901,3,3,7276.901,0.0,0.0,0.0,0.0,727690.1
1672541,IT,FR,CEREA,MEAT4,0.01,7276.852,3,3,7276.852,0.0,0.0,0.0,0.0,727685.2
1776999,IT,TR,CHEM1,LIGNI,0.02,7276.829,3,3,7276.829,0.0,0.0,0.0,0.0,363841.45
1709630,IT,LT,PAPER,RECRE,0.03,7275.803,3,3,7275.803,0.0,0.0,0.0,0.0,242526.766667
1640140,IT,AT,CEREA,BIOGA,0.01,7275.771,3,3,7275.771,0.0,0.0,0.0,0.0,727577.1
1671925,IT,FI,LANDT,PEAT2,0.05,7275.646,3,3,7275.646,0.0,0.0,0.0,0.0,145512.92
1646155,IT,BE,PREC1,SEWAG,0.01,7275.584,3,3,7275.584,0.0,0.0,0.0,0.0,727558.4
1812520,IT,WM,ALUM1,WEARI,0.01,7275.452,3,3,7275.452,0.0,0.0,0.0,0.0,727545.2
1645020,IT,BE,PULP5,AUXIL,0.02,7275.25,3,3,7275.25,0.0,0.0,0.0,0.0,363762.5
1805427,IT,WF,GLASS,BITUM,0.02,7275.081,3,3,7275.081,0.0,0.0,0.0,0.0,363754.05
1647697,IT,BE,INSUR,SUGA1,0.15,7274.987,3,3,7274.987,0.0,0.0,0.0,0.0,48499.913333
1649057,IT,BG,PAPER,PIGS9,0.03,7274.826,3,3,7274.826,0.0,0.0,0.0,0.0,242494.2
1671500,IT,FI,MACHI,LEAD1,0.04,7274.767,3,3,7274.767,0.0,0.0,0.0,0.0,181869.175
1652272,IT,CZ,FOOD5,MEMBE,0.03,7274.489,3,3,7274.489,0.0,0.0,0.0,0.0,242482.966667
1713048,IT,MT,MEAT4,CONST,0.04,7274.329,3,3,7274.329,0.0,0.0,0.0,0.0,181858.225
1734774,IT,SK,WOODW,CERAM,0.02,7273.344,3,3,7273.344,0.0,0.0,0.0,0.0,363667.2
1650423,IT,BG,ELEC4,MACHI,0.12,7273.194,3,3,7273.194,0.0,0.0,0.0,0.0,60609.95
1709576,IT,LT,PAPER,FORES,0.03,7273.116,3,3,7273.116,0.0,0.0,0.0,0.0,242437.2
1658840,IT,DE,MOTO1,TRAN2,0.04,7273.03,3,3,7273.03,0.0,0.0,0.0,0.0,181825.75
1710230,IT,LT,OFFIC,POSTT,0.02,7272.561,3,3,7272.561,0.0,0.0,0.0,0.0,363628.05
1745518,IT,JP,FOOD5,REALE,0.03,7271.769,3,3,7271.769,0.0,0.0,0.0,0.0,242392.3
1652393,IT,CZ,TEXTI,LIQUE,0.04,7271.699,3,3,7271.699,0.0,0.0,0.0,0.0,181792.475
1744078,IT,US,SUPPO,FORES,0.05,7271.605,3,3,7271.605,0.0,0.0,0.0,0.0,145432.1
1737830,IT,GB,PARAF,CONST,0.01,7271.223,3,3,7271.223,0.0,0.0,0.0,0.0,727122.3
1812557,IT,WM,ALUM1,RETAI,0.01,7271.103,3,3,7271.103,0.0,0.0,0.0,0.0,727110.3
1723894,IT,PT,FURNI,CEMEN,0.02,7270.207,3,3,7270.207,0.0,0.0,0.0,0.0,363510.35
1755737,IT,KR,GLASS,BASIC,0.02,7270.173,3,3,7270.173,0.0,0.0,0.0,0.0,363508.65
1785016,IT,ID,BUSIN,WOODW,0.07,7269.133,3,3,7269.133,0.0,0.0,0.0,0.0,103844.757143
1687277,IT,HU,WHOLE,WHOLE,0.06,7268.937,3,3,7268.937,0.0,0.0,0.0,0.0,121148.95
1744210,IT,US,POSTT,KEROS,0.12,7268.709,3,3,7268.709,0.0,0.0,0.0,0.0,60572.575
1805867,IT,WF,ALUM1,HEAVY,0.01,7268.669,3,3,7268.669,0.0,0.0,0.0,0.0,726866.9
1747790,IT,JP,AUXIL,HOTEL,0.13,7267.623,3,3,7267.623,0.0,0.0,0.0,0.0,55904.792308
1811279,IT,WM,BITU1,COKEO,0.01,7267.487,3,3,7267.487,0.0,0.0,0.0,0.0,726748.7
1724917,IT,PT,BUSIN,SEACO,0.07,7267.399,3,3,7267.399,0.0,0.0,0.0,0.0,103819.985714
1731421,IT,SI,FOOD5,DISTR,0.03,7267.354,3,3,7267.354,0.0,0.0,0.0,0.0,242245.133333
1716572,IT,NL,SALEM,CRUDE,0.06,7267.276,3,3,7267.276,0.0,0.0,0.0,0.0,121121.266667
1655793,IT,DE,MEAT4,EDUCA,0.04,7266.533,3,3,7266.533,0.0,0.0,0.0,0.0,181663.325
1751880,IT,CN,COMPU,FISH5,0.08,7266.17,3,3,7266.17,0.0,0.0,0.0,0.0,90827.125
1729217,IT,SE,CERAM,ELEC2,0.01,7266.128,3,3,7266.128,0.0,0.0,0.0,0.0,726612.8
1732543,IT,SI,RUBBE,ELEC4,0.02,7266.002,3,3,7266.002,0.0,0.0,0.0,0.0,363300.1
1806538,IT,WF,FURNI,MEAT4,0.02,7265.91,3,3,7265.91,0.0,0.0,0.0,0.0,363295.5
1721479,IT,PL,SUPPO,VEGET,0.05,7265.76,3,3,7265.76,0.0,0.0,0.0,0.0,145315.2
1682019,IT,HR,BEVER,FABRI,0.03,7265.748,3,3,7265.748,0.0,0.0,0.0,0.0,242191.6
1729530,IT,SE,LEAD1,WASTE,0.01,7265.404,3,3,7265.404,0.0,0.0,0.0,0.0,726540.4
1715166,IT,NL,LEATH,FOOD2,0.05,7265.051,3,3,7265.051,0.0,0.0,0.0,0.0,145301.02
1755499,IT,KR,CHEM1,RAWMI,0.02,7264.921,3,3,7264.921,0.0,0.0,0.0,0.0,363246.05
1764497,IT,MX,CONST,BASIC,0.04,7264.871,3,3,7264.871,0.0,0.0,0.0,0.0,181621.775
1684942,IT,HU,MEATP,FOOD5,0.03,7264.76,3,3,7264.76,0.0,0.0,0.0,0.0,242158.666667
1740032,IT,GB,RENTI,PAPER,0.04,7264.704,3,3,7264.704,0.0,0.0,0.0,0.0,181617.6
1710901,IT,LU,GASDI,CONST,0.01,7264.426,3,3,7264.426,0.0,0.0,0.0,0.0,726442.6
1664475,IT,EE,OFFIC,RESEA,0.02,7264.365,3,3,7264.365,0.0,0.0,0.0,0.0,363218.25
1662752,IT,DK,OFFIC,INLAN,0.02,7263.981,3,3,7263.981,0.0,0.0,0.0,0.0,363199.05
1727888,IT,RO,WASTE,COMPU,0.02,7263.75,3,3,7263.75,0.0,0.0,0.0,0.0,363187.5
1710125,IT,LT,MACHI,FISHF,0.04,7263.611,3,3,7263.611,0.0,0.0,0.0,0.0,181590.275
1685181,IT,HU,BEVER,ELEC3,0.03,7263.513,3,3,7263.513,0.0,0.0,0.0,0.0,242117.1
1763007,IT,MX,FOOD5,RECRE,0.03,7263.426,3,3,7263.426,0.0,0.0,0.0,0.0,242114.2
1726613,IT,RO,MOTO1,PLAST,0.04,7263.312,3,3,7263.312,0.0,0.0,0.0,0.0,181582.8
1714535,IT,NL,CRUDE,BRICK,0.01,7263.223,3,3,7263.223,0.0,0.0,0.0,0.0,726322.3
1664971,IT,ES,SANDC,DIST1,0.02,7263.088,4,4,7261.088,0.0,0.0,2.0,0.0,363154.4
1734811,IT,SK,PULP5,RUBBE,0.02,7262.201,3,3,7262.201,0.0,0.0,0.0,0.0,363110.05
1806648,IT,WF,RETAI,IRONO,0.06,7262.001,3,3,7262.001,0.0,0.0,0.0,0.0,121033.35
1797714,IT,WL,PLAS1,SEACO,0.03,7261.918,3,3,7261.918,0.0,0.0,0.0,0.0,242063.933333
1781717,IT,NO,PAPER,VEGET,0.03,7261.561,3,3,7261.561,0.0,0.0,0.0,0.0,242052.033333
1715016,IT,NL,TEXTI,PIGS9,0.04,7261.4,3,3,7261.4,0.0,0.0,0.0,0.0,181535.0
1776998,IT,TR,CHEM1,BITUM,0.02,7261.008,3,3,7261.008,0.0,0.0,0.0,0.0,363050.4
1742657,IT,US,COPP1,DIST1,0.02,7260.642,3,3,7260.642,0.0,0.0,0.0,0.0,363032.1
1662877,IT,DK,WHOLE,CERAM,0.06,7260.355,3,3,7260.355,0.0,0.0,0.0,0.0,121005.916667
1642243,IT,AT,NONME,MOTOR,0.01,7260.188,3,3,7260.188,0.0,0.0,0.0,0.0,726018.8
1777653,IT,TR,LEAD1,GLASS,0.01,7259.634,3,3,7259.634,0.0,0.0,0.0,0.0,725963.4
1723484,IT,PT,ALUM1,SALEM,0.01,7259.447,3,3,7259.447,0.0,0.0,0.0,0.0,725944.7
1770899,IT,AU,BUSIN,FOOD1,0.07,7258.891,3,3,7258.891,0.0,0.0,0.0,0.0,103698.442857
1799931,IT,WE,HEAVY,SUBBI,0.01,7258.872,3,3,7258.872,0.0,0.0,0.0,0.0,725887.2
1644440,IT,BE,VEGE1,MEAT4,0.02,7258.624,4,4,7258.622,0.0,0.0,0.0,0.002,362931.2
1760067,IT,BR,OILHA,FURNI,0.04,7258.303,3,3,7258.303,0.0,0.0,0.0,0.0,181457.575
1753833,IT,CA,WHOLE,FURNI,0.06,7258.047,3,3,7258.047,0.0,0.0,0.0,0.0,120967.45
1682962,IT,HR,PLAST,TRANS,0.02,7257.579,3,3,7257.579,0.0,0.0,0.0,0.0,362878.95
1715094,IT,NL,WEARI,WHOLE,0.05,7256.954,3,3,7256.954,0.0,0.0,0.0,0.0,145139.08
1729907,IT,SE,FURNI,NONFE,0.02,7256.949,3,3,7256.949,0.0,0.0,0.0,0.0,362847.45
1641588,IT,AT,NAPHT,DAIRY,0.01,7256.61,3,3,7256.61,0.0,0.0,0.0,0.0,725661.0
1806746,IT,WF,WHOLE,SEACO,0.06,7256.364,3,3,7256.364,0.0,0.0,0.0,0.0,120939.4
1717549,IT,NL,RENTI,REALE,0.04,7255.882,3,3,7255.882,0.0,0.0,0.0,0.0,181397.05
1731395,IT,SI,FOOD5,WOODW,0.03,7255.806,3,3,7255.806,0.0,0.0,0.0,0.0,241860.2
1776021,IT,TR,TEXTI,MOTOR,0.04,7255.765,3,3,7255.765,0.0,0.0,0.0,0.0,181394.125
1765040,IT,MX,INSUR,MACHI,0.15,7255.484,3,3,7255.484,0.0,0.0,0.0,0.0,48369.893333
1753683,IT,CA,MOTO1,FURNI,0.04,7255.273,3,3,7255.273,0.0,0.0,0.0,0.0,181381.825
1663982,IT,EE,PAPER,SEACO,0.03,7255.25,3,3,7255.25,0.0,0.0,0.0,0.0,241841.666667
1713448,IT,MT,CHEM1,FOOD5,0.02,7255.059,3,3,7255.059,0.0,0.0,0.0,0.0,362752.95
1676157,IT,FR,CONST,DAIRY,0.04,7255.044,3,3,7255.044,0.0,0.0,0.0,0.0,181376.1
1664199,IT,EE,CERAM,HYDRO,0.01,7254.599,3,3,7254.599,0.0,0.0,0.0,0.0,725459.9
1651975,IT,CY,BUSIN,93197,0.07,7254.503,3,3,7254.503,0.0,0.0,0.0,0.0,103635.757143
1745745,IT,JP,WEARI,LEAD1,0.05,7254.454,3,3,7254.454,0.0,0.0,0.0,0.0,145089.08
1786487,IT,ZA,MOTO1,TRAN2,0.04,7254.264,3,3,7254.264,0.0,0.0,0.0,0.0,181356.6
1684998,IT,HU,VEGE1,BIODI,0.02,7253.985,4,4,7253.983,0.0,0.0,0.0,0.002,362699.25
1734930,IT,SK,MOTOR,WHOLE,0.01,7253.981,3,3,7253.981,0.0,0.0,0.0,0.0,725398.1
1750203,IT,CN,LEAD1,WOODW,0.01,7253.688,3,3,7253.688,0.0,0.0,0.0,0.0,725368.8
1666599,IT,ES,CHEM1,MEDIC,0.02,7253.396,3,3,7253.396,0.0,0.0,0.0,0.0,362669.8
1651572,IT,CY,RUBBE,RECRE,0.02,7253.344,3,3,7253.344,0.0,0.0,0.0,0.0,362667.2
1651346,IT,CY,WOODW,RECRE,0.02,7253.34,3,3,7253.34,0.0,0.0,0.0,0.0,362667.0
1722057,IT,PL,BUSIN,COKIN,0.07,7253.318,3,3,7253.318,0.0,0.0,0.0,0.0,103618.828571
1800336,IT,WE,CHEM1,CRUDE,0.02,7253.023,3,3,7253.023,0.0,0.0,0.0,0.0,362651.15
1741082,IT,US,TEXTI,FINAN,0.04,7252.428,3,3,7252.428,0.0,0.0,0.0,0.0,181310.7
1678328,IT,FR,WASTE,SUPPO,0.02,7252.28,3,3,7252.28,0.0,0.0,0.0,0.0,362614.0
1648472,IT,BG,VEGET,RETA1,0.03,7252.251,3,3,7252.251,0.0,0.0,0.0,0.0,241741.7
1734104,IT,SI,INSUR,REALE,0.15,7252.172,3,3,7252.172,0.0,0.0,0.0,0.0,48347.813333
1757662,IT,BR,HEAVY,REFIN,0.01,7251.891,3,3,7251.891,0.0,0.0,0.0,0.0,725189.1
1743257,IT,US,FURNI,DAIRY,0.02,7251.755,3,3,7251.755,0.0,0.0,0.0,0.0,362587.75
1762349,IT,IN,SUPPO,SEACO,0.05,7251.678,3,3,7251.678,0.0,0.0,0.0,0.0,145033.56
1662769,IT,DK,MOTO1,FABRI,0.04,7251.032,3,3,7251.032,0.0,0.0,0.0,0.0,181275.8
1762176,IT,IN,LANDT,COMPU,0.05,7250.902,3,3,7250.902,0.0,0.0,0.0,0.0,145018.04
1726933,IT,RO,HOTEL,MEATC,0.05,7250.744,3,3,7250.744,0.0,0.0,0.0,0.0,145014.88
1813242,IT,WM,TRANS,LEATH,0.04,7250.3,3,3,7250.3,0.0,0.0,0.0,0.0,181257.5
1732090,IT,SI,KERO1,RETA1,0.01,7250.128,3,3,7250.128,0.0,0.0,0.0,0.0,725012.8
1799939,IT,WE,HEAVY,NICKE,0.01,7249.789,3,3,7249.789,0.0,0.0,0.0,0.0,724978.9
1756653,IT,KR,LANDT,TRAN1,0.05,7249.726,3,3,7249.726,0.0,0.0,0.0,0.0,144994.52
1750944,IT,CN,CONST,AUXIL,0.04,7249.652,3,3,7249.652,0.0,0.0,0.0,0.0,181241.3
1787727,IT,WA,VEGE1,MEDIC,0.02,7249.547,4,4,7249.545,0.0,0.0,0.0,0.002,362477.35
1738049,IT,GB,RUBBE,KEROS,0.02,7249.391,3,3,7249.391,0.0,0.0,0.0,0.0,362469.55
1794079,IT,WL,PAPER,COKEO,0.03,7249.089,3,3,7249.089,0.0,0.0,0.0,0.0,241636.3
1719616,IT,PL,CERAM,DISTR,0.01,7248.544,3,3,7248.544,0.0,0.0,0.0,0.0,724854.4
1667648,IT,ES,MACHI,PETRO,0.04,7248.499,3,3,7248.499,0.0,0.0,0.0,0.0,181212.475
1655221,IT,CZ,PUBLI,DIST1,0.12,7247.977,3,3,7247.977,0.0,0.0,0.0,0.0,60399.808333
1787882,IT,WA,BEVER,LEADZ,0.03,7247.961,3,3,7247.961,0.0,0.0,0.0,0.0,241598.7
1733556,IT,SI,RETA1,BASIC,0.08,7247.869,3,3,7247.869,0.0,0.0,0.0,0.0,90598.3625
1684969,IT,HU,MEAT4,RETA1,0.04,7247.255,3,3,7247.255,0.0,0.0,0.0,0.0,181181.375
1668241,IT,ES,RETAI,FOOD4,0.06,7247.178,3,3,7247.178,0.0,0.0,0.0,0.0,120786.3
1658193,IT,DE,LEAD1,FISH5,0.01,7246.894,3,3,7246.894,0.0,0.0,0.0,0.0,724689.4
1805205,IT,WF,CHEM1,KERO1,0.02,7246.554,3,3,7246.554,0.0,0.0,0.0,0.0,362327.7
1687234,IT,HU,RETAI,RENTI,0.06,7246.502,3,3,7246.502,0.0,0.0,0.0,0.0,120775.033333
1794760,IT,WL,PLAST,RAWMI,0.02,7246.093,3,3,7246.093,0.0,0.0,0.0,0.0,362304.65
1778802,IT,TR,LANDT,ELECT,0.05,7246.061,3,3,7246.061,0.0,0.0,0.0,0.0,144921.22
1725199,IT,RO,DAIRY,SUPPO,0.03,7245.87,3,3,7245.87,0.0,0.0,0.0,0.0,241529.0
1678583,IT,GR,MEATA,MEAT4,0.04,7245.445,3,3,7245.445,0.0,0.0,0.0,0.0,181136.125
1661685,IT,DK,WEARI,FISH5,0.05,7244.817,3,3,7244.817,0.0,0.0,0.0,0.0,144896.34
1805979,IT,WF,COPP1,VEGE1,0.02,7244.323,3,3,7244.323,0.0,0.0,0.0,0.0,362216.15
1678807,IT,GR,FOOD5,93197,0.03,7243.973,3,3,7243.973,0.0,0.0,0.0,0.0,241465.766667
1660659,IT,DE,REALE,EDUCA,0.31,7243.824,3,3,7243.824,0.0,0.0,0.0,0.0,23367.174194
1748197,IT,JP,PAPE1,GLASS,0.05,7243.422,3,3,7243.422,0.0,0.0,0.0,0.0,144868.44
1763744,IT,MX,GLASS,MOTOR,0.02,7243.142,3,3,7243.142,0.0,0.0,0.0,0.0,362157.1
1659355,IT,DE,RETAI,PUBLI,0.06,7243.077,3,3,7243.077,0.0,0.0,0.0,0.0,120717.95
1722927,IT,PT,GASDI,MOTOR,0.01,7242.798,3,3,7242.798,0.0,0.0,0.0,0.0,724279.8
1670385,IT,FI,PROCE,DAIRY,0.05,7242.751,3,3,7242.751,0.0,0.0,0.0,0.0,144855.02
1654208,IT,CZ,MOTO1,PAPE1,0.04,7242.751,3,3,7242.751,0.0,0.0,0.0,0.0,181068.775
1756589,IT,KR,RETA1,93197,0.08,7242.508,3,3,7242.508,0.0,0.0,0.0,0.0,90531.35
1721354,IT,PL,TRAN2,BUSIN,0.01,7241.77,3,3,7241.77,0.0,0.0,0.0,0.0,724177.0
1807460,IT,WF,AUXIL,EDUCA,0.13,7241.601,3,3,7241.601,0.0,0.0,0.0,0.0,55704.623077
1730851,IT,SE,PUBLI,CONST,0.12,7241.548,3,3,7241.548,0.0,0.0,0.0,0.0,60346.233333
1711456,IT,LU,LANDT,CONST,0.05,7241.457,3,3,7241.457,0.0,0.0,0.0,0.0,144829.14
1743360,IT,US,SALEM,BEVER,0.06,7241.407,3,3,7241.407,0.0,0.0,0.0,0.0,120690.116667
1712993,IT,MT,SANDC,NONME,0.02,7241.018,4,4,7239.018,0.0,0.0,2.0,0.0,362050.9
1740894,IT,US,PROCE,PROCE,0.05,7240.963,3,3,7240.963,0.0,0.0,0.0,0.0,144819.26
1640786,IT,AT,TEXTI,WASTE,0.04,7240.393,3,3,7240.393,0.0,0.0,0.0,0.0,181009.825
1793797,IT,WL,TEXTI,PIGS9,0.04,7240.358,3,3,7240.358,0.0,0.0,0.0,0.0,181008.95
1654341,IT,CZ,ELEC4,TRAN1,0.12,7240.144,3,3,7240.144,0.0,0.0,0.0,0.0,60334.533333
1681428,IT,GR,RENTI,WHOLE,0.04,7239.885,3,3,7239.885,0.0,0.0,0.0,0.0,180997.125
1719087,IT,PL,PETRO,BRICK,0.01,7239.669,3,3,7239.669,0.0,0.0,0.0,0.0,723966.9
1745610,IT,JP,TEXTI,VEGET,0.04,7239.571,3,3,7239.571,0.0,0.0,0.0,0.0,180989.275
1687557,IT,HU,LANDT,STEAM,0.05,7239.544,3,3,7239.544,0.0,0.0,0.0,0.0,144790.88
1802566,IT,WE,FINAN,FURNI,0.09,7239.527,3,3,7239.527,0.0,0.0,0.0,0.0,80439.188889
1686571,IT,HU,ALUM1,RADIO,0.01,7239.455,3,3,7239.455,0.0,0.0,0.0,0.0,723945.5
1765614,IT,RU,WOODW,NONF1,0.02,7239.415,3,3,7239.415,0.0,0.0,0.0,0.0,361970.75
1786033,IT,ZA,CERAM,COKIN,0.01,7239.334,3,3,7239.334,0.0,0.0,0.0,0.0,723933.4
1640685,IT,AT,FISH5,BIOGA,0.03,7239.312,4,4,7239.308,0.0,0.0,0.0,0.004,241310.4
1775768,IT,TR,CRUDE,OFFIC,0.01,7238.981,3,3,7238.981,0.0,0.0,0.0,0.0,723898.1
1640518,IT,AT,SUGA1,TRAN2,0.02,7238.504,3,3,7238.504,0.0,0.0,0.0,0.0,361925.2
1734244,IT,SI,COMPU,CHEM1,0.08,7238.429,3,3,7238.429,0.0,0.0,0.0,0.0,90480.3625
1688557,IT,IE,PRINT,MEATC,0.07,7237.914,3,3,7237.914,0.0,0.0,0.0,0.0,103398.771429
1684586,IT,HR,BUSIN,HEALT,0.07,7237.721,3,3,7237.721,0.0,0.0,0.0,0.0,103396.014286
1669274,IT,ES,FINAN,TOBAC,0.09,7237.666,3,3,7237.666,0.0,0.0,0.0,0.0,80418.511111
1738499,IT,GB,COPP1,FOOD2,0.02,7237.605,3,3,7237.605,0.0,0.0,0.0,0.0,361880.25
1787628,IT,WA,MEAT4,BEVER,0.04,7237.586,3,3,7237.586,0.0,0.0,0.0,0.0,180939.65
1661267,IT,DK,VEGET,PRIVA,0.03,7237.455,3,3,7237.455,0.0,0.0,0.0,0.0,241248.5
1685750,IT,HU,PLAST,MEAT4,0.02,7236.983,3,3,7236.983,0.0,0.0,0.0,0.0,361849.15
1738671,IT,GB,MACHI,LIQUE,0.04,7236.719,3,3,7236.719,0.0,0.0,0.0,0.0,180917.975
1715893,IT,NL,RUBBE,SEWAG,0.02,7236.606,3,3,7236.606,0.0,0.0,0.0,0.0,361830.3
1771642,IT,CH,WEARI,MOTOR,0.05,7236.518,3,3,7236.518,0.0,0.0,0.0,0.0,144730.36
1685201,IT,HU,BEVER,93197,0.03,7236.192,3,3,7236.192,0.0,0.0,0.0,0.0,241206.4
1752442,IT,CA,DAIRY,REFIN,0.03,7236.03,3,3,7236.03,0.0,0.0,0.0,0.0,241201.0
1656707,IT,DE,MOTOR,RUBBE,0.01,7235.978,3,3,7235.978,0.0,0.0,0.0,0.0,723597.8
1681169,IT,GR,POSTT,FABRI,0.12,7235.969,3,3,7235.969,0.0,0.0,0.0,0.0,60299.741667
1722539,IT,PT,BEVER,PROCE,0.03,7235.722,3,3,7235.722,0.0,0.0,0.0,0.0,241190.733333
1659852,IT,DE,LANDT,COKE1,0.05,7235.118,3,3,7235.118,0.0,0.0,0.0,0.0,144702.36
1774473,IT,CH,LANDT,HEAVY,0.05,7235.039,3,3,7235.039,0.0,0.0,0.0,0.0,144700.78
1733153,IT,SI,FABRI,POSTT,0.03,7234.947,3,3,7234.947,0.0,0.0,0.0,0.0,241164.9
1765403,IT,RU,TOBAC,AIRTR,0.03,7234.79,3,3,7234.79,0.0,0.0,0.0,0.0,241159.666667
1784660,IT,ID,OFFIC,FURNI,0.02,7234.532,3,3,7234.532,0.0,0.0,0.0,0.0,361726.6
1730544,IT,SE,AUXIL,FABRI,0.13,7234.528,3,3,7234.528,0.0,0.0,0.0,0.0,55650.215385
1797359,IT,WL,REALE,PUBLI,0.31,7234.401,3,3,7234.401,0.0,0.0,0.0,0.0,23336.777419
1776102,IT,TR,WEARI,PUBLI,0.05,7234.227,3,3,7234.227,0.0,0.0,0.0,0.0,144684.54
1720076,IT,PL,ALUM1,PAPE1,0.01,7234.209,3,3,7234.209,0.0,0.0,0.0,0.0,723420.9
1723967,IT,PT,SALEM,ELEC2,0.06,7234.12,3,3,7234.12,0.0,0.0,0.0,0.0,120568.666667
1803053,IT,WF,CEREA,PAPER,0.01,7234.005,3,3,7234.005,0.0,0.0,0.0,0.0,723400.5
1730936,IT,SE,INTER,HOTEL,0.04,7233.836,3,3,7233.836,0.0,0.0,0.0,0.0,180845.9
1765805,IT,RU,KEROS,GASDI,0.01,7233.272,3,3,7233.272,0.0,0.0,0.0,0.0,723327.2
1779875,IT,TR,PUBLI,SUPPO,0.12,7233.143,3,3,7233.143,0.0,0.0,0.0,0.0,60276.191667
1783749,IT,NO,PAPE4,GLASS,0.05,7233.087,3,3,7233.087,0.0,0.0,0.0,0.0,144661.74
1814800,IT,WM,PAPE4,REALE,0.05,7233.074,3,3,7233.074,0.0,0.0,0.0,0.0,144661.48
1721489,IT,PL,SUPPO,MEATC,0.05,7232.657,3,3,7232.657,0.0,0.0,0.0,0.0,144653.14
1653340,IT,CZ,GLASS,CERAM,0.02,7231.878,3,3,7231.878,0.0,0.0,0.0,0.0,361593.9
1756556,IT,KR,RETA1,GLASS,0.08,7231.614,3,3,7231.614,0.0,0.0,0.0,0.0,90395.175
1803113,IT,WF,VEGET,TEXTI,0.03,7231.54,3,3,7231.54,0.0,0.0,0.0,0.0,241051.333333
1731454,IT,SI,BEVER,DAIRY,0.03,7231.428,3,3,7231.428,0.0,0.0,0.0,0.0,241047.6
1649629,IT,BG,GLASS,DISTR,0.02,7231.048,3,3,7231.048,0.0,0.0,0.0,0.0,361552.4
1752760,IT,CA,WOODW,GASDI,0.02,7230.823,3,3,7230.823,0.0,0.0,0.0,0.0,361541.15
1808180,IT,WF,OILHA,LEAD1,0.04,7230.455,3,3,7230.455,0.0,0.0,0.0,0.0,180761.375
1779431,IT,TR,REALE,ELEC8,0.31,7230.202,3,3,7230.202,0.0,0.0,0.0,0.0,23323.232258
1753442,IT,CA,FABRI,HEAVY,0.03,7229.7,3,3,7229.7,0.0,0.0,0.0,0.0,240990.0
1739862,IT,GB,FINAN,NONF1,0.09,7229.686,3,3,7229.686,0.0,0.0,0.0,0.0,80329.844444
1643143,IT,AT,RETA1,MACHI,0.08,7229.616,3,3,7229.616,0.0,0.0,0.0,0.0,90370.2
1744986,IT,US,BUSIN,INERT,0.07,7229.334,3,3,7229.334,0.0,0.0,0.0,0.0,103276.2
1681771,IT,HR,CHEMI,MEAT1,0.02,7229.317,3,3,7229.317,0.0,0.0,0.0,0.0,361465.85
1791882,IT,WA,LANDT,PRIVA,0.05,7229.119,3,3,7229.119,0.0,0.0,0.0,0.0,144582.38
1727702,IT,RO,COMPU,GASDI,0.08,7229.092,3,3,7229.092,0.0,0.0,0.0,0.0,90363.65
1794417,IT,WL,KERO1,HOTEL,0.01,7228.242,3,3,7228.242,0.0,0.0,0.0,0.0,722824.2
1782730,IT,NO,RETA1,MACHI,0.08,7227.918,3,3,7227.918,0.0,0.0,0.0,0.0,90348.975
1681888,IT,HR,DAIRY,TOBAC,0.03,7227.888,3,3,7227.888,0.0,0.0,0.0,0.0,240929.6
1714282,IT,MT,BUSIN,POSTT,0.07,7227.68,3,3,7227.68,0.0,0.0,0.0,0.0,103252.571429
1732428,IT,SI,PLAST,93197,0.02,7227.472,3,3,7227.472,0.0,0.0,0.0,0.0,361373.6
1724885,IT,PT,BUSIN,FOUND,0.07,7227.419,3,3,7227.419,0.0,0.0,0.0,0.0,103248.842857
1729254,IT,SE,CERAM,RECRE,0.01,7227.218,3,3,7227.218,0.0,0.0,0.0,0.0,722721.8
1721852,IT,PL,REALE,CONST,0.31,7226.735,3,3,7226.735,0.0,0.0,0.0,0.0,23312.048387
1775186,IT,CH,RESEA,ALUM1,0.04,7226.219,3,3,7226.219,0.0,0.0,0.0,0.0,180655.475
1768874,IT,AU,WOODW,COKIN,0.02,7226.074,3,3,7226.074,0.0,0.0,0.0,0.0,361303.7
1754741,IT,KR,DAIRY,FABRI,0.03,7225.7,3,3,7225.7,0.0,0.0,0.0,0.0,240856.666667
1804032,IT,WF,WOODW,WEARI,0.02,7225.395,3,3,7225.395,0.0,0.0,0.0,0.0,361269.75
1757720,IT,BR,NAPHT,CHARC,0.01,7224.979,3,3,7224.979,0.0,0.0,0.0,0.0,722497.9
1675108,IT,FR,LEAD1,NONME,0.01,7224.408,3,3,7224.408,0.0,0.0,0.0,0.0,722440.8
1729335,IT,SE,NONME,EDUCA,0.01,7224.137,3,3,7224.137,0.0,0.0,0.0,0.0,722413.7
1808480,IT,WF,FOOD4,FURNI,0.05,7223.989,3,3,7223.989,0.0,0.0,0.0,0.0,144479.78
1798235,IT,WE,VEGET,RADIO,0.03,7223.49,3,3,7223.49,0.0,0.0,0.0,0.0,240783.0
1721482,IT,PL,SUPPO,RAWMI,0.05,7223.462,3,3,7223.462,0.0,0.0,0.0,0.0,144469.24
1755441,IT,KR,NAPHT,WHOLE,0.01,7223.154,3,3,7223.154,0.0,0.0,0.0,0.0,722315.4
1808387,IT,WF,WASTE,WEARI,0.02,7222.813,3,3,7222.813,0.0,0.0,0.0,0.0,361140.65
1778408,IT,TR,WHOLE,COPPE,0.06,7222.608,3,3,7222.608,0.0,0.0,0.0,0.0,120376.8
1711675,IT,LU,COMPU,EDUCA,0.08,7222.521,3,3,7222.521,0.0,0.0,0.0,0.0,90281.5125
1651243,IT,CY,CEREA,FOOD5,0.01,7222.453,3,3,7222.453,0.0,0.0,0.0,0.0,722245.3
1721924,IT,PL,RENTI,RENTI,0.04,7222.31,3,3,7222.31,0.0,0.0,0.0,0.0,180557.75
1728549,IT,SE,PAPER,VEGE1,0.03,7222.216,3,3,7222.216,0.0,0.0,0.0,0.0,240740.533333
1776299,IT,TR,PAPER,HEAVY,0.03,7221.959,3,3,7221.959,0.0,0.0,0.0,0.0,240731.966667
1717944,IT,PL,STONE,DIST1,0.02,7221.871,3,3,7221.871,0.0,0.0,0.0,0.0,361093.55
1737701,IT,GB,MOTOR,SUPPO,0.01,7221.853,3,3,7221.853,0.0,0.0,0.0,0.0,722185.3
1711934,IT,LU,WASTE,FINAN,0.02,7221.755,3,3,7221.755,0.0,0.0,0.0,0.0,361087.75
1788605,IT,WA,PAPER,FOOD3,0.03,7221.389,3,3,7221.389,0.0,0.0,0.0,0.0,240712.966667
1769379,IT,AU,CERAM,GLASS,0.01,7220.959,3,3,7220.959,0.0,0.0,0.0,0.0,722095.9
1782704,IT,NO,RETA1,NATUR,0.08,7220.845,3,3,7220.845,0.0,0.0,0.0,0.0,90260.5625
1771943,IT,CH,PAPER,COPP1,0.03,7220.64,3,3,7220.64,0.0,0.0,0.0,0.0,240688.0
1660432,IT,DE,FINAN,WOOD1,0.09,7220.609,3,3,7220.609,0.0,0.0,0.0,0.0,80228.988889
1814387,IT,WM,AUXIL,RETA1,0.13,7220.534,3,3,7220.534,0.0,0.0,0.0,0.0,55542.569231
1673273,IT,FR,FISH5,MEMBE,0.03,7220.144,4,4,7220.14,0.0,0.0,0.0,0.004,240671.466667
1783867,IT,NO,WOOD2,FISHF,0.04,7219.445,3,3,7219.445,0.0,0.0,0.0,0.0,180486.125
1769060,IT,AU,PLAST,NICKE,0.02,7219.111,3,3,7219.111,0.0,0.0,0.0,0.0,360955.55
1712294,IT,LV,CHEM1,HOTEL,0.02,7219.102,3,3,7219.102,0.0,0.0,0.0,0.0,360955.1
1795542,IT,WL,ALUM1,SUPPO,0.01,7218.92,3,3,7218.92,0.0,0.0,0.0,0.0,721892.0
1714630,IT,NL,MEATC,RENTI,0.02,7218.786,3,3,7218.786,0.0,0.0,0.0,0.0,360939.3
1791814,IT,WA,LANDT,PAPER,0.05,7218.751,3,3,7218.751,0.0,0.0,0.0,0.0,144375.02
1790500,IT,WA,COPP1,MACHI,0.02,7218.621,3,3,7218.621,0.0,0.0,0.0,0.0,360931.05
1664529,IT,EE,FURNI,PRINT,0.02,7218.457,3,3,7218.457,0.0,0.0,0.0,0.0,360922.85
1719371,IT,PL,RUBBE,SANDC,0.02,7218.38,3,3,7218.38,0.0,0.0,0.0,0.0,360919.0
1709414,IT,LT,BEVER,RESEA,0.03,7218.336,3,3,7218.336,0.0,0.0,0.0,0.0,240611.2
1670726,IT,FI,PAPER,GLASS,0.03,7218.053,3,3,7218.053,0.0,0.0,0.0,0.0,240601.766667
1754953,IT,KR,TEXTI,ALUM1,0.04,7217.303,3,3,7217.303,0.0,0.0,0.0,0.0,180432.575
1763090,IT,MX,TEXTI,93197,0.04,7216.977,3,3,7216.977,0.0,0.0,0.0,0.0,180424.425
1780706,IT,TW,REALE,NAPHT,0.3,7216.764,3,3,7216.764,0.0,0.0,0.0,0.0,24055.88
1770125,IT,AU,WHOLE,COMPU,0.06,7216.705,3,3,7216.705,0.0,0.0,0.0,0.0,120278.416667
1669971,IT,ES,EDUCA,AIRTR,0.18,7216.547,3,3,7216.547,0.0,0.0,0.0,0.0,40091.927778
1717636,IT,NL,BUSIN,SUGA1,0.07,7216.431,3,3,7216.431,0.0,0.0,0.0,0.0,103091.871429
1669037,IT,ES,SUPPO,WHITE,0.05,7216.299,3,3,7216.299,0.0,0.0,0.0,0.0,144325.98
1758873,IT,BR,HOTEL,COPP1,0.05,7216.093,3,3,7216.093,0.0,0.0,0.0,0.0,144321.86
1651597,IT,CY,GLASS,FINAN,0.02,7215.933,3,3,7215.933,0.0,0.0,0.0,0.0,360796.65
1791299,IT,WA,CONST,SUPPO,0.04,7215.83,3,3,7215.83,0.0,0.0,0.0,0.0,180395.75
1759712,IT,BR,BUSIN,NONFE,0.07,7215.806,3,3,7215.806,0.0,0.0,0.0,0.0,103082.942857
1765492,IT,RU,WEARI,FABRI,0.05,7215.746,3,3,7215.746,0.0,0.0,0.0,0.0,144314.92
1802143,IT,WE,HOTEL,CROPS,0.05,7215.691,3,3,7215.691,0.0,0.0,0.0,0.0,144313.82
1742579,IT,US,ALUM1,DAIRY,0.01,7215.501,3,3,7215.501,0.0,0.0,0.0,0.0,721550.1
1710306,IT,LT,FURNI,FABRI,0.02,7215.095,3,3,7215.095,0.0,0.0,0.0,0.0,360754.75
1735688,IT,SK,FABRI,BIODI,0.03,7214.982,3,3,7214.982,0.0,0.0,0.0,0.0,240499.4
1673014,IT,FR,SUGA1,RENTI,0.02,7214.898,3,3,7214.898,0.0,0.0,0.0,0.0,360744.9
1718736,IT,PL,PULP5,COPP1,0.02,7214.402,3,3,7214.402,0.0,0.0,0.0,0.0,360720.1
1686570,IT,HU,ALUM1,ELECT,0.01,7214.309,3,3,7214.309,0.0,0.0,0.0,0.0,721430.9
1728233,IT,SE,FOOD5,CONST,0.03,7213.871,3,3,7213.871,0.0,0.0,0.0,0.0,240462.366667
1686610,IT,HU,ALUM1,RECRE,0.01,7213.74,3,3,7213.74,0.0,0.0,0.0,0.0,721374.0
1722928,IT,PT,GASDI,KEROS,0.01,7213.722,3,3,7213.722,0.0,0.0,0.0,0.0,721372.2
1661976,IT,DK,PETRO,HEAVY,0.01,7213.557,3,3,7213.557,0.0,0.0,0.0,0.0,721355.7
1738177,IT,GB,GLASS,93197,0.02,7213.488,3,3,7213.488,0.0,0.0,0.0,0.0,360674.4
1726212,IT,RO,NONME,CRUDE,0.01,7213.382,3,3,7213.382,0.0,0.0,0.0,0.0,721338.2
1743502,IT,US,RETA1,BRICK,0.08,7213.153,3,3,7213.153,0.0,0.0,0.0,0.0,90164.4125
1756434,IT,KR,CONST,PFERT,0.04,7212.858,3,3,7212.858,0.0,0.0,0.0,0.0,180321.45
1669679,IT,ES,COMPU,BASIC,0.08,7212.85,3,3,7212.85,0.0,0.0,0.0,0.0,90160.625
1748975,IT,CN,LEATH,RAWMI,0.05,7212.521,3,3,7212.521,0.0,0.0,0.0,0.0,144250.42
1723801,IT,PT,OFFIC,FINAN,0.02,7212.439,3,3,7212.439,0.0,0.0,0.0,0.0,360621.95
1810045,IT,WM,TEXTI,ETHAN,0.04,7212.207,3,3,7212.207,0.0,0.0,0.0,0.0,180305.175
1745261,IT,JP,MEATC,ELE12,0.02,7212.068,3,3,7212.068,0.0,0.0,0.0,0.0,360603.4
1757323,IT,BR,BEVER,HEALT,0.03,7211.92,3,3,7211.92,0.0,0.0,0.0,0.0,240397.333333
1730651,IT,SE,RENTI,RAILW,0.04,7211.818,3,3,7211.818,0.0,0.0,0.0,0.0,180295.45
1716037,IT,NL,NONME,FOUND,0.01,7211.615,3,3,7211.615,0.0,0.0,0.0,0.0,721161.5
1724052,IT,PT,WHOLE,GASDI,0.06,7211.5,3,3,7211.5,0.0,0.0,0.0,0.0,120191.666667
1649709,IT,BG,NONME,DISTR,0.01,7211.362,3,3,7211.362,0.0,0.0,0.0,0.0,721136.2
1755209,IT,KR,WOODW,NONF1,0.02,7210.724,3,3,7210.724,0.0,0.0,0.0,0.0,360536.2
1763109,IT,MX,WEARI,MOTO1,0.05,7209.869,3,3,7209.869,0.0,0.0,0.0,0.0,144197.38
1727593,IT,RO,REALE,LANDT,0.3,7209.821,3,3,7209.821,0.0,0.0,0.0,0.0,24032.736667
1690402,IT,IE,FOOD4,PULP5,0.05,7209.789,3,3,7209.789,0.0,0.0,0.0,0.0,144195.78
1718282,IT,PL,FOOD5,NFERT,0.03,7209.208,3,3,7209.208,0.0,0.0,0.0,0.0,240306.933333
1797146,IT,WL,POSTT,OFFIC,0.12,7209.02,3,3,7209.02,0.0,0.0,0.0,0.0,60075.166667
1684956,IT,HU,MEAT4,CROPS,0.04,7208.865,3,3,7208.865,0.0,0.0,0.0,0.0,180221.625
1711930,IT,LU,WASTE,MACHI,0.02,7208.812,3,3,7208.812,0.0,0.0,0.0,0.0,360440.6
1773565,IT,CH,MOTO1,POSTT,0.04,7208.206,3,3,7208.206,0.0,0.0,0.0,0.0,180205.15
1737212,IT,GB,PROCE,MEAT1,0.05,7208.162,3,3,7208.162,0.0,0.0,0.0,0.0,144163.24
1743439,IT,US,WHOLE,OILSE,0.06,7207.881,3,3,7207.881,0.0,0.0,0.0,0.0,120131.35
1749502,IT,CN,PARAF,MOTOR,0.01,7207.415,3,3,7207.415,0.0,0.0,0.0,0.0,720741.5
1753622,IT,CA,MACHI,FOOD2,0.04,7207.393,3,3,7207.393,0.0,0.0,0.0,0.0,180184.825
1752759,IT,CA,WOODW,MOTOR,0.02,7206.974,3,3,7206.974,0.0,0.0,0.0,0.0,360348.7
1797495,IT,WL,BUSIN,MEAT4,0.07,7206.644,3,3,7206.644,0.0,0.0,0.0,0.0,102952.057143
1660473,IT,DE,INSUR,HEAVY,0.15,7206.614,3,3,7206.614,0.0,0.0,0.0,0.0,48044.093333
1762547,IT,IN,INSUR,EDUCA,0.15,7206.481,3,3,7206.481,0.0,0.0,0.0,0.0,48043.206667
1652815,IT,CZ,PRINT,RUBBE,0.07,7206.294,3,3,7206.294,0.0,0.0,0.0,0.0,102947.057143
1808805,IT,WF,WOOD2,RAILW,0.04,7206.047,3,3,7206.047,0.0,0.0,0.0,0.0,180151.175
1758367,IT,BR,FABRI,MEAT4,0.03,7205.8,3,3,7205.8,0.0,0.0,0.0,0.0,240193.333333
1737840,IT,GB,PLAST,DAIRY,0.02,7205.237,3,3,7205.237,0.0,0.0,0.0,0.0,360261.85
1684415,IT,HR,FINAN,ELEC2,0.09,7205.217,3,3,7205.217,0.0,0.0,0.0,0.0,80057.966667
1666104,IT,ES,GASDI,REFIN,0.01,7205.115,3,3,7205.115,0.0,0.0,0.0,0.0,720511.5
1762335,IT,IN,SUPPO,CERAM,0.05,7204.774,3,3,7204.774,0.0,0.0,0.0,0.0,144095.48
1741709,IT,US,HEAVY,FOOD2,0.01,7204.302,3,3,7204.302,0.0,0.0,0.0,0.0,720430.2
1661418,IT,DK,VEGE1,RENTI,0.02,7204.209,4,4,7204.207,0.0,0.0,0.0,0.002,360210.45
1731636,IT,SI,LEATH,CONST,0.05,7204.154,3,3,7204.154,0.0,0.0,0.0,0.0,144083.08
1732404,IT,SI,PLAST,MEDIC,0.02,7204.036,3,3,7204.036,0.0,0.0,0.0,0.0,360201.8
1726217,IT,RO,NONME,PAPER,0.01,7203.643,3,3,7203.643,0.0,0.0,0.0,0.0,720364.3
1781142,IT,TW,PAPE2,PUBLI,0.05,7203.463,3,3,7203.463,0.0,0.0,0.0,0.0,144069.26
1720728,IT,PL,TRANS,BEVER,0.04,7202.456,3,3,7202.456,0.0,0.0,0.0,0.0,180061.4
1715453,IT,NL,MOTOR,MEMBE,0.01,7202.376,3,3,7202.376,0.0,0.0,0.0,0.0,720237.6
1746475,IT,JP,CERAM,CROPS,0.01,7202.312,3,3,7202.312,0.0,0.0,0.0,0.0,720231.2
1665677,IT,ES,PULP5,CHEM1,0.02,7202.152,3,3,7202.152,0.0,0.0,0.0,0.0,360107.6
1758663,IT,BR,FURNI,INLAN,0.02,7202.129,3,3,7202.129,0.0,0.0,0.0,0.0,360106.45
1719985,IT,PL,ALUM1,FORES,0.01,7201.838,3,3,7201.838,0.0,0.0,0.0,0.0,720183.8
1722510,IT,PT,FOOD5,RUBBE,0.03,7201.788,3,3,7201.788,0.0,0.0,0.0,0.0,240059.6
1651211,IT,BG,BUSIN,TRAN2,0.07,7201.6,3,3,7201.6,0.0,0.0,0.0,0.0,102880.0
1652959,IT,CZ,HEAVY,POSTT,0.01,7201.209,3,3,7201.209,0.0,0.0,0.0,0.0,720120.9
1664047,IT,EE,PLAST,REALE,0.02,7200.974,3,3,7200.974,0.0,0.0,0.0,0.0,360048.7
1679028,IT,GR,WOODW,KEROS,0.02,7200.96,3,3,7200.96,0.0,0.0,0.0,0.0,360048.0
1681639,IT,HR,CEREA,WHOLE,0.01,7200.917,3,3,7200.917,0.0,0.0,0.0,0.0,720091.7
1644353,IT,BE,CHEMI,REFI1,0.02,7200.825,3,3,7200.825,0.0,0.0,0.0,0.0,360041.25
1765320,IT,RU,FOOD5,FISHF,0.03,7200.8,3,3,7200.8,0.0,0.0,0.0,0.0,240026.666667
1684515,IT,HR,BUSIN,FISHF,0.07,7200.762,3,3,7200.762,0.0,0.0,0.0,0.0,102868.028571
1663893,IT,EE,WEARI,HEALT,0.05,7200.528,3,3,7200.528,0.0,0.0,0.0,0.0,144010.56
1648008,IT,BE,COMPU,PAPER,0.08,7200.527,3,3,7200.527,0.0,0.0,0.0,0.0,90006.5875
1688968,IT,IE,MACHI,WOOLS,0.04,7200.466,3,3,7200.466,0.0,0.0,0.0,0.0,180011.65
1742335,IT,US,CEMEN,INERT,0.01,7200.465,3,3,7200.465,0.0,0.0,0.0,0.0,720046.5
1720939,IT,PL,RETAI,RECRE,0.06,7200.35,3,3,7200.35,0.0,0.0,0.0,0.0,120005.833333
1680489,IT,GR,ELEC5,PAPE4,0.09,7200.282,3,3,7200.282,0.0,0.0,0.0,0.0,80003.133333
1782292,IT,NO,COPP1,BASIC,0.02,7200.222,3,3,7200.222,0.0,0.0,0.0,0.0,360011.1
1759922,IT,BR,PLAS1,CEREA,0.03,7200.168,3,3,7200.168,0.0,0.0,0.0,0.0,240005.6
1737677,IT,GB,PRINT,TRANS,0.07,7200.012,3,3,7200.012,0.0,0.0,0.0,0.0,102857.314286
1641595,IT,AT,NAPHT,KERO1,0.01,7199.958,3,3,7199.958,0.0,0.0,0.0,0.0,719995.8
1726591,IT,RO,MOTO1,CEREA,0.04,7199.777,3,3,7199.777,0.0,0.0,0.0,0.0,179994.425
1713510,IT,MT,RUBBE,RENTI,0.02,7199.666,3,3,7199.666,0.0,0.0,0.0,0.0,359983.3
1753238,IT,CA,CERAM,ELEC2,0.01,7199.622,3,3,7199.622,0.0,0.0,0.0,0.0,719962.2
1803553,IT,WF,DAIRY,PRECI,0.03,7199.61,3,3,7199.61,0.0,0.0,0.0,0.0,239987.0
1809679,IT,WM,PROCE,PROCE,0.05,7199.397,3,3,7199.397,0.0,0.0,0.0,0.0,143987.94
1720889,IT,PL,CONST,PUBLI,0.04,7199.388,3,3,7199.388,0.0,0.0,0.0,0.0,179984.7
1649002,IT,BG,WOODW,OILSE,0.02,7198.52,3,3,7198.52,0.0,0.0,0.0,0.0,359926.0
1667757,IT,ES,OFFIC,MEAT1,0.02,7198.452,3,3,7198.452,0.0,0.0,0.0,0.0,359922.6
1736504,IT,SK,INLAN,RAILW,0.01,7198.209,3,3,7198.209,0.0,0.0,0.0,0.0,719820.9
1733080,IT,SI,COPP1,INERT,0.02,7198.17,3,3,7198.17,0.0,0.0,0.0,0.0,359908.5
1641587,IT,AT,NAPHT,MEATP,0.01,7197.728,3,3,7197.728,0.0,0.0,0.0,0.0,719772.8
1683209,IT,HR,GLASS,EDUCA,0.02,7197.639,3,3,7197.639,0.0,0.0,0.0,0.0,359881.95
1659686,IT,DE,RAILW,PULP5,0.05,7197.26,3,3,7197.26,0.0,0.0,0.0,0.0,143945.2
1729262,IT,SE,CEMEN,PRECI,0.01,7197.09,3,3,7197.09,0.0,0.0,0.0,0.0,719709.0
1718153,IT,PL,VEGE1,PUBLI,0.02,7196.848,4,4,7196.846,0.0,0.0,0.0,0.002,359842.4
1734968,IT,SK,LIQUE,LEAD1,0.01,7196.437,3,3,7196.437,0.0,0.0,0.0,0.0,719643.7
1666001,IT,ES,MOTOR,AIRTR,0.01,7196.21,3,3,7196.21,0.0,0.0,0.0,0.0,719621.0
1781696,IT,NO,WOODW,CHEM1,0.02,7196.207,3,3,7196.207,0.0,0.0,0.0,0.0,359810.35
1722998,IT,PT,PLAST,STONE,0.02,7196.18,3,3,7196.18,0.0,0.0,0.0,0.0,359809.0
1736395,IT,SK,LANDT,PAPER,0.05,7195.949,3,3,7195.949,0.0,0.0,0.0,0.0,143918.98
1794365,IT,WL,AVIAT,AIRTR,0.02,7195.632,3,3,7195.632,0.0,0.0,0.0,0.0,359781.6
1745378,IT,JP,VEGE1,ELE12,0.02,7195.561,4,4,7195.559,0.0,0.0,0.0,0.002,359778.05
1802108,IT,WE,RETA1,OFFIC,0.08,7195.077,3,3,7195.077,0.0,0.0,0.0,0.0,89938.4625
1660320,IT,DE,FINAN,VEGET,0.09,7194.863,3,3,7194.863,0.0,0.0,0.0,0.0,79942.922222
1732088,IT,SI,KERO1,SALEM,0.01,7194.836,3,3,7194.836,0.0,0.0,0.0,0.0,719483.6
1646137,IT,BE,PREC1,MEDIC,0.01,7194.544,3,3,7194.544,0.0,0.0,0.0,0.0,719454.4
1739190,IT,GB,RETA1,COPP1,0.08,7194.315,3,3,7194.315,0.0,0.0,0.0,0.0,89928.9375
1787607,IT,WA,MEAT1,NONF1,0.03,7194.153,3,3,7194.153,0.0,0.0,0.0,0.0,239805.1
1654737,IT,CZ,TRAN2,COMPU,0.01,7193.804,3,3,7193.804,0.0,0.0,0.0,0.0,719380.4
1724639,IT,PT,FINAN,EDUCA,0.09,7193.63,3,3,7193.63,0.0,0.0,0.0,0.0,79929.222222
1739803,IT,GB,POSTT,FINAN,0.12,7193.5,3,3,7193.5,0.0,0.0,0.0,0.0,59945.833333
1742728,IT,US,FABRI,PROCE,0.03,7193.407,3,3,7193.407,0.0,0.0,0.0,0.0,239780.233333
1640628,IT,AT,BEVER,CEMEN,0.03,7193.136,3,3,7193.136,0.0,0.0,0.0,0.0,239771.2
1753270,IT,CA,CEMEN,BUSIN,0.01,7193.128,3,3,7193.128,0.0,0.0,0.0,0.0,719312.8
1779515,IT,TR,RENTI,AUXIL,0.04,7192.999,3,3,7192.999,0.0,0.0,0.0,0.0,179824.975
1736205,IT,SK,WHOLE,COMPU,0.06,7192.882,3,3,7192.882,0.0,0.0,0.0,0.0,119881.366667
1725033,IT,RO,CEREA,FOOD5,0.01,7192.768,3,3,7192.768,0.0,0.0,0.0,0.0,719276.8
1642832,IT,AT,OFFIC,SUPPO,0.02,7192.603,3,3,7192.603,0.0,0.0,0.0,0.0,359630.15
1731136,IT,SI,NATUR,MACHI,0.01,7192.531,3,3,7192.531,0.0,0.0,0.0,0.0,719253.1
1756273,IT,KR,OFFIC,REALE,0.02,7192.324,3,3,7192.324,0.0,0.0,0.0,0.0,359616.2
1731044,IT,SE,93197,HEALT,0.05,7192.266,3,3,7192.266,0.0,0.0,0.0,0.0,143845.32
1672513,IT,FR,PADDY,FOOD5,0.07,7192.234,3,3,7192.234,0.0,0.0,0.0,0.0,102746.2
1807355,IT,WF,FINAN,NATU1,0.09,7191.688,3,3,7191.688,0.0,0.0,0.0,0.0,79907.644444
1791911,IT,WA,TRAN2,EDUCA,0.01,7191.675,3,3,7191.675,0.0,0.0,0.0,0.0,719167.5
1804881,IT,WF,BITU1,REFI1,0.01,7191.56,3,3,7191.56,0.0,0.0,0.0,0.0,719156.0
1729071,IT,SE,RUBBE,ELEC7,0.02,7191.263,3,3,7191.263,0.0,0.0,0.0,0.0,359563.15
1796485,IT,WL,RETA1,TOBAC,0.08,7190.975,3,3,7190.975,0.0,0.0,0.0,0.0,89887.1875
1748841,IT,CN,TEXTI,FINAN,0.04,7190.957,3,3,7190.957,0.0,0.0,0.0,0.0,179773.925
1686348,IT,HU,NONME,HOTEL,0.01,7190.422,3,3,7190.422,0.0,0.0,0.0,0.0,719042.2
1667009,IT,ES,CEMEN,SALEM,0.01,7190.334,3,3,7190.334,0.0,0.0,0.0,0.0,719033.4
1669430,IT,ES,INSUR,WHOLE,0.15,7190.14,3,3,7190.14,0.0,0.0,0.0,0.0,47934.266667
1662614,IT,DK,FABRI,MEMBE,0.03,7189.727,3,3,7189.727,0.0,0.0,0.0,0.0,239657.566667
1736285,IT,SK,HOTEL,FOUND,0.05,7189.705,3,3,7189.705,0.0,0.0,0.0,0.0,143794.1
1649808,IT,BG,PREC1,LANDT,0.01,7189.651,3,3,7189.651,0.0,0.0,0.0,0.0,718965.1
1772816,IT,CH,NONME,FOODW,0.01,7189.47,3,3,7189.47,0.0,0.0,0.0,0.0,718947.0
1651404,IT,CY,AVIAT,ELEC5,0.02,7189.347,3,3,7189.347,0.0,0.0,0.0,0.0,359467.35
1684612,IT,HR,WASTE,HOTEL,0.02,7189.256,3,3,7189.256,0.0,0.0,0.0,0.0,359462.8
1779737,IT,TR,BUSIN,HEAVY,0.07,7188.883,3,3,7188.883,0.0,0.0,0.0,0.0,102698.328571
1769903,IT,AU,MOTO1,PAPER,0.04,7188.509,3,3,7188.509,0.0,0.0,0.0,0.0,179712.725
1640634,IT,AT,BEVER,OFFIC,0.03,7188.458,3,3,7188.458,0.0,0.0,0.0,0.0,239615.266667
1765919,IT,RU,PLAST,SECO9,0.02,7188.377,3,3,7188.377,0.0,0.0,0.0,0.0,359418.85
1644725,IT,BE,BEVER,FINAN,0.03,7188.098,3,3,7188.098,0.0,0.0,0.0,0.0,239603.266667
1775790,IT,TR,CHEMI,PRECI,0.02,7187.583,3,3,7187.583,0.0,0.0,0.0,0.0,359379.15
1794024,IT,WL,PULP5,DAIRY,0.02,7187.576,3,3,7187.576,0.0,0.0,0.0,0.0,359378.8
1795573,IT,WL,COPP1,MEDIC,0.02,7187.553,3,3,7187.553,0.0,0.0,0.0,0.0,359377.65
1733530,IT,SI,WHOLE,INTER,0.06,7187.289,3,3,7187.289,0.0,0.0,0.0,0.0,119788.15
1765187,IT,MX,BUSIN,SALEM,0.07,7186.78,3,3,7186.78,0.0,0.0,0.0,0.0,102668.285714
1764060,IT,MX,FABRI,ANIMA,0.03,7185.533,3,3,7185.533,0.0,0.0,0.0,0.0,239517.766667
1791383,IT,WA,RETAI,FORES,0.06,7185.014,3,3,7185.014,0.0,0.0,0.0,0.0,119750.233333
1772808,IT,CH,NONME,SEACO,0.01,7184.952,3,3,7184.952,0.0,0.0,0.0,0.0,718495.2
1750195,IT,CN,ALUM1,TRAN1,0.01,7184.569,3,3,7184.569,0.0,0.0,0.0,0.0,718456.9
1747227,IT,JP,SALEM,RADIO,0.06,7184.556,3,3,7184.556,0.0,0.0,0.0,0.0,119742.6
1783168,IT,NO,COMPU,CRUDE,0.08,7184.514,3,3,7184.514,0.0,0.0,0.0,0.0,89806.425
1714653,IT,NL,MEAT4,MEATP,0.04,7184.27,3,3,7184.27,0.0,0.0,0.0,0.0,179606.75
1664892,IT,ES,CRUDE,TEXTI,0.01,7184.1,3,3,7184.1,0.0,0.0,0.0,0.0,718410.0
1743372,IT,US,SALEM,CERAM,0.06,7183.645,3,3,7183.645,0.0,0.0,0.0,0.0,119727.416667
1774859,IT,CH,FINAN,CONST,0.09,7183.541,3,3,7183.541,0.0,0.0,0.0,0.0,79817.122222
1734462,IT,SK,FISHF,BASIC,0.01,7183.51,3,3,7183.51,0.0,0.0,0.0,0.0,718351.0
1729914,IT,SE,FURNI,RUBBE,0.02,7183.453,3,3,7183.453,0.0,0.0,0.0,0.0,359172.65
1677968,IT,FR,PUBLI,RAWMI,0.12,7183.3,3,3,7183.3,0.0,0.0,0.0,0.0,59860.833333
1730048,IT,SE,WHOLE,SALEM,0.06,7183.2,3,3,7183.2,0.0,0.0,0.0,0.0,119720.0
1714861,IT,NL,FOOD5,PAPE1,0.03,7183.08,3,3,7183.08,0.0,0.0,0.0,0.0,239436.0
1746433,IT,JP,GLASS,CROPS,0.02,7183.053,3,3,7183.053,0.0,0.0,0.0,0.0,359152.65
1671465,IT,FI,FABRI,PAPE4,0.03,7182.885,3,3,7182.885,0.0,0.0,0.0,0.0,239429.5
1731000,IT,SE,FOOD2,COPP1,0.04,7182.693,3,3,7182.693,0.0,0.0,0.0,0.0,179567.325
1738767,IT,GB,OFFIC,BIODI,0.02,7182.679,3,3,7182.679,0.0,0.0,0.0,0.0,359133.95
1664046,IT,EE,PLAST,LANDT,0.02,7182.588,3,3,7182.588,0.0,0.0,0.0,0.0,359129.4
1713336,IT,MT,GASDI,WHEAT,0.01,7182.099,3,3,7182.099,0.0,0.0,0.0,0.0,718209.9
1666079,IT,ES,GASDI,BITUM,0.01,7181.965,3,3,7181.965,0.0,0.0,0.0,0.0,718196.5
1768582,IT,AU,BEVER,PRINT,0.03,7181.483,3,3,7181.483,0.0,0.0,0.0,0.0,239382.766667
1755726,IT,KR,GLASS,GASDI,0.02,7181.439,3,3,7181.439,0.0,0.0,0.0,0.0,359071.95
1776935,IT,TR,PLAST,DISTR,0.02,7181.336,3,3,7181.336,0.0,0.0,0.0,0.0,359066.8
1711494,IT,LU,SUPPO,RAILW,0.05,7181.279,3,3,7181.279,0.0,0.0,0.0,0.0,143625.58
1711982,IT,LV,VEGET,OFFIC,0.03,7181.087,3,3,7181.087,0.0,0.0,0.0,0.0,239369.566667
1648735,IT,BG,FOOD5,SEACO,0.03,7180.983,3,3,7180.983,0.0,0.0,0.0,0.0,239366.1
1675277,IT,FR,FABRI,ELE10,0.03,7180.981,3,3,7180.981,0.0,0.0,0.0,0.0,239366.033333
1679030,IT,GR,WOODW,HEAVY,0.02,7180.819,3,3,7180.819,0.0,0.0,0.0,0.0,359040.95
1778264,IT,TR,SALEM,VEGET,0.06,7180.811,3,3,7180.811,0.0,0.0,0.0,0.0,119680.183333
1754448,IT,CA,COMPU,PUBLI,0.08,7180.382,3,3,7180.382,0.0,0.0,0.0,0.0,89754.775
1749869,IT,CN,RUBBE,BLAST,0.02,7180.306,3,3,7180.306,0.0,0.0,0.0,0.0,359015.3
1721174,IT,PL,RAILW,PUBLI,0.05,7180.187,3,3,7180.187,0.0,0.0,0.0,0.0,143603.74
1666186,IT,ES,HEAVY,COPPE,0.01,7180.086,3,3,7180.086,0.0,0.0,0.0,0.0,718008.6
1760502,IT,IN,TEXTI,MEMBE,0.04,7180.062,3,3,7180.062,0.0,0.0,0.0,0.0,179501.55
1729025,IT,SE,RUBBE,MEAT1,0.02,7179.876,3,3,7179.876,0.0,0.0,0.0,0.0,358993.8
1761814,IT,IN,OFFIC,RADIO,0.02,7179.837,3,3,7179.837,0.0,0.0,0.0,0.0,358991.85
1722736,IT,PT,WOODW,93197,0.02,7179.831,3,3,7179.831,0.0,0.0,0.0,0.0,358991.55
1640428,IT,AT,VEGE1,PULP5,0.02,7179.79,4,4,7179.788,0.0,0.0,0.0,0.002,358989.5
1641172,IT,AT,PRINT,CEMEN,0.07,7179.654,3,3,7179.654,0.0,0.0,0.0,0.0,102566.485714
1666566,IT,ES,CHEM1,REFIN,0.02,7179.429,3,3,7179.429,0.0,0.0,0.0,0.0,358971.45
1783677,IT,NO,WASTE,SUPPO,0.02,7178.825,3,3,7178.825,0.0,0.0,0.0,0.0,358941.25
1735993,IT,SK,TRANS,LEATH,0.04,7178.727,3,3,7178.727,0.0,0.0,0.0,0.0,179468.175
1745586,IT,JP,FISH5,WHOLE,0.03,7178.638,4,4,7178.634,0.0,0.0,0.0,0.004,239287.933333
1644812,IT,BE,TEXTI,PRINT,0.04,7178.414,3,3,7178.414,0.0,0.0,0.0,0.0,179460.35
1745920,IT,JP,LEATH,FOOD4,0.05,7178.348,3,3,7178.348,0.0,0.0,0.0,0.0,143566.96
1644550,IT,BE,PROCE,HEAVY,0.05,7177.659,3,3,7177.659,0.0,0.0,0.0,0.0,143553.18
1715045,IT,NL,TEXTI,TRANS,0.04,7177.572,3,3,7177.572,0.0,0.0,0.0,0.0,179439.3
1712454,IT,LV,PREC1,FORES,0.01,7177.267,3,3,7177.267,0.0,0.0,0.0,0.0,717726.7
1786220,IT,ZA,COPP1,WOODW,0.02,7177.246,3,3,7177.246,0.0,0.0,0.0,0.0,358862.3
1662699,IT,DK,MACHI,INSUR,0.04,7177.237,3,3,7177.237,0.0,0.0,0.0,0.0,179430.925
1719446,IT,PL,RUBBE,AIRTR,0.02,7176.589,3,3,7176.589,0.0,0.0,0.0,0.0,358829.45
1752224,IT,CN,PUBLI,93197,0.12,7176.542,3,3,7176.542,0.0,0.0,0.0,0.0,59804.516667
1678981,IT,GR,WEARI,PAPE4,0.05,7176.357,3,3,7176.357,0.0,0.0,0.0,0.0,143527.14
1776214,IT,TR,WOODW,ALUM1,0.02,7176.13,3,3,7176.13,0.0,0.0,0.0,0.0,358806.5
1791863,IT,WA,LANDT,INLAN,0.05,7176.118,3,3,7176.118,0.0,0.0,0.0,0.0,143522.36
1769381,IT,AU,CERAM,CEMEN,0.01,7176.029,3,3,7176.029,0.0,0.0,0.0,0.0,717602.9
1738959,IT,GB,CONST,FURNI,0.04,7175.912,3,3,7175.912,0.0,0.0,0.0,0.0,179397.8
1723459,IT,PT,ALUM1,LEATH,0.01,7175.9,3,3,7175.9,0.0,0.0,0.0,0.0,717590.0
1804898,IT,WF,BITU1,OFFIC,0.01,7175.565,3,3,7175.565,0.0,0.0,0.0,0.0,717556.5
1754847,IT,KR,BEVER,RETAI,0.03,7175.459,3,3,7175.459,0.0,0.0,0.0,0.0,239181.966667
1758014,IT,BR,RUBBE,BRICK,0.02,7175.361,3,3,7175.361,0.0,0.0,0.0,0.0,358768.05
1808388,IT,WF,WASTE,BASIC,0.02,7175.196,3,3,7175.196,0.0,0.0,0.0,0.0,358759.8
1713645,IT,MT,ALUM1,OFFIC,0.01,7175.149,3,3,7175.149,0.0,0.0,0.0,0.0,717514.9
1713261,IT,MT,PAPER,AUXIL,0.03,7174.965,3,3,7174.965,0.0,0.0,0.0,0.0,239165.5
1644705,IT,BE,BEVER,MOTO1,0.03,7174.914,3,3,7174.914,0.0,0.0,0.0,0.0,239163.8
1722722,IT,PT,WOODW,TRANS,0.02,7174.369,3,3,7174.369,0.0,0.0,0.0,0.0,358718.45
1771247,IT,CH,VEGE1,DISTR,0.02,7174.363,4,4,7174.361,0.0,0.0,0.0,0.002,358718.15
1741655,IT,US,HEAVY,PARAF,0.01,7174.276,3,3,7174.276,0.0,0.0,0.0,0.0,717427.6
1795018,IT,WL,ADDIT,RAWMI,0.02,7174.158,3,3,7174.158,0.0,0.0,0.0,0.0,358707.9
1669039,IT,ES,SUPPO,BITU1,0.05,7173.435,3,3,7173.435,0.0,0.0,0.0,0.0,143468.7
1670278,IT,FI,MEATA,HOTEL,0.04,7173.377,3,3,7173.377,0.0,0.0,0.0,0.0,179334.425
1788798,IT,WA,KEROS,BASIC,0.01,7173.357,3,3,7173.357,0.0,0.0,0.0,0.0,717335.7
1771298,IT,CH,DAIRY,GASDI,0.03,7172.441,3,3,7172.441,0.0,0.0,0.0,0.0,239081.366667
1712886,IT,LV,REALE,OFFIC,0.3,7172.397,3,3,7172.397,0.0,0.0,0.0,0.0,23907.99
1748294,IT,JP,MEMBE,RESEA,0.08,7171.806,3,3,7171.806,0.0,0.0,0.0,0.0,89647.575
1803629,IT,WF,FOOD5,NFERT,0.03,7171.671,3,3,7171.671,0.0,0.0,0.0,0.0,239055.7
1658120,IT,DE,ALUM1,BITU1,0.01,7171.286,3,3,7171.286,0.0,0.0,0.0,0.0,717128.6
1648688,IT,BG,SUGA1,HEALT,0.02,7171.164,3,3,7171.164,0.0,0.0,0.0,0.0,358558.2
1808767,IT,WF,WOOD2,NATU1,0.04,7170.922,3,3,7170.922,0.0,0.0,0.0,0.0,179273.05
1762594,IT,IN,AUXIL,DISTR,0.13,7170.357,3,3,7170.357,0.0,0.0,0.0,0.0,55156.592308
1719654,IT,PL,CEMEN,MACHI,0.01,7169.916,3,3,7169.916,0.0,0.0,0.0,0.0,716991.6
1721133,IT,PL,RAILW,LIQUE,0.05,7169.502,3,3,7169.502,0.0,0.0,0.0,0.0,143390.04
1685168,IT,HU,BEVER,PAPER,0.03,7169.362,3,3,7169.362,0.0,0.0,0.0,0.0,238978.733333
1730372,IT,SE,SUPPO,FOODW,0.05,7169.229,3,3,7169.229,0.0,0.0,0.0,0.0,143384.58
1645405,IT,BE,LIQUE,MEAT1,0.01,7169.003,3,3,7169.003,0.0,0.0,0.0,0.0,716900.3
1746470,IT,JP,GLASS,PUBLI,0.02,7168.95,3,3,7168.95,0.0,0.0,0.0,0.0,358447.5
1775673,IT,TR,VEGET,PLAST,0.03,7168.811,3,3,7168.811,0.0,0.0,0.0,0.0,238960.366667
1735341,IT,SK,CEMEN,SANDC,0.01,7168.746,3,3,7168.746,0.0,0.0,0.0,0.0,716874.6
1814509,IT,WM,RESEA,FURNI,0.04,7168.541,3,3,7168.541,0.0,0.0,0.0,0.0,179213.525
1656144,IT,DE,FISH5,BUSIN,0.03,7168.12,4,4,7168.116,0.0,0.0,0.0,0.004,238937.333333
1686210,IT,HU,GLASS,DISTR,0.02,7167.875,3,3,7167.875,0.0,0.0,0.0,0.0,358393.75
1640601,IT,AT,BEVER,NATU1,0.03,7167.358,3,3,7167.358,0.0,0.0,0.0,0.0,238911.933333
1767200,IT,RU,RETA1,COPP1,0.07,7167.126,3,3,7167.126,0.0,0.0,0.0,0.0,102387.514286
1798355,IT,WE,POULT,93197,0.02,7166.364,3,3,7166.364,0.0,0.0,0.0,0.0,358318.2
1772926,IT,CH,PREC1,DAIRY,0.01,7166.345,3,3,7166.345,0.0,0.0,0.0,0.0,716634.5
1644948,IT,BE,WOODW,HEAVY,0.02,7165.861,3,3,7165.861,0.0,0.0,0.0,0.0,358293.05
1737699,IT,GB,MOTOR,RAILW,0.01,7165.853,3,3,7165.853,0.0,0.0,0.0,0.0,716585.3
1794813,IT,WL,PLAST,ALUM1,0.02,7165.798,3,3,7165.798,0.0,0.0,0.0,0.0,358289.9
1768385,IT,AU,VEGE1,CROPS,0.02,7165.762,4,4,7165.76,0.0,0.0,0.0,0.002,358288.1
1803969,IT,WF,LEATH,CHEMI,0.05,7164.797,3,3,7164.797,0.0,0.0,0.0,0.0,143295.94
1770566,IT,AU,SUPPO,PUBLI,0.05,7164.797,3,3,7164.797,0.0,0.0,0.0,0.0,143295.94
1640361,IT,AT,MEATC,BUSIN,0.02,7164.663,3,3,7164.663,0.0,0.0,0.0,0.0,358233.15
1733044,IT,SI,COPP1,LEAD1,0.02,7164.341,3,3,7164.341,0.0,0.0,0.0,0.0,358217.05
1656870,IT,DE,HEAVY,BIOGA,0.01,7163.955,3,3,7163.955,0.0,0.0,0.0,0.0,716395.5
1776265,IT,TR,PULP5,HEALT,0.02,7163.724,3,3,7163.724,0.0,0.0,0.0,0.0,358186.2
1760038,IT,BR,WOOD1,SUPPO,0.05,7163.525,3,3,7163.525,0.0,0.0,0.0,0.0,143270.5
1712554,IT,LV,MACHI,DAIRY,0.04,7163.498,3,3,7163.498,0.0,0.0,0.0,0.0,179087.45
1780041,IT,TW,WHOLE,VEGE1,0.06,7163.457,3,3,7163.457,0.0,0.0,0.0,0.0,119390.95
1770815,IT,AU,COMPU,COMPU,0.08,7163.228,3,3,7163.228,0.0,0.0,0.0,0.0,89540.35
1745199,IT,JP,CROPS,CONST,0.06,7162.904,3,3,7162.904,0.0,0.0,0.0,0.0,119381.733333
1790004,IT,WA,NONME,NFERT,0.01,7162.805,3,3,7162.805,0.0,0.0,0.0,0.0,716280.5
1726404,IT,RO,FABRI,CATTL,0.03,7162.288,3,3,7162.288,0.0,0.0,0.0,0.0,238742.933333
1783184,IT,NO,COMPU,SEACO,0.08,7161.971,3,3,7161.971,0.0,0.0,0.0,0.0,89524.6375
1804613,IT,WF,HEAVY,CHEM1,0.01,7161.52,3,3,7161.52,0.0,0.0,0.0,0.0,716152.0
1752871,IT,CA,MOTOR,LANDT,0.01,7161.351,3,3,7161.351,0.0,0.0,0.0,0.0,716135.1
1664788,IT,ES,CEREA,EDUCA,0.01,7161.243,3,3,7161.243,0.0,0.0,0.0,0.0,716124.3
1754425,IT,CA,RENTI,INSUR,0.04,7161.139,3,3,7161.139,0.0,0.0,0.0,0.0,179028.475
1793627,IT,WL,DAIRY,PROCE,0.03,7161.09,3,3,7161.09,0.0,0.0,0.0,0.0,238703.0
1672574,IT,FR,CROPS,ANIMA,0.06,7161.044,3,3,7161.044,0.0,0.0,0.0,0.0,119350.733333
1664025,IT,EE,HEAVY,HOTEL,0.01,7160.998,3,3,7160.998,0.0,0.0,0.0,0.0,716099.8
1812127,IT,WM,BRICK,DISTR,0.01,7160.616,3,3,7160.616,0.0,0.0,0.0,0.0,716061.6
1782674,IT,NO,WHOLE,KEROS,0.06,7160.056,3,3,7160.056,0.0,0.0,0.0,0.0,119334.266667
1741362,IT,US,PRINT,MACHI,0.07,7159.836,3,3,7159.836,0.0,0.0,0.0,0.0,102283.371429
1812792,IT,WM,FABRI,HYDRO,0.03,7159.811,3,3,7159.811,0.0,0.0,0.0,0.0,238660.366667
1731078,IT,SI,VEGET,RENTI,0.03,7159.268,3,3,7159.268,0.0,0.0,0.0,0.0,238642.266667
1641276,IT,AT,MOTOR,TRAN1,0.01,7159.225,3,3,7159.225,0.0,0.0,0.0,0.0,715922.5
1798322,IT,WE,CROPS,SALEM,0.06,7158.857,3,3,7158.857,0.0,0.0,0.0,0.0,119314.283333
1690447,IT,IE,FOOD4,RECRE,0.05,7158.756,3,3,7158.756,0.0,0.0,0.0,0.0,143175.12
1688349,IT,IE,DAIRY,REALE,0.03,7158.458,3,3,7158.458,0.0,0.0,0.0,0.0,238615.266667
1814611,IT,WM,BUSIN,FOOD4,0.07,7158.424,3,3,7158.424,0.0,0.0,0.0,0.0,102263.2
1801701,IT,WE,FURNI,PRIVA,0.02,7158.404,3,3,7158.404,0.0,0.0,0.0,0.0,357920.2
1715200,IT,NL,WOODW,BASIC,0.02,7158.375,3,3,7158.375,0.0,0.0,0.0,0.0,357918.75
1763469,IT,MX,PLAST,NONME,0.02,7158.12,3,3,7158.12,0.0,0.0,0.0,0.0,357906.0
1659621,IT,DE,HOTEL,MEDIC,0.05,7158.105,3,3,7158.105,0.0,0.0,0.0,0.0,143162.1
1788863,IT,WA,GASDI,CHARC,0.01,7158.035,3,3,7158.035,0.0,0.0,0.0,0.0,715803.5
1646530,IT,BE,MACHI,INERT,0.04,7157.549,3,3,7157.549,0.0,0.0,0.0,0.0,178938.725
1810596,IT,WM,PRINT,LIQUE,0.07,7157.487,3,3,7157.487,0.0,0.0,0.0,0.0,102249.814286
1775347,IT,CH,BUSIN,WASTE,0.07,7157.484,3,3,7157.484,0.0,0.0,0.0,0.0,102249.771429
1678541,IT,GR,VEGET,RUBBE,0.03,7157.374,3,3,7157.374,0.0,0.0,0.0,0.0,238579.133333
1684333,IT,HR,SUPPO,MACHI,0.05,7157.205,3,3,7157.205,0.0,0.0,0.0,0.0,143144.1
1684692,IT,HU,CEREA,DIST1,0.01,7156.893,3,3,7156.893,0.0,0.0,0.0,0.0,715689.3
1785239,IT,ZA,TEXTI,KERO1,0.04,7156.806,3,3,7156.806,0.0,0.0,0.0,0.0,178920.15
1681441,IT,GR,RENTI,BUSIN,0.04,7156.705,3,3,7156.705,0.0,0.0,0.0,0.0,178917.625
1735112,IT,SK,CHEM1,AUXIL,0.01,7156.559,3,3,7156.559,0.0,0.0,0.0,0.0,715655.9
1709308,IT,LT,STONE,CONST,0.02,7156.518,3,3,7156.518,0.0,0.0,0.0,0.0,357825.9
1686978,IT,HU,MACHI,AUXIL,0.04,7156.014,3,3,7156.014,0.0,0.0,0.0,0.0,178900.35
1714474,IT,NL,FORES,FOOD2,0.06,7155.916,4,4,7152.916,0.0,3.0,0.0,0.0,119265.266667
1748631,IT,CN,DAIRY,HEAVY,0.03,7155.802,3,3,7155.802,0.0,0.0,0.0,0.0,238526.733333
1805309,IT,WF,BIODI,LANDT,0.01,7155.179,3,3,7155.179,0.0,0.0,0.0,0.0,715517.9
1787420,IT,WA,NATUR,MEAT4,0.01,7154.745,3,3,7154.745,0.0,0.0,0.0,0.0,715474.5
1684195,IT,HR,LANDT,COMPU,0.05,7154.476,3,3,7154.476,0.0,0.0,0.0,0.0,143089.52
1747742,IT,JP,FINAN,PUBLI,0.09,7154.457,3,3,7154.457,0.0,0.0,0.0,0.0,79493.966667
1814326,IT,WM,FINAN,PFERT,0.09,7154.255,3,3,7154.255,0.0,0.0,0.0,0.0,79491.722222
1768655,IT,AU,TEXTI,FOOD5,0.04,7154.186,3,3,7154.186,0.0,0.0,0.0,0.0,178854.65
1792963,IT,WA,PLAS1,SEACO,0.03,7153.961,3,3,7153.961,0.0,0.0,0.0,0.0,238465.366667
1759908,IT,BR,PAPE1,RENTI,0.05,7153.485,3,3,7153.485,0.0,0.0,0.0,0.0,143069.7
1771222,IT,CH,VEGE1,WOODW,0.02,7153.252,4,4,7153.25,0.0,0.0,0.0,0.002,357662.6
1670802,IT,FI,PRINT,REALE,0.07,7152.517,3,3,7152.517,0.0,0.0,0.0,0.0,102178.814286
1814413,IT,WM,REALE,CHEM1,0.3,7152.301,3,3,7152.301,0.0,0.0,0.0,0.0,23841.003333
1796364,IT,WL,WHOLE,NATUR,0.06,7151.98,3,3,7151.98,0.0,0.0,0.0,0.0,119199.666667
1770779,IT,AU,COMPU,PRINT,0.08,7151.108,3,3,7151.108,0.0,0.0,0.0,0.0,89388.85
1653051,IT,CZ,PLAST,COLLE,0.02,7150.796,3,3,7150.796,0.0,0.0,0.0,0.0,357539.8
1730028,IT,SE,WHOLE,PRINT,0.06,7150.796,3,3,7150.796,0.0,0.0,0.0,0.0,119179.933333
1788851,IT,WA,GASDI,PAPER,0.01,7150.612,3,3,7150.612,0.0,0.0,0.0,0.0,715061.2
1741708,IT,US,HEAVY,OILHA,0.01,7150.354,3,3,7150.354,0.0,0.0,0.0,0.0,715035.4
1797974,IT,WL,PAPE4,CHARC,0.05,7150.207,3,3,7150.207,0.0,0.0,0.0,0.0,143004.14
1688830,IT,IE,NONME,TRANS,0.01,7149.923,3,3,7149.923,0.0,0.0,0.0,0.0,714992.3
1786203,IT,ZA,ALUM1,RUBBE,0.01,7149.836,3,3,7149.836,0.0,0.0,0.0,0.0,714983.6
1732658,IT,SI,GLASS,INTER,0.02,7149.267,3,3,7149.267,0.0,0.0,0.0,0.0,357463.35
1760053,IT,BR,OILHA,PRINT,0.04,7149.14,3,3,7149.14,0.0,0.0,0.0,0.0,178728.5
1654090,IT,CZ,OFFIC,RUBBE,0.02,7148.814,3,3,7148.814,0.0,0.0,0.0,0.0,357440.7
1757968,IT,BR,RUBBE,PLANT,0.02,7148.214,3,3,7148.214,0.0,0.0,0.0,0.0,357410.7
1804065,IT,WF,WOODW,COMPU,0.02,7148.158,3,3,7148.158,0.0,0.0,0.0,0.0,357407.9
1790371,IT,WA,LEAD1,COPPE,0.01,7147.973,3,3,7147.973,0.0,0.0,0.0,0.0,714797.3
1767207,IT,RU,RETA1,RADIO,0.07,7147.869,3,3,7147.869,0.0,0.0,0.0,0.0,102112.414286
1683908,IT,HR,FURNI,CEMEN,0.02,7147.405,3,3,7147.405,0.0,0.0,0.0,0.0,357370.25
1812158,IT,WM,CEMEN,FURNI,0.01,7147.093,3,3,7147.093,0.0,0.0,0.0,0.0,714709.3
1790988,IT,WA,MOTO1,LEAD1,0.04,7146.702,3,3,7146.702,0.0,0.0,0.0,0.0,178667.55
1688762,IT,IE,RUBBE,BEVER,0.02,7145.916,3,3,7145.916,0.0,0.0,0.0,0.0,357295.8
1768310,IT,AU,SANDC,NONF1,0.02,7144.733,4,4,7142.733,0.0,0.0,2.0,0.0,357236.65
1674816,IT,FR,CEMEN,FOOD2,0.01,7144.377,3,3,7144.377,0.0,0.0,0.0,0.0,714437.7
1777455,IT,TR,NONME,PUBLI,0.01,7144.074,3,3,7144.074,0.0,0.0,0.0,0.0,714407.4
1690346,IT,IE,FOOD3,PLAST,0.02,7144.029,3,3,7144.029,0.0,0.0,0.0,0.0,357201.45
1746204,IT,JP,CHEM1,NONFE,0.01,7143.94,3,3,7143.94,0.0,0.0,0.0,0.0,714394.0
1806434,IT,WF,TRANS,PRECI,0.04,7143.715,3,3,7143.715,0.0,0.0,0.0,0.0,178592.875
1654230,IT,CZ,TRANS,BASIC,0.04,7143.334,3,3,7143.334,0.0,0.0,0.0,0.0,178583.35
1768888,IT,AU,WOODW,PETRO,0.02,7143.259,3,3,7143.259,0.0,0.0,0.0,0.0,357162.95
1806354,IT,WF,MOTO1,NICKE,0.04,7143.072,3,3,7143.072,0.0,0.0,0.0,0.0,178576.8
1713409,IT,MT,BITU1,RENTI,0.01,7142.569,3,3,7142.569,0.0,0.0,0.0,0.0,714256.9
1682747,IT,HR,GASDI,AUXIL,0.01,7142.49,3,3,7142.49,0.0,0.0,0.0,0.0,714249.0
1757018,IT,KR,BUSIN,LEATH,0.07,7142.482,3,3,7142.482,0.0,0.0,0.0,0.0,102035.457143
1783805,IT,NO,INERT,FOUND,0.05,7142.162,3,3,7142.162,0.0,0.0,0.0,0.0,142843.24
1795520,IT,WL,ALUM1,GLASS,0.01,7141.618,3,3,7141.618,0.0,0.0,0.0,0.0,714161.8
1746402,IT,JP,RUBBE,DISTR,0.02,7141.424,3,3,7141.424,0.0,0.0,0.0,0.0,357071.2
1713278,IT,MT,PRINT,MOTO1,0.07,7140.807,3,3,7140.807,0.0,0.0,0.0,0.0,102011.528571
1688523,IT,IE,PAPER,STONE,0.03,7140.621,3,3,7140.621,0.0,0.0,0.0,0.0,238020.7
1657623,IT,DE,CERAM,CATTL,0.01,7140.235,3,3,7140.235,0.0,0.0,0.0,0.0,714023.5
1730691,IT,SE,COMPU,FABRI,0.08,7140.058,3,3,7140.058,0.0,0.0,0.0,0.0,89250.725
1756873,IT,KR,POSTT,LANDT,0.12,7140.042,3,3,7140.042,0.0,0.0,0.0,0.0,59500.35
1753791,IT,CA,FURNI,PAPE4,0.02,7139.794,3,3,7139.794,0.0,0.0,0.0,0.0,356989.7
1784395,IT,ID,GLASS,HOTEL,0.02,7139.79,3,3,7139.79,0.0,0.0,0.0,0.0,356989.5
1681889,IT,HR,DAIRY,TEXTI,0.03,7139.454,3,3,7139.454,0.0,0.0,0.0,0.0,237981.8
1719639,IT,PL,CERAM,FOOD2,0.01,7139.387,3,3,7139.387,0.0,0.0,0.0,0.0,713938.7
1661624,IT,DK,FISH5,ELECT,0.03,7139.346,4,4,7139.342,0.0,0.0,0.0,0.004,237978.2
1771148,IT,CH,MEATP,RETAI,0.03,7138.776,3,3,7138.776,0.0,0.0,0.0,0.0,237959.2
1683157,IT,HR,GLASS,MEATC,0.02,7138.667,3,3,7138.667,0.0,0.0,0.0,0.0,356933.35
1651400,IT,CY,MOTOR,EDUCA,0.01,7138.467,3,3,7138.467,0.0,0.0,0.0,0.0,713846.7
1745430,IT,JP,DAIRY,ELEC2,0.03,7138.181,3,3,7138.181,0.0,0.0,0.0,0.0,237939.366667
1779762,IT,TR,BUSIN,RADIO,0.07,7137.989,3,3,7137.989,0.0,0.0,0.0,0.0,101971.271429
1681708,IT,HR,FISHF,VEGE1,0.01,7137.893,3,3,7137.893,0.0,0.0,0.0,0.0,713789.3
1773665,IT,CH,FURNI,MOTOR,0.02,7137.826,3,3,7137.826,0.0,0.0,0.0,0.0,356891.3
1725180,IT,RO,DAIRY,PIGS9,0.03,7137.621,3,3,7137.621,0.0,0.0,0.0,0.0,237920.7
1687012,IT,HU,OFFIC,BIOGA,0.02,7137.566,3,3,7137.566,0.0,0.0,0.0,0.0,356878.3
1674013,IT,FR,KEROS,PLAS2,0.01,7136.878,3,3,7136.878,0.0,0.0,0.0,0.0,713687.8
1803189,IT,WF,CROPS,LEADZ,0.06,7136.451,3,3,7136.451,0.0,0.0,0.0,0.0,118940.85
1731214,IT,SI,CHEMI,LANDT,0.02,7136.392,3,3,7136.392,0.0,0.0,0.0,0.0,356819.6
1762133,IT,IN,LANDT,WEARI,0.05,7136.311,3,3,7136.311,0.0,0.0,0.0,0.0,142726.22
1781168,IT,TW,INERT,PUBLI,0.05,7135.892,3,3,7135.892,0.0,0.0,0.0,0.0,142717.84
1747419,IT,JP,LANDT,PLAST,0.05,7135.865,3,3,7135.865,0.0,0.0,0.0,0.0,142717.3
1801885,IT,WE,CONST,ALUM1,0.04,7135.727,3,3,7135.727,0.0,0.0,0.0,0.0,178393.175
1727532,IT,RO,REALE,VEGET,0.3,7135.412,3,3,7135.412,0.0,0.0,0.0,0.0,23784.706667
1725407,IT,RO,TEXTI,COLLE,0.04,7134.222,3,3,7134.222,0.0,0.0,0.0,0.0,178355.55
1714722,IT,NL,DAIRY,MEATA,0.03,7134.115,3,3,7134.115,0.0,0.0,0.0,0.0,237803.833333
1732721,IT,SI,CEMEN,WOODW,0.01,7133.07,3,3,7133.07,0.0,0.0,0.0,0.0,713307.0
1734005,IT,SI,POSTT,WHOLE,0.12,7132.282,3,3,7132.282,0.0,0.0,0.0,0.0,59435.683333
1648597,IT,BG,MEATC,CONST,0.02,7131.482,3,3,7131.482,0.0,0.0,0.0,0.0,356574.1
1730447,IT,SE,POSTT,COLLE,0.12,7131.317,3,3,7131.317,0.0,0.0,0.0,0.0,59427.641667
1740076,IT,GB,RENTI,OILHA,0.04,7130.903,3,3,7130.903,0.0,0.0,0.0,0.0,178272.575
1761995,IT,IN,WHOLE,VEGET,0.06,7130.797,3,3,7130.797,0.0,0.0,0.0,0.0,118846.616667
1764417,IT,MX,TRANS,MACHI,0.04,7130.705,3,3,7130.705,0.0,0.0,0.0,0.0,178267.625
1674081,IT,FR,GASDI,PLAS2,0.01,7130.344,3,3,7130.344,0.0,0.0,0.0,0.0,713034.4
1673657,IT,FR,WOODW,93197,0.02,7129.918,3,3,7129.918,0.0,0.0,0.0,0.0,356495.9
1768508,IT,AU,FOOD5,WEARI,0.03,7129.892,3,3,7129.892,0.0,0.0,0.0,0.0,237663.066667
1764143,IT,MX,FABRI,RAILW,0.03,7129.444,3,3,7129.444,0.0,0.0,0.0,0.0,237648.133333
1786189,IT,ZA,ALUM1,HYDRO,0.01,7129.346,3,3,7129.346,0.0,0.0,0.0,0.0,712934.6
1685160,IT,HU,BEVER,DAIRY,0.03,7129.318,3,3,7129.318,0.0,0.0,0.0,0.0,237643.933333
1725340,IT,RO,FISH5,NONSP,0.03,7129.288,4,4,7129.284,0.0,0.0,0.0,0.004,237642.933333
1792308,IT,WA,FINAN,CATTL,0.09,7129.249,3,3,7129.249,0.0,0.0,0.0,0.0,79213.877778
1756136,IT,KR,MACHI,PIGS9,0.04,7128.081,3,3,7128.081,0.0,0.0,0.0,0.0,178202.025
1740483,IT,GB,PAPE4,INERT,0.05,7128.066,3,3,7128.066,0.0,0.0,0.0,0.0,142561.32
1771251,IT,CH,VEGE1,SALEM,0.02,7127.932,4,4,7127.93,0.0,0.0,0.0,0.002,356396.6
1734433,IT,SK,CROPS,CATTL,0.06,7127.237,3,3,7127.237,0.0,0.0,0.0,0.0,118787.283333
1766255,IT,RU,CERAM,BEVER,0.01,7126.77,3,3,7126.77,0.0,0.0,0.0,0.0,712677.0
1772166,IT,CH,GASDI,VEGET,0.01,7126.569,3,3,7126.569,0.0,0.0,0.0,0.0,712656.9
1810658,IT,WM,MOTOR,HYDRO,0.01,7125.618,3,3,7125.618,0.0,0.0,0.0,0.0,712561.8
1772142,IT,CH,AVIAT,SUPPO,0.02,7125.475,3,3,7125.475,0.0,0.0,0.0,0.0,356273.75
1675036,IT,FR,ALUM1,VEGE1,0.01,7125.446,3,3,7125.446,0.0,0.0,0.0,0.0,712544.6
1792010,IT,WA,INLAN,CRUDE,0.01,7125.344,3,3,7125.344,0.0,0.0,0.0,0.0,712534.4
1667323,IT,ES,ALUM1,FINAN,0.01,7124.999,3,3,7124.999,0.0,0.0,0.0,0.0,712499.9
1806939,IT,WF,RAILW,BUSIN,0.05,7124.764,3,3,7124.764,0.0,0.0,0.0,0.0,142495.28
1665035,IT,ES,MEATC,VEGE1,0.02,7124.708,3,3,7124.708,0.0,0.0,0.0,0.0,356235.4
1643952,IT,AT,COMPU,BASIC,0.08,7124.441,3,3,7124.441,0.0,0.0,0.0,0.0,89055.5125
1652347,IT,CZ,FISH5,VEGE1,0.03,7124.338,4,4,7124.334,0.0,0.0,0.0,0.004,237477.933333
1644700,IT,BE,BEVER,MACHI,0.03,7123.936,3,3,7123.936,0.0,0.0,0.0,0.0,237464.533333
1672886,IT,FR,VEGE1,FURNI,0.02,7123.863,4,4,7123.861,0.0,0.0,0.0,0.002,356193.15
1798988,IT,WE,TEXTI,PIGS9,0.04,7123.385,3,3,7123.385,0.0,0.0,0.0,0.0,178084.625
1775809,IT,TR,CHEMI,BIODI,0.02,7122.858,3,3,7122.858,0.0,0.0,0.0,0.0,356142.9
1646418,IT,BE,FABRI,FOOD3,0.03,7122.112,3,3,7122.112,0.0,0.0,0.0,0.0,237403.733333
1641680,IT,AT,NUCLE,RESEA,0.01,7121.6,3,3,7121.6,0.0,0.0,0.0,0.0,712160.0
1771423,IT,CH,FOOD5,AIRTR,0.03,7121.359,3,3,7121.359,0.0,0.0,0.0,0.0,237378.633333
1687139,IT,HU,FURNI,DAIRY,0.02,7121.249,3,3,7121.249,0.0,0.0,0.0,0.0,356062.45
1686080,IT,HU,RUBBE,NAPHT,0.02,7120.988,3,3,7120.988,0.0,0.0,0.0,0.0,356049.4
1715474,IT,NL,KEROS,LIQUI,0.01,7120.952,3,3,7120.952,0.0,0.0,0.0,0.0,712095.2
1764478,IT,MX,FURNI,FOOD4,0.02,7120.916,3,3,7120.916,0.0,0.0,0.0,0.0,356045.8
1654375,IT,CZ,CONST,CONST,0.04,7120.627,3,3,7120.627,0.0,0.0,0.0,0.0,178015.675
1814682,IT,WM,PLAS1,HOTEL,0.03,7120.491,3,3,7120.491,0.0,0.0,0.0,0.0,237349.7
1793020,IT,WA,WASTE,PIGS9,0.02,7120.126,3,3,7120.126,0.0,0.0,0.0,0.0,356006.3
1782060,IT,NO,GLASS,FOOD5,0.02,7119.962,3,3,7119.962,0.0,0.0,0.0,0.0,355998.1
1767307,IT,RU,HOTEL,RAILW,0.05,7119.902,3,3,7119.902,0.0,0.0,0.0,0.0,142398.04
1784682,IT,ID,MOTO1,POSTT,0.04,7119.791,3,3,7119.791,0.0,0.0,0.0,0.0,177994.775
1677334,IT,FR,FINAN,INTER,0.09,7119.584,3,3,7119.584,0.0,0.0,0.0,0.0,79106.488889
1738858,IT,GB,TRANS,FOUND,0.04,7119.381,3,3,7119.381,0.0,0.0,0.0,0.0,177984.525
1790687,IT,WA,FABRI,COKE1,0.03,7119.358,3,3,7119.358,0.0,0.0,0.0,0.0,237311.933333
1645744,IT,BE,RUBBE,REFIN,0.02,7119.314,3,3,7119.314,0.0,0.0,0.0,0.0,355965.7
1684953,IT,HU,MEAT1,SANDC,0.03,7119.215,3,3,7119.215,0.0,0.0,0.0,0.0,237307.166667
1749432,IT,CN,GASDI,FISHF,0.01,7119.054,3,3,7119.054,0.0,0.0,0.0,0.0,711905.4
1759004,IT,BR,LANDT,MEDIC,0.05,7118.498,3,3,7118.498,0.0,0.0,0.0,0.0,142369.96
1725853,IT,RO,GASDI,MACHI,0.01,7118.128,3,3,7118.128,0.0,0.0,0.0,0.0,711812.8
1723955,IT,PT,SALEM,WOODW,0.06,7117.711,3,3,7117.711,0.0,0.0,0.0,0.0,118628.516667
1730606,IT,SE,RENTI,FORES,0.04,7117.619,3,3,7117.619,0.0,0.0,0.0,0.0,177940.475
1651543,IT,CY,RUBBE,ALUM1,0.02,7117.332,3,3,7117.332,0.0,0.0,0.0,0.0,355866.6
1747336,IT,JP,RETA1,FOOD5,0.07,7117.145,3,3,7117.145,0.0,0.0,0.0,0.0,101673.5
1718994,IT,PL,MOTOR,WHOLE,0.01,7116.934,3,3,7116.934,0.0,0.0,0.0,0.0,711693.4
1670857,IT,FI,PLAST,VEGE1,0.01,7116.931,3,3,7116.931,0.0,0.0,0.0,0.0,711693.1
1733331,IT,SI,MOTO1,FOOD4,0.04,7116.729,3,3,7116.729,0.0,0.0,0.0,0.0,177918.225
1754574,IT,KR,VEGET,WHOLE,0.03,7116.659,3,3,7116.659,0.0,0.0,0.0,0.0,237221.966667
1723013,IT,PT,PLAST,PFERT,0.01,7116.622,3,3,7116.622,0.0,0.0,0.0,0.0,711662.2
1777566,IT,TR,PREC1,RADIO,0.01,7116.395,3,3,7116.395,0.0,0.0,0.0,0.0,711639.5
1641730,IT,AT,PLAST,93197,0.01,7116.293,3,3,7116.293,0.0,0.0,0.0,0.0,711629.3
1680178,IT,GR,MOTO1,REALE,0.04,7116.076,3,3,7116.076,0.0,0.0,0.0,0.0,177901.9
1770184,IT,AU,RETA1,BUSIN,0.07,7116.036,3,3,7116.036,0.0,0.0,0.0,0.0,101657.657143
1797730,IT,WL,INTER,MEAT1,0.04,7116.02,3,3,7116.02,0.0,0.0,0.0,0.0,177900.5
1642863,IT,AT,MOTO1,ELECT,0.04,7115.727,3,3,7115.727,0.0,0.0,0.0,0.0,177893.175
1755238,IT,KR,PULP5,AUXIL,0.02,7115.148,3,3,7115.148,0.0,0.0,0.0,0.0,355757.4
1774726,IT,CH,SUPPO,MOTO1,0.05,7115.132,3,3,7115.132,0.0,0.0,0.0,0.0,142302.64
1724205,IT,PT,HOTEL,SUPPO,0.05,7115.086,3,3,7115.086,0.0,0.0,0.0,0.0,142301.72
1797228,IT,WL,FINAN,ELEC4,0.09,7115.029,3,3,7115.029,0.0,0.0,0.0,0.0,79055.877778
1718213,IT,PL,PROCE,MEATC,0.05,7114.959,3,3,7114.959,0.0,0.0,0.0,0.0,142299.18
1780613,IT,TW,INSUR,OFFIC,0.15,7114.56,3,3,7114.56,0.0,0.0,0.0,0.0,47430.4
1725030,IT,RO,CEREA,POULT,0.01,7114.085,3,3,7114.085,0.0,0.0,0.0,0.0,711408.5
1781805,IT,NO,BITU1,CRUDE,0.01,7113.898,3,3,7113.898,0.0,0.0,0.0,0.0,711389.8
1652575,IT,CZ,LEATH,OFFIC,0.05,7113.572,3,3,7113.572,0.0,0.0,0.0,0.0,142271.44
1646535,IT,BE,OFFIC,TOBAC,0.02,7113.39,3,3,7113.39,0.0,0.0,0.0,0.0,355669.5
1759015,IT,BR,LANDT,LANDT,0.05,7113.346,3,3,7113.346,0.0,0.0,0.0,0.0,142266.92
1778798,IT,TR,LANDT,FOUND,0.05,7112.898,3,3,7112.898,0.0,0.0,0.0,0.0,142257.96
1686164,IT,HU,GLASS,FORES,0.02,7112.693,3,3,7112.693,0.0,0.0,0.0,0.0,355634.65
1748723,IT,CN,BEVER,LIQUE,0.03,7112.549,3,3,7112.549,0.0,0.0,0.0,0.0,237084.966667
1739424,IT,GB,LANDT,BITUM,0.05,7112.486,3,3,7112.486,0.0,0.0,0.0,0.0,142249.72
1676506,IT,FR,RETA1,PLAS1,0.07,7112.316,3,3,7112.316,0.0,0.0,0.0,0.0,101604.514286
1711005,IT,LU,BRICK,BRICK,0.01,7111.649,3,3,7111.649,0.0,0.0,0.0,0.0,711164.9
1754767,IT,KR,DAIRY,HEALT,0.03,7111.478,3,3,7111.478,0.0,0.0,0.0,0.0,237049.266667
1795729,IT,WL,MACHI,WOOLS,0.04,7111.374,3,3,7111.374,0.0,0.0,0.0,0.0,177784.35
1719532,IT,PL,GLASS,LEAD1,0.02,7111.367,3,3,7111.367,0.0,0.0,0.0,0.0,355568.35
1774068,IT,CH,WHOLE,FISHF,0.06,7111.274,3,3,7111.274,0.0,0.0,0.0,0.0,118521.233333
1681824,IT,HR,VEGE1,POULT,0.02,7111.232,4,4,7111.23,0.0,0.0,0.0,0.002,355561.6
1678478,IT,FR,RECRE,HOTEL,0.09,7111.215,3,3,7111.215,0.0,0.0,0.0,0.0,79013.5
1684753,IT,HU,VEGET,PAPE4,0.03,7111.011,3,3,7111.011,0.0,0.0,0.0,0.0,237033.7
1684740,IT,HU,VEGET,RAILW,0.03,7110.894,3,3,7110.894,0.0,0.0,0.0,0.0,237029.8
1812131,IT,WM,BRICK,HOTEL,0.01,7110.689,3,3,7110.689,0.0,0.0,0.0,0.0,711068.9
1724814,IT,PT,COMPU,POSTT,0.08,7110.638,3,3,7110.638,0.0,0.0,0.0,0.0,88882.975
1668151,IT,ES,SALEM,MACHI,0.06,7110.199,3,3,7110.199,0.0,0.0,0.0,0.0,118503.316667
1645224,IT,BE,COALT,BEVER,0.01,7110.159,3,3,7110.159,0.0,0.0,0.0,0.0,711015.9
1783321,IT,NO,PAPE1,FOUND,0.05,7110.121,3,3,7110.121,0.0,0.0,0.0,0.0,142202.42
1726523,IT,RO,MACHI,RETA1,0.04,7110.073,3,3,7110.073,0.0,0.0,0.0,0.0,177751.825
1739179,IT,GB,RETA1,CHEM1,0.07,7109.9,3,3,7109.9,0.0,0.0,0.0,0.0,101570.0
1789151,IT,WA,PLAST,SUBBI,0.01,7109.788,3,3,7109.788,0.0,0.0,0.0,0.0,710978.8
1795768,IT,WL,MACHI,KERO1,0.04,7109.711,3,3,7109.711,0.0,0.0,0.0,0.0,177742.775
1810389,IT,WM,WOODW,INERT,0.02,7109.656,3,3,7109.656,0.0,0.0,0.0,0.0,355482.8
1672716,IT,FR,CHEMI,POULT,0.02,7109.425,3,3,7109.425,0.0,0.0,0.0,0.0,355471.25
1764404,IT,MX,MOTO1,INSUR,0.04,7108.552,3,3,7108.552,0.0,0.0,0.0,0.0,177713.8
1743012,IT,US,OFFIC,FOUND,0.02,7108.024,3,3,7108.024,0.0,0.0,0.0,0.0,355401.2
1799734,IT,WE,KEROS,FISH5,0.01,7107.993,3,3,7107.993,0.0,0.0,0.0,0.0,710799.3
1762939,IT,MX,VEGE1,POULT,0.02,7107.991,4,4,7107.989,0.0,0.0,0.0,0.002,355399.55
1712259,IT,LV,KEROS,DAIRY,0.01,7107.913,3,3,7107.913,0.0,0.0,0.0,0.0,710791.3
1652917,IT,CZ,KEROS,FOOD4,0.01,7107.894,3,3,7107.894,0.0,0.0,0.0,0.0,710789.4
1668192,IT,ES,SALEM,FOOD1,0.06,7107.327,3,3,7107.327,0.0,0.0,0.0,0.0,118455.45
1715099,IT,NL,WEARI,SUPPO,0.05,7107.251,3,3,7107.251,0.0,0.0,0.0,0.0,142145.02
1669248,IT,ES,FINAN,WHEAT,0.09,7107.234,3,3,7107.234,0.0,0.0,0.0,0.0,78969.266667
1668129,IT,ES,CONST,EDUCA,0.04,7107.028,3,3,7107.028,0.0,0.0,0.0,0.0,177675.7
1676327,IT,FR,RETAI,NONF1,0.06,7106.855,3,3,7106.855,0.0,0.0,0.0,0.0,118447.583333
1738772,IT,GB,OFFIC,BASIC,0.02,7106.746,3,3,7106.746,0.0,0.0,0.0,0.0,355337.3
1792576,IT,WA,COMPU,NATUR,0.08,7106.707,3,3,7106.707,0.0,0.0,0.0,0.0,88833.8375
1806002,IT,WF,COPP1,PETRO,0.02,7106.647,3,3,7106.647,0.0,0.0,0.0,0.0,355332.35
1775517,IT,CH,FOOD2,BUSIN,0.04,7106.596,3,3,7106.596,0.0,0.0,0.0,0.0,177664.9
1757392,IT,BR,LEATH,EDUCA,0.05,7106.566,3,3,7106.566,0.0,0.0,0.0,0.0,142131.32
1712150,IT,LV,WEARI,RECRE,0.05,7106.529,3,3,7106.529,0.0,0.0,0.0,0.0,142130.58
1713416,IT,MT,NUCLE,CHEM1,0.01,7105.823,3,3,7105.823,0.0,0.0,0.0,0.0,710582.3
1664362,IT,EE,FABRI,RAILW,0.03,7105.67,3,3,7105.67,0.0,0.0,0.0,0.0,236855.666667
1808376,IT,WF,WASTE,IRONO,0.02,7105.66,3,3,7105.66,0.0,0.0,0.0,0.0,355283.0
1759210,IT,BR,SUPPO,WHOLE,0.05,7105.366,3,3,7105.366,0.0,0.0,0.0,0.0,142107.32
1682302,IT,HR,LEATH,WASTE,0.05,7105.089,3,3,7105.089,0.0,0.0,0.0,0.0,142101.78
1748718,IT,CN,BEVER,PRINT,0.03,7105.083,3,3,7105.083,0.0,0.0,0.0,0.0,236836.1
1737990,IT,GB,CHEM1,FOODW,0.01,7105.046,3,3,7105.046,0.0,0.0,0.0,0.0,710504.6
1755239,IT,KR,PULP5,MEMBE,0.02,7104.673,3,3,7104.673,0.0,0.0,0.0,0.0,355233.65
1732780,IT,SI,NONME,ELEC3,0.01,7104.306,3,3,7104.306,0.0,0.0,0.0,0.0,710430.6
1718701,IT,PL,WOODW,FINAN,0.02,7103.691,3,3,7103.691,0.0,0.0,0.0,0.0,355184.55
1674707,IT,FR,GLASS,INLAN,0.02,7103.417,3,3,7103.417,0.0,0.0,0.0,0.0,355170.85
1746370,IT,JP,RUBBE,NAPHT,0.02,7103.246,3,3,7103.246,0.0,0.0,0.0,0.0,355162.3
1722699,IT,PT,LEATH,PUBLI,0.05,7103.217,3,3,7103.217,0.0,0.0,0.0,0.0,142064.34
1763160,IT,MX,LEATH,HEAVY,0.05,7102.979,3,3,7102.979,0.0,0.0,0.0,0.0,142059.58
1661805,IT,DK,WOODW,BRICK,0.02,7102.677,3,3,7102.677,0.0,0.0,0.0,0.0,355133.85
1759994,IT,BR,INTER,OFFIC,0.04,7102.453,3,3,7102.453,0.0,0.0,0.0,0.0,177561.325
1713004,IT,MT,CHEMI,MOTO1,0.02,7102.159,3,3,7102.159,0.0,0.0,0.0,0.0,355107.95
1770799,IT,AU,COMPU,COLLE,0.08,7101.656,3,3,7101.656,0.0,0.0,0.0,0.0,88770.7
1768248,IT,RU,FOOD4,NONF1,0.05,7101.594,3,3,7101.594,0.0,0.0,0.0,0.0,142031.88
1678330,IT,FR,WASTE,RENTI,0.02,7100.671,3,3,7100.671,0.0,0.0,0.0,0.0,355033.55
1807902,IT,WF,PLAS1,SUGAR,0.03,7100.392,3,3,7100.392,0.0,0.0,0.0,0.0,236679.733333
1681212,IT,GR,POSTT,RECRE,0.12,7099.812,3,3,7099.812,0.0,0.0,0.0,0.0,59165.1
1752608,IT,CA,TEXTI,SANDC,0.04,7099.465,3,3,7099.465,0.0,0.0,0.0,0.0,177486.625
1736531,IT,SK,SUPPO,TEXTI,0.05,7099.367,3,3,7099.367,0.0,0.0,0.0,0.0,141987.34
1722975,IT,PT,NAPHT,NFERT,0.01,7099.3,3,3,7099.3,0.0,0.0,0.0,0.0,709930.0
1800629,IT,WE,GLASS,RESEA,0.02,7098.931,3,3,7098.931,0.0,0.0,0.0,0.0,354946.55
1773941,IT,CH,SALEM,RUBBE,0.06,7098.841,3,3,7098.841,0.0,0.0,0.0,0.0,118314.016667
1791528,IT,WA,RETA1,PAPER,0.07,7098.792,3,3,7098.792,0.0,0.0,0.0,0.0,101411.314286
1744386,IT,US,INSUR,HOTEL,0.15,7098.664,3,3,7098.664,0.0,0.0,0.0,0.0,47324.426667
1753237,IT,CA,CERAM,ELEC1,0.01,7097.879,3,3,7097.879,0.0,0.0,0.0,0.0,709787.9
1711291,IT,LU,SALEM,BUSIN,0.06,7097.665,3,3,7097.665,0.0,0.0,0.0,0.0,118294.416667
1737035,IT,GB,STONE,SUPPO,0.02,7097.483,3,3,7097.483,0.0,0.0,0.0,0.0,354874.15
1793755,IT,WL,BEVER,REALE,0.03,7096.985,3,3,7096.985,0.0,0.0,0.0,0.0,236566.166667
1809799,IT,WM,FOOD5,BASIC,0.03,7096.819,3,3,7096.819,0.0,0.0,0.0,0.0,236560.633333
1652365,IT,CZ,TEXTI,WHEAT,0.04,7096.622,3,3,7096.622,0.0,0.0,0.0,0.0,177415.55
1790885,IT,WA,OFFIC,CRUDE,0.02,7096.572,3,3,7096.572,0.0,0.0,0.0,0.0,354828.6
1689117,IT,IE,SALEM,MEAT1,0.06,7096.515,3,3,7096.515,0.0,0.0,0.0,0.0,118275.25
1712277,IT,LV,CHEM1,CEREA,0.01,7096.276,3,3,7096.276,0.0,0.0,0.0,0.0,709627.6
1735923,IT,SK,MOTO1,VEGET,0.04,7096.044,3,3,7096.044,0.0,0.0,0.0,0.0,177401.1
1746169,IT,JP,PLAST,PREC1,0.01,7096.024,3,3,7096.024,0.0,0.0,0.0,0.0,709602.4
1719228,IT,PL,CHEM1,PRECI,0.01,7096.019,3,3,7096.019,0.0,0.0,0.0,0.0,709601.9
1671551,IT,FI,OFFIC,AUXIL,0.02,7095.931,3,3,7095.931,0.0,0.0,0.0,0.0,354796.55
1682488,IT,HR,PRINT,RUBBE,0.07,7095.774,3,3,7095.774,0.0,0.0,0.0,0.0,101368.2
1713744,IT,MT,OFFIC,PRINT,0.02,7095.753,3,3,7095.753,0.0,0.0,0.0,0.0,354787.65
1753790,IT,CA,FURNI,FOOD4,0.02,7095.422,3,3,7095.422,0.0,0.0,0.0,0.0,354771.1
1783282,IT,NO,FOODW,FURNI,0.05,7095.316,3,3,7095.316,0.0,0.0,0.0,0.0,141906.32
1683557,IT,HR,LEAD1,MOTO1,0.01,7094.677,3,3,7094.677,0.0,0.0,0.0,0.0,709467.7
1733549,IT,SI,RETA1,BEVER,0.07,7094.622,3,3,7094.622,0.0,0.0,0.0,0.0,101351.742857
1814480,IT,WM,COMPU,93197,0.08,7094.459,3,3,7094.459,0.0,0.0,0.0,0.0,88680.7375
1762135,IT,IN,LANDT,WOODW,0.05,7094.44,3,3,7094.44,0.0,0.0,0.0,0.0,141888.8
1687825,IT,HU,POSTT,EDUCA,0.12,7094.194,3,3,7094.194,0.0,0.0,0.0,0.0,59118.283333
1808624,IT,WF,PLAS2,POSTT,0.06,7093.826,3,3,7093.826,0.0,0.0,0.0,0.0,118230.433333
1688704,IT,IE,CHEM1,FURNI,0.01,7093.682,3,3,7093.682,0.0,0.0,0.0,0.0,709368.2
1734978,IT,SK,PARAF,KEROS,0.01,7093.619,3,3,7093.619,0.0,0.0,0.0,0.0,709361.9
1807418,IT,WF,INSUR,CHEMI,0.15,7093.182,3,3,7093.182,0.0,0.0,0.0,0.0,47287.88
1736793,IT,SK,COMPU,MACHI,0.08,7093.068,3,3,7093.068,0.0,0.0,0.0,0.0,88663.35
1726797,IT,RO,WHOLE,POULT,0.06,7093.042,3,3,7093.042,0.0,0.0,0.0,0.0,118217.366667
1654525,IT,CZ,HOTEL,ELECT,0.05,7093.01,3,3,7093.01,0.0,0.0,0.0,0.0,141860.2
1671153,IT,FI,CERAM,CHEM1,0.01,7092.844,3,3,7092.844,0.0,0.0,0.0,0.0,709284.4
1665680,IT,ES,PULP5,MACHI,0.02,7092.313,3,3,7092.313,0.0,0.0,0.0,0.0,354615.65
1641670,IT,AT,PETRO,REALE,0.01,7091.984,3,3,7091.984,0.0,0.0,0.0,0.0,709198.4
1672888,IT,FR,VEGE1,ELEC6,0.02,7091.864,4,4,7091.862,0.0,0.0,0.0,0.002,354593.2
1778410,IT,TR,WHOLE,LEADZ,0.06,7091.743,3,3,7091.743,0.0,0.0,0.0,0.0,118195.716667
1725117,IT,RO,SANDC,STEAM,0.02,7091.354,4,4,7089.354,0.0,0.0,2.0,0.0,354567.7
1784921,IT,ID,POSTT,AUXIL,0.12,7091.039,3,3,7091.039,0.0,0.0,0.0,0.0,59091.991667
1757937,IT,BR,CHEM1,INERT,0.01,7090.665,3,3,7090.665,0.0,0.0,0.0,0.0,709066.5
1754693,IT,KR,VEGE1,KERO1,0.02,7090.523,4,4,7090.521,0.0,0.0,0.0,0.002,354526.15
1764588,IT,MX,WHOLE,MOTO1,0.06,7090.52,3,3,7090.52,0.0,0.0,0.0,0.0,118175.333333
1770808,IT,AU,COMPU,AIRTR,0.08,7090.476,3,3,7090.476,0.0,0.0,0.0,0.0,88630.95
1649095,IT,BG,PAPER,BIOGA,0.03,7090.103,3,3,7090.103,0.0,0.0,0.0,0.0,236336.766667
1756363,IT,KR,TRANS,RENTI,0.04,7090.069,3,3,7090.069,0.0,0.0,0.0,0.0,177251.725
1725453,IT,RO,WEARI,CRUDE,0.05,7089.92,3,3,7089.92,0.0,0.0,0.0,0.0,141798.4
1770804,IT,AU,COMPU,HOTEL,0.08,7089.843,3,3,7089.843,0.0,0.0,0.0,0.0,88623.0375
1642900,IT,AT,TRANS,BASIC,0.04,7089.082,3,3,7089.082,0.0,0.0,0.0,0.0,177227.05
1809432,IT,WM,CHEMI,ELECT,0.02,7089.052,3,3,7089.052,0.0,0.0,0.0,0.0,354452.6
1661365,IT,DK,MEATP,FOOD5,0.03,7088.822,3,3,7088.822,0.0,0.0,0.0,0.0,236294.066667
1679981,IT,GR,FABRI,RAILW,0.03,7088.42,3,3,7088.42,0.0,0.0,0.0,0.0,236280.666667
1651615,IT,CY,BRICK,FURNI,0.01,7088.244,3,3,7088.244,0.0,0.0,0.0,0.0,708824.4
1713687,IT,MT,FABRI,CERAM,0.03,7087.631,3,3,7087.631,0.0,0.0,0.0,0.0,236254.366667
1753987,IT,CA,LANDT,ELEC4,0.05,7087.048,3,3,7087.048,0.0,0.0,0.0,0.0,141740.96
1662105,IT,DK,CHEM1,SEWAG,0.01,7086.886,3,3,7086.886,0.0,0.0,0.0,0.0,708688.6
1771883,IT,CH,PULP5,TOBAC,0.02,7086.8,3,3,7086.8,0.0,0.0,0.0,0.0,354340.0
1675248,IT,FR,FABRI,LIQUI,0.03,7086.699,3,3,7086.699,0.0,0.0,0.0,0.0,236223.3
1753448,IT,CA,FABRI,NONSP,0.03,7086.37,3,3,7086.37,0.0,0.0,0.0,0.0,236212.333333
1729113,IT,SE,GLASS,CEREA,0.02,7086.088,3,3,7086.088,0.0,0.0,0.0,0.0,354304.4
1652791,IT,CZ,PRINT,CEREA,0.07,7085.698,3,3,7085.698,0.0,0.0,0.0,0.0,101224.257143
1760344,IT,IN,SANDC,COLLE,0.02,7084.932,4,4,7082.932,0.0,0.0,2.0,0.0,354246.6
1680284,IT,GR,FURNI,SECO9,0.02,7084.808,3,3,7084.808,0.0,0.0,0.0,0.0,354240.4
1764670,IT,MX,RETA1,EDUCA,0.07,7084.437,3,3,7084.437,0.0,0.0,0.0,0.0,101206.242857
1658532,IT,DE,MACHI,COKIN,0.04,7084.166,3,3,7084.166,0.0,0.0,0.0,0.0,177104.15
1784196,IT,ID,PAPER,93197,0.03,7084.157,3,3,7084.157,0.0,0.0,0.0,0.0,236138.566667
1651196,IT,BG,BUSIN,ELEC1,0.07,7084.052,3,3,7084.052,0.0,0.0,0.0,0.0,101200.742857
1756042,IT,KR,FABRI,CHEMI,0.03,7084.034,3,3,7084.034,0.0,0.0,0.0,0.0,236134.466667
1746476,IT,JP,CERAM,FOOD5,0.01,7083.98,3,3,7083.98,0.0,0.0,0.0,0.0,708398.0
1709587,IT,LT,PAPER,LEATH,0.03,7082.803,3,3,7082.803,0.0,0.0,0.0,0.0,236093.433333
1755488,IT,KR,PLAST,BUSIN,0.01,7082.377,3,3,7082.377,0.0,0.0,0.0,0.0,708237.7
1782332,IT,NO,FABRI,FORES,0.03,7082.369,3,3,7082.369,0.0,0.0,0.0,0.0,236078.966667
1758272,IT,BR,ALUM1,BEVER,0.01,7081.663,3,3,7081.663,0.0,0.0,0.0,0.0,708166.3
1813171,IT,WM,MOTO1,ELEC4,0.04,7081.542,3,3,7081.542,0.0,0.0,0.0,0.0,177038.55
1811224,IT,WM,WHITE,GASDI,0.04,7081.157,3,3,7081.157,0.0,0.0,0.0,0.0,177028.925
1765243,IT,RU,SANDC,ELEC6,0.02,7081.071,4,4,7079.071,0.0,0.0,2.0,0.0,354053.55
1759981,IT,BR,PLAS1,RECRE,0.03,7081.067,3,3,7081.067,0.0,0.0,0.0,0.0,236035.566667
1736868,IT,SK,BUSIN,LEAD1,0.07,7081.066,3,3,7081.066,0.0,0.0,0.0,0.0,101158.085714
1733978,IT,SI,SUPPO,RENTI,0.05,7080.892,3,3,7080.892,0.0,0.0,0.0,0.0,141617.84
1807936,IT,WF,PLAS1,PULP5,0.03,7080.696,3,3,7080.696,0.0,0.0,0.0,0.0,236023.2
1736036,IT,SK,FURNI,RAWMI,0.02,7079.617,3,3,7079.617,0.0,0.0,0.0,0.0,353980.85
1721353,IT,PL,TRAN2,RENTI,0.01,7079.339,3,3,7079.339,0.0,0.0,0.0,0.0,707933.9
1770057,IT,AU,RETAI,MOTO1,0.06,7079.036,3,3,7079.036,0.0,0.0,0.0,0.0,117983.933333
1766284,IT,RU,CERAM,RAILW,0.01,7078.834,3,3,7078.834,0.0,0.0,0.0,0.0,707883.4
1655664,IT,DE,CHEMI,NAPHT,0.02,7078.412,3,3,7078.412,0.0,0.0,0.0,0.0,353920.6
1751710,IT,CN,INSUR,MEDIC,0.15,7078.184,3,3,7078.184,0.0,0.0,0.0,0.0,47187.893333
1746075,IT,JP,PRINT,FABRI,0.07,7077.949,3,3,7077.949,0.0,0.0,0.0,0.0,101113.557143
1655603,IT,DE,SANDC,ELEC2,0.02,7077.826,4,4,7075.826,0.0,0.0,2.0,0.0,353891.3
1767677,IT,RU,POSTT,RENTI,0.12,7077.526,3,3,7077.526,0.0,0.0,0.0,0.0,58979.383333
1649595,IT,BG,GLASS,HYDRO,0.02,7077.445,3,3,7077.445,0.0,0.0,0.0,0.0,353872.25
1717521,IT,NL,RENTI,TOBAC,0.04,7077.321,3,3,7077.321,0.0,0.0,0.0,0.0,176933.025
1725467,IT,RO,WEARI,CERAM,0.05,7077.187,3,3,7077.187,0.0,0.0,0.0,0.0,141543.74
1748633,IT,CN,DAIRY,NAPHT,0.03,7077.034,3,3,7077.034,0.0,0.0,0.0,0.0,235901.133333
1784497,IT,ID,FABRI,PRINT,0.03,7076.69,3,3,7076.69,0.0,0.0,0.0,0.0,235889.666667
1796519,IT,WL,RETA1,FOUND,0.07,7076.077,3,3,7076.077,0.0,0.0,0.0,0.0,101086.814286
1682839,IT,HR,HEAVY,INERT,0.01,7076.049,3,3,7076.049,0.0,0.0,0.0,0.0,707604.9
1656002,IT,DE,FOOD5,ELEC2,0.03,7075.774,3,3,7075.774,0.0,0.0,0.0,0.0,235859.133333
1685108,IT,HU,FOOD5,CERAM,0.03,7075.395,3,3,7075.395,0.0,0.0,0.0,0.0,235846.5
1777298,IT,TR,GLASS,IRONO,0.02,7075.373,3,3,7075.373,0.0,0.0,0.0,0.0,353768.65
1744526,IT,US,REALE,BASIC,0.3,7075.373,3,3,7075.373,0.0,0.0,0.0,0.0,23584.576667
1722059,IT,PL,BUSIN,LIGNI,0.07,7074.92,3,3,7074.92,0.0,0.0,0.0,0.0,101070.285714
1729662,IT,SE,FABRI,ELEC3,0.03,7074.795,3,3,7074.795,0.0,0.0,0.0,0.0,235826.5
1672915,IT,FR,VEGE1,INTER,0.02,7074.474,4,4,7074.472,0.0,0.0,0.0,0.002,353723.7
1659625,IT,DE,HOTEL,SECO9,0.05,7074.201,3,3,7074.201,0.0,0.0,0.0,0.0,141484.02
1747964,IT,JP,RESEA,ELEC8,0.04,7074.201,3,3,7074.201,0.0,0.0,0.0,0.0,176855.025
1760043,IT,BR,WOOD1,WASTE,0.05,7073.079,3,3,7073.079,0.0,0.0,0.0,0.0,141461.58
1776846,IT,TR,BITU1,REFI1,0.01,7073.076,3,3,7073.076,0.0,0.0,0.0,0.0,707307.6
1771228,IT,CH,VEGE1,LIQUE,0.02,7072.761,4,4,7072.759,0.0,0.0,0.0,0.002,353638.05
1729480,IT,SE,ALUM1,BIOGA,0.01,7071.843,3,3,7071.843,0.0,0.0,0.0,0.0,707184.3
1803488,IT,WF,VEGE1,PLANT,0.02,7071.539,4,4,7071.537,0.0,0.0,0.0,0.002,353576.95
1751064,IT,CN,WHOLE,RECRE,0.06,7071.44,3,3,7071.44,0.0,0.0,0.0,0.0,117857.333333
1811072,IT,WM,HEAVY,BRICK,0.01,7070.839,3,3,7070.839,0.0,0.0,0.0,0.0,707083.9
1658126,IT,DE,ALUM1,CHARC,0.01,7070.731,3,3,7070.731,0.0,0.0,0.0,0.0,707073.1
1800377,IT,WE,CHEM1,OFFIC,0.01,7070.634,3,3,7070.634,0.0,0.0,0.0,0.0,707063.4
1664073,IT,EE,CHEM1,PREC1,0.01,7070.573,3,3,7070.573,0.0,0.0,0.0,0.0,707057.3
1791380,IT,WA,SALEM,RECRE,0.06,7070.495,3,3,7070.495,0.0,0.0,0.0,0.0,117841.583333
1664728,IT,EE,SUPPO,INLAN,0.05,7069.937,3,3,7069.937,0.0,0.0,0.0,0.0,141398.74
1746604,IT,JP,ALUM1,CROPS,0.01,7069.742,3,3,7069.742,0.0,0.0,0.0,0.0,706974.2
1806778,IT,WF,RETA1,FISHF,0.07,7069.349,3,3,7069.349,0.0,0.0,0.0,0.0,100990.7
1779573,IT,TR,COMPU,FOUND,0.08,7069.147,3,3,7069.147,0.0,0.0,0.0,0.0,88364.3375
1716180,IT,NL,ALUM1,GLASS,0.01,7068.54,3,3,7068.54,0.0,0.0,0.0,0.0,706854.0
1646976,IT,BE,RETA1,FISHF,0.07,7068.48,3,3,7068.48,0.0,0.0,0.0,0.0,100978.285714
1802813,IT,WE,PUBLI,REALE,0.12,7067.662,3,3,7067.662,0.0,0.0,0.0,0.0,58897.183333
1786798,IT,ZA,HOTEL,PREC1,0.05,7067.573,3,3,7067.573,0.0,0.0,0.0,0.0,141351.46
1756845,IT,KR,POSTT,CHEM1,0.12,7067.433,3,3,7067.433,0.0,0.0,0.0,0.0,58895.275
1783966,IT,ID,VEGE1,DAIRY,0.02,7066.894,4,4,7066.892,0.0,0.0,0.0,0.002,353344.7
1747788,IT,JP,AUXIL,WHOLE,0.13,7066.835,3,3,7066.835,0.0,0.0,0.0,0.0,54360.269231
1671157,IT,FI,CERAM,BASIC,0.01,7066.785,3,3,7066.785,0.0,0.0,0.0,0.0,706678.5
1714716,IT,NL,VEGE1,93197,0.02,7066.51,4,4,7066.508,0.0,0.0,0.0,0.002,353325.5
1794427,IT,WL,GASDI,PLANT,0.01,7066.296,3,3,7066.296,0.0,0.0,0.0,0.0,706629.6
1642214,IT,AT,CEMEN,TRAN2,0.01,7065.775,3,3,7065.775,0.0,0.0,0.0,0.0,706577.5
1746991,IT,JP,MOTO1,FOOD4,0.04,7065.633,3,3,7065.633,0.0,0.0,0.0,0.0,176640.825
1767889,IT,RU,REALE,ELEC4,0.3,7064.669,3,3,7064.669,0.0,0.0,0.0,0.0,23548.896667
1720695,IT,PL,MOTO1,OILHA,0.04,7064.575,3,3,7064.575,0.0,0.0,0.0,0.0,176614.375
1788114,IT,WA,WEARI,PRECI,0.05,7064.57,3,3,7064.57,0.0,0.0,0.0,0.0,141291.4
1724934,IT,PT,BUSIN,PAPE1,0.07,7064.197,3,3,7064.197,0.0,0.0,0.0,0.0,100917.1
1687286,IT,HU,WHOLE,RESEA,0.06,7064.082,3,3,7064.082,0.0,0.0,0.0,0.0,117734.7
1644506,IT,BE,DAIRY,HEAVY,0.03,7064.035,3,3,7064.035,0.0,0.0,0.0,0.0,235467.833333
1745541,IT,JP,BEVER,GLASS,0.03,7063.294,3,3,7063.294,0.0,0.0,0.0,0.0,235443.133333
1748579,IT,CN,VEGE1,COPP1,0.02,7063.277,4,4,7063.275,0.0,0.0,0.0,0.002,353163.85
1644264,IT,BE,CROPS,GASDI,0.06,7062.876,3,3,7062.876,0.0,0.0,0.0,0.0,117714.6
1716375,IT,NL,MACHI,TEXTI,0.04,7062.83,3,3,7062.83,0.0,0.0,0.0,0.0,176570.75
1722385,IT,PT,CHEMI,GLASS,0.02,7062.052,3,3,7062.052,0.0,0.0,0.0,0.0,353102.6
1670686,IT,FI,WOODW,PFERT,0.02,7061.961,3,3,7061.961,0.0,0.0,0.0,0.0,353098.05
1785018,IT,ID,BUSIN,PRINT,0.07,7061.872,3,3,7061.872,0.0,0.0,0.0,0.0,100883.885714
1805821,IT,WF,PREC1,COMPU,0.01,7061.844,3,3,7061.844,0.0,0.0,0.0,0.0,706184.4
1682289,IT,HR,LEATH,LANDT,0.05,7061.786,3,3,7061.786,0.0,0.0,0.0,0.0,141235.72
1673304,IT,FR,TEXTI,SUGA1,0.04,7061.756,3,3,7061.756,0.0,0.0,0.0,0.0,176543.9
1730110,IT,SE,RETA1,MEMBE,0.07,7061.734,3,3,7061.734,0.0,0.0,0.0,0.0,100881.914286
1641262,IT,AT,MOTOR,BASIC,0.01,7061.625,3,3,7061.625,0.0,0.0,0.0,0.0,706162.5
1809946,IT,WM,FISH5,MEATC,0.03,7061.541,4,4,7061.537,0.0,0.0,0.0,0.004,235384.7
1645830,IT,BE,GLASS,FORES,0.02,7061.47,3,3,7061.47,0.0,0.0,0.0,0.0,353073.5
1803429,IT,WF,MEATP,CHEMI,0.03,7061.321,3,3,7061.321,0.0,0.0,0.0,0.0,235377.366667
1802734,IT,WE,RESEA,BASIC,0.04,7061.221,3,3,7061.221,0.0,0.0,0.0,0.0,176530.525
1716046,IT,NL,NONME,DISTR,0.01,7061.152,3,3,7061.152,0.0,0.0,0.0,0.0,706115.2
1738200,IT,GB,CERAM,SALEM,0.01,7061.139,3,3,7061.139,0.0,0.0,0.0,0.0,706113.9
1736260,IT,SK,HOTEL,DAIRY,0.05,7060.81,3,3,7060.81,0.0,0.0,0.0,0.0,141216.2
1729689,IT,SE,FABRI,PLAS1,0.03,7060.672,3,3,7060.672,0.0,0.0,0.0,0.0,235355.733333
1802088,IT,WE,RETA1,WOODW,0.07,7060.186,3,3,7060.186,0.0,0.0,0.0,0.0,100859.8
1806868,IT,WF,HOTEL,FORES,0.05,7060.173,3,3,7060.173,0.0,0.0,0.0,0.0,141203.46
1801583,IT,WE,TRANS,PREC1,0.04,7059.504,3,3,7059.504,0.0,0.0,0.0,0.0,176487.6
1780457,IT,TW,POSTT,PRECI,0.12,7058.967,3,3,7058.967,0.0,0.0,0.0,0.0,58824.725
1670794,IT,FI,PRINT,HOTEL,0.07,7058.681,3,3,7058.681,0.0,0.0,0.0,0.0,100838.3
1672130,IT,FI,POSTT,AUXIL,0.12,7058.613,3,3,7058.613,0.0,0.0,0.0,0.0,58821.775
1765531,IT,RU,LEATH,CRUDE,0.05,7058.114,3,3,7058.114,0.0,0.0,0.0,0.0,141162.28
1793507,IT,WL,CHEMI,OFFIC,0.02,7057.864,3,3,7057.864,0.0,0.0,0.0,0.0,352893.2
1814845,IT,WM,MEMBE,POSTT,0.08,7057.829,3,3,7057.829,0.0,0.0,0.0,0.0,88222.8625
1787360,IT,WA,ANIMA,CHARC,0.03,7057.266,3,3,7057.266,0.0,0.0,0.0,0.0,235242.2
1727676,IT,RO,RENTI,EDUCA,0.04,7057.116,3,3,7057.116,0.0,0.0,0.0,0.0,176427.9
1645002,IT,BE,WOODW,WASTE,0.02,7057.109,3,3,7057.109,0.0,0.0,0.0,0.0,352855.45
1746504,IT,JP,CERAM,LANDT,0.01,7056.655,3,3,7056.655,0.0,0.0,0.0,0.0,705665.5
1768121,IT,RU,BUSIN,MEMBE,0.07,7056.498,3,3,7056.498,0.0,0.0,0.0,0.0,100807.114286
1797729,IT,WL,INTER,MEATC,0.04,7056.468,3,3,7056.468,0.0,0.0,0.0,0.0,176411.7
1752975,IT,CA,CHEM1,NICKE,0.01,7056.277,3,3,7056.277,0.0,0.0,0.0,0.0,705627.7
1679795,IT,GR,PREC1,RESEA,0.01,7055.902,3,3,7055.902,0.0,0.0,0.0,0.0,705590.2
1761261,IT,IN,RUBBE,NFERT,0.02,7055.902,3,3,7055.902,0.0,0.0,0.0,0.0,352795.1
1760479,IT,IN,TEXTI,CEMEN,0.04,7055.866,3,3,7055.866,0.0,0.0,0.0,0.0,176396.65
1764093,IT,MX,FABRI,AVIAT,0.03,7055.854,3,3,7055.854,0.0,0.0,0.0,0.0,235195.133333
1661972,IT,DK,PETRO,SUGA1,0.01,7055.762,3,3,7055.762,0.0,0.0,0.0,0.0,705576.2
1791544,IT,WA,RETA1,NONME,0.07,7055.48,3,3,7055.48,0.0,0.0,0.0,0.0,100792.571429
1645937,IT,BE,CERAM,MACHI,0.01,7055.117,3,3,7055.117,0.0,0.0,0.0,0.0,705511.7
1681753,IT,HR,SANDC,RAWMI,0.02,7055.001,4,4,7053.001,0.0,0.0,2.0,0.0,352750.05
1750742,IT,CN,TRANS,COKEO,0.04,7054.437,3,3,7054.437,0.0,0.0,0.0,0.0,176360.925
1777674,IT,TR,COPP1,COPPE,0.02,7054.406,3,3,7054.406,0.0,0.0,0.0,0.0,352720.3
1814931,IT,WM,PRIVA,NFERT,1.57,7054.03,3,3,7054.03,0.0,0.0,0.0,0.0,4493.012739
1726917,IT,RO,HOTEL,ANIMA,0.05,7053.75,3,3,7053.75,0.0,0.0,0.0,0.0,141075.0
1807526,IT,WF,RENTI,FABRI,0.04,7053.525,3,3,7053.525,0.0,0.0,0.0,0.0,176338.125
1688498,IT,IE,LEATH,COMPU,0.05,7053.52,3,3,7053.52,0.0,0.0,0.0,0.0,141070.4
1812540,IT,WM,ALUM1,CEMEN,0.01,7053.191,3,3,7053.191,0.0,0.0,0.0,0.0,705319.1
1686130,IT,HU,RUBBE,INSUR,0.02,7053.043,3,3,7053.043,0.0,0.0,0.0,0.0,352652.15
1648919,IT,BG,WEARI,TEXTI,0.05,7052.81,3,3,7052.81,0.0,0.0,0.0,0.0,141056.2
1722857,IT,PT,PRINT,CEMEN,0.07,7052.755,3,3,7052.755,0.0,0.0,0.0,0.0,100753.642857
1783097,IT,NO,INSUR,COMPU,0.15,7052.651,3,3,7052.651,0.0,0.0,0.0,0.0,47017.673333
1753618,IT,CA,MACHI,INTER,0.04,7052.423,3,3,7052.423,0.0,0.0,0.0,0.0,176310.575
1773640,IT,CH,TRANS,WOOD1,0.04,7052.392,3,3,7052.392,0.0,0.0,0.0,0.0,176309.8
1668612,IT,ES,RAILW,TEXTI,0.05,7052.376,3,3,7052.376,0.0,0.0,0.0,0.0,141047.52
1650813,IT,BG,LANDT,VEGE1,0.05,7052.347,3,3,7052.347,0.0,0.0,0.0,0.0,141046.94
1787738,IT,WA,VEGE1,LANDT,0.02,7052.18,4,4,7052.178,0.0,0.0,0.0,0.002,352609.0
1740540,IT,GB,93197,BUSIN,0.05,7051.85,3,3,7051.85,0.0,0.0,0.0,0.0,141037.0
1755356,IT,KR,PRINT,AUXIL,0.07,7051.554,3,3,7051.554,0.0,0.0,0.0,0.0,100736.485714
1712601,IT,LV,OFFIC,FORES,0.02,7050.597,3,3,7050.597,0.0,0.0,0.0,0.0,352529.85
1778517,IT,TR,RETA1,VEGE1,0.07,7050.574,3,3,7050.574,0.0,0.0,0.0,0.0,100722.485714
1729342,IT,SE,NONME,RECRE,0.01,7050.097,3,3,7050.097,0.0,0.0,0.0,0.0,705009.7
1727250,IT,RO,SUPPO,ELEC5,0.05,7050.084,3,3,7050.084,0.0,0.0,0.0,0.0,141001.68
1808037,IT,WF,INTER,LANDT,0.04,7049.928,3,3,7049.928,0.0,0.0,0.0,0.0,176248.2
1755244,IT,KR,PAPER,CHEMI,0.03,7049.876,3,3,7049.876,0.0,0.0,0.0,0.0,234995.866667
1719256,IT,PL,CHEM1,NAPHT,0.01,7049.743,3,3,7049.743,0.0,0.0,0.0,0.0,704974.3
1785651,IT,ZA,HEAVY,CEMEN,0.01,7049.513,3,3,7049.513,0.0,0.0,0.0,0.0,704951.3
1646174,IT,BE,ALUM1,MOTOR,0.01,7049.199,3,3,7049.199,0.0,0.0,0.0,0.0,704919.9
1765983,IT,RU,CHEM1,AVIAT,0.01,7049.138,3,3,7049.138,0.0,0.0,0.0,0.0,704913.8
1644620,IT,BE,FOOD5,OFFIC,0.03,7049.102,3,3,7049.102,0.0,0.0,0.0,0.0,234970.066667
1814940,IT,WM,PRIVA,NONME,1.57,7048.804,3,3,7048.804,0.0,0.0,0.0,0.0,4489.684076
1677496,IT,FR,AUXIL,ALUM1,0.13,7048.749,3,3,7048.749,0.0,0.0,0.0,0.0,54221.146154
1684578,IT,HR,BUSIN,AUXIL,0.07,7048.24,3,3,7048.24,0.0,0.0,0.0,0.0,100689.142857
1650223,IT,BG,FURNI,TOBAC,0.02,7048.133,3,3,7048.133,0.0,0.0,0.0,0.0,352406.65
1652725,IT,CZ,PAPER,BRICK,0.03,7048.071,3,3,7048.071,0.0,0.0,0.0,0.0,234935.7
1678156,IT,FR,PLAS1,WOOD1,0.03,7048.009,3,3,7048.009,0.0,0.0,0.0,0.0,234933.633333
1791668,IT,WA,HOTEL,TRANS,0.05,7047.925,3,3,7047.925,0.0,0.0,0.0,0.0,140958.5
1723501,IT,PT,COPP1,LEATH,0.02,7047.639,3,3,7047.639,0.0,0.0,0.0,0.0,352381.95
1777332,IT,TR,GLASS,COPP1,0.02,7047.613,3,3,7047.613,0.0,0.0,0.0,0.0,352380.65
1652817,IT,CZ,PRINT,CERAM,0.07,7047.529,3,3,7047.529,0.0,0.0,0.0,0.0,100678.985714
1672374,IT,FI,BUSIN,BIODI,0.07,7047.388,3,3,7047.388,0.0,0.0,0.0,0.0,100676.971429
1783027,IT,NO,INSUR,CATTL,0.15,7046.977,3,3,7046.977,0.0,0.0,0.0,0.0,46979.846667
1774918,IT,CH,INSUR,TRANS,0.15,7046.961,3,3,7046.961,0.0,0.0,0.0,0.0,46979.74
1765160,IT,MX,BUSIN,GLASS,0.07,7046.938,3,3,7046.938,0.0,0.0,0.0,0.0,100670.542857
1750775,IT,CN,TRANS,RESEA,0.04,7046.798,3,3,7046.798,0.0,0.0,0.0,0.0,176169.95
1714031,IT,MT,HOTEL,FABRI,0.05,7046.789,3,3,7046.789,0.0,0.0,0.0,0.0,140935.78
1765747,IT,RU,PRINT,FURNI,0.07,7046.543,3,3,7046.543,0.0,0.0,0.0,0.0,100664.9
1746232,IT,JP,CHEM1,REFIN,0.01,7046.019,3,3,7046.019,0.0,0.0,0.0,0.0,704601.9
1682037,IT,HR,BEVER,RESEA,0.03,7045.884,3,3,7045.884,0.0,0.0,0.0,0.0,234862.8
1783506,IT,NO,OILHA,GLASS,0.04,7045.359,3,3,7045.359,0.0,0.0,0.0,0.0,176133.975
1669966,IT,ES,EDUCA,RETA1,0.18,7045.352,3,3,7045.352,0.0,0.0,0.0,0.0,39140.844444
1654512,IT,CZ,HOTEL,BIODI,0.05,7045.311,3,3,7045.311,0.0,0.0,0.0,0.0,140906.22
1772169,IT,CH,GASDI,ANIMA,0.01,7044.993,3,3,7044.993,0.0,0.0,0.0,0.0,704499.3
1659277,IT,DE,SALEM,AUXIL,0.06,7044.888,3,3,7044.888,0.0,0.0,0.0,0.0,117414.8
1766635,IT,RU,FABRI,NAPHT,0.03,7044.874,3,3,7044.874,0.0,0.0,0.0,0.0,234829.133333
1769037,IT,AU,PRINT,HEALT,0.07,7044.833,3,3,7044.833,0.0,0.0,0.0,0.0,100640.471429
1769079,IT,AU,PLAST,CERAM,0.01,7044.656,3,3,7044.656,0.0,0.0,0.0,0.0,704465.6
1783179,IT,NO,COMPU,SALEM,0.08,7044.314,3,3,7044.314,0.0,0.0,0.0,0.0,88053.925
1738009,IT,GB,ADDIT,REFI1,0.02,7044.113,3,3,7044.113,0.0,0.0,0.0,0.0,352205.65
1751863,IT,CN,RENTI,RECRE,0.04,7044.085,3,3,7044.085,0.0,0.0,0.0,0.0,176102.125
1789985,IT,WA,NONME,TOBAC,0.01,7043.295,3,3,7043.295,0.0,0.0,0.0,0.0,704329.5
1674096,IT,FR,HEAVY,ANIMA,0.01,7043.255,3,3,7043.255,0.0,0.0,0.0,0.0,704325.5
1781698,IT,NO,WOODW,NONME,0.02,7043.156,3,3,7043.156,0.0,0.0,0.0,0.0,352157.8
1657109,IT,DE,PLAST,DAIRY,0.01,7043.027,3,3,7043.027,0.0,0.0,0.0,0.0,704302.7
1670462,IT,FI,BEVER,FORES,0.03,7042.893,3,3,7042.893,0.0,0.0,0.0,0.0,234763.1
1661314,IT,DK,CHEMI,BEVER,0.02,7042.831,3,3,7042.831,0.0,0.0,0.0,0.0,352141.55
1747098,IT,JP,FURNI,TRAN2,0.02,7042.684,3,3,7042.684,0.0,0.0,0.0,0.0,352134.2
1663640,IT,DK,BUSIN,COLLE,0.07,7042.653,3,3,7042.653,0.0,0.0,0.0,0.0,100609.328571
1720137,IT,PL,COPP1,PIGS9,0.02,7042.568,3,3,7042.568,0.0,0.0,0.0,0.0,352128.4
1745957,IT,JP,WOODW,OFFIC,0.02,7042.378,3,3,7042.378,0.0,0.0,0.0,0.0,352118.9
1687324,IT,HU,RETA1,RETA1,0.07,7042.185,3,3,7042.185,0.0,0.0,0.0,0.0,100602.642857
1717018,IT,NL,LANDT,NFERT,0.05,7041.789,3,3,7041.789,0.0,0.0,0.0,0.0,140835.78
1754447,IT,CA,COMPU,BUSIN,0.08,7041.578,3,3,7041.578,0.0,0.0,0.0,0.0,88019.725
1744343,IT,US,FINAN,POSTT,0.09,7041.294,3,3,7041.294,0.0,0.0,0.0,0.0,78236.6
1672295,IT,FI,RENTI,POSTT,0.04,7041.13,3,3,7041.13,0.0,0.0,0.0,0.0,176028.25
1810409,IT,WM,PULP5,VEGE1,0.02,7040.89,3,3,7040.89,0.0,0.0,0.0,0.0,352044.5
1742404,IT,US,NONME,RAILW,0.01,7040.721,3,3,7040.721,0.0,0.0,0.0,0.0,704072.1
1680422,IT,GR,ELEC4,VEGET,0.11,7040.467,3,3,7040.467,0.0,0.0,0.0,0.0,64004.245455
1762366,IT,IN,POSTT,BITUM,0.12,7040.438,3,3,7040.438,0.0,0.0,0.0,0.0,58670.316667
1753010,IT,CA,CHEM1,BIOGA,0.01,7040.204,3,3,7040.204,0.0,0.0,0.0,0.0,704020.4
1794635,IT,WL,LIQUE,FINAN,0.01,7040.172,3,3,7040.172,0.0,0.0,0.0,0.0,704017.2
1760576,IT,IN,WOODW,FISH5,0.02,7039.864,3,3,7039.864,0.0,0.0,0.0,0.0,351993.2
1661224,IT,DK,CEREA,CHEM1,0.01,7039.635,3,3,7039.635,0.0,0.0,0.0,0.0,703963.5
1767222,IT,RU,RETA1,REALE,0.07,7039.632,3,3,7039.632,0.0,0.0,0.0,0.0,100566.171429
1734297,IT,SI,BUSIN,PULP5,0.07,7039.494,3,3,7039.494,0.0,0.0,0.0,0.0,100564.2
1688113,IT,HU,BUSIN,MEAT1,0.07,7038.763,3,3,7038.763,0.0,0.0,0.0,0.0,100553.757143
1730975,IT,SE,WOOD1,WHOLE,0.05,7038.619,3,3,7038.619,0.0,0.0,0.0,0.0,140772.38
1737552,IT,GB,PULP5,WOODW,0.02,7037.994,3,3,7037.994,0.0,0.0,0.0,0.0,351899.7
1778747,IT,TR,LANDT,PLANT,0.05,7037.81,3,3,7037.81,0.0,0.0,0.0,0.0,140756.2
1756330,IT,KR,MOTO1,AUXIL,0.04,7037.531,3,3,7037.531,0.0,0.0,0.0,0.0,175938.275
1761187,IT,IN,ADDIT,PAPER,0.02,7037.076,3,3,7037.076,0.0,0.0,0.0,0.0,351853.8
1793140,IT,WA,93197,PADDY,0.05,7036.965,3,3,7036.965,0.0,0.0,0.0,0.0,140739.3
1781715,IT,NO,PULP5,MOTO1,0.02,7036.957,3,3,7036.957,0.0,0.0,0.0,0.0,351847.85
1713719,IT,MT,MACHI,FABRI,0.04,7036.605,3,3,7036.605,0.0,0.0,0.0,0.0,175915.125
1668829,IT,ES,TRAN2,LUBRI,0.01,7036.239,3,3,7036.239,0.0,0.0,0.0,0.0,703623.9
1647196,IT,BE,LANDT,POULT,0.05,7036.158,3,3,7036.158,0.0,0.0,0.0,0.0,140723.16
1802728,IT,WE,RESEA,PRINT,0.04,7036.153,3,3,7036.153,0.0,0.0,0.0,0.0,175903.825
1644494,IT,BE,DAIRY,VEGE1,0.03,7036.034,3,3,7036.034,0.0,0.0,0.0,0.0,234534.466667
1758728,IT,BR,WHOLE,MEAT4,0.06,7036.008,3,3,7036.008,0.0,0.0,0.0,0.0,117266.8
1781126,IT,TW,PLAS1,BASIC,0.03,7035.843,3,3,7035.843,0.0,0.0,0.0,0.0,234528.1
1748506,IT,CN,SANDC,ELECT,0.02,7035.77,4,4,7033.77,0.0,0.0,2.0,0.0,351788.5
1735926,IT,SK,MOTO1,PIGS9,0.04,7035.478,3,3,7035.478,0.0,0.0,0.0,0.0,175886.95
1754657,IT,KR,SANDC,ELECT,0.02,7035.383,4,4,7033.383,0.0,0.0,2.0,0.0,351769.15
1783979,IT,ID,DAIRY,HEALT,0.03,7035.252,3,3,7035.252,0.0,0.0,0.0,0.0,234508.4
1666833,IT,ES,GLASS,PIGS9,0.02,7034.776,3,3,7034.776,0.0,0.0,0.0,0.0,351738.8
1686514,IT,HU,PREC1,FOOD4,0.01,7034.767,3,3,7034.767,0.0,0.0,0.0,0.0,703476.7
1684924,IT,HU,CHEMI,CONST,0.02,7034.472,3,3,7034.472,0.0,0.0,0.0,0.0,351723.6
1714737,IT,NL,DAIRY,NAPHT,0.03,7034.437,3,3,7034.437,0.0,0.0,0.0,0.0,234481.233333
1729327,IT,SE,NONME,RAILW,0.01,7034.325,3,3,7034.325,0.0,0.0,0.0,0.0,703432.5
1665215,IT,ES,FOOD5,ELEC4,0.03,7034.138,3,3,7034.138,0.0,0.0,0.0,0.0,234471.266667
1771617,IT,CH,WEARI,WHEAT,0.05,7033.769,3,3,7033.769,0.0,0.0,0.0,0.0,140675.38
1772995,IT,CH,PREC1,OILHA,0.01,7033.494,3,3,7033.494,0.0,0.0,0.0,0.0,703349.4
1654384,IT,CZ,SALEM,DISTR,0.06,7033.303,3,3,7033.303,0.0,0.0,0.0,0.0,117221.716667
1661408,IT,DK,VEGE1,MACHI,0.02,7033.134,4,4,7033.132,0.0,0.0,0.0,0.002,351656.7
1674986,IT,FR,PREC1,LUBRI,0.01,7033.134,3,3,7033.134,0.0,0.0,0.0,0.0,703313.4
1641915,IT,AT,BIODI,INSUR,0.01,7032.807,3,3,7032.807,0.0,0.0,0.0,0.0,703280.7
1741371,IT,US,PRINT,ELEC2,0.07,7032.799,3,3,7032.799,0.0,0.0,0.0,0.0,100468.557143
1743832,IT,US,LANDT,PAPE3,0.05,7032.593,3,3,7032.593,0.0,0.0,0.0,0.0,140651.86
1724036,IT,PT,WHOLE,STONE,0.06,7032.567,3,3,7032.567,0.0,0.0,0.0,0.0,117209.45
1730364,IT,SE,SUPPO,REALE,0.05,7032.118,3,3,7032.118,0.0,0.0,0.0,0.0,140642.36
1780000,IT,TW,SALEM,RUBBE,0.06,7030.845,3,3,7030.845,0.0,0.0,0.0,0.0,117180.75
1730836,IT,SE,BUSIN,TEXT1,0.07,7030.426,3,3,7030.426,0.0,0.0,0.0,0.0,100434.657143
1787472,IT,WA,STONE,93197,0.02,7029.93,3,3,7029.93,0.0,0.0,0.0,0.0,351496.5
1800763,IT,WE,NONME,LANDT,0.01,7029.492,3,3,7029.492,0.0,0.0,0.0,0.0,702949.2
1770066,IT,AU,WHOLE,WHEAT,0.06,7029.459,3,3,7029.459,0.0,0.0,0.0,0.0,117157.65
1725839,IT,RO,KERO1,OILSE,0.01,7029.389,3,3,7029.389,0.0,0.0,0.0,0.0,702938.9
1802894,IT,WE,RECRE,INSUR,0.09,7029.383,3,3,7029.383,0.0,0.0,0.0,0.0,78104.255556
1743057,IT,US,OFFIC,INERT,0.02,7029.303,3,3,7029.303,0.0,0.0,0.0,0.0,351465.15
1740281,IT,GB,BUSIN,INTER,0.07,7029.038,3,3,7029.038,0.0,0.0,0.0,0.0,100414.828571
1741676,IT,US,HEAVY,MEDIC,0.01,7028.91,3,3,7028.91,0.0,0.0,0.0,0.0,702891.0
1668487,IT,ES,HOTEL,VEGE1,0.05,7028.688,3,3,7028.688,0.0,0.0,0.0,0.0,140573.76
1723312,IT,PT,CEMEN,WHOLE,0.01,7028.508,3,3,7028.508,0.0,0.0,0.0,0.0,702850.8
1662272,IT,DK,CERAM,BUSIN,0.01,7028.281,3,3,7028.281,0.0,0.0,0.0,0.0,702828.1
1672129,IT,FI,POSTT,INSUR,0.12,7027.767,3,3,7027.767,0.0,0.0,0.0,0.0,58564.725
1810926,IT,WM,GASDI,ALUMI,0.01,7027.143,3,3,7027.143,0.0,0.0,0.0,0.0,702714.3
1789456,IT,WA,ADDIT,PIGS9,0.02,7026.974,3,3,7026.974,0.0,0.0,0.0,0.0,351348.7
1679833,IT,GR,ALUM1,PREC1,0.01,7026.535,3,3,7026.535,0.0,0.0,0.0,0.0,702653.5
1753989,IT,CA,LANDT,DISTR,0.05,7026.488,3,3,7026.488,0.0,0.0,0.0,0.0,140529.76
1807891,IT,WF,PAPE1,BUSIN,0.05,7026.456,3,3,7026.456,0.0,0.0,0.0,0.0,140529.12
1802449,IT,WE,SUPPO,CROPS,0.05,7025.775,3,3,7025.775,0.0,0.0,0.0,0.0,140515.5
1721897,IT,PL,RENTI,NONME,0.04,7025.562,3,3,7025.562,0.0,0.0,0.0,0.0,175639.05
1793699,IT,WL,FOOD5,NFERT,0.03,7025.558,3,3,7025.558,0.0,0.0,0.0,0.0,234185.266667
1661092,IT,DE,PUBLI,REALE,0.12,7025.354,3,3,7025.354,0.0,0.0,0.0,0.0,58544.616667
1772244,IT,CH,HEAVY,FABRI,0.01,7025.326,3,3,7025.326,0.0,0.0,0.0,0.0,702532.6
1778212,IT,TR,FURNI,ELECT,0.02,7025.321,3,3,7025.321,0.0,0.0,0.0,0.0,351266.05
1735729,IT,SK,FABRI,POSTT,0.03,7025.23,3,3,7025.23,0.0,0.0,0.0,0.0,234174.333333
1786087,IT,ZA,NONME,KEROS,0.01,7025.149,3,3,7025.149,0.0,0.0,0.0,0.0,702514.9
1740695,IT,US,CHEMI,STONE,0.02,7024.786,3,3,7024.786,0.0,0.0,0.0,0.0,351239.3
1643760,IT,AT,SUPPO,FOOD2,0.05,7024.688,3,3,7024.688,0.0,0.0,0.0,0.0,140493.76
1787351,IT,WA,MEATA,CHARC,0.04,7024.675,3,3,7024.675,0.0,0.0,0.0,0.0,175616.875
1668206,IT,ES,RETAI,PIGS9,0.06,7024.513,3,3,7024.513,0.0,0.0,0.0,0.0,117075.216667
1680313,IT,GR,FURNI,FOOD3,0.02,7024.488,3,3,7024.488,0.0,0.0,0.0,0.0,351224.4
1745599,IT,JP,TOBAC,ELEC4,0.03,7024.272,3,3,7024.272,0.0,0.0,0.0,0.0,234142.4
1791592,IT,WA,RETA1,PRIVA,0.07,7023.276,3,3,7023.276,0.0,0.0,0.0,0.0,100332.514286
1789958,IT,WA,CEMEN,FOOD3,0.01,7023.153,3,3,7023.153,0.0,0.0,0.0,0.0,702315.3
1663708,IT,EE,CHEMI,HEAVY,0.02,7023.043,3,3,7023.043,0.0,0.0,0.0,0.0,351152.15
1777650,IT,TR,LEAD1,PLAST,0.01,7022.638,3,3,7022.638,0.0,0.0,0.0,0.0,702263.8
1779089,IT,TR,SUPPO,CEMEN,0.05,7022.573,3,3,7022.573,0.0,0.0,0.0,0.0,140451.46
1771695,IT,CH,WEARI,PAPE1,0.05,7022.564,3,3,7022.564,0.0,0.0,0.0,0.0,140451.28
1664549,IT,EE,CONST,CONST,0.04,7022.057,3,3,7022.057,0.0,0.0,0.0,0.0,175551.425
1808121,IT,WF,WOOD1,WHOLE,0.05,7021.23,3,3,7021.23,0.0,0.0,0.0,0.0,140424.6
1665135,IT,ES,DAIRY,PLAST,0.03,7020.923,3,3,7020.923,0.0,0.0,0.0,0.0,234030.766667
1654844,IT,CZ,POSTT,PRINT,0.12,7020.898,3,3,7020.898,0.0,0.0,0.0,0.0,58507.483333
1662404,IT,DK,PREC1,DAIRY,0.01,7020.833,3,3,7020.833,0.0,0.0,0.0,0.0,702083.3
1712665,IT,LV,CONST,FABRI,0.04,7020.72,3,3,7020.72,0.0,0.0,0.0,0.0,175518.0
1662239,IT,DK,GLASS,AIRTR,0.02,7020.643,3,3,7020.643,0.0,0.0,0.0,0.0,351032.15
1648618,IT,BG,MEAT4,GLASS,0.04,7020.508,3,3,7020.508,0.0,0.0,0.0,0.0,175512.7
1814852,IT,WM,MEMBE,BUSIN,0.08,7020.236,3,3,7020.236,0.0,0.0,0.0,0.0,87752.95
1718105,IT,PL,VEGE1,CATTL,0.02,7020.175,4,4,7020.173,0.0,0.0,0.0,0.002,351008.75
1781261,IT,NO,CHEMI,NATU1,0.02,7019.821,3,3,7019.821,0.0,0.0,0.0,0.0,350991.05
1770941,IT,CH,VEGET,TEXTI,0.02,7019.666,3,3,7019.666,0.0,0.0,0.0,0.0,350983.3
1792181,IT,WA,SUPPO,RETAI,0.05,7019.467,3,3,7019.467,0.0,0.0,0.0,0.0,140389.34
1649377,IT,BG,CHEM1,CATTL,0.01,7019.425,3,3,7019.425,0.0,0.0,0.0,0.0,701942.5
1713003,IT,MT,CHEMI,NONME,0.02,7019.381,3,3,7019.381,0.0,0.0,0.0,0.0,350969.05
1736069,IT,SK,FURNI,AUXIL,0.02,7019.075,3,3,7019.075,0.0,0.0,0.0,0.0,350953.75
1743343,IT,US,SALEM,SUGAR,0.06,7018.9,3,3,7018.9,0.0,0.0,0.0,0.0,116981.666667
1795524,IT,WL,ALUM1,NONME,0.01,7018.82,3,3,7018.82,0.0,0.0,0.0,0.0,701882.0
1715177,IT,NL,WOODW,CHEMI,0.02,7018.148,3,3,7018.148,0.0,0.0,0.0,0.0,350907.4
1787108,IT,ZA,BUSIN,DISTR,0.07,7018.126,3,3,7018.126,0.0,0.0,0.0,0.0,100258.942857
1732682,IT,SI,CERAM,OFFIC,0.01,7018.095,3,3,7018.095,0.0,0.0,0.0,0.0,701809.5
1769335,IT,AU,GLASS,PREC1,0.02,7017.925,3,3,7017.925,0.0,0.0,0.0,0.0,350896.25
1793194,IT,WA,93197,FINAN,0.05,7017.873,3,3,7017.873,0.0,0.0,0.0,0.0,140357.46
1768752,IT,AU,WEARI,TRANS,0.05,7017.845,3,3,7017.845,0.0,0.0,0.0,0.0,140356.9
1781738,IT,NO,PAPER,MOTO1,0.03,7017.778,3,3,7017.778,0.0,0.0,0.0,0.0,233925.933333
1792247,IT,WA,POSTT,CHEM1,0.12,7017.62,3,3,7017.62,0.0,0.0,0.0,0.0,58480.166667
1781807,IT,NO,BITU1,COPPE,0.01,7017.602,3,3,7017.602,0.0,0.0,0.0,0.0,701760.2
1764622,IT,MX,RETA1,FOOD5,0.07,7017.44,3,3,7017.44,0.0,0.0,0.0,0.0,100249.142857
1757252,IT,BR,VEGE1,MACHI,0.02,7016.89,4,4,7016.888,0.0,0.0,0.0,0.002,350844.5
1743948,IT,US,INLAN,SALEM,0.01,7016.855,3,3,7016.855,0.0,0.0,0.0,0.0,701685.5
1740663,IT,US,STONE,OILSE,0.02,7016.755,3,3,7016.755,0.0,0.0,0.0,0.0,350837.75
1760711,IT,IN,PAPER,ELEC5,0.03,7016.33,3,3,7016.33,0.0,0.0,0.0,0.0,233877.666667
1776360,IT,TR,PAPER,93197,0.03,7016.178,3,3,7016.178,0.0,0.0,0.0,0.0,233872.6
1640292,IT,AT,SANDC,GLASS,0.02,7016.008,4,4,7014.008,0.0,0.0,2.0,0.0,350800.4
1675380,IT,FR,MACHI,CHARC,0.04,7015.763,3,3,7015.763,0.0,0.0,0.0,0.0,175394.075
1663031,IT,DK,HOTEL,TRAN1,0.05,7015.605,3,3,7015.605,0.0,0.0,0.0,0.0,140312.1
1795508,IT,WL,ALUM1,KEROS,0.01,7015.257,3,3,7015.257,0.0,0.0,0.0,0.0,701525.7
1767933,IT,RU,RENTI,REALE,0.04,7015.157,3,3,7015.157,0.0,0.0,0.0,0.0,175378.925
1678964,IT,GR,WEARI,DISTR,0.05,7014.86,3,3,7014.86,0.0,0.0,0.0,0.0,140297.2
1776165,IT,TR,LEATH,RAILW,0.05,7014.803,3,3,7014.803,0.0,0.0,0.0,0.0,140296.06
1661200,IT,DE,93197,RECRE,0.05,7014.655,3,3,7014.655,0.0,0.0,0.0,0.0,140293.1
1805557,IT,WF,BRICK,RESEA,0.01,7014.574,3,3,7014.574,0.0,0.0,0.0,0.0,701457.4
1717659,IT,NL,BUSIN,PFERT,0.07,7014.503,3,3,7014.503,0.0,0.0,0.0,0.0,100207.185714
1767291,IT,RU,HOTEL,ELEC1,0.05,7014.46,3,3,7014.46,0.0,0.0,0.0,0.0,140289.2
1784627,IT,ID,MACHI,RAILW,0.04,7014.379,3,3,7014.379,0.0,0.0,0.0,0.0,175359.475
1667719,IT,ES,MACHI,TEXT1,0.04,7014.088,3,3,7014.088,0.0,0.0,0.0,0.0,175352.2
1739632,IT,GB,INLAN,GASDI,0.01,7013.995,3,3,7013.995,0.0,0.0,0.0,0.0,701399.5
1752981,IT,CA,CHEM1,MEAT4,0.01,7013.349,3,3,7013.349,0.0,0.0,0.0,0.0,701334.9
1686291,IT,HU,CEMEN,CHEM1,0.01,7013.288,3,3,7013.288,0.0,0.0,0.0,0.0,701328.8
1679460,IT,GR,CHEM1,REFIN,0.01,7013.224,3,3,7013.224,0.0,0.0,0.0,0.0,701322.4
1714972,IT,NL,FISH5,RETA1,0.03,7012.839,4,4,7012.835,0.0,0.0,0.0,0.004,233761.3
1798077,IT,WL,RECRE,FINAN,0.09,7012.474,3,3,7012.474,0.0,0.0,0.0,0.0,77916.377778
1791665,IT,WA,HOTEL,RADIO,0.05,7012.241,3,3,7012.241,0.0,0.0,0.0,0.0,140244.82
1773303,IT,CH,MACHI,SUGA1,0.04,7012.089,3,3,7012.089,0.0,0.0,0.0,0.0,175302.225
1781337,IT,NO,DAIRY,POULT,0.03,7011.758,3,3,7011.758,0.0,0.0,0.0,0.0,233725.266667
1659474,IT,DE,RETA1,FOOD5,0.07,7011.708,3,3,7011.708,0.0,0.0,0.0,0.0,100167.257143
1720419,IT,PL,MACHI,AVIAT,0.04,7011.473,3,3,7011.473,0.0,0.0,0.0,0.0,175286.825
1656394,IT,DE,WOODW,BIOG1,0.02,7011.279,3,3,7011.279,0.0,0.0,0.0,0.0,350563.95
1734973,IT,SK,LIQUE,DIST1,0.01,7011.2,3,3,7011.2,0.0,0.0,0.0,0.0,701120.0
1689994,IT,IE,REALE,ELEC5,0.3,7011.2,3,3,7011.2,0.0,0.0,0.0,0.0,23370.666667
1793743,IT,WL,BEVER,BIOGA,0.03,7011.024,3,3,7011.024,0.0,0.0,0.0,0.0,233700.8
1737828,IT,GB,PARAF,HEAVY,0.01,7010.749,3,3,7010.749,0.0,0.0,0.0,0.0,701074.9
1712344,IT,LV,RUBBE,RAILW,0.02,7010.493,3,3,7010.493,0.0,0.0,0.0,0.0,350524.65
1803682,IT,WF,BEVER,LEATH,0.03,7010.005,3,3,7010.005,0.0,0.0,0.0,0.0,233666.833333
1781363,IT,NO,DAIRY,MOTO1,0.03,7009.694,3,3,7009.694,0.0,0.0,0.0,0.0,233656.466667
1777343,IT,TR,GLASS,SECO9,0.02,7009.605,3,3,7009.605,0.0,0.0,0.0,0.0,350480.25
1809390,IT,WM,CHEMI,MEATP,0.02,7009.59,3,3,7009.59,0.0,0.0,0.0,0.0,350479.5
1801013,IT,WE,LEAD1,TOBAC,0.01,7009.534,3,3,7009.534,0.0,0.0,0.0,0.0,700953.4
1644535,IT,BE,DAIRY,93197,0.03,7009.504,3,3,7009.504,0.0,0.0,0.0,0.0,233650.133333
1716035,IT,NL,NONME,BASIC,0.01,7009.415,3,3,7009.415,0.0,0.0,0.0,0.0,700941.5
1793977,IT,WL,WOODW,MOTOR,0.02,7009.252,3,3,7009.252,0.0,0.0,0.0,0.0,350462.6
1664202,IT,EE,CERAM,WOODW,0.01,7009.248,3,3,7009.248,0.0,0.0,0.0,0.0,700924.8
1733580,IT,SI,RETA1,FINAN,0.07,7008.942,3,3,7008.942,0.0,0.0,0.0,0.0,100127.742857
1650736,IT,BG,HOTEL,TRAN1,0.05,7008.022,3,3,7008.022,0.0,0.0,0.0,0.0,140160.44
1754167,IT,CA,SUPPO,ALUM1,0.05,7007.788,3,3,7007.788,0.0,0.0,0.0,0.0,140155.76
1717235,IT,NL,POSTT,VEGET,0.12,7006.924,3,3,7006.924,0.0,0.0,0.0,0.0,58391.033333
1686115,IT,HU,RUBBE,STEAM,0.02,7006.717,3,3,7006.717,0.0,0.0,0.0,0.0,350335.85
1663525,IT,DK,RENTI,93197,0.04,7006.642,3,3,7006.642,0.0,0.0,0.0,0.0,175166.05
1659924,IT,DE,TRAN2,ELECT,0.01,7006.561,3,3,7006.561,0.0,0.0,0.0,0.0,700656.1
1755337,IT,KR,PRINT,MOTO1,0.07,7005.906,3,3,7005.906,0.0,0.0,0.0,0.0,100084.371429
1769904,IT,AU,MOTO1,PRINT,0.04,7005.903,3,3,7005.903,0.0,0.0,0.0,0.0,175147.575
1799423,IT,WE,PAPER,IRONO,0.03,7005.824,3,3,7005.824,0.0,0.0,0.0,0.0,233527.466667
1674074,IT,FR,GASDI,WOOD1,0.01,7005.792,3,3,7005.792,0.0,0.0,0.0,0.0,700579.2
1747960,IT,JP,RESEA,FURNI,0.04,7005.309,3,3,7005.309,0.0,0.0,0.0,0.0,175132.725
1688606,IT,IE,BITU1,MOTOR,0.01,7005.222,3,3,7005.222,0.0,0.0,0.0,0.0,700522.2
1732919,IT,SI,PREC1,93197,0.01,7005.195,3,3,7005.195,0.0,0.0,0.0,0.0,700519.5
1730373,IT,SE,SUPPO,PAPE1,0.05,7005.15,3,3,7005.15,0.0,0.0,0.0,0.0,140103.0
1714208,IT,MT,INSUR,BUSIN,0.14,7004.975,3,3,7004.975,0.0,0.0,0.0,0.0,50035.535714
1736578,IT,SK,SUPPO,RENTI,0.05,7004.961,3,3,7004.961,0.0,0.0,0.0,0.0,140099.22
1651109,IT,BG,COMPU,COPP1,0.08,7004.875,3,3,7004.875,0.0,0.0,0.0,0.0,87560.9375
1710806,IT,LU,PULP5,BUSIN,0.02,7004.87,3,3,7004.87,0.0,0.0,0.0,0.0,350243.5
1809519,IT,WM,MEAT4,SALEM,0.04,7004.835,3,3,7004.835,0.0,0.0,0.0,0.0,175120.875
1667313,IT,ES,ALUM1,COLLE,0.01,7004.655,3,3,7004.655,0.0,0.0,0.0,0.0,700465.5
1680315,IT,GR,FURNI,FOOD4,0.02,7004.44,3,3,7004.44,0.0,0.0,0.0,0.0,350222.0
1781813,IT,NO,BITU1,GLASS,0.01,7004.427,3,3,7004.427,0.0,0.0,0.0,0.0,700442.7
1721202,IT,PL,LANDT,CRUDE,0.05,7004.384,3,3,7004.384,0.0,0.0,0.0,0.0,140087.68
1781535,IT,NO,TEXTI,BIOG1,0.04,7004.22,3,3,7004.22,0.0,0.0,0.0,0.0,175105.5
1651084,IT,BG,INSUR,WHOLE,0.14,7004.153,3,3,7004.153,0.0,0.0,0.0,0.0,50029.664286
1732012,IT,SI,KEROS,CERAM,0.01,7003.903,3,3,7003.903,0.0,0.0,0.0,0.0,700390.3
1680318,IT,GR,FURNI,INERT,0.02,7003.555,3,3,7003.555,0.0,0.0,0.0,0.0,350177.75
1641207,IT,AT,PRINT,AUXIL,0.07,7003.345,3,3,7003.345,0.0,0.0,0.0,0.0,100047.785714
1803735,IT,WF,FISH5,LEATH,0.03,7003.266,4,4,7003.262,0.0,0.0,0.0,0.004,233442.2
1770870,IT,AU,BUSIN,ELEC1,0.07,7003.259,3,3,7003.259,0.0,0.0,0.0,0.0,100046.557143
1773203,IT,CH,FABRI,LIQUE,0.03,7003.07,3,3,7003.07,0.0,0.0,0.0,0.0,233435.666667
1790408,IT,WA,LEAD1,RUBBE,0.01,7003.049,3,3,7003.049,0.0,0.0,0.0,0.0,700304.9
1731457,IT,SI,BEVER,FISH5,0.03,7002.876,3,3,7002.876,0.0,0.0,0.0,0.0,233429.2
1680311,IT,GR,FURNI,SEWAG,0.02,7002.855,3,3,7002.855,0.0,0.0,0.0,0.0,350142.75
1641265,IT,AT,MOTOR,FOUND,0.01,7002.841,3,3,7002.841,0.0,0.0,0.0,0.0,700284.1
1770600,IT,AU,POSTT,LANDT,0.12,7002.459,3,3,7002.459,0.0,0.0,0.0,0.0,58353.825
1649679,IT,BG,CEMEN,SANDC,0.01,7002.32,3,3,7002.32,0.0,0.0,0.0,0.0,700232.0
1725113,IT,RO,SANDC,BASIC,0.02,7002.215,4,4,7000.215,0.0,0.0,2.0,0.0,350110.75
1757006,IT,KR,BUSIN,NICKE,0.07,7002.033,3,3,7002.033,0.0,0.0,0.0,0.0,100029.042857
1662429,IT,DK,PREC1,HEALT,0.01,7001.469,3,3,7001.469,0.0,0.0,0.0,0.0,700146.9
1771701,IT,CH,WEARI,FOOD2,0.05,7001.113,3,3,7001.113,0.0,0.0,0.0,0.0,140022.26
1759579,IT,BR,COMPU,ELEC5,0.08,7001.017,3,3,7001.017,0.0,0.0,0.0,0.0,87512.7125
1680314,IT,GR,FURNI,WASTE,0.02,7000.974,3,3,7000.974,0.0,0.0,0.0,0.0,350048.7
1785985,IT,ZA,RUBBE,RENTI,0.02,7000.788,3,3,7000.788,0.0,0.0,0.0,0.0,350039.4
1806636,IT,WF,SALEM,FINAN,0.06,7000.513,3,3,7000.513,0.0,0.0,0.0,0.0,116675.216667
1687604,IT,HU,TRAN2,BITU1,0.01,7000.345,3,3,7000.345,0.0,0.0,0.0,0.0,700034.5
1778844,IT,TR,LANDT,WASTE,0.05,7000.189,3,3,7000.189,0.0,0.0,0.0,0.0,140003.78
1659273,IT,DE,SALEM,SEACO,0.06,7000.059,3,3,7000.059,0.0,0.0,0.0,0.0,116667.65
1641049,IT,AT,PAPER,POULT,0.03,6999.997,3,3,6999.997,0.0,0.0,0.0,0.0,233333.233333
1712201,IT,LV,PAPER,POULT,0.03,6999.994,3,3,6999.994,0.0,0.0,0.0,0.0,233333.133333
1711755,IT,LU,BUSIN,INTER,0.07,6999.941,3,3,6999.941,0.0,0.0,0.0,0.0,99999.157143
1672701,IT,FR,SANDC,CERAM,0.02,6999.894,4,4,6997.894,0.0,0.0,2.0,0.0,349994.7
1810969,IT,WM,GASDI,BASIC,0.01,6999.763,3,3,6999.763,0.0,0.0,0.0,0.0,699976.3
1644581,IT,BE,FOOD5,MEATA,0.03,6999.647,3,3,6999.647,0.0,0.0,0.0,0.0,233321.566667
1783345,IT,NO,PAPE1,FOOD3,0.05,6999.513,3,3,6999.513,0.0,0.0,0.0,0.0,139990.26
1728453,IT,SE,LEATH,WOODW,0.05,6999.439,3,3,6999.439,0.0,0.0,0.0,0.0,139988.78
1732081,IT,SI,KERO1,CEMEN,0.01,6999.388,3,3,6999.388,0.0,0.0,0.0,0.0,699938.8
1781806,IT,NO,BITU1,NATUR,0.01,6999.277,3,3,6999.277,0.0,0.0,0.0,0.0,699927.7
1793670,IT,WL,FOOD5,CEREA,0.03,6999.002,3,3,6999.002,0.0,0.0,0.0,0.0,233300.066667
1739229,IT,GB,RETA1,FOODW,0.07,6999.001,3,3,6999.001,0.0,0.0,0.0,0.0,99985.728571
1713485,IT,MT,RUBBE,FISH5,0.02,6998.801,3,3,6998.801,0.0,0.0,0.0,0.0,349940.05
1680309,IT,GR,FURNI,INTER,0.02,6998.6,3,3,6998.6,0.0,0.0,0.0,0.0,349930.0
1656745,IT,DE,MOTOR,OILHA,0.01,6998.381,3,3,6998.381,0.0,0.0,0.0,0.0,699838.1
1664723,IT,EE,SUPPO,WHOLE,0.05,6998.364,3,3,6998.364,0.0,0.0,0.0,0.0,139967.28
1680310,IT,GR,FURNI,OILHA,0.02,6998.364,3,3,6998.364,0.0,0.0,0.0,0.0,349918.2
1755263,IT,KR,PAPER,LIQUE,0.03,6998.224,3,3,6998.224,0.0,0.0,0.0,0.0,233274.133333
1783502,IT,NO,OILHA,WOODW,0.04,6997.845,3,3,6997.845,0.0,0.0,0.0,0.0,174946.125
1649112,IT,BG,PAPER,TRANS,0.03,6997.789,3,3,6997.789,0.0,0.0,0.0,0.0,233259.633333
1660239,IT,DE,POSTT,NUCLE,0.12,6997.759,3,3,6997.759,0.0,0.0,0.0,0.0,58314.658333
1666087,IT,ES,GASDI,VEGE1,0.01,6997.64,3,3,6997.64,0.0,0.0,0.0,0.0,699764.0
1688798,IT,IE,GLASS,RUBBE,0.02,6997.489,3,3,6997.489,0.0,0.0,0.0,0.0,349874.45
1747856,IT,JP,RENTI,PRINT,0.04,6997.385,3,3,6997.385,0.0,0.0,0.0,0.0,174934.625
1659926,IT,DE,TRAN2,TRANS,0.01,6997.203,3,3,6997.203,0.0,0.0,0.0,0.0,699720.3
1757704,IT,BR,HEAVY,FOOD3,0.01,6997.009,3,3,6997.009,0.0,0.0,0.0,0.0,699700.9
1681296,IT,GR,INSUR,DAIRY,0.14,6996.835,3,3,6996.835,0.0,0.0,0.0,0.0,49977.392857
1716909,IT,NL,HOTEL,FOODW,0.05,6996.766,3,3,6996.766,0.0,0.0,0.0,0.0,139935.32
1803626,IT,WF,FOOD5,PAPER,0.03,6996.516,3,3,6996.516,0.0,0.0,0.0,0.0,233217.2
1652942,IT,CZ,HEAVY,PAPER,0.01,6996.283,3,3,6996.283,0.0,0.0,0.0,0.0,699628.3
1723485,IT,PT,ALUM1,RETAI,0.01,6995.716,3,3,6995.716,0.0,0.0,0.0,0.0,699571.6
1654482,IT,CZ,HOTEL,RAWMI,0.05,6995.667,3,3,6995.667,0.0,0.0,0.0,0.0,139913.34
1669543,IT,ES,REALE,CHEM1,0.3,6995.561,3,3,6995.561,0.0,0.0,0.0,0.0,23318.536667
1674885,IT,FR,NONME,HEALT,0.01,6995.265,3,3,6995.265,0.0,0.0,0.0,0.0,699526.5
1654141,IT,CZ,MOTO1,BEVER,0.04,6995.149,3,3,6995.149,0.0,0.0,0.0,0.0,174878.725
1786171,IT,ZA,PREC1,COKEO,0.01,6995.046,3,3,6995.046,0.0,0.0,0.0,0.0,699504.6
1716802,IT,NL,RETA1,FOODW,0.07,6994.898,3,3,6994.898,0.0,0.0,0.0,0.0,99927.114286
1648059,IT,BE,COMPU,SEACO,0.08,6994.871,3,3,6994.871,0.0,0.0,0.0,0.0,87435.8875
1688316,IT,IE,VEGE1,MEATC,0.02,6994.775,4,4,6994.773,0.0,0.0,0.0,0.002,349738.75
1642397,IT,AT,PREC1,CHEM1,0.01,6994.739,3,3,6994.739,0.0,0.0,0.0,0.0,699473.9
1763409,IT,MX,MOTOR,LIQUE,0.01,6994.21,3,3,6994.21,0.0,0.0,0.0,0.0,699421.0
1649673,IT,BG,CERAM,FINAN,0.01,6994.185,3,3,6994.185,0.0,0.0,0.0,0.0,699418.5
1804460,IT,WF,GASDI,IRONO,0.01,6994.184,3,3,6994.184,0.0,0.0,0.0,0.0,699418.4
1661833,IT,DK,PAPER,MEAT1,0.03,6994.021,3,3,6994.021,0.0,0.0,0.0,0.0,233134.033333
1680312,IT,GR,FURNI,FOOD2,0.02,6993.86,3,3,6993.86,0.0,0.0,0.0,0.0,349693.0
1716600,IT,NL,SALEM,FURNI,0.06,6993.43,3,3,6993.43,0.0,0.0,0.0,0.0,116557.166667
1802085,IT,WE,RETA1,TEXTI,0.07,6992.645,3,3,6992.645,0.0,0.0,0.0,0.0,99894.928571
1783718,IT,NO,FOOD4,RETAI,0.05,6992.572,3,3,6992.572,0.0,0.0,0.0,0.0,139851.44
1764773,IT,MX,HOTEL,FOOD3,0.05,6992.537,3,3,6992.537,0.0,0.0,0.0,0.0,139850.74
1778347,IT,TR,RETAI,TEXTI,0.05,6992.056,3,3,6992.056,0.0,0.0,0.0,0.0,139841.12
1734585,IT,SK,BEVER,GASDI,0.03,6991.878,3,3,6991.878,0.0,0.0,0.0,0.0,233062.6
1785564,IT,ZA,KERO1,COMPU,0.01,6991.724,3,3,6991.724,0.0,0.0,0.0,0.0,699172.4
1791730,IT,WA,RAILW,FOOD5,0.05,6991.668,3,3,6991.668,0.0,0.0,0.0,0.0,139833.36
1711190,IT,LU,MACHI,SANDC,0.04,6991.197,3,3,6991.197,0.0,0.0,0.0,0.0,174779.925
1720363,IT,PL,FABRI,PLAS2,0.03,6991.098,3,3,6991.098,0.0,0.0,0.0,0.0,233036.6
1797380,IT,WL,COMPU,VEGET,0.08,6990.885,3,3,6990.885,0.0,0.0,0.0,0.0,87386.0625
1767966,IT,RU,COMPU,ELECT,0.08,6990.822,3,3,6990.822,0.0,0.0,0.0,0.0,87385.275
1663364,IT,DK,SUPPO,RESEA,0.05,6990.667,3,3,6990.667,0.0,0.0,0.0,0.0,139813.34
1761552,IT,IN,LEAD1,POSTT,0.01,6990.371,3,3,6990.371,0.0,0.0,0.0,0.0,699037.1
1682793,IT,HR,HEAVY,HEAVY,0.01,6990.344,3,3,6990.344,0.0,0.0,0.0,0.0,699034.4
1803768,IT,WF,TEXTI,ANIMA,0.04,6990.168,3,3,6990.168,0.0,0.0,0.0,0.0,174754.2
1680320,IT,GR,FURNI,WOOD2,0.02,6989.978,3,3,6989.978,0.0,0.0,0.0,0.0,349498.9
1673425,IT,FR,WEARI,FOUND,0.05,6989.624,3,3,6989.624,0.0,0.0,0.0,0.0,139792.48
1761100,IT,IN,CHEM1,COKIN,0.01,6989.267,3,3,6989.267,0.0,0.0,0.0,0.0,698926.7
1653891,IT,CZ,FABRI,ELEC2,0.03,6989.165,3,3,6989.165,0.0,0.0,0.0,0.0,232972.166667
1743956,IT,US,INLAN,BUSIN,0.01,6988.904,3,3,6988.904,0.0,0.0,0.0,0.0,698890.4
1680317,IT,GR,FURNI,PLAS2,0.02,6988.556,3,3,6988.556,0.0,0.0,0.0,0.0,349427.8
1787926,IT,WA,BEVER,INSUR,0.03,6988.439,3,3,6988.439,0.0,0.0,0.0,0.0,232947.966667
1680319,IT,GR,FURNI,TEXT2,0.02,6988.355,3,3,6988.355,0.0,0.0,0.0,0.0,349417.75
1730116,IT,SE,HOTEL,RETA1,0.05,6988.287,3,3,6988.287,0.0,0.0,0.0,0.0,139765.74
1743376,IT,US,SALEM,NONF1,0.06,6987.814,3,3,6987.814,0.0,0.0,0.0,0.0,116463.566667
1763242,IT,MX,WOODW,DIST1,0.02,6987.693,3,3,6987.693,0.0,0.0,0.0,0.0,349384.65
1753079,IT,CA,RUBBE,COPPE,0.02,6987.631,3,3,6987.631,0.0,0.0,0.0,0.0,349381.55
1766475,IT,RU,ALUM1,FISH5,0.01,6987.557,3,3,6987.557,0.0,0.0,0.0,0.0,698755.7
1686112,IT,HU,RUBBE,TRAN1,0.02,6987.404,3,3,6987.404,0.0,0.0,0.0,0.0,349370.2
1773404,IT,CH,OFFIC,CATTL,0.02,6987.308,3,3,6987.308,0.0,0.0,0.0,0.0,349365.4
1769515,IT,AU,PREC1,ELECT,0.01,6987.241,3,3,6987.241,0.0,0.0,0.0,0.0,698724.1
1776081,IT,TR,WEARI,RUBBE,0.05,6987.073,3,3,6987.073,0.0,0.0,0.0,0.0,139741.46
1649444,IT,BG,CHEM1,ELEC6,0.01,6987.045,3,3,6987.045,0.0,0.0,0.0,0.0,698704.5
1778540,IT,TR,RETA1,PREC1,0.07,6987.044,3,3,6987.044,0.0,0.0,0.0,0.0,99814.914286
1670813,IT,FI,MOTOR,SEACO,0.01,6987.02,3,3,6987.02,0.0,0.0,0.0,0.0,698702.0
1720164,IT,PL,COPP1,BIOGA,0.02,6987.005,3,3,6987.005,0.0,0.0,0.0,0.0,349350.25
1808228,IT,WF,FOOD1,POSTT,0.04,6986.762,3,3,6986.762,0.0,0.0,0.0,0.0,174669.05
1652922,IT,CZ,GASDI,WOODW,0.01,6986.544,3,3,6986.544,0.0,0.0,0.0,0.0,698654.4
1737648,IT,GB,PAPER,FOOD2,0.03,6986.374,3,3,6986.374,0.0,0.0,0.0,0.0,232879.133333
1747882,IT,JP,RENTI,PLAS1,0.04,6986.299,3,3,6986.299,0.0,0.0,0.0,0.0,174657.475
1803416,IT,WF,MEATC,LEADZ,0.02,6986.101,3,3,6986.101,0.0,0.0,0.0,0.0,349305.05
1770408,IT,AU,LANDT,BUSIN,0.05,6986.033,3,3,6986.033,0.0,0.0,0.0,0.0,139720.66
1805630,IT,WF,NONME,TEXTI,0.01,6985.652,3,3,6985.652,0.0,0.0,0.0,0.0,698565.2
1666015,IT,ES,MOTOR,WOOD1,0.01,6985.545,3,3,6985.545,0.0,0.0,0.0,0.0,698554.5
1689161,IT,IE,SALEM,RESEA,0.06,6985.198,3,3,6985.198,0.0,0.0,0.0,0.0,116419.966667
1760423,IT,IN,FOOD5,MEAT4,0.03,6984.558,3,3,6984.558,0.0,0.0,0.0,0.0,232818.6
1690467,IT,IE,PAPE4,ALUM1,0.05,6984.433,3,3,6984.433,0.0,0.0,0.0,0.0,139688.66
1782729,IT,NO,RETA1,FABRI,0.07,6984.424,3,3,6984.424,0.0,0.0,0.0,0.0,99777.485714
1803129,IT,WF,VEGET,BASIC,0.02,6984.353,3,3,6984.353,0.0,0.0,0.0,0.0,349217.65
1748738,IT,CN,BEVER,ELEC4,0.03,6984.328,3,3,6984.328,0.0,0.0,0.0,0.0,232810.933333
1681317,IT,GR,INSUR,BITU1,0.14,6983.133,3,3,6983.133,0.0,0.0,0.0,0.0,49879.521429
1756654,IT,KR,LANDT,WHOLE,0.05,6983.117,3,3,6983.117,0.0,0.0,0.0,0.0,139662.34
1726707,IT,RO,FURNI,KEROS,0.02,6983.001,3,3,6983.001,0.0,0.0,0.0,0.0,349150.05
1769209,IT,AU,CHEM1,INERT,0.01,6982.773,3,3,6982.773,0.0,0.0,0.0,0.0,698277.3
1794381,IT,WL,KEROS,PREC1,0.01,6982.71,3,3,6982.71,0.0,0.0,0.0,0.0,698271.0
1754716,IT,KR,VEGE1,BUSIN,0.02,6981.844,4,4,6981.842,0.0,0.0,0.0,0.002,349092.2
1790516,IT,WA,COPP1,LANDT,0.02,6981.601,3,3,6981.601,0.0,0.0,0.0,0.0,349080.05
1663362,IT,DK,SUPPO,RENTI,0.05,6981.525,3,3,6981.525,0.0,0.0,0.0,0.0,139630.5
1666681,IT,ES,BIODI,STONE,0.01,6981.421,3,3,6981.421,0.0,0.0,0.0,0.0,698142.1
1655988,IT,DE,FOOD5,CEMEN,0.03,6981.295,3,3,6981.295,0.0,0.0,0.0,0.0,232709.833333
1789327,IT,WA,CHEM1,LIGNI,0.01,6981.246,3,3,6981.246,0.0,0.0,0.0,0.0,698124.6
1727553,IT,RO,REALE,MOTOR,0.29,6981.196,3,3,6981.196,0.0,0.0,0.0,0.0,24073.089655
1800939,IT,WE,ALUM1,CATTL,0.01,6981.164,3,3,6981.164,0.0,0.0,0.0,0.0,698116.4
1769109,IT,AU,CHEM1,CEREA,0.01,6980.857,3,3,6980.857,0.0,0.0,0.0,0.0,698085.7
1715451,IT,NL,MOTOR,HEALT,0.01,6980.743,3,3,6980.743,0.0,0.0,0.0,0.0,698074.3
1762337,IT,IN,SUPPO,FABRI,0.05,6980.617,3,3,6980.617,0.0,0.0,0.0,0.0,139612.34
1797942,IT,WL,FOOD4,SALEM,0.05,6980.61,3,3,6980.61,0.0,0.0,0.0,0.0,139612.2
1791442,IT,WA,WHOLE,CERAM,0.06,6980.515,3,3,6980.515,0.0,0.0,0.0,0.0,116341.916667
1749414,IT,CN,KEROS,PREC1,0.01,6980.37,3,3,6980.37,0.0,0.0,0.0,0.0,698037.0
1796636,IT,WL,HOTEL,RADIO,0.05,6980.349,3,3,6980.349,0.0,0.0,0.0,0.0,139606.98
1651931,IT,CY,BUSIN,FOOD5,0.07,6980.297,3,3,6980.297,0.0,0.0,0.0,0.0,99718.528571
1769875,IT,AU,OFFIC,FOOD1,0.02,6980.119,3,3,6980.119,0.0,0.0,0.0,0.0,349005.95
1683236,IT,HR,CERAM,CERAM,0.01,6980.034,3,3,6980.034,0.0,0.0,0.0,0.0,698003.4
1646681,IT,BE,FURNI,ELEC5,0.02,6980.0,3,3,6980.0,0.0,0.0,0.0,0.0,349000.0
1716839,IT,NL,HOTEL,LEATH,0.05,6979.94,3,3,6979.94,0.0,0.0,0.0,0.0,139598.8
1734902,IT,SK,PAPER,93197,0.03,6979.856,3,3,6979.856,0.0,0.0,0.0,0.0,232661.866667
1647775,IT,BE,AUXIL,CHEMI,0.13,6979.814,3,3,6979.814,0.0,0.0,0.0,0.0,53690.876923
1770061,IT,AU,RETAI,WHOLE,0.05,6979.215,3,3,6979.215,0.0,0.0,0.0,0.0,139584.3
1726898,IT,RO,RETA1,RESEA,0.07,6979.049,3,3,6979.049,0.0,0.0,0.0,0.0,99700.7
1640894,IT,AT,LEATH,MEDIC,0.05,6978.788,3,3,6978.788,0.0,0.0,0.0,0.0,139575.76
1712160,IT,LV,LEATH,PFERT,0.05,6978.374,3,3,6978.374,0.0,0.0,0.0,0.0,139567.48
1769165,IT,AU,CHEM1,COPP1,0.01,6978.359,3,3,6978.359,0.0,0.0,0.0,0.0,697835.9
1732242,IT,SI,LIQUE,LEATH,0.01,6978.142,3,3,6978.142,0.0,0.0,0.0,0.0,697814.2
1796288,IT,WL,CONST,LANDT,0.04,6977.699,3,3,6977.699,0.0,0.0,0.0,0.0,174442.475
1713281,IT,MT,PRINT,RETA1,0.07,6977.662,3,3,6977.662,0.0,0.0,0.0,0.0,99680.885714
1740550,IT,US,VEGET,MEATP,0.02,6977.574,3,3,6977.574,0.0,0.0,0.0,0.0,348878.7
1651136,IT,BG,COMPU,RECRE,0.08,6977.135,3,3,6977.135,0.0,0.0,0.0,0.0,87214.1875
1715773,IT,NL,BIODI,ELECT,0.01,6976.994,3,3,6976.994,0.0,0.0,0.0,0.0,697699.4
1671296,IT,FI,ALUM1,PRECI,0.01,6976.932,3,3,6976.932,0.0,0.0,0.0,0.0,697693.2
1663402,IT,DK,POSTT,HEALT,0.11,6976.856,3,3,6976.856,0.0,0.0,0.0,0.0,63425.963636
1734787,IT,SK,WOODW,DIST1,0.02,6976.576,3,3,6976.576,0.0,0.0,0.0,0.0,348828.8
1728919,IT,SE,CHEM1,NONF1,0.01,6976.573,3,3,6976.573,0.0,0.0,0.0,0.0,697657.3
1732461,IT,SI,CHEM1,FOUND,0.01,6976.531,3,3,6976.531,0.0,0.0,0.0,0.0,697653.1
1769258,IT,AU,RUBBE,PETRO,0.02,6976.444,3,3,6976.444,0.0,0.0,0.0,0.0,348822.2
1715458,IT,NL,KEROS,COALT,0.01,6976.392,3,3,6976.392,0.0,0.0,0.0,0.0,697639.2
1655119,IT,CZ,BUSIN,BITUM,0.07,6976.208,3,3,6976.208,0.0,0.0,0.0,0.0,99660.114286
1646136,IT,BE,PREC1,ELECT,0.01,6976.199,3,3,6976.199,0.0,0.0,0.0,0.0,697619.9
1670318,IT,FI,CHEMI,REALE,0.02,6976.025,3,3,6976.025,0.0,0.0,0.0,0.0,348801.25
1732907,IT,SI,PREC1,FURNI,0.01,6975.916,3,3,6975.916,0.0,0.0,0.0,0.0,697591.6
1689296,IT,IE,RETA1,WHEAT,0.07,6975.335,3,3,6975.335,0.0,0.0,0.0,0.0,99647.642857
1661128,IT,DE,WASTE,SEWAG,0.02,6975.059,3,3,6975.059,0.0,0.0,0.0,0.0,348752.95
1796693,IT,WL,RAILW,BASIC,0.05,6974.851,3,3,6974.851,0.0,0.0,0.0,0.0,139497.02
1784778,IT,ID,HOTEL,FISH5,0.05,6974.556,3,3,6974.556,0.0,0.0,0.0,0.0,139491.12
1796729,IT,WL,LANDT,VEGE1,0.04,6974.469,3,3,6974.469,0.0,0.0,0.0,0.0,174361.725
1661495,IT,DK,FOOD5,TOBAC,0.03,6974.323,3,3,6974.323,0.0,0.0,0.0,0.0,232477.433333
1793617,IT,WL,VEGE1,RECRE,0.02,6974.229,4,4,6974.227,0.0,0.0,0.0,0.002,348711.45
1785378,IT,ZA,WOODW,RECRE,0.02,6974.202,3,3,6974.202,0.0,0.0,0.0,0.0,348710.1
1766610,IT,RU,FABRI,PRECI,0.03,6973.614,3,3,6973.614,0.0,0.0,0.0,0.0,232453.8
1753264,IT,CA,CEMEN,NAPHT,0.01,6973.601,3,3,6973.601,0.0,0.0,0.0,0.0,697360.1
1722889,IT,PT,PRINT,PUBLI,0.07,6973.393,3,3,6973.393,0.0,0.0,0.0,0.0,99619.9
1761533,IT,IN,LEAD1,CERAM,0.01,6973.318,3,3,6973.318,0.0,0.0,0.0,0.0,697331.8
1685366,IT,HU,LEATH,PULP5,0.05,6972.77,3,3,6972.77,0.0,0.0,0.0,0.0,139455.4
1664319,IT,EE,FABRI,HYDRO,0.03,6972.619,3,3,6972.619,0.0,0.0,0.0,0.0,232420.633333
1651268,IT,CY,VEGE1,DAIRY,0.02,6972.461,4,4,6972.459,0.0,0.0,0.0,0.002,348623.05
1757288,IT,BR,PROCE,EDUCA,0.05,6972.446,3,3,6972.446,0.0,0.0,0.0,0.0,139448.92
1784698,IT,ID,FURNI,WOODW,0.02,6972.254,3,3,6972.254,0.0,0.0,0.0,0.0,348612.7
1736085,IT,SK,CONST,STONE,0.04,6972.207,3,3,6972.207,0.0,0.0,0.0,0.0,174305.175
1732482,IT,SI,CHEM1,RAILW,0.01,6972.038,3,3,6972.038,0.0,0.0,0.0,0.0,697203.8
1785438,IT,ZA,PAPER,FINAN,0.03,6971.906,3,3,6971.906,0.0,0.0,0.0,0.0,232396.866667
1726323,IT,RO,ALUM1,NATUR,0.01,6971.425,3,3,6971.425,0.0,0.0,0.0,0.0,697142.5
1761845,IT,IN,MOTO1,DIST1,0.04,6971.301,3,3,6971.301,0.0,0.0,0.0,0.0,174282.525
1660235,IT,DE,POSTT,PAPER,0.11,6971.193,3,3,6971.193,0.0,0.0,0.0,0.0,63374.481818
1807732,IT,WF,PUBLI,CATTL,0.11,6971.154,3,3,6971.154,0.0,0.0,0.0,0.0,63374.127273
1814970,IT,WM,PRIVA,RAILW,1.56,6970.282,3,3,6970.282,0.0,0.0,0.0,0.0,4468.129487
1719039,IT,PL,HEAVY,PFERT,0.01,6970.182,3,3,6970.182,0.0,0.0,0.0,0.0,697018.2
1764024,IT,MX,COPP1,RUBBE,0.02,6970.084,3,3,6970.084,0.0,0.0,0.0,0.0,348504.2
1793256,IT,WA,PRIVA,PULP5,1.56,6970.021,3,3,6970.021,0.0,0.0,0.0,0.0,4467.962179
1762483,IT,IN,FINAN,COMPU,0.09,6969.536,3,3,6969.536,0.0,0.0,0.0,0.0,77439.288889
1799387,IT,WE,PULP5,AIRTR,0.02,6969.46,3,3,6969.46,0.0,0.0,0.0,0.0,348473.0
1765354,IT,RU,FOOD5,EDUCA,0.03,6969.416,3,3,6969.416,0.0,0.0,0.0,0.0,232313.866667
1814775,IT,WM,WASTE,CONST,0.02,6969.349,3,3,6969.349,0.0,0.0,0.0,0.0,348467.45
1682152,IT,HR,TEXTI,AIRTR,0.04,6969.292,3,3,6969.292,0.0,0.0,0.0,0.0,174232.3
1681687,IT,HR,POULT,MEAT1,0.02,6968.769,3,3,6968.769,0.0,0.0,0.0,0.0,348438.45
1763438,IT,MX,PETRO,OFFIC,0.01,6968.662,3,3,6968.662,0.0,0.0,0.0,0.0,696866.2
1646451,IT,BE,MACHI,COKEO,0.04,6968.566,3,3,6968.566,0.0,0.0,0.0,0.0,174214.15
1646352,IT,BE,FABRI,KERO1,0.03,6968.382,3,3,6968.382,0.0,0.0,0.0,0.0,232279.4
1801005,IT,WE,ALUM1,RECRE,0.01,6968.276,3,3,6968.276,0.0,0.0,0.0,0.0,696827.6
1643071,IT,AT,RETAI,RENTI,0.05,6968.033,3,3,6968.033,0.0,0.0,0.0,0.0,139360.66
1808107,IT,WF,WOOD1,NONFE,0.05,6967.968,3,3,6967.968,0.0,0.0,0.0,0.0,139359.36
1658212,IT,DE,LEAD1,OFFIC,0.01,6967.774,3,3,6967.774,0.0,0.0,0.0,0.0,696777.4
1744298,IT,US,FINAN,CEREA,0.09,6967.395,3,3,6967.395,0.0,0.0,0.0,0.0,77415.5
1800936,IT,WE,PREC1,PRIVA,0.01,6967.223,3,3,6967.223,0.0,0.0,0.0,0.0,696722.3
1783303,IT,NO,FOODW,FOOD4,0.05,6967.076,3,3,6967.076,0.0,0.0,0.0,0.0,139341.52
1733489,IT,SI,WHOLE,STONE,0.06,6967.041,3,3,6967.041,0.0,0.0,0.0,0.0,116117.35
1665332,IT,ES,FISH5,PAPER,0.03,6966.875,4,4,6966.871,0.0,0.0,0.0,0.004,232229.166667
1682901,IT,HR,NAPHT,ALUM1,0.01,6966.803,3,3,6966.803,0.0,0.0,0.0,0.0,696680.3
1688800,IT,IE,GLASS,FABRI,0.02,6966.462,3,3,6966.462,0.0,0.0,0.0,0.0,348323.1
1810603,IT,WM,PRINT,FURNI,0.07,6966.19,3,3,6966.19,0.0,0.0,0.0,0.0,99517.0
1679893,IT,GR,COPP1,ELEC5,0.02,6966.006,3,3,6966.006,0.0,0.0,0.0,0.0,348300.3
1713001,IT,MT,CHEMI,RUBBE,0.02,6965.842,3,3,6965.842,0.0,0.0,0.0,0.0,348292.1
1646142,IT,BE,PREC1,STEAM,0.01,6965.597,3,3,6965.597,0.0,0.0,0.0,0.0,696559.7
1756134,IT,KR,MACHI,CROPS,0.04,6964.961,3,3,6964.961,0.0,0.0,0.0,0.0,174124.025
1689708,IT,IE,FINAN,FORES,0.09,6964.642,3,3,6964.642,0.0,0.0,0.0,0.0,77384.911111
1642422,IT,AT,ALUM1,LEATH,0.01,6964.642,3,3,6964.642,0.0,0.0,0.0,0.0,696464.2
1681971,IT,HR,FOOD5,MOTO1,0.03,6964.263,3,3,6964.263,0.0,0.0,0.0,0.0,232142.1
1767404,IT,RU,LANDT,LUBRI,0.04,6964.249,3,3,6964.249,0.0,0.0,0.0,0.0,174106.225
1783082,IT,NO,INSUR,SALEM,0.14,6964.085,3,3,6964.085,0.0,0.0,0.0,0.0,49743.464286
1733622,IT,SI,HOTEL,NONME,0.05,6963.881,3,3,6963.881,0.0,0.0,0.0,0.0,139277.62
1652672,IT,CZ,WOODW,INERT,0.02,6963.266,3,3,6963.266,0.0,0.0,0.0,0.0,348163.3
1785682,IT,ZA,HEAVY,FOOD3,0.01,6962.735,3,3,6962.735,0.0,0.0,0.0,0.0,696273.5
1728703,IT,SE,MOTOR,STONE,0.01,6962.675,3,3,6962.675,0.0,0.0,0.0,0.0,696267.5
1645058,IT,BE,PAPER,PFERT,0.03,6962.603,3,3,6962.603,0.0,0.0,0.0,0.0,232086.766667
1661321,IT,DK,CHEMI,NONME,0.02,6962.584,3,3,6962.584,0.0,0.0,0.0,0.0,348129.2
1782465,IT,NO,MACHI,TRAN1,0.04,6961.104,3,3,6961.104,0.0,0.0,0.0,0.0,174027.6
1781482,IT,NO,BEVER,POSTT,0.03,6961.075,3,3,6961.075,0.0,0.0,0.0,0.0,232035.833333
1684448,IT,HR,REALE,WHOLE,0.29,6960.658,3,3,6960.658,0.0,0.0,0.0,0.0,24002.268966
1659795,IT,DE,LANDT,COKEO,0.04,6960.545,3,3,6960.545,0.0,0.0,0.0,0.0,174013.625
1733857,IT,SI,TRAN2,WASTE,0.01,6959.914,3,3,6959.914,0.0,0.0,0.0,0.0,695991.4
1765515,IT,RU,WEARI,REALE,0.05,6959.858,3,3,6959.858,0.0,0.0,0.0,0.0,139197.16
1679299,IT,GR,HEAVY,FURNI,0.01,6959.752,3,3,6959.752,0.0,0.0,0.0,0.0,695975.2
1732124,IT,SI,GASDI,STONE,0.01,6959.64,3,3,6959.64,0.0,0.0,0.0,0.0,695964.0
1680152,IT,GR,MOTO1,WEARI,0.04,6959.532,3,3,6959.532,0.0,0.0,0.0,0.0,173988.3
1810264,IT,WM,LEATH,MACHI,0.05,6959.497,3,3,6959.497,0.0,0.0,0.0,0.0,139189.94
1685250,IT,HU,TEXTI,CERAM,0.04,6959.372,3,3,6959.372,0.0,0.0,0.0,0.0,173984.3
1768018,IT,RU,BUSIN,NATU1,0.07,6959.209,3,3,6959.209,0.0,0.0,0.0,0.0,99417.271429
1748035,IT,JP,BUSIN,NFERT,0.07,6959.047,3,3,6959.047,0.0,0.0,0.0,0.0,99414.957143
1655828,IT,DE,VEGE1,BASIC,0.02,6958.461,4,4,6958.459,0.0,0.0,0.0,0.002,347923.05
1762584,IT,IN,AUXIL,MACHI,0.13,6958.254,3,3,6958.254,0.0,0.0,0.0,0.0,53525.030769
1789006,IT,WA,LIQUE,HOTEL,0.01,6958.007,3,3,6958.007,0.0,0.0,0.0,0.0,695800.7
1689272,IT,IE,WHOLE,COLLE,0.06,6957.845,3,3,6957.845,0.0,0.0,0.0,0.0,115964.083333
1652786,IT,CZ,PAPER,WOOD2,0.03,6957.831,3,3,6957.831,0.0,0.0,0.0,0.0,231927.7
1661517,IT,DK,FOOD5,RETAI,0.03,6957.642,3,3,6957.642,0.0,0.0,0.0,0.0,231921.4
1754397,IT,CA,RENTI,DAIRY,0.04,6957.542,3,3,6957.542,0.0,0.0,0.0,0.0,173938.55
1681786,IT,HR,MEATC,MEAT4,0.02,6957.299,3,3,6957.299,0.0,0.0,0.0,0.0,347864.95
1645045,IT,BE,PAPER,WEARI,0.03,6957.294,3,3,6957.294,0.0,0.0,0.0,0.0,231909.8
1661149,IT,DE,RECRE,RESEA,0.09,6957.183,3,3,6957.183,0.0,0.0,0.0,0.0,77302.033333
1679081,IT,GR,PULP5,LANDT,0.02,6956.474,3,3,6956.474,0.0,0.0,0.0,0.0,347823.7
1784588,IT,ID,MACHI,LUBRI,0.04,6956.181,3,3,6956.181,0.0,0.0,0.0,0.0,173904.525
1787803,IT,WA,PROCE,SANDC,0.05,6955.554,3,3,6955.554,0.0,0.0,0.0,0.0,139111.08
1793009,IT,WA,FOOD3,ANIMA,0.02,6955.398,3,3,6955.398,0.0,0.0,0.0,0.0,347769.9
1747271,IT,JP,WHOLE,REFI1,0.06,6955.146,3,3,6955.146,0.0,0.0,0.0,0.0,115919.1
1805280,IT,WF,ADDIT,FISHF,0.02,6955.087,3,3,6955.087,0.0,0.0,0.0,0.0,347754.35
1676178,IT,FR,CONST,BRICK,0.04,6954.876,3,3,6954.876,0.0,0.0,0.0,0.0,173871.9
1672090,IT,FI,SUPPO,RESEA,0.05,6954.813,3,3,6954.813,0.0,0.0,0.0,0.0,139096.26
1668459,IT,ES,RETA1,OILHA,0.07,6954.602,3,3,6954.602,0.0,0.0,0.0,0.0,99351.457143
1805818,IT,WF,PREC1,SUPPO,0.01,6954.577,3,3,6954.577,0.0,0.0,0.0,0.0,695457.7
1747692,IT,JP,POSTT,SEACO,0.11,6954.56,3,3,6954.56,0.0,0.0,0.0,0.0,63223.272727
1787832,IT,WA,FOOD5,FISHF,0.03,6954.528,3,3,6954.528,0.0,0.0,0.0,0.0,231817.6
1782976,IT,NO,SUPPO,WHOLE,0.05,6954.447,3,3,6954.447,0.0,0.0,0.0,0.0,139088.94
1760819,IT,IN,MOTOR,BEVER,0.01,6953.583,3,3,6953.583,0.0,0.0,0.0,0.0,695358.3
1656938,IT,DE,LIQUE,HEAVY,0.01,6953.507,3,3,6953.507,0.0,0.0,0.0,0.0,695350.7
1747901,IT,JP,COMPU,MACHI,0.08,6953.366,3,3,6953.366,0.0,0.0,0.0,0.0,86917.075
1650186,IT,BG,MOTO1,COMPU,0.04,6953.344,3,3,6953.344,0.0,0.0,0.0,0.0,173833.6
1737703,IT,GB,AVIAT,AIRTR,0.02,6953.285,3,3,6953.285,0.0,0.0,0.0,0.0,347664.25
1762506,IT,IN,INSUR,PLAST,0.14,6952.782,3,3,6952.782,0.0,0.0,0.0,0.0,49662.728571
1735743,IT,SK,FABRI,FOOD4,0.03,6952.613,3,3,6952.613,0.0,0.0,0.0,0.0,231753.766667
1741580,IT,US,GASDI,RADIO,0.01,6952.176,3,3,6952.176,0.0,0.0,0.0,0.0,695217.6
1726522,IT,RO,MACHI,WHOLE,0.04,6951.367,3,3,6951.367,0.0,0.0,0.0,0.0,173784.175
1739786,IT,GB,POSTT,FURNI,0.11,6951.302,3,3,6951.302,0.0,0.0,0.0,0.0,63193.654545
1668383,IT,ES,RETA1,PROCE,0.07,6950.626,3,3,6950.626,0.0,0.0,0.0,0.0,99294.657143
1807225,IT,WF,SUPPO,NONFE,0.05,6950.477,3,3,6950.477,0.0,0.0,0.0,0.0,139009.54
1731650,IT,SI,WOODW,LIGNI,0.02,6950.234,3,3,6950.234,0.0,0.0,0.0,0.0,347511.7
1739556,IT,GB,TRAN2,PLAST,0.01,6950.099,3,3,6950.099,0.0,0.0,0.0,0.0,695009.9
1740188,IT,GB,BUSIN,MEAT4,0.07,6950.068,3,3,6950.068,0.0,0.0,0.0,0.0,99286.685714
1753666,IT,CA,MOTO1,WOODW,0.04,6949.963,3,3,6949.963,0.0,0.0,0.0,0.0,173749.075
1669977,IT,ES,EDUCA,REALE,0.17,6949.847,3,3,6949.847,0.0,0.0,0.0,0.0,40881.452941
1641483,IT,AT,GASDI,INERT,0.01,6949.601,3,3,6949.601,0.0,0.0,0.0,0.0,694960.1
1730787,IT,SE,BUSIN,LEAD1,0.07,6949.14,3,3,6949.14,0.0,0.0,0.0,0.0,99273.428571
1760897,IT,IN,GASDI,TRAN2,0.01,6949.054,3,3,6949.054,0.0,0.0,0.0,0.0,694905.4
1808490,IT,WF,FOOD4,RETA1,0.05,6948.635,3,3,6948.635,0.0,0.0,0.0,0.0,138972.7
1762830,IT,IN,PUBLI,TRANS,0.11,6948.575,3,3,6948.575,0.0,0.0,0.0,0.0,63168.863636
1663932,IT,EE,WOODW,CEMEN,0.02,6948.488,3,3,6948.488,0.0,0.0,0.0,0.0,347424.4
1783298,IT,NO,FOODW,WOOD1,0.05,6948.454,3,3,6948.454,0.0,0.0,0.0,0.0,138969.08
1646966,IT,BE,WHOLE,MEMBE,0.06,6948.366,3,3,6948.366,0.0,0.0,0.0,0.0,115806.1
1725825,IT,RO,MOTOR,RAILW,0.01,6948.177,3,3,6948.177,0.0,0.0,0.0,0.0,694817.7
1668826,IT,ES,TRAN2,REFI1,0.01,6947.708,3,3,6947.708,0.0,0.0,0.0,0.0,694770.8
1762665,IT,IN,COMPU,HEALT,0.08,6946.612,3,3,6946.612,0.0,0.0,0.0,0.0,86832.65
1755091,IT,KR,LEATH,NONFE,0.05,6946.567,3,3,6946.567,0.0,0.0,0.0,0.0,138931.34
1813335,IT,WM,FURNI,ALUMI,0.02,6946.564,3,3,6946.564,0.0,0.0,0.0,0.0,347328.2
1656855,IT,DE,HEAVY,PAPER,0.01,6946.545,3,3,6946.545,0.0,0.0,0.0,0.0,694654.5
1795543,IT,WL,ALUM1,POSTT,0.01,6946.309,3,3,6946.309,0.0,0.0,0.0,0.0,694630.9
1646154,IT,BE,PREC1,TEXT1,0.01,6946.187,3,3,6946.187,0.0,0.0,0.0,0.0,694618.7
1720526,IT,PL,OFFIC,FISH5,0.02,6946.14,3,3,6946.14,0.0,0.0,0.0,0.0,347307.0
1683742,IT,HR,MACHI,ELECT,0.04,6945.6,3,3,6945.6,0.0,0.0,0.0,0.0,173640.0
1752304,IT,CA,CHEMI,PAPER,0.02,6945.494,3,3,6945.494,0.0,0.0,0.0,0.0,347274.7
1743049,IT,US,OFFIC,PLAS1,0.02,6945.303,3,3,6945.303,0.0,0.0,0.0,0.0,347265.15
1652313,IT,CZ,BEVER,TRAN1,0.03,6944.353,3,3,6944.353,0.0,0.0,0.0,0.0,231478.433333
1684072,IT,HR,HOTEL,TRAN1,0.05,6944.226,3,3,6944.226,0.0,0.0,0.0,0.0,138884.52
1720355,IT,PL,FABRI,WOOD1,0.03,6943.722,3,3,6943.722,0.0,0.0,0.0,0.0,231457.4
1746868,IT,JP,MACHI,FOOD4,0.04,6943.005,3,3,6943.005,0.0,0.0,0.0,0.0,173575.125
1724194,IT,PT,HOTEL,MOTO1,0.05,6942.941,3,3,6942.941,0.0,0.0,0.0,0.0,138858.82
1687206,IT,HU,CONST,DIST1,0.04,6942.631,3,3,6942.631,0.0,0.0,0.0,0.0,173565.775
1655150,IT,CZ,BUSIN,CERAM,0.07,6942.509,3,3,6942.509,0.0,0.0,0.0,0.0,99178.7
1644417,IT,BE,MEAT1,WHOLE,0.03,6942.436,3,3,6942.436,0.0,0.0,0.0,0.0,231414.533333
1659626,IT,DE,HOTEL,ELEC1,0.05,6942.397,3,3,6942.397,0.0,0.0,0.0,0.0,138847.94
1664504,IT,EE,MOTO1,SUPPO,0.04,6942.351,3,3,6942.351,0.0,0.0,0.0,0.0,173558.775
1741330,IT,US,PAPER,AUXIL,0.03,6942.108,3,3,6942.108,0.0,0.0,0.0,0.0,231403.6
1754771,IT,KR,DAIRY,PRIVA,0.03,6942.058,3,3,6942.058,0.0,0.0,0.0,0.0,231401.933333
1680118,IT,GR,OFFIC,LUBRI,0.02,6941.84,3,3,6941.84,0.0,0.0,0.0,0.0,347092.0
1760629,IT,IN,PULP5,MOTOR,0.02,6941.318,3,3,6941.318,0.0,0.0,0.0,0.0,347065.9
1724675,IT,PT,INSUR,OFFIC,0.14,6941.282,3,3,6941.282,0.0,0.0,0.0,0.0,49580.585714
1752861,IT,CA,PRINT,RECRE,0.07,6941.199,3,3,6941.199,0.0,0.0,0.0,0.0,99159.985714
1791007,IT,WA,MOTO1,LANDT,0.04,6940.918,3,3,6940.918,0.0,0.0,0.0,0.0,173522.95
1740746,IT,US,MEAT4,BEVER,0.04,6940.773,3,3,6940.773,0.0,0.0,0.0,0.0,173519.325
1687616,IT,HU,TRAN2,SEWAG,0.01,6940.596,3,3,6940.596,0.0,0.0,0.0,0.0,694059.6
1716945,IT,NL,RAILW,FABRI,0.05,6940.121,3,3,6940.121,0.0,0.0,0.0,0.0,138802.42
1802024,IT,WE,WHOLE,ALUM1,0.06,6939.866,3,3,6939.866,0.0,0.0,0.0,0.0,115664.433333
1659175,IT,DE,CONST,FABRI,0.04,6939.802,3,3,6939.802,0.0,0.0,0.0,0.0,173495.05
1683810,IT,HR,OFFIC,SEACO,0.02,6939.797,3,3,6939.797,0.0,0.0,0.0,0.0,346989.85
1686757,IT,HU,COPP1,RECRE,0.02,6939.623,3,3,6939.623,0.0,0.0,0.0,0.0,346981.15
1812235,IT,WM,NONME,ELEC6,0.01,6939.076,3,3,6939.076,0.0,0.0,0.0,0.0,693907.6
1653355,IT,CZ,GLASS,ELEC1,0.02,6938.966,3,3,6938.966,0.0,0.0,0.0,0.0,346948.3
1794202,IT,WL,PRINT,OFFIC,0.07,6938.427,3,3,6938.427,0.0,0.0,0.0,0.0,99120.385714
1767968,IT,RU,COMPU,MEDIC,0.08,6937.645,3,3,6937.645,0.0,0.0,0.0,0.0,86720.5625
1734824,IT,SK,PAPER,VEGET,0.03,6937.477,3,3,6937.477,0.0,0.0,0.0,0.0,231249.233333
1795158,IT,WL,RUBBE,DIST1,0.02,6937.232,3,3,6937.232,0.0,0.0,0.0,0.0,346861.6
1679814,IT,GR,ALUM1,SUGA1,0.01,6937.195,3,3,6937.195,0.0,0.0,0.0,0.0,693719.5
1795265,IT,WL,CERAM,MEDIC,0.01,6936.768,3,3,6936.768,0.0,0.0,0.0,0.0,693676.8
1798143,IT,WL,PRIVA,BLAST,1.55,6936.713,3,3,6936.713,0.0,0.0,0.0,0.0,4475.29871
1801365,IT,WE,MACHI,BIOG1,0.04,6936.618,3,3,6936.618,0.0,0.0,0.0,0.0,173415.45
1641451,IT,AT,GASDI,DIST1,0.01,6936.382,3,3,6936.382,0.0,0.0,0.0,0.0,693638.2
1662734,IT,DK,OFFIC,BASIC,0.02,6936.272,3,3,6936.272,0.0,0.0,0.0,0.0,346813.6
1787572,IT,WA,MEATC,STONE,0.02,6936.269,3,3,6936.269,0.0,0.0,0.0,0.0,346813.45
1683307,IT,HR,CEMEN,93197,0.01,6935.788,3,3,6935.788,0.0,0.0,0.0,0.0,693578.8
1665399,IT,ES,TEXTI,PREC1,0.04,6935.786,3,3,6935.786,0.0,0.0,0.0,0.0,173394.65
1774265,IT,CH,RETA1,INTER,0.07,6935.459,3,3,6935.459,0.0,0.0,0.0,0.0,99077.985714
1711103,IT,LU,ALUM1,FOOD2,0.01,6934.901,3,3,6934.901,0.0,0.0,0.0,0.0,693490.1
1671108,IT,FI,GLASS,SANDC,0.02,6934.892,3,3,6934.892,0.0,0.0,0.0,0.0,346744.6
1646128,IT,BE,PREC1,BIODI,0.01,6934.881,3,3,6934.881,0.0,0.0,0.0,0.0,693488.1
1732369,IT,SI,PETRO,SECO9,0.01,6934.844,3,3,6934.844,0.0,0.0,0.0,0.0,693484.4
1776805,IT,TR,NAPHT,COPP1,0.01,6934.829,3,3,6934.829,0.0,0.0,0.0,0.0,693482.9
1675468,IT,FR,OFFIC,FISH5,0.02,6934.29,3,3,6934.29,0.0,0.0,0.0,0.0,346714.5
1730198,IT,SE,LANDT,STEAM,0.04,6934.277,3,3,6934.277,0.0,0.0,0.0,0.0,173356.925
1737719,IT,GB,GASDI,CRUDE,0.01,6934.254,3,3,6934.254,0.0,0.0,0.0,0.0,693425.4
1750021,IT,CN,NONME,COPP1,0.01,6934.149,3,3,6934.149,0.0,0.0,0.0,0.0,693414.9
1664782,IT,ES,CEREA,SUGA1,0.01,6934.027,3,3,6934.027,0.0,0.0,0.0,0.0,693402.7
1726326,IT,RO,ALUM1,DAIRY,0.01,6933.983,3,3,6933.983,0.0,0.0,0.0,0.0,693398.3
1780294,IT,TW,LANDT,AUXIL,0.04,6933.415,3,3,6933.415,0.0,0.0,0.0,0.0,173335.375
1680275,IT,GR,FURNI,COPP1,0.02,6933.044,3,3,6933.044,0.0,0.0,0.0,0.0,346652.2
1804740,IT,WF,NAPHT,MEATA,0.01,6932.919,3,3,6932.919,0.0,0.0,0.0,0.0,693291.9
1774485,IT,CH,LANDT,ALUM1,0.04,6932.606,3,3,6932.606,0.0,0.0,0.0,0.0,173315.15
1781818,IT,NO,BITU1,BUSIN,0.01,6932.515,3,3,6932.515,0.0,0.0,0.0,0.0,693251.5
1776659,IT,TR,HEAVY,CHEMI,0.01,6932.002,3,3,6932.002,0.0,0.0,0.0,0.0,693200.2
1751728,IT,CN,INSUR,COLLE,0.14,6931.872,3,3,6931.872,0.0,0.0,0.0,0.0,49513.371429
1712260,IT,LV,KEROS,CEMEN,0.01,6931.783,3,3,6931.783,0.0,0.0,0.0,0.0,693178.3
1800989,IT,WE,ALUM1,RETAI,0.01,6931.636,3,3,6931.636,0.0,0.0,0.0,0.0,693163.6
1800011,IT,WE,HEAVY,BIOG1,0.01,6931.153,3,3,6931.153,0.0,0.0,0.0,0.0,693115.3
1690464,IT,IE,PAPE4,CHEM1,0.05,6931.048,3,3,6931.048,0.0,0.0,0.0,0.0,138620.96
1759207,IT,BR,SUPPO,FURNI,0.05,6931.032,3,3,6931.032,0.0,0.0,0.0,0.0,138620.64
1709872,IT,LT,GLASS,BUSIN,0.02,6930.844,3,3,6930.844,0.0,0.0,0.0,0.0,346542.2
1656587,IT,DE,PRINT,PFERT,0.07,6930.781,3,3,6930.781,0.0,0.0,0.0,0.0,99011.157143
1807881,IT,WF,PAPE1,SEACO,0.05,6930.76,3,3,6930.76,0.0,0.0,0.0,0.0,138615.2
1687111,IT,HU,TRANS,NONME,0.04,6930.63,3,3,6930.63,0.0,0.0,0.0,0.0,173265.75
1716851,IT,NL,HOTEL,NFERT,0.05,6930.401,3,3,6930.401,0.0,0.0,0.0,0.0,138608.02
1686817,IT,HU,FABRI,PREC1,0.03,6930.338,3,3,6930.338,0.0,0.0,0.0,0.0,231011.266667
1671941,IT,FI,LANDT,PRINT,0.04,6930.304,3,3,6930.304,0.0,0.0,0.0,0.0,173257.6
1687104,IT,HU,MOTO1,MEMBE,0.04,6930.262,3,3,6930.262,0.0,0.0,0.0,0.0,173256.55
1732719,IT,SI,CEMEN,BEVER,0.01,6930.119,3,3,6930.119,0.0,0.0,0.0,0.0,693011.9
1805997,IT,WF,COPP1,HEAVY,0.02,6930.069,3,3,6930.069,0.0,0.0,0.0,0.0,346503.45
1802902,IT,WE,RECRE,93197,0.09,6930.008,3,3,6930.008,0.0,0.0,0.0,0.0,77000.088889
1755540,IT,KR,CHEM1,NFERT,0.01,6929.866,3,3,6929.866,0.0,0.0,0.0,0.0,692986.6
1806855,IT,WF,RETA1,AUXIL,0.07,6929.849,3,3,6929.849,0.0,0.0,0.0,0.0,98997.842857
1760470,IT,IN,TEXTI,PRINT,0.04,6929.643,3,3,6929.643,0.0,0.0,0.0,0.0,173241.075
1802528,IT,WE,POSTT,AUXIL,0.11,6929.59,3,3,6929.59,0.0,0.0,0.0,0.0,62996.272727
1794530,IT,WL,HEAVY,ANIMA,0.01,6929.589,3,3,6929.589,0.0,0.0,0.0,0.0,692958.9
1763623,IT,MX,BIOGA,COLLE,0.01,6929.14,3,3,6929.14,0.0,0.0,0.0,0.0,692914.0
1664016,IT,EE,KEROS,STEAM,0.01,6928.901,3,3,6928.901,0.0,0.0,0.0,0.0,692890.1
1744195,IT,US,POSTT,MEATP,0.11,6928.499,3,3,6928.499,0.0,0.0,0.0,0.0,62986.354545
1685818,IT,HU,PLAST,RECRE,0.01,6928.409,3,3,6928.409,0.0,0.0,0.0,0.0,692840.9
1672070,IT,FI,SUPPO,WOODW,0.05,6928.19,3,3,6928.19,0.0,0.0,0.0,0.0,138563.8
1782065,IT,NO,GLASS,PRINT,0.02,6927.981,3,3,6927.981,0.0,0.0,0.0,0.0,346399.05
1774177,IT,CH,RETA1,MEATA,0.07,6927.951,3,3,6927.951,0.0,0.0,0.0,0.0,98970.728571
1653596,IT,CZ,PREC1,PFERT,0.01,6927.806,3,3,6927.806,0.0,0.0,0.0,0.0,692780.6
1794446,IT,WL,GASDI,VEGE1,0.01,6927.72,3,3,6927.72,0.0,0.0,0.0,0.0,692772.0
1764063,IT,MX,FABRI,FISHF,0.03,6927.616,3,3,6927.616,0.0,0.0,0.0,0.0,230920.533333
1787545,IT,WA,CHEMI,MOTO1,0.02,6927.449,3,3,6927.449,0.0,0.0,0.0,0.0,346372.45
1736582,IT,SK,SUPPO,EDUCA,0.05,6927.273,3,3,6927.273,0.0,0.0,0.0,0.0,138545.46
1682116,IT,HR,TEXTI,REFIN,0.04,6926.941,3,3,6926.941,0.0,0.0,0.0,0.0,173173.525
1663464,IT,DK,REALE,FINAN,0.29,6926.889,3,3,6926.889,0.0,0.0,0.0,0.0,23885.824138
1784673,IT,ID,MOTO1,OFFIC,0.04,6926.739,3,3,6926.739,0.0,0.0,0.0,0.0,173168.475
1789486,IT,WA,ADDIT,AVIAT,0.02,6926.125,3,3,6926.125,0.0,0.0,0.0,0.0,346306.25
1657620,IT,DE,CERAM,WHEAT,0.01,6925.602,3,3,6925.602,0.0,0.0,0.0,0.0,692560.2
1732328,IT,SI,NAPHT,ELEC7,0.01,6925.287,3,3,6925.287,0.0,0.0,0.0,0.0,692528.7
1730342,IT,SE,SUPPO,CEMEN,0.05,6925.259,3,3,6925.259,0.0,0.0,0.0,0.0,138505.18
1779070,IT,TR,SUPPO,MEAT4,0.05,6925.146,3,3,6925.146,0.0,0.0,0.0,0.0,138502.92
1752961,IT,CA,CHEM1,CATTL,0.01,6924.996,3,3,6924.996,0.0,0.0,0.0,0.0,692499.6
1710890,IT,LU,MOTOR,RENTI,0.01,6924.947,3,3,6924.947,0.0,0.0,0.0,0.0,692494.7
1652449,IT,CZ,TEXTI,93197,0.04,6924.915,3,3,6924.915,0.0,0.0,0.0,0.0,173122.875
1772231,IT,CH,HEAVY,CATTL,0.01,6924.863,3,3,6924.863,0.0,0.0,0.0,0.0,692486.3
1811909,IT,WM,RUBBE,BLAST,0.02,6924.724,3,3,6924.724,0.0,0.0,0.0,0.0,346236.2
1648765,IT,BG,BEVER,MEAT4,0.03,6924.496,3,3,6924.496,0.0,0.0,0.0,0.0,230816.533333
1655518,IT,DE,CRUDE,RENTI,0.01,6924.244,3,3,6924.244,0.0,0.0,0.0,0.0,692424.4
1711335,IT,LU,WHOLE,DISTR,0.06,6924.209,3,3,6924.209,0.0,0.0,0.0,0.0,115403.483333
1641466,IT,AT,GASDI,AUXIL,0.01,6924.183,3,3,6924.183,0.0,0.0,0.0,0.0,692418.3
1719221,IT,PL,CHEM1,COKIN,0.01,6924.134,3,3,6924.134,0.0,0.0,0.0,0.0,692413.4
1661763,IT,DK,LEATH,TRANS,0.05,6924.104,3,3,6924.104,0.0,0.0,0.0,0.0,138482.08
1673204,IT,FR,BEVER,PAPE1,0.03,6923.814,3,3,6923.814,0.0,0.0,0.0,0.0,230793.8
1729736,IT,SE,MACHI,COKEO,0.04,6923.718,3,3,6923.718,0.0,0.0,0.0,0.0,173092.95
1764798,IT,MX,LANDT,MOTO1,0.04,6923.7,3,3,6923.7,0.0,0.0,0.0,0.0,173092.5
1678315,IT,FR,WASTE,FOOD5,0.02,6923.691,3,3,6923.691,0.0,0.0,0.0,0.0,346184.55
1807724,IT,WF,BUSIN,RESEA,0.07,6923.352,3,3,6923.352,0.0,0.0,0.0,0.0,98905.028571
1712386,IT,LV,GLASS,RETA1,0.02,6923.265,3,3,6923.265,0.0,0.0,0.0,0.0,346163.25
1659390,IT,DE,WHOLE,SUGA1,0.06,6923.191,3,3,6923.191,0.0,0.0,0.0,0.0,115386.516667
1664383,IT,EE,MACHI,RAWMI,0.04,6923.102,3,3,6923.102,0.0,0.0,0.0,0.0,173077.55
1709543,IT,LT,WOODW,CHEM1,0.02,6922.955,3,3,6922.955,0.0,0.0,0.0,0.0,346147.75
1682501,IT,HR,PRINT,CONST,0.07,6922.953,3,3,6922.953,0.0,0.0,0.0,0.0,98899.328571
1811876,IT,WM,RUBBE,WHITE,0.02,6922.88,3,3,6922.88,0.0,0.0,0.0,0.0,346144.0
1724779,IT,PT,RENTI,REALE,0.04,6922.355,3,3,6922.355,0.0,0.0,0.0,0.0,173058.875
1736309,IT,SK,HOTEL,RENTI,0.05,6922.325,3,3,6922.325,0.0,0.0,0.0,0.0,138446.5
1665935,IT,ES,MOTOR,SANDC,0.01,6922.154,3,3,6922.154,0.0,0.0,0.0,0.0,692215.4
1665722,IT,ES,PAPER,KERO1,0.03,6922.113,3,3,6922.113,0.0,0.0,0.0,0.0,230737.1
1795068,IT,WL,ADDIT,EDUCA,0.02,6922.111,3,3,6922.111,0.0,0.0,0.0,0.0,346105.55
1735985,IT,SK,MOTO1,FOOD4,0.04,6921.964,3,3,6921.964,0.0,0.0,0.0,0.0,173049.1
1734349,IT,SI,BUSIN,MEMBE,0.07,6921.835,3,3,6921.835,0.0,0.0,0.0,0.0,98883.357143
1745123,IT,US,FOOD3,PUBLI,0.02,6921.373,3,3,6921.373,0.0,0.0,0.0,0.0,346068.65
1641888,IT,AT,BIODI,GLASS,0.01,6920.918,3,3,6920.918,0.0,0.0,0.0,0.0,692091.8
1649336,IT,BG,PLAST,BRICK,0.01,6920.577,3,3,6920.577,0.0,0.0,0.0,0.0,692057.7
1711837,IT,LU,PAPE1,RUBBE,0.05,6920.504,3,3,6920.504,0.0,0.0,0.0,0.0,138410.08
1666935,IT,ES,CERAM,PULP5,0.01,6920.386,3,3,6920.386,0.0,0.0,0.0,0.0,692038.6
1715749,IT,NL,BIOGA,93197,0.01,6920.266,3,3,6920.266,0.0,0.0,0.0,0.0,692026.6
1657642,IT,DE,CERAM,BIOGA,0.01,6919.988,3,3,6919.988,0.0,0.0,0.0,0.0,691998.8
1795544,IT,WL,ALUM1,AUXIL,0.01,6919.708,3,3,6919.708,0.0,0.0,0.0,0.0,691970.8
1809495,IT,WM,MEAT1,HEALT,0.03,6919.538,3,3,6919.538,0.0,0.0,0.0,0.0,230651.266667
1791115,IT,WA,TRANS,DIST1,0.04,6919.023,3,3,6919.023,0.0,0.0,0.0,0.0,172975.575
1686677,IT,HU,COPP1,FORES,0.02,6918.891,3,3,6918.891,0.0,0.0,0.0,0.0,345944.55
1678214,IT,FR,OILHA,BASIC,0.04,6918.789,3,3,6918.789,0.0,0.0,0.0,0.0,172969.725
1689962,IT,IE,REALE,WOODW,0.29,6918.318,3,3,6918.318,0.0,0.0,0.0,0.0,23856.268966
1799037,IT,WE,TEXTI,NONME,0.04,6918.292,3,3,6918.292,0.0,0.0,0.0,0.0,172957.3
1645319,IT,BE,GASDI,RAWMI,0.01,6918.18,3,3,6918.18,0.0,0.0,0.0,0.0,691818.0
1759870,IT,BR,FOODW,WOOD2,0.05,6917.843,3,3,6917.843,0.0,0.0,0.0,0.0,138356.86
1747973,IT,JP,RESEA,HOTEL,0.04,6917.809,3,3,6917.809,0.0,0.0,0.0,0.0,172945.225
1753950,IT,CA,LANDT,DAIRY,0.04,6917.499,3,3,6917.499,0.0,0.0,0.0,0.0,172937.475
1762018,IT,IN,WHOLE,NONF1,0.06,6917.483,3,3,6917.483,0.0,0.0,0.0,0.0,115291.383333
1722123,IT,PL,BUSIN,MEDIC,0.07,6917.226,3,3,6917.226,0.0,0.0,0.0,0.0,98817.514286
1652121,IT,CZ,CHEMI,RESEA,0.02,6917.197,3,3,6917.197,0.0,0.0,0.0,0.0,345859.85
1765014,IT,MX,INSUR,FOOD5,0.14,6916.845,3,3,6916.845,0.0,0.0,0.0,0.0,49406.035714
1715886,IT,NL,RUBBE,FOODW,0.02,6916.66,3,3,6916.66,0.0,0.0,0.0,0.0,345833.0
1709902,IT,LT,NONME,CEMEN,0.01,6916.658,3,3,6916.658,0.0,0.0,0.0,0.0,691665.8
1644606,IT,BE,FOOD5,KERO1,0.03,6916.636,3,3,6916.636,0.0,0.0,0.0,0.0,230554.533333
1719170,IT,PL,PLAST,SECO9,0.01,6916.35,3,3,6916.35,0.0,0.0,0.0,0.0,691635.0
1814828,IT,WM,WOOD2,PUBLI,0.04,6915.977,3,3,6915.977,0.0,0.0,0.0,0.0,172899.425
1771387,IT,CH,FOOD5,MEAT4,0.03,6915.932,3,3,6915.932,0.0,0.0,0.0,0.0,230531.066667
1646591,IT,BE,MOTO1,NONF1,0.04,6915.926,3,3,6915.926,0.0,0.0,0.0,0.0,172898.15
1766706,IT,RU,FABRI,WASTE,0.03,6915.795,3,3,6915.795,0.0,0.0,0.0,0.0,230526.5
1809500,IT,WM,MEAT4,MEATC,0.04,6915.64,3,3,6915.64,0.0,0.0,0.0,0.0,172891.0
1754723,IT,KR,DAIRY,CROPS,0.03,6915.558,3,3,6915.558,0.0,0.0,0.0,0.0,230518.6
1684803,IT,HU,FORES,RETAI,0.06,6914.802,4,4,6911.802,0.0,3.0,0.0,0.0,115246.7
1688107,IT,HU,BUSIN,FORES,0.07,6914.684,3,3,6914.684,0.0,0.0,0.0,0.0,98781.2
1762597,IT,IN,AUXIL,RETA1,0.13,6914.48,3,3,6914.48,0.0,0.0,0.0,0.0,53188.307692
1642190,IT,AT,BRICK,BUSIN,0.01,6914.453,3,3,6914.453,0.0,0.0,0.0,0.0,691445.3
1776226,IT,TR,WOODW,SALEM,0.02,6914.201,3,3,6914.201,0.0,0.0,0.0,0.0,345710.05
1751130,IT,CN,RETA1,POSTT,0.07,6913.918,3,3,6913.918,0.0,0.0,0.0,0.0,98770.257143
1769123,IT,AU,CHEM1,URANI,0.01,6913.015,3,3,6913.015,0.0,0.0,0.0,0.0,691301.5
1679224,IT,GR,MOTOR,BUSIN,0.01,6912.757,3,3,6912.757,0.0,0.0,0.0,0.0,691275.7
1789578,IT,WA,BIODI,FURNI,0.01,6912.709,3,3,6912.709,0.0,0.0,0.0,0.0,691270.9
1665851,IT,ES,PRINT,TRANS,0.07,6912.607,3,3,6912.607,0.0,0.0,0.0,0.0,98751.528571
1769272,IT,AU,RUBBE,ALUM1,0.02,6912.416,3,3,6912.416,0.0,0.0,0.0,0.0,345620.8
1716464,IT,NL,OFFIC,GASDI,0.02,6912.284,3,3,6912.284,0.0,0.0,0.0,0.0,345614.2
1750007,IT,CN,NONME,MOTOR,0.01,6912.256,3,3,6912.256,0.0,0.0,0.0,0.0,691225.6
1806787,IT,WF,RETA1,MEATP,0.07,6911.889,3,3,6911.889,0.0,0.0,0.0,0.0,98741.271429
1806956,IT,WF,LANDT,COPPE,0.04,6911.821,3,3,6911.821,0.0,0.0,0.0,0.0,172795.525
1718499,IT,PL,TEXTI,ELEC2,0.04,6911.78,3,3,6911.78,0.0,0.0,0.0,0.0,172794.5
1780777,IT,TW,RENTI,TRANS,0.04,6911.756,3,3,6911.756,0.0,0.0,0.0,0.0,172793.9
1771415,IT,CH,FOOD5,SALEM,0.03,6911.614,3,3,6911.614,0.0,0.0,0.0,0.0,230387.133333
1751656,IT,CN,FINAN,BUSIN,0.09,6911.604,3,3,6911.604,0.0,0.0,0.0,0.0,76795.6
1727695,IT,RO,COMPU,BEVER,0.08,6911.425,3,3,6911.425,0.0,0.0,0.0,0.0,86392.8125
1787859,IT,WA,FOOD5,LANDT,0.03,6911.242,3,3,6911.242,0.0,0.0,0.0,0.0,230374.733333
1798045,IT,WL,WOOD2,PUBLI,0.04,6910.964,3,3,6910.964,0.0,0.0,0.0,0.0,172774.1
1725498,IT,RO,WEARI,MEMBE,0.05,6910.89,3,3,6910.89,0.0,0.0,0.0,0.0,138217.8
1643743,IT,AT,SUPPO,TRAN2,0.05,6910.328,3,3,6910.328,0.0,0.0,0.0,0.0,138206.56
1792577,IT,WA,COMPU,MEATC,0.08,6909.932,3,3,6909.932,0.0,0.0,0.0,0.0,86374.15
1780766,IT,TW,RENTI,NONME,0.04,6909.929,3,3,6909.929,0.0,0.0,0.0,0.0,172748.225
1784980,IT,ID,INSUR,SUPPO,0.14,6909.851,3,3,6909.851,0.0,0.0,0.0,0.0,49356.078571
1784989,IT,ID,INSUR,BUSIN,0.14,6909.851,3,3,6909.851,0.0,0.0,0.0,0.0,49356.078571
1686779,IT,HU,FABRI,STONE,0.03,6909.726,3,3,6909.726,0.0,0.0,0.0,0.0,230324.2
1715718,IT,NL,PLAST,CEMEN,0.01,6909.318,3,3,6909.318,0.0,0.0,0.0,0.0,690931.8
1660551,IT,DE,INSUR,RECRE,0.14,6909.282,3,3,6909.282,0.0,0.0,0.0,0.0,49352.014286
1793780,IT,WL,TOBAC,MOTOR,0.03,6909.194,3,3,6909.194,0.0,0.0,0.0,0.0,230306.466667
1726629,IT,RO,MOTO1,ELEC1,0.04,6909.086,3,3,6909.086,0.0,0.0,0.0,0.0,172727.15
1781600,IT,NO,WEARI,DISTR,0.05,6909.041,3,3,6909.041,0.0,0.0,0.0,0.0,138180.82
1787228,IT,WA,VEGET,MEAT1,0.02,6908.456,3,3,6908.456,0.0,0.0,0.0,0.0,345422.8
1678914,IT,GR,TEXTI,PLAST,0.04,6907.68,3,3,6907.68,0.0,0.0,0.0,0.0,172692.0
1669557,IT,ES,REALE,MOTO1,0.29,6907.668,3,3,6907.668,0.0,0.0,0.0,0.0,23819.544828
1662240,IT,DK,GLASS,RENTI,0.02,6907.391,3,3,6907.391,0.0,0.0,0.0,0.0,345369.55
1772480,IT,CH,BIODI,RETA1,0.01,6906.873,3,3,6906.873,0.0,0.0,0.0,0.0,690687.3
1753700,IT,CA,TRANS,CROPS,0.04,6906.723,3,3,6906.723,0.0,0.0,0.0,0.0,172668.075
1787471,IT,WA,STONE,BUSIN,0.02,6906.494,3,3,6906.494,0.0,0.0,0.0,0.0,345324.7
1687395,IT,HU,HOTEL,ELEC3,0.05,6906.462,3,3,6906.462,0.0,0.0,0.0,0.0,138129.24
1809086,IT,WM,CROPS,SANDC,0.05,6906.403,3,3,6906.403,0.0,0.0,0.0,0.0,138128.06
1681495,IT,GR,BUSIN,PLANT,0.07,6906.281,3,3,6906.281,0.0,0.0,0.0,0.0,98661.157143
1794710,IT,WL,NAPHT,LANDT,0.01,6905.606,3,3,6905.606,0.0,0.0,0.0,0.0,690560.6
1797901,IT,WL,WASTE,SALEM,0.02,6905.426,3,3,6905.426,0.0,0.0,0.0,0.0,345271.3
1808513,IT,WF,PAPE4,PADDY,0.05,6905.168,3,3,6905.168,0.0,0.0,0.0,0.0,138103.36
1676184,IT,FR,CONST,FOUND,0.04,6904.712,3,3,6904.712,0.0,0.0,0.0,0.0,172617.8
1741310,IT,US,PAPER,ELEC1,0.03,6904.51,3,3,6904.51,0.0,0.0,0.0,0.0,230150.333333
1753663,IT,CA,MOTO1,COPPE,0.04,6904.244,3,3,6904.244,0.0,0.0,0.0,0.0,172606.1
1657786,IT,DE,NONME,KEROS,0.01,6903.775,3,3,6903.775,0.0,0.0,0.0,0.0,690377.5
1744898,IT,US,BUSIN,NAPHT,0.07,6903.768,3,3,6903.768,0.0,0.0,0.0,0.0,98625.257143
1810538,IT,WM,PAPER,ALUM1,0.03,6903.679,3,3,6903.679,0.0,0.0,0.0,0.0,230122.633333
1726891,IT,RO,RETA1,AIRTR,0.07,6903.627,3,3,6903.627,0.0,0.0,0.0,0.0,98623.242857
1727165,IT,RO,LANDT,OILHA,0.04,6903.31,3,3,6903.31,0.0,0.0,0.0,0.0,172582.75
1678335,IT,FR,WASTE,WOOD1,0.02,6902.893,3,3,6902.893,0.0,0.0,0.0,0.0,345144.65
1728188,IT,SE,PROCE,RENTI,0.05,6902.253,3,3,6902.253,0.0,0.0,0.0,0.0,138045.06
1656297,IT,DE,LEATH,NONME,0.05,6901.838,3,3,6901.838,0.0,0.0,0.0,0.0,138036.76
1760247,IT,BR,WOOD2,GLASS,0.04,6901.452,3,3,6901.452,0.0,0.0,0.0,0.0,172536.3
1810592,IT,WM,PRINT,MOTOR,0.07,6901.22,3,3,6901.22,0.0,0.0,0.0,0.0,98588.857143
1730720,IT,SE,COMPU,EDUCA,0.08,6901.212,3,3,6901.212,0.0,0.0,0.0,0.0,86265.15
1794708,IT,WL,NAPHT,HOTEL,0.01,6901.134,3,3,6901.134,0.0,0.0,0.0,0.0,690113.4
1744503,IT,US,REALE,WEARI,0.29,6901.08,3,3,6901.08,0.0,0.0,0.0,0.0,23796.827586
1784054,IT,ID,TEXTI,BUSIN,0.04,6901.033,3,3,6901.033,0.0,0.0,0.0,0.0,172525.825
1800886,IT,WE,PREC1,FISH5,0.01,6900.966,3,3,6900.966,0.0,0.0,0.0,0.0,690096.6
1796053,IT,WL,TRANS,ALUMI,0.04,6900.874,3,3,6900.874,0.0,0.0,0.0,0.0,172521.85
1798694,IT,WE,DAIRY,FOOD5,0.03,6900.508,3,3,6900.508,0.0,0.0,0.0,0.0,230016.933333
1732256,IT,SI,LIQUE,RADIO,0.01,6900.358,3,3,6900.358,0.0,0.0,0.0,0.0,690035.8
1668804,IT,ES,LANDT,FOOD3,0.04,6900.312,3,3,6900.312,0.0,0.0,0.0,0.0,172507.8
1791541,IT,WA,RETA1,GLASS,0.07,6900.238,3,3,6900.238,0.0,0.0,0.0,0.0,98574.828571
1801398,IT,WE,OFFIC,CHEM1,0.02,6899.901,3,3,6899.901,0.0,0.0,0.0,0.0,344995.05
1643450,IT,AT,LANDT,ELECT,0.04,6899.641,3,3,6899.641,0.0,0.0,0.0,0.0,172491.025
1782776,IT,NO,HOTEL,KERO1,0.05,6898.998,3,3,6898.998,0.0,0.0,0.0,0.0,137979.96
1680836,IT,GR,RAILW,RESEA,0.05,6898.538,3,3,6898.538,0.0,0.0,0.0,0.0,137970.76
1680189,IT,GR,MOTO1,FOOD4,0.04,6898.339,3,3,6898.339,0.0,0.0,0.0,0.0,172458.475
1653428,IT,CZ,NONME,BEVER,0.01,6898.159,3,3,6898.159,0.0,0.0,0.0,0.0,689815.9
1653168,IT,CZ,CHEM1,INSUR,0.01,6898.061,3,3,6898.061,0.0,0.0,0.0,0.0,689806.1
1721917,IT,PL,RENTI,SEACO,0.04,6898.009,3,3,6898.009,0.0,0.0,0.0,0.0,172450.225
1759685,IT,BR,RESEA,RECRE,0.04,6897.688,3,3,6897.688,0.0,0.0,0.0,0.0,172442.2
1800871,IT,WE,PREC1,CATTL,0.01,6897.635,3,3,6897.635,0.0,0.0,0.0,0.0,689763.5
1722383,IT,PT,CHEMI,CHEM1,0.02,6897.543,3,3,6897.543,0.0,0.0,0.0,0.0,344877.15
1733836,IT,SI,TRAN2,FABRI,0.01,6897.365,3,3,6897.365,0.0,0.0,0.0,0.0,689736.5
1782624,IT,NO,FURNI,EDUCA,0.02,6897.088,3,3,6897.088,0.0,0.0,0.0,0.0,344854.4
1779196,IT,TR,POSTT,FURNI,0.11,6897.064,3,3,6897.064,0.0,0.0,0.0,0.0,62700.581818
1673324,IT,FR,TEXTI,CEMEN,0.04,6896.966,3,3,6896.966,0.0,0.0,0.0,0.0,172424.15
1677225,IT,FR,POSTT,OILHA,0.11,6896.954,3,3,6896.954,0.0,0.0,0.0,0.0,62699.581818
1659333,IT,DE,RETAI,FOUND,0.05,6896.932,3,3,6896.932,0.0,0.0,0.0,0.0,137938.64
1802110,IT,WE,RETA1,RADIO,0.07,6896.845,3,3,6896.845,0.0,0.0,0.0,0.0,98526.357143
1762419,IT,IN,POSTT,COLLE,0.11,6896.179,3,3,6896.179,0.0,0.0,0.0,0.0,62692.536364
1766727,IT,RU,MACHI,MEATA,0.04,6895.396,3,3,6895.396,0.0,0.0,0.0,0.0,172384.9
1667426,IT,ES,COPP1,AIRTR,0.02,6895.276,3,3,6895.276,0.0,0.0,0.0,0.0,344763.8
1760672,IT,IN,PAPER,LEATH,0.03,6895.245,3,3,6895.245,0.0,0.0,0.0,0.0,229841.5
1790360,IT,WA,ALUM1,EDUCA,0.01,6895.21,3,3,6895.21,0.0,0.0,0.0,0.0,689521.0
1717926,IT,PL,FISHF,REALE,0.01,6895.18,3,3,6895.18,0.0,0.0,0.0,0.0,689518.0
1659931,IT,DE,TRAN2,BLAST,0.01,6894.723,3,3,6894.723,0.0,0.0,0.0,0.0,689472.3
1773373,IT,CH,MACHI,AUXIL,0.04,6894.705,3,3,6894.705,0.0,0.0,0.0,0.0,172367.625
1643222,IT,AT,HOTEL,BIODI,0.05,6894.701,3,3,6894.701,0.0,0.0,0.0,0.0,137894.02
1779865,IT,TR,PUBLI,CONST,0.11,6894.62,3,3,6894.62,0.0,0.0,0.0,0.0,62678.363636
1731894,IT,SI,PRINT,MEMBE,0.07,6894.605,3,3,6894.605,0.0,0.0,0.0,0.0,98494.357143
1653632,IT,CZ,ALUM1,KEROS,0.01,6894.288,3,3,6894.288,0.0,0.0,0.0,0.0,689428.8
1739976,IT,GB,AUXIL,POSTT,0.13,6894.181,3,3,6894.181,0.0,0.0,0.0,0.0,53032.161538
1667429,IT,ES,COPP1,FINAN,0.02,6894.152,3,3,6894.152,0.0,0.0,0.0,0.0,344707.6
1666896,IT,ES,GLASS,ELEC3,0.02,6894.141,3,3,6894.141,0.0,0.0,0.0,0.0,344707.05
1712540,IT,LV,FABRI,HEALT,0.03,6894.125,3,3,6894.125,0.0,0.0,0.0,0.0,229804.166667
1809645,IT,WM,DAIRY,COLLE,0.03,6894.113,3,3,6894.113,0.0,0.0,0.0,0.0,229803.766667
1671624,IT,FI,FURNI,WHOLE,0.02,6894.058,3,3,6894.058,0.0,0.0,0.0,0.0,344702.9
1810986,IT,WM,GASDI,BLAST,0.01,6893.961,3,3,6893.961,0.0,0.0,0.0,0.0,689396.1
1714041,IT,MT,HOTEL,RETAI,0.05,6893.681,3,3,6893.681,0.0,0.0,0.0,0.0,137873.62
1679258,IT,GR,GASDI,CHEM1,0.01,6893.332,3,3,6893.332,0.0,0.0,0.0,0.0,689333.2
1811800,IT,WM,ADDIT,INSUR,0.02,6893.198,3,3,6893.198,0.0,0.0,0.0,0.0,344659.9
1732669,IT,SI,CERAM,FISH5,0.01,6893.036,3,3,6893.036,0.0,0.0,0.0,0.0,689303.6
1675136,IT,FR,COPP1,NONME,0.02,6892.931,3,3,6892.931,0.0,0.0,0.0,0.0,344646.55
1772680,IT,CH,CERAM,WEARI,0.01,6892.42,3,3,6892.42,0.0,0.0,0.0,0.0,689242.0
1682993,IT,HR,CHEM1,FISH5,0.01,6892.34,3,3,6892.34,0.0,0.0,0.0,0.0,689234.0
1646844,IT,BE,RETAI,ALUM1,0.05,6891.487,3,3,6891.487,0.0,0.0,0.0,0.0,137829.74
1656128,IT,DE,FISH5,ADDIT,0.03,6891.441,4,4,6891.437,0.0,0.0,0.0,0.004,229714.7
1681116,IT,GR,SUPPO,RAILW,0.05,6891.369,3,3,6891.369,0.0,0.0,0.0,0.0,137827.38
1670511,IT,FI,BEVER,RAILW,0.03,6891.337,3,3,6891.337,0.0,0.0,0.0,0.0,229711.233333
1744565,IT,US,REALE,RENTI,0.29,6891.322,3,3,6891.322,0.0,0.0,0.0,0.0,23763.17931
1719904,IT,PL,PREC1,COALT,0.01,6891.112,3,3,6891.112,0.0,0.0,0.0,0.0,689111.2
1671874,IT,FI,HOTEL,FABRI,0.05,6890.823,3,3,6890.823,0.0,0.0,0.0,0.0,137816.46
1737407,IT,GB,TEXTI,LANDT,0.04,6890.334,3,3,6890.334,0.0,0.0,0.0,0.0,172258.35
1643417,IT,AT,LANDT,COALT,0.04,6890.129,3,3,6890.129,0.0,0.0,0.0,0.0,172253.225
1781741,IT,NO,PAPER,DISTR,0.03,6890.018,3,3,6890.018,0.0,0.0,0.0,0.0,229667.266667
1682910,IT,HR,NAPHT,ELEC2,0.01,6889.935,3,3,6889.935,0.0,0.0,0.0,0.0,688993.5
1766473,IT,RU,ALUM1,BITUM,0.01,6889.867,3,3,6889.867,0.0,0.0,0.0,0.0,688986.7
1795249,IT,WL,CERAM,PLAST,0.01,6889.732,3,3,6889.732,0.0,0.0,0.0,0.0,688973.2
1779460,IT,TR,RENTI,NATUR,0.04,6889.427,3,3,6889.427,0.0,0.0,0.0,0.0,172235.675
1667951,IT,ES,MOTO1,MEMBE,0.04,6889.322,3,3,6889.322,0.0,0.0,0.0,0.0,172233.05
1766689,IT,RU,FABRI,INSUR,0.03,6888.859,3,3,6888.859,0.0,0.0,0.0,0.0,229628.633333
1714590,IT,NL,SANDC,POULT,0.02,6888.769,4,4,6886.769,0.0,0.0,2.0,0.0,344438.45
1792660,IT,WA,RESEA,BASIC,0.04,6888.605,3,3,6888.605,0.0,0.0,0.0,0.0,172215.125
1765254,IT,RU,MEAT4,WHOLE,0.04,6888.601,3,3,6888.601,0.0,0.0,0.0,0.0,172215.025
1678567,IT,GR,CROPS,TEXTI,0.05,6888.587,3,3,6888.587,0.0,0.0,0.0,0.0,137771.74
1664172,IT,EE,RUBBE,93197,0.02,6888.506,3,3,6888.506,0.0,0.0,0.0,0.0,344425.3
1777287,IT,TR,RUBBE,FOOD3,0.02,6888.477,3,3,6888.477,0.0,0.0,0.0,0.0,344423.85
1678442,IT,FR,WOOD2,INTER,0.04,6887.802,3,3,6887.802,0.0,0.0,0.0,0.0,172195.05
1686306,IT,HU,NONME,PIGS9,0.01,6887.612,3,3,6887.612,0.0,0.0,0.0,0.0,688761.2
1783909,IT,ID,CROPS,CATTL,0.05,6887.336,3,3,6887.336,0.0,0.0,0.0,0.0,137746.72
1739028,IT,GB,SALEM,WASTE,0.06,6887.308,3,3,6887.308,0.0,0.0,0.0,0.0,114788.466667
1756014,IT,KR,COPP1,REALE,0.02,6887.04,3,3,6887.04,0.0,0.0,0.0,0.0,344352.0
1654643,IT,CZ,LANDT,COKEO,0.04,6887.007,3,3,6887.007,0.0,0.0,0.0,0.0,172175.175
1661722,IT,DK,WEARI,RECRE,0.05,6886.929,3,3,6886.929,0.0,0.0,0.0,0.0,137738.58
1734802,IT,SK,WOODW,INERT,0.02,6886.07,3,3,6886.07,0.0,0.0,0.0,0.0,344303.5
1656837,IT,DE,GASDI,FOODW,0.01,6885.903,3,3,6885.903,0.0,0.0,0.0,0.0,688590.3
1668249,IT,ES,WHOLE,OILSE,0.06,6885.771,3,3,6885.771,0.0,0.0,0.0,0.0,114762.85
1741745,IT,US,BITU1,HEAVY,0.01,6885.714,3,3,6885.714,0.0,0.0,0.0,0.0,688571.4
1783833,IT,NO,INERT,PAPE4,0.05,6885.676,3,3,6885.676,0.0,0.0,0.0,0.0,137713.52
1807447,IT,WF,AUXIL,HOTEL,0.13,6885.594,3,3,6885.594,0.0,0.0,0.0,0.0,52966.107692
1811025,IT,WM,HEAVY,OILSE,0.01,6885.281,3,3,6885.281,0.0,0.0,0.0,0.0,688528.1
1688442,IT,IE,TEXTI,TEXTI,0.04,6885.099,3,3,6885.099,0.0,0.0,0.0,0.0,172127.475
1650126,IT,BG,OFFIC,RENTI,0.02,6884.946,3,3,6884.946,0.0,0.0,0.0,0.0,344247.3
1759355,IT,BR,FINAN,BASIC,0.09,6884.867,3,3,6884.867,0.0,0.0,0.0,0.0,76498.522222
1672801,IT,FR,MEAT1,MEAT1,0.03,6884.845,3,3,6884.845,0.0,0.0,0.0,0.0,229494.833333
1685720,IT,HU,PARAF,FURNI,0.01,6884.695,3,3,6884.695,0.0,0.0,0.0,0.0,688469.5
1766629,IT,RU,FABRI,COKEO,0.03,6884.524,3,3,6884.524,0.0,0.0,0.0,0.0,229484.133333
1653871,IT,CZ,FABRI,BRICK,0.03,6884.231,3,3,6884.231,0.0,0.0,0.0,0.0,229474.366667
1814773,IT,WM,WASTE,CRUDE,0.02,6884.079,3,3,6884.079,0.0,0.0,0.0,0.0,344203.95
1716223,IT,NL,LEAD1,GLASS,0.01,6883.747,3,3,6883.747,0.0,0.0,0.0,0.0,688374.7
1802706,IT,WE,COMPU,AIRTR,0.08,6883.275,3,3,6883.275,0.0,0.0,0.0,0.0,86040.9375
1684030,IT,HR,HOTEL,MEAT1,0.05,6882.945,3,3,6882.945,0.0,0.0,0.0,0.0,137658.9
1664387,IT,EE,MACHI,MEATP,0.04,6882.869,3,3,6882.869,0.0,0.0,0.0,0.0,172071.725
1646895,IT,BE,WHOLE,REFI1,0.06,6882.778,3,3,6882.778,0.0,0.0,0.0,0.0,114712.966667
1799059,IT,WE,TEXTI,RAILW,0.04,6882.401,3,3,6882.401,0.0,0.0,0.0,0.0,172060.025
1710228,IT,LT,OFFIC,AIRTR,0.02,6882.356,3,3,6882.356,0.0,0.0,0.0,0.0,344117.8
1795484,IT,WL,ALUM1,RAWMI,0.01,6882.06,3,3,6882.06,0.0,0.0,0.0,0.0,688206.0
1686679,IT,HU,COPP1,CRUDE,0.02,6881.849,3,3,6881.849,0.0,0.0,0.0,0.0,344092.45
1672676,IT,FR,CRUDE,RECRE,0.01,6881.744,3,3,6881.744,0.0,0.0,0.0,0.0,688174.4
1763144,IT,MX,LEATH,DAIRY,0.05,6880.95,3,3,6880.95,0.0,0.0,0.0,0.0,137619.0
1792684,IT,WA,RESEA,INSUR,0.04,6880.916,3,3,6880.916,0.0,0.0,0.0,0.0,172022.9
1684837,IT,HU,CRUDE,LIGNI,0.01,6880.856,3,3,6880.856,0.0,0.0,0.0,0.0,688085.6
1733643,IT,SI,HOTEL,DISTR,0.05,6880.832,3,3,6880.832,0.0,0.0,0.0,0.0,137616.64
1689520,IT,IE,TRAN2,TRAN2,0.01,6880.623,3,3,6880.623,0.0,0.0,0.0,0.0,688062.3
1782547,IT,NO,OFFIC,93197,0.02,6880.083,3,3,6880.083,0.0,0.0,0.0,0.0,344004.15
1758573,IT,BR,MOTO1,FORES,0.04,6879.843,3,3,6879.843,0.0,0.0,0.0,0.0,171996.075
1770565,IT,AU,SUPPO,BUSIN,0.05,6879.725,3,3,6879.725,0.0,0.0,0.0,0.0,137594.5
1644348,IT,BE,CHEMI,MEAT1,0.02,6879.531,3,3,6879.531,0.0,0.0,0.0,0.0,343976.55
1714679,IT,NL,VEGE1,MEAT4,0.02,6879.502,3,3,6879.502,0.0,0.0,0.0,0.0,343975.1
1811114,IT,WM,NAPHT,CROPS,0.01,6879.447,3,3,6879.447,0.0,0.0,0.0,0.0,687944.7
1658688,IT,DE,OFFIC,NUCLE,0.02,6878.766,3,3,6878.766,0.0,0.0,0.0,0.0,343938.3
1712991,IT,MT,SANDC,CHEM1,0.02,6878.609,4,4,6876.609,0.0,0.0,2.0,0.0,343930.45
1641814,IT,AT,CHEM1,BLAST,0.01,6878.523,3,3,6878.523,0.0,0.0,0.0,0.0,687852.3
1784086,IT,ID,LEATH,MOTO1,0.05,6878.293,3,3,6878.293,0.0,0.0,0.0,0.0,137565.86
1786260,IT,ZA,FABRI,COPPE,0.03,6878.268,3,3,6878.268,0.0,0.0,0.0,0.0,229275.6
1669500,IT,ES,AUXIL,DISTR,0.13,6878.162,3,3,6878.162,0.0,0.0,0.0,0.0,52908.938462
1760723,IT,IN,PAPER,AIRTR,0.03,6878.112,3,3,6878.112,0.0,0.0,0.0,0.0,229270.4
1758774,IT,BR,RETA1,WOODW,0.07,6877.591,3,3,6877.591,0.0,0.0,0.0,0.0,98251.3
1718292,IT,PL,FOOD5,ALUM1,0.03,6877.407,3,3,6877.407,0.0,0.0,0.0,0.0,229246.9
1760682,IT,IN,PAPER,NAPHT,0.03,6877.392,3,3,6877.392,0.0,0.0,0.0,0.0,229246.4
1665201,IT,ES,FOOD5,KEROS,0.03,6877.218,3,3,6877.218,0.0,0.0,0.0,0.0,229240.6
1772818,IT,CH,NONME,MEMBE,0.01,6877.021,3,3,6877.021,0.0,0.0,0.0,0.0,687702.1
1759351,IT,BR,FINAN,PFERT,0.09,6876.944,3,3,6876.944,0.0,0.0,0.0,0.0,76410.488889
1713370,IT,MT,GASDI,93197,0.01,6876.558,3,3,6876.558,0.0,0.0,0.0,0.0,687655.8
1711265,IT,LU,MOTO1,REALE,0.04,6876.555,3,3,6876.555,0.0,0.0,0.0,0.0,171913.875
1738112,IT,GB,GLASS,PATEN,0.02,6876.347,3,3,6876.347,0.0,0.0,0.0,0.0,343817.35
1773598,IT,CH,TRANS,KEROS,0.04,6876.278,3,3,6876.278,0.0,0.0,0.0,0.0,171906.95
1806347,IT,WF,MOTO1,FISHF,0.04,6876.202,3,3,6876.202,0.0,0.0,0.0,0.0,171905.05
1648686,IT,BG,SUGA1,RENTI,0.02,6875.951,3,3,6875.951,0.0,0.0,0.0,0.0,343797.55
1765273,IT,RU,VEGE1,WEARI,0.02,6875.889,3,3,6875.889,0.0,0.0,0.0,0.0,343794.45
1753540,IT,CA,MACHI,KEROS,0.04,6875.395,3,3,6875.395,0.0,0.0,0.0,0.0,171884.875
1679728,IT,GR,NONME,RESEA,0.01,6875.389,3,3,6875.389,0.0,0.0,0.0,0.0,687538.9
1755206,IT,KR,WOODW,CERAM,0.02,6875.325,3,3,6875.325,0.0,0.0,0.0,0.0,343766.25
1714463,IT,NL,FORES,HOTEL,0.06,6875.322,4,4,6872.322,0.0,3.0,0.0,0.0,114588.7
1641914,IT,AT,BIODI,FINAN,0.01,6874.594,3,3,6874.594,0.0,0.0,0.0,0.0,687459.4
1663369,IT,DK,SUPPO,RECRE,0.05,6874.374,3,3,6874.374,0.0,0.0,0.0,0.0,137487.48
1687933,IT,HU,RENTI,POULT,0.04,6874.326,3,3,6874.326,0.0,0.0,0.0,0.0,171858.15
1736879,IT,SK,BUSIN,FURNI,0.07,6874.254,3,3,6874.254,0.0,0.0,0.0,0.0,98203.628571
1728055,IT,SE,MEATC,REALE,0.02,6873.738,3,3,6873.738,0.0,0.0,0.0,0.0,343686.9
1683963,IT,HR,WHOLE,PFERT,0.06,6873.702,3,3,6873.702,0.0,0.0,0.0,0.0,114561.7
1799115,IT,WE,WEARI,PROCE,0.05,6873.665,3,3,6873.665,0.0,0.0,0.0,0.0,137473.3
1718634,IT,PL,LEATH,POSTT,0.05,6873.497,3,3,6873.497,0.0,0.0,0.0,0.0,137469.94
1777184,IT,TR,RUBBE,SUGAR,0.02,6873.146,3,3,6873.146,0.0,0.0,0.0,0.0,343657.3
1654094,IT,CZ,OFFIC,FOUND,0.02,6873.054,3,3,6873.054,0.0,0.0,0.0,0.0,343652.7
1747327,IT,JP,RETA1,VEGET,0.07,6873.042,3,3,6873.042,0.0,0.0,0.0,0.0,98186.314286
1801892,IT,WE,CONST,ELEC3,0.04,6873.036,3,3,6873.036,0.0,0.0,0.0,0.0,171825.9
1791580,IT,WA,RETA1,INSUR,0.07,6872.667,3,3,6872.667,0.0,0.0,0.0,0.0,98180.957143
1641913,IT,AT,BIODI,POSTT,0.01,6872.331,3,3,6872.331,0.0,0.0,0.0,0.0,687233.1
1763260,IT,MX,PULP5,WOODW,0.02,6872.276,3,3,6872.276,0.0,0.0,0.0,0.0,343613.8
1762530,IT,IN,INSUR,ELEC5,0.14,6871.568,3,3,6871.568,0.0,0.0,0.0,0.0,49082.628571
1725062,IT,RO,CROPS,PIGS9,0.05,6871.45,3,3,6871.45,0.0,0.0,0.0,0.0,137429.0
1800473,IT,WE,RUBBE,IRONO,0.02,6871.211,3,3,6871.211,0.0,0.0,0.0,0.0,343560.55
1651441,IT,CY,GASDI,ALUM1,0.01,6870.759,3,3,6870.759,0.0,0.0,0.0,0.0,687075.9
1721170,IT,PL,RAILW,RENTI,0.05,6870.269,3,3,6870.269,0.0,0.0,0.0,0.0,137405.38
1783640,IT,NO,FOOD3,BUSIN,0.02,6869.793,3,3,6869.793,0.0,0.0,0.0,0.0,343489.65
1795026,IT,WL,ADDIT,TEXTI,0.02,6869.636,3,3,6869.636,0.0,0.0,0.0,0.0,343481.8
1731372,IT,SI,SUGA1,HOTEL,0.02,6869.133,3,3,6869.133,0.0,0.0,0.0,0.0,343456.65
1676724,IT,FR,RAILW,FOODW,0.05,6868.875,3,3,6868.875,0.0,0.0,0.0,0.0,137377.5
1719028,IT,PL,HEAVY,FOOD5,0.01,6868.872,3,3,6868.872,0.0,0.0,0.0,0.0,686887.2
1686200,IT,HU,GLASS,NONF1,0.02,6867.994,3,3,6867.994,0.0,0.0,0.0,0.0,343399.7
1758867,IT,BR,HOTEL,CERAM,0.05,6867.944,3,3,6867.944,0.0,0.0,0.0,0.0,137358.88
1688515,IT,IE,WOODW,RUBBE,0.02,6867.826,3,3,6867.826,0.0,0.0,0.0,0.0,343391.3
1760082,IT,BR,OILHA,RENTI,0.04,6867.226,3,3,6867.226,0.0,0.0,0.0,0.0,171680.65
1654861,IT,CZ,POSTT,ELEC3,0.11,6867.011,3,3,6867.011,0.0,0.0,0.0,0.0,62427.372727
1645246,IT,BE,COALT,MEDIC,0.01,6866.992,3,3,6866.992,0.0,0.0,0.0,0.0,686699.2
1812582,IT,WM,LEAD1,WOODW,0.01,6866.788,3,3,6866.788,0.0,0.0,0.0,0.0,686678.8
1784544,IT,ID,FABRI,HEALT,0.03,6866.733,3,3,6866.733,0.0,0.0,0.0,0.0,228891.1
1735778,IT,SK,MACHI,TOBAC,0.04,6866.731,3,3,6866.731,0.0,0.0,0.0,0.0,171668.275
1680754,IT,GR,RETA1,LANDT,0.07,6866.72,3,3,6866.72,0.0,0.0,0.0,0.0,98096.0
1755432,IT,KR,HEAVY,WHOLE,0.01,6866.277,3,3,6866.277,0.0,0.0,0.0,0.0,686627.7
1767801,IT,RU,INSUR,POSTT,0.14,6866.168,3,3,6866.168,0.0,0.0,0.0,0.0,49044.057143
1669737,IT,ES,BUSIN,CHEMI,0.07,6866.168,3,3,6866.168,0.0,0.0,0.0,0.0,98088.114286
1687985,IT,HU,RENTI,ELEC1,0.04,6866.136,3,3,6866.136,0.0,0.0,0.0,0.0,171653.4
1749815,IT,CN,RUBBE,PROCE,0.02,6866.097,3,3,6866.097,0.0,0.0,0.0,0.0,343304.85
1753693,IT,CA,MOTO1,RESEA,0.04,6865.928,3,3,6865.928,0.0,0.0,0.0,0.0,171648.2
1738121,IT,GB,GLASS,MEAT4,0.02,6865.928,3,3,6865.928,0.0,0.0,0.0,0.0,343296.4
1731969,IT,SI,MOTOR,WOOD2,0.01,6865.832,3,3,6865.832,0.0,0.0,0.0,0.0,686583.2
1786000,IT,ZA,GLASS,FOOD5,0.02,6865.473,3,3,6865.473,0.0,0.0,0.0,0.0,343273.65
1791497,IT,WA,RETA1,WHEAT,0.07,6865.464,3,3,6865.464,0.0,0.0,0.0,0.0,98078.057143
1663668,IT,DK,BUSIN,PLAS1,0.07,6865.427,3,3,6865.427,0.0,0.0,0.0,0.0,98077.528571
1645012,IT,BE,PULP5,CHEM1,0.02,6865.275,3,3,6865.275,0.0,0.0,0.0,0.0,343263.75
1650432,IT,BG,ELEC4,CONST,0.11,6865.236,3,3,6865.236,0.0,0.0,0.0,0.0,62411.236364
1661548,IT,DK,BEVER,MEAT4,0.03,6865.158,3,3,6865.158,0.0,0.0,0.0,0.0,228838.6
1677840,IT,FR,BUSIN,MEATA,0.07,6865.018,3,3,6865.018,0.0,0.0,0.0,0.0,98071.685714
1789704,IT,WA,RUBBE,FOODW,0.02,6864.707,3,3,6864.707,0.0,0.0,0.0,0.0,343235.35
1761813,IT,IN,OFFIC,MACHI,0.02,6864.567,3,3,6864.567,0.0,0.0,0.0,0.0,343228.35
1801957,IT,WE,SALEM,BUSIN,0.06,6863.5,3,3,6863.5,0.0,0.0,0.0,0.0,114391.666667
1770172,IT,AU,RETA1,RETA1,0.07,6863.202,3,3,6863.202,0.0,0.0,0.0,0.0,98045.742857
1762062,IT,IN,RETA1,PAPER,0.07,6862.77,3,3,6862.77,0.0,0.0,0.0,0.0,98039.571429
1745959,IT,JP,WOODW,RADIO,0.02,6862.646,3,3,6862.646,0.0,0.0,0.0,0.0,343132.3
1661409,IT,DK,VEGE1,OFFIC,0.02,6862.435,3,3,6862.435,0.0,0.0,0.0,0.0,343121.75
1711387,IT,LU,RETA1,WHOLE,0.07,6861.94,3,3,6861.94,0.0,0.0,0.0,0.0,98027.714286
1690504,IT,IE,INERT,LIQUE,0.05,6861.699,3,3,6861.699,0.0,0.0,0.0,0.0,137233.98
1768005,IT,RU,BUSIN,VEGET,0.07,6861.422,3,3,6861.422,0.0,0.0,0.0,0.0,98020.314286
1791050,IT,WA,TRANS,STONE,0.04,6861.395,3,3,6861.395,0.0,0.0,0.0,0.0,171534.875
1787226,IT,WA,VEGET,MEATC,0.02,6861.204,3,3,6861.204,0.0,0.0,0.0,0.0,343060.2
1654811,IT,CZ,SUPPO,RETAI,0.05,6861.149,3,3,6861.149,0.0,0.0,0.0,0.0,137222.98
1774161,IT,CH,WHOLE,PAPE3,0.06,6860.933,3,3,6860.933,0.0,0.0,0.0,0.0,114348.883333
1645453,IT,BE,NAPHT,KEROS,0.01,6860.786,3,3,6860.786,0.0,0.0,0.0,0.0,686078.6
1670457,IT,FI,BEVER,CATTL,0.03,6860.74,3,3,6860.74,0.0,0.0,0.0,0.0,228691.333333
1783147,IT,NO,REALE,TRANS,0.29,6860.439,3,3,6860.439,0.0,0.0,0.0,0.0,23656.686207
1715621,IT,NL,NAPHT,FISH5,0.01,6860.035,3,3,6860.035,0.0,0.0,0.0,0.0,686003.5
1657339,IT,DE,BIOGA,MEMBE,0.01,6859.857,3,3,6859.857,0.0,0.0,0.0,0.0,685985.7
1653204,IT,CZ,RUBBE,ANIMA,0.02,6859.455,3,3,6859.455,0.0,0.0,0.0,0.0,342972.75
1798872,IT,WE,BEVER,TOBAC,0.03,6859.429,3,3,6859.429,0.0,0.0,0.0,0.0,228647.633333
1738457,IT,GB,LEAD1,MOTO1,0.01,6859.118,3,3,6859.118,0.0,0.0,0.0,0.0,685911.8
1806929,IT,WF,RAILW,HOTEL,0.05,6859.112,3,3,6859.112,0.0,0.0,0.0,0.0,137182.24
1766080,IT,RU,RUBBE,LIGNI,0.02,6858.459,3,3,6858.459,0.0,0.0,0.0,0.0,342922.95
1668743,IT,ES,LANDT,NONF1,0.04,6858.301,3,3,6858.301,0.0,0.0,0.0,0.0,171457.525
1684385,IT,HR,POSTT,CONST,0.11,6857.091,3,3,6857.091,0.0,0.0,0.0,0.0,62337.190909
1788498,IT,WA,PULP5,PAPE1,0.02,6856.91,3,3,6856.91,0.0,0.0,0.0,0.0,342845.5
1812093,IT,WM,CERAM,INLAN,0.01,6856.904,3,3,6856.904,0.0,0.0,0.0,0.0,685690.4
1738227,IT,GB,CEMEN,SANDC,0.01,6856.832,3,3,6856.832,0.0,0.0,0.0,0.0,685683.2
1784919,IT,ID,POSTT,FINAN,0.11,6856.787,3,3,6856.787,0.0,0.0,0.0,0.0,62334.427273
1735520,IT,SK,PREC1,COMPU,0.01,6856.737,3,3,6856.737,0.0,0.0,0.0,0.0,685673.7
1660011,IT,DE,INLAN,SECO9,0.01,6856.735,3,3,6856.735,0.0,0.0,0.0,0.0,685673.5
1746385,IT,JP,RUBBE,NONF1,0.02,6856.731,3,3,6856.731,0.0,0.0,0.0,0.0,342836.55
1718403,IT,PL,BEVER,SEACO,0.03,6856.689,3,3,6856.689,0.0,0.0,0.0,0.0,228556.3
1778823,IT,TR,LANDT,RETA1,0.04,6856.481,3,3,6856.481,0.0,0.0,0.0,0.0,171412.025
1768142,IT,RU,PUBLI,WOODW,0.11,6856.341,3,3,6856.341,0.0,0.0,0.0,0.0,62330.372727
1751910,IT,CN,COMPU,ALUM1,0.08,6856.106,3,3,6856.106,0.0,0.0,0.0,0.0,85701.325
1795009,IT,WL,ADDIT,WHEAT,0.02,6856.073,3,3,6856.073,0.0,0.0,0.0,0.0,342803.65
1744425,IT,US,AUXIL,PULP5,0.13,6855.939,3,3,6855.939,0.0,0.0,0.0,0.0,52737.992308
1730608,IT,SE,RENTI,COPPE,0.04,6855.883,3,3,6855.883,0.0,0.0,0.0,0.0,171397.075
1654214,IT,CZ,MOTO1,FOOD2,0.04,6855.87,3,3,6855.87,0.0,0.0,0.0,0.0,171396.75
1811040,IT,WM,HEAVY,SUGA1,0.01,6855.448,3,3,6855.448,0.0,0.0,0.0,0.0,685544.8
1725137,IT,RO,MEATC,BUSIN,0.02,6855.356,3,3,6855.356,0.0,0.0,0.0,0.0,342767.8
1659060,IT,DE,ELEC4,BASIC,0.11,6855.106,3,3,6855.106,0.0,0.0,0.0,0.0,62319.145455
1753068,IT,CA,RUBBE,CROPS,0.02,6854.311,3,3,6854.311,0.0,0.0,0.0,0.0,342715.55
1712278,IT,LV,CHEM1,OILSE,0.01,6854.233,3,3,6854.233,0.0,0.0,0.0,0.0,685423.3
1774763,IT,CH,SUPPO,93197,0.05,6853.921,3,3,6853.921,0.0,0.0,0.0,0.0,137078.42
1787944,IT,WA,FISH5,NONF1,0.03,6853.807,4,4,6853.803,0.0,0.0,0.0,0.004,228460.233333
1752175,IT,CN,PUBLI,WOODW,0.11,6853.783,3,3,6853.783,0.0,0.0,0.0,0.0,62307.118182
1657360,IT,DE,BIODI,LANDT,0.01,6853.758,3,3,6853.758,0.0,0.0,0.0,0.0,685375.8
1640821,IT,AT,WEARI,LANDT,0.05,6853.491,3,3,6853.491,0.0,0.0,0.0,0.0,137069.82
1665548,IT,ES,LEATH,FISH5,0.05,6853.388,3,3,6853.388,0.0,0.0,0.0,0.0,137067.76
1646461,IT,BE,MACHI,WHITE,0.04,6853.366,3,3,6853.366,0.0,0.0,0.0,0.0,171334.15
1671205,IT,FI,NONME,COPP1,0.01,6853.22,3,3,6853.22,0.0,0.0,0.0,0.0,685322.0
1678470,IT,FR,RECRE,ELEC3,0.09,6852.128,3,3,6852.128,0.0,0.0,0.0,0.0,76134.755556
1653628,IT,CZ,ALUM1,PULP5,0.01,6851.959,3,3,6851.959,0.0,0.0,0.0,0.0,685195.9
1724662,IT,PT,INSUR,MOTOR,0.14,6851.658,3,3,6851.658,0.0,0.0,0.0,0.0,48940.414286
1740650,IT,US,CRUDE,RAILW,0.01,6851.333,3,3,6851.333,0.0,0.0,0.0,0.0,685133.3
1750161,IT,CN,ALUM1,FISH5,0.01,6850.814,3,3,6850.814,0.0,0.0,0.0,0.0,685081.4
1725203,IT,RO,DAIRY,PUBLI,0.03,6850.684,3,3,6850.684,0.0,0.0,0.0,0.0,228356.133333
1724386,IT,PT,INLAN,FISH5,0.01,6850.344,3,3,6850.344,0.0,0.0,0.0,0.0,685034.4
1739416,IT,GB,LANDT,CROPS,0.04,6850.005,3,3,6850.005,0.0,0.0,0.0,0.0,171250.125
1652691,IT,CZ,PAPER,MEATC,0.03,6849.728,3,3,6849.728,0.0,0.0,0.0,0.0,228324.266667
1787202,IT,WA,CEREA,CEREA,0.01,6849.656,3,3,6849.656,0.0,0.0,0.0,0.0,684965.6
1711801,IT,LU,PUBLI,FINAN,0.11,6849.126,3,3,6849.126,0.0,0.0,0.0,0.0,62264.781818
1712205,IT,LV,PAPER,MEATP,0.03,6849.033,3,3,6849.033,0.0,0.0,0.0,0.0,228301.1
1659681,IT,DE,RAILW,BEVER,0.05,6848.989,3,3,6848.989,0.0,0.0,0.0,0.0,136979.78
1754225,IT,CA,POSTT,MOTOR,0.11,6848.963,3,3,6848.963,0.0,0.0,0.0,0.0,62263.3
1785370,IT,ZA,WOODW,AIRTR,0.02,6848.881,3,3,6848.881,0.0,0.0,0.0,0.0,342444.05
1749425,IT,CN,KEROS,RESEA,0.01,6848.164,3,3,6848.164,0.0,0.0,0.0,0.0,684816.4
1806415,IT,WF,MOTO1,MEMBE,0.04,6847.993,3,3,6847.993,0.0,0.0,0.0,0.0,171199.825
1686211,IT,HU,GLASS,DIST1,0.02,6847.6,3,3,6847.6,0.0,0.0,0.0,0.0,342380.0
1684845,IT,HU,CRUDE,LIQUE,0.01,6847.456,3,3,6847.456,0.0,0.0,0.0,0.0,684745.6
1808047,IT,WF,INTER,RESEA,0.04,6847.343,3,3,6847.343,0.0,0.0,0.0,0.0,171183.575
1668645,IT,ES,RAILW,SALEM,0.05,6847.189,3,3,6847.189,0.0,0.0,0.0,0.0,136943.78
1681733,IT,HR,CRUDE,OFFIC,0.01,6847.059,3,3,6847.059,0.0,0.0,0.0,0.0,684705.9
1764918,IT,MX,SUPPO,WEARI,0.05,6846.407,3,3,6846.407,0.0,0.0,0.0,0.0,136928.14
1778854,IT,TR,TRAN2,BITUM,0.01,6846.238,3,3,6846.238,0.0,0.0,0.0,0.0,684623.8
1734828,IT,SK,PAPER,PIGS9,0.03,6846.087,3,3,6846.087,0.0,0.0,0.0,0.0,228202.9
1746752,IT,JP,MACHI,CEREA,0.04,6845.649,3,3,6845.649,0.0,0.0,0.0,0.0,171141.225
1782307,IT,NO,COPP1,HEALT,0.02,6845.477,3,3,6845.477,0.0,0.0,0.0,0.0,342273.85
1740836,IT,US,VEGE1,RADIO,0.02,6845.305,3,3,6845.305,0.0,0.0,0.0,0.0,342265.25
1796167,IT,WL,FURNI,DAIRY,0.02,6844.678,3,3,6844.678,0.0,0.0,0.0,0.0,342233.9
1779500,IT,TR,RENTI,FURNI,0.04,6844.617,3,3,6844.617,0.0,0.0,0.0,0.0,171115.425
1803200,IT,WF,CROPS,CHEM1,0.05,6844.395,3,3,6844.395,0.0,0.0,0.0,0.0,136887.9
1667760,IT,ES,OFFIC,DAIRY,0.02,6844.192,3,3,6844.192,0.0,0.0,0.0,0.0,342209.6
1809191,IT,WM,MEATA,HOTEL,0.04,6843.967,3,3,6843.967,0.0,0.0,0.0,0.0,171099.175
1786307,IT,ZA,FABRI,RAILW,0.03,6843.91,3,3,6843.91,0.0,0.0,0.0,0.0,228130.333333
1674836,IT,FR,NONME,SUGA1,0.01,6843.587,3,3,6843.587,0.0,0.0,0.0,0.0,684358.7
1809104,IT,WM,CROPS,KERO1,0.05,6843.351,3,3,6843.351,0.0,0.0,0.0,0.0,136867.02
1672340,IT,FI,BUSIN,MEATA,0.07,6843.244,3,3,6843.244,0.0,0.0,0.0,0.0,97760.628571
1678585,IT,GR,MEATA,HOTEL,0.04,6842.931,3,3,6842.931,0.0,0.0,0.0,0.0,171073.275
1651398,IT,CY,MOTOR,BUSIN,0.01,6842.882,3,3,6842.882,0.0,0.0,0.0,0.0,684288.2
1790353,IT,WA,ALUM1,SUPPO,0.01,6842.846,3,3,6842.846,0.0,0.0,0.0,0.0,684284.6
1709974,IT,LT,PREC1,CROPS,0.01,6842.772,3,3,6842.772,0.0,0.0,0.0,0.0,684277.2
1658748,IT,DE,OFFIC,FOODW,0.02,6842.574,3,3,6842.574,0.0,0.0,0.0,0.0,342128.7
1678607,IT,GR,FISHF,MACHI,0.01,6842.275,3,3,6842.275,0.0,0.0,0.0,0.0,684227.5
1752309,IT,CA,CHEMI,CERAM,0.02,6842.14,3,3,6842.14,0.0,0.0,0.0,0.0,342107.0
1655672,IT,DE,CHEMI,LIQUI,0.02,6841.621,3,3,6841.621,0.0,0.0,0.0,0.0,342081.05
1642693,IT,AT,MACHI,OILSE,0.04,6841.607,3,3,6841.607,0.0,0.0,0.0,0.0,171040.175
1671687,IT,FI,SALEM,VEGET,0.06,6841.509,3,3,6841.509,0.0,0.0,0.0,0.0,114025.15
1783354,IT,NO,PLAS1,NATUR,0.02,6841.483,3,3,6841.483,0.0,0.0,0.0,0.0,342074.15
1748531,IT,CN,CHEMI,DISTR,0.02,6841.469,3,3,6841.469,0.0,0.0,0.0,0.0,342073.45
1797527,IT,WL,BUSIN,FURNI,0.07,6841.451,3,3,6841.451,0.0,0.0,0.0,0.0,97735.014286
1734995,IT,SK,PLAST,OILSE,0.01,6840.726,3,3,6840.726,0.0,0.0,0.0,0.0,684072.6
1793366,IT,WL,VEGET,MOTOR,0.02,6840.712,3,3,6840.712,0.0,0.0,0.0,0.0,342035.6
1722297,IT,PT,CEREA,PIGS9,0.01,6840.459,3,3,6840.459,0.0,0.0,0.0,0.0,684045.9
1685073,IT,HU,SUGA1,RUBBE,0.02,6840.389,3,3,6840.389,0.0,0.0,0.0,0.0,342019.45
1650999,IT,BG,SUPPO,WHOLE,0.05,6840.211,3,3,6840.211,0.0,0.0,0.0,0.0,136804.22
1657773,IT,DE,NONME,MEAT4,0.01,6839.941,3,3,6839.941,0.0,0.0,0.0,0.0,683994.1
1715580,IT,NL,HEAVY,COMPU,0.01,6839.901,3,3,6839.901,0.0,0.0,0.0,0.0,683990.1
1649460,IT,BG,CHEM1,INLAN,0.01,6838.347,3,3,6838.347,0.0,0.0,0.0,0.0,683834.7
1713419,IT,MT,NUCLE,MOTO1,0.01,6837.913,3,3,6837.913,0.0,0.0,0.0,0.0,683791.3
1793591,IT,WL,VEGE1,SUGA1,0.02,6837.696,3,3,6837.696,0.0,0.0,0.0,0.0,341884.8
1787806,IT,WA,PROCE,FOOD5,0.05,6837.656,3,3,6837.656,0.0,0.0,0.0,0.0,136753.12
1783007,IT,NO,POSTT,REALE,0.11,6837.382,3,3,6837.382,0.0,0.0,0.0,0.0,62158.018182
1740772,IT,US,MEAT4,RETA1,0.04,6837.185,3,3,6837.185,0.0,0.0,0.0,0.0,170929.625
1766358,IT,RU,NONME,INERT,0.01,6837.055,3,3,6837.055,0.0,0.0,0.0,0.0,683705.5
1722341,IT,PT,FORES,ELEC6,0.06,6836.905,4,4,6833.905,0.0,3.0,0.0,0.0,113948.416667
1710252,IT,LT,MOTO1,FOOD5,0.04,6836.737,3,3,6836.737,0.0,0.0,0.0,0.0,170918.425
1767054,IT,RU,FURNI,SUGA1,0.02,6836.606,3,3,6836.606,0.0,0.0,0.0,0.0,341830.3
1795616,IT,WL,FABRI,IRONO,0.03,6836.306,3,3,6836.306,0.0,0.0,0.0,0.0,227876.866667
1733027,IT,SI,COPP1,FORES,0.02,6836.251,3,3,6836.251,0.0,0.0,0.0,0.0,341812.55
1644122,IT,AT,HEALT,HEALT,0.04,6836.057,3,3,6836.057,0.0,0.0,0.0,0.0,170901.425
1768977,IT,AU,PAPER,COLLE,0.03,6835.98,3,3,6835.98,0.0,0.0,0.0,0.0,227866.0
1805423,IT,WF,GLASS,CATTL,0.02,6835.863,3,3,6835.863,0.0,0.0,0.0,0.0,341793.15
1737473,IT,GB,LEATH,RAILW,0.05,6835.656,3,3,6835.656,0.0,0.0,0.0,0.0,136713.12
1664149,IT,EE,RUBBE,STEAM,0.02,6835.223,3,3,6835.223,0.0,0.0,0.0,0.0,341761.15
1652129,IT,CZ,MEATP,RETA1,0.03,6835.085,3,3,6835.085,0.0,0.0,0.0,0.0,227836.166667
1768922,IT,AU,PULP5,WOODW,0.02,6835.07,3,3,6835.07,0.0,0.0,0.0,0.0,341753.5
1810220,IT,WM,LEATH,MEAT4,0.05,6834.988,3,3,6834.988,0.0,0.0,0.0,0.0,136699.76
1752683,IT,CA,WEARI,POSTT,0.05,6834.934,3,3,6834.934,0.0,0.0,0.0,0.0,136698.68
1655548,IT,DE,STONE,ELEC4,0.02,6834.885,3,3,6834.885,0.0,0.0,0.0,0.0,341744.25
1753543,IT,CA,MACHI,HEAVY,0.04,6834.335,3,3,6834.335,0.0,0.0,0.0,0.0,170858.375
1747296,IT,JP,WHOLE,MEDIC,0.06,6834.237,3,3,6834.237,0.0,0.0,0.0,0.0,113903.95
1645439,IT,BE,LIQUE,COMPU,0.01,6833.868,3,3,6833.868,0.0,0.0,0.0,0.0,683386.8
1681328,IT,GR,INSUR,ALUM1,0.14,6833.762,3,3,6833.762,0.0,0.0,0.0,0.0,48812.585714
1758996,IT,BR,LANDT,CEMEN,0.04,6833.665,3,3,6833.665,0.0,0.0,0.0,0.0,170841.625
1746449,IT,JP,GLASS,ALUM1,0.02,6833.037,3,3,6833.037,0.0,0.0,0.0,0.0,341651.85
1713422,IT,MT,PLAST,TEXTI,0.01,6832.982,3,3,6832.982,0.0,0.0,0.0,0.0,683298.2
1673830,IT,FR,PRINT,CEMEN,0.07,6832.969,3,3,6832.969,0.0,0.0,0.0,0.0,97613.842857
1655555,IT,DE,STONE,BLAST,0.02,6832.631,3,3,6832.631,0.0,0.0,0.0,0.0,341631.55
1730725,IT,SE,RESEA,OFFIC,0.04,6832.602,3,3,6832.602,0.0,0.0,0.0,0.0,170815.05
1800186,IT,WE,PLAST,WOOLS,0.01,6832.483,3,3,6832.483,0.0,0.0,0.0,0.0,683248.3
1689072,IT,IE,FURNI,NUCLE,0.02,6832.339,3,3,6832.339,0.0,0.0,0.0,0.0,341616.95
1768871,IT,AU,WOODW,MEATA,0.02,6832.307,3,3,6832.307,0.0,0.0,0.0,0.0,341615.35
1768294,IT,AU,FORES,WOODW,0.06,6832.147,4,4,6829.147,0.0,3.0,0.0,0.0,113869.116667
1651456,IT,CY,GASDI,POSTT,0.01,6832.133,3,3,6832.133,0.0,0.0,0.0,0.0,683213.3
1755205,IT,KR,WOODW,GLASS,0.02,6832.112,3,3,6832.112,0.0,0.0,0.0,0.0,341605.6
1760636,IT,IN,PULP5,NONME,0.02,6830.995,3,3,6830.995,0.0,0.0,0.0,0.0,341549.75
1781798,IT,NO,GASDI,CRUDE,0.01,6830.926,3,3,6830.926,0.0,0.0,0.0,0.0,683092.6
1647384,IT,BE,INLAN,GASDI,0.01,6830.892,3,3,6830.892,0.0,0.0,0.0,0.0,683089.2
1729203,IT,SE,CERAM,MOTOR,0.01,6830.792,3,3,6830.792,0.0,0.0,0.0,0.0,683079.2
1810793,IT,WM,KEROS,MEAT1,0.01,6830.785,3,3,6830.785,0.0,0.0,0.0,0.0,683078.5
1784912,IT,ID,POSTT,RETA1,0.11,6830.346,3,3,6830.346,0.0,0.0,0.0,0.0,62094.054545
1751772,IT,CN,AUXIL,CHEM1,0.12,6830.305,3,3,6830.305,0.0,0.0,0.0,0.0,56919.208333
1767143,IT,RU,CONST,BUSIN,0.04,6830.269,3,3,6830.269,0.0,0.0,0.0,0.0,170756.725
1751609,IT,CN,POSTT,SEACO,0.11,6830.243,3,3,6830.243,0.0,0.0,0.0,0.0,62093.118182
1811170,IT,WM,NAPHT,COPP1,0.01,6829.981,3,3,6829.981,0.0,0.0,0.0,0.0,682998.1
1640908,IT,AT,LEATH,TRAN2,0.05,6829.82,3,3,6829.82,0.0,0.0,0.0,0.0,136596.4
1718770,IT,PL,PAPER,CRUDE,0.03,6829.738,3,3,6829.738,0.0,0.0,0.0,0.0,227657.933333
1793698,IT,WL,FOOD5,PLAST,0.03,6829.735,3,3,6829.735,0.0,0.0,0.0,0.0,227657.833333
1809731,IT,WM,SUGA1,RESEA,0.02,6829.705,3,3,6829.705,0.0,0.0,0.0,0.0,341485.25
1814465,IT,WM,COMPU,AIRTR,0.08,6829.647,3,3,6829.647,0.0,0.0,0.0,0.0,85370.5875
1669582,IT,ES,REALE,RENTI,0.29,6829.639,3,3,6829.639,0.0,0.0,0.0,0.0,23550.47931
1737096,IT,GB,MEATC,FISH5,0.02,6829.617,3,3,6829.617,0.0,0.0,0.0,0.0,341480.85
1770006,IT,AU,FURNI,PREC1,0.02,6829.283,3,3,6829.283,0.0,0.0,0.0,0.0,341464.15
1668811,IT,ES,LANDT,WOOD2,0.04,6829.083,3,3,6829.083,0.0,0.0,0.0,0.0,170727.075
1737270,IT,GB,FOOD5,MACHI,0.03,6828.925,3,3,6828.925,0.0,0.0,0.0,0.0,227630.833333
1762379,IT,IN,POSTT,MOTOR,0.11,6828.799,3,3,6828.799,0.0,0.0,0.0,0.0,62079.990909
1778022,IT,TR,OFFIC,PRINT,0.02,6828.651,3,3,6828.651,0.0,0.0,0.0,0.0,341432.55
1796708,IT,WL,RAILW,FINAN,0.05,6828.567,3,3,6828.567,0.0,0.0,0.0,0.0,136571.34
1687615,IT,HU,TRAN2,BUSIN,0.01,6828.366,3,3,6828.366,0.0,0.0,0.0,0.0,682836.6
1710697,IT,LU,FOOD5,OILSE,0.03,6828.211,3,3,6828.211,0.0,0.0,0.0,0.0,227607.033333
1772330,IT,CH,PLAST,RADIO,0.01,6828.206,3,3,6828.206,0.0,0.0,0.0,0.0,682820.6
1761981,IT,IN,CONST,MACHI,0.04,6827.268,3,3,6827.268,0.0,0.0,0.0,0.0,170681.7
1764929,IT,MX,SUPPO,CONST,0.05,6827.186,3,3,6827.186,0.0,0.0,0.0,0.0,136543.72
1772949,IT,CH,PREC1,COPP1,0.01,6827.144,3,3,6827.144,0.0,0.0,0.0,0.0,682714.4
1685398,IT,HU,LEATH,RAILW,0.05,6827.036,3,3,6827.036,0.0,0.0,0.0,0.0,136540.72
1777664,IT,TR,LEAD1,ELEC2,0.01,6826.897,3,3,6826.897,0.0,0.0,0.0,0.0,682689.7
1777589,IT,TR,ALUM1,WEARI,0.01,6826.765,3,3,6826.765,0.0,0.0,0.0,0.0,682676.5
1771014,IT,CH,CATTL,PAPE1,0.01,6826.69,3,3,6826.69,0.0,0.0,0.0,0.0,682669.0
1770039,IT,AU,CONST,MOTO1,0.04,6826.57,3,3,6826.57,0.0,0.0,0.0,0.0,170664.25
1753487,IT,CA,FABRI,RENTI,0.03,6826.533,3,3,6826.533,0.0,0.0,0.0,0.0,227551.1
1651405,IT,CY,KEROS,CEREA,0.01,6826.521,3,3,6826.521,0.0,0.0,0.0,0.0,682652.1
1644328,IT,BE,STONE,WHOLE,0.02,6826.438,3,3,6826.438,0.0,0.0,0.0,0.0,341321.9
1644603,IT,BE,FOOD5,PRINT,0.03,6826.196,3,3,6826.196,0.0,0.0,0.0,0.0,227539.866667
1783070,IT,NO,INSUR,FABRI,0.14,6825.981,3,3,6825.981,0.0,0.0,0.0,0.0,48757.007143
1808162,IT,WF,OILHA,CHEMI,0.04,6825.557,3,3,6825.557,0.0,0.0,0.0,0.0,170638.925
1683553,IT,HR,LEAD1,RUBBE,0.01,6825.432,3,3,6825.432,0.0,0.0,0.0,0.0,682543.2
1807700,IT,WF,BUSIN,NONF1,0.07,6825.342,3,3,6825.342,0.0,0.0,0.0,0.0,97504.885714
1742321,IT,US,CEMEN,FINAN,0.01,6825.317,3,3,6825.317,0.0,0.0,0.0,0.0,682531.7
1666989,IT,ES,CEMEN,BEVER,0.01,6824.934,3,3,6824.934,0.0,0.0,0.0,0.0,682493.4
1779649,IT,TR,RESEA,KEROS,0.04,6823.806,3,3,6823.806,0.0,0.0,0.0,0.0,170595.15
1677294,IT,FR,FINAN,ELECT,0.09,6823.703,3,3,6823.703,0.0,0.0,0.0,0.0,75818.922222
1744546,IT,US,REALE,DISTR,0.29,6823.577,3,3,6823.577,0.0,0.0,0.0,0.0,23529.575862
1775939,IT,TR,FOOD5,ELECT,0.03,6823.032,3,3,6823.032,0.0,0.0,0.0,0.0,227434.4
1807710,IT,WF,BUSIN,RETAI,0.07,6822.902,3,3,6822.902,0.0,0.0,0.0,0.0,97470.028571
1667309,IT,ES,ALUM1,ELEC8,0.01,6822.775,3,3,6822.775,0.0,0.0,0.0,0.0,682277.5
1809719,IT,WM,SUGA1,MEAT4,0.02,6822.728,3,3,6822.728,0.0,0.0,0.0,0.0,341136.4
1769555,IT,AU,ALUM1,COLLE,0.01,6822.615,3,3,6822.615,0.0,0.0,0.0,0.0,682261.5
1683155,IT,HR,GLASS,SANDC,0.02,6822.528,3,3,6822.528,0.0,0.0,0.0,0.0,341126.4
1747895,IT,JP,COMPU,PLAST,0.08,6822.165,3,3,6822.165,0.0,0.0,0.0,0.0,85277.0625
1743227,IT,US,TRANS,SEACO,0.04,6821.956,3,3,6821.956,0.0,0.0,0.0,0.0,170548.9
1768518,IT,AU,FOOD5,RUBBE,0.03,6821.729,3,3,6821.729,0.0,0.0,0.0,0.0,227390.966667
1650587,IT,BG,ELEC8,CHEM1,0.09,6821.503,3,3,6821.503,0.0,0.0,0.0,0.0,75794.477778
1718380,IT,PL,BEVER,CEMEN,0.03,6821.157,3,3,6821.157,0.0,0.0,0.0,0.0,227371.9
1689406,IT,IE,HOTEL,NATUR,0.05,6821.009,3,3,6821.009,0.0,0.0,0.0,0.0,136420.18
1709487,IT,LT,WEARI,BITU1,0.05,6820.68,3,3,6820.68,0.0,0.0,0.0,0.0,136413.6
1791819,IT,WA,LANDT,HEAVY,0.04,6820.662,3,3,6820.662,0.0,0.0,0.0,0.0,170516.55
1646745,IT,BE,CONST,NONF1,0.04,6820.509,3,3,6820.509,0.0,0.0,0.0,0.0,170512.725
1768622,IT,AU,FISH5,FOOD5,0.03,6820.321,4,4,6820.317,0.0,0.0,0.0,0.004,227344.033333
1775593,IT,CH,RECRE,TRAN1,0.09,6819.873,3,3,6819.873,0.0,0.0,0.0,0.0,75776.366667
1788161,IT,WA,WEARI,MEDIC,0.05,6819.749,3,3,6819.749,0.0,0.0,0.0,0.0,136394.98
1642169,IT,AT,CERAM,HOTEL,0.01,6819.542,3,3,6819.542,0.0,0.0,0.0,0.0,681954.2
1812581,IT,WM,LEAD1,LEATH,0.01,6819.524,3,3,6819.524,0.0,0.0,0.0,0.0,681952.4
1644359,IT,BE,CHEMI,BRICK,0.02,6819.523,3,3,6819.523,0.0,0.0,0.0,0.0,340976.15
1774886,IT,CH,INSUR,RAWMI,0.14,6819.428,3,3,6819.428,0.0,0.0,0.0,0.0,48710.2
1785728,IT,ZA,PETRO,FURNI,0.01,6819.111,3,3,6819.111,0.0,0.0,0.0,0.0,681911.1
1800513,IT,WE,RUBBE,CHARC,0.02,6819.081,3,3,6819.081,0.0,0.0,0.0,0.0,340954.05
1716382,IT,NL,MACHI,NFERT,0.04,6819.078,3,3,6819.078,0.0,0.0,0.0,0.0,170476.95
1765985,IT,RU,CHEM1,KERO1,0.01,6818.862,3,3,6818.862,0.0,0.0,0.0,0.0,681886.2
1684963,IT,HU,MEAT4,BEVER,0.04,6818.788,3,3,6818.788,0.0,0.0,0.0,0.0,170469.7
1722918,IT,PT,KEROS,PUBLI,0.01,6818.605,3,3,6818.605,0.0,0.0,0.0,0.0,681860.5
1682545,IT,HR,MOTOR,CEMEN,0.01,6818.56,3,3,6818.56,0.0,0.0,0.0,0.0,681856.0
1811772,IT,WM,ADDIT,ELECT,0.02,6818.531,3,3,6818.531,0.0,0.0,0.0,0.0,340926.55
1688892,IT,IE,COPP1,STONE,0.02,6818.033,3,3,6818.033,0.0,0.0,0.0,0.0,340901.65
1766466,IT,RU,PREC1,STEAM,0.01,6817.573,3,3,6817.573,0.0,0.0,0.0,0.0,681757.3
1675722,IT,FR,FURNI,MEAT1,0.02,6817.475,3,3,6817.475,0.0,0.0,0.0,0.0,340873.75
1814634,IT,WM,FOODW,PUBLI,0.05,6817.3,3,3,6817.3,0.0,0.0,0.0,0.0,136346.0
1684661,IT,HR,INERT,HOTEL,0.05,6816.907,3,3,6816.907,0.0,0.0,0.0,0.0,136338.14
1767782,IT,RU,INSUR,TRANS,0.14,6816.838,3,3,6816.838,0.0,0.0,0.0,0.0,48691.7
1728380,IT,SE,TEXTI,RETAI,0.04,6816.665,3,3,6816.665,0.0,0.0,0.0,0.0,170416.625
1642844,IT,AT,OFFIC,93197,0.02,6816.43,3,3,6816.43,0.0,0.0,0.0,0.0,340821.5
1647787,IT,BE,AUXIL,WOODW,0.12,6816.074,3,3,6816.074,0.0,0.0,0.0,0.0,56800.616667
1779209,IT,TR,POSTT,COLLE,0.11,6816.02,3,3,6816.02,0.0,0.0,0.0,0.0,61963.818182
1688380,IT,IE,FOOD5,FISHF,0.03,6815.707,3,3,6815.707,0.0,0.0,0.0,0.0,227190.233333
1721175,IT,PL,RAILW,EDUCA,0.05,6815.445,3,3,6815.445,0.0,0.0,0.0,0.0,136308.9
1797237,IT,WL,FINAN,LANDT,0.09,6815.269,3,3,6815.269,0.0,0.0,0.0,0.0,75725.211111
1770253,IT,AU,HOTEL,NAPHT,0.05,6815.031,3,3,6815.031,0.0,0.0,0.0,0.0,136300.62
1749870,IT,CN,RUBBE,BIOG1,0.02,6814.953,3,3,6814.953,0.0,0.0,0.0,0.0,340747.65
1752427,IT,CA,VEGE1,RESEA,0.02,6814.522,3,3,6814.522,0.0,0.0,0.0,0.0,340726.1
1755812,IT,KR,CERAM,DIST1,0.01,6814.395,3,3,6814.395,0.0,0.0,0.0,0.0,681439.5
1778455,IT,TR,WHOLE,ELE11,0.06,6814.173,3,3,6814.173,0.0,0.0,0.0,0.0,113569.55
1769677,IT,AU,FABRI,POSTT,0.03,6814.063,3,3,6814.063,0.0,0.0,0.0,0.0,227135.433333
1793195,IT,WA,93197,INSUR,0.05,6813.781,3,3,6813.781,0.0,0.0,0.0,0.0,136275.62
1768464,IT,AU,DAIRY,MEMBE,0.03,6813.713,3,3,6813.713,0.0,0.0,0.0,0.0,227123.766667
1761020,IT,IN,PLAST,FISH5,0.01,6813.562,3,3,6813.562,0.0,0.0,0.0,0.0,681356.2
1776342,IT,TR,PAPER,RAILW,0.03,6813.539,3,3,6813.539,0.0,0.0,0.0,0.0,227117.966667
1665179,IT,ES,FOOD5,ANIMA,0.03,6813.087,3,3,6813.087,0.0,0.0,0.0,0.0,227102.9
1650184,IT,BG,MOTO1,REALE,0.04,6812.663,3,3,6812.663,0.0,0.0,0.0,0.0,170316.575
1809648,IT,WM,DAIRY,RETAI,0.03,6812.442,3,3,6812.442,0.0,0.0,0.0,0.0,227081.4
1798990,IT,WE,TEXTI,MEATA,0.04,6812.269,3,3,6812.269,0.0,0.0,0.0,0.0,170306.725
1670444,IT,FI,FOOD5,INSUR,0.03,6812.188,3,3,6812.188,0.0,0.0,0.0,0.0,227072.933333
1772108,IT,CH,MOTOR,FOOD5,0.01,6811.942,3,3,6811.942,0.0,0.0,0.0,0.0,681194.2
1770878,IT,AU,BUSIN,RETAI,0.07,6811.102,3,3,6811.102,0.0,0.0,0.0,0.0,97301.457143
1812597,IT,WM,LEAD1,FOUND,0.01,6811.003,3,3,6811.003,0.0,0.0,0.0,0.0,681100.3
1735638,IT,SK,COPP1,LANDT,0.02,6810.921,3,3,6810.921,0.0,0.0,0.0,0.0,340546.05
1802687,IT,WE,RENTI,EDUCA,0.04,6810.835,3,3,6810.835,0.0,0.0,0.0,0.0,170270.875
1742155,IT,US,GLASS,CHEMI,0.02,6810.802,3,3,6810.802,0.0,0.0,0.0,0.0,340540.1
1680862,IT,GR,LANDT,TEXTI,0.04,6810.73,3,3,6810.73,0.0,0.0,0.0,0.0,170268.25
1789960,IT,WA,NONME,SUGAR,0.01,6810.646,3,3,6810.646,0.0,0.0,0.0,0.0,681064.6
1748573,IT,CN,VEGE1,GLASS,0.02,6809.848,3,3,6809.848,0.0,0.0,0.0,0.0,340492.4
1642212,IT,AT,CEMEN,RAILW,0.01,6809.843,3,3,6809.843,0.0,0.0,0.0,0.0,680984.3
1661373,IT,DK,MEAT1,FOOD5,0.03,6809.709,3,3,6809.709,0.0,0.0,0.0,0.0,226990.3
1763296,IT,MX,PAPER,BRICK,0.03,6809.529,3,3,6809.529,0.0,0.0,0.0,0.0,226984.3
1675599,IT,FR,MOTO1,ELEC4,0.04,6809.042,3,3,6809.042,0.0,0.0,0.0,0.0,170226.05
1791686,IT,WA,HOTEL,TRAN2,0.05,6808.837,3,3,6808.837,0.0,0.0,0.0,0.0,136176.74
1684212,IT,HR,TRAN2,CONST,0.01,6808.622,3,3,6808.622,0.0,0.0,0.0,0.0,680862.2
1750990,IT,CN,WHOLE,CATTL,0.06,6808.493,3,3,6808.493,0.0,0.0,0.0,0.0,113474.883333
1765202,IT,MX,BUSIN,RENTI,0.07,6808.001,3,3,6808.001,0.0,0.0,0.0,0.0,97257.157143
1676119,IT,FR,ELEC8,LANDT,0.09,6807.819,3,3,6807.819,0.0,0.0,0.0,0.0,75642.433333
1732655,IT,SI,GLASS,PUBLI,0.02,6807.524,3,3,6807.524,0.0,0.0,0.0,0.0,340376.2
1712196,IT,LV,PAPER,VEGET,0.03,6807.128,3,3,6807.128,0.0,0.0,0.0,0.0,226904.266667
1740299,IT,GB,PUBLI,WOODW,0.11,6806.829,3,3,6806.829,0.0,0.0,0.0,0.0,61880.263636
1728006,IT,SE,SANDC,SECO9,0.02,6806.253,4,4,6805.253,0.0,0.0,1.0,0.0,340312.65
1664507,IT,EE,MOTO1,COMPU,0.04,6806.037,3,3,6806.037,0.0,0.0,0.0,0.0,170150.925
1781949,IT,NO,ADDIT,MOTOR,0.02,6805.973,3,3,6805.973,0.0,0.0,0.0,0.0,340298.65
1747394,IT,JP,RAILW,GASDI,0.05,6805.901,3,3,6805.901,0.0,0.0,0.0,0.0,136118.02
1734967,IT,SK,LIQUE,PLAST,0.01,6805.521,3,3,6805.521,0.0,0.0,0.0,0.0,680552.1
1717646,IT,NL,BUSIN,PAPER,0.07,6805.441,3,3,6805.441,0.0,0.0,0.0,0.0,97220.585714
1715346,IT,NL,PRINT,BEVER,0.07,6805.054,3,3,6805.054,0.0,0.0,0.0,0.0,97215.057143
1797418,IT,WL,COMPU,ELEC4,0.08,6805.039,3,3,6805.039,0.0,0.0,0.0,0.0,85062.9875
1727238,IT,RO,SUPPO,ALUM1,0.05,6805.026,3,3,6805.026,0.0,0.0,0.0,0.0,136100.52
1664222,IT,EE,BRICK,WHOLE,0.01,6804.637,3,3,6804.637,0.0,0.0,0.0,0.0,680463.7
1673239,IT,FR,FISH5,PAPER,0.03,6804.376,4,4,6804.373,0.0,0.0,0.0,0.003,226812.533333
1641189,IT,AT,PRINT,ELEC4,0.07,6804.354,3,3,6804.354,0.0,0.0,0.0,0.0,97205.057143
1756466,IT,KR,CONST,INLAN,0.04,6804.226,3,3,6804.226,0.0,0.0,0.0,0.0,170105.65
1772694,IT,CH,CERAM,SECO9,0.01,6804.188,3,3,6804.188,0.0,0.0,0.0,0.0,680418.8
1777601,IT,TR,ALUM1,BIODI,0.01,6803.481,3,3,6803.481,0.0,0.0,0.0,0.0,680348.1
1727284,IT,RO,POSTT,VEGET,0.11,6803.468,3,3,6803.468,0.0,0.0,0.0,0.0,61849.709091
1775729,IT,TR,CATTL,INERT,0.01,6803.442,3,3,6803.442,0.0,0.0,0.0,0.0,680344.2
1709660,IT,LT,HEAVY,RETA1,0.01,6803.421,3,3,6803.421,0.0,0.0,0.0,0.0,680342.1
1776533,IT,TR,KEROS,WHOLE,0.01,6803.334,3,3,6803.334,0.0,0.0,0.0,0.0,680333.4
1649598,IT,BG,GLASS,LEADZ,0.02,6803.332,3,3,6803.332,0.0,0.0,0.0,0.0,340166.6
1722565,IT,PT,FISH5,CROPS,0.03,6803.285,4,4,6803.282,0.0,0.0,0.0,0.003,226776.166667
1644160,IT,AT,RECRE,BEVER,0.09,6803.254,3,3,6803.254,0.0,0.0,0.0,0.0,75591.711111
1751074,IT,CN,RETA1,ANIMA,0.07,6803.198,3,3,6803.198,0.0,0.0,0.0,0.0,97188.542857
1804076,IT,WF,PULP5,MEAT4,0.02,6803.079,3,3,6803.079,0.0,0.0,0.0,0.0,340153.95
1729486,IT,SE,ALUM1,NONME,0.01,6802.95,3,3,6802.95,0.0,0.0,0.0,0.0,680295.0
1760957,IT,IN,HEAVY,COLLE,0.01,6802.884,3,3,6802.884,0.0,0.0,0.0,0.0,680288.4
1763249,IT,MX,WOODW,LANDT,0.02,6802.883,3,3,6802.883,0.0,0.0,0.0,0.0,340144.15
1775719,IT,TR,CATTL,SECO9,0.01,6802.338,3,3,6802.338,0.0,0.0,0.0,0.0,680233.8
1775725,IT,TR,CATTL,WASTE,0.01,6802.337,3,3,6802.337,0.0,0.0,0.0,0.0,680233.7
1775724,IT,TR,CATTL,FOOD3,0.01,6802.335,3,3,6802.335,0.0,0.0,0.0,0.0,680233.5
1775721,IT,TR,CATTL,INTER,0.01,6802.331,3,3,6802.331,0.0,0.0,0.0,0.0,680233.1
1775722,IT,TR,CATTL,OILHA,0.01,6802.33,3,3,6802.33,0.0,0.0,0.0,0.0,680233.0
1775723,IT,TR,CATTL,FOOD2,0.01,6802.33,3,3,6802.33,0.0,0.0,0.0,0.0,680233.0
1775727,IT,TR,CATTL,PAPE4,0.01,6802.33,3,3,6802.33,0.0,0.0,0.0,0.0,680233.0
1775728,IT,TR,CATTL,PLAS2,0.01,6802.33,3,3,6802.33,0.0,0.0,0.0,0.0,680233.0
1775726,IT,TR,CATTL,FOOD4,0.01,6802.33,3,3,6802.33,0.0,0.0,0.0,0.0,680233.0
1775731,IT,TR,CATTL,WOOD2,0.01,6802.33,3,3,6802.33,0.0,0.0,0.0,0.0,680233.0
1775730,IT,TR,CATTL,TEXT2,0.01,6802.292,3,3,6802.292,0.0,0.0,0.0,0.0,680229.2
1766250,IT,RU,CERAM,CEREA,0.01,6802.229,3,3,6802.229,0.0,0.0,0.0,0.0,680222.9
1648562,IT,BG,CRUDE,LANDT,0.01,6802.063,3,3,6802.063,0.0,0.0,0.0,0.0,680206.3
1717152,IT,NL,INLAN,COMPU,0.01,6801.769,3,3,6801.769,0.0,0.0,0.0,0.0,680176.9
1763632,IT,MX,RUBBE,PIGS9,0.02,6801.679,3,3,6801.679,0.0,0.0,0.0,0.0,340083.95
1795238,IT,WL,CERAM,MEATC,0.01,6801.456,3,3,6801.456,0.0,0.0,0.0,0.0,680145.6
1663153,IT,DK,LANDT,LEATH,0.04,6801.345,3,3,6801.345,0.0,0.0,0.0,0.0,170033.625
1682717,IT,HR,GASDI,COPP1,0.01,6800.816,3,3,6800.816,0.0,0.0,0.0,0.0,680081.6
1812608,IT,WM,LEAD1,RAILW,0.01,6800.678,3,3,6800.678,0.0,0.0,0.0,0.0,680067.8
1739761,IT,GB,POSTT,FOOD5,0.11,6800.597,3,3,6800.597,0.0,0.0,0.0,0.0,61823.609091
1805631,IT,WF,NONME,WEARI,0.01,6800.592,3,3,6800.592,0.0,0.0,0.0,0.0,680059.2
1783482,IT,NO,WOOD1,REALE,0.05,6800.116,3,3,6800.116,0.0,0.0,0.0,0.0,136002.32
1650123,IT,BG,OFFIC,FINAN,0.02,6800.108,3,3,6800.108,0.0,0.0,0.0,0.0,340005.4
1788703,IT,WA,MOTOR,TOBAC,0.01,6800.044,3,3,6800.044,0.0,0.0,0.0,0.0,680004.4
1809710,IT,WM,PROCE,BUSIN,0.05,6799.709,3,3,6799.709,0.0,0.0,0.0,0.0,135994.18
1680218,IT,GR,TRANS,PFERT,0.04,6799.319,3,3,6799.319,0.0,0.0,0.0,0.0,169982.975
1769806,IT,AU,MACHI,RETAI,0.04,6798.749,3,3,6798.749,0.0,0.0,0.0,0.0,169968.725
1767987,IT,RU,COMPU,AIRTR,0.08,6798.482,3,3,6798.482,0.0,0.0,0.0,0.0,84981.025
1650183,IT,BG,MOTO1,POSTT,0.04,6798.265,3,3,6798.265,0.0,0.0,0.0,0.0,169956.625
1785236,IT,ZA,TEXTI,PRINT,0.04,6797.843,3,3,6797.843,0.0,0.0,0.0,0.0,169946.075
1677703,IT,FR,RENTI,RADIO,0.04,6797.185,3,3,6797.185,0.0,0.0,0.0,0.0,169929.625
1802008,IT,WE,WHOLE,PAPER,0.06,6796.908,3,3,6796.908,0.0,0.0,0.0,0.0,113281.8
1649259,IT,BG,HEAVY,BIODI,0.01,6796.808,3,3,6796.808,0.0,0.0,0.0,0.0,679680.8
1725297,IT,RO,BEVER,PRINT,0.03,6795.748,3,3,6795.748,0.0,0.0,0.0,0.0,226524.933333
1812124,IT,WM,BRICK,OFFIC,0.01,6795.456,3,3,6795.456,0.0,0.0,0.0,0.0,679545.6
1771065,IT,CH,FISHF,MEMBE,0.01,6795.451,3,3,6795.451,0.0,0.0,0.0,0.0,679545.1
1648949,IT,BG,WEARI,RAILW,0.05,6795.087,3,3,6795.087,0.0,0.0,0.0,0.0,135901.74
1812599,IT,WM,LEAD1,MACHI,0.01,6795.028,3,3,6795.028,0.0,0.0,0.0,0.0,679502.8
1770081,IT,AU,WHOLE,BEVER,0.06,6794.718,3,3,6794.718,0.0,0.0,0.0,0.0,113245.3
1737034,IT,GB,STONE,LANDT,0.02,6793.889,3,3,6793.889,0.0,0.0,0.0,0.0,339694.45
1678677,IT,GR,VEGE1,ANIMA,0.02,6793.617,3,3,6793.617,0.0,0.0,0.0,0.0,339680.85
1716016,IT,NL,CEMEN,RENTI,0.01,6793.27,3,3,6793.27,0.0,0.0,0.0,0.0,679327.0
1747230,IT,JP,SALEM,TRANS,0.05,6793.198,3,3,6793.198,0.0,0.0,0.0,0.0,135863.96
1683586,IT,HR,COPP1,DIST1,0.02,6793.164,3,3,6793.164,0.0,0.0,0.0,0.0,339658.2
1686270,IT,HU,CERAM,RAILW,0.01,6793.104,3,3,6793.104,0.0,0.0,0.0,0.0,679310.4
1787915,IT,WA,BEVER,BIOG1,0.03,6792.979,3,3,6792.979,0.0,0.0,0.0,0.0,226432.633333
1737223,IT,GB,PROCE,CONST,0.05,6792.913,3,3,6792.913,0.0,0.0,0.0,0.0,135858.26
1715366,IT,NL,PRINT,FURNI,0.07,6792.638,3,3,6792.638,0.0,0.0,0.0,0.0,97037.685714
1785992,IT,ZA,RUBBE,FOOD3,0.02,6792.391,3,3,6792.391,0.0,0.0,0.0,0.0,339619.55
1690257,IT,IE,INTER,LIQUE,0.04,6792.102,3,3,6792.102,0.0,0.0,0.0,0.0,169802.55
1709892,IT,LT,CEMEN,ELECT,0.01,6791.895,3,3,6791.895,0.0,0.0,0.0,0.0,679189.5
1718360,IT,PL,BEVER,PULP5,0.03,6791.877,3,3,6791.877,0.0,0.0,0.0,0.0,226395.9
1644518,IT,BE,DAIRY,LANDT,0.03,6791.72,3,3,6791.72,0.0,0.0,0.0,0.0,226390.666667
1805302,IT,WF,ADDIT,POSTT,0.02,6791.671,3,3,6791.671,0.0,0.0,0.0,0.0,339583.55
1649623,IT,BG,GLASS,OFFIC,0.02,6791.629,3,3,6791.629,0.0,0.0,0.0,0.0,339581.45
1680671,IT,GR,WHOLE,COPP1,0.06,6791.615,3,3,6791.615,0.0,0.0,0.0,0.0,113193.583333
1747438,IT,JP,TRAN2,MOTOR,0.01,6791.578,3,3,6791.578,0.0,0.0,0.0,0.0,679157.8
1745936,IT,JP,WOODW,LEATH,0.02,6791.509,3,3,6791.509,0.0,0.0,0.0,0.0,339575.45
1807852,IT,WF,PAPE1,MEATC,0.05,6791.008,3,3,6791.008,0.0,0.0,0.0,0.0,135820.16
1786519,IT,ZA,TRANS,SUPPO,0.04,6790.299,3,3,6790.299,0.0,0.0,0.0,0.0,169757.475
1651601,IT,CY,GLASS,EDUCA,0.02,6790.213,3,3,6790.213,0.0,0.0,0.0,0.0,339510.65
1755796,IT,KR,CERAM,ALUM1,0.01,6790.025,3,3,6790.025,0.0,0.0,0.0,0.0,679002.5
1746955,IT,JP,MOTO1,DISTR,0.04,6789.751,3,3,6789.751,0.0,0.0,0.0,0.0,169743.775
1741625,IT,US,HEAVY,IRONO,0.01,6789.702,3,3,6789.702,0.0,0.0,0.0,0.0,678970.2
1686645,IT,HU,LEAD1,RETA1,0.01,6789.628,3,3,6789.628,0.0,0.0,0.0,0.0,678962.8
1764014,IT,MX,LEAD1,CONST,0.01,6789.49,3,3,6789.49,0.0,0.0,0.0,0.0,678949.0
1684782,IT,HU,PIGS9,MEATP,0.01,6788.914,3,3,6788.914,0.0,0.0,0.0,0.0,678891.4
1648341,IT,BE,HEALT,PLAST,0.04,6788.871,3,3,6788.871,0.0,0.0,0.0,0.0,169721.775
1669935,IT,ES,EDUCA,PLAST,0.17,6788.815,3,3,6788.815,0.0,0.0,0.0,0.0,39934.205882
1767197,IT,RU,RETA1,BASIC,0.07,6788.784,3,3,6788.784,0.0,0.0,0.0,0.0,96982.628571
1787836,IT,WA,FOOD5,MEATC,0.03,6788.64,3,3,6788.64,0.0,0.0,0.0,0.0,226288.0
1809538,IT,WM,VEGE1,PLANT,0.02,6787.757,3,3,6787.757,0.0,0.0,0.0,0.0,339387.85
1730474,IT,SE,POSTT,PAPE1,0.11,6787.256,3,3,6787.256,0.0,0.0,0.0,0.0,61702.327273
1791433,IT,WA,WHOLE,HEAVY,0.06,6786.913,3,3,6786.913,0.0,0.0,0.0,0.0,113115.216667
1795924,IT,WL,MOTO1,ANIMA,0.04,6786.649,3,3,6786.649,0.0,0.0,0.0,0.0,169666.225
1715750,IT,NL,BIODI,WHEAT,0.01,6786.604,3,3,6786.604,0.0,0.0,0.0,0.0,678660.4
1757328,IT,BR,TEXTI,POULT,0.04,6786.47,3,3,6786.47,0.0,0.0,0.0,0.0,169661.75
1652298,IT,CZ,BEVER,PLAST,0.03,6786.351,3,3,6786.351,0.0,0.0,0.0,0.0,226211.7
1726982,IT,RO,HOTEL,ELEC1,0.05,6786.187,3,3,6786.187,0.0,0.0,0.0,0.0,135723.74
1803047,IT,WF,CEREA,SUGA1,0.01,6786.138,3,3,6786.138,0.0,0.0,0.0,0.0,678613.8
1656141,IT,DE,FISH5,RENTI,0.03,6785.975,4,4,6785.972,0.0,0.0,0.0,0.003,226199.166667
1684595,IT,HR,PUBLI,MACHI,0.11,6785.914,3,3,6785.914,0.0,0.0,0.0,0.0,61690.127273
1776158,IT,TR,LEATH,COLLE,0.05,6785.827,3,3,6785.827,0.0,0.0,0.0,0.0,135716.54
1660719,IT,DE,RENTI,ELEC3,0.04,6785.733,3,3,6785.733,0.0,0.0,0.0,0.0,169643.325
1768918,IT,AU,WOODW,HEALT,0.02,6785.66,3,3,6785.66,0.0,0.0,0.0,0.0,339283.0
1662566,IT,DK,FABRI,NUCLE,0.03,6785.366,3,3,6785.366,0.0,0.0,0.0,0.0,226178.866667
1716708,IT,NL,WHOLE,REALE,0.06,6785.242,3,3,6785.242,0.0,0.0,0.0,0.0,113087.366667
1767264,IT,RU,HOTEL,NAPHT,0.05,6785.236,3,3,6785.236,0.0,0.0,0.0,0.0,135704.72
1722711,IT,PT,WOODW,PLAST,0.02,6785.146,3,3,6785.146,0.0,0.0,0.0,0.0,339257.3
1788223,IT,WA,LEATH,LIGNI,0.05,6785.023,3,3,6785.023,0.0,0.0,0.0,0.0,135700.46
1766937,IT,RU,MOTO1,SUGA1,0.04,6785.001,3,3,6785.001,0.0,0.0,0.0,0.0,169625.025
1751958,IT,CN,RESEA,SUGAR,0.04,6784.749,3,3,6784.749,0.0,0.0,0.0,0.0,169618.725
1668831,IT,ES,TRAN2,NONSP,0.01,6784.516,3,3,6784.516,0.0,0.0,0.0,0.0,678451.6
1796584,IT,WL,HOTEL,MEATC,0.05,6784.282,3,3,6784.282,0.0,0.0,0.0,0.0,135685.64
1724697,IT,PT,INSUR,AUXIL,0.14,6783.964,3,3,6783.964,0.0,0.0,0.0,0.0,48456.885714
1787310,IT,WA,CROPS,SANDC,0.05,6783.538,3,3,6783.538,0.0,0.0,0.0,0.0,135670.76
1797260,IT,WL,INSUR,PRECI,0.14,6783.52,3,3,6783.52,0.0,0.0,0.0,0.0,48453.714286
1733444,IT,SI,CONST,RETA1,0.04,6783.365,3,3,6783.365,0.0,0.0,0.0,0.0,169584.125
1754822,IT,KR,FOOD5,SUPPO,0.03,6783.282,3,3,6783.282,0.0,0.0,0.0,0.0,226109.4
1684188,IT,HR,LANDT,LANDT,0.04,6783.101,3,3,6783.101,0.0,0.0,0.0,0.0,169577.525
1711929,IT,LU,WASTE,FABRI,0.02,6783.069,3,3,6783.069,0.0,0.0,0.0,0.0,339153.45
1726145,IT,RO,RUBBE,WOOD2,0.02,6782.992,3,3,6782.992,0.0,0.0,0.0,0.0,339149.6
1661895,IT,DK,PRINT,FOOD5,0.07,6782.98,3,3,6782.98,0.0,0.0,0.0,0.0,96899.714286
1771141,IT,CH,MEATC,PUBLI,0.02,6782.934,3,3,6782.934,0.0,0.0,0.0,0.0,339146.7
1738537,IT,GB,FABRI,PIGS9,0.03,6782.556,3,3,6782.556,0.0,0.0,0.0,0.0,226085.2
1800267,IT,WE,PLAST,ELEC2,0.01,6782.273,3,3,6782.273,0.0,0.0,0.0,0.0,678227.3
1783851,IT,NO,TEXT2,WHOLE,0.05,6782.194,3,3,6782.194,0.0,0.0,0.0,0.0,135643.88
1766928,IT,RU,MOTO1,ANTHR,0.04,6782.076,3,3,6782.076,0.0,0.0,0.0,0.0,169551.9
1722378,IT,PT,CHEMI,BEVER,0.02,6781.64,3,3,6781.64,0.0,0.0,0.0,0.0,339082.0
1768543,IT,AU,FOOD5,AIRTR,0.03,6781.292,3,3,6781.292,0.0,0.0,0.0,0.0,226043.066667
1728625,IT,SE,PRINT,DAIRY,0.07,6781.145,3,3,6781.145,0.0,0.0,0.0,0.0,96873.5
1730209,IT,SE,LANDT,SEACO,0.04,6781.132,3,3,6781.132,0.0,0.0,0.0,0.0,169528.3
1800144,IT,WE,BITU1,CRUDE,0.01,6780.983,3,3,6780.983,0.0,0.0,0.0,0.0,678098.3
1669953,IT,ES,EDUCA,TRANS,0.17,6780.749,3,3,6780.749,0.0,0.0,0.0,0.0,39886.758824
1740527,IT,GB,RECRE,REALE,0.09,6780.714,3,3,6780.714,0.0,0.0,0.0,0.0,75341.266667
1798925,IT,WE,FISH5,TEXTI,0.03,6780.1,4,4,6780.097,0.0,0.0,0.0,0.003,226003.333333
1772644,IT,CH,GLASS,ELEC3,0.02,6780.053,3,3,6780.053,0.0,0.0,0.0,0.0,339002.65
1725741,IT,RO,PRINT,FORES,0.07,6779.957,3,3,6779.957,0.0,0.0,0.0,0.0,96856.528571
1675952,IT,FR,ELEC4,CEMEN,0.11,6779.67,3,3,6779.67,0.0,0.0,0.0,0.0,61633.363636
1720022,IT,PL,ALUM1,NFERT,0.01,6779.233,3,3,6779.233,0.0,0.0,0.0,0.0,677923.3
1671645,IT,FI,FURNI,93197,0.02,6778.948,3,3,6778.948,0.0,0.0,0.0,0.0,338947.4
1709502,IT,LT,WEARI,BUSIN,0.05,6778.946,3,3,6778.946,0.0,0.0,0.0,0.0,135578.92
1809445,IT,WM,CHEMI,COLLE,0.02,6778.459,3,3,6778.459,0.0,0.0,0.0,0.0,338922.95
1750899,IT,CN,CONST,TEXTI,0.04,6777.941,3,3,6777.941,0.0,0.0,0.0,0.0,169448.525
1813760,IT,WM,HOTEL,ELEC6,0.05,6777.846,3,3,6777.846,0.0,0.0,0.0,0.0,135556.92
1785058,IT,ID,BUSIN,EDUCA,0.07,6777.476,3,3,6777.476,0.0,0.0,0.0,0.0,96821.085714
1753616,IT,CA,MACHI,PAPE1,0.04,6777.09,3,3,6777.09,0.0,0.0,0.0,0.0,169427.25
1718035,IT,PL,CHEMI,REALE,0.02,6776.881,3,3,6776.881,0.0,0.0,0.0,0.0,338844.05
1810662,IT,WM,MOTOR,STONE,0.01,6776.875,3,3,6776.875,0.0,0.0,0.0,0.0,677687.5
1680188,IT,GR,MOTO1,WASTE,0.04,6776.799,3,3,6776.799,0.0,0.0,0.0,0.0,169419.975
1653817,IT,CZ,FABRI,CEREA,0.03,6776.758,3,3,6776.758,0.0,0.0,0.0,0.0,225891.933333
1649118,IT,BG,PAPER,TRAN1,0.03,6776.749,3,3,6776.749,0.0,0.0,0.0,0.0,225891.633333
1760407,IT,IN,DAIRY,RECRE,0.03,6776.366,3,3,6776.366,0.0,0.0,0.0,0.0,225878.866667
1734673,IT,SK,WEARI,BUSIN,0.05,6774.269,3,3,6774.269,0.0,0.0,0.0,0.0,135485.38
1798511,IT,WE,STONE,MEAT1,0.02,6774.218,3,3,6774.218,0.0,0.0,0.0,0.0,338710.9
1716311,IT,NL,FABRI,LEAD1,0.03,6774.19,3,3,6774.19,0.0,0.0,0.0,0.0,225806.333333
1748627,IT,CN,DAIRY,PRINT,0.03,6773.941,3,3,6773.941,0.0,0.0,0.0,0.0,225798.033333
1672795,IT,FR,MEATP,PUBLI,0.03,6773.849,3,3,6773.849,0.0,0.0,0.0,0.0,225794.966667
1663431,IT,DK,AUXIL,INSUR,0.12,6773.791,3,3,6773.791,0.0,0.0,0.0,0.0,56448.258333
1793451,IT,WL,STONE,TEXTI,0.02,6773.269,3,3,6773.269,0.0,0.0,0.0,0.0,338663.45
1654824,IT,CZ,SUPPO,RENTI,0.05,6773.214,3,3,6773.214,0.0,0.0,0.0,0.0,135464.28
1792891,IT,WA,HEALT,RAWMI,0.04,6773.142,3,3,6773.142,0.0,0.0,0.0,0.0,169328.55
1810444,IT,WM,PULP5,FABRI,0.02,6773.11,3,3,6773.11,0.0,0.0,0.0,0.0,338655.5
1744689,IT,US,COMPU,ELEC1,0.08,6772.631,3,3,6772.631,0.0,0.0,0.0,0.0,84657.8875
1643992,IT,AT,COMPU,EDUCA,0.08,6772.551,3,3,6772.551,0.0,0.0,0.0,0.0,84656.8875
1783538,IT,NO,OILHA,WASTE,0.04,6772.454,3,3,6772.454,0.0,0.0,0.0,0.0,169311.35
1648644,IT,BG,VEGE1,HEALT,0.02,6772.424,3,3,6772.424,0.0,0.0,0.0,0.0,338621.2
1709609,IT,LT,PAPER,CONST,0.03,6772.391,3,3,6772.391,0.0,0.0,0.0,0.0,225746.366667
1683711,IT,HR,MACHI,PROCE,0.04,6772.306,3,3,6772.306,0.0,0.0,0.0,0.0,169307.65
1642890,IT,AT,MOTO1,INTER,0.04,6772.076,3,3,6772.076,0.0,0.0,0.0,0.0,169301.9
1664299,IT,EE,ALUM1,REALE,0.01,6772.053,3,3,6772.053,0.0,0.0,0.0,0.0,677205.3
1740402,IT,GB,HEALT,INSUR,0.04,6771.704,3,3,6771.704,0.0,0.0,0.0,0.0,169292.6
1800360,IT,WE,CHEM1,HEAVY,0.01,6771.501,3,3,6771.501,0.0,0.0,0.0,0.0,677150.1
1640251,IT,AT,FISHF,RESEA,0.01,6771.252,3,3,6771.252,0.0,0.0,0.0,0.0,677125.2
1753615,IT,CA,MACHI,FOODW,0.04,6770.986,3,3,6770.986,0.0,0.0,0.0,0.0,169274.65
1714758,IT,NL,DAIRY,EDUCA,0.03,6770.934,3,3,6770.934,0.0,0.0,0.0,0.0,225697.8
1809028,IT,WM,VEGET,RADIO,0.02,6770.592,3,3,6770.592,0.0,0.0,0.0,0.0,338529.6
1740770,IT,US,MEAT4,CONST,0.04,6770.042,3,3,6770.042,0.0,0.0,0.0,0.0,169251.05
1756279,IT,KR,MOTO1,FISHF,0.04,6769.441,3,3,6769.441,0.0,0.0,0.0,0.0,169236.025
1735142,IT,SK,RUBBE,OILSE,0.02,6769.13,3,3,6769.13,0.0,0.0,0.0,0.0,338456.5
1656803,IT,DE,GASDI,REFI1,0.01,6769.103,3,3,6769.103,0.0,0.0,0.0,0.0,676910.3
1710640,IT,LU,MEAT1,COMPU,0.03,6768.9,3,3,6768.9,0.0,0.0,0.0,0.0,225630.0
1728124,IT,SE,VEGE1,SEACO,0.02,6768.539,3,3,6768.539,0.0,0.0,0.0,0.0,338426.95
1811879,IT,WM,RUBBE,NONSP,0.02,6768.529,3,3,6768.529,0.0,0.0,0.0,0.0,338426.45
1717805,IT,NL,FOOD2,COPP1,0.04,6768.438,3,3,6768.438,0.0,0.0,0.0,0.0,169210.95
1682026,IT,HR,BEVER,STEAM,0.03,6767.864,3,3,6767.864,0.0,0.0,0.0,0.0,225595.466667
1782589,IT,NO,FURNI,PIGS9,0.02,6767.77,3,3,6767.77,0.0,0.0,0.0,0.0,338388.5
1734716,IT,SK,LEATH,FOUND,0.05,6767.585,3,3,6767.585,0.0,0.0,0.0,0.0,135351.7
1739529,IT,GB,LANDT,TEXT1,0.04,6767.435,3,3,6767.435,0.0,0.0,0.0,0.0,169185.875
1755328,IT,KR,PRINT,CHEM1,0.06,6766.902,3,3,6766.902,0.0,0.0,0.0,0.0,112781.7
1772268,IT,CH,NAPHT,LUBRI,0.01,6766.615,3,3,6766.615,0.0,0.0,0.0,0.0,676661.5
1814441,IT,WM,COMPU,NATUR,0.08,6766.483,3,3,6766.483,0.0,0.0,0.0,0.0,84581.0375
1752952,IT,CA,PLAST,RESEA,0.01,6766.285,3,3,6766.285,0.0,0.0,0.0,0.0,676628.5
1688514,IT,IE,WOODW,CHEM1,0.02,6766.195,3,3,6766.195,0.0,0.0,0.0,0.0,338309.75
1735028,IT,SK,PLAST,DIST1,0.01,6765.658,3,3,6765.658,0.0,0.0,0.0,0.0,676565.8
1746042,IT,JP,PAPER,AUXIL,0.03,6765.082,3,3,6765.082,0.0,0.0,0.0,0.0,225502.733333
1779882,IT,TR,PUBLI,COMPU,0.11,6764.846,3,3,6764.846,0.0,0.0,0.0,0.0,61498.6
1780760,IT,TW,RENTI,HEAVY,0.04,6764.716,3,3,6764.716,0.0,0.0,0.0,0.0,169117.9
1807611,IT,WF,RESEA,MEATC,0.04,6764.523,3,3,6764.523,0.0,0.0,0.0,0.0,169113.075
1787506,IT,WA,CHEMI,CHEMI,0.02,6764.344,3,3,6764.344,0.0,0.0,0.0,0.0,338217.2
1680607,IT,GR,CONST,LANDT,0.04,6764.218,3,3,6764.218,0.0,0.0,0.0,0.0,169105.45
1734971,IT,SK,LIQUE,MACHI,0.01,6763.911,3,3,6763.911,0.0,0.0,0.0,0.0,676391.1
1662546,IT,DK,FABRI,SANDC,0.03,6763.794,3,3,6763.794,0.0,0.0,0.0,0.0,225459.8
1776147,IT,TR,LEATH,ELECT,0.05,6763.301,3,3,6763.301,0.0,0.0,0.0,0.0,135266.02
1665743,IT,ES,PAPER,LEAD1,0.03,6763.244,3,3,6763.244,0.0,0.0,0.0,0.0,225441.466667
1755235,IT,KR,PULP5,CHEM1,0.02,6763.202,3,3,6763.202,0.0,0.0,0.0,0.0,338160.1
1656708,IT,DE,MOTOR,NONME,0.01,6762.978,3,3,6762.978,0.0,0.0,0.0,0.0,676297.8
1723313,IT,PT,CEMEN,REALE,0.01,6762.417,3,3,6762.417,0.0,0.0,0.0,0.0,676241.7
1669159,IT,ES,POSTT,NUCLE,0.11,6762.381,3,3,6762.381,0.0,0.0,0.0,0.0,61476.190909
1668397,IT,ES,RETA1,CHEM1,0.07,6762.293,3,3,6762.293,0.0,0.0,0.0,0.0,96604.185714
1777040,IT,TR,CHEM1,PARAF,0.01,6761.932,3,3,6761.932,0.0,0.0,0.0,0.0,676193.2
1727384,IT,RO,FINAN,TEXTI,0.09,6761.391,3,3,6761.391,0.0,0.0,0.0,0.0,75126.566667
1648007,IT,BE,COMPU,PULP5,0.08,6760.954,3,3,6760.954,0.0,0.0,0.0,0.0,84511.925
1729980,IT,SE,CONST,RECRE,0.04,6760.756,3,3,6760.756,0.0,0.0,0.0,0.0,169018.9
1645052,IT,BE,PAPER,KEROS,0.03,6760.634,3,3,6760.634,0.0,0.0,0.0,0.0,225354.466667
1795942,IT,WL,MOTO1,SUGA1,0.04,6760.195,3,3,6760.195,0.0,0.0,0.0,0.0,169004.875
1794648,IT,WL,NAPHT,MEATC,0.01,6760.131,3,3,6760.131,0.0,0.0,0.0,0.0,676013.1
1808368,IT,WF,WASTE,CEREA,0.02,6759.934,3,3,6759.934,0.0,0.0,0.0,0.0,337996.7
1663931,IT,EE,WOODW,GLASS,0.02,6759.833,3,3,6759.833,0.0,0.0,0.0,0.0,337991.65
1671290,IT,FI,PREC1,WHOLE,0.01,6759.814,3,3,6759.814,0.0,0.0,0.0,0.0,675981.4
1781384,IT,NO,DAIRY,RECRE,0.03,6759.765,3,3,6759.765,0.0,0.0,0.0,0.0,225325.5
1749394,IT,CN,MOTOR,NONSP,0.01,6759.62,3,3,6759.62,0.0,0.0,0.0,0.0,675962.0
1714543,IT,NL,CRUDE,OFFIC,0.01,6759.581,3,3,6759.581,0.0,0.0,0.0,0.0,675958.1
1682514,IT,HR,PRINT,RECRE,0.06,6759.457,3,3,6759.457,0.0,0.0,0.0,0.0,112657.616667
1662781,IT,DK,MOTO1,BUSIN,0.04,6759.419,3,3,6759.419,0.0,0.0,0.0,0.0,168985.475
1724663,IT,PT,INSUR,KEROS,0.14,6759.373,3,3,6759.373,0.0,0.0,0.0,0.0,48281.235714
1796767,IT,WL,LANDT,OFFIC,0.04,6759.059,3,3,6759.059,0.0,0.0,0.0,0.0,168976.475
1812684,IT,WM,COPP1,ELEC6,0.02,6758.975,3,3,6758.975,0.0,0.0,0.0,0.0,337948.75
1687112,IT,HU,TRANS,BASIC,0.04,6758.6,3,3,6758.6,0.0,0.0,0.0,0.0,168965.0
1713266,IT,MT,PAPER,PUBLI,0.03,6758.278,3,3,6758.278,0.0,0.0,0.0,0.0,225275.933333
1653313,IT,CZ,GLASS,MEAT1,0.02,6758.232,3,3,6758.232,0.0,0.0,0.0,0.0,337911.6
1715011,IT,NL,TOBAC,WASTE,0.03,6757.816,3,3,6757.816,0.0,0.0,0.0,0.0,225260.533333
1798737,IT,WE,FOOD5,PADDY,0.03,6757.793,3,3,6757.793,0.0,0.0,0.0,0.0,225259.766667
1807839,IT,WF,PAPE1,MEATA,0.05,6757.501,3,3,6757.501,0.0,0.0,0.0,0.0,135150.02
1725907,IT,RO,BITU1,WHITE,0.01,6757.453,3,3,6757.453,0.0,0.0,0.0,0.0,675745.3
1658300,IT,DE,COPP1,ELEC6,0.02,6757.421,3,3,6757.421,0.0,0.0,0.0,0.0,337871.05
1718942,IT,PL,PRINT,DIST1,0.06,6757.394,3,3,6757.394,0.0,0.0,0.0,0.0,112623.233333
1732219,IT,SI,HEAVY,COLLE,0.01,6757.379,3,3,6757.379,0.0,0.0,0.0,0.0,675737.9
1807050,IT,WF,TRAN2,BUSIN,0.01,6756.963,3,3,6756.963,0.0,0.0,0.0,0.0,675696.3
1641287,IT,AT,MOTOR,TRAN2,0.01,6756.748,3,3,6756.748,0.0,0.0,0.0,0.0,675674.8
1738050,IT,GB,RUBBE,GASDI,0.02,6756.631,3,3,6756.631,0.0,0.0,0.0,0.0,337831.55
1753621,IT,CA,MACHI,OILHA,0.04,6756.497,3,3,6756.497,0.0,0.0,0.0,0.0,168912.425
1804037,IT,WF,WOODW,PRINT,0.02,6756.456,3,3,6756.456,0.0,0.0,0.0,0.0,337822.8
1685624,IT,HU,MOTOR,BITU1,0.01,6756.363,3,3,6756.363,0.0,0.0,0.0,0.0,675636.3
1780228,IT,TW,RAILW,FINAN,0.05,6756.152,3,3,6756.152,0.0,0.0,0.0,0.0,135123.04
1765929,IT,RU,PLAST,LANDT,0.01,6755.984,3,3,6755.984,0.0,0.0,0.0,0.0,675598.4
1653091,IT,CZ,CHEM1,CHEMI,0.01,6755.637,3,3,6755.637,0.0,0.0,0.0,0.0,675563.7
1641270,IT,AT,MOTOR,RADIO,0.01,6755.469,3,3,6755.469,0.0,0.0,0.0,0.0,675546.9
1765266,IT,RU,VEGE1,MEAT1,0.02,6755.146,3,3,6755.146,0.0,0.0,0.0,0.0,337757.3
1659196,IT,DE,CONST,FINAN,0.04,6754.389,3,3,6754.389,0.0,0.0,0.0,0.0,168859.725
1719594,IT,PL,CERAM,PAPER,0.01,6754.151,3,3,6754.151,0.0,0.0,0.0,0.0,675415.1
1789068,IT,WA,NAPHT,PRIVA,0.01,6754.072,3,3,6754.072,0.0,0.0,0.0,0.0,675407.2
1813154,IT,WM,MOTO1,PREC1,0.04,6753.874,3,3,6753.874,0.0,0.0,0.0,0.0,168846.85
1731618,IT,SI,WEARI,RECRE,0.05,6753.733,3,3,6753.733,0.0,0.0,0.0,0.0,135074.66
1663934,IT,EE,WOODW,FABRI,0.02,6753.339,3,3,6753.339,0.0,0.0,0.0,0.0,337666.95
1712734,IT,LV,RAILW,RAILW,0.05,6753.322,3,3,6753.322,0.0,0.0,0.0,0.0,135066.44
1714776,IT,NL,PROCE,BEVER,0.05,6753.27,3,3,6753.27,0.0,0.0,0.0,0.0,135065.4
1753617,IT,CA,MACHI,PLAS1,0.04,6753.071,3,3,6753.071,0.0,0.0,0.0,0.0,168826.775
1762922,IT,MX,CHEMI,COLLE,0.02,6753.058,3,3,6753.058,0.0,0.0,0.0,0.0,337652.9
1689180,IT,IE,RETAI,SUGAR,0.05,6752.387,3,3,6752.387,0.0,0.0,0.0,0.0,135047.74
1736696,IT,SK,AUXIL,PUBLI,0.12,6751.965,3,3,6751.965,0.0,0.0,0.0,0.0,56266.375
1799727,IT,WE,KEROS,MEATC,0.01,6751.434,3,3,6751.434,0.0,0.0,0.0,0.0,675143.4
1747339,IT,JP,RETA1,WEARI,0.07,6751.259,3,3,6751.259,0.0,0.0,0.0,0.0,96446.557143
1722894,IT,PT,PRINT,93197,0.06,6751.02,3,3,6751.02,0.0,0.0,0.0,0.0,112517.0
1664175,IT,EE,GLASS,FOOD5,0.02,6750.758,3,3,6750.758,0.0,0.0,0.0,0.0,337537.9
1782099,IT,NO,GLASS,RECRE,0.02,6750.67,3,3,6750.67,0.0,0.0,0.0,0.0,337533.5
1768195,IT,RU,PUBLI,COMPU,0.11,6750.601,3,3,6750.601,0.0,0.0,0.0,0.0,61369.1
1755159,IT,KR,LEATH,RETAI,0.05,6750.382,3,3,6750.382,0.0,0.0,0.0,0.0,135007.64
1748184,IT,JP,PAPE1,POULT,0.05,6750.365,3,3,6750.365,0.0,0.0,0.0,0.0,135007.3
1729695,IT,SE,FABRI,FOOD3,0.03,6750.269,3,3,6750.269,0.0,0.0,0.0,0.0,225008.966667
1813358,IT,WM,FURNI,KEROS,0.02,6749.992,3,3,6749.992,0.0,0.0,0.0,0.0,337499.6
1795248,IT,WL,CERAM,HEAVY,0.01,6749.751,3,3,6749.751,0.0,0.0,0.0,0.0,674975.1
1776039,IT,TR,TEXTI,OFFIC,0.04,6749.608,3,3,6749.608,0.0,0.0,0.0,0.0,168740.2
1761523,IT,IN,LEAD1,TEXTI,0.01,6749.555,3,3,6749.555,0.0,0.0,0.0,0.0,674955.5
1792846,IT,WA,EDUCA,NFERT,0.17,6749.309,3,3,6749.309,0.0,0.0,0.0,0.0,39701.817647
1788830,IT,WA,GASDI,PLANT,0.01,6749.067,3,3,6749.067,0.0,0.0,0.0,0.0,674906.7
1715522,IT,NL,GASDI,NONME,0.01,6748.858,3,3,6748.858,0.0,0.0,0.0,0.0,674885.8
1757977,IT,BR,RUBBE,LEADZ,0.02,6748.507,3,3,6748.507,0.0,0.0,0.0,0.0,337425.35
1719687,IT,PL,NONME,LEATH,0.01,6748.335,3,3,6748.335,0.0,0.0,0.0,0.0,674833.5
1722428,IT,PT,MEAT4,HOTEL,0.04,6748.303,3,3,6748.303,0.0,0.0,0.0,0.0,168707.575
1723657,IT,PT,MACHI,FORES,0.04,6748.249,3,3,6748.249,0.0,0.0,0.0,0.0,168706.225
1674704,IT,FR,GLASS,RAILW,0.02,6748.163,3,3,6748.163,0.0,0.0,0.0,0.0,337408.15
1757106,IT,BR,VEGET,FORES,0.02,6747.873,3,3,6747.873,0.0,0.0,0.0,0.0,337393.65
1758145,IT,BR,NONME,CATTL,0.01,6747.738,3,3,6747.738,0.0,0.0,0.0,0.0,674773.8
1803448,IT,WF,MEAT1,CHARC,0.03,6747.229,3,3,6747.229,0.0,0.0,0.0,0.0,224907.633333
1662888,IT,DK,WHOLE,TRANS,0.06,6746.898,3,3,6746.898,0.0,0.0,0.0,0.0,112448.3
1679203,IT,GR,MOTOR,WHEAT,0.01,6746.61,3,3,6746.61,0.0,0.0,0.0,0.0,674661.0
1742304,IT,US,CEMEN,CERAM,0.01,6746.531,3,3,6746.531,0.0,0.0,0.0,0.0,674653.1
1681729,IT,HR,CRUDE,REFIN,0.01,6746.497,3,3,6746.497,0.0,0.0,0.0,0.0,674649.7
1731590,IT,SI,TEXTI,EDUCA,0.04,6746.41,3,3,6746.41,0.0,0.0,0.0,0.0,168660.25
1712195,IT,LV,PAPER,CEREA,0.03,6746.145,3,3,6746.145,0.0,0.0,0.0,0.0,224871.5
1756663,IT,KR,TRAN2,MOTOR,0.01,6746.143,3,3,6746.143,0.0,0.0,0.0,0.0,674614.3
1687203,IT,HU,CONST,NONSP,0.04,6745.679,3,3,6745.679,0.0,0.0,0.0,0.0,168641.975
1768440,IT,AU,DAIRY,PRINT,0.03,6745.579,3,3,6745.579,0.0,0.0,0.0,0.0,224852.633333
1712094,IT,LV,BEVER,COMPU,0.03,6745.398,3,3,6745.398,0.0,0.0,0.0,0.0,224846.6
1807039,IT,WF,TRAN2,ELEC2,0.01,6745.391,3,3,6745.391,0.0,0.0,0.0,0.0,674539.1
1683273,IT,HR,BRICK,RUBBE,0.01,6744.586,3,3,6744.586,0.0,0.0,0.0,0.0,674458.6
1782750,IT,NO,RETA1,HEALT,0.07,6744.509,3,3,6744.509,0.0,0.0,0.0,0.0,96350.128571
1681674,IT,HR,VEGET,LANDT,0.02,6744.487,3,3,6744.487,0.0,0.0,0.0,0.0,337224.35
1757458,IT,BR,PAPER,BIODI,0.03,6744.266,3,3,6744.266,0.0,0.0,0.0,0.0,224808.866667
1756050,IT,KR,FABRI,FISH5,0.03,6744.235,3,3,6744.235,0.0,0.0,0.0,0.0,224807.833333
1682108,IT,HR,TEXTI,PULP5,0.04,6744.061,3,3,6744.061,0.0,0.0,0.0,0.0,168601.525
1757421,IT,BR,WOODW,RECRE,0.02,6743.671,3,3,6743.671,0.0,0.0,0.0,0.0,337183.55
1801970,IT,WE,RETAI,INSUR,0.05,6743.11,3,3,6743.11,0.0,0.0,0.0,0.0,134862.2
1772981,IT,CH,PREC1,INSUR,0.01,6743.091,3,3,6743.091,0.0,0.0,0.0,0.0,674309.1
1782165,IT,NO,NONME,NONF1,0.01,6742.762,3,3,6742.762,0.0,0.0,0.0,0.0,674276.2
1751550,IT,CN,POSTT,FOOD5,0.11,6742.708,3,3,6742.708,0.0,0.0,0.0,0.0,61297.345455
1717505,IT,NL,REALE,REALE,0.28,6742.427,3,3,6742.427,0.0,0.0,0.0,0.0,24080.096429
1737057,IT,GB,SANDC,FURNI,0.02,6742.092,4,4,6741.092,0.0,0.0,1.0,0.0,337104.6
1675939,IT,FR,ELEC4,BEVER,0.11,6742.025,3,3,6742.025,0.0,0.0,0.0,0.0,61291.136364
1755760,IT,KR,GLASS,AIRTR,0.02,6742.019,3,3,6742.019,0.0,0.0,0.0,0.0,337100.95
1709341,IT,LT,DAIRY,POULT,0.03,6741.844,3,3,6741.844,0.0,0.0,0.0,0.0,224728.133333
1689077,IT,IE,FURNI,CEMEN,0.02,6741.839,3,3,6741.839,0.0,0.0,0.0,0.0,337091.95
1685718,IT,HU,PARAF,MACHI,0.01,6741.458,3,3,6741.458,0.0,0.0,0.0,0.0,674145.8
1733557,IT,SI,RETA1,ALUM1,0.07,6741.404,3,3,6741.404,0.0,0.0,0.0,0.0,96305.771429
1736164,IT,SK,SALEM,RENTI,0.05,6741.399,3,3,6741.399,0.0,0.0,0.0,0.0,134827.98
1794639,IT,WL,LIQUE,BUSIN,0.01,6741.21,3,3,6741.21,0.0,0.0,0.0,0.0,674121.0
1655209,IT,CZ,BUSIN,FOOD4,0.07,6741.155,3,3,6741.155,0.0,0.0,0.0,0.0,96302.214286
1761035,IT,IN,PLAST,PETRO,0.01,6741.054,3,3,6741.054,0.0,0.0,0.0,0.0,674105.4
1722922,IT,PT,GASDI,FORES,0.01,6740.995,3,3,6740.995,0.0,0.0,0.0,0.0,674099.5
1678215,IT,FR,OILHA,COPP1,0.04,6740.992,3,3,6740.992,0.0,0.0,0.0,0.0,168524.8
1768641,IT,AU,TEXTI,CATTL,0.04,6740.643,3,3,6740.643,0.0,0.0,0.0,0.0,168516.075
1770108,IT,AU,WHOLE,FURNI,0.06,6740.592,3,3,6740.592,0.0,0.0,0.0,0.0,112343.2
1751562,IT,CN,POSTT,GASDI,0.11,6740.45,3,3,6740.45,0.0,0.0,0.0,0.0,61276.818182
1745286,IT,JP,MEAT4,MEAT4,0.04,6740.374,3,3,6740.374,0.0,0.0,0.0,0.0,168509.35
1806640,IT,WF,SALEM,COMPU,0.05,6740.028,3,3,6740.028,0.0,0.0,0.0,0.0,134800.56
1788940,IT,WA,HEAVY,PULP5,0.01,6739.975,3,3,6739.975,0.0,0.0,0.0,0.0,673997.5
1737050,IT,GB,SANDC,NONME,0.02,6739.724,4,4,6738.724,0.0,0.0,1.0,0.0,336986.2
1802321,IT,WE,TRAN2,AIRTR,0.01,6739.474,3,3,6739.474,0.0,0.0,0.0,0.0,673947.4
1671868,IT,FI,HOTEL,PRINT,0.05,6739.312,3,3,6739.312,0.0,0.0,0.0,0.0,134786.24
1753620,IT,CA,MACHI,WOOD1,0.04,6739.057,3,3,6739.057,0.0,0.0,0.0,0.0,168476.425
1769600,IT,AU,FABRI,RAWMI,0.03,6739.052,3,3,6739.052,0.0,0.0,0.0,0.0,224635.066667
1766138,IT,RU,RUBBE,SECO9,0.02,6738.938,3,3,6738.938,0.0,0.0,0.0,0.0,336946.9
1645777,IT,BE,RUBBE,ELEC2,0.02,6738.915,3,3,6738.915,0.0,0.0,0.0,0.0,336945.75
1684371,IT,HR,POSTT,TEXTI,0.11,6738.873,3,3,6738.873,0.0,0.0,0.0,0.0,61262.481818
1755415,IT,KR,HEAVY,PAPER,0.01,6738.509,3,3,6738.509,0.0,0.0,0.0,0.0,673850.9
1785351,IT,ZA,WOODW,PLAST,0.02,6738.125,3,3,6738.125,0.0,0.0,0.0,0.0,336906.25
1654876,IT,CZ,POSTT,LANDT,0.11,6737.893,3,3,6737.893,0.0,0.0,0.0,0.0,61253.572727
1768198,IT,RU,PUBLI,PUBLI,0.11,6737.741,3,3,6737.741,0.0,0.0,0.0,0.0,61252.190909
1740867,IT,US,DAIRY,ELEC1,0.03,6737.608,3,3,6737.608,0.0,0.0,0.0,0.0,224586.933333
1676509,IT,FR,RETA1,WOOD1,0.07,6737.484,3,3,6737.484,0.0,0.0,0.0,0.0,96249.771429
1765613,IT,RU,WOODW,PREC1,0.02,6737.369,3,3,6737.369,0.0,0.0,0.0,0.0,336868.45
1813930,IT,WM,TRAN2,SANDC,0.01,6737.299,3,3,6737.299,0.0,0.0,0.0,0.0,673729.9
1646032,IT,BE,NONME,HOTEL,0.01,6737.22,3,3,6737.22,0.0,0.0,0.0,0.0,673722.0
1720267,IT,PL,FABRI,MEAT4,0.03,6737.043,3,3,6737.043,0.0,0.0,0.0,0.0,224568.1
1772478,IT,CH,BIODI,CHEM1,0.01,6736.507,3,3,6736.507,0.0,0.0,0.0,0.0,673650.7
1722390,IT,PT,CHEMI,BUSIN,0.02,6736.115,3,3,6736.115,0.0,0.0,0.0,0.0,336805.75
1792848,IT,WA,EDUCA,CHEM1,0.17,6736.102,3,3,6736.102,0.0,0.0,0.0,0.0,39624.129412
1733187,IT,SI,MACHI,CHEMI,0.04,6736.063,3,3,6736.063,0.0,0.0,0.0,0.0,168401.575
1807431,IT,WF,INSUR,LANDT,0.14,6736.038,3,3,6736.038,0.0,0.0,0.0,0.0,48114.557143
1792634,IT,WA,RESEA,RAWMI,0.04,6735.722,3,3,6735.722,0.0,0.0,0.0,0.0,168393.05
1805541,IT,WF,BRICK,MEATA,0.01,6735.32,3,3,6735.32,0.0,0.0,0.0,0.0,673532.0
1804900,IT,WF,BITU1,MEDIC,0.01,6734.917,3,3,6734.917,0.0,0.0,0.0,0.0,673491.7
1753143,IT,CA,RUBBE,INLAN,0.02,6734.49,3,3,6734.49,0.0,0.0,0.0,0.0,336724.5
1779381,IT,TR,AUXIL,WHOLE,0.12,6734.449,3,3,6734.449,0.0,0.0,0.0,0.0,56120.408333
1745231,IT,JP,STONE,CATTL,0.02,6734.435,3,3,6734.435,0.0,0.0,0.0,0.0,336721.75
1645347,IT,BE,GASDI,POSTT,0.01,6734.384,3,3,6734.384,0.0,0.0,0.0,0.0,673438.4
1661491,IT,DK,FOOD5,SUGA1,0.03,6734.339,3,3,6734.339,0.0,0.0,0.0,0.0,224477.966667
1773184,IT,CH,FABRI,MEAT4,0.03,6734.123,3,3,6734.123,0.0,0.0,0.0,0.0,224470.766667
1640225,IT,AT,FORES,FABRI,0.06,6733.475,4,4,6730.475,0.0,3.0,0.0,0.0,112224.583333
1661250,IT,DK,VEGET,RUBBE,0.02,6733.433,3,3,6733.433,0.0,0.0,0.0,0.0,336671.65
1752884,IT,CA,KEROS,HEAVY,0.01,6733.294,3,3,6733.294,0.0,0.0,0.0,0.0,673329.4
1772993,IT,CH,PREC1,TEXT1,0.01,6733.211,3,3,6733.211,0.0,0.0,0.0,0.0,673321.1
1668289,IT,ES,WHOLE,RUBBE,0.06,6732.983,3,3,6732.983,0.0,0.0,0.0,0.0,112216.383333
1778281,IT,TR,SALEM,BEVER,0.05,6732.495,3,3,6732.495,0.0,0.0,0.0,0.0,134649.9
1752715,IT,CA,LEATH,COPP1,0.05,6732.478,3,3,6732.478,0.0,0.0,0.0,0.0,134649.56
1725012,IT,PT,FOOD4,NONF1,0.05,6732.41,3,3,6732.41,0.0,0.0,0.0,0.0,134648.2
1712997,IT,MT,SANDC,REALE,0.02,6731.816,4,4,6730.816,0.0,0.0,1.0,0.0,336590.8
1685983,IT,HU,BIODI,CRUDE,0.01,6731.574,3,3,6731.574,0.0,0.0,0.0,0.0,673157.4
1666995,IT,ES,CEMEN,PFERT,0.01,6731.419,3,3,6731.419,0.0,0.0,0.0,0.0,673141.9
1734543,IT,SK,SUGA1,MOTO1,0.02,6731.418,3,3,6731.418,0.0,0.0,0.0,0.0,336570.9
1664648,IT,EE,LANDT,FURNI,0.04,6730.983,3,3,6730.983,0.0,0.0,0.0,0.0,168274.575
1757456,IT,BR,PAPER,CHEM1,0.03,6730.881,3,3,6730.881,0.0,0.0,0.0,0.0,224362.7
1782748,IT,NO,RETA1,PUBLI,0.07,6730.861,3,3,6730.861,0.0,0.0,0.0,0.0,96155.157143
1805786,IT,WF,PREC1,MEATC,0.01,6730.725,3,3,6730.725,0.0,0.0,0.0,0.0,673072.5
1654401,IT,CZ,WHOLE,WOODW,0.06,6729.458,3,3,6729.458,0.0,0.0,0.0,0.0,112157.633333
1646988,IT,BE,RETA1,WEARI,0.07,6729.249,3,3,6729.249,0.0,0.0,0.0,0.0,96132.128571
1727041,IT,RO,RAILW,PFERT,0.05,6728.643,3,3,6728.643,0.0,0.0,0.0,0.0,134572.86
1711111,IT,LU,LEAD1,MEDIC,0.01,6728.48,3,3,6728.48,0.0,0.0,0.0,0.0,672848.0
1688358,IT,IE,PROCE,MEATC,0.05,6728.097,3,3,6728.097,0.0,0.0,0.0,0.0,134561.94
1801071,IT,WE,COPP1,CHARC,0.02,6728.013,3,3,6728.013,0.0,0.0,0.0,0.0,336400.65
1678666,IT,GR,MEAT4,PROCE,0.04,6727.917,3,3,6727.917,0.0,0.0,0.0,0.0,168197.925
1791885,IT,WA,TRAN2,RAWMI,0.01,6727.707,3,3,6727.707,0.0,0.0,0.0,0.0,672770.7
1653069,IT,CZ,PLAST,FOOD4,0.01,6727.645,3,3,6727.645,0.0,0.0,0.0,0.0,672764.5
1793042,IT,WA,FOOD4,WHOLE,0.05,6727.177,3,3,6727.177,0.0,0.0,0.0,0.0,134543.54
1678158,IT,FR,PLAS1,FOOD3,0.02,6727.079,3,3,6727.079,0.0,0.0,0.0,0.0,336353.95
1800764,IT,WE,NONME,POSTT,0.01,6726.934,3,3,6726.934,0.0,0.0,0.0,0.0,672693.4
1730985,IT,SE,OILHA,WHOLE,0.04,6726.784,3,3,6726.784,0.0,0.0,0.0,0.0,168169.6
1808266,IT,WF,FOOD2,SUGA1,0.04,6726.759,3,3,6726.759,0.0,0.0,0.0,0.0,168168.975
1752542,IT,CA,FOOD5,REALE,0.03,6726.758,3,3,6726.758,0.0,0.0,0.0,0.0,224225.266667
1741213,IT,US,WOODW,BRICK,0.02,6726.358,3,3,6726.358,0.0,0.0,0.0,0.0,336317.9
1645542,IT,BE,PLAST,PAPE1,0.01,6725.714,3,3,6725.714,0.0,0.0,0.0,0.0,672571.4
1662415,IT,DK,PREC1,NONME,0.01,6725.551,3,3,6725.551,0.0,0.0,0.0,0.0,672555.1
1709836,IT,LT,RUBBE,INTER,0.02,6725.504,3,3,6725.504,0.0,0.0,0.0,0.0,336275.2
1721327,IT,PL,TRAN2,PIGS9,0.01,6725.501,3,3,6725.501,0.0,0.0,0.0,0.0,672550.1
1762843,IT,IN,PUBLI,CONST,0.11,6725.421,3,3,6725.421,0.0,0.0,0.0,0.0,61140.190909
1648332,IT,BE,EDUCA,AUXIL,0.17,6725.372,3,3,6725.372,0.0,0.0,0.0,0.0,39561.011765
1727444,IT,RO,FINAN,93197,0.09,6725.175,3,3,6725.175,0.0,0.0,0.0,0.0,74724.166667
1749374,IT,CN,PRINT,RENTI,0.06,6725.039,3,3,6725.039,0.0,0.0,0.0,0.0,112083.983333
1771811,IT,CH,WOODW,MEATP,0.02,6724.302,3,3,6724.302,0.0,0.0,0.0,0.0,336215.1
1737089,IT,GB,CHEMI,COMPU,0.02,6724.103,3,3,6724.103,0.0,0.0,0.0,0.0,336205.15
1733285,IT,SI,OFFIC,HOTEL,0.02,6724.096,3,3,6724.096,0.0,0.0,0.0,0.0,336204.8
1658255,IT,DE,COPP1,COKEO,0.02,6723.642,3,3,6723.642,0.0,0.0,0.0,0.0,336182.1
1772609,IT,CH,GLASS,MEATC,0.02,6723.531,3,3,6723.531,0.0,0.0,0.0,0.0,336176.55
1650100,IT,BG,OFFIC,CHEM1,0.02,6723.503,3,3,6723.503,0.0,0.0,0.0,0.0,336175.15
1710374,IT,LT,HOTEL,BITU1,0.05,6723.124,3,3,6723.124,0.0,0.0,0.0,0.0,134462.48
1742243,IT,US,CERAM,ELEC5,0.01,6722.723,3,3,6722.723,0.0,0.0,0.0,0.0,672272.3
1795579,IT,WL,COPP1,RETA1,0.02,6722.707,3,3,6722.707,0.0,0.0,0.0,0.0,336135.35
1785293,IT,ZA,WEARI,REALE,0.05,6722.695,3,3,6722.695,0.0,0.0,0.0,0.0,134453.9
1640440,IT,AT,VEGE1,CONST,0.02,6722.331,3,3,6722.331,0.0,0.0,0.0,0.0,336116.55
1759998,IT,BR,INTER,COLLE,0.04,6721.95,3,3,6721.95,0.0,0.0,0.0,0.0,168048.75
1758284,IT,BR,ALUM1,PREC1,0.01,6721.617,3,3,6721.617,0.0,0.0,0.0,0.0,672161.7
1667106,IT,ES,NONME,PLAS2,0.01,6721.489,3,3,6721.489,0.0,0.0,0.0,0.0,672148.9
1762136,IT,IN,LANDT,PAPER,0.04,6721.4,3,3,6721.4,0.0,0.0,0.0,0.0,168035.0
1797094,IT,WL,POSTT,BITUM,0.11,6721.185,3,3,6721.185,0.0,0.0,0.0,0.0,61101.681818
1733088,IT,SI,FABRI,RAWMI,0.03,6721.108,3,3,6721.108,0.0,0.0,0.0,0.0,224036.933333
1781050,IT,TW,PUBLI,DAIRY,0.11,6721.007,3,3,6721.007,0.0,0.0,0.0,0.0,61100.063636
1781081,IT,TW,PUBLI,ALUM1,0.11,6720.578,3,3,6720.578,0.0,0.0,0.0,0.0,61096.163636
1794092,IT,WL,PAPER,ADDIT,0.03,6720.435,3,3,6720.435,0.0,0.0,0.0,0.0,224014.5
1651081,IT,BG,INSUR,DISTR,0.14,6719.873,3,3,6719.873,0.0,0.0,0.0,0.0,47999.092857
1720523,IT,PL,OFFIC,DAIRY,0.02,6719.576,3,3,6719.576,0.0,0.0,0.0,0.0,335978.8
1671993,IT,FI,LANDT,COMPU,0.04,6719.57,3,3,6719.57,0.0,0.0,0.0,0.0,167989.25
1716664,IT,NL,WHOLE,FISH5,0.06,6718.742,3,3,6718.742,0.0,0.0,0.0,0.0,111979.033333
1809488,IT,WM,MEAT1,PFERT,0.03,6718.673,3,3,6718.673,0.0,0.0,0.0,0.0,223955.766667
1671182,IT,FI,BRICK,DISTR,0.01,6718.595,3,3,6718.595,0.0,0.0,0.0,0.0,671859.5
1753630,IT,CA,MACHI,TEXT2,0.04,6718.276,3,3,6718.276,0.0,0.0,0.0,0.0,167956.9
1680187,IT,GR,MOTO1,FOOD3,0.04,6718.185,3,3,6718.185,0.0,0.0,0.0,0.0,167954.625
1689228,IT,IE,WHOLE,STONE,0.06,6718.109,3,3,6718.109,0.0,0.0,0.0,0.0,111968.483333
1780309,IT,TW,TRAN2,RETAI,0.01,6717.969,3,3,6717.969,0.0,0.0,0.0,0.0,671796.9
1666834,IT,ES,GLASS,MEATA,0.02,6717.889,3,3,6717.889,0.0,0.0,0.0,0.0,335894.45
1791718,IT,WA,RAILW,RAWMI,0.04,6717.757,3,3,6717.757,0.0,0.0,0.0,0.0,167943.925
1653154,IT,CZ,CHEM1,BLAST,0.01,6717.749,3,3,6717.749,0.0,0.0,0.0,0.0,671774.9
1798729,IT,WE,PROCE,POULT,0.05,6717.532,3,3,6717.532,0.0,0.0,0.0,0.0,134350.64
1783551,IT,NO,FOOD1,COPP1,0.03,6717.43,3,3,6717.43,0.0,0.0,0.0,0.0,223914.333333
1718741,IT,PL,PULP5,DIST1,0.02,6717.201,3,3,6717.201,0.0,0.0,0.0,0.0,335860.05
1757242,IT,BR,VEGE1,CHARC,0.02,6716.929,3,3,6716.929,0.0,0.0,0.0,0.0,335846.45
1745712,IT,JP,WEARI,VEGE1,0.05,6716.453,3,3,6716.453,0.0,0.0,0.0,0.0,134329.06
1720365,IT,PL,FABRI,TEXT2,0.03,6716.085,3,3,6716.085,0.0,0.0,0.0,0.0,223869.5
1668299,IT,ES,WHOLE,NONF1,0.06,6715.949,3,3,6715.949,0.0,0.0,0.0,0.0,111932.483333
1668028,IT,ES,FURNI,GLASS,0.02,6715.657,3,3,6715.657,0.0,0.0,0.0,0.0,335782.85
1780012,IT,TW,SALEM,ELEC1,0.05,6715.444,3,3,6715.444,0.0,0.0,0.0,0.0,134308.88
1807533,IT,WF,RENTI,FURNI,0.04,6715.412,3,3,6715.412,0.0,0.0,0.0,0.0,167885.3
1767690,IT,RU,FINAN,RAWMI,0.09,6715.336,3,3,6715.336,0.0,0.0,0.0,0.0,74614.844444
1769093,IT,AU,PLAST,DISTR,0.01,6715.191,3,3,6715.191,0.0,0.0,0.0,0.0,671519.1
1751348,IT,CN,LANDT,POSTT,0.04,6715.148,3,3,6715.148,0.0,0.0,0.0,0.0,167878.7
1716230,IT,NL,LEAD1,RADIO,0.01,6715.053,3,3,6715.053,0.0,0.0,0.0,0.0,671505.3
1664465,IT,EE,OFFIC,LEAD1,0.02,6714.952,3,3,6714.952,0.0,0.0,0.0,0.0,335747.6
1662731,IT,DK,OFFIC,PRINT,0.02,6714.79,3,3,6714.79,0.0,0.0,0.0,0.0,335739.5
1646842,IT,BE,RETAI,BASIC,0.05,6714.758,3,3,6714.758,0.0,0.0,0.0,0.0,134295.16
1748193,IT,JP,PAPE1,WEARI,0.05,6714.332,3,3,6714.332,0.0,0.0,0.0,0.0,134286.64
1711678,IT,LU,RESEA,RESEA,0.04,6714.323,3,3,6714.323,0.0,0.0,0.0,0.0,167858.075
1806689,IT,WF,WHOLE,DAIRY,0.06,6714.074,3,3,6714.074,0.0,0.0,0.0,0.0,111901.233333
1753631,IT,CA,MACHI,WOOD2,0.04,6713.738,3,3,6713.738,0.0,0.0,0.0,0.0,167843.45
1751872,IT,CN,COMPU,NATUR,0.08,6713.713,3,3,6713.713,0.0,0.0,0.0,0.0,83921.4125
1712280,IT,LV,CHEM1,SANDC,0.01,6713.175,3,3,6713.175,0.0,0.0,0.0,0.0,671317.5
1648974,IT,BG,LEATH,WEARI,0.05,6712.815,3,3,6712.815,0.0,0.0,0.0,0.0,134256.3
1757397,IT,BR,WOODW,FORES,0.02,6712.799,3,3,6712.799,0.0,0.0,0.0,0.0,335639.95
1802466,IT,WE,SUPPO,TRANS,0.05,6712.688,3,3,6712.688,0.0,0.0,0.0,0.0,134253.76
1727419,IT,RO,FINAN,HOTEL,0.09,6712.586,3,3,6712.586,0.0,0.0,0.0,0.0,74584.288889
1747662,IT,JP,POSTT,BASIC,0.11,6712.233,3,3,6712.233,0.0,0.0,0.0,0.0,61020.3
1731753,IT,SI,PULP5,93197,0.02,6712.1,3,3,6712.1,0.0,0.0,0.0,0.0,335605.0
1715383,IT,NL,PRINT,INLAN,0.06,6712.053,3,3,6712.053,0.0,0.0,0.0,0.0,111867.55
1797885,IT,WL,WASTE,CRUDE,0.02,6711.999,3,3,6711.999,0.0,0.0,0.0,0.0,335599.95
1745974,IT,JP,WOODW,SALEM,0.02,6711.965,3,3,6711.965,0.0,0.0,0.0,0.0,335598.25
1648761,IT,BG,BEVER,CHEMI,0.03,6711.878,3,3,6711.878,0.0,0.0,0.0,0.0,223729.266667
1792810,IT,WA,PUBLI,RETA1,0.11,6711.704,3,3,6711.704,0.0,0.0,0.0,0.0,61015.490909
1781300,IT,NO,VEGE1,MEATP,0.02,6711.467,3,3,6711.467,0.0,0.0,0.0,0.0,335573.35
1731315,IT,SI,VEGE1,FINAN,0.02,6711.092,3,3,6711.092,0.0,0.0,0.0,0.0,335554.6
1664537,IT,EE,FURNI,AIRTR,0.02,6710.994,3,3,6710.994,0.0,0.0,0.0,0.0,335549.7
1717627,IT,NL,BUSIN,SANDC,0.07,6710.992,3,3,6710.992,0.0,0.0,0.0,0.0,95871.314286
1754455,IT,CA,BUSIN,OILSE,0.07,6710.21,3,3,6710.21,0.0,0.0,0.0,0.0,95860.142857
1650116,IT,BG,OFFIC,RETAI,0.02,6709.989,3,3,6709.989,0.0,0.0,0.0,0.0,335499.45
1687158,IT,HU,FURNI,BASIC,0.02,6709.973,3,3,6709.973,0.0,0.0,0.0,0.0,335498.65
1753623,IT,CA,MACHI,PAPE3,0.04,6709.618,3,3,6709.618,0.0,0.0,0.0,0.0,167740.45
1741163,IT,US,LEATH,ELECT,0.05,6709.301,3,3,6709.301,0.0,0.0,0.0,0.0,134186.02
1726086,IT,RO,RUBBE,WHITE,0.02,6708.802,3,3,6708.802,0.0,0.0,0.0,0.0,335440.1
1770592,IT,AU,POSTT,DIST1,0.11,6708.414,3,3,6708.414,0.0,0.0,0.0,0.0,60985.581818
1641743,IT,AT,CHEM1,NATUR,0.01,6708.409,3,3,6708.409,0.0,0.0,0.0,0.0,670840.9
1772997,IT,CH,PREC1,WASTE,0.01,6708.299,3,3,6708.299,0.0,0.0,0.0,0.0,670829.9
1780299,IT,TW,LANDT,PUBLI,0.04,6708.041,3,3,6708.041,0.0,0.0,0.0,0.0,167701.025
1650152,IT,BG,MOTO1,CHEM1,0.04,6707.731,3,3,6707.731,0.0,0.0,0.0,0.0,167693.275
1678299,IT,FR,FOOD3,SALEM,0.02,6707.703,3,3,6707.703,0.0,0.0,0.0,0.0,335385.15
1689398,IT,IE,HOTEL,CROPS,0.05,6707.603,3,3,6707.603,0.0,0.0,0.0,0.0,134152.06
1729959,IT,SE,CONST,MACHI,0.04,6707.572,3,3,6707.572,0.0,0.0,0.0,0.0,167689.3
1803512,IT,WF,VEGE1,PROCE,0.02,6707.452,3,3,6707.452,0.0,0.0,0.0,0.0,335372.6
1664054,IT,EE,CHEM1,MEATC,0.01,6707.353,3,3,6707.353,0.0,0.0,0.0,0.0,670735.3
1743259,IT,US,FURNI,BEVER,0.02,6707.219,3,3,6707.219,0.0,0.0,0.0,0.0,335360.95
1725980,IT,RO,CHEM1,NONSP,0.01,6707.162,3,3,6707.162,0.0,0.0,0.0,0.0,670716.2
1715079,IT,NL,WEARI,WOODW,0.05,6707.11,3,3,6707.11,0.0,0.0,0.0,0.0,134142.2
1736218,IT,SK,RETA1,FORES,0.07,6706.978,3,3,6706.978,0.0,0.0,0.0,0.0,95813.971429
1736917,IT,SK,BUSIN,MEMBE,0.07,6706.501,3,3,6706.501,0.0,0.0,0.0,0.0,95807.157143
1789074,IT,WA,WHITE,CHARC,0.04,6706.161,3,3,6706.161,0.0,0.0,0.0,0.0,167654.025
1753619,IT,CA,MACHI,TEXT1,0.04,6706.136,3,3,6706.136,0.0,0.0,0.0,0.0,167653.4
1784400,IT,ID,CERAM,CERAM,0.01,6705.518,3,3,6705.518,0.0,0.0,0.0,0.0,670551.8
1681728,IT,HR,CRUDE,GASDI,0.01,6705.324,3,3,6705.324,0.0,0.0,0.0,0.0,670532.4
1655170,IT,CZ,BUSIN,ELEC8,0.07,6705.274,3,3,6705.274,0.0,0.0,0.0,0.0,95789.628571
1777183,IT,TR,RUBBE,OILSE,0.02,6705.133,3,3,6705.133,0.0,0.0,0.0,0.0,335256.65
1731474,IT,SI,BEVER,ELEC4,0.03,6704.563,3,3,6704.563,0.0,0.0,0.0,0.0,223485.433333
1662726,IT,DK,OFFIC,CRUDE,0.02,6704.303,3,3,6704.303,0.0,0.0,0.0,0.0,335215.15
1735591,IT,SK,COPP1,MEAT1,0.02,6704.214,3,3,6704.214,0.0,0.0,0.0,0.0,335210.7
1767326,IT,RU,HOTEL,FOOD4,0.05,6704.13,3,3,6704.13,0.0,0.0,0.0,0.0,134082.6
1654161,IT,CZ,MOTO1,BRICK,0.04,6704.083,3,3,6704.083,0.0,0.0,0.0,0.0,167602.075
1647959,IT,BE,RENTI,CEMEN,0.04,6703.749,3,3,6703.749,0.0,0.0,0.0,0.0,167593.725
1655464,IT,DE,FORES,93197,0.06,6702.877,4,4,6699.877,0.0,3.0,0.0,0.0,111714.616667
1731460,IT,SI,BEVER,PULP5,0.03,6702.812,3,3,6702.812,0.0,0.0,0.0,0.0,223427.066667
1649928,IT,BG,FABRI,BIOGA,0.03,6702.357,3,3,6702.357,0.0,0.0,0.0,0.0,223411.9
1677697,IT,FR,RENTI,COPP1,0.04,6702.224,3,3,6702.224,0.0,0.0,0.0,0.0,167555.6
1812862,IT,WM,FABRI,ELEC4,0.03,6702.131,3,3,6702.131,0.0,0.0,0.0,0.0,223404.366667
1808472,IT,WF,FOOD4,COPP1,0.05,6702.013,3,3,6702.013,0.0,0.0,0.0,0.0,134040.26
1641973,IT,AT,RUBBE,PFERT,0.02,6701.992,3,3,6701.992,0.0,0.0,0.0,0.0,335099.6
1672743,IT,FR,MEATC,FISHF,0.02,6701.912,3,3,6701.912,0.0,0.0,0.0,0.0,335095.6
1729820,IT,SE,OFFIC,PRINT,0.02,6701.666,3,3,6701.666,0.0,0.0,0.0,0.0,335083.3
1744115,IT,US,SUPPO,COPP1,0.05,6701.342,3,3,6701.342,0.0,0.0,0.0,0.0,134026.84
1793942,IT,WL,LEATH,OFFIC,0.05,6701.115,3,3,6701.115,0.0,0.0,0.0,0.0,134022.3
1779463,IT,TR,RENTI,SANDC,0.04,6700.82,3,3,6700.82,0.0,0.0,0.0,0.0,167520.5
1657596,IT,DE,GLASS,STEAM,0.02,6700.775,3,3,6700.775,0.0,0.0,0.0,0.0,335038.75
1762548,IT,IN,INSUR,HEALT,0.14,6700.456,3,3,6700.456,0.0,0.0,0.0,0.0,47860.4
1791537,IT,WA,RETA1,NFERT,0.07,6700.454,3,3,6700.454,0.0,0.0,0.0,0.0,95720.771429
1812658,IT,WM,COPP1,BITU1,0.02,6700.412,3,3,6700.412,0.0,0.0,0.0,0.0,335020.6
1769606,IT,AU,FABRI,SUBBI,0.03,6700.349,3,3,6700.349,0.0,0.0,0.0,0.0,223344.966667
1768497,IT,AU,FOOD5,MEATP,0.03,6699.872,3,3,6699.872,0.0,0.0,0.0,0.0,223329.066667
1775819,IT,TR,CHEMI,RADIO,0.02,6699.495,3,3,6699.495,0.0,0.0,0.0,0.0,334974.75
1782999,IT,NO,POSTT,RETA1,0.11,6699.438,3,3,6699.438,0.0,0.0,0.0,0.0,60903.981818
1776271,IT,TR,PAPER,FISHF,0.03,6698.674,3,3,6698.674,0.0,0.0,0.0,0.0,223289.133333
1802857,IT,WE,FOOD2,PUBLI,0.04,6698.448,3,3,6698.448,0.0,0.0,0.0,0.0,167461.2
1757851,IT,BR,CHEM1,VEGE1,0.01,6697.87,3,3,6697.87,0.0,0.0,0.0,0.0,669787.0
1743316,IT,US,FURNI,WASTE,0.02,6697.854,3,3,6697.854,0.0,0.0,0.0,0.0,334892.7
1813592,IT,WM,WHOLE,RAILW,0.06,6697.148,3,3,6697.148,0.0,0.0,0.0,0.0,111619.133333
1786743,IT,ZA,RETA1,AIRTR,0.07,6697.133,3,3,6697.133,0.0,0.0,0.0,0.0,95673.328571
1665225,IT,ES,FOOD5,SUPPO,0.03,6696.727,3,3,6696.727,0.0,0.0,0.0,0.0,223224.233333
1774436,IT,CH,RAILW,REALE,0.04,6696.58,3,3,6696.58,0.0,0.0,0.0,0.0,167414.5
1735020,IT,SK,PLAST,FOUND,0.01,6696.562,3,3,6696.562,0.0,0.0,0.0,0.0,669656.2
1791785,IT,WA,LANDT,OILSE,0.04,6696.473,3,3,6696.473,0.0,0.0,0.0,0.0,167411.825
1764544,IT,MX,SALEM,SALEM,0.05,6695.936,3,3,6695.936,0.0,0.0,0.0,0.0,133918.72
1745101,IT,US,PUBLI,PAPE3,0.11,6695.918,3,3,6695.918,0.0,0.0,0.0,0.0,60871.981818
1677835,IT,FR,BUSIN,SUGAR,0.07,6695.736,3,3,6695.736,0.0,0.0,0.0,0.0,95653.371429
1746585,IT,JP,PREC1,NUCLE,0.01,6695.712,3,3,6695.712,0.0,0.0,0.0,0.0,669571.2
1665982,IT,ES,MOTOR,SECO9,0.01,6695.692,3,3,6695.692,0.0,0.0,0.0,0.0,669569.2
1727195,IT,RO,TRAN2,FOOD3,0.01,6695.587,3,3,6695.587,0.0,0.0,0.0,0.0,669558.7
1660323,IT,DE,FINAN,PIGS9,0.09,6695.089,3,3,6695.089,0.0,0.0,0.0,0.0,74389.877778
1802823,IT,WE,EDUCA,INSUR,0.17,6695.002,3,3,6695.002,0.0,0.0,0.0,0.0,39382.364706
1732970,IT,SI,ALUM1,TRAN2,0.01,6694.807,3,3,6694.807,0.0,0.0,0.0,0.0,669480.7
1645055,IT,BE,PAPER,HEAVY,0.03,6694.561,3,3,6694.561,0.0,0.0,0.0,0.0,223152.033333
1797456,IT,WL,RESEA,PLAST,0.04,6694.43,3,3,6694.43,0.0,0.0,0.0,0.0,167360.75
1762061,IT,IN,RETA1,WOODW,0.07,6694.33,3,3,6694.33,0.0,0.0,0.0,0.0,95633.285714
1680626,IT,GR,SALEM,HOTEL,0.05,6694.181,3,3,6694.181,0.0,0.0,0.0,0.0,133883.62
1770668,IT,AU,INSUR,BITUM,0.14,6694.076,3,3,6694.076,0.0,0.0,0.0,0.0,47814.828571
1754737,IT,KR,DAIRY,PLAST,0.03,6693.471,3,3,6693.471,0.0,0.0,0.0,0.0,223115.7
1780307,IT,TW,TRAN2,LIQUE,0.01,6693.398,3,3,6693.398,0.0,0.0,0.0,0.0,669339.8
1678680,IT,GR,VEGE1,MEATP,0.02,6693.341,3,3,6693.341,0.0,0.0,0.0,0.0,334667.05
1663639,IT,DK,BUSIN,STEAM,0.07,6693.308,3,3,6693.308,0.0,0.0,0.0,0.0,95618.685714
1742333,IT,US,CEMEN,PAPE3,0.01,6693.241,3,3,6693.241,0.0,0.0,0.0,0.0,669324.1
1644468,IT,BE,VEGE1,CONST,0.02,6692.833,3,3,6692.833,0.0,0.0,0.0,0.0,334641.65
1687047,IT,HU,MOTO1,BEVER,0.04,6692.497,3,3,6692.497,0.0,0.0,0.0,0.0,167312.425
1762829,IT,IN,PUBLI,MOTO1,0.11,6691.6,3,3,6691.6,0.0,0.0,0.0,0.0,60832.727273
1761906,IT,IN,FURNI,FISH5,0.02,6691.139,3,3,6691.139,0.0,0.0,0.0,0.0,334556.95
1789568,IT,WA,BIODI,LEATH,0.01,6691.062,3,3,6691.062,0.0,0.0,0.0,0.0,669106.2
1642583,IT,AT,FABRI,ANIMA,0.03,6690.795,3,3,6690.795,0.0,0.0,0.0,0.0,223026.5
1723892,IT,PT,FURNI,GLASS,0.02,6690.748,3,3,6690.748,0.0,0.0,0.0,0.0,334537.4
1780778,IT,TW,RENTI,FURNI,0.04,6690.722,3,3,6690.722,0.0,0.0,0.0,0.0,167268.05
1644352,IT,BE,CHEMI,WOODW,0.02,6690.721,3,3,6690.721,0.0,0.0,0.0,0.0,334536.05
1640234,IT,AT,FORES,RENTI,0.06,6690.632,4,4,6687.632,0.0,3.0,0.0,0.0,111510.533333
1751520,IT,CN,SUPPO,TRANS,0.05,6689.913,3,3,6689.913,0.0,0.0,0.0,0.0,133798.26
1668691,IT,ES,LANDT,CHEMI,0.04,6689.808,3,3,6689.808,0.0,0.0,0.0,0.0,167245.2
1659707,IT,DE,RAILW,BRICK,0.04,6689.615,3,3,6689.615,0.0,0.0,0.0,0.0,167240.375
1648685,IT,BG,SUGA1,SUPPO,0.02,6689.598,3,3,6689.598,0.0,0.0,0.0,0.0,334479.9
1774544,IT,CH,TRAN2,MEMBE,0.01,6689.285,3,3,6689.285,0.0,0.0,0.0,0.0,668928.5
1768795,IT,AU,LEATH,RAWMI,0.05,6689.186,3,3,6689.186,0.0,0.0,0.0,0.0,133783.72
1735651,IT,SK,FABRI,VEGET,0.03,6689.105,3,3,6689.105,0.0,0.0,0.0,0.0,222970.166667
1665481,IT,ES,WEARI,GLASS,0.05,6688.827,3,3,6688.827,0.0,0.0,0.0,0.0,133776.54
1666955,IT,ES,CERAM,ELEC2,0.01,6688.571,3,3,6688.571,0.0,0.0,0.0,0.0,668857.1
1749791,IT,CN,ADDIT,DIST1,0.02,6688.249,3,3,6688.249,0.0,0.0,0.0,0.0,334412.45
1684867,IT,HU,STONE,HOTEL,0.02,6688.026,3,3,6688.026,0.0,0.0,0.0,0.0,334401.3
1719685,IT,PL,NONME,FISH5,0.01,6687.674,3,3,6687.674,0.0,0.0,0.0,0.0,668767.4
1647475,IT,BE,SUPPO,MEATP,0.05,6687.638,3,3,6687.638,0.0,0.0,0.0,0.0,133752.76
1755777,IT,KR,GLASS,PRIVA,0.02,6687.527,3,3,6687.527,0.0,0.0,0.0,0.0,334376.35
1736237,IT,SK,RETA1,WHOLE,0.07,6687.437,3,3,6687.437,0.0,0.0,0.0,0.0,95534.814286
1792967,IT,WA,PLAS1,RESEA,0.02,6687.424,3,3,6687.424,0.0,0.0,0.0,0.0,334371.2
1651991,IT,CZ,VEGET,PIGS9,0.02,6687.118,3,3,6687.118,0.0,0.0,0.0,0.0,334355.9
1652176,IT,CZ,VEGE1,PUBLI,0.02,6687.113,3,3,6687.113,0.0,0.0,0.0,0.0,334355.65
1799375,IT,WE,PULP5,PFERT,0.02,6686.878,3,3,6686.878,0.0,0.0,0.0,0.0,334343.9
1711435,IT,LU,HOTEL,RECRE,0.05,6686.745,3,3,6686.745,0.0,0.0,0.0,0.0,133734.9
1642159,IT,AT,CERAM,ELEC5,0.01,6686.48,3,3,6686.48,0.0,0.0,0.0,0.0,668648.0
1780282,IT,TW,LANDT,ELEC2,0.04,6686.142,3,3,6686.142,0.0,0.0,0.0,0.0,167153.55
1687965,IT,HU,RENTI,CHEM1,0.04,6686.097,3,3,6686.097,0.0,0.0,0.0,0.0,167152.425
1799528,IT,WE,PRINT,BEVER,0.06,6685.922,3,3,6685.922,0.0,0.0,0.0,0.0,111432.033333
1674818,IT,FR,CEMEN,FOOD4,0.01,6685.536,3,3,6685.536,0.0,0.0,0.0,0.0,668553.6
1717563,IT,NL,COMPU,PLAST,0.08,6685.12,3,3,6685.12,0.0,0.0,0.0,0.0,83564.0
1767130,IT,RU,FURNI,INERT,0.02,6684.882,3,3,6684.882,0.0,0.0,0.0,0.0,334244.1
1744974,IT,US,BUSIN,PLAS1,0.07,6684.854,3,3,6684.854,0.0,0.0,0.0,0.0,95497.914286
1685706,IT,HU,NAPHT,FURNI,0.01,6684.363,3,3,6684.363,0.0,0.0,0.0,0.0,668436.3
1795343,IT,WL,NONME,MEDIC,0.01,6683.956,3,3,6683.956,0.0,0.0,0.0,0.0,668395.6
1783292,IT,NO,FOODW,HEALT,0.05,6683.924,3,3,6683.924,0.0,0.0,0.0,0.0,133678.48
1761745,IT,IN,MACHI,BITU1,0.04,6683.483,3,3,6683.483,0.0,0.0,0.0,0.0,167087.075
1795289,IT,WL,CEMEN,PRECI,0.01,6683.435,3,3,6683.435,0.0,0.0,0.0,0.0,668343.5
1797103,IT,WL,POSTT,VEGE1,0.11,6683.018,3,3,6683.018,0.0,0.0,0.0,0.0,60754.709091
1666812,IT,ES,RUBBE,TEXT1,0.02,6682.948,3,3,6682.948,0.0,0.0,0.0,0.0,334147.4
1746789,IT,JP,MACHI,GASDI,0.04,6682.891,3,3,6682.891,0.0,0.0,0.0,0.0,167072.275
1741939,IT,US,CHEM1,ELEC7,0.01,6682.762,3,3,6682.762,0.0,0.0,0.0,0.0,668276.2
1649818,IT,BG,ALUM1,WEARI,0.01,6682.58,3,3,6682.58,0.0,0.0,0.0,0.0,668258.0
1686749,IT,HU,COPP1,FOOD2,0.02,6682.576,3,3,6682.576,0.0,0.0,0.0,0.0,334128.8
1710407,IT,LT,RAILW,MOTOR,0.04,6682.57,3,3,6682.57,0.0,0.0,0.0,0.0,167064.25
1801874,IT,WE,CONST,PAPER,0.04,6682.299,3,3,6682.299,0.0,0.0,0.0,0.0,167057.475
1798218,IT,WE,VEGET,LIQUE,0.02,6682.1,3,3,6682.1,0.0,0.0,0.0,0.0,334105.0
1653714,IT,CZ,COPP1,FOOD5,0.02,6682.099,3,3,6682.099,0.0,0.0,0.0,0.0,334104.95
1730479,IT,SE,POSTT,OILHA,0.11,6682.095,3,3,6682.095,0.0,0.0,0.0,0.0,60746.318182
1769707,IT,AU,MACHI,ANIMA,0.04,6681.98,3,3,6681.98,0.0,0.0,0.0,0.0,167049.5
1814462,IT,WM,COMPU,HOTEL,0.08,6681.88,3,3,6681.88,0.0,0.0,0.0,0.0,83523.5
1735859,IT,SK,OFFIC,WHEAT,0.02,6681.853,3,3,6681.853,0.0,0.0,0.0,0.0,334092.65
1766922,IT,RU,MOTO1,CEREA,0.04,6681.446,3,3,6681.446,0.0,0.0,0.0,0.0,167036.15
1814761,IT,WM,FOOD2,LANDT,0.04,6680.938,3,3,6680.938,0.0,0.0,0.0,0.0,167023.45
1670869,IT,FI,PLAST,BIODI,0.01,6680.629,3,3,6680.629,0.0,0.0,0.0,0.0,668062.9
1724570,IT,PT,POSTT,93197,0.11,6680.531,3,3,6680.531,0.0,0.0,0.0,0.0,60732.1
1647316,IT,BE,TRAN2,TRANS,0.01,6680.416,3,3,6680.416,0.0,0.0,0.0,0.0,668041.6
1662084,IT,DK,CHEM1,SECO9,0.01,6680.305,3,3,6680.305,0.0,0.0,0.0,0.0,668030.5
1652989,IT,CZ,PLAST,POULT,0.01,6680.126,3,3,6680.126,0.0,0.0,0.0,0.0,668012.6
1731298,IT,SI,VEGE1,MEAT4,0.02,6679.987,3,3,6679.987,0.0,0.0,0.0,0.0,333999.35
1641831,IT,AT,CHEM1,INSUR,0.01,6679.741,3,3,6679.741,0.0,0.0,0.0,0.0,667974.1
1791064,IT,WA,TRANS,TOBAC,0.04,6679.698,3,3,6679.698,0.0,0.0,0.0,0.0,166992.45
1773403,IT,CH,OFFIC,CROPS,0.02,6679.681,3,3,6679.681,0.0,0.0,0.0,0.0,333984.05
1722062,IT,PL,BUSIN,HYDRO,0.07,6679.485,3,3,6679.485,0.0,0.0,0.0,0.0,95421.214286
1768273,IT,AU,VEGET,PROCE,0.02,6679.473,3,3,6679.473,0.0,0.0,0.0,0.0,333973.65
1771572,IT,CH,TEXTI,ELEC3,0.04,6679.469,3,3,6679.469,0.0,0.0,0.0,0.0,166986.725
1664138,IT,EE,RUBBE,NONF1,0.02,6679.351,3,3,6679.351,0.0,0.0,0.0,0.0,333967.55
1781116,IT,TW,PUBLI,RECRE,0.11,6679.121,3,3,6679.121,0.0,0.0,0.0,0.0,60719.281818
1669481,IT,ES,AUXIL,GASDI,0.12,6678.518,3,3,6678.518,0.0,0.0,0.0,0.0,55654.316667
1648817,IT,BG,FISH5,RETA1,0.03,6678.447,4,4,6678.444,0.0,0.0,0.0,0.003,222614.9
1713285,IT,MT,PRINT,POSTT,0.06,6678.381,3,3,6678.381,0.0,0.0,0.0,0.0,111306.35
1739456,IT,GB,LANDT,REFI1,0.04,6677.805,3,3,6677.805,0.0,0.0,0.0,0.0,166945.125
1801589,IT,WE,TRANS,ELECT,0.04,6677.796,3,3,6677.796,0.0,0.0,0.0,0.0,166944.9
1754317,IT,CA,INSUR,PRINT,0.14,6677.64,3,3,6677.64,0.0,0.0,0.0,0.0,47697.428571
1673531,IT,FR,LEATH,ELECT,0.05,6677.459,3,3,6677.459,0.0,0.0,0.0,0.0,133549.18
1734266,IT,SI,COMPU,SUPPO,0.08,6677.345,3,3,6677.345,0.0,0.0,0.0,0.0,83466.8125
1738904,IT,GB,FURNI,BASIC,0.02,6677.009,3,3,6677.009,0.0,0.0,0.0,0.0,333850.45
1689438,IT,IE,HOTEL,PREC1,0.05,6676.819,3,3,6676.819,0.0,0.0,0.0,0.0,133536.38
1752767,IT,CA,WOODW,ALUM1,0.02,6676.189,3,3,6676.189,0.0,0.0,0.0,0.0,333809.45
1647470,IT,BE,SUPPO,RAWMI,0.05,6675.93,3,3,6675.93,0.0,0.0,0.0,0.0,133518.6
1748234,IT,JP,TEXT1,TRANS,0.05,6675.881,3,3,6675.881,0.0,0.0,0.0,0.0,133517.62
1803731,IT,WF,FISH5,DAIRY,0.03,6675.856,4,4,6675.853,0.0,0.0,0.0,0.003,222528.533333
1690469,IT,IE,PAPE4,FABRI,0.04,6675.754,3,3,6675.754,0.0,0.0,0.0,0.0,166893.85
1806721,IT,WF,WHOLE,NONF1,0.06,6675.453,3,3,6675.453,0.0,0.0,0.0,0.0,111257.55
1803205,IT,WF,CROPS,ALUM1,0.05,6675.442,3,3,6675.442,0.0,0.0,0.0,0.0,133508.84
1756251,IT,KR,MACHI,FOODW,0.04,6675.207,3,3,6675.207,0.0,0.0,0.0,0.0,166880.175
1744630,IT,US,RENTI,FOODW,0.04,6675.155,3,3,6675.155,0.0,0.0,0.0,0.0,166878.875
1670988,IT,FI,CHEM1,PLAS1,0.01,6674.645,3,3,6674.645,0.0,0.0,0.0,0.0,667464.5
1659496,IT,DE,RETA1,LEAD1,0.07,6674.356,3,3,6674.356,0.0,0.0,0.0,0.0,95347.942857
1660141,IT,DE,SUPPO,RAWMI,0.05,6674.348,3,3,6674.348,0.0,0.0,0.0,0.0,133486.96
1661937,IT,DK,PRINT,PRIVA,0.06,6674.286,3,3,6674.286,0.0,0.0,0.0,0.0,111238.1
1806936,IT,WF,RAILW,AUXIL,0.04,6674.165,3,3,6674.165,0.0,0.0,0.0,0.0,166854.125
1794199,IT,WL,PRINT,FOUND,0.06,6673.97,3,3,6673.97,0.0,0.0,0.0,0.0,111232.833333
1664789,IT,ES,CEREA,HEALT,0.01,6673.835,3,3,6673.835,0.0,0.0,0.0,0.0,667383.5
1716384,IT,NL,MACHI,CEMEN,0.04,6673.758,3,3,6673.758,0.0,0.0,0.0,0.0,166843.95
1670357,IT,FI,VEGE1,HEALT,0.02,6673.528,3,3,6673.528,0.0,0.0,0.0,0.0,333676.4
1748060,IT,JP,BUSIN,SECO9,0.07,6673.499,3,3,6673.499,0.0,0.0,0.0,0.0,95335.7
1725874,IT,RO,HEAVY,SUGA1,0.01,6673.331,3,3,6673.331,0.0,0.0,0.0,0.0,667333.1
1655095,IT,CZ,COMPU,RENTI,0.08,6673.308,3,3,6673.308,0.0,0.0,0.0,0.0,83416.35
1747659,IT,JP,POSTT,CHEM1,0.11,6673.085,3,3,6673.085,0.0,0.0,0.0,0.0,60664.409091
1760598,IT,IN,WOODW,COPP1,0.02,6672.798,3,3,6672.798,0.0,0.0,0.0,0.0,333639.9
1747148,IT,JP,CONST,NAPHT,0.04,6672.767,3,3,6672.767,0.0,0.0,0.0,0.0,166819.175
1748722,IT,CN,BEVER,HEAVY,0.03,6672.713,3,3,6672.713,0.0,0.0,0.0,0.0,222423.766667
1664862,IT,ES,FORES,FOOD5,0.06,6672.639,4,4,6669.639,0.0,3.0,0.0,0.0,111210.65
1718445,IT,PL,TEXTI,WHEAT,0.04,6672.23,3,3,6672.23,0.0,0.0,0.0,0.0,166805.75
1796236,IT,WL,FURNI,RENTI,0.02,6671.817,3,3,6671.817,0.0,0.0,0.0,0.0,333590.85
1733504,IT,SI,WHOLE,COPP1,0.06,6671.619,3,3,6671.619,0.0,0.0,0.0,0.0,111193.65
1791301,IT,WA,CONST,FINAN,0.04,6671.481,3,3,6671.481,0.0,0.0,0.0,0.0,166787.025
1742027,IT,US,ADDIT,PAPE1,0.02,6671.481,3,3,6671.481,0.0,0.0,0.0,0.0,333574.05
1774874,IT,CH,FINAN,COMPU,0.09,6671.287,3,3,6671.287,0.0,0.0,0.0,0.0,74125.411111
1672294,IT,FI,RENTI,LANDT,0.04,6671.13,3,3,6671.13,0.0,0.0,0.0,0.0,166778.25
1710215,IT,LT,OFFIC,GASDI,0.02,6671.069,3,3,6671.069,0.0,0.0,0.0,0.0,333553.45
1764968,IT,MX,POSTT,SUPPO,0.11,6670.998,3,3,6670.998,0.0,0.0,0.0,0.0,60645.436364
1655646,IT,DE,CHEMI,CHEMI,0.02,6670.703,3,3,6670.703,0.0,0.0,0.0,0.0,333535.15
1714287,IT,MT,BUSIN,COMPU,0.07,6670.502,3,3,6670.502,0.0,0.0,0.0,0.0,95292.885714
1739067,IT,GB,RETAI,COMPU,0.05,6670.177,3,3,6670.177,0.0,0.0,0.0,0.0,133403.54
1768908,IT,AU,WOODW,RAILW,0.02,6669.971,3,3,6669.971,0.0,0.0,0.0,0.0,333498.55
1774048,IT,CH,RETAI,FOODW,0.05,6669.757,3,3,6669.757,0.0,0.0,0.0,0.0,133395.14
1782173,IT,NO,NONME,SALEM,0.01,6669.713,3,3,6669.713,0.0,0.0,0.0,0.0,666971.3
1740620,IT,US,CRUDE,COKEO,0.01,6669.641,3,3,6669.641,0.0,0.0,0.0,0.0,666964.1
1799150,IT,WE,WEARI,PREC1,0.05,6669.283,3,3,6669.283,0.0,0.0,0.0,0.0,133385.66
1642033,IT,AT,RUBBE,PAPE1,0.02,6669.232,3,3,6669.232,0.0,0.0,0.0,0.0,333461.6
1724391,IT,PT,INLAN,BASIC,0.01,6669.171,3,3,6669.171,0.0,0.0,0.0,0.0,666917.1
1688284,IT,IE,FORES,STONE,0.06,6669.148,4,4,6666.148,0.0,3.0,0.0,0.0,111152.466667
1792134,IT,WA,SUPPO,POULT,0.05,6669.085,3,3,6669.085,0.0,0.0,0.0,0.0,133381.7
1739945,IT,GB,INSUR,PUBLI,0.14,6668.899,3,3,6668.899,0.0,0.0,0.0,0.0,47634.992857
1655622,IT,DE,SANDC,RAILW,0.02,6668.746,4,4,6667.746,0.0,0.0,1.0,0.0,333437.3
1803970,IT,WF,LEATH,MEATC,0.05,6668.632,3,3,6668.632,0.0,0.0,0.0,0.0,133372.64
1778134,IT,TR,TRANS,BASIC,0.04,6668.577,3,3,6668.577,0.0,0.0,0.0,0.0,166714.425
1732495,IT,SI,RUBBE,VEGET,0.02,6668.473,3,3,6668.473,0.0,0.0,0.0,0.0,333423.65
1725173,IT,RO,VEGE1,CONST,0.02,6668.412,3,3,6668.412,0.0,0.0,0.0,0.0,333420.6
1687835,IT,HU,FINAN,OFFIC,0.09,6668.1,3,3,6668.1,0.0,0.0,0.0,0.0,74090.0
1785653,IT,ZA,HEAVY,BASIC,0.01,6668.066,3,3,6668.066,0.0,0.0,0.0,0.0,666806.6
1672976,IT,FR,DAIRY,WASTE,0.03,6668.014,3,3,6668.014,0.0,0.0,0.0,0.0,222267.133333
1732359,IT,SI,PETRO,CERAM,0.01,6667.961,3,3,6667.961,0.0,0.0,0.0,0.0,666796.1
1780270,IT,TW,LANDT,ALUM1,0.04,6667.853,3,3,6667.853,0.0,0.0,0.0,0.0,166696.325
1797631,IT,WL,FOODW,RESEA,0.05,6667.501,3,3,6667.501,0.0,0.0,0.0,0.0,133350.02
1767063,IT,RU,FURNI,PULP5,0.02,6667.163,3,3,6667.163,0.0,0.0,0.0,0.0,333358.15
1717809,IT,NL,FOOD2,FOODW,0.04,6667.01,3,3,6667.01,0.0,0.0,0.0,0.0,166675.25
1689088,IT,IE,FURNI,SEACO,0.02,6666.773,3,3,6666.773,0.0,0.0,0.0,0.0,333338.65
1814739,IT,WM,OILHA,REALE,0.04,6666.543,3,3,6666.543,0.0,0.0,0.0,0.0,166663.575
1727277,IT,RO,SUPPO,PAPE4,0.05,6666.474,3,3,6666.474,0.0,0.0,0.0,0.0,133329.48
1719925,IT,PL,PREC1,BRICK,0.01,6665.782,3,3,6665.782,0.0,0.0,0.0,0.0,666578.2
1728332,IT,SE,TEXTI,RAWMI,0.04,6665.698,3,3,6665.698,0.0,0.0,0.0,0.0,166642.45
1764931,IT,MX,SUPPO,RETA1,0.05,6665.238,3,3,6665.238,0.0,0.0,0.0,0.0,133304.76
1735024,IT,SK,PLAST,MEDIC,0.01,6665.186,3,3,6665.186,0.0,0.0,0.0,0.0,666518.6
1784505,IT,ID,FABRI,GLASS,0.03,6665.131,3,3,6665.131,0.0,0.0,0.0,0.0,222171.033333
1778467,IT,TR,WHOLE,RAILW,0.06,6664.913,3,3,6664.913,0.0,0.0,0.0,0.0,111081.883333
1783372,IT,NO,PLAS1,MOTO1,0.02,6664.528,3,3,6664.528,0.0,0.0,0.0,0.0,333226.4
1773840,IT,CH,ELEC4,WASTE,0.11,6664.075,3,3,6664.075,0.0,0.0,0.0,0.0,60582.5
1731538,IT,SI,TOBAC,RESEA,0.03,6664.025,3,3,6664.025,0.0,0.0,0.0,0.0,222134.166667
1675708,IT,FR,TRANS,PLAS2,0.04,6664.021,3,3,6664.021,0.0,0.0,0.0,0.0,166600.525
1689074,IT,IE,FURNI,CHEM1,0.02,6663.717,3,3,6663.717,0.0,0.0,0.0,0.0,333185.85
1762909,IT,MX,CHEMI,PIGS9,0.02,6663.571,3,3,6663.571,0.0,0.0,0.0,0.0,333178.55
1711984,IT,LV,VEGET,CONST,0.02,6663.546,3,3,6663.546,0.0,0.0,0.0,0.0,333177.3
1685960,IT,HU,BIOGA,FOOD5,0.01,6663.45,3,3,6663.45,0.0,0.0,0.0,0.0,666345.0
1810113,IT,WM,TEXTI,INERT,0.04,6663.302,3,3,6663.302,0.0,0.0,0.0,0.0,166582.55
1684139,IT,HR,LANDT,VEGE1,0.04,6663.017,3,3,6663.017,0.0,0.0,0.0,0.0,166575.425
1717025,IT,NL,LANDT,BRICK,0.04,6662.835,3,3,6662.835,0.0,0.0,0.0,0.0,166570.875
1640752,IT,AT,TEXTI,ELECT,0.04,6662.688,3,3,6662.688,0.0,0.0,0.0,0.0,166567.2
1655705,IT,DE,CHEMI,RAILW,0.02,6662.516,3,3,6662.516,0.0,0.0,0.0,0.0,333125.8
1778512,IT,TR,RETA1,NONFE,0.07,6662.457,3,3,6662.457,0.0,0.0,0.0,0.0,95177.957143
1782575,IT,NO,TRANS,CONST,0.04,6662.352,3,3,6662.352,0.0,0.0,0.0,0.0,166558.8
1784977,IT,ID,INSUR,SEACO,0.14,6662.052,3,3,6662.052,0.0,0.0,0.0,0.0,47586.085714
1690318,IT,IE,FOOD2,PLAST,0.04,6661.996,3,3,6661.996,0.0,0.0,0.0,0.0,166549.9
1653045,IT,CZ,PLAST,ELEC2,0.01,6661.976,3,3,6661.976,0.0,0.0,0.0,0.0,666197.6
1673115,IT,FR,FOOD5,FOOD3,0.03,6661.805,3,3,6661.805,0.0,0.0,0.0,0.0,222060.166667
1795986,IT,WL,MOTO1,RADIO,0.04,6661.668,3,3,6661.668,0.0,0.0,0.0,0.0,166541.7
1775836,IT,TR,MEAT4,BRICK,0.04,6660.98,3,3,6660.98,0.0,0.0,0.0,0.0,166524.5
1802576,IT,WE,FINAN,LANDT,0.09,6660.776,3,3,6660.776,0.0,0.0,0.0,0.0,74008.622222
1802787,IT,WE,BUSIN,SALEM,0.07,6660.757,3,3,6660.757,0.0,0.0,0.0,0.0,95153.671429
1710204,IT,LT,MACHI,PAPE4,0.04,6660.101,3,3,6660.101,0.0,0.0,0.0,0.0,166502.525
1814456,IT,WM,COMPU,DISTR,0.08,6659.646,3,3,6659.646,0.0,0.0,0.0,0.0,83245.575
1803681,IT,WF,BEVER,WEARI,0.03,6659.599,3,3,6659.599,0.0,0.0,0.0,0.0,221986.633333
1810441,IT,WM,PULP5,LEAD1,0.02,6659.467,3,3,6659.467,0.0,0.0,0.0,0.0,332973.35
1806753,IT,WF,WHOLE,AUXIL,0.06,6659.246,3,3,6659.246,0.0,0.0,0.0,0.0,110987.433333
1642092,IT,AT,GLASS,RADIO,0.02,6659.164,3,3,6659.164,0.0,0.0,0.0,0.0,332958.2
1806972,IT,WF,LANDT,TEXTI,0.04,6659.071,3,3,6659.071,0.0,0.0,0.0,0.0,166476.775
1711414,IT,LU,HOTEL,CONST,0.05,6658.977,3,3,6658.977,0.0,0.0,0.0,0.0,133179.54
1728799,IT,SE,NAPHT,LUBRI,0.01,6658.703,3,3,6658.703,0.0,0.0,0.0,0.0,665870.3
1671890,IT,FI,HOTEL,POSTT,0.05,6658.091,3,3,6658.091,0.0,0.0,0.0,0.0,133161.82
1787118,IT,ZA,BUSIN,TRAN2,0.07,6657.495,3,3,6657.495,0.0,0.0,0.0,0.0,95107.071429
1758580,IT,BR,MOTO1,CHEM1,0.04,6657.421,3,3,6657.421,0.0,0.0,0.0,0.0,166435.525
1779304,IT,TR,INSUR,MEATC,0.14,6657.383,3,3,6657.383,0.0,0.0,0.0,0.0,47552.735714
1667747,IT,ES,OFFIC,FORES,0.02,6657.341,3,3,6657.341,0.0,0.0,0.0,0.0,332867.05
1717104,IT,NL,TRAN2,SUPPO,0.01,6657.273,3,3,6657.273,0.0,0.0,0.0,0.0,665727.3
1648002,IT,BE,COMPU,BEVER,0.08,6657.006,3,3,6657.006,0.0,0.0,0.0,0.0,83212.575
1775733,IT,TR,ANIMA,MEAT4,0.03,6656.898,3,3,6656.898,0.0,0.0,0.0,0.0,221896.6
1679191,IT,GR,PRINT,AUXIL,0.06,6656.713,3,3,6656.713,0.0,0.0,0.0,0.0,110945.216667
1660760,IT,DE,RENTI,WASTE,0.04,6656.703,3,3,6656.703,0.0,0.0,0.0,0.0,166417.575
1737991,IT,GB,CHEM1,PAPE1,0.01,6656.663,3,3,6656.663,0.0,0.0,0.0,0.0,665666.3
1802107,IT,WE,RETA1,FABRI,0.07,6656.602,3,3,6656.602,0.0,0.0,0.0,0.0,95094.314286
1714473,IT,NL,FORES,SEWAG,0.06,6656.527,4,4,6653.527,0.0,3.0,0.0,0.0,110942.116667
1785184,IT,ZA,FOOD5,RENTI,0.03,6656.527,3,3,6656.527,0.0,0.0,0.0,0.0,221884.233333
1730890,IT,SE,PAPE1,WHOLE,0.05,6656.139,3,3,6656.139,0.0,0.0,0.0,0.0,133122.78
1789800,IT,WA,GLASS,FOOD3,0.02,6656.054,3,3,6656.054,0.0,0.0,0.0,0.0,332802.7
1709993,IT,LT,ALUM1,FORES,0.01,6656.016,3,3,6656.016,0.0,0.0,0.0,0.0,665601.6
1657146,IT,DE,PLAST,ELEC2,0.01,6655.755,3,3,6655.755,0.0,0.0,0.0,0.0,665575.5
1774448,IT,CH,LANDT,CROPS,0.04,6655.652,3,3,6655.652,0.0,0.0,0.0,0.0,166391.3
1662286,IT,DK,NONME,MEATP,0.01,6655.59,3,3,6655.59,0.0,0.0,0.0,0.0,665559.0
1757361,IT,BR,WEARI,MOTO1,0.05,6655.528,3,3,6655.528,0.0,0.0,0.0,0.0,133110.56
1802033,IT,WE,WHOLE,MOTO1,0.06,6655.216,3,3,6655.216,0.0,0.0,0.0,0.0,110920.266667
1660967,IT,DE,BUSIN,PREC1,0.07,6655.121,3,3,6655.121,0.0,0.0,0.0,0.0,95073.157143
1771113,IT,CH,SANDC,OFFIC,0.02,6655.016,4,4,6654.016,0.0,0.0,1.0,0.0,332750.8
1718489,IT,PL,TEXTI,ALUM1,0.04,6654.318,3,3,6654.318,0.0,0.0,0.0,0.0,166357.95
1811710,IT,WM,ADDIT,PIGS9,0.02,6654.119,3,3,6654.119,0.0,0.0,0.0,0.0,332705.95
1762472,IT,IN,FINAN,DISTR,0.09,6653.941,3,3,6653.941,0.0,0.0,0.0,0.0,73932.677778
1717145,IT,NL,INLAN,RETA1,0.01,6653.346,3,3,6653.346,0.0,0.0,0.0,0.0,665334.6
1793811,IT,WL,TEXTI,VEGE1,0.04,6653.29,3,3,6653.29,0.0,0.0,0.0,0.0,166332.25
1735592,IT,SK,COPP1,TOBAC,0.02,6653.137,3,3,6653.137,0.0,0.0,0.0,0.0,332656.85
1711102,IT,LU,ALUM1,INTER,0.01,6653.134,3,3,6653.134,0.0,0.0,0.0,0.0,665313.4
1746755,IT,JP,MACHI,SUGAR,0.04,6652.558,3,3,6652.558,0.0,0.0,0.0,0.0,166313.95
1712364,IT,LV,GLASS,MEATP,0.02,6652.431,3,3,6652.431,0.0,0.0,0.0,0.0,332621.55
1690172,IT,IE,BUSIN,FISHF,0.07,6652.406,3,3,6652.406,0.0,0.0,0.0,0.0,95034.371429
1655156,IT,CZ,BUSIN,FOUND,0.07,6652.111,3,3,6652.111,0.0,0.0,0.0,0.0,95030.157143
1711266,IT,LU,MOTO1,RENTI,0.04,6652.003,3,3,6652.003,0.0,0.0,0.0,0.0,166300.075
1771904,IT,CH,PAPER,ANIMA,0.03,6651.333,3,3,6651.333,0.0,0.0,0.0,0.0,221711.1
1781503,IT,NO,TEXTI,MEATC,0.04,6651.126,3,3,6651.126,0.0,0.0,0.0,0.0,166278.15
1802469,IT,WE,SUPPO,SALEM,0.05,6650.429,3,3,6650.429,0.0,0.0,0.0,0.0,133008.58
1716269,IT,NL,FABRI,CEREA,0.03,6650.244,3,3,6650.244,0.0,0.0,0.0,0.0,221674.8
1654428,IT,CZ,WHOLE,HOTEL,0.06,6650.181,3,3,6650.181,0.0,0.0,0.0,0.0,110836.35
1729846,IT,SE,MOTO1,COPP1,0.04,6649.742,3,3,6649.742,0.0,0.0,0.0,0.0,166243.55
1666883,IT,ES,GLASS,NONF1,0.02,6648.479,3,3,6648.479,0.0,0.0,0.0,0.0,332423.95
1726610,IT,RO,MOTO1,KEROS,0.04,6648.081,3,3,6648.081,0.0,0.0,0.0,0.0,166202.025
1788421,IT,WA,PULP5,ANIMA,0.02,6648.002,3,3,6648.002,0.0,0.0,0.0,0.0,332400.1
1675500,IT,FR,OFFIC,FURNI,0.02,6647.539,3,3,6647.539,0.0,0.0,0.0,0.0,332376.95
1730084,IT,SE,RETA1,TRANS,0.07,6647.305,3,3,6647.305,0.0,0.0,0.0,0.0,94961.5
1710575,IT,LT,BUSIN,OFFIC,0.07,6647.187,3,3,6647.187,0.0,0.0,0.0,0.0,94959.814286
1673254,IT,FR,FISH5,DIST1,0.03,6647.185,4,4,6647.182,0.0,0.0,0.0,0.003,221572.833333
1786298,IT,ZA,FABRI,ELEC3,0.03,6646.971,3,3,6646.971,0.0,0.0,0.0,0.0,221565.7
1732732,IT,SI,CEMEN,DIST1,0.01,6646.594,3,3,6646.594,0.0,0.0,0.0,0.0,664659.4
1751050,IT,CN,WHOLE,AIRTR,0.06,6646.366,3,3,6646.366,0.0,0.0,0.0,0.0,110772.766667
1674817,IT,FR,CEMEN,WASTE,0.01,6646.291,3,3,6646.291,0.0,0.0,0.0,0.0,664629.1
1799551,IT,WE,PRINT,ALUM1,0.06,6646.121,3,3,6646.121,0.0,0.0,0.0,0.0,110768.683333
1763193,IT,MX,LEATH,SUPPO,0.05,6645.883,3,3,6645.883,0.0,0.0,0.0,0.0,132917.66
1664201,IT,EE,CERAM,WEARI,0.01,6645.844,3,3,6645.844,0.0,0.0,0.0,0.0,664584.4
1653430,IT,CZ,NONME,WEARI,0.01,6645.255,3,3,6645.255,0.0,0.0,0.0,0.0,664525.5
1745163,IT,US,93197,BUSIN,0.04,6645.154,3,3,6645.154,0.0,0.0,0.0,0.0,166128.85
1776770,IT,TR,LIQUE,COMPU,0.01,6645.085,3,3,6645.085,0.0,0.0,0.0,0.0,664508.5
1802684,IT,WE,RENTI,RESEA,0.04,6645.036,3,3,6645.036,0.0,0.0,0.0,0.0,166125.9
1659215,IT,DE,CONST,MEMBE,0.04,6644.978,3,3,6644.978,0.0,0.0,0.0,0.0,166124.45
1652354,IT,CZ,FISH5,PFERT,0.03,6644.751,4,4,6644.748,0.0,0.0,0.0,0.003,221491.7
1781704,IT,NO,WOODW,RETAI,0.02,6644.542,3,3,6644.542,0.0,0.0,0.0,0.0,332227.1
1664949,IT,ES,SANDC,CHEMI,0.02,6644.344,4,4,6643.344,0.0,0.0,1.0,0.0,332217.2
1744955,IT,US,BUSIN,TRAN2,0.07,6644.323,3,3,6644.323,0.0,0.0,0.0,0.0,94918.9
1780074,IT,TW,WHOLE,ELECT,0.06,6644.311,3,3,6644.311,0.0,0.0,0.0,0.0,110738.516667
1814791,IT,WM,PAPE4,CONST,0.04,6643.753,3,3,6643.753,0.0,0.0,0.0,0.0,166093.825
1762370,IT,IN,POSTT,FISH5,0.11,6643.527,3,3,6643.527,0.0,0.0,0.0,0.0,60395.7
1766303,IT,RU,NONME,CROPS,0.01,6643.46,3,3,6643.46,0.0,0.0,0.0,0.0,664346.0
1689984,IT,IE,REALE,NONF1,0.28,6643.366,3,3,6643.366,0.0,0.0,0.0,0.0,23726.307143
1751588,IT,CN,POSTT,TRANS,0.11,6643.13,3,3,6643.13,0.0,0.0,0.0,0.0,60392.090909
1754817,IT,KR,FOOD5,WHOLE,0.03,6643.084,3,3,6643.084,0.0,0.0,0.0,0.0,221436.133333
1713005,IT,MT,CHEMI,CONST,0.02,6643.023,3,3,6643.023,0.0,0.0,0.0,0.0,332151.15
1736322,IT,SK,RAILW,ANIMA,0.04,6643.01,3,3,6643.01,0.0,0.0,0.0,0.0,166075.25
1712301,IT,LV,RUBBE,OILSE,0.02,6642.975,3,3,6642.975,0.0,0.0,0.0,0.0,332148.75
1755724,IT,KR,GLASS,PRINT,0.02,6642.85,3,3,6642.85,0.0,0.0,0.0,0.0,332142.5
1743492,IT,US,WHOLE,HEALT,0.06,6642.62,3,3,6642.62,0.0,0.0,0.0,0.0,110710.333333
1781229,IT,NO,CROPS,RAWMI,0.05,6642.575,3,3,6642.575,0.0,0.0,0.0,0.0,132851.5
1787743,IT,WA,VEGE1,AUXIL,0.02,6642.265,3,3,6642.265,0.0,0.0,0.0,0.0,332113.25
1767603,IT,RU,SUPPO,NONF1,0.05,6642.062,3,3,6642.062,0.0,0.0,0.0,0.0,132841.24
1728227,IT,SE,FOOD5,FURNI,0.03,6641.779,3,3,6641.779,0.0,0.0,0.0,0.0,221392.633333
1792174,IT,WA,SUPPO,MOTO1,0.05,6641.619,3,3,6641.619,0.0,0.0,0.0,0.0,132832.38
1665282,IT,ES,BEVER,OFFIC,0.03,6641.311,3,3,6641.311,0.0,0.0,0.0,0.0,221377.033333
1674876,IT,FR,NONME,SALEM,0.01,6641.242,3,3,6641.242,0.0,0.0,0.0,0.0,664124.2
1672720,IT,FR,CHEMI,DAIRY,0.02,6641.158,3,3,6641.158,0.0,0.0,0.0,0.0,332057.9
1769346,IT,AU,GLASS,DISTR,0.02,6640.832,3,3,6640.832,0.0,0.0,0.0,0.0,332041.6
1718417,IT,PL,BEVER,INTER,0.03,6640.053,3,3,6640.053,0.0,0.0,0.0,0.0,221335.1
1800438,IT,WE,ADDIT,HEALT,0.02,6640.044,3,3,6640.044,0.0,0.0,0.0,0.0,332002.2
1652291,IT,CZ,BEVER,WEARI,0.03,6639.965,3,3,6639.965,0.0,0.0,0.0,0.0,221332.166667
1806249,IT,WF,MACHI,BIOGA,0.04,6639.894,3,3,6639.894,0.0,0.0,0.0,0.0,165997.35
1759489,IT,BR,AUXIL,BUSIN,0.12,6639.869,3,3,6639.869,0.0,0.0,0.0,0.0,55332.241667
1687273,IT,HU,WHOLE,DISTR,0.06,6639.851,3,3,6639.851,0.0,0.0,0.0,0.0,110664.183333
1666510,IT,ES,PLAST,TRAN1,0.01,6639.794,3,3,6639.794,0.0,0.0,0.0,0.0,663979.4
1655043,IT,CZ,RENTI,CONST,0.04,6639.705,3,3,6639.705,0.0,0.0,0.0,0.0,165992.625
1731186,IT,SI,CHEMI,SANDC,0.02,6639.085,3,3,6639.085,0.0,0.0,0.0,0.0,331954.25
1747884,IT,JP,RENTI,TEXT1,0.04,6638.947,3,3,6638.947,0.0,0.0,0.0,0.0,165973.675
1739791,IT,GB,POSTT,DIST1,0.11,6638.729,3,3,6638.729,0.0,0.0,0.0,0.0,60352.081818
1737748,IT,GB,HEAVY,BITU1,0.01,6638.54,3,3,6638.54,0.0,0.0,0.0,0.0,663854.0
1812638,IT,WM,COPP1,MEAT4,0.02,6637.89,3,3,6637.89,0.0,0.0,0.0,0.0,331894.5
1774218,IT,CH,RETA1,ALUM1,0.07,6637.85,3,3,6637.85,0.0,0.0,0.0,0.0,94826.428571
1727761,IT,RO,BUSIN,CROPS,0.07,6637.799,3,3,6637.799,0.0,0.0,0.0,0.0,94825.7
1681091,IT,GR,SUPPO,NONF1,0.05,6637.637,3,3,6637.637,0.0,0.0,0.0,0.0,132752.74
1724768,IT,PT,RENTI,RUBBE,0.04,6637.573,3,3,6637.573,0.0,0.0,0.0,0.0,165939.325
1780696,IT,TW,REALE,WEARI,0.28,6637.451,3,3,6637.451,0.0,0.0,0.0,0.0,23705.182143
1678310,IT,FR,FOOD3,PAPE4,0.02,6637.406,3,3,6637.406,0.0,0.0,0.0,0.0,331870.3
1666980,IT,ES,CERAM,PAPE4,0.01,6637.294,3,3,6637.294,0.0,0.0,0.0,0.0,663729.4
1747772,IT,JP,AUXIL,MACHI,0.12,6637.253,3,3,6637.253,0.0,0.0,0.0,0.0,55310.441667
1814454,IT,WM,COMPU,ELEC2,0.08,6637.138,3,3,6637.138,0.0,0.0,0.0,0.0,82964.225
1738629,IT,GB,FABRI,WOOD2,0.03,6637.085,3,3,6637.085,0.0,0.0,0.0,0.0,221236.166667
1672396,IT,FI,BUSIN,SECO9,0.07,6637.061,3,3,6637.061,0.0,0.0,0.0,0.0,94815.157143
1813833,IT,WM,LANDT,PADDY,0.04,6636.986,3,3,6636.986,0.0,0.0,0.0,0.0,165924.65
1664996,IT,ES,CHEMI,LIQUE,0.02,6636.803,3,3,6636.803,0.0,0.0,0.0,0.0,331840.15
1724109,IT,PT,RETA1,SANDC,0.07,6636.755,3,3,6636.755,0.0,0.0,0.0,0.0,94810.785714
1767030,IT,RU,TRANS,REALE,0.04,6636.754,3,3,6636.754,0.0,0.0,0.0,0.0,165918.85
1734871,IT,SK,PAPER,TRANS,0.03,6636.682,3,3,6636.682,0.0,0.0,0.0,0.0,221222.733333
1757490,IT,BR,PAPER,POSTT,0.03,6636.249,3,3,6636.249,0.0,0.0,0.0,0.0,221208.3
1662872,IT,DK,WHOLE,HEAVY,0.06,6635.969,3,3,6635.969,0.0,0.0,0.0,0.0,110599.483333
1677967,IT,FR,PUBLI,MEATA,0.11,6635.914,3,3,6635.914,0.0,0.0,0.0,0.0,60326.490909
1808106,IT,WF,WOOD1,LEADZ,0.05,6635.554,3,3,6635.554,0.0,0.0,0.0,0.0,132711.08
1731488,IT,SI,BEVER,INSUR,0.03,6635.465,3,3,6635.465,0.0,0.0,0.0,0.0,221182.166667
1777550,IT,TR,PREC1,LEADZ,0.01,6635.303,3,3,6635.303,0.0,0.0,0.0,0.0,663530.3
1756355,IT,KR,TRANS,WHOLE,0.04,6635.071,3,3,6635.071,0.0,0.0,0.0,0.0,165876.775
1711421,IT,LU,HOTEL,SUPPO,0.05,6634.913,3,3,6634.913,0.0,0.0,0.0,0.0,132698.26
1650613,IT,BG,ELE11,COPPE,0.1,6634.525,4,4,6634.522,0.0,0.0,0.0,0.003,66345.25
1671366,IT,FI,COPP1,REALE,0.02,6634.435,3,3,6634.435,0.0,0.0,0.0,0.0,331721.75
1781827,IT,NO,PLAST,MEAT4,0.01,6634.406,3,3,6634.406,0.0,0.0,0.0,0.0,663440.6
1727675,IT,RO,RENTI,PUBLI,0.04,6634.244,3,3,6634.244,0.0,0.0,0.0,0.0,165856.1
1676300,IT,FR,RETAI,CEREA,0.05,6633.919,3,3,6633.919,0.0,0.0,0.0,0.0,132678.38
1676292,IT,FR,SALEM,FOOD4,0.05,6633.837,3,3,6633.837,0.0,0.0,0.0,0.0,132676.74
1784820,IT,ID,HOTEL,POSTT,0.05,6633.388,3,3,6633.388,0.0,0.0,0.0,0.0,132667.76
1667422,IT,ES,COPP1,RAILW,0.02,6633.326,3,3,6633.326,0.0,0.0,0.0,0.0,331666.3
1786227,IT,ZA,COPP1,LEAD1,0.02,6632.961,3,3,6632.961,0.0,0.0,0.0,0.0,331648.05
1772544,IT,CH,RUBBE,NONF1,0.02,6632.816,3,3,6632.816,0.0,0.0,0.0,0.0,331640.8
1718645,IT,PL,WOODW,CEREA,0.02,6632.348,3,3,6632.348,0.0,0.0,0.0,0.0,331617.4
1757450,IT,BR,PAPER,GASDI,0.03,6632.29,3,3,6632.29,0.0,0.0,0.0,0.0,221076.333333
1750436,IT,CN,MACHI,CATTL,0.04,6632.005,3,3,6632.005,0.0,0.0,0.0,0.0,165800.125
1723350,IT,PT,NONME,ELEC1,0.01,6631.955,3,3,6631.955,0.0,0.0,0.0,0.0,663195.5
1721562,IT,PL,SUPPO,RESEA,0.05,6631.8,3,3,6631.8,0.0,0.0,0.0,0.0,132636.0
1645173,IT,BE,PRINT,DISTR,0.06,6631.713,3,3,6631.713,0.0,0.0,0.0,0.0,110528.55
1754762,IT,KR,DAIRY,RENTI,0.03,6631.383,3,3,6631.383,0.0,0.0,0.0,0.0,221046.1
1711501,IT,LU,SUPPO,COMPU,0.05,6631.213,3,3,6631.213,0.0,0.0,0.0,0.0,132624.26
1738395,IT,GB,PREC1,TRAN2,0.01,6630.857,3,3,6630.857,0.0,0.0,0.0,0.0,663085.7
1718623,IT,PL,LEATH,DIST1,0.05,6630.773,3,3,6630.773,0.0,0.0,0.0,0.0,132615.46
1782371,IT,NO,FABRI,FOUND,0.03,6630.621,3,3,6630.621,0.0,0.0,0.0,0.0,221020.7
1643812,IT,AT,FINAN,PRINT,0.09,6630.401,3,3,6630.401,0.0,0.0,0.0,0.0,73671.122222
1791670,IT,WA,HOTEL,ELEC1,0.05,6630.168,3,3,6630.168,0.0,0.0,0.0,0.0,132603.36
1644592,IT,BE,FOOD5,PROCE,0.03,6630.084,3,3,6630.084,0.0,0.0,0.0,0.0,221002.8
1798936,IT,WE,FISH5,ELEC3,0.03,6629.951,4,4,6629.948,0.0,0.0,0.0,0.003,220998.366667
1782155,IT,NO,NONME,RUBBE,0.01,6629.889,3,3,6629.889,0.0,0.0,0.0,0.0,662988.9
1807548,IT,WF,RENTI,AUXIL,0.04,6629.734,3,3,6629.734,0.0,0.0,0.0,0.0,165743.35
1768296,IT,AU,STONE,COKIN,0.02,6629.52,3,3,6629.52,0.0,0.0,0.0,0.0,331476.0
1749988,IT,CN,CEMEN,PLAST,0.01,6629.489,3,3,6629.489,0.0,0.0,0.0,0.0,662948.9
1793044,IT,WA,FOOD4,SEACO,0.05,6629.338,3,3,6629.338,0.0,0.0,0.0,0.0,132586.76
1687519,IT,HU,LANDT,REFI1,0.04,6629.338,3,3,6629.338,0.0,0.0,0.0,0.0,165733.45
1789007,IT,WA,LIQUE,PUBLI,0.01,6628.636,3,3,6628.636,0.0,0.0,0.0,0.0,662863.6
1736055,IT,SK,FURNI,MEDIC,0.02,6628.633,3,3,6628.633,0.0,0.0,0.0,0.0,331431.65
1713562,IT,MT,CEMEN,FABRI,0.01,6628.079,3,3,6628.079,0.0,0.0,0.0,0.0,662807.9
1717688,IT,NL,BUSIN,ELEC3,0.07,6627.471,3,3,6627.471,0.0,0.0,0.0,0.0,94678.157143
1727367,IT,RO,POSTT,FOOD4,0.11,6627.313,3,3,6627.313,0.0,0.0,0.0,0.0,60248.3
1681702,IT,HR,FISHF,CROPS,0.01,6627.285,3,3,6627.285,0.0,0.0,0.0,0.0,662728.5
1711388,IT,LU,RETA1,RETA1,0.07,6626.998,3,3,6626.998,0.0,0.0,0.0,0.0,94671.4
1738998,IT,GB,SALEM,ELEC8,0.05,6626.754,3,3,6626.754,0.0,0.0,0.0,0.0,132535.08
1783295,IT,NO,FOODW,PLAS1,0.05,6626.67,3,3,6626.67,0.0,0.0,0.0,0.0,132533.4
1724758,IT,PT,RENTI,FOOD5,0.04,6626.63,3,3,6626.63,0.0,0.0,0.0,0.0,165665.75
1657110,IT,DE,PLAST,FOOD5,0.01,6626.467,3,3,6626.467,0.0,0.0,0.0,0.0,662646.7
1780448,IT,TW,SUPPO,POSTT,0.05,6626.145,3,3,6626.145,0.0,0.0,0.0,0.0,132522.9
1779184,IT,TR,POSTT,ALUM1,0.11,6625.887,3,3,6625.887,0.0,0.0,0.0,0.0,60235.336364
1774444,IT,CH,RAILW,RECRE,0.04,6625.834,3,3,6625.834,0.0,0.0,0.0,0.0,165645.85
1804871,IT,WF,BITU1,LEATH,0.01,6625.709,3,3,6625.709,0.0,0.0,0.0,0.0,662570.9
1782278,IT,NO,LEAD1,FABRI,0.01,6625.658,3,3,6625.658,0.0,0.0,0.0,0.0,662565.8
1713982,IT,MT,WHOLE,NONME,0.06,6625.5,3,3,6625.5,0.0,0.0,0.0,0.0,110425.0
1723454,IT,PT,ALUM1,FOOD5,0.01,6625.265,3,3,6625.265,0.0,0.0,0.0,0.0,662526.5
1791639,IT,WA,HOTEL,LIQUE,0.05,6625.193,3,3,6625.193,0.0,0.0,0.0,0.0,132503.86
1733715,IT,SI,RAILW,PUBLI,0.04,6624.911,3,3,6624.911,0.0,0.0,0.0,0.0,165622.775
1666899,IT,ES,GLASS,ELEC8,0.02,6624.868,3,3,6624.868,0.0,0.0,0.0,0.0,331243.4
1715018,IT,NL,TEXTI,MEATA,0.04,6624.838,3,3,6624.838,0.0,0.0,0.0,0.0,165620.95
1710363,IT,LT,HOTEL,FOOD5,0.05,6624.782,3,3,6624.782,0.0,0.0,0.0,0.0,132495.64
1740908,IT,US,FOOD5,ANIMA,0.03,6624.744,3,3,6624.744,0.0,0.0,0.0,0.0,220824.8
1644466,IT,BE,VEGE1,ELEC3,0.02,6624.659,3,3,6624.659,0.0,0.0,0.0,0.0,331232.95
1654629,IT,CZ,LANDT,MEATP,0.04,6624.613,3,3,6624.613,0.0,0.0,0.0,0.0,165615.325
1738961,IT,GB,CONST,TRAN1,0.04,6624.255,3,3,6624.255,0.0,0.0,0.0,0.0,165606.375
1814520,IT,WM,RESEA,SUPPO,0.04,6624.015,3,3,6624.015,0.0,0.0,0.0,0.0,165600.375
1653680,IT,CZ,ALUM1,FOODW,0.01,6623.608,3,3,6623.608,0.0,0.0,0.0,0.0,662360.8
1758590,IT,BR,MOTO1,OFFIC,0.04,6623.486,3,3,6623.486,0.0,0.0,0.0,0.0,165587.15
1802072,IT,WE,RETA1,BITUM,0.07,6623.464,3,3,6623.464,0.0,0.0,0.0,0.0,94620.914286
1744614,IT,US,RENTI,CONST,0.04,6623.335,3,3,6623.335,0.0,0.0,0.0,0.0,165583.375
1759658,IT,BR,RESEA,ELEC3,0.04,6623.173,3,3,6623.173,0.0,0.0,0.0,0.0,165579.325
1766575,IT,RU,COPP1,COMPU,0.02,6622.428,3,3,6622.428,0.0,0.0,0.0,0.0,331121.4
1754862,IT,KR,BEVER,MEMBE,0.03,6622.423,3,3,6622.423,0.0,0.0,0.0,0.0,220747.433333
1811143,IT,WM,NAPHT,COKEO,0.01,6622.395,3,3,6622.395,0.0,0.0,0.0,0.0,662239.5
1789480,IT,WA,ADDIT,LEATH,0.02,6622.21,3,3,6622.21,0.0,0.0,0.0,0.0,331110.5
1645245,IT,BE,COALT,ELECT,0.01,6622.085,3,3,6622.085,0.0,0.0,0.0,0.0,662208.5
1730617,IT,SE,RENTI,WEARI,0.04,6622.085,3,3,6622.085,0.0,0.0,0.0,0.0,165552.125
1668307,IT,ES,WHOLE,TRANS,0.06,6622.057,3,3,6622.057,0.0,0.0,0.0,0.0,110367.616667
1652504,IT,CZ,WEARI,SECO9,0.05,6621.715,3,3,6621.715,0.0,0.0,0.0,0.0,132434.3
1755352,IT,KR,PRINT,SUPPO,0.06,6621.692,3,3,6621.692,0.0,0.0,0.0,0.0,110361.533333
1647232,IT,BE,LANDT,BIOGA,0.04,6621.084,3,3,6621.084,0.0,0.0,0.0,0.0,165527.1
1677046,IT,FR,SUPPO,LIQUE,0.05,6621.066,3,3,6621.066,0.0,0.0,0.0,0.0,132421.32
1813436,IT,WM,CONST,HEAVY,0.04,6620.907,3,3,6620.907,0.0,0.0,0.0,0.0,165522.675
1665034,IT,ES,MEATC,MEAT1,0.02,6620.211,3,3,6620.211,0.0,0.0,0.0,0.0,331010.55
1649890,IT,BG,FABRI,FISHF,0.03,6619.688,3,3,6619.688,0.0,0.0,0.0,0.0,220656.266667
1802171,IT,WE,HOTEL,GLASS,0.05,6619.522,3,3,6619.522,0.0,0.0,0.0,0.0,132390.44
1807224,IT,WF,SUPPO,LEADZ,0.05,6618.931,3,3,6618.931,0.0,0.0,0.0,0.0,132378.62
1724530,IT,PT,POSTT,MACHI,0.11,6618.52,3,3,6618.52,0.0,0.0,0.0,0.0,60168.363636
1668009,IT,ES,FURNI,STONE,0.02,6618.513,3,3,6618.513,0.0,0.0,0.0,0.0,330925.65
1721343,IT,PL,TRAN2,FABRI,0.01,6618.356,3,3,6618.356,0.0,0.0,0.0,0.0,661835.6
1652103,IT,CZ,SANDC,SUPPO,0.02,6617.973,4,4,6616.973,0.0,0.0,1.0,0.0,330898.65
1792789,IT,WA,BUSIN,FOOD3,0.07,6617.911,3,3,6617.911,0.0,0.0,0.0,0.0,94541.585714
1792915,IT,WA,HEALT,FURNI,0.03,6617.883,3,3,6617.883,0.0,0.0,0.0,0.0,220596.1
1775929,IT,TR,FOOD5,PRINT,0.03,6617.41,3,3,6617.41,0.0,0.0,0.0,0.0,220580.333333
1796386,IT,WL,WHOLE,KEROS,0.06,6617.395,3,3,6617.395,0.0,0.0,0.0,0.0,110289.916667
1782107,IT,NO,CERAM,PETRO,0.01,6617.122,3,3,6617.122,0.0,0.0,0.0,0.0,661712.2
1687461,IT,HU,RAILW,CONST,0.04,6617.035,3,3,6617.035,0.0,0.0,0.0,0.0,165425.875
1793776,IT,WL,FISH5,HEALT,0.03,6616.929,4,4,6616.926,0.0,0.0,0.0,0.003,220564.3
1650592,IT,BG,ELEC8,ALUM1,0.09,6616.788,3,3,6616.788,0.0,0.0,0.0,0.0,73519.866667
1784113,IT,ID,WOODW,TRANS,0.02,6615.902,3,3,6615.902,0.0,0.0,0.0,0.0,330795.1
1679612,IT,GR,RUBBE,PUBLI,0.02,6615.373,3,3,6615.373,0.0,0.0,0.0,0.0,330768.65
1797263,IT,WL,INSUR,FISH5,0.14,6615.315,3,3,6615.315,0.0,0.0,0.0,0.0,47252.25
1798294,IT,WE,CROPS,MEAT4,0.05,6614.968,3,3,6614.968,0.0,0.0,0.0,0.0,132299.36
1642931,IT,AT,FURNI,BEVER,0.02,6614.906,3,3,6614.906,0.0,0.0,0.0,0.0,330745.3
1681766,IT,HR,SANDC,HOTEL,0.02,6614.788,4,4,6613.788,0.0,0.0,1.0,0.0,330739.4
1782331,IT,NO,FABRI,RAWMI,0.03,6614.598,3,3,6614.598,0.0,0.0,0.0,0.0,220486.6
1734993,IT,SK,PLAST,WHEAT,0.01,6614.347,3,3,6614.347,0.0,0.0,0.0,0.0,661434.7
1717019,IT,NL,LANDT,PFERT,0.04,6614.313,3,3,6614.313,0.0,0.0,0.0,0.0,165357.825
1721764,IT,PL,INSUR,FINAN,0.14,6614.196,3,3,6614.196,0.0,0.0,0.0,0.0,47244.257143
1735658,IT,SK,FABRI,RAWMI,0.03,6614.162,3,3,6614.162,0.0,0.0,0.0,0.0,220472.066667
1716910,IT,NL,HOTEL,PAPE1,0.05,6613.886,3,3,6613.886,0.0,0.0,0.0,0.0,132277.72
1710279,IT,LT,MOTO1,COMPU,0.04,6613.856,3,3,6613.856,0.0,0.0,0.0,0.0,165346.4
1806452,IT,WF,TRANS,PAPER,0.04,6613.556,3,3,6613.556,0.0,0.0,0.0,0.0,165338.9
1749317,IT,CN,PRINT,WEARI,0.06,6613.479,3,3,6613.479,0.0,0.0,0.0,0.0,110224.65
1764032,IT,MX,COPP1,RADIO,0.02,6613.007,3,3,6613.007,0.0,0.0,0.0,0.0,330650.35
1786732,IT,ZA,RETA1,ELEC1,0.07,6612.942,3,3,6612.942,0.0,0.0,0.0,0.0,94470.6
1787395,IT,WA,FISHF,FORES,0.01,6612.833,3,3,6612.833,0.0,0.0,0.0,0.0,661283.3
1740053,IT,GB,RENTI,CONST,0.04,6612.557,3,3,6612.557,0.0,0.0,0.0,0.0,165313.925
1738245,IT,GB,CEMEN,RETA1,0.01,6612.504,3,3,6612.504,0.0,0.0,0.0,0.0,661250.4
1655621,IT,DE,SANDC,RETA1,0.02,6612.407,4,4,6611.407,0.0,0.0,1.0,0.0,330620.35
1751281,IT,CN,HOTEL,WOOD2,0.05,6612.242,3,3,6612.242,0.0,0.0,0.0,0.0,132244.84
1783442,IT,NO,INTER,PAPE4,0.04,6611.86,3,3,6611.86,0.0,0.0,0.0,0.0,165296.5
1792710,IT,WA,BUSIN,MEAT1,0.07,6611.721,3,3,6611.721,0.0,0.0,0.0,0.0,94453.157143
1689820,IT,IE,INSUR,FURNI,0.14,6611.623,3,3,6611.623,0.0,0.0,0.0,0.0,47225.878571
1668703,IT,ES,LANDT,TOBAC,0.04,6611.618,3,3,6611.618,0.0,0.0,0.0,0.0,165290.45
1735227,IT,SK,RUBBE,SEWAG,0.02,6611.615,3,3,6611.615,0.0,0.0,0.0,0.0,330580.75
1733548,IT,SI,RETA1,FOOD5,0.07,6611.251,3,3,6611.251,0.0,0.0,0.0,0.0,94446.442857
1795304,IT,WL,NONME,PIGS9,0.01,6611.229,3,3,6611.229,0.0,0.0,0.0,0.0,661122.9
1811245,IT,WM,BITU1,PLANT,0.01,6610.991,3,3,6610.991,0.0,0.0,0.0,0.0,661099.1
1710531,IT,LT,SUPPO,DIST1,0.05,6610.681,3,3,6610.681,0.0,0.0,0.0,0.0,132213.62
1685971,IT,HU,BIOGA,RENTI,0.01,6610.621,3,3,6610.621,0.0,0.0,0.0,0.0,661062.1
1747382,IT,JP,RETA1,RESEA,0.07,6610.229,3,3,6610.229,0.0,0.0,0.0,0.0,94431.842857
1717140,IT,NL,INLAN,WEARI,0.01,6610.219,3,3,6610.219,0.0,0.0,0.0,0.0,661021.9
1776824,IT,TR,NAPHT,SUPPO,0.01,6610.01,3,3,6610.01,0.0,0.0,0.0,0.0,661001.0
1715739,IT,NL,BIOGA,KEROS,0.01,6609.708,3,3,6609.708,0.0,0.0,0.0,0.0,660970.8
1775947,IT,TR,FOOD5,LANDT,0.03,6609.679,3,3,6609.679,0.0,0.0,0.0,0.0,220322.633333
1646243,IT,BE,LEAD1,NONME,0.01,6609.382,3,3,6609.382,0.0,0.0,0.0,0.0,660938.2
1748667,IT,CN,SUGA1,RAWMI,0.02,6609.266,3,3,6609.266,0.0,0.0,0.0,0.0,330463.3
1786632,IT,ZA,WHOLE,POULT,0.06,6609.239,3,3,6609.239,0.0,0.0,0.0,0.0,110153.983333
1649705,IT,BG,NONME,MOTO1,0.01,6608.919,3,3,6608.919,0.0,0.0,0.0,0.0,660891.9
1782104,IT,NO,CERAM,SANDC,0.01,6608.84,3,3,6608.84,0.0,0.0,0.0,0.0,660884.0
1733344,IT,SI,TRANS,PRINT,0.04,6608.739,3,3,6608.739,0.0,0.0,0.0,0.0,165218.475
1767672,IT,RU,POSTT,SUPPO,0.11,6608.707,3,3,6608.707,0.0,0.0,0.0,0.0,60079.154545
1710946,IT,LU,RUBBE,CERAM,0.02,6608.38,3,3,6608.38,0.0,0.0,0.0,0.0,330419.0
1780934,IT,TW,BUSIN,OILSE,0.07,6608.229,3,3,6608.229,0.0,0.0,0.0,0.0,94403.271429
1645882,IT,BE,GLASS,RETA1,0.02,6607.391,3,3,6607.391,0.0,0.0,0.0,0.0,330369.55
1729694,IT,SE,FABRI,FOOD2,0.03,6607.253,3,3,6607.253,0.0,0.0,0.0,0.0,220241.766667
1718395,IT,PL,BEVER,SALEM,0.03,6606.775,3,3,6606.775,0.0,0.0,0.0,0.0,220225.833333
1722981,IT,PT,NAPHT,SUPPO,0.01,6606.699,3,3,6606.699,0.0,0.0,0.0,0.0,660669.9
1644329,IT,BE,STONE,POSTT,0.02,6606.661,3,3,6606.661,0.0,0.0,0.0,0.0,330333.05
1770186,IT,AU,RETA1,EDUCA,0.07,6606.197,3,3,6606.197,0.0,0.0,0.0,0.0,94374.242857
1683964,IT,HR,WHOLE,CHEM1,0.06,6606.02,3,3,6606.02,0.0,0.0,0.0,0.0,110100.333333
1681414,IT,GR,RENTI,TEXTI,0.04,6605.986,3,3,6605.986,0.0,0.0,0.0,0.0,165149.65
1649179,IT,BG,PRINT,DISTR,0.06,6605.814,3,3,6605.814,0.0,0.0,0.0,0.0,110096.9
1757358,IT,BR,TEXTI,93197,0.04,6605.747,3,3,6605.747,0.0,0.0,0.0,0.0,165143.675
1723762,IT,PT,OFFIC,MEAT1,0.02,6605.496,3,3,6605.496,0.0,0.0,0.0,0.0,330274.8
1752649,IT,CA,TEXTI,RESEA,0.04,6605.454,3,3,6605.454,0.0,0.0,0.0,0.0,165136.35
1656999,IT,DE,LIQUE,WASTE,0.01,6605.369,3,3,6605.369,0.0,0.0,0.0,0.0,660536.9
1660410,IT,DE,FINAN,TRAN2,0.09,6605.203,3,3,6605.203,0.0,0.0,0.0,0.0,73391.144444
1714633,IT,NL,MEATC,PUBLI,0.02,6605.164,3,3,6605.164,0.0,0.0,0.0,0.0,330258.2
1674301,IT,FR,PLAST,EDUCA,0.01,6604.926,3,3,6604.926,0.0,0.0,0.0,0.0,660492.6
1764790,IT,MX,LANDT,BASIC,0.04,6604.879,3,3,6604.879,0.0,0.0,0.0,0.0,165121.975
1673297,IT,FR,TEXTI,STONE,0.04,6604.532,3,3,6604.532,0.0,0.0,0.0,0.0,165113.3
1719054,IT,PL,LIQUE,MACHI,0.01,6604.243,3,3,6604.243,0.0,0.0,0.0,0.0,660424.3
1799397,IT,WE,PULP5,HEALT,0.02,6604.195,3,3,6604.195,0.0,0.0,0.0,0.0,330209.75
1734290,IT,SI,BUSIN,FOOD5,0.07,6603.837,3,3,6603.837,0.0,0.0,0.0,0.0,94340.528571
1796572,IT,WL,HOTEL,ANIMA,0.05,6603.701,3,3,6603.701,0.0,0.0,0.0,0.0,132074.02
1716357,IT,NL,FABRI,WASTE,0.03,6603.515,3,3,6603.515,0.0,0.0,0.0,0.0,220117.166667
1734551,IT,SK,FOOD5,MEAT4,0.03,6603.486,3,3,6603.486,0.0,0.0,0.0,0.0,220116.2
1677202,IT,FR,POSTT,TRAN2,0.11,6603.357,3,3,6603.357,0.0,0.0,0.0,0.0,60030.518182
1672943,IT,FR,DAIRY,NFERT,0.03,6603.324,3,3,6603.324,0.0,0.0,0.0,0.0,220110.8
1777709,IT,TR,COPP1,ELEC5,0.02,6603.153,3,3,6603.153,0.0,0.0,0.0,0.0,330157.65
1765270,IT,RU,VEGE1,PROCE,0.02,6603.035,3,3,6603.035,0.0,0.0,0.0,0.0,330151.75
1779305,IT,TR,INSUR,MEAT1,0.14,6602.881,3,3,6602.881,0.0,0.0,0.0,0.0,47163.435714
1678063,IT,FR,HEALT,PIGS9,0.03,6602.673,3,3,6602.673,0.0,0.0,0.0,0.0,220089.1
1680167,IT,GR,MOTO1,ELEC1,0.04,6602.571,3,3,6602.571,0.0,0.0,0.0,0.0,165064.275
1648910,IT,BG,WEARI,CEREA,0.05,6602.564,3,3,6602.564,0.0,0.0,0.0,0.0,132051.28
1803982,IT,WF,LEATH,CHARC,0.05,6602.355,3,3,6602.355,0.0,0.0,0.0,0.0,132047.1
1763038,IT,MX,TEXTI,BEVER,0.04,6602.209,3,3,6602.209,0.0,0.0,0.0,0.0,165055.225
1685015,IT,HU,VEGE1,PUBLI,0.02,6601.699,3,3,6601.699,0.0,0.0,0.0,0.0,330084.95
1803642,IT,WF,FOOD5,CONST,0.03,6601.085,3,3,6601.085,0.0,0.0,0.0,0.0,220036.166667
1654537,IT,CZ,HOTEL,STEAM,0.05,6601.045,3,3,6601.045,0.0,0.0,0.0,0.0,132020.9
1653188,IT,CZ,CHEM1,TEXT2,0.01,6601.009,3,3,6601.009,0.0,0.0,0.0,0.0,660100.9
1722795,IT,PT,PAPER,ELECT,0.03,6600.748,3,3,6600.748,0.0,0.0,0.0,0.0,220024.933333
1675394,IT,FR,MACHI,LEAD1,0.04,6600.721,3,3,6600.721,0.0,0.0,0.0,0.0,165018.025
1779912,IT,TW,CONST,LEATH,0.04,6600.659,3,3,6600.659,0.0,0.0,0.0,0.0,165016.475
1752837,IT,CA,PAPER,REALE,0.03,6600.158,3,3,6600.158,0.0,0.0,0.0,0.0,220005.266667
1655507,IT,DE,CRUDE,PFERT,0.01,6600.065,3,3,6600.065,0.0,0.0,0.0,0.0,660006.5
1747729,IT,JP,FINAN,WHOLE,0.09,6599.989,3,3,6599.989,0.0,0.0,0.0,0.0,73333.211111
1688462,IT,IE,WEARI,PRINT,0.05,6599.986,3,3,6599.986,0.0,0.0,0.0,0.0,131999.72
1754341,IT,CA,INSUR,FURNI,0.14,6599.973,3,3,6599.973,0.0,0.0,0.0,0.0,47142.664286
1710315,IT,LT,FURNI,DISTR,0.02,6599.825,3,3,6599.825,0.0,0.0,0.0,0.0,329991.25
1714625,IT,NL,MEATC,WHOLE,0.02,6599.663,3,3,6599.663,0.0,0.0,0.0,0.0,329983.15
1785059,IT,ID,BUSIN,HEALT,0.07,6599.623,3,3,6599.623,0.0,0.0,0.0,0.0,94280.328571
1741222,IT,US,WOODW,MEDIC,0.02,6599.306,3,3,6599.306,0.0,0.0,0.0,0.0,329965.3
1663546,IT,DK,COMPU,DIST1,0.08,6599.28,3,3,6599.28,0.0,0.0,0.0,0.0,82491.0
1748724,IT,CN,BEVER,NAPHT,0.03,6599.262,3,3,6599.262,0.0,0.0,0.0,0.0,219975.4
1720801,IT,PL,FURNI,FISH5,0.02,6598.968,3,3,6598.968,0.0,0.0,0.0,0.0,329948.4
1800728,IT,WE,NONME,CATTL,0.01,6598.924,3,3,6598.924,0.0,0.0,0.0,0.0,659892.4
1780038,IT,TW,WHOLE,PRECI,0.06,6598.465,3,3,6598.465,0.0,0.0,0.0,0.0,109974.416667
1768246,IT,RU,FOOD4,PREC1,0.05,6598.203,3,3,6598.203,0.0,0.0,0.0,0.0,131964.06
1683075,IT,HR,RUBBE,PROCE,0.02,6598.038,3,3,6598.038,0.0,0.0,0.0,0.0,329901.9
1647788,IT,BE,AUXIL,PULP5,0.12,6597.868,3,3,6597.868,0.0,0.0,0.0,0.0,54982.233333
1790963,IT,WA,MOTO1,STONE,0.04,6597.826,3,3,6597.826,0.0,0.0,0.0,0.0,164945.65
1730502,IT,SE,FINAN,HOTEL,0.09,6597.338,3,3,6597.338,0.0,0.0,0.0,0.0,73303.755556
1710021,IT,LT,LEAD1,SUPPO,0.01,6597.315,3,3,6597.315,0.0,0.0,0.0,0.0,659731.5
1730948,IT,SE,INTER,PAPE1,0.04,6597.231,3,3,6597.231,0.0,0.0,0.0,0.0,164930.775
1714604,IT,NL,CHEMI,CATTL,0.02,6597.223,3,3,6597.223,0.0,0.0,0.0,0.0,329861.15
1656520,IT,DE,PAPER,RADIO,0.03,6597.218,3,3,6597.218,0.0,0.0,0.0,0.0,219907.266667
1689959,IT,IE,REALE,TEXTI,0.28,6597.146,3,3,6597.146,0.0,0.0,0.0,0.0,23561.235714
1652358,IT,CZ,FISH5,FABRI,0.03,6597.131,4,4,6597.128,0.0,0.0,0.0,0.003,219904.366667
1730483,IT,SE,POSTT,WASTE,0.11,6597.127,3,3,6597.127,0.0,0.0,0.0,0.0,59973.881818
1688002,IT,HU,RENTI,AIRTR,0.04,6597.017,3,3,6597.017,0.0,0.0,0.0,0.0,164925.425
1730152,IT,SE,LANDT,MEATC,0.04,6596.938,3,3,6596.938,0.0,0.0,0.0,0.0,164923.45
1658927,IT,DE,FURNI,COLLE,0.02,6596.198,3,3,6596.198,0.0,0.0,0.0,0.0,329809.9
1676010,IT,FR,ELEC5,WHOLE,0.08,6596.196,3,3,6596.196,0.0,0.0,0.0,0.0,82452.45
1802191,IT,WE,HOTEL,RETAI,0.05,6596.119,3,3,6596.119,0.0,0.0,0.0,0.0,131922.38
1681787,IT,HR,MEATC,VEGE1,0.02,6595.7,3,3,6595.7,0.0,0.0,0.0,0.0,329785.0
1711206,IT,LU,MACHI,BRICK,0.04,6595.603,3,3,6595.603,0.0,0.0,0.0,0.0,164890.075
1712495,IT,LV,FABRI,MEATC,0.03,6595.586,3,3,6595.586,0.0,0.0,0.0,0.0,219852.866667
1641562,IT,AT,HEAVY,INSUR,0.01,6595.233,3,3,6595.233,0.0,0.0,0.0,0.0,659523.3
1719576,IT,PL,GLASS,PAPE4,0.02,6594.719,3,3,6594.719,0.0,0.0,0.0,0.0,329735.95
1719663,IT,PL,CEMEN,TRAN2,0.01,6594.705,3,3,6594.705,0.0,0.0,0.0,0.0,659470.5
1643153,IT,AT,RETA1,WHOLE,0.07,6594.695,3,3,6594.695,0.0,0.0,0.0,0.0,94209.928571
1787893,IT,WA,BEVER,TEXTI,0.03,6594.513,3,3,6594.513,0.0,0.0,0.0,0.0,219817.1
1690419,IT,IE,FOOD4,MOTO1,0.05,6594.513,3,3,6594.513,0.0,0.0,0.0,0.0,131890.26
1712992,IT,MT,SANDC,CERAM,0.02,6593.593,4,4,6592.593,0.0,0.0,1.0,0.0,329679.65
1782103,IT,NO,CERAM,CRUDE,0.01,6593.554,3,3,6593.554,0.0,0.0,0.0,0.0,659355.4
1768551,IT,AU,FOOD5,RESEA,0.03,6593.547,3,3,6593.547,0.0,0.0,0.0,0.0,219784.9
1798016,IT,WL,INERT,RETA1,0.05,6593.519,3,3,6593.519,0.0,0.0,0.0,0.0,131870.38
1748000,IT,JP,BUSIN,FORES,0.07,6593.331,3,3,6593.331,0.0,0.0,0.0,0.0,94190.442857
1747313,IT,JP,WHOLE,INSUR,0.06,6593.132,3,3,6593.132,0.0,0.0,0.0,0.0,109885.533333
1742422,IT,US,NONME,INTER,0.01,6592.998,3,3,6592.998,0.0,0.0,0.0,0.0,659299.8
1801091,IT,WE,COPP1,POSTT,0.02,6592.98,3,3,6592.98,0.0,0.0,0.0,0.0,329649.0
1773523,IT,CH,MOTO1,NFERT,0.04,6592.675,3,3,6592.675,0.0,0.0,0.0,0.0,164816.875
1683311,IT,HR,NONME,FORES,0.01,6592.526,3,3,6592.526,0.0,0.0,0.0,0.0,659252.6
1678205,IT,FR,OILHA,FOOD5,0.04,6592.195,3,3,6592.195,0.0,0.0,0.0,0.0,164804.875
1793588,IT,WL,VEGE1,VEGE1,0.02,6592.095,3,3,6592.095,0.0,0.0,0.0,0.0,329604.75
1643728,IT,AT,SUPPO,ELEC2,0.05,6591.725,3,3,6591.725,0.0,0.0,0.0,0.0,131834.5
1710274,IT,LT,MOTO1,RAILW,0.04,6591.715,3,3,6591.715,0.0,0.0,0.0,0.0,164792.875
1764181,IT,MX,MACHI,SUBBI,0.04,6591.6,3,3,6591.6,0.0,0.0,0.0,0.0,164790.0
1730789,IT,SE,BUSIN,FOUND,0.07,6591.507,3,3,6591.507,0.0,0.0,0.0,0.0,94164.385714
1663538,IT,DK,COMPU,MACHI,0.08,6591.442,3,3,6591.442,0.0,0.0,0.0,0.0,82393.025
1779840,IT,TR,PUBLI,GLASS,0.11,6591.424,3,3,6591.424,0.0,0.0,0.0,0.0,59922.036364
1776409,IT,TR,PRINT,REALE,0.06,6591.314,3,3,6591.314,0.0,0.0,0.0,0.0,109855.233333
1685923,IT,HU,CHEM1,INSUR,0.01,6591.165,3,3,6591.165,0.0,0.0,0.0,0.0,659116.5
1646962,IT,BE,WHOLE,WASTE,0.06,6591.079,3,3,6591.079,0.0,0.0,0.0,0.0,109851.316667
1657324,IT,DE,ADDIT,PETRO,0.02,6590.753,3,3,6590.753,0.0,0.0,0.0,0.0,329537.65
1678411,IT,FR,INERT,COPP1,0.05,6590.485,3,3,6590.485,0.0,0.0,0.0,0.0,131809.7
1764725,IT,MX,HOTEL,LEAD1,0.05,6590.462,3,3,6590.462,0.0,0.0,0.0,0.0,131809.24
1798888,IT,WE,BEVER,ELEC3,0.03,6590.415,3,3,6590.415,0.0,0.0,0.0,0.0,219680.5
1687278,IT,HU,WHOLE,LANDT,0.06,6590.373,3,3,6590.373,0.0,0.0,0.0,0.0,109839.55
1750740,IT,CN,TRANS,PAPER,0.04,6588.594,3,3,6588.594,0.0,0.0,0.0,0.0,164714.85
1811715,IT,WM,ADDIT,WOOLS,0.02,6588.368,3,3,6588.368,0.0,0.0,0.0,0.0,329418.4
1668235,IT,ES,RETAI,BUSIN,0.05,6588.363,3,3,6588.363,0.0,0.0,0.0,0.0,131767.26
1678337,IT,FR,WASTE,FOOD3,0.02,6588.271,3,3,6588.271,0.0,0.0,0.0,0.0,329413.55
1778702,IT,TR,RAILW,MEATC,0.04,6588.191,3,3,6588.191,0.0,0.0,0.0,0.0,164704.775
1785979,IT,ZA,RUBBE,INLAN,0.02,6588.084,3,3,6588.084,0.0,0.0,0.0,0.0,329404.2
1772460,IT,CH,CHEM1,WASTE,0.01,6588.022,3,3,6588.022,0.0,0.0,0.0,0.0,658802.2
1646121,IT,BE,PREC1,NONFE,0.01,6587.982,3,3,6587.982,0.0,0.0,0.0,0.0,658798.2
1681183,IT,GR,POSTT,DIST1,0.11,6587.936,3,3,6587.936,0.0,0.0,0.0,0.0,59890.327273
1776885,IT,TR,PLAST,NONFE,0.01,6587.927,3,3,6587.927,0.0,0.0,0.0,0.0,658792.7
1724896,IT,PT,BUSIN,ELEC1,0.07,6587.278,3,3,6587.278,0.0,0.0,0.0,0.0,94103.971429
1781710,IT,NO,WOODW,BUSIN,0.02,6587.156,3,3,6587.156,0.0,0.0,0.0,0.0,329357.8
1769756,IT,AU,MACHI,ETHAN,0.04,6587.126,3,3,6587.126,0.0,0.0,0.0,0.0,164678.15
1756066,IT,KR,FABRI,REFI1,0.03,6586.663,3,3,6586.663,0.0,0.0,0.0,0.0,219555.433333
1677303,IT,FR,FINAN,TRAN1,0.09,6586.638,3,3,6586.638,0.0,0.0,0.0,0.0,73184.866667
1813891,IT,WM,LANDT,MOTO1,0.04,6586.455,3,3,6586.455,0.0,0.0,0.0,0.0,164661.375
1737261,IT,GB,FOOD5,PRINT,0.03,6586.393,3,3,6586.393,0.0,0.0,0.0,0.0,219546.433333
1713433,IT,MT,PLAST,RETA1,0.01,6586.32,3,3,6586.32,0.0,0.0,0.0,0.0,658632.0
1640348,IT,AT,MEATC,MEATC,0.02,6585.962,3,3,6585.962,0.0,0.0,0.0,0.0,329298.1
1733567,IT,SI,RETA1,DIST1,0.07,6585.888,3,3,6585.888,0.0,0.0,0.0,0.0,94084.114286
1789727,IT,WA,GLASS,IRONO,0.02,6585.54,3,3,6585.54,0.0,0.0,0.0,0.0,329277.0
1781904,IT,NO,CHEM1,CEMEN,0.01,6585.352,3,3,6585.352,0.0,0.0,0.0,0.0,658535.2
1730920,IT,SE,INTER,LEAD1,0.04,6585.224,3,3,6585.224,0.0,0.0,0.0,0.0,164630.6
1655830,IT,DE,VEGE1,MACHI,0.02,6585.058,3,3,6585.058,0.0,0.0,0.0,0.0,329252.9
1760172,IT,BR,WASTE,93197,0.02,6584.625,3,3,6584.625,0.0,0.0,0.0,0.0,329231.25
1683270,IT,HR,CERAM,INERT,0.01,6584.479,3,3,6584.479,0.0,0.0,0.0,0.0,658447.9
1800943,IT,WE,ALUM1,PEAT2,0.01,6584.235,3,3,6584.235,0.0,0.0,0.0,0.0,658423.5
1685683,IT,HU,HEAVY,LANDT,0.01,6584.212,3,3,6584.212,0.0,0.0,0.0,0.0,658421.2
1673077,IT,FR,FOOD5,ELE10,0.03,6584.096,3,3,6584.096,0.0,0.0,0.0,0.0,219469.866667
1686298,IT,HU,CEMEN,ELEC3,0.01,6583.89,3,3,6583.89,0.0,0.0,0.0,0.0,658389.0
1797705,IT,WL,PLAS1,ELEC4,0.02,6583.329,3,3,6583.329,0.0,0.0,0.0,0.0,329166.45
1651542,IT,CY,RUBBE,NONME,0.02,6583.224,3,3,6583.224,0.0,0.0,0.0,0.0,329161.2
1739040,IT,GB,RETAI,FOOD5,0.05,6583.165,3,3,6583.165,0.0,0.0,0.0,0.0,131663.3
1676778,IT,FR,LANDT,COALT,0.04,6582.597,3,3,6582.597,0.0,0.0,0.0,0.0,164564.925
1669871,IT,ES,PUBLI,PRINT,0.11,6582.091,3,3,6582.091,0.0,0.0,0.0,0.0,59837.190909
1734964,IT,SK,LIQUE,PRECI,0.01,6582.008,3,3,6582.008,0.0,0.0,0.0,0.0,658200.8
1801425,IT,WE,MOTO1,CATTL,0.04,6581.931,3,3,6581.931,0.0,0.0,0.0,0.0,164548.275
1754720,IT,KR,VEGE1,RECRE,0.02,6581.909,3,3,6581.909,0.0,0.0,0.0,0.0,329095.45
1676232,IT,FR,CONST,FOOD2,0.04,6581.43,3,3,6581.43,0.0,0.0,0.0,0.0,164535.75
1650621,IT,BG,ELE12,BUSIN,0.04,6580.656,3,3,6580.656,0.0,0.0,0.0,0.0,164516.4
1810476,IT,WM,PAPER,PADDY,0.03,6580.534,3,3,6580.534,0.0,0.0,0.0,0.0,219351.133333
1779660,IT,TR,RESEA,BRICK,0.04,6580.279,3,3,6580.279,0.0,0.0,0.0,0.0,164506.975
1811950,IT,WM,GLASS,MEATA,0.02,6580.205,3,3,6580.205,0.0,0.0,0.0,0.0,329010.25
1684326,IT,HR,SUPPO,RUBBE,0.05,6580.023,3,3,6580.023,0.0,0.0,0.0,0.0,131600.46
1669057,IT,ES,SUPPO,FOUND,0.05,6579.81,3,3,6579.81,0.0,0.0,0.0,0.0,131596.2
1729204,IT,SE,CERAM,GASDI,0.01,6579.748,3,3,6579.748,0.0,0.0,0.0,0.0,657974.8
1713742,IT,MT,OFFIC,MEAT4,0.02,6579.44,3,3,6579.44,0.0,0.0,0.0,0.0,328972.0
1721152,IT,PL,RAILW,RADIO,0.04,6579.421,3,3,6579.421,0.0,0.0,0.0,0.0,164485.525
1680249,IT,GR,TRANS,POSTT,0.04,6579.031,3,3,6579.031,0.0,0.0,0.0,0.0,164475.775
1663696,IT,EE,VEGET,CHEM1,0.02,6578.637,3,3,6578.637,0.0,0.0,0.0,0.0,328931.85
1739113,IT,GB,WHOLE,FOUND,0.06,6578.573,3,3,6578.573,0.0,0.0,0.0,0.0,109642.883333
1762521,IT,IN,INSUR,ELECT,0.14,6578.313,3,3,6578.313,0.0,0.0,0.0,0.0,46987.95
1724676,IT,PT,INSUR,MOTO1,0.14,6578.263,3,3,6578.263,0.0,0.0,0.0,0.0,46987.592857
1650440,IT,BG,ELEC4,SUPPO,0.1,6578.162,3,3,6578.162,0.0,0.0,0.0,0.0,65781.62
1810139,IT,WM,WEARI,BEVER,0.05,6578.009,3,3,6578.009,0.0,0.0,0.0,0.0,131560.18
1730695,IT,SE,COMPU,MOTO1,0.08,6578.007,3,3,6578.007,0.0,0.0,0.0,0.0,82225.0875
1805993,IT,WF,COPP1,COKEO,0.02,6577.941,3,3,6577.941,0.0,0.0,0.0,0.0,328897.05
1730141,IT,SE,RAILW,BUSIN,0.04,6577.779,3,3,6577.779,0.0,0.0,0.0,0.0,164444.475
1777558,IT,TR,PREC1,CEMEN,0.01,6577.605,3,3,6577.605,0.0,0.0,0.0,0.0,657760.5
1746010,IT,JP,PAPER,BRICK,0.03,6577.604,3,3,6577.604,0.0,0.0,0.0,0.0,219253.466667
1677337,IT,FR,FINAN,OILHA,0.09,6577.333,3,3,6577.333,0.0,0.0,0.0,0.0,73081.477778
1662765,IT,DK,MOTO1,FISH5,0.04,6576.205,3,3,6576.205,0.0,0.0,0.0,0.0,164405.125
1781159,IT,TW,FOOD4,PUBLI,0.05,6575.974,3,3,6575.974,0.0,0.0,0.0,0.0,131519.48
1660552,IT,DE,INSUR,93197,0.14,6575.528,3,3,6575.528,0.0,0.0,0.0,0.0,46968.057143
1714576,IT,NL,STONE,POULT,0.02,6575.363,3,3,6575.363,0.0,0.0,0.0,0.0,328768.15
1744580,IT,US,RENTI,PADDY,0.04,6575.35,3,3,6575.35,0.0,0.0,0.0,0.0,164383.75
1719058,IT,PL,LIQUE,WHOLE,0.01,6574.985,3,3,6574.985,0.0,0.0,0.0,0.0,657498.5
1814727,IT,WM,OILHA,CHEM1,0.04,6574.696,3,3,6574.696,0.0,0.0,0.0,0.0,164367.4
1808461,IT,WF,FOOD4,PFERT,0.05,6574.567,3,3,6574.567,0.0,0.0,0.0,0.0,131491.34
1808352,IT,WF,FOOD3,SUPPO,0.02,6574.515,3,3,6574.515,0.0,0.0,0.0,0.0,328725.75
1667251,IT,ES,PREC1,FINAN,0.01,6574.489,3,3,6574.489,0.0,0.0,0.0,0.0,657448.9
1765351,IT,RU,FOOD5,RESEA,0.03,6574.149,3,3,6574.149,0.0,0.0,0.0,0.0,219138.3
1687607,IT,HU,TRAN2,MEDIC,0.01,6574.105,3,3,6574.105,0.0,0.0,0.0,0.0,657410.5
1763011,IT,MX,BEVER,MOTOR,0.03,6573.359,3,3,6573.359,0.0,0.0,0.0,0.0,219111.966667
1730473,IT,SE,POSTT,FOODW,0.11,6573.265,3,3,6573.265,0.0,0.0,0.0,0.0,59756.954545
1686235,IT,HU,CERAM,BEVER,0.01,6573.144,3,3,6573.144,0.0,0.0,0.0,0.0,657314.4
1715401,IT,NL,PRINT,FOOD2,0.06,6573.03,3,3,6573.03,0.0,0.0,0.0,0.0,109550.5
1777136,IT,TR,ADDIT,BIODI,0.02,6572.956,3,3,6572.956,0.0,0.0,0.0,0.0,328647.8
1650204,IT,BG,TRANS,ELEC8,0.04,6572.642,3,3,6572.642,0.0,0.0,0.0,0.0,164316.05
1675244,IT,FR,FABRI,CHARC,0.03,6572.581,3,3,6572.581,0.0,0.0,0.0,0.0,219086.033333
1648879,IT,BG,TEXTI,TRANS,0.04,6572.57,3,3,6572.57,0.0,0.0,0.0,0.0,164314.25
1732744,IT,SI,CEMEN,INTER,0.01,6572.519,3,3,6572.519,0.0,0.0,0.0,0.0,657251.9
1713062,IT,MT,VEGE1,MACHI,0.02,6572.38,3,3,6572.38,0.0,0.0,0.0,0.0,328619.0
1711530,IT,LU,POSTT,RAILW,0.11,6572.319,3,3,6572.319,0.0,0.0,0.0,0.0,59748.354545
1758022,IT,BR,RUBBE,FOUND,0.02,6572.223,3,3,6572.223,0.0,0.0,0.0,0.0,328611.15
1663736,IT,EE,DAIRY,BUSIN,0.03,6572.029,3,3,6572.029,0.0,0.0,0.0,0.0,219067.633333
1754900,IT,KR,TOBAC,ELEC1,0.03,6572.027,3,3,6572.027,0.0,0.0,0.0,0.0,219067.566667
1810537,IT,WM,PAPER,PREC1,0.03,6571.967,3,3,6571.967,0.0,0.0,0.0,0.0,219065.566667
1759745,IT,BR,BUSIN,BITU1,0.07,6571.726,3,3,6571.726,0.0,0.0,0.0,0.0,93881.8
1789543,IT,WA,ADDIT,COMPU,0.02,6571.635,3,3,6571.635,0.0,0.0,0.0,0.0,328581.75
1683538,IT,HR,ALUM1,DIST1,0.01,6571.425,3,3,6571.425,0.0,0.0,0.0,0.0,657142.5
1779868,IT,TR,PUBLI,WHOLE,0.11,6571.419,3,3,6571.419,0.0,0.0,0.0,0.0,59740.172727
1718589,IT,PL,LEATH,MEATP,0.05,6571.086,3,3,6571.086,0.0,0.0,0.0,0.0,131421.72
1752200,IT,CN,PUBLI,COLLE,0.11,6570.897,3,3,6570.897,0.0,0.0,0.0,0.0,59735.427273
1713535,IT,MT,GLASS,INLAN,0.02,6570.486,3,3,6570.486,0.0,0.0,0.0,0.0,328524.3
1685742,IT,HU,PLAST,ANIMA,0.01,6570.408,3,3,6570.408,0.0,0.0,0.0,0.0,657040.8
1739118,IT,GB,WHOLE,TRANS,0.06,6570.356,3,3,6570.356,0.0,0.0,0.0,0.0,109505.933333
1686050,IT,HU,RUBBE,ANIMA,0.02,6569.98,3,3,6569.98,0.0,0.0,0.0,0.0,328499.0
1715709,IT,NL,PLAST,HEAVY,0.01,6569.953,3,3,6569.953,0.0,0.0,0.0,0.0,656995.3
1787392,IT,WA,FORES,EDUCA,0.06,6569.901,4,4,6566.901,0.0,3.0,0.0,0.0,109498.35
1737560,IT,GB,PULP5,MACHI,0.02,6569.496,3,3,6569.496,0.0,0.0,0.0,0.0,328474.8
1768036,IT,RU,BUSIN,WEARI,0.07,6569.349,3,3,6569.349,0.0,0.0,0.0,0.0,93847.842857
1640448,IT,AT,VEGE1,SUPPO,0.02,6569.272,3,3,6569.272,0.0,0.0,0.0,0.0,328463.6
1666434,IT,ES,PARAF,MOTOR,0.01,6569.215,3,3,6569.215,0.0,0.0,0.0,0.0,656921.5
1791894,IT,WA,TRAN2,WEARI,0.01,6569.129,3,3,6569.129,0.0,0.0,0.0,0.0,656912.9
1682825,IT,HR,HEAVY,AIRTR,0.01,6569.02,3,3,6569.02,0.0,0.0,0.0,0.0,656902.0
1680938,IT,GR,TRAN2,NONSP,0.01,6568.582,3,3,6568.582,0.0,0.0,0.0,0.0,656858.2
1796458,IT,WL,RETA1,SUGAR,0.07,6568.222,3,3,6568.222,0.0,0.0,0.0,0.0,93831.742857
1714321,IT,MT,EDUCA,FINAN,0.16,6568.063,3,3,6568.063,0.0,0.0,0.0,0.0,41050.39375
1665431,IT,ES,TEXTI,AUXIL,0.04,6567.989,3,3,6567.989,0.0,0.0,0.0,0.0,164199.725
1677352,IT,FR,INSUR,OILSE,0.14,6567.837,3,3,6567.837,0.0,0.0,0.0,0.0,46913.121429
1716195,IT,NL,ALUM1,RADIO,0.01,6567.595,3,3,6567.595,0.0,0.0,0.0,0.0,656759.5
1725301,IT,RO,BEVER,BRICK,0.03,6567.409,3,3,6567.409,0.0,0.0,0.0,0.0,218913.633333
1763087,IT,MX,TEXTI,EDUCA,0.04,6567.205,3,3,6567.205,0.0,0.0,0.0,0.0,164180.125
1807670,IT,WF,BUSIN,COPPE,0.07,6566.574,3,3,6566.574,0.0,0.0,0.0,0.0,93808.2
1773408,IT,CH,OFFIC,STONE,0.02,6566.542,3,3,6566.542,0.0,0.0,0.0,0.0,328327.1
1734534,IT,SK,PROCE,FOOD5,0.04,6566.27,3,3,6566.27,0.0,0.0,0.0,0.0,164156.75
1642790,IT,AT,MACHI,PAPE1,0.04,6565.964,3,3,6565.964,0.0,0.0,0.0,0.0,164149.1
1640815,IT,AT,WEARI,FURNI,0.05,6565.305,3,3,6565.305,0.0,0.0,0.0,0.0,131306.1
1722556,IT,PT,BEVER,CONST,0.03,6565.061,3,3,6565.061,0.0,0.0,0.0,0.0,218835.366667
1778216,IT,TR,FURNI,ELEC1,0.02,6564.912,3,3,6564.912,0.0,0.0,0.0,0.0,328245.6
1654538,IT,CZ,HOTEL,COLLE,0.05,6564.89,3,3,6564.89,0.0,0.0,0.0,0.0,131297.8
1727242,IT,RO,SUPPO,FOUND,0.05,6564.856,3,3,6564.856,0.0,0.0,0.0,0.0,131297.12
1643913,IT,AT,REALE,RESEA,0.28,6564.77,3,3,6564.77,0.0,0.0,0.0,0.0,23445.607143
1680926,IT,GR,LANDT,RECRE,0.04,6564.764,3,3,6564.764,0.0,0.0,0.0,0.0,164119.1
1774038,IT,CH,RETAI,RETAI,0.05,6564.724,3,3,6564.724,0.0,0.0,0.0,0.0,131294.48
1677886,IT,FR,BUSIN,ADDIT,0.07,6564.497,3,3,6564.497,0.0,0.0,0.0,0.0,93778.528571
1640681,IT,AT,FISH5,WOODW,0.03,6564.441,4,4,6564.438,0.0,0.0,0.0,0.003,218814.7
1651031,IT,BG,POSTT,WHOLE,0.11,6564.343,3,3,6564.343,0.0,0.0,0.0,0.0,59675.845455
1734958,IT,SK,HEAVY,PULP5,0.01,6563.764,3,3,6563.764,0.0,0.0,0.0,0.0,656376.4
1678976,IT,GR,WEARI,RESEA,0.05,6563.654,3,3,6563.654,0.0,0.0,0.0,0.0,131273.08
1746788,IT,JP,MACHI,MOTOR,0.04,6563.496,3,3,6563.496,0.0,0.0,0.0,0.0,164087.4
1657367,IT,DE,BIODI,93197,0.01,6562.675,3,3,6562.675,0.0,0.0,0.0,0.0,656267.5
1802642,IT,WE,RENTI,FORES,0.04,6562.51,3,3,6562.51,0.0,0.0,0.0,0.0,164062.75
1785363,IT,ZA,WOODW,DISTR,0.02,6561.925,3,3,6561.925,0.0,0.0,0.0,0.0,328096.25
1768414,IT,AU,VEGE1,RETA1,0.02,6561.63,3,3,6561.63,0.0,0.0,0.0,0.0,328081.5
1671640,IT,FI,FURNI,OILHA,0.02,6561.531,3,3,6561.531,0.0,0.0,0.0,0.0,328076.55
1727795,IT,RO,BUSIN,WHITE,0.07,6561.446,3,3,6561.446,0.0,0.0,0.0,0.0,93734.942857
1748153,IT,JP,FOODW,STONE,0.05,6561.37,3,3,6561.37,0.0,0.0,0.0,0.0,131227.4
1776728,IT,TR,LIQUE,FISH5,0.01,6560.609,3,3,6560.609,0.0,0.0,0.0,0.0,656060.9
1688165,IT,HU,BUSIN,COLLE,0.07,6560.242,3,3,6560.242,0.0,0.0,0.0,0.0,93717.742857
1813862,IT,WM,LANDT,PAPER,0.04,6560.037,3,3,6560.037,0.0,0.0,0.0,0.0,164000.925
1645704,IT,BE,ADDIT,RUBBE,0.02,6560.01,3,3,6560.01,0.0,0.0,0.0,0.0,328000.5
1787544,IT,WA,CHEMI,MEDIC,0.02,6559.966,3,3,6559.966,0.0,0.0,0.0,0.0,327998.3
1792585,IT,WA,COMPU,PRINT,0.07,6559.828,3,3,6559.828,0.0,0.0,0.0,0.0,93711.828571
1669903,IT,ES,PUBLI,REALE,0.11,6559.739,3,3,6559.739,0.0,0.0,0.0,0.0,59633.990909
1803322,IT,WF,STONE,PLAST,0.02,6559.636,3,3,6559.636,0.0,0.0,0.0,0.0,327981.8
1652142,IT,CZ,MEAT4,DAIRY,0.04,6559.598,3,3,6559.598,0.0,0.0,0.0,0.0,163989.95
1668795,IT,ES,LANDT,PLAS1,0.04,6559.583,3,3,6559.583,0.0,0.0,0.0,0.0,163989.575
1731162,IT,SI,SANDC,PULP5,0.02,6559.184,4,4,6558.184,0.0,0.0,1.0,0.0,327959.2
1688101,IT,HU,BUSIN,CEREA,0.07,6558.949,3,3,6558.949,0.0,0.0,0.0,0.0,93699.271429
1656863,IT,DE,HEAVY,WHITE,0.01,6558.912,3,3,6558.912,0.0,0.0,0.0,0.0,655891.2
1717886,IT,PL,VEGET,93197,0.02,6558.626,3,3,6558.626,0.0,0.0,0.0,0.0,327931.3
1790445,IT,WA,LEAD1,PAPE4,0.01,6558.414,3,3,6558.414,0.0,0.0,0.0,0.0,655841.4
1681952,IT,HR,FOOD5,WOODW,0.03,6558.209,3,3,6558.209,0.0,0.0,0.0,0.0,218606.966667
1735738,IT,SK,FABRI,INTER,0.03,6558.166,3,3,6558.166,0.0,0.0,0.0,0.0,218605.533333
1676314,IT,FR,RETAI,FOOD5,0.05,6557.881,3,3,6557.881,0.0,0.0,0.0,0.0,131157.62
1652240,IT,CZ,FOOD5,GASDI,0.03,6557.855,3,3,6557.855,0.0,0.0,0.0,0.0,218595.166667
1771837,IT,CH,WOODW,ALUM1,0.02,6557.671,3,3,6557.671,0.0,0.0,0.0,0.0,327883.55
1775709,IT,TR,CROPS,BUSIN,0.05,6557.613,3,3,6557.613,0.0,0.0,0.0,0.0,131152.26
1709330,IT,LT,VEGE1,SUGA1,0.02,6557.541,3,3,6557.541,0.0,0.0,0.0,0.0,327877.05
1794625,IT,WL,LIQUE,PADDY,0.01,6556.956,3,3,6556.956,0.0,0.0,0.0,0.0,655695.6
1731119,IT,SI,FISHF,COMPU,0.01,6556.931,3,3,6556.931,0.0,0.0,0.0,0.0,655693.1
1711754,IT,LU,BUSIN,PLAS1,0.07,6556.918,3,3,6556.918,0.0,0.0,0.0,0.0,93670.257143
1813814,IT,WM,RAILW,HOTEL,0.04,6556.516,3,3,6556.516,0.0,0.0,0.0,0.0,163912.9
1755434,IT,KR,NAPHT,MOTOR,0.01,6556.309,3,3,6556.309,0.0,0.0,0.0,0.0,655630.9
1651331,IT,CY,WOODW,PAPER,0.02,6556.181,3,3,6556.181,0.0,0.0,0.0,0.0,327809.05
1790438,IT,WA,LEAD1,RENTI,0.01,6556.16,3,3,6556.16,0.0,0.0,0.0,0.0,655616.0
1678220,IT,FR,OILHA,HOTEL,0.04,6556.098,3,3,6556.098,0.0,0.0,0.0,0.0,163902.45
1642405,IT,AT,PREC1,FURNI,0.01,6555.85,3,3,6555.85,0.0,0.0,0.0,0.0,655585.0
1756135,IT,KR,MACHI,CATTL,0.04,6555.518,3,3,6555.518,0.0,0.0,0.0,0.0,163887.95
1682238,IT,HR,WEARI,PAPE4,0.05,6555.448,3,3,6555.448,0.0,0.0,0.0,0.0,131108.96
1686874,IT,HU,FABRI,WOOD2,0.03,6555.42,3,3,6555.42,0.0,0.0,0.0,0.0,218514.0
1712378,IT,LV,GLASS,MACHI,0.02,6555.398,3,3,6555.398,0.0,0.0,0.0,0.0,327769.9
1732290,IT,SI,NAPHT,MEAT4,0.01,6555.074,3,3,6555.074,0.0,0.0,0.0,0.0,655507.4
1652941,IT,CZ,HEAVY,PULP5,0.01,6554.94,3,3,6554.94,0.0,0.0,0.0,0.0,655494.0
1682175,IT,HR,TEXTI,MEMBE,0.04,6554.919,3,3,6554.919,0.0,0.0,0.0,0.0,163872.975
1782170,IT,NO,NONME,TRANS,0.01,6554.571,3,3,6554.571,0.0,0.0,0.0,0.0,655457.1
1749128,IT,CN,WOODW,SECO9,0.02,6554.147,3,3,6554.147,0.0,0.0,0.0,0.0,327707.35
1760264,IT,IN,VEGET,PLAST,0.02,6554.135,3,3,6554.135,0.0,0.0,0.0,0.0,327706.75
1746064,IT,JP,PRINT,COKEO,0.06,6553.817,3,3,6553.817,0.0,0.0,0.0,0.0,109230.283333
1687740,IT,HU,SUPPO,RADIO,0.05,6553.703,3,3,6553.703,0.0,0.0,0.0,0.0,131074.06
1678961,IT,GR,WEARI,ELEC4,0.05,6553.678,3,3,6553.678,0.0,0.0,0.0,0.0,131073.56
1654800,IT,CZ,SUPPO,MACHI,0.05,6552.877,3,3,6552.877,0.0,0.0,0.0,0.0,131057.54
1728647,IT,SE,PRINT,COPP1,0.06,6552.76,3,3,6552.76,0.0,0.0,0.0,0.0,109212.666667
1783598,IT,NO,FOOD2,RENTI,0.04,6552.618,3,3,6552.618,0.0,0.0,0.0,0.0,163815.45
1677770,IT,FR,COMPU,CEMEN,0.07,6552.452,3,3,6552.452,0.0,0.0,0.0,0.0,93606.457143
1808970,IT,WM,VEGET,ANIMA,0.02,6552.344,3,3,6552.344,0.0,0.0,0.0,0.0,327617.2
1721855,IT,PL,REALE,WHOLE,0.28,6552.335,3,3,6552.335,0.0,0.0,0.0,0.0,23401.196429
1686174,IT,HU,GLASS,SUGA1,0.02,6552.088,3,3,6552.088,0.0,0.0,0.0,0.0,327604.4
1726597,IT,RO,MOTO1,LIGNI,0.03,6552.059,3,3,6552.059,0.0,0.0,0.0,0.0,218401.966667
1732316,IT,SI,NAPHT,NONF1,0.01,6551.99,3,3,6551.99,0.0,0.0,0.0,0.0,655199.0
1751292,IT,CN,RAILW,CHEM1,0.04,6551.669,3,3,6551.669,0.0,0.0,0.0,0.0,163791.725
1732800,IT,SI,NONME,INERT,0.01,6551.111,3,3,6551.111,0.0,0.0,0.0,0.0,655111.1
1732898,IT,SI,PREC1,BASIC,0.01,6550.87,3,3,6550.87,0.0,0.0,0.0,0.0,655087.0
1792144,IT,WA,SUPPO,MEAT1,0.05,6550.843,3,3,6550.843,0.0,0.0,0.0,0.0,131016.86
1649492,IT,BG,RUBBE,CROPS,0.02,6550.794,3,3,6550.794,0.0,0.0,0.0,0.0,327539.7
1674446,IT,FR,BIOGA,VEGET,0.01,6550.736,3,3,6550.736,0.0,0.0,0.0,0.0,655073.6
1682775,IT,HR,HEAVY,NATUR,0.01,6550.611,3,3,6550.611,0.0,0.0,0.0,0.0,655061.1
1798196,IT,WE,VEGET,STONE,0.02,6550.234,3,3,6550.234,0.0,0.0,0.0,0.0,327511.7
1680690,IT,GR,WHOLE,REALE,0.06,6549.21,3,3,6549.21,0.0,0.0,0.0,0.0,109153.5
1760646,IT,IN,PULP5,RETAI,0.02,6549.117,3,3,6549.117,0.0,0.0,0.0,0.0,327455.85
1738198,IT,GB,CERAM,FURNI,0.01,6548.965,3,3,6548.965,0.0,0.0,0.0,0.0,654896.5
1743106,IT,US,MOTO1,LUBRI,0.03,6548.729,3,3,6548.729,0.0,0.0,0.0,0.0,218290.966667
1778659,IT,TR,HOTEL,DIST1,0.05,6548.427,3,3,6548.427,0.0,0.0,0.0,0.0,130968.54
1728369,IT,SE,TEXTI,OFFIC,0.04,6547.611,3,3,6547.611,0.0,0.0,0.0,0.0,163690.275
1714732,IT,NL,DAIRY,LEATH,0.03,6547.285,3,3,6547.285,0.0,0.0,0.0,0.0,218242.833333
1748187,IT,JP,PAPE1,STONE,0.05,6547.241,3,3,6547.241,0.0,0.0,0.0,0.0,130944.82
1668415,IT,ES,RETA1,RADIO,0.07,6547.177,3,3,6547.177,0.0,0.0,0.0,0.0,93531.1
1813643,IT,WM,RETA1,WEARI,0.07,6546.6,3,3,6546.6,0.0,0.0,0.0,0.0,93522.857143
1755453,IT,KR,PLAST,NICKE,0.01,6546.036,3,3,6546.036,0.0,0.0,0.0,0.0,654603.6
1731807,IT,SI,PAPER,ELEC2,0.03,6545.313,3,3,6545.313,0.0,0.0,0.0,0.0,218177.1
1775846,IT,TR,VEGE1,PLAST,0.02,6545.247,3,3,6545.247,0.0,0.0,0.0,0.0,327262.35
1733479,IT,SI,RETAI,SEACO,0.05,6544.885,3,3,6544.885,0.0,0.0,0.0,0.0,130897.7
1795227,IT,WL,GLASS,INSUR,0.02,6544.875,3,3,6544.875,0.0,0.0,0.0,0.0,327243.75
1757326,IT,BR,TEXTI,CROPS,0.04,6544.845,3,3,6544.845,0.0,0.0,0.0,0.0,163621.125
1672977,IT,FR,DAIRY,FOOD4,0.03,6544.719,3,3,6544.719,0.0,0.0,0.0,0.0,218157.3
1789926,IT,WA,CEMEN,REFI1,0.01,6544.619,3,3,6544.619,0.0,0.0,0.0,0.0,654461.9
1808917,IT,WM,CEREA,MEATC,0.01,6544.412,3,3,6544.412,0.0,0.0,0.0,0.0,654441.2
1654081,IT,CZ,OFFIC,WEARI,0.02,6543.916,3,3,6543.916,0.0,0.0,0.0,0.0,327195.8
1798197,IT,WE,VEGET,SANDC,0.02,6543.712,3,3,6543.712,0.0,0.0,0.0,0.0,327185.6
1652830,IT,CZ,PRINT,ELEC3,0.06,6543.624,3,3,6543.624,0.0,0.0,0.0,0.0,109060.4
1793391,IT,WL,CROPS,PIGS9,0.05,6543.488,3,3,6543.488,0.0,0.0,0.0,0.0,130869.76
1798590,IT,WE,MEATC,CHEM1,0.02,6543.09,3,3,6543.09,0.0,0.0,0.0,0.0,327154.5
1714912,IT,NL,BEVER,ELEC1,0.03,6542.822,3,3,6542.822,0.0,0.0,0.0,0.0,218094.066667
1667779,IT,ES,OFFIC,LIQUE,0.02,6542.542,3,3,6542.542,0.0,0.0,0.0,0.0,327127.1
1654564,IT,CZ,HOTEL,SEWAG,0.05,6542.02,3,3,6542.02,0.0,0.0,0.0,0.0,130840.4
1725609,IT,RO,WOODW,TRAN2,0.02,6541.982,3,3,6541.982,0.0,0.0,0.0,0.0,327099.1
1659235,IT,DE,SALEM,MOTOR,0.05,6541.884,3,3,6541.884,0.0,0.0,0.0,0.0,130837.68
1790291,IT,WA,ALUM1,CHEMI,0.01,6541.881,3,3,6541.881,0.0,0.0,0.0,0.0,654188.1
1654092,IT,CZ,OFFIC,BASIC,0.02,6540.999,3,3,6540.999,0.0,0.0,0.0,0.0,327049.95
1718708,IT,PL,WOODW,HEALT,0.02,6540.66,3,3,6540.66,0.0,0.0,0.0,0.0,327033.0
1755828,IT,KR,CERAM,PRIVA,0.01,6540.366,3,3,6540.366,0.0,0.0,0.0,0.0,654036.6
1789481,IT,WA,ADDIT,WOODW,0.02,6539.819,3,3,6539.819,0.0,0.0,0.0,0.0,326990.95
1792361,IT,WA,FINAN,LANDT,0.09,6539.223,3,3,6539.223,0.0,0.0,0.0,0.0,72658.033333
1762343,IT,IN,SUPPO,FURNI,0.05,6539.159,3,3,6539.159,0.0,0.0,0.0,0.0,130783.18
1732687,IT,SI,CERAM,ELEC4,0.01,6538.974,3,3,6538.974,0.0,0.0,0.0,0.0,653897.4
1746003,IT,JP,PAPER,COKEO,0.03,6538.876,3,3,6538.876,0.0,0.0,0.0,0.0,217962.533333
1682194,IT,HR,WEARI,CHEM1,0.05,6538.717,3,3,6538.717,0.0,0.0,0.0,0.0,130774.34
1806981,IT,WF,LANDT,LIQUE,0.04,6538.711,3,3,6538.711,0.0,0.0,0.0,0.0,163467.775
1712281,IT,LV,CHEM1,DAIRY,0.01,6538.201,3,3,6538.201,0.0,0.0,0.0,0.0,653820.1
1688623,IT,IE,PLAST,TEXTI,0.01,6537.964,3,3,6537.964,0.0,0.0,0.0,0.0,653796.4
1768128,IT,RU,PUBLI,FISHF,0.11,6537.875,3,3,6537.875,0.0,0.0,0.0,0.0,59435.227273
1726955,IT,RO,HOTEL,LIQUE,0.05,6537.838,3,3,6537.838,0.0,0.0,0.0,0.0,130756.76
1683308,IT,HR,NONME,VEGET,0.01,6537.783,3,3,6537.783,0.0,0.0,0.0,0.0,653778.3
1788921,IT,WA,HEAVY,LEADZ,0.01,6537.362,3,3,6537.362,0.0,0.0,0.0,0.0,653736.2
1746902,IT,JP,MOTO1,FISH5,0.03,6537.343,3,3,6537.343,0.0,0.0,0.0,0.0,217911.433333
1781800,IT,NO,HEAVY,GASDI,0.01,6537.243,3,3,6537.243,0.0,0.0,0.0,0.0,653724.3
1763789,IT,MX,CERAM,BEVER,0.01,6537.164,3,3,6537.164,0.0,0.0,0.0,0.0,653716.4
1669009,IT,ES,SUPPO,STONE,0.05,6537.082,3,3,6537.082,0.0,0.0,0.0,0.0,130741.64
1790454,IT,WA,COPP1,FORES,0.02,6536.693,3,3,6536.693,0.0,0.0,0.0,0.0,326834.65
1746879,IT,JP,OFFIC,RUBBE,0.02,6536.555,3,3,6536.555,0.0,0.0,0.0,0.0,326827.75
1664321,IT,EE,FABRI,MEAT1,0.03,6536.458,3,3,6536.458,0.0,0.0,0.0,0.0,217881.933333
1737066,IT,GB,CHEMI,HEAVY,0.02,6535.934,3,3,6535.934,0.0,0.0,0.0,0.0,326796.7
1710081,IT,LT,FABRI,LEAD1,0.03,6535.898,3,3,6535.898,0.0,0.0,0.0,0.0,217863.266667
1664304,IT,EE,COPP1,BASIC,0.02,6535.824,3,3,6535.824,0.0,0.0,0.0,0.0,326791.2
1663945,IT,EE,WOODW,REALE,0.02,6535.419,3,3,6535.419,0.0,0.0,0.0,0.0,326770.95
1806796,IT,WF,RETA1,TEXTI,0.07,6534.812,3,3,6534.812,0.0,0.0,0.0,0.0,93354.457143
1690348,IT,IE,FOOD3,CONST,0.02,6534.242,3,3,6534.242,0.0,0.0,0.0,0.0,326712.1
1652131,IT,CZ,MEATP,REALE,0.03,6533.966,3,3,6533.966,0.0,0.0,0.0,0.0,217798.866667
1770865,IT,AU,BUSIN,RADIO,0.07,6533.707,3,3,6533.707,0.0,0.0,0.0,0.0,93338.671429
1687166,IT,HU,FURNI,COLLE,0.02,6533.678,3,3,6533.678,0.0,0.0,0.0,0.0,326683.9
1653291,IT,CZ,RUBBE,OILHA,0.02,6533.465,3,3,6533.465,0.0,0.0,0.0,0.0,326673.25
1687522,IT,HU,LANDT,LUBRI,0.04,6533.309,3,3,6533.309,0.0,0.0,0.0,0.0,163332.725
1660593,IT,DE,REALE,PULP5,0.28,6533.142,3,3,6533.142,0.0,0.0,0.0,0.0,23332.65
1785828,IT,ZA,CHEM1,LEAD1,0.01,6533.097,3,3,6533.097,0.0,0.0,0.0,0.0,653309.7
1798523,IT,WE,STONE,TRANS,0.02,6532.272,3,3,6532.272,0.0,0.0,0.0,0.0,326613.6
1662095,IT,DK,CHEM1,REALE,0.01,6532.173,3,3,6532.173,0.0,0.0,0.0,0.0,653217.3
1750913,IT,CN,CONST,NONME,0.04,6532.154,3,3,6532.154,0.0,0.0,0.0,0.0,163303.85
1812637,IT,WM,COPP1,MEAT1,0.02,6532.079,3,3,6532.079,0.0,0.0,0.0,0.0,326603.95
1709370,IT,LT,FOOD5,VEGE1,0.03,6531.428,3,3,6531.428,0.0,0.0,0.0,0.0,217714.266667
1754908,IT,KR,TEXTI,PADDY,0.04,6531.09,3,3,6531.09,0.0,0.0,0.0,0.0,163277.25
1801629,IT,WE,FURNI,POULT,0.02,6530.767,3,3,6530.767,0.0,0.0,0.0,0.0,326538.35
1654088,IT,CZ,OFFIC,CHEM1,0.02,6530.721,3,3,6530.721,0.0,0.0,0.0,0.0,326536.05
1724017,IT,PT,RETAI,NONF1,0.05,6530.564,3,3,6530.564,0.0,0.0,0.0,0.0,130611.28
1679172,IT,GR,PRINT,BEVER,0.06,6530.52,3,3,6530.52,0.0,0.0,0.0,0.0,108842.0
1750570,IT,CN,OFFIC,MEAT4,0.02,6530.385,3,3,6530.385,0.0,0.0,0.0,0.0,326519.25
1742222,IT,US,CERAM,TEXTI,0.01,6529.699,3,3,6529.699,0.0,0.0,0.0,0.0,652969.9
1766261,IT,RU,CERAM,GLASS,0.01,6529.641,3,3,6529.641,0.0,0.0,0.0,0.0,652964.1
1680185,IT,GR,MOTO1,SEWAG,0.03,6529.52,3,3,6529.52,0.0,0.0,0.0,0.0,217650.666667
1784392,IT,ID,GLASS,SALEM,0.02,6529.007,3,3,6529.007,0.0,0.0,0.0,0.0,326450.35
1734996,IT,SK,PLAST,FORES,0.01,6528.794,3,3,6528.794,0.0,0.0,0.0,0.0,652879.4
1774187,IT,CH,RETA1,MEAT1,0.07,6528.428,3,3,6528.428,0.0,0.0,0.0,0.0,93263.257143
1687539,IT,HU,LANDT,FOUND,0.04,6528.152,3,3,6528.152,0.0,0.0,0.0,0.0,163203.8
1803057,IT,WF,CEREA,CHARC,0.01,6527.403,3,3,6527.403,0.0,0.0,0.0,0.0,652740.3
1651758,IT,CY,MACHI,POSTT,0.04,6527.251,3,3,6527.251,0.0,0.0,0.0,0.0,163181.275
1742004,IT,US,ADDIT,DIST1,0.02,6526.565,3,3,6526.565,0.0,0.0,0.0,0.0,326328.25
1671842,IT,FI,RETA1,REALE,0.07,6526.476,3,3,6526.476,0.0,0.0,0.0,0.0,93235.371429
1723960,IT,PT,SALEM,CEMEN,0.05,6526.457,3,3,6526.457,0.0,0.0,0.0,0.0,130529.14
1784706,IT,ID,FURNI,MEDIC,0.02,6526.14,3,3,6526.14,0.0,0.0,0.0,0.0,326307.0
1758181,IT,BR,NONME,FINAN,0.01,6526.075,3,3,6526.075,0.0,0.0,0.0,0.0,652607.5
1792261,IT,WA,POSTT,FABRI,0.11,6525.722,3,3,6525.722,0.0,0.0,0.0,0.0,59324.745455
1805942,IT,WF,LEAD1,RETA1,0.01,6525.472,3,3,6525.472,0.0,0.0,0.0,0.0,652547.2
1640607,IT,AT,BEVER,DAIRY,0.03,6525.458,3,3,6525.458,0.0,0.0,0.0,0.0,217515.266667
1642196,IT,AT,CEMEN,GASDI,0.01,6524.968,3,3,6524.968,0.0,0.0,0.0,0.0,652496.8
1813933,IT,WM,TRAN2,KERO1,0.01,6524.801,3,3,6524.801,0.0,0.0,0.0,0.0,652480.1
1651502,IT,CY,HEAVY,RESEA,0.01,6524.704,3,3,6524.704,0.0,0.0,0.0,0.0,652470.4
1720819,IT,PL,FURNI,GLASS,0.02,6524.559,3,3,6524.559,0.0,0.0,0.0,0.0,326227.95
1745530,IT,JP,BEVER,CATTL,0.03,6524.549,3,3,6524.549,0.0,0.0,0.0,0.0,217484.966667
1752308,IT,CA,CHEMI,GLASS,0.02,6524.318,3,3,6524.318,0.0,0.0,0.0,0.0,326215.9
1785344,IT,ZA,WOODW,TEXTI,0.02,6524.245,3,3,6524.245,0.0,0.0,0.0,0.0,326212.25
1770394,IT,AU,LANDT,DIST1,0.04,6524.183,3,3,6524.183,0.0,0.0,0.0,0.0,163104.575
1718575,IT,PL,WEARI,HEALT,0.05,6524.131,3,3,6524.131,0.0,0.0,0.0,0.0,130482.62
1749478,IT,CN,HEAVY,HOTEL,0.01,6524.03,3,3,6524.03,0.0,0.0,0.0,0.0,652403.0
1676502,IT,FR,RETA1,BUSIN,0.07,6524.005,3,3,6524.005,0.0,0.0,0.0,0.0,93200.071429
1779386,IT,TR,AUXIL,SUPPO,0.12,6523.983,3,3,6523.983,0.0,0.0,0.0,0.0,54366.525
1644453,IT,BE,VEGE1,MOTOR,0.02,6523.689,3,3,6523.689,0.0,0.0,0.0,0.0,326184.45
1807468,IT,WF,REALE,CEREA,0.28,6523.459,3,3,6523.459,0.0,0.0,0.0,0.0,23298.067857
1666606,IT,ES,CHEM1,ELEC4,0.01,6523.416,3,3,6523.416,0.0,0.0,0.0,0.0,652341.6
1655460,IT,DE,FORES,PUBLI,0.06,6523.053,4,4,6520.053,0.0,3.0,0.0,0.0,108717.55
1770983,IT,CH,VEGET,COMPU,0.02,6522.82,3,3,6522.82,0.0,0.0,0.0,0.0,326141.0
1734628,IT,SK,TEXTI,CEMEN,0.04,6522.663,3,3,6522.663,0.0,0.0,0.0,0.0,163066.575
1760489,IT,IN,TEXTI,MOTO1,0.04,6522.23,3,3,6522.23,0.0,0.0,0.0,0.0,163055.75
1788166,IT,WA,WEARI,ELEC2,0.05,6521.597,3,3,6521.597,0.0,0.0,0.0,0.0,130431.94
1677371,IT,FR,INSUR,FISH5,0.13,6521.162,3,3,6521.162,0.0,0.0,0.0,0.0,50162.784615
1719621,IT,PL,CERAM,SALEM,0.01,6521.094,3,3,6521.094,0.0,0.0,0.0,0.0,652109.4
1794767,IT,WL,PLAST,ALUMI,0.01,6520.923,3,3,6520.923,0.0,0.0,0.0,0.0,652092.3
1808241,IT,WF,FOOD2,PADDY,0.04,6520.767,3,3,6520.767,0.0,0.0,0.0,0.0,163019.175
1723808,IT,PT,OFFIC,MEMBE,0.02,6520.672,3,3,6520.672,0.0,0.0,0.0,0.0,326033.6
1665598,IT,ES,WOODW,PADDY,0.02,6520.429,3,3,6520.429,0.0,0.0,0.0,0.0,326021.45
1778391,IT,TR,RETAI,RECRE,0.05,6520.382,3,3,6520.382,0.0,0.0,0.0,0.0,130407.64
1744940,IT,US,BUSIN,ELEC8,0.07,6520.225,3,3,6520.225,0.0,0.0,0.0,0.0,93146.071429
1728171,IT,SE,PROCE,MEATC,0.04,6519.679,3,3,6519.679,0.0,0.0,0.0,0.0,162991.975
1642256,IT,AT,NONME,PREC1,0.01,6519.07,3,3,6519.07,0.0,0.0,0.0,0.0,651907.0
1727297,IT,RO,POSTT,WEARI,0.11,6519.016,3,3,6519.016,0.0,0.0,0.0,0.0,59263.781818
1773099,IT,CH,LEAD1,WHOLE,0.01,6518.67,3,3,6518.67,0.0,0.0,0.0,0.0,651867.0
1806604,IT,WF,SALEM,CROPS,0.05,6518.377,3,3,6518.377,0.0,0.0,0.0,0.0,130367.54
1797860,IT,WL,FOOD2,HEALT,0.04,6518.227,3,3,6518.227,0.0,0.0,0.0,0.0,162955.675
1808681,IT,WF,INERT,RAILW,0.05,6517.82,3,3,6517.82,0.0,0.0,0.0,0.0,130356.4
1683869,IT,HR,MOTO1,HEALT,0.03,6517.607,3,3,6517.607,0.0,0.0,0.0,0.0,217253.566667
1766249,IT,RU,CERAM,WHEAT,0.01,6517.109,3,3,6517.109,0.0,0.0,0.0,0.0,651710.9
1688279,IT,IE,ANIMA,CHEM1,0.03,6516.968,3,3,6516.968,0.0,0.0,0.0,0.0,217232.266667
1799426,IT,WE,PAPER,LEADZ,0.03,6516.951,3,3,6516.951,0.0,0.0,0.0,0.0,217231.7
1657788,IT,DE,NONME,HEAVY,0.01,6516.666,3,3,6516.666,0.0,0.0,0.0,0.0,651666.6
1813615,IT,WM,RETA1,WHEAT,0.07,6516.526,3,3,6516.526,0.0,0.0,0.0,0.0,93093.228571
1654207,IT,CZ,MOTO1,FOODW,0.03,6516.462,3,3,6516.462,0.0,0.0,0.0,0.0,217215.4
1797859,IT,WL,FOOD2,EDUCA,0.04,6516.106,3,3,6516.106,0.0,0.0,0.0,0.0,162902.65
1747690,IT,JP,POSTT,LANDT,0.11,6515.95,3,3,6515.95,0.0,0.0,0.0,0.0,59235.909091
1740434,IT,GB,FOOD2,TRAN1,0.04,6515.373,3,3,6515.373,0.0,0.0,0.0,0.0,162884.325
1681258,IT,GR,FINAN,ELEC1,0.08,6515.129,3,3,6515.129,0.0,0.0,0.0,0.0,81439.1125
1788086,IT,WA,TEXTI,FOOD4,0.04,6514.897,3,3,6514.897,0.0,0.0,0.0,0.0,162872.425
1652096,IT,CZ,SANDC,SECO9,0.01,6514.63,4,4,6513.63,0.0,0.0,1.0,0.0,651463.0
1718483,IT,PL,TEXTI,CERAM,0.04,6514.522,3,3,6514.522,0.0,0.0,0.0,0.0,162863.05
1805917,IT,WF,LEAD1,FORES,0.01,6514.377,3,3,6514.377,0.0,0.0,0.0,0.0,651437.7
1795558,IT,WL,COPP1,FOOD5,0.02,6514.019,3,3,6514.019,0.0,0.0,0.0,0.0,325700.95
1752580,IT,CA,FISH5,FISHF,0.03,6513.935,4,4,6513.932,0.0,0.0,0.0,0.003,217131.166667
1766569,IT,RU,COPP1,RAILW,0.02,6513.896,3,3,6513.896,0.0,0.0,0.0,0.0,325694.8
1779869,IT,TR,PUBLI,RETA1,0.11,6513.871,3,3,6513.871,0.0,0.0,0.0,0.0,59217.009091
1684353,IT,HR,SUPPO,TRAN2,0.05,6513.646,3,3,6513.646,0.0,0.0,0.0,0.0,130272.92
1713638,IT,MT,ALUM1,TEXTI,0.01,6513.53,3,3,6513.53,0.0,0.0,0.0,0.0,651353.0
1739338,IT,GB,RAILW,MEAT1,0.04,6513.458,3,3,6513.458,0.0,0.0,0.0,0.0,162836.45
1722882,IT,PT,PRINT,SUPPO,0.06,6513.218,3,3,6513.218,0.0,0.0,0.0,0.0,108553.633333
1640699,IT,AT,FISH5,PUBLI,0.03,6513.113,4,4,6513.11,0.0,0.0,0.0,0.003,217103.766667
1794524,IT,WL,HEAVY,PLANT,0.01,6512.97,3,3,6512.97,0.0,0.0,0.0,0.0,651297.0
1710042,IT,LT,COPP1,BUSIN,0.02,6512.965,3,3,6512.965,0.0,0.0,0.0,0.0,325648.25
1728578,IT,SE,PAPER,TRANS,0.03,6512.78,3,3,6512.78,0.0,0.0,0.0,0.0,217092.666667
1787753,IT,WA,VEGE1,INERT,0.02,6512.738,3,3,6512.738,0.0,0.0,0.0,0.0,325636.9
1674462,IT,FR,BIODI,FOOD5,0.01,6512.713,3,3,6512.713,0.0,0.0,0.0,0.0,651271.3
1648721,IT,BG,FOOD5,FABRI,0.03,6512.556,3,3,6512.556,0.0,0.0,0.0,0.0,217085.2
1659295,IT,DE,SALEM,FOOD2,0.05,6512.34,3,3,6512.34,0.0,0.0,0.0,0.0,130246.8
1784700,IT,ID,FURNI,CERAM,0.02,6512.231,3,3,6512.231,0.0,0.0,0.0,0.0,325611.55
1653660,IT,CZ,ALUM1,ELEC2,0.01,6512.135,3,3,6512.135,0.0,0.0,0.0,0.0,651213.5
1645812,IT,BE,RUBBE,TEXT1,0.02,6511.864,3,3,6511.864,0.0,0.0,0.0,0.0,325593.2
1687331,IT,HU,RETA1,FINAN,0.07,6511.798,3,3,6511.798,0.0,0.0,0.0,0.0,93025.685714
1725638,IT,RO,PULP5,GASDI,0.02,6511.428,3,3,6511.428,0.0,0.0,0.0,0.0,325571.4
1741860,IT,US,CHEM1,FISHF,0.01,6510.773,3,3,6510.773,0.0,0.0,0.0,0.0,651077.3
1658511,IT,DE,FABRI,FOOD4,0.03,6510.593,3,3,6510.593,0.0,0.0,0.0,0.0,217019.766667
1803845,IT,WF,TEXTI,OXYGE,0.04,6510.533,3,3,6510.533,0.0,0.0,0.0,0.0,162763.325
1772481,IT,CH,BIODI,HOTEL,0.01,6510.352,3,3,6510.352,0.0,0.0,0.0,0.0,651035.2
1770909,IT,AU,HEALT,CHEM1,0.03,6510.179,3,3,6510.179,0.0,0.0,0.0,0.0,217005.966667
1777094,IT,TR,CHEM1,INSUR,0.01,6510.053,3,3,6510.053,0.0,0.0,0.0,0.0,651005.3
1766357,IT,RU,NONME,PLAS2,0.01,6509.789,3,3,6509.789,0.0,0.0,0.0,0.0,650978.9
1799231,IT,WE,LEATH,SUGA1,0.05,6509.767,3,3,6509.767,0.0,0.0,0.0,0.0,130195.34
1730001,IT,SE,SALEM,WHOLE,0.05,6509.121,3,3,6509.121,0.0,0.0,0.0,0.0,130182.42
1664482,IT,EE,MOTO1,RUBBE,0.03,6509.002,3,3,6509.002,0.0,0.0,0.0,0.0,216966.733333
1746037,IT,JP,PAPER,SEACO,0.03,6508.88,3,3,6508.88,0.0,0.0,0.0,0.0,216962.666667
1814771,IT,WM,FOOD2,HEALT,0.04,6508.698,3,3,6508.698,0.0,0.0,0.0,0.0,162717.45
1729731,IT,SE,MACHI,LEATH,0.04,6507.874,3,3,6507.874,0.0,0.0,0.0,0.0,162696.85
1786774,IT,ZA,HOTEL,FISH5,0.05,6507.76,3,3,6507.76,0.0,0.0,0.0,0.0,130155.2
1724831,IT,PT,BUSIN,PIGS9,0.07,6507.675,3,3,6507.675,0.0,0.0,0.0,0.0,92966.785714
1666666,IT,ES,ADDIT,AUXIL,0.02,6507.657,3,3,6507.657,0.0,0.0,0.0,0.0,325382.85
1729842,IT,SE,MOTO1,PLAST,0.03,6507.174,3,3,6507.174,0.0,0.0,0.0,0.0,216905.8
1710955,IT,LU,RUBBE,LANDT,0.02,6506.678,3,3,6506.678,0.0,0.0,0.0,0.0,325333.9
1654970,IT,CZ,INSUR,RETA1,0.13,6506.671,3,3,6506.671,0.0,0.0,0.0,0.0,50051.315385
1769389,IT,AU,CERAM,MOTO1,0.01,6506.577,3,3,6506.577,0.0,0.0,0.0,0.0,650657.7
1667570,IT,ES,FABRI,TEXT1,0.03,6506.343,3,3,6506.343,0.0,0.0,0.0,0.0,216878.1
1668920,IT,ES,INLAN,ELEC1,0.01,6506.209,3,3,6506.209,0.0,0.0,0.0,0.0,650620.9
1743096,IT,US,MOTO1,WEARI,0.03,6505.669,3,3,6505.669,0.0,0.0,0.0,0.0,216855.633333
1645248,IT,BE,COALT,ELEC2,0.01,6505.602,3,3,6505.602,0.0,0.0,0.0,0.0,650560.2
1795738,IT,WL,MACHI,COPPE,0.04,6505.222,3,3,6505.222,0.0,0.0,0.0,0.0,162630.55
1717885,IT,PL,VEGET,MEMBE,0.02,6504.683,3,3,6504.683,0.0,0.0,0.0,0.0,325234.15
1764709,IT,MX,HOTEL,HEAVY,0.05,6504.439,3,3,6504.439,0.0,0.0,0.0,0.0,130088.78
1810076,IT,WM,TEXTI,ELEC1,0.04,6504.355,3,3,6504.355,0.0,0.0,0.0,0.0,162608.875
1780775,IT,TW,RENTI,MEDIC,0.04,6504.113,3,3,6504.113,0.0,0.0,0.0,0.0,162602.825
1688890,IT,IE,LEAD1,FOOD5,0.01,6503.545,3,3,6503.545,0.0,0.0,0.0,0.0,650354.5
1714569,IT,NL,CRUDE,EDUCA,0.01,6503.517,3,3,6503.517,0.0,0.0,0.0,0.0,650351.7
1713240,IT,MT,PAPER,FOOD5,0.03,6503.411,3,3,6503.411,0.0,0.0,0.0,0.0,216780.366667
1642451,IT,AT,ALUM1,ELEC1,0.01,6503.333,3,3,6503.333,0.0,0.0,0.0,0.0,650333.3
1736265,IT,SK,HOTEL,WEARI,0.05,6503.183,3,3,6503.183,0.0,0.0,0.0,0.0,130063.66
1780402,IT,TW,SUPPO,PROCE,0.05,6503.143,3,3,6503.143,0.0,0.0,0.0,0.0,130062.86
1671778,IT,FI,WHOLE,CROPS,0.06,6502.981,3,3,6502.981,0.0,0.0,0.0,0.0,108383.016667
1721701,IT,PL,FINAN,HOTEL,0.08,6502.704,3,3,6502.704,0.0,0.0,0.0,0.0,81283.8
1721899,IT,PL,RENTI,PREC1,0.04,6502.397,3,3,6502.397,0.0,0.0,0.0,0.0,162559.925
1663873,IT,EE,WEARI,LEATH,0.05,6501.523,3,3,6501.523,0.0,0.0,0.0,0.0,130030.46
1801362,IT,WE,MACHI,COKE1,0.04,6501.203,3,3,6501.203,0.0,0.0,0.0,0.0,162530.075
1671392,IT,FI,FABRI,VEGE1,0.03,6500.967,3,3,6500.967,0.0,0.0,0.0,0.0,216698.9
1659271,IT,DE,SALEM,RAILW,0.05,6500.771,3,3,6500.771,0.0,0.0,0.0,0.0,130015.42
1781266,IT,NO,CHEMI,PAPER,0.02,6500.147,3,3,6500.147,0.0,0.0,0.0,0.0,325007.35
1682254,IT,HR,LEATH,BEVER,0.05,6499.852,3,3,6499.852,0.0,0.0,0.0,0.0,129997.04
1808643,IT,WF,INERT,POULT,0.05,6499.796,3,3,6499.796,0.0,0.0,0.0,0.0,129995.92
1680166,IT,GR,MOTO1,SECO9,0.03,6499.762,3,3,6499.762,0.0,0.0,0.0,0.0,216658.733333
1793073,IT,WA,INERT,PIGS9,0.05,6499.454,3,3,6499.454,0.0,0.0,0.0,0.0,129989.08
1750210,IT,CN,LEAD1,CEMEN,0.01,6499.325,3,3,6499.325,0.0,0.0,0.0,0.0,649932.5
1648793,IT,BG,BEVER,SEACO,0.03,6499.19,3,3,6499.19,0.0,0.0,0.0,0.0,216639.666667
1765577,IT,RU,LEATH,POSTT,0.05,6499.178,3,3,6499.178,0.0,0.0,0.0,0.0,129983.56
1680183,IT,GR,MOTO1,INTER,0.03,6499.072,3,3,6499.072,0.0,0.0,0.0,0.0,216635.733333
1680186,IT,GR,MOTO1,FOOD2,0.03,6499.051,3,3,6499.051,0.0,0.0,0.0,0.0,216635.033333
1680192,IT,GR,MOTO1,INERT,0.03,6499.026,3,3,6499.026,0.0,0.0,0.0,0.0,216634.2
1680184,IT,GR,MOTO1,OILHA,0.03,6499.017,3,3,6499.017,0.0,0.0,0.0,0.0,216633.9
1680194,IT,GR,MOTO1,WOOD2,0.03,6498.99,3,3,6498.99,0.0,0.0,0.0,0.0,216633.0
1680193,IT,GR,MOTO1,TEXT2,0.03,6498.986,3,3,6498.986,0.0,0.0,0.0,0.0,216632.866667
1680191,IT,GR,MOTO1,PLAS2,0.03,6498.985,3,3,6498.985,0.0,0.0,0.0,0.0,216632.833333
1731729,IT,SI,PULP5,COPP1,0.02,6498.962,3,3,6498.962,0.0,0.0,0.0,0.0,324948.1
1812156,IT,WM,CEMEN,FABRI,0.01,6498.935,3,3,6498.935,0.0,0.0,0.0,0.0,649893.5
1750697,IT,CN,MOTO1,ELEC5,0.03,6498.731,3,3,6498.731,0.0,0.0,0.0,0.0,216624.366667
1792654,IT,WA,RESEA,NFERT,0.04,6498.325,3,3,6498.325,0.0,0.0,0.0,0.0,162458.125
1672974,IT,FR,DAIRY,FOOD2,0.03,6498.24,3,3,6498.24,0.0,0.0,0.0,0.0,216608.0
1803185,IT,WF,CROPS,IRONO,0.05,6498.095,3,3,6498.095,0.0,0.0,0.0,0.0,129961.9
1731125,IT,SI,CRUDE,KEROS,0.01,6497.769,3,3,6497.769,0.0,0.0,0.0,0.0,649776.9
1642852,IT,AT,MOTO1,CHEM1,0.03,6497.718,3,3,6497.718,0.0,0.0,0.0,0.0,216590.6
1786574,IT,ZA,FURNI,INSUR,0.02,6497.544,3,3,6497.544,0.0,0.0,0.0,0.0,324877.2
1776054,IT,TR,TEXTI,RAILW,0.04,6497.393,3,3,6497.393,0.0,0.0,0.0,0.0,162434.825
1643212,IT,AT,HOTEL,HEAVY,0.05,6496.191,3,3,6496.191,0.0,0.0,0.0,0.0,129923.82
1792705,IT,WA,BUSIN,LEADZ,0.07,6495.828,3,3,6495.828,0.0,0.0,0.0,0.0,92797.542857
1643678,IT,AT,SUPPO,MEATC,0.05,6495.798,3,3,6495.798,0.0,0.0,0.0,0.0,129915.96
1669416,IT,ES,INSUR,MOTO1,0.13,6495.749,3,3,6495.749,0.0,0.0,0.0,0.0,49967.3
1771425,IT,CH,FOOD5,INSUR,0.03,6495.687,3,3,6495.687,0.0,0.0,0.0,0.0,216522.9
1783008,IT,NO,POSTT,RENTI,0.11,6494.919,3,3,6494.919,0.0,0.0,0.0,0.0,59044.718182
1664676,IT,EE,TRAN2,KEROS,0.01,6494.278,3,3,6494.278,0.0,0.0,0.0,0.0,649427.8
1713020,IT,MT,MEATC,COMPU,0.02,6494.178,3,3,6494.178,0.0,0.0,0.0,0.0,324708.9
1782436,IT,NO,MACHI,BEVER,0.04,6494.134,3,3,6494.134,0.0,0.0,0.0,0.0,162353.35
1752050,IT,CN,BUSIN,PLANT,0.07,6494.081,3,3,6494.081,0.0,0.0,0.0,0.0,92772.585714
1768780,IT,AU,WEARI,WASTE,0.05,6493.781,3,3,6493.781,0.0,0.0,0.0,0.0,129875.62
1731183,IT,SI,CHEMI,CATTL,0.02,6493.461,3,3,6493.461,0.0,0.0,0.0,0.0,324673.05
1667994,IT,ES,TRANS,AUXIL,0.04,6492.927,3,3,6492.927,0.0,0.0,0.0,0.0,162323.175
1722653,IT,PT,TEXTI,93197,0.04,6492.823,3,3,6492.823,0.0,0.0,0.0,0.0,162320.575
1780266,IT,TW,LANDT,RUBBE,0.04,6492.564,3,3,6492.564,0.0,0.0,0.0,0.0,162314.1
1813824,IT,WM,RAILW,COMPU,0.04,6492.161,3,3,6492.161,0.0,0.0,0.0,0.0,162304.025
1719727,IT,PL,NONME,SUPPO,0.01,6492.108,3,3,6492.108,0.0,0.0,0.0,0.0,649210.8
1652394,IT,CZ,TEXTI,NAPHT,0.04,6492.097,3,3,6492.097,0.0,0.0,0.0,0.0,162302.425
1781197,IT,NO,VEGET,GLASS,0.02,6491.936,3,3,6491.936,0.0,0.0,0.0,0.0,324596.8
1800141,IT,WE,NAPHT,MEMBE,0.01,6491.631,3,3,6491.631,0.0,0.0,0.0,0.0,649163.1
1713396,IT,MT,NAPHT,MOTO1,0.01,6491.554,3,3,6491.554,0.0,0.0,0.0,0.0,649155.4
1784143,IT,ID,PAPER,OILSE,0.03,6491.551,3,3,6491.551,0.0,0.0,0.0,0.0,216385.033333
1809019,IT,WM,VEGET,BASIC,0.02,6491.073,3,3,6491.073,0.0,0.0,0.0,0.0,324553.65
1689279,IT,IE,WHOLE,SEACO,0.06,6490.881,3,3,6490.881,0.0,0.0,0.0,0.0,108181.35
1731744,IT,SI,PULP5,LANDT,0.02,6490.658,3,3,6490.658,0.0,0.0,0.0,0.0,324532.9
1747192,IT,JP,CONST,TRAN2,0.04,6490.518,3,3,6490.518,0.0,0.0,0.0,0.0,162262.95
1782551,IT,NO,MOTO1,TRANS,0.03,6490.4,3,3,6490.4,0.0,0.0,0.0,0.0,216346.666667
1652217,IT,CZ,PROCE,RETA1,0.04,6489.837,3,3,6489.837,0.0,0.0,0.0,0.0,162245.925
1811064,IT,WM,HEAVY,PETRO,0.01,6489.769,3,3,6489.769,0.0,0.0,0.0,0.0,648976.9
1729523,IT,SE,LEAD1,FURNI,0.01,6489.693,3,3,6489.693,0.0,0.0,0.0,0.0,648969.3
1746581,IT,JP,PREC1,PULP5,0.01,6489.679,3,3,6489.679,0.0,0.0,0.0,0.0,648967.9
1769843,IT,AU,OFFIC,BITUM,0.02,6489.54,3,3,6489.54,0.0,0.0,0.0,0.0,324477.0
1800382,IT,WE,CHEM1,ELEC3,0.01,6489.226,3,3,6489.226,0.0,0.0,0.0,0.0,648922.6
1671541,IT,FI,OFFIC,GASDI,0.02,6489.15,3,3,6489.15,0.0,0.0,0.0,0.0,324457.5
1795451,IT,WL,PREC1,BIOGA,0.01,6489.11,3,3,6489.11,0.0,0.0,0.0,0.0,648911.0
1805323,IT,WF,RUBBE,WOOLS,0.02,6489.011,3,3,6489.011,0.0,0.0,0.0,0.0,324450.55
1682931,IT,HR,PARAF,DIST1,0.01,6488.755,3,3,6488.755,0.0,0.0,0.0,0.0,648875.5
1734481,IT,SK,CHEMI,FOUND,0.02,6488.638,3,3,6488.638,0.0,0.0,0.0,0.0,324431.9
1677679,IT,FR,RENTI,TEXTI,0.04,6488.561,3,3,6488.561,0.0,0.0,0.0,0.0,162214.025
1719080,IT,PL,PARAF,FINAN,0.01,6488.516,3,3,6488.516,0.0,0.0,0.0,0.0,648851.6
1748708,IT,CN,FOOD5,MEMBE,0.03,6488.382,3,3,6488.382,0.0,0.0,0.0,0.0,216279.4
1680974,IT,GR,INLAN,RUBBE,0.01,6488.258,3,3,6488.258,0.0,0.0,0.0,0.0,648825.8
1807281,IT,WF,POSTT,MEAT4,0.11,6488.254,3,3,6488.254,0.0,0.0,0.0,0.0,58984.127273
1785869,IT,ZA,ADDIT,FOOD5,0.02,6487.735,3,3,6487.735,0.0,0.0,0.0,0.0,324386.75
1804025,IT,WF,WOODW,MEATP,0.02,6487.627,3,3,6487.627,0.0,0.0,0.0,0.0,324381.35
1768879,IT,AU,WOODW,FOOD5,0.02,6487.067,3,3,6487.067,0.0,0.0,0.0,0.0,324353.35
1802856,IT,WE,FOOD2,REALE,0.04,6486.792,3,3,6486.792,0.0,0.0,0.0,0.0,162169.8
1814729,IT,WM,OILHA,ELEC2,0.04,6486.486,3,3,6486.486,0.0,0.0,0.0,0.0,162162.15
1730542,IT,SE,AUXIL,COPP1,0.12,6486.209,3,3,6486.209,0.0,0.0,0.0,0.0,54051.741667
1798795,IT,WE,FOOD5,CHARC,0.03,6486.168,3,3,6486.168,0.0,0.0,0.0,0.0,216205.6
1772789,IT,CH,NONME,ELECT,0.01,6485.812,3,3,6485.812,0.0,0.0,0.0,0.0,648581.2
1647930,IT,BE,REALE,RENTI,0.27,6485.36,3,3,6485.36,0.0,0.0,0.0,0.0,24019.851852
1748743,IT,CN,BEVER,SALEM,0.03,6485.198,3,3,6485.198,0.0,0.0,0.0,0.0,216173.266667
1793534,IT,WL,MEAT1,PFERT,0.03,6485.069,3,3,6485.069,0.0,0.0,0.0,0.0,216168.966667
1749989,IT,CN,CEMEN,RUBBE,0.01,6484.619,3,3,6484.619,0.0,0.0,0.0,0.0,648461.9
1643785,IT,AT,POSTT,FINAN,0.11,6484.35,3,3,6484.35,0.0,0.0,0.0,0.0,58948.636364
1720817,IT,PL,FURNI,BIODI,0.02,6484.345,3,3,6484.345,0.0,0.0,0.0,0.0,324217.25
1668793,IT,ES,LANDT,FOODW,0.04,6483.897,3,3,6483.897,0.0,0.0,0.0,0.0,162097.425
1776377,IT,TR,PRINT,RUBBE,0.06,6482.968,3,3,6482.968,0.0,0.0,0.0,0.0,108049.466667
1745635,IT,JP,TEXTI,LIQUE,0.04,6482.962,3,3,6482.962,0.0,0.0,0.0,0.0,162074.05
1734453,IT,SK,FORES,MOTO1,0.06,6482.935,4,4,6480.935,0.0,2.0,0.0,0.0,108048.916667
1723750,IT,PT,MACHI,INERT,0.04,6481.879,3,3,6481.879,0.0,0.0,0.0,0.0,162046.975
1796410,IT,WL,WHOLE,NONF1,0.06,6481.604,3,3,6481.604,0.0,0.0,0.0,0.0,108026.733333
1744550,IT,US,REALE,SALEM,0.27,6481.191,3,3,6481.191,0.0,0.0,0.0,0.0,24004.411111
1725094,IT,RO,FORES,PAPER,0.06,6480.115,4,4,6478.115,0.0,2.0,0.0,0.0,108001.916667
1762668,IT,IN,COMPU,MEMBE,0.07,6479.899,3,3,6479.899,0.0,0.0,0.0,0.0,92569.985714
1765223,IT,RU,CROPS,PIGS9,0.05,6479.61,3,3,6479.61,0.0,0.0,0.0,0.0,129592.2
1671152,IT,FI,CERAM,PLAST,0.01,6479.525,3,3,6479.525,0.0,0.0,0.0,0.0,647952.5
1648874,IT,BG,TEXTI,FOUND,0.04,6479.464,3,3,6479.464,0.0,0.0,0.0,0.0,161986.6
1660384,IT,DE,FINAN,MEDIC,0.08,6479.163,3,3,6479.163,0.0,0.0,0.0,0.0,80989.5375
1783582,IT,NO,FOOD2,LEAD1,0.04,6478.699,3,3,6478.699,0.0,0.0,0.0,0.0,161967.475
1768191,IT,RU,PUBLI,INSUR,0.11,6478.648,3,3,6478.648,0.0,0.0,0.0,0.0,58896.8
1758357,IT,BR,FABRI,PIGS9,0.03,6478.622,3,3,6478.622,0.0,0.0,0.0,0.0,215954.066667
1780963,IT,TW,BUSIN,PULP5,0.07,6478.29,3,3,6478.29,0.0,0.0,0.0,0.0,92547.0
1740079,IT,GB,RENTI,FOOD3,0.04,6478.064,3,3,6478.064,0.0,0.0,0.0,0.0,161951.6
1802822,IT,WE,EDUCA,FINAN,0.16,6476.951,3,3,6476.951,0.0,0.0,0.0,0.0,40480.94375
1753453,IT,CA,FABRI,GLASS,0.03,6476.878,3,3,6476.878,0.0,0.0,0.0,0.0,215895.933333
1679618,IT,GR,GLASS,STONE,0.02,6476.877,3,3,6476.877,0.0,0.0,0.0,0.0,323843.85
1797717,IT,WL,PLAS1,POSTT,0.02,6476.552,3,3,6476.552,0.0,0.0,0.0,0.0,323827.6
1769274,IT,AU,RUBBE,NONF1,0.02,6476.481,3,3,6476.481,0.0,0.0,0.0,0.0,323824.05
1722377,IT,PT,CHEMI,FOOD5,0.02,6476.356,3,3,6476.356,0.0,0.0,0.0,0.0,323817.8
1735072,IT,SK,CHEM1,KEROS,0.01,6476.287,3,3,6476.287,0.0,0.0,0.0,0.0,647628.7
1791476,IT,WA,WHOLE,SEACO,0.06,6475.916,3,3,6475.916,0.0,0.0,0.0,0.0,107931.933333
1725161,IT,RO,VEGE1,MEATP,0.02,6475.749,3,3,6475.749,0.0,0.0,0.0,0.0,323787.45
1735353,IT,SK,CEMEN,RESEA,0.01,6475.509,3,3,6475.509,0.0,0.0,0.0,0.0,647550.9
1760577,IT,IN,WOODW,TOBAC,0.02,6475.236,3,3,6475.236,0.0,0.0,0.0,0.0,323761.8
1731515,IT,SI,FISH5,MACHI,0.03,6474.144,4,4,6474.141,0.0,0.0,0.0,0.003,215804.8
1778851,IT,TR,LANDT,MEMBE,0.04,6473.574,3,3,6473.574,0.0,0.0,0.0,0.0,161839.35
1690112,IT,IE,COMPU,DAIRY,0.07,6473.542,3,3,6473.542,0.0,0.0,0.0,0.0,92479.171429
1666285,IT,ES,HEAVY,93197,0.01,6473.453,3,3,6473.453,0.0,0.0,0.0,0.0,647345.3
1762171,IT,IN,LANDT,WHOLE,0.04,6473.256,3,3,6473.256,0.0,0.0,0.0,0.0,161831.4
1768712,IT,AU,WEARI,CATTL,0.05,6472.747,3,3,6472.747,0.0,0.0,0.0,0.0,129454.94
1718670,IT,PL,WOODW,GASDI,0.02,6472.43,3,3,6472.43,0.0,0.0,0.0,0.0,323621.5
1655185,IT,CZ,BUSIN,TRAN2,0.07,6472.408,3,3,6472.408,0.0,0.0,0.0,0.0,92462.971429
1743416,IT,US,SALEM,FOOD4,0.05,6472.298,3,3,6472.298,0.0,0.0,0.0,0.0,129445.96
1770403,IT,AU,LANDT,POSTT,0.04,6472.032,3,3,6472.032,0.0,0.0,0.0,0.0,161800.8
1783290,IT,NO,FOODW,RESEA,0.05,6471.903,3,3,6471.903,0.0,0.0,0.0,0.0,129438.06
1673588,IT,FR,WOODW,WEARI,0.02,6471.856,3,3,6471.856,0.0,0.0,0.0,0.0,323592.8
1687763,IT,HU,SUPPO,AUXIL,0.05,6471.496,3,3,6471.496,0.0,0.0,0.0,0.0,129429.92
1770555,IT,AU,SUPPO,RAILW,0.05,6471.494,3,3,6471.494,0.0,0.0,0.0,0.0,129429.88
1657586,IT,DE,GLASS,ELEC2,0.02,6471.114,3,3,6471.114,0.0,0.0,0.0,0.0,323555.7
1726154,IT,RO,GLASS,VEGE1,0.02,6471.005,3,3,6471.005,0.0,0.0,0.0,0.0,323550.25
1783873,IT,NO,WOOD2,PREC1,0.04,6470.95,3,3,6470.95,0.0,0.0,0.0,0.0,161773.75
1726705,IT,RO,FURNI,PAPER,0.02,6470.696,3,3,6470.696,0.0,0.0,0.0,0.0,323534.8
1785173,IT,ZA,FOOD5,CHEM1,0.03,6470.642,3,3,6470.642,0.0,0.0,0.0,0.0,215688.066667
1711384,IT,LU,RETA1,DIST1,0.07,6470.637,3,3,6470.637,0.0,0.0,0.0,0.0,92437.671429
1750924,IT,CN,CONST,ELEC1,0.04,6470.632,3,3,6470.632,0.0,0.0,0.0,0.0,161765.8
1800050,IT,WE,LIQUE,KEROS,0.01,6470.52,3,3,6470.52,0.0,0.0,0.0,0.0,647052.0
1752295,IT,CA,SANDC,FOUND,0.01,6470.493,4,4,6469.493,0.0,0.0,1.0,0.0,647049.3
1712015,IT,LV,VEGE1,RAWMI,0.02,6470.421,3,3,6470.421,0.0,0.0,0.0,0.0,323521.05
1685034,IT,HU,DAIRY,PULP5,0.03,6470.398,3,3,6470.398,0.0,0.0,0.0,0.0,215679.933333
1779104,IT,TR,SUPPO,ELEC4,0.05,6470.327,3,3,6470.327,0.0,0.0,0.0,0.0,129406.54
1666429,IT,ES,BITU1,ELEC6,0.01,6470.123,3,3,6470.123,0.0,0.0,0.0,0.0,647012.3
1760462,IT,IN,FISH5,HEALT,0.03,6470.037,4,4,6470.034,0.0,0.0,0.0,0.003,215667.9
1679281,IT,GR,HEAVY,CATTL,0.01,6469.961,3,3,6469.961,0.0,0.0,0.0,0.0,646996.1
1756875,IT,KR,POSTT,SEACO,0.11,6469.055,3,3,6469.055,0.0,0.0,0.0,0.0,58809.590909
1766976,IT,RU,MOTO1,COLLE,0.03,6468.642,3,3,6468.642,0.0,0.0,0.0,0.0,215621.4
1773436,IT,CH,OFFIC,CERAM,0.02,6468.512,3,3,6468.512,0.0,0.0,0.0,0.0,323425.6
1787748,IT,WA,VEGE1,BUSIN,0.02,6468.361,3,3,6468.361,0.0,0.0,0.0,0.0,323418.05
1809872,IT,WM,BEVER,MEAT1,0.03,6468.169,3,3,6468.169,0.0,0.0,0.0,0.0,215605.633333
1679898,IT,GR,COPP1,LANDT,0.02,6467.955,3,3,6467.955,0.0,0.0,0.0,0.0,323397.75
1780732,IT,TW,REALE,TRAN2,0.27,6467.878,3,3,6467.878,0.0,0.0,0.0,0.0,23955.103704
1814447,IT,WM,COMPU,GASDI,0.07,6467.816,3,3,6467.816,0.0,0.0,0.0,0.0,92397.371429
1763467,IT,MX,PLAST,CERAM,0.01,6467.555,3,3,6467.555,0.0,0.0,0.0,0.0,646755.5
1735938,IT,SK,MOTO1,PULP5,0.03,6467.313,3,3,6467.313,0.0,0.0,0.0,0.0,215577.1
1790652,IT,WA,FABRI,NONSP,0.03,6467.224,3,3,6467.224,0.0,0.0,0.0,0.0,215574.133333
1785140,IT,ZA,DAIRY,RENTI,0.03,6467.131,3,3,6467.131,0.0,0.0,0.0,0.0,215571.033333
1727886,IT,RO,WASTE,OFFIC,0.02,6466.865,3,3,6466.865,0.0,0.0,0.0,0.0,323343.25
1774443,IT,CH,RAILW,MEMBE,0.04,6466.464,3,3,6466.464,0.0,0.0,0.0,0.0,161661.6
1710304,IT,LT,FURNI,TEXTI,0.02,6466.312,3,3,6466.312,0.0,0.0,0.0,0.0,323315.6
1793014,IT,WA,FOOD3,LEAD1,0.02,6466.203,3,3,6466.203,0.0,0.0,0.0,0.0,323310.15
1658669,IT,DE,OFFIC,BKBPE,0.02,6465.951,3,3,6465.951,0.0,0.0,0.0,0.0,323297.55
1736357,IT,SK,RAILW,COMPU,0.04,6465.878,3,3,6465.878,0.0,0.0,0.0,0.0,161646.95
1800369,IT,WE,CHEM1,BASIC,0.01,6465.68,3,3,6465.68,0.0,0.0,0.0,0.0,646568.0
1775924,IT,TR,FOOD5,TEXTI,0.03,6465.592,3,3,6465.592,0.0,0.0,0.0,0.0,215519.733333
1690123,IT,IE,COMPU,MOTO1,0.07,6465.381,3,3,6465.381,0.0,0.0,0.0,0.0,92362.585714
1814756,IT,WM,FOOD2,DISTR,0.04,6465.051,3,3,6465.051,0.0,0.0,0.0,0.0,161626.275
1684560,IT,HR,BUSIN,STEAM,0.07,6465.033,3,3,6465.033,0.0,0.0,0.0,0.0,92357.614286
1725111,IT,RO,SANDC,BRICK,0.01,6464.938,4,4,6463.938,0.0,0.0,1.0,0.0,646493.8
1681555,IT,GR,BUSIN,ELEC5,0.07,6464.856,3,3,6464.856,0.0,0.0,0.0,0.0,92355.085714
1812646,IT,WM,COPP1,WEARI,0.02,6464.73,3,3,6464.73,0.0,0.0,0.0,0.0,323236.5
1744662,IT,US,COMPU,PAPER,0.07,6464.155,3,3,6464.155,0.0,0.0,0.0,0.0,92345.071429
1790029,IT,WA,NONME,SALEM,0.01,6463.999,3,3,6463.999,0.0,0.0,0.0,0.0,646399.9
1725299,IT,RO,BEVER,GASDI,0.03,6463.796,3,3,6463.796,0.0,0.0,0.0,0.0,215459.866667
1685048,IT,HU,DAIRY,LANDT,0.03,6463.623,3,3,6463.623,0.0,0.0,0.0,0.0,215454.1
1723701,IT,PT,MACHI,LEAD1,0.04,6463.572,3,3,6463.572,0.0,0.0,0.0,0.0,161589.3
1735055,IT,SK,CHEM1,STONE,0.01,6463.438,3,3,6463.438,0.0,0.0,0.0,0.0,646343.8
1809757,IT,WM,FOOD5,COPPE,0.03,6463.412,3,3,6463.412,0.0,0.0,0.0,0.0,215447.066667
1714280,IT,MT,BUSIN,SEACO,0.07,6463.078,3,3,6463.078,0.0,0.0,0.0,0.0,92329.685714
1723326,IT,PT,NONME,FISH5,0.01,6462.987,3,3,6462.987,0.0,0.0,0.0,0.0,646298.7
1732926,IT,SI,ALUM1,FISH5,0.01,6462.972,3,3,6462.972,0.0,0.0,0.0,0.0,646297.2
1749907,IT,CN,GLASS,MEATP,0.02,6462.605,3,3,6462.605,0.0,0.0,0.0,0.0,323130.25
1732292,IT,SI,NAPHT,SUGA1,0.01,6462.388,3,3,6462.388,0.0,0.0,0.0,0.0,646238.8
1679496,IT,GR,CHEM1,COLLE,0.01,6462.387,3,3,6462.387,0.0,0.0,0.0,0.0,646238.7
1661539,IT,DK,BEVER,ANIMA,0.03,6462.342,3,3,6462.342,0.0,0.0,0.0,0.0,215411.4
1777866,IT,TR,FABRI,FOOD3,0.03,6462.322,3,3,6462.322,0.0,0.0,0.0,0.0,215410.733333
1808459,IT,WF,FOOD4,LIQUE,0.05,6462.256,3,3,6462.256,0.0,0.0,0.0,0.0,129245.12
1752825,IT,CA,PAPER,ELECT,0.03,6462.048,3,3,6462.048,0.0,0.0,0.0,0.0,215401.6
1709567,IT,LT,WOODW,PAPE1,0.02,6461.924,3,3,6461.924,0.0,0.0,0.0,0.0,323096.2
1668078,IT,ES,FURNI,FOOD4,0.02,6461.871,3,3,6461.871,0.0,0.0,0.0,0.0,323093.55
1801772,IT,WE,ELEC4,NATUR,0.1,6461.802,3,3,6461.802,0.0,0.0,0.0,0.0,64618.02
1719551,IT,PL,GLASS,RETAI,0.02,6461.745,3,3,6461.745,0.0,0.0,0.0,0.0,323087.25
1667029,IT,ES,NONME,PROCE,0.01,6461.617,3,3,6461.617,0.0,0.0,0.0,0.0,646161.7
1722746,IT,PT,PAPER,SANDC,0.03,6461.553,3,3,6461.553,0.0,0.0,0.0,0.0,215385.1
1678418,IT,FR,INERT,HOTEL,0.05,6461.28,3,3,6461.28,0.0,0.0,0.0,0.0,129225.6
1722948,IT,PT,HEAVY,TEXTI,0.01,6461.152,3,3,6461.152,0.0,0.0,0.0,0.0,646115.2
1659224,IT,DE,SALEM,RAWMI,0.05,6461.144,3,3,6461.144,0.0,0.0,0.0,0.0,129222.88
1761714,IT,IN,MACHI,LIGNI,0.04,6460.577,3,3,6460.577,0.0,0.0,0.0,0.0,161514.425
1663899,IT,EE,LEATH,PLAST,0.05,6460.374,3,3,6460.374,0.0,0.0,0.0,0.0,129207.48
1809962,IT,WM,FISH5,PLAST,0.03,6460.292,4,4,6460.289,0.0,0.0,0.0,0.003,215343.066667
1681435,IT,GR,RENTI,POSTT,0.04,6460.172,3,3,6460.172,0.0,0.0,0.0,0.0,161504.3
1668615,IT,ES,RAILW,PAPER,0.04,6459.774,3,3,6459.774,0.0,0.0,0.0,0.0,161494.35
1780765,IT,TW,RENTI,CEMEN,0.04,6459.46,3,3,6459.46,0.0,0.0,0.0,0.0,161486.5
1643402,IT,AT,LANDT,VEGE1,0.04,6459.375,3,3,6459.375,0.0,0.0,0.0,0.0,161484.375
1769398,IT,AU,CERAM,RAILW,0.01,6459.243,3,3,6459.243,0.0,0.0,0.0,0.0,645924.3
1780834,IT,TW,COMPU,RADIO,0.07,6459.063,3,3,6459.063,0.0,0.0,0.0,0.0,92272.328571
1673521,IT,FR,LEATH,LIQUE,0.05,6458.915,3,3,6458.915,0.0,0.0,0.0,0.0,129178.3
1713455,IT,MT,CHEM1,MACHI,0.01,6458.839,3,3,6458.839,0.0,0.0,0.0,0.0,645883.9
1719943,IT,PL,PREC1,DISTR,0.01,6458.806,3,3,6458.806,0.0,0.0,0.0,0.0,645880.6
1765633,IT,RU,WOODW,LANDT,0.02,6458.578,3,3,6458.578,0.0,0.0,0.0,0.0,322928.9
1645714,IT,BE,RUBBE,PIGS9,0.02,6458.544,3,3,6458.544,0.0,0.0,0.0,0.0,322927.2
1747076,IT,JP,FURNI,ELECT,0.02,6458.438,3,3,6458.438,0.0,0.0,0.0,0.0,322921.9
1722309,IT,PT,VEGET,MEATP,0.02,6458.343,3,3,6458.343,0.0,0.0,0.0,0.0,322917.15
1685711,IT,HU,PARAF,SUGA1,0.01,6458.291,3,3,6458.291,0.0,0.0,0.0,0.0,645829.1
1805868,IT,WF,ALUM1,LIQUE,0.01,6457.991,3,3,6457.991,0.0,0.0,0.0,0.0,645799.1
1768242,IT,RU,HEALT,EDUCA,0.03,6457.898,3,3,6457.898,0.0,0.0,0.0,0.0,215263.266667
1790893,IT,WA,OFFIC,MEAT1,0.02,6457.655,3,3,6457.655,0.0,0.0,0.0,0.0,322882.75
1715743,IT,NL,BIOGA,WHOLE,0.01,6457.583,3,3,6457.583,0.0,0.0,0.0,0.0,645758.3
1678474,IT,FR,RECRE,CONST,0.08,6457.548,3,3,6457.548,0.0,0.0,0.0,0.0,80719.35
1754853,IT,KR,BEVER,SEACO,0.03,6457.204,3,3,6457.204,0.0,0.0,0.0,0.0,215240.133333
1798984,IT,WE,TEXTI,OILSE,0.04,6457.192,3,3,6457.192,0.0,0.0,0.0,0.0,161429.8
1790755,IT,WA,MACHI,NICKE,0.04,6456.883,3,3,6456.883,0.0,0.0,0.0,0.0,161422.075
1655448,IT,DE,FORES,DIST1,0.06,6456.773,4,4,6454.773,0.0,2.0,0.0,0.0,107612.883333
1803246,IT,WF,MEATA,COPPE,0.04,6456.192,3,3,6456.192,0.0,0.0,0.0,0.0,161404.8
1744168,IT,US,SUPPO,FOOD4,0.05,6455.91,3,3,6455.91,0.0,0.0,0.0,0.0,129118.2
1710686,IT,LU,PROCE,FISH5,0.04,6455.641,3,3,6455.641,0.0,0.0,0.0,0.0,161391.025
1760037,IT,BR,WOOD1,COLLE,0.04,6455.368,3,3,6455.368,0.0,0.0,0.0,0.0,161384.2
1719724,IT,PL,NONME,HOTEL,0.01,6454.526,3,3,6454.526,0.0,0.0,0.0,0.0,645452.6
1792431,IT,WA,AUXIL,VEGET,0.12,6454.406,3,3,6454.406,0.0,0.0,0.0,0.0,53786.716667
1732427,IT,SI,PLAST,WASTE,0.01,6454.233,3,3,6454.233,0.0,0.0,0.0,0.0,645423.3
1765539,IT,RU,LEATH,BEVER,0.05,6454.166,3,3,6454.166,0.0,0.0,0.0,0.0,129083.32
1663815,IT,EE,FISH5,BEVER,0.03,6454.141,4,4,6454.138,0.0,0.0,0.0,0.003,215138.033333
1785777,IT,ZA,PLAST,FINAN,0.01,6453.96,3,3,6453.96,0.0,0.0,0.0,0.0,645396.0
1785537,IT,ZA,AVIAT,SECO9,0.02,6453.684,3,3,6453.684,0.0,0.0,0.0,0.0,322684.2
1767780,IT,RU,INSUR,MEDIC,0.13,6453.542,3,3,6453.542,0.0,0.0,0.0,0.0,49642.630769
1784001,IT,ID,FOOD5,PUBLI,0.03,6453.356,3,3,6453.356,0.0,0.0,0.0,0.0,215111.866667
1681436,IT,GR,RENTI,FINAN,0.04,6453.186,3,3,6453.186,0.0,0.0,0.0,0.0,161329.65
1791828,IT,WA,LANDT,CERAM,0.04,6453.083,3,3,6453.083,0.0,0.0,0.0,0.0,161327.075
1678996,IT,GR,LEATH,DIST1,0.05,6452.892,3,3,6452.892,0.0,0.0,0.0,0.0,129057.84
1669129,IT,ES,POSTT,MEATP,0.11,6452.889,3,3,6452.889,0.0,0.0,0.0,0.0,58662.627273
1778789,IT,TR,LANDT,BRICK,0.04,6452.604,3,3,6452.604,0.0,0.0,0.0,0.0,161315.1
1726871,IT,RO,RETA1,BASIC,0.07,6452.39,3,3,6452.39,0.0,0.0,0.0,0.0,92177.0
1727547,IT,RO,REALE,TEXTI,0.27,6452.368,3,3,6452.368,0.0,0.0,0.0,0.0,23897.659259
1646710,IT,BE,FURNI,FOODW,0.02,6452.346,3,3,6452.346,0.0,0.0,0.0,0.0,322617.3
1668495,IT,ES,HOTEL,TEXTI,0.05,6452.046,3,3,6452.046,0.0,0.0,0.0,0.0,129040.92
1784189,IT,ID,PAPER,RENTI,0.03,6451.965,3,3,6451.965,0.0,0.0,0.0,0.0,215065.5
1780574,IT,TW,INSUR,PIGS9,0.13,6451.888,3,3,6451.888,0.0,0.0,0.0,0.0,49629.907692
1719588,IT,PL,CERAM,BEVER,0.01,6451.821,3,3,6451.821,0.0,0.0,0.0,0.0,645182.1
1787358,IT,WA,ANIMA,SANDC,0.03,6451.803,3,3,6451.803,0.0,0.0,0.0,0.0,215060.1
1713514,IT,MT,RUBBE,PUBLI,0.02,6451.348,3,3,6451.348,0.0,0.0,0.0,0.0,322567.4
1690351,IT,IE,FOOD3,REALE,0.02,6451.079,3,3,6451.079,0.0,0.0,0.0,0.0,322553.95
1801014,IT,WE,LEAD1,TEXTI,0.01,6450.89,3,3,6450.89,0.0,0.0,0.0,0.0,645089.0
1787505,IT,WA,CHEMI,SANDC,0.02,6450.868,3,3,6450.868,0.0,0.0,0.0,0.0,322543.4
1757708,IT,BR,NAPHT,MEATC,0.01,6450.688,3,3,6450.688,0.0,0.0,0.0,0.0,645068.8
1642393,IT,AT,PREC1,STONE,0.01,6450.588,3,3,6450.588,0.0,0.0,0.0,0.0,645058.8
1746520,IT,JP,NONME,TEXTI,0.01,6450.224,3,3,6450.224,0.0,0.0,0.0,0.0,645022.4
1748751,IT,CN,BEVER,INSUR,0.03,6449.657,3,3,6449.657,0.0,0.0,0.0,0.0,214988.566667
1679187,IT,GR,PRINT,AIRTR,0.06,6449.57,3,3,6449.57,0.0,0.0,0.0,0.0,107492.833333
1689638,IT,IE,SUPPO,COMPU,0.05,6449.308,3,3,6449.308,0.0,0.0,0.0,0.0,128986.16
1791777,IT,WA,RAILW,HEALT,0.04,6448.999,3,3,6448.999,0.0,0.0,0.0,0.0,161224.975
1670392,IT,FI,PROCE,COPP1,0.04,6448.988,3,3,6448.988,0.0,0.0,0.0,0.0,161224.7
1664923,IT,ES,ALUMI,FABRI,0.01,6448.77,3,3,6448.77,0.0,0.0,0.0,0.0,644877.0
1734305,IT,SI,BUSIN,BASIC,0.07,6448.735,3,3,6448.735,0.0,0.0,0.0,0.0,92124.785714
1806816,IT,WF,RETA1,CEMEN,0.07,6448.426,3,3,6448.426,0.0,0.0,0.0,0.0,92120.371429
1801586,IT,WE,TRANS,FOUND,0.04,6447.927,3,3,6447.927,0.0,0.0,0.0,0.0,161198.175
1768402,IT,AU,VEGE1,PRINT,0.02,6447.772,3,3,6447.772,0.0,0.0,0.0,0.0,322388.6
1658805,IT,DE,MOTO1,LEAD1,0.03,6447.75,3,3,6447.75,0.0,0.0,0.0,0.0,214925.0
1770642,IT,AU,FINAN,RETA1,0.08,6447.714,3,3,6447.714,0.0,0.0,0.0,0.0,80596.425
1762087,IT,IN,RETA1,WHOLE,0.07,6447.445,3,3,6447.445,0.0,0.0,0.0,0.0,92106.357143
1779148,IT,TR,POSTT,LEADZ,0.11,6447.389,3,3,6447.389,0.0,0.0,0.0,0.0,58612.627273
1650844,IT,BG,LANDT,FOUND,0.04,6447.281,3,3,6447.281,0.0,0.0,0.0,0.0,161182.025
1802082,IT,WE,RETA1,BEVER,0.07,6447.1,3,3,6447.1,0.0,0.0,0.0,0.0,92101.428571
1755437,IT,KR,NAPHT,NAPHT,0.01,6446.777,3,3,6446.777,0.0,0.0,0.0,0.0,644677.7
1778161,IT,TR,TRANS,BUSIN,0.04,6446.707,3,3,6446.707,0.0,0.0,0.0,0.0,161167.675
1744847,IT,US,RESEA,FOOD4,0.03,6446.565,3,3,6446.565,0.0,0.0,0.0,0.0,214885.5
1761646,IT,IN,FABRI,PETRO,0.03,6446.416,3,3,6446.416,0.0,0.0,0.0,0.0,214880.533333
1731226,IT,SI,MEATC,MEATC,0.02,6446.267,3,3,6446.267,0.0,0.0,0.0,0.0,322313.35
1809574,IT,WM,VEGE1,NFERT,0.02,6446.173,3,3,6446.173,0.0,0.0,0.0,0.0,322308.65
1798017,IT,WL,INERT,HOTEL,0.05,6445.842,3,3,6445.842,0.0,0.0,0.0,0.0,128916.84
1776001,IT,TR,TEXTI,LIGNI,0.04,6445.832,3,3,6445.832,0.0,0.0,0.0,0.0,161145.8
1719978,IT,PL,ALUM1,WHEAT,0.01,6445.653,3,3,6445.653,0.0,0.0,0.0,0.0,644565.3
1719188,IT,PL,PLAST,SEACO,0.01,6445.365,3,3,6445.365,0.0,0.0,0.0,0.0,644536.5
1669358,IT,ES,FINAN,FOOD2,0.08,6445.319,3,3,6445.319,0.0,0.0,0.0,0.0,80566.4875
1728784,IT,SE,HEAVY,CERAM,0.01,6445.311,3,3,6445.311,0.0,0.0,0.0,0.0,644531.1
1672604,IT,FR,FORES,FOOD5,0.06,6444.828,4,4,6442.828,0.0,2.0,0.0,0.0,107413.8
1779273,IT,TR,FINAN,MEDIC,0.08,6444.809,3,3,6444.809,0.0,0.0,0.0,0.0,80560.1125
1648183,IT,BE,BUSIN,PETRO,0.07,6444.61,3,3,6444.61,0.0,0.0,0.0,0.0,92065.857143
1644181,IT,BE,PADDY,CONST,0.07,6444.188,3,3,6444.188,0.0,0.0,0.0,0.0,92059.828571
1725350,IT,RO,TOBAC,PUBLI,0.03,6444.139,3,3,6444.139,0.0,0.0,0.0,0.0,214804.633333
1641627,IT,AT,BITU1,REFI1,0.01,6444.0,3,3,6444.0,0.0,0.0,0.0,0.0,644400.0
1731364,IT,SI,PROCE,FOOD5,0.04,6443.912,3,3,6443.912,0.0,0.0,0.0,0.0,161097.8
1674482,IT,FR,BIODI,TRAN2,0.01,6443.88,3,3,6443.88,0.0,0.0,0.0,0.0,644388.0
1716719,IT,NL,WHOLE,FOOD4,0.06,6443.812,3,3,6443.812,0.0,0.0,0.0,0.0,107396.866667
1765928,IT,RU,PLAST,HOTEL,0.01,6443.8,3,3,6443.8,0.0,0.0,0.0,0.0,644380.0
1761276,IT,IN,RUBBE,LEAD1,0.02,6443.765,3,3,6443.765,0.0,0.0,0.0,0.0,322188.25
1791554,IT,WA,RETA1,RADIO,0.07,6443.742,3,3,6443.742,0.0,0.0,0.0,0.0,92053.457143
1793348,IT,WA,PRIVA,MEMBE,1.44,6443.207,3,3,6443.207,0.0,0.0,0.0,0.0,4474.449306
1689716,IT,IE,FINAN,DAIRY,0.08,6443.206,3,3,6443.206,0.0,0.0,0.0,0.0,80540.075
1805506,IT,WF,CERAM,PRINT,0.01,6443.174,3,3,6443.174,0.0,0.0,0.0,0.0,644317.4
1753062,IT,CA,ADDIT,HEAVY,0.01,6442.922,3,3,6442.922,0.0,0.0,0.0,0.0,644292.2
1723716,IT,PT,MACHI,ELEC8,0.04,6441.918,3,3,6441.918,0.0,0.0,0.0,0.0,161047.95
1795085,IT,WL,RUBBE,WOOLS,0.02,6441.468,3,3,6441.468,0.0,0.0,0.0,0.0,322073.4
1670640,IT,FI,LEATH,CONST,0.05,6441.328,3,3,6441.328,0.0,0.0,0.0,0.0,128826.56
1811155,IT,WM,NAPHT,NONSP,0.01,6441.044,3,3,6441.044,0.0,0.0,0.0,0.0,644104.4
1765631,IT,RU,WOODW,HOTEL,0.02,6440.541,3,3,6440.541,0.0,0.0,0.0,0.0,322027.05
1655411,IT,DE,MEATA,RETA1,0.04,6440.38,3,3,6440.38,0.0,0.0,0.0,0.0,161009.5
1642804,IT,AT,OFFIC,WOODW,0.02,6440.332,3,3,6440.332,0.0,0.0,0.0,0.0,322016.6
1781171,IT,TW,TEXT2,PUBLI,0.05,6440.293,3,3,6440.293,0.0,0.0,0.0,0.0,128805.86
1710852,IT,LU,PAPER,93197,0.02,6440.091,3,3,6440.091,0.0,0.0,0.0,0.0,322004.55
1779590,IT,TR,COMPU,BLAST,0.07,6439.882,3,3,6439.882,0.0,0.0,0.0,0.0,91998.314286
1679111,IT,GR,PAPER,GASDI,0.02,6439.281,3,3,6439.281,0.0,0.0,0.0,0.0,321964.05
1757001,IT,KR,BUSIN,POULT,0.07,6439.146,3,3,6439.146,0.0,0.0,0.0,0.0,91987.8
1658559,IT,DE,MACHI,COKEO,0.04,6439.096,3,3,6439.096,0.0,0.0,0.0,0.0,160977.4
1782842,IT,NO,LANDT,PLAST,0.04,6438.815,3,3,6438.815,0.0,0.0,0.0,0.0,160970.375
1737121,IT,GB,MEAT4,VEGE1,0.04,6438.446,3,3,6438.446,0.0,0.0,0.0,0.0,160961.15
1678952,IT,GR,TEXTI,PAPE4,0.04,6438.43,3,3,6438.43,0.0,0.0,0.0,0.0,160960.75
1791396,IT,WA,WHOLE,WHEAT,0.06,6437.737,3,3,6437.737,0.0,0.0,0.0,0.0,107295.616667
1764799,IT,MX,LANDT,TRANS,0.04,6437.729,3,3,6437.729,0.0,0.0,0.0,0.0,160943.225
1776383,IT,TR,PRINT,FABRI,0.06,6437.471,3,3,6437.471,0.0,0.0,0.0,0.0,107291.183333
1784689,IT,ID,TRANS,FISHF,0.04,6437.092,3,3,6437.092,0.0,0.0,0.0,0.0,160927.3
1648967,IT,BG,LEATH,VEGET,0.05,6437.059,3,3,6437.059,0.0,0.0,0.0,0.0,128741.18
1712276,IT,LV,CHEM1,WHEAT,0.01,6437.038,3,3,6437.038,0.0,0.0,0.0,0.0,643703.8
1745305,IT,JP,MEAT4,FABRI,0.04,6436.625,3,3,6436.625,0.0,0.0,0.0,0.0,160915.625
1647650,IT,BE,FINAN,CHEM1,0.08,6436.562,3,3,6436.562,0.0,0.0,0.0,0.0,80457.025
1682024,IT,HR,BEVER,MEDIC,0.03,6436.235,3,3,6436.235,0.0,0.0,0.0,0.0,214541.166667
1673609,IT,FR,WOODW,NONF1,0.02,6436.132,3,3,6436.132,0.0,0.0,0.0,0.0,321806.6
1713220,IT,MT,WOODW,WHOLE,0.02,6436.129,3,3,6436.129,0.0,0.0,0.0,0.0,321806.45
1665816,IT,ES,PRINT,MEATP,0.06,6435.948,3,3,6435.948,0.0,0.0,0.0,0.0,107265.8
1716614,IT,NL,SALEM,LANDT,0.05,6435.866,3,3,6435.866,0.0,0.0,0.0,0.0,128717.32
1797385,IT,WL,COMPU,DAIRY,0.07,6435.829,3,3,6435.829,0.0,0.0,0.0,0.0,91940.414286
1640316,IT,AT,CHEMI,STONE,0.02,6435.678,3,3,6435.678,0.0,0.0,0.0,0.0,321783.9
1768367,IT,AU,MEAT4,RETAI,0.04,6435.655,3,3,6435.655,0.0,0.0,0.0,0.0,160891.375
1660594,IT,DE,REALE,PAPER,0.27,6435.584,3,3,6435.584,0.0,0.0,0.0,0.0,23835.496296
1655760,IT,DE,MEATP,FURNI,0.03,6435.546,3,3,6435.546,0.0,0.0,0.0,0.0,214518.2
1712921,IT,LV,REALE,RECRE,0.27,6435.298,3,3,6435.298,0.0,0.0,0.0,0.0,23834.437037
1670322,IT,FI,MEATC,PRECI,0.02,6435.15,3,3,6435.15,0.0,0.0,0.0,0.0,321757.5
1687730,IT,HU,SUPPO,BRICK,0.05,6435.121,3,3,6435.121,0.0,0.0,0.0,0.0,128702.42
1670754,IT,FI,PAPER,INSUR,0.02,6435.028,3,3,6435.028,0.0,0.0,0.0,0.0,321751.4
1681798,IT,HR,MEATC,EDUCA,0.02,6433.972,3,3,6433.972,0.0,0.0,0.0,0.0,321698.6
1730759,IT,SE,BUSIN,TEXTI,0.07,6433.934,3,3,6433.934,0.0,0.0,0.0,0.0,91913.342857
1713214,IT,MT,WOODW,PRINT,0.02,6432.784,3,3,6432.784,0.0,0.0,0.0,0.0,321639.2
1661146,IT,DE,RECRE,REALE,0.08,6432.554,3,3,6432.554,0.0,0.0,0.0,0.0,80406.925
1770797,IT,AU,COMPU,DISTR,0.07,6431.649,3,3,6431.649,0.0,0.0,0.0,0.0,91880.7
1763875,IT,MX,NONME,ELEC5,0.01,6431.54,3,3,6431.54,0.0,0.0,0.0,0.0,643154.0
1792312,IT,WA,FINAN,RAWMI,0.08,6431.406,3,3,6431.406,0.0,0.0,0.0,0.0,80392.575
1777692,IT,TR,COPP1,PREC1,0.02,6431.369,3,3,6431.369,0.0,0.0,0.0,0.0,321568.45
1664182,IT,EE,GLASS,CEMEN,0.02,6431.296,3,3,6431.296,0.0,0.0,0.0,0.0,321564.8
1741253,IT,US,WOODW,93197,0.02,6430.869,3,3,6430.869,0.0,0.0,0.0,0.0,321543.45
1754612,IT,KR,FORES,RUBBE,0.06,6430.714,4,4,6428.714,0.0,2.0,0.0,0.0,107178.566667
1755008,IT,KR,WEARI,TOBAC,0.05,6430.482,3,3,6430.482,0.0,0.0,0.0,0.0,128609.64
1801087,IT,WE,COPP1,RETAI,0.02,6430.474,3,3,6430.474,0.0,0.0,0.0,0.0,321523.7
1661391,IT,DK,VEGE1,MEATA,0.02,6430.217,3,3,6430.217,0.0,0.0,0.0,0.0,321510.85
1758132,IT,BR,CERAM,MEMBE,0.01,6429.922,3,3,6429.922,0.0,0.0,0.0,0.0,642992.2
1715296,IT,NL,PAPER,ELEC5,0.02,6429.866,3,3,6429.866,0.0,0.0,0.0,0.0,321493.3
1662643,IT,DK,MACHI,TOBAC,0.04,6429.799,3,3,6429.799,0.0,0.0,0.0,0.0,160744.975
1749787,IT,CN,ADDIT,ELEC3,0.01,6429.663,3,3,6429.663,0.0,0.0,0.0,0.0,642966.3
1736338,IT,SK,RAILW,COPP1,0.04,6429.305,3,3,6429.305,0.0,0.0,0.0,0.0,160732.625
1669387,IT,ES,INSUR,FISH5,0.13,6429.256,3,3,6429.256,0.0,0.0,0.0,0.0,49455.815385
1640152,IT,AT,CEREA,EDUCA,0.01,6429.176,3,3,6429.176,0.0,0.0,0.0,0.0,642917.6
1653020,IT,CZ,PLAST,BIOGA,0.01,6429.145,3,3,6429.145,0.0,0.0,0.0,0.0,642914.5
1683979,IT,HR,WHOLE,RETA1,0.06,6429.031,3,3,6429.031,0.0,0.0,0.0,0.0,107150.516667
1646005,IT,BE,NONME,GASDI,0.01,6428.761,3,3,6428.761,0.0,0.0,0.0,0.0,642876.1
1763217,IT,MX,WOODW,PRINT,0.02,6428.565,3,3,6428.565,0.0,0.0,0.0,0.0,321428.25
1743194,IT,US,TRANS,FOOD5,0.04,6428.461,3,3,6428.461,0.0,0.0,0.0,0.0,160711.525
1790736,IT,WA,MACHI,POULT,0.04,6428.379,3,3,6428.379,0.0,0.0,0.0,0.0,160709.475
1712290,IT,LV,CHEM1,FABRI,0.01,6428.369,3,3,6428.369,0.0,0.0,0.0,0.0,642836.9
1768755,IT,AU,WEARI,ELEC2,0.05,6428.352,3,3,6428.352,0.0,0.0,0.0,0.0,128567.04
1736946,IT,GB,VEGET,VEGE1,0.02,6428.342,3,3,6428.342,0.0,0.0,0.0,0.0,321417.1
1755475,IT,KR,PLAST,COPP1,0.01,6428.154,3,3,6428.154,0.0,0.0,0.0,0.0,642815.4
1725443,IT,RO,WEARI,WHEAT,0.05,6428.058,3,3,6428.058,0.0,0.0,0.0,0.0,128561.16
1668454,IT,ES,RETA1,PAPE1,0.07,6428.053,3,3,6428.053,0.0,0.0,0.0,0.0,91829.328571
1659761,IT,DE,LANDT,SUGAR,0.04,6427.588,3,3,6427.588,0.0,0.0,0.0,0.0,160689.7
1792151,IT,WA,SUPPO,WEARI,0.05,6427.564,3,3,6427.564,0.0,0.0,0.0,0.0,128551.28
1730947,IT,SE,INTER,FOODW,0.04,6427.501,3,3,6427.501,0.0,0.0,0.0,0.0,160687.525
1709627,IT,LT,PAPER,FOOD4,0.02,6427.267,3,3,6427.267,0.0,0.0,0.0,0.0,321363.35
1750897,IT,CN,CONST,FOOD5,0.04,6427.164,3,3,6427.164,0.0,0.0,0.0,0.0,160679.1
1789738,IT,WA,GLASS,SUGA1,0.02,6426.609,3,3,6426.609,0.0,0.0,0.0,0.0,321330.45
1737779,IT,GB,LIQUE,BRICK,0.01,6426.406,3,3,6426.406,0.0,0.0,0.0,0.0,642640.6
1686290,IT,HU,CEMEN,PLAST,0.01,6426.173,3,3,6426.173,0.0,0.0,0.0,0.0,642617.3
1670690,IT,FI,WOODW,PREC1,0.02,6426.11,3,3,6426.11,0.0,0.0,0.0,0.0,321305.5
1664919,IT,ES,CRUDE,SUPPO,0.01,6425.975,3,3,6425.975,0.0,0.0,0.0,0.0,642597.5
1647181,IT,BE,RAILW,SEACO,0.04,6425.859,3,3,6425.859,0.0,0.0,0.0,0.0,160646.475
1664328,IT,EE,FABRI,LEATH,0.03,6425.643,3,3,6425.643,0.0,0.0,0.0,0.0,214188.1
1719492,IT,PL,GLASS,CRUDE,0.02,6425.576,3,3,6425.576,0.0,0.0,0.0,0.0,321278.8
1813787,IT,WM,HOTEL,FOOD4,0.05,6425.251,3,3,6425.251,0.0,0.0,0.0,0.0,128505.02
1685863,IT,HU,CHEM1,HEAVY,0.01,6425.099,3,3,6425.099,0.0,0.0,0.0,0.0,642509.9
1717298,IT,NL,POSTT,93197,0.11,6424.698,3,3,6424.698,0.0,0.0,0.0,0.0,58406.345455
1677402,IT,FR,INSUR,COPP1,0.13,6424.675,3,3,6424.675,0.0,0.0,0.0,0.0,49420.576923
1792245,IT,WA,POSTT,NFERT,0.11,6424.554,3,3,6424.554,0.0,0.0,0.0,0.0,58405.036364
1784070,IT,ID,LEATH,BITUM,0.05,6424.337,3,3,6424.337,0.0,0.0,0.0,0.0,128486.74
1714795,IT,NL,FOOD5,PLANT,0.03,6424.259,3,3,6424.259,0.0,0.0,0.0,0.0,214141.966667
1678697,IT,GR,VEGE1,SUPPO,0.02,6424.24,3,3,6424.24,0.0,0.0,0.0,0.0,321212.0
1670946,IT,FI,CHEM1,LEAD1,0.01,6424.015,3,3,6424.015,0.0,0.0,0.0,0.0,642401.5
1668077,IT,ES,FURNI,FOOD2,0.02,6423.959,3,3,6423.959,0.0,0.0,0.0,0.0,321197.95
1653408,IT,CZ,CERAM,SUPPO,0.01,6423.718,3,3,6423.718,0.0,0.0,0.0,0.0,642371.8
1774852,IT,CH,FINAN,GLASS,0.08,6423.623,3,3,6423.623,0.0,0.0,0.0,0.0,80295.2875
1664088,IT,EE,CHEM1,STEAM,0.01,6423.328,3,3,6423.328,0.0,0.0,0.0,0.0,642332.8
1714308,IT,MT,PUBLI,BUSIN,0.11,6423.216,3,3,6423.216,0.0,0.0,0.0,0.0,58392.872727
1647010,IT,BE,RETA1,NONF1,0.07,6423.105,3,3,6423.105,0.0,0.0,0.0,0.0,91758.642857
1658656,IT,DE,MACHI,PAPE3,0.04,6422.999,3,3,6422.999,0.0,0.0,0.0,0.0,160574.975
1792141,IT,WA,SUPPO,NATUR,0.05,6422.449,3,3,6422.449,0.0,0.0,0.0,0.0,128448.98
1656087,IT,DE,BEVER,DIST1,0.03,6422.326,3,3,6422.326,0.0,0.0,0.0,0.0,214077.533333
1672700,IT,FR,SANDC,GLASS,0.01,6422.209,4,4,6421.209,0.0,0.0,1.0,0.0,642220.9
1741361,IT,US,PRINT,FABRI,0.06,6422.078,3,3,6422.078,0.0,0.0,0.0,0.0,107034.633333
1787349,IT,WA,MEATA,SANDC,0.03,6422.073,3,3,6422.073,0.0,0.0,0.0,0.0,214069.1
1713525,IT,MT,GLASS,CERAM,0.02,6421.941,3,3,6421.941,0.0,0.0,0.0,0.0,321097.05
1746642,IT,JP,COPP1,ALUM1,0.02,6421.877,3,3,6421.877,0.0,0.0,0.0,0.0,321093.85
1651922,IT,CY,BUSIN,VEGET,0.07,6421.797,3,3,6421.797,0.0,0.0,0.0,0.0,91739.957143
1736992,IT,GB,WOOLS,WHOLE,0.03,6421.728,3,3,6421.728,0.0,0.0,0.0,0.0,214057.6
1725675,IT,RO,PAPER,BIODI,0.02,6421.275,3,3,6421.275,0.0,0.0,0.0,0.0,321063.75
1753255,IT,CA,CEMEN,SANDC,0.01,6421.249,3,3,6421.249,0.0,0.0,0.0,0.0,642124.9
1780524,IT,TW,POSTT,INSUR,0.11,6421.238,3,3,6421.238,0.0,0.0,0.0,0.0,58374.890909
1776331,IT,TR,PAPER,ELE11,0.02,6421.167,3,3,6421.167,0.0,0.0,0.0,0.0,321058.35
1740499,IT,GB,INERT,INERT,0.05,6421.09,3,3,6421.09,0.0,0.0,0.0,0.0,128421.8
1677117,IT,FR,SUPPO,FOOD1,0.05,6421.084,3,3,6421.084,0.0,0.0,0.0,0.0,128421.68
1648580,IT,BG,SANDC,FURNI,0.01,6420.144,4,4,6419.144,0.0,0.0,1.0,0.0,642014.4
1733961,IT,SI,SUPPO,DIST1,0.05,6420.121,3,3,6420.121,0.0,0.0,0.0,0.0,128402.42
1768949,IT,AU,PAPER,MOTOR,0.02,6419.679,3,3,6419.679,0.0,0.0,0.0,0.0,320983.95
1803194,IT,WF,CROPS,TOBAC,0.05,6419.657,3,3,6419.657,0.0,0.0,0.0,0.0,128393.14
1768322,IT,AU,CHEMI,GLASS,0.02,6419.629,3,3,6419.629,0.0,0.0,0.0,0.0,320981.45
1795820,IT,WL,MACHI,BLAST,0.04,6419.427,3,3,6419.427,0.0,0.0,0.0,0.0,160485.675
1651319,IT,CY,WEARI,HEALT,0.05,6419.22,3,3,6419.22,0.0,0.0,0.0,0.0,128384.4
1767972,IT,RU,COMPU,ELEC2,0.07,6419.171,3,3,6419.171,0.0,0.0,0.0,0.0,91702.442857
1679065,IT,GR,WOODW,COMPU,0.02,6418.914,3,3,6418.914,0.0,0.0,0.0,0.0,320945.7
1673279,IT,FR,TOBAC,SUGA1,0.03,6418.906,3,3,6418.906,0.0,0.0,0.0,0.0,213963.533333
1753952,IT,CA,LANDT,BEVER,0.04,6418.534,3,3,6418.534,0.0,0.0,0.0,0.0,160463.35
1640393,IT,AT,MEAT4,NATU1,0.04,6418.459,3,3,6418.459,0.0,0.0,0.0,0.0,160461.475
1644452,IT,BE,VEGE1,PAPER,0.02,6418.326,3,3,6418.326,0.0,0.0,0.0,0.0,320916.3
1679171,IT,GR,PRINT,FOOD5,0.06,6418.047,3,3,6418.047,0.0,0.0,0.0,0.0,106967.45
1780886,IT,TW,RESEA,WHITE,0.03,6417.9,3,3,6417.9,0.0,0.0,0.0,0.0,213930.0
1779961,IT,TW,CONST,BUSIN,0.04,6417.887,3,3,6417.887,0.0,0.0,0.0,0.0,160447.175
1648570,IT,BG,STONE,TEXTI,0.02,6417.828,3,3,6417.828,0.0,0.0,0.0,0.0,320891.4
1685058,IT,HU,PROCE,CROPS,0.04,6417.642,3,3,6417.642,0.0,0.0,0.0,0.0,160441.05
1710741,IT,LU,BEVER,BUSIN,0.03,6417.537,3,3,6417.537,0.0,0.0,0.0,0.0,213917.9
1640155,IT,AT,CEREA,93197,0.01,6417.446,3,3,6417.446,0.0,0.0,0.0,0.0,641744.6
1669730,IT,ES,BUSIN,FISHF,0.07,6417.344,3,3,6417.344,0.0,0.0,0.0,0.0,91676.342857
1803339,IT,WF,SANDC,CATTL,0.01,6417.336,4,4,6416.336,0.0,0.0,1.0,0.0,641733.6
1667810,IT,ES,OFFIC,ELEC2,0.02,6417.298,3,3,6417.298,0.0,0.0,0.0,0.0,320864.9
1748749,IT,CN,BEVER,POSTT,0.03,6417.106,3,3,6417.106,0.0,0.0,0.0,0.0,213903.533333
1671804,IT,FI,RETA1,POULT,0.07,6417.087,3,3,6417.087,0.0,0.0,0.0,0.0,91672.671429
1718829,IT,PL,PAPER,ELEC5,0.02,6417.061,3,3,6417.061,0.0,0.0,0.0,0.0,320853.05
1735053,IT,SK,CHEM1,IRONO,0.01,6416.468,3,3,6416.468,0.0,0.0,0.0,0.0,641646.8
1648018,IT,BE,COMPU,NAPHT,0.07,6416.305,3,3,6416.305,0.0,0.0,0.0,0.0,91661.5
1749902,IT,CN,GLASS,FISHF,0.02,6416.284,3,3,6416.284,0.0,0.0,0.0,0.0,320814.2
1746307,IT,JP,CHEM1,INTER,0.01,6415.512,3,3,6415.512,0.0,0.0,0.0,0.0,641551.2
1764507,IT,MX,CONST,COLLE,0.04,6415.153,3,3,6415.153,0.0,0.0,0.0,0.0,160378.825
1645085,IT,BE,PAPER,TRAN1,0.02,6415.036,3,3,6415.036,0.0,0.0,0.0,0.0,320751.8
1687530,IT,HU,LANDT,BIODI,0.04,6414.989,3,3,6414.989,0.0,0.0,0.0,0.0,160374.725
1648945,IT,BG,WEARI,RETAI,0.05,6414.722,3,3,6414.722,0.0,0.0,0.0,0.0,128294.44
1800412,IT,WE,ADDIT,SUGAR,0.01,6414.206,3,3,6414.206,0.0,0.0,0.0,0.0,641420.6
1651961,IT,CY,BUSIN,AIRTR,0.07,6414.195,3,3,6414.195,0.0,0.0,0.0,0.0,91631.357143
1652639,IT,CZ,WOODW,OFFIC,0.02,6414.137,3,3,6414.137,0.0,0.0,0.0,0.0,320706.85
1712914,IT,LV,REALE,COMPU,0.27,6414.133,3,3,6414.133,0.0,0.0,0.0,0.0,23756.048148
1811459,IT,WM,PLAST,MACHI,0.01,6413.122,3,3,6413.122,0.0,0.0,0.0,0.0,641312.2
1687585,IT,HU,LANDT,SEWAG,0.04,6412.673,3,3,6412.673,0.0,0.0,0.0,0.0,160316.825
1675996,IT,FR,ELEC5,CHEM1,0.08,6412.448,3,3,6412.448,0.0,0.0,0.0,0.0,80155.6
1675937,IT,FR,ELEC4,DAIRY,0.1,6412.283,3,3,6412.283,0.0,0.0,0.0,0.0,64122.83
1752777,IT,CA,WOODW,DISTR,0.02,6412.239,3,3,6412.239,0.0,0.0,0.0,0.0,320611.95
1662296,IT,DK,NONME,CHEM1,0.01,6412.065,3,3,6412.065,0.0,0.0,0.0,0.0,641206.5
1750227,IT,CN,LEAD1,DIST1,0.01,6411.858,3,3,6411.858,0.0,0.0,0.0,0.0,641185.8
1722252,IT,PL,RECRE,FOOD5,0.08,6411.465,3,3,6411.465,0.0,0.0,0.0,0.0,80143.3125
1767205,IT,RU,RETA1,OFFIC,0.07,6411.444,3,3,6411.444,0.0,0.0,0.0,0.0,91592.057143
1793522,IT,WL,CHEMI,HEALT,0.02,6411.323,3,3,6411.323,0.0,0.0,0.0,0.0,320566.15
1722364,IT,PT,FISHF,HEALT,0.01,6411.093,3,3,6411.093,0.0,0.0,0.0,0.0,641109.3
1743373,IT,US,SALEM,BRICK,0.05,6410.475,3,3,6410.475,0.0,0.0,0.0,0.0,128209.5
1786057,IT,ZA,CEMEN,CATTL,0.01,6410.178,3,3,6410.178,0.0,0.0,0.0,0.0,641017.8
1761817,IT,IN,OFFIC,COLLE,0.02,6410.12,3,3,6410.12,0.0,0.0,0.0,0.0,320506.0
1669361,IT,ES,FINAN,FOOD4,0.08,6409.999,3,3,6409.999,0.0,0.0,0.0,0.0,80124.9875
1713477,IT,MT,RUBBE,VEGET,0.02,6409.577,3,3,6409.577,0.0,0.0,0.0,0.0,320478.85
1721109,IT,PL,RAILW,CROPS,0.04,6409.567,3,3,6409.567,0.0,0.0,0.0,0.0,160239.175
1775556,IT,CH,PLAS2,PUBLI,0.05,6409.487,3,3,6409.487,0.0,0.0,0.0,0.0,128189.74
1728634,IT,SE,PRINT,MOTOR,0.06,6409.439,3,3,6409.439,0.0,0.0,0.0,0.0,106823.983333
1801570,IT,WE,TRANS,KEROS,0.04,6409.308,3,3,6409.308,0.0,0.0,0.0,0.0,160232.7
1748269,IT,JP,MEMBE,BASIC,0.07,6408.801,3,3,6408.801,0.0,0.0,0.0,0.0,91554.3
1735509,IT,SK,PREC1,OFFIC,0.01,6408.703,3,3,6408.703,0.0,0.0,0.0,0.0,640870.3
1768974,IT,AU,PAPER,ELEC7,0.02,6408.636,3,3,6408.636,0.0,0.0,0.0,0.0,320431.8
1750912,IT,CN,CONST,CEMEN,0.04,6408.628,3,3,6408.628,0.0,0.0,0.0,0.0,160215.7
1722312,IT,PT,VEGET,DAIRY,0.02,6408.241,3,3,6408.241,0.0,0.0,0.0,0.0,320412.05
1640711,IT,AT,TEXTI,CEREA,0.04,6408.182,3,3,6408.182,0.0,0.0,0.0,0.0,160204.55
1730327,IT,SE,SUPPO,FISHF,0.05,6407.873,3,3,6407.873,0.0,0.0,0.0,0.0,128157.46
1714903,IT,NL,BEVER,BASIC,0.03,6407.586,3,3,6407.586,0.0,0.0,0.0,0.0,213586.2
1642553,IT,AT,COPP1,PLAS1,0.02,6407.132,3,3,6407.132,0.0,0.0,0.0,0.0,320356.6
1729040,IT,SE,RUBBE,COKEO,0.02,6407.093,3,3,6407.093,0.0,0.0,0.0,0.0,320354.65
1793161,IT,WA,93197,WOODW,0.04,6406.982,3,3,6406.982,0.0,0.0,0.0,0.0,160174.55
1646744,IT,BE,CONST,COPP1,0.04,6406.621,3,3,6406.621,0.0,0.0,0.0,0.0,160165.525
1680913,IT,GR,LANDT,INLAN,0.04,6406.62,3,3,6406.62,0.0,0.0,0.0,0.0,160165.5
1814855,IT,WM,MEMBE,HEALT,0.07,6406.453,3,3,6406.453,0.0,0.0,0.0,0.0,91520.757143
1650958,IT,BG,SUPPO,VEGET,0.05,6406.08,3,3,6406.08,0.0,0.0,0.0,0.0,128121.6
1797839,IT,WL,FOOD2,ELEC2,0.04,6405.778,3,3,6405.778,0.0,0.0,0.0,0.0,160144.45
1682837,IT,HR,HEAVY,WASTE,0.01,6405.594,3,3,6405.594,0.0,0.0,0.0,0.0,640559.4
1757232,IT,BR,VEGE1,BEVER,0.02,6405.424,3,3,6405.424,0.0,0.0,0.0,0.0,320271.2
1802177,IT,WE,HOTEL,NONF1,0.05,6405.289,3,3,6405.289,0.0,0.0,0.0,0.0,128105.78
1726365,IT,RO,COPP1,TEXTI,0.02,6404.811,3,3,6404.811,0.0,0.0,0.0,0.0,320240.55
1680107,IT,GR,OFFIC,VEGE1,0.02,6403.842,3,3,6403.842,0.0,0.0,0.0,0.0,320192.1
1757485,IT,BR,PAPER,RAILW,0.02,6403.84,3,3,6403.84,0.0,0.0,0.0,0.0,320192.0
1751673,IT,CN,INSUR,FORES,0.13,6403.755,3,3,6403.755,0.0,0.0,0.0,0.0,49259.653846
1768581,IT,AU,BEVER,WOODW,0.03,6403.724,3,3,6403.724,0.0,0.0,0.0,0.0,213457.466667
1769529,IT,AU,ALUM1,PFERT,0.01,6403.659,3,3,6403.659,0.0,0.0,0.0,0.0,640365.9
1771774,IT,CH,LEATH,TRAN2,0.05,6403.555,3,3,6403.555,0.0,0.0,0.0,0.0,128071.1
1779942,IT,TW,CONST,TRANS,0.04,6403.53,3,3,6403.53,0.0,0.0,0.0,0.0,160088.25
1711857,IT,LU,PLAS1,COPP1,0.02,6403.349,3,3,6403.349,0.0,0.0,0.0,0.0,320167.45
1651327,IT,CY,WOODW,BEVER,0.02,6402.032,3,3,6402.032,0.0,0.0,0.0,0.0,320101.6
1731710,IT,SI,WOODW,WASTE,0.02,6401.559,3,3,6401.559,0.0,0.0,0.0,0.0,320077.95
1659301,IT,DE,SALEM,93197,0.05,6401.429,3,3,6401.429,0.0,0.0,0.0,0.0,128028.58
1667040,IT,ES,NONME,COKEO,0.01,6401.352,3,3,6401.352,0.0,0.0,0.0,0.0,640135.2
1727254,IT,RO,SUPPO,COLLE,0.05,6400.681,3,3,6400.681,0.0,0.0,0.0,0.0,128013.62
1663063,IT,DK,HOTEL,INTER,0.05,6400.349,3,3,6400.349,0.0,0.0,0.0,0.0,128006.98
1733497,IT,SI,WHOLE,FISH5,0.06,6400.292,3,3,6400.292,0.0,0.0,0.0,0.0,106671.533333
1761499,IT,IN,ALUM1,CHARC,0.01,6399.951,3,3,6399.951,0.0,0.0,0.0,0.0,639995.1
1733979,IT,SI,SUPPO,COMPU,0.05,6399.364,3,3,6399.364,0.0,0.0,0.0,0.0,127987.28
1672833,IT,FR,MEAT4,RENTI,0.04,6399.263,3,3,6399.263,0.0,0.0,0.0,0.0,159981.575
1763505,IT,MX,CHEM1,SUGAR,0.01,6399.098,3,3,6399.098,0.0,0.0,0.0,0.0,639909.8
1680116,IT,GR,OFFIC,GASDI,0.02,6398.907,3,3,6398.907,0.0,0.0,0.0,0.0,319945.35
1784931,IT,ID,FINAN,FINAN,0.08,6398.807,3,3,6398.807,0.0,0.0,0.0,0.0,79985.0875
1658925,IT,DE,FURNI,DISTR,0.02,6398.688,3,3,6398.688,0.0,0.0,0.0,0.0,319934.4
1718661,IT,PL,WOODW,FISH5,0.02,6398.49,3,3,6398.49,0.0,0.0,0.0,0.0,319924.5
1767585,IT,RU,SUPPO,FOOD5,0.05,6398.48,3,3,6398.48,0.0,0.0,0.0,0.0,127969.6
1722839,IT,PT,PRINT,DAIRY,0.06,6398.111,3,3,6398.111,0.0,0.0,0.0,0.0,106635.183333
1688575,IT,IE,PRINT,TRANS,0.06,6397.889,3,3,6397.889,0.0,0.0,0.0,0.0,106631.483333
1792348,IT,WA,FINAN,FURNI,0.08,6397.878,3,3,6397.878,0.0,0.0,0.0,0.0,79973.475
1710233,IT,LT,OFFIC,RENTI,0.02,6397.81,3,3,6397.81,0.0,0.0,0.0,0.0,319890.5
1756039,IT,KR,FABRI,NICKE,0.03,6397.669,3,3,6397.669,0.0,0.0,0.0,0.0,213255.633333
1794052,IT,WL,PAPER,ANIMA,0.02,6397.191,3,3,6397.191,0.0,0.0,0.0,0.0,319859.55
1795629,IT,WL,FABRI,SUGA1,0.03,6397.166,3,3,6397.166,0.0,0.0,0.0,0.0,213238.866667
1710455,IT,LT,LANDT,NONME,0.04,6396.935,3,3,6396.935,0.0,0.0,0.0,0.0,159923.375
1742029,IT,US,ADDIT,FOOD3,0.01,6396.873,3,3,6396.873,0.0,0.0,0.0,0.0,639687.3
1755038,IT,KR,WEARI,ELECT,0.05,6396.622,3,3,6396.622,0.0,0.0,0.0,0.0,127932.44
1747698,IT,JP,POSTT,AUXIL,0.11,6396.272,3,3,6396.272,0.0,0.0,0.0,0.0,58147.927273
1709602,IT,LT,PAPER,CEMEN,0.02,6396.1,3,3,6396.1,0.0,0.0,0.0,0.0,319805.0
1652389,IT,CZ,TEXTI,COKEO,0.04,6395.651,3,3,6395.651,0.0,0.0,0.0,0.0,159891.275
1680678,IT,GR,WHOLE,FURNI,0.06,6395.139,3,3,6395.139,0.0,0.0,0.0,0.0,106585.65
1712002,IT,LV,FORES,FORES,0.06,6394.838,4,4,6392.838,0.0,2.0,0.0,0.0,106580.633333
1796591,IT,WL,HOTEL,SUGA1,0.05,6394.775,3,3,6394.775,0.0,0.0,0.0,0.0,127895.5
1684445,IT,HR,REALE,TRANS,0.27,6394.73,3,3,6394.73,0.0,0.0,0.0,0.0,23684.185185
1787597,IT,WA,MEATP,RETA1,0.03,6394.567,3,3,6394.567,0.0,0.0,0.0,0.0,213152.233333
1712358,IT,LV,RUBBE,HEALT,0.02,6394.484,3,3,6394.484,0.0,0.0,0.0,0.0,319724.2
1713583,IT,MT,NONME,GLASS,0.01,6394.431,3,3,6394.431,0.0,0.0,0.0,0.0,639443.1
1785884,IT,ZA,ADDIT,LEAD1,0.01,6394.403,3,3,6394.403,0.0,0.0,0.0,0.0,639440.3
1792153,IT,WA,SUPPO,WOODW,0.05,6394.269,3,3,6394.269,0.0,0.0,0.0,0.0,127885.38
1679504,IT,GR,CHEM1,TRAN2,0.01,6393.917,3,3,6393.917,0.0,0.0,0.0,0.0,639391.7
1661223,IT,DK,CEREA,WEARI,0.01,6393.504,3,3,6393.504,0.0,0.0,0.0,0.0,639350.4
1788631,IT,WA,PRINT,CHEM1,0.06,6393.18,3,3,6393.18,0.0,0.0,0.0,0.0,106553.0
1717862,IT,PL,VEGET,RUBBE,0.02,6392.977,3,3,6392.977,0.0,0.0,0.0,0.0,319648.85
1718976,IT,PL,PRINT,FOOD4,0.06,6391.695,3,3,6391.695,0.0,0.0,0.0,0.0,106528.25
1721103,IT,PL,HOTEL,PAPE4,0.05,6391.654,3,3,6391.654,0.0,0.0,0.0,0.0,127833.08
1809311,IT,WM,STONE,BITU1,0.02,6391.647,3,3,6391.647,0.0,0.0,0.0,0.0,319582.35
1720561,IT,PL,OFFIC,TRAN1,0.02,6391.319,3,3,6391.319,0.0,0.0,0.0,0.0,319565.95
1727204,IT,RO,SUPPO,POULT,0.05,6391.279,3,3,6391.279,0.0,0.0,0.0,0.0,127825.58
1731419,IT,SI,FOOD5,ELEC3,0.03,6391.263,3,3,6391.263,0.0,0.0,0.0,0.0,213042.1
1727685,IT,RO,RENTI,INERT,0.04,6390.964,3,3,6390.964,0.0,0.0,0.0,0.0,159774.1
1790268,IT,WA,PREC1,WASTE,0.01,6390.418,3,3,6390.418,0.0,0.0,0.0,0.0,639041.8
1712658,IT,LV,TRANS,RENTI,0.04,6390.15,3,3,6390.15,0.0,0.0,0.0,0.0,159753.75
1716467,IT,NL,OFFIC,NUCLE,0.02,6390.084,3,3,6390.084,0.0,0.0,0.0,0.0,319504.2
1797844,IT,WL,FOOD2,SALEM,0.04,6389.924,3,3,6389.924,0.0,0.0,0.0,0.0,159748.1
1640462,IT,AT,DAIRY,ANIMA,0.03,6389.593,3,3,6389.593,0.0,0.0,0.0,0.0,212986.433333
1716515,IT,NL,OFFIC,MEMBE,0.02,6389.497,3,3,6389.497,0.0,0.0,0.0,0.0,319474.85
1663883,IT,EE,WEARI,RETA1,0.05,6389.454,3,3,6389.454,0.0,0.0,0.0,0.0,127789.08
1748143,IT,JP,EDUCA,POSTT,0.16,6389.22,3,3,6389.22,0.0,0.0,0.0,0.0,39932.625
1648445,IT,BG,CEREA,PIGS9,0.01,6389.044,3,3,6389.044,0.0,0.0,0.0,0.0,638904.4
1773597,IT,CH,TRANS,PRINT,0.04,6389.025,3,3,6389.025,0.0,0.0,0.0,0.0,159725.625
1654183,IT,CZ,MOTO1,TRAN1,0.03,6388.981,3,3,6388.981,0.0,0.0,0.0,0.0,212966.033333
1761851,IT,IN,MOTO1,HOTEL,0.03,6388.785,3,3,6388.785,0.0,0.0,0.0,0.0,212959.5
1765144,IT,MX,BUSIN,TEXTI,0.07,6388.695,3,3,6388.695,0.0,0.0,0.0,0.0,91267.071429
1760584,IT,IN,WOODW,MOTOR,0.02,6388.538,3,3,6388.538,0.0,0.0,0.0,0.0,319426.9
1770789,IT,AU,COMPU,OFFIC,0.07,6388.246,3,3,6388.246,0.0,0.0,0.0,0.0,91260.657143
1807847,IT,WF,PAPE1,NICKE,0.04,6387.432,3,3,6387.432,0.0,0.0,0.0,0.0,159685.8
1814322,IT,WM,FINAN,HEAVY,0.08,6387.412,3,3,6387.412,0.0,0.0,0.0,0.0,79842.65
1762389,IT,IN,POSTT,CERAM,0.11,6387.231,3,3,6387.231,0.0,0.0,0.0,0.0,58065.736364
1736146,IT,SK,CONST,INERT,0.04,6387.177,3,3,6387.177,0.0,0.0,0.0,0.0,159679.425
1734613,IT,SK,TEXTI,PRECI,0.04,6386.604,3,3,6386.604,0.0,0.0,0.0,0.0,159665.1
1674250,IT,FR,BITU1,COALT,0.01,6386.316,3,3,6386.316,0.0,0.0,0.0,0.0,638631.6
1775913,IT,TR,FOOD5,FISHF,0.03,6386.285,3,3,6386.285,0.0,0.0,0.0,0.0,212876.166667
1644397,IT,BE,MEATC,WASTE,0.02,6386.269,3,3,6386.269,0.0,0.0,0.0,0.0,319313.45
1797992,IT,WL,PAPE4,EDUCA,0.04,6386.246,3,3,6386.246,0.0,0.0,0.0,0.0,159656.15
1688272,IT,IE,MEATA,PLAST,0.03,6386.104,3,3,6386.104,0.0,0.0,0.0,0.0,212870.133333
1755149,IT,KR,LEATH,ELEC1,0.05,6386.0,3,3,6386.0,0.0,0.0,0.0,0.0,127720.0
1731247,IT,SI,MEATP,FOOD5,0.03,6385.809,3,3,6385.809,0.0,0.0,0.0,0.0,212860.3
1768880,IT,AU,WOODW,BEVER,0.02,6385.568,3,3,6385.568,0.0,0.0,0.0,0.0,319278.4
1667266,IT,ES,ALUM1,SUGA1,0.01,6385.517,3,3,6385.517,0.0,0.0,0.0,0.0,638551.7
1808541,IT,WF,PAPE4,SUGA1,0.04,6384.696,3,3,6384.696,0.0,0.0,0.0,0.0,159617.4
1751573,IT,CN,POSTT,NONME,0.11,6384.616,3,3,6384.616,0.0,0.0,0.0,0.0,58041.963636
1770085,IT,AU,WHOLE,WOODW,0.06,6384.471,3,3,6384.471,0.0,0.0,0.0,0.0,106407.85
1684708,IT,HU,VEGET,ANIMA,0.02,6384.096,3,3,6384.096,0.0,0.0,0.0,0.0,319204.8
1764965,IT,MX,POSTT,HOTEL,0.11,6384.045,3,3,6384.045,0.0,0.0,0.0,0.0,58036.772727
1689703,IT,IE,FINAN,PIGS9,0.08,6383.994,3,3,6383.994,0.0,0.0,0.0,0.0,79799.925
1768271,IT,AU,VEGET,BITUM,0.02,6383.81,3,3,6383.81,0.0,0.0,0.0,0.0,319190.5
1720261,IT,PL,FABRI,PRECI,0.03,6383.531,3,3,6383.531,0.0,0.0,0.0,0.0,212784.366667
1755414,IT,KR,HEAVY,TEXTI,0.01,6383.46,3,3,6383.46,0.0,0.0,0.0,0.0,638346.0
1758437,IT,BR,FABRI,POSTT,0.03,6383.439,3,3,6383.439,0.0,0.0,0.0,0.0,212781.3
1644139,IT,AT,FOOD2,PREC1,0.04,6383.411,3,3,6383.411,0.0,0.0,0.0,0.0,159585.275
1680767,IT,GR,RETA1,EDUCA,0.07,6383.099,3,3,6383.099,0.0,0.0,0.0,0.0,91187.128571
1724764,IT,PT,RENTI,PRINT,0.04,6382.846,3,3,6382.846,0.0,0.0,0.0,0.0,159571.15
1653919,IT,CZ,FABRI,INTER,0.03,6382.804,3,3,6382.804,0.0,0.0,0.0,0.0,212760.133333
1734337,IT,SI,BUSIN,INSUR,0.07,6382.681,3,3,6382.681,0.0,0.0,0.0,0.0,91181.157143
1772598,IT,CH,RUBBE,WOOD2,0.02,6382.445,3,3,6382.445,0.0,0.0,0.0,0.0,319122.25
1806375,IT,WF,MOTO1,LIQUE,0.03,6382.436,3,3,6382.436,0.0,0.0,0.0,0.0,212747.866667
1779412,IT,TR,REALE,PLAST,0.27,6382.259,3,3,6382.259,0.0,0.0,0.0,0.0,23637.996296
1766479,IT,RU,ALUM1,PRINT,0.01,6382.12,3,3,6382.12,0.0,0.0,0.0,0.0,638212.0
1781507,IT,NO,TEXTI,DAIRY,0.04,6381.922,3,3,6381.922,0.0,0.0,0.0,0.0,159548.05
1735881,IT,SK,OFFIC,BASIC,0.02,6381.801,3,3,6381.801,0.0,0.0,0.0,0.0,319090.05
1689173,IT,IE,SALEM,INERT,0.05,6381.565,3,3,6381.565,0.0,0.0,0.0,0.0,127631.3
1650809,IT,BG,LANDT,MEATC,0.04,6381.455,3,3,6381.455,0.0,0.0,0.0,0.0,159536.375
1735352,IT,SK,CEMEN,LANDT,0.01,6381.309,3,3,6381.309,0.0,0.0,0.0,0.0,638130.9
1767866,IT,RU,AUXIL,POSTT,0.12,6381.263,3,3,6381.263,0.0,0.0,0.0,0.0,53177.191667
1786242,IT,ZA,FABRI,CEREA,0.03,6381.04,3,3,6381.04,0.0,0.0,0.0,0.0,212701.333333
1690253,IT,IE,PLAS1,STONE,0.02,6380.903,3,3,6380.903,0.0,0.0,0.0,0.0,319045.15
1648610,IT,BG,MEAT1,FOOD5,0.03,6380.776,3,3,6380.776,0.0,0.0,0.0,0.0,212692.533333
1736955,IT,GB,VEGET,REALE,0.02,6380.684,3,3,6380.684,0.0,0.0,0.0,0.0,319034.2
1728993,IT,SE,ADDIT,RENTI,0.01,6380.429,3,3,6380.429,0.0,0.0,0.0,0.0,638042.9
1746141,IT,JP,PLAST,MEATP,0.01,6380.402,3,3,6380.402,0.0,0.0,0.0,0.0,638040.2
1755199,IT,KR,WOODW,PRINT,0.02,6379.99,3,3,6379.99,0.0,0.0,0.0,0.0,318999.5
1770611,IT,AU,POSTT,RESEA,0.11,6379.656,3,3,6379.656,0.0,0.0,0.0,0.0,57996.872727
1722450,IT,PT,DAIRY,CROPS,0.03,6379.559,3,3,6379.559,0.0,0.0,0.0,0.0,212651.966667
1735497,IT,SK,PREC1,PRINT,0.01,6379.545,3,3,6379.545,0.0,0.0,0.0,0.0,637954.5
1782787,IT,NO,HOTEL,GLASS,0.05,6379.454,3,3,6379.454,0.0,0.0,0.0,0.0,127589.08
1711085,IT,LU,ALUM1,NONF1,0.01,6378.972,3,3,6378.972,0.0,0.0,0.0,0.0,637897.2
1719679,IT,PL,NONME,MEATC,0.01,6378.684,3,3,6378.684,0.0,0.0,0.0,0.0,637868.4
1680894,IT,GR,LANDT,ELECT,0.04,6378.469,3,3,6378.469,0.0,0.0,0.0,0.0,159461.725
1651514,IT,CY,PLAST,CEMEN,0.01,6378.414,3,3,6378.414,0.0,0.0,0.0,0.0,637841.4
1674245,IT,FR,NAPHT,LIQUI,0.01,6378.275,3,3,6378.275,0.0,0.0,0.0,0.0,637827.5
1730952,IT,SE,INTER,OILHA,0.04,6378.164,3,3,6378.164,0.0,0.0,0.0,0.0,159454.1
1717931,IT,PL,FISHF,HEALT,0.01,6378.098,3,3,6378.098,0.0,0.0,0.0,0.0,637809.8
1729837,IT,SE,OFFIC,HEALT,0.02,6378.024,3,3,6378.024,0.0,0.0,0.0,0.0,318901.2
1661372,IT,DK,MEATP,WOOD1,0.03,6377.955,3,3,6377.955,0.0,0.0,0.0,0.0,212598.5
1787090,IT,ZA,BUSIN,PLAST,0.07,6377.847,3,3,6377.847,0.0,0.0,0.0,0.0,91112.1
1716779,IT,NL,RETA1,TRAN1,0.07,6377.837,3,3,6377.837,0.0,0.0,0.0,0.0,91111.957143
1687937,IT,HU,RENTI,CRUDE,0.04,6377.373,3,3,6377.373,0.0,0.0,0.0,0.0,159434.325
1670698,IT,FI,WOODW,STEAM,0.02,6376.342,3,3,6376.342,0.0,0.0,0.0,0.0,318817.1
1772473,IT,CH,BIOGA,RENTI,0.01,6375.738,3,3,6375.738,0.0,0.0,0.0,0.0,637573.8
1675119,IT,FR,LEAD1,INTER,0.01,6375.274,3,3,6375.274,0.0,0.0,0.0,0.0,637527.4
1750937,IT,CN,CONST,SEACO,0.04,6375.128,3,3,6375.128,0.0,0.0,0.0,0.0,159378.2
1687371,IT,HU,HOTEL,GASDI,0.05,6375.109,3,3,6375.109,0.0,0.0,0.0,0.0,127502.18
1803587,IT,WF,SUGA1,RAWMI,0.02,6375.029,3,3,6375.029,0.0,0.0,0.0,0.0,318751.45
1780925,IT,TW,RESEA,REALE,0.03,6375.011,3,3,6375.011,0.0,0.0,0.0,0.0,212500.366667
1771011,IT,CH,CATTL,VEGE1,0.01,6374.995,3,3,6374.995,0.0,0.0,0.0,0.0,637499.5
1773510,IT,CH,MOTO1,TOBAC,0.03,6374.986,3,3,6374.986,0.0,0.0,0.0,0.0,212499.533333
1768023,IT,RU,BUSIN,MEATC,0.07,6374.957,3,3,6374.957,0.0,0.0,0.0,0.0,91070.814286
1795641,IT,WL,FABRI,COKEO,0.03,6374.952,3,3,6374.952,0.0,0.0,0.0,0.0,212498.4
1755667,IT,KR,RUBBE,NONF1,0.02,6374.891,3,3,6374.891,0.0,0.0,0.0,0.0,318744.55
1644917,IT,BE,LEATH,RAILW,0.05,6374.368,3,3,6374.368,0.0,0.0,0.0,0.0,127487.36
1787097,IT,ZA,BUSIN,MACHI,0.07,6374.17,3,3,6374.17,0.0,0.0,0.0,0.0,91059.571429
1751618,IT,CN,POSTT,RENTI,0.1,6374.081,3,3,6374.081,0.0,0.0,0.0,0.0,63740.81
1745505,IT,JP,FOOD5,DIST1,0.03,6373.941,3,3,6373.941,0.0,0.0,0.0,0.0,212464.7
1788625,IT,WA,PRINT,KEROS,0.06,6373.817,3,3,6373.817,0.0,0.0,0.0,0.0,106230.283333
1724014,IT,PT,RETAI,NONME,0.05,6373.542,3,3,6373.542,0.0,0.0,0.0,0.0,127470.84
1728044,IT,SE,MEATC,MEATP,0.02,6373.508,3,3,6373.508,0.0,0.0,0.0,0.0,318675.4
1757049,IT,KR,BUSIN,LEAD1,0.07,6372.933,3,3,6372.933,0.0,0.0,0.0,0.0,91041.9
1809089,IT,WM,CROPS,MEAT1,0.05,6372.808,3,3,6372.808,0.0,0.0,0.0,0.0,127456.16
1780974,IT,TW,BUSIN,REFI1,0.07,6372.465,3,3,6372.465,0.0,0.0,0.0,0.0,91035.214286
1644902,IT,BE,LEATH,PREC1,0.05,6372.316,3,3,6372.316,0.0,0.0,0.0,0.0,127446.32
1803294,IT,WF,FISHF,MOTOR,0.01,6371.794,3,3,6371.794,0.0,0.0,0.0,0.0,637179.4
1640337,IT,AT,CHEMI,MACHI,0.02,6371.527,3,3,6371.527,0.0,0.0,0.0,0.0,318576.35
1793198,IT,WA,93197,COMPU,0.04,6371.314,3,3,6371.314,0.0,0.0,0.0,0.0,159282.85
1670375,IT,FI,DAIRY,RESEA,0.03,6371.17,3,3,6371.17,0.0,0.0,0.0,0.0,212372.333333
1677383,IT,FR,INSUR,LIQUE,0.13,6371.018,3,3,6371.018,0.0,0.0,0.0,0.0,49007.830769
1765410,IT,RU,TEXTI,BITUM,0.04,6370.961,3,3,6370.961,0.0,0.0,0.0,0.0,159274.025
1790318,IT,WA,ALUM1,PFERT,0.01,6370.822,3,3,6370.822,0.0,0.0,0.0,0.0,637082.2
1727621,IT,RO,REALE,93197,0.27,6370.67,3,3,6370.67,0.0,0.0,0.0,0.0,23595.074074
1752002,IT,CN,RESEA,NONF1,0.03,6370.419,3,3,6370.419,0.0,0.0,0.0,0.0,212347.3
1645124,IT,BE,PAPER,INERT,0.02,6370.416,3,3,6370.416,0.0,0.0,0.0,0.0,318520.8
1715370,IT,NL,PRINT,ELEC5,0.06,6370.278,3,3,6370.278,0.0,0.0,0.0,0.0,106171.3
1662774,IT,DK,MOTO1,FURNI,0.03,6370.204,3,3,6370.204,0.0,0.0,0.0,0.0,212340.133333
1804607,IT,WF,HEAVY,LUBRI,0.01,6370.104,3,3,6370.104,0.0,0.0,0.0,0.0,637010.4
1676197,IT,FR,CONST,TRAN1,0.04,6370.065,3,3,6370.065,0.0,0.0,0.0,0.0,159251.625
1684471,IT,HR,RENTI,AIRTR,0.04,6369.85,3,3,6369.85,0.0,0.0,0.0,0.0,159246.25
1793150,IT,WA,93197,CRUDE,0.04,6369.813,3,3,6369.813,0.0,0.0,0.0,0.0,159245.325
1648882,IT,BG,TEXTI,ELEC3,0.04,6369.601,3,3,6369.601,0.0,0.0,0.0,0.0,159240.025
1655993,IT,DE,FOOD5,FOUND,0.03,6369.494,3,3,6369.494,0.0,0.0,0.0,0.0,212316.466667
1682777,IT,HR,HEAVY,MEATC,0.01,6369.394,3,3,6369.394,0.0,0.0,0.0,0.0,636939.4
1648533,IT,BG,FISHF,HOTEL,0.01,6369.288,3,3,6369.288,0.0,0.0,0.0,0.0,636928.8
1744285,IT,US,POSTT,SEWAG,0.1,6369.199,3,3,6369.199,0.0,0.0,0.0,0.0,63691.99
1723810,IT,PT,OFFIC,93197,0.02,6369.143,3,3,6369.143,0.0,0.0,0.0,0.0,318457.15
1713223,IT,MT,WOODW,SEACO,0.02,6369.016,3,3,6369.016,0.0,0.0,0.0,0.0,318450.8
1812562,IT,WM,ALUM1,TRAN2,0.01,6368.939,3,3,6368.939,0.0,0.0,0.0,0.0,636893.9
1730783,IT,SE,BUSIN,NONME,0.07,6368.895,3,3,6368.895,0.0,0.0,0.0,0.0,90984.214286
1717834,IT,PL,CEREA,RAWMI,0.01,6368.715,3,3,6368.715,0.0,0.0,0.0,0.0,636871.5
1784696,IT,ID,FURNI,MEAT1,0.02,6368.54,3,3,6368.54,0.0,0.0,0.0,0.0,318427.0
1754649,IT,KR,STONE,RENTI,0.02,6368.298,3,3,6368.298,0.0,0.0,0.0,0.0,318414.9
1666283,IT,ES,HEAVY,MEMBE,0.01,6368.015,3,3,6368.015,0.0,0.0,0.0,0.0,636801.5
1777351,IT,TR,GLASS,COLLE,0.02,6367.875,3,3,6367.875,0.0,0.0,0.0,0.0,318393.75
1722778,IT,PT,PAPER,PFERT,0.02,6367.826,3,3,6367.826,0.0,0.0,0.0,0.0,318391.3
1777784,IT,TR,FABRI,VEGE1,0.03,6367.3,3,3,6367.3,0.0,0.0,0.0,0.0,212243.333333
1690462,IT,IE,PAPE4,PLAST,0.04,6366.902,3,3,6366.902,0.0,0.0,0.0,0.0,159172.55
1724130,IT,PT,RETA1,ALUM1,0.07,6366.719,3,3,6366.719,0.0,0.0,0.0,0.0,90953.128571
1641578,IT,AT,HEAVY,FOOD3,0.01,6366.525,3,3,6366.525,0.0,0.0,0.0,0.0,636652.5
1662736,IT,DK,OFFIC,FABRI,0.02,6365.875,3,3,6365.875,0.0,0.0,0.0,0.0,318293.75
1645016,IT,BE,PULP5,MEDIC,0.02,6365.176,3,3,6365.176,0.0,0.0,0.0,0.0,318258.8
1676426,IT,FR,WHOLE,WOOD2,0.06,6365.173,3,3,6365.173,0.0,0.0,0.0,0.0,106086.216667
1648912,IT,BG,WEARI,OILSE,0.05,6365.139,3,3,6365.139,0.0,0.0,0.0,0.0,127302.78
1737383,IT,GB,TEXTI,WOODW,0.04,6365.029,3,3,6365.029,0.0,0.0,0.0,0.0,159125.725
1728554,IT,SE,PAPER,TEXTI,0.02,6364.957,3,3,6364.957,0.0,0.0,0.0,0.0,318247.85
1718218,IT,PL,PROCE,DAIRY,0.04,6364.851,3,3,6364.851,0.0,0.0,0.0,0.0,159121.275
1661886,IT,DK,PAPER,PAPE1,0.02,6364.644,3,3,6364.644,0.0,0.0,0.0,0.0,318232.2
1710307,IT,LT,FURNI,MACHI,0.02,6364.602,3,3,6364.602,0.0,0.0,0.0,0.0,318230.1
1675555,IT,FR,MOTO1,VEGE1,0.03,6363.453,3,3,6363.453,0.0,0.0,0.0,0.0,212115.1
1730042,IT,SE,WHOLE,FOUND,0.05,6363.323,3,3,6363.323,0.0,0.0,0.0,0.0,127266.46
1783866,IT,NO,TEXT2,INERT,0.05,6363.169,3,3,6363.169,0.0,0.0,0.0,0.0,127263.38
1743264,IT,US,FURNI,PAPER,0.02,6363.073,3,3,6363.073,0.0,0.0,0.0,0.0,318153.65
1762546,IT,IN,INSUR,BUSIN,0.13,6362.547,3,3,6362.547,0.0,0.0,0.0,0.0,48942.669231
1660180,IT,DE,SUPPO,ELEC5,0.05,6362.383,3,3,6362.383,0.0,0.0,0.0,0.0,127247.66
1797416,IT,WL,COMPU,FURNI,0.07,6362.071,3,3,6362.071,0.0,0.0,0.0,0.0,90886.728571
1677669,IT,FR,RENTI,POULT,0.04,6361.903,3,3,6361.903,0.0,0.0,0.0,0.0,159047.575
1776989,IT,TR,CHEM1,CROPS,0.01,6361.384,3,3,6361.384,0.0,0.0,0.0,0.0,636138.4
1663774,IT,EE,BEVER,VEGE1,0.03,6361.197,3,3,6361.197,0.0,0.0,0.0,0.0,212039.9
1803412,IT,WF,MEATC,IRONO,0.02,6361.195,3,3,6361.195,0.0,0.0,0.0,0.0,318059.75
1656282,IT,DE,LEATH,MEATA,0.05,6361.192,3,3,6361.192,0.0,0.0,0.0,0.0,127223.84
1711452,IT,LU,LANDT,TOBAC,0.04,6361.188,3,3,6361.188,0.0,0.0,0.0,0.0,159029.7
1661233,IT,DK,VEGET,RAWMI,0.02,6361.02,3,3,6361.02,0.0,0.0,0.0,0.0,318051.0
1799316,IT,WE,WOODW,TOBAC,0.02,6360.789,3,3,6360.789,0.0,0.0,0.0,0.0,318039.45
1717955,IT,PL,SANDC,BEVER,0.01,6360.683,4,4,6359.683,0.0,0.0,1.0,0.0,636068.3
1789108,IT,WA,PARAF,RETA1,0.01,6360.516,3,3,6360.516,0.0,0.0,0.0,0.0,636051.6
1769573,IT,AU,COPP1,BASIC,0.02,6360.481,3,3,6360.481,0.0,0.0,0.0,0.0,318024.05
1757951,IT,BR,ADDIT,PETRO,0.01,6360.317,3,3,6360.317,0.0,0.0,0.0,0.0,636031.7
1783152,IT,NO,REALE,RETA1,0.27,6360.256,3,3,6360.256,0.0,0.0,0.0,0.0,23556.503704
1661307,IT,DK,SANDC,BRICK,0.01,6360.188,4,4,6359.188,0.0,0.0,1.0,0.0,636018.8
1657462,IT,DE,RUBBE,BLAST,0.02,6359.866,3,3,6359.866,0.0,0.0,0.0,0.0,317993.3
1663750,IT,EE,FOOD5,FISH5,0.03,6359.716,3,3,6359.716,0.0,0.0,0.0,0.0,211990.533333
1688550,IT,IE,PAPER,PUBLI,0.02,6359.18,3,3,6359.18,0.0,0.0,0.0,0.0,317959.0
1740401,IT,GB,HEALT,LANDT,0.03,6358.867,3,3,6358.867,0.0,0.0,0.0,0.0,211962.233333
1682419,IT,HR,PAPER,NFERT,0.02,6358.705,3,3,6358.705,0.0,0.0,0.0,0.0,317935.25
1808835,IT,WF,PRIVA,CATTL,1.42,6358.617,3,3,6358.617,0.0,0.0,0.0,0.0,4477.899296
1710051,IT,LT,FABRI,PIGS9,0.03,6358.401,3,3,6358.401,0.0,0.0,0.0,0.0,211946.7
1716374,IT,NL,MACHI,BEVER,0.04,6358.07,3,3,6358.07,0.0,0.0,0.0,0.0,158951.75
1663765,IT,EE,FOOD5,RECRE,0.03,6357.957,3,3,6357.957,0.0,0.0,0.0,0.0,211931.9
1647855,IT,BE,AUXIL,HEALT,0.12,6357.716,3,3,6357.716,0.0,0.0,0.0,0.0,52980.966667
1656964,IT,DE,LIQUE,ELEC4,0.01,6357.702,3,3,6357.702,0.0,0.0,0.0,0.0,635770.2
1734924,IT,SK,PRINT,HEALT,0.06,6357.558,3,3,6357.558,0.0,0.0,0.0,0.0,105959.3
1713933,IT,MT,CONST,COLLE,0.04,6357.325,3,3,6357.325,0.0,0.0,0.0,0.0,158933.125
1740133,IT,GB,COMPU,ELEC3,0.07,6357.258,3,3,6357.258,0.0,0.0,0.0,0.0,90817.971429
1771854,IT,CH,WOODW,DIST1,0.02,6356.936,3,3,6356.936,0.0,0.0,0.0,0.0,317846.8
1809387,IT,WM,CHEMI,STONE,0.02,6356.898,3,3,6356.898,0.0,0.0,0.0,0.0,317844.9
1799333,IT,WE,WOODW,GLASS,0.02,6356.851,3,3,6356.851,0.0,0.0,0.0,0.0,317842.55
1761195,IT,IN,ADDIT,NONSP,0.01,6356.85,3,3,6356.85,0.0,0.0,0.0,0.0,635685.0
1753473,IT,CA,FABRI,ELEC2,0.03,6356.691,3,3,6356.691,0.0,0.0,0.0,0.0,211889.7
1786557,IT,ZA,FURNI,ELEC1,0.02,6356.425,3,3,6356.425,0.0,0.0,0.0,0.0,317821.25
1651038,IT,BG,POSTT,SUPPO,0.1,6356.127,3,3,6356.127,0.0,0.0,0.0,0.0,63561.27
1737665,IT,GB,PRINT,PLAST,0.06,6355.767,3,3,6355.767,0.0,0.0,0.0,0.0,105929.45
1809908,IT,WM,BEVER,ELEC6,0.03,6355.675,3,3,6355.675,0.0,0.0,0.0,0.0,211855.833333
1780577,IT,TW,INSUR,IRONO,0.13,6355.252,3,3,6355.252,0.0,0.0,0.0,0.0,48886.553846
1733948,IT,SI,SUPPO,FOUND,0.05,6355.086,3,3,6355.086,0.0,0.0,0.0,0.0,127101.72
1650829,IT,BG,LANDT,PLAST,0.04,6355.031,3,3,6355.031,0.0,0.0,0.0,0.0,158875.775
1785333,IT,ZA,LEATH,MEMBE,0.05,6354.788,3,3,6354.788,0.0,0.0,0.0,0.0,127095.76
1814768,IT,WM,FOOD2,RESEA,0.04,6354.584,3,3,6354.584,0.0,0.0,0.0,0.0,158864.6
1718055,IT,PL,MEATC,RESEA,0.02,6354.42,3,3,6354.42,0.0,0.0,0.0,0.0,317721.0
1736238,IT,SK,RETA1,RETA1,0.07,6354.356,3,3,6354.356,0.0,0.0,0.0,0.0,90776.514286
1803321,IT,WF,STONE,LIQUE,0.02,6354.141,3,3,6354.141,0.0,0.0,0.0,0.0,317707.05
1670289,IT,FI,SANDC,ELEC4,0.01,6353.816,4,4,6352.816,0.0,0.0,1.0,0.0,635381.6
1782641,IT,NO,SALEM,MOTO1,0.05,6353.47,3,3,6353.47,0.0,0.0,0.0,0.0,127069.4
1688440,IT,IE,TEXTI,STONE,0.04,6353.397,3,3,6353.397,0.0,0.0,0.0,0.0,158834.925
1757707,IT,BR,HEAVY,PAPE4,0.01,6353.033,3,3,6353.033,0.0,0.0,0.0,0.0,635303.3
1778366,IT,TR,RETAI,MACHI,0.05,6352.665,3,3,6352.665,0.0,0.0,0.0,0.0,127053.3
1714860,IT,NL,FOOD5,FOODW,0.03,6352.605,3,3,6352.605,0.0,0.0,0.0,0.0,211753.5
1671311,IT,FI,ALUM1,BRICK,0.01,6352.412,3,3,6352.412,0.0,0.0,0.0,0.0,635241.2
1654060,IT,CZ,MACHI,WOOD1,0.04,6352.324,3,3,6352.324,0.0,0.0,0.0,0.0,158808.1
1798764,IT,WE,FOOD5,SANDC,0.03,6352.026,3,3,6352.026,0.0,0.0,0.0,0.0,211734.2
1727591,IT,RO,REALE,HOTEL,0.27,6352.025,3,3,6352.025,0.0,0.0,0.0,0.0,23526.018519
1671412,IT,FI,FABRI,LIQUI,0.03,6352.017,3,3,6352.017,0.0,0.0,0.0,0.0,211733.9
1725618,IT,RO,WOODW,INTER,0.02,6350.987,3,3,6350.987,0.0,0.0,0.0,0.0,317549.35
1642479,IT,AT,ALUM1,WASTE,0.01,6350.837,3,3,6350.837,0.0,0.0,0.0,0.0,635083.7
1765839,IT,RU,HEAVY,FORES,0.01,6350.649,3,3,6350.649,0.0,0.0,0.0,0.0,635064.9
1803334,IT,WF,STONE,BUSIN,0.02,6350.617,3,3,6350.617,0.0,0.0,0.0,0.0,317530.85
1757365,IT,BR,WEARI,RETA1,0.05,6350.359,3,3,6350.359,0.0,0.0,0.0,0.0,127007.18
1805321,IT,WF,RUBBE,POULT,0.02,6350.349,3,3,6350.349,0.0,0.0,0.0,0.0,317517.45
1718978,IT,PL,PRINT,INERT,0.06,6349.962,3,3,6349.962,0.0,0.0,0.0,0.0,105832.7
1776803,IT,TR,NAPHT,PREC1,0.01,6349.948,3,3,6349.948,0.0,0.0,0.0,0.0,634994.8
1778010,IT,TR,OFFIC,CRUDE,0.02,6349.752,3,3,6349.752,0.0,0.0,0.0,0.0,317487.6
1753594,IT,CA,MACHI,RETAI,0.04,6349.689,3,3,6349.689,0.0,0.0,0.0,0.0,158742.225
1659694,IT,DE,RAILW,REFI1,0.04,6349.675,3,3,6349.675,0.0,0.0,0.0,0.0,158741.875
1712410,IT,LV,NONME,DAIRY,0.01,6349.661,3,3,6349.661,0.0,0.0,0.0,0.0,634966.1
1645260,IT,BE,COALT,INERT,0.01,6349.313,3,3,6349.313,0.0,0.0,0.0,0.0,634931.3
1644887,IT,BE,LEATH,LEATH,0.05,6349.165,3,3,6349.165,0.0,0.0,0.0,0.0,126983.3
1744725,IT,US,RESEA,PIGS9,0.03,6349.082,3,3,6349.082,0.0,0.0,0.0,0.0,211636.066667
1653638,IT,CZ,ALUM1,BIOGA,0.01,6348.986,3,3,6348.986,0.0,0.0,0.0,0.0,634898.6
1811983,IT,WM,GLASS,BITU1,0.02,6348.976,3,3,6348.976,0.0,0.0,0.0,0.0,317448.8
1809875,IT,WM,BEVER,DAIRY,0.03,6348.938,3,3,6348.938,0.0,0.0,0.0,0.0,211631.266667
1678814,IT,GR,BEVER,FISHF,0.03,6348.305,3,3,6348.305,0.0,0.0,0.0,0.0,211610.166667
1748106,IT,JP,BUSIN,WOOD1,0.07,6348.259,3,3,6348.259,0.0,0.0,0.0,0.0,90689.414286
1813800,IT,WM,RAILW,HEAVY,0.04,6347.902,3,3,6347.902,0.0,0.0,0.0,0.0,158697.55
1779529,IT,TR,RENTI,INERT,0.04,6347.82,3,3,6347.82,0.0,0.0,0.0,0.0,158695.5
1736781,IT,SK,COMPU,COKEO,0.07,6347.598,3,3,6347.598,0.0,0.0,0.0,0.0,90679.971429
1682323,IT,HR,WOODW,PROCE,0.02,6346.965,3,3,6346.965,0.0,0.0,0.0,0.0,317348.25
1772500,IT,CH,RUBBE,ANIMA,0.02,6346.395,3,3,6346.395,0.0,0.0,0.0,0.0,317319.75
1728997,IT,SE,ADDIT,RECRE,0.01,6346.153,3,3,6346.153,0.0,0.0,0.0,0.0,634615.3
1643184,IT,AT,HOTEL,IRONO,0.05,6346.104,3,3,6346.104,0.0,0.0,0.0,0.0,126922.08
1744619,IT,US,RENTI,INLAN,0.04,6345.287,3,3,6345.287,0.0,0.0,0.0,0.0,158632.175
1712347,IT,LV,RUBBE,SEACO,0.02,6345.233,3,3,6345.233,0.0,0.0,0.0,0.0,317261.65
1724559,IT,PT,POSTT,RESEA,0.1,6345.171,3,3,6345.171,0.0,0.0,0.0,0.0,63451.71
1653701,IT,CZ,LEAD1,WHOLE,0.01,6344.804,3,3,6344.804,0.0,0.0,0.0,0.0,634480.4
1686017,IT,HU,BIODI,DIST1,0.01,6344.163,3,3,6344.163,0.0,0.0,0.0,0.0,634416.3
1643296,IT,AT,HOTEL,WASTE,0.05,6343.923,3,3,6343.923,0.0,0.0,0.0,0.0,126878.46
1662537,IT,DK,FABRI,VEGET,0.03,6343.876,3,3,6343.876,0.0,0.0,0.0,0.0,211462.533333
1715125,IT,NL,LEATH,FOOD5,0.05,6343.829,3,3,6343.829,0.0,0.0,0.0,0.0,126876.58
1642518,IT,AT,COPP1,BIOGA,0.02,6343.723,3,3,6343.723,0.0,0.0,0.0,0.0,317186.15
1677709,IT,FR,RENTI,ELEC5,0.04,6343.301,3,3,6343.301,0.0,0.0,0.0,0.0,158582.525
1652943,IT,CZ,HEAVY,PRINT,0.01,6343.179,3,3,6343.179,0.0,0.0,0.0,0.0,634317.9
1728113,IT,SE,VEGE1,BIODI,0.02,6343.119,3,3,6343.119,0.0,0.0,0.0,0.0,317155.95
1663349,IT,DK,SUPPO,ELECT,0.05,6343.003,3,3,6343.003,0.0,0.0,0.0,0.0,126860.06
1761070,IT,IN,PLAST,FOOD3,0.01,6342.496,3,3,6342.496,0.0,0.0,0.0,0.0,634249.6
1772475,IT,CH,BIOGA,EDUCA,0.01,6342.463,3,3,6342.463,0.0,0.0,0.0,0.0,634246.3
1710459,IT,LT,LANDT,ELECT,0.04,6342.429,3,3,6342.429,0.0,0.0,0.0,0.0,158560.725
1787215,IT,WA,VEGET,FORES,0.02,6342.405,3,3,6342.405,0.0,0.0,0.0,0.0,317120.25
1642971,IT,AT,FURNI,EDUCA,0.02,6342.322,3,3,6342.322,0.0,0.0,0.0,0.0,317116.1
1798885,IT,WE,BEVER,RADIO,0.03,6342.066,3,3,6342.066,0.0,0.0,0.0,0.0,211402.2
1731614,IT,SI,WEARI,RESEA,0.05,6342.04,3,3,6342.04,0.0,0.0,0.0,0.0,126840.8
1734271,IT,SI,COMPU,REALE,0.07,6341.961,3,3,6341.961,0.0,0.0,0.0,0.0,90599.442857
1680270,IT,GR,FURNI,TEXTI,0.02,6341.447,3,3,6341.447,0.0,0.0,0.0,0.0,317072.35
1644215,IT,BE,VEGET,REALE,0.02,6341.054,3,3,6341.054,0.0,0.0,0.0,0.0,317052.7
1802217,IT,WE,RAILW,NATUR,0.04,6340.581,3,3,6340.581,0.0,0.0,0.0,0.0,158514.525
1786244,IT,ZA,FABRI,OILSE,0.03,6340.296,3,3,6340.296,0.0,0.0,0.0,0.0,211343.2
1758255,IT,BR,PREC1,GLASS,0.01,6340.12,3,3,6340.12,0.0,0.0,0.0,0.0,634012.0
1779219,IT,TR,POSTT,SEACO,0.1,6340.076,3,3,6340.076,0.0,0.0,0.0,0.0,63400.76
1733359,IT,SI,TRANS,COLLE,0.04,6339.999,3,3,6339.999,0.0,0.0,0.0,0.0,158499.975
1783830,IT,NO,INERT,FOOD3,0.05,6339.499,3,3,6339.499,0.0,0.0,0.0,0.0,126789.98
1709550,IT,LT,WOODW,RADIO,0.02,6339.204,3,3,6339.204,0.0,0.0,0.0,0.0,316960.2
1771308,IT,CH,DAIRY,MOTO1,0.03,6338.881,3,3,6338.881,0.0,0.0,0.0,0.0,211296.033333
1678913,IT,GR,TEXTI,LUBRI,0.04,6338.843,3,3,6338.843,0.0,0.0,0.0,0.0,158471.075
1652634,IT,CZ,WOODW,LEAD1,0.02,6338.615,3,3,6338.615,0.0,0.0,0.0,0.0,316930.75
1809070,IT,WM,CROPS,CEREA,0.05,6338.506,3,3,6338.506,0.0,0.0,0.0,0.0,126770.12
1730369,IT,SE,SUPPO,PUBLI,0.05,6338.272,3,3,6338.272,0.0,0.0,0.0,0.0,126765.44
1689029,IT,IE,OFFIC,RUBBE,0.02,6338.136,3,3,6338.136,0.0,0.0,0.0,0.0,316906.8
1646876,IT,BE,WHOLE,SUGA1,0.05,6338.096,3,3,6338.096,0.0,0.0,0.0,0.0,126761.92
1789044,IT,WA,NAPHT,FABRI,0.01,6337.878,3,3,6337.878,0.0,0.0,0.0,0.0,633787.8
1718600,IT,PL,LEATH,PRINT,0.05,6337.688,3,3,6337.688,0.0,0.0,0.0,0.0,126753.76
1672591,IT,FR,POULT,MEAT1,0.02,6337.477,3,3,6337.477,0.0,0.0,0.0,0.0,316873.85
1735527,IT,SK,ALUM1,MEAT4,0.01,6337.342,3,3,6337.342,0.0,0.0,0.0,0.0,633734.2
1724264,IT,PT,LANDT,PRINT,0.04,6337.127,3,3,6337.127,0.0,0.0,0.0,0.0,158428.175
1685813,IT,HU,PLAST,SEWAG,0.01,6336.452,3,3,6336.452,0.0,0.0,0.0,0.0,633645.2
1684852,IT,HU,CRUDE,MACHI,0.01,6336.375,3,3,6336.375,0.0,0.0,0.0,0.0,633637.5
1717568,IT,NL,COMPU,FABRI,0.07,6336.111,3,3,6336.111,0.0,0.0,0.0,0.0,90515.871429
1771062,IT,CH,FISHF,SUPPO,0.01,6335.715,3,3,6335.715,0.0,0.0,0.0,0.0,633571.5
1646259,IT,BE,LEAD1,LANDT,0.01,6335.334,3,3,6335.334,0.0,0.0,0.0,0.0,633533.4
1664083,IT,EE,CHEM1,FURNI,0.01,6334.636,3,3,6334.636,0.0,0.0,0.0,0.0,633463.6
1761071,IT,IN,PLAST,WASTE,0.01,6334.335,3,3,6334.335,0.0,0.0,0.0,0.0,633433.5
1807424,IT,WF,INSUR,CHARC,0.13,6334.33,3,3,6334.33,0.0,0.0,0.0,0.0,48725.615385
1739068,IT,GB,RETAI,RESEA,0.05,6334.167,3,3,6334.167,0.0,0.0,0.0,0.0,126683.34
1642711,IT,AT,MACHI,SUGA1,0.04,6334.165,3,3,6334.165,0.0,0.0,0.0,0.0,158354.125
1709329,IT,LT,VEGE1,DAIRY,0.02,6333.949,3,3,6333.949,0.0,0.0,0.0,0.0,316697.45
1808026,IT,WF,INTER,BASIC,0.04,6333.924,3,3,6333.924,0.0,0.0,0.0,0.0,158348.1
1687007,IT,HU,OFFIC,FOOD5,0.02,6333.47,3,3,6333.47,0.0,0.0,0.0,0.0,316673.5
1756999,IT,KR,BUSIN,CATTL,0.07,6333.235,3,3,6333.235,0.0,0.0,0.0,0.0,90474.785714
1795873,IT,WL,OFFIC,CEMEN,0.02,6332.592,3,3,6332.592,0.0,0.0,0.0,0.0,316629.6
1684133,IT,HR,LANDT,FORES,0.04,6332.43,3,3,6332.43,0.0,0.0,0.0,0.0,158310.75
1683551,IT,HR,ALUM1,RECRE,0.01,6331.909,3,3,6331.909,0.0,0.0,0.0,0.0,633190.9
1715117,IT,NL,WEARI,93197,0.05,6331.437,3,3,6331.437,0.0,0.0,0.0,0.0,126628.74
1793396,IT,WL,CROPS,FORES,0.05,6331.36,3,3,6331.36,0.0,0.0,0.0,0.0,126627.2
1800477,IT,WE,RUBBE,LEADZ,0.02,6331.272,3,3,6331.272,0.0,0.0,0.0,0.0,316563.6
1735360,IT,SK,NONME,GASDI,0.01,6331.079,3,3,6331.079,0.0,0.0,0.0,0.0,633107.9
1672942,IT,FR,DAIRY,PRINT,0.03,6330.2,3,3,6330.2,0.0,0.0,0.0,0.0,211006.666667
1648517,IT,BG,CROPS,WHOLE,0.05,6330.064,3,3,6330.064,0.0,0.0,0.0,0.0,126601.28
1727301,IT,RO,POSTT,PAPER,0.1,6329.99,3,3,6329.99,0.0,0.0,0.0,0.0,63299.9
1786985,IT,ZA,INSUR,BITUM,0.13,6329.853,3,3,6329.853,0.0,0.0,0.0,0.0,48691.176923
1798960,IT,WE,TOBAC,FISHF,0.02,6329.523,3,3,6329.523,0.0,0.0,0.0,0.0,316476.15
1643586,IT,AT,INLAN,COMPU,0.01,6329.519,3,3,6329.519,0.0,0.0,0.0,0.0,632951.9
1731394,IT,SI,FOOD5,WEARI,0.03,6329.455,3,3,6329.455,0.0,0.0,0.0,0.0,210981.833333
1798640,IT,WE,MEAT4,CONST,0.03,6329.338,3,3,6329.338,0.0,0.0,0.0,0.0,210977.933333
1685689,IT,HU,HEAVY,PUBLI,0.01,6328.964,3,3,6328.964,0.0,0.0,0.0,0.0,632896.4
1729502,IT,SE,ALUM1,RETAI,0.01,6328.787,3,3,6328.787,0.0,0.0,0.0,0.0,632878.7
1738752,IT,GB,OFFIC,DAIRY,0.02,6328.748,3,3,6328.748,0.0,0.0,0.0,0.0,316437.4
1679894,IT,GR,COPP1,DISTR,0.02,6328.688,3,3,6328.688,0.0,0.0,0.0,0.0,316434.4
1673159,IT,FR,BEVER,NFERT,0.03,6328.549,3,3,6328.549,0.0,0.0,0.0,0.0,210951.633333
1760242,IT,BR,TEXT2,BASIC,0.05,6327.961,3,3,6327.961,0.0,0.0,0.0,0.0,126559.22
1653321,IT,CZ,GLASS,WEARI,0.02,6327.605,3,3,6327.605,0.0,0.0,0.0,0.0,316380.25
1648785,IT,BG,BEVER,OFFIC,0.03,6327.39,3,3,6327.39,0.0,0.0,0.0,0.0,210913.0
1787499,IT,WA,CHEMI,ANTHR,0.02,6327.199,3,3,6327.199,0.0,0.0,0.0,0.0,316359.95
1809619,IT,WM,DAIRY,MEAT1,0.03,6327.139,3,3,6327.139,0.0,0.0,0.0,0.0,210904.633333
1762953,IT,MX,VEGE1,FOUND,0.02,6326.345,3,3,6326.345,0.0,0.0,0.0,0.0,316317.25
1746036,IT,JP,PAPER,LANDT,0.02,6326.322,3,3,6326.322,0.0,0.0,0.0,0.0,316316.1
1813571,IT,WM,WHOLE,NONF1,0.05,6325.65,3,3,6325.65,0.0,0.0,0.0,0.0,126513.0
1793360,IT,WL,VEGET,DAIRY,0.02,6325.597,3,3,6325.597,0.0,0.0,0.0,0.0,316279.85
1673803,IT,FR,PRINT,SUGAR,0.06,6325.148,3,3,6325.148,0.0,0.0,0.0,0.0,105419.133333
1686311,IT,HU,NONME,MEAT1,0.01,6324.556,3,3,6324.556,0.0,0.0,0.0,0.0,632455.6
1646520,IT,BE,MACHI,WOOD1,0.04,6324.367,3,3,6324.367,0.0,0.0,0.0,0.0,158109.175
1740343,IT,GB,PUBLI,SEWAG,0.1,6324.07,3,3,6324.07,0.0,0.0,0.0,0.0,63240.7
1788258,IT,WA,LEATH,COKEO,0.05,6324.039,3,3,6324.039,0.0,0.0,0.0,0.0,126480.78
1798382,IT,WE,FISHF,HOTEL,0.01,6324.003,3,3,6324.003,0.0,0.0,0.0,0.0,632400.3
1800875,IT,WE,PREC1,PEAT2,0.01,6323.919,3,3,6323.919,0.0,0.0,0.0,0.0,632391.9
1812648,IT,WM,COPP1,PAPER,0.02,6323.865,3,3,6323.865,0.0,0.0,0.0,0.0,316193.25
1734631,IT,SK,TEXTI,ALUM1,0.04,6323.239,3,3,6323.239,0.0,0.0,0.0,0.0,158080.975
1811477,IT,WM,PLAST,BIOG1,0.01,6323.011,3,3,6323.011,0.0,0.0,0.0,0.0,632301.1
1685057,IT,HU,DAIRY,RECRE,0.03,6322.531,3,3,6322.531,0.0,0.0,0.0,0.0,210751.033333
1735378,IT,SK,NONME,ELEC6,0.01,6322.346,3,3,6322.346,0.0,0.0,0.0,0.0,632234.6
1759765,IT,BR,BUSIN,LEAD1,0.06,6322.274,3,3,6322.274,0.0,0.0,0.0,0.0,105371.233333
1786676,IT,ZA,WHOLE,SALEM,0.05,6322.165,3,3,6322.165,0.0,0.0,0.0,0.0,126443.3
1660145,IT,DE,SUPPO,BEVER,0.05,6321.96,3,3,6321.96,0.0,0.0,0.0,0.0,126439.2
1660636,IT,DE,REALE,DIST1,0.27,6321.868,3,3,6321.868,0.0,0.0,0.0,0.0,23414.325926
1766637,IT,RU,FABRI,PARAF,0.03,6321.467,3,3,6321.467,0.0,0.0,0.0,0.0,210715.566667
1671009,IT,FI,ADDIT,PLAST,0.01,6321.198,3,3,6321.198,0.0,0.0,0.0,0.0,632119.8
1680093,IT,GR,MACHI,WASTE,0.04,6320.996,3,3,6320.996,0.0,0.0,0.0,0.0,158024.9
1689637,IT,IE,SUPPO,RENTI,0.05,6320.566,3,3,6320.566,0.0,0.0,0.0,0.0,126411.32
1751735,IT,CN,INSUR,SEACO,0.13,6320.511,3,3,6320.511,0.0,0.0,0.0,0.0,48619.315385
1795094,IT,WL,RUBBE,PRECI,0.02,6320.496,3,3,6320.496,0.0,0.0,0.0,0.0,316024.8
1663514,IT,DK,RENTI,BUSIN,0.04,6320.393,3,3,6320.393,0.0,0.0,0.0,0.0,158009.825
1713066,IT,MT,VEGE1,POSTT,0.02,6320.346,3,3,6320.346,0.0,0.0,0.0,0.0,316017.3
1760744,IT,IN,PRINT,BEVER,0.06,6320.301,3,3,6320.301,0.0,0.0,0.0,0.0,105338.35
1806030,IT,WF,COPP1,ELE11,0.02,6320.114,3,3,6320.114,0.0,0.0,0.0,0.0,316005.7
1745406,IT,JP,DAIRY,RAWMI,0.03,6319.73,3,3,6319.73,0.0,0.0,0.0,0.0,210657.666667
1665841,IT,ES,PRINT,GLASS,0.06,6319.529,3,3,6319.529,0.0,0.0,0.0,0.0,105325.483333
1642684,IT,AT,FABRI,OILHA,0.03,6318.756,3,3,6318.756,0.0,0.0,0.0,0.0,210625.2
1784570,IT,ID,MACHI,FOOD5,0.04,6318.608,3,3,6318.608,0.0,0.0,0.0,0.0,157965.2
1727031,IT,RO,RAILW,BEVER,0.04,6318.34,3,3,6318.34,0.0,0.0,0.0,0.0,157958.5
1712145,IT,LV,WEARI,RENTI,0.05,6318.172,3,3,6318.172,0.0,0.0,0.0,0.0,126363.44
1797030,IT,WL,SUPPO,CRUDE,0.05,6317.808,3,3,6317.808,0.0,0.0,0.0,0.0,126356.16
1662193,IT,DK,RUBBE,SEWAG,0.02,6317.777,3,3,6317.777,0.0,0.0,0.0,0.0,315888.85
1791323,IT,WA,SALEM,RAWMI,0.05,6317.664,3,3,6317.664,0.0,0.0,0.0,0.0,126353.28
1748387,IT,CN,CROPS,BITUM,0.05,6317.435,3,3,6317.435,0.0,0.0,0.0,0.0,126348.7
1662104,IT,DK,CHEM1,OILHA,0.01,6317.389,3,3,6317.389,0.0,0.0,0.0,0.0,631738.9
1753418,IT,CA,FABRI,COKIN,0.03,6317.245,3,3,6317.245,0.0,0.0,0.0,0.0,210574.833333
1655418,IT,DE,MEATA,BUSIN,0.03,6317.048,3,3,6317.048,0.0,0.0,0.0,0.0,210568.266667
1793263,IT,WA,PRIVA,GASDI,1.41,6316.911,3,3,6316.911,0.0,0.0,0.0,0.0,4480.078723
1755136,IT,KR,LEATH,COPP1,0.05,6316.59,3,3,6316.59,0.0,0.0,0.0,0.0,126331.8
1808665,IT,WF,INERT,PFERT,0.05,6316.574,3,3,6316.574,0.0,0.0,0.0,0.0,126331.48
1746577,IT,JP,PREC1,FISHF,0.01,6316.499,3,3,6316.499,0.0,0.0,0.0,0.0,631649.9
1646561,IT,BE,OFFIC,FURNI,0.02,6316.141,3,3,6316.141,0.0,0.0,0.0,0.0,315807.05
1778248,IT,TR,CONST,CRUDE,0.04,6315.922,3,3,6315.922,0.0,0.0,0.0,0.0,157898.05
1731340,IT,SI,DAIRY,ELEC4,0.03,6315.869,3,3,6315.869,0.0,0.0,0.0,0.0,210528.966667
1768438,IT,AU,DAIRY,FISH5,0.03,6315.706,3,3,6315.706,0.0,0.0,0.0,0.0,210523.533333
1713585,IT,MT,NONME,BRICK,0.01,6315.587,3,3,6315.587,0.0,0.0,0.0,0.0,631558.7
1644334,IT,BE,SANDC,STONE,0.01,6315.431,4,4,6314.431,0.0,0.0,1.0,0.0,631543.1
1808383,IT,WF,WASTE,MEATC,0.02,6315.124,3,3,6315.124,0.0,0.0,0.0,0.0,315756.2
1643326,IT,AT,RAILW,BITU1,0.04,6315.096,3,3,6315.096,0.0,0.0,0.0,0.0,157877.4
1658451,IT,DE,FABRI,MEDIC,0.03,6314.944,3,3,6314.944,0.0,0.0,0.0,0.0,210498.133333
1807610,IT,WF,RESEA,NATU1,0.03,6314.862,3,3,6314.862,0.0,0.0,0.0,0.0,210495.4
1679078,IT,GR,PULP5,CONST,0.02,6314.659,3,3,6314.659,0.0,0.0,0.0,0.0,315732.95
1752923,IT,CA,PLAST,SUGA1,0.01,6314.628,3,3,6314.628,0.0,0.0,0.0,0.0,631462.8
1776898,IT,TR,PLAST,PULP5,0.01,6314.585,3,3,6314.585,0.0,0.0,0.0,0.0,631458.5
1783682,IT,NO,WASTE,PUBLI,0.02,6314.181,3,3,6314.181,0.0,0.0,0.0,0.0,315709.05
1784785,IT,ID,HOTEL,PAPER,0.05,6313.525,3,3,6313.525,0.0,0.0,0.0,0.0,126270.5
1646798,IT,BE,SALEM,CEMEN,0.05,6313.249,3,3,6313.249,0.0,0.0,0.0,0.0,126264.98
1766636,IT,RU,FABRI,LUBRI,0.03,6312.631,3,3,6312.631,0.0,0.0,0.0,0.0,210421.033333
1658789,IT,DE,MOTO1,NUCLE,0.03,6312.519,3,3,6312.519,0.0,0.0,0.0,0.0,210417.3
1785094,IT,ZA,CHEMI,FISH5,0.02,6312.506,3,3,6312.506,0.0,0.0,0.0,0.0,315625.3
1762355,IT,IN,SUPPO,BUSIN,0.05,6312.414,3,3,6312.414,0.0,0.0,0.0,0.0,126248.28
1661318,IT,DK,CHEMI,RUBBE,0.02,6312.41,3,3,6312.41,0.0,0.0,0.0,0.0,315620.5
1746396,IT,JP,RUBBE,SECO9,0.02,6311.975,3,3,6311.975,0.0,0.0,0.0,0.0,315598.75
1710792,IT,LU,WOODW,WHOLE,0.02,6310.959,3,3,6310.959,0.0,0.0,0.0,0.0,315547.95
1713629,IT,MT,PREC1,WHOLE,0.01,6310.736,3,3,6310.736,0.0,0.0,0.0,0.0,631073.6
1754724,IT,KR,DAIRY,CATTL,0.03,6310.646,3,3,6310.646,0.0,0.0,0.0,0.0,210354.866667
1672233,IT,FI,REALE,FABRI,0.27,6309.931,3,3,6309.931,0.0,0.0,0.0,0.0,23370.114815
1803431,IT,WF,MEATP,CHARC,0.03,6309.693,3,3,6309.693,0.0,0.0,0.0,0.0,210323.1
1677457,IT,FR,INSUR,93197,0.13,6309.375,3,3,6309.375,0.0,0.0,0.0,0.0,48533.653846
1649841,IT,BG,ALUM1,TRAN1,0.01,6309.236,3,3,6309.236,0.0,0.0,0.0,0.0,630923.6
1747375,IT,JP,RETA1,SEACO,0.07,6309.168,3,3,6309.168,0.0,0.0,0.0,0.0,90130.971429
1669329,IT,ES,FINAN,RETAI,0.08,6308.233,3,3,6308.233,0.0,0.0,0.0,0.0,78852.9125
1688070,IT,HU,COMPU,RAILW,0.07,6308.16,3,3,6308.16,0.0,0.0,0.0,0.0,90116.571429
1725607,IT,RO,WOODW,HOTEL,0.02,6308.138,3,3,6308.138,0.0,0.0,0.0,0.0,315406.9
1660436,IT,DE,FINAN,FOOD2,0.08,6308.033,3,3,6308.033,0.0,0.0,0.0,0.0,78850.4125
1797747,IT,WL,INTER,HOTEL,0.04,6307.597,3,3,6307.597,0.0,0.0,0.0,0.0,157689.925
1671866,IT,FI,HOTEL,WOODW,0.05,6307.591,3,3,6307.591,0.0,0.0,0.0,0.0,126151.82
1713127,IT,MT,BEVER,PLAST,0.03,6307.424,3,3,6307.424,0.0,0.0,0.0,0.0,210247.466667
1794645,IT,WL,NAPHT,NATU1,0.01,6307.185,3,3,6307.185,0.0,0.0,0.0,0.0,630718.5
1733336,IT,SI,TRANS,CROPS,0.04,6307.139,3,3,6307.139,0.0,0.0,0.0,0.0,157678.475
1687757,IT,HU,SUPPO,INLAN,0.05,6306.573,3,3,6306.573,0.0,0.0,0.0,0.0,126131.46
1681734,IT,HR,CRUDE,MOTO1,0.01,6306.44,3,3,6306.44,0.0,0.0,0.0,0.0,630644.0
1762817,IT,IN,PUBLI,RUBBE,0.1,6306.348,3,3,6306.348,0.0,0.0,0.0,0.0,63063.48
1776523,IT,TR,AVIAT,WASTE,0.01,6306.335,3,3,6306.335,0.0,0.0,0.0,0.0,630633.5
1776529,IT,TR,AVIAT,WOOD2,0.01,6306.335,3,3,6306.335,0.0,0.0,0.0,0.0,630633.5
1776528,IT,TR,AVIAT,TEXT2,0.01,6306.335,3,3,6306.335,0.0,0.0,0.0,0.0,630633.5
1776526,IT,TR,AVIAT,PLAS2,0.01,6306.335,3,3,6306.335,0.0,0.0,0.0,0.0,630633.5
1776525,IT,TR,AVIAT,PAPE4,0.01,6306.335,3,3,6306.335,0.0,0.0,0.0,0.0,630633.5
1776524,IT,TR,AVIAT,FOOD4,0.01,6306.335,3,3,6306.335,0.0,0.0,0.0,0.0,630633.5
1776527,IT,TR,AVIAT,INERT,0.01,6306.335,3,3,6306.335,0.0,0.0,0.0,0.0,630633.5
1776522,IT,TR,AVIAT,FOOD3,0.01,6306.335,3,3,6306.335,0.0,0.0,0.0,0.0,630633.5
1776520,IT,TR,AVIAT,OILHA,0.01,6306.335,3,3,6306.335,0.0,0.0,0.0,0.0,630633.5
1776521,IT,TR,AVIAT,FOOD2,0.01,6306.335,3,3,6306.335,0.0,0.0,0.0,0.0,630633.5
1776518,IT,TR,AVIAT,SECO9,0.01,6306.335,3,3,6306.335,0.0,0.0,0.0,0.0,630633.5
1776519,IT,TR,AVIAT,INTER,0.01,6306.335,3,3,6306.335,0.0,0.0,0.0,0.0,630633.5
1737805,IT,GB,NAPHT,RENTI,0.01,6306.208,3,3,6306.208,0.0,0.0,0.0,0.0,630620.8
1679076,IT,GR,PULP5,PLAST,0.02,6306.139,3,3,6306.139,0.0,0.0,0.0,0.0,315306.95
1742045,IT,US,RUBBE,POULT,0.02,6305.619,3,3,6305.619,0.0,0.0,0.0,0.0,315280.95
1803521,IT,WF,VEGE1,PFERT,0.02,6305.589,3,3,6305.589,0.0,0.0,0.0,0.0,315279.45
1764318,IT,MX,OFFIC,PREC1,0.02,6305.581,3,3,6305.581,0.0,0.0,0.0,0.0,315279.05
1802879,IT,WE,MEMBE,WEARI,0.07,6305.509,3,3,6305.509,0.0,0.0,0.0,0.0,90078.7
1713537,IT,MT,GLASS,FINAN,0.02,6305.42,3,3,6305.42,0.0,0.0,0.0,0.0,315271.0
1775774,IT,TR,CRUDE,RENTI,0.01,6305.278,3,3,6305.278,0.0,0.0,0.0,0.0,630527.8
1759744,IT,BR,BUSIN,LUBRI,0.06,6305.267,3,3,6305.267,0.0,0.0,0.0,0.0,105087.783333
1663016,IT,DK,HOTEL,LEAD1,0.05,6305.045,3,3,6305.045,0.0,0.0,0.0,0.0,126100.9
1742636,IT,US,COPP1,PAPER,0.02,6304.918,3,3,6304.918,0.0,0.0,0.0,0.0,315245.9
1802223,IT,WE,RAILW,BASIC,0.04,6304.59,3,3,6304.59,0.0,0.0,0.0,0.0,157614.75
1719915,IT,PL,PREC1,PARAF,0.01,6304.199,3,3,6304.199,0.0,0.0,0.0,0.0,630419.9
1721013,IT,PL,HOTEL,MEAT1,0.05,6304.182,3,3,6304.182,0.0,0.0,0.0,0.0,126083.64
1770038,IT,AU,CONST,ELECT,0.04,6304.171,3,3,6304.171,0.0,0.0,0.0,0.0,157604.275
1787984,IT,WA,TEXTI,NATU1,0.04,6304.063,3,3,6304.063,0.0,0.0,0.0,0.0,157601.575
1739211,IT,GB,RETA1,RETAI,0.07,6304.02,3,3,6304.02,0.0,0.0,0.0,0.0,90057.428571
1743114,IT,US,MOTO1,BIODI,0.03,6304.005,3,3,6304.005,0.0,0.0,0.0,0.0,210133.5
1752526,IT,CA,FOOD5,BIODI,0.03,6303.993,3,3,6303.993,0.0,0.0,0.0,0.0,210133.1
1814400,IT,WM,AUXIL,EDUCA,0.12,6303.825,3,3,6303.825,0.0,0.0,0.0,0.0,52531.875
1713454,IT,MT,CHEM1,FABRI,0.01,6303.654,3,3,6303.654,0.0,0.0,0.0,0.0,630365.4
1709337,IT,LT,VEGE1,HOTEL,0.02,6303.576,3,3,6303.576,0.0,0.0,0.0,0.0,315178.8
1791364,IT,WA,SALEM,RAILW,0.05,6303.34,3,3,6303.34,0.0,0.0,0.0,0.0,126066.8
1660682,IT,DE,RENTI,POULT,0.04,6302.702,3,3,6302.702,0.0,0.0,0.0,0.0,157567.55
1667262,IT,ES,ALUM1,CHEMI,0.01,6302.54,3,3,6302.54,0.0,0.0,0.0,0.0,630254.0
1769954,IT,AU,TRANS,VEGET,0.04,6302.325,3,3,6302.325,0.0,0.0,0.0,0.0,157558.125
1786675,IT,ZA,WHOLE,COLLE,0.05,6302.309,3,3,6302.309,0.0,0.0,0.0,0.0,126046.18
1659163,IT,DE,CONST,FOOD5,0.04,6302.191,3,3,6302.191,0.0,0.0,0.0,0.0,157554.775
1672904,IT,FR,VEGE1,AUXIL,0.02,6301.89,3,3,6301.89,0.0,0.0,0.0,0.0,315094.5
1712757,IT,LV,LANDT,RUBBE,0.04,6301.224,3,3,6301.224,0.0,0.0,0.0,0.0,157530.6
1747280,IT,JP,WHOLE,GLASS,0.05,6301.114,3,3,6301.114,0.0,0.0,0.0,0.0,126022.28
1717263,IT,NL,POSTT,MOTO1,0.1,6300.993,3,3,6300.993,0.0,0.0,0.0,0.0,63009.93
1678612,IT,GR,STONE,NONME,0.02,6300.811,3,3,6300.811,0.0,0.0,0.0,0.0,315040.55
1657744,IT,DE,CEMEN,POSTT,0.01,6300.753,3,3,6300.753,0.0,0.0,0.0,0.0,630075.3
1768986,IT,AU,PAPER,SEACO,0.02,6300.197,3,3,6300.197,0.0,0.0,0.0,0.0,315009.85
1711644,IT,LU,COMPU,FOOD5,0.07,6299.658,3,3,6299.658,0.0,0.0,0.0,0.0,89995.114286
1662779,IT,DK,MOTO1,COMPU,0.03,6299.585,3,3,6299.585,0.0,0.0,0.0,0.0,209986.166667
1645363,IT,BE,HEAVY,TEXTI,0.01,6299.494,3,3,6299.494,0.0,0.0,0.0,0.0,629949.4
1679704,IT,GR,CEMEN,RESEA,0.01,6299.004,3,3,6299.004,0.0,0.0,0.0,0.0,629900.4
1720836,IT,PL,FURNI,DIST1,0.02,6299.002,3,3,6299.002,0.0,0.0,0.0,0.0,314950.1
1681058,IT,GR,SUPPO,MEATA,0.05,6298.729,3,3,6298.729,0.0,0.0,0.0,0.0,125974.58
1763081,IT,MX,TEXTI,POSTT,0.04,6298.369,3,3,6298.369,0.0,0.0,0.0,0.0,157459.225
1797743,IT,WL,INTER,CONST,0.04,6297.612,3,3,6297.612,0.0,0.0,0.0,0.0,157440.3
1775806,IT,TR,CHEMI,NFERT,0.02,6297.489,3,3,6297.489,0.0,0.0,0.0,0.0,314874.45
1720016,IT,PL,ALUM1,REFI1,0.01,6297.052,3,3,6297.052,0.0,0.0,0.0,0.0,629705.2
1747995,IT,JP,BUSIN,CATTL,0.06,6296.779,3,3,6296.779,0.0,0.0,0.0,0.0,104946.316667
1767383,IT,RU,LANDT,VEGE1,0.04,6296.548,3,3,6296.548,0.0,0.0,0.0,0.0,157413.7
1683879,IT,HR,TRANS,FORES,0.04,6296.546,3,3,6296.546,0.0,0.0,0.0,0.0,157413.65
1683907,IT,HR,FURNI,RUBBE,0.02,6296.518,3,3,6296.518,0.0,0.0,0.0,0.0,314825.9
1719068,IT,PL,NAPHT,MOTO1,0.01,6296.058,3,3,6296.058,0.0,0.0,0.0,0.0,629605.8
1771199,IT,CH,MEAT4,RESEA,0.03,6295.997,3,3,6295.997,0.0,0.0,0.0,0.0,209866.566667
1647103,IT,BE,HOTEL,NONF1,0.05,6295.949,3,3,6295.949,0.0,0.0,0.0,0.0,125918.98
1681287,IT,GR,FINAN,MEMBE,0.08,6295.874,3,3,6295.874,0.0,0.0,0.0,0.0,78698.425
1724190,IT,PT,HOTEL,MACHI,0.05,6295.405,3,3,6295.405,0.0,0.0,0.0,0.0,125908.1
1793904,IT,WL,WEARI,FURNI,0.05,6295.402,3,3,6295.402,0.0,0.0,0.0,0.0,125908.04
1669237,IT,ES,POSTT,WASTE,0.1,6295.066,3,3,6295.066,0.0,0.0,0.0,0.0,62950.66
1651845,IT,CY,LANDT,REALE,0.04,6295.015,3,3,6295.015,0.0,0.0,0.0,0.0,157375.375
1745242,IT,JP,SANDC,PUBLI,0.01,6294.854,4,4,6293.854,0.0,0.0,1.0,0.0,629485.4
1727981,IT,SE,FORES,OILHA,0.05,6294.742,4,4,6292.742,0.0,2.0,0.0,0.0,125894.84
1779243,IT,TR,FINAN,CATTL,0.08,6294.1,3,3,6294.1,0.0,0.0,0.0,0.0,78676.25
1664560,IT,EE,HOTEL,FORES,0.05,6294.001,3,3,6294.001,0.0,0.0,0.0,0.0,125880.02
1669849,IT,ES,BUSIN,WASTE,0.06,6293.735,3,3,6293.735,0.0,0.0,0.0,0.0,104895.583333
1763319,IT,MX,PAPER,RETAI,0.02,6293.601,3,3,6293.601,0.0,0.0,0.0,0.0,314680.05
1679561,IT,GR,RUBBE,NAPHT,0.02,6292.945,3,3,6292.945,0.0,0.0,0.0,0.0,314647.25
1710002,IT,LT,ALUM1,COPP1,0.01,6292.613,3,3,6292.613,0.0,0.0,0.0,0.0,629261.3
1767717,IT,RU,FINAN,TRANS,0.08,6292.601,3,3,6292.601,0.0,0.0,0.0,0.0,78657.5125
1801073,IT,WE,COPP1,GLASS,0.02,6292.467,3,3,6292.467,0.0,0.0,0.0,0.0,314623.35
1743051,IT,US,OFFIC,PAPE3,0.02,6292.426,3,3,6292.426,0.0,0.0,0.0,0.0,314621.3
1662950,IT,DK,RETA1,AUXIL,0.07,6292.086,3,3,6292.086,0.0,0.0,0.0,0.0,89886.942857
1727773,IT,RO,BUSIN,HYDRO,0.06,6292.058,3,3,6292.058,0.0,0.0,0.0,0.0,104867.633333
1667207,IT,ES,PREC1,KEROS,0.01,6291.488,3,3,6291.488,0.0,0.0,0.0,0.0,629148.8
1669912,IT,ES,PUBLI,RECRE,0.1,6291.346,3,3,6291.346,0.0,0.0,0.0,0.0,62913.46
1806819,IT,WF,RETA1,PREC1,0.07,6291.316,3,3,6291.316,0.0,0.0,0.0,0.0,89875.942857
1784213,IT,ID,HEAVY,GASDI,0.01,6291.208,3,3,6291.208,0.0,0.0,0.0,0.0,629120.8
1741350,IT,US,PRINT,CRUDE,0.06,6291.166,3,3,6291.166,0.0,0.0,0.0,0.0,104852.766667
1669175,IT,ES,POSTT,FOUND,0.1,6291.118,3,3,6291.118,0.0,0.0,0.0,0.0,62911.18
1724224,IT,PT,RAILW,PLAST,0.04,6290.768,3,3,6290.768,0.0,0.0,0.0,0.0,157269.2
1660467,IT,DE,INSUR,PULP5,0.13,6290.746,3,3,6290.746,0.0,0.0,0.0,0.0,48390.353846
1681612,IT,GR,PUBLI,FINAN,0.1,6290.727,3,3,6290.727,0.0,0.0,0.0,0.0,62907.27
1739830,IT,GB,FINAN,FISH5,0.08,6290.699,3,3,6290.699,0.0,0.0,0.0,0.0,78633.7375
1728054,IT,SE,MEATC,SEACO,0.02,6290.331,3,3,6290.331,0.0,0.0,0.0,0.0,314516.55
1748318,IT,JP,93197,93197,0.04,6290.315,3,3,6290.315,0.0,0.0,0.0,0.0,157257.875
1656350,IT,DE,WOODW,VEGE1,0.02,6289.809,3,3,6289.809,0.0,0.0,0.0,0.0,314490.45
1793008,IT,WA,FOOD3,MEATA,0.02,6289.715,3,3,6289.715,0.0,0.0,0.0,0.0,314485.75
1645387,IT,BE,HEAVY,ALUM1,0.01,6289.052,3,3,6289.052,0.0,0.0,0.0,0.0,628905.2
1732499,IT,SI,RUBBE,ANIMA,0.02,6289.05,3,3,6289.05,0.0,0.0,0.0,0.0,314452.5
1756419,IT,KR,CONST,VEGET,0.04,6288.46,3,3,6288.46,0.0,0.0,0.0,0.0,157211.5
1759780,IT,BR,BUSIN,ELEC3,0.06,6288.348,3,3,6288.348,0.0,0.0,0.0,0.0,104805.8
1685000,IT,HU,VEGE1,FABRI,0.02,6288.229,3,3,6288.229,0.0,0.0,0.0,0.0,314411.45
1785820,IT,ZA,CHEM1,GLASS,0.01,6287.776,3,3,6287.776,0.0,0.0,0.0,0.0,628777.6
1653985,IT,CZ,MACHI,LUBRI,0.04,6287.35,3,3,6287.35,0.0,0.0,0.0,0.0,157183.75
1678138,IT,FR,PLAS1,CHEM1,0.02,6287.276,3,3,6287.276,0.0,0.0,0.0,0.0,314363.8
1738068,IT,GB,RUBBE,PREC1,0.02,6287.153,3,3,6287.153,0.0,0.0,0.0,0.0,314357.65
1730379,IT,SE,SUPPO,RECRE,0.05,6286.989,3,3,6286.989,0.0,0.0,0.0,0.0,125739.78
1649268,IT,BG,HEAVY,SUPPO,0.01,6286.817,3,3,6286.817,0.0,0.0,0.0,0.0,628681.7
1728622,IT,SE,PRINT,FORES,0.06,6286.726,3,3,6286.726,0.0,0.0,0.0,0.0,104778.766667
1720018,IT,PL,ALUM1,WHITE,0.01,6286.512,3,3,6286.512,0.0,0.0,0.0,0.0,628651.2
1776206,IT,TR,WOODW,PFERT,0.02,6286.417,3,3,6286.417,0.0,0.0,0.0,0.0,314320.85
1811769,IT,WM,ADDIT,FOUND,0.01,6286.346,3,3,6286.346,0.0,0.0,0.0,0.0,628634.6
1679635,IT,GR,GLASS,PULP5,0.02,6286.169,3,3,6286.169,0.0,0.0,0.0,0.0,314308.45
1714988,IT,NL,TOBAC,PRINT,0.02,6286.091,3,3,6286.091,0.0,0.0,0.0,0.0,314304.55
1653437,IT,CZ,NONME,PLAST,0.01,6285.664,3,3,6285.664,0.0,0.0,0.0,0.0,628566.4
1681856,IT,HR,VEGE1,FURNI,0.02,6285.586,3,3,6285.586,0.0,0.0,0.0,0.0,314279.3
1727907,IT,SE,CEREA,93197,0.01,6285.156,3,3,6285.156,0.0,0.0,0.0,0.0,628515.6
1779574,IT,TR,COMPU,FABRI,0.07,6284.868,3,3,6284.868,0.0,0.0,0.0,0.0,89783.828571
1661885,IT,DK,PAPER,FOODW,0.02,6284.669,3,3,6284.669,0.0,0.0,0.0,0.0,314233.45
1643133,IT,AT,RETA1,BEVER,0.07,6284.561,3,3,6284.561,0.0,0.0,0.0,0.0,89779.442857
1802537,IT,WE,POSTT,RECRE,0.1,6284.237,3,3,6284.237,0.0,0.0,0.0,0.0,62842.37
1788615,IT,WA,PRINT,CRUDE,0.06,6284.216,3,3,6284.216,0.0,0.0,0.0,0.0,104736.933333
1662284,IT,DK,NONME,CROPS,0.01,6283.483,3,3,6283.483,0.0,0.0,0.0,0.0,628348.3
1731424,IT,SI,FOOD5,SALEM,0.03,6283.397,3,3,6283.397,0.0,0.0,0.0,0.0,209446.566667
1648316,IT,BE,EDUCA,CHEM1,0.16,6283.293,3,3,6283.293,0.0,0.0,0.0,0.0,39270.58125
1798000,IT,WL,INERT,CRUDE,0.05,6282.985,3,3,6282.985,0.0,0.0,0.0,0.0,125659.7
1689798,IT,IE,INSUR,GASDI,0.13,6282.689,3,3,6282.689,0.0,0.0,0.0,0.0,48328.376923
1749482,IT,CN,HEAVY,POSTT,0.01,6282.669,3,3,6282.669,0.0,0.0,0.0,0.0,628266.9
1795585,IT,WL,COPP1,93197,0.02,6282.439,3,3,6282.439,0.0,0.0,0.0,0.0,314121.95
1765656,IT,RU,PAPER,MEATC,0.02,6282.185,3,3,6282.185,0.0,0.0,0.0,0.0,314109.25
1735310,IT,SK,GLASS,PUBLI,0.02,6282.015,3,3,6282.015,0.0,0.0,0.0,0.0,314100.75
1765680,IT,RU,PAPER,GLASS,0.02,6281.811,3,3,6281.811,0.0,0.0,0.0,0.0,314090.55
1641956,IT,AT,RUBBE,TOBAC,0.02,6281.625,3,3,6281.625,0.0,0.0,0.0,0.0,314081.25
1745431,IT,JP,DAIRY,ELEC4,0.03,6281.458,3,3,6281.458,0.0,0.0,0.0,0.0,209381.933333
1761530,IT,IN,LEAD1,CHARC,0.01,6281.182,3,3,6281.182,0.0,0.0,0.0,0.0,628118.2
1716474,IT,NL,OFFIC,PREC1,0.02,6281.131,3,3,6281.131,0.0,0.0,0.0,0.0,314056.55
1808779,IT,WF,WOOD2,PRINT,0.03,6281.053,3,3,6281.053,0.0,0.0,0.0,0.0,209368.433333
1676472,IT,FR,RETA1,NONF1,0.07,6280.91,3,3,6280.91,0.0,0.0,0.0,0.0,89727.285714
1728065,IT,SE,MEATP,BEVER,0.03,6280.455,3,3,6280.455,0.0,0.0,0.0,0.0,209348.5
1746466,IT,JP,GLASS,POSTT,0.02,6279.895,3,3,6279.895,0.0,0.0,0.0,0.0,313994.75
1718718,IT,PL,PULP5,BEVER,0.02,6279.499,3,3,6279.499,0.0,0.0,0.0,0.0,313974.95
1766463,IT,RU,PREC1,ELEC2,0.01,6279.18,3,3,6279.18,0.0,0.0,0.0,0.0,627918.0
1784058,IT,ID,TEXTI,RECRE,0.04,6279.025,3,3,6279.025,0.0,0.0,0.0,0.0,156975.625
1718220,IT,PL,PROCE,SUGA1,0.04,6278.342,3,3,6278.342,0.0,0.0,0.0,0.0,156958.55
1768442,IT,AU,DAIRY,PREC1,0.03,6278.2,3,3,6278.2,0.0,0.0,0.0,0.0,209273.333333
1656331,IT,DE,WOODW,SUGAR,0.02,6278.137,3,3,6278.137,0.0,0.0,0.0,0.0,313906.85
1640308,IT,AT,SANDC,RENTI,0.01,6277.767,4,4,6276.767,0.0,0.0,1.0,0.0,627776.7
1717985,IT,PL,SANDC,STEAM,0.01,6277.46,4,4,6276.46,0.0,0.0,1.0,0.0,627746.0
1649693,IT,BG,NONME,CHEM1,0.01,6277.222,3,3,6277.222,0.0,0.0,0.0,0.0,627722.2
1747068,IT,JP,FURNI,PREC1,0.02,6276.355,3,3,6276.355,0.0,0.0,0.0,0.0,313817.75
1799414,IT,WE,PAPER,WOOLS,0.02,6276.287,3,3,6276.287,0.0,0.0,0.0,0.0,313814.35
1715005,IT,NL,TOBAC,PAPE1,0.02,6276.164,3,3,6276.164,0.0,0.0,0.0,0.0,313808.2
1735858,IT,SK,MACHI,93197,0.04,6275.833,3,3,6275.833,0.0,0.0,0.0,0.0,156895.825
1752982,IT,CA,CHEM1,DAIRY,0.01,6275.765,3,3,6275.765,0.0,0.0,0.0,0.0,627576.5
1649006,IT,BG,WOODW,COPPE,0.02,6275.171,3,3,6275.171,0.0,0.0,0.0,0.0,313758.55
1733639,IT,SI,HOTEL,ELEC1,0.05,6275.053,3,3,6275.053,0.0,0.0,0.0,0.0,125501.06
1715577,IT,NL,HEAVY,BLAST,0.01,6274.968,3,3,6274.968,0.0,0.0,0.0,0.0,627496.8
1687236,IT,HU,WHOLE,CEREA,0.05,6274.955,3,3,6274.955,0.0,0.0,0.0,0.0,125499.1
1804989,IT,WF,PLAST,SANDC,0.01,6274.731,3,3,6274.731,0.0,0.0,0.0,0.0,627473.1
1753483,IT,CA,FABRI,INLAN,0.03,6274.616,3,3,6274.616,0.0,0.0,0.0,0.0,209153.866667
1781644,IT,NO,LEATH,PRINT,0.04,6274.585,3,3,6274.585,0.0,0.0,0.0,0.0,156864.625
1766181,IT,RU,RUBBE,WASTE,0.02,6274.554,3,3,6274.554,0.0,0.0,0.0,0.0,313727.7
1645374,IT,BE,HEAVY,NONSP,0.01,6274.522,3,3,6274.522,0.0,0.0,0.0,0.0,627452.2
1672739,IT,FR,CHEMI,ELEC6,0.01,6274.387,3,3,6274.387,0.0,0.0,0.0,0.0,627438.7
1725341,IT,RO,FISH5,RETA1,0.03,6274.156,4,4,6274.153,0.0,0.0,0.0,0.003,209138.533333
1768840,IT,AU,LEATH,ELEC1,0.04,6273.838,3,3,6273.838,0.0,0.0,0.0,0.0,156845.95
1790185,IT,WA,PREC1,SUBBI,0.01,6273.78,3,3,6273.78,0.0,0.0,0.0,0.0,627378.0
1660234,IT,DE,POSTT,PULP5,0.1,6273.707,3,3,6273.707,0.0,0.0,0.0,0.0,62737.07
1662042,IT,DK,CHEM1,RAWMI,0.01,6273.498,3,3,6273.498,0.0,0.0,0.0,0.0,627349.8
1757171,IT,BR,CHEMI,FABRI,0.01,6273.423,3,3,6273.423,0.0,0.0,0.0,0.0,627342.3
1684834,IT,HU,FISHF,RECRE,0.01,6273.148,3,3,6273.148,0.0,0.0,0.0,0.0,627314.8
1812635,IT,WM,COPP1,MEATC,0.02,6272.703,3,3,6272.703,0.0,0.0,0.0,0.0,313635.15
1793624,IT,WL,DAIRY,MEAT4,0.03,6272.423,3,3,6272.423,0.0,0.0,0.0,0.0,209080.766667
1740657,IT,US,CRUDE,HEALT,0.01,6272.168,3,3,6272.168,0.0,0.0,0.0,0.0,627216.8
1678496,IT,FR,RECRE,MEMBE,0.08,6271.95,3,3,6271.95,0.0,0.0,0.0,0.0,78399.375
1642276,IT,AT,NONME,SALEM,0.01,6271.85,3,3,6271.85,0.0,0.0,0.0,0.0,627185.0
1662802,IT,DK,FURNI,TRANS,0.02,6271.819,3,3,6271.819,0.0,0.0,0.0,0.0,313590.95
1676291,IT,FR,SALEM,WASTE,0.05,6271.48,3,3,6271.48,0.0,0.0,0.0,0.0,125429.6
1645136,IT,BE,PRINT,TOBAC,0.06,6271.326,3,3,6271.326,0.0,0.0,0.0,0.0,104522.1
1801655,IT,WE,FURNI,LIQUE,0.02,6271.257,3,3,6271.257,0.0,0.0,0.0,0.0,313562.85
1759961,IT,BR,PLAS1,INSUR,0.02,6271.041,3,3,6271.041,0.0,0.0,0.0,0.0,313552.05
1763001,IT,MX,FOOD5,WHOLE,0.03,6270.833,3,3,6270.833,0.0,0.0,0.0,0.0,209027.766667
1767001,IT,RU,MOTO1,INERT,0.03,6270.824,3,3,6270.824,0.0,0.0,0.0,0.0,209027.466667
1768524,IT,AU,FOOD5,FABRI,0.03,6270.821,3,3,6270.821,0.0,0.0,0.0,0.0,209027.366667
1672885,IT,FR,VEGE1,TRANS,0.02,6270.737,3,3,6270.737,0.0,0.0,0.0,0.0,313536.85
1727208,IT,RO,SUPPO,FISHF,0.05,6270.719,3,3,6270.719,0.0,0.0,0.0,0.0,125414.38
1652306,IT,CZ,BEVER,MACHI,0.03,6270.441,3,3,6270.441,0.0,0.0,0.0,0.0,209014.7
1684616,IT,HR,FOOD4,SUGAR,0.05,6270.294,3,3,6270.294,0.0,0.0,0.0,0.0,125405.88
1769986,IT,AU,TRANS,COMPU,0.04,6270.235,3,3,6270.235,0.0,0.0,0.0,0.0,156755.875
1726837,IT,RO,WHOLE,FOOD3,0.05,6269.973,3,3,6269.973,0.0,0.0,0.0,0.0,125399.46
1739324,IT,GB,HOTEL,PUBLI,0.05,6269.951,3,3,6269.951,0.0,0.0,0.0,0.0,125399.02
1801286,IT,WE,MACHI,NICKE,0.03,6269.882,3,3,6269.882,0.0,0.0,0.0,0.0,208996.066667
1752768,IT,CA,WOODW,NONF1,0.02,6269.805,3,3,6269.805,0.0,0.0,0.0,0.0,313490.25
1689745,IT,IE,FINAN,LANDT,0.08,6269.684,3,3,6269.684,0.0,0.0,0.0,0.0,78371.05
1688814,IT,IE,GLASS,BUSIN,0.02,6269.508,3,3,6269.508,0.0,0.0,0.0,0.0,313475.4
1781385,IT,NO,PROCE,FISHF,0.04,6269.485,3,3,6269.485,0.0,0.0,0.0,0.0,156737.125
1786738,IT,ZA,RETA1,RETA1,0.07,6269.342,3,3,6269.342,0.0,0.0,0.0,0.0,89562.028571
1803394,IT,WF,CHEMI,RETA1,0.01,6269.082,3,3,6269.082,0.0,0.0,0.0,0.0,626908.2
1772479,IT,CH,BIODI,SALEM,0.01,6269.075,3,3,6269.075,0.0,0.0,0.0,0.0,626907.5
1644821,IT,BE,TEXTI,CEMEN,0.04,6269.055,3,3,6269.055,0.0,0.0,0.0,0.0,156726.375
1765881,IT,RU,PLAST,BEVER,0.01,6269.034,3,3,6269.034,0.0,0.0,0.0,0.0,626903.4
1770011,IT,AU,FURNI,MACHI,0.02,6268.713,3,3,6268.713,0.0,0.0,0.0,0.0,313435.65
1683151,IT,HR,GLASS,MEATA,0.02,6268.254,3,3,6268.254,0.0,0.0,0.0,0.0,313412.7
1663935,IT,EE,WOODW,MOTO1,0.02,6267.953,3,3,6267.953,0.0,0.0,0.0,0.0,313397.65
1798375,IT,WE,FISHF,SUGA1,0.01,6267.403,3,3,6267.403,0.0,0.0,0.0,0.0,626740.3
1783762,IT,NO,PAPE4,RETAI,0.04,6267.326,3,3,6267.326,0.0,0.0,0.0,0.0,156683.15
1712365,IT,LV,GLASS,MEAT1,0.02,6267.292,3,3,6267.292,0.0,0.0,0.0,0.0,313364.6
1646599,IT,BE,MOTO1,CONST,0.03,6267.147,3,3,6267.147,0.0,0.0,0.0,0.0,208904.9
1812575,IT,WM,ALUM1,MEMBE,0.01,6266.91,3,3,6266.91,0.0,0.0,0.0,0.0,626691.0
1682173,IT,HR,TEXTI,TEXT2,0.04,6266.76,3,3,6266.76,0.0,0.0,0.0,0.0,156669.0
1769622,IT,AU,FABRI,WEARI,0.03,6266.232,3,3,6266.232,0.0,0.0,0.0,0.0,208874.4
1656356,IT,DE,WOODW,TOBAC,0.02,6266.173,3,3,6266.173,0.0,0.0,0.0,0.0,313308.65
1672628,IT,FR,CRUDE,FISH5,0.01,6265.987,3,3,6265.987,0.0,0.0,0.0,0.0,626598.7
1675563,IT,FR,MOTO1,LEATH,0.03,6265.897,3,3,6265.897,0.0,0.0,0.0,0.0,208863.233333
1757170,IT,BR,CHEMI,NONME,0.01,6265.436,3,3,6265.436,0.0,0.0,0.0,0.0,626543.6
1710579,IT,LT,BUSIN,RETA1,0.06,6265.152,3,3,6265.152,0.0,0.0,0.0,0.0,104419.2
1807456,IT,WF,AUXIL,COMPU,0.11,6264.634,3,3,6264.634,0.0,0.0,0.0,0.0,56951.218182
1711779,IT,LU,PUBLI,RUBBE,0.1,6264.605,3,3,6264.605,0.0,0.0,0.0,0.0,62646.05
1772035,IT,CH,PRINT,GLASS,0.06,6264.335,3,3,6264.335,0.0,0.0,0.0,0.0,104405.583333
1716817,IT,NL,HOTEL,CROPS,0.05,6264.13,3,3,6264.13,0.0,0.0,0.0,0.0,125282.6
1661922,IT,DK,PRINT,SUPPO,0.06,6263.856,3,3,6263.856,0.0,0.0,0.0,0.0,104397.6
1759951,IT,BR,PLAS1,SALEM,0.02,6263.742,3,3,6263.742,0.0,0.0,0.0,0.0,313187.1
1720995,IT,PL,RETA1,LANDT,0.07,6263.63,3,3,6263.63,0.0,0.0,0.0,0.0,89480.428571
1807510,IT,WF,RENTI,TEXTI,0.04,6263.228,3,3,6263.228,0.0,0.0,0.0,0.0,156580.7
1737062,IT,GB,SANDC,REALE,0.01,6263.016,4,4,6262.016,0.0,0.0,1.0,0.0,626301.6
1717615,IT,NL,BUSIN,CROPS,0.06,6262.9,3,3,6262.9,0.0,0.0,0.0,0.0,104381.666667
1756635,IT,KR,LANDT,WEARI,0.04,6262.25,3,3,6262.25,0.0,0.0,0.0,0.0,156556.25
1759195,IT,BR,SUPPO,PAPER,0.05,6262.173,3,3,6262.173,0.0,0.0,0.0,0.0,125243.46
1772058,IT,CH,PRINT,COLLE,0.06,6262.099,3,3,6262.099,0.0,0.0,0.0,0.0,104368.316667
1791426,IT,WA,WHOLE,LEATH,0.05,6261.551,3,3,6261.551,0.0,0.0,0.0,0.0,125231.02
1657346,IT,DE,BIODI,CATTL,0.01,6261.456,3,3,6261.456,0.0,0.0,0.0,0.0,626145.6
1729969,IT,SE,CONST,SUPPO,0.04,6261.126,3,3,6261.126,0.0,0.0,0.0,0.0,156528.15
1683593,IT,HR,COPP1,LANDT,0.02,6260.827,3,3,6260.827,0.0,0.0,0.0,0.0,313041.35
1784068,IT,ID,LEATH,VEGET,0.04,6260.749,3,3,6260.749,0.0,0.0,0.0,0.0,156518.725
1670424,IT,FI,FOOD5,PFERT,0.03,6260.67,3,3,6260.67,0.0,0.0,0.0,0.0,208689.0
1774399,IT,CH,HOTEL,WOOD2,0.05,6260.625,3,3,6260.625,0.0,0.0,0.0,0.0,125212.5
1808734,IT,WF,TEXT2,HOTEL,0.05,6260.562,3,3,6260.562,0.0,0.0,0.0,0.0,125211.24
1748580,IT,CN,VEGE1,NONF1,0.02,6260.415,3,3,6260.415,0.0,0.0,0.0,0.0,313020.75
1778229,IT,TR,FURNI,TRAN2,0.02,6260.386,3,3,6260.386,0.0,0.0,0.0,0.0,313019.3
1727383,IT,RO,FINAN,BEVER,0.08,6260.279,3,3,6260.279,0.0,0.0,0.0,0.0,78253.4875
1802626,IT,WE,REALE,WEARI,0.26,6259.97,3,3,6259.97,0.0,0.0,0.0,0.0,24076.807692
1808224,IT,WF,FOOD1,HOTEL,0.03,6259.821,3,3,6259.821,0.0,0.0,0.0,0.0,208660.7
1655816,IT,DE,VEGE1,PRINT,0.02,6259.58,3,3,6259.58,0.0,0.0,0.0,0.0,312979.0
1714512,IT,NL,CRUDE,COALT,0.01,6259.417,3,3,6259.417,0.0,0.0,0.0,0.0,625941.7
1720941,IT,PL,WHOLE,BITUM,0.05,6259.015,3,3,6259.015,0.0,0.0,0.0,0.0,125180.3
1781857,IT,NO,PLAST,INTER,0.01,6258.866,3,3,6258.866,0.0,0.0,0.0,0.0,625886.6
1740581,IT,US,MEATA,RAWMI,0.03,6257.953,3,3,6257.953,0.0,0.0,0.0,0.0,208598.433333
1668305,IT,ES,WHOLE,RADIO,0.05,6257.93,3,3,6257.93,0.0,0.0,0.0,0.0,125158.6
1805252,IT,WF,CHEM1,TRAN2,0.01,6257.668,3,3,6257.668,0.0,0.0,0.0,0.0,625766.8
1748451,IT,CN,STONE,GASDI,0.02,6257.411,3,3,6257.411,0.0,0.0,0.0,0.0,312870.55
1749991,IT,CN,CEMEN,MACHI,0.01,6257.304,3,3,6257.304,0.0,0.0,0.0,0.0,625730.4
1690188,IT,IE,BUSIN,KEROS,0.06,6257.192,3,3,6257.192,0.0,0.0,0.0,0.0,104286.533333
1738940,IT,GB,FURNI,FOODW,0.02,6256.984,3,3,6256.984,0.0,0.0,0.0,0.0,312849.2
1752029,IT,CN,RESEA,INLAN,0.03,6256.928,3,3,6256.928,0.0,0.0,0.0,0.0,208564.266667
1716832,IT,NL,HOTEL,SUGA1,0.05,6256.796,3,3,6256.796,0.0,0.0,0.0,0.0,125135.92
1676863,IT,FR,LANDT,FOOD1,0.04,6256.756,3,3,6256.756,0.0,0.0,0.0,0.0,156418.9
1687739,IT,HU,SUPPO,ELECT,0.04,6256.675,3,3,6256.675,0.0,0.0,0.0,0.0,156416.875
1808141,IT,WF,WOOD1,RECRE,0.04,6256.376,3,3,6256.376,0.0,0.0,0.0,0.0,156409.4
1660514,IT,DE,INSUR,SALEM,0.13,6255.887,3,3,6255.887,0.0,0.0,0.0,0.0,48122.207692
1768176,IT,RU,PUBLI,STEAM,0.1,6255.803,3,3,6255.803,0.0,0.0,0.0,0.0,62558.03
1800077,IT,WE,NAPHT,NONFE,0.01,6255.712,3,3,6255.712,0.0,0.0,0.0,0.0,625571.2
1666470,IT,ES,PLAST,FOOD5,0.01,6255.649,3,3,6255.649,0.0,0.0,0.0,0.0,625564.9
1772323,IT,CH,PLAST,BASIC,0.01,6255.429,3,3,6255.429,0.0,0.0,0.0,0.0,625542.9
1716941,IT,NL,RAILW,BIODI,0.04,6255.25,3,3,6255.25,0.0,0.0,0.0,0.0,156381.25
1685455,IT,HU,WOODW,ELEC7,0.02,6254.989,3,3,6254.989,0.0,0.0,0.0,0.0,312749.45
1663876,IT,EE,WEARI,RUBBE,0.05,6254.914,3,3,6254.914,0.0,0.0,0.0,0.0,125098.28
1668453,IT,ES,RETA1,FOODW,0.07,6254.815,3,3,6254.815,0.0,0.0,0.0,0.0,89354.5
1800453,IT,WE,BIODI,EDUCA,0.01,6254.257,3,3,6254.257,0.0,0.0,0.0,0.0,625425.7
1765043,IT,MX,INSUR,RADIO,0.13,6253.81,3,3,6253.81,0.0,0.0,0.0,0.0,48106.230769
1669210,IT,ES,POSTT,SEACO,0.1,6253.57,3,3,6253.57,0.0,0.0,0.0,0.0,62535.7
1797087,IT,WL,POSTT,POULT,0.1,6253.384,3,3,6253.384,0.0,0.0,0.0,0.0,62533.84
1717528,IT,NL,RENTI,BIODI,0.04,6253.279,3,3,6253.279,0.0,0.0,0.0,0.0,156331.975
1750202,IT,CN,LEAD1,TEXTI,0.01,6253.265,3,3,6253.265,0.0,0.0,0.0,0.0,625326.5
1665238,IT,ES,BEVER,CROPS,0.03,6253.216,3,3,6253.216,0.0,0.0,0.0,0.0,208440.533333
1806716,IT,WF,WHOLE,NONME,0.05,6252.973,3,3,6252.973,0.0,0.0,0.0,0.0,125059.46
1646627,IT,BE,TRANS,FABRI,0.04,6252.758,3,3,6252.758,0.0,0.0,0.0,0.0,156318.95
1762807,IT,IN,PUBLI,PAPER,0.1,6252.498,3,3,6252.498,0.0,0.0,0.0,0.0,62524.98
1742380,IT,US,NONME,LEAD1,0.01,6252.49,3,3,6252.49,0.0,0.0,0.0,0.0,625249.0
1643673,IT,AT,SUPPO,IRONO,0.04,6252.485,3,3,6252.485,0.0,0.0,0.0,0.0,156312.125
1739530,IT,GB,LANDT,WOOD1,0.04,6252.344,3,3,6252.344,0.0,0.0,0.0,0.0,156308.6
1679279,IT,GR,HEAVY,WHEAT,0.01,6252.07,3,3,6252.07,0.0,0.0,0.0,0.0,625207.0
1750701,IT,CN,MOTO1,DIST1,0.03,6251.974,3,3,6251.974,0.0,0.0,0.0,0.0,208399.133333
1802656,IT,WE,RENTI,GASDI,0.04,6251.772,3,3,6251.772,0.0,0.0,0.0,0.0,156294.3
1742617,IT,US,ALUM1,FOOD4,0.01,6251.711,3,3,6251.711,0.0,0.0,0.0,0.0,625171.1
1812860,IT,WM,FABRI,ELEC1,0.03,6251.669,3,3,6251.669,0.0,0.0,0.0,0.0,208388.966667
1805943,IT,WF,LEAD1,HOTEL,0.01,6251.472,3,3,6251.472,0.0,0.0,0.0,0.0,625147.2
1797873,IT,WL,FOOD3,WHOLE,0.02,6251.289,3,3,6251.289,0.0,0.0,0.0,0.0,312564.45
1801321,IT,WE,MACHI,REFI1,0.03,6250.957,3,3,6250.957,0.0,0.0,0.0,0.0,208365.233333
1766298,IT,RU,CEMEN,PFERT,0.01,6250.919,3,3,6250.919,0.0,0.0,0.0,0.0,625091.9
1798553,IT,WE,CHEMI,TEXTI,0.01,6250.61,3,3,6250.61,0.0,0.0,0.0,0.0,625061.0
1671693,IT,FI,SALEM,FISHF,0.05,6250.573,3,3,6250.573,0.0,0.0,0.0,0.0,125011.46
1734303,IT,SI,BUSIN,CEMEN,0.06,6250.466,3,3,6250.466,0.0,0.0,0.0,0.0,104174.433333
1662836,IT,DK,SALEM,BUSIN,0.05,6250.416,3,3,6250.416,0.0,0.0,0.0,0.0,125008.32
1797674,IT,WL,PAPE1,EDUCA,0.04,6250.35,3,3,6250.35,0.0,0.0,0.0,0.0,156258.75
1812028,IT,WM,GLASS,FOOD4,0.02,6250.347,3,3,6250.347,0.0,0.0,0.0,0.0,312517.35
1679358,IT,GR,PLAST,HEAVY,0.01,6250.131,3,3,6250.131,0.0,0.0,0.0,0.0,625013.1
1745711,IT,JP,WEARI,MEAT1,0.05,6250.005,3,3,6250.005,0.0,0.0,0.0,0.0,125000.1
1645147,IT,BE,PRINT,HEAVY,0.06,6249.433,3,3,6249.433,0.0,0.0,0.0,0.0,104157.216667
1684822,IT,HU,FISHF,DIST1,0.01,6249.03,3,3,6249.03,0.0,0.0,0.0,0.0,624903.0
1657361,IT,DE,BIODI,SUPPO,0.01,6248.853,3,3,6248.853,0.0,0.0,0.0,0.0,624885.3
1736105,IT,SK,CONST,RUBBE,0.03,6248.533,3,3,6248.533,0.0,0.0,0.0,0.0,208284.433333
1809008,IT,WM,VEGET,BITU1,0.02,6248.309,3,3,6248.309,0.0,0.0,0.0,0.0,312415.45
1798537,IT,WE,SANDC,FORES,0.01,6248.281,4,4,6247.281,0.0,0.0,1.0,0.0,624828.1
1677883,IT,FR,BUSIN,NFERT,0.06,6248.035,3,3,6248.035,0.0,0.0,0.0,0.0,104133.916667
1683850,IT,HR,MOTO1,SECO9,0.03,6248.021,3,3,6248.021,0.0,0.0,0.0,0.0,208267.366667
1800436,IT,WE,ADDIT,RESEA,0.01,6247.925,3,3,6247.925,0.0,0.0,0.0,0.0,624792.5
1747301,IT,JP,WHOLE,ELE11,0.05,6247.522,3,3,6247.522,0.0,0.0,0.0,0.0,124950.44
1754340,IT,CA,INSUR,TRANS,0.13,6247.426,3,3,6247.426,0.0,0.0,0.0,0.0,48057.123077
1716671,IT,NL,WHOLE,PLAST,0.05,6247.124,3,3,6247.124,0.0,0.0,0.0,0.0,124942.48
1710311,IT,LT,FURNI,MEDIC,0.02,6247.106,3,3,6247.106,0.0,0.0,0.0,0.0,312355.3
1686767,IT,HU,FABRI,VEGET,0.03,6247.005,3,3,6247.005,0.0,0.0,0.0,0.0,208233.5
1714979,IT,NL,FISH5,PUBLI,0.03,6246.665,4,4,6246.662,0.0,0.0,0.0,0.003,208222.166667
1724507,IT,PT,POSTT,BEVER,0.1,6246.573,3,3,6246.573,0.0,0.0,0.0,0.0,62465.73
1761834,IT,IN,MOTO1,FABRI,0.03,6246.554,3,3,6246.554,0.0,0.0,0.0,0.0,208218.466667
1688698,IT,IE,CHEM1,NONF1,0.01,6246.514,3,3,6246.514,0.0,0.0,0.0,0.0,624651.4
1654282,IT,CZ,FURNI,PUBLI,0.02,6246.209,3,3,6246.209,0.0,0.0,0.0,0.0,312310.45
1663874,IT,EE,WEARI,WOODW,0.05,6245.879,3,3,6245.879,0.0,0.0,0.0,0.0,124917.58
1740765,IT,US,MEAT4,FURNI,0.03,6245.657,3,3,6245.657,0.0,0.0,0.0,0.0,208188.566667
1729184,IT,SE,GLASS,WOOD2,0.02,6245.519,3,3,6245.519,0.0,0.0,0.0,0.0,312275.95
1767958,IT,RU,COMPU,BASIC,0.07,6245.466,3,3,6245.466,0.0,0.0,0.0,0.0,89220.942857
1662767,IT,DK,MOTO1,RUBBE,0.03,6244.955,3,3,6244.955,0.0,0.0,0.0,0.0,208165.166667
1741990,IT,US,ADDIT,COKIN,0.01,6244.713,3,3,6244.713,0.0,0.0,0.0,0.0,624471.3
1759647,IT,BR,RESEA,NONF1,0.03,6244.687,3,3,6244.687,0.0,0.0,0.0,0.0,208156.233333
1788564,IT,WA,PAPER,BRICK,0.02,6244.501,3,3,6244.501,0.0,0.0,0.0,0.0,312225.05
1712566,IT,LV,MACHI,BASIC,0.03,6244.198,3,3,6244.198,0.0,0.0,0.0,0.0,208139.933333
1811425,IT,WM,PLAST,COKEO,0.01,6244.193,3,3,6244.193,0.0,0.0,0.0,0.0,624419.3
1644911,IT,BE,LEATH,DIST1,0.04,6243.62,3,3,6243.62,0.0,0.0,0.0,0.0,156090.5
1732260,IT,SI,LIQUE,ELEC4,0.01,6243.363,3,3,6243.363,0.0,0.0,0.0,0.0,624336.3
1716767,IT,NL,RETA1,MACHI,0.07,6242.757,3,3,6242.757,0.0,0.0,0.0,0.0,89182.242857
1655567,IT,DE,STONE,RESEA,0.02,6242.714,3,3,6242.714,0.0,0.0,0.0,0.0,312135.7
1723817,IT,PT,MOTO1,LEATH,0.03,6242.611,3,3,6242.611,0.0,0.0,0.0,0.0,208087.033333
1806795,IT,WF,RETA1,FISH5,0.07,6242.489,3,3,6242.489,0.0,0.0,0.0,0.0,89178.414286
1709584,IT,LT,PAPER,FOOD5,0.02,6242.393,3,3,6242.393,0.0,0.0,0.0,0.0,312119.65
1680208,IT,GR,TRANS,PAPER,0.04,6240.829,3,3,6240.829,0.0,0.0,0.0,0.0,156020.725
1652409,IT,CZ,TEXTI,ALUM1,0.04,6240.722,3,3,6240.722,0.0,0.0,0.0,0.0,156018.05
1713379,IT,MT,LIQUE,PRINT,0.01,6240.605,3,3,6240.605,0.0,0.0,0.0,0.0,624060.5
1727442,IT,RO,FINAN,MEMBE,0.08,6240.533,3,3,6240.533,0.0,0.0,0.0,0.0,78006.6625
1653201,IT,CZ,RUBBE,PIGS9,0.02,6240.376,3,3,6240.376,0.0,0.0,0.0,0.0,312018.8
1780240,IT,TW,LANDT,PIGS9,0.04,6240.316,3,3,6240.316,0.0,0.0,0.0,0.0,156007.9
1643317,IT,AT,RAILW,PRINT,0.04,6240.272,3,3,6240.272,0.0,0.0,0.0,0.0,156006.8
1716378,IT,NL,MACHI,PULP5,0.03,6240.088,3,3,6240.088,0.0,0.0,0.0,0.0,208002.933333
1644143,IT,AT,FOOD2,DIST1,0.04,6239.899,3,3,6239.899,0.0,0.0,0.0,0.0,155997.475
1741341,IT,US,PAPER,WASTE,0.02,6239.698,3,3,6239.698,0.0,0.0,0.0,0.0,311984.9
1661322,IT,DK,CHEMI,FABRI,0.01,6239.316,3,3,6239.316,0.0,0.0,0.0,0.0,623931.6
1776964,IT,TR,PLAST,RECRE,0.01,6239.237,3,3,6239.237,0.0,0.0,0.0,0.0,623923.7
1651941,IT,CY,BUSIN,CEMEN,0.06,6239.005,3,3,6239.005,0.0,0.0,0.0,0.0,103983.416667
1654668,IT,CZ,LANDT,COPP1,0.04,6238.807,3,3,6238.807,0.0,0.0,0.0,0.0,155970.175
1689395,IT,IE,RETA1,93197,0.07,6238.802,3,3,6238.802,0.0,0.0,0.0,0.0,89125.742857
1670929,IT,FI,CHEM1,HEAVY,0.01,6238.371,3,3,6238.371,0.0,0.0,0.0,0.0,623837.1
1650023,IT,BG,MACHI,LEATH,0.03,6238.112,3,3,6238.112,0.0,0.0,0.0,0.0,207937.066667
1682380,IT,HR,PULP5,WHOLE,0.02,6238.099,3,3,6238.099,0.0,0.0,0.0,0.0,311904.95
1664710,IT,EE,SUPPO,FISHF,0.04,6238.09,3,3,6238.09,0.0,0.0,0.0,0.0,155952.25
1808372,IT,WF,WASTE,MEATA,0.02,6237.792,3,3,6237.792,0.0,0.0,0.0,0.0,311889.6
1782149,IT,NO,NONME,KERO1,0.01,6237.791,3,3,6237.791,0.0,0.0,0.0,0.0,623779.1
1765560,IT,RU,LEATH,MEDIC,0.04,6237.536,3,3,6237.536,0.0,0.0,0.0,0.0,155938.4
1784110,IT,ID,WOODW,RUBBE,0.02,6237.502,3,3,6237.502,0.0,0.0,0.0,0.0,311875.1
1650808,IT,BG,LANDT,CHEMI,0.04,6236.681,3,3,6236.681,0.0,0.0,0.0,0.0,155917.025
1770023,IT,AU,FURNI,RAILW,0.02,6236.004,3,3,6236.004,0.0,0.0,0.0,0.0,311800.2
1806917,IT,WF,RAILW,NATUR,0.04,6235.765,3,3,6235.765,0.0,0.0,0.0,0.0,155894.125
1717420,IT,NL,INSUR,DIST1,0.13,6235.482,3,3,6235.482,0.0,0.0,0.0,0.0,47965.246154
1759632,IT,BR,RESEA,WOODW,0.03,6235.402,3,3,6235.402,0.0,0.0,0.0,0.0,207846.733333
1730099,IT,SE,RETA1,FINAN,0.07,6235.279,3,3,6235.279,0.0,0.0,0.0,0.0,89075.414286
1672630,IT,FR,CRUDE,PRINT,0.01,6234.768,3,3,6234.768,0.0,0.0,0.0,0.0,623476.8
1801510,IT,WE,MOTO1,STEAM,0.03,6234.717,3,3,6234.717,0.0,0.0,0.0,0.0,207823.9
1800968,IT,WE,ALUM1,PLAST,0.01,6234.63,3,3,6234.63,0.0,0.0,0.0,0.0,623463.0
1759014,IT,BR,LANDT,RAILW,0.04,6234.39,3,3,6234.39,0.0,0.0,0.0,0.0,155859.75
1745896,IT,JP,LEATH,SEACO,0.04,6234.283,3,3,6234.283,0.0,0.0,0.0,0.0,155857.075
1799309,IT,WE,WOODW,FORES,0.02,6234.241,3,3,6234.241,0.0,0.0,0.0,0.0,311712.05
1726342,IT,RO,ALUM1,NONME,0.01,6233.596,3,3,6233.596,0.0,0.0,0.0,0.0,623359.6
1725454,IT,RO,WEARI,NATUR,0.05,6233.518,3,3,6233.518,0.0,0.0,0.0,0.0,124670.36
1755883,IT,KR,NONME,WHOLE,0.01,6233.388,3,3,6233.388,0.0,0.0,0.0,0.0,623338.8
1642879,IT,AT,MOTO1,RAILW,0.03,6232.685,3,3,6232.685,0.0,0.0,0.0,0.0,207756.166667
1733290,IT,SI,OFFIC,RESEA,0.02,6232.567,3,3,6232.567,0.0,0.0,0.0,0.0,311628.35
1745237,IT,JP,STONE,COMPU,0.02,6232.54,3,3,6232.54,0.0,0.0,0.0,0.0,311627.0
1724211,IT,PT,HOTEL,RENTI,0.05,6232.444,3,3,6232.444,0.0,0.0,0.0,0.0,124648.88
1649794,IT,BG,PREC1,TEXTI,0.01,6232.023,3,3,6232.023,0.0,0.0,0.0,0.0,623202.3
1767350,IT,RU,RAILW,SALEM,0.04,6231.853,3,3,6231.853,0.0,0.0,0.0,0.0,155796.325
1677735,IT,FR,RENTI,INTER,0.04,6231.806,3,3,6231.806,0.0,0.0,0.0,0.0,155795.15
1721868,IT,PL,REALE,COMPU,0.26,6231.198,3,3,6231.198,0.0,0.0,0.0,0.0,23966.146154
1743770,IT,US,LANDT,BIODI,0.04,6231.17,3,3,6231.17,0.0,0.0,0.0,0.0,155779.25
1668644,IT,ES,RAILW,CONST,0.04,6231.006,3,3,6231.006,0.0,0.0,0.0,0.0,155775.15
1752197,IT,CN,PUBLI,SECO9,0.1,6230.976,3,3,6230.976,0.0,0.0,0.0,0.0,62309.76
1759894,IT,BR,PAPE1,FURNI,0.04,6230.806,3,3,6230.806,0.0,0.0,0.0,0.0,155770.15
1671949,IT,FI,LANDT,WHITE,0.04,6230.77,3,3,6230.77,0.0,0.0,0.0,0.0,155769.25
1805313,IT,WF,BIODI,HEALT,0.01,6230.748,3,3,6230.748,0.0,0.0,0.0,0.0,623074.8
1716845,IT,NL,HOTEL,KEROS,0.05,6230.394,3,3,6230.394,0.0,0.0,0.0,0.0,124607.88
1715775,IT,NL,BIODI,SALEM,0.01,6230.214,3,3,6230.214,0.0,0.0,0.0,0.0,623021.4
1725287,IT,RO,BEVER,DAIRY,0.03,6230.092,3,3,6230.092,0.0,0.0,0.0,0.0,207669.733333
1756595,IT,KR,RAILW,COALT,0.04,6229.843,3,3,6229.843,0.0,0.0,0.0,0.0,155746.075
1677246,IT,FR,FINAN,PIGS9,0.08,6229.688,3,3,6229.688,0.0,0.0,0.0,0.0,77871.1
1794896,IT,WL,CHEM1,WOOLS,0.01,6229.659,3,3,6229.659,0.0,0.0,0.0,0.0,622965.9
1771825,IT,CH,WOODW,KEROS,0.02,6229.656,3,3,6229.656,0.0,0.0,0.0,0.0,311482.8
1650798,IT,BG,LANDT,PIGS9,0.04,6229.176,3,3,6229.176,0.0,0.0,0.0,0.0,155729.4
1809732,IT,WM,SUGA1,PUBLI,0.02,6229.157,3,3,6229.157,0.0,0.0,0.0,0.0,311457.85
1757911,IT,BR,CHEM1,DISTR,0.01,6229.102,3,3,6229.102,0.0,0.0,0.0,0.0,622910.2
1766241,IT,RU,GLASS,RENTI,0.02,6228.84,3,3,6228.84,0.0,0.0,0.0,0.0,311442.0
1661381,IT,DK,MEAT4,FOOD5,0.03,6228.524,3,3,6228.524,0.0,0.0,0.0,0.0,207617.466667
1645114,IT,BE,PAPER,PAPE1,0.02,6227.967,3,3,6227.967,0.0,0.0,0.0,0.0,311398.35
1772308,IT,CH,PLAST,PULP5,0.01,6227.825,3,3,6227.825,0.0,0.0,0.0,0.0,622782.5
1716782,IT,NL,RETA1,STEAM,0.07,6227.704,3,3,6227.704,0.0,0.0,0.0,0.0,88967.2
1795584,IT,WL,COPP1,EDUCA,0.02,6227.084,3,3,6227.084,0.0,0.0,0.0,0.0,311354.2
1807763,IT,WF,PUBLI,RETA1,0.1,6227.065,3,3,6227.065,0.0,0.0,0.0,0.0,62270.65
1801768,IT,WE,ELEC4,CROPS,0.1,6226.849,3,3,6226.849,0.0,0.0,0.0,0.0,62268.49
1664499,IT,EE,MOTO1,RETAI,0.03,6226.793,3,3,6226.793,0.0,0.0,0.0,0.0,207559.766667
1687437,IT,HU,RAILW,PAPER,0.04,6226.527,3,3,6226.527,0.0,0.0,0.0,0.0,155663.175
1645015,IT,BE,PULP5,ELECT,0.02,6226.256,3,3,6226.256,0.0,0.0,0.0,0.0,311312.8
1648470,IT,BG,VEGET,CONST,0.02,6226.216,3,3,6226.216,0.0,0.0,0.0,0.0,311310.8
1759367,IT,BR,FINAN,WHOLE,0.08,6226.207,3,3,6226.207,0.0,0.0,0.0,0.0,77827.5875
1767948,IT,RU,COMPU,PRINT,0.07,6225.691,3,3,6225.691,0.0,0.0,0.0,0.0,88938.442857
1716866,IT,NL,HOTEL,FOUND,0.05,6225.557,3,3,6225.557,0.0,0.0,0.0,0.0,124511.14
1762405,IT,IN,POSTT,TRANS,0.1,6225.528,3,3,6225.528,0.0,0.0,0.0,0.0,62255.28
1755429,IT,KR,HEAVY,MOTO1,0.01,6225.495,3,3,6225.495,0.0,0.0,0.0,0.0,622549.5
1771119,IT,CH,SANDC,WHOLE,0.01,6225.349,4,4,6224.349,0.0,0.0,1.0,0.0,622534.9
1782287,IT,NO,COPP1,PAPER,0.02,6224.913,3,3,6224.913,0.0,0.0,0.0,0.0,311245.65
1765222,IT,RU,CROPS,CATTL,0.05,6224.876,3,3,6224.876,0.0,0.0,0.0,0.0,124497.52
1766973,IT,RU,MOTO1,TRAN1,0.03,6224.506,3,3,6224.506,0.0,0.0,0.0,0.0,207483.533333
1771664,IT,CH,WEARI,TRANS,0.05,6224.48,3,3,6224.48,0.0,0.0,0.0,0.0,124489.6
1724251,IT,PT,LANDT,MEATP,0.04,6224.262,3,3,6224.262,0.0,0.0,0.0,0.0,155606.55
1647047,IT,BE,RETA1,FOOD2,0.06,6224.2,3,3,6224.2,0.0,0.0,0.0,0.0,103736.666667
1646784,IT,BE,CONST,RECRE,0.03,6223.839,3,3,6223.839,0.0,0.0,0.0,0.0,207461.3
1715951,IT,NL,GLASS,RECRE,0.02,6223.71,3,3,6223.71,0.0,0.0,0.0,0.0,311185.5
1662749,IT,DK,OFFIC,HOTEL,0.02,6223.703,3,3,6223.703,0.0,0.0,0.0,0.0,311185.15
1677124,IT,FR,SUPPO,PLAS2,0.04,6223.542,3,3,6223.542,0.0,0.0,0.0,0.0,155588.55
1643503,IT,AT,LANDT,WASTE,0.04,6223.379,3,3,6223.379,0.0,0.0,0.0,0.0,155584.475
1813647,IT,WM,RETA1,PAPER,0.06,6222.835,3,3,6222.835,0.0,0.0,0.0,0.0,103713.916667
1737966,IT,GB,CHEM1,DIST1,0.01,6222.774,3,3,6222.774,0.0,0.0,0.0,0.0,622277.4
1801945,IT,WE,SALEM,HOTEL,0.05,6222.575,3,3,6222.575,0.0,0.0,0.0,0.0,124451.5
1741372,IT,US,PRINT,ELEC3,0.06,6222.422,3,3,6222.422,0.0,0.0,0.0,0.0,103707.033333
1734387,IT,SK,VEGET,MEATA,0.02,6222.287,3,3,6222.287,0.0,0.0,0.0,0.0,311114.35
1745432,IT,JP,DAIRY,DIST1,0.03,6222.197,3,3,6222.197,0.0,0.0,0.0,0.0,207406.566667
1776327,IT,TR,PAPER,ELEC2,0.02,6222.167,3,3,6222.167,0.0,0.0,0.0,0.0,311108.35
1760638,IT,IN,PULP5,FOUND,0.02,6222.022,3,3,6222.022,0.0,0.0,0.0,0.0,311101.1
1803651,IT,WF,FOOD5,AIRTR,0.03,6221.915,3,3,6221.915,0.0,0.0,0.0,0.0,207397.166667
1736008,IT,SK,TRANS,SALEM,0.04,6221.706,3,3,6221.706,0.0,0.0,0.0,0.0,155542.65
1736634,IT,SK,FINAN,CONST,0.08,6221.495,3,3,6221.495,0.0,0.0,0.0,0.0,77768.6875
1714545,IT,NL,CRUDE,MOTO1,0.01,6221.389,3,3,6221.389,0.0,0.0,0.0,0.0,622138.9
1750993,IT,CN,WHOLE,MEATA,0.05,6221.207,3,3,6221.207,0.0,0.0,0.0,0.0,124424.14
1672323,IT,FI,RESEA,PRINT,0.03,6221.177,3,3,6221.177,0.0,0.0,0.0,0.0,207372.566667
1641932,IT,AT,RUBBE,SUGAR,0.02,6220.434,3,3,6220.434,0.0,0.0,0.0,0.0,311021.7
1712083,IT,LV,BEVER,CONST,0.03,6220.329,3,3,6220.329,0.0,0.0,0.0,0.0,207344.3
1753818,IT,CA,WHOLE,PAPER,0.05,6220.311,3,3,6220.311,0.0,0.0,0.0,0.0,124406.22
1649588,IT,BG,RUBBE,93197,0.02,6219.693,3,3,6219.693,0.0,0.0,0.0,0.0,310984.65
1792907,IT,WA,HEALT,NFERT,0.03,6219.593,3,3,6219.593,0.0,0.0,0.0,0.0,207319.766667
1664906,IT,ES,CRUDE,PARAF,0.01,6219.206,3,3,6219.206,0.0,0.0,0.0,0.0,621920.6
1800451,IT,WE,BIODI,BUSIN,0.01,6219.069,3,3,6219.069,0.0,0.0,0.0,0.0,621906.9
1648689,IT,BG,FOOD5,CROPS,0.03,6218.796,3,3,6218.796,0.0,0.0,0.0,0.0,207293.2
1641698,IT,AT,PLAST,BIODI,0.01,6218.738,3,3,6218.738,0.0,0.0,0.0,0.0,621873.8
1758931,IT,BR,RAILW,SUGA1,0.04,6218.573,3,3,6218.573,0.0,0.0,0.0,0.0,155464.325
1743141,IT,US,MOTO1,TRAN1,0.03,6218.376,3,3,6218.376,0.0,0.0,0.0,0.0,207279.2
1677227,IT,FR,POSTT,SEWAG,0.1,6218.346,3,3,6218.346,0.0,0.0,0.0,0.0,62183.46
1658734,IT,DE,OFFIC,INLAN,0.02,6218.28,3,3,6218.28,0.0,0.0,0.0,0.0,310914.0
1729287,IT,SE,NONME,FISHF,0.01,6218.151,3,3,6218.151,0.0,0.0,0.0,0.0,621815.1
1754611,IT,KR,FORES,PFERT,0.05,6217.981,4,4,6215.981,0.0,2.0,0.0,0.0,124359.62
1689408,IT,IE,HOTEL,STONE,0.05,6217.771,3,3,6217.771,0.0,0.0,0.0,0.0,124355.42
1740979,IT,US,BEVER,FURNI,0.03,6217.6,3,3,6217.6,0.0,0.0,0.0,0.0,207253.333333
1668006,IT,ES,FURNI,CROPS,0.02,6217.249,3,3,6217.249,0.0,0.0,0.0,0.0,310862.45
1754234,IT,CA,POSTT,BASIC,0.1,6217.109,3,3,6217.109,0.0,0.0,0.0,0.0,62171.09
1736784,IT,SK,COMPU,PLAST,0.07,6217.095,3,3,6217.095,0.0,0.0,0.0,0.0,88815.642857
1658786,IT,DE,MOTO1,KEROS,0.03,6216.602,3,3,6216.602,0.0,0.0,0.0,0.0,207220.066667
1796180,IT,WL,FURNI,COKEO,0.02,6216.542,3,3,6216.542,0.0,0.0,0.0,0.0,310827.1
1656092,IT,DE,BEVER,RAILW,0.03,6216.341,3,3,6216.341,0.0,0.0,0.0,0.0,207211.366667
1710720,IT,LU,FOOD5,BUSIN,0.03,6216.335,3,3,6216.335,0.0,0.0,0.0,0.0,207211.166667
1725158,IT,RO,VEGE1,POULT,0.02,6216.062,3,3,6216.062,0.0,0.0,0.0,0.0,310803.1
1718171,IT,PL,DAIRY,VEGE1,0.03,6215.797,3,3,6215.797,0.0,0.0,0.0,0.0,207193.233333
1715168,IT,NL,LEATH,RECRE,0.04,6215.776,3,3,6215.776,0.0,0.0,0.0,0.0,155394.4
1803451,IT,WF,MEAT1,RETA1,0.03,6215.46,3,3,6215.46,0.0,0.0,0.0,0.0,207182.0
1683930,IT,HR,FURNI,RECRE,0.02,6215.31,3,3,6215.31,0.0,0.0,0.0,0.0,310765.5
1775955,IT,TR,FOOD5,EDUCA,0.03,6215.268,3,3,6215.268,0.0,0.0,0.0,0.0,207175.6
1649349,IT,BG,PLAST,SECO9,0.01,6214.92,3,3,6214.92,0.0,0.0,0.0,0.0,621492.0
1728351,IT,SE,TEXTI,PULP5,0.04,6214.875,3,3,6214.875,0.0,0.0,0.0,0.0,155371.875
1797733,IT,WL,INTER,FISH5,0.04,6214.635,3,3,6214.635,0.0,0.0,0.0,0.0,155365.875
1686939,IT,HU,MACHI,PREC1,0.03,6214.601,3,3,6214.601,0.0,0.0,0.0,0.0,207153.366667
1754881,IT,KR,FISH5,RESEA,0.03,6214.474,4,4,6214.471,0.0,0.0,0.0,0.003,207149.133333
1758919,IT,BR,HOTEL,PLAS2,0.05,6214.446,3,3,6214.446,0.0,0.0,0.0,0.0,124288.92
1799221,IT,WE,LEATH,NONFE,0.04,6214.397,3,3,6214.397,0.0,0.0,0.0,0.0,155359.925
1809612,IT,WM,DAIRY,FORES,0.03,6214.125,3,3,6214.125,0.0,0.0,0.0,0.0,207137.5
1769259,IT,AU,RUBBE,NONSP,0.02,6214.057,3,3,6214.057,0.0,0.0,0.0,0.0,310702.85
1752350,IT,CA,MEAT4,ETHAN,0.03,6214.049,3,3,6214.049,0.0,0.0,0.0,0.0,207134.966667
1798785,IT,WE,FOOD5,MOTOR,0.03,6214.011,3,3,6214.011,0.0,0.0,0.0,0.0,207133.7
1794137,IT,WL,PAPER,RENTI,0.02,6213.833,3,3,6213.833,0.0,0.0,0.0,0.0,310691.65
1740524,IT,GB,RECRE,POSTT,0.08,6213.824,3,3,6213.824,0.0,0.0,0.0,0.0,77672.8
1800094,IT,WE,NAPHT,PULP5,0.01,6213.812,3,3,6213.812,0.0,0.0,0.0,0.0,621381.2
1720881,IT,PL,CONST,WHOLE,0.03,6213.616,3,3,6213.616,0.0,0.0,0.0,0.0,207120.533333
1648576,IT,BG,SANDC,MEAT1,0.01,6213.6,4,4,6212.6,0.0,0.0,1.0,0.0,621360.0
1655784,IT,DE,MEAT4,FURNI,0.03,6213.592,3,3,6213.592,0.0,0.0,0.0,0.0,207119.733333
1718215,IT,PL,PROCE,MEAT1,0.04,6213.43,3,3,6213.43,0.0,0.0,0.0,0.0,155335.75
1734963,IT,SK,HEAVY,WHOLE,0.01,6213.315,3,3,6213.315,0.0,0.0,0.0,0.0,621331.5
1679845,IT,GR,ALUM1,SECO9,0.01,6213.258,3,3,6213.258,0.0,0.0,0.0,0.0,621325.8
1662785,IT,DK,TRANS,MACHI,0.04,6213.099,3,3,6213.099,0.0,0.0,0.0,0.0,155327.475
1758169,IT,BR,NONME,ELECT,0.01,6212.721,3,3,6212.721,0.0,0.0,0.0,0.0,621272.1
1790779,IT,WA,MACHI,PULP5,0.03,6212.693,3,3,6212.693,0.0,0.0,0.0,0.0,207089.766667
1769360,IT,AU,GLASS,MEMBE,0.02,6212.583,3,3,6212.583,0.0,0.0,0.0,0.0,310629.15
1743418,IT,US,SALEM,PLAS2,0.05,6212.224,3,3,6212.224,0.0,0.0,0.0,0.0,124244.48
1667755,IT,ES,OFFIC,MEATC,0.02,6212.195,3,3,6212.195,0.0,0.0,0.0,0.0,310609.75
1781393,IT,NO,PROCE,OFFIC,0.04,6212.181,3,3,6212.181,0.0,0.0,0.0,0.0,155304.525
1775711,IT,TR,CROPS,EDUCA,0.05,6211.971,3,3,6211.971,0.0,0.0,0.0,0.0,124239.42
1758661,IT,BR,FURNI,RAILW,0.02,6211.77,3,3,6211.77,0.0,0.0,0.0,0.0,310588.5
1683003,IT,HR,CHEM1,NFERT,0.01,6211.744,3,3,6211.744,0.0,0.0,0.0,0.0,621174.4
1725152,IT,RO,MEATP,HEALT,0.03,6211.177,3,3,6211.177,0.0,0.0,0.0,0.0,207039.233333
1679435,IT,GR,CHEM1,SANDC,0.01,6211.039,3,3,6211.039,0.0,0.0,0.0,0.0,621103.9
1710718,IT,LU,FOOD5,REALE,0.03,6210.562,3,3,6210.562,0.0,0.0,0.0,0.0,207018.733333
1777034,IT,TR,CHEM1,REFIN,0.01,6210.248,3,3,6210.248,0.0,0.0,0.0,0.0,621024.8
1814258,IT,WM,POSTT,CEMEN,0.1,6210.035,3,3,6210.035,0.0,0.0,0.0,0.0,62100.35
1794594,IT,WL,HEAVY,ELECT,0.01,6209.902,3,3,6209.902,0.0,0.0,0.0,0.0,620990.2
1807607,IT,WF,RESEA,RAWMI,0.03,6209.693,3,3,6209.693,0.0,0.0,0.0,0.0,206989.766667
1809809,IT,WM,FOOD5,RADIO,0.03,6209.403,3,3,6209.403,0.0,0.0,0.0,0.0,206980.1
1796459,IT,WL,RETA1,CROPS,0.06,6208.797,3,3,6208.797,0.0,0.0,0.0,0.0,103479.95
1645396,IT,BE,HEAVY,LANDT,0.01,6207.55,3,3,6207.55,0.0,0.0,0.0,0.0,620755.0
1795556,IT,WL,LEAD1,OFFIC,0.01,6207.489,3,3,6207.489,0.0,0.0,0.0,0.0,620748.9
1768288,IT,AU,VEGET,EDUCA,0.02,6207.37,3,3,6207.37,0.0,0.0,0.0,0.0,310368.5
1668276,IT,ES,WHOLE,PRINT,0.05,6206.621,3,3,6206.621,0.0,0.0,0.0,0.0,124132.42
1781557,IT,NO,TEXTI,FOODW,0.04,6206.593,3,3,6206.593,0.0,0.0,0.0,0.0,155164.825
1709314,IT,LT,SANDC,SUPPO,0.01,6206.37,4,4,6205.37,0.0,0.0,1.0,0.0,620637.0
1742406,IT,US,NONME,SEACO,0.01,6206.3,3,3,6206.3,0.0,0.0,0.0,0.0,620630.0
1658060,IT,DE,PREC1,GASWO,0.01,6206.002,3,3,6206.002,0.0,0.0,0.0,0.0,620600.2
1661450,IT,DK,DAIRY,LANDT,0.03,6205.835,3,3,6205.835,0.0,0.0,0.0,0.0,206861.166667
1724400,IT,PT,INLAN,RENTI,0.01,6205.438,3,3,6205.438,0.0,0.0,0.0,0.0,620543.8
1663884,IT,EE,WEARI,HOTEL,0.05,6205.165,3,3,6205.165,0.0,0.0,0.0,0.0,124103.3
1718693,IT,PL,WOODW,SALEM,0.02,6205.162,3,3,6205.162,0.0,0.0,0.0,0.0,310258.1
1675476,IT,FR,OFFIC,MOTOR,0.02,6205.136,3,3,6205.136,0.0,0.0,0.0,0.0,310256.8
1728443,IT,SE,WEARI,EDUCA,0.05,6205.06,3,3,6205.06,0.0,0.0,0.0,0.0,124101.2
1740445,IT,GB,FOOD2,WASTE,0.04,6204.568,3,3,6204.568,0.0,0.0,0.0,0.0,155114.2
1741938,IT,US,CHEM1,ELEC6,0.01,6204.534,3,3,6204.534,0.0,0.0,0.0,0.0,620453.4
1779640,IT,TR,RESEA,FISH5,0.03,6204.268,3,3,6204.268,0.0,0.0,0.0,0.0,206808.933333
1782411,IT,NO,FABRI,FOOD4,0.03,6203.965,3,3,6203.965,0.0,0.0,0.0,0.0,206798.833333
1746690,IT,JP,FABRI,MOTOR,0.03,6203.955,3,3,6203.955,0.0,0.0,0.0,0.0,206798.5
1803780,IT,WF,TEXTI,ALUMI,0.04,6203.926,3,3,6203.926,0.0,0.0,0.0,0.0,155098.15
1664914,IT,ES,CRUDE,ELEC2,0.01,6203.419,3,3,6203.419,0.0,0.0,0.0,0.0,620341.9
1687084,IT,HU,MOTO1,HOTEL,0.03,6203.321,3,3,6203.321,0.0,0.0,0.0,0.0,206777.366667
1644542,IT,BE,PROCE,SUGA1,0.04,6202.743,3,3,6202.743,0.0,0.0,0.0,0.0,155068.575
1733572,IT,SI,RETA1,WHOLE,0.06,6202.665,3,3,6202.665,0.0,0.0,0.0,0.0,103377.75
1800973,IT,WE,ALUM1,ADDIT,0.01,6202.61,3,3,6202.61,0.0,0.0,0.0,0.0,620261.0
1763750,IT,MX,GLASS,CEMEN,0.02,6202.406,3,3,6202.406,0.0,0.0,0.0,0.0,310120.3
1654423,IT,CZ,WHOLE,DISTR,0.05,6202.377,3,3,6202.377,0.0,0.0,0.0,0.0,124047.54
1740814,IT,US,VEGE1,REFIN,0.02,6202.058,3,3,6202.058,0.0,0.0,0.0,0.0,310102.9
1786846,IT,ZA,HOTEL,93197,0.04,6202.036,3,3,6202.036,0.0,0.0,0.0,0.0,155050.9
1718461,IT,PL,TEXTI,DAIRY,0.04,6201.903,3,3,6201.903,0.0,0.0,0.0,0.0,155047.575
1734692,IT,SK,LEATH,FISH5,0.04,6201.299,3,3,6201.299,0.0,0.0,0.0,0.0,155032.475
1770884,IT,AU,BUSIN,SEACO,0.06,6201.278,3,3,6201.278,0.0,0.0,0.0,0.0,103354.633333
1646357,IT,BE,FABRI,NAPHT,0.03,6201.219,3,3,6201.219,0.0,0.0,0.0,0.0,206707.3
1736919,IT,SK,BUSIN,93197,0.06,6201.141,3,3,6201.141,0.0,0.0,0.0,0.0,103352.35
1797745,IT,WL,INTER,WHOLE,0.04,6200.736,3,3,6200.736,0.0,0.0,0.0,0.0,155018.4
1760974,IT,IN,NAPHT,CHARC,0.01,6200.729,3,3,6200.729,0.0,0.0,0.0,0.0,620072.9
1799079,IT,WE,WEARI,PADDY,0.05,6200.64,3,3,6200.64,0.0,0.0,0.0,0.0,124012.8
1740230,IT,GB,BUSIN,COPP1,0.06,6200.572,3,3,6200.572,0.0,0.0,0.0,0.0,103342.866667
1714355,IT,MT,RECRE,POSTT,0.08,6200.162,3,3,6200.162,0.0,0.0,0.0,0.0,77502.025
1667030,IT,ES,NONME,SUGA1,0.01,6199.916,3,3,6199.916,0.0,0.0,0.0,0.0,619991.6
1663590,IT,DK,BUSIN,FORES,0.06,6199.897,3,3,6199.897,0.0,0.0,0.0,0.0,103331.616667
1744644,IT,US,RENTI,WOOD2,0.04,6199.878,3,3,6199.878,0.0,0.0,0.0,0.0,154996.95
1789196,IT,WA,PLAST,NUCLE,0.01,6199.792,3,3,6199.792,0.0,0.0,0.0,0.0,619979.2
1671999,IT,FI,LANDT,INTER,0.04,6199.702,3,3,6199.702,0.0,0.0,0.0,0.0,154992.55
1736305,IT,SK,HOTEL,POSTT,0.04,6199.026,3,3,6199.026,0.0,0.0,0.0,0.0,154975.65
1647812,IT,BE,AUXIL,COPP1,0.11,6198.906,3,3,6198.906,0.0,0.0,0.0,0.0,56353.690909
1715712,IT,NL,PLAST,PFERT,0.01,6198.86,3,3,6198.86,0.0,0.0,0.0,0.0,619886.0
1735144,IT,SK,RUBBE,CATTL,0.02,6198.731,3,3,6198.731,0.0,0.0,0.0,0.0,309936.55
1799030,IT,WE,TEXTI,BIOGA,0.04,6198.508,3,3,6198.508,0.0,0.0,0.0,0.0,154962.7
1768311,IT,AU,SANDC,PUBLI,0.01,6198.496,4,4,6197.496,0.0,0.0,1.0,0.0,619849.6
1747163,IT,JP,CONST,COPP1,0.03,6198.407,3,3,6198.407,0.0,0.0,0.0,0.0,206613.566667
1650465,IT,BG,ELEC5,GASDI,0.07,6197.976,3,3,6197.976,0.0,0.0,0.0,0.0,88542.514286
1774906,IT,CH,INSUR,RUBBE,0.13,6197.643,3,3,6197.643,0.0,0.0,0.0,0.0,47674.176923
1772615,IT,CH,GLASS,TOBAC,0.02,6197.609,3,3,6197.609,0.0,0.0,0.0,0.0,309880.45
1710396,IT,LT,HOTEL,POSTT,0.04,6197.456,3,3,6197.456,0.0,0.0,0.0,0.0,154936.4
1808539,IT,WF,PAPE4,MEAT4,0.04,6196.738,3,3,6196.738,0.0,0.0,0.0,0.0,154918.45
1806650,IT,WF,RETAI,NICKE,0.05,6196.619,3,3,6196.619,0.0,0.0,0.0,0.0,123932.38
1713022,IT,MT,MEATP,FISHF,0.03,6196.191,3,3,6196.191,0.0,0.0,0.0,0.0,206539.7
1712506,IT,LV,FABRI,PAPER,0.03,6195.962,3,3,6195.962,0.0,0.0,0.0,0.0,206532.066667
1646400,IT,BE,FABRI,INSUR,0.03,6195.332,3,3,6195.332,0.0,0.0,0.0,0.0,206511.066667
1737065,IT,GB,SANDC,MEMBE,0.01,6195.282,4,4,6194.282,0.0,0.0,1.0,0.0,619528.2
1718437,IT,PL,TOBAC,RETA1,0.02,6195.252,3,3,6195.252,0.0,0.0,0.0,0.0,309762.6
1795468,IT,WL,PREC1,DISTR,0.01,6194.933,3,3,6194.933,0.0,0.0,0.0,0.0,619493.3
1690273,IT,IE,OILHA,LIQUE,0.04,6194.753,3,3,6194.753,0.0,0.0,0.0,0.0,154868.825
1762799,IT,IN,PUBLI,BITUM,0.1,6193.583,3,3,6193.583,0.0,0.0,0.0,0.0,61935.83
1784934,IT,ID,INSUR,PADDY,0.13,6193.29,3,3,6193.29,0.0,0.0,0.0,0.0,47640.692308
1748774,IT,CN,TEXTI,BEVER,0.04,6193.268,3,3,6193.268,0.0,0.0,0.0,0.0,154831.7
1761051,IT,IN,PLAST,LEAD1,0.01,6193.239,3,3,6193.239,0.0,0.0,0.0,0.0,619323.9
1730883,IT,SE,FOODW,PAPE4,0.05,6193.19,3,3,6193.19,0.0,0.0,0.0,0.0,123863.8
1684357,IT,HR,SUPPO,POSTT,0.04,6192.756,3,3,6192.756,0.0,0.0,0.0,0.0,154818.9
1740859,IT,US,DAIRY,MEATP,0.03,6192.729,3,3,6192.729,0.0,0.0,0.0,0.0,206424.3
1734257,IT,SI,COMPU,CONST,0.07,6192.556,3,3,6192.556,0.0,0.0,0.0,0.0,88465.085714
1761645,IT,IN,FABRI,BITU1,0.03,6191.536,3,3,6191.536,0.0,0.0,0.0,0.0,206384.533333
1672615,IT,FR,FISHF,PLAST,0.01,6190.844,3,3,6190.844,0.0,0.0,0.0,0.0,619084.4
1682458,IT,HR,PAPER,INLAN,0.02,6190.822,3,3,6190.822,0.0,0.0,0.0,0.0,309541.1
1660691,IT,DE,RENTI,TEXTI,0.04,6190.678,3,3,6190.678,0.0,0.0,0.0,0.0,154766.95
1792567,IT,WA,COMPU,VEGET,0.07,6189.766,3,3,6189.766,0.0,0.0,0.0,0.0,88425.228571
1805795,IT,WF,PREC1,MOTOR,0.01,6189.548,3,3,6189.548,0.0,0.0,0.0,0.0,618954.8
1759683,IT,BR,RESEA,TEXT2,0.03,6189.467,3,3,6189.467,0.0,0.0,0.0,0.0,206315.566667
1799373,IT,WE,PULP5,PRINT,0.02,6189.207,3,3,6189.207,0.0,0.0,0.0,0.0,309460.35
1661620,IT,DK,FISH5,BEVER,0.03,6188.938,4,4,6188.935,0.0,0.0,0.0,0.003,206297.933333
1713796,IT,MT,FURNI,STONE,0.02,6188.525,3,3,6188.525,0.0,0.0,0.0,0.0,309426.25
1746238,IT,JP,CHEM1,PETRO,0.01,6188.468,3,3,6188.468,0.0,0.0,0.0,0.0,618846.8
1788550,IT,WA,PAPER,REFI1,0.02,6188.448,3,3,6188.448,0.0,0.0,0.0,0.0,309422.4
1640642,IT,AT,BEVER,SALEM,0.03,6188.369,3,3,6188.369,0.0,0.0,0.0,0.0,206278.966667
1709445,IT,LT,TEXTI,PETRO,0.04,6188.366,3,3,6188.366,0.0,0.0,0.0,0.0,154709.15
1764505,IT,MX,CONST,FURNI,0.03,6188.26,3,3,6188.26,0.0,0.0,0.0,0.0,206275.333333
1785420,IT,ZA,PAPER,MEDIC,0.02,6188.006,3,3,6188.006,0.0,0.0,0.0,0.0,309400.3
1677493,IT,FR,AUXIL,NONME,0.11,6187.864,3,3,6187.864,0.0,0.0,0.0,0.0,56253.309091
1724810,IT,PT,COMPU,HOTEL,0.07,6187.351,3,3,6187.351,0.0,0.0,0.0,0.0,88390.728571
1686676,IT,HU,COPP1,POULT,0.02,6187.326,3,3,6187.326,0.0,0.0,0.0,0.0,309366.3
1655662,IT,DE,CHEMI,LIQUE,0.01,6187.226,3,3,6187.226,0.0,0.0,0.0,0.0,618722.6
1667780,IT,ES,OFFIC,LUBRI,0.02,6187.123,3,3,6187.123,0.0,0.0,0.0,0.0,309356.15
1642268,IT,AT,NONME,SECO9,0.01,6187.015,3,3,6187.015,0.0,0.0,0.0,0.0,618701.5
1748107,IT,JP,BUSIN,OILHA,0.06,6186.964,3,3,6186.964,0.0,0.0,0.0,0.0,103116.066667
1775525,IT,CH,FOOD3,BUSIN,0.02,6186.726,3,3,6186.726,0.0,0.0,0.0,0.0,309336.3
1652166,IT,CZ,VEGE1,SUGA1,0.02,6186.463,3,3,6186.463,0.0,0.0,0.0,0.0,309323.15
1731535,IT,SI,FISH5,PUBLI,0.03,6186.346,4,4,6186.343,0.0,0.0,0.0,0.003,206211.533333
1677743,IT,FR,RENTI,MEMBE,0.04,6186.233,3,3,6186.233,0.0,0.0,0.0,0.0,154655.825
1767932,IT,RU,RENTI,POSTT,0.04,6186.048,3,3,6186.048,0.0,0.0,0.0,0.0,154651.2
1728609,IT,SE,PAPER,PLAS1,0.02,6185.741,3,3,6185.741,0.0,0.0,0.0,0.0,309287.05
1735813,IT,SK,MACHI,MEDIC,0.03,6185.558,3,3,6185.558,0.0,0.0,0.0,0.0,206185.266667
1773095,IT,CH,LEAD1,TRAN1,0.01,6185.489,3,3,6185.489,0.0,0.0,0.0,0.0,618548.9
1742992,IT,US,OFFIC,BITUM,0.02,6185.227,3,3,6185.227,0.0,0.0,0.0,0.0,309261.35
1677855,IT,FR,BUSIN,PROCE,0.06,6184.712,3,3,6184.712,0.0,0.0,0.0,0.0,103078.533333
1670341,IT,FI,VEGE1,FISH5,0.02,6184.694,3,3,6184.694,0.0,0.0,0.0,0.0,309234.7
1760287,IT,IN,WOOLS,CHEM1,0.02,6184.504,3,3,6184.504,0.0,0.0,0.0,0.0,309225.2
1714428,IT,NL,CATTL,MEATA,0.01,6184.305,3,3,6184.305,0.0,0.0,0.0,0.0,618430.5
1655979,IT,DE,FOOD5,PFERT,0.03,6183.687,3,3,6183.687,0.0,0.0,0.0,0.0,206122.9
1660450,IT,DE,INSUR,PIGS9,0.13,6183.157,3,3,6183.157,0.0,0.0,0.0,0.0,47562.746154
1719518,IT,PL,GLASS,NFERT,0.02,6182.817,3,3,6182.817,0.0,0.0,0.0,0.0,309140.85
1770015,IT,AU,FURNI,ELEC1,0.02,6182.67,3,3,6182.67,0.0,0.0,0.0,0.0,309133.5
1730417,IT,SE,POSTT,LIQUI,0.1,6182.418,3,3,6182.418,0.0,0.0,0.0,0.0,61824.18
1710126,IT,LT,MACHI,CRUDE,0.03,6182.139,3,3,6182.139,0.0,0.0,0.0,0.0,206071.3
1653702,IT,CZ,LEAD1,REALE,0.01,6181.987,3,3,6181.987,0.0,0.0,0.0,0.0,618198.7
1723806,IT,PT,OFFIC,PUBLI,0.02,6181.91,3,3,6181.91,0.0,0.0,0.0,0.0,309095.5
1742065,IT,US,RUBBE,FISH5,0.02,6181.737,3,3,6181.737,0.0,0.0,0.0,0.0,309086.85
1676715,IT,FR,RAILW,INSUR,0.04,6181.709,3,3,6181.709,0.0,0.0,0.0,0.0,154542.725
1728375,IT,SE,TEXTI,SECO9,0.04,6181.119,3,3,6181.119,0.0,0.0,0.0,0.0,154527.975
1729000,IT,SE,BIODI,CEREA,0.01,6180.758,3,3,6180.758,0.0,0.0,0.0,0.0,618075.8
1647225,IT,BE,LANDT,LIQUE,0.04,6180.623,3,3,6180.623,0.0,0.0,0.0,0.0,154515.575
1806546,IT,WF,FURNI,NONF1,0.02,6180.62,3,3,6180.62,0.0,0.0,0.0,0.0,309031.0
1766344,IT,RU,NONME,RETAI,0.01,6180.551,3,3,6180.551,0.0,0.0,0.0,0.0,618055.1
1685192,IT,HU,BEVER,COMPU,0.03,6180.545,3,3,6180.545,0.0,0.0,0.0,0.0,206018.166667
1657505,IT,DE,RUBBE,PLAS2,0.02,6180.337,3,3,6180.337,0.0,0.0,0.0,0.0,309016.85
1758738,IT,BR,WHOLE,FABRI,0.05,6180.332,3,3,6180.332,0.0,0.0,0.0,0.0,123606.64
1766187,IT,RU,RUBBE,WOOD2,0.02,6179.756,3,3,6179.756,0.0,0.0,0.0,0.0,308987.8
1794363,IT,WL,AVIAT,RAWMI,0.01,6179.73,3,3,6179.73,0.0,0.0,0.0,0.0,617973.0
1759329,IT,BR,FINAN,CATTL,0.08,6179.68,3,3,6179.68,0.0,0.0,0.0,0.0,77246.0
1789189,IT,WA,PLAST,REFIN,0.01,6179.292,3,3,6179.292,0.0,0.0,0.0,0.0,617929.2
1646019,IT,BE,NONME,FOUND,0.01,6179.095,3,3,6179.095,0.0,0.0,0.0,0.0,617909.5
1663886,IT,EE,WEARI,SUPPO,0.05,6178.992,3,3,6178.992,0.0,0.0,0.0,0.0,123579.84
1757362,IT,BR,WEARI,ELEC4,0.05,6178.911,3,3,6178.911,0.0,0.0,0.0,0.0,123578.22
1654233,IT,CZ,TRANS,FOUND,0.04,6178.879,3,3,6178.879,0.0,0.0,0.0,0.0,154471.975
1769564,IT,AU,ALUM1,RESEA,0.01,6178.794,3,3,6178.794,0.0,0.0,0.0,0.0,617879.4
1731169,IT,SI,SANDC,MACHI,0.01,6178.597,4,4,6177.597,0.0,0.0,1.0,0.0,617859.7
1680664,IT,GR,WHOLE,PFERT,0.05,6178.455,3,3,6178.455,0.0,0.0,0.0,0.0,123569.1
1714968,IT,NL,FISH5,DISTR,0.03,6178.325,4,4,6178.322,0.0,0.0,0.0,0.003,205944.166667
1688322,IT,IE,VEGE1,FISH5,0.02,6178.26,3,3,6178.26,0.0,0.0,0.0,0.0,308913.0
1714914,IT,NL,BEVER,ELEC3,0.03,6177.795,3,3,6177.795,0.0,0.0,0.0,0.0,205926.5
1727234,IT,RO,SUPPO,BRICK,0.04,6177.587,3,3,6177.587,0.0,0.0,0.0,0.0,154439.675
1709830,IT,LT,RUBBE,COMPU,0.02,6177.46,3,3,6177.46,0.0,0.0,0.0,0.0,308873.0
1806743,IT,WF,WHOLE,RAILW,0.05,6177.012,3,3,6177.012,0.0,0.0,0.0,0.0,123540.24
1715178,IT,NL,WOODW,MEATP,0.02,6176.789,3,3,6176.789,0.0,0.0,0.0,0.0,308839.45
1774111,IT,CH,WHOLE,NONF1,0.05,6175.715,3,3,6175.715,0.0,0.0,0.0,0.0,123514.3
1730434,IT,SE,POSTT,RADIO,0.1,6175.599,3,3,6175.599,0.0,0.0,0.0,0.0,61755.99
1728547,IT,SE,PAPER,MEAT1,0.02,6175.359,3,3,6175.359,0.0,0.0,0.0,0.0,308767.95
1793705,IT,WL,FOOD5,PREC1,0.03,6175.254,3,3,6175.254,0.0,0.0,0.0,0.0,205841.8
1748784,IT,CN,TEXTI,KEROS,0.04,6175.215,3,3,6175.215,0.0,0.0,0.0,0.0,154380.375
1647751,IT,BE,INSUR,FINAN,0.13,6175.09,3,3,6175.09,0.0,0.0,0.0,0.0,47500.692308
1755332,IT,KR,PRINT,FABRI,0.06,6174.99,3,3,6174.99,0.0,0.0,0.0,0.0,102916.5
1800197,IT,WE,PLAST,NATU1,0.01,6174.467,3,3,6174.467,0.0,0.0,0.0,0.0,617446.7
1740359,IT,GB,EDUCA,HOTEL,0.15,6173.872,3,3,6173.872,0.0,0.0,0.0,0.0,41159.146667
1780987,IT,TW,BUSIN,BRICK,0.06,6173.744,3,3,6173.744,0.0,0.0,0.0,0.0,102895.733333
1640315,IT,AT,CHEMI,NATU1,0.01,6173.724,3,3,6173.724,0.0,0.0,0.0,0.0,617372.4
1683698,IT,HR,MACHI,CROPS,0.03,6172.531,3,3,6172.531,0.0,0.0,0.0,0.0,205751.033333
1800149,IT,WE,PETRO,FURNI,0.01,6172.477,3,3,6172.477,0.0,0.0,0.0,0.0,617247.7
1655811,IT,DE,VEGE1,WEARI,0.02,6172.289,3,3,6172.289,0.0,0.0,0.0,0.0,308614.45
1677502,IT,FR,AUXIL,ELEC5,0.11,6172.286,3,3,6172.286,0.0,0.0,0.0,0.0,56111.690909
1685694,IT,HU,NAPHT,SANDC,0.01,6172.198,3,3,6172.198,0.0,0.0,0.0,0.0,617219.8
1814426,IT,WM,REALE,COMPU,0.26,6172.187,3,3,6172.187,0.0,0.0,0.0,0.0,23739.180769
1734225,IT,SI,RENTI,RETA1,0.04,6172.15,3,3,6172.15,0.0,0.0,0.0,0.0,154303.75
1770358,IT,AU,RAILW,WHOLE,0.04,6171.959,3,3,6171.959,0.0,0.0,0.0,0.0,154298.975
1727042,IT,RO,RAILW,CHEM1,0.04,6171.777,3,3,6171.777,0.0,0.0,0.0,0.0,154294.425
1685695,IT,HU,NAPHT,SUGA1,0.01,6171.519,3,3,6171.519,0.0,0.0,0.0,0.0,617151.9
1653858,IT,CZ,FABRI,BITU1,0.03,6171.491,3,3,6171.491,0.0,0.0,0.0,0.0,205716.366667
1660169,IT,DE,SUPPO,NONME,0.04,6171.396,3,3,6171.396,0.0,0.0,0.0,0.0,154284.9
1740451,IT,GB,FOOD3,INERT,0.02,6171.086,3,3,6171.086,0.0,0.0,0.0,0.0,308554.3
1709315,IT,LT,SANDC,PUBLI,0.01,6171.059,4,4,6170.059,0.0,0.0,1.0,0.0,617105.9
1753905,IT,CA,RAILW,FOUND,0.04,6171.012,3,3,6171.012,0.0,0.0,0.0,0.0,154275.3
1659894,IT,DE,LANDT,WASTE,0.04,6170.893,3,3,6170.893,0.0,0.0,0.0,0.0,154272.325
1781802,IT,NO,LIQUE,NATUR,0.01,6170.803,3,3,6170.803,0.0,0.0,0.0,0.0,617080.3
1775131,IT,CH,COMPU,RAILW,0.07,6170.801,3,3,6170.801,0.0,0.0,0.0,0.0,88154.3
1719205,IT,PL,PLAST,PAPE4,0.01,6170.743,3,3,6170.743,0.0,0.0,0.0,0.0,617074.3
1790213,IT,WA,PREC1,KERO1,0.01,6170.48,3,3,6170.48,0.0,0.0,0.0,0.0,617048.0
1643380,IT,AT,LANDT,WHEAT,0.04,6170.394,3,3,6170.394,0.0,0.0,0.0,0.0,154259.85
1781338,IT,NO,DAIRY,ANIMA,0.03,6169.997,3,3,6169.997,0.0,0.0,0.0,0.0,205666.566667
1713435,IT,MT,PLAST,INLAN,0.01,6169.984,3,3,6169.984,0.0,0.0,0.0,0.0,616998.4
1786644,IT,ZA,WHOLE,WEARI,0.05,6169.979,3,3,6169.979,0.0,0.0,0.0,0.0,123399.58
1771643,IT,CH,WEARI,KEROS,0.05,6169.416,3,3,6169.416,0.0,0.0,0.0,0.0,123388.32
1655288,IT,DE,CEREA,MEATA,0.01,6169.213,3,3,6169.213,0.0,0.0,0.0,0.0,616921.3
1793223,IT,WA,PRIVA,BITUM,1.38,6169.149,3,3,6169.149,0.0,0.0,0.0,0.0,4470.397826
1647918,IT,BE,REALE,RAILW,0.26,6169.106,3,3,6169.106,0.0,0.0,0.0,0.0,23727.330769
1777333,IT,TR,GLASS,FOUND,0.02,6169.072,3,3,6169.072,0.0,0.0,0.0,0.0,308453.6
1644450,IT,BE,VEGE1,WOODW,0.02,6168.673,3,3,6168.673,0.0,0.0,0.0,0.0,308433.65
1671278,IT,FI,PREC1,NICKE,0.01,6168.515,3,3,6168.515,0.0,0.0,0.0,0.0,616851.5
1774975,IT,CH,AUXIL,TRANS,0.11,6167.585,3,3,6167.585,0.0,0.0,0.0,0.0,56068.954545
1712304,IT,LV,RUBBE,POULT,0.02,6167.572,3,3,6167.572,0.0,0.0,0.0,0.0,308378.6
1801956,IT,WE,SALEM,RESEA,0.05,6167.501,3,3,6167.501,0.0,0.0,0.0,0.0,123350.02
1714285,IT,MT,BUSIN,REALE,0.06,6167.5,3,3,6167.5,0.0,0.0,0.0,0.0,102791.666667
1762811,IT,IN,PUBLI,GASDI,0.1,6167.151,3,3,6167.151,0.0,0.0,0.0,0.0,61671.51
1768061,IT,RU,BUSIN,NONME,0.06,6166.889,3,3,6166.889,0.0,0.0,0.0,0.0,102781.483333
1661127,IT,DE,WASTE,PAPE1,0.02,6166.884,3,3,6166.884,0.0,0.0,0.0,0.0,308344.2
1728564,IT,SE,PAPER,BIODI,0.02,6166.521,3,3,6166.521,0.0,0.0,0.0,0.0,308326.05
1809866,IT,WM,BEVER,NATU1,0.03,6166.323,3,3,6166.323,0.0,0.0,0.0,0.0,205544.1
1780702,IT,TW,REALE,KEROS,0.26,6166.096,3,3,6166.096,0.0,0.0,0.0,0.0,23715.753846
1779464,IT,TR,RENTI,CHEMI,0.04,6166.079,3,3,6166.079,0.0,0.0,0.0,0.0,154151.975
1744170,IT,US,SUPPO,PLAS2,0.04,6165.79,3,3,6165.79,0.0,0.0,0.0,0.0,154144.75
1655107,IT,CZ,RESEA,MOTO1,0.03,6165.481,3,3,6165.481,0.0,0.0,0.0,0.0,205516.033333
1669405,IT,ES,INSUR,NONME,0.13,6165.283,3,3,6165.283,0.0,0.0,0.0,0.0,47425.253846
1763618,IT,MX,ADDIT,ETHAN,0.01,6165.187,3,3,6165.187,0.0,0.0,0.0,0.0,616518.7
1682320,IT,HR,WOODW,MEAT1,0.02,6165.178,3,3,6165.178,0.0,0.0,0.0,0.0,308258.9
1709656,IT,LT,PRINT,HEALT,0.06,6165.145,3,3,6165.145,0.0,0.0,0.0,0.0,102752.416667
1650782,IT,BG,RAILW,WHOLE,0.04,6165.061,3,3,6165.061,0.0,0.0,0.0,0.0,154126.525
1653373,IT,CZ,GLASS,HEALT,0.02,6164.739,3,3,6164.739,0.0,0.0,0.0,0.0,308236.95
1658752,IT,DE,OFFIC,WOOD1,0.02,6164.656,3,3,6164.656,0.0,0.0,0.0,0.0,308232.8
1807774,IT,WF,HEALT,VEGET,0.03,6164.437,3,3,6164.437,0.0,0.0,0.0,0.0,205481.233333
1747115,IT,JP,FURNI,PAPE1,0.02,6164.139,3,3,6164.139,0.0,0.0,0.0,0.0,308206.95
1732298,IT,SI,NAPHT,LEATH,0.01,6163.549,3,3,6163.549,0.0,0.0,0.0,0.0,616354.9
1655088,IT,CZ,COMPU,LANDT,0.07,6163.354,3,3,6163.354,0.0,0.0,0.0,0.0,88047.914286
1775120,IT,CH,COMPU,SECO9,0.07,6163.207,3,3,6163.207,0.0,0.0,0.0,0.0,88045.814286
1758021,IT,BR,RUBBE,NONF1,0.02,6162.728,3,3,6162.728,0.0,0.0,0.0,0.0,308136.4
1661957,IT,DK,LIQUE,CEREA,0.01,6162.276,3,3,6162.276,0.0,0.0,0.0,0.0,616227.6
1723537,IT,PT,COPP1,93197,0.02,6162.117,3,3,6162.117,0.0,0.0,0.0,0.0,308105.85
1672080,IT,FI,SUPPO,MACHI,0.04,6161.88,3,3,6161.88,0.0,0.0,0.0,0.0,154047.0
1728930,IT,SE,CHEM1,ELEC2,0.01,6161.712,3,3,6161.712,0.0,0.0,0.0,0.0,616171.2
1770866,IT,AU,BUSIN,MEDIC,0.06,6161.699,3,3,6161.699,0.0,0.0,0.0,0.0,102694.983333
1763848,IT,MX,NONME,AVIAT,0.01,6161.488,3,3,6161.488,0.0,0.0,0.0,0.0,616148.8
1742081,IT,US,RUBBE,PETRO,0.02,6161.432,3,3,6161.432,0.0,0.0,0.0,0.0,308071.6
1673413,IT,FR,WEARI,LIQUE,0.05,6161.222,3,3,6161.222,0.0,0.0,0.0,0.0,123224.44
1764146,IT,MX,FABRI,SEACO,0.03,6161.148,3,3,6161.148,0.0,0.0,0.0,0.0,205371.6
1809869,IT,WM,BEVER,SANDC,0.03,6161.135,3,3,6161.135,0.0,0.0,0.0,0.0,205371.166667
1710824,IT,LU,PAPER,FABRI,0.02,6161.121,3,3,6161.121,0.0,0.0,0.0,0.0,308056.05
1654825,IT,CZ,SUPPO,COMPU,0.04,6161.025,3,3,6161.025,0.0,0.0,0.0,0.0,154025.625
1689884,IT,IE,AUXIL,KEROS,0.11,6160.903,3,3,6160.903,0.0,0.0,0.0,0.0,56008.209091
1800937,IT,WE,ALUM1,OILSE,0.01,6160.795,3,3,6160.795,0.0,0.0,0.0,0.0,616079.5
1647790,IT,BE,AUXIL,PRINT,0.11,6160.513,3,3,6160.513,0.0,0.0,0.0,0.0,56004.663636
1657504,IT,DE,RUBBE,PAPE4,0.02,6160.406,3,3,6160.406,0.0,0.0,0.0,0.0,308020.3
1790210,IT,WA,PREC1,COKEO,0.01,6160.352,3,3,6160.352,0.0,0.0,0.0,0.0,616035.2
1648594,IT,BG,MEATC,BEVER,0.02,6159.886,3,3,6159.886,0.0,0.0,0.0,0.0,307994.3
1664051,IT,EE,CHEM1,VEGET,0.01,6159.767,3,3,6159.767,0.0,0.0,0.0,0.0,615976.7
1722356,IT,PT,FISHF,CONST,0.01,6159.647,3,3,6159.647,0.0,0.0,0.0,0.0,615964.7
1671686,IT,FI,SALEM,CEREA,0.05,6159.448,3,3,6159.448,0.0,0.0,0.0,0.0,123188.96
1679382,IT,GR,PLAST,HOTEL,0.01,6158.556,3,3,6158.556,0.0,0.0,0.0,0.0,615855.6
1781701,IT,NO,WOODW,OFFIC,0.02,6158.41,3,3,6158.41,0.0,0.0,0.0,0.0,307920.5
1667602,IT,ES,MACHI,FORES,0.03,6158.311,3,3,6158.311,0.0,0.0,0.0,0.0,205277.033333
1777132,IT,TR,ADDIT,NONSP,0.01,6158.307,3,3,6158.307,0.0,0.0,0.0,0.0,615830.7
1776255,IT,TR,PULP5,NONME,0.02,6157.936,3,3,6157.936,0.0,0.0,0.0,0.0,307896.8
1670456,IT,FI,FOOD5,93197,0.03,6157.914,3,3,6157.914,0.0,0.0,0.0,0.0,205263.8
1727259,IT,RO,SUPPO,SEACO,0.04,6157.864,3,3,6157.864,0.0,0.0,0.0,0.0,153946.6
1722603,IT,PT,TEXTI,SANDC,0.04,6157.659,3,3,6157.659,0.0,0.0,0.0,0.0,153941.475
1781835,IT,NO,PLAST,GASDI,0.01,6157.288,3,3,6157.288,0.0,0.0,0.0,0.0,615728.8
1649687,IT,BG,NONME,FORES,0.01,6157.272,3,3,6157.272,0.0,0.0,0.0,0.0,615727.2
1774142,IT,CH,WHOLE,FINAN,0.05,6157.263,3,3,6157.263,0.0,0.0,0.0,0.0,123145.26
1670636,IT,FI,LEATH,FABRI,0.04,6157.068,3,3,6157.068,0.0,0.0,0.0,0.0,153926.7
1730376,IT,SE,SUPPO,WOOD1,0.04,6156.912,3,3,6156.912,0.0,0.0,0.0,0.0,153922.8
1760358,IT,IN,CHEMI,CEMEN,0.01,6156.695,3,3,6156.695,0.0,0.0,0.0,0.0,615669.5
1713984,IT,MT,WHOLE,MACHI,0.05,6156.673,3,3,6156.673,0.0,0.0,0.0,0.0,123133.46
1666362,IT,ES,LIQUE,MEMBE,0.01,6156.429,3,3,6156.429,0.0,0.0,0.0,0.0,615642.9
1806675,IT,WF,WHOLE,FORES,0.05,6156.38,3,3,6156.38,0.0,0.0,0.0,0.0,123127.6
1677474,IT,FR,AUXIL,MEATC,0.11,6156.346,3,3,6156.346,0.0,0.0,0.0,0.0,55966.781818
1791351,IT,WA,SALEM,OFFIC,0.05,6155.665,3,3,6155.665,0.0,0.0,0.0,0.0,123113.3
1790361,IT,WA,ALUM1,PAPE1,0.01,6155.407,3,3,6155.407,0.0,0.0,0.0,0.0,615540.7
1727276,IT,RO,SUPPO,FOOD4,0.04,6155.287,3,3,6155.287,0.0,0.0,0.0,0.0,153882.175
1646163,IT,BE,ALUM1,MEAT1,0.01,6155.223,3,3,6155.223,0.0,0.0,0.0,0.0,615522.3
1727222,IT,RO,SUPPO,LEATH,0.04,6155.044,3,3,6155.044,0.0,0.0,0.0,0.0,153876.1
1773398,IT,CH,MACHI,WOOD2,0.03,6154.017,3,3,6154.017,0.0,0.0,0.0,0.0,205133.9
1647019,IT,BE,RETA1,TRAN1,0.06,6153.993,3,3,6153.993,0.0,0.0,0.0,0.0,102566.55
1710312,IT,LT,FURNI,MOTO1,0.02,6153.851,3,3,6153.851,0.0,0.0,0.0,0.0,307692.55
1752819,IT,CA,PAPER,BASIC,0.02,6153.236,3,3,6153.236,0.0,0.0,0.0,0.0,307661.8
1688801,IT,IE,GLASS,MACHI,0.02,6153.229,3,3,6153.229,0.0,0.0,0.0,0.0,307661.45
1664242,IT,EE,NONME,SALEM,0.01,6152.948,3,3,6152.948,0.0,0.0,0.0,0.0,615294.8
1736613,IT,SK,POSTT,BUSIN,0.1,6152.911,3,3,6152.911,0.0,0.0,0.0,0.0,61529.11
1644432,IT,BE,VEGE1,CROPS,0.02,6152.817,3,3,6152.817,0.0,0.0,0.0,0.0,307640.85
1716753,IT,NL,RETA1,ADDIT,0.06,6152.762,3,3,6152.762,0.0,0.0,0.0,0.0,102546.033333
1727034,IT,RO,RAILW,WOODW,0.04,6152.724,3,3,6152.724,0.0,0.0,0.0,0.0,153818.1
1779828,IT,TR,PUBLI,TEXTI,0.1,6152.583,3,3,6152.583,0.0,0.0,0.0,0.0,61525.83
1683783,IT,HR,MACHI,93197,0.03,6152.214,3,3,6152.214,0.0,0.0,0.0,0.0,205073.8
1781840,IT,NO,PLAST,NONF1,0.01,6152.104,3,3,6152.104,0.0,0.0,0.0,0.0,615210.4
1748705,IT,CN,FOOD5,PUBLI,0.03,6151.814,3,3,6151.814,0.0,0.0,0.0,0.0,205060.466667
1689938,IT,IE,REALE,SUGAR,0.26,6151.678,3,3,6151.678,0.0,0.0,0.0,0.0,23660.3
1664669,IT,EE,LANDT,PUBLI,0.04,6151.461,3,3,6151.461,0.0,0.0,0.0,0.0,153786.525
1801075,IT,WE,COPP1,BRICK,0.02,6151.349,3,3,6151.349,0.0,0.0,0.0,0.0,307567.45
1683759,IT,HR,MACHI,RETAI,0.03,6151.267,3,3,6151.267,0.0,0.0,0.0,0.0,205042.233333
1751697,IT,CN,INSUR,CEMEN,0.13,6151.232,3,3,6151.232,0.0,0.0,0.0,0.0,47317.169231
1716620,IT,NL,SALEM,RENTI,0.05,6151.142,3,3,6151.142,0.0,0.0,0.0,0.0,123022.84
1711933,IT,LU,WASTE,HOTEL,0.02,6150.894,3,3,6150.894,0.0,0.0,0.0,0.0,307544.7
1803584,IT,WF,PROCE,HEALT,0.04,6150.69,3,3,6150.69,0.0,0.0,0.0,0.0,153767.25
1655955,IT,DE,FOOD5,CHEMI,0.03,6150.394,3,3,6150.394,0.0,0.0,0.0,0.0,205013.133333
1654541,IT,CZ,HOTEL,RETAI,0.04,6150.254,3,3,6150.254,0.0,0.0,0.0,0.0,153756.35
1814702,IT,WM,INTER,BASIC,0.04,6150.237,3,3,6150.237,0.0,0.0,0.0,0.0,153755.925
1684032,IT,HR,HOTEL,VEGE1,0.04,6149.714,3,3,6149.714,0.0,0.0,0.0,0.0,153742.85
1676282,IT,FR,SALEM,PLAS1,0.05,6149.686,3,3,6149.686,0.0,0.0,0.0,0.0,122993.72
1787929,IT,WA,BEVER,RESEA,0.03,6149.398,3,3,6149.398,0.0,0.0,0.0,0.0,204979.933333
1756506,IT,KR,WHOLE,FISHF,0.05,6149.277,3,3,6149.277,0.0,0.0,0.0,0.0,122985.54
1664591,IT,EE,HOTEL,RENTI,0.04,6149.135,3,3,6149.135,0.0,0.0,0.0,0.0,153728.375
1731695,IT,SI,WOODW,TRAN2,0.02,6149.07,3,3,6149.07,0.0,0.0,0.0,0.0,307453.5
1748656,IT,CN,DAIRY,INSUR,0.02,6149.064,3,3,6149.064,0.0,0.0,0.0,0.0,307453.2
1808399,IT,WF,WASTE,SEACO,0.02,6149.0,3,3,6149.0,0.0,0.0,0.0,0.0,307450.0
1752911,IT,CA,NAPHT,CHEMI,0.01,6148.863,3,3,6148.863,0.0,0.0,0.0,0.0,614886.3
1721986,IT,PL,COMPU,FURNI,0.07,6148.504,3,3,6148.504,0.0,0.0,0.0,0.0,87835.771429
1689485,IT,IE,HOTEL,FOOD3,0.04,6148.042,3,3,6148.042,0.0,0.0,0.0,0.0,153701.05
1642416,IT,AT,ALUM1,MEATP,0.01,6148.037,3,3,6148.037,0.0,0.0,0.0,0.0,614803.7
1664666,IT,EE,LANDT,COMPU,0.04,6146.975,3,3,6146.975,0.0,0.0,0.0,0.0,153674.375
1690403,IT,IE,FOOD4,PAPER,0.04,6146.846,3,3,6146.846,0.0,0.0,0.0,0.0,153671.15
1776745,IT,TR,LIQUE,BASIC,0.01,6146.837,3,3,6146.837,0.0,0.0,0.0,0.0,614683.7
1757531,IT,BR,PRINT,EDUCA,0.06,6146.785,3,3,6146.785,0.0,0.0,0.0,0.0,102446.416667
1758868,IT,BR,HOTEL,CEMEN,0.04,6146.753,3,3,6146.753,0.0,0.0,0.0,0.0,153668.825
1757109,IT,BR,VEGET,PROCE,0.02,6146.402,3,3,6146.402,0.0,0.0,0.0,0.0,307320.1
1777671,IT,TR,LEAD1,FOOD4,0.01,6146.143,3,3,6146.143,0.0,0.0,0.0,0.0,614614.3
1737097,IT,GB,MEATC,RETA1,0.02,6146.115,3,3,6146.115,0.0,0.0,0.0,0.0,307305.75
1710333,IT,LT,SALEM,MOTO1,0.05,6145.896,3,3,6145.896,0.0,0.0,0.0,0.0,122917.92
1758253,IT,BR,PREC1,NICKE,0.01,6145.657,3,3,6145.657,0.0,0.0,0.0,0.0,614565.7
1644119,IT,AT,EDUCA,COMPU,0.15,6145.596,3,3,6145.596,0.0,0.0,0.0,0.0,40970.64
1737602,IT,GB,PAPER,LIQUE,0.02,6145.574,3,3,6145.574,0.0,0.0,0.0,0.0,307278.7
1643737,IT,AT,SUPPO,RETAI,0.04,6145.285,3,3,6145.285,0.0,0.0,0.0,0.0,153632.125
1670307,IT,FI,CHEMI,FOUND,0.01,6144.969,3,3,6144.969,0.0,0.0,0.0,0.0,614496.9
1801642,IT,WE,FURNI,FOOD5,0.02,6144.645,3,3,6144.645,0.0,0.0,0.0,0.0,307232.25
1775603,IT,CH,RECRE,SEACO,0.08,6144.276,3,3,6144.276,0.0,0.0,0.0,0.0,76803.45
1688151,IT,HU,BUSIN,RADIO,0.06,6144.212,3,3,6144.212,0.0,0.0,0.0,0.0,102403.533333
1653032,IT,CZ,PLAST,COPP1,0.01,6143.933,3,3,6143.933,0.0,0.0,0.0,0.0,614393.3
1808793,IT,WF,WOOD2,MOTO1,0.03,6143.887,3,3,6143.887,0.0,0.0,0.0,0.0,204796.233333
1778327,IT,TR,SALEM,RESEA,0.05,6143.734,3,3,6143.734,0.0,0.0,0.0,0.0,122874.68
1677796,IT,FR,COMPU,RAILW,0.07,6143.719,3,3,6143.719,0.0,0.0,0.0,0.0,87767.414286
1665099,IT,ES,VEGE1,OFFIC,0.02,6143.682,3,3,6143.682,0.0,0.0,0.0,0.0,307184.1
1755440,IT,KR,NAPHT,MEDIC,0.01,6143.61,3,3,6143.61,0.0,0.0,0.0,0.0,614361.0
1768393,IT,AU,VEGE1,VEGE1,0.02,6143.544,3,3,6143.544,0.0,0.0,0.0,0.0,307177.2
1661618,IT,DK,FISH5,DAIRY,0.03,6143.452,4,4,6143.449,0.0,0.0,0.0,0.003,204781.733333
1675483,IT,FR,OFFIC,BIOGA,0.02,6143.154,3,3,6143.154,0.0,0.0,0.0,0.0,307157.7
1766982,IT,RU,MOTO1,HOTEL,0.03,6142.484,3,3,6142.484,0.0,0.0,0.0,0.0,204749.466667
1722101,IT,PL,BUSIN,NFERT,0.06,6142.352,3,3,6142.352,0.0,0.0,0.0,0.0,102372.533333
1665724,IT,ES,PAPER,HEAVY,0.02,6142.104,3,3,6142.104,0.0,0.0,0.0,0.0,307105.2
1731188,IT,SI,CHEMI,MEAT1,0.01,6142.035,3,3,6142.035,0.0,0.0,0.0,0.0,614203.5
1805308,IT,WF,BIODI,VEGET,0.01,6141.986,3,3,6141.986,0.0,0.0,0.0,0.0,614198.6
1714671,IT,NL,MEAT4,RECRE,0.03,6141.949,3,3,6141.949,0.0,0.0,0.0,0.0,204731.633333
1712283,IT,LV,CHEM1,TEXTI,0.01,6141.85,3,3,6141.85,0.0,0.0,0.0,0.0,614185.0
1758304,IT,BR,LEAD1,CERAM,0.01,6141.661,3,3,6141.661,0.0,0.0,0.0,0.0,614166.1
1713967,IT,MT,WHOLE,VEGET,0.05,6140.782,3,3,6140.782,0.0,0.0,0.0,0.0,122815.64
1642069,IT,AT,GLASS,MOTOR,0.02,6140.747,3,3,6140.747,0.0,0.0,0.0,0.0,307037.35
1766609,IT,RU,FABRI,IRONO,0.02,6140.248,3,3,6140.248,0.0,0.0,0.0,0.0,307012.4
1670649,IT,FI,LEATH,INSUR,0.04,6140.227,3,3,6140.227,0.0,0.0,0.0,0.0,153505.675
1684486,IT,HR,COMPU,RETA1,0.07,6140.0,3,3,6140.0,0.0,0.0,0.0,0.0,87714.285714
1650707,IT,BG,HOTEL,BEVER,0.04,6139.99,3,3,6139.99,0.0,0.0,0.0,0.0,153499.75
1671658,IT,FI,CONST,BASIC,0.03,6139.884,3,3,6139.884,0.0,0.0,0.0,0.0,204662.8
1748248,IT,JP,OILHA,FURNI,0.04,6139.083,3,3,6139.083,0.0,0.0,0.0,0.0,153477.075
1757193,IT,BR,MEAT4,CHARC,0.03,6138.938,3,3,6138.938,0.0,0.0,0.0,0.0,204631.266667
1763755,IT,MX,GLASS,COPP1,0.02,6138.113,3,3,6138.113,0.0,0.0,0.0,0.0,306905.65
1758920,IT,BR,HOTEL,INERT,0.04,6137.993,3,3,6137.993,0.0,0.0,0.0,0.0,153449.825
1650975,IT,BG,SUPPO,WOODW,0.04,6137.87,3,3,6137.87,0.0,0.0,0.0,0.0,153446.75
1771865,IT,CH,WOODW,AIRTR,0.02,6137.868,3,3,6137.868,0.0,0.0,0.0,0.0,306893.4
1771878,IT,CH,WOODW,PAPE1,0.02,6137.661,3,3,6137.661,0.0,0.0,0.0,0.0,306883.05
1769568,IT,AU,ALUM1,93197,0.01,6137.382,3,3,6137.382,0.0,0.0,0.0,0.0,613738.2
1807511,IT,WF,RENTI,WEARI,0.04,6137.171,3,3,6137.171,0.0,0.0,0.0,0.0,153429.275
1799374,IT,WE,PULP5,PLAST,0.02,6137.081,3,3,6137.081,0.0,0.0,0.0,0.0,306854.05
1733437,IT,SI,CONST,DAIRY,0.03,6137.073,3,3,6137.073,0.0,0.0,0.0,0.0,204569.1
1667594,IT,ES,MACHI,PLANT,0.03,6137.02,3,3,6137.02,0.0,0.0,0.0,0.0,204567.333333
1761053,IT,IN,PLAST,NONF1,0.01,6136.908,3,3,6136.908,0.0,0.0,0.0,0.0,613690.8
1748257,IT,JP,OILHA,MEMBE,0.04,6136.516,3,3,6136.516,0.0,0.0,0.0,0.0,153412.9
1648806,IT,BG,FISH5,MEATP,0.03,6136.33,4,4,6136.327,0.0,0.0,0.0,0.003,204544.333333
1669293,IT,ES,FINAN,RUBBE,0.08,6135.786,3,3,6135.786,0.0,0.0,0.0,0.0,76697.325
1672813,IT,FR,MEAT1,HEALT,0.03,6135.52,3,3,6135.52,0.0,0.0,0.0,0.0,204517.333333
1681402,IT,GR,REALE,WHOLE,0.26,6135.171,3,3,6135.171,0.0,0.0,0.0,0.0,23596.811538
1647730,IT,BE,INSUR,MOTO1,0.13,6135.14,3,3,6135.14,0.0,0.0,0.0,0.0,47193.384615
1782565,IT,NO,TRANS,TEXTI,0.04,6134.924,3,3,6134.924,0.0,0.0,0.0,0.0,153373.1
1727819,IT,RO,BUSIN,FURNI,0.06,6134.872,3,3,6134.872,0.0,0.0,0.0,0.0,102247.866667
1769027,IT,AU,PRINT,FINAN,0.06,6134.853,3,3,6134.853,0.0,0.0,0.0,0.0,102247.55
1731117,IT,SI,FISHF,SUPPO,0.01,6134.804,3,3,6134.804,0.0,0.0,0.0,0.0,613480.4
1716044,IT,NL,NONME,TRANS,0.01,6133.987,3,3,6133.987,0.0,0.0,0.0,0.0,613398.7
1787032,IT,ZA,INSUR,INSUR,0.13,6133.924,3,3,6133.924,0.0,0.0,0.0,0.0,47184.030769
1796471,IT,WL,RETA1,NATUR,0.06,6133.81,3,3,6133.81,0.0,0.0,0.0,0.0,102230.166667
1713175,IT,MT,TEXTI,WHOLE,0.04,6133.701,3,3,6133.701,0.0,0.0,0.0,0.0,153342.525
1681666,IT,HR,VEGET,MOTO1,0.02,6133.485,3,3,6133.485,0.0,0.0,0.0,0.0,306674.25
1718054,IT,PL,MEATC,FINAN,0.02,6133.26,3,3,6133.26,0.0,0.0,0.0,0.0,306663.0
1651716,IT,CY,FABRI,BUSIN,0.02,6132.739,3,3,6132.739,0.0,0.0,0.0,0.0,306636.95
1754301,IT,CA,INSUR,FORES,0.13,6132.69,3,3,6132.69,0.0,0.0,0.0,0.0,47174.538462
1709311,IT,LT,SANDC,CEMEN,0.01,6132.674,4,4,6131.674,0.0,0.0,1.0,0.0,613267.4
1769630,IT,AU,FABRI,LIQUE,0.02,6132.614,3,3,6132.614,0.0,0.0,0.0,0.0,306630.7
1668539,IT,ES,HOTEL,RADIO,0.04,6132.466,3,3,6132.466,0.0,0.0,0.0,0.0,153311.65
1687345,IT,HU,RETA1,MEMBE,0.06,6132.237,3,3,6132.237,0.0,0.0,0.0,0.0,102203.95
1684814,IT,HU,FISHF,WOODW,0.01,6132.2,3,3,6132.2,0.0,0.0,0.0,0.0,613220.0
1646309,IT,BE,COPP1,PAPE4,0.02,6132.085,3,3,6132.085,0.0,0.0,0.0,0.0,306604.25
1752377,IT,CA,VEGE1,CEREA,0.02,6131.891,3,3,6131.891,0.0,0.0,0.0,0.0,306594.55
1724490,IT,PT,SUPPO,RENTI,0.04,6131.79,3,3,6131.79,0.0,0.0,0.0,0.0,153294.75
1770867,IT,AU,BUSIN,MOTO1,0.06,6131.786,3,3,6131.786,0.0,0.0,0.0,0.0,102196.433333
1724186,IT,PT,HOTEL,RUBBE,0.04,6131.745,3,3,6131.745,0.0,0.0,0.0,0.0,153293.625
1668324,IT,ES,WHOLE,RAILW,0.05,6131.623,3,3,6131.623,0.0,0.0,0.0,0.0,122632.46
1710627,IT,LU,MEATC,HOTEL,0.02,6131.51,3,3,6131.51,0.0,0.0,0.0,0.0,306575.5
1710823,IT,LU,PAPER,BASIC,0.02,6130.795,3,3,6130.795,0.0,0.0,0.0,0.0,306539.75
1789071,IT,WA,WHITE,SANDC,0.03,6130.315,3,3,6130.315,0.0,0.0,0.0,0.0,204343.833333
1640986,IT,AT,WOODW,RAILW,0.02,6130.3,3,3,6130.3,0.0,0.0,0.0,0.0,306515.0
1798391,IT,WE,CRUDE,REFI1,0.01,6130.022,3,3,6130.022,0.0,0.0,0.0,0.0,613002.2
1752754,IT,CA,WOODW,BEVER,0.02,6129.877,3,3,6129.877,0.0,0.0,0.0,0.0,306493.85
1781108,IT,TW,PUBLI,FINAN,0.1,6129.659,3,3,6129.659,0.0,0.0,0.0,0.0,61296.59
1654429,IT,CZ,WHOLE,LANDT,0.05,6129.469,3,3,6129.469,0.0,0.0,0.0,0.0,122589.38
1659854,IT,DE,LANDT,GASWO,0.04,6128.871,3,3,6128.871,0.0,0.0,0.0,0.0,153221.775
1713002,IT,MT,CHEMI,CERAM,0.01,6128.813,3,3,6128.813,0.0,0.0,0.0,0.0,612881.3
1743523,IT,US,RETA1,AUXIL,0.06,6127.401,3,3,6127.401,0.0,0.0,0.0,0.0,102123.35
1760289,IT,IN,FORES,RAWMI,0.05,6127.374,4,4,6125.374,0.0,2.0,0.0,0.0,122547.48
1662106,IT,DK,CHEM1,FOOD2,0.01,6127.37,3,3,6127.37,0.0,0.0,0.0,0.0,612737.0
1772267,IT,CH,NAPHT,NAPHT,0.01,6127.242,3,3,6127.242,0.0,0.0,0.0,0.0,612724.2
1796753,IT,WL,LANDT,GLASS,0.04,6127.216,3,3,6127.216,0.0,0.0,0.0,0.0,153180.4
1689051,IT,IE,MOTO1,AUXIL,0.03,6127.174,3,3,6127.174,0.0,0.0,0.0,0.0,204239.133333
1806364,IT,WF,MOTO1,MEAT4,0.03,6127.039,3,3,6127.039,0.0,0.0,0.0,0.0,204234.633333
1648923,IT,BG,WEARI,MOTOR,0.05,6126.982,3,3,6126.982,0.0,0.0,0.0,0.0,122539.64
1651195,IT,BG,BUSIN,SECO9,0.06,6126.774,3,3,6126.774,0.0,0.0,0.0,0.0,102112.9
1783512,IT,NO,OILHA,COPP1,0.04,6126.677,3,3,6126.677,0.0,0.0,0.0,0.0,153166.925
1795817,IT,WL,MACHI,ELE11,0.03,6126.428,3,3,6126.428,0.0,0.0,0.0,0.0,204214.266667
1764802,IT,MX,LANDT,RETA1,0.04,6126.397,3,3,6126.397,0.0,0.0,0.0,0.0,153159.925
1731479,IT,SI,BEVER,RETAI,0.03,6126.371,3,3,6126.371,0.0,0.0,0.0,0.0,204212.366667
1718626,IT,PL,LEATH,SALEM,0.04,6126.321,3,3,6126.321,0.0,0.0,0.0,0.0,153158.025
1676687,IT,FR,RAILW,BIODI,0.04,6125.747,3,3,6125.747,0.0,0.0,0.0,0.0,153143.675
1773335,IT,CH,MACHI,COPP1,0.03,6125.726,3,3,6125.726,0.0,0.0,0.0,0.0,204190.866667
1797843,IT,WL,FOOD2,CONST,0.04,6125.624,3,3,6125.624,0.0,0.0,0.0,0.0,153140.6
1654805,IT,CZ,SUPPO,ELEC1,0.04,6125.487,3,3,6125.487,0.0,0.0,0.0,0.0,153137.175
1661415,IT,DK,VEGE1,RETA1,0.02,6125.337,3,3,6125.337,0.0,0.0,0.0,0.0,306266.85
1717001,IT,NL,LANDT,COKEO,0.04,6125.331,3,3,6125.331,0.0,0.0,0.0,0.0,153133.275
1773678,IT,CH,FURNI,ALUM1,0.02,6125.151,3,3,6125.151,0.0,0.0,0.0,0.0,306257.55
1722777,IT,PT,PAPER,NFERT,0.02,6125.096,3,3,6125.096,0.0,0.0,0.0,0.0,306254.8
1679871,IT,GR,LEAD1,REALE,0.01,6124.764,3,3,6124.764,0.0,0.0,0.0,0.0,612476.4
1720606,IT,PL,MOTO1,COKIN,0.03,6124.657,3,3,6124.657,0.0,0.0,0.0,0.0,204155.233333
1759952,IT,BR,PLAS1,WHOLE,0.02,6124.513,3,3,6124.513,0.0,0.0,0.0,0.0,306225.65
1775635,IT,CH,93197,DIST1,0.04,6124.244,3,3,6124.244,0.0,0.0,0.0,0.0,153106.1
1745490,IT,JP,FOOD5,CEMEN,0.03,6124.026,3,3,6124.026,0.0,0.0,0.0,0.0,204134.2
1763674,IT,MX,RUBBE,ADDIT,0.02,6124.007,3,3,6124.007,0.0,0.0,0.0,0.0,306200.35
1752805,IT,CA,PAPER,LEATH,0.02,6123.715,3,3,6123.715,0.0,0.0,0.0,0.0,306185.75
1803335,IT,WF,STONE,PUBLI,0.02,6123.535,3,3,6123.535,0.0,0.0,0.0,0.0,306176.75
1670389,IT,FI,PROCE,WEARI,0.04,6123.511,3,3,6123.511,0.0,0.0,0.0,0.0,153087.775
1763728,IT,MX,GLASS,CROPS,0.02,6123.316,3,3,6123.316,0.0,0.0,0.0,0.0,306165.8
1686801,IT,HU,FABRI,LIQUE,0.02,6123.199,3,3,6123.199,0.0,0.0,0.0,0.0,306159.95
1671711,IT,FI,SALEM,GLASS,0.05,6122.999,3,3,6122.999,0.0,0.0,0.0,0.0,122459.98
1736072,IT,SK,FURNI,RESEA,0.02,6122.877,3,3,6122.877,0.0,0.0,0.0,0.0,306143.85
1737267,IT,GB,FOOD5,BIOGA,0.03,6122.749,3,3,6122.749,0.0,0.0,0.0,0.0,204091.633333
1775791,IT,TR,CHEMI,STONE,0.01,6122.739,3,3,6122.739,0.0,0.0,0.0,0.0,612273.9
1684981,IT,HU,VEGE1,ANIMA,0.02,6122.715,3,3,6122.715,0.0,0.0,0.0,0.0,306135.75
1781681,IT,NO,LEATH,PAPE1,0.04,6122.688,3,3,6122.688,0.0,0.0,0.0,0.0,153067.2
1813161,IT,WM,MOTO1,MACHI,0.03,6122.654,3,3,6122.654,0.0,0.0,0.0,0.0,204088.466667
1664767,IT,ES,PADDY,CONST,0.06,6122.647,3,3,6122.647,0.0,0.0,0.0,0.0,102044.116667
1686925,IT,HU,MACHI,NONSP,0.03,6122.374,3,3,6122.374,0.0,0.0,0.0,0.0,204079.133333
1721886,IT,PL,RENTI,WEARI,0.04,6122.253,3,3,6122.253,0.0,0.0,0.0,0.0,153056.325
1736193,IT,SK,WHOLE,MACHI,0.05,6122.123,3,3,6122.123,0.0,0.0,0.0,0.0,122442.46
1728191,IT,SE,FOOD5,CROPS,0.03,6122.01,3,3,6122.01,0.0,0.0,0.0,0.0,204067.0
1678298,IT,FR,FOOD3,COLLE,0.02,6121.54,3,3,6121.54,0.0,0.0,0.0,0.0,306077.0
1757140,IT,BR,STONE,CATTL,0.02,6121.43,3,3,6121.43,0.0,0.0,0.0,0.0,306071.5
1667108,IT,ES,NONME,TEXT2,0.01,6121.293,3,3,6121.293,0.0,0.0,0.0,0.0,612129.3
1803570,IT,WF,DAIRY,BUSIN,0.02,6121.26,3,3,6121.26,0.0,0.0,0.0,0.0,306063.0
1729476,IT,SE,ALUM1,MOTOR,0.01,6121.161,3,3,6121.161,0.0,0.0,0.0,0.0,612116.1
1746376,IT,JP,RUBBE,CERAM,0.02,6120.931,3,3,6120.931,0.0,0.0,0.0,0.0,306046.55
1802618,IT,WE,AUXIL,BUSIN,0.11,6120.411,3,3,6120.411,0.0,0.0,0.0,0.0,55640.1
1652015,IT,CZ,VEGET,RUBBE,0.02,6120.131,3,3,6120.131,0.0,0.0,0.0,0.0,306006.55
1746644,IT,JP,COPP1,NONF1,0.02,6119.69,3,3,6119.69,0.0,0.0,0.0,0.0,305984.5
1640299,IT,AT,SANDC,TRAN1,0.01,6119.682,4,4,6118.682,0.0,0.0,1.0,0.0,611968.2
1717912,IT,PL,FORES,WHOLE,0.05,6119.572,4,4,6117.572,0.0,2.0,0.0,0.0,122391.44
1803811,IT,WF,TEXTI,NAPHT,0.04,6119.442,3,3,6119.442,0.0,0.0,0.0,0.0,152986.05
1678831,IT,GR,BEVER,ELEC1,0.03,6119.371,3,3,6119.371,0.0,0.0,0.0,0.0,203979.033333
1745477,IT,JP,FOOD5,TEXTI,0.03,6119.244,3,3,6119.244,0.0,0.0,0.0,0.0,203974.8
1747132,IT,JP,CONST,SUGA1,0.03,6118.828,3,3,6118.828,0.0,0.0,0.0,0.0,203960.933333
1746576,IT,JP,PREC1,CATTL,0.01,6118.471,3,3,6118.471,0.0,0.0,0.0,0.0,611847.1
1664735,IT,EE,SUPPO,BUSIN,0.04,6118.422,3,3,6118.422,0.0,0.0,0.0,0.0,152960.55
1756424,IT,KR,CONST,TOBAC,0.03,6118.151,3,3,6118.151,0.0,0.0,0.0,0.0,203938.366667
1748654,IT,CN,DAIRY,POSTT,0.02,6118.029,3,3,6118.029,0.0,0.0,0.0,0.0,305901.45
1800519,IT,WE,RUBBE,BRICK,0.02,6117.999,3,3,6117.999,0.0,0.0,0.0,0.0,305899.95
1779816,IT,TR,PUBLI,VEGET,0.1,6117.239,3,3,6117.239,0.0,0.0,0.0,0.0,61172.39
1722678,IT,PT,LEATH,TEXTI,0.04,6116.944,3,3,6116.944,0.0,0.0,0.0,0.0,152923.6
1735992,IT,SK,TRANS,WEARI,0.04,6116.809,3,3,6116.809,0.0,0.0,0.0,0.0,152920.225
1645113,IT,BE,PAPER,FOODW,0.02,6116.593,3,3,6116.593,0.0,0.0,0.0,0.0,305829.65
1785447,IT,ZA,PAPER,FOOD3,0.02,6116.558,3,3,6116.558,0.0,0.0,0.0,0.0,305827.9
1729635,IT,SE,FABRI,GASDI,0.02,6116.367,3,3,6116.367,0.0,0.0,0.0,0.0,305818.35
1717621,IT,NL,BUSIN,FORES,0.06,6116.185,3,3,6116.185,0.0,0.0,0.0,0.0,101936.416667
1719200,IT,PL,PLAST,SEWAG,0.01,6115.991,3,3,6115.991,0.0,0.0,0.0,0.0,611599.1
1782771,IT,NO,HOTEL,PULP5,0.04,6115.696,3,3,6115.696,0.0,0.0,0.0,0.0,152892.4
1684836,IT,HU,CRUDE,CROPS,0.01,6115.572,3,3,6115.572,0.0,0.0,0.0,0.0,611557.2
1809961,IT,WM,FISH5,NAPHT,0.03,6115.558,4,4,6115.555,0.0,0.0,0.0,0.003,203851.933333
1689293,IT,IE,WHOLE,MEMBE,0.05,6115.554,3,3,6115.554,0.0,0.0,0.0,0.0,122311.08
1653685,IT,CZ,ALUM1,FOOD2,0.01,6115.525,3,3,6115.525,0.0,0.0,0.0,0.0,611552.5
1740034,IT,GB,RENTI,NUCLE,0.04,6115.193,3,3,6115.193,0.0,0.0,0.0,0.0,152879.825
1730724,IT,SE,RESEA,WOODW,0.03,6115.1,3,3,6115.1,0.0,0.0,0.0,0.0,203836.666667
1731276,IT,SI,MEAT1,COMPU,0.03,6114.742,3,3,6114.742,0.0,0.0,0.0,0.0,203824.733333
1711188,IT,LU,MACHI,RAWMI,0.03,6114.697,3,3,6114.697,0.0,0.0,0.0,0.0,203823.233333
1737869,IT,GB,PLAST,PREC1,0.01,6114.565,3,3,6114.565,0.0,0.0,0.0,0.0,611456.5
1712419,IT,LV,NONME,REALE,0.01,6114.395,3,3,6114.395,0.0,0.0,0.0,0.0,611439.5
1783992,IT,ID,FOOD5,BEVER,0.03,6113.973,3,3,6113.973,0.0,0.0,0.0,0.0,203799.1
1785773,IT,ZA,PLAST,ELEC1,0.01,6113.512,3,3,6113.512,0.0,0.0,0.0,0.0,611351.2
1744849,IT,US,RESEA,PLAS2,0.03,6113.275,3,3,6113.275,0.0,0.0,0.0,0.0,203775.833333
1736437,IT,SK,LANDT,COLLE,0.04,6113.223,3,3,6113.223,0.0,0.0,0.0,0.0,152830.575
1723433,IT,PT,PREC1,PAPER,0.01,6113.027,3,3,6113.027,0.0,0.0,0.0,0.0,611302.7
1713484,IT,MT,RUBBE,FOOD5,0.02,6113.026,3,3,6113.026,0.0,0.0,0.0,0.0,305651.3
1774795,IT,CH,POSTT,NONME,0.1,6112.951,3,3,6112.951,0.0,0.0,0.0,0.0,61129.51
1660704,IT,DE,RENTI,CERAM,0.04,6112.314,3,3,6112.314,0.0,0.0,0.0,0.0,152807.85
1688521,IT,IE,WOODW,PUBLI,0.02,6112.014,3,3,6112.014,0.0,0.0,0.0,0.0,305600.7
1687057,IT,HU,MOTO1,GASDI,0.03,6111.792,3,3,6111.792,0.0,0.0,0.0,0.0,203726.4
1771995,IT,CH,PAPER,FOOD1,0.02,6111.78,3,3,6111.78,0.0,0.0,0.0,0.0,305589.0
1647058,IT,BE,HOTEL,CROPS,0.04,6111.67,3,3,6111.67,0.0,0.0,0.0,0.0,152791.75
1762966,IT,MX,DAIRY,DAIRY,0.02,6111.663,3,3,6111.663,0.0,0.0,0.0,0.0,305583.15
1729918,IT,SE,FURNI,OFFIC,0.02,6111.222,3,3,6111.222,0.0,0.0,0.0,0.0,305561.1
1723756,IT,PT,OFFIC,MEATA,0.02,6111.075,3,3,6111.075,0.0,0.0,0.0,0.0,305553.75
1645187,IT,BE,PRINT,INSUR,0.06,6110.957,3,3,6110.957,0.0,0.0,0.0,0.0,101849.283333
1725178,IT,RO,VEGE1,EDUCA,0.02,6110.579,3,3,6110.579,0.0,0.0,0.0,0.0,305528.95
1803641,IT,WF,FOOD5,FURNI,0.03,6110.443,3,3,6110.443,0.0,0.0,0.0,0.0,203681.433333
1808208,IT,WF,OILHA,MEMBE,0.04,6110.439,3,3,6110.439,0.0,0.0,0.0,0.0,152760.975
1667706,IT,ES,MACHI,AUXIL,0.03,6110.436,3,3,6110.436,0.0,0.0,0.0,0.0,203681.2
1671367,IT,FI,COPP1,RENTI,0.02,6110.287,3,3,6110.287,0.0,0.0,0.0,0.0,305514.35
1647734,IT,BE,INSUR,ELEC3,0.13,6109.976,3,3,6109.976,0.0,0.0,0.0,0.0,46999.815385
1737120,IT,GB,MEAT4,MEAT4,0.03,6109.771,3,3,6109.771,0.0,0.0,0.0,0.0,203659.033333
1663382,IT,DK,POSTT,MOTO1,0.1,6109.765,3,3,6109.765,0.0,0.0,0.0,0.0,61097.65
1793364,IT,WL,VEGET,TOBAC,0.02,6109.473,3,3,6109.473,0.0,0.0,0.0,0.0,305473.65
1643708,IT,AT,SUPPO,GLASS,0.04,6109.294,3,3,6109.294,0.0,0.0,0.0,0.0,152732.35
1806539,IT,WF,FURNI,SUGA1,0.02,6109.128,3,3,6109.128,0.0,0.0,0.0,0.0,305456.4
1652684,IT,CZ,PAPER,MEATA,0.02,6109.053,3,3,6109.053,0.0,0.0,0.0,0.0,305452.65
1652664,IT,CZ,WOODW,HEALT,0.02,6108.773,3,3,6108.773,0.0,0.0,0.0,0.0,305438.65
1772992,IT,CH,PREC1,PLAS1,0.01,6108.759,3,3,6108.759,0.0,0.0,0.0,0.0,610875.9
1787672,IT,WA,VEGE1,SUGAR,0.02,6108.545,3,3,6108.545,0.0,0.0,0.0,0.0,305427.25
1757334,IT,BR,TEXTI,PAPER,0.04,6108.513,3,3,6108.513,0.0,0.0,0.0,0.0,152712.825
1687808,IT,HU,POSTT,WHOLE,0.1,6108.427,3,3,6108.427,0.0,0.0,0.0,0.0,61084.27
1764026,IT,MX,COPP1,PREC1,0.02,6108.33,3,3,6108.33,0.0,0.0,0.0,0.0,305416.5
1763670,IT,MX,RUBBE,NAPHT,0.02,6108.08,3,3,6108.08,0.0,0.0,0.0,0.0,305404.0
1689772,IT,IE,INSUR,MEATA,0.13,6107.574,3,3,6107.574,0.0,0.0,0.0,0.0,46981.338462
1713418,IT,MT,NUCLE,NONME,0.01,6107.407,3,3,6107.407,0.0,0.0,0.0,0.0,610740.7
1682374,IT,HR,WOODW,PAPE4,0.02,6106.879,3,3,6106.879,0.0,0.0,0.0,0.0,305343.95
1719691,IT,PL,NONME,PRINT,0.01,6106.691,3,3,6106.691,0.0,0.0,0.0,0.0,610669.1
1713069,IT,MT,VEGE1,COMPU,0.02,6106.472,3,3,6106.472,0.0,0.0,0.0,0.0,305323.6
1801279,IT,WE,MACHI,PEAT2,0.03,6106.374,3,3,6106.374,0.0,0.0,0.0,0.0,203545.8
1671097,IT,FI,RUBBE,SEWAG,0.02,6106.34,3,3,6106.34,0.0,0.0,0.0,0.0,305317.0
1760392,IT,IN,DAIRY,FOOD5,0.02,6106.035,3,3,6106.035,0.0,0.0,0.0,0.0,305301.75
1671379,IT,FI,FABRI,CROPS,0.02,6105.501,3,3,6105.501,0.0,0.0,0.0,0.0,305275.05
1810005,IT,WM,TEXTI,ANIMA,0.04,6105.497,3,3,6105.497,0.0,0.0,0.0,0.0,152637.425
1770769,IT,AU,RENTI,RENTI,0.04,6105.292,3,3,6105.292,0.0,0.0,0.0,0.0,152632.3
1664414,IT,EE,MACHI,LEAD1,0.03,6105.292,3,3,6105.292,0.0,0.0,0.0,0.0,203509.733333
1787902,IT,WA,BEVER,LIQUE,0.03,6104.703,3,3,6104.703,0.0,0.0,0.0,0.0,203490.1
1763004,IT,MX,FOOD5,BUSIN,0.03,6104.181,3,3,6104.181,0.0,0.0,0.0,0.0,203472.7
1657216,IT,DE,CHEM1,REFIN,0.01,6103.831,3,3,6103.831,0.0,0.0,0.0,0.0,610383.1
1688729,IT,IE,CHEM1,SEWAG,0.01,6103.61,3,3,6103.61,0.0,0.0,0.0,0.0,610361.0
1730879,IT,SE,FOODW,BUSIN,0.05,6103.518,3,3,6103.518,0.0,0.0,0.0,0.0,122070.36
1661910,IT,DK,PRINT,MEDIC,0.06,6103.317,3,3,6103.317,0.0,0.0,0.0,0.0,101721.95
1730425,IT,SE,POSTT,ALUM1,0.1,6102.627,3,3,6102.627,0.0,0.0,0.0,0.0,61026.27
1775073,IT,CH,RENTI,CONST,0.04,6102.366,3,3,6102.366,0.0,0.0,0.0,0.0,152559.15
1678234,IT,FR,OILHA,PAPE4,0.04,6102.033,3,3,6102.033,0.0,0.0,0.0,0.0,152550.825
1787914,IT,WA,BEVER,BLAST,0.03,6101.819,3,3,6101.819,0.0,0.0,0.0,0.0,203393.966667
1664989,IT,ES,CHEMI,TEXTI,0.01,6101.684,3,3,6101.684,0.0,0.0,0.0,0.0,610168.4
1683607,IT,HR,FABRI,ANIMA,0.02,6101.677,3,3,6101.677,0.0,0.0,0.0,0.0,305083.85
1751572,IT,CN,POSTT,CEMEN,0.1,6101.506,3,3,6101.506,0.0,0.0,0.0,0.0,61015.06
1718973,IT,PL,PRINT,FOOD2,0.06,6101.372,3,3,6101.372,0.0,0.0,0.0,0.0,101689.533333
1679064,IT,GR,WOODW,RENTI,0.02,6101.372,3,3,6101.372,0.0,0.0,0.0,0.0,305068.6
1760657,IT,IN,PAPER,SUGAR,0.02,6101.15,3,3,6101.15,0.0,0.0,0.0,0.0,305057.5
1803954,IT,WF,LEATH,VEGET,0.04,6101.092,3,3,6101.092,0.0,0.0,0.0,0.0,152527.3
1678127,IT,FR,PAPE1,FOOD4,0.04,6101.067,3,3,6101.067,0.0,0.0,0.0,0.0,152526.675
1670667,IT,FI,LEATH,FOOD3,0.04,6100.807,3,3,6100.807,0.0,0.0,0.0,0.0,152520.175
1667248,IT,ES,PREC1,SEACO,0.01,6100.536,3,3,6100.536,0.0,0.0,0.0,0.0,610053.6
1653433,IT,CZ,NONME,PULP5,0.01,6100.525,3,3,6100.525,0.0,0.0,0.0,0.0,610052.5
1745142,IT,US,RECRE,PUBLI,0.08,6100.291,3,3,6100.291,0.0,0.0,0.0,0.0,76253.6375
1732276,IT,SI,LIQUE,RENTI,0.01,6099.895,3,3,6099.895,0.0,0.0,0.0,0.0,609989.5
1739882,IT,GB,FINAN,COLLE,0.08,6099.802,3,3,6099.802,0.0,0.0,0.0,0.0,76247.525
1687312,IT,HU,RETA1,RADIO,0.06,6099.778,3,3,6099.778,0.0,0.0,0.0,0.0,101662.966667
1744145,IT,US,SUPPO,INLAN,0.04,6099.633,3,3,6099.633,0.0,0.0,0.0,0.0,152490.825
1732305,IT,SI,NAPHT,BIODI,0.01,6099.336,3,3,6099.336,0.0,0.0,0.0,0.0,609933.6
1671978,IT,FI,LANDT,DISTR,0.04,6099.251,3,3,6099.251,0.0,0.0,0.0,0.0,152481.275
1726896,IT,RO,RETA1,RENTI,0.06,6099.126,3,3,6099.126,0.0,0.0,0.0,0.0,101652.1
1782996,IT,NO,POSTT,SALEM,0.1,6098.871,3,3,6098.871,0.0,0.0,0.0,0.0,60988.71
1710436,IT,LT,LANDT,FOOD5,0.04,6098.336,3,3,6098.336,0.0,0.0,0.0,0.0,152458.4
1771196,IT,CH,MEAT4,SUPPO,0.03,6098.327,3,3,6098.327,0.0,0.0,0.0,0.0,203277.566667
1666679,IT,ES,BIODI,VEGET,0.01,6098.273,3,3,6098.273,0.0,0.0,0.0,0.0,609827.3
1671904,IT,FI,HOTEL,93197,0.04,6097.99,3,3,6097.99,0.0,0.0,0.0,0.0,152449.75
1711073,IT,LU,PREC1,HOTEL,0.01,6097.97,3,3,6097.97,0.0,0.0,0.0,0.0,609797.0
1790258,IT,WA,PREC1,POSTT,0.01,6097.581,3,3,6097.581,0.0,0.0,0.0,0.0,609758.1
1750894,IT,CN,CONST,CRUDE,0.03,6097.212,3,3,6097.212,0.0,0.0,0.0,0.0,203240.4
1710611,IT,LU,STONE,WHOLE,0.02,6097.066,3,3,6097.066,0.0,0.0,0.0,0.0,304853.3
1718640,IT,PL,LEATH,PUBLI,0.04,6097.058,3,3,6097.058,0.0,0.0,0.0,0.0,152426.45
1777682,IT,TR,COPP1,KEROS,0.02,6096.952,3,3,6096.952,0.0,0.0,0.0,0.0,304847.6
1723333,IT,PT,NONME,NFERT,0.01,6096.913,3,3,6096.913,0.0,0.0,0.0,0.0,609691.3
1800349,IT,WE,CHEM1,FISH5,0.01,6096.897,3,3,6096.897,0.0,0.0,0.0,0.0,609689.7
1774778,IT,CH,POSTT,TOBAC,0.1,6096.774,3,3,6096.774,0.0,0.0,0.0,0.0,60967.74
1729629,IT,SE,FABRI,LEATH,0.02,6096.462,3,3,6096.462,0.0,0.0,0.0,0.0,304823.1
1769848,IT,AU,OFFIC,FABRI,0.02,6096.296,3,3,6096.296,0.0,0.0,0.0,0.0,304814.8
1732273,IT,SI,LIQUE,FINAN,0.01,6096.145,3,3,6096.145,0.0,0.0,0.0,0.0,609614.5
1712476,IT,LV,COPP1,CEMEN,0.02,6096.044,3,3,6096.044,0.0,0.0,0.0,0.0,304802.2
1720644,IT,PL,MOTO1,BRICK,0.03,6095.889,3,3,6095.889,0.0,0.0,0.0,0.0,203196.3
1767402,IT,RU,LANDT,LIQUE,0.04,6095.098,3,3,6095.098,0.0,0.0,0.0,0.0,152377.45
1738722,IT,GB,MACHI,FINAN,0.03,6094.925,3,3,6094.925,0.0,0.0,0.0,0.0,203164.166667
1683624,IT,HR,FABRI,FISH5,0.02,6094.838,3,3,6094.838,0.0,0.0,0.0,0.0,304741.9
1673468,IT,FR,WEARI,PLAS1,0.05,6094.485,3,3,6094.485,0.0,0.0,0.0,0.0,121889.7
1641899,IT,AT,BIODI,MEDIC,0.01,6094.384,3,3,6094.384,0.0,0.0,0.0,0.0,609438.4
1807520,IT,WF,RENTI,RUBBE,0.04,6093.713,3,3,6093.713,0.0,0.0,0.0,0.0,152342.825
1641044,IT,AT,PAPER,CEREA,0.02,6093.692,3,3,6093.692,0.0,0.0,0.0,0.0,304684.6
1772328,IT,CH,PLAST,OFFIC,0.01,6093.652,3,3,6093.652,0.0,0.0,0.0,0.0,609365.2
1810387,IT,WM,WOODW,FOOD3,0.02,6093.545,3,3,6093.545,0.0,0.0,0.0,0.0,304677.25
1797787,IT,WL,OILHA,MOTOR,0.03,6093.344,3,3,6093.344,0.0,0.0,0.0,0.0,203111.466667
1773843,IT,CH,ELEC5,WOODW,0.07,6093.029,3,3,6093.029,0.0,0.0,0.0,0.0,87043.271429
1687102,IT,HU,MOTO1,PAPE4,0.03,6092.868,3,3,6092.868,0.0,0.0,0.0,0.0,203095.6
1649297,IT,BG,NAPHT,RESEA,0.01,6092.672,3,3,6092.672,0.0,0.0,0.0,0.0,609267.2
1671008,IT,FI,ADDIT,HEAVY,0.01,6092.49,3,3,6092.49,0.0,0.0,0.0,0.0,609249.0
1809726,IT,WM,SUGA1,WHOLE,0.02,6092.378,3,3,6092.378,0.0,0.0,0.0,0.0,304618.9
1728409,IT,SE,WEARI,LEADZ,0.05,6092.207,3,3,6092.207,0.0,0.0,0.0,0.0,121844.14
1687358,IT,HU,HOTEL,DAIRY,0.04,6092.17,3,3,6092.17,0.0,0.0,0.0,0.0,152304.25
1726698,IT,RO,FURNI,NATUR,0.02,6092.128,3,3,6092.128,0.0,0.0,0.0,0.0,304606.4
1733984,IT,SI,SUPPO,HEALT,0.04,6091.981,3,3,6091.981,0.0,0.0,0.0,0.0,152299.525
1679623,IT,GR,GLASS,MEAT4,0.02,6091.765,3,3,6091.765,0.0,0.0,0.0,0.0,304588.25
1722802,IT,PT,PAPER,ELEC2,0.02,6091.246,3,3,6091.246,0.0,0.0,0.0,0.0,304562.3
1649278,IT,BG,LIQUE,OFFIC,0.01,6091.157,3,3,6091.157,0.0,0.0,0.0,0.0,609115.7
1786506,IT,ZA,TRANS,URANI,0.04,6091.1,3,3,6091.1,0.0,0.0,0.0,0.0,152277.5
1668490,IT,ES,HOTEL,SUGA1,0.04,6091.03,3,3,6091.03,0.0,0.0,0.0,0.0,152275.75
1775675,IT,TR,VEGET,RUBBE,0.02,6090.899,3,3,6090.899,0.0,0.0,0.0,0.0,304544.95
1642998,IT,AT,CONST,TEXTI,0.03,6090.739,3,3,6090.739,0.0,0.0,0.0,0.0,203024.633333
1763137,IT,MX,LEATH,LEADZ,0.04,6090.494,3,3,6090.494,0.0,0.0,0.0,0.0,152262.35
1713486,IT,MT,RUBBE,TEXTI,0.02,6090.289,3,3,6090.289,0.0,0.0,0.0,0.0,304514.45
1650230,IT,BG,FURNI,PFERT,0.02,6090.219,3,3,6090.219,0.0,0.0,0.0,0.0,304510.95
1719982,IT,PL,ALUM1,POULT,0.01,6090.04,3,3,6090.04,0.0,0.0,0.0,0.0,609004.0
1735387,IT,SK,NONME,INERT,0.01,6089.72,3,3,6089.72,0.0,0.0,0.0,0.0,608972.0
1665795,IT,ES,PAPER,TEXT1,0.02,6089.454,3,3,6089.454,0.0,0.0,0.0,0.0,304472.7
1643977,IT,AT,COMPU,HOTEL,0.07,6089.45,3,3,6089.45,0.0,0.0,0.0,0.0,86992.142857
1776011,IT,TR,TEXTI,DAIRY,0.04,6089.415,3,3,6089.415,0.0,0.0,0.0,0.0,152235.375
1676121,IT,FR,ELEC8,POSTT,0.08,6089.295,3,3,6089.295,0.0,0.0,0.0,0.0,76116.1875
1749551,IT,CN,PLAST,BIODI,0.01,6089.173,3,3,6089.173,0.0,0.0,0.0,0.0,608917.3
1734676,IT,SK,WEARI,HEALT,0.05,6089.132,3,3,6089.132,0.0,0.0,0.0,0.0,121782.64
1792762,IT,WA,BUSIN,BIOG1,0.06,6089.074,3,3,6089.074,0.0,0.0,0.0,0.0,101484.566667
1793552,IT,WL,MEAT4,MOTOR,0.03,6089.055,3,3,6089.055,0.0,0.0,0.0,0.0,202968.5
1684531,IT,HR,BUSIN,PULP5,0.06,6088.849,3,3,6088.849,0.0,0.0,0.0,0.0,101480.816667
1779866,IT,TR,PUBLI,SALEM,0.1,6088.444,3,3,6088.444,0.0,0.0,0.0,0.0,60884.44
1800344,IT,WE,CHEM1,VEGE1,0.01,6088.051,3,3,6088.051,0.0,0.0,0.0,0.0,608805.1
1659573,IT,DE,HOTEL,MEAT4,0.04,6088.03,3,3,6088.03,0.0,0.0,0.0,0.0,152200.75
1646416,IT,BE,FABRI,SEWAG,0.02,6087.852,3,3,6087.852,0.0,0.0,0.0,0.0,304392.6
1765371,IT,RU,BEVER,FURNI,0.03,6086.935,3,3,6086.935,0.0,0.0,0.0,0.0,202897.833333
1796558,IT,WL,RETA1,MEMBE,0.06,6086.92,3,3,6086.92,0.0,0.0,0.0,0.0,101448.666667
1663763,IT,EE,FOOD5,EDUCA,0.03,6086.854,3,3,6086.854,0.0,0.0,0.0,0.0,202895.133333
1735979,IT,SK,MOTO1,INTER,0.03,6086.797,3,3,6086.797,0.0,0.0,0.0,0.0,202893.233333
1653595,IT,CZ,PREC1,GASDI,0.01,6086.704,3,3,6086.704,0.0,0.0,0.0,0.0,608670.4
1725282,IT,RO,BEVER,MEATC,0.03,6086.693,3,3,6086.693,0.0,0.0,0.0,0.0,202889.766667
1783439,IT,NO,INTER,FOOD3,0.04,6086.563,3,3,6086.563,0.0,0.0,0.0,0.0,152164.075
1712461,IT,LV,ALUM1,WOODW,0.01,6086.414,3,3,6086.414,0.0,0.0,0.0,0.0,608641.4
1641926,IT,AT,BIODI,RECRE,0.01,6086.373,3,3,6086.373,0.0,0.0,0.0,0.0,608637.3
1775867,IT,TR,DAIRY,FURNI,0.02,6086.077,3,3,6086.077,0.0,0.0,0.0,0.0,304303.85
1784003,IT,ID,FOOD5,RECRE,0.03,6084.461,3,3,6084.461,0.0,0.0,0.0,0.0,202815.366667
1777451,IT,TR,NONME,REALE,0.01,6084.127,3,3,6084.127,0.0,0.0,0.0,0.0,608412.7
1659189,IT,DE,CONST,WHOLE,0.03,6084.117,3,3,6084.117,0.0,0.0,0.0,0.0,202803.9
1651299,IT,CY,FISH5,HOTEL,0.03,6084.055,4,4,6084.052,0.0,0.0,0.0,0.003,202801.833333
1753472,IT,CA,FABRI,ELEC1,0.02,6083.571,3,3,6083.571,0.0,0.0,0.0,0.0,304178.55
1737187,IT,GB,DAIRY,CONST,0.02,6083.552,3,3,6083.552,0.0,0.0,0.0,0.0,304177.6
1809506,IT,WM,MEAT4,BEVER,0.03,6083.253,3,3,6083.253,0.0,0.0,0.0,0.0,202775.1
1670378,IT,FI,DAIRY,EDUCA,0.02,6083.096,3,3,6083.096,0.0,0.0,0.0,0.0,304154.8
1770347,IT,AU,RAILW,RUBBE,0.04,6083.018,3,3,6083.018,0.0,0.0,0.0,0.0,152075.45
1710017,IT,LT,ALUM1,93197,0.01,6082.92,3,3,6082.92,0.0,0.0,0.0,0.0,608292.0
1677570,IT,FR,REALE,BEVER,0.26,6082.8,3,3,6082.8,0.0,0.0,0.0,0.0,23395.384615
1805455,IT,WF,GLASS,RUBBE,0.02,6082.752,3,3,6082.752,0.0,0.0,0.0,0.0,304137.6
1644388,IT,BE,MEATC,MOTO1,0.02,6082.667,3,3,6082.667,0.0,0.0,0.0,0.0,304133.35
1735357,IT,SK,NONME,FOOD5,0.01,6082.451,3,3,6082.451,0.0,0.0,0.0,0.0,608245.1
1813731,IT,WM,HOTEL,WOODW,0.04,6082.341,3,3,6082.341,0.0,0.0,0.0,0.0,152058.525
1750197,IT,CN,ALUM1,STEAM,0.01,6082.003,3,3,6082.003,0.0,0.0,0.0,0.0,608200.3
1758266,IT,BR,ALUM1,OILSE,0.01,6081.994,3,3,6081.994,0.0,0.0,0.0,0.0,608199.4
1672284,IT,FI,RENTI,OFFIC,0.04,6081.543,3,3,6081.543,0.0,0.0,0.0,0.0,152038.575
1661370,IT,DK,MEATP,BUSIN,0.02,6081.443,3,3,6081.443,0.0,0.0,0.0,0.0,304072.15
1750019,IT,CN,NONME,PREC1,0.01,6081.28,3,3,6081.28,0.0,0.0,0.0,0.0,608128.0
1776014,IT,TR,TEXTI,FISH5,0.04,6081.16,3,3,6081.16,0.0,0.0,0.0,0.0,152029.0
1783399,IT,NO,PLAS1,WOOD2,0.02,6080.974,3,3,6080.974,0.0,0.0,0.0,0.0,304048.7
1747236,IT,JP,SALEM,RETA1,0.05,6080.463,3,3,6080.463,0.0,0.0,0.0,0.0,121609.26
1751555,IT,CN,POSTT,LEATH,0.1,6080.422,3,3,6080.422,0.0,0.0,0.0,0.0,60804.22
1758254,IT,BR,PREC1,PRECI,0.01,6080.237,3,3,6080.237,0.0,0.0,0.0,0.0,608023.7
1767112,IT,RU,FURNI,INLAN,0.02,6079.912,3,3,6079.912,0.0,0.0,0.0,0.0,303995.6
1642537,IT,AT,COPP1,DISTR,0.02,6079.812,3,3,6079.812,0.0,0.0,0.0,0.0,303990.6
1680771,IT,GR,RETA1,MEMBE,0.06,6079.774,3,3,6079.774,0.0,0.0,0.0,0.0,101329.566667
1732403,IT,SI,PLAST,RADIO,0.01,6079.238,3,3,6079.238,0.0,0.0,0.0,0.0,607923.8
1662028,IT,DK,PLAST,SECO9,0.01,6079.068,3,3,6079.068,0.0,0.0,0.0,0.0,607906.8
1652248,IT,CZ,FOOD5,RUBBE,0.03,6078.945,3,3,6078.945,0.0,0.0,0.0,0.0,202631.5
1808177,IT,WF,OILHA,CHARC,0.03,6078.841,3,3,6078.841,0.0,0.0,0.0,0.0,202628.033333
1652264,IT,CZ,FOOD5,SUPPO,0.03,6078.686,3,3,6078.686,0.0,0.0,0.0,0.0,202622.866667
1659712,IT,DE,RAILW,COPP1,0.04,6078.675,3,3,6078.675,0.0,0.0,0.0,0.0,151966.875
1712333,IT,LV,RUBBE,TRANS,0.02,6078.67,3,3,6078.67,0.0,0.0,0.0,0.0,303933.5
1714338,IT,MT,FOOD3,FOOD5,0.02,6078.611,3,3,6078.611,0.0,0.0,0.0,0.0,303930.55
1648868,IT,BG,TEXTI,NONME,0.04,6078.378,3,3,6078.378,0.0,0.0,0.0,0.0,151959.45
1652635,IT,CZ,WOODW,COPP1,0.02,6078.096,3,3,6078.096,0.0,0.0,0.0,0.0,303904.8
1745224,IT,JP,FORES,CONST,0.05,6078.072,4,4,6076.072,0.0,2.0,0.0,0.0,121561.44
1662532,IT,DK,COPP1,PRIVA,0.02,6077.641,3,3,6077.641,0.0,0.0,0.0,0.0,303882.05
1757405,IT,BR,WOODW,GLASS,0.02,6077.064,3,3,6077.064,0.0,0.0,0.0,0.0,303853.2
1814230,IT,WM,POSTT,NATU1,0.1,6076.849,3,3,6076.849,0.0,0.0,0.0,0.0,60768.49
1782995,IT,NO,POSTT,CONST,0.1,6076.614,3,3,6076.614,0.0,0.0,0.0,0.0,60766.14
1799559,IT,WE,PRINT,ELEC3,0.06,6076.607,3,3,6076.607,0.0,0.0,0.0,0.0,101276.783333
1811396,IT,WM,PLAST,BITUM,0.01,6076.438,3,3,6076.438,0.0,0.0,0.0,0.0,607643.8
1752052,IT,CN,BUSIN,CATTL,0.06,6076.211,3,3,6076.211,0.0,0.0,0.0,0.0,101270.183333
1799315,IT,WE,WOODW,BEVER,0.02,6076.049,3,3,6076.049,0.0,0.0,0.0,0.0,303802.45
1710055,IT,LT,FABRI,MEATC,0.02,6075.791,3,3,6075.791,0.0,0.0,0.0,0.0,303789.55
1713992,IT,MT,WHOLE,SALEM,0.05,6075.64,3,3,6075.64,0.0,0.0,0.0,0.0,121512.8
1690200,IT,IE,BUSIN,MACHI,0.06,6075.412,3,3,6075.412,0.0,0.0,0.0,0.0,101256.866667
1779891,IT,TR,PUBLI,93197,0.1,6075.066,3,3,6075.066,0.0,0.0,0.0,0.0,60750.66
1649288,IT,BG,NAPHT,BEVER,0.01,6075.043,3,3,6075.043,0.0,0.0,0.0,0.0,607504.3
1756633,IT,KR,LANDT,BEVER,0.04,6075.03,3,3,6075.03,0.0,0.0,0.0,0.0,151875.75
1651755,IT,CY,MACHI,SEACO,0.03,6074.798,3,3,6074.798,0.0,0.0,0.0,0.0,202493.266667
1712604,IT,LV,OFFIC,RUBBE,0.02,6074.531,3,3,6074.531,0.0,0.0,0.0,0.0,303726.55
1680919,IT,GR,LANDT,COMPU,0.04,6074.063,3,3,6074.063,0.0,0.0,0.0,0.0,151851.575
1751847,IT,CN,RENTI,ELEC4,0.04,6073.921,3,3,6073.921,0.0,0.0,0.0,0.0,151848.025
1737994,IT,GB,CHEM1,FOOD3,0.01,6073.919,3,3,6073.919,0.0,0.0,0.0,0.0,607391.9
1760265,IT,IN,VEGET,CHEM1,0.02,6073.915,3,3,6073.915,0.0,0.0,0.0,0.0,303695.75
1774020,IT,CH,RETAI,PLAST,0.05,6073.843,3,3,6073.843,0.0,0.0,0.0,0.0,121476.86
1743733,IT,US,LANDT,NATU1,0.04,6073.806,3,3,6073.806,0.0,0.0,0.0,0.0,151845.15
1785968,IT,ZA,RUBBE,DISTR,0.02,6073.614,3,3,6073.614,0.0,0.0,0.0,0.0,303680.7
1770933,IT,CH,VEGET,POULT,0.02,6073.613,3,3,6073.613,0.0,0.0,0.0,0.0,303680.65
1776230,IT,TR,WOODW,LANDT,0.02,6073.6,3,3,6073.6,0.0,0.0,0.0,0.0,303680.0
1735582,IT,SK,ALUM1,PUBLI,0.01,6073.573,3,3,6073.573,0.0,0.0,0.0,0.0,607357.3
1796417,IT,WL,WHOLE,MEDIC,0.05,6073.565,3,3,6073.565,0.0,0.0,0.0,0.0,121471.3
1766464,IT,RU,PREC1,ELEC4,0.01,6073.367,3,3,6073.367,0.0,0.0,0.0,0.0,607336.7
1779502,IT,TR,RENTI,ELEC2,0.04,6073.205,3,3,6073.205,0.0,0.0,0.0,0.0,151830.125
1757287,IT,BR,PROCE,PUBLI,0.04,6072.988,3,3,6072.988,0.0,0.0,0.0,0.0,151824.7
1718075,IT,PL,MEAT1,RETA1,0.03,6072.658,3,3,6072.658,0.0,0.0,0.0,0.0,202421.933333
1649341,IT,BG,PLAST,LEAD1,0.01,6072.561,3,3,6072.561,0.0,0.0,0.0,0.0,607256.1
1778719,IT,TR,RAILW,FABRI,0.04,6071.794,3,3,6071.794,0.0,0.0,0.0,0.0,151794.85
1796608,IT,WL,HOTEL,LIQUE,0.04,6071.432,3,3,6071.432,0.0,0.0,0.0,0.0,151785.8
1732914,IT,SI,PREC1,AUXIL,0.01,6071.416,3,3,6071.416,0.0,0.0,0.0,0.0,607141.6
1783415,IT,NO,INTER,FOUND,0.04,6071.264,3,3,6071.264,0.0,0.0,0.0,0.0,151781.6
1674825,IT,FR,NONME,SUGAR,0.01,6071.222,3,3,6071.222,0.0,0.0,0.0,0.0,607122.2
1785279,IT,ZA,WEARI,NONFE,0.05,6071.202,3,3,6071.202,0.0,0.0,0.0,0.0,121424.04
1770327,IT,AU,HOTEL,PAPE2,0.04,6071.186,3,3,6071.186,0.0,0.0,0.0,0.0,151779.65
1781145,IT,TW,SEWAG,PUBLI,0.05,6071.182,3,3,6071.182,0.0,0.0,0.0,0.0,121423.64
1727717,IT,RO,COMPU,DISTR,0.07,6071.092,3,3,6071.092,0.0,0.0,0.0,0.0,86729.885714
1752103,IT,CN,BUSIN,BRICK,0.06,6071.06,3,3,6071.06,0.0,0.0,0.0,0.0,101184.333333
1794981,IT,WL,CHEM1,DIST1,0.01,6070.899,3,3,6070.899,0.0,0.0,0.0,0.0,607089.9
1677541,IT,FR,AUXIL,FOOD4,0.11,6070.732,3,3,6070.732,0.0,0.0,0.0,0.0,55188.472727
1684910,IT,HU,CHEMI,NATUR,0.01,6070.645,3,3,6070.645,0.0,0.0,0.0,0.0,607064.5
1793010,IT,WA,FOOD3,STONE,0.02,6070.435,3,3,6070.435,0.0,0.0,0.0,0.0,303521.75
1716920,IT,NL,HOTEL,INERT,0.04,6070.278,3,3,6070.278,0.0,0.0,0.0,0.0,151756.95
1757357,IT,BR,TEXTI,RECRE,0.04,6070.253,3,3,6070.253,0.0,0.0,0.0,0.0,151756.325
1665777,IT,ES,PAPER,AIRTR,0.02,6070.206,3,3,6070.206,0.0,0.0,0.0,0.0,303510.3
1733078,IT,SI,COPP1,FOOD4,0.02,6069.998,3,3,6069.998,0.0,0.0,0.0,0.0,303499.9
1790490,IT,WA,COPP1,BRICK,0.02,6069.986,3,3,6069.986,0.0,0.0,0.0,0.0,303499.3
1726408,IT,RO,FABRI,ANIMA,0.02,6069.571,3,3,6069.571,0.0,0.0,0.0,0.0,303478.55
1756142,IT,KR,MACHI,CRUDE,0.03,6069.205,3,3,6069.205,0.0,0.0,0.0,0.0,202306.833333
1754356,IT,CA,INSUR,TRAN2,0.13,6068.641,3,3,6068.641,0.0,0.0,0.0,0.0,46681.853846
1775687,IT,TR,CROPS,TOBAC,0.05,6068.555,3,3,6068.555,0.0,0.0,0.0,0.0,121371.1
1648915,IT,BG,WEARI,COPPE,0.05,6068.049,3,3,6068.049,0.0,0.0,0.0,0.0,121360.98
1657023,IT,DE,NAPHT,DIST1,0.01,6067.745,3,3,6067.745,0.0,0.0,0.0,0.0,606774.5
1647712,IT,BE,INSUR,REFI1,0.13,6067.57,3,3,6067.57,0.0,0.0,0.0,0.0,46673.615385
1655050,IT,CZ,COMPU,FOOD5,0.07,6067.255,3,3,6067.255,0.0,0.0,0.0,0.0,86675.071429
1736829,IT,SK,BUSIN,POULT,0.06,6066.876,3,3,6066.876,0.0,0.0,0.0,0.0,101114.6
1768430,IT,AU,DAIRY,RAWMI,0.02,6066.785,3,3,6066.785,0.0,0.0,0.0,0.0,303339.25
1770132,IT,AU,WHOLE,RECRE,0.05,6066.619,3,3,6066.619,0.0,0.0,0.0,0.0,121332.38
1755890,IT,KR,NONME,PRIVA,0.01,6066.529,3,3,6066.529,0.0,0.0,0.0,0.0,606652.9
1720811,IT,PL,FURNI,KEROS,0.02,6066.513,3,3,6066.513,0.0,0.0,0.0,0.0,303325.65
1746191,IT,JP,CHEM1,CEREA,0.01,6066.247,3,3,6066.247,0.0,0.0,0.0,0.0,606624.7
1689899,IT,IE,AUXIL,MOTO1,0.11,6066.048,3,3,6066.048,0.0,0.0,0.0,0.0,55145.890909
1712225,IT,LV,PAPER,BASIC,0.02,6065.406,3,3,6065.406,0.0,0.0,0.0,0.0,303270.3
1658165,IT,DE,ALUM1,GASWO,0.01,6065.386,3,3,6065.386,0.0,0.0,0.0,0.0,606538.6
1809548,IT,WM,VEGE1,COPPE,0.02,6065.128,3,3,6065.128,0.0,0.0,0.0,0.0,303256.4
1751830,IT,CN,RENTI,PRINT,0.04,6065.081,3,3,6065.081,0.0,0.0,0.0,0.0,151627.025
1795480,IT,WL,PREC1,RECRE,0.01,6064.933,3,3,6064.933,0.0,0.0,0.0,0.0,606493.3
1686358,IT,HU,NONME,WASTE,0.01,6064.883,3,3,6064.883,0.0,0.0,0.0,0.0,606488.3
1722597,IT,PT,TEXTI,PIGS9,0.04,6064.65,3,3,6064.65,0.0,0.0,0.0,0.0,151616.25
1774692,IT,CH,SUPPO,SANDC,0.04,6064.554,3,3,6064.554,0.0,0.0,0.0,0.0,151613.85
1813556,IT,WM,WHOLE,ETHAN,0.05,6064.454,3,3,6064.454,0.0,0.0,0.0,0.0,121289.08
1794190,IT,WL,PRINT,BRICK,0.06,6064.421,3,3,6064.421,0.0,0.0,0.0,0.0,101073.683333
1686303,IT,HU,NONME,WHEAT,0.01,6064.416,3,3,6064.416,0.0,0.0,0.0,0.0,606441.6
1648047,IT,BE,COMPU,TRAN1,0.07,6064.077,3,3,6064.077,0.0,0.0,0.0,0.0,86629.671429
1644721,IT,BE,BEVER,SEACO,0.03,6063.671,3,3,6063.671,0.0,0.0,0.0,0.0,202122.366667
1808378,IT,WF,WASTE,NICKE,0.02,6063.255,3,3,6063.255,0.0,0.0,0.0,0.0,303162.75
1803263,IT,WF,WOOLS,NONFE,0.02,6063.102,3,3,6063.102,0.0,0.0,0.0,0.0,303155.1
1735049,IT,SK,CHEM1,MEATA,0.01,6063.013,3,3,6063.013,0.0,0.0,0.0,0.0,606301.3
1787807,IT,WA,PROCE,FISH5,0.04,6062.94,3,3,6062.94,0.0,0.0,0.0,0.0,151573.5
1799061,IT,WE,TEXTI,INLAN,0.04,6062.918,3,3,6062.918,0.0,0.0,0.0,0.0,151572.95
1762599,IT,IN,AUXIL,LANDT,0.11,6062.194,3,3,6062.194,0.0,0.0,0.0,0.0,55110.854545
1668026,IT,ES,FURNI,BIODI,0.02,6062.185,3,3,6062.185,0.0,0.0,0.0,0.0,303109.25
1769858,IT,AU,OFFIC,SALEM,0.02,6062.138,3,3,6062.138,0.0,0.0,0.0,0.0,303106.9
1712303,IT,LV,RUBBE,PIGS9,0.02,6061.822,3,3,6061.822,0.0,0.0,0.0,0.0,303091.1
1798919,IT,WE,FISH5,DAIRY,0.03,6061.737,4,4,6061.734,0.0,0.0,0.0,0.003,202057.9
1750818,IT,CN,FURNI,BITU1,0.02,6061.705,3,3,6061.705,0.0,0.0,0.0,0.0,303085.25
1754837,IT,KR,BEVER,FOOD5,0.03,6061.702,3,3,6061.702,0.0,0.0,0.0,0.0,202056.733333
1813129,IT,WM,MOTO1,PULP5,0.03,6061.636,3,3,6061.636,0.0,0.0,0.0,0.0,202054.533333
1762604,IT,IN,AUXIL,RENTI,0.11,6061.286,3,3,6061.286,0.0,0.0,0.0,0.0,55102.6
1747242,IT,JP,SALEM,RENTI,0.05,6061.273,3,3,6061.273,0.0,0.0,0.0,0.0,121225.46
1767343,IT,RU,RAILW,FABRI,0.04,6061.253,3,3,6061.253,0.0,0.0,0.0,0.0,151531.325
1813284,IT,WM,TRANS,ELEC4,0.04,6061.117,3,3,6061.117,0.0,0.0,0.0,0.0,151527.925
1742542,IT,US,PREC1,TEXTI,0.01,6061.038,3,3,6061.038,0.0,0.0,0.0,0.0,606103.8
1795888,IT,WL,OFFIC,DISTR,0.02,6060.658,3,3,6060.658,0.0,0.0,0.0,0.0,303032.9
1744908,IT,US,BUSIN,ADDIT,0.06,6060.549,3,3,6060.549,0.0,0.0,0.0,0.0,101009.15
1650752,IT,BG,HOTEL,FINAN,0.04,6060.543,3,3,6060.543,0.0,0.0,0.0,0.0,151513.575
1727747,IT,RO,RESEA,CONST,0.03,6060.514,3,3,6060.514,0.0,0.0,0.0,0.0,202017.133333
1645446,IT,BE,NAPHT,SANDC,0.01,6060.434,3,3,6060.434,0.0,0.0,0.0,0.0,606043.4
1768779,IT,AU,WEARI,FOOD1,0.05,6060.31,3,3,6060.31,0.0,0.0,0.0,0.0,121206.2
1683615,IT,HR,FABRI,MEATP,0.02,6060.299,3,3,6060.299,0.0,0.0,0.0,0.0,303014.95
1788398,IT,WA,WOODW,RETAI,0.02,6060.25,3,3,6060.25,0.0,0.0,0.0,0.0,303012.5
1642552,IT,AT,COPP1,PAPE1,0.02,6060.17,3,3,6060.17,0.0,0.0,0.0,0.0,303008.5
1723779,IT,PT,OFFIC,BIODI,0.02,6059.996,3,3,6059.996,0.0,0.0,0.0,0.0,302999.8
1648055,IT,BE,COMPU,HOTEL,0.07,6059.729,3,3,6059.729,0.0,0.0,0.0,0.0,86567.557143
1725288,IT,RO,BEVER,PROCE,0.03,6059.431,3,3,6059.431,0.0,0.0,0.0,0.0,201981.033333
1726577,IT,RO,OFFIC,AUXIL,0.02,6058.917,3,3,6058.917,0.0,0.0,0.0,0.0,302945.85
1757246,IT,BR,VEGE1,RUBBE,0.02,6058.786,3,3,6058.786,0.0,0.0,0.0,0.0,302939.3
1668236,IT,ES,RETAI,EDUCA,0.05,6058.661,3,3,6058.661,0.0,0.0,0.0,0.0,121173.22
1781501,IT,NO,TEXTI,NATU1,0.04,6057.685,3,3,6057.685,0.0,0.0,0.0,0.0,151442.125
1769003,IT,AU,PAPER,PAPE4,0.02,6057.627,3,3,6057.627,0.0,0.0,0.0,0.0,302881.35
1801009,IT,WE,LEAD1,FORES,0.01,6057.485,3,3,6057.485,0.0,0.0,0.0,0.0,605748.5
1712468,IT,LV,ALUM1,TRANS,0.01,6057.479,3,3,6057.479,0.0,0.0,0.0,0.0,605747.9
1813810,IT,WM,RAILW,SALEM,0.04,6057.412,3,3,6057.412,0.0,0.0,0.0,0.0,151435.3
1720464,IT,PL,MACHI,ELEC6,0.03,6057.086,3,3,6057.086,0.0,0.0,0.0,0.0,201902.866667
1650468,IT,BG,ELEC5,CHEM1,0.07,6056.967,3,3,6056.967,0.0,0.0,0.0,0.0,86528.1
1713648,IT,MT,ALUM1,TRANS,0.01,6056.624,3,3,6056.624,0.0,0.0,0.0,0.0,605662.4
1750994,IT,CN,WHOLE,ANIMA,0.05,6056.193,3,3,6056.193,0.0,0.0,0.0,0.0,121123.86
1648335,IT,BE,EDUCA,RESEA,0.15,6056.188,3,3,6056.188,0.0,0.0,0.0,0.0,40374.586667
1656560,IT,DE,PRINT,MEATP,0.06,6056.102,3,3,6056.102,0.0,0.0,0.0,0.0,100935.033333
1788552,IT,WA,PAPER,LUBRI,0.02,6055.423,3,3,6055.423,0.0,0.0,0.0,0.0,302771.15
1663070,IT,DK,HOTEL,WASTE,0.04,6055.055,3,3,6055.055,0.0,0.0,0.0,0.0,151376.375
1713712,IT,MT,FABRI,PUBLI,0.02,6055.015,3,3,6055.015,0.0,0.0,0.0,0.0,302750.75
1762579,IT,IN,AUXIL,CEMEN,0.11,6054.706,3,3,6054.706,0.0,0.0,0.0,0.0,55042.781818
1723749,IT,PT,MACHI,PAPE4,0.03,6054.01,3,3,6054.01,0.0,0.0,0.0,0.0,201800.333333
1654901,IT,CZ,INSUR,CEREA,0.12,6053.643,3,3,6053.643,0.0,0.0,0.0,0.0,50447.025
1779274,IT,TR,FINAN,TRANS,0.08,6053.49,3,3,6053.49,0.0,0.0,0.0,0.0,75668.625
1730230,IT,SE,LANDT,MEMBE,0.04,6053.31,3,3,6053.31,0.0,0.0,0.0,0.0,151332.75
1685358,IT,HU,LEATH,DAIRY,0.04,6053.278,3,3,6053.278,0.0,0.0,0.0,0.0,151331.95
1752519,IT,CA,FOOD5,LUBRI,0.03,6053.157,3,3,6053.157,0.0,0.0,0.0,0.0,201771.9
1718111,IT,PL,VEGE1,COPPE,0.02,6052.56,3,3,6052.56,0.0,0.0,0.0,0.0,302628.0
1740294,IT,GB,BUSIN,WOOD2,0.06,6052.426,3,3,6052.426,0.0,0.0,0.0,0.0,100873.766667
1666290,IT,ES,LIQUE,POULT,0.01,6052.42,3,3,6052.42,0.0,0.0,0.0,0.0,605242.0
1755464,IT,KR,PLAST,PFERT,0.01,6052.264,3,3,6052.264,0.0,0.0,0.0,0.0,605226.4
1732439,IT,SI,CHEM1,MEAT1,0.01,6052.258,3,3,6052.258,0.0,0.0,0.0,0.0,605225.8
1779510,IT,TR,RENTI,SEACO,0.04,6051.839,3,3,6051.839,0.0,0.0,0.0,0.0,151295.975
1753901,IT,CA,RAILW,CHEM1,0.04,6051.823,3,3,6051.823,0.0,0.0,0.0,0.0,151295.575
1791197,IT,WA,FURNI,KEROS,0.02,6051.661,3,3,6051.661,0.0,0.0,0.0,0.0,302583.05
1813847,IT,WM,LANDT,SANDC,0.04,6051.31,3,3,6051.31,0.0,0.0,0.0,0.0,151282.75
1722446,IT,PT,VEGE1,WHOLE,0.02,6051.291,3,3,6051.291,0.0,0.0,0.0,0.0,302564.55
1688311,IT,IE,MEAT4,RETA1,0.03,6051.194,3,3,6051.194,0.0,0.0,0.0,0.0,201706.466667
1789508,IT,WA,ADDIT,CEMEN,0.01,6050.522,3,3,6050.522,0.0,0.0,0.0,0.0,605052.2
1784368,IT,ID,RUBBE,FINAN,0.02,6049.758,3,3,6049.758,0.0,0.0,0.0,0.0,302487.9
1765503,IT,RU,WEARI,DISTR,0.05,6049.27,3,3,6049.27,0.0,0.0,0.0,0.0,120985.4
1710487,IT,LT,LANDT,PUBLI,0.04,6049.082,3,3,6049.082,0.0,0.0,0.0,0.0,151227.05
1763286,IT,MX,PAPER,KEROS,0.02,6048.998,3,3,6048.998,0.0,0.0,0.0,0.0,302449.9
1665107,IT,ES,VEGE1,POSTT,0.02,6048.988,3,3,6048.988,0.0,0.0,0.0,0.0,302449.4
1799329,IT,WE,WOODW,NFERT,0.02,6048.868,3,3,6048.868,0.0,0.0,0.0,0.0,302443.4
1720168,IT,PL,COPP1,CERAM,0.02,6048.515,3,3,6048.515,0.0,0.0,0.0,0.0,302425.75
1775341,IT,CH,BUSIN,OILHA,0.06,6047.894,3,3,6047.894,0.0,0.0,0.0,0.0,100798.233333
1643136,IT,AT,RETA1,WEARI,0.06,6047.803,3,3,6047.803,0.0,0.0,0.0,0.0,100796.716667
1671672,IT,FI,CONST,SUPPO,0.03,6047.271,3,3,6047.271,0.0,0.0,0.0,0.0,201575.7
1770120,IT,AU,WHOLE,SUPPO,0.05,6047.099,3,3,6047.099,0.0,0.0,0.0,0.0,120941.98
1789522,IT,WA,ADDIT,ELEC4,0.01,6046.61,3,3,6046.61,0.0,0.0,0.0,0.0,604661.0
1673874,IT,FR,PRINT,FOOD3,0.06,6046.396,3,3,6046.396,0.0,0.0,0.0,0.0,100773.266667
1786594,IT,ZA,CONST,BUSIN,0.03,6046.033,3,3,6046.033,0.0,0.0,0.0,0.0,201534.433333
1674697,IT,FR,GLASS,DISTR,0.02,6045.793,3,3,6045.793,0.0,0.0,0.0,0.0,302289.65
1726310,IT,RO,PREC1,NONME,0.01,6045.594,3,3,6045.594,0.0,0.0,0.0,0.0,604559.4
1715295,IT,NL,PAPER,ELEC2,0.02,6045.557,3,3,6045.557,0.0,0.0,0.0,0.0,302277.85
1774492,IT,CH,LANDT,MEDIC,0.04,6045.54,3,3,6045.54,0.0,0.0,0.0,0.0,151138.5
1757348,IT,BR,TEXTI,TRAN2,0.04,6045.424,3,3,6045.424,0.0,0.0,0.0,0.0,151135.6
1644520,IT,BE,DAIRY,POSTT,0.02,6045.411,3,3,6045.411,0.0,0.0,0.0,0.0,302270.55
1749938,IT,CN,GLASS,ELEC1,0.02,6045.212,3,3,6045.212,0.0,0.0,0.0,0.0,302260.6
1718058,IT,PL,MEATC,EDUCA,0.02,6045.148,3,3,6045.148,0.0,0.0,0.0,0.0,302257.4
1664733,IT,EE,SUPPO,RENTI,0.04,6044.495,3,3,6044.495,0.0,0.0,0.0,0.0,151112.375
1754587,IT,KR,CROPS,WOODW,0.05,6044.441,3,3,6044.441,0.0,0.0,0.0,0.0,120888.82
1773138,IT,CH,COPP1,HOTEL,0.02,6044.395,3,3,6044.395,0.0,0.0,0.0,0.0,302219.75
1786181,IT,ZA,PREC1,OFFIC,0.01,6044.264,3,3,6044.264,0.0,0.0,0.0,0.0,604426.4
1744436,IT,US,AUXIL,COPP1,0.11,6044.07,3,3,6044.07,0.0,0.0,0.0,0.0,54946.090909
1788507,IT,WA,PAPER,SUGAR,0.02,6044.007,3,3,6044.007,0.0,0.0,0.0,0.0,302200.35
1645451,IT,BE,NAPHT,WOODW,0.01,6043.781,3,3,6043.781,0.0,0.0,0.0,0.0,604378.1
1761799,IT,IN,MACHI,AUXIL,0.03,6043.751,3,3,6043.751,0.0,0.0,0.0,0.0,201458.366667
1651791,IT,CY,MOTO1,AIRTR,0.03,6043.727,3,3,6043.727,0.0,0.0,0.0,0.0,201457.566667
1736775,IT,SK,COMPU,TEXTI,0.07,6043.699,3,3,6043.699,0.0,0.0,0.0,0.0,86338.557143
1658698,IT,DE,OFFIC,BRICK,0.02,6043.55,3,3,6043.55,0.0,0.0,0.0,0.0,302177.5
1735747,IT,SK,FABRI,93197,0.02,6043.538,3,3,6043.538,0.0,0.0,0.0,0.0,302176.9
1656925,IT,DE,LIQUE,MEAT1,0.01,6043.375,3,3,6043.375,0.0,0.0,0.0,0.0,604337.5
1767706,IT,RU,FINAN,BASIC,0.08,6042.717,3,3,6042.717,0.0,0.0,0.0,0.0,75533.9625
1670901,IT,FI,CHEM1,SUGAR,0.01,6042.544,3,3,6042.544,0.0,0.0,0.0,0.0,604254.4
1713246,IT,MT,PAPER,CHEM1,0.02,6042.503,3,3,6042.503,0.0,0.0,0.0,0.0,302125.15
1676465,IT,FR,RETA1,BRICK,0.06,6042.232,3,3,6042.232,0.0,0.0,0.0,0.0,100703.866667
1660378,IT,DE,FINAN,FOUND,0.08,6042.162,3,3,6042.162,0.0,0.0,0.0,0.0,75527.025
1751230,IT,CN,HOTEL,ELEC3,0.04,6042.036,3,3,6042.036,0.0,0.0,0.0,0.0,151050.9
1808102,IT,WF,WOOD1,IRONO,0.04,6042.001,3,3,6042.001,0.0,0.0,0.0,0.0,151050.025
1806766,IT,WF,RETA1,WHEAT,0.06,6041.986,3,3,6041.986,0.0,0.0,0.0,0.0,100699.766667
1714501,IT,NL,CRUDE,CHEMI,0.01,6041.955,3,3,6041.955,0.0,0.0,0.0,0.0,604195.5
1661794,IT,DK,WOODW,FOOD5,0.02,6041.834,3,3,6041.834,0.0,0.0,0.0,0.0,302091.7
1653612,IT,CZ,PREC1,LANDT,0.01,6041.548,3,3,6041.548,0.0,0.0,0.0,0.0,604154.8
1746826,IT,JP,MACHI,ELE11,0.03,6041.26,3,3,6041.26,0.0,0.0,0.0,0.0,201375.333333
1726699,IT,RO,FURNI,MEATP,0.02,6040.852,3,3,6040.852,0.0,0.0,0.0,0.0,302042.6
1671049,IT,FI,RUBBE,CERAM,0.02,6040.507,3,3,6040.507,0.0,0.0,0.0,0.0,302025.35
1740719,IT,US,CHEMI,LANDT,0.01,6039.961,3,3,6039.961,0.0,0.0,0.0,0.0,603996.1
1730478,IT,SE,POSTT,WOOD1,0.1,6039.669,3,3,6039.669,0.0,0.0,0.0,0.0,60396.69
1728542,IT,SE,PAPER,COPPE,0.02,6039.643,3,3,6039.643,0.0,0.0,0.0,0.0,301982.15
1778135,IT,TR,TRANS,PREC1,0.04,6039.575,3,3,6039.575,0.0,0.0,0.0,0.0,150989.375
1752166,IT,CN,PUBLI,FORES,0.1,6038.744,3,3,6038.744,0.0,0.0,0.0,0.0,60387.44
1653691,IT,CZ,ALUM1,WOOD2,0.01,6038.673,3,3,6038.673,0.0,0.0,0.0,0.0,603867.3
1641141,IT,AT,PAPER,PAPE1,0.02,6038.67,3,3,6038.67,0.0,0.0,0.0,0.0,301933.5
1663421,IT,DK,INSUR,WOOD1,0.12,6038.538,3,3,6038.538,0.0,0.0,0.0,0.0,50321.15
1724173,IT,PT,HOTEL,BEVER,0.04,6038.521,3,3,6038.521,0.0,0.0,0.0,0.0,150963.025
1810318,IT,WM,WOODW,MEATP,0.02,6038.405,3,3,6038.405,0.0,0.0,0.0,0.0,301920.25
1648639,IT,BG,VEGE1,LEAD1,0.02,6038.384,3,3,6038.384,0.0,0.0,0.0,0.0,301919.2
1644537,IT,BE,PROCE,MEATP,0.04,6038.349,3,3,6038.349,0.0,0.0,0.0,0.0,150958.725
1721529,IT,PL,SUPPO,ALUM1,0.04,6038.223,3,3,6038.223,0.0,0.0,0.0,0.0,150955.575
1738894,IT,GB,FURNI,WOODW,0.02,6037.959,3,3,6037.959,0.0,0.0,0.0,0.0,301897.95
1669645,IT,ES,RENTI,FOOD2,0.04,6037.836,3,3,6037.836,0.0,0.0,0.0,0.0,150945.9
1792647,IT,WA,RESEA,WOODW,0.03,6037.813,3,3,6037.813,0.0,0.0,0.0,0.0,201260.433333
1651701,IT,CY,FABRI,MACHI,0.02,6037.675,3,3,6037.675,0.0,0.0,0.0,0.0,301883.75
1759956,IT,BR,PLAS1,SEACO,0.02,6037.597,3,3,6037.597,0.0,0.0,0.0,0.0,301879.85
1753366,IT,CA,PREC1,BUSIN,0.01,6037.016,3,3,6037.016,0.0,0.0,0.0,0.0,603701.6
1656936,IT,DE,LIQUE,KEROS,0.01,6036.674,3,3,6036.674,0.0,0.0,0.0,0.0,603667.4
1732240,IT,SI,LIQUE,FOOD5,0.01,6036.532,3,3,6036.532,0.0,0.0,0.0,0.0,603653.2
1812643,IT,WM,COPP1,BEVER,0.02,6036.45,3,3,6036.45,0.0,0.0,0.0,0.0,301822.5
1783335,IT,NO,PAPE1,BUSIN,0.04,6036.126,3,3,6036.126,0.0,0.0,0.0,0.0,150903.15
1793260,IT,WA,PRIVA,MOTOR,1.35,6035.892,3,3,6035.892,0.0,0.0,0.0,0.0,4471.031111
1779760,IT,TR,BUSIN,OFFIC,0.06,6035.877,3,3,6035.877,0.0,0.0,0.0,0.0,100597.95
1737304,IT,GB,BEVER,CRUDE,0.03,6035.812,3,3,6035.812,0.0,0.0,0.0,0.0,201193.733333
1779063,IT,TR,SUPPO,FISHF,0.04,6035.765,3,3,6035.765,0.0,0.0,0.0,0.0,150894.125
1771221,IT,CH,VEGE1,LEATH,0.02,6035.584,3,3,6035.584,0.0,0.0,0.0,0.0,301779.2
1737214,IT,GB,PROCE,VEGE1,0.04,6035.51,3,3,6035.51,0.0,0.0,0.0,0.0,150887.75
1745677,IT,JP,TEXTI,AIRTR,0.04,6035.509,3,3,6035.509,0.0,0.0,0.0,0.0,150887.725
1710324,IT,LT,FURNI,AIRTR,0.02,6035.318,3,3,6035.318,0.0,0.0,0.0,0.0,301765.9
1779583,IT,TR,COMPU,SECO9,0.07,6035.186,3,3,6035.186,0.0,0.0,0.0,0.0,86216.942857
1712155,IT,LV,LEATH,FORES,0.04,6035.161,3,3,6035.161,0.0,0.0,0.0,0.0,150879.025
1642414,IT,AT,ALUM1,STONE,0.01,6034.995,3,3,6034.995,0.0,0.0,0.0,0.0,603499.5
1688747,IT,IE,ADDIT,PFERT,0.01,6034.954,3,3,6034.954,0.0,0.0,0.0,0.0,603495.4
1654287,IT,CZ,FURNI,93197,0.02,6034.529,3,3,6034.529,0.0,0.0,0.0,0.0,301726.45
1685861,IT,HU,CHEM1,KEROS,0.01,6034.299,3,3,6034.299,0.0,0.0,0.0,0.0,603429.9
1804696,IT,WF,LIQUE,BASIC,0.01,6034.031,3,3,6034.031,0.0,0.0,0.0,0.0,603403.1
1763233,IT,MX,WOODW,OFFIC,0.02,6033.364,3,3,6033.364,0.0,0.0,0.0,0.0,301668.2
1811113,IT,WM,NAPHT,PLANT,0.01,6033.346,3,3,6033.346,0.0,0.0,0.0,0.0,603334.6
1666358,IT,ES,LIQUE,WASTE,0.01,6032.996,3,3,6032.996,0.0,0.0,0.0,0.0,603299.6
1714736,IT,NL,DAIRY,HEAVY,0.02,6032.88,3,3,6032.88,0.0,0.0,0.0,0.0,301644.0
1781463,IT,NO,BEVER,NONME,0.03,6032.606,3,3,6032.606,0.0,0.0,0.0,0.0,201086.866667
1710826,IT,LU,PAPER,FURNI,0.02,6032.509,3,3,6032.509,0.0,0.0,0.0,0.0,301625.45
1662675,IT,DK,MACHI,SECO9,0.03,6032.211,3,3,6032.211,0.0,0.0,0.0,0.0,201073.7
1785213,IT,ZA,BEVER,LANDT,0.03,6031.738,3,3,6031.738,0.0,0.0,0.0,0.0,201057.933333
1736987,IT,GB,MEATA,BUSIN,0.03,6031.43,3,3,6031.43,0.0,0.0,0.0,0.0,201047.666667
1775273,IT,CH,BUSIN,LUBRI,0.06,6031.187,3,3,6031.187,0.0,0.0,0.0,0.0,100519.783333
1686345,IT,HU,NONME,RETAI,0.01,6030.902,3,3,6030.902,0.0,0.0,0.0,0.0,603090.2
1726503,IT,RO,MACHI,RUBBE,0.03,6030.865,3,3,6030.865,0.0,0.0,0.0,0.0,201028.833333
1714793,IT,NL,SUGA1,HOTEL,0.02,6030.713,3,3,6030.713,0.0,0.0,0.0,0.0,301535.65
1797932,IT,WL,FOOD4,BIODI,0.04,6030.592,3,3,6030.592,0.0,0.0,0.0,0.0,150764.8
1792923,IT,WA,HEALT,BUSIN,0.03,6030.397,3,3,6030.397,0.0,0.0,0.0,0.0,201013.233333
1669207,IT,ES,POSTT,RAILW,0.1,6030.325,3,3,6030.325,0.0,0.0,0.0,0.0,60303.25
1801853,IT,WE,ELE11,TRANS,0.09,6029.936,4,4,6029.933,0.0,0.0,0.0,0.003,66999.288889
1797662,IT,WL,PAPE1,RETA1,0.04,6029.863,3,3,6029.863,0.0,0.0,0.0,0.0,150746.575
1658505,IT,DE,FABRI,PAPE2,0.02,6029.508,3,3,6029.508,0.0,0.0,0.0,0.0,301475.4
1746185,IT,JP,PLAST,DISTR,0.01,6029.29,3,3,6029.29,0.0,0.0,0.0,0.0,602929.0
1776108,IT,TR,LEATH,LIGNI,0.04,6029.106,3,3,6029.106,0.0,0.0,0.0,0.0,150727.65
1808153,IT,WF,OILHA,FISHF,0.03,6028.979,3,3,6028.979,0.0,0.0,0.0,0.0,200965.966667
1756349,IT,KR,TRANS,MOTO1,0.04,6028.645,3,3,6028.645,0.0,0.0,0.0,0.0,150716.125
1644663,IT,BE,BEVER,MEAT4,0.03,6028.57,3,3,6028.57,0.0,0.0,0.0,0.0,200952.333333
1784647,IT,ID,MACHI,WASTE,0.03,6028.116,3,3,6028.116,0.0,0.0,0.0,0.0,200937.2
1681347,IT,GR,INSUR,RAILW,0.12,6028.023,3,3,6028.023,0.0,0.0,0.0,0.0,50233.525
1670186,IT,ES,RECRE,FISH5,0.08,6027.912,3,3,6027.912,0.0,0.0,0.0,0.0,75348.9
1779620,IT,TR,COMPU,FOOD3,0.07,6027.858,3,3,6027.858,0.0,0.0,0.0,0.0,86112.257143
1814752,IT,WM,FOOD2,CHEM1,0.04,6027.759,3,3,6027.759,0.0,0.0,0.0,0.0,150693.975
1677338,IT,FR,FINAN,SEWAG,0.08,6027.698,3,3,6027.698,0.0,0.0,0.0,0.0,75346.225
1759260,IT,BR,POSTT,BIOGA,0.1,6027.431,3,3,6027.431,0.0,0.0,0.0,0.0,60274.31
1777681,IT,TR,COPP1,MOTOR,0.02,6027.181,3,3,6027.181,0.0,0.0,0.0,0.0,301359.05
1731222,IT,SI,CHEMI,INTER,0.01,6026.901,3,3,6026.901,0.0,0.0,0.0,0.0,602690.1
1807220,IT,WF,SUPPO,IRONO,0.04,6026.867,3,3,6026.867,0.0,0.0,0.0,0.0,150671.675
1798815,IT,WE,FOOD5,MEDIC,0.03,6026.855,3,3,6026.855,0.0,0.0,0.0,0.0,200895.166667
1721504,IT,PL,SUPPO,PAPER,0.04,6026.562,3,3,6026.562,0.0,0.0,0.0,0.0,150664.05
1768808,IT,AU,LEATH,FOOD5,0.04,6026.493,3,3,6026.493,0.0,0.0,0.0,0.0,150662.325
1711191,IT,LU,MACHI,MEATP,0.03,6026.459,3,3,6026.459,0.0,0.0,0.0,0.0,200881.966667
1731242,IT,SI,MEATC,RECRE,0.02,6026.456,3,3,6026.456,0.0,0.0,0.0,0.0,301322.8
1714461,IT,NL,FORES,FURNI,0.05,6026.433,4,4,6024.433,0.0,2.0,0.0,0.0,120528.66
1725581,IT,RO,WOODW,PRINT,0.02,6026.384,3,3,6026.384,0.0,0.0,0.0,0.0,301319.2
1757310,IT,BR,FOOD5,BUSIN,0.03,6026.359,3,3,6026.359,0.0,0.0,0.0,0.0,200878.633333
1721118,IT,PL,RAILW,DAIRY,0.04,6026.348,3,3,6026.348,0.0,0.0,0.0,0.0,150658.7
1682970,IT,HR,PLAST,SUPPO,0.01,6026.28,3,3,6026.28,0.0,0.0,0.0,0.0,602628.0
1712719,IT,LV,HOTEL,POSTT,0.04,6026.094,3,3,6026.094,0.0,0.0,0.0,0.0,150652.35
1796530,IT,WL,RETA1,ELEC4,0.06,6026.091,3,3,6026.091,0.0,0.0,0.0,0.0,100434.85
1739918,IT,GB,FINAN,PLAS2,0.08,6025.763,3,3,6025.763,0.0,0.0,0.0,0.0,75322.0375
1663722,IT,EE,VEGE1,FISH5,0.02,6025.603,3,3,6025.603,0.0,0.0,0.0,0.0,301280.15
1729809,IT,SE,MACHI,SEWAG,0.03,6025.518,3,3,6025.518,0.0,0.0,0.0,0.0,200850.6
1717039,IT,NL,LANDT,RADIO,0.04,6025.443,3,3,6025.443,0.0,0.0,0.0,0.0,150636.075
1791288,IT,WA,CONST,FURNI,0.03,6025.374,3,3,6025.374,0.0,0.0,0.0,0.0,200845.8
1679495,IT,GR,CHEM1,STEAM,0.01,6024.873,3,3,6024.873,0.0,0.0,0.0,0.0,602487.3
1668695,IT,ES,LANDT,MEAT4,0.04,6024.619,3,3,6024.619,0.0,0.0,0.0,0.0,150615.475
1765264,IT,RU,VEGE1,MEATC,0.02,6024.478,3,3,6024.478,0.0,0.0,0.0,0.0,301223.9
1711574,IT,LU,FINAN,DIST1,0.08,6024.314,3,3,6024.314,0.0,0.0,0.0,0.0,75303.925
1808441,IT,WF,FOOD4,MEAT1,0.04,6023.843,3,3,6023.843,0.0,0.0,0.0,0.0,150596.075
1729522,IT,SE,LEAD1,ELECT,0.01,6023.798,3,3,6023.798,0.0,0.0,0.0,0.0,602379.8
1767929,IT,RU,RENTI,SEACO,0.04,6023.718,3,3,6023.718,0.0,0.0,0.0,0.0,150592.95
1713229,IT,MT,WOODW,COMPU,0.02,6022.825,3,3,6022.825,0.0,0.0,0.0,0.0,301141.25
1779622,IT,TR,COMPU,FOOD4,0.07,6022.521,3,3,6022.521,0.0,0.0,0.0,0.0,86036.014286
1770385,IT,AU,LANDT,OFFIC,0.04,6022.457,3,3,6022.457,0.0,0.0,0.0,0.0,150561.425
1779617,IT,TR,COMPU,INTER,0.07,6022.44,3,3,6022.44,0.0,0.0,0.0,0.0,86034.857143
1779619,IT,TR,COMPU,FOOD2,0.07,6022.407,3,3,6022.407,0.0,0.0,0.0,0.0,86034.385714
1779623,IT,TR,COMPU,PAPE4,0.07,6022.348,3,3,6022.348,0.0,0.0,0.0,0.0,86033.542857
1742716,IT,US,FABRI,FISHF,0.02,6022.092,3,3,6022.092,0.0,0.0,0.0,0.0,301104.6
1779618,IT,TR,COMPU,OILHA,0.07,6022.074,3,3,6022.074,0.0,0.0,0.0,0.0,86029.628571
1713440,IT,MT,PLAST,BUSIN,0.01,6021.998,3,3,6021.998,0.0,0.0,0.0,0.0,602199.8
1779624,IT,TR,COMPU,PLAS2,0.07,6021.935,3,3,6021.935,0.0,0.0,0.0,0.0,86027.642857
1670530,IT,FI,FISH5,FOOD5,0.03,6021.891,4,4,6021.888,0.0,0.0,0.0,0.003,200729.7
1791277,IT,WA,CONST,KEROS,0.03,6021.823,3,3,6021.823,0.0,0.0,0.0,0.0,200727.433333
1779627,IT,TR,COMPU,WOOD2,0.07,6021.806,3,3,6021.806,0.0,0.0,0.0,0.0,86025.8
1650414,IT,BG,ELEC4,BIODI,0.1,6021.792,3,3,6021.792,0.0,0.0,0.0,0.0,60217.92
1796259,IT,WL,CONST,PULP5,0.03,6021.776,3,3,6021.776,0.0,0.0,0.0,0.0,200725.866667
1786791,IT,ZA,HOTEL,CHARC,0.04,6021.444,3,3,6021.444,0.0,0.0,0.0,0.0,150536.1
1649872,IT,BG,COPP1,BUSIN,0.02,6021.253,3,3,6021.253,0.0,0.0,0.0,0.0,301062.65
1683182,IT,HR,GLASS,NONME,0.02,6021.198,3,3,6021.198,0.0,0.0,0.0,0.0,301059.9
1735204,IT,SK,RUBBE,DISTR,0.02,6021.132,3,3,6021.132,0.0,0.0,0.0,0.0,301056.6
1730104,IT,SE,RETA1,COMPU,0.06,6021.059,3,3,6021.059,0.0,0.0,0.0,0.0,100350.983333
1786219,IT,ZA,COPP1,FISH5,0.02,6020.364,3,3,6020.364,0.0,0.0,0.0,0.0,301018.2
1714195,IT,MT,INSUR,DISTR,0.12,6020.329,3,3,6020.329,0.0,0.0,0.0,0.0,50169.408333
1756855,IT,KR,POSTT,RADIO,0.1,6019.9,3,3,6019.9,0.0,0.0,0.0,0.0,60199.0
1747972,IT,JP,RESEA,RETA1,0.03,6019.715,3,3,6019.715,0.0,0.0,0.0,0.0,200657.166667
1773082,IT,CH,ALUM1,MEMBE,0.01,6019.485,3,3,6019.485,0.0,0.0,0.0,0.0,601948.5
1812566,IT,WM,ALUM1,AUXIL,0.01,6019.472,3,3,6019.472,0.0,0.0,0.0,0.0,601947.2
1764021,IT,MX,COPP1,MOTOR,0.02,6019.47,3,3,6019.47,0.0,0.0,0.0,0.0,300973.5
1651256,IT,CY,CHEMI,FABRI,0.01,6019.24,3,3,6019.24,0.0,0.0,0.0,0.0,601924.0
1669647,IT,ES,RENTI,FOOD4,0.04,6018.823,3,3,6018.823,0.0,0.0,0.0,0.0,150470.575
1793448,IT,WL,STONE,NICKE,0.02,6018.78,3,3,6018.78,0.0,0.0,0.0,0.0,300939.0
1772922,IT,CH,PREC1,ANIMA,0.01,6018.547,3,3,6018.547,0.0,0.0,0.0,0.0,601854.7
1664159,IT,EE,RUBBE,SEACO,0.02,6018.529,3,3,6018.529,0.0,0.0,0.0,0.0,300926.45
1658913,IT,DE,FURNI,ALUM1,0.02,6018.38,3,3,6018.38,0.0,0.0,0.0,0.0,300919.0
1752581,IT,CA,FISH5,DAIRY,0.03,6018.339,4,4,6018.336,0.0,0.0,0.0,0.003,200611.3
1721790,IT,PL,AUXIL,CONST,0.11,6018.053,3,3,6018.053,0.0,0.0,0.0,0.0,54709.572727
1710421,IT,LT,LANDT,CROPS,0.04,6017.672,3,3,6017.672,0.0,0.0,0.0,0.0,150441.8
1784103,IT,ID,LEATH,RECRE,0.04,6017.654,3,3,6017.654,0.0,0.0,0.0,0.0,150441.35
1802674,IT,WE,RENTI,RAILW,0.04,6017.414,3,3,6017.414,0.0,0.0,0.0,0.0,150435.35
1642819,IT,AT,OFFIC,RADIO,0.02,6016.653,3,3,6016.653,0.0,0.0,0.0,0.0,300832.65
1745274,IT,JP,MEATP,SALEM,0.02,6015.918,3,3,6015.918,0.0,0.0,0.0,0.0,300795.9
1735154,IT,SK,RUBBE,SANDC,0.02,6015.645,3,3,6015.645,0.0,0.0,0.0,0.0,300782.25
1773094,IT,CH,LEAD1,ELEC4,0.01,6015.557,3,3,6015.557,0.0,0.0,0.0,0.0,601555.7
1713413,IT,MT,NUCLE,VEGE1,0.01,6015.454,3,3,6015.454,0.0,0.0,0.0,0.0,601545.4
1768539,IT,AU,FOOD5,RAILW,0.03,6015.214,3,3,6015.214,0.0,0.0,0.0,0.0,200507.133333
1789753,IT,WA,GLASS,REFI1,0.02,6015.017,3,3,6015.017,0.0,0.0,0.0,0.0,300750.85
1813569,IT,WM,WHOLE,LEAD1,0.05,6014.832,3,3,6014.832,0.0,0.0,0.0,0.0,120296.64
1651770,IT,CY,OFFIC,WHOLE,0.02,6014.404,3,3,6014.404,0.0,0.0,0.0,0.0,300720.2
1672473,IT,FI,FOOD4,BASIC,0.04,6014.117,3,3,6014.117,0.0,0.0,0.0,0.0,150352.925
1760569,IT,IN,LEATH,FOOD3,0.04,6013.994,3,3,6013.994,0.0,0.0,0.0,0.0,150349.85
1640929,IT,AT,WOODW,OILSE,0.02,6013.842,3,3,6013.842,0.0,0.0,0.0,0.0,300692.1
1767696,IT,RU,FINAN,FOOD5,0.08,6013.824,3,3,6013.824,0.0,0.0,0.0,0.0,75172.8
1727523,IT,RO,AUXIL,FOOD4,0.11,6013.558,3,3,6013.558,0.0,0.0,0.0,0.0,54668.709091
1685900,IT,HU,CHEM1,ELEC4,0.01,6013.5,3,3,6013.5,0.0,0.0,0.0,0.0,601350.0
1778250,IT,TR,CONST,CEMEN,0.03,6013.13,3,3,6013.13,0.0,0.0,0.0,0.0,200437.666667
1804087,IT,WF,PULP5,93197,0.02,6013.038,3,3,6013.038,0.0,0.0,0.0,0.0,300651.9
1686158,IT,HU,GLASS,OILSE,0.02,6012.994,3,3,6012.994,0.0,0.0,0.0,0.0,300649.7
1659568,IT,DE,HOTEL,SANDC,0.04,6012.808,3,3,6012.808,0.0,0.0,0.0,0.0,150320.2
1798015,IT,WL,INERT,WHOLE,0.04,6012.787,3,3,6012.787,0.0,0.0,0.0,0.0,150319.675
1775838,IT,TR,MEAT4,WHOLE,0.03,6012.275,3,3,6012.275,0.0,0.0,0.0,0.0,200409.166667
1767636,IT,RU,POSTT,CRUDE,0.1,6011.908,3,3,6011.908,0.0,0.0,0.0,0.0,60119.08
1678030,IT,FR,EDUCA,ELEC3,0.15,6011.747,3,3,6011.747,0.0,0.0,0.0,0.0,40078.313333
1686773,IT,HU,FABRI,ANIMA,0.02,6010.935,3,3,6010.935,0.0,0.0,0.0,0.0,300546.75
1808007,IT,WF,INTER,RAWMI,0.04,6010.759,3,3,6010.759,0.0,0.0,0.0,0.0,150268.975
1748293,IT,JP,MEMBE,COMPU,0.07,6010.689,3,3,6010.689,0.0,0.0,0.0,0.0,85866.985714
1794699,IT,WL,NAPHT,BLAST,0.01,6010.096,3,3,6010.096,0.0,0.0,0.0,0.0,601009.6
1740087,IT,GB,RENTI,MEMBE,0.04,6010.084,3,3,6010.084,0.0,0.0,0.0,0.0,150252.1
1714578,IT,NL,STONE,FORES,0.02,6009.776,3,3,6009.776,0.0,0.0,0.0,0.0,300488.8
1715330,IT,NL,PAPER,FOOD3,0.02,6009.544,3,3,6009.544,0.0,0.0,0.0,0.0,300477.2
1685292,IT,HU,TEXTI,WASTE,0.04,6009.396,3,3,6009.396,0.0,0.0,0.0,0.0,150234.9
1646356,IT,BE,FABRI,REFI1,0.02,6009.345,3,3,6009.345,0.0,0.0,0.0,0.0,300467.25
1711331,IT,LU,WHOLE,RADIO,0.05,6009.11,3,3,6009.11,0.0,0.0,0.0,0.0,120182.2
1803609,IT,WF,FOOD5,NONFE,0.03,6008.981,3,3,6008.981,0.0,0.0,0.0,0.0,200299.366667
1664495,IT,EE,MOTO1,FURNI,0.03,6008.94,3,3,6008.94,0.0,0.0,0.0,0.0,200298.0
1769257,IT,AU,RUBBE,LIQUE,0.02,6008.919,3,3,6008.919,0.0,0.0,0.0,0.0,300445.95
1651567,IT,CY,RUBBE,BUSIN,0.02,6008.681,3,3,6008.681,0.0,0.0,0.0,0.0,300434.05
1775936,IT,TR,FOOD5,BASIC,0.03,6008.611,3,3,6008.611,0.0,0.0,0.0,0.0,200287.033333
1744980,IT,US,BUSIN,PAPE3,0.06,6008.597,3,3,6008.597,0.0,0.0,0.0,0.0,100143.283333
1721857,IT,PL,REALE,HOTEL,0.25,6008.579,3,3,6008.579,0.0,0.0,0.0,0.0,24034.316
1686675,IT,HU,COPP1,PIGS9,0.02,6008.519,3,3,6008.519,0.0,0.0,0.0,0.0,300425.95
1797255,IT,WL,FINAN,RECRE,0.08,6008.487,3,3,6008.487,0.0,0.0,0.0,0.0,75106.0875
1749838,IT,CN,RUBBE,BIODI,0.02,6008.15,3,3,6008.15,0.0,0.0,0.0,0.0,300407.5
1727032,IT,RO,RAILW,TEXTI,0.04,6007.574,3,3,6007.574,0.0,0.0,0.0,0.0,150189.35
1725142,IT,RO,MEATP,MEAT1,0.02,6007.517,3,3,6007.517,0.0,0.0,0.0,0.0,300375.85
1684569,IT,HR,BUSIN,LANDT,0.06,6007.509,3,3,6007.509,0.0,0.0,0.0,0.0,100125.15
1654283,IT,CZ,FURNI,EDUCA,0.02,6007.33,3,3,6007.33,0.0,0.0,0.0,0.0,300366.5
1646640,IT,BE,TRANS,COMPU,0.04,6007.067,3,3,6007.067,0.0,0.0,0.0,0.0,150176.675
1781252,IT,NO,SANDC,WOODW,0.01,6006.701,4,4,6005.701,0.0,0.0,1.0,0.0,600670.1
1775590,IT,CH,RECRE,TRANS,0.08,6006.628,3,3,6006.628,0.0,0.0,0.0,0.0,75082.85
1760570,IT,IN,LEATH,WASTE,0.04,6006.255,3,3,6006.255,0.0,0.0,0.0,0.0,150156.375
1774409,IT,CH,RAILW,GASDI,0.04,6005.809,3,3,6005.809,0.0,0.0,0.0,0.0,150145.225
1747338,IT,JP,RETA1,TEXTI,0.06,6005.318,3,3,6005.318,0.0,0.0,0.0,0.0,100088.633333
1642453,IT,AT,ALUM1,DISTR,0.01,6005.272,3,3,6005.272,0.0,0.0,0.0,0.0,600527.2
1717619,IT,NL,BUSIN,MEATA,0.06,6005.07,3,3,6005.07,0.0,0.0,0.0,0.0,100084.5
1777192,IT,TR,RUBBE,FISHF,0.02,6004.533,3,3,6004.533,0.0,0.0,0.0,0.0,300226.65
1643375,IT,AT,RAILW,PLAS1,0.04,6004.337,3,3,6004.337,0.0,0.0,0.0,0.0,150108.425
1809889,IT,WM,BEVER,KERO1,0.03,6004.091,3,3,6004.091,0.0,0.0,0.0,0.0,200136.366667
1683317,IT,HR,NONME,VEGE1,0.01,6003.889,3,3,6003.889,0.0,0.0,0.0,0.0,600388.9
1657282,IT,DE,CHEM1,INLAN,0.01,6003.369,3,3,6003.369,0.0,0.0,0.0,0.0,600336.9
1726740,IT,RO,FURNI,AUXIL,0.02,6003.109,3,3,6003.109,0.0,0.0,0.0,0.0,300155.45
1661605,IT,DK,BEVER,PAPE1,0.03,6002.902,3,3,6002.902,0.0,0.0,0.0,0.0,200096.733333
1769442,IT,AU,NONME,MEDIC,0.01,6002.853,3,3,6002.853,0.0,0.0,0.0,0.0,600285.3
1789479,IT,WA,ADDIT,WEARI,0.01,6002.529,3,3,6002.529,0.0,0.0,0.0,0.0,600252.9
1771307,IT,CH,DAIRY,MEDIC,0.02,6002.243,3,3,6002.243,0.0,0.0,0.0,0.0,300112.15
1735099,IT,SK,CHEM1,ELEC7,0.01,6001.846,3,3,6001.846,0.0,0.0,0.0,0.0,600184.6
1807651,IT,WF,RESEA,INSUR,0.03,6001.731,3,3,6001.731,0.0,0.0,0.0,0.0,200057.7
1747780,IT,JP,AUXIL,ELEC2,0.11,6001.452,3,3,6001.452,0.0,0.0,0.0,0.0,54558.654545
1640283,IT,AT,SANDC,POULT,0.01,6001.372,4,4,6000.372,0.0,0.0,1.0,0.0,600137.2
1727377,IT,RO,FINAN,FORES,0.08,6001.36,3,3,6001.36,0.0,0.0,0.0,0.0,75017.0
1673785,IT,FR,PAPER,PAPE2,0.02,6001.34,3,3,6001.34,0.0,0.0,0.0,0.0,300067.0
1809697,IT,WM,PROCE,SALEM,0.04,6001.336,3,3,6001.336,0.0,0.0,0.0,0.0,150033.4
1678319,IT,FR,WASTE,CHEM1,0.02,6001.031,3,3,6001.031,0.0,0.0,0.0,0.0,300051.55
1652615,IT,CZ,WOODW,FOOD5,0.02,6000.921,3,3,6000.921,0.0,0.0,0.0,0.0,300046.05
1729978,IT,SE,CONST,HEALT,0.03,6000.578,3,3,6000.578,0.0,0.0,0.0,0.0,200019.266667
1747114,IT,JP,FURNI,FOODW,0.02,6000.577,3,3,6000.577,0.0,0.0,0.0,0.0,300028.85
1766994,IT,RU,MOTO1,EDUCA,0.03,6000.314,3,3,6000.314,0.0,0.0,0.0,0.0,200010.466667
1757526,IT,BR,PRINT,REALE,0.06,5999.989,3,3,5999.989,0.0,0.0,0.0,0.0,99999.816667
1678219,IT,FR,OILHA,SALEM,0.03,5999.902,3,3,5999.902,0.0,0.0,0.0,0.0,199996.733333
1681737,IT,HR,CRUDE,RETA1,0.01,5999.764,3,3,5999.764,0.0,0.0,0.0,0.0,599976.4
1781107,IT,TW,PUBLI,POSTT,0.1,5999.646,3,3,5999.646,0.0,0.0,0.0,0.0,59996.46
1658929,IT,DE,FURNI,SALEM,0.02,5999.645,3,3,5999.645,0.0,0.0,0.0,0.0,299982.25
1785942,IT,ZA,RUBBE,HEAVY,0.02,5999.534,3,3,5999.534,0.0,0.0,0.0,0.0,299976.7
1665291,IT,ES,BEVER,ELEC8,0.03,5999.493,3,3,5999.493,0.0,0.0,0.0,0.0,199983.1
1644766,IT,BE,FISH5,DISTR,0.03,5999.322,4,4,5999.319,0.0,0.0,0.0,0.003,199977.4
1756138,IT,KR,MACHI,ANIMA,0.03,5998.913,3,3,5998.913,0.0,0.0,0.0,0.0,199963.766667
1780690,IT,TW,REALE,PROCE,0.25,5998.734,3,3,5998.734,0.0,0.0,0.0,0.0,23994.936
1710761,IT,LU,FISH5,BUSIN,0.03,5998.355,4,4,5998.352,0.0,0.0,0.0,0.003,199945.166667
1711392,IT,LU,RETA1,AIRTR,0.06,5998.288,3,3,5998.288,0.0,0.0,0.0,0.0,99971.466667
1764673,IT,MX,RETA1,RECRE,0.06,5998.277,3,3,5998.277,0.0,0.0,0.0,0.0,99971.283333
1782781,IT,NO,HOTEL,NAPHT,0.04,5998.252,3,3,5998.252,0.0,0.0,0.0,0.0,149956.3
1709708,IT,LT,CHEM1,FOOD5,0.01,5997.691,3,3,5997.691,0.0,0.0,0.0,0.0,599769.1
1808968,IT,WM,VEGET,POULT,0.02,5997.634,3,3,5997.634,0.0,0.0,0.0,0.0,299881.7
1748590,IT,CN,VEGE1,SECO9,0.02,5997.51,3,3,5997.51,0.0,0.0,0.0,0.0,299875.5
1765238,IT,RU,ANIMA,HEALT,0.02,5997.447,3,3,5997.447,0.0,0.0,0.0,0.0,299872.35
1779161,IT,TR,POSTT,FISH5,0.1,5997.147,3,3,5997.147,0.0,0.0,0.0,0.0,59971.47
1727647,IT,RO,RENTI,BASIC,0.04,5996.615,3,3,5996.615,0.0,0.0,0.0,0.0,149915.375
1685318,IT,HU,WEARI,NONME,0.05,5996.481,3,3,5996.481,0.0,0.0,0.0,0.0,119929.62
1809727,IT,WM,SUGA1,RETA1,0.02,5996.303,3,3,5996.303,0.0,0.0,0.0,0.0,299815.15
1658088,IT,DE,ALUM1,ANTHR,0.01,5996.203,3,3,5996.203,0.0,0.0,0.0,0.0,599620.3
1808475,IT,WF,FOOD4,FABRI,0.04,5996.14,3,3,5996.14,0.0,0.0,0.0,0.0,149903.5
1710677,IT,LU,DAIRY,FISH5,0.02,5996.071,3,3,5996.071,0.0,0.0,0.0,0.0,299803.55
1737617,IT,GB,PAPER,ALUM1,0.02,5995.784,3,3,5995.784,0.0,0.0,0.0,0.0,299789.2
1686643,IT,HU,LEAD1,RETAI,0.01,5995.544,3,3,5995.544,0.0,0.0,0.0,0.0,599554.4
1715601,IT,NL,LIQUE,ELEC8,0.01,5995.472,3,3,5995.472,0.0,0.0,0.0,0.0,599547.2
1808577,IT,WF,PAPE4,SUPPO,0.04,5995.096,3,3,5995.096,0.0,0.0,0.0,0.0,149877.4
1685574,IT,HU,PRINT,NATUR,0.06,5994.916,3,3,5994.916,0.0,0.0,0.0,0.0,99915.266667
1782804,IT,NO,HOTEL,DISTR,0.04,5994.489,3,3,5994.489,0.0,0.0,0.0,0.0,149862.225
1785467,IT,ZA,PRINT,SUPPO,0.06,5994.452,3,3,5994.452,0.0,0.0,0.0,0.0,99907.533333
1717590,IT,NL,COMPU,AUXIL,0.07,5994.435,3,3,5994.435,0.0,0.0,0.0,0.0,85634.785714
1748152,IT,JP,FOODW,RAWMI,0.04,5994.429,3,3,5994.429,0.0,0.0,0.0,0.0,149860.725
1771235,IT,CH,VEGE1,FABRI,0.02,5994.261,3,3,5994.261,0.0,0.0,0.0,0.0,299713.05
1668366,IT,ES,RETA1,PIGS9,0.06,5994.23,3,3,5994.23,0.0,0.0,0.0,0.0,99903.833333
1676870,IT,FR,LANDT,PLAS2,0.04,5994.173,3,3,5994.173,0.0,0.0,0.0,0.0,149854.325
1787128,IT,ZA,BUSIN,RESEA,0.06,5994.122,3,3,5994.122,0.0,0.0,0.0,0.0,99902.033333
1789589,IT,WA,RUBBE,SUGAR,0.02,5994.079,3,3,5994.079,0.0,0.0,0.0,0.0,299703.95
1791168,IT,WA,FURNI,LIGNI,0.02,5994.024,3,3,5994.024,0.0,0.0,0.0,0.0,299701.2
1799427,IT,WE,PAPER,NONFE,0.02,5993.961,3,3,5993.961,0.0,0.0,0.0,0.0,299698.05
1728626,IT,SE,PRINT,FOOD5,0.06,5993.88,3,3,5993.88,0.0,0.0,0.0,0.0,99898.0
1647476,IT,BE,SUPPO,MEAT1,0.04,5993.866,3,3,5993.866,0.0,0.0,0.0,0.0,149846.65
1746907,IT,JP,MOTO1,WOODW,0.03,5993.686,3,3,5993.686,0.0,0.0,0.0,0.0,199789.533333
1734419,IT,SK,VEGET,LANDT,0.02,5993.588,3,3,5993.588,0.0,0.0,0.0,0.0,299679.4
1640883,IT,AT,LEATH,CEMEN,0.04,5993.383,3,3,5993.383,0.0,0.0,0.0,0.0,149834.575
1767000,IT,RU,MOTO1,PLAS2,0.03,5993.299,3,3,5993.299,0.0,0.0,0.0,0.0,199776.633333
1790978,IT,WA,MOTO1,NAPHT,0.03,5993.29,3,3,5993.29,0.0,0.0,0.0,0.0,199776.333333
1808692,IT,WF,INERT,RESEA,0.04,5992.508,3,3,5992.508,0.0,0.0,0.0,0.0,149812.7
1724207,IT,PT,HOTEL,FINAN,0.04,5992.43,3,3,5992.43,0.0,0.0,0.0,0.0,149810.75
1717256,IT,NL,POSTT,RUBBE,0.1,5992.418,3,3,5992.418,0.0,0.0,0.0,0.0,59924.18
1795909,IT,WL,OFFIC,MEMBE,0.02,5992.245,3,3,5992.245,0.0,0.0,0.0,0.0,299612.25
1784046,IT,ID,TEXTI,SEACO,0.04,5992.185,3,3,5992.185,0.0,0.0,0.0,0.0,149804.625
1809610,IT,WM,DAIRY,MEATA,0.02,5992.056,3,3,5992.056,0.0,0.0,0.0,0.0,299602.8
1795987,IT,WL,MOTO1,MEDIC,0.03,5992.023,3,3,5992.023,0.0,0.0,0.0,0.0,199734.1
1717012,IT,NL,LANDT,WHITE,0.04,5991.95,3,3,5991.95,0.0,0.0,0.0,0.0,149798.75
1771038,IT,CH,FORES,RUBBE,0.05,5991.804,4,4,5989.804,0.0,2.0,0.0,0.0,119836.08
1719542,IT,PL,GLASS,ELEC2,0.02,5991.707,3,3,5991.707,0.0,0.0,0.0,0.0,299585.35
1647465,IT,BE,SUPPO,WHEAT,0.04,5991.507,3,3,5991.507,0.0,0.0,0.0,0.0,149787.675
1678349,IT,FR,FOOD4,BASIC,0.04,5991.391,3,3,5991.391,0.0,0.0,0.0,0.0,149784.775
1796084,IT,WL,TRANS,NAPHT,0.04,5990.899,3,3,5990.899,0.0,0.0,0.0,0.0,149772.475
1654775,IT,CZ,SUPPO,COKIN,0.04,5990.871,3,3,5990.871,0.0,0.0,0.0,0.0,149771.775
1750246,IT,CN,COPP1,BRICK,0.02,5990.76,3,3,5990.76,0.0,0.0,0.0,0.0,299538.0
1786252,IT,ZA,FABRI,WOOLS,0.02,5990.623,3,3,5990.623,0.0,0.0,0.0,0.0,299531.15
1765301,IT,RU,DAIRY,HOTEL,0.02,5990.396,3,3,5990.396,0.0,0.0,0.0,0.0,299519.8
1688944,IT,IE,FABRI,DISTR,0.02,5990.284,3,3,5990.284,0.0,0.0,0.0,0.0,299514.2
1787844,IT,WA,FOOD5,PLAST,0.03,5990.258,3,3,5990.258,0.0,0.0,0.0,0.0,199675.266667
1643762,IT,AT,SUPPO,RECRE,0.04,5990.256,3,3,5990.256,0.0,0.0,0.0,0.0,149756.4
1766838,IT,RU,MACHI,AUXIL,0.03,5990.153,3,3,5990.153,0.0,0.0,0.0,0.0,199671.766667
1642483,IT,AT,LEAD1,PULP5,0.01,5990.019,3,3,5990.019,0.0,0.0,0.0,0.0,599001.9
1748403,IT,CN,CROPS,RESEA,0.05,5989.697,3,3,5989.697,0.0,0.0,0.0,0.0,119793.94
1758779,IT,BR,RETA1,BITU1,0.06,5989.082,3,3,5989.082,0.0,0.0,0.0,0.0,99818.033333
1677220,IT,FR,POSTT,PAPE1,0.1,5989.082,3,3,5989.082,0.0,0.0,0.0,0.0,59890.82
1763637,IT,MX,RUBBE,COKIN,0.02,5988.954,3,3,5988.954,0.0,0.0,0.0,0.0,299447.7
1683504,IT,HR,ALUM1,WHEAT,0.01,5988.894,3,3,5988.894,0.0,0.0,0.0,0.0,598889.4
1760027,IT,BR,TEXT1,FOOD4,0.05,5988.678,3,3,5988.678,0.0,0.0,0.0,0.0,119773.56
1780099,IT,TW,HOTEL,CEREA,0.04,5988.371,3,3,5988.371,0.0,0.0,0.0,0.0,149709.275
1724293,IT,PT,LANDT,ELEC2,0.04,5987.535,3,3,5987.535,0.0,0.0,0.0,0.0,149688.375
1729332,IT,SE,NONME,COMPU,0.01,5987.262,3,3,5987.262,0.0,0.0,0.0,0.0,598726.2
1755960,IT,KR,PREC1,COLLE,0.01,5987.111,3,3,5987.111,0.0,0.0,0.0,0.0,598711.1
1650147,IT,BG,MOTO1,MOTOR,0.03,5986.976,3,3,5986.976,0.0,0.0,0.0,0.0,199565.866667
1767790,IT,RU,INSUR,CONST,0.12,5986.655,3,3,5986.655,0.0,0.0,0.0,0.0,49888.791667
1723689,IT,PT,MACHI,PFERT,0.03,5986.465,3,3,5986.465,0.0,0.0,0.0,0.0,199548.833333
1775771,IT,TR,CRUDE,SEACO,0.01,5986.407,3,3,5986.407,0.0,0.0,0.0,0.0,598640.7
1788098,IT,WA,WEARI,PLANT,0.05,5986.221,3,3,5986.221,0.0,0.0,0.0,0.0,119724.42
1712282,IT,LV,CHEM1,FOOD5,0.01,5986.161,3,3,5986.161,0.0,0.0,0.0,0.0,598616.1
1724704,IT,PT,INSUR,HEALT,0.12,5986.01,3,3,5986.01,0.0,0.0,0.0,0.0,49883.416667
1726840,IT,RO,WHOLE,PAPE4,0.05,5985.775,3,3,5985.775,0.0,0.0,0.0,0.0,119715.5
1769124,IT,AU,CHEM1,COPPE,0.01,5985.566,3,3,5985.566,0.0,0.0,0.0,0.0,598556.6
1735931,IT,SK,MOTO1,FOOD5,0.03,5985.244,3,3,5985.244,0.0,0.0,0.0,0.0,199508.133333
1760246,IT,BR,WOOD2,CHEM1,0.03,5985.156,3,3,5985.156,0.0,0.0,0.0,0.0,199505.2
1810195,IT,WM,WEARI,INERT,0.05,5985.133,3,3,5985.133,0.0,0.0,0.0,0.0,119702.66
1779855,IT,TR,PUBLI,TRANS,0.1,5985.02,3,3,5985.02,0.0,0.0,0.0,0.0,59850.2
1643207,IT,AT,HOTEL,COKEO,0.04,5984.867,3,3,5984.867,0.0,0.0,0.0,0.0,149621.675
1768428,IT,AU,DAIRY,POULT,0.02,5984.83,3,3,5984.83,0.0,0.0,0.0,0.0,299241.5
1752222,IT,CN,PUBLI,MEMBE,0.1,5984.732,3,3,5984.732,0.0,0.0,0.0,0.0,59847.32
1727994,IT,SE,SANDC,FOOD5,0.01,5984.494,4,4,5983.494,0.0,0.0,1.0,0.0,598449.4
1745991,IT,JP,PAPER,VEGET,0.02,5984.161,3,3,5984.161,0.0,0.0,0.0,0.0,299208.05
1661058,IT,DE,PUBLI,CHEM1,0.1,5983.957,3,3,5983.957,0.0,0.0,0.0,0.0,59839.57
1746658,IT,JP,COPP1,REALE,0.02,5983.879,3,3,5983.879,0.0,0.0,0.0,0.0,299193.95
1785987,IT,ZA,RUBBE,RESEA,0.02,5983.803,3,3,5983.803,0.0,0.0,0.0,0.0,299190.15
1746267,IT,JP,CHEM1,SECO9,0.01,5983.465,3,3,5983.465,0.0,0.0,0.0,0.0,598346.5
1680797,IT,GR,RAILW,VEGET,0.04,5983.21,3,3,5983.21,0.0,0.0,0.0,0.0,149580.25
1713082,IT,MT,DAIRY,FINAN,0.02,5983.142,3,3,5983.142,0.0,0.0,0.0,0.0,299157.1
1744661,IT,US,COMPU,WOODW,0.07,5983.03,3,3,5983.03,0.0,0.0,0.0,0.0,85471.857143
1760793,IT,IN,PRINT,AUXIL,0.06,5982.826,3,3,5982.826,0.0,0.0,0.0,0.0,99713.766667
1733803,IT,SI,LANDT,FINAN,0.04,5982.658,3,3,5982.658,0.0,0.0,0.0,0.0,149566.45
1678296,IT,FR,FOOD3,MACHI,0.02,5982.432,3,3,5982.432,0.0,0.0,0.0,0.0,299121.6
1711830,IT,LU,FOODW,CONST,0.04,5982.242,3,3,5982.242,0.0,0.0,0.0,0.0,149556.05
1754793,IT,KR,FOOD5,FISH5,0.03,5982.07,3,3,5982.07,0.0,0.0,0.0,0.0,199402.333333
1722980,IT,PT,NAPHT,DIST1,0.01,5982.024,3,3,5982.024,0.0,0.0,0.0,0.0,598202.4
1748185,IT,JP,PAPE1,RAWMI,0.04,5981.529,3,3,5981.529,0.0,0.0,0.0,0.0,149538.225
1781246,IT,NO,STONE,NATUR,0.02,5981.406,3,3,5981.406,0.0,0.0,0.0,0.0,299070.3
1728694,IT,SE,PRINT,93197,0.06,5981.12,3,3,5981.12,0.0,0.0,0.0,0.0,99685.333333
1690012,IT,IE,REALE,FINAN,0.25,5980.988,3,3,5980.988,0.0,0.0,0.0,0.0,23923.952
1767139,IT,RU,CONST,DISTR,0.03,5980.635,3,3,5980.635,0.0,0.0,0.0,0.0,199354.5
1802701,IT,WE,COMPU,SALEM,0.07,5980.436,3,3,5980.436,0.0,0.0,0.0,0.0,85434.8
1716688,IT,NL,WHOLE,MOTO1,0.05,5980.12,3,3,5980.12,0.0,0.0,0.0,0.0,119602.4
1668064,IT,ES,FURNI,INSUR,0.02,5979.839,3,3,5979.839,0.0,0.0,0.0,0.0,298991.95
1684623,IT,HR,FOOD4,OFFIC,0.04,5979.693,3,3,5979.693,0.0,0.0,0.0,0.0,149492.325
1687205,IT,HU,CONST,CHEM1,0.03,5979.431,3,3,5979.431,0.0,0.0,0.0,0.0,199314.366667
1711844,IT,LU,PAPE1,MOTO1,0.04,5979.255,3,3,5979.255,0.0,0.0,0.0,0.0,149481.375
1734099,IT,SI,INSUR,LANDT,0.12,5978.924,3,3,5978.924,0.0,0.0,0.0,0.0,49824.366667
1768004,IT,RU,BUSIN,CEREA,0.06,5978.408,3,3,5978.408,0.0,0.0,0.0,0.0,99640.133333
1730441,IT,SE,POSTT,ELEC5,0.1,5978.36,3,3,5978.36,0.0,0.0,0.0,0.0,59783.6
1661829,IT,DK,PAPER,CRUDE,0.02,5977.985,3,3,5977.985,0.0,0.0,0.0,0.0,298899.25
1735545,IT,SK,ALUM1,BIODI,0.01,5977.68,3,3,5977.68,0.0,0.0,0.0,0.0,597768.0
1689777,IT,IE,INSUR,NATUR,0.12,5977.257,3,3,5977.257,0.0,0.0,0.0,0.0,49810.475
1756930,IT,KR,INSUR,INSUR,0.12,5976.791,3,3,5976.791,0.0,0.0,0.0,0.0,49806.591667
1752294,IT,CA,SANDC,NONF1,0.01,5976.771,4,4,5975.771,0.0,0.0,1.0,0.0,597677.1
1734054,IT,SI,FINAN,INSUR,0.08,5976.747,3,3,5976.747,0.0,0.0,0.0,0.0,74709.3375
1683021,IT,HR,CHEM1,SECO9,0.01,5976.743,3,3,5976.743,0.0,0.0,0.0,0.0,597674.3
1737935,IT,GB,CHEM1,PARAF,0.01,5976.587,3,3,5976.587,0.0,0.0,0.0,0.0,597658.7
1642812,IT,AT,OFFIC,COPP1,0.02,5976.473,3,3,5976.473,0.0,0.0,0.0,0.0,298823.65
1759361,IT,BR,FINAN,MOTO1,0.08,5976.439,3,3,5976.439,0.0,0.0,0.0,0.0,74705.4875
1776330,IT,TR,PAPER,ELEC6,0.02,5976.422,3,3,5976.422,0.0,0.0,0.0,0.0,298821.1
1758737,IT,BR,WHOLE,BRICK,0.05,5976.251,3,3,5976.251,0.0,0.0,0.0,0.0,119525.02
1663693,IT,EE,VEGET,DAIRY,0.02,5976.211,3,3,5976.211,0.0,0.0,0.0,0.0,298810.55
1778472,IT,TR,WHOLE,SUPPO,0.05,5975.88,3,3,5975.88,0.0,0.0,0.0,0.0,119517.6
1738604,IT,GB,FABRI,TRAN2,0.02,5975.813,3,3,5975.813,0.0,0.0,0.0,0.0,298790.65
1652645,IT,CZ,WOODW,ELEC1,0.02,5975.728,3,3,5975.728,0.0,0.0,0.0,0.0,298786.4
1711511,IT,LU,POSTT,PRINT,0.1,5975.699,3,3,5975.699,0.0,0.0,0.0,0.0,59756.99
1727150,IT,RO,LANDT,INLAN,0.04,5975.36,3,3,5975.36,0.0,0.0,0.0,0.0,149384.0
1674173,IT,FR,LIQUE,ANIMA,0.01,5975.335,3,3,5975.335,0.0,0.0,0.0,0.0,597533.5
1757011,IT,KR,BUSIN,PROCE,0.06,5975.322,3,3,5975.322,0.0,0.0,0.0,0.0,99588.7
1765291,IT,RU,VEGE1,RENTI,0.02,5975.091,3,3,5975.091,0.0,0.0,0.0,0.0,298754.55
1733582,IT,SI,RETA1,AUXIL,0.06,5974.868,3,3,5974.868,0.0,0.0,0.0,0.0,99581.133333
1812498,IT,WM,ALUM1,POULT,0.01,5974.468,3,3,5974.468,0.0,0.0,0.0,0.0,597446.8
1641681,IT,AT,PLAST,IRONO,0.01,5974.069,3,3,5974.069,0.0,0.0,0.0,0.0,597406.9
1675478,IT,FR,OFFIC,GASDI,0.02,5974.056,3,3,5974.056,0.0,0.0,0.0,0.0,298702.8
1772765,IT,CH,NONME,WEARI,0.01,5973.826,3,3,5973.826,0.0,0.0,0.0,0.0,597382.6
1678029,IT,FR,EDUCA,MOTO1,0.15,5973.503,3,3,5973.503,0.0,0.0,0.0,0.0,39823.353333
1722589,IT,PT,FISH5,BUSIN,0.03,5972.908,4,4,5972.905,0.0,0.0,0.0,0.003,199096.933333
1758499,IT,BR,MACHI,CEMEN,0.03,5972.822,3,3,5972.822,0.0,0.0,0.0,0.0,199094.066667
1716956,IT,NL,RAILW,HOTEL,0.04,5972.742,3,3,5972.742,0.0,0.0,0.0,0.0,149318.55
1670709,IT,FI,PAPER,RAWMI,0.02,5972.695,3,3,5972.695,0.0,0.0,0.0,0.0,298634.75
1715651,IT,NL,NAPHT,ELEC2,0.01,5972.648,3,3,5972.648,0.0,0.0,0.0,0.0,597264.8
1758075,IT,BR,GLASS,MEATP,0.02,5972.465,3,3,5972.465,0.0,0.0,0.0,0.0,298623.25
1710927,IT,LU,PLAST,KEROS,0.01,5972.464,3,3,5972.464,0.0,0.0,0.0,0.0,597246.4
1776739,IT,TR,LIQUE,REFI1,0.01,5971.968,3,3,5971.968,0.0,0.0,0.0,0.0,597196.8
1656471,IT,DE,PAPER,BKBPE,0.02,5971.835,3,3,5971.835,0.0,0.0,0.0,0.0,298591.75
1653917,IT,CZ,FABRI,FOODW,0.02,5971.522,3,3,5971.522,0.0,0.0,0.0,0.0,298576.1
1672715,IT,FR,CHEMI,PIGS9,0.01,5971.503,3,3,5971.503,0.0,0.0,0.0,0.0,597150.3
1737366,IT,GB,FISH5,MEATP,0.03,5971.301,4,4,5971.298,0.0,0.0,0.0,0.003,199043.366667
1672075,IT,FI,SUPPO,CHEM1,0.04,5971.226,3,3,5971.226,0.0,0.0,0.0,0.0,149280.65
1771618,IT,CH,WEARI,CEREA,0.05,5971.111,3,3,5971.111,0.0,0.0,0.0,0.0,119422.22
1714902,IT,NL,BEVER,RUBBE,0.03,5970.612,3,3,5970.612,0.0,0.0,0.0,0.0,199020.4
1671298,IT,FI,ALUM1,MEAT4,0.01,5970.076,3,3,5970.076,0.0,0.0,0.0,0.0,597007.6
1730002,IT,SE,SALEM,HOTEL,0.05,5969.764,3,3,5969.764,0.0,0.0,0.0,0.0,119395.28
1689759,IT,IE,FINAN,PUBLI,0.08,5969.494,3,3,5969.494,0.0,0.0,0.0,0.0,74618.675
1676376,IT,FR,WHOLE,NAPHT,0.05,5969.452,3,3,5969.452,0.0,0.0,0.0,0.0,119389.04
1737499,IT,GB,WOODW,SUGA1,0.02,5969.421,3,3,5969.421,0.0,0.0,0.0,0.0,298471.05
1759302,IT,BR,POSTT,SEACO,0.1,5969.206,3,3,5969.206,0.0,0.0,0.0,0.0,59692.06
1679969,IT,GR,FABRI,ELEC2,0.02,5968.812,3,3,5968.812,0.0,0.0,0.0,0.0,298440.6
1654276,IT,CZ,FURNI,SUPPO,0.02,5968.667,3,3,5968.667,0.0,0.0,0.0,0.0,298433.35
1646432,IT,BE,MACHI,RAWMI,0.03,5968.443,3,3,5968.443,0.0,0.0,0.0,0.0,198948.1
1662560,IT,DK,FABRI,LEATH,0.02,5968.431,3,3,5968.431,0.0,0.0,0.0,0.0,298421.55
1685373,IT,HU,LEATH,CERAM,0.04,5968.172,3,3,5968.172,0.0,0.0,0.0,0.0,149204.3
1755357,IT,KR,PRINT,REALE,0.06,5968.041,3,3,5968.041,0.0,0.0,0.0,0.0,99467.35
1789758,IT,WA,GLASS,NFERT,0.02,5967.552,3,3,5967.552,0.0,0.0,0.0,0.0,298377.6
1715358,IT,NL,PRINT,BIODI,0.06,5967.451,3,3,5967.451,0.0,0.0,0.0,0.0,99457.516667
1787489,IT,WA,CHEMI,SUGAR,0.01,5967.317,3,3,5967.317,0.0,0.0,0.0,0.0,596731.7
1688150,IT,HU,BUSIN,ELECT,0.06,5966.808,3,3,5966.808,0.0,0.0,0.0,0.0,99446.8
1758718,IT,BR,RETAI,HOTEL,0.05,5966.688,3,3,5966.688,0.0,0.0,0.0,0.0,119333.76
1678431,IT,FR,INERT,PAPE4,0.04,5966.529,3,3,5966.529,0.0,0.0,0.0,0.0,149163.225
1684053,IT,HR,HOTEL,BRICK,0.04,5966.413,3,3,5966.413,0.0,0.0,0.0,0.0,149160.325
1713164,IT,MT,FISH5,COMPU,0.03,5966.387,4,4,5966.384,0.0,0.0,0.0,0.003,198879.566667
1792136,IT,WA,SUPPO,RAWMI,0.04,5966.336,3,3,5966.336,0.0,0.0,0.0,0.0,149158.4
1676188,IT,FR,CONST,ELECT,0.03,5966.193,3,3,5966.193,0.0,0.0,0.0,0.0,198873.1
1788318,IT,WA,LEATH,STEAM,0.04,5965.8,3,3,5965.8,0.0,0.0,0.0,0.0,149145.0
1683363,IT,HR,NONME,PAPE4,0.01,5965.786,3,3,5965.786,0.0,0.0,0.0,0.0,596578.6
1722432,IT,PT,VEGE1,POULT,0.02,5965.697,3,3,5965.697,0.0,0.0,0.0,0.0,298284.85
1721926,IT,PL,RENTI,BUSIN,0.04,5965.235,3,3,5965.235,0.0,0.0,0.0,0.0,149130.875
1766353,IT,RU,NONME,PUBLI,0.01,5965.192,3,3,5965.192,0.0,0.0,0.0,0.0,596519.2
1797119,IT,WL,POSTT,MOTOR,0.1,5965.164,3,3,5965.164,0.0,0.0,0.0,0.0,59651.64
1808071,IT,WF,TEXT1,SALEM,0.04,5965.023,3,3,5965.023,0.0,0.0,0.0,0.0,149125.575
1802852,IT,WE,FOOD2,CRUDE,0.03,5964.775,3,3,5964.775,0.0,0.0,0.0,0.0,198825.833333
1792496,IT,WA,REALE,WEARI,0.25,5964.745,3,3,5964.745,0.0,0.0,0.0,0.0,23858.98
1766869,IT,RU,OFFIC,BEVER,0.02,5964.628,3,3,5964.628,0.0,0.0,0.0,0.0,298231.4
1666798,IT,ES,RUBBE,INSUR,0.02,5964.611,3,3,5964.611,0.0,0.0,0.0,0.0,298230.55
1679951,IT,GR,FABRI,GLASS,0.02,5964.468,3,3,5964.468,0.0,0.0,0.0,0.0,298223.4
1790835,IT,WA,MACHI,GASWO,0.03,5964.296,3,3,5964.296,0.0,0.0,0.0,0.0,198809.866667
1803551,IT,WF,DAIRY,COPPE,0.02,5964.196,3,3,5964.196,0.0,0.0,0.0,0.0,298209.8
1644241,IT,BE,CROPS,PIGS9,0.05,5963.238,3,3,5963.238,0.0,0.0,0.0,0.0,119264.76
1667505,IT,ES,FABRI,BITU1,0.02,5963.152,3,3,5963.152,0.0,0.0,0.0,0.0,298157.6
1669553,IT,ES,REALE,MACHI,0.25,5963.066,3,3,5963.066,0.0,0.0,0.0,0.0,23852.264
1783281,IT,NO,FOODW,MACHI,0.04,5963.018,3,3,5963.018,0.0,0.0,0.0,0.0,149075.45
1731809,IT,SI,PAPER,ELEC4,0.02,5962.719,3,3,5962.719,0.0,0.0,0.0,0.0,298135.95
1648953,IT,BG,WEARI,POSTT,0.04,5962.54,3,3,5962.54,0.0,0.0,0.0,0.0,149063.5
1683559,IT,HR,LEAD1,SECO9,0.01,5962.491,3,3,5962.491,0.0,0.0,0.0,0.0,596249.1
1649279,IT,BG,LIQUE,SECO9,0.01,5962.404,3,3,5962.404,0.0,0.0,0.0,0.0,596240.4
1777611,IT,TR,ALUM1,LEAD1,0.01,5962.144,3,3,5962.144,0.0,0.0,0.0,0.0,596214.4
1788426,IT,WA,PULP5,NATU1,0.02,5961.257,3,3,5961.257,0.0,0.0,0.0,0.0,298062.85
1787374,IT,WA,FORES,PIGS9,0.05,5961.238,4,4,5959.238,0.0,2.0,0.0,0.0,119224.76
1663866,IT,EE,TEXTI,HEALT,0.04,5961.133,3,3,5961.133,0.0,0.0,0.0,0.0,149028.325
1813094,IT,WM,MOTO1,OILSE,0.03,5961.119,3,3,5961.119,0.0,0.0,0.0,0.0,198703.966667
1690487,IT,IE,PAPE4,FOOD4,0.04,5961.087,3,3,5961.087,0.0,0.0,0.0,0.0,149027.175
1648855,IT,BG,TEXTI,MOTOR,0.04,5961.008,3,3,5961.008,0.0,0.0,0.0,0.0,149025.2
1755001,IT,KR,WEARI,FISHF,0.04,5960.897,3,3,5960.897,0.0,0.0,0.0,0.0,149022.425
1668611,IT,ES,RAILW,BEVER,0.04,5960.815,3,3,5960.815,0.0,0.0,0.0,0.0,149020.375
1642078,IT,AT,GLASS,BRICK,0.02,5960.229,3,3,5960.229,0.0,0.0,0.0,0.0,298011.45
1728823,IT,SE,PLAST,STONE,0.01,5960.214,3,3,5960.214,0.0,0.0,0.0,0.0,596021.4
1782737,IT,NO,RETA1,RETAI,0.06,5960.161,3,3,5960.161,0.0,0.0,0.0,0.0,99336.016667
1690249,IT,IE,FOODW,CEMEN,0.04,5960.111,3,3,5960.111,0.0,0.0,0.0,0.0,149002.775
1744652,IT,US,COMPU,NATU1,0.07,5960.086,3,3,5960.086,0.0,0.0,0.0,0.0,85144.085714
1802690,IT,WE,RENTI,93197,0.04,5959.898,3,3,5959.898,0.0,0.0,0.0,0.0,148997.45
1650471,IT,BG,ELEC5,CEMEN,0.07,5959.254,3,3,5959.254,0.0,0.0,0.0,0.0,85132.2
1668243,IT,ES,RETAI,INERT,0.05,5958.731,3,3,5958.731,0.0,0.0,0.0,0.0,119174.62
1783297,IT,NO,FOODW,TEXT1,0.04,5957.294,3,3,5957.294,0.0,0.0,0.0,0.0,148932.35
1646004,IT,BE,NONME,PULP5,0.01,5957.172,3,3,5957.172,0.0,0.0,0.0,0.0,595717.2
1781680,IT,NO,LEATH,FOODW,0.04,5957.113,3,3,5957.113,0.0,0.0,0.0,0.0,148927.825
1797588,IT,WL,HEALT,WOOLS,0.03,5957.073,3,3,5957.073,0.0,0.0,0.0,0.0,198569.1
1659382,IT,DE,WHOLE,STONE,0.05,5956.909,3,3,5956.909,0.0,0.0,0.0,0.0,119138.18
1684564,IT,HR,BUSIN,RETAI,0.06,5956.818,3,3,5956.818,0.0,0.0,0.0,0.0,99280.3
1640327,IT,AT,CHEMI,BIOGA,0.01,5955.927,3,3,5955.927,0.0,0.0,0.0,0.0,595592.7
1754875,IT,KR,FISH5,ELEC1,0.03,5955.915,4,4,5955.912,0.0,0.0,0.0,0.003,198530.5
1714817,IT,NL,FOOD5,PULP5,0.03,5955.727,3,3,5955.727,0.0,0.0,0.0,0.0,198524.233333
1688263,IT,IE,CROPS,MEAT4,0.05,5955.301,3,3,5955.301,0.0,0.0,0.0,0.0,119106.02
1738992,IT,GB,SALEM,MOTO1,0.05,5955.224,3,3,5955.224,0.0,0.0,0.0,0.0,119104.48
1679385,IT,GR,PLAST,TRAN2,0.01,5954.633,3,3,5954.633,0.0,0.0,0.0,0.0,595463.3
1800358,IT,WE,CHEM1,KEROS,0.01,5954.502,3,3,5954.502,0.0,0.0,0.0,0.0,595450.2
1814535,IT,WM,RESEA,RECRE,0.03,5954.149,3,3,5954.149,0.0,0.0,0.0,0.0,198471.633333
1808059,IT,WF,TEXT1,POULT,0.04,5954.144,3,3,5954.144,0.0,0.0,0.0,0.0,148853.6
1647087,IT,BE,HOTEL,HEAVY,0.04,5954.055,3,3,5954.055,0.0,0.0,0.0,0.0,148851.375
1775982,IT,TR,BEVER,EDUCA,0.03,5953.936,3,3,5953.936,0.0,0.0,0.0,0.0,198464.533333
1654857,IT,CZ,POSTT,MOTO1,0.1,5953.886,3,3,5953.886,0.0,0.0,0.0,0.0,59538.86
1770106,IT,AU,WHOLE,MOTO1,0.05,5953.825,3,3,5953.825,0.0,0.0,0.0,0.0,119076.5
1788642,IT,WA,PRINT,WHOLE,0.06,5953.523,3,3,5953.523,0.0,0.0,0.0,0.0,99225.383333
1712960,IT,MT,CROPS,FOOD5,0.05,5953.512,3,3,5953.512,0.0,0.0,0.0,0.0,119070.24
1663757,IT,EE,FOOD5,CONST,0.03,5953.475,3,3,5953.475,0.0,0.0,0.0,0.0,198449.166667
1682483,IT,HR,PRINT,PULP5,0.06,5953.448,3,3,5953.448,0.0,0.0,0.0,0.0,99224.133333
1680826,IT,GR,RAILW,CONST,0.04,5953.388,3,3,5953.388,0.0,0.0,0.0,0.0,148834.7
1678268,IT,FR,FOOD2,BASIC,0.03,5953.225,3,3,5953.225,0.0,0.0,0.0,0.0,198440.833333
1640290,IT,AT,SANDC,PLAST,0.01,5952.965,4,4,5951.965,0.0,0.0,1.0,0.0,595296.5
1677256,IT,FR,FINAN,MEATP,0.08,5952.92,3,3,5952.92,0.0,0.0,0.0,0.0,74411.5
1688825,IT,IE,NONME,PLAST,0.01,5952.723,3,3,5952.723,0.0,0.0,0.0,0.0,595272.3
1651629,IT,CY,NONME,REALE,0.01,5952.633,3,3,5952.633,0.0,0.0,0.0,0.0,595263.3
1742619,IT,US,ALUM1,PLAS2,0.01,5952.401,3,3,5952.401,0.0,0.0,0.0,0.0,595240.1
1711649,IT,LU,COMPU,BASIC,0.07,5952.222,3,3,5952.222,0.0,0.0,0.0,0.0,85031.742857
1743346,IT,US,SALEM,CATTL,0.05,5951.88,3,3,5951.88,0.0,0.0,0.0,0.0,119037.6
1662041,IT,DK,CHEM1,PIGS9,0.01,5951.555,3,3,5951.555,0.0,0.0,0.0,0.0,595155.5
1730951,IT,SE,INTER,WOOD1,0.04,5951.447,3,3,5951.447,0.0,0.0,0.0,0.0,148786.175
1644706,IT,BE,BEVER,TRANS,0.03,5951.364,3,3,5951.364,0.0,0.0,0.0,0.0,198378.8
1677964,IT,FR,PUBLI,CATTL,0.1,5951.054,3,3,5951.054,0.0,0.0,0.0,0.0,59510.54
1787986,IT,WA,TEXTI,PRECI,0.04,5950.89,3,3,5950.89,0.0,0.0,0.0,0.0,148772.25
1656278,IT,DE,LEATH,CROPS,0.04,5950.854,3,3,5950.854,0.0,0.0,0.0,0.0,148771.35
1725797,IT,RO,PRINT,RENTI,0.06,5950.753,3,3,5950.753,0.0,0.0,0.0,0.0,99179.216667
1712493,IT,LV,FABRI,STONE,0.02,5950.695,3,3,5950.695,0.0,0.0,0.0,0.0,297534.75
1674233,IT,FR,LIQUE,FOOD4,0.01,5950.128,3,3,5950.128,0.0,0.0,0.0,0.0,595012.8
1669963,IT,ES,EDUCA,SALEM,0.15,5950.049,3,3,5950.049,0.0,0.0,0.0,0.0,39666.993333
1734467,IT,SK,CRUDE,HEAVY,0.01,5949.693,3,3,5949.693,0.0,0.0,0.0,0.0,594969.3
1677551,IT,FR,REALE,VEGET,0.25,5949.531,3,3,5949.531,0.0,0.0,0.0,0.0,23798.124
1769610,IT,AU,FABRI,NATU1,0.02,5949.218,3,3,5949.218,0.0,0.0,0.0,0.0,297460.9
1745446,IT,JP,DAIRY,AUXIL,0.02,5949.195,3,3,5949.195,0.0,0.0,0.0,0.0,297459.75
1795564,IT,WL,COPP1,CEMEN,0.02,5949.06,3,3,5949.06,0.0,0.0,0.0,0.0,297453.0
1814964,IT,WM,PRIVA,CONST,1.33,5948.927,3,3,5948.927,0.0,0.0,0.0,0.0,4472.877444
1720160,IT,PL,COPP1,BITU1,0.02,5948.757,3,3,5948.757,0.0,0.0,0.0,0.0,297437.85
1773603,IT,CH,TRANS,FABRI,0.04,5948.318,3,3,5948.318,0.0,0.0,0.0,0.0,148707.95
1688172,IT,HU,BUSIN,RAILW,0.06,5947.85,3,3,5947.85,0.0,0.0,0.0,0.0,99130.833333
1690383,IT,IE,WASTE,SUPPO,0.02,5947.442,3,3,5947.442,0.0,0.0,0.0,0.0,297372.1
1802025,IT,WE,WHOLE,COPP1,0.05,5947.202,3,3,5947.202,0.0,0.0,0.0,0.0,118944.04
1678313,IT,FR,FOOD3,RECRE,0.02,5947.124,3,3,5947.124,0.0,0.0,0.0,0.0,297356.2
1792653,IT,WA,RESEA,PLAST,0.03,5947.102,3,3,5947.102,0.0,0.0,0.0,0.0,198236.733333
1747899,IT,JP,COMPU,BASIC,0.07,5946.43,3,3,5946.43,0.0,0.0,0.0,0.0,84949.0
1652970,IT,CZ,NAPHT,CHEM1,0.01,5946.324,3,3,5946.324,0.0,0.0,0.0,0.0,594632.4
1768307,IT,AU,STONE,MEMBE,0.02,5946.129,3,3,5946.129,0.0,0.0,0.0,0.0,297306.45
1799096,IT,WE,WEARI,SUBBI,0.04,5946.056,3,3,5946.056,0.0,0.0,0.0,0.0,148651.4
1780284,IT,TW,LANDT,SALEM,0.04,5946.029,3,3,5946.029,0.0,0.0,0.0,0.0,148650.725
1737334,IT,GB,BEVER,NONF1,0.03,5945.915,3,3,5945.915,0.0,0.0,0.0,0.0,198197.166667
1813127,IT,WM,MOTO1,LEATH,0.03,5945.791,3,3,5945.791,0.0,0.0,0.0,0.0,198193.033333
1764010,IT,MX,ALUM1,REALE,0.01,5945.689,3,3,5945.689,0.0,0.0,0.0,0.0,594568.9
1675755,IT,FR,FURNI,COPP1,0.02,5945.509,3,3,5945.509,0.0,0.0,0.0,0.0,297275.45
1664008,IT,EE,PRINT,BUSIN,0.06,5944.988,3,3,5944.988,0.0,0.0,0.0,0.0,99083.133333
1659740,IT,DE,RAILW,AUXIL,0.04,5944.918,3,3,5944.918,0.0,0.0,0.0,0.0,148622.95
1774006,IT,CH,RETAI,DAIRY,0.05,5944.443,3,3,5944.443,0.0,0.0,0.0,0.0,118888.86
1807239,IT,WF,SUPPO,FURNI,0.04,5944.426,3,3,5944.426,0.0,0.0,0.0,0.0,148610.65
1721540,IT,PL,SUPPO,TRAN1,0.04,5944.394,3,3,5944.394,0.0,0.0,0.0,0.0,148609.85
1797387,IT,WL,COMPU,BEVER,0.07,5944.294,3,3,5944.294,0.0,0.0,0.0,0.0,84918.485714
1663062,IT,DK,HOTEL,PLAS1,0.04,5944.29,3,3,5944.29,0.0,0.0,0.0,0.0,148607.25
1721677,IT,PL,FINAN,PLAST,0.08,5944.214,3,3,5944.214,0.0,0.0,0.0,0.0,74302.675
1803197,IT,WF,CROPS,WOODW,0.05,5944.143,3,3,5944.143,0.0,0.0,0.0,0.0,118882.86
1737365,IT,GB,FISH5,MEATC,0.02,5944.022,4,4,5944.019,0.0,0.0,0.0,0.003,297201.1
1806969,IT,WF,LANDT,BEVER,0.04,5943.805,3,3,5943.805,0.0,0.0,0.0,0.0,148595.125
1668416,IT,ES,RETA1,MEDIC,0.06,5943.587,3,3,5943.587,0.0,0.0,0.0,0.0,99059.783333
1644261,IT,BE,CROPS,MOTOR,0.05,5943.306,3,3,5943.306,0.0,0.0,0.0,0.0,118866.12
1781442,IT,NO,FOOD5,RECRE,0.03,5943.225,3,3,5943.225,0.0,0.0,0.0,0.0,198107.5
1665838,IT,ES,PRINT,BIOGA,0.06,5943.086,3,3,5943.086,0.0,0.0,0.0,0.0,99051.433333
1775752,IT,TR,CRUDE,KERO1,0.01,5943.081,3,3,5943.081,0.0,0.0,0.0,0.0,594308.1
1711500,IT,LU,SUPPO,RENTI,0.04,5943.07,3,3,5943.07,0.0,0.0,0.0,0.0,148576.75
1716653,IT,NL,WHOLE,PIGS9,0.05,5942.804,3,3,5942.804,0.0,0.0,0.0,0.0,118856.08
1683861,IT,HR,MOTO1,POSTT,0.03,5942.349,3,3,5942.349,0.0,0.0,0.0,0.0,198078.3
1758745,IT,BR,WHOLE,FURNI,0.05,5942.157,3,3,5942.157,0.0,0.0,0.0,0.0,118843.14
1651285,IT,CY,FOOD5,BEVER,0.03,5941.279,3,3,5941.279,0.0,0.0,0.0,0.0,198042.633333
1746607,IT,JP,ALUM1,TEXTI,0.01,5940.78,3,3,5940.78,0.0,0.0,0.0,0.0,594078.0
1770839,IT,AU,BUSIN,DAIRY,0.06,5940.771,3,3,5940.771,0.0,0.0,0.0,0.0,99012.85
1676138,IT,FR,ELE12,TRAN1,0.04,5940.703,3,3,5940.703,0.0,0.0,0.0,0.0,148517.575
1677295,IT,FR,FINAN,RADIO,0.08,5939.984,3,3,5939.984,0.0,0.0,0.0,0.0,74249.8
1758617,IT,BR,TRANS,RUBBE,0.04,5939.816,3,3,5939.816,0.0,0.0,0.0,0.0,148495.4
1659384,IT,DE,WHOLE,CHEMI,0.05,5939.664,3,3,5939.664,0.0,0.0,0.0,0.0,118793.28
1806638,IT,WF,SALEM,AUXIL,0.05,5939.661,3,3,5939.661,0.0,0.0,0.0,0.0,118793.22
1771028,IT,CH,MEATA,PAPE1,0.03,5939.559,3,3,5939.559,0.0,0.0,0.0,0.0,197985.3
1649870,IT,BG,COPP1,LANDT,0.02,5939.326,3,3,5939.326,0.0,0.0,0.0,0.0,296966.3
1651129,IT,BG,COMPU,INSUR,0.07,5939.194,3,3,5939.194,0.0,0.0,0.0,0.0,84845.628571
1649271,IT,BG,LIQUE,DAIRY,0.01,5938.866,3,3,5938.866,0.0,0.0,0.0,0.0,593886.6
1782649,IT,NO,SALEM,WHOLE,0.05,5938.442,3,3,5938.442,0.0,0.0,0.0,0.0,118768.84
1709568,IT,LT,WOODW,SEWAG,0.02,5938.306,3,3,5938.306,0.0,0.0,0.0,0.0,296915.3
1712475,IT,LV,COPP1,BRICK,0.02,5937.963,3,3,5937.963,0.0,0.0,0.0,0.0,296898.15
1744451,IT,US,AUXIL,COLLE,0.11,5937.638,3,3,5937.638,0.0,0.0,0.0,0.0,53978.527273
1793250,IT,WA,PRIVA,FISH5,1.32,5937.631,3,3,5937.631,0.0,0.0,0.0,0.0,4498.205303
1714024,IT,MT,HOTEL,MEAT1,0.04,5937.459,3,3,5937.459,0.0,0.0,0.0,0.0,148436.475
1719349,IT,PL,RUBBE,OILSE,0.02,5937.218,3,3,5937.218,0.0,0.0,0.0,0.0,296860.9
1653609,IT,CZ,PREC1,SALEM,0.01,5936.355,3,3,5936.355,0.0,0.0,0.0,0.0,593635.5
1737570,IT,GB,PAPER,CEREA,0.02,5935.727,3,3,5935.727,0.0,0.0,0.0,0.0,296786.35
1650232,IT,BG,FURNI,RUBBE,0.02,5935.722,3,3,5935.722,0.0,0.0,0.0,0.0,296786.1
1758146,IT,BR,NONME,RAWMI,0.01,5935.246,3,3,5935.246,0.0,0.0,0.0,0.0,593524.6
1772592,IT,CH,RUBBE,FOOD1,0.02,5934.837,3,3,5934.837,0.0,0.0,0.0,0.0,296741.85
1757411,IT,BR,WOODW,TRANS,0.02,5934.817,3,3,5934.817,0.0,0.0,0.0,0.0,296740.85
1665093,IT,ES,VEGE1,KEROS,0.02,5934.722,3,3,5934.722,0.0,0.0,0.0,0.0,296736.1
1814401,IT,WM,AUXIL,HEALT,0.11,5934.483,3,3,5934.483,0.0,0.0,0.0,0.0,53949.845455
1777983,IT,TR,MACHI,AIRTR,0.03,5934.172,3,3,5934.172,0.0,0.0,0.0,0.0,197805.733333
1767795,IT,RU,INSUR,HOTEL,0.12,5933.528,3,3,5933.528,0.0,0.0,0.0,0.0,49446.066667
1783090,IT,NO,INSUR,AIRTR,0.12,5933.378,3,3,5933.378,0.0,0.0,0.0,0.0,49444.816667
1737895,IT,GB,CHEM1,CEREA,0.01,5933.242,3,3,5933.242,0.0,0.0,0.0,0.0,593324.2
1727826,IT,RO,BUSIN,BLAST,0.06,5933.224,3,3,5933.224,0.0,0.0,0.0,0.0,98887.066667
1806633,IT,WF,SALEM,AIRTR,0.05,5933.199,3,3,5933.199,0.0,0.0,0.0,0.0,118663.98
1662212,IT,DK,GLASS,WEARI,0.02,5932.932,3,3,5932.932,0.0,0.0,0.0,0.0,296646.6
1653198,IT,CZ,RUBBE,PLANT,0.02,5932.868,3,3,5932.868,0.0,0.0,0.0,0.0,296643.4
1663784,IT,EE,BEVER,RUBBE,0.03,5932.832,3,3,5932.832,0.0,0.0,0.0,0.0,197761.066667
1789631,IT,WA,RUBBE,PULP5,0.02,5932.604,3,3,5932.604,0.0,0.0,0.0,0.0,296630.2
1684105,IT,HR,HOTEL,WASTE,0.04,5932.482,3,3,5932.482,0.0,0.0,0.0,0.0,148312.05
1716272,IT,NL,FABRI,PIGS9,0.02,5932.44,3,3,5932.44,0.0,0.0,0.0,0.0,296622.0
1804784,IT,WF,NAPHT,WHITE,0.01,5932.275,3,3,5932.275,0.0,0.0,0.0,0.0,593227.5
1803623,IT,WF,FOOD5,WEARI,0.03,5931.976,3,3,5931.976,0.0,0.0,0.0,0.0,197732.533333
1711713,IT,LU,BUSIN,COPP1,0.06,5931.87,3,3,5931.87,0.0,0.0,0.0,0.0,98864.5
1655432,IT,DE,FORES,TEXTI,0.05,5931.26,4,4,5929.26,0.0,2.0,0.0,0.0,118625.2
1777908,IT,TR,MACHI,SUGA1,0.03,5931.231,3,3,5931.231,0.0,0.0,0.0,0.0,197707.7
1759464,IT,BR,AUXIL,BASIC,0.11,5931.196,3,3,5931.196,0.0,0.0,0.0,0.0,53919.963636
1754780,IT,KR,FOOD5,MEATA,0.03,5930.659,3,3,5930.659,0.0,0.0,0.0,0.0,197688.633333
1643799,IT,AT,FINAN,PIGS9,0.08,5930.568,3,3,5930.568,0.0,0.0,0.0,0.0,74132.1
1762947,IT,MX,VEGE1,BEVER,0.02,5930.531,3,3,5930.531,0.0,0.0,0.0,0.0,296526.55
1645785,IT,BE,RUBBE,RETAI,0.02,5930.384,3,3,5930.384,0.0,0.0,0.0,0.0,296519.2
1654226,IT,CZ,TRANS,WOODW,0.04,5930.364,3,3,5930.364,0.0,0.0,0.0,0.0,148259.1
1766304,IT,RU,NONME,PIGS9,0.01,5930.134,3,3,5930.134,0.0,0.0,0.0,0.0,593013.4
1782713,IT,NO,RETA1,FISH5,0.06,5930.049,3,3,5930.049,0.0,0.0,0.0,0.0,98834.15
1659158,IT,DE,ELE12,DISTR,0.04,5929.888,3,3,5929.888,0.0,0.0,0.0,0.0,148247.2
1762734,IT,IN,BUSIN,CERAM,0.06,5929.83,3,3,5929.83,0.0,0.0,0.0,0.0,98830.5
1720314,IT,PL,FABRI,MEDIC,0.02,5929.664,3,3,5929.664,0.0,0.0,0.0,0.0,296483.2
1662108,IT,DK,CHEM1,MEMBE,0.01,5929.518,3,3,5929.518,0.0,0.0,0.0,0.0,592951.8
1714745,IT,NL,DAIRY,FURNI,0.02,5928.852,3,3,5928.852,0.0,0.0,0.0,0.0,296442.6
1683929,IT,HR,FURNI,INTER,0.02,5928.388,3,3,5928.388,0.0,0.0,0.0,0.0,296419.4
1643199,IT,AT,HOTEL,TOBAC,0.04,5928.177,3,3,5928.177,0.0,0.0,0.0,0.0,148204.425
1744535,IT,US,REALE,ELECT,0.25,5928.125,3,3,5928.125,0.0,0.0,0.0,0.0,23712.5
1779844,IT,TR,PUBLI,BASIC,0.1,5927.804,3,3,5927.804,0.0,0.0,0.0,0.0,59278.04
1728321,IT,SE,BEVER,93197,0.03,5927.609,3,3,5927.609,0.0,0.0,0.0,0.0,197586.966667
1659264,IT,DE,SALEM,COLLE,0.05,5927.46,3,3,5927.46,0.0,0.0,0.0,0.0,118549.2
1675960,IT,FR,ELEC4,MOTO1,0.09,5927.424,3,3,5927.424,0.0,0.0,0.0,0.0,65860.266667
1747892,IT,JP,COMPU,PRINT,0.07,5927.024,3,3,5927.024,0.0,0.0,0.0,0.0,84671.771429
1774792,IT,CH,POSTT,GLASS,0.1,5926.523,3,3,5926.523,0.0,0.0,0.0,0.0,59265.23
1652252,IT,CZ,FOOD5,MACHI,0.03,5926.437,3,3,5926.437,0.0,0.0,0.0,0.0,197547.9
1669063,IT,ES,SUPPO,MEDIC,0.04,5926.058,3,3,5926.058,0.0,0.0,0.0,0.0,148151.45
1668268,IT,ES,WHOLE,BEVER,0.05,5925.867,3,3,5925.867,0.0,0.0,0.0,0.0,118517.34
1672887,IT,FR,VEGE1,ELEC3,0.02,5925.795,3,3,5925.795,0.0,0.0,0.0,0.0,296289.75
1762124,IT,IN,RAILW,FURNI,0.04,5925.145,3,3,5925.145,0.0,0.0,0.0,0.0,148128.625
1690055,IT,IE,RENTI,WOODW,0.04,5924.796,3,3,5924.796,0.0,0.0,0.0,0.0,148119.9
1645426,IT,BE,LIQUE,GLASS,0.01,5924.75,3,3,5924.75,0.0,0.0,0.0,0.0,592475.0
1648406,IT,BE,93197,TRANS,0.04,5924.525,3,3,5924.525,0.0,0.0,0.0,0.0,148113.125
1799383,IT,WE,PULP5,HOTEL,0.02,5924.03,3,3,5924.03,0.0,0.0,0.0,0.0,296201.5
1712474,IT,LV,COPP1,DAIRY,0.01,5923.89,3,3,5923.89,0.0,0.0,0.0,0.0,592389.0
1809528,IT,WM,MEAT4,COMPU,0.03,5923.75,3,3,5923.75,0.0,0.0,0.0,0.0,197458.333333
1725175,IT,RO,VEGE1,RETA1,0.02,5923.41,3,3,5923.41,0.0,0.0,0.0,0.0,296170.5
1794650,IT,WL,NAPHT,DAIRY,0.01,5923.4,3,3,5923.4,0.0,0.0,0.0,0.0,592340.0
1724829,IT,PT,BUSIN,CROPS,0.06,5922.456,3,3,5922.456,0.0,0.0,0.0,0.0,98707.6
1718882,IT,PL,PRINT,RAWMI,0.06,5922.261,3,3,5922.261,0.0,0.0,0.0,0.0,98704.35
1809882,IT,WM,BEVER,WEARI,0.03,5922.227,3,3,5922.227,0.0,0.0,0.0,0.0,197407.566667
1656409,IT,DE,WOODW,AUXIL,0.02,5922.203,3,3,5922.203,0.0,0.0,0.0,0.0,296110.15
1767943,IT,RU,COMPU,BEVER,0.07,5922.151,3,3,5922.151,0.0,0.0,0.0,0.0,84602.157143
1762659,IT,IN,COMPU,AUXIL,0.07,5922.081,3,3,5922.081,0.0,0.0,0.0,0.0,84601.157143
1642476,IT,AT,ALUM1,WOOD1,0.01,5921.937,3,3,5921.937,0.0,0.0,0.0,0.0,592193.7
1736144,IT,SK,CONST,EDUCA,0.03,5921.679,3,3,5921.679,0.0,0.0,0.0,0.0,197389.3
1661297,IT,DK,FORES,FABRI,0.05,5921.661,4,4,5919.661,0.0,2.0,0.0,0.0,118433.22
1672870,IT,FR,VEGE1,HEAVY,0.02,5921.026,3,3,5921.026,0.0,0.0,0.0,0.0,296051.3
1746636,IT,JP,COPP1,PAPER,0.01,5920.168,3,3,5920.168,0.0,0.0,0.0,0.0,592016.8
1808125,IT,WF,WOOD1,LANDT,0.04,5920.041,3,3,5920.041,0.0,0.0,0.0,0.0,148001.025
1678580,IT,GR,POULT,HOTEL,0.02,5919.558,3,3,5919.558,0.0,0.0,0.0,0.0,295977.9
1791267,IT,WA,CONST,MEATP,0.03,5919.345,3,3,5919.345,0.0,0.0,0.0,0.0,197311.5
1806432,IT,WF,TRANS,COPPE,0.04,5919.148,3,3,5919.148,0.0,0.0,0.0,0.0,147978.7
1814497,IT,WM,RESEA,PLAST,0.03,5918.6,3,3,5918.6,0.0,0.0,0.0,0.0,197286.666667
1795192,IT,WL,GLASS,MEATP,0.02,5918.533,3,3,5918.533,0.0,0.0,0.0,0.0,295926.65
1645710,IT,BE,RUBBE,CEREA,0.02,5918.253,3,3,5918.253,0.0,0.0,0.0,0.0,295912.65
1686692,IT,HU,COPP1,PRINT,0.01,5918.148,3,3,5918.148,0.0,0.0,0.0,0.0,591814.8
1783636,IT,NO,FOOD3,SUPPO,0.02,5918.102,3,3,5918.102,0.0,0.0,0.0,0.0,295905.1
1740555,IT,US,VEGET,FURNI,0.02,5918.034,3,3,5918.034,0.0,0.0,0.0,0.0,295901.7
1808135,IT,WF,WOOD1,RESEA,0.04,5917.964,3,3,5917.964,0.0,0.0,0.0,0.0,147949.1
1717925,IT,PL,FISHF,SUPPO,0.01,5917.56,3,3,5917.56,0.0,0.0,0.0,0.0,591756.0
1652690,IT,CZ,PAPER,SANDC,0.02,5916.792,3,3,5916.792,0.0,0.0,0.0,0.0,295839.6
1776389,IT,TR,PRINT,MOTO1,0.06,5916.776,3,3,5916.776,0.0,0.0,0.0,0.0,98612.933333
1675662,IT,FR,TRANS,GLASS,0.04,5916.698,3,3,5916.698,0.0,0.0,0.0,0.0,147917.45
1730620,IT,SE,RENTI,PULP5,0.04,5916.198,3,3,5916.198,0.0,0.0,0.0,0.0,147904.95
1766346,IT,RU,NONME,RETA1,0.01,5915.945,3,3,5915.945,0.0,0.0,0.0,0.0,591594.5
1651925,IT,CY,BUSIN,COPPE,0.06,5915.832,3,3,5915.832,0.0,0.0,0.0,0.0,98597.2
1644794,IT,BE,TOBAC,RENTI,0.02,5915.771,3,3,5915.771,0.0,0.0,0.0,0.0,295788.55
1663077,IT,DK,RAILW,MEATP,0.04,5915.748,3,3,5915.748,0.0,0.0,0.0,0.0,147893.7
1679847,IT,GR,ALUM1,ELEC5,0.01,5915.733,3,3,5915.733,0.0,0.0,0.0,0.0,591573.3
1806501,IT,WF,TRANS,AIRTR,0.04,5915.706,3,3,5915.706,0.0,0.0,0.0,0.0,147892.65
1674241,IT,FR,NAPHT,CHARC,0.01,5915.55,3,3,5915.55,0.0,0.0,0.0,0.0,591555.0
1718227,IT,PL,PROCE,NFERT,0.04,5915.538,3,3,5915.538,0.0,0.0,0.0,0.0,147888.45
1789448,IT,WA,CHARC,PRIVA,0.02,5915.132,3,3,5915.132,0.0,0.0,0.0,0.0,295756.6
1681482,IT,GR,COMPU,BUSIN,0.07,5914.952,3,3,5914.952,0.0,0.0,0.0,0.0,84499.314286
1722535,IT,PT,BEVER,MEAT1,0.03,5914.886,3,3,5914.886,0.0,0.0,0.0,0.0,197162.866667
1762972,IT,MX,DAIRY,RETA1,0.02,5914.864,3,3,5914.864,0.0,0.0,0.0,0.0,295743.2
1710193,IT,LT,MACHI,COMPU,0.03,5914.515,3,3,5914.515,0.0,0.0,0.0,0.0,197150.5
1727467,IT,RO,AUXIL,LEATH,0.11,5914.502,3,3,5914.502,0.0,0.0,0.0,0.0,53768.2
1802592,IT,WE,FINAN,RECRE,0.08,5914.456,3,3,5914.456,0.0,0.0,0.0,0.0,73930.7
1653620,IT,CZ,ALUM1,MEAT1,0.01,5914.387,3,3,5914.387,0.0,0.0,0.0,0.0,591438.7
1720126,IT,PL,LEAD1,RAILW,0.01,5914.38,3,3,5914.38,0.0,0.0,0.0,0.0,591438.0
1814790,IT,WM,PAPE4,BASIC,0.04,5914.061,3,3,5914.061,0.0,0.0,0.0,0.0,147851.525
1645117,IT,BE,PAPER,OILHA,0.02,5913.944,3,3,5913.944,0.0,0.0,0.0,0.0,295697.2
1678908,IT,GR,TEXTI,PRINT,0.04,5913.869,3,3,5913.869,0.0,0.0,0.0,0.0,147846.725
1742894,IT,US,MACHI,NAPHT,0.03,5913.657,3,3,5913.657,0.0,0.0,0.0,0.0,197121.9
1643931,IT,AT,COMPU,WEARI,0.07,5913.465,3,3,5913.465,0.0,0.0,0.0,0.0,84478.071429
1758058,IT,BR,RUBBE,PAPE4,0.02,5913.158,3,3,5913.158,0.0,0.0,0.0,0.0,295657.9
1735769,IT,SK,MACHI,MEATP,0.03,5913.128,3,3,5913.128,0.0,0.0,0.0,0.0,197104.266667
1803354,IT,WF,SANDC,RETA1,0.01,5913.045,4,4,5912.045,0.0,0.0,1.0,0.0,591304.5
1733295,IT,SI,MOTO1,TEXTI,0.03,5912.995,3,3,5912.995,0.0,0.0,0.0,0.0,197099.833333
1808264,IT,WF,FOOD2,MEAT4,0.03,5912.969,3,3,5912.969,0.0,0.0,0.0,0.0,197098.966667
1712976,IT,MT,FISHF,REALE,0.01,5912.751,3,3,5912.751,0.0,0.0,0.0,0.0,591275.1
1646994,IT,BE,RETA1,PLAST,0.06,5912.382,3,3,5912.382,0.0,0.0,0.0,0.0,98539.7
1798384,IT,WE,FISHF,SUPPO,0.01,5912.245,3,3,5912.245,0.0,0.0,0.0,0.0,591224.5
1736282,IT,SK,HOTEL,LEAD1,0.04,5912.22,3,3,5912.22,0.0,0.0,0.0,0.0,147805.5
1765215,IT,RU,PADDY,FOOD4,0.06,5911.238,3,3,5911.238,0.0,0.0,0.0,0.0,98520.633333
1654789,IT,CZ,SUPPO,NFERT,0.04,5911.202,3,3,5911.202,0.0,0.0,0.0,0.0,147780.05
1655129,IT,CZ,BUSIN,TOBAC,0.06,5911.008,3,3,5911.008,0.0,0.0,0.0,0.0,98516.8
1651004,IT,BG,SUPPO,SEACO,0.04,5911.006,3,3,5911.006,0.0,0.0,0.0,0.0,147775.15
1727619,IT,RO,REALE,MEMBE,0.25,5910.738,3,3,5910.738,0.0,0.0,0.0,0.0,23642.952
1780918,IT,TW,RESEA,RETA1,0.03,5910.476,3,3,5910.476,0.0,0.0,0.0,0.0,197015.866667
1796350,IT,WL,WHOLE,WHEAT,0.05,5910.417,3,3,5910.417,0.0,0.0,0.0,0.0,118208.34
1714940,IT,NL,BEVER,OILHA,0.03,5910.335,3,3,5910.335,0.0,0.0,0.0,0.0,197011.166667
1734776,IT,SK,WOODW,BASIC,0.02,5909.828,3,3,5909.828,0.0,0.0,0.0,0.0,295491.4
1687553,IT,HU,LANDT,ELEC5,0.04,5909.766,3,3,5909.766,0.0,0.0,0.0,0.0,147744.15
1680669,IT,GR,WHOLE,BASIC,0.05,5909.644,3,3,5909.644,0.0,0.0,0.0,0.0,118192.88
1661255,IT,DK,VEGET,MEDIC,0.02,5909.427,3,3,5909.427,0.0,0.0,0.0,0.0,295471.35
1810440,IT,WM,PULP5,PREC1,0.02,5908.748,3,3,5908.748,0.0,0.0,0.0,0.0,295437.4
1738616,IT,GB,FABRI,FOODW,0.02,5908.446,3,3,5908.446,0.0,0.0,0.0,0.0,295422.3
1688964,IT,IE,MACHI,POULT,0.03,5908.414,3,3,5908.414,0.0,0.0,0.0,0.0,196947.133333
1681355,IT,GR,INSUR,FINAN,0.12,5908.401,3,3,5908.401,0.0,0.0,0.0,0.0,49236.675
1678302,IT,FR,FOOD3,POSTT,0.02,5908.349,3,3,5908.349,0.0,0.0,0.0,0.0,295417.45
1780737,IT,TW,REALE,AUXIL,0.25,5908.26,3,3,5908.26,0.0,0.0,0.0,0.0,23633.04
1643770,IT,AT,POSTT,BIODI,0.1,5907.804,3,3,5907.804,0.0,0.0,0.0,0.0,59078.04
1778694,IT,TR,HOTEL,INERT,0.04,5907.443,3,3,5907.443,0.0,0.0,0.0,0.0,147686.075
1749254,IT,CN,PAPER,LEAD1,0.02,5907.101,3,3,5907.101,0.0,0.0,0.0,0.0,295355.05
1809333,IT,WM,STONE,RENTI,0.02,5907.023,3,3,5907.023,0.0,0.0,0.0,0.0,295351.15
1756044,IT,KR,FABRI,MEATP,0.02,5906.863,3,3,5906.863,0.0,0.0,0.0,0.0,295343.15
1676209,IT,FR,CONST,INLAN,0.03,5906.758,3,3,5906.758,0.0,0.0,0.0,0.0,196891.933333
1665483,IT,ES,WEARI,BRICK,0.04,5906.742,3,3,5906.742,0.0,0.0,0.0,0.0,147668.55
1727678,IT,RO,RENTI,INTER,0.04,5906.705,3,3,5906.705,0.0,0.0,0.0,0.0,147667.625
1813866,IT,WM,LANDT,KERO1,0.04,5906.334,3,3,5906.334,0.0,0.0,0.0,0.0,147658.35
1726588,IT,RO,OFFIC,FOOD4,0.02,5906.192,3,3,5906.192,0.0,0.0,0.0,0.0,295309.6
1736186,IT,SK,WHOLE,RUBBE,0.05,5906.064,3,3,5906.064,0.0,0.0,0.0,0.0,118121.28
1714650,IT,NL,MEAT1,HEALT,0.03,5905.809,3,3,5905.809,0.0,0.0,0.0,0.0,196860.3
1653649,IT,CZ,ALUM1,COPP1,0.01,5905.731,3,3,5905.731,0.0,0.0,0.0,0.0,590573.1
1727067,IT,RO,RAILW,RESEA,0.04,5905.583,3,3,5905.583,0.0,0.0,0.0,0.0,147639.575
1681306,IT,GR,INSUR,PRINT,0.12,5905.497,3,3,5905.497,0.0,0.0,0.0,0.0,49212.475
1777424,IT,TR,NONME,GASDI,0.01,5905.27,3,3,5905.27,0.0,0.0,0.0,0.0,590527.0
1781200,IT,NO,VEGET,FABRI,0.02,5905.24,3,3,5905.24,0.0,0.0,0.0,0.0,295262.0
1727142,IT,RO,LANDT,COLLE,0.04,5904.684,3,3,5904.684,0.0,0.0,0.0,0.0,147617.1
1763243,IT,MX,WOODW,CONST,0.02,5904.534,3,3,5904.534,0.0,0.0,0.0,0.0,295226.7
1655735,IT,DE,MEATC,MOTO1,0.02,5904.361,3,3,5904.361,0.0,0.0,0.0,0.0,295218.05
1661156,IT,DE,93197,CATTL,0.04,5904.357,3,3,5904.357,0.0,0.0,0.0,0.0,147608.925
1723744,IT,PT,MACHI,INTER,0.03,5904.308,3,3,5904.308,0.0,0.0,0.0,0.0,196810.266667
1665469,IT,ES,WEARI,PULP5,0.04,5904.098,3,3,5904.098,0.0,0.0,0.0,0.0,147602.45
1654720,IT,CZ,LANDT,FOOD4,0.04,5903.921,3,3,5903.921,0.0,0.0,0.0,0.0,147598.025
1730227,IT,SE,LANDT,FOOD2,0.04,5903.766,3,3,5903.766,0.0,0.0,0.0,0.0,147594.15
1731756,IT,SI,PAPER,CROPS,0.02,5903.682,3,3,5903.682,0.0,0.0,0.0,0.0,295184.1
1765702,IT,RU,PAPER,DISTR,0.02,5903.628,3,3,5903.628,0.0,0.0,0.0,0.0,295181.4
1681173,IT,GR,POSTT,RADIO,0.1,5903.617,3,3,5903.617,0.0,0.0,0.0,0.0,59036.17
1687138,IT,HU,FURNI,MEATP,0.02,5903.476,3,3,5903.476,0.0,0.0,0.0,0.0,295173.8
1655762,IT,DE,MEATP,SEACO,0.02,5903.436,3,3,5903.436,0.0,0.0,0.0,0.0,295171.8
1781285,IT,NO,MEAT4,WEARI,0.03,5903.295,3,3,5903.295,0.0,0.0,0.0,0.0,196776.5
1688673,IT,IE,CHEM1,LEATH,0.01,5903.282,3,3,5903.282,0.0,0.0,0.0,0.0,590328.2
1643290,IT,AT,HOTEL,WOOD1,0.04,5903.106,3,3,5903.106,0.0,0.0,0.0,0.0,147577.65
1648267,IT,BE,BUSIN,FOOD4,0.06,5902.769,3,3,5902.769,0.0,0.0,0.0,0.0,98379.483333
1765072,IT,MX,INSUR,EDUCA,0.12,5902.35,3,3,5902.35,0.0,0.0,0.0,0.0,49186.25
1763527,IT,MX,CHEM1,VEGE1,0.01,5902.283,3,3,5902.283,0.0,0.0,0.0,0.0,590228.3
1724997,IT,PT,HEALT,CONST,0.03,5902.235,3,3,5902.235,0.0,0.0,0.0,0.0,196741.166667
1688327,IT,IE,VEGE1,RETA1,0.02,5902.159,3,3,5902.159,0.0,0.0,0.0,0.0,295107.95
1767220,IT,RU,RETA1,CONST,0.06,5901.53,3,3,5901.53,0.0,0.0,0.0,0.0,98358.833333
1678911,IT,GR,TEXTI,GASDI,0.03,5901.341,3,3,5901.341,0.0,0.0,0.0,0.0,196711.366667
1642926,IT,AT,TRANS,HEALT,0.04,5901.116,3,3,5901.116,0.0,0.0,0.0,0.0,147527.9
1761455,IT,IN,PREC1,FOOD5,0.01,5900.802,3,3,5900.802,0.0,0.0,0.0,0.0,590080.2
1728033,IT,SE,CHEMI,COLLE,0.01,5900.727,3,3,5900.727,0.0,0.0,0.0,0.0,590072.7
1763053,IT,MX,TEXTI,CEMEN,0.03,5900.706,3,3,5900.706,0.0,0.0,0.0,0.0,196690.2
1753959,IT,CA,LANDT,PRINT,0.04,5900.64,3,3,5900.64,0.0,0.0,0.0,0.0,147516.0
1788032,IT,WA,TEXTI,BRICK,0.03,5900.502,3,3,5900.502,0.0,0.0,0.0,0.0,196683.4
1678417,IT,FR,INERT,SALEM,0.04,5900.152,3,3,5900.152,0.0,0.0,0.0,0.0,147503.8
1805853,IT,WF,ALUM1,DAIRY,0.01,5899.951,3,3,5899.951,0.0,0.0,0.0,0.0,589995.1
1719047,IT,PL,LIQUE,DAIRY,0.01,5899.767,3,3,5899.767,0.0,0.0,0.0,0.0,589976.7
1722788,IT,PT,PAPER,PREC1,0.02,5898.697,3,3,5898.697,0.0,0.0,0.0,0.0,294934.85
1647197,IT,BE,LANDT,RAWMI,0.04,5898.56,3,3,5898.56,0.0,0.0,0.0,0.0,147464.0
1801052,IT,WE,COPP1,BEVER,0.01,5898.444,3,3,5898.444,0.0,0.0,0.0,0.0,589844.4
1796085,IT,WL,TRANS,NONSP,0.04,5898.433,3,3,5898.433,0.0,0.0,0.0,0.0,147460.825
1640203,IT,AT,MEATA,RUBBE,0.03,5898.421,3,3,5898.421,0.0,0.0,0.0,0.0,196614.033333
1803649,IT,WF,FOOD5,LANDT,0.03,5898.131,3,3,5898.131,0.0,0.0,0.0,0.0,196604.366667
1766308,IT,RU,NONME,NATU1,0.01,5898.114,3,3,5898.114,0.0,0.0,0.0,0.0,589811.4
1806606,IT,WF,SALEM,FORES,0.05,5898.11,3,3,5898.11,0.0,0.0,0.0,0.0,117962.2
1751593,IT,CN,POSTT,ELEC3,0.1,5897.518,3,3,5897.518,0.0,0.0,0.0,0.0,58975.18
1760195,IT,BR,PAPE4,COLLE,0.04,5896.988,3,3,5896.988,0.0,0.0,0.0,0.0,147424.7
1671433,IT,FI,FABRI,SECO9,0.02,5896.767,3,3,5896.767,0.0,0.0,0.0,0.0,294838.35
1792127,IT,WA,SUPPO,PADDY,0.04,5896.57,3,3,5896.57,0.0,0.0,0.0,0.0,147414.25
1662177,IT,DK,RUBBE,INLAN,0.02,5896.303,3,3,5896.303,0.0,0.0,0.0,0.0,294815.15
1760101,IT,BR,FOOD1,PAPE4,0.03,5896.267,3,3,5896.267,0.0,0.0,0.0,0.0,196542.233333
1644693,IT,BE,BEVER,CEMEN,0.03,5896.266,3,3,5896.266,0.0,0.0,0.0,0.0,196542.2
1710434,IT,LT,LANDT,DAIRY,0.04,5896.222,3,3,5896.222,0.0,0.0,0.0,0.0,147405.55
1644459,IT,BE,VEGE1,BIOGA,0.02,5896.072,3,3,5896.072,0.0,0.0,0.0,0.0,294803.6
1685959,IT,HU,BIOGA,OILSE,0.01,5895.964,3,3,5895.964,0.0,0.0,0.0,0.0,589596.4
1773320,IT,CH,MACHI,NUCLE,0.03,5895.671,3,3,5895.671,0.0,0.0,0.0,0.0,196522.366667
1791100,IT,WA,TRANS,MACHI,0.04,5895.558,3,3,5895.558,0.0,0.0,0.0,0.0,147388.95
1685600,IT,HU,PRINT,WHOLE,0.06,5894.981,3,3,5894.981,0.0,0.0,0.0,0.0,98249.683333
1733925,IT,SI,SUPPO,MEATC,0.04,5894.943,3,3,5894.943,0.0,0.0,0.0,0.0,147373.575
1762067,IT,IN,RETA1,NFERT,0.06,5894.864,3,3,5894.864,0.0,0.0,0.0,0.0,98247.733333
1791000,IT,WA,MOTO1,DIST1,0.03,5894.823,3,3,5894.823,0.0,0.0,0.0,0.0,196494.1
1797958,IT,WL,FOOD4,HEALT,0.04,5894.63,3,3,5894.63,0.0,0.0,0.0,0.0,147365.75
1649280,IT,BG,LIQUE,TRAN1,0.01,5894.337,3,3,5894.337,0.0,0.0,0.0,0.0,589433.7
1709694,IT,LT,PLAST,REALE,0.01,5894.322,3,3,5894.322,0.0,0.0,0.0,0.0,589432.2
1665608,IT,ES,WOODW,MEAT1,0.02,5894.299,3,3,5894.299,0.0,0.0,0.0,0.0,294714.95
1675278,IT,FR,FABRI,ELE12,0.02,5894.163,3,3,5894.163,0.0,0.0,0.0,0.0,294708.15
1683356,IT,HR,NONME,POSTT,0.01,5893.874,3,3,5893.874,0.0,0.0,0.0,0.0,589387.4
1779626,IT,TR,COMPU,TEXT2,0.07,5893.856,3,3,5893.856,0.0,0.0,0.0,0.0,84197.942857
1779314,IT,TR,INSUR,MOTOR,0.12,5893.563,3,3,5893.563,0.0,0.0,0.0,0.0,49113.025
1752215,IT,CN,PUBLI,RENTI,0.1,5893.53,3,3,5893.53,0.0,0.0,0.0,0.0,58935.3
1711093,IT,LU,ALUM1,HOTEL,0.01,5893.39,3,3,5893.39,0.0,0.0,0.0,0.0,589339.0
1755106,IT,KR,LEATH,PULP5,0.04,5893.354,3,3,5893.354,0.0,0.0,0.0,0.0,147333.85
1679379,IT,GR,PLAST,COLLE,0.01,5893.029,3,3,5893.029,0.0,0.0,0.0,0.0,589302.9
1781013,IT,TW,BUSIN,DIST1,0.06,5892.594,3,3,5892.594,0.0,0.0,0.0,0.0,98209.9
1732492,IT,SI,CHEM1,INTER,0.01,5892.548,3,3,5892.548,0.0,0.0,0.0,0.0,589254.8
1764065,IT,MX,FABRI,SUBBI,0.02,5892.544,3,3,5892.544,0.0,0.0,0.0,0.0,294627.2
1800597,IT,WE,GLASS,PULP5,0.02,5892.448,3,3,5892.448,0.0,0.0,0.0,0.0,294622.4
1720134,IT,PL,LEAD1,FOOD4,0.01,5892.336,3,3,5892.336,0.0,0.0,0.0,0.0,589233.6
1769594,IT,AU,FABRI,CEREA,0.02,5892.292,3,3,5892.292,0.0,0.0,0.0,0.0,294614.6
1712470,IT,LV,ALUM1,WHOLE,0.01,5892.249,3,3,5892.249,0.0,0.0,0.0,0.0,589224.9
1771427,IT,CH,FOOD5,COMPU,0.03,5892.199,3,3,5892.199,0.0,0.0,0.0,0.0,196406.633333
1685225,IT,HU,TEXTI,FISHF,0.03,5891.737,3,3,5891.737,0.0,0.0,0.0,0.0,196391.233333
1775937,IT,TR,FOOD5,FABRI,0.03,5891.481,3,3,5891.481,0.0,0.0,0.0,0.0,196382.7
1779722,IT,TR,BUSIN,DAIRY,0.06,5891.386,3,3,5891.386,0.0,0.0,0.0,0.0,98189.766667
1754483,IT,CA,BUSIN,TEXTI,0.06,5891.305,3,3,5891.305,0.0,0.0,0.0,0.0,98188.416667
1740024,IT,GB,RENTI,NATU1,0.04,5891.217,3,3,5891.217,0.0,0.0,0.0,0.0,147280.425
1644324,IT,BE,STONE,NONME,0.02,5891.204,3,3,5891.204,0.0,0.0,0.0,0.0,294560.2
1678027,IT,FR,EDUCA,FABRI,0.15,5890.982,3,3,5890.982,0.0,0.0,0.0,0.0,39273.213333
1733923,IT,SI,SUPPO,STONE,0.04,5890.817,3,3,5890.817,0.0,0.0,0.0,0.0,147270.425
1654263,IT,CZ,FURNI,PFERT,0.02,5890.664,3,3,5890.664,0.0,0.0,0.0,0.0,294533.2
1710018,IT,LT,LEAD1,LEAD1,0.01,5890.534,3,3,5890.534,0.0,0.0,0.0,0.0,589053.4
1778518,IT,TR,RETA1,DAIRY,0.06,5890.459,3,3,5890.459,0.0,0.0,0.0,0.0,98174.316667
1713280,IT,MT,PRINT,WHOLE,0.06,5890.27,3,3,5890.27,0.0,0.0,0.0,0.0,98171.166667
1641060,IT,AT,PAPER,MEAT4,0.02,5890.053,3,3,5890.053,0.0,0.0,0.0,0.0,294502.65
1669115,IT,ES,POSTT,VEGET,0.1,5889.952,3,3,5889.952,0.0,0.0,0.0,0.0,58899.52
1676508,IT,FR,RETA1,TEXT1,0.06,5889.871,3,3,5889.871,0.0,0.0,0.0,0.0,98164.516667
1722481,IT,PT,SUGA1,FOOD5,0.01,5889.651,3,3,5889.651,0.0,0.0,0.0,0.0,588965.1
1745175,IT,JP,VEGET,WHOLE,0.02,5889.452,3,3,5889.452,0.0,0.0,0.0,0.0,294472.6
1658571,IT,DE,MACHI,PARAF,0.03,5889.077,3,3,5889.077,0.0,0.0,0.0,0.0,196302.566667
1713284,IT,MT,PRINT,SUPPO,0.06,5889.026,3,3,5889.026,0.0,0.0,0.0,0.0,98150.433333
1743835,IT,US,LANDT,PAPE4,0.04,5889.023,3,3,5889.023,0.0,0.0,0.0,0.0,147225.575
1724038,IT,PT,WHOLE,MEATC,0.05,5889.022,3,3,5889.022,0.0,0.0,0.0,0.0,117780.44
1772542,IT,CH,RUBBE,LEAD1,0.02,5888.752,3,3,5888.752,0.0,0.0,0.0,0.0,294437.6
1733041,IT,SI,COPP1,NONME,0.01,5888.656,3,3,5888.656,0.0,0.0,0.0,0.0,588865.6
1758442,IT,BR,FABRI,RESEA,0.02,5888.555,3,3,5888.555,0.0,0.0,0.0,0.0,294427.75
1775112,IT,CH,COMPU,FABRI,0.07,5888.354,3,3,5888.354,0.0,0.0,0.0,0.0,84119.342857
1772925,IT,CH,PREC1,CHEMI,0.01,5888.295,3,3,5888.295,0.0,0.0,0.0,0.0,588829.5
1801951,IT,WE,SALEM,FINAN,0.05,5888.009,3,3,5888.009,0.0,0.0,0.0,0.0,117760.18
1753789,IT,CA,FURNI,WASTE,0.02,5887.954,3,3,5887.954,0.0,0.0,0.0,0.0,294397.7
1778056,IT,TR,OFFIC,INSUR,0.02,5887.887,3,3,5887.887,0.0,0.0,0.0,0.0,294394.35
1775773,IT,TR,CRUDE,SUPPO,0.01,5887.848,3,3,5887.848,0.0,0.0,0.0,0.0,588784.8
1773946,IT,CH,SALEM,PREC1,0.05,5886.994,3,3,5886.994,0.0,0.0,0.0,0.0,117739.88
1781899,IT,NO,CHEM1,ADDIT,0.01,5886.993,3,3,5886.993,0.0,0.0,0.0,0.0,588699.3
1719695,IT,PL,NONME,HEAVY,0.01,5886.938,3,3,5886.938,0.0,0.0,0.0,0.0,588693.8
1647905,IT,BE,REALE,TRANS,0.25,5886.935,3,3,5886.935,0.0,0.0,0.0,0.0,23547.74
1685051,IT,HU,DAIRY,RENTI,0.02,5886.921,3,3,5886.921,0.0,0.0,0.0,0.0,294346.05
1684521,IT,HR,BUSIN,VEGE1,0.06,5886.732,3,3,5886.732,0.0,0.0,0.0,0.0,98112.2
1660825,IT,DE,COMPU,RADIO,0.07,5886.278,3,3,5886.278,0.0,0.0,0.0,0.0,84089.685714
1760127,IT,BR,FOOD2,HEALT,0.03,5884.965,3,3,5884.965,0.0,0.0,0.0,0.0,196165.5
1808796,IT,WF,WOOD2,ELEC2,0.03,5884.574,3,3,5884.574,0.0,0.0,0.0,0.0,196152.466667
1656078,IT,DE,BEVER,ELECT,0.03,5884.228,3,3,5884.228,0.0,0.0,0.0,0.0,196140.933333
1669588,IT,ES,REALE,HEALT,0.25,5882.848,3,3,5882.848,0.0,0.0,0.0,0.0,23531.392
1765311,IT,RU,FOOD5,WHEAT,0.03,5882.516,3,3,5882.516,0.0,0.0,0.0,0.0,196083.866667
1640721,IT,AT,TEXTI,FOOD5,0.03,5882.37,3,3,5882.37,0.0,0.0,0.0,0.0,196079.0
1759372,IT,BR,FINAN,SUPPO,0.08,5882.344,3,3,5882.344,0.0,0.0,0.0,0.0,73529.3
1709517,IT,LT,LEATH,FURNI,0.04,5882.297,3,3,5882.297,0.0,0.0,0.0,0.0,147057.425
1766924,IT,RU,MOTO1,OILSE,0.03,5882.194,3,3,5882.194,0.0,0.0,0.0,0.0,196073.133333
1793412,IT,WL,CROPS,BIODI,0.05,5882.126,3,3,5882.126,0.0,0.0,0.0,0.0,117642.52
1765372,IT,RU,BEVER,ELEC6,0.03,5881.806,3,3,5881.806,0.0,0.0,0.0,0.0,196060.2
1813062,IT,WM,OFFIC,TRANS,0.02,5881.797,3,3,5881.797,0.0,0.0,0.0,0.0,294089.85
1682159,IT,HR,TEXTI,COMPU,0.03,5881.62,3,3,5881.62,0.0,0.0,0.0,0.0,196054.0
1652478,IT,CZ,WEARI,PAPER,0.04,5881.6,3,3,5881.6,0.0,0.0,0.0,0.0,147040.0
1659724,IT,DE,RAILW,ELEC2,0.04,5881.595,3,3,5881.595,0.0,0.0,0.0,0.0,147039.875
1645006,IT,BE,PULP5,TEXTI,0.02,5881.217,3,3,5881.217,0.0,0.0,0.0,0.0,294060.85
1724933,IT,PT,BUSIN,FOODW,0.06,5880.926,3,3,5880.926,0.0,0.0,0.0,0.0,98015.433333
1787951,IT,WA,TOBAC,ANIMA,0.02,5880.665,3,3,5880.665,0.0,0.0,0.0,0.0,294033.25
1777663,IT,TR,LEAD1,SECO9,0.01,5880.548,3,3,5880.548,0.0,0.0,0.0,0.0,588054.8
1712190,IT,LV,WOODW,SEACO,0.02,5880.11,3,3,5880.11,0.0,0.0,0.0,0.0,294005.5
1669595,IT,ES,RENTI,NICKE,0.04,5879.958,3,3,5879.958,0.0,0.0,0.0,0.0,146998.95
1649531,IT,BG,RUBBE,PLAST,0.02,5879.813,3,3,5879.813,0.0,0.0,0.0,0.0,293990.65
1715298,IT,NL,PAPER,TRAN1,0.02,5879.508,3,3,5879.508,0.0,0.0,0.0,0.0,293975.4
1667761,IT,ES,OFFIC,PROCE,0.02,5879.396,3,3,5879.396,0.0,0.0,0.0,0.0,293969.8
1734052,IT,SI,FINAN,POSTT,0.08,5879.286,3,3,5879.286,0.0,0.0,0.0,0.0,73491.075
1664302,IT,EE,COPP1,NFERT,0.01,5879.135,3,3,5879.135,0.0,0.0,0.0,0.0,587913.5
1671531,IT,FI,MACHI,EDUCA,0.03,5879.036,3,3,5879.036,0.0,0.0,0.0,0.0,195967.866667
1727800,IT,RO,BUSIN,CHEM1,0.06,5879.02,3,3,5879.02,0.0,0.0,0.0,0.0,97983.666667
1647744,IT,BE,INSUR,HOTEL,0.12,5878.96,3,3,5878.96,0.0,0.0,0.0,0.0,48991.333333
1685919,IT,HU,CHEM1,TRAN2,0.01,5878.846,3,3,5878.846,0.0,0.0,0.0,0.0,587884.6
1678549,IT,GR,VEGET,WHOLE,0.02,5878.796,3,3,5878.796,0.0,0.0,0.0,0.0,293939.8
1721978,IT,PL,COMPU,ALUM1,0.07,5878.682,3,3,5878.682,0.0,0.0,0.0,0.0,83981.171429
1671684,IT,FI,CONST,RECRE,0.03,5878.624,3,3,5878.624,0.0,0.0,0.0,0.0,195954.133333
1797896,IT,WL,WASTE,BIODI,0.02,5877.706,3,3,5877.706,0.0,0.0,0.0,0.0,293885.3
1673479,IT,FR,WEARI,PAPE4,0.04,5877.696,3,3,5877.696,0.0,0.0,0.0,0.0,146942.4
1760147,IT,BR,FOOD3,EDUCA,0.02,5877.408,3,3,5877.408,0.0,0.0,0.0,0.0,293870.4
1793582,IT,WL,VEGE1,FISHF,0.02,5877.377,3,3,5877.377,0.0,0.0,0.0,0.0,293868.85
1746948,IT,JP,MOTO1,SECO9,0.03,5877.021,3,3,5877.021,0.0,0.0,0.0,0.0,195900.7
1774788,IT,CH,POSTT,HEAVY,0.1,5876.199,3,3,5876.199,0.0,0.0,0.0,0.0,58761.99
1644539,IT,BE,PROCE,VEGE1,0.04,5876.158,3,3,5876.158,0.0,0.0,0.0,0.0,146903.95
1645171,IT,BE,PRINT,ELEC3,0.06,5876.086,3,3,5876.086,0.0,0.0,0.0,0.0,97934.766667
1683983,IT,HR,WHOLE,INSUR,0.05,5875.709,3,3,5875.709,0.0,0.0,0.0,0.0,117514.18
1765347,IT,RU,FOOD5,LANDT,0.03,5875.495,3,3,5875.495,0.0,0.0,0.0,0.0,195849.833333
1786222,IT,ZA,COPP1,PRINT,0.01,5875.384,3,3,5875.384,0.0,0.0,0.0,0.0,587538.4
1651125,IT,BG,COMPU,HOTEL,0.07,5875.104,3,3,5875.104,0.0,0.0,0.0,0.0,83930.057143
1751204,IT,CN,HOTEL,BIODI,0.04,5875.006,3,3,5875.006,0.0,0.0,0.0,0.0,146875.15
1669422,IT,ES,INSUR,ELEC8,0.12,5874.949,3,3,5874.949,0.0,0.0,0.0,0.0,48957.908333
1756257,IT,KR,MACHI,FOOD3,0.03,5874.826,3,3,5874.826,0.0,0.0,0.0,0.0,195827.533333
1735818,IT,SK,MACHI,ELEC1,0.03,5874.682,3,3,5874.682,0.0,0.0,0.0,0.0,195822.733333
1748686,IT,CN,FOOD5,SUGA1,0.03,5874.555,3,3,5874.555,0.0,0.0,0.0,0.0,195818.5
1775841,IT,TR,VEGE1,MEAT4,0.02,5874.511,3,3,5874.511,0.0,0.0,0.0,0.0,293725.55
1762576,IT,IN,AUXIL,CHEM1,0.11,5874.466,3,3,5874.466,0.0,0.0,0.0,0.0,53404.236364
1741504,IT,US,AVIAT,LIQUE,0.01,5874.301,3,3,5874.301,0.0,0.0,0.0,0.0,587430.1
1722021,IT,PL,COMPU,93197,0.07,5874.296,3,3,5874.296,0.0,0.0,0.0,0.0,83918.514286
1757044,IT,KR,BUSIN,CERAM,0.06,5874.085,3,3,5874.085,0.0,0.0,0.0,0.0,97901.416667
1687429,IT,HU,RAILW,NATUR,0.04,5873.937,3,3,5873.937,0.0,0.0,0.0,0.0,146848.425
1660344,IT,DE,FINAN,WEARI,0.08,5873.59,3,3,5873.59,0.0,0.0,0.0,0.0,73419.875
1711385,IT,LU,RETA1,CONST,0.06,5873.506,3,3,5873.506,0.0,0.0,0.0,0.0,97891.766667
1689165,IT,IE,SALEM,INTER,0.05,5873.382,3,3,5873.382,0.0,0.0,0.0,0.0,117467.64
1778411,IT,TR,WHOLE,NONFE,0.05,5873.355,3,3,5873.355,0.0,0.0,0.0,0.0,117467.1
1687466,IT,HU,RAILW,HOTEL,0.04,5873.32,3,3,5873.32,0.0,0.0,0.0,0.0,146833.0
1684775,IT,HU,CROPS,MOTO1,0.05,5873.017,3,3,5873.017,0.0,0.0,0.0,0.0,117460.34
1662221,IT,DK,GLASS,NONME,0.02,5872.648,3,3,5872.648,0.0,0.0,0.0,0.0,293632.4
1786187,IT,ZA,ALUM1,ANTHR,0.01,5872.473,3,3,5872.473,0.0,0.0,0.0,0.0,587247.3
1813665,IT,WM,RETA1,NONME,0.06,5872.46,3,3,5872.46,0.0,0.0,0.0,0.0,97874.333333
1807953,IT,WF,PLAS1,NONME,0.02,5872.173,3,3,5872.173,0.0,0.0,0.0,0.0,293608.65
1679892,IT,GR,COPP1,ELEC4,0.01,5871.868,3,3,5871.868,0.0,0.0,0.0,0.0,587186.8
1731156,IT,SI,STONE,RAILW,0.02,5871.597,3,3,5871.597,0.0,0.0,0.0,0.0,293579.85
1723473,IT,PT,ALUM1,PREC1,0.01,5871.194,3,3,5871.194,0.0,0.0,0.0,0.0,587119.4
1738695,IT,GB,MACHI,ELECT,0.03,5871.151,3,3,5871.151,0.0,0.0,0.0,0.0,195705.033333
1711900,IT,LU,FOOD2,COPP1,0.03,5871.061,3,3,5871.061,0.0,0.0,0.0,0.0,195702.033333
1765687,IT,RU,PAPER,FOUND,0.02,5870.988,3,3,5870.988,0.0,0.0,0.0,0.0,293549.4
1789766,IT,WA,GLASS,BRICK,0.02,5870.809,3,3,5870.809,0.0,0.0,0.0,0.0,293540.45
1814908,IT,WM,PRIVA,TOBAC,1.31,5870.062,3,3,5870.062,0.0,0.0,0.0,0.0,4480.963359
1808000,IT,WF,INTER,CEREA,0.04,5869.965,3,3,5869.965,0.0,0.0,0.0,0.0,146749.125
1656191,IT,DE,TEXTI,CERAM,0.03,5869.708,3,3,5869.708,0.0,0.0,0.0,0.0,195656.933333
1791331,IT,WA,SALEM,VEGE1,0.05,5869.562,3,3,5869.562,0.0,0.0,0.0,0.0,117391.24
1800423,IT,WE,ADDIT,NFERT,0.01,5868.991,3,3,5868.991,0.0,0.0,0.0,0.0,586899.1
1756382,IT,KR,FURNI,COPP1,0.02,5868.756,3,3,5868.756,0.0,0.0,0.0,0.0,293437.8
1783284,IT,NO,FOODW,SALEM,0.04,5868.51,3,3,5868.51,0.0,0.0,0.0,0.0,146712.75
1681351,IT,GR,INSUR,INLAN,0.12,5867.877,3,3,5867.877,0.0,0.0,0.0,0.0,48898.975
1641892,IT,AT,BIODI,BASIC,0.01,5867.854,3,3,5867.854,0.0,0.0,0.0,0.0,586785.4
1728655,IT,SE,PRINT,TRANS,0.06,5867.389,3,3,5867.389,0.0,0.0,0.0,0.0,97789.816667
1677601,IT,FR,REALE,FOUND,0.25,5867.123,3,3,5867.123,0.0,0.0,0.0,0.0,23468.492
1758837,IT,BR,HOTEL,MEATP,0.04,5866.999,3,3,5866.999,0.0,0.0,0.0,0.0,146674.975
1790354,IT,WA,ALUM1,FINAN,0.01,5866.991,3,3,5866.991,0.0,0.0,0.0,0.0,586699.1
1754893,IT,KR,TOBAC,LEAD1,0.02,5866.781,3,3,5866.781,0.0,0.0,0.0,0.0,293339.05
1782676,IT,NO,WHOLE,HEAVY,0.05,5866.748,3,3,5866.748,0.0,0.0,0.0,0.0,117334.96
1680821,IT,GR,RAILW,MACHI,0.04,5866.562,3,3,5866.562,0.0,0.0,0.0,0.0,146664.05
1718876,IT,PL,PRINT,VEGET,0.06,5866.537,3,3,5866.537,0.0,0.0,0.0,0.0,97775.616667
1785097,IT,ZA,CHEMI,CONST,0.01,5866.188,3,3,5866.188,0.0,0.0,0.0,0.0,586618.8
1807865,IT,WF,PAPE1,BASIC,0.04,5866.146,3,3,5866.146,0.0,0.0,0.0,0.0,146653.65
1646648,IT,BE,FURNI,FORES,0.02,5866.135,3,3,5866.135,0.0,0.0,0.0,0.0,293306.75
1792148,IT,WA,SUPPO,FOOD5,0.04,5865.987,3,3,5865.987,0.0,0.0,0.0,0.0,146649.675
1683046,IT,HR,CHEM1,FOOD3,0.01,5865.957,3,3,5865.957,0.0,0.0,0.0,0.0,586595.7
1723963,IT,PT,SALEM,MACHI,0.05,5865.885,3,3,5865.885,0.0,0.0,0.0,0.0,117317.7
1739364,IT,GB,RAILW,BASIC,0.04,5865.805,3,3,5865.805,0.0,0.0,0.0,0.0,146645.125
1676413,IT,FR,WHOLE,TEXT1,0.05,5865.75,3,3,5865.75,0.0,0.0,0.0,0.0,117315.0
1660627,IT,DE,REALE,FURNI,0.25,5865.362,3,3,5865.362,0.0,0.0,0.0,0.0,23461.448
1782366,IT,NO,FABRI,PREC1,0.02,5865.21,3,3,5865.21,0.0,0.0,0.0,0.0,293260.5
1810247,IT,WM,LEATH,NFERT,0.04,5864.847,3,3,5864.847,0.0,0.0,0.0,0.0,146621.175
1678206,IT,FR,OILHA,BEVER,0.03,5864.423,3,3,5864.423,0.0,0.0,0.0,0.0,195480.766667
1655652,IT,DE,CHEMI,SUGA1,0.01,5864.276,3,3,5864.276,0.0,0.0,0.0,0.0,586427.6
1775969,IT,TR,BEVER,FURNI,0.02,5864.2,3,3,5864.2,0.0,0.0,0.0,0.0,293210.0
1770177,IT,AU,RETA1,AIRTR,0.06,5864.149,3,3,5864.149,0.0,0.0,0.0,0.0,97735.816667
1756618,IT,KR,RAILW,WHOLE,0.04,5864.098,3,3,5864.098,0.0,0.0,0.0,0.0,146602.45
1715790,IT,NL,RUBBE,SUGAR,0.02,5863.907,3,3,5863.907,0.0,0.0,0.0,0.0,293195.35
1788489,IT,WA,PULP5,RETA1,0.02,5863.902,3,3,5863.902,0.0,0.0,0.0,0.0,293195.1
1753291,IT,CA,NONME,REALE,0.01,5863.718,3,3,5863.718,0.0,0.0,0.0,0.0,586371.8
1748253,IT,JP,OILHA,INSUR,0.03,5863.174,3,3,5863.174,0.0,0.0,0.0,0.0,195439.133333
1764650,IT,MX,RETA1,MOTO1,0.06,5863.05,3,3,5863.05,0.0,0.0,0.0,0.0,97717.5
1714440,IT,NL,MEATA,ADDIT,0.03,5862.874,3,3,5862.874,0.0,0.0,0.0,0.0,195429.133333
1665699,IT,ES,PAPER,MEATA,0.02,5862.747,3,3,5862.747,0.0,0.0,0.0,0.0,293137.35
1687397,IT,HU,HOTEL,DISTR,0.04,5862.647,3,3,5862.647,0.0,0.0,0.0,0.0,146566.175
1734035,IT,SI,FINAN,RUBBE,0.08,5862.462,3,3,5862.462,0.0,0.0,0.0,0.0,73280.775
1736370,IT,SK,LANDT,MEATA,0.04,5862.416,3,3,5862.416,0.0,0.0,0.0,0.0,146560.4
1786848,IT,ZA,LANDT,WOODW,0.04,5862.206,3,3,5862.206,0.0,0.0,0.0,0.0,146555.15
1650420,IT,BG,ELEC4,LEAD1,0.09,5862.036,3,3,5862.036,0.0,0.0,0.0,0.0,65133.733333
1712299,IT,LV,RUBBE,CEREA,0.02,5861.645,3,3,5861.645,0.0,0.0,0.0,0.0,293082.25
1764105,IT,MX,FABRI,ADDIT,0.02,5861.583,3,3,5861.583,0.0,0.0,0.0,0.0,293079.15
1684201,IT,HR,LANDT,INTER,0.04,5861.162,3,3,5861.162,0.0,0.0,0.0,0.0,146529.05
1802605,IT,WE,AUXIL,CONST,0.11,5861.109,3,3,5861.109,0.0,0.0,0.0,0.0,53282.809091
1720340,IT,PL,FABRI,INLAN,0.02,5861.031,3,3,5861.031,0.0,0.0,0.0,0.0,293051.55
1806805,IT,WF,RETA1,GASDI,0.06,5860.998,3,3,5860.998,0.0,0.0,0.0,0.0,97683.3
1798615,IT,WE,MEAT1,TRANS,0.03,5860.866,3,3,5860.866,0.0,0.0,0.0,0.0,195362.2
1651702,IT,CY,FABRI,OFFIC,0.02,5860.762,3,3,5860.762,0.0,0.0,0.0,0.0,293038.1
1709723,IT,LT,CHEM1,MACHI,0.01,5860.724,3,3,5860.724,0.0,0.0,0.0,0.0,586072.4
1720100,IT,PL,LEAD1,PAPER,0.01,5860.556,3,3,5860.556,0.0,0.0,0.0,0.0,586055.6
1721558,IT,PL,SUPPO,AUXIL,0.04,5860.491,3,3,5860.491,0.0,0.0,0.0,0.0,146512.275
1644563,IT,BE,PROCE,LANDT,0.04,5860.311,3,3,5860.311,0.0,0.0,0.0,0.0,146507.775
1786251,IT,ZA,FABRI,RAWMI,0.02,5860.261,3,3,5860.261,0.0,0.0,0.0,0.0,293013.05
1769430,IT,AU,NONME,PAPER,0.01,5860.24,3,3,5860.24,0.0,0.0,0.0,0.0,586024.0
1740106,IT,GB,COMPU,MOTOR,0.07,5859.945,3,3,5859.945,0.0,0.0,0.0,0.0,83713.5
1731194,IT,SI,CHEMI,LEATH,0.01,5859.86,3,3,5859.86,0.0,0.0,0.0,0.0,585986.0
1663670,IT,DK,BUSIN,TEXT1,0.06,5859.856,3,3,5859.856,0.0,0.0,0.0,0.0,97664.266667
1799025,IT,WE,TEXTI,PLAST,0.03,5859.439,3,3,5859.439,0.0,0.0,0.0,0.0,195314.633333
1730670,IT,SE,RENTI,PLAS1,0.04,5859.334,3,3,5859.334,0.0,0.0,0.0,0.0,146483.35
1663099,IT,DK,RAILW,SECO9,0.04,5859.333,3,3,5859.333,0.0,0.0,0.0,0.0,146483.325
1679492,IT,GR,CHEM1,ELEC5,0.01,5859.32,3,3,5859.32,0.0,0.0,0.0,0.0,585932.0
1720537,IT,PL,OFFIC,HEAVY,0.02,5859.179,3,3,5859.179,0.0,0.0,0.0,0.0,292958.95
1712503,IT,LV,FABRI,WEARI,0.02,5858.826,3,3,5858.826,0.0,0.0,0.0,0.0,292941.3
1719547,IT,PL,GLASS,STEAM,0.02,5858.61,3,3,5858.61,0.0,0.0,0.0,0.0,292930.5
1648340,IT,BE,EDUCA,RECRE,0.15,5858.529,3,3,5858.529,0.0,0.0,0.0,0.0,39056.86
1764228,IT,MX,MACHI,PARAF,0.03,5858.298,3,3,5858.298,0.0,0.0,0.0,0.0,195276.6
1803455,IT,WF,MEAT4,VEGET,0.03,5858.267,3,3,5858.267,0.0,0.0,0.0,0.0,195275.566667
1759661,IT,BR,RESEA,DISTR,0.03,5858.238,3,3,5858.238,0.0,0.0,0.0,0.0,195274.6
1680130,IT,GR,OFFIC,DIST1,0.02,5857.908,3,3,5857.908,0.0,0.0,0.0,0.0,292895.4
1813682,IT,WM,RETA1,TRAN1,0.06,5857.866,3,3,5857.866,0.0,0.0,0.0,0.0,97631.1
1767956,IT,RU,COMPU,RUBBE,0.07,5857.833,3,3,5857.833,0.0,0.0,0.0,0.0,83683.328571
1768344,IT,AU,MEATP,HEALT,0.02,5857.753,3,3,5857.753,0.0,0.0,0.0,0.0,292887.65
1644609,IT,BE,FOOD5,REFI1,0.03,5857.746,3,3,5857.746,0.0,0.0,0.0,0.0,195258.2
1732922,IT,SI,ALUM1,MEATC,0.01,5857.654,3,3,5857.654,0.0,0.0,0.0,0.0,585765.4
1652995,IT,CZ,PLAST,SANDC,0.01,5857.465,3,3,5857.465,0.0,0.0,0.0,0.0,585746.5
1813725,IT,WM,HOTEL,PROCE,0.04,5857.381,3,3,5857.381,0.0,0.0,0.0,0.0,146434.525
1733069,IT,SI,COPP1,RENTI,0.01,5857.304,3,3,5857.304,0.0,0.0,0.0,0.0,585730.4
1720973,IT,PL,WHOLE,RAILW,0.05,5857.276,3,3,5857.276,0.0,0.0,0.0,0.0,117145.52
1749921,IT,CN,GLASS,CEMEN,0.02,5856.624,3,3,5856.624,0.0,0.0,0.0,0.0,292831.2
1747409,IT,JP,RAILW,CONST,0.04,5856.499,3,3,5856.499,0.0,0.0,0.0,0.0,146412.475
1684898,IT,HU,SANDC,COMPU,0.01,5856.307,4,4,5855.307,0.0,0.0,1.0,0.0,585630.7
1749350,IT,CN,PRINT,ELEC5,0.06,5855.992,3,3,5855.992,0.0,0.0,0.0,0.0,97599.866667
1793619,IT,WL,VEGE1,PRIVA,0.02,5855.972,3,3,5855.972,0.0,0.0,0.0,0.0,292798.6
1650776,IT,BG,RAILW,COPP1,0.04,5855.681,3,3,5855.681,0.0,0.0,0.0,0.0,146392.025
1665032,IT,ES,MEATC,MEATC,0.02,5855.247,3,3,5855.247,0.0,0.0,0.0,0.0,292762.35
1648519,IT,BG,POULT,MEAT1,0.02,5855.128,3,3,5855.128,0.0,0.0,0.0,0.0,292756.4
1719573,IT,PL,GLASS,FOOD3,0.02,5855.004,3,3,5855.004,0.0,0.0,0.0,0.0,292750.2
1731726,IT,SI,PULP5,CEMEN,0.02,5854.982,3,3,5854.982,0.0,0.0,0.0,0.0,292749.1
1793167,IT,WA,93197,NFERT,0.04,5854.918,3,3,5854.918,0.0,0.0,0.0,0.0,146372.95
1796603,IT,WL,HOTEL,COKEO,0.04,5854.772,3,3,5854.772,0.0,0.0,0.0,0.0,146369.3
1730968,IT,SE,TEXT1,BUSIN,0.04,5854.692,3,3,5854.692,0.0,0.0,0.0,0.0,146367.3
1743347,IT,US,SALEM,PIGS9,0.05,5854.668,3,3,5854.668,0.0,0.0,0.0,0.0,117093.36
1760042,IT,BR,WOOD1,FOOD3,0.04,5854.349,3,3,5854.349,0.0,0.0,0.0,0.0,146358.725
1730125,IT,SE,RAILW,PRECI,0.04,5854.194,3,3,5854.194,0.0,0.0,0.0,0.0,146354.85
1754505,IT,CA,BUSIN,GLASS,0.06,5853.667,3,3,5853.667,0.0,0.0,0.0,0.0,97561.116667
1664179,IT,EE,GLASS,PAPER,0.02,5853.446,3,3,5853.446,0.0,0.0,0.0,0.0,292672.3
1805346,IT,WF,RUBBE,PROCE,0.02,5853.226,3,3,5853.226,0.0,0.0,0.0,0.0,292661.3
1759779,IT,BR,BUSIN,ELEC1,0.06,5853.217,3,3,5853.217,0.0,0.0,0.0,0.0,97553.616667
1676243,IT,FR,SALEM,CEREA,0.05,5853.182,3,3,5853.182,0.0,0.0,0.0,0.0,117063.64
1750925,IT,CN,CONST,ELEC4,0.03,5853.16,3,3,5853.16,0.0,0.0,0.0,0.0,195105.333333
1716213,IT,NL,ALUM1,FOODW,0.01,5852.905,3,3,5852.905,0.0,0.0,0.0,0.0,585290.5
1801919,IT,WE,CONST,PRIVA,0.03,5852.896,3,3,5852.896,0.0,0.0,0.0,0.0,195096.533333
1683981,IT,HR,WHOLE,LANDT,0.05,5852.852,3,3,5852.852,0.0,0.0,0.0,0.0,117057.04
1721760,IT,PL,INSUR,LANDT,0.12,5852.718,3,3,5852.718,0.0,0.0,0.0,0.0,48772.65
1727885,IT,RO,FOOD3,COMPU,0.02,5852.53,3,3,5852.53,0.0,0.0,0.0,0.0,292626.5
1682279,IT,HR,LEATH,TRANS,0.04,5852.466,3,3,5852.466,0.0,0.0,0.0,0.0,146311.65
1681075,IT,GR,SUPPO,LEATH,0.04,5852.293,3,3,5852.293,0.0,0.0,0.0,0.0,146307.325
1748290,IT,JP,MEMBE,INSUR,0.07,5852.23,3,3,5852.23,0.0,0.0,0.0,0.0,83603.285714
1666685,IT,ES,BIODI,ELEC4,0.01,5851.928,3,3,5851.928,0.0,0.0,0.0,0.0,585192.8
1730842,IT,SE,BUSIN,FOOD3,0.06,5851.763,3,3,5851.763,0.0,0.0,0.0,0.0,97529.383333
1764989,IT,MX,FINAN,MOTO1,0.08,5851.612,3,3,5851.612,0.0,0.0,0.0,0.0,73145.15
1800339,IT,WE,CHEM1,NONFE,0.01,5851.518,3,3,5851.518,0.0,0.0,0.0,0.0,585151.8
1664609,IT,EE,LANDT,CEREA,0.04,5851.459,3,3,5851.459,0.0,0.0,0.0,0.0,146286.475
1669038,IT,ES,SUPPO,LUBRI,0.04,5851.335,3,3,5851.335,0.0,0.0,0.0,0.0,146283.375
1760126,IT,BR,FOOD2,EDUCA,0.03,5851.295,3,3,5851.295,0.0,0.0,0.0,0.0,195043.166667
1807895,IT,WF,PAPE1,MEMBE,0.04,5851.233,3,3,5851.233,0.0,0.0,0.0,0.0,146280.825
1781622,IT,NO,WEARI,INTER,0.04,5851.22,3,3,5851.22,0.0,0.0,0.0,0.0,146280.5
1760148,IT,BR,FOOD3,HEALT,0.02,5850.637,3,3,5850.637,0.0,0.0,0.0,0.0,292531.85
1685937,IT,HU,CHEM1,WOOD1,0.01,5850.612,3,3,5850.612,0.0,0.0,0.0,0.0,585061.2
1687938,IT,HU,RENTI,NATUR,0.03,5850.333,3,3,5850.333,0.0,0.0,0.0,0.0,195011.1
1762466,IT,IN,FINAN,MOTO1,0.08,5850.024,3,3,5850.024,0.0,0.0,0.0,0.0,73125.3
1668125,IT,ES,CONST,COMPU,0.03,5849.872,3,3,5849.872,0.0,0.0,0.0,0.0,194995.733333
1747047,IT,JP,FURNI,ANIMA,0.02,5849.623,3,3,5849.623,0.0,0.0,0.0,0.0,292481.15
1779810,IT,TR,BUSIN,INERT,0.06,5849.524,3,3,5849.524,0.0,0.0,0.0,0.0,97492.066667
1717396,IT,NL,INSUR,KEROS,0.12,5848.61,3,3,5848.61,0.0,0.0,0.0,0.0,48738.416667
1745411,IT,JP,DAIRY,VEGE1,0.02,5848.595,3,3,5848.595,0.0,0.0,0.0,0.0,292429.75
1680102,IT,GR,MACHI,93197,0.03,5848.471,3,3,5848.471,0.0,0.0,0.0,0.0,194949.033333
1771137,IT,CH,MEATC,CERAM,0.02,5848.319,3,3,5848.319,0.0,0.0,0.0,0.0,292415.95
1711815,IT,LU,PUBLI,RECRE,0.1,5848.312,3,3,5848.312,0.0,0.0,0.0,0.0,58483.12
1684604,IT,HR,HEALT,FOOD5,0.03,5848.125,3,3,5848.125,0.0,0.0,0.0,0.0,194937.5
1641584,IT,AT,LIQUE,HEALT,0.01,5848.036,3,3,5848.036,0.0,0.0,0.0,0.0,584803.6
1727978,IT,SE,FORES,PAPE1,0.05,5847.903,4,4,5845.903,0.0,2.0,0.0,0.0,116958.06
1685999,IT,HU,BIODI,CHEM1,0.01,5847.8,3,3,5847.8,0.0,0.0,0.0,0.0,584780.0
1681205,IT,GR,POSTT,RESEA,0.1,5847.39,3,3,5847.39,0.0,0.0,0.0,0.0,58473.9
1640407,IT,AT,MEAT4,BUSIN,0.03,5847.012,3,3,5847.012,0.0,0.0,0.0,0.0,194900.4
1802663,IT,WE,RENTI,FABRI,0.03,5846.864,3,3,5846.864,0.0,0.0,0.0,0.0,194895.466667
1644931,IT,BE,WOODW,SANDC,0.02,5846.765,3,3,5846.765,0.0,0.0,0.0,0.0,292338.25
1682100,IT,HR,TEXTI,SUGA1,0.03,5846.733,3,3,5846.733,0.0,0.0,0.0,0.0,194891.1
1793252,IT,WA,PRIVA,TEXTI,1.3,5846.632,3,3,5846.632,0.0,0.0,0.0,0.0,4497.409231
1643764,IT,AT,POSTT,IRONO,0.1,5846.288,3,3,5846.288,0.0,0.0,0.0,0.0,58462.88
1690072,IT,IE,RENTI,MOTO1,0.03,5846.141,3,3,5846.141,0.0,0.0,0.0,0.0,194871.366667
1714953,IT,NL,FISH5,MEAT4,0.02,5846.096,4,4,5846.093,0.0,0.0,0.0,0.003,292304.8
1730341,IT,SE,SUPPO,RUBBE,0.04,5845.872,3,3,5845.872,0.0,0.0,0.0,0.0,146146.8
1735918,IT,SK,OFFIC,INERT,0.02,5845.744,3,3,5845.744,0.0,0.0,0.0,0.0,292287.2
1797905,IT,WL,WASTE,RAILW,0.02,5845.402,3,3,5845.402,0.0,0.0,0.0,0.0,292270.1
1748414,IT,CN,FORES,BITUM,0.05,5845.008,4,4,5843.008,0.0,2.0,0.0,0.0,116900.16
1684087,IT,HR,HOTEL,INLAN,0.04,5844.894,3,3,5844.894,0.0,0.0,0.0,0.0,146122.35
1666029,IT,ES,AVIAT,COLLE,0.01,5844.865,3,3,5844.865,0.0,0.0,0.0,0.0,584486.5
1802485,IT,WE,SUPPO,RESEA,0.04,5844.817,3,3,5844.817,0.0,0.0,0.0,0.0,146120.425
1690457,IT,IE,PAPE4,PULP5,0.04,5844.792,3,3,5844.792,0.0,0.0,0.0,0.0,146119.8
1686756,IT,HU,COPP1,WOOD2,0.01,5844.549,3,3,5844.549,0.0,0.0,0.0,0.0,584454.9
1789249,IT,WA,PLAST,LANDT,0.01,5844.275,3,3,5844.275,0.0,0.0,0.0,0.0,584427.5
1710282,IT,LT,MOTO1,PUBLI,0.03,5844.149,3,3,5844.149,0.0,0.0,0.0,0.0,194804.966667
1797669,IT,WL,PAPE1,AUXIL,0.04,5843.875,3,3,5843.875,0.0,0.0,0.0,0.0,146096.875
1766517,IT,RU,COPP1,FISH5,0.01,5843.692,3,3,5843.692,0.0,0.0,0.0,0.0,584369.2
1737575,IT,GB,PAPER,PIGS9,0.02,5843.648,3,3,5843.648,0.0,0.0,0.0,0.0,292182.4
1752331,IT,CA,MEAT1,MEAT1,0.03,5843.617,3,3,5843.617,0.0,0.0,0.0,0.0,194787.233333
1739109,IT,GB,WHOLE,ALUM1,0.05,5843.536,3,3,5843.536,0.0,0.0,0.0,0.0,116870.72
1731583,IT,SI,TEXTI,POSTT,0.03,5843.26,3,3,5843.26,0.0,0.0,0.0,0.0,194775.333333
1712385,IT,LV,GLASS,WHOLE,0.02,5843.11,3,3,5843.11,0.0,0.0,0.0,0.0,292155.5
1670159,IT,ES,MEMBE,FABRI,0.07,5842.987,3,3,5842.987,0.0,0.0,0.0,0.0,83471.242857
1773618,IT,CH,TRANS,HOTEL,0.03,5842.966,3,3,5842.966,0.0,0.0,0.0,0.0,194765.533333
1710122,IT,LT,MACHI,MEATA,0.03,5842.604,3,3,5842.604,0.0,0.0,0.0,0.0,194753.466667
1669123,IT,ES,POSTT,NICKE,0.1,5842.552,3,3,5842.552,0.0,0.0,0.0,0.0,58425.52
1729793,IT,SE,MACHI,AUXIL,0.03,5842.063,3,3,5842.063,0.0,0.0,0.0,0.0,194735.433333
1773925,IT,CH,SALEM,PROCE,0.05,5841.979,3,3,5841.979,0.0,0.0,0.0,0.0,116839.58
1749372,IT,CN,PRINT,AUXIL,0.06,5841.728,3,3,5841.728,0.0,0.0,0.0,0.0,97362.133333
1648952,IT,BG,WEARI,SUPPO,0.04,5841.713,3,3,5841.713,0.0,0.0,0.0,0.0,146042.825
1662063,IT,DK,CHEM1,LIQUE,0.01,5841.061,3,3,5841.061,0.0,0.0,0.0,0.0,584106.1
1664133,IT,EE,RUBBE,NONME,0.02,5841.043,3,3,5841.043,0.0,0.0,0.0,0.0,292052.15
1683965,IT,HR,WHOLE,RUBBE,0.05,5840.922,3,3,5840.922,0.0,0.0,0.0,0.0,116818.44
1642292,IT,AT,NONME,FOOD2,0.01,5839.956,3,3,5839.956,0.0,0.0,0.0,0.0,583995.6
1742767,IT,US,FABRI,LEAD1,0.02,5839.795,3,3,5839.795,0.0,0.0,0.0,0.0,291989.75
1750200,IT,CN,LEAD1,COKIN,0.01,5839.735,3,3,5839.735,0.0,0.0,0.0,0.0,583973.5
1679860,IT,GR,ALUM1,WASTE,0.01,5839.541,3,3,5839.541,0.0,0.0,0.0,0.0,583954.1
1779311,IT,TR,INSUR,WOODW,0.12,5839.412,3,3,5839.412,0.0,0.0,0.0,0.0,48661.766667
1788126,IT,WA,WEARI,BEVER,0.04,5839.319,3,3,5839.319,0.0,0.0,0.0,0.0,145982.975
1713791,IT,MT,TRANS,SUPPO,0.03,5839.172,3,3,5839.172,0.0,0.0,0.0,0.0,194639.066667
1749381,IT,CN,PRINT,93197,0.06,5838.758,3,3,5838.758,0.0,0.0,0.0,0.0,97312.633333
1803184,IT,WF,CROPS,NATU1,0.05,5838.641,3,3,5838.641,0.0,0.0,0.0,0.0,116772.82
1747235,IT,JP,SALEM,WHOLE,0.05,5837.95,3,3,5837.95,0.0,0.0,0.0,0.0,116759.0
1770102,IT,AU,WHOLE,OFFIC,0.05,5837.843,3,3,5837.843,0.0,0.0,0.0,0.0,116756.86
1686530,IT,HU,ALUM1,MEAT4,0.01,5837.829,3,3,5837.829,0.0,0.0,0.0,0.0,583782.9
1683882,IT,HR,TRANS,FABRI,0.03,5837.742,3,3,5837.742,0.0,0.0,0.0,0.0,194591.4
1678350,IT,FR,FOOD4,COPP1,0.04,5837.536,3,3,5837.536,0.0,0.0,0.0,0.0,145938.4
1719046,IT,PL,LIQUE,BITUM,0.01,5836.621,3,3,5836.621,0.0,0.0,0.0,0.0,583662.1
1776097,IT,TR,WEARI,SUPPO,0.04,5836.255,3,3,5836.255,0.0,0.0,0.0,0.0,145906.375
1798963,IT,WE,TOBAC,TEXTI,0.02,5835.735,3,3,5835.735,0.0,0.0,0.0,0.0,291786.75
1754806,IT,KR,FOOD5,OFFIC,0.03,5835.649,3,3,5835.649,0.0,0.0,0.0,0.0,194521.633333
1654366,IT,CZ,ELEC8,DIST1,0.08,5835.217,3,3,5835.217,0.0,0.0,0.0,0.0,72940.2125
1748392,IT,CN,CROPS,PULP5,0.05,5835.121,3,3,5835.121,0.0,0.0,0.0,0.0,116702.42
1784975,IT,ID,INSUR,SALEM,0.12,5834.759,3,3,5834.759,0.0,0.0,0.0,0.0,48622.991667
1683870,IT,HR,MOTO1,SEWAG,0.03,5834.741,3,3,5834.741,0.0,0.0,0.0,0.0,194491.366667
1715942,IT,NL,GLASS,LANDT,0.02,5834.68,3,3,5834.68,0.0,0.0,0.0,0.0,291734.0
1768970,IT,AU,PAPER,TRANS,0.02,5834.525,3,3,5834.525,0.0,0.0,0.0,0.0,291726.25
1807930,IT,WF,PLAS1,BEVER,0.02,5834.465,3,3,5834.465,0.0,0.0,0.0,0.0,291723.25
1751288,IT,CN,RAILW,PROCE,0.04,5834.196,3,3,5834.196,0.0,0.0,0.0,0.0,145854.9
1709450,IT,LT,TEXTI,ALUM1,0.03,5834.16,3,3,5834.16,0.0,0.0,0.0,0.0,194472.0
1652750,IT,CZ,PAPER,COLLE,0.02,5833.79,3,3,5833.79,0.0,0.0,0.0,0.0,291689.5
1678355,IT,FR,FOOD4,HOTEL,0.04,5833.738,3,3,5833.738,0.0,0.0,0.0,0.0,145843.45
1781328,IT,NO,VEGE1,REALE,0.02,5833.737,3,3,5833.737,0.0,0.0,0.0,0.0,291686.85
1670354,IT,FI,VEGE1,COMPU,0.02,5833.483,3,3,5833.483,0.0,0.0,0.0,0.0,291674.15
1793062,IT,WA,PAPE4,SEACO,0.04,5833.03,3,3,5833.03,0.0,0.0,0.0,0.0,145825.75
1727318,IT,RO,POSTT,LEAD1,0.1,5832.838,3,3,5832.838,0.0,0.0,0.0,0.0,58328.38
1765373,IT,RU,BEVER,STEAM,0.02,5832.679,3,3,5832.679,0.0,0.0,0.0,0.0,291633.95
1786769,IT,ZA,HOTEL,VEGE1,0.04,5832.57,3,3,5832.57,0.0,0.0,0.0,0.0,145814.25
1689101,IT,IE,FURNI,93197,0.02,5832.509,3,3,5832.509,0.0,0.0,0.0,0.0,291625.45
1802774,IT,WE,BUSIN,PRINT,0.06,5832.431,3,3,5832.431,0.0,0.0,0.0,0.0,97207.183333
1712289,IT,LV,CHEM1,NONME,0.01,5832.424,3,3,5832.424,0.0,0.0,0.0,0.0,583242.4
1759242,IT,BR,POSTT,TOBAC,0.1,5832.281,3,3,5832.281,0.0,0.0,0.0,0.0,58322.81
1762101,IT,IN,RETA1,HEALT,0.06,5832.008,3,3,5832.008,0.0,0.0,0.0,0.0,97200.133333
1740117,IT,GB,COMPU,GLASS,0.07,5831.991,3,3,5831.991,0.0,0.0,0.0,0.0,83314.157143
1812262,IT,WM,NONME,INERT,0.01,5831.869,3,3,5831.869,0.0,0.0,0.0,0.0,583186.9
1775483,IT,CH,PLAS1,PUBLI,0.02,5831.494,3,3,5831.494,0.0,0.0,0.0,0.0,291574.7
1727331,IT,RO,POSTT,ELEC5,0.1,5831.411,3,3,5831.411,0.0,0.0,0.0,0.0,58314.11
1736201,IT,SK,WHOLE,HOTEL,0.05,5831.321,3,3,5831.321,0.0,0.0,0.0,0.0,116626.42
1804700,IT,WF,LIQUE,NONF1,0.01,5831.282,3,3,5831.282,0.0,0.0,0.0,0.0,583128.2
1690090,IT,IE,RENTI,AUXIL,0.03,5831.239,3,3,5831.239,0.0,0.0,0.0,0.0,194374.633333
1784803,IT,ID,HOTEL,ELECT,0.04,5831.193,3,3,5831.193,0.0,0.0,0.0,0.0,145779.825
1799259,IT,WE,LEATH,NONME,0.04,5830.897,3,3,5830.897,0.0,0.0,0.0,0.0,145772.425
1811817,IT,WM,BIODI,INSUR,0.01,5830.577,3,3,5830.577,0.0,0.0,0.0,0.0,583057.7
1710928,IT,LU,PLAST,CHEM1,0.01,5830.519,3,3,5830.519,0.0,0.0,0.0,0.0,583051.9
1680756,IT,GR,RETA1,AIRTR,0.06,5829.988,3,3,5829.988,0.0,0.0,0.0,0.0,97166.466667
1751844,IT,CN,RENTI,TRANS,0.03,5829.98,3,3,5829.98,0.0,0.0,0.0,0.0,194332.666667
1784929,IT,ID,POSTT,RECRE,0.1,5829.881,3,3,5829.881,0.0,0.0,0.0,0.0,58298.81
1774794,IT,CH,POSTT,CEMEN,0.1,5829.78,3,3,5829.78,0.0,0.0,0.0,0.0,58297.8
1650806,IT,BG,LANDT,PRECI,0.04,5829.672,3,3,5829.672,0.0,0.0,0.0,0.0,145741.8
1677950,IT,FR,BUSIN,FOOD1,0.06,5829.558,3,3,5829.558,0.0,0.0,0.0,0.0,97159.3
1727078,IT,RO,RAILW,RECRE,0.04,5829.437,3,3,5829.437,0.0,0.0,0.0,0.0,145735.925
1712752,IT,LV,LANDT,WEARI,0.04,5829.427,3,3,5829.427,0.0,0.0,0.0,0.0,145735.675
1676014,IT,FR,ELEC5,LANDT,0.07,5829.038,3,3,5829.038,0.0,0.0,0.0,0.0,83271.971429
1746377,IT,JP,RUBBE,BRICK,0.02,5828.874,3,3,5828.874,0.0,0.0,0.0,0.0,291443.7
1793599,IT,WL,VEGE1,CEMEN,0.02,5828.849,3,3,5828.849,0.0,0.0,0.0,0.0,291442.45
1813114,IT,WM,MOTO1,MEATP,0.03,5828.847,3,3,5828.847,0.0,0.0,0.0,0.0,194294.9
1675059,IT,FR,ALUM1,LIQUI,0.01,5828.589,3,3,5828.589,0.0,0.0,0.0,0.0,582858.9
1757268,IT,BR,DAIRY,BIOGA,0.02,5828.279,3,3,5828.279,0.0,0.0,0.0,0.0,291413.95
1761998,IT,IN,WHOLE,MEATA,0.05,5827.653,3,3,5827.653,0.0,0.0,0.0,0.0,116553.06
1669010,IT,ES,SUPPO,SANDC,0.04,5827.602,3,3,5827.602,0.0,0.0,0.0,0.0,145690.05
1713279,IT,MT,PRINT,CONST,0.06,5827.274,3,3,5827.274,0.0,0.0,0.0,0.0,97121.233333
1680163,IT,GR,MOTO1,ELECT,0.03,5827.234,3,3,5827.234,0.0,0.0,0.0,0.0,194241.133333
1684175,IT,HR,LANDT,ELEC1,0.04,5827.174,3,3,5827.174,0.0,0.0,0.0,0.0,145679.35
1709495,IT,LT,WEARI,WHOLE,0.04,5827.074,3,3,5827.074,0.0,0.0,0.0,0.0,145676.85
1737126,IT,GB,MEAT4,FISH5,0.03,5826.657,3,3,5826.657,0.0,0.0,0.0,0.0,194221.9
1652120,IT,CZ,CHEMI,SUPPO,0.01,5826.494,3,3,5826.494,0.0,0.0,0.0,0.0,582649.4
1786440,IT,ZA,OFFIC,FOOD3,0.02,5826.432,3,3,5826.432,0.0,0.0,0.0,0.0,291321.6
1755004,IT,KR,WEARI,MEAT4,0.04,5826.33,3,3,5826.33,0.0,0.0,0.0,0.0,145658.25
1804047,IT,WF,WOODW,PREC1,0.02,5826.236,3,3,5826.236,0.0,0.0,0.0,0.0,291311.8
1740279,IT,GB,BUSIN,PAPE1,0.06,5826.221,3,3,5826.221,0.0,0.0,0.0,0.0,97103.683333
1717576,IT,NL,COMPU,DISTR,0.07,5826.179,3,3,5826.179,0.0,0.0,0.0,0.0,83231.128571
1755262,IT,KR,PAPER,HEAVY,0.02,5826.062,3,3,5826.062,0.0,0.0,0.0,0.0,291303.1
1678153,IT,FR,PLAS1,HEALT,0.02,5825.529,3,3,5825.529,0.0,0.0,0.0,0.0,291276.45
1652104,IT,CZ,SANDC,FOODW,0.01,5825.33,4,4,5824.33,0.0,0.0,1.0,0.0,582533.0
1652797,IT,CZ,PRINT,RAWMI,0.06,5825.255,3,3,5825.255,0.0,0.0,0.0,0.0,97087.583333
1648627,IT,BG,MEAT4,PUBLI,0.03,5824.814,3,3,5824.814,0.0,0.0,0.0,0.0,194160.466667
1653470,IT,CZ,NONME,INERT,0.01,5824.731,3,3,5824.731,0.0,0.0,0.0,0.0,582473.1
1744516,IT,US,REALE,PFERT,0.25,5824.308,3,3,5824.308,0.0,0.0,0.0,0.0,23297.232
1735007,IT,SK,PLAST,GASDI,0.01,5823.887,3,3,5823.887,0.0,0.0,0.0,0.0,582388.7
1656139,IT,DE,FISH5,AIRTR,0.02,5823.867,4,4,5823.864,0.0,0.0,0.0,0.003,291193.35
1644138,IT,AT,FOOD2,CEMEN,0.03,5823.767,3,3,5823.767,0.0,0.0,0.0,0.0,194125.566667
1804039,IT,WF,WOODW,PFERT,0.02,5823.636,3,3,5823.636,0.0,0.0,0.0,0.0,291181.8
1729069,IT,SE,RUBBE,ELEC3,0.02,5822.926,3,3,5822.926,0.0,0.0,0.0,0.0,291146.3
1670326,IT,FI,MEAT4,FOOD5,0.03,5822.728,3,3,5822.728,0.0,0.0,0.0,0.0,194090.933333
1648738,IT,BG,FOOD5,AUXIL,0.03,5822.398,3,3,5822.398,0.0,0.0,0.0,0.0,194079.933333
1747012,IT,JP,TRANS,FOUND,0.03,5822.151,3,3,5822.151,0.0,0.0,0.0,0.0,194071.7
1664303,IT,EE,COPP1,PFERT,0.01,5821.884,3,3,5821.884,0.0,0.0,0.0,0.0,582188.4
1665843,IT,ES,PRINT,CEMEN,0.06,5821.809,3,3,5821.809,0.0,0.0,0.0,0.0,97030.15
1760208,IT,BR,PLAS2,BASIC,0.05,5821.806,3,3,5821.806,0.0,0.0,0.0,0.0,116436.12
1758821,IT,BR,RETA1,RENTI,0.06,5821.647,3,3,5821.647,0.0,0.0,0.0,0.0,97027.45
1725541,IT,RO,LEATH,ELEC3,0.04,5821.548,3,3,5821.548,0.0,0.0,0.0,0.0,145538.7
1802287,IT,WE,LANDT,RETAI,0.04,5821.038,3,3,5821.038,0.0,0.0,0.0,0.0,145525.95
1759895,IT,BR,PAPE1,COLLE,0.04,5820.503,3,3,5820.503,0.0,0.0,0.0,0.0,145512.575
1736206,IT,SK,WHOLE,RESEA,0.05,5820.272,3,3,5820.272,0.0,0.0,0.0,0.0,116405.44
1792904,IT,WA,HEALT,KEROS,0.03,5820.26,3,3,5820.26,0.0,0.0,0.0,0.0,194008.666667
1679007,IT,GR,WOODW,WHEAT,0.02,5819.765,3,3,5819.765,0.0,0.0,0.0,0.0,290988.25
1644473,IT,BE,VEGE1,LANDT,0.02,5819.495,3,3,5819.495,0.0,0.0,0.0,0.0,290974.75
1787442,IT,WA,STONE,MOTOR,0.02,5819.408,3,3,5819.408,0.0,0.0,0.0,0.0,290970.4
1646667,IT,BE,FURNI,BIODI,0.02,5819.321,3,3,5819.321,0.0,0.0,0.0,0.0,290966.05
1759016,IT,BR,LANDT,AIRTR,0.04,5819.306,3,3,5819.306,0.0,0.0,0.0,0.0,145482.65
1710964,IT,LU,GLASS,FOOD5,0.02,5819.277,3,3,5819.277,0.0,0.0,0.0,0.0,290963.85
1801969,IT,WE,RETAI,FINAN,0.05,5819.276,3,3,5819.276,0.0,0.0,0.0,0.0,116385.52
1642801,IT,AT,OFFIC,BEVER,0.02,5819.247,3,3,5819.247,0.0,0.0,0.0,0.0,290962.35
1770980,IT,CH,VEGET,INSUR,0.02,5819.188,3,3,5819.188,0.0,0.0,0.0,0.0,290959.4
1655137,IT,CZ,BUSIN,MOTOR,0.06,5819.164,3,3,5819.164,0.0,0.0,0.0,0.0,96986.066667
1640483,IT,AT,DAIRY,TRAN2,0.02,5818.549,3,3,5818.549,0.0,0.0,0.0,0.0,290927.45
1781711,IT,NO,WOODW,HEALT,0.02,5818.503,3,3,5818.503,0.0,0.0,0.0,0.0,290925.15
1743256,IT,US,FURNI,MEAT4,0.02,5818.241,3,3,5818.241,0.0,0.0,0.0,0.0,290912.05
1710797,IT,LU,PULP5,WOODW,0.02,5818.204,3,3,5818.204,0.0,0.0,0.0,0.0,290910.2
1773929,IT,CH,SALEM,TEXTI,0.05,5818.166,3,3,5818.166,0.0,0.0,0.0,0.0,116363.32
1649463,IT,BG,CHEM1,POSTT,0.01,5818.151,3,3,5818.151,0.0,0.0,0.0,0.0,581815.1
1715167,IT,NL,LEATH,PLAS2,0.04,5817.967,3,3,5817.967,0.0,0.0,0.0,0.0,145449.175
1783194,IT,NO,COMPU,EDUCA,0.07,5817.823,3,3,5817.823,0.0,0.0,0.0,0.0,83111.757143
1686025,IT,HU,BIODI,TRAN2,0.01,5816.552,3,3,5816.552,0.0,0.0,0.0,0.0,581655.2
1687932,IT,HU,RENTI,PIGS9,0.03,5816.46,3,3,5816.46,0.0,0.0,0.0,0.0,193882.0
1713444,IT,MT,CHEM1,MEATC,0.01,5816.344,3,3,5816.344,0.0,0.0,0.0,0.0,581634.4
1769830,IT,AU,MACHI,SEWAG,0.03,5816.291,3,3,5816.291,0.0,0.0,0.0,0.0,193876.366667
1788430,IT,WA,PULP5,STONE,0.02,5816.24,3,3,5816.24,0.0,0.0,0.0,0.0,290812.0
1681558,IT,GR,BUSIN,DISTR,0.06,5815.892,3,3,5815.892,0.0,0.0,0.0,0.0,96931.533333
1743499,IT,US,RETA1,PRINT,0.06,5815.57,3,3,5815.57,0.0,0.0,0.0,0.0,96926.166667
1733025,IT,SI,LEAD1,RECRE,0.01,5815.309,3,3,5815.309,0.0,0.0,0.0,0.0,581530.9
1685196,IT,HU,BEVER,EDUCA,0.02,5815.023,3,3,5815.023,0.0,0.0,0.0,0.0,290751.15
1718561,IT,PL,WEARI,RETA1,0.04,5814.787,3,3,5814.787,0.0,0.0,0.0,0.0,145369.675
1758960,IT,BR,RAILW,PUBLI,0.04,5814.417,3,3,5814.417,0.0,0.0,0.0,0.0,145360.425
1803748,IT,WF,FISH5,FINAN,0.02,5814.381,4,4,5814.378,0.0,0.0,0.0,0.003,290719.05
1685568,IT,HU,PAPER,WASTE,0.02,5814.332,3,3,5814.332,0.0,0.0,0.0,0.0,290716.6
1741369,IT,US,PRINT,FURNI,0.06,5814.024,3,3,5814.024,0.0,0.0,0.0,0.0,96900.4
1759211,IT,BR,SUPPO,RETA1,0.04,5813.807,3,3,5813.807,0.0,0.0,0.0,0.0,145345.175
1747017,IT,JP,TRANS,RADIO,0.03,5813.697,3,3,5813.697,0.0,0.0,0.0,0.0,193789.9
1723546,IT,PT,FABRI,CEREA,0.02,5813.677,3,3,5813.677,0.0,0.0,0.0,0.0,290683.85
1720393,IT,PL,MACHI,LEADZ,0.03,5813.647,3,3,5813.647,0.0,0.0,0.0,0.0,193788.233333
1727977,IT,SE,FORES,FOODW,0.05,5813.594,4,4,5811.594,0.0,2.0,0.0,0.0,116271.88
1758303,IT,BR,ALUM1,PUBLI,0.01,5813.367,3,3,5813.367,0.0,0.0,0.0,0.0,581336.7
1777423,IT,TR,NONME,MOTOR,0.01,5813.265,3,3,5813.265,0.0,0.0,0.0,0.0,581326.5
1713044,IT,MT,MEAT4,MACHI,0.03,5813.26,3,3,5813.26,0.0,0.0,0.0,0.0,193775.333333
1665269,IT,ES,BEVER,LIQUE,0.02,5812.816,3,3,5812.816,0.0,0.0,0.0,0.0,290640.8
1803244,IT,WF,POULT,EDUCA,0.02,5812.761,3,3,5812.761,0.0,0.0,0.0,0.0,290638.05
1721189,IT,PL,LANDT,SUGAR,0.04,5812.702,3,3,5812.702,0.0,0.0,0.0,0.0,145317.55
1673532,IT,FR,LEATH,RADIO,0.04,5812.682,3,3,5812.682,0.0,0.0,0.0,0.0,145317.05
1652074,IT,CZ,STONE,MACHI,0.02,5811.476,3,3,5811.476,0.0,0.0,0.0,0.0,290573.8
1731594,IT,SI,TEXTI,RECRE,0.03,5811.259,3,3,5811.259,0.0,0.0,0.0,0.0,193708.633333
1771711,IT,CH,LEATH,CATTL,0.04,5811.251,3,3,5811.251,0.0,0.0,0.0,0.0,145281.275
1796420,IT,WL,WHOLE,ELEC1,0.05,5811.207,3,3,5811.207,0.0,0.0,0.0,0.0,116224.14
1770982,IT,CH,VEGET,RENTI,0.02,5811.199,3,3,5811.199,0.0,0.0,0.0,0.0,290559.95
1780241,IT,TW,LANDT,POULT,0.04,5811.117,3,3,5811.117,0.0,0.0,0.0,0.0,145277.925
1686619,IT,HU,LEAD1,NAPHT,0.01,5810.756,3,3,5810.756,0.0,0.0,0.0,0.0,581075.6
1807485,IT,WF,REALE,SUPPO,0.25,5810.172,3,3,5810.172,0.0,0.0,0.0,0.0,23240.688
1681303,IT,GR,INSUR,WOODW,0.12,5809.623,3,3,5809.623,0.0,0.0,0.0,0.0,48413.525
1741154,IT,US,LEATH,PAPER,0.04,5809.566,3,3,5809.566,0.0,0.0,0.0,0.0,145239.15
1787990,IT,WA,TEXTI,CHEMI,0.03,5809.194,3,3,5809.194,0.0,0.0,0.0,0.0,193639.8
1715078,IT,NL,WEARI,WEARI,0.04,5808.889,3,3,5808.889,0.0,0.0,0.0,0.0,145222.225
1656264,IT,DE,WEARI,RENTI,0.04,5808.657,3,3,5808.657,0.0,0.0,0.0,0.0,145216.425
1684915,IT,HU,CHEMI,PLAST,0.01,5808.553,3,3,5808.553,0.0,0.0,0.0,0.0,580855.3
1683886,IT,HR,TRANS,FURNI,0.03,5808.419,3,3,5808.419,0.0,0.0,0.0,0.0,193613.966667
1783725,IT,NO,FOOD4,BUSIN,0.04,5807.793,3,3,5807.793,0.0,0.0,0.0,0.0,145194.825
1716473,IT,NL,OFFIC,BASIC,0.02,5807.711,3,3,5807.711,0.0,0.0,0.0,0.0,290385.55
1665164,IT,ES,PROCE,GASDI,0.04,5807.584,3,3,5807.584,0.0,0.0,0.0,0.0,145189.6
1784753,IT,ID,RETA1,NICKE,0.06,5806.956,3,3,5806.956,0.0,0.0,0.0,0.0,96782.6
1654962,IT,CZ,INSUR,DISTR,0.12,5806.411,3,3,5806.411,0.0,0.0,0.0,0.0,48386.758333
1735542,IT,SK,ALUM1,HEAVY,0.01,5805.753,3,3,5805.753,0.0,0.0,0.0,0.0,580575.3
1663208,IT,DK,LANDT,PLAS1,0.04,5805.543,3,3,5805.543,0.0,0.0,0.0,0.0,145138.575
1738040,IT,GB,RUBBE,TOBAC,0.02,5805.284,3,3,5805.284,0.0,0.0,0.0,0.0,290264.2
1665856,IT,ES,PRINT,ELEC4,0.06,5805.16,3,3,5805.16,0.0,0.0,0.0,0.0,96752.666667
1759923,IT,BR,PLAS1,OILSE,0.02,5805.019,3,3,5805.019,0.0,0.0,0.0,0.0,290250.95
1690502,IT,IE,INERT,STONE,0.04,5804.878,3,3,5804.878,0.0,0.0,0.0,0.0,145121.95
1724605,IT,PT,FINAN,MACHI,0.08,5804.647,3,3,5804.647,0.0,0.0,0.0,0.0,72558.0875
1666502,IT,ES,PLAST,MEDIC,0.01,5804.574,3,3,5804.574,0.0,0.0,0.0,0.0,580457.4
1753813,IT,CA,WHOLE,VEGE1,0.05,5804.536,3,3,5804.536,0.0,0.0,0.0,0.0,116090.72
1792699,IT,WA,BUSIN,FORES,0.06,5804.502,3,3,5804.502,0.0,0.0,0.0,0.0,96741.7
1803747,IT,WF,FISH5,POSTT,0.02,5804.471,4,4,5804.468,0.0,0.0,0.0,0.003,290223.55
1662599,IT,DK,FABRI,AIRTR,0.02,5804.028,3,3,5804.028,0.0,0.0,0.0,0.0,290201.4
1757156,IT,BR,SANDC,CERAM,0.01,5803.717,4,4,5802.717,0.0,0.0,1.0,0.0,580371.7
1653197,IT,CZ,RUBBE,SUGAR,0.02,5803.334,3,3,5803.334,0.0,0.0,0.0,0.0,290166.7
1661303,IT,DK,STONE,NUCLE,0.02,5803.153,3,3,5803.153,0.0,0.0,0.0,0.0,290157.65
1650874,IT,BG,LANDT,INSUR,0.04,5803.032,3,3,5803.032,0.0,0.0,0.0,0.0,145075.8
1712605,IT,LV,OFFIC,FABRI,0.02,5803.026,3,3,5803.026,0.0,0.0,0.0,0.0,290151.3
1731470,IT,SI,BEVER,MEDIC,0.02,5802.612,3,3,5802.612,0.0,0.0,0.0,0.0,290130.6
1784280,IT,ID,CHEM1,FOUND,0.01,5802.611,3,3,5802.611,0.0,0.0,0.0,0.0,580261.1
1683744,IT,HR,MACHI,MEDIC,0.03,5802.335,3,3,5802.335,0.0,0.0,0.0,0.0,193411.166667
1772456,IT,CH,CHEM1,WOOD1,0.01,5802.217,3,3,5802.217,0.0,0.0,0.0,0.0,580221.7
1710340,IT,LT,WHOLE,FABRI,0.05,5802.215,3,3,5802.215,0.0,0.0,0.0,0.0,116044.3
1709703,IT,LT,CHEM1,SANDC,0.01,5802.162,3,3,5802.162,0.0,0.0,0.0,0.0,580216.2
1681226,IT,GR,FINAN,DAIRY,0.08,5802.147,3,3,5802.147,0.0,0.0,0.0,0.0,72526.8375
1671112,IT,FI,GLASS,BEVER,0.02,5801.758,3,3,5801.758,0.0,0.0,0.0,0.0,290087.9
1808358,IT,WF,FOOD3,COMPU,0.02,5801.441,3,3,5801.441,0.0,0.0,0.0,0.0,290072.05
1675701,IT,FR,TRANS,FOOD1,0.03,5801.433,3,3,5801.433,0.0,0.0,0.0,0.0,193381.1
1748664,IT,CN,DAIRY,MEMBE,0.02,5801.252,3,3,5801.252,0.0,0.0,0.0,0.0,290062.6
1768750,IT,AU,WEARI,MEDIC,0.04,5801.012,3,3,5801.012,0.0,0.0,0.0,0.0,145025.3
1744902,IT,US,BUSIN,PETRO,0.06,5800.624,3,3,5800.624,0.0,0.0,0.0,0.0,96677.066667
1678269,IT,FR,FOOD2,COPP1,0.03,5800.231,3,3,5800.231,0.0,0.0,0.0,0.0,193341.033333
1681374,IT,GR,AUXIL,RETAI,0.11,5800.14,3,3,5800.14,0.0,0.0,0.0,0.0,52728.545455
1715372,IT,NL,PRINT,TRAN1,0.06,5800.007,3,3,5800.007,0.0,0.0,0.0,0.0,96666.783333
1778223,IT,TR,FURNI,RETAI,0.02,5799.942,3,3,5799.942,0.0,0.0,0.0,0.0,289997.1
1718896,IT,PL,PRINT,FISH5,0.06,5799.939,3,3,5799.939,0.0,0.0,0.0,0.0,96665.65
1663711,IT,EE,MEATC,RETA1,0.02,5799.899,3,3,5799.899,0.0,0.0,0.0,0.0,289994.95
1712214,IT,LV,PAPER,WEARI,0.02,5799.493,3,3,5799.493,0.0,0.0,0.0,0.0,289974.65
1653713,IT,CZ,COPP1,DAIRY,0.01,5799.389,3,3,5799.389,0.0,0.0,0.0,0.0,579938.9
1785226,IT,ZA,TEXTI,FORES,0.03,5799.372,3,3,5799.372,0.0,0.0,0.0,0.0,193312.4
1715010,IT,NL,TOBAC,FOOD3,0.02,5799.37,3,3,5799.37,0.0,0.0,0.0,0.0,289968.5
1814193,IT,WM,SUPPO,NONME,0.04,5798.848,3,3,5798.848,0.0,0.0,0.0,0.0,144971.2
1784799,IT,ID,HOTEL,NONF1,0.04,5798.815,3,3,5798.815,0.0,0.0,0.0,0.0,144970.375
1648575,IT,BG,SANDC,SANDC,0.01,5798.519,4,4,5797.519,0.0,0.0,1.0,0.0,579851.9
1782281,IT,NO,LEAD1,RETA1,0.01,5798.498,3,3,5798.498,0.0,0.0,0.0,0.0,579849.8
1792267,IT,WA,POSTT,MOTO1,0.1,5797.891,3,3,5797.891,0.0,0.0,0.0,0.0,57978.91
1718274,IT,PL,FOOD5,PAPER,0.03,5797.088,3,3,5797.088,0.0,0.0,0.0,0.0,193236.266667
1788495,IT,WA,PULP5,RENTI,0.02,5796.922,3,3,5796.922,0.0,0.0,0.0,0.0,289846.1
1772393,IT,CH,CHEM1,LUBRI,0.01,5796.515,3,3,5796.515,0.0,0.0,0.0,0.0,579651.5
1658755,IT,DE,OFFIC,FOOD2,0.02,5796.424,3,3,5796.424,0.0,0.0,0.0,0.0,289821.2
1782559,IT,NO,MOTO1,PUBLI,0.03,5796.29,3,3,5796.29,0.0,0.0,0.0,0.0,193209.666667
1803877,IT,WF,WEARI,WHEAT,0.04,5796.185,3,3,5796.185,0.0,0.0,0.0,0.0,144904.625
1672930,IT,FR,DAIRY,STONE,0.02,5796.159,3,3,5796.159,0.0,0.0,0.0,0.0,289807.95
1750230,IT,CN,LEAD1,REALE,0.01,5796.157,3,3,5796.157,0.0,0.0,0.0,0.0,579615.7
1786333,IT,ZA,MACHI,PIGS9,0.03,5795.438,3,3,5795.438,0.0,0.0,0.0,0.0,193181.266667
1732268,IT,SI,LIQUE,RAILW,0.01,5794.951,3,3,5794.951,0.0,0.0,0.0,0.0,579495.1
1673483,IT,FR,WEARI,MEMBE,0.04,5794.501,3,3,5794.501,0.0,0.0,0.0,0.0,144862.525
1768300,IT,AU,STONE,PFERT,0.02,5793.927,3,3,5793.927,0.0,0.0,0.0,0.0,289696.35
1652246,IT,CZ,FOOD5,BIOGA,0.03,5793.451,3,3,5793.451,0.0,0.0,0.0,0.0,193115.033333
1643420,IT,AT,LANDT,KERO1,0.04,5793.285,3,3,5793.285,0.0,0.0,0.0,0.0,144832.125
1809375,IT,WM,CHEMI,PIGS9,0.01,5793.214,3,3,5793.214,0.0,0.0,0.0,0.0,579321.4
1765184,IT,MX,BUSIN,DISTR,0.06,5793.139,3,3,5793.139,0.0,0.0,0.0,0.0,96552.316667
1728184,IT,SE,PROCE,WHOLE,0.04,5792.818,3,3,5792.818,0.0,0.0,0.0,0.0,144820.45
1721117,IT,PL,RAILW,MEATP,0.04,5792.58,3,3,5792.58,0.0,0.0,0.0,0.0,144814.5
1726799,IT,RO,WHOLE,LIGNI,0.05,5792.299,3,3,5792.299,0.0,0.0,0.0,0.0,115845.98
1685530,IT,HU,PAPER,PREC1,0.02,5792.2,3,3,5792.2,0.0,0.0,0.0,0.0,289610.0
1729607,IT,SE,FABRI,PIGS9,0.02,5791.79,3,3,5791.79,0.0,0.0,0.0,0.0,289589.5
1802649,IT,WE,RENTI,TEXTI,0.03,5791.552,3,3,5791.552,0.0,0.0,0.0,0.0,193051.733333
1683639,IT,HR,FABRI,GLASS,0.02,5791.548,3,3,5791.548,0.0,0.0,0.0,0.0,289577.4
1731341,IT,SI,DAIRY,DIST1,0.02,5791.536,3,3,5791.536,0.0,0.0,0.0,0.0,289576.8
1808281,IT,WF,FOOD2,LEAD1,0.03,5791.481,3,3,5791.481,0.0,0.0,0.0,0.0,193049.366667
1812636,IT,WM,COPP1,MEATP,0.01,5791.051,3,3,5791.051,0.0,0.0,0.0,0.0,579105.1
1663755,IT,EE,FOOD5,BASIC,0.03,5790.355,3,3,5790.355,0.0,0.0,0.0,0.0,193011.833333
1745941,IT,JP,WOODW,MOTOR,0.02,5790.353,3,3,5790.353,0.0,0.0,0.0,0.0,289517.65
1743011,IT,US,OFFIC,BASIC,0.02,5789.853,3,3,5789.853,0.0,0.0,0.0,0.0,289492.65
1665138,IT,ES,DAIRY,DIST1,0.02,5789.737,3,3,5789.737,0.0,0.0,0.0,0.0,289486.85
1805632,IT,WF,NONME,LEATH,0.01,5789.384,3,3,5789.384,0.0,0.0,0.0,0.0,578938.4
1710080,IT,LT,FABRI,ALUM1,0.02,5789.122,3,3,5789.122,0.0,0.0,0.0,0.0,289456.1
1761999,IT,IN,WHOLE,ANIMA,0.05,5788.482,3,3,5788.482,0.0,0.0,0.0,0.0,115769.64
1757147,IT,BR,STONE,RETA1,0.02,5788.475,3,3,5788.475,0.0,0.0,0.0,0.0,289423.75
1813456,IT,WM,CONST,COMPU,0.03,5788.318,3,3,5788.318,0.0,0.0,0.0,0.0,192943.933333
1731067,IT,SI,VEGET,FABRI,0.02,5788.243,3,3,5788.243,0.0,0.0,0.0,0.0,289412.15
1814912,IT,WM,PRIVA,WOODW,1.29,5788.136,3,3,5788.136,0.0,0.0,0.0,0.0,4486.927132
1744577,IT,US,REALE,MEMBE,0.24,5788.097,3,3,5788.097,0.0,0.0,0.0,0.0,24117.070833
1731019,IT,SE,FOOD4,DIST1,0.04,5787.845,3,3,5787.845,0.0,0.0,0.0,0.0,144696.125
1806478,IT,WF,TRANS,RADIO,0.03,5787.407,3,3,5787.407,0.0,0.0,0.0,0.0,192913.566667
1659200,IT,DE,CONST,COMPU,0.03,5787.345,3,3,5787.345,0.0,0.0,0.0,0.0,192911.5
1679859,IT,GR,ALUM1,FOOD3,0.01,5786.899,3,3,5786.899,0.0,0.0,0.0,0.0,578689.9
1735224,IT,SK,RUBBE,EDUCA,0.02,5786.865,3,3,5786.865,0.0,0.0,0.0,0.0,289343.25
1727319,IT,RO,POSTT,COPP1,0.1,5786.859,3,3,5786.859,0.0,0.0,0.0,0.0,57868.59
1649189,IT,BG,PRINT,AIRTR,0.06,5786.803,3,3,5786.803,0.0,0.0,0.0,0.0,96446.716667
1713453,IT,MT,CHEM1,RUBBE,0.01,5786.619,3,3,5786.619,0.0,0.0,0.0,0.0,578661.9
1807298,IT,WF,POSTT,PFERT,0.1,5786.238,3,3,5786.238,0.0,0.0,0.0,0.0,57862.38
1731500,IT,SI,FISH5,CATTL,0.02,5786.194,4,4,5786.191,0.0,0.0,0.0,0.003,289309.7
1795319,IT,WL,NONME,LEATH,0.01,5786.001,3,3,5786.001,0.0,0.0,0.0,0.0,578600.1
1742818,IT,US,FABRI,TEXT1,0.02,5785.774,3,3,5785.774,0.0,0.0,0.0,0.0,289288.7
1809092,IT,WM,CROPS,DAIRY,0.05,5785.471,3,3,5785.471,0.0,0.0,0.0,0.0,115709.42
1739082,IT,GB,RETAI,WOOD2,0.05,5785.327,3,3,5785.327,0.0,0.0,0.0,0.0,115706.54
1661175,IT,DE,93197,OFFIC,0.04,5785.173,3,3,5785.173,0.0,0.0,0.0,0.0,144629.325
1722704,IT,PT,WOODW,DAIRY,0.02,5785.168,3,3,5785.168,0.0,0.0,0.0,0.0,289258.4
1782739,IT,NO,RETA1,HOTEL,0.06,5784.676,3,3,5784.676,0.0,0.0,0.0,0.0,96411.266667
1685289,IT,HU,TEXTI,SEWAG,0.03,5784.448,3,3,5784.448,0.0,0.0,0.0,0.0,192814.933333
1690395,IT,IE,WASTE,PAPE4,0.02,5784.276,3,3,5784.276,0.0,0.0,0.0,0.0,289213.8
1650473,IT,BG,ELEC5,ALUM1,0.07,5784.114,3,3,5784.114,0.0,0.0,0.0,0.0,82630.2
1670678,IT,FI,WOODW,MEAT4,0.02,5784.097,3,3,5784.097,0.0,0.0,0.0,0.0,289204.85
1767435,IT,RU,LANDT,STEAM,0.04,5783.575,3,3,5783.575,0.0,0.0,0.0,0.0,144589.375
1791556,IT,WA,RETA1,MOTO1,0.06,5783.443,3,3,5783.443,0.0,0.0,0.0,0.0,96390.716667
1681342,IT,GR,INSUR,DIST1,0.12,5783.431,3,3,5783.431,0.0,0.0,0.0,0.0,48195.258333
1739050,IT,GB,RETAI,FURNI,0.05,5783.268,3,3,5783.268,0.0,0.0,0.0,0.0,115665.36
1728178,IT,SE,PROCE,SUGA1,0.04,5782.741,3,3,5782.741,0.0,0.0,0.0,0.0,144568.525
1786523,IT,ZA,FURNI,PRECI,0.02,5782.715,3,3,5782.715,0.0,0.0,0.0,0.0,289135.75
1688885,IT,IE,ALUM1,CONST,0.01,5782.714,3,3,5782.714,0.0,0.0,0.0,0.0,578271.4
1744076,IT,US,SUPPO,POULT,0.04,5782.66,3,3,5782.66,0.0,0.0,0.0,0.0,144566.5
1793608,IT,WL,VEGE1,POSTT,0.02,5782.423,3,3,5782.423,0.0,0.0,0.0,0.0,289121.15
1729552,IT,SE,COPP1,GLASS,0.01,5782.412,3,3,5782.412,0.0,0.0,0.0,0.0,578241.2
1781057,IT,TW,PUBLI,WEARI,0.09,5782.314,3,3,5782.314,0.0,0.0,0.0,0.0,64247.933333
1758835,IT,BR,HOTEL,NONFE,0.04,5782.216,3,3,5782.216,0.0,0.0,0.0,0.0,144555.4
1643801,IT,AT,FINAN,RAWMI,0.08,5781.948,3,3,5781.948,0.0,0.0,0.0,0.0,72274.35
1784726,IT,ID,SALEM,SALEM,0.05,5781.66,3,3,5781.66,0.0,0.0,0.0,0.0,115633.2
1775093,IT,CH,RENTI,WASTE,0.03,5781.477,3,3,5781.477,0.0,0.0,0.0,0.0,192715.9
1741101,IT,US,TEXTI,PAPE4,0.03,5781.013,3,3,5781.013,0.0,0.0,0.0,0.0,192700.433333
1771557,IT,CH,TEXTI,CEMEN,0.03,5780.286,3,3,5780.286,0.0,0.0,0.0,0.0,192676.2
1689824,IT,IE,INSUR,ELEC4,0.12,5780.096,3,3,5780.096,0.0,0.0,0.0,0.0,48167.466667
1657364,IT,DE,BIODI,EDUCA,0.01,5779.715,3,3,5779.715,0.0,0.0,0.0,0.0,577971.5
1813175,IT,WM,MOTO1,DIST1,0.03,5779.353,3,3,5779.353,0.0,0.0,0.0,0.0,192645.1
1740275,IT,GB,BUSIN,PUBLI,0.06,5779.269,3,3,5779.269,0.0,0.0,0.0,0.0,96321.15
1648081,IT,BE,COMPU,FOOD2,0.07,5779.152,3,3,5779.152,0.0,0.0,0.0,0.0,82559.314286
1717071,IT,NL,LANDT,AUXIL,0.04,5779.096,3,3,5779.096,0.0,0.0,0.0,0.0,144477.4
1796681,IT,WL,RAILW,BITUM,0.04,5779.042,3,3,5779.042,0.0,0.0,0.0,0.0,144476.05
1658955,IT,DE,FURNI,FOOD1,0.02,5778.975,3,3,5778.975,0.0,0.0,0.0,0.0,288948.75
1776089,IT,TR,WEARI,FURNI,0.04,5778.854,3,3,5778.854,0.0,0.0,0.0,0.0,144471.35
1766712,IT,RU,FABRI,WOOD2,0.02,5778.483,3,3,5778.483,0.0,0.0,0.0,0.0,288924.15
1748552,IT,CN,VEGE1,MEATP,0.02,5778.416,3,3,5778.416,0.0,0.0,0.0,0.0,288920.8
1760413,IT,IN,SUGA1,BEVER,0.01,5778.35,3,3,5778.35,0.0,0.0,0.0,0.0,577835.0
1680629,IT,GR,SALEM,SUPPO,0.05,5778.038,3,3,5778.038,0.0,0.0,0.0,0.0,115560.76
1669800,IT,ES,BUSIN,ELEC2,0.06,5777.333,3,3,5777.333,0.0,0.0,0.0,0.0,96288.883333
1804667,IT,WF,LIQUE,BITUM,0.01,5777.304,3,3,5777.304,0.0,0.0,0.0,0.0,577730.4
1666319,IT,ES,LIQUE,LEAD1,0.01,5777.161,3,3,5777.161,0.0,0.0,0.0,0.0,577716.1
1666662,IT,ES,ADDIT,LANDT,0.01,5776.867,3,3,5776.867,0.0,0.0,0.0,0.0,577686.7
1758690,IT,BR,SALEM,COLLE,0.05,5776.469,3,3,5776.469,0.0,0.0,0.0,0.0,115529.38
1791183,IT,WA,FURNI,VEGE1,0.02,5776.148,3,3,5776.148,0.0,0.0,0.0,0.0,288807.4
1678291,IT,FR,FOOD3,DAIRY,0.02,5775.958,3,3,5775.958,0.0,0.0,0.0,0.0,288797.9
1793913,IT,WL,WEARI,POSTT,0.04,5775.733,3,3,5775.733,0.0,0.0,0.0,0.0,144393.325
1718815,IT,PL,PAPER,LEAD1,0.02,5775.484,3,3,5775.484,0.0,0.0,0.0,0.0,288774.2
1678120,IT,FR,PAPE1,PLAS1,0.04,5775.388,3,3,5775.388,0.0,0.0,0.0,0.0,144384.7
1783309,IT,NO,PAPE1,WOODW,0.04,5775.176,3,3,5775.176,0.0,0.0,0.0,0.0,144379.4
1647591,IT,BE,POSTT,PLAST,0.1,5775.051,3,3,5775.051,0.0,0.0,0.0,0.0,57750.51
1662576,IT,DK,FABRI,LEAD1,0.02,5774.987,3,3,5774.987,0.0,0.0,0.0,0.0,288749.35
1666912,IT,ES,GLASS,FINAN,0.02,5774.855,3,3,5774.855,0.0,0.0,0.0,0.0,288742.75
1745871,IT,JP,LEATH,SECO9,0.04,5774.554,3,3,5774.554,0.0,0.0,0.0,0.0,144363.85
1768787,IT,AU,LEATH,OILSE,0.04,5774.419,3,3,5774.419,0.0,0.0,0.0,0.0,144360.475
1670695,IT,FI,WOODW,MACHI,0.02,5774.377,3,3,5774.377,0.0,0.0,0.0,0.0,288718.85
1803262,IT,WF,WOOLS,LEADZ,0.02,5773.885,3,3,5773.885,0.0,0.0,0.0,0.0,288694.25
1752689,IT,CA,WEARI,FOOD4,0.04,5773.042,3,3,5773.042,0.0,0.0,0.0,0.0,144326.05
1723208,IT,PT,RUBBE,DISTR,0.02,5772.911,3,3,5772.911,0.0,0.0,0.0,0.0,288645.55
1737087,IT,GB,CHEMI,LANDT,0.01,5772.347,3,3,5772.347,0.0,0.0,0.0,0.0,577234.7
1713745,IT,MT,OFFIC,PLAST,0.02,5772.334,3,3,5772.334,0.0,0.0,0.0,0.0,288616.7
1679370,IT,GR,PLAST,COPP1,0.01,5771.916,3,3,5771.916,0.0,0.0,0.0,0.0,577191.6
1676330,IT,FR,RETAI,COLLE,0.05,5771.862,3,3,5771.862,0.0,0.0,0.0,0.0,115437.24
1727928,IT,SE,VEGET,COMPU,0.02,5771.816,3,3,5771.816,0.0,0.0,0.0,0.0,288590.8
1798086,IT,WL,RECRE,93197,0.07,5771.769,3,3,5771.769,0.0,0.0,0.0,0.0,82453.842857
1732573,IT,SI,RUBBE,OILHA,0.02,5771.429,3,3,5771.429,0.0,0.0,0.0,0.0,288571.45
1793303,IT,WA,PRIVA,ELEC1,1.29,5771.312,3,3,5771.312,0.0,0.0,0.0,0.0,4473.885271
1793938,IT,WL,LEATH,BIODI,0.04,5771.243,3,3,5771.243,0.0,0.0,0.0,0.0,144281.075
1720135,IT,PL,LEAD1,INERT,0.01,5770.702,3,3,5770.702,0.0,0.0,0.0,0.0,577070.2
1795954,IT,WL,MOTO1,COKEO,0.03,5770.601,3,3,5770.601,0.0,0.0,0.0,0.0,192353.366667
1797518,IT,WL,BUSIN,RUBBE,0.06,5770.56,3,3,5770.56,0.0,0.0,0.0,0.0,96176.0
1671463,IT,FI,FABRI,WASTE,0.02,5770.525,3,3,5770.525,0.0,0.0,0.0,0.0,288526.25
1810428,IT,WM,PULP5,NAPHT,0.02,5770.477,3,3,5770.477,0.0,0.0,0.0,0.0,288523.85
1732433,IT,SI,CHEM1,RAWMI,0.01,5770.322,3,3,5770.322,0.0,0.0,0.0,0.0,577032.2
1771124,IT,CH,SANDC,REALE,0.01,5770.167,4,4,5769.167,0.0,0.0,1.0,0.0,577016.7
1735359,IT,SK,NONME,MOTOR,0.01,5769.976,3,3,5769.976,0.0,0.0,0.0,0.0,576997.6
1686002,IT,HU,BIODI,BRICK,0.01,5769.744,3,3,5769.744,0.0,0.0,0.0,0.0,576974.4
1726078,IT,RO,RUBBE,PULP5,0.02,5769.695,3,3,5769.695,0.0,0.0,0.0,0.0,288484.75
1746354,IT,JP,RUBBE,FISH5,0.02,5769.482,3,3,5769.482,0.0,0.0,0.0,0.0,288474.1
1791658,IT,WA,HOTEL,COPP1,0.04,5768.997,3,3,5768.997,0.0,0.0,0.0,0.0,144224.925
1755070,IT,KR,WEARI,AUXIL,0.04,5768.809,3,3,5768.809,0.0,0.0,0.0,0.0,144220.225
1687210,IT,HU,CONST,RETA1,0.03,5768.382,3,3,5768.382,0.0,0.0,0.0,0.0,192279.4
1669508,IT,ES,AUXIL,LANDT,0.11,5768.261,3,3,5768.261,0.0,0.0,0.0,0.0,52438.736364
1650169,IT,BG,MOTO1,ELEC4,0.03,5768.071,3,3,5768.071,0.0,0.0,0.0,0.0,192269.033333
1783313,IT,NO,PAPE1,GLASS,0.04,5767.283,3,3,5767.283,0.0,0.0,0.0,0.0,144182.075
1797268,IT,WL,INSUR,GASDI,0.12,5767.231,3,3,5767.231,0.0,0.0,0.0,0.0,48060.258333
1788467,IT,WA,PULP5,BRICK,0.02,5767.182,3,3,5767.182,0.0,0.0,0.0,0.0,288359.1
1774272,IT,CH,RETA1,FOOD3,0.06,5767.0,3,3,5767.0,0.0,0.0,0.0,0.0,96116.666667
1737659,IT,GB,PRINT,WEARI,0.06,5766.968,3,3,5766.968,0.0,0.0,0.0,0.0,96116.133333
1683193,IT,HR,GLASS,DIST1,0.02,5766.869,3,3,5766.869,0.0,0.0,0.0,0.0,288343.45
1662930,IT,DK,RETA1,ALUM1,0.06,5766.825,3,3,5766.825,0.0,0.0,0.0,0.0,96113.75
1795878,IT,WL,OFFIC,NONF1,0.02,5766.764,3,3,5766.764,0.0,0.0,0.0,0.0,288338.2
1648833,IT,BG,TEXTI,BKBPE,0.03,5766.682,3,3,5766.682,0.0,0.0,0.0,0.0,192222.733333
1747936,IT,JP,RESEA,TEXTI,0.03,5766.639,3,3,5766.639,0.0,0.0,0.0,0.0,192221.3
1799237,IT,WE,LEATH,WEARI,0.04,5766.614,3,3,5766.614,0.0,0.0,0.0,0.0,144165.35
1734483,IT,SK,CHEMI,WHOLE,0.01,5766.514,3,3,5766.514,0.0,0.0,0.0,0.0,576651.4
1739023,IT,GB,SALEM,INTER,0.05,5766.313,3,3,5766.313,0.0,0.0,0.0,0.0,115326.26
1735234,IT,SK,RUBBE,RECRE,0.02,5766.177,3,3,5766.177,0.0,0.0,0.0,0.0,288308.85
1788505,IT,WA,PAPER,VEGET,0.02,5766.096,3,3,5766.096,0.0,0.0,0.0,0.0,288304.8
1727992,IT,SE,SANDC,LEADZ,0.01,5766.089,4,4,5765.089,0.0,0.0,1.0,0.0,576608.9
1771156,IT,CH,MEAT1,RETA1,0.03,5766.038,3,3,5766.038,0.0,0.0,0.0,0.0,192201.266667
1650101,IT,BG,OFFIC,BIODI,0.02,5765.774,3,3,5765.774,0.0,0.0,0.0,0.0,288288.7
1726172,IT,RO,GLASS,FURNI,0.02,5765.72,3,3,5765.72,0.0,0.0,0.0,0.0,288286.0
1749941,IT,CN,GLASS,WHOLE,0.02,5765.523,3,3,5765.523,0.0,0.0,0.0,0.0,288276.15
1756154,IT,KR,MACHI,MEAT4,0.03,5765.39,3,3,5765.39,0.0,0.0,0.0,0.0,192179.666667
1678651,IT,GR,MEATC,RECRE,0.02,5765.088,3,3,5765.088,0.0,0.0,0.0,0.0,288254.4
1735637,IT,SK,COPP1,RAILW,0.01,5764.942,3,3,5764.942,0.0,0.0,0.0,0.0,576494.2
1787317,IT,WA,CROPS,TOBAC,0.05,5764.929,3,3,5764.929,0.0,0.0,0.0,0.0,115298.58
1653681,IT,CZ,ALUM1,PAPE1,0.01,5764.82,3,3,5764.82,0.0,0.0,0.0,0.0,576482.0
1755200,IT,KR,WOODW,GASDI,0.02,5764.718,3,3,5764.718,0.0,0.0,0.0,0.0,288235.9
1731066,IT,SI,VEGET,RUBBE,0.02,5764.602,3,3,5764.602,0.0,0.0,0.0,0.0,288230.1
1797878,IT,WL,FOOD3,POSTT,0.02,5764.49,3,3,5764.49,0.0,0.0,0.0,0.0,288224.5
1730752,IT,SE,BUSIN,VEGE1,0.06,5764.332,3,3,5764.332,0.0,0.0,0.0,0.0,96072.2
1650643,IT,BG,WHOLE,FISHF,0.05,5764.148,3,3,5764.148,0.0,0.0,0.0,0.0,115282.96
1655143,IT,CZ,BUSIN,PLAST,0.06,5764.0,3,3,5764.0,0.0,0.0,0.0,0.0,96066.666667
1671470,IT,FI,MACHI,WHEAT,0.03,5763.97,3,3,5763.97,0.0,0.0,0.0,0.0,192132.333333
1728277,IT,SE,BEVER,PULP5,0.02,5763.923,3,3,5763.923,0.0,0.0,0.0,0.0,288196.15
1681796,IT,HR,MEATC,RETA1,0.02,5763.589,3,3,5763.589,0.0,0.0,0.0,0.0,288179.45
1762073,IT,IN,RETA1,NONME,0.06,5763.139,3,3,5763.139,0.0,0.0,0.0,0.0,96052.316667
1657350,IT,DE,BIODI,CEMEN,0.01,5762.99,3,3,5762.99,0.0,0.0,0.0,0.0,576299.0
1689175,IT,IE,SALEM,WOOD2,0.05,5762.973,3,3,5762.973,0.0,0.0,0.0,0.0,115259.46
1733007,IT,SI,LEAD1,TRANS,0.01,5762.523,3,3,5762.523,0.0,0.0,0.0,0.0,576252.3
1781275,IT,NO,CHEMI,WHOLE,0.01,5762.46,3,3,5762.46,0.0,0.0,0.0,0.0,576246.0
1736200,IT,SK,WHOLE,RETA1,0.05,5761.592,3,3,5761.592,0.0,0.0,0.0,0.0,115231.84
1793763,IT,WL,FISH5,POULT,0.02,5761.539,4,4,5761.536,0.0,0.0,0.0,0.003,288076.95
1686009,IT,HU,BIODI,ELECT,0.01,5761.454,3,3,5761.454,0.0,0.0,0.0,0.0,576145.4
1744515,IT,US,REALE,PLAST,0.24,5761.44,3,3,5761.44,0.0,0.0,0.0,0.0,24006.0
1778449,IT,TR,WHOLE,FURNI,0.05,5761.122,3,3,5761.122,0.0,0.0,0.0,0.0,115222.44
1682863,IT,HR,LIQUE,REALE,0.01,5760.809,3,3,5760.809,0.0,0.0,0.0,0.0,576080.9
1717254,IT,NL,POSTT,CHEM1,0.09,5760.721,3,3,5760.721,0.0,0.0,0.0,0.0,64008.011111
1765527,IT,RU,LEATH,FORES,0.04,5760.479,3,3,5760.479,0.0,0.0,0.0,0.0,144011.975
1671861,IT,FI,RETA1,PRIVA,0.06,5760.105,3,3,5760.105,0.0,0.0,0.0,0.0,96001.75
1648115,IT,BE,RESEA,BRICK,0.03,5759.858,3,3,5759.858,0.0,0.0,0.0,0.0,191995.266667
1738539,IT,GB,FABRI,MEATA,0.02,5759.628,3,3,5759.628,0.0,0.0,0.0,0.0,287981.4
1783989,IT,ID,FOOD5,WOOLS,0.03,5759.568,3,3,5759.568,0.0,0.0,0.0,0.0,191985.6
1737606,IT,GB,PAPER,PFERT,0.02,5759.492,3,3,5759.492,0.0,0.0,0.0,0.0,287974.6
1770533,IT,AU,SUPPO,NATUR,0.04,5759.466,3,3,5759.466,0.0,0.0,0.0,0.0,143986.65
1781254,IT,NO,SANDC,CEMEN,0.01,5758.86,4,4,5757.86,0.0,0.0,1.0,0.0,575886.0
1805667,IT,WF,NONME,93197,0.01,5758.825,3,3,5758.825,0.0,0.0,0.0,0.0,575882.5
1669673,IT,ES,COMPU,BIODI,0.07,5758.77,3,3,5758.77,0.0,0.0,0.0,0.0,82268.142857
1668194,IT,ES,SALEM,FOOD2,0.05,5758.751,3,3,5758.751,0.0,0.0,0.0,0.0,115175.02
1811504,IT,WM,PLAST,FOOD4,0.01,5758.369,3,3,5758.369,0.0,0.0,0.0,0.0,575836.9
1733561,IT,SI,RETA1,TRANS,0.06,5758.023,3,3,5758.023,0.0,0.0,0.0,0.0,95967.05
1718576,IT,PL,WEARI,MEMBE,0.04,5757.998,3,3,5757.998,0.0,0.0,0.0,0.0,143949.95
1675218,IT,FR,FABRI,MEAT4,0.02,5757.866,3,3,5757.866,0.0,0.0,0.0,0.0,287893.3
1654222,IT,CZ,MOTO1,WOOD2,0.03,5757.376,3,3,5757.376,0.0,0.0,0.0,0.0,191912.533333
1666740,IT,ES,RUBBE,NAPHT,0.02,5757.24,3,3,5757.24,0.0,0.0,0.0,0.0,287862.0
1754616,IT,KR,FORES,COPP1,0.05,5757.133,4,4,5755.133,0.0,2.0,0.0,0.0,115142.66
1773068,IT,CH,ALUM1,INLAN,0.01,5756.758,3,3,5756.758,0.0,0.0,0.0,0.0,575675.8
1714261,IT,MT,COMPU,BUSIN,0.07,5756.635,3,3,5756.635,0.0,0.0,0.0,0.0,82237.642857
1744769,IT,US,RESEA,NONSP,0.03,5756.486,3,3,5756.486,0.0,0.0,0.0,0.0,191882.866667
1714989,IT,NL,TOBAC,KEROS,0.02,5756.371,3,3,5756.371,0.0,0.0,0.0,0.0,287818.55
1737676,IT,GB,PRINT,RADIO,0.06,5756.359,3,3,5756.359,0.0,0.0,0.0,0.0,95939.316667
1690255,IT,IE,INTER,STONE,0.03,5756.011,3,3,5756.011,0.0,0.0,0.0,0.0,191867.033333
1671041,IT,FI,RUBBE,GASDI,0.02,5755.697,3,3,5755.697,0.0,0.0,0.0,0.0,287784.85
1714404,IT,NL,VEGET,PROCE,0.02,5755.447,3,3,5755.447,0.0,0.0,0.0,0.0,287772.35
1771114,IT,CH,SANDC,FURNI,0.01,5755.188,4,4,5754.188,0.0,0.0,1.0,0.0,575518.8
1754248,IT,CA,POSTT,ELEC4,0.09,5754.595,3,3,5754.595,0.0,0.0,0.0,0.0,63939.944444
1803674,IT,WF,BEVER,NATUR,0.02,5754.494,3,3,5754.494,0.0,0.0,0.0,0.0,287724.7
1793429,IT,WL,ANIMA,CHEM1,0.02,5754.38,3,3,5754.38,0.0,0.0,0.0,0.0,287719.0
1724901,IT,PT,BUSIN,ELEC8,0.06,5754.361,3,3,5754.361,0.0,0.0,0.0,0.0,95906.016667
1765356,IT,RU,FOOD5,MEMBE,0.03,5754.231,3,3,5754.231,0.0,0.0,0.0,0.0,191807.7
1644838,IT,BE,TEXTI,COMPU,0.03,5754.189,3,3,5754.189,0.0,0.0,0.0,0.0,191806.3
1786709,IT,ZA,RETA1,LEATH,0.06,5754.039,3,3,5754.039,0.0,0.0,0.0,0.0,95900.65
1685063,IT,HU,PROCE,BEVER,0.04,5753.922,3,3,5753.922,0.0,0.0,0.0,0.0,143848.05
1677560,IT,FR,REALE,FORES,0.24,5753.838,3,3,5753.838,0.0,0.0,0.0,0.0,23974.325
1792704,IT,WA,BUSIN,PRECI,0.06,5753.834,3,3,5753.834,0.0,0.0,0.0,0.0,95897.233333
1690428,IT,IE,FOOD4,SUPPO,0.04,5753.478,3,3,5753.478,0.0,0.0,0.0,0.0,143836.95
1758479,IT,BR,MACHI,WEARI,0.03,5753.416,3,3,5753.416,0.0,0.0,0.0,0.0,191780.533333
1812004,IT,WM,GLASS,TRAN1,0.02,5753.054,3,3,5753.054,0.0,0.0,0.0,0.0,287652.7
1655511,IT,DE,CRUDE,ELEC7,0.01,5752.989,3,3,5752.989,0.0,0.0,0.0,0.0,575298.9
1671673,IT,FI,CONST,POSTT,0.03,5752.092,3,3,5752.092,0.0,0.0,0.0,0.0,191736.4
1740845,IT,US,VEGE1,RAILW,0.02,5751.673,3,3,5751.673,0.0,0.0,0.0,0.0,287583.65
1659365,IT,DE,RETAI,FOOD3,0.05,5751.628,3,3,5751.628,0.0,0.0,0.0,0.0,115032.56
1751041,IT,CN,WHOLE,FURNI,0.05,5751.605,3,3,5751.605,0.0,0.0,0.0,0.0,115032.1
1803658,IT,WF,FOOD5,RESEA,0.03,5751.58,3,3,5751.58,0.0,0.0,0.0,0.0,191719.333333
1788371,IT,WA,WOODW,MEATP,0.02,5750.901,3,3,5750.901,0.0,0.0,0.0,0.0,287545.05
1646519,IT,BE,MACHI,TEXT1,0.03,5750.255,3,3,5750.255,0.0,0.0,0.0,0.0,191675.166667
1813520,IT,WM,WHOLE,WHEAT,0.05,5749.971,3,3,5749.971,0.0,0.0,0.0,0.0,114999.42
1655848,IT,DE,VEGE1,SUPPO,0.02,5749.97,3,3,5749.97,0.0,0.0,0.0,0.0,287498.5
1646645,IT,BE,TRANS,RECRE,0.03,5749.767,3,3,5749.767,0.0,0.0,0.0,0.0,191658.9
1651712,IT,CY,FABRI,SUPPO,0.02,5749.612,3,3,5749.612,0.0,0.0,0.0,0.0,287480.6
1710249,IT,LT,MOTO1,MEATC,0.03,5749.59,3,3,5749.59,0.0,0.0,0.0,0.0,191653.0
1649591,IT,BG,GLASS,VEGET,0.02,5749.058,3,3,5749.058,0.0,0.0,0.0,0.0,287452.9
1661834,IT,DK,PAPER,VEGE1,0.02,5749.036,3,3,5749.036,0.0,0.0,0.0,0.0,287451.8
1671188,IT,FI,NONME,RAWMI,0.01,5748.969,3,3,5748.969,0.0,0.0,0.0,0.0,574896.9
1792353,IT,WA,FINAN,DISTR,0.07,5748.951,3,3,5748.951,0.0,0.0,0.0,0.0,82127.871429
1801799,IT,WE,ELEC4,RECRE,0.09,5748.784,3,3,5748.784,0.0,0.0,0.0,0.0,63875.377778
1802138,IT,WE,RETA1,RECRE,0.06,5748.61,3,3,5748.61,0.0,0.0,0.0,0.0,95810.166667
1671843,IT,FI,RETA1,RENTI,0.06,5748.526,3,3,5748.526,0.0,0.0,0.0,0.0,95808.766667
1678399,IT,FR,PAPE4,FOOD4,0.04,5748.256,3,3,5748.256,0.0,0.0,0.0,0.0,143706.4
1785010,IT,ID,BUSIN,CRUDE,0.06,5747.819,3,3,5747.819,0.0,0.0,0.0,0.0,95796.983333
1719516,IT,PL,GLASS,LIQUE,0.02,5747.764,3,3,5747.764,0.0,0.0,0.0,0.0,287388.2
1757919,IT,BR,CHEM1,SEACO,0.01,5747.685,3,3,5747.685,0.0,0.0,0.0,0.0,574768.5
1749171,IT,CN,PULP5,PFERT,0.02,5747.639,3,3,5747.639,0.0,0.0,0.0,0.0,287381.95
1769761,IT,AU,MACHI,NFERT,0.03,5747.556,3,3,5747.556,0.0,0.0,0.0,0.0,191585.2
1790450,IT,WA,COPP1,CATTL,0.01,5747.198,3,3,5747.198,0.0,0.0,0.0,0.0,574719.8
1684754,IT,HU,VEGET,RECRE,0.02,5747.122,3,3,5747.122,0.0,0.0,0.0,0.0,287356.1
1678460,IT,FR,RECRE,CHEM1,0.07,5746.323,3,3,5746.323,0.0,0.0,0.0,0.0,82090.328571
1685368,IT,HU,LEATH,PRINT,0.04,5746.004,3,3,5746.004,0.0,0.0,0.0,0.0,143650.1
1711207,IT,LU,MACHI,CEMEN,0.03,5745.994,3,3,5745.994,0.0,0.0,0.0,0.0,191533.133333
1768902,IT,AU,WOODW,DIST1,0.02,5745.642,3,3,5745.642,0.0,0.0,0.0,0.0,287282.1
1767955,IT,RU,COMPU,CHEM1,0.07,5745.576,3,3,5745.576,0.0,0.0,0.0,0.0,82079.657143
1660355,IT,DE,FINAN,NAPHT,0.07,5745.381,3,3,5745.381,0.0,0.0,0.0,0.0,82076.871429
1770381,IT,AU,LANDT,CEMEN,0.04,5744.874,3,3,5744.874,0.0,0.0,0.0,0.0,143621.85
1673589,IT,FR,WOODW,LEATH,0.02,5744.825,3,3,5744.825,0.0,0.0,0.0,0.0,287241.25
1685788,IT,HU,PLAST,RADIO,0.01,5744.247,3,3,5744.247,0.0,0.0,0.0,0.0,574424.7
1684589,IT,HR,BUSIN,FOOD4,0.06,5744.157,3,3,5744.157,0.0,0.0,0.0,0.0,95735.95
1676676,IT,FR,RAILW,TEXTI,0.04,5744.042,3,3,5744.042,0.0,0.0,0.0,0.0,143601.05
1746031,IT,JP,PAPER,SALEM,0.02,5743.912,3,3,5743.912,0.0,0.0,0.0,0.0,287195.6
1808724,IT,WF,TEXT2,BASIC,0.04,5743.906,3,3,5743.906,0.0,0.0,0.0,0.0,143597.65
1731652,IT,SI,WOODW,SANDC,0.02,5743.864,3,3,5743.864,0.0,0.0,0.0,0.0,287193.2
1754871,IT,KR,FISH5,MACHI,0.02,5743.738,4,4,5743.735,0.0,0.0,0.0,0.003,287186.9
1680066,IT,GR,MACHI,DIST1,0.03,5743.593,3,3,5743.593,0.0,0.0,0.0,0.0,191453.1
1684395,IT,HR,POSTT,INSUR,0.09,5742.905,3,3,5742.905,0.0,0.0,0.0,0.0,63810.055556
1761230,IT,IN,RUBBE,FORES,0.02,5742.756,3,3,5742.756,0.0,0.0,0.0,0.0,287137.8
1806928,IT,WF,RAILW,RETA1,0.04,5742.33,3,3,5742.33,0.0,0.0,0.0,0.0,143558.25
1669928,IT,ES,EDUCA,KEROS,0.14,5742.277,3,3,5742.277,0.0,0.0,0.0,0.0,41016.264286
1648374,IT,BE,RECRE,BEVER,0.07,5742.273,3,3,5742.273,0.0,0.0,0.0,0.0,82032.471429
1731217,IT,SI,CHEMI,RENTI,0.01,5742.256,3,3,5742.256,0.0,0.0,0.0,0.0,574225.6
1681761,IT,HR,SANDC,FURNI,0.01,5741.86,4,4,5740.86,0.0,0.0,1.0,0.0,574186.0
1742944,IT,US,MACHI,STEAM,0.03,5741.659,3,3,5741.659,0.0,0.0,0.0,0.0,191388.633333
1723151,IT,PT,BIODI,LANDT,0.01,5741.516,3,3,5741.516,0.0,0.0,0.0,0.0,574151.6
1722003,IT,PL,COMPU,TRAN2,0.07,5741.249,3,3,5741.249,0.0,0.0,0.0,0.0,82017.842857
1743155,IT,US,MOTO1,AIRTR,0.03,5741.092,3,3,5741.092,0.0,0.0,0.0,0.0,191369.733333
1793799,IT,WL,TEXTI,MEATA,0.03,5740.877,3,3,5740.877,0.0,0.0,0.0,0.0,191362.566667
1762716,IT,IN,BUSIN,KERO1,0.06,5740.791,3,3,5740.791,0.0,0.0,0.0,0.0,95679.85
1678126,IT,FR,PAPE1,WASTE,0.04,5740.528,3,3,5740.528,0.0,0.0,0.0,0.0,143513.2
1664232,IT,EE,NONME,CERAM,0.01,5740.52,3,3,5740.52,0.0,0.0,0.0,0.0,574052.0
1645551,IT,BE,PLAST,PLAS2,0.01,5740.404,3,3,5740.404,0.0,0.0,0.0,0.0,574040.4
1681792,IT,HR,MEATC,PRINT,0.02,5740.403,3,3,5740.403,0.0,0.0,0.0,0.0,287020.15
1661118,IT,DE,PLAS1,WOOD1,0.02,5740.307,3,3,5740.307,0.0,0.0,0.0,0.0,287015.35
1681172,IT,GR,POSTT,ELECT,0.09,5740.292,3,3,5740.292,0.0,0.0,0.0,0.0,63781.022222
1648981,IT,BG,LEATH,ELEC7,0.04,5740.092,3,3,5740.092,0.0,0.0,0.0,0.0,143502.3
1724485,IT,PT,SUPPO,SEACO,0.04,5739.742,3,3,5739.742,0.0,0.0,0.0,0.0,143493.55
1795312,IT,WL,NONME,MEATP,0.01,5739.631,3,3,5739.631,0.0,0.0,0.0,0.0,573963.1
1778444,IT,TR,WHOLE,FABRI,0.05,5739.539,3,3,5739.539,0.0,0.0,0.0,0.0,114790.78
1797979,IT,WL,PAPE4,SALEM,0.04,5739.299,3,3,5739.299,0.0,0.0,0.0,0.0,143482.475
1668277,IT,ES,WHOLE,MOTOR,0.05,5739.19,3,3,5739.19,0.0,0.0,0.0,0.0,114783.8
1810021,IT,WM,TEXTI,MEATP,0.03,5738.749,3,3,5738.749,0.0,0.0,0.0,0.0,191291.633333
1649356,IT,BG,PLAST,HOTEL,0.01,5738.688,3,3,5738.688,0.0,0.0,0.0,0.0,573868.8
1771884,IT,CH,PULP5,TEXTI,0.02,5738.135,3,3,5738.135,0.0,0.0,0.0,0.0,286906.75
1793991,IT,WL,WOODW,BASIC,0.02,5738.119,3,3,5738.119,0.0,0.0,0.0,0.0,286905.95
1767082,IT,RU,FURNI,COPP1,0.02,5737.98,3,3,5737.98,0.0,0.0,0.0,0.0,286899.0
1677483,IT,FR,AUXIL,LEATH,0.1,5737.709,3,3,5737.709,0.0,0.0,0.0,0.0,57377.09
1754245,IT,CA,POSTT,TRANS,0.09,5737.543,3,3,5737.543,0.0,0.0,0.0,0.0,63750.477778
1718502,IT,PL,TEXTI,STEAM,0.03,5737.533,3,3,5737.533,0.0,0.0,0.0,0.0,191251.1
1680552,IT,GR,ELEC8,BASIC,0.08,5737.526,3,3,5737.526,0.0,0.0,0.0,0.0,71719.075
1761220,IT,IN,BIOGA,COLLE,0.01,5736.619,3,3,5736.619,0.0,0.0,0.0,0.0,573661.9
1746884,IT,JP,MOTO1,PADDY,0.03,5736.421,3,3,5736.421,0.0,0.0,0.0,0.0,191214.033333
1777422,IT,TR,NONME,PAPER,0.01,5736.273,3,3,5736.273,0.0,0.0,0.0,0.0,573627.3
1728442,IT,SE,WEARI,PUBLI,0.04,5735.977,3,3,5735.977,0.0,0.0,0.0,0.0,143399.425
1649001,IT,BG,WOODW,VEGET,0.02,5735.906,3,3,5735.906,0.0,0.0,0.0,0.0,286795.3
1780550,IT,TW,FINAN,HEAVY,0.07,5735.778,3,3,5735.778,0.0,0.0,0.0,0.0,81939.685714
1814705,IT,WM,INTER,CONST,0.03,5735.4,3,3,5735.4,0.0,0.0,0.0,0.0,191180.0
1684671,IT,HR,INERT,RECRE,0.04,5735.035,3,3,5735.035,0.0,0.0,0.0,0.0,143375.875
1666342,IT,ES,LIQUE,RAILW,0.01,5734.67,3,3,5734.67,0.0,0.0,0.0,0.0,573467.0
1683014,IT,HR,CHEM1,NONF1,0.01,5734.594,3,3,5734.594,0.0,0.0,0.0,0.0,573459.4
1741032,IT,US,TEXTI,CATTL,0.03,5734.322,3,3,5734.322,0.0,0.0,0.0,0.0,191144.066667
1802861,IT,WE,FOOD3,PUBLI,0.02,5734.242,3,3,5734.242,0.0,0.0,0.0,0.0,286712.1
1800357,IT,WE,CHEM1,MOTOR,0.01,5733.715,3,3,5733.715,0.0,0.0,0.0,0.0,573371.5
1762677,IT,IN,RESEA,AUXIL,0.03,5733.449,3,3,5733.449,0.0,0.0,0.0,0.0,191114.966667
1669978,IT,ES,EDUCA,RENTI,0.14,5733.204,3,3,5733.204,0.0,0.0,0.0,0.0,40951.457143
1814770,IT,WM,FOOD2,EDUCA,0.03,5732.962,3,3,5732.962,0.0,0.0,0.0,0.0,191098.733333
1648225,IT,BE,BUSIN,BIOG1,0.06,5732.954,3,3,5732.954,0.0,0.0,0.0,0.0,95549.233333
1786435,IT,ZA,OFFIC,RENTI,0.02,5732.903,3,3,5732.903,0.0,0.0,0.0,0.0,286645.15
1774719,IT,CH,SUPPO,PREC1,0.04,5732.819,3,3,5732.819,0.0,0.0,0.0,0.0,143320.475
1801283,IT,WE,MACHI,HYDRO,0.03,5732.405,3,3,5732.405,0.0,0.0,0.0,0.0,191080.166667
1644411,IT,BE,MEAT1,FISH5,0.03,5732.36,3,3,5732.36,0.0,0.0,0.0,0.0,191078.666667
1713133,IT,MT,BEVER,RETA1,0.02,5731.739,3,3,5731.739,0.0,0.0,0.0,0.0,286586.95
1797626,IT,WL,FOODW,FINAN,0.04,5731.543,3,3,5731.543,0.0,0.0,0.0,0.0,143288.575
1750008,IT,CN,NONME,GASDI,0.01,5730.922,3,3,5730.922,0.0,0.0,0.0,0.0,573092.2
1711389,IT,LU,RETA1,HOTEL,0.06,5730.746,3,3,5730.746,0.0,0.0,0.0,0.0,95512.433333
1720739,IT,PL,TRANS,CHEM1,0.03,5730.63,3,3,5730.63,0.0,0.0,0.0,0.0,191021.0
1787496,IT,WA,CHEMI,ANIMA,0.01,5730.599,3,3,5730.599,0.0,0.0,0.0,0.0,573059.9
1649466,IT,BG,CHEM1,AUXIL,0.01,5730.492,3,3,5730.492,0.0,0.0,0.0,0.0,573049.2
1797492,IT,WL,BUSIN,MEATC,0.06,5730.434,3,3,5730.434,0.0,0.0,0.0,0.0,95507.233333
1671745,IT,FI,SALEM,SEWAG,0.05,5730.247,3,3,5730.247,0.0,0.0,0.0,0.0,114604.94
1710725,IT,LU,BEVER,MEATC,0.02,5730.195,3,3,5730.195,0.0,0.0,0.0,0.0,286509.75
1802830,IT,WE,HEALT,TOBAC,0.03,5730.167,3,3,5730.167,0.0,0.0,0.0,0.0,191005.566667
1767386,IT,RU,LANDT,SUGA1,0.04,5730.103,3,3,5730.103,0.0,0.0,0.0,0.0,143252.575
1710958,IT,LU,RUBBE,REALE,0.02,5729.967,3,3,5729.967,0.0,0.0,0.0,0.0,286498.35
1714663,IT,NL,MEAT4,SALEM,0.03,5729.665,3,3,5729.665,0.0,0.0,0.0,0.0,190988.833333
1652730,IT,CZ,PAPER,ALUM1,0.02,5729.378,3,3,5729.378,0.0,0.0,0.0,0.0,286468.9
1743693,IT,US,RAILW,ELEC1,0.04,5729.313,3,3,5729.313,0.0,0.0,0.0,0.0,143232.825
1788497,IT,WA,PULP5,FOODW,0.02,5728.888,3,3,5728.888,0.0,0.0,0.0,0.0,286444.4
1806667,IT,WF,WHOLE,OILSE,0.05,5728.842,3,3,5728.842,0.0,0.0,0.0,0.0,114576.84
1798859,IT,WE,BEVER,FORES,0.02,5728.565,3,3,5728.565,0.0,0.0,0.0,0.0,286428.25
1731064,IT,SI,VEGET,PRINT,0.02,5728.504,3,3,5728.504,0.0,0.0,0.0,0.0,286425.2
1650584,IT,BG,ELEC8,GASDI,0.08,5728.26,3,3,5728.26,0.0,0.0,0.0,0.0,71603.25
1753398,IT,CA,COPP1,RADIO,0.01,5728.09,3,3,5728.09,0.0,0.0,0.0,0.0,572809.0
1773487,IT,CH,OFFIC,FOOD2,0.02,5727.981,3,3,5727.981,0.0,0.0,0.0,0.0,286399.05
1683653,IT,HR,FABRI,MEDIC,0.02,5727.904,3,3,5727.904,0.0,0.0,0.0,0.0,286395.2
1732378,IT,SI,PLAST,FOOD5,0.01,5727.85,3,3,5727.85,0.0,0.0,0.0,0.0,572785.0
1760046,IT,BR,WOOD1,PLAS2,0.04,5727.637,3,3,5727.637,0.0,0.0,0.0,0.0,143190.925
1761776,IT,IN,MACHI,SECO9,0.03,5726.953,3,3,5726.953,0.0,0.0,0.0,0.0,190898.433333
1653375,IT,CZ,GLASS,WASTE,0.02,5726.679,3,3,5726.679,0.0,0.0,0.0,0.0,286333.95
1648554,IT,BG,CRUDE,WHITE,0.01,5726.162,3,3,5726.162,0.0,0.0,0.0,0.0,572616.2
1668197,IT,ES,SALEM,FOOD4,0.05,5725.827,3,3,5725.827,0.0,0.0,0.0,0.0,114516.54
1737114,IT,GB,MEAT1,FOOD5,0.03,5725.502,3,3,5725.502,0.0,0.0,0.0,0.0,190850.066667
1668106,IT,ES,CONST,ELEC3,0.03,5725.428,3,3,5725.428,0.0,0.0,0.0,0.0,190847.6
1653215,IT,CZ,RUBBE,MEAT4,0.02,5725.418,3,3,5725.418,0.0,0.0,0.0,0.0,286270.9
1754431,IT,CA,RENTI,EDUCA,0.03,5725.358,3,3,5725.358,0.0,0.0,0.0,0.0,190845.266667
1644521,IT,BE,DAIRY,FINAN,0.02,5725.245,3,3,5725.245,0.0,0.0,0.0,0.0,286262.25
1777677,IT,TR,COPP1,WEARI,0.01,5725.16,3,3,5725.16,0.0,0.0,0.0,0.0,572516.0
1718490,IT,PL,TEXTI,COPP1,0.03,5725.085,3,3,5725.085,0.0,0.0,0.0,0.0,190836.166667
1723895,IT,PT,FURNI,NONME,0.02,5724.489,3,3,5724.489,0.0,0.0,0.0,0.0,286224.45
1766571,IT,RU,COPP1,INLAN,0.01,5724.288,3,3,5724.288,0.0,0.0,0.0,0.0,572428.8
1739834,IT,GB,FINAN,LEATH,0.07,5724.267,3,3,5724.267,0.0,0.0,0.0,0.0,81775.242857
1665078,IT,ES,VEGE1,MEATA,0.02,5724.218,3,3,5724.218,0.0,0.0,0.0,0.0,286210.9
1670421,IT,FI,FOOD5,PRINT,0.03,5724.196,3,3,5724.196,0.0,0.0,0.0,0.0,190806.533333
1657775,IT,DE,NONME,SUGA1,0.01,5724.092,3,3,5724.092,0.0,0.0,0.0,0.0,572409.2
1756299,IT,KR,MOTO1,NONF1,0.03,5724.042,3,3,5724.042,0.0,0.0,0.0,0.0,190801.4
1787771,IT,WA,DAIRY,MEAT1,0.02,5723.896,3,3,5723.896,0.0,0.0,0.0,0.0,286194.8
1677540,IT,FR,AUXIL,WASTE,0.1,5723.621,3,3,5723.621,0.0,0.0,0.0,0.0,57236.21
1657181,IT,DE,CHEM1,FISHF,0.01,5723.614,3,3,5723.614,0.0,0.0,0.0,0.0,572361.4
1741298,IT,US,PAPER,COPP1,0.02,5723.609,3,3,5723.609,0.0,0.0,0.0,0.0,286180.45
1740121,IT,GB,COMPU,NONME,0.07,5723.326,3,3,5723.326,0.0,0.0,0.0,0.0,81761.8
1684897,IT,HU,SANDC,RENTI,0.01,5723.069,4,4,5722.069,0.0,0.0,1.0,0.0,572306.9
1803608,IT,WF,FOOD5,LEADZ,0.03,5722.34,3,3,5722.34,0.0,0.0,0.0,0.0,190744.666667
1648928,IT,BG,WEARI,CHEM1,0.04,5722.279,3,3,5722.279,0.0,0.0,0.0,0.0,143056.975
1779973,IT,TW,SALEM,LEADZ,0.05,5721.832,3,3,5721.832,0.0,0.0,0.0,0.0,114436.64
1724889,IT,PT,BUSIN,ELECT,0.06,5721.832,3,3,5721.832,0.0,0.0,0.0,0.0,95363.866667
1730387,IT,SE,POSTT,RAWMI,0.09,5721.787,3,3,5721.787,0.0,0.0,0.0,0.0,63575.411111
1716715,IT,NL,WHOLE,INTER,0.05,5721.691,3,3,5721.691,0.0,0.0,0.0,0.0,114433.82
1808128,IT,WF,WOOD1,SUPPO,0.04,5721.598,3,3,5721.598,0.0,0.0,0.0,0.0,143039.95
1715007,IT,NL,TOBAC,INTER,0.02,5721.318,3,3,5721.318,0.0,0.0,0.0,0.0,286065.9
1795926,IT,WL,MOTO1,WOOLS,0.03,5721.234,3,3,5721.234,0.0,0.0,0.0,0.0,190707.8
1757301,IT,BR,FOOD5,LIQUI,0.03,5720.975,3,3,5720.975,0.0,0.0,0.0,0.0,190699.166667
1679668,IT,GR,GLASS,AIRTR,0.02,5720.627,3,3,5720.627,0.0,0.0,0.0,0.0,286031.35
1728489,IT,SE,WOODW,FOOD5,0.02,5720.518,3,3,5720.518,0.0,0.0,0.0,0.0,286025.9
1725150,IT,RO,MEATP,HOTEL,0.02,5720.209,3,3,5720.209,0.0,0.0,0.0,0.0,286010.45
1764316,IT,MX,OFFIC,GLASS,0.02,5719.255,3,3,5719.255,0.0,0.0,0.0,0.0,285962.75
1716298,IT,NL,FABRI,NAPHT,0.02,5719.177,3,3,5719.177,0.0,0.0,0.0,0.0,285958.85
1734765,IT,SK,WOODW,WEARI,0.02,5719.116,3,3,5719.116,0.0,0.0,0.0,0.0,285955.8
1712285,IT,LV,CHEM1,PRINT,0.01,5719.101,3,3,5719.101,0.0,0.0,0.0,0.0,571910.1
1649315,IT,BG,PLAST,MEATP,0.01,5719.084,3,3,5719.084,0.0,0.0,0.0,0.0,571908.4
1663383,IT,DK,POSTT,TRANS,0.09,5719.02,3,3,5719.02,0.0,0.0,0.0,0.0,63544.666667
1665866,IT,ES,PRINT,RETAI,0.05,5718.994,3,3,5718.994,0.0,0.0,0.0,0.0,114379.88
1670966,IT,FI,CHEM1,BIOG1,0.01,5718.937,3,3,5718.937,0.0,0.0,0.0,0.0,571893.7
1770710,IT,AU,INSUR,PUBLI,0.12,5718.747,3,3,5718.747,0.0,0.0,0.0,0.0,47656.225
1664963,IT,ES,SANDC,ALUM1,0.01,5718.742,4,4,5717.742,0.0,0.0,1.0,0.0,571874.2
1768131,IT,RU,PUBLI,NATUR,0.09,5718.296,3,3,5718.296,0.0,0.0,0.0,0.0,63536.622222
1764961,IT,MX,POSTT,CONST,0.09,5717.965,3,3,5717.965,0.0,0.0,0.0,0.0,63532.944444
1644983,IT,BE,WOODW,SALEM,0.02,5717.907,3,3,5717.907,0.0,0.0,0.0,0.0,285895.35
1684083,IT,HR,HOTEL,RAILW,0.04,5717.389,3,3,5717.389,0.0,0.0,0.0,0.0,142934.725
1680802,IT,GR,RAILW,WEARI,0.04,5717.37,3,3,5717.37,0.0,0.0,0.0,0.0,142934.25
1783458,IT,NO,TEXT1,PAPE1,0.04,5717.087,3,3,5717.087,0.0,0.0,0.0,0.0,142927.175
1766705,IT,RU,FABRI,FOOD3,0.02,5717.078,3,3,5717.078,0.0,0.0,0.0,0.0,285853.9
1762690,IT,IN,BUSIN,FISHF,0.06,5716.979,3,3,5716.979,0.0,0.0,0.0,0.0,95282.983333
1727059,IT,RO,RAILW,HOTEL,0.04,5716.963,3,3,5716.963,0.0,0.0,0.0,0.0,142924.075
1669768,IT,ES,BUSIN,BITU1,0.06,5716.896,3,3,5716.896,0.0,0.0,0.0,0.0,95281.6
1756433,IT,KR,CONST,PLAST,0.03,5716.636,3,3,5716.636,0.0,0.0,0.0,0.0,190554.533333
1712767,IT,LV,LANDT,BIOG1,0.04,5716.499,3,3,5716.499,0.0,0.0,0.0,0.0,142912.475
1649314,IT,BG,PLAST,SANDC,0.01,5716.436,3,3,5716.436,0.0,0.0,0.0,0.0,571643.6
1661571,IT,DK,BEVER,BASIC,0.02,5715.722,3,3,5715.722,0.0,0.0,0.0,0.0,285786.1
1723969,IT,PT,SALEM,ELEC5,0.05,5715.557,3,3,5715.557,0.0,0.0,0.0,0.0,114311.14
1678176,IT,FR,INTER,HOTEL,0.03,5715.054,3,3,5715.054,0.0,0.0,0.0,0.0,190501.8
1806983,IT,WF,LANDT,CHEM1,0.04,5714.94,3,3,5714.94,0.0,0.0,0.0,0.0,142873.5
1772769,IT,CH,NONME,PRINT,0.01,5714.53,3,3,5714.53,0.0,0.0,0.0,0.0,571453.0
1766139,IT,RU,RUBBE,ELEC1,0.02,5714.431,3,3,5714.431,0.0,0.0,0.0,0.0,285721.55
1644117,IT,AT,EDUCA,AIRTR,0.14,5714.109,3,3,5714.109,0.0,0.0,0.0,0.0,40815.064286
1730343,IT,SE,SUPPO,BASIC,0.04,5714.042,3,3,5714.042,0.0,0.0,0.0,0.0,142851.05
1652325,IT,CZ,BEVER,FINAN,0.02,5713.99,3,3,5713.99,0.0,0.0,0.0,0.0,285699.5
1779886,IT,TR,PUBLI,EDUCA,0.09,5713.947,3,3,5713.947,0.0,0.0,0.0,0.0,63488.3
1762891,IT,MX,STONE,FURNI,0.02,5713.853,3,3,5713.853,0.0,0.0,0.0,0.0,285692.65
1807829,IT,WF,FOODW,RECRE,0.04,5713.669,3,3,5713.669,0.0,0.0,0.0,0.0,142841.725
1787022,IT,ZA,INSUR,RETAI,0.12,5713.572,3,3,5713.572,0.0,0.0,0.0,0.0,47613.1
1811832,IT,WM,RUBBE,ANIMA,0.02,5713.399,3,3,5713.399,0.0,0.0,0.0,0.0,285669.95
1690444,IT,IE,FOOD4,PAPE4,0.04,5713.398,3,3,5713.398,0.0,0.0,0.0,0.0,142834.95
1665317,IT,ES,FISH5,MEATA,0.02,5712.999,4,4,5712.996,0.0,0.0,0.0,0.003,285649.95
1681243,IT,GR,FINAN,PLAST,0.07,5712.933,3,3,5712.933,0.0,0.0,0.0,0.0,81613.328571
1649009,IT,BG,WOODW,SANDC,0.02,5712.159,3,3,5712.159,0.0,0.0,0.0,0.0,285607.95
1806314,IT,WF,OFFIC,PRECI,0.02,5712.013,3,3,5712.013,0.0,0.0,0.0,0.0,285600.65
1745438,IT,JP,DAIRY,RAILW,0.02,5711.928,3,3,5711.928,0.0,0.0,0.0,0.0,285596.4
1727432,IT,RO,FINAN,RESEA,0.07,5711.835,3,3,5711.835,0.0,0.0,0.0,0.0,81597.642857
1734422,IT,SK,VEGET,COMPU,0.02,5711.201,3,3,5711.201,0.0,0.0,0.0,0.0,285560.05
1652544,IT,CZ,WEARI,INERT,0.04,5711.047,3,3,5711.047,0.0,0.0,0.0,0.0,142776.175
1810111,IT,WM,TEXTI,FOOD3,0.03,5710.982,3,3,5710.982,0.0,0.0,0.0,0.0,190366.066667
1727973,IT,SE,FORES,PULP5,0.05,5710.616,4,4,5708.616,0.0,2.0,0.0,0.0,114212.32
1762098,IT,IN,RETA1,BUSIN,0.06,5710.613,3,3,5710.613,0.0,0.0,0.0,0.0,95176.883333
1710610,IT,LU,STONE,CONST,0.02,5710.577,3,3,5710.577,0.0,0.0,0.0,0.0,285528.85
1778040,IT,TR,OFFIC,MOTO1,0.02,5710.552,3,3,5710.552,0.0,0.0,0.0,0.0,285527.6
1660722,IT,DE,RENTI,TRAN1,0.03,5710.373,3,3,5710.373,0.0,0.0,0.0,0.0,190345.766667
1797810,IT,WL,OILHA,EDUCA,0.03,5710.281,3,3,5710.281,0.0,0.0,0.0,0.0,190342.7
1732608,IT,SI,GLASS,PLAST,0.02,5710.196,3,3,5710.196,0.0,0.0,0.0,0.0,285509.8
1751788,IT,CN,AUXIL,TRANS,0.1,5709.992,3,3,5709.992,0.0,0.0,0.0,0.0,57099.92
1789607,IT,WA,RUBBE,COPPE,0.02,5709.815,3,3,5709.815,0.0,0.0,0.0,0.0,285490.75
1797907,IT,WL,WASTE,POSTT,0.02,5709.484,3,3,5709.484,0.0,0.0,0.0,0.0,285474.2
1809558,IT,WM,VEGE1,SUGA1,0.02,5709.163,3,3,5709.163,0.0,0.0,0.0,0.0,285458.15
1810349,IT,WM,WOODW,BASIC,0.02,5709.04,3,3,5709.04,0.0,0.0,0.0,0.0,285452.0
1747180,IT,JP,CONST,ELE12,0.03,5708.548,3,3,5708.548,0.0,0.0,0.0,0.0,190284.933333
1755190,IT,KR,WOODW,CROPS,0.02,5708.426,3,3,5708.426,0.0,0.0,0.0,0.0,285421.3
1729828,IT,SE,OFFIC,LANDT,0.02,5708.111,3,3,5708.111,0.0,0.0,0.0,0.0,285405.55
1774420,IT,CH,RAILW,MEDIC,0.04,5707.919,3,3,5707.919,0.0,0.0,0.0,0.0,142697.975
1814936,IT,WM,PRIVA,GLASS,1.27,5707.872,3,3,5707.872,0.0,0.0,0.0,0.0,4494.387402
1770598,IT,AU,POSTT,HOTEL,0.09,5707.314,3,3,5707.314,0.0,0.0,0.0,0.0,63414.6
1714320,IT,MT,EDUCA,POSTT,0.14,5707.08,3,3,5707.08,0.0,0.0,0.0,0.0,40764.857143
1688516,IT,IE,WOODW,TRAN1,0.02,5706.797,3,3,5706.797,0.0,0.0,0.0,0.0,285339.85
1687105,IT,HU,MOTO1,RECRE,0.03,5706.414,3,3,5706.414,0.0,0.0,0.0,0.0,190213.8
1776086,IT,TR,WEARI,MACHI,0.04,5706.384,3,3,5706.384,0.0,0.0,0.0,0.0,142659.6
1725258,IT,RO,FOOD5,FINAN,0.03,5706.283,3,3,5706.283,0.0,0.0,0.0,0.0,190209.433333
1765138,IT,MX,BUSIN,MEATP,0.06,5706.176,3,3,5706.176,0.0,0.0,0.0,0.0,95102.933333
1722419,IT,PT,MEAT1,NONSP,0.03,5706.115,3,3,5706.115,0.0,0.0,0.0,0.0,190203.833333
1799380,IT,WE,PULP5,SALEM,0.02,5705.811,3,3,5705.811,0.0,0.0,0.0,0.0,285290.55
1801443,IT,WE,MOTO1,ALUMI,0.03,5705.62,3,3,5705.62,0.0,0.0,0.0,0.0,190187.333333
1750737,IT,CN,TRANS,TEXTI,0.03,5705.132,3,3,5705.132,0.0,0.0,0.0,0.0,190171.066667
1814915,IT,WM,PRIVA,PRINT,1.27,5705.092,3,3,5705.092,0.0,0.0,0.0,0.0,4492.198425
1667424,IT,ES,COPP1,TRAN2,0.01,5705.056,3,3,5705.056,0.0,0.0,0.0,0.0,570505.6
1664184,IT,EE,GLASS,MACHI,0.02,5704.853,3,3,5704.853,0.0,0.0,0.0,0.0,285242.65
1713812,IT,MT,FURNI,LANDT,0.02,5704.775,3,3,5704.775,0.0,0.0,0.0,0.0,285238.75
1760153,IT,BR,WASTE,PAPER,0.02,5704.736,3,3,5704.736,0.0,0.0,0.0,0.0,285236.8
1799105,IT,WE,WEARI,NONFE,0.04,5704.557,3,3,5704.557,0.0,0.0,0.0,0.0,142613.925
1640317,IT,AT,CHEMI,FOOD5,0.01,5704.208,3,3,5704.208,0.0,0.0,0.0,0.0,570420.8
1687376,IT,HU,HOTEL,BIODI,0.04,5704.143,3,3,5704.143,0.0,0.0,0.0,0.0,142603.575
1802559,IT,WE,FINAN,BASIC,0.07,5704.051,3,3,5704.051,0.0,0.0,0.0,0.0,81486.442857
1714328,IT,MT,EDUCA,RECRE,0.14,5704.035,3,3,5704.035,0.0,0.0,0.0,0.0,40743.107143
1684382,IT,HR,POSTT,MEDIC,0.09,5703.923,3,3,5703.923,0.0,0.0,0.0,0.0,63376.922222
1711270,IT,LU,TRANS,TRANS,0.03,5703.745,3,3,5703.745,0.0,0.0,0.0,0.0,190124.833333
1805636,IT,WF,NONME,PLAST,0.01,5703.601,3,3,5703.601,0.0,0.0,0.0,0.0,570360.1
1785021,IT,ID,BUSIN,PLAST,0.06,5703.556,3,3,5703.556,0.0,0.0,0.0,0.0,95059.266667
1713674,IT,MT,COPP1,BUSIN,0.01,5703.474,3,3,5703.474,0.0,0.0,0.0,0.0,570347.4
1750416,IT,CN,FABRI,INSUR,0.02,5703.392,3,3,5703.392,0.0,0.0,0.0,0.0,285169.6
1773494,IT,CH,MOTO1,CATTL,0.03,5703.268,3,3,5703.268,0.0,0.0,0.0,0.0,190108.933333
1720204,IT,PL,COPP1,FINAN,0.01,5702.995,3,3,5702.995,0.0,0.0,0.0,0.0,570299.5
1714465,IT,NL,FORES,RENTI,0.05,5702.979,4,4,5700.979,0.0,2.0,0.0,0.0,114059.58
1640559,IT,AT,FOOD5,NONF1,0.03,5702.462,3,3,5702.462,0.0,0.0,0.0,0.0,190082.066667
1746360,IT,JP,RUBBE,PULP5,0.02,5701.953,3,3,5701.953,0.0,0.0,0.0,0.0,285097.65
1724250,IT,PT,LANDT,MEATC,0.04,5701.822,3,3,5701.822,0.0,0.0,0.0,0.0,142545.55
1760709,IT,IN,PAPER,ELEC3,0.02,5701.739,3,3,5701.739,0.0,0.0,0.0,0.0,285086.95
1812868,IT,WM,FABRI,BIOG1,0.02,5701.524,3,3,5701.524,0.0,0.0,0.0,0.0,285076.2
1754902,IT,KR,TOBAC,RAILW,0.02,5701.248,3,3,5701.248,0.0,0.0,0.0,0.0,285062.4
1677852,IT,FR,BUSIN,MEAT4,0.06,5701.186,3,3,5701.186,0.0,0.0,0.0,0.0,95019.766667
1654464,IT,CZ,RETA1,AIRTR,0.06,5701.001,3,3,5701.001,0.0,0.0,0.0,0.0,95016.683333
1779557,IT,TR,COMPU,COKEO,0.07,5700.969,3,3,5700.969,0.0,0.0,0.0,0.0,81442.414286
1648995,IT,BG,LEATH,COMPU,0.04,5700.787,3,3,5700.787,0.0,0.0,0.0,0.0,142519.675
1721498,IT,PL,SUPPO,TOBAC,0.04,5700.749,3,3,5700.749,0.0,0.0,0.0,0.0,142518.725
1665042,IT,ES,MEATC,REALE,0.02,5700.547,3,3,5700.547,0.0,0.0,0.0,0.0,285027.35
1762005,IT,IN,WHOLE,VEGE1,0.05,5699.82,3,3,5699.82,0.0,0.0,0.0,0.0,113996.4
1765123,IT,MX,COMPU,PUBLI,0.07,5699.71,3,3,5699.71,0.0,0.0,0.0,0.0,81424.428571
1728994,IT,SE,ADDIT,RESEA,0.01,5699.566,3,3,5699.566,0.0,0.0,0.0,0.0,569956.6
1738955,IT,GB,CONST,CRUDE,0.03,5699.313,3,3,5699.313,0.0,0.0,0.0,0.0,189977.1
1678617,IT,GR,STONE,WHOLE,0.02,5699.252,3,3,5699.252,0.0,0.0,0.0,0.0,284962.6
1640279,IT,AT,STONE,RESEA,0.02,5699.209,3,3,5699.209,0.0,0.0,0.0,0.0,284960.45
1652263,IT,CZ,FOOD5,LANDT,0.03,5699.174,3,3,5699.174,0.0,0.0,0.0,0.0,189972.466667
1681898,IT,HR,DAIRY,ELECT,0.02,5698.95,3,3,5698.95,0.0,0.0,0.0,0.0,284947.5
1787372,IT,WA,WOOLS,WHOLE,0.02,5698.807,3,3,5698.807,0.0,0.0,0.0,0.0,284940.35
1806477,IT,WF,TRANS,ELECT,0.03,5698.533,3,3,5698.533,0.0,0.0,0.0,0.0,189951.1
1727831,IT,RO,BUSIN,RETAI,0.06,5698.339,3,3,5698.339,0.0,0.0,0.0,0.0,94972.316667
1640362,IT,AT,MEATC,EDUCA,0.02,5697.507,3,3,5697.507,0.0,0.0,0.0,0.0,284875.35
1798669,IT,WE,VEGE1,PROCE,0.02,5697.418,3,3,5697.418,0.0,0.0,0.0,0.0,284870.9
1685907,IT,HU,CHEM1,BIOG1,0.01,5697.141,3,3,5697.141,0.0,0.0,0.0,0.0,569714.1
1786535,IT,ZA,FURNI,PAPER,0.02,5697.084,3,3,5697.084,0.0,0.0,0.0,0.0,284854.2
1779577,IT,TR,COMPU,ELECT,0.07,5696.993,3,3,5696.993,0.0,0.0,0.0,0.0,81385.614286
1801090,IT,WE,COPP1,HOTEL,0.01,5696.908,3,3,5696.908,0.0,0.0,0.0,0.0,569690.8
1785898,IT,ZA,BIOGA,FOOD3,0.01,5696.826,3,3,5696.826,0.0,0.0,0.0,0.0,569682.6
1767981,IT,RU,COMPU,RETAI,0.07,5696.5,3,3,5696.5,0.0,0.0,0.0,0.0,81378.571429
1658960,IT,DE,FURNI,INERT,0.02,5696.456,3,3,5696.456,0.0,0.0,0.0,0.0,284822.8
1759642,IT,BR,RESEA,CEMEN,0.03,5696.42,3,3,5696.42,0.0,0.0,0.0,0.0,189880.666667
1738984,IT,GB,SALEM,PRINT,0.05,5696.383,3,3,5696.383,0.0,0.0,0.0,0.0,113927.66
1715008,IT,NL,TOBAC,OILHA,0.02,5696.16,3,3,5696.16,0.0,0.0,0.0,0.0,284808.0
1749013,IT,CN,LEATH,BIOGA,0.04,5695.968,3,3,5695.968,0.0,0.0,0.0,0.0,142399.2
1752057,IT,CN,BUSIN,RAWMI,0.06,5695.874,3,3,5695.874,0.0,0.0,0.0,0.0,94931.233333
1655789,IT,DE,MEAT4,SEACO,0.03,5694.979,3,3,5694.979,0.0,0.0,0.0,0.0,189832.633333
1756353,IT,KR,TRANS,SALEM,0.03,5694.914,3,3,5694.914,0.0,0.0,0.0,0.0,189830.466667
1797324,IT,WL,AUXIL,HEALT,0.1,5694.713,3,3,5694.713,0.0,0.0,0.0,0.0,56947.13
1709511,IT,LT,LEATH,TEXTI,0.04,5694.566,3,3,5694.566,0.0,0.0,0.0,0.0,142364.15
1684732,IT,HU,VEGET,FURNI,0.02,5694.321,3,3,5694.321,0.0,0.0,0.0,0.0,284716.05
1652075,IT,CZ,STONE,SECO9,0.02,5694.174,3,3,5694.174,0.0,0.0,0.0,0.0,284708.7
1775605,IT,CH,RECRE,AIRTR,0.07,5694.145,3,3,5694.145,0.0,0.0,0.0,0.0,81344.928571
1769318,IT,AU,GLASS,CATTL,0.02,5693.859,3,3,5693.859,0.0,0.0,0.0,0.0,284692.95
1766614,IT,RU,FABRI,MEAT4,0.02,5693.759,3,3,5693.759,0.0,0.0,0.0,0.0,284687.95
1643061,IT,AT,SALEM,REALE,0.05,5693.545,3,3,5693.545,0.0,0.0,0.0,0.0,113870.9
1765288,IT,RU,VEGE1,SEACO,0.02,5693.535,3,3,5693.535,0.0,0.0,0.0,0.0,284676.75
1685970,IT,HU,BIOGA,REALE,0.01,5693.514,3,3,5693.514,0.0,0.0,0.0,0.0,569351.4
1662317,IT,DK,NONME,WASTE,0.01,5693.363,3,3,5693.363,0.0,0.0,0.0,0.0,569336.3
1780680,IT,TW,AUXIL,REALE,0.1,5693.292,3,3,5693.292,0.0,0.0,0.0,0.0,56932.92
1734046,IT,SI,FINAN,SALEM,0.07,5693.267,3,3,5693.267,0.0,0.0,0.0,0.0,81332.385714
1789755,IT,WA,GLASS,LUBRI,0.02,5693.163,3,3,5693.163,0.0,0.0,0.0,0.0,284658.15
1814681,IT,WM,PLAS1,RETA1,0.02,5692.314,3,3,5692.314,0.0,0.0,0.0,0.0,284615.7
1785916,IT,ZA,RUBBE,LEADZ,0.02,5692.128,3,3,5692.128,0.0,0.0,0.0,0.0,284606.4
1736889,IT,SK,BUSIN,RETAI,0.06,5692.087,3,3,5692.087,0.0,0.0,0.0,0.0,94868.116667
1647081,IT,BE,HOTEL,PAPER,0.04,5692.042,3,3,5692.042,0.0,0.0,0.0,0.0,142301.05
1784101,IT,ID,LEATH,EDUCA,0.04,5691.88,3,3,5691.88,0.0,0.0,0.0,0.0,142297.0
1744999,IT,US,PUBLI,NATU1,0.09,5691.798,3,3,5691.798,0.0,0.0,0.0,0.0,63242.2
1741289,IT,US,PAPER,BIODI,0.02,5691.595,3,3,5691.595,0.0,0.0,0.0,0.0,284579.75
1665364,IT,ES,TEXTI,MEATP,0.03,5691.402,3,3,5691.402,0.0,0.0,0.0,0.0,189713.4
1662853,IT,DK,WHOLE,MEATC,0.05,5691.385,3,3,5691.385,0.0,0.0,0.0,0.0,113827.7
1687295,IT,HU,RETA1,FORES,0.06,5691.278,3,3,5691.278,0.0,0.0,0.0,0.0,94854.633333
1733156,IT,SI,FABRI,AUXIL,0.02,5691.073,3,3,5691.073,0.0,0.0,0.0,0.0,284553.65
1771868,IT,CH,WOODW,INSUR,0.02,5690.912,3,3,5690.912,0.0,0.0,0.0,0.0,284545.6
1759931,IT,BR,PLAS1,MEATP,0.02,5690.589,3,3,5690.589,0.0,0.0,0.0,0.0,284529.45
1727856,IT,RO,BUSIN,FOOD3,0.06,5690.418,3,3,5690.418,0.0,0.0,0.0,0.0,94840.3
1791536,IT,WA,RETA1,PLAST,0.06,5690.41,3,3,5690.41,0.0,0.0,0.0,0.0,94840.166667
1746747,IT,JP,FABRI,PAPE1,0.02,5690.371,3,3,5690.371,0.0,0.0,0.0,0.0,284518.55
1763517,IT,MX,CHEM1,IRONO,0.01,5690.215,3,3,5690.215,0.0,0.0,0.0,0.0,569021.5
1768792,IT,AU,LEATH,PIGS9,0.04,5690.214,3,3,5690.214,0.0,0.0,0.0,0.0,142255.35
1789583,IT,WA,BIODI,RESEA,0.01,5689.698,3,3,5689.698,0.0,0.0,0.0,0.0,568969.8
1767129,IT,RU,FURNI,PLAS2,0.02,5689.501,3,3,5689.501,0.0,0.0,0.0,0.0,284475.05
1744303,IT,US,FINAN,CRUDE,0.07,5689.485,3,3,5689.485,0.0,0.0,0.0,0.0,81278.357143
1744690,IT,US,COMPU,ELEC2,0.06,5689.276,3,3,5689.276,0.0,0.0,0.0,0.0,94821.266667
1752212,IT,CN,PUBLI,INSUR,0.09,5689.215,3,3,5689.215,0.0,0.0,0.0,0.0,63213.5
1716336,IT,NL,FABRI,TRAN2,0.02,5688.911,3,3,5688.911,0.0,0.0,0.0,0.0,284445.55
1781952,IT,NO,ADDIT,CONST,0.01,5687.986,3,3,5687.986,0.0,0.0,0.0,0.0,568798.6
1713039,IT,MT,MEAT1,RESEA,0.03,5687.861,3,3,5687.861,0.0,0.0,0.0,0.0,189595.366667
1787566,IT,WA,MEATC,PADDY,0.02,5687.43,3,3,5687.43,0.0,0.0,0.0,0.0,284371.5
1746024,IT,JP,PAPER,ELEC1,0.02,5687.346,3,3,5687.346,0.0,0.0,0.0,0.0,284367.3
1668488,IT,ES,HOTEL,DAIRY,0.04,5687.227,3,3,5687.227,0.0,0.0,0.0,0.0,142180.675
1723767,IT,PT,OFFIC,SUGA1,0.02,5687.001,3,3,5687.001,0.0,0.0,0.0,0.0,284350.05
1727537,IT,RO,REALE,FORES,0.24,5686.988,3,3,5686.988,0.0,0.0,0.0,0.0,23695.783333
1724723,IT,PT,AUXIL,OFFIC,0.1,5686.764,3,3,5686.764,0.0,0.0,0.0,0.0,56867.64
1711642,IT,LU,RENTI,HEALT,0.03,5686.532,3,3,5686.532,0.0,0.0,0.0,0.0,189551.066667
1802234,IT,WE,RAILW,INSUR,0.04,5686.516,3,3,5686.516,0.0,0.0,0.0,0.0,142162.9
1776169,IT,TR,LEATH,POSTT,0.04,5686.494,3,3,5686.494,0.0,0.0,0.0,0.0,142162.35
1813064,IT,WM,OFFIC,ELEC1,0.02,5685.768,3,3,5685.768,0.0,0.0,0.0,0.0,284288.4
1798557,IT,WE,CHEMI,PRINT,0.01,5685.743,3,3,5685.743,0.0,0.0,0.0,0.0,568574.3
1646422,IT,BE,FABRI,INERT,0.02,5685.676,3,3,5685.676,0.0,0.0,0.0,0.0,284283.8
1688574,IT,IE,PRINT,MOTO1,0.05,5685.532,3,3,5685.532,0.0,0.0,0.0,0.0,113710.64
1736823,IT,SK,BUSIN,CEREA,0.06,5685.257,3,3,5685.257,0.0,0.0,0.0,0.0,94754.283333
1711137,IT,LU,FABRI,TOBAC,0.02,5685.254,3,3,5685.254,0.0,0.0,0.0,0.0,284262.7
1775307,IT,CH,BUSIN,DISTR,0.06,5684.7,3,3,5684.7,0.0,0.0,0.0,0.0,94745.0
1652405,IT,CZ,TEXTI,CERAM,0.03,5684.532,3,3,5684.532,0.0,0.0,0.0,0.0,189484.4
1744643,IT,US,RENTI,TEXT2,0.03,5683.527,3,3,5683.527,0.0,0.0,0.0,0.0,189450.9
1793857,IT,WL,TEXTI,RADIO,0.03,5683.235,3,3,5683.235,0.0,0.0,0.0,0.0,189441.166667
1748258,IT,JP,MEMBE,VEGET,0.07,5682.987,3,3,5682.987,0.0,0.0,0.0,0.0,81185.528571
1787486,IT,WA,SANDC,RESEA,0.01,5682.815,4,4,5681.815,0.0,0.0,1.0,0.0,568281.5
1750367,IT,CN,FABRI,BRICK,0.02,5682.71,3,3,5682.71,0.0,0.0,0.0,0.0,284135.5
1668684,IT,ES,LANDT,RAWMI,0.04,5682.698,3,3,5682.698,0.0,0.0,0.0,0.0,142067.45
1800735,IT,WE,NONME,VEGE1,0.01,5682.461,3,3,5682.461,0.0,0.0,0.0,0.0,568246.1
1734488,IT,SK,MEATP,HOTEL,0.02,5682.112,3,3,5682.112,0.0,0.0,0.0,0.0,284105.6
1787740,IT,WA,VEGE1,POSTT,0.02,5682.084,3,3,5682.084,0.0,0.0,0.0,0.0,284104.2
1795876,IT,WL,OFFIC,ALUM1,0.02,5682.045,3,3,5682.045,0.0,0.0,0.0,0.0,284102.25
1808195,IT,WF,OILHA,AIRTR,0.03,5681.991,3,3,5681.991,0.0,0.0,0.0,0.0,189399.7
1715798,IT,NL,RUBBE,NONFE,0.02,5681.687,3,3,5681.687,0.0,0.0,0.0,0.0,284084.35
1795306,IT,WL,NONME,BITUM,0.01,5681.554,3,3,5681.554,0.0,0.0,0.0,0.0,568155.4
1712221,IT,LV,PAPER,GLASS,0.02,5681.014,3,3,5681.014,0.0,0.0,0.0,0.0,284050.7
1715278,IT,NL,PAPER,GLASS,0.02,5680.782,3,3,5680.782,0.0,0.0,0.0,0.0,284039.1
1690297,IT,IE,SEWAG,RETA1,0.05,5680.777,3,3,5680.777,0.0,0.0,0.0,0.0,113615.54
1770344,IT,AU,RAILW,WEARI,0.04,5680.423,3,3,5680.423,0.0,0.0,0.0,0.0,142010.575
1721662,IT,PL,FINAN,BITUM,0.07,5680.163,3,3,5680.163,0.0,0.0,0.0,0.0,81145.185714
1784398,IT,ID,GLASS,PUBLI,0.02,5680.008,3,3,5680.008,0.0,0.0,0.0,0.0,284000.4
1746014,IT,JP,PAPER,COPP1,0.02,5679.956,3,3,5679.956,0.0,0.0,0.0,0.0,283997.8
1807493,IT,WF,RENTI,CATTL,0.03,5679.707,3,3,5679.707,0.0,0.0,0.0,0.0,189323.566667
1788606,IT,WA,PAPER,WASTE,0.02,5679.669,3,3,5679.669,0.0,0.0,0.0,0.0,283983.45
1675400,IT,FR,MACHI,OFFIC,0.03,5679.609,3,3,5679.609,0.0,0.0,0.0,0.0,189320.3
1762848,IT,IN,PUBLI,HOTEL,0.09,5679.321,3,3,5679.321,0.0,0.0,0.0,0.0,63103.566667
1678825,IT,GR,BEVER,TEXTI,0.02,5679.158,3,3,5679.158,0.0,0.0,0.0,0.0,283957.9
1802230,IT,WE,RAILW,LANDT,0.04,5678.781,3,3,5678.781,0.0,0.0,0.0,0.0,141969.525
1654615,IT,CZ,LANDT,VEGET,0.04,5678.073,3,3,5678.073,0.0,0.0,0.0,0.0,141951.825
1774060,IT,CH,WHOLE,CROPS,0.05,5677.725,3,3,5677.725,0.0,0.0,0.0,0.0,113554.5
1774764,IT,CH,POSTT,VEGET,0.09,5677.614,3,3,5677.614,0.0,0.0,0.0,0.0,63084.6
1781903,IT,NO,CHEM1,CERAM,0.01,5677.561,3,3,5677.561,0.0,0.0,0.0,0.0,567756.1
1777426,IT,TR,NONME,PFERT,0.01,5677.449,3,3,5677.449,0.0,0.0,0.0,0.0,567744.9
1677332,IT,FR,FINAN,PAPE1,0.07,5677.267,3,3,5677.267,0.0,0.0,0.0,0.0,81103.814286
1654616,IT,CZ,LANDT,OILSE,0.04,5677.191,3,3,5677.191,0.0,0.0,0.0,0.0,141929.775
1763751,IT,MX,GLASS,NONME,0.02,5676.965,3,3,5676.965,0.0,0.0,0.0,0.0,283848.25
1687211,IT,HU,CONST,REALE,0.03,5676.475,3,3,5676.475,0.0,0.0,0.0,0.0,189215.833333
1724702,IT,PT,INSUR,BUSIN,0.12,5676.353,3,3,5676.353,0.0,0.0,0.0,0.0,47302.941667
1786321,IT,ZA,FABRI,FOOD3,0.02,5675.8,3,3,5675.8,0.0,0.0,0.0,0.0,283790.0
1808894,IT,WF,PRIVA,RETA1,1.27,5675.629,3,3,5675.629,0.0,0.0,0.0,0.0,4468.999213
1783944,IT,ID,STONE,RENTI,0.02,5675.554,3,3,5675.554,0.0,0.0,0.0,0.0,283777.7
1681497,IT,GR,BUSIN,NICKE,0.06,5675.29,3,3,5675.29,0.0,0.0,0.0,0.0,94588.166667
1716350,IT,NL,FABRI,FOODW,0.02,5675.162,3,3,5675.162,0.0,0.0,0.0,0.0,283758.1
1777852,IT,TR,FABRI,SEACO,0.02,5674.836,3,3,5674.836,0.0,0.0,0.0,0.0,283741.8
1651273,IT,CY,DAIRY,HOTEL,0.02,5674.792,3,3,5674.792,0.0,0.0,0.0,0.0,283739.6
1648147,IT,BE,BUSIN,FORES,0.06,5674.747,3,3,5674.747,0.0,0.0,0.0,0.0,94579.116667
1792880,IT,WA,EDUCA,BUSIN,0.14,5674.63,3,3,5674.63,0.0,0.0,0.0,0.0,40533.071429
1734446,IT,SK,CATTL,GASDI,0.01,5674.63,3,3,5674.63,0.0,0.0,0.0,0.0,567463.0
1770858,IT,AU,BUSIN,PREC1,0.06,5674.261,3,3,5674.261,0.0,0.0,0.0,0.0,94571.016667
1671656,IT,FI,CONST,RUBBE,0.03,5673.684,3,3,5673.684,0.0,0.0,0.0,0.0,189122.8
1719223,IT,PL,CHEM1,LIGNI,0.01,5673.506,3,3,5673.506,0.0,0.0,0.0,0.0,567350.6
1718196,IT,PL,DAIRY,FINAN,0.02,5673.459,3,3,5673.459,0.0,0.0,0.0,0.0,283672.95
1733114,IT,SI,FABRI,GLASS,0.02,5673.427,3,3,5673.427,0.0,0.0,0.0,0.0,283671.35
1754950,IT,KR,TEXTI,CEMEN,0.03,5673.268,3,3,5673.268,0.0,0.0,0.0,0.0,189108.933333
1684130,IT,HR,LANDT,POULT,0.04,5673.265,3,3,5673.265,0.0,0.0,0.0,0.0,141831.625
1779588,IT,TR,COMPU,ELE12,0.06,5673.146,3,3,5673.146,0.0,0.0,0.0,0.0,94552.433333
1733511,IT,SI,WHOLE,ELEC1,0.05,5672.203,3,3,5672.203,0.0,0.0,0.0,0.0,113444.06
1688024,IT,HU,RENTI,PAPE4,0.03,5671.332,3,3,5671.332,0.0,0.0,0.0,0.0,189044.4
1651709,IT,CY,FABRI,RETAI,0.02,5671.276,3,3,5671.276,0.0,0.0,0.0,0.0,283563.8
1747803,IT,JP,AUXIL,PUBLI,0.1,5670.93,3,3,5670.93,0.0,0.0,0.0,0.0,56709.3
1750702,IT,CN,MOTO1,STEAM,0.03,5670.903,3,3,5670.903,0.0,0.0,0.0,0.0,189030.1
1734294,IT,SI,BUSIN,WEARI,0.06,5670.731,3,3,5670.731,0.0,0.0,0.0,0.0,94512.183333
1664643,IT,EE,LANDT,ELECT,0.04,5670.577,3,3,5670.577,0.0,0.0,0.0,0.0,141764.425
1712293,IT,LV,CHEM1,WHOLE,0.01,5670.561,3,3,5670.561,0.0,0.0,0.0,0.0,567056.1
1653460,IT,CZ,NONME,RAILW,0.01,5670.515,3,3,5670.515,0.0,0.0,0.0,0.0,567051.5
1717552,IT,NL,RENTI,BUSIN,0.03,5670.259,3,3,5670.259,0.0,0.0,0.0,0.0,189008.633333
1686361,IT,HU,NONME,93197,0.01,5670.086,3,3,5670.086,0.0,0.0,0.0,0.0,567008.6
1771467,IT,CH,BEVER,RADIO,0.02,5669.85,3,3,5669.85,0.0,0.0,0.0,0.0,283492.5
1793425,IT,WL,CROPS,RECRE,0.04,5669.147,3,3,5669.147,0.0,0.0,0.0,0.0,141728.675
1652290,IT,CZ,BEVER,FISH5,0.02,5669.063,3,3,5669.063,0.0,0.0,0.0,0.0,283453.15
1648039,IT,BE,COMPU,MEDIC,0.06,5668.828,3,3,5668.828,0.0,0.0,0.0,0.0,94480.466667
1772304,IT,CH,PLAST,FOOD5,0.01,5668.425,3,3,5668.425,0.0,0.0,0.0,0.0,566842.5
1775222,IT,CH,RESEA,COMPU,0.03,5668.326,3,3,5668.326,0.0,0.0,0.0,0.0,188944.2
1717736,IT,NL,BUSIN,FOOD4,0.06,5668.066,3,3,5668.066,0.0,0.0,0.0,0.0,94467.766667
1678629,IT,GR,CHEMI,REALE,0.01,5667.881,3,3,5667.881,0.0,0.0,0.0,0.0,566788.1
1651225,IT,BG,BUSIN,EDUCA,0.06,5667.853,3,3,5667.853,0.0,0.0,0.0,0.0,94464.216667
1797491,IT,WL,BUSIN,PRECI,0.06,5667.551,3,3,5667.551,0.0,0.0,0.0,0.0,94459.183333
1716456,IT,NL,OFFIC,TEXTI,0.02,5666.347,3,3,5666.347,0.0,0.0,0.0,0.0,283317.35
1689783,IT,IE,INSUR,MEAT1,0.12,5666.138,3,3,5666.138,0.0,0.0,0.0,0.0,47217.816667
1782974,IT,NO,SUPPO,SALEM,0.04,5666.08,3,3,5666.08,0.0,0.0,0.0,0.0,141652.0
1784773,IT,ID,HOTEL,FISHF,0.04,5666.073,3,3,5666.073,0.0,0.0,0.0,0.0,141651.825
1753000,IT,CA,CHEM1,ETHAN,0.01,5665.719,3,3,5665.719,0.0,0.0,0.0,0.0,566571.9
1777228,IT,TR,RUBBE,NFERT,0.02,5665.368,3,3,5665.368,0.0,0.0,0.0,0.0,283268.4
1767405,IT,RU,LANDT,PLAST,0.04,5665.357,3,3,5665.357,0.0,0.0,0.0,0.0,141633.925
1813851,IT,WM,LANDT,VEGE1,0.04,5665.22,3,3,5665.22,0.0,0.0,0.0,0.0,141630.5
1665361,IT,ES,TEXTI,ANIMA,0.03,5664.992,3,3,5664.992,0.0,0.0,0.0,0.0,188833.066667
1751813,IT,CN,AUXIL,PUBLI,0.1,5664.966,3,3,5664.966,0.0,0.0,0.0,0.0,56649.66
1757784,IT,BR,PLAST,CERAM,0.01,5664.732,3,3,5664.732,0.0,0.0,0.0,0.0,566473.2
1678558,IT,GR,CROPS,CATTL,0.04,5664.629,3,3,5664.629,0.0,0.0,0.0,0.0,141615.725
1677219,IT,FR,POSTT,FOODW,0.09,5664.375,3,3,5664.375,0.0,0.0,0.0,0.0,62937.5
1808817,IT,WF,WOOD2,BUSIN,0.03,5663.784,3,3,5663.784,0.0,0.0,0.0,0.0,188792.8
1728189,IT,SE,PROCE,BUSIN,0.04,5663.762,3,3,5663.762,0.0,0.0,0.0,0.0,141594.05
1731565,IT,SI,TEXTI,TRANS,0.03,5663.49,3,3,5663.49,0.0,0.0,0.0,0.0,188783.0
1661034,IT,DE,BUSIN,PAPE2,0.06,5663.473,3,3,5663.473,0.0,0.0,0.0,0.0,94391.216667
1760375,IT,IN,VEGE1,CATTL,0.02,5663.313,3,3,5663.313,0.0,0.0,0.0,0.0,283165.65
1809266,IT,WM,CRUDE,ELEC5,0.01,5663.256,3,3,5663.256,0.0,0.0,0.0,0.0,566325.6
1776997,IT,TR,CHEM1,FISHF,0.01,5663.256,3,3,5663.256,0.0,0.0,0.0,0.0,566325.6
1813432,IT,WM,CONST,PROCE,0.03,5663.188,3,3,5663.188,0.0,0.0,0.0,0.0,188772.933333
1745015,IT,US,PUBLI,LEATH,0.09,5662.953,3,3,5662.953,0.0,0.0,0.0,0.0,62921.7
1757128,IT,BR,VEGET,BUSIN,0.02,5662.814,3,3,5662.814,0.0,0.0,0.0,0.0,283140.7
1733922,IT,SI,SUPPO,FORES,0.04,5662.508,3,3,5662.508,0.0,0.0,0.0,0.0,141562.7
1788406,IT,WA,WOODW,INSUR,0.02,5662.473,3,3,5662.473,0.0,0.0,0.0,0.0,283123.65
1763027,IT,MX,TEXTI,PIGS9,0.03,5662.331,3,3,5662.331,0.0,0.0,0.0,0.0,188744.366667
1777346,IT,TR,GLASS,ELEC5,0.02,5661.337,3,3,5661.337,0.0,0.0,0.0,0.0,283066.85
1813667,IT,WM,RETA1,ALUM1,0.06,5661.314,3,3,5661.314,0.0,0.0,0.0,0.0,94355.233333
1683651,IT,HR,FABRI,ELECT,0.02,5660.742,3,3,5660.742,0.0,0.0,0.0,0.0,283037.1
1803528,IT,WF,VEGE1,FURNI,0.02,5660.706,3,3,5660.706,0.0,0.0,0.0,0.0,283035.3
1645853,IT,BE,GLASS,GASDI,0.02,5660.31,3,3,5660.31,0.0,0.0,0.0,0.0,283015.5
1785317,IT,ZA,LEATH,FABRI,0.04,5659.964,3,3,5659.964,0.0,0.0,0.0,0.0,141499.1
1792863,IT,WA,EDUCA,FURNI,0.14,5659.722,3,3,5659.722,0.0,0.0,0.0,0.0,40426.585714
1740189,IT,GB,BUSIN,VEGE1,0.06,5659.097,3,3,5659.097,0.0,0.0,0.0,0.0,94318.283333
1680763,IT,GR,RETA1,COMPU,0.06,5658.827,3,3,5658.827,0.0,0.0,0.0,0.0,94313.783333
1766193,IT,RU,GLASS,ANTHR,0.02,5658.192,3,3,5658.192,0.0,0.0,0.0,0.0,282909.6
1644281,IT,BE,CROPS,COMPU,0.04,5658.182,3,3,5658.182,0.0,0.0,0.0,0.0,141454.55
1736820,IT,SK,COMPU,HEALT,0.06,5658.126,3,3,5658.126,0.0,0.0,0.0,0.0,94302.1
1779315,IT,TR,INSUR,KEROS,0.12,5658.103,3,3,5658.103,0.0,0.0,0.0,0.0,47150.858333
1748034,IT,JP,BUSIN,PLAST,0.06,5658.096,3,3,5658.096,0.0,0.0,0.0,0.0,94301.6
1732380,IT,SI,PLAST,FISH5,0.01,5658.06,3,3,5658.06,0.0,0.0,0.0,0.0,565806.0
1645158,IT,BE,PRINT,PREC1,0.05,5658.011,3,3,5658.011,0.0,0.0,0.0,0.0,113160.22
1801809,IT,WE,ELEC5,MEAT1,0.07,5657.995,3,3,5657.995,0.0,0.0,0.0,0.0,80828.5
1731589,IT,SI,TEXTI,PUBLI,0.03,5657.458,3,3,5657.458,0.0,0.0,0.0,0.0,188581.933333
1717239,IT,NL,POSTT,RAWMI,0.09,5657.302,3,3,5657.302,0.0,0.0,0.0,0.0,62858.911111
1758847,IT,BR,HOTEL,LEATH,0.04,5657.08,3,3,5657.08,0.0,0.0,0.0,0.0,141427.0
1678162,IT,FR,PLAS1,WOOD2,0.02,5657.013,3,3,5657.013,0.0,0.0,0.0,0.0,282850.65
1763732,IT,MX,GLASS,NONFE,0.02,5656.732,3,3,5656.732,0.0,0.0,0.0,0.0,282836.6
1764789,IT,MX,LANDT,CEMEN,0.04,5656.713,3,3,5656.713,0.0,0.0,0.0,0.0,141417.825
1783796,IT,NO,INERT,WOODW,0.04,5656.584,3,3,5656.584,0.0,0.0,0.0,0.0,141414.6
1650649,IT,BG,WHOLE,TOBAC,0.05,5656.254,3,3,5656.254,0.0,0.0,0.0,0.0,113125.08
1713540,IT,MT,GLASS,COMPU,0.02,5656.13,3,3,5656.13,0.0,0.0,0.0,0.0,282806.5
1723995,IT,PT,SALEM,RECRE,0.05,5655.867,3,3,5655.867,0.0,0.0,0.0,0.0,113117.34
1758327,IT,BR,COPP1,WHOLE,0.01,5655.856,3,3,5655.856,0.0,0.0,0.0,0.0,565585.6
1809822,IT,WM,FOOD5,DIST1,0.03,5655.625,3,3,5655.625,0.0,0.0,0.0,0.0,188520.833333
1760414,IT,IN,SUGA1,FISH5,0.01,5655.411,3,3,5655.411,0.0,0.0,0.0,0.0,565541.1
1647521,IT,BE,SUPPO,FOUND,0.04,5655.355,3,3,5655.355,0.0,0.0,0.0,0.0,141383.875
1735228,IT,SK,RUBBE,FOOD2,0.02,5654.934,3,3,5654.934,0.0,0.0,0.0,0.0,282746.7
1643457,IT,AT,LANDT,ELEC2,0.04,5654.873,3,3,5654.873,0.0,0.0,0.0,0.0,141371.825
1772144,IT,CH,AVIAT,MEMBE,0.01,5654.798,3,3,5654.798,0.0,0.0,0.0,0.0,565479.8
1669721,IT,ES,BUSIN,CEREA,0.06,5654.783,3,3,5654.783,0.0,0.0,0.0,0.0,94246.383333
1754165,IT,CA,SUPPO,NONME,0.04,5654.674,3,3,5654.674,0.0,0.0,0.0,0.0,141366.85
1684635,IT,HR,FOOD4,RECRE,0.04,5654.564,3,3,5654.564,0.0,0.0,0.0,0.0,141364.1
1754756,IT,KR,DAIRY,AIRTR,0.02,5654.171,3,3,5654.171,0.0,0.0,0.0,0.0,282708.55
1785047,IT,ID,BUSIN,AIRTR,0.06,5654.1,3,3,5654.1,0.0,0.0,0.0,0.0,94235.0
1750476,IT,CN,MACHI,KERO1,0.03,5654.076,3,3,5654.076,0.0,0.0,0.0,0.0,188469.2
1739352,IT,GB,RAILW,HEAVY,0.04,5654.009,3,3,5654.009,0.0,0.0,0.0,0.0,141350.225
1783960,IT,ID,MEAT4,FURNI,0.03,5653.823,3,3,5653.823,0.0,0.0,0.0,0.0,188460.766667
1748103,IT,JP,BUSIN,PLAS1,0.06,5653.483,3,3,5653.483,0.0,0.0,0.0,0.0,94224.716667
1771046,IT,CH,FORES,PUBLI,0.05,5653.462,4,4,5651.462,0.0,2.0,0.0,0.0,113069.24
1728614,IT,SE,PAPER,FOOD2,0.02,5653.197,3,3,5653.197,0.0,0.0,0.0,0.0,282659.85
1681659,IT,HR,VEGET,PLAST,0.02,5652.489,3,3,5652.489,0.0,0.0,0.0,0.0,282624.45
1752766,IT,CA,WOODW,BASIC,0.02,5652.355,3,3,5652.355,0.0,0.0,0.0,0.0,282617.75
1727423,IT,RO,FINAN,AIRTR,0.07,5652.042,3,3,5652.042,0.0,0.0,0.0,0.0,80743.457143
1652845,IT,CZ,PRINT,INSUR,0.05,5652.037,3,3,5652.037,0.0,0.0,0.0,0.0,113040.74
1811740,IT,WM,ADDIT,AVIAT,0.01,5651.893,3,3,5651.893,0.0,0.0,0.0,0.0,565189.3
1642695,IT,AT,MACHI,CROPS,0.03,5651.335,3,3,5651.335,0.0,0.0,0.0,0.0,188377.833333
1754873,IT,KR,FISH5,TRANS,0.02,5651.055,4,4,5651.052,0.0,0.0,0.0,0.003,282552.75
1798338,IT,WE,CROPS,MEMBE,0.04,5650.711,3,3,5650.711,0.0,0.0,0.0,0.0,141267.775
1688256,IT,IE,CROPS,MEATA,0.04,5650.463,3,3,5650.463,0.0,0.0,0.0,0.0,141261.575
1809270,IT,WM,CRUDE,RETAI,0.01,5650.399,3,3,5650.399,0.0,0.0,0.0,0.0,565039.9
1690516,IT,IE,TEXT2,LIQUE,0.04,5650.335,3,3,5650.335,0.0,0.0,0.0,0.0,141258.375
1664667,IT,EE,LANDT,RESEA,0.04,5650.026,3,3,5650.026,0.0,0.0,0.0,0.0,141250.65
1687362,IT,HU,HOTEL,TOBAC,0.04,5649.983,3,3,5649.983,0.0,0.0,0.0,0.0,141249.575
1805478,IT,WF,GLASS,COMPU,0.02,5649.907,3,3,5649.907,0.0,0.0,0.0,0.0,282495.35
1756544,IT,KR,WHOLE,MEMBE,0.05,5649.719,3,3,5649.719,0.0,0.0,0.0,0.0,112994.38
1750451,IT,CN,MACHI,COPPE,0.03,5649.639,3,3,5649.639,0.0,0.0,0.0,0.0,188321.3
1730733,IT,SE,BUSIN,VEGET,0.06,5649.405,3,3,5649.405,0.0,0.0,0.0,0.0,94156.75
1755889,IT,KR,NONME,OILHA,0.01,5649.231,3,3,5649.231,0.0,0.0,0.0,0.0,564923.1
1798342,IT,WE,CATTL,WEARI,0.01,5649.139,3,3,5649.139,0.0,0.0,0.0,0.0,564913.9
1737061,IT,GB,SANDC,LANDT,0.01,5649.008,4,4,5648.008,0.0,0.0,1.0,0.0,564900.8
1677252,IT,FR,FINAN,CRUDE,0.07,5648.602,3,3,5648.602,0.0,0.0,0.0,0.0,80694.314286
1670904,IT,FI,CHEM1,POULT,0.01,5648.364,3,3,5648.364,0.0,0.0,0.0,0.0,564836.4
1645083,IT,BE,PAPER,ELEC2,0.02,5648.309,3,3,5648.309,0.0,0.0,0.0,0.0,282415.45
1729721,IT,SE,MACHI,MEATC,0.03,5648.209,3,3,5648.209,0.0,0.0,0.0,0.0,188273.633333
1716754,IT,NL,RETA1,GLASS,0.06,5648.069,3,3,5648.069,0.0,0.0,0.0,0.0,94134.483333
1740911,IT,US,FOOD5,CHEMI,0.03,5647.878,3,3,5647.878,0.0,0.0,0.0,0.0,188262.6
1787538,IT,WA,CHEMI,LEAD1,0.01,5647.71,3,3,5647.71,0.0,0.0,0.0,0.0,564771.0
1796109,IT,WL,TRANS,MACHI,0.03,5647.448,3,3,5647.448,0.0,0.0,0.0,0.0,188248.266667
1735746,IT,SK,FABRI,RECRE,0.02,5647.107,3,3,5647.107,0.0,0.0,0.0,0.0,282355.35
1752044,IT,CN,BUSIN,PADDY,0.06,5647.098,3,3,5647.098,0.0,0.0,0.0,0.0,94118.3
1717487,IT,NL,REALE,PRINT,0.24,5647.027,3,3,5647.027,0.0,0.0,0.0,0.0,23529.279167
1647717,IT,BE,INSUR,RUBBE,0.12,5646.27,3,3,5646.27,0.0,0.0,0.0,0.0,47052.25
1710796,IT,LU,WOODW,BUSIN,0.02,5645.793,3,3,5645.793,0.0,0.0,0.0,0.0,282289.65
1652688,IT,CZ,PAPER,FISHF,0.02,5645.614,3,3,5645.614,0.0,0.0,0.0,0.0,282280.7
1758916,IT,BR,HOTEL,WASTE,0.04,5645.593,3,3,5645.593,0.0,0.0,0.0,0.0,141139.825
1689400,IT,IE,HOTEL,PIGS9,0.04,5645.292,3,3,5645.292,0.0,0.0,0.0,0.0,141132.3
1680728,IT,GR,RETA1,CEMEN,0.06,5645.264,3,3,5645.264,0.0,0.0,0.0,0.0,94087.733333
1784325,IT,ID,RUBBE,VEGET,0.02,5645.05,3,3,5645.05,0.0,0.0,0.0,0.0,282252.5
1682368,IT,HR,WOODW,COMPU,0.02,5644.641,3,3,5644.641,0.0,0.0,0.0,0.0,282232.05
1680267,IT,GR,FURNI,DAIRY,0.02,5644.371,3,3,5644.371,0.0,0.0,0.0,0.0,282218.55
1654083,IT,CZ,OFFIC,PAPER,0.02,5644.102,3,3,5644.102,0.0,0.0,0.0,0.0,282205.1
1726517,IT,RO,MACHI,DISTR,0.03,5643.845,3,3,5643.845,0.0,0.0,0.0,0.0,188128.166667
1711822,IT,LU,FOODW,RUBBE,0.04,5643.684,3,3,5643.684,0.0,0.0,0.0,0.0,141092.1
1798749,IT,WE,FOOD5,ANIMA,0.03,5643.123,3,3,5643.123,0.0,0.0,0.0,0.0,188104.1
1659082,IT,DE,ELEC4,HEALT,0.09,5642.871,3,3,5642.871,0.0,0.0,0.0,0.0,62698.566667
1678117,IT,FR,PAPE1,RESEA,0.04,5641.881,3,3,5641.881,0.0,0.0,0.0,0.0,141047.025
1735135,IT,SK,ADDIT,HEAVY,0.01,5641.575,3,3,5641.575,0.0,0.0,0.0,0.0,564157.5
1752572,IT,CA,BEVER,RENTI,0.02,5641.131,3,3,5641.131,0.0,0.0,0.0,0.0,282056.55
1712078,IT,LV,BEVER,TRANS,0.02,5641.09,3,3,5641.09,0.0,0.0,0.0,0.0,282054.5
1681820,IT,HR,MEAT4,REALE,0.03,5640.747,3,3,5640.747,0.0,0.0,0.0,0.0,188024.9
1709634,IT,LT,PRINT,MEAT1,0.05,5640.699,3,3,5640.699,0.0,0.0,0.0,0.0,112813.98
1783064,IT,NO,INSUR,NONME,0.12,5640.617,3,3,5640.617,0.0,0.0,0.0,0.0,47005.141667
1786287,IT,ZA,FABRI,NONF1,0.02,5640.603,3,3,5640.603,0.0,0.0,0.0,0.0,282030.15
1711643,IT,LU,COMPU,DAIRY,0.06,5640.454,3,3,5640.454,0.0,0.0,0.0,0.0,94007.566667
1746767,IT,JP,MACHI,STONE,0.03,5640.157,3,3,5640.157,0.0,0.0,0.0,0.0,188005.233333
1713262,IT,MT,PAPER,REALE,0.02,5640.095,3,3,5640.095,0.0,0.0,0.0,0.0,282004.75
1756551,IT,KR,RETA1,WEARI,0.06,5639.774,3,3,5639.774,0.0,0.0,0.0,0.0,93996.233333
1769243,IT,AU,RUBBE,PROCE,0.02,5639.703,3,3,5639.703,0.0,0.0,0.0,0.0,281985.15
1655846,IT,DE,VEGE1,INLAN,0.02,5639.477,3,3,5639.477,0.0,0.0,0.0,0.0,281973.85
1738985,IT,GB,SALEM,PLAST,0.05,5639.32,3,3,5639.32,0.0,0.0,0.0,0.0,112786.4
1798587,IT,WE,MEATC,LEATH,0.02,5639.093,3,3,5639.093,0.0,0.0,0.0,0.0,281954.65
1778552,IT,TR,RETA1,FURNI,0.06,5639.075,3,3,5639.075,0.0,0.0,0.0,0.0,93984.583333
1801857,IT,WE,CONST,VEGET,0.03,5638.854,3,3,5638.854,0.0,0.0,0.0,0.0,187961.8
1643111,IT,AT,WHOLE,AUXIL,0.05,5638.661,3,3,5638.661,0.0,0.0,0.0,0.0,112773.22
1726144,IT,RO,RUBBE,TEXT2,0.02,5638.419,3,3,5638.419,0.0,0.0,0.0,0.0,281920.95
1664990,IT,ES,CHEMI,WOODW,0.01,5638.228,3,3,5638.228,0.0,0.0,0.0,0.0,563822.8
1762816,IT,IN,PUBLI,CHEM1,0.09,5637.889,3,3,5637.889,0.0,0.0,0.0,0.0,62643.211111
1657223,IT,DE,CHEM1,PARAF,0.01,5637.561,3,3,5637.561,0.0,0.0,0.0,0.0,563756.1
1678855,IT,GR,FISH5,ANIMA,0.02,5637.423,4,4,5637.42,0.0,0.0,0.0,0.003,281871.15
1712546,IT,LV,MACHI,CROPS,0.03,5637.317,3,3,5637.317,0.0,0.0,0.0,0.0,187910.566667
1778491,IT,TR,RETA1,WHEAT,0.06,5636.837,3,3,5636.837,0.0,0.0,0.0,0.0,93947.283333
1775108,IT,CH,COMPU,RUBBE,0.06,5636.539,3,3,5636.539,0.0,0.0,0.0,0.0,93942.316667
1778558,IT,TR,RETA1,COKE1,0.06,5636.355,3,3,5636.355,0.0,0.0,0.0,0.0,93939.25
1681631,IT,GR,RECRE,BUSIN,0.07,5636.194,3,3,5636.194,0.0,0.0,0.0,0.0,80517.057143
1653110,IT,CZ,CHEM1,COALT,0.01,5636.193,3,3,5636.193,0.0,0.0,0.0,0.0,563619.3
1741365,IT,US,PRINT,RADIO,0.05,5636.143,3,3,5636.143,0.0,0.0,0.0,0.0,112722.86
1731154,IT,SI,STONE,RETA1,0.02,5636.046,3,3,5636.046,0.0,0.0,0.0,0.0,281802.3
1690331,IT,IE,FOOD2,RESEA,0.03,5635.397,3,3,5635.397,0.0,0.0,0.0,0.0,187846.566667
1655235,IT,CZ,WASTE,SEWAG,0.02,5635.389,3,3,5635.389,0.0,0.0,0.0,0.0,281769.45
1754250,IT,CA,POSTT,DISTR,0.09,5635.205,3,3,5635.205,0.0,0.0,0.0,0.0,62613.388889
1681383,IT,GR,AUXIL,MEMBE,0.1,5635.078,3,3,5635.078,0.0,0.0,0.0,0.0,56350.78
1678028,IT,FR,EDUCA,MACHI,0.14,5634.507,3,3,5634.507,0.0,0.0,0.0,0.0,40246.478571
1770688,IT,AU,INSUR,DISTR,0.12,5634.385,3,3,5634.385,0.0,0.0,0.0,0.0,46953.208333
1711184,IT,LU,MACHI,WHEAT,0.03,5634.351,3,3,5634.351,0.0,0.0,0.0,0.0,187811.7
1797916,IT,WL,FOOD4,CATTL,0.04,5633.493,3,3,5633.493,0.0,0.0,0.0,0.0,140837.325
1785115,IT,ZA,VEGE1,MEATC,0.02,5633.415,3,3,5633.415,0.0,0.0,0.0,0.0,281670.75
1764332,IT,MX,OFFIC,COLLE,0.02,5633.061,3,3,5633.061,0.0,0.0,0.0,0.0,281653.05
1656167,IT,DE,TEXTI,MEAT1,0.03,5632.916,3,3,5632.916,0.0,0.0,0.0,0.0,187763.866667
1812867,IT,WM,FABRI,BLAST,0.02,5632.781,3,3,5632.781,0.0,0.0,0.0,0.0,281639.05
1644010,IT,AT,BUSIN,SANDC,0.06,5632.772,3,3,5632.772,0.0,0.0,0.0,0.0,93879.533333
1644178,IT,AT,93197,93197,0.04,5632.156,3,3,5632.156,0.0,0.0,0.0,0.0,140803.9
1789252,IT,WA,PLAST,POSTT,0.01,5631.905,3,3,5631.905,0.0,0.0,0.0,0.0,563190.5
1689177,IT,IE,SALEM,RECRE,0.05,5631.253,3,3,5631.253,0.0,0.0,0.0,0.0,112625.06
1796573,IT,WL,HOTEL,RAWMI,0.04,5631.106,3,3,5631.106,0.0,0.0,0.0,0.0,140777.65
1731713,IT,SI,WOODW,INERT,0.02,5630.982,3,3,5630.982,0.0,0.0,0.0,0.0,281549.1
1716880,IT,NL,HOTEL,ELEC8,0.04,5630.92,3,3,5630.92,0.0,0.0,0.0,0.0,140773.0
1712101,IT,LV,BEVER,93197,0.02,5630.865,3,3,5630.865,0.0,0.0,0.0,0.0,281543.25
1760369,IT,IN,MEATP,HOTEL,0.02,5630.757,3,3,5630.757,0.0,0.0,0.0,0.0,281537.85
1650773,IT,BG,RAILW,CHEM1,0.04,5630.624,3,3,5630.624,0.0,0.0,0.0,0.0,140765.6
1746554,IT,JP,NONME,RETA1,0.01,5630.578,3,3,5630.578,0.0,0.0,0.0,0.0,563057.8
1779321,IT,TR,INSUR,PFERT,0.12,5630.475,3,3,5630.475,0.0,0.0,0.0,0.0,46920.625
1753973,IT,CA,LANDT,ALUM1,0.04,5630.368,3,3,5630.368,0.0,0.0,0.0,0.0,140759.2
1673567,IT,FR,WOODW,PLANT,0.02,5630.059,3,3,5630.059,0.0,0.0,0.0,0.0,281502.95
1745321,IT,JP,VEGE1,PRECI,0.02,5630.045,3,3,5630.045,0.0,0.0,0.0,0.0,281502.25
1726824,IT,RO,WHOLE,STEAM,0.05,5629.968,3,3,5629.968,0.0,0.0,0.0,0.0,112599.36
1724510,IT,PT,POSTT,WEARI,0.09,5629.879,3,3,5629.879,0.0,0.0,0.0,0.0,62554.211111
1752287,IT,CA,SANDC,HYDRO,0.01,5629.716,4,4,5628.716,0.0,0.0,1.0,0.0,562971.6
1781265,IT,NO,CHEMI,WOODW,0.01,5629.502,3,3,5629.502,0.0,0.0,0.0,0.0,562950.2
1731166,IT,SI,SANDC,ALUM1,0.01,5629.494,4,4,5628.494,0.0,0.0,1.0,0.0,562949.4
1648947,IT,BG,WEARI,RETA1,0.04,5628.999,3,3,5628.999,0.0,0.0,0.0,0.0,140724.975
1751208,IT,CN,HOTEL,BRICK,0.04,5628.933,3,3,5628.933,0.0,0.0,0.0,0.0,140723.325
1664176,IT,EE,GLASS,BEVER,0.02,5628.863,3,3,5628.863,0.0,0.0,0.0,0.0,281443.15
1790923,IT,WA,OFFIC,DISTR,0.02,5628.725,3,3,5628.725,0.0,0.0,0.0,0.0,281436.25
1711707,IT,LU,BUSIN,CEMEN,0.06,5628.657,3,3,5628.657,0.0,0.0,0.0,0.0,93810.95
1797856,IT,WL,FOOD2,COMPU,0.03,5628.01,3,3,5628.01,0.0,0.0,0.0,0.0,187600.333333
1783346,IT,NO,PAPE1,WASTE,0.04,5627.853,3,3,5627.853,0.0,0.0,0.0,0.0,140696.325
1711210,IT,LU,MACHI,PREC1,0.03,5627.705,3,3,5627.705,0.0,0.0,0.0,0.0,187590.166667
1777181,IT,TR,RUBBE,CEREA,0.02,5627.639,3,3,5627.639,0.0,0.0,0.0,0.0,281381.95
1733678,IT,SI,RAILW,CROPS,0.04,5627.635,3,3,5627.635,0.0,0.0,0.0,0.0,140690.875
1754624,IT,KR,FORES,WHOLE,0.05,5627.58,4,4,5625.58,0.0,2.0,0.0,0.0,112551.6
1711843,IT,LU,PAPE1,MACHI,0.04,5627.127,3,3,5627.127,0.0,0.0,0.0,0.0,140678.175
1724067,IT,PT,WHOLE,OFFIC,0.05,5626.732,3,3,5626.732,0.0,0.0,0.0,0.0,112534.64
1681304,IT,GR,INSUR,PULP5,0.12,5626.715,3,3,5626.715,0.0,0.0,0.0,0.0,46889.291667
1755862,IT,KR,NONME,PRINT,0.01,5626.668,3,3,5626.668,0.0,0.0,0.0,0.0,562666.8
1679134,IT,GR,PAPER,TRANS,0.02,5626.585,3,3,5626.585,0.0,0.0,0.0,0.0,281329.25
1684485,IT,HR,COMPU,WHOLE,0.06,5625.869,3,3,5625.869,0.0,0.0,0.0,0.0,93764.483333
1772457,IT,CH,CHEM1,OILHA,0.01,5625.582,3,3,5625.582,0.0,0.0,0.0,0.0,562558.2
1690386,IT,IE,WASTE,COMPU,0.02,5625.538,3,3,5625.538,0.0,0.0,0.0,0.0,281276.9
1785358,IT,ZA,WOODW,OFFIC,0.02,5625.486,3,3,5625.486,0.0,0.0,0.0,0.0,281274.3
1653238,IT,CZ,RUBBE,ADDIT,0.02,5625.242,3,3,5625.242,0.0,0.0,0.0,0.0,281262.1
1709745,IT,LT,CHEM1,RESEA,0.01,5625.018,3,3,5625.018,0.0,0.0,0.0,0.0,562501.8
1682379,IT,HR,PULP5,PAPER,0.02,5624.89,3,3,5624.89,0.0,0.0,0.0,0.0,281244.5
1715251,IT,NL,PAPER,FISHF,0.02,5624.826,3,3,5624.826,0.0,0.0,0.0,0.0,281241.3
1651264,IT,CY,VEGE1,MEATC,0.02,5624.761,3,3,5624.761,0.0,0.0,0.0,0.0,281238.05
1802903,IT,WE,93197,CROPS,0.04,5624.659,3,3,5624.659,0.0,0.0,0.0,0.0,140616.475
1788040,IT,WA,TEXTI,FOUND,0.03,5624.523,3,3,5624.523,0.0,0.0,0.0,0.0,187484.1
1792303,IT,WA,FINAN,PADDY,0.07,5623.979,3,3,5623.979,0.0,0.0,0.0,0.0,80342.557143
1735687,IT,SK,FABRI,BIOGA,0.02,5623.776,3,3,5623.776,0.0,0.0,0.0,0.0,281188.8
1802719,IT,WE,COMPU,RECRE,0.06,5623.547,3,3,5623.547,0.0,0.0,0.0,0.0,93725.783333
1717435,IT,NL,INSUR,AUXIL,0.12,5623.515,3,3,5623.515,0.0,0.0,0.0,0.0,46862.625
1778596,IT,TR,RETA1,INERT,0.06,5623.356,3,3,5623.356,0.0,0.0,0.0,0.0,93722.6
1725809,IT,RO,PRINT,PAPE4,0.05,5623.307,3,3,5623.307,0.0,0.0,0.0,0.0,112466.14
1722325,IT,PT,WOOLS,CATTL,0.02,5623.306,3,3,5623.306,0.0,0.0,0.0,0.0,281165.3
1758602,IT,BR,MOTO1,SEACO,0.03,5622.998,3,3,5622.998,0.0,0.0,0.0,0.0,187433.266667
1809310,IT,WM,STONE,LUBRI,0.02,5622.922,3,3,5622.922,0.0,0.0,0.0,0.0,281146.1
1714445,IT,NL,MEATA,BUSIN,0.03,5622.686,3,3,5622.686,0.0,0.0,0.0,0.0,187422.866667
1716952,IT,NL,RAILW,CONST,0.04,5622.511,3,3,5622.511,0.0,0.0,0.0,0.0,140562.775
1725730,IT,RO,PAPER,WOOD2,0.02,5622.399,3,3,5622.399,0.0,0.0,0.0,0.0,281119.95
1739235,IT,GB,RETA1,OILHA,0.06,5622.358,3,3,5622.358,0.0,0.0,0.0,0.0,93705.966667
1749498,IT,CN,WHITE,PFERT,0.03,5621.974,3,3,5621.974,0.0,0.0,0.0,0.0,187399.133333
1808709,IT,WF,TEXT2,FISHF,0.04,5621.665,3,3,5621.665,0.0,0.0,0.0,0.0,140541.625
1654689,IT,CZ,LANDT,GASWO,0.04,5621.42,3,3,5621.42,0.0,0.0,0.0,0.0,140535.5
1769267,IT,AU,RUBBE,BRICK,0.02,5621.328,3,3,5621.328,0.0,0.0,0.0,0.0,281066.4
1652116,IT,CZ,CHEMI,TRANS,0.01,5621.106,3,3,5621.106,0.0,0.0,0.0,0.0,562110.6
1791311,IT,WA,CONST,RECRE,0.03,5621.014,3,3,5621.014,0.0,0.0,0.0,0.0,187367.133333
1712012,IT,LV,SANDC,ELEC2,0.01,5620.539,4,4,5619.539,0.0,0.0,1.0,0.0,562053.9
1685158,IT,HU,BEVER,MEAT1,0.02,5620.323,3,3,5620.323,0.0,0.0,0.0,0.0,281016.15
1765357,IT,RU,FOOD5,RECRE,0.03,5620.177,3,3,5620.177,0.0,0.0,0.0,0.0,187339.233333
1763381,IT,MX,PRINT,COLLE,0.05,5619.941,3,3,5619.941,0.0,0.0,0.0,0.0,112398.82
1806577,IT,WF,CONST,WEARI,0.03,5619.862,3,3,5619.862,0.0,0.0,0.0,0.0,187328.733333
1768472,IT,AU,PROCE,WHOLE,0.04,5619.504,3,3,5619.504,0.0,0.0,0.0,0.0,140487.6
1650603,IT,BG,ELEC8,RETA1,0.07,5619.351,3,3,5619.351,0.0,0.0,0.0,0.0,80276.442857
1679114,IT,GR,PAPER,LUBRI,0.02,5619.035,3,3,5619.035,0.0,0.0,0.0,0.0,280951.75
1774064,IT,CH,WHOLE,MEATA,0.05,5618.872,3,3,5618.872,0.0,0.0,0.0,0.0,112377.44
1683891,IT,HR,TRANS,AIRTR,0.03,5618.741,3,3,5618.741,0.0,0.0,0.0,0.0,187291.366667
1782715,IT,NO,RETA1,WOODW,0.06,5618.457,3,3,5618.457,0.0,0.0,0.0,0.0,93640.95
1741113,IT,US,WEARI,CHEM1,0.04,5618.214,3,3,5618.214,0.0,0.0,0.0,0.0,140455.35
1787550,IT,WA,CHEMI,STEAM,0.01,5618.032,3,3,5618.032,0.0,0.0,0.0,0.0,561803.2
1738674,IT,GB,MACHI,NFERT,0.03,5617.888,3,3,5617.888,0.0,0.0,0.0,0.0,187262.933333
1712919,IT,LV,REALE,HEALT,0.24,5617.366,3,3,5617.366,0.0,0.0,0.0,0.0,23405.691667
1733294,IT,SI,MOTO1,FORES,0.03,5617.066,3,3,5617.066,0.0,0.0,0.0,0.0,187235.533333
1762903,IT,MX,STONE,WASTE,0.02,5616.964,3,3,5616.964,0.0,0.0,0.0,0.0,280848.2
1784234,IT,ID,PLAST,TRANS,0.01,5616.78,3,3,5616.78,0.0,0.0,0.0,0.0,561678.0
1784335,IT,ID,RUBBE,TEXTI,0.02,5616.532,3,3,5616.532,0.0,0.0,0.0,0.0,280826.6
1668171,IT,ES,SALEM,HOTEL,0.05,5615.55,3,3,5615.55,0.0,0.0,0.0,0.0,112311.0
1781336,IT,NO,DAIRY,CROPS,0.02,5615.282,3,3,5615.282,0.0,0.0,0.0,0.0,280764.1
1677531,IT,FR,AUXIL,PLAS1,0.1,5615.172,3,3,5615.172,0.0,0.0,0.0,0.0,56151.72
1757093,IT,KR,BUSIN,BUSIN,0.06,5614.998,3,3,5614.998,0.0,0.0,0.0,0.0,93583.3
1771892,IT,CH,PULP5,WHOLE,0.02,5614.937,3,3,5614.937,0.0,0.0,0.0,0.0,280746.85
1744677,IT,US,COMPU,BASIC,0.06,5614.732,3,3,5614.732,0.0,0.0,0.0,0.0,93578.866667
1745265,IT,JP,MEATP,FISHF,0.02,5614.648,3,3,5614.648,0.0,0.0,0.0,0.0,280732.4
1767581,IT,RU,SUPPO,BITUM,0.04,5614.239,3,3,5614.239,0.0,0.0,0.0,0.0,140355.975
1761409,IT,IN,NONME,DIST1,0.01,5614.185,3,3,5614.185,0.0,0.0,0.0,0.0,561418.5
1813564,IT,WM,WHOLE,CERAM,0.05,5614.027,3,3,5614.027,0.0,0.0,0.0,0.0,112280.54
1760766,IT,IN,PRINT,FABRI,0.05,5613.881,3,3,5613.881,0.0,0.0,0.0,0.0,112277.62
1766668,IT,RU,FABRI,ELEC6,0.02,5613.788,3,3,5613.788,0.0,0.0,0.0,0.0,280689.4
1734899,IT,SK,PAPER,INERT,0.02,5613.724,3,3,5613.724,0.0,0.0,0.0,0.0,280686.2
1723328,IT,PT,NONME,LEATH,0.01,5613.545,3,3,5613.545,0.0,0.0,0.0,0.0,561354.5
1787798,IT,WA,PROCE,ANIMA,0.04,5613.544,3,3,5613.544,0.0,0.0,0.0,0.0,140338.6
1646024,IT,BE,NONME,MEDIC,0.01,5613.539,3,3,5613.539,0.0,0.0,0.0,0.0,561353.9
1803630,IT,WF,FOOD5,PFERT,0.03,5612.915,3,3,5612.915,0.0,0.0,0.0,0.0,187097.166667
1647034,IT,BE,RETA1,COMPU,0.06,5612.797,3,3,5612.797,0.0,0.0,0.0,0.0,93546.616667
1712356,IT,LV,RUBBE,PUBLI,0.02,5612.6,3,3,5612.6,0.0,0.0,0.0,0.0,280630.0
1805443,IT,WF,GLASS,MEAT4,0.02,5612.474,3,3,5612.474,0.0,0.0,0.0,0.0,280623.7
1809949,IT,WM,FISH5,VEGE1,0.02,5611.807,4,4,5611.804,0.0,0.0,0.0,0.003,280590.35
1713993,IT,MT,WHOLE,WHOLE,0.05,5611.698,3,3,5611.698,0.0,0.0,0.0,0.0,112233.96
1801982,IT,WE,WHOLE,CATTL,0.05,5611.331,3,3,5611.331,0.0,0.0,0.0,0.0,112226.62
1783229,IT,NO,BUSIN,SUPPO,0.06,5611.083,3,3,5611.083,0.0,0.0,0.0,0.0,93518.05
1689078,IT,IE,FURNI,NONME,0.02,5610.778,3,3,5610.778,0.0,0.0,0.0,0.0,280538.9
1643112,IT,AT,WHOLE,REALE,0.05,5610.623,3,3,5610.623,0.0,0.0,0.0,0.0,112212.46
1796478,IT,WL,RETA1,VEGE1,0.06,5610.52,3,3,5610.52,0.0,0.0,0.0,0.0,93508.666667
1644779,IT,BE,FISH5,RECRE,0.02,5610.106,4,4,5610.103,0.0,0.0,0.0,0.003,280505.3
1752171,IT,CN,PUBLI,FISH5,0.09,5610.102,3,3,5610.102,0.0,0.0,0.0,0.0,62334.466667
1721676,IT,PL,FINAN,PRINT,0.07,5610.068,3,3,5610.068,0.0,0.0,0.0,0.0,80143.828571
1709351,IT,LT,DAIRY,POSTT,0.02,5609.924,3,3,5609.924,0.0,0.0,0.0,0.0,280496.2
1723230,IT,PT,RUBBE,WASTE,0.02,5609.922,3,3,5609.922,0.0,0.0,0.0,0.0,280496.1
1721863,IT,PL,REALE,FINAN,0.24,5609.592,3,3,5609.592,0.0,0.0,0.0,0.0,23373.3
1753415,IT,CA,FABRI,CROPS,0.02,5609.567,3,3,5609.567,0.0,0.0,0.0,0.0,280478.35
1739449,IT,GB,LANDT,COKEO,0.04,5609.308,3,3,5609.308,0.0,0.0,0.0,0.0,140232.7
1680709,IT,GR,RETA1,RAWMI,0.06,5609.202,3,3,5609.202,0.0,0.0,0.0,0.0,93486.7
1714286,IT,MT,BUSIN,RENTI,0.06,5608.845,3,3,5608.845,0.0,0.0,0.0,0.0,93480.75
1744726,IT,US,RESEA,ANIMA,0.03,5608.785,3,3,5608.785,0.0,0.0,0.0,0.0,186959.5
1685601,IT,HU,PRINT,HOTEL,0.05,5608.402,3,3,5608.402,0.0,0.0,0.0,0.0,112168.04
1681994,IT,HR,FOOD5,INTER,0.03,5608.371,3,3,5608.371,0.0,0.0,0.0,0.0,186945.7
1752145,IT,CN,BUSIN,TRAN2,0.06,5608.263,3,3,5608.263,0.0,0.0,0.0,0.0,93471.05
1771155,IT,CH,MEAT1,WHOLE,0.03,5608.22,3,3,5608.22,0.0,0.0,0.0,0.0,186940.666667
1807430,IT,WF,INSUR,RETA1,0.12,5608.09,3,3,5608.09,0.0,0.0,0.0,0.0,46734.083333
1717184,IT,NL,SUPPO,VEGET,0.04,5608.012,3,3,5608.012,0.0,0.0,0.0,0.0,140200.3
1710942,IT,LU,RUBBE,WOODW,0.02,5607.938,3,3,5607.938,0.0,0.0,0.0,0.0,280396.9
1787151,IT,ZA,PUBLI,PLAST,0.09,5607.633,3,3,5607.633,0.0,0.0,0.0,0.0,62307.033333
1651600,IT,CY,GLASS,PUBLI,0.02,5607.435,3,3,5607.435,0.0,0.0,0.0,0.0,280371.75
1662203,IT,DK,GLASS,CRUDE,0.02,5606.938,3,3,5606.938,0.0,0.0,0.0,0.0,280346.9
1793936,IT,WL,LEATH,CHARC,0.04,5606.915,3,3,5606.915,0.0,0.0,0.0,0.0,140172.875
1769851,IT,AU,OFFIC,RADIO,0.02,5606.875,3,3,5606.875,0.0,0.0,0.0,0.0,280343.75
1735711,IT,SK,FABRI,ELEC1,0.02,5606.854,3,3,5606.854,0.0,0.0,0.0,0.0,280342.7
1718658,IT,PL,WOODW,DAIRY,0.02,5606.737,3,3,5606.737,0.0,0.0,0.0,0.0,280336.85
1668147,IT,ES,SALEM,CHEM1,0.05,5606.623,3,3,5606.623,0.0,0.0,0.0,0.0,112132.46
1747966,IT,JP,RESEA,TRAN1,0.03,5606.348,3,3,5606.348,0.0,0.0,0.0,0.0,186878.266667
1787066,IT,ZA,COMPU,EDUCA,0.06,5606.165,3,3,5606.165,0.0,0.0,0.0,0.0,93436.083333
1712186,IT,LV,WOODW,STEAM,0.02,5606.066,3,3,5606.066,0.0,0.0,0.0,0.0,280303.3
1710525,IT,LT,SUPPO,FABRI,0.04,5606.03,3,3,5606.03,0.0,0.0,0.0,0.0,140150.75
1803917,IT,WF,WEARI,FABRI,0.04,5606.028,3,3,5606.028,0.0,0.0,0.0,0.0,140150.7
1678218,IT,FR,OILHA,COLLE,0.03,5605.986,3,3,5605.986,0.0,0.0,0.0,0.0,186866.2
1763886,IT,MX,NONME,REALE,0.01,5605.512,3,3,5605.512,0.0,0.0,0.0,0.0,560551.2
1745504,IT,JP,FOOD5,DISTR,0.03,5605.487,3,3,5605.487,0.0,0.0,0.0,0.0,186849.566667
1739404,IT,GB,RAILW,PLAS2,0.04,5605.287,3,3,5605.287,0.0,0.0,0.0,0.0,140132.175
1759938,IT,BR,PLAS1,PFERT,0.02,5604.895,3,3,5604.895,0.0,0.0,0.0,0.0,280244.75
1738888,IT,GB,FURNI,FISHF,0.02,5604.721,3,3,5604.721,0.0,0.0,0.0,0.0,280236.05
1733082,IT,SI,COPP1,93197,0.01,5604.585,3,3,5604.585,0.0,0.0,0.0,0.0,560458.5
1793209,IT,WA,PRIVA,CEREA,1.25,5604.558,3,3,5604.558,0.0,0.0,0.0,0.0,4483.6464
1791774,IT,WA,RAILW,BUSIN,0.04,5604.364,3,3,5604.364,0.0,0.0,0.0,0.0,140109.1
1651278,IT,CY,FOOD5,RAWMI,0.03,5604.081,3,3,5604.081,0.0,0.0,0.0,0.0,186802.7
1796398,IT,WL,WHOLE,BIODI,0.05,5603.562,3,3,5603.562,0.0,0.0,0.0,0.0,112071.24
1761326,IT,IN,GLASS,PRINT,0.02,5603.413,3,3,5603.413,0.0,0.0,0.0,0.0,280170.65
1811716,IT,WM,ADDIT,FORES,0.01,5603.189,3,3,5603.189,0.0,0.0,0.0,0.0,560318.9
1754904,IT,KR,TOBAC,REALE,0.02,5602.989,3,3,5602.989,0.0,0.0,0.0,0.0,280149.45
1670919,IT,FI,CHEM1,LEATH,0.01,5602.653,3,3,5602.653,0.0,0.0,0.0,0.0,560265.3
1802705,IT,WE,COMPU,LANDT,0.06,5602.616,3,3,5602.616,0.0,0.0,0.0,0.0,93376.933333
1781594,IT,NO,WEARI,OFFIC,0.04,5602.557,3,3,5602.557,0.0,0.0,0.0,0.0,140063.925
1712699,IT,LV,HOTEL,BASIC,0.04,5602.532,3,3,5602.532,0.0,0.0,0.0,0.0,140063.3
1736192,IT,SK,WHOLE,FABRI,0.05,5602.418,3,3,5602.418,0.0,0.0,0.0,0.0,112048.36
1653015,IT,CZ,PLAST,BITU1,0.01,5602.35,3,3,5602.35,0.0,0.0,0.0,0.0,560235.0
1732799,IT,SI,NONME,FOOD4,0.01,5602.035,3,3,5602.035,0.0,0.0,0.0,0.0,560203.5
1760384,IT,IN,VEGE1,PFERT,0.02,5601.958,3,3,5601.958,0.0,0.0,0.0,0.0,280097.9
1813756,IT,WM,HOTEL,MOTO1,0.04,5601.522,3,3,5601.522,0.0,0.0,0.0,0.0,140038.05
1797688,IT,WL,PLAS1,TEXTI,0.02,5601.458,3,3,5601.458,0.0,0.0,0.0,0.0,280072.9
1724595,IT,PT,FINAN,GASDI,0.07,5601.364,3,3,5601.364,0.0,0.0,0.0,0.0,80019.485714
1668090,IT,ES,CONST,FOOD5,0.03,5600.409,3,3,5600.409,0.0,0.0,0.0,0.0,186680.3
1795329,IT,WL,NONME,ADDIT,0.01,5600.239,3,3,5600.239,0.0,0.0,0.0,0.0,560023.9
1689944,IT,IE,REALE,FORES,0.24,5600.145,3,3,5600.145,0.0,0.0,0.0,0.0,23333.9375
1762009,IT,IN,WHOLE,WOODW,0.05,5600.103,3,3,5600.103,0.0,0.0,0.0,0.0,112002.06
1670076,IT,ES,WASTE,REALE,0.02,5599.658,3,3,5599.658,0.0,0.0,0.0,0.0,279982.9
1799243,IT,WE,LEATH,COKEO,0.04,5599.178,3,3,5599.178,0.0,0.0,0.0,0.0,139979.45
1797781,IT,WL,OILHA,DAIRY,0.03,5599.121,3,3,5599.121,0.0,0.0,0.0,0.0,186637.366667
1714453,IT,NL,FORES,PRINT,0.05,5599.006,4,4,5597.006,0.0,2.0,0.0,0.0,111980.12
1718560,IT,PL,WEARI,WHOLE,0.04,5599.005,3,3,5599.005,0.0,0.0,0.0,0.0,139975.125
1724543,IT,PT,POSTT,RETAI,0.09,5598.96,3,3,5598.96,0.0,0.0,0.0,0.0,62210.666667
1656155,IT,DE,TEXTI,SUGAR,0.03,5598.76,3,3,5598.76,0.0,0.0,0.0,0.0,186625.333333
1745433,IT,JP,DAIRY,CONST,0.02,5598.739,3,3,5598.739,0.0,0.0,0.0,0.0,279936.95
1687327,IT,HU,RETA1,TRAN2,0.06,5598.223,3,3,5598.223,0.0,0.0,0.0,0.0,93303.716667
1781596,IT,NO,WEARI,TRANS,0.04,5598.18,3,3,5598.18,0.0,0.0,0.0,0.0,139954.5
1649706,IT,BG,NONME,TRANS,0.01,5597.505,3,3,5597.505,0.0,0.0,0.0,0.0,559750.5
1809300,IT,WM,STONE,PRINT,0.02,5597.388,3,3,5597.388,0.0,0.0,0.0,0.0,279869.4
1739339,IT,GB,RAILW,DAIRY,0.04,5597.312,3,3,5597.312,0.0,0.0,0.0,0.0,139932.8
1740636,IT,US,CRUDE,ADDIT,0.01,5597.184,3,3,5597.184,0.0,0.0,0.0,0.0,559718.4
1725795,IT,RO,PRINT,AUXIL,0.05,5597.123,3,3,5597.123,0.0,0.0,0.0,0.0,111942.46
1713977,IT,MT,WHOLE,CHEM1,0.05,5596.961,3,3,5596.961,0.0,0.0,0.0,0.0,111939.22
1809785,IT,WM,FOOD5,ETHAN,0.03,5596.938,3,3,5596.938,0.0,0.0,0.0,0.0,186564.6
1725007,IT,PT,WASTE,NONF1,0.02,5596.729,3,3,5596.729,0.0,0.0,0.0,0.0,279836.45
1715172,IT,NL,WOODW,POULT,0.02,5596.712,3,3,5596.712,0.0,0.0,0.0,0.0,279835.6
1788374,IT,WA,WOODW,TEXTI,0.02,5596.64,3,3,5596.64,0.0,0.0,0.0,0.0,279832.0
1740278,IT,GB,BUSIN,FOODW,0.06,5596.335,3,3,5596.335,0.0,0.0,0.0,0.0,93272.25
1759846,IT,BR,FOODW,OFFIC,0.04,5596.236,3,3,5596.236,0.0,0.0,0.0,0.0,139905.9
1780683,IT,TW,AUXIL,PUBLI,0.1,5595.865,3,3,5595.865,0.0,0.0,0.0,0.0,55958.65
1716636,IT,NL,RETAI,FOOD5,0.04,5595.736,3,3,5595.736,0.0,0.0,0.0,0.0,139893.4
1727302,IT,RO,POSTT,PRINT,0.09,5595.308,3,3,5595.308,0.0,0.0,0.0,0.0,62170.088889
1717458,IT,NL,AUXIL,FABRI,0.1,5595.252,3,3,5595.252,0.0,0.0,0.0,0.0,55952.52
1677491,IT,FR,AUXIL,BRICK,0.1,5594.279,3,3,5594.279,0.0,0.0,0.0,0.0,55942.79
1787842,IT,WA,FOOD5,WEARI,0.03,5594.198,3,3,5594.198,0.0,0.0,0.0,0.0,186473.266667
1809084,IT,WM,CROPS,COPPE,0.04,5594.109,3,3,5594.109,0.0,0.0,0.0,0.0,139852.725
1657795,IT,DE,NONME,LIQUI,0.01,5593.612,3,3,5593.612,0.0,0.0,0.0,0.0,559361.2
1644503,IT,BE,DAIRY,KEROS,0.02,5593.546,3,3,5593.546,0.0,0.0,0.0,0.0,279677.3
1643822,IT,AT,FINAN,ELEC5,0.07,5593.377,3,3,5593.377,0.0,0.0,0.0,0.0,79905.385714
1651742,IT,CY,MACHI,TRANS,0.03,5593.338,3,3,5593.338,0.0,0.0,0.0,0.0,186444.6
1774271,IT,CH,RETA1,PAPE3,0.06,5593.19,3,3,5593.19,0.0,0.0,0.0,0.0,93219.833333
1727118,IT,RO,LANDT,CERAM,0.04,5593.16,3,3,5593.16,0.0,0.0,0.0,0.0,139829.0
1735972,IT,SK,MOTO1,FINAN,0.03,5592.63,3,3,5592.63,0.0,0.0,0.0,0.0,186421.0
1750280,IT,CN,COPP1,PUBLI,0.01,5592.532,3,3,5592.532,0.0,0.0,0.0,0.0,559253.2
1797507,IT,WL,BUSIN,GASDI,0.06,5592.529,3,3,5592.529,0.0,0.0,0.0,0.0,93208.816667
1749798,IT,CN,RUBBE,OILSE,0.02,5592.316,3,3,5592.316,0.0,0.0,0.0,0.0,279615.8
1756865,IT,KR,POSTT,DISTR,0.09,5592.16,3,3,5592.16,0.0,0.0,0.0,0.0,62135.111111
1740453,IT,GB,WASTE,DIST1,0.02,5591.961,3,3,5591.961,0.0,0.0,0.0,0.0,279598.05
1686888,IT,HU,MACHI,ANIMA,0.03,5591.723,3,3,5591.723,0.0,0.0,0.0,0.0,186390.766667
1783072,IT,NO,INSUR,OFFIC,0.12,5591.612,3,3,5591.612,0.0,0.0,0.0,0.0,46596.766667
1713277,IT,MT,PRINT,RADIO,0.05,5591.605,3,3,5591.605,0.0,0.0,0.0,0.0,111832.1
1644584,IT,BE,FOOD5,STONE,0.03,5591.405,3,3,5591.405,0.0,0.0,0.0,0.0,186380.166667
1788329,IT,WA,LEATH,INLAN,0.04,5591.256,3,3,5591.256,0.0,0.0,0.0,0.0,139781.4
1687259,IT,HU,WHOLE,CERAM,0.05,5591.013,3,3,5591.013,0.0,0.0,0.0,0.0,111820.26
1756611,IT,KR,RAILW,ELECT,0.04,5591.006,3,3,5591.006,0.0,0.0,0.0,0.0,139775.15
1713437,IT,MT,PLAST,REALE,0.01,5590.952,3,3,5590.952,0.0,0.0,0.0,0.0,559095.2
1731543,IT,SI,TEXTI,MEATP,0.03,5590.729,3,3,5590.729,0.0,0.0,0.0,0.0,186357.633333
1766164,IT,RU,RUBBE,INSUR,0.02,5590.564,3,3,5590.564,0.0,0.0,0.0,0.0,279528.2
1664048,IT,EE,PLAST,93197,0.01,5590.349,3,3,5590.349,0.0,0.0,0.0,0.0,559034.9
1776104,IT,TR,WEARI,HEALT,0.04,5590.241,3,3,5590.241,0.0,0.0,0.0,0.0,139756.025
1738909,IT,GB,FURNI,OFFIC,0.02,5590.225,3,3,5590.225,0.0,0.0,0.0,0.0,279511.25
1780609,IT,TW,INSUR,LEAD1,0.12,5590.206,3,3,5590.206,0.0,0.0,0.0,0.0,46585.05
1725671,IT,RO,PAPER,LIQUE,0.02,5590.135,3,3,5590.135,0.0,0.0,0.0,0.0,279506.75
1649048,IT,BG,WOODW,93197,0.02,5590.115,3,3,5590.115,0.0,0.0,0.0,0.0,279505.75
1783468,IT,NO,WOOD1,CRUDE,0.04,5589.579,3,3,5589.579,0.0,0.0,0.0,0.0,139739.475
1781299,IT,NO,VEGE1,MEATC,0.02,5589.369,3,3,5589.369,0.0,0.0,0.0,0.0,279468.45
1775089,IT,CH,RENTI,WOOD1,0.03,5588.924,3,3,5588.924,0.0,0.0,0.0,0.0,186297.466667
1653760,IT,CZ,COPP1,SECO9,0.01,5588.916,3,3,5588.916,0.0,0.0,0.0,0.0,558891.6
1663634,IT,DK,BUSIN,ELEC7,0.06,5588.681,3,3,5588.681,0.0,0.0,0.0,0.0,93144.683333
1711391,IT,LU,RETA1,LANDT,0.06,5588.614,3,3,5588.614,0.0,0.0,0.0,0.0,93143.566667
1753658,IT,CA,MOTO1,BITUM,0.03,5588.464,3,3,5588.464,0.0,0.0,0.0,0.0,186282.133333
1752172,IT,CN,PUBLI,TEXTI,0.09,5588.291,3,3,5588.291,0.0,0.0,0.0,0.0,62092.122222
1650991,IT,BG,SUPPO,ELEC3,0.04,5588.289,3,3,5588.289,0.0,0.0,0.0,0.0,139707.225
1798348,IT,WE,POULT,TOBAC,0.01,5587.991,3,3,5587.991,0.0,0.0,0.0,0.0,558799.1
1754296,IT,CA,INSUR,CEREA,0.12,5587.862,3,3,5587.862,0.0,0.0,0.0,0.0,46565.516667
1664638,IT,EE,LANDT,BASIC,0.04,5587.803,3,3,5587.803,0.0,0.0,0.0,0.0,139695.075
1745609,IT,JP,TEXTI,PADDY,0.03,5587.671,3,3,5587.671,0.0,0.0,0.0,0.0,186255.7
1799034,IT,WE,TEXTI,CERAM,0.03,5587.62,3,3,5587.62,0.0,0.0,0.0,0.0,186254.0
1771362,IT,CH,PROCE,INSUR,0.04,5587.086,3,3,5587.086,0.0,0.0,0.0,0.0,139677.15
1801656,IT,WE,FURNI,NFERT,0.02,5586.91,3,3,5586.91,0.0,0.0,0.0,0.0,279345.5
1762047,IT,IN,RETA1,PADDY,0.06,5586.427,3,3,5586.427,0.0,0.0,0.0,0.0,93107.116667
1814438,IT,WM,RENTI,CONST,0.03,5586.248,3,3,5586.248,0.0,0.0,0.0,0.0,186208.266667
1739282,IT,GB,HOTEL,BIODI,0.04,5586.184,3,3,5586.184,0.0,0.0,0.0,0.0,139654.6
1800607,IT,WE,GLASS,ALUM1,0.02,5585.914,3,3,5585.914,0.0,0.0,0.0,0.0,279295.7
1667026,IT,ES,NONME,MEAT1,0.01,5585.711,3,3,5585.711,0.0,0.0,0.0,0.0,558571.1
1720957,IT,PL,WHOLE,GASDI,0.05,5585.501,3,3,5585.501,0.0,0.0,0.0,0.0,111710.02
1782076,IT,NO,GLASS,ALUM1,0.02,5585.414,3,3,5585.414,0.0,0.0,0.0,0.0,279270.7
1783144,IT,NO,REALE,MACHI,0.24,5585.265,3,3,5585.265,0.0,0.0,0.0,0.0,23271.9375
1759827,IT,BR,HEALT,PAPER,0.03,5585.181,3,3,5585.181,0.0,0.0,0.0,0.0,186172.7
1734296,IT,SI,BUSIN,WOODW,0.06,5585.131,3,3,5585.131,0.0,0.0,0.0,0.0,93085.516667
1662285,IT,DK,NONME,CRUDE,0.01,5585.086,3,3,5585.086,0.0,0.0,0.0,0.0,558508.6
1717206,IT,NL,SUPPO,FURNI,0.04,5584.99,3,3,5584.99,0.0,0.0,0.0,0.0,139624.75
1811812,IT,WM,BIODI,CRUDE,0.01,5584.883,3,3,5584.883,0.0,0.0,0.0,0.0,558488.3
1719173,IT,PL,PLAST,ELEC5,0.01,5584.481,3,3,5584.481,0.0,0.0,0.0,0.0,558448.1
1755765,IT,KR,GLASS,AUXIL,0.02,5584.21,3,3,5584.21,0.0,0.0,0.0,0.0,279210.5
1808825,IT,WF,MEMBE,VEGET,0.07,5584.182,3,3,5584.182,0.0,0.0,0.0,0.0,79774.028571
1770001,IT,AU,FURNI,PFERT,0.02,5584.1,3,3,5584.1,0.0,0.0,0.0,0.0,279205.0
1814459,IT,WM,COMPU,SALEM,0.06,5583.991,3,3,5583.991,0.0,0.0,0.0,0.0,93066.516667
1671399,IT,FI,FABRI,WEARI,0.02,5583.861,3,3,5583.861,0.0,0.0,0.0,0.0,279193.05
1669296,IT,ES,FINAN,BRICK,0.07,5583.496,3,3,5583.496,0.0,0.0,0.0,0.0,79764.228571
1775772,IT,TR,CRUDE,INLAN,0.01,5583.434,3,3,5583.434,0.0,0.0,0.0,0.0,558343.4
1770852,IT,AU,BUSIN,PLAST,0.06,5583.392,3,3,5583.392,0.0,0.0,0.0,0.0,93056.533333
1771246,IT,CH,VEGE1,TRAN1,0.02,5583.099,3,3,5583.099,0.0,0.0,0.0,0.0,279154.95
1644393,IT,BE,MEATC,PUBLI,0.02,5582.794,3,3,5582.794,0.0,0.0,0.0,0.0,279139.7
1686028,IT,HU,BIODI,INSUR,0.01,5582.755,3,3,5582.755,0.0,0.0,0.0,0.0,558275.5
1791811,IT,WA,LANDT,LEATH,0.04,5582.344,3,3,5582.344,0.0,0.0,0.0,0.0,139558.6
1664420,IT,EE,MACHI,ELECT,0.03,5582.324,3,3,5582.324,0.0,0.0,0.0,0.0,186077.466667
1717470,IT,NL,AUXIL,RENTI,0.1,5582.098,3,3,5582.098,0.0,0.0,0.0,0.0,55820.98
1729148,IT,SE,GLASS,BASIC,0.02,5581.914,3,3,5581.914,0.0,0.0,0.0,0.0,279095.7
1726052,IT,RO,ADDIT,NONSP,0.01,5581.7,3,3,5581.7,0.0,0.0,0.0,0.0,558170.0
1668511,IT,ES,HOTEL,WHITE,0.04,5581.102,3,3,5581.102,0.0,0.0,0.0,0.0,139527.55
1719339,IT,PL,BIOGA,SUPPO,0.01,5581.058,3,3,5581.058,0.0,0.0,0.0,0.0,558105.8
1778388,IT,TR,RETAI,INERT,0.04,5581.055,3,3,5581.055,0.0,0.0,0.0,0.0,139526.375
1751990,IT,CN,RESEA,BIOGA,0.03,5580.814,3,3,5580.814,0.0,0.0,0.0,0.0,186027.133333
1681534,IT,GR,BUSIN,BIODI,0.06,5580.699,3,3,5580.699,0.0,0.0,0.0,0.0,93011.65
1792733,IT,WA,BUSIN,REFI1,0.06,5579.914,3,3,5579.914,0.0,0.0,0.0,0.0,92998.566667
1726163,IT,RO,GLASS,BIODI,0.02,5579.69,3,3,5579.69,0.0,0.0,0.0,0.0,278984.5
1660512,IT,DE,INSUR,COLLE,0.12,5579.648,3,3,5579.648,0.0,0.0,0.0,0.0,46497.066667
1791595,IT,WA,HOTEL,CEREA,0.04,5578.956,3,3,5578.956,0.0,0.0,0.0,0.0,139473.9
1731246,IT,SI,MEATP,SUGA1,0.02,5578.825,3,3,5578.825,0.0,0.0,0.0,0.0,278941.25
1773269,IT,CH,FABRI,FOOD1,0.02,5578.613,3,3,5578.613,0.0,0.0,0.0,0.0,278930.65
1677957,IT,FR,BUSIN,PLAS2,0.06,5578.584,3,3,5578.584,0.0,0.0,0.0,0.0,92976.4
1752678,IT,CA,WEARI,WHOLE,0.04,5578.407,3,3,5578.407,0.0,0.0,0.0,0.0,139460.175
1723128,IT,PT,CHEM1,HEALT,0.01,5578.017,3,3,5578.017,0.0,0.0,0.0,0.0,557801.7
1791614,IT,WA,HOTEL,NATU1,0.04,5577.919,3,3,5577.919,0.0,0.0,0.0,0.0,139447.975
1718578,IT,PL,WEARI,93197,0.04,5577.863,3,3,5577.863,0.0,0.0,0.0,0.0,139446.575
1769598,IT,AU,FABRI,POULT,0.02,5577.709,3,3,5577.709,0.0,0.0,0.0,0.0,278885.45
1715895,IT,NL,RUBBE,FOOD3,0.02,5577.649,3,3,5577.649,0.0,0.0,0.0,0.0,278882.45
1649516,IT,BG,RUBBE,FISH5,0.02,5577.451,3,3,5577.451,0.0,0.0,0.0,0.0,278872.55
1767911,IT,RU,RENTI,NATUR,0.03,5577.422,3,3,5577.422,0.0,0.0,0.0,0.0,185914.066667
1668356,IT,ES,WHOLE,WOOD2,0.05,5577.404,3,3,5577.404,0.0,0.0,0.0,0.0,111548.08
1713938,IT,MT,CONST,SEACO,0.03,5577.358,3,3,5577.358,0.0,0.0,0.0,0.0,185911.933333
1762949,IT,MX,VEGE1,LEATH,0.02,5577.351,3,3,5577.351,0.0,0.0,0.0,0.0,278867.55
1760716,IT,IN,PAPER,COLLE,0.02,5577.327,3,3,5577.327,0.0,0.0,0.0,0.0,278866.35
1723107,IT,PT,CHEM1,ELEC7,0.01,5577.225,3,3,5577.225,0.0,0.0,0.0,0.0,557722.5
1724835,IT,PT,BUSIN,RAWMI,0.06,5576.988,3,3,5576.988,0.0,0.0,0.0,0.0,92949.8
1672598,IT,FR,MEATA,MEAT4,0.03,5576.877,3,3,5576.877,0.0,0.0,0.0,0.0,185895.9
1689040,IT,IE,OFFIC,PUBLI,0.02,5576.51,3,3,5576.51,0.0,0.0,0.0,0.0,278825.5
1640709,IT,AT,TOBAC,PUBLI,0.02,5576.006,3,3,5576.006,0.0,0.0,0.0,0.0,278800.3
1654109,IT,CZ,OFFIC,RAILW,0.02,5575.955,3,3,5575.955,0.0,0.0,0.0,0.0,278797.75
1709309,IT,LT,STONE,SUPPO,0.02,5575.952,3,3,5575.952,0.0,0.0,0.0,0.0,278797.6
1753444,IT,CA,FABRI,REFI1,0.02,5575.755,3,3,5575.755,0.0,0.0,0.0,0.0,278787.75
1750450,IT,CN,MACHI,NATU1,0.03,5575.341,3,3,5575.341,0.0,0.0,0.0,0.0,185844.7
1740981,IT,US,BEVER,ELEC2,0.02,5575.169,3,3,5575.169,0.0,0.0,0.0,0.0,278758.45
1797890,IT,WL,WASTE,FISH5,0.02,5575.127,3,3,5575.127,0.0,0.0,0.0,0.0,278756.35
1652007,IT,CZ,VEGET,LEATH,0.02,5575.1,3,3,5575.1,0.0,0.0,0.0,0.0,278755.0
1687856,IT,HU,INSUR,ELEC1,0.11,5574.969,3,3,5574.969,0.0,0.0,0.0,0.0,50681.536364
1766934,IT,RU,MOTO1,MEATP,0.03,5574.599,3,3,5574.599,0.0,0.0,0.0,0.0,185819.966667
1648813,IT,BG,FISH5,PAPER,0.02,5574.482,4,4,5574.479,0.0,0.0,0.0,0.003,278724.1
1796103,IT,WL,TRANS,ALUM1,0.03,5573.79,3,3,5573.79,0.0,0.0,0.0,0.0,185793.0
1644548,IT,BE,PROCE,KEROS,0.04,5573.039,3,3,5573.039,0.0,0.0,0.0,0.0,139325.975
1686332,IT,HU,NONME,LEAD1,0.01,5572.992,3,3,5572.992,0.0,0.0,0.0,0.0,557299.2
1670435,IT,FI,FOOD5,RETAI,0.03,5572.814,3,3,5572.814,0.0,0.0,0.0,0.0,185760.466667
1666748,IT,ES,RUBBE,CHARC,0.02,5572.511,3,3,5572.511,0.0,0.0,0.0,0.0,278625.55
1813087,IT,WM,OFFIC,INERT,0.02,5572.257,3,3,5572.257,0.0,0.0,0.0,0.0,278612.85
1745303,IT,JP,MEAT4,NONME,0.03,5572.116,3,3,5572.116,0.0,0.0,0.0,0.0,185737.2
1803409,IT,WF,MEATC,VEGET,0.02,5572.047,3,3,5572.047,0.0,0.0,0.0,0.0,278602.35
1720616,IT,PL,MOTO1,MEAT1,0.03,5571.934,3,3,5571.934,0.0,0.0,0.0,0.0,185731.133333
1796720,IT,WL,RAILW,93197,0.04,5571.913,3,3,5571.913,0.0,0.0,0.0,0.0,139297.825
1765557,IT,RU,LEATH,OFFIC,0.04,5571.861,3,3,5571.861,0.0,0.0,0.0,0.0,139296.525
1685123,IT,HU,FOOD5,DISTR,0.03,5571.729,3,3,5571.729,0.0,0.0,0.0,0.0,185724.3
1755227,IT,KR,WOODW,HEALT,0.02,5571.19,3,3,5571.19,0.0,0.0,0.0,0.0,278559.5
1769317,IT,AU,GLASS,PLANT,0.02,5571.16,3,3,5571.16,0.0,0.0,0.0,0.0,278558.0
1733533,IT,SI,WHOLE,PAPE4,0.05,5570.712,3,3,5570.712,0.0,0.0,0.0,0.0,111414.24
1656132,IT,DE,FISH5,MEDIC,0.02,5570.678,4,4,5570.675,0.0,0.0,0.0,0.003,278533.9
1737179,IT,GB,DAIRY,PROCE,0.02,5570.485,3,3,5570.485,0.0,0.0,0.0,0.0,278524.25
1738814,IT,GB,MOTO1,BRICK,0.03,5570.472,3,3,5570.472,0.0,0.0,0.0,0.0,185682.4
1721323,IT,PL,LANDT,WOOD2,0.04,5570.395,3,3,5570.395,0.0,0.0,0.0,0.0,139259.875
1770384,IT,AU,LANDT,MACHI,0.04,5570.1,3,3,5570.1,0.0,0.0,0.0,0.0,139252.5
1675548,IT,FR,MOTO1,STONE,0.03,5570.017,3,3,5570.017,0.0,0.0,0.0,0.0,185667.233333
1762702,IT,IN,BUSIN,DAIRY,0.06,5569.884,3,3,5569.884,0.0,0.0,0.0,0.0,92831.4
1803477,IT,WF,MEAT4,WHOLE,0.03,5569.747,3,3,5569.747,0.0,0.0,0.0,0.0,185658.233333
1677879,IT,FR,BUSIN,BITU1,0.06,5569.685,3,3,5569.685,0.0,0.0,0.0,0.0,92828.083333
1718254,IT,PL,FOOD5,FISHF,0.03,5569.395,3,3,5569.395,0.0,0.0,0.0,0.0,185646.5
1742189,IT,US,GLASS,ELEC1,0.02,5569.231,3,3,5569.231,0.0,0.0,0.0,0.0,278461.55
1642993,IT,AT,CONST,NONFE,0.03,5568.832,3,3,5568.832,0.0,0.0,0.0,0.0,185627.733333
1664178,IT,EE,GLASS,PULP5,0.02,5568.768,3,3,5568.768,0.0,0.0,0.0,0.0,278438.4
1746746,IT,JP,FABRI,FOODW,0.02,5568.485,3,3,5568.485,0.0,0.0,0.0,0.0,278424.25
1758101,IT,BR,GLASS,ELEC4,0.02,5568.476,3,3,5568.476,0.0,0.0,0.0,0.0,278423.8
1759366,IT,BR,FINAN,SALEM,0.07,5568.314,3,3,5568.314,0.0,0.0,0.0,0.0,79547.342857
1808260,IT,WF,FOOD2,CHEMI,0.03,5568.193,3,3,5568.193,0.0,0.0,0.0,0.0,185606.433333
1712175,IT,LV,WOODW,CEREA,0.02,5567.538,3,3,5567.538,0.0,0.0,0.0,0.0,278376.9
1734734,IT,SK,LEATH,TRAN2,0.04,5567.487,3,3,5567.487,0.0,0.0,0.0,0.0,139187.175
1802843,IT,WE,PLAS1,RETA1,0.02,5566.885,3,3,5566.885,0.0,0.0,0.0,0.0,278344.25
1755114,IT,KR,LEATH,HEAVY,0.04,5566.719,3,3,5566.719,0.0,0.0,0.0,0.0,139167.975
1798204,IT,WE,VEGET,SUGA1,0.02,5566.445,3,3,5566.445,0.0,0.0,0.0,0.0,278322.25
1690535,IT,IE,WOOD2,RETA1,0.03,5566.405,3,3,5566.405,0.0,0.0,0.0,0.0,185546.833333
1648284,IT,BE,PUBLI,REFI1,0.09,5566.318,3,3,5566.318,0.0,0.0,0.0,0.0,61847.977778
1725807,IT,RO,PRINT,WASTE,0.05,5566.254,3,3,5566.254,0.0,0.0,0.0,0.0,111325.08
1797281,IT,WL,INSUR,RUBBE,0.11,5565.954,3,3,5565.954,0.0,0.0,0.0,0.0,50599.581818
1670004,IT,ES,HEALT,DIST1,0.03,5565.764,3,3,5565.764,0.0,0.0,0.0,0.0,185525.466667
1686038,IT,HU,BIODI,PAPE4,0.01,5565.632,3,3,5565.632,0.0,0.0,0.0,0.0,556563.2
1646426,IT,BE,MACHI,CEREA,0.03,5565.365,3,3,5565.365,0.0,0.0,0.0,0.0,185512.166667
1664325,IT,EE,FABRI,FISH5,0.02,5565.211,3,3,5565.211,0.0,0.0,0.0,0.0,278260.55
1689056,IT,IE,MOTO1,PUBLI,0.03,5565.204,3,3,5565.204,0.0,0.0,0.0,0.0,185506.8
1785107,IT,ZA,MEAT4,REALE,0.03,5564.786,3,3,5564.786,0.0,0.0,0.0,0.0,185492.866667
1768298,IT,AU,STONE,NATUR,0.02,5564.689,3,3,5564.689,0.0,0.0,0.0,0.0,278234.45
1795049,IT,WL,ADDIT,RUBBE,0.01,5564.502,3,3,5564.502,0.0,0.0,0.0,0.0,556450.2
1680841,IT,GR,RAILW,MEMBE,0.04,5564.376,3,3,5564.376,0.0,0.0,0.0,0.0,139109.4
1809618,IT,WM,DAIRY,MEATC,0.02,5564.319,3,3,5564.319,0.0,0.0,0.0,0.0,278215.95
1746071,IT,JP,PRINT,RUBBE,0.05,5564.251,3,3,5564.251,0.0,0.0,0.0,0.0,111285.02
1807729,IT,WF,BUSIN,MEMBE,0.06,5564.204,3,3,5564.204,0.0,0.0,0.0,0.0,92736.733333
1663035,IT,DK,HOTEL,STEAM,0.04,5563.691,3,3,5563.691,0.0,0.0,0.0,0.0,139092.275
1739217,IT,GB,RETA1,TRAN2,0.06,5563.525,3,3,5563.525,0.0,0.0,0.0,0.0,92725.416667
1687035,IT,HU,OFFIC,93197,0.02,5563.26,3,3,5563.26,0.0,0.0,0.0,0.0,278163.0
1713201,IT,MT,WEARI,RECRE,0.04,5563.126,3,3,5563.126,0.0,0.0,0.0,0.0,139078.15
1791191,IT,WA,FURNI,WEARI,0.02,5562.686,3,3,5562.686,0.0,0.0,0.0,0.0,278134.3
1788590,IT,WA,PAPER,SUPPO,0.02,5562.291,3,3,5562.291,0.0,0.0,0.0,0.0,278114.55
1769428,IT,AU,NONME,VEGE1,0.01,5561.859,3,3,5561.859,0.0,0.0,0.0,0.0,556185.9
1652694,IT,CZ,PAPER,MEAT4,0.02,5561.731,3,3,5561.731,0.0,0.0,0.0,0.0,278086.55
1795303,IT,WL,NONME,OILSE,0.01,5561.365,3,3,5561.365,0.0,0.0,0.0,0.0,556136.5
1807934,IT,WF,PLAS1,LEATH,0.02,5561.214,3,3,5561.214,0.0,0.0,0.0,0.0,278060.7
1649115,IT,BG,PAPER,ELEC1,0.02,5561.108,3,3,5561.108,0.0,0.0,0.0,0.0,278055.4
1642042,IT,AT,GLASS,WHEAT,0.02,5561.039,3,3,5561.039,0.0,0.0,0.0,0.0,278051.95
1728323,IT,SE,FISH5,MEATP,0.02,5561.003,4,4,5561.0,0.0,0.0,0.0,0.003,278050.15
1640673,IT,AT,FISH5,MEAT4,0.02,5560.88,4,4,5560.877,0.0,0.0,0.0,0.003,278044.0
1756596,IT,KR,RAILW,MOTOR,0.04,5560.688,3,3,5560.688,0.0,0.0,0.0,0.0,139017.2
1712527,IT,LV,FABRI,HOTEL,0.02,5560.522,3,3,5560.522,0.0,0.0,0.0,0.0,278026.1
1661371,IT,DK,MEATP,HEALT,0.02,5560.176,3,3,5560.176,0.0,0.0,0.0,0.0,278008.8
1711556,IT,LU,FINAN,FOOD5,0.07,5560.043,3,3,5560.043,0.0,0.0,0.0,0.0,79429.185714
1645794,IT,BE,RUBBE,AIRTR,0.02,5559.967,3,3,5559.967,0.0,0.0,0.0,0.0,277998.35
1730800,IT,SE,BUSIN,ELEC7,0.06,5559.967,3,3,5559.967,0.0,0.0,0.0,0.0,92666.116667
1660728,IT,DE,RENTI,RETAI,0.03,5559.47,3,3,5559.47,0.0,0.0,0.0,0.0,185315.666667
1721695,IT,PL,FINAN,DISTR,0.07,5559.318,3,3,5559.318,0.0,0.0,0.0,0.0,79418.828571
1670949,IT,FI,CHEM1,FOUND,0.01,5559.295,3,3,5559.295,0.0,0.0,0.0,0.0,555929.5
1778658,IT,TR,HOTEL,DISTR,0.04,5559.253,3,3,5559.253,0.0,0.0,0.0,0.0,138981.325
1744608,IT,US,RENTI,ELEC2,0.03,5559.086,3,3,5559.086,0.0,0.0,0.0,0.0,185302.866667
1797388,IT,WL,COMPU,FISH5,0.06,5559.041,3,3,5559.041,0.0,0.0,0.0,0.0,92650.683333
1690042,IT,IE,RENTI,FISHF,0.03,5558.965,3,3,5558.965,0.0,0.0,0.0,0.0,185298.833333
1784686,IT,ID,MOTO1,BUSIN,0.03,5558.64,3,3,5558.64,0.0,0.0,0.0,0.0,185288.0
1770009,IT,AU,FURNI,FOUND,0.02,5558.29,3,3,5558.29,0.0,0.0,0.0,0.0,277914.5
1745663,IT,JP,TEXTI,ELEC2,0.03,5557.665,3,3,5557.665,0.0,0.0,0.0,0.0,185255.5
1809251,IT,WM,CRUDE,PETRO,0.01,5557.501,3,3,5557.501,0.0,0.0,0.0,0.0,555750.1
1780829,IT,TW,COMPU,NONF1,0.06,5557.477,3,3,5557.477,0.0,0.0,0.0,0.0,92624.616667
1678618,IT,GR,STONE,REALE,0.02,5557.285,3,3,5557.285,0.0,0.0,0.0,0.0,277864.25
1751677,IT,CN,INSUR,MEATP,0.11,5557.154,3,3,5557.154,0.0,0.0,0.0,0.0,50519.581818
1731313,IT,SI,VEGE1,LANDT,0.02,5557.143,3,3,5557.143,0.0,0.0,0.0,0.0,277857.15
1681738,IT,HR,CRUDE,RESEA,0.01,5557.121,3,3,5557.121,0.0,0.0,0.0,0.0,555712.1
1752830,IT,CA,PAPER,ELEC6,0.02,5556.939,3,3,5556.939,0.0,0.0,0.0,0.0,277846.95
1652502,IT,CZ,WEARI,TRANS,0.04,5556.883,3,3,5556.883,0.0,0.0,0.0,0.0,138922.075
1722676,IT,PT,WEARI,93197,0.04,5556.811,3,3,5556.811,0.0,0.0,0.0,0.0,138920.275
1803901,IT,WF,WEARI,WEARI,0.04,5556.43,3,3,5556.43,0.0,0.0,0.0,0.0,138910.75
1771043,IT,CH,FORES,RETA1,0.05,5556.289,4,4,5554.289,0.0,2.0,0.0,0.0,111125.78
1803567,IT,WF,DAIRY,SEACO,0.02,5556.243,3,3,5556.243,0.0,0.0,0.0,0.0,277812.15
1753702,IT,CA,TRANS,FORES,0.03,5556.115,3,3,5556.115,0.0,0.0,0.0,0.0,185203.833333
1759256,IT,BR,POSTT,PLAST,0.09,5555.973,3,3,5555.973,0.0,0.0,0.0,0.0,61733.033333
1728581,IT,SE,PAPER,ELEC3,0.02,5555.753,3,3,5555.753,0.0,0.0,0.0,0.0,277787.65
1808978,IT,WM,VEGET,ALUMI,0.02,5555.49,3,3,5555.49,0.0,0.0,0.0,0.0,277774.5
1776936,IT,TR,PLAST,STEAM,0.01,5555.283,3,3,5555.283,0.0,0.0,0.0,0.0,555528.3
1775703,IT,TR,CROPS,CONST,0.04,5555.06,3,3,5555.06,0.0,0.0,0.0,0.0,138876.5
1682360,IT,HR,WOODW,RAILW,0.02,5554.999,3,3,5554.999,0.0,0.0,0.0,0.0,277749.95
1689956,IT,IE,REALE,FOOD5,0.23,5554.772,3,3,5554.772,0.0,0.0,0.0,0.0,24151.182609
1681810,IT,HR,MEAT1,RESEA,0.03,5554.75,3,3,5554.75,0.0,0.0,0.0,0.0,185158.333333
1774454,IT,CH,LANDT,STONE,0.04,5553.931,3,3,5553.931,0.0,0.0,0.0,0.0,138848.275
1738027,IT,GB,RUBBE,FISHF,0.02,5553.834,3,3,5553.834,0.0,0.0,0.0,0.0,277691.7
1753931,IT,CA,RAILW,RECRE,0.04,5553.8,3,3,5553.8,0.0,0.0,0.0,0.0,138845.0
1741364,IT,US,PRINT,ELECT,0.05,5553.742,3,3,5553.742,0.0,0.0,0.0,0.0,111074.84
1721952,IT,PL,COMPU,FISH5,0.06,5553.517,3,3,5553.517,0.0,0.0,0.0,0.0,92558.616667
1718672,IT,PL,WOODW,PFERT,0.02,5552.857,3,3,5552.857,0.0,0.0,0.0,0.0,277642.85
1690168,IT,IE,BUSIN,PIGS9,0.06,5552.447,3,3,5552.447,0.0,0.0,0.0,0.0,92540.783333
1714597,IT,NL,SANDC,TRANS,0.01,5552.444,4,4,5551.444,0.0,0.0,1.0,0.0,555244.4
1741180,IT,US,LEATH,SUPPO,0.04,5552.406,3,3,5552.406,0.0,0.0,0.0,0.0,138810.15
1685226,IT,HU,TEXTI,NATUR,0.03,5551.991,3,3,5551.991,0.0,0.0,0.0,0.0,185066.366667
1667818,IT,ES,OFFIC,BIOG1,0.02,5551.779,3,3,5551.779,0.0,0.0,0.0,0.0,277588.95
1658264,IT,DE,COPP1,BITU1,0.01,5551.651,3,3,5551.651,0.0,0.0,0.0,0.0,555165.1
1759490,IT,BR,AUXIL,PUBLI,0.1,5551.522,3,3,5551.522,0.0,0.0,0.0,0.0,55515.22
1797968,IT,WL,PAPE4,FISH5,0.04,5551.367,3,3,5551.367,0.0,0.0,0.0,0.0,138784.175
1663170,IT,DK,LANDT,COPP1,0.04,5550.911,3,3,5550.911,0.0,0.0,0.0,0.0,138772.775
1798089,IT,WL,93197,FISH5,0.04,5550.835,3,3,5550.835,0.0,0.0,0.0,0.0,138770.875
1726751,IT,RO,SALEM,FISHF,0.04,5550.598,3,3,5550.598,0.0,0.0,0.0,0.0,138764.95
1723740,IT,PT,MACHI,EDUCA,0.03,5550.586,3,3,5550.586,0.0,0.0,0.0,0.0,185019.533333
1647666,IT,BE,FINAN,CONST,0.07,5550.501,3,3,5550.501,0.0,0.0,0.0,0.0,79292.871429
1678034,IT,FR,EDUCA,CONST,0.14,5550.348,3,3,5550.348,0.0,0.0,0.0,0.0,39645.342857
1763298,IT,MX,PAPER,NONME,0.02,5550.248,3,3,5550.248,0.0,0.0,0.0,0.0,277512.4
1736415,IT,SK,LANDT,NONF1,0.04,5550.068,3,3,5550.068,0.0,0.0,0.0,0.0,138751.7
1662942,IT,DK,RETA1,COLLE,0.06,5549.888,3,3,5549.888,0.0,0.0,0.0,0.0,92498.133333
1746929,IT,JP,MOTO1,BRICK,0.03,5549.857,3,3,5549.857,0.0,0.0,0.0,0.0,184995.233333
1652406,IT,CZ,TEXTI,CEMEN,0.03,5549.662,3,3,5549.662,0.0,0.0,0.0,0.0,184988.733333
1677736,IT,FR,RENTI,OILHA,0.03,5549.369,3,3,5549.369,0.0,0.0,0.0,0.0,184978.966667
1685365,IT,HU,LEATH,WOODW,0.04,5549.158,3,3,5549.158,0.0,0.0,0.0,0.0,138728.95
1668031,IT,ES,FURNI,NONME,0.02,5548.924,3,3,5548.924,0.0,0.0,0.0,0.0,277446.2
1682389,IT,HR,PAPER,PIGS9,0.02,5548.875,3,3,5548.875,0.0,0.0,0.0,0.0,277443.75
1758749,IT,BR,WHOLE,SEACO,0.05,5548.549,3,3,5548.549,0.0,0.0,0.0,0.0,110970.98
1755219,IT,KR,WOODW,RAILW,0.02,5548.546,3,3,5548.546,0.0,0.0,0.0,0.0,277427.3
1732647,IT,SI,GLASS,POSTT,0.02,5548.453,3,3,5548.453,0.0,0.0,0.0,0.0,277422.65
1671982,IT,FI,LANDT,SALEM,0.04,5548.45,3,3,5548.45,0.0,0.0,0.0,0.0,138711.25
1778515,IT,TR,RETA1,CHEMI,0.06,5548.409,3,3,5548.409,0.0,0.0,0.0,0.0,92473.483333
1681148,IT,GR,POSTT,FOOD5,0.09,5548.39,3,3,5548.39,0.0,0.0,0.0,0.0,61648.777778
1653377,IT,CZ,GLASS,PAPE4,0.02,5548.184,3,3,5548.184,0.0,0.0,0.0,0.0,277409.2
1808099,IT,WF,WOOD1,RAWMI,0.04,5548.127,3,3,5548.127,0.0,0.0,0.0,0.0,138703.175
1731184,IT,SI,CHEMI,RAWMI,0.01,5547.975,3,3,5547.975,0.0,0.0,0.0,0.0,554797.5
1729005,IT,SE,RUBBE,WHEAT,0.02,5547.785,3,3,5547.785,0.0,0.0,0.0,0.0,277389.25
1667881,IT,ES,MOTO1,BITU1,0.03,5547.642,3,3,5547.642,0.0,0.0,0.0,0.0,184921.4
1665044,IT,ES,MEATC,PUBLI,0.02,5547.569,3,3,5547.569,0.0,0.0,0.0,0.0,277378.45
1687734,IT,HU,SUPPO,ALUM1,0.04,5547.544,3,3,5547.544,0.0,0.0,0.0,0.0,138688.6
1739055,IT,GB,RETAI,CONST,0.04,5547.413,3,3,5547.413,0.0,0.0,0.0,0.0,138685.325
1801865,IT,WE,CONST,SUGA1,0.03,5547.269,3,3,5547.269,0.0,0.0,0.0,0.0,184908.966667
1665063,IT,ES,MEAT4,BEVER,0.03,5546.715,3,3,5546.715,0.0,0.0,0.0,0.0,184890.5
1779806,IT,TR,BUSIN,WASTE,0.06,5546.623,3,3,5546.623,0.0,0.0,0.0,0.0,92443.716667
1723667,IT,PT,MACHI,PROCE,0.03,5546.554,3,3,5546.554,0.0,0.0,0.0,0.0,184885.133333
1673580,IT,FR,WOODW,MEAT1,0.02,5546.313,3,3,5546.313,0.0,0.0,0.0,0.0,277315.65
1781351,IT,NO,DAIRY,WOODW,0.02,5546.27,3,3,5546.27,0.0,0.0,0.0,0.0,277313.5
1670604,IT,FI,WEARI,SEACO,0.04,5546.23,3,3,5546.23,0.0,0.0,0.0,0.0,138655.75
1749053,IT,CN,LEATH,RETAI,0.04,5546.058,3,3,5546.058,0.0,0.0,0.0,0.0,138651.45
1730140,IT,SE,RAILW,RESEA,0.04,5546.027,3,3,5546.027,0.0,0.0,0.0,0.0,138650.675
1661926,IT,DK,PRINT,REALE,0.05,5545.459,3,3,5545.459,0.0,0.0,0.0,0.0,110909.18
1738809,IT,GB,MOTO1,PLAST,0.03,5544.939,3,3,5544.939,0.0,0.0,0.0,0.0,184831.3
1774404,IT,CH,RAILW,FOOD5,0.04,5544.884,3,3,5544.884,0.0,0.0,0.0,0.0,138622.1
1801057,IT,WE,COPP1,WOODW,0.01,5544.786,3,3,5544.786,0.0,0.0,0.0,0.0,554478.6
1803187,IT,WF,CROPS,NICKE,0.04,5544.784,3,3,5544.784,0.0,0.0,0.0,0.0,138619.6
1809491,IT,WM,MEAT1,REALE,0.03,5544.472,3,3,5544.472,0.0,0.0,0.0,0.0,184815.733333
1712494,IT,LV,FABRI,SANDC,0.02,5544.293,3,3,5544.293,0.0,0.0,0.0,0.0,277214.65
1719202,IT,PL,PLAST,FOOD3,0.01,5544.282,3,3,5544.282,0.0,0.0,0.0,0.0,554428.2
1742157,IT,US,GLASS,MEATP,0.02,5544.227,3,3,5544.227,0.0,0.0,0.0,0.0,277211.35
1752251,IT,CA,CROPS,PUBLI,0.04,5544.005,3,3,5544.005,0.0,0.0,0.0,0.0,138600.125
1775360,IT,CH,PUBLI,CHEMI,0.09,5543.638,3,3,5543.638,0.0,0.0,0.0,0.0,61595.977778
1763448,IT,MX,PLAST,CROPS,0.01,5543.62,3,3,5543.62,0.0,0.0,0.0,0.0,554362.0
1683614,IT,HR,FABRI,MEATC,0.02,5543.207,3,3,5543.207,0.0,0.0,0.0,0.0,277160.35
1813657,IT,WM,RETA1,PLAST,0.06,5543.198,3,3,5543.198,0.0,0.0,0.0,0.0,92386.633333
1646971,IT,BE,RETA1,CATTL,0.06,5542.758,3,3,5542.758,0.0,0.0,0.0,0.0,92379.3
1715891,IT,NL,RUBBE,OILHA,0.02,5542.588,3,3,5542.588,0.0,0.0,0.0,0.0,277129.4
1794972,IT,WL,CHEM1,TRANS,0.01,5542.49,3,3,5542.49,0.0,0.0,0.0,0.0,554249.0
1744706,IT,US,COMPU,AIRTR,0.06,5542.348,3,3,5542.348,0.0,0.0,0.0,0.0,92372.466667
1713968,IT,MT,WHOLE,PIGS9,0.05,5541.998,3,3,5541.998,0.0,0.0,0.0,0.0,110839.96
1812012,IT,WM,GLASS,RAILW,0.02,5541.442,3,3,5541.442,0.0,0.0,0.0,0.0,277072.1
1771937,IT,CH,PAPER,BRICK,0.02,5541.311,3,3,5541.311,0.0,0.0,0.0,0.0,277065.55
1781103,IT,TW,PUBLI,RAILW,0.09,5541.099,3,3,5541.099,0.0,0.0,0.0,0.0,61567.766667
1655253,IT,CZ,93197,HEALT,0.04,5540.988,3,3,5540.988,0.0,0.0,0.0,0.0,138524.7
1727508,IT,RO,AUXIL,SEACO,0.1,5540.905,3,3,5540.905,0.0,0.0,0.0,0.0,55409.05
1686005,IT,HU,BIODI,BASIC,0.01,5540.724,3,3,5540.724,0.0,0.0,0.0,0.0,554072.4
1678340,IT,FR,WASTE,WOOD2,0.02,5540.663,3,3,5540.663,0.0,0.0,0.0,0.0,277033.15
1689981,IT,IE,REALE,ALUM1,0.23,5540.498,3,3,5540.498,0.0,0.0,0.0,0.0,24089.121739
1798013,IT,WL,INERT,CONST,0.04,5540.183,3,3,5540.183,0.0,0.0,0.0,0.0,138504.575
1681178,IT,GR,POSTT,ELEC1,0.09,5540.164,3,3,5540.164,0.0,0.0,0.0,0.0,61557.377778
1737107,IT,GB,MEATP,DAIRY,0.02,5540.155,3,3,5540.155,0.0,0.0,0.0,0.0,277007.75
1765227,IT,RU,CROPS,FOOD5,0.04,5539.996,3,3,5539.996,0.0,0.0,0.0,0.0,138499.9
1766119,IT,RU,RUBBE,BRICK,0.02,5539.841,3,3,5539.841,0.0,0.0,0.0,0.0,276992.05
1807614,IT,WF,RESEA,MEAT4,0.03,5539.838,3,3,5539.838,0.0,0.0,0.0,0.0,184661.266667
1663745,IT,EE,FOOD5,MEAT1,0.03,5539.018,3,3,5539.018,0.0,0.0,0.0,0.0,184633.933333
1680902,IT,GR,LANDT,ELEC5,0.04,5538.484,3,3,5538.484,0.0,0.0,0.0,0.0,138462.1
1731852,IT,SI,PRINT,WOODW,0.05,5538.337,3,3,5538.337,0.0,0.0,0.0,0.0,110766.74
1690562,IT,IE,RECRE,COMPU,0.07,5538.116,3,3,5538.116,0.0,0.0,0.0,0.0,79115.942857
1689104,IT,IE,SALEM,CROPS,0.04,5537.897,3,3,5537.897,0.0,0.0,0.0,0.0,138447.425
1747669,IT,JP,POSTT,RADIO,0.09,5536.909,3,3,5536.909,0.0,0.0,0.0,0.0,61521.211111
1651781,IT,CY,OFFIC,RECRE,0.02,5536.563,3,3,5536.563,0.0,0.0,0.0,0.0,276828.15
1758435,IT,BR,FABRI,TRAN2,0.02,5536.425,3,3,5536.425,0.0,0.0,0.0,0.0,276821.25
1748419,IT,CN,FORES,CHEM1,0.05,5536.258,4,4,5534.258,0.0,2.0,0.0,0.0,110725.16
1651328,IT,CY,WOODW,TOBAC,0.02,5535.978,3,3,5535.978,0.0,0.0,0.0,0.0,276798.9
1665646,IT,ES,WOODW,SALEM,0.02,5535.765,3,3,5535.765,0.0,0.0,0.0,0.0,276788.25
1807617,IT,WF,RESEA,PRINT,0.03,5535.416,3,3,5535.416,0.0,0.0,0.0,0.0,184513.866667
1782695,IT,NO,WHOLE,FOOD2,0.05,5535.029,3,3,5535.029,0.0,0.0,0.0,0.0,110700.58
1686683,IT,HU,COPP1,DAIRY,0.01,5534.792,3,3,5534.792,0.0,0.0,0.0,0.0,553479.2
1752362,IT,CA,MEAT4,NONF1,0.03,5534.407,3,3,5534.407,0.0,0.0,0.0,0.0,184480.233333
1807644,IT,WF,RESEA,HOTEL,0.03,5534.012,3,3,5534.012,0.0,0.0,0.0,0.0,184467.066667
1679141,IT,GR,PAPER,DIST1,0.02,5533.618,3,3,5533.618,0.0,0.0,0.0,0.0,276680.9
1642616,IT,AT,FABRI,HEAVY,0.02,5533.37,3,3,5533.37,0.0,0.0,0.0,0.0,276668.5
1667540,IT,ES,FABRI,ELEC7,0.02,5532.752,3,3,5532.752,0.0,0.0,0.0,0.0,276637.6
1784546,IT,ID,FABRI,93197,0.02,5532.345,3,3,5532.345,0.0,0.0,0.0,0.0,276617.25
1784118,IT,ID,WOODW,HOTEL,0.02,5531.968,3,3,5531.968,0.0,0.0,0.0,0.0,276598.4
1721604,IT,PL,POSTT,CEMEN,0.09,5531.822,3,3,5531.822,0.0,0.0,0.0,0.0,61464.688889
1786680,IT,ZA,WHOLE,RAILW,0.05,5531.795,3,3,5531.795,0.0,0.0,0.0,0.0,110635.9
1731523,IT,SI,FISH5,CONST,0.02,5531.72,4,4,5531.717,0.0,0.0,0.0,0.003,276586.0
1713723,IT,MT,MACHI,MOTO1,0.03,5531.632,3,3,5531.632,0.0,0.0,0.0,0.0,184387.733333
1754607,IT,KR,FORES,FORES,0.05,5531.492,4,4,5529.492,0.0,2.0,0.0,0.0,110629.84
1803486,IT,WF,VEGE1,WHEAT,0.02,5531.357,3,3,5531.357,0.0,0.0,0.0,0.0,276567.85
1681998,IT,HR,BEVER,MEATA,0.02,5531.351,3,3,5531.351,0.0,0.0,0.0,0.0,276567.55
1714611,IT,NL,CHEMI,HOTEL,0.01,5531.273,3,3,5531.273,0.0,0.0,0.0,0.0,553127.3
1687010,IT,HU,OFFIC,PLAST,0.02,5531.072,3,3,5531.072,0.0,0.0,0.0,0.0,276553.6
1642934,IT,AT,FURNI,LEATH,0.02,5530.968,3,3,5530.968,0.0,0.0,0.0,0.0,276548.4
1784146,IT,ID,PAPER,PROCE,0.02,5530.737,3,3,5530.737,0.0,0.0,0.0,0.0,276536.85
1658245,IT,DE,COPP1,STONE,0.01,5530.524,3,3,5530.524,0.0,0.0,0.0,0.0,553052.4
1768314,IT,AU,CHEMI,MEATA,0.01,5530.415,3,3,5530.415,0.0,0.0,0.0,0.0,553041.5
1677690,IT,FR,RENTI,BIOGA,0.03,5530.391,3,3,5530.391,0.0,0.0,0.0,0.0,184346.366667
1684476,IT,HR,RENTI,REALE,0.03,5529.877,3,3,5529.877,0.0,0.0,0.0,0.0,184329.233333
1724069,IT,PT,WHOLE,RADIO,0.05,5529.655,3,3,5529.655,0.0,0.0,0.0,0.0,110593.1
1783578,IT,NO,FOOD2,NONME,0.03,5529.457,3,3,5529.457,0.0,0.0,0.0,0.0,184315.233333
1760422,IT,IN,FOOD5,MEAT1,0.03,5528.735,3,3,5528.735,0.0,0.0,0.0,0.0,184291.166667
1760804,IT,IN,PRINT,93197,0.05,5528.577,3,3,5528.577,0.0,0.0,0.0,0.0,110571.54
1796769,IT,WL,LANDT,MOTO1,0.04,5527.925,3,3,5527.925,0.0,0.0,0.0,0.0,138198.125
1690204,IT,IE,BUSIN,SECO9,0.06,5527.855,3,3,5527.855,0.0,0.0,0.0,0.0,92130.916667
1730047,IT,SE,WHOLE,CONST,0.05,5527.669,3,3,5527.669,0.0,0.0,0.0,0.0,110553.38
1778058,IT,TR,OFFIC,REALE,0.02,5527.569,3,3,5527.569,0.0,0.0,0.0,0.0,276378.45
1760058,IT,BR,OILHA,RUBBE,0.03,5527.489,3,3,5527.489,0.0,0.0,0.0,0.0,184249.633333
1644782,IT,BE,TOBAC,FISH5,0.02,5527.044,3,3,5527.044,0.0,0.0,0.0,0.0,276352.2
1779371,IT,TR,AUXIL,TEXTI,0.1,5526.327,3,3,5526.327,0.0,0.0,0.0,0.0,55263.27
1732418,IT,SI,PLAST,AIRTR,0.01,5526.253,3,3,5526.253,0.0,0.0,0.0,0.0,552625.3
1803695,IT,WF,BEVER,RETAI,0.02,5526.173,3,3,5526.173,0.0,0.0,0.0,0.0,276308.65
1793026,IT,WA,WASTE,SEACO,0.02,5526.08,3,3,5526.08,0.0,0.0,0.0,0.0,276304.0
1652193,IT,CZ,DAIRY,CONST,0.02,5525.97,3,3,5525.97,0.0,0.0,0.0,0.0,276298.5
1772069,IT,CH,PRINT,INLAN,0.05,5525.932,3,3,5525.932,0.0,0.0,0.0,0.0,110518.64
1748310,IT,JP,93197,HOTEL,0.04,5525.803,3,3,5525.803,0.0,0.0,0.0,0.0,138145.075
1764640,IT,MX,RETA1,GLASS,0.06,5525.423,3,3,5525.423,0.0,0.0,0.0,0.0,92090.383333
1647843,IT,BE,AUXIL,INLAN,0.1,5525.14,3,3,5525.14,0.0,0.0,0.0,0.0,55251.4
1753089,IT,CA,RUBBE,SUGA1,0.02,5524.478,3,3,5524.478,0.0,0.0,0.0,0.0,276223.9
1792746,IT,WA,BUSIN,RUBBE,0.06,5524.328,3,3,5524.328,0.0,0.0,0.0,0.0,92072.133333
1804049,IT,WF,WOODW,NONF1,0.02,5524.184,3,3,5524.184,0.0,0.0,0.0,0.0,276209.2
1793471,IT,WL,CHEMI,CEREA,0.01,5524.086,3,3,5524.086,0.0,0.0,0.0,0.0,552408.6
1717296,IT,NL,POSTT,MEMBE,0.09,5523.766,3,3,5523.766,0.0,0.0,0.0,0.0,61375.177778
1731553,IT,SI,TEXTI,WOODW,0.03,5523.411,3,3,5523.411,0.0,0.0,0.0,0.0,184113.7
1678048,IT,FR,EDUCA,RENTI,0.14,5523.233,3,3,5523.233,0.0,0.0,0.0,0.0,39451.664286
1787927,IT,WA,BEVER,AUXIL,0.02,5523.16,3,3,5523.16,0.0,0.0,0.0,0.0,276158.0
1776275,IT,TR,PAPER,PRECI,0.02,5523.058,3,3,5523.058,0.0,0.0,0.0,0.0,276152.9
1757327,IT,BR,TEXTI,CATTL,0.03,5522.886,3,3,5522.886,0.0,0.0,0.0,0.0,184096.2
1677569,IT,FR,REALE,FOOD5,0.23,5522.76,3,3,5522.76,0.0,0.0,0.0,0.0,24012.0
1721728,IT,PL,INSUR,RAWMI,0.11,5522.653,3,3,5522.653,0.0,0.0,0.0,0.0,50205.936364
1802665,IT,WE,RENTI,RADIO,0.03,5522.028,3,3,5522.028,0.0,0.0,0.0,0.0,184067.6
1723872,IT,PT,FURNI,MEATC,0.02,5521.867,3,3,5521.867,0.0,0.0,0.0,0.0,276093.35
1778733,IT,TR,RAILW,REALE,0.04,5521.815,3,3,5521.815,0.0,0.0,0.0,0.0,138045.375
1771018,IT,CH,MEATA,VEGE1,0.03,5521.613,3,3,5521.613,0.0,0.0,0.0,0.0,184053.766667
1754374,IT,CA,INSUR,RECRE,0.11,5521.594,3,3,5521.594,0.0,0.0,0.0,0.0,50196.309091
1746876,IT,JP,OFFIC,PAPER,0.02,5521.561,3,3,5521.561,0.0,0.0,0.0,0.0,276078.05
1794086,IT,WL,PAPER,NAPHT,0.02,5521.557,3,3,5521.557,0.0,0.0,0.0,0.0,276077.85
1736278,IT,SK,HOTEL,NONME,0.04,5521.39,3,3,5521.39,0.0,0.0,0.0,0.0,138034.75
1661232,IT,DK,VEGET,ANIMA,0.02,5520.974,3,3,5520.974,0.0,0.0,0.0,0.0,276048.7
1716546,IT,NL,TRANS,MOTO1,0.03,5520.97,3,3,5520.97,0.0,0.0,0.0,0.0,184032.333333
1649910,IT,BG,FABRI,TOBAC,0.02,5520.889,3,3,5520.889,0.0,0.0,0.0,0.0,276044.45
1721885,IT,PL,RENTI,TEXTI,0.03,5520.874,3,3,5520.874,0.0,0.0,0.0,0.0,184029.133333
1798908,IT,WE,BEVER,PRIVA,0.02,5520.816,3,3,5520.816,0.0,0.0,0.0,0.0,276040.8
1728112,IT,SE,VEGE1,BIOGA,0.02,5520.741,3,3,5520.741,0.0,0.0,0.0,0.0,276037.05
1736558,IT,SK,SUPPO,TRAN1,0.04,5520.426,3,3,5520.426,0.0,0.0,0.0,0.0,138010.65
1668551,IT,ES,HOTEL,ELEC8,0.04,5520.144,3,3,5520.144,0.0,0.0,0.0,0.0,138003.6
1769667,IT,AU,FABRI,RETAI,0.02,5520.106,3,3,5520.106,0.0,0.0,0.0,0.0,276005.3
1724284,IT,PT,LANDT,FOUND,0.04,5520.028,3,3,5520.028,0.0,0.0,0.0,0.0,138000.7
1774036,IT,CH,RETAI,CONST,0.04,5519.834,3,3,5519.834,0.0,0.0,0.0,0.0,137995.85
1656571,IT,DE,PRINT,WEARI,0.05,5519.636,3,3,5519.636,0.0,0.0,0.0,0.0,110392.72
1801870,IT,WE,CONST,TEXTI,0.03,5519.527,3,3,5519.527,0.0,0.0,0.0,0.0,183984.233333
1689024,IT,IE,MACHI,FOOD4,0.03,5519.157,3,3,5519.157,0.0,0.0,0.0,0.0,183971.9
1715735,IT,NL,PLAST,MEMBE,0.01,5518.898,3,3,5518.898,0.0,0.0,0.0,0.0,551889.8
1710651,IT,LU,MEAT4,HOTEL,0.03,5518.808,3,3,5518.808,0.0,0.0,0.0,0.0,183960.266667
1681264,IT,GR,FINAN,DIST1,0.07,5518.744,3,3,5518.744,0.0,0.0,0.0,0.0,78839.2
1803817,IT,WF,TEXTI,BIOGA,0.03,5518.631,3,3,5518.631,0.0,0.0,0.0,0.0,183954.366667
1814877,IT,WM,PRIVA,PADDY,1.23,5518.523,3,3,5518.523,0.0,0.0,0.0,0.0,4486.604065
1792439,IT,WA,AUXIL,NATUR,0.1,5518.029,3,3,5518.029,0.0,0.0,0.0,0.0,55180.29
1802060,IT,WE,WHOLE,RECRE,0.05,5517.709,3,3,5517.709,0.0,0.0,0.0,0.0,110354.18
1779327,IT,TR,INSUR,NONME,0.11,5517.425,3,3,5517.425,0.0,0.0,0.0,0.0,50158.409091
1793830,IT,WL,TEXTI,HEAVY,0.03,5517.398,3,3,5517.398,0.0,0.0,0.0,0.0,183913.266667
1807795,IT,WF,FOODW,NONFE,0.04,5517.015,3,3,5517.015,0.0,0.0,0.0,0.0,137925.375
1689683,IT,IE,POSTT,SUPPO,0.09,5516.965,3,3,5516.965,0.0,0.0,0.0,0.0,61299.611111
1802233,IT,WE,RAILW,FINAN,0.04,5516.851,3,3,5516.851,0.0,0.0,0.0,0.0,137921.275
1711336,IT,LU,WHOLE,DIST1,0.05,5516.445,3,3,5516.445,0.0,0.0,0.0,0.0,110328.9
1688092,IT,HU,RESEA,MACHI,0.03,5515.85,3,3,5515.85,0.0,0.0,0.0,0.0,183861.666667
1687106,IT,HU,MOTO1,93197,0.03,5515.533,3,3,5515.533,0.0,0.0,0.0,0.0,183851.1
1751280,IT,CN,HOTEL,TEXT2,0.04,5515.023,3,3,5515.023,0.0,0.0,0.0,0.0,137875.575
1764330,IT,MX,OFFIC,TRAN1,0.02,5514.669,3,3,5514.669,0.0,0.0,0.0,0.0,275733.45
1689113,IT,IE,SALEM,STONE,0.04,5514.597,3,3,5514.597,0.0,0.0,0.0,0.0,137864.925
1710532,IT,LT,SUPPO,CONST,0.04,5514.526,3,3,5514.526,0.0,0.0,0.0,0.0,137863.15
1716304,IT,NL,FABRI,LIQUI,0.02,5514.261,3,3,5514.261,0.0,0.0,0.0,0.0,275713.05
1760348,IT,IN,CHEMI,FISHF,0.01,5514.049,3,3,5514.049,0.0,0.0,0.0,0.0,551404.9
1724636,IT,PT,FINAN,RESEA,0.07,5513.626,3,3,5513.626,0.0,0.0,0.0,0.0,78766.085714
1747904,IT,JP,COMPU,RADIO,0.06,5513.231,3,3,5513.231,0.0,0.0,0.0,0.0,91887.183333
1753174,IT,CA,GLASS,REFIN,0.02,5513.115,3,3,5513.115,0.0,0.0,0.0,0.0,275655.75
1641185,IT,AT,PRINT,MEDIC,0.05,5512.987,3,3,5512.987,0.0,0.0,0.0,0.0,110259.74
1797797,IT,WL,OILHA,DISTR,0.03,5512.974,3,3,5512.974,0.0,0.0,0.0,0.0,183765.8
1808581,IT,WF,PAPE4,AUXIL,0.04,5512.605,3,3,5512.605,0.0,0.0,0.0,0.0,137815.125
1758962,IT,BR,RAILW,HEALT,0.04,5512.559,3,3,5512.559,0.0,0.0,0.0,0.0,137813.975
1786377,IT,ZA,MACHI,NONME,0.03,5512.464,3,3,5512.464,0.0,0.0,0.0,0.0,183748.8
1757280,IT,BR,PROCE,BIOGA,0.04,5512.449,3,3,5512.449,0.0,0.0,0.0,0.0,137811.225
1735217,IT,SK,RUBBE,FINAN,0.02,5512.158,3,3,5512.158,0.0,0.0,0.0,0.0,275607.9
1686018,IT,HU,BIODI,COLLE,0.01,5512.112,3,3,5512.112,0.0,0.0,0.0,0.0,551211.2
1714740,IT,NL,DAIRY,BASIC,0.02,5511.959,3,3,5511.959,0.0,0.0,0.0,0.0,275597.95
1664946,IT,ES,STONE,RENTI,0.02,5511.957,3,3,5511.957,0.0,0.0,0.0,0.0,275597.85
1724557,IT,PT,POSTT,RENTI,0.09,5511.917,3,3,5511.917,0.0,0.0,0.0,0.0,61243.522222
1779667,IT,TR,RESEA,FOUND,0.03,5511.88,3,3,5511.88,0.0,0.0,0.0,0.0,183729.333333
1728122,IT,SE,VEGE1,RAILW,0.02,5511.419,3,3,5511.419,0.0,0.0,0.0,0.0,275570.95
1656036,IT,DE,BEVER,STONE,0.02,5511.339,3,3,5511.339,0.0,0.0,0.0,0.0,275566.95
1733217,IT,SI,MACHI,LEAD1,0.03,5511.27,3,3,5511.27,0.0,0.0,0.0,0.0,183709.0
1727674,IT,RO,RENTI,RESEA,0.03,5511.205,3,3,5511.205,0.0,0.0,0.0,0.0,183706.833333
1655122,IT,CZ,BUSIN,MEATC,0.06,5511.104,3,3,5511.104,0.0,0.0,0.0,0.0,91851.733333
1640608,IT,AT,BEVER,SUGA1,0.02,5510.516,3,3,5510.516,0.0,0.0,0.0,0.0,275525.8
1796488,IT,WL,RETA1,LEATH,0.06,5510.223,3,3,5510.223,0.0,0.0,0.0,0.0,91837.05
1641884,IT,AT,BIODI,KEROS,0.01,5510.174,3,3,5510.174,0.0,0.0,0.0,0.0,551017.4
1814988,IT,WM,PRIVA,MEMBE,1.23,5509.918,3,3,5509.918,0.0,0.0,0.0,0.0,4479.60813
1771281,IT,CH,DAIRY,FISHF,0.02,5509.72,3,3,5509.72,0.0,0.0,0.0,0.0,275486.0
1792736,IT,WA,BUSIN,LUBRI,0.06,5509.542,3,3,5509.542,0.0,0.0,0.0,0.0,91825.7
1684918,IT,HU,CHEMI,BIODI,0.01,5509.474,3,3,5509.474,0.0,0.0,0.0,0.0,550947.4
1678301,IT,FR,FOOD3,SUPPO,0.02,5509.468,3,3,5509.468,0.0,0.0,0.0,0.0,275473.4
1777775,IT,TR,FABRI,ALUMI,0.02,5509.443,3,3,5509.443,0.0,0.0,0.0,0.0,275472.15
1786544,IT,ZA,FURNI,RUBBE,0.02,5509.42,3,3,5509.42,0.0,0.0,0.0,0.0,275471.0
1680451,IT,GR,ELEC4,SUPPO,0.09,5509.1,3,3,5509.1,0.0,0.0,0.0,0.0,61212.222222
1749206,IT,CN,PAPER,PADDY,0.02,5508.758,3,3,5508.758,0.0,0.0,0.0,0.0,275437.9
1716830,IT,NL,HOTEL,VEGE1,0.04,5507.931,3,3,5507.931,0.0,0.0,0.0,0.0,137698.275
1800434,IT,WE,ADDIT,TRAN2,0.01,5507.63,3,3,5507.63,0.0,0.0,0.0,0.0,550763.0
1769460,IT,AU,NONME,WASTE,0.01,5507.561,3,3,5507.561,0.0,0.0,0.0,0.0,550756.1
1761611,IT,IN,FABRI,OILSE,0.02,5507.436,3,3,5507.436,0.0,0.0,0.0,0.0,275371.8
1669339,IT,ES,FINAN,POSTT,0.07,5507.384,3,3,5507.384,0.0,0.0,0.0,0.0,78676.914286
1712726,IT,LV,HOTEL,EDUCA,0.04,5506.675,3,3,5506.675,0.0,0.0,0.0,0.0,137666.875
1653348,IT,CZ,GLASS,OFFIC,0.02,5506.518,3,3,5506.518,0.0,0.0,0.0,0.0,275325.9
1743109,IT,US,MOTO1,NFERT,0.03,5506.41,3,3,5506.41,0.0,0.0,0.0,0.0,183547.0
1669014,IT,ES,SUPPO,VEGE1,0.04,5506.409,3,3,5506.409,0.0,0.0,0.0,0.0,137660.225
1669307,IT,ES,FINAN,OFFIC,0.07,5506.377,3,3,5506.377,0.0,0.0,0.0,0.0,78662.528571
1670766,IT,FI,PAPER,SEWAG,0.02,5506.219,3,3,5506.219,0.0,0.0,0.0,0.0,275310.95
1648590,IT,BG,CHEMI,CONST,0.01,5506.187,3,3,5506.187,0.0,0.0,0.0,0.0,550618.7
1760160,IT,BR,WASTE,HOTEL,0.02,5506.119,3,3,5506.119,0.0,0.0,0.0,0.0,275305.95
1724103,IT,PT,WHOLE,93197,0.05,5506.057,3,3,5506.057,0.0,0.0,0.0,0.0,110121.14
1731433,IT,SI,FOOD5,POSTT,0.03,5505.971,3,3,5505.971,0.0,0.0,0.0,0.0,183532.366667
1665862,IT,ES,PRINT,DIST1,0.05,5505.912,3,3,5505.912,0.0,0.0,0.0,0.0,110118.24
1723149,IT,PT,BIODI,MOTO1,0.01,5505.806,3,3,5505.806,0.0,0.0,0.0,0.0,550580.6
1663897,IT,EE,LEATH,WEARI,0.04,5505.779,3,3,5505.779,0.0,0.0,0.0,0.0,137644.475
1690557,IT,IE,RECRE,WHOLE,0.07,5505.556,3,3,5505.556,0.0,0.0,0.0,0.0,78650.8
1763398,IT,MX,PRINT,RESEA,0.05,5505.362,3,3,5505.362,0.0,0.0,0.0,0.0,110107.24
1709443,IT,LT,TEXTI,LUBRI,0.03,5505.047,3,3,5505.047,0.0,0.0,0.0,0.0,183501.566667
1644628,IT,BE,FOOD5,ELEC5,0.03,5504.904,3,3,5504.904,0.0,0.0,0.0,0.0,183496.8
1651775,IT,CY,OFFIC,FINAN,0.02,5504.126,3,3,5504.126,0.0,0.0,0.0,0.0,275206.3
1751123,IT,CN,RETA1,SALEM,0.06,5503.977,3,3,5503.977,0.0,0.0,0.0,0.0,91732.95
1686053,IT,HU,RUBBE,CRUDE,0.02,5503.531,3,3,5503.531,0.0,0.0,0.0,0.0,275176.55
1648941,IT,BG,WEARI,TRAN1,0.04,5503.361,3,3,5503.361,0.0,0.0,0.0,0.0,137584.025
1745512,IT,JP,FOOD5,LANDT,0.03,5503.292,3,3,5503.292,0.0,0.0,0.0,0.0,183443.066667
1670965,IT,FI,CHEM1,BLAST,0.01,5503.252,3,3,5503.252,0.0,0.0,0.0,0.0,550325.2
1737488,IT,GB,LEATH,FOOD2,0.04,5503.139,3,3,5503.139,0.0,0.0,0.0,0.0,137578.475
1711630,IT,LU,REALE,AUXIL,0.23,5502.676,3,3,5502.676,0.0,0.0,0.0,0.0,23924.678261
1808556,IT,WF,PAPE4,LEAD1,0.04,5502.562,3,3,5502.562,0.0,0.0,0.0,0.0,137564.05
1781449,IT,NO,BEVER,MEATP,0.02,5502.483,3,3,5502.483,0.0,0.0,0.0,0.0,275124.15
1722996,IT,PT,NUCLE,PLAST,0.01,5502.43,3,3,5502.43,0.0,0.0,0.0,0.0,550243.0
1723942,IT,PT,CONST,PUBLI,0.03,5502.131,3,3,5502.131,0.0,0.0,0.0,0.0,183404.366667
1784824,IT,ID,HOTEL,RESEA,0.04,5502.015,3,3,5502.015,0.0,0.0,0.0,0.0,137550.375
1649138,IT,BG,PAPER,AUXIL,0.02,5501.952,3,3,5501.952,0.0,0.0,0.0,0.0,275097.6
1686865,IT,HU,FABRI,OILHA,0.02,5501.551,3,3,5501.551,0.0,0.0,0.0,0.0,275077.55
1641940,IT,AT,RUBBE,CRUDE,0.02,5501.432,3,3,5501.432,0.0,0.0,0.0,0.0,275071.6
1651300,IT,CY,TEXTI,TEXTI,0.03,5501.339,3,3,5501.339,0.0,0.0,0.0,0.0,183377.966667
1653304,IT,CZ,GLASS,CEREA,0.02,5501.26,3,3,5501.26,0.0,0.0,0.0,0.0,275063.0
1807788,IT,WF,FOODW,NATUR,0.04,5501.254,3,3,5501.254,0.0,0.0,0.0,0.0,137531.35
1771299,IT,CH,DAIRY,HEAVY,0.02,5501.109,3,3,5501.109,0.0,0.0,0.0,0.0,275055.45
1723120,IT,PT,CHEM1,POSTT,0.01,5501.095,3,3,5501.095,0.0,0.0,0.0,0.0,550109.5
1655562,IT,DE,STONE,LANDT,0.02,5501.033,3,3,5501.033,0.0,0.0,0.0,0.0,275051.65
1660332,IT,DE,FINAN,MEATC,0.07,5500.429,3,3,5500.429,0.0,0.0,0.0,0.0,78577.557143
1720188,IT,PL,COPP1,ELEC7,0.01,5500.411,3,3,5500.411,0.0,0.0,0.0,0.0,550041.1
1751831,IT,CN,RENTI,COKEO,0.03,5500.261,3,3,5500.261,0.0,0.0,0.0,0.0,183342.033333
1670562,IT,FI,TEXTI,MOTO1,0.03,5500.155,3,3,5500.155,0.0,0.0,0.0,0.0,183338.5
1662496,IT,DK,COPP1,MEATP,0.01,5499.87,3,3,5499.87,0.0,0.0,0.0,0.0,549987.0
1744116,IT,US,SUPPO,NONF1,0.04,5499.514,3,3,5499.514,0.0,0.0,0.0,0.0,137487.85
1813249,IT,WM,TRANS,KERO1,0.03,5499.314,3,3,5499.314,0.0,0.0,0.0,0.0,183310.466667
1810301,IT,WM,LEATH,INERT,0.04,5498.868,3,3,5498.868,0.0,0.0,0.0,0.0,137471.7
1678050,IT,FR,EDUCA,RESEA,0.14,5498.466,3,3,5498.466,0.0,0.0,0.0,0.0,39274.757143
1724681,IT,PT,INSUR,ELEC5,0.11,5498.257,3,3,5498.257,0.0,0.0,0.0,0.0,49984.154545
1665288,IT,ES,BEVER,ELEC3,0.02,5498.1,3,3,5498.1,0.0,0.0,0.0,0.0,274905.0
1713528,IT,MT,GLASS,MACHI,0.02,5498.048,3,3,5498.048,0.0,0.0,0.0,0.0,274902.4
1762906,IT,MX,SANDC,FABRI,0.01,5497.734,4,4,5496.734,0.0,0.0,1.0,0.0,549773.4
1763686,IT,MX,RUBBE,NONF1,0.02,5497.687,3,3,5497.687,0.0,0.0,0.0,0.0,274884.35
1713683,IT,MT,FABRI,PLAST,0.02,5497.65,3,3,5497.65,0.0,0.0,0.0,0.0,274882.5
1723948,IT,PT,SALEM,DAIRY,0.04,5497.326,3,3,5497.326,0.0,0.0,0.0,0.0,137433.15
1715004,IT,NL,TOBAC,FOODW,0.02,5497.314,3,3,5497.314,0.0,0.0,0.0,0.0,274865.7
1663839,IT,EE,TEXTI,GLASS,0.03,5497.126,3,3,5497.126,0.0,0.0,0.0,0.0,183237.533333
1675406,IT,FR,MACHI,ELEC1,0.03,5497.021,3,3,5497.021,0.0,0.0,0.0,0.0,183234.033333
1748186,IT,JP,PAPE1,PRECI,0.04,5497.013,3,3,5497.013,0.0,0.0,0.0,0.0,137425.325
1800737,IT,WE,NONME,SUGA1,0.01,5496.695,3,3,5496.695,0.0,0.0,0.0,0.0,549669.5
1769235,IT,AU,RUBBE,NICKE,0.02,5496.682,3,3,5496.682,0.0,0.0,0.0,0.0,274834.1
1717666,IT,NL,BUSIN,BRICK,0.06,5496.453,3,3,5496.453,0.0,0.0,0.0,0.0,91607.55
1671717,IT,FI,SALEM,COPP1,0.04,5496.394,3,3,5496.394,0.0,0.0,0.0,0.0,137409.85
1811839,IT,WM,RUBBE,HYDRO,0.02,5495.974,3,3,5495.974,0.0,0.0,0.0,0.0,274798.7
1771023,IT,CH,MEATA,SEACO,0.03,5495.851,3,3,5495.851,0.0,0.0,0.0,0.0,183195.033333
1727989,IT,SE,SANDC,RAWMI,0.01,5494.628,4,4,5493.628,0.0,0.0,1.0,0.0,549462.8
1794039,IT,WL,PULP5,COPP1,0.02,5494.428,3,3,5494.428,0.0,0.0,0.0,0.0,274721.4
1801319,IT,WE,MACHI,REFIN,0.03,5494.345,3,3,5494.345,0.0,0.0,0.0,0.0,183144.833333
1712496,IT,LV,FABRI,MEATP,0.02,5493.878,3,3,5493.878,0.0,0.0,0.0,0.0,274693.9
1736374,IT,SK,LANDT,LIGNI,0.04,5493.252,3,3,5493.252,0.0,0.0,0.0,0.0,137331.3
1685772,IT,HU,PLAST,ADDIT,0.01,5493.134,3,3,5493.134,0.0,0.0,0.0,0.0,549313.4
1803983,IT,WF,LEATH,RUBBE,0.04,5491.923,3,3,5491.923,0.0,0.0,0.0,0.0,137298.075
1799564,IT,WE,PRINT,RETAI,0.05,5491.843,3,3,5491.843,0.0,0.0,0.0,0.0,109836.86
1734863,IT,SK,PAPER,BASIC,0.02,5491.463,3,3,5491.463,0.0,0.0,0.0,0.0,274573.15
1801811,IT,WE,ELEC5,FOOD5,0.07,5491.267,3,3,5491.267,0.0,0.0,0.0,0.0,78446.671429
1671494,IT,FI,MACHI,CERAM,0.03,5491.218,3,3,5491.218,0.0,0.0,0.0,0.0,183040.6
1731502,IT,SI,FISH5,RAWMI,0.02,5491.143,4,4,5491.14,0.0,0.0,0.0,0.003,274557.15
1729579,IT,SE,COPP1,INTER,0.01,5490.978,3,3,5490.978,0.0,0.0,0.0,0.0,549097.8
1649923,IT,BG,FABRI,REFI1,0.02,5490.962,3,3,5490.962,0.0,0.0,0.0,0.0,274548.1
1770959,IT,CH,VEGET,FABRI,0.02,5490.533,3,3,5490.533,0.0,0.0,0.0,0.0,274526.65
1800386,IT,WE,CHEM1,STEAM,0.01,5490.407,3,3,5490.407,0.0,0.0,0.0,0.0,549040.7
1723322,IT,PT,NONME,MEATP,0.01,5490.358,3,3,5490.358,0.0,0.0,0.0,0.0,549035.8
1766912,IT,RU,OFFIC,RENTI,0.02,5490.332,3,3,5490.332,0.0,0.0,0.0,0.0,274516.6
1793039,IT,WA,FOOD4,CHARC,0.04,5490.179,3,3,5490.179,0.0,0.0,0.0,0.0,137254.475
1668347,IT,ES,WHOLE,OILHA,0.05,5490.033,3,3,5490.033,0.0,0.0,0.0,0.0,109800.66
1687812,IT,HU,POSTT,LANDT,0.09,5489.588,3,3,5489.588,0.0,0.0,0.0,0.0,60995.422222
1718846,IT,PL,PAPER,AIRTR,0.02,5489.447,3,3,5489.447,0.0,0.0,0.0,0.0,274472.35
1807469,IT,WF,REALE,VEGET,0.23,5488.654,3,3,5488.654,0.0,0.0,0.0,0.0,23863.713043
1650483,IT,BG,ELEC5,RETA1,0.07,5488.612,3,3,5488.612,0.0,0.0,0.0,0.0,78408.742857
1718005,IT,PL,CHEMI,TEXTI,0.01,5488.074,3,3,5488.074,0.0,0.0,0.0,0.0,548807.4
1757385,IT,BR,LEATH,MACHI,0.04,5487.935,3,3,5487.935,0.0,0.0,0.0,0.0,137198.375
1683313,IT,HR,NONME,STONE,0.01,5487.826,3,3,5487.826,0.0,0.0,0.0,0.0,548782.6
1764127,IT,MX,FABRI,ELEC1,0.02,5487.773,3,3,5487.773,0.0,0.0,0.0,0.0,274388.65
1674300,IT,FR,PLAST,BUSIN,0.01,5487.677,3,3,5487.677,0.0,0.0,0.0,0.0,548767.7
1766347,IT,RU,NONME,LANDT,0.01,5487.429,3,3,5487.429,0.0,0.0,0.0,0.0,548742.9
1673647,IT,FR,WOODW,FOOD1,0.02,5486.903,3,3,5486.903,0.0,0.0,0.0,0.0,274345.15
1805451,IT,WF,GLASS,PRINT,0.02,5486.683,3,3,5486.683,0.0,0.0,0.0,0.0,274334.15
1723968,IT,PT,SALEM,ELEC4,0.04,5486.407,3,3,5486.407,0.0,0.0,0.0,0.0,137160.175
1790615,IT,WA,FABRI,PRECI,0.02,5486.405,3,3,5486.405,0.0,0.0,0.0,0.0,274320.25
1734058,IT,SI,FINAN,COMPU,0.07,5486.369,3,3,5486.369,0.0,0.0,0.0,0.0,78376.7
1644899,IT,BE,LEATH,CHEM1,0.04,5485.913,3,3,5485.913,0.0,0.0,0.0,0.0,137147.825
1678416,IT,FR,INERT,COLLE,0.04,5485.872,3,3,5485.872,0.0,0.0,0.0,0.0,137146.8
1732375,IT,SI,PLAST,STONE,0.01,5485.845,3,3,5485.845,0.0,0.0,0.0,0.0,548584.5
1675957,IT,FR,ELEC4,FABRI,0.09,5485.79,3,3,5485.79,0.0,0.0,0.0,0.0,60953.222222
1755628,IT,KR,RUBBE,NICKE,0.02,5485.202,3,3,5485.202,0.0,0.0,0.0,0.0,274260.1
1680169,IT,GR,MOTO1,COLLE,0.03,5484.708,3,3,5484.708,0.0,0.0,0.0,0.0,182823.6
1648037,IT,BE,COMPU,ELECT,0.06,5484.319,3,3,5484.319,0.0,0.0,0.0,0.0,91405.316667
1681849,IT,HR,VEGE1,CEMEN,0.02,5483.914,3,3,5483.914,0.0,0.0,0.0,0.0,274195.7
1651253,IT,CY,STONE,COPP1,0.02,5483.86,3,3,5483.86,0.0,0.0,0.0,0.0,274193.0
1808756,IT,WF,WOOD2,OILSE,0.03,5483.816,3,3,5483.816,0.0,0.0,0.0,0.0,182793.866667
1656525,IT,DE,PAPER,ELEC2,0.02,5483.813,3,3,5483.813,0.0,0.0,0.0,0.0,274190.65
1787304,IT,WA,CROPS,FORES,0.04,5483.497,3,3,5483.497,0.0,0.0,0.0,0.0,137087.425
1783899,IT,NO,WOOD2,FOOD4,0.03,5483.491,3,3,5483.491,0.0,0.0,0.0,0.0,182783.033333
1647810,IT,BE,AUXIL,PREC1,0.1,5483.415,3,3,5483.415,0.0,0.0,0.0,0.0,54834.15
1729126,IT,SE,GLASS,SANDC,0.02,5483.161,3,3,5483.161,0.0,0.0,0.0,0.0,274158.05
1760480,IT,IN,TEXTI,NONME,0.03,5483.058,3,3,5483.058,0.0,0.0,0.0,0.0,182768.6
1688041,IT,HU,COMPU,PRINT,0.06,5483.018,3,3,5483.018,0.0,0.0,0.0,0.0,91383.633333
1711855,IT,LU,PLAS1,ALUM1,0.02,5482.895,3,3,5482.895,0.0,0.0,0.0,0.0,274144.75
1778745,IT,TR,LANDT,OILSE,0.04,5482.54,3,3,5482.54,0.0,0.0,0.0,0.0,137063.5
1734525,IT,SK,DAIRY,CONST,0.02,5482.427,3,3,5482.427,0.0,0.0,0.0,0.0,274121.35
1713875,IT,MT,ELEC4,COMPU,0.09,5482.227,3,3,5482.227,0.0,0.0,0.0,0.0,60913.633333
1744984,IT,US,BUSIN,PAPE4,0.06,5481.929,3,3,5481.929,0.0,0.0,0.0,0.0,91365.483333
1668513,IT,ES,HOTEL,BITU1,0.04,5481.908,3,3,5481.908,0.0,0.0,0.0,0.0,137047.7
1769029,IT,AU,PRINT,AUXIL,0.05,5481.766,3,3,5481.766,0.0,0.0,0.0,0.0,109635.32
1750717,IT,CN,MOTO1,INSUR,0.03,5481.682,3,3,5481.682,0.0,0.0,0.0,0.0,182722.733333
1760477,IT,IN,TEXTI,GLASS,0.03,5481.213,3,3,5481.213,0.0,0.0,0.0,0.0,182707.1
1664806,IT,ES,VEGET,ELEC2,0.02,5480.825,3,3,5480.825,0.0,0.0,0.0,0.0,274041.25
1663185,IT,DK,LANDT,STEAM,0.04,5480.634,3,3,5480.634,0.0,0.0,0.0,0.0,137015.85
1758669,IT,BR,FURNI,RENTI,0.02,5479.986,3,3,5479.986,0.0,0.0,0.0,0.0,273999.3
1660786,IT,DE,COMPU,WEARI,0.06,5479.45,3,3,5479.45,0.0,0.0,0.0,0.0,91324.166667
1721962,IT,PL,COMPU,KEROS,0.06,5479.225,3,3,5479.225,0.0,0.0,0.0,0.0,91320.416667
1731208,IT,SI,CHEMI,STEAM,0.01,5478.946,3,3,5478.946,0.0,0.0,0.0,0.0,547894.6
1653203,IT,CZ,RUBBE,MEATA,0.02,5478.863,3,3,5478.863,0.0,0.0,0.0,0.0,273943.15
1785177,IT,ZA,FOOD5,TRAN1,0.03,5478.534,3,3,5478.534,0.0,0.0,0.0,0.0,182617.8
1664870,IT,ES,FORES,PLAST,0.05,5478.527,4,4,5476.527,0.0,2.0,0.0,0.0,109570.54
1655832,IT,DE,VEGE1,RADIO,0.02,5478.239,3,3,5478.239,0.0,0.0,0.0,0.0,273911.95
1754443,IT,CA,COMPU,FINAN,0.06,5478.016,3,3,5478.016,0.0,0.0,0.0,0.0,91300.266667
1728025,IT,SE,CHEMI,BEVER,0.01,5477.949,3,3,5477.949,0.0,0.0,0.0,0.0,547794.9
1787126,IT,ZA,BUSIN,RENTI,0.06,5477.659,3,3,5477.659,0.0,0.0,0.0,0.0,91294.316667
1640842,IT,AT,LEATH,CROPS,0.04,5477.397,3,3,5477.397,0.0,0.0,0.0,0.0,136934.925
1644784,IT,BE,TOBAC,PAPER,0.02,5477.125,3,3,5477.125,0.0,0.0,0.0,0.0,273856.25
1640412,IT,AT,VEGE1,MEATA,0.02,5476.958,3,3,5476.958,0.0,0.0,0.0,0.0,273847.9
1709462,IT,LT,TEXTI,CONST,0.03,5476.93,3,3,5476.93,0.0,0.0,0.0,0.0,182564.333333
1677875,IT,FR,BUSIN,REFI1,0.06,5476.843,3,3,5476.843,0.0,0.0,0.0,0.0,91280.716667
1687197,IT,HU,CONST,REFI1,0.03,5476.625,3,3,5476.625,0.0,0.0,0.0,0.0,182554.166667
1782651,IT,NO,SALEM,POSTT,0.04,5476.118,3,3,5476.118,0.0,0.0,0.0,0.0,136902.95
1726816,IT,RO,WHOLE,BASIC,0.05,5475.985,3,3,5475.985,0.0,0.0,0.0,0.0,109519.7
1788479,IT,WA,PULP5,ELECT,0.02,5475.925,3,3,5475.925,0.0,0.0,0.0,0.0,273796.25
1807569,IT,WF,COMPU,OFFIC,0.06,5475.763,3,3,5475.763,0.0,0.0,0.0,0.0,91262.716667
1787560,IT,WA,CHEMI,EDUCA,0.01,5475.67,3,3,5475.67,0.0,0.0,0.0,0.0,547567.0
1677667,IT,FR,RENTI,CATTL,0.03,5475.481,3,3,5475.481,0.0,0.0,0.0,0.0,182516.033333
1640859,IT,AT,LEATH,TEXTI,0.04,5475.453,3,3,5475.453,0.0,0.0,0.0,0.0,136886.325
1768409,IT,AU,VEGE1,BIOGA,0.02,5475.422,3,3,5475.422,0.0,0.0,0.0,0.0,273771.1
1653151,IT,CZ,CHEM1,ELEC7,0.01,5475.152,3,3,5475.152,0.0,0.0,0.0,0.0,547515.2
1776877,IT,TR,PLAST,CATTL,0.01,5475.115,3,3,5475.115,0.0,0.0,0.0,0.0,547511.5
1807362,IT,WF,FINAN,PRINT,0.07,5475.002,3,3,5475.002,0.0,0.0,0.0,0.0,78214.314286
1781251,IT,NO,SANDC,NATUR,0.01,5475.0,4,4,5474.0,0.0,0.0,1.0,0.0,547500.0
1769103,IT,AU,PLAST,COMPU,0.01,5474.596,3,3,5474.596,0.0,0.0,0.0,0.0,547459.6
1762097,IT,IN,RETA1,COMPU,0.06,5474.348,3,3,5474.348,0.0,0.0,0.0,0.0,91239.133333
1785770,IT,ZA,PLAST,TRANS,0.01,5474.27,3,3,5474.27,0.0,0.0,0.0,0.0,547427.0
1797976,IT,WL,PAPE4,BIODI,0.04,5474.266,3,3,5474.266,0.0,0.0,0.0,0.0,136856.65
1658464,IT,DE,FABRI,ELE12,0.02,5474.056,3,3,5474.056,0.0,0.0,0.0,0.0,273702.8
1774996,IT,CH,AUXIL,RECRE,0.1,5473.948,3,3,5473.948,0.0,0.0,0.0,0.0,54739.48
1757235,IT,BR,VEGE1,PULP5,0.02,5473.867,3,3,5473.867,0.0,0.0,0.0,0.0,273693.35
1806537,IT,WF,FURNI,MEATC,0.02,5473.791,3,3,5473.791,0.0,0.0,0.0,0.0,273689.55
1646023,IT,BE,NONME,ELECT,0.01,5473.694,3,3,5473.694,0.0,0.0,0.0,0.0,547369.4
1756055,IT,KR,FABRI,PULP5,0.02,5473.317,3,3,5473.317,0.0,0.0,0.0,0.0,273665.85
1742863,IT,US,MACHI,NONFE,0.03,5473.288,3,3,5473.288,0.0,0.0,0.0,0.0,182442.933333
1770372,IT,AU,LANDT,WOODW,0.04,5473.207,3,3,5473.207,0.0,0.0,0.0,0.0,136830.175
1669600,IT,ES,RENTI,TEXTI,0.03,5473.02,3,3,5473.02,0.0,0.0,0.0,0.0,182434.0
1689945,IT,IE,REALE,FISHF,0.23,5472.983,3,3,5472.983,0.0,0.0,0.0,0.0,23795.578261
1765128,IT,MX,BUSIN,CATTL,0.06,5472.725,3,3,5472.725,0.0,0.0,0.0,0.0,91212.083333
1713772,IT,MT,MOTO1,MOTO1,0.03,5472.423,3,3,5472.423,0.0,0.0,0.0,0.0,182414.1
1748646,IT,CN,DAIRY,ELEC4,0.02,5472.19,3,3,5472.19,0.0,0.0,0.0,0.0,273609.5
1737551,IT,GB,PULP5,LEATH,0.02,5472.118,3,3,5472.118,0.0,0.0,0.0,0.0,273605.9
1678332,IT,FR,WASTE,HEALT,0.02,5472.042,3,3,5472.042,0.0,0.0,0.0,0.0,273602.1
1790606,IT,WA,FABRI,SUBBI,0.02,5471.924,3,3,5471.924,0.0,0.0,0.0,0.0,273596.2
1764131,IT,MX,FABRI,ELEC5,0.02,5471.92,3,3,5471.92,0.0,0.0,0.0,0.0,273596.0
1774467,IT,CH,LANDT,PULP5,0.04,5471.746,3,3,5471.746,0.0,0.0,0.0,0.0,136793.65
1726498,IT,RO,MACHI,VEGET,0.03,5471.658,3,3,5471.658,0.0,0.0,0.0,0.0,182388.6
1661312,IT,DK,CHEMI,DAIRY,0.01,5471.465,3,3,5471.465,0.0,0.0,0.0,0.0,547146.5
1650241,IT,BG,FURNI,INSUR,0.02,5471.446,3,3,5471.446,0.0,0.0,0.0,0.0,273572.3
1662094,IT,DK,CHEM1,FINAN,0.01,5471.272,3,3,5471.272,0.0,0.0,0.0,0.0,547127.2
1764188,IT,MX,MACHI,ALUMI,0.03,5471.223,3,3,5471.223,0.0,0.0,0.0,0.0,182374.1
1673157,IT,FR,BEVER,NAPHT,0.02,5471.077,3,3,5471.077,0.0,0.0,0.0,0.0,273553.85
1712596,IT,LV,MACHI,HEALT,0.03,5471.066,3,3,5471.066,0.0,0.0,0.0,0.0,182368.866667
1789971,IT,WA,NONME,URANI,0.01,5470.738,3,3,5470.738,0.0,0.0,0.0,0.0,547073.8
1749695,IT,CN,CHEM1,ELEC7,0.01,5470.301,3,3,5470.301,0.0,0.0,0.0,0.0,547030.1
1758725,IT,BR,RETAI,COMPU,0.04,5470.25,3,3,5470.25,0.0,0.0,0.0,0.0,136756.25
1679614,IT,GR,RUBBE,PAPE4,0.02,5470.169,3,3,5470.169,0.0,0.0,0.0,0.0,273508.45
1783092,IT,NO,INSUR,POSTT,0.11,5470.102,3,3,5470.102,0.0,0.0,0.0,0.0,49728.2
1645535,IT,BE,PLAST,REALE,0.01,5469.771,3,3,5469.771,0.0,0.0,0.0,0.0,546977.1
1651230,IT,BG,PUBLI,MEMBE,0.09,5469.58,3,3,5469.58,0.0,0.0,0.0,0.0,60773.111111
1671748,IT,FI,SALEM,FOOD4,0.04,5469.33,3,3,5469.33,0.0,0.0,0.0,0.0,136733.25
1716293,IT,NL,FABRI,PRINT,0.02,5469.2,3,3,5469.2,0.0,0.0,0.0,0.0,273460.0
1736423,IT,SK,LANDT,SECO9,0.04,5469.126,3,3,5469.126,0.0,0.0,0.0,0.0,136728.15
1642068,IT,AT,GLASS,COKEO,0.02,5469.102,3,3,5469.102,0.0,0.0,0.0,0.0,273455.1
1720853,IT,PL,FURNI,AUXIL,0.02,5468.659,3,3,5468.659,0.0,0.0,0.0,0.0,273432.95
1798824,IT,WE,FOOD5,BLAST,0.03,5468.554,3,3,5468.554,0.0,0.0,0.0,0.0,182285.133333
1792761,IT,WA,BUSIN,BLAST,0.06,5468.423,3,3,5468.423,0.0,0.0,0.0,0.0,91140.383333
1740085,IT,GB,RENTI,TEXT2,0.03,5468.307,3,3,5468.307,0.0,0.0,0.0,0.0,182276.9
1661827,IT,DK,PAPER,FORES,0.02,5468.258,3,3,5468.258,0.0,0.0,0.0,0.0,273412.9
1713030,IT,MT,MEAT1,MEAT1,0.03,5468.218,3,3,5468.218,0.0,0.0,0.0,0.0,182273.933333
1771316,IT,CH,DAIRY,CONST,0.02,5468.151,3,3,5468.151,0.0,0.0,0.0,0.0,273407.55
1711183,IT,LU,FABRI,93197,0.02,5468.14,3,3,5468.14,0.0,0.0,0.0,0.0,273407.0
1684392,IT,HR,POSTT,SUPPO,0.09,5467.512,3,3,5467.512,0.0,0.0,0.0,0.0,60750.133333
1775250,IT,CH,BUSIN,MEAT1,0.06,5467.412,3,3,5467.412,0.0,0.0,0.0,0.0,91123.533333
1729608,IT,SE,FABRI,POULT,0.02,5467.297,3,3,5467.297,0.0,0.0,0.0,0.0,273364.85
1740107,IT,GB,COMPU,KEROS,0.06,5467.238,3,3,5467.238,0.0,0.0,0.0,0.0,91120.633333
1811231,IT,WM,WHITE,ELEC6,0.03,5467.026,3,3,5467.026,0.0,0.0,0.0,0.0,182234.2
1648921,IT,BG,WEARI,WOODW,0.04,5466.57,3,3,5466.57,0.0,0.0,0.0,0.0,136664.25
1778718,IT,TR,RAILW,NONF1,0.04,5466.524,3,3,5466.524,0.0,0.0,0.0,0.0,136663.1
1732434,IT,SI,CHEM1,FORES,0.01,5466.141,3,3,5466.141,0.0,0.0,0.0,0.0,546614.1
1726151,IT,RO,GLASS,MEATC,0.02,5466.096,3,3,5466.096,0.0,0.0,0.0,0.0,273304.8
1731308,IT,SI,VEGE1,DIST1,0.02,5465.995,3,3,5465.995,0.0,0.0,0.0,0.0,273299.75
1801416,IT,WE,OFFIC,93197,0.02,5465.625,3,3,5465.625,0.0,0.0,0.0,0.0,273281.25
1773837,IT,CH,ELEC4,OILHA,0.09,5465.554,3,3,5465.554,0.0,0.0,0.0,0.0,60728.377778
1750992,IT,CN,WHOLE,POULT,0.05,5464.82,3,3,5464.82,0.0,0.0,0.0,0.0,109296.4
1654502,IT,CZ,HOTEL,KEROS,0.04,5464.746,3,3,5464.746,0.0,0.0,0.0,0.0,136618.65
1762484,IT,IN,FINAN,BUSIN,0.07,5464.476,3,3,5464.476,0.0,0.0,0.0,0.0,78063.942857
1783894,IT,NO,WOOD2,WOOD1,0.03,5464.203,3,3,5464.203,0.0,0.0,0.0,0.0,182140.1
1690375,IT,IE,WASTE,PFERT,0.02,5464.071,3,3,5464.071,0.0,0.0,0.0,0.0,273203.55
1797661,IT,WL,PAPE1,WHOLE,0.04,5463.856,3,3,5463.856,0.0,0.0,0.0,0.0,136596.4
1718056,IT,PL,MEATC,BUSIN,0.02,5463.548,3,3,5463.548,0.0,0.0,0.0,0.0,273177.4
1727546,IT,RO,REALE,BEVER,0.23,5463.156,3,3,5463.156,0.0,0.0,0.0,0.0,23752.852174
1655690,IT,DE,CHEMI,ELEC2,0.01,5463.022,3,3,5463.022,0.0,0.0,0.0,0.0,546302.2
1747425,IT,JP,LANDT,MACHI,0.04,5462.753,3,3,5462.753,0.0,0.0,0.0,0.0,136568.825
1668079,IT,ES,FURNI,PAPE4,0.02,5462.617,3,3,5462.617,0.0,0.0,0.0,0.0,273130.85
1800762,IT,WE,NONME,HOTEL,0.01,5462.248,3,3,5462.248,0.0,0.0,0.0,0.0,546224.8
1710100,IT,LT,FABRI,RAILW,0.02,5462.134,3,3,5462.134,0.0,0.0,0.0,0.0,273106.7
1648172,IT,BE,BUSIN,COALT,0.06,5462.091,3,3,5462.091,0.0,0.0,0.0,0.0,91034.85
1773916,IT,CH,SALEM,PIGS9,0.04,5461.938,3,3,5461.938,0.0,0.0,0.0,0.0,136548.45
1758997,IT,BR,LANDT,NONME,0.04,5461.256,3,3,5461.256,0.0,0.0,0.0,0.0,136531.4
1723809,IT,PT,OFFIC,RECRE,0.02,5461.209,3,3,5461.209,0.0,0.0,0.0,0.0,273060.45
1689073,IT,IE,FURNI,PLAST,0.02,5461.099,3,3,5461.099,0.0,0.0,0.0,0.0,273054.95
1648268,IT,BE,BUSIN,PAPE4,0.06,5460.68,3,3,5460.68,0.0,0.0,0.0,0.0,91011.333333
1779591,IT,TR,COMPU,BIOG1,0.06,5460.441,3,3,5460.441,0.0,0.0,0.0,0.0,91007.35
1652785,IT,CZ,PAPER,TEXT2,0.02,5460.4,3,3,5460.4,0.0,0.0,0.0,0.0,273020.0
1785774,IT,ZA,PLAST,DISTR,0.01,5460.241,3,3,5460.241,0.0,0.0,0.0,0.0,546024.1
1798361,IT,WE,ANIMA,CROPS,0.02,5460.158,3,3,5460.158,0.0,0.0,0.0,0.0,273007.9
1780872,IT,TW,RESEA,WEARI,0.03,5459.726,3,3,5459.726,0.0,0.0,0.0,0.0,181990.866667
1802005,IT,WE,WHOLE,LEATH,0.05,5459.713,3,3,5459.713,0.0,0.0,0.0,0.0,109194.26
1678581,IT,GR,POULT,REALE,0.01,5459.33,3,3,5459.33,0.0,0.0,0.0,0.0,545933.0
1773963,IT,CH,SALEM,COLLE,0.04,5459.22,3,3,5459.22,0.0,0.0,0.0,0.0,136480.5
1682129,IT,HR,TEXTI,ALUM1,0.03,5458.954,3,3,5458.954,0.0,0.0,0.0,0.0,181965.133333
1686743,IT,HU,COPP1,HEALT,0.01,5458.913,3,3,5458.913,0.0,0.0,0.0,0.0,545891.3
1710258,IT,LT,MOTO1,CEMEN,0.03,5458.446,3,3,5458.446,0.0,0.0,0.0,0.0,181948.2
1666601,IT,ES,CHEM1,TRANS,0.01,5458.057,3,3,5458.057,0.0,0.0,0.0,0.0,545805.7
1772817,IT,CH,NONME,FOOD3,0.01,5458.037,3,3,5458.037,0.0,0.0,0.0,0.0,545803.7
1786495,IT,ZA,MOTO1,RESEA,0.03,5457.996,3,3,5457.996,0.0,0.0,0.0,0.0,181933.2
1662801,IT,DK,FURNI,MACHI,0.02,5457.879,3,3,5457.879,0.0,0.0,0.0,0.0,272893.95
1739705,IT,GB,SUPPO,NONF1,0.04,5457.68,3,3,5457.68,0.0,0.0,0.0,0.0,136442.0
1727412,IT,RO,FINAN,DISTR,0.07,5457.586,3,3,5457.586,0.0,0.0,0.0,0.0,77965.514286
1765898,IT,RU,PLAST,PARAF,0.01,5457.534,3,3,5457.534,0.0,0.0,0.0,0.0,545753.4
1721954,IT,PL,COMPU,TEXTI,0.06,5457.472,3,3,5457.472,0.0,0.0,0.0,0.0,90957.866667
1644929,IT,BE,WOODW,VEGET,0.02,5457.094,3,3,5457.094,0.0,0.0,0.0,0.0,272854.7
1720529,IT,PL,OFFIC,LEATH,0.02,5456.719,3,3,5456.719,0.0,0.0,0.0,0.0,272835.95
1716428,IT,NL,MACHI,PAPE1,0.03,5456.649,3,3,5456.649,0.0,0.0,0.0,0.0,181888.3
1721494,IT,PL,SUPPO,SUGA1,0.04,5456.506,3,3,5456.506,0.0,0.0,0.0,0.0,136412.65
1669172,IT,ES,POSTT,ALUM1,0.09,5456.443,3,3,5456.443,0.0,0.0,0.0,0.0,60627.144444
1747974,IT,JP,RESEA,RAILW,0.03,5456.413,3,3,5456.413,0.0,0.0,0.0,0.0,181880.433333
1775051,IT,CH,RENTI,NFERT,0.03,5455.888,3,3,5455.888,0.0,0.0,0.0,0.0,181862.933333
1801066,IT,WE,COPP1,BITU1,0.01,5455.871,3,3,5455.871,0.0,0.0,0.0,0.0,545587.1
1761674,IT,IN,FABRI,SECO9,0.02,5455.823,3,3,5455.823,0.0,0.0,0.0,0.0,272791.15
1643182,IT,AT,HOTEL,CRUDE,0.04,5455.806,3,3,5455.806,0.0,0.0,0.0,0.0,136395.15
1801996,IT,WE,WHOLE,MEAT4,0.05,5455.099,3,3,5455.099,0.0,0.0,0.0,0.0,109101.98
1670073,IT,ES,WASTE,LANDT,0.02,5454.996,3,3,5454.996,0.0,0.0,0.0,0.0,272749.8
1662871,IT,DK,WHOLE,GASDI,0.05,5454.862,3,3,5454.862,0.0,0.0,0.0,0.0,109097.24
1665170,IT,ES,PROCE,BUSIN,0.04,5454.659,3,3,5454.659,0.0,0.0,0.0,0.0,136366.475
1684470,IT,HR,RENTI,SEACO,0.03,5454.627,3,3,5454.627,0.0,0.0,0.0,0.0,181820.9
1748878,IT,CN,WEARI,BEVER,0.04,5454.432,3,3,5454.432,0.0,0.0,0.0,0.0,136360.8
1778508,IT,TR,RETA1,COPPE,0.06,5454.373,3,3,5454.373,0.0,0.0,0.0,0.0,90906.216667
1781780,IT,NO,PRINT,SUPPO,0.05,5454.117,3,3,5454.117,0.0,0.0,0.0,0.0,109082.34
1733970,IT,SI,SUPPO,LANDT,0.04,5454.038,3,3,5454.038,0.0,0.0,0.0,0.0,136350.95
1681850,IT,HR,VEGE1,FABRI,0.02,5454.015,3,3,5454.015,0.0,0.0,0.0,0.0,272700.75
1670150,IT,ES,MEMBE,BEVER,0.06,5453.882,3,3,5453.882,0.0,0.0,0.0,0.0,90898.033333
1728569,IT,SE,PAPER,NONME,0.02,5453.791,3,3,5453.791,0.0,0.0,0.0,0.0,272689.55
1769997,IT,AU,FURNI,NATUR,0.02,5453.556,3,3,5453.556,0.0,0.0,0.0,0.0,272677.8
1739783,IT,GB,POSTT,RADIO,0.09,5453.525,3,3,5453.525,0.0,0.0,0.0,0.0,60594.722222
1681903,IT,HR,DAIRY,SALEM,0.02,5453.282,3,3,5453.282,0.0,0.0,0.0,0.0,272664.1
1785117,IT,ZA,VEGE1,MEAT4,0.02,5453.245,3,3,5453.245,0.0,0.0,0.0,0.0,272662.25
1726793,IT,RO,WHOLE,OILSE,0.05,5453.134,3,3,5453.134,0.0,0.0,0.0,0.0,109062.68
1668059,IT,ES,FURNI,TRAN2,0.02,5453.125,3,3,5453.125,0.0,0.0,0.0,0.0,272656.25
1669621,IT,ES,RENTI,ELEC4,0.03,5452.721,3,3,5452.721,0.0,0.0,0.0,0.0,181757.366667
1646649,IT,BE,FURNI,MEATP,0.02,5452.681,3,3,5452.681,0.0,0.0,0.0,0.0,272634.05
1790628,IT,WA,FABRI,SUGA1,0.02,5452.443,3,3,5452.443,0.0,0.0,0.0,0.0,272622.15
1690489,IT,IE,PAPE4,RECRE,0.04,5452.021,3,3,5452.021,0.0,0.0,0.0,0.0,136300.525
1798935,IT,WE,FISH5,TRANS,0.02,5451.795,4,4,5451.792,0.0,0.0,0.0,0.003,272589.75
1777804,IT,TR,FABRI,REFI1,0.02,5451.561,3,3,5451.561,0.0,0.0,0.0,0.0,272578.05
1772528,IT,CH,RUBBE,LUBRI,0.02,5451.346,3,3,5451.346,0.0,0.0,0.0,0.0,272567.3
1687000,IT,HU,MACHI,PLAS2,0.03,5451.294,3,3,5451.294,0.0,0.0,0.0,0.0,181709.8
1758328,IT,BR,COPP1,RETA1,0.01,5451.056,3,3,5451.056,0.0,0.0,0.0,0.0,545105.6
1755498,IT,KR,CHEM1,POULT,0.01,5450.987,3,3,5450.987,0.0,0.0,0.0,0.0,545098.7
1753037,IT,CA,CHEM1,COLLE,0.01,5450.885,3,3,5450.885,0.0,0.0,0.0,0.0,545088.5
1657569,IT,DE,GLASS,PREC1,0.01,5450.768,3,3,5450.768,0.0,0.0,0.0,0.0,545076.8
1687089,IT,HU,MOTO1,AUXIL,0.03,5450.54,3,3,5450.54,0.0,0.0,0.0,0.0,181684.666667
1711848,IT,LU,PAPE1,FINAN,0.04,5449.787,3,3,5449.787,0.0,0.0,0.0,0.0,136244.675
1768382,IT,AU,VEGE1,OILSE,0.02,5449.544,3,3,5449.544,0.0,0.0,0.0,0.0,272477.2
1769588,IT,AU,COPP1,LANDT,0.01,5449.283,3,3,5449.283,0.0,0.0,0.0,0.0,544928.3
1751329,IT,CN,LANDT,FABRI,0.04,5449.249,3,3,5449.249,0.0,0.0,0.0,0.0,136231.225
1749123,IT,CN,WOODW,RADIO,0.02,5448.951,3,3,5448.951,0.0,0.0,0.0,0.0,272447.55
1721767,IT,PL,INSUR,REALE,0.11,5448.919,3,3,5448.919,0.0,0.0,0.0,0.0,49535.627273
1685351,IT,HU,LEATH,POULT,0.04,5448.777,3,3,5448.777,0.0,0.0,0.0,0.0,136219.425
1640211,IT,AT,FORES,FORES,0.05,5448.134,4,4,5446.134,0.0,2.0,0.0,0.0,108962.68
1734286,IT,SI,BUSIN,MEATC,0.06,5447.614,3,3,5447.614,0.0,0.0,0.0,0.0,90793.566667
1735853,IT,SK,MACHI,FOOD4,0.03,5447.406,3,3,5447.406,0.0,0.0,0.0,0.0,181580.2
1689859,IT,IE,INSUR,FOOD4,0.11,5447.256,3,3,5447.256,0.0,0.0,0.0,0.0,49520.509091
1769590,IT,AU,COPP1,PUBLI,0.01,5447.047,3,3,5447.047,0.0,0.0,0.0,0.0,544704.7
1783451,IT,NO,TEXT1,WHOLE,0.04,5446.408,3,3,5446.408,0.0,0.0,0.0,0.0,136160.2
1730081,IT,SE,RETA1,BASIC,0.06,5446.401,3,3,5446.401,0.0,0.0,0.0,0.0,90773.35
1787957,IT,WA,TOBAC,LEAD1,0.02,5446.374,3,3,5446.374,0.0,0.0,0.0,0.0,272318.7
1762060,IT,IN,RETA1,LEATH,0.06,5446.333,3,3,5446.333,0.0,0.0,0.0,0.0,90772.216667
1721681,IT,PL,FINAN,CEMEN,0.07,5446.245,3,3,5446.245,0.0,0.0,0.0,0.0,77803.5
1662531,IT,DK,COPP1,PAPE4,0.01,5446.112,3,3,5446.112,0.0,0.0,0.0,0.0,544611.2
1644378,IT,BE,CHEMI,WOOD2,0.01,5445.771,3,3,5445.771,0.0,0.0,0.0,0.0,544577.1
1779322,IT,TR,INSUR,CHEM1,0.11,5445.529,3,3,5445.529,0.0,0.0,0.0,0.0,49504.809091
1734550,IT,SK,FOOD5,MEAT1,0.03,5445.431,3,3,5445.431,0.0,0.0,0.0,0.0,181514.366667
1710724,IT,LU,BEVER,RAWMI,0.02,5445.078,3,3,5445.078,0.0,0.0,0.0,0.0,272253.9
1668314,IT,ES,WHOLE,ELEC8,0.05,5445.022,3,3,5445.022,0.0,0.0,0.0,0.0,108900.44
1796354,IT,WL,WHOLE,SUGAR,0.05,5444.935,3,3,5444.935,0.0,0.0,0.0,0.0,108898.7
1804200,IT,WF,PRINT,WEARI,0.05,5444.879,3,3,5444.879,0.0,0.0,0.0,0.0,108897.58
1772625,IT,CH,GLASS,LIQUE,0.01,5444.567,3,3,5444.567,0.0,0.0,0.0,0.0,544456.7
1714998,IT,NL,TOBAC,SUPPO,0.02,5444.496,3,3,5444.496,0.0,0.0,0.0,0.0,272224.8
1779379,IT,TR,AUXIL,CONST,0.1,5444.194,3,3,5444.194,0.0,0.0,0.0,0.0,54441.94
1641894,IT,AT,BIODI,NONF1,0.01,5444.159,3,3,5444.159,0.0,0.0,0.0,0.0,544415.9
1755873,IT,KR,NONME,ALUM1,0.01,5443.948,3,3,5443.948,0.0,0.0,0.0,0.0,544394.8
1685022,IT,HU,DAIRY,MEATA,0.02,5443.801,3,3,5443.801,0.0,0.0,0.0,0.0,272190.05
1804988,IT,WF,PLAST,STONE,0.01,5443.641,3,3,5443.641,0.0,0.0,0.0,0.0,544364.1
1748040,IT,JP,BUSIN,CERAM,0.06,5443.558,3,3,5443.558,0.0,0.0,0.0,0.0,90725.966667
1647575,IT,BE,POSTT,CHEMI,0.09,5443.08,3,3,5443.08,0.0,0.0,0.0,0.0,60478.666667
1652169,IT,CZ,VEGE1,PFERT,0.02,5442.976,3,3,5442.976,0.0,0.0,0.0,0.0,272148.8
1768726,IT,AU,WEARI,TEXTI,0.04,5442.907,3,3,5442.907,0.0,0.0,0.0,0.0,136072.675
1724482,IT,PT,SUPPO,HOTEL,0.04,5442.531,3,3,5442.531,0.0,0.0,0.0,0.0,136063.275
1686862,IT,HU,FABRI,FOODW,0.02,5441.991,3,3,5441.991,0.0,0.0,0.0,0.0,272099.55
1718232,IT,PL,PROCE,MOTO1,0.04,5441.624,3,3,5441.624,0.0,0.0,0.0,0.0,136040.6
1680114,IT,GR,OFFIC,MOTOR,0.02,5441.445,3,3,5441.445,0.0,0.0,0.0,0.0,272072.25
1768686,IT,AU,TEXTI,RETAI,0.03,5441.429,3,3,5441.429,0.0,0.0,0.0,0.0,181380.966667
1678393,IT,FR,PAPE4,PLAS1,0.04,5441.381,3,3,5441.381,0.0,0.0,0.0,0.0,136034.525
1790910,IT,WA,OFFIC,NONME,0.02,5441.302,3,3,5441.302,0.0,0.0,0.0,0.0,272065.1
1664891,IT,ES,CRUDE,FISH5,0.01,5441.237,3,3,5441.237,0.0,0.0,0.0,0.0,544123.7
1723615,IT,PT,FABRI,COLLE,0.02,5441.056,3,3,5441.056,0.0,0.0,0.0,0.0,272052.8
1662793,IT,DK,TRANS,COMPU,0.03,5440.965,3,3,5440.965,0.0,0.0,0.0,0.0,181365.5
1687493,IT,HU,LANDT,NATU1,0.04,5440.696,3,3,5440.696,0.0,0.0,0.0,0.0,136017.4
1756846,IT,KR,POSTT,RUBBE,0.09,5440.503,3,3,5440.503,0.0,0.0,0.0,0.0,60450.033333
1781946,IT,NO,ADDIT,FISHF,0.01,5440.254,3,3,5440.254,0.0,0.0,0.0,0.0,544025.4
1773904,IT,CH,ELEC8,PUBLI,0.07,5440.123,3,3,5440.123,0.0,0.0,0.0,0.0,77716.042857
1770773,IT,AU,COMPU,NATUR,0.06,5440.022,3,3,5440.022,0.0,0.0,0.0,0.0,90667.033333
1649612,IT,BG,GLASS,GASDI,0.01,5439.893,3,3,5439.893,0.0,0.0,0.0,0.0,543989.3
1683331,IT,HR,NONME,CHARC,0.01,5439.052,3,3,5439.052,0.0,0.0,0.0,0.0,543905.2
1669362,IT,ES,FINAN,PAPE4,0.07,5438.856,3,3,5438.856,0.0,0.0,0.0,0.0,77697.942857
1765061,IT,MX,INSUR,AIRTR,0.11,5438.366,3,3,5438.366,0.0,0.0,0.0,0.0,49439.690909
1652119,IT,CZ,CHEMI,LANDT,0.01,5438.356,3,3,5438.356,0.0,0.0,0.0,0.0,543835.6
1771813,IT,CH,WOODW,VEGE1,0.02,5438.265,3,3,5438.265,0.0,0.0,0.0,0.0,271913.25
1785079,IT,ZA,FORES,PAPER,0.05,5438.249,4,4,5436.249,0.0,2.0,0.0,0.0,108764.98
1741037,IT,US,TEXTI,MEATC,0.03,5438.218,3,3,5438.218,0.0,0.0,0.0,0.0,181273.933333
1791786,IT,WA,LANDT,SUGAR,0.04,5438.209,3,3,5438.209,0.0,0.0,0.0,0.0,135955.225
1764102,IT,MX,FABRI,NFERT,0.02,5438.167,3,3,5438.167,0.0,0.0,0.0,0.0,271908.35
1722717,IT,PT,WOODW,BASIC,0.02,5438.057,3,3,5438.057,0.0,0.0,0.0,0.0,271902.85
1748500,IT,CN,SANDC,BRICK,0.01,5437.96,4,4,5436.96,0.0,0.0,1.0,0.0,543796.0
1641854,IT,AT,BIOGA,MOTO1,0.01,5437.628,3,3,5437.628,0.0,0.0,0.0,0.0,543762.8
1813216,IT,WM,TRANS,CROPS,0.03,5437.392,3,3,5437.392,0.0,0.0,0.0,0.0,181246.4
1791041,IT,WA,TRANS,COKIN,0.03,5437.332,3,3,5437.332,0.0,0.0,0.0,0.0,181244.4
1732757,IT,SI,NONME,PAPER,0.01,5437.185,3,3,5437.185,0.0,0.0,0.0,0.0,543718.5
1688435,IT,IE,FISH5,PLAST,0.02,5437.165,4,4,5437.162,0.0,0.0,0.0,0.003,271858.25
1787459,IT,WA,STONE,MOTO1,0.02,5437.111,3,3,5437.111,0.0,0.0,0.0,0.0,271855.55
1808323,IT,WF,FOOD3,FISHF,0.02,5436.806,3,3,5436.806,0.0,0.0,0.0,0.0,271840.3
1709707,IT,LT,CHEM1,SUGA1,0.01,5436.754,3,3,5436.754,0.0,0.0,0.0,0.0,543675.4
1776242,IT,TR,PULP5,TOBAC,0.02,5436.582,3,3,5436.582,0.0,0.0,0.0,0.0,271829.1
1710944,IT,LU,RUBBE,NFERT,0.02,5436.386,3,3,5436.386,0.0,0.0,0.0,0.0,271819.3
1796735,IT,WL,LANDT,TEXTI,0.04,5435.948,3,3,5435.948,0.0,0.0,0.0,0.0,135898.7
1769074,IT,AU,PLAST,NFERT,0.01,5435.925,3,3,5435.925,0.0,0.0,0.0,0.0,543592.5
1738804,IT,GB,MOTO1,FISH5,0.03,5435.639,3,3,5435.639,0.0,0.0,0.0,0.0,181187.966667
1809708,IT,WM,PROCE,COMPU,0.04,5435.636,3,3,5435.636,0.0,0.0,0.0,0.0,135890.9
1782800,IT,NO,HOTEL,MOTO1,0.04,5435.055,3,3,5435.055,0.0,0.0,0.0,0.0,135876.375
1644269,IT,BE,CROPS,NONF1,0.04,5435.034,3,3,5435.034,0.0,0.0,0.0,0.0,135875.85
1814744,IT,WM,OILHA,HEALT,0.03,5434.644,3,3,5434.644,0.0,0.0,0.0,0.0,181154.8
1685997,IT,HU,BIODI,NAPHT,0.01,5434.554,3,3,5434.554,0.0,0.0,0.0,0.0,543455.4
1666683,IT,ES,BIODI,CEMEN,0.01,5434.233,3,3,5434.233,0.0,0.0,0.0,0.0,543423.3
1652379,IT,CZ,TEXTI,SUGA1,0.03,5434.104,3,3,5434.104,0.0,0.0,0.0,0.0,181136.8
1743423,IT,US,SALEM,RECRE,0.04,5434.1,3,3,5434.1,0.0,0.0,0.0,0.0,135852.5
1730925,IT,SE,INTER,MOTO1,0.03,5434.035,3,3,5434.035,0.0,0.0,0.0,0.0,181134.5
1793144,IT,WA,93197,CATTL,0.04,5433.978,3,3,5433.978,0.0,0.0,0.0,0.0,135849.45
1792936,IT,WA,FOODW,PUBLI,0.04,5433.739,3,3,5433.739,0.0,0.0,0.0,0.0,135843.475
1806544,IT,WF,FURNI,LEAD1,0.02,5433.709,3,3,5433.709,0.0,0.0,0.0,0.0,271685.45
1769658,IT,AU,FABRI,ELEC4,0.02,5433.702,3,3,5433.702,0.0,0.0,0.0,0.0,271685.1
1655748,IT,DE,MEATC,COMPU,0.02,5433.492,3,3,5433.492,0.0,0.0,0.0,0.0,271674.6
1712751,IT,LV,LANDT,TEXTI,0.04,5433.406,3,3,5433.406,0.0,0.0,0.0,0.0,135835.15
1681554,IT,GR,BUSIN,ELEC4,0.06,5432.895,3,3,5432.895,0.0,0.0,0.0,0.0,90548.25
1733660,IT,SI,HOTEL,INSUR,0.04,5432.694,3,3,5432.694,0.0,0.0,0.0,0.0,135817.35
1778085,IT,TR,MOTO1,CHEM1,0.03,5432.367,3,3,5432.367,0.0,0.0,0.0,0.0,181078.9
1677490,IT,FR,AUXIL,CERAM,0.1,5432.311,3,3,5432.311,0.0,0.0,0.0,0.0,54323.11
1738941,IT,GB,FURNI,PAPE1,0.02,5431.949,3,3,5431.949,0.0,0.0,0.0,0.0,271597.45
1728839,IT,SE,PLAST,LEAD1,0.01,5431.501,3,3,5431.501,0.0,0.0,0.0,0.0,543150.1
1687821,IT,HU,POSTT,COMPU,0.09,5431.478,3,3,5431.478,0.0,0.0,0.0,0.0,60349.755556
1670470,IT,FI,BEVER,MEAT4,0.02,5431.385,3,3,5431.385,0.0,0.0,0.0,0.0,271569.25
1787752,IT,WA,VEGE1,FOOD4,0.02,5431.337,3,3,5431.337,0.0,0.0,0.0,0.0,271566.85
1714761,IT,NL,DAIRY,PAPE1,0.02,5430.999,3,3,5430.999,0.0,0.0,0.0,0.0,271549.95
1648595,IT,BG,MEATC,GLASS,0.02,5430.946,3,3,5430.946,0.0,0.0,0.0,0.0,271547.3
1738617,IT,GB,FABRI,PAPE1,0.02,5430.847,3,3,5430.847,0.0,0.0,0.0,0.0,271542.35
1663861,IT,EE,TEXTI,COMPU,0.03,5430.841,3,3,5430.841,0.0,0.0,0.0,0.0,181028.033333
1787886,IT,WA,BEVER,MEATP,0.02,5430.63,3,3,5430.63,0.0,0.0,0.0,0.0,271531.5
1673449,IT,FR,WEARI,LANDT,0.04,5430.624,3,3,5430.624,0.0,0.0,0.0,0.0,135765.6
1672304,IT,FI,RENTI,EDUCA,0.03,5430.541,3,3,5430.541,0.0,0.0,0.0,0.0,181018.033333
1658663,IT,DE,MACHI,WOOD2,0.03,5430.511,3,3,5430.511,0.0,0.0,0.0,0.0,181017.033333
1755222,IT,KR,WOODW,COMPU,0.02,5430.325,3,3,5430.325,0.0,0.0,0.0,0.0,271516.25
1672821,IT,FR,MEAT4,PROCE,0.03,5430.083,3,3,5430.083,0.0,0.0,0.0,0.0,181002.766667
1777369,IT,TR,GLASS,FOOD4,0.01,5430.011,3,3,5430.011,0.0,0.0,0.0,0.0,543001.1
1770657,IT,AU,FINAN,EDUCA,0.07,5429.832,3,3,5429.832,0.0,0.0,0.0,0.0,77569.028571
1761828,IT,IN,MOTO1,VEGET,0.03,5428.913,3,3,5428.913,0.0,0.0,0.0,0.0,180963.766667
1745582,IT,JP,FISH5,MACHI,0.02,5428.269,4,4,5428.266,0.0,0.0,0.0,0.003,271413.45
1745929,IT,JP,WOODW,FORES,0.02,5428.099,3,3,5428.099,0.0,0.0,0.0,0.0,271404.95
1803414,IT,WF,MEATC,NICKE,0.02,5427.968,3,3,5427.968,0.0,0.0,0.0,0.0,271398.4
1753210,IT,CA,GLASS,COMPU,0.01,5427.947,3,3,5427.947,0.0,0.0,0.0,0.0,542794.7
1725962,IT,RO,CHEM1,PROCE,0.01,5427.864,3,3,5427.864,0.0,0.0,0.0,0.0,542786.4
1740831,IT,US,VEGE1,CEMEN,0.02,5427.43,3,3,5427.43,0.0,0.0,0.0,0.0,271371.5
1644741,IT,BE,BEVER,PAPE4,0.02,5427.314,3,3,5427.314,0.0,0.0,0.0,0.0,271365.7
1759879,IT,BR,PAPE1,PRINT,0.04,5426.862,3,3,5426.862,0.0,0.0,0.0,0.0,135671.55
1716877,IT,NL,HOTEL,ELEC2,0.04,5426.827,3,3,5426.827,0.0,0.0,0.0,0.0,135670.675
1710214,IT,LT,OFFIC,KEROS,0.02,5426.801,3,3,5426.801,0.0,0.0,0.0,0.0,271340.05
1760516,IT,IN,WEARI,ELECT,0.04,5426.793,3,3,5426.793,0.0,0.0,0.0,0.0,135669.825
1766944,IT,RU,MOTO1,PAPER,0.03,5426.633,3,3,5426.633,0.0,0.0,0.0,0.0,180887.766667
1657351,IT,DE,BIODI,FABRI,0.01,5426.463,3,3,5426.463,0.0,0.0,0.0,0.0,542646.3
1721523,IT,PL,SUPPO,CERAM,0.04,5425.88,3,3,5425.88,0.0,0.0,0.0,0.0,135647.0
1797829,IT,WL,FOOD2,PRINT,0.03,5425.78,3,3,5425.78,0.0,0.0,0.0,0.0,180859.333333
1668378,IT,ES,RETA1,SANDC,0.06,5425.741,3,3,5425.741,0.0,0.0,0.0,0.0,90429.016667
1779297,IT,TR,INSUR,CATTL,0.11,5425.704,3,3,5425.704,0.0,0.0,0.0,0.0,49324.581818
1650003,IT,BG,MACHI,CRUDE,0.03,5425.684,3,3,5425.684,0.0,0.0,0.0,0.0,180856.133333
1761354,IT,IN,GLASS,SALEM,0.01,5425.195,3,3,5425.195,0.0,0.0,0.0,0.0,542519.5
1754217,IT,CA,POSTT,BEVER,0.09,5424.964,3,3,5424.964,0.0,0.0,0.0,0.0,60277.377778
1722811,IT,PT,PAPER,RETAI,0.02,5423.972,3,3,5423.972,0.0,0.0,0.0,0.0,271198.6
1723964,IT,PT,SALEM,OFFIC,0.04,5423.884,3,3,5423.884,0.0,0.0,0.0,0.0,135597.1
1797070,IT,WL,SUPPO,COMPU,0.04,5423.8,3,3,5423.8,0.0,0.0,0.0,0.0,135595.0
1652438,IT,CZ,TEXTI,RENTI,0.03,5423.681,3,3,5423.681,0.0,0.0,0.0,0.0,180789.366667
1652697,IT,CZ,PAPER,SUGA1,0.02,5423.592,3,3,5423.592,0.0,0.0,0.0,0.0,271179.6
1711922,IT,LU,FOOD3,CONST,0.02,5423.526,3,3,5423.526,0.0,0.0,0.0,0.0,271176.3
1736980,IT,GB,MEATA,MEAT4,0.03,5423.514,3,3,5423.514,0.0,0.0,0.0,0.0,180783.8
1677737,IT,FR,RENTI,SEWAG,0.03,5423.212,3,3,5423.212,0.0,0.0,0.0,0.0,180773.733333
1781963,IT,NO,RUBBE,CATTL,0.02,5422.969,3,3,5422.969,0.0,0.0,0.0,0.0,271148.45
1661198,IT,DE,93197,HEALT,0.04,5422.923,3,3,5422.923,0.0,0.0,0.0,0.0,135573.075
1713415,IT,MT,NUCLE,PFERT,0.01,5422.681,3,3,5422.681,0.0,0.0,0.0,0.0,542268.1
1788112,IT,WA,WEARI,NATU1,0.04,5422.52,3,3,5422.52,0.0,0.0,0.0,0.0,135563.0
1648202,IT,BE,BUSIN,LEAD1,0.06,5422.37,3,3,5422.37,0.0,0.0,0.0,0.0,90372.833333
1646410,IT,BE,FABRI,FOODW,0.02,5422.316,3,3,5422.316,0.0,0.0,0.0,0.0,271115.8
1679009,IT,GR,WOODW,CATTL,0.02,5422.051,3,3,5422.051,0.0,0.0,0.0,0.0,271102.55
1803736,IT,WF,FISH5,PLAST,0.02,5421.875,4,4,5421.872,0.0,0.0,0.0,0.003,271093.75
1730989,IT,SE,FOOD1,ELEC2,0.03,5421.601,3,3,5421.601,0.0,0.0,0.0,0.0,180720.033333
1724992,IT,PT,EDUCA,BUSIN,0.14,5421.523,3,3,5421.523,0.0,0.0,0.0,0.0,38725.164286
1678969,IT,GR,WEARI,SEACO,0.04,5421.478,3,3,5421.478,0.0,0.0,0.0,0.0,135536.95
1806419,IT,WF,TRANS,PADDY,0.03,5421.288,3,3,5421.288,0.0,0.0,0.0,0.0,180709.6
1663652,IT,DK,BUSIN,AIRTR,0.06,5420.985,3,3,5420.985,0.0,0.0,0.0,0.0,90349.75
1788576,IT,WA,PAPER,ELEC2,0.02,5420.517,3,3,5420.517,0.0,0.0,0.0,0.0,271025.85
1786480,IT,ZA,MOTO1,DISTR,0.03,5420.29,3,3,5420.29,0.0,0.0,0.0,0.0,180676.333333
1645169,IT,BE,PRINT,FURNI,0.05,5419.659,3,3,5419.659,0.0,0.0,0.0,0.0,108393.18
1739036,IT,GB,SALEM,RECRE,0.04,5419.615,3,3,5419.615,0.0,0.0,0.0,0.0,135490.375
1677708,IT,FR,RENTI,ELEC4,0.03,5419.473,3,3,5419.473,0.0,0.0,0.0,0.0,180649.1
1770846,IT,AU,BUSIN,PAPER,0.06,5419.316,3,3,5419.316,0.0,0.0,0.0,0.0,90321.933333
1662093,IT,DK,CHEM1,POSTT,0.01,5419.26,3,3,5419.26,0.0,0.0,0.0,0.0,541926.0
1757520,IT,BR,PRINT,HOTEL,0.05,5418.823,3,3,5418.823,0.0,0.0,0.0,0.0,108376.46
1663555,IT,DK,COMPU,AIRTR,0.06,5418.789,3,3,5418.789,0.0,0.0,0.0,0.0,90313.15
1732753,IT,SI,NONME,WEARI,0.01,5418.708,3,3,5418.708,0.0,0.0,0.0,0.0,541870.8
1660770,IT,DE,COMPU,NATUR,0.06,5418.493,3,3,5418.493,0.0,0.0,0.0,0.0,90308.216667
1727026,IT,RO,RAILW,VEGET,0.04,5418.232,3,3,5418.232,0.0,0.0,0.0,0.0,135455.8
1758792,IT,BR,RETA1,BASIC,0.06,5418.093,3,3,5418.093,0.0,0.0,0.0,0.0,90301.55
1760551,IT,IN,LEATH,BASIC,0.04,5418.06,3,3,5418.06,0.0,0.0,0.0,0.0,135451.5
1716820,IT,NL,HOTEL,RAWMI,0.04,5416.904,3,3,5416.904,0.0,0.0,0.0,0.0,135422.6
1730931,IT,SE,INTER,STEAM,0.03,5416.878,3,3,5416.878,0.0,0.0,0.0,0.0,180562.6
1718214,IT,PL,PROCE,MEATP,0.04,5416.68,3,3,5416.68,0.0,0.0,0.0,0.0,135417.0
1687365,IT,HU,HOTEL,WOODW,0.04,5416.58,3,3,5416.58,0.0,0.0,0.0,0.0,135414.5
1683321,IT,HR,NONME,FISH5,0.01,5416.417,3,3,5416.417,0.0,0.0,0.0,0.0,541641.7
1720353,IT,PL,FABRI,PLAS1,0.02,5416.289,3,3,5416.289,0.0,0.0,0.0,0.0,270814.45
1806979,IT,WF,LANDT,GASDI,0.03,5415.742,3,3,5415.742,0.0,0.0,0.0,0.0,180524.733333
1656289,IT,DE,LEATH,PRINT,0.04,5415.309,3,3,5415.309,0.0,0.0,0.0,0.0,135382.725
1710199,IT,LT,MACHI,INTER,0.03,5415.192,3,3,5415.192,0.0,0.0,0.0,0.0,180506.4
1766239,IT,RU,GLASS,POSTT,0.01,5415.134,3,3,5415.134,0.0,0.0,0.0,0.0,541513.4
1726165,IT,RO,GLASS,CEMEN,0.01,5414.985,3,3,5414.985,0.0,0.0,0.0,0.0,541498.5
1751627,IT,CN,POSTT,93197,0.09,5414.799,3,3,5414.799,0.0,0.0,0.0,0.0,60164.433333
1640433,IT,AT,VEGE1,BIODI,0.02,5414.772,3,3,5414.772,0.0,0.0,0.0,0.0,270738.6
1714471,IT,NL,FORES,INTER,0.05,5414.757,4,4,5412.757,0.0,2.0,0.0,0.0,108295.14
1801402,IT,WE,OFFIC,MEDIC,0.02,5414.653,3,3,5414.653,0.0,0.0,0.0,0.0,270732.65
1687920,IT,HU,REALE,RESEA,0.23,5414.54,3,3,5414.54,0.0,0.0,0.0,0.0,23541.478261
1688945,IT,IE,FABRI,DIST1,0.02,5414.137,3,3,5414.137,0.0,0.0,0.0,0.0,270706.85
1773971,IT,CH,SALEM,LANDT,0.04,5414.039,3,3,5414.039,0.0,0.0,0.0,0.0,135350.975
1721147,IT,PL,RAILW,ALUM1,0.04,5413.992,3,3,5413.992,0.0,0.0,0.0,0.0,135349.8
1712849,IT,LV,AUXIL,AIRTR,0.1,5413.946,3,3,5413.946,0.0,0.0,0.0,0.0,54139.46
1683201,IT,HR,GLASS,RAILW,0.01,5413.94,3,3,5413.94,0.0,0.0,0.0,0.0,541394.0
1748679,IT,CN,FOOD5,FORES,0.03,5413.819,3,3,5413.819,0.0,0.0,0.0,0.0,180460.633333
1814819,IT,WM,WOOD2,VEGET,0.03,5413.631,3,3,5413.631,0.0,0.0,0.0,0.0,180454.366667
1806803,IT,WF,RETA1,MOTOR,0.06,5413.187,3,3,5413.187,0.0,0.0,0.0,0.0,90219.783333
1662954,IT,DK,RETA1,RESEA,0.06,5412.612,3,3,5412.612,0.0,0.0,0.0,0.0,90210.2
1763086,IT,MX,TEXTI,PUBLI,0.03,5412.175,3,3,5412.175,0.0,0.0,0.0,0.0,180405.833333
1778500,IT,TR,RETA1,RAWMI,0.06,5412.113,3,3,5412.113,0.0,0.0,0.0,0.0,90201.883333
1784251,IT,ID,CHEM1,DAIRY,0.01,5412.104,3,3,5412.104,0.0,0.0,0.0,0.0,541210.4
1760341,IT,IN,SANDC,BRICK,0.01,5411.453,4,4,5410.453,0.0,0.0,1.0,0.0,541145.3
1670479,IT,FI,BEVER,LEATH,0.02,5411.229,3,3,5411.229,0.0,0.0,0.0,0.0,270561.45
1795959,IT,WL,MOTO1,LIQUE,0.03,5411.178,3,3,5411.178,0.0,0.0,0.0,0.0,180372.6
1653279,IT,CZ,RUBBE,SEACO,0.02,5411.12,3,3,5411.12,0.0,0.0,0.0,0.0,270556.0
1793506,IT,WL,CHEMI,FABRI,0.01,5411.019,3,3,5411.019,0.0,0.0,0.0,0.0,541101.9
1709859,IT,LT,GLASS,FABRI,0.01,5410.943,3,3,5410.943,0.0,0.0,0.0,0.0,541094.3
1810418,IT,WM,PULP5,LEATH,0.02,5410.813,3,3,5410.813,0.0,0.0,0.0,0.0,270540.65
1770841,IT,AU,BUSIN,FOOD5,0.06,5410.304,3,3,5410.304,0.0,0.0,0.0,0.0,90171.733333
1738541,IT,GB,FABRI,FISHF,0.02,5410.106,3,3,5410.106,0.0,0.0,0.0,0.0,270505.3
1748166,IT,JP,FOODW,COPP1,0.04,5410.058,3,3,5410.058,0.0,0.0,0.0,0.0,135251.45
1764364,IT,MX,MOTO1,MOTOR,0.03,5410.037,3,3,5410.037,0.0,0.0,0.0,0.0,180334.566667
1769311,IT,AU,RUBBE,PAPE4,0.02,5409.712,3,3,5409.712,0.0,0.0,0.0,0.0,270485.6
1760596,IT,IN,WOODW,PREC1,0.02,5409.579,3,3,5409.579,0.0,0.0,0.0,0.0,270478.95
1731003,IT,SE,FOOD2,REALE,0.03,5409.491,3,3,5409.491,0.0,0.0,0.0,0.0,180316.366667
1776013,IT,TR,TEXTI,BEVER,0.03,5409.273,3,3,5409.273,0.0,0.0,0.0,0.0,180309.1
1763882,IT,MX,NONME,HOTEL,0.01,5409.116,3,3,5409.116,0.0,0.0,0.0,0.0,540911.6
1792918,IT,WA,HEALT,WHOLE,0.03,5409.083,3,3,5409.083,0.0,0.0,0.0,0.0,180302.766667
1661823,IT,DK,WOODW,HEALT,0.02,5408.996,3,3,5408.996,0.0,0.0,0.0,0.0,270449.8
1810266,IT,WM,LEATH,ELECT,0.04,5408.89,3,3,5408.89,0.0,0.0,0.0,0.0,135222.25
1678398,IT,FR,PAPE4,WASTE,0.04,5408.768,3,3,5408.768,0.0,0.0,0.0,0.0,135219.2
1715306,IT,NL,PAPER,RAILW,0.02,5408.741,3,3,5408.741,0.0,0.0,0.0,0.0,270437.05
1714833,IT,NL,FOOD5,FOUND,0.03,5408.652,3,3,5408.652,0.0,0.0,0.0,0.0,180288.4
1642521,IT,AT,COPP1,CERAM,0.01,5408.639,3,3,5408.639,0.0,0.0,0.0,0.0,540863.9
1769897,IT,AU,MOTO1,PRECI,0.03,5408.383,3,3,5408.383,0.0,0.0,0.0,0.0,180279.433333
1663610,IT,DK,BUSIN,MOTOR,0.06,5408.106,3,3,5408.106,0.0,0.0,0.0,0.0,90135.1
1786598,IT,ZA,SALEM,BITUM,0.04,5407.776,3,3,5407.776,0.0,0.0,0.0,0.0,135194.4
1750974,IT,CN,RETAI,RADIO,0.04,5407.533,3,3,5407.533,0.0,0.0,0.0,0.0,135188.325
1727605,IT,RO,REALE,RESEA,0.23,5407.301,3,3,5407.301,0.0,0.0,0.0,0.0,23510.004348
1727671,IT,RO,RENTI,AUXIL,0.03,5407.22,3,3,5407.22,0.0,0.0,0.0,0.0,180240.666667
1640953,IT,AT,WOODW,KEROS,0.02,5406.861,3,3,5406.861,0.0,0.0,0.0,0.0,270343.05
1782845,IT,NO,LANDT,FABRI,0.03,5406.665,3,3,5406.665,0.0,0.0,0.0,0.0,180222.166667
1722848,IT,PT,PRINT,PAPER,0.05,5406.587,3,3,5406.587,0.0,0.0,0.0,0.0,108131.74
1758888,IT,BR,HOTEL,TRAN1,0.04,5406.496,3,3,5406.496,0.0,0.0,0.0,0.0,135162.4
1796216,IT,WL,FURNI,ELEC3,0.02,5406.487,3,3,5406.487,0.0,0.0,0.0,0.0,270324.35
1803382,IT,WF,CHEMI,CEMEN,0.01,5405.952,3,3,5405.952,0.0,0.0,0.0,0.0,540595.2
1775714,IT,TR,CATTL,CATTL,0.01,5405.843,3,3,5405.843,0.0,0.0,0.0,0.0,540584.3
1672680,IT,FR,STONE,WOODW,0.02,5405.754,3,3,5405.754,0.0,0.0,0.0,0.0,270287.7
1769316,IT,AU,GLASS,VEGET,0.01,5405.499,3,3,5405.499,0.0,0.0,0.0,0.0,540549.9
1644979,IT,BE,WOODW,BIOG1,0.02,5405.381,3,3,5405.381,0.0,0.0,0.0,0.0,270269.05
1784507,IT,ID,FABRI,BASIC,0.02,5404.903,3,3,5404.903,0.0,0.0,0.0,0.0,270245.15
1714017,IT,MT,RETA1,BUSIN,0.06,5404.866,3,3,5404.866,0.0,0.0,0.0,0.0,90081.1
1726370,IT,RO,COPP1,BIOGA,0.01,5404.691,3,3,5404.691,0.0,0.0,0.0,0.0,540469.1
1806944,IT,WF,RAILW,RECRE,0.04,5404.586,3,3,5404.586,0.0,0.0,0.0,0.0,135114.65
1686958,IT,HU,MACHI,ELEC7,0.03,5404.555,3,3,5404.555,0.0,0.0,0.0,0.0,180151.833333
1753206,IT,CA,GLASS,LANDT,0.01,5404.493,3,3,5404.493,0.0,0.0,0.0,0.0,540449.3
1657307,IT,DE,CHEM1,PAPE4,0.01,5404.259,3,3,5404.259,0.0,0.0,0.0,0.0,540425.9
1752325,IT,CA,MEATC,MEATC,0.02,5403.751,3,3,5403.751,0.0,0.0,0.0,0.0,270187.55
1644210,IT,BE,VEGET,MEDIC,0.02,5403.721,3,3,5403.721,0.0,0.0,0.0,0.0,270186.05
1803103,IT,WF,VEGET,ALUMI,0.02,5403.707,3,3,5403.707,0.0,0.0,0.0,0.0,270185.35
1654595,IT,CZ,RAILW,DIST1,0.04,5403.088,3,3,5403.088,0.0,0.0,0.0,0.0,135077.2
1656462,IT,DE,PAPER,OILSE,0.02,5402.825,3,3,5402.825,0.0,0.0,0.0,0.0,270141.25
1737619,IT,GB,PAPER,COPP1,0.02,5402.633,3,3,5402.633,0.0,0.0,0.0,0.0,270131.65
1661898,IT,DK,PRINT,TOBAC,0.05,5402.284,3,3,5402.284,0.0,0.0,0.0,0.0,108045.68
1766188,IT,RU,RUBBE,MEMBE,0.02,5402.276,3,3,5402.276,0.0,0.0,0.0,0.0,270113.8
1719220,IT,PL,CHEM1,FISHF,0.01,5402.271,3,3,5402.271,0.0,0.0,0.0,0.0,540227.1
1737333,IT,GB,BEVER,CERAM,0.02,5402.218,3,3,5402.218,0.0,0.0,0.0,0.0,270110.9
1643177,IT,AT,HOTEL,CATTL,0.04,5402.191,3,3,5402.191,0.0,0.0,0.0,0.0,135054.775
1665394,IT,ES,TEXTI,CERAM,0.03,5401.838,3,3,5401.838,0.0,0.0,0.0,0.0,180061.266667
1790459,IT,WA,COPP1,PRECI,0.01,5401.511,3,3,5401.511,0.0,0.0,0.0,0.0,540151.1
1731522,IT,SI,FISH5,DIST1,0.02,5401.5,4,4,5401.497,0.0,0.0,0.0,0.003,270075.0
1664991,IT,ES,CHEMI,PAPER,0.01,5401.498,3,3,5401.498,0.0,0.0,0.0,0.0,540149.8
1715190,IT,NL,WOODW,GASDI,0.02,5401.231,3,3,5401.231,0.0,0.0,0.0,0.0,270061.55
1809200,IT,WM,MEATA,BUSIN,0.03,5401.154,3,3,5401.154,0.0,0.0,0.0,0.0,180038.466667
1683988,IT,HR,WHOLE,RESEA,0.05,5401.136,3,3,5401.136,0.0,0.0,0.0,0.0,108022.72
1653922,IT,CZ,FABRI,FOOD2,0.02,5401.033,3,3,5401.033,0.0,0.0,0.0,0.0,270051.65
1743055,IT,US,OFFIC,PAPE4,0.02,5401.009,3,3,5401.009,0.0,0.0,0.0,0.0,270050.45
1745604,IT,JP,TOBAC,AIRTR,0.02,5400.785,3,3,5400.785,0.0,0.0,0.0,0.0,270039.25
1644198,IT,BE,VEGET,CROPS,0.02,5400.77,3,3,5400.77,0.0,0.0,0.0,0.0,270038.5
1797362,IT,WL,REALE,RECRE,0.23,5400.604,3,3,5400.604,0.0,0.0,0.0,0.0,23480.886957
1806465,IT,WF,TRANS,CERAM,0.03,5400.411,3,3,5400.411,0.0,0.0,0.0,0.0,180013.7
1681925,IT,HR,PROCE,RESEA,0.04,5400.341,3,3,5400.341,0.0,0.0,0.0,0.0,135008.525
1771149,IT,CH,MEATP,HOTEL,0.02,5400.276,3,3,5400.276,0.0,0.0,0.0,0.0,270013.8
1760030,IT,BR,TEXT1,INERT,0.04,5400.174,3,3,5400.174,0.0,0.0,0.0,0.0,135004.35
1802100,IT,WE,RETA1,CEMEN,0.06,5400.009,3,3,5400.009,0.0,0.0,0.0,0.0,90000.15
1664136,IT,EE,RUBBE,ALUM1,0.02,5399.876,3,3,5399.876,0.0,0.0,0.0,0.0,269993.8
1746401,IT,JP,RUBBE,ELEC8,0.02,5399.516,3,3,5399.516,0.0,0.0,0.0,0.0,269975.8
1681359,IT,GR,INSUR,RESEA,0.11,5399.475,3,3,5399.475,0.0,0.0,0.0,0.0,49086.136364
1743283,IT,US,FURNI,MEDIC,0.02,5399.461,3,3,5399.461,0.0,0.0,0.0,0.0,269973.05
1793482,IT,WL,CHEMI,DAIRY,0.01,5399.184,3,3,5399.184,0.0,0.0,0.0,0.0,539918.4
1733098,IT,SI,FABRI,VEGE1,0.02,5399.074,3,3,5399.074,0.0,0.0,0.0,0.0,269953.7
1728975,IT,SE,CHEM1,FOOD4,0.01,5399.02,3,3,5399.02,0.0,0.0,0.0,0.0,539902.0
1790991,IT,WA,MOTO1,MACHI,0.03,5399.002,3,3,5399.002,0.0,0.0,0.0,0.0,179966.733333
1735254,IT,SK,GLASS,VEGE1,0.01,5398.47,3,3,5398.47,0.0,0.0,0.0,0.0,539847.0
1746054,IT,JP,PAPER,93197,0.02,5398.281,3,3,5398.281,0.0,0.0,0.0,0.0,269914.05
1727454,IT,RO,AUXIL,FISHF,0.1,5398.237,3,3,5398.237,0.0,0.0,0.0,0.0,53982.37
1658958,IT,DE,FURNI,FOOD3,0.02,5398.199,3,3,5398.199,0.0,0.0,0.0,0.0,269909.95
1712663,IT,LV,CONST,BIOGA,0.03,5398.156,3,3,5398.156,0.0,0.0,0.0,0.0,179938.533333
1742748,IT,US,FABRI,BITU1,0.02,5398.085,3,3,5398.085,0.0,0.0,0.0,0.0,269904.25
1640560,IT,AT,FOOD5,FOUND,0.03,5398.023,3,3,5398.023,0.0,0.0,0.0,0.0,179934.1
1688475,IT,IE,WEARI,RETA1,0.04,5397.962,3,3,5397.962,0.0,0.0,0.0,0.0,134949.05
1766180,IT,RU,RUBBE,FOOD3,0.02,5397.942,3,3,5397.942,0.0,0.0,0.0,0.0,269897.1
1711440,IT,LU,RAILW,RAILW,0.04,5397.435,3,3,5397.435,0.0,0.0,0.0,0.0,134935.875
1779080,IT,TR,SUPPO,PAPER,0.04,5397.318,3,3,5397.318,0.0,0.0,0.0,0.0,134932.95
1766868,IT,RU,OFFIC,MEATP,0.02,5397.256,3,3,5397.256,0.0,0.0,0.0,0.0,269862.8
1806051,IT,WF,COPP1,PUBLI,0.01,5397.087,3,3,5397.087,0.0,0.0,0.0,0.0,539708.7
1807981,IT,WF,PLAS1,TRAN2,0.02,5397.033,3,3,5397.033,0.0,0.0,0.0,0.0,269851.65
1779838,IT,TR,PUBLI,CHEM1,0.09,5396.774,3,3,5396.774,0.0,0.0,0.0,0.0,59964.155556
1684574,IT,HR,BUSIN,SUPPO,0.06,5396.518,3,3,5396.518,0.0,0.0,0.0,0.0,89941.966667
1802075,IT,WE,RETA1,MEATP,0.06,5396.463,3,3,5396.463,0.0,0.0,0.0,0.0,89941.05
1769340,IT,AU,GLASS,ELECT,0.01,5396.332,3,3,5396.332,0.0,0.0,0.0,0.0,539633.2
1797350,IT,WL,REALE,SUPPO,0.23,5396.18,3,3,5396.18,0.0,0.0,0.0,0.0,23461.652174
1718008,IT,PL,CHEMI,KEROS,0.01,5396.008,3,3,5396.008,0.0,0.0,0.0,0.0,539600.8
1801873,IT,WE,CONST,WOODW,0.03,5395.985,3,3,5395.985,0.0,0.0,0.0,0.0,179866.166667
1712009,IT,LV,STONE,CROPS,0.02,5395.914,3,3,5395.914,0.0,0.0,0.0,0.0,269795.7
1799224,IT,WE,LEATH,MEATC,0.04,5395.768,3,3,5395.768,0.0,0.0,0.0,0.0,134894.2
1775696,IT,TR,CROPS,REFI1,0.04,5395.76,3,3,5395.76,0.0,0.0,0.0,0.0,134894.0
1802539,IT,WE,FINAN,VEGET,0.07,5394.941,3,3,5394.941,0.0,0.0,0.0,0.0,77070.585714
1719286,IT,PL,CHEM1,SECO9,0.01,5394.937,3,3,5394.937,0.0,0.0,0.0,0.0,539493.7
1713234,IT,MT,PULP5,PAPER,0.02,5394.781,3,3,5394.781,0.0,0.0,0.0,0.0,269739.05
1724015,IT,PT,RETAI,BASIC,0.04,5394.746,3,3,5394.746,0.0,0.0,0.0,0.0,134868.65
1761636,IT,IN,FABRI,COKEO,0.02,5394.711,3,3,5394.711,0.0,0.0,0.0,0.0,269735.55
1640472,IT,AT,DAIRY,PLAST,0.02,5394.514,3,3,5394.514,0.0,0.0,0.0,0.0,269725.7
1788622,IT,WA,PRINT,PAPER,0.05,5394.369,3,3,5394.369,0.0,0.0,0.0,0.0,107887.38
1643298,IT,AT,HOTEL,INERT,0.04,5394.241,3,3,5394.241,0.0,0.0,0.0,0.0,134856.025
1752795,IT,CA,PAPER,NONFE,0.02,5394.225,3,3,5394.225,0.0,0.0,0.0,0.0,269711.25
1795620,IT,WL,FABRI,STONE,0.02,5394.217,3,3,5394.217,0.0,0.0,0.0,0.0,269710.85
1733560,IT,SI,RETA1,FABRI,0.06,5394.202,3,3,5394.202,0.0,0.0,0.0,0.0,89903.366667
1768870,IT,AU,WOODW,CATTL,0.02,5394.113,3,3,5394.113,0.0,0.0,0.0,0.0,269705.65
1744148,IT,US,SUPPO,FINAN,0.04,5393.716,3,3,5393.716,0.0,0.0,0.0,0.0,134842.9
1770138,IT,AU,RETA1,RAWMI,0.06,5393.619,3,3,5393.619,0.0,0.0,0.0,0.0,89893.65
1789161,IT,WA,PLAST,STONE,0.01,5393.546,3,3,5393.546,0.0,0.0,0.0,0.0,539354.6
1754763,IT,KR,DAIRY,COMPU,0.02,5393.491,3,3,5393.491,0.0,0.0,0.0,0.0,269674.55
1808197,IT,WF,OILHA,POSTT,0.03,5393.421,3,3,5393.421,0.0,0.0,0.0,0.0,179780.7
1710422,IT,LT,LANDT,CATTL,0.03,5393.12,3,3,5393.12,0.0,0.0,0.0,0.0,179770.666667
1749141,IT,CN,WOODW,FINAN,0.02,5392.46,3,3,5392.46,0.0,0.0,0.0,0.0,269623.0
1665290,IT,ES,BEVER,ELEC5,0.02,5392.448,3,3,5392.448,0.0,0.0,0.0,0.0,269622.4
1753126,IT,CA,RUBBE,OFFIC,0.02,5392.318,3,3,5392.318,0.0,0.0,0.0,0.0,269615.9
1796153,IT,WL,FURNI,ANIMA,0.02,5392.12,3,3,5392.12,0.0,0.0,0.0,0.0,269606.0
1690208,IT,IE,BUSIN,DISTR,0.06,5392.093,3,3,5392.093,0.0,0.0,0.0,0.0,89868.216667
1780789,IT,TW,RENTI,POSTT,0.03,5392.087,3,3,5392.087,0.0,0.0,0.0,0.0,179736.233333
1738587,IT,GB,FABRI,ELECT,0.02,5391.987,3,3,5391.987,0.0,0.0,0.0,0.0,269599.35
1648582,IT,BG,SANDC,REALE,0.01,5391.954,4,4,5390.954,0.0,0.0,1.0,0.0,539195.4
1652407,IT,CZ,TEXTI,NONME,0.03,5391.277,3,3,5391.277,0.0,0.0,0.0,0.0,179709.233333
1806707,IT,WF,WHOLE,PLAST,0.05,5391.143,3,3,5391.143,0.0,0.0,0.0,0.0,107822.86
1669586,IT,ES,REALE,PUBLI,0.23,5391.055,3,3,5391.055,0.0,0.0,0.0,0.0,23439.369565
1798894,IT,WE,BEVER,SUPPO,0.02,5390.715,3,3,5390.715,0.0,0.0,0.0,0.0,269535.75
1656418,IT,DE,WOODW,FOODW,0.02,5390.377,3,3,5390.377,0.0,0.0,0.0,0.0,269518.85
1769114,IT,AU,CHEM1,PIGS9,0.01,5390.357,3,3,5390.357,0.0,0.0,0.0,0.0,539035.7
1746366,IT,JP,RUBBE,KERO1,0.02,5390.321,3,3,5390.321,0.0,0.0,0.0,0.0,269516.05
1687200,IT,HU,CONST,LUBRI,0.03,5389.843,3,3,5389.843,0.0,0.0,0.0,0.0,179661.433333
1727887,IT,RO,WASTE,WHOLE,0.02,5389.64,3,3,5389.64,0.0,0.0,0.0,0.0,269482.0
1665197,IT,ES,FOOD5,WEARI,0.03,5389.448,3,3,5389.448,0.0,0.0,0.0,0.0,179648.266667
1743005,IT,US,OFFIC,LIQUE,0.02,5389.425,3,3,5389.425,0.0,0.0,0.0,0.0,269471.25
1685586,IT,HU,PRINT,BIODI,0.05,5388.918,3,3,5388.918,0.0,0.0,0.0,0.0,107778.36
1764993,IT,MX,FINAN,RETA1,0.07,5388.763,3,3,5388.763,0.0,0.0,0.0,0.0,76982.328571
1770107,IT,AU,WHOLE,TRANS,0.05,5388.536,3,3,5388.536,0.0,0.0,0.0,0.0,107770.72
1647092,IT,BE,HOTEL,BIODI,0.04,5388.259,3,3,5388.259,0.0,0.0,0.0,0.0,134706.475
1803687,IT,WF,BEVER,PREC1,0.02,5388.001,3,3,5388.001,0.0,0.0,0.0,0.0,269400.05
1709903,IT,LT,NONME,FURNI,0.01,5387.787,3,3,5387.787,0.0,0.0,0.0,0.0,538778.7
1687470,IT,HU,RAILW,POSTT,0.04,5387.693,3,3,5387.693,0.0,0.0,0.0,0.0,134692.325
1802269,IT,WE,LANDT,GLASS,0.03,5387.1,3,3,5387.1,0.0,0.0,0.0,0.0,179570.0
1669423,IT,ES,INSUR,ELEC9,0.11,5387.082,3,3,5387.082,0.0,0.0,0.0,0.0,48973.472727
1647499,IT,BE,SUPPO,LIQUE,0.04,5387.049,3,3,5387.049,0.0,0.0,0.0,0.0,134676.225
1747036,IT,JP,TRANS,COMPU,0.03,5387.031,3,3,5387.031,0.0,0.0,0.0,0.0,179567.7
1735919,IT,SK,OFFIC,MEMBE,0.02,5387.027,3,3,5387.027,0.0,0.0,0.0,0.0,269351.35
1657355,IT,DE,BIODI,FURNI,0.01,5386.797,3,3,5386.797,0.0,0.0,0.0,0.0,538679.7
1775402,IT,CH,PUBLI,LANDT,0.09,5386.724,3,3,5386.724,0.0,0.0,0.0,0.0,59852.488889
1770693,IT,AU,INSUR,WHOLE,0.11,5386.55,3,3,5386.55,0.0,0.0,0.0,0.0,48968.636364
1787234,IT,WA,VEGET,TOBAC,0.02,5386.343,3,3,5386.343,0.0,0.0,0.0,0.0,269317.15
1714592,IT,NL,SANDC,TEXTI,0.01,5385.945,4,4,5384.945,0.0,0.0,1.0,0.0,538594.5
1755003,IT,KR,WEARI,NONFE,0.04,5385.862,3,3,5385.862,0.0,0.0,0.0,0.0,134646.55
1788490,IT,WA,PULP5,RAILW,0.02,5385.676,3,3,5385.676,0.0,0.0,0.0,0.0,269283.8
1671819,IT,FI,RETA1,CERAM,0.06,5385.303,3,3,5385.303,0.0,0.0,0.0,0.0,89755.05
1723796,IT,PT,OFFIC,RAILW,0.02,5385.243,3,3,5385.243,0.0,0.0,0.0,0.0,269262.15
1762414,IT,IN,POSTT,TRAN1,0.09,5385.165,3,3,5385.165,0.0,0.0,0.0,0.0,59835.166667
1717049,IT,NL,LANDT,ELEC8,0.03,5384.761,3,3,5384.761,0.0,0.0,0.0,0.0,179492.033333
1768468,IT,AU,PROCE,PROCE,0.04,5384.322,3,3,5384.322,0.0,0.0,0.0,0.0,134608.05
1678801,IT,GR,FOOD5,RESEA,0.03,5383.522,3,3,5383.522,0.0,0.0,0.0,0.0,179450.733333
1748347,IT,CN,VEGET,CONST,0.02,5382.872,3,3,5382.872,0.0,0.0,0.0,0.0,269143.6
1772767,IT,CH,NONME,PULP5,0.01,5382.766,3,3,5382.766,0.0,0.0,0.0,0.0,538276.6
1668014,IT,ES,FURNI,FISH5,0.02,5382.704,3,3,5382.704,0.0,0.0,0.0,0.0,269135.2
1739152,IT,GB,RETA1,MEATC,0.06,5382.509,3,3,5382.509,0.0,0.0,0.0,0.0,89708.483333
1781834,IT,NO,PLAST,KERO1,0.01,5382.257,3,3,5382.257,0.0,0.0,0.0,0.0,538225.7
1679619,IT,GR,GLASS,SANDC,0.01,5382.233,3,3,5382.233,0.0,0.0,0.0,0.0,538223.3
1724550,IT,PT,POSTT,AIRTR,0.09,5382.17,3,3,5382.17,0.0,0.0,0.0,0.0,59801.888889
1690570,IT,IE,93197,FABRI,0.04,5381.733,3,3,5381.733,0.0,0.0,0.0,0.0,134543.325
1664192,IT,EE,GLASS,RETA1,0.01,5381.485,3,3,5381.485,0.0,0.0,0.0,0.0,538148.5
1778671,IT,TR,HOTEL,INLAN,0.04,5380.917,3,3,5380.917,0.0,0.0,0.0,0.0,134522.925
1641853,IT,AT,BIOGA,OFFIC,0.01,5380.87,3,3,5380.87,0.0,0.0,0.0,0.0,538087.0
1753707,IT,CA,TRANS,WEARI,0.03,5380.853,3,3,5380.853,0.0,0.0,0.0,0.0,179361.766667
1771894,IT,CH,PULP5,POSTT,0.02,5380.169,3,3,5380.169,0.0,0.0,0.0,0.0,269008.45
1808018,IT,WF,INTER,MEATC,0.03,5379.782,3,3,5379.782,0.0,0.0,0.0,0.0,179326.066667
1669357,IT,ES,FINAN,SEWAG,0.07,5379.179,3,3,5379.179,0.0,0.0,0.0,0.0,76845.414286
1753496,IT,CA,FABRI,INERT,0.02,5379.135,3,3,5379.135,0.0,0.0,0.0,0.0,268956.75
1720384,IT,PL,MACHI,FISHF,0.03,5378.937,3,3,5378.937,0.0,0.0,0.0,0.0,179297.9
1778158,IT,TR,TRANS,RENTI,0.03,5378.927,3,3,5378.927,0.0,0.0,0.0,0.0,179297.566667
1643857,IT,AT,INSUR,BUSIN,0.11,5378.695,3,3,5378.695,0.0,0.0,0.0,0.0,48897.227273
1665199,IT,ES,FOOD5,WOODW,0.03,5378.393,3,3,5378.393,0.0,0.0,0.0,0.0,179279.766667
1780691,IT,TW,REALE,FOOD5,0.23,5378.056,3,3,5378.056,0.0,0.0,0.0,0.0,23382.852174
1769992,IT,AU,TRANS,WASTE,0.03,5377.893,3,3,5377.893,0.0,0.0,0.0,0.0,179263.1
1729108,IT,SE,RUBBE,PAPE4,0.02,5377.465,3,3,5377.465,0.0,0.0,0.0,0.0,268873.25
1670043,IT,ES,FOOD1,REALE,0.03,5377.271,3,3,5377.271,0.0,0.0,0.0,0.0,179242.366667
1756341,IT,KR,TRANS,FISHF,0.03,5377.193,3,3,5377.193,0.0,0.0,0.0,0.0,179239.766667
1709720,IT,LT,CHEM1,CEMEN,0.01,5377.061,3,3,5377.061,0.0,0.0,0.0,0.0,537706.1
1799153,IT,WE,WEARI,COPP1,0.04,5376.588,3,3,5376.588,0.0,0.0,0.0,0.0,134414.7
1645868,IT,BE,GLASS,NONF1,0.01,5376.458,3,3,5376.458,0.0,0.0,0.0,0.0,537645.8
1753005,IT,CA,CHEM1,PETRO,0.01,5376.402,3,3,5376.402,0.0,0.0,0.0,0.0,537640.2
1746544,IT,JP,NONME,ELEC1,0.01,5376.284,3,3,5376.284,0.0,0.0,0.0,0.0,537628.4
1730913,IT,SE,INTER,FISH5,0.03,5376.273,3,3,5376.273,0.0,0.0,0.0,0.0,179209.1
1685796,IT,HU,PLAST,STEAM,0.01,5376.217,3,3,5376.217,0.0,0.0,0.0,0.0,537621.7
1683051,IT,HR,CHEM1,WOOD2,0.01,5375.804,3,3,5375.804,0.0,0.0,0.0,0.0,537580.4
1813795,IT,WM,RAILW,PROCE,0.04,5375.659,3,3,5375.659,0.0,0.0,0.0,0.0,134391.475
1641924,IT,AT,BIODI,FOOD2,0.01,5375.53,3,3,5375.53,0.0,0.0,0.0,0.0,537553.0
1793345,IT,WA,PRIVA,FOOD4,1.2,5375.435,3,3,5375.435,0.0,0.0,0.0,0.0,4479.529167
1714875,IT,NL,BEVER,FORES,0.02,5375.283,3,3,5375.283,0.0,0.0,0.0,0.0,268764.15
1762539,IT,IN,INSUR,POSTT,0.11,5375.169,3,3,5375.169,0.0,0.0,0.0,0.0,48865.172727
1719460,IT,PL,RUBBE,PAPE1,0.02,5374.972,3,3,5374.972,0.0,0.0,0.0,0.0,268748.6
1803921,IT,WF,WEARI,MOTO1,0.04,5374.931,3,3,5374.931,0.0,0.0,0.0,0.0,134373.275
1787089,IT,ZA,BUSIN,GASDI,0.06,5374.65,3,3,5374.65,0.0,0.0,0.0,0.0,89577.5
1766865,IT,RU,OFFIC,BITUM,0.02,5373.946,3,3,5373.946,0.0,0.0,0.0,0.0,268697.3
1769125,IT,AU,CHEM1,PRECI,0.01,5373.767,3,3,5373.767,0.0,0.0,0.0,0.0,537376.7
1762571,IT,IN,AUXIL,GASDI,0.1,5373.582,3,3,5373.582,0.0,0.0,0.0,0.0,53735.82
1720608,IT,PL,MOTO1,LIGNI,0.03,5373.305,3,3,5373.305,0.0,0.0,0.0,0.0,179110.166667
1670414,IT,FI,FOOD5,SUGA1,0.03,5373.14,3,3,5373.14,0.0,0.0,0.0,0.0,179104.666667
1745833,IT,JP,LEATH,FISH5,0.04,5372.595,3,3,5372.595,0.0,0.0,0.0,0.0,134314.875
1732410,IT,SI,PLAST,TRAN1,0.01,5372.584,3,3,5372.584,0.0,0.0,0.0,0.0,537258.4
1650731,IT,BG,HOTEL,TRANS,0.04,5372.321,3,3,5372.321,0.0,0.0,0.0,0.0,134308.025
1807823,IT,WF,FOODW,RESEA,0.04,5371.966,3,3,5371.966,0.0,0.0,0.0,0.0,134299.15
1684905,IT,HU,CHEMI,OILSE,0.01,5371.625,3,3,5371.625,0.0,0.0,0.0,0.0,537162.5
1748105,IT,JP,BUSIN,TEXT1,0.06,5371.009,3,3,5371.009,0.0,0.0,0.0,0.0,89516.816667
1664075,IT,EE,CHEM1,LEAD1,0.01,5370.912,3,3,5370.912,0.0,0.0,0.0,0.0,537091.2
1752355,IT,CA,MEAT4,PETRO,0.03,5370.411,3,3,5370.411,0.0,0.0,0.0,0.0,179013.7
1780505,IT,TW,POSTT,TRANS,0.09,5370.351,3,3,5370.351,0.0,0.0,0.0,0.0,59670.566667
1678303,IT,FR,FOOD3,RENTI,0.02,5369.874,3,3,5369.874,0.0,0.0,0.0,0.0,268493.7
1655331,IT,DE,VEGET,ELEC2,0.02,5369.647,3,3,5369.647,0.0,0.0,0.0,0.0,268482.35
1763378,IT,MX,PRINT,FURNI,0.05,5369.594,3,3,5369.594,0.0,0.0,0.0,0.0,107391.88
1762822,IT,IN,PUBLI,BASIC,0.09,5369.389,3,3,5369.389,0.0,0.0,0.0,0.0,59659.877778
1741031,IT,US,TEXTI,CROPS,0.03,5369.067,3,3,5369.067,0.0,0.0,0.0,0.0,178968.9
1662892,IT,DK,WHOLE,RENTI,0.05,5368.718,3,3,5368.718,0.0,0.0,0.0,0.0,107374.36
1767265,IT,RU,HOTEL,LUBRI,0.04,5368.438,3,3,5368.438,0.0,0.0,0.0,0.0,134210.95
1731181,IT,SI,SANDC,PUBLI,0.01,5368.325,4,4,5367.325,0.0,0.0,1.0,0.0,536832.5
1728563,IT,SE,PAPER,BIOGA,0.02,5368.107,3,3,5368.107,0.0,0.0,0.0,0.0,268405.35
1684318,IT,HR,SUPPO,TEXTI,0.04,5367.962,3,3,5367.962,0.0,0.0,0.0,0.0,134199.05
1653918,IT,CZ,FABRI,PAPE1,0.02,5367.938,3,3,5367.938,0.0,0.0,0.0,0.0,268396.9
1643766,IT,AT,POSTT,WOODW,0.09,5367.896,3,3,5367.896,0.0,0.0,0.0,0.0,59643.288889
1731074,IT,SI,VEGET,LANDT,0.02,5367.867,3,3,5367.867,0.0,0.0,0.0,0.0,268393.35
1754453,IT,CA,BUSIN,CEREA,0.06,5367.626,3,3,5367.626,0.0,0.0,0.0,0.0,89460.433333
1670287,IT,FI,SANDC,ELEC2,0.01,5367.575,4,4,5366.575,0.0,0.0,1.0,0.0,536757.5
1716249,IT,NL,COPP1,NONF1,0.01,5367.427,3,3,5367.427,0.0,0.0,0.0,0.0,536742.7
1742783,IT,US,FABRI,ELEC4,0.02,5367.198,3,3,5367.198,0.0,0.0,0.0,0.0,268359.9
1724172,IT,PT,HOTEL,FOOD5,0.04,5367.15,3,3,5367.15,0.0,0.0,0.0,0.0,134178.75
1767243,IT,RU,HOTEL,VEGE1,0.04,5367.085,3,3,5367.085,0.0,0.0,0.0,0.0,134177.125
1741011,IT,US,FISH5,COLLE,0.02,5366.664,4,4,5366.661,0.0,0.0,0.0,0.003,268333.2
1731179,IT,SI,SANDC,RESEA,0.01,5366.589,4,4,5365.589,0.0,0.0,1.0,0.0,536658.9
1727077,IT,RO,RAILW,MEMBE,0.04,5366.27,3,3,5366.27,0.0,0.0,0.0,0.0,134156.75
1731252,IT,SI,MEATP,MACHI,0.02,5366.226,3,3,5366.226,0.0,0.0,0.0,0.0,268311.3
1812826,IT,WM,FABRI,REFI1,0.02,5366.162,3,3,5366.162,0.0,0.0,0.0,0.0,268308.1
1688735,IT,IE,CHEM1,INERT,0.01,5366.12,3,3,5366.12,0.0,0.0,0.0,0.0,536612.0
1813662,IT,WM,RETA1,GLASS,0.06,5365.793,3,3,5365.793,0.0,0.0,0.0,0.0,89429.883333
1775440,IT,CH,HEALT,EDUCA,0.03,5365.468,3,3,5365.468,0.0,0.0,0.0,0.0,178848.933333
1775985,IT,TR,FISH5,MEATC,0.02,5365.371,4,4,5365.368,0.0,0.0,0.0,0.003,268268.55
1754572,IT,KR,VEGET,BEVER,0.02,5365.221,3,3,5365.221,0.0,0.0,0.0,0.0,268261.05
1800601,IT,WE,GLASS,LIQUE,0.01,5365.2,3,3,5365.2,0.0,0.0,0.0,0.0,536520.0
1775986,IT,TR,FISH5,MEAT1,0.02,5364.856,4,4,5364.853,0.0,0.0,0.0,0.003,268242.8
1802600,IT,WE,INSUR,REALE,0.11,5364.841,3,3,5364.841,0.0,0.0,0.0,0.0,48771.281818
1781959,IT,NO,ADDIT,RECRE,0.01,5364.618,3,3,5364.618,0.0,0.0,0.0,0.0,536461.8
1678216,IT,FR,OILHA,MACHI,0.03,5364.485,3,3,5364.485,0.0,0.0,0.0,0.0,178816.166667
1712530,IT,LV,FABRI,TRAN2,0.02,5364.393,3,3,5364.393,0.0,0.0,0.0,0.0,268219.65
1712908,IT,LV,REALE,POSTT,0.23,5364.388,3,3,5364.388,0.0,0.0,0.0,0.0,23323.426087
1800435,IT,WE,ADDIT,SUPPO,0.01,5364.237,3,3,5364.237,0.0,0.0,0.0,0.0,536423.7
1714790,IT,NL,SUGA1,DAIRY,0.01,5364.015,3,3,5364.015,0.0,0.0,0.0,0.0,536401.5
1811229,IT,WM,WHITE,FABRI,0.03,5363.925,3,3,5363.925,0.0,0.0,0.0,0.0,178797.5
1728174,IT,SE,PROCE,MEAT4,0.04,5363.855,3,3,5363.855,0.0,0.0,0.0,0.0,134096.375
1712016,IT,LV,VEGE1,MEAT1,0.02,5363.817,3,3,5363.817,0.0,0.0,0.0,0.0,268190.85
1678452,IT,FR,RECRE,WOODW,0.07,5363.56,3,3,5363.56,0.0,0.0,0.0,0.0,76622.285714
1735654,IT,SK,FABRI,PIGS9,0.02,5363.348,3,3,5363.348,0.0,0.0,0.0,0.0,268167.4
1764577,IT,MX,WHOLE,NONME,0.05,5363.299,3,3,5363.299,0.0,0.0,0.0,0.0,107265.98
1678390,IT,FR,PAPE4,RESEA,0.04,5362.971,3,3,5362.971,0.0,0.0,0.0,0.0,134074.275
1746899,IT,JP,MOTO1,SUGA1,0.03,5362.86,3,3,5362.86,0.0,0.0,0.0,0.0,178762.0
1769100,IT,AU,PLAST,RAILW,0.01,5362.854,3,3,5362.854,0.0,0.0,0.0,0.0,536285.4
1767037,IT,RU,TRANS,HEALT,0.03,5362.521,3,3,5362.521,0.0,0.0,0.0,0.0,178750.7
1755733,IT,KR,GLASS,LIQUI,0.01,5362.32,3,3,5362.32,0.0,0.0,0.0,0.0,536232.0
1809007,IT,WM,VEGET,LUBRI,0.02,5362.241,3,3,5362.241,0.0,0.0,0.0,0.0,268112.05
1809987,IT,WM,TOBAC,PFERT,0.02,5362.035,3,3,5362.035,0.0,0.0,0.0,0.0,268101.75
1650484,IT,BG,ELEC5,HOTEL,0.06,5361.55,3,3,5361.55,0.0,0.0,0.0,0.0,89359.166667
1763839,IT,MX,NONME,VEGE1,0.01,5361.518,3,3,5361.518,0.0,0.0,0.0,0.0,536151.8
1752001,IT,CN,RESEA,COPP1,0.03,5361.4,3,3,5361.4,0.0,0.0,0.0,0.0,178713.333333
1794022,IT,WL,PULP5,PRECI,0.02,5360.879,3,3,5360.879,0.0,0.0,0.0,0.0,268043.95
1713051,IT,MT,MEAT4,HOTEL,0.03,5360.569,3,3,5360.569,0.0,0.0,0.0,0.0,178685.633333
1767718,IT,RU,FINAN,FURNI,0.07,5360.472,3,3,5360.472,0.0,0.0,0.0,0.0,76578.171429
1795560,IT,WL,COPP1,MOTOR,0.01,5360.359,3,3,5360.359,0.0,0.0,0.0,0.0,536035.9
1731008,IT,SE,FOOD3,BLAST,0.02,5360.289,3,3,5360.289,0.0,0.0,0.0,0.0,268014.45
1775187,IT,CH,RESEA,LEAD1,0.03,5359.87,3,3,5359.87,0.0,0.0,0.0,0.0,178662.333333
1730510,IT,SE,FINAN,COMPU,0.07,5359.705,3,3,5359.705,0.0,0.0,0.0,0.0,76567.214286
1718381,IT,PL,BEVER,NONME,0.02,5359.217,3,3,5359.217,0.0,0.0,0.0,0.0,267960.85
1789360,IT,WA,CHEM1,COKEO,0.01,5359.06,3,3,5359.06,0.0,0.0,0.0,0.0,535906.0
1785209,IT,ZA,BEVER,FURNI,0.02,5359.04,3,3,5359.04,0.0,0.0,0.0,0.0,267952.0
1657337,IT,DE,BIOGA,MOTO1,0.01,5359.025,3,3,5359.025,0.0,0.0,0.0,0.0,535902.5
1689070,IT,IE,FURNI,BEVER,0.02,5358.84,3,3,5358.84,0.0,0.0,0.0,0.0,267942.0
1685606,IT,HU,PRINT,REALE,0.05,5358.722,3,3,5358.722,0.0,0.0,0.0,0.0,107174.44
1786943,IT,ZA,POSTT,CHEM1,0.09,5358.343,3,3,5358.343,0.0,0.0,0.0,0.0,59537.144444
1671142,IT,FI,GLASS,LANDT,0.01,5358.088,3,3,5358.088,0.0,0.0,0.0,0.0,535808.8
1781402,IT,NO,FOOD5,MEATA,0.03,5357.89,3,3,5357.89,0.0,0.0,0.0,0.0,178596.333333
1753792,IT,CA,FURNI,INERT,0.02,5357.822,3,3,5357.822,0.0,0.0,0.0,0.0,267891.1
1715324,IT,NL,PAPER,PAPE1,0.02,5357.767,3,3,5357.767,0.0,0.0,0.0,0.0,267888.35
1793598,IT,WL,VEGE1,BIODI,0.02,5357.575,3,3,5357.575,0.0,0.0,0.0,0.0,267878.75
1798109,IT,WL,93197,RECRE,0.04,5357.504,3,3,5357.504,0.0,0.0,0.0,0.0,133937.6
1649180,IT,BG,PRINT,CONST,0.05,5357.098,3,3,5357.098,0.0,0.0,0.0,0.0,107141.96
1646851,IT,BE,RETAI,LANDT,0.04,5356.981,3,3,5356.981,0.0,0.0,0.0,0.0,133924.525
1662312,IT,DK,NONME,COMPU,0.01,5356.969,3,3,5356.969,0.0,0.0,0.0,0.0,535696.9
1664607,IT,EE,RAILW,REALE,0.04,5356.55,3,3,5356.55,0.0,0.0,0.0,0.0,133913.75
1782181,IT,NO,NONME,INTER,0.01,5356.421,3,3,5356.421,0.0,0.0,0.0,0.0,535642.1
1808403,IT,WF,WASTE,FINAN,0.02,5356.377,3,3,5356.377,0.0,0.0,0.0,0.0,267818.85
1745247,IT,JP,CHEMI,PIGS9,0.01,5356.125,3,3,5356.125,0.0,0.0,0.0,0.0,535612.5
1677269,IT,FR,FINAN,PAPER,0.07,5355.347,3,3,5355.347,0.0,0.0,0.0,0.0,76504.957143
1813841,IT,WM,LANDT,FISHF,0.03,5355.272,3,3,5355.272,0.0,0.0,0.0,0.0,178509.066667
1670486,IT,FI,BEVER,GASDI,0.02,5355.207,3,3,5355.207,0.0,0.0,0.0,0.0,267760.35
1730722,IT,SE,COMPU,INTER,0.06,5355.061,3,3,5355.061,0.0,0.0,0.0,0.0,89251.016667
1797124,IT,WL,POSTT,NFERT,0.09,5354.859,3,3,5354.859,0.0,0.0,0.0,0.0,59498.433333
1786627,IT,ZA,RETAI,COMPU,0.04,5354.724,3,3,5354.724,0.0,0.0,0.0,0.0,133868.1
1716871,IT,NL,HOTEL,RADIO,0.04,5354.487,3,3,5354.487,0.0,0.0,0.0,0.0,133862.175
1790995,IT,WA,MOTO1,MEDIC,0.03,5354.206,3,3,5354.206,0.0,0.0,0.0,0.0,178473.533333
1750585,IT,CN,OFFIC,CEMEN,0.02,5354.171,3,3,5354.171,0.0,0.0,0.0,0.0,267708.55
1673869,IT,FR,PRINT,WOOD1,0.05,5354.108,3,3,5354.108,0.0,0.0,0.0,0.0,107082.16
1779862,IT,TR,PUBLI,TRAN1,0.09,5353.936,3,3,5353.936,0.0,0.0,0.0,0.0,59488.177778
1644047,IT,AT,BUSIN,BRICK,0.05,5353.663,3,3,5353.663,0.0,0.0,0.0,0.0,107073.26
1785025,IT,ID,BUSIN,RUBBE,0.05,5353.511,3,3,5353.511,0.0,0.0,0.0,0.0,107070.22
1781598,IT,NO,WEARI,ELEC4,0.04,5353.096,3,3,5353.096,0.0,0.0,0.0,0.0,133827.4
1680105,IT,GR,OFFIC,MEATP,0.02,5353.023,3,3,5353.023,0.0,0.0,0.0,0.0,267651.15
1737222,IT,GB,PROCE,FABRI,0.04,5352.92,3,3,5352.92,0.0,0.0,0.0,0.0,133823.0
1768182,IT,RU,PUBLI,RETA1,0.09,5352.843,3,3,5352.843,0.0,0.0,0.0,0.0,59476.033333
1711867,IT,LU,INTER,BASIC,0.03,5352.778,3,3,5352.778,0.0,0.0,0.0,0.0,178425.933333
1661306,IT,DK,SANDC,GLASS,0.01,5352.654,4,4,5351.654,0.0,0.0,1.0,0.0,535265.4
1804169,IT,WF,PAPER,TRAN2,0.02,5352.522,3,3,5352.522,0.0,0.0,0.0,0.0,267626.1
1665275,IT,ES,BEVER,BIOGA,0.02,5352.451,3,3,5352.451,0.0,0.0,0.0,0.0,267622.55
1721884,IT,PL,RENTI,FISH5,0.03,5352.409,3,3,5352.409,0.0,0.0,0.0,0.0,178413.633333
1744888,IT,US,BUSIN,PULP5,0.05,5352.072,3,3,5352.072,0.0,0.0,0.0,0.0,107041.44
1722060,IT,PL,BUSIN,CRUDE,0.05,5351.943,3,3,5351.943,0.0,0.0,0.0,0.0,107038.86
1786228,IT,ZA,COPP1,COPP1,0.01,5351.77,3,3,5351.77,0.0,0.0,0.0,0.0,535177.0
1644286,IT,BE,MEATA,FOOD5,0.03,5351.726,3,3,5351.726,0.0,0.0,0.0,0.0,178390.866667
1774032,IT,CH,RETAI,ELEC3,0.04,5351.364,3,3,5351.364,0.0,0.0,0.0,0.0,133784.1
1727596,IT,RO,REALE,AIRTR,0.23,5351.363,3,3,5351.363,0.0,0.0,0.0,0.0,23266.795652
1682443,IT,HR,PAPER,ELEC4,0.02,5351.293,3,3,5351.293,0.0,0.0,0.0,0.0,267564.65
1682319,IT,HR,WOODW,MEATP,0.01,5351.291,3,3,5351.291,0.0,0.0,0.0,0.0,535129.1
1812017,IT,WM,GLASS,INSUR,0.01,5351.091,3,3,5351.091,0.0,0.0,0.0,0.0,535109.1
1754328,IT,CA,INSUR,BASIC,0.11,5350.932,3,3,5350.932,0.0,0.0,0.0,0.0,48644.836364
1668076,IT,ES,FURNI,SEWAG,0.02,5350.825,3,3,5350.825,0.0,0.0,0.0,0.0,267541.25
1651893,IT,CY,POSTT,RECRE,0.09,5350.758,3,3,5350.758,0.0,0.0,0.0,0.0,59452.866667
1669270,IT,ES,FINAN,SUGA1,0.07,5350.139,3,3,5350.139,0.0,0.0,0.0,0.0,76430.557143
1814612,IT,WM,BUSIN,INERT,0.05,5350.104,3,3,5350.104,0.0,0.0,0.0,0.0,107002.08
1802128,IT,WE,RETA1,FINAN,0.06,5349.933,3,3,5349.933,0.0,0.0,0.0,0.0,89165.55
1787633,IT,WA,MEAT4,PLAST,0.03,5349.874,3,3,5349.874,0.0,0.0,0.0,0.0,178329.133333
1738107,IT,GB,RUBBE,PLAS2,0.02,5349.767,3,3,5349.767,0.0,0.0,0.0,0.0,267488.35
1813342,IT,WM,FURNI,VEGE1,0.02,5349.542,3,3,5349.542,0.0,0.0,0.0,0.0,267477.1
1793613,IT,WL,VEGE1,BUSIN,0.02,5349.457,3,3,5349.457,0.0,0.0,0.0,0.0,267472.85
1681300,IT,GR,INSUR,TEXTI,0.11,5349.27,3,3,5349.27,0.0,0.0,0.0,0.0,48629.727273
1751526,IT,CN,SUPPO,HOTEL,0.04,5349.177,3,3,5349.177,0.0,0.0,0.0,0.0,133729.425
1685787,IT,HU,PLAST,ELECT,0.01,5349.137,3,3,5349.137,0.0,0.0,0.0,0.0,534913.7
1785205,IT,ZA,BEVER,ELECT,0.02,5349.08,3,3,5349.08,0.0,0.0,0.0,0.0,267454.0
1784111,IT,ID,WOODW,FABRI,0.01,5348.871,3,3,5348.871,0.0,0.0,0.0,0.0,534887.1
1755617,IT,KR,ADDIT,WHITE,0.01,5348.87,3,3,5348.87,0.0,0.0,0.0,0.0,534887.0
1740246,IT,GB,BUSIN,ELEC6,0.05,5348.732,3,3,5348.732,0.0,0.0,0.0,0.0,106974.64
1802878,IT,WE,MEMBE,CRUDE,0.06,5348.647,3,3,5348.647,0.0,0.0,0.0,0.0,89144.116667
1785207,IT,ZA,BEVER,MEDIC,0.02,5348.456,3,3,5348.456,0.0,0.0,0.0,0.0,267422.8
1785204,IT,ZA,BEVER,OFFIC,0.02,5348.372,3,3,5348.372,0.0,0.0,0.0,0.0,267418.6
1644999,IT,BE,WOODW,FOOD1,0.01,5348.251,3,3,5348.251,0.0,0.0,0.0,0.0,534825.1
1785206,IT,ZA,BEVER,RADIO,0.02,5348.104,3,3,5348.104,0.0,0.0,0.0,0.0,267405.2
1752474,IT,CA,DAIRY,RESEA,0.02,5348.082,3,3,5348.082,0.0,0.0,0.0,0.0,267404.1
1728498,IT,SE,WOODW,GLASS,0.01,5347.967,3,3,5347.967,0.0,0.0,0.0,0.0,534796.7
1644511,IT,BE,DAIRY,OFFIC,0.02,5347.924,3,3,5347.924,0.0,0.0,0.0,0.0,267396.2
1683835,IT,HR,MOTO1,PRINT,0.03,5347.9,3,3,5347.9,0.0,0.0,0.0,0.0,178263.333333
1809543,IT,WM,VEGE1,ANIMA,0.02,5347.772,3,3,5347.772,0.0,0.0,0.0,0.0,267388.6
1786976,IT,ZA,INSUR,VEGET,0.11,5347.716,3,3,5347.716,0.0,0.0,0.0,0.0,48615.6
1668141,IT,ES,SALEM,FISH5,0.04,5347.657,3,3,5347.657,0.0,0.0,0.0,0.0,133691.425
1756464,IT,KR,CONST,TRAN2,0.03,5347.542,3,3,5347.542,0.0,0.0,0.0,0.0,178251.4
1756629,IT,KR,RAILW,HEALT,0.04,5346.734,3,3,5346.734,0.0,0.0,0.0,0.0,133668.35
1717430,IT,NL,INSUR,AIRTR,0.11,5346.553,3,3,5346.553,0.0,0.0,0.0,0.0,48605.027273
1655066,IT,CZ,COMPU,FABRI,0.06,5346.26,3,3,5346.26,0.0,0.0,0.0,0.0,89104.333333
1809591,IT,WM,VEGE1,LANDT,0.02,5346.046,3,3,5346.046,0.0,0.0,0.0,0.0,267302.3
1800422,IT,WE,ADDIT,BITU1,0.01,5345.751,3,3,5345.751,0.0,0.0,0.0,0.0,534575.1
1721312,IT,PL,LANDT,WOOD1,0.03,5345.597,3,3,5345.597,0.0,0.0,0.0,0.0,178186.566667
1808092,IT,WF,WOOD1,CEREA,0.04,5345.556,3,3,5345.556,0.0,0.0,0.0,0.0,133638.9
1713146,IT,MT,FISH5,MEATA,0.02,5345.461,4,4,5345.458,0.0,0.0,0.0,0.003,267273.05
1721522,IT,PL,SUPPO,GLASS,0.04,5345.423,3,3,5345.423,0.0,0.0,0.0,0.0,133635.575
1646715,IT,BE,FURNI,SEWAG,0.02,5344.8,3,3,5344.8,0.0,0.0,0.0,0.0,267240.0
1796140,IT,WL,TRANS,RENTI,0.03,5344.766,3,3,5344.766,0.0,0.0,0.0,0.0,178158.866667
1686229,IT,HU,GLASS,RECRE,0.01,5344.529,3,3,5344.529,0.0,0.0,0.0,0.0,534452.9
1792959,IT,WA,PLAS1,OFFIC,0.02,5344.464,3,3,5344.464,0.0,0.0,0.0,0.0,267223.2
1805303,IT,WF,ADDIT,REALE,0.01,5344.006,3,3,5344.006,0.0,0.0,0.0,0.0,534400.6
1807648,IT,WF,RESEA,SUPPO,0.03,5343.886,3,3,5343.886,0.0,0.0,0.0,0.0,178129.533333
1802195,IT,WE,HOTEL,RAILW,0.04,5343.764,3,3,5343.764,0.0,0.0,0.0,0.0,133594.1
1752435,IT,CA,DAIRY,SUGA1,0.02,5343.639,3,3,5343.639,0.0,0.0,0.0,0.0,267181.95
1648797,IT,BG,BEVER,RENTI,0.02,5343.449,3,3,5343.449,0.0,0.0,0.0,0.0,267172.45
1655926,IT,DE,PROCE,DIST1,0.04,5343.302,3,3,5343.302,0.0,0.0,0.0,0.0,133582.55
1665600,IT,ES,WOODW,PIGS9,0.01,5343.224,3,3,5343.224,0.0,0.0,0.0,0.0,534322.4
1650229,IT,BG,FURNI,GASDI,0.02,5343.104,3,3,5343.104,0.0,0.0,0.0,0.0,267155.2
1733728,IT,SI,LANDT,CROPS,0.03,5343.068,3,3,5343.068,0.0,0.0,0.0,0.0,178102.266667
1780828,IT,TW,COMPU,COPP1,0.06,5343.015,3,3,5343.015,0.0,0.0,0.0,0.0,89050.25
1769062,IT,AU,PLAST,MEATP,0.01,5342.823,3,3,5342.823,0.0,0.0,0.0,0.0,534282.3
1713858,IT,MT,ELEC4,CROPS,0.09,5342.766,3,3,5342.766,0.0,0.0,0.0,0.0,59364.066667
1797033,IT,WL,SUPPO,BEVER,0.04,5342.438,3,3,5342.438,0.0,0.0,0.0,0.0,133560.95
1806673,IT,WF,WHOLE,ANIMA,0.05,5342.327,3,3,5342.327,0.0,0.0,0.0,0.0,106846.54
1675955,IT,FR,ELEC4,ALUM1,0.09,5341.951,3,3,5341.951,0.0,0.0,0.0,0.0,59355.011111
1709566,IT,LT,WOODW,FOODW,0.01,5341.84,3,3,5341.84,0.0,0.0,0.0,0.0,534184.0
1745538,IT,JP,BEVER,PLAST,0.02,5341.719,3,3,5341.719,0.0,0.0,0.0,0.0,267085.95
1808745,IT,WF,TEXT2,COMPU,0.04,5341.506,3,3,5341.506,0.0,0.0,0.0,0.0,133537.65
1796736,IT,WL,LANDT,WEARI,0.03,5341.2,3,3,5341.2,0.0,0.0,0.0,0.0,178040.0
1768653,IT,AU,TEXTI,DAIRY,0.03,5341.123,3,3,5341.123,0.0,0.0,0.0,0.0,178037.433333
1724690,IT,PT,INSUR,HOTEL,0.11,5340.953,3,3,5340.953,0.0,0.0,0.0,0.0,48554.118182
1744922,IT,US,BUSIN,NONF1,0.05,5340.768,3,3,5340.768,0.0,0.0,0.0,0.0,106815.36
1666832,IT,ES,GLASS,CROPS,0.01,5340.654,3,3,5340.654,0.0,0.0,0.0,0.0,534065.4
1677331,IT,FR,FINAN,FOODW,0.07,5340.6,3,3,5340.6,0.0,0.0,0.0,0.0,76294.285714
1757031,IT,KR,BUSIN,REFI1,0.05,5340.443,3,3,5340.443,0.0,0.0,0.0,0.0,106808.86
1762053,IT,IN,RETA1,BITUM,0.06,5340.2,3,3,5340.2,0.0,0.0,0.0,0.0,89003.333333
1775496,IT,CH,WOOD1,REALE,0.04,5339.846,3,3,5339.846,0.0,0.0,0.0,0.0,133496.15
1672317,IT,FI,COMPU,BUSIN,0.06,5339.656,3,3,5339.656,0.0,0.0,0.0,0.0,88994.266667
1689071,IT,IE,FURNI,WOODW,0.02,5339.396,3,3,5339.396,0.0,0.0,0.0,0.0,266969.8
1651720,IT,CY,FABRI,RECRE,0.02,5339.224,3,3,5339.224,0.0,0.0,0.0,0.0,266961.2
1677746,IT,FR,COMPU,MEATC,0.06,5338.856,3,3,5338.856,0.0,0.0,0.0,0.0,88980.933333
1649064,IT,BG,PAPER,PRECI,0.02,5338.645,3,3,5338.645,0.0,0.0,0.0,0.0,266932.25
1808528,IT,WF,PAPE4,NATU1,0.04,5338.38,3,3,5338.38,0.0,0.0,0.0,0.0,133459.5
1652484,IT,CZ,WEARI,PLAST,0.04,5338.318,3,3,5338.318,0.0,0.0,0.0,0.0,133457.95
1786543,IT,ZA,FURNI,CHARC,0.02,5338.266,3,3,5338.266,0.0,0.0,0.0,0.0,266913.3
1797677,IT,WL,PLAS1,OILSE,0.02,5338.19,3,3,5338.19,0.0,0.0,0.0,0.0,266909.5
1640570,IT,AT,FOOD5,SALEM,0.03,5338.124,3,3,5338.124,0.0,0.0,0.0,0.0,177937.466667
1652561,IT,CZ,LEATH,PULP5,0.04,5338.058,3,3,5338.058,0.0,0.0,0.0,0.0,133451.45
1718042,IT,PL,MEATC,DAIRY,0.02,5338.042,3,3,5338.042,0.0,0.0,0.0,0.0,266902.1
1797952,IT,WL,FOOD4,INSUR,0.04,5338.037,3,3,5338.037,0.0,0.0,0.0,0.0,133450.925
1711811,IT,LU,PUBLI,HEALT,0.09,5337.986,3,3,5337.986,0.0,0.0,0.0,0.0,59310.955556
1786501,IT,ZA,MOTO1,WASTE,0.03,5337.812,3,3,5337.812,0.0,0.0,0.0,0.0,177927.066667
1685602,IT,HU,PRINT,LANDT,0.05,5337.688,3,3,5337.688,0.0,0.0,0.0,0.0,106753.76
1755725,IT,KR,GLASS,MOTOR,0.01,5337.4,3,3,5337.4,0.0,0.0,0.0,0.0,533740.0
1787853,IT,WA,FOOD5,MOTO1,0.03,5336.989,3,3,5336.989,0.0,0.0,0.0,0.0,177899.633333
1793803,IT,WL,TEXTI,FORES,0.03,5336.897,3,3,5336.897,0.0,0.0,0.0,0.0,177896.566667
1766522,IT,RU,COPP1,PRINT,0.01,5336.848,3,3,5336.848,0.0,0.0,0.0,0.0,533684.8
1645118,IT,BE,PAPER,SEWAG,0.02,5336.221,3,3,5336.221,0.0,0.0,0.0,0.0,266811.05
1725639,IT,RO,PULP5,PLAST,0.02,5336.085,3,3,5336.085,0.0,0.0,0.0,0.0,266804.25
1760065,IT,BR,OILHA,MOTO1,0.03,5335.942,3,3,5335.942,0.0,0.0,0.0,0.0,177864.733333
1731195,IT,SI,CHEMI,WOODW,0.01,5335.906,3,3,5335.906,0.0,0.0,0.0,0.0,533590.6
1739174,IT,GB,RETA1,LIQUE,0.06,5335.817,3,3,5335.817,0.0,0.0,0.0,0.0,88930.283333
1765663,IT,RU,PAPER,SUGA1,0.02,5335.809,3,3,5335.809,0.0,0.0,0.0,0.0,266790.45
1810136,IT,WM,WEARI,DAIRY,0.04,5335.768,3,3,5335.768,0.0,0.0,0.0,0.0,133394.2
1756550,IT,KR,RETA1,FISHF,0.06,5335.423,3,3,5335.423,0.0,0.0,0.0,0.0,88923.716667
1734574,IT,SK,BEVER,MEAT1,0.02,5335.243,3,3,5335.243,0.0,0.0,0.0,0.0,266762.15
1761826,IT,IN,MOTO1,PADDY,0.03,5335.123,3,3,5335.123,0.0,0.0,0.0,0.0,177837.433333
1796213,IT,WL,FURNI,TRANS,0.02,5334.857,3,3,5334.857,0.0,0.0,0.0,0.0,266742.85
1720878,IT,PL,CONST,DISTR,0.03,5334.811,3,3,5334.811,0.0,0.0,0.0,0.0,177827.033333
1641694,IT,AT,PLAST,HEAVY,0.01,5334.514,3,3,5334.514,0.0,0.0,0.0,0.0,533451.4
1753725,IT,CA,FURNI,WHEAT,0.02,5334.192,3,3,5334.192,0.0,0.0,0.0,0.0,266709.6
1797884,IT,WL,WASTE,POULT,0.02,5333.651,3,3,5333.651,0.0,0.0,0.0,0.0,266682.55
1681276,IT,GR,FINAN,POSTT,0.07,5333.217,3,3,5333.217,0.0,0.0,0.0,0.0,76188.814286
1759887,IT,BR,PAPE1,FABRI,0.04,5333.186,3,3,5333.186,0.0,0.0,0.0,0.0,133329.65
1678597,IT,GR,FORES,HOTEL,0.05,5333.16,4,4,5331.16,0.0,2.0,0.0,0.0,106663.2
1667375,IT,ES,COPP1,FOOD5,0.01,5333.003,3,3,5333.003,0.0,0.0,0.0,0.0,533300.3
1673505,IT,FR,LEATH,PROCE,0.04,5332.934,3,3,5332.934,0.0,0.0,0.0,0.0,133323.35
1648094,IT,BE,RESEA,FISH5,0.03,5332.823,3,3,5332.823,0.0,0.0,0.0,0.0,177760.766667
1654916,IT,CZ,INSUR,WOODW,0.11,5332.606,3,3,5332.606,0.0,0.0,0.0,0.0,48478.236364
1641004,IT,AT,WOODW,OILHA,0.01,5332.508,3,3,5332.508,0.0,0.0,0.0,0.0,533250.8
1761823,IT,IN,OFFIC,BUSIN,0.02,5332.46,3,3,5332.46,0.0,0.0,0.0,0.0,266623.0
1668086,IT,ES,CONST,MEATA,0.03,5332.101,3,3,5332.101,0.0,0.0,0.0,0.0,177736.7
1714637,IT,NL,MEATC,93197,0.02,5331.915,3,3,5331.915,0.0,0.0,0.0,0.0,266595.75
1717551,IT,NL,RENTI,RESEA,0.03,5331.763,3,3,5331.763,0.0,0.0,0.0,0.0,177725.433333
1648459,IT,BG,VEGET,VEGE1,0.02,5331.753,3,3,5331.753,0.0,0.0,0.0,0.0,266587.65
1684911,IT,HU,CHEMI,MEATP,0.01,5331.606,3,3,5331.606,0.0,0.0,0.0,0.0,533160.6
1783880,IT,NO,WOOD2,SALEM,0.03,5331.523,3,3,5331.523,0.0,0.0,0.0,0.0,177717.433333
1753435,IT,CA,FABRI,PULP5,0.02,5331.469,3,3,5331.469,0.0,0.0,0.0,0.0,266573.45
1786442,IT,ZA,MOTO1,CEREA,0.03,5331.215,3,3,5331.215,0.0,0.0,0.0,0.0,177707.166667
1680278,IT,GR,FURNI,OFFIC,0.02,5331.137,3,3,5331.137,0.0,0.0,0.0,0.0,266556.85
1654091,IT,CZ,OFFIC,GLASS,0.02,5331.038,3,3,5331.038,0.0,0.0,0.0,0.0,266551.9
1776272,IT,TR,PAPER,CRUDE,0.02,5331.036,3,3,5331.036,0.0,0.0,0.0,0.0,266551.8
1669470,IT,ES,AUXIL,FOOD5,0.1,5330.883,3,3,5330.883,0.0,0.0,0.0,0.0,53308.83
1718711,IT,PL,WOODW,RECRE,0.01,5330.847,3,3,5330.847,0.0,0.0,0.0,0.0,533084.7
1794819,IT,WL,PLAST,MACHI,0.01,5330.841,3,3,5330.841,0.0,0.0,0.0,0.0,533084.1
1771514,IT,CH,FISH5,FINAN,0.02,5330.539,4,4,5330.536,0.0,0.0,0.0,0.003,266526.95
1743070,IT,US,MOTO1,PIGS9,0.03,5330.419,3,3,5330.419,0.0,0.0,0.0,0.0,177680.633333
1740705,IT,US,CHEMI,BIOGA,0.01,5329.908,3,3,5329.908,0.0,0.0,0.0,0.0,532990.8
1764740,IT,MX,HOTEL,ELEC3,0.04,5329.892,3,3,5329.892,0.0,0.0,0.0,0.0,133247.3
1670498,IT,FI,BEVER,FOUND,0.02,5329.878,3,3,5329.878,0.0,0.0,0.0,0.0,266493.9
1808219,IT,WF,FOOD1,WEARI,0.03,5329.731,3,3,5329.731,0.0,0.0,0.0,0.0,177657.7
1797454,IT,WL,RESEA,PRINT,0.03,5329.656,3,3,5329.656,0.0,0.0,0.0,0.0,177655.2
1784041,IT,ID,TEXTI,RETAI,0.03,5329.623,3,3,5329.623,0.0,0.0,0.0,0.0,177654.1
1736034,IT,SK,FURNI,PIGS9,0.02,5329.563,3,3,5329.563,0.0,0.0,0.0,0.0,266478.15
1675981,IT,FR,ELEC4,PUBLI,0.08,5329.1,3,3,5329.1,0.0,0.0,0.0,0.0,66613.75
1682261,IT,HR,LEATH,PRINT,0.04,5329.046,3,3,5329.046,0.0,0.0,0.0,0.0,133226.15
1806320,IT,WF,OFFIC,ELECT,0.02,5328.884,3,3,5328.884,0.0,0.0,0.0,0.0,266444.2
1745498,IT,JP,FOOD5,FURNI,0.03,5328.867,3,3,5328.867,0.0,0.0,0.0,0.0,177628.9
1801812,IT,WE,ELEC5,TOBAC,0.06,5328.221,3,3,5328.221,0.0,0.0,0.0,0.0,88803.683333
1764594,IT,MX,WHOLE,DISTR,0.05,5328.214,3,3,5328.214,0.0,0.0,0.0,0.0,106564.28
1781831,IT,NO,PLAST,PULP5,0.01,5328.197,3,3,5328.197,0.0,0.0,0.0,0.0,532819.7
1683338,IT,HR,NONME,COPP1,0.01,5327.936,3,3,5327.936,0.0,0.0,0.0,0.0,532793.6
1791232,IT,WA,FURNI,STEAM,0.02,5327.143,3,3,5327.143,0.0,0.0,0.0,0.0,266357.15
1672408,IT,FI,BUSIN,STEAM,0.05,5326.884,3,3,5326.884,0.0,0.0,0.0,0.0,106537.68
1735682,IT,SK,FABRI,KEROS,0.02,5326.55,3,3,5326.55,0.0,0.0,0.0,0.0,266327.5
1662316,IT,DK,NONME,SEWAG,0.01,5326.354,3,3,5326.354,0.0,0.0,0.0,0.0,532635.4
1805990,IT,WF,COPP1,PULP5,0.01,5326.307,3,3,5326.307,0.0,0.0,0.0,0.0,532630.7
1804031,IT,WF,WOODW,TEXTI,0.01,5325.972,3,3,5325.972,0.0,0.0,0.0,0.0,532597.2
1796266,IT,WL,CONST,CERAM,0.03,5325.722,3,3,5325.722,0.0,0.0,0.0,0.0,177524.066667
1774709,IT,CH,SUPPO,GASDI,0.04,5325.564,3,3,5325.564,0.0,0.0,0.0,0.0,133139.1
1793532,IT,WL,MEAT1,FOOD5,0.02,5325.438,3,3,5325.438,0.0,0.0,0.0,0.0,266271.9
1764803,IT,MX,LANDT,HOTEL,0.03,5324.858,3,3,5324.858,0.0,0.0,0.0,0.0,177495.266667
1764446,IT,MX,FURNI,COPP1,0.02,5324.325,3,3,5324.325,0.0,0.0,0.0,0.0,266216.25
1648192,IT,BE,BUSIN,LIQUI,0.05,5324.286,3,3,5324.286,0.0,0.0,0.0,0.0,106485.72
1787133,IT,ZA,BUSIN,FOOD3,0.05,5324.139,3,3,5324.139,0.0,0.0,0.0,0.0,106482.78
1779982,IT,TW,SALEM,WEARI,0.04,5323.94,3,3,5323.94,0.0,0.0,0.0,0.0,133098.5
1752426,IT,CA,VEGE1,COMPU,0.02,5323.515,3,3,5323.515,0.0,0.0,0.0,0.0,266175.75
1687947,IT,HU,RENTI,SUGA1,0.03,5323.405,3,3,5323.405,0.0,0.0,0.0,0.0,177446.833333
1641156,IT,AT,PRINT,TEXTI,0.05,5323.381,3,3,5323.381,0.0,0.0,0.0,0.0,106467.62
1670728,IT,FI,PAPER,CEMEN,0.02,5323.371,3,3,5323.371,0.0,0.0,0.0,0.0,266168.55
1807488,IT,WF,REALE,RESEA,0.22,5323.208,3,3,5323.208,0.0,0.0,0.0,0.0,24196.4
1685157,IT,HU,BEVER,MEATP,0.02,5322.758,3,3,5322.758,0.0,0.0,0.0,0.0,266137.9
1744694,IT,US,COMPU,TRAN1,0.06,5322.441,3,3,5322.441,0.0,0.0,0.0,0.0,88707.35
1751579,IT,CN,POSTT,NONF1,0.09,5322.219,3,3,5322.219,0.0,0.0,0.0,0.0,59135.766667
1642259,IT,AT,NONME,COPP1,0.01,5321.576,3,3,5321.576,0.0,0.0,0.0,0.0,532157.6
1737673,IT,GB,PRINT,MACHI,0.05,5321.543,3,3,5321.543,0.0,0.0,0.0,0.0,106430.86
1792947,IT,WA,PAPE1,HOTEL,0.04,5321.203,3,3,5321.203,0.0,0.0,0.0,0.0,133030.075
1798985,IT,WE,TEXTI,PLANT,0.03,5321.115,3,3,5321.115,0.0,0.0,0.0,0.0,177370.5
1659182,IT,DE,CONST,ELEC8,0.03,5320.863,3,3,5320.863,0.0,0.0,0.0,0.0,177362.1
1717728,IT,NL,BUSIN,TEXT1,0.05,5320.848,3,3,5320.848,0.0,0.0,0.0,0.0,106416.96
1710774,IT,LU,TEXTI,HEALT,0.03,5320.742,3,3,5320.742,0.0,0.0,0.0,0.0,177358.066667
1760276,IT,IN,CROPS,CHEM1,0.04,5320.374,3,3,5320.374,0.0,0.0,0.0,0.0,133009.35
1783593,IT,NO,FOOD2,RETAI,0.03,5320.053,3,3,5320.053,0.0,0.0,0.0,0.0,177335.1
1756863,IT,KR,POSTT,ELEC3,0.09,5319.94,3,3,5319.94,0.0,0.0,0.0,0.0,59110.444444
1656072,IT,DE,BEVER,NONME,0.02,5319.718,3,3,5319.718,0.0,0.0,0.0,0.0,265985.9
1683158,IT,HR,GLASS,MEATP,0.01,5319.544,3,3,5319.544,0.0,0.0,0.0,0.0,531954.4
1764536,IT,MX,SALEM,MACHI,0.04,5319.53,3,3,5319.53,0.0,0.0,0.0,0.0,132988.25
1753966,IT,CA,LANDT,CHEM1,0.03,5319.404,3,3,5319.404,0.0,0.0,0.0,0.0,177313.466667
1655997,IT,DE,FOOD5,RADIO,0.03,5319.155,3,3,5319.155,0.0,0.0,0.0,0.0,177305.166667
1812628,IT,WM,COPP1,FORES,0.01,5318.679,3,3,5318.679,0.0,0.0,0.0,0.0,531867.9
1763074,IT,MX,TEXTI,RETAI,0.03,5318.584,3,3,5318.584,0.0,0.0,0.0,0.0,177286.133333
1745992,IT,JP,PAPER,CROPS,0.02,5318.515,3,3,5318.515,0.0,0.0,0.0,0.0,265925.75
1754811,IT,KR,FOOD5,TRANS,0.03,5318.093,3,3,5318.093,0.0,0.0,0.0,0.0,177269.766667
1806801,IT,WF,RETA1,PAPER,0.06,5317.91,3,3,5317.91,0.0,0.0,0.0,0.0,88631.833333
1713686,IT,MT,FABRI,GLASS,0.02,5317.842,3,3,5317.842,0.0,0.0,0.0,0.0,265892.1
1685958,IT,HU,BIOGA,VEGET,0.01,5317.683,3,3,5317.683,0.0,0.0,0.0,0.0,531768.3
1660905,IT,DE,BUSIN,MEATA,0.05,5317.491,3,3,5317.491,0.0,0.0,0.0,0.0,106349.82
1687306,IT,HU,RETA1,PLAST,0.06,5317.431,3,3,5317.431,0.0,0.0,0.0,0.0,88623.85
1756574,IT,KR,RETA1,SUPPO,0.06,5317.392,3,3,5317.392,0.0,0.0,0.0,0.0,88623.2
1814774,IT,WM,WASTE,BASIC,0.02,5317.094,3,3,5317.094,0.0,0.0,0.0,0.0,265854.7
1653210,IT,CZ,RUBBE,BKBPE,0.02,5317.033,3,3,5317.033,0.0,0.0,0.0,0.0,265851.65
1719744,IT,PL,NONME,RECRE,0.01,5317.002,3,3,5317.002,0.0,0.0,0.0,0.0,531700.2
1808535,IT,WF,PAPE4,CHEMI,0.04,5316.875,3,3,5316.875,0.0,0.0,0.0,0.0,132921.875
1732472,IT,SI,CHEM1,TRAN1,0.01,5316.747,3,3,5316.747,0.0,0.0,0.0,0.0,531674.7
1797056,IT,WL,SUPPO,RETAI,0.04,5316.222,3,3,5316.222,0.0,0.0,0.0,0.0,132905.55
1652606,IT,CZ,WOODW,WHEAT,0.01,5315.92,3,3,5315.92,0.0,0.0,0.0,0.0,531592.0
1746383,IT,JP,RUBBE,LEAD1,0.02,5315.67,3,3,5315.67,0.0,0.0,0.0,0.0,265783.5
1676235,IT,FR,CONST,FOOD4,0.03,5315.47,3,3,5315.47,0.0,0.0,0.0,0.0,177182.333333
1684028,IT,HR,HOTEL,SANDC,0.04,5315.366,3,3,5315.366,0.0,0.0,0.0,0.0,132884.15
1733332,IT,SI,MOTO1,PAPE4,0.03,5315.129,3,3,5315.129,0.0,0.0,0.0,0.0,177170.966667
1647945,IT,BE,RENTI,FOOD5,0.03,5314.879,3,3,5314.879,0.0,0.0,0.0,0.0,177162.633333
1808038,IT,WF,INTER,SEACO,0.03,5314.814,3,3,5314.814,0.0,0.0,0.0,0.0,177160.466667
1669602,IT,ES,RENTI,WOODW,0.03,5314.767,3,3,5314.767,0.0,0.0,0.0,0.0,177158.9
1767430,IT,RU,LANDT,ELEC3,0.03,5314.362,3,3,5314.362,0.0,0.0,0.0,0.0,177145.4
1665611,IT,ES,WOODW,PROCE,0.01,5314.323,3,3,5314.323,0.0,0.0,0.0,0.0,531432.3
1714583,IT,NL,STONE,WHOLE,0.02,5314.152,3,3,5314.152,0.0,0.0,0.0,0.0,265707.6
1649950,IT,BG,FABRI,ELEC2,0.02,5313.738,3,3,5313.738,0.0,0.0,0.0,0.0,265686.9
1672742,IT,FR,MEATC,CROPS,0.02,5313.669,3,3,5313.669,0.0,0.0,0.0,0.0,265683.45
1775339,IT,CH,BUSIN,TEXT1,0.05,5313.654,3,3,5313.654,0.0,0.0,0.0,0.0,106273.08
1721100,IT,PL,HOTEL,FOOD3,0.04,5313.438,3,3,5313.438,0.0,0.0,0.0,0.0,132835.95
1655825,IT,DE,VEGE1,LIQUI,0.02,5313.026,3,3,5313.026,0.0,0.0,0.0,0.0,265651.3
1746437,IT,JP,GLASS,WEARI,0.01,5312.975,3,3,5312.975,0.0,0.0,0.0,0.0,531297.5
1715382,IT,NL,PRINT,SEACO,0.05,5312.827,3,3,5312.827,0.0,0.0,0.0,0.0,106256.54
1781740,IT,NO,PAPER,ELEC4,0.02,5312.72,3,3,5312.72,0.0,0.0,0.0,0.0,265636.0
1761234,IT,IN,RUBBE,NATU1,0.02,5312.699,3,3,5312.699,0.0,0.0,0.0,0.0,265634.95
1709386,IT,LT,BEVER,MEATP,0.02,5312.402,3,3,5312.402,0.0,0.0,0.0,0.0,265620.1
1711917,IT,LU,FOOD3,RUBBE,0.02,5312.329,3,3,5312.329,0.0,0.0,0.0,0.0,265616.45
1808351,IT,WF,FOOD3,AIRTR,0.02,5311.832,3,3,5311.832,0.0,0.0,0.0,0.0,265591.6
1752253,IT,CA,ANIMA,DAIRY,0.02,5311.825,3,3,5311.825,0.0,0.0,0.0,0.0,265591.25
1681656,IT,HR,VEGET,WOODW,0.02,5311.76,3,3,5311.76,0.0,0.0,0.0,0.0,265588.0
1797871,IT,WL,FOOD3,CONST,0.02,5311.571,3,3,5311.571,0.0,0.0,0.0,0.0,265578.55
1662578,IT,DK,FABRI,NONF1,0.02,5311.504,3,3,5311.504,0.0,0.0,0.0,0.0,265575.2
1740520,IT,GB,RECRE,WHOLE,0.07,5311.406,3,3,5311.406,0.0,0.0,0.0,0.0,75877.228571
1714571,IT,NL,CRUDE,WOOD1,0.01,5310.988,3,3,5310.988,0.0,0.0,0.0,0.0,531098.8
1670078,IT,ES,WASTE,PLAS2,0.02,5310.943,3,3,5310.943,0.0,0.0,0.0,0.0,265547.15
1780242,IT,TW,LANDT,ANIMA,0.03,5310.622,3,3,5310.622,0.0,0.0,0.0,0.0,177020.733333
1768669,IT,AU,TEXTI,PREC1,0.03,5310.615,3,3,5310.615,0.0,0.0,0.0,0.0,177020.5
1771040,IT,CH,FORES,FURNI,0.05,5310.501,4,4,5308.501,0.0,2.0,0.0,0.0,106210.02
1647956,IT,BE,RENTI,BIOGA,0.03,5310.458,3,3,5310.458,0.0,0.0,0.0,0.0,177015.266667
1801444,IT,WE,MOTO1,LEADZ,0.03,5310.378,3,3,5310.378,0.0,0.0,0.0,0.0,177012.6
1775933,IT,TR,FOOD5,BIODI,0.03,5309.578,3,3,5309.578,0.0,0.0,0.0,0.0,176985.933333
1765400,IT,RU,TOBAC,FABRI,0.02,5309.154,3,3,5309.154,0.0,0.0,0.0,0.0,265457.7
1663984,IT,EE,PAPER,POSTT,0.02,5309.124,3,3,5309.124,0.0,0.0,0.0,0.0,265456.2
1807531,IT,WF,RENTI,MOTO1,0.03,5308.928,3,3,5308.928,0.0,0.0,0.0,0.0,176964.266667
1710758,IT,LU,FISH5,HOTEL,0.02,5308.688,4,4,5308.685,0.0,0.0,0.0,0.003,265434.4
1807813,IT,WF,FOODW,LANDT,0.04,5308.39,3,3,5308.39,0.0,0.0,0.0,0.0,132709.75
1669607,IT,ES,RENTI,NONME,0.03,5308.378,3,3,5308.378,0.0,0.0,0.0,0.0,176945.933333
1777318,IT,TR,GLASS,MOTOR,0.01,5307.564,3,3,5307.564,0.0,0.0,0.0,0.0,530756.4
1751073,IT,CN,RETA1,MEATA,0.06,5307.281,3,3,5307.281,0.0,0.0,0.0,0.0,88454.683333
1644912,IT,BE,LEATH,STEAM,0.04,5307.098,3,3,5307.098,0.0,0.0,0.0,0.0,132677.45
1678188,IT,FR,INTER,PAPE4,0.03,5306.962,3,3,5306.962,0.0,0.0,0.0,0.0,176898.733333
1657423,IT,DE,RUBBE,NFERT,0.02,5306.88,3,3,5306.88,0.0,0.0,0.0,0.0,265344.0
1679109,IT,GR,PAPER,MOTOR,0.02,5306.704,3,3,5306.704,0.0,0.0,0.0,0.0,265335.2
1659719,IT,DE,RAILW,RADIO,0.04,5306.526,3,3,5306.526,0.0,0.0,0.0,0.0,132663.15
1762149,IT,IN,LANDT,PREC1,0.03,5306.504,3,3,5306.504,0.0,0.0,0.0,0.0,176883.466667
1770244,IT,AU,HOTEL,COALT,0.04,5306.231,3,3,5306.231,0.0,0.0,0.0,0.0,132655.775
1643043,IT,AT,CONST,PUBLI,0.03,5306.029,3,3,5306.029,0.0,0.0,0.0,0.0,176867.633333
1650447,IT,BG,ELEC4,HEALT,0.08,5305.745,3,3,5305.745,0.0,0.0,0.0,0.0,66321.8125
1746315,IT,JP,CHEM1,PAPE4,0.01,5305.602,3,3,5305.602,0.0,0.0,0.0,0.0,530560.2
1764054,IT,MX,FABRI,VEGET,0.02,5305.412,3,3,5305.412,0.0,0.0,0.0,0.0,265270.6
1712004,IT,LV,FORES,FURNI,0.05,5304.995,4,4,5302.995,0.0,2.0,0.0,0.0,106099.9
1655987,IT,DE,FOOD5,GLASS,0.03,5304.687,3,3,5304.687,0.0,0.0,0.0,0.0,176822.9
1679904,IT,GR,COPP1,EDUCA,0.01,5304.641,3,3,5304.641,0.0,0.0,0.0,0.0,530464.1
1673251,IT,FR,FISH5,ELECT,0.02,5304.579,4,4,5304.576,0.0,0.0,0.0,0.003,265228.95
1711842,IT,LU,PAPE1,FABRI,0.04,5304.38,3,3,5304.38,0.0,0.0,0.0,0.0,132609.5
1643932,IT,AT,COMPU,LEATH,0.06,5304.133,3,3,5304.133,0.0,0.0,0.0,0.0,88402.216667
1669203,IT,ES,POSTT,RETAI,0.09,5304.086,3,3,5304.086,0.0,0.0,0.0,0.0,58934.288889
1810321,IT,WM,WOODW,DAIRY,0.01,5304.083,3,3,5304.083,0.0,0.0,0.0,0.0,530408.3
1731539,IT,SI,TEXTI,MEATA,0.03,5303.535,3,3,5303.535,0.0,0.0,0.0,0.0,176784.5
1687778,IT,HU,SUPPO,PAPE4,0.04,5303.44,3,3,5303.44,0.0,0.0,0.0,0.0,132586.0
1661560,IT,DK,BEVER,PULP5,0.02,5303.179,3,3,5303.179,0.0,0.0,0.0,0.0,265158.95
1727233,IT,RO,SUPPO,CERAM,0.04,5303.175,3,3,5303.175,0.0,0.0,0.0,0.0,132579.375
1802668,IT,WE,RENTI,FURNI,0.03,5303.018,3,3,5303.018,0.0,0.0,0.0,0.0,176767.266667
1685355,IT,HU,LEATH,MEATP,0.04,5303.009,3,3,5303.009,0.0,0.0,0.0,0.0,132575.225
1766539,IT,RU,COPP1,NONME,0.01,5302.968,3,3,5302.968,0.0,0.0,0.0,0.0,530296.8
1728934,IT,SE,CHEM1,ELEC6,0.01,5302.803,3,3,5302.803,0.0,0.0,0.0,0.0,530280.3
1787247,IT,WA,VEGET,NAPHT,0.02,5302.726,3,3,5302.726,0.0,0.0,0.0,0.0,265136.3
1688510,IT,IE,WOODW,REFIN,0.01,5302.477,3,3,5302.477,0.0,0.0,0.0,0.0,530247.7
1711690,IT,LU,BUSIN,PROCE,0.05,5302.391,3,3,5302.391,0.0,0.0,0.0,0.0,106047.82
1644142,IT,AT,FOOD2,DISTR,0.03,5302.292,3,3,5302.292,0.0,0.0,0.0,0.0,176743.066667
1714814,IT,NL,FOOD5,WEARI,0.03,5302.24,3,3,5302.24,0.0,0.0,0.0,0.0,176741.333333
1747034,IT,JP,TRANS,REALE,0.03,5302.182,3,3,5302.182,0.0,0.0,0.0,0.0,176739.4
1644029,IT,AT,BUSIN,COKEO,0.05,5302.029,3,3,5302.029,0.0,0.0,0.0,0.0,106040.58
1786514,IT,ZA,TRANS,FABRI,0.03,5301.949,3,3,5301.949,0.0,0.0,0.0,0.0,176731.633333
1812919,IT,WM,MACHI,COKIN,0.03,5301.821,3,3,5301.821,0.0,0.0,0.0,0.0,176727.366667
1777982,IT,TR,MACHI,INLAN,0.03,5301.474,3,3,5301.474,0.0,0.0,0.0,0.0,176715.8
1733733,IT,SI,LANDT,ANIMA,0.03,5301.02,3,3,5301.02,0.0,0.0,0.0,0.0,176700.666667
1778781,IT,TR,LANDT,PLAST,0.03,5300.486,3,3,5300.486,0.0,0.0,0.0,0.0,176682.866667
1754841,IT,KR,BEVER,MACHI,0.02,5300.465,3,3,5300.465,0.0,0.0,0.0,0.0,265023.25
1747281,IT,JP,WHOLE,CERAM,0.05,5300.208,3,3,5300.208,0.0,0.0,0.0,0.0,106004.16
1748260,IT,JP,MEMBE,FOOD5,0.06,5300.132,3,3,5300.132,0.0,0.0,0.0,0.0,88335.533333
1730218,IT,SE,LANDT,EDUCA,0.03,5300.066,3,3,5300.066,0.0,0.0,0.0,0.0,176668.866667
1689014,IT,IE,MACHI,AUXIL,0.03,5299.651,3,3,5299.651,0.0,0.0,0.0,0.0,176655.033333
1678354,IT,FR,FOOD4,SALEM,0.04,5299.48,3,3,5299.48,0.0,0.0,0.0,0.0,132487.0
1813691,IT,WM,RETA1,RAILW,0.06,5299.267,3,3,5299.267,0.0,0.0,0.0,0.0,88321.116667
1754158,IT,CA,SUPPO,PAPER,0.04,5299.222,3,3,5299.222,0.0,0.0,0.0,0.0,132480.55
1731104,IT,SI,FORES,RAILW,0.05,5298.983,4,4,5296.983,0.0,2.0,0.0,0.0,105979.66
1660137,IT,DE,SUPPO,VEGET,0.04,5298.535,3,3,5298.535,0.0,0.0,0.0,0.0,132463.375
1671731,IT,FI,SALEM,CONST,0.04,5298.49,3,3,5298.49,0.0,0.0,0.0,0.0,132462.25
1768705,IT,AU,TEXTI,FOOD1,0.03,5298.255,3,3,5298.255,0.0,0.0,0.0,0.0,176608.5
1737135,IT,GB,VEGE1,RAWMI,0.02,5297.913,3,3,5297.913,0.0,0.0,0.0,0.0,264895.65
1784545,IT,ID,FABRI,RECRE,0.02,5297.894,3,3,5297.894,0.0,0.0,0.0,0.0,264894.7
1807621,IT,WF,RESEA,PLAST,0.03,5297.791,3,3,5297.791,0.0,0.0,0.0,0.0,176593.033333
1724184,IT,PT,HOTEL,PLAST,0.04,5297.574,3,3,5297.574,0.0,0.0,0.0,0.0,132439.35
1748144,IT,JP,EDUCA,COMPU,0.13,5297.465,3,3,5297.465,0.0,0.0,0.0,0.0,40749.730769
1680279,IT,GR,FURNI,ELECT,0.02,5297.342,3,3,5297.342,0.0,0.0,0.0,0.0,264867.1
1785870,IT,ZA,ADDIT,FISH5,0.01,5297.32,3,3,5297.32,0.0,0.0,0.0,0.0,529732.0
1721722,IT,PL,INSUR,WHEAT,0.11,5296.596,3,3,5296.596,0.0,0.0,0.0,0.0,48150.872727
1799151,IT,WE,WEARI,ALUM1,0.04,5296.588,3,3,5296.588,0.0,0.0,0.0,0.0,132414.7
1793455,IT,WL,STONE,HEAVY,0.02,5296.45,3,3,5296.45,0.0,0.0,0.0,0.0,264822.5
1734340,IT,SI,BUSIN,RENTI,0.05,5296.35,3,3,5296.35,0.0,0.0,0.0,0.0,105927.0
1748668,IT,CN,SUGA1,FOOD5,0.01,5296.221,3,3,5296.221,0.0,0.0,0.0,0.0,529622.1
1688330,IT,IE,VEGE1,COMPU,0.02,5296.017,3,3,5296.017,0.0,0.0,0.0,0.0,264800.85
1654632,IT,CZ,LANDT,SUGA1,0.03,5295.987,3,3,5295.987,0.0,0.0,0.0,0.0,176532.9
1775957,IT,TR,FOOD5,MEMBE,0.03,5295.848,3,3,5295.848,0.0,0.0,0.0,0.0,176528.266667
1718001,IT,PL,CHEMI,MEATP,0.01,5295.581,3,3,5295.581,0.0,0.0,0.0,0.0,529558.1
1640265,IT,AT,STONE,FABRI,0.02,5295.049,3,3,5295.049,0.0,0.0,0.0,0.0,264752.45
1659359,IT,DE,RETAI,PAPE1,0.04,5295.039,3,3,5295.039,0.0,0.0,0.0,0.0,132375.975
1810199,IT,WM,LEATH,PADDY,0.04,5294.944,3,3,5294.944,0.0,0.0,0.0,0.0,132373.6
1797462,IT,WL,RESEA,OFFIC,0.03,5294.935,3,3,5294.935,0.0,0.0,0.0,0.0,176497.833333
1807692,IT,WF,BUSIN,LIQUE,0.05,5294.679,3,3,5294.679,0.0,0.0,0.0,0.0,105893.58
1729637,IT,SE,FABRI,NUCLE,0.02,5294.633,3,3,5294.633,0.0,0.0,0.0,0.0,264731.65
1768383,IT,AU,VEGE1,SUGAR,0.02,5294.589,3,3,5294.589,0.0,0.0,0.0,0.0,264729.45
1732429,IT,SI,CHEM1,WHEAT,0.01,5294.279,3,3,5294.279,0.0,0.0,0.0,0.0,529427.9
1669637,IT,ES,RENTI,RESEA,0.03,5294.214,3,3,5294.214,0.0,0.0,0.0,0.0,176473.8
1690432,IT,IE,FOOD4,COMPU,0.04,5294.201,3,3,5294.201,0.0,0.0,0.0,0.0,132355.025
1765649,IT,RU,PAPER,POULT,0.02,5294.123,3,3,5294.123,0.0,0.0,0.0,0.0,264706.15
1735239,IT,SK,GLASS,OILSE,0.01,5293.664,3,3,5293.664,0.0,0.0,0.0,0.0,529366.4
1783951,IT,ID,CHEMI,FOOD5,0.01,5293.608,3,3,5293.608,0.0,0.0,0.0,0.0,529360.8
1782143,IT,NO,NONME,SANDC,0.01,5293.595,3,3,5293.595,0.0,0.0,0.0,0.0,529359.5
1712518,IT,LV,FABRI,SECO9,0.02,5293.329,3,3,5293.329,0.0,0.0,0.0,0.0,264666.45
1677624,IT,FR,REALE,RAILW,0.22,5293.298,3,3,5293.298,0.0,0.0,0.0,0.0,24060.445455
1784948,IT,ID,INSUR,LEATH,0.11,5293.194,3,3,5293.194,0.0,0.0,0.0,0.0,48119.945455
1778510,IT,TR,RETA1,PRECI,0.06,5293.102,3,3,5293.102,0.0,0.0,0.0,0.0,88218.366667
1809627,IT,WM,DAIRY,TOBAC,0.02,5293.034,3,3,5293.034,0.0,0.0,0.0,0.0,264651.7
1640465,IT,AT,DAIRY,MEATC,0.02,5293.017,3,3,5293.017,0.0,0.0,0.0,0.0,264650.85
1791632,IT,WA,HOTEL,PULP5,0.04,5292.967,3,3,5292.967,0.0,0.0,0.0,0.0,132324.175
1778463,IT,TR,WHOLE,RETAI,0.05,5292.451,3,3,5292.451,0.0,0.0,0.0,0.0,105849.02
1763314,IT,MX,PAPER,DISTR,0.02,5292.185,3,3,5292.185,0.0,0.0,0.0,0.0,264609.25
1718430,IT,PL,FISH5,RAWMI,0.02,5291.999,4,4,5291.996,0.0,0.0,0.0,0.003,264599.95
1644156,IT,AT,TEXT2,BASIC,0.04,5291.63,3,3,5291.63,0.0,0.0,0.0,0.0,132290.75
1717980,IT,PL,SANDC,ELEC2,0.01,5291.534,4,4,5290.534,0.0,0.0,1.0,0.0,529153.4
1669393,IT,ES,INSUR,PULP5,0.11,5291.057,3,3,5291.057,0.0,0.0,0.0,0.0,48100.518182
1643675,IT,AT,SUPPO,STONE,0.04,5291.044,3,3,5291.044,0.0,0.0,0.0,0.0,132276.1
1757234,IT,BR,VEGE1,WOODW,0.02,5290.926,3,3,5290.926,0.0,0.0,0.0,0.0,264546.3
1781739,IT,NO,PAPER,TRANS,0.02,5290.347,3,3,5290.347,0.0,0.0,0.0,0.0,264517.35
1726695,IT,RO,FURNI,VEGET,0.02,5290.347,3,3,5290.347,0.0,0.0,0.0,0.0,264517.35
1668320,IT,ES,WHOLE,RETAI,0.05,5290.055,3,3,5290.055,0.0,0.0,0.0,0.0,105801.1
1739800,IT,GB,POSTT,LANDT,0.09,5289.743,3,3,5289.743,0.0,0.0,0.0,0.0,58774.922222
1715766,IT,NL,BIODI,WOODW,0.01,5289.367,3,3,5289.367,0.0,0.0,0.0,0.0,528936.7
1662008,IT,DK,PLAST,PULP5,0.01,5289.029,3,3,5289.029,0.0,0.0,0.0,0.0,528902.9
1753883,IT,CA,RETA1,PUBLI,0.06,5288.862,3,3,5288.862,0.0,0.0,0.0,0.0,88147.7
1654914,IT,CZ,INSUR,TEXTI,0.11,5288.693,3,3,5288.693,0.0,0.0,0.0,0.0,48079.027273
1798517,IT,WE,STONE,PULP5,0.02,5288.53,3,3,5288.53,0.0,0.0,0.0,0.0,264426.5
1779827,IT,TR,PUBLI,FOOD5,0.09,5288.402,3,3,5288.402,0.0,0.0,0.0,0.0,58760.022222
1774862,IT,CH,FINAN,RETA1,0.07,5288.358,3,3,5288.358,0.0,0.0,0.0,0.0,75547.971429
1690166,IT,IE,BUSIN,CROPS,0.05,5288.288,3,3,5288.288,0.0,0.0,0.0,0.0,105765.76
1784047,IT,ID,TEXTI,AIRTR,0.03,5288.233,3,3,5288.233,0.0,0.0,0.0,0.0,176274.433333
1713233,IT,MT,WOODW,RECRE,0.01,5288.069,3,3,5288.069,0.0,0.0,0.0,0.0,528806.9
1744403,IT,US,INSUR,RECRE,0.11,5287.517,3,3,5287.517,0.0,0.0,0.0,0.0,48068.336364
1806024,IT,WF,COPP1,MEDIC,0.01,5287.277,3,3,5287.277,0.0,0.0,0.0,0.0,528727.7
1810016,IT,WM,TEXTI,LEADZ,0.03,5287.198,3,3,5287.198,0.0,0.0,0.0,0.0,176239.933333
1679087,IT,GR,PULP5,BUSIN,0.02,5287.109,3,3,5287.109,0.0,0.0,0.0,0.0,264355.45
1664918,IT,ES,CRUDE,TRAN2,0.01,5287.014,3,3,5287.014,0.0,0.0,0.0,0.0,528701.4
1756370,IT,KR,FURNI,LEATH,0.02,5286.943,3,3,5286.943,0.0,0.0,0.0,0.0,264347.15
1744322,IT,US,FINAN,MEDIC,0.07,5286.556,3,3,5286.556,0.0,0.0,0.0,0.0,75522.228571
1778420,IT,TR,WHOLE,BEVER,0.05,5286.495,3,3,5286.495,0.0,0.0,0.0,0.0,105729.9
1678367,IT,FR,FOOD4,PAPE4,0.04,5286.446,3,3,5286.446,0.0,0.0,0.0,0.0,132161.15
1715182,IT,NL,WOODW,FISH5,0.01,5286.303,3,3,5286.303,0.0,0.0,0.0,0.0,528630.3
1796689,IT,WL,RAILW,PFERT,0.04,5286.272,3,3,5286.272,0.0,0.0,0.0,0.0,132156.8
1761962,IT,IN,FURNI,TRAN2,0.02,5286.231,3,3,5286.231,0.0,0.0,0.0,0.0,264311.55
1738886,IT,GB,FURNI,POULT,0.02,5286.211,3,3,5286.211,0.0,0.0,0.0,0.0,264310.55
1652507,IT,CZ,WEARI,ELEC4,0.04,5285.653,3,3,5285.653,0.0,0.0,0.0,0.0,132141.325
1644170,IT,AT,RECRE,HOTEL,0.07,5285.653,3,3,5285.653,0.0,0.0,0.0,0.0,75509.328571
1715223,IT,NL,WOODW,AUXIL,0.01,5285.452,3,3,5285.452,0.0,0.0,0.0,0.0,528545.2
1729531,IT,SE,COPP1,RAWMI,0.01,5285.273,3,3,5285.273,0.0,0.0,0.0,0.0,528527.3
1685973,IT,HU,BIOGA,EDUCA,0.01,5285.243,3,3,5285.243,0.0,0.0,0.0,0.0,528524.3
1756441,IT,KR,CONST,NONME,0.03,5285.232,3,3,5285.232,0.0,0.0,0.0,0.0,176174.4
1682497,IT,HR,PRINT,ELEC4,0.05,5285.164,3,3,5285.164,0.0,0.0,0.0,0.0,105703.28
1802306,IT,WE,LANDT,MEMBE,0.03,5284.883,3,3,5284.883,0.0,0.0,0.0,0.0,176162.766667
1798520,IT,WE,STONE,CERAM,0.02,5284.814,3,3,5284.814,0.0,0.0,0.0,0.0,264240.7
1814666,IT,WM,PLAS1,DAIRY,0.02,5284.757,3,3,5284.757,0.0,0.0,0.0,0.0,264237.85
1654093,IT,CZ,OFFIC,ALUM1,0.02,5284.69,3,3,5284.69,0.0,0.0,0.0,0.0,264234.5
1805649,IT,WF,NONME,FURNI,0.01,5284.655,3,3,5284.655,0.0,0.0,0.0,0.0,528465.5
1752859,IT,CA,PRINT,HEALT,0.05,5284.451,3,3,5284.451,0.0,0.0,0.0,0.0,105689.02
1644209,IT,BE,VEGET,ELECT,0.02,5283.874,3,3,5283.874,0.0,0.0,0.0,0.0,264193.7
1730126,IT,SE,RAILW,PLAST,0.04,5283.443,3,3,5283.443,0.0,0.0,0.0,0.0,132086.075
1798318,IT,WE,CROPS,OFFIC,0.04,5283.399,3,3,5283.399,0.0,0.0,0.0,0.0,132084.975
1647593,IT,BE,POSTT,RUBBE,0.09,5283.284,3,3,5283.284,0.0,0.0,0.0,0.0,58703.155556
1651729,IT,CY,MACHI,FISH5,0.03,5283.15,3,3,5283.15,0.0,0.0,0.0,0.0,176105.0
1683784,IT,HR,OFFIC,FORES,0.02,5283.112,3,3,5283.112,0.0,0.0,0.0,0.0,264155.6
1775384,IT,CH,PUBLI,FABRI,0.09,5283.112,3,3,5283.112,0.0,0.0,0.0,0.0,58701.244444
1689347,IT,IE,RETA1,NONF1,0.06,5282.949,3,3,5282.949,0.0,0.0,0.0,0.0,88049.15
1788429,IT,WA,PULP5,NONFE,0.02,5282.822,3,3,5282.822,0.0,0.0,0.0,0.0,264141.1
1747922,IT,JP,COMPU,SUPPO,0.06,5282.783,3,3,5282.783,0.0,0.0,0.0,0.0,88046.383333
1681727,IT,HR,CRUDE,MOTOR,0.01,5282.735,3,3,5282.735,0.0,0.0,0.0,0.0,528273.5
1801878,IT,WE,CONST,CHEM1,0.03,5282.719,3,3,5282.719,0.0,0.0,0.0,0.0,176090.633333
1648642,IT,BG,VEGE1,RETA1,0.02,5282.682,3,3,5282.682,0.0,0.0,0.0,0.0,264134.1
1710437,IT,LT,LANDT,BEVER,0.03,5282.645,3,3,5282.645,0.0,0.0,0.0,0.0,176088.166667
1646660,IT,BE,FURNI,MOTOR,0.02,5282.458,3,3,5282.458,0.0,0.0,0.0,0.0,264122.9
1734414,IT,SK,VEGET,CONST,0.02,5282.005,3,3,5282.005,0.0,0.0,0.0,0.0,264100.25
1722166,IT,PL,BUSIN,PLAS1,0.05,5282.005,3,3,5282.005,0.0,0.0,0.0,0.0,105640.1
1806441,IT,WF,TRANS,VEGE1,0.03,5281.756,3,3,5281.756,0.0,0.0,0.0,0.0,176058.533333
1725965,IT,RO,CHEM1,FISH5,0.01,5281.579,3,3,5281.579,0.0,0.0,0.0,0.0,528157.9
1735251,IT,SK,GLASS,MEATC,0.01,5281.199,3,3,5281.199,0.0,0.0,0.0,0.0,528119.9
1730053,IT,SE,WHOLE,SUPPO,0.05,5281.15,3,3,5281.15,0.0,0.0,0.0,0.0,105623.0
1803478,IT,WF,MEAT4,RETA1,0.03,5280.949,3,3,5280.949,0.0,0.0,0.0,0.0,176031.633333
1788594,IT,WA,PAPER,AUXIL,0.02,5280.558,3,3,5280.558,0.0,0.0,0.0,0.0,264027.9
1775565,IT,CH,WOOD2,CONST,0.03,5280.051,3,3,5280.051,0.0,0.0,0.0,0.0,176001.7
1726159,IT,RO,GLASS,PULP5,0.01,5280.029,3,3,5280.029,0.0,0.0,0.0,0.0,528002.9
1669445,IT,ES,INSUR,RESEA,0.11,5279.82,3,3,5279.82,0.0,0.0,0.0,0.0,47998.363636
1684545,IT,HR,BUSIN,NONF1,0.05,5279.802,3,3,5279.802,0.0,0.0,0.0,0.0,105596.04
1771305,IT,CH,DAIRY,ELECT,0.02,5279.755,3,3,5279.755,0.0,0.0,0.0,0.0,263987.75
1793410,IT,WL,CROPS,CHARC,0.04,5279.462,3,3,5279.462,0.0,0.0,0.0,0.0,131986.55
1745471,IT,JP,FOOD5,VEGE1,0.03,5279.232,3,3,5279.232,0.0,0.0,0.0,0.0,175974.4
1743801,IT,US,LANDT,DIST1,0.03,5279.113,3,3,5279.113,0.0,0.0,0.0,0.0,175970.433333
1784973,IT,ID,INSUR,TRAN1,0.11,5278.965,3,3,5278.965,0.0,0.0,0.0,0.0,47990.590909
1642223,IT,AT,NONME,CEREA,0.01,5278.832,3,3,5278.832,0.0,0.0,0.0,0.0,527883.2
1749808,IT,CN,RUBBE,PATEN,0.02,5278.704,3,3,5278.704,0.0,0.0,0.0,0.0,263935.2
1663981,IT,EE,PAPER,LANDT,0.02,5278.542,3,3,5278.542,0.0,0.0,0.0,0.0,263927.1
1795872,IT,WL,OFFIC,BIODI,0.02,5278.355,3,3,5278.355,0.0,0.0,0.0,0.0,263917.75
1734589,IT,SK,BEVER,FABRI,0.02,5278.299,3,3,5278.299,0.0,0.0,0.0,0.0,263914.95
1663495,IT,DK,RENTI,RADIO,0.03,5277.702,3,3,5277.702,0.0,0.0,0.0,0.0,175923.4
1726794,IT,RO,WHOLE,CROPS,0.05,5277.38,3,3,5277.38,0.0,0.0,0.0,0.0,105547.6
1678468,IT,FR,RECRE,TRANS,0.07,5277.259,3,3,5277.259,0.0,0.0,0.0,0.0,75389.414286
1785280,IT,ZA,WEARI,STONE,0.04,5277.206,3,3,5277.206,0.0,0.0,0.0,0.0,131930.15
1712489,IT,LV,FABRI,CROPS,0.02,5277.13,3,3,5277.13,0.0,0.0,0.0,0.0,263856.5
1737577,IT,GB,PAPER,MEATA,0.02,5276.945,3,3,5276.945,0.0,0.0,0.0,0.0,263847.25
1737523,IT,GB,WOODW,LEAD1,0.01,5276.631,3,3,5276.631,0.0,0.0,0.0,0.0,527663.1
1751856,IT,CN,RENTI,FINAN,0.03,5276.445,3,3,5276.445,0.0,0.0,0.0,0.0,175881.5
1762900,IT,MX,STONE,PUBLI,0.02,5276.423,3,3,5276.423,0.0,0.0,0.0,0.0,263821.15
1808186,IT,WF,OILHA,DISTR,0.03,5275.987,3,3,5275.987,0.0,0.0,0.0,0.0,175866.233333
1687301,IT,HU,RETA1,WEARI,0.06,5275.712,3,3,5275.712,0.0,0.0,0.0,0.0,87928.533333
1663676,IT,DK,BUSIN,WASTE,0.05,5275.637,3,3,5275.637,0.0,0.0,0.0,0.0,105512.74
1808619,IT,WF,PLAS2,HOTEL,0.04,5275.28,3,3,5275.28,0.0,0.0,0.0,0.0,131882.0
1787907,IT,WA,BEVER,CHARC,0.02,5274.955,3,3,5274.955,0.0,0.0,0.0,0.0,263747.75
1730153,IT,SE,LANDT,MEATP,0.03,5274.916,3,3,5274.916,0.0,0.0,0.0,0.0,175830.533333
1755166,IT,KR,LEATH,INLAN,0.04,5274.913,3,3,5274.913,0.0,0.0,0.0,0.0,131872.825
1677501,IT,FR,AUXIL,ELEC4,0.1,5274.245,3,3,5274.245,0.0,0.0,0.0,0.0,52742.45
1787772,IT,WA,DAIRY,SUGA1,0.02,5274.164,3,3,5274.164,0.0,0.0,0.0,0.0,263708.2
1663033,IT,DK,HOTEL,BIOG1,0.04,5274.135,3,3,5274.135,0.0,0.0,0.0,0.0,131853.375
1746553,IT,JP,NONME,WHOLE,0.01,5273.979,3,3,5273.979,0.0,0.0,0.0,0.0,527397.9
1673581,IT,FR,WOODW,VEGE1,0.01,5273.935,3,3,5273.935,0.0,0.0,0.0,0.0,527393.5
1754699,IT,KR,VEGE1,LUBRI,0.02,5273.673,3,3,5273.673,0.0,0.0,0.0,0.0,263683.65
1678237,IT,FR,OILHA,RECRE,0.03,5273.482,3,3,5273.482,0.0,0.0,0.0,0.0,175782.733333
1667593,IT,ES,MACHI,SUGAR,0.03,5273.232,3,3,5273.232,0.0,0.0,0.0,0.0,175774.4
1672071,IT,FI,SUPPO,PULP5,0.04,5272.66,3,3,5272.66,0.0,0.0,0.0,0.0,131816.5
1808669,IT,WF,INERT,BASIC,0.04,5272.558,3,3,5272.558,0.0,0.0,0.0,0.0,131813.95
1678412,IT,FR,INERT,MACHI,0.04,5272.548,3,3,5272.548,0.0,0.0,0.0,0.0,131813.7
1724680,IT,PT,INSUR,ELEC4,0.11,5272.33,3,3,5272.33,0.0,0.0,0.0,0.0,47930.272727
1806641,IT,WF,SALEM,RESEA,0.04,5272.172,3,3,5272.172,0.0,0.0,0.0,0.0,131804.3
1685490,IT,HU,PAPER,ANIMA,0.02,5271.911,3,3,5271.911,0.0,0.0,0.0,0.0,263595.55
1664844,IT,ES,CATTL,REALE,0.01,5271.414,3,3,5271.414,0.0,0.0,0.0,0.0,527141.4
1678155,IT,FR,PLAS1,TEXT1,0.02,5271.412,3,3,5271.412,0.0,0.0,0.0,0.0,263570.6
1756858,IT,KR,POSTT,TRANS,0.09,5271.153,3,3,5271.153,0.0,0.0,0.0,0.0,58568.366667
1742214,IT,US,GLASS,WASTE,0.01,5271.009,3,3,5271.009,0.0,0.0,0.0,0.0,527100.9
1651684,IT,CY,COPP1,RESEA,0.01,5270.798,3,3,5270.798,0.0,0.0,0.0,0.0,527079.8
1672791,IT,FR,MEATP,RENTI,0.02,5270.672,3,3,5270.672,0.0,0.0,0.0,0.0,263533.6
1736963,IT,GB,CROPS,MEATA,0.04,5270.634,3,3,5270.634,0.0,0.0,0.0,0.0,131765.85
1668685,IT,ES,LANDT,FORES,0.03,5270.486,3,3,5270.486,0.0,0.0,0.0,0.0,175682.866667
1654046,IT,CZ,MACHI,FINAN,0.03,5270.458,3,3,5270.458,0.0,0.0,0.0,0.0,175681.933333
1739843,IT,GB,FINAN,HEAVY,0.07,5269.883,3,3,5269.883,0.0,0.0,0.0,0.0,75284.042857
1766159,IT,RU,RUBBE,INLAN,0.02,5269.091,3,3,5269.091,0.0,0.0,0.0,0.0,263454.55
1781779,IT,NO,PRINT,AIRTR,0.05,5269.077,3,3,5269.077,0.0,0.0,0.0,0.0,105381.54
1760197,IT,BR,PAPE4,SUPPO,0.03,5268.931,3,3,5268.931,0.0,0.0,0.0,0.0,175631.033333
1733254,IT,SI,MACHI,AUXIL,0.03,5268.928,3,3,5268.928,0.0,0.0,0.0,0.0,175630.933333
1727285,IT,RO,POSTT,FORES,0.09,5268.79,3,3,5268.79,0.0,0.0,0.0,0.0,58542.111111
1784946,IT,ID,INSUR,TEXTI,0.11,5268.746,3,3,5268.746,0.0,0.0,0.0,0.0,47897.690909
1785012,IT,ID,BUSIN,VEGE1,0.05,5268.74,3,3,5268.74,0.0,0.0,0.0,0.0,105374.8
1709676,IT,LT,PLAST,CERAM,0.01,5268.422,3,3,5268.422,0.0,0.0,0.0,0.0,526842.2
1642551,IT,AT,COPP1,FOODW,0.01,5268.39,3,3,5268.39,0.0,0.0,0.0,0.0,526839.0
1640687,IT,AT,FISH5,PREC1,0.02,5268.295,4,4,5268.292,0.0,0.0,0.0,0.003,263414.75
1809131,IT,WM,CROPS,BIOG1,0.04,5267.752,3,3,5267.752,0.0,0.0,0.0,0.0,131693.8
1763215,IT,MX,WOODW,PULP5,0.01,5267.741,3,3,5267.741,0.0,0.0,0.0,0.0,526774.1
1753724,IT,CA,TRANS,HEALT,0.03,5267.511,3,3,5267.511,0.0,0.0,0.0,0.0,175583.7
1729930,IT,SE,FURNI,RAILW,0.02,5267.459,3,3,5267.459,0.0,0.0,0.0,0.0,263372.95
1687558,IT,HU,LANDT,COLLE,0.03,5267.438,3,3,5267.438,0.0,0.0,0.0,0.0,175581.266667
1746098,IT,JP,PRINT,LANDT,0.05,5267.166,3,3,5267.166,0.0,0.0,0.0,0.0,105343.32
1715707,IT,NL,PLAST,KEROS,0.01,5267.09,3,3,5267.09,0.0,0.0,0.0,0.0,526709.0
1726526,IT,RO,MACHI,TRAN2,0.03,5267.035,3,3,5267.035,0.0,0.0,0.0,0.0,175567.833333
1731304,IT,SI,VEGE1,FABRI,0.02,5266.573,3,3,5266.573,0.0,0.0,0.0,0.0,263328.65
1802093,IT,WE,RETA1,GASDI,0.05,5266.128,3,3,5266.128,0.0,0.0,0.0,0.0,105322.56
1754856,IT,KR,BEVER,FINAN,0.02,5266.015,3,3,5266.015,0.0,0.0,0.0,0.0,263300.75
1725533,IT,RO,LEATH,NONME,0.04,5265.872,3,3,5265.872,0.0,0.0,0.0,0.0,131646.8
1802814,IT,WE,EDUCA,CROPS,0.13,5265.824,3,3,5265.824,0.0,0.0,0.0,0.0,40506.338462
1787193,IT,ZA,PUBLI,RECRE,0.09,5265.824,3,3,5265.824,0.0,0.0,0.0,0.0,58509.155556
1720847,IT,PL,FURNI,INLAN,0.02,5265.668,3,3,5265.668,0.0,0.0,0.0,0.0,263283.4
1688728,IT,IE,CHEM1,OILHA,0.01,5265.111,3,3,5265.111,0.0,0.0,0.0,0.0,526511.1
1657344,IT,DE,BIODI,SUGAR,0.01,5265.102,3,3,5265.102,0.0,0.0,0.0,0.0,526510.2
1808774,IT,WF,WOOD2,FOOD5,0.03,5265.095,3,3,5265.095,0.0,0.0,0.0,0.0,175503.166667
1712361,IT,LV,GLASS,STONE,0.01,5264.974,3,3,5264.974,0.0,0.0,0.0,0.0,526497.4
1688770,IT,IE,RUBBE,ALUM1,0.02,5264.936,3,3,5264.936,0.0,0.0,0.0,0.0,263246.8
1673249,IT,FR,FISH5,MACHI,0.02,5264.897,4,4,5264.894,0.0,0.0,0.0,0.003,263244.85
1760181,IT,BR,FOOD4,COLLE,0.04,5264.534,3,3,5264.534,0.0,0.0,0.0,0.0,131613.35
1797365,IT,WL,RENTI,FISH5,0.03,5264.428,3,3,5264.428,0.0,0.0,0.0,0.0,175480.933333
1781216,IT,NO,VEGET,FINAN,0.02,5264.31,3,3,5264.31,0.0,0.0,0.0,0.0,263215.5
1752659,IT,CA,WEARI,MEATA,0.04,5264.216,3,3,5264.216,0.0,0.0,0.0,0.0,131605.4
1710974,IT,LU,GLASS,MACHI,0.01,5264.165,3,3,5264.165,0.0,0.0,0.0,0.0,526416.5
1752291,IT,CA,SANDC,PREC1,0.01,5264.1,4,4,5263.1,0.0,0.0,1.0,0.0,526410.0
1675738,IT,FR,FURNI,KEROS,0.02,5263.841,3,3,5263.841,0.0,0.0,0.0,0.0,263192.05
1644338,IT,BE,SANDC,PLAST,0.01,5263.739,4,4,5262.739,0.0,0.0,1.0,0.0,526373.9
1663122,IT,DK,RAILW,HEALT,0.04,5263.394,3,3,5263.394,0.0,0.0,0.0,0.0,131584.85
1727328,IT,RO,POSTT,ELEC1,0.09,5263.317,3,3,5263.317,0.0,0.0,0.0,0.0,58481.3
1715035,IT,NL,TEXTI,BIODI,0.03,5263.274,3,3,5263.274,0.0,0.0,0.0,0.0,175442.466667
1772039,IT,CH,PRINT,BASIC,0.05,5263.212,3,3,5263.212,0.0,0.0,0.0,0.0,105264.24
1680752,IT,GR,RETA1,RETA1,0.05,5262.964,3,3,5262.964,0.0,0.0,0.0,0.0,105259.28
1721893,IT,PL,RENTI,BIODI,0.03,5262.948,3,3,5262.948,0.0,0.0,0.0,0.0,175431.6
1659457,IT,DE,WHOLE,INTER,0.05,5262.751,3,3,5262.751,0.0,0.0,0.0,0.0,105255.02
1813630,IT,WM,RETA1,SANDC,0.05,5262.713,3,3,5262.713,0.0,0.0,0.0,0.0,105254.26
1643057,IT,AT,SALEM,WHOLE,0.04,5262.597,3,3,5262.597,0.0,0.0,0.0,0.0,131564.925
1780222,IT,TW,RAILW,CONST,0.04,5262.45,3,3,5262.45,0.0,0.0,0.0,0.0,131561.25
1723331,IT,PT,NONME,PRINT,0.01,5262.271,3,3,5262.271,0.0,0.0,0.0,0.0,526227.1
1733501,IT,SI,WHOLE,BRICK,0.05,5262.251,3,3,5262.251,0.0,0.0,0.0,0.0,105245.02
1756194,IT,KR,MACHI,BRICK,0.03,5262.06,3,3,5262.06,0.0,0.0,0.0,0.0,175402.0
1750242,IT,CN,COPP1,BIOGA,0.01,5262.008,3,3,5262.008,0.0,0.0,0.0,0.0,526200.8
1670363,IT,FI,DAIRY,BEVER,0.02,5261.987,3,3,5261.987,0.0,0.0,0.0,0.0,263099.35
1680440,IT,GR,ELEC4,ALUM1,0.08,5261.975,3,3,5261.975,0.0,0.0,0.0,0.0,65774.6875
1770739,IT,AU,AUXIL,REALE,0.1,5261.922,3,3,5261.922,0.0,0.0,0.0,0.0,52619.22
1654152,IT,CZ,MOTO1,NUCLE,0.03,5261.796,3,3,5261.796,0.0,0.0,0.0,0.0,175393.2
1750792,IT,CN,FURNI,PATEN,0.02,5261.601,3,3,5261.601,0.0,0.0,0.0,0.0,263080.05
1754874,IT,KR,FISH5,FURNI,0.02,5261.562,4,4,5261.559,0.0,0.0,0.0,0.003,263078.1
1768623,IT,AU,FISH5,FISH5,0.02,5261.428,4,4,5261.425,0.0,0.0,0.0,0.003,263071.4
1745245,IT,JP,CHEMI,CROPS,0.01,5261.357,3,3,5261.357,0.0,0.0,0.0,0.0,526135.7
1782699,IT,NO,WHOLE,INERT,0.05,5261.295,3,3,5261.295,0.0,0.0,0.0,0.0,105225.9
1798501,IT,WE,STONE,OILSE,0.02,5261.144,3,3,5261.144,0.0,0.0,0.0,0.0,263057.2
1748706,IT,CN,FOOD5,EDUCA,0.03,5260.989,3,3,5260.989,0.0,0.0,0.0,0.0,175366.3
1713987,IT,MT,WHOLE,MOTO1,0.05,5260.919,3,3,5260.919,0.0,0.0,0.0,0.0,105218.38
1746684,IT,JP,FABRI,LEATH,0.02,5260.381,3,3,5260.381,0.0,0.0,0.0,0.0,263019.05
1646541,IT,BE,OFFIC,GASDI,0.02,5259.902,3,3,5259.902,0.0,0.0,0.0,0.0,262995.1
1767231,IT,RU,HOTEL,FORES,0.04,5259.593,3,3,5259.593,0.0,0.0,0.0,0.0,131489.825
1782617,IT,NO,FURNI,INSUR,0.02,5259.586,3,3,5259.586,0.0,0.0,0.0,0.0,262979.3
1775163,IT,CH,RESEA,WEARI,0.03,5259.472,3,3,5259.472,0.0,0.0,0.0,0.0,175315.733333
1739247,IT,GB,RETA1,RECRE,0.05,5259.453,3,3,5259.453,0.0,0.0,0.0,0.0,105189.06
1720705,IT,PL,MOTO1,WOOD2,0.03,5259.404,3,3,5259.404,0.0,0.0,0.0,0.0,175313.466667
1678692,IT,GR,VEGE1,STEAM,0.02,5259.232,3,3,5259.232,0.0,0.0,0.0,0.0,262961.6
1732438,IT,SI,CHEM1,MEATP,0.01,5259.168,3,3,5259.168,0.0,0.0,0.0,0.0,525916.8
1802585,IT,WE,FINAN,COMPU,0.07,5259.029,3,3,5259.029,0.0,0.0,0.0,0.0,75128.985714
1762485,IT,IN,FINAN,EDUCA,0.07,5258.926,3,3,5258.926,0.0,0.0,0.0,0.0,75127.514286
1690305,IT,IE,SEWAG,HEALT,0.05,5258.663,3,3,5258.663,0.0,0.0,0.0,0.0,105173.26
1808314,IT,WF,PAPE3,INSUR,0.02,5258.443,3,3,5258.443,0.0,0.0,0.0,0.0,262922.15
1663930,IT,EE,WOODW,RUBBE,0.01,5258.195,3,3,5258.195,0.0,0.0,0.0,0.0,525819.5
1735608,IT,SK,COPP1,NONSP,0.01,5257.718,3,3,5257.718,0.0,0.0,0.0,0.0,525771.8
1736243,IT,SK,RETA1,AUXIL,0.05,5257.675,3,3,5257.675,0.0,0.0,0.0,0.0,105153.5
1803258,IT,WF,WOOLS,IRONO,0.02,5257.412,3,3,5257.412,0.0,0.0,0.0,0.0,262870.6
1711525,IT,LU,POSTT,SALEM,0.09,5257.386,3,3,5257.386,0.0,0.0,0.0,0.0,58415.4
1685985,IT,HU,BIODI,SANDC,0.01,5257.316,3,3,5257.316,0.0,0.0,0.0,0.0,525731.6
1734477,IT,SK,SANDC,SUPPO,0.01,5257.105,4,4,5256.105,0.0,0.0,1.0,0.0,525710.5
1667766,IT,ES,OFFIC,TOBAC,0.02,5257.064,3,3,5257.064,0.0,0.0,0.0,0.0,262853.2
1787386,IT,WA,FORES,RUBBE,0.05,5256.756,4,4,5254.756,0.0,2.0,0.0,0.0,105135.12
1681270,IT,GR,FINAN,RAILW,0.07,5256.727,3,3,5256.727,0.0,0.0,0.0,0.0,75096.1
1746052,IT,JP,PAPER,PAPE1,0.02,5256.662,3,3,5256.662,0.0,0.0,0.0,0.0,262833.1
1670465,IT,FI,BEVER,SANDC,0.02,5256.599,3,3,5256.599,0.0,0.0,0.0,0.0,262829.95
1675653,IT,FR,TRANS,DAIRY,0.03,5256.575,3,3,5256.575,0.0,0.0,0.0,0.0,175219.166667
1670639,IT,FI,LEATH,ELEC7,0.04,5256.539,3,3,5256.539,0.0,0.0,0.0,0.0,131413.475
1684783,IT,HU,MEATA,MEAT4,0.03,5256.522,3,3,5256.522,0.0,0.0,0.0,0.0,175217.4
1722007,IT,PL,COMPU,POSTT,0.06,5256.488,3,3,5256.488,0.0,0.0,0.0,0.0,87608.133333
1685592,IT,HU,PRINT,FABRI,0.05,5256.34,3,3,5256.34,0.0,0.0,0.0,0.0,105126.8
1775530,IT,CH,WASTE,BUSIN,0.02,5256.222,3,3,5256.222,0.0,0.0,0.0,0.0,262811.1
1660703,IT,DE,RENTI,GLASS,0.03,5255.979,3,3,5255.979,0.0,0.0,0.0,0.0,175199.3
1784406,IT,ID,NONME,SUGA1,0.01,5255.957,3,3,5255.957,0.0,0.0,0.0,0.0,525595.7
1792955,IT,WA,PLAS1,MEATA,0.02,5255.843,3,3,5255.843,0.0,0.0,0.0,0.0,262792.15
1649632,IT,BG,GLASS,SALEM,0.01,5255.263,3,3,5255.263,0.0,0.0,0.0,0.0,525526.3
1793158,IT,WA,93197,FOOD5,0.04,5255.004,3,3,5255.004,0.0,0.0,0.0,0.0,131375.1
1718207,IT,PL,DAIRY,RECRE,0.02,5254.739,3,3,5254.739,0.0,0.0,0.0,0.0,262736.95
1736263,IT,SK,HOTEL,FISH5,0.04,5254.436,3,3,5254.436,0.0,0.0,0.0,0.0,131360.9
1797501,IT,WL,BUSIN,TEXTI,0.05,5254.127,3,3,5254.127,0.0,0.0,0.0,0.0,105082.54
1773319,IT,CH,MACHI,LIQUE,0.03,5254.017,3,3,5254.017,0.0,0.0,0.0,0.0,175133.9
1643940,IT,AT,COMPU,HEAVY,0.06,5253.95,3,3,5253.95,0.0,0.0,0.0,0.0,87565.833333
1718569,IT,PL,WEARI,REALE,0.04,5253.923,3,3,5253.923,0.0,0.0,0.0,0.0,131348.075
1752753,IT,CA,WOODW,CHEMI,0.01,5253.894,3,3,5253.894,0.0,0.0,0.0,0.0,525389.4
1807794,IT,WF,FOODW,LEADZ,0.04,5253.817,3,3,5253.817,0.0,0.0,0.0,0.0,131345.425
1663991,IT,EE,PAPER,RESEA,0.02,5253.797,3,3,5253.797,0.0,0.0,0.0,0.0,262689.85
1711865,IT,LU,PLAS1,WASTE,0.02,5253.763,3,3,5253.763,0.0,0.0,0.0,0.0,262688.15
1751053,IT,CN,WHOLE,FINAN,0.05,5253.027,3,3,5253.027,0.0,0.0,0.0,0.0,105060.54
1797319,IT,WL,AUXIL,COMPU,0.1,5252.806,3,3,5252.806,0.0,0.0,0.0,0.0,52528.06
1662223,IT,DK,GLASS,ALUM1,0.01,5252.634,3,3,5252.634,0.0,0.0,0.0,0.0,525263.4
1796749,IT,WL,LANDT,CHARC,0.03,5252.584,3,3,5252.584,0.0,0.0,0.0,0.0,175086.133333
1661729,IT,DK,LEATH,MEATA,0.04,5252.529,3,3,5252.529,0.0,0.0,0.0,0.0,131313.225
1790044,IT,WA,NONME,EDUCA,0.01,5252.404,3,3,5252.404,0.0,0.0,0.0,0.0,525240.4
1712381,IT,LV,GLASS,SECO9,0.01,5252.298,3,3,5252.298,0.0,0.0,0.0,0.0,525229.8
1801074,IT,WE,COPP1,CERAM,0.01,5251.976,3,3,5251.976,0.0,0.0,0.0,0.0,525197.6
1803925,IT,WF,WEARI,DISTR,0.04,5251.914,3,3,5251.914,0.0,0.0,0.0,0.0,131297.85
1720143,IT,PL,COPP1,DAIRY,0.01,5251.887,3,3,5251.887,0.0,0.0,0.0,0.0,525188.7
1655576,IT,DE,SANDC,PULP5,0.01,5251.821,4,4,5250.821,0.0,0.0,1.0,0.0,525182.1
1678222,IT,FR,OILHA,POSTT,0.03,5251.542,3,3,5251.542,0.0,0.0,0.0,0.0,175051.4
1781989,IT,NO,RUBBE,GASDI,0.02,5251.493,3,3,5251.493,0.0,0.0,0.0,0.0,262574.65
1655686,IT,DE,CHEMI,TRANS,0.01,5251.176,3,3,5251.176,0.0,0.0,0.0,0.0,525117.6
1732408,IT,SI,PLAST,ELEC1,0.01,5250.638,3,3,5250.638,0.0,0.0,0.0,0.0,525063.8
1678287,IT,FR,FOOD2,PAPE4,0.03,5250.239,3,3,5250.239,0.0,0.0,0.0,0.0,175007.966667
1728117,IT,SE,VEGE1,SALEM,0.02,5250.231,3,3,5250.231,0.0,0.0,0.0,0.0,262511.55
1763083,IT,MX,TEXTI,RENTI,0.03,5250.219,3,3,5250.219,0.0,0.0,0.0,0.0,175007.3
1740017,IT,GB,REALE,HEALT,0.22,5249.98,3,3,5249.98,0.0,0.0,0.0,0.0,23863.545455
1745156,IT,US,93197,FURNI,0.04,5249.735,3,3,5249.735,0.0,0.0,0.0,0.0,131243.375
1685274,IT,HU,TEXTI,AIRTR,0.03,5249.565,3,3,5249.565,0.0,0.0,0.0,0.0,174985.5
1662510,IT,DK,COPP1,LEAD1,0.01,5249.537,3,3,5249.537,0.0,0.0,0.0,0.0,524953.7
1791864,IT,WA,LANDT,AIRTR,0.03,5249.429,3,3,5249.429,0.0,0.0,0.0,0.0,174980.966667
1793709,IT,WL,FOOD5,CONST,0.03,5248.764,3,3,5248.764,0.0,0.0,0.0,0.0,174958.8
1810434,IT,WM,PULP5,RUBBE,0.02,5248.659,3,3,5248.659,0.0,0.0,0.0,0.0,262432.95
1722240,IT,PL,HEALT,PREC1,0.03,5248.623,3,3,5248.623,0.0,0.0,0.0,0.0,174954.1
1714889,IT,NL,BEVER,PAPER,0.02,5247.984,3,3,5247.984,0.0,0.0,0.0,0.0,262399.2
1814513,IT,WM,RESEA,COLLE,0.03,5247.799,3,3,5247.799,0.0,0.0,0.0,0.0,174926.633333
1675600,IT,FR,MOTO1,ELEC5,0.03,5247.432,3,3,5247.432,0.0,0.0,0.0,0.0,174914.4
1783457,IT,NO,TEXT1,FOODW,0.04,5247.4,3,3,5247.4,0.0,0.0,0.0,0.0,131185.0
1745536,IT,JP,BEVER,FISH5,0.02,5247.331,3,3,5247.331,0.0,0.0,0.0,0.0,262366.55
1760469,IT,IN,TEXTI,PAPER,0.03,5247.185,3,3,5247.185,0.0,0.0,0.0,0.0,174906.166667
1733943,IT,SI,SUPPO,NONME,0.04,5246.636,3,3,5246.636,0.0,0.0,0.0,0.0,131165.9
1670930,IT,FI,CHEM1,BITU1,0.01,5246.479,3,3,5246.479,0.0,0.0,0.0,0.0,524647.9
1756267,IT,KR,OFFIC,RADIO,0.02,5246.355,3,3,5246.355,0.0,0.0,0.0,0.0,262317.75
1745139,IT,US,RECRE,COMPU,0.07,5246.118,3,3,5246.118,0.0,0.0,0.0,0.0,74944.542857
1653033,IT,CZ,PLAST,NONF1,0.01,5246.038,3,3,5246.038,0.0,0.0,0.0,0.0,524603.8
1660698,IT,DE,RENTI,GASDI,0.03,5245.484,3,3,5245.484,0.0,0.0,0.0,0.0,174849.466667
1738986,IT,GB,SALEM,PFERT,0.04,5245.4,3,3,5245.4,0.0,0.0,0.0,0.0,131135.0
1690540,IT,IE,WOOD2,HEALT,0.03,5245.377,3,3,5245.377,0.0,0.0,0.0,0.0,174845.9
1731558,IT,SI,TEXTI,CEMEN,0.03,5245.158,3,3,5245.158,0.0,0.0,0.0,0.0,174838.6
1805655,IT,WF,NONME,RAILW,0.01,5245.126,3,3,5245.126,0.0,0.0,0.0,0.0,524512.6
1651138,IT,BG,RESEA,STEAM,0.03,5245.086,3,3,5245.086,0.0,0.0,0.0,0.0,174836.2
1767021,IT,RU,TRANS,ELEC2,0.03,5244.669,3,3,5244.669,0.0,0.0,0.0,0.0,174822.3
1756381,IT,KR,FURNI,ALUM1,0.02,5244.579,3,3,5244.579,0.0,0.0,0.0,0.0,262228.95
1724223,IT,PT,RAILW,GASDI,0.04,5244.369,3,3,5244.369,0.0,0.0,0.0,0.0,131109.225
1760292,IT,IN,FORES,PAPER,0.05,5244.071,4,4,5242.071,0.0,2.0,0.0,0.0,104881.42
1648026,IT,BE,COMPU,CEMEN,0.06,5243.784,3,3,5243.784,0.0,0.0,0.0,0.0,87396.4
1669554,IT,ES,REALE,OFFIC,0.22,5243.379,3,3,5243.379,0.0,0.0,0.0,0.0,23833.540909
1681752,IT,HR,STONE,PUBLI,0.02,5243.291,3,3,5243.291,0.0,0.0,0.0,0.0,262164.55
1682195,IT,HR,WEARI,RUBBE,0.04,5242.731,3,3,5242.731,0.0,0.0,0.0,0.0,131068.275
1647698,IT,BE,INSUR,FOOD5,0.11,5242.724,3,3,5242.724,0.0,0.0,0.0,0.0,47661.127273
1764563,IT,MX,WHOLE,TOBAC,0.05,5242.543,3,3,5242.543,0.0,0.0,0.0,0.0,104850.86
1740642,IT,US,CRUDE,BASIC,0.01,5242.287,3,3,5242.287,0.0,0.0,0.0,0.0,524228.7
1737434,IT,GB,WEARI,RESEA,0.04,5242.181,3,3,5242.181,0.0,0.0,0.0,0.0,131054.525
1814337,IT,WM,FINAN,FURNI,0.07,5241.782,3,3,5241.782,0.0,0.0,0.0,0.0,74882.6
1738567,IT,GB,FABRI,NFERT,0.02,5241.764,3,3,5241.764,0.0,0.0,0.0,0.0,262088.2
1710060,IT,LT,FABRI,WEARI,0.02,5241.756,3,3,5241.756,0.0,0.0,0.0,0.0,262087.8
1754598,IT,KR,CROPS,PUBLI,0.04,5241.459,3,3,5241.459,0.0,0.0,0.0,0.0,131036.475
1675670,IT,FR,TRANS,ELEC3,0.03,5241.318,3,3,5241.318,0.0,0.0,0.0,0.0,174710.6
1745131,IT,US,RECRE,WHOLE,0.07,5241.146,3,3,5241.146,0.0,0.0,0.0,0.0,74873.514286
1665844,IT,ES,PRINT,NONME,0.05,5240.908,3,3,5240.908,0.0,0.0,0.0,0.0,104818.16
1751782,IT,CN,AUXIL,FABRI,0.1,5240.851,3,3,5240.851,0.0,0.0,0.0,0.0,52408.51
1668260,IT,ES,WHOLE,MEATC,0.05,5240.529,3,3,5240.529,0.0,0.0,0.0,0.0,104810.58
1746331,IT,JP,ADDIT,NONSP,0.01,5240.441,3,3,5240.441,0.0,0.0,0.0,0.0,524044.1
1656109,IT,DE,FISH5,CATTL,0.02,5240.062,4,4,5240.059,0.0,0.0,0.0,0.003,262003.1
1690269,IT,IE,OILHA,STONE,0.03,5240.04,3,3,5240.04,0.0,0.0,0.0,0.0,174668.0
1764265,IT,MX,MACHI,ELEC8,0.03,5239.936,3,3,5239.936,0.0,0.0,0.0,0.0,174664.533333
1687810,IT,HU,POSTT,HOTEL,0.09,5239.704,3,3,5239.704,0.0,0.0,0.0,0.0,58218.933333
1758484,IT,BR,MACHI,PRINT,0.03,5239.621,3,3,5239.621,0.0,0.0,0.0,0.0,174654.033333
1759611,IT,BR,COMPU,FOOD4,0.06,5239.516,3,3,5239.516,0.0,0.0,0.0,0.0,87325.266667
1723256,IT,PT,GLASS,LEATH,0.01,5239.504,3,3,5239.504,0.0,0.0,0.0,0.0,523950.4
1715779,IT,NL,BIODI,COMPU,0.01,5239.205,3,3,5239.205,0.0,0.0,0.0,0.0,523920.5
1717203,IT,NL,SUPPO,FABRI,0.04,5239.052,3,3,5239.052,0.0,0.0,0.0,0.0,130976.3
1670627,IT,FI,WEARI,93197,0.04,5238.504,3,3,5238.504,0.0,0.0,0.0,0.0,130962.6
1736337,IT,SK,RAILW,ALUM1,0.04,5238.182,3,3,5238.182,0.0,0.0,0.0,0.0,130954.55
1661748,IT,DK,LEATH,PRINT,0.04,5238.067,3,3,5238.067,0.0,0.0,0.0,0.0,130951.675
1797701,IT,WL,PLAS1,OFFIC,0.02,5238.025,3,3,5238.025,0.0,0.0,0.0,0.0,261901.25
1651577,IT,CY,GLASS,VEGE1,0.01,5237.943,3,3,5237.943,0.0,0.0,0.0,0.0,523794.3
1688580,IT,IE,PRINT,ELEC7,0.05,5237.912,3,3,5237.912,0.0,0.0,0.0,0.0,104758.24
1768207,IT,RU,PUBLI,MEMBE,0.09,5237.565,3,3,5237.565,0.0,0.0,0.0,0.0,58195.166667
1661138,IT,DE,RECRE,DISTR,0.07,5237.273,3,3,5237.273,0.0,0.0,0.0,0.0,74818.185714
1682327,IT,HR,WOODW,FISH5,0.01,5237.201,3,3,5237.201,0.0,0.0,0.0,0.0,523720.1
1721772,IT,PL,INSUR,PUBLI,0.11,5237.036,3,3,5237.036,0.0,0.0,0.0,0.0,47609.418182
1768249,IT,RU,PAPE4,BASIC,0.03,5236.996,3,3,5236.996,0.0,0.0,0.0,0.0,174566.533333
1761864,IT,IN,MOTO1,FOOD3,0.03,5236.968,3,3,5236.968,0.0,0.0,0.0,0.0,174565.6
1813793,IT,WM,RAILW,NATUR,0.04,5236.623,3,3,5236.623,0.0,0.0,0.0,0.0,130915.575
1678884,IT,GR,TOBAC,TRANS,0.02,5236.47,3,3,5236.47,0.0,0.0,0.0,0.0,261823.5
1774056,IT,CH,WHOLE,CEREA,0.05,5236.385,3,3,5236.385,0.0,0.0,0.0,0.0,104727.7
1761624,IT,IN,FABRI,VEGE1,0.02,5236.376,3,3,5236.376,0.0,0.0,0.0,0.0,261818.8
1652668,IT,CZ,WOODW,FOOD3,0.01,5236.262,3,3,5236.262,0.0,0.0,0.0,0.0,523626.2
1799522,IT,WE,PRINT,CROPS,0.05,5236.187,3,3,5236.187,0.0,0.0,0.0,0.0,104723.74
1799456,IT,WE,PAPER,NONSP,0.02,5236.045,3,3,5236.045,0.0,0.0,0.0,0.0,261802.25
1763355,IT,MX,PRINT,MOTOR,0.05,5236.045,3,3,5236.045,0.0,0.0,0.0,0.0,104720.9
1642889,IT,AT,MOTO1,EDUCA,0.03,5235.642,3,3,5235.642,0.0,0.0,0.0,0.0,174521.4
1794184,IT,WL,PRINT,CHARC,0.05,5235.642,3,3,5235.642,0.0,0.0,0.0,0.0,104712.84
1678254,IT,FR,SEWAG,INTER,0.05,5235.498,3,3,5235.498,0.0,0.0,0.0,0.0,104709.96
1810443,IT,WM,PULP5,FOUND,0.02,5235.128,3,3,5235.128,0.0,0.0,0.0,0.0,261756.4
1789801,IT,WA,GLASS,WASTE,0.01,5235.029,3,3,5235.029,0.0,0.0,0.0,0.0,523502.9
1799420,IT,WE,PAPER,PEAT2,0.02,5234.965,3,3,5234.965,0.0,0.0,0.0,0.0,261748.25
1712980,IT,MT,STONE,GLASS,0.02,5234.924,3,3,5234.924,0.0,0.0,0.0,0.0,261746.2
1673210,IT,FR,BEVER,WASTE,0.02,5234.591,3,3,5234.591,0.0,0.0,0.0,0.0,261729.55
1763504,IT,MX,CHEM1,OILSE,0.01,5234.5,3,3,5234.5,0.0,0.0,0.0,0.0,523450.0
1644179,IT,BE,PADDY,PROCE,0.05,5234.488,3,3,5234.488,0.0,0.0,0.0,0.0,104689.76
1754375,IT,CA,INSUR,93197,0.11,5234.353,3,3,5234.353,0.0,0.0,0.0,0.0,47585.027273
1687929,IT,HU,RENTI,CEREA,0.03,5234.071,3,3,5234.071,0.0,0.0,0.0,0.0,174469.033333
1673394,IT,FR,WEARI,MEATP,0.04,5233.793,3,3,5233.793,0.0,0.0,0.0,0.0,130844.825
1753837,IT,CA,WHOLE,SALEM,0.05,5233.774,3,3,5233.774,0.0,0.0,0.0,0.0,104675.48
1737149,IT,GB,VEGE1,PAPER,0.02,5233.734,3,3,5233.734,0.0,0.0,0.0,0.0,261686.7
1807816,IT,WF,FOODW,SUPPO,0.04,5233.697,3,3,5233.697,0.0,0.0,0.0,0.0,130842.425
1793537,IT,WL,MEAT1,RESEA,0.02,5233.569,3,3,5233.569,0.0,0.0,0.0,0.0,261678.45
1710512,IT,LT,SUPPO,MEATC,0.04,5233.256,3,3,5233.256,0.0,0.0,0.0,0.0,130831.4
1714395,IT,NL,VEGET,PIGS9,0.02,5233.218,3,3,5233.218,0.0,0.0,0.0,0.0,261660.9
1734006,IT,SI,POSTT,RETA1,0.09,5233.216,3,3,5233.216,0.0,0.0,0.0,0.0,58146.844444
1645000,IT,BE,WOODW,SEWAG,0.01,5232.742,3,3,5232.742,0.0,0.0,0.0,0.0,523274.2
1730984,IT,SE,OILHA,COPP1,0.03,5232.44,3,3,5232.44,0.0,0.0,0.0,0.0,174414.666667
1712286,IT,LV,CHEM1,PLAST,0.01,5232.427,3,3,5232.427,0.0,0.0,0.0,0.0,523242.7
1747004,IT,JP,TRANS,PLAST,0.03,5231.917,3,3,5231.917,0.0,0.0,0.0,0.0,174397.233333
1727374,IT,RO,POSTT,93197,0.09,5231.687,3,3,5231.687,0.0,0.0,0.0,0.0,58129.855556
1649614,IT,BG,GLASS,BIODI,0.01,5231.662,3,3,5231.662,0.0,0.0,0.0,0.0,523166.2
1761246,IT,IN,RUBBE,PULP5,0.02,5231.639,3,3,5231.639,0.0,0.0,0.0,0.0,261581.95
1797693,IT,WL,PLAS1,PLAST,0.02,5231.515,3,3,5231.515,0.0,0.0,0.0,0.0,261575.75
1641007,IT,AT,WOODW,93197,0.01,5231.449,3,3,5231.449,0.0,0.0,0.0,0.0,523144.9
1668316,IT,ES,WHOLE,DIST1,0.05,5231.254,3,3,5231.254,0.0,0.0,0.0,0.0,104625.08
1668784,IT,ES,LANDT,AUXIL,0.03,5231.249,3,3,5231.249,0.0,0.0,0.0,0.0,174374.966667
1804074,IT,WF,PULP5,CRUDE,0.02,5231.071,3,3,5231.071,0.0,0.0,0.0,0.0,261553.55
1748304,IT,JP,RECRE,BUSIN,0.07,5231.044,3,3,5231.044,0.0,0.0,0.0,0.0,74729.2
1684606,IT,HR,FOOD3,HOTEL,0.01,5230.81,3,3,5230.81,0.0,0.0,0.0,0.0,523081.0
1758473,IT,BR,MACHI,MEATP,0.03,5230.252,3,3,5230.252,0.0,0.0,0.0,0.0,174341.733333
1761865,IT,IN,MOTO1,WASTE,0.03,5230.229,3,3,5230.229,0.0,0.0,0.0,0.0,174340.966667
1690239,IT,IE,BUSIN,MEMBE,0.05,5230.145,3,3,5230.145,0.0,0.0,0.0,0.0,104602.9
1748421,IT,CN,FORES,RUBBE,0.05,5230.09,4,4,5228.09,0.0,2.0,0.0,0.0,104601.8
1666897,IT,ES,GLASS,ELEC4,0.01,5229.686,3,3,5229.686,0.0,0.0,0.0,0.0,522968.6
1718669,IT,PL,WOODW,MOTOR,0.01,5229.482,3,3,5229.482,0.0,0.0,0.0,0.0,522948.2
1783481,IT,NO,WOOD1,RETA1,0.04,5228.63,3,3,5228.63,0.0,0.0,0.0,0.0,130715.75
1806990,IT,WF,LANDT,BASIC,0.03,5228.544,3,3,5228.544,0.0,0.0,0.0,0.0,174284.8
1786588,IT,ZA,CONST,WOODW,0.03,5228.459,3,3,5228.459,0.0,0.0,0.0,0.0,174281.966667
1671876,IT,FI,HOTEL,OFFIC,0.04,5228.422,3,3,5228.422,0.0,0.0,0.0,0.0,130710.55
1781461,IT,NO,BEVER,GLASS,0.02,5228.186,3,3,5228.186,0.0,0.0,0.0,0.0,261409.3
1766201,IT,RU,GLASS,FISH5,0.01,5227.981,3,3,5227.981,0.0,0.0,0.0,0.0,522798.1
1688399,IT,IE,FOOD5,HEALT,0.03,5227.926,3,3,5227.926,0.0,0.0,0.0,0.0,174264.2
1814703,IT,WM,INTER,ELEC2,0.03,5227.279,3,3,5227.279,0.0,0.0,0.0,0.0,174242.633333
1755468,IT,KR,PLAST,LIQUI,0.01,5227.201,3,3,5227.201,0.0,0.0,0.0,0.0,522720.1
1678175,IT,FR,INTER,SALEM,0.03,5226.839,3,3,5226.839,0.0,0.0,0.0,0.0,174227.966667
1782742,IT,NO,RETA1,SEACO,0.05,5226.738,3,3,5226.738,0.0,0.0,0.0,0.0,104534.76
1678025,IT,FR,EDUCA,BASIC,0.13,5226.717,3,3,5226.717,0.0,0.0,0.0,0.0,40205.515385
1756602,IT,KR,RAILW,NFERT,0.03,5226.653,3,3,5226.653,0.0,0.0,0.0,0.0,174221.766667
1656370,IT,DE,WOODW,BIOGA,0.01,5226.514,3,3,5226.514,0.0,0.0,0.0,0.0,522651.4
1775456,IT,CH,PAPE1,BUSIN,0.04,5226.421,3,3,5226.421,0.0,0.0,0.0,0.0,130660.525
1775337,IT,CH,BUSIN,PLAS1,0.05,5226.232,3,3,5226.232,0.0,0.0,0.0,0.0,104524.64
1726640,IT,RO,MOTO1,HOTEL,0.03,5225.9,3,3,5225.9,0.0,0.0,0.0,0.0,174196.666667
1673219,IT,FR,FISH5,PIGS9,0.02,5225.729,4,4,5225.726,0.0,0.0,0.0,0.003,261286.45
1786734,IT,ZA,RETA1,DISTR,0.05,5225.49,3,3,5225.49,0.0,0.0,0.0,0.0,104509.8
1758691,IT,BR,SALEM,CONST,0.04,5225.334,3,3,5225.334,0.0,0.0,0.0,0.0,130633.35
1757162,IT,BR,SANDC,93197,0.01,5225.26,4,4,5224.26,0.0,0.0,1.0,0.0,522526.0
1652618,IT,CZ,WOODW,LEATH,0.01,5225.159,3,3,5225.159,0.0,0.0,0.0,0.0,522515.9
1678107,IT,FR,PAPE1,BASIC,0.04,5224.88,3,3,5224.88,0.0,0.0,0.0,0.0,130622.0
1798704,IT,WE,DAIRY,HEAVY,0.02,5224.705,3,3,5224.705,0.0,0.0,0.0,0.0,261235.25
1689489,IT,IE,HOTEL,INERT,0.04,5224.415,3,3,5224.415,0.0,0.0,0.0,0.0,130610.375
1656123,IT,DE,FISH5,TEXTI,0.02,5224.388,4,4,5224.385,0.0,0.0,0.0,0.003,261219.4
1718957,IT,PL,PRINT,POSTT,0.05,5224.325,3,3,5224.325,0.0,0.0,0.0,0.0,104486.5
1723523,IT,PT,COPP1,ELEC2,0.01,5224.288,3,3,5224.288,0.0,0.0,0.0,0.0,522428.8
1643957,IT,AT,COMPU,FOUND,0.06,5224.22,3,3,5224.22,0.0,0.0,0.0,0.0,87070.333333
1669371,IT,ES,INSUR,WHEAT,0.11,5224.199,3,3,5224.199,0.0,0.0,0.0,0.0,47492.718182
1797914,IT,WL,WASTE,HEALT,0.02,5224.156,3,3,5224.156,0.0,0.0,0.0,0.0,261207.8
1739275,IT,GB,HOTEL,MOTOR,0.04,5224.15,3,3,5224.15,0.0,0.0,0.0,0.0,130603.75
1660219,IT,DE,POSTT,SANDC,0.09,5224.089,3,3,5224.089,0.0,0.0,0.0,0.0,58045.433333
1724127,IT,PT,RETA1,NONME,0.05,5223.645,3,3,5223.645,0.0,0.0,0.0,0.0,104472.9
1678733,IT,GR,PROCE,BEVER,0.04,5223.521,3,3,5223.521,0.0,0.0,0.0,0.0,130588.025
1758073,IT,BR,GLASS,CRUDE,0.01,5223.436,3,3,5223.436,0.0,0.0,0.0,0.0,522343.6
1773662,IT,CH,FURNI,PULP5,0.02,5222.975,3,3,5222.975,0.0,0.0,0.0,0.0,261148.75
1757274,IT,BR,DAIRY,PUBLI,0.02,5222.723,3,3,5222.723,0.0,0.0,0.0,0.0,261136.15
1684413,IT,HR,FINAN,CHEM1,0.07,5222.584,3,3,5222.584,0.0,0.0,0.0,0.0,74608.342857
1713757,IT,MT,OFFIC,LANDT,0.02,5222.523,3,3,5222.523,0.0,0.0,0.0,0.0,261126.15
1748202,IT,JP,PAPE1,COPP1,0.04,5222.509,3,3,5222.509,0.0,0.0,0.0,0.0,130562.725
1754804,IT,KR,FOOD5,FABRI,0.03,5222.327,3,3,5222.327,0.0,0.0,0.0,0.0,174077.566667
1791850,IT,WA,LANDT,TRAN1,0.03,5222.271,3,3,5222.271,0.0,0.0,0.0,0.0,174075.7
1687588,IT,HU,LANDT,WASTE,0.03,5222.106,3,3,5222.106,0.0,0.0,0.0,0.0,174070.2
1750569,IT,CN,OFFIC,MEAT1,0.02,5221.894,3,3,5221.894,0.0,0.0,0.0,0.0,261094.7
1709616,IT,LT,PAPER,FINAN,0.02,5221.466,3,3,5221.466,0.0,0.0,0.0,0.0,261073.3
1765284,IT,RU,VEGE1,RETA1,0.02,5220.914,3,3,5220.914,0.0,0.0,0.0,0.0,261045.7
1724039,IT,PT,WHOLE,MEATP,0.05,5220.831,3,3,5220.831,0.0,0.0,0.0,0.0,104416.62
1718422,IT,PL,BEVER,FOOD4,0.02,5220.481,3,3,5220.481,0.0,0.0,0.0,0.0,261024.05
1739429,IT,GB,LANDT,CHEMI,0.03,5220.386,3,3,5220.386,0.0,0.0,0.0,0.0,174012.866667
1725163,IT,RO,VEGE1,MEAT4,0.02,5220.329,3,3,5220.329,0.0,0.0,0.0,0.0,261016.45
1718073,IT,PL,MEAT1,FISH5,0.02,5219.999,3,3,5219.999,0.0,0.0,0.0,0.0,260999.95
1782356,IT,NO,FABRI,GASDI,0.02,5219.988,3,3,5219.988,0.0,0.0,0.0,0.0,260999.4
1661482,IT,DK,FOOD5,FORES,0.03,5219.953,3,3,5219.953,0.0,0.0,0.0,0.0,173998.433333
1758096,IT,BR,GLASS,ELECT,0.01,5219.743,3,3,5219.743,0.0,0.0,0.0,0.0,521974.3
1744431,IT,US,AUXIL,CERAM,0.1,5219.555,3,3,5219.555,0.0,0.0,0.0,0.0,52195.55
1761252,IT,IN,RUBBE,KERO1,0.02,5219.251,3,3,5219.251,0.0,0.0,0.0,0.0,260962.55
1778613,IT,TR,HOTEL,MEAT4,0.04,5219.212,3,3,5219.212,0.0,0.0,0.0,0.0,130480.3
1660912,IT,DE,BUSIN,NATUR,0.05,5218.773,3,3,5218.773,0.0,0.0,0.0,0.0,104375.46
1687135,IT,HU,TRANS,RECRE,0.03,5218.694,3,3,5218.694,0.0,0.0,0.0,0.0,173956.466667
1734515,IT,SK,VEGE1,BUSIN,0.02,5218.683,3,3,5218.683,0.0,0.0,0.0,0.0,260934.15
1670270,IT,FI,VEGET,RESEA,0.02,5218.597,3,3,5218.597,0.0,0.0,0.0,0.0,260929.85
1792651,IT,WA,RESEA,GASDI,0.03,5218.503,3,3,5218.503,0.0,0.0,0.0,0.0,173950.1
1767069,IT,RU,FURNI,HEAVY,0.02,5218.079,3,3,5218.079,0.0,0.0,0.0,0.0,260903.95
1672316,IT,FI,COMPU,RESEA,0.06,5218.005,3,3,5218.005,0.0,0.0,0.0,0.0,86966.75
1768143,IT,RU,PUBLI,PULP5,0.09,5217.948,3,3,5217.948,0.0,0.0,0.0,0.0,57977.2
1660151,IT,DE,SUPPO,PRINT,0.04,5217.904,3,3,5217.904,0.0,0.0,0.0,0.0,130447.6
1672088,IT,FI,SUPPO,REALE,0.04,5217.494,3,3,5217.494,0.0,0.0,0.0,0.0,130437.35
1663688,IT,DK,RECRE,POSTT,0.07,5217.457,3,3,5217.457,0.0,0.0,0.0,0.0,74535.1
1793770,IT,WL,FISH5,BEVER,0.02,5217.36,4,4,5217.357,0.0,0.0,0.0,0.003,260868.0
1648195,IT,BE,BUSIN,CERAM,0.05,5217.338,3,3,5217.338,0.0,0.0,0.0,0.0,104346.76
1810371,IT,WM,WOODW,TRAN2,0.01,5217.099,3,3,5217.099,0.0,0.0,0.0,0.0,521709.9
1763872,IT,MX,NONME,ELEC1,0.01,5217.065,3,3,5217.065,0.0,0.0,0.0,0.0,521706.5
1659687,IT,DE,RAILW,PAPER,0.03,5216.865,3,3,5216.865,0.0,0.0,0.0,0.0,173895.5
1712146,IT,LV,WEARI,COMPU,0.04,5216.802,3,3,5216.802,0.0,0.0,0.0,0.0,130420.05
1664804,IT,ES,VEGET,OFFIC,0.02,5216.346,3,3,5216.346,0.0,0.0,0.0,0.0,260817.3
1799455,IT,WE,PAPER,BITU1,0.02,5216.24,3,3,5216.24,0.0,0.0,0.0,0.0,260812.0
1662528,IT,DK,COPP1,EDUCA,0.01,5216.213,3,3,5216.213,0.0,0.0,0.0,0.0,521621.3
1727037,IT,RO,RAILW,KEROS,0.03,5215.757,3,3,5215.757,0.0,0.0,0.0,0.0,173858.566667
1781685,IT,NO,LEATH,OILHA,0.04,5215.733,3,3,5215.733,0.0,0.0,0.0,0.0,130393.325
1771631,IT,CH,WEARI,VEGE1,0.04,5215.655,3,3,5215.655,0.0,0.0,0.0,0.0,130391.375
1747213,IT,JP,CONST,WOOD1,0.03,5215.471,3,3,5215.471,0.0,0.0,0.0,0.0,173849.033333
1720468,IT,PL,MACHI,COKE1,0.03,5214.873,3,3,5214.873,0.0,0.0,0.0,0.0,173829.1
1776376,IT,TR,PRINT,CHEM1,0.05,5214.722,3,3,5214.722,0.0,0.0,0.0,0.0,104294.44
1786512,IT,ZA,TRANS,PFERT,0.03,5214.601,3,3,5214.601,0.0,0.0,0.0,0.0,173820.033333
1745981,IT,JP,WOODW,RENTI,0.01,5214.358,3,3,5214.358,0.0,0.0,0.0,0.0,521435.8
1779927,IT,TW,CONST,NONSP,0.03,5214.119,3,3,5214.119,0.0,0.0,0.0,0.0,173803.966667
1676016,IT,FR,ELEC5,POSTT,0.06,5213.818,3,3,5213.818,0.0,0.0,0.0,0.0,86896.966667
1747302,IT,JP,WHOLE,COLLE,0.05,5213.055,3,3,5213.055,0.0,0.0,0.0,0.0,104261.1
1737687,IT,GB,PRINT,FINAN,0.05,5212.49,3,3,5212.49,0.0,0.0,0.0,0.0,104249.8
1797659,IT,WL,PAPE1,CONST,0.04,5212.28,3,3,5212.28,0.0,0.0,0.0,0.0,130307.0
1775064,IT,CH,RENTI,OFFIC,0.03,5211.676,3,3,5211.676,0.0,0.0,0.0,0.0,173722.533333
1786265,IT,ZA,FABRI,CHEMI,0.02,5211.322,3,3,5211.322,0.0,0.0,0.0,0.0,260566.1
1651821,IT,CY,HOTEL,LANDT,0.04,5211.187,3,3,5211.187,0.0,0.0,0.0,0.0,130279.675
1795350,IT,WL,NONME,SALEM,0.01,5211.035,3,3,5211.035,0.0,0.0,0.0,0.0,521103.5
1647639,IT,BE,FINAN,FOOD5,0.07,5210.969,3,3,5210.969,0.0,0.0,0.0,0.0,74442.414286
1642962,IT,AT,FURNI,TRAN2,0.02,5210.675,3,3,5210.675,0.0,0.0,0.0,0.0,260533.75
1714906,IT,NL,BEVER,COPP1,0.02,5210.538,3,3,5210.538,0.0,0.0,0.0,0.0,260526.9
1803604,IT,WF,FOOD5,IRONO,0.03,5210.476,3,3,5210.476,0.0,0.0,0.0,0.0,173682.533333
1743344,IT,US,SALEM,PLANT,0.04,5210.101,3,3,5210.101,0.0,0.0,0.0,0.0,130252.525
1643459,IT,AT,LANDT,ELEC5,0.03,5210.071,3,3,5210.071,0.0,0.0,0.0,0.0,173669.033333
1650706,IT,BG,HOTEL,FOOD5,0.04,5210.059,3,3,5210.059,0.0,0.0,0.0,0.0,130251.475
1727559,IT,RO,REALE,PLAST,0.22,5209.916,3,3,5209.916,0.0,0.0,0.0,0.0,23681.436364
1791012,IT,WA,MOTO1,INSUR,0.03,5209.738,3,3,5209.738,0.0,0.0,0.0,0.0,173657.933333
1647066,IT,BE,HOTEL,MEATP,0.04,5209.601,3,3,5209.601,0.0,0.0,0.0,0.0,130240.025
1764218,IT,MX,MACHI,KERO1,0.03,5209.532,3,3,5209.532,0.0,0.0,0.0,0.0,173651.066667
1757394,IT,BR,WOODW,OILSE,0.01,5209.474,3,3,5209.474,0.0,0.0,0.0,0.0,520947.4
1716241,IT,NL,COPP1,GASDI,0.01,5209.332,3,3,5209.332,0.0,0.0,0.0,0.0,520933.2
1737640,IT,GB,PAPER,AUXIL,0.02,5209.304,3,3,5209.304,0.0,0.0,0.0,0.0,260465.2
1677417,IT,FR,INSUR,DISTR,0.11,5208.886,3,3,5208.886,0.0,0.0,0.0,0.0,47353.509091
1783891,IT,NO,WOOD2,PLAS1,0.03,5208.883,3,3,5208.883,0.0,0.0,0.0,0.0,173629.433333
1774005,IT,CH,RETAI,MEATP,0.04,5208.645,3,3,5208.645,0.0,0.0,0.0,0.0,130216.125
1747021,IT,JP,TRANS,FURNI,0.03,5208.629,3,3,5208.629,0.0,0.0,0.0,0.0,173620.966667
1752568,IT,CA,BEVER,SUPPO,0.02,5208.46,3,3,5208.46,0.0,0.0,0.0,0.0,260423.0
1792177,IT,WA,SUPPO,DISTR,0.04,5208.124,3,3,5208.124,0.0,0.0,0.0,0.0,130203.1
1653865,IT,CZ,FABRI,ADDIT,0.02,5208.052,3,3,5208.052,0.0,0.0,0.0,0.0,260402.6
1748670,IT,CN,FOOD5,VEGET,0.03,5207.828,3,3,5207.828,0.0,0.0,0.0,0.0,173594.266667
1720679,IT,PL,MOTO1,SEACO,0.03,5207.817,3,3,5207.817,0.0,0.0,0.0,0.0,173593.9
1688035,IT,HU,COMPU,BEVER,0.06,5207.506,3,3,5207.506,0.0,0.0,0.0,0.0,86791.766667
1648740,IT,BG,FOOD5,RENTI,0.03,5207.424,3,3,5207.424,0.0,0.0,0.0,0.0,173580.8
1740191,IT,GB,BUSIN,SUGA1,0.05,5207.373,3,3,5207.373,0.0,0.0,0.0,0.0,104147.46
1710745,IT,LU,BEVER,RECRE,0.02,5207.098,3,3,5207.098,0.0,0.0,0.0,0.0,260354.9
1723866,IT,PT,TRANS,RENTI,0.03,5207.093,3,3,5207.093,0.0,0.0,0.0,0.0,173569.766667
1712384,IT,LV,GLASS,SALEM,0.01,5206.861,3,3,5206.861,0.0,0.0,0.0,0.0,520686.1
1768411,IT,AU,VEGE1,ELEC2,0.02,5206.727,3,3,5206.727,0.0,0.0,0.0,0.0,260336.35
1768011,IT,RU,BUSIN,POULT,0.05,5206.5,3,3,5206.5,0.0,0.0,0.0,0.0,104130.0
1771895,IT,CH,PULP5,RESEA,0.02,5206.342,3,3,5206.342,0.0,0.0,0.0,0.0,260317.1
1731332,IT,SI,DAIRY,MEAT4,0.02,5206.123,3,3,5206.123,0.0,0.0,0.0,0.0,260306.15
1712354,IT,LV,RUBBE,RESEA,0.02,5206.094,3,3,5206.094,0.0,0.0,0.0,0.0,260304.7
1782510,IT,NO,OFFIC,NATU1,0.02,5205.963,3,3,5205.963,0.0,0.0,0.0,0.0,260298.15
1662192,IT,DK,RUBBE,OILHA,0.02,5205.716,3,3,5205.716,0.0,0.0,0.0,0.0,260285.8
1715764,IT,NL,BIODI,FOOD5,0.01,5205.683,3,3,5205.683,0.0,0.0,0.0,0.0,520568.3
1746403,IT,JP,RUBBE,COKE1,0.02,5205.554,3,3,5205.554,0.0,0.0,0.0,0.0,260277.7
1733375,IT,SI,TRANS,PUBLI,0.03,5205.551,3,3,5205.551,0.0,0.0,0.0,0.0,173518.366667
1660163,IT,DE,SUPPO,BIODI,0.04,5205.509,3,3,5205.509,0.0,0.0,0.0,0.0,130137.725
1787746,IT,WA,VEGE1,COMPU,0.02,5205.432,3,3,5205.432,0.0,0.0,0.0,0.0,260271.6
1787356,IT,WA,ANIMA,ANIMA,0.02,5205.27,3,3,5205.27,0.0,0.0,0.0,0.0,260263.5
1676690,IT,FR,RAILW,CEMEN,0.03,5205.149,3,3,5205.149,0.0,0.0,0.0,0.0,173504.966667
1792790,IT,WA,BUSIN,WASTE,0.05,5205.03,3,3,5205.03,0.0,0.0,0.0,0.0,104100.6
1663474,IT,DK,REALE,HEALT,0.22,5204.572,3,3,5204.572,0.0,0.0,0.0,0.0,23657.145455
1787294,IT,WA,PLANT,NONF1,0.01,5204.549,3,3,5204.549,0.0,0.0,0.0,0.0,520454.9
1784369,IT,ID,RUBBE,AUXIL,0.02,5204.285,3,3,5204.285,0.0,0.0,0.0,0.0,260214.25
1738906,IT,GB,FURNI,FOUND,0.02,5203.973,3,3,5203.973,0.0,0.0,0.0,0.0,260198.65
1664719,IT,EE,SUPPO,MOTO1,0.04,5203.827,3,3,5203.827,0.0,0.0,0.0,0.0,130095.675
1800243,IT,WE,PLAST,BIOGA,0.01,5203.8,3,3,5203.8,0.0,0.0,0.0,0.0,520380.0
1727883,IT,RO,FOOD3,OFFIC,0.01,5203.772,3,3,5203.772,0.0,0.0,0.0,0.0,520377.2
1726829,IT,RO,WHOLE,SEACO,0.04,5203.638,3,3,5203.638,0.0,0.0,0.0,0.0,130090.95
1687433,IT,HU,RAILW,TEXTI,0.03,5203.629,3,3,5203.629,0.0,0.0,0.0,0.0,173454.3
1740442,IT,GB,FOOD2,INTER,0.03,5203.524,3,3,5203.524,0.0,0.0,0.0,0.0,173450.8
1784135,IT,ID,PULP5,COLLE,0.02,5203.489,3,3,5203.489,0.0,0.0,0.0,0.0,260174.45
1717333,IT,NL,FINAN,PREC1,0.07,5203.141,3,3,5203.141,0.0,0.0,0.0,0.0,74330.585714
1751685,IT,CN,INSUR,LEATH,0.11,5203.082,3,3,5203.082,0.0,0.0,0.0,0.0,47300.745455
1709702,IT,LT,CHEM1,STONE,0.01,5203.073,3,3,5203.073,0.0,0.0,0.0,0.0,520307.3
1741250,IT,US,WOODW,FOOD3,0.01,5202.983,3,3,5202.983,0.0,0.0,0.0,0.0,520298.3
1773539,IT,CH,MOTO1,RADIO,0.03,5202.858,3,3,5202.858,0.0,0.0,0.0,0.0,173428.6
1682124,IT,HR,TEXTI,GLASS,0.03,5202.775,3,3,5202.775,0.0,0.0,0.0,0.0,173425.833333
1746208,IT,JP,CHEM1,MEATP,0.01,5202.674,3,3,5202.674,0.0,0.0,0.0,0.0,520267.4
1665525,IT,ES,WEARI,PAPE1,0.04,5202.618,3,3,5202.618,0.0,0.0,0.0,0.0,130065.45
1798678,IT,WE,VEGE1,NFERT,0.02,5202.312,3,3,5202.312,0.0,0.0,0.0,0.0,260115.6
1668808,IT,ES,LANDT,PLAS2,0.03,5202.153,3,3,5202.153,0.0,0.0,0.0,0.0,173405.1
1650191,IT,BG,MOTO1,RECRE,0.03,5202.028,3,3,5202.028,0.0,0.0,0.0,0.0,173400.933333
1688567,IT,IE,PRINT,RUBBE,0.05,5201.925,3,3,5201.925,0.0,0.0,0.0,0.0,104038.5
1684398,IT,HR,POSTT,COMPU,0.09,5201.8,3,3,5201.8,0.0,0.0,0.0,0.0,57797.777778
1739010,IT,GB,SALEM,LANDT,0.04,5201.701,3,3,5201.701,0.0,0.0,0.0,0.0,130042.525
1662315,IT,DK,NONME,PAPE1,0.01,5201.345,3,3,5201.345,0.0,0.0,0.0,0.0,520134.5
1661074,IT,DE,PUBLI,ELEC5,0.09,5201.242,3,3,5201.242,0.0,0.0,0.0,0.0,57791.577778
1646544,IT,BE,OFFIC,BIOGA,0.02,5200.873,3,3,5200.873,0.0,0.0,0.0,0.0,260043.65
1745313,IT,JP,MEAT4,RETA1,0.03,5200.748,3,3,5200.748,0.0,0.0,0.0,0.0,173358.266667
1734236,IT,SI,RENTI,EDUCA,0.03,5200.633,3,3,5200.633,0.0,0.0,0.0,0.0,173354.433333
1688093,IT,HU,RESEA,OFFIC,0.03,5199.78,3,3,5199.78,0.0,0.0,0.0,0.0,173326.0
1795346,IT,WL,NONME,ELEC1,0.01,5199.368,3,3,5199.368,0.0,0.0,0.0,0.0,519936.8
1792648,IT,WA,RESEA,PRINT,0.03,5199.35,3,3,5199.35,0.0,0.0,0.0,0.0,173311.666667
1798549,IT,WE,CHEMI,ANIMA,0.01,5199.189,3,3,5199.189,0.0,0.0,0.0,0.0,519918.9
1783878,IT,NO,WOOD2,FOUND,0.03,5199.078,3,3,5199.078,0.0,0.0,0.0,0.0,173302.6
1803108,IT,WF,VEGET,MEATC,0.02,5199.027,3,3,5199.027,0.0,0.0,0.0,0.0,259951.35
1779110,IT,TR,SUPPO,WHOLE,0.04,5198.894,3,3,5198.894,0.0,0.0,0.0,0.0,129972.35
1797248,IT,WL,FINAN,COMPU,0.07,5198.877,3,3,5198.877,0.0,0.0,0.0,0.0,74269.671429
1755571,IT,KR,CHEM1,ELEC8,0.01,5198.804,3,3,5198.804,0.0,0.0,0.0,0.0,519880.4
1778157,IT,TR,TRANS,SUPPO,0.03,5198.515,3,3,5198.515,0.0,0.0,0.0,0.0,173283.833333
1745808,IT,JP,WEARI,FOOD4,0.04,5198.255,3,3,5198.255,0.0,0.0,0.0,0.0,129956.375
1809695,IT,WM,PROCE,FURNI,0.04,5198.219,3,3,5198.219,0.0,0.0,0.0,0.0,129955.475
1810437,IT,WM,PULP5,BRICK,0.02,5198.061,3,3,5198.061,0.0,0.0,0.0,0.0,259903.05
1804078,IT,WF,PULP5,PFERT,0.02,5197.895,3,3,5197.895,0.0,0.0,0.0,0.0,259894.75
1764411,IT,MX,MOTO1,WASTE,0.03,5197.758,3,3,5197.758,0.0,0.0,0.0,0.0,173258.6
1716385,IT,NL,MACHI,BASIC,0.03,5197.51,3,3,5197.51,0.0,0.0,0.0,0.0,173250.333333
1738593,IT,GB,FABRI,ELEC5,0.02,5197.324,3,3,5197.324,0.0,0.0,0.0,0.0,259866.2
1685969,IT,HU,BIOGA,SUPPO,0.01,5197.043,3,3,5197.043,0.0,0.0,0.0,0.0,519704.3
1668275,IT,ES,WHOLE,PAPER,0.04,5197.024,3,3,5197.024,0.0,0.0,0.0,0.0,129925.6
1761352,IT,IN,GLASS,DIST1,0.01,5196.885,3,3,5196.885,0.0,0.0,0.0,0.0,519688.5
1768789,IT,AU,LEATH,PLANT,0.04,5196.594,3,3,5196.594,0.0,0.0,0.0,0.0,129914.85
1644653,IT,BE,BEVER,CROPS,0.02,5196.429,3,3,5196.429,0.0,0.0,0.0,0.0,259821.45
1774490,IT,CH,LANDT,ELECT,0.03,5196.4,3,3,5196.4,0.0,0.0,0.0,0.0,173213.333333
1682444,IT,HR,PAPER,DISTR,0.02,5196.282,3,3,5196.282,0.0,0.0,0.0,0.0,259814.1
1764017,IT,MX,COPP1,POULT,0.01,5196.216,3,3,5196.216,0.0,0.0,0.0,0.0,519621.6
1681661,IT,HR,VEGET,RUBBE,0.02,5195.348,3,3,5195.348,0.0,0.0,0.0,0.0,259767.4
1678435,IT,FR,INERT,RECRE,0.04,5195.322,3,3,5195.322,0.0,0.0,0.0,0.0,129883.05
1764501,IT,MX,CONST,OFFIC,0.03,5195.132,3,3,5195.132,0.0,0.0,0.0,0.0,173171.066667
1814548,IT,WM,BUSIN,MEATP,0.05,5194.962,3,3,5194.962,0.0,0.0,0.0,0.0,103899.24
1734388,IT,SK,VEGET,ANIMA,0.02,5194.869,3,3,5194.869,0.0,0.0,0.0,0.0,259743.45
1640356,IT,AT,MEATC,WHOLE,0.02,5194.464,3,3,5194.464,0.0,0.0,0.0,0.0,259723.2
1720903,IT,PL,SALEM,TRANS,0.04,5194.459,3,3,5194.459,0.0,0.0,0.0,0.0,129861.475
1806026,IT,WF,COPP1,FURNI,0.01,5194.148,3,3,5194.148,0.0,0.0,0.0,0.0,519414.8
1736547,IT,SK,SUPPO,COPP1,0.04,5193.584,3,3,5193.584,0.0,0.0,0.0,0.0,129839.6
1676189,IT,FR,CONST,RADIO,0.03,5193.526,3,3,5193.526,0.0,0.0,0.0,0.0,173117.533333
1765180,IT,MX,BUSIN,ELEC2,0.05,5193.461,3,3,5193.461,0.0,0.0,0.0,0.0,103869.22
1676310,IT,FR,RETAI,FISHF,0.04,5193.402,3,3,5193.402,0.0,0.0,0.0,0.0,129835.05
1792285,IT,WA,POSTT,TRAN2,0.09,5193.112,3,3,5193.112,0.0,0.0,0.0,0.0,57701.244444
1664111,IT,EE,RUBBE,MEATC,0.02,5192.334,3,3,5192.334,0.0,0.0,0.0,0.0,259616.7
1718297,IT,PL,FOOD5,TRANS,0.02,5192.105,3,3,5192.105,0.0,0.0,0.0,0.0,259605.25
1679049,IT,GR,WOODW,MEDIC,0.01,5191.97,3,3,5191.97,0.0,0.0,0.0,0.0,519197.0
1713292,IT,MT,PRINT,EDUCA,0.05,5191.965,3,3,5191.965,0.0,0.0,0.0,0.0,103839.3
1773422,IT,CH,OFFIC,LEATH,0.02,5191.352,3,3,5191.352,0.0,0.0,0.0,0.0,259567.6
1803908,IT,WF,WEARI,PFERT,0.04,5191.254,3,3,5191.254,0.0,0.0,0.0,0.0,129781.35
1808738,IT,WF,TEXT2,AIRTR,0.04,5190.698,3,3,5190.698,0.0,0.0,0.0,0.0,129767.45
1807950,IT,WF,PLAS1,GLASS,0.02,5190.666,3,3,5190.666,0.0,0.0,0.0,0.0,259533.3
1764580,IT,MX,WHOLE,ALUM1,0.04,5190.267,3,3,5190.267,0.0,0.0,0.0,0.0,129756.675
1679048,IT,GR,WOODW,ELECT,0.01,5189.972,3,3,5189.972,0.0,0.0,0.0,0.0,518997.2
1787811,IT,WA,PROCE,LEAD1,0.04,5189.766,3,3,5189.766,0.0,0.0,0.0,0.0,129744.15
1769064,IT,AU,PLAST,VEGE1,0.01,5189.732,3,3,5189.732,0.0,0.0,0.0,0.0,518973.2
1750564,IT,CN,OFFIC,COKIN,0.02,5189.707,3,3,5189.707,0.0,0.0,0.0,0.0,259485.35
1729020,IT,SE,RUBBE,NONFE,0.02,5189.608,3,3,5189.608,0.0,0.0,0.0,0.0,259480.4
1666776,IT,ES,RUBBE,ELEC3,0.02,5189.392,3,3,5189.392,0.0,0.0,0.0,0.0,259469.6
1672121,IT,FI,POSTT,RETA1,0.09,5189.055,3,3,5189.055,0.0,0.0,0.0,0.0,57656.166667
1668156,IT,ES,SALEM,FURNI,0.04,5188.859,3,3,5188.859,0.0,0.0,0.0,0.0,129721.475
1678204,IT,FR,OILHA,DAIRY,0.03,5188.604,3,3,5188.604,0.0,0.0,0.0,0.0,172953.466667
1648126,IT,BE,RESEA,ELEC2,0.03,5188.26,3,3,5188.26,0.0,0.0,0.0,0.0,172942.0
1671099,IT,FI,RUBBE,FOOD4,0.02,5188.071,3,3,5188.071,0.0,0.0,0.0,0.0,259403.55
1729908,IT,SE,FURNI,TEXTI,0.02,5187.969,3,3,5187.969,0.0,0.0,0.0,0.0,259398.45
1654909,IT,CZ,INSUR,RAWMI,0.11,5187.869,3,3,5187.869,0.0,0.0,0.0,0.0,47162.445455
1724064,IT,PT,WHOLE,FOUND,0.04,5187.784,3,3,5187.784,0.0,0.0,0.0,0.0,129694.6
1662107,IT,DK,CHEM1,WASTE,0.01,5187.422,3,3,5187.422,0.0,0.0,0.0,0.0,518742.2
1779859,IT,TR,PUBLI,ELEC4,0.08,5187.38,3,3,5187.38,0.0,0.0,0.0,0.0,64842.25
1670601,IT,FI,WEARI,WHOLE,0.04,5187.207,3,3,5187.207,0.0,0.0,0.0,0.0,129680.175
1770157,IT,AU,RETA1,RUBBE,0.05,5187.055,3,3,5187.055,0.0,0.0,0.0,0.0,103741.1
1678872,IT,GR,FISH5,RETA1,0.02,5187.008,4,4,5187.005,0.0,0.0,0.0,0.003,259350.4
1644697,IT,BE,BEVER,NONF1,0.02,5186.984,3,3,5186.984,0.0,0.0,0.0,0.0,259349.2
1783160,IT,NO,REALE,RESEA,0.22,5186.747,3,3,5186.747,0.0,0.0,0.0,0.0,23576.122727
1781423,IT,NO,FOOD5,GLASS,0.02,5185.767,3,3,5185.767,0.0,0.0,0.0,0.0,259288.35
1784697,IT,ID,FURNI,FOOD5,0.02,5185.762,3,3,5185.762,0.0,0.0,0.0,0.0,259288.1
1675238,IT,FR,FABRI,LIQUE,0.02,5185.724,3,3,5185.724,0.0,0.0,0.0,0.0,259286.2
1647562,IT,BE,SUPPO,OILHA,0.04,5185.715,3,3,5185.715,0.0,0.0,0.0,0.0,129642.875
1749908,IT,CN,GLASS,DAIRY,0.01,5185.663,3,3,5185.663,0.0,0.0,0.0,0.0,518566.3
1752921,IT,CA,PLAST,SANDC,0.01,5185.455,3,3,5185.455,0.0,0.0,0.0,0.0,518545.5
1732768,IT,SI,NONME,LEAD1,0.01,5184.978,3,3,5184.978,0.0,0.0,0.0,0.0,518497.8
1743533,IT,US,RETA1,WOOD2,0.05,5184.274,3,3,5184.274,0.0,0.0,0.0,0.0,103685.48
1761748,IT,IN,MACHI,PLAST,0.03,5184.087,3,3,5184.087,0.0,0.0,0.0,0.0,172802.9
1726755,IT,RO,SALEM,PFERT,0.04,5183.926,3,3,5183.926,0.0,0.0,0.0,0.0,129598.15
1739219,IT,GB,RETA1,INLAN,0.05,5183.883,3,3,5183.883,0.0,0.0,0.0,0.0,103677.66
1758087,IT,BR,GLASS,BIOGA,0.01,5183.785,3,3,5183.785,0.0,0.0,0.0,0.0,518378.5
1663397,IT,DK,POSTT,COMPU,0.09,5183.784,3,3,5183.784,0.0,0.0,0.0,0.0,57597.6
1713730,IT,MT,MACHI,SUPPO,0.03,5183.633,3,3,5183.633,0.0,0.0,0.0,0.0,172787.766667
1784532,IT,ID,FABRI,TRAN2,0.02,5183.251,3,3,5183.251,0.0,0.0,0.0,0.0,259162.55
1731397,IT,SI,FOOD5,PRINT,0.02,5183.135,3,3,5183.135,0.0,0.0,0.0,0.0,259156.75
1745358,IT,JP,VEGE1,PREC1,0.02,5182.975,3,3,5182.975,0.0,0.0,0.0,0.0,259148.75
1666680,IT,ES,BIODI,FISHF,0.01,5182.956,3,3,5182.956,0.0,0.0,0.0,0.0,518295.6
1715198,IT,NL,WOODW,BRICK,0.01,5182.852,3,3,5182.852,0.0,0.0,0.0,0.0,518285.2
1787722,IT,WA,VEGE1,NONME,0.02,5182.675,3,3,5182.675,0.0,0.0,0.0,0.0,259133.75
1739853,IT,GB,FINAN,GLASS,0.07,5182.291,3,3,5182.291,0.0,0.0,0.0,0.0,74032.728571
1758980,IT,BR,LANDT,FOOD5,0.03,5182.228,3,3,5182.228,0.0,0.0,0.0,0.0,172740.933333
1725247,IT,RO,FOOD5,DIST1,0.02,5181.999,3,3,5181.999,0.0,0.0,0.0,0.0,259099.95
1745827,IT,JP,LEATH,MEATC,0.04,5181.989,3,3,5181.989,0.0,0.0,0.0,0.0,129549.725
1722097,IT,PL,BUSIN,BITU1,0.05,5181.981,3,3,5181.981,0.0,0.0,0.0,0.0,103639.62
1680710,IT,GR,RETA1,FISHF,0.05,5181.93,3,3,5181.93,0.0,0.0,0.0,0.0,103638.6
1805330,IT,WF,RUBBE,URANI,0.02,5181.849,3,3,5181.849,0.0,0.0,0.0,0.0,259092.45
1737100,IT,GB,MEATC,HEALT,0.02,5181.59,3,3,5181.59,0.0,0.0,0.0,0.0,259079.5
1642869,IT,AT,MOTO1,SECO9,0.03,5181.589,3,3,5181.589,0.0,0.0,0.0,0.0,172719.633333
1644216,IT,BE,VEGET,COMPU,0.02,5181.032,3,3,5181.032,0.0,0.0,0.0,0.0,259051.6
1682956,IT,HR,PLAST,CEMEN,0.01,5180.994,3,3,5180.994,0.0,0.0,0.0,0.0,518099.4
1787346,IT,WA,MEATA,ANIMA,0.03,5180.983,3,3,5180.983,0.0,0.0,0.0,0.0,172699.433333
1760243,IT,BR,TEXT2,COLLE,0.04,5180.885,3,3,5180.885,0.0,0.0,0.0,0.0,129522.125
1665109,IT,ES,VEGE1,RENTI,0.02,5180.819,3,3,5180.819,0.0,0.0,0.0,0.0,259040.95
1740742,IT,US,MEAT4,VEGE1,0.03,5180.599,3,3,5180.599,0.0,0.0,0.0,0.0,172686.633333
1650720,IT,BG,HOTEL,CHEM1,0.04,5180.518,3,3,5180.518,0.0,0.0,0.0,0.0,129512.95
1711631,IT,LU,REALE,REALE,0.22,5180.442,3,3,5180.442,0.0,0.0,0.0,0.0,23547.463636
1668101,IT,ES,CONST,FABRI,0.03,5180.424,3,3,5180.424,0.0,0.0,0.0,0.0,172680.8
1722850,IT,PT,PRINT,PLAST,0.05,5179.862,3,3,5179.862,0.0,0.0,0.0,0.0,103597.24
1797769,IT,WL,WOOD1,LANDT,0.04,5179.62,3,3,5179.62,0.0,0.0,0.0,0.0,129490.5
1714152,IT,MT,SUPPO,SUPPO,0.04,5179.59,3,3,5179.59,0.0,0.0,0.0,0.0,129489.75
1665103,IT,ES,VEGE1,CONST,0.02,5179.471,3,3,5179.471,0.0,0.0,0.0,0.0,258973.55
1670046,IT,ES,FOOD1,PLAS2,0.03,5179.23,3,3,5179.23,0.0,0.0,0.0,0.0,172641.0
1792964,IT,WA,PLAS1,FINAN,0.02,5178.829,3,3,5178.829,0.0,0.0,0.0,0.0,258941.45
1714500,IT,NL,CRUDE,SANDC,0.01,5178.772,3,3,5178.772,0.0,0.0,0.0,0.0,517877.2
1653354,IT,CZ,GLASS,SECO9,0.01,5178.59,3,3,5178.59,0.0,0.0,0.0,0.0,517859.0
1671382,IT,FI,FABRI,POULT,0.02,5178.409,3,3,5178.409,0.0,0.0,0.0,0.0,258920.45
1650666,IT,BG,WHOLE,SEACO,0.04,5178.331,3,3,5178.331,0.0,0.0,0.0,0.0,129458.275
1785950,IT,ZA,RUBBE,CERAM,0.02,5178.299,3,3,5178.299,0.0,0.0,0.0,0.0,258914.95
1766770,IT,RU,MACHI,KERO1,0.03,5178.271,3,3,5178.271,0.0,0.0,0.0,0.0,172609.033333
1723327,IT,PT,NONME,TEXTI,0.01,5177.746,3,3,5177.746,0.0,0.0,0.0,0.0,517774.6
1807704,IT,WF,BUSIN,RADIO,0.05,5177.275,3,3,5177.275,0.0,0.0,0.0,0.0,103545.5
1664524,IT,EE,FURNI,FORES,0.02,5177.068,3,3,5177.068,0.0,0.0,0.0,0.0,258853.4
1760251,IT,BR,WOOD2,COLLE,0.03,5176.811,3,3,5176.811,0.0,0.0,0.0,0.0,172560.366667
1718315,IT,PL,FOOD5,INSUR,0.02,5176.757,3,3,5176.757,0.0,0.0,0.0,0.0,258837.85
1712412,IT,LV,NONME,BRICK,0.01,5176.158,3,3,5176.158,0.0,0.0,0.0,0.0,517615.8
1656582,IT,DE,PRINT,NAPHT,0.05,5176.123,3,3,5176.123,0.0,0.0,0.0,0.0,103522.46
1684615,IT,HR,WASTE,RECRE,0.02,5176.037,3,3,5176.037,0.0,0.0,0.0,0.0,258801.85
1808443,IT,WF,FOOD4,VEGE1,0.04,5176.019,3,3,5176.019,0.0,0.0,0.0,0.0,129400.475
1795316,IT,WL,NONME,BEVER,0.01,5175.956,3,3,5175.956,0.0,0.0,0.0,0.0,517595.6
1742431,IT,US,NONME,WOOD2,0.01,5175.955,3,3,5175.955,0.0,0.0,0.0,0.0,517595.5
1813651,IT,WM,RETA1,KERO1,0.05,5175.613,3,3,5175.613,0.0,0.0,0.0,0.0,103512.26
1788428,IT,WA,PULP5,ALUMI,0.02,5175.51,3,3,5175.51,0.0,0.0,0.0,0.0,258775.5
1640289,IT,AT,SANDC,PAPER,0.01,5175.324,4,4,5174.324,0.0,0.0,1.0,0.0,517532.4
1671121,IT,FI,GLASS,LIQUI,0.01,5175.139,3,3,5175.139,0.0,0.0,0.0,0.0,517513.9
1681483,IT,GR,COMPU,PUBLI,0.06,5174.94,3,3,5174.94,0.0,0.0,0.0,0.0,86249.0
1786458,IT,ZA,MOTO1,TEXTI,0.03,5174.731,3,3,5174.731,0.0,0.0,0.0,0.0,172491.033333
1753407,IT,CA,COPP1,93197,0.01,5174.637,3,3,5174.637,0.0,0.0,0.0,0.0,517463.7
1642916,IT,AT,TRANS,INLAN,0.03,5174.257,3,3,5174.257,0.0,0.0,0.0,0.0,172475.233333
1797872,IT,WL,FOOD3,SALEM,0.01,5174.227,3,3,5174.227,0.0,0.0,0.0,0.0,517422.7
1659389,IT,DE,WHOLE,DAIRY,0.04,5174.194,3,3,5174.194,0.0,0.0,0.0,0.0,129354.85
1788520,IT,WA,PAPER,PRECI,0.02,5174.029,3,3,5174.029,0.0,0.0,0.0,0.0,258701.45
1678800,IT,GR,FOOD5,RENTI,0.02,5173.765,3,3,5173.765,0.0,0.0,0.0,0.0,258688.25
1671781,IT,FI,WHOLE,POULT,0.04,5173.731,3,3,5173.731,0.0,0.0,0.0,0.0,129343.275
1666544,IT,ES,CHEM1,MEAT4,0.01,5173.678,3,3,5173.678,0.0,0.0,0.0,0.0,517367.8
1642681,IT,AT,FABRI,PAPE1,0.02,5173.512,3,3,5173.512,0.0,0.0,0.0,0.0,258675.6
1649019,IT,BG,WOODW,CHEM1,0.01,5173.493,3,3,5173.493,0.0,0.0,0.0,0.0,517349.3
1798114,IT,WL,PRIVA,ALUMI,1.15,5173.195,3,3,5173.195,0.0,0.0,0.0,0.0,4498.430435
1714074,IT,MT,LANDT,WHOLE,0.03,5173.121,3,3,5173.121,0.0,0.0,0.0,0.0,172437.366667
1789507,IT,WA,ADDIT,CERAM,0.01,5173.104,3,3,5173.104,0.0,0.0,0.0,0.0,517310.4
1732426,IT,SI,PLAST,FOOD3,0.01,5172.738,3,3,5172.738,0.0,0.0,0.0,0.0,517273.8
1797698,IT,WL,PLAS1,BASIC,0.02,5172.465,3,3,5172.465,0.0,0.0,0.0,0.0,258623.25
1737227,IT,GB,PROCE,RAILW,0.03,5172.379,3,3,5172.379,0.0,0.0,0.0,0.0,172412.633333
1793277,IT,WA,PRIVA,CHEM1,1.15,5172.341,3,3,5172.341,0.0,0.0,0.0,0.0,4497.687826
1740660,IT,US,STONE,WHEAT,0.02,5172.196,3,3,5172.196,0.0,0.0,0.0,0.0,258609.8
1652023,IT,CZ,VEGET,ELEC1,0.02,5172.099,3,3,5172.099,0.0,0.0,0.0,0.0,258604.95
1737186,IT,GB,DAIRY,BIODI,0.02,5171.756,3,3,5171.756,0.0,0.0,0.0,0.0,258587.8
1676274,IT,FR,SALEM,COMPU,0.04,5171.532,3,3,5171.532,0.0,0.0,0.0,0.0,129288.3
1678420,IT,FR,INERT,POSTT,0.04,5171.116,3,3,5171.116,0.0,0.0,0.0,0.0,129277.9
1761204,IT,IN,ADDIT,BASIC,0.01,5171.054,3,3,5171.054,0.0,0.0,0.0,0.0,517105.4
1683909,IT,HR,FURNI,FABRI,0.02,5170.872,3,3,5170.872,0.0,0.0,0.0,0.0,258543.6
1769572,IT,AU,COPP1,CEMEN,0.01,5170.858,3,3,5170.858,0.0,0.0,0.0,0.0,517085.8
1689376,IT,IE,RETA1,FINAN,0.05,5170.787,3,3,5170.787,0.0,0.0,0.0,0.0,103415.74
1733731,IT,SI,LANDT,POULT,0.03,5170.337,3,3,5170.337,0.0,0.0,0.0,0.0,172344.566667
1736077,IT,SK,FURNI,INERT,0.02,5170.142,3,3,5170.142,0.0,0.0,0.0,0.0,258507.1
1723536,IT,PT,COPP1,WASTE,0.01,5170.129,3,3,5170.129,0.0,0.0,0.0,0.0,517012.9
1779874,IT,TR,PUBLI,AIRTR,0.08,5169.94,3,3,5169.94,0.0,0.0,0.0,0.0,64624.25
1809256,IT,WM,CRUDE,CEMEN,0.01,5169.642,3,3,5169.642,0.0,0.0,0.0,0.0,516964.2
1770800,IT,AU,COMPU,CONST,0.06,5169.418,3,3,5169.418,0.0,0.0,0.0,0.0,86156.966667
1719426,IT,PL,RUBBE,SECO9,0.02,5169.256,3,3,5169.256,0.0,0.0,0.0,0.0,258462.8
1676205,IT,FR,CONST,RAILW,0.03,5169.198,3,3,5169.198,0.0,0.0,0.0,0.0,172306.6
1663754,IT,EE,FOOD5,CHEM1,0.02,5168.778,3,3,5168.778,0.0,0.0,0.0,0.0,258438.9
1802142,IT,WE,HOTEL,VEGET,0.04,5168.724,3,3,5168.724,0.0,0.0,0.0,0.0,129218.1
1747867,IT,JP,RENTI,LEAD1,0.03,5167.843,3,3,5167.843,0.0,0.0,0.0,0.0,172261.433333
1713024,IT,MT,MEATP,PLAST,0.02,5167.699,3,3,5167.699,0.0,0.0,0.0,0.0,258384.95
1786006,IT,ZA,GLASS,CHARC,0.01,5167.651,3,3,5167.651,0.0,0.0,0.0,0.0,516765.1
1799086,IT,WE,WEARI,CROPS,0.04,5167.366,3,3,5167.366,0.0,0.0,0.0,0.0,129184.15
1730050,IT,SE,WHOLE,RETA1,0.04,5167.305,3,3,5167.305,0.0,0.0,0.0,0.0,129182.625
1787435,IT,WA,STONE,MEATC,0.02,5167.253,3,3,5167.253,0.0,0.0,0.0,0.0,258362.65
1812180,IT,WM,NONME,COKIN,0.01,5167.157,3,3,5167.157,0.0,0.0,0.0,0.0,516715.7
1809182,IT,WM,MEATA,FOOD5,0.03,5167.122,3,3,5167.122,0.0,0.0,0.0,0.0,172237.4
1780281,IT,TW,LANDT,ELEC1,0.03,5166.885,3,3,5166.885,0.0,0.0,0.0,0.0,172229.5
1800624,IT,WE,GLASS,SEACO,0.01,5166.702,3,3,5166.702,0.0,0.0,0.0,0.0,516670.2
1672812,IT,FR,MEAT1,EDUCA,0.02,5166.624,3,3,5166.624,0.0,0.0,0.0,0.0,258331.2
1800439,IT,WE,ADDIT,MEMBE,0.01,5166.563,3,3,5166.563,0.0,0.0,0.0,0.0,516656.3
1791805,IT,WA,LANDT,SUGA1,0.03,5165.869,3,3,5165.869,0.0,0.0,0.0,0.0,172195.633333
1689166,IT,IE,SALEM,OILHA,0.04,5165.808,3,3,5165.808,0.0,0.0,0.0,0.0,129145.2
1746074,IT,JP,PRINT,BASIC,0.05,5165.716,3,3,5165.716,0.0,0.0,0.0,0.0,103314.32
1718043,IT,PL,MEATC,SUGA1,0.02,5165.709,3,3,5165.709,0.0,0.0,0.0,0.0,258285.45
1723535,IT,PT,COPP1,PUBLI,0.01,5165.261,3,3,5165.261,0.0,0.0,0.0,0.0,516526.1
1748150,IT,JP,FOODW,CATTL,0.04,5165.228,3,3,5165.228,0.0,0.0,0.0,0.0,129130.7
1689065,IT,IE,FURNI,CROPS,0.02,5165.052,3,3,5165.052,0.0,0.0,0.0,0.0,258252.6
1755327,IT,KR,PRINT,PFERT,0.05,5164.651,3,3,5164.651,0.0,0.0,0.0,0.0,103293.02
1751798,IT,CN,AUXIL,RETA1,0.09,5164.304,3,3,5164.304,0.0,0.0,0.0,0.0,57381.155556
1757417,IT,BR,WOODW,SUPPO,0.01,5164.276,3,3,5164.276,0.0,0.0,0.0,0.0,516427.6
1756041,IT,KR,FABRI,SANDC,0.02,5164.258,3,3,5164.258,0.0,0.0,0.0,0.0,258212.9
1730389,IT,SE,POSTT,FISHF,0.09,5164.149,3,3,5164.149,0.0,0.0,0.0,0.0,57379.433333
1799553,IT,WE,PRINT,FABRI,0.05,5163.941,3,3,5163.941,0.0,0.0,0.0,0.0,103278.82
1647263,IT,BE,LANDT,BLAST,0.03,5163.93,3,3,5163.93,0.0,0.0,0.0,0.0,172131.0
1782987,IT,NO,POSTT,CRUDE,0.09,5163.862,3,3,5163.862,0.0,0.0,0.0,0.0,57376.244444
1793464,IT,WL,SANDC,MOTOR,0.01,5163.753,4,4,5162.753,0.0,0.0,1.0,0.0,516375.3
1715250,IT,NL,PAPER,FORES,0.02,5163.688,3,3,5163.688,0.0,0.0,0.0,0.0,258184.4
1777446,IT,TR,NONME,COLLE,0.01,5163.525,3,3,5163.525,0.0,0.0,0.0,0.0,516352.5
1772597,IT,CH,RUBBE,TEXT2,0.02,5162.985,3,3,5162.985,0.0,0.0,0.0,0.0,258149.25
1651304,IT,CY,TEXTI,FURNI,0.03,5162.936,3,3,5162.936,0.0,0.0,0.0,0.0,172097.866667
1678334,IT,FR,WASTE,TEXT1,0.02,5162.878,3,3,5162.878,0.0,0.0,0.0,0.0,258143.9
1689505,IT,IE,LANDT,NUCLE,0.03,5162.783,3,3,5162.783,0.0,0.0,0.0,0.0,172092.766667
1674589,IT,FR,RUBBE,RETAI,0.02,5162.76,3,3,5162.76,0.0,0.0,0.0,0.0,258138.0
1734504,IT,SK,VEGE1,MEAT1,0.02,5162.39,3,3,5162.39,0.0,0.0,0.0,0.0,258119.5
1748527,IT,CN,CHEMI,ELECT,0.01,5162.031,3,3,5162.031,0.0,0.0,0.0,0.0,516203.1
1764492,IT,MX,CONST,PFERT,0.03,5161.968,3,3,5161.968,0.0,0.0,0.0,0.0,172065.6
1716436,IT,NL,MACHI,INERT,0.03,5161.905,3,3,5161.905,0.0,0.0,0.0,0.0,172063.5
1733521,IT,SI,WHOLE,RAILW,0.04,5161.819,3,3,5161.819,0.0,0.0,0.0,0.0,129045.475
1727560,IT,RO,REALE,PFERT,0.22,5161.681,3,3,5161.681,0.0,0.0,0.0,0.0,23462.186364
1659572,IT,DE,HOTEL,MEAT1,0.04,5161.535,3,3,5161.535,0.0,0.0,0.0,0.0,129038.375
1645825,IT,BE,RUBBE,WOOD2,0.02,5161.195,3,3,5161.195,0.0,0.0,0.0,0.0,258059.75
1756176,IT,KR,MACHI,REFIN,0.03,5160.913,3,3,5160.913,0.0,0.0,0.0,0.0,172030.433333
1785045,IT,ID,BUSIN,LANDT,0.05,5160.848,3,3,5160.848,0.0,0.0,0.0,0.0,103216.96
1767009,IT,RU,TRANS,PREC1,0.03,5160.488,3,3,5160.488,0.0,0.0,0.0,0.0,172016.266667
1681450,IT,GR,COMPU,FOOD5,0.06,5160.468,3,3,5160.468,0.0,0.0,0.0,0.0,86007.8
1808130,IT,WF,WOOD1,FINAN,0.04,5159.922,3,3,5159.922,0.0,0.0,0.0,0.0,128998.05
1809206,IT,WM,MEATA,PRIVA,0.03,5159.825,3,3,5159.825,0.0,0.0,0.0,0.0,171994.166667
1764016,IT,MX,COPP1,PIGS9,0.01,5159.505,3,3,5159.505,0.0,0.0,0.0,0.0,515950.5
1684629,IT,HR,FOOD4,PUBLI,0.04,5159.323,3,3,5159.323,0.0,0.0,0.0,0.0,128983.075
1640840,IT,AT,LEATH,OILSE,0.04,5159.228,3,3,5159.228,0.0,0.0,0.0,0.0,128980.7
1641872,IT,AT,BIODI,CRUDE,0.01,5159.129,3,3,5159.129,0.0,0.0,0.0,0.0,515912.9
1680302,IT,GR,FURNI,RENTI,0.02,5158.962,3,3,5158.962,0.0,0.0,0.0,0.0,257948.1
1735835,IT,SK,MACHI,SEACO,0.03,5158.802,3,3,5158.802,0.0,0.0,0.0,0.0,171960.066667
1789472,IT,WA,ADDIT,MEATC,0.01,5158.799,3,3,5158.799,0.0,0.0,0.0,0.0,515879.9
1730393,IT,SE,POSTT,LEADZ,0.08,5158.503,3,3,5158.503,0.0,0.0,0.0,0.0,64481.2875
1670707,IT,FI,PULP5,WOODW,0.02,5158.4,3,3,5158.4,0.0,0.0,0.0,0.0,257920.0
1683705,IT,HR,MACHI,MEATC,0.03,5158.211,3,3,5158.211,0.0,0.0,0.0,0.0,171940.366667
1754373,IT,CA,INSUR,MEMBE,0.11,5158.045,3,3,5158.045,0.0,0.0,0.0,0.0,46891.318182
1680898,IT,GR,LANDT,TRANS,0.03,5157.85,3,3,5157.85,0.0,0.0,0.0,0.0,171928.333333
1793979,IT,WL,WOODW,PLAST,0.01,5157.806,3,3,5157.806,0.0,0.0,0.0,0.0,515780.6
1685139,IT,HU,FOOD5,EDUCA,0.02,5157.657,3,3,5157.657,0.0,0.0,0.0,0.0,257882.85
1767727,IT,RU,FINAN,SALEM,0.07,5157.55,3,3,5157.55,0.0,0.0,0.0,0.0,73679.285714
1792331,IT,WA,FINAN,KEROS,0.07,5157.296,3,3,5157.296,0.0,0.0,0.0,0.0,73675.657143
1711672,IT,LU,COMPU,RESEA,0.06,5157.208,3,3,5157.208,0.0,0.0,0.0,0.0,85953.466667
1773254,IT,CH,FABRI,AUXIL,0.02,5157.138,3,3,5157.138,0.0,0.0,0.0,0.0,257856.9
1794055,IT,WL,PAPER,FISHF,0.02,5155.955,3,3,5155.955,0.0,0.0,0.0,0.0,257797.75
1738700,IT,GB,MACHI,ELEC2,0.03,5155.863,3,3,5155.863,0.0,0.0,0.0,0.0,171862.1
1752515,IT,CA,FOOD5,GASDI,0.02,5155.704,3,3,5155.704,0.0,0.0,0.0,0.0,257785.2
1722772,IT,PT,PAPER,WHITE,0.02,5155.644,3,3,5155.644,0.0,0.0,0.0,0.0,257782.2
1808104,IT,WF,WOOD1,NICKE,0.04,5155.616,3,3,5155.616,0.0,0.0,0.0,0.0,128890.4
1724063,IT,PT,WHOLE,NONF1,0.04,5155.302,3,3,5155.302,0.0,0.0,0.0,0.0,128882.55
1808006,IT,WF,INTER,MEATA,0.03,5155.282,3,3,5155.282,0.0,0.0,0.0,0.0,171842.733333
1659206,IT,DE,CONST,FOODW,0.03,5155.161,3,3,5155.161,0.0,0.0,0.0,0.0,171838.7
1688326,IT,IE,VEGE1,WHOLE,0.02,5154.543,3,3,5154.543,0.0,0.0,0.0,0.0,257727.15
1668412,IT,ES,RETA1,MACHI,0.05,5154.499,3,3,5154.499,0.0,0.0,0.0,0.0,103089.98
1780932,IT,TW,BUSIN,CEREA,0.05,5153.949,3,3,5153.949,0.0,0.0,0.0,0.0,103078.98
1644145,IT,AT,FOOD2,INTER,0.03,5153.744,3,3,5153.744,0.0,0.0,0.0,0.0,171791.466667
1678842,IT,GR,BEVER,RENTI,0.02,5153.732,3,3,5153.732,0.0,0.0,0.0,0.0,257686.6
1653781,IT,CZ,COPP1,TRAN2,0.01,5153.711,3,3,5153.711,0.0,0.0,0.0,0.0,515371.1
1798509,IT,WE,STONE,BITUM,0.02,5153.708,3,3,5153.708,0.0,0.0,0.0,0.0,257685.4
1783803,IT,NO,INERT,COPP1,0.04,5153.695,3,3,5153.695,0.0,0.0,0.0,0.0,128842.375
1644892,IT,BE,LEATH,KERO1,0.04,5153.66,3,3,5153.66,0.0,0.0,0.0,0.0,128841.5
1745877,IT,JP,LEATH,ELEC6,0.04,5153.559,3,3,5153.559,0.0,0.0,0.0,0.0,128838.975
1751595,IT,CN,POSTT,ELEC5,0.08,5153.53,3,3,5153.53,0.0,0.0,0.0,0.0,64419.125
1710453,IT,LT,LANDT,GLASS,0.03,5153.492,3,3,5153.492,0.0,0.0,0.0,0.0,171783.066667
1683022,IT,HR,CHEM1,ELEC4,0.01,5153.25,3,3,5153.25,0.0,0.0,0.0,0.0,515325.0
1678274,IT,FR,FOOD2,SALEM,0.03,5153.059,3,3,5153.059,0.0,0.0,0.0,0.0,171768.633333
1785316,IT,ZA,LEATH,RUBBE,0.04,5152.985,3,3,5152.985,0.0,0.0,0.0,0.0,128824.625
1710319,IT,LT,FURNI,WHOLE,0.02,5152.728,3,3,5152.728,0.0,0.0,0.0,0.0,257636.4
1757249,IT,BR,VEGE1,BRICK,0.02,5152.683,3,3,5152.683,0.0,0.0,0.0,0.0,257634.15
1759406,IT,BR,INSUR,GASDI,0.11,5152.584,3,3,5152.584,0.0,0.0,0.0,0.0,46841.672727
1767776,IT,RU,INSUR,FABRI,0.11,5151.662,3,3,5151.662,0.0,0.0,0.0,0.0,46833.290909
1786502,IT,ZA,MOTO1,RECRE,0.03,5151.155,3,3,5151.155,0.0,0.0,0.0,0.0,171705.166667
1710541,IT,LT,SUPPO,POSTT,0.04,5150.919,3,3,5150.919,0.0,0.0,0.0,0.0,128772.975
1642915,IT,AT,TRANS,TRAN2,0.03,5150.182,3,3,5150.182,0.0,0.0,0.0,0.0,171672.733333
1730330,IT,SE,SUPPO,STONE,0.04,5150.007,3,3,5150.007,0.0,0.0,0.0,0.0,128750.175
1802467,IT,WE,SUPPO,ELEC3,0.04,5149.995,3,3,5149.995,0.0,0.0,0.0,0.0,128749.875
1797273,IT,WL,INSUR,PLAST,0.11,5149.928,3,3,5149.928,0.0,0.0,0.0,0.0,46817.527273
1685974,IT,HU,BIOGA,HEALT,0.01,5149.877,3,3,5149.877,0.0,0.0,0.0,0.0,514987.7
1682007,IT,HR,BEVER,TOBAC,0.02,5149.772,3,3,5149.772,0.0,0.0,0.0,0.0,257488.6
1687839,IT,HU,FINAN,CONST,0.07,5149.505,3,3,5149.505,0.0,0.0,0.0,0.0,73564.357143
1688528,IT,IE,PAPER,PAPER,0.02,5149.469,3,3,5149.469,0.0,0.0,0.0,0.0,257473.45
1782654,IT,NO,SALEM,RENTI,0.04,5149.379,3,3,5149.379,0.0,0.0,0.0,0.0,128734.475
1653068,IT,CZ,PLAST,WASTE,0.01,5149.367,3,3,5149.367,0.0,0.0,0.0,0.0,514936.7
1650996,IT,BG,SUPPO,CONST,0.04,5148.763,3,3,5148.763,0.0,0.0,0.0,0.0,128719.075
1746697,IT,JP,FABRI,CERAM,0.02,5147.912,3,3,5147.912,0.0,0.0,0.0,0.0,257395.6
1787953,IT,WA,TOBAC,STONE,0.02,5147.467,3,3,5147.467,0.0,0.0,0.0,0.0,257373.35
1752962,IT,CA,CHEM1,PIGS9,0.01,5147.459,3,3,5147.459,0.0,0.0,0.0,0.0,514745.9
1715279,IT,NL,PAPER,CERAM,0.02,5147.358,3,3,5147.358,0.0,0.0,0.0,0.0,257367.9
1809166,IT,WM,CATTL,CONST,0.01,5147.189,3,3,5147.189,0.0,0.0,0.0,0.0,514718.9
1654186,IT,CZ,MOTO1,STEAM,0.03,5147.05,3,3,5147.05,0.0,0.0,0.0,0.0,171568.333333
1780408,IT,TW,SUPPO,WEARI,0.04,5146.596,3,3,5146.596,0.0,0.0,0.0,0.0,128664.9
1797364,IT,WL,RENTI,PRECI,0.03,5146.593,3,3,5146.593,0.0,0.0,0.0,0.0,171553.1
1803738,IT,WF,FISH5,CONST,0.02,5146.523,4,4,5146.52,0.0,0.0,0.0,0.003,257326.15
1670370,IT,FI,DAIRY,POSTT,0.02,5146.228,3,3,5146.228,0.0,0.0,0.0,0.0,257311.4
1733517,IT,SI,WHOLE,COLLE,0.04,5145.955,3,3,5145.955,0.0,0.0,0.0,0.0,128648.875
1775941,IT,TR,FOOD5,MOTO1,0.02,5145.569,3,3,5145.569,0.0,0.0,0.0,0.0,257278.45
1738129,IT,GB,GLASS,WEARI,0.01,5145.396,3,3,5145.396,0.0,0.0,0.0,0.0,514539.6
1682263,IT,HR,LEATH,CHEM1,0.04,5145.214,3,3,5145.214,0.0,0.0,0.0,0.0,128630.35
1736254,IT,SK,HOTEL,FORES,0.04,5145.212,3,3,5145.212,0.0,0.0,0.0,0.0,128630.3
1685144,IT,HU,FOOD5,MEMBE,0.02,5145.211,3,3,5145.211,0.0,0.0,0.0,0.0,257260.55
1653954,IT,CZ,MACHI,NATUR,0.03,5144.609,3,3,5144.609,0.0,0.0,0.0,0.0,171486.966667
1688756,IT,IE,RUBBE,CROPS,0.02,5144.606,3,3,5144.606,0.0,0.0,0.0,0.0,257230.3
1642227,IT,AT,NONME,POULT,0.01,5144.222,3,3,5144.222,0.0,0.0,0.0,0.0,514422.2
1782431,IT,NO,MACHI,MEAT1,0.03,5144.141,3,3,5144.141,0.0,0.0,0.0,0.0,171471.366667
1789763,IT,WA,GLASS,BIODI,0.01,5143.885,3,3,5143.885,0.0,0.0,0.0,0.0,514388.5
1806845,IT,WF,RETA1,RAILW,0.05,5143.758,3,3,5143.758,0.0,0.0,0.0,0.0,102875.16
1717524,IT,NL,RENTI,PRINT,0.03,5143.508,3,3,5143.508,0.0,0.0,0.0,0.0,171450.266667
1762465,IT,IN,FINAN,OFFIC,0.07,5143.222,3,3,5143.222,0.0,0.0,0.0,0.0,73474.6
1774333,IT,CH,HOTEL,ALUM1,0.04,5143.067,3,3,5143.067,0.0,0.0,0.0,0.0,128576.675
1689130,IT,IE,SALEM,GLASS,0.04,5142.725,3,3,5142.725,0.0,0.0,0.0,0.0,128568.125
1807222,IT,WF,SUPPO,NICKE,0.04,5142.688,3,3,5142.688,0.0,0.0,0.0,0.0,128567.2
1653239,IT,CZ,RUBBE,BIOGA,0.02,5142.322,3,3,5142.322,0.0,0.0,0.0,0.0,257116.1
1797463,IT,WL,RESEA,RADIO,0.03,5141.984,3,3,5141.984,0.0,0.0,0.0,0.0,171399.466667
1792337,IT,WA,FINAN,PFERT,0.07,5141.894,3,3,5141.894,0.0,0.0,0.0,0.0,73455.628571
1674882,IT,FR,NONME,RESEA,0.01,5141.71,3,3,5141.71,0.0,0.0,0.0,0.0,514171.0
1718424,IT,PL,BEVER,INERT,0.02,5141.041,3,3,5141.041,0.0,0.0,0.0,0.0,257052.05
1716886,IT,NL,HOTEL,RETAI,0.04,5140.91,3,3,5140.91,0.0,0.0,0.0,0.0,128522.75
1769637,IT,AU,FABRI,CERAM,0.02,5139.477,3,3,5139.477,0.0,0.0,0.0,0.0,256973.85
1797931,IT,WL,FOOD4,BIOGA,0.04,5139.27,3,3,5139.27,0.0,0.0,0.0,0.0,128481.75
1753495,IT,CA,FABRI,PAPE4,0.02,5138.811,3,3,5138.811,0.0,0.0,0.0,0.0,256940.55
1789581,IT,WA,BIODI,RETA1,0.01,5138.41,3,3,5138.41,0.0,0.0,0.0,0.0,513841.0
1686010,IT,HU,BIODI,RADIO,0.01,5138.303,3,3,5138.303,0.0,0.0,0.0,0.0,513830.3
1800373,IT,WE,CHEM1,COPP1,0.01,5138.193,3,3,5138.193,0.0,0.0,0.0,0.0,513819.3
1796309,IT,WL,SALEM,FOOD5,0.04,5138.153,3,3,5138.153,0.0,0.0,0.0,0.0,128453.825
1673211,IT,FR,BEVER,FOOD4,0.02,5137.792,3,3,5137.792,0.0,0.0,0.0,0.0,256889.6
1678307,IT,FR,FOOD3,WOOD1,0.01,5137.52,3,3,5137.52,0.0,0.0,0.0,0.0,513752.0
1661693,IT,DK,WEARI,FABRI,0.04,5137.422,3,3,5137.422,0.0,0.0,0.0,0.0,128435.55
1717883,IT,PL,VEGET,EDUCA,0.02,5136.776,3,3,5136.776,0.0,0.0,0.0,0.0,256838.8
1735290,IT,SK,GLASS,MEDIC,0.01,5136.728,3,3,5136.728,0.0,0.0,0.0,0.0,513672.8
1644325,IT,BE,STONE,PREC1,0.02,5136.648,3,3,5136.648,0.0,0.0,0.0,0.0,256832.4
1670332,IT,FI,VEGE1,RAWMI,0.02,5136.628,3,3,5136.628,0.0,0.0,0.0,0.0,256831.4
1813835,IT,WM,LANDT,CEREA,0.03,5136.35,3,3,5136.35,0.0,0.0,0.0,0.0,171211.666667
1672903,IT,FR,VEGE1,INSUR,0.02,5136.223,3,3,5136.223,0.0,0.0,0.0,0.0,256811.15
1653088,IT,CZ,CHEM1,IRONO,0.01,5135.402,3,3,5135.402,0.0,0.0,0.0,0.0,513540.2
1681468,IT,GR,COMPU,WHOLE,0.06,5135.236,3,3,5135.236,0.0,0.0,0.0,0.0,85587.266667
1770976,IT,CH,VEGET,SEACO,0.02,5135.149,3,3,5135.149,0.0,0.0,0.0,0.0,256757.45
1652457,IT,CZ,WEARI,PIGS9,0.04,5134.932,3,3,5134.932,0.0,0.0,0.0,0.0,128373.3
1667850,IT,ES,OFFIC,WOOD1,0.02,5134.36,3,3,5134.36,0.0,0.0,0.0,0.0,256718.0
1655716,IT,DE,CHEMI,SEWAG,0.01,5134.137,3,3,5134.137,0.0,0.0,0.0,0.0,513413.7
1736048,IT,SK,FURNI,GLASS,0.02,5134.092,3,3,5134.092,0.0,0.0,0.0,0.0,256704.6
1679086,IT,GR,PULP5,RESEA,0.02,5134.05,3,3,5134.05,0.0,0.0,0.0,0.0,256702.5
1665762,IT,ES,PAPER,ELEC7,0.02,5134.037,3,3,5134.037,0.0,0.0,0.0,0.0,256701.85
1649600,IT,BG,GLASS,CHEMI,0.01,5133.318,3,3,5133.318,0.0,0.0,0.0,0.0,513331.8
1649690,IT,BG,NONME,FOOD5,0.01,5133.211,3,3,5133.211,0.0,0.0,0.0,0.0,513321.1
1713450,IT,MT,CHEM1,TEXTI,0.01,5133.188,3,3,5133.188,0.0,0.0,0.0,0.0,513318.8
1672110,IT,FI,POSTT,MACHI,0.08,5133.187,3,3,5133.187,0.0,0.0,0.0,0.0,64164.8375
1773145,IT,CH,COPP1,INSUR,0.01,5133.131,3,3,5133.131,0.0,0.0,0.0,0.0,513313.1
1690036,IT,IE,REALE,93197,0.22,5133.102,3,3,5133.102,0.0,0.0,0.0,0.0,23332.281818
1678200,IT,FR,WOOD1,INTER,0.03,5132.727,3,3,5132.727,0.0,0.0,0.0,0.0,171090.9
1688058,IT,HU,COMPU,MOTO1,0.06,5132.493,3,3,5132.493,0.0,0.0,0.0,0.0,85541.55
1731348,IT,SI,DAIRY,SUPPO,0.02,5132.248,3,3,5132.248,0.0,0.0,0.0,0.0,256612.4
1773696,IT,CH,FURNI,COLLE,0.02,5132.172,3,3,5132.172,0.0,0.0,0.0,0.0,256608.6
1726710,IT,RO,FURNI,PLAST,0.02,5131.834,3,3,5131.834,0.0,0.0,0.0,0.0,256591.7
1753872,IT,CA,RETA1,MOTO1,0.05,5131.784,3,3,5131.784,0.0,0.0,0.0,0.0,102635.68
1766518,IT,RU,COPP1,TOBAC,0.01,5131.776,3,3,5131.776,0.0,0.0,0.0,0.0,513177.6
1650654,IT,BG,WHOLE,CERAM,0.04,5131.711,3,3,5131.711,0.0,0.0,0.0,0.0,128292.775
1787629,IT,WA,MEAT4,TEXTI,0.03,5131.695,3,3,5131.695,0.0,0.0,0.0,0.0,171056.5
1795052,IT,WL,ADDIT,MOTO1,0.01,5131.394,3,3,5131.394,0.0,0.0,0.0,0.0,513139.4
1715797,IT,NL,RUBBE,NATUR,0.02,5130.92,3,3,5130.92,0.0,0.0,0.0,0.0,256546.0
1802790,IT,WE,BUSIN,HOTEL,0.05,5130.876,3,3,5130.876,0.0,0.0,0.0,0.0,102617.52
1712607,IT,LV,OFFIC,SECO9,0.02,5130.783,3,3,5130.783,0.0,0.0,0.0,0.0,256539.15
1688447,IT,IE,TEXTI,PLAST,0.03,5130.761,3,3,5130.761,0.0,0.0,0.0,0.0,171025.366667
1809343,IT,WM,SANDC,SANDC,0.01,5130.539,4,4,5129.539,0.0,0.0,1.0,0.0,513053.9
1687212,IT,HU,CONST,BUSIN,0.03,5130.506,3,3,5130.506,0.0,0.0,0.0,0.0,171016.866667
1771160,IT,CH,MEAT1,RECRE,0.02,5130.461,3,3,5130.461,0.0,0.0,0.0,0.0,256523.05
1753147,IT,CA,RUBBE,AUXIL,0.02,5130.375,3,3,5130.375,0.0,0.0,0.0,0.0,256518.75
1792669,IT,WA,RESEA,FURNI,0.03,5130.166,3,3,5130.166,0.0,0.0,0.0,0.0,171005.533333
1724210,IT,PT,HOTEL,REALE,0.04,5130.032,3,3,5130.032,0.0,0.0,0.0,0.0,128250.8
1810193,IT,WM,WEARI,FOOD3,0.04,5129.739,3,3,5129.739,0.0,0.0,0.0,0.0,128243.475
1652016,IT,CZ,VEGET,GLASS,0.02,5129.598,3,3,5129.598,0.0,0.0,0.0,0.0,256479.9
1657557,IT,DE,GLASS,CHARC,0.01,5129.365,3,3,5129.365,0.0,0.0,0.0,0.0,512936.5
1650144,IT,BG,MOTO1,WEARI,0.03,5129.329,3,3,5129.329,0.0,0.0,0.0,0.0,170977.633333
1687983,IT,HU,RENTI,TRANS,0.03,5129.112,3,3,5129.112,0.0,0.0,0.0,0.0,170970.4
1667746,IT,ES,OFFIC,RAWMI,0.02,5128.893,3,3,5128.893,0.0,0.0,0.0,0.0,256444.65
1724962,IT,PT,PUBLI,POSTT,0.08,5128.741,3,3,5128.741,0.0,0.0,0.0,0.0,64109.2625
1745426,IT,JP,DAIRY,MOTO1,0.02,5128.552,3,3,5128.552,0.0,0.0,0.0,0.0,256427.6
1811785,IT,WM,ADDIT,COLLE,0.01,5128.178,3,3,5128.178,0.0,0.0,0.0,0.0,512817.8
1809552,IT,WM,VEGE1,MEATP,0.02,5128.076,3,3,5128.076,0.0,0.0,0.0,0.0,256403.8
1667605,IT,ES,MACHI,BITUM,0.03,5127.869,3,3,5127.869,0.0,0.0,0.0,0.0,170928.966667
1679718,IT,GR,NONME,FURNI,0.01,5127.847,3,3,5127.847,0.0,0.0,0.0,0.0,512784.7
1646791,IT,BE,SALEM,MOTOR,0.04,5126.977,3,3,5126.977,0.0,0.0,0.0,0.0,128174.425
1728627,IT,SE,PRINT,BEVER,0.05,5126.97,3,3,5126.97,0.0,0.0,0.0,0.0,102539.4
1779538,IT,TR,COMPU,PRECI,0.06,5126.89,3,3,5126.89,0.0,0.0,0.0,0.0,85448.166667
1670269,IT,FI,VEGET,REALE,0.02,5126.838,3,3,5126.838,0.0,0.0,0.0,0.0,256341.9
1785065,IT,ZA,VEGET,TEXTI,0.02,5126.369,3,3,5126.369,0.0,0.0,0.0,0.0,256318.45
1720852,IT,PL,FURNI,INSUR,0.02,5126.321,3,3,5126.321,0.0,0.0,0.0,0.0,256316.05
1761324,IT,IN,GLASS,WOODW,0.01,5126.245,3,3,5126.245,0.0,0.0,0.0,0.0,512624.5
1759201,IT,BR,SUPPO,FABRI,0.04,5126.133,3,3,5126.133,0.0,0.0,0.0,0.0,128153.325
1720288,IT,PL,FABRI,NAPHT,0.02,5126.081,3,3,5126.081,0.0,0.0,0.0,0.0,256304.05
1769131,IT,AU,CHEM1,DAIRY,0.01,5125.894,3,3,5125.894,0.0,0.0,0.0,0.0,512589.4
1770378,IT,AU,LANDT,PFERT,0.03,5125.524,3,3,5125.524,0.0,0.0,0.0,0.0,170850.8
1775824,IT,TR,CHEMI,BUSIN,0.01,5125.337,3,3,5125.337,0.0,0.0,0.0,0.0,512533.7
1807018,IT,WF,LANDT,AIRTR,0.03,5125.282,3,3,5125.282,0.0,0.0,0.0,0.0,170842.733333
1685177,IT,HU,BEVER,MACHI,0.02,5125.26,3,3,5125.26,0.0,0.0,0.0,0.0,256263.0
1712597,IT,LV,MACHI,RECRE,0.03,5125.21,3,3,5125.21,0.0,0.0,0.0,0.0,170840.333333
1721771,IT,PL,INSUR,BUSIN,0.11,5125.094,3,3,5125.094,0.0,0.0,0.0,0.0,46591.763636
1680201,IT,GR,TRANS,FISH5,0.03,5124.945,3,3,5124.945,0.0,0.0,0.0,0.0,170831.5
1686163,IT,HU,GLASS,RAWMI,0.01,5124.291,3,3,5124.291,0.0,0.0,0.0,0.0,512429.1
1780753,IT,TW,RENTI,TEXTI,0.03,5124.278,3,3,5124.278,0.0,0.0,0.0,0.0,170809.266667
1800427,IT,WE,ADDIT,FURNI,0.01,5124.049,3,3,5124.049,0.0,0.0,0.0,0.0,512404.9
1661308,IT,DK,SANDC,CEMEN,0.01,5123.999,4,4,5122.999,0.0,0.0,1.0,0.0,512399.9
1668422,IT,ES,RETA1,ELEC3,0.05,5123.659,3,3,5123.659,0.0,0.0,0.0,0.0,102473.18
1648911,IT,BG,WEARI,VEGET,0.04,5122.931,3,3,5122.931,0.0,0.0,0.0,0.0,128073.275
1659688,IT,DE,RAILW,PRINT,0.03,5122.725,3,3,5122.725,0.0,0.0,0.0,0.0,170757.5
1652487,IT,CZ,WEARI,CHEM1,0.04,5122.648,3,3,5122.648,0.0,0.0,0.0,0.0,128066.2
1763208,IT,MX,WOODW,FOOD5,0.01,5122.595,3,3,5122.595,0.0,0.0,0.0,0.0,512259.5
1678504,IT,FR,93197,93197,0.03,5122.546,3,3,5122.546,0.0,0.0,0.0,0.0,170751.533333
1667738,IT,ES,OFFIC,WHEAT,0.02,5122.528,3,3,5122.528,0.0,0.0,0.0,0.0,256126.4
1645851,IT,BE,GLASS,MOTOR,0.01,5122.137,3,3,5122.137,0.0,0.0,0.0,0.0,512213.7
1795046,IT,WL,ADDIT,ADDIT,0.01,5121.523,3,3,5121.523,0.0,0.0,0.0,0.0,512152.3
1718137,IT,PL,VEGE1,FABRI,0.02,5121.075,3,3,5121.075,0.0,0.0,0.0,0.0,256053.75
1784071,IT,ID,LEATH,SUBBI,0.04,5120.788,3,3,5120.788,0.0,0.0,0.0,0.0,128019.7
1728145,IT,SE,DAIRY,PROCE,0.02,5120.755,3,3,5120.755,0.0,0.0,0.0,0.0,256037.75
1687436,IT,HU,RAILW,PULP5,0.03,5120.645,3,3,5120.645,0.0,0.0,0.0,0.0,170688.166667
1813729,IT,WM,HOTEL,TEXTI,0.04,5120.441,3,3,5120.441,0.0,0.0,0.0,0.0,128011.025
1738151,IT,GB,GLASS,COPP1,0.01,5120.356,3,3,5120.356,0.0,0.0,0.0,0.0,512035.6
1753156,IT,CA,RUBBE,FOOD4,0.02,5120.264,3,3,5120.264,0.0,0.0,0.0,0.0,256013.2
1806623,IT,WF,SALEM,DISTR,0.04,5120.047,3,3,5120.047,0.0,0.0,0.0,0.0,128001.175
1713115,IT,MT,FOOD5,REALE,0.02,5119.931,3,3,5119.931,0.0,0.0,0.0,0.0,255996.55
1742656,IT,US,COPP1,DISTR,0.01,5119.659,3,3,5119.659,0.0,0.0,0.0,0.0,511965.9
1673650,IT,FR,WOODW,FOOD3,0.01,5119.495,3,3,5119.495,0.0,0.0,0.0,0.0,511949.5
1737132,IT,GB,MEAT4,REALE,0.03,5119.189,3,3,5119.189,0.0,0.0,0.0,0.0,170639.633333
1784720,IT,ID,FURNI,FINAN,0.02,5119.101,3,3,5119.101,0.0,0.0,0.0,0.0,255955.05
1802246,IT,WE,LANDT,VEGET,0.03,5118.946,3,3,5118.946,0.0,0.0,0.0,0.0,170631.533333
1660361,IT,DE,FINAN,PFERT,0.07,5118.84,3,3,5118.84,0.0,0.0,0.0,0.0,73126.285714
1789717,IT,WA,GLASS,PIGS9,0.01,5118.788,3,3,5118.788,0.0,0.0,0.0,0.0,511878.8
1647487,IT,BE,SUPPO,LEATH,0.04,5118.597,3,3,5118.597,0.0,0.0,0.0,0.0,127964.925
1735358,IT,SK,NONME,BEVER,0.01,5118.562,3,3,5118.562,0.0,0.0,0.0,0.0,511856.2
1663690,IT,DK,RECRE,RECRE,0.07,5118.455,3,3,5118.455,0.0,0.0,0.0,0.0,73120.785714
1761894,IT,IN,FURNI,OILSE,0.02,5118.287,3,3,5118.287,0.0,0.0,0.0,0.0,255914.35
1673560,IT,FR,LEATH,MEMBE,0.04,5118.217,3,3,5118.217,0.0,0.0,0.0,0.0,127955.425
1808520,IT,WF,PAPE4,PIGS9,0.03,5118.059,3,3,5118.059,0.0,0.0,0.0,0.0,170601.966667
1754227,IT,CA,POSTT,GASDI,0.08,5117.21,3,3,5117.21,0.0,0.0,0.0,0.0,63965.125
1809124,IT,WM,CROPS,FABRI,0.04,5117.003,3,3,5117.003,0.0,0.0,0.0,0.0,127925.075
1648873,IT,BG,TEXTI,NONF1,0.03,5116.968,3,3,5116.968,0.0,0.0,0.0,0.0,170565.6
1714509,IT,NL,CRUDE,PAPER,0.01,5116.888,3,3,5116.888,0.0,0.0,0.0,0.0,511688.8
1761914,IT,IN,FURNI,COKEO,0.02,5116.863,3,3,5116.863,0.0,0.0,0.0,0.0,255843.15
1685513,IT,HU,PAPER,MOTOR,0.02,5116.862,3,3,5116.862,0.0,0.0,0.0,0.0,255843.1
1654621,IT,CZ,LANDT,POULT,0.03,5116.54,3,3,5116.54,0.0,0.0,0.0,0.0,170551.333333
1684190,IT,HR,LANDT,POSTT,0.03,5116.155,3,3,5116.155,0.0,0.0,0.0,0.0,170538.5
1669111,IT,ES,SUPPO,INERT,0.04,5115.951,3,3,5115.951,0.0,0.0,0.0,0.0,127898.775
1658854,IT,DE,MOTO1,93197,0.03,5115.945,3,3,5115.945,0.0,0.0,0.0,0.0,170531.5
1651960,IT,CY,BUSIN,INLAN,0.05,5115.931,3,3,5115.931,0.0,0.0,0.0,0.0,102318.62
1764522,IT,MX,CONST,RENTI,0.03,5115.784,3,3,5115.784,0.0,0.0,0.0,0.0,170526.133333
1752690,IT,CA,WEARI,PAPE4,0.04,5115.193,3,3,5115.193,0.0,0.0,0.0,0.0,127879.825
1785885,IT,ZA,ADDIT,COPP1,0.01,5115.13,3,3,5115.13,0.0,0.0,0.0,0.0,511513.0
1735240,IT,SK,GLASS,CATTL,0.01,5115.079,3,3,5115.079,0.0,0.0,0.0,0.0,511507.9
1718041,IT,PL,MEATC,MEAT1,0.02,5114.863,3,3,5114.863,0.0,0.0,0.0,0.0,255743.15
1684866,IT,HU,STONE,WHOLE,0.02,5114.807,3,3,5114.807,0.0,0.0,0.0,0.0,255740.35
1784650,IT,ID,OFFIC,BITUM,0.02,5114.741,3,3,5114.741,0.0,0.0,0.0,0.0,255737.05
1783562,IT,NO,PAPE2,ALUM1,0.04,5114.675,3,3,5114.675,0.0,0.0,0.0,0.0,127866.875
1759953,IT,BR,PLAS1,RETA1,0.02,5114.652,3,3,5114.652,0.0,0.0,0.0,0.0,255732.6
1740779,IT,US,MEAT4,COMPU,0.03,5114.58,3,3,5114.58,0.0,0.0,0.0,0.0,170486.0
1747773,IT,JP,AUXIL,OFFIC,0.09,5114.339,3,3,5114.339,0.0,0.0,0.0,0.0,56825.988889
1754392,IT,CA,RENTI,HYDRO,0.03,5114.099,3,3,5114.099,0.0,0.0,0.0,0.0,170469.966667
1784483,IT,ID,FABRI,OILSE,0.02,5113.721,3,3,5113.721,0.0,0.0,0.0,0.0,255686.05
1784530,IT,ID,FABRI,RAILW,0.02,5113.644,3,3,5113.644,0.0,0.0,0.0,0.0,255682.2
1809856,IT,WM,BEVER,PLANT,0.02,5113.402,3,3,5113.402,0.0,0.0,0.0,0.0,255670.1
1645017,IT,BE,PULP5,TRANS,0.02,5113.322,3,3,5113.322,0.0,0.0,0.0,0.0,255666.1
1760308,IT,IN,STONE,PAPER,0.02,5113.149,3,3,5113.149,0.0,0.0,0.0,0.0,255657.45
1744615,IT,US,RENTI,WHOLE,0.03,5112.978,3,3,5112.978,0.0,0.0,0.0,0.0,170432.6
1762082,IT,IN,RETA1,TRANS,0.05,5112.781,3,3,5112.781,0.0,0.0,0.0,0.0,102255.62
1681314,IT,GR,INSUR,REFI1,0.11,5112.743,3,3,5112.743,0.0,0.0,0.0,0.0,46479.481818
1748980,IT,CN,LEATH,PATEN,0.04,5112.074,3,3,5112.074,0.0,0.0,0.0,0.0,127801.85
1728576,IT,SE,PAPER,RADIO,0.02,5111.935,3,3,5111.935,0.0,0.0,0.0,0.0,255596.75
1641055,IT,AT,PAPER,STONE,0.02,5111.752,3,3,5111.752,0.0,0.0,0.0,0.0,255587.6
1768830,IT,AU,LEATH,FOUND,0.04,5111.611,3,3,5111.611,0.0,0.0,0.0,0.0,127790.275
1686012,IT,HU,BIODI,TRANS,0.01,5111.61,3,3,5111.61,0.0,0.0,0.0,0.0,511161.0
1738261,IT,GB,NONME,TEXTI,0.01,5111.592,3,3,5111.592,0.0,0.0,0.0,0.0,511159.2
1656262,IT,DE,WEARI,POSTT,0.04,5111.486,3,3,5111.486,0.0,0.0,0.0,0.0,127787.15
1648951,IT,BG,WEARI,AIRTR,0.04,5111.456,3,3,5111.456,0.0,0.0,0.0,0.0,127786.4
1640832,IT,AT,WEARI,EDUCA,0.04,5110.849,3,3,5110.849,0.0,0.0,0.0,0.0,127771.225
1664974,IT,ES,SANDC,REALE,0.01,5110.809,4,4,5109.809,0.0,0.0,1.0,0.0,511080.9
1687099,IT,HU,MOTO1,FOOD3,0.03,5110.433,3,3,5110.433,0.0,0.0,0.0,0.0,170347.766667
1684208,IT,HR,LANDT,93197,0.03,5110.42,3,3,5110.42,0.0,0.0,0.0,0.0,170347.333333
1668435,IT,ES,RETA1,RETA1,0.05,5110.133,3,3,5110.133,0.0,0.0,0.0,0.0,102202.66
1787221,IT,WA,VEGET,IRONO,0.02,5109.959,3,3,5109.959,0.0,0.0,0.0,0.0,255497.95
1808202,IT,WF,OILHA,COMPU,0.03,5109.945,3,3,5109.945,0.0,0.0,0.0,0.0,170331.5
1663139,IT,DK,LANDT,NATUR,0.03,5109.667,3,3,5109.667,0.0,0.0,0.0,0.0,170322.233333
1807379,IT,WF,FINAN,FURNI,0.07,5109.641,3,3,5109.641,0.0,0.0,0.0,0.0,72994.871429
1664473,IT,EE,OFFIC,AIRTR,0.02,5109.626,3,3,5109.626,0.0,0.0,0.0,0.0,255481.3
1787512,IT,WA,CHEMI,PROCE,0.01,5109.456,3,3,5109.456,0.0,0.0,0.0,0.0,510945.6
1690199,IT,IE,BUSIN,FABRI,0.05,5109.454,3,3,5109.454,0.0,0.0,0.0,0.0,102189.08
1709573,IT,LT,PAPER,CATTL,0.02,5109.018,3,3,5109.018,0.0,0.0,0.0,0.0,255450.9
1768631,IT,AU,FISH5,REALE,0.02,5108.941,4,4,5108.938,0.0,0.0,0.0,0.003,255447.05
1661824,IT,DK,WOODW,FOODW,0.01,5108.874,3,3,5108.874,0.0,0.0,0.0,0.0,510887.4
1814803,IT,WM,PAPE4,EDUCA,0.03,5108.686,3,3,5108.686,0.0,0.0,0.0,0.0,170289.533333
1769955,IT,AU,TRANS,PLANT,0.03,5108.421,3,3,5108.421,0.0,0.0,0.0,0.0,170280.7
1810541,IT,WM,PAPER,NONF1,0.02,5108.393,3,3,5108.393,0.0,0.0,0.0,0.0,255419.65
1814644,IT,WM,PAPE1,ELEC2,0.04,5108.084,3,3,5108.084,0.0,0.0,0.0,0.0,127702.1
1792945,IT,WA,PAPE1,WHOLE,0.04,5108.075,3,3,5108.075,0.0,0.0,0.0,0.0,127701.875
1643078,IT,AT,WHOLE,FOOD5,0.04,5108.062,3,3,5108.062,0.0,0.0,0.0,0.0,127701.55
1679342,IT,GR,PLAST,MEATP,0.01,5107.933,3,3,5107.933,0.0,0.0,0.0,0.0,510793.3
1799534,IT,WE,PRINT,WOODW,0.05,5107.24,3,3,5107.24,0.0,0.0,0.0,0.0,102144.8
1723754,IT,PT,OFFIC,CROPS,0.02,5107.052,3,3,5107.052,0.0,0.0,0.0,0.0,255352.6
1782642,IT,NO,SALEM,TRANS,0.04,5107.046,3,3,5107.046,0.0,0.0,0.0,0.0,127676.15
1751501,IT,CN,SUPPO,COPPE,0.04,5106.928,3,3,5106.928,0.0,0.0,0.0,0.0,127673.2
1725477,IT,RO,WEARI,ELEC3,0.04,5106.681,3,3,5106.681,0.0,0.0,0.0,0.0,127667.025
1669648,IT,ES,RENTI,PAPE4,0.03,5106.662,3,3,5106.662,0.0,0.0,0.0,0.0,170222.066667
1792644,IT,WA,RESEA,FOOD5,0.03,5106.503,3,3,5106.503,0.0,0.0,0.0,0.0,170216.766667
1711805,IT,LU,PUBLI,RENTI,0.08,5106.168,3,3,5106.168,0.0,0.0,0.0,0.0,63827.1
1779469,IT,TR,RENTI,BEVER,0.03,5105.846,3,3,5105.846,0.0,0.0,0.0,0.0,170194.866667
1793714,IT,WL,FOOD5,LANDT,0.02,5105.524,3,3,5105.524,0.0,0.0,0.0,0.0,255276.2
1646920,IT,BE,WHOLE,RADIO,0.04,5105.306,3,3,5105.306,0.0,0.0,0.0,0.0,127632.65
1681208,IT,GR,POSTT,EDUCA,0.08,5105.301,3,3,5105.301,0.0,0.0,0.0,0.0,63816.2625
1664984,IT,ES,CHEMI,VEGE1,0.01,5105.205,3,3,5105.205,0.0,0.0,0.0,0.0,510520.5
1787555,IT,WA,CHEMI,RAILW,0.01,5104.811,3,3,5104.811,0.0,0.0,0.0,0.0,510481.1
1720694,IT,PL,MOTO1,WOOD1,0.03,5104.796,3,3,5104.796,0.0,0.0,0.0,0.0,170159.866667
1746051,IT,JP,PAPER,FOODW,0.02,5104.654,3,3,5104.654,0.0,0.0,0.0,0.0,255232.7
1770396,IT,AU,LANDT,SALEM,0.03,5104.452,3,3,5104.452,0.0,0.0,0.0,0.0,170148.4
1760481,IT,IN,TEXTI,BASIC,0.03,5103.923,3,3,5103.923,0.0,0.0,0.0,0.0,170130.766667
1710748,IT,LU,FISH5,MEATP,0.02,5103.728,4,4,5103.725,0.0,0.0,0.0,0.003,255186.4
1772751,IT,CH,NONME,WHEAT,0.01,5103.71,3,3,5103.71,0.0,0.0,0.0,0.0,510371.0
1640930,IT,AT,WOODW,CROPS,0.01,5103.685,3,3,5103.685,0.0,0.0,0.0,0.0,510368.5
1655535,IT,DE,STONE,NUCLE,0.02,5103.442,3,3,5103.442,0.0,0.0,0.0,0.0,255172.1
1758709,IT,BR,RETAI,LIQUI,0.04,5103.172,3,3,5103.172,0.0,0.0,0.0,0.0,127579.3
1659415,IT,DE,WHOLE,LEAD1,0.04,5103.14,3,3,5103.14,0.0,0.0,0.0,0.0,127578.5
1752263,IT,CA,FORES,CONST,0.04,5103.14,4,4,5101.14,0.0,2.0,0.0,0.0,127578.5
1799341,IT,WE,WOODW,SALEM,0.01,5103.059,3,3,5103.059,0.0,0.0,0.0,0.0,510305.9
1796525,IT,WL,RETA1,MEDIC,0.05,5102.793,3,3,5102.793,0.0,0.0,0.0,0.0,102055.86
1730231,IT,SE,LANDT,RECRE,0.03,5102.641,3,3,5102.641,0.0,0.0,0.0,0.0,170088.033333
1680124,IT,GR,OFFIC,ALUM1,0.02,5102.324,3,3,5102.324,0.0,0.0,0.0,0.0,255116.2
1781375,IT,NO,DAIRY,FINAN,0.02,5102.303,3,3,5102.303,0.0,0.0,0.0,0.0,255115.15
1771460,IT,CH,BEVER,CEMEN,0.02,5102.303,3,3,5102.303,0.0,0.0,0.0,0.0,255115.15
1717948,IT,PL,STONE,RETA1,0.02,5102.131,3,3,5102.131,0.0,0.0,0.0,0.0,255106.55
1648224,IT,BE,BUSIN,BLAST,0.05,5102.09,3,3,5102.09,0.0,0.0,0.0,0.0,102041.8
1744188,IT,US,POSTT,RAWMI,0.08,5102.057,3,3,5102.057,0.0,0.0,0.0,0.0,63775.7125
1793772,IT,WL,FISH5,WHOLE,0.02,5101.742,4,4,5101.739,0.0,0.0,0.0,0.003,255087.1
1722482,IT,PT,SUGA1,BEVER,0.01,5101.655,3,3,5101.655,0.0,0.0,0.0,0.0,510165.5
1673208,IT,FR,BEVER,FOOD2,0.02,5101.488,3,3,5101.488,0.0,0.0,0.0,0.0,255074.4
1752290,IT,CA,SANDC,MOTOR,0.01,5101.352,4,4,5100.352,0.0,0.0,1.0,0.0,510135.2
1742030,IT,US,ADDIT,INERT,0.01,5100.87,3,3,5100.87,0.0,0.0,0.0,0.0,510087.0
1680896,IT,GR,LANDT,MEDIC,0.03,5100.667,3,3,5100.667,0.0,0.0,0.0,0.0,170022.233333
1783769,IT,NO,PAPE4,BUSIN,0.03,5100.622,3,3,5100.622,0.0,0.0,0.0,0.0,170020.733333
1777722,IT,TR,COPP1,COMPU,0.01,5100.275,3,3,5100.275,0.0,0.0,0.0,0.0,510027.5
1727509,IT,RO,AUXIL,INLAN,0.09,5100.185,3,3,5100.185,0.0,0.0,0.0,0.0,56668.722222
1722594,IT,PT,TOBAC,WHOLE,0.02,5100.175,3,3,5100.175,0.0,0.0,0.0,0.0,255008.75
1776229,IT,TR,WOODW,RAILW,0.01,5100.13,3,3,5100.13,0.0,0.0,0.0,0.0,510013.0
1728087,IT,SE,MEAT4,RESEA,0.03,5099.767,3,3,5099.767,0.0,0.0,0.0,0.0,169992.233333
1758485,IT,BR,MACHI,KEROS,0.03,5099.586,3,3,5099.586,0.0,0.0,0.0,0.0,169986.2
1782011,IT,NO,RUBBE,COLLE,0.02,5099.522,3,3,5099.522,0.0,0.0,0.0,0.0,254976.1
1662701,IT,DK,MACHI,REALE,0.03,5099.238,3,3,5099.238,0.0,0.0,0.0,0.0,169974.6
1648842,IT,BG,TEXTI,MEAT4,0.03,5098.902,3,3,5098.902,0.0,0.0,0.0,0.0,169963.4
1671350,IT,FI,COPP1,NONF1,0.01,5098.876,3,3,5098.876,0.0,0.0,0.0,0.0,509887.6
1806576,IT,WF,CONST,SANDC,0.03,5098.688,3,3,5098.688,0.0,0.0,0.0,0.0,169956.266667
1814853,IT,WM,MEMBE,PUBLI,0.06,5098.568,3,3,5098.568,0.0,0.0,0.0,0.0,84976.133333
1798092,IT,WL,93197,CONST,0.03,5098.042,3,3,5098.042,0.0,0.0,0.0,0.0,169934.733333
1758423,IT,BR,FABRI,TRAN1,0.02,5097.963,3,3,5097.963,0.0,0.0,0.0,0.0,254898.15
1783641,IT,NO,FOOD3,PUBLI,0.01,5097.826,3,3,5097.826,0.0,0.0,0.0,0.0,509782.6
1678404,IT,FR,INERT,DAIRY,0.04,5097.774,3,3,5097.774,0.0,0.0,0.0,0.0,127444.35
1802050,IT,WE,WHOLE,FINAN,0.04,5097.618,3,3,5097.618,0.0,0.0,0.0,0.0,127440.45
1720274,IT,PL,FABRI,TOBAC,0.02,5097.396,3,3,5097.396,0.0,0.0,0.0,0.0,254869.8
1814582,IT,WM,BUSIN,OFFIC,0.05,5097.33,3,3,5097.33,0.0,0.0,0.0,0.0,101946.6
1727368,IT,RO,POSTT,PAPE4,0.08,5097.298,3,3,5097.298,0.0,0.0,0.0,0.0,63716.225
1663739,IT,EE,FOOD5,CATTL,0.02,5096.573,3,3,5096.573,0.0,0.0,0.0,0.0,254828.65
1735712,IT,SK,FABRI,ELEC2,0.02,5095.908,3,3,5095.908,0.0,0.0,0.0,0.0,254795.4
1785954,IT,ZA,RUBBE,PREC1,0.02,5095.776,3,3,5095.776,0.0,0.0,0.0,0.0,254788.8
1681939,IT,HR,FOOD5,MEATP,0.02,5095.729,3,3,5095.729,0.0,0.0,0.0,0.0,254786.45
1800421,IT,WE,ADDIT,NAPHT,0.01,5095.717,3,3,5095.717,0.0,0.0,0.0,0.0,509571.7
1762535,IT,IN,INSUR,RETA1,0.11,5095.706,3,3,5095.706,0.0,0.0,0.0,0.0,46324.6
1808044,IT,WF,INTER,AUXIL,0.03,5095.692,3,3,5095.692,0.0,0.0,0.0,0.0,169856.4
1735057,IT,SK,CHEM1,CHEMI,0.01,5095.545,3,3,5095.545,0.0,0.0,0.0,0.0,509554.5
1644460,IT,BE,VEGE1,BIODI,0.02,5095.245,3,3,5095.245,0.0,0.0,0.0,0.0,254762.25
1640745,IT,AT,TEXTI,LEAD1,0.03,5095.053,3,3,5095.053,0.0,0.0,0.0,0.0,169835.1
1641174,IT,AT,PRINT,BASIC,0.05,5094.985,3,3,5094.985,0.0,0.0,0.0,0.0,101899.7
1802752,IT,WE,RESEA,AUXIL,0.03,5094.927,3,3,5094.927,0.0,0.0,0.0,0.0,169830.9
1678038,IT,FR,EDUCA,RETA1,0.13,5094.834,3,3,5094.834,0.0,0.0,0.0,0.0,39191.030769
1771403,IT,CH,FOOD5,BRICK,0.02,5094.218,3,3,5094.218,0.0,0.0,0.0,0.0,254710.9
1751293,IT,CN,RAILW,RUBBE,0.03,5094.022,3,3,5094.022,0.0,0.0,0.0,0.0,169800.733333
1771516,IT,CH,FISH5,BUSIN,0.02,5093.751,4,4,5093.748,0.0,0.0,0.0,0.003,254687.55
1781733,IT,NO,PAPER,CERAM,0.02,5093.576,3,3,5093.576,0.0,0.0,0.0,0.0,254678.8
1668739,IT,ES,LANDT,PREC1,0.03,5093.51,3,3,5093.51,0.0,0.0,0.0,0.0,169783.666667
1739676,IT,GB,SUPPO,MEAT1,0.04,5093.083,3,3,5093.083,0.0,0.0,0.0,0.0,127327.075
1802845,IT,WE,PLAS1,REALE,0.02,5093.038,3,3,5093.038,0.0,0.0,0.0,0.0,254651.9
1730874,IT,SE,FOODW,RETA1,0.04,5092.246,3,3,5092.246,0.0,0.0,0.0,0.0,127306.15
1757535,IT,BR,PRINT,93197,0.05,5091.911,3,3,5091.911,0.0,0.0,0.0,0.0,101838.22
1670674,IT,FI,LEATH,WOOD2,0.04,5091.61,3,3,5091.61,0.0,0.0,0.0,0.0,127290.25
1659766,IT,DE,LANDT,MEATA,0.03,5091.493,3,3,5091.493,0.0,0.0,0.0,0.0,169716.433333
1674725,IT,FR,GLASS,FOOD1,0.01,5091.345,3,3,5091.345,0.0,0.0,0.0,0.0,509134.5
1709313,IT,LT,SANDC,RAILW,0.01,5091.107,4,4,5090.107,0.0,0.0,1.0,0.0,509110.7
1784949,IT,ID,INSUR,WOODW,0.1,5090.858,3,3,5090.858,0.0,0.0,0.0,0.0,50908.58
1647784,IT,BE,AUXIL,FISH5,0.09,5090.827,3,3,5090.827,0.0,0.0,0.0,0.0,56564.744444
1678108,IT,FR,PAPE1,COPP1,0.04,5090.691,3,3,5090.691,0.0,0.0,0.0,0.0,127267.275
1801881,IT,WE,CONST,CEMEN,0.03,5090.647,3,3,5090.647,0.0,0.0,0.0,0.0,169688.233333
1758866,IT,BR,HOTEL,GLASS,0.04,5090.141,3,3,5090.141,0.0,0.0,0.0,0.0,127253.525
1760162,IT,BR,WASTE,AIRTR,0.02,5089.964,3,3,5089.964,0.0,0.0,0.0,0.0,254498.2
1729985,IT,SE,SALEM,PRECI,0.04,5089.753,3,3,5089.753,0.0,0.0,0.0,0.0,127243.825
1690409,IT,IE,FOOD4,PFERT,0.04,5089.75,3,3,5089.75,0.0,0.0,0.0,0.0,127243.75
1774978,IT,CH,AUXIL,SALEM,0.09,5089.324,3,3,5089.324,0.0,0.0,0.0,0.0,56548.044444
1750822,IT,CN,FURNI,NFERT,0.02,5089.284,3,3,5089.284,0.0,0.0,0.0,0.0,254464.2
1649645,IT,BG,GLASS,HEALT,0.01,5089.22,3,3,5089.22,0.0,0.0,0.0,0.0,508922.0
1709496,IT,LT,WEARI,RETA1,0.04,5089.075,3,3,5089.075,0.0,0.0,0.0,0.0,127226.875
1710073,IT,LT,FABRI,NONSP,0.02,5088.484,3,3,5088.484,0.0,0.0,0.0,0.0,254424.2
1801446,IT,WE,MOTO1,STONE,0.03,5088.48,3,3,5088.48,0.0,0.0,0.0,0.0,169616.0
1784032,IT,ID,TEXTI,MACHI,0.03,5088.384,3,3,5088.384,0.0,0.0,0.0,0.0,169612.8
1759388,IT,BR,INSUR,OILSE,0.1,5088.152,3,3,5088.152,0.0,0.0,0.0,0.0,50881.52
1755764,IT,KR,GLASS,INSUR,0.01,5088.077,3,3,5088.077,0.0,0.0,0.0,0.0,508807.7
1723152,IT,PT,RUBBE,CEREA,0.02,5087.845,3,3,5087.845,0.0,0.0,0.0,0.0,254392.25
1667048,IT,ES,NONME,LUBRI,0.01,5087.752,3,3,5087.752,0.0,0.0,0.0,0.0,508775.2
1724523,IT,PT,POSTT,RUBBE,0.08,5087.601,3,3,5087.601,0.0,0.0,0.0,0.0,63595.0125
1758655,IT,BR,FURNI,ELECT,0.02,5087.515,3,3,5087.515,0.0,0.0,0.0,0.0,254375.75
1745998,IT,JP,PAPER,TEXTI,0.02,5087.0,3,3,5087.0,0.0,0.0,0.0,0.0,254350.0
1729139,IT,SE,GLASS,GASDI,0.01,5086.966,3,3,5086.966,0.0,0.0,0.0,0.0,508696.6
1710158,IT,LT,MACHI,BASIC,0.03,5086.808,3,3,5086.808,0.0,0.0,0.0,0.0,169560.266667
1654269,IT,CZ,FURNI,MACHI,0.02,5086.393,3,3,5086.393,0.0,0.0,0.0,0.0,254319.65
1680456,IT,GR,ELEC4,HEALT,0.08,5086.003,3,3,5086.003,0.0,0.0,0.0,0.0,63575.0375
1712641,IT,LV,MOTO1,BUSIN,0.03,5085.807,3,3,5085.807,0.0,0.0,0.0,0.0,169526.9
1669959,IT,ES,EDUCA,DISTR,0.13,5085.714,3,3,5085.714,0.0,0.0,0.0,0.0,39120.876923
1747842,IT,JP,RENTI,CATTL,0.03,5085.636,3,3,5085.636,0.0,0.0,0.0,0.0,169521.2
1753691,IT,CA,MOTO1,RENTI,0.03,5085.566,3,3,5085.566,0.0,0.0,0.0,0.0,169518.866667
1727495,IT,RO,AUXIL,ELEC3,0.09,5085.234,3,3,5085.234,0.0,0.0,0.0,0.0,56502.6
1659490,IT,DE,RETA1,RUBBE,0.05,5085.022,3,3,5085.022,0.0,0.0,0.0,0.0,101700.44
1743399,IT,US,SALEM,REALE,0.04,5084.988,3,3,5084.988,0.0,0.0,0.0,0.0,127124.7
1719126,IT,PL,PLAST,MEAT1,0.01,5084.746,3,3,5084.746,0.0,0.0,0.0,0.0,508474.6
1780409,IT,TW,SUPPO,LEATH,0.04,5084.631,3,3,5084.631,0.0,0.0,0.0,0.0,127115.775
1716797,IT,NL,RETA1,COMPU,0.05,5084.354,3,3,5084.354,0.0,0.0,0.0,0.0,101687.08
1766612,IT,RU,FABRI,MEATP,0.02,5084.343,3,3,5084.343,0.0,0.0,0.0,0.0,254217.15
1648645,IT,BG,DAIRY,CROPS,0.02,5084.248,3,3,5084.248,0.0,0.0,0.0,0.0,254212.4
1758097,IT,BR,GLASS,MEDIC,0.01,5084.235,3,3,5084.235,0.0,0.0,0.0,0.0,508423.5
1797889,IT,WL,WASTE,FOOD5,0.02,5084.209,3,3,5084.209,0.0,0.0,0.0,0.0,254210.45
1756040,IT,KR,FABRI,STONE,0.02,5084.058,3,3,5084.058,0.0,0.0,0.0,0.0,254202.9
1768709,IT,AU,WEARI,WHEAT,0.04,5083.995,3,3,5083.995,0.0,0.0,0.0,0.0,127099.875
1677878,IT,FR,BUSIN,LUBRI,0.05,5083.993,3,3,5083.993,0.0,0.0,0.0,0.0,101679.86
1789793,IT,WA,GLASS,COMPU,0.01,5083.599,3,3,5083.599,0.0,0.0,0.0,0.0,508359.9
1715699,IT,NL,PLAST,CHEMI,0.01,5083.419,3,3,5083.419,0.0,0.0,0.0,0.0,508341.9
1737444,IT,GB,LEATH,TEXTI,0.04,5083.043,3,3,5083.043,0.0,0.0,0.0,0.0,127076.075
1651043,IT,BG,POSTT,COMPU,0.08,5083.009,3,3,5083.009,0.0,0.0,0.0,0.0,63537.6125
1747802,IT,JP,AUXIL,BUSIN,0.09,5082.867,3,3,5082.867,0.0,0.0,0.0,0.0,56476.3
1686863,IT,HU,FABRI,PAPE1,0.02,5082.839,3,3,5082.839,0.0,0.0,0.0,0.0,254141.95
1745138,IT,US,RECRE,RENTI,0.06,5082.741,3,3,5082.741,0.0,0.0,0.0,0.0,84712.35
1747214,IT,JP,CONST,OILHA,0.03,5082.627,3,3,5082.627,0.0,0.0,0.0,0.0,169420.9
1667640,IT,ES,MACHI,REFIN,0.03,5082.625,3,3,5082.625,0.0,0.0,0.0,0.0,169420.833333
1768799,IT,AU,LEATH,CRUDE,0.04,5082.422,3,3,5082.422,0.0,0.0,0.0,0.0,127060.55
1725004,IT,PT,INTER,NONF1,0.03,5082.081,3,3,5082.081,0.0,0.0,0.0,0.0,169402.7
1786089,IT,ZA,NONME,HEAVY,0.01,5082.072,3,3,5082.072,0.0,0.0,0.0,0.0,508207.2
1719395,IT,PL,RUBBE,NAPHT,0.02,5081.833,3,3,5081.833,0.0,0.0,0.0,0.0,254091.65
1734418,IT,SK,VEGET,RAILW,0.02,5081.777,3,3,5081.777,0.0,0.0,0.0,0.0,254088.85
1784907,IT,ID,POSTT,FURNI,0.08,5081.77,3,3,5081.77,0.0,0.0,0.0,0.0,63522.125
1730429,IT,SE,POSTT,FOUND,0.08,5081.677,3,3,5081.677,0.0,0.0,0.0,0.0,63520.9625
1729674,IT,SE,FABRI,RAILW,0.02,5081.592,3,3,5081.592,0.0,0.0,0.0,0.0,254079.6
1660177,IT,DE,SUPPO,SECO9,0.04,5081.235,3,3,5081.235,0.0,0.0,0.0,0.0,127030.875
1665813,IT,ES,PRINT,CROPS,0.05,5081.207,3,3,5081.207,0.0,0.0,0.0,0.0,101624.14
1793148,IT,WA,93197,FISHF,0.03,5081.187,3,3,5081.187,0.0,0.0,0.0,0.0,169372.9
1727980,IT,SE,FORES,WOOD1,0.04,5081.136,4,4,5079.136,0.0,2.0,0.0,0.0,127028.4
1684405,IT,HR,POSTT,RECRE,0.08,5081.085,3,3,5081.085,0.0,0.0,0.0,0.0,63513.5625
1795866,IT,WL,OFFIC,GASDI,0.02,5081.012,3,3,5081.012,0.0,0.0,0.0,0.0,254050.6
1745603,IT,JP,TOBAC,SEACO,0.02,5080.96,3,3,5080.96,0.0,0.0,0.0,0.0,254048.0
1774234,IT,CH,RETA1,BIOG1,0.05,5080.545,3,3,5080.545,0.0,0.0,0.0,0.0,101610.9
1718436,IT,PL,TOBAC,CONST,0.02,5080.519,3,3,5080.519,0.0,0.0,0.0,0.0,254025.95
1647040,IT,BE,RETA1,PLAS1,0.05,5080.502,3,3,5080.502,0.0,0.0,0.0,0.0,101610.04
1643814,IT,AT,FINAN,BASIC,0.07,5080.108,3,3,5080.108,0.0,0.0,0.0,0.0,72572.971429
1682197,IT,HR,WEARI,BRICK,0.04,5080.08,3,3,5080.08,0.0,0.0,0.0,0.0,127002.0
1688831,IT,IE,NONME,TRAN1,0.01,5079.161,3,3,5079.161,0.0,0.0,0.0,0.0,507916.1
1780279,IT,TW,LANDT,TRANS,0.03,5079.068,3,3,5079.068,0.0,0.0,0.0,0.0,169302.266667
1727643,IT,RO,RENTI,PFERT,0.03,5079.046,3,3,5079.046,0.0,0.0,0.0,0.0,169301.533333
1787324,IT,WA,CROPS,HEAVY,0.04,5078.756,3,3,5078.756,0.0,0.0,0.0,0.0,126968.9
1768927,IT,AU,PAPER,CROPS,0.02,5078.717,3,3,5078.717,0.0,0.0,0.0,0.0,253935.85
1763115,IT,MX,WEARI,SALEM,0.04,5078.588,3,3,5078.588,0.0,0.0,0.0,0.0,126964.7
1777762,IT,TR,FABRI,CATTL,0.02,5077.824,3,3,5077.824,0.0,0.0,0.0,0.0,253891.2
1812197,IT,WM,NONME,LEATH,0.01,5077.778,3,3,5077.778,0.0,0.0,0.0,0.0,507777.8
1667099,IT,ES,NONME,PAPE2,0.01,5077.734,3,3,5077.734,0.0,0.0,0.0,0.0,507773.4
1769690,IT,AU,FABRI,PAPE4,0.02,5077.637,3,3,5077.637,0.0,0.0,0.0,0.0,253881.85
1709453,IT,LT,TEXTI,FABRI,0.03,5077.418,3,3,5077.418,0.0,0.0,0.0,0.0,169247.266667
1682490,IT,HR,PRINT,CEMEN,0.05,5077.362,3,3,5077.362,0.0,0.0,0.0,0.0,101547.24
1640988,IT,AT,WOODW,TRAN2,0.01,5076.814,3,3,5076.814,0.0,0.0,0.0,0.0,507681.4
1668278,IT,ES,WHOLE,KEROS,0.04,5076.682,3,3,5076.682,0.0,0.0,0.0,0.0,126917.05
1783546,IT,NO,FOOD1,GLASS,0.03,5076.381,3,3,5076.381,0.0,0.0,0.0,0.0,169212.7
1710428,IT,LT,LANDT,STONE,0.03,5075.937,3,3,5075.937,0.0,0.0,0.0,0.0,169197.9
1717628,IT,NL,BUSIN,CHEMI,0.05,5075.673,3,3,5075.673,0.0,0.0,0.0,0.0,101513.46
1688397,IT,IE,FOOD5,BUSIN,0.02,5075.589,3,3,5075.589,0.0,0.0,0.0,0.0,253779.45
1715754,IT,NL,BIODI,POULT,0.01,5075.391,3,3,5075.391,0.0,0.0,0.0,0.0,507539.1
1663616,IT,DK,BUSIN,GLASS,0.05,5075.203,3,3,5075.203,0.0,0.0,0.0,0.0,101504.06
1646545,IT,BE,OFFIC,BIODI,0.02,5075.171,3,3,5075.171,0.0,0.0,0.0,0.0,253758.55
1725235,IT,RO,FOOD5,MOTOR,0.02,5075.149,3,3,5075.149,0.0,0.0,0.0,0.0,253757.45
1715767,IT,NL,BIODI,PLAST,0.01,5075.094,3,3,5075.094,0.0,0.0,0.0,0.0,507509.4
1786788,IT,ZA,HOTEL,NFERT,0.04,5074.992,3,3,5074.992,0.0,0.0,0.0,0.0,126874.8
1741240,IT,US,WOODW,INSUR,0.01,5074.992,3,3,5074.992,0.0,0.0,0.0,0.0,507499.2
1740978,IT,US,BEVER,RADIO,0.02,5074.704,3,3,5074.704,0.0,0.0,0.0,0.0,253735.2
1793284,IT,WA,PRIVA,BRICK,1.13,5074.672,3,3,5074.672,0.0,0.0,0.0,0.0,4490.860177
1718498,IT,PL,TEXTI,ELEC1,0.03,5074.645,3,3,5074.645,0.0,0.0,0.0,0.0,169154.833333
1659188,IT,DE,CONST,SALEM,0.03,5074.624,3,3,5074.624,0.0,0.0,0.0,0.0,169154.133333
1684421,IT,HR,FINAN,PUBLI,0.07,5074.605,3,3,5074.605,0.0,0.0,0.0,0.0,72494.357143
1680839,IT,GR,RAILW,EDUCA,0.03,5074.442,3,3,5074.442,0.0,0.0,0.0,0.0,169148.066667
1717515,IT,NL,RENTI,MEATP,0.03,5074.383,3,3,5074.383,0.0,0.0,0.0,0.0,169146.1
1806960,IT,WF,LANDT,NONFE,0.03,5074.069,3,3,5074.069,0.0,0.0,0.0,0.0,169135.633333
1670152,IT,ES,MEMBE,KEROS,0.06,5073.676,3,3,5073.676,0.0,0.0,0.0,0.0,84561.266667
1717838,IT,PL,VEGET,POULT,0.02,5073.608,3,3,5073.608,0.0,0.0,0.0,0.0,253680.4
1655419,IT,DE,MEATA,93197,0.03,5073.344,3,3,5073.344,0.0,0.0,0.0,0.0,169111.466667
1752973,IT,CA,CHEM1,NATU1,0.01,5073.24,3,3,5073.24,0.0,0.0,0.0,0.0,507324.0
1710552,IT,LT,POSTT,AIRTR,0.08,5073.043,3,3,5073.043,0.0,0.0,0.0,0.0,63413.0375
1743706,IT,US,RAILW,FINAN,0.03,5072.194,3,3,5072.194,0.0,0.0,0.0,0.0,169073.133333
1784616,IT,ID,MACHI,ELEC7,0.03,5072.027,3,3,5072.027,0.0,0.0,0.0,0.0,169067.566667
1793085,IT,WA,INERT,SEACO,0.04,5072.008,3,3,5072.008,0.0,0.0,0.0,0.0,126800.2
1782291,IT,NO,COPP1,NONME,0.01,5071.815,3,3,5071.815,0.0,0.0,0.0,0.0,507181.5
1740573,IT,US,CROPS,WOODW,0.04,5071.183,3,3,5071.183,0.0,0.0,0.0,0.0,126779.575
1716351,IT,NL,FABRI,PAPE1,0.02,5071.126,3,3,5071.126,0.0,0.0,0.0,0.0,253556.3
1766084,IT,RU,RUBBE,IRONO,0.02,5071.055,3,3,5071.055,0.0,0.0,0.0,0.0,253552.75
1674486,IT,FR,BIODI,FINAN,0.01,5070.87,3,3,5070.87,0.0,0.0,0.0,0.0,507087.0
1679924,IT,GR,FABRI,PROCE,0.02,5070.864,3,3,5070.864,0.0,0.0,0.0,0.0,253543.2
1714705,IT,NL,VEGE1,SUPPO,0.02,5070.577,3,3,5070.577,0.0,0.0,0.0,0.0,253528.85
1805609,IT,WF,NONME,RAWMI,0.01,5070.288,3,3,5070.288,0.0,0.0,0.0,0.0,507028.8
1685846,IT,HU,CHEM1,PROCE,0.01,5070.127,3,3,5070.127,0.0,0.0,0.0,0.0,507012.7
1781648,IT,NO,LEATH,NONME,0.04,5070.066,3,3,5070.066,0.0,0.0,0.0,0.0,126751.65
1768443,IT,AU,DAIRY,MACHI,0.02,5070.052,3,3,5070.052,0.0,0.0,0.0,0.0,253502.6
1763020,IT,MX,BEVER,FINAN,0.02,5069.971,3,3,5069.971,0.0,0.0,0.0,0.0,253498.55
1771164,IT,CH,MEAT4,MEAT1,0.03,5069.801,3,3,5069.801,0.0,0.0,0.0,0.0,168993.366667
1681807,IT,HR,MEAT1,WOODW,0.02,5069.743,3,3,5069.743,0.0,0.0,0.0,0.0,253487.15
1684591,IT,HR,BUSIN,INERT,0.05,5069.732,3,3,5069.732,0.0,0.0,0.0,0.0,101394.64
1791772,IT,WA,RAILW,COMPU,0.03,5069.515,3,3,5069.515,0.0,0.0,0.0,0.0,168983.833333
1723837,IT,PT,MOTO1,REALE,0.03,5069.318,3,3,5069.318,0.0,0.0,0.0,0.0,168977.266667
1781240,IT,NO,FORES,SANDC,0.04,5068.894,4,4,5066.894,0.0,2.0,0.0,0.0,126722.35
1710667,IT,LU,VEGE1,WHOLE,0.02,5068.893,3,3,5068.893,0.0,0.0,0.0,0.0,253444.65
1684489,IT,HR,COMPU,INSUR,0.06,5068.679,3,3,5068.679,0.0,0.0,0.0,0.0,84477.983333
1786754,IT,ZA,RETA1,RECRE,0.05,5068.579,3,3,5068.579,0.0,0.0,0.0,0.0,101371.58
1646859,IT,BE,RETAI,EDUCA,0.04,5068.568,3,3,5068.568,0.0,0.0,0.0,0.0,126714.2
1687097,IT,HU,MOTO1,SEWAG,0.03,5068.108,3,3,5068.108,0.0,0.0,0.0,0.0,168936.933333
1775847,IT,TR,VEGE1,CHEM1,0.02,5067.908,3,3,5067.908,0.0,0.0,0.0,0.0,253395.4
1774398,IT,CH,HOTEL,TEXT2,0.04,5067.838,3,3,5067.838,0.0,0.0,0.0,0.0,126695.95
1670680,IT,FI,WOODW,TEXTI,0.01,5067.692,3,3,5067.692,0.0,0.0,0.0,0.0,506769.2
1720891,IT,PL,CONST,FOOD3,0.03,5067.48,3,3,5067.48,0.0,0.0,0.0,0.0,168916.0
1661110,IT,DE,EDUCA,PUBLI,0.13,5067.312,3,3,5067.312,0.0,0.0,0.0,0.0,38979.323077
1759954,IT,BR,PLAS1,HOTEL,0.02,5067.297,3,3,5067.297,0.0,0.0,0.0,0.0,253364.85
1730199,IT,SE,LANDT,COLLE,0.03,5067.041,3,3,5067.041,0.0,0.0,0.0,0.0,168901.366667
1670883,IT,FI,PLAST,ELECT,0.01,5066.685,3,3,5066.685,0.0,0.0,0.0,0.0,506668.5
1715456,IT,NL,AVIAT,BUSIN,0.01,5066.625,3,3,5066.625,0.0,0.0,0.0,0.0,506662.5
1757322,IT,BR,BEVER,EDUCA,0.02,5066.525,3,3,5066.525,0.0,0.0,0.0,0.0,253326.25
1770697,IT,AU,INSUR,LANDT,0.1,5066.515,3,3,5066.515,0.0,0.0,0.0,0.0,50665.15
1760459,IT,IN,FISH5,RETA1,0.02,5066.481,4,4,5066.478,0.0,0.0,0.0,0.003,253324.05
1672100,IT,FI,POSTT,WOODW,0.08,5066.4,3,3,5066.4,0.0,0.0,0.0,0.0,63330.0
1758401,IT,BR,FABRI,CEMEN,0.02,5066.282,3,3,5066.282,0.0,0.0,0.0,0.0,253314.1
1766579,IT,RU,COPP1,INTER,0.01,5066.215,3,3,5066.215,0.0,0.0,0.0,0.0,506621.5
1769846,IT,AU,OFFIC,CHEM1,0.02,5066.167,3,3,5066.167,0.0,0.0,0.0,0.0,253308.35
1684954,IT,HU,MEAT1,RUBBE,0.02,5066.127,3,3,5066.127,0.0,0.0,0.0,0.0,253306.35
1781244,IT,NO,STONE,BITUM,0.02,5066.12,3,3,5066.12,0.0,0.0,0.0,0.0,253306.0
1795204,IT,WL,GLASS,PLAST,0.01,5066.024,3,3,5066.024,0.0,0.0,0.0,0.0,506602.4
1766061,IT,RU,CHEM1,WOOD2,0.01,5065.882,3,3,5065.882,0.0,0.0,0.0,0.0,506588.2
1648125,IT,BE,RESEA,FURNI,0.03,5065.848,3,3,5065.848,0.0,0.0,0.0,0.0,168861.6
1762166,IT,IN,LANDT,ELEC8,0.03,5065.788,3,3,5065.788,0.0,0.0,0.0,0.0,168859.6
1710418,IT,LT,LANDT,CEREA,0.03,5065.586,3,3,5065.586,0.0,0.0,0.0,0.0,168852.866667
1673652,IT,FR,WOODW,FOOD4,0.01,5065.548,3,3,5065.548,0.0,0.0,0.0,0.0,506554.8
1730340,IT,SE,SUPPO,CHEM1,0.04,5065.382,3,3,5065.382,0.0,0.0,0.0,0.0,126634.55
1757962,IT,BR,ADDIT,SUPPO,0.01,5065.155,3,3,5065.155,0.0,0.0,0.0,0.0,506515.5
1788607,IT,WA,PAPER,FOOD4,0.02,5064.653,3,3,5064.653,0.0,0.0,0.0,0.0,253232.65
1726061,IT,RO,RUBBE,RAWMI,0.02,5064.646,3,3,5064.646,0.0,0.0,0.0,0.0,253232.3
1738115,IT,GB,GLASS,NATU1,0.01,5064.621,3,3,5064.621,0.0,0.0,0.0,0.0,506462.1
1687269,IT,HU,WHOLE,FURNI,0.04,5064.451,3,3,5064.451,0.0,0.0,0.0,0.0,126611.275
1659220,IT,DE,SALEM,VEGET,0.04,5064.202,3,3,5064.202,0.0,0.0,0.0,0.0,126605.05
1668438,IT,ES,RETA1,TRAN2,0.05,5064.04,3,3,5064.04,0.0,0.0,0.0,0.0,101280.8
1654406,IT,CZ,WHOLE,GASDI,0.04,5063.925,3,3,5063.925,0.0,0.0,0.0,0.0,126598.125
1787332,IT,WA,CROPS,LEAD1,0.04,5063.855,3,3,5063.855,0.0,0.0,0.0,0.0,126596.375
1762823,IT,IN,PUBLI,FOUND,0.08,5063.796,3,3,5063.796,0.0,0.0,0.0,0.0,63297.45
1669294,IT,ES,FINAN,GLASS,0.07,5063.776,3,3,5063.776,0.0,0.0,0.0,0.0,72339.657143
1809328,IT,WM,STONE,SUPPO,0.02,5063.672,3,3,5063.672,0.0,0.0,0.0,0.0,253183.6
1783671,IT,NO,WASTE,MOTO1,0.02,5063.592,3,3,5063.592,0.0,0.0,0.0,0.0,253179.6
1678100,IT,FR,PAPE1,FOOD5,0.04,5063.505,3,3,5063.505,0.0,0.0,0.0,0.0,126587.625
1782650,IT,NO,SALEM,RETA1,0.04,5063.332,3,3,5063.332,0.0,0.0,0.0,0.0,126583.3
1787227,IT,WA,VEGET,MEATP,0.02,5063.303,3,3,5063.303,0.0,0.0,0.0,0.0,253165.15
1768890,IT,AU,WOODW,PFERT,0.01,5063.061,3,3,5063.061,0.0,0.0,0.0,0.0,506306.1
1651559,IT,CY,RUBBE,TRAN2,0.02,5062.796,3,3,5062.796,0.0,0.0,0.0,0.0,253139.8
1678113,IT,FR,PAPE1,HOTEL,0.04,5062.594,3,3,5062.594,0.0,0.0,0.0,0.0,126564.85
1726055,IT,RO,RUBBE,WHEAT,0.02,5061.351,3,3,5061.351,0.0,0.0,0.0,0.0,253067.55
1740903,IT,US,SUGA1,DAIRY,0.01,5061.303,3,3,5061.303,0.0,0.0,0.0,0.0,506130.3
1784540,IT,ID,FABRI,COMPU,0.02,5061.11,3,3,5061.11,0.0,0.0,0.0,0.0,253055.5
1764719,IT,MX,HOTEL,BRICK,0.04,5060.27,3,3,5060.27,0.0,0.0,0.0,0.0,126506.75
1653929,IT,CZ,FABRI,WOOD2,0.02,5060.108,3,3,5060.108,0.0,0.0,0.0,0.0,253005.4
1688395,IT,IE,FOOD5,SUPPO,0.02,5059.871,3,3,5059.871,0.0,0.0,0.0,0.0,252993.55
1723688,IT,PT,MACHI,NFERT,0.03,5059.771,3,3,5059.771,0.0,0.0,0.0,0.0,168659.033333
1768940,IT,AU,PAPER,SUGA1,0.02,5059.685,3,3,5059.685,0.0,0.0,0.0,0.0,252984.25
1732748,IT,SI,NONME,MEATC,0.01,5059.543,3,3,5059.543,0.0,0.0,0.0,0.0,505954.3
1802621,IT,WE,AUXIL,HEALT,0.09,5059.209,3,3,5059.209,0.0,0.0,0.0,0.0,56213.433333
1711928,IT,LU,WASTE,COPP1,0.02,5059.176,3,3,5059.176,0.0,0.0,0.0,0.0,252958.8
1766608,IT,RU,FABRI,NATU1,0.02,5058.616,3,3,5058.616,0.0,0.0,0.0,0.0,252930.8
1726911,IT,RO,HOTEL,OILSE,0.04,5058.363,3,3,5058.363,0.0,0.0,0.0,0.0,126459.075
1761841,IT,IN,MOTO1,ELEC1,0.03,5057.98,3,3,5057.98,0.0,0.0,0.0,0.0,168599.333333
1792208,IT,WA,POSTT,CROPS,0.08,5057.746,3,3,5057.746,0.0,0.0,0.0,0.0,63221.825
1747090,IT,JP,FURNI,COLLE,0.02,5057.721,3,3,5057.721,0.0,0.0,0.0,0.0,252886.05
1797863,IT,WL,FOOD3,CATTL,0.01,5057.577,3,3,5057.577,0.0,0.0,0.0,0.0,505757.7
1661126,IT,DE,FOOD3,SEWAG,0.01,5057.502,3,3,5057.502,0.0,0.0,0.0,0.0,505750.2
1765938,IT,RU,PLAST,MEMBE,0.01,5057.433,3,3,5057.433,0.0,0.0,0.0,0.0,505743.3
1770188,IT,AU,RETA1,RECRE,0.05,5056.855,3,3,5056.855,0.0,0.0,0.0,0.0,101137.1
1731445,IT,SI,FOOD5,MEMBE,0.02,5056.704,3,3,5056.704,0.0,0.0,0.0,0.0,252835.2
1676234,IT,FR,CONST,WASTE,0.03,5056.644,3,3,5056.644,0.0,0.0,0.0,0.0,168554.8
1787792,IT,WA,DAIRY,RECRE,0.02,5056.0,3,3,5056.0,0.0,0.0,0.0,0.0,252800.0
1802886,IT,WE,RECRE,CROPS,0.06,5055.586,3,3,5055.586,0.0,0.0,0.0,0.0,84259.766667
1739760,IT,GB,POSTT,DAIRY,0.08,5055.582,3,3,5055.582,0.0,0.0,0.0,0.0,63194.775
1785733,IT,ZA,PLAST,MEAT4,0.01,5055.214,3,3,5055.214,0.0,0.0,0.0,0.0,505521.4
1756839,IT,KR,POSTT,GASDI,0.08,5055.2,3,3,5055.2,0.0,0.0,0.0,0.0,63190.0
1778302,IT,TR,SALEM,FABRI,0.04,5055.053,3,3,5055.053,0.0,0.0,0.0,0.0,126376.325
1754751,IT,KR,DAIRY,STEAM,0.02,5054.894,3,3,5054.894,0.0,0.0,0.0,0.0,252744.7
1771407,IT,CH,FOOD5,OFFIC,0.02,5054.744,3,3,5054.744,0.0,0.0,0.0,0.0,252737.2
1668108,IT,ES,CONST,ELEC5,0.03,5054.667,3,3,5054.667,0.0,0.0,0.0,0.0,168488.9
1786432,IT,ZA,OFFIC,COLLE,0.02,5054.634,3,3,5054.634,0.0,0.0,0.0,0.0,252731.7
1778017,IT,TR,OFFIC,FISH5,0.02,5054.567,3,3,5054.567,0.0,0.0,0.0,0.0,252728.35
1685316,IT,HU,WEARI,BRICK,0.04,5054.485,3,3,5054.485,0.0,0.0,0.0,0.0,126362.125
1725279,IT,RO,BEVER,FORES,0.02,5054.277,3,3,5054.277,0.0,0.0,0.0,0.0,252713.85
1797156,IT,WL,POSTT,ELEC5,0.08,5053.834,3,3,5053.834,0.0,0.0,0.0,0.0,63172.925
1805307,IT,WF,ADDIT,93197,0.01,5053.829,3,3,5053.829,0.0,0.0,0.0,0.0,505382.9
1687905,IT,HU,REALE,WHOLE,0.21,5053.667,3,3,5053.667,0.0,0.0,0.0,0.0,24065.080952
1680614,IT,GR,SALEM,VEGET,0.04,5053.588,3,3,5053.588,0.0,0.0,0.0,0.0,126339.7
1739487,IT,GB,LANDT,RADIO,0.03,5053.3,3,3,5053.3,0.0,0.0,0.0,0.0,168443.333333
1803680,IT,WF,BEVER,FISH5,0.02,5053.145,3,3,5053.145,0.0,0.0,0.0,0.0,252657.25
1683973,IT,HR,WHOLE,MOTO1,0.04,5052.869,3,3,5052.869,0.0,0.0,0.0,0.0,126321.725
1751987,IT,CN,RESEA,NFERT,0.03,5052.685,3,3,5052.685,0.0,0.0,0.0,0.0,168422.833333
1808731,IT,WF,TEXT2,DISTR,0.04,5052.618,3,3,5052.618,0.0,0.0,0.0,0.0,126315.45
1797837,IT,WL,FOOD2,MOTO1,0.03,5052.41,3,3,5052.41,0.0,0.0,0.0,0.0,168413.666667
1656601,IT,DE,PRINT,COPP1,0.05,5052.365,3,3,5052.365,0.0,0.0,0.0,0.0,101047.3
1671833,IT,FI,RETA1,STEAM,0.05,5052.311,3,3,5052.311,0.0,0.0,0.0,0.0,101046.22
1665527,IT,ES,WEARI,INTER,0.04,5051.937,3,3,5051.937,0.0,0.0,0.0,0.0,126298.425
1723932,IT,PT,CONST,LIQUE,0.03,5051.861,3,3,5051.861,0.0,0.0,0.0,0.0,168395.366667
1758927,IT,BR,RAILW,CROPS,0.03,5051.793,3,3,5051.793,0.0,0.0,0.0,0.0,168393.1
1807219,IT,WF,SUPPO,NATU1,0.04,5051.747,3,3,5051.747,0.0,0.0,0.0,0.0,126293.675
1783398,IT,NO,PLAS1,TEXT2,0.02,5051.728,3,3,5051.728,0.0,0.0,0.0,0.0,252586.4
1749311,IT,CN,PRINT,MEAT1,0.05,5051.58,3,3,5051.58,0.0,0.0,0.0,0.0,101031.6
1780936,IT,TW,BUSIN,CATTL,0.05,5051.298,3,3,5051.298,0.0,0.0,0.0,0.0,101025.96
1779702,IT,TR,RESEA,RECRE,0.03,5051.206,3,3,5051.206,0.0,0.0,0.0,0.0,168373.533333
1730932,IT,SE,INTER,COLLE,0.03,5050.709,3,3,5050.709,0.0,0.0,0.0,0.0,168356.966667
1682499,IT,HR,PRINT,DIST1,0.05,5050.565,3,3,5050.565,0.0,0.0,0.0,0.0,101011.3
1785760,IT,ZA,PLAST,ALUM1,0.01,5050.336,3,3,5050.336,0.0,0.0,0.0,0.0,505033.6
1809901,IT,WM,BEVER,BRICK,0.02,5050.267,3,3,5050.267,0.0,0.0,0.0,0.0,252513.35
1792318,IT,WA,FINAN,MEATC,0.07,5050.265,3,3,5050.265,0.0,0.0,0.0,0.0,72146.642857
1725209,IT,RO,SUGA1,FOOD5,0.01,5050.121,3,3,5050.121,0.0,0.0,0.0,0.0,505012.1
1801976,IT,WE,RETAI,93197,0.04,5049.521,3,3,5049.521,0.0,0.0,0.0,0.0,126238.025
1648006,IT,BE,COMPU,WOODW,0.06,5048.826,3,3,5048.826,0.0,0.0,0.0,0.0,84147.1
1796645,IT,WL,HOTEL,ELEC5,0.04,5048.553,3,3,5048.553,0.0,0.0,0.0,0.0,126213.825
1655536,IT,DE,STONE,PLAST,0.02,5048.489,3,3,5048.489,0.0,0.0,0.0,0.0,252424.45
1711381,IT,LU,RETA1,MOTO1,0.05,5048.13,3,3,5048.13,0.0,0.0,0.0,0.0,100962.6
1718405,IT,PL,BEVER,POSTT,0.02,5048.024,3,3,5048.024,0.0,0.0,0.0,0.0,252401.2
1786223,IT,ZA,COPP1,MOTOR,0.01,5047.995,3,3,5047.995,0.0,0.0,0.0,0.0,504799.5
1777160,IT,TR,BIOGA,FOOD4,0.01,5047.984,3,3,5047.984,0.0,0.0,0.0,0.0,504798.4
1777161,IT,TR,BIOGA,PAPE4,0.01,5047.984,3,3,5047.984,0.0,0.0,0.0,0.0,504798.4
1777165,IT,TR,BIOGA,WOOD2,0.01,5047.984,3,3,5047.984,0.0,0.0,0.0,0.0,504798.4
1777157,IT,TR,BIOGA,FOOD2,0.01,5047.984,3,3,5047.984,0.0,0.0,0.0,0.0,504798.4
1777162,IT,TR,BIOGA,PLAS2,0.01,5047.984,3,3,5047.984,0.0,0.0,0.0,0.0,504798.4
1777159,IT,TR,BIOGA,WASTE,0.01,5047.984,3,3,5047.984,0.0,0.0,0.0,0.0,504798.4
1777164,IT,TR,BIOGA,TEXT2,0.01,5047.984,3,3,5047.984,0.0,0.0,0.0,0.0,504798.4
1777158,IT,TR,BIOGA,FOOD3,0.01,5047.984,3,3,5047.984,0.0,0.0,0.0,0.0,504798.4
1777163,IT,TR,BIOGA,INERT,0.01,5047.984,3,3,5047.984,0.0,0.0,0.0,0.0,504798.4
1777156,IT,TR,BIOGA,OILHA,0.01,5047.984,3,3,5047.984,0.0,0.0,0.0,0.0,504798.4
1777155,IT,TR,BIOGA,INTER,0.01,5047.984,3,3,5047.984,0.0,0.0,0.0,0.0,504798.4
1777154,IT,TR,BIOGA,SECO9,0.01,5047.984,3,3,5047.984,0.0,0.0,0.0,0.0,504798.4
1669520,IT,ES,AUXIL,PUBLI,0.09,5047.981,3,3,5047.981,0.0,0.0,0.0,0.0,56088.677778
1653802,IT,CZ,COPP1,RECRE,0.01,5047.889,3,3,5047.889,0.0,0.0,0.0,0.0,504788.9
1736574,IT,SK,SUPPO,TRAN2,0.04,5047.831,3,3,5047.831,0.0,0.0,0.0,0.0,126195.775
1665828,IT,ES,PRINT,WOODW,0.05,5047.53,3,3,5047.53,0.0,0.0,0.0,0.0,100950.6
1662938,IT,DK,RETA1,FURNI,0.05,5047.273,3,3,5047.273,0.0,0.0,0.0,0.0,100945.46
1680777,IT,GR,HOTEL,VEGE1,0.04,5047.268,3,3,5047.268,0.0,0.0,0.0,0.0,126181.7
1746116,IT,JP,PRINT,93197,0.05,5047.069,3,3,5047.069,0.0,0.0,0.0,0.0,100941.38
1802825,IT,WE,EDUCA,BUSIN,0.13,5046.897,3,3,5046.897,0.0,0.0,0.0,0.0,38822.284615
1802464,IT,WE,SUPPO,CHEM1,0.04,5046.457,3,3,5046.457,0.0,0.0,0.0,0.0,126161.425
1784332,IT,ID,RUBBE,FOOD5,0.02,5046.425,3,3,5046.425,0.0,0.0,0.0,0.0,252321.25
1689236,IT,IE,WHOLE,SUGA1,0.04,5046.325,3,3,5046.325,0.0,0.0,0.0,0.0,126158.125
1734321,IT,SI,BUSIN,DIST1,0.05,5046.307,3,3,5046.307,0.0,0.0,0.0,0.0,100926.14
1743354,IT,US,SALEM,MEATC,0.04,5046.196,3,3,5046.196,0.0,0.0,0.0,0.0,126154.9
1744292,IT,US,POSTT,INERT,0.08,5046.089,3,3,5046.089,0.0,0.0,0.0,0.0,63076.1125
1669677,IT,ES,COMPU,CEMEN,0.06,5046.009,3,3,5046.009,0.0,0.0,0.0,0.0,84100.15
1730960,IT,SE,TEXT1,BASIC,0.04,5045.891,3,3,5045.891,0.0,0.0,0.0,0.0,126147.275
1673121,IT,FR,FOOD5,WOOD2,0.02,5045.798,3,3,5045.798,0.0,0.0,0.0,0.0,252289.9
1660568,IT,DE,AUXIL,RESEA,0.09,5045.786,3,3,5045.786,0.0,0.0,0.0,0.0,56064.288889
1727366,IT,RO,POSTT,WASTE,0.08,5045.582,3,3,5045.582,0.0,0.0,0.0,0.0,63069.775
1714477,IT,NL,FORES,INERT,0.04,5045.526,4,4,5043.526,0.0,2.0,0.0,0.0,126138.15
1689132,IT,IE,SALEM,NONME,0.04,5045.502,3,3,5045.502,0.0,0.0,0.0,0.0,126137.55
1689779,IT,IE,INSUR,STONE,0.1,5045.334,3,3,5045.334,0.0,0.0,0.0,0.0,50453.34
1715234,IT,NL,WOODW,FOOD2,0.01,5045.238,3,3,5045.238,0.0,0.0,0.0,0.0,504523.8
1761990,IT,IN,SALEM,LANDT,0.04,5045.19,3,3,5045.19,0.0,0.0,0.0,0.0,126129.75
1712608,IT,LV,OFFIC,DISTR,0.02,5044.848,3,3,5044.848,0.0,0.0,0.0,0.0,252242.4
1711676,IT,LU,COMPU,HEALT,0.06,5044.625,3,3,5044.625,0.0,0.0,0.0,0.0,84077.083333
1643752,IT,AT,SUPPO,PUBLI,0.04,5044.48,3,3,5044.48,0.0,0.0,0.0,0.0,126112.0
1731253,IT,SI,MEATP,OFFIC,0.02,5044.432,3,3,5044.432,0.0,0.0,0.0,0.0,252221.6
1735050,IT,SK,CHEM1,ANIMA,0.01,5044.368,3,3,5044.368,0.0,0.0,0.0,0.0,504436.8
1781957,IT,NO,ADDIT,REALE,0.01,5044.311,3,3,5044.311,0.0,0.0,0.0,0.0,504431.1
1787271,IT,WA,VEGET,DIST1,0.02,5044.279,3,3,5044.279,0.0,0.0,0.0,0.0,252213.95
1736100,IT,SK,CONST,PULP5,0.03,5044.169,3,3,5044.169,0.0,0.0,0.0,0.0,168138.966667
1739365,IT,GB,RAILW,ALUM1,0.03,5044.158,3,3,5044.158,0.0,0.0,0.0,0.0,168138.6
1798602,IT,WE,MEATP,INSUR,0.02,5044.157,3,3,5044.157,0.0,0.0,0.0,0.0,252207.85
1661165,IT,DE,93197,PRINT,0.03,5044.023,3,3,5044.023,0.0,0.0,0.0,0.0,168134.1
1786448,IT,ZA,MOTO1,FORES,0.03,5043.068,3,3,5043.068,0.0,0.0,0.0,0.0,168102.266667
1787703,IT,WA,VEGE1,WOODW,0.02,5042.85,3,3,5042.85,0.0,0.0,0.0,0.0,252142.5
1710546,IT,LT,SUPPO,PUBLI,0.04,5042.759,3,3,5042.759,0.0,0.0,0.0,0.0,126068.975
1803193,IT,WF,CROPS,FOOD5,0.04,5042.606,3,3,5042.606,0.0,0.0,0.0,0.0,126065.15
1646683,IT,BE,FURNI,TRAN1,0.02,5042.358,3,3,5042.358,0.0,0.0,0.0,0.0,252117.9
1660540,IT,DE,INSUR,INTER,0.1,5042.262,3,3,5042.262,0.0,0.0,0.0,0.0,50422.62
1665033,IT,ES,MEATC,MEATP,0.02,5042.219,3,3,5042.219,0.0,0.0,0.0,0.0,252110.95
1675723,IT,FR,FURNI,MEAT4,0.02,5042.134,3,3,5042.134,0.0,0.0,0.0,0.0,252106.7
1656004,IT,DE,FOOD5,ELEC5,0.02,5041.992,3,3,5041.992,0.0,0.0,0.0,0.0,252099.6
1800428,IT,WE,ADDIT,GASWO,0.01,5041.907,3,3,5041.907,0.0,0.0,0.0,0.0,504190.7
1713743,IT,MT,OFFIC,FOOD5,0.02,5041.599,3,3,5041.599,0.0,0.0,0.0,0.0,252079.95
1746184,IT,JP,PLAST,ELEC2,0.01,5041.54,3,3,5041.54,0.0,0.0,0.0,0.0,504154.0
1791759,IT,WA,RAILW,RETAI,0.03,5041.198,3,3,5041.198,0.0,0.0,0.0,0.0,168039.933333
1714771,IT,NL,PROCE,MEATP,0.03,5040.969,3,3,5040.969,0.0,0.0,0.0,0.0,168032.3
1783319,IT,NO,PAPE1,COPP1,0.04,5040.922,3,3,5040.922,0.0,0.0,0.0,0.0,126023.05
1757221,IT,BR,VEGE1,PRECI,0.02,5040.812,3,3,5040.812,0.0,0.0,0.0,0.0,252040.6
1780521,IT,TW,POSTT,SUPPO,0.08,5040.652,3,3,5040.652,0.0,0.0,0.0,0.0,63008.15
1678272,IT,FR,FOOD2,ELEC3,0.03,5040.46,3,3,5040.46,0.0,0.0,0.0,0.0,168015.333333
1670768,IT,FI,PAPER,FOOD4,0.02,5039.828,3,3,5039.828,0.0,0.0,0.0,0.0,251991.4
1767251,IT,RU,HOTEL,TEXTI,0.04,5039.827,3,3,5039.827,0.0,0.0,0.0,0.0,125995.675
1712366,IT,LV,GLASS,VEGE1,0.01,5039.62,3,3,5039.62,0.0,0.0,0.0,0.0,503962.0
1684358,IT,HR,SUPPO,REALE,0.04,5038.975,3,3,5038.975,0.0,0.0,0.0,0.0,125974.375
1744579,IT,US,REALE,93197,0.21,5038.945,3,3,5038.945,0.0,0.0,0.0,0.0,23994.97619
1711873,IT,LU,INTER,CONST,0.03,5038.755,3,3,5038.755,0.0,0.0,0.0,0.0,167958.5
1793434,IT,WL,FORES,MOTOR,0.04,5038.721,4,4,5036.721,0.0,2.0,0.0,0.0,125968.025
1664120,IT,EE,RUBBE,LEATH,0.02,5038.677,3,3,5038.677,0.0,0.0,0.0,0.0,251933.85
1659150,IT,DE,ELE11,WOODW,0.07,5038.381,4,4,5038.378,0.0,0.0,0.0,0.003,71976.871429
1647738,IT,BE,INSUR,DISTR,0.1,5038.194,3,3,5038.194,0.0,0.0,0.0,0.0,50381.94
1672775,IT,FR,MEATC,93197,0.02,5038.177,3,3,5038.177,0.0,0.0,0.0,0.0,251908.85
1725592,IT,RO,WOODW,ALUM1,0.01,5038.155,3,3,5038.155,0.0,0.0,0.0,0.0,503815.5
1719294,IT,PL,CHEM1,COKE1,0.01,5038.051,3,3,5038.051,0.0,0.0,0.0,0.0,503805.1
1764460,IT,MX,FURNI,RETAI,0.02,5037.867,3,3,5037.867,0.0,0.0,0.0,0.0,251893.35
1741040,IT,US,TEXTI,DAIRY,0.03,5037.709,3,3,5037.709,0.0,0.0,0.0,0.0,167923.633333
1663469,IT,DK,REALE,COMPU,0.21,5037.69,3,3,5037.69,0.0,0.0,0.0,0.0,23989.0
1725133,IT,RO,MEATC,WHOLE,0.02,5037.677,3,3,5037.677,0.0,0.0,0.0,0.0,251883.85
1777122,IT,TR,ADDIT,COALT,0.01,5037.5,3,3,5037.5,0.0,0.0,0.0,0.0,503750.0
1768625,IT,AU,FISH5,PFERT,0.02,5036.946,4,4,5036.943,0.0,0.0,0.0,0.003,251847.3
1669887,IT,ES,PUBLI,DIST1,0.08,5036.917,3,3,5036.917,0.0,0.0,0.0,0.0,62961.4625
1682492,IT,HR,PRINT,MACHI,0.05,5036.85,3,3,5036.85,0.0,0.0,0.0,0.0,100737.0
1761879,IT,IN,TRANS,SALEM,0.03,5036.716,3,3,5036.716,0.0,0.0,0.0,0.0,167890.533333
1794130,IT,WL,PAPER,AIRTR,0.02,5036.552,3,3,5036.552,0.0,0.0,0.0,0.0,251827.6
1668408,IT,ES,RETA1,COPP1,0.05,5036.537,3,3,5036.537,0.0,0.0,0.0,0.0,100730.74
1681664,IT,HR,VEGET,MACHI,0.02,5036.503,3,3,5036.503,0.0,0.0,0.0,0.0,251825.15
1654116,IT,CZ,OFFIC,RENTI,0.02,5036.289,3,3,5036.289,0.0,0.0,0.0,0.0,251814.45
1736429,IT,SK,LANDT,ELEC7,0.03,5036.257,3,3,5036.257,0.0,0.0,0.0,0.0,167875.233333
1662314,IT,DK,NONME,FOODW,0.01,5036.208,3,3,5036.208,0.0,0.0,0.0,0.0,503620.8
1724176,IT,PT,HOTEL,WEARI,0.04,5036.13,3,3,5036.13,0.0,0.0,0.0,0.0,125903.25
1780194,IT,TW,RAILW,DAIRY,0.03,5036.091,3,3,5036.091,0.0,0.0,0.0,0.0,167869.7
1769589,IT,AU,COPP1,RENTI,0.01,5036.026,3,3,5036.026,0.0,0.0,0.0,0.0,503602.6
1795025,IT,WL,ADDIT,PROCE,0.01,5035.91,3,3,5035.91,0.0,0.0,0.0,0.0,503591.0
1781313,IT,NO,VEGE1,GASDI,0.02,5035.481,3,3,5035.481,0.0,0.0,0.0,0.0,251774.05
1671411,IT,FI,FABRI,BIODI,0.02,5035.3,3,3,5035.3,0.0,0.0,0.0,0.0,251765.0
1664094,IT,EE,CHEM1,RAILW,0.01,5035.254,3,3,5035.254,0.0,0.0,0.0,0.0,503525.4
1669644,IT,ES,RENTI,SEWAG,0.03,5035.082,3,3,5035.082,0.0,0.0,0.0,0.0,167836.066667
1731620,IT,SI,LEATH,BEVER,0.04,5034.61,3,3,5034.61,0.0,0.0,0.0,0.0,125865.25
1769757,IT,AU,MACHI,NAPHT,0.03,5034.577,3,3,5034.577,0.0,0.0,0.0,0.0,167819.233333
1760768,IT,IN,PRINT,ELECT,0.05,5034.436,3,3,5034.436,0.0,0.0,0.0,0.0,100688.72
1674458,IT,FR,BIODI,POULT,0.01,5034.154,3,3,5034.154,0.0,0.0,0.0,0.0,503415.4
1668107,IT,ES,CONST,ELEC4,0.03,5034.111,3,3,5034.111,0.0,0.0,0.0,0.0,167803.7
1712556,IT,LV,MACHI,BEVER,0.03,5033.858,3,3,5033.858,0.0,0.0,0.0,0.0,167795.266667
1751661,IT,CN,INSUR,WHEAT,0.1,5033.458,3,3,5033.458,0.0,0.0,0.0,0.0,50334.58
1792171,IT,WA,SUPPO,FABRI,0.04,5033.442,3,3,5033.442,0.0,0.0,0.0,0.0,125836.05
1739343,IT,GB,RAILW,TEXTI,0.03,5032.636,3,3,5032.636,0.0,0.0,0.0,0.0,167754.533333
1661187,IT,DE,93197,SUPPO,0.03,5032.502,3,3,5032.502,0.0,0.0,0.0,0.0,167750.066667
1808573,IT,WF,PAPE4,RAILW,0.03,5032.485,3,3,5032.485,0.0,0.0,0.0,0.0,167749.5
1739092,IT,GB,WHOLE,LEATH,0.04,5032.445,3,3,5032.445,0.0,0.0,0.0,0.0,125811.125
1762916,IT,MX,CHEMI,PREC1,0.01,5032.428,3,3,5032.428,0.0,0.0,0.0,0.0,503242.8
1794937,IT,WL,CHEM1,ETHAN,0.01,5032.329,3,3,5032.329,0.0,0.0,0.0,0.0,503232.9
1807785,IT,WF,FOODW,RAWMI,0.04,5032.083,3,3,5032.083,0.0,0.0,0.0,0.0,125802.075
1688988,IT,IE,MACHI,GLASS,0.03,5032.019,3,3,5032.019,0.0,0.0,0.0,0.0,167733.966667
1661855,IT,DK,PAPER,LEAD1,0.02,5031.96,3,3,5031.96,0.0,0.0,0.0,0.0,251598.0
1709665,IT,LT,PLAST,SUGA1,0.01,5031.913,3,3,5031.913,0.0,0.0,0.0,0.0,503191.3
1672116,IT,FI,POSTT,DIST1,0.08,5031.362,3,3,5031.362,0.0,0.0,0.0,0.0,62892.025
1758957,IT,BR,RAILW,SUPPO,0.03,5031.251,3,3,5031.251,0.0,0.0,0.0,0.0,167708.366667
1646864,IT,BE,WHOLE,PIGS9,0.04,5031.234,3,3,5031.234,0.0,0.0,0.0,0.0,125780.85
1779157,IT,TR,POSTT,DAIRY,0.08,5030.88,3,3,5030.88,0.0,0.0,0.0,0.0,62886.0
1792610,IT,WA,COMPU,AIRTR,0.06,5030.62,3,3,5030.62,0.0,0.0,0.0,0.0,83843.666667
1731221,IT,SI,CHEMI,HEALT,0.01,5030.133,3,3,5030.133,0.0,0.0,0.0,0.0,503013.3
1723965,IT,PT,SALEM,MOTO1,0.04,5030.074,3,3,5030.074,0.0,0.0,0.0,0.0,125751.85
1754915,IT,KR,TEXTI,NICKE,0.03,5029.954,3,3,5029.954,0.0,0.0,0.0,0.0,167665.133333
1757115,IT,BR,VEGET,PFERT,0.02,5029.918,3,3,5029.918,0.0,0.0,0.0,0.0,251495.9
1785736,IT,ZA,PLAST,PROCE,0.01,5029.695,3,3,5029.695,0.0,0.0,0.0,0.0,502969.5
1720980,IT,PL,WHOLE,COMPU,0.04,5029.515,3,3,5029.515,0.0,0.0,0.0,0.0,125737.875
1730158,IT,SE,LANDT,FISH5,0.03,5029.308,3,3,5029.308,0.0,0.0,0.0,0.0,167643.6
1689143,IT,IE,SALEM,ELEC2,0.04,5029.031,3,3,5029.031,0.0,0.0,0.0,0.0,125725.775
1808221,IT,WF,FOOD1,SALEM,0.03,5028.74,3,3,5028.74,0.0,0.0,0.0,0.0,167624.666667
1784104,IT,ID,LEATH,93197,0.04,5028.63,3,3,5028.63,0.0,0.0,0.0,0.0,125715.75
1729568,IT,SE,COPP1,SALEM,0.01,5028.566,3,3,5028.566,0.0,0.0,0.0,0.0,502856.6
1740841,IT,US,VEGE1,RETAI,0.02,5028.379,3,3,5028.379,0.0,0.0,0.0,0.0,251418.95
1685224,IT,HU,TEXTI,FORES,0.03,5028.363,3,3,5028.363,0.0,0.0,0.0,0.0,167612.1
1747048,IT,JP,FURNI,FORES,0.02,5028.258,3,3,5028.258,0.0,0.0,0.0,0.0,251412.9
1651569,IT,CY,RUBBE,EDUCA,0.02,5028.198,3,3,5028.198,0.0,0.0,0.0,0.0,251409.9
1744600,IT,US,RENTI,NFERT,0.03,5028.121,3,3,5028.121,0.0,0.0,0.0,0.0,167604.033333
1776905,IT,TR,PLAST,LIQUE,0.01,5027.472,3,3,5027.472,0.0,0.0,0.0,0.0,502747.2
1719678,IT,PL,NONME,STONE,0.01,5027.281,3,3,5027.281,0.0,0.0,0.0,0.0,502728.1
1679182,IT,GR,PRINT,RETA1,0.05,5027.193,3,3,5027.193,0.0,0.0,0.0,0.0,100543.86
1814777,IT,WM,WASTE,REALE,0.02,5027.002,3,3,5027.002,0.0,0.0,0.0,0.0,251350.1
1775650,IT,CH,93197,RENTI,0.03,5026.798,3,3,5026.798,0.0,0.0,0.0,0.0,167559.933333
1644715,IT,BE,BEVER,SALEM,0.02,5026.681,3,3,5026.681,0.0,0.0,0.0,0.0,251334.05
1715890,IT,NL,RUBBE,WOOD1,0.02,5026.626,3,3,5026.626,0.0,0.0,0.0,0.0,251331.3
1754472,IT,CA,BUSIN,SANDC,0.05,5026.494,3,3,5026.494,0.0,0.0,0.0,0.0,100529.88
1714612,IT,NL,CHEMI,EDUCA,0.01,5026.42,3,3,5026.42,0.0,0.0,0.0,0.0,502642.0
1723742,IT,PT,MACHI,FOODW,0.03,5026.407,3,3,5026.407,0.0,0.0,0.0,0.0,167546.9
1762691,IT,IN,BUSIN,COKIN,0.05,5026.4,3,3,5026.4,0.0,0.0,0.0,0.0,100528.0
1792427,IT,WA,INSUR,PRIVA,0.1,5026.348,3,3,5026.348,0.0,0.0,0.0,0.0,50263.48
1710387,IT,LT,HOTEL,SALEM,0.04,5026.347,3,3,5026.347,0.0,0.0,0.0,0.0,125658.675
1795042,IT,WL,ADDIT,NFERT,0.01,5025.73,3,3,5025.73,0.0,0.0,0.0,0.0,502573.0
1768432,IT,AU,DAIRY,MEATC,0.02,5025.345,3,3,5025.345,0.0,0.0,0.0,0.0,251267.25
1662969,IT,DK,HOTEL,OILSE,0.04,5025.341,3,3,5025.341,0.0,0.0,0.0,0.0,125633.525
1676554,IT,FR,HOTEL,TOBAC,0.04,5024.661,3,3,5024.661,0.0,0.0,0.0,0.0,125616.525
1778808,IT,TR,LANDT,SECO9,0.03,5024.651,3,3,5024.651,0.0,0.0,0.0,0.0,167488.366667
1729874,IT,SE,TRANS,WOODW,0.03,5024.523,3,3,5024.523,0.0,0.0,0.0,0.0,167484.1
1680140,IT,GR,OFFIC,RESEA,0.02,5024.514,3,3,5024.514,0.0,0.0,0.0,0.0,251225.7
1731517,IT,SI,FISH5,MOTO1,0.02,5024.376,4,4,5024.373,0.0,0.0,0.0,0.003,251218.8
1780751,IT,TW,RENTI,BEVER,0.03,5023.948,3,3,5023.948,0.0,0.0,0.0,0.0,167464.933333
1722454,IT,PT,DAIRY,MEATA,0.02,5022.874,3,3,5022.874,0.0,0.0,0.0,0.0,251143.7
1728127,IT,SE,VEGE1,COMPU,0.02,5022.761,3,3,5022.761,0.0,0.0,0.0,0.0,251138.05
1803947,IT,WF,WEARI,EDUCA,0.04,5022.481,3,3,5022.481,0.0,0.0,0.0,0.0,125562.025
1732588,IT,SI,GLASS,ANIMA,0.01,5022.422,3,3,5022.422,0.0,0.0,0.0,0.0,502242.2
1785339,IT,ZA,WOODW,NONFE,0.01,5022.308,3,3,5022.308,0.0,0.0,0.0,0.0,502230.8
1802461,IT,WE,SUPPO,GASDI,0.04,5022.173,3,3,5022.173,0.0,0.0,0.0,0.0,125554.325
1652039,IT,CZ,VEGET,MEMBE,0.02,5022.172,3,3,5022.172,0.0,0.0,0.0,0.0,251108.6
1640653,IT,AT,BEVER,INSUR,0.02,5022.127,3,3,5022.127,0.0,0.0,0.0,0.0,251106.35
1734438,IT,SK,CROPS,BEVER,0.04,5021.805,3,3,5021.805,0.0,0.0,0.0,0.0,125545.125
1666033,IT,ES,AVIAT,MEMBE,0.01,5021.669,3,3,5021.669,0.0,0.0,0.0,0.0,502166.9
1753481,IT,CA,FABRI,LANDT,0.02,5021.644,3,3,5021.644,0.0,0.0,0.0,0.0,251082.2
1728999,IT,SE,BIODI,WHEAT,0.01,5021.606,3,3,5021.606,0.0,0.0,0.0,0.0,502160.6
1771121,IT,CH,SANDC,RAILW,0.01,5021.384,4,4,5020.384,0.0,0.0,1.0,0.0,502138.4
1733445,IT,SI,CONST,HOTEL,0.03,5021.326,3,3,5021.326,0.0,0.0,0.0,0.0,167377.533333
1730106,IT,SE,RETA1,BUSIN,0.05,5021.325,3,3,5021.325,0.0,0.0,0.0,0.0,100426.5
1717520,IT,NL,RENTI,FISH5,0.03,5021.096,3,3,5021.096,0.0,0.0,0.0,0.0,167369.866667
1797811,IT,WL,OILHA,HEALT,0.03,5020.754,3,3,5020.754,0.0,0.0,0.0,0.0,167358.466667
1797629,IT,WL,FOODW,REALE,0.04,5020.589,3,3,5020.589,0.0,0.0,0.0,0.0,125514.725
1674696,IT,FR,GLASS,ELEC6,0.01,5020.529,3,3,5020.529,0.0,0.0,0.0,0.0,502052.9
1798090,IT,WL,93197,CHEM1,0.03,5020.321,3,3,5020.321,0.0,0.0,0.0,0.0,167344.033333
1663373,IT,DK,POSTT,FISH5,0.08,5020.022,3,3,5020.022,0.0,0.0,0.0,0.0,62750.275
1757175,IT,BR,CHEMI,EDUCA,0.01,5019.931,3,3,5019.931,0.0,0.0,0.0,0.0,501993.1
1746966,IT,JP,MOTO1,RAILW,0.03,5019.354,3,3,5019.354,0.0,0.0,0.0,0.0,167311.8
1722032,IT,PL,RESEA,MOTO1,0.03,5019.157,3,3,5019.157,0.0,0.0,0.0,0.0,167305.233333
1677489,IT,FR,AUXIL,GLASS,0.09,5018.828,3,3,5018.828,0.0,0.0,0.0,0.0,55764.755556
1684505,IT,HR,BUSIN,CEREA,0.05,5018.335,3,3,5018.335,0.0,0.0,0.0,0.0,100366.7
1718177,IT,PL,DAIRY,WEARI,0.02,5017.937,3,3,5017.937,0.0,0.0,0.0,0.0,250896.85
1644558,IT,BE,PROCE,SALEM,0.03,5017.845,3,3,5017.845,0.0,0.0,0.0,0.0,167261.5
1727174,IT,RO,LANDT,WOOD2,0.03,5017.621,3,3,5017.621,0.0,0.0,0.0,0.0,167254.033333
1786968,IT,ZA,POSTT,HEALT,0.08,5017.126,3,3,5017.126,0.0,0.0,0.0,0.0,62714.075
1785886,IT,ZA,ADDIT,NONF1,0.01,5017.1,3,3,5017.1,0.0,0.0,0.0,0.0,501710.0
1733775,IT,SI,LANDT,MEDIC,0.03,5016.981,3,3,5016.981,0.0,0.0,0.0,0.0,167232.7
1791768,IT,WA,RAILW,FINAN,0.03,5016.964,3,3,5016.964,0.0,0.0,0.0,0.0,167232.133333
1684751,IT,HU,VEGET,WASTE,0.02,5016.902,3,3,5016.902,0.0,0.0,0.0,0.0,250845.1
1669910,IT,ES,PUBLI,HEALT,0.08,5016.728,3,3,5016.728,0.0,0.0,0.0,0.0,62709.1
1667868,IT,ES,MOTO1,MEATA,0.03,5016.282,3,3,5016.282,0.0,0.0,0.0,0.0,167209.4
1729578,IT,SE,COPP1,EDUCA,0.01,5016.154,3,3,5016.154,0.0,0.0,0.0,0.0,501615.4
1746676,IT,JP,FABRI,FISHF,0.02,5015.999,3,3,5015.999,0.0,0.0,0.0,0.0,250799.95
1795054,IT,WL,ADDIT,ELEC2,0.01,5015.992,3,3,5015.992,0.0,0.0,0.0,0.0,501599.2
1747145,IT,JP,CONST,KERO1,0.03,5015.358,3,3,5015.358,0.0,0.0,0.0,0.0,167178.6
1783954,IT,ID,CHEMI,CERAM,0.01,5015.262,3,3,5015.262,0.0,0.0,0.0,0.0,501526.2
1714057,IT,MT,HOTEL,RESEA,0.04,5015.158,3,3,5015.158,0.0,0.0,0.0,0.0,125378.95
1728401,IT,SE,TEXTI,MEMBE,0.03,5015.056,3,3,5015.056,0.0,0.0,0.0,0.0,167168.533333
1689452,IT,IE,HOTEL,ELEC7,0.04,5014.993,3,3,5014.993,0.0,0.0,0.0,0.0,125374.825
1650604,IT,BG,ELEC8,HOTEL,0.07,5014.971,3,3,5014.971,0.0,0.0,0.0,0.0,71642.442857
1784323,IT,ID,BIODI,RENTI,0.01,5014.961,3,3,5014.961,0.0,0.0,0.0,0.0,501496.1
1730024,IT,SE,WHOLE,TEXTI,0.04,5014.814,3,3,5014.814,0.0,0.0,0.0,0.0,125370.35
1733672,IT,SI,HOTEL,WASTE,0.04,5014.677,3,3,5014.677,0.0,0.0,0.0,0.0,125366.925
1721003,IT,PL,HOTEL,PIGS9,0.04,5014.669,3,3,5014.669,0.0,0.0,0.0,0.0,125366.725
1754725,IT,KR,DAIRY,PIGS9,0.02,5014.401,3,3,5014.401,0.0,0.0,0.0,0.0,250720.05
1801978,IT,WE,WHOLE,CEREA,0.04,5014.238,3,3,5014.238,0.0,0.0,0.0,0.0,125355.95
1742419,IT,US,NONME,FOODW,0.01,5013.782,3,3,5013.782,0.0,0.0,0.0,0.0,501378.2
1760367,IT,IN,CHEMI,RETA1,0.01,5013.622,3,3,5013.622,0.0,0.0,0.0,0.0,501362.2
1792873,IT,WA,EDUCA,POSTT,0.13,5013.275,3,3,5013.275,0.0,0.0,0.0,0.0,38563.653846
1711362,IT,LU,WHOLE,93197,0.04,5012.912,3,3,5012.912,0.0,0.0,0.0,0.0,125322.8
1775464,IT,CH,PLAS1,PRINT,0.02,5012.735,3,3,5012.735,0.0,0.0,0.0,0.0,250636.75
1718166,IT,PL,DAIRY,STONE,0.02,5012.701,3,3,5012.701,0.0,0.0,0.0,0.0,250635.05
1685806,IT,HU,PLAST,POSTT,0.01,5012.577,3,3,5012.577,0.0,0.0,0.0,0.0,501257.7
1811982,IT,WM,GLASS,LUBRI,0.01,5011.876,3,3,5011.876,0.0,0.0,0.0,0.0,501187.6
1762063,IT,IN,RETA1,PRINT,0.05,5011.614,3,3,5011.614,0.0,0.0,0.0,0.0,100232.28
1648456,IT,BG,VEGET,MEATP,0.02,5011.355,3,3,5011.355,0.0,0.0,0.0,0.0,250567.75
1651544,IT,CY,RUBBE,COPP1,0.02,5011.279,3,3,5011.279,0.0,0.0,0.0,0.0,250563.95
1753002,IT,CA,CHEM1,WHITE,0.01,5011.259,3,3,5011.259,0.0,0.0,0.0,0.0,501125.9
1715922,IT,NL,GLASS,BIODI,0.01,5011.183,3,3,5011.183,0.0,0.0,0.0,0.0,501118.3
1640346,IT,AT,CHEMI,HEALT,0.01,5011.152,3,3,5011.152,0.0,0.0,0.0,0.0,501115.2
1711898,IT,LU,FOOD2,ALUM1,0.03,5010.98,3,3,5010.98,0.0,0.0,0.0,0.0,167032.666667
1678909,IT,GR,TEXTI,MOTOR,0.03,5010.79,3,3,5010.79,0.0,0.0,0.0,0.0,167026.333333
1759473,IT,BR,AUXIL,CONST,0.09,5010.488,3,3,5010.488,0.0,0.0,0.0,0.0,55672.088889
1675562,IT,FR,MOTO1,WEARI,0.03,5009.919,3,3,5009.919,0.0,0.0,0.0,0.0,166997.3
1677200,IT,FR,POSTT,RAILW,0.08,5009.793,3,3,5009.793,0.0,0.0,0.0,0.0,62622.4125
1809032,IT,WM,VEGET,DIST1,0.02,5009.773,3,3,5009.773,0.0,0.0,0.0,0.0,250488.65
1764334,IT,MX,OFFIC,SALEM,0.02,5009.508,3,3,5009.508,0.0,0.0,0.0,0.0,250475.4
1808795,IT,WF,WOOD2,FURNI,0.03,5009.462,3,3,5009.462,0.0,0.0,0.0,0.0,166982.066667
1653424,IT,CZ,NONME,WHEAT,0.01,5009.274,3,3,5009.274,0.0,0.0,0.0,0.0,500927.4
1662492,IT,DK,COPP1,CEREA,0.01,5008.742,3,3,5008.742,0.0,0.0,0.0,0.0,500874.2
1729870,IT,SE,TRANS,SUGAR,0.03,5008.711,3,3,5008.711,0.0,0.0,0.0,0.0,166957.033333
1774055,IT,CH,WHOLE,WHEAT,0.04,5008.462,3,3,5008.462,0.0,0.0,0.0,0.0,125211.55
1745700,IT,JP,WEARI,PIGS9,0.04,5008.446,3,3,5008.446,0.0,0.0,0.0,0.0,125211.15
1684194,IT,HR,LANDT,RENTI,0.03,5008.341,3,3,5008.341,0.0,0.0,0.0,0.0,166944.7
1722668,IT,PT,WEARI,AIRTR,0.04,5008.323,3,3,5008.323,0.0,0.0,0.0,0.0,125208.075
1732440,IT,SI,CHEM1,MEAT4,0.01,5008.155,3,3,5008.155,0.0,0.0,0.0,0.0,500815.5
1798601,IT,WE,MEATP,FINAN,0.02,5008.108,3,3,5008.108,0.0,0.0,0.0,0.0,250405.4
1667908,IT,ES,MOTO1,ELEC2,0.03,5007.779,3,3,5007.779,0.0,0.0,0.0,0.0,166925.966667
1775041,IT,CH,RENTI,LEATH,0.03,5007.453,3,3,5007.453,0.0,0.0,0.0,0.0,166915.1
1651204,IT,BG,BUSIN,SALEM,0.05,5007.418,3,3,5007.418,0.0,0.0,0.0,0.0,100148.36
1712271,IT,LV,PLAST,BIOG1,0.01,5007.386,3,3,5007.386,0.0,0.0,0.0,0.0,500738.6
1771396,IT,CH,FOOD5,WEARI,0.02,5006.798,3,3,5006.798,0.0,0.0,0.0,0.0,250339.9
1809571,IT,WM,VEGE1,ETHAN,0.02,5006.579,3,3,5006.579,0.0,0.0,0.0,0.0,250328.95
1722744,IT,PT,PAPER,RAWMI,0.02,5006.434,3,3,5006.434,0.0,0.0,0.0,0.0,250321.7
1768682,IT,AU,TEXTI,DIST1,0.03,5005.504,3,3,5005.504,0.0,0.0,0.0,0.0,166850.133333
1737037,IT,GB,STONE,RENTI,0.02,5005.349,3,3,5005.349,0.0,0.0,0.0,0.0,250267.45
1760150,IT,BR,FOOD3,93197,0.01,5005.301,3,3,5005.301,0.0,0.0,0.0,0.0,500530.1
1689670,IT,IE,POSTT,TRANS,0.08,5005.114,3,3,5005.114,0.0,0.0,0.0,0.0,62563.925
1806462,IT,WF,TRANS,CHARC,0.03,5005.066,3,3,5005.066,0.0,0.0,0.0,0.0,166835.533333
1682002,IT,HR,BEVER,MEATC,0.02,5004.877,3,3,5004.877,0.0,0.0,0.0,0.0,250243.85
1789644,IT,WA,RUBBE,NONSP,0.02,5004.73,3,3,5004.73,0.0,0.0,0.0,0.0,250236.5
1813720,IT,WM,HOTEL,SANDC,0.04,5004.627,3,3,5004.627,0.0,0.0,0.0,0.0,125115.675
1685991,IT,HU,BIODI,FISH5,0.01,5004.273,3,3,5004.273,0.0,0.0,0.0,0.0,500427.3
1768529,IT,AU,FOOD5,TRANS,0.02,5003.899,3,3,5003.899,0.0,0.0,0.0,0.0,250194.95
1747254,IT,JP,WHOLE,FOOD5,0.04,5003.763,3,3,5003.763,0.0,0.0,0.0,0.0,125094.075
1720907,IT,PL,SALEM,COLLE,0.04,5003.643,3,3,5003.643,0.0,0.0,0.0,0.0,125091.075
1749130,IT,CN,WOODW,COLLE,0.01,5003.54,3,3,5003.54,0.0,0.0,0.0,0.0,500354.0
1720719,IT,PL,TRANS,FISHF,0.03,5002.985,3,3,5002.985,0.0,0.0,0.0,0.0,166766.166667
1783525,IT,NO,OILHA,RENTI,0.03,5002.602,3,3,5002.602,0.0,0.0,0.0,0.0,166753.4
1663585,IT,DK,BUSIN,CEREA,0.05,5002.477,3,3,5002.477,0.0,0.0,0.0,0.0,100049.54
1664518,IT,EE,TRANS,CONST,0.03,5002.343,3,3,5002.343,0.0,0.0,0.0,0.0,166744.766667
1735288,IT,SK,GLASS,ELECT,0.01,5002.29,3,3,5002.29,0.0,0.0,0.0,0.0,500229.0
1758538,IT,BR,MACHI,INSUR,0.03,5002.108,3,3,5002.108,0.0,0.0,0.0,0.0,166736.933333
1672000,IT,FI,LANDT,OILHA,0.03,5001.982,3,3,5001.982,0.0,0.0,0.0,0.0,166732.733333
1731641,IT,SI,LEATH,REALE,0.04,5001.885,3,3,5001.885,0.0,0.0,0.0,0.0,125047.125
1735610,IT,SK,COPP1,ADDIT,0.01,5001.363,3,3,5001.363,0.0,0.0,0.0,0.0,500136.3
1763832,IT,MX,NONME,SUGAR,0.01,5001.298,3,3,5001.298,0.0,0.0,0.0,0.0,500129.8
1768473,IT,AU,PROCE,RETA1,0.03,5000.956,3,3,5000.956,0.0,0.0,0.0,0.0,166698.533333
1680759,IT,GR,RETA1,FINAN,0.05,5000.911,3,3,5000.911,0.0,0.0,0.0,0.0,100018.22
1732478,IT,SI,CHEM1,RETAI,0.01,5000.638,3,3,5000.638,0.0,0.0,0.0,0.0,500063.8
1774418,IT,CH,RAILW,ELECT,0.03,5000.471,3,3,5000.471,0.0,0.0,0.0,0.0,166682.366667
1776942,IT,TR,PLAST,RAILW,0.01,5000.352,3,3,5000.352,0.0,0.0,0.0,0.0,500035.2
1710623,IT,LU,MEATC,FISH5,0.02,4999.822,3,3,4999.822,0.0,0.0,0.0,0.0,249991.1
1740362,IT,GB,EDUCA,POSTT,0.12,4999.65,3,3,4999.65,0.0,0.0,0.0,0.0,41663.75
1746771,IT,JP,MACHI,VEGE1,0.03,4999.506,3,3,4999.506,0.0,0.0,0.0,0.0,166650.2
1772083,IT,CH,PRINT,FOODW,0.05,4999.471,3,3,4999.471,0.0,0.0,0.0,0.0,99989.42
1659476,IT,DE,RETA1,FISH5,0.05,4999.402,3,3,4999.402,0.0,0.0,0.0,0.0,99988.04
1796252,IT,WL,CONST,VEGE1,0.03,4998.958,3,3,4998.958,0.0,0.0,0.0,0.0,166631.933333
1657345,IT,DE,BIODI,CROPS,0.01,4998.952,3,3,4998.952,0.0,0.0,0.0,0.0,499895.2
1689319,IT,IE,RETA1,VEGE1,0.05,4998.798,3,3,4998.798,0.0,0.0,0.0,0.0,99975.96
1715242,IT,NL,PULP5,WHOLE,0.02,4998.777,3,3,4998.777,0.0,0.0,0.0,0.0,249938.85
1754983,IT,KR,TEXTI,AUXIL,0.03,4998.717,3,3,4998.717,0.0,0.0,0.0,0.0,166623.9
1683925,IT,HR,FURNI,RESEA,0.02,4998.458,3,3,4998.458,0.0,0.0,0.0,0.0,249922.9
1758732,IT,BR,WHOLE,MOTOR,0.04,4998.425,3,3,4998.425,0.0,0.0,0.0,0.0,124960.625
1812260,IT,WM,NONME,FOOD3,0.01,4998.379,3,3,4998.379,0.0,0.0,0.0,0.0,499837.9
1663726,IT,EE,DAIRY,RAWMI,0.02,4998.349,3,3,4998.349,0.0,0.0,0.0,0.0,249917.45
1759261,IT,BR,POSTT,BIODI,0.08,4998.307,3,3,4998.307,0.0,0.0,0.0,0.0,62478.8375
1659351,IT,DE,RETAI,RENTI,0.04,4998.248,3,3,4998.248,0.0,0.0,0.0,0.0,124956.2
1663064,IT,DK,HOTEL,TEXT1,0.04,4997.966,3,3,4997.966,0.0,0.0,0.0,0.0,124949.15
1786358,IT,ZA,MACHI,MEAT4,0.03,4997.759,3,3,4997.759,0.0,0.0,0.0,0.0,166591.966667
1786638,IT,ZA,WHOLE,MEAT4,0.04,4997.573,3,3,4997.573,0.0,0.0,0.0,0.0,124939.325
1738982,IT,GB,SALEM,PULP5,0.04,4997.439,3,3,4997.439,0.0,0.0,0.0,0.0,124935.975
1759997,IT,BR,INTER,FURNI,0.03,4997.285,3,3,4997.285,0.0,0.0,0.0,0.0,166576.166667
1757395,IT,BR,WOODW,SUGAR,0.01,4997.124,3,3,4997.124,0.0,0.0,0.0,0.0,499712.4
1802833,IT,WE,HEALT,PAPER,0.03,4997.057,3,3,4997.057,0.0,0.0,0.0,0.0,166568.566667
1767134,IT,RU,CONST,WOODW,0.03,4995.81,3,3,4995.81,0.0,0.0,0.0,0.0,166527.0
1809030,IT,WM,VEGET,TRANS,0.02,4995.783,3,3,4995.783,0.0,0.0,0.0,0.0,249789.15
1644631,IT,BE,FOOD5,DIST1,0.02,4995.671,3,3,4995.671,0.0,0.0,0.0,0.0,249783.55
1710983,IT,LU,GLASS,LANDT,0.01,4995.574,3,3,4995.574,0.0,0.0,0.0,0.0,499557.4
1654829,IT,CZ,SUPPO,HEALT,0.04,4995.562,3,3,4995.562,0.0,0.0,0.0,0.0,124889.05
1749168,IT,CN,PULP5,LIQUE,0.02,4995.524,3,3,4995.524,0.0,0.0,0.0,0.0,249776.2
1735232,IT,SK,RUBBE,PAPE4,0.02,4995.342,3,3,4995.342,0.0,0.0,0.0,0.0,249767.1
1810027,IT,WM,TEXTI,SUGA1,0.03,4995.193,3,3,4995.193,0.0,0.0,0.0,0.0,166506.433333
1720930,IT,PL,RETAI,FABRI,0.04,4995.192,3,3,4995.192,0.0,0.0,0.0,0.0,124879.8
1737545,IT,GB,WOODW,RECRE,0.01,4994.626,3,3,4994.626,0.0,0.0,0.0,0.0,499462.6
1802152,IT,WE,HOTEL,VEGE1,0.04,4994.399,3,3,4994.399,0.0,0.0,0.0,0.0,124859.975
1781917,IT,NO,CHEM1,DISTR,0.01,4994.214,3,3,4994.214,0.0,0.0,0.0,0.0,499421.4
1646785,IT,BE,CONST,93197,0.03,4994.065,3,3,4994.065,0.0,0.0,0.0,0.0,166468.833333
1684550,IT,HR,BUSIN,RADIO,0.05,4994.017,3,3,4994.017,0.0,0.0,0.0,0.0,99880.34
1726213,IT,RO,NONME,NATUR,0.01,4992.709,3,3,4992.709,0.0,0.0,0.0,0.0,499270.9
1767937,IT,RU,RENTI,RECRE,0.03,4992.702,3,3,4992.702,0.0,0.0,0.0,0.0,166423.4
1731738,IT,SI,PULP5,STEAM,0.02,4992.199,3,3,4992.199,0.0,0.0,0.0,0.0,249609.95
1799312,IT,WE,WOODW,PEAT2,0.01,4992.166,3,3,4992.166,0.0,0.0,0.0,0.0,499216.6
1722742,IT,PT,PAPER,PIGS9,0.02,4991.906,3,3,4991.906,0.0,0.0,0.0,0.0,249595.3
1665018,IT,ES,CHEMI,ELEC4,0.01,4991.549,3,3,4991.549,0.0,0.0,0.0,0.0,499154.9
1776092,IT,TR,WEARI,SALEM,0.04,4991.51,3,3,4991.51,0.0,0.0,0.0,0.0,124787.75
1649583,IT,BG,RUBBE,EDUCA,0.02,4991.492,3,3,4991.492,0.0,0.0,0.0,0.0,249574.6
1798706,IT,WE,DAIRY,PLAST,0.02,4991.46,3,3,4991.46,0.0,0.0,0.0,0.0,249573.0
1808597,IT,WF,PLAS2,POULT,0.04,4991.342,3,3,4991.342,0.0,0.0,0.0,0.0,124783.55
1676293,IT,FR,SALEM,PAPE4,0.04,4991.225,3,3,4991.225,0.0,0.0,0.0,0.0,124780.625
1744670,IT,US,COMPU,PFERT,0.06,4991.118,3,3,4991.118,0.0,0.0,0.0,0.0,83185.3
1781558,IT,NO,TEXTI,PAPE1,0.03,4990.978,3,3,4990.978,0.0,0.0,0.0,0.0,166365.933333
1755340,IT,KR,PRINT,ELEC2,0.05,4990.599,3,3,4990.599,0.0,0.0,0.0,0.0,99811.98
1789982,IT,WA,NONME,PROCE,0.01,4990.516,3,3,4990.516,0.0,0.0,0.0,0.0,499051.6
1809867,IT,WM,BEVER,COPPE,0.02,4990.453,3,3,4990.453,0.0,0.0,0.0,0.0,249522.65
1745301,IT,JP,MEAT4,GLASS,0.03,4989.937,3,3,4989.937,0.0,0.0,0.0,0.0,166331.233333
1783191,IT,NO,COMPU,RENTI,0.06,4989.844,3,3,4989.844,0.0,0.0,0.0,0.0,83164.066667
1796480,IT,WL,RETA1,PROCE,0.05,4989.606,3,3,4989.606,0.0,0.0,0.0,0.0,99792.12
1754221,IT,CA,POSTT,WOODW,0.08,4989.499,3,3,4989.499,0.0,0.0,0.0,0.0,62368.7375
1734199,IT,SI,REALE,REALE,0.21,4989.326,3,3,4989.326,0.0,0.0,0.0,0.0,23758.695238
1758548,IT,BR,MACHI,FOOD2,0.03,4989.265,3,3,4989.265,0.0,0.0,0.0,0.0,166308.833333
1721719,IT,PL,FINAN,MEMBE,0.06,4989.185,3,3,4989.185,0.0,0.0,0.0,0.0,83153.083333
1730371,IT,SE,SUPPO,HEALT,0.04,4988.655,3,3,4988.655,0.0,0.0,0.0,0.0,124716.375
1760066,IT,BR,OILHA,TRANS,0.03,4988.181,3,3,4988.181,0.0,0.0,0.0,0.0,166272.7
1670735,IT,FI,PAPER,MACHI,0.02,4987.98,3,3,4987.98,0.0,0.0,0.0,0.0,249399.0
1712953,IT,MT,VEGET,COMPU,0.02,4987.947,3,3,4987.947,0.0,0.0,0.0,0.0,249397.35
1747699,IT,JP,POSTT,REALE,0.08,4987.609,3,3,4987.609,0.0,0.0,0.0,0.0,62345.1125
1762504,IT,IN,INSUR,PAPER,0.1,4987.494,3,3,4987.494,0.0,0.0,0.0,0.0,49874.94
1764341,IT,MX,OFFIC,AUXIL,0.02,4987.465,3,3,4987.465,0.0,0.0,0.0,0.0,249373.25
1766192,IT,RU,GLASS,CROPS,0.01,4987.314,3,3,4987.314,0.0,0.0,0.0,0.0,498731.4
1677373,IT,FR,INSUR,WEARI,0.1,4987.263,3,3,4987.263,0.0,0.0,0.0,0.0,49872.63
1766895,IT,RU,OFFIC,ELEC2,0.02,4986.977,3,3,4986.977,0.0,0.0,0.0,0.0,249348.85
1767667,IT,RU,POSTT,HOTEL,0.08,4986.829,3,3,4986.829,0.0,0.0,0.0,0.0,62335.3625
1640293,IT,AT,SANDC,BRICK,0.01,4986.743,4,4,4985.743,0.0,0.0,1.0,0.0,498674.3
1684789,IT,HU,ANIMA,CONST,0.02,4986.733,3,3,4986.733,0.0,0.0,0.0,0.0,249336.65
1801891,IT,WE,CONST,FURNI,0.03,4986.715,3,3,4986.715,0.0,0.0,0.0,0.0,166223.833333
1790508,IT,WA,COPP1,ELEC4,0.01,4986.615,3,3,4986.615,0.0,0.0,0.0,0.0,498661.5
1669685,IT,ES,COMPU,FURNI,0.06,4986.557,3,3,4986.557,0.0,0.0,0.0,0.0,83109.283333
1786629,IT,ZA,RETAI,FOOD3,0.04,4986.294,3,3,4986.294,0.0,0.0,0.0,0.0,124657.35
1753650,IT,CA,OFFIC,RENTI,0.02,4986.155,3,3,4986.155,0.0,0.0,0.0,0.0,249307.75
1813444,IT,WM,CONST,SALEM,0.03,4986.136,3,3,4986.136,0.0,0.0,0.0,0.0,166204.533333
1800440,IT,WE,ADDIT,RECRE,0.01,4985.952,3,3,4985.952,0.0,0.0,0.0,0.0,498595.2
1733518,IT,SI,WHOLE,CONST,0.04,4985.825,3,3,4985.825,0.0,0.0,0.0,0.0,124645.625
1727216,IT,RO,SUPPO,VEGE1,0.04,4985.314,3,3,4985.314,0.0,0.0,0.0,0.0,124632.85
1651680,IT,CY,COPP1,MOTO1,0.01,4985.113,3,3,4985.113,0.0,0.0,0.0,0.0,498511.3
1727430,IT,RO,FINAN,RENTI,0.06,4984.874,3,3,4984.874,0.0,0.0,0.0,0.0,83081.233333
1768841,IT,AU,LEATH,ELEC2,0.04,4984.791,3,3,4984.791,0.0,0.0,0.0,0.0,124619.775
1676099,IT,FR,ELEC8,PLAST,0.07,4984.783,3,3,4984.783,0.0,0.0,0.0,0.0,71211.185714
1798986,IT,WE,TEXTI,CROPS,0.03,4984.395,3,3,4984.395,0.0,0.0,0.0,0.0,166146.5
1739034,IT,GB,SALEM,WOOD2,0.04,4984.33,3,3,4984.33,0.0,0.0,0.0,0.0,124608.25
1674834,IT,FR,NONME,MEATP,0.01,4984.029,3,3,4984.029,0.0,0.0,0.0,0.0,498402.9
1724535,IT,PT,POSTT,MOTO1,0.08,4983.877,3,3,4983.877,0.0,0.0,0.0,0.0,62298.4625
1797093,IT,WL,POSTT,FISHF,0.08,4983.742,3,3,4983.742,0.0,0.0,0.0,0.0,62296.775
1727402,IT,RO,FINAN,COPP1,0.06,4983.303,3,3,4983.303,0.0,0.0,0.0,0.0,83055.05
1656336,IT,DE,WOODW,MEATA,0.01,4983.257,3,3,4983.257,0.0,0.0,0.0,0.0,498325.7
1803690,IT,WF,BEVER,ELEC4,0.02,4983.041,3,3,4983.041,0.0,0.0,0.0,0.0,249152.05
1768545,IT,AU,FOOD5,FINAN,0.02,4982.997,3,3,4982.997,0.0,0.0,0.0,0.0,249149.85
1795895,IT,WL,OFFIC,RAILW,0.02,4982.978,3,3,4982.978,0.0,0.0,0.0,0.0,249148.9
1746889,IT,JP,MOTO1,POULT,0.03,4982.942,3,3,4982.942,0.0,0.0,0.0,0.0,166098.066667
1768117,IT,RU,BUSIN,FOOD4,0.05,4982.751,3,3,4982.751,0.0,0.0,0.0,0.0,99655.02
1765927,IT,RU,PLAST,RETA1,0.01,4982.626,3,3,4982.626,0.0,0.0,0.0,0.0,498262.6
1680903,IT,GR,LANDT,DISTR,0.03,4982.519,3,3,4982.519,0.0,0.0,0.0,0.0,166083.966667
1710846,IT,LU,PAPER,RESEA,0.02,4982.143,3,3,4982.143,0.0,0.0,0.0,0.0,249107.15
1739071,IT,GB,RETAI,FOODW,0.04,4981.721,3,3,4981.721,0.0,0.0,0.0,0.0,124543.025
1805473,IT,WF,GLASS,LANDT,0.01,4981.078,3,3,4981.078,0.0,0.0,0.0,0.0,498107.8
1779430,IT,TR,REALE,FURNI,0.21,4980.821,3,3,4980.821,0.0,0.0,0.0,0.0,23718.195238
1660272,IT,DE,POSTT,ELEC8,0.08,4980.796,3,3,4980.796,0.0,0.0,0.0,0.0,62259.95
1715149,IT,NL,LEATH,RAILW,0.04,4980.62,3,3,4980.62,0.0,0.0,0.0,0.0,124515.5
1746159,IT,JP,PLAST,BITU1,0.01,4980.573,3,3,4980.573,0.0,0.0,0.0,0.0,498057.3
1665338,IT,ES,FISH5,MACHI,0.02,4980.407,4,4,4980.404,0.0,0.0,0.0,0.003,249020.35
1651536,IT,CY,RUBBE,PAPER,0.02,4980.398,3,3,4980.398,0.0,0.0,0.0,0.0,249019.9
1725191,IT,RO,DAIRY,SUGA1,0.02,4980.33,3,3,4980.33,0.0,0.0,0.0,0.0,249016.5
1667387,IT,ES,COPP1,GLASS,0.01,4980.251,3,3,4980.251,0.0,0.0,0.0,0.0,498025.1
1709838,IT,LT,RUBBE,WASTE,0.02,4980.215,3,3,4980.215,0.0,0.0,0.0,0.0,249010.75
1718972,IT,PL,PRINT,SEWAG,0.05,4980.023,3,3,4980.023,0.0,0.0,0.0,0.0,99600.46
1789592,IT,WA,RUBBE,CATTL,0.02,4979.59,3,3,4979.59,0.0,0.0,0.0,0.0,248979.5
1731082,IT,SI,VEGET,PUBLI,0.02,4979.528,3,3,4979.528,0.0,0.0,0.0,0.0,248976.4
1709750,IT,LT,CHEM1,FOOD4,0.01,4979.269,3,3,4979.269,0.0,0.0,0.0,0.0,497926.9
1741027,IT,US,TEXTI,WHEAT,0.03,4979.081,3,3,4979.081,0.0,0.0,0.0,0.0,165969.366667
1797689,IT,WL,PLAS1,WEARI,0.02,4978.953,3,3,4978.953,0.0,0.0,0.0,0.0,248947.65
1773397,IT,CH,MACHI,TEXT2,0.03,4978.736,3,3,4978.736,0.0,0.0,0.0,0.0,165957.866667
1728485,IT,SE,LEATH,RECRE,0.04,4978.659,3,3,4978.659,0.0,0.0,0.0,0.0,124466.475
1642038,IT,AT,RUBBE,WASTE,0.02,4978.423,3,3,4978.423,0.0,0.0,0.0,0.0,248921.15
1730930,IT,SE,INTER,DISTR,0.03,4978.244,3,3,4978.244,0.0,0.0,0.0,0.0,165941.466667
1779960,IT,TW,CONST,RESEA,0.03,4978.065,3,3,4978.065,0.0,0.0,0.0,0.0,165935.5
1719482,IT,PL,GLASS,CATTL,0.01,4977.938,3,3,4977.938,0.0,0.0,0.0,0.0,497793.8
1709754,IT,LT,BIODI,RAILW,0.01,4977.751,3,3,4977.751,0.0,0.0,0.0,0.0,497775.1
1814178,IT,WM,SUPPO,WOODW,0.04,4977.411,3,3,4977.411,0.0,0.0,0.0,0.0,124435.275
1778843,IT,TR,LANDT,FOOD3,0.03,4977.404,3,3,4977.404,0.0,0.0,0.0,0.0,165913.466667
1646720,IT,BE,CONST,SANDC,0.03,4977.373,3,3,4977.373,0.0,0.0,0.0,0.0,165912.433333
1664137,IT,EE,RUBBE,COPP1,0.02,4977.304,3,3,4977.304,0.0,0.0,0.0,0.0,248865.2
1785289,IT,ZA,WEARI,LANDT,0.04,4976.887,3,3,4976.887,0.0,0.0,0.0,0.0,124422.175
1765261,IT,RU,VEGE1,ANIMA,0.02,4976.883,3,3,4976.883,0.0,0.0,0.0,0.0,248844.15
1640416,IT,AT,VEGE1,IRONO,0.02,4976.858,3,3,4976.858,0.0,0.0,0.0,0.0,248842.9
1739813,IT,GB,POSTT,MEMBE,0.08,4976.853,3,3,4976.853,0.0,0.0,0.0,0.0,62210.6625
1791820,IT,WA,LANDT,LIQUE,0.03,4976.674,3,3,4976.674,0.0,0.0,0.0,0.0,165889.133333
1648604,IT,BG,MEATC,PUBLI,0.02,4976.596,3,3,4976.596,0.0,0.0,0.0,0.0,248829.8
1814905,IT,WM,PRIVA,FOOD5,1.11,4976.393,3,3,4976.393,0.0,0.0,0.0,0.0,4483.236937
1779391,IT,TR,AUXIL,93197,0.09,4976.24,3,3,4976.24,0.0,0.0,0.0,0.0,55291.555556
1759552,IT,BR,COMPU,WOODW,0.06,4975.922,3,3,4975.922,0.0,0.0,0.0,0.0,82932.033333
1778082,IT,TR,MOTO1,WOODW,0.03,4975.73,3,3,4975.73,0.0,0.0,0.0,0.0,165857.666667
1659229,IT,DE,SALEM,FISH5,0.04,4975.413,3,3,4975.413,0.0,0.0,0.0,0.0,124385.325
1778218,IT,TR,FURNI,TRAN1,0.02,4975.322,3,3,4975.322,0.0,0.0,0.0,0.0,248766.1
1795891,IT,WL,OFFIC,RETAI,0.02,4975.283,3,3,4975.283,0.0,0.0,0.0,0.0,248764.15
1646411,IT,BE,FABRI,PAPE1,0.02,4974.817,3,3,4974.817,0.0,0.0,0.0,0.0,248740.85
1718376,IT,PL,BEVER,BIOGA,0.02,4974.467,3,3,4974.467,0.0,0.0,0.0,0.0,248723.35
1773808,IT,CH,ELEC4,CHEM1,0.08,4974.344,3,3,4974.344,0.0,0.0,0.0,0.0,62179.3
1768950,IT,AU,PAPER,GASDI,0.02,4973.679,3,3,4973.679,0.0,0.0,0.0,0.0,248683.95
1681828,IT,HR,VEGE1,FORES,0.02,4973.47,3,3,4973.47,0.0,0.0,0.0,0.0,248673.5
1773155,IT,CH,COPP1,93197,0.01,4973.199,3,3,4973.199,0.0,0.0,0.0,0.0,497319.9
1810188,IT,WM,WEARI,RESEA,0.04,4973.175,3,3,4973.175,0.0,0.0,0.0,0.0,124329.375
1772455,IT,CH,CHEM1,TEXT1,0.01,4973.007,3,3,4973.007,0.0,0.0,0.0,0.0,497300.7
1651375,IT,CY,PAPER,PUBLI,0.02,4972.868,3,3,4972.868,0.0,0.0,0.0,0.0,248643.4
1651810,IT,CY,HOTEL,FABRI,0.04,4972.558,3,3,4972.558,0.0,0.0,0.0,0.0,124313.95
1662013,IT,DK,PLAST,CERAM,0.01,4972.402,3,3,4972.402,0.0,0.0,0.0,0.0,497240.2
1711312,IT,LU,WHOLE,WOODW,0.04,4972.036,3,3,4972.036,0.0,0.0,0.0,0.0,124300.9
1755699,IT,KR,RUBBE,AUXIL,0.02,4972.035,3,3,4972.035,0.0,0.0,0.0,0.0,248601.75
1651082,IT,BG,INSUR,CONST,0.1,4972.018,3,3,4972.018,0.0,0.0,0.0,0.0,49720.18
1784986,IT,ID,INSUR,RENTI,0.1,4971.954,3,3,4971.954,0.0,0.0,0.0,0.0,49719.54
1778452,IT,TR,WHOLE,ELEC2,0.04,4971.927,3,3,4971.927,0.0,0.0,0.0,0.0,124298.175
1797895,IT,WL,WASTE,BIOGA,0.02,4971.806,3,3,4971.806,0.0,0.0,0.0,0.0,248590.3
1744844,IT,US,RESEA,PAPE3,0.03,4971.512,3,3,4971.512,0.0,0.0,0.0,0.0,165717.066667
1726925,IT,RO,HOTEL,NATU1,0.04,4971.472,3,3,4971.472,0.0,0.0,0.0,0.0,124286.8
1732593,IT,SI,GLASS,CHEMI,0.01,4971.107,3,3,4971.107,0.0,0.0,0.0,0.0,497110.7
1662740,IT,DK,OFFIC,RADIO,0.02,4970.941,3,3,4970.941,0.0,0.0,0.0,0.0,248547.05
1789732,IT,WA,GLASS,CHEMI,0.01,4970.811,3,3,4970.811,0.0,0.0,0.0,0.0,497081.1
1656000,IT,DE,FOOD5,TRANS,0.02,4970.573,3,3,4970.573,0.0,0.0,0.0,0.0,248528.65
1677151,IT,FR,POSTT,WEARI,0.08,4970.477,3,3,4970.477,0.0,0.0,0.0,0.0,62130.9625
1680723,IT,GR,RETA1,PLAST,0.05,4970.427,3,3,4970.427,0.0,0.0,0.0,0.0,99408.54
1676608,IT,FR,HOTEL,BIOG1,0.04,4970.374,3,3,4970.374,0.0,0.0,0.0,0.0,124259.35
1720839,IT,PL,FURNI,SALEM,0.02,4970.37,3,3,4970.37,0.0,0.0,0.0,0.0,248518.5
1660353,IT,DE,FINAN,LIQUE,0.06,4970.36,3,3,4970.36,0.0,0.0,0.0,0.0,82839.333333
1793036,IT,WA,FOOD4,SANDC,0.04,4970.329,3,3,4970.329,0.0,0.0,0.0,0.0,124258.225
1675527,IT,FR,OFFIC,FOOD2,0.02,4969.979,3,3,4969.979,0.0,0.0,0.0,0.0,248498.95
1779690,IT,TR,RESEA,RAILW,0.03,4969.973,3,3,4969.973,0.0,0.0,0.0,0.0,165665.766667
1786958,IT,ZA,POSTT,SUPPO,0.08,4969.885,3,3,4969.885,0.0,0.0,0.0,0.0,62123.5625
1659337,IT,DE,RETAI,FURNI,0.04,4969.881,3,3,4969.881,0.0,0.0,0.0,0.0,124247.025
1739302,IT,GB,HOTEL,COLLE,0.04,4969.855,3,3,4969.855,0.0,0.0,0.0,0.0,124246.375
1775826,IT,TR,MEATP,WOODW,0.02,4969.685,3,3,4969.685,0.0,0.0,0.0,0.0,248484.25
1744406,IT,US,AUXIL,WHEAT,0.09,4969.229,3,3,4969.229,0.0,0.0,0.0,0.0,55213.655556
1809347,IT,WM,SANDC,KERO1,0.01,4968.897,4,4,4967.897,0.0,0.0,1.0,0.0,496889.7
1788139,IT,WA,WEARI,NAPHT,0.04,4968.841,3,3,4968.841,0.0,0.0,0.0,0.0,124221.025
1758992,IT,BR,LANDT,NFERT,0.03,4968.76,3,3,4968.76,0.0,0.0,0.0,0.0,165625.333333
1684651,IT,HR,INERT,SUGAR,0.04,4968.738,3,3,4968.738,0.0,0.0,0.0,0.0,124218.45
1712108,IT,LV,TEXTI,CEMEN,0.03,4968.722,3,3,4968.722,0.0,0.0,0.0,0.0,165624.066667
1662495,IT,DK,COPP1,MEATC,0.01,4968.705,3,3,4968.705,0.0,0.0,0.0,0.0,496870.5
1722716,IT,PT,WOODW,CEMEN,0.01,4968.521,3,3,4968.521,0.0,0.0,0.0,0.0,496852.1
1641094,IT,AT,PAPER,LEAD1,0.02,4968.344,3,3,4968.344,0.0,0.0,0.0,0.0,248417.2
1658668,IT,DE,OFFIC,LIGNI,0.02,4968.153,3,3,4968.153,0.0,0.0,0.0,0.0,248407.65
1642244,IT,AT,NONME,GASDI,0.01,4968.152,3,3,4968.152,0.0,0.0,0.0,0.0,496815.2
1718532,IT,PL,WEARI,MEATP,0.04,4968.091,3,3,4968.091,0.0,0.0,0.0,0.0,124202.275
1809198,IT,WM,MEATA,COMPU,0.03,4968.058,3,3,4968.058,0.0,0.0,0.0,0.0,165601.933333
1724667,IT,PT,INSUR,PLAST,0.1,4967.577,3,3,4967.577,0.0,0.0,0.0,0.0,49675.77
1785092,IT,ZA,CHEMI,CROPS,0.01,4967.544,3,3,4967.544,0.0,0.0,0.0,0.0,496754.4
1749356,IT,CN,PRINT,COLLE,0.05,4967.325,3,3,4967.325,0.0,0.0,0.0,0.0,99346.5
1781891,IT,NO,CHEM1,HEAVY,0.01,4967.037,3,3,4967.037,0.0,0.0,0.0,0.0,496703.7
1778840,IT,TR,LANDT,INTER,0.03,4966.97,3,3,4966.97,0.0,0.0,0.0,0.0,165565.666667
1722530,IT,PT,BEVER,MEATA,0.02,4966.885,3,3,4966.885,0.0,0.0,0.0,0.0,248344.25
1761229,IT,IN,RUBBE,CROPS,0.02,4966.733,3,3,4966.733,0.0,0.0,0.0,0.0,248336.65
1778842,IT,TR,LANDT,FOOD2,0.03,4966.579,3,3,4966.579,0.0,0.0,0.0,0.0,165552.633333
1724774,IT,PT,RENTI,DIST1,0.03,4966.538,3,3,4966.538,0.0,0.0,0.0,0.0,165551.266667
1763766,IT,MX,GLASS,COLLE,0.01,4966.487,3,3,4966.487,0.0,0.0,0.0,0.0,496648.7
1781697,IT,NO,WOODW,GLASS,0.01,4966.477,3,3,4966.477,0.0,0.0,0.0,0.0,496647.7
1778845,IT,TR,LANDT,FOOD4,0.03,4966.18,3,3,4966.18,0.0,0.0,0.0,0.0,165539.333333
1754532,IT,CA,BUSIN,DIST1,0.05,4966.147,3,3,4966.147,0.0,0.0,0.0,0.0,99322.94
1731353,IT,SI,DAIRY,COMPU,0.02,4966.113,3,3,4966.113,0.0,0.0,0.0,0.0,248305.65
1668152,IT,ES,SALEM,OFFIC,0.04,4966.047,3,3,4966.047,0.0,0.0,0.0,0.0,124151.175
1785084,IT,ZA,SANDC,MACHI,0.01,4965.879,4,4,4964.879,0.0,0.0,1.0,0.0,496587.9
1778846,IT,TR,LANDT,PAPE4,0.03,4965.752,3,3,4965.752,0.0,0.0,0.0,0.0,165525.066667
1739423,IT,GB,LANDT,FORES,0.03,4965.566,3,3,4965.566,0.0,0.0,0.0,0.0,165518.866667
1789575,IT,WA,BIODI,CHARC,0.01,4965.552,3,3,4965.552,0.0,0.0,0.0,0.0,496555.2
1677142,IT,FR,POSTT,MEATC,0.08,4965.485,3,3,4965.485,0.0,0.0,0.0,0.0,62068.5625
1778841,IT,TR,LANDT,OILHA,0.03,4965.432,3,3,4965.432,0.0,0.0,0.0,0.0,165514.4
1778850,IT,TR,LANDT,WOOD2,0.03,4965.134,3,3,4965.134,0.0,0.0,0.0,0.0,165504.466667
1778847,IT,TR,LANDT,PLAS2,0.03,4965.091,3,3,4965.091,0.0,0.0,0.0,0.0,165503.033333
1672067,IT,FI,SUPPO,DAIRY,0.04,4964.891,3,3,4964.891,0.0,0.0,0.0,0.0,124122.275
1760323,IT,IN,STONE,RADIO,0.02,4964.853,3,3,4964.853,0.0,0.0,0.0,0.0,248242.65
1790926,IT,WA,OFFIC,RETAI,0.02,4964.849,3,3,4964.849,0.0,0.0,0.0,0.0,248242.45
1681362,IT,GR,INSUR,EDUCA,0.1,4964.751,3,3,4964.751,0.0,0.0,0.0,0.0,49647.51
1731711,IT,SI,WOODW,FOOD4,0.01,4964.716,3,3,4964.716,0.0,0.0,0.0,0.0,496471.6
1643091,IT,AT,WHOLE,NONME,0.04,4964.677,3,3,4964.677,0.0,0.0,0.0,0.0,124116.925
1787733,IT,WA,VEGE1,SALEM,0.02,4964.636,3,3,4964.636,0.0,0.0,0.0,0.0,248231.8
1795739,IT,WL,MACHI,NICKE,0.03,4964.628,3,3,4964.628,0.0,0.0,0.0,0.0,165487.6
1741236,IT,US,WOODW,TRAN2,0.01,4964.055,3,3,4964.055,0.0,0.0,0.0,0.0,496405.5
1747762,IT,JP,AUXIL,PLAST,0.09,4963.966,3,3,4963.966,0.0,0.0,0.0,0.0,55155.177778
1750033,IT,CN,NONME,ELEC2,0.01,4963.682,3,3,4963.682,0.0,0.0,0.0,0.0,496368.2
1688197,IT,HU,BUSIN,FOOD4,0.05,4963.661,3,3,4963.661,0.0,0.0,0.0,0.0,99273.22
1723335,IT,PT,NONME,BIODI,0.01,4962.993,3,3,4962.993,0.0,0.0,0.0,0.0,496299.3
1781274,IT,NO,CHEMI,CONST,0.01,4962.87,3,3,4962.87,0.0,0.0,0.0,0.0,496287.0
1808445,IT,WF,FOOD4,SUGA1,0.04,4962.801,3,3,4962.801,0.0,0.0,0.0,0.0,124070.025
1790966,IT,WA,MOTO1,MEAT4,0.03,4962.559,3,3,4962.559,0.0,0.0,0.0,0.0,165418.633333
1798202,IT,WE,VEGET,VEGE1,0.02,4962.511,3,3,4962.511,0.0,0.0,0.0,0.0,248125.55
1663712,IT,EE,MEATC,HOTEL,0.02,4962.324,3,3,4962.324,0.0,0.0,0.0,0.0,248116.2
1641878,IT,AT,BIODI,LEATH,0.01,4962.287,3,3,4962.287,0.0,0.0,0.0,0.0,496228.7
1686208,IT,HU,GLASS,SECO9,0.01,4962.211,3,3,4962.211,0.0,0.0,0.0,0.0,496221.1
1794116,IT,WL,PAPER,ELEC3,0.02,4962.147,3,3,4962.147,0.0,0.0,0.0,0.0,248107.35
1736684,IT,SK,INSUR,FOOD4,0.1,4961.432,3,3,4961.432,0.0,0.0,0.0,0.0,49614.32
1762638,IT,IN,COMPU,TRANS,0.06,4961.381,3,3,4961.381,0.0,0.0,0.0,0.0,82689.683333
1731469,IT,SI,BEVER,RADIO,0.02,4961.142,3,3,4961.142,0.0,0.0,0.0,0.0,248057.1
1783617,IT,NO,PAPE3,ALUM1,0.01,4960.948,3,3,4960.948,0.0,0.0,0.0,0.0,496094.8
1659738,IT,DE,RAILW,POSTT,0.03,4960.825,3,3,4960.825,0.0,0.0,0.0,0.0,165360.833333
1752963,IT,CA,CHEM1,MEATA,0.01,4960.467,3,3,4960.467,0.0,0.0,0.0,0.0,496046.7
1765012,IT,MX,INSUR,CRUDE,0.1,4960.348,3,3,4960.348,0.0,0.0,0.0,0.0,49603.48
1723834,IT,PT,MOTO1,RETA1,0.03,4960.31,3,3,4960.31,0.0,0.0,0.0,0.0,165343.666667
1651698,IT,CY,FABRI,BASIC,0.02,4960.186,3,3,4960.186,0.0,0.0,0.0,0.0,248009.3
1788411,IT,WA,WOODW,BUSIN,0.01,4960.063,3,3,4960.063,0.0,0.0,0.0,0.0,496006.3
1755193,IT,KR,WOODW,DAIRY,0.01,4959.918,3,3,4959.918,0.0,0.0,0.0,0.0,495991.8
1674840,IT,FR,NONME,TEXTI,0.01,4959.754,3,3,4959.754,0.0,0.0,0.0,0.0,495975.4
1754154,IT,CA,SUPPO,FOOD5,0.04,4959.645,3,3,4959.645,0.0,0.0,0.0,0.0,123991.125
1795852,IT,WL,OFFIC,VEGET,0.02,4959.636,3,3,4959.636,0.0,0.0,0.0,0.0,247981.8
1731569,IT,SI,TEXTI,ELEC3,0.03,4959.536,3,3,4959.536,0.0,0.0,0.0,0.0,165317.866667
1648120,IT,BE,RESEA,COPP1,0.03,4959.504,3,3,4959.504,0.0,0.0,0.0,0.0,165316.8
1730088,IT,SE,RETA1,COLLE,0.05,4959.104,3,3,4959.104,0.0,0.0,0.0,0.0,99182.08
1765490,IT,RU,WEARI,RUBBE,0.04,4958.956,3,3,4958.956,0.0,0.0,0.0,0.0,123973.9
1721930,IT,PL,RENTI,INTER,0.03,4958.947,3,3,4958.947,0.0,0.0,0.0,0.0,165298.233333
1786746,IT,ZA,RETA1,REALE,0.05,4958.84,3,3,4958.84,0.0,0.0,0.0,0.0,99176.8
1730696,IT,SE,COMPU,TRANS,0.06,4958.823,3,3,4958.823,0.0,0.0,0.0,0.0,82647.05
1726766,IT,RO,SALEM,COLLE,0.04,4958.788,3,3,4958.788,0.0,0.0,0.0,0.0,123969.7
1768749,IT,AU,WEARI,RADIO,0.04,4958.698,3,3,4958.698,0.0,0.0,0.0,0.0,123967.45
1654995,IT,CZ,AUXIL,INSUR,0.09,4958.682,3,3,4958.682,0.0,0.0,0.0,0.0,55096.466667
1806732,IT,WF,WHOLE,ELEC4,0.04,4958.306,3,3,4958.306,0.0,0.0,0.0,0.0,123957.65
1776907,IT,TR,PLAST,NFERT,0.01,4958.156,3,3,4958.156,0.0,0.0,0.0,0.0,495815.6
1753093,IT,CA,RUBBE,WEARI,0.02,4958.021,3,3,4958.021,0.0,0.0,0.0,0.0,247901.05
1730607,IT,SE,RENTI,FISHF,0.03,4957.944,3,3,4957.944,0.0,0.0,0.0,0.0,165264.8
1679664,IT,GR,GLASS,RETA1,0.01,4957.943,3,3,4957.943,0.0,0.0,0.0,0.0,495794.3
1686081,IT,HU,RUBBE,NONSP,0.02,4957.698,3,3,4957.698,0.0,0.0,0.0,0.0,247884.9
1781563,IT,NO,TEXTI,INERT,0.03,4957.59,3,3,4957.59,0.0,0.0,0.0,0.0,165253.0
1753849,IT,CA,WHOLE,EDUCA,0.04,4957.356,3,3,4957.356,0.0,0.0,0.0,0.0,123933.9
1681921,IT,HR,PROCE,WOODW,0.03,4957.323,3,3,4957.323,0.0,0.0,0.0,0.0,165244.1
1793495,IT,WL,CHEMI,BIOGA,0.01,4957.088,3,3,4957.088,0.0,0.0,0.0,0.0,495708.8
1673547,IT,FR,LEATH,RENTI,0.04,4956.837,3,3,4956.837,0.0,0.0,0.0,0.0,123920.925
1769126,IT,AU,CHEM1,SANDC,0.01,4956.639,3,3,4956.639,0.0,0.0,0.0,0.0,495663.9
1740952,IT,US,FOOD5,POSTT,0.02,4956.579,3,3,4956.579,0.0,0.0,0.0,0.0,247828.95
1683877,IT,HR,MOTO1,WOOD2,0.03,4956.499,3,3,4956.499,0.0,0.0,0.0,0.0,165216.633333
1687347,IT,HU,HOTEL,CROPS,0.04,4955.49,3,3,4955.49,0.0,0.0,0.0,0.0,123887.25
1726366,IT,RO,COPP1,WOODW,0.01,4955.319,3,3,4955.319,0.0,0.0,0.0,0.0,495531.9
1719366,IT,PL,RUBBE,HYDRO,0.02,4955.122,3,3,4955.122,0.0,0.0,0.0,0.0,247756.1
1641883,IT,AT,BIODI,COKEO,0.01,4954.857,3,3,4954.857,0.0,0.0,0.0,0.0,495485.7
1651110,IT,BG,COMPU,FABRI,0.06,4954.641,3,3,4954.641,0.0,0.0,0.0,0.0,82577.35
1654945,IT,CZ,INSUR,ALUM1,0.1,4954.379,3,3,4954.379,0.0,0.0,0.0,0.0,49543.79
1716427,IT,NL,MACHI,FOODW,0.03,4953.875,3,3,4953.875,0.0,0.0,0.0,0.0,165129.166667
1675486,IT,FR,OFFIC,CERAM,0.02,4953.718,3,3,4953.718,0.0,0.0,0.0,0.0,247685.9
1644014,IT,AT,BUSIN,MEAT4,0.05,4953.585,3,3,4953.585,0.0,0.0,0.0,0.0,99071.7
1802096,IT,WE,RETA1,PFERT,0.05,4953.462,3,3,4953.462,0.0,0.0,0.0,0.0,99069.24
1710865,IT,LU,PRINT,POSTT,0.05,4953.406,3,3,4953.406,0.0,0.0,0.0,0.0,99068.12
1736651,IT,SK,INSUR,STONE,0.1,4952.843,3,3,4952.843,0.0,0.0,0.0,0.0,49528.43
1746467,IT,JP,GLASS,COMPU,0.01,4952.335,3,3,4952.335,0.0,0.0,0.0,0.0,495233.5
1762107,IT,IN,RAILW,CRUDE,0.03,4952.064,3,3,4952.064,0.0,0.0,0.0,0.0,165068.8
1716949,IT,NL,RAILW,TRANS,0.03,4951.712,3,3,4951.712,0.0,0.0,0.0,0.0,165057.066667
1664535,IT,EE,FURNI,WHOLE,0.02,4951.7,3,3,4951.7,0.0,0.0,0.0,0.0,247585.0
1650702,IT,BG,HOTEL,HYDRO,0.04,4951.515,3,3,4951.515,0.0,0.0,0.0,0.0,123787.875
1726894,IT,RO,RETA1,INSUR,0.05,4951.454,3,3,4951.454,0.0,0.0,0.0,0.0,99029.08
1776151,IT,TR,LEATH,TRANS,0.04,4951.298,3,3,4951.298,0.0,0.0,0.0,0.0,123782.45
1719145,IT,PL,PLAST,LIQUE,0.01,4951.292,3,3,4951.292,0.0,0.0,0.0,0.0,495129.2
1733634,IT,SI,HOTEL,MEDIC,0.04,4951.238,3,3,4951.238,0.0,0.0,0.0,0.0,123780.95
1677134,IT,FR,POSTT,CROPS,0.08,4951.218,3,3,4951.218,0.0,0.0,0.0,0.0,61890.225
1768318,IT,AU,CHEMI,PLAST,0.01,4951.009,3,3,4951.009,0.0,0.0,0.0,0.0,495100.9
1689504,IT,IE,LANDT,PRINT,0.03,4950.675,3,3,4950.675,0.0,0.0,0.0,0.0,165022.5
1762007,IT,IN,WHOLE,FISH5,0.04,4950.503,3,3,4950.503,0.0,0.0,0.0,0.0,123762.575
1741034,IT,US,TEXTI,RAWMI,0.03,4950.457,3,3,4950.457,0.0,0.0,0.0,0.0,165015.233333
1670281,IT,FI,FORES,PULP5,0.04,4950.234,4,4,4948.234,0.0,2.0,0.0,0.0,123755.85
1641084,IT,AT,PAPER,BIODI,0.02,4950.228,3,3,4950.228,0.0,0.0,0.0,0.0,247511.4
1748301,IT,JP,MEMBE,RECRE,0.06,4950.21,3,3,4950.21,0.0,0.0,0.0,0.0,82503.5
1736349,IT,SK,RAILW,HOTEL,0.03,4949.339,3,3,4949.339,0.0,0.0,0.0,0.0,164977.966667
1799106,IT,WE,WEARI,STONE,0.04,4949.195,3,3,4949.195,0.0,0.0,0.0,0.0,123729.875
1641052,IT,AT,PAPER,CRUDE,0.02,4949.116,3,3,4949.116,0.0,0.0,0.0,0.0,247455.8
1680911,IT,GR,LANDT,LANDT,0.03,4949.048,3,3,4949.048,0.0,0.0,0.0,0.0,164968.266667
1773183,IT,CH,FABRI,MEAT1,0.02,4949.033,3,3,4949.033,0.0,0.0,0.0,0.0,247451.65
1756378,IT,KR,FURNI,NONME,0.02,4948.882,3,3,4948.882,0.0,0.0,0.0,0.0,247444.1
1734018,IT,SI,POSTT,BUSIN,0.08,4948.575,3,3,4948.575,0.0,0.0,0.0,0.0,61857.1875
1775465,IT,CH,PLAS1,CHEM1,0.02,4948.226,3,3,4948.226,0.0,0.0,0.0,0.0,247411.3
1756923,IT,KR,INSUR,ELEC8,0.1,4948.18,3,3,4948.18,0.0,0.0,0.0,0.0,49481.8
1730063,IT,SE,RETA1,PRECI,0.05,4948.099,3,3,4948.099,0.0,0.0,0.0,0.0,98961.98
1655398,IT,DE,CROPS,RESEA,0.04,4948.068,3,3,4948.068,0.0,0.0,0.0,0.0,123701.7
1677485,IT,FR,AUXIL,PULP5,0.09,4948.015,3,3,4948.015,0.0,0.0,0.0,0.0,54977.944444
1642932,IT,AT,FURNI,TEXTI,0.02,4947.577,3,3,4947.577,0.0,0.0,0.0,0.0,247378.85
1798055,IT,WL,MEMBE,INSUR,0.06,4947.571,3,3,4947.571,0.0,0.0,0.0,0.0,82459.516667
1808342,IT,WF,FOOD3,DISTR,0.01,4947.479,3,3,4947.479,0.0,0.0,0.0,0.0,494747.9
1762725,IT,IN,BUSIN,NONSP,0.05,4947.38,3,3,4947.38,0.0,0.0,0.0,0.0,98947.6
1735614,IT,SK,COPP1,PREC1,0.01,4947.324,3,3,4947.324,0.0,0.0,0.0,0.0,494732.4
1813228,IT,WM,TRANS,SANDC,0.03,4947.295,3,3,4947.295,0.0,0.0,0.0,0.0,164909.833333
1771231,IT,CH,VEGE1,CERAM,0.02,4946.812,3,3,4946.812,0.0,0.0,0.0,0.0,247340.6
1690458,IT,IE,PAPE4,PAPER,0.03,4946.711,3,3,4946.711,0.0,0.0,0.0,0.0,164890.366667
1664675,IT,EE,LANDT,93197,0.03,4946.691,3,3,4946.691,0.0,0.0,0.0,0.0,164889.7
1677461,IT,FR,AUXIL,OILSE,0.09,4946.529,3,3,4946.529,0.0,0.0,0.0,0.0,54961.433333
1758915,IT,BR,HOTEL,FOOD3,0.04,4946.474,3,3,4946.474,0.0,0.0,0.0,0.0,123661.85
1809801,IT,WM,FOOD5,ALUM1,0.02,4946.176,3,3,4946.176,0.0,0.0,0.0,0.0,247308.8
1651512,IT,CY,PLAST,CHARC,0.01,4946.162,3,3,4946.162,0.0,0.0,0.0,0.0,494616.2
1783998,IT,ID,FOOD5,RUBBE,0.02,4945.82,3,3,4945.82,0.0,0.0,0.0,0.0,247291.0
1729634,IT,SE,FABRI,MOTOR,0.02,4945.745,3,3,4945.745,0.0,0.0,0.0,0.0,247287.25
1645144,IT,BE,PRINT,KEROS,0.05,4945.744,3,3,4945.744,0.0,0.0,0.0,0.0,98914.88
1748530,IT,CN,CHEMI,ELEC4,0.01,4945.681,3,3,4945.681,0.0,0.0,0.0,0.0,494568.1
1789069,IT,WA,WHITE,ANIMA,0.03,4945.607,3,3,4945.607,0.0,0.0,0.0,0.0,164853.566667
1783304,IT,NO,FOODW,PAPE4,0.04,4945.518,3,3,4945.518,0.0,0.0,0.0,0.0,123637.95
1808247,IT,WF,FOOD2,PIGS9,0.03,4945.308,3,3,4945.308,0.0,0.0,0.0,0.0,164843.6
1814680,IT,WM,PLAS1,WHOLE,0.02,4945.161,3,3,4945.161,0.0,0.0,0.0,0.0,247258.05
1651519,IT,CY,PLAST,FURNI,0.01,4945.072,3,3,4945.072,0.0,0.0,0.0,0.0,494507.2
1757007,IT,KR,BUSIN,CHEMI,0.05,4944.987,3,3,4944.987,0.0,0.0,0.0,0.0,98899.74
1690029,IT,IE,REALE,FOOD4,0.21,4944.718,3,3,4944.718,0.0,0.0,0.0,0.0,23546.27619
1729814,IT,SE,MACHI,INERT,0.03,4944.711,3,3,4944.711,0.0,0.0,0.0,0.0,164823.7
1799364,IT,WE,PULP5,BITUM,0.02,4944.693,3,3,4944.693,0.0,0.0,0.0,0.0,247234.65
1814251,IT,WM,POSTT,PLAST,0.08,4944.645,3,3,4944.645,0.0,0.0,0.0,0.0,61808.0625
1749046,IT,CN,LEATH,BLAST,0.04,4944.611,3,3,4944.611,0.0,0.0,0.0,0.0,123615.275
1722774,IT,PT,PAPER,BITU1,0.02,4944.405,3,3,4944.405,0.0,0.0,0.0,0.0,247220.25
1671825,IT,FI,RETA1,FOUND,0.05,4944.356,3,3,4944.356,0.0,0.0,0.0,0.0,98887.12
1679192,IT,GR,PRINT,REALE,0.05,4944.285,3,3,4944.285,0.0,0.0,0.0,0.0,98885.7
1718479,IT,PL,TEXTI,BIOGA,0.03,4944.05,3,3,4944.05,0.0,0.0,0.0,0.0,164801.666667
1806575,IT,WF,CONST,STONE,0.03,4943.544,3,3,4943.544,0.0,0.0,0.0,0.0,164784.8
1771142,IT,CH,MEATC,HEALT,0.02,4943.389,3,3,4943.389,0.0,0.0,0.0,0.0,247169.45
1759947,IT,BR,PLAS1,TRANS,0.02,4943.316,3,3,4943.316,0.0,0.0,0.0,0.0,247165.8
1791434,IT,WA,WHOLE,LIQUE,0.04,4943.088,3,3,4943.088,0.0,0.0,0.0,0.0,123577.2
1775853,IT,TR,VEGE1,HEALT,0.02,4942.942,3,3,4942.942,0.0,0.0,0.0,0.0,247147.1
1746314,IT,JP,CHEM1,FOOD4,0.01,4942.921,3,3,4942.921,0.0,0.0,0.0,0.0,494292.1
1644064,IT,AT,BUSIN,ELEC2,0.05,4942.64,3,3,4942.64,0.0,0.0,0.0,0.0,98852.8
1720998,IT,PL,RETA1,REALE,0.05,4942.307,3,3,4942.307,0.0,0.0,0.0,0.0,98846.14
1717365,IT,NL,FINAN,RENTI,0.06,4942.234,3,3,4942.234,0.0,0.0,0.0,0.0,82370.566667
1658770,IT,DE,MOTO1,ANIMA,0.03,4942.203,3,3,4942.203,0.0,0.0,0.0,0.0,164740.1
1755489,IT,KR,PLAST,HEALT,0.01,4941.885,3,3,4941.885,0.0,0.0,0.0,0.0,494188.5
1711847,IT,LU,PAPE1,HOTEL,0.03,4941.881,3,3,4941.881,0.0,0.0,0.0,0.0,164729.366667
1727751,IT,RO,RESEA,COMPU,0.03,4941.824,3,3,4941.824,0.0,0.0,0.0,0.0,164727.466667
1684559,IT,HR,BUSIN,DIST1,0.05,4941.243,3,3,4941.243,0.0,0.0,0.0,0.0,98824.86
1753036,IT,CA,CHEM1,DISTR,0.01,4941.098,3,3,4941.098,0.0,0.0,0.0,0.0,494109.8
1808335,IT,WF,FOOD3,SUGA1,0.01,4941.075,3,3,4941.075,0.0,0.0,0.0,0.0,494107.5
1746773,IT,JP,MACHI,PROCE,0.03,4940.873,3,3,4940.873,0.0,0.0,0.0,0.0,164695.766667
1679022,IT,GR,WOODW,LEATH,0.01,4939.91,3,3,4939.91,0.0,0.0,0.0,0.0,493991.0
1808616,IT,WF,PLAS2,SALEM,0.04,4939.695,3,3,4939.695,0.0,0.0,0.0,0.0,123492.375
1764926,IT,MX,SUPPO,RADIO,0.04,4939.492,3,3,4939.492,0.0,0.0,0.0,0.0,123487.3
1770359,IT,AU,RAILW,BUSIN,0.03,4939.465,3,3,4939.465,0.0,0.0,0.0,0.0,164648.833333
1678863,IT,GR,FISH5,PROCE,0.02,4939.446,4,4,4939.443,0.0,0.0,0.0,0.003,246972.3
1762934,IT,MX,MEAT4,LEATH,0.03,4939.2,3,3,4939.2,0.0,0.0,0.0,0.0,164640.0
1781686,IT,NO,LEATH,FOOD2,0.04,4939.163,3,3,4939.163,0.0,0.0,0.0,0.0,123479.075
1801558,IT,WE,TRANS,FOOD5,0.03,4939.099,3,3,4939.099,0.0,0.0,0.0,0.0,164636.633333
1808440,IT,WF,FOOD4,MEATP,0.04,4939.068,3,3,4939.068,0.0,0.0,0.0,0.0,123476.7
1726662,IT,RO,TRANS,PULP5,0.03,4938.97,3,3,4938.97,0.0,0.0,0.0,0.0,164632.333333
1775474,IT,CH,PLAS1,HOTEL,0.02,4938.826,3,3,4938.826,0.0,0.0,0.0,0.0,246941.3
1789535,IT,WA,ADDIT,SEACO,0.01,4938.673,3,3,4938.673,0.0,0.0,0.0,0.0,493867.3
1750819,IT,CN,FURNI,PARAF,0.02,4938.581,3,3,4938.581,0.0,0.0,0.0,0.0,246929.05
1688943,IT,IE,FABRI,ELEC5,0.02,4938.22,3,3,4938.22,0.0,0.0,0.0,0.0,246911.0
1745885,IT,JP,LEATH,OXYGE,0.04,4938.192,3,3,4938.192,0.0,0.0,0.0,0.0,123454.8
1733210,IT,SI,MACHI,CERAM,0.03,4938.057,3,3,4938.057,0.0,0.0,0.0,0.0,164601.9
1762944,IT,MX,VEGE1,MEATP,0.02,4937.469,3,3,4937.469,0.0,0.0,0.0,0.0,246873.45
1796744,IT,WL,LANDT,GASDI,0.03,4937.384,3,3,4937.384,0.0,0.0,0.0,0.0,164579.466667
1814652,IT,WM,PAPE1,REALE,0.03,4937.28,3,3,4937.28,0.0,0.0,0.0,0.0,164576.0
1682352,IT,HR,WOODW,DIST1,0.01,4936.924,3,3,4936.924,0.0,0.0,0.0,0.0,493692.4
1740455,IT,GB,WASTE,PLAS2,0.02,4936.9,3,3,4936.9,0.0,0.0,0.0,0.0,246845.0
1770962,IT,CH,VEGET,MEDIC,0.02,4936.741,3,3,4936.741,0.0,0.0,0.0,0.0,246837.05
1791336,IT,WA,SALEM,WOODW,0.04,4936.637,3,3,4936.637,0.0,0.0,0.0,0.0,123415.925
1678292,IT,FR,FOOD3,FOOD5,0.01,4936.584,3,3,4936.584,0.0,0.0,0.0,0.0,493658.4
1813052,IT,WM,OFFIC,NFERT,0.02,4936.425,3,3,4936.425,0.0,0.0,0.0,0.0,246821.25
1652153,IT,CZ,MEAT4,HEALT,0.03,4936.317,3,3,4936.317,0.0,0.0,0.0,0.0,164543.9
1686678,IT,HU,COPP1,LIGNI,0.01,4936.315,3,3,4936.315,0.0,0.0,0.0,0.0,493631.5
1653001,IT,CZ,PLAST,TOBAC,0.01,4936.147,3,3,4936.147,0.0,0.0,0.0,0.0,493614.7
1767890,IT,RU,REALE,TRAN1,0.21,4935.869,3,3,4935.869,0.0,0.0,0.0,0.0,23504.138095
1802820,IT,WE,EDUCA,PAPER,0.12,4935.858,3,3,4935.858,0.0,0.0,0.0,0.0,41132.15
1783403,IT,NO,INTER,WOODW,0.03,4935.729,3,3,4935.729,0.0,0.0,0.0,0.0,164524.3
1728421,IT,SE,WEARI,ELECT,0.04,4935.477,3,3,4935.477,0.0,0.0,0.0,0.0,123386.925
1806791,IT,WF,RETA1,DAIRY,0.05,4935.399,3,3,4935.399,0.0,0.0,0.0,0.0,98707.98
1756095,IT,KR,FABRI,ELEC1,0.02,4935.313,3,3,4935.313,0.0,0.0,0.0,0.0,246765.65
1806696,IT,WF,WHOLE,LEATH,0.04,4935.302,3,3,4935.302,0.0,0.0,0.0,0.0,123382.55
1743241,IT,US,TRANS,FOOD2,0.03,4935.144,3,3,4935.144,0.0,0.0,0.0,0.0,164504.8
1797713,IT,WL,PLAS1,RAILW,0.02,4935.129,3,3,4935.129,0.0,0.0,0.0,0.0,246756.45
1712739,IT,LV,LANDT,CEREA,0.03,4934.517,3,3,4934.517,0.0,0.0,0.0,0.0,164483.9
1742891,IT,US,MACHI,REFIN,0.03,4934.433,3,3,4934.433,0.0,0.0,0.0,0.0,164481.1
1646863,IT,BE,WHOLE,CATTL,0.04,4933.87,3,3,4933.87,0.0,0.0,0.0,0.0,123346.75
1727655,IT,RO,RENTI,ELEC3,0.03,4933.87,3,3,4933.87,0.0,0.0,0.0,0.0,164462.333333
1768495,IT,AU,FOOD5,NATUR,0.02,4933.543,3,3,4933.543,0.0,0.0,0.0,0.0,246677.15
1793141,IT,WA,93197,VEGET,0.03,4933.253,3,3,4933.253,0.0,0.0,0.0,0.0,164441.766667
1641925,IT,AT,BIODI,MEMBE,0.01,4932.543,3,3,4932.543,0.0,0.0,0.0,0.0,493254.3
1710305,IT,LT,FURNI,RUBBE,0.02,4932.252,3,3,4932.252,0.0,0.0,0.0,0.0,246612.6
1663842,IT,EE,TEXTI,ALUM1,0.03,4932.25,3,3,4932.25,0.0,0.0,0.0,0.0,164408.333333
1717416,IT,NL,INSUR,ELEC5,0.1,4931.835,3,3,4931.835,0.0,0.0,0.0,0.0,49318.35
1661570,IT,DK,BEVER,NONME,0.02,4931.698,3,3,4931.698,0.0,0.0,0.0,0.0,246584.9
1759394,IT,BR,INSUR,RAWMI,0.1,4931.14,3,3,4931.14,0.0,0.0,0.0,0.0,49311.4
1683569,IT,HR,COPP1,SANDC,0.01,4931.132,3,3,4931.132,0.0,0.0,0.0,0.0,493113.2
1758619,IT,BR,TRANS,BASIC,0.03,4930.897,3,3,4930.897,0.0,0.0,0.0,0.0,164363.233333
1725614,IT,RO,WOODW,RENTI,0.01,4930.679,3,3,4930.679,0.0,0.0,0.0,0.0,493067.9
1778030,IT,TR,OFFIC,CERAM,0.02,4930.397,3,3,4930.397,0.0,0.0,0.0,0.0,246519.85
1736392,IT,SK,LANDT,LEATH,0.03,4930.124,3,3,4930.124,0.0,0.0,0.0,0.0,164337.466667
1778640,IT,TR,HOTEL,PREC1,0.04,4929.999,3,3,4929.999,0.0,0.0,0.0,0.0,123249.975
1792649,IT,WA,RESEA,MOTOR,0.03,4929.839,3,3,4929.839,0.0,0.0,0.0,0.0,164327.966667
1784082,IT,ID,LEATH,OFFIC,0.04,4929.663,3,3,4929.663,0.0,0.0,0.0,0.0,123241.575
1787848,IT,WA,FOOD5,BIOGA,0.02,4929.281,3,3,4929.281,0.0,0.0,0.0,0.0,246464.05
1688241,IT,IE,VEGET,MEAT4,0.02,4929.03,3,3,4929.03,0.0,0.0,0.0,0.0,246451.5
1725620,IT,RO,WOODW,FOOD4,0.01,4929.001,3,3,4929.001,0.0,0.0,0.0,0.0,492900.1
1755095,IT,KR,LEATH,MEAT4,0.04,4928.809,3,3,4928.809,0.0,0.0,0.0,0.0,123220.225
1737675,IT,GB,PRINT,ELECT,0.05,4928.723,3,3,4928.723,0.0,0.0,0.0,0.0,98574.46
1663210,IT,DK,LANDT,TEXT1,0.03,4928.446,3,3,4928.446,0.0,0.0,0.0,0.0,164281.533333
1724993,IT,PT,EDUCA,PUBLI,0.12,4928.205,3,3,4928.205,0.0,0.0,0.0,0.0,41068.375
1664882,IT,ES,FORES,DIST1,0.04,4928.155,4,4,4926.155,0.0,2.0,0.0,0.0,123203.875
1723746,IT,PT,MACHI,FOOD3,0.03,4928.098,3,3,4928.098,0.0,0.0,0.0,0.0,164269.933333
1753652,IT,CA,OFFIC,RESEA,0.02,4928.09,3,3,4928.09,0.0,0.0,0.0,0.0,246404.5
1727776,IT,RO,BUSIN,MEAT1,0.05,4927.963,3,3,4927.963,0.0,0.0,0.0,0.0,98559.26
1722648,IT,PT,TEXTI,PUBLI,0.03,4927.925,3,3,4927.925,0.0,0.0,0.0,0.0,164264.166667
1739043,IT,GB,RETAI,PAPER,0.04,4927.894,3,3,4927.894,0.0,0.0,0.0,0.0,123197.35
1779451,IT,TR,REALE,BUSIN,0.21,4927.893,3,3,4927.893,0.0,0.0,0.0,0.0,23466.157143
1661991,IT,DK,PLAST,FORES,0.01,4927.26,3,3,4927.26,0.0,0.0,0.0,0.0,492726.0
1749045,IT,CN,LEATH,COKE1,0.04,4927.011,3,3,4927.011,0.0,0.0,0.0,0.0,123175.275
1653290,IT,CZ,RUBBE,INTER,0.02,4926.953,3,3,4926.953,0.0,0.0,0.0,0.0,246347.65
1802634,IT,WE,REALE,FINAN,0.21,4926.745,3,3,4926.745,0.0,0.0,0.0,0.0,23460.690476
1727969,IT,SE,MEATA,HOTEL,0.03,4926.513,3,3,4926.513,0.0,0.0,0.0,0.0,164217.1
1663499,IT,DK,RENTI,DIST1,0.03,4926.328,3,3,4926.328,0.0,0.0,0.0,0.0,164210.933333
1724876,IT,PT,BUSIN,BRICK,0.05,4926.026,3,3,4926.026,0.0,0.0,0.0,0.0,98520.52
1781173,IT,TW,WOOD2,BASIC,0.03,4925.893,3,3,4925.893,0.0,0.0,0.0,0.0,164196.433333
1717278,IT,NL,POSTT,SEACO,0.08,4925.781,3,3,4925.781,0.0,0.0,0.0,0.0,61572.2625
1670235,IT,ES,93197,HOTEL,0.03,4925.749,3,3,4925.749,0.0,0.0,0.0,0.0,164191.633333
1752925,IT,CA,PLAST,FISH5,0.01,4925.741,3,3,4925.741,0.0,0.0,0.0,0.0,492574.1
1801064,IT,WE,COPP1,REFIN,0.01,4925.629,3,3,4925.629,0.0,0.0,0.0,0.0,492562.9
1640446,IT,AT,VEGE1,TRAN2,0.02,4925.607,3,3,4925.607,0.0,0.0,0.0,0.0,246280.35
1670391,IT,FI,PROCE,LEAD1,0.03,4925.513,3,3,4925.513,0.0,0.0,0.0,0.0,164183.766667
1665339,IT,ES,FISH5,FURNI,0.02,4925.359,4,4,4925.356,0.0,0.0,0.0,0.003,246267.95
1647188,IT,BE,RAILW,RESEA,0.03,4924.671,3,3,4924.671,0.0,0.0,0.0,0.0,164155.7
1658718,IT,DE,OFFIC,ELEC7,0.02,4924.514,3,3,4924.514,0.0,0.0,0.0,0.0,246225.7
1793734,IT,WL,BEVER,VEGE1,0.02,4924.016,3,3,4924.016,0.0,0.0,0.0,0.0,246200.8
1644875,IT,BE,WEARI,93197,0.04,4923.723,3,3,4923.723,0.0,0.0,0.0,0.0,123093.075
1788121,IT,WA,WEARI,MEAT1,0.04,4923.163,3,3,4923.163,0.0,0.0,0.0,0.0,123079.075
1783558,IT,NO,FOOD1,RENTI,0.02,4922.815,3,3,4922.815,0.0,0.0,0.0,0.0,246140.75
1786558,IT,ZA,FURNI,DISTR,0.02,4922.691,3,3,4922.691,0.0,0.0,0.0,0.0,246134.55
1722036,IT,PL,RESEA,AUXIL,0.03,4922.051,3,3,4922.051,0.0,0.0,0.0,0.0,164068.366667
1651690,IT,CY,FABRI,MEATP,0.02,4921.964,3,3,4921.964,0.0,0.0,0.0,0.0,246098.2
1688638,IT,IE,PLAST,DISTR,0.01,4921.818,3,3,4921.818,0.0,0.0,0.0,0.0,492181.8
1791542,IT,WA,RETA1,CERAM,0.05,4921.574,3,3,4921.574,0.0,0.0,0.0,0.0,98431.48
1678380,IT,FR,PAPE4,BASIC,0.03,4921.449,3,3,4921.449,0.0,0.0,0.0,0.0,164048.3
1645852,IT,BE,GLASS,KERO1,0.01,4921.336,3,3,4921.336,0.0,0.0,0.0,0.0,492133.6
1712984,IT,MT,STONE,ELECT,0.02,4921.278,3,3,4921.278,0.0,0.0,0.0,0.0,246063.9
1641708,IT,AT,PLAST,LEAD1,0.01,4921.275,3,3,4921.275,0.0,0.0,0.0,0.0,492127.5
1791281,IT,WA,CONST,NFERT,0.03,4921.273,3,3,4921.273,0.0,0.0,0.0,0.0,164042.433333
1662076,IT,DK,CHEM1,LEAD1,0.01,4921.026,3,3,4921.026,0.0,0.0,0.0,0.0,492102.6
1739238,IT,GB,RETA1,FOOD3,0.05,4920.243,3,3,4920.243,0.0,0.0,0.0,0.0,98404.86
1752648,IT,CA,TEXTI,COMPU,0.03,4920.093,3,3,4920.093,0.0,0.0,0.0,0.0,164003.1
1762846,IT,IN,PUBLI,WHOLE,0.08,4920.056,3,3,4920.056,0.0,0.0,0.0,0.0,61500.7
1724248,IT,PT,LANDT,STONE,0.03,4920.011,3,3,4920.011,0.0,0.0,0.0,0.0,164000.366667
1660463,IT,DE,INSUR,FISH5,0.1,4919.837,3,3,4919.837,0.0,0.0,0.0,0.0,49198.37
1796433,IT,WL,WHOLE,TRAN2,0.04,4919.619,3,3,4919.619,0.0,0.0,0.0,0.0,122990.475
1747937,IT,JP,RESEA,WOODW,0.03,4919.577,3,3,4919.577,0.0,0.0,0.0,0.0,163985.9
1740549,IT,US,VEGET,MEATC,0.02,4919.391,3,3,4919.391,0.0,0.0,0.0,0.0,245969.55
1762870,IT,IN,PUBLI,93197,0.08,4919.336,3,3,4919.336,0.0,0.0,0.0,0.0,61491.7
1728205,IT,SE,FOOD5,VEGE1,0.02,4919.028,3,3,4919.028,0.0,0.0,0.0,0.0,245951.4
1709717,IT,LT,CHEM1,CHEM1,0.01,4918.525,3,3,4918.525,0.0,0.0,0.0,0.0,491852.5
1744328,IT,US,FINAN,DISTR,0.06,4918.436,3,3,4918.436,0.0,0.0,0.0,0.0,81973.933333
1681241,IT,GR,FINAN,NAPHT,0.06,4918.373,3,3,4918.373,0.0,0.0,0.0,0.0,81972.883333
1748343,IT,CN,VEGET,PLAST,0.02,4918.36,3,3,4918.36,0.0,0.0,0.0,0.0,245918.0
1763052,IT,MX,TEXTI,CERAM,0.03,4918.32,3,3,4918.32,0.0,0.0,0.0,0.0,163944.0
1689800,IT,IE,INSUR,LIQUE,0.1,4918.249,3,3,4918.249,0.0,0.0,0.0,0.0,49182.49
1814617,IT,WM,PUBLI,CONST,0.08,4917.874,3,3,4917.874,0.0,0.0,0.0,0.0,61473.425
1650078,IT,BG,MACHI,SEACO,0.03,4917.694,3,3,4917.694,0.0,0.0,0.0,0.0,163923.133333
1769057,IT,AU,PLAST,SUBBI,0.01,4917.683,3,3,4917.683,0.0,0.0,0.0,0.0,491768.3
1782646,IT,NO,SALEM,CONST,0.04,4917.672,3,3,4917.672,0.0,0.0,0.0,0.0,122941.8
1747260,IT,JP,WHOLE,PULP5,0.04,4917.65,3,3,4917.65,0.0,0.0,0.0,0.0,122941.25
1780572,IT,TW,FINAN,PUBLI,0.06,4917.022,3,3,4917.022,0.0,0.0,0.0,0.0,81950.366667
1679349,IT,GR,PLAST,FISH5,0.01,4916.924,3,3,4916.924,0.0,0.0,0.0,0.0,491692.4
1684500,IT,HR,RESEA,RAILW,0.03,4916.691,3,3,4916.691,0.0,0.0,0.0,0.0,163889.7
1759369,IT,BR,FINAN,HOTEL,0.06,4916.68,3,3,4916.68,0.0,0.0,0.0,0.0,81944.666667
1661123,IT,DE,OILHA,SEWAG,0.03,4915.745,3,3,4915.745,0.0,0.0,0.0,0.0,163858.166667
1726834,IT,RO,WHOLE,RENTI,0.04,4915.713,3,3,4915.713,0.0,0.0,0.0,0.0,122892.825
1661251,IT,DK,VEGET,CERAM,0.02,4915.604,3,3,4915.604,0.0,0.0,0.0,0.0,245780.2
1724018,IT,PT,RETAI,FOUND,0.04,4915.597,3,3,4915.597,0.0,0.0,0.0,0.0,122889.925
1807576,IT,WF,COMPU,DISTR,0.06,4915.314,3,3,4915.314,0.0,0.0,0.0,0.0,81921.9
1651174,IT,BG,BUSIN,HEAVY,0.05,4915.276,3,3,4915.276,0.0,0.0,0.0,0.0,98305.52
1644451,IT,BE,VEGE1,PULP5,0.02,4915.003,3,3,4915.003,0.0,0.0,0.0,0.0,245750.15
1731745,IT,SI,PULP5,TRAN2,0.01,4914.944,3,3,4914.944,0.0,0.0,0.0,0.0,491494.4
1757788,IT,BR,PLAST,PREC1,0.01,4914.875,3,3,4914.875,0.0,0.0,0.0,0.0,491487.5
1771454,IT,CH,BEVER,MOTOR,0.02,4914.794,3,3,4914.794,0.0,0.0,0.0,0.0,245739.7
1763487,IT,MX,PLAST,SALEM,0.01,4914.763,3,3,4914.763,0.0,0.0,0.0,0.0,491476.3
1770819,IT,AU,COMPU,93197,0.06,4914.73,3,3,4914.73,0.0,0.0,0.0,0.0,81912.166667
1749241,IT,CN,PAPER,NONSP,0.02,4914.216,3,3,4914.216,0.0,0.0,0.0,0.0,245710.8
1722261,IT,PL,RECRE,POSTT,0.06,4914.015,3,3,4914.015,0.0,0.0,0.0,0.0,81900.25
1675553,IT,FR,MOTO1,MEAT1,0.03,4913.997,3,3,4913.997,0.0,0.0,0.0,0.0,163799.9
1801856,IT,WE,CONST,CEREA,0.03,4913.537,3,3,4913.537,0.0,0.0,0.0,0.0,163784.566667
1791576,IT,WA,RETA1,AIRTR,0.05,4913.383,3,3,4913.383,0.0,0.0,0.0,0.0,98267.66
1773857,IT,CH,ELEC5,PUBLI,0.06,4913.271,3,3,4913.271,0.0,0.0,0.0,0.0,81887.85
1678702,IT,GR,VEGE1,MEMBE,0.02,4913.185,3,3,4913.185,0.0,0.0,0.0,0.0,245659.25
1757275,IT,BR,DAIRY,EDUCA,0.02,4912.853,3,3,4912.853,0.0,0.0,0.0,0.0,245642.65
1731288,IT,SI,MEAT4,HEALT,0.03,4912.69,3,3,4912.69,0.0,0.0,0.0,0.0,163756.333333
1752945,IT,CA,PLAST,BASIC,0.01,4912.614,3,3,4912.614,0.0,0.0,0.0,0.0,491261.4
1787802,IT,WA,PROCE,STONE,0.03,4912.585,3,3,4912.585,0.0,0.0,0.0,0.0,163752.833333
1751628,IT,CN,FINAN,BITUM,0.06,4912.561,3,3,4912.561,0.0,0.0,0.0,0.0,81876.016667
1733641,IT,SI,HOTEL,ELEC4,0.04,4912.402,3,3,4912.402,0.0,0.0,0.0,0.0,122810.05
1798733,IT,WE,PROCE,DAIRY,0.03,4912.146,3,3,4912.146,0.0,0.0,0.0,0.0,163738.2
1677148,IT,FR,POSTT,FISH5,0.08,4912.1,3,3,4912.1,0.0,0.0,0.0,0.0,61401.25
1727805,IT,RO,BUSIN,BRICK,0.05,4912.068,3,3,4912.068,0.0,0.0,0.0,0.0,98241.36
1784952,IT,ID,INSUR,PRINT,0.1,4911.985,3,3,4911.985,0.0,0.0,0.0,0.0,49119.85
1712561,IT,LV,MACHI,PAPER,0.03,4911.711,3,3,4911.711,0.0,0.0,0.0,0.0,163723.7
1762109,IT,IN,RAILW,PFERT,0.03,4911.569,3,3,4911.569,0.0,0.0,0.0,0.0,163718.966667
1771312,IT,CH,DAIRY,ELEC4,0.02,4911.541,3,3,4911.541,0.0,0.0,0.0,0.0,245577.05
1687450,IT,HU,RAILW,NONME,0.03,4911.27,3,3,4911.27,0.0,0.0,0.0,0.0,163709.0
1740099,IT,GB,COMPU,TEXTI,0.06,4911.235,3,3,4911.235,0.0,0.0,0.0,0.0,81853.916667
1743350,IT,US,SALEM,FORES,0.04,4910.95,3,3,4910.95,0.0,0.0,0.0,0.0,122773.75
1808278,IT,WF,FOOD2,CHARC,0.03,4910.816,3,3,4910.816,0.0,0.0,0.0,0.0,163693.866667
1710302,IT,LT,FURNI,RAWMI,0.02,4910.567,3,3,4910.567,0.0,0.0,0.0,0.0,245528.35
1670576,IT,FI,TEXTI,LANDT,0.03,4910.556,3,3,4910.556,0.0,0.0,0.0,0.0,163685.2
1758059,IT,BR,RUBBE,PLAS2,0.02,4910.251,3,3,4910.251,0.0,0.0,0.0,0.0,245512.55
1681115,IT,GR,SUPPO,HOTEL,0.04,4910.184,3,3,4910.184,0.0,0.0,0.0,0.0,122754.6
1724592,IT,PT,FINAN,PRINT,0.06,4910.151,3,3,4910.151,0.0,0.0,0.0,0.0,81835.85
1808518,IT,WF,PAPE4,CROPS,0.03,4909.941,3,3,4909.941,0.0,0.0,0.0,0.0,163664.7
1806366,IT,WF,MOTO1,SUGA1,0.03,4909.634,3,3,4909.634,0.0,0.0,0.0,0.0,163654.466667
1663584,IT,DK,BUSIN,WHEAT,0.05,4909.571,3,3,4909.571,0.0,0.0,0.0,0.0,98191.42
1781731,IT,NO,PAPER,CHEM1,0.02,4909.261,3,3,4909.261,0.0,0.0,0.0,0.0,245463.05
1788629,IT,WA,PRINT,PLAST,0.05,4909.252,3,3,4909.252,0.0,0.0,0.0,0.0,98185.04
1716483,IT,NL,OFFIC,RADIO,0.02,4909.228,3,3,4909.228,0.0,0.0,0.0,0.0,245461.4
1760056,IT,BR,OILHA,PLAST,0.03,4908.91,3,3,4908.91,0.0,0.0,0.0,0.0,163630.333333
1731449,IT,SI,BEVER,PIGS9,0.02,4908.88,3,3,4908.88,0.0,0.0,0.0,0.0,245444.0
1787166,IT,ZA,PUBLI,FURNI,0.08,4908.487,3,3,4908.487,0.0,0.0,0.0,0.0,61356.0875
1652310,IT,CZ,BEVER,SECO9,0.02,4908.205,3,3,4908.205,0.0,0.0,0.0,0.0,245410.25
1690547,IT,IE,RECRE,NUCLE,0.06,4908.172,3,3,4908.172,0.0,0.0,0.0,0.0,81802.866667
1783244,IT,NO,BUSIN,MEMBE,0.05,4907.724,3,3,4907.724,0.0,0.0,0.0,0.0,98154.48
1729984,IT,SE,SALEM,COPPE,0.04,4907.702,3,3,4907.702,0.0,0.0,0.0,0.0,122692.55
1646999,IT,BE,RETA1,BIODI,0.05,4907.588,3,3,4907.588,0.0,0.0,0.0,0.0,98151.76
1688130,IT,HU,BUSIN,KEROS,0.05,4907.45,3,3,4907.45,0.0,0.0,0.0,0.0,98149.0
1791677,IT,WA,HOTEL,STEAM,0.04,4907.262,3,3,4907.262,0.0,0.0,0.0,0.0,122681.55
1717864,IT,PL,VEGET,FABRI,0.02,4906.487,3,3,4906.487,0.0,0.0,0.0,0.0,245324.35
1757764,IT,BR,PLAST,MEAT1,0.01,4906.377,3,3,4906.377,0.0,0.0,0.0,0.0,490637.7
1681556,IT,GR,BUSIN,ELEC8,0.05,4906.353,3,3,4906.353,0.0,0.0,0.0,0.0,98127.06
1782055,IT,NO,GLASS,NATU1,0.01,4906.316,3,3,4906.316,0.0,0.0,0.0,0.0,490631.6
1796161,IT,WL,FURNI,PRECI,0.02,4906.224,3,3,4906.224,0.0,0.0,0.0,0.0,245311.2
1809989,IT,WM,TOBAC,REALE,0.02,4905.866,3,3,4905.866,0.0,0.0,0.0,0.0,245293.3
1779925,IT,TW,CONST,BITU1,0.03,4905.833,3,3,4905.833,0.0,0.0,0.0,0.0,163527.766667
1741114,IT,US,WEARI,MACHI,0.04,4905.737,3,3,4905.737,0.0,0.0,0.0,0.0,122643.425
1760389,IT,IN,DAIRY,MEAT1,0.02,4905.653,3,3,4905.653,0.0,0.0,0.0,0.0,245282.65
1669726,IT,ES,BUSIN,POULT,0.05,4905.571,3,3,4905.571,0.0,0.0,0.0,0.0,98111.42
1662497,IT,DK,COPP1,VEGE1,0.01,4905.514,3,3,4905.514,0.0,0.0,0.0,0.0,490551.4
1768693,IT,AU,TEXTI,SEACO,0.03,4905.328,3,3,4905.328,0.0,0.0,0.0,0.0,163510.933333
1764620,IT,MX,RETA1,CRUDE,0.05,4905.249,3,3,4905.249,0.0,0.0,0.0,0.0,98104.98
1803457,IT,WF,MEAT4,MEATA,0.03,4904.877,3,3,4904.877,0.0,0.0,0.0,0.0,163495.9
1785255,IT,ZA,TEXTI,MEDIC,0.03,4904.643,3,3,4904.643,0.0,0.0,0.0,0.0,163488.1
1642947,IT,AT,FURNI,COPP1,0.02,4904.537,3,3,4904.537,0.0,0.0,0.0,0.0,245226.85
1808457,IT,WF,FOOD4,GASDI,0.04,4904.423,3,3,4904.423,0.0,0.0,0.0,0.0,122610.575
1685956,IT,HU,ADDIT,PLAST,0.01,4904.259,3,3,4904.259,0.0,0.0,0.0,0.0,490425.9
1734998,IT,SK,PLAST,BEVER,0.01,4904.195,3,3,4904.195,0.0,0.0,0.0,0.0,490419.5
1754877,IT,KR,FISH5,CONST,0.02,4904.168,4,4,4904.165,0.0,0.0,0.0,0.003,245208.4
1650969,IT,BG,SUPPO,DAIRY,0.04,4904.123,3,3,4904.123,0.0,0.0,0.0,0.0,122603.075
1715335,IT,NL,PRINT,VEGET,0.05,4904.011,3,3,4904.011,0.0,0.0,0.0,0.0,98080.22
1760338,IT,IN,STONE,POSTT,0.02,4903.996,3,3,4903.996,0.0,0.0,0.0,0.0,245199.8
1788383,IT,WA,WOODW,NAPHT,0.01,4903.823,3,3,4903.823,0.0,0.0,0.0,0.0,490382.3
1681772,IT,HR,CHEMI,MEAT4,0.01,4903.763,3,3,4903.763,0.0,0.0,0.0,0.0,490376.3
1678309,IT,FR,FOOD3,FOOD3,0.01,4903.546,3,3,4903.546,0.0,0.0,0.0,0.0,490354.6
1731254,IT,SI,MEATP,MOTO1,0.02,4903.507,3,3,4903.507,0.0,0.0,0.0,0.0,245175.35
1735268,IT,SK,GLASS,COKEO,0.01,4903.281,3,3,4903.281,0.0,0.0,0.0,0.0,490328.1
1671449,IT,FI,FABRI,INSUR,0.02,4903.184,3,3,4903.184,0.0,0.0,0.0,0.0,245159.2
1787214,IT,WA,VEGET,RAWMI,0.02,4903.18,3,3,4903.18,0.0,0.0,0.0,0.0,245159.0
1769977,IT,AU,TRANS,TRAN2,0.03,4903.094,3,3,4903.094,0.0,0.0,0.0,0.0,163436.466667
1718716,IT,PL,PULP5,COPPE,0.01,4902.893,3,3,4902.893,0.0,0.0,0.0,0.0,490289.3
1716749,IT,NL,RETA1,COKEO,0.05,4902.312,3,3,4902.312,0.0,0.0,0.0,0.0,98046.24
1751232,IT,CN,HOTEL,ELEC6,0.04,4902.015,3,3,4902.015,0.0,0.0,0.0,0.0,122550.375
1745876,IT,JP,LEATH,ELEC5,0.04,4901.97,3,3,4901.97,0.0,0.0,0.0,0.0,122549.25
1741097,IT,US,TEXTI,PAPE3,0.03,4901.957,3,3,4901.957,0.0,0.0,0.0,0.0,163398.566667
1676702,IT,FR,RAILW,COLLE,0.03,4901.765,3,3,4901.765,0.0,0.0,0.0,0.0,163392.166667
1795557,IT,WL,COPP1,BITUM,0.01,4901.601,3,3,4901.601,0.0,0.0,0.0,0.0,490160.1
1725382,IT,RO,TEXTI,LIQUE,0.03,4901.548,3,3,4901.548,0.0,0.0,0.0,0.0,163384.933333
1775637,IT,CH,93197,SALEM,0.03,4901.51,3,3,4901.51,0.0,0.0,0.0,0.0,163383.666667
1763019,IT,MX,BEVER,AIRTR,0.02,4901.503,3,3,4901.503,0.0,0.0,0.0,0.0,245075.15
1813845,IT,WM,LANDT,COPPE,0.03,4901.489,3,3,4901.489,0.0,0.0,0.0,0.0,163382.966667
1791733,IT,WA,RAILW,WEARI,0.03,4901.447,3,3,4901.447,0.0,0.0,0.0,0.0,163381.566667
1743240,IT,US,TRANS,OILHA,0.03,4901.268,3,3,4901.268,0.0,0.0,0.0,0.0,163375.6
1644159,IT,AT,RECRE,FOOD5,0.06,4901.127,3,3,4901.127,0.0,0.0,0.0,0.0,81685.45
1736526,IT,SK,SUPPO,MEAT1,0.04,4901.104,3,3,4901.104,0.0,0.0,0.0,0.0,122527.6
1671130,IT,FI,GLASS,NONF1,0.01,4901.034,3,3,4901.034,0.0,0.0,0.0,0.0,490103.4
1802213,IT,WE,HOTEL,PRIVA,0.04,4900.903,3,3,4900.903,0.0,0.0,0.0,0.0,122522.575
1661121,IT,DE,INTER,SEWAG,0.03,4900.835,3,3,4900.835,0.0,0.0,0.0,0.0,163361.166667
1682269,IT,HR,LEATH,BASIC,0.04,4900.806,3,3,4900.806,0.0,0.0,0.0,0.0,122520.15
1656171,IT,DE,TEXTI,SUGA1,0.03,4900.565,3,3,4900.565,0.0,0.0,0.0,0.0,163352.166667
1678536,IT,GR,VEGET,VEGE1,0.02,4900.435,3,3,4900.435,0.0,0.0,0.0,0.0,245021.75
1802792,IT,WE,BUSIN,SUPPO,0.05,4900.093,3,3,4900.093,0.0,0.0,0.0,0.0,98001.86
1780546,IT,TW,FINAN,PAPER,0.06,4899.807,3,3,4899.807,0.0,0.0,0.0,0.0,81663.45
1676149,IT,FR,CONST,RAWMI,0.03,4899.656,3,3,4899.656,0.0,0.0,0.0,0.0,163321.866667
1763210,IT,MX,WOODW,FISH5,0.01,4899.405,3,3,4899.405,0.0,0.0,0.0,0.0,489940.5
1749133,IT,CN,WOODW,RETAI,0.01,4899.386,3,3,4899.386,0.0,0.0,0.0,0.0,489938.6
1645839,IT,BE,GLASS,PROCE,0.01,4899.334,3,3,4899.334,0.0,0.0,0.0,0.0,489933.4
1811842,IT,WM,RUBBE,ALUMI,0.02,4899.32,3,3,4899.32,0.0,0.0,0.0,0.0,244966.0
1689765,IT,IE,FINAN,93197,0.06,4899.31,3,3,4899.31,0.0,0.0,0.0,0.0,81655.166667
1664587,IT,EE,HOTEL,POSTT,0.04,4899.276,3,3,4899.276,0.0,0.0,0.0,0.0,122481.9
1770821,IT,AU,BUSIN,WHEAT,0.05,4899.271,3,3,4899.271,0.0,0.0,0.0,0.0,97985.42
1663993,IT,EE,PAPER,PUBLI,0.02,4899.21,3,3,4899.21,0.0,0.0,0.0,0.0,244960.5
1689427,IT,IE,HOTEL,KERO1,0.04,4899.161,3,3,4899.161,0.0,0.0,0.0,0.0,122479.025
1671409,IT,FI,FABRI,PFERT,0.02,4899.147,3,3,4899.147,0.0,0.0,0.0,0.0,244957.35
1717892,IT,PL,CATTL,PFERT,0.01,4899.133,3,3,4899.133,0.0,0.0,0.0,0.0,489913.3
1814776,IT,WM,WASTE,LANDT,0.02,4898.971,3,3,4898.971,0.0,0.0,0.0,0.0,244948.55
1775191,IT,CH,RESEA,FABRI,0.03,4898.85,3,3,4898.85,0.0,0.0,0.0,0.0,163295.0
1721749,IT,PL,INSUR,MOTO1,0.1,4898.829,3,3,4898.829,0.0,0.0,0.0,0.0,48988.29
1748178,IT,JP,FOODW,WOOD1,0.04,4898.682,3,3,4898.682,0.0,0.0,0.0,0.0,122467.05
1723227,IT,PT,RUBBE,EDUCA,0.02,4898.547,3,3,4898.547,0.0,0.0,0.0,0.0,244927.35
1753196,IT,CA,GLASS,RADIO,0.01,4898.5,3,3,4898.5,0.0,0.0,0.0,0.0,489850.0
1777884,IT,TR,MACHI,RAWMI,0.03,4898.263,3,3,4898.263,0.0,0.0,0.0,0.0,163275.433333
1670358,IT,FI,DAIRY,PIGS9,0.02,4898.253,3,3,4898.253,0.0,0.0,0.0,0.0,244912.65
1808789,IT,WF,WOOD2,COPP1,0.03,4898.095,3,3,4898.095,0.0,0.0,0.0,0.0,163269.833333
1749913,IT,CN,GLASS,LEATH,0.01,4898.082,3,3,4898.082,0.0,0.0,0.0,0.0,489808.2
1720764,IT,PL,TRANS,COLLE,0.03,4898.069,3,3,4898.069,0.0,0.0,0.0,0.0,163268.966667
1755092,IT,KR,LEATH,STONE,0.04,4897.717,3,3,4897.717,0.0,0.0,0.0,0.0,122442.925
1764806,IT,MX,LANDT,BUSIN,0.03,4897.652,3,3,4897.652,0.0,0.0,0.0,0.0,163255.066667
1667411,IT,ES,COPP1,ELEC6,0.01,4897.549,3,3,4897.549,0.0,0.0,0.0,0.0,489754.9
1729991,IT,SE,SALEM,WEARI,0.04,4897.526,3,3,4897.526,0.0,0.0,0.0,0.0,122438.15
1728415,IT,SE,WEARI,PLAST,0.04,4897.23,3,3,4897.23,0.0,0.0,0.0,0.0,122430.75
1757004,IT,KR,BUSIN,FISHF,0.05,4897.171,3,3,4897.171,0.0,0.0,0.0,0.0,97943.42
1730077,IT,SE,RETA1,PLAST,0.05,4897.092,3,3,4897.092,0.0,0.0,0.0,0.0,97941.84
1676268,IT,FR,SALEM,INLAN,0.04,4897.056,3,3,4897.056,0.0,0.0,0.0,0.0,122426.4
1709344,IT,LT,DAIRY,FURNI,0.02,4896.902,3,3,4896.902,0.0,0.0,0.0,0.0,244845.1
1730475,IT,SE,POSTT,PLAS1,0.08,4896.849,3,3,4896.849,0.0,0.0,0.0,0.0,61210.6125
1741016,IT,US,FISH5,REALE,0.02,4896.742,4,4,4896.739,0.0,0.0,0.0,0.003,244837.1
1806726,IT,WF,WHOLE,RADIO,0.04,4896.631,3,3,4896.631,0.0,0.0,0.0,0.0,122415.775
1716914,IT,NL,HOTEL,OILHA,0.04,4896.582,3,3,4896.582,0.0,0.0,0.0,0.0,122414.55
1641219,IT,AT,PRINT,93197,0.05,4896.371,3,3,4896.371,0.0,0.0,0.0,0.0,97927.42
1674732,IT,FR,GLASS,PLAS2,0.01,4895.931,3,3,4895.931,0.0,0.0,0.0,0.0,489593.1
1768668,IT,AU,TEXTI,BASIC,0.03,4895.791,3,3,4895.791,0.0,0.0,0.0,0.0,163193.033333
1672688,IT,FR,STONE,DIST1,0.02,4895.557,3,3,4895.557,0.0,0.0,0.0,0.0,244777.85
1733538,IT,SI,WHOLE,93197,0.04,4895.474,3,3,4895.474,0.0,0.0,0.0,0.0,122386.85
1789788,IT,WA,GLASS,LANDT,0.01,4895.414,3,3,4895.414,0.0,0.0,0.0,0.0,489541.4
1661065,IT,DE,PUBLI,MACHI,0.08,4895.358,3,3,4895.358,0.0,0.0,0.0,0.0,61191.975
1647673,IT,BE,FINAN,SEACO,0.06,4895.144,3,3,4895.144,0.0,0.0,0.0,0.0,81585.733333
1745982,IT,JP,WOODW,COMPU,0.01,4895.09,3,3,4895.09,0.0,0.0,0.0,0.0,489509.0
1754844,IT,KR,BEVER,TRANS,0.02,4894.926,3,3,4894.926,0.0,0.0,0.0,0.0,244746.3
1642032,IT,AT,RUBBE,FOODW,0.02,4894.656,3,3,4894.656,0.0,0.0,0.0,0.0,244732.8
1670141,IT,ES,INERT,REALE,0.04,4894.653,3,3,4894.653,0.0,0.0,0.0,0.0,122366.325
1723089,IT,PT,CHEM1,COPP1,0.01,4894.451,3,3,4894.451,0.0,0.0,0.0,0.0,489445.1
1773724,IT,CH,FURNI,WOOD1,0.02,4894.271,3,3,4894.271,0.0,0.0,0.0,0.0,244713.55
1709352,IT,LT,DAIRY,FINAN,0.02,4894.209,3,3,4894.209,0.0,0.0,0.0,0.0,244710.45
1710342,IT,LT,WHOLE,TRAN1,0.04,4893.914,3,3,4893.914,0.0,0.0,0.0,0.0,122347.85
1711916,IT,LU,FOOD2,WASTE,0.03,4893.876,3,3,4893.876,0.0,0.0,0.0,0.0,163129.2
1783440,IT,NO,INTER,WASTE,0.03,4893.862,3,3,4893.862,0.0,0.0,0.0,0.0,163128.733333
1738979,IT,GB,SALEM,FISH5,0.04,4893.719,3,3,4893.719,0.0,0.0,0.0,0.0,122342.975
1755644,IT,KR,RUBBE,COALT,0.02,4893.644,3,3,4893.644,0.0,0.0,0.0,0.0,244682.2
1729159,IT,SE,GLASS,TRAN1,0.01,4893.462,3,3,4893.462,0.0,0.0,0.0,0.0,489346.2
1734144,IT,SI,AUXIL,REALE,0.09,4893.145,3,3,4893.145,0.0,0.0,0.0,0.0,54368.277778
1718093,IT,PL,MEAT4,SEACO,0.03,4892.756,3,3,4892.756,0.0,0.0,0.0,0.0,163091.866667
1725198,IT,RO,DAIRY,LANDT,0.02,4892.587,3,3,4892.587,0.0,0.0,0.0,0.0,244629.35
1678144,IT,FR,PLAS1,TRANS,0.02,4892.532,3,3,4892.532,0.0,0.0,0.0,0.0,244626.6
1743401,IT,US,SALEM,COMPU,0.04,4892.365,3,3,4892.365,0.0,0.0,0.0,0.0,122309.125
1687258,IT,HU,WHOLE,GLASS,0.04,4892.312,3,3,4892.312,0.0,0.0,0.0,0.0,122307.8
1786431,IT,ZA,OFFIC,MOTO1,0.02,4892.303,3,3,4892.303,0.0,0.0,0.0,0.0,244615.15
1735243,IT,SK,GLASS,MEATA,0.01,4892.12,3,3,4892.12,0.0,0.0,0.0,0.0,489212.0
1797888,IT,WL,WASTE,DAIRY,0.02,4892.087,3,3,4892.087,0.0,0.0,0.0,0.0,244604.35
1649044,IT,BG,WOODW,RENTI,0.01,4891.877,3,3,4891.877,0.0,0.0,0.0,0.0,489187.7
1717956,IT,PL,SANDC,WOODW,0.01,4891.867,4,4,4890.867,0.0,0.0,1.0,0.0,489186.7
1810018,IT,WM,TEXTI,STONE,0.03,4891.682,3,3,4891.682,0.0,0.0,0.0,0.0,163056.066667
1754676,IT,KR,MEAT4,FOOD5,0.03,4891.426,3,3,4891.426,0.0,0.0,0.0,0.0,163047.533333
1740311,IT,GB,PUBLI,CEMEN,0.08,4891.105,3,3,4891.105,0.0,0.0,0.0,0.0,61138.8125
1785957,IT,ZA,RUBBE,NONF1,0.02,4891.003,3,3,4891.003,0.0,0.0,0.0,0.0,244550.15
1730109,IT,SE,RETA1,INTER,0.05,4890.899,3,3,4890.899,0.0,0.0,0.0,0.0,97817.98
1712274,IT,LV,PLAST,WHOLE,0.01,4890.785,3,3,4890.785,0.0,0.0,0.0,0.0,489078.5
1663683,IT,DK,PUBLI,PUBLI,0.08,4890.621,3,3,4890.621,0.0,0.0,0.0,0.0,61132.7625
1797864,IT,WL,FOOD3,CRUDE,0.01,4890.339,3,3,4890.339,0.0,0.0,0.0,0.0,489033.9
1747405,IT,JP,RAILW,MOTO1,0.03,4890.18,3,3,4890.18,0.0,0.0,0.0,0.0,163006.0
1665279,IT,ES,BEVER,NONME,0.02,4890.029,3,3,4890.029,0.0,0.0,0.0,0.0,244501.45
1787581,IT,WA,MEATC,SEACO,0.02,4890.007,3,3,4890.007,0.0,0.0,0.0,0.0,244500.35
1675938,IT,FR,ELEC4,FOOD5,0.08,4889.975,3,3,4889.975,0.0,0.0,0.0,0.0,61124.6875
1810358,IT,WM,WOODW,MEDIC,0.01,4889.923,3,3,4889.923,0.0,0.0,0.0,0.0,488992.3
1652158,IT,CZ,VEGE1,ANIMA,0.02,4889.824,3,3,4889.824,0.0,0.0,0.0,0.0,244491.2
1780787,IT,TW,RENTI,AIRTR,0.03,4889.056,3,3,4889.056,0.0,0.0,0.0,0.0,162968.533333
1674485,IT,FR,BIODI,POSTT,0.01,4888.963,3,3,4888.963,0.0,0.0,0.0,0.0,488896.3
1655371,IT,DE,CROPS,MEATA,0.04,4888.83,3,3,4888.83,0.0,0.0,0.0,0.0,122220.75
1714831,IT,NL,FOOD5,ALUM1,0.02,4888.785,3,3,4888.785,0.0,0.0,0.0,0.0,244439.25
1713931,IT,MT,CONST,TRANS,0.03,4888.586,3,3,4888.586,0.0,0.0,0.0,0.0,162952.866667
1726558,IT,RO,OFFIC,FOUND,0.02,4888.489,3,3,4888.489,0.0,0.0,0.0,0.0,244424.45
1767758,IT,RU,INSUR,MEATP,0.1,4888.488,3,3,4888.488,0.0,0.0,0.0,0.0,48884.88
1786727,IT,ZA,RETA1,ELECT,0.05,4888.356,3,3,4888.356,0.0,0.0,0.0,0.0,97767.12
1748213,IT,JP,PAPE1,WOOD1,0.03,4888.303,3,3,4888.303,0.0,0.0,0.0,0.0,162943.433333
1813493,IT,WM,SALEM,RESEA,0.04,4888.026,3,3,4888.026,0.0,0.0,0.0,0.0,122200.65
1721990,IT,PL,COMPU,ELEC5,0.06,4887.858,3,3,4887.858,0.0,0.0,0.0,0.0,81464.3
1752530,IT,CA,FOOD5,MACHI,0.02,4887.753,3,3,4887.753,0.0,0.0,0.0,0.0,244387.65
1756994,IT,KR,COMPU,HEALT,0.06,4887.587,3,3,4887.587,0.0,0.0,0.0,0.0,81459.783333
1669717,IT,ES,COMPU,93197,0.06,4887.573,3,3,4887.573,0.0,0.0,0.0,0.0,81459.55
1760757,IT,IN,PRINT,LIQUE,0.05,4887.521,3,3,4887.521,0.0,0.0,0.0,0.0,97750.42
1741791,IT,US,NUCLE,RESEA,0.01,4887.261,3,3,4887.261,0.0,0.0,0.0,0.0,488726.1
1739259,IT,GB,HOTEL,MEATC,0.04,4887.12,3,3,4887.12,0.0,0.0,0.0,0.0,122178.0
1762998,IT,MX,FOOD5,CHEM1,0.02,4887.039,3,3,4887.039,0.0,0.0,0.0,0.0,244351.95
1740307,IT,GB,PUBLI,BIODI,0.08,4886.903,3,3,4886.903,0.0,0.0,0.0,0.0,61086.2875
1671664,IT,FI,CONST,CONST,0.03,4886.789,3,3,4886.789,0.0,0.0,0.0,0.0,162892.966667
1743023,IT,US,OFFIC,ELEC3,0.02,4886.433,3,3,4886.433,0.0,0.0,0.0,0.0,244321.65
1747700,IT,JP,POSTT,RENTI,0.08,4886.141,3,3,4886.141,0.0,0.0,0.0,0.0,61076.7625
1752633,IT,CA,TEXTI,RADIO,0.03,4885.939,3,3,4885.939,0.0,0.0,0.0,0.0,162864.633333
1749194,IT,CN,PULP5,ELEC3,0.01,4885.676,3,3,4885.676,0.0,0.0,0.0,0.0,488567.6
1649997,IT,BG,MACHI,MEATA,0.03,4885.575,3,3,4885.575,0.0,0.0,0.0,0.0,162852.5
1770971,IT,CH,VEGET,SALEM,0.02,4885.534,3,3,4885.534,0.0,0.0,0.0,0.0,244276.7
1809729,IT,WM,SUGA1,INSUR,0.01,4884.497,3,3,4884.497,0.0,0.0,0.0,0.0,488449.7
1730003,IT,SE,SALEM,AIRTR,0.04,4884.296,3,3,4884.296,0.0,0.0,0.0,0.0,122107.4
1768362,IT,AU,MEAT4,ELEC6,0.03,4883.97,3,3,4883.97,0.0,0.0,0.0,0.0,162799.0
1736813,IT,SK,COMPU,AUXIL,0.06,4883.921,3,3,4883.921,0.0,0.0,0.0,0.0,81398.683333
1808828,IT,WF,RECRE,RECRE,0.06,4883.599,3,3,4883.599,0.0,0.0,0.0,0.0,81393.316667
1770868,IT,AU,BUSIN,TRANS,0.05,4883.584,3,3,4883.584,0.0,0.0,0.0,0.0,97671.68
1680294,IT,GR,FURNI,RAILW,0.02,4883.473,3,3,4883.473,0.0,0.0,0.0,0.0,244173.65
1763714,IT,MX,RUBBE,AUXIL,0.02,4883.398,3,3,4883.398,0.0,0.0,0.0,0.0,244169.9
1640974,IT,AT,WOODW,MEDIC,0.01,4883.157,3,3,4883.157,0.0,0.0,0.0,0.0,488315.7
1714444,IT,NL,MEATA,WHOLE,0.03,4883.119,3,3,4883.119,0.0,0.0,0.0,0.0,162770.633333
1740000,IT,GB,REALE,WHOLE,0.21,4881.657,3,3,4881.657,0.0,0.0,0.0,0.0,23245.985714
1680650,IT,GR,WHOLE,MEATP,0.04,4881.612,3,3,4881.612,0.0,0.0,0.0,0.0,122040.3
1711960,IT,LU,RECRE,POSTT,0.06,4881.379,3,3,4881.379,0.0,0.0,0.0,0.0,81356.316667
1661817,IT,DK,WOODW,HOTEL,0.01,4881.308,3,3,4881.308,0.0,0.0,0.0,0.0,488130.8
1649994,IT,BG,MACHI,CATTL,0.03,4881.187,3,3,4881.187,0.0,0.0,0.0,0.0,162706.233333
1787666,IT,WA,MEAT4,PRIVA,0.03,4881.154,3,3,4881.154,0.0,0.0,0.0,0.0,162705.133333
1744229,IT,US,POSTT,ALUM1,0.08,4880.973,3,3,4880.973,0.0,0.0,0.0,0.0,61012.1625
1767335,IT,RU,RAILW,MEATP,0.03,4880.762,3,3,4880.762,0.0,0.0,0.0,0.0,162692.066667
1724309,IT,PT,LANDT,FINAN,0.03,4880.658,3,3,4880.658,0.0,0.0,0.0,0.0,162688.6
1735256,IT,SK,GLASS,SUGA1,0.01,4880.601,3,3,4880.601,0.0,0.0,0.0,0.0,488060.1
1794206,IT,WL,PRINT,MOTO1,0.05,4880.21,3,3,4880.21,0.0,0.0,0.0,0.0,97604.2
1784187,IT,ID,PAPER,AUXIL,0.02,4879.996,3,3,4879.996,0.0,0.0,0.0,0.0,243999.8
1780033,IT,TW,RETAI,STEAM,0.04,4879.934,3,3,4879.934,0.0,0.0,0.0,0.0,121998.35
1648526,IT,BG,FORES,FOOD5,0.04,4879.683,4,4,4877.683,0.0,2.0,0.0,0.0,121992.075
1781319,IT,NO,VEGE1,NONF1,0.02,4879.595,3,3,4879.595,0.0,0.0,0.0,0.0,243979.75
1721766,IT,PL,INSUR,AUXIL,0.1,4879.53,3,3,4879.53,0.0,0.0,0.0,0.0,48795.3
1718952,IT,PL,PRINT,TRAN2,0.05,4879.259,3,3,4879.259,0.0,0.0,0.0,0.0,97585.18
1780715,IT,TW,REALE,FABRI,0.21,4878.984,3,3,4878.984,0.0,0.0,0.0,0.0,23233.257143
1805317,IT,WF,RUBBE,OILSE,0.02,4878.825,3,3,4878.825,0.0,0.0,0.0,0.0,243941.25
1798873,IT,WE,BEVER,TEXTI,0.02,4878.389,3,3,4878.389,0.0,0.0,0.0,0.0,243919.45
1798344,IT,WE,CATTL,93197,0.01,4878.234,3,3,4878.234,0.0,0.0,0.0,0.0,487823.4
1759001,IT,BR,LANDT,OFFIC,0.03,4878.12,3,3,4878.12,0.0,0.0,0.0,0.0,162604.0
1797961,IT,WL,PAPE4,CATTL,0.03,4877.895,3,3,4877.895,0.0,0.0,0.0,0.0,162596.5
1651809,IT,CY,HOTEL,CEMEN,0.04,4877.593,3,3,4877.593,0.0,0.0,0.0,0.0,121939.825
1783870,IT,NO,WOOD2,PLAST,0.03,4877.51,3,3,4877.51,0.0,0.0,0.0,0.0,162583.666667
1802829,IT,WE,HEALT,FORES,0.03,4877.255,3,3,4877.255,0.0,0.0,0.0,0.0,162575.166667
1652031,IT,CZ,VEGET,RAILW,0.02,4877.228,3,3,4877.228,0.0,0.0,0.0,0.0,243861.4
1669127,IT,ES,POSTT,CHEMI,0.08,4877.124,3,3,4877.124,0.0,0.0,0.0,0.0,60964.05
1711963,IT,LU,RECRE,RECRE,0.06,4876.887,3,3,4876.887,0.0,0.0,0.0,0.0,81281.45
1813736,IT,WM,HOTEL,KERO1,0.04,4876.732,3,3,4876.732,0.0,0.0,0.0,0.0,121918.3
1678174,IT,FR,INTER,COLLE,0.03,4876.685,3,3,4876.685,0.0,0.0,0.0,0.0,162556.166667
1774287,IT,CH,HOTEL,MEATA,0.04,4876.285,3,3,4876.285,0.0,0.0,0.0,0.0,121907.125
1797111,IT,WL,POSTT,TEXTI,0.08,4876.169,3,3,4876.169,0.0,0.0,0.0,0.0,60952.1125
1684876,IT,HU,SANDC,PLAST,0.01,4876.133,4,4,4875.133,0.0,0.0,1.0,0.0,487613.3
1800574,IT,WE,GLASS,MEATA,0.01,4875.698,3,3,4875.698,0.0,0.0,0.0,0.0,487569.8
1725280,IT,RO,BEVER,CRUDE,0.02,4875.643,3,3,4875.643,0.0,0.0,0.0,0.0,243782.15
1672696,IT,FR,SANDC,PLAST,0.01,4875.143,4,4,4874.143,0.0,0.0,1.0,0.0,487514.3
1731149,IT,SI,STONE,FOUND,0.02,4874.748,3,3,4874.748,0.0,0.0,0.0,0.0,243737.4
1683183,IT,HR,GLASS,BASIC,0.01,4874.634,3,3,4874.634,0.0,0.0,0.0,0.0,487463.4
1782409,IT,NO,FABRI,FOOD3,0.02,4874.577,3,3,4874.577,0.0,0.0,0.0,0.0,243728.85
1647686,IT,BE,FINAN,RECRE,0.06,4874.57,3,3,4874.57,0.0,0.0,0.0,0.0,81242.833333
1813357,IT,WM,FURNI,MOTOR,0.02,4874.491,3,3,4874.491,0.0,0.0,0.0,0.0,243724.55
1654788,IT,CZ,SUPPO,NUCLE,0.04,4874.366,3,3,4874.366,0.0,0.0,0.0,0.0,121859.15
1796265,IT,WL,CONST,GLASS,0.03,4873.716,3,3,4873.716,0.0,0.0,0.0,0.0,162457.2
1650238,IT,BG,FURNI,RAILW,0.02,4873.289,3,3,4873.289,0.0,0.0,0.0,0.0,243664.45
1777191,IT,TR,RUBBE,FORES,0.02,4873.106,3,3,4873.106,0.0,0.0,0.0,0.0,243655.3
1814683,IT,WM,PLAS1,RAILW,0.02,4872.829,3,3,4872.829,0.0,0.0,0.0,0.0,243641.45
1765729,IT,RU,PAPER,93197,0.02,4872.562,3,3,4872.562,0.0,0.0,0.0,0.0,243628.1
1652239,IT,CZ,FOOD5,MOTOR,0.02,4872.529,3,3,4872.529,0.0,0.0,0.0,0.0,243626.45
1762847,IT,IN,PUBLI,RETA1,0.08,4872.526,3,3,4872.526,0.0,0.0,0.0,0.0,60906.575
1711829,IT,LU,FOODW,MOTO1,0.04,4872.08,3,3,4872.08,0.0,0.0,0.0,0.0,121802.0
1654596,IT,CZ,RAILW,CONST,0.03,4871.987,3,3,4871.987,0.0,0.0,0.0,0.0,162399.566667
1673476,IT,FR,WEARI,FOOD3,0.04,4871.869,3,3,4871.869,0.0,0.0,0.0,0.0,121796.725
1724943,IT,PT,BUSIN,WASTE,0.05,4871.858,3,3,4871.858,0.0,0.0,0.0,0.0,97437.16
1728580,IT,SE,PAPER,SECO9,0.02,4871.578,3,3,4871.578,0.0,0.0,0.0,0.0,243578.9
1648648,IT,BG,DAIRY,RAWMI,0.02,4871.309,3,3,4871.309,0.0,0.0,0.0,0.0,243565.45
1658739,IT,DE,OFFIC,INSUR,0.02,4871.214,3,3,4871.214,0.0,0.0,0.0,0.0,243560.7
1650463,IT,BG,ELEC5,MOTOR,0.06,4871.138,3,3,4871.138,0.0,0.0,0.0,0.0,81185.633333
1733551,IT,SI,RETA1,WOODW,0.05,4871.095,3,3,4871.095,0.0,0.0,0.0,0.0,97421.9
1729001,IT,SE,BIODI,COPPE,0.01,4870.472,3,3,4870.472,0.0,0.0,0.0,0.0,487047.2
1724826,IT,PT,COMPU,RECRE,0.06,4870.385,3,3,4870.385,0.0,0.0,0.0,0.0,81173.083333
1715084,IT,NL,WEARI,BASIC,0.04,4870.325,3,3,4870.325,0.0,0.0,0.0,0.0,121758.125
1745954,IT,JP,WOODW,FOUND,0.01,4870.153,3,3,4870.153,0.0,0.0,0.0,0.0,487015.3
1744656,IT,US,COMPU,DAIRY,0.06,4870.017,3,3,4870.017,0.0,0.0,0.0,0.0,81166.95
1678353,IT,FR,FOOD4,COLLE,0.04,4869.966,3,3,4869.966,0.0,0.0,0.0,0.0,121749.15
1688918,IT,IE,FABRI,NATUR,0.02,4869.434,3,3,4869.434,0.0,0.0,0.0,0.0,243471.7
1751752,IT,CN,INSUR,RECRE,0.1,4869.288,3,3,4869.288,0.0,0.0,0.0,0.0,48692.88
1743078,IT,US,MOTO1,SUBBI,0.03,4869.126,3,3,4869.126,0.0,0.0,0.0,0.0,162304.2
1739276,IT,GB,HOTEL,KEROS,0.04,4868.83,3,3,4868.83,0.0,0.0,0.0,0.0,121720.75
1784654,IT,ID,OFFIC,MACHI,0.02,4868.671,3,3,4868.671,0.0,0.0,0.0,0.0,243433.55
1814496,IT,WM,RESEA,NAPHT,0.03,4868.361,3,3,4868.361,0.0,0.0,0.0,0.0,162278.7
1718682,IT,PL,WOODW,PREC1,0.01,4868.293,3,3,4868.293,0.0,0.0,0.0,0.0,486829.3
1720962,IT,PL,WHOLE,BASIC,0.04,4868.019,3,3,4868.019,0.0,0.0,0.0,0.0,121700.475
1685936,IT,HU,CHEM1,TEXT1,0.01,4867.95,3,3,4867.95,0.0,0.0,0.0,0.0,486795.0
1785083,IT,ZA,SANDC,CERAM,0.01,4867.873,4,4,4866.873,0.0,0.0,1.0,0.0,486787.3
1675959,IT,FR,ELEC4,OFFIC,0.08,4867.398,3,3,4867.398,0.0,0.0,0.0,0.0,60842.475
1666790,IT,ES,RUBBE,RAILW,0.02,4867.381,3,3,4867.381,0.0,0.0,0.0,0.0,243369.05
1793347,IT,WA,PRIVA,INERT,1.09,4867.273,3,3,4867.273,0.0,0.0,0.0,0.0,4465.388073
1668552,IT,ES,HOTEL,ELEC9,0.04,4867.175,3,3,4867.175,0.0,0.0,0.0,0.0,121679.375
1719226,IT,PL,CHEM1,HYDRO,0.01,4866.96,3,3,4866.96,0.0,0.0,0.0,0.0,486696.0
1763405,IT,MX,PRINT,93197,0.05,4866.947,3,3,4866.947,0.0,0.0,0.0,0.0,97338.94
1735892,IT,SK,OFFIC,ELEC4,0.02,4866.86,3,3,4866.86,0.0,0.0,0.0,0.0,243343.0
1709516,IT,LT,LEATH,MOTO1,0.03,4866.795,3,3,4866.795,0.0,0.0,0.0,0.0,162226.5
1797972,IT,WL,PAPE4,PFERT,0.03,4866.65,3,3,4866.65,0.0,0.0,0.0,0.0,162221.666667
1644456,IT,BE,VEGE1,HEAVY,0.01,4866.585,3,3,4866.585,0.0,0.0,0.0,0.0,486658.5
1793543,IT,WL,MEAT4,MEAT1,0.03,4866.323,3,3,4866.323,0.0,0.0,0.0,0.0,162210.766667
1684880,IT,HU,SANDC,CERAM,0.01,4866.299,4,4,4865.299,0.0,0.0,1.0,0.0,486629.9
1709336,IT,LT,VEGE1,RETA1,0.01,4866.14,3,3,4866.14,0.0,0.0,0.0,0.0,486614.0
1670505,IT,FI,BEVER,DISTR,0.02,4866.081,3,3,4866.081,0.0,0.0,0.0,0.0,243304.05
1806362,IT,WF,MOTO1,MEATP,0.03,4865.543,3,3,4865.543,0.0,0.0,0.0,0.0,162184.766667
1789461,IT,WA,ADDIT,WOOLS,0.01,4865.002,3,3,4865.002,0.0,0.0,0.0,0.0,486500.2
1736965,IT,GB,CROPS,MEATC,0.04,4864.683,3,3,4864.683,0.0,0.0,0.0,0.0,121617.075
1791321,IT,WA,SALEM,POULT,0.04,4864.553,3,3,4864.553,0.0,0.0,0.0,0.0,121613.825
1780520,IT,TW,POSTT,AIRTR,0.08,4864.375,3,3,4864.375,0.0,0.0,0.0,0.0,60804.6875
1640288,IT,AT,SANDC,PULP5,0.01,4864.225,4,4,4863.225,0.0,0.0,1.0,0.0,486422.5
1664994,IT,ES,CHEMI,KEROS,0.01,4863.838,3,3,4863.838,0.0,0.0,0.0,0.0,486383.8
1717935,IT,PL,STONE,PFERT,0.02,4863.584,3,3,4863.584,0.0,0.0,0.0,0.0,243179.2
1765407,IT,RU,TEXTI,RAWMI,0.03,4863.436,3,3,4863.436,0.0,0.0,0.0,0.0,162114.533333
1808040,IT,WF,INTER,SUPPO,0.03,4863.428,3,3,4863.428,0.0,0.0,0.0,0.0,162114.266667
1756272,IT,KR,OFFIC,FINAN,0.02,4863.424,3,3,4863.424,0.0,0.0,0.0,0.0,243171.2
1779066,IT,TR,SUPPO,STONE,0.03,4863.188,3,3,4863.188,0.0,0.0,0.0,0.0,162106.266667
1721910,IT,PL,RENTI,COLLE,0.03,4863.097,3,3,4863.097,0.0,0.0,0.0,0.0,162103.233333
1803120,IT,WF,VEGET,NFERT,0.02,4862.758,3,3,4862.758,0.0,0.0,0.0,0.0,243137.9
1654059,IT,CZ,MACHI,TEXT1,0.03,4862.712,3,3,4862.712,0.0,0.0,0.0,0.0,162090.4
1772454,IT,CH,CHEM1,PLAS1,0.01,4862.688,3,3,4862.688,0.0,0.0,0.0,0.0,486268.8
1760130,IT,BR,FOOD2,93197,0.03,4862.676,3,3,4862.676,0.0,0.0,0.0,0.0,162089.2
1793109,IT,WA,MEMBE,BUSIN,0.06,4862.292,3,3,4862.292,0.0,0.0,0.0,0.0,81038.2
1750981,IT,CN,RETAI,RETA1,0.04,4862.252,3,3,4862.252,0.0,0.0,0.0,0.0,121556.3
1681562,IT,GR,BUSIN,SALEM,0.05,4862.204,3,3,4862.204,0.0,0.0,0.0,0.0,97244.08
1725225,IT,RO,FOOD5,PROCE,0.02,4862.079,3,3,4862.079,0.0,0.0,0.0,0.0,243103.95
1728950,IT,SE,CHEM1,SEACO,0.01,4861.94,3,3,4861.94,0.0,0.0,0.0,0.0,486194.0
1643710,IT,AT,SUPPO,BRICK,0.03,4861.894,3,3,4861.894,0.0,0.0,0.0,0.0,162063.133333
1641202,IT,AT,PRINT,AIRTR,0.05,4861.636,3,3,4861.636,0.0,0.0,0.0,0.0,97232.72
1680239,IT,GR,TRANS,SALEM,0.03,4861.262,3,3,4861.262,0.0,0.0,0.0,0.0,162042.066667
1748012,IT,JP,BUSIN,FISH5,0.05,4860.93,3,3,4860.93,0.0,0.0,0.0,0.0,97218.6
1716583,IT,NL,SALEM,PAPER,0.04,4860.569,3,3,4860.569,0.0,0.0,0.0,0.0,121514.225
1661119,IT,DE,PLAS1,FOOD2,0.02,4860.474,3,3,4860.474,0.0,0.0,0.0,0.0,243023.7
1765740,IT,RU,PRINT,FABRI,0.05,4860.292,3,3,4860.292,0.0,0.0,0.0,0.0,97205.84
1808143,IT,WF,OILHA,PADDY,0.03,4860.086,3,3,4860.086,0.0,0.0,0.0,0.0,162002.866667
1780916,IT,TW,RESEA,SALEM,0.03,4859.967,3,3,4859.967,0.0,0.0,0.0,0.0,161998.9
1778849,IT,TR,LANDT,TEXT2,0.03,4859.789,3,3,4859.789,0.0,0.0,0.0,0.0,161992.966667
1687320,IT,HU,RETA1,COLLE,0.05,4859.713,3,3,4859.713,0.0,0.0,0.0,0.0,97194.26
1764022,IT,MX,COPP1,PLAST,0.01,4859.605,3,3,4859.605,0.0,0.0,0.0,0.0,485960.5
1678487,IT,FR,RECRE,AUXIL,0.06,4859.524,3,3,4859.524,0.0,0.0,0.0,0.0,80992.066667
1714867,IT,NL,FOOD5,INERT,0.02,4859.498,3,3,4859.498,0.0,0.0,0.0,0.0,242974.9
1755454,IT,KR,PLAST,DAIRY,0.01,4859.133,3,3,4859.133,0.0,0.0,0.0,0.0,485913.3
1733544,IT,SI,RETA1,STONE,0.05,4858.801,3,3,4858.801,0.0,0.0,0.0,0.0,97176.02
1793427,IT,WL,MEATA,SALEM,0.03,4858.557,3,3,4858.557,0.0,0.0,0.0,0.0,161951.9
1666922,IT,ES,GLASS,INERT,0.01,4858.509,3,3,4858.509,0.0,0.0,0.0,0.0,485850.9
1681909,IT,HR,DAIRY,RENTI,0.02,4858.316,3,3,4858.316,0.0,0.0,0.0,0.0,242915.8
1644128,IT,AT,INTER,PREC1,0.03,4858.306,3,3,4858.306,0.0,0.0,0.0,0.0,161943.533333
1801952,IT,WE,SALEM,INSUR,0.04,4858.276,3,3,4858.276,0.0,0.0,0.0,0.0,121456.9
1765556,IT,RU,LEATH,MACHI,0.03,4858.253,3,3,4858.253,0.0,0.0,0.0,0.0,161941.766667
1805271,IT,WF,ADDIT,WHEAT,0.01,4858.087,3,3,4858.087,0.0,0.0,0.0,0.0,485808.7
1745932,IT,JP,WOODW,BEVER,0.01,4858.016,3,3,4858.016,0.0,0.0,0.0,0.0,485801.6
1678900,IT,GR,TEXTI,FISH5,0.03,4858.013,3,3,4858.013,0.0,0.0,0.0,0.0,161933.766667
1769855,IT,AU,OFFIC,FURNI,0.02,4857.999,3,3,4857.999,0.0,0.0,0.0,0.0,242899.95
1672469,IT,FI,FOOD3,BASIC,0.01,4857.869,3,3,4857.869,0.0,0.0,0.0,0.0,485786.9
1788506,IT,WA,PAPER,OILSE,0.02,4857.729,3,3,4857.729,0.0,0.0,0.0,0.0,242886.45
1655991,IT,DE,FOOD5,ALUM1,0.02,4857.707,3,3,4857.707,0.0,0.0,0.0,0.0,242885.35
1678221,IT,FR,OILHA,SUPPO,0.03,4857.571,3,3,4857.571,0.0,0.0,0.0,0.0,161919.033333
1735656,IT,SK,FABRI,MEATA,0.02,4857.548,3,3,4857.548,0.0,0.0,0.0,0.0,242877.4
1754840,IT,KR,BEVER,FABRI,0.02,4857.372,3,3,4857.372,0.0,0.0,0.0,0.0,242868.6
1781165,IT,TW,PLAS2,PUBLI,0.04,4857.23,3,3,4857.23,0.0,0.0,0.0,0.0,121430.75
1789709,IT,WA,RUBBE,INERT,0.02,4857.216,3,3,4857.216,0.0,0.0,0.0,0.0,242860.8
1792879,IT,WA,EDUCA,RESEA,0.12,4857.194,3,3,4857.194,0.0,0.0,0.0,0.0,40476.616667
1797051,IT,WL,SUPPO,NONF1,0.03,4856.922,3,3,4856.922,0.0,0.0,0.0,0.0,161897.4
1769002,IT,AU,PAPER,PAPE2,0.02,4856.848,3,3,4856.848,0.0,0.0,0.0,0.0,242842.4
1784105,IT,ID,WOODW,VEGET,0.01,4856.824,3,3,4856.824,0.0,0.0,0.0,0.0,485682.4
1725120,IT,RO,CHEMI,PFERT,0.01,4856.634,3,3,4856.634,0.0,0.0,0.0,0.0,485663.4
1662517,IT,DK,COPP1,MEDIC,0.01,4856.522,3,3,4856.522,0.0,0.0,0.0,0.0,485652.2
1760514,IT,IN,WEARI,NONME,0.04,4856.484,3,3,4856.484,0.0,0.0,0.0,0.0,121412.1
1721009,IT,PL,HOTEL,NATUR,0.04,4856.417,3,3,4856.417,0.0,0.0,0.0,0.0,121410.425
1668198,IT,ES,SALEM,PAPE4,0.04,4856.136,3,3,4856.136,0.0,0.0,0.0,0.0,121403.4
1665051,IT,ES,MEATP,FISH5,0.02,4856.119,3,3,4856.119,0.0,0.0,0.0,0.0,242805.95
1752513,IT,CA,FOOD5,COKEO,0.02,4856.069,3,3,4856.069,0.0,0.0,0.0,0.0,242803.45
1796746,IT,WL,LANDT,PLAST,0.03,4855.85,3,3,4855.85,0.0,0.0,0.0,0.0,161861.666667
1655210,IT,CZ,BUSIN,PAPE4,0.05,4855.531,3,3,4855.531,0.0,0.0,0.0,0.0,97110.62
1768333,IT,AU,CHEMI,WASTE,0.01,4854.997,3,3,4854.997,0.0,0.0,0.0,0.0,485499.7
1757276,IT,BR,DAIRY,HEALT,0.02,4854.957,3,3,4854.957,0.0,0.0,0.0,0.0,242747.85
1758686,IT,BR,SALEM,CEMEN,0.04,4854.926,3,3,4854.926,0.0,0.0,0.0,0.0,121373.15
1728592,IT,SE,PAPER,RAILW,0.02,4854.743,3,3,4854.743,0.0,0.0,0.0,0.0,242737.15
1679877,IT,GR,COPP1,CHEM1,0.01,4854.661,3,3,4854.661,0.0,0.0,0.0,0.0,485466.1
1718273,IT,PL,FOOD5,PULP5,0.02,4854.1,3,3,4854.1,0.0,0.0,0.0,0.0,242705.0
1760057,IT,BR,OILHA,PFERT,0.03,4854.022,3,3,4854.022,0.0,0.0,0.0,0.0,161800.733333
1744856,IT,US,BUSIN,WHEAT,0.05,4853.945,3,3,4853.945,0.0,0.0,0.0,0.0,97078.9
1778088,IT,TR,MOTO1,CERAM,0.03,4853.932,3,3,4853.932,0.0,0.0,0.0,0.0,161797.733333
1797603,IT,WL,FOODW,DAIRY,0.04,4853.916,3,3,4853.916,0.0,0.0,0.0,0.0,121347.9
1762864,IT,IN,PUBLI,EDUCA,0.08,4853.802,3,3,4853.802,0.0,0.0,0.0,0.0,60672.525
1738011,IT,GB,BIODI,RUBBE,0.01,4853.059,3,3,4853.059,0.0,0.0,0.0,0.0,485305.9
1664336,IT,EE,FABRI,CHEM1,0.02,4853.039,3,3,4853.039,0.0,0.0,0.0,0.0,242651.95
1716349,IT,NL,FABRI,HEALT,0.02,4852.963,3,3,4852.963,0.0,0.0,0.0,0.0,242648.15
1748317,IT,JP,93197,RECRE,0.03,4852.86,3,3,4852.86,0.0,0.0,0.0,0.0,161762.0
1808214,IT,WF,FOOD1,POULT,0.02,4852.834,3,3,4852.834,0.0,0.0,0.0,0.0,242641.7
1685993,IT,HU,BIODI,COKEO,0.01,4852.461,3,3,4852.461,0.0,0.0,0.0,0.0,485246.1
1786237,IT,ZA,COPP1,REALE,0.01,4852.349,3,3,4852.349,0.0,0.0,0.0,0.0,485234.9
1787267,IT,WA,VEGET,TRANS,0.02,4852.276,3,3,4852.276,0.0,0.0,0.0,0.0,242613.8
1751866,IT,CN,COMPU,POULT,0.06,4851.915,3,3,4851.915,0.0,0.0,0.0,0.0,80865.25
1726546,IT,RO,OFFIC,KEROS,0.02,4851.62,3,3,4851.62,0.0,0.0,0.0,0.0,242581.0
1710465,IT,LT,LANDT,ELEC4,0.03,4851.583,3,3,4851.583,0.0,0.0,0.0,0.0,161719.433333
1793159,IT,WA,93197,WEARI,0.03,4851.565,3,3,4851.565,0.0,0.0,0.0,0.0,161718.833333
1785748,IT,ZA,PLAST,AVIAT,0.01,4851.329,3,3,4851.329,0.0,0.0,0.0,0.0,485132.9
1769347,IT,AU,GLASS,COLLE,0.01,4850.867,3,3,4850.867,0.0,0.0,0.0,0.0,485086.7
1678052,IT,FR,EDUCA,PUBLI,0.12,4850.844,3,3,4850.844,0.0,0.0,0.0,0.0,40423.7
1714467,IT,NL,FORES,RESEA,0.04,4850.744,4,4,4848.744,0.0,2.0,0.0,0.0,121268.6
1767984,IT,RU,COMPU,HOTEL,0.06,4850.727,3,3,4850.727,0.0,0.0,0.0,0.0,80845.45
1784560,IT,ID,MACHI,BKBPE,0.03,4850.607,3,3,4850.607,0.0,0.0,0.0,0.0,161686.9
1709298,IT,LT,VEGET,BEVER,0.02,4850.464,3,3,4850.464,0.0,0.0,0.0,0.0,242523.2
1744485,IT,US,REALE,CEREA,0.2,4850.463,3,3,4850.463,0.0,0.0,0.0,0.0,24252.315
1685038,IT,HU,DAIRY,CEMEN,0.02,4850.239,3,3,4850.239,0.0,0.0,0.0,0.0,242511.95
1684611,IT,HR,WASTE,RETA1,0.02,4850.056,3,3,4850.056,0.0,0.0,0.0,0.0,242502.8
1663548,IT,DK,COMPU,SALEM,0.06,4850.033,3,3,4850.033,0.0,0.0,0.0,0.0,80833.883333
1755326,IT,KR,PRINT,GASDI,0.05,4849.872,3,3,4849.872,0.0,0.0,0.0,0.0,96997.44
1758060,IT,BR,RUBBE,INERT,0.02,4849.843,3,3,4849.843,0.0,0.0,0.0,0.0,242492.15
1689064,IT,IE,TRANS,RESEA,0.03,4849.762,3,3,4849.762,0.0,0.0,0.0,0.0,161658.733333
1773414,IT,CH,OFFIC,VEGE1,0.02,4849.676,3,3,4849.676,0.0,0.0,0.0,0.0,242483.8
1794753,IT,WL,PLAST,WHEAT,0.01,4849.634,3,3,4849.634,0.0,0.0,0.0,0.0,484963.4
1765469,IT,RU,WEARI,CEREA,0.04,4849.515,3,3,4849.515,0.0,0.0,0.0,0.0,121237.875
1713070,IT,MT,VEGE1,RESEA,0.01,4849.246,3,3,4849.246,0.0,0.0,0.0,0.0,484924.6
1743749,IT,US,LANDT,PULP5,0.03,4849.151,3,3,4849.151,0.0,0.0,0.0,0.0,161638.366667
1642060,IT,AT,GLASS,FISH5,0.01,4848.993,3,3,4848.993,0.0,0.0,0.0,0.0,484899.3
1711422,IT,LU,HOTEL,POSTT,0.04,4848.934,3,3,4848.934,0.0,0.0,0.0,0.0,121223.35
1710545,IT,LT,SUPPO,COMPU,0.03,4848.902,3,3,4848.902,0.0,0.0,0.0,0.0,161630.066667
1673653,IT,FR,WOODW,PAPE4,0.01,4848.891,3,3,4848.891,0.0,0.0,0.0,0.0,484889.1
1711261,IT,LU,MOTO1,CONST,0.03,4848.339,3,3,4848.339,0.0,0.0,0.0,0.0,161611.3
1668350,IT,ES,WHOLE,FOOD2,0.04,4848.318,3,3,4848.318,0.0,0.0,0.0,0.0,121207.95
1671864,IT,FI,HOTEL,FOOD5,0.04,4848.251,3,3,4848.251,0.0,0.0,0.0,0.0,121206.275
1688424,IT,IE,BEVER,AIRTR,0.02,4848.116,3,3,4848.116,0.0,0.0,0.0,0.0,242405.8
1784198,IT,ID,PRINT,PRINT,0.05,4847.922,3,3,4847.922,0.0,0.0,0.0,0.0,96958.44
1684324,IT,HR,SUPPO,PFERT,0.03,4847.4,3,3,4847.4,0.0,0.0,0.0,0.0,161580.0
1653300,IT,CZ,RUBBE,MEMBE,0.02,4847.271,3,3,4847.271,0.0,0.0,0.0,0.0,242363.55
1710138,IT,LT,MACHI,FISH5,0.03,4847.191,3,3,4847.191,0.0,0.0,0.0,0.0,161573.033333
1676659,IT,FR,RAILW,VEGET,0.03,4847.187,3,3,4847.187,0.0,0.0,0.0,0.0,161572.9
1787887,IT,WA,BEVER,MEAT1,0.02,4846.836,3,3,4846.836,0.0,0.0,0.0,0.0,242341.8
1743445,IT,US,WHOLE,MEATC,0.04,4846.648,3,3,4846.648,0.0,0.0,0.0,0.0,121166.2
1773406,IT,CH,OFFIC,MEATA,0.02,4846.335,3,3,4846.335,0.0,0.0,0.0,0.0,242316.75
1710246,IT,LT,MOTO1,POULT,0.03,4846.063,3,3,4846.063,0.0,0.0,0.0,0.0,161535.433333
1793032,IT,WA,FOOD4,MEATA,0.04,4846.043,3,3,4846.043,0.0,0.0,0.0,0.0,121151.075
1781916,IT,NO,CHEM1,ELEC4,0.01,4845.8,3,3,4845.8,0.0,0.0,0.0,0.0,484580.0
1762353,IT,IN,SUPPO,RENTI,0.03,4845.241,3,3,4845.241,0.0,0.0,0.0,0.0,161508.033333
1783462,IT,NO,TEXT1,OILHA,0.04,4845.218,3,3,4845.218,0.0,0.0,0.0,0.0,121130.45
1737978,IT,GB,CHEM1,POSTT,0.01,4844.998,3,3,4844.998,0.0,0.0,0.0,0.0,484499.8
1721040,IT,PL,HOTEL,BIOGA,0.04,4844.929,3,3,4844.929,0.0,0.0,0.0,0.0,121123.225
1777310,IT,TR,GLASS,SUGA1,0.01,4844.908,3,3,4844.908,0.0,0.0,0.0,0.0,484490.8
1731516,IT,SI,FISH5,OFFIC,0.02,4844.609,4,4,4844.607,0.0,0.0,0.0,0.002,242230.45
1688458,IT,IE,TEXTI,PUBLI,0.03,4844.189,3,3,4844.189,0.0,0.0,0.0,0.0,161472.966667
1781058,IT,TW,PUBLI,LEATH,0.08,4843.989,3,3,4843.989,0.0,0.0,0.0,0.0,60549.8625
1715347,IT,NL,PRINT,FISH5,0.05,4843.943,3,3,4843.943,0.0,0.0,0.0,0.0,96878.86
1675128,IT,FR,COPP1,NAPHT,0.01,4843.935,3,3,4843.935,0.0,0.0,0.0,0.0,484393.5
1810352,IT,WM,WOODW,COPP1,0.01,4843.765,3,3,4843.765,0.0,0.0,0.0,0.0,484376.5
1813334,IT,WM,FURNI,IRONO,0.02,4843.58,3,3,4843.58,0.0,0.0,0.0,0.0,242179.0
1729905,IT,SE,TRANS,RECRE,0.03,4843.44,3,3,4843.44,0.0,0.0,0.0,0.0,161448.0
1678386,IT,FR,PAPE4,HOTEL,0.03,4843.356,3,3,4843.356,0.0,0.0,0.0,0.0,161445.2
1646867,IT,BE,WHOLE,STONE,0.04,4843.235,3,3,4843.235,0.0,0.0,0.0,0.0,121080.875
1752576,IT,CA,BEVER,EDUCA,0.02,4842.917,3,3,4842.917,0.0,0.0,0.0,0.0,242145.85
1688396,IT,IE,FOOD5,REALE,0.02,4842.784,3,3,4842.784,0.0,0.0,0.0,0.0,242139.2
1778072,IT,TR,MOTO1,ANIMA,0.03,4842.135,3,3,4842.135,0.0,0.0,0.0,0.0,161404.5
1728490,IT,SE,WOODW,BEVER,0.01,4842.109,3,3,4842.109,0.0,0.0,0.0,0.0,484210.9
1754591,IT,KR,CROPS,NONF1,0.04,4841.932,3,3,4841.932,0.0,0.0,0.0,0.0,121048.3
1798702,IT,WE,DAIRY,MOTOR,0.02,4841.685,3,3,4841.685,0.0,0.0,0.0,0.0,242084.25
1659186,IT,DE,CONST,COLLE,0.03,4841.363,3,3,4841.363,0.0,0.0,0.0,0.0,161378.766667
1787109,IT,ZA,BUSIN,COLLE,0.05,4841.338,3,3,4841.338,0.0,0.0,0.0,0.0,96826.76
1688934,IT,IE,FABRI,NONME,0.02,4841.191,3,3,4841.191,0.0,0.0,0.0,0.0,242059.55
1640207,IT,AT,FORES,VEGET,0.04,4841.144,4,4,4839.144,0.0,2.0,0.0,0.0,121028.6
1775940,IT,TR,FOOD5,MEDIC,0.02,4840.907,3,3,4840.907,0.0,0.0,0.0,0.0,242045.35
1645899,IT,BE,GLASS,WASTE,0.01,4840.711,3,3,4840.711,0.0,0.0,0.0,0.0,484071.1
1655613,IT,DE,SANDC,COKE1,0.01,4840.655,4,4,4839.655,0.0,0.0,1.0,0.0,484065.5
1786556,IT,ZA,FURNI,SECO9,0.02,4840.464,3,3,4840.464,0.0,0.0,0.0,0.0,242023.2
1778425,IT,TR,WHOLE,PULP5,0.04,4840.318,3,3,4840.318,0.0,0.0,0.0,0.0,121007.95
1731025,IT,SE,PLAS2,DIST1,0.04,4840.145,3,3,4840.145,0.0,0.0,0.0,0.0,121003.625
1742860,IT,US,MACHI,IRONO,0.03,4840.009,3,3,4840.009,0.0,0.0,0.0,0.0,161333.633333
1763181,IT,MX,LEATH,MEDIC,0.03,4839.878,3,3,4839.878,0.0,0.0,0.0,0.0,161329.266667
1713515,IT,MT,RUBBE,RECRE,0.02,4838.841,3,3,4838.841,0.0,0.0,0.0,0.0,241942.05
1767067,IT,RU,FURNI,KEROS,0.02,4838.771,3,3,4838.771,0.0,0.0,0.0,0.0,241938.55
1787821,IT,WA,FOOD5,CEREA,0.02,4838.72,3,3,4838.72,0.0,0.0,0.0,0.0,241936.0
1778755,IT,TR,LANDT,COPPE,0.03,4838.63,3,3,4838.63,0.0,0.0,0.0,0.0,161287.666667
1654394,IT,CZ,RETAI,FINAN,0.04,4838.561,3,3,4838.561,0.0,0.0,0.0,0.0,120964.025
1762828,IT,IN,PUBLI,RADIO,0.08,4838.485,3,3,4838.485,0.0,0.0,0.0,0.0,60481.0625
1722660,IT,PT,WEARI,PAPER,0.04,4838.48,3,3,4838.48,0.0,0.0,0.0,0.0,120962.0
1670079,IT,ES,WASTE,TEXT2,0.02,4838.199,3,3,4838.199,0.0,0.0,0.0,0.0,241909.95
1676732,IT,FR,RAILW,FOOD2,0.03,4837.9,3,3,4837.9,0.0,0.0,0.0,0.0,161263.333333
1720940,IT,PL,RETAI,93197,0.04,4837.895,3,3,4837.895,0.0,0.0,0.0,0.0,120947.375
1672285,IT,FI,RENTI,ELECT,0.03,4837.885,3,3,4837.885,0.0,0.0,0.0,0.0,161262.833333
1788172,IT,WA,WEARI,DIST1,0.04,4837.717,3,3,4837.717,0.0,0.0,0.0,0.0,120942.925
1651518,IT,CY,PLAST,MOTO1,0.01,4837.639,3,3,4837.639,0.0,0.0,0.0,0.0,483763.9
1781113,IT,TW,PUBLI,BUSIN,0.08,4837.592,3,3,4837.592,0.0,0.0,0.0,0.0,60469.9
1782767,IT,NO,HOTEL,BEVER,0.04,4837.515,3,3,4837.515,0.0,0.0,0.0,0.0,120937.875
1717237,IT,NL,POSTT,PIGS9,0.08,4837.402,3,3,4837.402,0.0,0.0,0.0,0.0,60467.525
1802891,IT,WE,RECRE,PAPER,0.06,4837.106,3,3,4837.106,0.0,0.0,0.0,0.0,80618.433333
1721015,IT,PL,HOTEL,VEGE1,0.04,4837.088,3,3,4837.088,0.0,0.0,0.0,0.0,120927.2
1662763,IT,DK,OFFIC,PRIVA,0.01,4836.652,3,3,4836.652,0.0,0.0,0.0,0.0,483665.2
1716593,IT,NL,SALEM,LEAD1,0.04,4836.587,3,3,4836.587,0.0,0.0,0.0,0.0,120914.675
1648131,IT,BE,RESEA,SEACO,0.03,4836.512,3,3,4836.512,0.0,0.0,0.0,0.0,161217.066667
1711866,IT,LU,INTER,RUBBE,0.03,4836.39,3,3,4836.39,0.0,0.0,0.0,0.0,161213.0
1652147,IT,CZ,MEAT4,RETA1,0.03,4836.356,3,3,4836.356,0.0,0.0,0.0,0.0,161211.866667
1736871,IT,SK,BUSIN,FOUND,0.05,4836.354,3,3,4836.354,0.0,0.0,0.0,0.0,96727.08
1736371,IT,SK,LANDT,ANIMA,0.03,4836.161,3,3,4836.161,0.0,0.0,0.0,0.0,161205.366667
1794041,IT,WL,PULP5,CONST,0.01,4835.799,3,3,4835.799,0.0,0.0,0.0,0.0,483579.9
1669005,IT,ES,SUPPO,MEATA,0.03,4835.717,3,3,4835.717,0.0,0.0,0.0,0.0,161190.566667
1797814,IT,WL,FOOD2,VEGET,0.03,4835.63,3,3,4835.63,0.0,0.0,0.0,0.0,161187.666667
1687338,IT,HU,RETA1,BUSIN,0.05,4835.336,3,3,4835.336,0.0,0.0,0.0,0.0,96706.72
1750700,IT,CN,MOTO1,DISTR,0.03,4835.155,3,3,4835.155,0.0,0.0,0.0,0.0,161171.833333
1678095,IT,FR,FOODW,FOOD4,0.04,4834.812,3,3,4834.812,0.0,0.0,0.0,0.0,120870.3
1756628,IT,KR,RAILW,EDUCA,0.03,4834.369,3,3,4834.369,0.0,0.0,0.0,0.0,161145.633333
1775487,IT,CH,PLAS1,93197,0.02,4834.058,3,3,4834.058,0.0,0.0,0.0,0.0,241702.9
1810169,IT,WM,WEARI,DIST1,0.04,4833.952,3,3,4833.952,0.0,0.0,0.0,0.0,120848.8
1753914,IT,CA,RAILW,ELEC1,0.03,4833.881,3,3,4833.881,0.0,0.0,0.0,0.0,161129.366667
1796401,IT,WL,WHOLE,CERAM,0.04,4833.756,3,3,4833.756,0.0,0.0,0.0,0.0,120843.9
1684121,IT,HR,RAILW,RAILW,0.03,4833.339,3,3,4833.339,0.0,0.0,0.0,0.0,161111.3
1736367,IT,SK,LANDT,CATTL,0.03,4833.221,3,3,4833.221,0.0,0.0,0.0,0.0,161107.366667
1751893,IT,CN,COMPU,LIQUE,0.06,4833.183,3,3,4833.183,0.0,0.0,0.0,0.0,80553.05
1741192,IT,US,LEATH,WASTE,0.03,4833.101,3,3,4833.101,0.0,0.0,0.0,0.0,161103.366667
1659297,IT,DE,SALEM,WASTE,0.04,4833.006,3,3,4833.006,0.0,0.0,0.0,0.0,120825.15
1711343,IT,LU,WHOLE,RAILW,0.04,4832.958,3,3,4832.958,0.0,0.0,0.0,0.0,120823.95
1752207,IT,CN,PUBLI,SEACO,0.08,4832.768,3,3,4832.768,0.0,0.0,0.0,0.0,60409.6
1806712,IT,WF,WHOLE,GLASS,0.04,4832.686,3,3,4832.686,0.0,0.0,0.0,0.0,120817.15
1751078,IT,CN,RETA1,FISHF,0.05,4832.552,3,3,4832.552,0.0,0.0,0.0,0.0,96651.04
1793221,IT,WA,PRIVA,ANTHR,1.08,4832.455,3,3,4832.455,0.0,0.0,0.0,0.0,4474.49537
1710943,IT,LU,RUBBE,PRINT,0.02,4832.384,3,3,4832.384,0.0,0.0,0.0,0.0,241619.2
1672738,IT,FR,CHEMI,ELEC3,0.01,4832.319,3,3,4832.319,0.0,0.0,0.0,0.0,483231.9
1765481,IT,RU,WEARI,BEVER,0.04,4832.313,3,3,4832.313,0.0,0.0,0.0,0.0,120807.825
1654600,IT,CZ,RAILW,HOTEL,0.03,4832.056,3,3,4832.056,0.0,0.0,0.0,0.0,161068.533333
1806959,IT,WF,LANDT,LEADZ,0.03,4832.029,3,3,4832.029,0.0,0.0,0.0,0.0,161067.633333
1717663,IT,NL,BUSIN,LIQUI,0.05,4831.975,3,3,4831.975,0.0,0.0,0.0,0.0,96639.5
1769254,IT,AU,RUBBE,KEROS,0.02,4831.771,3,3,4831.771,0.0,0.0,0.0,0.0,241588.55
1709435,IT,LT,TEXTI,LEATH,0.03,4831.637,3,3,4831.637,0.0,0.0,0.0,0.0,161054.566667
1641140,IT,AT,PAPER,FOODW,0.02,4831.61,3,3,4831.61,0.0,0.0,0.0,0.0,241580.5
1688046,IT,HU,COMPU,CHEM1,0.06,4831.55,3,3,4831.55,0.0,0.0,0.0,0.0,80525.833333
1814846,IT,WM,MEMBE,FINAN,0.06,4831.501,3,3,4831.501,0.0,0.0,0.0,0.0,80525.016667
1689353,IT,IE,RETA1,FURNI,0.05,4831.398,3,3,4831.398,0.0,0.0,0.0,0.0,96627.96
1752647,IT,CA,TEXTI,RENTI,0.03,4831.326,3,3,4831.326,0.0,0.0,0.0,0.0,161044.2
1682505,IT,HR,PRINT,HOTEL,0.05,4831.301,3,3,4831.301,0.0,0.0,0.0,0.0,96626.02
1726060,IT,RO,RUBBE,POULT,0.02,4831.268,3,3,4831.268,0.0,0.0,0.0,0.0,241563.4
1765686,IT,RU,PAPER,PREC1,0.02,4830.539,3,3,4830.539,0.0,0.0,0.0,0.0,241526.95
1759537,IT,BR,RENTI,REALE,0.03,4830.403,3,3,4830.403,0.0,0.0,0.0,0.0,161013.433333
1801897,IT,WE,CONST,RETAI,0.03,4830.401,3,3,4830.401,0.0,0.0,0.0,0.0,161013.366667
1734685,IT,SK,LEATH,MEATP,0.03,4829.862,3,3,4829.862,0.0,0.0,0.0,0.0,160995.4
1709686,IT,LT,PLAST,SALEM,0.01,4829.766,3,3,4829.766,0.0,0.0,0.0,0.0,482976.6
1782629,IT,NO,SALEM,FISHF,0.04,4829.497,3,3,4829.497,0.0,0.0,0.0,0.0,120737.425
1802599,IT,WE,INSUR,TRANS,0.1,4829.286,3,3,4829.286,0.0,0.0,0.0,0.0,48292.86
1756606,IT,KR,RAILW,NONME,0.03,4828.97,3,3,4828.97,0.0,0.0,0.0,0.0,160965.666667
1682408,IT,HR,PAPER,TOBAC,0.02,4828.936,3,3,4828.936,0.0,0.0,0.0,0.0,241446.8
1730905,IT,SE,PLAS1,INTER,0.02,4828.872,3,3,4828.872,0.0,0.0,0.0,0.0,241443.6
1687313,IT,HU,RETA1,MOTO1,0.05,4828.656,3,3,4828.656,0.0,0.0,0.0,0.0,96573.12
1663637,IT,DK,BUSIN,BIOG1,0.05,4828.485,3,3,4828.485,0.0,0.0,0.0,0.0,96569.7
1721713,IT,PL,FINAN,RESEA,0.06,4828.321,3,3,4828.321,0.0,0.0,0.0,0.0,80472.016667
1763638,IT,MX,RUBBE,SUBBI,0.02,4828.312,3,3,4828.312,0.0,0.0,0.0,0.0,241415.6
1678824,IT,GR,BEVER,FISH5,0.02,4828.31,3,3,4828.31,0.0,0.0,0.0,0.0,241415.5
1781531,IT,NO,TEXTI,FURNI,0.03,4828.278,3,3,4828.278,0.0,0.0,0.0,0.0,160942.6
1795583,IT,WL,COPP1,PUBLI,0.01,4828.242,3,3,4828.242,0.0,0.0,0.0,0.0,482824.2
1737257,IT,GB,FOOD5,LEATH,0.02,4828.106,3,3,4828.106,0.0,0.0,0.0,0.0,241405.3
1764565,IT,MX,WHOLE,WEARI,0.04,4827.999,3,3,4827.999,0.0,0.0,0.0,0.0,120699.975
1781762,IT,NO,PAPER,INTER,0.02,4827.734,3,3,4827.734,0.0,0.0,0.0,0.0,241386.7
1670619,IT,FI,WEARI,SEWAG,0.04,4827.678,3,3,4827.678,0.0,0.0,0.0,0.0,120691.95
1768170,IT,RU,PUBLI,MEDIC,0.08,4827.584,3,3,4827.584,0.0,0.0,0.0,0.0,60344.8
1756043,IT,KR,FABRI,MEATC,0.02,4827.477,3,3,4827.477,0.0,0.0,0.0,0.0,241373.85
1737408,IT,GB,TEXTI,FINAN,0.03,4827.306,3,3,4827.306,0.0,0.0,0.0,0.0,160910.2
1814778,IT,WM,WASTE,RESEA,0.02,4827.249,3,3,4827.249,0.0,0.0,0.0,0.0,241362.45
1745029,IT,US,PUBLI,BITU1,0.08,4826.996,3,3,4826.996,0.0,0.0,0.0,0.0,60337.45
1756262,IT,KR,OFFIC,PLAST,0.01,4826.953,3,3,4826.953,0.0,0.0,0.0,0.0,482695.3
1728845,IT,SE,PLAST,TRANS,0.01,4826.883,3,3,4826.883,0.0,0.0,0.0,0.0,482688.3
1713128,IT,MT,BEVER,FABRI,0.02,4826.815,3,3,4826.815,0.0,0.0,0.0,0.0,241340.75
1780846,IT,TW,COMPU,RETAI,0.06,4826.77,3,3,4826.77,0.0,0.0,0.0,0.0,80446.166667
1678373,IT,FR,PAPE4,FOOD5,0.03,4826.564,3,3,4826.564,0.0,0.0,0.0,0.0,160885.466667
1781869,IT,NO,CHEM1,NONFE,0.01,4826.392,3,3,4826.392,0.0,0.0,0.0,0.0,482639.2
1782837,IT,NO,LANDT,MEATP,0.03,4826.351,3,3,4826.351,0.0,0.0,0.0,0.0,160878.366667
1758003,IT,BR,RUBBE,NONSP,0.02,4826.093,3,3,4826.093,0.0,0.0,0.0,0.0,241304.65
1759839,IT,BR,FOODW,PLAST,0.04,4826.026,3,3,4826.026,0.0,0.0,0.0,0.0,120650.65
1786684,IT,ZA,WHOLE,RENTI,0.04,4825.798,3,3,4825.798,0.0,0.0,0.0,0.0,120644.95
1773533,IT,CH,MOTO1,ALUM1,0.03,4825.584,3,3,4825.584,0.0,0.0,0.0,0.0,160852.8
1771863,IT,CH,WOODW,TRAN2,0.01,4825.394,3,3,4825.394,0.0,0.0,0.0,0.0,482539.4
1766876,IT,RU,OFFIC,MOTOR,0.01,4825.327,3,3,4825.327,0.0,0.0,0.0,0.0,482532.7
1660586,IT,DE,REALE,DAIRY,0.2,4825.102,3,3,4825.102,0.0,0.0,0.0,0.0,24125.51
1689507,IT,IE,LANDT,CHEM1,0.03,4824.827,3,3,4824.827,0.0,0.0,0.0,0.0,160827.566667
1806402,IT,WF,MOTO1,AIRTR,0.03,4824.545,3,3,4824.545,0.0,0.0,0.0,0.0,160818.166667
1724798,IT,PT,COMPU,OFFIC,0.06,4824.312,3,3,4824.312,0.0,0.0,0.0,0.0,80405.2
1653326,IT,CZ,GLASS,PRINT,0.01,4824.205,3,3,4824.205,0.0,0.0,0.0,0.0,482420.5
1802711,IT,WE,COMPU,AUXIL,0.06,4824.172,3,3,4824.172,0.0,0.0,0.0,0.0,80402.866667
1755624,IT,KR,RUBBE,PADDY,0.02,4824.135,3,3,4824.135,0.0,0.0,0.0,0.0,241206.75
1773114,IT,CH,COPP1,GLASS,0.01,4824.066,3,3,4824.066,0.0,0.0,0.0,0.0,482406.6
1660901,IT,DE,BUSIN,CROPS,0.05,4823.932,3,3,4823.932,0.0,0.0,0.0,0.0,96478.64
1727355,IT,RO,POSTT,RENTI,0.08,4823.541,3,3,4823.541,0.0,0.0,0.0,0.0,60294.2625
1680092,IT,GR,MACHI,FOOD3,0.03,4823.524,3,3,4823.524,0.0,0.0,0.0,0.0,160784.133333
1688254,IT,IE,CROPS,PIGS9,0.04,4823.458,3,3,4823.458,0.0,0.0,0.0,0.0,120586.45
1647912,IT,BE,REALE,STEAM,0.2,4823.021,3,3,4823.021,0.0,0.0,0.0,0.0,24115.105
1767721,IT,RU,FINAN,ELEC4,0.06,4822.868,3,3,4822.868,0.0,0.0,0.0,0.0,80381.133333
1736398,IT,SK,LANDT,KEROS,0.03,4822.865,3,3,4822.865,0.0,0.0,0.0,0.0,160762.166667
1744763,IT,US,RESEA,ETHAN,0.03,4822.707,3,3,4822.707,0.0,0.0,0.0,0.0,160756.9
1814737,IT,WM,OILHA,FINAN,0.03,4822.605,3,3,4822.605,0.0,0.0,0.0,0.0,160753.5
1690514,IT,IE,TEXT2,STONE,0.03,4822.452,3,3,4822.452,0.0,0.0,0.0,0.0,160748.4
1678273,IT,FR,FOOD2,COLLE,0.03,4822.22,3,3,4822.22,0.0,0.0,0.0,0.0,160740.666667
1677242,IT,FR,FINAN,OILSE,0.06,4822.16,3,3,4822.16,0.0,0.0,0.0,0.0,80369.333333
1709318,IT,LT,MEATP,LANDT,0.02,4822.055,3,3,4822.055,0.0,0.0,0.0,0.0,241102.75
1780429,IT,TW,SUPPO,ALUM1,0.03,4821.86,3,3,4821.86,0.0,0.0,0.0,0.0,160728.666667
1747133,IT,JP,CONST,FOOD5,0.03,4821.856,3,3,4821.856,0.0,0.0,0.0,0.0,160728.533333
1672978,IT,FR,DAIRY,PAPE4,0.02,4821.752,3,3,4821.752,0.0,0.0,0.0,0.0,241087.6
1720617,IT,PL,MOTO1,VEGE1,0.03,4821.682,3,3,4821.682,0.0,0.0,0.0,0.0,160722.733333
1763107,IT,MX,WEARI,FABRI,0.04,4821.312,3,3,4821.312,0.0,0.0,0.0,0.0,120532.8
1807674,IT,WF,BUSIN,NONFE,0.05,4820.616,3,3,4820.616,0.0,0.0,0.0,0.0,96412.32
1793463,IT,WL,STONE,RETA1,0.02,4820.534,3,3,4820.534,0.0,0.0,0.0,0.0,241026.7
1793828,IT,WL,TEXTI,KEROS,0.03,4820.435,3,3,4820.435,0.0,0.0,0.0,0.0,160681.166667
1746673,IT,JP,FABRI,VEGET,0.02,4820.041,3,3,4820.041,0.0,0.0,0.0,0.0,241002.05
1778520,IT,TR,RETA1,BEVER,0.05,4819.668,3,3,4819.668,0.0,0.0,0.0,0.0,96393.36
1716677,IT,NL,WHOLE,CEMEN,0.04,4819.355,3,3,4819.355,0.0,0.0,0.0,0.0,120483.875
1656422,IT,DE,WOODW,WOOD1,0.01,4818.87,3,3,4818.87,0.0,0.0,0.0,0.0,481887.0
1762342,IT,IN,SUPPO,TRANS,0.03,4818.837,3,3,4818.837,0.0,0.0,0.0,0.0,160627.9
1742112,IT,US,RUBBE,ELEC3,0.02,4818.811,3,3,4818.811,0.0,0.0,0.0,0.0,240940.55
1647695,IT,BE,INSUR,MEAT1,0.1,4818.75,3,3,4818.75,0.0,0.0,0.0,0.0,48187.5
1722193,IT,PL,PUBLI,LEAD1,0.08,4818.633,3,3,4818.633,0.0,0.0,0.0,0.0,60232.9125
1806794,IT,WF,RETA1,BEVER,0.05,4818.579,3,3,4818.579,0.0,0.0,0.0,0.0,96371.58
1731024,IT,SE,PAPE4,WASTE,0.03,4818.579,3,3,4818.579,0.0,0.0,0.0,0.0,160619.3
1783447,IT,NO,TEXT1,BASIC,0.04,4818.361,3,3,4818.361,0.0,0.0,0.0,0.0,120459.025
1754920,IT,KR,TEXTI,FOOD5,0.03,4818.3,3,3,4818.3,0.0,0.0,0.0,0.0,160610.0
1736945,IT,GB,VEGET,MEAT4,0.02,4818.033,3,3,4818.033,0.0,0.0,0.0,0.0,240901.65
1771702,IT,CH,WEARI,FOOD3,0.04,4817.992,3,3,4817.992,0.0,0.0,0.0,0.0,120449.8
1798302,IT,WE,CROPS,WOODW,0.04,4817.798,3,3,4817.798,0.0,0.0,0.0,0.0,120444.95
1763585,IT,MX,CHEM1,ELE11,0.01,4817.55,3,3,4817.55,0.0,0.0,0.0,0.0,481755.0
1792265,IT,WA,POSTT,RADIO,0.08,4817.43,3,3,4817.43,0.0,0.0,0.0,0.0,60217.875
1751509,IT,CN,SUPPO,PRINT,0.03,4817.253,3,3,4817.253,0.0,0.0,0.0,0.0,160575.1
1652683,IT,CZ,PAPER,POULT,0.02,4817.181,3,3,4817.181,0.0,0.0,0.0,0.0,240859.05
1809288,IT,WM,STONE,PIGS9,0.02,4817.079,3,3,4817.079,0.0,0.0,0.0,0.0,240853.95
1686149,IT,HU,RUBBE,PLAS2,0.02,4816.874,3,3,4816.874,0.0,0.0,0.0,0.0,240843.7
1728471,IT,SE,LEATH,SUPPO,0.03,4816.819,3,3,4816.819,0.0,0.0,0.0,0.0,160560.633333
1790704,IT,WA,FABRI,AIRTR,0.02,4816.623,3,3,4816.623,0.0,0.0,0.0,0.0,240831.15
1767255,IT,RU,HOTEL,PULP5,0.03,4816.307,3,3,4816.307,0.0,0.0,0.0,0.0,160543.566667
1718062,IT,PL,MEATP,BEVER,0.02,4816.206,3,3,4816.206,0.0,0.0,0.0,0.0,240810.3
1806836,IT,WF,RETA1,TRAN1,0.05,4815.83,3,3,4815.83,0.0,0.0,0.0,0.0,96316.6
1678867,IT,GR,FISH5,RUBBE,0.02,4815.814,4,4,4815.812,0.0,0.0,0.0,0.002,240790.7
1772141,IT,CH,AVIAT,WHOLE,0.01,4815.745,3,3,4815.745,0.0,0.0,0.0,0.0,481574.5
1728052,IT,SE,MEATC,WHOLE,0.02,4815.695,3,3,4815.695,0.0,0.0,0.0,0.0,240784.75
1752495,IT,CA,FOOD5,FISHF,0.02,4815.617,3,3,4815.617,0.0,0.0,0.0,0.0,240780.85
1736173,IT,SK,WHOLE,DAIRY,0.04,4815.358,3,3,4815.358,0.0,0.0,0.0,0.0,120383.95
1673241,IT,FR,FISH5,MOTOR,0.02,4815.283,4,4,4815.281,0.0,0.0,0.0,0.002,240764.15
1662530,IT,DK,COPP1,WASTE,0.01,4815.006,3,3,4815.006,0.0,0.0,0.0,0.0,481500.6
1781918,IT,NO,CHEM1,CONST,0.01,4814.729,3,3,4814.729,0.0,0.0,0.0,0.0,481472.9
1726114,IT,RO,RUBBE,COLLE,0.02,4814.587,3,3,4814.587,0.0,0.0,0.0,0.0,240729.35
1709471,IT,LT,TEXTI,REALE,0.03,4814.454,3,3,4814.454,0.0,0.0,0.0,0.0,160481.8
1811630,IT,WM,CHEM1,PETRO,0.01,4814.331,3,3,4814.331,0.0,0.0,0.0,0.0,481433.1
1643669,IT,AT,SUPPO,VEGET,0.03,4814.127,3,3,4814.127,0.0,0.0,0.0,0.0,160470.9
1654486,IT,CZ,HOTEL,BITUM,0.03,4813.956,3,3,4813.956,0.0,0.0,0.0,0.0,160465.2
1723629,IT,PT,FABRI,POSTT,0.02,4813.89,3,3,4813.89,0.0,0.0,0.0,0.0,240694.5
1657588,IT,DE,GLASS,ELEC4,0.01,4813.701,3,3,4813.701,0.0,0.0,0.0,0.0,481370.1
1665666,IT,ES,PULP5,SUGA1,0.01,4813.567,3,3,4813.567,0.0,0.0,0.0,0.0,481356.7
1787361,IT,WA,ANIMA,LEAD1,0.02,4813.47,3,3,4813.47,0.0,0.0,0.0,0.0,240673.5
1775708,IT,TR,CROPS,REALE,0.04,4813.459,3,3,4813.459,0.0,0.0,0.0,0.0,120336.475
1710314,IT,LT,FURNI,ELEC5,0.02,4813.452,3,3,4813.452,0.0,0.0,0.0,0.0,240672.6
1745631,IT,JP,TEXTI,COKEO,0.03,4813.161,3,3,4813.161,0.0,0.0,0.0,0.0,160438.7
1725523,IT,RO,LEATH,LIQUE,0.03,4813.021,3,3,4813.021,0.0,0.0,0.0,0.0,160434.033333
1751151,IT,CN,HOTEL,MEATA,0.03,4812.789,3,3,4812.789,0.0,0.0,0.0,0.0,160426.3
1640331,IT,AT,CHEMI,BRICK,0.01,4812.602,3,3,4812.602,0.0,0.0,0.0,0.0,481260.2
1716513,IT,NL,OFFIC,PAPE1,0.01,4812.378,3,3,4812.378,0.0,0.0,0.0,0.0,481237.8
1654606,IT,CZ,RAILW,COMPU,0.03,4812.304,3,3,4812.304,0.0,0.0,0.0,0.0,160410.133333
1753981,IT,CA,LANDT,ELECT,0.03,4812.249,3,3,4812.249,0.0,0.0,0.0,0.0,160408.3
1722563,IT,PT,BEVER,PUBLI,0.02,4811.87,3,3,4811.87,0.0,0.0,0.0,0.0,240593.5
1651844,IT,CY,LANDT,AIRTR,0.03,4811.814,3,3,4811.814,0.0,0.0,0.0,0.0,160393.8
1809209,IT,WM,ANIMA,FURNI,0.02,4811.803,3,3,4811.803,0.0,0.0,0.0,0.0,240590.15
1661099,IT,DE,PUBLI,HEALT,0.08,4811.77,3,3,4811.77,0.0,0.0,0.0,0.0,60147.125
1742669,IT,US,COPP1,FOOD3,0.01,4811.755,3,3,4811.755,0.0,0.0,0.0,0.0,481175.5
1746888,IT,JP,MOTO1,PIGS9,0.03,4811.7,3,3,4811.7,0.0,0.0,0.0,0.0,160390.0
1764533,IT,MX,SALEM,PREC1,0.04,4811.617,3,3,4811.617,0.0,0.0,0.0,0.0,120290.425
1781204,IT,NO,VEGET,TRANS,0.02,4811.548,3,3,4811.548,0.0,0.0,0.0,0.0,240577.4
1792283,IT,WA,POSTT,RAILW,0.08,4811.313,3,3,4811.313,0.0,0.0,0.0,0.0,60141.4125
1785078,IT,ZA,FORES,WOODW,0.04,4811.241,4,4,4809.241,0.0,2.0,0.0,0.0,120281.025
1659762,IT,DE,LANDT,CROPS,0.03,4811.11,3,3,4811.11,0.0,0.0,0.0,0.0,160370.333333
1683139,IT,HR,RUBBE,FOOD3,0.02,4811.024,3,3,4811.024,0.0,0.0,0.0,0.0,240551.2
1809033,IT,WM,VEGET,COLLE,0.02,4810.996,3,3,4810.996,0.0,0.0,0.0,0.0,240549.8
1649476,IT,BG,CHEM1,FOOD4,0.01,4810.966,3,3,4810.966,0.0,0.0,0.0,0.0,481096.6
1671701,IT,FI,SALEM,TEXTI,0.04,4810.735,3,3,4810.735,0.0,0.0,0.0,0.0,120268.375
1671013,IT,FI,RUBBE,OILSE,0.02,4810.452,3,3,4810.452,0.0,0.0,0.0,0.0,240522.6
1735847,IT,SK,MACHI,INTER,0.03,4810.319,3,3,4810.319,0.0,0.0,0.0,0.0,160343.966667
1672074,IT,FI,SUPPO,PLAST,0.03,4810.059,3,3,4810.059,0.0,0.0,0.0,0.0,160335.3
1778669,IT,TR,HOTEL,TRAN2,0.03,4809.998,3,3,4809.998,0.0,0.0,0.0,0.0,160333.266667
1663840,IT,EE,TEXTI,CEMEN,0.03,4809.982,3,3,4809.982,0.0,0.0,0.0,0.0,160332.733333
1661583,IT,DK,BEVER,TRAN1,0.02,4809.778,3,3,4809.778,0.0,0.0,0.0,0.0,240488.9
1762091,IT,IN,RETA1,LANDT,0.05,4809.643,3,3,4809.643,0.0,0.0,0.0,0.0,96192.86
1720662,IT,PL,MOTO1,ELEC2,0.03,4809.436,3,3,4809.436,0.0,0.0,0.0,0.0,160314.533333
1807380,IT,WF,FINAN,ELEC2,0.06,4809.335,3,3,4809.335,0.0,0.0,0.0,0.0,80155.583333
1644039,IT,AT,BUSIN,NFERT,0.05,4808.906,3,3,4808.906,0.0,0.0,0.0,0.0,96178.12
1739344,IT,GB,RAILW,WEARI,0.03,4808.875,3,3,4808.875,0.0,0.0,0.0,0.0,160295.833333
1723136,IT,PT,CHEM1,FOOD1,0.01,4808.75,3,3,4808.75,0.0,0.0,0.0,0.0,480875.0
1713143,IT,MT,BEVER,RECRE,0.02,4808.621,3,3,4808.621,0.0,0.0,0.0,0.0,240431.05
1665031,IT,ES,CHEMI,93197,0.01,4808.612,3,3,4808.612,0.0,0.0,0.0,0.0,480861.2
1666490,IT,ES,PLAST,BRICK,0.01,4808.595,3,3,4808.595,0.0,0.0,0.0,0.0,480859.5
1765589,IT,RU,WOODW,SUGAR,0.01,4808.525,3,3,4808.525,0.0,0.0,0.0,0.0,480852.5
1716465,IT,NL,OFFIC,HEAVY,0.01,4808.288,3,3,4808.288,0.0,0.0,0.0,0.0,480828.8
1670586,IT,FI,TEXTI,INTER,0.03,4808.133,3,3,4808.133,0.0,0.0,0.0,0.0,160271.1
1718069,IT,PL,MEATP,EDUCA,0.02,4806.847,3,3,4806.847,0.0,0.0,0.0,0.0,240342.35
1660553,IT,DE,AUXIL,IRONO,0.09,4806.612,3,3,4806.612,0.0,0.0,0.0,0.0,53406.8
1783380,IT,NO,PLAS1,REALE,0.02,4806.589,3,3,4806.589,0.0,0.0,0.0,0.0,240329.45
1778726,IT,TR,RAILW,WHOLE,0.03,4806.168,3,3,4806.168,0.0,0.0,0.0,0.0,160205.6
1685247,IT,HU,TEXTI,BIODI,0.03,4806.089,3,3,4806.089,0.0,0.0,0.0,0.0,160202.966667
1814820,IT,WM,WOOD2,CRUDE,0.03,4805.964,3,3,4805.964,0.0,0.0,0.0,0.0,160198.8
1814719,IT,WM,WOOD1,PUBLI,0.03,4805.873,3,3,4805.873,0.0,0.0,0.0,0.0,160195.766667
1740007,IT,GB,REALE,POSTT,0.2,4805.69,3,3,4805.69,0.0,0.0,0.0,0.0,24028.45
1668193,IT,ES,SALEM,SEWAG,0.04,4805.629,3,3,4805.629,0.0,0.0,0.0,0.0,120140.725
1710939,IT,LU,RUBBE,FOOD5,0.02,4805.479,3,3,4805.479,0.0,0.0,0.0,0.0,240273.95
1808648,IT,WF,INERT,NATUR,0.04,4805.447,3,3,4805.447,0.0,0.0,0.0,0.0,120136.175
1669961,IT,ES,EDUCA,COLLE,0.12,4805.398,3,3,4805.398,0.0,0.0,0.0,0.0,40044.983333
1746867,IT,JP,MACHI,WASTE,0.03,4805.319,3,3,4805.319,0.0,0.0,0.0,0.0,160177.3
1718475,IT,PL,TEXTI,GASDI,0.03,4805.291,3,3,4805.291,0.0,0.0,0.0,0.0,160176.366667
1676117,IT,FR,ELEC8,HOTEL,0.06,4805.063,3,3,4805.063,0.0,0.0,0.0,0.0,80084.383333
1765151,IT,MX,BUSIN,KEROS,0.05,4804.941,3,3,4804.941,0.0,0.0,0.0,0.0,96098.82
1747719,IT,JP,FINAN,MACHI,0.06,4804.933,3,3,4804.933,0.0,0.0,0.0,0.0,80082.216667
1724070,IT,PT,WHOLE,MEDIC,0.04,4804.727,3,3,4804.727,0.0,0.0,0.0,0.0,120118.175
1643401,IT,AT,LANDT,MEAT4,0.03,4804.653,3,3,4804.653,0.0,0.0,0.0,0.0,160155.1
1713251,IT,MT,PAPER,TRANS,0.02,4804.622,3,3,4804.622,0.0,0.0,0.0,0.0,240231.1
1772032,IT,CH,PRINT,PFERT,0.05,4804.427,3,3,4804.427,0.0,0.0,0.0,0.0,96088.54
1797452,IT,WL,RESEA,BEVER,0.03,4804.339,3,3,4804.339,0.0,0.0,0.0,0.0,160144.633333
1714760,IT,NL,DAIRY,FOODW,0.02,4804.152,3,3,4804.152,0.0,0.0,0.0,0.0,240207.6
1801997,IT,WE,WHOLE,VEGE1,0.04,4804.104,3,3,4804.104,0.0,0.0,0.0,0.0,120102.6
1731483,IT,SI,BEVER,RAILW,0.02,4803.885,3,3,4803.885,0.0,0.0,0.0,0.0,240194.25
1780704,IT,TW,REALE,HEAVY,0.2,4803.7,3,3,4803.7,0.0,0.0,0.0,0.0,24018.5
1662792,IT,DK,TRANS,RENTI,0.03,4803.636,3,3,4803.636,0.0,0.0,0.0,0.0,160121.2
1655566,IT,DE,STONE,COMPU,0.02,4803.455,3,3,4803.455,0.0,0.0,0.0,0.0,240172.75
1730709,IT,SE,COMPU,LANDT,0.05,4803.36,3,3,4803.36,0.0,0.0,0.0,0.0,96067.2
1778445,IT,TR,WHOLE,MACHI,0.04,4803.342,3,3,4803.342,0.0,0.0,0.0,0.0,120083.55
1688339,IT,IE,DAIRY,MEAT1,0.02,4803.174,3,3,4803.174,0.0,0.0,0.0,0.0,240158.7
1670069,IT,ES,WASTE,MACHI,0.02,4802.834,3,3,4802.834,0.0,0.0,0.0,0.0,240141.7
1786445,IT,ZA,MOTO1,POULT,0.03,4802.639,3,3,4802.639,0.0,0.0,0.0,0.0,160087.966667
1752977,IT,CA,CHEM1,NONFE,0.01,4802.431,3,3,4802.431,0.0,0.0,0.0,0.0,480243.1
1684496,IT,HR,RESEA,MACHI,0.03,4802.295,3,3,4802.295,0.0,0.0,0.0,0.0,160076.5
1813788,IT,WM,HOTEL,INERT,0.03,4802.141,3,3,4802.141,0.0,0.0,0.0,0.0,160071.366667
1798101,IT,WL,93197,INSUR,0.03,4802.086,3,3,4802.086,0.0,0.0,0.0,0.0,160069.533333
1767741,IT,RU,FINAN,RESEA,0.06,4801.854,3,3,4801.854,0.0,0.0,0.0,0.0,80030.9
1814743,IT,WM,OILHA,EDUCA,0.03,4801.692,3,3,4801.692,0.0,0.0,0.0,0.0,160056.4
1678016,IT,FR,EDUCA,WOODW,0.12,4801.681,3,3,4801.681,0.0,0.0,0.0,0.0,40014.008333
1772036,IT,CH,PRINT,CERAM,0.05,4801.606,3,3,4801.606,0.0,0.0,0.0,0.0,96032.12
1784253,IT,ID,CHEM1,SUGA1,0.01,4801.406,3,3,4801.406,0.0,0.0,0.0,0.0,480140.6
1785302,IT,ZA,LEATH,COKIN,0.03,4801.168,3,3,4801.168,0.0,0.0,0.0,0.0,160038.933333
1724050,IT,PT,WHOLE,MOTOR,0.04,4800.354,3,3,4800.354,0.0,0.0,0.0,0.0,120008.85
1797867,IT,WL,FOOD3,FISH5,0.01,4799.916,3,3,4799.916,0.0,0.0,0.0,0.0,479991.6
1808245,IT,WF,FOOD2,CROPS,0.03,4799.882,3,3,4799.882,0.0,0.0,0.0,0.0,159996.066667
1647923,IT,BE,REALE,AIRTR,0.2,4799.674,3,3,4799.674,0.0,0.0,0.0,0.0,23998.37
1767975,IT,RU,COMPU,TRAN1,0.05,4799.668,3,3,4799.668,0.0,0.0,0.0,0.0,95993.36
1689481,IT,IE,HOTEL,INTER,0.03,4799.46,3,3,4799.46,0.0,0.0,0.0,0.0,159982.0
1651683,IT,CY,COPP1,REALE,0.01,4799.313,3,3,4799.313,0.0,0.0,0.0,0.0,479931.3
1745587,IT,JP,FISH5,RETA1,0.02,4799.064,4,4,4799.062,0.0,0.0,0.0,0.002,239953.2
1647746,IT,BE,INSUR,SEACO,0.1,4798.471,3,3,4798.471,0.0,0.0,0.0,0.0,47984.71
1793462,IT,WL,STONE,WHOLE,0.02,4798.47,3,3,4798.47,0.0,0.0,0.0,0.0,239923.5
1770167,IT,AU,RETA1,DIST1,0.05,4798.449,3,3,4798.449,0.0,0.0,0.0,0.0,95968.98
1795050,IT,WL,ADDIT,COPP1,0.01,4798.402,3,3,4798.402,0.0,0.0,0.0,0.0,479840.2
1788395,IT,WA,WOODW,DIST1,0.01,4797.96,3,3,4797.96,0.0,0.0,0.0,0.0,479796.0
1768166,IT,RU,PUBLI,MACHI,0.08,4797.863,3,3,4797.863,0.0,0.0,0.0,0.0,59973.2875
1775683,IT,TR,CROPS,POULT,0.04,4797.222,3,3,4797.222,0.0,0.0,0.0,0.0,119930.55
1647084,IT,BE,HOTEL,KEROS,0.03,4797.164,3,3,4797.164,0.0,0.0,0.0,0.0,159905.466667
1714421,IT,NL,VEGET,PUBLI,0.02,4797.056,3,3,4797.056,0.0,0.0,0.0,0.0,239852.8
1808126,IT,WF,WOOD1,SEACO,0.03,4796.935,3,3,4796.935,0.0,0.0,0.0,0.0,159897.833333
1768379,IT,AU,MEAT4,RECRE,0.03,4796.894,3,3,4796.894,0.0,0.0,0.0,0.0,159896.466667
1808449,IT,WF,FOOD4,TEXTI,0.03,4796.813,3,3,4796.813,0.0,0.0,0.0,0.0,159893.766667
1670785,IT,FI,PRINT,ELEC3,0.05,4796.777,3,3,4796.777,0.0,0.0,0.0,0.0,95935.54
1647896,IT,BE,REALE,PFERT,0.2,4796.451,3,3,4796.451,0.0,0.0,0.0,0.0,23982.255
1646789,IT,BE,SALEM,FISH5,0.04,4796.387,3,3,4796.387,0.0,0.0,0.0,0.0,119909.675
1736575,IT,SK,SUPPO,AIRTR,0.03,4796.347,3,3,4796.347,0.0,0.0,0.0,0.0,159878.233333
1749348,IT,CN,PRINT,ELEC3,0.05,4795.997,3,3,4795.997,0.0,0.0,0.0,0.0,95919.94
1782069,IT,NO,GLASS,LIQUE,0.01,4795.953,3,3,4795.953,0.0,0.0,0.0,0.0,479595.3
1678545,IT,GR,VEGET,MACHI,0.02,4795.945,3,3,4795.945,0.0,0.0,0.0,0.0,239797.25
1765166,IT,MX,BUSIN,ALUM1,0.05,4795.857,3,3,4795.857,0.0,0.0,0.0,0.0,95917.14
1647809,IT,BE,AUXIL,BASIC,0.09,4795.628,3,3,4795.628,0.0,0.0,0.0,0.0,53284.755556
1672890,IT,FR,VEGE1,COLLE,0.01,4795.28,3,3,4795.28,0.0,0.0,0.0,0.0,479528.0
1678381,IT,FR,PAPE4,COPP1,0.03,4795.104,3,3,4795.104,0.0,0.0,0.0,0.0,159836.8
1651881,IT,CY,POSTT,HOTEL,0.08,4794.743,3,3,4794.743,0.0,0.0,0.0,0.0,59934.2875
1665446,IT,ES,WEARI,CROPS,0.04,4794.714,3,3,4794.714,0.0,0.0,0.0,0.0,119867.85
1748773,IT,CN,TEXTI,FOOD5,0.03,4794.628,3,3,4794.628,0.0,0.0,0.0,0.0,159820.933333
1807747,IT,WF,PUBLI,TEXTI,0.08,4794.339,3,3,4794.339,0.0,0.0,0.0,0.0,59929.2375
1688006,IT,HU,RENTI,INSUR,0.03,4794.318,3,3,4794.318,0.0,0.0,0.0,0.0,159810.6
1715165,IT,NL,LEATH,WOOD1,0.03,4794.127,3,3,4794.127,0.0,0.0,0.0,0.0,159804.233333
1739288,IT,GB,HOTEL,BASIC,0.03,4793.801,3,3,4793.801,0.0,0.0,0.0,0.0,159793.366667
1660775,IT,DE,COMPU,MEATP,0.05,4793.792,3,3,4793.792,0.0,0.0,0.0,0.0,95875.84
1641110,IT,AT,PAPER,ELEC5,0.02,4793.653,3,3,4793.653,0.0,0.0,0.0,0.0,239682.65
1676130,IT,FR,ELEC8,HEALT,0.06,4793.54,3,3,4793.54,0.0,0.0,0.0,0.0,79892.333333
1809487,IT,WM,MEAT1,FOOD5,0.02,4793.205,3,3,4793.205,0.0,0.0,0.0,0.0,239660.25
1769924,IT,AU,MOTO1,TRAN1,0.03,4793.131,3,3,4793.131,0.0,0.0,0.0,0.0,159771.033333
1770650,IT,AU,FINAN,AUXIL,0.06,4792.835,3,3,4792.835,0.0,0.0,0.0,0.0,79880.583333
1655257,IT,DE,PADDY,FOOD5,0.05,4792.753,3,3,4792.753,0.0,0.0,0.0,0.0,95855.06
1807942,IT,WF,PLAS1,HEAVY,0.02,4792.732,3,3,4792.732,0.0,0.0,0.0,0.0,239636.6
1714963,IT,NL,FISH5,GASDI,0.02,4792.664,4,4,4792.662,0.0,0.0,0.0,0.002,239633.2
1770948,IT,CH,VEGET,KEROS,0.02,4792.553,3,3,4792.553,0.0,0.0,0.0,0.0,239627.65
1814657,IT,WM,PAPE1,HEALT,0.03,4791.662,3,3,4791.662,0.0,0.0,0.0,0.0,159722.066667
1767939,IT,RU,COMPU,NATUR,0.05,4791.572,3,3,4791.572,0.0,0.0,0.0,0.0,95831.44
1800409,IT,WE,CHEM1,RECRE,0.01,4791.485,3,3,4791.485,0.0,0.0,0.0,0.0,479148.5
1776120,IT,TR,LEATH,FISH5,0.03,4791.312,3,3,4791.312,0.0,0.0,0.0,0.0,159710.4
1787352,IT,WA,MEATA,LEAD1,0.03,4791.288,3,3,4791.288,0.0,0.0,0.0,0.0,159709.6
1678419,IT,FR,INERT,SUPPO,0.04,4791.284,3,3,4791.284,0.0,0.0,0.0,0.0,119782.1
1709325,IT,LT,VEGE1,RAWMI,0.01,4791.15,3,3,4791.15,0.0,0.0,0.0,0.0,479115.0
1787309,IT,WA,CROPS,STONE,0.04,4791.074,3,3,4791.074,0.0,0.0,0.0,0.0,119776.85
1793139,IT,WA,RECRE,93197,0.06,4790.847,3,3,4790.847,0.0,0.0,0.0,0.0,79847.45
1663102,IT,DK,RAILW,ELEC5,0.03,4790.616,3,3,4790.616,0.0,0.0,0.0,0.0,159687.2
1712749,IT,LV,LANDT,BEVER,0.03,4790.465,3,3,4790.465,0.0,0.0,0.0,0.0,159682.166667
1683724,IT,HR,MACHI,HEAVY,0.03,4790.188,3,3,4790.188,0.0,0.0,0.0,0.0,159672.933333
1663121,IT,DK,RAILW,EDUCA,0.03,4790.05,3,3,4790.05,0.0,0.0,0.0,0.0,159668.333333
1651172,IT,BG,BUSIN,KEROS,0.05,4789.922,3,3,4789.922,0.0,0.0,0.0,0.0,95798.44
1731647,IT,SI,LEATH,HEALT,0.03,4789.651,3,3,4789.651,0.0,0.0,0.0,0.0,159655.033333
1728445,IT,SE,WEARI,INTER,0.04,4789.634,3,3,4789.634,0.0,0.0,0.0,0.0,119740.85
1767042,IT,RU,FURNI,FORES,0.02,4789.322,3,3,4789.322,0.0,0.0,0.0,0.0,239466.1
1648382,IT,BE,RECRE,RADIO,0.06,4789.242,3,3,4789.242,0.0,0.0,0.0,0.0,79820.7
1799103,IT,WE,WEARI,COPPE,0.04,4789.187,3,3,4789.187,0.0,0.0,0.0,0.0,119729.675
1803602,IT,WF,FOOD5,FISHF,0.02,4789.096,3,3,4789.096,0.0,0.0,0.0,0.0,239454.8
1770824,IT,AU,BUSIN,PLANT,0.05,4788.98,3,3,4788.98,0.0,0.0,0.0,0.0,95779.6
1780754,IT,TW,RENTI,WEARI,0.03,4788.694,3,3,4788.694,0.0,0.0,0.0,0.0,159623.133333
1780495,IT,TW,POSTT,BASIC,0.08,4788.685,3,3,4788.685,0.0,0.0,0.0,0.0,59858.5625
1731326,IT,SI,DAIRY,MEATA,0.02,4788.472,3,3,4788.472,0.0,0.0,0.0,0.0,239423.6
1648681,IT,BG,SUGA1,CONST,0.01,4788.465,3,3,4788.465,0.0,0.0,0.0,0.0,478846.5
1672873,IT,FR,VEGE1,ADDIT,0.01,4788.337,3,3,4788.337,0.0,0.0,0.0,0.0,478833.7
1690414,IT,IE,FOOD4,ALUM1,0.03,4788.336,3,3,4788.336,0.0,0.0,0.0,0.0,159611.2
1791280,IT,WA,CONST,PLAST,0.03,4788.169,3,3,4788.169,0.0,0.0,0.0,0.0,159605.633333
1663669,IT,DK,BUSIN,INTER,0.05,4788.128,3,3,4788.128,0.0,0.0,0.0,0.0,95762.56
1804082,IT,WF,PULP5,INSUR,0.01,4787.875,3,3,4787.875,0.0,0.0,0.0,0.0,478787.5
1712481,IT,LV,COPP1,OFFIC,0.01,4787.847,3,3,4787.847,0.0,0.0,0.0,0.0,478784.7
1675334,IT,FR,MACHI,PLANT,0.03,4787.354,3,3,4787.354,0.0,0.0,0.0,0.0,159578.466667
1761266,IT,IN,RUBBE,BIODI,0.02,4787.249,3,3,4787.249,0.0,0.0,0.0,0.0,239362.45
1714411,IT,NL,VEGET,ELEC5,0.02,4786.685,3,3,4786.685,0.0,0.0,0.0,0.0,239334.25
1671725,IT,FI,SALEM,ELEC4,0.04,4786.557,3,3,4786.557,0.0,0.0,0.0,0.0,119663.925
1652099,IT,CZ,SANDC,TRAN1,0.01,4786.157,4,4,4785.157,0.0,0.0,1.0,0.0,478615.7
1770967,IT,CH,VEGET,DISTR,0.02,4785.632,3,3,4785.632,0.0,0.0,0.0,0.0,239281.6
1736452,IT,SK,LANDT,INSUR,0.03,4785.304,3,3,4785.304,0.0,0.0,0.0,0.0,159510.133333
1663973,IT,EE,PAPER,RADIO,0.02,4785.277,3,3,4785.277,0.0,0.0,0.0,0.0,239263.85
1758460,IT,BR,MACHI,RAWMI,0.03,4785.252,3,3,4785.252,0.0,0.0,0.0,0.0,159508.4
1785039,IT,ID,BUSIN,SALEM,0.05,4785.137,3,3,4785.137,0.0,0.0,0.0,0.0,95702.74
1792234,IT,WA,POSTT,LEATH,0.08,4784.71,3,3,4784.71,0.0,0.0,0.0,0.0,59808.875
1785036,IT,ID,BUSIN,ELEC1,0.05,4784.689,3,3,4784.689,0.0,0.0,0.0,0.0,95693.78
1644100,IT,AT,BUSIN,FOOD2,0.05,4784.361,3,3,4784.361,0.0,0.0,0.0,0.0,95687.22
1685011,IT,HU,VEGE1,RENTI,0.01,4784.261,3,3,4784.261,0.0,0.0,0.0,0.0,478426.1
1649546,IT,BG,RUBBE,NONF1,0.02,4784.256,3,3,4784.256,0.0,0.0,0.0,0.0,239212.8
1717701,IT,NL,BUSIN,RETAI,0.05,4784.181,3,3,4784.181,0.0,0.0,0.0,0.0,95683.62
1678223,IT,FR,OILHA,RENTI,0.03,4784.167,3,3,4784.167,0.0,0.0,0.0,0.0,159472.233333
1670777,IT,FI,PRINT,MOTOR,0.05,4784.023,3,3,4784.023,0.0,0.0,0.0,0.0,95680.46
1729890,IT,SE,TRANS,TRAN2,0.03,4783.903,3,3,4783.903,0.0,0.0,0.0,0.0,159463.433333
1807790,IT,WF,FOODW,IRONO,0.04,4783.861,3,3,4783.861,0.0,0.0,0.0,0.0,119596.525
1641023,IT,AT,PULP5,FOUND,0.01,4783.517,3,3,4783.517,0.0,0.0,0.0,0.0,478351.7
1663734,IT,EE,DAIRY,SUPPO,0.02,4783.494,3,3,4783.494,0.0,0.0,0.0,0.0,239174.7
1710822,IT,LU,PAPER,NONME,0.02,4782.916,3,3,4782.916,0.0,0.0,0.0,0.0,239145.8
1790874,IT,WA,OFFIC,CROPS,0.01,4782.769,3,3,4782.769,0.0,0.0,0.0,0.0,478276.9
1731851,IT,SI,PRINT,WEARI,0.05,4782.746,3,3,4782.746,0.0,0.0,0.0,0.0,95654.92
1715913,IT,NL,GLASS,SUGA1,0.01,4782.412,3,3,4782.412,0.0,0.0,0.0,0.0,478241.2
1742062,IT,US,RUBBE,PROCE,0.02,4782.325,3,3,4782.325,0.0,0.0,0.0,0.0,239116.25
1724759,IT,PT,RENTI,BEVER,0.03,4781.913,3,3,4781.913,0.0,0.0,0.0,0.0,159397.1
1713975,IT,MT,WHOLE,PAPER,0.04,4781.636,3,3,4781.636,0.0,0.0,0.0,0.0,119540.9
1661040,IT,DE,BUSIN,FOOD4,0.05,4781.529,3,3,4781.529,0.0,0.0,0.0,0.0,95630.58
1765142,IT,MX,BUSIN,FISH5,0.05,4780.92,3,3,4780.92,0.0,0.0,0.0,0.0,95618.4
1783575,IT,NO,FOOD2,CHEM1,0.03,4780.581,3,3,4780.581,0.0,0.0,0.0,0.0,159352.7
1747426,IT,JP,LANDT,RADIO,0.03,4780.443,3,3,4780.443,0.0,0.0,0.0,0.0,159348.1
1714975,IT,NL,FISH5,RENTI,0.02,4780.327,4,4,4780.325,0.0,0.0,0.0,0.002,239016.35
1684483,IT,HR,COMPU,OFFIC,0.05,4780.174,3,3,4780.174,0.0,0.0,0.0,0.0,95603.48
1725339,IT,RO,FISH5,PETRO,0.02,4780.173,4,4,4780.171,0.0,0.0,0.0,0.002,239008.65
1680115,IT,GR,OFFIC,KEROS,0.01,4779.856,3,3,4779.856,0.0,0.0,0.0,0.0,477985.6
1714780,IT,NL,PROCE,GASDI,0.03,4779.611,3,3,4779.611,0.0,0.0,0.0,0.0,159320.366667
1751746,IT,CN,INSUR,RESEA,0.1,4779.134,3,3,4779.134,0.0,0.0,0.0,0.0,47791.34
1682395,IT,HR,PAPER,NATUR,0.02,4778.893,3,3,4778.893,0.0,0.0,0.0,0.0,238944.65
1646735,IT,BE,CONST,HEAVY,0.03,4778.778,3,3,4778.778,0.0,0.0,0.0,0.0,159292.6
1653316,IT,CZ,GLASS,SUGA1,0.01,4778.734,3,3,4778.734,0.0,0.0,0.0,0.0,477873.4
1743774,IT,US,LANDT,BRICK,0.03,4778.501,3,3,4778.501,0.0,0.0,0.0,0.0,159283.366667
1748182,IT,JP,PAPE1,CATTL,0.03,4778.318,3,3,4778.318,0.0,0.0,0.0,0.0,159277.266667
1726486,IT,RO,FABRI,SEACO,0.02,4778.163,3,3,4778.163,0.0,0.0,0.0,0.0,238908.15
1739022,IT,GB,SALEM,PAPE1,0.04,4778.082,3,3,4778.082,0.0,0.0,0.0,0.0,119452.05
1678139,IT,FR,PLAS1,RUBBE,0.02,4777.78,3,3,4777.78,0.0,0.0,0.0,0.0,238889.0
1762170,IT,IN,LANDT,DIST1,0.03,4777.733,3,3,4777.733,0.0,0.0,0.0,0.0,159257.766667
1725017,IT,PT,PAPE4,NONF1,0.03,4777.648,3,3,4777.648,0.0,0.0,0.0,0.0,159254.933333
1760277,IT,IN,CROPS,FABRI,0.04,4777.161,3,3,4777.161,0.0,0.0,0.0,0.0,119429.025
1718305,IT,PL,FOOD5,RETAI,0.02,4777.152,3,3,4777.152,0.0,0.0,0.0,0.0,238857.6
1668783,IT,ES,LANDT,INSUR,0.03,4776.998,3,3,4776.998,0.0,0.0,0.0,0.0,159233.266667
1675270,IT,FR,FABRI,ELEC1,0.02,4776.787,3,3,4776.787,0.0,0.0,0.0,0.0,238839.35
1711800,IT,LU,PUBLI,POSTT,0.08,4776.602,3,3,4776.602,0.0,0.0,0.0,0.0,59707.525
1715233,IT,NL,WOODW,SEWAG,0.01,4776.564,3,3,4776.564,0.0,0.0,0.0,0.0,477656.4
1731207,IT,SI,CHEMI,DIST1,0.01,4776.492,3,3,4776.492,0.0,0.0,0.0,0.0,477649.2
1659413,IT,DE,WHOLE,PREC1,0.04,4776.172,3,3,4776.172,0.0,0.0,0.0,0.0,119404.3
1760659,IT,IN,PAPER,BITUM,0.02,4775.896,3,3,4775.896,0.0,0.0,0.0,0.0,238794.8
1813085,IT,WM,OFFIC,FOOD3,0.01,4775.871,3,3,4775.871,0.0,0.0,0.0,0.0,477587.1
1780401,IT,TW,SUPPO,FISHF,0.03,4775.581,3,3,4775.581,0.0,0.0,0.0,0.0,159186.033333
1814937,IT,WM,PRIVA,CERAM,1.07,4774.804,3,3,4774.804,0.0,0.0,0.0,0.0,4462.433645
1671574,IT,FI,MOTO1,PREC1,0.03,4774.532,3,3,4774.532,0.0,0.0,0.0,0.0,159151.066667
1808109,IT,WF,WOOD1,MEATC,0.03,4774.255,3,3,4774.255,0.0,0.0,0.0,0.0,159141.833333
1664033,IT,EE,PLAST,GLASS,0.01,4774.116,3,3,4774.116,0.0,0.0,0.0,0.0,477411.6
1661377,IT,DK,MEAT1,COMPU,0.02,4773.893,3,3,4773.893,0.0,0.0,0.0,0.0,238694.65
1746342,IT,JP,RUBBE,PADDY,0.02,4773.644,3,3,4773.644,0.0,0.0,0.0,0.0,238682.2
1712172,IT,LV,LEATH,HEALT,0.03,4773.324,3,3,4773.324,0.0,0.0,0.0,0.0,159110.8
1640705,IT,AT,TOBAC,WHOLE,0.02,4773.139,3,3,4773.139,0.0,0.0,0.0,0.0,238656.95
1689174,IT,IE,SALEM,TEXT2,0.04,4773.084,3,3,4773.084,0.0,0.0,0.0,0.0,119327.1
1753753,IT,CA,FURNI,CEMEN,0.02,4772.994,3,3,4772.994,0.0,0.0,0.0,0.0,238649.7
1727679,IT,RO,RENTI,OILHA,0.03,4772.793,3,3,4772.793,0.0,0.0,0.0,0.0,159093.1
1810206,IT,WM,LEATH,POULT,0.03,4772.751,3,3,4772.751,0.0,0.0,0.0,0.0,159091.7
1806521,IT,WF,FURNI,OILSE,0.02,4772.311,3,3,4772.311,0.0,0.0,0.0,0.0,238615.55
1680635,IT,GR,SALEM,MEMBE,0.04,4772.207,3,3,4772.207,0.0,0.0,0.0,0.0,119305.175
1771120,IT,CH,SANDC,RETA1,0.01,4771.988,4,4,4770.988,0.0,0.0,1.0,0.0,477198.8
1778707,IT,TR,RAILW,PAPER,0.03,4771.949,3,3,4771.949,0.0,0.0,0.0,0.0,159064.966667
1724989,IT,PT,EDUCA,FINAN,0.12,4771.947,3,3,4771.947,0.0,0.0,0.0,0.0,39766.225
1684526,IT,HR,BUSIN,TOBAC,0.05,4771.833,3,3,4771.833,0.0,0.0,0.0,0.0,95436.66
1724056,IT,PT,WHOLE,RUBBE,0.04,4771.713,3,3,4771.713,0.0,0.0,0.0,0.0,119292.825
1676254,IT,FR,SALEM,MEATC,0.04,4771.409,3,3,4771.409,0.0,0.0,0.0,0.0,119285.225
1799508,IT,WE,PAPER,INSUR,0.02,4771.081,3,3,4771.081,0.0,0.0,0.0,0.0,238554.05
1652366,IT,CZ,TEXTI,CEREA,0.03,4770.718,3,3,4770.718,0.0,0.0,0.0,0.0,159023.933333
1662201,IT,DK,GLASS,CROPS,0.01,4770.621,3,3,4770.621,0.0,0.0,0.0,0.0,477062.1
1741284,IT,US,PAPER,NFERT,0.02,4770.62,3,3,4770.62,0.0,0.0,0.0,0.0,238531.0
1669899,IT,ES,PUBLI,POSTT,0.08,4770.616,3,3,4770.616,0.0,0.0,0.0,0.0,59632.7
1713973,IT,MT,WHOLE,WEARI,0.04,4770.41,3,3,4770.41,0.0,0.0,0.0,0.0,119260.25
1792508,IT,WA,REALE,CHEM1,0.2,4770.405,3,3,4770.405,0.0,0.0,0.0,0.0,23852.025
1796307,IT,WL,SALEM,NATU1,0.04,4770.318,3,3,4770.318,0.0,0.0,0.0,0.0,119257.95
1686185,IT,HU,GLASS,MOTOR,0.01,4770.257,3,3,4770.257,0.0,0.0,0.0,0.0,477025.7
1794201,IT,WL,PRINT,MACHI,0.05,4770.203,3,3,4770.203,0.0,0.0,0.0,0.0,95404.06
1803281,IT,WF,FORES,WHOLE,0.04,4770.142,4,4,4768.142,0.0,2.0,0.0,0.0,119253.55
1767360,IT,RU,RAILW,RESEA,0.03,4770.058,3,3,4770.058,0.0,0.0,0.0,0.0,159001.933333
1778409,IT,TR,WHOLE,ALUMI,0.04,4769.992,3,3,4769.992,0.0,0.0,0.0,0.0,119249.8
1671385,IT,FI,FABRI,FORES,0.02,4769.896,3,3,4769.896,0.0,0.0,0.0,0.0,238494.8
1656265,IT,DE,WEARI,COMPU,0.04,4769.887,3,3,4769.887,0.0,0.0,0.0,0.0,119247.175
1644420,IT,BE,MEAT1,HEALT,0.02,4769.858,3,3,4769.858,0.0,0.0,0.0,0.0,238492.9
1647957,IT,BE,RENTI,BIODI,0.03,4769.791,3,3,4769.791,0.0,0.0,0.0,0.0,158993.033333
1682378,IT,HR,PULP5,WOODW,0.01,4769.689,3,3,4769.689,0.0,0.0,0.0,0.0,476968.9
1768825,IT,AU,LEATH,NONME,0.03,4769.663,3,3,4769.663,0.0,0.0,0.0,0.0,158988.766667
1778384,IT,TR,RETAI,WASTE,0.04,4768.668,3,3,4768.668,0.0,0.0,0.0,0.0,119216.7
1770356,IT,AU,RAILW,COLLE,0.03,4768.644,3,3,4768.644,0.0,0.0,0.0,0.0,158954.8
1684977,IT,HU,VEGE1,CROPS,0.01,4768.581,3,3,4768.581,0.0,0.0,0.0,0.0,476858.1
1650124,IT,BG,OFFIC,INSUR,0.01,4768.567,3,3,4768.567,0.0,0.0,0.0,0.0,476856.7
1661378,IT,DK,MEAT1,BUSIN,0.02,4768.092,3,3,4768.092,0.0,0.0,0.0,0.0,238404.6
1663772,IT,EE,BEVER,MEATC,0.02,4767.322,3,3,4767.322,0.0,0.0,0.0,0.0,238366.1
1747839,IT,JP,RENTI,VEGET,0.03,4767.32,3,3,4767.32,0.0,0.0,0.0,0.0,158910.666667
1659381,IT,DE,WHOLE,RAWMI,0.04,4767.21,3,3,4767.21,0.0,0.0,0.0,0.0,119180.25
1781256,IT,NO,SANDC,PUBLI,0.01,4767.159,4,4,4766.159,0.0,0.0,1.0,0.0,476715.9
1754638,IT,KR,STONE,NONME,0.02,4766.894,3,3,4766.894,0.0,0.0,0.0,0.0,238344.7
1665684,IT,ES,PULP5,CONST,0.01,4766.685,3,3,4766.685,0.0,0.0,0.0,0.0,476668.5
1643753,IT,AT,SUPPO,EDUCA,0.03,4766.484,3,3,4766.484,0.0,0.0,0.0,0.0,158882.8
1643138,IT,AT,RETA1,GLASS,0.05,4765.329,3,3,4765.329,0.0,0.0,0.0,0.0,95306.58
1640205,IT,AT,WOOLS,LANDT,0.02,4765.3,3,3,4765.3,0.0,0.0,0.0,0.0,238265.0
1724954,IT,PT,PUBLI,FOOD5,0.08,4765.289,3,3,4765.289,0.0,0.0,0.0,0.0,59566.1125
1718135,IT,PL,VEGE1,RUBBE,0.01,4765.287,3,3,4765.287,0.0,0.0,0.0,0.0,476528.7
1806165,IT,WF,FABRI,INLAN,0.02,4765.154,3,3,4765.154,0.0,0.0,0.0,0.0,238257.7
1722241,IT,PL,HEALT,ALUM1,0.02,4764.972,3,3,4764.972,0.0,0.0,0.0,0.0,238248.6
1754672,IT,KR,CHEMI,93197,0.01,4764.922,3,3,4764.922,0.0,0.0,0.0,0.0,476492.2
1746891,IT,JP,MOTO1,ANIMA,0.03,4764.837,3,3,4764.837,0.0,0.0,0.0,0.0,158827.9
1787565,IT,WA,CHEMI,93197,0.01,4764.801,3,3,4764.801,0.0,0.0,0.0,0.0,476480.1
1668250,IT,ES,WHOLE,PLANT,0.04,4764.265,3,3,4764.265,0.0,0.0,0.0,0.0,119106.625
1724733,IT,PT,AUXIL,FINAN,0.09,4764.138,3,3,4764.138,0.0,0.0,0.0,0.0,52934.866667
1711248,IT,LU,MACHI,93197,0.03,4763.655,3,3,4763.655,0.0,0.0,0.0,0.0,158788.5
1743246,IT,US,FURNI,WHEAT,0.02,4763.606,3,3,4763.606,0.0,0.0,0.0,0.0,238180.3
1677196,IT,FR,POSTT,RETAI,0.08,4763.084,3,3,4763.084,0.0,0.0,0.0,0.0,59538.55
1743314,IT,US,FURNI,SEWAG,0.02,4762.902,3,3,4762.902,0.0,0.0,0.0,0.0,238145.1
1736251,IT,SK,RETA1,93197,0.05,4762.87,3,3,4762.87,0.0,0.0,0.0,0.0,95257.4
1647194,IT,BE,LANDT,CATTL,0.03,4762.529,3,3,4762.529,0.0,0.0,0.0,0.0,158750.966667
1753638,IT,CA,OFFIC,MACHI,0.01,4761.935,3,3,4761.935,0.0,0.0,0.0,0.0,476193.5
1791842,IT,WA,LANDT,RADIO,0.03,4761.912,3,3,4761.912,0.0,0.0,0.0,0.0,158730.4
1663937,IT,EE,WOODW,FURNI,0.01,4761.847,3,3,4761.847,0.0,0.0,0.0,0.0,476184.7
1781193,IT,NO,VEGET,WOODW,0.02,4761.725,3,3,4761.725,0.0,0.0,0.0,0.0,238086.25
1682262,IT,HR,LEATH,PLAST,0.03,4761.417,3,3,4761.417,0.0,0.0,0.0,0.0,158713.9
1726897,IT,RO,RETA1,COMPU,0.05,4761.113,3,3,4761.113,0.0,0.0,0.0,0.0,95222.26
1792906,IT,WA,HEALT,PLAST,0.02,4760.819,3,3,4760.819,0.0,0.0,0.0,0.0,238040.95
1640633,IT,AT,BEVER,MACHI,0.02,4760.679,3,3,4760.679,0.0,0.0,0.0,0.0,238033.95
1644860,IT,BE,WEARI,SALEM,0.04,4760.48,3,3,4760.48,0.0,0.0,0.0,0.0,119012.0
1783698,IT,NO,WASTE,WOOD2,0.02,4760.017,3,3,4760.017,0.0,0.0,0.0,0.0,238000.85
1779120,IT,TR,SUPPO,COMPU,0.03,4759.842,3,3,4759.842,0.0,0.0,0.0,0.0,158661.4
1660383,IT,DE,FINAN,RADIO,0.06,4759.609,3,3,4759.609,0.0,0.0,0.0,0.0,79326.816667
1759878,IT,BR,PAPE1,PAPER,0.03,4759.37,3,3,4759.37,0.0,0.0,0.0,0.0,158645.666667
1801882,IT,WE,CONST,NONME,0.03,4758.964,3,3,4758.964,0.0,0.0,0.0,0.0,158632.133333
1718877,IT,PL,PRINT,CROPS,0.05,4758.74,3,3,4758.74,0.0,0.0,0.0,0.0,95174.8
1768592,IT,AU,BEVER,FURNI,0.02,4758.259,3,3,4758.259,0.0,0.0,0.0,0.0,237912.95
1740013,IT,GB,REALE,COMPU,0.2,4758.043,3,3,4758.043,0.0,0.0,0.0,0.0,23790.215
1787567,IT,WA,MEATC,CATTL,0.02,4757.998,3,3,4757.998,0.0,0.0,0.0,0.0,237899.9
1768607,IT,AU,BEVER,COMPU,0.02,4757.974,3,3,4757.974,0.0,0.0,0.0,0.0,237898.7
1655836,IT,DE,VEGE1,ELEC2,0.01,4757.766,3,3,4757.766,0.0,0.0,0.0,0.0,475776.6
1752532,IT,CA,FOOD5,MEDIC,0.02,4757.763,3,3,4757.763,0.0,0.0,0.0,0.0,237888.15
1787460,IT,WA,STONE,TRANS,0.02,4757.743,3,3,4757.743,0.0,0.0,0.0,0.0,237887.15
1688956,IT,IE,FABRI,HEALT,0.02,4757.364,3,3,4757.364,0.0,0.0,0.0,0.0,237868.2
1745704,IT,JP,WEARI,RAWMI,0.04,4757.221,3,3,4757.221,0.0,0.0,0.0,0.0,118930.525
1711303,IT,LU,WHOLE,MEATP,0.04,4756.994,3,3,4756.994,0.0,0.0,0.0,0.0,118924.85
1717681,IT,NL,BUSIN,MEDIC,0.05,4756.661,3,3,4756.661,0.0,0.0,0.0,0.0,95133.22
1756062,IT,KR,FABRI,KERO1,0.02,4756.61,3,3,4756.61,0.0,0.0,0.0,0.0,237830.5
1722554,IT,PT,BEVER,MACHI,0.02,4756.481,3,3,4756.481,0.0,0.0,0.0,0.0,237824.05
1661417,IT,DK,VEGE1,SUPPO,0.01,4756.447,3,3,4756.447,0.0,0.0,0.0,0.0,475644.7
1728405,IT,SE,WEARI,RAWMI,0.04,4756.441,3,3,4756.441,0.0,0.0,0.0,0.0,118911.025
1711255,IT,LU,OFFIC,SUPPO,0.01,4756.306,3,3,4756.306,0.0,0.0,0.0,0.0,475630.6
1716996,IT,NL,LANDT,LEATH,0.03,4756.119,3,3,4756.119,0.0,0.0,0.0,0.0,158537.3
1712019,IT,LV,VEGE1,BEVER,0.01,4755.65,3,3,4755.65,0.0,0.0,0.0,0.0,475565.0
1711321,IT,LU,WHOLE,BRICK,0.04,4755.362,3,3,4755.362,0.0,0.0,0.0,0.0,118884.05
1744531,IT,US,REALE,FOUND,0.2,4754.972,3,3,4754.972,0.0,0.0,0.0,0.0,23774.86
1784372,IT,ID,RUBBE,COMPU,0.02,4754.772,3,3,4754.772,0.0,0.0,0.0,0.0,237738.6
1640466,IT,AT,DAIRY,MEATP,0.02,4754.738,3,3,4754.738,0.0,0.0,0.0,0.0,237736.9
1684884,IT,HU,SANDC,ALUM1,0.01,4754.031,4,4,4753.031,0.0,0.0,1.0,0.0,475403.1
1770649,IT,AU,FINAN,INSUR,0.06,4753.971,3,3,4753.971,0.0,0.0,0.0,0.0,79232.85
1793301,IT,WA,PRIVA,TRANS,1.06,4753.869,3,3,4753.869,0.0,0.0,0.0,0.0,4484.782075
1798346,IT,WE,POULT,FORES,0.01,4753.703,3,3,4753.703,0.0,0.0,0.0,0.0,475370.3
1785377,IT,ZA,WOODW,HEALT,0.01,4753.582,3,3,4753.582,0.0,0.0,0.0,0.0,475358.2
1742726,IT,US,FABRI,VEGE1,0.02,4753.438,3,3,4753.438,0.0,0.0,0.0,0.0,237671.9
1771183,IT,CH,MEAT4,DISTR,0.03,4753.35,3,3,4753.35,0.0,0.0,0.0,0.0,158445.0
1684129,IT,HR,LANDT,CROPS,0.03,4753.126,3,3,4753.126,0.0,0.0,0.0,0.0,158437.533333
1762697,IT,IN,BUSIN,MEATC,0.05,4752.817,3,3,4752.817,0.0,0.0,0.0,0.0,95056.34
1709359,IT,LT,SUGA1,INERT,0.01,4752.765,3,3,4752.765,0.0,0.0,0.0,0.0,475276.5
1770087,IT,AU,WHOLE,PRINT,0.04,4752.469,3,3,4752.469,0.0,0.0,0.0,0.0,118811.725
1795015,IT,WL,ADDIT,CATTL,0.01,4752.338,3,3,4752.338,0.0,0.0,0.0,0.0,475233.8
1724209,IT,PT,HOTEL,AUXIL,0.03,4752.313,3,3,4752.313,0.0,0.0,0.0,0.0,158410.433333
1793632,IT,WL,DAIRY,LEATH,0.02,4752.228,3,3,4752.228,0.0,0.0,0.0,0.0,237611.4
1801040,IT,WE,COPP1,VEGET,0.01,4752.219,3,3,4752.219,0.0,0.0,0.0,0.0,475221.9
1648982,IT,BG,LEATH,CONST,0.03,4752.134,3,3,4752.134,0.0,0.0,0.0,0.0,158404.466667
1687262,IT,HU,WHOLE,BASIC,0.04,4752.115,3,3,4752.115,0.0,0.0,0.0,0.0,118802.875
1722328,IT,PT,FORES,FORES,0.04,4752.019,4,4,4750.019,0.0,2.0,0.0,0.0,118800.475
1664347,IT,EE,FABRI,RADIO,0.02,4751.897,3,3,4751.897,0.0,0.0,0.0,0.0,237594.85
1687409,IT,HU,HOTEL,INLAN,0.03,4751.444,3,3,4751.444,0.0,0.0,0.0,0.0,158381.466667
1814907,IT,WM,PRIVA,FISH5,1.06,4751.418,3,3,4751.418,0.0,0.0,0.0,0.0,4482.469811
1715350,IT,NL,PRINT,WEARI,0.05,4751.303,3,3,4751.303,0.0,0.0,0.0,0.0,95026.06
1652170,IT,CZ,VEGE1,CONST,0.01,4750.837,3,3,4750.837,0.0,0.0,0.0,0.0,475083.7
1797129,IT,WL,POSTT,BIOGA,0.08,4750.707,3,3,4750.707,0.0,0.0,0.0,0.0,59383.8375
1686873,IT,HU,FABRI,TEXT2,0.02,4750.493,3,3,4750.493,0.0,0.0,0.0,0.0,237524.65
1782792,IT,NO,HOTEL,PREC1,0.03,4750.363,3,3,4750.363,0.0,0.0,0.0,0.0,158345.433333
1762093,IT,IN,RETA1,POSTT,0.05,4750.329,3,3,4750.329,0.0,0.0,0.0,0.0,95006.58
1806459,IT,WF,TRANS,NFERT,0.03,4750.229,3,3,4750.229,0.0,0.0,0.0,0.0,158340.966667
1737690,IT,GB,PRINT,RENTI,0.05,4749.95,3,3,4749.95,0.0,0.0,0.0,0.0,94999.0
1656237,IT,DE,WEARI,RAWMI,0.04,4749.883,3,3,4749.883,0.0,0.0,0.0,0.0,118747.075
1644132,IT,AT,INTER,DIST1,0.03,4749.813,3,3,4749.813,0.0,0.0,0.0,0.0,158327.1
1797127,IT,WL,POSTT,CHARC,0.08,4749.646,3,3,4749.646,0.0,0.0,0.0,0.0,59370.575
1745466,IT,JP,FOOD5,FORES,0.02,4749.568,3,3,4749.568,0.0,0.0,0.0,0.0,237478.4
1661327,IT,DK,CHEMI,TRANS,0.01,4749.475,3,3,4749.475,0.0,0.0,0.0,0.0,474947.5
1724239,IT,PT,RAILW,RESEA,0.03,4749.388,3,3,4749.388,0.0,0.0,0.0,0.0,158312.933333
1723241,IT,PT,GLASS,ANIMA,0.01,4748.395,3,3,4748.395,0.0,0.0,0.0,0.0,474839.5
1688485,IT,IE,LEATH,TEXTI,0.03,4748.221,3,3,4748.221,0.0,0.0,0.0,0.0,158274.033333
1756630,IT,KR,LANDT,PADDY,0.03,4748.191,3,3,4748.191,0.0,0.0,0.0,0.0,158273.033333
1669487,IT,ES,AUXIL,CEMEN,0.09,4748.185,3,3,4748.185,0.0,0.0,0.0,0.0,52757.611111
1735235,IT,SK,RUBBE,93197,0.02,4747.979,3,3,4747.979,0.0,0.0,0.0,0.0,237398.95
1797618,IT,WL,FOODW,DISTR,0.04,4747.926,3,3,4747.926,0.0,0.0,0.0,0.0,118698.15
1775490,IT,CH,INTER,BUSIN,0.03,4747.896,3,3,4747.896,0.0,0.0,0.0,0.0,158263.2
1787369,IT,WA,WOOLS,CHARC,0.02,4747.759,3,3,4747.759,0.0,0.0,0.0,0.0,237387.95
1709317,IT,LT,MEATP,OFFIC,0.02,4747.713,3,3,4747.713,0.0,0.0,0.0,0.0,237385.65
1724932,IT,PT,BUSIN,HEALT,0.05,4747.319,3,3,4747.319,0.0,0.0,0.0,0.0,94946.38
1781603,IT,NO,WEARI,SALEM,0.04,4747.14,3,3,4747.14,0.0,0.0,0.0,0.0,118678.5
1725696,IT,RO,PAPER,BLAST,0.02,4747.039,3,3,4747.039,0.0,0.0,0.0,0.0,237351.95
1725128,IT,RO,MEATC,DAIRY,0.02,4746.784,3,3,4746.784,0.0,0.0,0.0,0.0,237339.2
1773660,IT,CH,FURNI,LEATH,0.02,4746.32,3,3,4746.32,0.0,0.0,0.0,0.0,237316.0
1651373,IT,CY,PAPER,RESEA,0.02,4745.904,3,3,4745.904,0.0,0.0,0.0,0.0,237295.2
1713072,IT,MT,VEGE1,PAPE4,0.01,4745.744,3,3,4745.744,0.0,0.0,0.0,0.0,474574.4
1799370,IT,WE,PULP5,SUGA1,0.01,4745.735,3,3,4745.735,0.0,0.0,0.0,0.0,474573.5
1656064,IT,DE,BEVER,CHARC,0.02,4745.658,3,3,4745.658,0.0,0.0,0.0,0.0,237282.9
1663215,IT,DK,LANDT,WASTE,0.03,4745.641,3,3,4745.641,0.0,0.0,0.0,0.0,158188.033333
1776009,IT,TR,TEXTI,MEAT4,0.03,4745.548,3,3,4745.548,0.0,0.0,0.0,0.0,158184.933333
1746420,IT,JP,RUBBE,INSUR,0.02,4745.4,3,3,4745.4,0.0,0.0,0.0,0.0,237270.0
1777141,IT,TR,ADDIT,BUSIN,0.01,4745.184,3,3,4745.184,0.0,0.0,0.0,0.0,474518.4
1658868,IT,DE,TRANS,BASIC,0.03,4745.138,3,3,4745.138,0.0,0.0,0.0,0.0,158171.266667
1752276,IT,CA,STONE,CERAM,0.02,4745.063,3,3,4745.063,0.0,0.0,0.0,0.0,237253.15
1715285,IT,NL,PAPER,LEAD1,0.02,4745.056,3,3,4745.056,0.0,0.0,0.0,0.0,237252.8
1756656,IT,KR,LANDT,HOTEL,0.03,4744.447,3,3,4744.447,0.0,0.0,0.0,0.0,158148.233333
1740391,IT,GB,HEALT,FABRI,0.02,4744.301,3,3,4744.301,0.0,0.0,0.0,0.0,237215.05
1754845,IT,KR,BEVER,STEAM,0.02,4744.176,3,3,4744.176,0.0,0.0,0.0,0.0,237208.8
1669580,IT,ES,REALE,AUXIL,0.2,4743.884,3,3,4743.884,0.0,0.0,0.0,0.0,23719.42
1681770,IT,HR,CHEMI,CROPS,0.01,4743.043,3,3,4743.043,0.0,0.0,0.0,0.0,474304.3
1668047,IT,ES,FURNI,ELEC8,0.02,4743.03,3,3,4743.03,0.0,0.0,0.0,0.0,237151.5
1664519,IT,EE,TRANS,SALEM,0.03,4742.471,3,3,4742.471,0.0,0.0,0.0,0.0,158082.366667
1724656,IT,PT,INSUR,WEARI,0.1,4742.377,3,3,4742.377,0.0,0.0,0.0,0.0,47423.77
1759437,IT,BR,INSUR,REALE,0.1,4742.062,3,3,4742.062,0.0,0.0,0.0,0.0,47420.62
1775090,IT,CH,RENTI,OILHA,0.03,4741.745,3,3,4741.745,0.0,0.0,0.0,0.0,158058.166667
1688208,IT,HU,HEALT,FOOD5,0.02,4741.558,3,3,4741.558,0.0,0.0,0.0,0.0,237077.9
1802089,IT,WE,RETA1,PAPER,0.05,4741.16,3,3,4741.16,0.0,0.0,0.0,0.0,94823.2
1806848,IT,WF,RETA1,SEACO,0.05,4741.116,3,3,4741.116,0.0,0.0,0.0,0.0,94822.32
1767060,IT,RU,FURNI,WEARI,0.02,4741.073,3,3,4741.073,0.0,0.0,0.0,0.0,237053.65
1767734,IT,RU,FINAN,POSTT,0.06,4740.979,3,3,4740.979,0.0,0.0,0.0,0.0,79016.316667
1673078,IT,FR,FOOD5,ELE12,0.02,4740.698,3,3,4740.698,0.0,0.0,0.0,0.0,237034.9
1688558,IT,IE,PRINT,DAIRY,0.05,4740.683,3,3,4740.683,0.0,0.0,0.0,0.0,94813.66
1768317,IT,AU,CHEMI,WOODW,0.01,4740.281,3,3,4740.281,0.0,0.0,0.0,0.0,474028.1
1737455,IT,GB,LEATH,GLASS,0.03,4740.121,3,3,4740.121,0.0,0.0,0.0,0.0,158004.033333
1803250,IT,WF,MEATA,NONFE,0.03,4739.596,3,3,4739.596,0.0,0.0,0.0,0.0,157986.533333
1680673,IT,GR,WHOLE,MACHI,0.04,4739.574,3,3,4739.574,0.0,0.0,0.0,0.0,118489.35
1726791,IT,RO,WHOLE,CEREA,0.04,4739.494,3,3,4739.494,0.0,0.0,0.0,0.0,118487.35
1730080,IT,SE,RETA1,CEMEN,0.05,4739.368,3,3,4739.368,0.0,0.0,0.0,0.0,94787.36
1722884,IT,PT,PRINT,REALE,0.05,4739.351,3,3,4739.351,0.0,0.0,0.0,0.0,94787.02
1803880,IT,WF,WEARI,OILSE,0.04,4739.155,3,3,4739.155,0.0,0.0,0.0,0.0,118478.875
1756268,IT,KR,OFFIC,MOTO1,0.01,4738.987,3,3,4738.987,0.0,0.0,0.0,0.0,473898.7
1748772,IT,CN,TEXTI,CRUDE,0.03,4738.967,3,3,4738.967,0.0,0.0,0.0,0.0,157965.566667
1643802,IT,AT,FINAN,FORES,0.06,4738.824,3,3,4738.824,0.0,0.0,0.0,0.0,78980.4
1765569,IT,RU,LEATH,SALEM,0.03,4737.733,3,3,4737.733,0.0,0.0,0.0,0.0,157924.433333
1739004,IT,GB,SALEM,SALEM,0.04,4737.536,3,3,4737.536,0.0,0.0,0.0,0.0,118438.4
1743386,IT,US,SALEM,DIST1,0.04,4737.436,3,3,4737.436,0.0,0.0,0.0,0.0,118435.9
1773835,IT,CH,ELEC4,TEXT1,0.08,4737.254,3,3,4737.254,0.0,0.0,0.0,0.0,59215.675
1772593,IT,CH,RUBBE,PAPE2,0.02,4737.17,3,3,4737.17,0.0,0.0,0.0,0.0,236858.5
1655055,IT,CZ,COMPU,WOODW,0.05,4736.861,3,3,4736.861,0.0,0.0,0.0,0.0,94737.22
1802455,IT,WE,SUPPO,TEXTI,0.03,4736.836,3,3,4736.836,0.0,0.0,0.0,0.0,157894.533333
1661521,IT,DK,FOOD5,LANDT,0.02,4736.818,3,3,4736.818,0.0,0.0,0.0,0.0,236840.9
1654450,IT,CZ,RETA1,PFERT,0.05,4736.766,3,3,4736.766,0.0,0.0,0.0,0.0,94735.32
1709805,IT,LT,RUBBE,LEAD1,0.02,4736.696,3,3,4736.696,0.0,0.0,0.0,0.0,236834.8
1780587,IT,TW,INSUR,BEVER,0.1,4736.596,3,3,4736.596,0.0,0.0,0.0,0.0,47365.96
1771628,IT,CH,WEARI,CHEMI,0.04,4736.595,3,3,4736.595,0.0,0.0,0.0,0.0,118414.875
1807662,IT,WF,RESEA,93197,0.03,4736.52,3,3,4736.52,0.0,0.0,0.0,0.0,157884.0
1793377,IT,WL,VEGET,WHOLE,0.02,4736.407,3,3,4736.407,0.0,0.0,0.0,0.0,236820.35
1753731,IT,CA,FURNI,MEATA,0.02,4736.394,3,3,4736.394,0.0,0.0,0.0,0.0,236819.7
1741282,IT,US,PAPER,LUBRI,0.02,4736.262,3,3,4736.262,0.0,0.0,0.0,0.0,236813.1
1792159,IT,WA,SUPPO,HEAVY,0.03,4736.203,3,3,4736.203,0.0,0.0,0.0,0.0,157873.433333
1647634,IT,BE,POSTT,MEMBE,0.08,4736.035,3,3,4736.035,0.0,0.0,0.0,0.0,59200.4375
1764418,IT,MX,TRANS,MOTO1,0.03,4736.021,3,3,4736.021,0.0,0.0,0.0,0.0,157867.366667
1731053,IT,SI,VEGET,ANIMA,0.02,4735.814,3,3,4735.814,0.0,0.0,0.0,0.0,236790.7
1779365,IT,TR,INSUR,BUSIN,0.1,4735.623,3,3,4735.623,0.0,0.0,0.0,0.0,47356.23
1661711,IT,DK,WEARI,RENTI,0.04,4735.553,3,3,4735.553,0.0,0.0,0.0,0.0,118388.825
1736799,IT,SK,COMPU,DISTR,0.05,4735.516,3,3,4735.516,0.0,0.0,0.0,0.0,94710.32
1671601,IT,FI,TRANS,REALE,0.03,4735.444,3,3,4735.444,0.0,0.0,0.0,0.0,157848.133333
1781991,IT,NO,RUBBE,PFERT,0.02,4735.149,3,3,4735.149,0.0,0.0,0.0,0.0,236757.45
1776077,IT,TR,WEARI,FOOD5,0.04,4734.944,3,3,4734.944,0.0,0.0,0.0,0.0,118373.6
1743641,IT,US,HOTEL,STEAM,0.03,4734.878,3,3,4734.878,0.0,0.0,0.0,0.0,157829.266667
1713088,IT,MT,SUGA1,FISHF,0.01,4734.69,3,3,4734.69,0.0,0.0,0.0,0.0,473469.0
1647063,IT,BE,HOTEL,SANDC,0.03,4734.642,3,3,4734.642,0.0,0.0,0.0,0.0,157821.4
1668810,IT,ES,LANDT,TEXT2,0.03,4734.552,3,3,4734.552,0.0,0.0,0.0,0.0,157818.4
1781671,IT,NO,LEATH,POSTT,0.03,4734.395,3,3,4734.395,0.0,0.0,0.0,0.0,157813.166667
1728482,IT,SE,LEATH,FOOD3,0.03,4734.063,3,3,4734.063,0.0,0.0,0.0,0.0,157802.1
1801076,IT,WE,COPP1,NONME,0.01,4733.929,3,3,4733.929,0.0,0.0,0.0,0.0,473392.9
1716918,IT,NL,HOTEL,WASTE,0.03,4733.832,3,3,4733.832,0.0,0.0,0.0,0.0,157794.4
1742898,IT,US,MACHI,NONSP,0.03,4733.528,3,3,4733.528,0.0,0.0,0.0,0.0,157784.266667
1781047,IT,TW,PUBLI,CHEMI,0.08,4733.058,3,3,4733.058,0.0,0.0,0.0,0.0,59163.225
1663552,IT,DK,COMPU,LANDT,0.05,4732.855,3,3,4732.855,0.0,0.0,0.0,0.0,94657.1
1663827,IT,EE,TEXTI,FOOD5,0.03,4732.597,3,3,4732.597,0.0,0.0,0.0,0.0,157753.233333
1802735,IT,WE,RESEA,FABRI,0.03,4732.353,3,3,4732.353,0.0,0.0,0.0,0.0,157745.1
1723592,IT,PT,FABRI,BRICK,0.02,4732.284,3,3,4732.284,0.0,0.0,0.0,0.0,236614.2
1663000,IT,DK,HOTEL,KEROS,0.03,4732.031,3,3,4732.031,0.0,0.0,0.0,0.0,157734.366667
1669972,IT,ES,EDUCA,SUPPO,0.12,4731.982,3,3,4731.982,0.0,0.0,0.0,0.0,39433.183333
1725293,IT,RO,BEVER,WEARI,0.02,4731.937,3,3,4731.937,0.0,0.0,0.0,0.0,236596.85
1806313,IT,WF,OFFIC,COPPE,0.01,4731.914,3,3,4731.914,0.0,0.0,0.0,0.0,473191.4
1724051,IT,PT,WHOLE,KEROS,0.04,4731.725,3,3,4731.725,0.0,0.0,0.0,0.0,118293.125
1806547,IT,WF,FURNI,FABRI,0.02,4731.629,3,3,4731.629,0.0,0.0,0.0,0.0,236581.45
1739171,IT,GB,RETA1,KERO1,0.05,4731.317,3,3,4731.317,0.0,0.0,0.0,0.0,94626.34
1773970,IT,CH,SALEM,RAILW,0.04,4731.174,3,3,4731.174,0.0,0.0,0.0,0.0,118279.35
1754659,IT,KR,SANDC,RETA1,0.01,4731.15,4,4,4730.15,0.0,0.0,1.0,0.0,473115.0
1717014,IT,NL,LANDT,PARAF,0.03,4731.018,3,3,4731.018,0.0,0.0,0.0,0.0,157700.6
1814781,IT,WM,WASTE,HEALT,0.01,4730.948,3,3,4730.948,0.0,0.0,0.0,0.0,473094.8
1710240,IT,LT,OFFIC,RECRE,0.01,4730.726,3,3,4730.726,0.0,0.0,0.0,0.0,473072.6
1748165,IT,JP,FOODW,BASIC,0.03,4730.701,3,3,4730.701,0.0,0.0,0.0,0.0,157690.033333
1688137,IT,HU,BUSIN,BIODI,0.05,4730.438,3,3,4730.438,0.0,0.0,0.0,0.0,94608.76
1737621,IT,GB,PAPER,FOUND,0.02,4730.291,3,3,4730.291,0.0,0.0,0.0,0.0,236514.55
1728023,IT,SE,CHEMI,LEADZ,0.01,4729.969,3,3,4729.969,0.0,0.0,0.0,0.0,472996.9
1678351,IT,FR,FOOD4,MACHI,0.03,4729.904,3,3,4729.904,0.0,0.0,0.0,0.0,157663.466667
1727603,IT,RO,REALE,RENTI,0.2,4729.834,3,3,4729.834,0.0,0.0,0.0,0.0,23649.17
1649117,IT,BG,PAPER,ELEC4,0.02,4729.73,3,3,4729.73,0.0,0.0,0.0,0.0,236486.5
1768901,IT,AU,WOODW,ELEC7,0.01,4729.548,3,3,4729.548,0.0,0.0,0.0,0.0,472954.8
1644608,IT,BE,FOOD5,HEAVY,0.02,4729.304,3,3,4729.304,0.0,0.0,0.0,0.0,236465.2
1783511,IT,NO,OILHA,LEAD1,0.03,4729.092,3,3,4729.092,0.0,0.0,0.0,0.0,157636.4
1728043,IT,SE,MEATC,MEATC,0.02,4728.839,3,3,4728.839,0.0,0.0,0.0,0.0,236441.95
1813521,IT,WM,WHOLE,CEREA,0.04,4728.572,3,3,4728.572,0.0,0.0,0.0,0.0,118214.3
1756597,IT,KR,RAILW,KEROS,0.03,4728.568,3,3,4728.568,0.0,0.0,0.0,0.0,157618.933333
1724805,IT,PT,COMPU,CONST,0.05,4728.088,3,3,4728.088,0.0,0.0,0.0,0.0,94561.76
1781628,IT,NO,LEATH,POULT,0.03,4727.861,3,3,4727.861,0.0,0.0,0.0,0.0,157595.366667
1646760,IT,BE,CONST,SALEM,0.03,4727.641,3,3,4727.641,0.0,0.0,0.0,0.0,157588.033333
1725095,IT,RO,FORES,FURNI,0.04,4727.203,4,4,4725.203,0.0,2.0,0.0,0.0,118180.075
1681325,IT,GR,INSUR,CEMEN,0.1,4726.765,3,3,4726.765,0.0,0.0,0.0,0.0,47267.65
1650800,IT,BG,LANDT,MEATA,0.03,4726.387,3,3,4726.387,0.0,0.0,0.0,0.0,157546.233333
1734083,IT,SI,INSUR,MACHI,0.1,4726.332,3,3,4726.332,0.0,0.0,0.0,0.0,47263.32
1734237,IT,SI,RENTI,HEALT,0.03,4725.965,3,3,4725.965,0.0,0.0,0.0,0.0,157532.166667
1754789,IT,KR,FOOD5,PROCE,0.02,4725.787,3,3,4725.787,0.0,0.0,0.0,0.0,236289.35
1767317,IT,RU,HOTEL,AUXIL,0.03,4725.696,3,3,4725.696,0.0,0.0,0.0,0.0,157523.2
1798317,IT,WE,CROPS,NONF1,0.04,4725.686,3,3,4725.686,0.0,0.0,0.0,0.0,118142.15
1808020,IT,WF,INTER,SUGA1,0.03,4725.674,3,3,4725.674,0.0,0.0,0.0,0.0,157522.466667
1797371,IT,WL,RENTI,PLAST,0.03,4725.508,3,3,4725.508,0.0,0.0,0.0,0.0,157516.933333
1780460,IT,TW,POSTT,CHEMI,0.08,4725.374,3,3,4725.374,0.0,0.0,0.0,0.0,59067.175
1769323,IT,AU,GLASS,PROCE,0.01,4725.227,3,3,4725.227,0.0,0.0,0.0,0.0,472522.7
1775151,IT,CH,COMPU,93197,0.05,4724.807,3,3,4724.807,0.0,0.0,0.0,0.0,94496.14
1661339,IT,DK,MEATC,SUGA1,0.02,4724.653,3,3,4724.653,0.0,0.0,0.0,0.0,236232.65
1760718,IT,IN,PAPER,SALEM,0.02,4724.444,3,3,4724.444,0.0,0.0,0.0,0.0,236222.2
1808155,IT,WF,OILHA,NATUR,0.03,4724.417,3,3,4724.417,0.0,0.0,0.0,0.0,157480.566667
1783838,IT,NO,TEXT2,CRUDE,0.03,4724.102,3,3,4724.102,0.0,0.0,0.0,0.0,157470.066667
1814317,IT,WM,FINAN,PRINT,0.06,4724.045,3,3,4724.045,0.0,0.0,0.0,0.0,78734.083333
1665456,IT,ES,WEARI,MEATP,0.04,4723.971,3,3,4723.971,0.0,0.0,0.0,0.0,118099.275
1781205,IT,NO,VEGET,FURNI,0.02,4723.903,3,3,4723.903,0.0,0.0,0.0,0.0,236195.15
1709389,IT,LT,BEVER,DAIRY,0.02,4723.758,3,3,4723.758,0.0,0.0,0.0,0.0,236187.9
1756612,IT,KR,RAILW,RADIO,0.03,4723.67,3,3,4723.67,0.0,0.0,0.0,0.0,157455.666667
1767596,IT,RU,SUPPO,CHEM1,0.03,4723.219,3,3,4723.219,0.0,0.0,0.0,0.0,157440.633333
1667553,IT,ES,FABRI,RAILW,0.02,4723.209,3,3,4723.209,0.0,0.0,0.0,0.0,236160.45
1727303,IT,RO,POSTT,MOTOR,0.08,4723.105,3,3,4723.105,0.0,0.0,0.0,0.0,59038.8125
1678230,IT,FR,OILHA,WOOD1,0.03,4722.99,3,3,4722.99,0.0,0.0,0.0,0.0,157433.0
1771450,IT,CH,BEVER,WEARI,0.02,4722.907,3,3,4722.907,0.0,0.0,0.0,0.0,236145.35
1665675,IT,ES,PULP5,LUBRI,0.01,4722.859,3,3,4722.859,0.0,0.0,0.0,0.0,472285.9
1806536,IT,WF,FURNI,CHEMI,0.02,4722.804,3,3,4722.804,0.0,0.0,0.0,0.0,236140.2
1717548,IT,NL,RENTI,AUXIL,0.03,4722.586,3,3,4722.586,0.0,0.0,0.0,0.0,157419.533333
1669594,IT,ES,RENTI,COPPE,0.03,4722.518,3,3,4722.518,0.0,0.0,0.0,0.0,157417.266667
1765471,IT,RU,WEARI,POULT,0.04,4722.216,3,3,4722.216,0.0,0.0,0.0,0.0,118055.4
1806374,IT,WF,MOTO1,GASDI,0.03,4722.178,3,3,4722.178,0.0,0.0,0.0,0.0,157405.933333
1718180,IT,PL,DAIRY,NFERT,0.02,4722.066,3,3,4722.066,0.0,0.0,0.0,0.0,236103.3
1671826,IT,FI,RETA1,FABRI,0.05,4721.932,3,3,4721.932,0.0,0.0,0.0,0.0,94438.64
1646833,IT,BE,RETAI,SANDC,0.04,4721.853,3,3,4721.853,0.0,0.0,0.0,0.0,118046.325
1684644,IT,HR,PAPE4,HOTEL,0.03,4721.852,3,3,4721.852,0.0,0.0,0.0,0.0,157395.066667
1717493,IT,NL,REALE,TRANS,0.2,4721.703,3,3,4721.703,0.0,0.0,0.0,0.0,23608.515
1712662,IT,LV,CONST,DAIRY,0.03,4720.262,3,3,4720.262,0.0,0.0,0.0,0.0,157342.066667
1774391,IT,CH,HOTEL,PAPE2,0.03,4720.041,3,3,4720.041,0.0,0.0,0.0,0.0,157334.7
1735230,IT,SK,RUBBE,WASTE,0.02,4719.513,3,3,4719.513,0.0,0.0,0.0,0.0,235975.65
1723896,IT,PT,FURNI,BASIC,0.02,4719.491,3,3,4719.491,0.0,0.0,0.0,0.0,235974.55
1793083,IT,WA,INERT,NONF1,0.03,4719.351,3,3,4719.351,0.0,0.0,0.0,0.0,157311.7
1773833,IT,CH,ELEC4,PLAS1,0.08,4719.189,3,3,4719.189,0.0,0.0,0.0,0.0,58989.8625
1792627,IT,WA,RESEA,PADDY,0.03,4718.999,3,3,4718.999,0.0,0.0,0.0,0.0,157299.966667
1717816,IT,NL,FOOD2,SEWAG,0.03,4718.878,3,3,4718.878,0.0,0.0,0.0,0.0,157295.933333
1682273,IT,HR,LEATH,MACHI,0.03,4718.613,3,3,4718.613,0.0,0.0,0.0,0.0,157287.1
1670047,IT,ES,FOOD1,TEXT2,0.02,4718.217,3,3,4718.217,0.0,0.0,0.0,0.0,235910.85
1689098,IT,IE,FURNI,EDUCA,0.02,4718.161,3,3,4718.161,0.0,0.0,0.0,0.0,235908.05
1808751,IT,WF,TEXT2,RECRE,0.03,4718.07,3,3,4718.07,0.0,0.0,0.0,0.0,157269.0
1778660,IT,TR,HOTEL,COLLE,0.03,4718.048,3,3,4718.048,0.0,0.0,0.0,0.0,157268.266667
1664308,IT,EE,COPP1,MOTO1,0.01,4717.966,3,3,4717.966,0.0,0.0,0.0,0.0,471796.6
1776365,IT,TR,PRINT,MEAT1,0.05,4717.866,3,3,4717.866,0.0,0.0,0.0,0.0,94357.32
1806012,IT,WF,COPP1,CERAM,0.01,4717.849,3,3,4717.849,0.0,0.0,0.0,0.0,471784.9
1761334,IT,IN,GLASS,CHARC,0.01,4717.715,3,3,4717.715,0.0,0.0,0.0,0.0,471771.5
1688526,IT,IE,PAPER,FOOD5,0.02,4717.575,3,3,4717.575,0.0,0.0,0.0,0.0,235878.75
1744070,IT,US,SUPPO,WHEAT,0.03,4717.567,3,3,4717.567,0.0,0.0,0.0,0.0,157252.233333
1659210,IT,DE,CONST,WOOD1,0.03,4717.235,3,3,4717.235,0.0,0.0,0.0,0.0,157241.166667
1715937,IT,NL,GLASS,DISTR,0.01,4717.196,3,3,4717.196,0.0,0.0,0.0,0.0,471719.6
1652695,IT,CZ,PAPER,VEGE1,0.02,4716.882,3,3,4716.882,0.0,0.0,0.0,0.0,235844.1
1660525,IT,DE,INSUR,POSTT,0.1,4716.577,3,3,4716.577,0.0,0.0,0.0,0.0,47165.77
1779613,IT,TR,COMPU,BUSIN,0.05,4715.987,3,3,4715.987,0.0,0.0,0.0,0.0,94319.74
1677429,IT,FR,INSUR,INLAN,0.1,4715.905,3,3,4715.905,0.0,0.0,0.0,0.0,47159.05
1756463,IT,KR,CONST,LANDT,0.03,4715.858,3,3,4715.858,0.0,0.0,0.0,0.0,157195.266667
1799042,IT,WE,TEXTI,COPP1,0.03,4715.734,3,3,4715.734,0.0,0.0,0.0,0.0,157191.133333
1731385,IT,SI,FOOD5,SANDC,0.02,4715.696,3,3,4715.696,0.0,0.0,0.0,0.0,235784.8
1671679,IT,FI,CONST,RESEA,0.03,4715.412,3,3,4715.412,0.0,0.0,0.0,0.0,157180.4
1726855,IT,RO,RETA1,NATUR,0.05,4715.142,3,3,4715.142,0.0,0.0,0.0,0.0,94302.84
1713212,IT,MT,WOODW,MEAT4,0.01,4715.066,3,3,4715.066,0.0,0.0,0.0,0.0,471506.6
1808067,IT,WF,TEXT1,WEARI,0.04,4714.992,3,3,4714.992,0.0,0.0,0.0,0.0,117874.8
1711799,IT,LU,PUBLI,SUPPO,0.08,4714.988,3,3,4714.988,0.0,0.0,0.0,0.0,58937.35
1714656,IT,NL,MEAT4,SUGA1,0.03,4714.978,3,3,4714.978,0.0,0.0,0.0,0.0,157165.933333
1725387,IT,RO,TEXTI,BIOGA,0.03,4714.923,3,3,4714.923,0.0,0.0,0.0,0.0,157164.1
1760738,IT,IN,PAPER,MEMBE,0.02,4714.57,3,3,4714.57,0.0,0.0,0.0,0.0,235728.5
1811822,IT,WM,RUBBE,PADDY,0.02,4714.253,3,3,4714.253,0.0,0.0,0.0,0.0,235712.65
1771526,IT,CH,TEXTI,CATTL,0.03,4714.219,3,3,4714.219,0.0,0.0,0.0,0.0,157140.633333
1804001,IT,WF,LEATH,AIRTR,0.03,4714.193,3,3,4714.193,0.0,0.0,0.0,0.0,157139.766667
1715085,IT,NL,WEARI,NONF1,0.04,4714.173,3,3,4714.173,0.0,0.0,0.0,0.0,117854.325
1740101,IT,GB,COMPU,LEATH,0.05,4713.962,3,3,4713.962,0.0,0.0,0.0,0.0,94279.24
1758780,IT,BR,RETA1,PLAST,0.05,4713.75,3,3,4713.75,0.0,0.0,0.0,0.0,94275.0
1656616,IT,DE,PRINT,ELEC7,0.05,4713.739,3,3,4713.739,0.0,0.0,0.0,0.0,94274.78
1731527,IT,SI,FISH5,SUPPO,0.02,4713.633,4,4,4713.631,0.0,0.0,0.0,0.002,235681.65
1782768,IT,NO,HOTEL,FISH5,0.03,4713.554,3,3,4713.554,0.0,0.0,0.0,0.0,157118.466667
1760686,IT,IN,PAPER,CHARC,0.02,4713.372,3,3,4713.372,0.0,0.0,0.0,0.0,235668.6
1810299,IT,WM,LEATH,FOOD3,0.03,4712.971,3,3,4712.971,0.0,0.0,0.0,0.0,157099.033333
1728067,IT,SE,MEATP,HEALT,0.02,4712.824,3,3,4712.824,0.0,0.0,0.0,0.0,235641.2
1730354,IT,SE,SUPPO,RETAI,0.03,4712.489,3,3,4712.489,0.0,0.0,0.0,0.0,157082.966667
1690338,IT,IE,FOOD2,FOOD4,0.03,4712.441,3,3,4712.441,0.0,0.0,0.0,0.0,157081.366667
1709861,IT,LT,GLASS,ELECT,0.01,4712.41,3,3,4712.41,0.0,0.0,0.0,0.0,471241.0
1654371,IT,CZ,ELE11,WOODW,0.07,4712.407,4,4,4712.405,0.0,0.0,0.0,0.002,67320.1
1663087,IT,DK,RAILW,RUBBE,0.03,4712.316,3,3,4712.316,0.0,0.0,0.0,0.0,157077.2
1711987,IT,LV,VEGET,HOTEL,0.02,4712.193,3,3,4712.193,0.0,0.0,0.0,0.0,235609.65
1778525,IT,TR,RETA1,LEATH,0.05,4711.593,3,3,4711.593,0.0,0.0,0.0,0.0,94231.86
1762362,IT,IN,POSTT,VEGET,0.08,4711.548,3,3,4711.548,0.0,0.0,0.0,0.0,58894.35
1748763,IT,CN,FISH5,FISH5,0.02,4711.514,4,4,4711.512,0.0,0.0,0.0,0.002,235575.7
1762475,IT,IN,FINAN,RETA1,0.06,4711.485,3,3,4711.485,0.0,0.0,0.0,0.0,78524.75
1814745,IT,WM,FOOD2,VEGET,0.03,4711.425,3,3,4711.425,0.0,0.0,0.0,0.0,157047.5
1716591,IT,NL,SALEM,PREC1,0.04,4711.246,3,3,4711.246,0.0,0.0,0.0,0.0,117781.15
1665725,IT,ES,PAPER,LIQUE,0.02,4711.178,3,3,4711.178,0.0,0.0,0.0,0.0,235558.9
1776262,IT,TR,PULP5,RENTI,0.01,4711.098,3,3,4711.098,0.0,0.0,0.0,0.0,471109.8
1775914,IT,TR,FOOD5,CRUDE,0.02,4711.013,3,3,4711.013,0.0,0.0,0.0,0.0,235550.65
1713111,IT,MT,FOOD5,CONST,0.02,4711.004,3,3,4711.004,0.0,0.0,0.0,0.0,235550.2
1709503,IT,LT,WEARI,PUBLI,0.04,4710.997,3,3,4710.997,0.0,0.0,0.0,0.0,117774.925
1723639,IT,PT,FABRI,FOODW,0.02,4710.802,3,3,4710.802,0.0,0.0,0.0,0.0,235540.1
1648511,IT,BG,CROPS,BEVER,0.04,4710.543,3,3,4710.543,0.0,0.0,0.0,0.0,117763.575
1690198,IT,IE,BUSIN,ALUM1,0.05,4709.721,3,3,4709.721,0.0,0.0,0.0,0.0,94194.42
1689491,IT,IE,HOTEL,WOOD2,0.03,4709.616,3,3,4709.616,0.0,0.0,0.0,0.0,156987.2
1665694,IT,ES,PAPER,CEREA,0.02,4709.169,3,3,4709.169,0.0,0.0,0.0,0.0,235458.45
1717394,IT,NL,INSUR,PRINT,0.1,4709.094,3,3,4709.094,0.0,0.0,0.0,0.0,47090.94
1644372,IT,BE,CHEMI,SUPPO,0.01,4709.04,3,3,4709.04,0.0,0.0,0.0,0.0,470904.0
1797947,IT,WL,FOOD4,LANDT,0.03,4709.013,3,3,4709.013,0.0,0.0,0.0,0.0,156967.1
1663621,IT,DK,BUSIN,BASIC,0.05,4708.968,3,3,4708.968,0.0,0.0,0.0,0.0,94179.36
1793397,IT,WL,CROPS,CRUDE,0.04,4708.73,3,3,4708.73,0.0,0.0,0.0,0.0,117718.25
1680800,IT,GR,RAILW,BEVER,0.03,4708.207,3,3,4708.207,0.0,0.0,0.0,0.0,156940.233333
1778712,IT,TR,RAILW,GASDI,0.03,4708.18,3,3,4708.18,0.0,0.0,0.0,0.0,156939.333333
1808098,IT,WF,WOOD1,MEATA,0.03,4708.07,3,3,4708.07,0.0,0.0,0.0,0.0,156935.666667
1737411,IT,GB,TEXTI,RENTI,0.03,4708.011,3,3,4708.011,0.0,0.0,0.0,0.0,156933.7
1766722,IT,RU,MACHI,PLANT,0.03,4708.007,3,3,4708.007,0.0,0.0,0.0,0.0,156933.566667
1797445,IT,WL,COMPU,MEMBE,0.05,4707.669,3,3,4707.669,0.0,0.0,0.0,0.0,94153.38
1670793,IT,FI,PRINT,RETA1,0.05,4707.631,3,3,4707.631,0.0,0.0,0.0,0.0,94152.62
1771225,IT,CH,VEGE1,KEROS,0.01,4707.587,3,3,4707.587,0.0,0.0,0.0,0.0,470758.7
1747965,IT,JP,RESEA,ELE12,0.03,4707.354,3,3,4707.354,0.0,0.0,0.0,0.0,156911.8
1748393,IT,CN,CROPS,PAPER,0.04,4707.24,3,3,4707.24,0.0,0.0,0.0,0.0,117681.0
1740108,IT,GB,COMPU,GASDI,0.05,4707.189,3,3,4707.189,0.0,0.0,0.0,0.0,94143.78
1643791,IT,AT,POSTT,PUBLI,0.08,4707.144,3,3,4707.144,0.0,0.0,0.0,0.0,58839.3
1734108,IT,SI,INSUR,BUSIN,0.1,4706.336,3,3,4706.336,0.0,0.0,0.0,0.0,47063.36
1663801,IT,EE,BEVER,SUPPO,0.02,4706.006,3,3,4706.006,0.0,0.0,0.0,0.0,235300.3
1650110,IT,BG,OFFIC,ELEC4,0.01,4705.805,3,3,4705.805,0.0,0.0,0.0,0.0,470580.5
1744304,IT,US,FINAN,WOODW,0.06,4705.217,3,3,4705.217,0.0,0.0,0.0,0.0,78420.283333
1720911,IT,PL,SALEM,RETA1,0.04,4705.115,3,3,4705.115,0.0,0.0,0.0,0.0,117627.875
1744708,IT,US,COMPU,FINAN,0.05,4705.11,3,3,4705.11,0.0,0.0,0.0,0.0,94102.2
1781196,IT,NO,VEGET,CHEM1,0.02,4705.051,3,3,4705.051,0.0,0.0,0.0,0.0,235252.55
1742083,IT,US,RUBBE,NFERT,0.02,4704.869,3,3,4704.869,0.0,0.0,0.0,0.0,235243.45
1655394,IT,DE,CROPS,RETA1,0.04,4704.677,3,3,4704.677,0.0,0.0,0.0,0.0,117616.925
1714976,IT,NL,FISH5,COMPU,0.02,4704.603,4,4,4704.601,0.0,0.0,0.0,0.002,235230.15
1678421,IT,FR,INERT,RENTI,0.03,4704.344,3,3,4704.344,0.0,0.0,0.0,0.0,156811.466667
1797882,IT,WL,FOOD3,HEALT,0.01,4704.314,3,3,4704.314,0.0,0.0,0.0,0.0,470431.4
1793972,IT,WL,WOODW,TEXTI,0.01,4704.167,3,3,4704.167,0.0,0.0,0.0,0.0,470416.7
1720824,IT,PL,FURNI,ALUM1,0.02,4703.992,3,3,4703.992,0.0,0.0,0.0,0.0,235199.6
1760061,IT,BR,OILHA,MACHI,0.03,4703.831,3,3,4703.831,0.0,0.0,0.0,0.0,156794.366667
1731275,IT,SI,MEAT1,HOTEL,0.02,4703.806,3,3,4703.806,0.0,0.0,0.0,0.0,235190.3
1679189,IT,GR,PRINT,POSTT,0.05,4703.627,3,3,4703.627,0.0,0.0,0.0,0.0,94072.54
1689515,IT,IE,LANDT,COMPU,0.03,4703.477,3,3,4703.477,0.0,0.0,0.0,0.0,156782.566667
1649933,IT,BG,FABRI,BRICK,0.02,4703.402,3,3,4703.402,0.0,0.0,0.0,0.0,235170.1
1709300,IT,LT,VEGET,CONST,0.02,4703.255,3,3,4703.255,0.0,0.0,0.0,0.0,235162.75
1730008,IT,SE,SALEM,REALE,0.04,4703.229,3,3,4703.229,0.0,0.0,0.0,0.0,117580.725
1730949,IT,SE,INTER,PLAS1,0.03,4703.152,3,3,4703.152,0.0,0.0,0.0,0.0,156771.733333
1748520,IT,CN,CHEMI,RUBBE,0.01,4703.017,3,3,4703.017,0.0,0.0,0.0,0.0,470301.7
1776274,IT,TR,PAPER,COPPE,0.02,4702.965,3,3,4702.965,0.0,0.0,0.0,0.0,235148.25
1797494,IT,WL,BUSIN,MEAT1,0.05,4702.737,3,3,4702.737,0.0,0.0,0.0,0.0,94054.74
1670293,IT,FI,CHEMI,FISHF,0.01,4702.553,3,3,4702.553,0.0,0.0,0.0,0.0,470255.3
1777878,IT,TR,MACHI,CEREA,0.03,4702.52,3,3,4702.52,0.0,0.0,0.0,0.0,156750.666667
1717643,IT,NL,BUSIN,LEATH,0.05,4702.37,3,3,4702.37,0.0,0.0,0.0,0.0,94047.4
1771139,IT,CH,MEATC,WHOLE,0.02,4702.299,3,3,4702.299,0.0,0.0,0.0,0.0,235114.95
1725447,IT,RO,WEARI,CROPS,0.04,4702.131,3,3,4702.131,0.0,0.0,0.0,0.0,117553.275
1689250,IT,IE,WHOLE,GASDI,0.04,4702.116,3,3,4702.116,0.0,0.0,0.0,0.0,117552.9
1781515,IT,NO,TEXTI,PAPER,0.03,4701.822,3,3,4701.822,0.0,0.0,0.0,0.0,156727.4
1749763,IT,CN,ADDIT,BIOGA,0.01,4700.953,3,3,4700.953,0.0,0.0,0.0,0.0,470095.3
1798506,IT,WE,STONE,MEATA,0.02,4700.876,3,3,4700.876,0.0,0.0,0.0,0.0,235043.8
1682491,IT,HR,PRINT,FABRI,0.05,4700.557,3,3,4700.557,0.0,0.0,0.0,0.0,94011.14
1656332,IT,DE,WOODW,CROPS,0.01,4700.556,3,3,4700.556,0.0,0.0,0.0,0.0,470055.6
1683774,IT,HR,MACHI,RENTI,0.03,4700.434,3,3,4700.434,0.0,0.0,0.0,0.0,156681.133333
1756996,IT,KR,COMPU,RECRE,0.05,4700.309,3,3,4700.309,0.0,0.0,0.0,0.0,94006.18
1644647,IT,BE,FOOD5,OILHA,0.02,4700.238,3,3,4700.238,0.0,0.0,0.0,0.0,235011.9
1687967,IT,HU,RENTI,GLASS,0.03,4700.202,3,3,4700.202,0.0,0.0,0.0,0.0,156673.4
1655663,IT,DE,CHEMI,REFI1,0.01,4699.95,3,3,4699.95,0.0,0.0,0.0,0.0,469995.0
1745978,IT,JP,WOODW,RAILW,0.01,4699.822,3,3,4699.822,0.0,0.0,0.0,0.0,469982.2
1762644,IT,IN,COMPU,TRAN1,0.05,4699.464,3,3,4699.464,0.0,0.0,0.0,0.0,93989.28
1757478,IT,BR,PAPER,ELEC4,0.02,4699.313,3,3,4699.313,0.0,0.0,0.0,0.0,234965.65
1681147,IT,GR,POSTT,DAIRY,0.08,4699.29,3,3,4699.29,0.0,0.0,0.0,0.0,58741.125
1787647,IT,WA,MEAT4,CONST,0.03,4698.626,3,3,4698.626,0.0,0.0,0.0,0.0,156620.866667
1666677,IT,ES,ADDIT,93197,0.01,4698.13,3,3,4698.13,0.0,0.0,0.0,0.0,469813.0
1811908,IT,WM,RUBBE,COKE1,0.02,4698.044,3,3,4698.044,0.0,0.0,0.0,0.0,234902.2
1733155,IT,SI,FABRI,INSUR,0.02,4697.914,3,3,4697.914,0.0,0.0,0.0,0.0,234895.7
1760587,IT,IN,WOODW,PLAST,0.01,4697.575,3,3,4697.575,0.0,0.0,0.0,0.0,469757.5
1734801,IT,SK,WOODW,WASTE,0.01,4697.374,3,3,4697.374,0.0,0.0,0.0,0.0,469737.4
1722283,IT,PL,93197,HOTEL,0.03,4697.331,3,3,4697.331,0.0,0.0,0.0,0.0,156577.7
1810365,IT,WM,WOODW,RETAI,0.01,4697.121,3,3,4697.121,0.0,0.0,0.0,0.0,469712.1
1676183,IT,FR,CONST,COPP1,0.03,4696.711,3,3,4696.711,0.0,0.0,0.0,0.0,156557.033333
1785284,IT,ZA,WEARI,DISTR,0.04,4696.605,3,3,4696.605,0.0,0.0,0.0,0.0,117415.125
1640514,IT,AT,SUGA1,PLAST,0.01,4696.207,3,3,4696.207,0.0,0.0,0.0,0.0,469620.7
1734393,IT,SK,VEGET,MEAT4,0.02,4695.866,3,3,4695.866,0.0,0.0,0.0,0.0,234793.3
1779724,IT,TR,BUSIN,BEVER,0.05,4695.639,3,3,4695.639,0.0,0.0,0.0,0.0,93912.78
1657426,IT,DE,RUBBE,ADDIT,0.02,4695.55,3,3,4695.55,0.0,0.0,0.0,0.0,234777.5
1756453,IT,KR,CONST,ELEC2,0.03,4695.395,3,3,4695.395,0.0,0.0,0.0,0.0,156513.166667
1768328,IT,AU,CHEMI,FURNI,0.01,4694.625,3,3,4694.625,0.0,0.0,0.0,0.0,469462.5
1682241,IT,HR,WEARI,MEMBE,0.04,4694.138,3,3,4694.138,0.0,0.0,0.0,0.0,117353.45
1682344,IT,HR,WOODW,COPP1,0.01,4694.133,3,3,4694.133,0.0,0.0,0.0,0.0,469413.3
1642729,IT,AT,MACHI,NAPHT,0.03,4693.824,3,3,4693.824,0.0,0.0,0.0,0.0,156460.8
1795582,IT,WL,COPP1,RESEA,0.01,4693.744,3,3,4693.744,0.0,0.0,0.0,0.0,469374.4
1655877,IT,DE,DAIRY,BIODI,0.02,4693.238,3,3,4693.238,0.0,0.0,0.0,0.0,234661.9
1746339,IT,JP,ADDIT,ELECT,0.01,4693.064,3,3,4693.064,0.0,0.0,0.0,0.0,469306.4
1644287,IT,BE,MEATA,RUBBE,0.03,4692.958,3,3,4692.958,0.0,0.0,0.0,0.0,156431.933333
1753816,IT,CA,WHOLE,WOODW,0.04,4692.916,3,3,4692.916,0.0,0.0,0.0,0.0,117322.9
1776161,IT,TR,LEATH,RETAI,0.03,4692.475,3,3,4692.475,0.0,0.0,0.0,0.0,156415.833333
1644541,IT,BE,PROCE,PROCE,0.03,4692.181,3,3,4692.181,0.0,0.0,0.0,0.0,156406.033333
1710768,IT,LU,TEXTI,WHOLE,0.03,4691.833,3,3,4691.833,0.0,0.0,0.0,0.0,156394.433333
1814747,IT,WM,FOOD2,NATUR,0.03,4691.77,3,3,4691.77,0.0,0.0,0.0,0.0,156392.333333
1797899,IT,WL,WASTE,DISTR,0.01,4691.197,3,3,4691.197,0.0,0.0,0.0,0.0,469119.7
1768514,IT,AU,FOOD5,LIQUE,0.02,4691.103,3,3,4691.103,0.0,0.0,0.0,0.0,234555.15
1760041,IT,BR,WOOD1,BUSIN,0.03,4691.01,3,3,4691.01,0.0,0.0,0.0,0.0,156367.0
1721665,IT,PL,FINAN,DAIRY,0.06,4690.954,3,3,4690.954,0.0,0.0,0.0,0.0,78182.566667
1776098,IT,TR,WEARI,POSTT,0.04,4690.916,3,3,4690.916,0.0,0.0,0.0,0.0,117272.9
1709563,IT,LT,WOODW,RENTI,0.01,4690.847,3,3,4690.847,0.0,0.0,0.0,0.0,469084.7
1782522,IT,NO,OFFIC,DISTR,0.01,4690.786,3,3,4690.786,0.0,0.0,0.0,0.0,469078.6
1669122,IT,ES,POSTT,COPPE,0.08,4690.672,3,3,4690.672,0.0,0.0,0.0,0.0,58633.4
1748288,IT,JP,MEMBE,SUPPO,0.05,4690.402,3,3,4690.402,0.0,0.0,0.0,0.0,93808.04
1686189,IT,HU,GLASS,ADDIT,0.01,4690.335,3,3,4690.335,0.0,0.0,0.0,0.0,469033.5
1813503,IT,WM,RETAI,PROCE,0.04,4690.133,3,3,4690.133,0.0,0.0,0.0,0.0,117253.325
1653311,IT,CZ,GLASS,MEATC,0.01,4689.939,3,3,4689.939,0.0,0.0,0.0,0.0,468993.9
1804093,IT,WF,PAPER,POULT,0.02,4689.904,3,3,4689.904,0.0,0.0,0.0,0.0,234495.2
1689947,IT,IE,REALE,NATUR,0.2,4689.765,3,3,4689.765,0.0,0.0,0.0,0.0,23448.825
1773104,IT,CH,COPP1,FOOD5,0.01,4689.692,3,3,4689.692,0.0,0.0,0.0,0.0,468969.2
1783721,IT,NO,FOOD4,SUPPO,0.03,4689.411,3,3,4689.411,0.0,0.0,0.0,0.0,156313.7
1765224,IT,RU,CROPS,POULT,0.04,4689.388,3,3,4689.388,0.0,0.0,0.0,0.0,117234.7
1791664,IT,WA,HOTEL,ELECT,0.03,4689.195,3,3,4689.195,0.0,0.0,0.0,0.0,156306.5
1733525,IT,SI,WHOLE,AUXIL,0.04,4689.17,3,3,4689.17,0.0,0.0,0.0,0.0,117229.25
1787938,IT,WA,FISH5,PADDY,0.02,4689.048,4,4,4689.046,0.0,0.0,0.0,0.002,234452.4
1668007,IT,ES,FURNI,MEATA,0.01,4688.246,3,3,4688.246,0.0,0.0,0.0,0.0,468824.6
1657573,IT,DE,GLASS,NONF1,0.01,4687.897,3,3,4687.897,0.0,0.0,0.0,0.0,468789.7
1665280,IT,ES,BEVER,FABRI,0.02,4687.121,3,3,4687.121,0.0,0.0,0.0,0.0,234356.05
1775228,IT,CH,RESEA,WOOD1,0.03,4687.05,3,3,4687.05,0.0,0.0,0.0,0.0,156235.0
1751536,IT,CN,SUPPO,EDUCA,0.03,4687.041,3,3,4687.041,0.0,0.0,0.0,0.0,156234.7
1681329,IT,GR,INSUR,COPP1,0.1,4686.96,3,3,4686.96,0.0,0.0,0.0,0.0,46869.6
1752751,IT,CA,WOODW,STONE,0.01,4686.795,3,3,4686.795,0.0,0.0,0.0,0.0,468679.5
1678371,IT,FR,FOOD4,RECRE,0.03,4686.704,3,3,4686.704,0.0,0.0,0.0,0.0,156223.466667
1749167,IT,CN,PULP5,HEAVY,0.01,4686.603,3,3,4686.603,0.0,0.0,0.0,0.0,468660.3
1797838,IT,WL,FOOD2,FURNI,0.03,4686.452,3,3,4686.452,0.0,0.0,0.0,0.0,156215.066667
1716466,IT,NL,OFFIC,NAPHT,0.01,4686.411,3,3,4686.411,0.0,0.0,0.0,0.0,468641.1
1813846,IT,WM,LANDT,NONFE,0.03,4686.281,3,3,4686.281,0.0,0.0,0.0,0.0,156209.366667
1752787,IT,CA,WOODW,COMPU,0.01,4686.155,3,3,4686.155,0.0,0.0,0.0,0.0,468615.5
1749343,IT,CN,PRINT,TRANS,0.04,4686.001,3,3,4686.001,0.0,0.0,0.0,0.0,117150.025
1767417,IT,RU,LANDT,NONF1,0.03,4685.648,3,3,4685.648,0.0,0.0,0.0,0.0,156188.266667
1711463,IT,LU,LANDT,POSTT,0.03,4685.548,3,3,4685.548,0.0,0.0,0.0,0.0,156184.933333
1660438,IT,DE,FINAN,WASTE,0.06,4685.159,3,3,4685.159,0.0,0.0,0.0,0.0,78085.983333
1783893,IT,NO,WOOD2,TEXT1,0.03,4684.882,3,3,4684.882,0.0,0.0,0.0,0.0,156162.733333
1669492,IT,ES,AUXIL,OFFIC,0.09,4684.681,3,3,4684.681,0.0,0.0,0.0,0.0,52052.011111
1664982,IT,ES,CHEMI,SANDC,0.01,4684.508,3,3,4684.508,0.0,0.0,0.0,0.0,468450.8
1787626,IT,WA,MEAT4,SUGA1,0.03,4684.252,3,3,4684.252,0.0,0.0,0.0,0.0,156141.733333
1661874,IT,DK,PAPER,SEACO,0.02,4683.906,3,3,4683.906,0.0,0.0,0.0,0.0,234195.3
1808295,IT,WF,FOOD2,RAILW,0.03,4683.847,3,3,4683.847,0.0,0.0,0.0,0.0,156128.233333
1680617,IT,GR,SALEM,BEVER,0.04,4683.776,3,3,4683.776,0.0,0.0,0.0,0.0,117094.4
1648390,IT,BE,RECRE,HOTEL,0.06,4683.698,3,3,4683.698,0.0,0.0,0.0,0.0,78061.633333
1765439,IT,RU,TEXTI,RADIO,0.03,4683.175,3,3,4683.175,0.0,0.0,0.0,0.0,156105.833333
1662881,IT,DK,WHOLE,BASIC,0.04,4683.099,3,3,4683.099,0.0,0.0,0.0,0.0,117077.475
1643379,IT,AT,RAILW,RECRE,0.03,4683.067,3,3,4683.067,0.0,0.0,0.0,0.0,156102.233333
1655737,IT,DE,MEATC,CONST,0.02,4683.013,3,3,4683.013,0.0,0.0,0.0,0.0,234150.65
1788514,IT,WA,PAPER,FORES,0.02,4682.939,3,3,4682.939,0.0,0.0,0.0,0.0,234146.95
1807324,IT,WF,POSTT,RETAI,0.08,4682.561,3,3,4682.561,0.0,0.0,0.0,0.0,58532.0125
1751959,IT,CN,RESEA,CROPS,0.03,4682.558,3,3,4682.558,0.0,0.0,0.0,0.0,156085.266667
1715273,IT,NL,PAPER,NFERT,0.02,4682.413,3,3,4682.413,0.0,0.0,0.0,0.0,234120.65
1710483,IT,LT,LANDT,RENTI,0.03,4682.076,3,3,4682.076,0.0,0.0,0.0,0.0,156069.2
1645073,IT,BE,PAPER,FOUND,0.02,4681.961,3,3,4681.961,0.0,0.0,0.0,0.0,234098.05
1768893,IT,AU,WOODW,GLASS,0.01,4681.68,3,3,4681.68,0.0,0.0,0.0,0.0,468168.0
1764690,IT,MX,HOTEL,CHEMI,0.03,4681.633,3,3,4681.633,0.0,0.0,0.0,0.0,156054.433333
1791343,IT,WA,SALEM,NFERT,0.04,4681.389,3,3,4681.389,0.0,0.0,0.0,0.0,117034.725
1730768,IT,SE,BUSIN,KEROS,0.05,4680.979,3,3,4680.979,0.0,0.0,0.0,0.0,93619.58
1652816,IT,CZ,PRINT,GLASS,0.04,4680.601,3,3,4680.601,0.0,0.0,0.0,0.0,117015.025
1720566,IT,PL,OFFIC,SALEM,0.01,4680.601,3,3,4680.601,0.0,0.0,0.0,0.0,468060.1
1792965,IT,WA,PLAS1,INSUR,0.02,4680.55,3,3,4680.55,0.0,0.0,0.0,0.0,234027.5
1671138,IT,FI,GLASS,DISTR,0.01,4680.415,3,3,4680.415,0.0,0.0,0.0,0.0,468041.5
1806809,IT,WF,RETA1,PLAST,0.05,4680.403,3,3,4680.403,0.0,0.0,0.0,0.0,93608.06
1659592,IT,DE,HOTEL,NAPHT,0.03,4680.365,3,3,4680.365,0.0,0.0,0.0,0.0,156012.166667
1754937,IT,KR,TEXTI,REFI1,0.03,4680.28,3,3,4680.28,0.0,0.0,0.0,0.0,156009.333333
1744118,IT,US,SUPPO,FABRI,0.03,4679.985,3,3,4679.985,0.0,0.0,0.0,0.0,155999.5
1797975,IT,WL,PAPE4,BIOGA,0.03,4679.979,3,3,4679.979,0.0,0.0,0.0,0.0,155999.3
1787562,IT,WA,CHEMI,FOOD4,0.01,4679.751,3,3,4679.751,0.0,0.0,0.0,0.0,467975.1
1710857,IT,LU,PRINT,CONST,0.04,4679.686,3,3,4679.686,0.0,0.0,0.0,0.0,116992.15
1715052,IT,NL,TEXTI,SUPPO,0.03,4679.666,3,3,4679.666,0.0,0.0,0.0,0.0,155988.866667
1759383,IT,BR,FINAN,MEMBE,0.06,4679.548,3,3,4679.548,0.0,0.0,0.0,0.0,77992.466667
1791666,IT,WA,HOTEL,MEDIC,0.03,4679.335,3,3,4679.335,0.0,0.0,0.0,0.0,155977.833333
1801227,IT,WE,FABRI,ELE11,0.02,4679.045,3,3,4679.045,0.0,0.0,0.0,0.0,233952.25
1791737,IT,WA,RAILW,PRINT,0.03,4678.517,3,3,4678.517,0.0,0.0,0.0,0.0,155950.566667
1671690,IT,FI,SALEM,PIGS9,0.04,4678.24,3,3,4678.24,0.0,0.0,0.0,0.0,116956.0
1684871,IT,HU,SANDC,POULT,0.01,4678.134,4,4,4677.134,0.0,0.0,1.0,0.0,467813.4
1731758,IT,SI,PAPER,POULT,0.02,4677.926,3,3,4677.926,0.0,0.0,0.0,0.0,233896.3
1808552,IT,WF,PAPE4,CHARC,0.03,4677.735,3,3,4677.735,0.0,0.0,0.0,0.0,155924.5
1782327,IT,NO,FABRI,CROPS,0.02,4677.723,3,3,4677.723,0.0,0.0,0.0,0.0,233886.15
1768676,IT,AU,TEXTI,RADIO,0.03,4677.702,3,3,4677.702,0.0,0.0,0.0,0.0,155923.4
1746640,IT,JP,COPP1,NONME,0.01,4677.431,3,3,4677.431,0.0,0.0,0.0,0.0,467743.1
1806835,IT,WF,RETA1,ELEC4,0.05,4677.277,3,3,4677.277,0.0,0.0,0.0,0.0,93545.54
1757463,IT,BR,PAPER,BRICK,0.02,4676.539,3,3,4676.539,0.0,0.0,0.0,0.0,233826.95
1785133,IT,ZA,DAIRY,CHEM1,0.02,4676.461,3,3,4676.461,0.0,0.0,0.0,0.0,233823.05
1653289,IT,CZ,RUBBE,PAPE1,0.02,4676.178,3,3,4676.178,0.0,0.0,0.0,0.0,233808.9
1754805,IT,KR,FOOD5,MACHI,0.02,4675.985,3,3,4675.985,0.0,0.0,0.0,0.0,233799.25
1740718,IT,US,CHEMI,RETA1,0.01,4675.488,3,3,4675.488,0.0,0.0,0.0,0.0,467548.8
1759937,IT,BR,PLAS1,PLAST,0.02,4674.745,3,3,4674.745,0.0,0.0,0.0,0.0,233737.25
1780763,IT,TW,RENTI,CHEM1,0.03,4674.663,3,3,4674.663,0.0,0.0,0.0,0.0,155822.1
1664814,IT,ES,VEGET,EDUCA,0.02,4674.653,3,3,4674.653,0.0,0.0,0.0,0.0,233732.65
1672705,IT,FR,SANDC,COPP1,0.01,4674.629,4,4,4673.629,0.0,0.0,1.0,0.0,467462.9
1748285,IT,JP,MEMBE,LANDT,0.05,4674.624,3,3,4674.624,0.0,0.0,0.0,0.0,93492.48
1647564,IT,BE,SUPPO,FOOD2,0.03,4673.755,3,3,4673.755,0.0,0.0,0.0,0.0,155791.833333
1725729,IT,RO,PAPER,TEXT2,0.02,4673.667,3,3,4673.667,0.0,0.0,0.0,0.0,233683.35
1752333,IT,CA,MEAT4,ANIMA,0.03,4673.509,3,3,4673.509,0.0,0.0,0.0,0.0,155783.633333
1668148,IT,ES,SALEM,RUBBE,0.04,4673.484,3,3,4673.484,0.0,0.0,0.0,0.0,116837.1
1725253,IT,RO,FOOD5,RAILW,0.02,4673.18,3,3,4673.18,0.0,0.0,0.0,0.0,233659.0
1710735,IT,LU,BEVER,CONST,0.02,4673.087,3,3,4673.087,0.0,0.0,0.0,0.0,233654.35
1806823,IT,WF,RETA1,NONF1,0.05,4672.976,3,3,4672.976,0.0,0.0,0.0,0.0,93459.52
1744109,IT,US,SUPPO,BRICK,0.03,4672.715,3,3,4672.715,0.0,0.0,0.0,0.0,155757.166667
1669592,IT,ES,RENTI,VEGET,0.03,4672.665,3,3,4672.665,0.0,0.0,0.0,0.0,155755.5
1684890,IT,HU,SANDC,FURNI,0.01,4672.65,4,4,4671.65,0.0,0.0,1.0,0.0,467265.0
1773994,IT,CH,RETAI,CEREA,0.04,4672.602,3,3,4672.602,0.0,0.0,0.0,0.0,116815.05
1678171,IT,FR,INTER,MACHI,0.03,4672.578,3,3,4672.578,0.0,0.0,0.0,0.0,155752.6
1757240,IT,BR,VEGE1,PFERT,0.01,4672.355,3,3,4672.355,0.0,0.0,0.0,0.0,467235.5
1814580,IT,WM,BUSIN,FABRI,0.05,4672.34,3,3,4672.34,0.0,0.0,0.0,0.0,93446.8
1736601,IT,SK,POSTT,WHOLE,0.08,4671.978,3,3,4671.978,0.0,0.0,0.0,0.0,58399.725
1661825,IT,DK,WOODW,PAPE1,0.01,4671.879,3,3,4671.879,0.0,0.0,0.0,0.0,467187.9
1654244,IT,CZ,TRANS,SALEM,0.03,4671.606,3,3,4671.606,0.0,0.0,0.0,0.0,155720.2
1812029,IT,WM,GLASS,INERT,0.01,4671.421,3,3,4671.421,0.0,0.0,0.0,0.0,467142.1
1721742,IT,PL,INSUR,RUBBE,0.1,4670.628,3,3,4670.628,0.0,0.0,0.0,0.0,46706.28
1658303,IT,DE,COPP1,ELE12,0.01,4670.505,3,3,4670.505,0.0,0.0,0.0,0.0,467050.5
1739782,IT,GB,POSTT,ELECT,0.08,4669.994,3,3,4669.994,0.0,0.0,0.0,0.0,58374.925
1663489,IT,DK,RENTI,RUBBE,0.03,4669.948,3,3,4669.948,0.0,0.0,0.0,0.0,155664.933333
1710175,IT,LT,MACHI,TRAN1,0.03,4669.841,3,3,4669.841,0.0,0.0,0.0,0.0,155661.366667
1776364,IT,TR,PRINT,MEATC,0.04,4669.73,3,3,4669.73,0.0,0.0,0.0,0.0,116743.25
1644885,IT,BE,LEATH,TEXTI,0.03,4669.342,3,3,4669.342,0.0,0.0,0.0,0.0,155644.733333
1640473,IT,AT,DAIRY,OFFIC,0.02,4669.28,3,3,4669.28,0.0,0.0,0.0,0.0,233464.0
1785123,IT,ZA,VEGE1,FURNI,0.01,4668.756,3,3,4668.756,0.0,0.0,0.0,0.0,466875.6
1662678,IT,DK,MACHI,ELEC8,0.03,4668.14,3,3,4668.14,0.0,0.0,0.0,0.0,155604.666667
1744083,IT,US,SUPPO,NATU1,0.03,4668.081,3,3,4668.081,0.0,0.0,0.0,0.0,155602.7
1712243,IT,LV,PAPER,RESEA,0.02,4667.878,3,3,4667.878,0.0,0.0,0.0,0.0,233393.9
1806025,IT,WF,COPP1,MOTO1,0.01,4667.801,3,3,4667.801,0.0,0.0,0.0,0.0,466780.1
1758000,IT,BR,RUBBE,GASDI,0.02,4667.768,3,3,4667.768,0.0,0.0,0.0,0.0,233388.4
1684085,IT,HR,HOTEL,TRAN2,0.03,4667.712,3,3,4667.712,0.0,0.0,0.0,0.0,155590.4
1736876,IT,SK,BUSIN,MEDIC,0.05,4667.349,3,3,4667.349,0.0,0.0,0.0,0.0,93346.98
1683858,IT,HR,MOTO1,SEACO,0.02,4667.072,3,3,4667.072,0.0,0.0,0.0,0.0,233353.6
1676226,IT,FR,CONST,PLAS1,0.03,4666.905,3,3,4666.905,0.0,0.0,0.0,0.0,155563.5
1793890,IT,WL,WEARI,CATTL,0.04,4665.772,3,3,4665.772,0.0,0.0,0.0,0.0,116644.3
1811214,IT,WM,WHITE,DAIRY,0.02,4665.733,3,3,4665.733,0.0,0.0,0.0,0.0,233286.65
1671936,IT,FI,LANDT,WEARI,0.03,4665.584,3,3,4665.584,0.0,0.0,0.0,0.0,155519.466667
1710672,IT,LU,VEGE1,BUSIN,0.01,4665.536,3,3,4665.536,0.0,0.0,0.0,0.0,466553.6
1717990,IT,PL,SANDC,LANDT,0.01,4665.527,4,4,4664.527,0.0,0.0,1.0,0.0,466552.7
1677733,IT,FR,RENTI,PAPE1,0.03,4665.494,3,3,4665.494,0.0,0.0,0.0,0.0,155516.466667
1725751,IT,RO,PRINT,LEATH,0.04,4665.405,3,3,4665.405,0.0,0.0,0.0,0.0,116635.125
1672811,IT,FR,MEAT1,BUSIN,0.02,4665.287,3,3,4665.287,0.0,0.0,0.0,0.0,233264.35
1758007,IT,BR,RUBBE,CHARC,0.02,4665.194,3,3,4665.194,0.0,0.0,0.0,0.0,233259.7
1663455,IT,DK,REALE,SALEM,0.2,4664.556,3,3,4664.556,0.0,0.0,0.0,0.0,23322.78
1778114,IT,TR,MOTO1,RAILW,0.02,4664.482,3,3,4664.482,0.0,0.0,0.0,0.0,233224.1
1784721,IT,ID,FURNI,AUXIL,0.01,4664.414,3,3,4664.414,0.0,0.0,0.0,0.0,466441.4
1659570,IT,DE,HOTEL,MEATC,0.03,4664.357,3,3,4664.357,0.0,0.0,0.0,0.0,155478.566667
1668622,IT,ES,RAILW,LIQUE,0.03,4663.718,3,3,4663.718,0.0,0.0,0.0,0.0,155457.266667
1656111,IT,DE,FISH5,POULT,0.02,4663.693,4,4,4663.691,0.0,0.0,0.0,0.002,233184.65
1774431,IT,CH,RAILW,SEACO,0.03,4663.518,3,3,4663.518,0.0,0.0,0.0,0.0,155450.6
1710043,IT,LT,COPP1,93197,0.01,4663.421,3,3,4663.421,0.0,0.0,0.0,0.0,466342.1
1751537,IT,CN,SUPPO,HEALT,0.03,4663.318,3,3,4663.318,0.0,0.0,0.0,0.0,155443.933333
1800605,IT,WE,GLASS,BASIC,0.01,4663.084,3,3,4663.084,0.0,0.0,0.0,0.0,466308.4
1788517,IT,WA,PAPER,NATU1,0.02,4662.926,3,3,4662.926,0.0,0.0,0.0,0.0,233146.3
1752266,IT,CA,FORES,RESEA,0.04,4662.892,4,4,4660.892,0.0,2.0,0.0,0.0,116572.3
1738756,IT,GB,OFFIC,TEXTI,0.01,4662.819,3,3,4662.819,0.0,0.0,0.0,0.0,466281.9
1758406,IT,BR,FABRI,LEAD1,0.02,4662.75,3,3,4662.75,0.0,0.0,0.0,0.0,233137.5
1743174,IT,US,MOTO1,OILHA,0.02,4662.728,3,3,4662.728,0.0,0.0,0.0,0.0,233136.4
1679632,IT,GR,GLASS,WEARI,0.01,4662.645,3,3,4662.645,0.0,0.0,0.0,0.0,466264.5
1764329,IT,MX,OFFIC,ELEC2,0.01,4662.613,3,3,4662.613,0.0,0.0,0.0,0.0,466261.3
1709551,IT,LT,WOODW,MEDIC,0.01,4662.582,3,3,4662.582,0.0,0.0,0.0,0.0,466258.2
1688000,IT,HU,RENTI,LANDT,0.03,4662.513,3,3,4662.513,0.0,0.0,0.0,0.0,155417.1
1643100,IT,AT,WHOLE,ELEC5,0.04,4662.199,3,3,4662.199,0.0,0.0,0.0,0.0,116554.975
1664367,IT,EE,FABRI,POSTT,0.02,4662.104,3,3,4662.104,0.0,0.0,0.0,0.0,233105.2
1659177,IT,DE,CONST,OFFIC,0.03,4661.885,3,3,4661.885,0.0,0.0,0.0,0.0,155396.166667
1747225,IT,JP,SALEM,OFFIC,0.04,4661.779,3,3,4661.779,0.0,0.0,0.0,0.0,116544.475
1713275,IT,MT,PRINT,PLAST,0.04,4661.576,3,3,4661.576,0.0,0.0,0.0,0.0,116539.4
1725436,IT,RO,TEXTI,PLAS2,0.03,4661.539,3,3,4661.539,0.0,0.0,0.0,0.0,155384.633333
1747848,IT,JP,RENTI,DAIRY,0.03,4661.282,3,3,4661.282,0.0,0.0,0.0,0.0,155376.066667
1737417,IT,GB,TEXTI,RECRE,0.03,4661.254,3,3,4661.254,0.0,0.0,0.0,0.0,155375.133333
1678036,IT,FR,EDUCA,RETAI,0.12,4661.156,3,3,4661.156,0.0,0.0,0.0,0.0,38842.966667
1801480,IT,WE,MOTO1,ADDIT,0.02,4660.804,3,3,4660.804,0.0,0.0,0.0,0.0,233040.2
1807428,IT,WF,INSUR,SALEM,0.1,4660.777,3,3,4660.777,0.0,0.0,0.0,0.0,46607.77
1664510,IT,EE,MOTO1,PUBLI,0.02,4660.462,3,3,4660.462,0.0,0.0,0.0,0.0,233023.1
1787638,IT,WA,MEAT4,BIODI,0.03,4660.311,3,3,4660.311,0.0,0.0,0.0,0.0,155343.7
1759655,IT,BR,RESEA,TRANS,0.03,4660.195,3,3,4660.195,0.0,0.0,0.0,0.0,155339.833333
1652082,IT,CZ,SANDC,KEROS,0.01,4660.107,4,4,4659.107,0.0,0.0,1.0,0.0,466010.7
1793747,IT,WL,BEVER,OFFIC,0.02,4660.031,3,3,4660.031,0.0,0.0,0.0,0.0,233001.55
1781154,IT,TW,WASTE,VEGET,0.01,4659.815,3,3,4659.815,0.0,0.0,0.0,0.0,465981.5
1725649,IT,RO,PAPER,MEATA,0.02,4659.678,3,3,4659.678,0.0,0.0,0.0,0.0,232983.9
1671870,IT,FI,HOTEL,CHEM1,0.03,4659.518,3,3,4659.518,0.0,0.0,0.0,0.0,155317.266667
1798533,IT,WE,STONE,RESEA,0.02,4659.484,3,3,4659.484,0.0,0.0,0.0,0.0,232974.2
1803140,IT,WF,VEGET,MEDIC,0.02,4659.456,3,3,4659.456,0.0,0.0,0.0,0.0,232972.8
1672322,IT,FI,RESEA,PAPER,0.03,4659.431,3,3,4659.431,0.0,0.0,0.0,0.0,155314.366667
1678357,IT,FR,FOOD4,POSTT,0.03,4659.35,3,3,4659.35,0.0,0.0,0.0,0.0,155311.666667
1762336,IT,IN,SUPPO,PREC1,0.03,4659.224,3,3,4659.224,0.0,0.0,0.0,0.0,155307.466667
1786762,IT,ZA,HOTEL,NONFE,0.03,4659.15,3,3,4659.15,0.0,0.0,0.0,0.0,155305.0
1660363,IT,DE,FINAN,ADDIT,0.06,4658.632,3,3,4658.632,0.0,0.0,0.0,0.0,77643.866667
1733276,IT,SI,OFFIC,STONE,0.01,4658.336,3,3,4658.336,0.0,0.0,0.0,0.0,465833.6
1796092,IT,WL,TRANS,ADDIT,0.03,4658.221,3,3,4658.221,0.0,0.0,0.0,0.0,155274.033333
1806378,IT,WF,MOTO1,CHARC,0.02,4657.938,3,3,4657.938,0.0,0.0,0.0,0.0,232896.9
1757527,IT,BR,PRINT,COMPU,0.04,4657.884,3,3,4657.884,0.0,0.0,0.0,0.0,116447.1
1730446,IT,SE,POSTT,STEAM,0.08,4657.713,3,3,4657.713,0.0,0.0,0.0,0.0,58221.4125
1760070,IT,BR,OILHA,CONST,0.03,4657.699,3,3,4657.699,0.0,0.0,0.0,0.0,155256.633333
1778253,IT,TR,CONST,ELEC8,0.03,4657.577,3,3,4657.577,0.0,0.0,0.0,0.0,155252.566667
1726825,IT,RO,WHOLE,COLLE,0.04,4657.551,3,3,4657.551,0.0,0.0,0.0,0.0,116438.775
1657417,IT,DE,RUBBE,WHITE,0.02,4657.53,3,3,4657.53,0.0,0.0,0.0,0.0,232876.5
1680689,IT,GR,WHOLE,INSUR,0.04,4657.274,3,3,4657.274,0.0,0.0,0.0,0.0,116431.85
1797922,IT,WL,FOOD4,FISH5,0.03,4657.265,3,3,4657.265,0.0,0.0,0.0,0.0,155242.166667
1644696,IT,BE,BEVER,COPP1,0.02,4657.046,3,3,4657.046,0.0,0.0,0.0,0.0,232852.3
1743834,IT,US,LANDT,FOOD4,0.03,4656.945,3,3,4656.945,0.0,0.0,0.0,0.0,155231.5
1756935,IT,KR,AUXIL,BASIC,0.09,4656.834,3,3,4656.834,0.0,0.0,0.0,0.0,51742.6
1730217,IT,SE,LANDT,PUBLI,0.03,4656.744,3,3,4656.744,0.0,0.0,0.0,0.0,155224.8
1777319,IT,TR,GLASS,KEROS,0.01,4655.938,3,3,4655.938,0.0,0.0,0.0,0.0,465593.8
1724196,IT,PT,HOTEL,DIST1,0.03,4655.913,3,3,4655.913,0.0,0.0,0.0,0.0,155197.1
1802802,IT,WE,BUSIN,EDUCA,0.05,4655.686,3,3,4655.686,0.0,0.0,0.0,0.0,93113.72
1766580,IT,RU,COPP1,WASTE,0.01,4654.352,3,3,4654.352,0.0,0.0,0.0,0.0,465435.2
1737083,IT,GB,CHEMI,MOTO1,0.01,4654.326,3,3,4654.326,0.0,0.0,0.0,0.0,465432.6
1680901,IT,GR,LANDT,ELEC4,0.03,4654.223,3,3,4654.223,0.0,0.0,0.0,0.0,155140.766667
1646385,IT,BE,FABRI,DIST1,0.02,4654.119,3,3,4654.119,0.0,0.0,0.0,0.0,232705.95
1663491,IT,DK,RENTI,FABRI,0.03,4654.101,3,3,4654.101,0.0,0.0,0.0,0.0,155136.7
1721906,IT,PL,RENTI,FURNI,0.03,4653.753,3,3,4653.753,0.0,0.0,0.0,0.0,155125.1
1687919,IT,HU,REALE,COMPU,0.2,4652.938,3,3,4652.938,0.0,0.0,0.0,0.0,23264.69
1811223,IT,WM,WHITE,KEROS,0.02,4652.878,3,3,4652.878,0.0,0.0,0.0,0.0,232643.9
1797760,IT,WL,WOOD1,FOOD5,0.03,4652.851,3,3,4652.851,0.0,0.0,0.0,0.0,155095.033333
1771193,IT,CH,MEAT4,TRAN2,0.03,4652.799,3,3,4652.799,0.0,0.0,0.0,0.0,155093.3
1760085,IT,BR,OILHA,HEALT,0.03,4652.783,3,3,4652.783,0.0,0.0,0.0,0.0,155092.766667
1677028,IT,FR,SUPPO,VEGE1,0.03,4652.767,3,3,4652.767,0.0,0.0,0.0,0.0,155092.233333
1711702,IT,LU,BUSIN,NFERT,0.05,4652.678,3,3,4652.678,0.0,0.0,0.0,0.0,93053.56
1717833,IT,PL,PADDY,PROCE,0.05,4652.527,3,3,4652.527,0.0,0.0,0.0,0.0,93050.54
1723972,IT,PT,SALEM,COLLE,0.04,4652.473,3,3,4652.473,0.0,0.0,0.0,0.0,116311.825
1751096,IT,CN,RETA1,KEROS,0.05,4652.313,3,3,4652.313,0.0,0.0,0.0,0.0,93046.26
1792565,IT,WA,RENTI,PRIVA,0.03,4652.228,3,3,4652.228,0.0,0.0,0.0,0.0,155074.266667
1688353,IT,IE,DAIRY,PUBLI,0.02,4652.1,3,3,4652.1,0.0,0.0,0.0,0.0,232605.0
1712755,IT,LV,LANDT,PRINT,0.03,4651.947,3,3,4651.947,0.0,0.0,0.0,0.0,155064.9
1712664,IT,LV,CONST,CEMEN,0.03,4651.884,3,3,4651.884,0.0,0.0,0.0,0.0,155062.8
1687989,IT,HU,RENTI,TRAN1,0.03,4651.84,3,3,4651.84,0.0,0.0,0.0,0.0,155061.333333
1683604,IT,HR,FABRI,CATTL,0.02,4651.792,3,3,4651.792,0.0,0.0,0.0,0.0,232589.6
1755738,IT,KR,GLASS,ALUM1,0.01,4651.628,3,3,4651.628,0.0,0.0,0.0,0.0,465162.8
1770609,IT,AU,POSTT,RENTI,0.08,4651.373,3,3,4651.373,0.0,0.0,0.0,0.0,58142.1625
1714862,IT,NL,FOOD5,INTER,0.02,4651.366,3,3,4651.366,0.0,0.0,0.0,0.0,232568.3
1725234,IT,RO,FOOD5,PRINT,0.02,4651.317,3,3,4651.317,0.0,0.0,0.0,0.0,232565.85
1771629,IT,CH,WEARI,MEATC,0.04,4651.179,3,3,4651.179,0.0,0.0,0.0,0.0,116279.475
1807778,IT,WF,FOODW,CEREA,0.03,4650.975,3,3,4650.975,0.0,0.0,0.0,0.0,155032.5
1714153,IT,MT,SUPPO,COMPU,0.03,4650.787,3,3,4650.787,0.0,0.0,0.0,0.0,155026.233333
1731709,IT,SI,WOODW,FOOD3,0.01,4650.525,3,3,4650.525,0.0,0.0,0.0,0.0,465052.5
1738791,IT,GB,OFFIC,AUXIL,0.01,4650.41,3,3,4650.41,0.0,0.0,0.0,0.0,465041.0
1713147,IT,MT,FISH5,RAWMI,0.02,4650.363,4,4,4650.361,0.0,0.0,0.0,0.002,232518.15
1777882,IT,TR,MACHI,CATTL,0.03,4650.301,3,3,4650.301,0.0,0.0,0.0,0.0,155010.033333
1678324,IT,FR,WASTE,TRANS,0.01,4650.175,3,3,4650.175,0.0,0.0,0.0,0.0,465017.5
1685234,IT,HU,TEXTI,FISH5,0.03,4650.142,3,3,4650.142,0.0,0.0,0.0,0.0,155004.733333
1795855,IT,WL,OFFIC,NATU1,0.01,4650.008,3,3,4650.008,0.0,0.0,0.0,0.0,465000.8
1723952,IT,PT,SALEM,TEXTI,0.04,4649.952,3,3,4649.952,0.0,0.0,0.0,0.0,116248.8
1646552,IT,BE,OFFIC,NONF1,0.01,4649.709,3,3,4649.709,0.0,0.0,0.0,0.0,464970.9
1785132,IT,ZA,DAIRY,BEVER,0.02,4649.625,3,3,4649.625,0.0,0.0,0.0,0.0,232481.25
1807233,IT,WF,SUPPO,CHEM1,0.03,4649.617,3,3,4649.617,0.0,0.0,0.0,0.0,154987.233333
1709416,IT,LT,BEVER,EDUCA,0.02,4649.489,3,3,4649.489,0.0,0.0,0.0,0.0,232474.45
1729026,IT,SE,RUBBE,MEAT4,0.02,4649.488,3,3,4649.488,0.0,0.0,0.0,0.0,232474.4
1760597,IT,IN,WOODW,ALUM1,0.01,4649.411,3,3,4649.411,0.0,0.0,0.0,0.0,464941.1
1643010,IT,AT,CONST,CEMEN,0.03,4649.335,3,3,4649.335,0.0,0.0,0.0,0.0,154977.833333
1715363,IT,NL,PRINT,ELECT,0.04,4649.195,3,3,4649.195,0.0,0.0,0.0,0.0,116229.875
1747778,IT,JP,AUXIL,TRANS,0.09,4649.171,3,3,4649.171,0.0,0.0,0.0,0.0,51657.455556
1814643,IT,WM,PAPE1,BASIC,0.03,4649.057,3,3,4649.057,0.0,0.0,0.0,0.0,154968.566667
1684625,IT,HR,FOOD4,ELEC5,0.03,4649.014,3,3,4649.014,0.0,0.0,0.0,0.0,154967.133333
1736602,IT,SK,POSTT,RETA1,0.08,4648.964,3,3,4648.964,0.0,0.0,0.0,0.0,58112.05
1677684,IT,FR,RENTI,MOTOR,0.03,4648.914,3,3,4648.914,0.0,0.0,0.0,0.0,154963.8
1779201,IT,TR,POSTT,ELEC5,0.08,4648.339,3,3,4648.339,0.0,0.0,0.0,0.0,58104.2375
1716352,IT,NL,FABRI,INTER,0.02,4648.001,3,3,4648.001,0.0,0.0,0.0,0.0,232400.05
1664754,IT,EE,RENTI,REALE,0.03,4647.951,3,3,4647.951,0.0,0.0,0.0,0.0,154931.7
1665635,IT,ES,WOODW,FOUND,0.01,4647.886,3,3,4647.886,0.0,0.0,0.0,0.0,464788.6
1662897,IT,DK,WHOLE,RECRE,0.04,4647.869,3,3,4647.869,0.0,0.0,0.0,0.0,116196.725
1665066,IT,ES,MEAT4,WHOLE,0.03,4647.373,3,3,4647.373,0.0,0.0,0.0,0.0,154912.433333
1762675,IT,IN,RESEA,RETA1,0.03,4646.935,3,3,4646.935,0.0,0.0,0.0,0.0,154897.833333
1747210,IT,JP,CONST,PLAS1,0.03,4646.757,3,3,4646.757,0.0,0.0,0.0,0.0,154891.9
1735873,IT,SK,OFFIC,PAPER,0.01,4646.744,3,3,4646.744,0.0,0.0,0.0,0.0,464674.4
1756603,IT,KR,RAILW,PFERT,0.03,4646.714,3,3,4646.714,0.0,0.0,0.0,0.0,154890.466667
1803718,IT,WF,FISH5,CROPS,0.02,4646.699,4,4,4646.697,0.0,0.0,0.0,0.002,232334.95
1655679,IT,DE,CHEMI,BASIC,0.01,4646.678,3,3,4646.678,0.0,0.0,0.0,0.0,464667.8
1684790,IT,HU,WOOLS,WOOD1,0.02,4646.6,3,3,4646.6,0.0,0.0,0.0,0.0,232330.0
1663181,IT,DK,LANDT,ELEC7,0.03,4646.478,3,3,4646.478,0.0,0.0,0.0,0.0,154882.6
1721280,IT,PL,LANDT,BLAST,0.03,4646.289,3,3,4646.289,0.0,0.0,0.0,0.0,154876.3
1723743,IT,PT,MACHI,PAPE1,0.03,4646.271,3,3,4646.271,0.0,0.0,0.0,0.0,154875.7
1648304,IT,BE,PUBLI,COMPU,0.08,4646.074,3,3,4646.074,0.0,0.0,0.0,0.0,58075.925
1679155,IT,GR,PAPER,INSUR,0.02,4646.073,3,3,4646.073,0.0,0.0,0.0,0.0,232303.65
1714981,IT,NL,FISH5,FOOD2,0.02,4645.997,4,4,4645.995,0.0,0.0,0.0,0.002,232299.85
1731542,IT,SI,TEXTI,MEATC,0.03,4645.739,3,3,4645.739,0.0,0.0,0.0,0.0,154857.966667
1651794,IT,CY,MOTO1,RESEA,0.02,4645.663,3,3,4645.663,0.0,0.0,0.0,0.0,232283.15
1645199,IT,BE,PRINT,PLAS1,0.04,4645.629,3,3,4645.629,0.0,0.0,0.0,0.0,116140.725
1737672,IT,GB,PRINT,FABRI,0.04,4645.445,3,3,4645.445,0.0,0.0,0.0,0.0,116136.125
1680250,IT,GR,TRANS,INSUR,0.03,4645.441,3,3,4645.441,0.0,0.0,0.0,0.0,154848.033333
1768827,IT,AU,LEATH,PREC1,0.03,4645.369,3,3,4645.369,0.0,0.0,0.0,0.0,154845.633333
1670671,IT,FI,LEATH,PLAS2,0.03,4645.266,3,3,4645.266,0.0,0.0,0.0,0.0,154842.2
1795124,IT,WL,RUBBE,NONSP,0.02,4645.055,3,3,4645.055,0.0,0.0,0.0,0.0,232252.75
1647696,IT,BE,INSUR,DAIRY,0.1,4644.978,3,3,4644.978,0.0,0.0,0.0,0.0,46449.78
1668353,IT,ES,WHOLE,PLAS2,0.04,4644.935,3,3,4644.935,0.0,0.0,0.0,0.0,116123.375
1689059,IT,IE,TRANS,TRANS,0.03,4644.665,3,3,4644.665,0.0,0.0,0.0,0.0,154822.166667
1775251,IT,CH,BUSIN,MEAT4,0.05,4644.649,3,3,4644.649,0.0,0.0,0.0,0.0,92892.98
1644405,IT,BE,MEATP,RAILW,0.02,4644.307,3,3,4644.307,0.0,0.0,0.0,0.0,232215.35
1673355,IT,FR,TEXTI,COMPU,0.03,4644.181,3,3,4644.181,0.0,0.0,0.0,0.0,154806.033333
1744447,IT,US,AUXIL,ELEC5,0.08,4643.838,3,3,4643.838,0.0,0.0,0.0,0.0,58047.975
1682311,IT,HR,WOODW,SUGAR,0.01,4643.81,3,3,4643.81,0.0,0.0,0.0,0.0,464381.0
1673594,IT,FR,WOODW,MOTOR,0.01,4643.163,3,3,4643.163,0.0,0.0,0.0,0.0,464316.3
1715076,IT,NL,WEARI,NATUR,0.03,4643.076,3,3,4643.076,0.0,0.0,0.0,0.0,154769.2
1753103,IT,CA,RUBBE,HEAVY,0.02,4642.817,3,3,4642.817,0.0,0.0,0.0,0.0,232140.85
1725075,IT,RO,CROPS,TEXTI,0.04,4642.61,3,3,4642.61,0.0,0.0,0.0,0.0,116065.25
1656286,IT,DE,LEATH,WEARI,0.03,4642.217,3,3,4642.217,0.0,0.0,0.0,0.0,154740.566667
1812008,IT,WM,GLASS,RETAI,0.01,4642.179,3,3,4642.179,0.0,0.0,0.0,0.0,464217.9
1797071,IT,WL,SUPPO,RESEA,0.03,4642.057,3,3,4642.057,0.0,0.0,0.0,0.0,154735.233333
1689732,IT,IE,FINAN,TRANS,0.06,4641.847,3,3,4641.847,0.0,0.0,0.0,0.0,77364.116667
1774110,IT,CH,WHOLE,COPP1,0.04,4641.8,3,3,4641.8,0.0,0.0,0.0,0.0,116045.0
1646990,IT,BE,RETA1,WOODW,0.05,4641.672,3,3,4641.672,0.0,0.0,0.0,0.0,92833.44
1726514,IT,RO,MACHI,ELEC3,0.03,4641.608,3,3,4641.608,0.0,0.0,0.0,0.0,154720.266667
1793483,IT,WL,CHEMI,PROCE,0.01,4641.352,3,3,4641.352,0.0,0.0,0.0,0.0,464135.2
1739072,IT,GB,RETAI,PAPE1,0.04,4640.315,3,3,4640.315,0.0,0.0,0.0,0.0,116007.875
1734813,IT,SK,PULP5,MACHI,0.01,4640.297,3,3,4640.297,0.0,0.0,0.0,0.0,464029.7
1750637,IT,CN,MOTO1,PADDY,0.02,4640.278,3,3,4640.278,0.0,0.0,0.0,0.0,232013.9
1714323,IT,MT,EDUCA,COMPU,0.12,4640.247,3,3,4640.247,0.0,0.0,0.0,0.0,38668.725
1726538,IT,RO,OFFIC,MEATA,0.01,4639.752,3,3,4639.752,0.0,0.0,0.0,0.0,463975.2
1797993,IT,WL,PAPE4,HEALT,0.03,4639.573,3,3,4639.573,0.0,0.0,0.0,0.0,154652.433333
1797998,IT,WL,INERT,CATTL,0.03,4639.512,3,3,4639.512,0.0,0.0,0.0,0.0,154650.4
1754163,IT,CA,SUPPO,CHEM1,0.03,4638.527,3,3,4638.527,0.0,0.0,0.0,0.0,154617.566667
1759506,IT,BR,REALE,RETA1,0.2,4638.481,3,3,4638.481,0.0,0.0,0.0,0.0,23192.405
1798918,IT,WE,FISH5,VEGE1,0.02,4638.372,4,4,4638.37,0.0,0.0,0.0,0.002,231918.6
1757430,IT,BR,PAPER,COPPE,0.02,4638.279,3,3,4638.279,0.0,0.0,0.0,0.0,231913.95
1720910,IT,PL,SALEM,WHOLE,0.04,4638.275,3,3,4638.275,0.0,0.0,0.0,0.0,115956.875
1653302,IT,CZ,RUBBE,93197,0.02,4638.111,3,3,4638.111,0.0,0.0,0.0,0.0,231905.55
1661625,IT,DK,FISH5,RADIO,0.02,4638.036,4,4,4638.034,0.0,0.0,0.0,0.002,231901.8
1793542,IT,WL,MEAT4,MEATP,0.03,4638.028,3,3,4638.028,0.0,0.0,0.0,0.0,154600.933333
1710083,IT,LT,FABRI,FOUND,0.02,4638.019,3,3,4638.019,0.0,0.0,0.0,0.0,231900.95
1770695,IT,AU,INSUR,HOTEL,0.1,4637.987,3,3,4637.987,0.0,0.0,0.0,0.0,46379.87
1686097,IT,HU,RUBBE,COPP1,0.02,4637.767,3,3,4637.767,0.0,0.0,0.0,0.0,231888.35
1785997,IT,ZA,GLASS,VEGET,0.01,4637.319,3,3,4637.319,0.0,0.0,0.0,0.0,463731.9
1681784,IT,HR,MEATC,CROPS,0.02,4637.163,3,3,4637.163,0.0,0.0,0.0,0.0,231858.15
1741385,IT,US,PRINT,RAILW,0.04,4637.154,3,3,4637.154,0.0,0.0,0.0,0.0,115928.85
1760305,IT,IN,STONE,BEVER,0.02,4637.147,3,3,4637.147,0.0,0.0,0.0,0.0,231857.35
1684138,IT,HR,LANDT,MEAT4,0.03,4636.518,3,3,4636.518,0.0,0.0,0.0,0.0,154550.6
1792951,IT,WA,PAPE1,EDUCA,0.03,4636.468,3,3,4636.468,0.0,0.0,0.0,0.0,154548.933333
1748844,IT,CN,TEXTI,COMPU,0.03,4636.274,3,3,4636.274,0.0,0.0,0.0,0.0,154542.466667
1673243,IT,FR,FISH5,GASDI,0.02,4635.961,4,4,4635.959,0.0,0.0,0.0,0.002,231798.05
1728114,IT,SE,VEGE1,NONME,0.01,4635.873,3,3,4635.873,0.0,0.0,0.0,0.0,463587.3
1664931,IT,ES,STONE,CHEMI,0.01,4635.865,3,3,4635.865,0.0,0.0,0.0,0.0,463586.5
1745240,IT,JP,SANDC,TRANS,0.01,4635.761,4,4,4634.761,0.0,0.0,1.0,0.0,463576.1
1710491,IT,LT,LANDT,RECRE,0.03,4635.485,3,3,4635.485,0.0,0.0,0.0,0.0,154516.166667
1722317,IT,PT,VEGET,WHOLE,0.02,4635.468,3,3,4635.468,0.0,0.0,0.0,0.0,231773.4
1749901,IT,CN,GLASS,CROPS,0.01,4635.359,3,3,4635.359,0.0,0.0,0.0,0.0,463535.9
1744142,IT,US,SUPPO,RAILW,0.03,4635.243,3,3,4635.243,0.0,0.0,0.0,0.0,154508.1
1749169,IT,CN,PULP5,NAPHT,0.01,4635.015,3,3,4635.015,0.0,0.0,0.0,0.0,463501.5
1680426,IT,GR,ELEC4,BEVER,0.07,4635.007,3,3,4635.007,0.0,0.0,0.0,0.0,66214.385714
1760419,IT,IN,FOOD5,ANIMA,0.02,4634.761,3,3,4634.761,0.0,0.0,0.0,0.0,231738.05
1650758,IT,BG,HOTEL,RESEA,0.03,4634.571,3,3,4634.571,0.0,0.0,0.0,0.0,154485.7
1791367,IT,WA,SALEM,AIRTR,0.04,4634.491,3,3,4634.491,0.0,0.0,0.0,0.0,115862.275
1687744,IT,HU,SUPPO,FURNI,0.03,4634.432,3,3,4634.432,0.0,0.0,0.0,0.0,154481.066667
1660911,IT,DE,BUSIN,CRUDE,0.05,4634.422,3,3,4634.422,0.0,0.0,0.0,0.0,92688.44
1800514,IT,WE,RUBBE,ADDIT,0.02,4634.315,3,3,4634.315,0.0,0.0,0.0,0.0,231715.75
1777291,IT,TR,RUBBE,INERT,0.02,4634.135,3,3,4634.135,0.0,0.0,0.0,0.0,231706.75
1670493,IT,FI,BEVER,CEMEN,0.02,4634.097,3,3,4634.097,0.0,0.0,0.0,0.0,231704.85
1761997,IT,IN,WHOLE,POULT,0.04,4634.012,3,3,4634.012,0.0,0.0,0.0,0.0,115850.3
1747641,IT,JP,SUPPO,WHOLE,0.03,4633.948,3,3,4633.948,0.0,0.0,0.0,0.0,154464.933333
1803590,IT,WF,SUGA1,EDUCA,0.01,4633.601,3,3,4633.601,0.0,0.0,0.0,0.0,463360.1
1785451,IT,ZA,PAPER,93197,0.02,4633.341,3,3,4633.341,0.0,0.0,0.0,0.0,231667.05
1738987,IT,GB,SALEM,CHEM1,0.04,4633.293,3,3,4633.293,0.0,0.0,0.0,0.0,115832.325
1747337,IT,JP,RETA1,BEVER,0.05,4633.148,3,3,4633.148,0.0,0.0,0.0,0.0,92662.96
1759664,IT,BR,RESEA,SALEM,0.03,4632.859,3,3,4632.859,0.0,0.0,0.0,0.0,154428.633333
1650386,IT,BG,ELEC4,LIGNI,0.07,4632.733,3,3,4632.733,0.0,0.0,0.0,0.0,66181.9
1711251,IT,LU,OFFIC,WHOLE,0.01,4632.632,3,3,4632.632,0.0,0.0,0.0,0.0,463263.2
1754824,IT,KR,FOOD5,FINAN,0.02,4632.44,3,3,4632.44,0.0,0.0,0.0,0.0,231622.0
1746786,IT,JP,MACHI,COKEO,0.03,4632.238,3,3,4632.238,0.0,0.0,0.0,0.0,154407.933333
1740976,IT,US,BEVER,CHEM1,0.02,4631.886,3,3,4631.886,0.0,0.0,0.0,0.0,231594.3
1650598,IT,BG,ELEC8,OFFIC,0.06,4631.857,3,3,4631.857,0.0,0.0,0.0,0.0,77197.616667
1781276,IT,NO,CHEMI,REALE,0.01,4631.825,3,3,4631.825,0.0,0.0,0.0,0.0,463182.5
1802280,IT,WE,LANDT,TRANS,0.03,4631.782,3,3,4631.782,0.0,0.0,0.0,0.0,154392.733333
1683919,IT,HR,FURNI,COLLE,0.01,4631.63,3,3,4631.63,0.0,0.0,0.0,0.0,463163.0
1748509,IT,CN,SANDC,DISTR,0.01,4631.194,4,4,4630.194,0.0,0.0,1.0,0.0,463119.4
1712380,IT,LV,GLASS,TRANS,0.01,4631.15,3,3,4631.15,0.0,0.0,0.0,0.0,463115.0
1651573,IT,CY,GLASS,VEGET,0.01,4631.147,3,3,4631.147,0.0,0.0,0.0,0.0,463114.7
1658687,IT,DE,OFFIC,HEAVY,0.01,4631.084,3,3,4631.084,0.0,0.0,0.0,0.0,463108.4
1760140,IT,BR,FOOD3,COLLE,0.01,4630.999,3,3,4630.999,0.0,0.0,0.0,0.0,463099.9
1670622,IT,FI,WEARI,FOOD4,0.03,4630.467,3,3,4630.467,0.0,0.0,0.0,0.0,154348.9
1788084,IT,WA,TEXTI,FOOD3,0.03,4630.329,3,3,4630.329,0.0,0.0,0.0,0.0,154344.3
1787543,IT,WA,CHEMI,RADIO,0.01,4630.298,3,3,4630.298,0.0,0.0,0.0,0.0,463029.8
1687307,IT,HU,RETA1,NFERT,0.05,4630.261,3,3,4630.261,0.0,0.0,0.0,0.0,92605.22
1709479,IT,LT,TEXTI,93197,0.03,4630.237,3,3,4630.237,0.0,0.0,0.0,0.0,154341.233333
1718119,IT,PL,VEGE1,PROCE,0.01,4630.094,3,3,4630.094,0.0,0.0,0.0,0.0,463009.4
1714694,IT,NL,VEGE1,BIODI,0.01,4629.988,3,3,4629.988,0.0,0.0,0.0,0.0,462998.8
1787745,IT,WA,VEGE1,RENTI,0.01,4629.871,3,3,4629.871,0.0,0.0,0.0,0.0,462987.1
1775305,IT,CH,BUSIN,ELEC8,0.05,4629.692,3,3,4629.692,0.0,0.0,0.0,0.0,92593.84
1642686,IT,AT,FABRI,WASTE,0.02,4629.648,3,3,4629.648,0.0,0.0,0.0,0.0,231482.4
1756313,IT,KR,MOTO1,ELEC8,0.02,4629.146,3,3,4629.146,0.0,0.0,0.0,0.0,231457.3
1779921,IT,TW,CONST,REFIN,0.03,4628.997,3,3,4628.997,0.0,0.0,0.0,0.0,154299.9
1763044,IT,MX,TEXTI,PULP5,0.03,4628.907,3,3,4628.907,0.0,0.0,0.0,0.0,154296.9
1673559,IT,FR,LEATH,INERT,0.03,4628.043,3,3,4628.043,0.0,0.0,0.0,0.0,154268.1
1785082,IT,ZA,SANDC,VEGET,0.01,4627.752,4,4,4626.752,0.0,0.0,1.0,0.0,462775.2
1665447,IT,ES,WEARI,PIGS9,0.03,4627.476,3,3,4627.476,0.0,0.0,0.0,0.0,154249.2
1805444,IT,WF,GLASS,VEGE1,0.01,4627.341,3,3,4627.341,0.0,0.0,0.0,0.0,462734.1
1685571,IT,HU,PAPER,MEMBE,0.02,4626.337,3,3,4626.337,0.0,0.0,0.0,0.0,231316.85
1682500,IT,HR,PRINT,STEAM,0.04,4626.14,3,3,4626.14,0.0,0.0,0.0,0.0,115653.5
1713953,IT,MT,SALEM,HOTEL,0.04,4626.125,3,3,4626.125,0.0,0.0,0.0,0.0,115653.125
1744524,IT,US,REALE,CEMEN,0.2,4626.043,3,3,4626.043,0.0,0.0,0.0,0.0,23130.215
1792927,IT,WA,HEALT,RECRE,0.02,4625.939,3,3,4625.939,0.0,0.0,0.0,0.0,231296.95
1791836,IT,WA,LANDT,NONF1,0.03,4625.877,3,3,4625.877,0.0,0.0,0.0,0.0,154195.9
1731526,IT,SI,FISH5,LANDT,0.02,4625.69,4,4,4625.688,0.0,0.0,0.0,0.002,231284.5
1791756,IT,WA,RAILW,FURNI,0.03,4625.599,3,3,4625.599,0.0,0.0,0.0,0.0,154186.633333
1800606,IT,WE,GLASS,PREC1,0.01,4625.565,3,3,4625.565,0.0,0.0,0.0,0.0,462556.5
1665582,IT,ES,LEATH,COMPU,0.03,4625.345,3,3,4625.345,0.0,0.0,0.0,0.0,154178.166667
1656165,IT,DE,TEXTI,MEATC,0.03,4625.264,3,3,4625.264,0.0,0.0,0.0,0.0,154175.466667
1727524,IT,RO,AUXIL,PAPE4,0.08,4625.238,3,3,4625.238,0.0,0.0,0.0,0.0,57815.475
1655165,IT,CZ,BUSIN,SECO9,0.05,4625.181,3,3,4625.181,0.0,0.0,0.0,0.0,92503.62
1723874,IT,PT,FURNI,PROCE,0.01,4624.944,3,3,4624.944,0.0,0.0,0.0,0.0,462494.4
1780867,IT,TW,RESEA,VEGE1,0.03,4624.93,3,3,4624.93,0.0,0.0,0.0,0.0,154164.333333
1713822,IT,MT,FURNI,RESEA,0.01,4624.901,3,3,4624.901,0.0,0.0,0.0,0.0,462490.1
1740701,IT,US,CHEMI,PARAF,0.01,4624.883,3,3,4624.883,0.0,0.0,0.0,0.0,462488.3
1722569,IT,PT,FISH5,RAWMI,0.02,4624.537,4,4,4624.535,0.0,0.0,0.0,0.002,231226.85
1712390,IT,LV,GLASS,RENTI,0.01,4624.462,3,3,4624.462,0.0,0.0,0.0,0.0,462446.2
1676747,IT,FR,LANDT,PLANT,0.03,4624.213,3,3,4624.213,0.0,0.0,0.0,0.0,154140.433333
1778544,IT,TR,RETA1,FOUND,0.05,4624.132,3,3,4624.132,0.0,0.0,0.0,0.0,92482.64
1687058,IT,HU,MOTO1,PLAST,0.02,4624.109,3,3,4624.109,0.0,0.0,0.0,0.0,231205.45
1784169,IT,ID,PAPER,MEDIC,0.02,4624.05,3,3,4624.05,0.0,0.0,0.0,0.0,231202.5
1796313,IT,WL,SALEM,CHARC,0.04,4624.001,3,3,4624.001,0.0,0.0,0.0,0.0,115600.025
1651780,IT,CY,OFFIC,EDUCA,0.01,4623.811,3,3,4623.811,0.0,0.0,0.0,0.0,462381.1
1765119,IT,MX,COMPU,FINAN,0.05,4623.739,3,3,4623.739,0.0,0.0,0.0,0.0,92474.78
1775182,IT,CH,RESEA,CEMEN,0.03,4623.635,3,3,4623.635,0.0,0.0,0.0,0.0,154121.166667
1680111,IT,GR,OFFIC,TEXTI,0.01,4623.089,3,3,4623.089,0.0,0.0,0.0,0.0,462308.9
1661671,IT,DK,TEXTI,SEACO,0.03,4623.064,3,3,4623.064,0.0,0.0,0.0,0.0,154102.133333
1787074,IT,ZA,BUSIN,PRECI,0.05,4623.053,3,3,4623.053,0.0,0.0,0.0,0.0,92461.06
1768439,IT,AU,DAIRY,WEARI,0.02,4622.953,3,3,4622.953,0.0,0.0,0.0,0.0,231147.65
1727986,IT,SE,STONE,WHOLE,0.01,4622.951,3,3,4622.951,0.0,0.0,0.0,0.0,462295.1
1687867,IT,HU,AUXIL,AUXIL,0.08,4622.854,3,3,4622.854,0.0,0.0,0.0,0.0,57785.675
1736658,IT,SK,INSUR,MOTO1,0.1,4622.813,3,3,4622.813,0.0,0.0,0.0,0.0,46228.13
1684023,IT,HR,HOTEL,POULT,0.03,4622.685,3,3,4622.685,0.0,0.0,0.0,0.0,154089.5
1715323,IT,NL,PAPER,FOODW,0.02,4622.673,3,3,4622.673,0.0,0.0,0.0,0.0,231133.65
1770942,IT,CH,VEGET,WEARI,0.02,4622.557,3,3,4622.557,0.0,0.0,0.0,0.0,231127.85
1739680,IT,GB,SUPPO,SUGA1,0.03,4622.55,3,3,4622.55,0.0,0.0,0.0,0.0,154085.0
1664752,IT,EE,RENTI,RETA1,0.03,4622.492,3,3,4622.492,0.0,0.0,0.0,0.0,154083.066667
1795934,IT,WL,MOTO1,SANDC,0.02,4622.472,3,3,4622.472,0.0,0.0,0.0,0.0,231123.6
1640395,IT,AT,MEAT4,BEVER,0.03,4622.325,3,3,4622.325,0.0,0.0,0.0,0.0,154077.5
1645706,IT,BE,ADDIT,LANDT,0.01,4622.294,3,3,4622.294,0.0,0.0,0.0,0.0,462229.4
1672808,IT,FR,MEAT1,FISH5,0.02,4622.265,3,3,4622.265,0.0,0.0,0.0,0.0,231113.25
1797401,IT,WL,COMPU,CHEM1,0.05,4622.257,3,3,4622.257,0.0,0.0,0.0,0.0,92445.14
1771621,IT,CH,WEARI,CATTL,0.03,4622.021,3,3,4622.021,0.0,0.0,0.0,0.0,154067.366667
1747944,IT,JP,RESEA,HEAVY,0.03,4621.96,3,3,4621.96,0.0,0.0,0.0,0.0,154065.333333
1739764,IT,GB,POSTT,TEXTI,0.08,4621.854,3,3,4621.854,0.0,0.0,0.0,0.0,57773.175
1745368,IT,JP,VEGE1,RADIO,0.01,4621.712,3,3,4621.712,0.0,0.0,0.0,0.0,462171.2
1786236,IT,ZA,COPP1,TRANS,0.01,4621.685,3,3,4621.685,0.0,0.0,0.0,0.0,462168.5
1741100,IT,US,TEXTI,FOOD4,0.03,4621.372,3,3,4621.372,0.0,0.0,0.0,0.0,154045.733333
1789491,IT,WA,ADDIT,REFIN,0.01,4621.075,3,3,4621.075,0.0,0.0,0.0,0.0,462107.5
1760615,IT,IN,WOODW,MEMBE,0.01,4621.052,3,3,4621.052,0.0,0.0,0.0,0.0,462105.2
1740454,IT,GB,WASTE,WHOLE,0.01,4620.791,3,3,4620.791,0.0,0.0,0.0,0.0,462079.1
1787263,IT,WA,VEGET,MACHI,0.02,4620.429,3,3,4620.429,0.0,0.0,0.0,0.0,231021.45
1648916,IT,BG,WEARI,FOOD5,0.03,4620.122,3,3,4620.122,0.0,0.0,0.0,0.0,154004.066667
1798504,IT,WE,STONE,PIGS9,0.01,4620.06,3,3,4620.06,0.0,0.0,0.0,0.0,462006.0
1782983,IT,NO,SUPPO,RENTI,0.03,4620.017,3,3,4620.017,0.0,0.0,0.0,0.0,154000.566667
1726747,IT,RO,SALEM,WHEAT,0.04,4619.979,3,3,4619.979,0.0,0.0,0.0,0.0,115499.475
1669153,IT,ES,POSTT,NAPHT,0.08,4619.636,3,3,4619.636,0.0,0.0,0.0,0.0,57745.45
1750973,IT,CN,RETAI,ELECT,0.04,4619.343,3,3,4619.343,0.0,0.0,0.0,0.0,115483.575
1733128,IT,SI,FABRI,ELECT,0.02,4619.338,3,3,4619.338,0.0,0.0,0.0,0.0,230966.9
1709428,IT,LT,TEXTI,PIGS9,0.03,4619.076,3,3,4619.076,0.0,0.0,0.0,0.0,153969.2
1684957,IT,HU,MEAT4,MEATA,0.03,4618.868,3,3,4618.868,0.0,0.0,0.0,0.0,153962.266667
1749224,IT,CN,PAPER,TOBAC,0.02,4618.847,3,3,4618.847,0.0,0.0,0.0,0.0,230942.35
1807964,IT,WF,PLAS1,RADIO,0.02,4618.844,3,3,4618.844,0.0,0.0,0.0,0.0,230942.2
1775660,IT,TR,PADDY,FOUND,0.05,4618.838,3,3,4618.838,0.0,0.0,0.0,0.0,92376.76
1750694,IT,CN,MOTO1,ELEC2,0.02,4618.705,3,3,4618.705,0.0,0.0,0.0,0.0,230935.25
1655194,IT,CZ,BUSIN,RENTI,0.05,4618.675,3,3,4618.675,0.0,0.0,0.0,0.0,92373.5
1762827,IT,IN,PUBLI,ELECT,0.08,4618.41,3,3,4618.41,0.0,0.0,0.0,0.0,57730.125
1678426,IT,FR,INERT,WOOD1,0.03,4618.137,3,3,4618.137,0.0,0.0,0.0,0.0,153937.9
1758389,IT,BR,FABRI,NONSP,0.02,4618.132,3,3,4618.132,0.0,0.0,0.0,0.0,230906.6
1786975,IT,ZA,INSUR,CEREA,0.1,4618.115,3,3,4618.115,0.0,0.0,0.0,0.0,46181.15
1776408,IT,TR,PRINT,AUXIL,0.04,4617.616,3,3,4617.616,0.0,0.0,0.0,0.0,115440.4
1673252,IT,FR,FISH5,RADIO,0.02,4617.597,4,4,4617.595,0.0,0.0,0.0,0.002,230879.85
1663964,IT,EE,PAPER,PLAST,0.02,4617.483,3,3,4617.483,0.0,0.0,0.0,0.0,230874.15
1809108,IT,WM,CROPS,ETHAN,0.04,4617.331,3,3,4617.331,0.0,0.0,0.0,0.0,115433.275
1650588,IT,BG,ELEC8,BIODI,0.06,4617.099,3,3,4617.099,0.0,0.0,0.0,0.0,76951.65
1725129,IT,RO,MEATC,PROCE,0.02,4616.755,3,3,4616.755,0.0,0.0,0.0,0.0,230837.75
1679149,IT,GR,PAPER,TRAN2,0.02,4616.233,3,3,4616.233,0.0,0.0,0.0,0.0,230811.65
1646957,IT,BE,WHOLE,OILHA,0.04,4616.222,3,3,4616.222,0.0,0.0,0.0,0.0,115405.55
1664355,IT,EE,FABRI,STEAM,0.02,4616.162,3,3,4616.162,0.0,0.0,0.0,0.0,230808.1
1673384,IT,FR,WEARI,OILSE,0.03,4615.806,3,3,4615.806,0.0,0.0,0.0,0.0,153860.2
1649021,IT,BG,WOODW,CERAM,0.01,4615.544,3,3,4615.544,0.0,0.0,0.0,0.0,461554.4
1718101,IT,PL,MEAT4,BUSIN,0.03,4615.463,3,3,4615.463,0.0,0.0,0.0,0.0,153848.766667
1745200,IT,JP,CROPS,WHOLE,0.04,4615.153,3,3,4615.153,0.0,0.0,0.0,0.0,115378.825
1768444,IT,AU,DAIRY,ELECT,0.02,4614.986,3,3,4614.986,0.0,0.0,0.0,0.0,230749.3
1641053,IT,AT,PAPER,IRONO,0.02,4614.978,3,3,4614.978,0.0,0.0,0.0,0.0,230748.9
1722034,IT,PL,RESEA,WHOLE,0.03,4614.814,3,3,4614.814,0.0,0.0,0.0,0.0,153827.133333
1760337,IT,IN,STONE,SUPPO,0.01,4614.596,3,3,4614.596,0.0,0.0,0.0,0.0,461459.6
1792392,IT,WA,INSUR,TEXTI,0.1,4614.333,3,3,4614.333,0.0,0.0,0.0,0.0,46143.33
1643023,IT,AT,CONST,ELEC5,0.03,4614.299,3,3,4614.299,0.0,0.0,0.0,0.0,153809.966667
1663400,IT,DK,POSTT,PUBLI,0.08,4613.962,3,3,4613.962,0.0,0.0,0.0,0.0,57674.525
1730713,IT,SE,COMPU,FINAN,0.05,4613.595,3,3,4613.595,0.0,0.0,0.0,0.0,92271.9
1669055,IT,ES,SUPPO,ALUM1,0.03,4613.235,3,3,4613.235,0.0,0.0,0.0,0.0,153774.5
1654436,IT,CZ,WHOLE,RECRE,0.04,4612.98,3,3,4612.98,0.0,0.0,0.0,0.0,115324.5
1688299,IT,IE,CHEMI,RAWMI,0.01,4612.735,3,3,4612.735,0.0,0.0,0.0,0.0,461273.5
1664476,IT,EE,OFFIC,BUSIN,0.01,4612.566,3,3,4612.566,0.0,0.0,0.0,0.0,461256.6
1814311,IT,WM,FINAN,FOOD5,0.06,4612.552,3,3,4612.552,0.0,0.0,0.0,0.0,76875.866667
1791313,IT,WA,SALEM,PADDY,0.04,4612.552,3,3,4612.552,0.0,0.0,0.0,0.0,115313.8
1722169,IT,PL,BUSIN,OILHA,0.05,4612.384,3,3,4612.384,0.0,0.0,0.0,0.0,92247.68
1650644,IT,BG,WHOLE,PRECI,0.04,4612.111,3,3,4612.111,0.0,0.0,0.0,0.0,115302.775
1744865,IT,US,BUSIN,POULT,0.05,4611.807,3,3,4611.807,0.0,0.0,0.0,0.0,92236.14
1771013,IT,CH,CATTL,RESEA,0.01,4611.765,3,3,4611.765,0.0,0.0,0.0,0.0,461176.5
1808438,IT,WF,FOOD4,CHEMI,0.03,4611.703,3,3,4611.703,0.0,0.0,0.0,0.0,153723.433333
1765644,IT,RU,PULP5,PAPER,0.01,4611.586,3,3,4611.586,0.0,0.0,0.0,0.0,461158.6
1642789,IT,AT,MACHI,FOODW,0.03,4611.456,3,3,4611.456,0.0,0.0,0.0,0.0,153715.2
1740334,IT,GB,PUBLI,AUXIL,0.08,4611.43,3,3,4611.43,0.0,0.0,0.0,0.0,57642.875
1797960,IT,WL,FOOD4,93197,0.03,4611.243,3,3,4611.243,0.0,0.0,0.0,0.0,153708.1
1644158,IT,AT,RECRE,DAIRY,0.06,4610.761,3,3,4610.761,0.0,0.0,0.0,0.0,76846.016667
1810209,IT,WM,LEATH,RAWMI,0.03,4610.479,3,3,4610.479,0.0,0.0,0.0,0.0,153682.633333
1749831,IT,CN,RUBBE,LIQUE,0.02,4610.435,3,3,4610.435,0.0,0.0,0.0,0.0,230521.75
1663997,IT,EE,PAPER,93197,0.02,4610.295,3,3,4610.295,0.0,0.0,0.0,0.0,230514.75
1643108,IT,AT,WHOLE,RAILW,0.04,4610.089,3,3,4610.089,0.0,0.0,0.0,0.0,115252.225
1767415,IT,RU,LANDT,LEAD1,0.03,4610.044,3,3,4610.044,0.0,0.0,0.0,0.0,153668.133333
1741208,IT,US,WOODW,PLAST,0.01,4609.824,3,3,4609.824,0.0,0.0,0.0,0.0,460982.4
1678128,IT,FR,PAPE1,PAPE4,0.03,4609.753,3,3,4609.753,0.0,0.0,0.0,0.0,153658.433333
1750736,IT,CN,TRANS,NATUR,0.03,4609.454,3,3,4609.454,0.0,0.0,0.0,0.0,153648.466667
1771337,IT,CH,DAIRY,PAPE1,0.02,4609.334,3,3,4609.334,0.0,0.0,0.0,0.0,230466.7
1781561,IT,NO,TEXTI,FOOD2,0.03,4608.944,3,3,4608.944,0.0,0.0,0.0,0.0,153631.466667
1667539,IT,ES,FABRI,ELEC6,0.02,4608.873,3,3,4608.873,0.0,0.0,0.0,0.0,230443.65
1767357,IT,RU,RAILW,POSTT,0.03,4608.783,3,3,4608.783,0.0,0.0,0.0,0.0,153626.1
1725200,IT,RO,DAIRY,POSTT,0.02,4608.681,3,3,4608.681,0.0,0.0,0.0,0.0,230434.05
1714816,IT,NL,FOOD5,WOODW,0.02,4608.609,3,3,4608.609,0.0,0.0,0.0,0.0,230430.45
1667678,IT,ES,MACHI,SECO9,0.03,4608.355,3,3,4608.355,0.0,0.0,0.0,0.0,153611.833333
1791719,IT,WA,RAILW,FISHF,0.03,4608.333,3,3,4608.333,0.0,0.0,0.0,0.0,153611.1
1649982,IT,BG,FABRI,EDUCA,0.02,4608.216,3,3,4608.216,0.0,0.0,0.0,0.0,230410.8
1678270,IT,FR,FOOD2,MACHI,0.03,4608.089,3,3,4608.089,0.0,0.0,0.0,0.0,153602.966667
1787179,IT,ZA,PUBLI,SUPPO,0.08,4607.981,3,3,4607.981,0.0,0.0,0.0,0.0,57599.7625
1735597,IT,SK,COPP1,PRINT,0.01,4607.625,3,3,4607.625,0.0,0.0,0.0,0.0,460762.5
1644268,IT,BE,CROPS,RUBBE,0.04,4607.435,3,3,4607.435,0.0,0.0,0.0,0.0,115185.875
1774281,IT,CH,HOTEL,OILSE,0.03,4607.335,3,3,4607.335,0.0,0.0,0.0,0.0,153577.833333
1740762,IT,US,MEAT4,LIQUI,0.03,4607.3,3,3,4607.3,0.0,0.0,0.0,0.0,153576.666667
1789724,IT,WA,GLASS,COKIN,0.01,4607.121,3,3,4607.121,0.0,0.0,0.0,0.0,460712.1
1648753,IT,BG,BEVER,PIGS9,0.02,4606.874,3,3,4606.874,0.0,0.0,0.0,0.0,230343.7
1760227,IT,BR,INERT,POSTT,0.03,4606.705,3,3,4606.705,0.0,0.0,0.0,0.0,153556.833333
1809950,IT,WM,FISH5,DAIRY,0.02,4606.653,4,4,4606.651,0.0,0.0,0.0,0.002,230332.65
1659728,IT,DE,RAILW,SALEM,0.03,4606.379,3,3,4606.379,0.0,0.0,0.0,0.0,153545.966667
1666881,IT,ES,GLASS,LEAD1,0.01,4606.043,3,3,4606.043,0.0,0.0,0.0,0.0,460604.3
1728152,IT,SE,DAIRY,DIST1,0.02,4605.987,3,3,4605.987,0.0,0.0,0.0,0.0,230299.35
1753063,IT,CA,ADDIT,REFI1,0.01,4605.98,3,3,4605.98,0.0,0.0,0.0,0.0,460598.0
1650476,IT,BG,ELEC5,FABRI,0.06,4605.925,3,3,4605.925,0.0,0.0,0.0,0.0,76765.416667
1716732,IT,NL,RETA1,CRUDE,0.05,4605.828,3,3,4605.828,0.0,0.0,0.0,0.0,92116.56
1748181,IT,JP,PAPE1,VEGET,0.03,4605.776,3,3,4605.776,0.0,0.0,0.0,0.0,153525.866667
1803634,IT,WF,FOOD5,BASIC,0.02,4605.422,3,3,4605.422,0.0,0.0,0.0,0.0,230271.1
1790932,IT,WA,OFFIC,TRAN2,0.01,4605.357,3,3,4605.357,0.0,0.0,0.0,0.0,460535.7
1725171,IT,RO,VEGE1,FURNI,0.01,4605.277,3,3,4605.277,0.0,0.0,0.0,0.0,460527.7
1659251,IT,DE,SALEM,RADIO,0.04,4605.189,3,3,4605.189,0.0,0.0,0.0,0.0,115129.725
1678112,IT,FR,PAPE1,SALEM,0.03,4605.029,3,3,4605.029,0.0,0.0,0.0,0.0,153500.966667
1783550,IT,NO,FOOD1,LEAD1,0.02,4604.71,3,3,4604.71,0.0,0.0,0.0,0.0,230235.5
1671542,IT,FI,OFFIC,MACHI,0.01,4604.646,3,3,4604.646,0.0,0.0,0.0,0.0,460464.6
1796215,IT,WL,FURNI,ELEC1,0.01,4604.144,3,3,4604.144,0.0,0.0,0.0,0.0,460414.4
1773413,IT,CH,OFFIC,MEAT1,0.01,4603.479,3,3,4603.479,0.0,0.0,0.0,0.0,460347.9
1663030,IT,DK,HOTEL,ELEC7,0.03,4603.05,3,3,4603.05,0.0,0.0,0.0,0.0,153435.0
1802069,IT,WE,RETA1,RAWMI,0.05,4602.943,3,3,4602.943,0.0,0.0,0.0,0.0,92058.86
1722382,IT,PT,CHEMI,PFERT,0.01,4602.438,3,3,4602.438,0.0,0.0,0.0,0.0,460243.8
1779935,IT,TW,CONST,COPP1,0.03,4602.358,3,3,4602.358,0.0,0.0,0.0,0.0,153411.933333
1663540,IT,DK,COMPU,ELECT,0.05,4601.813,3,3,4601.813,0.0,0.0,0.0,0.0,92036.26
1746032,IT,JP,PAPER,RETAI,0.02,4601.442,3,3,4601.442,0.0,0.0,0.0,0.0,230072.1
1775784,IT,TR,SANDC,GASDI,0.01,4601.099,4,4,4600.099,0.0,0.0,1.0,0.0,460109.9
1665534,IT,ES,WEARI,FOOD3,0.03,4600.901,3,3,4600.901,0.0,0.0,0.0,0.0,153363.366667
1651563,IT,CY,RUBBE,AUXIL,0.02,4600.826,3,3,4600.826,0.0,0.0,0.0,0.0,230041.3
1735280,IT,SK,GLASS,PREC1,0.01,4600.185,3,3,4600.185,0.0,0.0,0.0,0.0,460018.5
1729990,IT,SE,SALEM,TEXTI,0.04,4600.014,3,3,4600.014,0.0,0.0,0.0,0.0,115000.35
1739021,IT,GB,SALEM,FOODW,0.04,4599.905,3,3,4599.905,0.0,0.0,0.0,0.0,114997.625
1781327,IT,NO,VEGE1,AIRTR,0.01,4599.421,3,3,4599.421,0.0,0.0,0.0,0.0,459942.1
1677422,IT,FR,INSUR,RETAI,0.09,4599.324,3,3,4599.324,0.0,0.0,0.0,0.0,51103.6
1777865,IT,TR,FABRI,FOOD2,0.02,4599.288,3,3,4599.288,0.0,0.0,0.0,0.0,229964.4
1721171,IT,PL,RAILW,COMPU,0.03,4599.126,3,3,4599.126,0.0,0.0,0.0,0.0,153304.2
1731462,IT,SI,BEVER,PLAST,0.02,4599.073,3,3,4599.073,0.0,0.0,0.0,0.0,229953.65
1743305,IT,US,FURNI,AUXIL,0.01,4598.919,3,3,4598.919,0.0,0.0,0.0,0.0,459891.9
1668360,IT,ES,RETA1,PADDY,0.05,4598.886,3,3,4598.886,0.0,0.0,0.0,0.0,91977.72
1646283,IT,BE,COPP1,NONF1,0.01,4598.57,3,3,4598.57,0.0,0.0,0.0,0.0,459857.0
1779892,IT,TW,CONST,PADDY,0.03,4598.363,3,3,4598.363,0.0,0.0,0.0,0.0,153278.766667
1746691,IT,JP,FABRI,GASDI,0.02,4597.893,3,3,4597.893,0.0,0.0,0.0,0.0,229894.65
1717283,IT,NL,POSTT,INSUR,0.08,4597.486,3,3,4597.486,0.0,0.0,0.0,0.0,57468.575
1778273,IT,TR,SALEM,STONE,0.04,4597.333,3,3,4597.333,0.0,0.0,0.0,0.0,114933.325
1716691,IT,NL,WHOLE,ELEC1,0.04,4597.249,3,3,4597.249,0.0,0.0,0.0,0.0,114931.225
1778306,IT,TR,SALEM,TRANS,0.04,4597.027,3,3,4597.027,0.0,0.0,0.0,0.0,114925.675
1796449,IT,WL,WHOLE,MEMBE,0.04,4597.019,3,3,4597.019,0.0,0.0,0.0,0.0,114925.475
1672916,IT,FR,VEGE1,OILHA,0.01,4596.847,3,3,4596.847,0.0,0.0,0.0,0.0,459684.7
1678191,IT,FR,INTER,RECRE,0.03,4596.487,3,3,4596.487,0.0,0.0,0.0,0.0,153216.233333
1678320,IT,FR,WASTE,RUBBE,0.01,4596.451,3,3,4596.451,0.0,0.0,0.0,0.0,459645.1
1670035,IT,ES,FOOD1,MACHI,0.02,4595.935,3,3,4595.935,0.0,0.0,0.0,0.0,229796.75
1714198,IT,MT,INSUR,RETA1,0.09,4595.849,3,3,4595.849,0.0,0.0,0.0,0.0,51064.988889
1744863,IT,US,BUSIN,CATTL,0.05,4595.455,3,3,4595.455,0.0,0.0,0.0,0.0,91909.1
1777863,IT,TR,FABRI,INTER,0.02,4595.306,3,3,4595.306,0.0,0.0,0.0,0.0,229765.3
1776235,IT,TR,WOODW,PUBLI,0.01,4594.206,3,3,4594.206,0.0,0.0,0.0,0.0,459420.6
1683800,IT,HR,OFFIC,FURNI,0.01,4594.121,3,3,4594.121,0.0,0.0,0.0,0.0,459412.1
1746890,IT,JP,MOTO1,MEATA,0.02,4593.977,3,3,4593.977,0.0,0.0,0.0,0.0,229698.85
1736782,IT,SK,COMPU,MOTOR,0.05,4593.849,3,3,4593.849,0.0,0.0,0.0,0.0,91876.98
1717950,IT,PL,STONE,BUSIN,0.01,4593.673,3,3,4593.673,0.0,0.0,0.0,0.0,459367.3
1788038,IT,WA,TEXTI,COPP1,0.03,4593.63,3,3,4593.63,0.0,0.0,0.0,0.0,153121.0
1664985,IT,ES,CHEMI,SUGA1,0.01,4593.368,3,3,4593.368,0.0,0.0,0.0,0.0,459336.8
1653775,IT,CZ,COPP1,RETAI,0.01,4592.987,3,3,4592.987,0.0,0.0,0.0,0.0,459298.7
1654584,IT,CZ,RAILW,RUBBE,0.03,4592.754,3,3,4592.754,0.0,0.0,0.0,0.0,153091.8
1678577,IT,GR,POULT,MEAT1,0.01,4592.665,3,3,4592.665,0.0,0.0,0.0,0.0,459266.5
1723244,IT,PT,GLASS,SANDC,0.01,4592.465,3,3,4592.465,0.0,0.0,0.0,0.0,459246.5
1671550,IT,FI,OFFIC,INSUR,0.01,4592.437,3,3,4592.437,0.0,0.0,0.0,0.0,459243.7
1663943,IT,EE,WOODW,LANDT,0.01,4591.703,3,3,4591.703,0.0,0.0,0.0,0.0,459170.3
1726867,IT,RO,RETA1,CHEM1,0.05,4591.528,3,3,4591.528,0.0,0.0,0.0,0.0,91830.56
1727072,IT,RO,RAILW,INTER,0.03,4591.497,3,3,4591.497,0.0,0.0,0.0,0.0,153049.9
1767745,IT,RU,FINAN,HEALT,0.06,4591.229,3,3,4591.229,0.0,0.0,0.0,0.0,76520.483333
1640259,IT,AT,STONE,PAPER,0.01,4591.223,3,3,4591.223,0.0,0.0,0.0,0.0,459122.3
1685516,IT,HU,PAPER,LIQUE,0.02,4591.167,3,3,4591.167,0.0,0.0,0.0,0.0,229558.35
1734412,IT,SK,VEGET,FABRI,0.02,4591.154,3,3,4591.154,0.0,0.0,0.0,0.0,229557.7
1808136,IT,WF,WOOD1,BUSIN,0.03,4590.735,3,3,4590.735,0.0,0.0,0.0,0.0,153024.5
1807673,IT,WF,BUSIN,LEADZ,0.05,4590.666,3,3,4590.666,0.0,0.0,0.0,0.0,91813.32
1753390,IT,CA,COPP1,PREC1,0.01,4590.499,3,3,4590.499,0.0,0.0,0.0,0.0,459049.9
1780920,IT,TW,RESEA,RAILW,0.02,4590.222,3,3,4590.222,0.0,0.0,0.0,0.0,229511.1
1686747,IT,HU,COPP1,OILHA,0.01,4590.073,3,3,4590.073,0.0,0.0,0.0,0.0,459007.3
1784324,IT,ID,RUBBE,PADDY,0.02,4590.0,3,3,4590.0,0.0,0.0,0.0,0.0,229500.0
1640390,IT,AT,MEAT1,SUPPO,0.02,4589.849,3,3,4589.849,0.0,0.0,0.0,0.0,229492.45
1787579,IT,WA,MEATC,RETA1,0.02,4589.767,3,3,4589.767,0.0,0.0,0.0,0.0,229488.35
1678949,IT,GR,TEXTI,RESEA,0.03,4589.555,3,3,4589.555,0.0,0.0,0.0,0.0,152985.166667
1797679,IT,WL,PLAS1,NATUR,0.02,4589.502,3,3,4589.502,0.0,0.0,0.0,0.0,229475.1
1784669,IT,ID,OFFIC,BUSIN,0.01,4589.441,3,3,4589.441,0.0,0.0,0.0,0.0,458944.1
1771685,IT,CH,WEARI,AUXIL,0.03,4589.44,3,3,4589.44,0.0,0.0,0.0,0.0,152981.333333
1744219,IT,US,POSTT,BIOGA,0.08,4589.39,3,3,4589.39,0.0,0.0,0.0,0.0,57367.375
1814170,IT,WM,SUPPO,NONFE,0.03,4588.845,3,3,4588.845,0.0,0.0,0.0,0.0,152961.5
1768980,IT,AU,PAPER,RETAI,0.02,4588.5,3,3,4588.5,0.0,0.0,0.0,0.0,229425.0
1658952,IT,DE,FURNI,TEXT1,0.01,4588.396,3,3,4588.396,0.0,0.0,0.0,0.0,458839.6
1777864,IT,TR,FABRI,OILHA,0.02,4588.368,3,3,4588.368,0.0,0.0,0.0,0.0,229418.4
1788472,IT,WA,PULP5,ALUM1,0.01,4588.348,3,3,4588.348,0.0,0.0,0.0,0.0,458834.8
1655717,IT,DE,CHEMI,FOOD2,0.01,4588.149,3,3,4588.149,0.0,0.0,0.0,0.0,458814.9
1739687,IT,GB,SUPPO,LEATH,0.03,4587.873,3,3,4587.873,0.0,0.0,0.0,0.0,152929.1
1729533,IT,SE,COPP1,PRECI,0.01,4587.859,3,3,4587.859,0.0,0.0,0.0,0.0,458785.9
1759477,IT,BR,AUXIL,HOTEL,0.08,4587.587,3,3,4587.587,0.0,0.0,0.0,0.0,57344.8375
1798972,IT,WE,TOBAC,CONST,0.02,4587.546,3,3,4587.546,0.0,0.0,0.0,0.0,229377.3
1754632,IT,KR,STONE,VEGET,0.01,4587.28,3,3,4587.28,0.0,0.0,0.0,0.0,458728.0
1727700,IT,RO,COMPU,MOTOR,0.05,4587.192,3,3,4587.192,0.0,0.0,0.0,0.0,91743.84
1722447,IT,PT,VEGE1,RETA1,0.01,4587.084,3,3,4587.084,0.0,0.0,0.0,0.0,458708.4
1779664,IT,TR,RESEA,PREC1,0.02,4587.057,3,3,4587.057,0.0,0.0,0.0,0.0,229352.85
1769765,IT,AU,MACHI,BIODI,0.03,4586.922,3,3,4586.922,0.0,0.0,0.0,0.0,152897.4
1775470,IT,CH,PLAS1,CONST,0.02,4586.815,3,3,4586.815,0.0,0.0,0.0,0.0,229340.75
1644517,IT,BE,DAIRY,RAILW,0.02,4586.767,3,3,4586.767,0.0,0.0,0.0,0.0,229338.35
1731292,IT,SI,VEGE1,MEATA,0.01,4586.725,3,3,4586.725,0.0,0.0,0.0,0.0,458672.5
1726805,IT,RO,WHOLE,BEVER,0.04,4586.541,3,3,4586.541,0.0,0.0,0.0,0.0,114663.525
1716642,IT,NL,RETAI,CONST,0.04,4586.528,3,3,4586.528,0.0,0.0,0.0,0.0,114663.2
1758585,IT,BR,MOTO1,BASIC,0.02,4586.493,3,3,4586.493,0.0,0.0,0.0,0.0,229324.65
1797799,IT,WL,OILHA,SALEM,0.03,4586.479,3,3,4586.479,0.0,0.0,0.0,0.0,152882.633333
1720587,IT,PL,OFFIC,INTER,0.01,4586.24,3,3,4586.24,0.0,0.0,0.0,0.0,458624.0
1677542,IT,FR,AUXIL,PAPE4,0.08,4586.146,3,3,4586.146,0.0,0.0,0.0,0.0,57326.825
1655208,IT,CZ,BUSIN,WASTE,0.05,4585.777,3,3,4585.777,0.0,0.0,0.0,0.0,91715.54
1807889,IT,WF,PAPE1,COMPU,0.03,4585.722,3,3,4585.722,0.0,0.0,0.0,0.0,152857.4
1662714,IT,DK,MACHI,WOOD1,0.03,4585.514,3,3,4585.514,0.0,0.0,0.0,0.0,152850.466667
1814610,IT,WM,BUSIN,FOOD3,0.05,4585.468,3,3,4585.468,0.0,0.0,0.0,0.0,91709.36
1711828,IT,LU,FOODW,MACHI,0.03,4585.339,3,3,4585.339,0.0,0.0,0.0,0.0,152844.633333
1656293,IT,DE,LEATH,GLASS,0.03,4585.233,3,3,4585.233,0.0,0.0,0.0,0.0,152841.1
1743251,IT,US,FURNI,POULT,0.01,4585.189,3,3,4585.189,0.0,0.0,0.0,0.0,458518.9
1650623,IT,BG,CONST,BASIC,0.03,4585.099,3,3,4585.099,0.0,0.0,0.0,0.0,152836.633333
1736807,IT,SK,COMPU,LANDT,0.05,4585.05,3,3,4585.05,0.0,0.0,0.0,0.0,91701.0
1755240,IT,KR,PAPER,PADDY,0.02,4584.97,3,3,4584.97,0.0,0.0,0.0,0.0,229248.5
1757356,IT,BR,TEXTI,MEMBE,0.03,4584.914,3,3,4584.914,0.0,0.0,0.0,0.0,152830.466667
1774014,IT,CH,RETAI,PULP5,0.04,4584.846,3,3,4584.846,0.0,0.0,0.0,0.0,114621.15
1747387,IT,JP,RETA1,RECRE,0.05,4584.663,3,3,4584.663,0.0,0.0,0.0,0.0,91693.26
1754476,IT,CA,BUSIN,MEAT1,0.05,4584.634,3,3,4584.634,0.0,0.0,0.0,0.0,91692.68
1724282,IT,PT,LANDT,LEAD1,0.03,4584.591,3,3,4584.591,0.0,0.0,0.0,0.0,152819.7
1782500,IT,NO,MACHI,WASTE,0.03,4584.497,3,3,4584.497,0.0,0.0,0.0,0.0,152816.566667
1652146,IT,CZ,MEAT4,WHOLE,0.03,4584.323,3,3,4584.323,0.0,0.0,0.0,0.0,152810.766667
1761330,IT,IN,GLASS,LIQUE,0.01,4584.303,3,3,4584.303,0.0,0.0,0.0,0.0,458430.3
1665541,IT,ES,WEARI,WOOD2,0.03,4584.291,3,3,4584.291,0.0,0.0,0.0,0.0,152809.7
1731001,IT,SE,FOOD2,WHOLE,0.03,4584.239,3,3,4584.239,0.0,0.0,0.0,0.0,152807.966667
1678049,IT,FR,EDUCA,COMPU,0.11,4584.203,3,3,4584.203,0.0,0.0,0.0,0.0,41674.572727
1729722,IT,SE,MACHI,MEATP,0.03,4583.984,3,3,4583.984,0.0,0.0,0.0,0.0,152799.466667
1797950,IT,WL,FOOD4,POSTT,0.03,4583.903,3,3,4583.903,0.0,0.0,0.0,0.0,152796.766667
1669605,IT,ES,RENTI,CERAM,0.03,4583.887,3,3,4583.887,0.0,0.0,0.0,0.0,152796.233333
1798359,IT,WE,MEATA,TRANS,0.02,4583.867,3,3,4583.867,0.0,0.0,0.0,0.0,229193.35
1672913,IT,FR,VEGE1,FOODW,0.01,4583.821,3,3,4583.821,0.0,0.0,0.0,0.0,458382.1
1646337,IT,BE,FABRI,PROCE,0.02,4583.727,3,3,4583.727,0.0,0.0,0.0,0.0,229186.35
1722338,IT,PT,FORES,OFFIC,0.04,4583.526,4,4,4581.526,0.0,2.0,0.0,0.0,114588.15
1806545,IT,WF,FURNI,COPP1,0.01,4583.417,3,3,4583.417,0.0,0.0,0.0,0.0,458341.7
1736360,IT,SK,RAILW,PUBLI,0.03,4583.386,3,3,4583.386,0.0,0.0,0.0,0.0,152779.533333
1777870,IT,TR,FABRI,PLAS2,0.02,4583.116,3,3,4583.116,0.0,0.0,0.0,0.0,229155.8
1795566,IT,WL,COPP1,PREC1,0.01,4583.048,3,3,4583.048,0.0,0.0,0.0,0.0,458304.8
1727736,IT,RO,COMPU,EDUCA,0.05,4582.819,3,3,4582.819,0.0,0.0,0.0,0.0,91656.38
1726783,IT,RO,RETAI,AIRTR,0.04,4582.442,3,3,4582.442,0.0,0.0,0.0,0.0,114561.05
1727522,IT,RO,AUXIL,WASTE,0.08,4581.814,3,3,4581.814,0.0,0.0,0.0,0.0,57272.675
1678043,IT,FR,EDUCA,AIRTR,0.11,4581.57,3,3,4581.57,0.0,0.0,0.0,0.0,41650.636364
1758323,IT,BR,COPP1,FURNI,0.01,4581.443,3,3,4581.443,0.0,0.0,0.0,0.0,458144.3
1725318,IT,RO,BEVER,FINAN,0.02,4581.178,3,3,4581.178,0.0,0.0,0.0,0.0,229058.9
1792840,IT,WA,EDUCA,KEROS,0.11,4581.113,3,3,4581.113,0.0,0.0,0.0,0.0,41646.481818
1678727,IT,GR,DAIRY,EDUCA,0.02,4581.0,3,3,4581.0,0.0,0.0,0.0,0.0,229050.0
1778812,IT,TR,LANDT,ELE12,0.03,4580.659,3,3,4580.659,0.0,0.0,0.0,0.0,152688.633333
1663096,IT,DK,RAILW,MEDIC,0.03,4580.601,3,3,4580.601,0.0,0.0,0.0,0.0,152686.7
1671562,IT,FI,OFFIC,SEWAG,0.01,4580.557,3,3,4580.557,0.0,0.0,0.0,0.0,458055.7
1775462,IT,CH,PLAS1,WOODW,0.02,4580.454,3,3,4580.454,0.0,0.0,0.0,0.0,229022.7
1665116,IT,ES,VEGE1,93197,0.01,4580.08,3,3,4580.08,0.0,0.0,0.0,0.0,458008.0
1739153,IT,GB,RETA1,MEATP,0.05,4579.806,3,3,4579.806,0.0,0.0,0.0,0.0,91596.12
1683859,IT,HR,MOTO1,AIRTR,0.02,4579.762,3,3,4579.762,0.0,0.0,0.0,0.0,228988.1
1678780,IT,GR,FOOD5,TEXTI,0.02,4579.69,3,3,4579.69,0.0,0.0,0.0,0.0,228984.5
1782440,IT,NO,MACHI,PAPER,0.03,4579.592,3,3,4579.592,0.0,0.0,0.0,0.0,152653.066667
1793357,IT,WL,VEGET,MEATP,0.02,4579.366,3,3,4579.366,0.0,0.0,0.0,0.0,228968.3
1716816,IT,NL,HOTEL,VEGET,0.03,4579.266,3,3,4579.266,0.0,0.0,0.0,0.0,152642.2
1785086,IT,ZA,SANDC,SUPPO,0.01,4578.885,4,4,4577.885,0.0,0.0,1.0,0.0,457888.5
1757404,IT,BR,WOODW,RUBBE,0.01,4578.861,3,3,4578.861,0.0,0.0,0.0,0.0,457886.1
1711167,IT,LU,FABRI,AIRTR,0.02,4578.787,3,3,4578.787,0.0,0.0,0.0,0.0,228939.35
1725573,IT,RO,WOODW,MEATP,0.01,4578.766,3,3,4578.766,0.0,0.0,0.0,0.0,457876.6
1756407,IT,KR,FURNI,RENTI,0.01,4578.47,3,3,4578.47,0.0,0.0,0.0,0.0,457847.0
1675491,IT,FR,OFFIC,COPP1,0.01,4578.097,3,3,4578.097,0.0,0.0,0.0,0.0,457809.7
1758018,IT,BR,RUBBE,PREC1,0.02,4577.987,3,3,4577.987,0.0,0.0,0.0,0.0,228899.35
1647563,IT,BE,SUPPO,SEWAG,0.03,4577.805,3,3,4577.805,0.0,0.0,0.0,0.0,152593.5
1754152,IT,CA,SUPPO,MEAT1,0.03,4577.7,3,3,4577.7,0.0,0.0,0.0,0.0,152590.0
1683147,IT,HR,GLASS,WHEAT,0.01,4577.679,3,3,4577.679,0.0,0.0,0.0,0.0,457767.9
1653967,IT,CZ,MACHI,FISH5,0.03,4577.656,3,3,4577.656,0.0,0.0,0.0,0.0,152588.533333
1723280,IT,PT,GLASS,RAILW,0.01,4577.65,3,3,4577.65,0.0,0.0,0.0,0.0,457765.0
1777873,IT,TR,FABRI,WOOD2,0.02,4577.409,3,3,4577.409,0.0,0.0,0.0,0.0,228870.45
1654787,IT,CZ,SUPPO,GASDI,0.03,4577.3,3,3,4577.3,0.0,0.0,0.0,0.0,152576.666667
1731846,IT,SI,PRINT,DAIRY,0.04,4577.24,3,3,4577.24,0.0,0.0,0.0,0.0,114431.0
1646296,IT,BE,COPP1,POSTT,0.01,4577.001,3,3,4577.001,0.0,0.0,0.0,0.0,457700.1
1678089,IT,FR,FOODW,PLAS1,0.03,4576.73,3,3,4576.73,0.0,0.0,0.0,0.0,152557.666667
1678178,IT,FR,INTER,POSTT,0.03,4576.69,3,3,4576.69,0.0,0.0,0.0,0.0,152556.333333
1686744,IT,HU,COPP1,FOODW,0.01,4576.23,3,3,4576.23,0.0,0.0,0.0,0.0,457623.0
1736031,IT,SK,FURNI,VEGET,0.01,4576.183,3,3,4576.183,0.0,0.0,0.0,0.0,457618.3
1783279,IT,NO,FOODW,FOUND,0.03,4576.068,3,3,4576.068,0.0,0.0,0.0,0.0,152535.6
1719389,IT,PL,RUBBE,COKEO,0.02,4576.031,3,3,4576.031,0.0,0.0,0.0,0.0,228801.55
1793060,IT,WA,PAPE4,WHOLE,0.03,4575.972,3,3,4575.972,0.0,0.0,0.0,0.0,152532.4
1669120,IT,ES,POSTT,FISHF,0.08,4575.892,3,3,4575.892,0.0,0.0,0.0,0.0,57198.65
1690340,IT,IE,FOOD2,RECRE,0.03,4575.742,3,3,4575.742,0.0,0.0,0.0,0.0,152524.733333
1681361,IT,GR,INSUR,PUBLI,0.09,4575.431,3,3,4575.431,0.0,0.0,0.0,0.0,50838.122222
1785245,IT,ZA,TEXTI,PLAST,0.03,4575.279,3,3,4575.279,0.0,0.0,0.0,0.0,152509.3
1785233,IT,ZA,TEXTI,LEATH,0.03,4575.099,3,3,4575.099,0.0,0.0,0.0,0.0,152503.3
1647624,IT,BE,POSTT,REALE,0.08,4575.044,3,3,4575.044,0.0,0.0,0.0,0.0,57188.05
1773390,IT,CH,MACHI,PAPE2,0.03,4574.9,3,3,4574.9,0.0,0.0,0.0,0.0,152496.666667
1670702,IT,FI,WOODW,RENTI,0.01,4574.894,3,3,4574.894,0.0,0.0,0.0,0.0,457489.4
1658313,IT,DE,COPP1,RETAI,0.01,4574.861,3,3,4574.861,0.0,0.0,0.0,0.0,457486.1
1722745,IT,PT,PAPER,STONE,0.02,4574.704,3,3,4574.704,0.0,0.0,0.0,0.0,228735.2
1726715,IT,RO,FURNI,CEMEN,0.01,4574.657,3,3,4574.657,0.0,0.0,0.0,0.0,457465.7
1734097,IT,SI,INSUR,HOTEL,0.09,4574.63,3,3,4574.63,0.0,0.0,0.0,0.0,50829.222222
1674582,IT,FR,RUBBE,BLAST,0.02,4574.443,3,3,4574.443,0.0,0.0,0.0,0.0,228722.15
1673261,IT,FR,FISH5,SEACO,0.02,4574.231,4,4,4574.229,0.0,0.0,0.0,0.002,228711.55
1650181,IT,BG,MOTO1,TRAN2,0.02,4574.215,3,3,4574.215,0.0,0.0,0.0,0.0,228710.75
1727093,IT,RO,LANDT,CRUDE,0.03,4574.144,3,3,4574.144,0.0,0.0,0.0,0.0,152471.466667
1717952,IT,PL,SANDC,CRUDE,0.01,4573.929,4,4,4572.929,0.0,0.0,1.0,0.0,457392.9
1659673,IT,DE,HOTEL,INERT,0.03,4573.67,3,3,4573.67,0.0,0.0,0.0,0.0,152455.666667
1789075,IT,WA,WHITE,LEAD1,0.02,4573.617,3,3,4573.617,0.0,0.0,0.0,0.0,228680.85
1787503,IT,WA,CHEMI,NONFE,0.01,4573.351,3,3,4573.351,0.0,0.0,0.0,0.0,457335.1
1723871,IT,PT,FURNI,VEGET,0.01,4573.315,3,3,4573.315,0.0,0.0,0.0,0.0,457331.5
1752323,IT,CA,CHEMI,BUSIN,0.01,4573.263,3,3,4573.263,0.0,0.0,0.0,0.0,457326.3
1752282,IT,CA,STONE,FABRI,0.01,4573.261,3,3,4573.261,0.0,0.0,0.0,0.0,457326.1
1726467,IT,RO,FABRI,ELEC2,0.02,4573.217,3,3,4573.217,0.0,0.0,0.0,0.0,228660.85
1733380,IT,SI,TRANS,WASTE,0.03,4573.131,3,3,4573.131,0.0,0.0,0.0,0.0,152437.7
1731459,IT,SI,BEVER,WOODW,0.02,4573.086,3,3,4573.086,0.0,0.0,0.0,0.0,228654.3
1732497,IT,SI,RUBBE,CROPS,0.02,4572.976,3,3,4572.976,0.0,0.0,0.0,0.0,228648.8
1720964,IT,PL,WHOLE,MACHI,0.04,4572.932,3,3,4572.932,0.0,0.0,0.0,0.0,114323.3
1665634,IT,ES,WOODW,ALUM1,0.01,4572.816,3,3,4572.816,0.0,0.0,0.0,0.0,457281.6
1665640,IT,ES,WOODW,RADIO,0.01,4572.53,3,3,4572.53,0.0,0.0,0.0,0.0,457253.0
1712539,IT,LV,FABRI,EDUCA,0.02,4572.449,3,3,4572.449,0.0,0.0,0.0,0.0,228622.45
1755189,IT,KR,WOODW,VEGET,0.01,4572.107,3,3,4572.107,0.0,0.0,0.0,0.0,457210.7
1782439,IT,NO,MACHI,PULP5,0.03,4572.038,3,3,4572.038,0.0,0.0,0.0,0.0,152401.266667
1799463,IT,WE,PAPER,BIODI,0.02,4571.834,3,3,4571.834,0.0,0.0,0.0,0.0,228591.7
1717317,IT,NL,FINAN,WEARI,0.06,4571.827,3,3,4571.827,0.0,0.0,0.0,0.0,76197.116667
1670146,IT,ES,INERT,PLAS2,0.03,4571.741,3,3,4571.741,0.0,0.0,0.0,0.0,152391.366667
1807635,IT,WF,RESEA,ELEC2,0.02,4571.67,3,3,4571.67,0.0,0.0,0.0,0.0,228583.5
1809582,IT,WM,VEGE1,LEAD1,0.01,4571.524,3,3,4571.524,0.0,0.0,0.0,0.0,457152.4
1731475,IT,SI,BEVER,DISTR,0.02,4571.33,3,3,4571.33,0.0,0.0,0.0,0.0,228566.5
1643097,IT,AT,WHOLE,FURNI,0.04,4570.971,3,3,4570.971,0.0,0.0,0.0,0.0,114274.275
1735981,IT,SK,MOTO1,SEWAG,0.02,4570.838,3,3,4570.838,0.0,0.0,0.0,0.0,228541.9
1677559,IT,FR,REALE,RAWMI,0.19,4570.764,3,3,4570.764,0.0,0.0,0.0,0.0,24056.652632
1689207,IT,IE,RETAI,WHOLE,0.04,4570.52,3,3,4570.52,0.0,0.0,0.0,0.0,114263.0
1684203,IT,HR,LANDT,FOOD4,0.03,4570.297,3,3,4570.297,0.0,0.0,0.0,0.0,152343.233333
1754424,IT,CA,RENTI,FINAN,0.03,4570.028,3,3,4570.028,0.0,0.0,0.0,0.0,152334.266667
1737220,IT,GB,PROCE,PLAST,0.03,4570.014,3,3,4570.014,0.0,0.0,0.0,0.0,152333.8
1727248,IT,RO,SUPPO,ELEC3,0.03,4569.602,3,3,4569.602,0.0,0.0,0.0,0.0,152320.066667
1808700,IT,WF,TEXT2,PADDY,0.03,4569.344,3,3,4569.344,0.0,0.0,0.0,0.0,152311.466667
1678342,IT,FR,FOOD4,DAIRY,0.03,4569.047,3,3,4569.047,0.0,0.0,0.0,0.0,152301.566667
1688298,IT,IE,CHEMI,CATTL,0.01,4568.982,3,3,4568.982,0.0,0.0,0.0,0.0,456898.2
1730980,IT,SE,WOOD1,INTER,0.03,4568.763,3,3,4568.763,0.0,0.0,0.0,0.0,152292.1
1661397,IT,DK,VEGE1,MEAT4,0.01,4568.247,3,3,4568.247,0.0,0.0,0.0,0.0,456824.7
1719543,IT,PL,GLASS,ELEC5,0.01,4568.214,3,3,4568.214,0.0,0.0,0.0,0.0,456821.4
1688021,IT,HU,RENTI,FOOD3,0.03,4567.841,3,3,4567.841,0.0,0.0,0.0,0.0,152261.366667
1727291,IT,RO,POSTT,MEAT1,0.08,4567.784,3,3,4567.784,0.0,0.0,0.0,0.0,57097.3
1758586,IT,BR,MOTO1,ALUM1,0.02,4567.765,3,3,4567.765,0.0,0.0,0.0,0.0,228388.25
1709856,IT,LT,GLASS,PAPER,0.01,4567.659,3,3,4567.659,0.0,0.0,0.0,0.0,456765.9
1795095,IT,WL,RUBBE,STONE,0.02,4567.497,3,3,4567.497,0.0,0.0,0.0,0.0,228374.85
1753544,IT,CA,MACHI,REFIN,0.03,4567.321,3,3,4567.321,0.0,0.0,0.0,0.0,152244.033333
1771214,IT,CH,VEGE1,PROCE,0.01,4567.205,3,3,4567.205,0.0,0.0,0.0,0.0,456720.5
1786450,IT,ZA,MOTO1,COKIN,0.02,4566.938,3,3,4566.938,0.0,0.0,0.0,0.0,228346.9
1799146,IT,WE,WEARI,BRICK,0.03,4566.514,3,3,4566.514,0.0,0.0,0.0,0.0,152217.133333
1733313,IT,SI,MOTO1,RETAI,0.02,4566.005,3,3,4566.005,0.0,0.0,0.0,0.0,228300.25
1681658,IT,HR,VEGET,PRINT,0.02,4565.942,3,3,4565.942,0.0,0.0,0.0,0.0,228297.1
1652806,IT,CZ,PRINT,WOODW,0.04,4565.868,3,3,4565.868,0.0,0.0,0.0,0.0,114146.7
1640893,IT,AT,LEATH,RADIO,0.03,4565.868,3,3,4565.868,0.0,0.0,0.0,0.0,152195.6
1644749,IT,BE,FISH5,RAWMI,0.02,4565.848,4,4,4565.846,0.0,0.0,0.0,0.002,228292.4
1657503,IT,DE,RUBBE,FOOD4,0.02,4565.817,3,3,4565.817,0.0,0.0,0.0,0.0,228290.85
1722444,IT,PT,VEGE1,LEATH,0.01,4565.719,3,3,4565.719,0.0,0.0,0.0,0.0,456571.9
1741212,IT,US,WOODW,GLASS,0.01,4565.57,3,3,4565.57,0.0,0.0,0.0,0.0,456557.0
1767590,IT,RU,SUPPO,WOODW,0.03,4565.341,3,3,4565.341,0.0,0.0,0.0,0.0,152178.033333
1743370,IT,US,SALEM,CHEM1,0.04,4565.073,3,3,4565.073,0.0,0.0,0.0,0.0,114126.825
1788216,IT,WA,LEATH,WOOLS,0.03,4564.993,3,3,4564.993,0.0,0.0,0.0,0.0,152166.433333
1686882,IT,HU,MACHI,SUGAR,0.03,4564.605,3,3,4564.605,0.0,0.0,0.0,0.0,152153.5
1738622,IT,GB,FABRI,FOOD3,0.02,4564.185,3,3,4564.185,0.0,0.0,0.0,0.0,228209.25
1781340,IT,NO,DAIRY,CRUDE,0.02,4564.088,3,3,4564.088,0.0,0.0,0.0,0.0,228204.4
1754416,IT,CA,RENTI,WHOLE,0.03,4564.021,3,3,4564.021,0.0,0.0,0.0,0.0,152134.033333
1642797,IT,AT,MACHI,WASTE,0.03,4563.73,3,3,4563.73,0.0,0.0,0.0,0.0,152124.333333
1687723,IT,HU,SUPPO,PAPER,0.03,4563.67,3,3,4563.67,0.0,0.0,0.0,0.0,152122.333333
1679643,IT,GR,GLASS,BRICK,0.01,4563.221,3,3,4563.221,0.0,0.0,0.0,0.0,456322.1
1752628,IT,CA,TEXTI,COPP1,0.03,4563.154,3,3,4563.154,0.0,0.0,0.0,0.0,152105.133333
1768363,IT,AU,MEAT4,ELEC7,0.03,4563.027,3,3,4563.027,0.0,0.0,0.0,0.0,152100.9
1678293,IT,FR,FOOD3,CHEM1,0.01,4562.991,3,3,4562.991,0.0,0.0,0.0,0.0,456299.1
1651782,IT,CY,MOTO1,PAPER,0.02,4562.826,3,3,4562.826,0.0,0.0,0.0,0.0,228141.3
1724506,IT,PT,POSTT,FOOD5,0.08,4562.697,3,3,4562.697,0.0,0.0,0.0,0.0,57033.7125
1768493,IT,AU,FOOD5,BITUM,0.02,4562.674,3,3,4562.674,0.0,0.0,0.0,0.0,228133.7
1742117,IT,US,RUBBE,STEAM,0.02,4562.465,3,3,4562.465,0.0,0.0,0.0,0.0,228123.25
1642540,IT,AT,COPP1,SALEM,0.01,4562.426,3,3,4562.426,0.0,0.0,0.0,0.0,456242.6
1808750,IT,WF,TEXT2,MEMBE,0.03,4562.397,3,3,4562.397,0.0,0.0,0.0,0.0,152079.9
1810200,IT,WM,LEATH,WHEAT,0.03,4562.395,3,3,4562.395,0.0,0.0,0.0,0.0,152079.833333
1747981,IT,JP,RESEA,INSUR,0.02,4562.392,3,3,4562.392,0.0,0.0,0.0,0.0,228119.6
1749150,IT,CN,WOODW,MEMBE,0.01,4562.199,3,3,4562.199,0.0,0.0,0.0,0.0,456219.9
1746099,IT,JP,PRINT,SEACO,0.04,4562.106,3,3,4562.106,0.0,0.0,0.0,0.0,114052.65
1686827,IT,HU,FABRI,MEDIC,0.02,4561.862,3,3,4561.862,0.0,0.0,0.0,0.0,228093.1
1651753,IT,CY,MACHI,LANDT,0.03,4561.857,3,3,4561.857,0.0,0.0,0.0,0.0,152061.9
1682301,IT,HR,LEATH,FOOD3,0.03,4561.512,3,3,4561.512,0.0,0.0,0.0,0.0,152050.4
1652128,IT,CZ,MEATP,WHOLE,0.02,4561.452,3,3,4561.452,0.0,0.0,0.0,0.0,228072.6
1669542,IT,ES,REALE,PLAST,0.19,4561.394,3,3,4561.394,0.0,0.0,0.0,0.0,24007.336842
1678723,IT,GR,DAIRY,RENTI,0.02,4561.22,3,3,4561.22,0.0,0.0,0.0,0.0,228061.0
1745949,IT,JP,WOODW,CEMEN,0.01,4561.215,3,3,4561.215,0.0,0.0,0.0,0.0,456121.5
1685481,IT,HU,PULP5,BUSIN,0.01,4561.171,3,3,4561.171,0.0,0.0,0.0,0.0,456117.1
1685350,IT,HU,LEATH,PIGS9,0.03,4561.082,3,3,4561.082,0.0,0.0,0.0,0.0,152036.066667
1730881,IT,SE,FOODW,INTER,0.03,4560.882,3,3,4560.882,0.0,0.0,0.0,0.0,152029.4
1672552,IT,FR,VEGET,POULT,0.02,4560.861,3,3,4560.861,0.0,0.0,0.0,0.0,228043.05
1681478,IT,GR,COMPU,REALE,0.05,4560.8,3,3,4560.8,0.0,0.0,0.0,0.0,91216.0
1783553,IT,NO,FOOD1,FOUND,0.02,4560.583,3,3,4560.583,0.0,0.0,0.0,0.0,228029.15
1747932,IT,JP,COMPU,EDUCA,0.05,4560.524,3,3,4560.524,0.0,0.0,0.0,0.0,91210.48
1647467,IT,BE,SUPPO,VEGET,0.03,4560.444,3,3,4560.444,0.0,0.0,0.0,0.0,152014.8
1643323,IT,AT,RAILW,LIQUE,0.03,4560.318,3,3,4560.318,0.0,0.0,0.0,0.0,152010.6
1713185,IT,MT,TEXTI,93197,0.03,4560.169,3,3,4560.169,0.0,0.0,0.0,0.0,152005.633333
1711921,IT,LU,FOOD3,MOTO1,0.01,4560.126,3,3,4560.126,0.0,0.0,0.0,0.0,456012.6
1734780,IT,SK,WOODW,FOUND,0.01,4559.961,3,3,4559.961,0.0,0.0,0.0,0.0,455996.1
1785077,IT,ZA,FORES,FORES,0.04,4559.744,4,4,4557.744,0.0,2.0,0.0,0.0,113993.6
1669015,IT,ES,SUPPO,DAIRY,0.03,4559.627,3,3,4559.627,0.0,0.0,0.0,0.0,151987.566667
1739486,IT,GB,LANDT,ELECT,0.03,4559.626,3,3,4559.626,0.0,0.0,0.0,0.0,151987.533333
1739491,IT,GB,LANDT,ELEC1,0.03,4559.605,3,3,4559.605,0.0,0.0,0.0,0.0,151986.833333
1814278,IT,WM,POSTT,RAILW,0.08,4559.483,3,3,4559.483,0.0,0.0,0.0,0.0,56993.5375
1715282,IT,NL,PAPER,NONME,0.02,4559.421,3,3,4559.421,0.0,0.0,0.0,0.0,227971.05
1728279,IT,SE,BEVER,PRINT,0.02,4559.123,3,3,4559.123,0.0,0.0,0.0,0.0,227956.15
1729580,IT,SE,COPP1,FOOD2,0.01,4559.007,3,3,4559.007,0.0,0.0,0.0,0.0,455900.7
1661070,IT,DE,PUBLI,SECO9,0.07,4558.729,3,3,4558.729,0.0,0.0,0.0,0.0,65124.7
1645164,IT,BE,PRINT,OFFIC,0.04,4558.695,3,3,4558.695,0.0,0.0,0.0,0.0,113967.375
1814646,IT,WM,PAPE1,CONST,0.03,4558.66,3,3,4558.66,0.0,0.0,0.0,0.0,151955.333333
1766230,IT,RU,GLASS,COLLE,0.01,4558.511,3,3,4558.511,0.0,0.0,0.0,0.0,455851.1
1788087,IT,WA,TEXTI,INERT,0.03,4558.22,3,3,4558.22,0.0,0.0,0.0,0.0,151940.666667
1683764,IT,HR,MACHI,LANDT,0.03,4558.204,3,3,4558.204,0.0,0.0,0.0,0.0,151940.133333
1770711,IT,AU,INSUR,EDUCA,0.09,4558.143,3,3,4558.143,0.0,0.0,0.0,0.0,50646.033333
1754461,IT,CA,BUSIN,ANIMA,0.05,4557.91,3,3,4557.91,0.0,0.0,0.0,0.0,91158.2
1747795,IT,JP,AUXIL,POSTT,0.08,4557.709,3,3,4557.709,0.0,0.0,0.0,0.0,56971.3625
1778066,IT,TR,OFFIC,MEMBE,0.01,4557.703,3,3,4557.703,0.0,0.0,0.0,0.0,455770.3
1754808,IT,KR,FOOD5,RADIO,0.02,4557.375,3,3,4557.375,0.0,0.0,0.0,0.0,227868.75
1711973,IT,LV,VEGET,SUGA1,0.02,4557.243,3,3,4557.243,0.0,0.0,0.0,0.0,227862.15
1730155,IT,SE,LANDT,SUGA1,0.03,4557.132,3,3,4557.132,0.0,0.0,0.0,0.0,151904.4
1787357,IT,WA,ANIMA,STONE,0.02,4556.794,3,3,4556.794,0.0,0.0,0.0,0.0,227839.7
1671072,IT,FI,RUBBE,STEAM,0.02,4556.742,3,3,4556.742,0.0,0.0,0.0,0.0,227837.1
1778071,IT,TR,MOTO1,POULT,0.02,4556.558,3,3,4556.558,0.0,0.0,0.0,0.0,227827.9
1668654,IT,ES,RAILW,AUXIL,0.03,4556.498,3,3,4556.498,0.0,0.0,0.0,0.0,151883.266667
1748592,IT,CN,VEGE1,ELEC3,0.01,4556.439,3,3,4556.439,0.0,0.0,0.0,0.0,455643.9
1787504,IT,WA,CHEMI,STONE,0.01,4556.435,3,3,4556.435,0.0,0.0,0.0,0.0,455643.5
1765483,IT,RU,WEARI,TOBAC,0.03,4556.408,3,3,4556.408,0.0,0.0,0.0,0.0,151880.266667
1735598,IT,SK,COPP1,COKEO,0.01,4556.161,3,3,4556.161,0.0,0.0,0.0,0.0,455616.1
1770412,IT,AU,LANDT,RECRE,0.03,4556.133,3,3,4556.133,0.0,0.0,0.0,0.0,151871.1
1669336,IT,ES,FINAN,SEACO,0.06,4556.025,3,3,4556.025,0.0,0.0,0.0,0.0,75933.75
1655570,IT,DE,STONE,FOOD4,0.01,4556.005,3,3,4556.005,0.0,0.0,0.0,0.0,455600.5
1801423,IT,WE,MOTO1,PLANT,0.02,4555.938,3,3,4555.938,0.0,0.0,0.0,0.0,227796.9
1760515,IT,IN,WEARI,MACHI,0.03,4555.93,3,3,4555.93,0.0,0.0,0.0,0.0,151864.333333
1757261,IT,BR,VEGE1,HEALT,0.01,4555.697,3,3,4555.697,0.0,0.0,0.0,0.0,455569.7
1659313,IT,DE,RETAI,PRINT,0.04,4555.508,3,3,4555.508,0.0,0.0,0.0,0.0,113887.7
1685189,IT,HU,BEVER,SUPPO,0.02,4555.48,3,3,4555.48,0.0,0.0,0.0,0.0,227774.0
1731199,IT,SI,CHEMI,BRICK,0.01,4555.286,3,3,4555.286,0.0,0.0,0.0,0.0,455528.6
1664838,IT,ES,CROPS,TEXTI,0.04,4555.08,3,3,4555.08,0.0,0.0,0.0,0.0,113877.0
1781521,IT,NO,TEXTI,GLASS,0.03,4555.047,3,3,4555.047,0.0,0.0,0.0,0.0,151834.9
1754430,IT,CA,RENTI,BUSIN,0.03,4554.82,3,3,4554.82,0.0,0.0,0.0,0.0,151827.333333
1754954,IT,KR,TEXTI,COPP1,0.03,4554.652,3,3,4554.652,0.0,0.0,0.0,0.0,151821.733333
1645097,IT,BE,PAPER,TRAN2,0.02,4554.448,3,3,4554.448,0.0,0.0,0.0,0.0,227722.4
1795607,IT,WL,FABRI,ANIMA,0.02,4554.289,3,3,4554.289,0.0,0.0,0.0,0.0,227714.45
1767244,IT,RU,HOTEL,DAIRY,0.03,4554.281,3,3,4554.281,0.0,0.0,0.0,0.0,151809.366667
1727395,IT,RO,FINAN,PLAST,0.06,4554.122,3,3,4554.122,0.0,0.0,0.0,0.0,75902.033333
1655656,IT,DE,CHEMI,TEXTI,0.01,4553.853,3,3,4553.853,0.0,0.0,0.0,0.0,455385.3
1715240,IT,NL,PULP5,PRINT,0.01,4553.806,3,3,4553.806,0.0,0.0,0.0,0.0,455380.6
1678037,IT,FR,EDUCA,WHOLE,0.11,4553.767,3,3,4553.767,0.0,0.0,0.0,0.0,41397.881818
1736096,IT,SK,CONST,FISH5,0.03,4553.74,3,3,4553.74,0.0,0.0,0.0,0.0,151791.333333
1732585,IT,SI,GLASS,PIGS9,0.01,4553.738,3,3,4553.738,0.0,0.0,0.0,0.0,455373.8
1654426,IT,CZ,WHOLE,WHOLE,0.04,4553.346,3,3,4553.346,0.0,0.0,0.0,0.0,113833.65
1775885,IT,TR,PROCE,BEVER,0.03,4553.293,3,3,4553.293,0.0,0.0,0.0,0.0,151776.433333
1804073,IT,WF,PULP5,MEATA,0.01,4553.226,3,3,4553.226,0.0,0.0,0.0,0.0,455322.6
1684152,IT,HR,LANDT,HEAVY,0.03,4553.093,3,3,4553.093,0.0,0.0,0.0,0.0,151769.766667
1649008,IT,BG,WOODW,NONFE,0.01,4552.901,3,3,4552.901,0.0,0.0,0.0,0.0,455290.1
1712647,IT,LV,TRANS,TEXTI,0.03,4552.897,3,3,4552.897,0.0,0.0,0.0,0.0,151763.233333
1684025,IT,HR,HOTEL,RAWMI,0.03,4552.891,3,3,4552.891,0.0,0.0,0.0,0.0,151763.033333
1754687,IT,KR,VEGE1,PROCE,0.01,4552.82,3,3,4552.82,0.0,0.0,0.0,0.0,455282.0
1722280,IT,PL,93197,CONST,0.03,4552.785,3,3,4552.785,0.0,0.0,0.0,0.0,151759.5
1783301,IT,NO,FOODW,FOOD3,0.03,4552.641,3,3,4552.641,0.0,0.0,0.0,0.0,151754.7
1727475,IT,RO,AUXIL,LIQUE,0.08,4552.247,3,3,4552.247,0.0,0.0,0.0,0.0,56903.0875
1797723,IT,WL,PLAS1,BUSIN,0.02,4552.161,3,3,4552.161,0.0,0.0,0.0,0.0,227608.05
1669517,IT,ES,AUXIL,COMPU,0.08,4552.132,3,3,4552.132,0.0,0.0,0.0,0.0,56901.65
1735822,IT,SK,MACHI,TRAN1,0.03,4552.04,3,3,4552.04,0.0,0.0,0.0,0.0,151734.666667
1781573,IT,NO,WEARI,MEATP,0.03,4551.991,3,3,4551.991,0.0,0.0,0.0,0.0,151733.033333
1714836,IT,NL,FOOD5,FURNI,0.02,4551.881,3,3,4551.881,0.0,0.0,0.0,0.0,227594.05
1724588,IT,PT,FINAN,LEATH,0.06,4551.821,3,3,4551.821,0.0,0.0,0.0,0.0,75863.683333
1752182,IT,CN,PUBLI,PLAST,0.07,4551.76,3,3,4551.76,0.0,0.0,0.0,0.0,65025.142857
1680850,IT,GR,LANDT,RAWMI,0.03,4551.479,3,3,4551.479,0.0,0.0,0.0,0.0,151715.966667
1751985,IT,CN,RESEA,NONSP,0.02,4551.411,3,3,4551.411,0.0,0.0,0.0,0.0,227570.55
1802726,IT,WE,RESEA,WEARI,0.02,4551.31,3,3,4551.31,0.0,0.0,0.0,0.0,227565.5
1684663,IT,HR,INERT,PUBLI,0.03,4551.242,3,3,4551.242,0.0,0.0,0.0,0.0,151708.066667
1814641,IT,WM,PAPE1,PFERT,0.03,4550.806,3,3,4550.806,0.0,0.0,0.0,0.0,151693.533333
1760637,IT,IN,PULP5,PREC1,0.01,4550.01,3,3,4550.01,0.0,0.0,0.0,0.0,455001.0
1640783,IT,AT,TEXTI,INTER,0.03,4550.01,3,3,4550.01,0.0,0.0,0.0,0.0,151667.0
1722618,IT,PT,TEXTI,PFERT,0.03,4549.885,3,3,4549.885,0.0,0.0,0.0,0.0,151662.833333
1787813,IT,WA,PROCE,OFFIC,0.03,4549.621,3,3,4549.621,0.0,0.0,0.0,0.0,151654.033333
1775529,IT,CH,WASTE,MACHI,0.01,4549.491,3,3,4549.491,0.0,0.0,0.0,0.0,454949.1
1781586,IT,NO,WEARI,NONME,0.03,4549.354,3,3,4549.354,0.0,0.0,0.0,0.0,151645.133333
1678094,IT,FR,FOODW,WASTE,0.03,4549.078,3,3,4549.078,0.0,0.0,0.0,0.0,151635.933333
1713200,IT,MT,WEARI,HEALT,0.03,4548.874,3,3,4548.874,0.0,0.0,0.0,0.0,151629.133333
1737136,IT,GB,VEGE1,FISHF,0.01,4548.609,3,3,4548.609,0.0,0.0,0.0,0.0,454860.9
1713959,IT,MT,SALEM,RENTI,0.04,4548.424,3,3,4548.424,0.0,0.0,0.0,0.0,113710.6
1729972,IT,SE,CONST,RENTI,0.03,4548.408,3,3,4548.408,0.0,0.0,0.0,0.0,151613.6
1794026,IT,WL,PULP5,BEVER,0.01,4548.345,3,3,4548.345,0.0,0.0,0.0,0.0,454834.5
1709846,IT,LT,GLASS,CROPS,0.01,4548.217,3,3,4548.217,0.0,0.0,0.0,0.0,454821.7
1709546,IT,LT,WOODW,CEMEN,0.01,4548.166,3,3,4548.166,0.0,0.0,0.0,0.0,454816.6
1644707,IT,BE,BEVER,FURNI,0.02,4547.862,3,3,4547.862,0.0,0.0,0.0,0.0,227393.1
1673133,IT,FR,BEVER,STONE,0.02,4547.17,3,3,4547.17,0.0,0.0,0.0,0.0,227358.5
1640710,IT,AT,TEXTI,WHEAT,0.03,4546.994,3,3,4546.994,0.0,0.0,0.0,0.0,151566.466667
1729073,IT,SE,RUBBE,DIST1,0.02,4546.791,3,3,4546.791,0.0,0.0,0.0,0.0,227339.55
1740901,IT,US,PROCE,EDUCA,0.03,4546.69,3,3,4546.69,0.0,0.0,0.0,0.0,151556.333333
1659405,IT,DE,WHOLE,ADDIT,0.04,4546.437,3,3,4546.437,0.0,0.0,0.0,0.0,113660.925
1784653,IT,ID,OFFIC,WOODW,0.01,4546.178,3,3,4546.178,0.0,0.0,0.0,0.0,454617.8
1731356,IT,SI,DAIRY,PUBLI,0.02,4545.994,3,3,4545.994,0.0,0.0,0.0,0.0,227299.7
1752414,IT,CA,VEGE1,BASIC,0.01,4545.895,3,3,4545.895,0.0,0.0,0.0,0.0,454589.5
1652302,IT,CZ,BEVER,BIODI,0.02,4545.664,3,3,4545.664,0.0,0.0,0.0,0.0,227283.2
1673831,IT,FR,PRINT,BASIC,0.04,4545.071,3,3,4545.071,0.0,0.0,0.0,0.0,113626.775
1802146,IT,WE,HOTEL,COKIN,0.03,4544.883,3,3,4544.883,0.0,0.0,0.0,0.0,151496.1
1778647,IT,TR,HOTEL,OFFIC,0.03,4544.756,3,3,4544.756,0.0,0.0,0.0,0.0,151491.866667
1797264,IT,WL,INSUR,TEXTI,0.09,4544.65,3,3,4544.65,0.0,0.0,0.0,0.0,50496.111111
1790519,IT,WA,COPP1,RENTI,0.01,4544.594,3,3,4544.594,0.0,0.0,0.0,0.0,454459.4
1755000,IT,KR,WEARI,FORES,0.03,4544.392,3,3,4544.392,0.0,0.0,0.0,0.0,151479.733333
1802218,IT,WE,RAILW,WEARI,0.03,4544.335,3,3,4544.335,0.0,0.0,0.0,0.0,151477.833333
1687271,IT,HU,WHOLE,ELEC3,0.04,4544.079,3,3,4544.079,0.0,0.0,0.0,0.0,113601.975
1662718,IT,DK,MACHI,FOOD2,0.03,4544.007,3,3,4544.007,0.0,0.0,0.0,0.0,151466.9
1647743,IT,BE,INSUR,RETA1,0.09,4543.907,3,3,4543.907,0.0,0.0,0.0,0.0,50487.855556
1715241,IT,NL,PULP5,PLAST,0.01,4543.898,3,3,4543.898,0.0,0.0,0.0,0.0,454389.8
1791453,IT,WA,WHOLE,ELECT,0.04,4543.87,3,3,4543.87,0.0,0.0,0.0,0.0,113596.75
1786735,IT,ZA,RETA1,COLLE,0.05,4543.408,3,3,4543.408,0.0,0.0,0.0,0.0,90868.16
1736049,IT,SK,FURNI,CERAM,0.01,4543.356,3,3,4543.356,0.0,0.0,0.0,0.0,454335.6
1644464,IT,BE,VEGE1,RADIO,0.01,4543.345,3,3,4543.345,0.0,0.0,0.0,0.0,454334.5
1715888,IT,NL,RUBBE,PLAS1,0.02,4542.815,3,3,4542.815,0.0,0.0,0.0,0.0,227140.75
1726589,IT,RO,OFFIC,PAPE4,0.01,4542.659,3,3,4542.659,0.0,0.0,0.0,0.0,454265.9
1793478,IT,WL,CHEMI,FISHF,0.01,4542.496,3,3,4542.496,0.0,0.0,0.0,0.0,454249.6
1745264,IT,JP,MEATP,CROPS,0.02,4542.15,3,3,4542.15,0.0,0.0,0.0,0.0,227107.5
1761979,IT,IN,FURNI,93197,0.01,4541.965,3,3,4541.965,0.0,0.0,0.0,0.0,454196.5
1725361,IT,RO,TEXTI,FISHF,0.03,4541.223,3,3,4541.223,0.0,0.0,0.0,0.0,151374.1
1799549,IT,WE,PRINT,NONME,0.04,4541.104,3,3,4541.104,0.0,0.0,0.0,0.0,113527.6
1726138,IT,RO,RUBBE,FOOD2,0.02,4540.921,3,3,4540.921,0.0,0.0,0.0,0.0,227046.05
1669378,IT,ES,INSUR,RAWMI,0.09,4540.906,3,3,4540.906,0.0,0.0,0.0,0.0,50454.511111
1729958,IT,SE,CONST,FABRI,0.03,4540.511,3,3,4540.511,0.0,0.0,0.0,0.0,151350.366667
1733273,IT,SI,MACHI,WOOD2,0.03,4540.467,3,3,4540.467,0.0,0.0,0.0,0.0,151348.9
1802141,IT,WE,HOTEL,CEREA,0.03,4540.396,3,3,4540.396,0.0,0.0,0.0,0.0,151346.533333
1775480,IT,CH,PLAS1,COMPU,0.02,4540.386,3,3,4540.386,0.0,0.0,0.0,0.0,227019.3
1747052,IT,JP,FURNI,TOBAC,0.01,4540.378,3,3,4540.378,0.0,0.0,0.0,0.0,454037.8
1720550,IT,PL,OFFIC,ALUM1,0.01,4540.273,3,3,4540.273,0.0,0.0,0.0,0.0,454027.3
1789756,IT,WA,GLASS,BITU1,0.01,4539.668,3,3,4539.668,0.0,0.0,0.0,0.0,453966.8
1740424,IT,GB,SEWAG,INERT,0.04,4539.418,3,3,4539.418,0.0,0.0,0.0,0.0,113485.45
1670312,IT,FI,CHEMI,ELEC5,0.01,4539.269,3,3,4539.269,0.0,0.0,0.0,0.0,453926.9
1660257,IT,DE,POSTT,FOUND,0.07,4539.203,3,3,4539.203,0.0,0.0,0.0,0.0,64845.757143
1803524,IT,WF,VEGE1,BASIC,0.01,4539.004,3,3,4539.004,0.0,0.0,0.0,0.0,453900.4
1641175,IT,AT,PRINT,PREC1,0.04,4538.591,3,3,4538.591,0.0,0.0,0.0,0.0,113464.775
1791389,IT,WA,RETAI,RUBBE,0.04,4538.556,3,3,4538.556,0.0,0.0,0.0,0.0,113463.9
1793288,IT,WA,PRIVA,PREC1,1.01,4538.553,3,3,4538.553,0.0,0.0,0.0,0.0,4493.616832
1786712,IT,ZA,RETA1,PAPER,0.05,4537.933,3,3,4537.933,0.0,0.0,0.0,0.0,90758.66
1662198,IT,DK,RUBBE,93197,0.02,4537.814,3,3,4537.814,0.0,0.0,0.0,0.0,226890.7
1808336,IT,WF,FOOD3,TEXTI,0.01,4537.406,3,3,4537.406,0.0,0.0,0.0,0.0,453740.6
1775688,IT,TR,CROPS,TEXTI,0.04,4537.063,3,3,4537.063,0.0,0.0,0.0,0.0,113426.575
1650108,IT,BG,OFFIC,ELEC1,0.01,4536.807,3,3,4536.807,0.0,0.0,0.0,0.0,453680.7
1783596,IT,NO,FOOD2,SUPPO,0.03,4536.74,3,3,4536.74,0.0,0.0,0.0,0.0,151224.666667
1747361,IT,JP,RETA1,TRANS,0.05,4536.71,3,3,4536.71,0.0,0.0,0.0,0.0,90734.2
1662244,IT,DK,GLASS,PUBLI,0.01,4536.672,3,3,4536.672,0.0,0.0,0.0,0.0,453667.2
1687314,IT,HU,RETA1,TRANS,0.05,4536.331,3,3,4536.331,0.0,0.0,0.0,0.0,90726.62
1762029,IT,IN,WHOLE,COLLE,0.04,4536.249,3,3,4536.249,0.0,0.0,0.0,0.0,113406.225
1736695,IT,SK,AUXIL,BUSIN,0.08,4536.09,3,3,4536.09,0.0,0.0,0.0,0.0,56701.125
1675528,IT,FR,OFFIC,WASTE,0.01,4536.072,3,3,4536.072,0.0,0.0,0.0,0.0,453607.2
1787348,IT,WA,MEATA,STONE,0.02,4535.797,3,3,4535.797,0.0,0.0,0.0,0.0,226789.85
1665243,IT,ES,BEVER,ANIMA,0.02,4535.76,3,3,4535.76,0.0,0.0,0.0,0.0,226788.0
1681865,IT,HR,VEGE1,SEACO,0.01,4535.756,3,3,4535.756,0.0,0.0,0.0,0.0,453575.6
1712738,IT,LV,LANDT,WHEAT,0.03,4535.632,3,3,4535.632,0.0,0.0,0.0,0.0,151187.733333
1672478,IT,FI,PAPE4,BASIC,0.03,4535.481,3,3,4535.481,0.0,0.0,0.0,0.0,151182.7
1722281,IT,PL,93197,WHOLE,0.03,4535.268,3,3,4535.268,0.0,0.0,0.0,0.0,151175.6
1664725,IT,EE,SUPPO,RAILW,0.03,4535.069,3,3,4535.069,0.0,0.0,0.0,0.0,151168.966667
1787608,IT,WA,MEAT1,WHOLE,0.02,4534.876,3,3,4534.876,0.0,0.0,0.0,0.0,226743.8
1753446,IT,CA,FABRI,LUBRI,0.02,4534.81,3,3,4534.81,0.0,0.0,0.0,0.0,226740.5
1791716,IT,WA,RAILW,POULT,0.03,4534.706,3,3,4534.706,0.0,0.0,0.0,0.0,151156.866667
1654246,IT,CZ,TRANS,RETA1,0.03,4534.633,3,3,4534.633,0.0,0.0,0.0,0.0,151154.433333
1672109,IT,FI,POSTT,FABRI,0.07,4534.524,3,3,4534.524,0.0,0.0,0.0,0.0,64778.914286
1751892,IT,CN,COMPU,HEAVY,0.05,4534.3,3,3,4534.3,0.0,0.0,0.0,0.0,90686.0
1735599,IT,SK,COPP1,COALT,0.01,4533.991,3,3,4533.991,0.0,0.0,0.0,0.0,453399.1
1668586,IT,ES,HOTEL,WOOD1,0.03,4533.729,3,3,4533.729,0.0,0.0,0.0,0.0,151124.3
1714629,IT,NL,MEATC,REALE,0.02,4533.675,3,3,4533.675,0.0,0.0,0.0,0.0,226683.75
1795861,IT,WL,OFFIC,TOBAC,0.01,4533.111,3,3,4533.111,0.0,0.0,0.0,0.0,453311.1
1652027,IT,CZ,VEGET,RETAI,0.02,4532.811,3,3,4532.811,0.0,0.0,0.0,0.0,226640.55
1722514,IT,PT,FOOD5,ELEC1,0.02,4532.709,3,3,4532.709,0.0,0.0,0.0,0.0,226635.45
1721138,IT,PL,RAILW,PFERT,0.03,4532.639,3,3,4532.639,0.0,0.0,0.0,0.0,151087.966667
1681746,IT,HR,STONE,STEAM,0.01,4532.523,3,3,4532.523,0.0,0.0,0.0,0.0,453252.3
1671512,IT,FI,MACHI,SECO9,0.03,4532.243,3,3,4532.243,0.0,0.0,0.0,0.0,151074.766667
1781725,IT,NO,PAPER,BEVER,0.02,4532.163,3,3,4532.163,0.0,0.0,0.0,0.0,226608.15
1752606,IT,CA,TEXTI,PRECI,0.03,4532.001,3,3,4532.001,0.0,0.0,0.0,0.0,151066.7
1748581,IT,CN,VEGE1,FOUND,0.01,4531.953,3,3,4531.953,0.0,0.0,0.0,0.0,453195.3
1766940,IT,RU,MOTO1,FISH5,0.02,4531.653,3,3,4531.653,0.0,0.0,0.0,0.0,226582.65
1646446,IT,BE,MACHI,LEATH,0.03,4531.488,3,3,4531.488,0.0,0.0,0.0,0.0,151049.6
1650138,IT,BG,MOTO1,LIGNI,0.02,4531.437,3,3,4531.437,0.0,0.0,0.0,0.0,226571.85
1714640,IT,NL,MEATP,MEATP,0.02,4531.235,3,3,4531.235,0.0,0.0,0.0,0.0,226561.75
1746634,IT,JP,COPP1,CROPS,0.01,4530.599,3,3,4530.599,0.0,0.0,0.0,0.0,453059.9
1731874,IT,SI,PRINT,RETAI,0.04,4530.459,3,3,4530.459,0.0,0.0,0.0,0.0,113261.475
1681908,IT,HR,DAIRY,REALE,0.02,4529.971,3,3,4529.971,0.0,0.0,0.0,0.0,226498.55
1752003,IT,CN,RESEA,FOUND,0.02,4529.005,3,3,4529.005,0.0,0.0,0.0,0.0,226450.25
1737567,IT,GB,PULP5,RESEA,0.01,4528.879,3,3,4528.879,0.0,0.0,0.0,0.0,452887.9
1756997,IT,KR,BUSIN,PADDY,0.05,4528.69,3,3,4528.69,0.0,0.0,0.0,0.0,90573.8
1742055,IT,US,RUBBE,CHEMI,0.02,4528.427,3,3,4528.427,0.0,0.0,0.0,0.0,226421.35
1748594,IT,CN,VEGE1,ELEC5,0.01,4528.368,3,3,4528.368,0.0,0.0,0.0,0.0,452836.8
1658865,IT,DE,TRANS,CHEM1,0.03,4528.199,3,3,4528.199,0.0,0.0,0.0,0.0,150939.966667
1678648,IT,GR,MEATC,EDUCA,0.02,4528.18,3,3,4528.18,0.0,0.0,0.0,0.0,226409.0
1712326,IT,LV,RUBBE,NONME,0.02,4528.153,3,3,4528.153,0.0,0.0,0.0,0.0,226407.65
1650140,IT,BG,MOTO1,MEAT1,0.02,4528.146,3,3,4528.146,0.0,0.0,0.0,0.0,226407.3
1770156,IT,AU,RETA1,CHEM1,0.05,4527.911,3,3,4527.911,0.0,0.0,0.0,0.0,90558.22
1734689,IT,SK,LEATH,SUGA1,0.03,4527.762,3,3,4527.762,0.0,0.0,0.0,0.0,150925.4
1731009,IT,SE,FOOD3,BIOG1,0.01,4527.726,3,3,4527.726,0.0,0.0,0.0,0.0,452772.6
1777889,IT,TR,MACHI,SUBBI,0.03,4527.485,3,3,4527.485,0.0,0.0,0.0,0.0,150916.166667
1801867,IT,WE,CONST,BEVER,0.03,4527.201,3,3,4527.201,0.0,0.0,0.0,0.0,150906.7
1801231,IT,WE,FABRI,GASWO,0.02,4527.171,3,3,4527.171,0.0,0.0,0.0,0.0,226358.55
1711918,IT,LU,FOOD3,BASIC,0.01,4527.112,3,3,4527.112,0.0,0.0,0.0,0.0,452711.2
1665606,IT,ES,WOODW,MEATC,0.01,4526.922,3,3,4526.922,0.0,0.0,0.0,0.0,452692.2
1647177,IT,BE,RAILW,SALEM,0.03,4526.725,3,3,4526.725,0.0,0.0,0.0,0.0,150890.833333
1678290,IT,FR,FOOD2,RECRE,0.03,4526.523,3,3,4526.523,0.0,0.0,0.0,0.0,150884.1
1675529,IT,FR,OFFIC,FOOD4,0.01,4526.32,3,3,4526.32,0.0,0.0,0.0,0.0,452632.0
1683123,IT,HR,RUBBE,SEACO,0.01,4526.31,3,3,4526.31,0.0,0.0,0.0,0.0,452631.0
1740538,IT,GB,93197,COMPU,0.03,4526.025,3,3,4526.025,0.0,0.0,0.0,0.0,150867.5
1736038,IT,SK,FURNI,FOOD5,0.01,4525.726,3,3,4525.726,0.0,0.0,0.0,0.0,452572.6
1783371,IT,NO,PLAS1,OFFIC,0.02,4525.529,3,3,4525.529,0.0,0.0,0.0,0.0,226276.45
1775552,IT,CH,PAPE4,BUSIN,0.03,4524.891,3,3,4524.891,0.0,0.0,0.0,0.0,150829.7
1670531,IT,FI,FISH5,PLAST,0.02,4524.568,4,4,4524.566,0.0,0.0,0.0,0.002,226228.4
1646866,IT,BE,WHOLE,RAWMI,0.04,4524.544,3,3,4524.544,0.0,0.0,0.0,0.0,113113.6
1786324,IT,ZA,FABRI,93197,0.02,4524.366,3,3,4524.366,0.0,0.0,0.0,0.0,226218.3
1733539,IT,SI,RETA1,VEGET,0.05,4524.31,3,3,4524.31,0.0,0.0,0.0,0.0,90486.2
1684919,IT,HU,CHEMI,RUBBE,0.01,4524.3,3,3,4524.3,0.0,0.0,0.0,0.0,452430.0
1650876,IT,BG,LANDT,RENTI,0.03,4524.281,3,3,4524.281,0.0,0.0,0.0,0.0,150809.366667
1731243,IT,SI,MEATP,ANIMA,0.02,4524.042,3,3,4524.042,0.0,0.0,0.0,0.0,226202.1
1806978,IT,WF,LANDT,MOTOR,0.03,4524.035,3,3,4524.035,0.0,0.0,0.0,0.0,150801.166667
1737213,IT,GB,PROCE,MEAT4,0.03,4523.872,3,3,4523.872,0.0,0.0,0.0,0.0,150795.733333
1680868,IT,GR,LANDT,PRINT,0.03,4523.648,3,3,4523.648,0.0,0.0,0.0,0.0,150788.266667
1801807,IT,WE,ELEC5,FORES,0.05,4523.608,3,3,4523.608,0.0,0.0,0.0,0.0,90472.16
1722855,IT,PT,PRINT,CERAM,0.04,4523.166,3,3,4523.166,0.0,0.0,0.0,0.0,113079.15
1655607,IT,DE,SANDC,ELEC6,0.01,4523.135,4,4,4522.135,0.0,0.0,1.0,0.0,452313.5
1741299,IT,US,PAPER,NONF1,0.02,4523.059,3,3,4523.059,0.0,0.0,0.0,0.0,226152.95
1797395,IT,WL,COMPU,MOTOR,0.05,4522.887,3,3,4522.887,0.0,0.0,0.0,0.0,90457.74
1689705,IT,IE,FINAN,MEATA,0.06,4522.822,3,3,4522.822,0.0,0.0,0.0,0.0,75380.366667
1671390,IT,FI,FABRI,MEATP,0.02,4522.575,3,3,4522.575,0.0,0.0,0.0,0.0,226128.75
1712952,IT,MT,VEGET,REALE,0.02,4522.425,3,3,4522.425,0.0,0.0,0.0,0.0,226121.25
1714299,IT,MT,PUBLI,HOTEL,0.07,4522.154,3,3,4522.154,0.0,0.0,0.0,0.0,64602.2
1781262,IT,NO,CHEMI,VEGE1,0.01,4522.133,3,3,4522.133,0.0,0.0,0.0,0.0,452213.3
1651589,IT,CY,GLASS,LEAD1,0.01,4521.996,3,3,4521.996,0.0,0.0,0.0,0.0,452199.6
1747033,IT,JP,TRANS,POSTT,0.03,4521.951,3,3,4521.951,0.0,0.0,0.0,0.0,150731.7
1792402,IT,WA,INSUR,BIODI,0.09,4521.915,3,3,4521.915,0.0,0.0,0.0,0.0,50243.5
1779670,IT,TR,RESEA,OFFIC,0.02,4521.911,3,3,4521.911,0.0,0.0,0.0,0.0,226095.55
1813620,IT,WM,RETA1,CATTL,0.05,4521.762,3,3,4521.762,0.0,0.0,0.0,0.0,90435.24
1677155,IT,FR,POSTT,PAPER,0.07,4521.478,3,3,4521.478,0.0,0.0,0.0,0.0,64592.542857
1786643,IT,ZA,WHOLE,TEXTI,0.04,4521.456,3,3,4521.456,0.0,0.0,0.0,0.0,113036.4
1722567,IT,PT,FISH5,PIGS9,0.02,4521.229,4,4,4521.227,0.0,0.0,0.0,0.002,226061.45
1752384,IT,CA,VEGE1,SANDC,0.01,4520.946,3,3,4520.946,0.0,0.0,0.0,0.0,452094.6
1783214,IT,NO,BUSIN,MACHI,0.05,4520.637,3,3,4520.637,0.0,0.0,0.0,0.0,90412.74
1725110,IT,RO,SANDC,CERAM,0.01,4520.613,4,4,4519.613,0.0,0.0,1.0,0.0,452061.3
1742662,IT,US,COPP1,INSUR,0.01,4520.607,3,3,4520.607,0.0,0.0,0.0,0.0,452060.7
1763779,IT,MX,GLASS,RENTI,0.01,4520.286,3,3,4520.286,0.0,0.0,0.0,0.0,452028.6
1761866,IT,IN,MOTO1,MEMBE,0.02,4519.995,3,3,4519.995,0.0,0.0,0.0,0.0,225999.75
1736110,IT,SK,CONST,LEAD1,0.03,4519.59,3,3,4519.59,0.0,0.0,0.0,0.0,150653.0
1678135,IT,FR,PLAS1,PAPER,0.02,4519.354,3,3,4519.354,0.0,0.0,0.0,0.0,225967.7
1652117,IT,CZ,CHEMI,DISTR,0.01,4519.089,3,3,4519.089,0.0,0.0,0.0,0.0,451908.9
1664887,IT,ES,FORES,PUBLI,0.04,4519.061,4,4,4517.061,0.0,2.0,0.0,0.0,112976.525
1678164,IT,FR,INTER,DAIRY,0.03,4518.887,3,3,4518.887,0.0,0.0,0.0,0.0,150629.566667
1774687,IT,CH,SUPPO,VEGET,0.03,4518.564,3,3,4518.564,0.0,0.0,0.0,0.0,150618.8
1668496,IT,ES,HOTEL,WEARI,0.03,4518.476,3,3,4518.476,0.0,0.0,0.0,0.0,150615.866667
1664610,IT,EE,LANDT,VEGET,0.03,4518.348,3,3,4518.348,0.0,0.0,0.0,0.0,150611.6
1755630,IT,KR,RUBBE,MEAT4,0.01,4518.323,3,3,4518.323,0.0,0.0,0.0,0.0,451832.3
1718753,IT,PL,PULP5,COMPU,0.01,4518.299,3,3,4518.299,0.0,0.0,0.0,0.0,451829.9
1679112,IT,GR,PAPER,HEAVY,0.02,4518.201,3,3,4518.201,0.0,0.0,0.0,0.0,225910.05
1745197,IT,JP,CROPS,FURNI,0.04,4518.167,3,3,4518.167,0.0,0.0,0.0,0.0,112954.175
1650007,IT,BG,MACHI,LEADZ,0.03,4517.924,3,3,4517.924,0.0,0.0,0.0,0.0,150597.466667
1663388,IT,DK,POSTT,WHOLE,0.07,4517.918,3,3,4517.918,0.0,0.0,0.0,0.0,64541.685714
1780593,IT,TW,INSUR,WOODW,0.09,4517.535,3,3,4517.535,0.0,0.0,0.0,0.0,50194.833333
1684192,IT,HR,LANDT,INSUR,0.03,4517.361,3,3,4517.361,0.0,0.0,0.0,0.0,150578.7
1758677,IT,BR,FURNI,93197,0.01,4517.271,3,3,4517.271,0.0,0.0,0.0,0.0,451727.1
1648269,IT,BE,BUSIN,PLAS2,0.05,4517.088,3,3,4517.088,0.0,0.0,0.0,0.0,90341.76
1721598,IT,PL,POSTT,CHEM1,0.07,4517.023,3,3,4517.023,0.0,0.0,0.0,0.0,64528.9
1767838,IT,RU,AUXIL,RUBBE,0.08,4516.895,3,3,4516.895,0.0,0.0,0.0,0.0,56461.1875
1798224,IT,WE,VEGET,BRICK,0.02,4516.87,3,3,4516.87,0.0,0.0,0.0,0.0,225843.5
1676798,IT,FR,LANDT,ADDIT,0.03,4516.853,3,3,4516.853,0.0,0.0,0.0,0.0,150561.766667
1653977,IT,CZ,MACHI,COALT,0.03,4516.684,3,3,4516.684,0.0,0.0,0.0,0.0,150556.133333
1653305,IT,CZ,GLASS,VEGET,0.01,4516.581,3,3,4516.581,0.0,0.0,0.0,0.0,451658.1
1751045,IT,CN,WHOLE,WHOLE,0.04,4516.274,3,3,4516.274,0.0,0.0,0.0,0.0,112906.85
1709542,IT,LT,WOODW,HEAVY,0.01,4516.215,3,3,4516.215,0.0,0.0,0.0,0.0,451621.5
1787930,IT,WA,BEVER,BUSIN,0.02,4515.815,3,3,4515.815,0.0,0.0,0.0,0.0,225790.75
1644362,IT,BE,CHEMI,PREC1,0.01,4515.528,3,3,4515.528,0.0,0.0,0.0,0.0,451552.8
1738766,IT,GB,OFFIC,BIOGA,0.01,4515.447,3,3,4515.447,0.0,0.0,0.0,0.0,451544.7
1687188,IT,HU,CONST,OILSE,0.03,4515.299,3,3,4515.299,0.0,0.0,0.0,0.0,150509.966667
1762452,IT,IN,FINAN,WEARI,0.06,4515.127,3,3,4515.127,0.0,0.0,0.0,0.0,75252.116667
1796270,IT,WL,CONST,BASIC,0.03,4515.043,3,3,4515.043,0.0,0.0,0.0,0.0,150501.433333
1774937,IT,CH,INSUR,AIRTR,0.09,4514.958,3,3,4514.958,0.0,0.0,0.0,0.0,50166.2
1804030,IT,WF,WOODW,FOOD5,0.01,4514.47,3,3,4514.47,0.0,0.0,0.0,0.0,451447.0
1778735,IT,TR,RAILW,BUSIN,0.03,4514.468,3,3,4514.468,0.0,0.0,0.0,0.0,150482.266667
1641026,IT,AT,PULP5,FURNI,0.01,4514.455,3,3,4514.455,0.0,0.0,0.0,0.0,451445.5
1684123,IT,HR,RAILW,PUBLI,0.03,4514.124,3,3,4514.124,0.0,0.0,0.0,0.0,150470.8
1782529,IT,NO,OFFIC,RAILW,0.01,4514.1,3,3,4514.1,0.0,0.0,0.0,0.0,451410.0
1738845,IT,GB,MOTO1,HEALT,0.02,4513.964,3,3,4513.964,0.0,0.0,0.0,0.0,225698.2
1745605,IT,JP,TOBAC,POSTT,0.02,4513.875,3,3,4513.875,0.0,0.0,0.0,0.0,225693.75
1665818,IT,ES,PRINT,VEGE1,0.04,4513.788,3,3,4513.788,0.0,0.0,0.0,0.0,112844.7
1653719,IT,CZ,COPP1,PULP5,0.01,4513.758,3,3,4513.758,0.0,0.0,0.0,0.0,451375.8
1803249,IT,WF,MEATA,LEADZ,0.02,4513.511,3,3,4513.511,0.0,0.0,0.0,0.0,225675.55
1648737,IT,BG,FOOD5,SUPPO,0.02,4513.39,3,3,4513.39,0.0,0.0,0.0,0.0,225669.5
1658242,IT,DE,COPP1,BKBPE,0.01,4513.36,3,3,4513.36,0.0,0.0,0.0,0.0,451336.0
1808233,IT,WF,FOOD1,PUBLI,0.02,4513.213,3,3,4513.213,0.0,0.0,0.0,0.0,225660.65
1775786,IT,TR,SANDC,RUBBE,0.01,4513.182,4,4,4512.182,0.0,0.0,1.0,0.0,451318.2
1735612,IT,SK,COPP1,CEMEN,0.01,4512.901,3,3,4512.901,0.0,0.0,0.0,0.0,451290.1
1761316,IT,IN,GLASS,CRUDE,0.01,4512.82,3,3,4512.82,0.0,0.0,0.0,0.0,451282.0
1684864,IT,HU,STONE,MOTO1,0.01,4512.78,3,3,4512.78,0.0,0.0,0.0,0.0,451278.0
1761917,IT,IN,FURNI,KERO1,0.01,4512.729,3,3,4512.729,0.0,0.0,0.0,0.0,451272.9
1783198,IT,NO,COMPU,RECRE,0.05,4512.695,3,3,4512.695,0.0,0.0,0.0,0.0,90253.9
1802646,IT,WE,RENTI,FOOD5,0.03,4512.665,3,3,4512.665,0.0,0.0,0.0,0.0,150422.166667
1643304,IT,AT,RAILW,STONE,0.03,4512.569,3,3,4512.569,0.0,0.0,0.0,0.0,150418.966667
1771549,IT,CH,TEXTI,LUBRI,0.03,4512.49,3,3,4512.49,0.0,0.0,0.0,0.0,150416.333333
1746022,IT,JP,PAPER,TRANS,0.02,4512.277,3,3,4512.277,0.0,0.0,0.0,0.0,225613.85
1754684,IT,KR,VEGE1,RAWMI,0.01,4512.053,3,3,4512.053,0.0,0.0,0.0,0.0,451205.3
1689052,IT,IE,MOTO1,REALE,0.02,4511.576,3,3,4511.576,0.0,0.0,0.0,0.0,225578.8
1722135,IT,PL,BUSIN,COKE1,0.05,4511.395,3,3,4511.395,0.0,0.0,0.0,0.0,90227.9
1753388,IT,CA,COPP1,PFERT,0.01,4511.39,3,3,4511.39,0.0,0.0,0.0,0.0,451139.0
1736809,IT,SK,COMPU,SUPPO,0.05,4511.0,3,3,4511.0,0.0,0.0,0.0,0.0,90220.0
1711958,IT,LU,MEMBE,TRAN2,0.05,4510.872,3,3,4510.872,0.0,0.0,0.0,0.0,90217.44
1664352,IT,EE,FABRI,TRAN1,0.02,4510.768,3,3,4510.768,0.0,0.0,0.0,0.0,225538.4
1736118,IT,SK,CONST,FURNI,0.03,4510.758,3,3,4510.758,0.0,0.0,0.0,0.0,150358.6
1730500,IT,SE,FINAN,WHOLE,0.06,4510.588,3,3,4510.588,0.0,0.0,0.0,0.0,75176.466667
1655463,IT,DE,FORES,RECRE,0.04,4510.456,4,4,4508.456,0.0,2.0,0.0,0.0,112761.4
1747240,IT,JP,SALEM,SUPPO,0.04,4509.983,3,3,4509.983,0.0,0.0,0.0,0.0,112749.575
1764645,IT,MX,RETA1,FOUND,0.05,4509.919,3,3,4509.919,0.0,0.0,0.0,0.0,90198.38
1714697,IT,NL,VEGE1,ELEC5,0.01,4509.848,3,3,4509.848,0.0,0.0,0.0,0.0,450984.8
1644802,IT,BE,TEXTI,DAIRY,0.03,4509.55,3,3,4509.55,0.0,0.0,0.0,0.0,150318.333333
1654077,IT,CZ,OFFIC,SANDC,0.01,4509.444,3,3,4509.444,0.0,0.0,0.0,0.0,450944.4
1729896,IT,SE,TRANS,AUXIL,0.03,4509.279,3,3,4509.279,0.0,0.0,0.0,0.0,150309.3
1808166,IT,WF,OILHA,MEAT4,0.03,4509.22,3,3,4509.22,0.0,0.0,0.0,0.0,150307.333333
1796643,IT,WL,HOTEL,ELEC3,0.03,4509.124,3,3,4509.124,0.0,0.0,0.0,0.0,150304.133333
1767959,IT,RU,COMPU,PREC1,0.05,4508.976,3,3,4508.976,0.0,0.0,0.0,0.0,90179.52
1650478,IT,BG,ELEC5,OFFIC,0.05,4508.971,3,3,4508.971,0.0,0.0,0.0,0.0,90179.42
1714665,IT,NL,MEAT4,RETA1,0.02,4508.945,3,3,4508.945,0.0,0.0,0.0,0.0,225447.25
1742028,IT,US,ADDIT,WOOD1,0.01,4508.778,3,3,4508.778,0.0,0.0,0.0,0.0,450877.8
1678277,IT,FR,FOOD2,POSTT,0.03,4508.41,3,3,4508.41,0.0,0.0,0.0,0.0,150280.333333
1721600,IT,PL,POSTT,BIODI,0.07,4508.225,3,3,4508.225,0.0,0.0,0.0,0.0,64403.214286
1785110,IT,ZA,MEAT4,RESEA,0.02,4508.125,3,3,4508.125,0.0,0.0,0.0,0.0,225406.25
1750586,IT,CN,OFFIC,NONME,0.01,4508.105,3,3,4508.105,0.0,0.0,0.0,0.0,450810.5
1736195,IT,SK,WHOLE,MOTO1,0.04,4507.757,3,3,4507.757,0.0,0.0,0.0,0.0,112693.925
1678232,IT,FR,OILHA,FOOD3,0.03,4507.553,3,3,4507.553,0.0,0.0,0.0,0.0,150251.766667
1764221,IT,MX,MACHI,REFIN,0.03,4507.398,3,3,4507.398,0.0,0.0,0.0,0.0,150246.6
1778771,IT,TR,LANDT,TEXTI,0.03,4507.109,3,3,4507.109,0.0,0.0,0.0,0.0,150236.966667
1768732,IT,AU,WEARI,MOTOR,0.03,4506.987,3,3,4506.987,0.0,0.0,0.0,0.0,150232.9
1661894,IT,DK,PRINT,DAIRY,0.04,4506.811,3,3,4506.811,0.0,0.0,0.0,0.0,112670.275
1777886,IT,TR,MACHI,FISHF,0.03,4506.676,3,3,4506.676,0.0,0.0,0.0,0.0,150222.533333
1725021,IT,PT,INERT,NONF1,0.03,4506.416,3,3,4506.416,0.0,0.0,0.0,0.0,150213.866667
1801967,IT,WE,RETAI,PAPER,0.04,4506.284,3,3,4506.284,0.0,0.0,0.0,0.0,112657.1
1802245,IT,WE,LANDT,CEREA,0.03,4506.035,3,3,4506.035,0.0,0.0,0.0,0.0,150201.166667
1811969,IT,WM,GLASS,WEARI,0.01,4506.031,3,3,4506.031,0.0,0.0,0.0,0.0,450603.1
1783544,IT,NO,FOOD1,CRUDE,0.02,4505.954,3,3,4505.954,0.0,0.0,0.0,0.0,225297.7
1665669,IT,ES,PULP5,TOBAC,0.01,4505.892,3,3,4505.892,0.0,0.0,0.0,0.0,450589.2
1764468,IT,MX,FURNI,FINAN,0.01,4505.832,3,3,4505.832,0.0,0.0,0.0,0.0,450583.2
1743353,IT,US,SALEM,NATU1,0.04,4505.21,3,3,4505.21,0.0,0.0,0.0,0.0,112630.25
1759969,IT,BR,PLAS1,EDUCA,0.02,4505.195,3,3,4505.195,0.0,0.0,0.0,0.0,225259.75
1773455,IT,CH,OFFIC,ELEC3,0.01,4505.177,3,3,4505.177,0.0,0.0,0.0,0.0,450517.7
1644326,IT,BE,STONE,OFFIC,0.01,4505.062,3,3,4505.062,0.0,0.0,0.0,0.0,450506.2
1739281,IT,GB,HOTEL,BIOGA,0.03,4504.838,3,3,4504.838,0.0,0.0,0.0,0.0,150161.266667
1769749,IT,AU,MACHI,COALT,0.03,4504.786,3,3,4504.786,0.0,0.0,0.0,0.0,150159.533333
1655741,IT,DE,MEATC,LANDT,0.02,4504.706,3,3,4504.706,0.0,0.0,0.0,0.0,225235.3
1650145,IT,BG,MOTO1,WOODW,0.02,4504.671,3,3,4504.671,0.0,0.0,0.0,0.0,225233.55
1806624,IT,WF,SALEM,DIST1,0.04,4504.553,3,3,4504.553,0.0,0.0,0.0,0.0,112613.825
1653721,IT,CZ,COPP1,PRINT,0.01,4504.513,3,3,4504.513,0.0,0.0,0.0,0.0,450451.3
1672488,IT,FI,WOOD2,COPPE,0.02,4504.46,3,3,4504.46,0.0,0.0,0.0,0.0,225223.0
1654481,IT,CZ,HOTEL,POULT,0.03,4504.311,3,3,4504.311,0.0,0.0,0.0,0.0,150143.7
1712088,IT,LV,BEVER,RAILW,0.02,4504.197,3,3,4504.197,0.0,0.0,0.0,0.0,225209.85
1787515,IT,WA,CHEMI,BEVER,0.01,4504.164,3,3,4504.164,0.0,0.0,0.0,0.0,450416.4
1688446,IT,IE,TEXTI,NUCLE,0.03,4503.973,3,3,4503.973,0.0,0.0,0.0,0.0,150132.433333
1688305,IT,IE,MEATP,RETA1,0.02,4503.804,3,3,4503.804,0.0,0.0,0.0,0.0,225190.2
1810226,IT,WM,LEATH,FISH5,0.03,4503.714,3,3,4503.714,0.0,0.0,0.0,0.0,150123.8
1756622,IT,KR,RAILW,POSTT,0.03,4503.621,3,3,4503.621,0.0,0.0,0.0,0.0,150120.7
1762914,IT,MX,CHEMI,FISH5,0.01,4503.525,3,3,4503.525,0.0,0.0,0.0,0.0,450352.5
1713145,IT,MT,FISH5,PIGS9,0.02,4503.311,4,4,4503.309,0.0,0.0,0.0,0.002,225165.55
1685054,IT,HU,DAIRY,PUBLI,0.02,4503.272,3,3,4503.272,0.0,0.0,0.0,0.0,225163.6
1771211,IT,CH,VEGE1,MEATP,0.01,4502.932,3,3,4502.932,0.0,0.0,0.0,0.0,450293.2
1650710,IT,BG,HOTEL,WEARI,0.03,4502.832,3,3,4502.832,0.0,0.0,0.0,0.0,150094.4
1806540,IT,WF,FURNI,PFERT,0.01,4502.728,3,3,4502.728,0.0,0.0,0.0,0.0,450272.8
1764372,IT,MX,MOTO1,CERAM,0.02,4502.543,3,3,4502.543,0.0,0.0,0.0,0.0,225127.15
1781430,IT,NO,FOOD5,FURNI,0.02,4502.507,3,3,4502.507,0.0,0.0,0.0,0.0,225125.35
1740449,IT,GB,FOOD2,WOOD2,0.03,4502.297,3,3,4502.297,0.0,0.0,0.0,0.0,150076.566667
1644424,IT,BE,MEAT4,BEVER,0.02,4502.149,3,3,4502.149,0.0,0.0,0.0,0.0,225107.45
1788387,IT,WA,WOODW,BIODI,0.01,4501.938,3,3,4501.938,0.0,0.0,0.0,0.0,450193.8
1781356,IT,NO,DAIRY,GLASS,0.02,4501.876,3,3,4501.876,0.0,0.0,0.0,0.0,225093.8
1685035,IT,HU,DAIRY,PAPER,0.02,4501.605,3,3,4501.605,0.0,0.0,0.0,0.0,225080.25
1793374,IT,WL,VEGET,COPP1,0.02,4500.981,3,3,4500.981,0.0,0.0,0.0,0.0,225049.05
1777277,IT,TR,RUBBE,FINAN,0.01,4500.374,3,3,4500.374,0.0,0.0,0.0,0.0,450037.4
1653331,IT,CZ,GLASS,LIQUE,0.01,4500.285,3,3,4500.285,0.0,0.0,0.0,0.0,450028.5
1710211,IT,LT,OFFIC,FOOD5,0.01,4500.242,3,3,4500.242,0.0,0.0,0.0,0.0,450024.2
1765737,IT,RU,PRINT,PFERT,0.04,4499.991,3,3,4499.991,0.0,0.0,0.0,0.0,112499.775
1724905,IT,PT,BUSIN,DIST1,0.05,4499.716,3,3,4499.716,0.0,0.0,0.0,0.0,89994.32
1806976,IT,WF,LANDT,PAPER,0.03,4499.623,3,3,4499.623,0.0,0.0,0.0,0.0,149987.433333
1644876,IT,BE,LEATH,CHEMI,0.03,4499.537,3,3,4499.537,0.0,0.0,0.0,0.0,149984.566667
1662154,IT,DK,RUBBE,LEAD1,0.01,4499.254,3,3,4499.254,0.0,0.0,0.0,0.0,449925.4
1717005,IT,NL,LANDT,KERO1,0.03,4498.56,3,3,4498.56,0.0,0.0,0.0,0.0,149952.0
1781985,IT,NO,RUBBE,PULP5,0.01,4498.19,3,3,4498.19,0.0,0.0,0.0,0.0,449819.0
1673881,IT,FR,PRINT,WOOD2,0.04,4498.147,3,3,4498.147,0.0,0.0,0.0,0.0,112453.675
1684733,IT,HU,VEGET,ELEC2,0.02,4497.93,3,3,4497.93,0.0,0.0,0.0,0.0,224896.5
1721861,IT,PL,REALE,SUPPO,0.19,4497.877,3,3,4497.877,0.0,0.0,0.0,0.0,23673.036842
1773143,IT,CH,COPP1,POSTT,0.01,4497.786,3,3,4497.786,0.0,0.0,0.0,0.0,449778.6
1767679,IT,RU,POSTT,RESEA,0.07,4497.776,3,3,4497.776,0.0,0.0,0.0,0.0,64253.942857
1778138,IT,TR,TRANS,FOUND,0.03,4497.692,3,3,4497.692,0.0,0.0,0.0,0.0,149923.066667
1733215,IT,SI,MACHI,PREC1,0.03,4497.635,3,3,4497.635,0.0,0.0,0.0,0.0,149921.166667
1793595,IT,WL,VEGE1,MOTOR,0.01,4497.346,3,3,4497.346,0.0,0.0,0.0,0.0,449734.6
1712363,IT,LV,GLASS,MEATC,0.01,4497.099,3,3,4497.099,0.0,0.0,0.0,0.0,449709.9
1689358,IT,IE,RETA1,ELEC5,0.05,4496.949,3,3,4496.949,0.0,0.0,0.0,0.0,89938.98
1689920,IT,IE,AUXIL,SUPPO,0.08,4496.626,3,3,4496.626,0.0,0.0,0.0,0.0,56207.825
1726587,IT,RO,OFFIC,WASTE,0.01,4496.57,3,3,4496.57,0.0,0.0,0.0,0.0,449657.0
1773818,IT,CH,ELEC4,WHOLE,0.07,4496.558,3,3,4496.558,0.0,0.0,0.0,0.0,64236.542857
1746679,IT,JP,FABRI,DAIRY,0.02,4496.495,3,3,4496.495,0.0,0.0,0.0,0.0,224824.75
1652122,IT,CZ,CHEMI,BUSIN,0.01,4496.308,3,3,4496.308,0.0,0.0,0.0,0.0,449630.8
1768364,IT,AU,MEAT4,ELEC8,0.02,4495.998,3,3,4495.998,0.0,0.0,0.0,0.0,224799.9
1775966,IT,TR,BEVER,PRINT,0.02,4495.907,3,3,4495.907,0.0,0.0,0.0,0.0,224795.35
1754387,IT,CA,RENTI,CATTL,0.03,4495.592,3,3,4495.592,0.0,0.0,0.0,0.0,149853.066667
1641108,IT,AT,PAPER,ELEC2,0.02,4495.556,3,3,4495.556,0.0,0.0,0.0,0.0,224777.8
1783228,IT,NO,BUSIN,AIRTR,0.05,4495.461,3,3,4495.461,0.0,0.0,0.0,0.0,89909.22
1748179,IT,JP,FOODW,OILHA,0.03,4494.905,3,3,4494.905,0.0,0.0,0.0,0.0,149830.166667
1660545,IT,DE,INSUR,SEWAG,0.09,4494.561,3,3,4494.561,0.0,0.0,0.0,0.0,49939.566667
1749109,IT,CN,WOODW,BRICK,0.01,4494.109,3,3,4494.109,0.0,0.0,0.0,0.0,449410.9
1744679,IT,US,COMPU,FOUND,0.05,4493.817,3,3,4493.817,0.0,0.0,0.0,0.0,89876.34
1726859,IT,RO,RETA1,BEVER,0.05,4493.508,3,3,4493.508,0.0,0.0,0.0,0.0,89870.16
1753142,IT,CA,RUBBE,SEACO,0.01,4493.227,3,3,4493.227,0.0,0.0,0.0,0.0,449322.7
1648822,IT,BG,FISH5,PUBLI,0.02,4493.119,4,4,4493.117,0.0,0.0,0.0,0.002,224655.95
1745407,IT,JP,DAIRY,FORES,0.02,4493.09,3,3,4493.09,0.0,0.0,0.0,0.0,224654.5
1711258,IT,LU,OFFIC,COMPU,0.01,4492.961,3,3,4492.961,0.0,0.0,0.0,0.0,449296.1
1739457,IT,GB,LANDT,ETHAN,0.03,4492.931,3,3,4492.931,0.0,0.0,0.0,0.0,149764.366667
1752657,IT,CA,WEARI,PLANT,0.03,4492.905,3,3,4492.905,0.0,0.0,0.0,0.0,149763.5
1724135,IT,PT,RETA1,MACHI,0.05,4492.043,3,3,4492.043,0.0,0.0,0.0,0.0,89840.86
1807841,IT,WF,PAPE1,FISHF,0.03,4492.021,3,3,4492.021,0.0,0.0,0.0,0.0,149734.033333
1772497,IT,CH,RUBBE,PIGS9,0.01,4491.838,3,3,4491.838,0.0,0.0,0.0,0.0,449183.8
1685415,IT,HU,WOODW,VEGET,0.01,4491.435,3,3,4491.435,0.0,0.0,0.0,0.0,449143.5
1647783,IT,BE,AUXIL,BEVER,0.08,4491.017,3,3,4491.017,0.0,0.0,0.0,0.0,56137.7125
1711503,IT,LU,SUPPO,PUBLI,0.03,4490.984,3,3,4490.984,0.0,0.0,0.0,0.0,149699.466667
1671483,IT,FI,MACHI,TEXTI,0.03,4490.935,3,3,4490.935,0.0,0.0,0.0,0.0,149697.833333
1812644,IT,WM,COPP1,FISH5,0.01,4490.747,3,3,4490.747,0.0,0.0,0.0,0.0,449074.7
1668433,IT,ES,RETA1,RETAI,0.05,4490.152,3,3,4490.152,0.0,0.0,0.0,0.0,89803.04
1801541,IT,WE,TRANS,OILSE,0.03,4489.83,3,3,4489.83,0.0,0.0,0.0,0.0,149661.0
1775471,IT,CH,PLAS1,SALEM,0.02,4489.613,3,3,4489.613,0.0,0.0,0.0,0.0,224480.65
1778208,IT,TR,FURNI,FOUND,0.01,4489.177,3,3,4489.177,0.0,0.0,0.0,0.0,448917.7
1781396,IT,NO,PROCE,SEACO,0.03,4489.174,3,3,4489.174,0.0,0.0,0.0,0.0,149639.133333
1738533,IT,GB,FABRI,CEREA,0.02,4489.049,3,3,4489.049,0.0,0.0,0.0,0.0,224452.45
1796503,IT,WL,RETA1,CHEM1,0.05,4488.69,3,3,4488.69,0.0,0.0,0.0,0.0,89773.8
1783467,IT,NO,WOOD1,FISHF,0.03,4488.456,3,3,4488.456,0.0,0.0,0.0,0.0,149615.2
1672917,IT,FR,VEGE1,SEWAG,0.01,4488.149,3,3,4488.149,0.0,0.0,0.0,0.0,448814.9
1679170,IT,GR,PRINT,DAIRY,0.04,4487.461,3,3,4487.461,0.0,0.0,0.0,0.0,112186.525
1793634,IT,WL,DAIRY,PLAST,0.02,4487.338,3,3,4487.338,0.0,0.0,0.0,0.0,224366.9
1644648,IT,BE,FOOD5,FOOD2,0.02,4487.26,3,3,4487.26,0.0,0.0,0.0,0.0,224363.0
1760613,IT,IN,WOODW,POSTT,0.01,4487.108,3,3,4487.108,0.0,0.0,0.0,0.0,448710.8
1782835,IT,NO,LANDT,POULT,0.03,4487.063,3,3,4487.063,0.0,0.0,0.0,0.0,149568.766667
1712982,IT,MT,STONE,BRICK,0.01,4486.956,3,3,4486.956,0.0,0.0,0.0,0.0,448695.6
1681224,IT,GR,FINAN,MEAT4,0.06,4486.879,3,3,4486.879,0.0,0.0,0.0,0.0,74781.316667
1778738,IT,TR,RAILW,HEALT,0.03,4486.834,3,3,4486.834,0.0,0.0,0.0,0.0,149561.133333
1645137,IT,BE,PRINT,TEXTI,0.04,4486.814,3,3,4486.814,0.0,0.0,0.0,0.0,112170.35
1711400,IT,LU,RETA1,COMPU,0.05,4486.802,3,3,4486.802,0.0,0.0,0.0,0.0,89736.04
1803260,IT,WF,WOOLS,NICKE,0.02,4486.116,3,3,4486.116,0.0,0.0,0.0,0.0,224305.8
1730804,IT,SE,BUSIN,DIST1,0.05,4485.932,3,3,4485.932,0.0,0.0,0.0,0.0,89718.64
1650167,IT,BG,MOTO1,ELEC1,0.02,4485.918,3,3,4485.918,0.0,0.0,0.0,0.0,224295.9
1651764,IT,CY,MACHI,RESEA,0.03,4485.82,3,3,4485.82,0.0,0.0,0.0,0.0,149527.333333
1712054,IT,LV,BEVER,SANDC,0.02,4485.796,3,3,4485.796,0.0,0.0,0.0,0.0,224289.8
1655121,IT,CZ,BUSIN,SANDC,0.05,4485.622,3,3,4485.622,0.0,0.0,0.0,0.0,89712.44
1743836,IT,US,LANDT,PLAS2,0.03,4485.438,3,3,4485.438,0.0,0.0,0.0,0.0,149514.6
1748214,IT,JP,PAPE1,OILHA,0.03,4485.431,3,3,4485.431,0.0,0.0,0.0,0.0,149514.366667
1710613,IT,LU,STONE,RAILW,0.01,4485.256,3,3,4485.256,0.0,0.0,0.0,0.0,448525.6
1778203,IT,TR,FURNI,CEMEN,0.01,4484.868,3,3,4484.868,0.0,0.0,0.0,0.0,448486.8
1654221,IT,CZ,MOTO1,TEXT2,0.02,4484.647,3,3,4484.647,0.0,0.0,0.0,0.0,224232.35
1751894,IT,CN,COMPU,NAPHT,0.05,4484.389,3,3,4484.389,0.0,0.0,0.0,0.0,89687.78
1644771,IT,BE,FISH5,REALE,0.02,4484.059,4,4,4484.057,0.0,0.0,0.0,0.002,224202.95
1669874,IT,ES,PUBLI,GASDI,0.07,4483.85,3,3,4483.85,0.0,0.0,0.0,0.0,64055.0
1745650,IT,JP,TEXTI,NONF1,0.03,4483.361,3,3,4483.361,0.0,0.0,0.0,0.0,149445.366667
1728536,IT,SE,PAPER,VEGET,0.02,4483.345,3,3,4483.345,0.0,0.0,0.0,0.0,224167.25
1809940,IT,WM,FISH5,FORES,0.02,4483.33,4,4,4483.328,0.0,0.0,0.0,0.002,224166.5
1808476,IT,WF,FOOD4,OFFIC,0.03,4483.298,3,3,4483.298,0.0,0.0,0.0,0.0,149443.266667
1661782,IT,DK,LEATH,EDUCA,0.03,4483.043,3,3,4483.043,0.0,0.0,0.0,0.0,149434.766667
1720639,IT,PL,MOTO1,BIOGA,0.02,4482.661,3,3,4482.661,0.0,0.0,0.0,0.0,224133.05
1763091,IT,MX,WEARI,CEREA,0.03,4482.626,3,3,4482.626,0.0,0.0,0.0,0.0,149420.866667
1688019,IT,HU,RENTI,SEWAG,0.03,4482.579,3,3,4482.579,0.0,0.0,0.0,0.0,149419.3
1764037,IT,MX,COPP1,SALEM,0.01,4482.279,3,3,4482.279,0.0,0.0,0.0,0.0,448227.9
1727639,IT,RO,RENTI,KEROS,0.03,4482.168,3,3,4482.168,0.0,0.0,0.0,0.0,149405.6
1646717,IT,BE,FURNI,WASTE,0.01,4481.846,3,3,4481.846,0.0,0.0,0.0,0.0,448184.6
1668100,IT,ES,CONST,NONME,0.03,4481.711,3,3,4481.711,0.0,0.0,0.0,0.0,149390.366667
1688899,IT,IE,COPP1,RUBBE,0.01,4481.189,3,3,4481.189,0.0,0.0,0.0,0.0,448118.9
1750336,IT,CN,FABRI,PATEN,0.02,4481.145,3,3,4481.145,0.0,0.0,0.0,0.0,224057.25
1712843,IT,LV,AUXIL,RETAI,0.08,4480.712,3,3,4480.712,0.0,0.0,0.0,0.0,56008.9
1668088,IT,ES,CONST,SANDC,0.03,4480.644,3,3,4480.644,0.0,0.0,0.0,0.0,149354.8
1786457,IT,ZA,MOTO1,FOOD5,0.02,4480.508,3,3,4480.508,0.0,0.0,0.0,0.0,224025.4
1760643,IT,IN,PULP5,MOTO1,0.01,4480.49,3,3,4480.49,0.0,0.0,0.0,0.0,448049.0
1762044,IT,IN,WHOLE,MEMBE,0.04,4480.295,3,3,4480.295,0.0,0.0,0.0,0.0,112007.375
1765433,IT,RU,TEXTI,NONF1,0.03,4480.054,3,3,4480.054,0.0,0.0,0.0,0.0,149335.133333
1643497,IT,AT,LANDT,WOOD1,0.03,4480.022,3,3,4480.022,0.0,0.0,0.0,0.0,149334.066667
1652719,IT,CZ,PAPER,ADDIT,0.02,4479.957,3,3,4479.957,0.0,0.0,0.0,0.0,223997.85
1776417,IT,TR,PRINT,MEMBE,0.04,4479.677,3,3,4479.677,0.0,0.0,0.0,0.0,111991.925
1672092,IT,FI,SUPPO,PUBLI,0.03,4479.49,3,3,4479.49,0.0,0.0,0.0,0.0,149316.333333
1770040,IT,AU,CONST,FURNI,0.03,4479.26,3,3,4479.26,0.0,0.0,0.0,0.0,149308.666667
1784499,IT,ID,FABRI,KEROS,0.02,4479.199,3,3,4479.199,0.0,0.0,0.0,0.0,223959.95
1654261,IT,CZ,FURNI,WEARI,0.01,4478.954,3,3,4478.954,0.0,0.0,0.0,0.0,447895.4
1783463,IT,NO,TEXT1,FOOD2,0.03,4478.945,3,3,4478.945,0.0,0.0,0.0,0.0,149298.166667
1682422,IT,HR,PAPER,CHARC,0.02,4478.464,3,3,4478.464,0.0,0.0,0.0,0.0,223923.2
1777872,IT,TR,FABRI,TEXT2,0.02,4478.412,3,3,4478.412,0.0,0.0,0.0,0.0,223920.6
1769224,IT,AU,RUBBE,WOOLS,0.01,4478.217,3,3,4478.217,0.0,0.0,0.0,0.0,447821.7
1678134,IT,FR,PLAS1,TEXTI,0.02,4478.14,3,3,4478.14,0.0,0.0,0.0,0.0,223907.0
1784666,IT,ID,OFFIC,FINAN,0.01,4477.994,3,3,4477.994,0.0,0.0,0.0,0.0,447799.4
1659357,IT,DE,RETAI,HEALT,0.04,4477.987,3,3,4477.987,0.0,0.0,0.0,0.0,111949.675
1748495,IT,CN,SANDC,PLAST,0.01,4477.837,4,4,4476.837,0.0,0.0,1.0,0.0,447783.7
1758519,IT,BR,MACHI,ELEC5,0.02,4477.743,3,3,4477.743,0.0,0.0,0.0,0.0,223887.15
1768564,IT,AU,BEVER,MEATA,0.02,4477.739,3,3,4477.739,0.0,0.0,0.0,0.0,223886.95
1725308,IT,RO,BEVER,DIST1,0.02,4477.491,3,3,4477.491,0.0,0.0,0.0,0.0,223874.55
1665373,IT,ES,TEXTI,TOBAC,0.03,4476.815,3,3,4476.815,0.0,0.0,0.0,0.0,149227.166667
1785956,IT,ZA,RUBBE,LEAD1,0.01,4476.785,3,3,4476.785,0.0,0.0,0.0,0.0,447678.5
1762032,IT,IN,WHOLE,RAILW,0.04,4476.292,3,3,4476.292,0.0,0.0,0.0,0.0,111907.3
1684872,IT,HU,SANDC,NATUR,0.01,4476.264,4,4,4475.264,0.0,0.0,1.0,0.0,447626.4
1743532,IT,US,RETA1,FOOD3,0.05,4475.825,3,3,4475.825,0.0,0.0,0.0,0.0,89516.5
1677686,IT,FR,RENTI,GASDI,0.03,4475.787,3,3,4475.787,0.0,0.0,0.0,0.0,149192.9
1712762,IT,LV,LANDT,MACHI,0.03,4475.614,3,3,4475.614,0.0,0.0,0.0,0.0,149187.133333
1739327,IT,GB,HOTEL,SEWAG,0.03,4475.529,3,3,4475.529,0.0,0.0,0.0,0.0,149184.3
1779180,IT,TR,POSTT,CEMEN,0.07,4475.41,3,3,4475.41,0.0,0.0,0.0,0.0,63934.428571
1758380,IT,BR,FABRI,PRINT,0.02,4475.239,3,3,4475.239,0.0,0.0,0.0,0.0,223761.95
1747354,IT,JP,RETA1,FABRI,0.05,4475.175,3,3,4475.175,0.0,0.0,0.0,0.0,89503.5
1671344,IT,FI,COPP1,PAPER,0.01,4475.106,3,3,4475.106,0.0,0.0,0.0,0.0,447510.6
1757438,IT,BR,PAPER,PROCE,0.02,4475.014,3,3,4475.014,0.0,0.0,0.0,0.0,223750.7
1718429,IT,PL,FISH5,POULT,0.02,4474.977,4,4,4474.975,0.0,0.0,0.0,0.002,223748.85
1656580,IT,DE,PRINT,LIQUE,0.04,4474.963,3,3,4474.963,0.0,0.0,0.0,0.0,111874.075
1724619,IT,PT,FINAN,CONST,0.06,4474.811,3,3,4474.811,0.0,0.0,0.0,0.0,74580.183333
1767945,IT,RU,COMPU,TOBAC,0.05,4474.626,3,3,4474.626,0.0,0.0,0.0,0.0,89492.52
1763772,IT,MX,GLASS,RAILW,0.01,4474.566,3,3,4474.566,0.0,0.0,0.0,0.0,447456.6
1806614,IT,WF,SALEM,PFERT,0.04,4474.356,3,3,4474.356,0.0,0.0,0.0,0.0,111858.9
1650158,IT,BG,MOTO1,LEAD1,0.02,4474.118,3,3,4474.118,0.0,0.0,0.0,0.0,223705.9
1764936,IT,MX,SUPPO,PUBLI,0.03,4473.962,3,3,4473.962,0.0,0.0,0.0,0.0,149132.066667
1659557,IT,DE,RETA1,INERT,0.05,4473.909,3,3,4473.909,0.0,0.0,0.0,0.0,89478.18
1808253,IT,WF,FOOD2,NATUR,0.03,4473.592,3,3,4473.592,0.0,0.0,0.0,0.0,149119.733333
1721674,IT,PL,FINAN,PULP5,0.06,4473.475,3,3,4473.475,0.0,0.0,0.0,0.0,74557.916667
1752312,IT,CA,CHEMI,BASIC,0.01,4473.466,3,3,4473.466,0.0,0.0,0.0,0.0,447346.6
1672506,IT,FI,PRIVA,DIST1,1.0,4473.25,3,3,4473.25,0.0,0.0,0.0,0.0,4473.25
1735819,IT,SK,MACHI,ELEC2,0.02,4472.638,3,3,4472.638,0.0,0.0,0.0,0.0,223631.9
1781688,IT,NO,LEATH,INERT,0.03,4472.48,3,3,4472.48,0.0,0.0,0.0,0.0,149082.666667
1758756,IT,BR,RETA1,MEATA,0.05,4472.328,3,3,4472.328,0.0,0.0,0.0,0.0,89446.56
1754384,IT,CA,RENTI,CEREA,0.03,4472.183,3,3,4472.183,0.0,0.0,0.0,0.0,149072.766667
1750521,IT,CN,MACHI,ELEC6,0.02,4472.121,3,3,4472.121,0.0,0.0,0.0,0.0,223606.05
1725305,IT,RO,BEVER,TRANS,0.02,4472.016,3,3,4472.016,0.0,0.0,0.0,0.0,223600.8
1712638,IT,LV,MOTO1,SUPPO,0.02,4471.695,3,3,4471.695,0.0,0.0,0.0,0.0,223584.75
1642842,IT,AT,OFFIC,MEMBE,0.01,4471.514,3,3,4471.514,0.0,0.0,0.0,0.0,447151.4
1665071,IT,ES,MEAT4,BUSIN,0.02,4471.153,3,3,4471.153,0.0,0.0,0.0,0.0,223557.65
1687356,IT,HU,HOTEL,MEATP,0.03,4471.152,3,3,4471.152,0.0,0.0,0.0,0.0,149038.4
1656160,IT,DE,TEXTI,MEATA,0.03,4471.1,3,3,4471.1,0.0,0.0,0.0,0.0,149036.666667
1651266,IT,CY,VEGE1,MEAT1,0.01,4471.027,3,3,4471.027,0.0,0.0,0.0,0.0,447102.7
1770124,IT,AU,WHOLE,RENTI,0.04,4470.929,3,3,4470.929,0.0,0.0,0.0,0.0,111773.225
1647008,IT,BE,RETA1,ALUM1,0.05,4470.838,3,3,4470.838,0.0,0.0,0.0,0.0,89416.76
1781151,IT,TW,FOOD3,VEGET,0.01,4470.679,3,3,4470.679,0.0,0.0,0.0,0.0,447067.9
1759986,IT,BR,INTER,PRINT,0.03,4470.461,3,3,4470.461,0.0,0.0,0.0,0.0,149015.366667
1719397,IT,PL,RUBBE,BITU1,0.01,4470.438,3,3,4470.438,0.0,0.0,0.0,0.0,447043.8
1673595,IT,FR,WOODW,GASDI,0.01,4470.252,3,3,4470.252,0.0,0.0,0.0,0.0,447025.2
1660306,IT,DE,POSTT,INTER,0.07,4470.074,3,3,4470.074,0.0,0.0,0.0,0.0,63858.2
1682313,IT,HR,WOODW,RAWMI,0.01,4469.992,3,3,4469.992,0.0,0.0,0.0,0.0,446999.2
1760330,IT,IN,STONE,ELEC5,0.01,4469.885,3,3,4469.885,0.0,0.0,0.0,0.0,446988.5
1729936,IT,SE,FURNI,AUXIL,0.01,4469.814,3,3,4469.814,0.0,0.0,0.0,0.0,446981.4
1650486,IT,BG,ELEC5,LANDT,0.05,4469.576,3,3,4469.576,0.0,0.0,0.0,0.0,89391.52
1797369,IT,WL,RENTI,GASDI,0.03,4469.46,3,3,4469.46,0.0,0.0,0.0,0.0,148982.0
1665049,IT,ES,MEATP,MEATP,0.02,4469.449,3,3,4469.449,0.0,0.0,0.0,0.0,223472.45
1723989,IT,PT,SALEM,EDUCA,0.04,4469.426,3,3,4469.426,0.0,0.0,0.0,0.0,111735.65
1678101,IT,FR,PAPE1,BEVER,0.03,4469.033,3,3,4469.033,0.0,0.0,0.0,0.0,148967.766667
1770541,IT,AU,SUPPO,CHEM1,0.03,4468.97,3,3,4468.97,0.0,0.0,0.0,0.0,148965.666667
1735136,IT,SK,ADDIT,NAPHT,0.01,4468.518,3,3,4468.518,0.0,0.0,0.0,0.0,446851.8
1797311,IT,WL,AUXIL,LANDT,0.08,4468.13,3,3,4468.13,0.0,0.0,0.0,0.0,55851.625
1663136,IT,DK,LANDT,FORES,0.03,4468.015,3,3,4468.015,0.0,0.0,0.0,0.0,148933.833333
1689635,IT,IE,SUPPO,AUXIL,0.03,4467.783,3,3,4467.783,0.0,0.0,0.0,0.0,148926.1
1742156,IT,US,GLASS,MEATC,0.01,4467.737,3,3,4467.737,0.0,0.0,0.0,0.0,446773.7
1678690,IT,GR,VEGE1,PLAST,0.01,4467.401,3,3,4467.401,0.0,0.0,0.0,0.0,446740.1
1734082,IT,SI,INSUR,FABRI,0.09,4467.024,3,3,4467.024,0.0,0.0,0.0,0.0,49633.6
1657383,IT,DE,RUBBE,BITUM,0.01,4466.947,3,3,4466.947,0.0,0.0,0.0,0.0,446694.7
1807993,IT,WF,PLAS1,PUBLI,0.02,4466.771,3,3,4466.771,0.0,0.0,0.0,0.0,223338.55
1656608,IT,DE,PRINT,RADIO,0.04,4466.756,3,3,4466.756,0.0,0.0,0.0,0.0,111668.9
1640860,IT,AT,LEATH,WEARI,0.03,4466.737,3,3,4466.737,0.0,0.0,0.0,0.0,148891.233333
1658319,IT,DE,COPP1,TRAN2,0.01,4466.696,3,3,4466.696,0.0,0.0,0.0,0.0,446669.6
1680764,IT,GR,RETA1,RESEA,0.05,4466.678,3,3,4466.678,0.0,0.0,0.0,0.0,89333.56
1643334,IT,AT,RAILW,BRICK,0.03,4466.442,3,3,4466.442,0.0,0.0,0.0,0.0,148881.4
1729693,IT,SE,FABRI,SEWAG,0.02,4466.089,3,3,4466.089,0.0,0.0,0.0,0.0,223304.45
1793023,IT,WA,WASTE,NONF1,0.01,4466.029,3,3,4466.029,0.0,0.0,0.0,0.0,446602.9
1677466,IT,FR,AUXIL,MEATA,0.08,4465.737,3,3,4465.737,0.0,0.0,0.0,0.0,55821.7125
1761359,IT,IN,GLASS,FOOD3,0.01,4465.383,3,3,4465.383,0.0,0.0,0.0,0.0,446538.3
1777350,IT,TR,GLASS,STEAM,0.01,4465.357,3,3,4465.357,0.0,0.0,0.0,0.0,446535.7
1750358,IT,CN,FABRI,LIQUE,0.02,4465.298,3,3,4465.298,0.0,0.0,0.0,0.0,223264.9
1745858,IT,JP,LEATH,LEAD1,0.03,4465.079,3,3,4465.079,0.0,0.0,0.0,0.0,148835.966667
1678086,IT,FR,FOODW,RESEA,0.03,4465.067,3,3,4465.067,0.0,0.0,0.0,0.0,148835.566667
1728007,IT,SE,SANDC,COLLE,0.01,4464.983,4,4,4463.983,0.0,0.0,1.0,0.0,446498.3
1809087,IT,WM,CROPS,MEATC,0.04,4464.875,3,3,4464.875,0.0,0.0,0.0,0.0,111621.875
1760550,IT,IN,LEATH,NONME,0.03,4464.761,3,3,4464.761,0.0,0.0,0.0,0.0,148825.366667
1713250,IT,MT,PAPER,RADIO,0.02,4464.566,3,3,4464.566,0.0,0.0,0.0,0.0,223228.3
1681809,IT,HR,MEAT1,HOTEL,0.02,4464.538,3,3,4464.538,0.0,0.0,0.0,0.0,223226.9
1649177,IT,BG,PRINT,ELEC3,0.04,4463.963,3,3,4463.963,0.0,0.0,0.0,0.0,111599.075
1712833,IT,LV,AUXIL,FISH5,0.08,4463.882,3,3,4463.882,0.0,0.0,0.0,0.0,55798.525
1682447,IT,HR,PAPER,COLLE,0.02,4463.847,3,3,4463.847,0.0,0.0,0.0,0.0,223192.35
1678561,IT,GR,CROPS,MEATA,0.04,4463.827,3,3,4463.827,0.0,0.0,0.0,0.0,111595.675
1654968,IT,CZ,INSUR,RETAI,0.09,4463.784,3,3,4463.784,0.0,0.0,0.0,0.0,49597.6
1798999,IT,WE,TEXTI,MEATC,0.03,4463.758,3,3,4463.758,0.0,0.0,0.0,0.0,148791.933333
1712674,IT,LV,CONST,PAPE4,0.02,4463.047,3,3,4463.047,0.0,0.0,0.0,0.0,223152.35
1775942,IT,TR,FOOD5,FURNI,0.02,4462.858,3,3,4462.858,0.0,0.0,0.0,0.0,223142.9
1646750,IT,BE,CONST,MOTO1,0.02,4462.779,3,3,4462.779,0.0,0.0,0.0,0.0,223138.95
1763239,IT,MX,WOODW,ELEC2,0.01,4462.212,3,3,4462.212,0.0,0.0,0.0,0.0,446221.2
1678637,IT,GR,MEATC,FURNI,0.01,4462.157,3,3,4462.157,0.0,0.0,0.0,0.0,446215.7
1768696,IT,AU,TEXTI,FINAN,0.03,4461.946,3,3,4461.946,0.0,0.0,0.0,0.0,148731.533333
1644605,IT,BE,FOOD5,KEROS,0.02,4461.779,3,3,4461.779,0.0,0.0,0.0,0.0,223088.95
1814339,IT,WM,FINAN,ELEC6,0.06,4461.292,3,3,4461.292,0.0,0.0,0.0,0.0,74354.866667
1727126,IT,RO,LANDT,NONF1,0.03,4461.272,3,3,4461.272,0.0,0.0,0.0,0.0,148709.066667
1709507,IT,LT,LEATH,MEATA,0.03,4460.768,3,3,4460.768,0.0,0.0,0.0,0.0,148692.266667
1684627,IT,HR,FOOD4,RETA1,0.03,4460.76,3,3,4460.76,0.0,0.0,0.0,0.0,148692.0
1671867,IT,FI,HOTEL,PAPER,0.03,4460.713,3,3,4460.713,0.0,0.0,0.0,0.0,148690.433333
1758056,IT,BR,RUBBE,WASTE,0.01,4460.682,3,3,4460.682,0.0,0.0,0.0,0.0,446068.2
1785085,IT,ZA,SANDC,AIRTR,0.01,4460.673,4,4,4459.673,0.0,0.0,1.0,0.0,446067.3
1728488,IT,SE,WOODW,DAIRY,0.01,4460.632,3,3,4460.632,0.0,0.0,0.0,0.0,446063.2
1647302,IT,BE,LANDT,FOOD3,0.03,4460.477,3,3,4460.477,0.0,0.0,0.0,0.0,148682.566667
1761360,IT,IN,GLASS,WASTE,0.01,4459.637,3,3,4459.637,0.0,0.0,0.0,0.0,445963.7
1710058,IT,LT,FABRI,FOOD5,0.02,4459.477,3,3,4459.477,0.0,0.0,0.0,0.0,222973.85
1652586,IT,CZ,LEATH,RETAI,0.03,4459.441,3,3,4459.441,0.0,0.0,0.0,0.0,148648.033333
1653293,IT,CZ,RUBBE,FOOD2,0.01,4458.876,3,3,4458.876,0.0,0.0,0.0,0.0,445887.6
1651576,IT,CY,GLASS,MEAT4,0.01,4458.682,3,3,4458.682,0.0,0.0,0.0,0.0,445868.2
1732662,IT,SI,GLASS,INERT,0.01,4458.541,3,3,4458.541,0.0,0.0,0.0,0.0,445854.1
1733633,IT,SI,HOTEL,RADIO,0.03,4458.418,3,3,4458.418,0.0,0.0,0.0,0.0,148613.933333
1813616,IT,WM,RETA1,CEREA,0.05,4458.388,3,3,4458.388,0.0,0.0,0.0,0.0,89167.76
1806243,IT,WF,MACHI,NONSP,0.02,4458.376,3,3,4458.376,0.0,0.0,0.0,0.0,222918.8
1790597,IT,WA,FABRI,POULT,0.02,4457.811,3,3,4457.811,0.0,0.0,0.0,0.0,222890.55
1677767,IT,FR,COMPU,BIOGA,0.05,4457.593,3,3,4457.593,0.0,0.0,0.0,0.0,89151.86
1814871,IT,WM,93197,LANDT,0.03,4457.549,3,3,4457.549,0.0,0.0,0.0,0.0,148584.966667
1678261,IT,FR,FOOD2,DAIRY,0.03,4457.538,3,3,4457.538,0.0,0.0,0.0,0.0,148584.6
1647056,IT,BE,HOTEL,CEREA,0.03,4457.457,3,3,4457.457,0.0,0.0,0.0,0.0,148581.9
1731337,IT,SI,DAIRY,ELECT,0.02,4457.436,3,3,4457.436,0.0,0.0,0.0,0.0,222871.8
1812824,IT,WM,FABRI,REFIN,0.02,4457.27,3,3,4457.27,0.0,0.0,0.0,0.0,222863.5
1680644,IT,GR,RETAI,RENTI,0.03,4456.731,3,3,4456.731,0.0,0.0,0.0,0.0,148557.7
1718002,IT,PL,CHEMI,DAIRY,0.01,4456.626,3,3,4456.626,0.0,0.0,0.0,0.0,445662.6
1680280,IT,GR,FURNI,RADIO,0.01,4456.513,3,3,4456.513,0.0,0.0,0.0,0.0,445651.3
1770956,IT,CH,VEGET,NONME,0.02,4456.367,3,3,4456.367,0.0,0.0,0.0,0.0,222818.35
1784030,IT,ID,TEXTI,GLASS,0.03,4455.995,3,3,4455.995,0.0,0.0,0.0,0.0,148533.166667
1769221,IT,AU,RUBBE,POULT,0.01,4455.943,3,3,4455.943,0.0,0.0,0.0,0.0,445594.3
1663761,IT,EE,FOOD5,REALE,0.02,4455.894,3,3,4455.894,0.0,0.0,0.0,0.0,222794.7
1760081,IT,BR,OILHA,REALE,0.03,4455.834,3,3,4455.834,0.0,0.0,0.0,0.0,148527.8
1747374,IT,JP,RETA1,LANDT,0.05,4455.798,3,3,4455.798,0.0,0.0,0.0,0.0,89115.96
1716328,IT,NL,FABRI,DIST1,0.02,4455.138,3,3,4455.138,0.0,0.0,0.0,0.0,222756.9
1767253,IT,RU,HOTEL,LEATH,0.03,4455.099,3,3,4455.099,0.0,0.0,0.0,0.0,148503.3
1723844,IT,PT,MOTO1,FOOD3,0.02,4454.994,3,3,4454.994,0.0,0.0,0.0,0.0,222749.7
1806664,IT,WF,WHOLE,WHEAT,0.04,4454.819,3,3,4454.819,0.0,0.0,0.0,0.0,111370.475
1734624,IT,SK,TEXTI,PRINT,0.03,4454.561,3,3,4454.561,0.0,0.0,0.0,0.0,148485.366667
1741249,IT,US,WOODW,SEWAG,0.01,4454.537,3,3,4454.537,0.0,0.0,0.0,0.0,445453.7
1768139,IT,RU,PUBLI,TEXTI,0.07,4454.44,3,3,4454.44,0.0,0.0,0.0,0.0,63634.857143
1650142,IT,BG,MOTO1,BEVER,0.02,4454.251,3,3,4454.251,0.0,0.0,0.0,0.0,222712.55
1727998,IT,SE,SANDC,BITU1,0.01,4454.207,4,4,4453.207,0.0,0.0,1.0,0.0,445420.7
1784941,IT,ID,INSUR,CRUDE,0.09,4454.088,3,3,4454.088,0.0,0.0,0.0,0.0,49489.866667
1739054,IT,GB,RETAI,COLLE,0.03,4454.062,3,3,4454.062,0.0,0.0,0.0,0.0,148468.733333
1730689,IT,SE,COMPU,BASIC,0.05,4454.051,3,3,4454.051,0.0,0.0,0.0,0.0,89081.02
1745493,IT,JP,FOOD5,FABRI,0.02,4453.95,3,3,4453.95,0.0,0.0,0.0,0.0,222697.5
1756854,IT,KR,POSTT,ELECT,0.07,4453.868,3,3,4453.868,0.0,0.0,0.0,0.0,63626.685714
1781455,IT,NO,BEVER,TEXTI,0.02,4453.76,3,3,4453.76,0.0,0.0,0.0,0.0,222688.0
1660697,IT,DE,RENTI,MOTOR,0.03,4453.674,3,3,4453.674,0.0,0.0,0.0,0.0,148455.8
1718040,IT,PL,MEATC,MEATP,0.01,4453.671,3,3,4453.671,0.0,0.0,0.0,0.0,445367.1
1733774,IT,SI,LANDT,RADIO,0.03,4453.51,3,3,4453.51,0.0,0.0,0.0,0.0,148450.333333
1733340,IT,SI,TRANS,SUGA1,0.03,4453.246,3,3,4453.246,0.0,0.0,0.0,0.0,148441.533333
1725047,IT,RO,VEGET,BUSIN,0.02,4453.19,3,3,4453.19,0.0,0.0,0.0,0.0,222659.5
1687157,IT,HU,FURNI,NONME,0.01,4453.176,3,3,4453.176,0.0,0.0,0.0,0.0,445317.6
1758386,IT,BR,FABRI,LIQUE,0.02,4452.877,3,3,4452.877,0.0,0.0,0.0,0.0,222643.85
1684502,IT,HR,RESEA,BUSIN,0.02,4452.846,3,3,4452.846,0.0,0.0,0.0,0.0,222642.3
1714363,IT,MT,93197,FINAN,0.03,4452.793,3,3,4452.793,0.0,0.0,0.0,0.0,148426.433333
1737148,IT,GB,VEGE1,WOODW,0.01,4452.652,3,3,4452.652,0.0,0.0,0.0,0.0,445265.2
1806572,IT,WF,CONST,PRECI,0.02,4452.563,3,3,4452.563,0.0,0.0,0.0,0.0,222628.15
1652623,IT,CZ,WOODW,GASDI,0.01,4452.387,3,3,4452.387,0.0,0.0,0.0,0.0,445238.7
1760352,IT,IN,CHEMI,NFERT,0.01,4452.341,3,3,4452.341,0.0,0.0,0.0,0.0,445234.1
1650212,IT,BG,TRANS,LANDT,0.03,4452.269,3,3,4452.269,0.0,0.0,0.0,0.0,148408.966667
1780646,IT,TW,AUXIL,PROCE,0.08,4451.858,3,3,4451.858,0.0,0.0,0.0,0.0,55648.225
1812626,IT,WM,COPP1,PLANT,0.01,4451.461,3,3,4451.461,0.0,0.0,0.0,0.0,445146.1
1800625,IT,WE,GLASS,POSTT,0.01,4451.313,3,3,4451.313,0.0,0.0,0.0,0.0,445131.3
1720186,IT,PL,COPP1,ELEC2,0.01,4451.304,3,3,4451.304,0.0,0.0,0.0,0.0,445130.4
1795034,IT,WL,ADDIT,ETHAN,0.01,4451.119,3,3,4451.119,0.0,0.0,0.0,0.0,445111.9
1663718,IT,EE,VEGE1,VEGE1,0.01,4451.117,3,3,4451.117,0.0,0.0,0.0,0.0,445111.7
1769949,IT,AU,MOTO1,WASTE,0.02,4450.467,3,3,4450.467,0.0,0.0,0.0,0.0,222523.35
1787018,IT,ZA,INSUR,DISTR,0.09,4450.397,3,3,4450.397,0.0,0.0,0.0,0.0,49448.855556
1797078,IT,WL,POSTT,WHEAT,0.07,4450.101,3,3,4450.101,0.0,0.0,0.0,0.0,63572.871429
1783574,IT,NO,FOOD2,PFERT,0.03,4450.09,3,3,4450.09,0.0,0.0,0.0,0.0,148336.333333
1770537,IT,AU,SUPPO,WOODW,0.03,4450.008,3,3,4450.008,0.0,0.0,0.0,0.0,148333.6
1740943,IT,US,FOOD5,SALEM,0.02,4449.753,3,3,4449.753,0.0,0.0,0.0,0.0,222487.65
1757169,IT,BR,CHEMI,LIQUI,0.01,4449.743,3,3,4449.743,0.0,0.0,0.0,0.0,444974.3
1712614,IT,LV,OFFIC,RAILW,0.01,4449.489,3,3,4449.489,0.0,0.0,0.0,0.0,444948.9
1733588,IT,SI,RETA1,INTER,0.05,4449.3,3,3,4449.3,0.0,0.0,0.0,0.0,88986.0
1640719,IT,AT,TEXTI,STONE,0.03,4449.156,3,3,4449.156,0.0,0.0,0.0,0.0,148305.2
1783946,IT,ID,STONE,FOOD3,0.01,4449.065,3,3,4449.065,0.0,0.0,0.0,0.0,444906.5
1689677,IT,IE,POSTT,SALEM,0.07,4448.858,3,3,4448.858,0.0,0.0,0.0,0.0,63555.114286
1709310,IT,LT,SANDC,STONE,0.01,4448.754,4,4,4447.754,0.0,0.0,1.0,0.0,444875.4
1675710,IT,FR,TRANS,TEXT2,0.03,4448.624,3,3,4448.624,0.0,0.0,0.0,0.0,148287.466667
1792875,IT,WA,EDUCA,INSUR,0.11,4448.53,3,3,4448.53,0.0,0.0,0.0,0.0,40441.181818
1650582,IT,BG,ELEC8,MOTOR,0.06,4448.495,3,3,4448.495,0.0,0.0,0.0,0.0,74141.583333
1795190,IT,WL,GLASS,PRECI,0.01,4448.299,3,3,4448.299,0.0,0.0,0.0,0.0,444829.9
1777765,IT,TR,FABRI,FORES,0.02,4448.215,3,3,4448.215,0.0,0.0,0.0,0.0,222410.75
1688578,IT,IE,PRINT,ELEC4,0.04,4448.038,3,3,4448.038,0.0,0.0,0.0,0.0,111200.95
1646462,IT,BE,MACHI,NONSP,0.02,4448.025,3,3,4448.025,0.0,0.0,0.0,0.0,222401.25
1686168,IT,HU,GLASS,MEATC,0.01,4448.014,3,3,4448.014,0.0,0.0,0.0,0.0,444801.4
1798796,IT,WE,FOOD5,ADDIT,0.02,4447.998,3,3,4447.998,0.0,0.0,0.0,0.0,222399.9
1752677,IT,CA,WEARI,SALEM,0.03,4447.841,3,3,4447.841,0.0,0.0,0.0,0.0,148261.366667
1806923,IT,WF,RAILW,PFERT,0.03,4447.724,3,3,4447.724,0.0,0.0,0.0,0.0,148257.466667
1797410,IT,WL,COMPU,FABRI,0.05,4447.611,3,3,4447.611,0.0,0.0,0.0,0.0,88952.22
1670795,IT,FI,PRINT,LANDT,0.04,4447.595,3,3,4447.595,0.0,0.0,0.0,0.0,111189.875
1646724,IT,BE,CONST,BEVER,0.02,4447.537,3,3,4447.537,0.0,0.0,0.0,0.0,222376.85
1719350,IT,PL,RUBBE,SUGAR,0.01,4447.517,3,3,4447.517,0.0,0.0,0.0,0.0,444751.7
1664961,IT,ES,SANDC,NONME,0.01,4447.369,4,4,4446.369,0.0,0.0,1.0,0.0,444736.9
1740839,IT,US,VEGE1,COLLE,0.01,4447.045,3,3,4447.045,0.0,0.0,0.0,0.0,444704.5
1814947,IT,WM,PRIVA,OFFIC,0.99,4446.85,3,3,4446.85,0.0,0.0,0.0,0.0,4491.767677
1791483,IT,WA,WHOLE,AUXIL,0.04,4446.799,3,3,4446.799,0.0,0.0,0.0,0.0,111169.975
1754810,IT,KR,FOOD5,MOTO1,0.02,4446.745,3,3,4446.745,0.0,0.0,0.0,0.0,222337.25
1678136,IT,FR,PLAS1,PRINT,0.02,4446.607,3,3,4446.607,0.0,0.0,0.0,0.0,222330.35
1804199,IT,WF,PRINT,FOOD5,0.04,4446.108,3,3,4446.108,0.0,0.0,0.0,0.0,111152.7
1803606,IT,WF,FOOD5,NICKE,0.02,4446.08,3,3,4446.08,0.0,0.0,0.0,0.0,222304.0
1802509,IT,WE,POSTT,BASIC,0.07,4446.026,3,3,4446.026,0.0,0.0,0.0,0.0,63514.657143
1797920,IT,WL,FOOD4,FOOD5,0.03,4445.954,3,3,4445.954,0.0,0.0,0.0,0.0,148198.466667
1684555,IT,HR,BUSIN,SECO9,0.05,4445.933,3,3,4445.933,0.0,0.0,0.0,0.0,88918.66
1660725,IT,DE,RENTI,COLLE,0.03,4445.911,3,3,4445.911,0.0,0.0,0.0,0.0,148197.033333
1796349,IT,WL,WHOLE,PADDY,0.04,4445.869,3,3,4445.869,0.0,0.0,0.0,0.0,111146.725
1711419,IT,LU,HOTEL,LANDT,0.03,4445.391,3,3,4445.391,0.0,0.0,0.0,0.0,148179.7
1759582,IT,BR,COMPU,DISTR,0.05,4445.208,3,3,4445.208,0.0,0.0,0.0,0.0,88904.16
1768175,IT,RU,PUBLI,ELEC2,0.07,4445.185,3,3,4445.185,0.0,0.0,0.0,0.0,63502.642857
1805277,IT,WF,ADDIT,POULT,0.01,4445.167,3,3,4445.167,0.0,0.0,0.0,0.0,444516.7
1744134,IT,US,SUPPO,DIST1,0.03,4445.102,3,3,4445.102,0.0,0.0,0.0,0.0,148170.066667
1760560,IT,IN,LEATH,RADIO,0.03,4444.563,3,3,4444.563,0.0,0.0,0.0,0.0,148152.1
1681676,IT,HR,VEGET,RESEA,0.02,4444.3,3,3,4444.3,0.0,0.0,0.0,0.0,222215.0
1791208,IT,WA,FURNI,BRICK,0.01,4444.065,3,3,4444.065,0.0,0.0,0.0,0.0,444406.5
1776192,IT,TR,LEATH,93197,0.03,4443.746,3,3,4443.746,0.0,0.0,0.0,0.0,148124.866667
1769004,IT,AU,PAPER,INERT,0.02,4443.643,3,3,4443.643,0.0,0.0,0.0,0.0,222182.15
1751031,IT,CN,WHOLE,COPP1,0.04,4443.411,3,3,4443.411,0.0,0.0,0.0,0.0,111085.275
1806542,IT,WF,FURNI,CHARC,0.01,4443.259,3,3,4443.259,0.0,0.0,0.0,0.0,444325.9
1644449,IT,BE,VEGE1,WEARI,0.01,4443.218,3,3,4443.218,0.0,0.0,0.0,0.0,444321.8
1754903,IT,KR,TOBAC,AIRTR,0.02,4442.989,3,3,4442.989,0.0,0.0,0.0,0.0,222149.45
1768547,IT,AU,FOOD5,AUXIL,0.02,4442.979,3,3,4442.979,0.0,0.0,0.0,0.0,222148.95
1644475,IT,BE,VEGE1,POSTT,0.01,4442.649,3,3,4442.649,0.0,0.0,0.0,0.0,444264.9
1661334,IT,DK,CHEMI,PRIVA,0.01,4442.634,3,3,4442.634,0.0,0.0,0.0,0.0,444263.4
1645709,IT,BE,RUBBE,WHEAT,0.01,4442.063,3,3,4442.063,0.0,0.0,0.0,0.0,444206.3
1779295,IT,TR,FINAN,93197,0.06,4441.779,3,3,4441.779,0.0,0.0,0.0,0.0,74029.65
1665145,IT,ES,DAIRY,SUPPO,0.02,4441.72,3,3,4441.72,0.0,0.0,0.0,0.0,222086.0
1646607,IT,BE,MOTO1,SEACO,0.02,4441.642,3,3,4441.642,0.0,0.0,0.0,0.0,222082.1
1801640,IT,WE,FURNI,MEATP,0.01,4441.496,3,3,4441.496,0.0,0.0,0.0,0.0,444149.6
1790492,IT,WA,COPP1,NONME,0.01,4441.293,3,3,4441.293,0.0,0.0,0.0,0.0,444129.3
1758726,IT,BR,RETAI,RESEA,0.03,4441.277,3,3,4441.277,0.0,0.0,0.0,0.0,148042.566667
1651260,IT,CY,MEAT1,HOTEL,0.02,4441.089,3,3,4441.089,0.0,0.0,0.0,0.0,222054.45
1760572,IT,IN,WOODW,FORES,0.01,4441.065,3,3,4441.065,0.0,0.0,0.0,0.0,444106.5
1759500,IT,BR,REALE,COPP1,0.19,4440.914,3,3,4440.914,0.0,0.0,0.0,0.0,23373.231579
1766881,IT,RU,OFFIC,CEMEN,0.01,4440.569,3,3,4440.569,0.0,0.0,0.0,0.0,444056.9
1793600,IT,WL,VEGE1,NONME,0.01,4440.558,3,3,4440.558,0.0,0.0,0.0,0.0,444055.8
1680172,IT,GR,MOTO1,RETA1,0.02,4440.554,3,3,4440.554,0.0,0.0,0.0,0.0,222027.7
1680120,IT,GR,OFFIC,CHEM1,0.01,4440.304,3,3,4440.304,0.0,0.0,0.0,0.0,444030.4
1733026,IT,SI,COPP1,ANIMA,0.01,4439.938,3,3,4439.938,0.0,0.0,0.0,0.0,443993.8
1740436,IT,GB,FOOD2,CONST,0.03,4439.765,3,3,4439.765,0.0,0.0,0.0,0.0,147992.166667
1799379,IT,WE,PULP5,CONST,0.01,4439.717,3,3,4439.717,0.0,0.0,0.0,0.0,443971.7
1736026,IT,SK,TRANS,INERT,0.03,4439.7,3,3,4439.7,0.0,0.0,0.0,0.0,147990.0
1712687,IT,LV,HOTEL,FOOD5,0.03,4439.586,3,3,4439.586,0.0,0.0,0.0,0.0,147986.2
1808316,IT,WF,FOOD3,PADDY,0.01,4439.366,3,3,4439.366,0.0,0.0,0.0,0.0,443936.6
1744280,IT,US,POSTT,PAPE1,0.07,4439.295,3,3,4439.295,0.0,0.0,0.0,0.0,63418.5
1722430,IT,PT,VEGE1,CATTL,0.01,4439.261,3,3,4439.261,0.0,0.0,0.0,0.0,443926.1
1786009,IT,ZA,GLASS,CEMEN,0.01,4439.248,3,3,4439.248,0.0,0.0,0.0,0.0,443924.8
1785903,IT,ZA,RUBBE,CATTL,0.01,4439.222,3,3,4439.222,0.0,0.0,0.0,0.0,443922.2
1713107,IT,MT,FOOD5,FABRI,0.02,4438.482,3,3,4438.482,0.0,0.0,0.0,0.0,221924.1
1643044,IT,AT,CONST,EDUCA,0.02,4438.471,3,3,4438.471,0.0,0.0,0.0,0.0,221923.55
1784536,IT,ID,FABRI,FINAN,0.02,4438.24,3,3,4438.24,0.0,0.0,0.0,0.0,221912.0
1684662,IT,HR,INERT,BUSIN,0.03,4438.2,3,3,4438.2,0.0,0.0,0.0,0.0,147940.0
1671389,IT,FI,FABRI,MEATC,0.02,4438.17,3,3,4438.17,0.0,0.0,0.0,0.0,221908.5
1764018,IT,MX,COPP1,MEATA,0.01,4437.826,3,3,4437.826,0.0,0.0,0.0,0.0,443782.6
1641191,IT,AT,PRINT,TRAN1,0.04,4437.465,3,3,4437.465,0.0,0.0,0.0,0.0,110936.625
1762863,IT,IN,PUBLI,PUBLI,0.07,4437.398,3,3,4437.398,0.0,0.0,0.0,0.0,63391.4
1751080,IT,CN,RETA1,NATUR,0.05,4437.178,3,3,4437.178,0.0,0.0,0.0,0.0,88743.56
1669023,IT,ES,SUPPO,LEATH,0.03,4436.92,3,3,4436.92,0.0,0.0,0.0,0.0,147897.333333
1740284,IT,GB,BUSIN,OILHA,0.05,4436.651,3,3,4436.651,0.0,0.0,0.0,0.0,88733.02
1740439,IT,GB,FOOD2,BUSIN,0.03,4436.56,3,3,4436.56,0.0,0.0,0.0,0.0,147885.333333
1797556,IT,WL,PUBLI,MOTOR,0.07,4436.453,3,3,4436.453,0.0,0.0,0.0,0.0,63377.9
1671109,IT,FI,GLASS,VEGE1,0.01,4436.203,3,3,4436.203,0.0,0.0,0.0,0.0,443620.3
1660539,IT,DE,INSUR,PLAS1,0.09,4436.032,3,3,4436.032,0.0,0.0,0.0,0.0,49289.244444
1725806,IT,RO,PRINT,FOOD3,0.04,4435.82,3,3,4435.82,0.0,0.0,0.0,0.0,110895.5
1661158,IT,DE,93197,POULT,0.03,4435.652,3,3,4435.652,0.0,0.0,0.0,0.0,147855.066667
1767190,IT,RU,WHOLE,BUSIN,0.04,4435.483,3,3,4435.483,0.0,0.0,0.0,0.0,110887.075
1785983,IT,ZA,RUBBE,FINAN,0.01,4435.385,3,3,4435.385,0.0,0.0,0.0,0.0,443538.5
1688554,IT,IE,PRINT,NATUR,0.04,4435.293,3,3,4435.293,0.0,0.0,0.0,0.0,110882.325
1728024,IT,SE,CHEMI,FOOD5,0.01,4435.188,3,3,4435.188,0.0,0.0,0.0,0.0,443518.8
1684628,IT,HR,FOOD4,BUSIN,0.03,4435.083,3,3,4435.083,0.0,0.0,0.0,0.0,147836.1
1739361,IT,GB,RAILW,BRICK,0.03,4434.988,3,3,4434.988,0.0,0.0,0.0,0.0,147832.933333
1798677,IT,WE,VEGE1,LEATH,0.01,4434.715,3,3,4434.715,0.0,0.0,0.0,0.0,443471.5
1745026,IT,US,PUBLI,NAPHT,0.07,4434.712,3,3,4434.712,0.0,0.0,0.0,0.0,63353.028571
1768500,IT,AU,FOOD5,VEGE1,0.02,4434.709,3,3,4434.709,0.0,0.0,0.0,0.0,221735.45
1655028,IT,CZ,REALE,WHOLE,0.19,4434.473,3,3,4434.473,0.0,0.0,0.0,0.0,23339.331579
1806242,IT,WF,MACHI,BITU1,0.02,4434.388,3,3,4434.388,0.0,0.0,0.0,0.0,221719.4
1686850,IT,HU,FABRI,AIRTR,0.02,4434.296,3,3,4434.296,0.0,0.0,0.0,0.0,221714.8
1717428,IT,NL,INSUR,SEACO,0.09,4434.137,3,3,4434.137,0.0,0.0,0.0,0.0,49268.188889
1644127,IT,AT,INTER,CEMEN,0.03,4433.891,3,3,4433.891,0.0,0.0,0.0,0.0,147796.366667
1680117,IT,GR,OFFIC,HEAVY,0.01,4433.875,3,3,4433.875,0.0,0.0,0.0,0.0,443387.5
1710719,IT,LU,FOOD5,RENTI,0.02,4433.867,3,3,4433.867,0.0,0.0,0.0,0.0,221693.35
1718434,IT,PL,TOBAC,PLAST,0.02,4433.531,3,3,4433.531,0.0,0.0,0.0,0.0,221676.55
1689498,IT,IE,RAILW,WHOLE,0.03,4433.468,3,3,4433.468,0.0,0.0,0.0,0.0,147782.266667
1677759,IT,FR,COMPU,PAPER,0.05,4433.444,3,3,4433.444,0.0,0.0,0.0,0.0,88668.88
1760168,IT,BR,WASTE,PUBLI,0.01,4433.228,3,3,4433.228,0.0,0.0,0.0,0.0,443322.8
1664616,IT,EE,LANDT,FISHF,0.03,4433.06,3,3,4433.06,0.0,0.0,0.0,0.0,147768.666667
1640413,IT,AT,VEGE1,ANIMA,0.01,4432.839,3,3,4432.839,0.0,0.0,0.0,0.0,443283.9
1667937,IT,ES,MOTO1,WOOD1,0.02,4432.631,3,3,4432.631,0.0,0.0,0.0,0.0,221631.55
1712675,IT,LV,SALEM,LANDT,0.04,4432.591,3,3,4432.591,0.0,0.0,0.0,0.0,110814.775
1773993,IT,CH,RETAI,WHEAT,0.03,4432.489,3,3,4432.489,0.0,0.0,0.0,0.0,147749.633333
1716268,IT,NL,COPP1,WASTE,0.01,4432.414,3,3,4432.414,0.0,0.0,0.0,0.0,443241.4
1763316,IT,MX,PAPER,COLLE,0.02,4432.131,3,3,4432.131,0.0,0.0,0.0,0.0,221606.55
1711832,IT,LU,FOODW,FINAN,0.03,4431.892,3,3,4431.892,0.0,0.0,0.0,0.0,147729.733333
1709818,IT,LT,RUBBE,SALEM,0.01,4431.706,3,3,4431.706,0.0,0.0,0.0,0.0,443170.6
1679539,IT,GR,RUBBE,MEAT1,0.01,4431.704,3,3,4431.704,0.0,0.0,0.0,0.0,443170.4
1789483,IT,WA,ADDIT,PRINT,0.01,4431.623,3,3,4431.623,0.0,0.0,0.0,0.0,443162.3
1756452,IT,KR,CONST,SECO9,0.02,4431.545,3,3,4431.545,0.0,0.0,0.0,0.0,221577.25
1661425,IT,DK,VEGE1,MEMBE,0.01,4431.543,3,3,4431.543,0.0,0.0,0.0,0.0,443154.3
1756982,IT,KR,COMPU,FURNI,0.05,4431.421,3,3,4431.421,0.0,0.0,0.0,0.0,88628.42
1735861,IT,SK,OFFIC,POULT,0.01,4431.25,3,3,4431.25,0.0,0.0,0.0,0.0,443125.0
1644322,IT,BE,STONE,CHEM1,0.01,4431.231,3,3,4431.231,0.0,0.0,0.0,0.0,443123.1
1730895,IT,SE,PAPE1,INTER,0.03,4431.18,3,3,4431.18,0.0,0.0,0.0,0.0,147706.0
1803211,IT,WF,CROPS,SALEM,0.04,4430.996,3,3,4430.996,0.0,0.0,0.0,0.0,110774.9
1744574,IT,US,REALE,FOOD3,0.19,4430.975,3,3,4430.975,0.0,0.0,0.0,0.0,23320.921053
1683175,IT,HR,GLASS,HEAVY,0.01,4430.586,3,3,4430.586,0.0,0.0,0.0,0.0,443058.6
1717345,IT,NL,FINAN,ELEC3,0.06,4430.428,3,3,4430.428,0.0,0.0,0.0,0.0,73840.466667
1783012,IT,NO,POSTT,PUBLI,0.07,4430.389,3,3,4430.389,0.0,0.0,0.0,0.0,63291.271429
1758088,IT,BR,GLASS,BIODI,0.01,4430.33,3,3,4430.33,0.0,0.0,0.0,0.0,443033.0
1718817,IT,PL,PAPER,FOUND,0.02,4429.986,3,3,4429.986,0.0,0.0,0.0,0.0,221499.3
1733488,IT,SI,WHOLE,FORES,0.04,4429.967,3,3,4429.967,0.0,0.0,0.0,0.0,110749.175
1685421,IT,HU,WOODW,RAWMI,0.01,4429.826,3,3,4429.826,0.0,0.0,0.0,0.0,442982.6
1759859,IT,BR,FOODW,RENTI,0.03,4429.64,3,3,4429.64,0.0,0.0,0.0,0.0,147654.666667
1772507,IT,CH,RUBBE,MEAT1,0.01,4429.592,3,3,4429.592,0.0,0.0,0.0,0.0,442959.2
1734814,IT,SK,PULP5,OFFIC,0.01,4429.575,3,3,4429.575,0.0,0.0,0.0,0.0,442957.5
1709467,IT,LT,TEXTI,RAILW,0.03,4429.573,3,3,4429.573,0.0,0.0,0.0,0.0,147652.433333
1813474,IT,WM,SALEM,HEAVY,0.04,4429.51,3,3,4429.51,0.0,0.0,0.0,0.0,110737.75
1760712,IT,IN,PAPER,ELEC8,0.02,4429.482,3,3,4429.482,0.0,0.0,0.0,0.0,221474.1
1717431,IT,NL,INSUR,SUPPO,0.09,4429.477,3,3,4429.477,0.0,0.0,0.0,0.0,49216.411111
1728115,IT,SE,VEGE1,SECO9,0.01,4429.374,3,3,4429.374,0.0,0.0,0.0,0.0,442937.4
1686721,IT,HU,COPP1,TRAN1,0.01,4429.316,3,3,4429.316,0.0,0.0,0.0,0.0,442931.6
1798525,IT,WE,STONE,DISTR,0.01,4429.192,3,3,4429.192,0.0,0.0,0.0,0.0,442919.2
1802239,IT,WE,RAILW,BUSIN,0.03,4428.6,3,3,4428.6,0.0,0.0,0.0,0.0,147620.0
1643836,IT,AT,FINAN,BUSIN,0.06,4428.383,3,3,4428.383,0.0,0.0,0.0,0.0,73806.383333
1675656,IT,FR,TRANS,FISH5,0.03,4428.169,3,3,4428.169,0.0,0.0,0.0,0.0,147605.633333
1792342,IT,WA,FINAN,BASIC,0.06,4427.768,3,3,4427.768,0.0,0.0,0.0,0.0,73796.133333
1754760,IT,KR,DAIRY,AUXIL,0.02,4427.648,3,3,4427.648,0.0,0.0,0.0,0.0,221382.4
1664858,IT,ES,WOOLS,RUBBE,0.02,4427.515,3,3,4427.515,0.0,0.0,0.0,0.0,221375.75
1721787,IT,PL,AUXIL,MOTO1,0.08,4427.484,3,3,4427.484,0.0,0.0,0.0,0.0,55343.55
1678751,IT,GR,SUGA1,PAPER,0.01,4426.176,3,3,4426.176,0.0,0.0,0.0,0.0,442617.6
1753648,IT,CA,OFFIC,POSTT,0.01,4425.917,3,3,4425.917,0.0,0.0,0.0,0.0,442591.7
1710210,IT,LT,OFFIC,MEAT1,0.01,4425.904,3,3,4425.904,0.0,0.0,0.0,0.0,442590.4
1792442,IT,WA,AUXIL,MEAT4,0.08,4425.311,3,3,4425.311,0.0,0.0,0.0,0.0,55316.3875
1752336,IT,CA,MEAT4,MEATC,0.02,4425.138,3,3,4425.138,0.0,0.0,0.0,0.0,221256.9
1798712,IT,WE,DAIRY,WHOLE,0.02,4425.073,3,3,4425.073,0.0,0.0,0.0,0.0,221253.65
1688180,IT,HU,BUSIN,INSUR,0.05,4424.951,3,3,4424.951,0.0,0.0,0.0,0.0,88499.02
1733955,IT,SI,SUPPO,SECO9,0.03,4424.929,3,3,4424.929,0.0,0.0,0.0,0.0,147497.633333
1672759,IT,FR,MEATC,LANDT,0.01,4424.866,3,3,4424.866,0.0,0.0,0.0,0.0,442486.6
1744446,IT,US,AUXIL,ELEC4,0.08,4424.864,3,3,4424.864,0.0,0.0,0.0,0.0,55310.8
1810007,IT,WM,TEXTI,WOOLS,0.03,4424.815,3,3,4424.815,0.0,0.0,0.0,0.0,147493.833333
1787096,IT,ZA,BUSIN,FABRI,0.05,4424.618,3,3,4424.618,0.0,0.0,0.0,0.0,88492.36
1717770,IT,NL,EDUCA,HEALT,0.11,4424.423,3,3,4424.423,0.0,0.0,0.0,0.0,40222.027273
1734651,IT,SK,TEXTI,RESEA,0.03,4424.403,3,3,4424.403,0.0,0.0,0.0,0.0,147480.1
1793856,IT,WL,TEXTI,ELECT,0.03,4424.371,3,3,4424.371,0.0,0.0,0.0,0.0,147479.033333
1724935,IT,PT,BUSIN,PLAS1,0.05,4423.373,3,3,4423.373,0.0,0.0,0.0,0.0,88467.46
1736057,IT,SK,FURNI,FURNI,0.01,4423.224,3,3,4423.224,0.0,0.0,0.0,0.0,442322.4
1796382,IT,WL,WHOLE,PULP5,0.04,4423.206,3,3,4423.206,0.0,0.0,0.0,0.0,110580.15
1665526,IT,ES,WEARI,PLAS1,0.03,4423.139,3,3,4423.139,0.0,0.0,0.0,0.0,147437.966667
1784662,IT,ID,OFFIC,DISTR,0.01,4422.943,3,3,4422.943,0.0,0.0,0.0,0.0,442294.3
1669285,IT,ES,FINAN,LUBRI,0.06,4422.817,3,3,4422.817,0.0,0.0,0.0,0.0,73713.616667
1741102,IT,US,TEXTI,PLAS2,0.03,4422.717,3,3,4422.717,0.0,0.0,0.0,0.0,147423.9
1790517,IT,WA,COPP1,SUPPO,0.01,4422.661,3,3,4422.661,0.0,0.0,0.0,0.0,442266.1
1754464,IT,CA,BUSIN,FISHF,0.05,4422.425,3,3,4422.425,0.0,0.0,0.0,0.0,88448.5
1722457,IT,PT,DAIRY,MEATC,0.02,4422.191,3,3,4422.191,0.0,0.0,0.0,0.0,221109.55
1737067,IT,GB,CHEMI,LIQUE,0.01,4422.069,3,3,4422.069,0.0,0.0,0.0,0.0,442206.9
1720979,IT,PL,WHOLE,RENTI,0.04,4422.044,3,3,4422.044,0.0,0.0,0.0,0.0,110551.1
1728294,IT,SE,BEVER,ELEC4,0.02,4421.844,3,3,4421.844,0.0,0.0,0.0,0.0,221092.2
1717418,IT,NL,INSUR,TRAN1,0.09,4421.701,3,3,4421.701,0.0,0.0,0.0,0.0,49130.011111
1669041,IT,ES,SUPPO,NONSP,0.03,4421.652,3,3,4421.652,0.0,0.0,0.0,0.0,147388.4
1748175,IT,JP,FOODW,PLAS1,0.03,4420.91,3,3,4420.91,0.0,0.0,0.0,0.0,147363.666667
1808471,IT,WF,FOOD4,LEAD1,0.03,4420.753,3,3,4420.753,0.0,0.0,0.0,0.0,147358.433333
1716853,IT,NL,HOTEL,ADDIT,0.03,4420.559,3,3,4420.559,0.0,0.0,0.0,0.0,147351.966667
1713707,IT,MT,FABRI,FINAN,0.02,4420.447,3,3,4420.447,0.0,0.0,0.0,0.0,221022.35
1654986,IT,CZ,INSUR,EDUCA,0.09,4420.433,3,3,4420.433,0.0,0.0,0.0,0.0,49115.922222
1780203,IT,TW,RAILW,COKEO,0.03,4419.441,3,3,4419.441,0.0,0.0,0.0,0.0,147314.7
1766113,IT,RU,RUBBE,NFERT,0.01,4419.259,3,3,4419.259,0.0,0.0,0.0,0.0,441925.9
1798518,IT,WE,STONE,KEROS,0.01,4419.219,3,3,4419.219,0.0,0.0,0.0,0.0,441921.9
1728222,IT,SE,FOOD5,BRICK,0.02,4419.207,3,3,4419.207,0.0,0.0,0.0,0.0,220960.35
1734912,IT,SK,PRINT,WHOLE,0.04,4419.144,3,3,4419.144,0.0,0.0,0.0,0.0,110478.6
1724272,IT,PT,LANDT,CHEM1,0.03,4419.08,3,3,4419.08,0.0,0.0,0.0,0.0,147302.666667
1813834,IT,WM,LANDT,WHEAT,0.03,4418.797,3,3,4418.797,0.0,0.0,0.0,0.0,147293.233333
1732619,IT,SI,GLASS,COPP1,0.01,4418.466,3,3,4418.466,0.0,0.0,0.0,0.0,441846.6
1788553,IT,WA,PAPER,BITU1,0.02,4418.439,3,3,4418.439,0.0,0.0,0.0,0.0,220921.95
1790782,IT,WA,MACHI,COKEO,0.02,4418.369,3,3,4418.369,0.0,0.0,0.0,0.0,220918.45
1797817,IT,WL,FOOD2,RAWMI,0.03,4418.332,3,3,4418.332,0.0,0.0,0.0,0.0,147277.733333
1655715,IT,DE,CHEMI,OILHA,0.01,4418.126,3,3,4418.126,0.0,0.0,0.0,0.0,441812.6
1807517,IT,WF,RENTI,LIQUE,0.03,4418.074,3,3,4418.074,0.0,0.0,0.0,0.0,147269.133333
1764557,IT,MX,WHOLE,HYDRO,0.04,4418.005,3,3,4418.005,0.0,0.0,0.0,0.0,110450.125
1660149,IT,DE,SUPPO,PULP5,0.03,4417.988,3,3,4417.988,0.0,0.0,0.0,0.0,147266.266667
1796751,IT,WL,LANDT,BIODI,0.03,4417.953,3,3,4417.953,0.0,0.0,0.0,0.0,147265.1
1716542,IT,NL,TRANS,RUBBE,0.03,4417.487,3,3,4417.487,0.0,0.0,0.0,0.0,147249.566667
1780223,IT,TW,RAILW,WHOLE,0.03,4417.295,3,3,4417.295,0.0,0.0,0.0,0.0,147243.166667
1646568,IT,BE,OFFIC,FINAN,0.01,4416.689,3,3,4416.689,0.0,0.0,0.0,0.0,441668.9
1654807,IT,CZ,SUPPO,DISTR,0.03,4416.577,3,3,4416.577,0.0,0.0,0.0,0.0,147219.233333
1746875,IT,JP,OFFIC,LEATH,0.01,4416.498,3,3,4416.498,0.0,0.0,0.0,0.0,441649.8
1762411,IT,IN,POSTT,ELEC4,0.07,4415.871,3,3,4415.871,0.0,0.0,0.0,0.0,63083.871429
1667416,IT,ES,COPP1,COLLE,0.01,4415.713,3,3,4415.713,0.0,0.0,0.0,0.0,441571.3
1659668,IT,DE,HOTEL,FOOD1,0.03,4415.655,3,3,4415.655,0.0,0.0,0.0,0.0,147188.5
1759968,IT,BR,PLAS1,PUBLI,0.02,4415.471,3,3,4415.471,0.0,0.0,0.0,0.0,220773.55
1758971,IT,BR,LANDT,PIGS9,0.03,4414.908,3,3,4414.908,0.0,0.0,0.0,0.0,147163.6
1680039,IT,GR,MACHI,GLASS,0.02,4414.813,3,3,4414.813,0.0,0.0,0.0,0.0,220740.65
1712737,IT,LV,RAILW,REALE,0.03,4414.779,3,3,4414.779,0.0,0.0,0.0,0.0,147159.3
1669591,IT,ES,REALE,93197,0.19,4414.702,3,3,4414.702,0.0,0.0,0.0,0.0,23235.273684
1714696,IT,NL,VEGE1,ELEC2,0.01,4414.591,3,3,4414.591,0.0,0.0,0.0,0.0,441459.1
1722386,IT,PT,CHEMI,CERAM,0.01,4414.392,3,3,4414.392,0.0,0.0,0.0,0.0,441439.2
1747212,IT,JP,CONST,TEXT1,0.02,4414.26,3,3,4414.26,0.0,0.0,0.0,0.0,220713.0
1748535,IT,CN,MEATC,FOOD5,0.01,4414.246,3,3,4414.246,0.0,0.0,0.0,0.0,441424.6
1771824,IT,CH,WOODW,MOTOR,0.01,4414.191,3,3,4414.191,0.0,0.0,0.0,0.0,441419.1
1803348,IT,WF,SANDC,TEXTI,0.01,4413.999,4,4,4412.999,0.0,0.0,1.0,0.0,441399.9
1654856,IT,CZ,POSTT,RADIO,0.07,4413.956,3,3,4413.956,0.0,0.0,0.0,0.0,63056.514286
1759955,IT,BR,PLAS1,LANDT,0.02,4413.945,3,3,4413.945,0.0,0.0,0.0,0.0,220697.25
1642871,IT,AT,MOTO1,ELEC4,0.02,4413.872,3,3,4413.872,0.0,0.0,0.0,0.0,220693.6
1711220,IT,LU,MACHI,DISTR,0.02,4413.592,3,3,4413.592,0.0,0.0,0.0,0.0,220679.6
1770803,IT,AU,COMPU,RETA1,0.05,4413.394,3,3,4413.394,0.0,0.0,0.0,0.0,88267.88
1753865,IT,CA,RETA1,PFERT,0.05,4412.723,3,3,4412.723,0.0,0.0,0.0,0.0,88254.46
1679560,IT,GR,RUBBE,LIQUE,0.01,4412.626,3,3,4412.626,0.0,0.0,0.0,0.0,441262.6
1768770,IT,AU,WEARI,FINAN,0.03,4412.531,3,3,4412.531,0.0,0.0,0.0,0.0,147084.366667
1814208,IT,WM,SUPPO,TRAN2,0.03,4412.463,3,3,4412.463,0.0,0.0,0.0,0.0,147082.1
1739915,IT,GB,FINAN,WASTE,0.06,4412.133,3,3,4412.133,0.0,0.0,0.0,0.0,73535.55
1717815,IT,NL,FOOD2,OILHA,0.03,4412.12,3,3,4412.12,0.0,0.0,0.0,0.0,147070.666667
1798636,IT,WE,MEAT4,GASDI,0.02,4412.048,3,3,4412.048,0.0,0.0,0.0,0.0,220602.4
1775814,IT,TR,CHEMI,BASIC,0.01,4411.746,3,3,4411.746,0.0,0.0,0.0,0.0,441174.6
1739699,IT,GB,SUPPO,CERAM,0.03,4411.542,3,3,4411.542,0.0,0.0,0.0,0.0,147051.4
1748210,IT,JP,PAPE1,PLAS1,0.03,4411.487,3,3,4411.487,0.0,0.0,0.0,0.0,147049.566667
1673013,IT,FR,SUGA1,POSTT,0.01,4411.283,3,3,4411.283,0.0,0.0,0.0,0.0,441128.3
1754160,IT,CA,SUPPO,MOTOR,0.03,4411.28,3,3,4411.28,0.0,0.0,0.0,0.0,147042.666667
1759441,IT,BR,INSUR,PUBLI,0.09,4411.118,3,3,4411.118,0.0,0.0,0.0,0.0,49012.422222
1646457,IT,BE,MACHI,REFIN,0.02,4410.942,3,3,4410.942,0.0,0.0,0.0,0.0,220547.1
1753698,IT,CA,MOTO1,RECRE,0.02,4410.909,3,3,4410.909,0.0,0.0,0.0,0.0,220545.45
1745665,IT,JP,TEXTI,DIST1,0.03,4410.683,3,3,4410.683,0.0,0.0,0.0,0.0,147022.766667
1712382,IT,LV,GLASS,DIST1,0.01,4410.503,3,3,4410.503,0.0,0.0,0.0,0.0,441050.3
1714909,IT,NL,BEVER,FABRI,0.02,4410.446,3,3,4410.446,0.0,0.0,0.0,0.0,220522.3
1656148,IT,DE,FISH5,MEMBE,0.02,4410.039,4,4,4410.037,0.0,0.0,0.0,0.002,220501.95
1814956,IT,WM,PRIVA,ELEC6,0.98,4409.751,3,3,4409.751,0.0,0.0,0.0,0.0,4499.745918
1726748,IT,RO,SALEM,VEGET,0.04,4409.623,3,3,4409.623,0.0,0.0,0.0,0.0,110240.575
1751967,IT,CN,RESEA,MEATP,0.02,4409.57,3,3,4409.57,0.0,0.0,0.0,0.0,220478.5
1793573,IT,WL,VEGE1,VEGET,0.01,4409.127,3,3,4409.127,0.0,0.0,0.0,0.0,440912.7
1762401,IT,IN,POSTT,ELECT,0.07,4408.806,3,3,4408.806,0.0,0.0,0.0,0.0,62982.942857
1800426,IT,WE,ADDIT,RADIO,0.01,4408.388,3,3,4408.388,0.0,0.0,0.0,0.0,440838.8
1744390,IT,US,INSUR,FINAN,0.09,4408.372,3,3,4408.372,0.0,0.0,0.0,0.0,48981.911111
1648759,IT,BG,BEVER,STONE,0.02,4408.361,3,3,4408.361,0.0,0.0,0.0,0.0,220418.05
1718975,IT,PL,PRINT,WASTE,0.04,4408.335,3,3,4408.335,0.0,0.0,0.0,0.0,110208.375
1767888,IT,RU,REALE,ELEC3,0.19,4408.251,3,3,4408.251,0.0,0.0,0.0,0.0,23201.321053
1685152,IT,HU,BEVER,ANIMA,0.02,4407.907,3,3,4407.907,0.0,0.0,0.0,0.0,220395.35
1744736,IT,US,RESEA,CHEMI,0.02,4407.641,3,3,4407.641,0.0,0.0,0.0,0.0,220382.05
1678429,IT,FR,INERT,FOOD3,0.03,4407.551,3,3,4407.551,0.0,0.0,0.0,0.0,146918.366667
1785472,IT,ZA,PRINT,REALE,0.04,4407.352,3,3,4407.352,0.0,0.0,0.0,0.0,110183.8
1683716,IT,HR,MACHI,TOBAC,0.02,4407.002,3,3,4407.002,0.0,0.0,0.0,0.0,220350.1
1743486,IT,US,WHOLE,RENTI,0.04,4406.726,3,3,4406.726,0.0,0.0,0.0,0.0,110168.15
1809218,IT,WM,FORES,PAPER,0.04,4406.654,4,4,4404.654,0.0,2.0,0.0,0.0,110166.35
1659199,IT,DE,CONST,RENTI,0.02,4406.197,3,3,4406.197,0.0,0.0,0.0,0.0,220309.85
1722804,IT,PT,PAPER,ELEC5,0.02,4406.051,3,3,4406.051,0.0,0.0,0.0,0.0,220302.55
1760552,IT,IN,LEATH,PREC1,0.03,4405.142,3,3,4405.142,0.0,0.0,0.0,0.0,146838.066667
1762145,IT,IN,LANDT,BRICK,0.03,4404.991,3,3,4404.991,0.0,0.0,0.0,0.0,146833.033333
1671678,IT,FI,CONST,COMPU,0.02,4404.979,3,3,4404.979,0.0,0.0,0.0,0.0,220248.95
1813041,IT,WM,OFFIC,SANDC,0.01,4404.78,3,3,4404.78,0.0,0.0,0.0,0.0,440478.0
1717269,IT,NL,POSTT,DIST1,0.07,4404.743,3,3,4404.743,0.0,0.0,0.0,0.0,62924.9
1654769,IT,CZ,SUPPO,WHEAT,0.03,4404.607,3,3,4404.607,0.0,0.0,0.0,0.0,146820.233333
1724004,IT,PT,RETAI,BEVER,0.03,4404.487,3,3,4404.487,0.0,0.0,0.0,0.0,146816.233333
1782368,IT,NO,FABRI,LEAD1,0.02,4404.296,3,3,4404.296,0.0,0.0,0.0,0.0,220214.8
1736389,IT,SK,LANDT,FISH5,0.03,4404.128,3,3,4404.128,0.0,0.0,0.0,0.0,146804.266667
1770602,IT,AU,POSTT,AIRTR,0.07,4403.76,3,3,4403.76,0.0,0.0,0.0,0.0,62910.857143
1742800,IT,US,FABRI,AIRTR,0.02,4403.524,3,3,4403.524,0.0,0.0,0.0,0.0,220176.2
1733097,IT,SI,FABRI,MEAT4,0.02,4403.335,3,3,4403.335,0.0,0.0,0.0,0.0,220166.75
1793179,IT,WA,93197,FURNI,0.03,4402.764,3,3,4402.764,0.0,0.0,0.0,0.0,146758.8
1796250,IT,WL,CONST,NATUR,0.02,4402.553,3,3,4402.553,0.0,0.0,0.0,0.0,220127.65
1784134,IT,ID,PULP5,DISTR,0.01,4402.048,3,3,4402.048,0.0,0.0,0.0,0.0,440204.8
1787623,IT,WA,MEAT4,MEATC,0.02,4401.74,3,3,4401.74,0.0,0.0,0.0,0.0,220087.0
1760510,IT,IN,WEARI,WOODW,0.03,4401.712,3,3,4401.712,0.0,0.0,0.0,0.0,146723.733333
1684462,IT,HR,RENTI,OFFIC,0.03,4401.638,3,3,4401.638,0.0,0.0,0.0,0.0,146721.266667
1684788,IT,HU,ANIMA,RUBBE,0.02,4401.594,3,3,4401.594,0.0,0.0,0.0,0.0,220079.7
1807824,IT,WF,FOODW,BUSIN,0.03,4401.568,3,3,4401.568,0.0,0.0,0.0,0.0,146718.933333
1726866,IT,RO,RETA1,PFERT,0.05,4401.126,3,3,4401.126,0.0,0.0,0.0,0.0,88022.52
1738957,IT,GB,CONST,MACHI,0.02,4400.797,3,3,4400.797,0.0,0.0,0.0,0.0,220039.85
1744444,IT,US,AUXIL,ELEC1,0.08,4400.656,3,3,4400.656,0.0,0.0,0.0,0.0,55008.2
1678317,IT,FR,WASTE,PAPER,0.01,4400.54,3,3,4400.54,0.0,0.0,0.0,0.0,440054.0
1678053,IT,FR,EDUCA,EDUCA,0.11,4400.37,3,3,4400.37,0.0,0.0,0.0,0.0,40003.363636
1767392,IT,RU,LANDT,WEARI,0.03,4400.195,3,3,4400.195,0.0,0.0,0.0,0.0,146673.166667
1789540,IT,WA,ADDIT,AUXIL,0.01,4400.1,3,3,4400.1,0.0,0.0,0.0,0.0,440010.0
1775359,IT,CH,PUBLI,SANDC,0.07,4400.015,3,3,4400.015,0.0,0.0,0.0,0.0,62857.357143
1806955,IT,WF,LANDT,IRONO,0.03,4399.803,3,3,4399.803,0.0,0.0,0.0,0.0,146660.1
1781589,IT,NO,WEARI,COPP1,0.03,4399.67,3,3,4399.67,0.0,0.0,0.0,0.0,146655.666667
1655449,IT,DE,FORES,CONST,0.04,4399.356,4,4,4397.356,0.0,2.0,0.0,0.0,109983.9
1789749,IT,WA,GLASS,KERO1,0.01,4399.151,3,3,4399.151,0.0,0.0,0.0,0.0,439915.1
1722425,IT,PT,MEAT4,FOOD5,0.02,4398.871,3,3,4398.871,0.0,0.0,0.0,0.0,219943.55
1747263,IT,JP,WHOLE,COKEO,0.04,4398.479,3,3,4398.479,0.0,0.0,0.0,0.0,109961.975
1650401,IT,BG,ELEC4,WEARI,0.07,4398.175,3,3,4398.175,0.0,0.0,0.0,0.0,62831.071429
1793921,IT,WL,LEATH,MEATC,0.03,4398.163,3,3,4398.163,0.0,0.0,0.0,0.0,146605.433333
1751523,IT,CN,SUPPO,RETAI,0.03,4398.031,3,3,4398.031,0.0,0.0,0.0,0.0,146601.033333
1792397,IT,WA,INSUR,PLAST,0.09,4397.987,3,3,4397.987,0.0,0.0,0.0,0.0,48866.522222
1731264,IT,SI,MEATP,RAILW,0.02,4397.969,3,3,4397.969,0.0,0.0,0.0,0.0,219898.45
1781584,IT,NO,WEARI,PFERT,0.03,4397.755,3,3,4397.755,0.0,0.0,0.0,0.0,146591.833333
1646778,IT,BE,CONST,PLAS1,0.02,4397.204,3,3,4397.204,0.0,0.0,0.0,0.0,219860.2
1643854,IT,AT,INSUR,REALE,0.09,4396.912,3,3,4396.912,0.0,0.0,0.0,0.0,48854.577778
1797879,IT,WL,FOOD3,REALE,0.01,4396.899,3,3,4396.899,0.0,0.0,0.0,0.0,439689.9
1740995,IT,US,BEVER,FINAN,0.02,4396.115,3,3,4396.115,0.0,0.0,0.0,0.0,219805.75
1781522,IT,NO,TEXTI,NONME,0.03,4396.017,3,3,4396.017,0.0,0.0,0.0,0.0,146533.9
1797671,IT,WL,PAPE1,COMPU,0.03,4395.999,3,3,4395.999,0.0,0.0,0.0,0.0,146533.3
1793355,IT,WL,VEGET,PRECI,0.02,4395.892,3,3,4395.892,0.0,0.0,0.0,0.0,219794.6
1718546,IT,PL,WEARI,CEMEN,0.03,4395.88,3,3,4395.88,0.0,0.0,0.0,0.0,146529.333333
1782630,IT,NO,SALEM,CRUDE,0.04,4395.621,3,3,4395.621,0.0,0.0,0.0,0.0,109890.525
1668010,IT,ES,FURNI,SANDC,0.01,4395.071,3,3,4395.071,0.0,0.0,0.0,0.0,439507.1
1742916,IT,US,MACHI,LEAD1,0.02,4394.985,3,3,4394.985,0.0,0.0,0.0,0.0,219749.25
1788393,IT,WA,WOODW,MACHI,0.01,4394.867,3,3,4394.867,0.0,0.0,0.0,0.0,439486.7
1813878,IT,WM,LANDT,BRICK,0.03,4394.317,3,3,4394.317,0.0,0.0,0.0,0.0,146477.233333
1671862,IT,FI,HOTEL,RAWMI,0.03,4394.25,3,3,4394.25,0.0,0.0,0.0,0.0,146475.0
1671563,IT,FI,OFFIC,FOOD4,0.01,4393.917,3,3,4393.917,0.0,0.0,0.0,0.0,439391.7
1738760,IT,GB,OFFIC,PULP5,0.01,4393.896,3,3,4393.896,0.0,0.0,0.0,0.0,439389.6
1771669,IT,CH,WEARI,COLLE,0.03,4393.82,3,3,4393.82,0.0,0.0,0.0,0.0,146460.666667
1680441,IT,GR,ELEC4,FABRI,0.07,4393.403,3,3,4393.403,0.0,0.0,0.0,0.0,62762.9
1643841,IT,AT,FINAN,93197,0.06,4393.336,3,3,4393.336,0.0,0.0,0.0,0.0,73222.266667
1749946,IT,CN,GLASS,FINAN,0.01,4392.842,3,3,4392.842,0.0,0.0,0.0,0.0,439284.2
1808546,IT,WF,PAPE4,PRINT,0.03,4392.705,3,3,4392.705,0.0,0.0,0.0,0.0,146423.5
1767856,IT,RU,AUXIL,CONST,0.08,4392.653,3,3,4392.653,0.0,0.0,0.0,0.0,54908.1625
1671517,IT,FI,MACHI,STEAM,0.02,4392.56,3,3,4392.56,0.0,0.0,0.0,0.0,219628.0
1716682,IT,NL,WHOLE,LEAD1,0.04,4392.5,3,3,4392.5,0.0,0.0,0.0,0.0,109812.5
1722437,IT,PT,VEGE1,MEAT4,0.01,4392.39,3,3,4392.39,0.0,0.0,0.0,0.0,439239.0
1690508,IT,IE,INERT,RETA1,0.03,4392.223,3,3,4392.223,0.0,0.0,0.0,0.0,146407.433333
1768163,IT,RU,PUBLI,NONF1,0.07,4392.201,3,3,4392.201,0.0,0.0,0.0,0.0,62745.728571
1660610,IT,DE,REALE,CEMEN,0.19,4392.143,3,3,4392.143,0.0,0.0,0.0,0.0,23116.542105
1754730,IT,KR,DAIRY,MEAT4,0.02,4391.6,3,3,4391.6,0.0,0.0,0.0,0.0,219580.0
1680112,IT,GR,OFFIC,WEARI,0.01,4391.594,3,3,4391.594,0.0,0.0,0.0,0.0,439159.4
1740767,IT,US,MEAT4,ELEC2,0.02,4391.427,3,3,4391.427,0.0,0.0,0.0,0.0,219571.35
1783004,IT,NO,POSTT,SUPPO,0.07,4391.379,3,3,4391.379,0.0,0.0,0.0,0.0,62733.985714
1663120,IT,DK,RAILW,PUBLI,0.03,4390.604,3,3,4390.604,0.0,0.0,0.0,0.0,146353.466667
1688068,IT,HU,COMPU,WHOLE,0.05,4390.454,3,3,4390.454,0.0,0.0,0.0,0.0,87809.08
1714669,IT,NL,MEAT4,BUSIN,0.02,4390.037,3,3,4390.037,0.0,0.0,0.0,0.0,219501.85
1762842,IT,IN,PUBLI,COLLE,0.07,4390.027,3,3,4390.027,0.0,0.0,0.0,0.0,62714.671429
1650589,IT,BG,ELEC8,RUBBE,0.06,4389.76,3,3,4389.76,0.0,0.0,0.0,0.0,73162.666667
1661852,IT,DK,PAPER,CEMEN,0.02,4389.425,3,3,4389.425,0.0,0.0,0.0,0.0,219471.25
1655992,IT,DE,FOOD5,COPP1,0.02,4389.42,3,3,4389.42,0.0,0.0,0.0,0.0,219471.0
1793162,IT,WA,93197,PRINT,0.03,4389.419,3,3,4389.419,0.0,0.0,0.0,0.0,146313.966667
1646522,IT,BE,MACHI,FOOD1,0.02,4389.296,3,3,4389.296,0.0,0.0,0.0,0.0,219464.8
1712598,IT,LV,OFFIC,WHEAT,0.01,4389.282,3,3,4389.282,0.0,0.0,0.0,0.0,438928.2
1728659,IT,SE,PRINT,ELEC4,0.04,4389.093,3,3,4389.093,0.0,0.0,0.0,0.0,109727.325
1644472,IT,BE,VEGE1,RAILW,0.01,4389.037,3,3,4389.037,0.0,0.0,0.0,0.0,438903.7
1640806,IT,AT,WEARI,NONME,0.03,4389.027,3,3,4389.027,0.0,0.0,0.0,0.0,146300.9
1663393,IT,DK,POSTT,SUPPO,0.07,4388.5,3,3,4388.5,0.0,0.0,0.0,0.0,62692.857143
1767713,IT,RU,FINAN,OFFIC,0.06,4388.434,3,3,4388.434,0.0,0.0,0.0,0.0,73140.566667
1710225,IT,LT,OFFIC,HOTEL,0.01,4388.397,3,3,4388.397,0.0,0.0,0.0,0.0,438839.7
1758981,IT,BR,LANDT,BEVER,0.03,4388.371,3,3,4388.371,0.0,0.0,0.0,0.0,146279.033333
1689229,IT,IE,WHOLE,SANDC,0.04,4388.217,3,3,4388.217,0.0,0.0,0.0,0.0,109705.425
1721590,IT,PL,POSTT,WOODW,0.07,4387.973,3,3,4387.973,0.0,0.0,0.0,0.0,62685.328571
1783852,IT,NO,TEXT2,RETA1,0.03,4387.259,3,3,4387.259,0.0,0.0,0.0,0.0,146241.966667
1678385,IT,FR,PAPE4,SALEM,0.03,4387.213,3,3,4387.213,0.0,0.0,0.0,0.0,146240.433333
1661655,IT,DK,TEXTI,ALUM1,0.03,4387.167,3,3,4387.167,0.0,0.0,0.0,0.0,146238.9
1680775,IT,GR,HOTEL,MEATP,0.03,4387.165,3,3,4387.165,0.0,0.0,0.0,0.0,146238.833333
1711567,IT,LU,FINAN,BASIC,0.06,4386.768,3,3,4386.768,0.0,0.0,0.0,0.0,73112.8
1778404,IT,TR,WHOLE,COKIN,0.04,4386.714,3,3,4386.714,0.0,0.0,0.0,0.0,109667.85
1758385,IT,BR,FABRI,HEAVY,0.02,4386.576,3,3,4386.576,0.0,0.0,0.0,0.0,219328.8
1803588,IT,WF,SUGA1,FOOD5,0.01,4386.427,3,3,4386.427,0.0,0.0,0.0,0.0,438642.7
1720960,IT,PL,WHOLE,RUBBE,0.04,4386.019,3,3,4386.019,0.0,0.0,0.0,0.0,109650.475
1786601,IT,ZA,SALEM,RADIO,0.04,4385.992,3,3,4385.992,0.0,0.0,0.0,0.0,109649.8
1795225,IT,WL,GLASS,LANDT,0.01,4385.987,3,3,4385.987,0.0,0.0,0.0,0.0,438598.7
1651804,IT,CY,HOTEL,MEATP,0.03,4385.749,3,3,4385.749,0.0,0.0,0.0,0.0,146191.633333
1677177,IT,FR,POSTT,FOUND,0.07,4385.359,3,3,4385.359,0.0,0.0,0.0,0.0,62647.985714
1659683,IT,DE,RAILW,TEXTI,0.03,4385.263,3,3,4385.263,0.0,0.0,0.0,0.0,146175.433333
1646463,IT,BE,MACHI,NUCLE,0.02,4385.172,3,3,4385.172,0.0,0.0,0.0,0.0,219258.6
1801415,IT,WE,OFFIC,RECRE,0.01,4385.011,3,3,4385.011,0.0,0.0,0.0,0.0,438501.1
1791222,IT,WA,FURNI,MEDIC,0.01,4384.813,3,3,4384.813,0.0,0.0,0.0,0.0,438481.3
1647474,IT,BE,SUPPO,MEATC,0.03,4384.605,3,3,4384.605,0.0,0.0,0.0,0.0,146153.5
1684423,IT,HR,INSUR,CHEM1,0.09,4384.436,3,3,4384.436,0.0,0.0,0.0,0.0,48715.955556
1711655,IT,LU,COMPU,DIST1,0.05,4384.37,3,3,4384.37,0.0,0.0,0.0,0.0,87687.4
1797044,IT,WL,SUPPO,CHARC,0.03,4383.228,3,3,4383.228,0.0,0.0,0.0,0.0,146107.6
1644037,IT,AT,BUSIN,BITU1,0.05,4383.205,3,3,4383.205,0.0,0.0,0.0,0.0,87664.1
1718593,IT,PL,LEATH,FISH5,0.03,4383.053,3,3,4383.053,0.0,0.0,0.0,0.0,146101.766667
1648608,IT,BG,MEATP,HOTEL,0.02,4382.731,3,3,4382.731,0.0,0.0,0.0,0.0,219136.55
1788157,IT,WA,WEARI,MACHI,0.03,4382.614,3,3,4382.614,0.0,0.0,0.0,0.0,146087.133333
1649025,IT,BG,WOODW,LEAD1,0.01,4382.6,3,3,4382.6,0.0,0.0,0.0,0.0,438260.0
1654933,IT,CZ,INSUR,NFERT,0.09,4382.587,3,3,4382.587,0.0,0.0,0.0,0.0,48695.411111
1677706,IT,FR,RENTI,FURNI,0.03,4382.533,3,3,4382.533,0.0,0.0,0.0,0.0,146084.433333
1711216,IT,LU,MACHI,RADIO,0.02,4382.513,3,3,4382.513,0.0,0.0,0.0,0.0,219125.65
1795704,IT,WL,FABRI,RENTI,0.02,4382.411,3,3,4382.411,0.0,0.0,0.0,0.0,219120.55
1650442,IT,BG,ELEC4,REALE,0.07,4381.932,3,3,4381.932,0.0,0.0,0.0,0.0,62599.028571
1762889,IT,MX,STONE,MACHI,0.01,4381.925,3,3,4381.925,0.0,0.0,0.0,0.0,438192.5
1713273,IT,MT,PRINT,FISH5,0.04,4381.869,3,3,4381.869,0.0,0.0,0.0,0.0,109546.725
1753157,IT,CA,RUBBE,PAPE4,0.01,4381.445,3,3,4381.445,0.0,0.0,0.0,0.0,438144.5
1756649,IT,KR,LANDT,MEDIC,0.03,4381.325,3,3,4381.325,0.0,0.0,0.0,0.0,146044.166667
1676386,IT,FR,WHOLE,PREC1,0.04,4381.169,3,3,4381.169,0.0,0.0,0.0,0.0,109529.225
1752694,IT,CA,LEATH,PLANT,0.03,4381.071,3,3,4381.071,0.0,0.0,0.0,0.0,146035.7
1722677,IT,PT,LEATH,VEGET,0.03,4380.952,3,3,4380.952,0.0,0.0,0.0,0.0,146031.733333
1787437,IT,WA,STONE,FOOD5,0.01,4380.945,3,3,4380.945,0.0,0.0,0.0,0.0,438094.5
1733079,IT,SI,COPP1,PAPE4,0.01,4380.796,3,3,4380.796,0.0,0.0,0.0,0.0,438079.6
1711369,IT,LU,RETA1,TEXTI,0.05,4380.598,3,3,4380.598,0.0,0.0,0.0,0.0,87611.96
1791702,IT,WA,HOTEL,FOOD4,0.03,4380.555,3,3,4380.555,0.0,0.0,0.0,0.0,146018.5
1743394,IT,US,SALEM,TRAN2,0.04,4380.521,3,3,4380.521,0.0,0.0,0.0,0.0,109513.025
1757315,IT,BR,FOOD5,RECRE,0.02,4380.508,3,3,4380.508,0.0,0.0,0.0,0.0,219025.4
1651599,IT,CY,GLASS,BUSIN,0.01,4380.445,3,3,4380.445,0.0,0.0,0.0,0.0,438044.5
1779071,IT,TR,SUPPO,DAIRY,0.03,4380.32,3,3,4380.32,0.0,0.0,0.0,0.0,146010.666667
1680541,IT,GR,ELEC8,VEGET,0.06,4380.181,3,3,4380.181,0.0,0.0,0.0,0.0,73003.016667
1710739,IT,LU,BEVER,REALE,0.02,4380.08,3,3,4380.08,0.0,0.0,0.0,0.0,219004.0
1678689,IT,GR,VEGE1,PRINT,0.01,4379.665,3,3,4379.665,0.0,0.0,0.0,0.0,437966.5
1793005,IT,WA,FOOD3,PADDY,0.01,4379.592,3,3,4379.592,0.0,0.0,0.0,0.0,437959.2
1669257,IT,ES,FINAN,RAWMI,0.06,4379.587,3,3,4379.587,0.0,0.0,0.0,0.0,72993.116667
1796754,IT,WL,LANDT,CERAM,0.03,4379.263,3,3,4379.263,0.0,0.0,0.0,0.0,145975.433333
1729983,IT,SE,SALEM,RAWMI,0.04,4379.179,3,3,4379.179,0.0,0.0,0.0,0.0,109479.475
1753933,IT,CA,LANDT,WHEAT,0.03,4378.898,3,3,4378.898,0.0,0.0,0.0,0.0,145963.266667
1688161,IT,HU,BUSIN,TRAN1,0.04,4378.753,3,3,4378.753,0.0,0.0,0.0,0.0,109468.825
1669539,IT,ES,REALE,PRINT,0.18,4378.586,3,3,4378.586,0.0,0.0,0.0,0.0,24325.477778
1678910,IT,GR,TEXTI,KEROS,0.03,4378.538,3,3,4378.538,0.0,0.0,0.0,0.0,145951.266667
1670072,IT,ES,WASTE,RETA1,0.01,4378.489,3,3,4378.489,0.0,0.0,0.0,0.0,437848.9
1803555,IT,WF,DAIRY,NONFE,0.02,4378.412,3,3,4378.412,0.0,0.0,0.0,0.0,218920.6
1795203,IT,WL,GLASS,GASDI,0.01,4378.384,3,3,4378.384,0.0,0.0,0.0,0.0,437838.4
1786533,IT,ZA,FURNI,WOODW,0.01,4378.239,3,3,4378.239,0.0,0.0,0.0,0.0,437823.9
1774725,IT,CH,SUPPO,MEDIC,0.03,4377.262,3,3,4377.262,0.0,0.0,0.0,0.0,145908.733333
1683787,IT,HR,OFFIC,FOOD5,0.01,4377.249,3,3,4377.249,0.0,0.0,0.0,0.0,437724.9
1668048,IT,ES,FURNI,ELEC9,0.01,4377.203,3,3,4377.203,0.0,0.0,0.0,0.0,437720.3
1717498,IT,NL,REALE,RETA1,0.18,4377.146,3,3,4377.146,0.0,0.0,0.0,0.0,24317.477778
1808858,IT,WF,PRIVA,TEXTI,0.98,4377.008,3,3,4377.008,0.0,0.0,0.0,0.0,4466.334694
1729663,IT,SE,FABRI,ELEC4,0.02,4376.675,3,3,4376.675,0.0,0.0,0.0,0.0,218833.75
1654665,IT,CZ,LANDT,PREC1,0.03,4376.628,3,3,4376.628,0.0,0.0,0.0,0.0,145887.6
1681839,IT,HR,VEGE1,FISH5,0.01,4376.564,3,3,4376.564,0.0,0.0,0.0,0.0,437656.4
1721154,IT,PL,RAILW,TRANS,0.03,4376.468,3,3,4376.468,0.0,0.0,0.0,0.0,145882.266667
1648917,IT,BG,WEARI,BEVER,0.03,4376.36,3,3,4376.36,0.0,0.0,0.0,0.0,145878.666667
1733934,IT,SI,SUPPO,LEATH,0.03,4376.268,3,3,4376.268,0.0,0.0,0.0,0.0,145875.6
1787295,IT,WA,PLANT,WHOLE,0.01,4376.062,3,3,4376.062,0.0,0.0,0.0,0.0,437606.2
1670606,IT,FI,WEARI,POSTT,0.03,4375.883,3,3,4375.883,0.0,0.0,0.0,0.0,145862.766667
1660631,IT,DE,REALE,ELEC5,0.18,4375.707,3,3,4375.707,0.0,0.0,0.0,0.0,24309.483333
1813360,IT,WM,FURNI,HEAVY,0.01,4375.586,3,3,4375.586,0.0,0.0,0.0,0.0,437558.6
1661437,IT,DK,DAIRY,PROCE,0.02,4375.339,3,3,4375.339,0.0,0.0,0.0,0.0,218766.95
1684869,IT,HU,STONE,EDUCA,0.01,4374.608,3,3,4374.608,0.0,0.0,0.0,0.0,437460.8
1714841,IT,NL,FOOD5,ELEC8,0.02,4374.259,3,3,4374.259,0.0,0.0,0.0,0.0,218712.95
1737207,IT,GB,DAIRY,93197,0.02,4374.179,3,3,4374.179,0.0,0.0,0.0,0.0,218708.95
1721925,IT,PL,RENTI,RESEA,0.03,4373.928,3,3,4373.928,0.0,0.0,0.0,0.0,145797.6
1646732,IT,BE,CONST,KEROS,0.02,4373.858,3,3,4373.858,0.0,0.0,0.0,0.0,218692.9
1796528,IT,WL,RETA1,ELEC1,0.05,4373.821,3,3,4373.821,0.0,0.0,0.0,0.0,87476.42
1727499,IT,RO,AUXIL,TRAN1,0.08,4373.805,3,3,4373.805,0.0,0.0,0.0,0.0,54672.5625
1814809,IT,WM,INERT,CRUDE,0.03,4373.796,3,3,4373.796,0.0,0.0,0.0,0.0,145793.2
1736550,IT,SK,SUPPO,FABRI,0.03,4373.462,3,3,4373.462,0.0,0.0,0.0,0.0,145782.066667
1806938,IT,WF,RAILW,COMPU,0.03,4373.375,3,3,4373.375,0.0,0.0,0.0,0.0,145779.166667
1767258,IT,RU,HOTEL,COKEO,0.03,4373.254,3,3,4373.254,0.0,0.0,0.0,0.0,145775.133333
1720263,IT,PL,FABRI,SANDC,0.02,4373.017,3,3,4373.017,0.0,0.0,0.0,0.0,218650.85
1764038,IT,MX,COPP1,REALE,0.01,4372.864,3,3,4372.864,0.0,0.0,0.0,0.0,437286.4
1713881,IT,MT,ELEC4,FOOD4,0.07,4372.547,3,3,4372.547,0.0,0.0,0.0,0.0,62464.957143
1788017,IT,WA,TEXTI,REFI1,0.03,4372.48,3,3,4372.48,0.0,0.0,0.0,0.0,145749.333333
1650141,IT,BG,MOTO1,FOOD5,0.02,4372.281,3,3,4372.281,0.0,0.0,0.0,0.0,218614.05
1768924,IT,AU,PAPER,WHEAT,0.02,4371.776,3,3,4371.776,0.0,0.0,0.0,0.0,218588.8
1643215,IT,AT,HOTEL,PETRO,0.03,4371.729,3,3,4371.729,0.0,0.0,0.0,0.0,145724.3
1683920,IT,HR,FURNI,SALEM,0.01,4371.71,3,3,4371.71,0.0,0.0,0.0,0.0,437171.0
1688759,IT,IE,RUBBE,MEATP,0.01,4371.624,3,3,4371.624,0.0,0.0,0.0,0.0,437162.4
1731452,IT,SI,BEVER,STONE,0.02,4371.533,3,3,4371.533,0.0,0.0,0.0,0.0,218576.65
1710189,IT,LT,MACHI,POSTT,0.02,4371.291,3,3,4371.291,0.0,0.0,0.0,0.0,218564.55
1782668,IT,NO,WHOLE,CRUDE,0.04,4371.179,3,3,4371.179,0.0,0.0,0.0,0.0,109279.475
1760052,IT,BR,OILHA,PAPER,0.03,4371.171,3,3,4371.171,0.0,0.0,0.0,0.0,145705.7
1805404,IT,WF,RUBBE,INLAN,0.01,4371.121,3,3,4371.121,0.0,0.0,0.0,0.0,437112.1
1648283,IT,BE,PUBLI,LIQUE,0.07,4371.09,3,3,4371.09,0.0,0.0,0.0,0.0,62444.142857
1785867,IT,ZA,ADDIT,VEGE1,0.01,4370.955,3,3,4370.955,0.0,0.0,0.0,0.0,437095.5
1781147,IT,TW,FOOD2,BASIC,0.03,4370.907,3,3,4370.907,0.0,0.0,0.0,0.0,145696.9
1680824,IT,GR,RAILW,MOTO1,0.03,4370.761,3,3,4370.761,0.0,0.0,0.0,0.0,145692.033333
1781269,IT,NO,CHEMI,CERAM,0.01,4370.615,3,3,4370.615,0.0,0.0,0.0,0.0,437061.5
1640510,IT,AT,SUGA1,SUGA1,0.01,4370.541,3,3,4370.541,0.0,0.0,0.0,0.0,437054.1
1766905,IT,RU,OFFIC,RAILW,0.01,4370.468,3,3,4370.468,0.0,0.0,0.0,0.0,437046.8
1805299,IT,WF,ADDIT,RAILW,0.01,4370.34,3,3,4370.34,0.0,0.0,0.0,0.0,437034.0
1711274,IT,LU,TRANS,LANDT,0.03,4370.153,3,3,4370.153,0.0,0.0,0.0,0.0,145671.766667
1814811,IT,WM,INERT,CHEM1,0.03,4369.967,3,3,4369.967,0.0,0.0,0.0,0.0,145665.566667
1670174,IT,ES,MEMBE,RESEA,0.05,4369.714,3,3,4369.714,0.0,0.0,0.0,0.0,87394.28
1792917,IT,WA,HEALT,CONST,0.02,4369.709,3,3,4369.709,0.0,0.0,0.0,0.0,218485.45
1730071,IT,SE,RETA1,WEARI,0.05,4369.448,3,3,4369.448,0.0,0.0,0.0,0.0,87388.96
1797600,IT,WL,HEALT,MEMBE,0.02,4369.358,3,3,4369.358,0.0,0.0,0.0,0.0,218467.9
1687995,IT,HU,RENTI,RETAI,0.03,4369.29,3,3,4369.29,0.0,0.0,0.0,0.0,145643.0
1786569,IT,ZA,FURNI,SEACO,0.01,4369.174,3,3,4369.174,0.0,0.0,0.0,0.0,436917.4
1799378,IT,WE,PULP5,FURNI,0.01,4369.087,3,3,4369.087,0.0,0.0,0.0,0.0,436908.7
1714197,IT,MT,INSUR,WHOLE,0.09,4369.023,3,3,4369.023,0.0,0.0,0.0,0.0,48544.7
1781312,IT,NO,VEGE1,KERO1,0.01,4369.011,3,3,4369.011,0.0,0.0,0.0,0.0,436901.1
1710776,IT,LU,WEARI,CONST,0.03,4368.943,3,3,4368.943,0.0,0.0,0.0,0.0,145631.433333
1672198,IT,FI,AUXIL,REALE,0.08,4368.837,3,3,4368.837,0.0,0.0,0.0,0.0,54610.4625
1803899,IT,WF,WEARI,BEVER,0.03,4368.198,3,3,4368.198,0.0,0.0,0.0,0.0,145606.6
1651734,IT,CY,MACHI,RUBBE,0.02,4368.096,3,3,4368.096,0.0,0.0,0.0,0.0,218404.8
1728556,IT,SE,PAPER,LEATH,0.02,4367.969,3,3,4367.969,0.0,0.0,0.0,0.0,218398.45
1755657,IT,KR,RUBBE,LIQUI,0.01,4367.718,3,3,4367.718,0.0,0.0,0.0,0.0,436771.8
1769038,IT,AU,PRINT,MEMBE,0.04,4367.713,3,3,4367.713,0.0,0.0,0.0,0.0,109192.825
1687434,IT,HU,RAILW,LEATH,0.03,4367.637,3,3,4367.637,0.0,0.0,0.0,0.0,145587.9
1757370,IT,BR,WEARI,REALE,0.03,4367.312,3,3,4367.312,0.0,0.0,0.0,0.0,145577.066667
1651212,IT,BG,BUSIN,SEACO,0.04,4367.198,3,3,4367.198,0.0,0.0,0.0,0.0,109179.95
1678316,IT,FR,WASTE,TEXTI,0.01,4367.098,3,3,4367.098,0.0,0.0,0.0,0.0,436709.8
1785027,IT,ID,BUSIN,FABRI,0.04,4367.076,3,3,4367.076,0.0,0.0,0.0,0.0,109176.9
1797678,IT,WL,PLAS1,BITUM,0.02,4367.005,3,3,4367.005,0.0,0.0,0.0,0.0,218350.25
1740858,IT,US,DAIRY,MEATC,0.02,4366.885,3,3,4366.885,0.0,0.0,0.0,0.0,218344.25
1710433,IT,LT,LANDT,VEGE1,0.03,4366.777,3,3,4366.777,0.0,0.0,0.0,0.0,145559.233333
1670209,IT,ES,RECRE,CONST,0.06,4366.667,3,3,4366.667,0.0,0.0,0.0,0.0,72777.783333
1751867,IT,CN,COMPU,FORES,0.05,4366.607,3,3,4366.607,0.0,0.0,0.0,0.0,87332.14
1782412,IT,NO,FABRI,PAPE4,0.02,4366.348,3,3,4366.348,0.0,0.0,0.0,0.0,218317.4
1813441,IT,WM,CONST,FURNI,0.02,4366.323,3,3,4366.323,0.0,0.0,0.0,0.0,218316.15
1678925,IT,GR,TEXTI,MACHI,0.03,4366.228,3,3,4366.228,0.0,0.0,0.0,0.0,145540.933333
1716621,IT,NL,SALEM,COMPU,0.04,4365.802,3,3,4365.802,0.0,0.0,0.0,0.0,109145.05
1648733,IT,BG,FOOD5,RAILW,0.02,4365.723,3,3,4365.723,0.0,0.0,0.0,0.0,218286.15
1690391,IT,IE,WASTE,SEWAG,0.01,4365.59,3,3,4365.59,0.0,0.0,0.0,0.0,436559.0
1785340,IT,ZA,WOODW,STONE,0.01,4365.486,3,3,4365.486,0.0,0.0,0.0,0.0,436548.6
1663377,IT,DK,POSTT,RUBBE,0.07,4365.436,3,3,4365.436,0.0,0.0,0.0,0.0,62363.371429
1789525,IT,WA,ADDIT,STEAM,0.01,4365.289,3,3,4365.289,0.0,0.0,0.0,0.0,436528.9
1651547,IT,CY,RUBBE,OFFIC,0.01,4365.236,3,3,4365.236,0.0,0.0,0.0,0.0,436523.6
1727048,IT,RO,RAILW,COPP1,0.03,4365.187,3,3,4365.187,0.0,0.0,0.0,0.0,145506.233333
1736966,IT,GB,CROPS,MEATP,0.03,4365.169,3,3,4365.169,0.0,0.0,0.0,0.0,145505.633333
1770227,IT,AU,HOTEL,MEAT1,0.03,4365.139,3,3,4365.139,0.0,0.0,0.0,0.0,145504.633333
1799029,IT,WE,TEXTI,ADDIT,0.03,4364.823,3,3,4364.823,0.0,0.0,0.0,0.0,145494.1
1801797,IT,WE,ELEC4,EDUCA,0.07,4364.382,3,3,4364.382,0.0,0.0,0.0,0.0,62348.314286
1754495,IT,CA,BUSIN,HEAVY,0.04,4364.31,3,3,4364.31,0.0,0.0,0.0,0.0,109107.75
1808606,IT,WF,PLAS2,PRECI,0.04,4363.913,3,3,4363.913,0.0,0.0,0.0,0.0,109097.825
1785300,IT,ZA,WEARI,RECRE,0.03,4363.879,3,3,4363.879,0.0,0.0,0.0,0.0,145462.633333
1762080,IT,IN,RETA1,ELECT,0.05,4363.751,3,3,4363.751,0.0,0.0,0.0,0.0,87275.02
1651566,IT,CY,RUBBE,RESEA,0.01,4363.565,3,3,4363.565,0.0,0.0,0.0,0.0,436356.5
1673818,IT,FR,PRINT,TEXTI,0.04,4363.546,3,3,4363.546,0.0,0.0,0.0,0.0,109088.65
1717940,IT,PL,STONE,ELEC1,0.01,4363.473,3,3,4363.473,0.0,0.0,0.0,0.0,436347.3
1782638,IT,NO,SALEM,FABRI,0.04,4363.447,3,3,4363.447,0.0,0.0,0.0,0.0,109086.175
1791293,IT,WA,CONST,SALEM,0.02,4362.743,3,3,4362.743,0.0,0.0,0.0,0.0,218137.15
1664353,IT,EE,FABRI,DISTR,0.02,4362.719,3,3,4362.719,0.0,0.0,0.0,0.0,218135.95
1723640,IT,PT,FABRI,PAPE1,0.02,4362.648,3,3,4362.648,0.0,0.0,0.0,0.0,218132.4
1668164,IT,ES,SALEM,TRAN1,0.04,4362.43,3,3,4362.43,0.0,0.0,0.0,0.0,109060.75
1686774,IT,HU,FABRI,RAWMI,0.02,4362.362,3,3,4362.362,0.0,0.0,0.0,0.0,218118.1
1728985,IT,SE,ADDIT,MOTO1,0.01,4362.311,3,3,4362.311,0.0,0.0,0.0,0.0,436231.1
1718683,IT,PL,WOODW,ALUM1,0.01,4362.291,3,3,4362.291,0.0,0.0,0.0,0.0,436229.1
1799271,IT,WE,LEATH,TRANS,0.03,4362.092,3,3,4362.092,0.0,0.0,0.0,0.0,145403.066667
1648781,IT,BG,BEVER,CERAM,0.02,4361.953,3,3,4361.953,0.0,0.0,0.0,0.0,218097.65
1710975,IT,LU,GLASS,FURNI,0.01,4361.936,3,3,4361.936,0.0,0.0,0.0,0.0,436193.6
1760049,IT,BR,WOOD1,WOOD2,0.03,4361.878,3,3,4361.878,0.0,0.0,0.0,0.0,145395.933333
1681467,IT,GR,COMPU,CONST,0.05,4361.818,3,3,4361.818,0.0,0.0,0.0,0.0,87236.36
1669118,IT,ES,POSTT,ANIMA,0.07,4361.667,3,3,4361.667,0.0,0.0,0.0,0.0,62309.528571
1733985,IT,SI,SUPPO,INTER,0.03,4361.656,3,3,4361.656,0.0,0.0,0.0,0.0,145388.533333
1775091,IT,CH,RENTI,FOOD1,0.03,4361.602,3,3,4361.602,0.0,0.0,0.0,0.0,145386.733333
1714742,IT,NL,DAIRY,FOUND,0.02,4361.594,3,3,4361.594,0.0,0.0,0.0,0.0,218079.7
1715095,IT,NL,WEARI,RETA1,0.03,4361.537,3,3,4361.537,0.0,0.0,0.0,0.0,145384.566667
1770007,IT,AU,FURNI,ALUM1,0.01,4361.047,3,3,4361.047,0.0,0.0,0.0,0.0,436104.7
1812014,IT,WM,GLASS,TRAN2,0.01,4360.847,3,3,4360.847,0.0,0.0,0.0,0.0,436084.7
1814171,IT,WM,SUPPO,SANDC,0.03,4360.771,3,3,4360.771,0.0,0.0,0.0,0.0,145359.033333
1649906,IT,BG,FABRI,SUGA1,0.02,4360.544,3,3,4360.544,0.0,0.0,0.0,0.0,218027.2
1780597,IT,TW,INSUR,MOTOR,0.09,4360.269,3,3,4360.269,0.0,0.0,0.0,0.0,48447.433333
1722701,IT,PT,LEATH,HEALT,0.03,4359.854,3,3,4359.854,0.0,0.0,0.0,0.0,145328.466667
1661329,IT,DK,CHEMI,CONST,0.01,4359.58,3,3,4359.58,0.0,0.0,0.0,0.0,435958.0
1792419,IT,WA,INSUR,INSUR,0.09,4359.508,3,3,4359.508,0.0,0.0,0.0,0.0,48438.977778
1690261,IT,IE,INTER,RETA1,0.03,4359.439,3,3,4359.439,0.0,0.0,0.0,0.0,145314.633333
1768025,IT,RU,BUSIN,MEAT1,0.04,4359.052,3,3,4359.052,0.0,0.0,0.0,0.0,108976.3
1641056,IT,AT,PAPER,SANDC,0.02,4359.044,3,3,4359.044,0.0,0.0,0.0,0.0,217952.2
1717234,IT,NL,SUPPO,RECRE,0.03,4358.957,3,3,4358.957,0.0,0.0,0.0,0.0,145298.566667
1764715,IT,MX,HOTEL,ADDIT,0.03,4358.875,3,3,4358.875,0.0,0.0,0.0,0.0,145295.833333
1794185,IT,WL,PRINT,BIOGA,0.04,4358.837,3,3,4358.837,0.0,0.0,0.0,0.0,108970.925
1794037,IT,WL,PULP5,RUBBE,0.01,4358.796,3,3,4358.796,0.0,0.0,0.0,0.0,435879.6
1661614,IT,DK,FISH5,RAWMI,0.02,4358.738,4,4,4358.736,0.0,0.0,0.0,0.002,217936.9
1647725,IT,BE,INSUR,MACHI,0.09,4358.572,3,3,4358.572,0.0,0.0,0.0,0.0,48428.577778
1688246,IT,IE,VEGET,TEXTI,0.02,4358.321,3,3,4358.321,0.0,0.0,0.0,0.0,217916.05
1714654,IT,NL,MEAT4,VEGE1,0.02,4358.273,3,3,4358.273,0.0,0.0,0.0,0.0,217913.65
1652165,IT,CZ,VEGE1,PROCE,0.01,4357.985,3,3,4357.985,0.0,0.0,0.0,0.0,435798.5
1783065,IT,NO,INSUR,BASIC,0.09,4357.832,3,3,4357.832,0.0,0.0,0.0,0.0,48420.355556
1738757,IT,GB,OFFIC,WEARI,0.01,4357.663,3,3,4357.663,0.0,0.0,0.0,0.0,435766.3
1752456,IT,CA,DAIRY,BASIC,0.02,4357.641,3,3,4357.641,0.0,0.0,0.0,0.0,217882.05
1660910,IT,DE,BUSIN,BKBPE,0.04,4357.562,3,3,4357.562,0.0,0.0,0.0,0.0,108939.05
1782285,IT,NO,COPP1,PROCE,0.01,4357.294,3,3,4357.294,0.0,0.0,0.0,0.0,435729.4
1682206,IT,HR,WEARI,MOTO1,0.03,4357.226,3,3,4357.226,0.0,0.0,0.0,0.0,145240.866667
1643767,IT,AT,POSTT,PRINT,0.07,4357.128,3,3,4357.128,0.0,0.0,0.0,0.0,62244.685714
1731752,IT,SI,PULP5,RECRE,0.01,4356.687,3,3,4356.687,0.0,0.0,0.0,0.0,435668.7
1640391,IT,AT,MEAT1,HEALT,0.02,4356.591,3,3,4356.591,0.0,0.0,0.0,0.0,217829.55
1745960,IT,JP,WOODW,MEDIC,0.01,4355.982,3,3,4355.982,0.0,0.0,0.0,0.0,435598.2
1775235,IT,CH,BUSIN,SUGAR,0.04,4355.874,3,3,4355.874,0.0,0.0,0.0,0.0,108896.85
1654567,IT,CZ,HOTEL,FOOD4,0.03,4355.763,3,3,4355.763,0.0,0.0,0.0,0.0,145192.1
1799419,IT,WE,PAPER,BKBPE,0.02,4355.69,3,3,4355.69,0.0,0.0,0.0,0.0,217784.5
1740441,IT,GB,FOOD2,PAPE1,0.03,4355.466,3,3,4355.466,0.0,0.0,0.0,0.0,145182.2
1669105,IT,ES,SUPPO,FOOD1,0.03,4355.211,3,3,4355.211,0.0,0.0,0.0,0.0,145173.7
1781359,IT,NO,DAIRY,NONME,0.02,4354.891,3,3,4354.891,0.0,0.0,0.0,0.0,217744.55
1747883,IT,JP,RENTI,INTER,0.03,4354.439,3,3,4354.439,0.0,0.0,0.0,0.0,145147.966667
1721670,IT,PL,FINAN,TEXTI,0.06,4354.178,3,3,4354.178,0.0,0.0,0.0,0.0,72569.633333
1726623,IT,RO,MOTO1,NONF1,0.02,4354.034,3,3,4354.034,0.0,0.0,0.0,0.0,217701.7
1787393,IT,WA,FORES,PRIVA,0.04,4353.755,4,4,4351.755,0.0,2.0,0.0,0.0,108843.875
1769615,IT,AU,FABRI,MEATC,0.02,4353.274,3,3,4353.274,0.0,0.0,0.0,0.0,217663.7
1792797,IT,WA,PUBLI,PRECI,0.07,4353.241,3,3,4353.241,0.0,0.0,0.0,0.0,62189.157143
1665727,IT,ES,PAPER,BITU1,0.02,4352.855,3,3,4352.855,0.0,0.0,0.0,0.0,217642.75
1727298,IT,RO,POSTT,LEATH,0.07,4352.84,3,3,4352.84,0.0,0.0,0.0,0.0,62183.428571
1759543,IT,BR,COMPU,MEATP,0.05,4352.69,3,3,4352.69,0.0,0.0,0.0,0.0,87053.8
1668039,IT,ES,FURNI,RADIO,0.01,4352.616,3,3,4352.616,0.0,0.0,0.0,0.0,435261.6
1764549,IT,MX,SALEM,PUBLI,0.04,4352.487,3,3,4352.487,0.0,0.0,0.0,0.0,108812.175
1784024,IT,ID,TEXTI,PRINT,0.03,4351.787,3,3,4351.787,0.0,0.0,0.0,0.0,145059.566667
1808561,IT,WF,PAPE4,MOTO1,0.03,4351.645,3,3,4351.645,0.0,0.0,0.0,0.0,145054.833333
1792163,IT,WA,SUPPO,NFERT,0.03,4351.249,3,3,4351.249,0.0,0.0,0.0,0.0,145041.633333
1791437,IT,WA,WHOLE,NFERT,0.04,4351.156,3,3,4351.156,0.0,0.0,0.0,0.0,108778.9
1723890,IT,PT,FURNI,BIODI,0.01,4351.034,3,3,4351.034,0.0,0.0,0.0,0.0,435103.4
1807960,IT,WF,PLAS1,FOUND,0.02,4350.922,3,3,4350.922,0.0,0.0,0.0,0.0,217546.1
1671659,IT,FI,CONST,FABRI,0.02,4350.802,3,3,4350.802,0.0,0.0,0.0,0.0,217540.1
1761901,IT,IN,FURNI,MEAT1,0.01,4350.622,3,3,4350.622,0.0,0.0,0.0,0.0,435062.2
1806383,IT,WF,MOTO1,LEAD1,0.02,4350.281,3,3,4350.281,0.0,0.0,0.0,0.0,217514.05
1742175,IT,US,GLASS,BRICK,0.01,4350.175,3,3,4350.175,0.0,0.0,0.0,0.0,435017.5
1779651,IT,TR,RESEA,HEAVY,0.02,4349.897,3,3,4349.897,0.0,0.0,0.0,0.0,217494.85
1658715,IT,DE,OFFIC,ELEC1,0.01,4349.823,3,3,4349.823,0.0,0.0,0.0,0.0,434982.3
1790719,IT,WA,FABRI,PAPE1,0.02,4349.694,3,3,4349.694,0.0,0.0,0.0,0.0,217484.7
1653314,IT,CZ,GLASS,MEAT4,0.01,4349.669,3,3,4349.669,0.0,0.0,0.0,0.0,434966.9
1726939,IT,RO,HOTEL,PROCE,0.03,4349.627,3,3,4349.627,0.0,0.0,0.0,0.0,144987.566667
1744376,IT,US,INSUR,TRANS,0.09,4349.39,3,3,4349.39,0.0,0.0,0.0,0.0,48326.555556
1720521,IT,PL,OFFIC,NATUR,0.01,4349.348,3,3,4349.348,0.0,0.0,0.0,0.0,434934.8
1797919,IT,WL,FOOD4,MEATC,0.03,4349.125,3,3,4349.125,0.0,0.0,0.0,0.0,144970.833333
1687544,IT,HU,LANDT,RADIO,0.03,4349.123,3,3,4349.123,0.0,0.0,0.0,0.0,144970.766667
1803518,IT,WF,VEGE1,LEATH,0.01,4349.04,3,3,4349.04,0.0,0.0,0.0,0.0,434904.0
1769936,IT,AU,MOTO1,INLAN,0.02,4348.972,3,3,4348.972,0.0,0.0,0.0,0.0,217448.6
1793050,IT,WA,PAPE4,MEATA,0.03,4348.969,3,3,4348.969,0.0,0.0,0.0,0.0,144965.633333
1749080,IT,CN,WOODW,MEATA,0.01,4348.889,3,3,4348.889,0.0,0.0,0.0,0.0,434888.9
1682372,IT,HR,WOODW,HEALT,0.01,4348.531,3,3,4348.531,0.0,0.0,0.0,0.0,434853.1
1756986,IT,KR,COMPU,RETA1,0.05,4348.482,3,3,4348.482,0.0,0.0,0.0,0.0,86969.64
1784490,IT,ID,FABRI,BEVER,0.02,4347.985,3,3,4347.985,0.0,0.0,0.0,0.0,217399.25
1771220,IT,CH,VEGE1,WEARI,0.01,4347.835,3,3,4347.835,0.0,0.0,0.0,0.0,434783.5
1661125,IT,DE,FOOD2,SEWAG,0.03,4347.714,3,3,4347.714,0.0,0.0,0.0,0.0,144923.8
1663088,IT,DK,RAILW,BRICK,0.03,4347.607,3,3,4347.607,0.0,0.0,0.0,0.0,144920.233333
1799108,IT,WE,WEARI,CHEMI,0.03,4347.526,3,3,4347.526,0.0,0.0,0.0,0.0,144917.533333
1690439,IT,IE,FOOD4,SEWAG,0.03,4347.379,3,3,4347.379,0.0,0.0,0.0,0.0,144912.633333
1728361,IT,SE,TEXTI,CERAM,0.03,4347.294,3,3,4347.294,0.0,0.0,0.0,0.0,144909.8
1725265,IT,RO,FOOD5,INTER,0.02,4347.261,3,3,4347.261,0.0,0.0,0.0,0.0,217363.05
1669035,IT,ES,SUPPO,REFI1,0.03,4347.256,3,3,4347.256,0.0,0.0,0.0,0.0,144908.533333
1758616,IT,BR,TRANS,CHEM1,0.03,4347.113,3,3,4347.113,0.0,0.0,0.0,0.0,144903.766667
1793517,IT,WL,CHEMI,COMPU,0.01,4346.782,3,3,4346.782,0.0,0.0,0.0,0.0,434678.2
1806436,IT,WF,TRANS,NONFE,0.03,4346.531,3,3,4346.531,0.0,0.0,0.0,0.0,144884.366667
1656425,IT,DE,WOODW,FOOD2,0.01,4346.371,3,3,4346.371,0.0,0.0,0.0,0.0,434637.1
1683824,IT,HR,MOTO1,CATTL,0.02,4346.349,3,3,4346.349,0.0,0.0,0.0,0.0,217317.45
1747043,IT,JP,FURNI,VEGET,0.01,4346.119,3,3,4346.119,0.0,0.0,0.0,0.0,434611.9
1654254,IT,CZ,TRANS,COMPU,0.03,4345.593,3,3,4345.593,0.0,0.0,0.0,0.0,144853.1
1737565,IT,GB,PULP5,RENTI,0.01,4345.492,3,3,4345.492,0.0,0.0,0.0,0.0,434549.2
1714910,IT,NL,BEVER,MACHI,0.02,4345.377,3,3,4345.377,0.0,0.0,0.0,0.0,217268.85
1731559,IT,SI,TEXTI,NONME,0.03,4345.144,3,3,4345.144,0.0,0.0,0.0,0.0,144838.133333
1802103,IT,WE,RETA1,ALUM1,0.05,4344.949,3,3,4344.949,0.0,0.0,0.0,0.0,86898.98
1800623,IT,WE,GLASS,LANDT,0.01,4344.777,3,3,4344.777,0.0,0.0,0.0,0.0,434477.7
1709334,IT,LT,VEGE1,CONST,0.01,4344.573,3,3,4344.573,0.0,0.0,0.0,0.0,434457.3
1805292,IT,WF,ADDIT,PFERT,0.01,4344.479,3,3,4344.479,0.0,0.0,0.0,0.0,434447.9
1711927,IT,LU,WASTE,ALUM1,0.01,4344.344,3,3,4344.344,0.0,0.0,0.0,0.0,434434.4
1660252,IT,DE,POSTT,NONME,0.07,4344.07,3,3,4344.07,0.0,0.0,0.0,0.0,62058.142857
1723247,IT,PT,GLASS,MEAT1,0.01,4344.043,3,3,4344.043,0.0,0.0,0.0,0.0,434404.3
1769030,IT,AU,PRINT,REALE,0.04,4344.041,3,3,4344.041,0.0,0.0,0.0,0.0,108601.025
1778691,IT,TR,HOTEL,FOOD4,0.03,4343.796,3,3,4343.796,0.0,0.0,0.0,0.0,144793.2
1742031,IT,US,ADDIT,WOOD2,0.01,4343.604,3,3,4343.604,0.0,0.0,0.0,0.0,434360.4
1724833,IT,PT,BUSIN,MEATA,0.04,4343.38,3,3,4343.38,0.0,0.0,0.0,0.0,108584.5
1789539,IT,WA,ADDIT,FINAN,0.01,4343.269,3,3,4343.269,0.0,0.0,0.0,0.0,434326.9
1678400,IT,FR,PAPE4,PAPE4,0.03,4343.159,3,3,4343.159,0.0,0.0,0.0,0.0,144771.966667
1725277,IT,RO,BEVER,ANIMA,0.02,4343.15,3,3,4343.15,0.0,0.0,0.0,0.0,217157.5
1685494,IT,HU,PAPER,SANDC,0.02,4343.081,3,3,4343.081,0.0,0.0,0.0,0.0,217154.05
1787468,IT,WA,STONE,REALE,0.01,4343.062,3,3,4343.062,0.0,0.0,0.0,0.0,434306.2
1760106,IT,BR,FOOD2,PAPER,0.03,4342.921,3,3,4342.921,0.0,0.0,0.0,0.0,144764.033333
1759364,IT,BR,FINAN,ELEC4,0.06,4342.872,3,3,4342.872,0.0,0.0,0.0,0.0,72381.2
1681962,IT,HR,FOOD5,BRICK,0.02,4342.855,3,3,4342.855,0.0,0.0,0.0,0.0,217142.75
1782358,IT,NO,FABRI,PFERT,0.02,4342.842,3,3,4342.842,0.0,0.0,0.0,0.0,217142.1
1745595,IT,JP,FISH5,93197,0.02,4342.454,4,4,4342.452,0.0,0.0,0.0,0.002,217122.7
1669692,IT,ES,COMPU,COLLE,0.05,4342.204,3,3,4342.204,0.0,0.0,0.0,0.0,86844.08
1795649,IT,WL,FABRI,NONSP,0.02,4341.774,3,3,4341.774,0.0,0.0,0.0,0.0,217088.7
1760059,IT,BR,OILHA,BASIC,0.02,4341.471,3,3,4341.471,0.0,0.0,0.0,0.0,217073.55
1761703,IT,IN,MACHI,SUGAR,0.02,4341.38,3,3,4341.38,0.0,0.0,0.0,0.0,217069.0
1648417,IT,BE,PRIVA,REFI1,0.97,4340.989,3,3,4340.989,0.0,0.0,0.0,0.0,4475.246392
1665181,IT,ES,FOOD5,WOOLS,0.02,4340.859,3,3,4340.859,0.0,0.0,0.0,0.0,217042.95
1787367,IT,WA,WOOLS,SANDC,0.02,4340.406,3,3,4340.406,0.0,0.0,0.0,0.0,217020.3
1714786,IT,NL,PROCE,WHOLE,0.03,4340.395,3,3,4340.395,0.0,0.0,0.0,0.0,144679.833333
1781632,IT,NO,LEATH,NATU1,0.03,4340.046,3,3,4340.046,0.0,0.0,0.0,0.0,144668.2
1760060,IT,BR,OILHA,FABRI,0.02,4339.722,3,3,4339.722,0.0,0.0,0.0,0.0,216986.1
1760545,IT,IN,LEATH,CHARC,0.03,4339.662,3,3,4339.662,0.0,0.0,0.0,0.0,144655.4
1769901,IT,AU,MOTO1,WEARI,0.02,4339.596,3,3,4339.596,0.0,0.0,0.0,0.0,216979.8
1664375,IT,EE,FABRI,WASTE,0.02,4339.164,3,3,4339.164,0.0,0.0,0.0,0.0,216958.2
1740795,IT,US,VEGE1,MEAT4,0.01,4338.577,3,3,4338.577,0.0,0.0,0.0,0.0,433857.7
1672778,IT,FR,MEATP,MEAT1,0.02,4338.564,3,3,4338.564,0.0,0.0,0.0,0.0,216928.2
1755729,IT,KR,GLASS,PFERT,0.01,4338.534,3,3,4338.534,0.0,0.0,0.0,0.0,433853.4
1734253,IT,SI,COMPU,ELEC3,0.05,4338.231,3,3,4338.231,0.0,0.0,0.0,0.0,86764.62
1782669,IT,NO,WHOLE,NATUR,0.04,4338.065,3,3,4338.065,0.0,0.0,0.0,0.0,108451.625
1766780,IT,RU,MACHI,NONSP,0.02,4337.877,3,3,4337.877,0.0,0.0,0.0,0.0,216893.85
1747323,IT,JP,WHOLE,FOODW,0.04,4337.618,3,3,4337.618,0.0,0.0,0.0,0.0,108440.45
1767936,IT,RU,RENTI,HEALT,0.03,4337.381,3,3,4337.381,0.0,0.0,0.0,0.0,144579.366667
1807639,IT,WF,RESEA,DIST1,0.02,4337.31,3,3,4337.31,0.0,0.0,0.0,0.0,216865.5
1710289,IT,LT,TRANS,FABRI,0.03,4337.282,3,3,4337.282,0.0,0.0,0.0,0.0,144576.066667
1791783,IT,WA,LANDT,CEREA,0.03,4337.234,3,3,4337.234,0.0,0.0,0.0,0.0,144574.466667
1770093,IT,AU,WHOLE,PFERT,0.04,4337.112,3,3,4337.112,0.0,0.0,0.0,0.0,108427.8
1783726,IT,NO,FOOD4,PUBLI,0.03,4336.852,3,3,4336.852,0.0,0.0,0.0,0.0,144561.733333
1778654,IT,TR,HOTEL,SECO9,0.03,4336.717,3,3,4336.717,0.0,0.0,0.0,0.0,144557.233333
1776324,IT,TR,PAPER,TRANS,0.02,4336.693,3,3,4336.693,0.0,0.0,0.0,0.0,216834.65
1659332,IT,DE,RETAI,NONF1,0.03,4336.676,3,3,4336.676,0.0,0.0,0.0,0.0,144555.866667
1795019,IT,WL,ADDIT,FISHF,0.01,4336.638,3,3,4336.638,0.0,0.0,0.0,0.0,433663.8
1659260,IT,DE,SALEM,ELEC8,0.04,4336.298,3,3,4336.298,0.0,0.0,0.0,0.0,108407.45
1748685,IT,CN,FOOD5,DAIRY,0.02,4336.186,3,3,4336.186,0.0,0.0,0.0,0.0,216809.3
1690475,IT,IE,PAPE4,SUPPO,0.03,4336.075,3,3,4336.075,0.0,0.0,0.0,0.0,144535.833333
1717755,IT,NL,PUBLI,BUSIN,0.07,4335.792,3,3,4335.792,0.0,0.0,0.0,0.0,61939.885714
1689049,IT,IE,MOTO1,POSTT,0.02,4335.708,3,3,4335.708,0.0,0.0,0.0,0.0,216785.4
1727898,IT,RO,93197,NONF1,0.03,4335.406,3,3,4335.406,0.0,0.0,0.0,0.0,144513.533333
1677732,IT,FR,RENTI,FOODW,0.03,4334.964,3,3,4334.964,0.0,0.0,0.0,0.0,144498.8
1809969,IT,WM,FISH5,RETAI,0.02,4334.95,4,4,4334.948,0.0,0.0,0.0,0.002,216747.5
1727884,IT,RO,FOOD3,WHOLE,0.01,4334.859,3,3,4334.859,0.0,0.0,0.0,0.0,433485.9
1764180,IT,MX,MACHI,COKIN,0.02,4334.793,3,3,4334.793,0.0,0.0,0.0,0.0,216739.65
1802844,IT,WE,PLAS1,HOTEL,0.02,4334.617,3,3,4334.617,0.0,0.0,0.0,0.0,216730.85
1678356,IT,FR,FOOD4,SUPPO,0.03,4334.606,3,3,4334.606,0.0,0.0,0.0,0.0,144486.866667
1774875,IT,CH,FINAN,RESEA,0.06,4334.562,3,3,4334.562,0.0,0.0,0.0,0.0,72242.7
1778155,IT,TR,TRANS,SEACO,0.03,4334.118,3,3,4334.118,0.0,0.0,0.0,0.0,144470.6
1735742,IT,SK,FABRI,WASTE,0.02,4334.027,3,3,4334.027,0.0,0.0,0.0,0.0,216701.35
1755756,IT,KR,GLASS,RAILW,0.01,4333.861,3,3,4333.861,0.0,0.0,0.0,0.0,433386.1
1649984,IT,BG,FABRI,FOOD4,0.02,4333.56,3,3,4333.56,0.0,0.0,0.0,0.0,216678.0
1654826,IT,CZ,SUPPO,RESEA,0.03,4333.55,3,3,4333.55,0.0,0.0,0.0,0.0,144451.666667
1687729,IT,HU,SUPPO,CERAM,0.03,4333.454,3,3,4333.454,0.0,0.0,0.0,0.0,144448.466667
1726812,IT,RO,WHOLE,CERAM,0.04,4333.276,3,3,4333.276,0.0,0.0,0.0,0.0,108331.9
1744551,IT,US,REALE,RETAI,0.18,4333.05,3,3,4333.05,0.0,0.0,0.0,0.0,24072.5
1754469,IT,CA,BUSIN,IRONO,0.04,4333.02,3,3,4333.02,0.0,0.0,0.0,0.0,108325.5
1806438,IT,WF,TRANS,MEATC,0.03,4332.649,3,3,4332.649,0.0,0.0,0.0,0.0,144421.633333
1763331,IT,MX,PAPER,RENTI,0.02,4332.335,3,3,4332.335,0.0,0.0,0.0,0.0,216616.75
1651581,IT,CY,GLASS,FISH5,0.01,4332.09,3,3,4332.09,0.0,0.0,0.0,0.0,433209.0
1660854,IT,DE,COMPU,SEACO,0.05,4331.885,3,3,4331.885,0.0,0.0,0.0,0.0,86637.7
1777906,IT,TR,MACHI,VEGE1,0.02,4331.739,3,3,4331.739,0.0,0.0,0.0,0.0,216586.95
1776253,IT,TR,PULP5,GLASS,0.01,4331.51,3,3,4331.51,0.0,0.0,0.0,0.0,433151.0
1730659,IT,SE,RENTI,AUXIL,0.03,4331.116,3,3,4331.116,0.0,0.0,0.0,0.0,144370.533333
1656131,IT,DE,FISH5,RUBBE,0.02,4331.042,4,4,4331.04,0.0,0.0,0.0,0.002,216552.1
1720991,IT,PL,RETA1,WHOLE,0.05,4331.035,3,3,4331.035,0.0,0.0,0.0,0.0,86620.7
1688922,IT,IE,FABRI,DAIRY,0.02,4330.897,3,3,4330.897,0.0,0.0,0.0,0.0,216544.85
1760631,IT,IN,PULP5,LIQUE,0.01,4330.78,3,3,4330.78,0.0,0.0,0.0,0.0,433078.0
1786019,IT,ZA,GLASS,TRAN1,0.01,4330.758,3,3,4330.758,0.0,0.0,0.0,0.0,433075.8
1686102,IT,HU,RUBBE,ELECT,0.01,4330.423,3,3,4330.423,0.0,0.0,0.0,0.0,433042.3
1663357,IT,DK,SUPPO,RAILW,0.03,4330.265,3,3,4330.265,0.0,0.0,0.0,0.0,144342.166667
1663926,IT,EE,WOODW,TEXTI,0.01,4330.196,3,3,4330.196,0.0,0.0,0.0,0.0,433019.6
1658860,IT,DE,TRANS,RAWMI,0.03,4330.016,3,3,4330.016,0.0,0.0,0.0,0.0,144333.866667
1789070,IT,WA,WHITE,STONE,0.02,4329.735,3,3,4329.735,0.0,0.0,0.0,0.0,216486.75
1756877,IT,KR,POSTT,AIRTR,0.07,4329.616,3,3,4329.616,0.0,0.0,0.0,0.0,61851.657143
1645826,IT,BE,RUBBE,MEMBE,0.01,4329.443,3,3,4329.443,0.0,0.0,0.0,0.0,432944.3
1709427,IT,LT,TEXTI,CEREA,0.03,4329.369,3,3,4329.369,0.0,0.0,0.0,0.0,144312.3
1774883,IT,CH,INSUR,CATTL,0.09,4329.292,3,3,4329.292,0.0,0.0,0.0,0.0,48103.244444
1659363,IT,DE,RETAI,OILHA,0.03,4329.114,3,3,4329.114,0.0,0.0,0.0,0.0,144303.8
1718535,IT,PL,WEARI,BEVER,0.03,4329.032,3,3,4329.032,0.0,0.0,0.0,0.0,144301.066667
1769657,IT,AU,FABRI,ELEC2,0.02,4328.96,3,3,4328.96,0.0,0.0,0.0,0.0,216448.0
1741216,IT,US,WOODW,COPP1,0.01,4328.948,3,3,4328.948,0.0,0.0,0.0,0.0,432894.8
1678892,IT,GR,TEXTI,MEATC,0.03,4328.735,3,3,4328.735,0.0,0.0,0.0,0.0,144291.166667
1661900,IT,DK,PRINT,WOODW,0.04,4328.592,3,3,4328.592,0.0,0.0,0.0,0.0,108214.8
1802659,IT,WE,RENTI,CHEM1,0.03,4328.366,3,3,4328.366,0.0,0.0,0.0,0.0,144278.866667
1781580,IT,NO,WEARI,PRINT,0.03,4328.345,3,3,4328.345,0.0,0.0,0.0,0.0,144278.166667
1758721,IT,BR,RETAI,SUPPO,0.03,4328.326,3,3,4328.326,0.0,0.0,0.0,0.0,144277.533333
1760132,IT,BR,FOOD3,PAPER,0.01,4328.309,3,3,4328.309,0.0,0.0,0.0,0.0,432830.9
1688053,IT,HU,COMPU,ALUM1,0.05,4328.16,3,3,4328.16,0.0,0.0,0.0,0.0,86563.2
1648155,IT,BE,BUSIN,MEAT4,0.04,4328.107,3,3,4328.107,0.0,0.0,0.0,0.0,108202.675
1664564,IT,EE,HOTEL,PRINT,0.03,4327.688,3,3,4327.688,0.0,0.0,0.0,0.0,144256.266667
1716358,IT,NL,FABRI,INERT,0.02,4327.269,3,3,4327.269,0.0,0.0,0.0,0.0,216363.45
1775633,IT,CH,93197,FURNI,0.03,4326.966,3,3,4326.966,0.0,0.0,0.0,0.0,144232.2
1774082,IT,CH,WHOLE,FISH5,0.04,4326.629,3,3,4326.629,0.0,0.0,0.0,0.0,108165.725
1748207,IT,JP,PAPE1,ELEC8,0.03,4326.476,3,3,4326.476,0.0,0.0,0.0,0.0,144215.866667
1669145,IT,ES,POSTT,MOTOR,0.07,4326.186,3,3,4326.186,0.0,0.0,0.0,0.0,61802.657143
1764414,IT,MX,MOTO1,93197,0.02,4325.926,3,3,4325.926,0.0,0.0,0.0,0.0,216296.3
1749830,IT,CN,RUBBE,HEAVY,0.01,4325.327,3,3,4325.327,0.0,0.0,0.0,0.0,432532.7
1786520,IT,ZA,TRANS,BUSIN,0.03,4325.253,3,3,4325.253,0.0,0.0,0.0,0.0,144175.1
1749280,IT,CN,PAPER,SALEM,0.02,4325.195,3,3,4325.195,0.0,0.0,0.0,0.0,216259.75
1755279,IT,KR,PAPER,ALUM1,0.02,4324.635,3,3,4324.635,0.0,0.0,0.0,0.0,216231.75
1677711,IT,FR,RENTI,TRAN1,0.03,4324.562,3,3,4324.562,0.0,0.0,0.0,0.0,144152.066667
1785914,IT,ZA,RUBBE,NICKE,0.01,4324.439,3,3,4324.439,0.0,0.0,0.0,0.0,432443.9
1670098,IT,ES,FOOD4,REALE,0.03,4324.291,3,3,4324.291,0.0,0.0,0.0,0.0,144143.033333
1778754,IT,TR,LANDT,CRUDE,0.03,4324.224,3,3,4324.224,0.0,0.0,0.0,0.0,144140.8
1785080,IT,ZA,STONE,WHOLE,0.01,4323.97,3,3,4323.97,0.0,0.0,0.0,0.0,432397.0
1753712,IT,CA,TRANS,TRANS,0.03,4323.649,3,3,4323.649,0.0,0.0,0.0,0.0,144121.633333
1641043,IT,AT,PAPER,WHEAT,0.02,4323.486,3,3,4323.486,0.0,0.0,0.0,0.0,216174.3
1750928,IT,CN,CONST,DIST1,0.02,4323.301,3,3,4323.301,0.0,0.0,0.0,0.0,216165.05
1760455,IT,IN,BEVER,HEALT,0.02,4323.293,3,3,4323.293,0.0,0.0,0.0,0.0,216164.65
1648665,IT,BG,DAIRY,REALE,0.02,4323.146,3,3,4323.146,0.0,0.0,0.0,0.0,216157.3
1685178,IT,HU,BEVER,OFFIC,0.02,4323.037,3,3,4323.037,0.0,0.0,0.0,0.0,216151.85
1711827,IT,LU,FOODW,FABRI,0.03,4322.949,3,3,4322.949,0.0,0.0,0.0,0.0,144098.3
1779106,IT,TR,SUPPO,TRAN1,0.03,4322.744,3,3,4322.744,0.0,0.0,0.0,0.0,144091.466667
1765658,IT,RU,PAPER,MEAT1,0.02,4322.72,3,3,4322.72,0.0,0.0,0.0,0.0,216136.0
1798367,IT,WE,FORES,TOBAC,0.04,4322.705,4,4,4320.705,0.0,2.0,0.0,0.0,108067.625
1659551,IT,DE,RETA1,SEWAG,0.05,4322.506,3,3,4322.506,0.0,0.0,0.0,0.0,86450.12
1791833,IT,WA,LANDT,ALUM1,0.03,4322.385,3,3,4322.385,0.0,0.0,0.0,0.0,144079.5
1677666,IT,FR,RENTI,CROPS,0.03,4322.247,3,3,4322.247,0.0,0.0,0.0,0.0,144074.9
1684163,IT,HR,LANDT,COPP1,0.03,4322.221,3,3,4322.221,0.0,0.0,0.0,0.0,144074.033333
1775868,IT,TR,DAIRY,DISTR,0.02,4322.202,3,3,4322.202,0.0,0.0,0.0,0.0,216110.1
1770080,IT,AU,WHOLE,FOOD5,0.04,4322.086,3,3,4322.086,0.0,0.0,0.0,0.0,108052.15
1744193,IT,US,POSTT,NATU1,0.07,4321.956,3,3,4321.956,0.0,0.0,0.0,0.0,61742.228571
1785922,IT,ZA,RUBBE,MEATP,0.01,4321.501,3,3,4321.501,0.0,0.0,0.0,0.0,432150.1
1663342,IT,DK,SUPPO,PRINT,0.03,4321.471,3,3,4321.471,0.0,0.0,0.0,0.0,144049.033333
1808797,IT,WF,WOOD2,ELEC4,0.02,4321.408,3,3,4321.408,0.0,0.0,0.0,0.0,216070.4
1774328,IT,CH,HOTEL,BRICK,0.03,4321.242,3,3,4321.242,0.0,0.0,0.0,0.0,144041.4
1658791,IT,DE,MOTO1,PFERT,0.02,4320.769,3,3,4320.769,0.0,0.0,0.0,0.0,216038.45
1681203,IT,GR,POSTT,RENTI,0.07,4320.448,3,3,4320.448,0.0,0.0,0.0,0.0,61720.685714
1789473,IT,WA,ADDIT,MEATP,0.01,4320.428,3,3,4320.428,0.0,0.0,0.0,0.0,432042.8
1651934,IT,CY,BUSIN,WEARI,0.04,4320.378,3,3,4320.378,0.0,0.0,0.0,0.0,108009.45
1687248,IT,HU,WHOLE,LEATH,0.04,4320.34,3,3,4320.34,0.0,0.0,0.0,0.0,108008.5
1754706,IT,KR,VEGE1,CEMEN,0.01,4320.316,3,3,4320.316,0.0,0.0,0.0,0.0,432031.6
1808741,IT,WF,TEXT2,FINAN,0.03,4320.209,3,3,4320.209,0.0,0.0,0.0,0.0,144006.966667
1799371,IT,WE,PULP5,FOOD5,0.01,4320.202,3,3,4320.202,0.0,0.0,0.0,0.0,432020.2
1650033,IT,BG,MACHI,REFI1,0.02,4320.138,3,3,4320.138,0.0,0.0,0.0,0.0,216006.9
1754673,IT,KR,MEATP,MEATP,0.02,4319.62,3,3,4319.62,0.0,0.0,0.0,0.0,215981.0
1791044,IT,WA,TRANS,LIGNI,0.03,4319.281,3,3,4319.281,0.0,0.0,0.0,0.0,143976.033333
1678464,IT,FR,RECRE,FABRI,0.05,4319.106,3,3,4319.106,0.0,0.0,0.0,0.0,86382.12
1668604,IT,ES,RAILW,NATUR,0.03,4318.07,3,3,4318.07,0.0,0.0,0.0,0.0,143935.666667
1737108,IT,GB,MEATP,SUGA1,0.02,4318.001,3,3,4318.001,0.0,0.0,0.0,0.0,215900.05
1710798,IT,LU,PULP5,PAPER,0.01,4317.943,3,3,4317.943,0.0,0.0,0.0,0.0,431794.3
1679194,IT,GR,PRINT,COMPU,0.04,4317.714,3,3,4317.714,0.0,0.0,0.0,0.0,107942.85
1711360,IT,LU,WHOLE,WASTE,0.04,4317.521,3,3,4317.521,0.0,0.0,0.0,0.0,107938.025
1657580,IT,DE,GLASS,MEDIC,0.01,4317.279,3,3,4317.279,0.0,0.0,0.0,0.0,431727.9
1688769,IT,IE,RUBBE,CEMEN,0.01,4316.841,3,3,4316.841,0.0,0.0,0.0,0.0,431684.1
1726508,IT,RO,MACHI,FABRI,0.02,4316.831,3,3,4316.831,0.0,0.0,0.0,0.0,215841.55
1725567,IT,RO,LEATH,MEMBE,0.03,4316.767,3,3,4316.767,0.0,0.0,0.0,0.0,143892.233333
1721898,IT,PL,RENTI,BASIC,0.03,4316.744,3,3,4316.744,0.0,0.0,0.0,0.0,143891.466667
1721126,IT,PL,RAILW,PULP5,0.03,4316.648,3,3,4316.648,0.0,0.0,0.0,0.0,143888.266667
1681222,IT,GR,FINAN,RAWMI,0.06,4316.434,3,3,4316.434,0.0,0.0,0.0,0.0,71940.566667
1654275,IT,CZ,FURNI,LANDT,0.01,4316.174,3,3,4316.174,0.0,0.0,0.0,0.0,431617.4
1803955,IT,WF,LEATH,OILSE,0.03,4315.986,3,3,4315.986,0.0,0.0,0.0,0.0,143866.2
1712602,IT,LV,OFFIC,FOOD5,0.01,4315.923,3,3,4315.923,0.0,0.0,0.0,0.0,431592.3
1784976,IT,ID,INSUR,RETAI,0.09,4315.775,3,3,4315.775,0.0,0.0,0.0,0.0,47953.055556
1711924,IT,LU,FOOD3,FINAN,0.01,4315.693,3,3,4315.693,0.0,0.0,0.0,0.0,431569.3
1806552,IT,WF,FURNI,SALEM,0.01,4315.505,3,3,4315.505,0.0,0.0,0.0,0.0,431550.5
1680023,IT,GR,MACHI,AVIAT,0.02,4315.441,3,3,4315.441,0.0,0.0,0.0,0.0,215772.05
1680155,IT,GR,MOTO1,PLAST,0.02,4315.433,3,3,4315.433,0.0,0.0,0.0,0.0,215771.65
1640171,IT,AT,VEGET,OFFIC,0.02,4315.236,3,3,4315.236,0.0,0.0,0.0,0.0,215761.8
1668362,IT,ES,RETA1,CEREA,0.05,4315.231,3,3,4315.231,0.0,0.0,0.0,0.0,86304.62
1812627,IT,WM,COPP1,POULT,0.01,4314.847,3,3,4314.847,0.0,0.0,0.0,0.0,431484.7
1670398,IT,FI,PROCE,BUSIN,0.03,4314.327,3,3,4314.327,0.0,0.0,0.0,0.0,143810.9
1733824,IT,SI,LANDT,WOOD2,0.03,4314.288,3,3,4314.288,0.0,0.0,0.0,0.0,143809.6
1731628,IT,SI,LEATH,CEMEN,0.03,4313.827,3,3,4313.827,0.0,0.0,0.0,0.0,143794.233333
1710382,IT,LT,HOTEL,MACHI,0.03,4313.778,3,3,4313.778,0.0,0.0,0.0,0.0,143792.6
1754891,IT,KR,TOBAC,PREC1,0.02,4313.729,3,3,4313.729,0.0,0.0,0.0,0.0,215686.45
1730346,IT,SE,SUPPO,OFFIC,0.03,4313.663,3,3,4313.663,0.0,0.0,0.0,0.0,143788.766667
1775627,IT,CH,93197,WOODW,0.03,4313.557,3,3,4313.557,0.0,0.0,0.0,0.0,143785.233333
1650470,IT,BG,ELEC5,RUBBE,0.05,4313.518,3,3,4313.518,0.0,0.0,0.0,0.0,86270.36
1714830,IT,NL,FOOD5,BASIC,0.02,4313.235,3,3,4313.235,0.0,0.0,0.0,0.0,215661.75
1734627,IT,SK,TEXTI,GLASS,0.03,4313.169,3,3,4313.169,0.0,0.0,0.0,0.0,143772.3
1656142,IT,DE,FISH5,COMPU,0.02,4313.139,4,4,4313.137,0.0,0.0,0.0,0.002,215656.95
1684367,IT,HR,POSTT,MEATC,0.07,4313.073,3,3,4313.073,0.0,0.0,0.0,0.0,61615.328571
1651030,IT,BG,POSTT,CONST,0.07,4313.052,3,3,4313.052,0.0,0.0,0.0,0.0,61615.028571
1684609,IT,HR,WASTE,FABRI,0.01,4312.764,3,3,4312.764,0.0,0.0,0.0,0.0,431276.4
1726615,IT,RO,MOTO1,CHEM1,0.02,4312.57,3,3,4312.57,0.0,0.0,0.0,0.0,215628.5
1717329,IT,NL,FINAN,BRICK,0.06,4312.321,3,3,4312.321,0.0,0.0,0.0,0.0,71872.016667
1709493,IT,LT,WEARI,DISTR,0.03,4312.297,3,3,4312.297,0.0,0.0,0.0,0.0,143743.233333
1792900,IT,WA,HEALT,LEATH,0.02,4312.113,3,3,4312.113,0.0,0.0,0.0,0.0,215605.65
1767606,IT,RU,SUPPO,OFFIC,0.03,4311.791,3,3,4311.791,0.0,0.0,0.0,0.0,143726.366667
1710815,IT,LU,PAPER,TEXTI,0.02,4311.514,3,3,4311.514,0.0,0.0,0.0,0.0,215575.7
1808315,IT,WF,PAPE3,REALE,0.01,4311.363,3,3,4311.363,0.0,0.0,0.0,0.0,431136.3
1717338,IT,NL,FINAN,FOUND,0.06,4311.262,3,3,4311.262,0.0,0.0,0.0,0.0,71854.366667
1808406,IT,WF,WASTE,COMPU,0.01,4311.159,3,3,4311.159,0.0,0.0,0.0,0.0,431115.9
1770032,IT,AU,FURNI,FOOD1,0.01,4310.934,3,3,4310.934,0.0,0.0,0.0,0.0,431093.4
1678039,IT,FR,EDUCA,HOTEL,0.11,4310.892,3,3,4310.892,0.0,0.0,0.0,0.0,39189.927273
1738471,IT,GB,COPP1,CERAM,0.01,4310.77,3,3,4310.77,0.0,0.0,0.0,0.0,431077.0
1803972,IT,WF,LEATH,MEAT1,0.03,4310.704,3,3,4310.704,0.0,0.0,0.0,0.0,143690.133333
1661793,IT,DK,WOODW,MEATP,0.01,4310.471,3,3,4310.471,0.0,0.0,0.0,0.0,431047.1
1677824,IT,FR,COMPU,93197,0.05,4310.328,3,3,4310.328,0.0,0.0,0.0,0.0,86206.56
1745050,IT,US,PUBLI,NONF1,0.07,4310.315,3,3,4310.315,0.0,0.0,0.0,0.0,61575.928571
1721726,IT,PL,INSUR,PIGS9,0.09,4310.305,3,3,4310.305,0.0,0.0,0.0,0.0,47892.277778
1785357,IT,ZA,WOODW,MACHI,0.01,4310.277,3,3,4310.277,0.0,0.0,0.0,0.0,431027.7
1796545,IT,WL,RETA1,AIRTR,0.05,4310.143,3,3,4310.143,0.0,0.0,0.0,0.0,86202.86
1655945,IT,DE,SUGA1,PUBLI,0.01,4310.138,3,3,4310.138,0.0,0.0,0.0,0.0,431013.8
1770126,IT,AU,WHOLE,RESEA,0.04,4310.103,3,3,4310.103,0.0,0.0,0.0,0.0,107752.575
1762383,IT,IN,POSTT,LIQUE,0.07,4310.072,3,3,4310.072,0.0,0.0,0.0,0.0,61572.457143
1661311,IT,DK,CHEMI,MEATP,0.01,4309.951,3,3,4309.951,0.0,0.0,0.0,0.0,430995.1
1734227,IT,SI,RENTI,AIRTR,0.03,4309.942,3,3,4309.942,0.0,0.0,0.0,0.0,143664.733333
1648046,IT,BE,COMPU,ELEC8,0.05,4309.772,3,3,4309.772,0.0,0.0,0.0,0.0,86195.44
1803560,IT,WF,DAIRY,BEVER,0.02,4309.432,3,3,4309.432,0.0,0.0,0.0,0.0,215471.6
1651257,IT,CY,MEATC,HOTEL,0.01,4309.212,3,3,4309.212,0.0,0.0,0.0,0.0,430921.2
1678405,IT,FR,INERT,FOOD5,0.03,4309.183,3,3,4309.183,0.0,0.0,0.0,0.0,143639.433333
1745971,IT,JP,WOODW,COKE1,0.01,4309.043,3,3,4309.043,0.0,0.0,0.0,0.0,430904.3
1753954,IT,CA,LANDT,TEXTI,0.03,4308.776,3,3,4308.776,0.0,0.0,0.0,0.0,143625.866667
1643483,IT,AT,LANDT,INSUR,0.03,4308.649,3,3,4308.649,0.0,0.0,0.0,0.0,143621.633333
1767767,IT,RU,INSUR,PRINT,0.09,4308.616,3,3,4308.616,0.0,0.0,0.0,0.0,47873.511111
1662632,IT,DK,MACHI,CHEMI,0.02,4308.441,3,3,4308.441,0.0,0.0,0.0,0.0,215422.05
1771473,IT,CH,BEVER,ELEC4,0.02,4308.355,3,3,4308.355,0.0,0.0,0.0,0.0,215417.75
1649090,IT,BG,PAPER,REFI1,0.02,4308.302,3,3,4308.302,0.0,0.0,0.0,0.0,215415.1
1668154,IT,ES,SALEM,RADIO,0.03,4308.267,3,3,4308.267,0.0,0.0,0.0,0.0,143608.9
1747836,IT,JP,REALE,HEALT,0.18,4308.175,3,3,4308.175,0.0,0.0,0.0,0.0,23934.305556
1736975,IT,GB,CROPS,TEXTI,0.03,4308.165,3,3,4308.165,0.0,0.0,0.0,0.0,143605.5
1709430,IT,LT,TEXTI,MEAT1,0.03,4308.162,3,3,4308.162,0.0,0.0,0.0,0.0,143605.4
1718132,IT,PL,VEGE1,PFERT,0.01,4308.129,3,3,4308.129,0.0,0.0,0.0,0.0,430812.9
1743833,IT,US,LANDT,FOOD3,0.03,4307.928,3,3,4307.928,0.0,0.0,0.0,0.0,143597.6
1710630,IT,LU,MEATC,BUSIN,0.01,4307.726,3,3,4307.726,0.0,0.0,0.0,0.0,430772.6
1805962,IT,WF,COPP1,ANIMA,0.01,4307.624,3,3,4307.624,0.0,0.0,0.0,0.0,430762.4
1728220,IT,SE,FOOD5,RUBBE,0.02,4307.307,3,3,4307.307,0.0,0.0,0.0,0.0,215365.35
1744635,IT,US,RENTI,WOOD1,0.03,4307.226,3,3,4307.226,0.0,0.0,0.0,0.0,143574.2
1721702,IT,PL,FINAN,LANDT,0.06,4306.895,3,3,4306.895,0.0,0.0,0.0,0.0,71781.583333
1710202,IT,LT,MACHI,WASTE,0.02,4306.803,3,3,4306.803,0.0,0.0,0.0,0.0,215340.15
1781599,IT,NO,WEARI,ELEC6,0.03,4306.791,3,3,4306.791,0.0,0.0,0.0,0.0,143559.7
1724081,IT,PT,WHOLE,RETAI,0.04,4306.714,3,3,4306.714,0.0,0.0,0.0,0.0,107667.85
1789799,IT,WA,GLASS,PAPE1,0.01,4306.639,3,3,4306.639,0.0,0.0,0.0,0.0,430663.9
1670347,IT,FI,VEGE1,LIQUI,0.01,4306.619,3,3,4306.619,0.0,0.0,0.0,0.0,430661.9
1810604,IT,WM,PRINT,DISTR,0.04,4306.582,3,3,4306.582,0.0,0.0,0.0,0.0,107664.55
1785149,IT,ZA,PROCE,COMPU,0.03,4306.486,3,3,4306.486,0.0,0.0,0.0,0.0,143549.533333
1675580,IT,FR,MOTO1,BIODI,0.02,4306.453,3,3,4306.453,0.0,0.0,0.0,0.0,215322.65
1743690,IT,US,RAILW,RUBBE,0.03,4306.448,3,3,4306.448,0.0,0.0,0.0,0.0,143548.266667
1806974,IT,WF,LANDT,LEATH,0.03,4306.418,3,3,4306.418,0.0,0.0,0.0,0.0,143547.266667
1814439,IT,WM,COMPU,VEGET,0.05,4306.287,3,3,4306.287,0.0,0.0,0.0,0.0,86125.74
1781137,IT,TW,OILHA,BASIC,0.02,4306.234,3,3,4306.234,0.0,0.0,0.0,0.0,215311.7
1751868,IT,CN,COMPU,FISHF,0.05,4305.947,3,3,4305.947,0.0,0.0,0.0,0.0,86118.94
1660214,IT,DE,POSTT,RAWMI,0.07,4305.716,3,3,4305.716,0.0,0.0,0.0,0.0,61510.228571
1737694,IT,GB,PRINT,EDUCA,0.04,4305.49,3,3,4305.49,0.0,0.0,0.0,0.0,107637.25
1668029,IT,ES,FURNI,CERAM,0.01,4305.46,3,3,4305.46,0.0,0.0,0.0,0.0,430546.0
1762929,IT,MX,MEATP,MEATP,0.02,4304.917,3,3,4304.917,0.0,0.0,0.0,0.0,215245.85
1748640,IT,CN,DAIRY,RADIO,0.02,4304.882,3,3,4304.882,0.0,0.0,0.0,0.0,215244.1
1747824,IT,JP,REALE,HOTEL,0.18,4304.738,3,3,4304.738,0.0,0.0,0.0,0.0,23915.211111
1689001,IT,IE,MACHI,ELEC2,0.02,4304.601,3,3,4304.601,0.0,0.0,0.0,0.0,215230.05
1669490,IT,ES,AUXIL,FABRI,0.08,4304.46,3,3,4304.46,0.0,0.0,0.0,0.0,53805.75
1740384,IT,GB,HEALT,PFERT,0.02,4304.445,3,3,4304.445,0.0,0.0,0.0,0.0,215222.25
1777778,IT,TR,FABRI,NONFE,0.02,4304.372,3,3,4304.372,0.0,0.0,0.0,0.0,215218.6
1782369,IT,NO,FABRI,COPP1,0.02,4303.85,3,3,4303.85,0.0,0.0,0.0,0.0,215192.5
1780569,IT,TW,FINAN,AUXIL,0.06,4303.796,3,3,4303.796,0.0,0.0,0.0,0.0,71729.933333
1736068,IT,SK,FURNI,POSTT,0.01,4303.744,3,3,4303.744,0.0,0.0,0.0,0.0,430374.4
1663140,IT,DK,LANDT,SANDC,0.03,4303.671,3,3,4303.671,0.0,0.0,0.0,0.0,143455.7
1782783,IT,NO,HOTEL,PFERT,0.03,4303.64,3,3,4303.64,0.0,0.0,0.0,0.0,143454.666667
1743465,IT,US,WHOLE,FABRI,0.04,4303.626,3,3,4303.626,0.0,0.0,0.0,0.0,107590.65
1808967,IT,WM,VEGET,PIGS9,0.02,4303.328,3,3,4303.328,0.0,0.0,0.0,0.0,215166.4
1662135,IT,DK,RUBBE,TOBAC,0.01,4303.282,3,3,4303.282,0.0,0.0,0.0,0.0,430328.2
1682078,IT,HR,TEXTI,VEGET,0.03,4302.994,3,3,4302.994,0.0,0.0,0.0,0.0,143433.133333
1808064,IT,WF,TEXT1,NATUR,0.03,4302.894,3,3,4302.894,0.0,0.0,0.0,0.0,143429.8
1796524,IT,WL,RETA1,RADIO,0.04,4302.88,3,3,4302.88,0.0,0.0,0.0,0.0,107572.0
1807518,IT,WF,RENTI,PLAST,0.03,4302.785,3,3,4302.785,0.0,0.0,0.0,0.0,143426.166667
1674542,IT,FR,RUBBE,BITU1,0.01,4302.005,3,3,4302.005,0.0,0.0,0.0,0.0,430200.5
1809514,IT,WM,MEAT4,NAPHT,0.02,4301.718,3,3,4301.718,0.0,0.0,0.0,0.0,215085.9
1643783,IT,AT,POSTT,SUPPO,0.07,4301.62,3,3,4301.62,0.0,0.0,0.0,0.0,61451.714286
1751199,IT,CN,HOTEL,NONSP,0.03,4301.339,3,3,4301.339,0.0,0.0,0.0,0.0,143377.966667
1645155,IT,BE,PRINT,CEMEN,0.04,4301.238,3,3,4301.238,0.0,0.0,0.0,0.0,107530.95
1734003,IT,SI,POSTT,CONST,0.07,4300.932,3,3,4300.932,0.0,0.0,0.0,0.0,61441.885714
1778825,IT,TR,LANDT,LANDT,0.03,4300.91,3,3,4300.91,0.0,0.0,0.0,0.0,143363.666667
1681052,IT,GR,SUPPO,OILSE,0.03,4300.873,3,3,4300.873,0.0,0.0,0.0,0.0,143362.433333
1742204,IT,US,GLASS,AUXIL,0.01,4300.694,3,3,4300.694,0.0,0.0,0.0,0.0,430069.4
1807690,IT,WF,BUSIN,GASDI,0.04,4300.541,3,3,4300.541,0.0,0.0,0.0,0.0,107513.525
1688535,IT,IE,PAPER,TRANS,0.02,4300.407,3,3,4300.407,0.0,0.0,0.0,0.0,215020.35
1738545,IT,GB,FABRI,NATU1,0.02,4299.864,3,3,4299.864,0.0,0.0,0.0,0.0,214993.2
1684120,IT,HR,RAILW,HOTEL,0.03,4299.659,3,3,4299.659,0.0,0.0,0.0,0.0,143321.966667
1738500,IT,GB,COPP1,FOOD4,0.01,4299.573,3,3,4299.573,0.0,0.0,0.0,0.0,429957.3
1710151,IT,LT,MACHI,CHEM1,0.02,4299.258,3,3,4299.258,0.0,0.0,0.0,0.0,214962.9
1754484,IT,CA,BUSIN,WEARI,0.04,4299.231,3,3,4299.231,0.0,0.0,0.0,0.0,107480.775
1645180,IT,BE,PRINT,RAILW,0.04,4299.11,3,3,4299.11,0.0,0.0,0.0,0.0,107477.75
1775991,IT,TR,FISH5,BUSIN,0.02,4299.093,4,4,4299.091,0.0,0.0,0.0,0.002,214954.65
1725335,IT,RO,FISH5,REFIN,0.02,4298.925,4,4,4298.923,0.0,0.0,0.0,0.002,214946.25
1760099,IT,BR,FOOD1,WASTE,0.02,4298.81,3,3,4298.81,0.0,0.0,0.0,0.0,214940.5
1721580,IT,PL,POSTT,MEATP,0.07,4298.772,3,3,4298.772,0.0,0.0,0.0,0.0,61411.028571
1787180,IT,ZA,PUBLI,POSTT,0.07,4298.725,3,3,4298.725,0.0,0.0,0.0,0.0,61410.357143
1808656,IT,WF,INERT,MEATC,0.03,4298.505,3,3,4298.505,0.0,0.0,0.0,0.0,143283.5
1690115,IT,IE,COMPU,FISH5,0.05,4298.485,3,3,4298.485,0.0,0.0,0.0,0.0,85969.7
1712110,IT,LV,TEXTI,MACHI,0.03,4298.47,3,3,4298.47,0.0,0.0,0.0,0.0,143282.333333
1684660,IT,HR,INERT,RETA1,0.03,4298.464,3,3,4298.464,0.0,0.0,0.0,0.0,143282.133333
1762531,IT,IN,INSUR,ELEC8,0.09,4297.894,3,3,4297.894,0.0,0.0,0.0,0.0,47754.377778
1678152,IT,FR,PLAS1,EDUCA,0.02,4297.859,3,3,4297.859,0.0,0.0,0.0,0.0,214892.95
1799324,IT,WE,WOODW,MOTOR,0.01,4297.666,3,3,4297.666,0.0,0.0,0.0,0.0,429766.6
1714246,IT,MT,REALE,BUSIN,0.18,4297.583,3,3,4297.583,0.0,0.0,0.0,0.0,23875.461111
1796333,IT,WL,SALEM,93197,0.03,4297.562,3,3,4297.562,0.0,0.0,0.0,0.0,143252.066667
1739244,IT,GB,RETA1,TEXT2,0.04,4297.556,3,3,4297.556,0.0,0.0,0.0,0.0,107438.9
1798512,IT,WE,STONE,MEAT4,0.01,4297.496,3,3,4297.496,0.0,0.0,0.0,0.0,429749.6
1802076,IT,WE,RETA1,MEAT1,0.04,4297.49,3,3,4297.49,0.0,0.0,0.0,0.0,107437.25
1650008,IT,BG,MACHI,STONE,0.02,4297.27,3,3,4297.27,0.0,0.0,0.0,0.0,214863.5
1683174,IT,HR,GLASS,MOTOR,0.01,4297.256,3,3,4297.256,0.0,0.0,0.0,0.0,429725.6
1729564,IT,SE,COPP1,TRANS,0.01,4297.246,3,3,4297.246,0.0,0.0,0.0,0.0,429724.6
1652759,IT,CZ,PAPER,TRAN2,0.02,4297.129,3,3,4297.129,0.0,0.0,0.0,0.0,214856.45
1655638,IT,DE,CHEMI,OILSE,0.01,4297.127,3,3,4297.127,0.0,0.0,0.0,0.0,429712.7
1665845,IT,ES,PRINT,BASIC,0.04,4296.669,3,3,4296.669,0.0,0.0,0.0,0.0,107416.725
1735744,IT,SK,FABRI,PAPE4,0.02,4296.606,3,3,4296.606,0.0,0.0,0.0,0.0,214830.3
1711211,IT,LU,MACHI,ALUM1,0.02,4296.593,3,3,4296.593,0.0,0.0,0.0,0.0,214829.65
1799540,IT,WE,PRINT,GASDI,0.04,4296.528,3,3,4296.528,0.0,0.0,0.0,0.0,107413.2
1652318,IT,CZ,BEVER,RETAI,0.02,4296.267,3,3,4296.267,0.0,0.0,0.0,0.0,214813.35
1780555,IT,TW,FINAN,BASIC,0.06,4296.255,3,3,4296.255,0.0,0.0,0.0,0.0,71604.25
1754682,IT,KR,VEGE1,CATTL,0.01,4296.222,3,3,4296.222,0.0,0.0,0.0,0.0,429622.2
1791372,IT,WA,SALEM,AUXIL,0.03,4295.818,3,3,4295.818,0.0,0.0,0.0,0.0,143193.933333
1690488,IT,IE,PAPE4,PAPE4,0.03,4295.591,3,3,4295.591,0.0,0.0,0.0,0.0,143186.366667
1711317,IT,LU,WHOLE,NFERT,0.04,4295.436,3,3,4295.436,0.0,0.0,0.0,0.0,107385.9
1665524,IT,ES,WEARI,FOODW,0.03,4295.377,3,3,4295.377,0.0,0.0,0.0,0.0,143179.233333
1643980,IT,AT,COMPU,TRAN2,0.05,4295.151,3,3,4295.151,0.0,0.0,0.0,0.0,85903.02
1757391,IT,BR,LEATH,REALE,0.03,4295.052,3,3,4295.052,0.0,0.0,0.0,0.0,143168.4
1793017,IT,WA,FOOD3,RETA1,0.01,4295.049,3,3,4295.049,0.0,0.0,0.0,0.0,429504.9
1730017,IT,SE,WHOLE,COPPE,0.04,4294.595,3,3,4294.595,0.0,0.0,0.0,0.0,107364.875
1739741,IT,GB,SUPPO,PLAS1,0.03,4294.445,3,3,4294.445,0.0,0.0,0.0,0.0,143148.166667
1678643,IT,GR,MEATC,POSTT,0.01,4294.379,3,3,4294.379,0.0,0.0,0.0,0.0,429437.9
1718077,IT,PL,MEAT4,MEATC,0.02,4294.376,3,3,4294.376,0.0,0.0,0.0,0.0,214718.8
1726058,IT,RO,RUBBE,OILSE,0.01,4294.292,3,3,4294.292,0.0,0.0,0.0,0.0,429429.2
1806734,IT,WF,WHOLE,TRAN1,0.04,4294.079,3,3,4294.079,0.0,0.0,0.0,0.0,107351.975
1673111,IT,FR,FOOD5,WOOD1,0.02,4294.015,3,3,4294.015,0.0,0.0,0.0,0.0,214700.75
1763729,IT,MX,GLASS,IRONO,0.01,4293.936,3,3,4293.936,0.0,0.0,0.0,0.0,429393.6
1732630,IT,SI,GLASS,ELEC2,0.01,4293.63,3,3,4293.63,0.0,0.0,0.0,0.0,429363.0
1669787,IT,ES,BUSIN,NONF1,0.04,4293.438,3,3,4293.438,0.0,0.0,0.0,0.0,107335.95
1774920,IT,CH,INSUR,SECO9,0.09,4293.304,3,3,4293.304,0.0,0.0,0.0,0.0,47703.377778
1641945,IT,AT,RUBBE,CHEMI,0.01,4293.283,3,3,4293.283,0.0,0.0,0.0,0.0,429328.3
1791353,IT,WA,SALEM,TRANS,0.03,4293.245,3,3,4293.245,0.0,0.0,0.0,0.0,143108.166667
1760202,IT,BR,PAPE4,RECRE,0.03,4293.186,3,3,4293.186,0.0,0.0,0.0,0.0,143106.2
1648397,IT,BE,RECRE,COMPU,0.05,4293.085,3,3,4293.085,0.0,0.0,0.0,0.0,85861.7
1688123,IT,HU,BUSIN,WEARI,0.04,4292.926,3,3,4292.926,0.0,0.0,0.0,0.0,107323.15
1733555,IT,SI,RETA1,NONME,0.04,4292.734,3,3,4292.734,0.0,0.0,0.0,0.0,107318.35
1745038,IT,US,PUBLI,BIODI,0.07,4292.636,3,3,4292.636,0.0,0.0,0.0,0.0,61323.371429
1668121,IT,ES,CONST,POSTT,0.02,4292.511,3,3,4292.511,0.0,0.0,0.0,0.0,214625.55
1684727,IT,HU,VEGET,ALUM1,0.02,4292.409,3,3,4292.409,0.0,0.0,0.0,0.0,214620.45
1710284,IT,LT,MOTO1,INERT,0.02,4292.33,3,3,4292.33,0.0,0.0,0.0,0.0,214616.5
1767870,IT,RU,AUXIL,REALE,0.08,4291.936,3,3,4291.936,0.0,0.0,0.0,0.0,53649.2
1802733,IT,WE,RESEA,CHEM1,0.02,4291.913,3,3,4291.913,0.0,0.0,0.0,0.0,214595.65
1714926,IT,NL,BEVER,POSTT,0.02,4291.363,3,3,4291.363,0.0,0.0,0.0,0.0,214568.15
1814396,IT,WM,AUXIL,COMPU,0.08,4291.268,3,3,4291.268,0.0,0.0,0.0,0.0,53640.85
1651540,IT,CY,RUBBE,BRICK,0.01,4291.205,3,3,4291.205,0.0,0.0,0.0,0.0,429120.5
1793290,IT,WA,PRIVA,LEAD1,0.96,4291.165,3,3,4291.165,0.0,0.0,0.0,0.0,4469.963542
1685314,IT,HU,WEARI,GLASS,0.03,4291.136,3,3,4291.136,0.0,0.0,0.0,0.0,143037.866667
1651179,IT,BG,BUSIN,BIODI,0.04,4291.096,3,3,4291.096,0.0,0.0,0.0,0.0,107277.4
1711920,IT,LU,FOOD3,MACHI,0.01,4291.078,3,3,4291.078,0.0,0.0,0.0,0.0,429107.8
1770406,IT,AU,LANDT,COMPU,0.03,4291.006,3,3,4291.006,0.0,0.0,0.0,0.0,143033.533333
1689737,IT,IE,FINAN,DIST1,0.06,4290.913,3,3,4290.913,0.0,0.0,0.0,0.0,71515.216667
1715121,IT,NL,LEATH,POULT,0.03,4290.841,3,3,4290.841,0.0,0.0,0.0,0.0,143028.033333
1733492,IT,SI,WHOLE,MEATP,0.04,4290.805,3,3,4290.805,0.0,0.0,0.0,0.0,107270.125
1735596,IT,SK,COPP1,WOODW,0.01,4290.729,3,3,4290.729,0.0,0.0,0.0,0.0,429072.9
1766072,IT,RU,RUBBE,PIGS9,0.01,4290.284,3,3,4290.284,0.0,0.0,0.0,0.0,429028.4
1783413,IT,NO,INTER,COPP1,0.03,4290.092,3,3,4290.092,0.0,0.0,0.0,0.0,143003.066667
1644522,IT,BE,DAIRY,AUXIL,0.02,4289.493,3,3,4289.493,0.0,0.0,0.0,0.0,214474.65
1649858,IT,BG,COPP1,COPPE,0.01,4289.417,3,3,4289.417,0.0,0.0,0.0,0.0,428941.7
1737272,IT,GB,FOOD5,MOTO1,0.02,4289.396,3,3,4289.396,0.0,0.0,0.0,0.0,214469.8
1730556,IT,SE,AUXIL,BUSIN,0.08,4289.39,3,3,4289.39,0.0,0.0,0.0,0.0,53617.375
1758704,IT,BR,RETAI,SUGA1,0.03,4289.339,3,3,4289.339,0.0,0.0,0.0,0.0,142977.966667
1762323,IT,IN,SUPPO,CRUDE,0.03,4289.286,3,3,4289.286,0.0,0.0,0.0,0.0,142976.2
1785273,IT,ZA,TEXTI,93197,0.03,4288.997,3,3,4288.997,0.0,0.0,0.0,0.0,142966.566667
1813046,IT,WM,OFFIC,KERO1,0.01,4288.939,3,3,4288.939,0.0,0.0,0.0,0.0,428893.9
1797632,IT,WL,FOODW,EDUCA,0.03,4288.801,3,3,4288.801,0.0,0.0,0.0,0.0,142960.033333
1727648,IT,RO,RENTI,LEAD1,0.03,4287.975,3,3,4287.975,0.0,0.0,0.0,0.0,142932.5
1717860,IT,PL,VEGET,BIOGA,0.02,4287.455,3,3,4287.455,0.0,0.0,0.0,0.0,214372.75
1726647,IT,RO,MOTO1,RESEA,0.02,4287.306,3,3,4287.306,0.0,0.0,0.0,0.0,214365.3
1801963,IT,WE,RETAI,CROPS,0.03,4287.247,3,3,4287.247,0.0,0.0,0.0,0.0,142908.233333
1677527,IT,FR,AUXIL,BUSIN,0.08,4287.093,3,3,4287.093,0.0,0.0,0.0,0.0,53588.6625
1716613,IT,NL,SALEM,HOTEL,0.03,4286.978,3,3,4286.978,0.0,0.0,0.0,0.0,142899.266667
1671871,IT,FI,HOTEL,RUBBE,0.03,4286.924,3,3,4286.924,0.0,0.0,0.0,0.0,142897.466667
1653288,IT,CZ,RUBBE,FOODW,0.01,4286.908,3,3,4286.908,0.0,0.0,0.0,0.0,428690.8
1718275,IT,PL,FOOD5,PRINT,0.02,4286.874,3,3,4286.874,0.0,0.0,0.0,0.0,214343.7
1751662,IT,CN,INSUR,CEREA,0.09,4286.74,3,3,4286.74,0.0,0.0,0.0,0.0,47630.444444
1731236,IT,SI,MEATC,RENTI,0.01,4286.595,3,3,4286.595,0.0,0.0,0.0,0.0,428659.5
1736691,IT,SK,AUXIL,FINAN,0.08,4286.301,3,3,4286.301,0.0,0.0,0.0,0.0,53578.7625
1803976,IT,WF,LEATH,TEXTI,0.03,4286.176,3,3,4286.176,0.0,0.0,0.0,0.0,142872.533333
1762100,IT,IN,RETA1,EDUCA,0.04,4285.407,3,3,4285.407,0.0,0.0,0.0,0.0,107135.175
1814503,IT,WM,RESEA,FABRI,0.02,4285.403,3,3,4285.403,0.0,0.0,0.0,0.0,214270.15
1763678,IT,MX,RUBBE,BRICK,0.01,4285.185,3,3,4285.185,0.0,0.0,0.0,0.0,428518.5
1762056,IT,IN,RETA1,FISH5,0.04,4285.032,3,3,4285.032,0.0,0.0,0.0,0.0,107125.8
1718036,IT,PL,CHEMI,RENTI,0.01,4284.899,3,3,4284.899,0.0,0.0,0.0,0.0,428489.9
1796273,IT,WL,CONST,LEAD1,0.02,4284.789,3,3,4284.789,0.0,0.0,0.0,0.0,214239.45
1777338,IT,TR,GLASS,RADIO,0.01,4284.76,3,3,4284.76,0.0,0.0,0.0,0.0,428476.0
1734299,IT,SI,BUSIN,PLAST,0.04,4284.678,3,3,4284.678,0.0,0.0,0.0,0.0,107116.95
1770068,IT,AU,WHOLE,VEGET,0.04,4284.516,3,3,4284.516,0.0,0.0,0.0,0.0,107112.9
1724673,IT,PT,INSUR,FABRI,0.09,4284.283,3,3,4284.283,0.0,0.0,0.0,0.0,47603.144444
1754195,IT,CA,SUPPO,EDUCA,0.03,4283.983,3,3,4283.983,0.0,0.0,0.0,0.0,142799.433333
1716927,IT,NL,RAILW,FOOD5,0.03,4283.937,3,3,4283.937,0.0,0.0,0.0,0.0,142797.9
1648272,IT,BE,BUSIN,WOOD2,0.04,4283.934,3,3,4283.934,0.0,0.0,0.0,0.0,107098.35
1665166,IT,ES,PROCE,DIST1,0.03,4283.909,3,3,4283.909,0.0,0.0,0.0,0.0,142796.966667
1651603,IT,CY,GLASS,93197,0.01,4283.813,3,3,4283.813,0.0,0.0,0.0,0.0,428381.3
1742049,IT,US,RUBBE,COKIN,0.01,4283.708,3,3,4283.708,0.0,0.0,0.0,0.0,428370.8
1731770,IT,SI,PAPER,MEAT4,0.02,4283.636,3,3,4283.636,0.0,0.0,0.0,0.0,214181.8
1763774,IT,MX,GLASS,AIRTR,0.01,4283.546,3,3,4283.546,0.0,0.0,0.0,0.0,428354.6
1672002,IT,FI,LANDT,RECRE,0.03,4283.356,3,3,4283.356,0.0,0.0,0.0,0.0,142778.533333
1714319,IT,MT,EDUCA,SEACO,0.11,4283.33,3,3,4283.33,0.0,0.0,0.0,0.0,38939.363636
1690392,IT,IE,WASTE,FOOD2,0.01,4283.316,3,3,4283.316,0.0,0.0,0.0,0.0,428331.6
1669181,IT,ES,POSTT,MEDIC,0.07,4283.125,3,3,4283.125,0.0,0.0,0.0,0.0,61187.5
1786271,IT,ZA,FABRI,WEARI,0.02,4283.004,3,3,4283.004,0.0,0.0,0.0,0.0,214150.2
1668627,IT,ES,RAILW,BIOGA,0.03,4282.858,3,3,4282.858,0.0,0.0,0.0,0.0,142761.933333
1797735,IT,WL,INTER,MOTOR,0.03,4282.758,3,3,4282.758,0.0,0.0,0.0,0.0,142758.6
1787383,IT,WA,FORES,MEAT4,0.04,4282.404,4,4,4280.404,0.0,2.0,0.0,0.0,107060.1
1801475,IT,WE,MOTO1,NONSP,0.02,4282.397,3,3,4282.397,0.0,0.0,0.0,0.0,214119.85
1797551,IT,WL,BUSIN,93197,0.04,4282.271,3,3,4282.271,0.0,0.0,0.0,0.0,107056.775
1663169,IT,DK,LANDT,LEAD1,0.03,4282.073,3,3,4282.073,0.0,0.0,0.0,0.0,142735.766667
1677085,IT,FR,SUPPO,BIOG1,0.03,4282.031,3,3,4282.031,0.0,0.0,0.0,0.0,142734.366667
1730374,IT,SE,SUPPO,PLAS1,0.03,4281.791,3,3,4281.791,0.0,0.0,0.0,0.0,142726.366667
1722052,IT,PL,BUSIN,MEATA,0.04,4281.61,3,3,4281.61,0.0,0.0,0.0,0.0,107040.25
1644858,IT,BE,WEARI,MACHI,0.03,4281.325,3,3,4281.325,0.0,0.0,0.0,0.0,142710.833333
1684795,IT,HU,FORES,FOOD5,0.04,4281.242,4,4,4279.242,0.0,2.0,0.0,0.0,107031.05
1654709,IT,CZ,LANDT,RENTI,0.03,4280.934,3,3,4280.934,0.0,0.0,0.0,0.0,142697.8
1718200,IT,PL,DAIRY,COMPU,0.02,4280.734,3,3,4280.734,0.0,0.0,0.0,0.0,214036.7
1759936,IT,BR,PLAS1,MOTOR,0.02,4280.716,3,3,4280.716,0.0,0.0,0.0,0.0,214035.8
1678318,IT,FR,WASTE,PRINT,0.01,4280.675,3,3,4280.675,0.0,0.0,0.0,0.0,428067.5
1801403,IT,WE,OFFIC,ELEC1,0.01,4280.654,3,3,4280.654,0.0,0.0,0.0,0.0,428065.4
1806879,IT,WF,HOTEL,FISH5,0.03,4280.567,3,3,4280.567,0.0,0.0,0.0,0.0,142685.566667
1798686,IT,WE,VEGE1,SEACO,0.01,4280.544,3,3,4280.544,0.0,0.0,0.0,0.0,428054.4
1796543,IT,WL,RETA1,SEACO,0.04,4280.416,3,3,4280.416,0.0,0.0,0.0,0.0,107010.4
1779864,IT,TR,PUBLI,COLLE,0.07,4280.368,3,3,4280.368,0.0,0.0,0.0,0.0,61148.114286
1783849,IT,NO,TEXT2,CONST,0.03,4280.032,3,3,4280.032,0.0,0.0,0.0,0.0,142667.733333
1640581,IT,AT,FOOD5,INSUR,0.02,4280.026,3,3,4280.026,0.0,0.0,0.0,0.0,214001.3
1763026,IT,MX,TEXTI,CATTL,0.03,4279.904,3,3,4279.904,0.0,0.0,0.0,0.0,142663.466667
1651836,IT,CY,HOTEL,MEMBE,0.03,4279.527,3,3,4279.527,0.0,0.0,0.0,0.0,142650.9
1778356,IT,TR,RETAI,CERAM,0.03,4279.441,3,3,4279.441,0.0,0.0,0.0,0.0,142648.033333
1717811,IT,NL,FOOD2,PLAS1,0.02,4279.134,3,3,4279.134,0.0,0.0,0.0,0.0,213956.7
1778827,IT,TR,LANDT,SEACO,0.03,4279.059,3,3,4279.059,0.0,0.0,0.0,0.0,142635.3
1802809,IT,WE,PUBLI,TOBAC,0.07,4278.914,3,3,4278.914,0.0,0.0,0.0,0.0,61127.342857
1813536,IT,WM,WHOLE,VEGE1,0.04,4278.909,3,3,4278.909,0.0,0.0,0.0,0.0,106972.725
1740212,IT,GB,BUSIN,NAPHT,0.04,4278.776,3,3,4278.776,0.0,0.0,0.0,0.0,106969.4
1797285,IT,WL,INSUR,WHOLE,0.09,4278.655,3,3,4278.655,0.0,0.0,0.0,0.0,47540.611111
1744380,IT,US,INSUR,COLLE,0.09,4278.503,3,3,4278.503,0.0,0.0,0.0,0.0,47538.922222
1791525,IT,WA,RETA1,LEATH,0.04,4278.292,3,3,4278.292,0.0,0.0,0.0,0.0,106957.3
1777761,IT,TR,FABRI,CROPS,0.02,4278.249,3,3,4278.249,0.0,0.0,0.0,0.0,213912.45
1646794,IT,BE,SALEM,HEAVY,0.03,4278.238,3,3,4278.238,0.0,0.0,0.0,0.0,142607.933333
1761320,IT,IN,GLASS,FISH5,0.01,4278.057,3,3,4278.057,0.0,0.0,0.0,0.0,427805.7
1807751,IT,WF,PUBLI,GASDI,0.07,4278.024,3,3,4278.024,0.0,0.0,0.0,0.0,61114.628571
1665259,IT,ES,BEVER,TEXTI,0.02,4278.011,3,3,4278.011,0.0,0.0,0.0,0.0,213900.55
1760472,IT,IN,TEXTI,GASDI,0.03,4277.851,3,3,4277.851,0.0,0.0,0.0,0.0,142595.033333
1654478,IT,CZ,HOTEL,OILSE,0.03,4277.8,3,3,4277.8,0.0,0.0,0.0,0.0,142593.333333
1749832,IT,CN,RUBBE,NAPHT,0.01,4277.716,3,3,4277.716,0.0,0.0,0.0,0.0,427771.6
1648586,IT,BG,CHEMI,PAPER,0.01,4277.652,3,3,4277.652,0.0,0.0,0.0,0.0,427765.2
1787458,IT,WA,STONE,MEDIC,0.01,4277.241,3,3,4277.241,0.0,0.0,0.0,0.0,427724.1
1791741,IT,WA,RAILW,PLAST,0.03,4277.054,3,3,4277.054,0.0,0.0,0.0,0.0,142568.466667
1666898,IT,ES,GLASS,ELEC5,0.01,4277.019,3,3,4277.019,0.0,0.0,0.0,0.0,427701.9
1721157,IT,PL,RAILW,DIST1,0.03,4276.801,3,3,4276.801,0.0,0.0,0.0,0.0,142560.033333
1645128,IT,BE,PRINT,CROPS,0.04,4276.697,3,3,4276.697,0.0,0.0,0.0,0.0,106917.425
1721581,IT,PL,POSTT,DAIRY,0.07,4275.912,3,3,4275.912,0.0,0.0,0.0,0.0,61084.457143
1775592,IT,CH,RECRE,SECO9,0.05,4275.813,3,3,4275.813,0.0,0.0,0.0,0.0,85516.26
1681260,IT,GR,FINAN,ELEC5,0.06,4275.552,3,3,4275.552,0.0,0.0,0.0,0.0,71259.2
1646730,IT,BE,CONST,PRINT,0.02,4275.389,3,3,4275.389,0.0,0.0,0.0,0.0,213769.45
1806446,IT,WF,TRANS,TOBAC,0.03,4275.189,3,3,4275.189,0.0,0.0,0.0,0.0,142506.3
1724177,IT,PT,HOTEL,LEATH,0.03,4275.137,3,3,4275.137,0.0,0.0,0.0,0.0,142504.566667
1748169,IT,JP,FOODW,MACHI,0.03,4275.103,3,3,4275.103,0.0,0.0,0.0,0.0,142503.433333
1754458,IT,CA,BUSIN,PIGS9,0.04,4275.066,3,3,4275.066,0.0,0.0,0.0,0.0,106876.65
1712149,IT,LV,WEARI,EDUCA,0.03,4274.794,3,3,4274.794,0.0,0.0,0.0,0.0,142493.133333
1665136,IT,ES,DAIRY,MACHI,0.02,4274.506,3,3,4274.506,0.0,0.0,0.0,0.0,213725.3
1769577,IT,AU,COPP1,OFFIC,0.01,4274.295,3,3,4274.295,0.0,0.0,0.0,0.0,427429.5
1814665,IT,WM,PLAS1,MEAT1,0.02,4273.969,3,3,4273.969,0.0,0.0,0.0,0.0,213698.45
1728382,IT,SE,TEXTI,RETA1,0.03,4273.876,3,3,4273.876,0.0,0.0,0.0,0.0,142462.533333
1721477,IT,PL,SUPPO,WHEAT,0.03,4273.826,3,3,4273.826,0.0,0.0,0.0,0.0,142460.866667
1771503,IT,CH,FISH5,CATTL,0.02,4273.692,4,4,4273.69,0.0,0.0,0.0,0.002,213684.6
1662631,IT,DK,MACHI,SANDC,0.02,4273.69,3,3,4273.69,0.0,0.0,0.0,0.0,213684.5
1806077,IT,WF,FABRI,OILSE,0.02,4273.424,3,3,4273.424,0.0,0.0,0.0,0.0,213671.2
1768445,IT,AU,DAIRY,FURNI,0.02,4273.025,3,3,4273.025,0.0,0.0,0.0,0.0,213651.25
1797660,IT,WL,PAPE1,SALEM,0.03,4272.629,3,3,4272.629,0.0,0.0,0.0,0.0,142420.966667
1688356,IT,IE,PROCE,STONE,0.03,4272.42,3,3,4272.42,0.0,0.0,0.0,0.0,142414.0
1711820,IT,LU,HEALT,COMPU,0.02,4272.401,3,3,4272.401,0.0,0.0,0.0,0.0,213620.05
1730168,IT,SE,LANDT,HEAVY,0.03,4272.27,3,3,4272.27,0.0,0.0,0.0,0.0,142409.0
1762347,IT,IN,SUPPO,HOTEL,0.03,4272.267,3,3,4272.267,0.0,0.0,0.0,0.0,142408.9
1733520,IT,SI,WHOLE,RETA1,0.04,4272.163,3,3,4272.163,0.0,0.0,0.0,0.0,106804.075
1664330,IT,EE,FABRI,PULP5,0.02,4272.125,3,3,4272.125,0.0,0.0,0.0,0.0,213606.25
1660231,IT,DE,POSTT,WEARI,0.07,4271.861,3,3,4271.861,0.0,0.0,0.0,0.0,61026.585714
1656526,IT,DE,PAPER,ELEC6,0.02,4271.694,3,3,4271.694,0.0,0.0,0.0,0.0,213584.7
1664333,IT,EE,FABRI,HEAVY,0.02,4271.404,3,3,4271.404,0.0,0.0,0.0,0.0,213570.2
1688589,IT,IE,PRINT,INSUR,0.04,4271.364,3,3,4271.364,0.0,0.0,0.0,0.0,106784.1
1766929,IT,RU,MOTO1,COKIN,0.02,4271.284,3,3,4271.284,0.0,0.0,0.0,0.0,213564.2
1775949,IT,TR,FOOD5,REALE,0.02,4271.1,3,3,4271.1,0.0,0.0,0.0,0.0,213555.0
1714271,IT,MT,BUSIN,OFFIC,0.04,4270.109,3,3,4270.109,0.0,0.0,0.0,0.0,106752.725
1782634,IT,NO,SALEM,PRINT,0.03,4269.973,3,3,4269.973,0.0,0.0,0.0,0.0,142332.433333
1731234,IT,SI,MEATC,SUPPO,0.01,4269.634,3,3,4269.634,0.0,0.0,0.0,0.0,426963.4
1668030,IT,ES,FURNI,CEMEN,0.01,4269.601,3,3,4269.601,0.0,0.0,0.0,0.0,426960.1
1651550,IT,CY,RUBBE,DISTR,0.01,4269.552,3,3,4269.552,0.0,0.0,0.0,0.0,426955.2
1797376,IT,WL,RENTI,RUBBE,0.03,4269.467,3,3,4269.467,0.0,0.0,0.0,0.0,142315.566667
1750870,IT,CN,FURNI,TRAN2,0.01,4269.351,3,3,4269.351,0.0,0.0,0.0,0.0,426935.1
1795154,IT,WL,RUBBE,ELEC3,0.01,4269.29,3,3,4269.29,0.0,0.0,0.0,0.0,426929.0
1688022,IT,HU,RENTI,WASTE,0.03,4268.814,3,3,4268.814,0.0,0.0,0.0,0.0,142293.8
1730375,IT,SE,SUPPO,INTER,0.03,4268.332,3,3,4268.332,0.0,0.0,0.0,0.0,142277.733333
1652357,IT,CZ,FISH5,BRICK,0.02,4268.323,4,4,4268.321,0.0,0.0,0.0,0.002,213416.15
1675995,IT,FR,ELEC5,PLAST,0.05,4268.106,3,3,4268.106,0.0,0.0,0.0,0.0,85362.12
1751829,IT,CN,RENTI,PAPER,0.03,4267.414,3,3,4267.414,0.0,0.0,0.0,0.0,142247.133333
1734666,IT,SK,WEARI,CONST,0.03,4267.195,3,3,4267.195,0.0,0.0,0.0,0.0,142239.833333
1743024,IT,US,OFFIC,ELEC5,0.01,4267.16,3,3,4267.16,0.0,0.0,0.0,0.0,426716.0
1678042,IT,FR,EDUCA,SEACO,0.11,4267.12,3,3,4267.12,0.0,0.0,0.0,0.0,38792.0
1757399,IT,BR,WOODW,MEAT1,0.01,4266.62,3,3,4266.62,0.0,0.0,0.0,0.0,426662.0
1727658,IT,RO,RENTI,TRAN1,0.03,4266.583,3,3,4266.583,0.0,0.0,0.0,0.0,142219.433333
1798731,IT,WE,PROCE,MEATP,0.03,4266.533,3,3,4266.533,0.0,0.0,0.0,0.0,142217.766667
1797891,IT,WL,WASTE,TEXTI,0.01,4266.34,3,3,4266.34,0.0,0.0,0.0,0.0,426634.0
1734825,IT,SK,PAPER,OILSE,0.02,4266.283,3,3,4266.283,0.0,0.0,0.0,0.0,213314.15
1770782,IT,AU,COMPU,CHEM1,0.05,4265.989,3,3,4265.989,0.0,0.0,0.0,0.0,85319.78
1735886,IT,SK,OFFIC,ELECT,0.01,4265.872,3,3,4265.872,0.0,0.0,0.0,0.0,426587.2
1754707,IT,KR,VEGE1,OFFIC,0.01,4265.857,3,3,4265.857,0.0,0.0,0.0,0.0,426585.7
1747274,IT,JP,WHOLE,BITU1,0.04,4265.71,3,3,4265.71,0.0,0.0,0.0,0.0,106642.75
1770694,IT,AU,INSUR,RETA1,0.09,4265.483,3,3,4265.483,0.0,0.0,0.0,0.0,47394.255556
1709626,IT,LT,PAPER,FOOD2,0.02,4265.227,3,3,4265.227,0.0,0.0,0.0,0.0,213261.35
1751172,IT,CN,HOTEL,MEAT1,0.03,4265.162,3,3,4265.162,0.0,0.0,0.0,0.0,142172.066667
1796289,IT,WL,CONST,TRAN2,0.02,4265.114,3,3,4265.114,0.0,0.0,0.0,0.0,213255.7
1782423,IT,NO,MACHI,RAWMI,0.02,4265.052,3,3,4265.052,0.0,0.0,0.0,0.0,213252.6
1688464,IT,IE,WEARI,CHEM1,0.03,4264.994,3,3,4264.994,0.0,0.0,0.0,0.0,142166.466667
1718371,IT,PL,BEVER,BITU1,0.02,4264.879,3,3,4264.879,0.0,0.0,0.0,0.0,213243.95
1709327,IT,LT,VEGE1,MEATP,0.01,4264.775,3,3,4264.775,0.0,0.0,0.0,0.0,426477.5
1659179,IT,DE,CONST,FURNI,0.02,4264.461,3,3,4264.461,0.0,0.0,0.0,0.0,213223.05
1720318,IT,PL,FABRI,SECO9,0.02,4264.402,3,3,4264.402,0.0,0.0,0.0,0.0,213220.1
1672732,IT,FR,CHEMI,CEMEN,0.01,4264.342,3,3,4264.342,0.0,0.0,0.0,0.0,426434.2
1778026,IT,TR,OFFIC,HEAVY,0.01,4263.513,3,3,4263.513,0.0,0.0,0.0,0.0,426351.3
1781186,IT,NO,VEGET,VEGET,0.02,4263.506,3,3,4263.506,0.0,0.0,0.0,0.0,213175.3
1740980,IT,US,BEVER,ELEC1,0.02,4263.268,3,3,4263.268,0.0,0.0,0.0,0.0,213163.4
1676144,IT,FR,CONST,SUGAR,0.02,4263.139,3,3,4263.139,0.0,0.0,0.0,0.0,213156.95
1807882,IT,WF,PAPE1,AIRTR,0.03,4262.856,3,3,4262.856,0.0,0.0,0.0,0.0,142095.2
1668022,IT,ES,FURNI,GASDI,0.01,4262.836,3,3,4262.836,0.0,0.0,0.0,0.0,426283.6
1800611,IT,WE,GLASS,OFFIC,0.01,4262.789,3,3,4262.789,0.0,0.0,0.0,0.0,426278.9
1813628,IT,WM,RETA1,COPPE,0.04,4262.741,3,3,4262.741,0.0,0.0,0.0,0.0,106568.525
1767825,IT,RU,AUXIL,FOOD5,0.08,4262.7,3,3,4262.7,0.0,0.0,0.0,0.0,53283.75
1772508,IT,CH,RUBBE,MEAT4,0.01,4262.284,3,3,4262.284,0.0,0.0,0.0,0.0,426228.4
1808456,IT,WF,FOOD4,MOTOR,0.03,4262.147,3,3,4262.147,0.0,0.0,0.0,0.0,142071.566667
1803562,IT,WF,DAIRY,CHEM1,0.02,4261.918,3,3,4261.918,0.0,0.0,0.0,0.0,213095.9
1728434,IT,SE,WEARI,SEACO,0.03,4261.879,3,3,4261.879,0.0,0.0,0.0,0.0,142062.633333
1653709,IT,CZ,COPP1,CRUDE,0.01,4261.782,3,3,4261.782,0.0,0.0,0.0,0.0,426178.2
1759549,IT,BR,COMPU,TOBAC,0.05,4261.774,3,3,4261.774,0.0,0.0,0.0,0.0,85235.48
1759249,IT,BR,POSTT,COKEO,0.07,4261.656,3,3,4261.656,0.0,0.0,0.0,0.0,60880.8
1664732,IT,EE,SUPPO,REALE,0.03,4261.526,3,3,4261.526,0.0,0.0,0.0,0.0,142050.866667
1655216,IT,CZ,BUSIN,93197,0.04,4261.424,3,3,4261.424,0.0,0.0,0.0,0.0,106535.6
1767905,IT,RU,REALE,PUBLI,0.18,4261.277,3,3,4261.277,0.0,0.0,0.0,0.0,23673.761111
1809632,IT,WM,DAIRY,KERO1,0.02,4261.224,3,3,4261.224,0.0,0.0,0.0,0.0,213061.2
1664811,IT,ES,VEGET,RENTI,0.02,4261.084,3,3,4261.084,0.0,0.0,0.0,0.0,213054.2
1780214,IT,TW,RAILW,ALUM1,0.03,4261.078,3,3,4261.078,0.0,0.0,0.0,0.0,142035.933333
1685567,IT,HU,PAPER,FOOD3,0.02,4261.069,3,3,4261.069,0.0,0.0,0.0,0.0,213053.45
1745097,IT,US,PUBLI,INTER,0.07,4261.015,3,3,4261.015,0.0,0.0,0.0,0.0,60871.642857
1725319,IT,RO,BEVER,RENTI,0.02,4260.95,3,3,4260.95,0.0,0.0,0.0,0.0,213047.5
1739052,IT,GB,RETAI,TRAN1,0.03,4260.915,3,3,4260.915,0.0,0.0,0.0,0.0,142030.5
1805449,IT,WF,GLASS,LEATH,0.01,4260.896,3,3,4260.896,0.0,0.0,0.0,0.0,426089.6
1669552,IT,ES,REALE,FABRI,0.18,4260.788,3,3,4260.788,0.0,0.0,0.0,0.0,23671.044444
1686894,IT,HU,MACHI,NATU1,0.02,4260.751,3,3,4260.751,0.0,0.0,0.0,0.0,213037.55
1666865,IT,ES,GLASS,NAPHT,0.01,4260.608,3,3,4260.608,0.0,0.0,0.0,0.0,426060.8
1664739,IT,EE,POSTT,HEAVY,0.07,4260.27,3,3,4260.27,0.0,0.0,0.0,0.0,60861.0
1737101,IT,GB,MEATC,RECRE,0.01,4260.161,3,3,4260.161,0.0,0.0,0.0,0.0,426016.1
1764541,IT,MX,SALEM,TRANS,0.03,4260.019,3,3,4260.019,0.0,0.0,0.0,0.0,142000.633333
1806676,IT,WF,WHOLE,FISHF,0.04,4259.371,3,3,4259.371,0.0,0.0,0.0,0.0,106484.275
1725596,IT,RO,WOODW,FOUND,0.01,4259.193,3,3,4259.193,0.0,0.0,0.0,0.0,425919.3
1686103,IT,HU,RUBBE,RADIO,0.01,4259.186,3,3,4259.186,0.0,0.0,0.0,0.0,425918.6
1671921,IT,FI,RAILW,BUSIN,0.03,4259.137,3,3,4259.137,0.0,0.0,0.0,0.0,141971.233333
1792740,IT,WA,BUSIN,NFERT,0.04,4259.058,3,3,4259.058,0.0,0.0,0.0,0.0,106476.45
1664358,IT,EE,FABRI,RETAI,0.02,4258.791,3,3,4258.791,0.0,0.0,0.0,0.0,212939.55
1737547,IT,GB,PULP5,BITUM,0.01,4258.551,3,3,4258.551,0.0,0.0,0.0,0.0,425855.1
1745654,IT,JP,TEXTI,OFFIC,0.03,4258.544,3,3,4258.544,0.0,0.0,0.0,0.0,141951.466667
1661011,IT,DE,BUSIN,INLAN,0.04,4258.447,3,3,4258.447,0.0,0.0,0.0,0.0,106461.175
1663594,IT,DK,BUSIN,MEATC,0.04,4258.269,3,3,4258.269,0.0,0.0,0.0,0.0,106456.725
1780143,IT,TW,HOTEL,PFERT,0.03,4258.178,3,3,4258.178,0.0,0.0,0.0,0.0,141939.266667
1729987,IT,SE,SALEM,DAIRY,0.03,4257.858,3,3,4257.858,0.0,0.0,0.0,0.0,141928.6
1744160,IT,US,SUPPO,PAPE1,0.03,4257.693,3,3,4257.693,0.0,0.0,0.0,0.0,141923.1
1656252,IT,DE,WEARI,MEDIC,0.03,4257.682,3,3,4257.682,0.0,0.0,0.0,0.0,141922.733333
1740098,IT,GB,COMPU,FISH5,0.05,4257.562,3,3,4257.562,0.0,0.0,0.0,0.0,85151.24
1808512,IT,WF,FOOD4,PRIVA,0.03,4257.472,3,3,4257.472,0.0,0.0,0.0,0.0,141915.733333
1774959,IT,CH,AUXIL,DAIRY,0.08,4257.223,3,3,4257.223,0.0,0.0,0.0,0.0,53215.2875
1722658,IT,PT,WEARI,WOODW,0.03,4256.852,3,3,4256.852,0.0,0.0,0.0,0.0,141895.066667
1671655,IT,FI,CONST,CHEM1,0.02,4256.757,3,3,4256.757,0.0,0.0,0.0,0.0,212837.85
1814182,IT,WM,SUPPO,KERO1,0.03,4256.436,3,3,4256.436,0.0,0.0,0.0,0.0,141881.2
1684335,IT,HR,SUPPO,MOTO1,0.03,4256.157,3,3,4256.157,0.0,0.0,0.0,0.0,141871.9
1643001,IT,AT,CONST,PAPER,0.02,4255.928,3,3,4255.928,0.0,0.0,0.0,0.0,212796.4
1664371,IT,EE,FABRI,RESEA,0.02,4255.926,3,3,4255.926,0.0,0.0,0.0,0.0,212796.3
1798069,IT,WL,RECRE,PREC1,0.05,4255.8,3,3,4255.8,0.0,0.0,0.0,0.0,85116.0
1778495,IT,TR,RETA1,PLANT,0.04,4255.413,3,3,4255.413,0.0,0.0,0.0,0.0,106385.325
1783507,IT,NO,OILHA,NONME,0.02,4254.971,3,3,4254.971,0.0,0.0,0.0,0.0,212748.55
1689391,IT,IE,RETA1,FOOD4,0.04,4254.83,3,3,4254.83,0.0,0.0,0.0,0.0,106370.75
1809967,IT,WM,FISH5,CONST,0.02,4254.781,4,4,4254.779,0.0,0.0,0.0,0.002,212739.05
1667500,IT,ES,FABRI,KERO1,0.02,4254.693,3,3,4254.693,0.0,0.0,0.0,0.0,212734.65
1686727,IT,HU,COPP1,STEAM,0.01,4254.692,3,3,4254.692,0.0,0.0,0.0,0.0,425469.2
1767699,IT,RU,FINAN,TOBAC,0.06,4254.609,3,3,4254.609,0.0,0.0,0.0,0.0,70910.15
1681506,IT,GR,BUSIN,SUGA1,0.04,4254.595,3,3,4254.595,0.0,0.0,0.0,0.0,106364.875
1806399,IT,WF,MOTO1,RAILW,0.02,4254.576,3,3,4254.576,0.0,0.0,0.0,0.0,212728.8
1736250,IT,SK,RETA1,MEMBE,0.04,4254.236,3,3,4254.236,0.0,0.0,0.0,0.0,106355.9
1727649,IT,RO,RENTI,COPP1,0.03,4254.175,3,3,4254.175,0.0,0.0,0.0,0.0,141805.833333
1731518,IT,SI,FISH5,FURNI,0.02,4254.07,4,4,4254.068,0.0,0.0,0.0,0.002,212703.5
1797038,IT,WL,SUPPO,PRINT,0.03,4254.052,3,3,4254.052,0.0,0.0,0.0,0.0,141801.733333
1660261,IT,DE,POSTT,ELECT,0.07,4253.873,3,3,4253.873,0.0,0.0,0.0,0.0,60769.614286
1642650,IT,AT,FABRI,ELEC8,0.02,4253.817,3,3,4253.817,0.0,0.0,0.0,0.0,212690.85
1750712,IT,CN,MOTO1,INLAN,0.02,4253.399,3,3,4253.399,0.0,0.0,0.0,0.0,212669.95
1774465,IT,CH,LANDT,LEATH,0.03,4253.358,3,3,4253.358,0.0,0.0,0.0,0.0,141778.6
1767849,IT,RU,AUXIL,TRANS,0.08,4253.342,3,3,4253.342,0.0,0.0,0.0,0.0,53166.775
1768404,IT,AU,VEGE1,HEAVY,0.01,4252.986,3,3,4252.986,0.0,0.0,0.0,0.0,425298.6
1736985,IT,GB,MEATA,HOTEL,0.02,4252.941,3,3,4252.941,0.0,0.0,0.0,0.0,212647.05
1787870,IT,WA,FOOD5,93197,0.02,4252.869,3,3,4252.869,0.0,0.0,0.0,0.0,212643.45
1809812,IT,WM,FOOD5,TRANS,0.02,4252.833,3,3,4252.833,0.0,0.0,0.0,0.0,212641.65
1759907,IT,BR,PAPE1,REALE,0.03,4252.631,3,3,4252.631,0.0,0.0,0.0,0.0,141754.366667
1652829,IT,CZ,PRINT,ELEC1,0.04,4252.623,3,3,4252.623,0.0,0.0,0.0,0.0,106315.575
1769887,IT,AU,MOTO1,RAWMI,0.02,4252.562,3,3,4252.562,0.0,0.0,0.0,0.0,212628.1
1710854,IT,LU,PRINT,PRINT,0.04,4252.56,3,3,4252.56,0.0,0.0,0.0,0.0,106314.0
1684102,IT,HR,HOTEL,INTER,0.03,4252.443,3,3,4252.443,0.0,0.0,0.0,0.0,141748.1
1675576,IT,FR,MOTO1,NFERT,0.02,4252.384,3,3,4252.384,0.0,0.0,0.0,0.0,212619.2
1711720,IT,LU,BUSIN,MEDIC,0.04,4251.847,3,3,4251.847,0.0,0.0,0.0,0.0,106296.175
1727709,IT,RO,COMPU,MACHI,0.05,4251.609,3,3,4251.609,0.0,0.0,0.0,0.0,85032.18
1804013,IT,WF,WOODW,CRUDE,0.01,4251.53,3,3,4251.53,0.0,0.0,0.0,0.0,425153.0
1715232,IT,NL,WOODW,INTER,0.01,4251.379,3,3,4251.379,0.0,0.0,0.0,0.0,425137.9
1802731,IT,WE,RESEA,PLAST,0.02,4251.134,3,3,4251.134,0.0,0.0,0.0,0.0,212556.7
1757978,IT,BR,RUBBE,SANDC,0.01,4250.741,3,3,4250.741,0.0,0.0,0.0,0.0,425074.1
1647601,IT,BE,POSTT,MOTO1,0.07,4250.658,3,3,4250.658,0.0,0.0,0.0,0.0,60723.685714
1808334,IT,WF,FOOD3,MEAT4,0.01,4250.611,3,3,4250.611,0.0,0.0,0.0,0.0,425061.1
1745451,IT,JP,DAIRY,FOODW,0.02,4250.466,3,3,4250.466,0.0,0.0,0.0,0.0,212523.3
1798901,IT,WE,BEVER,RESEA,0.02,4249.97,3,3,4249.97,0.0,0.0,0.0,0.0,212498.5
1684948,IT,HU,MEATP,RETA1,0.02,4249.746,3,3,4249.746,0.0,0.0,0.0,0.0,212487.3
1685161,IT,HU,BEVER,SUGA1,0.02,4249.484,3,3,4249.484,0.0,0.0,0.0,0.0,212474.2
1797092,IT,WL,POSTT,FORES,0.07,4249.287,3,3,4249.287,0.0,0.0,0.0,0.0,60704.1
1642619,IT,AT,FABRI,PFERT,0.02,4249.163,3,3,4249.163,0.0,0.0,0.0,0.0,212458.15
1808645,IT,WF,INERT,RAWMI,0.03,4249.004,3,3,4249.004,0.0,0.0,0.0,0.0,141633.466667
1681845,IT,HR,VEGE1,HEAVY,0.01,4248.599,3,3,4248.599,0.0,0.0,0.0,0.0,424859.9
1740662,IT,US,STONE,VEGET,0.01,4248.56,3,3,4248.56,0.0,0.0,0.0,0.0,424856.0
1783014,IT,NO,POSTT,HEALT,0.07,4248.487,3,3,4248.487,0.0,0.0,0.0,0.0,60692.671429
1715380,IT,NL,PRINT,RAILW,0.04,4248.344,3,3,4248.344,0.0,0.0,0.0,0.0,106208.6
1644869,IT,BE,WEARI,RESEA,0.03,4248.291,3,3,4248.291,0.0,0.0,0.0,0.0,141609.7
1808340,IT,WF,FOOD3,LEAD1,0.01,4247.693,3,3,4247.693,0.0,0.0,0.0,0.0,424769.3
1640723,IT,AT,TEXTI,FISH5,0.03,4247.499,3,3,4247.499,0.0,0.0,0.0,0.0,141583.3
1801903,IT,WE,CONST,AIRTR,0.02,4247.469,3,3,4247.469,0.0,0.0,0.0,0.0,212373.45
1647687,IT,BE,INSUR,VEGET,0.09,4247.318,3,3,4247.318,0.0,0.0,0.0,0.0,47192.422222
1644448,IT,BE,VEGE1,TOBAC,0.01,4246.995,3,3,4246.995,0.0,0.0,0.0,0.0,424699.5
1651113,IT,BG,COMPU,MOTO1,0.05,4246.363,3,3,4246.363,0.0,0.0,0.0,0.0,84927.26
1767344,IT,RU,RAILW,OFFIC,0.03,4246.308,3,3,4246.308,0.0,0.0,0.0,0.0,141543.6
1720184,IT,PL,COPP1,SECO9,0.01,4246.307,3,3,4246.307,0.0,0.0,0.0,0.0,424630.7
1747801,IT,JP,AUXIL,RESEA,0.08,4246.283,3,3,4246.283,0.0,0.0,0.0,0.0,53078.5375
1779860,IT,TR,PUBLI,ELEC5,0.07,4246.138,3,3,4246.138,0.0,0.0,0.0,0.0,60659.114286
1784548,IT,ID,MACHI,CEREA,0.02,4245.473,3,3,4245.473,0.0,0.0,0.0,0.0,212273.65
1712782,IT,LV,LANDT,BUSIN,0.03,4245.397,3,3,4245.397,0.0,0.0,0.0,0.0,141513.233333
1793980,IT,WL,WOODW,NFERT,0.01,4245.038,3,3,4245.038,0.0,0.0,0.0,0.0,424503.8
1757515,IT,BR,PRINT,MEDIC,0.04,4244.754,3,3,4244.754,0.0,0.0,0.0,0.0,106118.85
1765412,IT,RU,TEXTI,MEATP,0.03,4244.666,3,3,4244.666,0.0,0.0,0.0,0.0,141488.866667
1678111,IT,FR,PAPE1,COLLE,0.03,4244.481,3,3,4244.481,0.0,0.0,0.0,0.0,141482.7
1678467,IT,FR,RECRE,MOTO1,0.05,4244.249,3,3,4244.249,0.0,0.0,0.0,0.0,84884.98
1720668,IT,PL,MOTO1,STEAM,0.02,4244.205,3,3,4244.205,0.0,0.0,0.0,0.0,212210.25
1802560,IT,WE,FINAN,ALUM1,0.06,4243.875,3,3,4243.875,0.0,0.0,0.0,0.0,70731.25
1717731,IT,NL,BUSIN,FOOD1,0.04,4243.606,3,3,4243.606,0.0,0.0,0.0,0.0,106090.15
1748897,IT,CN,WEARI,NONSP,0.03,4243.346,3,3,4243.346,0.0,0.0,0.0,0.0,141444.866667
1799328,IT,WE,WOODW,LIQUE,0.01,4243.34,3,3,4243.34,0.0,0.0,0.0,0.0,424334.0
1651347,IT,CY,PAPER,FISHF,0.02,4243.217,3,3,4243.217,0.0,0.0,0.0,0.0,212160.85
1788359,IT,WA,WOODW,SUGAR,0.01,4242.984,3,3,4242.984,0.0,0.0,0.0,0.0,424298.4
1756893,IT,KR,POSTT,93197,0.07,4242.605,3,3,4242.605,0.0,0.0,0.0,0.0,60608.642857
1652295,IT,CZ,BEVER,KEROS,0.02,4242.344,3,3,4242.344,0.0,0.0,0.0,0.0,212117.2
1738116,IT,GB,GLASS,STONE,0.01,4242.319,3,3,4242.319,0.0,0.0,0.0,0.0,424231.9
1718717,IT,PL,PULP5,DAIRY,0.01,4242.151,3,3,4242.151,0.0,0.0,0.0,0.0,424215.1
1797989,IT,WL,PAPE4,RESEA,0.03,4242.097,3,3,4242.097,0.0,0.0,0.0,0.0,141403.233333
1767457,IT,RU,LANDT,FOOD4,0.03,4241.931,3,3,4241.931,0.0,0.0,0.0,0.0,141397.7
1808271,IT,WF,FOOD2,PRINT,0.02,4241.746,3,3,4241.746,0.0,0.0,0.0,0.0,212087.3
1730855,IT,SE,PUBLI,LANDT,0.07,4241.735,3,3,4241.735,0.0,0.0,0.0,0.0,60596.214286
1788407,IT,WA,WOODW,AUXIL,0.01,4241.61,3,3,4241.61,0.0,0.0,0.0,0.0,424161.0
1767036,IT,RU,TRANS,EDUCA,0.03,4241.577,3,3,4241.577,0.0,0.0,0.0,0.0,141385.9
1654721,IT,CZ,LANDT,PAPE4,0.03,4241.452,3,3,4241.452,0.0,0.0,0.0,0.0,141381.733333
1677755,IT,FR,COMPU,WEARI,0.05,4241.432,3,3,4241.432,0.0,0.0,0.0,0.0,84828.64
1683901,IT,HR,FURNI,BEVER,0.01,4241.415,3,3,4241.415,0.0,0.0,0.0,0.0,424141.5
1780483,IT,TW,POSTT,LUBRI,0.07,4241.398,3,3,4241.398,0.0,0.0,0.0,0.0,60591.4
1726084,IT,RO,RUBBE,HEAVY,0.01,4241.162,3,3,4241.162,0.0,0.0,0.0,0.0,424116.2
1665134,IT,ES,DAIRY,GASDI,0.02,4240.992,3,3,4240.992,0.0,0.0,0.0,0.0,212049.6
1736529,IT,SK,SUPPO,FOOD5,0.03,4240.688,3,3,4240.688,0.0,0.0,0.0,0.0,141356.266667
1758361,IT,BR,FABRI,FISHF,0.02,4240.686,3,3,4240.686,0.0,0.0,0.0,0.0,212034.3
1774995,IT,CH,AUXIL,MEMBE,0.08,4240.508,3,3,4240.508,0.0,0.0,0.0,0.0,53006.35
1665698,IT,ES,PAPER,POULT,0.02,4240.498,3,3,4240.498,0.0,0.0,0.0,0.0,212024.9
1750651,IT,CN,MOTO1,MEATP,0.02,4240.434,3,3,4240.434,0.0,0.0,0.0,0.0,212021.7
1755652,IT,KR,RUBBE,NFERT,0.01,4240.357,3,3,4240.357,0.0,0.0,0.0,0.0,424035.7
1760115,IT,BR,FOOD2,HOTEL,0.02,4240.356,3,3,4240.356,0.0,0.0,0.0,0.0,212017.8
1775473,IT,CH,PLAS1,RETA1,0.02,4240.353,3,3,4240.353,0.0,0.0,0.0,0.0,212017.65
1781367,IT,NO,DAIRY,SALEM,0.02,4240.278,3,3,4240.278,0.0,0.0,0.0,0.0,212013.9
1677877,IT,FR,BUSIN,WHITE,0.04,4240.276,3,3,4240.276,0.0,0.0,0.0,0.0,106006.9
1673390,IT,FR,WEARI,MEATA,0.03,4239.479,3,3,4239.479,0.0,0.0,0.0,0.0,141315.966667
1806334,IT,WF,OFFIC,RESEA,0.01,4239.26,3,3,4239.26,0.0,0.0,0.0,0.0,423926.0
1802743,IT,WE,RESEA,ELEC3,0.02,4239.106,3,3,4239.106,0.0,0.0,0.0,0.0,211955.3
1781287,IT,NO,MEAT4,OFFIC,0.02,4239.044,3,3,4239.044,0.0,0.0,0.0,0.0,211952.2
1690353,IT,IE,FOOD3,RESEA,0.01,4238.626,3,3,4238.626,0.0,0.0,0.0,0.0,423862.6
1767732,IT,RU,FINAN,AIRTR,0.06,4238.44,3,3,4238.44,0.0,0.0,0.0,0.0,70640.666667
1715126,IT,NL,LEATH,TOBAC,0.03,4238.178,3,3,4238.178,0.0,0.0,0.0,0.0,141272.6
1724003,IT,PT,RETAI,FOOD5,0.03,4237.891,3,3,4237.891,0.0,0.0,0.0,0.0,141263.033333
1646663,IT,BE,FURNI,HEAVY,0.01,4237.883,3,3,4237.883,0.0,0.0,0.0,0.0,423788.3
1725590,IT,RO,WOODW,NONME,0.01,4237.853,3,3,4237.853,0.0,0.0,0.0,0.0,423785.3
1733709,IT,SI,RAILW,POSTT,0.03,4237.791,3,3,4237.791,0.0,0.0,0.0,0.0,141259.7
1669666,IT,ES,COMPU,KERO1,0.05,4237.688,3,3,4237.688,0.0,0.0,0.0,0.0,84753.76
1727085,IT,RO,LANDT,CATTL,0.03,4237.504,3,3,4237.504,0.0,0.0,0.0,0.0,141250.133333
1743470,IT,US,WHOLE,MEDIC,0.04,4237.461,3,3,4237.461,0.0,0.0,0.0,0.0,105936.525
1651345,IT,CY,WOODW,HEALT,0.01,4237.117,3,3,4237.117,0.0,0.0,0.0,0.0,423711.7
1686755,IT,HU,COPP1,TEXT2,0.01,4237.009,3,3,4237.009,0.0,0.0,0.0,0.0,423700.9
1802561,IT,WE,FINAN,FABRI,0.06,4236.894,3,3,4236.894,0.0,0.0,0.0,0.0,70614.9
1668306,IT,ES,WHOLE,MOTO1,0.04,4236.889,3,3,4236.889,0.0,0.0,0.0,0.0,105922.225
1661426,IT,DK,VEGE1,RECRE,0.01,4236.794,3,3,4236.794,0.0,0.0,0.0,0.0,423679.4
1813622,IT,WM,RETA1,MEATA,0.04,4236.687,3,3,4236.687,0.0,0.0,0.0,0.0,105917.175
1678374,IT,FR,PAPE4,BEVER,0.03,4236.546,3,3,4236.546,0.0,0.0,0.0,0.0,141218.2
1665144,IT,ES,DAIRY,LANDT,0.02,4236.24,3,3,4236.24,0.0,0.0,0.0,0.0,211812.0
1678358,IT,FR,FOOD4,RENTI,0.03,4236.204,3,3,4236.204,0.0,0.0,0.0,0.0,141206.8
1718635,IT,PL,LEATH,FINAN,0.03,4236.178,3,3,4236.178,0.0,0.0,0.0,0.0,141205.933333
1745942,IT,JP,WOODW,GASDI,0.01,4235.978,3,3,4235.978,0.0,0.0,0.0,0.0,423597.8
1754668,IT,KR,CHEMI,RETA1,0.01,4235.93,3,3,4235.93,0.0,0.0,0.0,0.0,423593.0
1753399,IT,CA,COPP1,MEDIC,0.01,4235.621,3,3,4235.621,0.0,0.0,0.0,0.0,423562.1
1709548,IT,LT,WOODW,MACHI,0.01,4235.616,3,3,4235.616,0.0,0.0,0.0,0.0,423561.6
1678177,IT,FR,INTER,SUPPO,0.03,4235.386,3,3,4235.386,0.0,0.0,0.0,0.0,141179.533333
1801636,IT,WE,FURNI,PEAT2,0.01,4235.261,3,3,4235.261,0.0,0.0,0.0,0.0,423526.1
1784807,IT,ID,HOTEL,FURNI,0.03,4235.127,3,3,4235.127,0.0,0.0,0.0,0.0,141170.9
1721874,IT,PL,REALE,RECRE,0.18,4235.033,3,3,4235.033,0.0,0.0,0.0,0.0,23527.961111
1769624,IT,AU,FABRI,PULP5,0.02,4234.986,3,3,4234.986,0.0,0.0,0.0,0.0,211749.3
1663370,IT,DK,SUPPO,PRIVA,0.03,4234.774,3,3,4234.774,0.0,0.0,0.0,0.0,141159.133333
1679535,IT,GR,RUBBE,POULT,0.01,4234.348,3,3,4234.348,0.0,0.0,0.0,0.0,423434.8
1656085,IT,DE,BEVER,TRAN1,0.02,4234.108,3,3,4234.108,0.0,0.0,0.0,0.0,211705.4
1711760,IT,LU,BUSIN,FOOD3,0.04,4233.91,3,3,4233.91,0.0,0.0,0.0,0.0,105847.75
1742125,IT,US,RUBBE,RAILW,0.01,4233.884,3,3,4233.884,0.0,0.0,0.0,0.0,423388.4
1655779,IT,DE,MEAT1,EDUCA,0.02,4233.707,3,3,4233.707,0.0,0.0,0.0,0.0,211685.35
1670727,IT,FI,PAPER,CERAM,0.02,4233.569,3,3,4233.569,0.0,0.0,0.0,0.0,211678.45
1716605,IT,NL,SALEM,ELEC8,0.03,4233.533,3,3,4233.533,0.0,0.0,0.0,0.0,141117.766667
1713207,IT,MT,LEATH,FINAN,0.03,4233.164,3,3,4233.164,0.0,0.0,0.0,0.0,141105.466667
1690300,IT,IE,SEWAG,RENTI,0.04,4232.77,3,3,4232.77,0.0,0.0,0.0,0.0,105819.25
1711398,IT,LU,RETA1,REALE,0.04,4232.655,3,3,4232.655,0.0,0.0,0.0,0.0,105816.375
1677126,IT,FR,SUPPO,TEXT2,0.03,4232.481,3,3,4232.481,0.0,0.0,0.0,0.0,141082.7
1710072,IT,LT,FABRI,PETRO,0.02,4232.477,3,3,4232.477,0.0,0.0,0.0,0.0,211623.85
1721628,IT,PL,POSTT,RAILW,0.07,4232.391,3,3,4232.391,0.0,0.0,0.0,0.0,60462.728571
1806593,IT,WF,CONST,COMPU,0.02,4232.183,3,3,4232.183,0.0,0.0,0.0,0.0,211609.15
1768904,IT,AU,WOODW,SALEM,0.01,4232.173,3,3,4232.173,0.0,0.0,0.0,0.0,423217.3
1687430,IT,HU,RAILW,FOOD5,0.03,4232.122,3,3,4232.122,0.0,0.0,0.0,0.0,141070.733333
1723231,IT,PT,RUBBE,FOOD4,0.01,4232.037,3,3,4232.037,0.0,0.0,0.0,0.0,423203.7
1748824,IT,CN,TEXTI,COKE1,0.03,4231.913,3,3,4231.913,0.0,0.0,0.0,0.0,141063.766667
1791660,IT,WA,HOTEL,FOUND,0.03,4231.831,3,3,4231.831,0.0,0.0,0.0,0.0,141061.033333
1809639,IT,WM,DAIRY,NFERT,0.02,4231.649,3,3,4231.649,0.0,0.0,0.0,0.0,211582.45
1796542,IT,WL,RETA1,TRAN2,0.04,4231.641,3,3,4231.641,0.0,0.0,0.0,0.0,105791.025
1736188,IT,SK,WHOLE,BASIC,0.04,4231.041,3,3,4231.041,0.0,0.0,0.0,0.0,105776.025
1808638,IT,WF,INERT,CEREA,0.03,4230.854,3,3,4230.854,0.0,0.0,0.0,0.0,141028.466667
1712206,IT,LV,PAPER,MEAT1,0.02,4230.763,3,3,4230.763,0.0,0.0,0.0,0.0,211538.15
1673165,IT,FR,BEVER,CERAM,0.02,4230.661,3,3,4230.661,0.0,0.0,0.0,0.0,211533.05
1682509,IT,HR,PRINT,RESEA,0.04,4230.512,3,3,4230.512,0.0,0.0,0.0,0.0,105762.8
1674538,IT,FR,RUBBE,REFI1,0.01,4230.292,3,3,4230.292,0.0,0.0,0.0,0.0,423029.2
1793293,IT,WA,PRIVA,FOUND,0.94,4230.27,3,3,4230.27,0.0,0.0,0.0,0.0,4500.287234
1787563,IT,WA,CHEMI,MEMBE,0.01,4230.188,3,3,4230.188,0.0,0.0,0.0,0.0,423018.8
1680282,IT,GR,FURNI,TRANS,0.01,4230.175,3,3,4230.175,0.0,0.0,0.0,0.0,423017.5
1752468,IT,CA,DAIRY,RAILW,0.02,4230.104,3,3,4230.104,0.0,0.0,0.0,0.0,211505.2
1769309,IT,AU,RUBBE,PAPE2,0.01,4230.101,3,3,4230.101,0.0,0.0,0.0,0.0,423010.1
1743054,IT,US,OFFIC,FOOD4,0.01,4229.858,3,3,4229.858,0.0,0.0,0.0,0.0,422985.8
1807814,IT,WF,FOODW,SEACO,0.03,4229.775,3,3,4229.775,0.0,0.0,0.0,0.0,140992.5
1735864,IT,SK,OFFIC,RAWMI,0.01,4229.716,3,3,4229.716,0.0,0.0,0.0,0.0,422971.6
1748404,IT,CN,CROPS,BUSIN,0.03,4229.637,3,3,4229.637,0.0,0.0,0.0,0.0,140987.9
1752685,IT,CA,WEARI,BUSIN,0.03,4229.595,3,3,4229.595,0.0,0.0,0.0,0.0,140986.5
1765706,IT,RU,PAPER,SALEM,0.02,4229.419,3,3,4229.419,0.0,0.0,0.0,0.0,211470.95
1666921,IT,ES,GLASS,FOOD1,0.01,4229.4,3,3,4229.4,0.0,0.0,0.0,0.0,422940.0
1688308,IT,IE,MEAT4,FOOD5,0.02,4229.29,3,3,4229.29,0.0,0.0,0.0,0.0,211464.5
1767848,IT,RU,AUXIL,MOTO1,0.08,4229.199,3,3,4229.199,0.0,0.0,0.0,0.0,52864.9875
1758383,IT,BR,FABRI,KEROS,0.02,4228.965,3,3,4228.965,0.0,0.0,0.0,0.0,211448.25
1765411,IT,RU,TEXTI,CRUDE,0.03,4228.914,3,3,4228.914,0.0,0.0,0.0,0.0,140963.8
1753692,IT,CA,MOTO1,COMPU,0.02,4228.66,3,3,4228.66,0.0,0.0,0.0,0.0,211433.0
1796083,IT,WL,TRANS,REFI1,0.03,4228.538,3,3,4228.538,0.0,0.0,0.0,0.0,140951.266667
1663090,IT,DK,RAILW,BASIC,0.03,4228.445,3,3,4228.445,0.0,0.0,0.0,0.0,140948.166667
1659299,IT,DE,SALEM,MEMBE,0.03,4228.362,3,3,4228.362,0.0,0.0,0.0,0.0,140945.4
1751875,IT,CN,COMPU,MEAT1,0.05,4228.348,3,3,4228.348,0.0,0.0,0.0,0.0,84566.96
1764796,IT,MX,LANDT,MACHI,0.03,4228.224,3,3,4228.224,0.0,0.0,0.0,0.0,140940.8
1661709,IT,DK,WEARI,SUPPO,0.03,4228.128,3,3,4228.128,0.0,0.0,0.0,0.0,140937.6
1809617,IT,WM,DAIRY,SANDC,0.02,4227.926,3,3,4227.926,0.0,0.0,0.0,0.0,211396.3
1655350,IT,DE,VEGET,MEMBE,0.01,4227.87,3,3,4227.87,0.0,0.0,0.0,0.0,422787.0
1680799,IT,GR,RAILW,FOOD5,0.03,4227.787,3,3,4227.787,0.0,0.0,0.0,0.0,140926.233333
1759502,IT,BR,REALE,FURNI,0.18,4227.53,3,3,4227.53,0.0,0.0,0.0,0.0,23486.277778
1712362,IT,LV,GLASS,SANDC,0.01,4227.357,3,3,4227.357,0.0,0.0,0.0,0.0,422735.7
1742638,IT,US,COPP1,PFERT,0.01,4227.245,3,3,4227.245,0.0,0.0,0.0,0.0,422724.5
1763054,IT,MX,TEXTI,NONME,0.03,4227.133,3,3,4227.133,0.0,0.0,0.0,0.0,140904.433333
1669700,IT,ES,COMPU,SEACO,0.05,4226.958,3,3,4226.958,0.0,0.0,0.0,0.0,84539.16
1730419,IT,SE,POSTT,GLASS,0.07,4226.923,3,3,4226.923,0.0,0.0,0.0,0.0,60384.614286
1814723,IT,WM,OILHA,CRUDE,0.02,4226.922,3,3,4226.922,0.0,0.0,0.0,0.0,211346.1
1738821,IT,GB,MOTO1,FOUND,0.02,4226.91,3,3,4226.91,0.0,0.0,0.0,0.0,211345.5
1735739,IT,SK,FABRI,SEWAG,0.02,4226.676,3,3,4226.676,0.0,0.0,0.0,0.0,211333.8
1771277,IT,CH,DAIRY,CEREA,0.02,4226.599,3,3,4226.599,0.0,0.0,0.0,0.0,211329.95
1717091,IT,NL,LANDT,MEMBE,0.03,4226.398,3,3,4226.398,0.0,0.0,0.0,0.0,140879.933333
1677505,IT,FR,AUXIL,TRAN1,0.08,4226.327,3,3,4226.327,0.0,0.0,0.0,0.0,52829.0875
1736806,IT,SK,COMPU,RAILW,0.05,4226.158,3,3,4226.158,0.0,0.0,0.0,0.0,84523.16
1710409,IT,LT,RAILW,GASDI,0.03,4225.949,3,3,4225.949,0.0,0.0,0.0,0.0,140864.966667
1750572,IT,CN,OFFIC,BEVER,0.01,4225.598,3,3,4225.598,0.0,0.0,0.0,0.0,422559.8
1806878,IT,WF,HOTEL,FOOD5,0.03,4225.528,3,3,4225.528,0.0,0.0,0.0,0.0,140850.933333
1654466,IT,CZ,RETA1,AUXIL,0.04,4225.245,3,3,4225.245,0.0,0.0,0.0,0.0,105631.125
1762868,IT,IN,PUBLI,MEMBE,0.07,4225.113,3,3,4225.113,0.0,0.0,0.0,0.0,60358.757143
1652421,IT,CZ,TEXTI,ELEC1,0.03,4224.969,3,3,4224.969,0.0,0.0,0.0,0.0,140832.3
1813595,IT,WM,WHOLE,SEACO,0.04,4224.961,3,3,4224.961,0.0,0.0,0.0,0.0,105624.025
1771522,IT,CH,TOBAC,PULP5,0.02,4224.929,3,3,4224.929,0.0,0.0,0.0,0.0,211246.45
1796338,IT,WL,RETAI,MOTOR,0.03,4224.811,3,3,4224.811,0.0,0.0,0.0,0.0,140827.033333
1743025,IT,US,OFFIC,TRAN1,0.01,4224.671,3,3,4224.671,0.0,0.0,0.0,0.0,422467.1
1802248,IT,WE,LANDT,ANIMA,0.03,4224.573,3,3,4224.573,0.0,0.0,0.0,0.0,140819.1
1778780,IT,TR,LANDT,GASDI,0.03,4224.498,3,3,4224.498,0.0,0.0,0.0,0.0,140816.6
1647799,IT,BE,AUXIL,NAPHT,0.08,4224.459,3,3,4224.459,0.0,0.0,0.0,0.0,52805.7375
1764780,IT,MX,HOTEL,93197,0.03,4224.199,3,3,4224.199,0.0,0.0,0.0,0.0,140806.633333
1673240,IT,FR,FISH5,PRINT,0.02,4224.198,4,4,4224.196,0.0,0.0,0.0,0.002,211209.9
1676451,IT,FR,RETA1,SUGA1,0.04,4224.147,3,3,4224.147,0.0,0.0,0.0,0.0,105603.675
1790956,IT,WA,MOTO1,FORES,0.02,4223.856,3,3,4223.856,0.0,0.0,0.0,0.0,211192.8
1684494,IT,HR,RESEA,CHEM1,0.02,4223.843,3,3,4223.843,0.0,0.0,0.0,0.0,211192.15
1687543,IT,HU,LANDT,ELECT,0.03,4223.838,3,3,4223.838,0.0,0.0,0.0,0.0,140794.6
1758928,IT,BR,RAILW,CRUDE,0.03,4223.778,3,3,4223.778,0.0,0.0,0.0,0.0,140792.6
1689482,IT,IE,HOTEL,OILHA,0.03,4223.634,3,3,4223.634,0.0,0.0,0.0,0.0,140787.8
1751742,IT,CN,INSUR,AUXIL,0.09,4223.558,3,3,4223.558,0.0,0.0,0.0,0.0,46928.422222
1671343,IT,FI,COPP1,WOODW,0.01,4223.457,3,3,4223.457,0.0,0.0,0.0,0.0,422345.7
1653232,IT,CZ,RUBBE,LIQUE,0.01,4223.295,3,3,4223.295,0.0,0.0,0.0,0.0,422329.5
1654682,IT,CZ,LANDT,ELEC4,0.03,4223.167,3,3,4223.167,0.0,0.0,0.0,0.0,140772.233333
1649887,IT,BG,FABRI,ANIMA,0.02,4223.137,3,3,4223.137,0.0,0.0,0.0,0.0,211156.85
1775475,IT,CH,PLAS1,SUPPO,0.02,4223.0,3,3,4223.0,0.0,0.0,0.0,0.0,211150.0
1799390,IT,WE,PULP5,FINAN,0.01,4222.971,3,3,4222.971,0.0,0.0,0.0,0.0,422297.1
1769996,IT,AU,FURNI,CRUDE,0.01,4222.95,3,3,4222.95,0.0,0.0,0.0,0.0,422295.0
1762838,IT,IN,PUBLI,DISTR,0.07,4222.858,3,3,4222.858,0.0,0.0,0.0,0.0,60326.542857
1756454,IT,KR,CONST,ELEC3,0.02,4221.857,3,3,4221.857,0.0,0.0,0.0,0.0,211092.85
1690440,IT,IE,FOOD4,FOOD2,0.03,4221.838,3,3,4221.838,0.0,0.0,0.0,0.0,140727.933333
1651529,IT,CY,RUBBE,VEGE1,0.01,4221.495,3,3,4221.495,0.0,0.0,0.0,0.0,422149.5
1726718,IT,RO,FURNI,COPP1,0.01,4221.473,3,3,4221.473,0.0,0.0,0.0,0.0,422147.3
1814177,IT,WM,SUPPO,TOBAC,0.03,4221.18,3,3,4221.18,0.0,0.0,0.0,0.0,140706.0
1717531,IT,NL,RENTI,NONF1,0.03,4221.139,3,3,4221.139,0.0,0.0,0.0,0.0,140704.633333
1714245,IT,MT,REALE,COMPU,0.18,4221.025,3,3,4221.025,0.0,0.0,0.0,0.0,23450.138889
1717083,IT,NL,LANDT,INTER,0.03,4220.789,3,3,4220.789,0.0,0.0,0.0,0.0,140692.966667
1759017,IT,BR,LANDT,SUPPO,0.03,4220.699,3,3,4220.699,0.0,0.0,0.0,0.0,140689.966667
1803677,IT,WF,BEVER,MEATC,0.02,4220.644,3,3,4220.644,0.0,0.0,0.0,0.0,211032.2
1757131,IT,BR,CROPS,FOOD5,0.03,4219.966,3,3,4219.966,0.0,0.0,0.0,0.0,140665.533333
1685533,IT,HU,PAPER,FOUND,0.02,4219.963,3,3,4219.963,0.0,0.0,0.0,0.0,210998.15
1664340,IT,EE,FABRI,NONME,0.02,4219.855,3,3,4219.855,0.0,0.0,0.0,0.0,210992.75
1781995,IT,NO,RUBBE,CERAM,0.01,4219.79,3,3,4219.79,0.0,0.0,0.0,0.0,421979.0
1740100,IT,GB,COMPU,WEARI,0.05,4219.579,3,3,4219.579,0.0,0.0,0.0,0.0,84391.58
1664943,IT,ES,STONE,FURNI,0.01,4219.569,3,3,4219.569,0.0,0.0,0.0,0.0,421956.9
1768620,IT,AU,FISH5,RAWMI,0.02,4219.398,4,4,4219.396,0.0,0.0,0.0,0.002,210969.9
1654937,IT,CZ,INSUR,BIOGA,0.09,4219.304,3,3,4219.304,0.0,0.0,0.0,0.0,46881.155556
1648908,IT,BG,TEXTI,93197,0.02,4218.935,3,3,4218.935,0.0,0.0,0.0,0.0,210946.75
1653993,IT,CZ,MACHI,ADDIT,0.02,4218.718,3,3,4218.718,0.0,0.0,0.0,0.0,210935.9
1790993,IT,WA,MOTO1,ELECT,0.02,4218.687,3,3,4218.687,0.0,0.0,0.0,0.0,210934.35
1672725,IT,FR,CHEMI,NFERT,0.01,4218.57,3,3,4218.57,0.0,0.0,0.0,0.0,421857.0
1766516,IT,RU,COPP1,FOOD5,0.01,4218.54,3,3,4218.54,0.0,0.0,0.0,0.0,421854.0
1730005,IT,SE,SALEM,FINAN,0.03,4218.404,3,3,4218.404,0.0,0.0,0.0,0.0,140613.466667
1714645,IT,NL,MEAT1,MEAT1,0.02,4218.211,3,3,4218.211,0.0,0.0,0.0,0.0,210910.55
1749948,IT,CN,GLASS,RENTI,0.01,4217.929,3,3,4217.929,0.0,0.0,0.0,0.0,421792.9
1690538,IT,IE,WOOD2,BUSIN,0.02,4217.878,3,3,4217.878,0.0,0.0,0.0,0.0,210893.9
1791533,IT,WA,RETA1,HEAVY,0.04,4217.64,3,3,4217.64,0.0,0.0,0.0,0.0,105441.0
1800634,IT,WE,GLASS,93197,0.01,4217.453,3,3,4217.453,0.0,0.0,0.0,0.0,421745.3
1641001,IT,AT,WOODW,PAPE1,0.01,4217.427,3,3,4217.427,0.0,0.0,0.0,0.0,421742.7
1717243,IT,NL,POSTT,SANDC,0.07,4217.243,3,3,4217.243,0.0,0.0,0.0,0.0,60246.328571
1725206,IT,RO,DAIRY,MEMBE,0.02,4216.687,3,3,4216.687,0.0,0.0,0.0,0.0,210834.35
1786346,IT,ZA,MACHI,URANI,0.02,4216.636,3,3,4216.636,0.0,0.0,0.0,0.0,210831.8
1678304,IT,FR,FOOD3,HEALT,0.01,4216.615,3,3,4216.615,0.0,0.0,0.0,0.0,421661.5
1784175,IT,ID,PAPER,DISTR,0.02,4216.268,3,3,4216.268,0.0,0.0,0.0,0.0,210813.4
1655113,IT,CZ,BUSIN,CROPS,0.04,4216.099,3,3,4216.099,0.0,0.0,0.0,0.0,105402.475
1781139,IT,TW,FOOD1,BASIC,0.02,4215.918,3,3,4215.918,0.0,0.0,0.0,0.0,210795.9
1717841,IT,PL,VEGET,NATUR,0.01,4215.763,3,3,4215.763,0.0,0.0,0.0,0.0,421576.3
1737079,IT,GB,CHEMI,NONF1,0.01,4215.329,3,3,4215.329,0.0,0.0,0.0,0.0,421532.9
1710241,IT,LT,MOTO1,WHEAT,0.02,4215.217,3,3,4215.217,0.0,0.0,0.0,0.0,210760.85
1725284,IT,RO,BEVER,MEAT1,0.02,4215.151,3,3,4215.151,0.0,0.0,0.0,0.0,210757.55
1794031,IT,WL,PULP5,GASDI,0.01,4214.893,3,3,4214.893,0.0,0.0,0.0,0.0,421489.3
1652114,IT,CZ,CHEMI,RUBBE,0.01,4214.767,3,3,4214.767,0.0,0.0,0.0,0.0,421476.7
1778706,IT,TR,RAILW,WEARI,0.03,4214.616,3,3,4214.616,0.0,0.0,0.0,0.0,140487.2
1755135,IT,KR,LEATH,LEAD1,0.03,4214.61,3,3,4214.61,0.0,0.0,0.0,0.0,140487.0
1652367,IT,CZ,TEXTI,VEGET,0.02,4214.464,3,3,4214.464,0.0,0.0,0.0,0.0,210723.2
1650807,IT,BG,LANDT,SANDC,0.03,4214.457,3,3,4214.457,0.0,0.0,0.0,0.0,140481.9
1788546,IT,WA,PAPER,KERO1,0.02,4214.352,3,3,4214.352,0.0,0.0,0.0,0.0,210717.6
1670677,IT,FI,WOODW,FORES,0.01,4214.172,3,3,4214.172,0.0,0.0,0.0,0.0,421417.2
1786718,IT,ZA,RETA1,PFERT,0.04,4213.681,3,3,4213.681,0.0,0.0,0.0,0.0,105342.025
1689736,IT,IE,FINAN,DISTR,0.05,4213.511,3,3,4213.511,0.0,0.0,0.0,0.0,84270.22
1682052,IT,HR,FISH5,TOBAC,0.02,4213.431,4,4,4213.429,0.0,0.0,0.0,0.002,210671.55
1803436,IT,WF,MEAT1,POULT,0.02,4213.4,3,3,4213.4,0.0,0.0,0.0,0.0,210670.0
1727935,IT,SE,VEGET,RECRE,0.01,4213.243,3,3,4213.243,0.0,0.0,0.0,0.0,421324.3
1757227,IT,BR,VEGE1,MEAT4,0.01,4213.242,3,3,4213.242,0.0,0.0,0.0,0.0,421324.2
1710415,IT,LT,RAILW,LANDT,0.03,4213.202,3,3,4213.202,0.0,0.0,0.0,0.0,140440.066667
1757517,IT,BR,PRINT,ELEC4,0.04,4212.986,3,3,4212.986,0.0,0.0,0.0,0.0,105324.65
1684859,IT,HU,STONE,CEMEN,0.01,4212.865,3,3,4212.865,0.0,0.0,0.0,0.0,421286.5
1649630,IT,BG,GLASS,STEAM,0.01,4212.748,3,3,4212.748,0.0,0.0,0.0,0.0,421274.8
1723772,IT,PT,OFFIC,WEARI,0.01,4212.387,3,3,4212.387,0.0,0.0,0.0,0.0,421238.7
1775523,IT,CH,FOOD3,LEATH,0.01,4212.263,3,3,4212.263,0.0,0.0,0.0,0.0,421226.3
1714353,IT,MT,RECRE,CONST,0.05,4211.788,3,3,4211.788,0.0,0.0,0.0,0.0,84235.76
1655003,IT,CZ,REALE,KEROS,0.18,4211.721,3,3,4211.721,0.0,0.0,0.0,0.0,23398.45
1669411,IT,ES,INSUR,FABRI,0.09,4211.707,3,3,4211.707,0.0,0.0,0.0,0.0,46796.744444
1673301,IT,FR,TEXTI,MEATP,0.02,4211.669,3,3,4211.669,0.0,0.0,0.0,0.0,210583.45
1716674,IT,NL,WHOLE,GLASS,0.04,4211.553,3,3,4211.553,0.0,0.0,0.0,0.0,105288.825
1793939,IT,WL,LEATH,RUBBE,0.03,4211.371,3,3,4211.371,0.0,0.0,0.0,0.0,140379.033333
1642800,IT,AT,OFFIC,FOOD5,0.01,4211.287,3,3,4211.287,0.0,0.0,0.0,0.0,421128.7
1669269,IT,ES,FINAN,PROCE,0.05,4211.062,3,3,4211.062,0.0,0.0,0.0,0.0,84221.24
1649147,IT,BG,PAPER,MEMBE,0.02,4210.8,3,3,4210.8,0.0,0.0,0.0,0.0,210540.0
1651135,IT,BG,COMPU,HEALT,0.05,4210.192,3,3,4210.192,0.0,0.0,0.0,0.0,84203.84
1749047,IT,CN,LEATH,BIOG1,0.03,4210.121,3,3,4210.121,0.0,0.0,0.0,0.0,140337.366667
1688347,IT,IE,DAIRY,LANDT,0.02,4209.846,3,3,4209.846,0.0,0.0,0.0,0.0,210492.3
1684658,IT,HR,INERT,ELEC5,0.03,4208.659,3,3,4208.659,0.0,0.0,0.0,0.0,140288.633333
1680683,IT,GR,WHOLE,TRAN1,0.04,4208.15,3,3,4208.15,0.0,0.0,0.0,0.0,105203.75
1729115,IT,SE,GLASS,CROPS,0.01,4208.117,3,3,4208.117,0.0,0.0,0.0,0.0,420811.7
1720869,IT,PL,CONST,CRUDE,0.02,4208.06,3,3,4208.06,0.0,0.0,0.0,0.0,210403.0
1680157,IT,GR,MOTO1,RUBBE,0.02,4208.015,3,3,4208.015,0.0,0.0,0.0,0.0,210400.75
1670040,IT,ES,FOOD1,RETA1,0.02,4207.703,3,3,4207.703,0.0,0.0,0.0,0.0,210385.15
1808115,IT,WF,WOOD1,BASIC,0.03,4207.462,3,3,4207.462,0.0,0.0,0.0,0.0,140248.733333
1744452,IT,US,AUXIL,CONST,0.08,4207.429,3,3,4207.429,0.0,0.0,0.0,0.0,52592.8625
1744299,IT,US,FINAN,VEGET,0.05,4207.342,3,3,4207.342,0.0,0.0,0.0,0.0,84146.84
1741280,IT,US,PAPER,KEROS,0.02,4207.094,3,3,4207.094,0.0,0.0,0.0,0.0,210354.7
1651525,IT,CY,RUBBE,MEATC,0.01,4206.691,3,3,4206.691,0.0,0.0,0.0,0.0,420669.1
1712185,IT,LV,WOODW,ELEC7,0.01,4206.682,3,3,4206.682,0.0,0.0,0.0,0.0,420668.2
1640807,IT,AT,WEARI,BASIC,0.03,4206.653,3,3,4206.653,0.0,0.0,0.0,0.0,140221.766667
1644355,IT,BE,CHEMI,NFERT,0.01,4206.578,3,3,4206.578,0.0,0.0,0.0,0.0,420657.8
1660329,IT,DE,FINAN,STONE,0.05,4206.386,3,3,4206.386,0.0,0.0,0.0,0.0,84127.72
1685402,IT,HU,LEATH,POSTT,0.03,4206.259,3,3,4206.259,0.0,0.0,0.0,0.0,140208.633333
1664354,IT,EE,FABRI,DIST1,0.02,4205.346,3,3,4205.346,0.0,0.0,0.0,0.0,210267.3
1781475,IT,NO,BEVER,RETAI,0.02,4205.329,3,3,4205.329,0.0,0.0,0.0,0.0,210266.45
1800609,IT,WE,GLASS,NONF1,0.01,4205.198,3,3,4205.198,0.0,0.0,0.0,0.0,420519.8
1681251,IT,GR,FINAN,FABRI,0.05,4204.501,3,3,4204.501,0.0,0.0,0.0,0.0,84090.02
1725124,IT,RO,CHEMI,STEAM,0.01,4204.278,3,3,4204.278,0.0,0.0,0.0,0.0,420427.8
1759746,IT,BR,BUSIN,PETRO,0.04,4204.072,3,3,4204.072,0.0,0.0,0.0,0.0,105101.8
1651968,IT,CY,BUSIN,RESEA,0.04,4204.05,3,3,4204.05,0.0,0.0,0.0,0.0,105101.25
1808770,IT,WF,WOOD2,MEAT1,0.02,4204.033,3,3,4204.033,0.0,0.0,0.0,0.0,210201.65
1735951,IT,SK,MOTO1,PREC1,0.02,4203.483,3,3,4203.483,0.0,0.0,0.0,0.0,210174.15
1712121,IT,LV,WEARI,SANDC,0.03,4203.48,3,3,4203.48,0.0,0.0,0.0,0.0,140116.0
1797862,IT,WL,FOOD2,PRIVA,0.02,4203.432,3,3,4203.432,0.0,0.0,0.0,0.0,210171.6
1784160,IT,ID,PAPER,BIODI,0.02,4203.365,3,3,4203.365,0.0,0.0,0.0,0.0,210168.25
1768591,IT,AU,BEVER,MOTO1,0.02,4203.225,3,3,4203.225,0.0,0.0,0.0,0.0,210161.25
1749214,IT,CN,PAPER,CRUDE,0.02,4203.0,3,3,4203.0,0.0,0.0,0.0,0.0,210150.0
1689797,IT,IE,INSUR,KERO1,0.09,4202.897,3,3,4202.897,0.0,0.0,0.0,0.0,46698.855556
1643088,IT,AT,WHOLE,GLASS,0.04,4202.779,3,3,4202.779,0.0,0.0,0.0,0.0,105069.475
1642070,IT,AT,GLASS,GASDI,0.01,4202.425,3,3,4202.425,0.0,0.0,0.0,0.0,420242.5
1736551,IT,SK,SUPPO,MACHI,0.03,4202.31,3,3,4202.31,0.0,0.0,0.0,0.0,140077.0
1672305,IT,FI,RENTI,HEALT,0.03,4202.153,3,3,4202.153,0.0,0.0,0.0,0.0,140071.766667
1654609,IT,CZ,RAILW,PUBLI,0.03,4201.704,3,3,4201.704,0.0,0.0,0.0,0.0,140056.8
1640278,IT,AT,STONE,RENTI,0.01,4201.607,3,3,4201.607,0.0,0.0,0.0,0.0,420160.7
1722635,IT,PT,TEXTI,ELEC2,0.02,4201.584,3,3,4201.584,0.0,0.0,0.0,0.0,210079.2
1805392,IT,WF,RUBBE,ELEC2,0.01,4201.516,3,3,4201.516,0.0,0.0,0.0,0.0,420151.6
1768325,IT,AU,CHEMI,NONF1,0.01,4201.494,3,3,4201.494,0.0,0.0,0.0,0.0,420149.4
1769571,IT,AU,COPP1,RUBBE,0.01,4201.195,3,3,4201.195,0.0,0.0,0.0,0.0,420119.5
1762456,IT,IN,FINAN,GASDI,0.05,4201.178,3,3,4201.178,0.0,0.0,0.0,0.0,84023.56
1783180,IT,NO,COMPU,RETAI,0.05,4201.103,3,3,4201.103,0.0,0.0,0.0,0.0,84022.06
1644419,IT,BE,MEAT1,BUSIN,0.02,4200.971,3,3,4200.971,0.0,0.0,0.0,0.0,210048.55
1809312,IT,WM,STONE,NONSP,0.01,4200.919,3,3,4200.919,0.0,0.0,0.0,0.0,420091.9
1781294,IT,NO,VEGE1,CATTL,0.01,4200.857,3,3,4200.857,0.0,0.0,0.0,0.0,420085.7
1681800,IT,HR,MEATC,RECRE,0.01,4200.772,3,3,4200.772,0.0,0.0,0.0,0.0,420077.2
1775983,IT,TR,BEVER,HEALT,0.02,4200.589,3,3,4200.589,0.0,0.0,0.0,0.0,210029.45
1655442,IT,DE,FORES,MACHI,0.04,4200.533,4,4,4198.533,0.0,2.0,0.0,0.0,105013.325
1729822,IT,SE,OFFIC,BASIC,0.01,4200.188,3,3,4200.188,0.0,0.0,0.0,0.0,420018.8
1728595,IT,SE,PAPER,SEACO,0.02,4200.168,3,3,4200.168,0.0,0.0,0.0,0.0,210008.4
1764642,IT,MX,RETA1,BASIC,0.04,4200.098,3,3,4200.098,0.0,0.0,0.0,0.0,105002.45
1644722,IT,BE,BEVER,AIRTR,0.02,4199.972,3,3,4199.972,0.0,0.0,0.0,0.0,209998.6
1779818,IT,TR,PUBLI,FISHF,0.07,4199.831,3,3,4199.831,0.0,0.0,0.0,0.0,59997.585714
1652796,IT,CZ,PRINT,POULT,0.04,4199.722,3,3,4199.722,0.0,0.0,0.0,0.0,104993.05
1776140,IT,TR,LEATH,ALUM1,0.03,4199.403,3,3,4199.403,0.0,0.0,0.0,0.0,139980.1
1807516,IT,WF,RENTI,GASDI,0.03,4199.348,3,3,4199.348,0.0,0.0,0.0,0.0,139978.266667
1688071,IT,HU,COMPU,AIRTR,0.05,4199.331,3,3,4199.331,0.0,0.0,0.0,0.0,83986.62
1758493,IT,BR,MACHI,BIOGA,0.02,4199.199,3,3,4199.199,0.0,0.0,0.0,0.0,209959.95
1723901,IT,PT,FURNI,ELECT,0.01,4198.976,3,3,4198.976,0.0,0.0,0.0,0.0,419897.6
1799384,IT,WE,PULP5,RAILW,0.01,4198.642,3,3,4198.642,0.0,0.0,0.0,0.0,419864.2
1662730,IT,DK,OFFIC,WOODW,0.01,4198.436,3,3,4198.436,0.0,0.0,0.0,0.0,419843.6
1670774,IT,FI,PRINT,FOOD5,0.04,4198.236,3,3,4198.236,0.0,0.0,0.0,0.0,104955.9
1716354,IT,NL,FABRI,SEWAG,0.02,4198.183,3,3,4198.183,0.0,0.0,0.0,0.0,209909.15
1731529,IT,SI,FISH5,INSUR,0.02,4197.82,4,4,4197.818,0.0,0.0,0.0,0.002,209891.0
1731685,IT,SI,WOODW,ELEC3,0.01,4197.534,3,3,4197.534,0.0,0.0,0.0,0.0,419753.4
1664194,IT,EE,GLASS,LANDT,0.01,4197.387,3,3,4197.387,0.0,0.0,0.0,0.0,419738.7
1760133,IT,BR,FOOD3,KEROS,0.01,4197.368,3,3,4197.368,0.0,0.0,0.0,0.0,419736.8
1716760,IT,NL,RETA1,PREC1,0.04,4197.246,3,3,4197.246,0.0,0.0,0.0,0.0,104931.15
1762511,IT,IN,INSUR,GLASS,0.09,4196.869,3,3,4196.869,0.0,0.0,0.0,0.0,46631.877778
1642865,IT,AT,MOTO1,MEDIC,0.02,4196.841,3,3,4196.841,0.0,0.0,0.0,0.0,209842.05
1789601,IT,WA,RUBBE,SUBBI,0.01,4196.742,3,3,4196.742,0.0,0.0,0.0,0.0,419674.2
1808784,IT,WF,WOOD2,PFERT,0.02,4196.616,3,3,4196.616,0.0,0.0,0.0,0.0,209830.8
1711245,IT,LU,MACHI,WASTE,0.02,4196.349,3,3,4196.349,0.0,0.0,0.0,0.0,209817.45
1763287,IT,MX,PAPER,GASDI,0.02,4196.329,3,3,4196.329,0.0,0.0,0.0,0.0,209816.45
1785023,IT,ID,BUSIN,CHEM1,0.04,4196.225,3,3,4196.225,0.0,0.0,0.0,0.0,104905.625
1739277,IT,GB,HOTEL,GASDI,0.03,4195.787,3,3,4195.787,0.0,0.0,0.0,0.0,139859.566667
1764420,IT,MX,TRANS,FURNI,0.03,4195.618,3,3,4195.618,0.0,0.0,0.0,0.0,139853.933333
1750397,IT,CN,FABRI,BIOG1,0.02,4195.363,3,3,4195.363,0.0,0.0,0.0,0.0,209768.15
1742757,IT,US,FABRI,LIQUI,0.02,4195.242,3,3,4195.242,0.0,0.0,0.0,0.0,209762.1
1765452,IT,RU,TEXTI,RAILW,0.02,4194.892,3,3,4194.892,0.0,0.0,0.0,0.0,209744.6
1658328,IT,DE,COPP1,EDUCA,0.01,4194.336,3,3,4194.336,0.0,0.0,0.0,0.0,419433.6
1809122,IT,WM,CROPS,LEAD1,0.03,4193.881,3,3,4193.881,0.0,0.0,0.0,0.0,139796.033333
1648795,IT,BG,BEVER,SUPPO,0.02,4193.867,3,3,4193.867,0.0,0.0,0.0,0.0,209693.35
1733288,IT,SI,OFFIC,RENTI,0.01,4193.834,3,3,4193.834,0.0,0.0,0.0,0.0,419383.4
1787987,IT,WA,TEXTI,LEADZ,0.02,4193.803,3,3,4193.803,0.0,0.0,0.0,0.0,209690.15
1654719,IT,CZ,LANDT,WASTE,0.03,4193.601,3,3,4193.601,0.0,0.0,0.0,0.0,139786.7
1710212,IT,LT,OFFIC,WOODW,0.01,4193.54,3,3,4193.54,0.0,0.0,0.0,0.0,419354.0
1751544,IT,CN,POSTT,FISHF,0.07,4193.512,3,3,4193.512,0.0,0.0,0.0,0.0,59907.314286
1710106,IT,LT,FABRI,RENTI,0.02,4193.468,3,3,4193.468,0.0,0.0,0.0,0.0,209673.4
1782975,IT,NO,SUPPO,RETAI,0.03,4193.445,3,3,4193.445,0.0,0.0,0.0,0.0,139781.5
1766987,IT,RU,MOTO1,FINAN,0.02,4193.417,3,3,4193.417,0.0,0.0,0.0,0.0,209670.85
1656156,IT,DE,TEXTI,CROPS,0.02,4193.386,3,3,4193.386,0.0,0.0,0.0,0.0,209669.3
1795851,IT,WL,OFFIC,PADDY,0.01,4193.374,3,3,4193.374,0.0,0.0,0.0,0.0,419337.4
1805316,IT,WF,RUBBE,VEGET,0.01,4193.342,3,3,4193.342,0.0,0.0,0.0,0.0,419334.2
1758995,IT,BR,LANDT,CERAM,0.03,4193.258,3,3,4193.258,0.0,0.0,0.0,0.0,139775.266667
1735986,IT,SK,MOTO1,PAPE4,0.02,4193.099,3,3,4193.099,0.0,0.0,0.0,0.0,209654.95
1797088,IT,WL,POSTT,MEATA,0.07,4192.672,3,3,4192.672,0.0,0.0,0.0,0.0,59895.314286
1712131,IT,LV,WEARI,OFFIC,0.03,4192.519,3,3,4192.519,0.0,0.0,0.0,0.0,139750.633333
1759196,IT,BR,SUPPO,MOTOR,0.03,4192.391,3,3,4192.391,0.0,0.0,0.0,0.0,139746.366667
1688570,IT,IE,PRINT,ALUM1,0.04,4192.387,3,3,4192.387,0.0,0.0,0.0,0.0,104809.675
1803714,IT,WF,FISH5,PADDY,0.02,4192.35,4,4,4192.348,0.0,0.0,0.0,0.002,209617.5
1722688,IT,PT,LEATH,FURNI,0.03,4191.787,3,3,4191.787,0.0,0.0,0.0,0.0,139726.233333
1642830,IT,AT,OFFIC,TRAN2,0.01,4191.423,3,3,4191.423,0.0,0.0,0.0,0.0,419142.3
1793594,IT,WL,VEGE1,LEATH,0.01,4190.934,3,3,4190.934,0.0,0.0,0.0,0.0,419093.4
1762122,IT,IN,RAILW,ELECT,0.03,4190.863,3,3,4190.863,0.0,0.0,0.0,0.0,139695.433333
1747385,IT,JP,RETA1,EDUCA,0.04,4190.756,3,3,4190.756,0.0,0.0,0.0,0.0,104768.9
1745307,IT,JP,MEAT4,MEDIC,0.02,4190.682,3,3,4190.682,0.0,0.0,0.0,0.0,209534.1
1714895,IT,NL,BEVER,LIQUE,0.02,4190.334,3,3,4190.334,0.0,0.0,0.0,0.0,209516.7
1728513,IT,SE,WOODW,SALEM,0.01,4190.291,3,3,4190.291,0.0,0.0,0.0,0.0,419029.1
1718047,IT,PL,MEATC,NFERT,0.01,4190.119,3,3,4190.119,0.0,0.0,0.0,0.0,419011.9
1717066,IT,NL,LANDT,AIRTR,0.03,4190.008,3,3,4190.008,0.0,0.0,0.0,0.0,139666.933333
1807634,IT,WF,RESEA,FURNI,0.02,4189.998,3,3,4189.998,0.0,0.0,0.0,0.0,209499.9
1751998,IT,CN,RESEA,PREC1,0.02,4189.939,3,3,4189.939,0.0,0.0,0.0,0.0,209496.95
1680927,IT,GR,LANDT,93197,0.03,4189.935,3,3,4189.935,0.0,0.0,0.0,0.0,139664.5
1726512,IT,RO,MACHI,TRANS,0.02,4189.864,3,3,4189.864,0.0,0.0,0.0,0.0,209493.2
1727878,IT,RO,HEALT,BUSIN,0.02,4189.757,3,3,4189.757,0.0,0.0,0.0,0.0,209487.85
1775520,IT,CH,FOOD2,RECRE,0.02,4189.408,3,3,4189.408,0.0,0.0,0.0,0.0,209470.4
1750357,IT,CN,FABRI,HEAVY,0.02,4189.167,3,3,4189.167,0.0,0.0,0.0,0.0,209458.35
1716334,IT,NL,FABRI,RAILW,0.02,4188.701,3,3,4188.701,0.0,0.0,0.0,0.0,209435.05
1810203,IT,WM,LEATH,CROPS,0.03,4188.559,3,3,4188.559,0.0,0.0,0.0,0.0,139618.633333
1720455,IT,PL,MACHI,MEDIC,0.02,4187.759,3,3,4187.759,0.0,0.0,0.0,0.0,209387.95
1768277,IT,AU,VEGET,PLAST,0.01,4187.602,3,3,4187.602,0.0,0.0,0.0,0.0,418760.2
1711492,IT,LU,SUPPO,WHOLE,0.03,4187.455,3,3,4187.455,0.0,0.0,0.0,0.0,139581.833333
1792943,IT,WA,PAPE1,CONST,0.03,4187.171,3,3,4187.171,0.0,0.0,0.0,0.0,139572.366667
1734724,IT,SK,LEATH,ELEC2,0.03,4186.988,3,3,4186.988,0.0,0.0,0.0,0.0,139566.266667
1807328,IT,WF,POSTT,RAILW,0.07,4186.932,3,3,4186.932,0.0,0.0,0.0,0.0,59813.314286
1807797,IT,WF,FOODW,MEATC,0.03,4186.931,3,3,4186.931,0.0,0.0,0.0,0.0,139564.366667
1644429,IT,BE,MEAT4,BUSIN,0.02,4186.847,3,3,4186.847,0.0,0.0,0.0,0.0,209342.35
1785367,IT,ZA,WOODW,HOTEL,0.01,4186.765,3,3,4186.765,0.0,0.0,0.0,0.0,418676.5
1712373,IT,LV,GLASS,BIODI,0.01,4186.75,3,3,4186.75,0.0,0.0,0.0,0.0,418675.0
1814687,IT,WM,PLAS1,POSTT,0.02,4186.666,3,3,4186.666,0.0,0.0,0.0,0.0,209333.3
1743189,IT,US,TRANS,PIGS9,0.02,4186.436,3,3,4186.436,0.0,0.0,0.0,0.0,209321.8
1712119,IT,LV,WEARI,FORES,0.03,4186.185,3,3,4186.185,0.0,0.0,0.0,0.0,139539.5
1659671,IT,DE,HOTEL,FOOD3,0.03,4186.049,3,3,4186.049,0.0,0.0,0.0,0.0,139534.966667
1746114,IT,JP,PRINT,MEMBE,0.04,4185.559,3,3,4185.559,0.0,0.0,0.0,0.0,104638.975
1709395,IT,LT,BEVER,LEATH,0.02,4185.527,3,3,4185.527,0.0,0.0,0.0,0.0,209276.35
1677995,IT,FR,PUBLI,BUSIN,0.07,4185.458,3,3,4185.458,0.0,0.0,0.0,0.0,59792.257143
1686682,IT,HU,COPP1,SANDC,0.01,4185.215,3,3,4185.215,0.0,0.0,0.0,0.0,418521.5
1735860,IT,SK,OFFIC,CEREA,0.01,4185.077,3,3,4185.077,0.0,0.0,0.0,0.0,418507.7
1814656,IT,WM,PAPE1,EDUCA,0.03,4185.028,3,3,4185.028,0.0,0.0,0.0,0.0,139500.933333
1684772,IT,HU,CROPS,FOOD5,0.03,4184.872,3,3,4184.872,0.0,0.0,0.0,0.0,139495.733333
1763734,IT,MX,GLASS,MEAT4,0.01,4184.817,3,3,4184.817,0.0,0.0,0.0,0.0,418481.7
1756010,IT,KR,COPP1,COLLE,0.01,4184.79,3,3,4184.79,0.0,0.0,0.0,0.0,418479.0
1677694,IT,FR,RENTI,NONME,0.03,4184.29,3,3,4184.29,0.0,0.0,0.0,0.0,139476.333333
1786802,IT,ZA,HOTEL,FOUND,0.03,4184.1,3,3,4184.1,0.0,0.0,0.0,0.0,139470.0
1733699,IT,SI,RAILW,ELEC3,0.03,4183.925,3,3,4183.925,0.0,0.0,0.0,0.0,139464.166667
1745931,IT,JP,WOODW,FOOD5,0.01,4183.897,3,3,4183.897,0.0,0.0,0.0,0.0,418389.7
1779468,IT,TR,RENTI,DAIRY,0.03,4183.711,3,3,4183.711,0.0,0.0,0.0,0.0,139457.033333
1756508,IT,KR,WHOLE,STONE,0.04,4183.657,3,3,4183.657,0.0,0.0,0.0,0.0,104591.425
1753494,IT,CA,FABRI,FOOD4,0.02,4183.467,3,3,4183.467,0.0,0.0,0.0,0.0,209173.35
1659316,IT,DE,RETAI,GASDI,0.03,4183.26,3,3,4183.26,0.0,0.0,0.0,0.0,139442.0
1728199,IT,SE,FOOD5,COPPE,0.02,4182.927,3,3,4182.927,0.0,0.0,0.0,0.0,209146.35
1801639,IT,WE,FURNI,SANDC,0.01,4182.828,3,3,4182.828,0.0,0.0,0.0,0.0,418282.8
1689112,IT,IE,SALEM,LEADZ,0.03,4182.744,3,3,4182.744,0.0,0.0,0.0,0.0,139424.8
1747805,IT,JP,AUXIL,HEALT,0.08,4182.696,3,3,4182.696,0.0,0.0,0.0,0.0,52283.7
1734280,IT,SI,RESEA,RESEA,0.02,4182.63,3,3,4182.63,0.0,0.0,0.0,0.0,209131.5
1718537,IT,PL,WEARI,TEXTI,0.03,4182.397,3,3,4182.397,0.0,0.0,0.0,0.0,139413.233333
1751314,IT,CN,LANDT,NATUR,0.03,4181.224,3,3,4181.224,0.0,0.0,0.0,0.0,139374.133333
1730737,IT,SE,BUSIN,PIGS9,0.04,4181.169,3,3,4181.169,0.0,0.0,0.0,0.0,104529.225
1720759,IT,PL,TRANS,ELEC5,0.02,4181.111,3,3,4181.111,0.0,0.0,0.0,0.0,209055.55
1653798,IT,CZ,COPP1,PLAS2,0.01,4180.759,3,3,4180.759,0.0,0.0,0.0,0.0,418075.9
1745285,IT,JP,MEAT4,FISHF,0.02,4180.675,3,3,4180.675,0.0,0.0,0.0,0.0,209033.75
1767808,IT,RU,INSUR,RESEA,0.09,4180.498,3,3,4180.498,0.0,0.0,0.0,0.0,46449.977778
1797823,IT,WL,FOOD2,BEVER,0.02,4180.457,3,3,4180.457,0.0,0.0,0.0,0.0,209022.85
1728411,IT,SE,WEARI,TEXTI,0.03,4180.186,3,3,4180.186,0.0,0.0,0.0,0.0,139339.533333
1807669,IT,WF,BUSIN,IRONO,0.04,4180.031,3,3,4180.031,0.0,0.0,0.0,0.0,104500.775
1804045,IT,WF,WOODW,NONME,0.01,4180.009,3,3,4180.009,0.0,0.0,0.0,0.0,418000.9
1814446,IT,WM,COMPU,KEROS,0.05,4179.669,3,3,4179.669,0.0,0.0,0.0,0.0,83593.38
1808285,IT,WF,FOOD2,MOTO1,0.02,4179.279,3,3,4179.279,0.0,0.0,0.0,0.0,208963.95
1780218,IT,TW,RAILW,MOTO1,0.03,4179.176,3,3,4179.176,0.0,0.0,0.0,0.0,139305.866667
1678879,IT,GR,FISH5,RESEA,0.02,4179.04,4,4,4179.038,0.0,0.0,0.0,0.002,208952.0
1660369,IT,DE,FINAN,BRICK,0.05,4178.936,3,3,4178.936,0.0,0.0,0.0,0.0,83578.72
1729725,IT,SE,MACHI,SUGA1,0.02,4178.836,3,3,4178.836,0.0,0.0,0.0,0.0,208941.8
1763095,IT,MX,WEARI,BEVER,0.03,4178.755,3,3,4178.755,0.0,0.0,0.0,0.0,139291.833333
1713085,IT,MT,PROCE,HOTEL,0.03,4178.666,3,3,4178.666,0.0,0.0,0.0,0.0,139288.866667
1676546,IT,FR,HOTEL,MEAT1,0.03,4178.599,3,3,4178.599,0.0,0.0,0.0,0.0,139286.633333
1794044,IT,WL,PULP5,RETA1,0.01,4178.583,3,3,4178.583,0.0,0.0,0.0,0.0,417858.3
1734806,IT,SK,PULP5,TEXTI,0.01,4178.253,3,3,4178.253,0.0,0.0,0.0,0.0,417825.3
1661066,IT,DE,PUBLI,OFFIC,0.07,4178.206,3,3,4178.206,0.0,0.0,0.0,0.0,59688.657143
1796691,IT,WL,RAILW,CEMEN,0.03,4177.925,3,3,4177.925,0.0,0.0,0.0,0.0,139264.166667
1762351,IT,IN,SUPPO,FINAN,0.03,4177.762,3,3,4177.762,0.0,0.0,0.0,0.0,139258.733333
1670590,IT,FI,TEXTI,INERT,0.02,4177.762,3,3,4177.762,0.0,0.0,0.0,0.0,208888.1
1775943,IT,TR,FOOD5,SALEM,0.02,4177.558,3,3,4177.558,0.0,0.0,0.0,0.0,208877.9
1765727,IT,RU,PAPER,MEMBE,0.02,4177.532,3,3,4177.532,0.0,0.0,0.0,0.0,208876.6
1738619,IT,GB,FABRI,OILHA,0.02,4177.505,3,3,4177.505,0.0,0.0,0.0,0.0,208875.25
1810595,IT,WM,PRINT,HEAVY,0.04,4177.276,3,3,4177.276,0.0,0.0,0.0,0.0,104431.9
1661514,IT,DK,FOOD5,DISTR,0.02,4176.763,3,3,4176.763,0.0,0.0,0.0,0.0,208838.15
1782984,IT,NO,SUPPO,BUSIN,0.03,4176.628,3,3,4176.628,0.0,0.0,0.0,0.0,139220.933333
1665346,IT,ES,FISH5,POSTT,0.02,4176.551,4,4,4176.549,0.0,0.0,0.0,0.002,208827.55
1668246,IT,ES,WHOLE,PADDY,0.04,4176.308,3,3,4176.308,0.0,0.0,0.0,0.0,104407.7
1731085,IT,SI,VEGET,OILHA,0.01,4176.272,3,3,4176.272,0.0,0.0,0.0,0.0,417627.2
1650869,IT,BG,LANDT,SEACO,0.03,4176.152,3,3,4176.152,0.0,0.0,0.0,0.0,139205.066667
1715218,IT,NL,WOODW,RAILW,0.01,4176.129,3,3,4176.129,0.0,0.0,0.0,0.0,417612.9
1798655,IT,WE,VEGE1,WHEAT,0.01,4176.022,3,3,4176.022,0.0,0.0,0.0,0.0,417602.2
1762882,IT,MX,STONE,WEARI,0.01,4175.972,3,3,4175.972,0.0,0.0,0.0,0.0,417597.2
1668214,IT,ES,RETAI,WOODW,0.03,4175.907,3,3,4175.907,0.0,0.0,0.0,0.0,139196.9
1783975,IT,ID,DAIRY,FOOD5,0.02,4175.778,3,3,4175.778,0.0,0.0,0.0,0.0,208788.9
1669766,IT,ES,BUSIN,WHITE,0.04,4175.384,3,3,4175.384,0.0,0.0,0.0,0.0,104384.6
1654959,IT,CZ,INSUR,ELEC3,0.09,4175.282,3,3,4175.282,0.0,0.0,0.0,0.0,46392.022222
1797831,IT,WL,FOOD2,PFERT,0.02,4175.102,3,3,4175.102,0.0,0.0,0.0,0.0,208755.1
1767242,IT,RU,HOTEL,MEAT1,0.03,4174.867,3,3,4174.867,0.0,0.0,0.0,0.0,139162.233333
1769831,IT,AU,MACHI,FOOD3,0.02,4174.844,3,3,4174.844,0.0,0.0,0.0,0.0,208742.2
1762892,IT,MX,STONE,DIST1,0.01,4174.601,3,3,4174.601,0.0,0.0,0.0,0.0,417460.1
1716363,IT,NL,MACHI,CROPS,0.02,4174.548,3,3,4174.548,0.0,0.0,0.0,0.0,208727.4
1806841,IT,WF,RETA1,RETAI,0.04,4174.504,3,3,4174.504,0.0,0.0,0.0,0.0,104362.6
1673471,IT,FR,WEARI,WOOD1,0.03,4174.441,3,3,4174.441,0.0,0.0,0.0,0.0,139148.033333
1760142,IT,BR,FOOD3,HOTEL,0.01,4174.303,3,3,4174.303,0.0,0.0,0.0,0.0,417430.3
1782419,IT,NO,MACHI,CROPS,0.02,4174.277,3,3,4174.277,0.0,0.0,0.0,0.0,208713.85
1728118,IT,SE,VEGE1,RETAI,0.01,4173.991,3,3,4173.991,0.0,0.0,0.0,0.0,417399.1
1642981,IT,AT,ELEC5,DISTR,0.05,4173.927,3,3,4173.927,0.0,0.0,0.0,0.0,83478.54
1640206,IT,AT,WOOLS,BUSIN,0.02,4173.787,3,3,4173.787,0.0,0.0,0.0,0.0,208689.35
1655014,IT,CZ,REALE,BIODI,0.18,4173.737,3,3,4173.737,0.0,0.0,0.0,0.0,23187.427778
1740878,IT,US,DAIRY,SUPPO,0.02,4173.724,3,3,4173.724,0.0,0.0,0.0,0.0,208686.2
1664156,IT,EE,RUBBE,RAILW,0.01,4173.574,3,3,4173.574,0.0,0.0,0.0,0.0,417357.4
1786584,IT,ZA,FURNI,WASTE,0.01,4172.814,3,3,4172.814,0.0,0.0,0.0,0.0,417281.4
1680104,IT,GR,OFFIC,MEATC,0.01,4172.788,3,3,4172.788,0.0,0.0,0.0,0.0,417278.8
1644532,IT,BE,DAIRY,OILHA,0.02,4172.692,3,3,4172.692,0.0,0.0,0.0,0.0,208634.6
1655886,IT,DE,DAIRY,DIST1,0.02,4172.691,3,3,4172.691,0.0,0.0,0.0,0.0,208634.55
1792139,IT,WA,SUPPO,BITUM,0.03,4172.575,3,3,4172.575,0.0,0.0,0.0,0.0,139085.833333
1776115,IT,TR,LEATH,MEAT4,0.03,4172.454,3,3,4172.454,0.0,0.0,0.0,0.0,139081.8
1760397,IT,IN,DAIRY,PFERT,0.02,4172.14,3,3,4172.14,0.0,0.0,0.0,0.0,208607.0
1729604,IT,SE,FABRI,CEREA,0.02,4172.083,3,3,4172.083,0.0,0.0,0.0,0.0,208604.15
1813519,IT,WM,WHOLE,PADDY,0.04,4172.053,3,3,4172.053,0.0,0.0,0.0,0.0,104301.325
1734614,IT,SK,TEXTI,DAIRY,0.02,4171.962,3,3,4171.962,0.0,0.0,0.0,0.0,208598.1
1714409,IT,NL,VEGET,MACHI,0.01,4171.808,3,3,4171.808,0.0,0.0,0.0,0.0,417180.8
1775015,IT,CH,REALE,BUSIN,0.18,4171.732,3,3,4171.732,0.0,0.0,0.0,0.0,23176.288889
1650987,IT,BG,SUPPO,FOUND,0.03,4171.555,3,3,4171.555,0.0,0.0,0.0,0.0,139051.833333
1709633,IT,LT,PRINT,MEATP,0.04,4171.509,3,3,4171.509,0.0,0.0,0.0,0.0,104287.725
1684999,IT,HU,VEGE1,RUBBE,0.01,4171.472,3,3,4171.472,0.0,0.0,0.0,0.0,417147.2
1769819,IT,AU,MACHI,AUXIL,0.02,4171.287,3,3,4171.287,0.0,0.0,0.0,0.0,208564.35
1683715,IT,HR,MACHI,FISH5,0.02,4171.124,3,3,4171.124,0.0,0.0,0.0,0.0,208556.2
1807534,IT,WF,RENTI,DISTR,0.02,4171.078,3,3,4171.078,0.0,0.0,0.0,0.0,208553.9
1727173,IT,RO,LANDT,TEXT2,0.03,4170.94,3,3,4170.94,0.0,0.0,0.0,0.0,139031.333333
1717204,IT,NL,SUPPO,MACHI,0.03,4170.854,3,3,4170.854,0.0,0.0,0.0,0.0,139028.466667
1760159,IT,BR,WASTE,RETA1,0.01,4170.786,3,3,4170.786,0.0,0.0,0.0,0.0,417078.6
1806820,IT,WF,RETA1,ALUM1,0.04,4170.333,3,3,4170.333,0.0,0.0,0.0,0.0,104258.325
1724078,IT,PT,WHOLE,COLLE,0.04,4170.303,3,3,4170.303,0.0,0.0,0.0,0.0,104257.575
1671619,IT,FI,FURNI,FURNI,0.01,4170.206,3,3,4170.206,0.0,0.0,0.0,0.0,417020.6
1686745,IT,HU,COPP1,PAPE1,0.01,4170.137,3,3,4170.137,0.0,0.0,0.0,0.0,417013.7
1770259,IT,AU,HOTEL,NFERT,0.03,4170.007,3,3,4170.007,0.0,0.0,0.0,0.0,139000.233333
1803554,IT,WF,DAIRY,LEADZ,0.02,4169.557,3,3,4169.557,0.0,0.0,0.0,0.0,208477.85
1793912,IT,WL,WEARI,SUPPO,0.03,4169.494,3,3,4169.494,0.0,0.0,0.0,0.0,138983.133333
1646824,IT,BE,SALEM,INTER,0.03,4169.451,3,3,4169.451,0.0,0.0,0.0,0.0,138981.7
1731279,IT,SI,MEAT1,EDUCA,0.02,4169.37,3,3,4169.37,0.0,0.0,0.0,0.0,208468.5
1669309,IT,ES,FINAN,RADIO,0.05,4169.368,3,3,4169.368,0.0,0.0,0.0,0.0,83387.36
1735982,IT,SK,MOTO1,FOOD2,0.02,4169.055,3,3,4169.055,0.0,0.0,0.0,0.0,208452.75
1780768,IT,TW,RENTI,ALUM1,0.02,4168.875,3,3,4168.875,0.0,0.0,0.0,0.0,208443.75
1737550,IT,GB,PULP5,TEXTI,0.01,4168.419,3,3,4168.419,0.0,0.0,0.0,0.0,416841.9
1732582,IT,SI,GLASS,CEREA,0.01,4168.179,3,3,4168.179,0.0,0.0,0.0,0.0,416817.9
1773803,IT,CH,ELEC4,SUGAR,0.07,4168.161,3,3,4168.161,0.0,0.0,0.0,0.0,59545.157143
1688089,IT,HU,RESEA,FISH5,0.02,4167.844,3,3,4167.844,0.0,0.0,0.0,0.0,208392.2
1684164,IT,HR,LANDT,NONF1,0.03,4167.838,3,3,4167.838,0.0,0.0,0.0,0.0,138927.933333
1678276,IT,FR,FOOD2,SUPPO,0.02,4167.814,3,3,4167.814,0.0,0.0,0.0,0.0,208390.7
1798642,IT,WE,MEAT4,RETA1,0.02,4167.787,3,3,4167.787,0.0,0.0,0.0,0.0,208389.35
1753406,IT,CA,COPP1,WHOLE,0.01,4167.555,3,3,4167.555,0.0,0.0,0.0,0.0,416755.5
1651311,IT,CY,WEARI,WEARI,0.03,4167.46,3,3,4167.46,0.0,0.0,0.0,0.0,138915.333333
1717898,IT,PL,POULT,BUSIN,0.01,4167.233,3,3,4167.233,0.0,0.0,0.0,0.0,416723.3
1784971,IT,ID,INSUR,ELEC4,0.09,4167.048,3,3,4167.048,0.0,0.0,0.0,0.0,46300.533333
1752496,IT,CA,FOOD5,SANDC,0.02,4167.025,3,3,4167.025,0.0,0.0,0.0,0.0,208351.25
1685518,IT,HU,PAPER,PFERT,0.02,4166.743,3,3,4166.743,0.0,0.0,0.0,0.0,208337.15
1764135,IT,MX,FABRI,DIST1,0.02,4166.634,3,3,4166.634,0.0,0.0,0.0,0.0,208331.7
1711380,IT,LU,RETA1,MACHI,0.04,4166.619,3,3,4166.619,0.0,0.0,0.0,0.0,104165.475
1808791,IT,WF,WOOD2,FABRI,0.02,4166.607,3,3,4166.607,0.0,0.0,0.0,0.0,208330.35
1654084,IT,CZ,OFFIC,PRINT,0.01,4166.458,3,3,4166.458,0.0,0.0,0.0,0.0,416645.8
1801886,IT,WE,CONST,COPP1,0.02,4166.315,3,3,4166.315,0.0,0.0,0.0,0.0,208315.75
1779335,IT,TR,INSUR,MEDIC,0.09,4165.915,3,3,4165.915,0.0,0.0,0.0,0.0,46287.944444
1814804,IT,WM,PAPE4,HEALT,0.03,4165.903,3,3,4165.903,0.0,0.0,0.0,0.0,138863.433333
1730643,IT,SE,RENTI,STEAM,0.02,4165.405,3,3,4165.405,0.0,0.0,0.0,0.0,208270.25
1651883,IT,CY,POSTT,SUPPO,0.07,4165.397,3,3,4165.397,0.0,0.0,0.0,0.0,59505.671429
1751285,IT,CN,RAILW,FORES,0.03,4164.994,3,3,4164.994,0.0,0.0,0.0,0.0,138833.133333
1739671,IT,GB,SUPPO,BITUM,0.03,4164.876,3,3,4164.876,0.0,0.0,0.0,0.0,138829.2
1665594,IT,ES,LEATH,INERT,0.03,4164.813,3,3,4164.813,0.0,0.0,0.0,0.0,138827.1
1670147,IT,ES,INERT,TEXT2,0.03,4164.791,3,3,4164.791,0.0,0.0,0.0,0.0,138826.366667
1792550,IT,WA,RENTI,TEXTI,0.02,4164.788,3,3,4164.788,0.0,0.0,0.0,0.0,208239.4
1733248,IT,SI,MACHI,SEACO,0.02,4164.682,3,3,4164.682,0.0,0.0,0.0,0.0,208234.1
1740440,IT,GB,FOOD2,FOODW,0.02,4164.484,3,3,4164.484,0.0,0.0,0.0,0.0,208224.2
1678179,IT,FR,INTER,RENTI,0.02,4164.329,3,3,4164.329,0.0,0.0,0.0,0.0,208216.45
1771146,IT,CH,MEATC,RECRE,0.01,4163.991,3,3,4163.991,0.0,0.0,0.0,0.0,416399.1
1735153,IT,SK,RUBBE,STONE,0.01,4163.899,3,3,4163.899,0.0,0.0,0.0,0.0,416389.9
1714203,IT,MT,INSUR,FINAN,0.09,4163.435,3,3,4163.435,0.0,0.0,0.0,0.0,46260.388889
1804033,IT,WF,WOODW,LEATH,0.01,4163.221,3,3,4163.221,0.0,0.0,0.0,0.0,416322.1
1668411,IT,ES,RETA1,FABRI,0.04,4162.918,3,3,4162.918,0.0,0.0,0.0,0.0,104072.95
1726719,IT,RO,FURNI,FOUND,0.01,4162.871,3,3,4162.871,0.0,0.0,0.0,0.0,416287.1
1662972,IT,DK,HOTEL,CATTL,0.03,4162.587,3,3,4162.587,0.0,0.0,0.0,0.0,138752.9
1715189,IT,NL,WOODW,KEROS,0.01,4162.486,3,3,4162.486,0.0,0.0,0.0,0.0,416248.6
1783630,IT,NO,FOOD3,MOTO1,0.01,4162.321,3,3,4162.321,0.0,0.0,0.0,0.0,416232.1
1772045,IT,CH,PRINT,RADIO,0.04,4162.083,3,3,4162.083,0.0,0.0,0.0,0.0,104052.075
1763112,IT,MX,WEARI,DISTR,0.03,4161.984,3,3,4161.984,0.0,0.0,0.0,0.0,138732.8
1792966,IT,WA,PLAS1,COMPU,0.01,4161.955,3,3,4161.955,0.0,0.0,0.0,0.0,416195.5
1720793,IT,PL,FURNI,FORES,0.01,4161.923,3,3,4161.923,0.0,0.0,0.0,0.0,416192.3
1778602,IT,TR,HOTEL,FISHF,0.03,4161.867,3,3,4161.867,0.0,0.0,0.0,0.0,138728.9
1745943,IT,JP,WOODW,PLAST,0.01,4161.722,3,3,4161.722,0.0,0.0,0.0,0.0,416172.2
1800608,IT,WE,GLASS,COPP1,0.01,4161.496,3,3,4161.496,0.0,0.0,0.0,0.0,416149.6
1811222,IT,WM,WHITE,MOTOR,0.02,4161.495,3,3,4161.495,0.0,0.0,0.0,0.0,208074.75
1733638,IT,SI,HOTEL,SECO9,0.03,4161.414,3,3,4161.414,0.0,0.0,0.0,0.0,138713.8
1643838,IT,AT,FINAN,INTER,0.05,4161.389,3,3,4161.389,0.0,0.0,0.0,0.0,83227.78
1737127,IT,GB,MEAT4,PLAST,0.02,4161.28,3,3,4161.28,0.0,0.0,0.0,0.0,208064.0
1712694,IT,LV,HOTEL,RUBBE,0.03,4161.228,3,3,4161.228,0.0,0.0,0.0,0.0,138707.6
1643452,IT,AT,LANDT,MEDIC,0.03,4161.083,3,3,4161.083,0.0,0.0,0.0,0.0,138702.766667
1751326,IT,CN,LANDT,COPP1,0.03,4161.057,3,3,4161.057,0.0,0.0,0.0,0.0,138701.9
1722271,IT,PL,93197,BITUM,0.03,4161.001,3,3,4161.001,0.0,0.0,0.0,0.0,138700.033333
1688109,IT,HU,BUSIN,CRUDE,0.04,4160.866,3,3,4160.866,0.0,0.0,0.0,0.0,104021.65
1769910,IT,AU,MOTO1,BASIC,0.02,4160.441,3,3,4160.441,0.0,0.0,0.0,0.0,208022.05
1668679,IT,ES,LANDT,CATTL,0.03,4160.44,3,3,4160.44,0.0,0.0,0.0,0.0,138681.333333
1774041,IT,CH,RETAI,RAILW,0.03,4160.322,3,3,4160.322,0.0,0.0,0.0,0.0,138677.4
1754690,IT,KR,VEGE1,TEXTI,0.01,4160.217,3,3,4160.217,0.0,0.0,0.0,0.0,416021.7
1787589,IT,WA,MEATP,PRECI,0.02,4160.174,3,3,4160.174,0.0,0.0,0.0,0.0,208008.7
1678759,IT,GR,SUGA1,RETA1,0.01,4159.645,3,3,4159.645,0.0,0.0,0.0,0.0,415964.5
1737316,IT,GB,BEVER,TEXTI,0.02,4159.167,3,3,4159.167,0.0,0.0,0.0,0.0,207958.35
1759869,IT,BR,FOODW,TEXT2,0.03,4158.879,3,3,4158.879,0.0,0.0,0.0,0.0,138629.3
1729537,IT,SE,COPP1,PAPER,0.01,4158.833,3,3,4158.833,0.0,0.0,0.0,0.0,415883.3
1779082,IT,TR,SUPPO,COKEO,0.03,4158.787,3,3,4158.787,0.0,0.0,0.0,0.0,138626.233333
1739949,IT,GB,AUXIL,CRUDE,0.08,4158.682,3,3,4158.682,0.0,0.0,0.0,0.0,51983.525
1745008,IT,US,PUBLI,PROCE,0.07,4158.469,3,3,4158.469,0.0,0.0,0.0,0.0,59406.7
1740050,IT,GB,RENTI,ELEC5,0.02,4158.133,3,3,4158.133,0.0,0.0,0.0,0.0,207906.65
1711872,IT,LU,INTER,MOTO1,0.02,4157.956,3,3,4157.956,0.0,0.0,0.0,0.0,207897.8
1797646,IT,WL,PAPE1,PRINT,0.03,4157.875,3,3,4157.875,0.0,0.0,0.0,0.0,138595.833333
1670701,IT,FI,WOODW,REALE,0.01,4157.478,3,3,4157.478,0.0,0.0,0.0,0.0,415747.8
1725143,IT,RO,MEATP,MEAT4,0.02,4157.154,3,3,4157.154,0.0,0.0,0.0,0.0,207857.7
1680624,IT,GR,SALEM,SALEM,0.03,4157.112,3,3,4157.112,0.0,0.0,0.0,0.0,138570.4
1722391,IT,PT,MEATC,CROPS,0.01,4157.065,3,3,4157.065,0.0,0.0,0.0,0.0,415706.5
1766897,IT,RU,OFFIC,TRAN1,0.01,4156.973,3,3,4156.973,0.0,0.0,0.0,0.0,415697.3
1793419,IT,WL,CROPS,LANDT,0.03,4156.668,3,3,4156.668,0.0,0.0,0.0,0.0,138555.6
1802097,IT,WE,RETA1,CHEM1,0.04,4156.639,3,3,4156.639,0.0,0.0,0.0,0.0,103915.975
1761719,IT,IN,MACHI,MEAT1,0.02,4156.361,3,3,4156.361,0.0,0.0,0.0,0.0,207818.05
1659576,IT,DE,HOTEL,SUGA1,0.03,4156.334,3,3,4156.334,0.0,0.0,0.0,0.0,138544.466667
1720873,IT,PL,CONST,COKEO,0.02,4156.002,3,3,4156.002,0.0,0.0,0.0,0.0,207800.1
1739762,IT,GB,POSTT,BEVER,0.07,4155.972,3,3,4155.972,0.0,0.0,0.0,0.0,59371.028571
1647153,IT,BE,HOTEL,FOOD2,0.03,4155.808,3,3,4155.808,0.0,0.0,0.0,0.0,138526.933333
1665277,IT,ES,BEVER,RUBBE,0.02,4155.624,3,3,4155.624,0.0,0.0,0.0,0.0,207781.2
1778741,IT,TR,LANDT,PADDY,0.03,4155.487,3,3,4155.487,0.0,0.0,0.0,0.0,138516.233333
1658794,IT,DE,MOTO1,BIOGA,0.02,4154.717,3,3,4154.717,0.0,0.0,0.0,0.0,207735.85
1665415,IT,ES,TEXTI,ELEC4,0.02,4154.694,3,3,4154.694,0.0,0.0,0.0,0.0,207734.7
1662598,IT,DK,FABRI,INLAN,0.02,4154.502,3,3,4154.502,0.0,0.0,0.0,0.0,207725.1
1717530,IT,NL,RENTI,CEMEN,0.02,4154.253,3,3,4154.253,0.0,0.0,0.0,0.0,207712.65
1806722,IT,WF,WHOLE,FOUND,0.04,4154.192,3,3,4154.192,0.0,0.0,0.0,0.0,103854.8
1747982,IT,JP,RESEA,AUXIL,0.02,4154.118,3,3,4154.118,0.0,0.0,0.0,0.0,207705.9
1749889,IT,CN,RUBBE,AUXIL,0.01,4153.584,3,3,4153.584,0.0,0.0,0.0,0.0,415358.4
1733759,IT,SI,LANDT,GLASS,0.03,4153.469,3,3,4153.469,0.0,0.0,0.0,0.0,138448.966667
1737539,IT,GB,WOODW,AUXIL,0.01,4153.444,3,3,4153.444,0.0,0.0,0.0,0.0,415344.4
1653782,IT,CZ,COPP1,SEACO,0.01,4153.337,3,3,4153.337,0.0,0.0,0.0,0.0,415333.7
1776157,IT,TR,LEATH,DISTR,0.03,4153.231,3,3,4153.231,0.0,0.0,0.0,0.0,138441.033333
1678683,IT,GR,VEGE1,DAIRY,0.01,4153.216,3,3,4153.216,0.0,0.0,0.0,0.0,415321.6
1806777,IT,WF,RETA1,FORES,0.04,4153.095,3,3,4153.095,0.0,0.0,0.0,0.0,103827.375
1778370,IT,TR,RETAI,ELEC1,0.03,4152.933,3,3,4152.933,0.0,0.0,0.0,0.0,138431.1
1785116,IT,ZA,VEGE1,MEAT1,0.01,4152.685,3,3,4152.685,0.0,0.0,0.0,0.0,415268.5
1804046,IT,WF,WOODW,BASIC,0.01,4152.546,3,3,4152.546,0.0,0.0,0.0,0.0,415254.6
1713167,IT,MT,FISH5,93197,0.02,4152.361,4,4,4152.359,0.0,0.0,0.0,0.002,207618.05
1681193,IT,GR,POSTT,TRAN2,0.07,4151.963,3,3,4151.963,0.0,0.0,0.0,0.0,59313.757143
1643232,IT,AT,HOTEL,LEAD1,0.03,4151.838,3,3,4151.838,0.0,0.0,0.0,0.0,138394.6
1756429,IT,KR,CONST,MOTOR,0.02,4151.592,3,3,4151.592,0.0,0.0,0.0,0.0,207579.6
1761270,IT,IN,RUBBE,BRICK,0.01,4151.579,3,3,4151.579,0.0,0.0,0.0,0.0,415157.9
1788626,IT,WA,PRINT,GASDI,0.04,4151.35,3,3,4151.35,0.0,0.0,0.0,0.0,103783.75
1676483,IT,FR,RETA1,STEAM,0.04,4151.3,3,3,4151.3,0.0,0.0,0.0,0.0,103782.5
1740115,IT,GB,COMPU,BIODI,0.05,4151.182,3,3,4151.182,0.0,0.0,0.0,0.0,83023.64
1731638,IT,SI,LEATH,RETA1,0.03,4151.107,3,3,4151.107,0.0,0.0,0.0,0.0,138370.233333
1807784,IT,WF,FOODW,MEATA,0.03,4151.047,3,3,4151.047,0.0,0.0,0.0,0.0,138368.233333
1754675,IT,KR,MEAT4,MEAT4,0.02,4151.014,3,3,4151.014,0.0,0.0,0.0,0.0,207550.7
1648032,IT,BE,COMPU,NONF1,0.05,4150.804,3,3,4150.804,0.0,0.0,0.0,0.0,83016.08
1811226,IT,WM,WHITE,LIQUE,0.02,4150.495,3,3,4150.495,0.0,0.0,0.0,0.0,207524.75
1778249,IT,TR,CONST,CERAM,0.02,4150.339,3,3,4150.339,0.0,0.0,0.0,0.0,207516.95
1798808,IT,WE,FOOD5,COPP1,0.02,4150.184,3,3,4150.184,0.0,0.0,0.0,0.0,207509.2
1796577,IT,WL,HOTEL,COKIN,0.03,4150.108,3,3,4150.108,0.0,0.0,0.0,0.0,138336.933333
1682484,IT,HR,PRINT,PAPER,0.04,4149.98,3,3,4149.98,0.0,0.0,0.0,0.0,103749.5
1731742,IT,SI,PULP5,RETA1,0.01,4149.861,3,3,4149.861,0.0,0.0,0.0,0.0,414986.1
1733144,IT,SI,FABRI,RETAI,0.02,4149.777,3,3,4149.777,0.0,0.0,0.0,0.0,207488.85
1734215,IT,SI,RENTI,PULP5,0.02,4149.516,3,3,4149.516,0.0,0.0,0.0,0.0,207475.8
1754747,IT,KR,DAIRY,MOTO1,0.02,4149.509,3,3,4149.509,0.0,0.0,0.0,0.0,207475.45
1773462,IT,CH,OFFIC,RETAI,0.01,4149.444,3,3,4149.444,0.0,0.0,0.0,0.0,414944.4
1758475,IT,BR,MACHI,PROCE,0.02,4149.291,3,3,4149.291,0.0,0.0,0.0,0.0,207464.55
1749189,IT,CN,PULP5,RADIO,0.01,4148.854,3,3,4148.854,0.0,0.0,0.0,0.0,414885.4
1668242,IT,ES,RETAI,PAPE4,0.03,4148.852,3,3,4148.852,0.0,0.0,0.0,0.0,138295.066667
1642680,IT,AT,FABRI,FOODW,0.02,4148.833,3,3,4148.833,0.0,0.0,0.0,0.0,207441.65
1776270,IT,TR,PAPER,POULT,0.02,4148.58,3,3,4148.58,0.0,0.0,0.0,0.0,207429.0
1793423,IT,WL,CROPS,PUBLI,0.03,4148.454,3,3,4148.454,0.0,0.0,0.0,0.0,138281.8
1678999,IT,GR,LEATH,REALE,0.03,4148.172,3,3,4148.172,0.0,0.0,0.0,0.0,138272.4
1681678,IT,HR,VEGET,EDUCA,0.01,4148.093,3,3,4148.093,0.0,0.0,0.0,0.0,414809.3
1764489,IT,MX,CONST,MOTOR,0.02,4148.055,3,3,4148.055,0.0,0.0,0.0,0.0,207402.75
1661116,IT,DE,PAPE1,SEWAG,0.03,4148.026,3,3,4148.026,0.0,0.0,0.0,0.0,138267.533333
1647091,IT,BE,HOTEL,BIOGA,0.03,4148.012,3,3,4148.012,0.0,0.0,0.0,0.0,138267.066667
1727791,IT,RO,BUSIN,HEAVY,0.04,4148.006,3,3,4148.006,0.0,0.0,0.0,0.0,103700.15
1656183,IT,DE,TEXTI,PFERT,0.02,4147.812,3,3,4147.812,0.0,0.0,0.0,0.0,207390.6
1797417,IT,WL,COMPU,ELEC2,0.05,4147.581,3,3,4147.581,0.0,0.0,0.0,0.0,82951.62
1813268,IT,WM,TRANS,PREC1,0.02,4147.577,3,3,4147.577,0.0,0.0,0.0,0.0,207378.85
1733422,IT,SI,ELEC4,REALE,0.07,4147.324,3,3,4147.324,0.0,0.0,0.0,0.0,59247.485714
1739714,IT,GB,SUPPO,TRAN1,0.03,4147.195,3,3,4147.195,0.0,0.0,0.0,0.0,138239.833333
1736555,IT,SK,SUPPO,ELEC1,0.03,4146.921,3,3,4146.921,0.0,0.0,0.0,0.0,138230.7
1812640,IT,WM,COPP1,DAIRY,0.01,4146.759,3,3,4146.759,0.0,0.0,0.0,0.0,414675.9
1724939,IT,PT,BUSIN,OILHA,0.04,4146.316,3,3,4146.316,0.0,0.0,0.0,0.0,103657.9
1806631,IT,WF,SALEM,RAILW,0.03,4146.304,3,3,4146.304,0.0,0.0,0.0,0.0,138210.133333
1768853,IT,AU,LEATH,SEACO,0.03,4146.007,3,3,4146.007,0.0,0.0,0.0,0.0,138200.233333
1724655,IT,PT,INSUR,TEXTI,0.09,4145.454,3,3,4145.454,0.0,0.0,0.0,0.0,46060.6
1792883,IT,WA,EDUCA,HEALT,0.1,4145.421,3,3,4145.421,0.0,0.0,0.0,0.0,41454.21
1778094,IT,TR,MOTO1,LEAD1,0.02,4145.365,3,3,4145.365,0.0,0.0,0.0,0.0,207268.25
1684519,IT,HR,BUSIN,MEAT1,0.04,4145.348,3,3,4145.348,0.0,0.0,0.0,0.0,103633.7
1813526,IT,WM,WHOLE,FISHF,0.04,4145.308,3,3,4145.308,0.0,0.0,0.0,0.0,103632.7
1762860,IT,IN,PUBLI,COMPU,0.07,4144.815,3,3,4144.815,0.0,0.0,0.0,0.0,59211.642857
1654599,IT,CZ,RAILW,RETA1,0.03,4144.701,3,3,4144.701,0.0,0.0,0.0,0.0,138156.7
1672150,IT,FI,FINAN,BUSIN,0.05,4144.512,3,3,4144.512,0.0,0.0,0.0,0.0,82890.24
1712328,IT,LV,RUBBE,COPP1,0.01,4143.872,3,3,4143.872,0.0,0.0,0.0,0.0,414387.2
1748177,IT,JP,FOODW,TEXT1,0.03,4143.751,3,3,4143.751,0.0,0.0,0.0,0.0,138125.033333
1654583,IT,CZ,RAILW,PFERT,0.03,4143.745,3,3,4143.745,0.0,0.0,0.0,0.0,138124.833333
1741226,IT,US,WOODW,DIST1,0.01,4143.65,3,3,4143.65,0.0,0.0,0.0,0.0,414365.0
1680713,IT,GR,RETA1,FOOD5,0.04,4143.283,3,3,4143.283,0.0,0.0,0.0,0.0,103582.075
1750359,IT,CN,FABRI,NAPHT,0.02,4143.054,3,3,4143.054,0.0,0.0,0.0,0.0,207152.7
1796454,IT,WL,RETA1,WHEAT,0.04,4142.819,3,3,4142.819,0.0,0.0,0.0,0.0,103570.475
1761832,IT,IN,MOTO1,CHEM1,0.02,4142.323,3,3,4142.323,0.0,0.0,0.0,0.0,207116.15
1729534,IT,SE,COPP1,FOOD5,0.01,4142.286,3,3,4142.286,0.0,0.0,0.0,0.0,414228.6
1709853,IT,LT,GLASS,SUGA1,0.01,4142.234,3,3,4142.234,0.0,0.0,0.0,0.0,414223.4
1717571,IT,NL,COMPU,TRANS,0.05,4141.722,3,3,4141.722,0.0,0.0,0.0,0.0,82834.44
1651166,IT,BG,BUSIN,LEATH,0.04,4141.706,3,3,4141.706,0.0,0.0,0.0,0.0,103542.65
1740040,IT,GB,RENTI,NONME,0.02,4141.685,3,3,4141.685,0.0,0.0,0.0,0.0,207084.25
1661453,IT,DK,DAIRY,POSTT,0.02,4141.389,3,3,4141.389,0.0,0.0,0.0,0.0,207069.45
1640754,IT,AT,TEXTI,MEDIC,0.02,4141.206,3,3,4141.206,0.0,0.0,0.0,0.0,207060.3
1764991,IT,MX,FINAN,CONST,0.05,4141.127,3,3,4141.127,0.0,0.0,0.0,0.0,82822.54
1731541,IT,SI,TEXTI,FORES,0.02,4141.003,3,3,4141.003,0.0,0.0,0.0,0.0,207050.15
1768735,IT,AU,WEARI,PLAST,0.03,4140.996,3,3,4140.996,0.0,0.0,0.0,0.0,138033.2
1807628,IT,WF,RESEA,FABRI,0.02,4140.714,3,3,4140.714,0.0,0.0,0.0,0.0,207035.7
1751962,IT,CN,RESEA,WOOLS,0.02,4140.657,3,3,4140.657,0.0,0.0,0.0,0.0,207032.85
1678076,IT,FR,FOODW,BASIC,0.03,4140.635,3,3,4140.635,0.0,0.0,0.0,0.0,138021.166667
1710764,IT,LU,TOBAC,BUSIN,0.02,4140.493,3,3,4140.493,0.0,0.0,0.0,0.0,207024.65
1658756,IT,DE,OFFIC,WASTE,0.01,4140.398,3,3,4140.398,0.0,0.0,0.0,0.0,414039.8
1740287,IT,GB,BUSIN,FOOD3,0.04,4140.314,3,3,4140.314,0.0,0.0,0.0,0.0,103507.85
1750575,IT,CN,OFFIC,WEARI,0.01,4140.266,3,3,4140.266,0.0,0.0,0.0,0.0,414026.6
1687191,IT,HU,CONST,NATU1,0.02,4140.028,3,3,4140.028,0.0,0.0,0.0,0.0,207001.4
1803993,IT,WF,LEATH,DIST1,0.03,4139.929,3,3,4139.929,0.0,0.0,0.0,0.0,137997.633333
1732587,IT,SI,GLASS,MEATA,0.01,4139.852,3,3,4139.852,0.0,0.0,0.0,0.0,413985.2
1783218,IT,NO,BUSIN,DISTR,0.04,4139.841,3,3,4139.841,0.0,0.0,0.0,0.0,103496.025
1710543,IT,LT,SUPPO,REALE,0.03,4139.605,3,3,4139.605,0.0,0.0,0.0,0.0,137986.833333
1734827,IT,SK,PAPER,CATTL,0.02,4139.588,3,3,4139.588,0.0,0.0,0.0,0.0,206979.4
1675477,IT,FR,OFFIC,KEROS,0.01,4139.571,3,3,4139.571,0.0,0.0,0.0,0.0,413957.1
1724026,IT,PT,RETAI,HEALT,0.03,4139.421,3,3,4139.421,0.0,0.0,0.0,0.0,137980.7
1747918,IT,JP,COMPU,HOTEL,0.05,4139.32,3,3,4139.32,0.0,0.0,0.0,0.0,82786.4
1668122,IT,ES,CONST,FINAN,0.02,4139.189,3,3,4139.189,0.0,0.0,0.0,0.0,206959.45
1690359,IT,IE,WASTE,CROPS,0.01,4139.04,3,3,4139.04,0.0,0.0,0.0,0.0,413904.0
1782639,IT,NO,SALEM,MACHI,0.03,4138.972,3,3,4138.972,0.0,0.0,0.0,0.0,137965.733333
1752545,IT,CA,FOOD5,RESEA,0.02,4138.505,3,3,4138.505,0.0,0.0,0.0,0.0,206925.25
1727923,IT,SE,VEGET,RETA1,0.01,4138.327,3,3,4138.327,0.0,0.0,0.0,0.0,413832.7
1725420,IT,RO,TEXTI,AUXIL,0.02,4138.276,3,3,4138.276,0.0,0.0,0.0,0.0,206913.8
1760522,IT,IN,WEARI,WHOLE,0.03,4138.145,3,3,4138.145,0.0,0.0,0.0,0.0,137938.166667
1647282,IT,BE,LANDT,INSUR,0.03,4137.927,3,3,4137.927,0.0,0.0,0.0,0.0,137930.9
1661916,IT,DK,PRINT,SALEM,0.04,4137.599,3,3,4137.599,0.0,0.0,0.0,0.0,103439.975
1753862,IT,CA,RETA1,BEVER,0.04,4137.247,3,3,4137.247,0.0,0.0,0.0,0.0,103431.175
1669439,IT,ES,INSUR,FINAN,0.09,4137.195,3,3,4137.195,0.0,0.0,0.0,0.0,45968.833333
1806435,IT,WF,TRANS,LEADZ,0.02,4137.191,3,3,4137.191,0.0,0.0,0.0,0.0,206859.55
1763375,IT,MX,PRINT,MEDIC,0.04,4137.121,3,3,4137.121,0.0,0.0,0.0,0.0,103428.025
1774952,IT,CH,INSUR,MEMBE,0.09,4137.021,3,3,4137.021,0.0,0.0,0.0,0.0,45966.9
1661504,IT,DK,FOOD5,FABRI,0.02,4136.891,3,3,4136.891,0.0,0.0,0.0,0.0,206844.55
1653833,IT,CZ,FABRI,CHEMI,0.02,4136.586,3,3,4136.586,0.0,0.0,0.0,0.0,206829.3
1688302,IT,IE,MEATC,MEATC,0.01,4136.142,3,3,4136.142,0.0,0.0,0.0,0.0,413614.2
1786696,IT,ZA,RETA1,POULT,0.04,4135.159,3,3,4135.159,0.0,0.0,0.0,0.0,103378.975
1648343,IT,BE,HEALT,FABRI,0.02,4135.052,3,3,4135.052,0.0,0.0,0.0,0.0,206752.6
1669345,IT,ES,FINAN,COMPU,0.05,4134.874,3,3,4134.874,0.0,0.0,0.0,0.0,82697.48
1748212,IT,JP,PAPE1,TEXT1,0.03,4134.816,3,3,4134.816,0.0,0.0,0.0,0.0,137827.2
1734764,IT,SK,WOODW,TEXTI,0.01,4134.332,3,3,4134.332,0.0,0.0,0.0,0.0,413433.2
1662220,IT,DK,GLASS,CERAM,0.01,4134.145,3,3,4134.145,0.0,0.0,0.0,0.0,413414.5
1781988,IT,NO,RUBBE,KERO1,0.01,4134.006,3,3,4134.006,0.0,0.0,0.0,0.0,413400.6
1662882,IT,DK,WHOLE,ALUM1,0.04,4133.792,3,3,4133.792,0.0,0.0,0.0,0.0,103344.8
1680804,IT,GR,RAILW,AVIAT,0.03,4133.789,3,3,4133.789,0.0,0.0,0.0,0.0,137792.966667
1766536,IT,RU,COPP1,RUBBE,0.01,4133.693,3,3,4133.693,0.0,0.0,0.0,0.0,413369.3
1672275,IT,FI,RENTI,GASDI,0.02,4133.476,3,3,4133.476,0.0,0.0,0.0,0.0,206673.8
1808971,IT,WM,VEGET,RAWMI,0.01,4133.441,3,3,4133.441,0.0,0.0,0.0,0.0,413344.1
1743407,IT,US,SALEM,PAPE1,0.03,4133.317,3,3,4133.317,0.0,0.0,0.0,0.0,137777.233333
1662167,IT,DK,RUBBE,DISTR,0.01,4133.103,3,3,4133.103,0.0,0.0,0.0,0.0,413310.3
1662650,IT,DK,MACHI,KEROS,0.02,4133.041,3,3,4133.041,0.0,0.0,0.0,0.0,206652.05
1739284,IT,GB,HOTEL,GLASS,0.03,4132.916,3,3,4132.916,0.0,0.0,0.0,0.0,137763.866667
1752213,IT,CN,PUBLI,AUXIL,0.07,4132.379,3,3,4132.379,0.0,0.0,0.0,0.0,59033.985714
1803711,IT,WF,BEVER,MEMBE,0.02,4132.181,3,3,4132.181,0.0,0.0,0.0,0.0,206609.05
1724156,IT,PT,RETA1,INLAN,0.04,4132.008,3,3,4132.008,0.0,0.0,0.0,0.0,103300.2
1725637,IT,RO,PULP5,MOTOR,0.01,4131.801,3,3,4131.801,0.0,0.0,0.0,0.0,413180.1
1755045,IT,KR,WEARI,ELEC1,0.03,4131.731,3,3,4131.731,0.0,0.0,0.0,0.0,137724.366667
1718280,IT,PL,FOOD5,LIQUE,0.02,4130.774,3,3,4130.774,0.0,0.0,0.0,0.0,206538.7
1752395,IT,CA,VEGE1,FISH5,0.01,4130.652,3,3,4130.652,0.0,0.0,0.0,0.0,413065.2
1723584,IT,PT,FABRI,NAPHT,0.02,4130.485,3,3,4130.485,0.0,0.0,0.0,0.0,206524.25
1649865,IT,BG,COPP1,MOTO1,0.01,4130.383,3,3,4130.383,0.0,0.0,0.0,0.0,413038.3
1724028,IT,PT,RETAI,FOOD4,0.03,4130.248,3,3,4130.248,0.0,0.0,0.0,0.0,137674.933333
1736805,IT,SK,COMPU,HOTEL,0.05,4130.092,3,3,4130.092,0.0,0.0,0.0,0.0,82601.84
1759191,IT,BR,SUPPO,DAIRY,0.03,4129.961,3,3,4129.961,0.0,0.0,0.0,0.0,137665.366667
1759434,IT,BR,INSUR,FINAN,0.09,4129.757,3,3,4129.757,0.0,0.0,0.0,0.0,45886.188889
1766871,IT,RU,OFFIC,TOBAC,0.01,4129.674,3,3,4129.674,0.0,0.0,0.0,0.0,412967.4
1672435,IT,FI,BUSIN,OILHA,0.04,4129.59,3,3,4129.59,0.0,0.0,0.0,0.0,103239.75
1737521,IT,GB,WOODW,PREC1,0.01,4129.579,3,3,4129.579,0.0,0.0,0.0,0.0,412957.9
1763664,IT,MX,RUBBE,COKEO,0.01,4129.483,3,3,4129.483,0.0,0.0,0.0,0.0,412948.3
1672462,IT,FI,INTER,RESEA,0.02,4129.246,3,3,4129.246,0.0,0.0,0.0,0.0,206462.3
1648991,IT,BG,LEATH,AIRTR,0.03,4128.973,3,3,4128.973,0.0,0.0,0.0,0.0,137632.433333
1727715,IT,RO,COMPU,ELEC4,0.05,4128.882,3,3,4128.882,0.0,0.0,0.0,0.0,82577.64
1710247,IT,LT,MOTO1,RAWMI,0.02,4128.738,3,3,4128.738,0.0,0.0,0.0,0.0,206436.9
1778152,IT,TR,TRANS,RETA1,0.02,4128.703,3,3,4128.703,0.0,0.0,0.0,0.0,206435.15
1711809,IT,LU,PUBLI,PUBLI,0.07,4128.574,3,3,4128.574,0.0,0.0,0.0,0.0,58979.628571
1684750,IT,HU,VEGET,SEWAG,0.01,4128.466,3,3,4128.466,0.0,0.0,0.0,0.0,412846.6
1733423,IT,SI,ELEC5,PLAST,0.05,4128.451,3,3,4128.451,0.0,0.0,0.0,0.0,82569.02
1662922,IT,DK,RETA1,HEAVY,0.04,4128.339,3,3,4128.339,0.0,0.0,0.0,0.0,103208.475
1722886,IT,PT,PRINT,COMPU,0.04,4128.282,3,3,4128.282,0.0,0.0,0.0,0.0,103207.05
1745140,IT,US,RECRE,RESEA,0.05,4128.263,3,3,4128.263,0.0,0.0,0.0,0.0,82565.26
1712490,IT,LV,FABRI,PIGS9,0.02,4128.226,3,3,4128.226,0.0,0.0,0.0,0.0,206411.3
1799369,IT,WE,PULP5,DAIRY,0.01,4128.175,3,3,4128.175,0.0,0.0,0.0,0.0,412817.5
1649039,IT,BG,WOODW,RAILW,0.01,4127.877,3,3,4127.877,0.0,0.0,0.0,0.0,412787.7
1736249,IT,SK,RETA1,INERT,0.04,4127.868,3,3,4127.868,0.0,0.0,0.0,0.0,103196.7
1735882,IT,SK,OFFIC,ALUM1,0.01,4127.559,3,3,4127.559,0.0,0.0,0.0,0.0,412755.9
1785014,IT,ID,BUSIN,WEARI,0.04,4127.129,3,3,4127.129,0.0,0.0,0.0,0.0,103178.225
1652666,IT,CZ,WOODW,OILHA,0.01,4127.076,3,3,4127.076,0.0,0.0,0.0,0.0,412707.6
1757303,IT,BR,FOOD5,FABRI,0.02,4127.051,3,3,4127.051,0.0,0.0,0.0,0.0,206352.55
1681392,IT,GR,REALE,FURNI,0.17,4126.895,3,3,4126.895,0.0,0.0,0.0,0.0,24275.852941
1650724,IT,BG,HOTEL,ALUM1,0.03,4126.781,3,3,4126.781,0.0,0.0,0.0,0.0,137559.366667
1664129,IT,EE,RUBBE,CHEM1,0.01,4126.633,3,3,4126.633,0.0,0.0,0.0,0.0,412663.3
1684613,IT,HR,WASTE,BUSIN,0.01,4126.619,3,3,4126.619,0.0,0.0,0.0,0.0,412661.9
1680707,IT,GR,RETA1,VEGET,0.04,4126.562,3,3,4126.562,0.0,0.0,0.0,0.0,103164.05
1689639,IT,IE,SUPPO,RESEA,0.03,4126.293,3,3,4126.293,0.0,0.0,0.0,0.0,137543.1
1780145,IT,TW,HOTEL,ADDIT,0.03,4126.173,3,3,4126.173,0.0,0.0,0.0,0.0,137539.1
1688278,IT,IE,ANIMA,PLAST,0.02,4126.075,3,3,4126.075,0.0,0.0,0.0,0.0,206303.75
1727357,IT,RO,POSTT,RESEA,0.07,4125.982,3,3,4125.982,0.0,0.0,0.0,0.0,58942.6
1651198,IT,BG,BUSIN,ELEC4,0.04,4125.907,3,3,4125.907,0.0,0.0,0.0,0.0,103147.675
1650990,IT,BG,SUPPO,ELEC1,0.03,4125.772,3,3,4125.772,0.0,0.0,0.0,0.0,137525.733333
1741255,IT,US,PULP5,PULP5,0.01,4125.692,3,3,4125.692,0.0,0.0,0.0,0.0,412569.2
1654136,IT,CZ,MOTO1,STONE,0.02,4125.616,3,3,4125.616,0.0,0.0,0.0,0.0,206280.8
1776386,IT,TR,PRINT,ELECT,0.04,4125.199,3,3,4125.199,0.0,0.0,0.0,0.0,103129.975
1686696,IT,HU,COPP1,LIQUE,0.01,4125.052,3,3,4125.052,0.0,0.0,0.0,0.0,412505.2
1662195,IT,DK,RUBBE,INERT,0.01,4125.006,3,3,4125.006,0.0,0.0,0.0,0.0,412500.6
1757995,IT,BR,RUBBE,PULP5,0.01,4125.006,3,3,4125.006,0.0,0.0,0.0,0.0,412500.6
1652680,IT,CZ,PAPER,OILSE,0.02,4124.905,3,3,4124.905,0.0,0.0,0.0,0.0,206245.25
1763313,IT,MX,PAPER,ELEC2,0.02,4124.846,3,3,4124.846,0.0,0.0,0.0,0.0,206242.3
1765309,IT,RU,PROCE,INERT,0.03,4124.607,3,3,4124.607,0.0,0.0,0.0,0.0,137486.9
1753815,IT,CA,WHOLE,WEARI,0.04,4124.549,3,3,4124.549,0.0,0.0,0.0,0.0,103113.725
1786657,IT,ZA,WHOLE,CEMEN,0.04,4123.888,3,3,4123.888,0.0,0.0,0.0,0.0,103097.2
1670075,IT,ES,WASTE,SUPPO,0.01,4123.815,3,3,4123.815,0.0,0.0,0.0,0.0,412381.5
1724213,IT,PT,HOTEL,RESEA,0.03,4123.737,3,3,4123.737,0.0,0.0,0.0,0.0,137457.9
1678312,IT,FR,FOOD3,WOOD2,0.01,4123.595,3,3,4123.595,0.0,0.0,0.0,0.0,412359.5
1808485,IT,WF,FOOD4,DIST1,0.03,4123.309,3,3,4123.309,0.0,0.0,0.0,0.0,137443.633333
1745294,IT,JP,MEAT4,PRINT,0.02,4123.269,3,3,4123.269,0.0,0.0,0.0,0.0,206163.45
1737605,IT,GB,PAPER,NFERT,0.02,4123.035,3,3,4123.035,0.0,0.0,0.0,0.0,206151.75
1653893,IT,CZ,FABRI,TRAN1,0.02,4122.958,3,3,4122.958,0.0,0.0,0.0,0.0,206147.9
1808782,IT,WF,WOOD2,LIQUE,0.02,4122.856,3,3,4122.856,0.0,0.0,0.0,0.0,206142.8
1747252,IT,JP,WHOLE,FISHF,0.04,4122.832,3,3,4122.832,0.0,0.0,0.0,0.0,103070.8
1671387,IT,FI,FABRI,LEADZ,0.02,4122.75,3,3,4122.75,0.0,0.0,0.0,0.0,206137.5
1806322,IT,WF,OFFIC,MEDIC,0.01,4122.384,3,3,4122.384,0.0,0.0,0.0,0.0,412238.4
1651949,IT,CY,BUSIN,SECO9,0.04,4122.256,3,3,4122.256,0.0,0.0,0.0,0.0,103056.4
1786262,IT,ZA,FABRI,LEADZ,0.02,4122.088,3,3,4122.088,0.0,0.0,0.0,0.0,206104.4
1667702,IT,ES,MACHI,SEACO,0.02,4121.979,3,3,4121.979,0.0,0.0,0.0,0.0,206098.95
1709526,IT,LT,LEATH,BUSIN,0.03,4121.963,3,3,4121.963,0.0,0.0,0.0,0.0,137398.766667
1770872,IT,AU,BUSIN,TRAN1,0.04,4121.836,3,3,4121.836,0.0,0.0,0.0,0.0,103045.9
1779550,IT,TR,COMPU,FISH5,0.05,4121.735,3,3,4121.735,0.0,0.0,0.0,0.0,82434.7
1736545,IT,SK,SUPPO,BASIC,0.03,4121.722,3,3,4121.722,0.0,0.0,0.0,0.0,137390.733333
1762942,IT,MX,VEGE1,STONE,0.01,4121.33,3,3,4121.33,0.0,0.0,0.0,0.0,412133.0
1717854,IT,PL,VEGET,LEATH,0.01,4121.136,3,3,4121.136,0.0,0.0,0.0,0.0,412113.6
1799485,IT,WE,PAPER,ELEC1,0.02,4121.093,3,3,4121.093,0.0,0.0,0.0,0.0,206054.65
1773936,IT,CH,SALEM,GASDI,0.03,4120.919,3,3,4120.919,0.0,0.0,0.0,0.0,137363.966667
1736678,IT,SK,INSUR,INTER,0.08,4120.872,3,3,4120.872,0.0,0.0,0.0,0.0,51510.9
1786970,IT,ZA,POSTT,RECRE,0.07,4120.812,3,3,4120.812,0.0,0.0,0.0,0.0,58868.742857
1663350,IT,DK,SUPPO,RADIO,0.03,4120.698,3,3,4120.698,0.0,0.0,0.0,0.0,137356.6
1783106,IT,NO,INSUR,INTER,0.08,4120.318,3,3,4120.318,0.0,0.0,0.0,0.0,51503.975
1799546,IT,WE,PRINT,GLASS,0.04,4120.296,3,3,4120.296,0.0,0.0,0.0,0.0,103007.4
1814557,IT,WM,BUSIN,WEARI,0.04,4120.165,3,3,4120.165,0.0,0.0,0.0,0.0,103004.125
1767704,IT,RU,FINAN,RUBBE,0.05,4120.156,3,3,4120.156,0.0,0.0,0.0,0.0,82403.12
1720988,IT,PL,RETA1,FURNI,0.04,4120.097,3,3,4120.097,0.0,0.0,0.0,0.0,103002.425
1809893,IT,WM,BEVER,ETHAN,0.02,4120.035,3,3,4120.035,0.0,0.0,0.0,0.0,206001.75
1753943,IT,CA,LANDT,NATUR,0.03,4120.029,3,3,4120.029,0.0,0.0,0.0,0.0,137334.3
1679110,IT,GR,PAPER,KEROS,0.02,4119.882,3,3,4119.882,0.0,0.0,0.0,0.0,205994.1
1774395,IT,CH,HOTEL,WASTE,0.03,4119.78,3,3,4119.78,0.0,0.0,0.0,0.0,137326.0
1668355,IT,ES,WHOLE,TEXT2,0.04,4119.764,3,3,4119.764,0.0,0.0,0.0,0.0,102994.1
1720560,IT,PL,OFFIC,ELEC5,0.01,4119.59,3,3,4119.59,0.0,0.0,0.0,0.0,411959.0
1672849,IT,FR,VEGE1,SANDC,0.01,4119.305,3,3,4119.305,0.0,0.0,0.0,0.0,411930.5
1710222,IT,LT,OFFIC,SALEM,0.01,4119.268,3,3,4119.268,0.0,0.0,0.0,0.0,411926.8
1717341,IT,NL,FINAN,TRANS,0.05,4119.024,3,3,4119.024,0.0,0.0,0.0,0.0,82380.48
1774182,IT,CH,RETA1,STONE,0.04,4119.021,3,3,4119.021,0.0,0.0,0.0,0.0,102975.525
1753936,IT,CA,LANDT,OILSE,0.03,4118.56,3,3,4118.56,0.0,0.0,0.0,0.0,137285.333333
1726504,IT,RO,MACHI,CEMEN,0.02,4118.395,3,3,4118.395,0.0,0.0,0.0,0.0,205919.75
1714151,IT,MT,SUPPO,SEACO,0.03,4118.368,3,3,4118.368,0.0,0.0,0.0,0.0,137278.933333
1686953,IT,HU,MACHI,SECO9,0.02,4118.259,3,3,4118.259,0.0,0.0,0.0,0.0,205912.95
1686835,IT,HU,FABRI,ELEC5,0.02,4118.21,3,3,4118.21,0.0,0.0,0.0,0.0,205910.5
1745919,IT,JP,LEATH,WASTE,0.03,4118.162,3,3,4118.162,0.0,0.0,0.0,0.0,137272.066667
1732506,IT,SI,RUBBE,MEAT4,0.01,4118.111,3,3,4118.111,0.0,0.0,0.0,0.0,411811.1
1658298,IT,DE,COPP1,ELEC4,0.01,4117.907,3,3,4117.907,0.0,0.0,0.0,0.0,411790.7
1718920,IT,PL,PRINT,BRICK,0.04,4117.88,3,3,4117.88,0.0,0.0,0.0,0.0,102947.0
1754513,IT,CA,BUSIN,COPP1,0.04,4117.792,3,3,4117.792,0.0,0.0,0.0,0.0,102944.8
1765303,IT,RU,DAIRY,EDUCA,0.02,4117.622,3,3,4117.622,0.0,0.0,0.0,0.0,205881.1
1647296,IT,BE,LANDT,TEXT1,0.03,4117.579,3,3,4117.579,0.0,0.0,0.0,0.0,137252.633333
1784995,IT,ID,INSUR,RECRE,0.08,4117.415,3,3,4117.415,0.0,0.0,0.0,0.0,51467.6875
1649995,IT,BG,MACHI,PIGS9,0.02,4117.347,3,3,4117.347,0.0,0.0,0.0,0.0,205867.35
1688520,IT,IE,WOODW,BUSIN,0.01,4117.259,3,3,4117.259,0.0,0.0,0.0,0.0,411725.9
1709767,IT,LT,RUBBE,FISHF,0.01,4117.216,3,3,4117.216,0.0,0.0,0.0,0.0,411721.6
1791625,IT,WA,HOTEL,BEVER,0.03,4117.169,3,3,4117.169,0.0,0.0,0.0,0.0,137238.966667
1759849,IT,BR,FOODW,FURNI,0.03,4117.065,3,3,4117.065,0.0,0.0,0.0,0.0,137235.5
1801937,IT,WE,SALEM,MOTO1,0.03,4116.867,3,3,4116.867,0.0,0.0,0.0,0.0,137228.9
1648528,IT,BG,FORES,PULP5,0.04,4116.794,4,4,4114.794,0.0,2.0,0.0,0.0,102919.85
1658709,IT,DE,OFFIC,ELECT,0.01,4116.657,3,3,4116.657,0.0,0.0,0.0,0.0,411665.7
1799327,IT,WE,WOODW,HEAVY,0.01,4116.623,3,3,4116.623,0.0,0.0,0.0,0.0,411662.3
1723525,IT,PT,COPP1,ELEC5,0.01,4116.597,3,3,4116.597,0.0,0.0,0.0,0.0,411659.7
1739106,IT,GB,WHOLE,CEMEN,0.04,4116.488,3,3,4116.488,0.0,0.0,0.0,0.0,102912.2
1791420,IT,WA,WHOLE,SUGA1,0.04,4116.364,3,3,4116.364,0.0,0.0,0.0,0.0,102909.1
1651973,IT,CY,BUSIN,MEMBE,0.04,4116.071,3,3,4116.071,0.0,0.0,0.0,0.0,102901.775
1765134,IT,MX,BUSIN,COPPE,0.04,4115.968,3,3,4115.968,0.0,0.0,0.0,0.0,102899.2
1720138,IT,PL,COPP1,FISHF,0.01,4115.912,3,3,4115.912,0.0,0.0,0.0,0.0,411591.2
1813786,IT,WM,HOTEL,FOOD3,0.03,4115.82,3,3,4115.82,0.0,0.0,0.0,0.0,137194.0
1727028,IT,RO,RAILW,CRUDE,0.03,4115.621,3,3,4115.621,0.0,0.0,0.0,0.0,137187.366667
1807855,IT,WF,PAPE1,SUGA1,0.03,4115.332,3,3,4115.332,0.0,0.0,0.0,0.0,137177.733333
1783333,IT,NO,PAPE1,RENTI,0.03,4115.324,3,3,4115.324,0.0,0.0,0.0,0.0,137177.466667
1803922,IT,WF,WEARI,TRANS,0.03,4115.25,3,3,4115.25,0.0,0.0,0.0,0.0,137175.0
1662115,IT,DK,RUBBE,OILSE,0.01,4115.207,3,3,4115.207,0.0,0.0,0.0,0.0,411520.7
1768159,IT,RU,PUBLI,BASIC,0.07,4115.139,3,3,4115.139,0.0,0.0,0.0,0.0,58787.7
1728656,IT,SE,PRINT,FURNI,0.04,4114.953,3,3,4114.953,0.0,0.0,0.0,0.0,102873.825
1662980,IT,DK,HOTEL,SANDC,0.03,4114.584,3,3,4114.584,0.0,0.0,0.0,0.0,137152.8
1763745,IT,MX,GLASS,KEROS,0.01,4114.491,3,3,4114.491,0.0,0.0,0.0,0.0,411449.1
1721888,IT,PL,RENTI,WOODW,0.02,4114.479,3,3,4114.479,0.0,0.0,0.0,0.0,205723.95
1764664,IT,MX,RETA1,FINAN,0.04,4114.438,3,3,4114.438,0.0,0.0,0.0,0.0,102860.95
1676012,IT,FR,ELEC5,HOTEL,0.05,4114.224,3,3,4114.224,0.0,0.0,0.0,0.0,82284.48
1659336,IT,DE,RETAI,TRANS,0.03,4114.015,3,3,4114.015,0.0,0.0,0.0,0.0,137133.833333
1671869,IT,FI,HOTEL,PLAST,0.03,4113.823,3,3,4113.823,0.0,0.0,0.0,0.0,137127.433333
1727121,IT,RO,LANDT,NONME,0.03,4113.539,3,3,4113.539,0.0,0.0,0.0,0.0,137117.966667
1793976,IT,WL,WOODW,PRINT,0.01,4113.492,3,3,4113.492,0.0,0.0,0.0,0.0,411349.2
1770180,IT,AU,RETA1,REALE,0.04,4113.308,3,3,4113.308,0.0,0.0,0.0,0.0,102832.7
1685336,IT,HU,WEARI,POSTT,0.03,4113.009,3,3,4113.009,0.0,0.0,0.0,0.0,137100.3
1663381,IT,DK,POSTT,OFFIC,0.07,4113.003,3,3,4113.003,0.0,0.0,0.0,0.0,58757.185714
1779877,IT,TR,PUBLI,FINAN,0.07,4112.869,3,3,4112.869,0.0,0.0,0.0,0.0,58755.271429
1678912,IT,GR,TEXTI,HEAVY,0.02,4112.726,3,3,4112.726,0.0,0.0,0.0,0.0,205636.3
1790523,IT,WA,COPP1,93197,0.01,4112.677,3,3,4112.677,0.0,0.0,0.0,0.0,411267.7
1655827,IT,DE,VEGE1,CEMEN,0.01,4112.554,3,3,4112.554,0.0,0.0,0.0,0.0,411255.4
1737422,IT,GB,WEARI,FURNI,0.03,4112.439,3,3,4112.439,0.0,0.0,0.0,0.0,137081.3
1782593,IT,NO,FURNI,SANDC,0.01,4112.134,3,3,4112.134,0.0,0.0,0.0,0.0,411213.4
1778504,IT,TR,RETA1,BITUM,0.04,4111.861,3,3,4111.861,0.0,0.0,0.0,0.0,102796.525
1814444,IT,WM,COMPU,PRINT,0.05,4111.81,3,3,4111.81,0.0,0.0,0.0,0.0,82236.2
1758071,IT,BR,GLASS,POULT,0.01,4111.573,3,3,4111.573,0.0,0.0,0.0,0.0,411157.3
1724880,IT,PT,BUSIN,PREC1,0.04,4111.445,3,3,4111.445,0.0,0.0,0.0,0.0,102786.125
1678109,IT,FR,PAPE1,MACHI,0.03,4111.387,3,3,4111.387,0.0,0.0,0.0,0.0,137046.233333
1792253,IT,WA,POSTT,CEMEN,0.07,4111.37,3,3,4111.37,0.0,0.0,0.0,0.0,58733.857143
1739124,IT,GB,WHOLE,RAILW,0.04,4111.229,3,3,4111.229,0.0,0.0,0.0,0.0,102780.725
1780667,IT,TW,AUXIL,COPP1,0.08,4110.992,3,3,4110.992,0.0,0.0,0.0,0.0,51387.4
1810131,IT,WM,WEARI,SANDC,0.03,4110.621,3,3,4110.621,0.0,0.0,0.0,0.0,137020.7
1790965,IT,WA,MOTO1,MEATC,0.02,4110.494,3,3,4110.494,0.0,0.0,0.0,0.0,205524.7
1648791,IT,BG,BEVER,RAILW,0.02,4110.463,3,3,4110.463,0.0,0.0,0.0,0.0,205523.15
1720862,IT,PL,FURNI,INTER,0.01,4110.148,3,3,4110.148,0.0,0.0,0.0,0.0,411014.8
1786441,IT,ZA,OFFIC,RECRE,0.01,4110.145,3,3,4110.145,0.0,0.0,0.0,0.0,411014.5
1728231,IT,SE,FOOD5,DIST1,0.02,4110.057,3,3,4110.057,0.0,0.0,0.0,0.0,205502.85
1775088,IT,CH,RENTI,TEXT1,0.02,4109.865,3,3,4109.865,0.0,0.0,0.0,0.0,205493.25
1803245,IT,WF,MEATA,IRONO,0.02,4109.778,3,3,4109.778,0.0,0.0,0.0,0.0,205488.9
1676302,IT,FR,RETAI,OILSE,0.03,4109.591,3,3,4109.591,0.0,0.0,0.0,0.0,136986.366667
1747378,IT,JP,RETA1,POSTT,0.04,4109.547,3,3,4109.547,0.0,0.0,0.0,0.0,102738.675
1784472,IT,ID,COPP1,TRANS,0.01,4109.218,3,3,4109.218,0.0,0.0,0.0,0.0,410921.8
1787649,IT,WA,MEAT4,RETAI,0.02,4109.102,3,3,4109.102,0.0,0.0,0.0,0.0,205455.1
1810481,IT,WM,PAPER,POULT,0.02,4108.956,3,3,4108.956,0.0,0.0,0.0,0.0,205447.8
1722654,IT,PT,WEARI,ANIMA,0.03,4108.914,3,3,4108.914,0.0,0.0,0.0,0.0,136963.8
1673664,IT,FR,PULP5,HEAVY,0.01,4108.878,3,3,4108.878,0.0,0.0,0.0,0.0,410887.8
1779112,IT,TR,SUPPO,TRAN2,0.03,4108.408,3,3,4108.408,0.0,0.0,0.0,0.0,136946.933333
1731007,IT,SE,FOOD3,BASIC,0.01,4108.24,3,3,4108.24,0.0,0.0,0.0,0.0,410824.0
1735681,IT,SK,FABRI,MOTOR,0.02,4108.186,3,3,4108.186,0.0,0.0,0.0,0.0,205409.3
1716587,IT,NL,SALEM,PLAST,0.03,4108.171,3,3,4108.171,0.0,0.0,0.0,0.0,136939.033333
1736785,IT,SK,COMPU,RUBBE,0.05,4108.084,3,3,4108.084,0.0,0.0,0.0,0.0,82161.68
1654129,IT,CZ,MOTO1,SUGAR,0.02,4107.913,3,3,4107.913,0.0,0.0,0.0,0.0,205395.65
1640373,IT,AT,MEATP,ELEC2,0.02,4107.779,3,3,4107.779,0.0,0.0,0.0,0.0,205388.95
1654076,IT,CZ,OFFIC,BITUM,0.01,4107.765,3,3,4107.765,0.0,0.0,0.0,0.0,410776.5
1678184,IT,FR,INTER,WOOD1,0.02,4107.61,3,3,4107.61,0.0,0.0,0.0,0.0,205380.5
1794027,IT,WL,PULP5,FISH5,0.01,4107.389,3,3,4107.389,0.0,0.0,0.0,0.0,410738.9
1787098,IT,ZA,BUSIN,OFFIC,0.04,4106.909,3,3,4106.909,0.0,0.0,0.0,0.0,102672.725
1802550,IT,WE,FINAN,WEARI,0.05,4106.826,3,3,4106.826,0.0,0.0,0.0,0.0,82136.52
1722708,IT,PT,WOODW,TEXTI,0.01,4106.52,3,3,4106.52,0.0,0.0,0.0,0.0,410652.0
1806739,IT,WF,WHOLE,RETAI,0.04,4106.324,3,3,4106.324,0.0,0.0,0.0,0.0,102658.1
1756643,IT,KR,LANDT,CEMEN,0.03,4106.297,3,3,4106.297,0.0,0.0,0.0,0.0,136876.566667
1726544,IT,RO,OFFIC,PRINT,0.01,4106.254,3,3,4106.254,0.0,0.0,0.0,0.0,410625.4
1793716,IT,WL,FOOD5,POSTT,0.02,4105.996,3,3,4105.996,0.0,0.0,0.0,0.0,205299.8
1722707,IT,PT,WOODW,FISH5,0.01,4105.895,3,3,4105.895,0.0,0.0,0.0,0.0,410589.5
1672831,IT,FR,MEAT4,POSTT,0.02,4105.74,3,3,4105.74,0.0,0.0,0.0,0.0,205287.0
1718709,IT,PL,WOODW,INTER,0.01,4105.396,3,3,4105.396,0.0,0.0,0.0,0.0,410539.6
1658512,IT,DE,FABRI,PAPE4,0.02,4105.347,3,3,4105.347,0.0,0.0,0.0,0.0,205267.35
1730070,IT,SE,RETA1,TEXTI,0.04,4105.053,3,3,4105.053,0.0,0.0,0.0,0.0,102626.325
1724813,IT,PT,COMPU,SUPPO,0.05,4104.967,3,3,4104.967,0.0,0.0,0.0,0.0,82099.34
1714046,IT,MT,HOTEL,SEACO,0.03,4104.779,3,3,4104.779,0.0,0.0,0.0,0.0,136825.966667
1651302,IT,CY,TEXTI,WOODW,0.02,4104.691,3,3,4104.691,0.0,0.0,0.0,0.0,205234.55
1676023,IT,FR,ELEC5,HEALT,0.05,4104.358,3,3,4104.358,0.0,0.0,0.0,0.0,82087.16
1773974,IT,CH,SALEM,INLAN,0.03,4103.836,3,3,4103.836,0.0,0.0,0.0,0.0,136794.533333
1689965,IT,IE,REALE,PRINT,0.17,4103.607,3,3,4103.607,0.0,0.0,0.0,0.0,24138.864706
1684359,IT,HR,SUPPO,COMPU,0.03,4103.557,3,3,4103.557,0.0,0.0,0.0,0.0,136785.233333
1646740,IT,BE,CONST,CEMEN,0.02,4103.503,3,3,4103.503,0.0,0.0,0.0,0.0,205175.15
1649047,IT,BG,WOODW,HEALT,0.01,4103.392,3,3,4103.392,0.0,0.0,0.0,0.0,410339.2
1772595,IT,CH,RUBBE,WASTE,0.01,4103.341,3,3,4103.341,0.0,0.0,0.0,0.0,410334.1
1764559,IT,MX,WHOLE,MEATP,0.04,4103.149,3,3,4103.149,0.0,0.0,0.0,0.0,102578.725
1717554,IT,NL,RENTI,EDUCA,0.02,4102.896,3,3,4102.896,0.0,0.0,0.0,0.0,205144.8
1678278,IT,FR,FOOD2,RENTI,0.02,4102.844,3,3,4102.844,0.0,0.0,0.0,0.0,205142.2
1799377,IT,WE,PULP5,OFFIC,0.01,4102.792,3,3,4102.792,0.0,0.0,0.0,0.0,410279.2
1791194,IT,WA,FURNI,PULP5,0.01,4102.647,3,3,4102.647,0.0,0.0,0.0,0.0,410264.7
1733180,IT,SI,MACHI,CROPS,0.02,4102.447,3,3,4102.447,0.0,0.0,0.0,0.0,205122.35
1787742,IT,WA,VEGE1,INSUR,0.01,4102.397,3,3,4102.397,0.0,0.0,0.0,0.0,410239.7
1661736,IT,DK,LEATH,MEAT4,0.03,4102.359,3,3,4102.359,0.0,0.0,0.0,0.0,136745.3
1664364,IT,EE,FABRI,TRAN2,0.02,4102.306,3,3,4102.306,0.0,0.0,0.0,0.0,205115.3
1648042,IT,BE,COMPU,FURNI,0.05,4102.296,3,3,4102.296,0.0,0.0,0.0,0.0,82045.92
1654391,IT,CZ,SALEM,HEALT,0.03,4102.252,3,3,4102.252,0.0,0.0,0.0,0.0,136741.733333
1798806,IT,WE,FOOD5,ALUM1,0.02,4102.127,3,3,4102.127,0.0,0.0,0.0,0.0,205106.35
1744370,IT,US,INSUR,PFERT,0.08,4102.071,3,3,4102.071,0.0,0.0,0.0,0.0,51275.8875
1660139,IT,DE,SUPPO,PIGS9,0.03,4102.062,3,3,4102.062,0.0,0.0,0.0,0.0,136735.4
1766946,IT,RU,MOTO1,GASDI,0.02,4102.036,3,3,4102.036,0.0,0.0,0.0,0.0,205101.8
1752821,IT,CA,PAPER,COPP1,0.02,4101.779,3,3,4101.779,0.0,0.0,0.0,0.0,205088.95
1781638,IT,NO,LEATH,DAIRY,0.03,4101.707,3,3,4101.707,0.0,0.0,0.0,0.0,136723.566667
1787654,IT,WA,MEAT4,SUPPO,0.02,4101.61,3,3,4101.61,0.0,0.0,0.0,0.0,205080.5
1742749,IT,US,FABRI,PETRO,0.02,4101.605,3,3,4101.605,0.0,0.0,0.0,0.0,205080.25
1725298,IT,RO,BEVER,MOTOR,0.02,4101.577,3,3,4101.577,0.0,0.0,0.0,0.0,205078.85
1791275,IT,WA,CONST,PRINT,0.02,4101.541,3,3,4101.541,0.0,0.0,0.0,0.0,205077.05
1729548,IT,SE,COPP1,NONSP,0.01,4101.392,3,3,4101.392,0.0,0.0,0.0,0.0,410139.2
1671863,IT,FI,HOTEL,FORES,0.03,4101.211,3,3,4101.211,0.0,0.0,0.0,0.0,136707.033333
1806818,IT,WF,RETA1,BASIC,0.04,4101.116,3,3,4101.116,0.0,0.0,0.0,0.0,102527.9
1680843,IT,GR,LANDT,CEREA,0.03,4101.094,3,3,4101.094,0.0,0.0,0.0,0.0,136703.133333
1671120,IT,FI,GLASS,BIODI,0.01,4100.924,3,3,4100.924,0.0,0.0,0.0,0.0,410092.4
1712816,IT,LV,SUPPO,FURNI,0.03,4100.36,3,3,4100.36,0.0,0.0,0.0,0.0,136678.666667
1725009,IT,PT,FOOD4,ALUM1,0.03,4100.252,3,3,4100.252,0.0,0.0,0.0,0.0,136675.066667
1732547,IT,SI,RUBBE,STEAM,0.01,4099.883,3,3,4099.883,0.0,0.0,0.0,0.0,409988.3
1736122,IT,SK,CONST,DISTR,0.02,4099.714,3,3,4099.714,0.0,0.0,0.0,0.0,204985.7
1712123,IT,LV,WEARI,TEXTI,0.03,4099.475,3,3,4099.475,0.0,0.0,0.0,0.0,136649.166667
1802849,IT,WE,OILHA,CRUDE,0.02,4099.343,3,3,4099.343,0.0,0.0,0.0,0.0,204967.15
1689948,IT,IE,REALE,LEADZ,0.17,4098.956,3,3,4098.956,0.0,0.0,0.0,0.0,24111.505882
1758441,IT,BR,FABRI,RENTI,0.02,4098.906,3,3,4098.906,0.0,0.0,0.0,0.0,204945.3
1795176,IT,WL,RUBBE,RENTI,0.01,4098.874,3,3,4098.874,0.0,0.0,0.0,0.0,409887.4
1765473,IT,RU,WEARI,FISHF,0.03,4098.822,3,3,4098.822,0.0,0.0,0.0,0.0,136627.4
1710681,IT,LU,DAIRY,BUSIN,0.02,4098.425,3,3,4098.425,0.0,0.0,0.0,0.0,204921.25
1745445,IT,JP,DAIRY,INSUR,0.02,4098.304,3,3,4098.304,0.0,0.0,0.0,0.0,204915.2
1754310,IT,CA,INSUR,BEVER,0.08,4098.292,3,3,4098.292,0.0,0.0,0.0,0.0,51228.65
1681491,IT,GR,RESEA,MEMBE,0.02,4098.235,3,3,4098.235,0.0,0.0,0.0,0.0,204911.75
1726861,IT,RO,RETA1,WEARI,0.04,4098.122,3,3,4098.122,0.0,0.0,0.0,0.0,102453.05
1654259,IT,CZ,FURNI,FORES,0.01,4098.045,3,3,4098.045,0.0,0.0,0.0,0.0,409804.5
1646550,IT,BE,OFFIC,LEAD1,0.01,4097.869,3,3,4097.869,0.0,0.0,0.0,0.0,409786.9
1721481,IT,PL,SUPPO,POULT,0.03,4097.817,3,3,4097.817,0.0,0.0,0.0,0.0,136593.9
1745999,IT,JP,PAPER,WEARI,0.02,4097.645,3,3,4097.645,0.0,0.0,0.0,0.0,204882.25
1791780,IT,WA,RAILW,93197,0.03,4097.486,3,3,4097.486,0.0,0.0,0.0,0.0,136582.866667
1731415,IT,SI,FOOD5,FURNI,0.02,4097.18,3,3,4097.18,0.0,0.0,0.0,0.0,204859.0
1763265,IT,MX,PAPER,NONFE,0.02,4096.927,3,3,4096.927,0.0,0.0,0.0,0.0,204846.35
1777224,IT,TR,RUBBE,KEROS,0.01,4096.771,3,3,4096.771,0.0,0.0,0.0,0.0,409677.1
1753704,IT,CA,TRANS,COKIN,0.02,4096.533,3,3,4096.533,0.0,0.0,0.0,0.0,204826.65
1758611,IT,BR,MOTO1,FOOD4,0.02,4096.487,3,3,4096.487,0.0,0.0,0.0,0.0,204824.35
1664505,IT,EE,MOTO1,REALE,0.02,4096.439,3,3,4096.439,0.0,0.0,0.0,0.0,204821.95
1797752,IT,WL,INTER,EDUCA,0.02,4096.255,3,3,4096.255,0.0,0.0,0.0,0.0,204812.75
1715861,IT,NL,RUBBE,COLLE,0.01,4096.128,3,3,4096.128,0.0,0.0,0.0,0.0,409612.8
1774470,IT,CH,LANDT,MOTOR,0.03,4096.119,3,3,4096.119,0.0,0.0,0.0,0.0,136537.3
1792251,IT,WA,POSTT,GLASS,0.07,4096.071,3,3,4096.071,0.0,0.0,0.0,0.0,58515.3
1670229,IT,ES,93197,GASDI,0.03,4095.98,3,3,4095.98,0.0,0.0,0.0,0.0,136532.666667
1685242,IT,HU,TEXTI,PRINT,0.02,4095.841,3,3,4095.841,0.0,0.0,0.0,0.0,204792.05
1651585,IT,CY,GLASS,RUBBE,0.01,4095.64,3,3,4095.64,0.0,0.0,0.0,0.0,409564.0
1661772,IT,DK,LEATH,LANDT,0.03,4095.575,3,3,4095.575,0.0,0.0,0.0,0.0,136519.166667
1645103,IT,BE,PAPER,INSUR,0.02,4095.475,3,3,4095.475,0.0,0.0,0.0,0.0,204773.75
1773444,IT,CH,OFFIC,FOUND,0.01,4095.285,3,3,4095.285,0.0,0.0,0.0,0.0,409528.5
1759531,IT,BR,RENTI,TRANS,0.02,4094.915,3,3,4094.915,0.0,0.0,0.0,0.0,204745.75
1671610,IT,FI,FURNI,KEROS,0.01,4094.898,3,3,4094.898,0.0,0.0,0.0,0.0,409489.8
1740404,IT,GB,HEALT,RENTI,0.02,4094.892,3,3,4094.892,0.0,0.0,0.0,0.0,204744.6
1654607,IT,CZ,RAILW,RESEA,0.03,4094.728,3,3,4094.728,0.0,0.0,0.0,0.0,136490.933333
1670070,IT,ES,WASTE,COLLE,0.01,4094.409,3,3,4094.409,0.0,0.0,0.0,0.0,409440.9
1775086,IT,CH,RENTI,PLAS1,0.02,4094.24,3,3,4094.24,0.0,0.0,0.0,0.0,204712.0
1760449,IT,IN,BEVER,CHEM1,0.02,4094.089,3,3,4094.089,0.0,0.0,0.0,0.0,204704.45
1734256,IT,SI,COMPU,DIST1,0.05,4094.053,3,3,4094.053,0.0,0.0,0.0,0.0,81881.06
1665246,IT,ES,BEVER,STONE,0.02,4094.002,3,3,4094.002,0.0,0.0,0.0,0.0,204700.1
1721658,IT,PL,FINAN,PIGS9,0.05,4093.991,3,3,4093.991,0.0,0.0,0.0,0.0,81879.82
1660334,IT,DE,FINAN,MEAT1,0.05,4093.879,3,3,4093.879,0.0,0.0,0.0,0.0,81877.58
1779821,IT,TR,PUBLI,PRECI,0.07,4093.805,3,3,4093.805,0.0,0.0,0.0,0.0,58482.928571
1730333,IT,SE,SUPPO,BEVER,0.03,4093.697,3,3,4093.697,0.0,0.0,0.0,0.0,136456.566667
1762376,IT,IN,POSTT,PAPER,0.07,4093.412,3,3,4093.412,0.0,0.0,0.0,0.0,58477.314286
1720837,IT,PL,FURNI,COLLE,0.01,4093.329,3,3,4093.329,0.0,0.0,0.0,0.0,409332.9
1651812,IT,CY,HOTEL,TRANS,0.03,4093.309,3,3,4093.309,0.0,0.0,0.0,0.0,136443.633333
1738501,IT,GB,COPP1,INERT,0.01,4093.161,3,3,4093.161,0.0,0.0,0.0,0.0,409316.1
1731274,IT,SI,MEAT1,WHOLE,0.02,4092.873,3,3,4092.873,0.0,0.0,0.0,0.0,204643.65
1659058,IT,DE,ELEC4,RUBBE,0.07,4092.721,3,3,4092.721,0.0,0.0,0.0,0.0,58467.442857
1645754,IT,BE,RUBBE,LIQUI,0.01,4092.353,3,3,4092.353,0.0,0.0,0.0,0.0,409235.3
1807940,IT,WF,PLAS1,KEROS,0.01,4092.154,3,3,4092.154,0.0,0.0,0.0,0.0,409215.4
1681900,IT,HR,DAIRY,MEDIC,0.02,4091.857,3,3,4091.857,0.0,0.0,0.0,0.0,204592.85
1678363,IT,FR,FOOD4,WOOD1,0.03,4091.808,3,3,4091.808,0.0,0.0,0.0,0.0,136393.6
1714651,IT,NL,MEAT4,CROPS,0.02,4091.807,3,3,4091.807,0.0,0.0,0.0,0.0,204590.35
1672128,IT,FI,POSTT,FINAN,0.07,4091.51,3,3,4091.51,0.0,0.0,0.0,0.0,58450.142857
1770704,IT,AU,INSUR,AUXIL,0.08,4091.469,3,3,4091.469,0.0,0.0,0.0,0.0,51143.3625
1786707,IT,ZA,RETA1,TEXTI,0.04,4091.395,3,3,4091.395,0.0,0.0,0.0,0.0,102284.875
1718184,IT,PL,DAIRY,CERAM,0.02,4091.293,3,3,4091.293,0.0,0.0,0.0,0.0,204564.65
1766521,IT,RU,COPP1,PAPER,0.01,4090.794,3,3,4090.794,0.0,0.0,0.0,0.0,409079.4
1808356,IT,WF,FOOD3,AUXIL,0.01,4090.539,3,3,4090.539,0.0,0.0,0.0,0.0,409053.9
1778041,IT,TR,OFFIC,TRANS,0.01,4090.478,3,3,4090.478,0.0,0.0,0.0,0.0,409047.8
1727970,IT,SE,MEATA,HEALT,0.02,4090.381,3,3,4090.381,0.0,0.0,0.0,0.0,204519.05
1651699,IT,CY,FABRI,ALUM1,0.02,4090.38,3,3,4090.38,0.0,0.0,0.0,0.0,204519.0
1712683,IT,LV,HOTEL,SANDC,0.03,4090.306,3,3,4090.306,0.0,0.0,0.0,0.0,136343.533333
1757420,IT,BR,WOODW,MEMBE,0.01,4090.242,3,3,4090.242,0.0,0.0,0.0,0.0,409024.2
1675315,IT,FR,FABRI,PAPE2,0.02,4090.174,3,3,4090.174,0.0,0.0,0.0,0.0,204508.7
1759851,IT,BR,FOODW,COLLE,0.03,4089.935,3,3,4089.935,0.0,0.0,0.0,0.0,136331.166667
1712988,IT,MT,STONE,REALE,0.01,4089.787,3,3,4089.787,0.0,0.0,0.0,0.0,408978.7
1651722,IT,CY,MACHI,FISHF,0.02,4089.623,3,3,4089.623,0.0,0.0,0.0,0.0,204481.15
1743083,IT,US,MOTO1,STONE,0.02,4089.596,3,3,4089.596,0.0,0.0,0.0,0.0,204479.8
1687714,IT,HU,SUPPO,VEGE1,0.03,4089.33,3,3,4089.33,0.0,0.0,0.0,0.0,136311.0
1802087,IT,WE,RETA1,LEATH,0.04,4089.307,3,3,4089.307,0.0,0.0,0.0,0.0,102232.675
1748190,IT,JP,PAPE1,FOOD5,0.03,4089.23,3,3,4089.23,0.0,0.0,0.0,0.0,136307.666667
1718557,IT,PL,WEARI,DISTR,0.03,4088.886,3,3,4088.886,0.0,0.0,0.0,0.0,136296.2
1788645,IT,WA,PRINT,SEACO,0.04,4088.214,3,3,4088.214,0.0,0.0,0.0,0.0,102205.35
1681895,IT,HR,DAIRY,CHEM1,0.02,4088.086,3,3,4088.086,0.0,0.0,0.0,0.0,204404.3
1644659,IT,BE,BEVER,SANDC,0.02,4088.043,3,3,4088.043,0.0,0.0,0.0,0.0,204402.15
1651367,IT,CY,PAPER,POSTT,0.02,4086.892,3,3,4086.892,0.0,0.0,0.0,0.0,204344.6
1751296,IT,CN,RAILW,MACHI,0.03,4086.686,3,3,4086.686,0.0,0.0,0.0,0.0,136222.866667
1798513,IT,WE,STONE,VEGE1,0.01,4086.53,3,3,4086.53,0.0,0.0,0.0,0.0,408653.0
1722234,IT,PL,EDUCA,BUSIN,0.1,4086.153,3,3,4086.153,0.0,0.0,0.0,0.0,40861.53
1721008,IT,PL,HOTEL,LIGNI,0.03,4086.065,3,3,4086.065,0.0,0.0,0.0,0.0,136202.166667
1729806,IT,SE,MACHI,TEXT1,0.02,4085.957,3,3,4085.957,0.0,0.0,0.0,0.0,204297.85
1807873,IT,WF,PAPE1,DISTR,0.03,4085.861,3,3,4085.861,0.0,0.0,0.0,0.0,136195.366667
1710526,IT,LT,SUPPO,MACHI,0.03,4085.66,3,3,4085.66,0.0,0.0,0.0,0.0,136188.666667
1781621,IT,NO,WEARI,PAPE1,0.03,4085.586,3,3,4085.586,0.0,0.0,0.0,0.0,136186.2
1762689,IT,IN,BUSIN,FORES,0.04,4085.569,3,3,4085.569,0.0,0.0,0.0,0.0,102139.225
1793021,IT,WA,WASTE,MEATA,0.01,4085.128,3,3,4085.128,0.0,0.0,0.0,0.0,408512.8
1765423,IT,RU,TEXTI,PRINT,0.02,4084.758,3,3,4084.758,0.0,0.0,0.0,0.0,204237.9
1714939,IT,NL,BEVER,WOOD1,0.02,4084.471,3,3,4084.471,0.0,0.0,0.0,0.0,204223.55
1758839,IT,BR,HOTEL,DAIRY,0.03,4084.349,3,3,4084.349,0.0,0.0,0.0,0.0,136144.966667
1669226,IT,ES,POSTT,PAPE1,0.07,4084.252,3,3,4084.252,0.0,0.0,0.0,0.0,58346.457143
1649999,IT,BG,MACHI,RAWMI,0.02,4083.983,3,3,4083.983,0.0,0.0,0.0,0.0,204199.15
1725325,IT,RO,BEVER,INTER,0.02,4083.925,3,3,4083.925,0.0,0.0,0.0,0.0,204196.25
1790943,IT,WA,OFFIC,PUBLI,0.01,4083.833,3,3,4083.833,0.0,0.0,0.0,0.0,408383.3
1643179,IT,AT,HOTEL,POULT,0.03,4083.471,3,3,4083.471,0.0,0.0,0.0,0.0,136115.7
1766597,IT,RU,FABRI,PIGS9,0.02,4082.629,3,3,4082.629,0.0,0.0,0.0,0.0,204131.45
1731707,IT,SI,WOODW,HEALT,0.01,4082.258,3,3,4082.258,0.0,0.0,0.0,0.0,408225.8
1647637,IT,BE,FINAN,DAIRY,0.05,4082.16,3,3,4082.16,0.0,0.0,0.0,0.0,81643.2
1716821,IT,NL,HOTEL,FORES,0.03,4082.146,3,3,4082.146,0.0,0.0,0.0,0.0,136071.533333
1807792,IT,WF,FOODW,NICKE,0.03,4082.05,3,3,4082.05,0.0,0.0,0.0,0.0,136068.333333
1682193,IT,HR,WEARI,PLAST,0.03,4081.889,3,3,4081.889,0.0,0.0,0.0,0.0,136062.966667
1752551,IT,CA,BEVER,OILSE,0.02,4081.668,3,3,4081.668,0.0,0.0,0.0,0.0,204083.4
1661051,IT,DE,PUBLI,WOODW,0.07,4081.628,3,3,4081.628,0.0,0.0,0.0,0.0,58308.971429
1785172,IT,ZA,FOOD5,PAPER,0.02,4081.496,3,3,4081.496,0.0,0.0,0.0,0.0,204074.8
1723970,IT,PT,SALEM,DISTR,0.03,4081.429,3,3,4081.429,0.0,0.0,0.0,0.0,136047.633333
1763229,IT,MX,WOODW,COPP1,0.01,4081.297,3,3,4081.297,0.0,0.0,0.0,0.0,408129.7
1738942,IT,GB,FURNI,INTER,0.01,4081.005,3,3,4081.005,0.0,0.0,0.0,0.0,408100.5
1757071,IT,KR,BUSIN,DIST1,0.04,4080.893,3,3,4080.893,0.0,0.0,0.0,0.0,102022.325
1743213,IT,US,TRANS,ELEC4,0.02,4080.511,3,3,4080.511,0.0,0.0,0.0,0.0,204025.55
1785414,IT,ZA,PAPER,FOUND,0.02,4080.306,3,3,4080.306,0.0,0.0,0.0,0.0,204015.3
1678881,IT,GR,FISH5,EDUCA,0.02,4080.029,4,4,4080.027,0.0,0.0,0.0,0.002,204001.45
1680729,IT,GR,RETA1,NONME,0.04,4079.769,3,3,4079.769,0.0,0.0,0.0,0.0,101994.225
1751512,IT,CN,SUPPO,BASIC,0.03,4079.567,3,3,4079.567,0.0,0.0,0.0,0.0,135985.566667
1754442,IT,CA,COMPU,POSTT,0.05,4079.106,3,3,4079.106,0.0,0.0,0.0,0.0,81582.12
1770048,IT,AU,SALEM,MOTO1,0.03,4079.049,3,3,4079.049,0.0,0.0,0.0,0.0,135968.3
1727241,IT,RO,SUPPO,NONF1,0.03,4078.939,3,3,4078.939,0.0,0.0,0.0,0.0,135964.633333
1759884,IT,BR,PAPE1,RUBBE,0.03,4078.665,3,3,4078.665,0.0,0.0,0.0,0.0,135955.5
1681055,IT,GR,SUPPO,CATTL,0.03,4078.288,3,3,4078.288,0.0,0.0,0.0,0.0,135942.933333
1679080,IT,GR,PULP5,RAILW,0.01,4078.225,3,3,4078.225,0.0,0.0,0.0,0.0,407822.5
1654548,IT,CZ,HOTEL,SEACO,0.03,4078.079,3,3,4078.079,0.0,0.0,0.0,0.0,135935.966667
1712837,IT,LV,AUXIL,BASIC,0.07,4078.032,3,3,4078.032,0.0,0.0,0.0,0.0,58257.6
1687014,IT,HU,OFFIC,CEMEN,0.01,4077.718,3,3,4077.718,0.0,0.0,0.0,0.0,407771.8
1739401,IT,GB,RAILW,WASTE,0.03,4077.609,3,3,4077.609,0.0,0.0,0.0,0.0,135920.3
1650606,IT,BG,ELEC8,LANDT,0.05,4077.402,3,3,4077.402,0.0,0.0,0.0,0.0,81548.04
1805980,IT,WF,COPP1,DAIRY,0.01,4076.984,3,3,4076.984,0.0,0.0,0.0,0.0,407698.4
1733442,IT,SI,CONST,RETAI,0.02,4076.924,3,3,4076.924,0.0,0.0,0.0,0.0,203846.2
1721006,IT,PL,HOTEL,COKIN,0.03,4076.922,3,3,4076.922,0.0,0.0,0.0,0.0,135897.4
1784651,IT,ID,OFFIC,SUBBI,0.01,4076.919,3,3,4076.919,0.0,0.0,0.0,0.0,407691.9
1756310,IT,KR,MOTO1,ELEC1,0.02,4076.813,3,3,4076.813,0.0,0.0,0.0,0.0,203840.65
1669839,IT,ES,BUSIN,PAPE1,0.04,4076.388,3,3,4076.388,0.0,0.0,0.0,0.0,101909.7
1768527,IT,AU,FOOD5,ELECT,0.02,4076.121,3,3,4076.121,0.0,0.0,0.0,0.0,203806.05
1771218,IT,CH,VEGE1,TOBAC,0.01,4076.076,3,3,4076.076,0.0,0.0,0.0,0.0,407607.6
1762503,IT,IN,INSUR,WOODW,0.08,4076.001,3,3,4076.001,0.0,0.0,0.0,0.0,50950.0125
1690357,IT,IE,FOOD3,FOOD4,0.01,4075.88,3,3,4075.88,0.0,0.0,0.0,0.0,407588.0
1764625,IT,MX,RETA1,TEXTI,0.04,4075.763,3,3,4075.763,0.0,0.0,0.0,0.0,101894.075
1761259,IT,IN,RUBBE,NONSP,0.01,4075.545,3,3,4075.545,0.0,0.0,0.0,0.0,407554.5
1646527,IT,BE,MACHI,FOOD4,0.02,4075.239,3,3,4075.239,0.0,0.0,0.0,0.0,203761.95
1743056,IT,US,OFFIC,PLAS2,0.01,4074.818,3,3,4074.818,0.0,0.0,0.0,0.0,407481.8
1796361,IT,WL,WHOLE,FISHF,0.04,4074.702,3,3,4074.702,0.0,0.0,0.0,0.0,101867.55
1783802,IT,NO,INERT,LEAD1,0.03,4074.599,3,3,4074.599,0.0,0.0,0.0,0.0,135819.966667
1681151,IT,GR,POSTT,WEARI,0.07,4074.582,3,3,4074.582,0.0,0.0,0.0,0.0,58208.314286
1716244,IT,NL,COPP1,BIODI,0.01,4074.526,3,3,4074.526,0.0,0.0,0.0,0.0,407452.6
1655552,IT,DE,STONE,ELE12,0.01,4074.499,3,3,4074.499,0.0,0.0,0.0,0.0,407449.9
1643462,IT,AT,LANDT,ELEC8,0.03,4074.321,3,3,4074.321,0.0,0.0,0.0,0.0,135810.7
1763202,IT,MX,LEATH,MEMBE,0.03,4074.304,3,3,4074.304,0.0,0.0,0.0,0.0,135810.133333
1683801,IT,HR,OFFIC,ELEC1,0.01,4074.145,3,3,4074.145,0.0,0.0,0.0,0.0,407414.5
1736141,IT,SK,CONST,RESEA,0.02,4074.011,3,3,4074.011,0.0,0.0,0.0,0.0,203700.55
1760635,IT,IN,PULP5,GLASS,0.01,4073.954,3,3,4073.954,0.0,0.0,0.0,0.0,407395.4
1670750,IT,FI,PAPER,SEACO,0.02,4073.93,3,3,4073.93,0.0,0.0,0.0,0.0,203696.5
1788054,IT,WA,TEXTI,BIOG1,0.02,4073.887,3,3,4073.887,0.0,0.0,0.0,0.0,203694.35
1678732,IT,GR,PROCE,FOOD5,0.03,4073.542,3,3,4073.542,0.0,0.0,0.0,0.0,135784.733333
1810134,IT,WM,WEARI,MEAT1,0.03,4072.988,3,3,4072.988,0.0,0.0,0.0,0.0,135766.266667
1775401,IT,CH,PUBLI,RAILW,0.07,4072.931,3,3,4072.931,0.0,0.0,0.0,0.0,58184.728571
1646894,IT,BE,WHOLE,LIQUE,0.04,4072.923,3,3,4072.923,0.0,0.0,0.0,0.0,101823.075
1663940,IT,EE,WOODW,RETAI,0.01,4072.864,3,3,4072.864,0.0,0.0,0.0,0.0,407286.4
1733447,IT,SI,CONST,REALE,0.02,4072.466,3,3,4072.466,0.0,0.0,0.0,0.0,203623.3
1792555,IT,WA,RENTI,BIODI,0.02,4072.414,3,3,4072.414,0.0,0.0,0.0,0.0,203620.7
1650481,IT,BG,ELEC5,CONST,0.05,4072.301,3,3,4072.301,0.0,0.0,0.0,0.0,81446.02
1690377,IT,IE,WASTE,RUBBE,0.01,4072.278,3,3,4072.278,0.0,0.0,0.0,0.0,407227.8
1783178,IT,NO,COMPU,DISTR,0.05,4072.159,3,3,4072.159,0.0,0.0,0.0,0.0,81443.18
1644267,IT,BE,CROPS,CHEM1,0.03,4072.148,3,3,4072.148,0.0,0.0,0.0,0.0,135738.266667
1643798,IT,AT,FINAN,CATTL,0.05,4071.213,3,3,4071.213,0.0,0.0,0.0,0.0,81424.26
1728190,IT,SE,PROCE,RECRE,0.03,4071.01,3,3,4071.01,0.0,0.0,0.0,0.0,135700.333333
1660165,IT,DE,SUPPO,GLASS,0.03,4070.954,3,3,4070.954,0.0,0.0,0.0,0.0,135698.466667
1787029,IT,ZA,INSUR,SUPPO,0.08,4070.907,3,3,4070.907,0.0,0.0,0.0,0.0,50886.3375
1659590,IT,DE,HOTEL,LIQUE,0.03,4070.886,3,3,4070.886,0.0,0.0,0.0,0.0,135696.2
1685348,IT,HU,LEATH,CEREA,0.03,4070.821,3,3,4070.821,0.0,0.0,0.0,0.0,135694.033333
1738965,IT,GB,CONST,HOTEL,0.02,4070.572,3,3,4070.572,0.0,0.0,0.0,0.0,203528.6
1803591,IT,WF,FOOD5,CEREA,0.02,4070.415,3,3,4070.415,0.0,0.0,0.0,0.0,203520.75
1650185,IT,BG,MOTO1,RENTI,0.02,4070.245,3,3,4070.245,0.0,0.0,0.0,0.0,203512.25
1686681,IT,HU,COPP1,STONE,0.01,4069.911,3,3,4069.911,0.0,0.0,0.0,0.0,406991.1
1642851,IT,AT,MOTO1,PLAST,0.02,4069.909,3,3,4069.909,0.0,0.0,0.0,0.0,203495.45
1668084,IT,ES,CONST,VEGET,0.02,4069.846,3,3,4069.846,0.0,0.0,0.0,0.0,203492.3
1731291,IT,SI,VEGE1,POULT,0.01,4069.602,3,3,4069.602,0.0,0.0,0.0,0.0,406960.2
1711935,IT,LU,WASTE,WASTE,0.01,4069.423,3,3,4069.423,0.0,0.0,0.0,0.0,406942.3
1714614,IT,NL,MEATC,MEATA,0.01,4069.348,3,3,4069.348,0.0,0.0,0.0,0.0,406934.8
1709806,IT,LT,RUBBE,COPP1,0.01,4069.317,3,3,4069.317,0.0,0.0,0.0,0.0,406931.7
1689656,IT,IE,POSTT,PRINT,0.07,4069.307,3,3,4069.307,0.0,0.0,0.0,0.0,58132.957143
1652304,IT,CZ,BEVER,NONME,0.02,4069.256,3,3,4069.256,0.0,0.0,0.0,0.0,203462.8
1737572,IT,GB,PAPER,OILSE,0.02,4069.24,3,3,4069.24,0.0,0.0,0.0,0.0,203462.0
1766186,IT,RU,RUBBE,TEXT2,0.01,4069.22,3,3,4069.22,0.0,0.0,0.0,0.0,406922.0
1752366,IT,CA,MEAT4,FURNI,0.02,4069.151,3,3,4069.151,0.0,0.0,0.0,0.0,203457.55
1723659,IT,PT,MACHI,COPPE,0.02,4068.737,3,3,4068.737,0.0,0.0,0.0,0.0,203436.85
1802569,IT,WE,FINAN,DISTR,0.05,4068.524,3,3,4068.524,0.0,0.0,0.0,0.0,81370.48
1794010,IT,WL,WOODW,POSTT,0.01,4068.157,3,3,4068.157,0.0,0.0,0.0,0.0,406815.7
1678130,IT,FR,PAPE1,RECRE,0.03,4068.068,3,3,4068.068,0.0,0.0,0.0,0.0,135602.266667
1724083,IT,PT,WHOLE,RETA1,0.04,4067.944,3,3,4067.944,0.0,0.0,0.0,0.0,101698.6
1803309,IT,WF,STONE,PIGS9,0.01,4067.843,3,3,4067.843,0.0,0.0,0.0,0.0,406784.3
1730781,IT,SE,BUSIN,CERAM,0.04,4067.796,3,3,4067.796,0.0,0.0,0.0,0.0,101694.9
1664864,IT,ES,FORES,TEXTI,0.04,4067.326,4,4,4065.326,0.0,2.0,0.0,0.0,101683.15
1659358,IT,DE,RETAI,FOODW,0.03,4067.281,3,3,4067.281,0.0,0.0,0.0,0.0,135576.033333
1740595,IT,US,FORES,MOTOR,0.04,4067.092,4,4,4065.092,0.0,2.0,0.0,0.0,101677.3
1793602,IT,WL,VEGE1,FURNI,0.01,4067.026,3,3,4067.026,0.0,0.0,0.0,0.0,406702.6
1640991,IT,AT,WOODW,FINAN,0.01,4067.024,3,3,4067.024,0.0,0.0,0.0,0.0,406702.4
1644742,IT,BE,BEVER,INERT,0.02,4066.937,3,3,4066.937,0.0,0.0,0.0,0.0,203346.85
1753562,IT,CA,MACHI,CERAM,0.02,4066.683,3,3,4066.683,0.0,0.0,0.0,0.0,203334.15
1754529,IT,CA,BUSIN,ELEC5,0.04,4066.389,3,3,4066.389,0.0,0.0,0.0,0.0,101659.725
1814669,IT,WM,PLAS1,PRINT,0.01,4066.212,3,3,4066.212,0.0,0.0,0.0,0.0,406621.2
1778137,IT,TR,TRANS,COPP1,0.02,4066.117,3,3,4066.117,0.0,0.0,0.0,0.0,203305.85
1647566,IT,BE,SUPPO,WASTE,0.03,4066.097,3,3,4066.097,0.0,0.0,0.0,0.0,135536.566667
1764059,IT,MX,FABRI,MEATA,0.02,4066.054,3,3,4066.054,0.0,0.0,0.0,0.0,203302.7
1655533,IT,DE,STONE,SANDC,0.01,4066.028,3,3,4066.028,0.0,0.0,0.0,0.0,406602.8
1805474,IT,WF,GLASS,POSTT,0.01,4065.894,3,3,4065.894,0.0,0.0,0.0,0.0,406589.4
1670779,IT,FI,PRINT,GASDI,0.04,4065.892,3,3,4065.892,0.0,0.0,0.0,0.0,101647.3
1717895,IT,PL,POULT,WHOLE,0.01,4065.787,3,3,4065.787,0.0,0.0,0.0,0.0,406578.7
1758878,IT,BR,HOTEL,OFFIC,0.03,4065.375,3,3,4065.375,0.0,0.0,0.0,0.0,135512.5
1676872,IT,FR,LANDT,TEXT2,0.03,4065.238,3,3,4065.238,0.0,0.0,0.0,0.0,135507.933333
1807676,IT,WF,BUSIN,SANDC,0.04,4065.204,3,3,4065.204,0.0,0.0,0.0,0.0,101630.1
1713536,IT,MT,GLASS,POSTT,0.01,4065.107,3,3,4065.107,0.0,0.0,0.0,0.0,406510.7
1650738,IT,BG,HOTEL,DIST1,0.03,4065.087,3,3,4065.087,0.0,0.0,0.0,0.0,135502.9
1745283,IT,JP,MEAT1,HOTEL,0.02,4064.641,3,3,4064.641,0.0,0.0,0.0,0.0,203232.05
1689462,IT,IE,HOTEL,RAILW,0.03,4064.428,3,3,4064.428,0.0,0.0,0.0,0.0,135480.933333
1650873,IT,BG,LANDT,FINAN,0.03,4064.403,3,3,4064.403,0.0,0.0,0.0,0.0,135480.1
1675487,IT,FR,OFFIC,BRICK,0.01,4064.356,3,3,4064.356,0.0,0.0,0.0,0.0,406435.6
1770000,IT,AU,FURNI,PLAST,0.01,4064.221,3,3,4064.221,0.0,0.0,0.0,0.0,406422.1
1739743,IT,GB,SUPPO,TEXT1,0.03,4064.197,3,3,4064.197,0.0,0.0,0.0,0.0,135473.233333
1688926,IT,IE,FABRI,PAPER,0.02,4064.193,3,3,4064.193,0.0,0.0,0.0,0.0,203209.65
1754734,IT,KR,DAIRY,FISH5,0.02,4063.849,3,3,4063.849,0.0,0.0,0.0,0.0,203192.45
1744557,IT,US,REALE,SEACO,0.17,4063.848,3,3,4063.848,0.0,0.0,0.0,0.0,23904.988235
1711706,IT,LU,BUSIN,BRICK,0.04,4063.833,3,3,4063.833,0.0,0.0,0.0,0.0,101595.825
1712027,IT,LV,PROCE,FISHF,0.03,4063.758,3,3,4063.758,0.0,0.0,0.0,0.0,135458.6
1678283,IT,FR,FOOD2,WOOD1,0.02,4063.692,3,3,4063.692,0.0,0.0,0.0,0.0,203184.6
1641009,IT,AT,PULP5,NATU1,0.01,4063.654,3,3,4063.654,0.0,0.0,0.0,0.0,406365.4
1802255,IT,WE,LANDT,TOBAC,0.03,4063.453,3,3,4063.453,0.0,0.0,0.0,0.0,135448.433333
1774855,IT,CH,FINAN,OFFIC,0.05,4063.36,3,3,4063.36,0.0,0.0,0.0,0.0,81267.2
1715911,IT,NL,GLASS,VEGE1,0.01,4063.19,3,3,4063.19,0.0,0.0,0.0,0.0,406319.0
1730404,IT,SE,POSTT,FISH5,0.07,4063.041,3,3,4063.041,0.0,0.0,0.0,0.0,58043.442857
1765682,IT,RU,PAPER,BRICK,0.02,4063.023,3,3,4063.023,0.0,0.0,0.0,0.0,203151.15
1769601,IT,AU,FABRI,WOOLS,0.02,4062.987,3,3,4062.987,0.0,0.0,0.0,0.0,203149.35
1644485,IT,BE,VEGE1,93197,0.01,4062.836,3,3,4062.836,0.0,0.0,0.0,0.0,406283.6
1790904,IT,WA,OFFIC,NFERT,0.01,4062.809,3,3,4062.809,0.0,0.0,0.0,0.0,406280.9
1683700,IT,HR,MACHI,MEATA,0.02,4062.747,3,3,4062.747,0.0,0.0,0.0,0.0,203137.35
1798072,IT,WL,RECRE,SALEM,0.05,4062.448,3,3,4062.448,0.0,0.0,0.0,0.0,81248.96
1763000,IT,MX,FOOD5,FOUND,0.02,4062.224,3,3,4062.224,0.0,0.0,0.0,0.0,203111.2
1655027,IT,CZ,REALE,CONST,0.17,4062.046,3,3,4062.046,0.0,0.0,0.0,0.0,23894.388235
1650397,IT,BG,ELEC4,FOOD5,0.06,4061.998,3,3,4061.998,0.0,0.0,0.0,0.0,67699.966667
1659222,IT,DE,SALEM,PIGS9,0.03,4061.518,3,3,4061.518,0.0,0.0,0.0,0.0,135383.933333
1740413,IT,GB,PLAS1,INERT,0.01,4061.354,3,3,4061.354,0.0,0.0,0.0,0.0,406135.4
1738734,IT,GB,MACHI,PLAS1,0.02,4061.349,3,3,4061.349,0.0,0.0,0.0,0.0,203067.45
1726709,IT,RO,FURNI,LIQUE,0.01,4061.348,3,3,4061.348,0.0,0.0,0.0,0.0,406134.8
1747001,IT,JP,TRANS,PAPER,0.02,4061.262,3,3,4061.262,0.0,0.0,0.0,0.0,203063.1
1668376,IT,ES,RETA1,LEADZ,0.04,4061.016,3,3,4061.016,0.0,0.0,0.0,0.0,101525.4
1802647,IT,WE,RENTI,BEVER,0.02,4060.889,3,3,4060.889,0.0,0.0,0.0,0.0,203044.45
1767061,IT,RU,FURNI,LEATH,0.01,4060.871,3,3,4060.871,0.0,0.0,0.0,0.0,406087.1
1783765,IT,NO,PAPE4,SUPPO,0.03,4060.783,3,3,4060.783,0.0,0.0,0.0,0.0,135359.433333
1753107,IT,CA,RUBBE,LUBRI,0.01,4060.581,3,3,4060.581,0.0,0.0,0.0,0.0,406058.1
1666773,IT,ES,RUBBE,SECO9,0.01,4060.459,3,3,4060.459,0.0,0.0,0.0,0.0,406045.9
1669948,IT,ES,EDUCA,FABRI,0.1,4060.106,3,3,4060.106,0.0,0.0,0.0,0.0,40601.06
1714709,IT,NL,VEGE1,RESEA,0.01,4059.571,3,3,4059.571,0.0,0.0,0.0,0.0,405957.1
1740147,IT,GB,COMPU,SEACO,0.05,4059.502,3,3,4059.502,0.0,0.0,0.0,0.0,81190.04
1685423,IT,HU,WOODW,NATUR,0.01,4059.257,3,3,4059.257,0.0,0.0,0.0,0.0,405925.7
1688091,IT,HU,RESEA,RUBBE,0.02,4059.125,3,3,4059.125,0.0,0.0,0.0,0.0,202956.25
1739817,IT,GB,FINAN,CROPS,0.05,4059.121,3,3,4059.121,0.0,0.0,0.0,0.0,81182.42
1659482,IT,DE,RETA1,MOTOR,0.04,4058.636,3,3,4058.636,0.0,0.0,0.0,0.0,101465.9
1685543,IT,HU,PAPER,DISTR,0.02,4058.605,3,3,4058.605,0.0,0.0,0.0,0.0,202930.25
1718285,IT,PL,FOOD5,BIOGA,0.02,4058.377,3,3,4058.377,0.0,0.0,0.0,0.0,202918.85
1771373,IT,CH,SUGA1,WHOLE,0.01,4058.086,3,3,4058.086,0.0,0.0,0.0,0.0,405808.6
1808332,IT,WF,FOOD3,CHEMI,0.01,4057.782,3,3,4057.782,0.0,0.0,0.0,0.0,405778.2
1682258,IT,HR,LEATH,WOODW,0.03,4057.773,3,3,4057.773,0.0,0.0,0.0,0.0,135259.1
1714698,IT,NL,VEGE1,TRAN1,0.01,4057.716,3,3,4057.716,0.0,0.0,0.0,0.0,405771.6
1659771,IT,DE,LANDT,BKBPE,0.03,4057.169,3,3,4057.169,0.0,0.0,0.0,0.0,135238.966667
1681274,IT,GR,FINAN,AIRTR,0.05,4057.028,3,3,4057.028,0.0,0.0,0.0,0.0,81140.56
1753208,IT,CA,GLASS,SUPPO,0.01,4056.979,3,3,4056.979,0.0,0.0,0.0,0.0,405697.9
1740241,IT,GB,BUSIN,ELEC1,0.04,4056.661,3,3,4056.661,0.0,0.0,0.0,0.0,101416.525
1801879,IT,WE,CONST,GLASS,0.02,4056.516,3,3,4056.516,0.0,0.0,0.0,0.0,202825.8
1661188,IT,DE,93197,POSTT,0.03,4056.42,3,3,4056.42,0.0,0.0,0.0,0.0,135214.0
1645021,IT,BE,PULP5,RENTI,0.01,4056.306,3,3,4056.306,0.0,0.0,0.0,0.0,405630.6
1792902,IT,WA,HEALT,PRINT,0.02,4056.212,3,3,4056.212,0.0,0.0,0.0,0.0,202810.6
1808400,IT,WF,WASTE,AIRTR,0.01,4056.102,3,3,4056.102,0.0,0.0,0.0,0.0,405610.2
1714750,IT,NL,DAIRY,LANDT,0.02,4055.711,3,3,4055.711,0.0,0.0,0.0,0.0,202785.55
1774907,IT,CH,INSUR,GLASS,0.08,4055.227,3,3,4055.227,0.0,0.0,0.0,0.0,50690.3375
1734809,IT,SK,PULP5,PRINT,0.01,4055.074,3,3,4055.074,0.0,0.0,0.0,0.0,405507.4
1709535,IT,LT,WOODW,WEARI,0.01,4055.023,3,3,4055.023,0.0,0.0,0.0,0.0,405502.3
1785998,IT,ZA,GLASS,BITUM,0.01,4054.948,3,3,4054.948,0.0,0.0,0.0,0.0,405494.8
1669798,IT,ES,BUSIN,SECO9,0.04,4054.483,3,3,4054.483,0.0,0.0,0.0,0.0,101362.075
1762057,IT,IN,RETA1,TOBAC,0.04,4054.237,3,3,4054.237,0.0,0.0,0.0,0.0,101355.925
1799135,IT,WE,WEARI,NONSP,0.03,4053.807,3,3,4053.807,0.0,0.0,0.0,0.0,135126.9
1813718,IT,WM,HOTEL,COPPE,0.03,4053.695,3,3,4053.695,0.0,0.0,0.0,0.0,135123.166667
1687332,IT,HU,RETA1,INSUR,0.04,4053.53,3,3,4053.53,0.0,0.0,0.0,0.0,101338.25
1727427,IT,RO,FINAN,INSUR,0.05,4053.358,3,3,4053.358,0.0,0.0,0.0,0.0,81067.16
1713797,IT,MT,FURNI,FOOD5,0.01,4052.992,3,3,4052.992,0.0,0.0,0.0,0.0,405299.2
1685569,IT,HU,PAPER,FOOD4,0.02,4052.65,3,3,4052.65,0.0,0.0,0.0,0.0,202632.5
1783360,IT,NO,PLAS1,CEMEN,0.01,4052.578,3,3,4052.578,0.0,0.0,0.0,0.0,405257.8
1774714,IT,CH,SUPPO,GLASS,0.03,4052.421,3,3,4052.421,0.0,0.0,0.0,0.0,135080.7
1775467,IT,CH,PLAS1,MACHI,0.01,4052.361,3,3,4052.361,0.0,0.0,0.0,0.0,405236.1
1801435,IT,WE,MOTO1,SUBBI,0.02,4052.11,3,3,4052.11,0.0,0.0,0.0,0.0,202605.5
1742151,IT,US,RUBBE,INERT,0.01,4052.023,3,3,4052.023,0.0,0.0,0.0,0.0,405202.3
1722791,IT,PT,PAPER,FOUND,0.02,4051.554,3,3,4051.554,0.0,0.0,0.0,0.0,202577.7
1730845,IT,SE,BUSIN,PAPE4,0.04,4051.366,3,3,4051.366,0.0,0.0,0.0,0.0,101284.15
1671342,IT,FI,COPP1,NONFE,0.01,4051.343,3,3,4051.343,0.0,0.0,0.0,0.0,405134.3
1779681,IT,TR,RESEA,TRAN1,0.02,4051.282,3,3,4051.282,0.0,0.0,0.0,0.0,202564.1
1710744,IT,LU,BEVER,PLAS1,0.02,4051.187,3,3,4051.187,0.0,0.0,0.0,0.0,202559.35
1786518,IT,ZA,TRANS,AIRTR,0.02,4051.117,3,3,4051.117,0.0,0.0,0.0,0.0,202555.85
1668135,IT,ES,SALEM,CRUDE,0.03,4051.038,3,3,4051.038,0.0,0.0,0.0,0.0,135034.6
1754930,IT,KR,TEXTI,COKEO,0.02,4050.397,3,3,4050.397,0.0,0.0,0.0,0.0,202519.85
1775468,IT,CH,PLAS1,SECO9,0.01,4050.19,3,3,4050.19,0.0,0.0,0.0,0.0,405019.0
1718924,IT,PL,PRINT,PREC1,0.04,4050.179,3,3,4050.179,0.0,0.0,0.0,0.0,101254.475
1784363,IT,ID,RUBBE,TRAN2,0.01,4049.9,3,3,4049.9,0.0,0.0,0.0,0.0,404990.0
1747840,IT,JP,RENTI,SUGAR,0.02,4049.709,3,3,4049.709,0.0,0.0,0.0,0.0,202485.45
1668631,IT,ES,RAILW,CEMEN,0.03,4049.305,3,3,4049.305,0.0,0.0,0.0,0.0,134976.833333
1740364,IT,GB,EDUCA,AUXIL,0.1,4049.289,3,3,4049.289,0.0,0.0,0.0,0.0,40492.89
1781360,IT,NO,DAIRY,FABRI,0.02,4049.288,3,3,4049.288,0.0,0.0,0.0,0.0,202464.4
1687039,IT,HU,MOTO1,OILSE,0.02,4049.287,3,3,4049.287,0.0,0.0,0.0,0.0,202464.35
1686126,IT,HU,RUBBE,AIRTR,0.01,4049.072,3,3,4049.072,0.0,0.0,0.0,0.0,404907.2
1720901,IT,PL,SALEM,MACHI,0.03,4048.786,3,3,4048.786,0.0,0.0,0.0,0.0,134959.533333
1689109,IT,IE,SALEM,FORES,0.03,4048.376,3,3,4048.376,0.0,0.0,0.0,0.0,134945.866667
1735795,IT,SK,MACHI,BIODI,0.02,4048.222,3,3,4048.222,0.0,0.0,0.0,0.0,202411.1
1811924,IT,WM,RUBBE,INLAN,0.01,4048.108,3,3,4048.108,0.0,0.0,0.0,0.0,404810.8
1651676,IT,CY,COPP1,PRINT,0.01,4048.006,3,3,4048.006,0.0,0.0,0.0,0.0,404800.6
1684205,IT,HR,LANDT,INERT,0.03,4047.898,3,3,4047.898,0.0,0.0,0.0,0.0,134929.933333
1722568,IT,PT,FISH5,POULT,0.02,4047.885,4,4,4047.883,0.0,0.0,0.0,0.002,202394.25
1735174,IT,SK,RUBBE,KEROS,0.01,4047.787,3,3,4047.787,0.0,0.0,0.0,0.0,404778.7
1651562,IT,CY,RUBBE,INSUR,0.01,4047.778,3,3,4047.778,0.0,0.0,0.0,0.0,404777.8
1678331,IT,FR,WASTE,EDUCA,0.01,4047.694,3,3,4047.694,0.0,0.0,0.0,0.0,404769.4
1740145,IT,GB,COMPU,RAILW,0.05,4047.663,3,3,4047.663,0.0,0.0,0.0,0.0,80953.26
1779885,IT,TR,PUBLI,PUBLI,0.07,4047.487,3,3,4047.487,0.0,0.0,0.0,0.0,57821.242857
1748767,IT,CN,FISH5,EDUCA,0.02,4047.437,4,4,4047.435,0.0,0.0,0.0,0.002,202371.85
1746465,IT,JP,GLASS,SEACO,0.01,4047.128,3,3,4047.128,0.0,0.0,0.0,0.0,404712.8
1640695,IT,AT,FISH5,RENTI,0.02,4047.09,4,4,4047.088,0.0,0.0,0.0,0.002,202354.5
1768355,IT,AU,MEAT4,PRINT,0.02,4047.0,3,3,4047.0,0.0,0.0,0.0,0.0,202350.0
1759720,IT,BR,BUSIN,VEGE1,0.04,4046.69,3,3,4046.69,0.0,0.0,0.0,0.0,101167.25
1735925,IT,SK,MOTO1,CATTL,0.02,4046.596,3,3,4046.596,0.0,0.0,0.0,0.0,202329.8
1779589,IT,TR,COMPU,COKE1,0.05,4046.436,3,3,4046.436,0.0,0.0,0.0,0.0,80928.72
1721010,IT,PL,HOTEL,COPPE,0.03,4046.132,3,3,4046.132,0.0,0.0,0.0,0.0,134871.066667
1715857,IT,NL,RUBBE,ELEC8,0.01,4045.921,3,3,4045.921,0.0,0.0,0.0,0.0,404592.1
1712142,IT,LV,WEARI,SUPPO,0.03,4045.911,3,3,4045.911,0.0,0.0,0.0,0.0,134863.7
1711200,IT,LU,MACHI,KEROS,0.02,4045.859,3,3,4045.859,0.0,0.0,0.0,0.0,202292.95
1789445,IT,WA,CHARC,POSTT,0.01,4045.834,3,3,4045.834,0.0,0.0,0.0,0.0,404583.4
1721892,IT,PL,RENTI,CHEM1,0.02,4045.821,3,3,4045.821,0.0,0.0,0.0,0.0,202291.05
1813870,IT,WM,LANDT,ETHAN,0.03,4045.668,3,3,4045.668,0.0,0.0,0.0,0.0,134855.6
1678115,IT,FR,PAPE1,POSTT,0.03,4045.54,3,3,4045.54,0.0,0.0,0.0,0.0,134851.333333
1686776,IT,HU,FABRI,LIGNI,0.02,4045.425,3,3,4045.425,0.0,0.0,0.0,0.0,202271.25
1735664,IT,SK,FABRI,CHEMI,0.02,4045.349,3,3,4045.349,0.0,0.0,0.0,0.0,202267.45
1689951,IT,IE,REALE,MEATC,0.17,4045.331,3,3,4045.331,0.0,0.0,0.0,0.0,23796.064706
1734649,IT,SK,TEXTI,FINAN,0.02,4045.207,3,3,4045.207,0.0,0.0,0.0,0.0,202260.35
1709608,IT,LT,PAPER,FURNI,0.02,4044.846,3,3,4044.846,0.0,0.0,0.0,0.0,202242.3
1814841,IT,WM,MEMBE,RETA1,0.05,4044.811,3,3,4044.811,0.0,0.0,0.0,0.0,80896.22
1778748,IT,TR,LANDT,CROPS,0.03,4044.761,3,3,4044.761,0.0,0.0,0.0,0.0,134825.366667
1768079,IT,RU,BUSIN,ELEC1,0.04,4044.595,3,3,4044.595,0.0,0.0,0.0,0.0,101114.875
1740171,IT,GB,BUSIN,VEGET,0.04,4044.51,3,3,4044.51,0.0,0.0,0.0,0.0,101112.75
1644279,IT,BE,CROPS,POSTT,0.03,4044.376,3,3,4044.376,0.0,0.0,0.0,0.0,134812.533333
1727551,IT,RO,REALE,PAPER,0.17,4044.272,3,3,4044.272,0.0,0.0,0.0,0.0,23789.835294
1718488,IT,PL,TEXTI,PREC1,0.02,4044.076,3,3,4044.076,0.0,0.0,0.0,0.0,202203.8
1740141,IT,GB,COMPU,RETAI,0.05,4044.025,3,3,4044.025,0.0,0.0,0.0,0.0,80880.5
1751056,IT,CN,WHOLE,RENTI,0.03,4043.67,3,3,4043.67,0.0,0.0,0.0,0.0,134789.0
1687257,IT,HU,WHOLE,RUBBE,0.03,4043.646,3,3,4043.646,0.0,0.0,0.0,0.0,134788.2
1787950,IT,WA,FISH5,PRIVA,0.02,4042.831,4,4,4042.829,0.0,0.0,0.0,0.002,202141.55
1644504,IT,BE,DAIRY,KERO1,0.02,4042.644,3,3,4042.644,0.0,0.0,0.0,0.0,202132.2
1798869,IT,WE,BEVER,SUGA1,0.02,4042.504,3,3,4042.504,0.0,0.0,0.0,0.0,202125.2
1685390,IT,HU,LEATH,DIST1,0.03,4042.468,3,3,4042.468,0.0,0.0,0.0,0.0,134748.933333
1813770,IT,WM,HOTEL,RAILW,0.03,4042.392,3,3,4042.392,0.0,0.0,0.0,0.0,134746.4
1808027,IT,WF,INTER,LEAD1,0.02,4042.344,3,3,4042.344,0.0,0.0,0.0,0.0,202117.2
1814735,IT,WM,OILHA,LANDT,0.02,4042.3,3,3,4042.3,0.0,0.0,0.0,0.0,202115.0
1716808,IT,NL,RETA1,OILHA,0.04,4042.021,3,3,4042.021,0.0,0.0,0.0,0.0,101050.525
1665167,IT,ES,PROCE,WHOLE,0.03,4041.65,3,3,4041.65,0.0,0.0,0.0,0.0,134721.666667
1802640,IT,WE,RENTI,VEGET,0.02,4041.43,3,3,4041.43,0.0,0.0,0.0,0.0,202071.5
1718419,IT,PL,BEVER,FOOD2,0.02,4041.389,3,3,4041.389,0.0,0.0,0.0,0.0,202069.45
1777219,IT,TR,RUBBE,PULP5,0.01,4041.37,3,3,4041.37,0.0,0.0,0.0,0.0,404137.0
1724228,IT,PT,RAILW,MACHI,0.03,4041.295,3,3,4041.295,0.0,0.0,0.0,0.0,134709.833333
1678738,IT,GR,PROCE,WHOLE,0.03,4041.286,3,3,4041.286,0.0,0.0,0.0,0.0,134709.533333
1669284,IT,ES,FINAN,GASDI,0.05,4041.136,3,3,4041.136,0.0,0.0,0.0,0.0,80822.72
1670790,IT,FI,PRINT,CONST,0.04,4041.089,3,3,4041.089,0.0,0.0,0.0,0.0,101027.225
1654594,IT,CZ,RAILW,ELEC1,0.03,4040.6,3,3,4040.6,0.0,0.0,0.0,0.0,134686.666667
1730128,IT,SE,RAILW,BASIC,0.03,4040.475,3,3,4040.475,0.0,0.0,0.0,0.0,134682.5
1773204,IT,CH,FABRI,NUCLE,0.02,4040.157,3,3,4040.157,0.0,0.0,0.0,0.0,202007.85
1756496,IT,KR,RETAI,BASIC,0.03,4040.122,3,3,4040.122,0.0,0.0,0.0,0.0,134670.733333
1711831,IT,LU,FOODW,HOTEL,0.03,4039.897,3,3,4039.897,0.0,0.0,0.0,0.0,134663.233333
1788614,IT,WA,PRINT,MEATA,0.04,4039.891,3,3,4039.891,0.0,0.0,0.0,0.0,100997.275
1776244,IT,TR,PULP5,WEARI,0.01,4039.849,3,3,4039.849,0.0,0.0,0.0,0.0,403984.9
1771020,IT,CH,MEATA,RETA1,0.02,4039.777,3,3,4039.777,0.0,0.0,0.0,0.0,201988.85
1762326,IT,IN,SUPPO,WEARI,0.03,4039.673,3,3,4039.673,0.0,0.0,0.0,0.0,134655.766667
1794181,IT,WL,PRINT,NFERT,0.04,4039.356,3,3,4039.356,0.0,0.0,0.0,0.0,100983.9
1717612,IT,NL,BUSIN,CEREA,0.04,4039.224,3,3,4039.224,0.0,0.0,0.0,0.0,100980.6
1721281,IT,PL,LANDT,BIOG1,0.03,4039.211,3,3,4039.211,0.0,0.0,0.0,0.0,134640.366667
1655161,IT,CZ,BUSIN,RADIO,0.04,4039.163,3,3,4039.163,0.0,0.0,0.0,0.0,100979.075
1752591,IT,CA,FISH5,BUSIN,0.02,4039.157,4,4,4039.155,0.0,0.0,0.0,0.002,201957.85
1793133,IT,WA,RECRE,HOTEL,0.05,4039.007,3,3,4039.007,0.0,0.0,0.0,0.0,80780.14
1768936,IT,AU,PAPER,MEAT4,0.02,4038.843,3,3,4038.843,0.0,0.0,0.0,0.0,201942.15
1713960,IT,MT,SALEM,COMPU,0.03,4038.781,3,3,4038.781,0.0,0.0,0.0,0.0,134626.033333
1725750,IT,RO,PRINT,WEARI,0.04,4038.728,3,3,4038.728,0.0,0.0,0.0,0.0,100968.2
1738813,IT,GB,MOTO1,CERAM,0.02,4038.229,3,3,4038.229,0.0,0.0,0.0,0.0,201911.45
1781395,IT,NO,PROCE,WHOLE,0.03,4038.177,3,3,4038.177,0.0,0.0,0.0,0.0,134605.9
1641161,IT,AT,PRINT,PAPER,0.04,4037.91,3,3,4037.91,0.0,0.0,0.0,0.0,100947.75
1654260,IT,CZ,FURNI,TEXTI,0.01,4037.899,3,3,4037.899,0.0,0.0,0.0,0.0,403789.9
1735244,IT,SK,GLASS,ANIMA,0.01,4037.735,3,3,4037.735,0.0,0.0,0.0,0.0,403773.5
1712704,IT,LV,HOTEL,SECO9,0.03,4037.716,3,3,4037.716,0.0,0.0,0.0,0.0,134590.533333
1770818,IT,AU,COMPU,MEMBE,0.05,4037.56,3,3,4037.56,0.0,0.0,0.0,0.0,80751.2
1712603,IT,LV,OFFIC,WOODW,0.01,4037.434,3,3,4037.434,0.0,0.0,0.0,0.0,403743.4
1645135,IT,BE,PRINT,FISH5,0.04,4037.426,3,3,4037.426,0.0,0.0,0.0,0.0,100935.65
1743138,IT,US,MOTO1,ELEC4,0.02,4037.303,3,3,4037.303,0.0,0.0,0.0,0.0,201865.15
1684993,IT,HU,VEGE1,FISH5,0.01,4037.106,3,3,4037.106,0.0,0.0,0.0,0.0,403710.6
1793937,IT,WL,LEATH,BIOGA,0.03,4036.872,3,3,4036.872,0.0,0.0,0.0,0.0,134562.4
1711919,IT,LU,FOOD3,FABRI,0.01,4036.855,3,3,4036.855,0.0,0.0,0.0,0.0,403685.5
1792329,IT,WA,FINAN,PRINT,0.05,4036.727,3,3,4036.727,0.0,0.0,0.0,0.0,80734.54
1759902,IT,BR,PAPE1,AIRTR,0.03,4036.566,3,3,4036.566,0.0,0.0,0.0,0.0,134552.2
1781141,IT,TW,PAPE2,BASIC,0.03,4036.352,3,3,4036.352,0.0,0.0,0.0,0.0,134545.066667
1684580,IT,HR,BUSIN,RENTI,0.04,4035.611,3,3,4035.611,0.0,0.0,0.0,0.0,100890.275
1744983,IT,US,BUSIN,FOOD4,0.04,4035.448,3,3,4035.448,0.0,0.0,0.0,0.0,100886.2
1672200,IT,FI,AUXIL,RESEA,0.07,4035.389,3,3,4035.389,0.0,0.0,0.0,0.0,57648.414286
1802744,IT,WE,RESEA,DISTR,0.02,4035.318,3,3,4035.318,0.0,0.0,0.0,0.0,201765.9
1783798,IT,NO,INERT,GLASS,0.03,4035.173,3,3,4035.173,0.0,0.0,0.0,0.0,134505.766667
1751027,IT,CN,WHOLE,BASIC,0.03,4035.113,3,3,4035.113,0.0,0.0,0.0,0.0,134503.766667
1644571,IT,BE,PROCE,RESEA,0.03,4035.113,3,3,4035.113,0.0,0.0,0.0,0.0,134503.766667
1644131,IT,AT,INTER,DISTR,0.02,4035.014,3,3,4035.014,0.0,0.0,0.0,0.0,201750.7
1720955,IT,PL,WHOLE,MOTOR,0.03,4034.938,3,3,4034.938,0.0,0.0,0.0,0.0,134497.933333
1782786,IT,NO,HOTEL,RUBBE,0.03,4034.813,3,3,4034.813,0.0,0.0,0.0,0.0,134493.766667
1813321,IT,WM,FURNI,OILSE,0.01,4034.729,3,3,4034.729,0.0,0.0,0.0,0.0,403472.9
1814577,IT,WM,BUSIN,BASIC,0.04,4034.327,3,3,4034.327,0.0,0.0,0.0,0.0,100858.175
1678077,IT,FR,FOODW,COPP1,0.03,4034.285,3,3,4034.285,0.0,0.0,0.0,0.0,134476.166667
1733281,IT,SI,OFFIC,FURNI,0.01,4034.239,3,3,4034.239,0.0,0.0,0.0,0.0,403423.9
1768192,IT,RU,PUBLI,AUXIL,0.07,4034.157,3,3,4034.157,0.0,0.0,0.0,0.0,57630.814286
1788127,IT,WA,WEARI,FISH5,0.03,4034.122,3,3,4034.122,0.0,0.0,0.0,0.0,134470.733333
1798155,IT,WE,PADDY,WEARI,0.04,4033.064,3,3,4033.064,0.0,0.0,0.0,0.0,100826.6
1684503,IT,HR,RESEA,EDUCA,0.02,4032.975,3,3,4032.975,0.0,0.0,0.0,0.0,201648.75
1748955,IT,CN,WEARI,AUXIL,0.03,4032.92,3,3,4032.92,0.0,0.0,0.0,0.0,134430.666667
1724784,IT,PT,RENTI,93197,0.02,4032.348,3,3,4032.348,0.0,0.0,0.0,0.0,201617.4
1735705,IT,SK,FABRI,ELECT,0.02,4032.182,3,3,4032.182,0.0,0.0,0.0,0.0,201609.1
1687698,IT,HU,SUPPO,WHEAT,0.03,4032.04,3,3,4032.04,0.0,0.0,0.0,0.0,134401.333333
1647724,IT,BE,INSUR,FABRI,0.08,4031.943,3,3,4031.943,0.0,0.0,0.0,0.0,50399.2875
1665514,IT,ES,WEARI,FINAN,0.03,4031.666,3,3,4031.666,0.0,0.0,0.0,0.0,134388.866667
1751030,IT,CN,WHOLE,LEAD1,0.03,4031.533,3,3,4031.533,0.0,0.0,0.0,0.0,134384.433333
1676664,IT,FR,RAILW,RAWMI,0.03,4031.444,3,3,4031.444,0.0,0.0,0.0,0.0,134381.466667
1797096,IT,WL,POSTT,NATUR,0.07,4031.35,3,3,4031.35,0.0,0.0,0.0,0.0,57590.714286
1685121,IT,HU,FOOD5,ELEC2,0.02,4031.324,3,3,4031.324,0.0,0.0,0.0,0.0,201566.2
1743449,IT,US,WHOLE,FOOD5,0.03,4031.303,3,3,4031.303,0.0,0.0,0.0,0.0,134376.766667
1731490,IT,SI,BEVER,RENTI,0.02,4031.278,3,3,4031.278,0.0,0.0,0.0,0.0,201563.9
1811971,IT,WM,GLASS,PULP5,0.01,4030.639,3,3,4030.639,0.0,0.0,0.0,0.0,403063.9
1710956,IT,LU,RUBBE,AIRTR,0.01,4030.305,3,3,4030.305,0.0,0.0,0.0,0.0,403030.5
1687304,IT,HU,RETA1,PAPER,0.04,4030.281,3,3,4030.281,0.0,0.0,0.0,0.0,100757.025
1762646,IT,IN,COMPU,COLLE,0.05,4030.191,3,3,4030.191,0.0,0.0,0.0,0.0,80603.82
1651692,IT,CY,FABRI,FOOD5,0.02,4030.142,3,3,4030.142,0.0,0.0,0.0,0.0,201507.1
1767126,IT,RU,FURNI,INTER,0.01,4029.981,3,3,4029.981,0.0,0.0,0.0,0.0,402998.1
1678570,IT,GR,CROPS,COPP1,0.03,4029.774,3,3,4029.774,0.0,0.0,0.0,0.0,134325.8
1728047,IT,SE,MEATC,SUGA1,0.01,4029.496,3,3,4029.496,0.0,0.0,0.0,0.0,402949.6
1745564,IT,JP,BEVER,INSUR,0.02,4029.388,3,3,4029.388,0.0,0.0,0.0,0.0,201469.4
1765001,IT,MX,FINAN,BUSIN,0.05,4029.388,3,3,4029.388,0.0,0.0,0.0,0.0,80587.76
1670102,IT,ES,FOOD4,PLAS2,0.03,4029.211,3,3,4029.211,0.0,0.0,0.0,0.0,134307.033333
1782843,IT,NO,LANDT,BASIC,0.03,4028.968,3,3,4028.968,0.0,0.0,0.0,0.0,134298.933333
1750611,IT,CN,OFFIC,STEAM,0.01,4028.773,3,3,4028.773,0.0,0.0,0.0,0.0,402877.3
1720802,IT,PL,FURNI,TOBAC,0.01,4028.734,3,3,4028.734,0.0,0.0,0.0,0.0,402873.4
1744627,IT,US,RENTI,BUSIN,0.02,4028.243,3,3,4028.243,0.0,0.0,0.0,0.0,201412.15
1771366,IT,CH,PROCE,RESEA,0.03,4028.123,3,3,4028.123,0.0,0.0,0.0,0.0,134270.766667
1680685,IT,GR,WHOLE,RETAI,0.03,4027.907,3,3,4027.907,0.0,0.0,0.0,0.0,134263.566667
1648696,IT,BG,FOOD5,FORES,0.02,4027.856,3,3,4027.856,0.0,0.0,0.0,0.0,201392.8
1751561,IT,CN,POSTT,KEROS,0.07,4027.758,3,3,4027.758,0.0,0.0,0.0,0.0,57539.4
1659213,IT,DE,CONST,FOOD2,0.02,4027.554,3,3,4027.554,0.0,0.0,0.0,0.0,201377.7
1748390,IT,CN,CROPS,TEXTI,0.03,4027.498,3,3,4027.498,0.0,0.0,0.0,0.0,134249.933333
1729866,IT,SE,MOTO1,PUBLI,0.02,4027.491,3,3,4027.491,0.0,0.0,0.0,0.0,201374.55
1747671,IT,JP,POSTT,MOTO1,0.07,4027.336,3,3,4027.336,0.0,0.0,0.0,0.0,57533.371429
1643351,IT,AT,RAILW,SECO9,0.03,4027.246,3,3,4027.246,0.0,0.0,0.0,0.0,134241.533333
1766242,IT,RU,GLASS,COMPU,0.01,4027.173,3,3,4027.173,0.0,0.0,0.0,0.0,402717.3
1665833,IT,ES,PRINT,GASDI,0.04,4026.582,3,3,4026.582,0.0,0.0,0.0,0.0,100664.55
1773586,IT,CH,MOTO1,WASTE,0.02,4026.458,3,3,4026.458,0.0,0.0,0.0,0.0,201322.9
1748156,IT,JP,FOODW,FOOD5,0.03,4026.415,3,3,4026.415,0.0,0.0,0.0,0.0,134213.833333
1793033,IT,WA,FOOD4,ANIMA,0.03,4026.38,3,3,4026.38,0.0,0.0,0.0,0.0,134212.666667
1793940,IT,WL,LEATH,CEMEN,0.03,4026.356,3,3,4026.356,0.0,0.0,0.0,0.0,134211.866667
1644895,IT,BE,LEATH,LIQUE,0.03,4026.216,3,3,4026.216,0.0,0.0,0.0,0.0,134207.2
1670740,IT,FI,PAPER,ELEC7,0.02,4026.197,3,3,4026.197,0.0,0.0,0.0,0.0,201309.85
1659484,IT,DE,RETA1,GASDI,0.04,4026.122,3,3,4026.122,0.0,0.0,0.0,0.0,100653.05
1765684,IT,RU,PAPER,NONME,0.02,4026.031,3,3,4026.031,0.0,0.0,0.0,0.0,201301.55
1782406,IT,NO,FABRI,WOOD1,0.02,4026.001,3,3,4026.001,0.0,0.0,0.0,0.0,201300.05
1771150,IT,CH,MEAT1,FISHF,0.02,4025.916,3,3,4025.916,0.0,0.0,0.0,0.0,201295.8
1677576,IT,FR,REALE,PULP5,0.17,4025.65,3,3,4025.65,0.0,0.0,0.0,0.0,23680.294118
1736465,IT,SK,LANDT,FOOD4,0.03,4025.322,3,3,4025.322,0.0,0.0,0.0,0.0,134177.4
1671084,IT,FI,RUBBE,FINAN,0.01,4025.27,3,3,4025.27,0.0,0.0,0.0,0.0,402527.0
1683804,IT,HR,OFFIC,COLLE,0.01,4024.943,3,3,4024.943,0.0,0.0,0.0,0.0,402494.3
1655123,IT,CZ,BUSIN,MEATP,0.04,4024.612,3,3,4024.612,0.0,0.0,0.0,0.0,100615.3
1713055,IT,MT,MEAT4,COMPU,0.02,4024.419,3,3,4024.419,0.0,0.0,0.0,0.0,201220.95
1649168,IT,BG,PRINT,PFERT,0.04,4024.33,3,3,4024.33,0.0,0.0,0.0,0.0,100608.25
1799386,IT,WE,PULP5,INLAN,0.01,4023.946,3,3,4023.946,0.0,0.0,0.0,0.0,402394.6
1671926,IT,FI,LANDT,NICKE,0.03,4023.908,3,3,4023.908,0.0,0.0,0.0,0.0,134130.266667
1748732,IT,CN,BEVER,RADIO,0.02,4023.898,3,3,4023.898,0.0,0.0,0.0,0.0,201194.9
1769336,IT,AU,GLASS,ALUM1,0.01,4023.861,3,3,4023.861,0.0,0.0,0.0,0.0,402386.1
1768569,IT,AU,BEVER,NATUR,0.02,4023.745,3,3,4023.745,0.0,0.0,0.0,0.0,201187.25
1687407,IT,HU,HOTEL,TRAN2,0.03,4023.72,3,3,4023.72,0.0,0.0,0.0,0.0,134124.0
1735657,IT,SK,FABRI,ANIMA,0.02,4023.655,3,3,4023.655,0.0,0.0,0.0,0.0,201182.75
1798027,IT,WL,INERT,EDUCA,0.03,4023.636,3,3,4023.636,0.0,0.0,0.0,0.0,134121.2
1642891,IT,AT,MOTO1,FOOD2,0.02,4023.632,3,3,4023.632,0.0,0.0,0.0,0.0,201181.6
1690479,IT,IE,PAPE4,COMPU,0.03,4023.546,3,3,4023.546,0.0,0.0,0.0,0.0,134118.2
1775460,IT,CH,PLAS1,MEATP,0.01,4023.235,3,3,4023.235,0.0,0.0,0.0,0.0,402323.5
1644562,IT,BE,PROCE,RAILW,0.03,4023.222,3,3,4023.222,0.0,0.0,0.0,0.0,134107.4
1763218,IT,MX,WOODW,MOTOR,0.01,4022.58,3,3,4022.58,0.0,0.0,0.0,0.0,402258.0
1791090,IT,WA,TRANS,BRICK,0.02,4022.344,3,3,4022.344,0.0,0.0,0.0,0.0,201117.2
1748566,IT,CN,VEGE1,LIQUE,0.01,4022.038,3,3,4022.038,0.0,0.0,0.0,0.0,402203.8
1657382,IT,DE,RUBBE,COKIN,0.01,4022.036,3,3,4022.036,0.0,0.0,0.0,0.0,402203.6
1740809,IT,US,VEGE1,AVIAT,0.01,4021.955,3,3,4021.955,0.0,0.0,0.0,0.0,402195.5
1724208,IT,PT,HOTEL,INSUR,0.03,4021.825,3,3,4021.825,0.0,0.0,0.0,0.0,134060.833333
1648653,IT,BG,DAIRY,WEARI,0.02,4021.49,3,3,4021.49,0.0,0.0,0.0,0.0,201074.5
1794150,IT,WL,PRINT,OILSE,0.04,4021.257,3,3,4021.257,0.0,0.0,0.0,0.0,100531.425
1754411,IT,CA,RENTI,RADIO,0.02,4021.213,3,3,4021.213,0.0,0.0,0.0,0.0,201060.65
1715236,IT,NL,WOODW,INERT,0.01,4021.084,3,3,4021.084,0.0,0.0,0.0,0.0,402108.4
1727365,IT,RO,POSTT,FOOD3,0.07,4020.889,3,3,4020.889,0.0,0.0,0.0,0.0,57441.271429
1662870,IT,DK,WHOLE,MOTOR,0.03,4020.365,3,3,4020.365,0.0,0.0,0.0,0.0,134012.166667
1668606,IT,ES,RAILW,NICKE,0.03,4020.297,3,3,4020.297,0.0,0.0,0.0,0.0,134009.9
1671950,IT,FI,LANDT,LUBRI,0.03,4020.08,3,3,4020.08,0.0,0.0,0.0,0.0,134002.666667
1809814,IT,WM,FOOD5,ELEC1,0.02,4020.079,3,3,4020.079,0.0,0.0,0.0,0.0,201003.95
1671654,IT,FI,CONST,PLAST,0.02,4019.528,3,3,4019.528,0.0,0.0,0.0,0.0,200976.4
1643181,IT,AT,HOTEL,FORES,0.03,4019.495,3,3,4019.495,0.0,0.0,0.0,0.0,133983.166667
1780111,IT,TW,HOTEL,MEATP,0.03,4019.454,3,3,4019.454,0.0,0.0,0.0,0.0,133981.8
1673223,IT,FR,FISH5,FISHF,0.02,4019.326,4,4,4019.324,0.0,0.0,0.0,0.002,200966.3
1810148,IT,WM,WEARI,KERO1,0.03,4019.192,3,3,4019.192,0.0,0.0,0.0,0.0,133973.066667
1748201,IT,JP,PAPE1,BASIC,0.03,4018.918,3,3,4018.918,0.0,0.0,0.0,0.0,133963.933333
1716325,IT,NL,FABRI,ELEC5,0.02,4018.661,3,3,4018.661,0.0,0.0,0.0,0.0,200933.05
1762851,IT,IN,PUBLI,SEACO,0.07,4018.601,3,3,4018.601,0.0,0.0,0.0,0.0,57408.585714
1710161,IT,LT,MACHI,COPP1,0.02,4018.417,3,3,4018.417,0.0,0.0,0.0,0.0,200920.85
1811990,IT,WM,GLASS,CEMEN,0.01,4018.203,3,3,4018.203,0.0,0.0,0.0,0.0,401820.3
1655563,IT,DE,STONE,SUPPO,0.01,4018.003,3,3,4018.003,0.0,0.0,0.0,0.0,401800.3
1771764,IT,CH,LEATH,STEAM,0.03,4017.75,3,3,4017.75,0.0,0.0,0.0,0.0,133925.0
1802751,IT,WE,RESEA,INSUR,0.02,4017.743,3,3,4017.743,0.0,0.0,0.0,0.0,200887.15
1736291,IT,SK,HOTEL,FURNI,0.03,4017.732,3,3,4017.732,0.0,0.0,0.0,0.0,133924.4
1712077,IT,LV,BEVER,MOTO1,0.02,4017.467,3,3,4017.467,0.0,0.0,0.0,0.0,200873.35
1782047,IT,NO,RUBBE,WOOD2,0.01,4017.272,3,3,4017.272,0.0,0.0,0.0,0.0,401727.2
1654887,IT,CZ,POSTT,RESEA,0.07,4017.256,3,3,4017.256,0.0,0.0,0.0,0.0,57389.371429
1685009,IT,HU,VEGE1,SUPPO,0.01,4017.21,3,3,4017.21,0.0,0.0,0.0,0.0,401721.0
1753445,IT,CA,FABRI,NAPHT,0.02,4017.167,3,3,4017.167,0.0,0.0,0.0,0.0,200858.35
1659552,IT,DE,RETA1,FOOD2,0.04,4017.141,3,3,4017.141,0.0,0.0,0.0,0.0,100428.525
1710245,IT,LT,MOTO1,PIGS9,0.02,4017.125,3,3,4017.125,0.0,0.0,0.0,0.0,200856.25
1760586,IT,IN,WOODW,LIQUE,0.01,4017.031,3,3,4017.031,0.0,0.0,0.0,0.0,401703.1
1756831,IT,KR,POSTT,TEXTI,0.07,4016.971,3,3,4016.971,0.0,0.0,0.0,0.0,57385.3
1718686,IT,PL,WOODW,OFFIC,0.01,4016.836,3,3,4016.836,0.0,0.0,0.0,0.0,401683.6
1651575,IT,CY,GLASS,MEAT1,0.01,4016.648,3,3,4016.648,0.0,0.0,0.0,0.0,401664.8
1806345,IT,WF,MOTO1,PIGS9,0.02,4016.415,3,3,4016.415,0.0,0.0,0.0,0.0,200820.75
1781763,IT,NO,PAPER,MEMBE,0.02,4016.361,3,3,4016.361,0.0,0.0,0.0,0.0,200818.05
1673868,IT,FR,PRINT,TEXT1,0.04,4016.35,3,3,4016.35,0.0,0.0,0.0,0.0,100408.75
1747941,IT,JP,RESEA,KEROS,0.02,4016.164,3,3,4016.164,0.0,0.0,0.0,0.0,200808.2
1651996,IT,CZ,VEGET,FORES,0.01,4016.046,3,3,4016.046,0.0,0.0,0.0,0.0,401604.6
1753664,IT,CA,MOTO1,LEADZ,0.02,4015.961,3,3,4015.961,0.0,0.0,0.0,0.0,200798.05
1747427,IT,JP,LANDT,MOTO1,0.03,4015.958,3,3,4015.958,0.0,0.0,0.0,0.0,133865.266667
1731473,IT,SI,BEVER,ELEC3,0.02,4015.913,3,3,4015.913,0.0,0.0,0.0,0.0,200795.65
1678211,IT,FR,OILHA,CHEM1,0.02,4015.581,3,3,4015.581,0.0,0.0,0.0,0.0,200779.05
1792889,IT,WA,HEALT,VEGET,0.02,4015.444,3,3,4015.444,0.0,0.0,0.0,0.0,200772.2
1661489,IT,DK,FOOD5,VEGE1,0.02,4015.35,3,3,4015.35,0.0,0.0,0.0,0.0,200767.5
1808683,IT,WF,INERT,SEACO,0.03,4015.039,3,3,4015.039,0.0,0.0,0.0,0.0,133834.633333
1665092,IT,ES,VEGE1,PAPER,0.01,4015.008,3,3,4015.008,0.0,0.0,0.0,0.0,401500.8
1776149,IT,TR,LEATH,MEDIC,0.03,4014.966,3,3,4014.966,0.0,0.0,0.0,0.0,133832.2
1760464,IT,IN,TEXTI,BEVER,0.02,4014.718,3,3,4014.718,0.0,0.0,0.0,0.0,200735.9
1643917,IT,AT,REALE,RECRE,0.17,4014.501,3,3,4014.501,0.0,0.0,0.0,0.0,23614.711765
1810158,IT,WM,WEARI,BASIC,0.03,4014.459,3,3,4014.459,0.0,0.0,0.0,0.0,133815.3
1681390,IT,GR,REALE,NFERT,0.17,4014.446,3,3,4014.446,0.0,0.0,0.0,0.0,23614.388235
1813369,IT,WM,FURNI,BRICK,0.01,4014.318,3,3,4014.318,0.0,0.0,0.0,0.0,401431.8
1730206,IT,SE,LANDT,RAILW,0.03,4014.247,3,3,4014.247,0.0,0.0,0.0,0.0,133808.233333
1753518,IT,CA,MACHI,ALUMI,0.02,4014.204,3,3,4014.204,0.0,0.0,0.0,0.0,200710.2
1797259,IT,WL,INSUR,NICKE,0.08,4014.192,3,3,4014.192,0.0,0.0,0.0,0.0,50177.4
1757329,IT,BR,TEXTI,RAWMI,0.02,4014.1,3,3,4014.1,0.0,0.0,0.0,0.0,200705.0
1722803,IT,PT,PAPER,ELEC4,0.02,4013.958,3,3,4013.958,0.0,0.0,0.0,0.0,200697.9
1712948,IT,MT,VEGET,CONST,0.01,4013.858,3,3,4013.858,0.0,0.0,0.0,0.0,401385.8
1733570,IT,SI,RETA1,CONST,0.04,4013.473,3,3,4013.473,0.0,0.0,0.0,0.0,100336.825
1795575,IT,WL,COPP1,FURNI,0.01,4013.435,3,3,4013.435,0.0,0.0,0.0,0.0,401343.5
1794053,IT,WL,PAPER,WOOLS,0.02,4013.362,3,3,4013.362,0.0,0.0,0.0,0.0,200668.1
1644180,IT,BE,PADDY,FOOD5,0.04,4013.019,3,3,4013.019,0.0,0.0,0.0,0.0,100325.475
1640682,IT,AT,FISH5,PAPER,0.02,4012.867,4,4,4012.865,0.0,0.0,0.0,0.002,200643.35
1781709,IT,NO,WOODW,RENTI,0.01,4012.77,3,3,4012.77,0.0,0.0,0.0,0.0,401277.0
1720187,IT,PL,COPP1,ELEC5,0.01,4012.459,3,3,4012.459,0.0,0.0,0.0,0.0,401245.9
1682097,IT,HR,TEXTI,MEAT4,0.02,4012.37,3,3,4012.37,0.0,0.0,0.0,0.0,200618.5
1764924,IT,MX,SUPPO,MACHI,0.03,4012.352,3,3,4012.352,0.0,0.0,0.0,0.0,133745.066667
1775062,IT,CH,RENTI,FABRI,0.02,4012.341,3,3,4012.341,0.0,0.0,0.0,0.0,200617.05
1722885,IT,PT,PRINT,RENTI,0.04,4012.264,3,3,4012.264,0.0,0.0,0.0,0.0,100306.6
1762753,IT,IN,BUSIN,SECO9,0.04,4011.936,3,3,4011.936,0.0,0.0,0.0,0.0,100298.4
1689715,IT,IE,FINAN,MEAT1,0.05,4011.653,3,3,4011.653,0.0,0.0,0.0,0.0,80233.06
1768416,IT,AU,VEGE1,LANDT,0.01,4011.63,3,3,4011.63,0.0,0.0,0.0,0.0,401163.0
1647053,IT,BE,RETA1,INERT,0.04,4011.108,3,3,4011.108,0.0,0.0,0.0,0.0,100277.7
1757503,IT,BR,PAPER,PAPE4,0.02,4010.816,3,3,4010.816,0.0,0.0,0.0,0.0,200540.8
1671763,IT,FI,RETAI,HOTEL,0.03,4010.603,3,3,4010.603,0.0,0.0,0.0,0.0,133686.766667
1750919,IT,CN,CONST,RADIO,0.02,4010.561,3,3,4010.561,0.0,0.0,0.0,0.0,200528.05
1720321,IT,PL,FABRI,ELEC4,0.02,4010.377,3,3,4010.377,0.0,0.0,0.0,0.0,200518.85
1672163,IT,FI,INSUR,INSUR,0.08,4010.348,3,3,4010.348,0.0,0.0,0.0,0.0,50129.35
1774049,IT,CH,RETAI,WOOD1,0.03,4009.954,3,3,4009.954,0.0,0.0,0.0,0.0,133665.133333
1747342,IT,JP,RETA1,PRINT,0.04,4009.593,3,3,4009.593,0.0,0.0,0.0,0.0,100239.825
1690153,IT,IE,COMPU,FOOD3,0.05,4009.133,3,3,4009.133,0.0,0.0,0.0,0.0,80182.66
1777777,IT,TR,FABRI,LEADZ,0.02,4009.092,3,3,4009.092,0.0,0.0,0.0,0.0,200454.6
1752847,IT,CA,PRINT,PAPER,0.04,4008.932,3,3,4008.932,0.0,0.0,0.0,0.0,100223.3
1687389,IT,HU,HOTEL,RADIO,0.03,4008.783,3,3,4008.783,0.0,0.0,0.0,0.0,133626.1
1641061,IT,AT,PAPER,VEGE1,0.02,4008.226,3,3,4008.226,0.0,0.0,0.0,0.0,200411.3
1761746,IT,IN,MACHI,PETRO,0.02,4008.222,3,3,4008.222,0.0,0.0,0.0,0.0,200411.1
1756576,IT,KR,RETA1,FINAN,0.04,4008.133,3,3,4008.133,0.0,0.0,0.0,0.0,100203.325
1794085,IT,WL,PAPER,REFI1,0.02,4007.948,3,3,4007.948,0.0,0.0,0.0,0.0,200397.4
1640966,IT,AT,WOODW,LEAD1,0.01,4007.896,3,3,4007.896,0.0,0.0,0.0,0.0,400789.6
1651295,IT,CY,BEVER,RECRE,0.02,4007.567,3,3,4007.567,0.0,0.0,0.0,0.0,200378.35
1798014,IT,WL,INERT,SALEM,0.03,4007.498,3,3,4007.498,0.0,0.0,0.0,0.0,133583.266667
1737104,IT,GB,MEATP,MEAT1,0.02,4007.441,3,3,4007.441,0.0,0.0,0.0,0.0,200372.05
1813226,IT,WM,TRANS,COPPE,0.02,4007.251,3,3,4007.251,0.0,0.0,0.0,0.0,200362.55
1784052,IT,ID,TEXTI,RENTI,0.02,4006.917,3,3,4006.917,0.0,0.0,0.0,0.0,200345.85
1724625,IT,PT,FINAN,LANDT,0.05,4006.913,3,3,4006.913,0.0,0.0,0.0,0.0,80138.26
1743093,IT,US,MOTO1,FISH5,0.02,4006.135,3,3,4006.135,0.0,0.0,0.0,0.0,200306.75
1813883,IT,WM,LANDT,LEAD1,0.03,4005.969,3,3,4005.969,0.0,0.0,0.0,0.0,133532.3
1678069,IT,FR,FOODW,FOOD5,0.03,4005.677,3,3,4005.677,0.0,0.0,0.0,0.0,133522.566667
1717824,IT,NL,RECRE,LANDT,0.05,4005.613,3,3,4005.613,0.0,0.0,0.0,0.0,80112.26
1744434,IT,US,AUXIL,PREC1,0.07,4005.422,3,3,4005.422,0.0,0.0,0.0,0.0,57220.314286
1722212,IT,PL,PUBLI,BUSIN,0.07,4005.404,3,3,4005.404,0.0,0.0,0.0,0.0,57220.057143
1678384,IT,FR,PAPE4,COLLE,0.03,4005.35,3,3,4005.35,0.0,0.0,0.0,0.0,133511.666667
1643878,IT,AT,REALE,PLAST,0.17,4005.316,3,3,4005.316,0.0,0.0,0.0,0.0,23560.682353
1647307,IT,BE,LANDT,INERT,0.03,4005.075,3,3,4005.075,0.0,0.0,0.0,0.0,133502.5
1710110,IT,LT,FABRI,PUBLI,0.02,4004.867,3,3,4004.867,0.0,0.0,0.0,0.0,200243.35
1740470,IT,GB,FOOD4,PLAS2,0.03,4004.749,3,3,4004.749,0.0,0.0,0.0,0.0,133491.633333
1664523,IT,EE,TRANS,RENTI,0.02,4004.73,3,3,4004.73,0.0,0.0,0.0,0.0,200236.5
1664855,IT,ES,MEATA,EDUCA,0.02,4004.687,3,3,4004.687,0.0,0.0,0.0,0.0,200234.35
1660543,IT,DE,INSUR,OILHA,0.08,4004.672,3,3,4004.672,0.0,0.0,0.0,0.0,50058.4
1797301,IT,WL,AUXIL,CHEM1,0.07,4004.6,3,3,4004.6,0.0,0.0,0.0,0.0,57208.571429
1802505,IT,WE,POSTT,PFERT,0.07,4004.185,3,3,4004.185,0.0,0.0,0.0,0.0,57202.642857
1754895,IT,KR,TOBAC,NONF1,0.02,4003.968,3,3,4003.968,0.0,0.0,0.0,0.0,200198.4
1812027,IT,WM,GLASS,FOOD3,0.01,4003.783,3,3,4003.783,0.0,0.0,0.0,0.0,400378.3
1785128,IT,ZA,VEGE1,MEMBE,0.01,4003.339,3,3,4003.339,0.0,0.0,0.0,0.0,400333.9
1762931,IT,MX,MEAT4,FOOD5,0.02,4003.327,3,3,4003.327,0.0,0.0,0.0,0.0,200166.35
1687366,IT,HU,HOTEL,PULP5,0.03,4002.896,3,3,4002.896,0.0,0.0,0.0,0.0,133429.866667
1658387,IT,DE,FABRI,BITUM,0.02,4002.838,3,3,4002.838,0.0,0.0,0.0,0.0,200141.9
1678082,IT,FR,FOODW,HOTEL,0.03,4002.769,3,3,4002.769,0.0,0.0,0.0,0.0,133425.633333
1776237,IT,TR,WOODW,FOOD4,0.01,4002.64,3,3,4002.64,0.0,0.0,0.0,0.0,400264.0
1640481,IT,AT,DAIRY,RAILW,0.02,4002.625,3,3,4002.625,0.0,0.0,0.0,0.0,200131.25
1787630,IT,WA,MEAT4,WEARI,0.02,4002.453,3,3,4002.453,0.0,0.0,0.0,0.0,200122.65
1758659,IT,BR,FURNI,WHOLE,0.01,4002.024,3,3,4002.024,0.0,0.0,0.0,0.0,400202.4
1770794,IT,AU,COMPU,FURNI,0.05,4001.362,3,3,4001.362,0.0,0.0,0.0,0.0,80027.24
1670685,IT,FI,WOODW,PLAST,0.01,4001.325,3,3,4001.325,0.0,0.0,0.0,0.0,400132.5
1784951,IT,ID,INSUR,PAPER,0.08,4001.256,3,3,4001.256,0.0,0.0,0.0,0.0,50015.7
1792552,IT,WA,RENTI,PLAST,0.02,4001.238,3,3,4001.238,0.0,0.0,0.0,0.0,200061.9
1770390,IT,AU,LANDT,TRANS,0.03,4001.157,3,3,4001.157,0.0,0.0,0.0,0.0,133371.9
1688111,IT,HU,BUSIN,CHEMI,0.04,4001.079,3,3,4001.079,0.0,0.0,0.0,0.0,100026.975
1686157,IT,HU,GLASS,VEGET,0.01,4001.053,3,3,4001.053,0.0,0.0,0.0,0.0,400105.3
1716430,IT,NL,MACHI,INTER,0.02,4000.87,3,3,4000.87,0.0,0.0,0.0,0.0,200043.5
1740016,IT,GB,REALE,EDUCA,0.17,4000.806,3,3,4000.806,0.0,0.0,0.0,0.0,23534.152941
1650662,IT,BG,WHOLE,CONST,0.03,4000.726,3,3,4000.726,0.0,0.0,0.0,0.0,133357.533333
1764583,IT,MX,WHOLE,NONF1,0.03,4000.485,3,3,4000.485,0.0,0.0,0.0,0.0,133349.5
1714336,IT,MT,HEALT,BUSIN,0.02,3999.903,3,3,3999.903,0.0,0.0,0.0,0.0,199995.15
1764019,IT,MX,COPP1,COPPE,0.01,3999.839,3,3,3999.839,0.0,0.0,0.0,0.0,399983.9
1722834,IT,PT,PAPER,INERT,0.02,3999.763,3,3,3999.763,0.0,0.0,0.0,0.0,199988.15
1724668,IT,PT,INSUR,RUBBE,0.08,3999.639,3,3,3999.639,0.0,0.0,0.0,0.0,49995.4875
1797577,IT,WL,EDUCA,CHARC,0.1,3999.613,3,3,3999.613,0.0,0.0,0.0,0.0,39996.13
1671620,IT,FI,FURNI,ELEC3,0.01,3999.569,3,3,3999.569,0.0,0.0,0.0,0.0,399956.9
1746911,IT,JP,MOTO1,COKEO,0.02,3999.505,3,3,3999.505,0.0,0.0,0.0,0.0,199975.25
1774046,IT,CH,RETAI,PUBLI,0.03,3999.425,3,3,3999.425,0.0,0.0,0.0,0.0,133314.166667
1668180,IT,ES,SALEM,REALE,0.03,3999.408,3,3,3999.408,0.0,0.0,0.0,0.0,133313.6
1740586,IT,US,ANIMA,HOTEL,0.02,3999.373,3,3,3999.373,0.0,0.0,0.0,0.0,199968.65
1758664,IT,BR,FURNI,AIRTR,0.01,3999.324,3,3,3999.324,0.0,0.0,0.0,0.0,399932.4
1711802,IT,LU,PUBLI,INSUR,0.07,3999.255,3,3,3999.255,0.0,0.0,0.0,0.0,57132.214286
1687267,IT,HU,WHOLE,OFFIC,0.03,3998.901,3,3,3998.901,0.0,0.0,0.0,0.0,133296.7
1768146,IT,RU,PUBLI,MOTOR,0.07,3998.481,3,3,3998.481,0.0,0.0,0.0,0.0,57121.157143
1687886,IT,HU,REALE,RUBBE,0.17,3998.294,3,3,3998.294,0.0,0.0,0.0,0.0,23519.376471
1767022,IT,RU,TRANS,CONST,0.02,3998.128,3,3,3998.128,0.0,0.0,0.0,0.0,199906.4
1776075,IT,TR,WEARI,MEATC,0.03,3997.988,3,3,3997.988,0.0,0.0,0.0,0.0,133266.266667
1654078,IT,CZ,OFFIC,DAIRY,0.01,3997.91,3,3,3997.91,0.0,0.0,0.0,0.0,399791.0
1768272,IT,AU,VEGET,DAIRY,0.01,3997.887,3,3,3997.887,0.0,0.0,0.0,0.0,399788.7
1771929,IT,CH,PAPER,LUBRI,0.02,3997.833,3,3,3997.833,0.0,0.0,0.0,0.0,199891.65
1677358,IT,FR,INSUR,MEATA,0.08,3997.573,3,3,3997.573,0.0,0.0,0.0,0.0,49969.6625
1797789,IT,WL,OILHA,PFERT,0.02,3997.473,3,3,3997.473,0.0,0.0,0.0,0.0,199873.65
1688506,IT,IE,WOODW,TEXTI,0.01,3997.168,3,3,3997.168,0.0,0.0,0.0,0.0,399716.8
1730007,IT,SE,SALEM,AUXIL,0.03,3997.121,3,3,3997.121,0.0,0.0,0.0,0.0,133237.366667
1688268,IT,IE,CROPS,WHOLE,0.03,3997.077,3,3,3997.077,0.0,0.0,0.0,0.0,133235.9
1801508,IT,WE,MOTO1,BLAST,0.02,3996.948,3,3,3996.948,0.0,0.0,0.0,0.0,199847.4
1730675,IT,SE,RENTI,FOOD2,0.02,3996.734,3,3,3996.734,0.0,0.0,0.0,0.0,199836.7
1644454,IT,BE,VEGE1,KEROS,0.01,3996.633,3,3,3996.633,0.0,0.0,0.0,0.0,399663.3
1721894,IT,PL,RENTI,RUBBE,0.02,3996.589,3,3,3996.589,0.0,0.0,0.0,0.0,199829.45
1648646,IT,BG,DAIRY,POULT,0.02,3996.553,3,3,3996.553,0.0,0.0,0.0,0.0,199827.65
1663209,IT,DK,LANDT,INTER,0.03,3996.097,3,3,3996.097,0.0,0.0,0.0,0.0,133203.233333
1802547,IT,WE,FINAN,FOOD5,0.05,3996.047,3,3,3996.047,0.0,0.0,0.0,0.0,79920.94
1781420,IT,NO,FOOD5,PLAST,0.02,3995.506,3,3,3995.506,0.0,0.0,0.0,0.0,199775.3
1651356,IT,CY,PAPER,FABRI,0.02,3995.459,3,3,3995.459,0.0,0.0,0.0,0.0,199772.95
1648838,IT,BG,TEXTI,SANDC,0.02,3995.268,3,3,3995.268,0.0,0.0,0.0,0.0,199763.4
1727642,IT,RO,RENTI,PLAST,0.02,3995.266,3,3,3995.266,0.0,0.0,0.0,0.0,199763.3
1647085,IT,BE,HOTEL,KERO1,0.03,3995.231,3,3,3995.231,0.0,0.0,0.0,0.0,133174.366667
1771317,IT,CH,DAIRY,SALEM,0.02,3995.151,3,3,3995.151,0.0,0.0,0.0,0.0,199757.55
1740967,IT,US,BEVER,CATTL,0.02,3995.098,3,3,3995.098,0.0,0.0,0.0,0.0,199754.9
1687146,IT,HU,FURNI,PULP5,0.01,3994.954,3,3,3994.954,0.0,0.0,0.0,0.0,399495.4
1680769,IT,GR,RETA1,PAPE4,0.04,3994.876,3,3,3994.876,0.0,0.0,0.0,0.0,99871.9
1717519,IT,NL,RENTI,BEVER,0.02,3994.861,3,3,3994.861,0.0,0.0,0.0,0.0,199743.05
1681319,IT,GR,INSUR,NONSP,0.08,3994.703,3,3,3994.703,0.0,0.0,0.0,0.0,49933.7875
1793562,IT,WL,MEAT4,COPP1,0.02,3994.64,3,3,3994.64,0.0,0.0,0.0,0.0,199732.0
1798519,IT,WE,STONE,PLAST,0.01,3994.495,3,3,3994.495,0.0,0.0,0.0,0.0,399449.5
1668019,IT,ES,FURNI,PULP5,0.01,3994.217,3,3,3994.217,0.0,0.0,0.0,0.0,399421.7
1714631,IT,NL,MEATC,COMPU,0.01,3994.202,3,3,3994.202,0.0,0.0,0.0,0.0,399420.2
1796262,IT,WL,CONST,CHARC,0.02,3994.161,3,3,3994.161,0.0,0.0,0.0,0.0,199708.05
1643383,IT,AT,LANDT,OILSE,0.03,3993.981,3,3,3993.981,0.0,0.0,0.0,0.0,133132.7
1784106,IT,ID,WOODW,PROCE,0.01,3993.95,3,3,3993.95,0.0,0.0,0.0,0.0,399395.0
1655431,IT,DE,FORES,BEVER,0.03,3993.841,4,4,3991.841,0.0,2.0,0.0,0.0,133128.033333
1734065,IT,SI,FINAN,RECRE,0.05,3993.834,3,3,3993.834,0.0,0.0,0.0,0.0,79876.68
1676236,IT,FR,CONST,PAPE4,0.02,3993.549,3,3,3993.549,0.0,0.0,0.0,0.0,199677.45
1759476,IT,BR,AUXIL,RETA1,0.07,3993.544,3,3,3993.544,0.0,0.0,0.0,0.0,57050.628571
1672068,IT,FI,SUPPO,FOOD5,0.03,3993.431,3,3,3993.431,0.0,0.0,0.0,0.0,133114.366667
1654479,IT,CZ,HOTEL,CROPS,0.03,3993.377,3,3,3993.377,0.0,0.0,0.0,0.0,133112.566667
1755627,IT,KR,RUBBE,NATUR,0.01,3993.337,3,3,3993.337,0.0,0.0,0.0,0.0,399333.7
1730698,IT,SE,COMPU,ELEC3,0.05,3993.251,3,3,3993.251,0.0,0.0,0.0,0.0,79865.02
1721977,IT,PL,COMPU,PREC1,0.05,3993.209,3,3,3993.209,0.0,0.0,0.0,0.0,79864.18
1753081,IT,CA,RUBBE,LEADZ,0.01,3993.198,3,3,3993.198,0.0,0.0,0.0,0.0,399319.8
1670644,IT,FI,LEATH,RETA1,0.03,3993.129,3,3,3993.129,0.0,0.0,0.0,0.0,133104.3
1785349,IT,ZA,WOODW,KEROS,0.01,3992.867,3,3,3992.867,0.0,0.0,0.0,0.0,399286.7
1684770,IT,HU,CROPS,POULT,0.03,3992.754,3,3,3992.754,0.0,0.0,0.0,0.0,133091.8
1672318,IT,FI,COMPU,PUBLI,0.05,3992.701,3,3,3992.701,0.0,0.0,0.0,0.0,79854.02
1763338,IT,MX,PAPER,WASTE,0.02,3992.374,3,3,3992.374,0.0,0.0,0.0,0.0,199618.7
1681481,IT,GR,COMPU,RESEA,0.05,3992.225,3,3,3992.225,0.0,0.0,0.0,0.0,79844.5
1768802,IT,AU,LEATH,MEAT1,0.03,3992.11,3,3,3992.11,0.0,0.0,0.0,0.0,133070.333333
1745012,IT,US,PUBLI,TOBAC,0.07,3992.099,3,3,3992.099,0.0,0.0,0.0,0.0,57029.985714
1733028,IT,SI,COPP1,DAIRY,0.01,3991.906,3,3,3991.906,0.0,0.0,0.0,0.0,399190.6
1710309,IT,LT,FURNI,ELECT,0.01,3991.887,3,3,3991.887,0.0,0.0,0.0,0.0,399188.7
1782000,IT,NO,RUBBE,LEAD1,0.01,3991.732,3,3,3991.732,0.0,0.0,0.0,0.0,399173.2
1651776,IT,CY,OFFIC,AUXIL,0.01,3991.549,3,3,3991.549,0.0,0.0,0.0,0.0,399154.9
1784099,IT,ID,LEATH,BUSIN,0.03,3990.952,3,3,3990.952,0.0,0.0,0.0,0.0,133031.733333
1745095,IT,US,PUBLI,PAPE1,0.07,3990.65,3,3,3990.65,0.0,0.0,0.0,0.0,57009.285714
1760743,IT,IN,PRINT,BITUM,0.04,3990.549,3,3,3990.549,0.0,0.0,0.0,0.0,99763.725
1775734,IT,TR,ANIMA,PAPER,0.02,3990.442,3,3,3990.442,0.0,0.0,0.0,0.0,199522.1
1797383,IT,WL,COMPU,NATUR,0.05,3990.369,3,3,3990.369,0.0,0.0,0.0,0.0,79807.38
1736832,IT,SK,BUSIN,RAWMI,0.04,3990.011,3,3,3990.011,0.0,0.0,0.0,0.0,99750.275
1738889,IT,GB,FURNI,DAIRY,0.01,3989.904,3,3,3989.904,0.0,0.0,0.0,0.0,398990.4
1786428,IT,ZA,OFFIC,NONF1,0.01,3989.889,3,3,3989.889,0.0,0.0,0.0,0.0,398988.9
1810372,IT,WM,WOODW,SEACO,0.01,3989.845,3,3,3989.845,0.0,0.0,0.0,0.0,398984.5
1687175,IT,HU,FURNI,POSTT,0.01,3989.629,3,3,3989.629,0.0,0.0,0.0,0.0,398962.9
1780413,IT,TW,SUPPO,COKEO,0.03,3989.585,3,3,3989.585,0.0,0.0,0.0,0.0,132986.166667
1762030,IT,IN,WHOLE,SALEM,0.03,3989.498,3,3,3989.498,0.0,0.0,0.0,0.0,132983.266667
1762432,IT,IN,POSTT,INSUR,0.07,3989.343,3,3,3989.343,0.0,0.0,0.0,0.0,56990.614286
1671616,IT,FI,FURNI,OFFIC,0.01,3989.335,3,3,3989.335,0.0,0.0,0.0,0.0,398933.5
1646421,IT,BE,FABRI,PAPE4,0.02,3989.315,3,3,3989.315,0.0,0.0,0.0,0.0,199465.75
1709530,IT,LT,WOODW,CATTL,0.01,3989.109,3,3,3989.109,0.0,0.0,0.0,0.0,398910.9
1784102,IT,ID,LEATH,HEALT,0.03,3989.109,3,3,3989.109,0.0,0.0,0.0,0.0,132970.3
1747844,IT,JP,RENTI,RAWMI,0.02,3988.841,3,3,3988.841,0.0,0.0,0.0,0.0,199442.05
1689025,IT,IE,MACHI,PAPE4,0.02,3988.794,3,3,3988.794,0.0,0.0,0.0,0.0,199439.7
1665501,IT,ES,WEARI,DIST1,0.03,3988.605,3,3,3988.605,0.0,0.0,0.0,0.0,132953.5
1771411,IT,CH,FOOD5,DISTR,0.02,3988.586,3,3,3988.586,0.0,0.0,0.0,0.0,199429.3
1722311,IT,PT,VEGET,VEGE1,0.01,3988.516,3,3,3988.516,0.0,0.0,0.0,0.0,398851.6
1721727,IT,PL,INSUR,POULT,0.08,3988.424,3,3,3988.424,0.0,0.0,0.0,0.0,49855.3
1793778,IT,WL,TOBAC,FISH5,0.02,3988.262,3,3,3988.262,0.0,0.0,0.0,0.0,199413.1
1725345,IT,RO,TOBAC,WHOLE,0.02,3987.531,3,3,3987.531,0.0,0.0,0.0,0.0,199376.55
1709374,IT,LT,FOOD5,CONST,0.02,3987.37,3,3,3987.37,0.0,0.0,0.0,0.0,199368.5
1798878,IT,WE,BEVER,MOTOR,0.02,3987.307,3,3,3987.307,0.0,0.0,0.0,0.0,199365.35
1737647,IT,GB,PAPER,SEWAG,0.02,3987.172,3,3,3987.172,0.0,0.0,0.0,0.0,199358.6
1791770,IT,WA,RAILW,AUXIL,0.03,3987.045,3,3,3987.045,0.0,0.0,0.0,0.0,132901.5
1774027,IT,CH,RETAI,ALUM1,0.03,3987.022,3,3,3987.022,0.0,0.0,0.0,0.0,132900.733333
1753823,IT,CA,WHOLE,BRICK,0.03,3986.901,3,3,3986.901,0.0,0.0,0.0,0.0,132896.7
1715341,IT,NL,PRINT,MEAT1,0.04,3986.895,3,3,3986.895,0.0,0.0,0.0,0.0,99672.375
1791278,IT,WA,CONST,GASDI,0.02,3986.529,3,3,3986.529,0.0,0.0,0.0,0.0,199326.45
1762118,IT,IN,RAILW,NONF1,0.03,3986.155,3,3,3986.155,0.0,0.0,0.0,0.0,132871.833333
1655038,IT,CZ,REALE,BUSIN,0.17,3985.977,3,3,3985.977,0.0,0.0,0.0,0.0,23446.923529
1768725,IT,AU,WEARI,BEVER,0.03,3985.975,3,3,3985.975,0.0,0.0,0.0,0.0,132865.833333
1689013,IT,IE,MACHI,FINAN,0.02,3985.865,3,3,3985.865,0.0,0.0,0.0,0.0,199293.25
1770109,IT,AU,WHOLE,ELEC2,0.03,3985.639,3,3,3985.639,0.0,0.0,0.0,0.0,132854.633333
1786023,IT,ZA,GLASS,RETA1,0.01,3985.354,3,3,3985.354,0.0,0.0,0.0,0.0,398535.4
1690219,IT,IE,BUSIN,SEACO,0.04,3985.161,3,3,3985.161,0.0,0.0,0.0,0.0,99629.025
1762804,IT,IN,PUBLI,TEXTI,0.07,3984.929,3,3,3984.929,0.0,0.0,0.0,0.0,56927.557143
1795993,IT,WL,MOTO1,ELEC3,0.02,3984.745,3,3,3984.745,0.0,0.0,0.0,0.0,199237.25
1641113,IT,AT,PAPER,BLAST,0.02,3984.399,3,3,3984.399,0.0,0.0,0.0,0.0,199219.95
1663913,IT,EE,LEATH,HOTEL,0.03,3984.206,3,3,3984.206,0.0,0.0,0.0,0.0,132806.866667
1678461,IT,FR,RECRE,RUBBE,0.05,3984.02,3,3,3984.02,0.0,0.0,0.0,0.0,79680.4
1764028,IT,MX,COPP1,FOUND,0.01,3983.753,3,3,3983.753,0.0,0.0,0.0,0.0,398375.3
1660412,IT,DE,FINAN,INLAN,0.05,3983.381,3,3,3983.381,0.0,0.0,0.0,0.0,79667.62
1766147,IT,RU,RUBBE,STEAM,0.01,3983.109,3,3,3983.109,0.0,0.0,0.0,0.0,398310.9
1642763,IT,AT,MACHI,ELEC8,0.02,3983.05,3,3,3983.05,0.0,0.0,0.0,0.0,199152.5
1764506,IT,MX,CONST,DISTR,0.02,3982.567,3,3,3982.567,0.0,0.0,0.0,0.0,199128.35
1649195,IT,BG,PRINT,REALE,0.04,3981.673,3,3,3981.673,0.0,0.0,0.0,0.0,99541.825
1641002,IT,AT,WOODW,PLAS1,0.01,3981.607,3,3,3981.607,0.0,0.0,0.0,0.0,398160.7
1737695,IT,GB,PRINT,HEALT,0.04,3981.503,3,3,3981.503,0.0,0.0,0.0,0.0,99537.575
1729621,IT,SE,FABRI,VEGE1,0.02,3981.313,3,3,3981.313,0.0,0.0,0.0,0.0,199065.65
1642084,IT,AT,GLASS,LEAD1,0.01,3981.267,3,3,3981.267,0.0,0.0,0.0,0.0,398126.7
1752431,IT,CA,DAIRY,SANDC,0.02,3980.87,3,3,3980.87,0.0,0.0,0.0,0.0,199043.5
1661063,IT,DE,PUBLI,BASIC,0.07,3980.641,3,3,3980.641,0.0,0.0,0.0,0.0,56866.3
1661435,IT,DK,DAIRY,MEATP,0.02,3980.435,3,3,3980.435,0.0,0.0,0.0,0.0,199021.75
1671537,IT,FI,MACHI,SEWAG,0.02,3980.112,3,3,3980.112,0.0,0.0,0.0,0.0,199005.6
1655921,IT,DE,PROCE,ELECT,0.03,3980.059,3,3,3980.059,0.0,0.0,0.0,0.0,132668.633333
1680695,IT,GR,WHOLE,SEWAG,0.03,3980.005,3,3,3980.005,0.0,0.0,0.0,0.0,132666.833333
1791657,IT,WA,HOTEL,LEAD1,0.03,3979.891,3,3,3979.891,0.0,0.0,0.0,0.0,132663.033333
1720313,IT,PL,FABRI,RADIO,0.02,3979.591,3,3,3979.591,0.0,0.0,0.0,0.0,198979.55
1750738,IT,CN,TRANS,WEARI,0.02,3979.489,3,3,3979.489,0.0,0.0,0.0,0.0,198974.45
1780432,IT,TW,SUPPO,ELECT,0.03,3979.432,3,3,3979.432,0.0,0.0,0.0,0.0,132647.733333
1774389,IT,CH,HOTEL,OILHA,0.03,3979.312,3,3,3979.312,0.0,0.0,0.0,0.0,132643.733333
1677133,IT,FR,POSTT,VEGET,0.07,3978.688,3,3,3978.688,0.0,0.0,0.0,0.0,56838.4
1671739,IT,FI,SALEM,COMPU,0.03,3978.515,3,3,3978.515,0.0,0.0,0.0,0.0,132617.166667
1682386,IT,HR,PAPER,PLANT,0.02,3978.44,3,3,3978.44,0.0,0.0,0.0,0.0,198922.0
1775866,IT,TR,DAIRY,ELECT,0.02,3978.398,3,3,3978.398,0.0,0.0,0.0,0.0,198919.9
1714270,IT,MT,BUSIN,PLAST,0.04,3978.35,3,3,3978.35,0.0,0.0,0.0,0.0,99458.75
1747390,IT,JP,RAILW,WEARI,0.03,3978.233,3,3,3978.233,0.0,0.0,0.0,0.0,132607.766667
1728090,IT,SE,MEAT4,EDUCA,0.02,3978.197,3,3,3978.197,0.0,0.0,0.0,0.0,198909.85
1656304,IT,DE,LEATH,ELECT,0.03,3978.009,3,3,3978.009,0.0,0.0,0.0,0.0,132600.3
1733379,IT,SI,TRANS,FOOD3,0.02,3977.858,3,3,3977.858,0.0,0.0,0.0,0.0,198892.9
1723781,IT,PT,OFFIC,GLASS,0.01,3977.563,3,3,3977.563,0.0,0.0,0.0,0.0,397756.3
1769889,IT,AU,MOTO1,FISHF,0.02,3977.272,3,3,3977.272,0.0,0.0,0.0,0.0,198863.6
1768148,IT,RU,PUBLI,GASDI,0.07,3977.203,3,3,3977.203,0.0,0.0,0.0,0.0,56817.185714
1645122,IT,BE,PAPER,FOOD4,0.02,3977.087,3,3,3977.087,0.0,0.0,0.0,0.0,198854.35
1812837,IT,WM,FABRI,CHARC,0.02,3976.984,3,3,3976.984,0.0,0.0,0.0,0.0,198849.2
1749906,IT,CN,GLASS,NATUR,0.01,3976.536,3,3,3976.536,0.0,0.0,0.0,0.0,397653.6
1690379,IT,IE,WASTE,SALEM,0.01,3976.363,3,3,3976.363,0.0,0.0,0.0,0.0,397636.3
1648025,IT,BE,COMPU,GLASS,0.05,3976.273,3,3,3976.273,0.0,0.0,0.0,0.0,79525.46
1647647,IT,BE,FINAN,GASDI,0.05,3976.224,3,3,3976.224,0.0,0.0,0.0,0.0,79524.48
1727712,IT,RO,COMPU,TRANS,0.05,3976.13,3,3,3976.13,0.0,0.0,0.0,0.0,79522.6
1646625,IT,BE,MOTO1,93197,0.02,3975.776,3,3,3975.776,0.0,0.0,0.0,0.0,198788.8
1646558,IT,BE,OFFIC,MEDIC,0.01,3975.642,3,3,3975.642,0.0,0.0,0.0,0.0,397564.2
1771216,IT,CH,VEGE1,BEVER,0.01,3975.587,3,3,3975.587,0.0,0.0,0.0,0.0,397558.7
1807525,IT,WF,RENTI,NONF1,0.02,3975.209,3,3,3975.209,0.0,0.0,0.0,0.0,198760.45
1672896,IT,FR,VEGE1,RAILW,0.01,3975.179,3,3,3975.179,0.0,0.0,0.0,0.0,397517.9
1787969,IT,WA,TEXTI,SUGAR,0.02,3975.149,3,3,3975.149,0.0,0.0,0.0,0.0,198757.45
1689247,IT,IE,WHOLE,MOTOR,0.03,3975.117,3,3,3975.117,0.0,0.0,0.0,0.0,132503.9
1798036,IT,WL,WOOD2,FISH5,0.02,3975.014,3,3,3975.014,0.0,0.0,0.0,0.0,198750.7
1759193,IT,BR,SUPPO,FOOD5,0.03,3975.003,3,3,3975.003,0.0,0.0,0.0,0.0,132500.1
1716431,IT,NL,MACHI,OILHA,0.02,3974.874,3,3,3974.874,0.0,0.0,0.0,0.0,198743.7
1813610,IT,WM,WHOLE,MEMBE,0.03,3974.695,3,3,3974.695,0.0,0.0,0.0,0.0,132489.833333
1714785,IT,NL,PROCE,MACHI,0.03,3974.662,3,3,3974.662,0.0,0.0,0.0,0.0,132488.733333
1799337,IT,WE,WOODW,MOTO1,0.01,3974.217,3,3,3974.217,0.0,0.0,0.0,0.0,397421.7
1756392,IT,KR,FURNI,COLLE,0.01,3974.061,3,3,3974.061,0.0,0.0,0.0,0.0,397406.1
1716678,IT,NL,WHOLE,NONME,0.03,3974.022,3,3,3974.022,0.0,0.0,0.0,0.0,132467.4
1763096,IT,MX,WEARI,TEXTI,0.03,3973.22,3,3,3973.22,0.0,0.0,0.0,0.0,132440.666667
1767583,IT,RU,SUPPO,NATUR,0.03,3973.17,3,3,3973.17,0.0,0.0,0.0,0.0,132439.0
1654944,IT,CZ,INSUR,BASIC,0.08,3973.098,3,3,3973.098,0.0,0.0,0.0,0.0,49663.725
1758819,IT,BR,RETA1,AUXIL,0.04,3973.026,3,3,3973.026,0.0,0.0,0.0,0.0,99325.65
1737343,IT,GB,BEVER,RETAI,0.02,3972.815,3,3,3972.815,0.0,0.0,0.0,0.0,198640.75
1728327,IT,SE,FISH5,HEALT,0.02,3972.593,4,4,3972.591,0.0,0.0,0.0,0.002,198629.65
1678099,IT,FR,PAPE1,DAIRY,0.03,3972.465,3,3,3972.465,0.0,0.0,0.0,0.0,132415.5
1645733,IT,BE,RUBBE,LEATH,0.01,3972.194,3,3,3972.194,0.0,0.0,0.0,0.0,397219.4
1688060,IT,HU,COMPU,ELEC1,0.05,3972.082,3,3,3972.082,0.0,0.0,0.0,0.0,79441.64
1743689,IT,US,RAILW,PRINT,0.03,3972.045,3,3,3972.045,0.0,0.0,0.0,0.0,132401.5
1730143,IT,SE,LANDT,RAWMI,0.03,3971.944,3,3,3971.944,0.0,0.0,0.0,0.0,132398.133333
1647513,IT,BE,SUPPO,BRICK,0.03,3971.802,3,3,3971.802,0.0,0.0,0.0,0.0,132393.4
1793777,IT,WL,TOBAC,PRECI,0.02,3971.326,3,3,3971.326,0.0,0.0,0.0,0.0,198566.3
1726823,IT,RO,WHOLE,DIST1,0.03,3970.988,3,3,3970.988,0.0,0.0,0.0,0.0,132366.266667
1650399,IT,BG,ELEC4,TOBAC,0.06,3970.939,3,3,3970.939,0.0,0.0,0.0,0.0,66182.316667
1731866,IT,SI,PRINT,ELEC1,0.04,3970.804,3,3,3970.804,0.0,0.0,0.0,0.0,99270.1
1740383,IT,GB,HEALT,PLAST,0.02,3970.65,3,3,3970.65,0.0,0.0,0.0,0.0,198532.5
1709580,IT,LT,PAPER,MEAT4,0.02,3970.543,3,3,3970.543,0.0,0.0,0.0,0.0,198527.15
1721935,IT,PL,RENTI,FOOD4,0.02,3970.414,3,3,3970.414,0.0,0.0,0.0,0.0,198520.7
1712505,IT,LV,FABRI,PULP5,0.02,3970.32,3,3,3970.32,0.0,0.0,0.0,0.0,198516.0
1679179,IT,GR,PRINT,CONST,0.04,3969.961,3,3,3969.961,0.0,0.0,0.0,0.0,99249.025
1775292,IT,CH,BUSIN,FOUND,0.04,3969.919,3,3,3969.919,0.0,0.0,0.0,0.0,99247.975
1720551,IT,PL,OFFIC,COPP1,0.01,3969.835,3,3,3969.835,0.0,0.0,0.0,0.0,396983.5
1791399,IT,WA,WHOLE,OILSE,0.03,3969.693,3,3,3969.693,0.0,0.0,0.0,0.0,132323.1
1655837,IT,DE,VEGE1,DISTR,0.01,3969.639,3,3,3969.639,0.0,0.0,0.0,0.0,396963.9
1710345,IT,LT,WHOLE,93197,0.03,3969.571,3,3,3969.571,0.0,0.0,0.0,0.0,132319.033333
1664004,IT,EE,PRINT,WHOLE,0.04,3969.425,3,3,3969.425,0.0,0.0,0.0,0.0,99235.625
1725356,IT,RO,TEXTI,PIGS9,0.02,3969.188,3,3,3969.188,0.0,0.0,0.0,0.0,198459.4
1735862,IT,SK,OFFIC,MEATA,0.01,3969.076,3,3,3969.076,0.0,0.0,0.0,0.0,396907.6
1738818,IT,GB,MOTO1,ALUM1,0.02,3968.806,3,3,3968.806,0.0,0.0,0.0,0.0,198440.3
1713524,IT,MT,GLASS,GLASS,0.01,3968.763,3,3,3968.763,0.0,0.0,0.0,0.0,396876.3
1650692,IT,BG,RETA1,AIRTR,0.04,3968.203,3,3,3968.203,0.0,0.0,0.0,0.0,99205.075
1814259,IT,WM,POSTT,NONME,0.07,3968.12,3,3,3968.12,0.0,0.0,0.0,0.0,56687.428571
1644053,IT,AT,BUSIN,LEAD1,0.04,3967.972,3,3,3967.972,0.0,0.0,0.0,0.0,99199.3
1717818,IT,NL,FOOD2,INERT,0.02,3967.907,3,3,3967.907,0.0,0.0,0.0,0.0,198395.35
1726593,IT,RO,MOTO1,CROPS,0.02,3967.749,3,3,3967.749,0.0,0.0,0.0,0.0,198387.45
1682103,IT,HR,TEXTI,TOBAC,0.02,3967.694,3,3,3967.694,0.0,0.0,0.0,0.0,198384.7
1650131,IT,BG,OFFIC,EDUCA,0.01,3967.692,3,3,3967.692,0.0,0.0,0.0,0.0,396769.2
1760622,IT,IN,PULP5,BEVER,0.01,3967.106,3,3,3967.106,0.0,0.0,0.0,0.0,396710.6
1671749,IT,FI,SALEM,PAPE4,0.03,3967.009,3,3,3967.009,0.0,0.0,0.0,0.0,132233.633333
1669311,IT,ES,FINAN,MOTO1,0.05,3966.811,3,3,3966.811,0.0,0.0,0.0,0.0,79336.22
1731836,IT,SI,PAPER,OILHA,0.02,3966.669,3,3,3966.669,0.0,0.0,0.0,0.0,198333.45
1791607,IT,WA,HOTEL,WOOLS,0.03,3966.527,3,3,3966.527,0.0,0.0,0.0,0.0,132217.566667
1808463,IT,WF,FOOD4,CHARC,0.03,3966.159,3,3,3966.159,0.0,0.0,0.0,0.0,132205.3
1648187,IT,BE,BUSIN,NFERT,0.04,3965.918,3,3,3965.918,0.0,0.0,0.0,0.0,99147.95
1754393,IT,CA,RENTI,MEATC,0.02,3965.863,3,3,3965.863,0.0,0.0,0.0,0.0,198293.15
1735740,IT,SK,FABRI,FOOD2,0.02,3965.692,3,3,3965.692,0.0,0.0,0.0,0.0,198284.6
1754870,IT,KR,FISH5,FABRI,0.02,3965.671,4,4,3965.669,0.0,0.0,0.0,0.002,198283.55
1777301,IT,TR,GLASS,LEADZ,0.01,3965.273,3,3,3965.273,0.0,0.0,0.0,0.0,396527.3
1647186,IT,BE,RAILW,RENTI,0.03,3964.718,3,3,3964.718,0.0,0.0,0.0,0.0,132157.266667
1767836,IT,RU,AUXIL,PFERT,0.07,3964.652,3,3,3964.652,0.0,0.0,0.0,0.0,56637.885714
1656613,IT,DE,PRINT,ELEC1,0.04,3964.545,3,3,3964.545,0.0,0.0,0.0,0.0,99113.625
1751350,IT,CN,LANDT,REALE,0.03,3964.508,3,3,3964.508,0.0,0.0,0.0,0.0,132150.266667
1718727,IT,PL,PULP5,KEROS,0.01,3964.374,3,3,3964.374,0.0,0.0,0.0,0.0,396437.4
1730096,IT,SE,RETA1,AIRTR,0.04,3964.215,3,3,3964.215,0.0,0.0,0.0,0.0,99105.375
1653830,IT,CZ,FABRI,IRONO,0.02,3963.996,3,3,3963.996,0.0,0.0,0.0,0.0,198199.8
1760390,IT,IN,DAIRY,MEAT4,0.02,3963.976,3,3,3963.976,0.0,0.0,0.0,0.0,198198.8
1660538,IT,DE,INSUR,PAPE1,0.08,3963.727,3,3,3963.727,0.0,0.0,0.0,0.0,49546.5875
1759551,IT,BR,COMPU,LEATH,0.05,3963.725,3,3,3963.725,0.0,0.0,0.0,0.0,79274.5
1723524,IT,PT,COPP1,ELEC4,0.01,3963.667,3,3,3963.667,0.0,0.0,0.0,0.0,396366.7
1678870,IT,GR,FISH5,CONST,0.02,3963.569,4,4,3963.567,0.0,0.0,0.0,0.002,198178.45
1659217,IT,DE,CONST,93197,0.02,3963.438,3,3,3963.438,0.0,0.0,0.0,0.0,198171.9
1795562,IT,WL,COPP1,PFERT,0.01,3963.424,3,3,3963.424,0.0,0.0,0.0,0.0,396342.4
1644175,IT,AT,RECRE,COMPU,0.05,3963.378,3,3,3963.378,0.0,0.0,0.0,0.0,79267.56
1669228,IT,ES,POSTT,INTER,0.07,3963.324,3,3,3963.324,0.0,0.0,0.0,0.0,56618.914286
1801554,IT,WE,TRANS,COPPE,0.02,3962.662,3,3,3962.662,0.0,0.0,0.0,0.0,198133.1
1779857,IT,TR,PUBLI,ELEC1,0.06,3962.558,3,3,3962.558,0.0,0.0,0.0,0.0,66042.633333
1678409,IT,FR,INERT,CHEM1,0.03,3962.425,3,3,3962.425,0.0,0.0,0.0,0.0,132080.833333
1685391,IT,HU,LEATH,COLLE,0.03,3962.387,3,3,3962.387,0.0,0.0,0.0,0.0,132079.566667
1760117,IT,BR,FOOD2,AIRTR,0.02,3962.278,3,3,3962.278,0.0,0.0,0.0,0.0,198113.9
1715006,IT,NL,TOBAC,PLAS1,0.02,3962.209,3,3,3962.209,0.0,0.0,0.0,0.0,198110.45
1754757,IT,KR,DAIRY,SUPPO,0.02,3962.123,3,3,3962.123,0.0,0.0,0.0,0.0,198106.15
1802186,IT,WE,HOTEL,ELEC4,0.03,3961.979,3,3,3961.979,0.0,0.0,0.0,0.0,132065.966667
1648840,IT,BG,TEXTI,MEATP,0.02,3961.146,3,3,3961.146,0.0,0.0,0.0,0.0,198057.3
1783697,IT,NO,WASTE,TEXT2,0.01,3961.082,3,3,3961.082,0.0,0.0,0.0,0.0,396108.2
1779883,IT,TR,PUBLI,RESEA,0.06,3960.995,3,3,3960.995,0.0,0.0,0.0,0.0,66016.583333
1775048,IT,CH,RENTI,GASDI,0.02,3960.964,3,3,3960.964,0.0,0.0,0.0,0.0,198048.2
1765554,IT,RU,LEATH,FOUND,0.03,3960.955,3,3,3960.955,0.0,0.0,0.0,0.0,132031.833333
1734423,IT,SK,VEGET,RESEA,0.01,3960.715,3,3,3960.715,0.0,0.0,0.0,0.0,396071.5
1751787,IT,CN,AUXIL,MOTO1,0.07,3960.59,3,3,3960.59,0.0,0.0,0.0,0.0,56579.857143
1640674,IT,AT,FISH5,VEGE1,0.02,3960.471,4,4,3960.469,0.0,0.0,0.0,0.002,198023.55
1687299,IT,HU,RETA1,CHEMI,0.04,3960.356,3,3,3960.356,0.0,0.0,0.0,0.0,99008.9
1788019,IT,WA,TEXTI,LUBRI,0.02,3960.145,3,3,3960.145,0.0,0.0,0.0,0.0,198007.25
1790451,IT,WA,COPP1,PIGS9,0.01,3960.136,3,3,3960.136,0.0,0.0,0.0,0.0,396013.6
1760540,IT,IN,LEATH,PRINT,0.03,3960.101,3,3,3960.101,0.0,0.0,0.0,0.0,132003.366667
1724883,IT,PT,BUSIN,COPP1,0.04,3959.925,3,3,3959.925,0.0,0.0,0.0,0.0,98998.125
1690281,IT,IE,OILHA,RETA1,0.02,3959.909,3,3,3959.909,0.0,0.0,0.0,0.0,197995.45
1690358,IT,IE,FOOD3,RECRE,0.01,3959.663,3,3,3959.663,0.0,0.0,0.0,0.0,395966.3
1729988,IT,SE,SALEM,FOOD5,0.03,3959.471,3,3,3959.471,0.0,0.0,0.0,0.0,131982.366667
1721937,IT,PL,RENTI,INERT,0.02,3959.446,3,3,3959.446,0.0,0.0,0.0,0.0,197972.3
1758085,IT,BR,GLASS,NFERT,0.01,3959.413,3,3,3959.413,0.0,0.0,0.0,0.0,395941.3
1731865,IT,SI,PRINT,SECO9,0.04,3959.348,3,3,3959.348,0.0,0.0,0.0,0.0,98983.7
1756420,IT,KR,CONST,FORES,0.02,3958.917,3,3,3958.917,0.0,0.0,0.0,0.0,197945.85
1770179,IT,AU,RETA1,POSTT,0.04,3958.739,3,3,3958.739,0.0,0.0,0.0,0.0,98968.475
1684001,IT,HR,RETA1,OFFIC,0.04,3958.594,3,3,3958.594,0.0,0.0,0.0,0.0,98964.85
1731012,IT,SE,FOOD3,REALE,0.01,3958.518,3,3,3958.518,0.0,0.0,0.0,0.0,395851.8
1644250,IT,BE,CROPS,DAIRY,0.03,3958.487,3,3,3958.487,0.0,0.0,0.0,0.0,131949.566667
1747999,IT,JP,BUSIN,RAWMI,0.04,3958.283,3,3,3958.283,0.0,0.0,0.0,0.0,98957.075
1685448,IT,HU,WOODW,COPP1,0.01,3958.266,3,3,3958.266,0.0,0.0,0.0,0.0,395826.6
1793525,IT,WL,MEATP,MEATP,0.02,3957.816,3,3,3957.816,0.0,0.0,0.0,0.0,197890.8
1712154,IT,LV,LEATH,RAWMI,0.03,3957.755,3,3,3957.755,0.0,0.0,0.0,0.0,131925.166667
1800603,IT,WE,GLASS,RUBBE,0.01,3957.691,3,3,3957.691,0.0,0.0,0.0,0.0,395769.1
1687155,IT,HU,FURNI,CERAM,0.01,3957.384,3,3,3957.384,0.0,0.0,0.0,0.0,395738.4
1659399,IT,DE,WHOLE,PULP5,0.03,3956.413,3,3,3956.413,0.0,0.0,0.0,0.0,131880.433333
1648625,IT,BG,MEAT4,RENTI,0.02,3956.334,3,3,3956.334,0.0,0.0,0.0,0.0,197816.7
1680195,IT,GR,TRANS,CRUDE,0.02,3956.052,3,3,3956.052,0.0,0.0,0.0,0.0,197802.6
1723248,IT,PT,GLASS,VEGE1,0.01,3955.82,3,3,3955.82,0.0,0.0,0.0,0.0,395582.0
1720727,IT,PL,TRANS,FOOD5,0.02,3955.563,3,3,3955.563,0.0,0.0,0.0,0.0,197778.15
1685545,IT,HU,PAPER,COLLE,0.02,3955.369,3,3,3955.369,0.0,0.0,0.0,0.0,197768.45
1746404,IT,JP,RUBBE,GASWO,0.01,3955.276,3,3,3955.276,0.0,0.0,0.0,0.0,395527.6
1712031,IT,LV,FOOD5,POULT,0.02,3955.221,3,3,3955.221,0.0,0.0,0.0,0.0,197761.05
1780068,IT,TW,WHOLE,ALUM1,0.03,3954.585,3,3,3954.585,0.0,0.0,0.0,0.0,131819.5
1680679,IT,GR,WHOLE,SECO9,0.03,3954.293,3,3,3954.293,0.0,0.0,0.0,0.0,131809.766667
1682343,IT,HR,WOODW,ALUM1,0.01,3954.287,3,3,3954.287,0.0,0.0,0.0,0.0,395428.7
1804141,IT,WF,PAPER,BRICK,0.02,3954.284,3,3,3954.284,0.0,0.0,0.0,0.0,197714.2
1671985,IT,FI,LANDT,HOTEL,0.03,3954.125,3,3,3954.125,0.0,0.0,0.0,0.0,131804.166667
1744625,IT,US,RENTI,COMPU,0.02,3954.067,3,3,3954.067,0.0,0.0,0.0,0.0,197703.35
1671558,IT,FI,OFFIC,EDUCA,0.01,3954.03,3,3,3954.03,0.0,0.0,0.0,0.0,395403.0
1650799,IT,BG,LANDT,POULT,0.03,3953.812,3,3,3953.812,0.0,0.0,0.0,0.0,131793.733333
1734646,IT,SK,TEXTI,RAILW,0.02,3953.792,3,3,3953.792,0.0,0.0,0.0,0.0,197689.6
1791655,IT,WA,HOTEL,PREC1,0.03,3953.789,3,3,3953.789,0.0,0.0,0.0,0.0,131792.966667
1642948,IT,AT,FURNI,NONF1,0.01,3953.734,3,3,3953.734,0.0,0.0,0.0,0.0,395373.4
1651565,IT,CY,RUBBE,COMPU,0.01,3953.145,3,3,3953.145,0.0,0.0,0.0,0.0,395314.5
1783869,IT,NO,WOOD2,WOODW,0.02,3953.104,3,3,3953.104,0.0,0.0,0.0,0.0,197655.2
1781960,IT,NO,RUBBE,CEREA,0.01,3953.044,3,3,3953.044,0.0,0.0,0.0,0.0,395304.4
1669841,IT,ES,BUSIN,INTER,0.04,3952.978,3,3,3952.978,0.0,0.0,0.0,0.0,98824.45
1761720,IT,IN,MACHI,MEAT4,0.02,3952.858,3,3,3952.858,0.0,0.0,0.0,0.0,197642.9
1724822,IT,PT,COMPU,PUBLI,0.05,3952.779,3,3,3952.779,0.0,0.0,0.0,0.0,79055.58
1721230,IT,PL,LANDT,AVIAT,0.03,3952.753,3,3,3952.753,0.0,0.0,0.0,0.0,131758.433333
1785067,IT,ZA,VEGET,PLAST,0.01,3952.747,3,3,3952.747,0.0,0.0,0.0,0.0,395274.7
1762070,IT,IN,RETA1,GLASS,0.04,3952.744,3,3,3952.744,0.0,0.0,0.0,0.0,98818.6
1644683,IT,BE,BEVER,LIQUE,0.02,3952.502,3,3,3952.502,0.0,0.0,0.0,0.0,197625.1
1659443,IT,DE,WHOLE,RETAI,0.03,3952.484,3,3,3952.484,0.0,0.0,0.0,0.0,131749.466667
1654086,IT,CZ,OFFIC,NFERT,0.01,3952.452,3,3,3952.452,0.0,0.0,0.0,0.0,395245.2
1769643,IT,AU,FABRI,LEAD1,0.02,3951.831,3,3,3951.831,0.0,0.0,0.0,0.0,197591.55
1709476,IT,LT,TEXTI,EDUCA,0.02,3951.688,3,3,3951.688,0.0,0.0,0.0,0.0,197584.4
1788624,IT,WA,PRINT,MOTOR,0.04,3951.656,3,3,3951.656,0.0,0.0,0.0,0.0,98791.4
1768279,IT,AU,VEGET,RUBBE,0.01,3951.583,3,3,3951.583,0.0,0.0,0.0,0.0,395158.3
1669904,IT,ES,PUBLI,RENTI,0.06,3951.469,3,3,3951.469,0.0,0.0,0.0,0.0,65857.816667
1810483,IT,WM,PAPER,ANIMA,0.02,3951.405,3,3,3951.405,0.0,0.0,0.0,0.0,197570.25
1753963,IT,CA,LANDT,HEAVY,0.03,3951.294,3,3,3951.294,0.0,0.0,0.0,0.0,131709.8
1787119,IT,ZA,BUSIN,AIRTR,0.04,3951.195,3,3,3951.195,0.0,0.0,0.0,0.0,98779.875
1659896,IT,DE,LANDT,INERT,0.03,3951.081,3,3,3951.081,0.0,0.0,0.0,0.0,131702.7
1648357,IT,BE,INTER,WOOD1,0.02,3950.973,3,3,3950.973,0.0,0.0,0.0,0.0,197548.65
1792845,IT,WA,EDUCA,PLAST,0.1,3950.898,3,3,3950.898,0.0,0.0,0.0,0.0,39508.98
1663911,IT,EE,LEATH,WHOLE,0.03,3950.862,3,3,3950.862,0.0,0.0,0.0,0.0,131695.4
1785274,IT,ZA,WEARI,ANTHR,0.03,3950.614,3,3,3950.614,0.0,0.0,0.0,0.0,131687.133333
1801579,IT,WE,TRANS,BRICK,0.02,3950.334,3,3,3950.334,0.0,0.0,0.0,0.0,197516.7
1652140,IT,CZ,MEAT4,MEATP,0.02,3950.279,3,3,3950.279,0.0,0.0,0.0,0.0,197513.95
1777226,IT,TR,RUBBE,HEAVY,0.01,3950.245,3,3,3950.245,0.0,0.0,0.0,0.0,395024.5
1716670,IT,NL,WHOLE,NUCLE,0.03,3950.139,3,3,3950.139,0.0,0.0,0.0,0.0,131671.3
1796042,IT,WL,TRANS,ANIMA,0.02,3949.442,3,3,3949.442,0.0,0.0,0.0,0.0,197472.1
1688512,IT,IE,WOODW,PLAST,0.01,3949.236,3,3,3949.236,0.0,0.0,0.0,0.0,394923.6
1689308,IT,IE,RETA1,WOOLS,0.04,3948.415,3,3,3948.415,0.0,0.0,0.0,0.0,98710.375
1725272,IT,RO,FOOD5,93197,0.02,3948.398,3,3,3948.398,0.0,0.0,0.0,0.0,197419.9
1756605,IT,KR,RAILW,RUBBE,0.03,3948.384,3,3,3948.384,0.0,0.0,0.0,0.0,131612.8
1710827,IT,LU,PAPER,DIST1,0.02,3948.116,3,3,3948.116,0.0,0.0,0.0,0.0,197405.8
1813710,IT,WM,RETA1,MEMBE,0.04,3948.009,3,3,3948.009,0.0,0.0,0.0,0.0,98700.225
1736407,IT,SK,LANDT,BRICK,0.03,3947.976,3,3,3947.976,0.0,0.0,0.0,0.0,131599.2
1769312,IT,AU,RUBBE,INERT,0.01,3947.97,3,3,3947.97,0.0,0.0,0.0,0.0,394797.0
1664548,IT,EE,CONST,FABRI,0.02,3947.923,3,3,3947.923,0.0,0.0,0.0,0.0,197396.15
1712897,IT,LV,REALE,CONST,0.17,3947.871,3,3,3947.871,0.0,0.0,0.0,0.0,23222.770588
1657548,IT,DE,GLASS,COKEO,0.01,3947.836,3,3,3947.836,0.0,0.0,0.0,0.0,394783.6
1736996,IT,GB,FORES,FOOD5,0.03,3947.434,4,4,3945.434,0.0,2.0,0.0,0.0,131581.133333
1647807,IT,BE,AUXIL,CEMEN,0.07,3947.399,3,3,3947.399,0.0,0.0,0.0,0.0,56391.414286
1778259,IT,TR,CONST,BUSIN,0.02,3947.382,3,3,3947.382,0.0,0.0,0.0,0.0,197369.1
1655254,IT,CZ,93197,93197,0.03,3947.356,3,3,3947.356,0.0,0.0,0.0,0.0,131578.533333
1776076,IT,TR,WEARI,MEAT1,0.03,3947.265,3,3,3947.265,0.0,0.0,0.0,0.0,131575.5
1724024,IT,PT,RETAI,POSTT,0.03,3947.159,3,3,3947.159,0.0,0.0,0.0,0.0,131571.966667
1752375,IT,CA,MEAT4,93197,0.02,3947.022,3,3,3947.022,0.0,0.0,0.0,0.0,197351.1
1778343,IT,TR,RETAI,STONE,0.03,3946.863,3,3,3946.863,0.0,0.0,0.0,0.0,131562.1
1777841,IT,TR,FABRI,STEAM,0.02,3946.763,3,3,3946.763,0.0,0.0,0.0,0.0,197338.15
1650011,IT,BG,MACHI,MEATC,0.02,3946.739,3,3,3946.739,0.0,0.0,0.0,0.0,197336.95
1756621,IT,KR,RAILW,SUPPO,0.03,3946.699,3,3,3946.699,0.0,0.0,0.0,0.0,131556.633333
1810542,IT,WM,PAPER,FOUND,0.02,3946.698,3,3,3946.698,0.0,0.0,0.0,0.0,197334.9
1770113,IT,AU,WHOLE,SALEM,0.03,3946.657,3,3,3946.657,0.0,0.0,0.0,0.0,131555.233333
1653327,IT,CZ,GLASS,COKEO,0.01,3946.627,3,3,3946.627,0.0,0.0,0.0,0.0,394662.7
1722695,IT,PT,LEATH,RENTI,0.03,3945.935,3,3,3945.935,0.0,0.0,0.0,0.0,131531.166667
1775625,IT,CH,93197,TEXTI,0.03,3945.848,3,3,3945.848,0.0,0.0,0.0,0.0,131528.266667
1759237,IT,BR,POSTT,PROCE,0.06,3945.673,3,3,3945.673,0.0,0.0,0.0,0.0,65761.216667
1709603,IT,LT,PAPER,NONME,0.02,3945.623,3,3,3945.623,0.0,0.0,0.0,0.0,197281.15
1801887,IT,WE,CONST,NONF1,0.02,3945.614,3,3,3945.614,0.0,0.0,0.0,0.0,197280.7
1730986,IT,SE,OILHA,REALE,0.02,3945.586,3,3,3945.586,0.0,0.0,0.0,0.0,197279.3
1752514,IT,CA,FOOD5,MOTOR,0.02,3945.475,3,3,3945.475,0.0,0.0,0.0,0.0,197273.75
1740509,IT,GB,MEMBE,HOTEL,0.05,3945.473,3,3,3945.473,0.0,0.0,0.0,0.0,78909.46
1736159,IT,SK,SALEM,RETA1,0.03,3945.358,3,3,3945.358,0.0,0.0,0.0,0.0,131511.933333
1661654,IT,DK,TEXTI,BASIC,0.02,3945.327,3,3,3945.327,0.0,0.0,0.0,0.0,197266.35
1714464,IT,NL,FORES,REALE,0.03,3945.312,4,4,3943.312,0.0,2.0,0.0,0.0,131510.4
1709421,IT,LT,FISH5,MEAT1,0.02,3945.267,4,4,3945.265,0.0,0.0,0.0,0.002,197263.35
1774162,IT,CH,WHOLE,FOOD3,0.03,3945.202,3,3,3945.202,0.0,0.0,0.0,0.0,131506.733333
1743289,IT,US,FURNI,DISTR,0.01,3945.191,3,3,3945.191,0.0,0.0,0.0,0.0,394519.1
1661700,IT,DK,WEARI,FURNI,0.03,3944.857,3,3,3944.857,0.0,0.0,0.0,0.0,131495.233333
1664517,IT,EE,TRANS,TRANS,0.02,3944.751,3,3,3944.751,0.0,0.0,0.0,0.0,197237.55
1736765,IT,SK,RENTI,RETA1,0.02,3944.138,3,3,3944.138,0.0,0.0,0.0,0.0,197206.9
1667823,IT,ES,OFFIC,RETAI,0.01,3944.117,3,3,3944.117,0.0,0.0,0.0,0.0,394411.7
1749197,IT,CN,PULP5,TRAN1,0.01,3943.713,3,3,3943.713,0.0,0.0,0.0,0.0,394371.3
1802224,IT,WE,RAILW,CONST,0.03,3943.624,3,3,3943.624,0.0,0.0,0.0,0.0,131454.133333
1642100,IT,AT,GLASS,BLAST,0.01,3943.576,3,3,3943.576,0.0,0.0,0.0,0.0,394357.6
1781570,IT,NO,WEARI,STONE,0.03,3943.552,3,3,3943.552,0.0,0.0,0.0,0.0,131451.733333
1778393,IT,TR,WHOLE,WHEAT,0.03,3943.341,3,3,3943.341,0.0,0.0,0.0,0.0,131444.7
1728509,IT,SE,WOODW,TRANS,0.01,3943.326,3,3,3943.326,0.0,0.0,0.0,0.0,394332.6
1775096,IT,CH,COMPU,DAIRY,0.05,3943.263,3,3,3943.263,0.0,0.0,0.0,0.0,78865.26
1651263,IT,CY,VEGE1,POULT,0.01,3943.249,3,3,3943.249,0.0,0.0,0.0,0.0,394324.9
1775896,IT,TR,PROCE,MACHI,0.03,3943.179,3,3,3943.179,0.0,0.0,0.0,0.0,131439.3
1792935,IT,WA,FOODW,HOTEL,0.03,3942.782,3,3,3942.782,0.0,0.0,0.0,0.0,131426.066667
1768371,IT,AU,MEAT4,LANDT,0.02,3942.281,3,3,3942.281,0.0,0.0,0.0,0.0,197114.05
1733293,IT,SI,OFFIC,RECRE,0.01,3941.791,3,3,3941.791,0.0,0.0,0.0,0.0,394179.1
1783248,IT,NO,PUBLI,PLAST,0.06,3941.691,3,3,3941.691,0.0,0.0,0.0,0.0,65694.85
1770730,IT,AU,AUXIL,WHOLE,0.07,3941.672,3,3,3941.672,0.0,0.0,0.0,0.0,56309.6
1809190,IT,WM,MEATA,WHOLE,0.02,3941.63,3,3,3941.63,0.0,0.0,0.0,0.0,197081.5
1797682,IT,WL,PLAS1,VEGE1,0.01,3941.566,3,3,3941.566,0.0,0.0,0.0,0.0,394156.6
1661905,IT,DK,PRINT,FABRI,0.04,3941.543,3,3,3941.543,0.0,0.0,0.0,0.0,98538.575
1650629,IT,BG,CONST,WHOLE,0.02,3941.526,3,3,3941.526,0.0,0.0,0.0,0.0,197076.3
1745002,IT,US,PUBLI,MEATC,0.06,3941.444,3,3,3941.444,0.0,0.0,0.0,0.0,65690.733333
1807675,IT,WF,BUSIN,STONE,0.04,3941.442,3,3,3941.442,0.0,0.0,0.0,0.0,98536.05
1670188,IT,ES,RECRE,PAPER,0.05,3941.313,3,3,3941.313,0.0,0.0,0.0,0.0,78826.26
1713197,IT,MT,WEARI,COMPU,0.03,3941.198,3,3,3941.198,0.0,0.0,0.0,0.0,131373.266667
1652540,IT,CZ,WEARI,FOOD3,0.03,3940.567,3,3,3940.567,0.0,0.0,0.0,0.0,131352.233333
1785030,IT,ID,BUSIN,ELECT,0.04,3940.546,3,3,3940.546,0.0,0.0,0.0,0.0,98513.65
1771375,IT,CH,FOOD5,VEGET,0.02,3940.425,3,3,3940.425,0.0,0.0,0.0,0.0,197021.25
1772604,IT,CH,GLASS,CATTL,0.01,3940.166,3,3,3940.166,0.0,0.0,0.0,0.0,394016.6
1754565,IT,CA,PUBLI,LEAD1,0.06,3939.986,3,3,3939.986,0.0,0.0,0.0,0.0,65666.433333
1689860,IT,IE,INSUR,PAPE4,0.08,3939.954,3,3,3939.954,0.0,0.0,0.0,0.0,49249.425
1726874,IT,RO,RETA1,COPP1,0.04,3939.884,3,3,3939.884,0.0,0.0,0.0,0.0,98497.1
1743076,IT,US,MOTO1,FISHF,0.02,3939.872,3,3,3939.872,0.0,0.0,0.0,0.0,196993.6
1648862,IT,BG,TEXTI,BIOGA,0.02,3939.841,3,3,3939.841,0.0,0.0,0.0,0.0,196992.05
1748282,IT,JP,MEMBE,RETA1,0.05,3939.617,3,3,3939.617,0.0,0.0,0.0,0.0,78792.34
1715902,IT,NL,GLASS,CROPS,0.01,3939.303,3,3,3939.303,0.0,0.0,0.0,0.0,393930.3
1806395,IT,WF,MOTO1,RETAI,0.02,3939.276,3,3,3939.276,0.0,0.0,0.0,0.0,196963.8
1723814,IT,PT,MOTO1,SANDC,0.02,3939.23,3,3,3939.23,0.0,0.0,0.0,0.0,196961.5
1652616,IT,CZ,WOODW,BEVER,0.01,3939.052,3,3,3939.052,0.0,0.0,0.0,0.0,393905.2
1724469,IT,PT,SUPPO,MACHI,0.03,3939.004,3,3,3939.004,0.0,0.0,0.0,0.0,131300.133333
1716339,IT,NL,FABRI,FINAN,0.02,3938.819,3,3,3938.819,0.0,0.0,0.0,0.0,196940.95
1792737,IT,WA,BUSIN,BITU1,0.04,3938.804,3,3,3938.804,0.0,0.0,0.0,0.0,98470.1
1732648,IT,SI,GLASS,FINAN,0.01,3938.64,3,3,3938.64,0.0,0.0,0.0,0.0,393864.0
1727882,IT,RO,INTER,COMPU,0.02,3938.588,3,3,3938.588,0.0,0.0,0.0,0.0,196929.4
1803410,IT,WF,MEATC,CATTL,0.01,3938.514,3,3,3938.514,0.0,0.0,0.0,0.0,393851.4
1814518,IT,WM,RESEA,HOTEL,0.02,3938.504,3,3,3938.504,0.0,0.0,0.0,0.0,196925.2
1809485,IT,WM,MEATC,93197,0.01,3938.334,3,3,3938.334,0.0,0.0,0.0,0.0,393833.4
1644245,IT,BE,CROPS,SANDC,0.03,3938.213,3,3,3938.213,0.0,0.0,0.0,0.0,131273.766667
1640201,IT,AT,POULT,MEAT1,0.01,3937.565,3,3,3937.565,0.0,0.0,0.0,0.0,393756.5
1783656,IT,NO,FOOD3,WOOD2,0.01,3937.512,3,3,3937.512,0.0,0.0,0.0,0.0,393751.2
1751585,IT,CN,POSTT,RADIO,0.06,3937.468,3,3,3937.468,0.0,0.0,0.0,0.0,65624.466667
1710297,IT,LT,TRANS,AIRTR,0.02,3937.258,3,3,3937.258,0.0,0.0,0.0,0.0,196862.9
1709816,IT,LT,RUBBE,COLLE,0.01,3937.186,3,3,3937.186,0.0,0.0,0.0,0.0,393718.6
1751233,IT,CN,HOTEL,TRAN1,0.03,3936.946,3,3,3936.946,0.0,0.0,0.0,0.0,131231.533333
1778355,IT,TR,RETAI,GLASS,0.03,3936.796,3,3,3936.796,0.0,0.0,0.0,0.0,131226.533333
1670038,IT,ES,FOOD1,COLLE,0.02,3936.735,3,3,3936.735,0.0,0.0,0.0,0.0,196836.75
1685213,IT,HU,FISH5,SALEM,0.02,3936.119,4,4,3936.117,0.0,0.0,0.0,0.002,196805.95
1737618,IT,GB,PAPER,LEAD1,0.02,3936.044,3,3,3936.044,0.0,0.0,0.0,0.0,196802.2
1794008,IT,WL,WOODW,LANDT,0.01,3935.961,3,3,3935.961,0.0,0.0,0.0,0.0,393596.1
1721487,IT,PL,SUPPO,NATUR,0.03,3935.924,3,3,3935.924,0.0,0.0,0.0,0.0,131197.466667
1644066,IT,AT,BUSIN,ELEC5,0.04,3935.924,3,3,3935.924,0.0,0.0,0.0,0.0,98398.1
1676520,IT,FR,RETA1,WOOD2,0.04,3935.776,3,3,3935.776,0.0,0.0,0.0,0.0,98394.4
1737397,IT,GB,TEXTI,OFFIC,0.02,3935.68,3,3,3935.68,0.0,0.0,0.0,0.0,196784.0
1734095,IT,SI,INSUR,WHOLE,0.08,3935.601,3,3,3935.601,0.0,0.0,0.0,0.0,49195.0125
1646722,IT,BE,CONST,DAIRY,0.02,3935.195,3,3,3935.195,0.0,0.0,0.0,0.0,196759.75
1747359,IT,JP,RETA1,MEDIC,0.04,3934.415,3,3,3934.415,0.0,0.0,0.0,0.0,98360.375
1751304,IT,CN,RAILW,SUPPO,0.03,3934.325,3,3,3934.325,0.0,0.0,0.0,0.0,131144.166667
1739260,IT,GB,HOTEL,MEATP,0.03,3934.296,3,3,3934.296,0.0,0.0,0.0,0.0,131143.2
1734687,IT,SK,LEATH,VEGE1,0.03,3934.238,3,3,3934.238,0.0,0.0,0.0,0.0,131141.266667
1756497,IT,KR,RETAI,MACHI,0.03,3934.014,3,3,3934.014,0.0,0.0,0.0,0.0,131133.8
1677599,IT,FR,REALE,COPP1,0.17,3933.92,3,3,3933.92,0.0,0.0,0.0,0.0,23140.705882
1797795,IT,WL,OILHA,ELEC2,0.02,3933.89,3,3,3933.89,0.0,0.0,0.0,0.0,196694.5
1748066,IT,JP,BUSIN,ELEC6,0.04,3933.602,3,3,3933.602,0.0,0.0,0.0,0.0,98340.05
1721615,IT,PL,POSTT,FURNI,0.06,3933.306,3,3,3933.306,0.0,0.0,0.0,0.0,65555.1
1650719,IT,BG,HOTEL,PFERT,0.03,3933.27,3,3,3933.27,0.0,0.0,0.0,0.0,131109.0
1720779,IT,PL,TRANS,FINAN,0.02,3933.25,3,3,3933.25,0.0,0.0,0.0,0.0,196662.5
1679200,IT,GR,PRINT,MEMBE,0.04,3933.249,3,3,3933.249,0.0,0.0,0.0,0.0,98331.225
1670380,IT,FI,DAIRY,MEMBE,0.02,3933.196,3,3,3933.196,0.0,0.0,0.0,0.0,196659.8
1778692,IT,TR,HOTEL,PAPE4,0.03,3933.104,3,3,3933.104,0.0,0.0,0.0,0.0,131103.466667
1668801,IT,ES,LANDT,PAPE2,0.03,3933.007,3,3,3933.007,0.0,0.0,0.0,0.0,131100.233333
1716812,IT,NL,RETA1,INERT,0.04,3932.921,3,3,3932.921,0.0,0.0,0.0,0.0,98323.025
1782521,IT,NO,OFFIC,FURNI,0.01,3932.506,3,3,3932.506,0.0,0.0,0.0,0.0,393250.6
1738771,IT,GB,OFFIC,NONME,0.01,3932.47,3,3,3932.47,0.0,0.0,0.0,0.0,393247.0
1727278,IT,RO,SUPPO,INERT,0.03,3932.41,3,3,3932.41,0.0,0.0,0.0,0.0,131080.333333
1757975,IT,BR,RUBBE,FISHF,0.01,3932.403,3,3,3932.403,0.0,0.0,0.0,0.0,393240.3
1768388,IT,AU,VEGE1,RAWMI,0.01,3932.056,3,3,3932.056,0.0,0.0,0.0,0.0,393205.6
1785188,IT,ZA,FOOD5,PUBLI,0.02,3931.822,3,3,3931.822,0.0,0.0,0.0,0.0,196591.1
1685028,IT,HU,DAIRY,BEVER,0.02,3931.376,3,3,3931.376,0.0,0.0,0.0,0.0,196568.8
1803975,IT,WF,LEATH,FOOD5,0.03,3931.324,3,3,3931.324,0.0,0.0,0.0,0.0,131044.133333
1751799,IT,CN,AUXIL,HOTEL,0.07,3931.168,3,3,3931.168,0.0,0.0,0.0,0.0,56159.542857
1678047,IT,FR,EDUCA,REALE,0.1,3931.162,3,3,3931.162,0.0,0.0,0.0,0.0,39311.62
1715928,IT,NL,GLASS,PREC1,0.01,3931.089,3,3,3931.089,0.0,0.0,0.0,0.0,393108.9
1646986,IT,BE,RETA1,FISH5,0.04,3930.889,3,3,3930.889,0.0,0.0,0.0,0.0,98272.225
1775342,IT,CH,BUSIN,FOOD1,0.04,3930.826,3,3,3930.826,0.0,0.0,0.0,0.0,98270.65
1760779,IT,IN,PRINT,TRAN1,0.04,3930.803,3,3,3930.803,0.0,0.0,0.0,0.0,98270.075
1781161,IT,TW,PAPE4,BASIC,0.03,3930.699,3,3,3930.699,0.0,0.0,0.0,0.0,131023.3
1747950,IT,JP,RESEA,GLASS,0.02,3930.683,3,3,3930.683,0.0,0.0,0.0,0.0,196534.15
1733461,IT,SI,SALEM,NONME,0.03,3929.592,3,3,3929.592,0.0,0.0,0.0,0.0,130986.4
1737335,IT,GB,BEVER,FABRI,0.02,3929.528,3,3,3929.528,0.0,0.0,0.0,0.0,196476.4
1686111,IT,HU,RUBBE,ELEC7,0.01,3929.254,3,3,3929.254,0.0,0.0,0.0,0.0,392925.4
1750748,IT,CN,TRANS,ALUM1,0.02,3929.249,3,3,3929.249,0.0,0.0,0.0,0.0,196462.45
1808078,IT,WF,TEXT1,SUPPO,0.03,3929.068,3,3,3929.068,0.0,0.0,0.0,0.0,130968.933333
1754216,IT,CA,POSTT,FOOD5,0.06,3928.926,3,3,3928.926,0.0,0.0,0.0,0.0,65482.1
1739788,IT,GB,POSTT,ELEC5,0.06,3928.728,3,3,3928.728,0.0,0.0,0.0,0.0,65478.8
1759966,IT,BR,PLAS1,RESEA,0.01,3928.714,3,3,3928.714,0.0,0.0,0.0,0.0,392871.4
1806655,IT,WF,RETAI,SUGA1,0.03,3928.625,3,3,3928.625,0.0,0.0,0.0,0.0,130954.166667
1779541,IT,TR,COMPU,STONE,0.04,3928.513,3,3,3928.513,0.0,0.0,0.0,0.0,98212.825
1784131,IT,ID,PULP5,BIODI,0.01,3928.353,3,3,3928.353,0.0,0.0,0.0,0.0,392835.3
1762461,IT,IN,FINAN,CEMEN,0.05,3928.351,3,3,3928.351,0.0,0.0,0.0,0.0,78567.02
1644134,IT,AT,TEXT1,BASIC,0.03,3928.27,3,3,3928.27,0.0,0.0,0.0,0.0,130942.333333
1792920,IT,WA,HEALT,POSTT,0.02,3927.969,3,3,3927.969,0.0,0.0,0.0,0.0,196398.45
1789444,IT,WA,CHARC,HOTEL,0.01,3927.862,3,3,3927.862,0.0,0.0,0.0,0.0,392786.2
1685018,IT,HU,VEGE1,93197,0.01,3927.8,3,3,3927.8,0.0,0.0,0.0,0.0,392780.0
1647966,IT,BE,RENTI,MEDIC,0.02,3927.57,3,3,3927.57,0.0,0.0,0.0,0.0,196378.5
1748830,IT,CN,TEXTI,SALEM,0.02,3927.484,3,3,3927.484,0.0,0.0,0.0,0.0,196374.2
1770578,IT,AU,POSTT,PRINT,0.06,3927.478,3,3,3927.478,0.0,0.0,0.0,0.0,65457.966667
1770882,IT,AU,BUSIN,RAILW,0.04,3927.34,3,3,3927.34,0.0,0.0,0.0,0.0,98183.5
1809189,IT,WM,MEATA,SALEM,0.02,3927.176,3,3,3927.176,0.0,0.0,0.0,0.0,196358.8
1775970,IT,TR,BEVER,DISTR,0.02,3927.006,3,3,3927.006,0.0,0.0,0.0,0.0,196350.3
1674541,IT,FR,RUBBE,LUBRI,0.01,3926.858,3,3,3926.858,0.0,0.0,0.0,0.0,392685.8
1712907,IT,LV,REALE,SUPPO,0.17,3926.816,3,3,3926.816,0.0,0.0,0.0,0.0,23098.917647
1770912,IT,AU,HEALT,BUSIN,0.02,3926.76,3,3,3926.76,0.0,0.0,0.0,0.0,196338.0
1724180,IT,PT,HOTEL,PRINT,0.03,3926.72,3,3,3926.72,0.0,0.0,0.0,0.0,130890.666667
1729738,IT,SE,MACHI,KEROS,0.02,3926.658,3,3,3926.658,0.0,0.0,0.0,0.0,196332.9
1718888,IT,PL,PRINT,COPPE,0.04,3926.553,3,3,3926.553,0.0,0.0,0.0,0.0,98163.825
1729009,IT,SE,RUBBE,CATTL,0.01,3926.54,3,3,3926.54,0.0,0.0,0.0,0.0,392654.0
1648955,IT,BG,WEARI,INSUR,0.03,3926.497,3,3,3926.497,0.0,0.0,0.0,0.0,130883.233333
1733671,IT,SI,HOTEL,FOOD3,0.03,3926.493,3,3,3926.493,0.0,0.0,0.0,0.0,130883.1
1780560,IT,TW,FINAN,MOTO1,0.05,3926.469,3,3,3926.469,0.0,0.0,0.0,0.0,78529.38
1803265,IT,WF,FORES,CATTL,0.03,3926.451,4,4,3924.451,0.0,2.0,0.0,0.0,130881.7
1773723,IT,CH,FURNI,PAPE1,0.01,3926.347,3,3,3926.347,0.0,0.0,0.0,0.0,392634.7
1751810,IT,CN,AUXIL,COMPU,0.07,3926.308,3,3,3926.308,0.0,0.0,0.0,0.0,56090.114286
1760573,IT,IN,WOODW,FISHF,0.01,3926.22,3,3,3926.22,0.0,0.0,0.0,0.0,392622.0
1784733,IT,ID,WHOLE,PRINT,0.03,3925.983,3,3,3925.983,0.0,0.0,0.0,0.0,130866.1
1678343,IT,FR,FOOD4,FOOD5,0.03,3925.943,3,3,3925.943,0.0,0.0,0.0,0.0,130864.766667
1680119,IT,GR,OFFIC,PLAST,0.01,3925.935,3,3,3925.935,0.0,0.0,0.0,0.0,392593.5
1650120,IT,BG,OFFIC,LANDT,0.01,3925.719,3,3,3925.719,0.0,0.0,0.0,0.0,392571.9
1678906,IT,GR,TEXTI,PULP5,0.02,3925.675,3,3,3925.675,0.0,0.0,0.0,0.0,196283.75
1774403,IT,CH,HOTEL,PRIVA,0.03,3925.556,3,3,3925.556,0.0,0.0,0.0,0.0,130851.866667
1807812,IT,WF,FOODW,RAILW,0.03,3925.483,3,3,3925.483,0.0,0.0,0.0,0.0,130849.433333
1721002,IT,PL,HOTEL,CROPS,0.03,3925.139,3,3,3925.139,0.0,0.0,0.0,0.0,130837.966667
1650234,IT,BG,FURNI,SALEM,0.01,3924.913,3,3,3924.913,0.0,0.0,0.0,0.0,392491.3
1686184,IT,HU,GLASS,PRINT,0.01,3924.598,3,3,3924.598,0.0,0.0,0.0,0.0,392459.8
1658673,IT,DE,OFFIC,MEATP,0.01,3924.404,3,3,3924.404,0.0,0.0,0.0,0.0,392440.4
1682495,IT,HR,PRINT,TRANS,0.04,3924.235,3,3,3924.235,0.0,0.0,0.0,0.0,98105.875
1717357,IT,NL,FINAN,LANDT,0.05,3923.95,3,3,3923.95,0.0,0.0,0.0,0.0,78479.0
1740598,IT,US,FORES,PFERT,0.03,3923.687,4,4,3921.687,0.0,2.0,0.0,0.0,130789.566667
1685230,IT,HU,TEXTI,DAIRY,0.02,3923.245,3,3,3923.245,0.0,0.0,0.0,0.0,196162.25
1690099,IT,IE,RENTI,FOOD3,0.02,3923.231,3,3,3923.231,0.0,0.0,0.0,0.0,196161.55
1803886,IT,WF,WEARI,FORES,0.03,3923.19,3,3,3923.19,0.0,0.0,0.0,0.0,130773.0
1730059,IT,SE,RETA1,RAWMI,0.04,3923.175,3,3,3923.175,0.0,0.0,0.0,0.0,98079.375
1690294,IT,IE,SEWAG,CHEM1,0.03,3923.146,3,3,3923.146,0.0,0.0,0.0,0.0,130771.533333
1797461,IT,WL,RESEA,FABRI,0.02,3923.106,3,3,3923.106,0.0,0.0,0.0,0.0,196155.3
1738053,IT,GB,RUBBE,ETHAN,0.01,3923.095,3,3,3923.095,0.0,0.0,0.0,0.0,392309.5
1733993,IT,SI,SUPPO,93197,0.03,3923.033,3,3,3923.033,0.0,0.0,0.0,0.0,130767.766667
1768240,IT,RU,HEALT,RENTI,0.02,3922.788,3,3,3922.788,0.0,0.0,0.0,0.0,196139.4
1726765,IT,RO,SALEM,DIST1,0.03,3922.768,3,3,3922.768,0.0,0.0,0.0,0.0,130758.933333
1670333,IT,FI,VEGE1,PEAT2,0.01,3922.457,3,3,3922.457,0.0,0.0,0.0,0.0,392245.7
1726180,IT,RO,GLASS,INSUR,0.01,3922.447,3,3,3922.447,0.0,0.0,0.0,0.0,392244.7
1684135,IT,HR,LANDT,SANDC,0.03,3922.249,3,3,3922.249,0.0,0.0,0.0,0.0,130741.633333
1680750,IT,GR,RETA1,SALEM,0.04,3922.182,3,3,3922.182,0.0,0.0,0.0,0.0,98054.55
1774994,IT,CH,AUXIL,HEALT,0.07,3922.094,3,3,3922.094,0.0,0.0,0.0,0.0,56029.914286
1784987,IT,ID,INSUR,COMPU,0.08,3921.891,3,3,3921.891,0.0,0.0,0.0,0.0,49023.6375
1727506,IT,RO,AUXIL,RAILW,0.07,3921.496,3,3,3921.496,0.0,0.0,0.0,0.0,56021.371429
1765444,IT,RU,TEXTI,ELEC2,0.02,3921.494,3,3,3921.494,0.0,0.0,0.0,0.0,196074.7
1644133,IT,AT,INTER,INTER,0.02,3921.211,3,3,3921.211,0.0,0.0,0.0,0.0,196060.55
1713533,IT,MT,GLASS,WHOLE,0.01,3921.075,3,3,3921.075,0.0,0.0,0.0,0.0,392107.5
1668655,IT,ES,RAILW,REALE,0.03,3921.025,3,3,3921.025,0.0,0.0,0.0,0.0,130700.833333
1813524,IT,WM,WHOLE,MEATA,0.03,3920.771,3,3,3920.771,0.0,0.0,0.0,0.0,130692.366667
1718164,IT,PL,DAIRY,FORES,0.02,3920.683,3,3,3920.683,0.0,0.0,0.0,0.0,196034.15
1678187,IT,FR,INTER,FOOD3,0.02,3920.261,3,3,3920.261,0.0,0.0,0.0,0.0,196013.05
1778417,IT,TR,WHOLE,MEAT4,0.03,3920.223,3,3,3920.223,0.0,0.0,0.0,0.0,130674.1
1752610,IT,CA,TEXTI,FOOD5,0.02,3920.211,3,3,3920.211,0.0,0.0,0.0,0.0,196010.55
1808564,IT,WF,PAPE4,ELEC2,0.03,3920.069,3,3,3920.069,0.0,0.0,0.0,0.0,130668.966667
1716818,IT,NL,HOTEL,PIGS9,0.03,3920.027,3,3,3920.027,0.0,0.0,0.0,0.0,130667.566667
1657500,IT,DE,RUBBE,PAPE3,0.01,3919.856,3,3,3919.856,0.0,0.0,0.0,0.0,391985.6
1670261,IT,FI,VEGET,VEGE1,0.01,3919.822,3,3,3919.822,0.0,0.0,0.0,0.0,391982.2
1641176,IT,AT,PRINT,ALUM1,0.04,3919.668,3,3,3919.668,0.0,0.0,0.0,0.0,97991.7
1651289,IT,CY,BEVER,MEATA,0.02,3919.546,3,3,3919.546,0.0,0.0,0.0,0.0,195977.3
1710298,IT,LT,TRANS,SUPPO,0.02,3919.149,3,3,3919.149,0.0,0.0,0.0,0.0,195957.45
1643865,IT,AT,AUXIL,BUSIN,0.07,3919.126,3,3,3919.126,0.0,0.0,0.0,0.0,55987.514286
1793102,IT,WA,MEMBE,CONST,0.05,3918.999,3,3,3918.999,0.0,0.0,0.0,0.0,78379.98
1746692,IT,JP,FABRI,LIQUE,0.02,3918.273,3,3,3918.273,0.0,0.0,0.0,0.0,195913.65
1726595,IT,RO,MOTO1,RAWMI,0.02,3918.183,3,3,3918.183,0.0,0.0,0.0,0.0,195909.15
1746770,IT,JP,MACHI,MEATP,0.02,3918.122,3,3,3918.122,0.0,0.0,0.0,0.0,195906.1
1778033,IT,TR,OFFIC,PREC1,0.01,3918.01,3,3,3918.01,0.0,0.0,0.0,0.0,391801.0
1717737,IT,NL,BUSIN,PAPE4,0.04,3917.552,3,3,3917.552,0.0,0.0,0.0,0.0,97938.8
1800600,IT,WE,GLASS,GASDI,0.01,3917.398,3,3,3917.398,0.0,0.0,0.0,0.0,391739.8
1652572,IT,CZ,LEATH,FOUND,0.03,3917.188,3,3,3917.188,0.0,0.0,0.0,0.0,130572.933333
1651754,IT,CY,MACHI,TRAN2,0.02,3916.698,3,3,3916.698,0.0,0.0,0.0,0.0,195834.9
1770178,IT,AU,RETA1,SUPPO,0.04,3916.589,3,3,3916.589,0.0,0.0,0.0,0.0,97914.725
1754898,IT,KR,TOBAC,TRANS,0.02,3916.406,3,3,3916.406,0.0,0.0,0.0,0.0,195820.3
1652309,IT,CZ,BEVER,FURNI,0.02,3916.4,3,3,3916.4,0.0,0.0,0.0,0.0,195820.0
1690066,IT,IE,RENTI,PREC1,0.02,3916.312,3,3,3916.312,0.0,0.0,0.0,0.0,195815.6
1762575,IT,IN,AUXIL,PFERT,0.07,3916.242,3,3,3916.242,0.0,0.0,0.0,0.0,55946.314286
1808385,IT,WF,WASTE,SUGA1,0.01,3916.204,3,3,3916.204,0.0,0.0,0.0,0.0,391620.4
1789674,IT,WA,RUBBE,ELEC4,0.01,3915.939,3,3,3915.939,0.0,0.0,0.0,0.0,391593.9
1724832,IT,PT,BUSIN,POULT,0.04,3915.429,3,3,3915.429,0.0,0.0,0.0,0.0,97885.725
1649060,IT,BG,PAPER,RAWMI,0.02,3915.382,3,3,3915.382,0.0,0.0,0.0,0.0,195769.1
1736078,IT,SK,FURNI,MEMBE,0.01,3915.202,3,3,3915.202,0.0,0.0,0.0,0.0,391520.2
1685298,IT,HU,TEXTI,MEMBE,0.02,3914.988,3,3,3914.988,0.0,0.0,0.0,0.0,195749.4
1797675,IT,WL,PAPE1,HEALT,0.03,3914.973,3,3,3914.973,0.0,0.0,0.0,0.0,130499.1
1709412,IT,LT,BEVER,RENTI,0.02,3914.916,3,3,3914.916,0.0,0.0,0.0,0.0,195745.8
1808374,IT,WF,WASTE,FISHF,0.01,3914.704,3,3,3914.704,0.0,0.0,0.0,0.0,391470.4
1784974,IT,ID,INSUR,COLLE,0.08,3914.611,3,3,3914.611,0.0,0.0,0.0,0.0,48932.6375
1676137,IT,FR,ELE11,PUBLI,0.06,3914.482,4,4,3914.48,0.0,0.0,0.0,0.002,65241.366667
1680699,IT,GR,WHOLE,FOOD4,0.03,3914.444,3,3,3914.444,0.0,0.0,0.0,0.0,130481.466667
1787466,IT,WA,STONE,HOTEL,0.01,3913.904,3,3,3913.904,0.0,0.0,0.0,0.0,391390.4
1668004,IT,ES,TRANS,93197,0.02,3913.786,3,3,3913.786,0.0,0.0,0.0,0.0,195689.3
1647062,IT,BE,HOTEL,STONE,0.03,3913.782,3,3,3913.782,0.0,0.0,0.0,0.0,130459.4
1664142,IT,EE,RUBBE,RADIO,0.01,3913.671,3,3,3913.671,0.0,0.0,0.0,0.0,391367.1
1767145,IT,RU,CONST,HEALT,0.02,3913.463,3,3,3913.463,0.0,0.0,0.0,0.0,195673.15
1658420,IT,DE,FABRI,WHITE,0.02,3913.169,3,3,3913.169,0.0,0.0,0.0,0.0,195658.45
1654703,IT,CZ,LANDT,SEACO,0.03,3913.037,3,3,3913.037,0.0,0.0,0.0,0.0,130434.566667
1678382,IT,FR,PAPE4,MACHI,0.03,3913.001,3,3,3913.001,0.0,0.0,0.0,0.0,130433.366667
1802215,IT,WE,RAILW,BITUM,0.03,3912.924,3,3,3912.924,0.0,0.0,0.0,0.0,130430.8
1790953,IT,WA,MOTO1,CATTL,0.02,3912.646,3,3,3912.646,0.0,0.0,0.0,0.0,195632.3
1711871,IT,LU,INTER,MACHI,0.02,3912.611,3,3,3912.611,0.0,0.0,0.0,0.0,195630.55
1753669,IT,CA,MOTO1,CHEM1,0.02,3912.537,3,3,3912.537,0.0,0.0,0.0,0.0,195626.85
1787436,IT,WA,STONE,SUGA1,0.01,3912.105,3,3,3912.105,0.0,0.0,0.0,0.0,391210.5
1749196,IT,CN,PULP5,ELEC5,0.01,3911.983,3,3,3911.983,0.0,0.0,0.0,0.0,391198.3
1760054,IT,BR,OILHA,MOTOR,0.02,3911.796,3,3,3911.796,0.0,0.0,0.0,0.0,195589.8
1717772,IT,NL,HEALT,CROPS,0.02,3911.724,3,3,3911.724,0.0,0.0,0.0,0.0,195586.2
1653287,IT,CZ,RUBBE,HEALT,0.01,3911.492,3,3,3911.492,0.0,0.0,0.0,0.0,391149.2
1798287,IT,WE,CROPS,FORES,0.03,3911.375,3,3,3911.375,0.0,0.0,0.0,0.0,130379.166667
1755329,IT,KR,PRINT,RUBBE,0.04,3911.365,3,3,3911.365,0.0,0.0,0.0,0.0,97784.125
1714661,IT,NL,MEAT4,KEROS,0.02,3911.242,3,3,3911.242,0.0,0.0,0.0,0.0,195562.1
1684951,IT,HU,MEATP,HEALT,0.02,3911.198,3,3,3911.198,0.0,0.0,0.0,0.0,195559.9
1651687,IT,CY,FABRI,POULT,0.02,3910.929,3,3,3910.929,0.0,0.0,0.0,0.0,195546.45
1684650,IT,HR,PAPE4,RECRE,0.03,3910.911,3,3,3910.911,0.0,0.0,0.0,0.0,130363.7
1775522,IT,CH,FOOD3,MEAT1,0.01,3910.623,3,3,3910.623,0.0,0.0,0.0,0.0,391062.3
1675972,IT,FR,ELEC4,SUPPO,0.06,3910.613,3,3,3910.613,0.0,0.0,0.0,0.0,65176.883333
1796610,IT,WL,HOTEL,NAPHT,0.03,3910.612,3,3,3910.612,0.0,0.0,0.0,0.0,130353.733333
1758681,IT,BR,CONST,TEXTI,0.02,3910.519,3,3,3910.519,0.0,0.0,0.0,0.0,195525.95
1672975,IT,FR,DAIRY,FOOD3,0.02,3910.433,3,3,3910.433,0.0,0.0,0.0,0.0,195521.65
1787190,IT,ZA,PUBLI,HEALT,0.06,3910.402,3,3,3910.402,0.0,0.0,0.0,0.0,65173.366667
1671857,IT,FI,RETA1,PLAS2,0.04,3910.372,3,3,3910.372,0.0,0.0,0.0,0.0,97759.3
1758783,IT,BR,RETA1,BIOGA,0.04,3910.136,3,3,3910.136,0.0,0.0,0.0,0.0,97753.4
1713778,IT,MT,MOTO1,LANDT,0.02,3910.071,3,3,3910.071,0.0,0.0,0.0,0.0,195503.55
1744127,IT,US,SUPPO,ELEC2,0.03,3910.024,3,3,3910.024,0.0,0.0,0.0,0.0,130334.133333
1643046,IT,AT,CONST,RECRE,0.02,3909.998,3,3,3909.998,0.0,0.0,0.0,0.0,195499.9
1770365,IT,AU,LANDT,MEATC,0.03,3909.893,3,3,3909.893,0.0,0.0,0.0,0.0,130329.766667
1764631,IT,MX,RETA1,MOTOR,0.04,3909.822,3,3,3909.822,0.0,0.0,0.0,0.0,97745.55
1680698,IT,GR,WHOLE,WASTE,0.03,3909.751,3,3,3909.751,0.0,0.0,0.0,0.0,130325.033333
1802125,IT,WE,RETA1,AIRTR,0.04,3909.75,3,3,3909.75,0.0,0.0,0.0,0.0,97743.75
1810446,IT,WM,PULP5,MEDIC,0.01,3909.552,3,3,3909.552,0.0,0.0,0.0,0.0,390955.2
1738104,IT,GB,RUBBE,WASTE,0.01,3909.384,3,3,3909.384,0.0,0.0,0.0,0.0,390938.4
1640369,IT,AT,MEATP,BEVER,0.02,3909.378,3,3,3909.378,0.0,0.0,0.0,0.0,195468.9
1689144,IT,IE,SALEM,ELEC4,0.03,3909.337,3,3,3909.337,0.0,0.0,0.0,0.0,130311.233333
1714695,IT,NL,VEGE1,MACHI,0.01,3909.316,3,3,3909.316,0.0,0.0,0.0,0.0,390931.6
1680272,IT,GR,FURNI,PRINT,0.01,3909.292,3,3,3909.292,0.0,0.0,0.0,0.0,390929.2
1671928,IT,FI,LANDT,SANDC,0.03,3908.777,3,3,3908.777,0.0,0.0,0.0,0.0,130292.566667
1783291,IT,NO,FOODW,BUSIN,0.03,3908.668,3,3,3908.668,0.0,0.0,0.0,0.0,130288.933333
1650770,IT,BG,RAILW,HEAVY,0.03,3908.585,3,3,3908.585,0.0,0.0,0.0,0.0,130286.166667
1784399,IT,ID,GLASS,EDUCA,0.01,3908.536,3,3,3908.536,0.0,0.0,0.0,0.0,390853.6
1745707,IT,JP,WEARI,STONE,0.03,3908.47,3,3,3908.47,0.0,0.0,0.0,0.0,130282.333333
1758055,IT,BR,RUBBE,FOOD3,0.01,3908.301,3,3,3908.301,0.0,0.0,0.0,0.0,390830.1
1797876,IT,WL,FOOD3,RAILW,0.01,3908.096,3,3,3908.096,0.0,0.0,0.0,0.0,390809.6
1676735,IT,FR,RAILW,FOOD4,0.03,3908.057,3,3,3908.057,0.0,0.0,0.0,0.0,130268.566667
1665337,IT,ES,FISH5,BIODI,0.02,3907.998,4,4,3907.996,0.0,0.0,0.0,0.002,195399.9
1746059,IT,JP,PRINT,FOOD5,0.04,3907.831,3,3,3907.831,0.0,0.0,0.0,0.0,97695.775
1760050,IT,BR,OILHA,CRUDE,0.02,3907.82,3,3,3907.82,0.0,0.0,0.0,0.0,195391.0
1806543,IT,WF,FURNI,RUBBE,0.01,3907.764,3,3,3907.764,0.0,0.0,0.0,0.0,390776.4
1648323,IT,BE,EDUCA,CONST,0.1,3907.55,3,3,3907.55,0.0,0.0,0.0,0.0,39075.5
1779602,IT,TR,COMPU,TRAN2,0.04,3907.395,3,3,3907.395,0.0,0.0,0.0,0.0,97684.875
1665426,IT,ES,TEXTI,SEACO,0.02,3907.167,3,3,3907.167,0.0,0.0,0.0,0.0,195358.35
1722332,IT,PT,FORES,PRINT,0.03,3907.069,4,4,3905.069,0.0,2.0,0.0,0.0,130235.633333
1762670,IT,IN,COMPU,93197,0.04,3906.586,3,3,3906.586,0.0,0.0,0.0,0.0,97664.65
1764687,IT,MX,HOTEL,NONFE,0.03,3906.466,3,3,3906.466,0.0,0.0,0.0,0.0,130215.533333
1686924,IT,HU,MACHI,BITU1,0.02,3906.224,3,3,3906.224,0.0,0.0,0.0,0.0,195311.2
1808075,IT,WF,TEXT1,LANDT,0.03,3906.086,3,3,3906.086,0.0,0.0,0.0,0.0,130202.866667
1799104,IT,WE,WEARI,PRECI,0.03,3905.963,3,3,3905.963,0.0,0.0,0.0,0.0,130198.766667
1712300,IT,LV,RUBBE,VEGET,0.01,3905.773,3,3,3905.773,0.0,0.0,0.0,0.0,390577.3
1725313,IT,RO,BEVER,RAILW,0.02,3905.683,3,3,3905.683,0.0,0.0,0.0,0.0,195284.15
1720936,IT,PL,RETAI,HOTEL,0.03,3905.668,3,3,3905.668,0.0,0.0,0.0,0.0,130188.933333
1713213,IT,MT,WOODW,PAPER,0.01,3905.632,3,3,3905.632,0.0,0.0,0.0,0.0,390563.2
1672079,IT,FI,SUPPO,FABRI,0.03,3905.607,3,3,3905.607,0.0,0.0,0.0,0.0,130186.9
1813594,IT,WM,WHOLE,TRAN2,0.03,3905.542,3,3,3905.542,0.0,0.0,0.0,0.0,130184.733333
1678366,IT,FR,FOOD4,FOOD3,0.03,3905.369,3,3,3905.369,0.0,0.0,0.0,0.0,130178.966667
1732661,IT,SI,GLASS,FOOD4,0.01,3905.365,3,3,3905.365,0.0,0.0,0.0,0.0,390536.5
1808865,IT,WF,PRIVA,GASDI,0.87,3905.212,3,3,3905.212,0.0,0.0,0.0,0.0,4488.749425
1725528,IT,RO,LEATH,BIODI,0.03,3904.921,3,3,3904.921,0.0,0.0,0.0,0.0,130164.033333
1660388,IT,DE,FINAN,SECO9,0.05,3904.893,3,3,3904.893,0.0,0.0,0.0,0.0,78097.86
1783496,IT,NO,WOOD1,FOOD4,0.03,3904.227,3,3,3904.227,0.0,0.0,0.0,0.0,130140.9
1745606,IT,JP,TOBAC,REALE,0.02,3904.096,3,3,3904.096,0.0,0.0,0.0,0.0,195204.8
1663998,IT,EE,PRINT,WOODW,0.04,3904.037,3,3,3904.037,0.0,0.0,0.0,0.0,97600.925
1689490,IT,IE,HOTEL,TEXT2,0.03,3903.973,3,3,3903.973,0.0,0.0,0.0,0.0,130132.433333
1760488,IT,IN,TEXTI,MEDIC,0.02,3903.829,3,3,3903.829,0.0,0.0,0.0,0.0,195191.45
1771627,IT,CH,WEARI,SANDC,0.03,3903.798,3,3,3903.798,0.0,0.0,0.0,0.0,130126.6
1690463,IT,IE,PAPE4,PFERT,0.03,3903.597,3,3,3903.597,0.0,0.0,0.0,0.0,130119.9
1744807,IT,US,RESEA,ELE11,0.02,3903.525,3,3,3903.525,0.0,0.0,0.0,0.0,195176.25
1756626,IT,KR,RAILW,BUSIN,0.03,3903.107,3,3,3903.107,0.0,0.0,0.0,0.0,130103.566667
1688252,IT,IE,VEGET,HEALT,0.01,3902.837,3,3,3902.837,0.0,0.0,0.0,0.0,390283.7
1652076,IT,CZ,STONE,DISTR,0.01,3902.793,3,3,3902.793,0.0,0.0,0.0,0.0,390279.3
1764925,IT,MX,SUPPO,ELECT,0.03,3902.716,3,3,3902.716,0.0,0.0,0.0,0.0,130090.533333
1773418,IT,CH,OFFIC,FISH5,0.01,3902.483,3,3,3902.483,0.0,0.0,0.0,0.0,390248.3
1658914,IT,DE,FURNI,COPP1,0.01,3901.975,3,3,3901.975,0.0,0.0,0.0,0.0,390197.5
1797866,IT,WL,FOOD3,MEAT1,0.01,3901.961,3,3,3901.961,0.0,0.0,0.0,0.0,390196.1
1791703,IT,WA,HOTEL,INERT,0.03,3901.862,3,3,3901.862,0.0,0.0,0.0,0.0,130062.066667
1767461,IT,RU,LANDT,93197,0.03,3901.793,3,3,3901.793,0.0,0.0,0.0,0.0,130059.766667
1803411,IT,WF,MEATC,MEATA,0.01,3901.733,3,3,3901.733,0.0,0.0,0.0,0.0,390173.3
1678569,IT,GR,CROPS,ALUM1,0.03,3901.731,3,3,3901.731,0.0,0.0,0.0,0.0,130057.7
1779534,IT,TR,COMPU,VEGET,0.04,3901.711,3,3,3901.711,0.0,0.0,0.0,0.0,97542.775
1665273,IT,ES,BEVER,PFERT,0.02,3901.641,3,3,3901.641,0.0,0.0,0.0,0.0,195082.05
1680209,IT,GR,TRANS,PRINT,0.02,3901.637,3,3,3901.637,0.0,0.0,0.0,0.0,195081.85
1751834,IT,CN,RENTI,PLAST,0.02,3901.59,3,3,3901.59,0.0,0.0,0.0,0.0,195079.5
1662902,IT,DK,RETA1,RAWMI,0.04,3901.559,3,3,3901.559,0.0,0.0,0.0,0.0,97538.975
1807564,IT,WF,COMPU,NATU1,0.04,3901.541,3,3,3901.541,0.0,0.0,0.0,0.0,97538.525
1680702,IT,GR,WHOLE,INERT,0.03,3901.538,3,3,3901.538,0.0,0.0,0.0,0.0,130051.266667
1670042,IT,ES,FOOD1,SUPPO,0.02,3901.508,3,3,3901.508,0.0,0.0,0.0,0.0,195075.4
1680697,IT,GR,WHOLE,FOOD3,0.03,3901.464,3,3,3901.464,0.0,0.0,0.0,0.0,130048.8
1660807,IT,DE,COMPU,LIQUI,0.04,3901.117,3,3,3901.117,0.0,0.0,0.0,0.0,97527.925
1764266,IT,MX,MACHI,ELE11,0.02,3901.063,3,3,3901.063,0.0,0.0,0.0,0.0,195053.15
1688784,IT,IE,RUBBE,POSTT,0.01,3900.751,3,3,3900.751,0.0,0.0,0.0,0.0,390075.1
1710318,IT,LT,FURNI,SALEM,0.01,3900.531,3,3,3900.531,0.0,0.0,0.0,0.0,390053.1
1785409,IT,ZA,PAPER,GLASS,0.02,3900.343,3,3,3900.343,0.0,0.0,0.0,0.0,195017.15
1797726,IT,WL,PLAS1,MEMBE,0.01,3900.121,3,3,3900.121,0.0,0.0,0.0,0.0,390012.1
1810048,IT,WM,TEXTI,BITU1,0.02,3900.115,3,3,3900.115,0.0,0.0,0.0,0.0,195005.75
1731696,IT,SI,WOODW,SEACO,0.01,3900.083,3,3,3900.083,0.0,0.0,0.0,0.0,390008.3
1739150,IT,GB,RETA1,NATU1,0.04,3900.03,3,3,3900.03,0.0,0.0,0.0,0.0,97500.75
1657571,IT,DE,GLASS,LEAD1,0.01,3899.917,3,3,3899.917,0.0,0.0,0.0,0.0,389991.7
1799391,IT,WE,PULP5,INSUR,0.01,3899.566,3,3,3899.566,0.0,0.0,0.0,0.0,389956.6
1712743,IT,LV,LANDT,STONE,0.03,3899.554,3,3,3899.554,0.0,0.0,0.0,0.0,129985.133333
1676169,IT,FR,CONST,MOTOR,0.02,3899.546,3,3,3899.546,0.0,0.0,0.0,0.0,194977.3
1653928,IT,CZ,FABRI,TEXT2,0.02,3899.511,3,3,3899.511,0.0,0.0,0.0,0.0,194975.55
1803979,IT,WF,LEATH,WOODW,0.03,3899.507,3,3,3899.507,0.0,0.0,0.0,0.0,129983.566667
1670791,IT,FI,PRINT,SALEM,0.04,3899.479,3,3,3899.479,0.0,0.0,0.0,0.0,97486.975
1756258,IT,KR,MACHI,WASTE,0.02,3899.028,3,3,3899.028,0.0,0.0,0.0,0.0,194951.4
1722313,IT,PT,VEGET,PROCE,0.01,3898.927,3,3,3898.927,0.0,0.0,0.0,0.0,389892.7
1724179,IT,PT,HOTEL,PAPER,0.03,3898.927,3,3,3898.927,0.0,0.0,0.0,0.0,129964.233333
1806369,IT,WF,MOTO1,TEXTI,0.02,3898.868,3,3,3898.868,0.0,0.0,0.0,0.0,194943.4
1767842,IT,RU,AUXIL,FABRI,0.07,3898.848,3,3,3898.848,0.0,0.0,0.0,0.0,55697.828571
1737513,IT,GB,WOODW,BIODI,0.01,3898.846,3,3,3898.846,0.0,0.0,0.0,0.0,389884.6
1754787,IT,KR,FOOD5,MEAT4,0.02,3898.84,3,3,3898.84,0.0,0.0,0.0,0.0,194942.0
1763252,IT,MX,WOODW,FINAN,0.01,3898.721,3,3,3898.721,0.0,0.0,0.0,0.0,389872.1
1758474,IT,BR,MACHI,MEAT1,0.02,3898.582,3,3,3898.582,0.0,0.0,0.0,0.0,194929.1
1680693,IT,GR,WHOLE,INTER,0.03,3898.493,3,3,3898.493,0.0,0.0,0.0,0.0,129949.766667
1809800,IT,WM,FOOD5,PREC1,0.02,3898.486,3,3,3898.486,0.0,0.0,0.0,0.0,194924.3
1788356,IT,WA,WOODW,CEREA,0.01,3898.407,3,3,3898.407,0.0,0.0,0.0,0.0,389840.7
1809803,IT,WM,FOOD5,COPP1,0.02,3898.393,3,3,3898.393,0.0,0.0,0.0,0.0,194919.65
1796117,IT,WL,TRANS,ELEC1,0.02,3898.306,3,3,3898.306,0.0,0.0,0.0,0.0,194915.3
1690060,IT,IE,RENTI,BIODI,0.02,3898.302,3,3,3898.302,0.0,0.0,0.0,0.0,194915.1
1680694,IT,GR,WHOLE,OILHA,0.03,3898.216,3,3,3898.216,0.0,0.0,0.0,0.0,129940.533333
1781322,IT,NO,VEGE1,MOTO1,0.01,3898.095,3,3,3898.095,0.0,0.0,0.0,0.0,389809.5
1647554,IT,BE,SUPPO,PUBLI,0.03,3897.944,3,3,3897.944,0.0,0.0,0.0,0.0,129931.466667
1781070,IT,TW,PUBLI,LUBRI,0.06,3897.797,3,3,3897.797,0.0,0.0,0.0,0.0,64963.283333
1793540,IT,WL,MEAT4,PRECI,0.02,3897.772,3,3,3897.772,0.0,0.0,0.0,0.0,194888.6
1663043,IT,DK,HOTEL,TRAN2,0.03,3897.632,3,3,3897.632,0.0,0.0,0.0,0.0,129921.066667
1797269,IT,WL,INSUR,HEAVY,0.08,3897.112,3,3,3897.112,0.0,0.0,0.0,0.0,48713.9
1711841,IT,LU,PAPE1,COPP1,0.03,3896.982,3,3,3896.982,0.0,0.0,0.0,0.0,129899.4
1652801,IT,CZ,PRINT,BEVER,0.04,3896.743,3,3,3896.743,0.0,0.0,0.0,0.0,97418.575
1663081,IT,DK,RAILW,FISH5,0.03,3896.711,3,3,3896.711,0.0,0.0,0.0,0.0,129890.366667
1739287,IT,GB,HOTEL,NONME,0.03,3896.543,3,3,3896.543,0.0,0.0,0.0,0.0,129884.766667
1803438,IT,WF,MEAT1,RAWMI,0.02,3896.421,3,3,3896.421,0.0,0.0,0.0,0.0,194821.05
1745697,IT,JP,WEARI,SUGAR,0.03,3896.138,3,3,3896.138,0.0,0.0,0.0,0.0,129871.266667
1679075,IT,GR,PULP5,PRINT,0.01,3896.085,3,3,3896.085,0.0,0.0,0.0,0.0,389608.5
1648457,IT,BG,VEGET,MEAT1,0.01,3895.947,3,3,3895.947,0.0,0.0,0.0,0.0,389594.7
1647769,IT,BE,AUXIL,CEREA,0.07,3895.94,3,3,3895.94,0.0,0.0,0.0,0.0,55656.285714
1745585,IT,JP,FISH5,CONST,0.02,3895.939,4,4,3895.937,0.0,0.0,0.0,0.002,194796.95
1642699,IT,AT,MACHI,CRUDE,0.02,3895.848,3,3,3895.848,0.0,0.0,0.0,0.0,194792.4
1792838,IT,WA,EDUCA,PRINT,0.1,3895.635,3,3,3895.635,0.0,0.0,0.0,0.0,38956.35
1760165,IT,BR,WASTE,REALE,0.01,3895.517,3,3,3895.517,0.0,0.0,0.0,0.0,389551.7
1729963,IT,SE,CONST,CONST,0.02,3895.452,3,3,3895.452,0.0,0.0,0.0,0.0,194772.6
1680696,IT,GR,WHOLE,FOOD2,0.03,3895.431,3,3,3895.431,0.0,0.0,0.0,0.0,129847.7
1716364,IT,NL,MACHI,CATTL,0.02,3895.413,3,3,3895.413,0.0,0.0,0.0,0.0,194770.65
1755023,IT,KR,WEARI,REFI1,0.03,3895.249,3,3,3895.249,0.0,0.0,0.0,0.0,129841.633333
1780603,IT,TW,INSUR,CHEM1,0.08,3895.185,3,3,3895.185,0.0,0.0,0.0,0.0,48689.8125
1767697,IT,RU,FINAN,BEVER,0.05,3895.059,3,3,3895.059,0.0,0.0,0.0,0.0,77901.18
1795617,IT,WL,FABRI,ALUMI,0.02,3895.031,3,3,3895.031,0.0,0.0,0.0,0.0,194751.55
1743216,IT,US,TRANS,ELEC7,0.02,3894.998,3,3,3894.998,0.0,0.0,0.0,0.0,194749.9
1727726,IT,RO,COMPU,AIRTR,0.04,3894.919,3,3,3894.919,0.0,0.0,0.0,0.0,97372.975
1650190,IT,BG,MOTO1,HEALT,0.02,3894.639,3,3,3894.639,0.0,0.0,0.0,0.0,194731.95
1748284,IT,JP,MEMBE,RAILW,0.05,3894.177,3,3,3894.177,0.0,0.0,0.0,0.0,77883.54
1736402,IT,SK,LANDT,ADDIT,0.03,3894.094,3,3,3894.094,0.0,0.0,0.0,0.0,129803.133333
1796473,IT,WL,RETA1,SANDC,0.04,3893.97,3,3,3893.97,0.0,0.0,0.0,0.0,97349.25
1658564,IT,DE,MACHI,REFIN,0.02,3893.834,3,3,3893.834,0.0,0.0,0.0,0.0,194691.7
1679113,IT,GR,PAPER,LIQUE,0.02,3893.785,3,3,3893.785,0.0,0.0,0.0,0.0,194689.25
1783491,IT,NO,WOOD1,WOOD1,0.03,3893.544,3,3,3893.544,0.0,0.0,0.0,0.0,129784.8
1756348,IT,KR,TRANS,MEDIC,0.02,3893.511,3,3,3893.511,0.0,0.0,0.0,0.0,194675.55
1759687,IT,BR,BUSIN,PADDY,0.04,3893.492,3,3,3893.492,0.0,0.0,0.0,0.0,97337.3
1731305,IT,SI,VEGE1,MACHI,0.01,3893.462,3,3,3893.462,0.0,0.0,0.0,0.0,389346.2
1799213,IT,WE,LEATH,SUBBI,0.03,3893.441,3,3,3893.441,0.0,0.0,0.0,0.0,129781.366667
1709426,IT,LT,TEXTI,WHEAT,0.02,3893.273,3,3,3893.273,0.0,0.0,0.0,0.0,194663.65
1760199,IT,BR,PAPE4,BUSIN,0.03,3893.074,3,3,3893.074,0.0,0.0,0.0,0.0,129769.133333
1671650,IT,FI,CONST,PAPER,0.02,3893.057,3,3,3893.057,0.0,0.0,0.0,0.0,194652.85
1680666,IT,GR,WHOLE,BRICK,0.03,3892.989,3,3,3892.989,0.0,0.0,0.0,0.0,129766.3
1663124,IT,DK,RAILW,PAPE1,0.03,3892.946,3,3,3892.946,0.0,0.0,0.0,0.0,129764.866667
1672581,IT,FR,CROPS,DAIRY,0.03,3892.878,3,3,3892.878,0.0,0.0,0.0,0.0,129762.6
1680704,IT,GR,WHOLE,WOOD2,0.03,3892.807,3,3,3892.807,0.0,0.0,0.0,0.0,129760.233333
1806586,IT,WF,CONST,RAILW,0.02,3892.728,3,3,3892.728,0.0,0.0,0.0,0.0,194636.4
1809885,IT,WM,BEVER,PAPER,0.02,3892.446,3,3,3892.446,0.0,0.0,0.0,0.0,194622.3
1804051,IT,WF,WOODW,OFFIC,0.01,3892.325,3,3,3892.325,0.0,0.0,0.0,0.0,389232.5
1798701,IT,WE,DAIRY,PRINT,0.02,3892.301,3,3,3892.301,0.0,0.0,0.0,0.0,194615.05
1682083,IT,HR,TEXTI,PIGS9,0.02,3892.106,3,3,3892.106,0.0,0.0,0.0,0.0,194605.3
1783900,IT,NO,WOOD2,PAPE4,0.02,3892.044,3,3,3892.044,0.0,0.0,0.0,0.0,194602.2
1809904,IT,WM,BEVER,LEAD1,0.02,3891.954,3,3,3891.954,0.0,0.0,0.0,0.0,194597.7
1680701,IT,GR,WHOLE,PLAS2,0.03,3891.891,3,3,3891.891,0.0,0.0,0.0,0.0,129729.7
1680703,IT,GR,WHOLE,TEXT2,0.03,3891.764,3,3,3891.764,0.0,0.0,0.0,0.0,129725.466667
1646539,IT,BE,OFFIC,MOTOR,0.01,3891.751,3,3,3891.751,0.0,0.0,0.0,0.0,389175.1
1709354,IT,LT,DAIRY,BUSIN,0.02,3891.575,3,3,3891.575,0.0,0.0,0.0,0.0,194578.75
1767740,IT,RU,FINAN,COMPU,0.05,3891.559,3,3,3891.559,0.0,0.0,0.0,0.0,77831.18
1650105,IT,BG,OFFIC,FABRI,0.01,3891.134,3,3,3891.134,0.0,0.0,0.0,0.0,389113.4
1680428,IT,GR,ELEC4,WEARI,0.06,3891.086,3,3,3891.086,0.0,0.0,0.0,0.0,64851.433333
1730180,IT,SE,LANDT,ALUM1,0.03,3891.05,3,3,3891.05,0.0,0.0,0.0,0.0,129701.666667
1734633,IT,SK,TEXTI,COPP1,0.02,3891.022,3,3,3891.022,0.0,0.0,0.0,0.0,194551.1
1777764,IT,TR,FABRI,RAWMI,0.02,3890.801,3,3,3890.801,0.0,0.0,0.0,0.0,194540.05
1740757,IT,US,MEAT4,PFERT,0.02,3890.389,3,3,3890.389,0.0,0.0,0.0,0.0,194519.45
1680724,IT,GR,RETA1,PFERT,0.04,3889.785,3,3,3889.785,0.0,0.0,0.0,0.0,97244.625
1653233,IT,CZ,RUBBE,NAPHT,0.01,3889.716,3,3,3889.716,0.0,0.0,0.0,0.0,388971.6
1689344,IT,IE,RETA1,BASIC,0.04,3889.527,3,3,3889.527,0.0,0.0,0.0,0.0,97238.175
1654469,IT,CZ,RETA1,COMPU,0.04,3889.499,3,3,3889.499,0.0,0.0,0.0,0.0,97237.475
1774711,IT,CH,SUPPO,PLAST,0.03,3889.3,3,3,3889.3,0.0,0.0,0.0,0.0,129643.333333
1678401,IT,FR,PAPE4,RECRE,0.03,3889.214,3,3,3889.214,0.0,0.0,0.0,0.0,129640.466667
1754465,IT,CA,BUSIN,COKIN,0.04,3889.135,3,3,3889.135,0.0,0.0,0.0,0.0,97228.375
1654080,IT,CZ,OFFIC,BEVER,0.01,3889.044,3,3,3889.044,0.0,0.0,0.0,0.0,388904.4
1686875,IT,HU,FABRI,MEMBE,0.02,3888.256,3,3,3888.256,0.0,0.0,0.0,0.0,194412.8
1781297,IT,NO,VEGE1,RAWMI,0.01,3888.248,3,3,3888.248,0.0,0.0,0.0,0.0,388824.8
1786663,IT,ZA,WHOLE,COPP1,0.03,3888.058,3,3,3888.058,0.0,0.0,0.0,0.0,129601.933333
1680736,IT,GR,RETA1,ELECT,0.04,3887.368,3,3,3887.368,0.0,0.0,0.0,0.0,97184.2
1722096,IT,PL,BUSIN,LUBRI,0.04,3887.073,3,3,3887.073,0.0,0.0,0.0,0.0,97176.825
1711807,IT,LU,PUBLI,RESEA,0.06,3887.031,3,3,3887.031,0.0,0.0,0.0,0.0,64783.85
1778731,IT,TR,RAILW,POSTT,0.03,3886.921,3,3,3886.921,0.0,0.0,0.0,0.0,129564.033333
1710742,IT,LU,BEVER,PUBLI,0.02,3886.557,3,3,3886.557,0.0,0.0,0.0,0.0,194327.85
1643340,IT,AT,RAILW,LEAD1,0.03,3886.361,3,3,3886.361,0.0,0.0,0.0,0.0,129545.366667
1764804,IT,MX,LANDT,POSTT,0.03,3886.21,3,3,3886.21,0.0,0.0,0.0,0.0,129540.333333
1761871,IT,IN,TRANS,RUBBE,0.02,3886.162,3,3,3886.162,0.0,0.0,0.0,0.0,194308.1
1648624,IT,BG,MEAT4,SUPPO,0.02,3885.97,3,3,3885.97,0.0,0.0,0.0,0.0,194298.5
1664167,IT,EE,RUBBE,PUBLI,0.01,3885.944,3,3,3885.944,0.0,0.0,0.0,0.0,388594.4
1740452,IT,GB,WASTE,TRAN1,0.01,3885.917,3,3,3885.917,0.0,0.0,0.0,0.0,388591.7
1672834,IT,FR,MEAT4,COMPU,0.02,3885.854,3,3,3885.854,0.0,0.0,0.0,0.0,194292.7
1672298,IT,FI,RENTI,REALE,0.02,3885.685,3,3,3885.685,0.0,0.0,0.0,0.0,194284.25
1737259,IT,GB,FOOD5,PULP5,0.02,3885.28,3,3,3885.28,0.0,0.0,0.0,0.0,194264.0
1744866,IT,US,BUSIN,ANIMA,0.04,3885.231,3,3,3885.231,0.0,0.0,0.0,0.0,97130.775
1665597,IT,ES,LEATH,93197,0.03,3885.171,3,3,3885.171,0.0,0.0,0.0,0.0,129505.7
1714443,IT,NL,MEATA,RUBBE,0.02,3885.151,3,3,3885.151,0.0,0.0,0.0,0.0,194257.55
1671910,IT,FI,RAILW,CHEM1,0.03,3885.13,3,3,3885.13,0.0,0.0,0.0,0.0,129504.333333
1681956,IT,HR,FOOD5,MOTOR,0.02,3884.883,3,3,3884.883,0.0,0.0,0.0,0.0,194244.15
1810204,IT,WM,LEATH,CATTL,0.03,3884.738,3,3,3884.738,0.0,0.0,0.0,0.0,129491.266667
1718473,IT,PL,TEXTI,MOTOR,0.02,3884.663,3,3,3884.663,0.0,0.0,0.0,0.0,194233.15
1718554,IT,PL,WEARI,FURNI,0.03,3884.431,3,3,3884.431,0.0,0.0,0.0,0.0,129481.033333
1642964,IT,AT,FURNI,SUPPO,0.01,3884.416,3,3,3884.416,0.0,0.0,0.0,0.0,388441.6
1791297,IT,WA,CONST,RAILW,0.02,3884.194,3,3,3884.194,0.0,0.0,0.0,0.0,194209.7
1772027,IT,CH,PRINT,KEROS,0.04,3884.161,3,3,3884.161,0.0,0.0,0.0,0.0,97104.025
1760708,IT,IN,PAPER,ELEC2,0.02,3884.101,3,3,3884.101,0.0,0.0,0.0,0.0,194205.05
1747822,IT,JP,REALE,WHOLE,0.16,3884.052,3,3,3884.052,0.0,0.0,0.0,0.0,24275.325
1734542,IT,SK,PROCE,RECRE,0.03,3883.657,3,3,3883.657,0.0,0.0,0.0,0.0,129455.233333
1645099,IT,BE,PAPER,AIRTR,0.02,3883.209,3,3,3883.209,0.0,0.0,0.0,0.0,194160.45
1797865,IT,WL,FOOD3,MEATC,0.01,3883.176,3,3,3883.176,0.0,0.0,0.0,0.0,388317.6
1783876,IT,NO,WOOD2,COPP1,0.02,3883.131,3,3,3883.131,0.0,0.0,0.0,0.0,194156.55
1722536,IT,PT,BEVER,MEAT4,0.02,3883.123,3,3,3883.123,0.0,0.0,0.0,0.0,194156.15
1718939,IT,PL,PRINT,ELEC5,0.04,3882.455,3,3,3882.455,0.0,0.0,0.0,0.0,97061.375
1671688,IT,FI,SALEM,CROPS,0.03,3882.338,3,3,3882.338,0.0,0.0,0.0,0.0,129411.266667
1783318,IT,NO,PAPE1,LEAD1,0.03,3882.07,3,3,3882.07,0.0,0.0,0.0,0.0,129402.333333
1711252,IT,LU,OFFIC,RETA1,0.01,3881.609,3,3,3881.609,0.0,0.0,0.0,0.0,388160.9
1806610,IT,WF,SALEM,MEAT4,0.03,3881.581,3,3,3881.581,0.0,0.0,0.0,0.0,129386.033333
1786367,IT,ZA,MACHI,LEATH,0.02,3881.52,3,3,3881.52,0.0,0.0,0.0,0.0,194076.0
1720518,IT,PL,OFFIC,PIGS9,0.01,3881.425,3,3,3881.425,0.0,0.0,0.0,0.0,388142.5
1690266,IT,IE,INTER,HEALT,0.02,3881.204,3,3,3881.204,0.0,0.0,0.0,0.0,194060.2
1744665,IT,US,COMPU,KEROS,0.04,3881.201,3,3,3881.201,0.0,0.0,0.0,0.0,97030.025
1729606,IT,SE,FABRI,CROPS,0.02,3880.693,3,3,3880.693,0.0,0.0,0.0,0.0,194034.65
1645174,IT,BE,PRINT,DIST1,0.04,3880.351,3,3,3880.351,0.0,0.0,0.0,0.0,97008.775
1761922,IT,IN,FURNI,NONSP,0.01,3880.275,3,3,3880.275,0.0,0.0,0.0,0.0,388027.5
1788109,IT,WA,WEARI,BITUM,0.03,3880.053,3,3,3880.053,0.0,0.0,0.0,0.0,129335.1
1645026,IT,BE,PULP5,MEMBE,0.01,3879.992,3,3,3879.992,0.0,0.0,0.0,0.0,387999.2
1814603,IT,WM,BUSIN,RENTI,0.04,3879.952,3,3,3879.952,0.0,0.0,0.0,0.0,96998.8
1801974,IT,WE,RETAI,BUSIN,0.03,3879.942,3,3,3879.942,0.0,0.0,0.0,0.0,129331.4
1755343,IT,KR,PRINT,DISTR,0.04,3879.636,3,3,3879.636,0.0,0.0,0.0,0.0,96990.9
1681196,IT,GR,POSTT,AIRTR,0.06,3879.513,3,3,3879.513,0.0,0.0,0.0,0.0,64658.55
1775899,IT,TR,PROCE,FURNI,0.03,3879.477,3,3,3879.477,0.0,0.0,0.0,0.0,129315.9
1640863,IT,AT,LEATH,PULP5,0.03,3879.352,3,3,3879.352,0.0,0.0,0.0,0.0,129311.733333
1684610,IT,HR,WASTE,WHOLE,0.01,3879.142,3,3,3879.142,0.0,0.0,0.0,0.0,387914.2
1644847,IT,BE,WEARI,CHEMI,0.03,3879.103,3,3,3879.103,0.0,0.0,0.0,0.0,129303.433333
1755295,IT,KR,PAPER,DIST1,0.02,3879.027,3,3,3879.027,0.0,0.0,0.0,0.0,193951.35
1774760,IT,CH,SUPPO,WOOD1,0.03,3878.969,3,3,3878.969,0.0,0.0,0.0,0.0,129298.966667
1647172,IT,BE,RAILW,OFFIC,0.03,3878.759,3,3,3878.759,0.0,0.0,0.0,0.0,129291.966667
1770622,IT,AU,FINAN,BITUM,0.05,3878.713,3,3,3878.713,0.0,0.0,0.0,0.0,77574.26
1669659,IT,ES,COMPU,FISH5,0.04,3878.389,3,3,3878.389,0.0,0.0,0.0,0.0,96959.725
1672468,IT,FI,FOOD2,BUSIN,0.02,3878.328,3,3,3878.328,0.0,0.0,0.0,0.0,193916.4
1748280,IT,JP,MEMBE,SALEM,0.05,3878.313,3,3,3878.313,0.0,0.0,0.0,0.0,77566.26
1678286,IT,FR,FOOD2,FOOD3,0.02,3878.308,3,3,3878.308,0.0,0.0,0.0,0.0,193915.4
1654132,IT,CZ,MOTO1,PIGS9,0.02,3878.227,3,3,3878.227,0.0,0.0,0.0,0.0,193911.35
1652600,IT,CZ,LEATH,SEWAG,0.03,3878.049,3,3,3878.049,0.0,0.0,0.0,0.0,129268.3
1779605,IT,TR,COMPU,SUPPO,0.04,3877.871,3,3,3877.871,0.0,0.0,0.0,0.0,96946.775
1685002,IT,HU,VEGE1,ELEC3,0.01,3877.84,3,3,3877.84,0.0,0.0,0.0,0.0,387784.0
1746878,IT,JP,OFFIC,CHEM1,0.01,3877.77,3,3,3877.77,0.0,0.0,0.0,0.0,387777.0
1659079,IT,DE,ELEC4,RESEA,0.06,3877.769,3,3,3877.769,0.0,0.0,0.0,0.0,64629.483333
1814730,IT,WM,OILHA,DISTR,0.02,3877.493,3,3,3877.493,0.0,0.0,0.0,0.0,193874.65
1771810,IT,CH,WOODW,MEATC,0.01,3877.446,3,3,3877.446,0.0,0.0,0.0,0.0,387744.6
1656129,IT,DE,FISH5,BIOGA,0.02,3877.442,4,4,3877.44,0.0,0.0,0.0,0.002,193872.1
1778284,IT,TR,SALEM,LEATH,0.03,3877.19,3,3,3877.19,0.0,0.0,0.0,0.0,129239.666667
1715235,IT,NL,WOODW,WASTE,0.01,3877.189,3,3,3877.189,0.0,0.0,0.0,0.0,387718.9
1688928,IT,IE,FABRI,NUCLE,0.02,3876.589,3,3,3876.589,0.0,0.0,0.0,0.0,193829.45
1679006,IT,GR,LEATH,93197,0.03,3876.534,3,3,3876.534,0.0,0.0,0.0,0.0,129217.8
1757369,IT,BR,WEARI,FINAN,0.03,3876.528,3,3,3876.528,0.0,0.0,0.0,0.0,129217.6
1778723,IT,TR,RAILW,ELEC1,0.03,3876.417,3,3,3876.417,0.0,0.0,0.0,0.0,129213.9
1769967,IT,AU,TRANS,MACHI,0.02,3876.384,3,3,3876.384,0.0,0.0,0.0,0.0,193819.2
1736763,IT,SK,RENTI,CONST,0.02,3876.12,3,3,3876.12,0.0,0.0,0.0,0.0,193806.0
1727275,IT,RO,SUPPO,WASTE,0.03,3876.113,3,3,3876.113,0.0,0.0,0.0,0.0,129203.766667
1724509,IT,PT,POSTT,TEXTI,0.06,3875.957,3,3,3875.957,0.0,0.0,0.0,0.0,64599.283333
1785369,IT,ZA,WOODW,LANDT,0.01,3875.941,3,3,3875.941,0.0,0.0,0.0,0.0,387594.1
1752329,IT,CA,MEATP,FOOD5,0.02,3875.799,3,3,3875.799,0.0,0.0,0.0,0.0,193789.95
1783521,IT,NO,OILHA,RETAI,0.02,3875.771,3,3,3875.771,0.0,0.0,0.0,0.0,193788.55
1681610,IT,GR,PUBLI,WHOLE,0.06,3875.71,3,3,3875.71,0.0,0.0,0.0,0.0,64595.166667
1664406,IT,EE,MACHI,CHEM1,0.02,3875.612,3,3,3875.612,0.0,0.0,0.0,0.0,193780.6
1760660,IT,IN,PAPER,MEATC,0.02,3875.607,3,3,3875.607,0.0,0.0,0.0,0.0,193780.35
1773518,IT,CH,MOTO1,MOTOR,0.02,3875.568,3,3,3875.568,0.0,0.0,0.0,0.0,193778.4
1782856,IT,NO,LANDT,RESEA,0.03,3875.459,3,3,3875.459,0.0,0.0,0.0,0.0,129181.966667
1675554,IT,FR,MOTO1,MEAT4,0.02,3875.336,3,3,3875.336,0.0,0.0,0.0,0.0,193766.8
1660175,IT,DE,SUPPO,TRANS,0.03,3875.29,3,3,3875.29,0.0,0.0,0.0,0.0,129176.333333
1654242,IT,CZ,TRANS,DISTR,0.02,3875.124,3,3,3875.124,0.0,0.0,0.0,0.0,193756.2
1788390,IT,WA,WOODW,ALUM1,0.01,3875.089,3,3,3875.089,0.0,0.0,0.0,0.0,387508.9
1681167,IT,GR,POSTT,BASIC,0.06,3875.08,3,3,3875.08,0.0,0.0,0.0,0.0,64584.666667
1760158,IT,BR,WASTE,SALEM,0.01,3874.815,3,3,3874.815,0.0,0.0,0.0,0.0,387481.5
1721877,IT,PL,RENTI,VEGET,0.02,3874.582,3,3,3874.582,0.0,0.0,0.0,0.0,193729.1
1757299,IT,BR,FOOD5,CHEM1,0.02,3874.577,3,3,3874.577,0.0,0.0,0.0,0.0,193728.85
1769010,IT,AU,PRINT,WOODW,0.04,3874.57,3,3,3874.57,0.0,0.0,0.0,0.0,96864.25
1810524,IT,WM,PAPER,NONSP,0.02,3874.549,3,3,3874.549,0.0,0.0,0.0,0.0,193727.45
1727379,IT,RO,FINAN,CRUDE,0.05,3874.458,3,3,3874.458,0.0,0.0,0.0,0.0,77489.16
1779256,IT,TR,FINAN,COKEO,0.05,3874.102,3,3,3874.102,0.0,0.0,0.0,0.0,77482.04
1720887,IT,PL,CONST,RENTI,0.02,3874.012,3,3,3874.012,0.0,0.0,0.0,0.0,193700.6
1771286,IT,CH,DAIRY,VEGE1,0.02,3873.814,3,3,3873.814,0.0,0.0,0.0,0.0,193690.7
1680254,IT,GR,TRANS,RESEA,0.02,3873.749,3,3,3873.749,0.0,0.0,0.0,0.0,193687.45
1787431,IT,WA,STONE,NATUR,0.01,3873.618,3,3,3873.618,0.0,0.0,0.0,0.0,387361.8
1668205,IT,ES,RETAI,CEREA,0.03,3873.548,3,3,3873.548,0.0,0.0,0.0,0.0,129118.266667
1770658,IT,AU,FINAN,HEALT,0.05,3873.372,3,3,3873.372,0.0,0.0,0.0,0.0,77467.44
1766884,IT,RU,OFFIC,ALUM1,0.01,3873.275,3,3,3873.275,0.0,0.0,0.0,0.0,387327.5
1791723,IT,WA,RAILW,NATUR,0.03,3873.235,3,3,3873.235,0.0,0.0,0.0,0.0,129107.833333
1688966,IT,IE,MACHI,ANIMA,0.02,3872.959,3,3,3872.959,0.0,0.0,0.0,0.0,193647.95
1721177,IT,PL,RAILW,INTER,0.03,3872.469,3,3,3872.469,0.0,0.0,0.0,0.0,129082.3
1795918,IT,WL,MOTO1,PLANT,0.02,3872.433,3,3,3872.433,0.0,0.0,0.0,0.0,193621.65
1641000,IT,AT,WOODW,FOODW,0.01,3872.413,3,3,3872.413,0.0,0.0,0.0,0.0,387241.3
1715247,IT,NL,PAPER,POULT,0.02,3872.25,3,3,3872.25,0.0,0.0,0.0,0.0,193612.5
1655919,IT,DE,PROCE,BIODI,0.03,3872.222,3,3,3872.222,0.0,0.0,0.0,0.0,129074.066667
1671106,IT,FI,GLASS,FORES,0.01,3872.207,3,3,3872.207,0.0,0.0,0.0,0.0,387220.7
1657420,IT,DE,RUBBE,NONSP,0.01,3872.109,3,3,3872.109,0.0,0.0,0.0,0.0,387210.9
1731867,IT,SI,PRINT,ELEC3,0.04,3871.699,3,3,3871.699,0.0,0.0,0.0,0.0,96792.475
1810017,IT,WM,TEXTI,NONFE,0.02,3871.676,3,3,3871.676,0.0,0.0,0.0,0.0,193583.8
1747925,IT,JP,COMPU,INSUR,0.04,3871.426,3,3,3871.426,0.0,0.0,0.0,0.0,96785.65
1737262,IT,GB,FOOD5,MOTOR,0.02,3871.335,3,3,3871.335,0.0,0.0,0.0,0.0,193566.75
1810521,IT,WM,PAPER,WHITE,0.02,3871.304,3,3,3871.304,0.0,0.0,0.0,0.0,193565.2
1774007,IT,CH,RETAI,PROCE,0.03,3871.262,3,3,3871.262,0.0,0.0,0.0,0.0,129042.066667
1735984,IT,SK,MOTO1,WASTE,0.02,3871.242,3,3,3871.242,0.0,0.0,0.0,0.0,193562.1
1740462,IT,GB,FOOD4,WHOLE,0.03,3871.174,3,3,3871.174,0.0,0.0,0.0,0.0,129039.133333
1781736,IT,NO,PAPER,MACHI,0.02,3871.146,3,3,3871.146,0.0,0.0,0.0,0.0,193557.3
1663741,IT,EE,FOOD5,POULT,0.02,3871.062,3,3,3871.062,0.0,0.0,0.0,0.0,193553.1
1784737,IT,ID,WHOLE,GLASS,0.03,3870.91,3,3,3870.91,0.0,0.0,0.0,0.0,129030.333333
1774347,IT,CH,HOTEL,ELEC2,0.03,3870.887,3,3,3870.887,0.0,0.0,0.0,0.0,129029.566667
1783466,IT,NO,TEXT1,INERT,0.03,3870.764,3,3,3870.764,0.0,0.0,0.0,0.0,129025.466667
1793810,IT,WL,TEXTI,MEAT4,0.02,3870.725,3,3,3870.725,0.0,0.0,0.0,0.0,193536.25
1798695,IT,WE,DAIRY,BEVER,0.02,3870.548,3,3,3870.548,0.0,0.0,0.0,0.0,193527.4
1662985,IT,DK,HOTEL,VEGE1,0.03,3870.443,3,3,3870.443,0.0,0.0,0.0,0.0,129014.766667
1780726,IT,TW,REALE,RETAI,0.16,3870.345,3,3,3870.345,0.0,0.0,0.0,0.0,24189.65625
1764363,IT,MX,MOTO1,PRINT,0.02,3870.334,3,3,3870.334,0.0,0.0,0.0,0.0,193516.7
1739678,IT,GB,SUPPO,VEGE1,0.03,3869.982,3,3,3869.982,0.0,0.0,0.0,0.0,128999.4
1736223,IT,SK,RETA1,FOOD5,0.04,3869.961,3,3,3869.961,0.0,0.0,0.0,0.0,96749.025
1778497,IT,TR,RETA1,CATTL,0.04,3869.921,3,3,3869.921,0.0,0.0,0.0,0.0,96748.025
1662156,IT,DK,RUBBE,NONF1,0.01,3869.655,3,3,3869.655,0.0,0.0,0.0,0.0,386965.5
1814673,IT,WM,PLAS1,RUBBE,0.01,3869.578,3,3,3869.578,0.0,0.0,0.0,0.0,386957.8
1752544,IT,CA,FOOD5,COMPU,0.02,3869.502,3,3,3869.502,0.0,0.0,0.0,0.0,193475.1
1717429,IT,NL,INSUR,INLAN,0.08,3869.108,3,3,3869.108,0.0,0.0,0.0,0.0,48363.85
1685228,IT,HU,TEXTI,SANDC,0.02,3869.096,3,3,3869.096,0.0,0.0,0.0,0.0,193454.8
1759563,IT,BR,COMPU,LIQUI,0.04,3868.734,3,3,3868.734,0.0,0.0,0.0,0.0,96718.35
1661510,IT,DK,FOOD5,MOTO1,0.02,3868.582,3,3,3868.582,0.0,0.0,0.0,0.0,193429.1
1713154,IT,MT,FISH5,TOBAC,0.02,3868.571,4,4,3868.569,0.0,0.0,0.0,0.002,193428.55
1755715,IT,KR,GLASS,FISHF,0.01,3868.338,3,3,3868.338,0.0,0.0,0.0,0.0,386833.8
1685577,IT,HU,PRINT,TEXTI,0.04,3867.457,3,3,3867.457,0.0,0.0,0.0,0.0,96686.425
1725244,IT,RO,FOOD5,TRANS,0.02,3867.392,3,3,3867.392,0.0,0.0,0.0,0.0,193369.6
1770624,IT,AU,FINAN,NATUR,0.05,3867.319,3,3,3867.319,0.0,0.0,0.0,0.0,77346.38
1649035,IT,BG,WOODW,SALEM,0.01,3867.191,3,3,3867.191,0.0,0.0,0.0,0.0,386719.1
1791273,IT,WA,CONST,LEATH,0.02,3866.961,3,3,3866.961,0.0,0.0,0.0,0.0,193348.05
1684491,IT,HR,COMPU,BUSIN,0.04,3866.917,3,3,3866.917,0.0,0.0,0.0,0.0,96672.925
1774723,IT,CH,SUPPO,ELECT,0.03,3866.911,3,3,3866.911,0.0,0.0,0.0,0.0,128897.033333
1726612,IT,RO,MOTO1,LIQUE,0.02,3866.558,3,3,3866.558,0.0,0.0,0.0,0.0,193327.9
1660310,IT,DE,POSTT,SEWAG,0.06,3866.076,3,3,3866.076,0.0,0.0,0.0,0.0,64434.6
1754471,IT,CA,BUSIN,STONE,0.04,3865.934,3,3,3865.934,0.0,0.0,0.0,0.0,96648.35
1770706,IT,AU,INSUR,RENTI,0.08,3865.815,3,3,3865.815,0.0,0.0,0.0,0.0,48322.6875
1781353,IT,NO,DAIRY,PLAST,0.02,3865.457,3,3,3865.457,0.0,0.0,0.0,0.0,193272.85
1761236,IT,IN,RUBBE,VEGE1,0.01,3865.358,3,3,3865.358,0.0,0.0,0.0,0.0,386535.8
1793564,IT,WL,MEAT4,WHOLE,0.02,3865.164,3,3,3865.164,0.0,0.0,0.0,0.0,193258.2
1754429,IT,CA,RENTI,RESEA,0.02,3865.007,3,3,3865.007,0.0,0.0,0.0,0.0,193250.35
1709515,IT,LT,LEATH,OFFIC,0.03,3864.667,3,3,3864.667,0.0,0.0,0.0,0.0,128822.233333
1778357,IT,TR,RETAI,CEMEN,0.03,3864.641,3,3,3864.641,0.0,0.0,0.0,0.0,128821.366667
1650657,IT,BG,WHOLE,NONME,0.03,3864.64,3,3,3864.64,0.0,0.0,0.0,0.0,128821.333333
1767997,IT,RU,COMPU,BUSIN,0.04,3864.371,3,3,3864.371,0.0,0.0,0.0,0.0,96609.275
1678388,IT,FR,PAPE4,POSTT,0.03,3864.002,3,3,3864.002,0.0,0.0,0.0,0.0,128800.066667
1792150,IT,WA,SUPPO,TEXTI,0.03,3863.856,3,3,3863.856,0.0,0.0,0.0,0.0,128795.2
1793966,IT,WL,WOODW,PRECI,0.01,3863.726,3,3,3863.726,0.0,0.0,0.0,0.0,386372.6
1728045,IT,SE,MEATC,MEAT4,0.01,3863.309,3,3,3863.309,0.0,0.0,0.0,0.0,386330.9
1673073,IT,FR,FOOD5,ELEC1,0.02,3863.16,3,3,3863.16,0.0,0.0,0.0,0.0,193158.0
1644770,IT,BE,FISH5,SUPPO,0.02,3863.036,4,4,3863.034,0.0,0.0,0.0,0.002,193151.8
1673613,IT,FR,WOODW,ELECT,0.01,3862.879,3,3,3862.879,0.0,0.0,0.0,0.0,386287.9
1754560,IT,CA,BUSIN,PAPE4,0.04,3862.707,3,3,3862.707,0.0,0.0,0.0,0.0,96567.675
1774031,IT,CH,RETAI,FURNI,0.03,3862.62,3,3,3862.62,0.0,0.0,0.0,0.0,128754.0
1682121,IT,HR,TEXTI,PFERT,0.02,3862.591,3,3,3862.591,0.0,0.0,0.0,0.0,193129.55
1650194,IT,BG,TRANS,CERAM,0.02,3862.489,3,3,3862.489,0.0,0.0,0.0,0.0,193124.45
1779835,IT,TR,PUBLI,GASDI,0.06,3862.313,3,3,3862.313,0.0,0.0,0.0,0.0,64371.883333
1761306,IT,IN,RUBBE,RESEA,0.01,3861.971,3,3,3861.971,0.0,0.0,0.0,0.0,386197.1
1813881,IT,WM,LANDT,BASIC,0.02,3861.921,3,3,3861.921,0.0,0.0,0.0,0.0,193096.05
1804014,IT,WF,WOODW,NATUR,0.01,3861.783,3,3,3861.783,0.0,0.0,0.0,0.0,386178.3
1738905,IT,GB,FURNI,NONF1,0.01,3861.736,3,3,3861.736,0.0,0.0,0.0,0.0,386173.6
1717601,IT,NL,RESEA,CONST,0.02,3861.677,3,3,3861.677,0.0,0.0,0.0,0.0,193083.85
1644428,IT,BE,MEAT4,SUPPO,0.02,3861.159,3,3,3861.159,0.0,0.0,0.0,0.0,193057.95
1803994,IT,WF,LEATH,RETAI,0.03,3860.945,3,3,3860.945,0.0,0.0,0.0,0.0,128698.166667
1745304,IT,JP,MEAT4,BASIC,0.02,3860.814,3,3,3860.814,0.0,0.0,0.0,0.0,193040.7
1643066,IT,AT,RETAI,MACHI,0.03,3860.761,3,3,3860.761,0.0,0.0,0.0,0.0,128692.033333
1765735,IT,RU,PRINT,PAPER,0.04,3860.659,3,3,3860.659,0.0,0.0,0.0,0.0,96516.475
1680608,IT,GR,CONST,TRAN2,0.02,3860.309,3,3,3860.309,0.0,0.0,0.0,0.0,193015.45
1736546,IT,SK,SUPPO,ALUM1,0.03,3860.295,3,3,3860.295,0.0,0.0,0.0,0.0,128676.5
1672448,IT,FI,PUBLI,NONF1,0.06,3860.266,3,3,3860.266,0.0,0.0,0.0,0.0,64337.766667
1808084,IT,WF,TEXT1,RESEA,0.03,3860.202,3,3,3860.202,0.0,0.0,0.0,0.0,128673.4
1775101,IT,CH,COMPU,WOODW,0.04,3860.183,3,3,3860.183,0.0,0.0,0.0,0.0,96504.575
1794043,IT,WL,PULP5,WHOLE,0.01,3860.047,3,3,3860.047,0.0,0.0,0.0,0.0,386004.7
1673492,IT,FR,LEATH,CROPS,0.03,3859.927,3,3,3859.927,0.0,0.0,0.0,0.0,128664.233333
1718581,IT,PL,LEATH,PIGS9,0.03,3859.74,3,3,3859.74,0.0,0.0,0.0,0.0,128658.0
1665202,IT,ES,FOOD5,KERO1,0.02,3859.72,3,3,3859.72,0.0,0.0,0.0,0.0,192986.0
1814789,IT,WM,PAPE4,CHEM1,0.03,3859.678,3,3,3859.678,0.0,0.0,0.0,0.0,128655.933333
1690397,IT,IE,FOOD4,CROPS,0.03,3859.555,3,3,3859.555,0.0,0.0,0.0,0.0,128651.833333
1649203,IT,BG,PRINT,MEMBE,0.04,3859.532,3,3,3859.532,0.0,0.0,0.0,0.0,96488.3
1713539,IT,MT,GLASS,RENTI,0.01,3859.444,3,3,3859.444,0.0,0.0,0.0,0.0,385944.4
1712107,IT,LV,TEXTI,RUBBE,0.02,3859.295,3,3,3859.295,0.0,0.0,0.0,0.0,192964.75
1652400,IT,CZ,TEXTI,ADDIT,0.02,3859.205,3,3,3859.205,0.0,0.0,0.0,0.0,192960.25
1771800,IT,CH,LEATH,WASTE,0.03,3858.977,3,3,3858.977,0.0,0.0,0.0,0.0,128632.566667
1684656,IT,HR,INERT,OFFIC,0.03,3858.558,3,3,3858.558,0.0,0.0,0.0,0.0,128618.6
1748740,IT,CN,BEVER,DISTR,0.02,3858.434,3,3,3858.434,0.0,0.0,0.0,0.0,192921.7
1687463,IT,HU,RAILW,RETAI,0.03,3858.266,3,3,3858.266,0.0,0.0,0.0,0.0,128608.866667
1799169,IT,WE,WEARI,STEAM,0.03,3858.161,3,3,3858.161,0.0,0.0,0.0,0.0,128605.366667
1724809,IT,PT,COMPU,RETA1,0.04,3857.995,3,3,3857.995,0.0,0.0,0.0,0.0,96449.875
1802129,IT,WE,RETA1,INSUR,0.04,3857.994,3,3,3857.994,0.0,0.0,0.0,0.0,96449.85
1749138,IT,CN,WOODW,SEACO,0.01,3857.716,3,3,3857.716,0.0,0.0,0.0,0.0,385771.6
1732535,IT,SI,RUBBE,ELECT,0.01,3857.704,3,3,3857.704,0.0,0.0,0.0,0.0,385770.4
1652537,IT,CZ,WEARI,OILHA,0.03,3857.351,3,3,3857.351,0.0,0.0,0.0,0.0,128578.366667
1658461,IT,DE,FABRI,ELEC6,0.02,3856.771,3,3,3856.771,0.0,0.0,0.0,0.0,192838.55
1770744,IT,AU,AUXIL,PUBLI,0.07,3856.716,3,3,3856.716,0.0,0.0,0.0,0.0,55095.942857
1760143,IT,BR,FOOD3,AIRTR,0.01,3856.086,3,3,3856.086,0.0,0.0,0.0,0.0,385608.6
1736751,IT,SK,REALE,HEALT,0.16,3855.74,3,3,3855.74,0.0,0.0,0.0,0.0,24098.375
1681799,IT,HR,MEATC,HEALT,0.01,3855.451,3,3,3855.451,0.0,0.0,0.0,0.0,385545.1
1768598,IT,AU,BEVER,RAILW,0.02,3855.446,3,3,3855.446,0.0,0.0,0.0,0.0,192772.3
1689120,IT,IE,SALEM,BEVER,0.03,3855.389,3,3,3855.389,0.0,0.0,0.0,0.0,128512.966667
1748410,IT,CN,WOOLS,PUBLI,0.02,3855.234,3,3,3855.234,0.0,0.0,0.0,0.0,192761.7
1744985,IT,US,BUSIN,PLAS2,0.04,3855.193,3,3,3855.193,0.0,0.0,0.0,0.0,96379.825
1736609,IT,SK,POSTT,FINAN,0.06,3854.694,3,3,3854.694,0.0,0.0,0.0,0.0,64244.9
1647839,IT,BE,AUXIL,RAILW,0.07,3854.55,3,3,3854.55,0.0,0.0,0.0,0.0,55065.0
1785900,IT,ZA,RUBBE,CEREA,0.01,3854.451,3,3,3854.451,0.0,0.0,0.0,0.0,385445.1
1713721,IT,MT,MACHI,OFFIC,0.02,3854.232,3,3,3854.232,0.0,0.0,0.0,0.0,192711.6
1714071,IT,MT,LANDT,FURNI,0.02,3854.153,3,3,3854.153,0.0,0.0,0.0,0.0,192707.65
1797731,IT,WL,INTER,DAIRY,0.02,3853.983,3,3,3853.983,0.0,0.0,0.0,0.0,192699.15
1762642,IT,IN,COMPU,ELEC4,0.04,3853.819,3,3,3853.819,0.0,0.0,0.0,0.0,96345.475
1731759,IT,SI,PAPER,MEATA,0.01,3853.786,3,3,3853.786,0.0,0.0,0.0,0.0,385378.6
1671676,IT,FI,CONST,REALE,0.02,3853.688,3,3,3853.688,0.0,0.0,0.0,0.0,192684.4
1767887,IT,RU,REALE,ELEC2,0.16,3853.575,3,3,3853.575,0.0,0.0,0.0,0.0,24084.84375
1760241,IT,BR,TEXT2,NONME,0.03,3853.335,3,3,3853.335,0.0,0.0,0.0,0.0,128444.5
1688569,IT,IE,PRINT,NONME,0.04,3853.132,3,3,3853.132,0.0,0.0,0.0,0.0,96328.3
1779945,IT,TW,CONST,ELEC2,0.02,3853.095,3,3,3853.095,0.0,0.0,0.0,0.0,192654.75
1661060,IT,DE,PUBLI,RUBBE,0.06,3852.963,3,3,3852.963,0.0,0.0,0.0,0.0,64216.05
1726505,IT,RO,MACHI,BASIC,0.02,3852.824,3,3,3852.824,0.0,0.0,0.0,0.0,192641.2
1711875,IT,LU,INTER,FINAN,0.02,3852.802,3,3,3852.802,0.0,0.0,0.0,0.0,192640.1
1727763,IT,RO,BUSIN,PIGS9,0.04,3852.5,3,3,3852.5,0.0,0.0,0.0,0.0,96312.5
1806309,IT,WF,OFFIC,FISHF,0.01,3852.494,3,3,3852.494,0.0,0.0,0.0,0.0,385249.4
1663123,IT,DK,RAILW,FOODW,0.03,3852.142,3,3,3852.142,0.0,0.0,0.0,0.0,128404.733333
1760530,IT,IN,WEARI,EDUCA,0.03,3852.14,3,3,3852.14,0.0,0.0,0.0,0.0,128404.666667
1783485,IT,NO,WOOD1,HEALT,0.03,3851.734,3,3,3851.734,0.0,0.0,0.0,0.0,128391.133333
1811992,IT,WM,GLASS,BASIC,0.01,3851.701,3,3,3851.701,0.0,0.0,0.0,0.0,385170.1
1728334,IT,SE,TEXTI,FISHF,0.02,3851.665,3,3,3851.665,0.0,0.0,0.0,0.0,192583.25
1787093,IT,ZA,BUSIN,GLASS,0.04,3851.655,3,3,3851.655,0.0,0.0,0.0,0.0,96291.375
1804043,IT,WF,WOODW,GLASS,0.01,3851.543,3,3,3851.543,0.0,0.0,0.0,0.0,385154.3
1657409,IT,DE,RUBBE,COKEO,0.01,3851.291,3,3,3851.291,0.0,0.0,0.0,0.0,385129.1
1740857,IT,US,DAIRY,POULT,0.02,3851.004,3,3,3851.004,0.0,0.0,0.0,0.0,192550.2
1787079,IT,ZA,BUSIN,DAIRY,0.04,3851.002,3,3,3851.002,0.0,0.0,0.0,0.0,96275.05
1715327,IT,NL,PAPER,OILHA,0.01,3851.001,3,3,3851.001,0.0,0.0,0.0,0.0,385100.1
1786503,IT,ZA,TRANS,BITUM,0.02,3850.72,3,3,3850.72,0.0,0.0,0.0,0.0,192536.0
1754863,IT,KR,BEVER,RECRE,0.02,3850.491,3,3,3850.491,0.0,0.0,0.0,0.0,192524.55
1640886,IT,AT,LEATH,ALUM1,0.03,3850.118,3,3,3850.118,0.0,0.0,0.0,0.0,128337.266667
1784200,IT,ID,PRINT,WHOLE,0.04,3849.819,3,3,3849.819,0.0,0.0,0.0,0.0,96245.475
1680606,IT,GR,CONST,HOTEL,0.02,3849.768,3,3,3849.768,0.0,0.0,0.0,0.0,192488.4
1763626,IT,MX,RUBBE,PADDY,0.01,3849.353,3,3,3849.353,0.0,0.0,0.0,0.0,384935.3
1673108,IT,FR,FOOD5,PLAS1,0.02,3849.274,3,3,3849.274,0.0,0.0,0.0,0.0,192463.7
1711213,IT,LU,MACHI,COPP1,0.02,3849.252,3,3,3849.252,0.0,0.0,0.0,0.0,192462.6
1714741,IT,NL,DAIRY,ALUM1,0.02,3849.173,3,3,3849.173,0.0,0.0,0.0,0.0,192458.65
1651148,IT,BG,BUSIN,FORES,0.04,3849.117,3,3,3849.117,0.0,0.0,0.0,0.0,96227.925
1782511,IT,NO,OFFIC,MEATP,0.01,3848.404,3,3,3848.404,0.0,0.0,0.0,0.0,384840.4
1795200,IT,WL,GLASS,TEXTI,0.01,3848.384,3,3,3848.384,0.0,0.0,0.0,0.0,384838.4
1813747,IT,WM,HOTEL,NONME,0.03,3848.34,3,3,3848.34,0.0,0.0,0.0,0.0,128278.0
1726860,IT,RO,RETA1,TEXTI,0.04,3848.328,3,3,3848.328,0.0,0.0,0.0,0.0,96208.2
1736530,IT,SK,SUPPO,BEVER,0.03,3848.264,3,3,3848.264,0.0,0.0,0.0,0.0,128275.466667
1768407,IT,AU,VEGE1,NFERT,0.01,3847.861,3,3,3847.861,0.0,0.0,0.0,0.0,384786.1
1737326,IT,GB,BEVER,HEAVY,0.02,3847.782,3,3,3847.782,0.0,0.0,0.0,0.0,192389.1
1767050,IT,RU,FURNI,CHEMI,0.01,3847.667,3,3,3847.667,0.0,0.0,0.0,0.0,384766.7
1681263,IT,GR,FINAN,DISTR,0.05,3847.391,3,3,3847.391,0.0,0.0,0.0,0.0,76947.82
1749239,IT,CN,PAPER,BITU1,0.01,3847.278,3,3,3847.278,0.0,0.0,0.0,0.0,384727.8
1727600,IT,RO,REALE,INSUR,0.16,3847.264,3,3,3847.264,0.0,0.0,0.0,0.0,24045.4
1646557,IT,BE,OFFIC,ELECT,0.01,3846.95,3,3,3846.95,0.0,0.0,0.0,0.0,384695.0
1665165,IT,ES,PROCE,FURNI,0.03,3846.48,3,3,3846.48,0.0,0.0,0.0,0.0,128216.0
1768299,IT,AU,STONE,WOODW,0.01,3846.262,3,3,3846.262,0.0,0.0,0.0,0.0,384626.2
1765738,IT,RU,PRINT,RUBBE,0.04,3846.045,3,3,3846.045,0.0,0.0,0.0,0.0,96151.125
1683819,IT,HR,OFFIC,EDUCA,0.01,3845.979,3,3,3845.979,0.0,0.0,0.0,0.0,384597.9
1798219,IT,WE,VEGET,NFERT,0.01,3845.886,3,3,3845.886,0.0,0.0,0.0,0.0,384588.6
1793104,IT,WA,MEMBE,POSTT,0.04,3845.813,3,3,3845.813,0.0,0.0,0.0,0.0,96145.325
1653378,IT,CZ,GLASS,INERT,0.01,3845.654,3,3,3845.654,0.0,0.0,0.0,0.0,384565.4
1759373,IT,BR,FINAN,POSTT,0.05,3845.302,3,3,3845.302,0.0,0.0,0.0,0.0,76906.04
1655768,IT,DE,MEAT1,MEAT1,0.02,3845.246,3,3,3845.246,0.0,0.0,0.0,0.0,192262.3
1776222,IT,TR,WOODW,SECO9,0.01,3845.069,3,3,3845.069,0.0,0.0,0.0,0.0,384506.9
1766605,IT,RU,FABRI,LIGNI,0.02,3844.984,3,3,3844.984,0.0,0.0,0.0,0.0,192249.2
1733685,IT,SI,RAILW,PLAST,0.03,3844.954,3,3,3844.954,0.0,0.0,0.0,0.0,128165.133333
1781730,IT,NO,PAPER,PLAST,0.01,3844.948,3,3,3844.948,0.0,0.0,0.0,0.0,384494.8
1738029,IT,GB,RUBBE,NATUR,0.01,3844.909,3,3,3844.909,0.0,0.0,0.0,0.0,384490.9
1675982,IT,FR,ELEC4,EDUCA,0.06,3844.882,3,3,3844.882,0.0,0.0,0.0,0.0,64081.366667
1735188,IT,SK,RUBBE,PREC1,0.01,3844.837,3,3,3844.837,0.0,0.0,0.0,0.0,384483.7
1765406,IT,RU,TEXTI,OILSE,0.02,3844.83,3,3,3844.83,0.0,0.0,0.0,0.0,192241.5
1681961,IT,HR,FOOD5,CERAM,0.02,3844.742,3,3,3844.742,0.0,0.0,0.0,0.0,192237.1
1759431,IT,BR,INSUR,AIRTR,0.08,3844.678,3,3,3844.678,0.0,0.0,0.0,0.0,48058.475
1710326,IT,LT,FURNI,REALE,0.01,3844.671,3,3,3844.671,0.0,0.0,0.0,0.0,384467.1
1784656,IT,ID,OFFIC,ELECT,0.01,3844.553,3,3,3844.553,0.0,0.0,0.0,0.0,384455.3
1768873,IT,AU,WOODW,FISHF,0.01,3844.501,3,3,3844.501,0.0,0.0,0.0,0.0,384450.1
1776254,IT,TR,PULP5,CERAM,0.01,3844.5,3,3,3844.5,0.0,0.0,0.0,0.0,384450.0
1654362,IT,CZ,ELEC8,TRAN1,0.05,3844.373,3,3,3844.373,0.0,0.0,0.0,0.0,76887.46
1655747,IT,DE,MEATC,RENTI,0.01,3844.254,3,3,3844.254,0.0,0.0,0.0,0.0,384425.4
1769234,IT,AU,RUBBE,URANI,0.01,3844.194,3,3,3844.194,0.0,0.0,0.0,0.0,384419.4
1747312,IT,JP,WHOLE,FINAN,0.03,3844.07,3,3,3844.07,0.0,0.0,0.0,0.0,128135.666667
1729841,IT,SE,MOTO1,WOODW,0.02,3843.887,3,3,3843.887,0.0,0.0,0.0,0.0,192194.35
1685416,IT,HU,WOODW,OILSE,0.01,3843.483,3,3,3843.483,0.0,0.0,0.0,0.0,384348.3
1734711,IT,SK,LEATH,BASIC,0.03,3843.178,3,3,3843.178,0.0,0.0,0.0,0.0,128105.933333
1679004,IT,GR,LEATH,MEMBE,0.03,3843.128,3,3,3843.128,0.0,0.0,0.0,0.0,128104.266667
1685291,IT,HU,TEXTI,FOOD3,0.02,3842.918,3,3,3842.918,0.0,0.0,0.0,0.0,192145.9
1687311,IT,HU,RETA1,OFFIC,0.04,3842.89,3,3,3842.89,0.0,0.0,0.0,0.0,96072.25
1735667,IT,SK,FABRI,MEAT4,0.02,3842.575,3,3,3842.575,0.0,0.0,0.0,0.0,192128.75
1676375,IT,FR,WHOLE,LIQUE,0.03,3842.509,3,3,3842.509,0.0,0.0,0.0,0.0,128083.633333
1678306,IT,FR,FOOD3,TEXT1,0.01,3842.501,3,3,3842.501,0.0,0.0,0.0,0.0,384250.1
1735753,IT,SK,MACHI,CROPS,0.02,3842.491,3,3,3842.491,0.0,0.0,0.0,0.0,192124.55
1757027,IT,KR,BUSIN,KERO1,0.04,3842.342,3,3,3842.342,0.0,0.0,0.0,0.0,96058.55
1662735,IT,DK,OFFIC,ALUM1,0.01,3842.138,3,3,3842.138,0.0,0.0,0.0,0.0,384213.8
1759363,IT,BR,FINAN,FURNI,0.05,3842.099,3,3,3842.099,0.0,0.0,0.0,0.0,76841.98
1813730,IT,WM,HOTEL,WEARI,0.03,3841.992,3,3,3841.992,0.0,0.0,0.0,0.0,128066.4
1672683,IT,FR,STONE,NONME,0.01,3841.981,3,3,3841.981,0.0,0.0,0.0,0.0,384198.1
1718545,IT,PL,WEARI,RUBBE,0.03,3841.899,3,3,3841.899,0.0,0.0,0.0,0.0,128063.3
1775481,IT,CH,PLAS1,RESEA,0.01,3841.757,3,3,3841.757,0.0,0.0,0.0,0.0,384175.7
1649198,IT,BG,PRINT,RESEA,0.04,3841.75,3,3,3841.75,0.0,0.0,0.0,0.0,96043.75
1739957,IT,GB,AUXIL,NUCLE,0.07,3841.692,3,3,3841.692,0.0,0.0,0.0,0.0,54881.314286
1793191,IT,WA,93197,AIRTR,0.03,3841.431,3,3,3841.431,0.0,0.0,0.0,0.0,128047.7
1796761,IT,WL,LANDT,LEAD1,0.02,3841.426,3,3,3841.426,0.0,0.0,0.0,0.0,192071.3
1710295,IT,LT,TRANS,RETA1,0.02,3840.782,3,3,3840.782,0.0,0.0,0.0,0.0,192039.1
1640176,IT,AT,VEGET,SUPPO,0.01,3840.512,3,3,3840.512,0.0,0.0,0.0,0.0,384051.2
1739874,IT,GB,FINAN,ELEC4,0.05,3840.426,3,3,3840.426,0.0,0.0,0.0,0.0,76808.52
1783567,IT,NO,SEWAG,CONST,0.03,3839.727,3,3,3839.727,0.0,0.0,0.0,0.0,127990.9
1798073,IT,WL,RECRE,WHOLE,0.05,3839.714,3,3,3839.714,0.0,0.0,0.0,0.0,76794.28
1720884,IT,PL,CONST,SUPPO,0.02,3839.687,3,3,3839.687,0.0,0.0,0.0,0.0,191984.35
1758752,IT,BR,WHOLE,POSTT,0.03,3839.473,3,3,3839.473,0.0,0.0,0.0,0.0,127982.433333
1806875,IT,WF,HOTEL,PRECI,0.03,3838.903,3,3,3838.903,0.0,0.0,0.0,0.0,127963.433333
1747223,IT,JP,SALEM,FABRI,0.03,3838.824,3,3,3838.824,0.0,0.0,0.0,0.0,127960.8
1747123,IT,JP,CONST,PIGS9,0.02,3838.691,3,3,3838.691,0.0,0.0,0.0,0.0,191934.55
1771219,IT,CH,VEGE1,TEXTI,0.01,3838.584,3,3,3838.584,0.0,0.0,0.0,0.0,383858.4
1644950,IT,BE,WOODW,NAPHT,0.01,3838.473,3,3,3838.473,0.0,0.0,0.0,0.0,383847.3
1726515,IT,RO,MACHI,ELEC4,0.02,3838.315,3,3,3838.315,0.0,0.0,0.0,0.0,191915.75
1787211,IT,WA,VEGET,POULT,0.01,3838.289,3,3,3838.289,0.0,0.0,0.0,0.0,383828.9
1725745,IT,RO,PRINT,NATUR,0.04,3838.127,3,3,3838.127,0.0,0.0,0.0,0.0,95953.175
1739787,IT,GB,POSTT,ELEC3,0.06,3838.112,3,3,3838.112,0.0,0.0,0.0,0.0,63968.533333
1752517,IT,CA,FOOD5,NAPHT,0.02,3838.01,3,3,3838.01,0.0,0.0,0.0,0.0,191900.5
1809129,IT,WM,CROPS,BLAST,0.03,3837.694,3,3,3837.694,0.0,0.0,0.0,0.0,127923.133333
1647502,IT,BE,SUPPO,WHITE,0.03,3837.589,3,3,3837.589,0.0,0.0,0.0,0.0,127919.633333
1781301,IT,NO,VEGE1,MEAT1,0.01,3837.554,3,3,3837.554,0.0,0.0,0.0,0.0,383755.4
1775232,IT,CH,BUSIN,WHEAT,0.04,3837.528,3,3,3837.528,0.0,0.0,0.0,0.0,95938.2
1792905,IT,WA,HEALT,GASDI,0.02,3837.432,3,3,3837.432,0.0,0.0,0.0,0.0,191871.6
1787884,IT,WA,BEVER,SANDC,0.02,3837.394,3,3,3837.394,0.0,0.0,0.0,0.0,191869.7
1786012,IT,ZA,GLASS,MACHI,0.01,3836.96,3,3,3836.96,0.0,0.0,0.0,0.0,383696.0
1760770,IT,IN,PRINT,MEDIC,0.04,3836.743,3,3,3836.743,0.0,0.0,0.0,0.0,95918.575
1735685,IT,SK,FABRI,CHEM1,0.02,3836.559,3,3,3836.559,0.0,0.0,0.0,0.0,191827.95
1726551,IT,RO,OFFIC,GLASS,0.01,3836.464,3,3,3836.464,0.0,0.0,0.0,0.0,383646.4
1751790,IT,CN,AUXIL,ELEC1,0.07,3836.432,3,3,3836.432,0.0,0.0,0.0,0.0,54806.171429
1792255,IT,WA,POSTT,BASIC,0.06,3836.38,3,3,3836.38,0.0,0.0,0.0,0.0,63939.666667
1781364,IT,NO,DAIRY,TRANS,0.02,3836.266,3,3,3836.266,0.0,0.0,0.0,0.0,191813.3
1813761,IT,WM,HOTEL,TRAN1,0.03,3836.21,3,3,3836.21,0.0,0.0,0.0,0.0,127873.666667
1654860,IT,CZ,POSTT,ELEC1,0.06,3836.156,3,3,3836.156,0.0,0.0,0.0,0.0,63935.933333
1661718,IT,DK,WEARI,PAPE1,0.03,3836.146,3,3,3836.146,0.0,0.0,0.0,0.0,127871.533333
1803557,IT,WF,DAIRY,MEAT1,0.02,3836.14,3,3,3836.14,0.0,0.0,0.0,0.0,191807.0
1646728,IT,BE,CONST,PULP5,0.02,3836.057,3,3,3836.057,0.0,0.0,0.0,0.0,191802.85
1801999,IT,WE,WHOLE,SUGA1,0.03,3835.811,3,3,3835.811,0.0,0.0,0.0,0.0,127860.366667
1758045,IT,BR,RUBBE,POSTT,0.01,3835.728,3,3,3835.728,0.0,0.0,0.0,0.0,383572.8
1735940,IT,SK,MOTO1,PRINT,0.02,3835.685,3,3,3835.685,0.0,0.0,0.0,0.0,191784.25
1765763,IT,RU,PRINT,INSUR,0.04,3835.573,3,3,3835.573,0.0,0.0,0.0,0.0,95889.325
1688935,IT,IE,FABRI,ALUM1,0.02,3835.563,3,3,3835.563,0.0,0.0,0.0,0.0,191778.15
1779889,IT,TR,PUBLI,MEMBE,0.06,3835.507,3,3,3835.507,0.0,0.0,0.0,0.0,63925.116667
1813840,IT,WM,LANDT,FORES,0.02,3835.068,3,3,3835.068,0.0,0.0,0.0,0.0,191753.4
1770844,IT,AU,BUSIN,WEARI,0.04,3834.572,3,3,3834.572,0.0,0.0,0.0,0.0,95864.3
1781214,IT,NO,VEGET,SUPPO,0.01,3834.554,3,3,3834.554,0.0,0.0,0.0,0.0,383455.4
1663599,IT,DK,BUSIN,SUGA1,0.04,3834.291,3,3,3834.291,0.0,0.0,0.0,0.0,95857.275
1768616,IT,AU,FISH5,VEGET,0.02,3834.139,4,4,3834.137,0.0,0.0,0.0,0.002,191706.95
1786630,IT,ZA,WHOLE,CEREA,0.03,3834.054,3,3,3834.054,0.0,0.0,0.0,0.0,127801.8
1730904,IT,SE,PLAS1,BUSIN,0.01,3833.618,3,3,3833.618,0.0,0.0,0.0,0.0,383361.8
1796373,IT,WL,WHOLE,SUGA1,0.03,3833.556,3,3,3833.556,0.0,0.0,0.0,0.0,127785.2
1806849,IT,WF,RETA1,INLAN,0.04,3833.525,3,3,3833.525,0.0,0.0,0.0,0.0,95838.125
1747116,IT,JP,FURNI,MEMBE,0.01,3833.176,3,3,3833.176,0.0,0.0,0.0,0.0,383317.6
1671098,IT,FI,RUBBE,WASTE,0.01,3832.747,3,3,3832.747,0.0,0.0,0.0,0.0,383274.7
1710360,IT,LT,HOTEL,PIGS9,0.03,3832.656,3,3,3832.656,0.0,0.0,0.0,0.0,127755.2
1716792,IT,NL,RETA1,SUPPO,0.04,3832.52,3,3,3832.52,0.0,0.0,0.0,0.0,95813.0
1792962,IT,WA,PLAS1,LANDT,0.01,3832.234,3,3,3832.234,0.0,0.0,0.0,0.0,383223.4
1684022,IT,HR,HOTEL,CATTL,0.03,3832.102,3,3,3832.102,0.0,0.0,0.0,0.0,127736.733333
1718178,IT,PL,DAIRY,WOODW,0.02,3832.078,3,3,3832.078,0.0,0.0,0.0,0.0,191603.9
1731499,IT,SI,BEVER,93197,0.02,3831.971,3,3,3831.971,0.0,0.0,0.0,0.0,191598.55
1734900,IT,SK,PAPER,MEMBE,0.01,3831.775,3,3,3831.775,0.0,0.0,0.0,0.0,383177.5
1739311,IT,GB,HOTEL,TRAN2,0.03,3831.51,3,3,3831.51,0.0,0.0,0.0,0.0,127717.0
1802262,IT,WE,LANDT,MOTOR,0.02,3831.232,3,3,3831.232,0.0,0.0,0.0,0.0,191561.6
1731076,IT,SI,VEGET,FINAN,0.01,3831.134,3,3,3831.134,0.0,0.0,0.0,0.0,383113.4
1797655,IT,WL,PAPE1,ELEC2,0.03,3831.101,3,3,3831.101,0.0,0.0,0.0,0.0,127703.366667
1668226,IT,ES,RETAI,DISTR,0.03,3830.756,3,3,3830.756,0.0,0.0,0.0,0.0,127691.866667
1652720,IT,CZ,PAPER,BIOGA,0.01,3830.325,3,3,3830.325,0.0,0.0,0.0,0.0,383032.5
1684637,IT,HR,PAPE4,SUGAR,0.03,3830.192,3,3,3830.192,0.0,0.0,0.0,0.0,127673.066667
1676285,IT,FR,SALEM,WOOD1,0.03,3830.108,3,3,3830.108,0.0,0.0,0.0,0.0,127670.266667
1756423,IT,KR,CONST,FOOD5,0.02,3830.075,3,3,3830.075,0.0,0.0,0.0,0.0,191503.75
1771186,IT,CH,MEAT4,SALEM,0.02,3829.828,3,3,3829.828,0.0,0.0,0.0,0.0,191491.4
1713056,IT,MT,MEAT4,RESEA,0.02,3829.642,3,3,3829.642,0.0,0.0,0.0,0.0,191482.1
1768872,IT,AU,WOODW,WOOLS,0.01,3829.479,3,3,3829.479,0.0,0.0,0.0,0.0,382947.9
1683959,IT,HR,WHOLE,WEARI,0.03,3829.47,3,3,3829.47,0.0,0.0,0.0,0.0,127649.0
1640936,IT,AT,WOODW,NATU1,0.01,3829.317,3,3,3829.317,0.0,0.0,0.0,0.0,382931.7
1781237,IT,NO,CROPS,HOTEL,0.03,3829.283,3,3,3829.283,0.0,0.0,0.0,0.0,127642.766667
1760094,IT,BR,OILHA,MEMBE,0.02,3829.045,3,3,3829.045,0.0,0.0,0.0,0.0,191452.25
1797820,IT,WL,FOOD2,MEATP,0.02,3829.035,3,3,3829.035,0.0,0.0,0.0,0.0,191451.75
1710104,IT,LT,FABRI,POSTT,0.02,3828.977,3,3,3828.977,0.0,0.0,0.0,0.0,191448.85
1731625,IT,SI,LEATH,PULP5,0.03,3828.872,3,3,3828.872,0.0,0.0,0.0,0.0,127629.066667
1718197,IT,PL,DAIRY,AUXIL,0.02,3828.859,3,3,3828.859,0.0,0.0,0.0,0.0,191442.95
1710830,IT,LU,PAPER,RETAI,0.01,3828.853,3,3,3828.853,0.0,0.0,0.0,0.0,382885.3
1748045,IT,JP,BUSIN,PREC1,0.04,3828.75,3,3,3828.75,0.0,0.0,0.0,0.0,95718.75
1672914,IT,FR,VEGE1,PAPE1,0.01,3828.742,3,3,3828.742,0.0,0.0,0.0,0.0,382874.2
1689517,IT,IE,LANDT,BUSIN,0.02,3828.569,3,3,3828.569,0.0,0.0,0.0,0.0,191428.45
1640436,IT,AT,VEGE1,NONME,0.01,3828.477,3,3,3828.477,0.0,0.0,0.0,0.0,382847.7
1718674,IT,PL,WOODW,BIODI,0.01,3828.401,3,3,3828.401,0.0,0.0,0.0,0.0,382840.1
1769333,IT,AU,GLASS,NONME,0.01,3828.279,3,3,3828.279,0.0,0.0,0.0,0.0,382827.9
1759290,IT,BR,POSTT,DISTR,0.06,3828.215,3,3,3828.215,0.0,0.0,0.0,0.0,63803.583333
1740377,IT,GB,HEALT,TEXTI,0.02,3828.212,3,3,3828.212,0.0,0.0,0.0,0.0,191410.6
1670343,IT,FI,VEGE1,PAPER,0.01,3827.906,3,3,3827.906,0.0,0.0,0.0,0.0,382790.6
1726150,IT,RO,GLASS,CRUDE,0.01,3827.563,3,3,3827.563,0.0,0.0,0.0,0.0,382756.3
1689823,IT,IE,INSUR,ELEC2,0.08,3827.25,3,3,3827.25,0.0,0.0,0.0,0.0,47840.625
1674559,IT,FR,RUBBE,PREC1,0.01,3827.033,3,3,3827.033,0.0,0.0,0.0,0.0,382703.3
1748315,IT,JP,93197,BUSIN,0.03,3827.02,3,3,3827.02,0.0,0.0,0.0,0.0,127567.333333
1806455,IT,WF,TRANS,GASDI,0.02,3826.918,3,3,3826.918,0.0,0.0,0.0,0.0,191345.9
1717084,IT,NL,LANDT,WOOD1,0.02,3826.864,3,3,3826.864,0.0,0.0,0.0,0.0,191343.2
1804002,IT,WF,LEATH,COMPU,0.03,3826.834,3,3,3826.834,0.0,0.0,0.0,0.0,127561.133333
1724591,IT,PT,FINAN,PAPER,0.05,3826.734,3,3,3826.734,0.0,0.0,0.0,0.0,76534.68
1643214,IT,AT,HOTEL,NAPHT,0.03,3826.613,3,3,3826.613,0.0,0.0,0.0,0.0,127553.766667
1814685,IT,WM,PLAS1,SEACO,0.01,3826.607,3,3,3826.607,0.0,0.0,0.0,0.0,382660.7
1644296,IT,BE,FORES,RUBBE,0.03,3826.502,4,4,3825.502,0.0,1.0,0.0,0.0,127550.066667
1734084,IT,SI,INSUR,OFFIC,0.08,3826.303,3,3,3826.303,0.0,0.0,0.0,0.0,47828.7875
1797298,IT,WL,AUXIL,FISH5,0.07,3826.234,3,3,3826.234,0.0,0.0,0.0,0.0,54660.485714
1773267,IT,CH,FABRI,WOOD1,0.02,3826.109,3,3,3826.109,0.0,0.0,0.0,0.0,191305.45
1663183,IT,DK,LANDT,BIOG1,0.02,3825.817,3,3,3825.817,0.0,0.0,0.0,0.0,191290.85
1739105,IT,GB,WHOLE,BRICK,0.03,3825.814,3,3,3825.814,0.0,0.0,0.0,0.0,127527.133333
1753649,IT,CA,OFFIC,REALE,0.01,3825.727,3,3,3825.727,0.0,0.0,0.0,0.0,382572.7
1811873,IT,WM,RUBBE,REFI1,0.01,3825.697,3,3,3825.697,0.0,0.0,0.0,0.0,382569.7
1802030,IT,WE,WHOLE,ELECT,0.03,3825.447,3,3,3825.447,0.0,0.0,0.0,0.0,127514.9
1660305,IT,DE,POSTT,PLAS1,0.06,3825.309,3,3,3825.309,0.0,0.0,0.0,0.0,63755.15
1781373,IT,NO,DAIRY,SUPPO,0.02,3825.115,3,3,3825.115,0.0,0.0,0.0,0.0,191255.75
1775484,IT,CH,PLAS1,EDUCA,0.01,3825.025,3,3,3825.025,0.0,0.0,0.0,0.0,382502.5
1670509,IT,FI,BEVER,RETA1,0.02,3824.952,3,3,3824.952,0.0,0.0,0.0,0.0,191247.6
1659817,IT,DE,LANDT,LIQUI,0.02,3824.903,3,3,3824.903,0.0,0.0,0.0,0.0,191245.15
1675583,IT,FR,MOTO1,BRICK,0.02,3824.589,3,3,3824.589,0.0,0.0,0.0,0.0,191229.45
1789682,IT,WA,RUBBE,RETAI,0.01,3824.559,3,3,3824.559,0.0,0.0,0.0,0.0,382455.9
1776010,IT,TR,TEXTI,VEGE1,0.02,3824.427,3,3,3824.427,0.0,0.0,0.0,0.0,191221.35
1757146,IT,BR,STONE,WHOLE,0.01,3824.328,3,3,3824.328,0.0,0.0,0.0,0.0,382432.8
1727979,IT,SE,FORES,PLAS1,0.03,3823.872,4,4,3822.872,0.0,1.0,0.0,0.0,127462.4
1781365,IT,NO,DAIRY,FURNI,0.02,3823.795,3,3,3823.795,0.0,0.0,0.0,0.0,191189.75
1787229,IT,WA,VEGET,MEAT4,0.01,3823.793,3,3,3823.793,0.0,0.0,0.0,0.0,382379.3
1764379,IT,MX,MOTO1,NONF1,0.02,3823.648,3,3,3823.648,0.0,0.0,0.0,0.0,191182.4
1763377,IT,MX,PRINT,TRANS,0.04,3823.558,3,3,3823.558,0.0,0.0,0.0,0.0,95588.95
1765382,IT,RU,BEVER,RENTI,0.02,3823.443,3,3,3823.443,0.0,0.0,0.0,0.0,191172.15
1661041,IT,DE,BUSIN,PAPE4,0.04,3823.377,3,3,3823.377,0.0,0.0,0.0,0.0,95584.425
1760028,IT,BR,TEXT1,PAPE4,0.03,3823.244,3,3,3823.244,0.0,0.0,0.0,0.0,127441.466667
1768338,IT,AU,MEATP,CONST,0.02,3823.189,3,3,3823.189,0.0,0.0,0.0,0.0,191159.45
1797508,IT,WL,BUSIN,HEAVY,0.04,3822.832,3,3,3822.832,0.0,0.0,0.0,0.0,95570.8
1806682,IT,WF,WHOLE,SANDC,0.03,3822.687,3,3,3822.687,0.0,0.0,0.0,0.0,127422.9
1718421,IT,PL,BEVER,WASTE,0.02,3822.61,3,3,3822.61,0.0,0.0,0.0,0.0,191130.5
1716981,IT,NL,LANDT,SANDC,0.02,3822.509,3,3,3822.509,0.0,0.0,0.0,0.0,191125.45
1775908,IT,TR,FOOD5,VEGET,0.02,3822.326,3,3,3822.326,0.0,0.0,0.0,0.0,191116.3
1808716,IT,WF,TEXT2,MEAT4,0.03,3822.19,3,3,3822.19,0.0,0.0,0.0,0.0,127406.333333
1785905,IT,ZA,RUBBE,MEATA,0.01,3822.175,3,3,3822.175,0.0,0.0,0.0,0.0,382217.5
1736380,IT,SK,LANDT,MEATC,0.02,3821.272,3,3,3821.272,0.0,0.0,0.0,0.0,191063.6
1764947,IT,MX,POSTT,CHEM1,0.06,3821.204,3,3,3821.204,0.0,0.0,0.0,0.0,63686.733333
1767709,IT,RU,FINAN,COPP1,0.05,3821.131,3,3,3821.131,0.0,0.0,0.0,0.0,76422.62
1663821,IT,EE,FISH5,BUSIN,0.02,3821.004,4,4,3821.002,0.0,0.0,0.0,0.002,191050.2
1735155,IT,SK,RUBBE,CHEMI,0.01,3820.687,3,3,3820.687,0.0,0.0,0.0,0.0,382068.7
1668518,IT,ES,HOTEL,PFERT,0.03,3820.598,3,3,3820.598,0.0,0.0,0.0,0.0,127353.266667
1751290,IT,CN,RAILW,PLAST,0.03,3820.435,3,3,3820.435,0.0,0.0,0.0,0.0,127347.833333
1744957,IT,US,BUSIN,INLAN,0.04,3820.432,3,3,3820.432,0.0,0.0,0.0,0.0,95510.8
1767927,IT,RU,RENTI,RETA1,0.02,3820.429,3,3,3820.429,0.0,0.0,0.0,0.0,191021.45
1740673,IT,US,STONE,COMPU,0.01,3820.412,3,3,3820.412,0.0,0.0,0.0,0.0,382041.2
1672578,IT,FR,CROPS,MEATP,0.03,3820.158,3,3,3820.158,0.0,0.0,0.0,0.0,127338.6
1716705,IT,NL,WHOLE,LANDT,0.03,3819.915,3,3,3819.915,0.0,0.0,0.0,0.0,127330.5
1714959,IT,NL,FISH5,FISH5,0.02,3819.872,4,4,3819.87,0.0,0.0,0.0,0.002,190993.6
1718081,IT,PL,MEAT4,DAIRY,0.02,3819.832,3,3,3819.832,0.0,0.0,0.0,0.0,190991.6
1775052,IT,CH,RENTI,PFERT,0.02,3819.807,3,3,3819.807,0.0,0.0,0.0,0.0,190990.35
1662181,IT,DK,RUBBE,FINAN,0.01,3819.781,3,3,3819.781,0.0,0.0,0.0,0.0,381978.1
1654907,IT,CZ,INSUR,POULT,0.08,3819.489,3,3,3819.489,0.0,0.0,0.0,0.0,47743.6125
1733924,IT,SI,SUPPO,SANDC,0.03,3819.448,3,3,3819.448,0.0,0.0,0.0,0.0,127314.933333
1643935,IT,AT,COMPU,PAPER,0.04,3819.375,3,3,3819.375,0.0,0.0,0.0,0.0,95484.375
1768644,IT,AU,TEXTI,RAWMI,0.02,3819.215,3,3,3819.215,0.0,0.0,0.0,0.0,190960.75
1785108,IT,ZA,MEAT4,RENTI,0.02,3819.005,3,3,3819.005,0.0,0.0,0.0,0.0,190950.25
1754597,IT,KR,CROPS,RESEA,0.03,3818.817,3,3,3818.817,0.0,0.0,0.0,0.0,127293.9
1759218,IT,BR,SUPPO,BUSIN,0.03,3818.586,3,3,3818.586,0.0,0.0,0.0,0.0,127286.2
1783669,IT,NO,WASTE,FABRI,0.01,3818.309,3,3,3818.309,0.0,0.0,0.0,0.0,381830.9
1756491,IT,KR,SALEM,AIRTR,0.03,3818.178,3,3,3818.178,0.0,0.0,0.0,0.0,127272.6
1646528,IT,BE,MACHI,PAPE4,0.02,3818.145,3,3,3818.145,0.0,0.0,0.0,0.0,190907.25
1687713,IT,HU,SUPPO,MEAT1,0.03,3818.1,3,3,3818.1,0.0,0.0,0.0,0.0,127270.0
1669116,IT,ES,POSTT,CROPS,0.06,3818.037,3,3,3818.037,0.0,0.0,0.0,0.0,63633.95
1687827,IT,HU,POSTT,MEMBE,0.06,3818.011,3,3,3818.011,0.0,0.0,0.0,0.0,63633.516667
1734800,IT,SK,WOODW,HEALT,0.01,3817.851,3,3,3817.851,0.0,0.0,0.0,0.0,381785.1
1684667,IT,HR,INERT,FOOD4,0.03,3817.767,3,3,3817.767,0.0,0.0,0.0,0.0,127258.9
1768919,IT,AU,WOODW,WASTE,0.01,3817.646,3,3,3817.646,0.0,0.0,0.0,0.0,381764.6
1733800,IT,SI,LANDT,AIRTR,0.02,3817.599,3,3,3817.599,0.0,0.0,0.0,0.0,190879.95
1725218,IT,RO,FOOD5,FORES,0.02,3817.595,3,3,3817.595,0.0,0.0,0.0,0.0,190879.75
1746921,IT,JP,MOTO1,LUBRI,0.02,3817.582,3,3,3817.582,0.0,0.0,0.0,0.0,190879.1
1710048,IT,LT,FABRI,OILSE,0.02,3817.512,3,3,3817.512,0.0,0.0,0.0,0.0,190875.6
1644928,IT,BE,LEATH,RECRE,0.03,3817.399,3,3,3817.399,0.0,0.0,0.0,0.0,127246.633333
1784566,IT,ID,MACHI,LEADZ,0.02,3817.29,3,3,3817.29,0.0,0.0,0.0,0.0,190864.5
1752592,IT,CA,FISH5,MEMBE,0.02,3817.178,4,4,3817.176,0.0,0.0,0.0,0.002,190858.9
1670587,IT,FI,TEXTI,OILHA,0.02,3816.761,3,3,3816.761,0.0,0.0,0.0,0.0,190838.05
1741099,IT,US,TEXTI,WASTE,0.02,3816.608,3,3,3816.608,0.0,0.0,0.0,0.0,190830.4
1663097,IT,DK,RAILW,MOTO1,0.03,3816.587,3,3,3816.587,0.0,0.0,0.0,0.0,127219.566667
1651095,IT,BG,INSUR,BUSIN,0.08,3816.457,3,3,3816.457,0.0,0.0,0.0,0.0,47705.7125
1775118,IT,CH,COMPU,TRANS,0.04,3816.281,3,3,3816.281,0.0,0.0,0.0,0.0,95407.025
1745184,IT,JP,CROPS,POULT,0.03,3816.124,3,3,3816.124,0.0,0.0,0.0,0.0,127204.133333
1759872,IT,BR,PAPE1,FORES,0.03,3815.54,3,3,3815.54,0.0,0.0,0.0,0.0,127184.666667
1737686,IT,GB,PRINT,POSTT,0.04,3815.387,3,3,3815.387,0.0,0.0,0.0,0.0,95384.675
1646905,IT,BE,WHOLE,CERAM,0.03,3815.275,3,3,3815.275,0.0,0.0,0.0,0.0,127175.833333
1709512,IT,LT,LEATH,WEARI,0.03,3815.028,3,3,3815.028,0.0,0.0,0.0,0.0,127167.6
1803203,IT,WF,CROPS,NONME,0.03,3814.857,3,3,3814.857,0.0,0.0,0.0,0.0,127161.9
1650601,IT,BG,ELEC8,CONST,0.05,3814.801,3,3,3814.801,0.0,0.0,0.0,0.0,76296.02
1730702,IT,SE,COMPU,DISTR,0.04,3814.337,3,3,3814.337,0.0,0.0,0.0,0.0,95358.425
1734517,IT,SK,DAIRY,CATTL,0.02,3814.309,3,3,3814.309,0.0,0.0,0.0,0.0,190715.45
1763240,IT,MX,WOODW,TRAN1,0.01,3814.025,3,3,3814.025,0.0,0.0,0.0,0.0,381402.5
1643505,IT,AT,LANDT,INERT,0.02,3814.009,3,3,3814.009,0.0,0.0,0.0,0.0,190700.45
1670138,IT,ES,INERT,RETA1,0.03,3813.668,3,3,3813.668,0.0,0.0,0.0,0.0,127122.266667
1722833,IT,PT,PAPER,FOOD4,0.01,3813.609,3,3,3813.609,0.0,0.0,0.0,0.0,381360.9
1714865,IT,NL,FOOD5,SEWAG,0.02,3813.607,3,3,3813.607,0.0,0.0,0.0,0.0,190680.35
1663611,IT,DK,BUSIN,KEROS,0.04,3813.279,3,3,3813.279,0.0,0.0,0.0,0.0,95331.975
1680215,IT,GR,TRANS,NAPHT,0.02,3813.188,3,3,3813.188,0.0,0.0,0.0,0.0,190659.4
1787085,IT,ZA,BUSIN,PAPER,0.04,3813.097,3,3,3813.097,0.0,0.0,0.0,0.0,95327.425
1641020,IT,AT,PULP5,CHEM1,0.01,3813.0,3,3,3813.0,0.0,0.0,0.0,0.0,381300.0
1760075,IT,BR,OILHA,LANDT,0.02,3812.981,3,3,3812.981,0.0,0.0,0.0,0.0,190649.05
1685386,IT,HU,LEATH,ELEC1,0.03,3812.89,3,3,3812.89,0.0,0.0,0.0,0.0,127096.333333
1711145,IT,LU,FABRI,CEMEN,0.02,3812.853,3,3,3812.853,0.0,0.0,0.0,0.0,190642.65
1667849,IT,ES,OFFIC,TEXT1,0.01,3812.768,3,3,3812.768,0.0,0.0,0.0,0.0,381276.8
1731458,IT,SI,BEVER,WEARI,0.02,3812.484,3,3,3812.484,0.0,0.0,0.0,0.0,190624.2
1710801,IT,LU,PULP5,RETAI,0.01,3812.332,3,3,3812.332,0.0,0.0,0.0,0.0,381233.2
1666830,IT,ES,GLASS,CEREA,0.01,3812.134,3,3,3812.134,0.0,0.0,0.0,0.0,381213.4
1661413,IT,DK,VEGE1,DIST1,0.01,3812.041,3,3,3812.041,0.0,0.0,0.0,0.0,381204.1
1678165,IT,FR,INTER,FOOD5,0.02,3811.928,3,3,3811.928,0.0,0.0,0.0,0.0,190596.4
1769263,IT,AU,RUBBE,BIOGA,0.01,3811.62,3,3,3811.62,0.0,0.0,0.0,0.0,381162.0
1736461,IT,SK,LANDT,INTER,0.02,3811.532,3,3,3811.532,0.0,0.0,0.0,0.0,190576.6
1808017,IT,WF,INTER,CHEMI,0.02,3811.474,3,3,3811.474,0.0,0.0,0.0,0.0,190573.7
1767459,IT,RU,LANDT,MEMBE,0.02,3811.449,3,3,3811.449,0.0,0.0,0.0,0.0,190572.45
1652355,IT,CZ,FISH5,CHEM1,0.02,3811.398,4,4,3811.396,0.0,0.0,0.0,0.002,190569.9
1640375,IT,AT,MEATP,RETA1,0.02,3811.194,3,3,3811.194,0.0,0.0,0.0,0.0,190559.7
1677190,IT,FR,POSTT,DISTR,0.06,3811.048,3,3,3811.048,0.0,0.0,0.0,0.0,63517.466667
1737373,IT,GB,FISH5,RETA1,0.02,3810.941,4,4,3810.939,0.0,0.0,0.0,0.002,190547.05
1684104,IT,HR,HOTEL,FOOD3,0.03,3810.737,3,3,3810.737,0.0,0.0,0.0,0.0,127024.566667
1650774,IT,BG,RAILW,BIODI,0.03,3810.726,3,3,3810.726,0.0,0.0,0.0,0.0,127024.2
1778546,IT,TR,RETA1,MACHI,0.04,3810.596,3,3,3810.596,0.0,0.0,0.0,0.0,95264.9
1677053,IT,FR,SUPPO,PFERT,0.03,3810.495,3,3,3810.495,0.0,0.0,0.0,0.0,127016.5
1659895,IT,DE,LANDT,FOOD4,0.02,3810.19,3,3,3810.19,0.0,0.0,0.0,0.0,190509.5
1730014,IT,SE,RETAI,INSUR,0.03,3809.982,3,3,3809.982,0.0,0.0,0.0,0.0,126999.4
1717550,IT,NL,RENTI,RENTI,0.02,3809.735,3,3,3809.735,0.0,0.0,0.0,0.0,190486.75
1721528,IT,PL,SUPPO,PREC1,0.03,3809.688,3,3,3809.688,0.0,0.0,0.0,0.0,126989.6
1675573,IT,FR,MOTO1,NAPHT,0.02,3809.541,3,3,3809.541,0.0,0.0,0.0,0.0,190477.05
1778720,IT,TR,RAILW,MACHI,0.03,3809.526,3,3,3809.526,0.0,0.0,0.0,0.0,126984.2
1737409,IT,GB,TEXTI,INSUR,0.02,3809.22,3,3,3809.22,0.0,0.0,0.0,0.0,190461.0
1765017,IT,MX,INSUR,WEARI,0.08,3809.216,3,3,3809.216,0.0,0.0,0.0,0.0,47615.2
1734408,IT,SK,VEGET,PETRO,0.01,3809.139,3,3,3809.139,0.0,0.0,0.0,0.0,380913.9
1807755,IT,WF,PUBLI,PLAST,0.06,3808.246,3,3,3808.246,0.0,0.0,0.0,0.0,63470.766667
1814741,IT,WM,OILHA,RESEA,0.02,3807.993,3,3,3807.993,0.0,0.0,0.0,0.0,190399.65
1724006,IT,PT,RETAI,TEXTI,0.03,3807.894,3,3,3807.894,0.0,0.0,0.0,0.0,126929.8
1806317,IT,WF,OFFIC,MEAT4,0.01,3807.851,3,3,3807.851,0.0,0.0,0.0,0.0,380785.1
1724870,IT,PT,BUSIN,PFERT,0.04,3807.732,3,3,3807.732,0.0,0.0,0.0,0.0,95193.3
1681823,IT,HR,VEGE1,PIGS9,0.01,3807.641,3,3,3807.641,0.0,0.0,0.0,0.0,380764.1
1726471,IT,RO,FABRI,ELEC6,0.02,3807.62,3,3,3807.62,0.0,0.0,0.0,0.0,190381.0
1727047,IT,RO,RAILW,LEAD1,0.03,3807.448,3,3,3807.448,0.0,0.0,0.0,0.0,126914.933333
1786714,IT,ZA,RETA1,MOTOR,0.04,3807.276,3,3,3807.276,0.0,0.0,0.0,0.0,95181.9
1806518,IT,WF,FURNI,PADDY,0.01,3807.201,3,3,3807.201,0.0,0.0,0.0,0.0,380720.1
1806775,IT,WF,RETA1,ANIMA,0.04,3807.111,3,3,3807.111,0.0,0.0,0.0,0.0,95177.775
1677244,IT,FR,FINAN,CROPS,0.05,3806.971,3,3,3806.971,0.0,0.0,0.0,0.0,76139.42
1814449,IT,WM,COMPU,LIQUE,0.04,3806.904,3,3,3806.904,0.0,0.0,0.0,0.0,95172.6
1784181,IT,ID,PAPER,SEACO,0.01,3806.781,3,3,3806.781,0.0,0.0,0.0,0.0,380678.1
1644391,IT,BE,MEATC,COMPU,0.01,3806.548,3,3,3806.548,0.0,0.0,0.0,0.0,380654.8
1650881,IT,BG,LANDT,EDUCA,0.02,3806.387,3,3,3806.387,0.0,0.0,0.0,0.0,190319.35
1738872,IT,GB,TRANS,FINAN,0.02,3806.319,3,3,3806.319,0.0,0.0,0.0,0.0,190315.95
1730938,IT,SE,INTER,SUPPO,0.02,3806.269,3,3,3806.269,0.0,0.0,0.0,0.0,190313.45
1710231,IT,LT,OFFIC,FINAN,0.01,3806.116,3,3,3806.116,0.0,0.0,0.0,0.0,380611.6
1775350,IT,CH,BUSIN,WOOD2,0.04,3805.972,3,3,3805.972,0.0,0.0,0.0,0.0,95149.3
1714581,IT,NL,STONE,FABRI,0.01,3805.947,3,3,3805.947,0.0,0.0,0.0,0.0,380594.7
1763190,IT,MX,LEATH,LANDT,0.03,3805.896,3,3,3805.896,0.0,0.0,0.0,0.0,126863.2
1723730,IT,PT,MACHI,SEACO,0.02,3805.797,3,3,3805.797,0.0,0.0,0.0,0.0,190289.85
1646958,IT,BE,WHOLE,FOOD1,0.03,3805.607,3,3,3805.607,0.0,0.0,0.0,0.0,126853.566667
1758744,IT,BR,WHOLE,TRANS,0.03,3805.528,3,3,3805.528,0.0,0.0,0.0,0.0,126850.933333
1791710,IT,WA,RAILW,VEGET,0.03,3805.242,3,3,3805.242,0.0,0.0,0.0,0.0,126841.4
1760418,IT,IN,FOOD5,MEATA,0.02,3805.076,3,3,3805.076,0.0,0.0,0.0,0.0,190253.8
1685287,IT,HU,TEXTI,INTER,0.02,3804.974,3,3,3804.974,0.0,0.0,0.0,0.0,190248.7
1792994,IT,WA,FOOD2,VEGE1,0.02,3804.748,3,3,3804.748,0.0,0.0,0.0,0.0,190237.4
1770848,IT,AU,BUSIN,MOTOR,0.04,3804.702,3,3,3804.702,0.0,0.0,0.0,0.0,95117.55
1785191,IT,ZA,FOOD5,FOOD3,0.02,3804.654,3,3,3804.654,0.0,0.0,0.0,0.0,190232.7
1709293,IT,LT,VEGET,MEATC,0.01,3804.569,3,3,3804.569,0.0,0.0,0.0,0.0,380456.9
1739001,IT,GB,SALEM,DIST1,0.03,3804.387,3,3,3804.387,0.0,0.0,0.0,0.0,126812.9
1780589,IT,TW,INSUR,TOBAC,0.08,3804.36,3,3,3804.36,0.0,0.0,0.0,0.0,47554.5
1766952,IT,RU,MOTO1,CEMEN,0.02,3804.313,3,3,3804.313,0.0,0.0,0.0,0.0,190215.65
1671621,IT,FI,FURNI,TRAN1,0.01,3804.261,3,3,3804.261,0.0,0.0,0.0,0.0,380426.1
1710755,IT,LU,FISH5,RETAI,0.02,3804.178,4,4,3804.176,0.0,0.0,0.0,0.002,190208.9
1737469,IT,GB,LEATH,RETAI,0.03,3804.009,3,3,3804.009,0.0,0.0,0.0,0.0,126800.3
1775984,IT,TR,BEVER,RECRE,0.02,3803.919,3,3,3803.919,0.0,0.0,0.0,0.0,190195.95
1754685,IT,KR,VEGE1,FISHF,0.01,3803.891,3,3,3803.891,0.0,0.0,0.0,0.0,380389.1
1709489,IT,LT,WEARI,NONSP,0.03,3803.815,3,3,3803.815,0.0,0.0,0.0,0.0,126793.833333
1786488,IT,ZA,MOTO1,SEACO,0.02,3803.329,3,3,3803.329,0.0,0.0,0.0,0.0,190166.45
1665041,IT,ES,MEATC,POSTT,0.01,3803.172,3,3,3803.172,0.0,0.0,0.0,0.0,380317.2
1776223,IT,TR,WOODW,ELEC7,0.01,3803.047,3,3,3803.047,0.0,0.0,0.0,0.0,380304.7
1669068,IT,ES,SUPPO,ELEC2,0.03,3802.746,3,3,3802.746,0.0,0.0,0.0,0.0,126758.2
1656463,IT,DE,PAPER,SUGAR,0.01,3802.706,3,3,3802.706,0.0,0.0,0.0,0.0,380270.6
1650768,IT,BG,RAILW,KEROS,0.03,3802.563,3,3,3802.563,0.0,0.0,0.0,0.0,126752.1
1801928,IT,WE,SALEM,WEARI,0.03,3802.561,3,3,3802.561,0.0,0.0,0.0,0.0,126752.033333
1779164,IT,TR,POSTT,LEATH,0.06,3802.272,3,3,3802.272,0.0,0.0,0.0,0.0,63371.2
1764922,IT,MX,SUPPO,RUBBE,0.03,3802.189,3,3,3802.189,0.0,0.0,0.0,0.0,126739.633333
1797753,IT,WL,INTER,HEALT,0.02,3802.179,3,3,3802.179,0.0,0.0,0.0,0.0,190108.95
1744204,IT,US,POSTT,TEXTI,0.06,3801.98,3,3,3801.98,0.0,0.0,0.0,0.0,63366.333333
1648228,IT,BE,BUSIN,COLLE,0.04,3801.789,3,3,3801.789,0.0,0.0,0.0,0.0,95044.725
1664815,IT,ES,VEGET,HEALT,0.01,3801.757,3,3,3801.757,0.0,0.0,0.0,0.0,380175.7
1799585,IT,WE,PRINT,PRIVA,0.04,3801.671,3,3,3801.671,0.0,0.0,0.0,0.0,95041.775
1779535,IT,TR,COMPU,BITUM,0.04,3801.58,3,3,3801.58,0.0,0.0,0.0,0.0,95039.5
1712733,IT,LV,RAILW,WHOLE,0.03,3801.539,3,3,3801.539,0.0,0.0,0.0,0.0,126717.966667
1687042,IT,HU,MOTO1,RAWMI,0.02,3801.364,3,3,3801.364,0.0,0.0,0.0,0.0,190068.2
1764560,IT,MX,WHOLE,DAIRY,0.03,3801.343,3,3,3801.343,0.0,0.0,0.0,0.0,126711.433333
1670353,IT,FI,VEGE1,RENTI,0.01,3800.955,3,3,3800.955,0.0,0.0,0.0,0.0,380095.5
1760083,IT,BR,OILHA,COMPU,0.02,3800.746,3,3,3800.746,0.0,0.0,0.0,0.0,190037.3
1688222,IT,HU,93197,RETA1,0.03,3800.742,3,3,3800.742,0.0,0.0,0.0,0.0,126691.4
1745589,IT,JP,FISH5,SEACO,0.02,3800.616,4,4,3800.614,0.0,0.0,0.0,0.002,190030.8
1712964,IT,MT,POULT,BUSIN,0.01,3800.489,3,3,3800.489,0.0,0.0,0.0,0.0,380048.9
1689028,IT,IE,OFFIC,PRINT,0.01,3800.484,3,3,3800.484,0.0,0.0,0.0,0.0,380048.4
1726892,IT,RO,RETA1,SUPPO,0.04,3800.318,3,3,3800.318,0.0,0.0,0.0,0.0,95007.95
1725632,IT,RO,PULP5,SUGA1,0.01,3799.934,3,3,3799.934,0.0,0.0,0.0,0.0,379993.4
1713932,IT,MT,CONST,FURNI,0.02,3799.787,3,3,3799.787,0.0,0.0,0.0,0.0,189989.35
1747724,IT,JP,FINAN,FURNI,0.05,3799.593,3,3,3799.593,0.0,0.0,0.0,0.0,75991.86
1721878,IT,PL,RENTI,PIGS9,0.02,3799.501,3,3,3799.501,0.0,0.0,0.0,0.0,189975.05
1792662,IT,WA,RESEA,FABRI,0.02,3799.451,3,3,3799.451,0.0,0.0,0.0,0.0,189972.55
1730902,IT,SE,PLAS1,RETA1,0.01,3798.961,3,3,3798.961,0.0,0.0,0.0,0.0,379896.1
1748727,IT,CN,BEVER,RUBBE,0.02,3798.852,3,3,3798.852,0.0,0.0,0.0,0.0,189942.6
1683918,IT,HR,FURNI,DISTR,0.01,3798.846,3,3,3798.846,0.0,0.0,0.0,0.0,379884.6
1645782,IT,BE,RUBBE,STEAM,0.01,3798.839,3,3,3798.839,0.0,0.0,0.0,0.0,379883.9
1751639,IT,CN,FINAN,MACHI,0.05,3798.759,3,3,3798.759,0.0,0.0,0.0,0.0,75975.18
1645854,IT,BE,GLASS,REFI1,0.01,3798.612,3,3,3798.612,0.0,0.0,0.0,0.0,379861.2
1647964,IT,BE,RENTI,ELECT,0.02,3798.592,3,3,3798.592,0.0,0.0,0.0,0.0,189929.6
1678699,IT,GR,VEGE1,RENTI,0.01,3798.557,3,3,3798.557,0.0,0.0,0.0,0.0,379855.7
1688406,IT,IE,BEVER,NATUR,0.02,3798.352,3,3,3798.352,0.0,0.0,0.0,0.0,189917.6
1765062,IT,MX,INSUR,SUPPO,0.08,3798.223,3,3,3798.223,0.0,0.0,0.0,0.0,47477.7875
1739353,IT,GB,RAILW,LIQUE,0.03,3798.14,3,3,3798.14,0.0,0.0,0.0,0.0,126604.666667
1758650,IT,BR,FURNI,RUBBE,0.01,3798.136,3,3,3798.136,0.0,0.0,0.0,0.0,379813.6
1651954,IT,CY,BUSIN,SALEM,0.04,3797.811,3,3,3797.811,0.0,0.0,0.0,0.0,94945.275
1807944,IT,WF,PLAS1,NAPHT,0.01,3797.637,3,3,3797.637,0.0,0.0,0.0,0.0,379763.7
1711379,IT,LU,RETA1,FABRI,0.04,3797.628,3,3,3797.628,0.0,0.0,0.0,0.0,94940.7
1798751,IT,WE,FOOD5,FORES,0.02,3797.573,3,3,3797.573,0.0,0.0,0.0,0.0,189878.65
1731645,IT,SI,LEATH,PUBLI,0.03,3797.547,3,3,3797.547,0.0,0.0,0.0,0.0,126584.9
1766110,IT,RU,RUBBE,LUBRI,0.01,3797.345,3,3,3797.345,0.0,0.0,0.0,0.0,379734.5
1643028,IT,AT,CONST,SALEM,0.02,3797.14,3,3,3797.14,0.0,0.0,0.0,0.0,189857.0
1802228,IT,WE,RAILW,HOTEL,0.03,3796.976,3,3,3796.976,0.0,0.0,0.0,0.0,126565.866667
1670477,IT,FI,BEVER,TEXTI,0.02,3796.862,3,3,3796.862,0.0,0.0,0.0,0.0,189843.1
1661717,IT,DK,WEARI,FOODW,0.03,3796.773,3,3,3796.773,0.0,0.0,0.0,0.0,126559.1
1797908,IT,WL,WASTE,AUXIL,0.01,3796.748,3,3,3796.748,0.0,0.0,0.0,0.0,379674.8
1679569,IT,GR,RUBBE,GLASS,0.01,3796.639,3,3,3796.639,0.0,0.0,0.0,0.0,379663.9
1803550,IT,WF,DAIRY,IRONO,0.02,3796.591,3,3,3796.591,0.0,0.0,0.0,0.0,189829.55
1643947,IT,AT,COMPU,GLASS,0.04,3796.247,3,3,3796.247,0.0,0.0,0.0,0.0,94906.175
1750765,IT,CN,TRANS,HOTEL,0.02,3795.982,3,3,3795.982,0.0,0.0,0.0,0.0,189799.1
1688143,IT,HU,BUSIN,NONME,0.04,3795.933,3,3,3795.933,0.0,0.0,0.0,0.0,94898.325
1752525,IT,CA,FOOD5,BIOGA,0.02,3795.844,3,3,3795.844,0.0,0.0,0.0,0.0,189792.2
1785253,IT,ZA,TEXTI,ELECT,0.02,3795.628,3,3,3795.628,0.0,0.0,0.0,0.0,189781.4
1808452,IT,WF,FOOD4,WOODW,0.03,3795.45,3,3,3795.45,0.0,0.0,0.0,0.0,126515.0
1765536,IT,RU,LEATH,DAIRY,0.03,3795.098,3,3,3795.098,0.0,0.0,0.0,0.0,126503.266667
1670384,IT,FI,PROCE,MEATP,0.03,3795.008,3,3,3795.008,0.0,0.0,0.0,0.0,126500.266667
1745662,IT,JP,TEXTI,ELEC1,0.02,3794.816,3,3,3794.816,0.0,0.0,0.0,0.0,189740.8
1721690,IT,PL,FINAN,TRANS,0.05,3794.648,3,3,3794.648,0.0,0.0,0.0,0.0,75892.96
1662878,IT,DK,WHOLE,BRICK,0.03,3794.564,3,3,3794.564,0.0,0.0,0.0,0.0,126485.466667
1650762,IT,BG,HOTEL,HEALT,0.03,3794.453,3,3,3794.453,0.0,0.0,0.0,0.0,126481.766667
1678730,IT,GR,DAIRY,RECRE,0.02,3794.395,3,3,3794.395,0.0,0.0,0.0,0.0,189719.75
1808149,IT,WF,OILHA,PIGS9,0.02,3794.286,3,3,3794.286,0.0,0.0,0.0,0.0,189714.3
1793746,IT,WL,BEVER,MACHI,0.02,3794.059,3,3,3794.059,0.0,0.0,0.0,0.0,189702.95
1678840,IT,GR,BEVER,POSTT,0.02,3793.569,3,3,3793.569,0.0,0.0,0.0,0.0,189678.45
1762478,IT,IN,FINAN,LANDT,0.05,3793.524,3,3,3793.524,0.0,0.0,0.0,0.0,75870.48
1714364,IT,MT,93197,COMPU,0.03,3793.318,3,3,3793.318,0.0,0.0,0.0,0.0,126443.933333
1794222,IT,WL,PRINT,TRAN2,0.04,3793.116,3,3,3793.116,0.0,0.0,0.0,0.0,94827.9
1664109,IT,EE,RUBBE,FISHF,0.01,3792.512,3,3,3792.512,0.0,0.0,0.0,0.0,379251.2
1681667,IT,HR,VEGET,TRANS,0.01,3792.39,3,3,3792.39,0.0,0.0,0.0,0.0,379239.0
1722643,IT,PT,TEXTI,LANDT,0.02,3792.182,3,3,3792.182,0.0,0.0,0.0,0.0,189609.1
1680748,IT,GR,RETA1,COLLE,0.04,3792.122,3,3,3792.122,0.0,0.0,0.0,0.0,94803.05
1668348,IT,ES,WHOLE,FOOD1,0.03,3792.061,3,3,3792.061,0.0,0.0,0.0,0.0,126402.033333
1725506,IT,RO,LEATH,FORES,0.03,3791.988,3,3,3791.988,0.0,0.0,0.0,0.0,126399.6
1783126,IT,NO,AUXIL,AUXIL,0.07,3791.67,3,3,3791.67,0.0,0.0,0.0,0.0,54166.714286
1688932,IT,IE,FABRI,GLASS,0.02,3791.637,3,3,3791.637,0.0,0.0,0.0,0.0,189581.85
1650647,IT,BG,WHOLE,DAIRY,0.03,3791.566,3,3,3791.566,0.0,0.0,0.0,0.0,126385.533333
1712784,IT,LV,LANDT,HEALT,0.02,3791.522,3,3,3791.522,0.0,0.0,0.0,0.0,189576.1
1656235,IT,DE,WEARI,VEGET,0.03,3791.47,3,3,3791.47,0.0,0.0,0.0,0.0,126382.333333
1661639,IT,DK,TEXTI,BEVER,0.02,3791.348,3,3,3791.348,0.0,0.0,0.0,0.0,189567.4
1718224,IT,PL,PROCE,TEXTI,0.03,3791.282,3,3,3791.282,0.0,0.0,0.0,0.0,126376.066667
1716743,IT,NL,RETA1,FISH5,0.04,3791.07,3,3,3791.07,0.0,0.0,0.0,0.0,94776.75
1725621,IT,RO,WOODW,PAPE4,0.01,3791.066,3,3,3791.066,0.0,0.0,0.0,0.0,379106.6
1678236,IT,FR,OILHA,WOOD2,0.02,3791.019,3,3,3791.019,0.0,0.0,0.0,0.0,189550.95
1676128,IT,FR,ELEC8,PUBLI,0.05,3790.849,3,3,3790.849,0.0,0.0,0.0,0.0,75816.98
1780237,IT,TW,RAILW,93197,0.03,3790.63,3,3,3790.63,0.0,0.0,0.0,0.0,126354.333333
1742167,IT,US,GLASS,KEROS,0.01,3790.61,3,3,3790.61,0.0,0.0,0.0,0.0,379061.0
1748456,IT,CN,STONE,BIOGA,0.01,3790.478,3,3,3790.478,0.0,0.0,0.0,0.0,379047.8
1759892,IT,BR,PAPE1,MOTO1,0.03,3790.03,3,3,3790.03,0.0,0.0,0.0,0.0,126334.333333
1720602,IT,PL,MOTO1,MEATA,0.02,3789.988,3,3,3789.988,0.0,0.0,0.0,0.0,189499.4
1730326,IT,SE,SUPPO,FORES,0.03,3789.859,3,3,3789.859,0.0,0.0,0.0,0.0,126328.633333
1787849,IT,WA,FOOD5,RUBBE,0.02,3789.496,3,3,3789.496,0.0,0.0,0.0,0.0,189474.8
1797628,IT,WL,FOODW,AUXIL,0.03,3788.955,3,3,3788.955,0.0,0.0,0.0,0.0,126298.5
1712741,IT,LV,LANDT,RAWMI,0.02,3788.703,3,3,3788.703,0.0,0.0,0.0,0.0,189435.15
1801933,IT,WE,SALEM,PFERT,0.03,3788.617,3,3,3788.617,0.0,0.0,0.0,0.0,126287.233333
1680674,IT,GR,WHOLE,ELECT,0.03,3788.614,3,3,3788.614,0.0,0.0,0.0,0.0,126287.133333
1736957,IT,GB,VEGET,HEALT,0.01,3788.584,3,3,3788.584,0.0,0.0,0.0,0.0,378858.4
1646428,IT,BE,MACHI,SUGAR,0.02,3788.578,3,3,3788.578,0.0,0.0,0.0,0.0,189428.9
1754866,IT,KR,FISH5,DAIRY,0.02,3788.572,4,4,3788.57,0.0,0.0,0.0,0.002,189428.6
1721033,IT,PL,HOTEL,LIQUE,0.03,3788.304,3,3,3788.304,0.0,0.0,0.0,0.0,126276.8
1668525,IT,ES,HOTEL,BRICK,0.03,3788.071,3,3,3788.071,0.0,0.0,0.0,0.0,126269.033333
1668186,IT,ES,SALEM,EDUCA,0.03,3787.74,3,3,3787.74,0.0,0.0,0.0,0.0,126258.0
1676741,IT,FR,RAILW,93197,0.03,3787.724,3,3,3787.724,0.0,0.0,0.0,0.0,126257.466667
1767942,IT,RU,COMPU,FOOD5,0.04,3787.448,3,3,3787.448,0.0,0.0,0.0,0.0,94686.2
1747792,IT,JP,AUXIL,SEACO,0.07,3787.289,3,3,3787.289,0.0,0.0,0.0,0.0,54104.128571
1797031,IT,WL,SUPPO,VEGE1,0.03,3787.28,3,3,3787.28,0.0,0.0,0.0,0.0,126242.666667
1768788,IT,AU,LEATH,SUGAR,0.03,3787.249,3,3,3787.249,0.0,0.0,0.0,0.0,126241.633333
1654223,IT,CZ,MOTO1,MEMBE,0.02,3787.184,3,3,3787.184,0.0,0.0,0.0,0.0,189359.2
1718082,IT,PL,MEAT4,SUGA1,0.02,3787.183,3,3,3787.183,0.0,0.0,0.0,0.0,189359.15
1644395,IT,BE,MEATC,INTER,0.01,3787.139,3,3,3787.139,0.0,0.0,0.0,0.0,378713.9
1802854,IT,WE,FOOD2,WEARI,0.02,3787.097,3,3,3787.097,0.0,0.0,0.0,0.0,189354.85
1794059,IT,WL,PAPER,PRECI,0.01,3787.069,3,3,3787.069,0.0,0.0,0.0,0.0,378706.9
1689901,IT,IE,AUXIL,SECO9,0.07,3786.98,3,3,3786.98,0.0,0.0,0.0,0.0,54099.714286
1711662,IT,LU,COMPU,LANDT,0.04,3786.92,3,3,3786.92,0.0,0.0,0.0,0.0,94673.0
1795618,IT,WL,FABRI,PRECI,0.02,3786.706,3,3,3786.706,0.0,0.0,0.0,0.0,189335.3
1778195,IT,TR,FURNI,LIQUE,0.01,3785.796,3,3,3785.796,0.0,0.0,0.0,0.0,378579.6
1642930,IT,AT,FURNI,FOOD5,0.01,3785.772,3,3,3785.772,0.0,0.0,0.0,0.0,378577.2
1810161,IT,WM,WEARI,MACHI,0.03,3785.367,3,3,3785.367,0.0,0.0,0.0,0.0,126178.9
1670064,IT,ES,FOOD2,REALE,0.02,3785.291,3,3,3785.291,0.0,0.0,0.0,0.0,189264.55
1750327,IT,CN,FABRI,OILSE,0.02,3785.239,3,3,3785.239,0.0,0.0,0.0,0.0,189261.95
1673212,IT,FR,BEVER,PAPE4,0.02,3785.093,3,3,3785.093,0.0,0.0,0.0,0.0,189254.65
1663766,IT,EE,BEVER,CATTL,0.02,3784.959,3,3,3784.959,0.0,0.0,0.0,0.0,189247.95
1671832,IT,FI,RETA1,TRAN1,0.04,3784.82,3,3,3784.82,0.0,0.0,0.0,0.0,94620.5
1651067,IT,BG,INSUR,RUBBE,0.08,3784.685,3,3,3784.685,0.0,0.0,0.0,0.0,47308.5625
1673828,IT,FR,PRINT,BIOGA,0.04,3784.653,3,3,3784.653,0.0,0.0,0.0,0.0,94616.325
1650868,IT,BG,LANDT,TRAN2,0.02,3784.563,3,3,3784.563,0.0,0.0,0.0,0.0,189228.15
1814649,IT,WM,PAPE1,FINAN,0.03,3784.146,3,3,3784.146,0.0,0.0,0.0,0.0,126138.2
1671905,IT,FI,RAILW,MEAT1,0.03,3784.086,3,3,3784.086,0.0,0.0,0.0,0.0,126136.2
1734248,IT,SI,COMPU,MACHI,0.04,3783.916,3,3,3783.916,0.0,0.0,0.0,0.0,94597.9
1738592,IT,GB,FABRI,ELEC3,0.02,3783.45,3,3,3783.45,0.0,0.0,0.0,0.0,189172.5
1739724,IT,GB,SUPPO,TRAN2,0.03,3783.382,3,3,3783.382,0.0,0.0,0.0,0.0,126112.733333
1710102,IT,LT,FABRI,AIRTR,0.02,3783.2,3,3,3783.2,0.0,0.0,0.0,0.0,189160.0
1797742,IT,WL,INTER,DISTR,0.02,3783.012,3,3,3783.012,0.0,0.0,0.0,0.0,189150.6
1724074,IT,PT,WHOLE,ELEC2,0.03,3782.931,3,3,3782.931,0.0,0.0,0.0,0.0,126097.7
1677959,IT,FR,BUSIN,TEXT2,0.04,3782.916,3,3,3782.916,0.0,0.0,0.0,0.0,94572.9
1808691,IT,WF,INERT,COMPU,0.03,3782.87,3,3,3782.87,0.0,0.0,0.0,0.0,126095.666667
1752359,IT,CA,MEAT4,ADDIT,0.02,3782.731,3,3,3782.731,0.0,0.0,0.0,0.0,189136.55
1733286,IT,SI,OFFIC,SUPPO,0.01,3782.639,3,3,3782.639,0.0,0.0,0.0,0.0,378263.9
1803952,IT,WF,LEATH,WHEAT,0.03,3782.58,3,3,3782.58,0.0,0.0,0.0,0.0,126086.0
1652134,IT,CZ,MEATP,HEALT,0.02,3782.459,3,3,3782.459,0.0,0.0,0.0,0.0,189122.95
1801426,IT,WE,MOTO1,PIGS9,0.02,3782.4,3,3,3782.4,0.0,0.0,0.0,0.0,189120.0
1653299,IT,CZ,RUBBE,WOOD2,0.01,3782.159,3,3,3782.159,0.0,0.0,0.0,0.0,378215.9
1716847,IT,NL,HOTEL,HEAVY,0.03,3781.864,3,3,3781.864,0.0,0.0,0.0,0.0,126062.133333
1662876,IT,DK,WHOLE,GLASS,0.03,3781.771,3,3,3781.771,0.0,0.0,0.0,0.0,126059.033333
1748595,IT,CN,VEGE1,TRAN1,0.01,3781.571,3,3,3781.571,0.0,0.0,0.0,0.0,378157.1
1722285,IT,PL,93197,REALE,0.03,3781.554,3,3,3781.554,0.0,0.0,0.0,0.0,126051.8
1793074,IT,WA,INERT,MEATA,0.03,3781.492,3,3,3781.492,0.0,0.0,0.0,0.0,126049.733333
1714154,IT,MT,POSTT,FISHF,0.06,3781.223,3,3,3781.223,0.0,0.0,0.0,0.0,63020.383333
1716444,IT,NL,OFFIC,CRUDE,0.01,3781.014,3,3,3781.014,0.0,0.0,0.0,0.0,378101.4
1718124,IT,PL,VEGE1,TEXTI,0.01,3780.997,3,3,3780.997,0.0,0.0,0.0,0.0,378099.7
1794103,IT,WL,PAPER,ALUM1,0.01,3780.778,3,3,3780.778,0.0,0.0,0.0,0.0,378077.8
1644793,IT,BE,TOBAC,SUPPO,0.01,3780.579,3,3,3780.579,0.0,0.0,0.0,0.0,378057.9
1734224,IT,SI,RENTI,WHOLE,0.02,3780.571,3,3,3780.571,0.0,0.0,0.0,0.0,189028.55
1684568,IT,HR,BUSIN,RAILW,0.04,3780.569,3,3,3780.569,0.0,0.0,0.0,0.0,94514.225
1797775,IT,WL,WOOD1,RESEA,0.03,3780.538,3,3,3780.538,0.0,0.0,0.0,0.0,126017.933333
1774718,IT,CH,SUPPO,BASIC,0.03,3780.417,3,3,3780.417,0.0,0.0,0.0,0.0,126013.9
1793006,IT,WA,FOOD3,VEGET,0.01,3780.367,3,3,3780.367,0.0,0.0,0.0,0.0,378036.7
1684480,IT,HR,RENTI,PUBLI,0.02,3780.304,3,3,3780.304,0.0,0.0,0.0,0.0,189015.2
1736258,IT,SK,HOTEL,MEAT4,0.03,3780.163,3,3,3780.163,0.0,0.0,0.0,0.0,126005.433333
1757039,IT,KR,BUSIN,ADDIT,0.04,3780.034,3,3,3780.034,0.0,0.0,0.0,0.0,94500.85
1645003,IT,BE,WOODW,PAPE4,0.01,3780.007,3,3,3780.007,0.0,0.0,0.0,0.0,378000.7
1779287,IT,TR,FINAN,RENTI,0.05,3780.003,3,3,3780.003,0.0,0.0,0.0,0.0,75600.06
1713963,IT,MT,SALEM,HEALT,0.03,3779.614,3,3,3779.614,0.0,0.0,0.0,0.0,125987.133333
1661857,IT,DK,PAPER,NONF1,0.01,3779.317,3,3,3779.317,0.0,0.0,0.0,0.0,377931.7
1652199,IT,CZ,DAIRY,RESEA,0.02,3779.179,3,3,3779.179,0.0,0.0,0.0,0.0,188958.95
1662612,IT,DK,FABRI,SEWAG,0.02,3779.149,3,3,3779.149,0.0,0.0,0.0,0.0,188957.45
1773442,IT,CH,OFFIC,COPP1,0.01,3779.068,3,3,3779.068,0.0,0.0,0.0,0.0,377906.8
1757324,IT,BR,BEVER,RECRE,0.02,3778.941,3,3,3778.941,0.0,0.0,0.0,0.0,188947.05
1644738,IT,BE,BEVER,FOOD3,0.02,3778.835,3,3,3778.835,0.0,0.0,0.0,0.0,188941.75
1774984,IT,CH,AUXIL,AIRTR,0.07,3778.443,3,3,3778.443,0.0,0.0,0.0,0.0,53977.757143
1683898,IT,HR,FURNI,FORES,0.01,3778.333,3,3,3778.333,0.0,0.0,0.0,0.0,377833.3
1660935,IT,DE,BUSIN,COKEO,0.04,3778.079,3,3,3778.079,0.0,0.0,0.0,0.0,94451.975
1678372,IT,FR,PAPE4,DAIRY,0.02,3778.057,3,3,3778.057,0.0,0.0,0.0,0.0,188902.85
1768289,IT,AU,VEGET,HEALT,0.01,3777.877,3,3,3777.877,0.0,0.0,0.0,0.0,377787.7
1784935,IT,ID,INSUR,VEGET,0.08,3777.726,3,3,3777.726,0.0,0.0,0.0,0.0,47221.575
1756079,IT,KR,FABRI,PREC1,0.02,3777.705,3,3,3777.705,0.0,0.0,0.0,0.0,188885.25
1747406,IT,JP,RAILW,TRANS,0.03,3777.615,3,3,3777.615,0.0,0.0,0.0,0.0,125920.5
1661480,IT,DK,FOOD5,MEATA,0.02,3777.606,3,3,3777.606,0.0,0.0,0.0,0.0,188880.3
1670703,IT,FI,WOODW,COMPU,0.01,3777.581,3,3,3777.581,0.0,0.0,0.0,0.0,377758.1
1744260,IT,US,POSTT,RAILW,0.06,3777.572,3,3,3777.572,0.0,0.0,0.0,0.0,62959.533333
1737170,IT,GB,DAIRY,POULT,0.02,3777.483,3,3,3777.483,0.0,0.0,0.0,0.0,188874.15
1814445,IT,WM,COMPU,MOTOR,0.04,3777.453,3,3,3777.453,0.0,0.0,0.0,0.0,94436.325
1736101,IT,SK,CONST,PAPER,0.02,3777.452,3,3,3777.452,0.0,0.0,0.0,0.0,188872.6
1803912,IT,WF,WEARI,NONME,0.03,3776.891,3,3,3776.891,0.0,0.0,0.0,0.0,125896.366667
1779852,IT,TR,PUBLI,RADIO,0.06,3776.678,3,3,3776.678,0.0,0.0,0.0,0.0,62944.633333
1715892,IT,NL,RUBBE,FOOD1,0.01,3776.591,3,3,3776.591,0.0,0.0,0.0,0.0,377659.1
1737655,IT,GB,PRINT,FOOD5,0.04,3776.445,3,3,3776.445,0.0,0.0,0.0,0.0,94411.125
1679085,IT,GR,PULP5,COMPU,0.01,3776.291,3,3,3776.291,0.0,0.0,0.0,0.0,377629.1
1673716,IT,FR,PAPER,BITU1,0.01,3776.124,3,3,3776.124,0.0,0.0,0.0,0.0,377612.4
1743476,IT,US,WHOLE,SALEM,0.03,3776.116,3,3,3776.116,0.0,0.0,0.0,0.0,125870.533333
1797756,IT,WL,TEXT1,WHOLE,0.03,3776.032,3,3,3776.032,0.0,0.0,0.0,0.0,125867.733333
1786639,IT,ZA,WHOLE,SUGA1,0.03,3775.671,3,3,3775.671,0.0,0.0,0.0,0.0,125855.7
1753072,IT,CA,RUBBE,ANIMA,0.01,3775.584,3,3,3775.584,0.0,0.0,0.0,0.0,377558.4
1752691,IT,CA,WEARI,INERT,0.03,3774.839,3,3,3774.839,0.0,0.0,0.0,0.0,125827.966667
1733474,IT,SI,SALEM,INTER,0.03,3774.479,3,3,3774.479,0.0,0.0,0.0,0.0,125815.966667
1742929,IT,US,MACHI,SECO9,0.02,3774.36,3,3,3774.36,0.0,0.0,0.0,0.0,188718.0
1773909,IT,CH,ELE12,MACHI,0.02,3774.351,3,3,3774.351,0.0,0.0,0.0,0.0,188717.55
1711698,IT,LU,BUSIN,PAPER,0.04,3774.006,3,3,3774.006,0.0,0.0,0.0,0.0,94350.15
1676685,IT,FR,RAILW,ADDIT,0.03,3773.451,3,3,3773.451,0.0,0.0,0.0,0.0,125781.7
1780468,IT,TW,POSTT,TOBAC,0.06,3773.437,3,3,3773.437,0.0,0.0,0.0,0.0,62890.616667
1748565,IT,CN,VEGE1,HEAVY,0.01,3773.317,3,3,3773.317,0.0,0.0,0.0,0.0,377331.7
1690371,IT,IE,WASTE,PULP5,0.01,3773.267,3,3,3773.267,0.0,0.0,0.0,0.0,377326.7
1716537,IT,NL,MOTO1,PUBLI,0.02,3773.228,3,3,3773.228,0.0,0.0,0.0,0.0,188661.4
1723282,IT,PT,GLASS,SUPPO,0.01,3772.989,3,3,3772.989,0.0,0.0,0.0,0.0,377298.9
1809579,IT,WM,VEGE1,BRICK,0.01,3772.548,3,3,3772.548,0.0,0.0,0.0,0.0,377254.8
1807697,IT,WF,BUSIN,PREC1,0.04,3772.448,3,3,3772.448,0.0,0.0,0.0,0.0,94311.2
1813668,IT,WM,RETA1,LEAD1,0.04,3772.439,3,3,3772.439,0.0,0.0,0.0,0.0,94310.975
1743723,IT,US,LANDT,OILSE,0.02,3772.435,3,3,3772.435,0.0,0.0,0.0,0.0,188621.75
1681420,IT,GR,RENTI,TRANS,0.02,3772.145,3,3,3772.145,0.0,0.0,0.0,0.0,188607.25
1781212,IT,NO,VEGET,RAILW,0.01,3772.144,3,3,3772.144,0.0,0.0,0.0,0.0,377214.4
1681692,IT,HR,FORES,FORES,0.03,3772.122,4,4,3771.122,0.0,1.0,0.0,0.0,125737.4
1792560,IT,WA,RENTI,SALEM,0.02,3772.03,3,3,3772.03,0.0,0.0,0.0,0.0,188601.5
1773272,IT,CH,FABRI,WASTE,0.02,3771.871,3,3,3771.871,0.0,0.0,0.0,0.0,188593.55
1744973,IT,US,BUSIN,PAPE1,0.04,3771.538,3,3,3771.538,0.0,0.0,0.0,0.0,94288.45
1765501,IT,RU,WEARI,ELEC4,0.03,3771.486,3,3,3771.486,0.0,0.0,0.0,0.0,125716.2
1764612,IT,MX,WHOLE,MEMBE,0.03,3771.439,3,3,3771.439,0.0,0.0,0.0,0.0,125714.633333
1782410,IT,NO,FABRI,WASTE,0.02,3770.938,3,3,3770.938,0.0,0.0,0.0,0.0,188546.9
1797466,IT,WL,RESEA,FURNI,0.02,3770.929,3,3,3770.929,0.0,0.0,0.0,0.0,188546.45
1753112,IT,CA,RUBBE,BIODI,0.01,3770.886,3,3,3770.886,0.0,0.0,0.0,0.0,377088.6
1775002,IT,CH,REALE,WHOLE,0.16,3770.747,3,3,3770.747,0.0,0.0,0.0,0.0,23567.16875
1779491,IT,TR,RENTI,ALUM1,0.02,3770.7,3,3,3770.7,0.0,0.0,0.0,0.0,188535.0
1753740,IT,CA,FURNI,SUGA1,0.01,3770.699,3,3,3770.699,0.0,0.0,0.0,0.0,377069.9
1806422,IT,WF,TRANS,PLANT,0.02,3770.569,3,3,3770.569,0.0,0.0,0.0,0.0,188528.45
1675719,IT,FR,FURNI,CHEMI,0.01,3770.499,3,3,3770.499,0.0,0.0,0.0,0.0,377049.9
1734435,IT,SK,CROPS,POULT,0.03,3770.474,3,3,3770.474,0.0,0.0,0.0,0.0,125682.466667
1778244,IT,TR,FURNI,INERT,0.01,3770.411,3,3,3770.411,0.0,0.0,0.0,0.0,377041.1
1643948,IT,AT,COMPU,CERAM,0.04,3770.323,3,3,3770.323,0.0,0.0,0.0,0.0,94258.075
1689961,IT,IE,REALE,LEATH,0.16,3770.318,3,3,3770.318,0.0,0.0,0.0,0.0,23564.4875
1683138,IT,HR,RUBBE,SEWAG,0.01,3770.305,3,3,3770.305,0.0,0.0,0.0,0.0,377030.5
1782528,IT,NO,OFFIC,HOTEL,0.01,3770.197,3,3,3770.197,0.0,0.0,0.0,0.0,377019.7
1678061,IT,FR,EDUCA,93197,0.09,3770.123,3,3,3770.123,0.0,0.0,0.0,0.0,41890.255556
1650156,IT,BG,MOTO1,BASIC,0.02,3770.108,3,3,3770.108,0.0,0.0,0.0,0.0,188505.4
1644331,IT,BE,STONE,RENTI,0.01,3769.912,3,3,3769.912,0.0,0.0,0.0,0.0,376991.2
1755191,IT,KR,WOODW,FISHF,0.01,3769.84,3,3,3769.84,0.0,0.0,0.0,0.0,376984.0
1760174,IT,BR,FOOD4,KEROS,0.03,3769.835,3,3,3769.835,0.0,0.0,0.0,0.0,125661.166667
1716809,IT,NL,RETA1,SEWAG,0.04,3769.715,3,3,3769.715,0.0,0.0,0.0,0.0,94242.875
1743729,IT,US,LANDT,RAWMI,0.02,3769.612,3,3,3769.612,0.0,0.0,0.0,0.0,188480.6
1643053,IT,AT,SALEM,ELEC4,0.03,3769.481,3,3,3769.481,0.0,0.0,0.0,0.0,125649.366667
1753733,IT,CA,FURNI,RAWMI,0.01,3769.385,3,3,3769.385,0.0,0.0,0.0,0.0,376938.5
1659300,IT,DE,SALEM,RECRE,0.03,3769.309,3,3,3769.309,0.0,0.0,0.0,0.0,125643.633333
1792729,IT,WA,BUSIN,KERO1,0.04,3769.301,3,3,3769.301,0.0,0.0,0.0,0.0,94232.525
1814701,IT,WM,INTER,CHEM1,0.02,3769.284,3,3,3769.284,0.0,0.0,0.0,0.0,188464.2
1774850,IT,CH,FINAN,CHEM1,0.05,3769.113,3,3,3769.113,0.0,0.0,0.0,0.0,75382.26
1767961,IT,RU,COMPU,NONF1,0.04,3769.112,3,3,3769.112,0.0,0.0,0.0,0.0,94227.8
1678731,IT,GR,DAIRY,93197,0.02,3769.072,3,3,3769.072,0.0,0.0,0.0,0.0,188453.6
1653946,IT,CZ,MACHI,WOOLS,0.02,3768.626,3,3,3768.626,0.0,0.0,0.0,0.0,188431.3
1677455,IT,FR,INSUR,MEMBE,0.08,3768.607,3,3,3768.607,0.0,0.0,0.0,0.0,47107.5875
1687350,IT,HU,HOTEL,FORES,0.03,3768.547,3,3,3768.547,0.0,0.0,0.0,0.0,125618.233333
1786524,IT,ZA,FURNI,NONFE,0.01,3768.475,3,3,3768.475,0.0,0.0,0.0,0.0,376847.5
1687800,IT,HU,POSTT,MOTO1,0.06,3767.798,3,3,3767.798,0.0,0.0,0.0,0.0,62796.633333
1724778,IT,PT,RENTI,FINAN,0.02,3767.601,3,3,3767.601,0.0,0.0,0.0,0.0,188380.05
1685154,IT,HU,BEVER,FORES,0.02,3767.511,3,3,3767.511,0.0,0.0,0.0,0.0,188375.55
1671988,IT,FI,LANDT,TRAN2,0.02,3767.403,3,3,3767.403,0.0,0.0,0.0,0.0,188370.15
1751065,IT,CN,WHOLE,93197,0.03,3767.335,3,3,3767.335,0.0,0.0,0.0,0.0,125577.833333
1755339,IT,KR,PRINT,FURNI,0.04,3767.332,3,3,3767.332,0.0,0.0,0.0,0.0,94183.3
1809100,IT,WM,CROPS,PAPER,0.03,3767.301,3,3,3767.301,0.0,0.0,0.0,0.0,125576.7
1752438,IT,CA,DAIRY,FISH5,0.02,3767.189,3,3,3767.189,0.0,0.0,0.0,0.0,188359.45
1806431,IT,WF,TRANS,IRONO,0.02,3767.116,3,3,3767.116,0.0,0.0,0.0,0.0,188355.8
1795655,IT,WL,FABRI,ADDIT,0.02,3767.07,3,3,3767.07,0.0,0.0,0.0,0.0,188353.5
1797503,IT,WL,BUSIN,PAPER,0.04,3767.041,3,3,3767.041,0.0,0.0,0.0,0.0,94176.025
1662610,IT,DK,FABRI,FOODW,0.02,3766.846,3,3,3766.846,0.0,0.0,0.0,0.0,188342.3
1781572,IT,NO,WEARI,MEATC,0.03,3766.633,3,3,3766.633,0.0,0.0,0.0,0.0,125554.433333
1718845,IT,PL,PAPER,INLAN,0.01,3766.576,3,3,3766.576,0.0,0.0,0.0,0.0,376657.6
1714586,IT,NL,STONE,EDUCA,0.01,3766.251,3,3,3766.251,0.0,0.0,0.0,0.0,376625.1
1686898,IT,HU,MACHI,MEATC,0.02,3766.176,3,3,3766.176,0.0,0.0,0.0,0.0,188308.8
1814712,IT,WM,INTER,HEALT,0.02,3766.088,3,3,3766.088,0.0,0.0,0.0,0.0,188304.4
1781707,IT,NO,WOODW,SEACO,0.01,3766.047,3,3,3766.047,0.0,0.0,0.0,0.0,376604.7
1681456,IT,GR,COMPU,PLAST,0.04,3765.579,3,3,3765.579,0.0,0.0,0.0,0.0,94139.475
1653336,IT,CZ,GLASS,BIOGA,0.01,3765.463,3,3,3765.463,0.0,0.0,0.0,0.0,376546.3
1650711,IT,BG,HOTEL,WOODW,0.03,3765.458,3,3,3765.458,0.0,0.0,0.0,0.0,125515.266667
1722416,IT,PT,MEAT1,REFI1,0.02,3765.391,3,3,3765.391,0.0,0.0,0.0,0.0,188269.55
1779881,IT,TR,PUBLI,RENTI,0.06,3765.357,3,3,3765.357,0.0,0.0,0.0,0.0,62755.95
1718208,IT,PL,DAIRY,93197,0.02,3765.313,3,3,3765.313,0.0,0.0,0.0,0.0,188265.65
1710070,IT,LT,FABRI,LUBRI,0.02,3765.126,3,3,3765.126,0.0,0.0,0.0,0.0,188256.3
1786850,IT,ZA,LANDT,CONST,0.02,3764.951,3,3,3764.951,0.0,0.0,0.0,0.0,188247.55
1687478,IT,HU,RAILW,HEALT,0.03,3764.931,3,3,3764.931,0.0,0.0,0.0,0.0,125497.7
1655035,IT,CZ,REALE,REALE,0.16,3764.916,3,3,3764.916,0.0,0.0,0.0,0.0,23530.725
1763012,IT,MX,BEVER,KEROS,0.02,3764.653,3,3,3764.653,0.0,0.0,0.0,0.0,188232.65
1808061,IT,WF,TEXT1,RAWMI,0.03,3764.532,3,3,3764.532,0.0,0.0,0.0,0.0,125484.4
1731401,IT,SI,FOOD5,CEMEN,0.02,3764.411,3,3,3764.411,0.0,0.0,0.0,0.0,188220.55
1743299,IT,US,FURNI,SEACO,0.01,3764.395,3,3,3764.395,0.0,0.0,0.0,0.0,376439.5
1671434,IT,FI,FABRI,ELEC1,0.02,3764.303,3,3,3764.303,0.0,0.0,0.0,0.0,188215.15
1766997,IT,RU,MOTO1,WASTE,0.02,3764.228,3,3,3764.228,0.0,0.0,0.0,0.0,188211.4
1722600,IT,PT,TEXTI,RAWMI,0.02,3764.099,3,3,3764.099,0.0,0.0,0.0,0.0,188204.95
1725723,IT,RO,PAPER,FOOD2,0.01,3763.954,3,3,3763.954,0.0,0.0,0.0,0.0,376395.4
1644726,IT,BE,BEVER,AUXIL,0.02,3763.877,3,3,3763.877,0.0,0.0,0.0,0.0,188193.85
1750858,IT,CN,FURNI,BLAST,0.01,3763.653,3,3,3763.653,0.0,0.0,0.0,0.0,376365.3
1675933,IT,FR,ELEC4,VEGET,0.06,3763.607,3,3,3763.607,0.0,0.0,0.0,0.0,62726.783333
1731314,IT,SI,VEGE1,SUPPO,0.01,3763.594,3,3,3763.594,0.0,0.0,0.0,0.0,376359.4
1738958,IT,GB,CONST,OFFIC,0.02,3763.497,3,3,3763.497,0.0,0.0,0.0,0.0,188174.85
1739744,IT,GB,SUPPO,WOOD1,0.03,3763.396,3,3,3763.396,0.0,0.0,0.0,0.0,125446.533333
1684401,IT,HR,POSTT,EDUCA,0.06,3763.338,3,3,3763.338,0.0,0.0,0.0,0.0,62722.3
1673677,IT,FR,PAPER,PLANT,0.01,3763.318,3,3,3763.318,0.0,0.0,0.0,0.0,376331.8
1640791,IT,AT,WEARI,DAIRY,0.03,3763.072,3,3,3763.072,0.0,0.0,0.0,0.0,125435.733333
1679088,IT,GR,PULP5,MEMBE,0.01,3762.987,3,3,3762.987,0.0,0.0,0.0,0.0,376298.7
1678485,IT,FR,RECRE,FINAN,0.05,3762.774,3,3,3762.774,0.0,0.0,0.0,0.0,75255.48
1798228,IT,WE,VEGET,PREC1,0.01,3762.323,3,3,3762.323,0.0,0.0,0.0,0.0,376232.3
1779941,IT,TW,CONST,RADIO,0.02,3762.029,3,3,3762.029,0.0,0.0,0.0,0.0,188101.45
1649058,IT,BG,PAPER,POULT,0.01,3761.886,3,3,3761.886,0.0,0.0,0.0,0.0,376188.6
1689866,IT,IE,INSUR,93197,0.08,3761.853,3,3,3761.853,0.0,0.0,0.0,0.0,47023.1625
1646790,IT,BE,SALEM,PRINT,0.03,3761.73,3,3,3761.73,0.0,0.0,0.0,0.0,125391.0
1677668,IT,FR,RENTI,PIGS9,0.02,3761.671,3,3,3761.671,0.0,0.0,0.0,0.0,188083.55
1734487,IT,SK,MEATP,WHOLE,0.02,3761.323,3,3,3761.323,0.0,0.0,0.0,0.0,188066.15
1640365,IT,AT,MEATC,93197,0.01,3761.242,3,3,3761.242,0.0,0.0,0.0,0.0,376124.2
1747357,IT,JP,RETA1,ELECT,0.04,3761.2,3,3,3761.2,0.0,0.0,0.0,0.0,94030.0
1813511,IT,WM,RETAI,NAPHT,0.03,3761.172,3,3,3761.172,0.0,0.0,0.0,0.0,125372.4
1769341,IT,AU,GLASS,MEDIC,0.01,3761.041,3,3,3761.041,0.0,0.0,0.0,0.0,376104.1
1768756,IT,AU,WEARI,DISTR,0.03,3760.781,3,3,3760.781,0.0,0.0,0.0,0.0,125359.366667
1784397,IT,ID,GLASS,BUSIN,0.01,3760.563,3,3,3760.563,0.0,0.0,0.0,0.0,376056.3
1718079,IT,PL,MEAT4,MEAT1,0.02,3760.491,3,3,3760.491,0.0,0.0,0.0,0.0,188024.55
1650858,IT,BG,LANDT,STEAM,0.02,3760.42,3,3,3760.42,0.0,0.0,0.0,0.0,188021.0
1735218,IT,SK,RUBBE,AUXIL,0.01,3760.038,3,3,3760.038,0.0,0.0,0.0,0.0,376003.8
1678114,IT,FR,PAPE1,SUPPO,0.03,3759.806,3,3,3759.806,0.0,0.0,0.0,0.0,125326.866667
1684607,IT,HR,FOOD3,RECRE,0.01,3759.804,3,3,3759.804,0.0,0.0,0.0,0.0,375980.4
1740332,IT,GB,PUBLI,POSTT,0.06,3759.563,3,3,3759.563,0.0,0.0,0.0,0.0,62659.383333
1721723,IT,PL,INSUR,CEREA,0.08,3759.266,3,3,3759.266,0.0,0.0,0.0,0.0,46990.825
1687798,IT,HU,POSTT,MACHI,0.06,3759.147,3,3,3759.147,0.0,0.0,0.0,0.0,62652.45
1783175,IT,NO,COMPU,OFFIC,0.04,3759.138,3,3,3759.138,0.0,0.0,0.0,0.0,93978.45
1806646,IT,WF,SALEM,RECRE,0.03,3758.989,3,3,3758.989,0.0,0.0,0.0,0.0,125299.633333
1734009,IT,SI,POSTT,LANDT,0.06,3758.981,3,3,3758.981,0.0,0.0,0.0,0.0,62649.683333
1766969,IT,RU,MOTO1,SECO9,0.02,3758.954,3,3,3758.954,0.0,0.0,0.0,0.0,187947.7
1775992,IT,TR,FISH5,PUBLI,0.02,3758.853,4,4,3758.851,0.0,0.0,0.0,0.002,187942.65
1662549,IT,DK,FABRI,MEAT1,0.02,3758.812,3,3,3758.812,0.0,0.0,0.0,0.0,187940.6
1648830,IT,BG,TEXTI,MEATA,0.02,3758.676,3,3,3758.676,0.0,0.0,0.0,0.0,187933.8
1677784,IT,FR,COMPU,ELEC5,0.04,3758.344,3,3,3758.344,0.0,0.0,0.0,0.0,93958.6
1808542,IT,WF,PAPE4,FOOD5,0.02,3757.943,3,3,3757.943,0.0,0.0,0.0,0.0,187897.15
1717361,IT,NL,FINAN,SUPPO,0.05,3757.856,3,3,3757.856,0.0,0.0,0.0,0.0,75157.12
1659893,IT,DE,LANDT,FOOD3,0.02,3757.85,3,3,3757.85,0.0,0.0,0.0,0.0,187892.5
1760495,IT,IN,TEXTI,SUPPO,0.02,3757.804,3,3,3757.804,0.0,0.0,0.0,0.0,187890.2
1778728,IT,TR,RAILW,HOTEL,0.03,3757.677,3,3,3757.677,0.0,0.0,0.0,0.0,125255.9
1778496,IT,TR,RETA1,CROPS,0.04,3757.661,3,3,3757.661,0.0,0.0,0.0,0.0,93941.525
1683730,IT,HR,MACHI,GLASS,0.02,3757.655,3,3,3757.655,0.0,0.0,0.0,0.0,187882.75
1733451,IT,SI,SALEM,VEGET,0.03,3757.306,3,3,3757.306,0.0,0.0,0.0,0.0,125243.533333
1711141,IT,LU,FABRI,NFERT,0.02,3757.202,3,3,3757.202,0.0,0.0,0.0,0.0,187860.1
1731503,IT,SI,FISH5,FORES,0.02,3757.056,4,4,3757.054,0.0,0.0,0.0,0.002,187852.8
1776057,IT,TR,TEXTI,SEACO,0.02,3756.722,3,3,3756.722,0.0,0.0,0.0,0.0,187836.1
1813261,IT,WM,TRANS,RUBBE,0.02,3756.539,3,3,3756.539,0.0,0.0,0.0,0.0,187826.95
1714065,IT,MT,RAILW,WHOLE,0.03,3756.414,3,3,3756.414,0.0,0.0,0.0,0.0,125213.8
1712042,IT,LV,FOOD5,WHOLE,0.02,3756.367,3,3,3756.367,0.0,0.0,0.0,0.0,187818.35
1641184,IT,AT,PRINT,RADIO,0.04,3756.091,3,3,3756.091,0.0,0.0,0.0,0.0,93902.275
1769273,IT,AU,RUBBE,COPP1,0.01,3755.791,3,3,3755.791,0.0,0.0,0.0,0.0,375579.1
1745203,IT,JP,CROPS,BUSIN,0.03,3755.61,3,3,3755.61,0.0,0.0,0.0,0.0,125187.0
1714983,IT,NL,TOBAC,DAIRY,0.01,3755.252,3,3,3755.252,0.0,0.0,0.0,0.0,375525.2
1710872,IT,LU,PRINT,EDUCA,0.04,3755.081,3,3,3755.081,0.0,0.0,0.0,0.0,93877.025
1727092,IT,RO,LANDT,FISHF,0.02,3755.023,3,3,3755.023,0.0,0.0,0.0,0.0,187751.15
1770382,IT,AU,LANDT,BASIC,0.02,3754.65,3,3,3754.65,0.0,0.0,0.0,0.0,187732.5
1797964,IT,WL,PAPE4,MEATC,0.02,3754.605,3,3,3754.605,0.0,0.0,0.0,0.0,187730.25
1756636,IT,KR,LANDT,LEATH,0.02,3754.495,3,3,3754.495,0.0,0.0,0.0,0.0,187724.75
1781509,IT,NO,TEXTI,BEVER,0.02,3754.438,3,3,3754.438,0.0,0.0,0.0,0.0,187721.9
1808644,IT,WF,INERT,MEATA,0.03,3754.433,3,3,3754.433,0.0,0.0,0.0,0.0,125147.766667
1676171,IT,FR,CONST,GASDI,0.02,3754.326,3,3,3754.326,0.0,0.0,0.0,0.0,187716.3
1806957,IT,WF,LANDT,NICKE,0.02,3754.325,3,3,3754.325,0.0,0.0,0.0,0.0,187716.25
1806483,IT,WF,TRANS,ELEC1,0.02,3754.316,3,3,3754.316,0.0,0.0,0.0,0.0,187715.8
1808176,IT,WF,OILHA,CHEM1,0.02,3754.193,3,3,3754.193,0.0,0.0,0.0,0.0,187709.65
1717450,IT,NL,INSUR,FOOD2,0.08,3754.156,3,3,3754.156,0.0,0.0,0.0,0.0,46926.95
1791448,IT,WA,WHOLE,NONF1,0.03,3754.143,3,3,3754.143,0.0,0.0,0.0,0.0,125138.1
1758363,IT,BR,FABRI,NATUR,0.02,3753.876,3,3,3753.876,0.0,0.0,0.0,0.0,187693.8
1783094,IT,NO,INSUR,INSUR,0.08,3753.707,3,3,3753.707,0.0,0.0,0.0,0.0,46921.3375
1734588,IT,SK,BEVER,RUBBE,0.02,3753.554,3,3,3753.554,0.0,0.0,0.0,0.0,187677.7
1721880,IT,PL,RENTI,RAWMI,0.02,3753.441,3,3,3753.441,0.0,0.0,0.0,0.0,187672.05
1678262,IT,FR,FOOD2,FOOD5,0.02,3753.427,3,3,3753.427,0.0,0.0,0.0,0.0,187671.35
1789661,IT,WA,RUBBE,COPP1,0.01,3753.424,3,3,3753.424,0.0,0.0,0.0,0.0,375342.4
1793892,IT,WL,WEARI,MEATC,0.03,3753.23,3,3,3753.23,0.0,0.0,0.0,0.0,125107.666667
1654468,IT,CZ,RETA1,RENTI,0.04,3752.626,3,3,3752.626,0.0,0.0,0.0,0.0,93815.65
1725619,IT,RO,WOODW,WASTE,0.01,3752.603,3,3,3752.603,0.0,0.0,0.0,0.0,375260.3
1759662,IT,BR,RESEA,COLLE,0.02,3752.393,3,3,3752.393,0.0,0.0,0.0,0.0,187619.65
1807316,IT,WF,POSTT,FURNI,0.06,3752.188,3,3,3752.188,0.0,0.0,0.0,0.0,62536.466667
1774096,IT,CH,WHOLE,NUCLE,0.03,3751.817,3,3,3751.817,0.0,0.0,0.0,0.0,125060.566667
1809193,IT,WM,MEATA,POSTT,0.02,3751.7,3,3,3751.7,0.0,0.0,0.0,0.0,187585.0
1783958,IT,ID,MEAT4,MEAT4,0.02,3751.647,3,3,3751.647,0.0,0.0,0.0,0.0,187582.35
1684726,IT,HU,VEGET,BASIC,0.01,3751.618,3,3,3751.618,0.0,0.0,0.0,0.0,375161.8
1764801,IT,MX,LANDT,WHOLE,0.02,3751.454,3,3,3751.454,0.0,0.0,0.0,0.0,187572.7
1804028,IT,WF,WOODW,VEGE1,0.01,3751.311,3,3,3751.311,0.0,0.0,0.0,0.0,375131.1
1678633,IT,GR,MEATC,VEGE1,0.01,3751.131,3,3,3751.131,0.0,0.0,0.0,0.0,375113.1
1650051,IT,BG,MACHI,NONF1,0.02,3751.026,3,3,3751.026,0.0,0.0,0.0,0.0,187551.3
1813614,IT,WM,RETA1,PADDY,0.04,3750.832,3,3,3750.832,0.0,0.0,0.0,0.0,93770.8
1773952,IT,CH,SALEM,MEDIC,0.03,3750.465,3,3,3750.465,0.0,0.0,0.0,0.0,125015.5
1765700,IT,RU,PAPER,ELEC4,0.01,3750.152,3,3,3750.152,0.0,0.0,0.0,0.0,375015.2
1797965,IT,WL,PAPE4,MEAT1,0.02,3750.081,3,3,3750.081,0.0,0.0,0.0,0.0,187504.05
1807951,IT,WF,PLAS1,CERAM,0.01,3749.991,3,3,3749.991,0.0,0.0,0.0,0.0,374999.1
1793040,IT,WA,FOOD4,LEAD1,0.03,3749.816,3,3,3749.816,0.0,0.0,0.0,0.0,124993.866667
1717301,IT,NL,FINAN,CATTL,0.05,3749.816,3,3,3749.816,0.0,0.0,0.0,0.0,74996.32
1787440,IT,WA,STONE,PULP5,0.01,3749.742,3,3,3749.742,0.0,0.0,0.0,0.0,374974.2
1710376,IT,LT,HOTEL,NONSP,0.03,3749.408,3,3,3749.408,0.0,0.0,0.0,0.0,124980.266667
1647219,IT,BE,LANDT,COKEO,0.02,3749.323,3,3,3749.323,0.0,0.0,0.0,0.0,187466.15
1784612,IT,ID,MACHI,SECO9,0.02,3749.302,3,3,3749.302,0.0,0.0,0.0,0.0,187465.1
1791276,IT,WA,CONST,MOTOR,0.02,3749.29,3,3,3749.29,0.0,0.0,0.0,0.0,187464.5
1799009,IT,WE,TEXTI,FISH5,0.02,3749.28,3,3,3749.28,0.0,0.0,0.0,0.0,187464.0
1788163,IT,WA,WEARI,TRANS,0.03,3749.276,3,3,3749.276,0.0,0.0,0.0,0.0,124975.866667
1743267,IT,US,FURNI,KEROS,0.01,3749.161,3,3,3749.161,0.0,0.0,0.0,0.0,374916.1
1797227,IT,WL,FINAN,ELEC2,0.05,3749.142,3,3,3749.142,0.0,0.0,0.0,0.0,74982.84
1660769,IT,DE,COMPU,CRUDE,0.04,3748.689,3,3,3748.689,0.0,0.0,0.0,0.0,93717.225
1793989,IT,WL,WOODW,BRICK,0.01,3748.631,3,3,3748.631,0.0,0.0,0.0,0.0,374863.1
1797833,IT,WL,FOOD2,CEMEN,0.02,3748.484,3,3,3748.484,0.0,0.0,0.0,0.0,187424.2
1690513,IT,IE,INERT,HEALT,0.03,3748.475,3,3,3748.475,0.0,0.0,0.0,0.0,124949.166667
1661124,IT,DE,FOOD2,PAPE1,0.02,3748.448,3,3,3748.448,0.0,0.0,0.0,0.0,187422.4
1810260,IT,WM,LEATH,COPP1,0.03,3748.409,3,3,3748.409,0.0,0.0,0.0,0.0,124946.966667
1661350,IT,DK,MEATC,LANDT,0.01,3748.294,3,3,3748.294,0.0,0.0,0.0,0.0,374829.4
1721116,IT,PL,RAILW,NATUR,0.03,3748.137,3,3,3748.137,0.0,0.0,0.0,0.0,124937.9
1680833,IT,GR,RAILW,POSTT,0.03,3748.03,3,3,3748.03,0.0,0.0,0.0,0.0,124934.333333
1659447,IT,DE,WHOLE,RAILW,0.03,3747.599,3,3,3747.599,0.0,0.0,0.0,0.0,124919.966667
1729697,IT,SE,FABRI,INERT,0.02,3747.498,3,3,3747.498,0.0,0.0,0.0,0.0,187374.9
1721584,IT,PL,POSTT,BEVER,0.06,3747.467,3,3,3747.467,0.0,0.0,0.0,0.0,62457.783333
1813322,IT,WM,FURNI,SUGAR,0.01,3747.276,3,3,3747.276,0.0,0.0,0.0,0.0,374727.6
1709342,IT,LT,DAIRY,RAWMI,0.02,3747.029,3,3,3747.029,0.0,0.0,0.0,0.0,187351.45
1745482,IT,JP,FOOD5,LIQUE,0.02,3746.925,3,3,3746.925,0.0,0.0,0.0,0.0,187346.25
1770077,IT,AU,WHOLE,CHEMI,0.03,3746.907,3,3,3746.907,0.0,0.0,0.0,0.0,124896.9
1745341,IT,JP,VEGE1,REFIN,0.01,3746.842,3,3,3746.842,0.0,0.0,0.0,0.0,374684.2
1768002,IT,RU,COMPU,93197,0.04,3746.823,3,3,3746.823,0.0,0.0,0.0,0.0,93670.575
1768285,IT,AU,VEGET,RESEA,0.01,3746.616,3,3,3746.616,0.0,0.0,0.0,0.0,374661.6
1714762,IT,NL,DAIRY,INTER,0.02,3746.149,3,3,3746.149,0.0,0.0,0.0,0.0,187307.45
1795093,IT,WL,RUBBE,NICKE,0.01,3746.148,3,3,3746.148,0.0,0.0,0.0,0.0,374614.8
1767748,IT,RU,FINAN,RECRE,0.05,3745.991,3,3,3745.991,0.0,0.0,0.0,0.0,74919.82
1687388,IT,HU,HOTEL,ELECT,0.03,3745.686,3,3,3745.686,0.0,0.0,0.0,0.0,124856.2
1729910,IT,SE,FURNI,WOODW,0.01,3745.42,3,3,3745.42,0.0,0.0,0.0,0.0,374542.0
1767833,IT,RU,AUXIL,PRINT,0.07,3745.347,3,3,3745.347,0.0,0.0,0.0,0.0,53504.957143
1813274,IT,WM,TRANS,MACHI,0.02,3745.07,3,3,3745.07,0.0,0.0,0.0,0.0,187253.5
1767340,IT,RU,RAILW,CHEM1,0.03,3745.05,3,3,3745.05,0.0,0.0,0.0,0.0,124835.0
1774497,IT,CH,LANDT,ELEC4,0.02,3744.847,3,3,3744.847,0.0,0.0,0.0,0.0,187242.35
1664582,IT,EE,HOTEL,RAILW,0.03,3744.684,3,3,3744.684,0.0,0.0,0.0,0.0,124822.8
1735893,IT,SK,OFFIC,TRAN1,0.01,3744.636,3,3,3744.636,0.0,0.0,0.0,0.0,374463.6
1793019,IT,WA,FOOD3,PRIVA,0.01,3744.318,3,3,3744.318,0.0,0.0,0.0,0.0,374431.8
1781635,IT,NO,LEATH,MEATP,0.03,3744.287,3,3,3744.287,0.0,0.0,0.0,0.0,124809.566667
1726665,IT,RO,TRANS,KEROS,0.02,3744.286,3,3,3744.286,0.0,0.0,0.0,0.0,187214.3
1801158,IT,WE,FABRI,NICKE,0.02,3744.208,3,3,3744.208,0.0,0.0,0.0,0.0,187210.4
1663089,IT,DK,RAILW,NONME,0.03,3744.077,3,3,3744.077,0.0,0.0,0.0,0.0,124802.566667
1806725,IT,WF,WHOLE,ELECT,0.03,3743.717,3,3,3743.717,0.0,0.0,0.0,0.0,124790.566667
1751837,IT,CN,RENTI,GLASS,0.02,3743.702,3,3,3743.702,0.0,0.0,0.0,0.0,187185.1
1664802,IT,ES,VEGET,CHEM1,0.01,3743.69,3,3,3743.69,0.0,0.0,0.0,0.0,374369.0
1730025,IT,SE,WHOLE,WEARI,0.03,3743.508,3,3,3743.508,0.0,0.0,0.0,0.0,124783.6
1669256,IT,ES,FINAN,ANIMA,0.05,3743.435,3,3,3743.435,0.0,0.0,0.0,0.0,74868.7
1803657,IT,WF,FOOD5,COMPU,0.02,3743.252,3,3,3743.252,0.0,0.0,0.0,0.0,187162.6
1672479,IT,FI,PAPE4,WHOLE,0.02,3742.899,3,3,3742.899,0.0,0.0,0.0,0.0,187144.95
1662611,IT,DK,FABRI,PAPE1,0.02,3742.885,3,3,3742.885,0.0,0.0,0.0,0.0,187144.25
1671474,IT,FI,MACHI,PIGS9,0.02,3742.358,3,3,3742.358,0.0,0.0,0.0,0.0,187117.9
1673236,IT,FR,FISH5,WEARI,0.02,3742.292,4,4,3742.29,0.0,0.0,0.0,0.002,187114.6
1710235,IT,LT,OFFIC,RESEA,0.01,3742.229,3,3,3742.229,0.0,0.0,0.0,0.0,374222.9
1775591,IT,CH,RECRE,FURNI,0.05,3742.205,3,3,3742.205,0.0,0.0,0.0,0.0,74844.1
1669040,IT,ES,SUPPO,PETRO,0.03,3742.03,3,3,3742.03,0.0,0.0,0.0,0.0,124734.333333
1651202,IT,BG,BUSIN,COLLE,0.04,3741.887,3,3,3741.887,0.0,0.0,0.0,0.0,93547.175
1671548,IT,FI,OFFIC,POSTT,0.01,3741.875,3,3,3741.875,0.0,0.0,0.0,0.0,374187.5
1670359,IT,FI,DAIRY,POULT,0.02,3741.521,3,3,3741.521,0.0,0.0,0.0,0.0,187076.05
1722448,IT,PT,VEGE1,BUSIN,0.01,3741.448,3,3,3741.448,0.0,0.0,0.0,0.0,374144.8
1776031,IT,TR,TEXTI,CEMEN,0.02,3741.344,3,3,3741.344,0.0,0.0,0.0,0.0,187067.2
1730336,IT,SE,SUPPO,PULP5,0.03,3741.314,3,3,3741.314,0.0,0.0,0.0,0.0,124710.466667
1709413,IT,LT,BEVER,COMPU,0.02,3741.187,3,3,3741.187,0.0,0.0,0.0,0.0,187059.35
1805457,IT,WF,GLASS,BASIC,0.01,3740.923,3,3,3740.923,0.0,0.0,0.0,0.0,374092.3
1766936,IT,RU,MOTO1,PROCE,0.02,3740.799,3,3,3740.799,0.0,0.0,0.0,0.0,187039.95
1685112,IT,HU,FOOD5,BASIC,0.02,3740.755,3,3,3740.755,0.0,0.0,0.0,0.0,187037.75
1679068,IT,GR,WOODW,HEALT,0.01,3740.696,3,3,3740.696,0.0,0.0,0.0,0.0,374069.6
1654410,IT,CZ,WHOLE,GLASS,0.03,3740.575,3,3,3740.575,0.0,0.0,0.0,0.0,124685.833333
1690521,IT,IE,TEXT2,RETA1,0.03,3740.557,3,3,3740.557,0.0,0.0,0.0,0.0,124685.233333
1717462,IT,NL,AUXIL,RETA1,0.07,3740.517,3,3,3740.517,0.0,0.0,0.0,0.0,53435.957143
1746073,IT,JP,PRINT,NONME,0.04,3740.509,3,3,3740.509,0.0,0.0,0.0,0.0,93512.725
1668114,IT,ES,CONST,SALEM,0.02,3740.256,3,3,3740.256,0.0,0.0,0.0,0.0,187012.8
1670009,IT,ES,HEALT,HOTEL,0.02,3740.178,3,3,3740.178,0.0,0.0,0.0,0.0,187008.9
1726414,IT,RO,FABRI,NATU1,0.02,3740.109,3,3,3740.109,0.0,0.0,0.0,0.0,187005.45
1728502,IT,SE,WOODW,COPP1,0.01,3740.096,3,3,3740.096,0.0,0.0,0.0,0.0,374009.6
1802775,IT,WE,BUSIN,GASDI,0.04,3740.095,3,3,3740.095,0.0,0.0,0.0,0.0,93502.375
1807410,IT,WF,INSUR,VEGET,0.08,3740.072,3,3,3740.072,0.0,0.0,0.0,0.0,46750.9
1783977,IT,ID,DAIRY,WHOLE,0.02,3740.023,3,3,3740.023,0.0,0.0,0.0,0.0,187001.15
1753438,IT,CA,FABRI,COKEO,0.02,3739.755,3,3,3739.755,0.0,0.0,0.0,0.0,186987.75
1716626,IT,NL,SALEM,PAPE1,0.03,3739.58,3,3,3739.58,0.0,0.0,0.0,0.0,124652.666667
1744883,IT,US,BUSIN,FISH5,0.04,3739.545,3,3,3739.545,0.0,0.0,0.0,0.0,93488.625
1716578,IT,NL,SALEM,FISH5,0.03,3739.498,3,3,3739.498,0.0,0.0,0.0,0.0,124649.933333
1807330,IT,WF,POSTT,TRAN2,0.06,3739.376,3,3,3739.376,0.0,0.0,0.0,0.0,62322.933333
1769659,IT,AU,FABRI,ELEC5,0.02,3739.282,3,3,3739.282,0.0,0.0,0.0,0.0,186964.1
1748450,IT,CN,STONE,KEROS,0.01,3739.118,3,3,3739.118,0.0,0.0,0.0,0.0,373911.8
1644759,IT,BE,FISH5,FISH5,0.02,3739.038,4,4,3739.036,0.0,0.0,0.0,0.002,186951.9
1740854,IT,US,VEGE1,MEMBE,0.01,3738.931,3,3,3738.931,0.0,0.0,0.0,0.0,373893.1
1759726,IT,BR,BUSIN,FISH5,0.04,3738.589,3,3,3738.589,0.0,0.0,0.0,0.0,93464.725
1687935,IT,HU,RENTI,RAWMI,0.02,3738.423,3,3,3738.423,0.0,0.0,0.0,0.0,186921.15
1715102,IT,NL,WEARI,AUXIL,0.03,3738.273,3,3,3738.273,0.0,0.0,0.0,0.0,124609.1
1785372,IT,ZA,WOODW,POSTT,0.01,3738.033,3,3,3738.033,0.0,0.0,0.0,0.0,373803.3
1728319,IT,SE,BEVER,MEMBE,0.02,3738.02,3,3,3738.02,0.0,0.0,0.0,0.0,186901.0
1671391,IT,FI,FABRI,MEAT4,0.02,3737.79,3,3,3737.79,0.0,0.0,0.0,0.0,186889.5
1677228,IT,FR,POSTT,FOOD2,0.06,3737.76,3,3,3737.76,0.0,0.0,0.0,0.0,62296.0
1751736,IT,CN,INSUR,INLAN,0.08,3737.499,3,3,3737.499,0.0,0.0,0.0,0.0,46718.7375
1690393,IT,IE,WASTE,WASTE,0.01,3737.476,3,3,3737.476,0.0,0.0,0.0,0.0,373747.6
1776407,IT,TR,PRINT,INSUR,0.04,3737.273,3,3,3737.273,0.0,0.0,0.0,0.0,93431.825
1665557,IT,ES,LEATH,PLAST,0.03,3737.15,3,3,3737.15,0.0,0.0,0.0,0.0,124571.666667
1776300,IT,TR,PAPER,LIQUE,0.01,3737.014,3,3,3737.014,0.0,0.0,0.0,0.0,373701.4
1762696,IT,IN,BUSIN,NATU1,0.04,3736.983,3,3,3736.983,0.0,0.0,0.0,0.0,93424.575
1663480,IT,DK,RENTI,CRUDE,0.02,3736.937,3,3,3736.937,0.0,0.0,0.0,0.0,186846.85
1775479,IT,CH,PLAS1,RENTI,0.01,3736.863,3,3,3736.863,0.0,0.0,0.0,0.0,373686.3
1779871,IT,TR,PUBLI,RAILW,0.06,3736.836,3,3,3736.836,0.0,0.0,0.0,0.0,62280.6
1784492,IT,ID,FABRI,TEXTI,0.02,3736.64,3,3,3736.64,0.0,0.0,0.0,0.0,186832.0
1810350,IT,WM,WOODW,PREC1,0.01,3736.584,3,3,3736.584,0.0,0.0,0.0,0.0,373658.4
1687549,IT,HU,LANDT,SECO9,0.02,3736.263,3,3,3736.263,0.0,0.0,0.0,0.0,186813.15
1710973,IT,LU,GLASS,FABRI,0.01,3736.124,3,3,3736.124,0.0,0.0,0.0,0.0,373612.4
1721768,IT,PL,INSUR,RENTI,0.08,3735.69,3,3,3735.69,0.0,0.0,0.0,0.0,46696.125
1780698,IT,TW,REALE,PAPER,0.16,3735.528,3,3,3735.528,0.0,0.0,0.0,0.0,23347.05
1792232,IT,WA,POSTT,TEXTI,0.06,3735.502,3,3,3735.502,0.0,0.0,0.0,0.0,62258.366667
1640505,IT,AT,PROCE,RETA1,0.03,3735.473,3,3,3735.473,0.0,0.0,0.0,0.0,124515.766667
1688581,IT,IE,PRINT,TRAN1,0.04,3735.27,3,3,3735.27,0.0,0.0,0.0,0.0,93381.75
1775519,IT,CH,FOOD2,HEALT,0.02,3735.106,3,3,3735.106,0.0,0.0,0.0,0.0,186755.3
1731043,IT,SE,93197,BUSIN,0.03,3735.099,3,3,3735.099,0.0,0.0,0.0,0.0,124503.3
1774893,IT,CH,INSUR,FOOD5,0.08,3734.841,3,3,3734.841,0.0,0.0,0.0,0.0,46685.5125
1788604,IT,WA,PAPER,PAPE1,0.01,3734.764,3,3,3734.764,0.0,0.0,0.0,0.0,373476.4
1757433,IT,BR,PAPER,LEADZ,0.01,3734.433,3,3,3734.433,0.0,0.0,0.0,0.0,373443.3
1813678,IT,WM,RETA1,MOTO1,0.04,3734.323,3,3,3734.323,0.0,0.0,0.0,0.0,93358.075
1736451,IT,SK,LANDT,FINAN,0.02,3734.125,3,3,3734.125,0.0,0.0,0.0,0.0,186706.25
1740754,IT,US,MEAT4,LIQUE,0.02,3733.678,3,3,3733.678,0.0,0.0,0.0,0.0,186683.9
1657521,IT,DE,GLASS,ANIMA,0.01,3733.653,3,3,3733.653,0.0,0.0,0.0,0.0,373365.3
1727760,IT,RO,BUSIN,OILSE,0.04,3733.629,3,3,3733.629,0.0,0.0,0.0,0.0,93340.725
1788155,IT,WA,WEARI,FOUND,0.03,3733.435,3,3,3733.435,0.0,0.0,0.0,0.0,124447.833333
1669253,IT,ES,FINAN,CATTL,0.05,3733.272,3,3,3733.272,0.0,0.0,0.0,0.0,74665.44
1770968,IT,CH,VEGET,DIST1,0.01,3733.235,3,3,3733.235,0.0,0.0,0.0,0.0,373323.5
1681411,IT,GR,REALE,BUSIN,0.16,3733.153,3,3,3733.153,0.0,0.0,0.0,0.0,23332.20625
1766711,IT,RU,FABRI,TEXT2,0.02,3733.065,3,3,3733.065,0.0,0.0,0.0,0.0,186653.25
1656379,IT,DE,WOODW,PREC1,0.01,3733.039,3,3,3733.039,0.0,0.0,0.0,0.0,373303.9
1813577,IT,WM,WHOLE,RADIO,0.03,3732.901,3,3,3732.901,0.0,0.0,0.0,0.0,124430.033333
1755188,IT,KR,WOODW,CEREA,0.01,3732.781,3,3,3732.781,0.0,0.0,0.0,0.0,373278.1
1721052,IT,PL,HOTEL,COPP1,0.03,3732.617,3,3,3732.617,0.0,0.0,0.0,0.0,124420.566667
1665305,IT,ES,BEVER,COMPU,0.02,3732.589,3,3,3732.589,0.0,0.0,0.0,0.0,186629.45
1787766,IT,WA,DAIRY,PRECI,0.02,3732.301,3,3,3732.301,0.0,0.0,0.0,0.0,186615.05
1662906,IT,DK,RETA1,NATUR,0.04,3731.936,3,3,3731.936,0.0,0.0,0.0,0.0,93298.4
1748567,IT,CN,VEGE1,NAPHT,0.01,3731.781,3,3,3731.781,0.0,0.0,0.0,0.0,373178.1
1771655,IT,CH,WEARI,BASIC,0.03,3731.724,3,3,3731.724,0.0,0.0,0.0,0.0,124390.8
1673811,IT,FR,PRINT,FORES,0.04,3731.571,3,3,3731.571,0.0,0.0,0.0,0.0,93289.275
1811216,IT,WM,WHITE,BEVER,0.02,3731.282,3,3,3731.282,0.0,0.0,0.0,0.0,186564.1
1660354,IT,DE,FINAN,REFI1,0.05,3731.09,3,3,3731.09,0.0,0.0,0.0,0.0,74621.8
1658513,IT,DE,FABRI,PLAS2,0.02,3731.042,3,3,3731.042,0.0,0.0,0.0,0.0,186552.1
1743230,IT,US,TRANS,FINAN,0.02,3730.998,3,3,3730.998,0.0,0.0,0.0,0.0,186549.9
1710359,IT,LT,HOTEL,CEREA,0.03,3730.691,3,3,3730.691,0.0,0.0,0.0,0.0,124356.366667
1750665,IT,CN,MOTO1,LIQUE,0.02,3730.609,3,3,3730.609,0.0,0.0,0.0,0.0,186530.45
1758741,IT,BR,WHOLE,RADIO,0.03,3730.405,3,3,3730.405,0.0,0.0,0.0,0.0,124346.833333
1711153,IT,LU,FABRI,RADIO,0.02,3730.397,3,3,3730.397,0.0,0.0,0.0,0.0,186519.85
1671737,IT,FI,SALEM,REALE,0.03,3730.388,3,3,3730.388,0.0,0.0,0.0,0.0,124346.266667
1680121,IT,GR,OFFIC,RUBBE,0.01,3730.263,3,3,3730.263,0.0,0.0,0.0,0.0,373026.3
1783670,IT,NO,WASTE,MACHI,0.01,3730.25,3,3,3730.25,0.0,0.0,0.0,0.0,373025.0
1687228,IT,HU,SALEM,BUSIN,0.03,3730.138,3,3,3730.138,0.0,0.0,0.0,0.0,124337.933333
1751345,IT,CN,LANDT,RAILW,0.02,3729.973,3,3,3729.973,0.0,0.0,0.0,0.0,186498.65
1738976,IT,GB,SALEM,DAIRY,0.03,3729.771,3,3,3729.771,0.0,0.0,0.0,0.0,124325.7
1757142,IT,BR,STONE,CEMEN,0.01,3729.744,3,3,3729.744,0.0,0.0,0.0,0.0,372974.4
1719430,IT,PL,RUBBE,ELEC6,0.01,3729.718,3,3,3729.718,0.0,0.0,0.0,0.0,372971.8
1737197,IT,GB,DAIRY,FINAN,0.02,3729.693,3,3,3729.693,0.0,0.0,0.0,0.0,186484.65
1771210,IT,CH,VEGE1,MEATC,0.01,3729.61,3,3,3729.61,0.0,0.0,0.0,0.0,372961.0
1779479,IT,TR,RENTI,HEAVY,0.02,3729.436,3,3,3729.436,0.0,0.0,0.0,0.0,186471.8
1661651,IT,DK,TEXTI,BRICK,0.02,3729.153,3,3,3729.153,0.0,0.0,0.0,0.0,186457.65
1716487,IT,NL,OFFIC,DISTR,0.01,3729.063,3,3,3729.063,0.0,0.0,0.0,0.0,372906.3
1679543,IT,GR,RUBBE,PROCE,0.01,3728.825,3,3,3728.825,0.0,0.0,0.0,0.0,372882.5
1646837,IT,BE,RETAI,WOODW,0.03,3728.756,3,3,3728.756,0.0,0.0,0.0,0.0,124291.866667
1770056,IT,AU,SALEM,PUBLI,0.03,3728.283,3,3,3728.283,0.0,0.0,0.0,0.0,124276.1
1738150,IT,GB,GLASS,LEAD1,0.01,3728.143,3,3,3728.143,0.0,0.0,0.0,0.0,372814.3
1742991,IT,US,OFFIC,VEGET,0.01,3727.956,3,3,3727.956,0.0,0.0,0.0,0.0,372795.6
1767364,IT,RU,RAILW,HEALT,0.02,3727.651,3,3,3727.651,0.0,0.0,0.0,0.0,186382.55
1652807,IT,CZ,PRINT,PAPER,0.04,3727.358,3,3,3727.358,0.0,0.0,0.0,0.0,93183.95
1771172,IT,CH,MEAT4,GASDI,0.02,3727.22,3,3,3727.22,0.0,0.0,0.0,0.0,186361.0
1733166,IT,SI,FABRI,OILHA,0.02,3726.796,3,3,3726.796,0.0,0.0,0.0,0.0,186339.8
1676734,IT,FR,RAILW,WASTE,0.02,3726.742,3,3,3726.742,0.0,0.0,0.0,0.0,186337.1
1654465,IT,CZ,RETA1,FINAN,0.04,3726.645,3,3,3726.645,0.0,0.0,0.0,0.0,93166.125
1712033,IT,LV,FOOD5,FORES,0.02,3726.461,3,3,3726.461,0.0,0.0,0.0,0.0,186323.05
1709394,IT,LT,BEVER,WEARI,0.02,3726.426,3,3,3726.426,0.0,0.0,0.0,0.0,186321.3
1804208,IT,WF,PRINT,FABRI,0.04,3726.352,3,3,3726.352,0.0,0.0,0.0,0.0,93158.8
1662118,IT,DK,RUBBE,MEATA,0.01,3726.331,3,3,3726.331,0.0,0.0,0.0,0.0,372633.1
1771518,IT,CH,FISH5,EDUCA,0.02,3725.938,4,4,3725.936,0.0,0.0,0.0,0.002,186296.9
1746345,IT,JP,RUBBE,FORES,0.01,3725.785,3,3,3725.785,0.0,0.0,0.0,0.0,372578.5
1648826,IT,BG,TEXTI,CEREA,0.02,3725.589,3,3,3725.589,0.0,0.0,0.0,0.0,186279.45
1721932,IT,PL,RENTI,FOOD2,0.02,3725.53,3,3,3725.53,0.0,0.0,0.0,0.0,186276.5
1793246,IT,WA,PRIVA,PROCE,0.83,3725.316,3,3,3725.316,0.0,0.0,0.0,0.0,4488.33253
1753722,IT,CA,TRANS,BUSIN,0.02,3725.237,3,3,3725.237,0.0,0.0,0.0,0.0,186261.85
1718500,IT,PL,TEXTI,DISTR,0.02,3725.1,3,3,3725.1,0.0,0.0,0.0,0.0,186255.0
1652454,IT,CZ,WEARI,SUGAR,0.03,3725.098,3,3,3725.098,0.0,0.0,0.0,0.0,124169.933333
1743333,IT,US,CONST,RESEA,0.02,3725.082,3,3,3725.082,0.0,0.0,0.0,0.0,186254.1
1679036,IT,GR,WOODW,BIODI,0.01,3724.931,3,3,3724.931,0.0,0.0,0.0,0.0,372493.1
1659073,IT,DE,ELEC4,HOTEL,0.06,3724.906,3,3,3724.906,0.0,0.0,0.0,0.0,62081.766667
1783267,IT,NO,FOODW,WOODW,0.03,3724.712,3,3,3724.712,0.0,0.0,0.0,0.0,124157.066667
1657617,IT,DE,GLASS,INTER,0.01,3724.26,3,3,3724.26,0.0,0.0,0.0,0.0,372426.0
1758782,IT,BR,RETA1,CHEM1,0.04,3723.888,3,3,3723.888,0.0,0.0,0.0,0.0,93097.2
1794154,IT,WL,PRINT,FORES,0.04,3723.674,3,3,3723.674,0.0,0.0,0.0,0.0,93091.85
1780445,IT,TW,SUPPO,INLAN,0.03,3723.279,3,3,3723.279,0.0,0.0,0.0,0.0,124109.3
1681630,IT,GR,RECRE,RESEA,0.05,3723.109,3,3,3723.109,0.0,0.0,0.0,0.0,74462.18
1786254,IT,ZA,FABRI,FISHF,0.02,3723.063,3,3,3723.063,0.0,0.0,0.0,0.0,186153.15
1782051,IT,NO,GLASS,VEGET,0.01,3723.033,3,3,3723.033,0.0,0.0,0.0,0.0,372303.3
1717439,IT,NL,INSUR,RESEA,0.08,3722.782,3,3,3722.782,0.0,0.0,0.0,0.0,46534.775
1655428,IT,DE,FORES,LIGNI,0.03,3722.583,4,4,3721.583,0.0,1.0,0.0,0.0,124086.1
1690422,IT,IE,FOOD4,SALEM,0.03,3722.581,3,3,3722.581,0.0,0.0,0.0,0.0,124086.033333
1710423,IT,LT,LANDT,PIGS9,0.02,3722.301,3,3,3722.301,0.0,0.0,0.0,0.0,186115.05
1648455,IT,BG,VEGET,MEATC,0.01,3722.091,3,3,3722.091,0.0,0.0,0.0,0.0,372209.1
1769256,IT,AU,RUBBE,HEAVY,0.01,3721.829,3,3,3721.829,0.0,0.0,0.0,0.0,372182.9
1661888,IT,DK,PAPER,SEWAG,0.01,3721.763,3,3,3721.763,0.0,0.0,0.0,0.0,372176.3
1740585,IT,US,ANIMA,CHEM1,0.01,3721.66,3,3,3721.66,0.0,0.0,0.0,0.0,372166.0
1665604,IT,ES,WOODW,STONE,0.01,3721.366,3,3,3721.366,0.0,0.0,0.0,0.0,372136.6
1769842,IT,AU,OFFIC,WOOLS,0.01,3721.309,3,3,3721.309,0.0,0.0,0.0,0.0,372130.9
1734684,IT,SK,LEATH,MEATC,0.03,3721.16,3,3,3721.16,0.0,0.0,0.0,0.0,124038.666667
1729838,IT,SE,MOTO1,RAWMI,0.02,3721.057,3,3,3721.057,0.0,0.0,0.0,0.0,186052.85
1668394,IT,ES,RETA1,NUCLE,0.04,3720.914,3,3,3720.914,0.0,0.0,0.0,0.0,93022.85
1720736,IT,PL,TRANS,GASDI,0.02,3720.784,3,3,3720.784,0.0,0.0,0.0,0.0,186039.2
1802157,IT,WE,HOTEL,TOBAC,0.03,3720.719,3,3,3720.719,0.0,0.0,0.0,0.0,124023.966667
1666709,IT,ES,RUBBE,FORES,0.01,3720.606,3,3,3720.606,0.0,0.0,0.0,0.0,372060.6
1664614,IT,EE,LANDT,RAWMI,0.02,3720.508,3,3,3720.508,0.0,0.0,0.0,0.0,186025.4
1746412,IT,JP,RUBBE,RAILW,0.01,3720.345,3,3,3720.345,0.0,0.0,0.0,0.0,372034.5
1793394,IT,WL,CROPS,ANIMA,0.03,3720.255,3,3,3720.255,0.0,0.0,0.0,0.0,124008.5
1762130,IT,IN,LANDT,RAWMI,0.02,3720.118,3,3,3720.118,0.0,0.0,0.0,0.0,186005.9
1733506,IT,SI,WHOLE,FABRI,0.03,3720.1,3,3,3720.1,0.0,0.0,0.0,0.0,124003.333333
1728068,IT,SE,MEAT1,FISHF,0.02,3720.016,3,3,3720.016,0.0,0.0,0.0,0.0,186000.8
1769994,IT,AU,FURNI,PLANT,0.01,3719.465,3,3,3719.465,0.0,0.0,0.0,0.0,371946.5
1802761,IT,WE,RESEA,93197,0.02,3719.276,3,3,3719.276,0.0,0.0,0.0,0.0,185963.8
1769230,IT,AU,RUBBE,LIGNI,0.01,3719.153,3,3,3719.153,0.0,0.0,0.0,0.0,371915.3
1747343,IT,JP,RETA1,COKEO,0.04,3719.137,3,3,3719.137,0.0,0.0,0.0,0.0,92978.425
1745278,IT,JP,MEATP,SEACO,0.02,3719.131,3,3,3719.131,0.0,0.0,0.0,0.0,185956.55
1717798,IT,NL,FOOD2,PLAST,0.02,3719.056,3,3,3719.056,0.0,0.0,0.0,0.0,185952.8
1762321,IT,IN,SUPPO,RAWMI,0.03,3718.908,3,3,3718.908,0.0,0.0,0.0,0.0,123963.6
1643170,IT,AT,RETA1,OILHA,0.04,3718.79,3,3,3718.79,0.0,0.0,0.0,0.0,92969.75
1804052,IT,WF,WOODW,ELECT,0.01,3718.776,3,3,3718.776,0.0,0.0,0.0,0.0,371877.6
1767382,IT,RU,LANDT,MEAT4,0.02,3718.726,3,3,3718.726,0.0,0.0,0.0,0.0,185936.3
1729121,IT,SE,GLASS,IRONO,0.01,3718.692,3,3,3718.692,0.0,0.0,0.0,0.0,371869.2
1731667,IT,SI,WOODW,GLASS,0.01,3718.514,3,3,3718.514,0.0,0.0,0.0,0.0,371851.4
1734557,IT,SK,FOOD5,MOTO1,0.02,3718.375,3,3,3718.375,0.0,0.0,0.0,0.0,185918.75
1755236,IT,KR,PULP5,RUBBE,0.01,3718.3,3,3,3718.3,0.0,0.0,0.0,0.0,371830.0
1668310,IT,ES,WHOLE,ELEC2,0.03,3718.199,3,3,3718.199,0.0,0.0,0.0,0.0,123939.966667
1648347,IT,BE,HEALT,BUSIN,0.02,3718.038,3,3,3718.038,0.0,0.0,0.0,0.0,185901.9
1731514,IT,SI,FISH5,ALUM1,0.02,3717.79,4,4,3717.788,0.0,0.0,0.0,0.002,185889.5
1794208,IT,WL,PRINT,ELEC1,0.04,3717.568,3,3,3717.568,0.0,0.0,0.0,0.0,92939.2
1778233,IT,TR,FURNI,INSUR,0.01,3717.332,3,3,3717.332,0.0,0.0,0.0,0.0,371733.2
1659057,IT,DE,ELEC4,CHEM1,0.06,3717.14,3,3,3717.14,0.0,0.0,0.0,0.0,61952.333333
1751647,IT,CN,FINAN,WHOLE,0.05,3717.112,3,3,3717.112,0.0,0.0,0.0,0.0,74342.24
1653356,IT,CZ,GLASS,ELEC3,0.01,3717.07,3,3,3717.07,0.0,0.0,0.0,0.0,371707.0
1671100,IT,FI,RUBBE,PAPE4,0.01,3716.916,3,3,3716.916,0.0,0.0,0.0,0.0,371691.6
1783271,IT,NO,FOODW,GLASS,0.03,3716.902,3,3,3716.902,0.0,0.0,0.0,0.0,123896.733333
1741352,IT,US,PRINT,WOODW,0.04,3716.813,3,3,3716.813,0.0,0.0,0.0,0.0,92920.325
1717250,IT,NL,POSTT,WOODW,0.06,3716.792,3,3,3716.792,0.0,0.0,0.0,0.0,61946.533333
1746737,IT,JP,FABRI,FINAN,0.02,3716.738,3,3,3716.738,0.0,0.0,0.0,0.0,185836.9
1718760,IT,PL,PAPER,PLANT,0.01,3716.585,3,3,3716.585,0.0,0.0,0.0,0.0,371658.5
1664474,IT,EE,OFFIC,RENTI,0.01,3715.989,3,3,3715.989,0.0,0.0,0.0,0.0,371598.9
1651561,IT,CY,RUBBE,FINAN,0.01,3715.759,3,3,3715.759,0.0,0.0,0.0,0.0,371575.9
1753099,IT,CA,RUBBE,COKEO,0.01,3715.496,3,3,3715.496,0.0,0.0,0.0,0.0,371549.6
1685103,IT,HU,FOOD5,ADDIT,0.02,3715.495,3,3,3715.495,0.0,0.0,0.0,0.0,185774.75
1676160,IT,FR,CONST,FISH5,0.02,3715.487,3,3,3715.487,0.0,0.0,0.0,0.0,185774.35
1731006,IT,SE,FOOD3,NONFE,0.01,3715.377,3,3,3715.377,0.0,0.0,0.0,0.0,371537.7
1784964,IT,ID,INSUR,ELECT,0.08,3715.304,3,3,3715.304,0.0,0.0,0.0,0.0,46441.3
1757014,IT,KR,BUSIN,FISH5,0.04,3715.283,3,3,3715.283,0.0,0.0,0.0,0.0,92882.075
1766704,IT,RU,FABRI,OILHA,0.02,3714.767,3,3,3714.767,0.0,0.0,0.0,0.0,185738.35
1661139,IT,DE,RECRE,DIST1,0.05,3714.744,3,3,3714.744,0.0,0.0,0.0,0.0,74294.88
1657507,IT,DE,RUBBE,WOOD2,0.01,3714.59,3,3,3714.59,0.0,0.0,0.0,0.0,371459.0
1662911,IT,DK,RETA1,FOOD5,0.04,3714.54,3,3,3714.54,0.0,0.0,0.0,0.0,92863.5
1737419,IT,GB,WEARI,FOOD5,0.03,3714.309,3,3,3714.309,0.0,0.0,0.0,0.0,123810.3
1716974,IT,NL,LANDT,CATTL,0.02,3714.025,3,3,3714.025,0.0,0.0,0.0,0.0,185701.25
1785145,IT,ZA,DAIRY,FOOD3,0.02,3713.748,3,3,3713.748,0.0,0.0,0.0,0.0,185687.4
1755727,IT,KR,GLASS,LIQUE,0.01,3713.619,3,3,3713.619,0.0,0.0,0.0,0.0,371361.9
1716568,IT,NL,SALEM,POULT,0.03,3713.599,3,3,3713.599,0.0,0.0,0.0,0.0,123786.633333
1690094,IT,IE,RENTI,PUBLI,0.02,3713.585,3,3,3713.585,0.0,0.0,0.0,0.0,185679.25
1684336,IT,HR,SUPPO,TRANS,0.03,3713.551,3,3,3713.551,0.0,0.0,0.0,0.0,123785.033333
1768068,IT,RU,BUSIN,FOUND,0.04,3713.544,3,3,3713.544,0.0,0.0,0.0,0.0,92838.6
1784112,IT,ID,WOODW,MOTO1,0.01,3713.206,3,3,3713.206,0.0,0.0,0.0,0.0,371320.6
1673712,IT,FR,PAPER,REFI1,0.01,3713.178,3,3,3713.178,0.0,0.0,0.0,0.0,371317.8
1747326,IT,JP,RETA1,PADDY,0.04,3713.139,3,3,3713.139,0.0,0.0,0.0,0.0,92828.475
1783488,IT,NO,WOOD1,PLAS1,0.03,3713.133,3,3,3713.133,0.0,0.0,0.0,0.0,123771.1
1685012,IT,HU,VEGE1,COMPU,0.01,3713.112,3,3,3713.112,0.0,0.0,0.0,0.0,371311.2
1803422,IT,WF,MEATP,MEATA,0.02,3712.662,3,3,3712.662,0.0,0.0,0.0,0.0,185633.1
1654404,IT,CZ,WHOLE,MOTOR,0.03,3712.635,3,3,3712.635,0.0,0.0,0.0,0.0,123754.5
1689990,IT,IE,REALE,FURNI,0.16,3712.549,3,3,3712.549,0.0,0.0,0.0,0.0,23203.43125
1676320,IT,FR,RETAI,PFERT,0.03,3712.203,3,3,3712.203,0.0,0.0,0.0,0.0,123740.1
1727409,IT,RO,FINAN,ELEC4,0.05,3711.643,3,3,3711.643,0.0,0.0,0.0,0.0,74232.86
1791135,IT,WA,TRANS,RENTI,0.02,3711.64,3,3,3711.64,0.0,0.0,0.0,0.0,185582.0
1671811,IT,FI,RETA1,PAPER,0.04,3711.463,3,3,3711.463,0.0,0.0,0.0,0.0,92786.575
1645088,IT,BE,PAPER,STEAM,0.01,3711.43,3,3,3711.43,0.0,0.0,0.0,0.0,371143.0
1644695,IT,BE,BEVER,PREC1,0.02,3711.128,3,3,3711.128,0.0,0.0,0.0,0.0,185556.4
1720539,IT,PL,OFFIC,PFERT,0.01,3711.035,3,3,3711.035,0.0,0.0,0.0,0.0,371103.5
1720589,IT,PL,OFFIC,FOOD4,0.01,3710.884,3,3,3710.884,0.0,0.0,0.0,0.0,371088.4
1670351,IT,FI,VEGE1,SUPPO,0.01,3710.838,3,3,3710.838,0.0,0.0,0.0,0.0,371083.8
1798881,IT,WE,BEVER,HEAVY,0.02,3710.822,3,3,3710.822,0.0,0.0,0.0,0.0,185541.1
1643793,IT,AT,POSTT,RECRE,0.06,3710.68,3,3,3710.68,0.0,0.0,0.0,0.0,61844.666667
1676290,IT,FR,SALEM,FOOD3,0.03,3710.657,3,3,3710.657,0.0,0.0,0.0,0.0,123688.566667
1764643,IT,MX,RETA1,PREC1,0.04,3710.62,3,3,3710.62,0.0,0.0,0.0,0.0,92765.5
1677663,IT,FR,RENTI,CEREA,0.02,3710.283,3,3,3710.283,0.0,0.0,0.0,0.0,185514.15
1749281,IT,CN,PAPER,RETAI,0.01,3710.052,3,3,3710.052,0.0,0.0,0.0,0.0,371005.2
1775998,IT,TR,TEXTI,RAWMI,0.02,3709.994,3,3,3709.994,0.0,0.0,0.0,0.0,185499.7
1764537,IT,MX,SALEM,OFFIC,0.03,3709.74,3,3,3709.74,0.0,0.0,0.0,0.0,123658.0
1807879,IT,WF,PAPE1,RAILW,0.03,3709.736,3,3,3709.736,0.0,0.0,0.0,0.0,123657.866667
1714712,IT,NL,VEGE1,EDUCA,0.01,3709.709,3,3,3709.709,0.0,0.0,0.0,0.0,370970.9
1784661,IT,ID,OFFIC,ELEC1,0.01,3709.576,3,3,3709.576,0.0,0.0,0.0,0.0,370957.6
1659448,IT,DE,WHOLE,LANDT,0.03,3709.518,3,3,3709.518,0.0,0.0,0.0,0.0,123650.6
1788020,IT,WA,TEXTI,BITU1,0.02,3709.145,3,3,3709.145,0.0,0.0,0.0,0.0,185457.25
1661247,IT,DK,VEGET,WOODW,0.01,3709.093,3,3,3709.093,0.0,0.0,0.0,0.0,370909.3
1649494,IT,BG,RUBBE,POULT,0.01,3709.041,3,3,3709.041,0.0,0.0,0.0,0.0,370904.1
1663106,IT,DK,RAILW,DIST1,0.02,3708.996,3,3,3708.996,0.0,0.0,0.0,0.0,185449.8
1806426,IT,WF,TRANS,COKIN,0.02,3708.75,3,3,3708.75,0.0,0.0,0.0,0.0,185437.5
1719360,IT,PL,RUBBE,FISHF,0.01,3708.338,3,3,3708.338,0.0,0.0,0.0,0.0,370833.8
1758050,IT,BR,RUBBE,RESEA,0.01,3708.241,3,3,3708.241,0.0,0.0,0.0,0.0,370824.1
1685431,IT,HU,WOODW,WEARI,0.01,3708.156,3,3,3708.156,0.0,0.0,0.0,0.0,370815.6
1672258,IT,FI,REALE,REALE,0.16,3708.152,3,3,3708.152,0.0,0.0,0.0,0.0,23175.95
1642892,IT,AT,MOTO1,WASTE,0.02,3707.93,3,3,3707.93,0.0,0.0,0.0,0.0,185396.5
1655332,IT,DE,VEGET,TRAN1,0.01,3707.831,3,3,3707.831,0.0,0.0,0.0,0.0,370783.1
1643054,IT,AT,SALEM,CONST,0.03,3707.694,3,3,3707.694,0.0,0.0,0.0,0.0,123589.8
1643125,IT,AT,RETA1,POULT,0.04,3707.567,3,3,3707.567,0.0,0.0,0.0,0.0,92689.175
1783151,IT,NO,REALE,WHOLE,0.16,3707.29,3,3,3707.29,0.0,0.0,0.0,0.0,23170.5625
1678434,IT,FR,INERT,WOOD2,0.03,3706.828,3,3,3706.828,0.0,0.0,0.0,0.0,123560.933333
1644533,IT,BE,DAIRY,FOOD2,0.02,3706.8,3,3,3706.8,0.0,0.0,0.0,0.0,185340.0
1661064,IT,DE,PUBLI,FABRI,0.06,3706.797,3,3,3706.797,0.0,0.0,0.0,0.0,61779.95
1669876,IT,ES,PUBLI,PLAST,0.06,3706.71,3,3,3706.71,0.0,0.0,0.0,0.0,61778.5
1766699,IT,RU,FABRI,PAPE1,0.02,3706.701,3,3,3706.701,0.0,0.0,0.0,0.0,185335.05
1791567,IT,WA,RETA1,RETAI,0.04,3706.538,3,3,3706.538,0.0,0.0,0.0,0.0,92663.45
1752275,IT,CA,STONE,CHEM1,0.01,3706.31,3,3,3706.31,0.0,0.0,0.0,0.0,370631.0
1813897,IT,WM,LANDT,COLLE,0.02,3705.846,3,3,3705.846,0.0,0.0,0.0,0.0,185292.3
1709358,IT,LT,PROCE,WHOLE,0.03,3705.715,3,3,3705.715,0.0,0.0,0.0,0.0,123523.833333
1683947,IT,HR,SALEM,BUSIN,0.03,3705.332,3,3,3705.332,0.0,0.0,0.0,0.0,123511.066667
1724136,IT,PT,RETA1,OFFIC,0.04,3705.247,3,3,3705.247,0.0,0.0,0.0,0.0,92631.175
1685295,IT,HU,TEXTI,INERT,0.02,3705.225,3,3,3705.225,0.0,0.0,0.0,0.0,185261.25
1717230,IT,NL,SUPPO,RESEA,0.03,3705.196,3,3,3705.196,0.0,0.0,0.0,0.0,123506.533333
1781620,IT,NO,WEARI,FOODW,0.03,3705.032,3,3,3705.032,0.0,0.0,0.0,0.0,123501.066667
1724283,IT,PT,LANDT,COPP1,0.02,3705.009,3,3,3705.009,0.0,0.0,0.0,0.0,185250.45
1784770,IT,ID,HOTEL,VEGET,0.03,3704.877,3,3,3704.877,0.0,0.0,0.0,0.0,123495.9
1792835,IT,WA,EDUCA,LEATH,0.09,3704.495,3,3,3704.495,0.0,0.0,0.0,0.0,41161.055556
1757398,IT,BR,WOODW,MEATC,0.01,3703.867,3,3,3703.867,0.0,0.0,0.0,0.0,370386.7
1738628,IT,GB,FABRI,TEXT2,0.02,3703.363,3,3,3703.363,0.0,0.0,0.0,0.0,185168.15
1788377,IT,WA,WOODW,PAPER,0.01,3703.121,3,3,3703.121,0.0,0.0,0.0,0.0,370312.1
1713939,IT,MT,CONST,SUPPO,0.02,3702.954,3,3,3702.954,0.0,0.0,0.0,0.0,185147.7
1713217,IT,MT,WOODW,MACHI,0.01,3702.861,3,3,3702.861,0.0,0.0,0.0,0.0,370286.1
1652744,IT,CZ,PAPER,ELEC2,0.01,3702.851,3,3,3702.851,0.0,0.0,0.0,0.0,370285.1
1710637,IT,LU,MEAT1,SALEM,0.02,3702.636,3,3,3702.636,0.0,0.0,0.0,0.0,185131.8
1753423,IT,CA,FABRI,NONFE,0.02,3702.602,3,3,3702.602,0.0,0.0,0.0,0.0,185130.1
1710338,IT,LT,WHOLE,TEXTI,0.03,3702.471,3,3,3702.471,0.0,0.0,0.0,0.0,123415.7
1768359,IT,AU,MEAT4,PREC1,0.02,3702.44,3,3,3702.44,0.0,0.0,0.0,0.0,185122.0
1748117,IT,JP,PUBLI,CHEM1,0.06,3702.402,3,3,3702.402,0.0,0.0,0.0,0.0,61706.7
1665566,IT,ES,LEATH,TRANS,0.03,3702.127,3,3,3702.127,0.0,0.0,0.0,0.0,123404.233333
1759337,IT,BR,FINAN,MEAT1,0.05,3702.115,3,3,3702.115,0.0,0.0,0.0,0.0,74042.3
1808473,IT,WF,FOOD4,NONF1,0.03,3702.061,3,3,3702.061,0.0,0.0,0.0,0.0,123402.033333
1709581,IT,LT,PAPER,VEGE1,0.01,3702.041,3,3,3702.041,0.0,0.0,0.0,0.0,370204.1
1709560,IT,LT,WOODW,RAILW,0.01,3701.642,3,3,3701.642,0.0,0.0,0.0,0.0,370164.2
1769238,IT,AU,RUBBE,MEATP,0.01,3701.236,3,3,3701.236,0.0,0.0,0.0,0.0,370123.6
1760183,IT,BR,FOOD4,SUPPO,0.03,3701.221,3,3,3701.221,0.0,0.0,0.0,0.0,123374.033333
1806985,IT,WF,LANDT,GLASS,0.02,3701.184,3,3,3701.184,0.0,0.0,0.0,0.0,185059.2
1770043,IT,AU,CONST,BUSIN,0.02,3701.177,3,3,3701.177,0.0,0.0,0.0,0.0,185058.85
1714305,IT,MT,PUBLI,REALE,0.06,3700.95,3,3,3700.95,0.0,0.0,0.0,0.0,61682.5
1750786,IT,CN,FURNI,PIGS9,0.01,3700.875,3,3,3700.875,0.0,0.0,0.0,0.0,370087.5
1643192,IT,AT,HOTEL,MEAT4,0.03,3700.622,3,3,3700.622,0.0,0.0,0.0,0.0,123354.066667
1747832,IT,JP,REALE,REALE,0.16,3700.583,3,3,3700.583,0.0,0.0,0.0,0.0,23128.64375
1644422,IT,BE,MEAT1,WASTE,0.02,3700.511,3,3,3700.511,0.0,0.0,0.0,0.0,185025.55
1670238,IT,ES,93197,BUSIN,0.02,3700.49,3,3,3700.49,0.0,0.0,0.0,0.0,185024.5
1804026,IT,WF,WOODW,MEAT1,0.01,3700.433,3,3,3700.433,0.0,0.0,0.0,0.0,370043.3
1650653,IT,BG,WHOLE,GLASS,0.03,3700.117,3,3,3700.117,0.0,0.0,0.0,0.0,123337.233333
1669471,IT,ES,AUXIL,BEVER,0.07,3699.923,3,3,3699.923,0.0,0.0,0.0,0.0,52856.042857
1664932,IT,ES,STONE,PAPER,0.01,3699.736,3,3,3699.736,0.0,0.0,0.0,0.0,369973.6
1726863,IT,RO,RETA1,WOODW,0.04,3699.711,3,3,3699.711,0.0,0.0,0.0,0.0,92492.775
1757335,IT,BR,TEXTI,LIQUI,0.02,3699.678,3,3,3699.678,0.0,0.0,0.0,0.0,184983.9
1733463,IT,SI,SALEM,FOUND,0.03,3699.469,3,3,3699.469,0.0,0.0,0.0,0.0,123315.633333
1648331,IT,BE,EDUCA,POSTT,0.09,3699.359,3,3,3699.359,0.0,0.0,0.0,0.0,41103.988889
1752746,IT,CA,WOODW,OILSE,0.01,3699.036,3,3,3699.036,0.0,0.0,0.0,0.0,369903.6
1712178,IT,LV,WOODW,FOOD5,0.01,3698.518,3,3,3698.518,0.0,0.0,0.0,0.0,369851.8
1747970,IT,JP,RESEA,SALEM,0.02,3698.454,3,3,3698.454,0.0,0.0,0.0,0.0,184922.7
1684632,IT,HR,FOOD4,FOOD4,0.03,3698.422,3,3,3698.422,0.0,0.0,0.0,0.0,123280.733333
1754826,IT,KR,FOOD5,COMPU,0.02,3697.9,3,3,3697.9,0.0,0.0,0.0,0.0,184895.0
1768793,IT,AU,LEATH,POULT,0.03,3697.679,3,3,3697.679,0.0,0.0,0.0,0.0,123255.966667
1710819,IT,LU,PAPER,CHEM1,0.01,3697.478,3,3,3697.478,0.0,0.0,0.0,0.0,369747.8
1811972,IT,WM,GLASS,PAPER,0.01,3697.458,3,3,3697.458,0.0,0.0,0.0,0.0,369745.8
1790613,IT,WA,FABRI,NICKE,0.02,3697.414,3,3,3697.414,0.0,0.0,0.0,0.0,184870.7
1801542,IT,WE,TRANS,SUGAR,0.02,3696.753,3,3,3696.753,0.0,0.0,0.0,0.0,184837.65
1739769,IT,GB,POSTT,PAPER,0.06,3696.719,3,3,3696.719,0.0,0.0,0.0,0.0,61611.983333
1785304,IT,ZA,LEATH,IRONO,0.03,3696.681,3,3,3696.681,0.0,0.0,0.0,0.0,123222.7
1742113,IT,US,RUBBE,ELEC4,0.01,3696.563,3,3,3696.563,0.0,0.0,0.0,0.0,369656.3
1780926,IT,TW,RESEA,COMPU,0.02,3696.434,3,3,3696.434,0.0,0.0,0.0,0.0,184821.7
1640439,IT,AT,VEGE1,FURNI,0.01,3696.209,3,3,3696.209,0.0,0.0,0.0,0.0,369620.9
1770617,IT,AU,POSTT,MEMBE,0.06,3696.163,3,3,3696.163,0.0,0.0,0.0,0.0,61602.716667
1690442,IT,IE,FOOD4,WASTE,0.03,3696.024,3,3,3696.024,0.0,0.0,0.0,0.0,123200.8
1765378,IT,RU,BEVER,RAILW,0.02,3695.917,3,3,3695.917,0.0,0.0,0.0,0.0,184795.85
1730499,IT,SE,FINAN,SALEM,0.05,3695.915,3,3,3695.915,0.0,0.0,0.0,0.0,73918.3
1651267,IT,CY,VEGE1,MEAT4,0.01,3695.884,3,3,3695.884,0.0,0.0,0.0,0.0,369588.4
1644777,IT,BE,FISH5,EDUCA,0.02,3695.836,4,4,3695.834,0.0,0.0,0.0,0.002,184791.8
1802724,IT,WE,RESEA,FOOD5,0.02,3695.715,3,3,3695.715,0.0,0.0,0.0,0.0,184785.75
1747100,IT,JP,FURNI,AIRTR,0.01,3695.501,3,3,3695.501,0.0,0.0,0.0,0.0,369550.1
1730859,IT,SE,PUBLI,RENTI,0.06,3695.412,3,3,3695.412,0.0,0.0,0.0,0.0,61590.2
1680714,IT,GR,RETA1,BEVER,0.04,3695.401,3,3,3695.401,0.0,0.0,0.0,0.0,92385.025
1671844,IT,FI,RETA1,COMPU,0.04,3695.145,3,3,3695.145,0.0,0.0,0.0,0.0,92378.625
1760620,IT,IN,PULP5,MEAT1,0.01,3695.138,3,3,3695.138,0.0,0.0,0.0,0.0,369513.8
1663773,IT,EE,BEVER,MEATP,0.02,3694.938,3,3,3694.938,0.0,0.0,0.0,0.0,184746.9
1727670,IT,RO,RENTI,INSUR,0.02,3694.934,3,3,3694.934,0.0,0.0,0.0,0.0,184746.7
1654089,IT,CZ,OFFIC,BIODI,0.01,3694.831,3,3,3694.831,0.0,0.0,0.0,0.0,369483.1
1754385,IT,CA,RENTI,VEGET,0.02,3694.695,3,3,3694.695,0.0,0.0,0.0,0.0,184734.75
1721955,IT,PL,COMPU,WEARI,0.04,3694.695,3,3,3694.695,0.0,0.0,0.0,0.0,92367.375
1776256,IT,TR,PULP5,FABRI,0.01,3694.632,3,3,3694.632,0.0,0.0,0.0,0.0,369463.2
1656049,IT,DE,BEVER,WEARI,0.02,3694.55,3,3,3694.55,0.0,0.0,0.0,0.0,184727.5
1734081,IT,SI,INSUR,ALUM1,0.08,3694.495,3,3,3694.495,0.0,0.0,0.0,0.0,46181.1875
1669686,IT,ES,COMPU,ELEC3,0.04,3694.431,3,3,3694.431,0.0,0.0,0.0,0.0,92360.775
1721657,IT,PL,FINAN,VEGET,0.05,3694.123,3,3,3694.123,0.0,0.0,0.0,0.0,73882.46
1688994,IT,IE,MACHI,NONF1,0.02,3694.039,3,3,3694.039,0.0,0.0,0.0,0.0,184701.95
1797951,IT,WL,FOOD4,FINAN,0.03,3693.945,3,3,3693.945,0.0,0.0,0.0,0.0,123131.5
1665589,IT,ES,LEATH,FOOD1,0.03,3693.855,3,3,3693.855,0.0,0.0,0.0,0.0,123128.5
1778506,IT,TR,RETA1,CRUDE,0.04,3693.769,3,3,3693.769,0.0,0.0,0.0,0.0,92344.225
1781134,IT,TW,WOOD1,BASIC,0.03,3693.755,3,3,3693.755,0.0,0.0,0.0,0.0,123125.166667
1659846,IT,DE,LANDT,ELEC6,0.02,3693.644,3,3,3693.644,0.0,0.0,0.0,0.0,184682.2
1786447,IT,ZA,MOTO1,WOOLS,0.02,3693.471,3,3,3693.471,0.0,0.0,0.0,0.0,184673.55
1715925,IT,NL,GLASS,BRICK,0.01,3693.101,3,3,3693.101,0.0,0.0,0.0,0.0,369310.1
1809583,IT,WM,VEGE1,OFFIC,0.01,3693.013,3,3,3693.013,0.0,0.0,0.0,0.0,369301.3
1791826,IT,WA,LANDT,CHARC,0.02,3692.748,3,3,3692.748,0.0,0.0,0.0,0.0,184637.4
1715087,IT,NL,WEARI,FABRI,0.03,3692.718,3,3,3692.718,0.0,0.0,0.0,0.0,123090.6
1712599,IT,LV,OFFIC,PIGS9,0.01,3692.632,3,3,3692.632,0.0,0.0,0.0,0.0,369263.2
1669109,IT,ES,SUPPO,FOOD4,0.03,3692.611,3,3,3692.611,0.0,0.0,0.0,0.0,123087.033333
1663895,IT,EE,WEARI,93197,0.03,3692.521,3,3,3692.521,0.0,0.0,0.0,0.0,123084.033333
1734234,IT,SI,RENTI,BUSIN,0.02,3692.406,3,3,3692.406,0.0,0.0,0.0,0.0,184620.3
1713794,IT,MT,TRANS,BUSIN,0.02,3692.234,3,3,3692.234,0.0,0.0,0.0,0.0,184611.7
1771887,IT,CH,PULP5,GASDI,0.01,3691.869,3,3,3691.869,0.0,0.0,0.0,0.0,369186.9
1717397,IT,NL,INSUR,GASDI,0.08,3691.829,3,3,3691.829,0.0,0.0,0.0,0.0,46147.8625
1764999,IT,MX,FINAN,INSUR,0.05,3691.787,3,3,3691.787,0.0,0.0,0.0,0.0,73835.74
1664003,IT,EE,PRINT,OFFIC,0.04,3691.595,3,3,3691.595,0.0,0.0,0.0,0.0,92289.875
1672481,IT,FI,PLAS2,PREC1,0.03,3691.244,3,3,3691.244,0.0,0.0,0.0,0.0,123041.466667
1643893,IT,AT,REALE,MOTO1,0.16,3691.193,3,3,3691.193,0.0,0.0,0.0,0.0,23069.95625
1807753,IT,WF,PUBLI,LIQUE,0.06,3691.187,3,3,3691.187,0.0,0.0,0.0,0.0,61519.783333
1788409,IT,WA,WOODW,COMPU,0.01,3691.137,3,3,3691.137,0.0,0.0,0.0,0.0,369113.7
1744589,IT,US,RENTI,BITUM,0.02,3691.089,3,3,3691.089,0.0,0.0,0.0,0.0,184554.45
1775494,IT,CH,TEXT1,PUBLI,0.03,3691.053,3,3,3691.053,0.0,0.0,0.0,0.0,123035.1
1684389,IT,HR,POSTT,HOTEL,0.06,3690.897,3,3,3690.897,0.0,0.0,0.0,0.0,61514.95
1814385,IT,WM,AUXIL,SALEM,0.07,3690.884,3,3,3690.884,0.0,0.0,0.0,0.0,52726.914286
1679055,IT,GR,WOODW,STEAM,0.01,3690.877,3,3,3690.877,0.0,0.0,0.0,0.0,369087.7
1789722,IT,WA,GLASS,FISHF,0.01,3690.341,3,3,3690.341,0.0,0.0,0.0,0.0,369034.1
1736567,IT,SK,SUPPO,SALEM,0.03,3690.308,3,3,3690.308,0.0,0.0,0.0,0.0,123010.266667
1790895,IT,WA,OFFIC,VEGE1,0.01,3690.297,3,3,3690.297,0.0,0.0,0.0,0.0,369029.7
1711669,IT,LU,COMPU,REALE,0.04,3690.278,3,3,3690.278,0.0,0.0,0.0,0.0,92256.95
1711936,IT,LU,FOOD4,RUBBE,0.03,3690.222,3,3,3690.222,0.0,0.0,0.0,0.0,123007.4
1644201,IT,BE,VEGET,MEAT4,0.01,3690.138,3,3,3690.138,0.0,0.0,0.0,0.0,369013.8
1781735,IT,NO,PAPER,FABRI,0.01,3690.122,3,3,3690.122,0.0,0.0,0.0,0.0,369012.2
1767137,IT,RU,CONST,ELEC4,0.02,3689.867,3,3,3689.867,0.0,0.0,0.0,0.0,184493.35
1716582,IT,NL,SALEM,LEATH,0.03,3689.729,3,3,3689.729,0.0,0.0,0.0,0.0,122990.966667
1643018,IT,AT,CONST,MOTO1,0.02,3689.019,3,3,3689.019,0.0,0.0,0.0,0.0,184450.95
1774387,IT,CH,HOTEL,TEXT1,0.03,3688.937,3,3,3688.937,0.0,0.0,0.0,0.0,122964.566667
1787833,IT,WA,FOOD5,PRECI,0.02,3688.799,3,3,3688.799,0.0,0.0,0.0,0.0,184439.95
1798062,IT,WL,RECRE,PRINT,0.05,3688.676,3,3,3688.676,0.0,0.0,0.0,0.0,73773.52
1806570,IT,WF,CONST,COPPE,0.02,3688.529,3,3,3688.529,0.0,0.0,0.0,0.0,184426.45
1760120,IT,BR,FOOD2,REALE,0.02,3688.161,3,3,3688.161,0.0,0.0,0.0,0.0,184408.05
1732496,IT,SI,RUBBE,OILSE,0.01,3688.138,3,3,3688.138,0.0,0.0,0.0,0.0,368813.8
1643890,IT,AT,REALE,FABRI,0.16,3688.114,3,3,3688.114,0.0,0.0,0.0,0.0,23050.7125
1642694,IT,AT,MACHI,SUGAR,0.02,3688.004,3,3,3688.004,0.0,0.0,0.0,0.0,184400.2
1640708,IT,AT,TOBAC,BUSIN,0.01,3687.935,3,3,3687.935,0.0,0.0,0.0,0.0,368793.5
1641080,IT,AT,PAPER,NFERT,0.01,3687.793,3,3,3687.793,0.0,0.0,0.0,0.0,368779.3
1745297,IT,JP,MEAT4,NFERT,0.02,3687.679,3,3,3687.679,0.0,0.0,0.0,0.0,184383.95
1762480,IT,IN,FINAN,POSTT,0.05,3687.029,3,3,3687.029,0.0,0.0,0.0,0.0,73740.58
1752792,IT,CA,WOODW,RECRE,0.01,3686.97,3,3,3686.97,0.0,0.0,0.0,0.0,368697.0
1713943,IT,MT,CONST,COMPU,0.02,3686.965,3,3,3686.965,0.0,0.0,0.0,0.0,184348.25
1653379,IT,CZ,GLASS,MEMBE,0.01,3686.921,3,3,3686.921,0.0,0.0,0.0,0.0,368692.1
1751714,IT,CN,INSUR,SECO9,0.08,3686.734,3,3,3686.734,0.0,0.0,0.0,0.0,46084.175
1799345,IT,WE,WOODW,LANDT,0.01,3686.721,3,3,3686.721,0.0,0.0,0.0,0.0,368672.1
1660326,IT,DE,FINAN,FORES,0.05,3686.676,3,3,3686.676,0.0,0.0,0.0,0.0,73733.52
1686992,IT,HU,MACHI,WOOD1,0.02,3686.54,3,3,3686.54,0.0,0.0,0.0,0.0,184327.0
1746865,IT,JP,MACHI,FOOD2,0.02,3686.499,3,3,3686.499,0.0,0.0,0.0,0.0,184324.95
1788067,IT,WA,TEXTI,INLAN,0.02,3686.446,3,3,3686.446,0.0,0.0,0.0,0.0,184322.3
1710242,IT,LT,MOTO1,CEREA,0.02,3685.962,3,3,3685.962,0.0,0.0,0.0,0.0,184298.1
1751004,IT,CN,WHOLE,MEAT4,0.03,3685.837,3,3,3685.837,0.0,0.0,0.0,0.0,122861.233333
1711793,IT,LU,PUBLI,WHOLE,0.06,3685.817,3,3,3685.817,0.0,0.0,0.0,0.0,61430.283333
1669593,IT,ES,RENTI,FISHF,0.02,3685.773,3,3,3685.773,0.0,0.0,0.0,0.0,184288.65
1711870,IT,LU,INTER,FABRI,0.02,3685.665,3,3,3685.665,0.0,0.0,0.0,0.0,184283.25
1653228,IT,CZ,RUBBE,COKEO,0.01,3685.627,3,3,3685.627,0.0,0.0,0.0,0.0,368562.7
1775864,IT,TR,DAIRY,PLAST,0.01,3685.591,3,3,3685.591,0.0,0.0,0.0,0.0,368559.1
1668024,IT,ES,FURNI,PFERT,0.01,3685.481,3,3,3685.481,0.0,0.0,0.0,0.0,368548.1
1731317,IT,SI,VEGE1,COMPU,0.01,3685.341,3,3,3685.341,0.0,0.0,0.0,0.0,368534.1
1683620,IT,HR,FABRI,PROCE,0.01,3685.225,3,3,3685.225,0.0,0.0,0.0,0.0,368522.5
1743361,IT,US,SALEM,TOBAC,0.03,3685.063,3,3,3685.063,0.0,0.0,0.0,0.0,122835.433333
1735151,IT,SK,RUBBE,IRONO,0.01,3685.057,3,3,3685.057,0.0,0.0,0.0,0.0,368505.7
1780193,IT,TW,RAILW,SANDC,0.02,3684.987,3,3,3684.987,0.0,0.0,0.0,0.0,184249.35
1805422,IT,WF,GLASS,SUGAR,0.01,3684.847,3,3,3684.847,0.0,0.0,0.0,0.0,368484.7
1724593,IT,PT,FINAN,MOTOR,0.05,3684.75,3,3,3684.75,0.0,0.0,0.0,0.0,73695.0
1655118,IT,CZ,BUSIN,COKIN,0.04,3684.733,3,3,3684.733,0.0,0.0,0.0,0.0,92118.325
1784510,IT,ID,FABRI,FOUND,0.01,3684.517,3,3,3684.517,0.0,0.0,0.0,0.0,368451.7
1682339,IT,HR,WOODW,BRICK,0.01,3684.311,3,3,3684.311,0.0,0.0,0.0,0.0,368431.1
1763034,IT,MX,TEXTI,DAIRY,0.02,3684.112,3,3,3684.112,0.0,0.0,0.0,0.0,184205.6
1757101,IT,KR,PUBLI,DAIRY,0.06,3683.917,3,3,3683.917,0.0,0.0,0.0,0.0,61398.616667
1651074,IT,BG,INSUR,OFFIC,0.08,3683.894,3,3,3683.894,0.0,0.0,0.0,0.0,46048.675
1784769,IT,ID,HOTEL,CEREA,0.03,3683.808,3,3,3683.808,0.0,0.0,0.0,0.0,122793.6
1783505,IT,NO,OILHA,CHEM1,0.02,3683.744,3,3,3683.744,0.0,0.0,0.0,0.0,184187.2
1729935,IT,SE,FURNI,FINAN,0.01,3683.548,3,3,3683.548,0.0,0.0,0.0,0.0,368354.8
1744300,IT,US,FINAN,OILSE,0.05,3683.534,3,3,3683.534,0.0,0.0,0.0,0.0,73670.68
1759874,IT,BR,PAPE1,CRUDE,0.03,3683.454,3,3,3683.454,0.0,0.0,0.0,0.0,122781.8
1671586,IT,FI,MOTO1,RENTI,0.02,3683.208,3,3,3683.208,0.0,0.0,0.0,0.0,184160.4
1731256,IT,SI,MEATP,ELEC4,0.01,3683.028,3,3,3683.028,0.0,0.0,0.0,0.0,368302.8
1678116,IT,FR,PAPE1,RENTI,0.03,3682.858,3,3,3682.858,0.0,0.0,0.0,0.0,122761.933333
1648710,IT,BG,FOOD5,WOODW,0.02,3682.838,3,3,3682.838,0.0,0.0,0.0,0.0,184141.9
1748041,IT,JP,BUSIN,BRICK,0.04,3682.736,3,3,3682.736,0.0,0.0,0.0,0.0,92068.4
1756486,IT,KR,SALEM,TRANS,0.03,3682.577,3,3,3682.577,0.0,0.0,0.0,0.0,122752.566667
1754595,IT,KR,CROPS,WHOLE,0.03,3682.365,3,3,3682.365,0.0,0.0,0.0,0.0,122745.5
1781318,IT,NO,VEGE1,NONME,0.01,3682.147,3,3,3682.147,0.0,0.0,0.0,0.0,368214.7
1717081,IT,NL,LANDT,PAPE1,0.02,3682.106,3,3,3682.106,0.0,0.0,0.0,0.0,184105.3
1726717,IT,RO,FURNI,LEAD1,0.01,3682.096,3,3,3682.096,0.0,0.0,0.0,0.0,368209.6
1802172,IT,WE,HOTEL,CERAM,0.03,3682.015,3,3,3682.015,0.0,0.0,0.0,0.0,122733.833333
1730149,IT,SE,LANDT,LEADZ,0.02,3681.964,3,3,3681.964,0.0,0.0,0.0,0.0,184098.2
1664161,IT,EE,RUBBE,FINAN,0.01,3681.949,3,3,3681.949,0.0,0.0,0.0,0.0,368194.9
1647581,IT,BE,POSTT,TEXTI,0.06,3681.883,3,3,3681.883,0.0,0.0,0.0,0.0,61364.716667
1739910,IT,GB,FINAN,INTER,0.05,3681.723,3,3,3681.723,0.0,0.0,0.0,0.0,73634.46
1781096,IT,TW,PUBLI,TRAN1,0.06,3681.67,3,3,3681.67,0.0,0.0,0.0,0.0,61361.166667
1762999,IT,MX,FOOD5,RUBBE,0.02,3681.645,3,3,3681.645,0.0,0.0,0.0,0.0,184082.25
1733499,IT,SI,WHOLE,PLAST,0.03,3681.563,3,3,3681.563,0.0,0.0,0.0,0.0,122718.766667
1662200,IT,DK,GLASS,CEREA,0.01,3680.575,3,3,3680.575,0.0,0.0,0.0,0.0,368057.5
1715255,IT,NL,PAPER,MEAT4,0.01,3680.474,3,3,3680.474,0.0,0.0,0.0,0.0,368047.4
1786460,IT,ZA,MOTO1,PULP5,0.02,3680.326,3,3,3680.326,0.0,0.0,0.0,0.0,184016.3
1759888,IT,BR,PAPE1,MACHI,0.03,3680.126,3,3,3680.126,0.0,0.0,0.0,0.0,122670.866667
1642928,IT,AT,FURNI,VEGET,0.01,3679.972,3,3,3679.972,0.0,0.0,0.0,0.0,367997.2
1742078,IT,US,RUBBE,NAPHT,0.01,3679.882,3,3,3679.882,0.0,0.0,0.0,0.0,367988.2
1806681,IT,WF,WHOLE,STONE,0.03,3679.849,3,3,3679.849,0.0,0.0,0.0,0.0,122661.633333
1746399,IT,JP,RUBBE,ELEC3,0.01,3679.825,3,3,3679.825,0.0,0.0,0.0,0.0,367982.5
1795929,IT,WL,MOTO1,COKIN,0.02,3679.639,3,3,3679.639,0.0,0.0,0.0,0.0,183981.95
1718086,IT,PL,MEAT4,NFERT,0.02,3679.599,3,3,3679.599,0.0,0.0,0.0,0.0,183979.95
1677828,IT,FR,RESEA,COMPU,0.02,3679.533,3,3,3679.533,0.0,0.0,0.0,0.0,183976.65
1743176,IT,US,MOTO1,FOOD2,0.02,3679.367,3,3,3679.367,0.0,0.0,0.0,0.0,183968.35
1678638,IT,GR,MEATC,CONST,0.01,3679.355,3,3,3679.355,0.0,0.0,0.0,0.0,367935.5
1781170,IT,TW,TEXT2,BASIC,0.03,3679.17,3,3,3679.17,0.0,0.0,0.0,0.0,122639.0
1734590,IT,SK,BEVER,OFFIC,0.02,3679.166,3,3,3679.166,0.0,0.0,0.0,0.0,183958.3
1752425,IT,CA,VEGE1,RENTI,0.01,3679.14,3,3,3679.14,0.0,0.0,0.0,0.0,367914.0
1798366,IT,WE,FORES,FORES,0.03,3679.05,4,4,3678.05,0.0,1.0,0.0,0.0,122635.0
1767025,IT,RU,TRANS,HOTEL,0.02,3678.928,3,3,3678.928,0.0,0.0,0.0,0.0,183946.4
1738854,IT,GB,TRANS,BASIC,0.02,3678.647,3,3,3678.647,0.0,0.0,0.0,0.0,183932.35
1721144,IT,PL,RAILW,NONME,0.02,3678.594,3,3,3678.594,0.0,0.0,0.0,0.0,183929.7
1646788,IT,BE,SALEM,BEVER,0.03,3678.511,3,3,3678.511,0.0,0.0,0.0,0.0,122617.033333
1778689,IT,TR,HOTEL,FOOD3,0.03,3678.494,3,3,3678.494,0.0,0.0,0.0,0.0,122616.466667
1754647,IT,KR,STONE,SUPPO,0.01,3678.387,3,3,3678.387,0.0,0.0,0.0,0.0,367838.7
1661095,IT,DE,PUBLI,RESEA,0.06,3678.065,3,3,3678.065,0.0,0.0,0.0,0.0,61301.083333
1776263,IT,TR,PULP5,COMPU,0.01,3677.999,3,3,3677.999,0.0,0.0,0.0,0.0,367799.9
1729970,IT,SE,CONST,POSTT,0.02,3677.954,3,3,3677.954,0.0,0.0,0.0,0.0,183897.7
1750910,IT,CN,CONST,GLASS,0.02,3677.936,3,3,3677.936,0.0,0.0,0.0,0.0,183896.8
1668087,IT,ES,CONST,STONE,0.02,3677.889,3,3,3677.889,0.0,0.0,0.0,0.0,183894.45
1643757,IT,AT,SUPPO,PLAS1,0.03,3677.822,3,3,3677.822,0.0,0.0,0.0,0.0,122594.066667
1751657,IT,CN,FINAN,PUBLI,0.05,3677.663,3,3,3677.663,0.0,0.0,0.0,0.0,73553.26
1654265,IT,CZ,FURNI,CERAM,0.01,3677.577,3,3,3677.577,0.0,0.0,0.0,0.0,367757.7
1764100,IT,MX,FABRI,PETRO,0.01,3677.432,3,3,3677.432,0.0,0.0,0.0,0.0,367743.2
1813693,IT,WM,RETA1,TRAN2,0.04,3677.413,3,3,3677.413,0.0,0.0,0.0,0.0,91935.325
1688318,IT,IE,VEGE1,MEAT1,0.01,3677.413,3,3,3677.413,0.0,0.0,0.0,0.0,367741.3
1717947,IT,PL,STONE,WHOLE,0.01,3677.384,3,3,3677.384,0.0,0.0,0.0,0.0,367738.4
1688338,IT,IE,DAIRY,FORES,0.01,3677.312,3,3,3677.312,0.0,0.0,0.0,0.0,367731.2
1651583,IT,CY,GLASS,PAPER,0.01,3677.238,3,3,3677.238,0.0,0.0,0.0,0.0,367723.8
1797850,IT,WL,FOOD2,AIRTR,0.02,3676.873,3,3,3676.873,0.0,0.0,0.0,0.0,183843.65
1715109,IT,NL,WEARI,EDUCA,0.03,3676.71,3,3,3676.71,0.0,0.0,0.0,0.0,122557.0
1802064,IT,WE,RETA1,CEREA,0.04,3676.693,3,3,3676.693,0.0,0.0,0.0,0.0,91917.325
1711180,IT,LU,FABRI,FOOD2,0.01,3676.552,3,3,3676.552,0.0,0.0,0.0,0.0,367655.2
1776236,IT,TR,WOODW,HEALT,0.01,3676.52,3,3,3676.52,0.0,0.0,0.0,0.0,367652.0
1648474,IT,BG,VEGET,RENTI,0.01,3676.334,3,3,3676.334,0.0,0.0,0.0,0.0,367633.4
1793057,IT,WA,PAPE4,CHARC,0.02,3676.259,3,3,3676.259,0.0,0.0,0.0,0.0,183812.95
1688074,IT,HU,COMPU,INSUR,0.04,3676.21,3,3,3676.21,0.0,0.0,0.0,0.0,91905.25
1672551,IT,FR,VEGET,PIGS9,0.01,3676.147,3,3,3676.147,0.0,0.0,0.0,0.0,367614.7
1794028,IT,WL,PULP5,TEXTI,0.01,3676.105,3,3,3676.105,0.0,0.0,0.0,0.0,367610.5
1680755,IT,GR,RETA1,INLAN,0.04,3676.104,3,3,3676.104,0.0,0.0,0.0,0.0,91902.6
1806556,IT,WF,FURNI,TRAN2,0.01,3675.651,3,3,3675.651,0.0,0.0,0.0,0.0,367565.1
1671131,IT,FI,GLASS,FOUND,0.01,3674.98,3,3,3674.98,0.0,0.0,0.0,0.0,367498.0
1721660,IT,PL,FINAN,RAWMI,0.05,3674.909,3,3,3674.909,0.0,0.0,0.0,0.0,73498.18
1736384,IT,SK,LANDT,VEGE1,0.02,3674.796,3,3,3674.796,0.0,0.0,0.0,0.0,183739.8
1654777,IT,CZ,SUPPO,LIGNI,0.03,3674.743,3,3,3674.743,0.0,0.0,0.0,0.0,122491.433333
1717622,IT,NL,BUSIN,FISHF,0.04,3674.63,3,3,3674.63,0.0,0.0,0.0,0.0,91865.75
1770801,IT,AU,COMPU,SALEM,0.04,3674.365,3,3,3674.365,0.0,0.0,0.0,0.0,91859.125
1757407,IT,BR,WOODW,COPP1,0.01,3674.108,3,3,3674.108,0.0,0.0,0.0,0.0,367410.8
1793622,IT,WL,DAIRY,MEATC,0.01,3673.911,3,3,3673.911,0.0,0.0,0.0,0.0,367391.1
1781158,IT,TW,FOOD4,BASIC,0.03,3673.894,3,3,3673.894,0.0,0.0,0.0,0.0,122463.133333
1730772,IT,SE,BUSIN,REFI1,0.04,3673.881,3,3,3673.881,0.0,0.0,0.0,0.0,91847.025
1798524,IT,WE,STONE,FURNI,0.01,3673.856,3,3,3673.856,0.0,0.0,0.0,0.0,367385.6
1648520,IT,BG,MEATA,MEAT4,0.02,3673.772,3,3,3673.772,0.0,0.0,0.0,0.0,183688.6
1687561,IT,HU,LANDT,RETAI,0.02,3673.649,3,3,3673.649,0.0,0.0,0.0,0.0,183682.45
1686227,IT,HU,GLASS,PUBLI,0.01,3673.603,3,3,3673.603,0.0,0.0,0.0,0.0,367360.3
1652204,IT,CZ,DAIRY,RECRE,0.01,3673.421,3,3,3673.421,0.0,0.0,0.0,0.0,367342.1
1809476,IT,WM,MEATC,GASDI,0.01,3673.233,3,3,3673.233,0.0,0.0,0.0,0.0,367323.3
1686201,IT,HU,GLASS,FOUND,0.01,3673.232,3,3,3673.232,0.0,0.0,0.0,0.0,367323.2
1786635,IT,ZA,WHOLE,FORES,0.03,3673.033,3,3,3673.033,0.0,0.0,0.0,0.0,122434.433333
1661806,IT,DK,WOODW,NONME,0.01,3672.992,3,3,3672.992,0.0,0.0,0.0,0.0,367299.2
1767675,IT,RU,POSTT,INSUR,0.06,3672.818,3,3,3672.818,0.0,0.0,0.0,0.0,61213.633333
1807803,IT,WF,FOODW,BASIC,0.03,3672.656,3,3,3672.656,0.0,0.0,0.0,0.0,122421.866667
1671612,IT,FI,FURNI,PLAST,0.01,3672.437,3,3,3672.437,0.0,0.0,0.0,0.0,367243.7
1683813,IT,HR,OFFIC,FINAN,0.01,3672.276,3,3,3672.276,0.0,0.0,0.0,0.0,367227.6
1786665,IT,ZA,WHOLE,FOUND,0.03,3672.068,3,3,3672.068,0.0,0.0,0.0,0.0,122402.266667
1793373,IT,WL,VEGET,RUBBE,0.01,3671.98,3,3,3671.98,0.0,0.0,0.0,0.0,367198.0
1649647,IT,BG,GLASS,RECRE,0.01,3671.79,3,3,3671.79,0.0,0.0,0.0,0.0,367179.0
1661816,IT,DK,WOODW,RETA1,0.01,3671.571,3,3,3671.571,0.0,0.0,0.0,0.0,367157.1
1778690,IT,TR,HOTEL,WASTE,0.03,3671.506,3,3,3671.506,0.0,0.0,0.0,0.0,122383.533333
1720590,IT,PL,OFFIC,INERT,0.01,3671.489,3,3,3671.489,0.0,0.0,0.0,0.0,367148.9
1723555,IT,PT,FABRI,FORES,0.01,3671.103,3,3,3671.103,0.0,0.0,0.0,0.0,367110.3
1711139,IT,LU,FABRI,WOODW,0.01,3670.849,3,3,3670.849,0.0,0.0,0.0,0.0,367084.9
1661423,IT,DK,VEGE1,EDUCA,0.01,3670.776,3,3,3670.776,0.0,0.0,0.0,0.0,367077.6
1652651,IT,CZ,WOODW,RETAI,0.01,3670.593,3,3,3670.593,0.0,0.0,0.0,0.0,367059.3
1670103,IT,ES,FOOD4,TEXT2,0.03,3670.553,3,3,3670.553,0.0,0.0,0.0,0.0,122351.766667
1652665,IT,CZ,WOODW,INTER,0.01,3670.304,3,3,3670.304,0.0,0.0,0.0,0.0,367030.4
1776199,IT,TR,WOODW,WEARI,0.01,3670.284,3,3,3670.284,0.0,0.0,0.0,0.0,367028.4
1753070,IT,CA,RUBBE,PIGS9,0.01,3670.251,3,3,3670.251,0.0,0.0,0.0,0.0,367025.1
1671020,IT,FI,RUBBE,NICKE,0.01,3669.977,3,3,3669.977,0.0,0.0,0.0,0.0,366997.7
1785353,IT,ZA,WOODW,RUBBE,0.01,3669.953,3,3,3669.953,0.0,0.0,0.0,0.0,366995.3
1754559,IT,CA,BUSIN,FOOD4,0.04,3669.894,3,3,3669.894,0.0,0.0,0.0,0.0,91747.35
1766866,IT,RU,OFFIC,CRUDE,0.01,3669.885,3,3,3669.885,0.0,0.0,0.0,0.0,366988.5
1748151,IT,JP,FOODW,PIGS9,0.03,3669.663,3,3,3669.663,0.0,0.0,0.0,0.0,122322.1
1729626,IT,SE,FABRI,FISH5,0.01,3669.658,3,3,3669.658,0.0,0.0,0.0,0.0,366965.8
1650633,IT,BG,SALEM,ELEC8,0.03,3669.629,3,3,3669.629,0.0,0.0,0.0,0.0,122320.966667
1797211,IT,WL,FINAN,PRINT,0.05,3669.622,3,3,3669.622,0.0,0.0,0.0,0.0,73392.44
1782379,IT,NO,FABRI,TRAN1,0.01,3669.46,3,3,3669.46,0.0,0.0,0.0,0.0,366946.0
1731478,IT,SI,BEVER,SALEM,0.02,3669.449,3,3,3669.449,0.0,0.0,0.0,0.0,183472.45
1743493,IT,US,WHOLE,RECRE,0.03,3669.422,3,3,3669.422,0.0,0.0,0.0,0.0,122314.066667
1740428,IT,GB,FOOD2,RUBBE,0.02,3669.351,3,3,3669.351,0.0,0.0,0.0,0.0,183467.55
1770787,IT,AU,COMPU,FABRI,0.04,3669.292,3,3,3669.292,0.0,0.0,0.0,0.0,91732.3
1689503,IT,IE,LANDT,BEVER,0.02,3669.165,3,3,3669.165,0.0,0.0,0.0,0.0,183458.25
1787325,IT,WA,CROPS,LIQUE,0.03,3669.094,3,3,3669.094,0.0,0.0,0.0,0.0,122303.133333
1711451,IT,LU,LANDT,BEVER,0.02,3669.03,3,3,3669.03,0.0,0.0,0.0,0.0,183451.5
1797485,IT,WL,RESEA,MEMBE,0.02,3668.969,3,3,3668.969,0.0,0.0,0.0,0.0,183448.45
1771022,IT,CH,MEATA,LANDT,0.02,3668.828,3,3,3668.828,0.0,0.0,0.0,0.0,183441.4
1758989,IT,BR,LANDT,PRINT,0.02,3668.783,3,3,3668.783,0.0,0.0,0.0,0.0,183439.15
1799492,IT,WE,PAPER,STEAM,0.01,3668.624,3,3,3668.624,0.0,0.0,0.0,0.0,366862.4
1650619,IT,BG,ELE12,MACHI,0.02,3668.469,3,3,3668.469,0.0,0.0,0.0,0.0,183423.45
1731017,IT,SE,WASTE,BASIC,0.01,3668.168,3,3,3668.168,0.0,0.0,0.0,0.0,366816.8
1813567,IT,WM,WHOLE,BASIC,0.03,3668.081,3,3,3668.081,0.0,0.0,0.0,0.0,122269.366667
1736921,IT,SK,EDUCA,AUXIL,0.09,3667.998,3,3,3667.998,0.0,0.0,0.0,0.0,40755.533333
1814668,IT,WM,PLAS1,FISH5,0.01,3667.951,3,3,3667.951,0.0,0.0,0.0,0.0,366795.1
1725404,IT,RO,TEXTI,ELEC2,0.02,3667.868,3,3,3667.868,0.0,0.0,0.0,0.0,183393.4
1662756,IT,DK,OFFIC,REALE,0.01,3667.744,3,3,3667.744,0.0,0.0,0.0,0.0,366774.4
1760618,IT,IN,PULP5,WHEAT,0.01,3667.708,3,3,3667.708,0.0,0.0,0.0,0.0,366770.8
1747027,IT,JP,TRANS,HOTEL,0.02,3667.669,3,3,3667.669,0.0,0.0,0.0,0.0,183383.45
1785362,IT,ZA,WOODW,ELEC1,0.01,3667.079,3,3,3667.079,0.0,0.0,0.0,0.0,366707.9
1659684,IT,DE,RAILW,WEARI,0.02,3666.867,3,3,3666.867,0.0,0.0,0.0,0.0,183343.35
1741375,IT,US,PRINT,TRAN1,0.04,3666.507,3,3,3666.507,0.0,0.0,0.0,0.0,91662.675
1782610,IT,NO,FURNI,RAILW,0.01,3666.364,3,3,3666.364,0.0,0.0,0.0,0.0,366636.4
1720394,IT,PL,MACHI,NONFE,0.02,3666.142,3,3,3666.142,0.0,0.0,0.0,0.0,183307.1
1685083,IT,HU,FOOD5,FORES,0.02,3665.962,3,3,3665.962,0.0,0.0,0.0,0.0,183298.1
1746760,IT,JP,MACHI,ANIMA,0.02,3665.862,3,3,3665.862,0.0,0.0,0.0,0.0,183293.1
1793147,IT,WA,93197,RAWMI,0.02,3665.706,3,3,3665.706,0.0,0.0,0.0,0.0,183285.3
1734136,IT,SI,AUXIL,HOTEL,0.07,3665.401,3,3,3665.401,0.0,0.0,0.0,0.0,52362.871429
1799357,IT,WE,WOODW,MEMBE,0.01,3665.396,3,3,3665.396,0.0,0.0,0.0,0.0,366539.6
1725182,IT,RO,DAIRY,MEATA,0.01,3665.294,3,3,3665.294,0.0,0.0,0.0,0.0,366529.4
1762890,IT,MX,STONE,MOTO1,0.01,3665.262,3,3,3665.262,0.0,0.0,0.0,0.0,366526.2
1782457,IT,NO,MACHI,FOUND,0.02,3665.079,3,3,3665.079,0.0,0.0,0.0,0.0,183253.95
1733338,IT,SI,TRANS,ANIMA,0.02,3665.047,3,3,3665.047,0.0,0.0,0.0,0.0,183252.35
1792933,IT,WA,FOODW,WHOLE,0.03,3664.562,3,3,3664.562,0.0,0.0,0.0,0.0,122152.066667
1768882,IT,AU,WOODW,WEARI,0.01,3664.283,3,3,3664.283,0.0,0.0,0.0,0.0,366428.3
1710400,IT,LT,HOTEL,RENTI,0.03,3663.972,3,3,3663.972,0.0,0.0,0.0,0.0,122132.4
1801785,IT,WE,ELEC4,TRANS,0.06,3663.785,3,3,3663.785,0.0,0.0,0.0,0.0,61063.083333
1654504,IT,CZ,HOTEL,LIQUE,0.03,3663.595,3,3,3663.595,0.0,0.0,0.0,0.0,122119.833333
1752019,IT,CN,RESEA,DIST1,0.02,3663.333,3,3,3663.333,0.0,0.0,0.0,0.0,183166.65
1738736,IT,GB,MACHI,TEXT1,0.02,3663.218,3,3,3663.218,0.0,0.0,0.0,0.0,183160.9
1717545,IT,NL,RENTI,AIRTR,0.02,3663.189,3,3,3663.189,0.0,0.0,0.0,0.0,183159.45
1768013,IT,RU,BUSIN,FORES,0.04,3663.183,3,3,3663.183,0.0,0.0,0.0,0.0,91579.575
1738972,IT,GB,CONST,RECRE,0.02,3663.123,3,3,3663.123,0.0,0.0,0.0,0.0,183156.15
1746869,IT,JP,MACHI,PAPE4,0.02,3663.098,3,3,3663.098,0.0,0.0,0.0,0.0,183154.9
1676272,IT,FR,SALEM,REALE,0.03,3662.844,3,3,3662.844,0.0,0.0,0.0,0.0,122094.8
1688782,IT,IE,RUBBE,TRAN2,0.01,3662.826,3,3,3662.826,0.0,0.0,0.0,0.0,366282.6
1728677,IT,SE,PRINT,INSUR,0.04,3662.685,3,3,3662.685,0.0,0.0,0.0,0.0,91567.125
1688044,IT,HU,COMPU,GASDI,0.04,3662.675,3,3,3662.675,0.0,0.0,0.0,0.0,91566.875
1792241,IT,WA,POSTT,HEAVY,0.06,3662.655,3,3,3662.655,0.0,0.0,0.0,0.0,61044.25
1718102,IT,PL,MEAT4,EDUCA,0.02,3662.64,3,3,3662.64,0.0,0.0,0.0,0.0,183132.0
1649041,IT,BG,WOODW,INLAN,0.01,3662.61,3,3,3662.61,0.0,0.0,0.0,0.0,366261.0
1808427,IT,WF,FOOD4,FORES,0.03,3662.516,3,3,3662.516,0.0,0.0,0.0,0.0,122083.866667
1650437,IT,BG,ELEC4,RAILW,0.06,3662.484,3,3,3662.484,0.0,0.0,0.0,0.0,61041.4
1720813,IT,PL,FURNI,HEAVY,0.01,3662.396,3,3,3662.396,0.0,0.0,0.0,0.0,366239.6
1681248,IT,GR,FINAN,BASIC,0.05,3662.386,3,3,3662.386,0.0,0.0,0.0,0.0,73247.72
1783770,IT,NO,PAPE4,PUBLI,0.02,3662.368,3,3,3662.368,0.0,0.0,0.0,0.0,183118.4
1756377,IT,KR,FURNI,CEMEN,0.01,3661.876,3,3,3661.876,0.0,0.0,0.0,0.0,366187.6
1764317,IT,MX,OFFIC,CEMEN,0.01,3661.834,3,3,3661.834,0.0,0.0,0.0,0.0,366183.4
1741094,IT,US,TEXTI,PLAS1,0.02,3661.273,3,3,3661.273,0.0,0.0,0.0,0.0,183063.65
1731013,IT,SE,FOOD3,COMPU,0.01,3661.266,3,3,3661.266,0.0,0.0,0.0,0.0,366126.6
1728543,IT,SE,PAPER,PRECI,0.01,3661.218,3,3,3661.218,0.0,0.0,0.0,0.0,366121.8
1644034,IT,AT,BUSIN,LIQUE,0.04,3661.101,3,3,3661.101,0.0,0.0,0.0,0.0,91527.525
1762970,IT,MX,DAIRY,FOUND,0.01,3661.057,3,3,3661.057,0.0,0.0,0.0,0.0,366105.7
1664645,IT,EE,LANDT,MEDIC,0.02,3660.942,3,3,3660.942,0.0,0.0,0.0,0.0,183047.1
1656220,IT,DE,TEXTI,INLAN,0.02,3660.896,3,3,3660.896,0.0,0.0,0.0,0.0,183044.8
1672320,IT,FI,COMPU,HEALT,0.04,3660.75,3,3,3660.75,0.0,0.0,0.0,0.0,91518.75
1718255,IT,PL,FOOD5,BITUM,0.02,3660.731,3,3,3660.731,0.0,0.0,0.0,0.0,183036.55
1767865,IT,RU,AUXIL,SUPPO,0.07,3660.584,3,3,3660.584,0.0,0.0,0.0,0.0,52294.057143
1783302,IT,NO,FOODW,WASTE,0.03,3660.494,3,3,3660.494,0.0,0.0,0.0,0.0,122016.466667
1646529,IT,BE,MACHI,PLAS2,0.02,3660.053,3,3,3660.053,0.0,0.0,0.0,0.0,183002.65
1802132,IT,WE,RETA1,COMPU,0.04,3659.789,3,3,3659.789,0.0,0.0,0.0,0.0,91494.725
1659436,IT,DE,WHOLE,DISTR,0.03,3659.664,3,3,3659.664,0.0,0.0,0.0,0.0,121988.8
1762941,IT,MX,VEGE1,FISHF,0.01,3659.462,3,3,3659.462,0.0,0.0,0.0,0.0,365946.2
1656134,IT,DE,FISH5,CONST,0.02,3659.427,4,4,3659.425,0.0,0.0,0.0,0.002,182971.35
1718193,IT,PL,DAIRY,RAILW,0.01,3659.026,3,3,3659.026,0.0,0.0,0.0,0.0,365902.6
1779830,IT,TR,PUBLI,WOODW,0.06,3658.824,3,3,3658.824,0.0,0.0,0.0,0.0,60980.4
1712370,IT,LV,GLASS,FISH5,0.01,3658.749,3,3,3658.749,0.0,0.0,0.0,0.0,365874.9
1720423,IT,PL,MACHI,REFIN,0.02,3658.581,3,3,3658.581,0.0,0.0,0.0,0.0,182929.05
1755118,IT,KR,LEATH,LUBRI,0.03,3658.454,3,3,3658.454,0.0,0.0,0.0,0.0,121948.466667
1797455,IT,WL,RESEA,MOTOR,0.02,3658.405,3,3,3658.405,0.0,0.0,0.0,0.0,182920.25
1774052,IT,CH,RETAI,FOOD3,0.03,3658.042,3,3,3658.042,0.0,0.0,0.0,0.0,121934.733333
1810140,IT,WM,WEARI,FISH5,0.03,3658.036,3,3,3658.036,0.0,0.0,0.0,0.0,121934.533333
1768568,IT,AU,BEVER,CRUDE,0.02,3658.001,3,3,3658.001,0.0,0.0,0.0,0.0,182900.05
1677977,IT,FR,PUBLI,OFFIC,0.06,3657.615,3,3,3657.615,0.0,0.0,0.0,0.0,60960.25
1680645,IT,GR,RETAI,BUSIN,0.03,3657.329,3,3,3657.329,0.0,0.0,0.0,0.0,121910.966667
1754421,IT,CA,RENTI,AIRTR,0.02,3657.169,3,3,3657.169,0.0,0.0,0.0,0.0,182858.45
1764784,IT,MX,LANDT,WEARI,0.02,3656.97,3,3,3656.97,0.0,0.0,0.0,0.0,182848.5
1684590,IT,HR,BUSIN,PAPE4,0.04,3656.924,3,3,3656.924,0.0,0.0,0.0,0.0,91423.1
1649638,IT,BG,GLASS,AIRTR,0.01,3656.787,3,3,3656.787,0.0,0.0,0.0,0.0,365678.7
1744648,IT,US,COMPU,VEGET,0.04,3656.706,3,3,3656.706,0.0,0.0,0.0,0.0,91417.65
1687789,IT,HU,POSTT,PRINT,0.06,3656.561,3,3,3656.561,0.0,0.0,0.0,0.0,60942.683333
1721320,IT,PL,LANDT,PLAS2,0.02,3656.461,3,3,3656.461,0.0,0.0,0.0,0.0,182823.05
1661049,IT,DE,PUBLI,FOOD5,0.06,3656.452,3,3,3656.452,0.0,0.0,0.0,0.0,60940.866667
1737429,IT,GB,WEARI,INSUR,0.03,3656.269,3,3,3656.269,0.0,0.0,0.0,0.0,121875.633333
1787428,IT,WA,STONE,MEATA,0.01,3655.899,3,3,3655.899,0.0,0.0,0.0,0.0,365589.9
1793411,IT,WL,CROPS,BIOGA,0.03,3655.853,3,3,3655.853,0.0,0.0,0.0,0.0,121861.766667
1792154,IT,WA,SUPPO,PAPER,0.03,3655.62,3,3,3655.62,0.0,0.0,0.0,0.0,121854.0
1652362,IT,CZ,FISH5,PUBLI,0.02,3655.561,4,4,3655.559,0.0,0.0,0.0,0.002,182778.05
1784784,IT,ID,HOTEL,PULP5,0.03,3655.535,3,3,3655.535,0.0,0.0,0.0,0.0,121851.166667
1689903,IT,IE,AUXIL,ELEC2,0.07,3655.535,3,3,3655.535,0.0,0.0,0.0,0.0,52221.928571
1739039,IT,GB,RETAI,CRUDE,0.03,3655.376,3,3,3655.376,0.0,0.0,0.0,0.0,121845.866667
1722026,IT,PL,RESEA,CHEM1,0.02,3655.336,3,3,3655.336,0.0,0.0,0.0,0.0,182766.8
1797915,IT,WL,WASTE,93197,0.01,3655.325,3,3,3655.325,0.0,0.0,0.0,0.0,365532.5
1763251,IT,MX,WOODW,POSTT,0.01,3655.091,3,3,3655.091,0.0,0.0,0.0,0.0,365509.1
1689891,IT,IE,AUXIL,RUBBE,0.07,3655.062,3,3,3655.062,0.0,0.0,0.0,0.0,52215.171429
1747665,IT,JP,POSTT,FABRI,0.06,3654.821,3,3,3654.821,0.0,0.0,0.0,0.0,60913.683333
1792528,IT,WA,REALE,SUPPO,0.15,3654.722,3,3,3654.722,0.0,0.0,0.0,0.0,24364.813333
1784387,IT,ID,GLASS,MACHI,0.01,3654.596,3,3,3654.596,0.0,0.0,0.0,0.0,365459.6
1776366,IT,TR,PRINT,FOOD5,0.04,3654.547,3,3,3654.547,0.0,0.0,0.0,0.0,91363.675
1648825,IT,BG,TEXTI,WHEAT,0.02,3654.398,3,3,3654.398,0.0,0.0,0.0,0.0,182719.9
1675976,IT,FR,ELEC4,REALE,0.06,3654.394,3,3,3654.394,0.0,0.0,0.0,0.0,60906.566667
1775512,IT,CH,FOOD2,RETA1,0.02,3653.577,3,3,3653.577,0.0,0.0,0.0,0.0,182678.85
1687052,IT,HU,MOTO1,WOODW,0.02,3653.449,3,3,3653.449,0.0,0.0,0.0,0.0,182672.45
1781765,IT,NO,PAPER,93197,0.01,3653.304,3,3,3653.304,0.0,0.0,0.0,0.0,365330.4
1678096,IT,FR,FOODW,PAPE4,0.03,3653.018,3,3,3653.018,0.0,0.0,0.0,0.0,121767.266667
1745642,IT,JP,TEXTI,BRICK,0.02,3652.936,3,3,3652.936,0.0,0.0,0.0,0.0,182646.8
1800635,IT,WE,GLASS,PRIVA,0.01,3652.761,3,3,3652.761,0.0,0.0,0.0,0.0,365276.1
1671765,IT,FI,RETAI,POSTT,0.03,3652.245,3,3,3652.245,0.0,0.0,0.0,0.0,121741.5
1659612,IT,DE,HOTEL,LEAD1,0.03,3652.136,3,3,3652.136,0.0,0.0,0.0,0.0,121737.866667
1798635,IT,WE,MEAT4,PRINT,0.02,3651.912,3,3,3651.912,0.0,0.0,0.0,0.0,182595.6
1685169,IT,HU,BEVER,PRINT,0.02,3651.595,3,3,3651.595,0.0,0.0,0.0,0.0,182579.75
1683633,IT,HR,FABRI,MOTOR,0.01,3651.467,3,3,3651.467,0.0,0.0,0.0,0.0,365146.7
1738785,IT,GB,OFFIC,RAILW,0.01,3651.337,3,3,3651.337,0.0,0.0,0.0,0.0,365133.7
1727521,IT,RO,AUXIL,FOOD3,0.07,3651.307,3,3,3651.307,0.0,0.0,0.0,0.0,52161.528571
1640558,IT,AT,FOOD5,COPP1,0.02,3651.194,3,3,3651.194,0.0,0.0,0.0,0.0,182559.7
1675495,IT,FR,OFFIC,OFFIC,0.01,3651.175,3,3,3651.175,0.0,0.0,0.0,0.0,365117.5
1763698,IT,MX,RUBBE,TRAN1,0.01,3651.138,3,3,3651.138,0.0,0.0,0.0,0.0,365113.8
1747389,IT,JP,RAILW,TEXTI,0.02,3650.909,3,3,3650.909,0.0,0.0,0.0,0.0,182545.45
1787025,IT,ZA,INSUR,HOTEL,0.08,3650.806,3,3,3650.806,0.0,0.0,0.0,0.0,45635.075
1744362,IT,US,INSUR,NATUR,0.08,3650.772,3,3,3650.772,0.0,0.0,0.0,0.0,45634.65
1650035,IT,BG,MACHI,PLAST,0.02,3650.765,3,3,3650.765,0.0,0.0,0.0,0.0,182538.25
1651688,IT,CY,FABRI,FISHF,0.01,3650.741,3,3,3650.741,0.0,0.0,0.0,0.0,365074.1
1760233,IT,BR,INERT,EDUCA,0.03,3650.59,3,3,3650.59,0.0,0.0,0.0,0.0,121686.333333
1723289,IT,PT,GLASS,WASTE,0.01,3650.575,3,3,3650.575,0.0,0.0,0.0,0.0,365057.5
1654147,IT,CZ,MOTO1,PULP5,0.02,3650.272,3,3,3650.272,0.0,0.0,0.0,0.0,182513.6
1807307,IT,WF,POSTT,COPP1,0.06,3649.89,3,3,3649.89,0.0,0.0,0.0,0.0,60831.5
1652374,IT,CZ,TEXTI,STONE,0.02,3649.772,3,3,3649.772,0.0,0.0,0.0,0.0,182488.6
1775737,IT,TR,WOOLS,HEALT,0.01,3649.14,3,3,3649.14,0.0,0.0,0.0,0.0,364914.0
1767967,IT,RU,COMPU,RADIO,0.04,3649.108,3,3,3649.108,0.0,0.0,0.0,0.0,91227.7
1659431,IT,DE,WHOLE,ELEC6,0.03,3649.023,3,3,3649.023,0.0,0.0,0.0,0.0,121634.1
1677274,IT,FR,FINAN,HEAVY,0.05,3648.994,3,3,3648.994,0.0,0.0,0.0,0.0,72979.88
1650804,IT,BG,LANDT,HYDRO,0.02,3648.94,3,3,3648.94,0.0,0.0,0.0,0.0,182447.0
1770352,IT,AU,RAILW,MEDIC,0.02,3648.712,3,3,3648.712,0.0,0.0,0.0,0.0,182435.6
1769025,IT,AU,PRINT,SUPPO,0.04,3648.435,3,3,3648.435,0.0,0.0,0.0,0.0,91210.875
1779995,IT,TW,SALEM,LUBRI,0.03,3648.433,3,3,3648.433,0.0,0.0,0.0,0.0,121614.433333
1643394,IT,AT,LANDT,NONFE,0.02,3648.288,3,3,3648.288,0.0,0.0,0.0,0.0,182414.4
1801844,IT,WE,ELEC8,CHEM1,0.05,3648.183,3,3,3648.183,0.0,0.0,0.0,0.0,72963.66
1758645,IT,BR,TRANS,MEMBE,0.02,3648.012,3,3,3648.012,0.0,0.0,0.0,0.0,182400.6
1791443,IT,WA,WHOLE,CEMEN,0.03,3647.855,3,3,3647.855,0.0,0.0,0.0,0.0,121595.166667
1711156,IT,LU,FABRI,FURNI,0.01,3647.765,3,3,3647.765,0.0,0.0,0.0,0.0,364776.5
1648647,IT,BG,DAIRY,MEATA,0.01,3647.673,3,3,3647.673,0.0,0.0,0.0,0.0,364767.3
1681689,IT,HR,MEATA,RETA1,0.02,3647.633,3,3,3647.633,0.0,0.0,0.0,0.0,182381.65
1783042,IT,NO,INSUR,DAIRY,0.08,3647.489,3,3,3647.489,0.0,0.0,0.0,0.0,45593.6125
1798516,IT,WE,STONE,WOODW,0.01,3647.388,3,3,3647.388,0.0,0.0,0.0,0.0,364738.8
1682150,IT,HR,TEXTI,LANDT,0.02,3647.17,3,3,3647.17,0.0,0.0,0.0,0.0,182358.5
1770353,IT,AU,RAILW,MOTO1,0.02,3647.101,3,3,3647.101,0.0,0.0,0.0,0.0,182355.05
1660183,IT,DE,SUPPO,TRAN1,0.03,3646.877,3,3,3646.877,0.0,0.0,0.0,0.0,121562.566667
1766698,IT,RU,FABRI,FOODW,0.01,3646.303,3,3,3646.303,0.0,0.0,0.0,0.0,364630.3
1777194,IT,TR,RUBBE,BITUM,0.01,3645.632,3,3,3645.632,0.0,0.0,0.0,0.0,364563.2
1663904,IT,EE,LEATH,NONF1,0.03,3645.609,3,3,3645.609,0.0,0.0,0.0,0.0,121520.3
1683915,IT,HR,FURNI,MOTO1,0.01,3645.454,3,3,3645.454,0.0,0.0,0.0,0.0,364545.4
1716512,IT,NL,OFFIC,FOODW,0.01,3644.819,3,3,3644.819,0.0,0.0,0.0,0.0,364481.9
1721748,IT,PL,INSUR,OFFIC,0.08,3644.804,3,3,3644.804,0.0,0.0,0.0,0.0,45560.05
1687177,IT,HU,FURNI,AUXIL,0.01,3644.539,3,3,3644.539,0.0,0.0,0.0,0.0,364453.9
1747740,IT,JP,FINAN,RESEA,0.05,3644.504,3,3,3644.504,0.0,0.0,0.0,0.0,72890.08
1730928,IT,SE,INTER,ELEC4,0.02,3644.295,3,3,3644.295,0.0,0.0,0.0,0.0,182214.75
1665354,IT,ES,FISH5,93197,0.02,3644.195,4,4,3644.193,0.0,0.0,0.0,0.002,182209.75
1722400,IT,PT,MEATC,LIQUE,0.01,3644.101,3,3,3644.101,0.0,0.0,0.0,0.0,364410.1
1646603,IT,BE,MOTO1,RETA1,0.02,3643.802,3,3,3643.802,0.0,0.0,0.0,0.0,182190.1
1712231,IT,LV,PAPER,DISTR,0.01,3643.661,3,3,3643.661,0.0,0.0,0.0,0.0,364366.1
1730549,IT,SE,AUXIL,SUPPO,0.07,3643.639,3,3,3643.639,0.0,0.0,0.0,0.0,52051.985714
1787737,IT,WA,VEGE1,RAILW,0.01,3643.528,3,3,3643.528,0.0,0.0,0.0,0.0,364352.8
1678081,IT,FR,FOODW,SALEM,0.03,3643.27,3,3,3643.27,0.0,0.0,0.0,0.0,121442.333333
1655773,IT,DE,MEAT1,FURNI,0.02,3643.141,3,3,3643.141,0.0,0.0,0.0,0.0,182157.05
1646873,IT,BE,WHOLE,VEGE1,0.03,3643.006,3,3,3643.006,0.0,0.0,0.0,0.0,121433.533333
1792903,IT,WA,HEALT,MOTOR,0.02,3642.881,3,3,3642.881,0.0,0.0,0.0,0.0,182144.05
1718732,IT,PL,PULP5,BIOGA,0.01,3642.871,3,3,3642.871,0.0,0.0,0.0,0.0,364287.1
1745442,IT,JP,DAIRY,SUPPO,0.01,3642.435,3,3,3642.435,0.0,0.0,0.0,0.0,364243.5
1735849,IT,SK,MACHI,SEWAG,0.02,3642.409,3,3,3642.409,0.0,0.0,0.0,0.0,182120.45
1797868,IT,WL,FOOD3,TEXTI,0.01,3642.221,3,3,3642.221,0.0,0.0,0.0,0.0,364222.1
1807831,IT,WF,PAPE1,PADDY,0.03,3642.218,3,3,3642.218,0.0,0.0,0.0,0.0,121407.266667
1711923,IT,LU,FOOD3,HOTEL,0.01,3642.005,3,3,3642.005,0.0,0.0,0.0,0.0,364200.5
1784652,IT,ID,OFFIC,PROCE,0.01,3641.997,3,3,3641.997,0.0,0.0,0.0,0.0,364199.7
1769660,IT,AU,FABRI,ELEC8,0.01,3641.918,3,3,3641.918,0.0,0.0,0.0,0.0,364191.8
1776269,IT,TR,PAPER,CATTL,0.01,3641.868,3,3,3641.868,0.0,0.0,0.0,0.0,364186.8
1669102,IT,ES,SUPPO,EDUCA,0.03,3641.828,3,3,3641.828,0.0,0.0,0.0,0.0,121394.266667
1760234,IT,BR,INERT,HEALT,0.03,3641.794,3,3,3641.794,0.0,0.0,0.0,0.0,121393.133333
1788085,IT,WA,TEXTI,WASTE,0.02,3641.784,3,3,3641.784,0.0,0.0,0.0,0.0,182089.2
1664147,IT,EE,RUBBE,GASWO,0.01,3641.602,3,3,3641.602,0.0,0.0,0.0,0.0,364160.2
1725138,IT,RO,MEATC,EDUCA,0.01,3641.447,3,3,3641.447,0.0,0.0,0.0,0.0,364144.7
1781726,IT,NO,PAPER,FISH5,0.01,3641.07,3,3,3641.07,0.0,0.0,0.0,0.0,364107.0
1748183,IT,JP,PAPE1,PIGS9,0.03,3641.029,3,3,3641.029,0.0,0.0,0.0,0.0,121367.633333
1753937,IT,CA,LANDT,CATTL,0.02,3640.995,3,3,3640.995,0.0,0.0,0.0,0.0,182049.75
1782747,IT,NO,RETA1,RESEA,0.04,3640.807,3,3,3640.807,0.0,0.0,0.0,0.0,91020.175
1717372,IT,NL,FINAN,PAPE1,0.05,3640.726,3,3,3640.726,0.0,0.0,0.0,0.0,72814.52
1655232,IT,CZ,SEWAG,SEWAG,0.03,3640.686,3,3,3640.686,0.0,0.0,0.0,0.0,121356.2
1654462,IT,CZ,RETA1,RETA1,0.04,3640.604,3,3,3640.604,0.0,0.0,0.0,0.0,91015.1
1643468,IT,AT,LANDT,COLLE,0.02,3640.598,3,3,3640.598,0.0,0.0,0.0,0.0,182029.9
1731417,IT,SI,FOOD5,ELEC1,0.02,3640.513,3,3,3640.513,0.0,0.0,0.0,0.0,182025.65
1780450,IT,TW,SUPPO,PUBLI,0.03,3640.445,3,3,3640.445,0.0,0.0,0.0,0.0,121348.166667
1749305,IT,CN,PRINT,FORES,0.03,3640.132,3,3,3640.132,0.0,0.0,0.0,0.0,121337.733333
1712090,IT,LV,BEVER,AIRTR,0.02,3640.078,3,3,3640.078,0.0,0.0,0.0,0.0,182003.9
1802808,IT,WE,PUBLI,FORES,0.06,3639.932,3,3,3639.932,0.0,0.0,0.0,0.0,60665.533333
1760539,IT,IN,LEATH,PAPER,0.03,3639.913,3,3,3639.913,0.0,0.0,0.0,0.0,121330.433333
1733516,IT,SI,WHOLE,DIST1,0.03,3639.789,3,3,3639.789,0.0,0.0,0.0,0.0,121326.3
1755084,IT,KR,LEATH,FORES,0.03,3639.606,3,3,3639.606,0.0,0.0,0.0,0.0,121320.2
1736725,IT,SK,REALE,MOTO1,0.15,3639.408,3,3,3639.408,0.0,0.0,0.0,0.0,24262.72
1663700,IT,EE,MEATA,PLAST,0.02,3639.277,3,3,3639.277,0.0,0.0,0.0,0.0,181963.85
1670769,IT,FI,PAPER,PAPE4,0.01,3639.243,3,3,3639.243,0.0,0.0,0.0,0.0,363924.3
1799360,IT,WE,PULP5,VEGET,0.01,3638.905,3,3,3638.905,0.0,0.0,0.0,0.0,363890.5
1770092,IT,AU,WHOLE,PLAST,0.03,3638.692,3,3,3638.692,0.0,0.0,0.0,0.0,121289.733333
1661441,IT,DK,DAIRY,TEXTI,0.01,3638.586,3,3,3638.586,0.0,0.0,0.0,0.0,363858.6
1757514,IT,BR,PRINT,CHEM1,0.03,3638.446,3,3,3638.446,0.0,0.0,0.0,0.0,121281.533333
1791192,IT,WA,FURNI,LEATH,0.01,3638.339,3,3,3638.339,0.0,0.0,0.0,0.0,363833.9
1711374,IT,LU,RETA1,CHEM1,0.04,3638.094,3,3,3638.094,0.0,0.0,0.0,0.0,90952.35
1810132,IT,WM,WEARI,MEATC,0.03,3638.054,3,3,3638.054,0.0,0.0,0.0,0.0,121268.466667
1759327,IT,BR,FINAN,SUGAR,0.05,3638.024,3,3,3638.024,0.0,0.0,0.0,0.0,72760.48
1747040,IT,JP,TRANS,EDUCA,0.02,3637.939,3,3,3637.939,0.0,0.0,0.0,0.0,181896.95
1755101,IT,KR,LEATH,TOBAC,0.03,3637.901,3,3,3637.901,0.0,0.0,0.0,0.0,121263.366667
1690165,IT,IE,BUSIN,VEGET,0.04,3637.872,3,3,3637.872,0.0,0.0,0.0,0.0,90946.8
1740607,IT,US,FORES,WHOLE,0.03,3637.841,4,4,3636.841,0.0,1.0,0.0,0.0,121261.366667
1753525,IT,CA,MACHI,MEATP,0.02,3637.792,3,3,3637.792,0.0,0.0,0.0,0.0,181889.6
1760747,IT,IN,PRINT,WEARI,0.03,3637.443,3,3,3637.443,0.0,0.0,0.0,0.0,121248.1
1724022,IT,PT,RETAI,LANDT,0.03,3637.287,3,3,3637.287,0.0,0.0,0.0,0.0,121242.9
1775443,IT,CH,FOODW,BRICK,0.03,3636.992,3,3,3636.992,0.0,0.0,0.0,0.0,121233.066667
1660712,IT,DE,RENTI,FOUND,0.02,3636.969,3,3,3636.969,0.0,0.0,0.0,0.0,181848.45
1646860,IT,BE,RETAI,HEALT,0.03,3636.969,3,3,3636.969,0.0,0.0,0.0,0.0,121232.3
1668240,IT,ES,RETAI,WASTE,0.03,3636.821,3,3,3636.821,0.0,0.0,0.0,0.0,121227.366667
1734318,IT,SI,BUSIN,ELEC3,0.04,3636.812,3,3,3636.812,0.0,0.0,0.0,0.0,90920.3
1661513,IT,DK,FOOD5,ELEC5,0.02,3636.736,3,3,3636.736,0.0,0.0,0.0,0.0,181836.8
1671719,IT,FI,SALEM,FOUND,0.03,3636.637,3,3,3636.637,0.0,0.0,0.0,0.0,121221.233333
1762085,IT,IN,RETA1,DISTR,0.04,3636.604,3,3,3636.604,0.0,0.0,0.0,0.0,90915.1
1688491,IT,IE,LEATH,TRANS,0.03,3636.265,3,3,3636.265,0.0,0.0,0.0,0.0,121208.833333
1643094,IT,AT,WHOLE,FABRI,0.03,3636.184,3,3,3636.184,0.0,0.0,0.0,0.0,121206.133333
1739024,IT,GB,SALEM,OILHA,0.03,3636.039,3,3,3636.039,0.0,0.0,0.0,0.0,121201.3
1745933,IT,JP,WOODW,FISH5,0.01,3635.779,3,3,3635.779,0.0,0.0,0.0,0.0,363577.9
1658827,IT,DE,MOTO1,BLAST,0.02,3635.683,3,3,3635.683,0.0,0.0,0.0,0.0,181784.15
1781123,IT,TW,PAPE1,BASIC,0.03,3635.546,3,3,3635.546,0.0,0.0,0.0,0.0,121184.866667
1766644,IT,RU,FABRI,BRICK,0.01,3635.399,3,3,3635.399,0.0,0.0,0.0,0.0,363539.9
1735942,IT,SK,MOTO1,PLAST,0.02,3635.369,3,3,3635.369,0.0,0.0,0.0,0.0,181768.45
1768342,IT,AU,MEATP,BUSIN,0.01,3635.108,3,3,3635.108,0.0,0.0,0.0,0.0,363510.8
1658830,IT,DE,MOTO1,STEAM,0.02,3634.963,3,3,3634.963,0.0,0.0,0.0,0.0,181748.15
1680675,IT,GR,WHOLE,MEDIC,0.03,3634.367,3,3,3634.367,0.0,0.0,0.0,0.0,121145.566667
1651827,IT,CY,HOTEL,AUXIL,0.03,3634.317,3,3,3634.317,0.0,0.0,0.0,0.0,121143.9
1790718,IT,WA,FABRI,FOODW,0.01,3634.131,3,3,3634.131,0.0,0.0,0.0,0.0,363413.1
1775827,IT,TR,MEATP,PULP5,0.01,3634.007,3,3,3634.007,0.0,0.0,0.0,0.0,363400.7
1716326,IT,NL,FABRI,TRAN1,0.01,3633.931,3,3,3633.931,0.0,0.0,0.0,0.0,363393.1
1671641,IT,FI,FURNI,SEWAG,0.01,3633.901,3,3,3633.901,0.0,0.0,0.0,0.0,363390.1
1718088,IT,PL,MEAT4,ELEC5,0.02,3633.754,3,3,3633.754,0.0,0.0,0.0,0.0,181687.7
1809881,IT,WM,BEVER,TEXTI,0.02,3633.75,3,3,3633.75,0.0,0.0,0.0,0.0,181687.5
1690500,IT,IE,PLAS2,PUBLI,0.03,3633.597,3,3,3633.597,0.0,0.0,0.0,0.0,121119.9
1784522,IT,ID,FABRI,TRAN1,0.01,3633.535,3,3,3633.535,0.0,0.0,0.0,0.0,363353.5
1779083,IT,TR,SUPPO,MOTOR,0.03,3633.462,3,3,3633.462,0.0,0.0,0.0,0.0,121115.4
1808056,IT,WF,TEXT1,CEREA,0.03,3633.003,3,3,3633.003,0.0,0.0,0.0,0.0,121100.1
1759837,IT,BR,FOODW,PRINT,0.03,3632.808,3,3,3632.808,0.0,0.0,0.0,0.0,121093.6
1663339,IT,DK,SUPPO,FOOD5,0.03,3632.762,3,3,3632.762,0.0,0.0,0.0,0.0,121092.066667
1735866,IT,SK,OFFIC,MEAT1,0.01,3632.655,3,3,3632.655,0.0,0.0,0.0,0.0,363265.5
1748986,IT,CN,LEATH,DAIRY,0.03,3632.652,3,3,3632.652,0.0,0.0,0.0,0.0,121088.4
1722272,IT,PL,93197,FOOD5,0.02,3632.637,3,3,3632.637,0.0,0.0,0.0,0.0,181631.85
1763070,IT,MX,TEXTI,DIST1,0.02,3632.165,3,3,3632.165,0.0,0.0,0.0,0.0,181608.25
1760328,IT,IN,STONE,ELEC3,0.01,3632.151,3,3,3632.151,0.0,0.0,0.0,0.0,363215.1
1670066,IT,ES,FOOD2,PLAS2,0.02,3632.091,3,3,3632.091,0.0,0.0,0.0,0.0,181604.55
1783903,IT,NO,RECRE,BUSIN,0.05,3632.088,3,3,3632.088,0.0,0.0,0.0,0.0,72641.76
1727236,IT,RO,SUPPO,NONME,0.03,3632.035,3,3,3632.035,0.0,0.0,0.0,0.0,121067.833333
1716518,IT,NL,MOTO1,MEAT1,0.02,3631.871,3,3,3631.871,0.0,0.0,0.0,0.0,181593.55
1747283,IT,JP,WHOLE,CEMEN,0.03,3631.834,3,3,3631.834,0.0,0.0,0.0,0.0,121061.133333
1798958,IT,WE,TOBAC,POULT,0.01,3631.509,3,3,3631.509,0.0,0.0,0.0,0.0,363150.9
1767155,IT,RU,WHOLE,ANTHR,0.03,3631.385,3,3,3631.385,0.0,0.0,0.0,0.0,121046.166667
1807963,IT,WF,PLAS1,ELECT,0.01,3631.351,3,3,3631.351,0.0,0.0,0.0,0.0,363135.1
1717625,IT,NL,BUSIN,NATU1,0.04,3631.339,3,3,3631.339,0.0,0.0,0.0,0.0,90783.475
1724594,IT,PT,FINAN,KEROS,0.05,3631.334,3,3,3631.334,0.0,0.0,0.0,0.0,72626.68
1640266,IT,AT,STONE,ELEC1,0.01,3631.303,3,3,3631.303,0.0,0.0,0.0,0.0,363130.3
1678615,IT,GR,STONE,ELECT,0.01,3631.113,3,3,3631.113,0.0,0.0,0.0,0.0,363111.3
1778831,IT,TR,LANDT,INSUR,0.02,3631.046,3,3,3631.046,0.0,0.0,0.0,0.0,181552.3
1684725,IT,HU,VEGET,CEMEN,0.01,3630.953,3,3,3630.953,0.0,0.0,0.0,0.0,363095.3
1764627,IT,MX,RETA1,LEATH,0.04,3630.873,3,3,3630.873,0.0,0.0,0.0,0.0,90771.825
1813533,IT,WM,WHOLE,MEATP,0.03,3630.509,3,3,3630.509,0.0,0.0,0.0,0.0,121016.966667
1640899,IT,AT,LEATH,ELEC4,0.03,3630.182,3,3,3630.182,0.0,0.0,0.0,0.0,121006.066667
1684495,IT,HR,RESEA,RUBBE,0.02,3630.075,3,3,3630.075,0.0,0.0,0.0,0.0,181503.75
1796750,IT,WL,LANDT,BIOGA,0.02,3630.002,3,3,3630.002,0.0,0.0,0.0,0.0,181500.1
1681806,IT,HR,MEAT1,LEATH,0.02,3629.606,3,3,3629.606,0.0,0.0,0.0,0.0,181480.3
1776258,IT,TR,PULP5,RETAI,0.01,3629.552,3,3,3629.552,0.0,0.0,0.0,0.0,362955.2
1771842,IT,CH,WOODW,RADIO,0.01,3629.319,3,3,3629.319,0.0,0.0,0.0,0.0,362931.9
1778165,IT,TR,TRANS,93197,0.02,3629.281,3,3,3629.281,0.0,0.0,0.0,0.0,181464.05
1762163,IT,IN,LANDT,ELEC3,0.02,3629.214,3,3,3629.214,0.0,0.0,0.0,0.0,181460.7
1650220,IT,BG,FURNI,PRECI,0.01,3629.127,3,3,3629.127,0.0,0.0,0.0,0.0,362912.7
1661072,IT,DE,PUBLI,ELEC3,0.06,3628.832,3,3,3628.832,0.0,0.0,0.0,0.0,60480.533333
1656244,IT,DE,WEARI,TEXTI,0.03,3628.82,3,3,3628.82,0.0,0.0,0.0,0.0,120960.666667
1737415,IT,GB,TEXTI,EDUCA,0.02,3628.776,3,3,3628.776,0.0,0.0,0.0,0.0,181438.8
1754746,IT,KR,DAIRY,MEDIC,0.01,3628.676,3,3,3628.676,0.0,0.0,0.0,0.0,362867.6
1723553,IT,PT,FABRI,ANIMA,0.01,3628.669,3,3,3628.669,0.0,0.0,0.0,0.0,362866.9
1687154,IT,HU,FURNI,GLASS,0.01,3628.592,3,3,3628.592,0.0,0.0,0.0,0.0,362859.2
1781508,IT,NO,TEXTI,FOOD5,0.02,3628.44,3,3,3628.44,0.0,0.0,0.0,0.0,181422.0
1758946,IT,BR,RAILW,MACHI,0.02,3628.112,3,3,3628.112,0.0,0.0,0.0,0.0,181405.6
1761837,IT,IN,MOTO1,MEDIC,0.02,3627.829,3,3,3627.829,0.0,0.0,0.0,0.0,181391.45
1721207,IT,PL,LANDT,STONE,0.02,3627.63,3,3,3627.63,0.0,0.0,0.0,0.0,181381.5
1809642,IT,WM,DAIRY,NONME,0.01,3627.609,3,3,3627.609,0.0,0.0,0.0,0.0,362760.9
1659193,IT,DE,CONST,TRAN2,0.02,3627.303,3,3,3627.303,0.0,0.0,0.0,0.0,181365.15
1767341,IT,RU,RAILW,RUBBE,0.02,3627.293,3,3,3627.293,0.0,0.0,0.0,0.0,181364.65
1650441,IT,BG,ELEC4,POSTT,0.06,3627.256,3,3,3627.256,0.0,0.0,0.0,0.0,60454.266667
1814340,IT,WM,FINAN,TRAN1,0.05,3627.007,3,3,3627.007,0.0,0.0,0.0,0.0,72540.14
1711437,IT,LU,RAILW,PRINT,0.02,3626.813,3,3,3626.813,0.0,0.0,0.0,0.0,181340.65
1671058,IT,FI,RUBBE,FOUND,0.01,3626.763,3,3,3626.763,0.0,0.0,0.0,0.0,362676.3
1743215,IT,US,TRANS,ELEC6,0.02,3626.627,3,3,3626.627,0.0,0.0,0.0,0.0,181331.35
1710432,IT,LT,LANDT,MEAT4,0.02,3626.465,3,3,3626.465,0.0,0.0,0.0,0.0,181323.25
1743740,IT,US,LANDT,PROCE,0.02,3626.313,3,3,3626.313,0.0,0.0,0.0,0.0,181315.65
1797622,IT,WL,FOODW,RETA1,0.03,3626.205,3,3,3626.205,0.0,0.0,0.0,0.0,120873.5
1679997,IT,GR,FABRI,FOOD3,0.01,3625.967,3,3,3625.967,0.0,0.0,0.0,0.0,362596.7
1676245,IT,FR,SALEM,OILSE,0.03,3625.939,3,3,3625.939,0.0,0.0,0.0,0.0,120864.633333
1713682,IT,MT,FABRI,PRINT,0.01,3625.893,3,3,3625.893,0.0,0.0,0.0,0.0,362589.3
1767923,IT,RU,RENTI,DISTR,0.02,3625.86,3,3,3625.86,0.0,0.0,0.0,0.0,181293.0
1652793,IT,CZ,PRINT,OILSE,0.03,3625.661,3,3,3625.661,0.0,0.0,0.0,0.0,120855.366667
1783449,IT,NO,TEXT1,NONF1,0.03,3625.641,3,3,3625.641,0.0,0.0,0.0,0.0,120854.7
1724650,IT,PT,INSUR,VEGET,0.07,3625.423,3,3,3625.423,0.0,0.0,0.0,0.0,51791.757143
1780798,IT,TW,COMPU,MEAT1,0.04,3625.3,3,3,3625.3,0.0,0.0,0.0,0.0,90632.5
1680711,IT,GR,RETA1,VEGE1,0.04,3625.237,3,3,3625.237,0.0,0.0,0.0,0.0,90630.925
1792995,IT,WA,FOOD2,WEARI,0.02,3625.178,3,3,3625.178,0.0,0.0,0.0,0.0,181258.9
1680261,IT,GR,FURNI,WHEAT,0.01,3625.05,3,3,3625.05,0.0,0.0,0.0,0.0,362505.0
1736165,IT,SK,SALEM,COMPU,0.03,3624.876,3,3,3624.876,0.0,0.0,0.0,0.0,120829.2
1792952,IT,WA,PLAS1,PADDY,0.01,3624.777,3,3,3624.777,0.0,0.0,0.0,0.0,362477.7
1663986,IT,EE,PAPER,INSUR,0.01,3624.588,3,3,3624.588,0.0,0.0,0.0,0.0,362458.8
1657459,IT,DE,RUBBE,ELE12,0.01,3624.485,3,3,3624.485,0.0,0.0,0.0,0.0,362448.5
1779704,IT,TR,BUSIN,CATTL,0.04,3624.37,3,3,3624.37,0.0,0.0,0.0,0.0,90609.25
1658667,IT,DE,OFFIC,RAWMI,0.01,3624.346,3,3,3624.346,0.0,0.0,0.0,0.0,362434.6
1679571,IT,GR,RUBBE,BRICK,0.01,3624.308,3,3,3624.308,0.0,0.0,0.0,0.0,362430.8
1716324,IT,NL,FABRI,ELEC2,0.01,3624.059,3,3,3624.059,0.0,0.0,0.0,0.0,362405.9
1690526,IT,IE,TEXT2,HEALT,0.03,3623.97,3,3,3623.97,0.0,0.0,0.0,0.0,120799.0
1751049,IT,CN,WHOLE,SEACO,0.03,3623.91,3,3,3623.91,0.0,0.0,0.0,0.0,120797.0
1814550,IT,WM,BUSIN,MEAT4,0.04,3623.874,3,3,3623.874,0.0,0.0,0.0,0.0,90596.85
1722696,IT,PT,LEATH,COMPU,0.03,3623.82,3,3,3623.82,0.0,0.0,0.0,0.0,120794.0
1796001,IT,WL,MOTO1,DIST1,0.02,3623.58,3,3,3623.58,0.0,0.0,0.0,0.0,181179.0
1788618,IT,WA,PRINT,FOOD5,0.03,3623.514,3,3,3623.514,0.0,0.0,0.0,0.0,120783.8
1722808,IT,PT,PAPER,COLLE,0.01,3623.429,3,3,3623.429,0.0,0.0,0.0,0.0,362342.9
1773937,IT,CH,SALEM,HEAVY,0.03,3623.373,3,3,3623.373,0.0,0.0,0.0,0.0,120779.1
1722862,IT,PT,PRINT,FABRI,0.03,3622.981,3,3,3622.981,0.0,0.0,0.0,0.0,120766.033333
1665668,IT,ES,PULP5,BEVER,0.01,3622.791,3,3,3622.791,0.0,0.0,0.0,0.0,362279.1
1755243,IT,KR,PAPER,NONFE,0.01,3622.694,3,3,3622.694,0.0,0.0,0.0,0.0,362269.4
1768006,IT,RU,BUSIN,OILSE,0.04,3622.686,3,3,3622.686,0.0,0.0,0.0,0.0,90567.15
1643390,IT,AT,LANDT,FORES,0.02,3622.575,3,3,3622.575,0.0,0.0,0.0,0.0,181128.75
1746027,IT,JP,PAPER,DISTR,0.01,3622.461,3,3,3622.461,0.0,0.0,0.0,0.0,362246.1
1775022,IT,CH,RENTI,SUGAR,0.02,3622.402,3,3,3622.402,0.0,0.0,0.0,0.0,181120.1
1649175,IT,BG,PRINT,OFFIC,0.03,3622.363,3,3,3622.363,0.0,0.0,0.0,0.0,120745.433333
1654982,IT,CZ,INSUR,COMPU,0.07,3622.322,3,3,3622.322,0.0,0.0,0.0,0.0,51747.457143
1730339,IT,SE,SUPPO,PLAST,0.03,3622.254,3,3,3622.254,0.0,0.0,0.0,0.0,120741.8
1752670,IT,CA,WEARI,GLASS,0.03,3622.011,3,3,3622.011,0.0,0.0,0.0,0.0,120733.7
1722255,IT,PL,RECRE,PRINT,0.05,3621.89,3,3,3621.89,0.0,0.0,0.0,0.0,72437.8
1731712,IT,SI,WOODW,PAPE4,0.01,3621.684,3,3,3621.684,0.0,0.0,0.0,0.0,362168.4
1641146,IT,AT,PAPER,WASTE,0.01,3620.981,3,3,3620.981,0.0,0.0,0.0,0.0,362098.1
1643949,IT,AT,COMPU,BRICK,0.04,3620.126,3,3,3620.126,0.0,0.0,0.0,0.0,90503.15
1744456,IT,US,AUXIL,HOTEL,0.07,3620.123,3,3,3620.123,0.0,0.0,0.0,0.0,51716.042857
1717870,IT,PL,VEGET,RETAI,0.01,3619.619,3,3,3619.619,0.0,0.0,0.0,0.0,361961.9
1745360,IT,JP,VEGE1,LEAD1,0.01,3619.611,3,3,3619.611,0.0,0.0,0.0,0.0,361961.1
1739765,IT,GB,POSTT,WEARI,0.06,3619.056,3,3,3619.056,0.0,0.0,0.0,0.0,60317.6
1788427,IT,WA,PULP5,COPPE,0.01,3619.05,3,3,3619.05,0.0,0.0,0.0,0.0,361905.0
1765350,IT,RU,FOOD5,RENTI,0.02,3619.021,3,3,3619.021,0.0,0.0,0.0,0.0,180951.05
1661120,IT,DE,PLAS1,WASTE,0.01,3618.842,3,3,3618.842,0.0,0.0,0.0,0.0,361884.2
1756504,IT,KR,WHOLE,POULT,0.03,3618.823,3,3,3618.823,0.0,0.0,0.0,0.0,120627.433333
1684608,IT,HR,WASTE,WEARI,0.01,3618.778,3,3,3618.778,0.0,0.0,0.0,0.0,361877.8
1681744,IT,HR,STONE,CHEM1,0.01,3618.768,3,3,3618.768,0.0,0.0,0.0,0.0,361876.8
1759274,IT,BR,POSTT,NONF1,0.06,3618.547,3,3,3618.547,0.0,0.0,0.0,0.0,60309.116667
1662124,IT,DK,RUBBE,SANDC,0.01,3618.546,3,3,3618.546,0.0,0.0,0.0,0.0,361854.6
1768136,IT,RU,PUBLI,BEVER,0.06,3618.405,3,3,3618.405,0.0,0.0,0.0,0.0,60306.75
1648828,IT,BG,TEXTI,OILSE,0.02,3618.318,3,3,3618.318,0.0,0.0,0.0,0.0,180915.9
1725283,IT,RO,BEVER,MEATP,0.02,3618.314,3,3,3618.314,0.0,0.0,0.0,0.0,180915.7
1765389,IT,RU,FISH5,FISH5,0.02,3618.309,4,4,3618.307,0.0,0.0,0.0,0.002,180915.45
1714960,IT,NL,FISH5,LEATH,0.02,3618.223,4,4,3618.221,0.0,0.0,0.0,0.002,180911.15
1687446,IT,HU,RAILW,BIODI,0.02,3618.222,3,3,3618.222,0.0,0.0,0.0,0.0,180911.1
1641010,IT,AT,PULP5,BEVER,0.01,3617.647,3,3,3617.647,0.0,0.0,0.0,0.0,361764.7
1644650,IT,BE,FOOD5,MEMBE,0.02,3617.478,3,3,3617.478,0.0,0.0,0.0,0.0,180873.9
1779716,IT,TR,BUSIN,SANDC,0.04,3617.442,3,3,3617.442,0.0,0.0,0.0,0.0,90436.05
1758652,IT,BR,FURNI,CERAM,0.01,3617.003,3,3,3617.003,0.0,0.0,0.0,0.0,361700.3
1734351,IT,SI,BUSIN,93197,0.04,3616.865,3,3,3616.865,0.0,0.0,0.0,0.0,90421.625
1649105,IT,BG,PAPER,LEAD1,0.01,3616.751,3,3,3616.751,0.0,0.0,0.0,0.0,361675.1
1736616,IT,SK,POSTT,HEALT,0.06,3616.651,3,3,3616.651,0.0,0.0,0.0,0.0,60277.516667
1652386,IT,CZ,TEXTI,PULP5,0.02,3616.267,3,3,3616.267,0.0,0.0,0.0,0.0,180813.35
1683893,IT,HR,TRANS,BUSIN,0.02,3616.232,3,3,3616.232,0.0,0.0,0.0,0.0,180811.6
1669236,IT,ES,POSTT,FOOD3,0.06,3616.192,3,3,3616.192,0.0,0.0,0.0,0.0,60269.866667
1710243,IT,LT,MOTO1,VEGET,0.02,3616.03,3,3,3616.03,0.0,0.0,0.0,0.0,180801.5
1720892,IT,PL,SALEM,FORES,0.03,3615.958,3,3,3615.958,0.0,0.0,0.0,0.0,120531.933333
1734816,IT,SK,PULP5,DIST1,0.01,3615.95,3,3,3615.95,0.0,0.0,0.0,0.0,361595.0
1730482,IT,SE,POSTT,FOOD3,0.06,3615.853,3,3,3615.853,0.0,0.0,0.0,0.0,60264.216667
1735216,IT,SK,RUBBE,POSTT,0.01,3615.771,3,3,3615.771,0.0,0.0,0.0,0.0,361577.1
1792413,IT,WA,INSUR,SALEM,0.07,3615.739,3,3,3615.739,0.0,0.0,0.0,0.0,51653.414286
1648798,IT,BG,BEVER,COMPU,0.02,3615.399,3,3,3615.399,0.0,0.0,0.0,0.0,180769.95
1761816,IT,IN,OFFIC,TRANS,0.01,3615.293,3,3,3615.293,0.0,0.0,0.0,0.0,361529.3
1759284,IT,BR,POSTT,FURNI,0.06,3615.245,3,3,3615.245,0.0,0.0,0.0,0.0,60254.083333
1798937,IT,WE,FISH5,BLAST,0.02,3615.242,4,4,3615.24,0.0,0.0,0.0,0.002,180762.1
1736224,IT,SK,RETA1,BEVER,0.04,3615.198,3,3,3615.198,0.0,0.0,0.0,0.0,90379.95
1756180,IT,KR,MACHI,WHITE,0.02,3615.16,3,3,3615.16,0.0,0.0,0.0,0.0,180758.0
1808604,IT,WF,PLAS2,COPPE,0.03,3615.132,3,3,3615.132,0.0,0.0,0.0,0.0,120504.4
1813055,IT,WM,OFFIC,RUBBE,0.01,3614.92,3,3,3614.92,0.0,0.0,0.0,0.0,361492.0
1687369,IT,HU,HOTEL,MOTOR,0.03,3614.75,3,3,3614.75,0.0,0.0,0.0,0.0,120491.666667
1791651,IT,WA,HOTEL,BRICK,0.03,3614.657,3,3,3614.657,0.0,0.0,0.0,0.0,120488.566667
1724736,IT,PT,AUXIL,BUSIN,0.07,3614.554,3,3,3614.554,0.0,0.0,0.0,0.0,51636.485714
1778337,IT,TR,SALEM,INERT,0.03,3614.485,3,3,3614.485,0.0,0.0,0.0,0.0,120482.833333
1760554,IT,IN,LEATH,COPP1,0.03,3613.714,3,3,3613.714,0.0,0.0,0.0,0.0,120457.133333
1643090,IT,AT,WHOLE,BRICK,0.03,3613.479,3,3,3613.479,0.0,0.0,0.0,0.0,120449.3
1741324,IT,US,PAPER,SEACO,0.01,3613.463,3,3,3613.463,0.0,0.0,0.0,0.0,361346.3
1748168,IT,JP,FOODW,FABRI,0.03,3613.461,3,3,3613.461,0.0,0.0,0.0,0.0,120448.7
1797378,IT,WL,RENTI,WHOLE,0.02,3613.184,3,3,3613.184,0.0,0.0,0.0,0.0,180659.2
1748733,IT,CN,BEVER,MEDIC,0.02,3612.946,3,3,3612.946,0.0,0.0,0.0,0.0,180647.3
1731101,IT,SI,FORES,CONST,0.03,3612.918,4,4,3611.918,0.0,1.0,0.0,0.0,120430.6
1775861,IT,TR,DAIRY,WEARI,0.01,3612.709,3,3,3612.709,0.0,0.0,0.0,0.0,361270.9
1734693,IT,SK,LEATH,TOBAC,0.03,3612.44,3,3,3612.44,0.0,0.0,0.0,0.0,120414.666667
1762449,IT,IN,FINAN,BITUM,0.05,3612.37,3,3,3612.37,0.0,0.0,0.0,0.0,72247.4
1709534,IT,LT,WOODW,STONE,0.01,3612.363,3,3,3612.363,0.0,0.0,0.0,0.0,361236.3
1714765,IT,NL,DAIRY,INERT,0.01,3612.343,3,3,3612.343,0.0,0.0,0.0,0.0,361234.3
1672195,IT,FI,AUXIL,FINAN,0.07,3612.14,3,3,3612.14,0.0,0.0,0.0,0.0,51602.0
1778474,IT,TR,WHOLE,RENTI,0.03,3612.013,3,3,3612.013,0.0,0.0,0.0,0.0,120400.433333
1658788,IT,DE,MOTO1,HEAVY,0.02,3611.689,3,3,3611.689,0.0,0.0,0.0,0.0,180584.45
1725259,IT,RO,FOOD5,RENTI,0.02,3611.504,3,3,3611.504,0.0,0.0,0.0,0.0,180575.2
1745332,IT,JP,VEGE1,LEATH,0.01,3611.441,3,3,3611.441,0.0,0.0,0.0,0.0,361144.1
1808338,IT,WF,FOOD3,CHARC,0.01,3611.196,3,3,3611.196,0.0,0.0,0.0,0.0,361119.6
1669848,IT,ES,BUSIN,FOOD3,0.04,3611.047,3,3,3611.047,0.0,0.0,0.0,0.0,90276.175
1716356,IT,NL,FABRI,FOOD3,0.01,3610.975,3,3,3610.975,0.0,0.0,0.0,0.0,361097.5
1669660,IT,ES,COMPU,WEARI,0.04,3610.531,3,3,3610.531,0.0,0.0,0.0,0.0,90263.275
1740928,IT,US,FOOD5,MOTOR,0.02,3610.487,3,3,3610.487,0.0,0.0,0.0,0.0,180524.35
1737402,IT,GB,TEXTI,SALEM,0.02,3610.34,3,3,3610.34,0.0,0.0,0.0,0.0,180517.0
1769993,IT,AU,FURNI,VEGET,0.01,3609.669,3,3,3609.669,0.0,0.0,0.0,0.0,360966.9
1769985,IT,AU,TRANS,RENTI,0.02,3609.604,3,3,3609.604,0.0,0.0,0.0,0.0,180480.2
1751800,IT,CN,AUXIL,LANDT,0.07,3609.566,3,3,3609.566,0.0,0.0,0.0,0.0,51565.228571
1756405,IT,KR,FURNI,AUXIL,0.01,3609.53,3,3,3609.53,0.0,0.0,0.0,0.0,360953.0
1722406,IT,PT,MEATP,FOUND,0.01,3609.514,3,3,3609.514,0.0,0.0,0.0,0.0,360951.4
1749115,IT,CN,WOODW,LEAD1,0.01,3609.501,3,3,3609.501,0.0,0.0,0.0,0.0,360950.1
1678227,IT,FR,OILHA,HEALT,0.02,3609.418,3,3,3609.418,0.0,0.0,0.0,0.0,180470.9
1654388,IT,CZ,SALEM,SUPPO,0.03,3609.386,3,3,3609.386,0.0,0.0,0.0,0.0,120312.866667
1730953,IT,SE,INTER,SEWAG,0.02,3609.377,3,3,3609.377,0.0,0.0,0.0,0.0,180468.85
1754594,IT,KR,CROPS,CONST,0.03,3609.323,3,3,3609.323,0.0,0.0,0.0,0.0,120310.766667
1716438,IT,NL,MACHI,93197,0.02,3609.202,3,3,3609.202,0.0,0.0,0.0,0.0,180460.1
1718946,IT,PL,PRINT,RETAI,0.03,3608.938,3,3,3608.938,0.0,0.0,0.0,0.0,120297.933333
1803208,IT,WF,CROPS,OFFIC,0.03,3608.556,3,3,3608.556,0.0,0.0,0.0,0.0,120285.2
1778716,IT,TR,RAILW,NONME,0.02,3608.411,3,3,3608.411,0.0,0.0,0.0,0.0,180420.55
1763138,IT,MX,LEATH,SANDC,0.03,3608.238,3,3,3608.238,0.0,0.0,0.0,0.0,120274.6
1642939,IT,AT,FURNI,BIOGA,0.01,3607.972,3,3,3607.972,0.0,0.0,0.0,0.0,360797.2
1769844,IT,AU,OFFIC,NATUR,0.01,3607.872,3,3,3607.872,0.0,0.0,0.0,0.0,360787.2
1765292,IT,RU,VEGE1,RESEA,0.01,3607.799,3,3,3607.799,0.0,0.0,0.0,0.0,360779.9
1742956,IT,US,MACHI,INLAN,0.02,3607.54,3,3,3607.54,0.0,0.0,0.0,0.0,180377.0
1774899,IT,CH,INSUR,PRINT,0.07,3607.263,3,3,3607.263,0.0,0.0,0.0,0.0,51532.328571
1687951,IT,HU,RENTI,TOBAC,0.02,3607.086,3,3,3607.086,0.0,0.0,0.0,0.0,180354.3
1654650,IT,CZ,LANDT,BITU1,0.02,3606.938,3,3,3606.938,0.0,0.0,0.0,0.0,180346.9
1718304,IT,PL,FOOD5,SALEM,0.02,3606.556,3,3,3606.556,0.0,0.0,0.0,0.0,180327.8
1757488,IT,BR,PAPER,SEACO,0.01,3606.29,3,3,3606.29,0.0,0.0,0.0,0.0,360629.0
1751576,IT,CN,POSTT,ALUM1,0.06,3606.162,3,3,3606.162,0.0,0.0,0.0,0.0,60102.7
1780293,IT,TW,LANDT,INSUR,0.02,3605.954,3,3,3605.954,0.0,0.0,0.0,0.0,180297.7
1808287,IT,WF,FOOD2,ELEC2,0.02,3605.954,3,3,3605.954,0.0,0.0,0.0,0.0,180297.7
1716458,IT,NL,OFFIC,LEATH,0.01,3605.501,3,3,3605.501,0.0,0.0,0.0,0.0,360550.1
1749232,IT,CN,PAPER,COALT,0.01,3605.219,3,3,3605.219,0.0,0.0,0.0,0.0,360521.9
1786456,IT,ZA,MOTO1,MEAT1,0.02,3605.014,3,3,3605.014,0.0,0.0,0.0,0.0,180250.7
1655733,IT,DE,MEATC,MACHI,0.01,3604.836,3,3,3604.836,0.0,0.0,0.0,0.0,360483.6
1738892,IT,GB,FURNI,TEXTI,0.01,3604.796,3,3,3604.796,0.0,0.0,0.0,0.0,360479.6
1739459,IT,GB,LANDT,LUBRI,0.02,3604.61,3,3,3604.61,0.0,0.0,0.0,0.0,180230.5
1793978,IT,WL,WOODW,GASDI,0.01,3604.588,3,3,3604.588,0.0,0.0,0.0,0.0,360458.8
1643506,IT,AT,LANDT,MEMBE,0.02,3604.265,3,3,3604.265,0.0,0.0,0.0,0.0,180213.25
1671860,IT,FI,RETA1,WOOD2,0.04,3604.195,3,3,3604.195,0.0,0.0,0.0,0.0,90104.875
1745969,IT,JP,WOODW,TRAN1,0.01,3604.088,3,3,3604.088,0.0,0.0,0.0,0.0,360408.8
1733732,IT,SI,LANDT,MEATA,0.02,3604.04,3,3,3604.04,0.0,0.0,0.0,0.0,180202.0
1763344,IT,MX,PRINT,MEATP,0.03,3603.979,3,3,3603.979,0.0,0.0,0.0,0.0,120132.633333
1797828,IT,WL,FOOD2,PAPER,0.02,3603.966,3,3,3603.966,0.0,0.0,0.0,0.0,180198.3
1664422,IT,EE,MACHI,MEDIC,0.02,3603.962,3,3,3603.962,0.0,0.0,0.0,0.0,180198.1
1682228,IT,HR,WEARI,RESEA,0.03,3603.848,3,3,3603.848,0.0,0.0,0.0,0.0,120128.266667
1808769,IT,WF,WOOD2,MEATP,0.02,3603.784,3,3,3603.784,0.0,0.0,0.0,0.0,180189.2
1768306,IT,AU,STONE,WASTE,0.01,3603.376,3,3,3603.376,0.0,0.0,0.0,0.0,360337.6
1754855,IT,KR,BEVER,SUPPO,0.02,3603.273,3,3,3603.273,0.0,0.0,0.0,0.0,180163.65
1788222,IT,WA,LEATH,SUBBI,0.03,3603.029,3,3,3603.029,0.0,0.0,0.0,0.0,120100.966667
1681864,IT,HR,VEGE1,LANDT,0.01,3602.906,3,3,3602.906,0.0,0.0,0.0,0.0,360290.6
1678387,IT,FR,PAPE4,SUPPO,0.02,3602.756,3,3,3602.756,0.0,0.0,0.0,0.0,180137.8
1780599,IT,TW,INSUR,GASDI,0.07,3602.684,3,3,3602.684,0.0,0.0,0.0,0.0,51466.914286
1729860,IT,SE,MOTO1,POSTT,0.02,3602.626,3,3,3602.626,0.0,0.0,0.0,0.0,180131.3
1660278,IT,DE,POSTT,COLLE,0.06,3602.623,3,3,3602.623,0.0,0.0,0.0,0.0,60043.716667
1758871,IT,BR,HOTEL,PREC1,0.03,3602.558,3,3,3602.558,0.0,0.0,0.0,0.0,120085.266667
1793695,IT,WL,FOOD5,WEARI,0.02,3602.528,3,3,3602.528,0.0,0.0,0.0,0.0,180126.4
1810292,IT,WM,LEATH,RENTI,0.03,3602.449,3,3,3602.449,0.0,0.0,0.0,0.0,120081.633333
1814676,IT,WM,PLAS1,MOTO1,0.01,3602.373,3,3,3602.373,0.0,0.0,0.0,0.0,360237.3
1770593,IT,AU,POSTT,COLLE,0.06,3602.162,3,3,3602.162,0.0,0.0,0.0,0.0,60036.033333
1670068,IT,ES,WASTE,LEAD1,0.01,3602.127,3,3,3602.127,0.0,0.0,0.0,0.0,360212.7
1737263,IT,GB,FOOD5,KEROS,0.02,3601.944,3,3,3601.944,0.0,0.0,0.0,0.0,180097.2
1759558,IT,BR,COMPU,NFERT,0.04,3601.609,3,3,3601.609,0.0,0.0,0.0,0.0,90040.225
1713038,IT,MT,MEAT1,COMPU,0.02,3601.272,3,3,3601.272,0.0,0.0,0.0,0.0,180063.6
1772003,IT,CH,PRINT,CROPS,0.03,3601.271,3,3,3601.271,0.0,0.0,0.0,0.0,120042.366667
1661400,IT,DK,VEGE1,PROCE,0.01,3600.832,3,3,3600.832,0.0,0.0,0.0,0.0,360083.2
1781720,IT,NO,PAPER,NATUR,0.01,3600.553,3,3,3600.553,0.0,0.0,0.0,0.0,360055.3
1771625,IT,CH,WEARI,ANIMA,0.03,3600.454,3,3,3600.454,0.0,0.0,0.0,0.0,120015.133333
1726761,IT,RO,SALEM,ELEC4,0.03,3600.336,3,3,3600.336,0.0,0.0,0.0,0.0,120011.2
1769691,IT,AU,FABRI,INERT,0.01,3599.996,3,3,3599.996,0.0,0.0,0.0,0.0,359999.6
1759221,IT,BR,SUPPO,HEALT,0.03,3599.994,3,3,3599.994,0.0,0.0,0.0,0.0,119999.8
1650398,IT,BG,ELEC4,BEVER,0.06,3599.819,3,3,3599.819,0.0,0.0,0.0,0.0,59996.983333
1740089,IT,GB,RENTI,93197,0.02,3599.647,3,3,3599.647,0.0,0.0,0.0,0.0,179982.35
1646973,IT,BE,RETA1,POULT,0.04,3599.545,3,3,3599.545,0.0,0.0,0.0,0.0,89988.625
1808563,IT,WF,PAPE4,FURNI,0.02,3599.447,3,3,3599.447,0.0,0.0,0.0,0.0,179972.35
1766092,IT,RU,RUBBE,PROCE,0.01,3599.138,3,3,3599.138,0.0,0.0,0.0,0.0,359913.8
1688985,IT,IE,MACHI,PFERT,0.02,3599.066,3,3,3599.066,0.0,0.0,0.0,0.0,179953.3
1762991,IT,MX,FOOD5,DAIRY,0.02,3599.049,3,3,3599.049,0.0,0.0,0.0,0.0,179952.45
1759583,IT,BR,COMPU,DIST1,0.04,3598.998,3,3,3598.998,0.0,0.0,0.0,0.0,89974.95
1734245,IT,SI,COMPU,RUBBE,0.04,3598.837,3,3,3598.837,0.0,0.0,0.0,0.0,89970.925
1736267,IT,SK,HOTEL,WOODW,0.03,3598.731,3,3,3598.731,0.0,0.0,0.0,0.0,119957.7
1662166,IT,DK,RUBBE,ELEC5,0.01,3598.708,3,3,3598.708,0.0,0.0,0.0,0.0,359870.8
1718048,IT,PL,MEATC,PFERT,0.01,3598.663,3,3,3598.663,0.0,0.0,0.0,0.0,359866.3
1721123,IT,PL,RAILW,TEXTI,0.02,3598.598,3,3,3598.598,0.0,0.0,0.0,0.0,179929.9
1725108,IT,RO,STONE,STEAM,0.01,3598.467,3,3,3598.467,0.0,0.0,0.0,0.0,359846.7
1640785,IT,AT,TEXTI,FOOD3,0.02,3598.462,3,3,3598.462,0.0,0.0,0.0,0.0,179923.1
1647492,IT,BE,SUPPO,COKEO,0.03,3597.93,3,3,3597.93,0.0,0.0,0.0,0.0,119931.0
1808267,IT,WF,FOOD2,FOOD5,0.02,3597.893,3,3,3597.893,0.0,0.0,0.0,0.0,179894.65
1781215,IT,NO,VEGET,POSTT,0.01,3597.671,3,3,3597.671,0.0,0.0,0.0,0.0,359767.1
1654461,IT,CZ,RETA1,WHOLE,0.04,3597.567,3,3,3597.567,0.0,0.0,0.0,0.0,89939.175
1801810,IT,WE,ELEC5,MEAT4,0.04,3597.229,3,3,3597.229,0.0,0.0,0.0,0.0,89930.725
1690005,IT,IE,REALE,RAILW,0.15,3597.128,3,3,3597.128,0.0,0.0,0.0,0.0,23980.853333
1740450,IT,GB,FOOD3,DIST1,0.01,3596.878,3,3,3596.878,0.0,0.0,0.0,0.0,359687.8
1806359,IT,WF,MOTO1,SANDC,0.02,3596.494,3,3,3596.494,0.0,0.0,0.0,0.0,179824.7
1721588,IT,PL,POSTT,WEARI,0.06,3596.36,3,3,3596.36,0.0,0.0,0.0,0.0,59939.333333
1710327,IT,LT,FURNI,COMPU,0.01,3596.285,3,3,3596.285,0.0,0.0,0.0,0.0,359628.5
1808391,IT,WF,WASTE,DISTR,0.01,3596.134,3,3,3596.134,0.0,0.0,0.0,0.0,359613.4
1752285,IT,CA,STONE,REALE,0.01,3596.108,3,3,3596.108,0.0,0.0,0.0,0.0,359610.8
1787605,IT,WA,MEAT1,CHARC,0.02,3596.107,3,3,3596.107,0.0,0.0,0.0,0.0,179805.35
1752179,IT,CN,PUBLI,MOTOR,0.06,3595.95,3,3,3595.95,0.0,0.0,0.0,0.0,59932.5
1752732,IT,CA,LEATH,SUPPO,0.03,3595.687,3,3,3595.687,0.0,0.0,0.0,0.0,119856.233333
1752173,IT,CN,PUBLI,WEARI,0.06,3595.551,3,3,3595.551,0.0,0.0,0.0,0.0,59925.85
1689917,IT,IE,AUXIL,LANDT,0.07,3595.417,3,3,3595.417,0.0,0.0,0.0,0.0,51363.1
1644624,IT,BE,FOOD5,MOTO1,0.02,3595.006,3,3,3595.006,0.0,0.0,0.0,0.0,179750.3
1809299,IT,WM,STONE,PAPER,0.01,3594.884,3,3,3594.884,0.0,0.0,0.0,0.0,359488.4
1760161,IT,BR,WASTE,SEACO,0.01,3594.855,3,3,3594.855,0.0,0.0,0.0,0.0,359485.5
1748222,IT,JP,INTER,TRANS,0.02,3594.853,3,3,3594.853,0.0,0.0,0.0,0.0,179742.65
1774079,IT,CH,WHOLE,SUGA1,0.03,3594.643,3,3,3594.643,0.0,0.0,0.0,0.0,119821.433333
1727399,IT,RO,FINAN,BASIC,0.05,3594.331,3,3,3594.331,0.0,0.0,0.0,0.0,71886.62
1756625,IT,KR,RAILW,RESEA,0.02,3594.208,3,3,3594.208,0.0,0.0,0.0,0.0,179710.4
1724169,IT,PT,HOTEL,VEGET,0.03,3594.179,3,3,3594.179,0.0,0.0,0.0,0.0,119805.966667
1656169,IT,DE,TEXTI,VEGE1,0.02,3594.145,3,3,3594.145,0.0,0.0,0.0,0.0,179707.25
1710111,IT,LT,FABRI,INERT,0.01,3594.017,3,3,3594.017,0.0,0.0,0.0,0.0,359401.7
1643776,IT,AT,POSTT,ELECT,0.06,3593.744,3,3,3593.744,0.0,0.0,0.0,0.0,59895.733333
1733177,IT,SI,MACHI,CEREA,0.02,3593.607,3,3,3593.607,0.0,0.0,0.0,0.0,179680.35
1775978,IT,TR,BEVER,REALE,0.02,3593.45,3,3,3593.45,0.0,0.0,0.0,0.0,179672.5
1792335,IT,WA,FINAN,PLAST,0.05,3593.275,3,3,3593.275,0.0,0.0,0.0,0.0,71865.5
1681259,IT,GR,FINAN,ELEC4,0.05,3593.216,3,3,3593.216,0.0,0.0,0.0,0.0,71864.32
1763023,IT,MX,BEVER,MEMBE,0.02,3593.153,3,3,3593.153,0.0,0.0,0.0,0.0,179657.65
1681417,IT,GR,RENTI,CHEM1,0.02,3592.958,3,3,3592.958,0.0,0.0,0.0,0.0,179647.9
1646420,IT,BE,FABRI,FOOD4,0.01,3592.877,3,3,3592.877,0.0,0.0,0.0,0.0,359287.7
1768580,IT,AU,BEVER,WEARI,0.02,3592.485,3,3,3592.485,0.0,0.0,0.0,0.0,179624.25
1767663,IT,RU,POSTT,SALEM,0.06,3592.478,3,3,3592.478,0.0,0.0,0.0,0.0,59874.633333
1808052,IT,WF,INTER,MEMBE,0.02,3592.06,3,3,3592.06,0.0,0.0,0.0,0.0,179603.0
1808517,IT,WF,PAPE4,OILSE,0.02,3591.95,3,3,3591.95,0.0,0.0,0.0,0.0,179597.5
1643682,IT,AT,SUPPO,SUGA1,0.03,3591.308,3,3,3591.308,0.0,0.0,0.0,0.0,119710.266667
1740365,IT,GB,EDUCA,REALE,0.09,3591.303,3,3,3591.303,0.0,0.0,0.0,0.0,39903.366667
1669633,IT,ES,RENTI,AUXIL,0.02,3591.238,3,3,3591.238,0.0,0.0,0.0,0.0,179561.9
1767049,IT,RU,FURNI,SANDC,0.01,3590.827,3,3,3590.827,0.0,0.0,0.0,0.0,359082.7
1642592,IT,AT,FABRI,CHEMI,0.01,3590.592,3,3,3590.592,0.0,0.0,0.0,0.0,359059.2
1667907,IT,ES,MOTO1,ELEC1,0.02,3590.455,3,3,3590.455,0.0,0.0,0.0,0.0,179522.75
1721871,IT,PL,REALE,PUBLI,0.15,3590.418,3,3,3590.418,0.0,0.0,0.0,0.0,23936.12
1672457,IT,FI,PAPE1,BUSIN,0.03,3590.322,3,3,3590.322,0.0,0.0,0.0,0.0,119677.4
1652307,IT,CZ,BEVER,OFFIC,0.02,3590.3,3,3,3590.3,0.0,0.0,0.0,0.0,179515.0
1726658,IT,RO,TRANS,MEATP,0.02,3590.224,3,3,3590.224,0.0,0.0,0.0,0.0,179511.2
1712014,IT,LV,VEGE1,PIGS9,0.01,3590.167,3,3,3590.167,0.0,0.0,0.0,0.0,359016.7
1649558,IT,BG,RUBBE,ELEC5,0.01,3590.04,3,3,3590.04,0.0,0.0,0.0,0.0,359004.0
1644781,IT,BE,TOBAC,FOOD5,0.01,3589.879,3,3,3589.879,0.0,0.0,0.0,0.0,358987.9
1731324,IT,SI,DAIRY,PIGS9,0.01,3589.722,3,3,3589.722,0.0,0.0,0.0,0.0,358972.2
1669243,IT,ES,POSTT,WOOD2,0.06,3589.635,3,3,3589.635,0.0,0.0,0.0,0.0,59827.25
1689240,IT,IE,WHOLE,TEXTI,0.03,3589.48,3,3,3589.48,0.0,0.0,0.0,0.0,119649.333333
1678931,IT,GR,TEXTI,TRANS,0.02,3589.231,3,3,3589.231,0.0,0.0,0.0,0.0,179461.55
1689186,IT,IE,RETAI,FOOD5,0.03,3589.222,3,3,3589.222,0.0,0.0,0.0,0.0,119640.733333
1802010,IT,WE,WHOLE,MOTOR,0.03,3589.158,3,3,3589.158,0.0,0.0,0.0,0.0,119638.6
1670136,IT,ES,INERT,COLLE,0.03,3589.139,3,3,3589.139,0.0,0.0,0.0,0.0,119637.966667
1733545,IT,SI,RETA1,SANDC,0.04,3589.07,3,3,3589.07,0.0,0.0,0.0,0.0,89726.75
1798035,IT,WL,WOOD2,CRUDE,0.02,3588.292,3,3,3588.292,0.0,0.0,0.0,0.0,179414.6
1810552,IT,WM,PAPER,ELEC2,0.01,3588.068,3,3,3588.068,0.0,0.0,0.0,0.0,358806.8
1678347,IT,FR,FOOD4,CHEM1,0.03,3588.051,3,3,3588.051,0.0,0.0,0.0,0.0,119601.7
1814906,IT,WM,PRIVA,BEVER,0.8,3587.78,3,3,3587.78,0.0,0.0,0.0,0.0,4484.725
1754394,IT,CA,RENTI,MEATP,0.02,3587.769,3,3,3587.769,0.0,0.0,0.0,0.0,179388.45
1664935,IT,ES,STONE,RUBBE,0.01,3587.748,3,3,3587.748,0.0,0.0,0.0,0.0,358774.8
1799385,IT,WE,PULP5,LANDT,0.01,3587.733,3,3,3587.733,0.0,0.0,0.0,0.0,358773.3
1712639,IT,LV,MOTO1,REALE,0.02,3587.651,3,3,3587.651,0.0,0.0,0.0,0.0,179382.55
1669615,IT,ES,RENTI,MEDIC,0.02,3587.649,3,3,3587.649,0.0,0.0,0.0,0.0,179382.45
1670140,IT,ES,INERT,SUPPO,0.03,3587.639,3,3,3587.639,0.0,0.0,0.0,0.0,119587.966667
1717852,IT,PL,VEGET,FISH5,0.01,3586.984,3,3,3586.984,0.0,0.0,0.0,0.0,358698.4
1687136,IT,HU,FURNI,CROPS,0.01,3586.827,3,3,3586.827,0.0,0.0,0.0,0.0,358682.7
1756223,IT,KR,MACHI,BIOG1,0.02,3586.782,3,3,3586.782,0.0,0.0,0.0,0.0,179339.1
1764662,IT,MX,RETA1,SUPPO,0.04,3586.63,3,3,3586.63,0.0,0.0,0.0,0.0,89665.75
1758740,IT,BR,WHOLE,ELECT,0.03,3586.381,3,3,3586.381,0.0,0.0,0.0,0.0,119546.033333
1799388,IT,WE,PULP5,SUPPO,0.01,3586.277,3,3,3586.277,0.0,0.0,0.0,0.0,358627.7
1781604,IT,NO,WEARI,RETAI,0.03,3586.146,3,3,3586.146,0.0,0.0,0.0,0.0,119538.2
1680746,IT,GR,RETA1,DISTR,0.04,3586.041,3,3,3586.041,0.0,0.0,0.0,0.0,89651.025
1803617,IT,WF,FOOD5,PROCE,0.02,3585.868,3,3,3585.868,0.0,0.0,0.0,0.0,179293.4
1710208,IT,LT,OFFIC,POULT,0.01,3585.637,3,3,3585.637,0.0,0.0,0.0,0.0,358563.7
1735998,IT,SK,TRANS,PLAST,0.02,3585.559,3,3,3585.559,0.0,0.0,0.0,0.0,179277.95
1640444,IT,AT,VEGE1,RAILW,0.01,3585.555,3,3,3585.555,0.0,0.0,0.0,0.0,358555.5
1681851,IT,HR,VEGE1,MACHI,0.01,3585.465,3,3,3585.465,0.0,0.0,0.0,0.0,358546.5
1765286,IT,RU,VEGE1,RAILW,0.01,3585.354,3,3,3585.354,0.0,0.0,0.0,0.0,358535.4
1718690,IT,PL,WOODW,DIST1,0.01,3585.194,3,3,3585.194,0.0,0.0,0.0,0.0,358519.4
1734581,IT,SK,BEVER,FISH5,0.02,3585.004,3,3,3585.004,0.0,0.0,0.0,0.0,179250.2
1663473,IT,DK,REALE,EDUCA,0.15,3584.558,3,3,3584.558,0.0,0.0,0.0,0.0,23897.053333
1801193,IT,WE,FABRI,NAPHT,0.01,3584.507,3,3,3584.507,0.0,0.0,0.0,0.0,358450.7
1783897,IT,NO,WOOD2,FOOD3,0.02,3584.421,3,3,3584.421,0.0,0.0,0.0,0.0,179221.05
1673847,IT,FR,PRINT,RAILW,0.03,3584.304,3,3,3584.304,0.0,0.0,0.0,0.0,119476.8
1645134,IT,BE,PRINT,BEVER,0.03,3584.243,3,3,3584.243,0.0,0.0,0.0,0.0,119474.766667
1685223,IT,HU,TEXTI,POULT,0.02,3583.439,3,3,3583.439,0.0,0.0,0.0,0.0,179171.95
1726586,IT,RO,OFFIC,FOOD3,0.01,3583.375,3,3,3583.375,0.0,0.0,0.0,0.0,358337.5
1690173,IT,IE,BUSIN,NATUR,0.04,3583.311,3,3,3583.311,0.0,0.0,0.0,0.0,89582.775
1745525,IT,JP,FOOD5,FOODW,0.02,3583.309,3,3,3583.309,0.0,0.0,0.0,0.0,179165.45
1756627,IT,KR,RAILW,PUBLI,0.02,3583.236,3,3,3583.236,0.0,0.0,0.0,0.0,179161.8
1645824,IT,BE,RUBBE,TEXT2,0.01,3583.181,3,3,3583.181,0.0,0.0,0.0,0.0,358318.1
1734250,IT,SI,COMPU,MOTO1,0.04,3582.964,3,3,3582.964,0.0,0.0,0.0,0.0,89574.1
1754852,IT,KR,BEVER,LANDT,0.02,3582.919,3,3,3582.919,0.0,0.0,0.0,0.0,179145.95
1678423,IT,FR,INERT,HEALT,0.03,3582.895,3,3,3582.895,0.0,0.0,0.0,0.0,119429.833333
1714809,IT,NL,FOOD5,PROCE,0.02,3582.801,3,3,3582.801,0.0,0.0,0.0,0.0,179140.05
1720984,IT,PL,RETA1,BEVER,0.04,3582.618,3,3,3582.618,0.0,0.0,0.0,0.0,89565.45
1787083,IT,ZA,BUSIN,WOODW,0.04,3582.557,3,3,3582.557,0.0,0.0,0.0,0.0,89563.925
1785081,IT,ZA,STONE,BUSIN,0.01,3582.547,3,3,3582.547,0.0,0.0,0.0,0.0,358254.7
1792645,IT,WA,RESEA,WEARI,0.02,3582.202,3,3,3582.202,0.0,0.0,0.0,0.0,179110.1
1689221,IT,IE,WHOLE,ANIMA,0.03,3581.986,3,3,3581.986,0.0,0.0,0.0,0.0,119399.533333
1797987,IT,WL,PAPE4,INSUR,0.02,3581.817,3,3,3581.817,0.0,0.0,0.0,0.0,179090.85
1651869,IT,CY,SUPPO,RETA1,0.03,3581.252,3,3,3581.252,0.0,0.0,0.0,0.0,119375.066667
1713242,IT,MT,PAPER,WOODW,0.01,3581.213,3,3,3581.213,0.0,0.0,0.0,0.0,358121.3
1682293,IT,HR,LEATH,COMPU,0.03,3581.157,3,3,3581.157,0.0,0.0,0.0,0.0,119371.9
1783568,IT,NO,SEWAG,WASTE,0.03,3580.735,3,3,3580.735,0.0,0.0,0.0,0.0,119357.833333
1771179,IT,CH,MEAT4,MOTO1,0.02,3580.66,3,3,3580.66,0.0,0.0,0.0,0.0,179033.0
1669192,IT,ES,POSTT,ELEC8,0.06,3580.599,3,3,3580.599,0.0,0.0,0.0,0.0,59676.65
1678693,IT,GR,VEGE1,CONST,0.01,3580.593,3,3,3580.593,0.0,0.0,0.0,0.0,358059.3
1677339,IT,FR,FINAN,FOOD2,0.05,3580.487,3,3,3580.487,0.0,0.0,0.0,0.0,71609.74
1670501,IT,FI,BEVER,OFFIC,0.02,3580.349,3,3,3580.349,0.0,0.0,0.0,0.0,179017.45
1730511,IT,SE,FINAN,RESEA,0.05,3580.301,3,3,3580.301,0.0,0.0,0.0,0.0,71606.02
1661444,IT,DK,DAIRY,MACHI,0.01,3580.103,3,3,3580.103,0.0,0.0,0.0,0.0,358010.3
1739944,IT,GB,INSUR,BUSIN,0.07,3579.874,3,3,3579.874,0.0,0.0,0.0,0.0,51141.057143
1774319,IT,CH,HOTEL,LUBRI,0.03,3579.604,3,3,3579.604,0.0,0.0,0.0,0.0,119320.133333
1798002,IT,WL,INERT,MEAT1,0.03,3579.596,3,3,3579.596,0.0,0.0,0.0,0.0,119319.866667
1690030,IT,IE,REALE,PAPE4,0.15,3579.489,3,3,3579.489,0.0,0.0,0.0,0.0,23863.26
1753701,IT,CA,TRANS,MEATA,0.02,3579.423,3,3,3579.423,0.0,0.0,0.0,0.0,178971.15
1656133,IT,DE,FISH5,MOTO1,0.02,3579.357,4,4,3579.355,0.0,0.0,0.0,0.002,178967.85
1670404,IT,FI,FOOD5,MEATA,0.02,3579.107,3,3,3579.107,0.0,0.0,0.0,0.0,178955.35
1669855,IT,ES,BUSIN,WOOD2,0.04,3579.027,3,3,3579.027,0.0,0.0,0.0,0.0,89475.675
1714015,IT,MT,RETA1,RENTI,0.04,3578.913,3,3,3578.913,0.0,0.0,0.0,0.0,89472.825
1643174,IT,AT,HOTEL,CEREA,0.03,3578.876,3,3,3578.876,0.0,0.0,0.0,0.0,119295.866667
1730127,IT,SE,RAILW,CHEM1,0.02,3578.675,3,3,3578.675,0.0,0.0,0.0,0.0,178933.75
1661484,IT,DK,FOOD5,CRUDE,0.02,3578.346,3,3,3578.346,0.0,0.0,0.0,0.0,178917.3
1791739,IT,WA,RAILW,KEROS,0.02,3578.343,3,3,3578.343,0.0,0.0,0.0,0.0,178917.15
1792325,IT,WA,FINAN,WEARI,0.05,3578.274,3,3,3578.274,0.0,0.0,0.0,0.0,71565.48
1734497,IT,SK,MEAT4,SUPPO,0.02,3578.118,3,3,3578.118,0.0,0.0,0.0,0.0,178905.9
1716977,IT,NL,LANDT,MEATA,0.02,3577.917,3,3,3577.917,0.0,0.0,0.0,0.0,178895.85
1796185,IT,WL,FURNI,LIQUE,0.01,3577.81,3,3,3577.81,0.0,0.0,0.0,0.0,357781.0
1775354,IT,CH,PUBLI,VEGET,0.06,3577.781,3,3,3577.781,0.0,0.0,0.0,0.0,59629.683333
1712073,IT,LV,BEVER,NONME,0.02,3577.667,3,3,3577.667,0.0,0.0,0.0,0.0,178883.35
1778267,IT,TR,SALEM,RAWMI,0.03,3577.663,3,3,3577.663,0.0,0.0,0.0,0.0,119255.433333
1759378,IT,BR,FINAN,COMPU,0.05,3577.507,3,3,3577.507,0.0,0.0,0.0,0.0,71550.14
1768345,IT,AU,MEAT4,CATTL,0.02,3577.414,3,3,3577.414,0.0,0.0,0.0,0.0,178870.7
1730674,IT,SE,RENTI,SEWAG,0.02,3577.397,3,3,3577.397,0.0,0.0,0.0,0.0,178869.85
1786609,IT,ZA,SALEM,AIRTR,0.03,3577.318,3,3,3577.318,0.0,0.0,0.0,0.0,119243.933333
1711605,IT,LU,INSUR,AUXIL,0.07,3577.197,3,3,3577.197,0.0,0.0,0.0,0.0,51102.814286
1652254,IT,CZ,FOOD5,FURNI,0.02,3576.843,3,3,3576.843,0.0,0.0,0.0,0.0,178842.15
1765754,IT,RU,PRINT,SALEM,0.03,3576.782,3,3,3576.782,0.0,0.0,0.0,0.0,119226.066667
1759281,IT,BR,POSTT,MEDIC,0.06,3576.733,3,3,3576.733,0.0,0.0,0.0,0.0,59612.216667
1753642,IT,CA,OFFIC,COLLE,0.01,3576.568,3,3,3576.568,0.0,0.0,0.0,0.0,357656.8
1655820,IT,DE,VEGE1,PFERT,0.01,3576.364,3,3,3576.364,0.0,0.0,0.0,0.0,357636.4
1668632,IT,ES,RAILW,NONME,0.02,3576.269,3,3,3576.269,0.0,0.0,0.0,0.0,178813.45
1720919,IT,PL,SALEM,COMPU,0.03,3576.185,3,3,3576.185,0.0,0.0,0.0,0.0,119206.166667
1787784,IT,WA,DAIRY,LANDT,0.01,3576.014,3,3,3576.014,0.0,0.0,0.0,0.0,357601.4
1801955,IT,WE,SALEM,COMPU,0.03,3575.904,3,3,3575.904,0.0,0.0,0.0,0.0,119196.8
1734228,IT,SI,RENTI,SUPPO,0.02,3575.732,3,3,3575.732,0.0,0.0,0.0,0.0,178786.6
1798079,IT,WL,RECRE,AUXIL,0.05,3575.486,3,3,3575.486,0.0,0.0,0.0,0.0,71509.72
1777934,IT,TR,MACHI,NFERT,0.02,3575.347,3,3,3575.347,0.0,0.0,0.0,0.0,178767.35
1765413,IT,RU,TEXTI,DAIRY,0.02,3575.345,3,3,3575.345,0.0,0.0,0.0,0.0,178767.25
1718341,IT,PL,BEVER,FISHF,0.02,3575.028,3,3,3575.028,0.0,0.0,0.0,0.0,178751.4
1678480,IT,FR,RECRE,LANDT,0.05,3574.91,3,3,3574.91,0.0,0.0,0.0,0.0,71498.2
1718325,IT,PL,FOOD5,INTER,0.02,3574.524,3,3,3574.524,0.0,0.0,0.0,0.0,178726.2
1675340,IT,FR,MACHI,ANIMA,0.02,3574.334,3,3,3574.334,0.0,0.0,0.0,0.0,178716.7
1689634,IT,IE,SUPPO,INSUR,0.03,3573.972,3,3,3573.972,0.0,0.0,0.0,0.0,119132.4
1797621,IT,WL,FOODW,WHOLE,0.03,3573.852,3,3,3573.852,0.0,0.0,0.0,0.0,119128.4
1665674,IT,ES,PULP5,GASDI,0.01,3573.712,3,3,3573.712,0.0,0.0,0.0,0.0,357371.2
1710367,IT,LT,HOTEL,PRINT,0.03,3573.504,3,3,3573.504,0.0,0.0,0.0,0.0,119116.8
1716879,IT,NL,HOTEL,ELEC5,0.03,3573.205,3,3,3573.205,0.0,0.0,0.0,0.0,119106.833333
1718862,IT,PL,PAPER,OILHA,0.01,3572.922,3,3,3572.922,0.0,0.0,0.0,0.0,357292.2
1768697,IT,AU,TEXTI,REALE,0.02,3572.593,3,3,3572.593,0.0,0.0,0.0,0.0,178629.65
1651568,IT,CY,RUBBE,PUBLI,0.01,3572.122,3,3,3572.122,0.0,0.0,0.0,0.0,357212.2
1810119,IT,WM,WEARI,WHEAT,0.03,3572.035,3,3,3572.035,0.0,0.0,0.0,0.0,119067.833333
1718226,IT,PL,PROCE,PLAST,0.02,3571.965,3,3,3571.965,0.0,0.0,0.0,0.0,178598.25
1710484,IT,LT,LANDT,COMPU,0.02,3571.946,3,3,3571.946,0.0,0.0,0.0,0.0,178597.3
1684079,IT,HR,HOTEL,RETAI,0.03,3571.724,3,3,3571.724,0.0,0.0,0.0,0.0,119057.466667
1761968,IT,IN,FURNI,INSUR,0.01,3571.233,3,3,3571.233,0.0,0.0,0.0,0.0,357123.3
1740482,IT,GB,PAPE4,PLAS2,0.02,3571.122,3,3,3571.122,0.0,0.0,0.0,0.0,178556.1
1670323,IT,FI,MEATC,BASIC,0.01,3571.112,3,3,3571.112,0.0,0.0,0.0,0.0,357111.2
1688133,IT,HU,BUSIN,NAPHT,0.04,3571.075,3,3,3571.075,0.0,0.0,0.0,0.0,89276.875
1675221,IT,FR,FABRI,PROCE,0.01,3570.919,3,3,3570.919,0.0,0.0,0.0,0.0,357091.9
1669051,IT,ES,SUPPO,BRICK,0.03,3570.889,3,3,3570.889,0.0,0.0,0.0,0.0,119029.633333
1641160,IT,AT,PRINT,PULP5,0.03,3570.795,3,3,3570.795,0.0,0.0,0.0,0.0,119026.5
1725043,IT,RO,VEGET,SUGA1,0.01,3570.642,3,3,3570.642,0.0,0.0,0.0,0.0,357064.2
1747681,IT,JP,POSTT,DISTR,0.06,3570.572,3,3,3570.572,0.0,0.0,0.0,0.0,59509.533333
1755318,IT,KR,PAPER,MEMBE,0.01,3570.507,3,3,3570.507,0.0,0.0,0.0,0.0,357050.7
1722451,IT,PT,DAIRY,CATTL,0.01,3570.297,3,3,3570.297,0.0,0.0,0.0,0.0,357029.7
1803458,IT,WF,MEAT4,RAWMI,0.02,3569.807,3,3,3569.807,0.0,0.0,0.0,0.0,178490.35
1756045,IT,KR,FABRI,MEAT1,0.01,3569.369,3,3,3569.369,0.0,0.0,0.0,0.0,356936.9
1687270,IT,HU,WHOLE,ELEC1,0.03,3568.941,3,3,3568.941,0.0,0.0,0.0,0.0,118964.7
1727730,IT,RO,COMPU,INSUR,0.04,3568.485,3,3,3568.485,0.0,0.0,0.0,0.0,89212.125
1809986,IT,WM,TOBAC,TOBAC,0.01,3568.475,3,3,3568.475,0.0,0.0,0.0,0.0,356847.5
1745607,IT,JP,TOBAC,RENTI,0.01,3568.444,3,3,3568.444,0.0,0.0,0.0,0.0,356844.4
1712848,IT,LV,AUXIL,SEACO,0.07,3568.136,3,3,3568.136,0.0,0.0,0.0,0.0,50973.371429
1734569,IT,SK,BEVER,MEATA,0.02,3568.136,3,3,3568.136,0.0,0.0,0.0,0.0,178406.8
1791333,IT,WA,SALEM,FOOD5,0.03,3568.071,3,3,3568.071,0.0,0.0,0.0,0.0,118935.7
1814660,IT,WM,PLAS1,POULT,0.01,3568.062,3,3,3568.062,0.0,0.0,0.0,0.0,356806.2
1650732,IT,BG,HOTEL,FURNI,0.03,3568.047,3,3,3568.047,0.0,0.0,0.0,0.0,118934.9
1803332,IT,WF,STONE,COMPU,0.01,3568.037,3,3,3568.037,0.0,0.0,0.0,0.0,356803.7
1678123,IT,FR,PAPE1,WOOD1,0.03,3568.021,3,3,3568.021,0.0,0.0,0.0,0.0,118934.033333
1676726,IT,FR,RAILW,PLAS1,0.02,3567.932,3,3,3567.932,0.0,0.0,0.0,0.0,178396.6
1717901,IT,PL,ANIMA,RESEA,0.01,3567.905,3,3,3567.905,0.0,0.0,0.0,0.0,356790.5
1813040,IT,WM,OFFIC,COPPE,0.01,3567.828,3,3,3567.828,0.0,0.0,0.0,0.0,356782.8
1685325,IT,HU,WEARI,TRANS,0.03,3567.807,3,3,3567.807,0.0,0.0,0.0,0.0,118926.9
1768256,IT,RU,INERT,COPP1,0.03,3567.712,3,3,3567.712,0.0,0.0,0.0,0.0,118923.733333
1780633,IT,TW,INSUR,AUXIL,0.07,3567.618,3,3,3567.618,0.0,0.0,0.0,0.0,50965.971429
1757107,IT,BR,VEGET,MEATC,0.01,3567.587,3,3,3567.587,0.0,0.0,0.0,0.0,356758.7
1720896,IT,PL,SALEM,GLASS,0.03,3567.515,3,3,3567.515,0.0,0.0,0.0,0.0,118917.166667
1652466,IT,CZ,WEARI,SANDC,0.03,3567.467,3,3,3567.467,0.0,0.0,0.0,0.0,118915.566667
1779195,IT,TR,POSTT,TRANS,0.06,3567.375,3,3,3567.375,0.0,0.0,0.0,0.0,59456.25
1806444,IT,WF,TRANS,BEVER,0.02,3567.339,3,3,3567.339,0.0,0.0,0.0,0.0,178366.95
1670348,IT,FI,VEGE1,CONST,0.01,3567.31,3,3,3567.31,0.0,0.0,0.0,0.0,356731.0
1809652,IT,WM,DAIRY,LANDT,0.01,3567.19,3,3,3567.19,0.0,0.0,0.0,0.0,356719.0
1754678,IT,KR,MEAT4,FURNI,0.02,3566.957,3,3,3566.957,0.0,0.0,0.0,0.0,178347.85
1778686,IT,TR,HOTEL,INTER,0.03,3566.832,3,3,3566.832,0.0,0.0,0.0,0.0,118894.4
1807671,IT,WF,BUSIN,NICKE,0.04,3566.794,3,3,3566.794,0.0,0.0,0.0,0.0,89169.85
1714345,IT,MT,MEMBE,ELEC2,0.04,3566.758,3,3,3566.758,0.0,0.0,0.0,0.0,89168.95
1687749,IT,HU,SUPPO,DIST1,0.03,3566.74,3,3,3566.74,0.0,0.0,0.0,0.0,118891.333333
1778688,IT,TR,HOTEL,FOOD2,0.03,3566.697,3,3,3566.697,0.0,0.0,0.0,0.0,118889.9
1714717,IT,NL,DAIRY,WHEAT,0.01,3566.63,3,3,3566.63,0.0,0.0,0.0,0.0,356663.0
1744290,IT,US,POSTT,PAPE4,0.06,3566.317,3,3,3566.317,0.0,0.0,0.0,0.0,59438.616667
1778687,IT,TR,HOTEL,OILHA,0.03,3565.757,3,3,3565.757,0.0,0.0,0.0,0.0,118858.566667
1652133,IT,CZ,MEATP,BUSIN,0.01,3565.686,3,3,3565.686,0.0,0.0,0.0,0.0,356568.6
1778693,IT,TR,HOTEL,PLAS2,0.03,3565.498,3,3,3565.498,0.0,0.0,0.0,0.0,118849.933333
1730616,IT,SE,RENTI,TEXTI,0.02,3565.432,3,3,3565.432,0.0,0.0,0.0,0.0,178271.6
1733577,IT,SI,RETA1,AIRTR,0.04,3565.33,3,3,3565.33,0.0,0.0,0.0,0.0,89133.25
1807513,IT,WF,RENTI,PAPER,0.02,3565.11,3,3,3565.11,0.0,0.0,0.0,0.0,178255.5
1776170,IT,TR,LEATH,FINAN,0.03,3565.094,3,3,3565.094,0.0,0.0,0.0,0.0,118836.466667
1765339,IT,RU,FOOD5,FABRI,0.02,3564.93,3,3,3564.93,0.0,0.0,0.0,0.0,178246.5
1778696,IT,TR,HOTEL,WOOD2,0.03,3564.805,3,3,3564.805,0.0,0.0,0.0,0.0,118826.833333
1775472,IT,CH,PLAS1,WHOLE,0.01,3564.789,3,3,3564.789,0.0,0.0,0.0,0.0,356478.9
1731374,IT,SI,FOOD5,CROPS,0.02,3564.77,3,3,3564.77,0.0,0.0,0.0,0.0,178238.5
1678465,IT,FR,RECRE,MACHI,0.05,3564.705,3,3,3564.705,0.0,0.0,0.0,0.0,71294.1
1739881,IT,GB,FINAN,DIST1,0.05,3564.614,3,3,3564.614,0.0,0.0,0.0,0.0,71292.28
1801894,IT,WE,CONST,TRAN1,0.02,3564.463,3,3,3564.463,0.0,0.0,0.0,0.0,178223.15
1717540,IT,NL,RENTI,RETA1,0.02,3564.133,3,3,3564.133,0.0,0.0,0.0,0.0,178206.65
1767919,IT,RU,RENTI,FABRI,0.02,3564.117,3,3,3564.117,0.0,0.0,0.0,0.0,178205.85
1734584,IT,SK,BEVER,PRINT,0.02,3564.057,3,3,3564.057,0.0,0.0,0.0,0.0,178202.85
1803540,IT,WF,VEGE1,COMPU,0.01,3564.017,3,3,3564.017,0.0,0.0,0.0,0.0,356401.7
1779174,IT,TR,POSTT,PFERT,0.06,3563.477,3,3,3563.477,0.0,0.0,0.0,0.0,59391.283333
1727075,IT,RO,RAILW,FOOD4,0.02,3563.461,3,3,3563.461,0.0,0.0,0.0,0.0,178173.05
1643251,IT,AT,HOTEL,ELEC7,0.03,3563.27,3,3,3563.27,0.0,0.0,0.0,0.0,118775.666667
1751983,IT,CN,RESEA,BITU1,0.02,3563.243,3,3,3563.243,0.0,0.0,0.0,0.0,178162.15
1677754,IT,FR,COMPU,TEXTI,0.04,3563.137,3,3,3563.137,0.0,0.0,0.0,0.0,89078.425
1672580,IT,FR,CROPS,VEGE1,0.03,3563.065,3,3,3563.065,0.0,0.0,0.0,0.0,118768.833333
1678571,IT,GR,CROPS,FABRI,0.03,3562.917,3,3,3562.917,0.0,0.0,0.0,0.0,118763.9
1654182,IT,CZ,MOTO1,ELEC4,0.02,3562.841,3,3,3562.841,0.0,0.0,0.0,0.0,178142.05
1782355,IT,NO,FABRI,KERO1,0.01,3562.727,3,3,3562.727,0.0,0.0,0.0,0.0,356272.7
1718439,IT,PL,TOBAC,COMPU,0.01,3562.72,3,3,3562.72,0.0,0.0,0.0,0.0,356272.0
1780652,IT,TW,AUXIL,PRINT,0.07,3562.69,3,3,3562.69,0.0,0.0,0.0,0.0,50895.571429
1690286,IT,IE,OILHA,HEALT,0.02,3562.487,3,3,3562.487,0.0,0.0,0.0,0.0,178124.35
1797744,IT,WL,INTER,SALEM,0.02,3562.377,3,3,3562.377,0.0,0.0,0.0,0.0,178118.85
1771355,IT,CH,PROCE,MOTO1,0.02,3562.186,3,3,3562.186,0.0,0.0,0.0,0.0,178109.3
1760022,IT,BR,TEXT1,COLLE,0.03,3562.041,3,3,3562.041,0.0,0.0,0.0,0.0,118734.7
1718068,IT,PL,MEATP,BUSIN,0.01,3561.987,3,3,3561.987,0.0,0.0,0.0,0.0,356198.7
1764793,IT,MX,LANDT,COPP1,0.02,3561.753,3,3,3561.753,0.0,0.0,0.0,0.0,178087.65
1736153,IT,SK,SALEM,FOOD5,0.03,3561.751,3,3,3561.751,0.0,0.0,0.0,0.0,118725.033333
1766873,IT,RU,OFFIC,PULP5,0.01,3561.727,3,3,3561.727,0.0,0.0,0.0,0.0,356172.7
1676107,IT,FR,ELEC8,OFFIC,0.05,3561.611,3,3,3561.611,0.0,0.0,0.0,0.0,71232.22
1663787,IT,EE,BEVER,MACHI,0.02,3561.497,3,3,3561.497,0.0,0.0,0.0,0.0,178074.85
1786686,IT,ZA,WHOLE,RESEA,0.03,3561.449,3,3,3561.449,0.0,0.0,0.0,0.0,118714.966667
1803579,IT,WF,PROCE,FISH5,0.02,3561.448,3,3,3561.448,0.0,0.0,0.0,0.0,178072.4
1775926,IT,TR,FOOD5,LEATH,0.02,3561.371,3,3,3561.371,0.0,0.0,0.0,0.0,178068.55
1788053,IT,WA,TEXTI,BLAST,0.02,3561.301,3,3,3561.301,0.0,0.0,0.0,0.0,178065.05
1683748,IT,HR,MACHI,SECO9,0.02,3561.281,3,3,3561.281,0.0,0.0,0.0,0.0,178064.05
1726881,IT,RO,RETA1,COLLE,0.04,3561.176,3,3,3561.176,0.0,0.0,0.0,0.0,89029.4
1648573,IT,BG,STONE,FURNI,0.01,3561.075,3,3,3561.075,0.0,0.0,0.0,0.0,356107.5
1756503,IT,KR,WHOLE,VEGET,0.03,3560.959,3,3,3560.959,0.0,0.0,0.0,0.0,118698.633333
1761900,IT,IN,FURNI,NATU1,0.01,3560.897,3,3,3560.897,0.0,0.0,0.0,0.0,356089.7
1780538,IT,TW,FINAN,COPPE,0.05,3560.305,3,3,3560.305,0.0,0.0,0.0,0.0,71206.1
1770404,IT,AU,LANDT,REALE,0.02,3559.931,3,3,3559.931,0.0,0.0,0.0,0.0,177996.55
1731061,IT,SI,VEGET,TEXTI,0.01,3559.75,3,3,3559.75,0.0,0.0,0.0,0.0,355975.0
1797427,IT,WL,COMPU,RAILW,0.04,3559.745,3,3,3559.745,0.0,0.0,0.0,0.0,88993.625
1776069,IT,TR,TEXTI,MEMBE,0.02,3559.66,3,3,3559.66,0.0,0.0,0.0,0.0,177983.0
1736643,IT,SK,FINAN,COMPU,0.05,3559.649,3,3,3559.649,0.0,0.0,0.0,0.0,71192.98
1656260,IT,DE,WEARI,HOTEL,0.03,3559.599,3,3,3559.599,0.0,0.0,0.0,0.0,118653.3
1807026,IT,WF,LANDT,RESEA,0.02,3559.589,3,3,3559.589,0.0,0.0,0.0,0.0,177979.45
1774869,IT,CH,FINAN,POSTT,0.05,3559.241,3,3,3559.241,0.0,0.0,0.0,0.0,71184.82
1806348,IT,WF,MOTO1,BITUM,0.02,3558.93,3,3,3558.93,0.0,0.0,0.0,0.0,177946.5
1734111,IT,SI,INSUR,HEALT,0.07,3558.928,3,3,3558.928,0.0,0.0,0.0,0.0,50841.828571
1730191,IT,SE,LANDT,SECO9,0.02,3558.631,3,3,3558.631,0.0,0.0,0.0,0.0,177931.55
1716721,IT,NL,WHOLE,INERT,0.03,3558.453,3,3,3558.453,0.0,0.0,0.0,0.0,118615.1
1640652,IT,AT,BEVER,FINAN,0.02,3558.419,3,3,3558.419,0.0,0.0,0.0,0.0,177920.95
1685159,IT,HU,BEVER,VEGE1,0.02,3558.362,3,3,3558.362,0.0,0.0,0.0,0.0,177918.1
1771348,IT,CH,PROCE,GASDI,0.02,3558.17,3,3,3558.17,0.0,0.0,0.0,0.0,177908.5
1659321,IT,DE,RETAI,BIODI,0.03,3558.163,3,3,3558.163,0.0,0.0,0.0,0.0,118605.433333
1762978,IT,MX,DAIRY,RECRE,0.01,3558.017,3,3,3558.017,0.0,0.0,0.0,0.0,355801.7
1786713,IT,ZA,RETA1,PRINT,0.04,3557.718,3,3,3557.718,0.0,0.0,0.0,0.0,88942.95
1769909,IT,AU,MOTO1,NONME,0.02,3557.708,3,3,3557.708,0.0,0.0,0.0,0.0,177885.4
1665667,IT,ES,PULP5,FOOD5,0.01,3557.578,3,3,3557.578,0.0,0.0,0.0,0.0,355757.8
1739938,IT,GB,INSUR,HOTEL,0.07,3557.551,3,3,3557.551,0.0,0.0,0.0,0.0,50822.157143
1664620,IT,EE,LANDT,MEAT1,0.02,3557.482,3,3,3557.482,0.0,0.0,0.0,0.0,177874.1
1736059,IT,SK,FURNI,DISTR,0.01,3557.045,3,3,3557.045,0.0,0.0,0.0,0.0,355704.5
1720545,IT,PL,OFFIC,CERAM,0.01,3557.032,3,3,3557.032,0.0,0.0,0.0,0.0,355703.2
1786607,IT,ZA,SALEM,RETA1,0.03,3556.599,3,3,3556.599,0.0,0.0,0.0,0.0,118553.3
1659713,IT,DE,RAILW,NONF1,0.02,3556.585,3,3,3556.585,0.0,0.0,0.0,0.0,177829.25
1671662,IT,FI,CONST,TRANS,0.02,3556.537,3,3,3556.537,0.0,0.0,0.0,0.0,177826.85
1772499,IT,CH,RUBBE,MEATA,0.01,3556.467,3,3,3556.467,0.0,0.0,0.0,0.0,355646.7
1797641,IT,WL,PAPE1,FISH5,0.02,3556.179,3,3,3556.179,0.0,0.0,0.0,0.0,177808.95
1742143,IT,US,RUBBE,PLAS1,0.01,3556.131,3,3,3556.131,0.0,0.0,0.0,0.0,355613.1
1781618,IT,NO,WEARI,EDUCA,0.03,3555.934,3,3,3555.934,0.0,0.0,0.0,0.0,118531.133333
1668533,IT,ES,HOTEL,NONF1,0.03,3555.908,3,3,3555.908,0.0,0.0,0.0,0.0,118530.266667
1786322,IT,ZA,FABRI,MEMBE,0.01,3555.899,3,3,3555.899,0.0,0.0,0.0,0.0,355589.9
1654456,IT,CZ,RETA1,DISTR,0.04,3555.761,3,3,3555.761,0.0,0.0,0.0,0.0,88894.025
1684174,IT,HR,LANDT,SECO9,0.02,3555.556,3,3,3555.556,0.0,0.0,0.0,0.0,177777.8
1812950,IT,WM,MACHI,COKEO,0.02,3555.404,3,3,3555.404,0.0,0.0,0.0,0.0,177770.2
1712625,IT,LV,OFFIC,EDUCA,0.01,3555.299,3,3,3555.299,0.0,0.0,0.0,0.0,355529.9
1751229,IT,CN,HOTEL,ELEC2,0.03,3555.194,3,3,3555.194,0.0,0.0,0.0,0.0,118506.466667
1746349,IT,JP,RUBBE,MEAT1,0.01,3555.193,3,3,3555.193,0.0,0.0,0.0,0.0,355519.3
1689669,IT,IE,POSTT,MOTO1,0.06,3555.026,3,3,3555.026,0.0,0.0,0.0,0.0,59250.433333
1690195,IT,IE,BUSIN,RUBBE,0.04,3554.876,3,3,3554.876,0.0,0.0,0.0,0.0,88871.9
1795874,IT,WL,OFFIC,NONME,0.01,3554.834,3,3,3554.834,0.0,0.0,0.0,0.0,355483.4
1799250,IT,WE,LEATH,NFERT,0.03,3554.675,3,3,3554.675,0.0,0.0,0.0,0.0,118489.166667
1650215,IT,BG,TRANS,BUSIN,0.02,3554.596,3,3,3554.596,0.0,0.0,0.0,0.0,177729.8
1798001,IT,WL,INERT,MEATC,0.03,3553.995,3,3,3553.995,0.0,0.0,0.0,0.0,118466.5
1762859,IT,IN,PUBLI,RENTI,0.06,3553.934,3,3,3553.934,0.0,0.0,0.0,0.0,59232.233333
1737111,IT,GB,MEATP,FISH5,0.01,3553.268,3,3,3553.268,0.0,0.0,0.0,0.0,355326.8
1771394,IT,CH,FOOD5,TOBAC,0.02,3553.144,3,3,3553.144,0.0,0.0,0.0,0.0,177657.2
1738644,IT,GB,MACHI,PATEN,0.02,3553.022,3,3,3553.022,0.0,0.0,0.0,0.0,177651.1
1651725,IT,CY,MACHI,MEAT4,0.02,3552.811,3,3,3552.811,0.0,0.0,0.0,0.0,177640.55
1687488,IT,HU,LANDT,ANIMA,0.02,3552.8,3,3,3552.8,0.0,0.0,0.0,0.0,177640.0
1796651,IT,WL,HOTEL,DIST1,0.03,3552.597,3,3,3552.597,0.0,0.0,0.0,0.0,118419.9
1779289,IT,TR,FINAN,RESEA,0.05,3552.546,3,3,3552.546,0.0,0.0,0.0,0.0,71050.92
1791862,IT,WA,LANDT,TRAN2,0.02,3552.513,3,3,3552.513,0.0,0.0,0.0,0.0,177625.65
1652800,IT,CZ,PRINT,FOOD5,0.03,3552.496,3,3,3552.496,0.0,0.0,0.0,0.0,118416.533333
1775369,IT,CH,PUBLI,WEARI,0.06,3552.371,3,3,3552.371,0.0,0.0,0.0,0.0,59206.183333
1791879,IT,WA,LANDT,MEMBE,0.02,3552.29,3,3,3552.29,0.0,0.0,0.0,0.0,177614.5
1744693,IT,US,COMPU,ELEC5,0.04,3552.212,3,3,3552.212,0.0,0.0,0.0,0.0,88805.3
1760374,IT,IN,MEAT4,PUBLI,0.02,3552.157,3,3,3552.157,0.0,0.0,0.0,0.0,177607.85
1718721,IT,PL,PULP5,WEARI,0.01,3551.834,3,3,3551.834,0.0,0.0,0.0,0.0,355183.4
1720290,IT,PL,FABRI,BITU1,0.01,3551.586,3,3,3551.586,0.0,0.0,0.0,0.0,355158.6
1736789,IT,SK,COMPU,COPP1,0.04,3551.439,3,3,3551.439,0.0,0.0,0.0,0.0,88785.975
1665182,IT,ES,FOOD5,FORES,0.02,3551.423,3,3,3551.423,0.0,0.0,0.0,0.0,177571.15
1686819,IT,HU,FABRI,LEAD1,0.01,3551.404,3,3,3551.404,0.0,0.0,0.0,0.0,355140.4
1725455,IT,RO,WEARI,FOOD5,0.03,3551.358,3,3,3551.358,0.0,0.0,0.0,0.0,118378.6
1771989,IT,CH,PAPER,PAPE1,0.01,3551.351,3,3,3551.351,0.0,0.0,0.0,0.0,355135.1
1709451,IT,LT,TEXTI,COPP1,0.02,3550.821,3,3,3550.821,0.0,0.0,0.0,0.0,177541.05
1754161,IT,CA,SUPPO,GASDI,0.03,3550.476,3,3,3550.476,0.0,0.0,0.0,0.0,118349.2
1682213,IT,HR,WEARI,RETAI,0.03,3550.09,3,3,3550.09,0.0,0.0,0.0,0.0,118336.333333
1690327,IT,IE,FOOD2,SUPPO,0.02,3549.917,3,3,3549.917,0.0,0.0,0.0,0.0,177495.85
1661565,IT,DK,BEVER,HEAVY,0.02,3549.887,3,3,3549.887,0.0,0.0,0.0,0.0,177494.35
1766700,IT,RU,FABRI,PLAS1,0.01,3549.588,3,3,3549.588,0.0,0.0,0.0,0.0,354958.8
1751146,IT,CN,HOTEL,SUGAR,0.03,3549.488,3,3,3549.488,0.0,0.0,0.0,0.0,118316.266667
1654030,IT,CZ,MACHI,BIOG1,0.02,3549.372,3,3,3549.372,0.0,0.0,0.0,0.0,177468.6
1787342,IT,WA,CROPS,RETA1,0.03,3548.991,3,3,3548.991,0.0,0.0,0.0,0.0,118299.7
1745579,IT,JP,FISH5,PLAST,0.01,3548.943,4,4,3548.941,0.0,0.0,0.0,0.002,354894.3
1797286,IT,WL,INSUR,RETA1,0.07,3548.295,3,3,3548.295,0.0,0.0,0.0,0.0,50689.928571
1678297,IT,FR,FOOD3,TRANS,0.01,3548.253,3,3,3548.253,0.0,0.0,0.0,0.0,354825.3
1778441,IT,TR,WHOLE,COPP1,0.03,3548.164,3,3,3548.164,0.0,0.0,0.0,0.0,118272.133333
1640611,IT,AT,BEVER,FISH5,0.02,3548.109,3,3,3548.109,0.0,0.0,0.0,0.0,177405.45
1710300,IT,LT,FURNI,CROPS,0.01,3547.959,3,3,3547.959,0.0,0.0,0.0,0.0,354795.9
1784010,IT,ID,BEVER,REALE,0.02,3547.756,3,3,3547.756,0.0,0.0,0.0,0.0,177387.8
1787645,IT,WA,MEAT4,MOTO1,0.02,3547.722,3,3,3547.722,0.0,0.0,0.0,0.0,177386.1
1739195,IT,GB,RETA1,OFFIC,0.04,3547.472,3,3,3547.472,0.0,0.0,0.0,0.0,88686.8
1662613,IT,DK,FABRI,WASTE,0.01,3547.249,3,3,3547.249,0.0,0.0,0.0,0.0,354724.9
1778553,IT,TR,RETA1,SECO9,0.04,3547.052,3,3,3547.052,0.0,0.0,0.0,0.0,88676.3
1753738,IT,CA,FURNI,STONE,0.01,3547.042,3,3,3547.042,0.0,0.0,0.0,0.0,354704.2
1672984,IT,FR,PROCE,FISHF,0.02,3547.038,3,3,3547.038,0.0,0.0,0.0,0.0,177351.9
1718932,IT,PL,PRINT,ELECT,0.03,3546.917,3,3,3546.917,0.0,0.0,0.0,0.0,118230.566667
1770133,IT,AU,WHOLE,93197,0.03,3546.773,3,3,3546.773,0.0,0.0,0.0,0.0,118225.766667
1714324,IT,MT,EDUCA,BUSIN,0.09,3546.722,3,3,3546.722,0.0,0.0,0.0,0.0,39408.022222
1792796,IT,WA,PUBLI,FORES,0.06,3546.582,3,3,3546.582,0.0,0.0,0.0,0.0,59109.7
1709497,IT,LT,WEARI,LANDT,0.03,3546.495,3,3,3546.495,0.0,0.0,0.0,0.0,118216.5
1803192,IT,WF,CROPS,SUGA1,0.03,3546.373,3,3,3546.373,0.0,0.0,0.0,0.0,118212.433333
1651718,IT,CY,FABRI,EDUCA,0.01,3546.158,3,3,3546.158,0.0,0.0,0.0,0.0,354615.8
1685554,IT,HU,PAPER,TRAN2,0.01,3546.107,3,3,3546.107,0.0,0.0,0.0,0.0,354610.7
1747006,IT,JP,TRANS,RUBBE,0.02,3545.785,3,3,3545.785,0.0,0.0,0.0,0.0,177289.25
1689733,IT,IE,FINAN,SECO9,0.05,3545.667,3,3,3545.667,0.0,0.0,0.0,0.0,70913.34
1747863,IT,JP,RENTI,CEMEN,0.02,3545.64,3,3,3545.64,0.0,0.0,0.0,0.0,177282.0
1775201,IT,CH,RESEA,ELEC4,0.02,3545.222,3,3,3545.222,0.0,0.0,0.0,0.0,177261.1
1682481,IT,HR,PRINT,WEARI,0.03,3545.001,3,3,3545.001,0.0,0.0,0.0,0.0,118166.7
1718128,IT,PL,VEGE1,KEROS,0.01,3544.988,3,3,3544.988,0.0,0.0,0.0,0.0,354498.8
1709402,IT,LT,BEVER,SALEM,0.02,3544.46,3,3,3544.46,0.0,0.0,0.0,0.0,177223.0
1778394,IT,TR,WHOLE,CEREA,0.03,3544.443,3,3,3544.443,0.0,0.0,0.0,0.0,118148.1
1754648,IT,KR,STONE,POSTT,0.01,3544.383,3,3,3544.383,0.0,0.0,0.0,0.0,354438.3
1688351,IT,IE,DAIRY,COMPU,0.01,3544.359,3,3,3544.359,0.0,0.0,0.0,0.0,354435.9
1737461,IT,GB,LEATH,ALUM1,0.03,3544.264,3,3,3544.264,0.0,0.0,0.0,0.0,118142.133333
1797497,IT,WL,BUSIN,DAIRY,0.04,3544.158,3,3,3544.158,0.0,0.0,0.0,0.0,88603.95
1756274,IT,KR,OFFIC,RENTI,0.01,3544.156,3,3,3544.156,0.0,0.0,0.0,0.0,354415.6
1670397,IT,FI,PROCE,RESEA,0.02,3544.061,3,3,3544.061,0.0,0.0,0.0,0.0,177203.05
1688422,IT,IE,BEVER,RAILW,0.02,3544.034,3,3,3544.034,0.0,0.0,0.0,0.0,177201.7
1669107,IT,ES,SUPPO,FOOD2,0.03,3543.571,3,3,3543.571,0.0,0.0,0.0,0.0,118119.033333
1744634,IT,US,RENTI,TEXT1,0.02,3543.093,3,3,3543.093,0.0,0.0,0.0,0.0,177154.65
1672686,IT,FR,STONE,OFFIC,0.01,3542.921,3,3,3542.921,0.0,0.0,0.0,0.0,354292.1
1751251,IT,CN,HOTEL,INLAN,0.03,3542.754,3,3,3542.754,0.0,0.0,0.0,0.0,118091.8
1759711,IT,BR,BUSIN,LEADZ,0.04,3542.615,3,3,3542.615,0.0,0.0,0.0,0.0,88565.375
1773595,IT,CH,TRANS,WOODW,0.02,3542.44,3,3,3542.44,0.0,0.0,0.0,0.0,177122.0
1780815,IT,TW,COMPU,LIQUE,0.04,3542.272,3,3,3542.272,0.0,0.0,0.0,0.0,88556.8
1739954,IT,GB,AUXIL,MOTOR,0.06,3542.101,3,3,3542.101,0.0,0.0,0.0,0.0,59035.016667
1684020,IT,HR,HOTEL,PLANT,0.03,3541.893,3,3,3541.893,0.0,0.0,0.0,0.0,118063.1
1736356,IT,SK,RAILW,RENTI,0.02,3541.014,3,3,3541.014,0.0,0.0,0.0,0.0,177050.7
1768467,IT,AU,PROCE,DAIRY,0.02,3541.003,3,3,3541.003,0.0,0.0,0.0,0.0,177050.15
1798230,IT,WE,VEGET,LEAD1,0.01,3540.964,3,3,3540.964,0.0,0.0,0.0,0.0,354096.4
1724847,IT,PT,BUSIN,SUGA1,0.04,3540.782,3,3,3540.782,0.0,0.0,0.0,0.0,88519.55
1797039,IT,WL,SUPPO,MOTOR,0.03,3540.659,3,3,3540.659,0.0,0.0,0.0,0.0,118021.966667
1803950,IT,WF,WEARI,93197,0.03,3540.489,3,3,3540.489,0.0,0.0,0.0,0.0,118016.3
1717769,IT,NL,EDUCA,EDUCA,0.09,3540.289,3,3,3540.289,0.0,0.0,0.0,0.0,39336.544444
1757052,IT,KR,BUSIN,FOUND,0.04,3540.074,3,3,3540.074,0.0,0.0,0.0,0.0,88501.85
1753736,IT,CA,FURNI,CRUDE,0.01,3539.71,3,3,3539.71,0.0,0.0,0.0,0.0,353971.0
1764539,IT,MX,SALEM,RADIO,0.03,3539.614,3,3,3539.614,0.0,0.0,0.0,0.0,117987.133333
1796431,IT,WL,WHOLE,RAILW,0.03,3539.06,3,3,3539.06,0.0,0.0,0.0,0.0,117968.666667
1725766,IT,RO,PRINT,ALUM1,0.03,3538.645,3,3,3538.645,0.0,0.0,0.0,0.0,117954.833333
1767233,IT,RU,HOTEL,ANTHR,0.03,3538.395,3,3,3538.395,0.0,0.0,0.0,0.0,117946.5
1711570,IT,LU,FINAN,MACHI,0.05,3538.312,3,3,3538.312,0.0,0.0,0.0,0.0,70766.24
1678070,IT,FR,FOODW,BEVER,0.03,3538.288,3,3,3538.288,0.0,0.0,0.0,0.0,117942.933333
1673482,IT,FR,WEARI,WOOD2,0.03,3538.233,3,3,3538.233,0.0,0.0,0.0,0.0,117941.1
1764353,IT,MX,MOTO1,NONFE,0.02,3538.21,3,3,3538.21,0.0,0.0,0.0,0.0,176910.5
1659354,IT,DE,RETAI,BUSIN,0.03,3538.107,3,3,3538.107,0.0,0.0,0.0,0.0,117936.9
1791500,IT,WA,RETA1,OILSE,0.04,3538.062,3,3,3538.062,0.0,0.0,0.0,0.0,88451.55
1806479,IT,WF,TRANS,MEDIC,0.02,3538.059,3,3,3538.059,0.0,0.0,0.0,0.0,176902.95
1720470,IT,PL,MACHI,BIOG1,0.02,3538.016,3,3,3538.016,0.0,0.0,0.0,0.0,176900.8
1651943,IT,CY,BUSIN,ALUM1,0.04,3537.897,3,3,3537.897,0.0,0.0,0.0,0.0,88447.425
1760498,IT,IN,TEXTI,COMPU,0.02,3537.761,3,3,3537.761,0.0,0.0,0.0,0.0,176888.05
1717942,IT,PL,STONE,TRAN1,0.01,3537.583,3,3,3537.583,0.0,0.0,0.0,0.0,353758.3
1799363,IT,WE,PULP5,FISHF,0.01,3537.565,3,3,3537.565,0.0,0.0,0.0,0.0,353756.5
1643731,IT,AT,SUPPO,TRAN1,0.03,3537.41,3,3,3537.41,0.0,0.0,0.0,0.0,117913.666667
1792635,IT,WA,RESEA,FISHF,0.02,3537.28,3,3,3537.28,0.0,0.0,0.0,0.0,176864.0
1661627,IT,DK,FISH5,WHOLE,0.01,3536.748,4,4,3536.746,0.0,0.0,0.0,0.002,353674.8
1733919,IT,SI,SUPPO,VEGET,0.03,3536.633,3,3,3536.633,0.0,0.0,0.0,0.0,117887.766667
1711426,IT,LU,HOTEL,REALE,0.03,3536.467,3,3,3536.467,0.0,0.0,0.0,0.0,117882.233333
1743010,IT,US,OFFIC,NONME,0.01,3536.439,3,3,3536.439,0.0,0.0,0.0,0.0,353643.9
1682307,IT,HR,LEATH,RECRE,0.03,3536.362,3,3,3536.362,0.0,0.0,0.0,0.0,117878.733333
1677696,IT,FR,RENTI,ALUM1,0.02,3536.34,3,3,3536.34,0.0,0.0,0.0,0.0,176817.0
1744822,IT,US,RESEA,TRAN2,0.02,3536.225,3,3,3536.225,0.0,0.0,0.0,0.0,176811.25
1665775,IT,ES,PAPER,RAILW,0.01,3536.07,3,3,3536.07,0.0,0.0,0.0,0.0,353607.0
1775338,IT,CH,BUSIN,INTER,0.04,3535.908,3,3,3535.908,0.0,0.0,0.0,0.0,88397.7
1787035,IT,ZA,INSUR,COMPU,0.07,3535.824,3,3,3535.824,0.0,0.0,0.0,0.0,50511.771429
1724895,IT,PT,BUSIN,SECO9,0.04,3535.798,3,3,3535.798,0.0,0.0,0.0,0.0,88394.95
1808299,IT,WF,FOOD2,SUPPO,0.02,3535.757,3,3,3535.757,0.0,0.0,0.0,0.0,176787.85
1690382,IT,IE,WASTE,HOTEL,0.01,3535.609,3,3,3535.609,0.0,0.0,0.0,0.0,353560.9
1807866,IT,WF,PAPE1,LEAD1,0.02,3535.59,3,3,3535.59,0.0,0.0,0.0,0.0,176779.5
1720833,IT,PL,FURNI,ELEC5,0.01,3535.371,3,3,3535.371,0.0,0.0,0.0,0.0,353537.1
1727697,IT,RO,COMPU,WOODW,0.04,3534.66,3,3,3534.66,0.0,0.0,0.0,0.0,88366.5
1781247,IT,NO,STONE,CEMEN,0.01,3534.631,3,3,3534.631,0.0,0.0,0.0,0.0,353463.1
1652241,IT,CZ,FOOD5,LUBRI,0.02,3534.325,3,3,3534.325,0.0,0.0,0.0,0.0,176716.25
1672458,IT,FI,INTER,PEAT2,0.02,3534.315,3,3,3534.315,0.0,0.0,0.0,0.0,176715.75
1680639,IT,GR,RETAI,CONST,0.03,3534.252,3,3,3534.252,0.0,0.0,0.0,0.0,117808.4
1786462,IT,ZA,MOTO1,MOTOR,0.02,3533.581,3,3,3533.581,0.0,0.0,0.0,0.0,176679.05
1740118,IT,GB,COMPU,CERAM,0.04,3533.494,3,3,3533.494,0.0,0.0,0.0,0.0,88337.35
1662903,IT,DK,RETA1,FORES,0.04,3533.481,3,3,3533.481,0.0,0.0,0.0,0.0,88337.025
1758459,IT,BR,MACHI,ANIMA,0.02,3533.274,3,3,3533.274,0.0,0.0,0.0,0.0,176663.7
1651348,IT,CY,PAPER,MEATP,0.01,3532.716,3,3,3532.716,0.0,0.0,0.0,0.0,353271.6
1678229,IT,FR,OILHA,TEXT1,0.02,3532.466,3,3,3532.466,0.0,0.0,0.0,0.0,176623.3
1661086,IT,DE,PUBLI,HOTEL,0.06,3532.449,3,3,3532.449,0.0,0.0,0.0,0.0,58874.15
1749345,IT,CN,PRINT,SECO9,0.03,3532.445,3,3,3532.445,0.0,0.0,0.0,0.0,117748.166667
1744669,IT,US,COMPU,PLAST,0.04,3532.331,3,3,3532.331,0.0,0.0,0.0,0.0,88308.275
1753874,IT,CA,RETA1,FURNI,0.04,3532.289,3,3,3532.289,0.0,0.0,0.0,0.0,88307.225
1814169,IT,WM,SUPPO,COPPE,0.03,3532.18,3,3,3532.18,0.0,0.0,0.0,0.0,117739.333333
1740889,IT,US,DAIRY,WASTE,0.01,3532.111,3,3,3532.111,0.0,0.0,0.0,0.0,353211.1
1652836,IT,CZ,PRINT,SALEM,0.03,3532.009,3,3,3532.009,0.0,0.0,0.0,0.0,117733.633333
1683977,IT,HR,WHOLE,CONST,0.03,3531.988,3,3,3531.988,0.0,0.0,0.0,0.0,117732.933333
1650477,IT,BG,ELEC5,MACHI,0.04,3531.934,3,3,3531.934,0.0,0.0,0.0,0.0,88298.35
1663811,IT,EE,FISH5,MEATC,0.01,3531.869,4,4,3531.867,0.0,0.0,0.0,0.002,353186.9
1783790,IT,NO,PLAS2,REALE,0.03,3531.726,3,3,3531.726,0.0,0.0,0.0,0.0,117724.2
1748104,IT,JP,BUSIN,INTER,0.04,3531.62,3,3,3531.62,0.0,0.0,0.0,0.0,88290.5
1810284,IT,WM,LEATH,SEACO,0.03,3531.341,3,3,3531.341,0.0,0.0,0.0,0.0,117711.366667
1688958,IT,IE,MACHI,WHEAT,0.02,3531.108,3,3,3531.108,0.0,0.0,0.0,0.0,176555.4
1730978,IT,SE,WOOD1,BUSIN,0.02,3531.086,3,3,3531.086,0.0,0.0,0.0,0.0,176554.3
1787021,IT,ZA,INSUR,SALEM,0.07,3531.003,3,3,3531.003,0.0,0.0,0.0,0.0,50442.9
1760207,IT,BR,PLAS2,NONME,0.03,3530.96,3,3,3530.96,0.0,0.0,0.0,0.0,117698.666667
1776261,IT,TR,PULP5,REALE,0.01,3530.566,3,3,3530.566,0.0,0.0,0.0,0.0,353056.6
1745206,IT,JP,MEATA,FORES,0.02,3530.471,3,3,3530.471,0.0,0.0,0.0,0.0,176523.55
1688563,IT,IE,PRINT,PAPER,0.03,3530.148,3,3,3530.148,0.0,0.0,0.0,0.0,117671.6
1740344,IT,GB,PUBLI,FOOD2,0.06,3529.839,3,3,3529.839,0.0,0.0,0.0,0.0,58830.65
1788083,IT,WA,TEXTI,PAPE1,0.02,3529.829,3,3,3529.829,0.0,0.0,0.0,0.0,176491.45
1640631,IT,AT,BEVER,NONF1,0.02,3529.365,3,3,3529.365,0.0,0.0,0.0,0.0,176468.25
1777928,IT,TR,MACHI,NAPHT,0.02,3529.146,3,3,3529.146,0.0,0.0,0.0,0.0,176457.3
1768357,IT,AU,MEAT4,PFERT,0.02,3529.114,3,3,3529.114,0.0,0.0,0.0,0.0,176455.7
1661172,IT,DE,93197,BASIC,0.02,3529.051,3,3,3529.051,0.0,0.0,0.0,0.0,176452.55
1782780,IT,NO,HOTEL,REFI1,0.03,3528.999,3,3,3528.999,0.0,0.0,0.0,0.0,117633.3
1654169,IT,CZ,MOTO1,NONF1,0.02,3528.98,3,3,3528.98,0.0,0.0,0.0,0.0,176449.0
1814677,IT,WM,PLAS1,TRAN1,0.01,3528.922,3,3,3528.922,0.0,0.0,0.0,0.0,352892.2
1793771,IT,WL,FISH5,FISH5,0.01,3528.645,4,4,3528.643,0.0,0.0,0.0,0.002,352864.5
1767788,IT,RU,INSUR,DIST1,0.07,3528.585,3,3,3528.585,0.0,0.0,0.0,0.0,50408.357143
1776103,IT,TR,WEARI,EDUCA,0.03,3528.48,3,3,3528.48,0.0,0.0,0.0,0.0,117616.0
1740576,IT,US,CROPS,CONST,0.03,3528.46,3,3,3528.46,0.0,0.0,0.0,0.0,117615.333333
1769688,IT,AU,FABRI,PAPE2,0.01,3528.417,3,3,3528.417,0.0,0.0,0.0,0.0,352841.7
1640568,IT,AT,FOOD5,STEAM,0.02,3528.247,3,3,3528.247,0.0,0.0,0.0,0.0,176412.35
1648723,IT,BG,FOOD5,OFFIC,0.02,3528.146,3,3,3528.146,0.0,0.0,0.0,0.0,176407.3
1770647,IT,AU,FINAN,POSTT,0.05,3528.034,3,3,3528.034,0.0,0.0,0.0,0.0,70560.68
1764776,IT,MX,HOTEL,PAPE4,0.03,3527.999,3,3,3527.999,0.0,0.0,0.0,0.0,117599.966667
1721322,IT,PL,LANDT,TEXT2,0.02,3527.884,3,3,3527.884,0.0,0.0,0.0,0.0,176394.2
1778593,IT,TR,RETA1,FOOD4,0.04,3527.879,3,3,3527.879,0.0,0.0,0.0,0.0,88196.975
1762943,IT,MX,VEGE1,CHEMI,0.01,3527.71,3,3,3527.71,0.0,0.0,0.0,0.0,352771.0
1733230,IT,SI,MACHI,ELEC2,0.02,3527.598,3,3,3527.598,0.0,0.0,0.0,0.0,176379.9
1665576,IT,ES,LEATH,LANDT,0.03,3527.463,3,3,3527.463,0.0,0.0,0.0,0.0,117582.1
1763367,IT,MX,PRINT,PREC1,0.03,3527.253,3,3,3527.253,0.0,0.0,0.0,0.0,117575.1
1786246,IT,ZA,FABRI,PLANT,0.01,3527.223,3,3,3527.223,0.0,0.0,0.0,0.0,352722.3
1782566,IT,NO,TRANS,WOODW,0.02,3527.12,3,3,3527.12,0.0,0.0,0.0,0.0,176356.0
1722741,IT,PT,PAPER,CATTL,0.01,3527.028,3,3,3527.028,0.0,0.0,0.0,0.0,352702.8
1660488,IT,DE,INSUR,CEMEN,0.07,3526.736,3,3,3526.736,0.0,0.0,0.0,0.0,50381.942857
1754473,IT,CA,BUSIN,CHEMI,0.04,3526.414,3,3,3526.414,0.0,0.0,0.0,0.0,88160.35
1727877,IT,RO,HEALT,OFFIC,0.02,3526.298,3,3,3526.298,0.0,0.0,0.0,0.0,176314.9
1754917,IT,KR,TEXTI,MEAT4,0.02,3526.13,3,3,3526.13,0.0,0.0,0.0,0.0,176306.5
1802742,IT,WE,RESEA,FURNI,0.02,3526.09,3,3,3526.09,0.0,0.0,0.0,0.0,176304.5
1765398,IT,RU,TOBAC,BRICK,0.01,3525.717,3,3,3525.717,0.0,0.0,0.0,0.0,352571.7
1669168,IT,ES,POSTT,BRICK,0.06,3525.334,3,3,3525.334,0.0,0.0,0.0,0.0,58755.566667
1780255,IT,TW,LANDT,WOODW,0.02,3525.167,3,3,3525.167,0.0,0.0,0.0,0.0,176258.35
1725291,IT,RO,BEVER,FISH5,0.01,3524.806,3,3,3524.806,0.0,0.0,0.0,0.0,352480.6
1680918,IT,GR,LANDT,RENTI,0.02,3524.634,3,3,3524.634,0.0,0.0,0.0,0.0,176231.7
1799230,IT,WE,LEATH,PROCE,0.03,3524.624,3,3,3524.624,0.0,0.0,0.0,0.0,117487.466667
1722587,IT,PT,FISH5,RENTI,0.01,3524.62,4,4,3524.618,0.0,0.0,0.0,0.002,352462.0
1718606,IT,PL,LEATH,CHEM1,0.03,3524.455,3,3,3524.455,0.0,0.0,0.0,0.0,117481.833333
1690174,IT,IE,BUSIN,LEADZ,0.04,3524.434,3,3,3524.434,0.0,0.0,0.0,0.0,88110.85
1733490,IT,SI,WHOLE,SANDC,0.03,3524.144,3,3,3524.144,0.0,0.0,0.0,0.0,117471.466667
1762855,IT,IN,PUBLI,FINAN,0.06,3524.047,3,3,3524.047,0.0,0.0,0.0,0.0,58734.116667
1728296,IT,SE,BEVER,TRAN1,0.01,3523.554,3,3,3523.554,0.0,0.0,0.0,0.0,352355.4
1779298,IT,TR,INSUR,RAWMI,0.07,3523.325,3,3,3523.325,0.0,0.0,0.0,0.0,50333.214286
1782855,IT,NO,LANDT,COMPU,0.02,3523.228,3,3,3523.228,0.0,0.0,0.0,0.0,176161.4
1796453,IT,WL,RETA1,PADDY,0.04,3523.131,3,3,3523.131,0.0,0.0,0.0,0.0,88078.275
1655924,IT,DE,PROCE,FURNI,0.02,3523.128,3,3,3523.128,0.0,0.0,0.0,0.0,176156.4
1744189,IT,US,POSTT,FORES,0.06,3522.977,3,3,3522.977,0.0,0.0,0.0,0.0,58716.283333
1650862,IT,BG,LANDT,RETAI,0.02,3522.861,3,3,3522.861,0.0,0.0,0.0,0.0,176143.05
1646936,IT,BE,WHOLE,RETAI,0.03,3522.579,3,3,3522.579,0.0,0.0,0.0,0.0,117419.3
1808147,IT,WF,OILHA,CROPS,0.02,3522.361,3,3,3522.361,0.0,0.0,0.0,0.0,176118.05
1715028,IT,NL,TEXTI,LEATH,0.02,3522.357,3,3,3522.357,0.0,0.0,0.0,0.0,176117.85
1652078,IT,CZ,STONE,WHOLE,0.01,3522.288,3,3,3522.288,0.0,0.0,0.0,0.0,352228.8
1803527,IT,WF,VEGE1,MOTO1,0.01,3522.202,3,3,3522.202,0.0,0.0,0.0,0.0,352220.2
1782982,IT,NO,SUPPO,SUPPO,0.03,3521.996,3,3,3521.996,0.0,0.0,0.0,0.0,117399.866667
1684621,IT,HR,FOOD4,FABRI,0.03,3521.987,3,3,3521.987,0.0,0.0,0.0,0.0,117399.566667
1643451,IT,AT,LANDT,RADIO,0.02,3521.939,3,3,3521.939,0.0,0.0,0.0,0.0,176096.95
1760617,IT,IN,PULP5,PADDY,0.01,3521.854,3,3,3521.854,0.0,0.0,0.0,0.0,352185.4
1656209,IT,DE,TEXTI,DIST1,0.02,3521.808,3,3,3521.808,0.0,0.0,0.0,0.0,176090.4
1743448,IT,US,WHOLE,MEAT4,0.03,3521.803,3,3,3521.803,0.0,0.0,0.0,0.0,117393.433333
1673156,IT,FR,BEVER,LIQUE,0.01,3521.708,3,3,3521.708,0.0,0.0,0.0,0.0,352170.8
1720632,IT,PL,MOTO1,KEROS,0.02,3521.644,3,3,3521.644,0.0,0.0,0.0,0.0,176082.2
1752676,IT,CA,WEARI,COLLE,0.03,3521.318,3,3,3521.318,0.0,0.0,0.0,0.0,117377.266667
1782681,IT,NO,WHOLE,CEMEN,0.03,3521.199,3,3,3521.199,0.0,0.0,0.0,0.0,117373.3
1792592,IT,WA,COMPU,PFERT,0.04,3520.972,3,3,3520.972,0.0,0.0,0.0,0.0,88024.3
1713798,IT,MT,FURNI,TEXTI,0.01,3520.934,3,3,3520.934,0.0,0.0,0.0,0.0,352093.4
1798765,IT,WE,FOOD5,CHEMI,0.02,3520.852,3,3,3520.852,0.0,0.0,0.0,0.0,176042.6
1730944,IT,SE,INTER,PUBLI,0.02,3520.694,3,3,3520.694,0.0,0.0,0.0,0.0,176034.7
1739436,IT,GB,LANDT,PROCE,0.02,3520.619,3,3,3520.619,0.0,0.0,0.0,0.0,176030.95
1712536,IT,LV,FABRI,RESEA,0.01,3520.551,3,3,3520.551,0.0,0.0,0.0,0.0,352055.1
1646325,IT,BE,FABRI,CATTL,0.01,3520.532,3,3,3520.532,0.0,0.0,0.0,0.0,352053.2
1688181,IT,HU,BUSIN,AUXIL,0.04,3520.472,3,3,3520.472,0.0,0.0,0.0,0.0,88011.8
1654209,IT,CZ,MOTO1,PLAS1,0.02,3520.405,3,3,3520.405,0.0,0.0,0.0,0.0,176020.25
1734442,IT,SK,CROPS,BASIC,0.03,3520.218,3,3,3520.218,0.0,0.0,0.0,0.0,117340.6
1688198,IT,HU,BUSIN,PAPE4,0.04,3520.05,3,3,3520.05,0.0,0.0,0.0,0.0,88001.25
1746400,IT,JP,RUBBE,ELEC4,0.01,3520.011,3,3,3520.011,0.0,0.0,0.0,0.0,352001.1
1801893,IT,WE,CONST,ELEC4,0.02,3519.997,3,3,3519.997,0.0,0.0,0.0,0.0,175999.85
1813655,IT,WM,RETA1,ETHAN,0.04,3519.982,3,3,3519.982,0.0,0.0,0.0,0.0,87999.55
1730066,IT,SE,RETA1,DAIRY,0.04,3519.665,3,3,3519.665,0.0,0.0,0.0,0.0,87991.625
1722512,IT,PT,FOOD5,MACHI,0.02,3519.558,3,3,3519.558,0.0,0.0,0.0,0.0,175977.9
1675754,IT,FR,FURNI,ALUM1,0.01,3519.525,3,3,3519.525,0.0,0.0,0.0,0.0,351952.5
1672132,IT,FI,POSTT,RENTI,0.06,3519.455,3,3,3519.455,0.0,0.0,0.0,0.0,58657.583333
1737668,IT,GB,PRINT,BIODI,0.03,3519.342,3,3,3519.342,0.0,0.0,0.0,0.0,117311.4
1640693,IT,AT,FISH5,AIRTR,0.01,3519.258,4,4,3519.256,0.0,0.0,0.0,0.002,351925.8
1669379,IT,ES,INSUR,FISHF,0.07,3519.089,3,3,3519.089,0.0,0.0,0.0,0.0,50272.7
1744194,IT,US,POSTT,MEATC,0.06,3518.955,3,3,3518.955,0.0,0.0,0.0,0.0,58649.25
1672576,IT,FR,CROPS,FORES,0.03,3518.745,3,3,3518.745,0.0,0.0,0.0,0.0,117291.5
1647205,IT,BE,LANDT,VEGE1,0.02,3518.632,3,3,3518.632,0.0,0.0,0.0,0.0,175931.6
1793166,IT,WA,93197,PLAST,0.02,3518.333,3,3,3518.333,0.0,0.0,0.0,0.0,175916.65
1644510,IT,BE,DAIRY,MACHI,0.01,3518.056,3,3,3518.056,0.0,0.0,0.0,0.0,351805.6
1652591,IT,CZ,LEATH,LANDT,0.03,3517.994,3,3,3517.994,0.0,0.0,0.0,0.0,117266.466667
1718141,IT,PL,VEGE1,ELEC2,0.01,3517.873,3,3,3517.873,0.0,0.0,0.0,0.0,351787.3
1712497,IT,LV,FABRI,MEAT1,0.01,3517.78,3,3,3517.78,0.0,0.0,0.0,0.0,351778.0
1680774,IT,GR,HOTEL,MEATC,0.03,3517.706,3,3,3517.706,0.0,0.0,0.0,0.0,117256.866667
1772026,IT,CH,PRINT,MOTOR,0.03,3517.681,3,3,3517.681,0.0,0.0,0.0,0.0,117256.033333
1771178,IT,CH,MEAT4,MEDIC,0.02,3517.554,3,3,3517.554,0.0,0.0,0.0,0.0,175877.7
1792519,IT,WA,REALE,FURNI,0.15,3517.553,3,3,3517.553,0.0,0.0,0.0,0.0,23450.353333
1670338,IT,FI,VEGE1,SUGA1,0.01,3517.458,3,3,3517.458,0.0,0.0,0.0,0.0,351745.8
1745030,IT,US,PUBLI,PETRO,0.06,3517.338,3,3,3517.338,0.0,0.0,0.0,0.0,58622.3
1786290,IT,ZA,FABRI,OFFIC,0.01,3517.296,3,3,3517.296,0.0,0.0,0.0,0.0,351729.6
1646412,IT,BE,FABRI,PLAS1,0.01,3517.292,3,3,3517.292,0.0,0.0,0.0,0.0,351729.2
1659309,IT,DE,RETAI,TEXTI,0.03,3517.268,3,3,3517.268,0.0,0.0,0.0,0.0,117242.266667
1814765,IT,WM,FOOD2,AUXIL,0.02,3516.843,3,3,3516.843,0.0,0.0,0.0,0.0,175842.15
1661387,IT,DK,MEAT4,BUSIN,0.02,3516.627,3,3,3516.627,0.0,0.0,0.0,0.0,175831.35
1803534,IT,WF,VEGE1,LANDT,0.01,3516.572,3,3,3516.572,0.0,0.0,0.0,0.0,351657.2
1730602,IT,SE,RENTI,VEGET,0.02,3516.51,3,3,3516.51,0.0,0.0,0.0,0.0,175825.5
1681698,IT,HR,FORES,TRANS,0.03,3516.494,4,4,3515.494,0.0,1.0,0.0,0.0,117216.466667
1762652,IT,IN,COMPU,RAILW,0.04,3516.474,3,3,3516.474,0.0,0.0,0.0,0.0,87911.85
1713697,IT,MT,FABRI,DISTR,0.01,3516.462,3,3,3516.462,0.0,0.0,0.0,0.0,351646.2
1651245,IT,CY,VEGET,MEATP,0.01,3516.411,3,3,3516.411,0.0,0.0,0.0,0.0,351641.1
1757148,IT,BR,STONE,SUPPO,0.01,3516.379,3,3,3516.379,0.0,0.0,0.0,0.0,351637.9
1786452,IT,ZA,MOTO1,IRONO,0.02,3516.334,3,3,3516.334,0.0,0.0,0.0,0.0,175816.7
1678389,IT,FR,PAPE4,RENTI,0.02,3515.863,3,3,3515.863,0.0,0.0,0.0,0.0,175793.15
1725134,IT,RO,MEATC,RETA1,0.01,3515.841,3,3,3515.841,0.0,0.0,0.0,0.0,351584.1
1779558,IT,TR,COMPU,MOTOR,0.04,3515.814,3,3,3515.814,0.0,0.0,0.0,0.0,87895.35
1687735,IT,HU,SUPPO,FOUND,0.03,3515.571,3,3,3515.571,0.0,0.0,0.0,0.0,117185.7
1766818,IT,RU,MACHI,BLAST,0.02,3515.491,3,3,3515.491,0.0,0.0,0.0,0.0,175774.55
1654196,IT,CZ,MOTO1,TRAN2,0.02,3515.412,3,3,3515.412,0.0,0.0,0.0,0.0,175770.6
1805370,IT,WF,RUBBE,BIOGA,0.01,3515.097,3,3,3515.097,0.0,0.0,0.0,0.0,351509.7
1654382,IT,CZ,SALEM,ELEC3,0.03,3515.053,3,3,3515.053,0.0,0.0,0.0,0.0,117168.433333
1680084,IT,GR,MACHI,BUSIN,0.02,3514.782,3,3,3514.782,0.0,0.0,0.0,0.0,175739.1
1753133,IT,CA,RUBBE,DIST1,0.01,3514.697,3,3,3514.697,0.0,0.0,0.0,0.0,351469.7
1647993,IT,BE,COMPU,STONE,0.04,3514.635,3,3,3514.635,0.0,0.0,0.0,0.0,87865.875
1780427,IT,TW,SUPPO,NONME,0.03,3514.115,3,3,3514.115,0.0,0.0,0.0,0.0,117137.166667
1739844,IT,GB,FINAN,LIQUE,0.05,3514.102,3,3,3514.102,0.0,0.0,0.0,0.0,70282.04
1660756,IT,DE,RENTI,FOOD1,0.02,3513.672,3,3,3513.672,0.0,0.0,0.0,0.0,175683.6
1726501,IT,RO,MACHI,PAPER,0.02,3513.43,3,3,3513.43,0.0,0.0,0.0,0.0,175671.5
1731520,IT,SI,FISH5,ELEC4,0.01,3513.219,4,4,3513.217,0.0,0.0,0.0,0.002,351321.9
1718745,IT,PL,PULP5,RAILW,0.01,3513.142,3,3,3513.142,0.0,0.0,0.0,0.0,351314.2
1731029,IT,SE,INERT,BASIC,0.03,3513.046,3,3,3513.046,0.0,0.0,0.0,0.0,117101.533333
1688357,IT,IE,PROCE,SANDC,0.02,3512.94,3,3,3512.94,0.0,0.0,0.0,0.0,175647.0
1759546,IT,BR,COMPU,SUGA1,0.04,3512.882,3,3,3512.882,0.0,0.0,0.0,0.0,87822.05
1726090,IT,RO,RUBBE,BIOGA,0.01,3512.767,3,3,3512.767,0.0,0.0,0.0,0.0,351276.7
1688792,IT,IE,RUBBE,RECRE,0.01,3512.672,3,3,3512.672,0.0,0.0,0.0,0.0,351267.2
1683605,IT,HR,FABRI,POULT,0.01,3512.56,3,3,3512.56,0.0,0.0,0.0,0.0,351256.0
1759991,IT,BR,INTER,BASIC,0.02,3512.55,3,3,3512.55,0.0,0.0,0.0,0.0,175627.5
1688556,IT,IE,PRINT,SANDC,0.03,3512.525,3,3,3512.525,0.0,0.0,0.0,0.0,117084.166667
1767186,IT,RU,WHOLE,REALE,0.03,3512.45,3,3,3512.45,0.0,0.0,0.0,0.0,117081.666667
1724221,IT,PT,RAILW,MOTOR,0.02,3512.395,3,3,3512.395,0.0,0.0,0.0,0.0,175619.75
1778379,IT,TR,RETAI,BUSIN,0.03,3512.164,3,3,3512.164,0.0,0.0,0.0,0.0,117072.133333
1764923,IT,MX,SUPPO,FABRI,0.03,3512.14,3,3,3512.14,0.0,0.0,0.0,0.0,117071.333333
1754544,IT,CA,BUSIN,INLAN,0.04,3511.86,3,3,3511.86,0.0,0.0,0.0,0.0,87796.5
1671438,IT,FI,FABRI,BLAST,0.01,3511.678,3,3,3511.678,0.0,0.0,0.0,0.0,351167.8
1764921,IT,MX,SUPPO,CHEM1,0.03,3511.632,3,3,3511.632,0.0,0.0,0.0,0.0,117054.4
1668393,IT,ES,RETA1,PRINT,0.04,3511.575,3,3,3511.575,0.0,0.0,0.0,0.0,87789.375
1720748,IT,PL,TRANS,LEAD1,0.02,3511.257,3,3,3511.257,0.0,0.0,0.0,0.0,175562.85
1744418,IT,US,AUXIL,MEATC,0.06,3511.153,3,3,3511.153,0.0,0.0,0.0,0.0,58519.216667
1777210,IT,TR,RUBBE,SUGA1,0.01,3510.924,3,3,3510.924,0.0,0.0,0.0,0.0,351092.4
1718622,IT,PL,LEATH,DISTR,0.03,3510.773,3,3,3510.773,0.0,0.0,0.0,0.0,117025.766667
1790689,IT,WA,FABRI,GASWO,0.01,3510.746,3,3,3510.746,0.0,0.0,0.0,0.0,351074.6
1793035,IT,WA,FOOD4,STONE,0.03,3510.449,3,3,3510.449,0.0,0.0,0.0,0.0,117014.966667
1767881,IT,RU,AUXIL,93197,0.06,3510.362,3,3,3510.362,0.0,0.0,0.0,0.0,58506.033333
1734086,IT,SI,INSUR,ELEC3,0.07,3510.246,3,3,3510.246,0.0,0.0,0.0,0.0,50146.371429
1809318,IT,WM,STONE,BASIC,0.01,3510.206,3,3,3510.206,0.0,0.0,0.0,0.0,351020.6
1770946,IT,CH,VEGET,PRINT,0.01,3510.061,3,3,3510.061,0.0,0.0,0.0,0.0,351006.1
1758350,IT,BR,FABRI,CEREA,0.01,3509.849,3,3,3509.849,0.0,0.0,0.0,0.0,350984.9
1784508,IT,ID,FABRI,COPP1,0.01,3509.712,3,3,3509.712,0.0,0.0,0.0,0.0,350971.2
1756931,IT,KR,INSUR,REALE,0.07,3509.656,3,3,3509.656,0.0,0.0,0.0,0.0,50137.942857
1734880,IT,SK,PAPER,RETAI,0.01,3509.623,3,3,3509.623,0.0,0.0,0.0,0.0,350962.3
1689327,IT,IE,RETA1,WEARI,0.04,3509.16,3,3,3509.16,0.0,0.0,0.0,0.0,87729.0
1681920,IT,HR,PROCE,LEATH,0.02,3509.103,3,3,3509.103,0.0,0.0,0.0,0.0,175455.15
1775383,IT,CH,PUBLI,PREC1,0.06,3509.038,3,3,3509.038,0.0,0.0,0.0,0.0,58483.966667
1757239,IT,BR,VEGE1,PLAST,0.01,3508.94,3,3,3508.94,0.0,0.0,0.0,0.0,350894.0
1710397,IT,LT,HOTEL,FINAN,0.03,3508.387,3,3,3508.387,0.0,0.0,0.0,0.0,116946.233333
1646666,IT,BE,FURNI,BIOGA,0.01,3508.359,3,3,3508.359,0.0,0.0,0.0,0.0,350835.9
1753921,IT,CA,RAILW,SEACO,0.02,3508.325,3,3,3508.325,0.0,0.0,0.0,0.0,175416.25
1757300,IT,BR,FOOD5,BIOGA,0.02,3508.266,3,3,3508.266,0.0,0.0,0.0,0.0,175413.3
1686083,IT,HU,RUBBE,PFERT,0.01,3508.001,3,3,3508.001,0.0,0.0,0.0,0.0,350800.1
1647110,IT,BE,HOTEL,MEDIC,0.03,3507.965,3,3,3507.965,0.0,0.0,0.0,0.0,116932.166667
1764990,IT,MX,FINAN,FURNI,0.05,3507.93,3,3,3507.93,0.0,0.0,0.0,0.0,70158.6
1729012,IT,SE,RUBBE,ANIMA,0.01,3507.729,3,3,3507.729,0.0,0.0,0.0,0.0,350772.9
1775527,IT,CH,FOOD3,RECRE,0.01,3507.454,3,3,3507.454,0.0,0.0,0.0,0.0,350745.4
1784913,IT,ID,POSTT,HOTEL,0.06,3507.447,3,3,3507.447,0.0,0.0,0.0,0.0,58457.45
1660994,IT,DE,BUSIN,COKE1,0.04,3507.208,3,3,3507.208,0.0,0.0,0.0,0.0,87680.2
1684605,IT,HR,FOOD3,RETA1,0.01,3507.175,3,3,3507.175,0.0,0.0,0.0,0.0,350717.5
1786591,IT,ZA,CONST,RADIO,0.02,3506.97,3,3,3506.97,0.0,0.0,0.0,0.0,175348.5
1803247,IT,WF,MEATA,NICKE,0.02,3506.849,3,3,3506.849,0.0,0.0,0.0,0.0,175342.45
1722418,IT,PT,MEAT1,LUBRI,0.02,3506.734,3,3,3506.734,0.0,0.0,0.0,0.0,175336.7
1728447,IT,SE,WEARI,RECRE,0.03,3506.559,3,3,3506.559,0.0,0.0,0.0,0.0,116885.3
1787653,IT,WA,MEAT4,LANDT,0.02,3506.522,3,3,3506.522,0.0,0.0,0.0,0.0,175326.1
1798662,IT,WE,VEGE1,IRONO,0.01,3506.364,3,3,3506.364,0.0,0.0,0.0,0.0,350636.4
1677534,IT,FR,AUXIL,WOOD1,0.06,3506.326,3,3,3506.326,0.0,0.0,0.0,0.0,58438.766667
1801202,IT,WE,FABRI,BIODI,0.01,3506.313,3,3,3506.313,0.0,0.0,0.0,0.0,350631.3
1650978,IT,BG,SUPPO,GASDI,0.03,3506.008,3,3,3506.008,0.0,0.0,0.0,0.0,116866.933333
1778725,IT,TR,RAILW,RETAI,0.02,3505.657,3,3,3505.657,0.0,0.0,0.0,0.0,175282.85
1806817,IT,WF,RETA1,NONME,0.04,3505.591,3,3,3505.591,0.0,0.0,0.0,0.0,87639.775
1765402,IT,RU,TOBAC,RETA1,0.01,3505.326,3,3,3505.326,0.0,0.0,0.0,0.0,350532.6
1684150,IT,HR,LANDT,PAPER,0.02,3505.24,3,3,3505.24,0.0,0.0,0.0,0.0,175262.0
1793706,IT,WL,FOOD5,MACHI,0.02,3504.74,3,3,3504.74,0.0,0.0,0.0,0.0,175237.0
1646888,IT,BE,WHOLE,COKEO,0.03,3504.665,3,3,3504.665,0.0,0.0,0.0,0.0,116822.166667
1808602,IT,WF,PLAS2,NATUR,0.03,3504.541,3,3,3504.541,0.0,0.0,0.0,0.0,116818.033333
1807017,IT,WF,LANDT,TRAN2,0.02,3504.292,3,3,3504.292,0.0,0.0,0.0,0.0,175214.6
1737443,IT,GB,LEATH,BEVER,0.03,3504.207,3,3,3504.207,0.0,0.0,0.0,0.0,116806.9
1743720,IT,US,LANDT,WHEAT,0.02,3504.106,3,3,3504.106,0.0,0.0,0.0,0.0,175205.3
1655074,IT,CZ,COMPU,ELEC1,0.04,3503.996,3,3,3503.996,0.0,0.0,0.0,0.0,87599.9
1757104,IT,BR,VEGET,CATTL,0.01,3503.905,3,3,3503.905,0.0,0.0,0.0,0.0,350390.5
1750906,IT,CN,CONST,PLAST,0.02,3503.864,3,3,3503.864,0.0,0.0,0.0,0.0,175193.2
1644881,IT,BE,LEATH,DAIRY,0.03,3503.713,3,3,3503.713,0.0,0.0,0.0,0.0,116790.433333
1753646,IT,CA,OFFIC,HOTEL,0.01,3503.686,3,3,3503.686,0.0,0.0,0.0,0.0,350368.6
1727089,IT,RO,LANDT,ANIMA,0.02,3503.422,3,3,3503.422,0.0,0.0,0.0,0.0,175171.1
1687317,IT,HU,RETA1,ELEC3,0.04,3503.376,3,3,3503.376,0.0,0.0,0.0,0.0,87584.4
1808286,IT,WF,FOOD2,FURNI,0.02,3503.337,3,3,3503.337,0.0,0.0,0.0,0.0,175166.85
1672265,IT,FI,REALE,HEALT,0.15,3503.283,3,3,3503.283,0.0,0.0,0.0,0.0,23355.22
1728107,IT,SE,VEGE1,LEATH,0.01,3503.281,3,3,3503.281,0.0,0.0,0.0,0.0,350328.1
1671671,IT,FI,CONST,AIRTR,0.02,3503.273,3,3,3503.273,0.0,0.0,0.0,0.0,175163.65
1687449,IT,HU,RAILW,CEMEN,0.02,3503.225,3,3,3503.225,0.0,0.0,0.0,0.0,175161.25
1654576,IT,CZ,RAILW,TEXTI,0.02,3503.09,3,3,3503.09,0.0,0.0,0.0,0.0,175154.5
1808416,IT,WF,FOOD4,WHEAT,0.03,3502.981,3,3,3502.981,0.0,0.0,0.0,0.0,116766.033333
1681372,IT,GR,AUXIL,DIST1,0.06,3502.95,3,3,3502.95,0.0,0.0,0.0,0.0,58382.5
1774742,IT,CH,SUPPO,TRAN2,0.03,3502.538,3,3,3502.538,0.0,0.0,0.0,0.0,116751.266667
1765306,IT,RU,PROCE,FOOD5,0.02,3502.51,3,3,3502.51,0.0,0.0,0.0,0.0,175125.5
1775837,IT,TR,MEAT4,LEAD1,0.02,3502.433,3,3,3502.433,0.0,0.0,0.0,0.0,175121.65
1765122,IT,MX,COMPU,BUSIN,0.04,3502.337,3,3,3502.337,0.0,0.0,0.0,0.0,87558.425
1733602,IT,SI,HOTEL,MEATC,0.03,3502.261,3,3,3502.261,0.0,0.0,0.0,0.0,116742.033333
1787365,IT,WA,WOOLS,ANIMA,0.01,3501.871,3,3,3501.871,0.0,0.0,0.0,0.0,350187.1
1640619,IT,AT,BEVER,PRINT,0.01,3501.774,3,3,3501.774,0.0,0.0,0.0,0.0,350177.4
1678169,IT,FR,INTER,CHEM1,0.02,3501.724,3,3,3501.724,0.0,0.0,0.0,0.0,175086.2
1650095,IT,BG,OFFIC,HYDRO,0.01,3501.624,3,3,3501.624,0.0,0.0,0.0,0.0,350162.4
1661042,IT,DE,BUSIN,PLAS2,0.04,3501.51,3,3,3501.51,0.0,0.0,0.0,0.0,87537.75
1687251,IT,HU,WHOLE,PAPER,0.03,3501.464,3,3,3501.464,0.0,0.0,0.0,0.0,116715.466667
1792363,IT,WA,FINAN,AIRTR,0.05,3501.415,3,3,3501.415,0.0,0.0,0.0,0.0,70028.3
1760781,IT,IN,PRINT,COLLE,0.03,3501.32,3,3,3501.32,0.0,0.0,0.0,0.0,116710.666667
1669596,IT,ES,RENTI,MEATP,0.02,3501.273,3,3,3501.273,0.0,0.0,0.0,0.0,175063.65
1740900,IT,US,PROCE,RESEA,0.02,3501.265,3,3,3501.265,0.0,0.0,0.0,0.0,175063.25
1784062,IT,ID,WEARI,MACHI,0.03,3501.122,3,3,3501.122,0.0,0.0,0.0,0.0,116704.066667
1768141,IT,RU,PUBLI,LEATH,0.06,3501.058,3,3,3501.058,0.0,0.0,0.0,0.0,58350.966667
1727879,IT,RO,INTER,OFFIC,0.02,3500.988,3,3,3500.988,0.0,0.0,0.0,0.0,175049.4
1808010,IT,WF,INTER,NATUR,0.02,3500.829,3,3,3500.829,0.0,0.0,0.0,0.0,175041.45
1712611,IT,LV,OFFIC,WHOLE,0.01,3500.688,3,3,3500.688,0.0,0.0,0.0,0.0,350068.8
1729628,IT,SE,FABRI,WEARI,0.01,3500.52,3,3,3500.52,0.0,0.0,0.0,0.0,350052.0
1747975,IT,JP,RESEA,LANDT,0.02,3500.512,3,3,3500.512,0.0,0.0,0.0,0.0,175025.6
1813808,IT,WM,RAILW,FURNI,0.02,3500.472,3,3,3500.472,0.0,0.0,0.0,0.0,175023.6
1650210,IT,BG,TRANS,RETA1,0.02,3500.416,3,3,3500.416,0.0,0.0,0.0,0.0,175020.8
1809125,IT,WM,CROPS,MACHI,0.03,3500.405,3,3,3500.405,0.0,0.0,0.0,0.0,116680.166667
1676352,IT,FR,WHOLE,RAWMI,0.03,3500.391,3,3,3500.391,0.0,0.0,0.0,0.0,116679.7
1792991,IT,WA,FOOD2,MEATA,0.02,3500.065,3,3,3500.065,0.0,0.0,0.0,0.0,175003.25
1750664,IT,CN,MOTO1,HEAVY,0.02,3499.91,3,3,3499.91,0.0,0.0,0.0,0.0,174995.5
1726796,IT,RO,WHOLE,PIGS9,0.03,3499.85,3,3,3499.85,0.0,0.0,0.0,0.0,116661.666667
1640632,IT,AT,BEVER,FABRI,0.01,3499.811,3,3,3499.811,0.0,0.0,0.0,0.0,349981.1
1678672,IT,GR,MEAT4,REALE,0.02,3499.644,3,3,3499.644,0.0,0.0,0.0,0.0,174982.2
1654139,IT,CZ,MOTO1,DAIRY,0.02,3499.574,3,3,3499.574,0.0,0.0,0.0,0.0,174978.7
1765282,IT,RU,VEGE1,CONST,0.01,3499.502,3,3,3499.502,0.0,0.0,0.0,0.0,349950.2
1743513,IT,US,RETA1,DIST1,0.04,3499.303,3,3,3499.303,0.0,0.0,0.0,0.0,87482.575
1727628,IT,RO,RENTI,MEATP,0.02,3499.215,3,3,3499.215,0.0,0.0,0.0,0.0,174960.75
1712025,IT,LV,DAIRY,FOOD5,0.01,3499.057,3,3,3499.057,0.0,0.0,0.0,0.0,349905.7
1675660,IT,FR,TRANS,CHEM1,0.02,3498.808,3,3,3498.808,0.0,0.0,0.0,0.0,174940.4
1663887,IT,EE,WEARI,REALE,0.03,3498.779,3,3,3498.779,0.0,0.0,0.0,0.0,116625.966667
1745212,IT,JP,FORES,NATUR,0.03,3498.449,4,4,3497.449,0.0,1.0,0.0,0.0,116614.966667
1757971,IT,BR,RUBBE,PIGS9,0.01,3498.35,3,3,3498.35,0.0,0.0,0.0,0.0,349835.0
1780085,IT,TW,WHOLE,RAILW,0.03,3497.837,3,3,3497.837,0.0,0.0,0.0,0.0,116594.566667
1782622,IT,NO,FURNI,BUSIN,0.01,3497.752,3,3,3497.752,0.0,0.0,0.0,0.0,349775.2
1763119,IT,MX,WEARI,POSTT,0.03,3497.681,3,3,3497.681,0.0,0.0,0.0,0.0,116589.366667
1730378,IT,SE,SUPPO,FOOD2,0.03,3497.564,3,3,3497.564,0.0,0.0,0.0,0.0,116585.466667
1779551,IT,TR,COMPU,TOBAC,0.04,3497.461,3,3,3497.461,0.0,0.0,0.0,0.0,87436.525
1756418,IT,KR,CONST,PADDY,0.02,3497.278,3,3,3497.278,0.0,0.0,0.0,0.0,174863.9
1771354,IT,CH,PROCE,MEDIC,0.02,3497.238,3,3,3497.238,0.0,0.0,0.0,0.0,174861.9
1643974,IT,AT,COMPU,RETAI,0.04,3497.234,3,3,3497.234,0.0,0.0,0.0,0.0,87430.85
1759410,IT,BR,INSUR,PFERT,0.07,3496.998,3,3,3496.998,0.0,0.0,0.0,0.0,49957.114286
1781576,IT,NO,WEARI,FOOD5,0.03,3496.674,3,3,3496.674,0.0,0.0,0.0,0.0,116555.8
1743520,IT,US,RETA1,LANDT,0.04,3496.589,3,3,3496.589,0.0,0.0,0.0,0.0,87414.725
1778274,IT,TR,SALEM,SANDC,0.03,3496.467,3,3,3496.467,0.0,0.0,0.0,0.0,116548.9
1797699,IT,WL,PLAS1,ALUM1,0.01,3496.288,3,3,3496.288,0.0,0.0,0.0,0.0,349628.8
1803648,IT,WF,FOOD5,RAILW,0.02,3495.773,3,3,3495.773,0.0,0.0,0.0,0.0,174788.65
1797467,IT,WL,RESEA,ELEC4,0.02,3495.624,3,3,3495.624,0.0,0.0,0.0,0.0,174781.2
1676362,IT,FR,WHOLE,PROCE,0.03,3495.536,3,3,3495.536,0.0,0.0,0.0,0.0,116517.866667
1731289,IT,SI,VEGE1,CROPS,0.01,3495.462,3,3,3495.462,0.0,0.0,0.0,0.0,349546.2
1671827,IT,FI,RETA1,MACHI,0.04,3495.4,3,3,3495.4,0.0,0.0,0.0,0.0,87385.0
1714648,IT,NL,MEAT1,FISH5,0.02,3495.244,3,3,3495.244,0.0,0.0,0.0,0.0,174762.2
1680207,IT,GR,TRANS,PULP5,0.02,3495.227,3,3,3495.227,0.0,0.0,0.0,0.0,174761.35
1671723,IT,FI,SALEM,ELEC2,0.03,3495.121,3,3,3495.121,0.0,0.0,0.0,0.0,116504.033333
1768734,IT,AU,WEARI,GASDI,0.03,3495.118,3,3,3495.118,0.0,0.0,0.0,0.0,116503.933333
1765650,IT,RU,PAPER,RAWMI,0.01,3494.988,3,3,3494.988,0.0,0.0,0.0,0.0,349498.8
1651047,IT,BG,POSTT,RECRE,0.06,3494.699,3,3,3494.699,0.0,0.0,0.0,0.0,58244.983333
1762538,IT,IN,INSUR,SUPPO,0.07,3494.549,3,3,3494.549,0.0,0.0,0.0,0.0,49922.128571
1762883,IT,MX,STONE,LEATH,0.01,3494.456,3,3,3494.456,0.0,0.0,0.0,0.0,349445.6
1735941,IT,SK,MOTO1,GASDI,0.02,3494.429,3,3,3494.429,0.0,0.0,0.0,0.0,174721.45
1748216,IT,JP,PLAS1,BEVER,0.01,3494.398,3,3,3494.398,0.0,0.0,0.0,0.0,349439.8
1784060,IT,ID,WEARI,PROCE,0.03,3494.267,3,3,3494.267,0.0,0.0,0.0,0.0,116475.566667
1736741,IT,SK,REALE,POSTT,0.15,3494.197,3,3,3494.197,0.0,0.0,0.0,0.0,23294.646667
1774018,IT,CH,RETAI,GASDI,0.03,3493.993,3,3,3493.993,0.0,0.0,0.0,0.0,116466.433333
1775680,IT,TR,VEGET,HEALT,0.01,3493.986,3,3,3493.986,0.0,0.0,0.0,0.0,349398.6
1712692,IT,LV,HOTEL,PFERT,0.03,3493.981,3,3,3493.981,0.0,0.0,0.0,0.0,116466.033333
1676675,IT,FR,RAILW,FISH5,0.02,3493.707,3,3,3493.707,0.0,0.0,0.0,0.0,174685.35
1643688,IT,AT,SUPPO,LEATH,0.03,3493.558,3,3,3493.558,0.0,0.0,0.0,0.0,116451.933333
1799023,IT,WE,TEXTI,BITU1,0.02,3493.487,3,3,3493.487,0.0,0.0,0.0,0.0,174674.35
1762356,IT,IN,SUPPO,EDUCA,0.03,3493.326,3,3,3493.326,0.0,0.0,0.0,0.0,116444.2
1795961,IT,WL,MOTO1,NAPHT,0.02,3493.056,3,3,3493.056,0.0,0.0,0.0,0.0,174652.8
1665579,IT,ES,LEATH,AUXIL,0.03,3492.84,3,3,3492.84,0.0,0.0,0.0,0.0,116428.0
1756430,IT,KR,CONST,KEROS,0.02,3492.746,3,3,3492.746,0.0,0.0,0.0,0.0,174637.3
1787705,IT,WA,VEGE1,PRINT,0.01,3492.552,3,3,3492.552,0.0,0.0,0.0,0.0,349255.2
1723778,IT,PT,OFFIC,CHEM1,0.01,3492.024,3,3,3492.024,0.0,0.0,0.0,0.0,349202.4
1769628,IT,AU,FABRI,KEROS,0.01,3491.843,3,3,3491.843,0.0,0.0,0.0,0.0,349184.3
1647659,IT,BE,FINAN,ELEC2,0.05,3491.722,3,3,3491.722,0.0,0.0,0.0,0.0,69834.44
1684374,IT,HR,POSTT,PRINT,0.06,3491.544,3,3,3491.544,0.0,0.0,0.0,0.0,58192.4
1770702,IT,AU,INSUR,FINAN,0.07,3491.234,3,3,3491.234,0.0,0.0,0.0,0.0,49874.771429
1773350,IT,CH,MACHI,ELEC5,0.02,3490.856,3,3,3490.856,0.0,0.0,0.0,0.0,174542.8
1684052,IT,HR,HOTEL,GLASS,0.03,3490.736,3,3,3490.736,0.0,0.0,0.0,0.0,116357.866667
1676348,IT,FR,WHOLE,PLANT,0.03,3490.469,3,3,3490.469,0.0,0.0,0.0,0.0,116348.966667
1745807,IT,JP,WEARI,WASTE,0.03,3490.461,3,3,3490.461,0.0,0.0,0.0,0.0,116348.7
1651251,IT,CY,MEATA,MEAT4,0.02,3490.381,3,3,3490.381,0.0,0.0,0.0,0.0,174519.05
1654043,IT,CZ,MACHI,SEACO,0.02,3490.298,3,3,3490.298,0.0,0.0,0.0,0.0,174514.9
1649986,IT,BG,FABRI,INERT,0.01,3490.007,3,3,3490.007,0.0,0.0,0.0,0.0,349000.7
1652714,IT,CZ,PAPER,BITU1,0.01,3489.95,3,3,3489.95,0.0,0.0,0.0,0.0,348995.0
1759635,IT,BR,RESEA,PRINT,0.02,3489.921,3,3,3489.921,0.0,0.0,0.0,0.0,174496.05
1765137,IT,MX,BUSIN,MEATC,0.04,3489.895,3,3,3489.895,0.0,0.0,0.0,0.0,87247.375
1733718,IT,SI,RAILW,INTER,0.02,3489.7,3,3,3489.7,0.0,0.0,0.0,0.0,174485.0
1747879,IT,JP,RENTI,RETAI,0.02,3489.571,3,3,3489.571,0.0,0.0,0.0,0.0,174478.55
1665538,IT,ES,WEARI,PLAS2,0.03,3489.509,3,3,3489.509,0.0,0.0,0.0,0.0,116316.966667
1737030,IT,GB,STONE,FURNI,0.01,3489.31,3,3,3489.31,0.0,0.0,0.0,0.0,348931.0
1782688,IT,NO,WHOLE,WHOLE,0.03,3489.251,3,3,3489.251,0.0,0.0,0.0,0.0,116308.366667
1796315,IT,WL,SALEM,BIODI,0.03,3489.163,3,3,3489.163,0.0,0.0,0.0,0.0,116305.433333
1803918,IT,WF,WEARI,OFFIC,0.03,3489.017,3,3,3489.017,0.0,0.0,0.0,0.0,116300.566667
1670018,IT,ES,HEALT,RECRE,0.02,3488.845,3,3,3488.845,0.0,0.0,0.0,0.0,174442.25
1762771,IT,IN,BUSIN,RAILW,0.04,3488.764,3,3,3488.764,0.0,0.0,0.0,0.0,87219.1
1778695,IT,TR,HOTEL,TEXT2,0.03,3488.636,3,3,3488.636,0.0,0.0,0.0,0.0,116287.866667
1736266,IT,SK,HOTEL,LEATH,0.03,3488.486,3,3,3488.486,0.0,0.0,0.0,0.0,116282.866667
1736841,IT,SK,BUSIN,MEAT4,0.04,3488.444,3,3,3488.444,0.0,0.0,0.0,0.0,87211.1
1681382,IT,GR,AUXIL,COMPU,0.06,3488.427,3,3,3488.427,0.0,0.0,0.0,0.0,58140.45
1651892,IT,CY,POSTT,HEALT,0.06,3488.398,3,3,3488.398,0.0,0.0,0.0,0.0,58139.966667
1670195,IT,ES,RECRE,BIODI,0.04,3488.394,3,3,3488.394,0.0,0.0,0.0,0.0,87209.85
1684626,IT,HR,FOOD4,WHOLE,0.03,3488.375,3,3,3488.375,0.0,0.0,0.0,0.0,116279.166667
1777932,IT,TR,MACHI,NONSP,0.02,3488.34,3,3,3488.34,0.0,0.0,0.0,0.0,174417.0
1776251,IT,TR,PULP5,BIODI,0.01,3488.205,3,3,3488.205,0.0,0.0,0.0,0.0,348820.5
1779501,IT,TR,RENTI,SECO9,0.02,3488.184,3,3,3488.184,0.0,0.0,0.0,0.0,174409.2
1734332,IT,SI,BUSIN,SEACO,0.04,3488.012,3,3,3488.012,0.0,0.0,0.0,0.0,87200.3
1760285,IT,IN,ANIMA,HOTEL,0.01,3487.916,3,3,3487.916,0.0,0.0,0.0,0.0,348791.6
1750350,IT,CN,FABRI,PULP5,0.01,3487.665,3,3,3487.665,0.0,0.0,0.0,0.0,348766.5
1644126,IT,AT,PLAS1,FABRI,0.01,3487.635,3,3,3487.635,0.0,0.0,0.0,0.0,348763.5
1685182,IT,HU,BEVER,DISTR,0.01,3487.611,3,3,3487.611,0.0,0.0,0.0,0.0,348761.1
1806358,IT,WF,MOTO1,STONE,0.02,3486.936,3,3,3486.936,0.0,0.0,0.0,0.0,174346.8
1687865,IT,HU,INSUR,HEALT,0.07,3486.582,3,3,3486.582,0.0,0.0,0.0,0.0,49808.314286
1782656,IT,NO,SALEM,EDUCA,0.03,3486.567,3,3,3486.567,0.0,0.0,0.0,0.0,116218.9
1670118,IT,ES,PAPE4,REALE,0.02,3486.43,3,3,3486.43,0.0,0.0,0.0,0.0,174321.5
1662783,IT,DK,MOTO1,PRIVA,0.02,3486.426,3,3,3486.426,0.0,0.0,0.0,0.0,174321.3
1670481,IT,FI,BEVER,PULP5,0.01,3486.194,3,3,3486.194,0.0,0.0,0.0,0.0,348619.4
1785453,IT,ZA,PRINT,FOOD5,0.03,3486.162,3,3,3486.162,0.0,0.0,0.0,0.0,116205.4
1684861,IT,HU,STONE,FABRI,0.01,3485.976,3,3,3485.976,0.0,0.0,0.0,0.0,348597.6
1803519,IT,WF,VEGE1,PRINT,0.01,3485.796,3,3,3485.796,0.0,0.0,0.0,0.0,348579.6
1644557,IT,BE,PROCE,MOTO1,0.02,3485.593,3,3,3485.593,0.0,0.0,0.0,0.0,174279.65
1726590,IT,RO,MOTO1,WHEAT,0.02,3485.42,3,3,3485.42,0.0,0.0,0.0,0.0,174271.0
1765258,IT,RU,VEGE1,VEGET,0.01,3485.188,3,3,3485.188,0.0,0.0,0.0,0.0,348518.8
1767949,IT,RU,COMPU,MOTOR,0.04,3484.764,3,3,3484.764,0.0,0.0,0.0,0.0,87119.1
1793814,IT,WL,TEXTI,SUGA1,0.02,3484.696,3,3,3484.696,0.0,0.0,0.0,0.0,174234.8
1738850,IT,GB,TRANS,PLAST,0.02,3484.494,3,3,3484.494,0.0,0.0,0.0,0.0,174224.7
1728210,IT,SE,FOOD5,FISH5,0.02,3484.222,3,3,3484.222,0.0,0.0,0.0,0.0,174211.1
1796544,IT,WL,RETA1,INLAN,0.04,3484.073,3,3,3484.073,0.0,0.0,0.0,0.0,87101.825
1718393,IT,PL,BEVER,COLLE,0.01,3484.06,3,3,3484.06,0.0,0.0,0.0,0.0,348406.0
1745488,IT,JP,FOOD5,GLASS,0.02,3484.027,3,3,3484.027,0.0,0.0,0.0,0.0,174201.35
1681162,IT,GR,POSTT,PLAST,0.06,3483.815,3,3,3483.815,0.0,0.0,0.0,0.0,58063.583333
1714045,IT,MT,HOTEL,LANDT,0.03,3483.739,3,3,3483.739,0.0,0.0,0.0,0.0,116124.633333
1774122,IT,CH,WHOLE,ELEC3,0.03,3483.708,3,3,3483.708,0.0,0.0,0.0,0.0,116123.6
1665055,IT,ES,MEATP,HEALT,0.01,3483.59,3,3,3483.59,0.0,0.0,0.0,0.0,348359.0
1644851,IT,BE,WEARI,WOODW,0.03,3483.573,3,3,3483.573,0.0,0.0,0.0,0.0,116119.1
1728262,IT,SE,BEVER,LEADZ,0.01,3483.524,3,3,3483.524,0.0,0.0,0.0,0.0,348352.4
1646998,IT,BE,RETA1,BIOGA,0.04,3483.455,3,3,3483.455,0.0,0.0,0.0,0.0,87086.375
1792455,IT,WA,AUXIL,OFFIC,0.06,3483.296,3,3,3483.296,0.0,0.0,0.0,0.0,58054.933333
1809489,IT,WM,MEAT1,CHEM1,0.02,3483.27,3,3,3483.27,0.0,0.0,0.0,0.0,174163.5
1681982,IT,HR,FOOD5,LANDT,0.02,3483.239,3,3,3483.239,0.0,0.0,0.0,0.0,174161.95
1807776,IT,WF,HEALT,HEALT,0.02,3483.223,3,3,3483.223,0.0,0.0,0.0,0.0,174161.15
1671665,IT,FI,CONST,SALEM,0.02,3483.208,3,3,3483.208,0.0,0.0,0.0,0.0,174160.4
1649156,IT,BG,PRINT,BEVER,0.03,3482.815,3,3,3482.815,0.0,0.0,0.0,0.0,116093.833333
1812785,IT,WM,FABRI,ANIMA,0.01,3482.773,3,3,3482.773,0.0,0.0,0.0,0.0,348277.3
1754876,IT,KR,FISH5,STEAM,0.01,3482.738,4,4,3482.736,0.0,0.0,0.0,0.002,348273.8
1742128,IT,US,RUBBE,SEACO,0.01,3482.718,3,3,3482.718,0.0,0.0,0.0,0.0,348271.8
1779123,IT,TR,SUPPO,HEALT,0.03,3482.454,3,3,3482.454,0.0,0.0,0.0,0.0,116081.8
1809665,IT,WM,DAIRY,FOOD4,0.01,3482.283,3,3,3482.283,0.0,0.0,0.0,0.0,348228.3
1713084,IT,MT,DAIRY,93197,0.01,3482.185,3,3,3482.185,0.0,0.0,0.0,0.0,348218.5
1712632,IT,LV,MOTO1,SECO9,0.02,3481.784,3,3,3481.784,0.0,0.0,0.0,0.0,174089.2
1762798,IT,IN,PUBLI,FISHF,0.06,3481.559,3,3,3481.559,0.0,0.0,0.0,0.0,58025.983333
1736409,IT,SK,LANDT,NONME,0.02,3481.483,3,3,3481.483,0.0,0.0,0.0,0.0,174074.15
1785171,IT,ZA,FOOD5,WOODW,0.02,3481.441,3,3,3481.441,0.0,0.0,0.0,0.0,174072.05
1716647,IT,NL,RETAI,RENTI,0.03,3481.294,3,3,3481.294,0.0,0.0,0.0,0.0,116043.133333
1652508,IT,CZ,WEARI,ELEC5,0.03,3481.276,3,3,3481.276,0.0,0.0,0.0,0.0,116042.533333
1734868,IT,SK,PAPER,RADIO,0.01,3481.104,3,3,3481.104,0.0,0.0,0.0,0.0,348110.4
1758429,IT,BR,FABRI,RETAI,0.01,3481.06,3,3,3481.06,0.0,0.0,0.0,0.0,348106.0
1651880,IT,CY,POSTT,RETA1,0.06,3481.038,3,3,3481.038,0.0,0.0,0.0,0.0,58017.3
1656529,IT,DE,PAPER,BLAST,0.01,3480.598,3,3,3480.598,0.0,0.0,0.0,0.0,348059.8
1655413,IT,DE,MEATA,LANDT,0.02,3480.579,3,3,3480.579,0.0,0.0,0.0,0.0,174028.95
1690541,IT,IE,MEMBE,WHOLE,0.04,3480.174,3,3,3480.174,0.0,0.0,0.0,0.0,87004.35
1762464,IT,IN,FINAN,MACHI,0.05,3480.169,3,3,3480.169,0.0,0.0,0.0,0.0,69603.38
1727497,IT,RO,AUXIL,ELEC5,0.06,3479.648,3,3,3479.648,0.0,0.0,0.0,0.0,57994.133333
1675523,IT,FR,OFFIC,PLAS1,0.01,3479.637,3,3,3479.637,0.0,0.0,0.0,0.0,347963.7
1767023,IT,RU,TRANS,RETAI,0.02,3479.374,3,3,3479.374,0.0,0.0,0.0,0.0,173968.7
1756118,IT,KR,FABRI,AUXIL,0.01,3479.296,3,3,3479.296,0.0,0.0,0.0,0.0,347929.6
1763113,IT,MX,WEARI,COLLE,0.03,3479.178,3,3,3479.178,0.0,0.0,0.0,0.0,115972.6
1646766,IT,BE,CONST,TRAN2,0.02,3479.17,3,3,3479.17,0.0,0.0,0.0,0.0,173958.5
1771485,IT,CH,BEVER,INLAN,0.01,3479.037,3,3,3479.037,0.0,0.0,0.0,0.0,347903.7
1808303,IT,WF,FOOD2,AUXIL,0.02,3478.66,3,3,3478.66,0.0,0.0,0.0,0.0,173933.0
1685315,IT,HU,WEARI,CERAM,0.03,3478.644,3,3,3478.644,0.0,0.0,0.0,0.0,115954.8
1736172,IT,SK,RETAI,PAPER,0.03,3478.47,3,3,3478.47,0.0,0.0,0.0,0.0,115949.0
1671642,IT,FI,FURNI,FOOD4,0.01,3478.306,3,3,3478.306,0.0,0.0,0.0,0.0,347830.6
1757040,IT,KR,BUSIN,BIODI,0.04,3478.177,3,3,3478.177,0.0,0.0,0.0,0.0,86954.425
1673850,IT,FR,PRINT,AIRTR,0.03,3477.827,3,3,3477.827,0.0,0.0,0.0,0.0,115927.566667
1689821,IT,IE,INSUR,SECO9,0.07,3477.793,3,3,3477.793,0.0,0.0,0.0,0.0,49682.757143
1779168,IT,TR,POSTT,MOTOR,0.06,3477.682,3,3,3477.682,0.0,0.0,0.0,0.0,57961.366667
1808008,IT,WF,INTER,FISHF,0.02,3477.622,3,3,3477.622,0.0,0.0,0.0,0.0,173881.1
1736852,IT,SK,BUSIN,PAPER,0.04,3477.611,3,3,3477.611,0.0,0.0,0.0,0.0,86940.275
1643967,IT,AT,COMPU,ELEC5,0.04,3477.573,3,3,3477.573,0.0,0.0,0.0,0.0,86939.325
1733383,IT,SI,TRANS,PLAS2,0.02,3477.519,3,3,3477.519,0.0,0.0,0.0,0.0,173875.95
1688323,IT,IE,VEGE1,PRINT,0.01,3477.362,3,3,3477.362,0.0,0.0,0.0,0.0,347736.2
1787277,IT,WA,VEGET,RAILW,0.01,3477.011,3,3,3477.011,0.0,0.0,0.0,0.0,347701.1
1680005,IT,GR,MACHI,MEAT1,0.02,3476.755,3,3,3476.755,0.0,0.0,0.0,0.0,173837.75
1727064,IT,RO,RAILW,FINAN,0.02,3476.449,3,3,3476.449,0.0,0.0,0.0,0.0,173822.45
1663657,IT,DK,BUSIN,AUXIL,0.04,3476.338,3,3,3476.338,0.0,0.0,0.0,0.0,86908.45
1736571,IT,SK,SUPPO,HOTEL,0.02,3476.193,3,3,3476.193,0.0,0.0,0.0,0.0,173809.65
1808870,IT,WF,PRIVA,PLAST,0.78,3475.966,3,3,3475.966,0.0,0.0,0.0,0.0,4456.366667
1654151,IT,CZ,MOTO1,GASDI,0.02,3475.672,3,3,3475.672,0.0,0.0,0.0,0.0,173783.6
1762329,IT,IN,SUPPO,PAPER,0.02,3475.623,3,3,3475.623,0.0,0.0,0.0,0.0,173781.15
1642802,IT,AT,OFFIC,FISH5,0.01,3475.565,3,3,3475.565,0.0,0.0,0.0,0.0,347556.5
1725170,IT,RO,VEGE1,MOTO1,0.01,3475.289,3,3,3475.289,0.0,0.0,0.0,0.0,347528.9
1752250,IT,CA,CROPS,CONST,0.03,3475.129,3,3,3475.129,0.0,0.0,0.0,0.0,115837.633333
1642807,IT,AT,OFFIC,CHEM1,0.01,3474.897,3,3,3474.897,0.0,0.0,0.0,0.0,347489.7
1774973,IT,CH,AUXIL,FABRI,0.06,3474.717,3,3,3474.717,0.0,0.0,0.0,0.0,57911.95
1779524,IT,TR,RENTI,FOOD3,0.02,3474.583,3,3,3474.583,0.0,0.0,0.0,0.0,173729.15
1681487,IT,GR,RESEA,REALE,0.02,3474.386,3,3,3474.386,0.0,0.0,0.0,0.0,173719.3
1681322,IT,GR,INSUR,PFERT,0.07,3474.282,3,3,3474.282,0.0,0.0,0.0,0.0,49632.6
1779521,IT,TR,RENTI,INTER,0.02,3473.806,3,3,3473.806,0.0,0.0,0.0,0.0,173690.3
1806316,IT,WF,OFFIC,NONFE,0.01,3473.738,3,3,3473.738,0.0,0.0,0.0,0.0,347373.8
1779523,IT,TR,RENTI,FOOD2,0.02,3473.725,3,3,3473.725,0.0,0.0,0.0,0.0,173686.25
1780686,IT,TW,REALE,FISHF,0.15,3473.621,3,3,3473.621,0.0,0.0,0.0,0.0,23157.473333
1779526,IT,TR,RENTI,FOOD4,0.02,3473.543,3,3,3473.543,0.0,0.0,0.0,0.0,173677.15
1690216,IT,IE,BUSIN,RAILW,0.04,3473.517,3,3,3473.517,0.0,0.0,0.0,0.0,86837.925
1779527,IT,TR,RENTI,PAPE4,0.02,3473.45,3,3,3473.45,0.0,0.0,0.0,0.0,173672.5
1779522,IT,TR,RENTI,OILHA,0.02,3473.416,3,3,3473.416,0.0,0.0,0.0,0.0,173670.8
1782653,IT,NO,SALEM,REALE,0.03,3473.363,3,3,3473.363,0.0,0.0,0.0,0.0,115778.766667
1736527,IT,SK,SUPPO,MEAT4,0.02,3473.362,3,3,3473.362,0.0,0.0,0.0,0.0,173668.1
1779531,IT,TR,RENTI,WOOD2,0.02,3473.34,3,3,3473.34,0.0,0.0,0.0,0.0,173667.0
1779528,IT,TR,RENTI,PLAS2,0.02,3473.316,3,3,3473.316,0.0,0.0,0.0,0.0,173665.8
1765152,IT,MX,BUSIN,GASDI,0.04,3473.258,3,3,3473.258,0.0,0.0,0.0,0.0,86831.45
1793453,IT,WL,STONE,KEROS,0.01,3473.15,3,3,3473.15,0.0,0.0,0.0,0.0,347315.0
1716643,IT,NL,RETAI,WHOLE,0.03,3473.066,3,3,3473.066,0.0,0.0,0.0,0.0,115768.866667
1783996,IT,ID,FOOD5,PFERT,0.02,3472.553,3,3,3472.553,0.0,0.0,0.0,0.0,173627.65
1683144,IT,HR,RUBBE,WOOD2,0.01,3472.175,3,3,3472.175,0.0,0.0,0.0,0.0,347217.5
1671794,IT,FI,WHOLE,RENTI,0.03,3472.17,3,3,3472.17,0.0,0.0,0.0,0.0,115739.0
1744079,IT,US,SUPPO,FISHF,0.02,3472.138,3,3,3472.138,0.0,0.0,0.0,0.0,173606.9
1738535,IT,GB,FABRI,OILSE,0.01,3472.085,3,3,3472.085,0.0,0.0,0.0,0.0,347208.5
1814823,IT,WM,WOOD2,BASIC,0.02,3471.802,3,3,3471.802,0.0,0.0,0.0,0.0,173590.1
1722005,IT,PL,COMPU,AIRTR,0.04,3471.783,3,3,3471.783,0.0,0.0,0.0,0.0,86794.575
1813099,IT,WM,MOTO1,PIGS9,0.02,3471.714,3,3,3471.714,0.0,0.0,0.0,0.0,173585.7
1736054,IT,SK,FURNI,ELECT,0.01,3471.619,3,3,3471.619,0.0,0.0,0.0,0.0,347161.9
1712230,IT,LV,PAPER,TRANS,0.01,3471.171,3,3,3471.171,0.0,0.0,0.0,0.0,347117.1
1709371,IT,LT,FOOD5,DAIRY,0.02,3471.101,3,3,3471.101,0.0,0.0,0.0,0.0,173555.05
1717251,IT,NL,POSTT,PULP5,0.06,3470.945,3,3,3470.945,0.0,0.0,0.0,0.0,57849.083333
1676448,IT,FR,RETA1,MEAT1,0.04,3470.811,3,3,3470.811,0.0,0.0,0.0,0.0,86770.275
1773996,IT,CH,RETAI,OILSE,0.03,3470.339,3,3,3470.339,0.0,0.0,0.0,0.0,115677.966667
1667988,IT,ES,TRANS,TRAN2,0.02,3470.077,3,3,3470.077,0.0,0.0,0.0,0.0,173503.85
1809911,IT,WM,BEVER,COLLE,0.01,3469.906,3,3,3469.906,0.0,0.0,0.0,0.0,346990.6
1769607,IT,AU,FABRI,LIGNI,0.01,3469.767,3,3,3469.767,0.0,0.0,0.0,0.0,346976.7
1728051,IT,SE,MEATC,DIST1,0.01,3469.726,3,3,3469.726,0.0,0.0,0.0,0.0,346972.6
1680773,IT,GR,RETA1,93197,0.04,3469.523,3,3,3469.523,0.0,0.0,0.0,0.0,86738.075
1754814,IT,KR,FOOD5,DISTR,0.02,3469.423,3,3,3469.423,0.0,0.0,0.0,0.0,173471.15
1781439,IT,NO,FOOD5,EDUCA,0.02,3469.287,3,3,3469.287,0.0,0.0,0.0,0.0,173464.35
1676108,IT,FR,ELEC8,MOTO1,0.05,3469.217,3,3,3469.217,0.0,0.0,0.0,0.0,69384.34
1756593,IT,KR,RAILW,WEARI,0.02,3469.182,3,3,3469.182,0.0,0.0,0.0,0.0,173459.1
1741392,IT,US,PRINT,AUXIL,0.03,3469.099,3,3,3469.099,0.0,0.0,0.0,0.0,115636.633333
1727687,IT,RO,RENTI,WOOD2,0.02,3469.07,3,3,3469.07,0.0,0.0,0.0,0.0,173453.5
1660308,IT,DE,POSTT,OILHA,0.06,3468.966,3,3,3468.966,0.0,0.0,0.0,0.0,57816.1
1710358,IT,LT,HOTEL,WHEAT,0.03,3468.798,3,3,3468.798,0.0,0.0,0.0,0.0,115626.6
1734862,IT,SK,PAPER,NONME,0.01,3468.752,3,3,3468.752,0.0,0.0,0.0,0.0,346875.2
1660991,IT,DE,BUSIN,ELE12,0.04,3468.475,3,3,3468.475,0.0,0.0,0.0,0.0,86711.875
1770328,IT,AU,HOTEL,FOOD3,0.03,3468.362,3,3,3468.362,0.0,0.0,0.0,0.0,115612.066667
1684012,IT,HR,RETA1,BUSIN,0.04,3468.233,3,3,3468.233,0.0,0.0,0.0,0.0,86705.825
1786247,IT,ZA,FABRI,CROPS,0.01,3468.218,3,3,3468.218,0.0,0.0,0.0,0.0,346821.8
1646620,IT,BE,MOTO1,INTER,0.02,3468.084,3,3,3468.084,0.0,0.0,0.0,0.0,173404.2
1650231,IT,BG,FURNI,CHEM1,0.01,3467.837,3,3,3467.837,0.0,0.0,0.0,0.0,346783.7
1758943,IT,BR,RAILW,NONME,0.02,3467.555,3,3,3467.555,0.0,0.0,0.0,0.0,173377.75
1781167,IT,TW,INERT,BASIC,0.03,3467.54,3,3,3467.54,0.0,0.0,0.0,0.0,115584.666667
1647629,IT,BE,POSTT,PUBLI,0.06,3467.536,3,3,3467.536,0.0,0.0,0.0,0.0,57792.266667
1745222,IT,JP,FORES,ELEC2,0.03,3467.528,4,4,3466.528,0.0,1.0,0.0,0.0,115584.266667
1775698,IT,TR,CROPS,PLAST,0.03,3467.389,3,3,3467.389,0.0,0.0,0.0,0.0,115579.633333
1787135,IT,ZA,BUSIN,MEMBE,0.04,3467.3,3,3,3467.3,0.0,0.0,0.0,0.0,86682.5
1747226,IT,JP,SALEM,ELECT,0.03,3467.2,3,3,3467.2,0.0,0.0,0.0,0.0,115573.333333
1797448,IT,WL,RESEA,VEGET,0.02,3467.025,3,3,3467.025,0.0,0.0,0.0,0.0,173351.25
1785381,IT,ZA,PAPER,PRECI,0.01,3466.874,3,3,3466.874,0.0,0.0,0.0,0.0,346687.4
1712346,IT,LV,RUBBE,TRAN2,0.01,3466.759,3,3,3466.759,0.0,0.0,0.0,0.0,346675.9
1769838,IT,AU,MACHI,WOOD2,0.02,3466.741,3,3,3466.741,0.0,0.0,0.0,0.0,173337.05
1799399,IT,WE,PULP5,PRIVA,0.01,3466.663,3,3,3466.663,0.0,0.0,0.0,0.0,346666.3
1771440,IT,CH,BEVER,RAWMI,0.01,3466.574,3,3,3466.574,0.0,0.0,0.0,0.0,346657.4
1653855,IT,CZ,FABRI,HEAVY,0.01,3466.447,3,3,3466.447,0.0,0.0,0.0,0.0,346644.7
1779519,IT,TR,RENTI,BUSIN,0.02,3466.137,3,3,3466.137,0.0,0.0,0.0,0.0,173306.85
1734668,IT,SK,WEARI,RETA1,0.03,3465.823,3,3,3465.823,0.0,0.0,0.0,0.0,115527.433333
1745229,IT,JP,STONE,PADDY,0.01,3465.773,3,3,3465.773,0.0,0.0,0.0,0.0,346577.3
1766744,IT,RU,MACHI,LEADZ,0.02,3465.631,3,3,3465.631,0.0,0.0,0.0,0.0,173281.55
1747862,IT,JP,RENTI,BRICK,0.02,3465.223,3,3,3465.223,0.0,0.0,0.0,0.0,173261.15
1718216,IT,PL,PROCE,MEAT4,0.02,3465.061,3,3,3465.061,0.0,0.0,0.0,0.0,173253.05
1803688,IT,WF,BEVER,FURNI,0.01,3465.038,3,3,3465.038,0.0,0.0,0.0,0.0,346503.8
1721208,IT,PL,LANDT,SANDC,0.02,3464.847,3,3,3464.847,0.0,0.0,0.0,0.0,173242.35
1671784,IT,FI,WHOLE,FISHF,0.03,3464.773,3,3,3464.773,0.0,0.0,0.0,0.0,115492.433333
1782657,IT,NO,SALEM,MEMBE,0.03,3464.651,3,3,3464.651,0.0,0.0,0.0,0.0,115488.366667
1729070,IT,SE,RUBBE,ELEC4,0.01,3464.498,3,3,3464.498,0.0,0.0,0.0,0.0,346449.8
1754207,IT,CA,POSTT,FORES,0.06,3464.47,3,3,3464.47,0.0,0.0,0.0,0.0,57741.166667
1655251,IT,CZ,93197,HOTEL,0.02,3464.468,3,3,3464.468,0.0,0.0,0.0,0.0,173223.4
1729825,IT,SE,OFFIC,TRANS,0.01,3464.223,3,3,3464.223,0.0,0.0,0.0,0.0,346422.3
1751827,IT,CN,RENTI,LEATH,0.02,3464.131,3,3,3464.131,0.0,0.0,0.0,0.0,173206.55
1800515,IT,WE,RUBBE,BIODI,0.01,3463.877,3,3,3463.877,0.0,0.0,0.0,0.0,346387.7
1664534,IT,EE,FURNI,SALEM,0.01,3463.805,3,3,3463.805,0.0,0.0,0.0,0.0,346380.5
1647943,IT,BE,RENTI,CHEMI,0.02,3463.499,3,3,3463.499,0.0,0.0,0.0,0.0,173174.95
1724222,IT,PT,RAILW,KEROS,0.02,3463.434,3,3,3463.434,0.0,0.0,0.0,0.0,173171.7
1786596,IT,ZA,CONST,RECRE,0.02,3463.236,3,3,3463.236,0.0,0.0,0.0,0.0,173161.8
1743415,IT,US,SALEM,WASTE,0.03,3463.207,3,3,3463.207,0.0,0.0,0.0,0.0,115440.233333
1682498,IT,HR,PRINT,DISTR,0.03,3462.948,3,3,3462.948,0.0,0.0,0.0,0.0,115431.6
1759896,IT,BR,PAPE1,CONST,0.02,3462.708,3,3,3462.708,0.0,0.0,0.0,0.0,173135.4
1645778,IT,BE,RUBBE,ELEC3,0.01,3462.592,3,3,3462.592,0.0,0.0,0.0,0.0,346259.2
1684731,IT,HU,VEGET,MOTO1,0.01,3462.591,3,3,3462.591,0.0,0.0,0.0,0.0,346259.1
1751327,IT,CN,LANDT,NONF1,0.02,3462.582,3,3,3462.582,0.0,0.0,0.0,0.0,173129.1
1779547,IT,TR,COMPU,SUGA1,0.04,3462.555,3,3,3462.555,0.0,0.0,0.0,0.0,86563.875
1688086,IT,HU,COMPU,MEMBE,0.04,3462.53,3,3,3462.53,0.0,0.0,0.0,0.0,86563.25
1644853,IT,BE,WEARI,RUBBE,0.03,3462.403,3,3,3462.403,0.0,0.0,0.0,0.0,115413.433333
1776375,IT,TR,PRINT,PFERT,0.03,3462.232,3,3,3462.232,0.0,0.0,0.0,0.0,115407.733333
1768624,IT,AU,FISH5,PLAST,0.01,3462.147,4,4,3462.145,0.0,0.0,0.0,0.002,346214.7
1682190,IT,HR,WEARI,WOODW,0.03,3462.137,3,3,3462.137,0.0,0.0,0.0,0.0,115404.566667
1763036,IT,MX,TEXTI,SUGA1,0.02,3462.015,3,3,3462.015,0.0,0.0,0.0,0.0,173100.75
1735817,IT,SK,MACHI,SECO9,0.02,3461.812,3,3,3461.812,0.0,0.0,0.0,0.0,173090.6
1668033,IT,ES,FURNI,COPP1,0.01,3461.798,3,3,3461.798,0.0,0.0,0.0,0.0,346179.8
1656243,IT,DE,WEARI,FISH5,0.03,3461.744,3,3,3461.744,0.0,0.0,0.0,0.0,115391.466667
1650226,IT,BG,FURNI,LEATH,0.01,3461.67,3,3,3461.67,0.0,0.0,0.0,0.0,346167.0
1724757,IT,PT,RENTI,DAIRY,0.02,3461.667,3,3,3461.667,0.0,0.0,0.0,0.0,173083.35
1740968,IT,US,BEVER,PIGS9,0.01,3461.579,3,3,3461.579,0.0,0.0,0.0,0.0,346157.9
1667758,IT,ES,OFFIC,MEAT4,0.01,3461.574,3,3,3461.574,0.0,0.0,0.0,0.0,346157.4
1729873,IT,SE,TRANS,TEXTI,0.02,3461.57,3,3,3461.57,0.0,0.0,0.0,0.0,173078.5
1803683,IT,WF,BEVER,PRINT,0.01,3461.566,3,3,3461.566,0.0,0.0,0.0,0.0,346156.6
1740539,IT,GB,93197,RESEA,0.02,3461.515,3,3,3461.515,0.0,0.0,0.0,0.0,173075.75
1750666,IT,CN,MOTO1,NAPHT,0.02,3461.384,3,3,3461.384,0.0,0.0,0.0,0.0,173069.2
1668401,IT,ES,RETA1,BRICK,0.04,3461.245,3,3,3461.245,0.0,0.0,0.0,0.0,86531.125
1782422,IT,NO,MACHI,MEATA,0.02,3461.188,3,3,3461.188,0.0,0.0,0.0,0.0,173059.4
1671535,IT,FI,MACHI,WOOD1,0.02,3460.917,3,3,3460.917,0.0,0.0,0.0,0.0,173045.85
1809905,IT,WM,BEVER,FABRI,0.01,3460.874,3,3,3460.874,0.0,0.0,0.0,0.0,346087.4
1771145,IT,CH,MEATC,MEMBE,0.01,3460.465,3,3,3460.465,0.0,0.0,0.0,0.0,346046.5
1727803,IT,RO,BUSIN,GLASS,0.04,3460.293,3,3,3460.293,0.0,0.0,0.0,0.0,86507.325
1803418,IT,WF,MEATC,SUGA1,0.01,3460.266,3,3,3460.266,0.0,0.0,0.0,0.0,346026.6
1748031,IT,JP,BUSIN,LUBRI,0.04,3460.062,3,3,3460.062,0.0,0.0,0.0,0.0,86501.55
1642806,IT,AT,OFFIC,PLAST,0.01,3460.054,3,3,3460.054,0.0,0.0,0.0,0.0,346005.4
1783314,IT,NO,PAPE1,NONME,0.02,3460.041,3,3,3460.041,0.0,0.0,0.0,0.0,173002.05
1647863,IT,BE,AUXIL,SEWAG,0.06,3460.025,3,3,3460.025,0.0,0.0,0.0,0.0,57667.083333
1656499,IT,DE,PAPER,NFERT,0.01,3459.817,3,3,3459.817,0.0,0.0,0.0,0.0,345981.7
1690498,IT,IE,PLAS2,WHOLE,0.03,3459.658,3,3,3459.658,0.0,0.0,0.0,0.0,115321.933333
1651044,IT,BG,POSTT,BUSIN,0.06,3459.539,3,3,3459.539,0.0,0.0,0.0,0.0,57658.983333
1747082,IT,JP,FURNI,ELEC1,0.01,3459.445,3,3,3459.445,0.0,0.0,0.0,0.0,345944.5
1808630,IT,WF,PLAS2,RESEA,0.03,3459.423,3,3,3459.423,0.0,0.0,0.0,0.0,115314.1
1813253,IT,WM,TRANS,ETHAN,0.02,3459.364,3,3,3459.364,0.0,0.0,0.0,0.0,172968.2
1721746,IT,PL,INSUR,FABRI,0.07,3459.294,3,3,3459.294,0.0,0.0,0.0,0.0,49418.485714
1781623,IT,NO,WEARI,OILHA,0.03,3459.266,3,3,3459.266,0.0,0.0,0.0,0.0,115308.866667
1670145,IT,ES,INERT,PAPE2,0.03,3459.244,3,3,3459.244,0.0,0.0,0.0,0.0,115308.133333
1718570,IT,PL,WEARI,RENTI,0.03,3459.161,3,3,3459.161,0.0,0.0,0.0,0.0,115305.366667
1801474,IT,WE,MOTO1,BITU1,0.02,3459.058,3,3,3459.058,0.0,0.0,0.0,0.0,172952.9
1747642,IT,JP,SUPPO,RETA1,0.02,3458.918,3,3,3458.918,0.0,0.0,0.0,0.0,172945.9
1740476,IT,GB,PAPE4,WHOLE,0.02,3458.894,3,3,3458.894,0.0,0.0,0.0,0.0,172944.7
1728652,IT,SE,PRINT,ELECT,0.03,3458.73,3,3,3458.73,0.0,0.0,0.0,0.0,115291.0
1664768,IT,ES,PADDY,BUSIN,0.04,3458.725,3,3,3458.725,0.0,0.0,0.0,0.0,86468.125
1810272,IT,WM,LEATH,ELEC1,0.02,3458.716,3,3,3458.716,0.0,0.0,0.0,0.0,172935.8
1662798,IT,DK,FURNI,LEATH,0.01,3458.472,3,3,3458.472,0.0,0.0,0.0,0.0,345847.2
1709296,IT,LT,VEGET,SUGA1,0.01,3458.419,3,3,3458.419,0.0,0.0,0.0,0.0,345841.9
1642994,IT,AT,CONST,DAIRY,0.02,3458.242,3,3,3458.242,0.0,0.0,0.0,0.0,172912.1
1718125,IT,PL,VEGE1,WEARI,0.01,3457.808,3,3,3457.808,0.0,0.0,0.0,0.0,345780.8
1741120,IT,US,WEARI,ELEC5,0.03,3457.738,3,3,3457.738,0.0,0.0,0.0,0.0,115257.933333
1684665,IT,HR,INERT,HEALT,0.03,3457.716,3,3,3457.716,0.0,0.0,0.0,0.0,115257.2
1678443,IT,FR,WOOD2,FOOD2,0.02,3457.502,3,3,3457.502,0.0,0.0,0.0,0.0,172875.1
1797046,IT,WL,SUPPO,BIODI,0.02,3457.328,3,3,3457.328,0.0,0.0,0.0,0.0,172866.4
1797204,IT,WL,FINAN,BEVER,0.05,3457.155,3,3,3457.155,0.0,0.0,0.0,0.0,69143.1
1678691,IT,GR,VEGE1,FABRI,0.01,3457.107,3,3,3457.107,0.0,0.0,0.0,0.0,345710.7
1797226,IT,WL,FINAN,FURNI,0.05,3457.09,3,3,3457.09,0.0,0.0,0.0,0.0,69141.8
1644787,IT,BE,TOBAC,GASDI,0.01,3456.74,3,3,3456.74,0.0,0.0,0.0,0.0,345674.0
1765253,IT,RU,MEAT4,LEATH,0.02,3456.644,3,3,3456.644,0.0,0.0,0.0,0.0,172832.2
1733439,IT,SI,CONST,FISH5,0.02,3456.6,3,3,3456.6,0.0,0.0,0.0,0.0,172830.0
1752463,IT,CA,DAIRY,DIST1,0.01,3456.562,3,3,3456.562,0.0,0.0,0.0,0.0,345656.2
1683828,IT,HR,MOTO1,FOOD5,0.02,3456.555,3,3,3456.555,0.0,0.0,0.0,0.0,172827.75
1770366,IT,AU,LANDT,DAIRY,0.02,3456.152,3,3,3456.152,0.0,0.0,0.0,0.0,172807.6
1655115,IT,CZ,BUSIN,RAWMI,0.04,3456.011,3,3,3456.011,0.0,0.0,0.0,0.0,86400.275
1684308,IT,HR,SUPPO,VEGET,0.02,3455.964,3,3,3455.964,0.0,0.0,0.0,0.0,172798.2
1660761,IT,DE,RENTI,INERT,0.02,3455.519,3,3,3455.519,0.0,0.0,0.0,0.0,172775.95
1684532,IT,HR,BUSIN,PAPER,0.04,3455.498,3,3,3455.498,0.0,0.0,0.0,0.0,86387.45
1659665,IT,DE,HOTEL,TEXT1,0.03,3455.491,3,3,3455.491,0.0,0.0,0.0,0.0,115183.033333
1760125,IT,BR,FOOD2,PUBLI,0.02,3455.467,3,3,3455.467,0.0,0.0,0.0,0.0,172773.35
1754305,IT,CA,INSUR,NATUR,0.07,3455.245,3,3,3455.245,0.0,0.0,0.0,0.0,49360.642857
1814352,IT,WM,FINAN,SEACO,0.04,3454.885,3,3,3454.885,0.0,0.0,0.0,0.0,86372.125
1764347,IT,MX,OFFIC,HEALT,0.01,3454.802,3,3,3454.802,0.0,0.0,0.0,0.0,345480.2
1779748,IT,TR,BUSIN,BRICK,0.04,3454.64,3,3,3454.64,0.0,0.0,0.0,0.0,86366.0
1797366,IT,WL,RENTI,TEXTI,0.02,3454.537,3,3,3454.537,0.0,0.0,0.0,0.0,172726.85
1788097,IT,WA,WEARI,SUGAR,0.03,3454.506,3,3,3454.506,0.0,0.0,0.0,0.0,115150.2
1684706,IT,HU,VEGET,PIGS9,0.01,3454.265,3,3,3454.265,0.0,0.0,0.0,0.0,345426.5
1736025,IT,SK,TRANS,HEALT,0.02,3454.096,3,3,3454.096,0.0,0.0,0.0,0.0,172704.8
1678425,IT,FR,INERT,TEXT1,0.03,3454.044,3,3,3454.044,0.0,0.0,0.0,0.0,115134.8
1718574,IT,PL,WEARI,EDUCA,0.03,3453.791,3,3,3453.791,0.0,0.0,0.0,0.0,115126.366667
1646389,IT,BE,FABRI,RETAI,0.01,3453.784,3,3,3453.784,0.0,0.0,0.0,0.0,345378.4
1740031,IT,GB,RENTI,WOODW,0.02,3453.673,3,3,3453.673,0.0,0.0,0.0,0.0,172683.65
1791599,IT,WA,HOTEL,PLANT,0.03,3453.65,3,3,3453.65,0.0,0.0,0.0,0.0,115121.666667
1793363,IT,WL,VEGET,FISH5,0.01,3453.562,3,3,3453.562,0.0,0.0,0.0,0.0,345356.2
1672174,IT,FI,AUXIL,FOOD5,0.06,3453.545,3,3,3453.545,0.0,0.0,0.0,0.0,57559.083333
1737439,IT,GB,WEARI,MEMBE,0.03,3452.971,3,3,3452.971,0.0,0.0,0.0,0.0,115099.033333
1662984,IT,DK,HOTEL,MEAT4,0.03,3452.853,3,3,3452.853,0.0,0.0,0.0,0.0,115095.1
1744162,IT,US,SUPPO,INTER,0.02,3452.782,3,3,3452.782,0.0,0.0,0.0,0.0,172639.1
1787815,IT,WA,PROCE,RETA1,0.02,3452.708,3,3,3452.708,0.0,0.0,0.0,0.0,172635.4
1737449,IT,GB,LEATH,PAPER,0.02,3452.698,3,3,3452.698,0.0,0.0,0.0,0.0,172634.9
1652568,IT,CZ,LEATH,GLASS,0.02,3452.68,3,3,3452.68,0.0,0.0,0.0,0.0,172634.0
1736639,IT,SK,FINAN,RAILW,0.04,3452.673,3,3,3452.673,0.0,0.0,0.0,0.0,86316.825
1651035,IT,BG,POSTT,LANDT,0.06,3452.572,3,3,3452.572,0.0,0.0,0.0,0.0,57542.866667
1643012,IT,AT,CONST,PREC1,0.02,3452.441,3,3,3452.441,0.0,0.0,0.0,0.0,172622.05
1743409,IT,US,SALEM,INTER,0.03,3452.356,3,3,3452.356,0.0,0.0,0.0,0.0,115078.533333
1716440,IT,NL,OFFIC,CATTL,0.01,3452.352,3,3,3452.352,0.0,0.0,0.0,0.0,345235.2
1753890,IT,CA,RAILW,NATUR,0.02,3452.289,3,3,3452.289,0.0,0.0,0.0,0.0,172614.45
1731501,IT,SI,FISH5,POULT,0.01,3452.251,4,4,3452.249,0.0,0.0,0.0,0.002,345225.1
1676446,IT,FR,RETA1,MEATC,0.04,3451.925,3,3,3451.925,0.0,0.0,0.0,0.0,86298.125
1720702,IT,PL,MOTO1,PLAS2,0.02,3451.788,3,3,3451.788,0.0,0.0,0.0,0.0,172589.4
1758679,IT,BR,CONST,CATTL,0.02,3451.658,3,3,3451.658,0.0,0.0,0.0,0.0,172582.9
1792160,IT,WA,SUPPO,LIQUE,0.02,3451.642,3,3,3451.642,0.0,0.0,0.0,0.0,172582.1
1721664,IT,PL,FINAN,MEATP,0.04,3451.621,3,3,3451.621,0.0,0.0,0.0,0.0,86290.525
1781164,IT,TW,PLAS2,BASIC,0.03,3451.099,3,3,3451.099,0.0,0.0,0.0,0.0,115036.633333
1771361,IT,CH,PROCE,FINAN,0.02,3450.596,3,3,3450.596,0.0,0.0,0.0,0.0,172529.8
1689830,IT,IE,INSUR,COLLE,0.07,3450.43,3,3,3450.43,0.0,0.0,0.0,0.0,49291.857143
1808772,IT,WF,WOOD2,VEGE1,0.02,3450.3,3,3,3450.3,0.0,0.0,0.0,0.0,172515.0
1734926,IT,SK,PRINT,RECRE,0.03,3450.145,3,3,3450.145,0.0,0.0,0.0,0.0,115004.833333
1782576,IT,NO,TRANS,SALEM,0.02,3450.029,3,3,3450.029,0.0,0.0,0.0,0.0,172501.45
1796764,IT,WL,LANDT,FOUND,0.02,3449.93,3,3,3449.93,0.0,0.0,0.0,0.0,172496.5
1781120,IT,TW,FOODW,BASIC,0.03,3449.93,3,3,3449.93,0.0,0.0,0.0,0.0,114997.666667
1678482,IT,FR,RECRE,AIRTR,0.04,3449.868,3,3,3449.868,0.0,0.0,0.0,0.0,86246.7
1665126,IT,ES,DAIRY,MEAT4,0.01,3449.74,3,3,3449.74,0.0,0.0,0.0,0.0,344974.0
1644740,IT,BE,BEVER,FOOD4,0.01,3449.536,3,3,3449.536,0.0,0.0,0.0,0.0,344953.6
1808599,IT,WF,PLAS2,RAWMI,0.03,3449.31,3,3,3449.31,0.0,0.0,0.0,0.0,114977.0
1760077,IT,BR,OILHA,AIRTR,0.02,3449.3,3,3,3449.3,0.0,0.0,0.0,0.0,172465.0
1775188,IT,CH,RESEA,COPP1,0.02,3449.283,3,3,3449.283,0.0,0.0,0.0,0.0,172464.15
1730893,IT,SE,PAPE1,BUSIN,0.02,3449.274,3,3,3449.274,0.0,0.0,0.0,0.0,172463.7
1711808,IT,LU,PUBLI,BUSIN,0.06,3449.162,3,3,3449.162,0.0,0.0,0.0,0.0,57486.033333
1727699,IT,RO,COMPU,PRINT,0.04,3449.057,3,3,3449.057,0.0,0.0,0.0,0.0,86226.425
1644248,IT,BE,CROPS,MEAT1,0.03,3448.978,3,3,3448.978,0.0,0.0,0.0,0.0,114965.933333
1753706,IT,CA,TRANS,HYDRO,0.02,3448.966,3,3,3448.966,0.0,0.0,0.0,0.0,172448.3
1786711,IT,ZA,RETA1,PULP5,0.04,3448.911,3,3,3448.911,0.0,0.0,0.0,0.0,86222.775
1640359,IT,AT,MEATC,LANDT,0.01,3448.605,3,3,3448.605,0.0,0.0,0.0,0.0,344860.5
1679139,IT,GR,PAPER,TRAN1,0.01,3448.378,3,3,3448.378,0.0,0.0,0.0,0.0,344837.8
1725468,IT,RO,WEARI,BRICK,0.03,3448.327,3,3,3448.327,0.0,0.0,0.0,0.0,114944.233333
1774385,IT,CH,HOTEL,PLAS1,0.02,3448.268,3,3,3448.268,0.0,0.0,0.0,0.0,172413.4
1716451,IT,NL,OFFIC,SUGA1,0.01,3447.879,3,3,3447.879,0.0,0.0,0.0,0.0,344787.9
1716714,IT,NL,WHOLE,PAPE1,0.03,3447.741,3,3,3447.741,0.0,0.0,0.0,0.0,114924.7
1669227,IT,ES,POSTT,PLAS1,0.06,3447.585,3,3,3447.585,0.0,0.0,0.0,0.0,57459.75
1758517,IT,BR,MACHI,SECO9,0.02,3447.37,3,3,3447.37,0.0,0.0,0.0,0.0,172368.5
1664107,IT,EE,RUBBE,RAWMI,0.01,3447.181,3,3,3447.181,0.0,0.0,0.0,0.0,344718.1
1718821,IT,PL,PAPER,ELECT,0.01,3447.119,3,3,3447.119,0.0,0.0,0.0,0.0,344711.9
1799021,IT,WE,TEXTI,REFIN,0.02,3446.93,3,3,3446.93,0.0,0.0,0.0,0.0,172346.5
1721983,IT,PL,COMPU,ELECT,0.04,3446.868,3,3,3446.868,0.0,0.0,0.0,0.0,86171.7
1673715,IT,FR,PAPER,LUBRI,0.01,3446.835,3,3,3446.835,0.0,0.0,0.0,0.0,344683.5
1670033,IT,ES,FOOD1,LEAD1,0.02,3446.447,3,3,3446.447,0.0,0.0,0.0,0.0,172322.35
1716370,IT,NL,MACHI,FISHF,0.02,3446.343,3,3,3446.343,0.0,0.0,0.0,0.0,172317.15
1749352,IT,CN,PRINT,TRAN1,0.03,3446.215,3,3,3446.215,0.0,0.0,0.0,0.0,114873.833333
1783524,IT,NO,OILHA,SUPPO,0.02,3446.088,3,3,3446.088,0.0,0.0,0.0,0.0,172304.4
1681657,IT,HR,VEGET,PULP5,0.01,3445.796,3,3,3445.796,0.0,0.0,0.0,0.0,344579.6
1746919,IT,JP,MOTO1,REFI1,0.02,3445.641,3,3,3445.641,0.0,0.0,0.0,0.0,172282.05
1757451,IT,BR,PAPER,REFI1,0.01,3445.455,3,3,3445.455,0.0,0.0,0.0,0.0,344545.5
1760566,IT,IN,LEATH,COLLE,0.02,3445.349,3,3,3445.349,0.0,0.0,0.0,0.0,172267.45
1727778,IT,RO,BUSIN,DAIRY,0.04,3445.264,3,3,3445.264,0.0,0.0,0.0,0.0,86131.6
1746675,IT,JP,FABRI,FORES,0.01,3445.242,3,3,3445.242,0.0,0.0,0.0,0.0,344524.2
1806363,IT,WF,MOTO1,MEAT1,0.02,3445.06,3,3,3445.06,0.0,0.0,0.0,0.0,172253.0
1678266,IT,FR,FOOD2,CHEM1,0.02,3445.028,3,3,3445.028,0.0,0.0,0.0,0.0,172251.4
1669840,IT,ES,BUSIN,PLAS1,0.04,3444.793,3,3,3444.793,0.0,0.0,0.0,0.0,86119.825
1787461,IT,WA,STONE,FURNI,0.01,3444.703,3,3,3444.703,0.0,0.0,0.0,0.0,344470.3
1795870,IT,WL,OFFIC,CHARC,0.01,3444.383,3,3,3444.383,0.0,0.0,0.0,0.0,344438.3
1640848,IT,AT,LEATH,FORES,0.02,3444.305,3,3,3444.305,0.0,0.0,0.0,0.0,172215.25
1687055,IT,HU,MOTO1,MOTOR,0.02,3444.304,3,3,3444.304,0.0,0.0,0.0,0.0,172215.2
1804201,IT,WF,PRINT,PAPER,0.03,3444.271,3,3,3444.271,0.0,0.0,0.0,0.0,114809.033333
1771029,IT,CH,MEATA,RECRE,0.02,3444.131,3,3,3444.131,0.0,0.0,0.0,0.0,172206.55
1765204,IT,MX,BUSIN,RESEA,0.04,3444.053,3,3,3444.053,0.0,0.0,0.0,0.0,86101.325
1717339,IT,NL,FINAN,FABRI,0.04,3443.805,3,3,3443.805,0.0,0.0,0.0,0.0,86095.125
1769220,IT,AU,RUBBE,PIGS9,0.01,3443.672,3,3,3443.672,0.0,0.0,0.0,0.0,344367.2
1718977,IT,PL,PRINT,PAPE4,0.03,3442.929,3,3,3442.929,0.0,0.0,0.0,0.0,114764.3
1678770,IT,GR,FOOD5,FISHF,0.02,3442.468,3,3,3442.468,0.0,0.0,0.0,0.0,172123.4
1663771,IT,EE,BEVER,FISHF,0.01,3442.392,3,3,3442.392,0.0,0.0,0.0,0.0,344239.2
1762494,IT,IN,INSUR,NATUR,0.07,3442.383,3,3,3442.383,0.0,0.0,0.0,0.0,49176.9
1749819,IT,CN,RUBBE,TOBAC,0.01,3442.242,3,3,3442.242,0.0,0.0,0.0,0.0,344224.2
1714900,IT,NL,BEVER,ADDIT,0.01,3442.24,3,3,3442.24,0.0,0.0,0.0,0.0,344224.0
1741366,IT,US,PRINT,MEDIC,0.03,3441.881,3,3,3441.881,0.0,0.0,0.0,0.0,114729.366667
1659314,IT,DE,RETAI,MOTOR,0.03,3441.66,3,3,3441.66,0.0,0.0,0.0,0.0,114722.0
1774058,IT,CH,WHOLE,OILSE,0.03,3441.633,3,3,3441.633,0.0,0.0,0.0,0.0,114721.1
1679168,IT,GR,PRINT,MEAT4,0.03,3441.512,3,3,3441.512,0.0,0.0,0.0,0.0,114717.066667
1680222,IT,GR,TRANS,BRICK,0.02,3441.28,3,3,3441.28,0.0,0.0,0.0,0.0,172064.0
1677657,IT,FR,REALE,INERT,0.15,3441.136,3,3,3441.136,0.0,0.0,0.0,0.0,22940.906667
1814373,IT,WM,AUXIL,NATUR,0.06,3440.954,3,3,3440.954,0.0,0.0,0.0,0.0,57349.233333
1798867,IT,WE,BEVER,VEGE1,0.01,3440.944,3,3,3440.944,0.0,0.0,0.0,0.0,344094.4
1767947,IT,RU,COMPU,PAPER,0.04,3440.914,3,3,3440.914,0.0,0.0,0.0,0.0,86022.85
1671380,IT,FI,FABRI,CATTL,0.01,3440.902,3,3,3440.902,0.0,0.0,0.0,0.0,344090.2
1671779,IT,FI,WHOLE,CATTL,0.03,3440.767,3,3,3440.767,0.0,0.0,0.0,0.0,114692.233333
1659610,IT,DE,HOTEL,PREC1,0.02,3440.638,3,3,3440.638,0.0,0.0,0.0,0.0,172031.9
1648569,IT,BG,STONE,MEAT1,0.01,3440.397,3,3,3440.397,0.0,0.0,0.0,0.0,344039.7
1779325,IT,TR,INSUR,CERAM,0.07,3440.279,3,3,3440.279,0.0,0.0,0.0,0.0,49146.842857
1785290,IT,ZA,WEARI,AIRTR,0.03,3440.091,3,3,3440.091,0.0,0.0,0.0,0.0,114669.7
1767135,IT,RU,CONST,MOTO1,0.02,3439.982,3,3,3439.982,0.0,0.0,0.0,0.0,171999.1
1679163,IT,GR,PAPER,EDUCA,0.01,3439.916,3,3,3439.916,0.0,0.0,0.0,0.0,343991.6
1715119,IT,NL,LEATH,CROPS,0.02,3439.577,3,3,3439.577,0.0,0.0,0.0,0.0,171978.85
1682118,IT,HR,TEXTI,NAPHT,0.02,3439.246,3,3,3439.246,0.0,0.0,0.0,0.0,171962.3
1768923,IT,AU,PULP5,PAPER,0.01,3439.187,3,3,3439.187,0.0,0.0,0.0,0.0,343918.7
1801868,IT,WE,CONST,FISH5,0.02,3439.161,3,3,3439.161,0.0,0.0,0.0,0.0,171958.05
1757487,IT,BR,PAPER,TRAN2,0.01,3438.996,3,3,3438.996,0.0,0.0,0.0,0.0,343899.6
1796365,IT,WL,WHOLE,NATU1,0.03,3438.655,3,3,3438.655,0.0,0.0,0.0,0.0,114621.833333
1720997,IT,PL,RETA1,AUXIL,0.04,3438.544,3,3,3438.544,0.0,0.0,0.0,0.0,85963.6
1647723,IT,BE,INSUR,COPP1,0.07,3438.518,3,3,3438.518,0.0,0.0,0.0,0.0,49121.685714
1777929,IT,TR,MACHI,LUBRI,0.02,3438.358,3,3,3438.358,0.0,0.0,0.0,0.0,171917.9
1738082,IT,GB,RUBBE,RETAI,0.01,3438.013,3,3,3438.013,0.0,0.0,0.0,0.0,343801.3
1795867,IT,WL,OFFIC,HEAVY,0.01,3437.998,3,3,3437.998,0.0,0.0,0.0,0.0,343799.8
1797835,IT,WL,FOOD2,FABRI,0.02,3437.869,3,3,3437.869,0.0,0.0,0.0,0.0,171893.45
1643780,IT,AT,POSTT,CONST,0.06,3437.762,3,3,3437.762,0.0,0.0,0.0,0.0,57296.033333
1710408,IT,LT,RAILW,KEROS,0.02,3437.737,3,3,3437.737,0.0,0.0,0.0,0.0,171886.85
1646491,IT,BE,MACHI,ELEC2,0.02,3437.666,3,3,3437.666,0.0,0.0,0.0,0.0,171883.3
1736797,IT,SK,COMPU,ELEC4,0.04,3437.562,3,3,3437.562,0.0,0.0,0.0,0.0,85939.05
1808466,IT,WF,FOOD4,CEMEN,0.02,3437.487,3,3,3437.487,0.0,0.0,0.0,0.0,171874.35
1779937,IT,TW,CONST,FOUND,0.02,3437.421,3,3,3437.421,0.0,0.0,0.0,0.0,171871.05
1796415,IT,WL,WHOLE,ELECT,0.03,3437.308,3,3,3437.308,0.0,0.0,0.0,0.0,114576.933333
1718484,IT,PL,TEXTI,BRICK,0.02,3437.301,3,3,3437.301,0.0,0.0,0.0,0.0,171865.05
1680616,IT,GR,SALEM,FOOD5,0.03,3437.275,3,3,3437.275,0.0,0.0,0.0,0.0,114575.833333
1799236,IT,WE,LEATH,TEXTI,0.02,3437.157,3,3,3437.157,0.0,0.0,0.0,0.0,171857.85
1646915,IT,BE,WHOLE,FOUND,0.03,3437.005,3,3,3437.005,0.0,0.0,0.0,0.0,114566.833333
1655083,IT,CZ,COMPU,RETAI,0.04,3436.897,3,3,3436.897,0.0,0.0,0.0,0.0,85922.425
1642612,IT,AT,FABRI,COALT,0.01,3436.673,3,3,3436.673,0.0,0.0,0.0,0.0,343667.3
1760157,IT,BR,WASTE,BASIC,0.01,3436.58,3,3,3436.58,0.0,0.0,0.0,0.0,343658.0
1659549,IT,DE,RETA1,OILHA,0.04,3436.476,3,3,3436.476,0.0,0.0,0.0,0.0,85911.9
1640635,IT,AT,BEVER,ELECT,0.01,3436.413,3,3,3436.413,0.0,0.0,0.0,0.0,343641.3
1727213,IT,RO,SUPPO,MEATC,0.02,3435.924,3,3,3435.924,0.0,0.0,0.0,0.0,171796.2
1753106,IT,CA,RUBBE,NAPHT,0.01,3435.885,3,3,3435.885,0.0,0.0,0.0,0.0,343588.5
1643306,IT,AT,RAILW,MEATP,0.02,3435.852,3,3,3435.852,0.0,0.0,0.0,0.0,171792.6
1653859,IT,CZ,FABRI,NONSP,0.01,3435.84,3,3,3435.84,0.0,0.0,0.0,0.0,343584.0
1770375,IT,AU,LANDT,MOTOR,0.02,3435.797,3,3,3435.797,0.0,0.0,0.0,0.0,171789.85
1650659,IT,BG,WHOLE,FOUND,0.03,3435.486,3,3,3435.486,0.0,0.0,0.0,0.0,114516.2
1756098,IT,KR,FABRI,ELEC8,0.01,3435.48,3,3,3435.48,0.0,0.0,0.0,0.0,343548.0
1641937,IT,AT,RUBBE,MEATA,0.01,3435.435,3,3,3435.435,0.0,0.0,0.0,0.0,343543.5
1745715,IT,JP,WEARI,SUGA1,0.03,3435.321,3,3,3435.321,0.0,0.0,0.0,0.0,114510.7
1774779,IT,CH,POSTT,TEXTI,0.06,3435.176,3,3,3435.176,0.0,0.0,0.0,0.0,57252.933333
1646682,IT,BE,FURNI,ELEC8,0.01,3435.16,3,3,3435.16,0.0,0.0,0.0,0.0,343516.0
1731513,IT,SI,FISH5,RUBBE,0.01,3435.056,4,4,3435.054,0.0,0.0,0.0,0.002,343505.6
1650778,IT,BG,RAILW,OFFIC,0.02,3435.052,3,3,3435.052,0.0,0.0,0.0,0.0,171752.6
1791779,IT,WA,RAILW,RECRE,0.02,3434.8,3,3,3434.8,0.0,0.0,0.0,0.0,171740.0
1779999,IT,TW,SALEM,PFERT,0.03,3434.327,3,3,3434.327,0.0,0.0,0.0,0.0,114477.566667
1730976,IT,SE,WOOD1,RETA1,0.02,3434.264,3,3,3434.264,0.0,0.0,0.0,0.0,171713.2
1722179,IT,PL,BUSIN,WOOD2,0.04,3434.115,3,3,3434.115,0.0,0.0,0.0,0.0,85852.875
1774021,IT,CH,RETAI,PFERT,0.03,3433.97,3,3,3433.97,0.0,0.0,0.0,0.0,114465.666667
1781295,IT,NO,VEGE1,PIGS9,0.01,3433.953,3,3,3433.953,0.0,0.0,0.0,0.0,343395.3
1782725,IT,NO,RETA1,NONME,0.04,3433.952,3,3,3433.952,0.0,0.0,0.0,0.0,85848.8
1778594,IT,TR,RETA1,PAPE4,0.04,3433.865,3,3,3433.865,0.0,0.0,0.0,0.0,85846.625
1713010,IT,MT,MEATC,MEATP,0.01,3433.725,3,3,3433.725,0.0,0.0,0.0,0.0,343372.5
1799085,IT,WE,WEARI,PLANT,0.03,3433.554,3,3,3433.554,0.0,0.0,0.0,0.0,114451.8
1682034,IT,HR,BEVER,FINAN,0.01,3433.501,3,3,3433.501,0.0,0.0,0.0,0.0,343350.1
1720923,IT,PL,SALEM,FOOD2,0.03,3432.98,3,3,3432.98,0.0,0.0,0.0,0.0,114432.666667
1768203,IT,RU,PUBLI,FOOD4,0.06,3432.619,3,3,3432.619,0.0,0.0,0.0,0.0,57210.316667
1655211,IT,CZ,BUSIN,INERT,0.04,3432.362,3,3,3432.362,0.0,0.0,0.0,0.0,85809.05
1765341,IT,RU,FOOD5,ELEC2,0.02,3432.225,3,3,3432.225,0.0,0.0,0.0,0.0,171611.25
1728617,IT,SE,PAPER,INERT,0.01,3432.205,3,3,3432.205,0.0,0.0,0.0,0.0,343220.5
1644616,IT,BE,FOOD5,BASIC,0.02,3432.181,3,3,3432.181,0.0,0.0,0.0,0.0,171609.05
1751753,IT,CN,INSUR,93197,0.07,3431.842,3,3,3431.842,0.0,0.0,0.0,0.0,49026.314286
1809188,IT,WM,MEATA,FURNI,0.02,3431.587,3,3,3431.587,0.0,0.0,0.0,0.0,171579.35
1670221,IT,ES,RECRE,COMPU,0.04,3431.506,3,3,3431.506,0.0,0.0,0.0,0.0,85787.65
1681421,IT,GR,RENTI,ELEC1,0.02,3431.485,3,3,3431.485,0.0,0.0,0.0,0.0,171574.25
1791446,IT,WA,WHOLE,ALUM1,0.03,3431.338,3,3,3431.338,0.0,0.0,0.0,0.0,114377.933333
1806729,IT,WF,WHOLE,TRANS,0.03,3431.145,3,3,3431.145,0.0,0.0,0.0,0.0,114371.5
1710644,IT,LU,MEAT4,FISH5,0.02,3431.143,3,3,3431.143,0.0,0.0,0.0,0.0,171557.15
1770143,IT,AU,RETA1,MEATC,0.04,3431.115,3,3,3431.115,0.0,0.0,0.0,0.0,85777.875
1651050,IT,BG,INSUR,WHEAT,0.07,3431.037,3,3,3431.037,0.0,0.0,0.0,0.0,49014.814286
1803530,IT,WF,VEGE1,SALEM,0.01,3430.96,3,3,3430.96,0.0,0.0,0.0,0.0,343096.0
1795857,IT,WL,OFFIC,VEGE1,0.01,3430.902,3,3,3430.902,0.0,0.0,0.0,0.0,343090.2
1797925,IT,WL,FOOD4,MOTOR,0.02,3430.822,3,3,3430.822,0.0,0.0,0.0,0.0,171541.1
1727696,IT,RO,COMPU,TEXTI,0.04,3430.792,3,3,3430.792,0.0,0.0,0.0,0.0,85769.8
1670071,IT,ES,WASTE,SALEM,0.01,3430.768,3,3,3430.768,0.0,0.0,0.0,0.0,343076.8
1734262,IT,SI,COMPU,HOTEL,0.04,3430.641,3,3,3430.641,0.0,0.0,0.0,0.0,85766.025
1796497,IT,WL,RETA1,LIQUE,0.04,3430.622,3,3,3430.622,0.0,0.0,0.0,0.0,85765.55
1680450,IT,GR,ELEC4,SEACO,0.05,3430.303,3,3,3430.303,0.0,0.0,0.0,0.0,68606.06
1747383,IT,JP,RETA1,BUSIN,0.04,3430.216,3,3,3430.216,0.0,0.0,0.0,0.0,85755.4
1764743,IT,MX,HOTEL,ELEC7,0.02,3430.153,3,3,3430.153,0.0,0.0,0.0,0.0,171507.65
1671761,IT,FI,RETAI,TRANS,0.03,3430.132,3,3,3430.132,0.0,0.0,0.0,0.0,114337.733333
1678844,IT,GR,BEVER,BUSIN,0.01,3430.074,3,3,3430.074,0.0,0.0,0.0,0.0,343007.4
1649585,IT,BG,RUBBE,FOOD3,0.01,3430.07,3,3,3430.07,0.0,0.0,0.0,0.0,343007.0
1713015,IT,MT,MEATC,RADIO,0.01,3430.06,3,3,3430.06,0.0,0.0,0.0,0.0,343006.0
1752842,IT,CA,PAPER,EDUCA,0.01,3429.9,3,3,3429.9,0.0,0.0,0.0,0.0,342990.0
1712736,IT,LV,RAILW,SUPPO,0.02,3429.765,3,3,3429.765,0.0,0.0,0.0,0.0,171488.25
1721700,IT,PL,FINAN,RETA1,0.04,3429.615,3,3,3429.615,0.0,0.0,0.0,0.0,85740.375
1743632,IT,US,HOTEL,ELEC7,0.02,3429.605,3,3,3429.605,0.0,0.0,0.0,0.0,171480.25
1683871,IT,HR,MOTO1,FOOD2,0.02,3429.458,3,3,3429.458,0.0,0.0,0.0,0.0,171472.9
1670736,IT,FI,PAPER,OFFIC,0.01,3429.226,3,3,3429.226,0.0,0.0,0.0,0.0,342922.6
1663845,IT,EE,TEXTI,OFFIC,0.02,3429.09,3,3,3429.09,0.0,0.0,0.0,0.0,171454.5
1813579,IT,WM,WHOLE,MOTO1,0.03,3428.826,3,3,3428.826,0.0,0.0,0.0,0.0,114294.2
1689731,IT,IE,FINAN,MOTO1,0.04,3428.661,3,3,3428.661,0.0,0.0,0.0,0.0,85716.525
1787877,IT,WA,BEVER,ANIMA,0.01,3428.603,3,3,3428.603,0.0,0.0,0.0,0.0,342860.3
1747643,IT,JP,SUPPO,HOTEL,0.02,3428.133,3,3,3428.133,0.0,0.0,0.0,0.0,171406.65
1722094,IT,PL,BUSIN,NAPHT,0.04,3428.055,3,3,3428.055,0.0,0.0,0.0,0.0,85701.375
1743008,IT,US,OFFIC,GLASS,0.01,3427.714,3,3,3427.714,0.0,0.0,0.0,0.0,342771.4
1748902,IT,CN,WEARI,BIOGA,0.03,3427.652,3,3,3427.652,0.0,0.0,0.0,0.0,114255.066667
1689204,IT,IE,RETAI,FURNI,0.03,3427.44,3,3,3427.44,0.0,0.0,0.0,0.0,114248.0
1773275,IT,CH,FABRI,WOOD2,0.01,3427.427,3,3,3427.427,0.0,0.0,0.0,0.0,342742.7
1678724,IT,GR,DAIRY,COMPU,0.01,3427.365,3,3,3427.365,0.0,0.0,0.0,0.0,342736.5
1714837,IT,NL,FOOD5,ELEC1,0.02,3427.326,3,3,3427.326,0.0,0.0,0.0,0.0,171366.3
1711712,IT,LU,BUSIN,LEAD1,0.04,3427.204,3,3,3427.204,0.0,0.0,0.0,0.0,85680.1
1649925,IT,BG,FABRI,PLAST,0.01,3427.19,3,3,3427.19,0.0,0.0,0.0,0.0,342719.0
1768354,IT,AU,MEAT4,LEATH,0.02,3427.041,3,3,3427.041,0.0,0.0,0.0,0.0,171352.05
1752244,IT,CA,CROPS,PIGS9,0.03,3426.949,3,3,3426.949,0.0,0.0,0.0,0.0,114231.633333
1681403,IT,GR,REALE,RETA1,0.14,3426.945,3,3,3426.945,0.0,0.0,0.0,0.0,24478.178571
1736430,IT,SK,LANDT,ELE12,0.02,3426.864,3,3,3426.864,0.0,0.0,0.0,0.0,171343.2
1779861,IT,TR,PUBLI,ELEC8,0.06,3426.72,3,3,3426.72,0.0,0.0,0.0,0.0,57112.0
1798914,IT,WE,FISH5,MEATC,0.01,3426.652,4,4,3426.65,0.0,0.0,0.0,0.002,342665.2
1652843,IT,CZ,PRINT,POSTT,0.03,3426.65,3,3,3426.65,0.0,0.0,0.0,0.0,114221.666667
1687076,IT,HU,MOTO1,ELEC3,0.02,3426.639,3,3,3426.639,0.0,0.0,0.0,0.0,171331.95
1736731,IT,SK,REALE,CONST,0.14,3425.908,3,3,3425.908,0.0,0.0,0.0,0.0,24470.771429
1688497,IT,IE,LEATH,REALE,0.02,3425.85,3,3,3425.85,0.0,0.0,0.0,0.0,171292.5
1730350,IT,SE,SUPPO,STEAM,0.02,3425.811,3,3,3425.811,0.0,0.0,0.0,0.0,171290.55
1779160,IT,TR,POSTT,BEVER,0.06,3425.732,3,3,3425.732,0.0,0.0,0.0,0.0,57095.533333
1644568,IT,BE,PROCE,REALE,0.02,3425.387,3,3,3425.387,0.0,0.0,0.0,0.0,171269.35
1645779,IT,BE,RUBBE,TRAN1,0.01,3425.29,3,3,3425.29,0.0,0.0,0.0,0.0,342529.0
1650840,IT,BG,LANDT,BASIC,0.02,3425.288,3,3,3425.288,0.0,0.0,0.0,0.0,171264.4
1646553,IT,BE,OFFIC,FOUND,0.01,3424.731,3,3,3424.731,0.0,0.0,0.0,0.0,342473.1
1809615,IT,WM,DAIRY,COPPE,0.01,3424.579,3,3,3424.579,0.0,0.0,0.0,0.0,342457.9
1709475,IT,LT,TEXTI,PUBLI,0.02,3424.573,3,3,3424.573,0.0,0.0,0.0,0.0,171228.65
1736120,IT,SK,CONST,ELEC4,0.02,3424.437,3,3,3424.437,0.0,0.0,0.0,0.0,171221.85
1660304,IT,DE,POSTT,PAPE1,0.06,3424.373,3,3,3424.373,0.0,0.0,0.0,0.0,57072.883333
1644686,IT,BE,BEVER,WHITE,0.01,3424.287,3,3,3424.287,0.0,0.0,0.0,0.0,342428.7
1770388,IT,AU,LANDT,MEDIC,0.02,3423.966,3,3,3423.966,0.0,0.0,0.0,0.0,171198.3
1715070,IT,NL,TEXTI,MEMBE,0.02,3423.933,3,3,3423.933,0.0,0.0,0.0,0.0,171196.65
1681789,IT,HR,MEATC,SUGA1,0.01,3423.506,3,3,3423.506,0.0,0.0,0.0,0.0,342350.6
1771185,IT,CH,MEAT4,CONST,0.02,3423.465,3,3,3423.465,0.0,0.0,0.0,0.0,171173.25
1718453,IT,PL,TEXTI,RAWMI,0.02,3423.146,3,3,3423.146,0.0,0.0,0.0,0.0,171157.3
1688336,IT,IE,DAIRY,MEATA,0.01,3422.989,3,3,3422.989,0.0,0.0,0.0,0.0,342298.9
1750679,IT,CN,MOTO1,LEAD1,0.02,3422.953,3,3,3422.953,0.0,0.0,0.0,0.0,171147.65
1767964,IT,RU,COMPU,MACHI,0.04,3422.75,3,3,3422.75,0.0,0.0,0.0,0.0,85568.75
1770364,IT,AU,LANDT,NATUR,0.02,3422.696,3,3,3422.696,0.0,0.0,0.0,0.0,171134.8
1711140,IT,LU,FABRI,PRINT,0.01,3422.673,3,3,3422.673,0.0,0.0,0.0,0.0,342267.3
1783504,IT,NO,OILHA,PFERT,0.02,3422.665,3,3,3422.665,0.0,0.0,0.0,0.0,171133.25
1677675,IT,FR,RENTI,SUGA1,0.02,3422.519,3,3,3422.519,0.0,0.0,0.0,0.0,171125.95
1644747,IT,BE,FISH5,CATTL,0.01,3422.459,4,4,3422.457,0.0,0.0,0.0,0.002,342245.9
1793781,IT,WL,TOBAC,GASDI,0.01,3422.4,3,3,3422.4,0.0,0.0,0.0,0.0,342240.0
1723927,IT,PT,CONST,VEGET,0.02,3422.26,3,3,3422.26,0.0,0.0,0.0,0.0,171113.0
1744125,IT,US,SUPPO,FURNI,0.02,3422.188,3,3,3422.188,0.0,0.0,0.0,0.0,171109.4
1751530,IT,CN,SUPPO,REALE,0.02,3421.663,3,3,3421.663,0.0,0.0,0.0,0.0,171083.15
1680786,IT,GR,HOTEL,INSUR,0.02,3421.539,3,3,3421.539,0.0,0.0,0.0,0.0,171076.95
1676416,IT,FR,WHOLE,FOOD1,0.03,3421.494,3,3,3421.494,0.0,0.0,0.0,0.0,114049.8
1718874,IT,PL,PRINT,WHEAT,0.03,3421.393,3,3,3421.393,0.0,0.0,0.0,0.0,114046.433333
1734279,IT,SI,COMPU,RECRE,0.04,3421.112,3,3,3421.112,0.0,0.0,0.0,0.0,85527.8
1802737,IT,WE,RESEA,ELECT,0.02,3421.068,3,3,3421.068,0.0,0.0,0.0,0.0,171053.4
1797653,IT,WL,PAPE1,MOTO1,0.02,3420.982,3,3,3420.982,0.0,0.0,0.0,0.0,171049.1
1797827,IT,WL,FOOD2,WOODW,0.02,3420.791,3,3,3420.791,0.0,0.0,0.0,0.0,171039.55
1716559,IT,NL,TRANS,BUSIN,0.02,3420.724,3,3,3420.724,0.0,0.0,0.0,0.0,171036.2
1647297,IT,BE,LANDT,WOOD1,0.02,3420.565,3,3,3420.565,0.0,0.0,0.0,0.0,171028.25
1731306,IT,SI,VEGE1,OFFIC,0.01,3420.401,3,3,3420.401,0.0,0.0,0.0,0.0,342040.1
1779281,IT,TR,FINAN,WHOLE,0.04,3420.236,3,3,3420.236,0.0,0.0,0.0,0.0,85505.9
1791575,IT,WA,RETA1,INLAN,0.04,3420.147,3,3,3420.147,0.0,0.0,0.0,0.0,85503.675
1651939,IT,CY,BUSIN,RUBBE,0.04,3420.115,3,3,3420.115,0.0,0.0,0.0,0.0,85502.875
1753806,IT,CA,RETAI,RECRE,0.03,3419.795,3,3,3419.795,0.0,0.0,0.0,0.0,113993.166667
1648086,IT,BE,RESEA,SANDC,0.02,3419.641,3,3,3419.641,0.0,0.0,0.0,0.0,170982.05
1736824,IT,SK,BUSIN,VEGET,0.04,3419.567,3,3,3419.567,0.0,0.0,0.0,0.0,85489.175
1682252,IT,HR,LEATH,DAIRY,0.02,3419.524,3,3,3419.524,0.0,0.0,0.0,0.0,170976.2
1665745,IT,ES,PAPER,NONF1,0.01,3419.259,3,3,3419.259,0.0,0.0,0.0,0.0,341925.9
1669354,IT,ES,FINAN,OILHA,0.04,3419.19,3,3,3419.19,0.0,0.0,0.0,0.0,85479.75
1751312,IT,CN,LANDT,FISHF,0.02,3419.001,3,3,3419.001,0.0,0.0,0.0,0.0,170950.05
1758425,IT,BR,FABRI,DIST1,0.01,3418.996,3,3,3418.996,0.0,0.0,0.0,0.0,341899.6
1774949,IT,CH,INSUR,EDUCA,0.07,3418.963,3,3,3418.963,0.0,0.0,0.0,0.0,48842.328571
1788635,IT,WA,PRINT,FABRI,0.03,3418.949,3,3,3418.949,0.0,0.0,0.0,0.0,113964.966667
1746992,IT,JP,MOTO1,PAPE4,0.02,3418.916,3,3,3418.916,0.0,0.0,0.0,0.0,170945.8
1664622,IT,EE,LANDT,SUGA1,0.02,3418.685,3,3,3418.685,0.0,0.0,0.0,0.0,170934.25
1676307,IT,FR,RETAI,MEATA,0.03,3418.587,3,3,3418.587,0.0,0.0,0.0,0.0,113952.9
1751976,IT,CN,RESEA,COALT,0.02,3418.295,3,3,3418.295,0.0,0.0,0.0,0.0,170914.75
1739396,IT,GB,RAILW,INTER,0.02,3418.251,3,3,3418.251,0.0,0.0,0.0,0.0,170912.55
1793941,IT,WL,LEATH,FABRI,0.02,3417.842,3,3,3417.842,0.0,0.0,0.0,0.0,170892.1
1785902,IT,ZA,RUBBE,OILSE,0.01,3417.589,3,3,3417.589,0.0,0.0,0.0,0.0,341758.9
1807887,IT,WF,PAPE1,AUXIL,0.02,3417.491,3,3,3417.491,0.0,0.0,0.0,0.0,170874.55
1725652,IT,RO,PAPER,FISHF,0.01,3417.446,3,3,3417.446,0.0,0.0,0.0,0.0,341744.6
1793000,IT,WA,FOOD2,FINAN,0.02,3417.404,3,3,3417.404,0.0,0.0,0.0,0.0,170870.2
1669139,IT,ES,POSTT,WEARI,0.06,3417.269,3,3,3417.269,0.0,0.0,0.0,0.0,56954.483333
1673221,IT,FR,FISH5,MEATA,0.01,3417.124,4,4,3417.122,0.0,0.0,0.0,0.002,341712.4
1712528,IT,LV,FABRI,RAILW,0.01,3417.054,3,3,3417.054,0.0,0.0,0.0,0.0,341705.4
1793782,IT,WL,TOBAC,PLAST,0.01,3416.993,3,3,3416.993,0.0,0.0,0.0,0.0,341699.3
1754906,IT,KR,TOBAC,EDUCA,0.01,3416.922,3,3,3416.922,0.0,0.0,0.0,0.0,341692.2
1787943,IT,WA,FISH5,CHARC,0.01,3416.675,4,4,3416.673,0.0,0.0,0.0,0.002,341667.5
1684339,IT,HR,SUPPO,ELEC1,0.02,3416.361,3,3,3416.361,0.0,0.0,0.0,0.0,170818.05
1677353,IT,FR,INSUR,SUGAR,0.07,3416.304,3,3,3416.304,0.0,0.0,0.0,0.0,48804.342857
1676093,IT,FR,ELEC8,BEVER,0.05,3416.2,3,3,3416.2,0.0,0.0,0.0,0.0,68324.0
1683900,IT,HR,FURNI,FOOD5,0.01,3416.11,3,3,3416.11,0.0,0.0,0.0,0.0,341611.0
1723552,IT,PT,FABRI,MEATA,0.01,3415.774,3,3,3415.774,0.0,0.0,0.0,0.0,341577.4
1775580,IT,CH,RECRE,RUBBE,0.04,3415.727,3,3,3415.727,0.0,0.0,0.0,0.0,85393.175
1793806,IT,WL,TEXTI,SANDC,0.02,3415.514,3,3,3415.514,0.0,0.0,0.0,0.0,170775.7
1756537,IT,KR,WHOLE,AUXIL,0.03,3415.299,3,3,3415.299,0.0,0.0,0.0,0.0,113843.3
1757150,IT,BR,STONE,BUSIN,0.01,3415.264,3,3,3415.264,0.0,0.0,0.0,0.0,341526.4
1774352,IT,CH,HOTEL,ELEC8,0.02,3415.215,3,3,3415.215,0.0,0.0,0.0,0.0,170760.75
1678584,IT,GR,MEATA,FOOD5,0.02,3415.167,3,3,3415.167,0.0,0.0,0.0,0.0,170758.35
1651689,IT,CY,FABRI,CHEMI,0.01,3415.101,3,3,3415.101,0.0,0.0,0.0,0.0,341510.1
1720588,IT,PL,OFFIC,FOOD2,0.01,3414.887,3,3,3414.887,0.0,0.0,0.0,0.0,341488.7
1748149,IT,JP,FOODW,CROPS,0.03,3414.769,3,3,3414.769,0.0,0.0,0.0,0.0,113825.633333
1779666,IT,TR,RESEA,COPP1,0.02,3414.707,3,3,3414.707,0.0,0.0,0.0,0.0,170735.35
1750584,IT,CN,OFFIC,CERAM,0.01,3414.366,3,3,3414.366,0.0,0.0,0.0,0.0,341436.6
1683924,IT,HR,FURNI,REALE,0.01,3414.341,3,3,3414.341,0.0,0.0,0.0,0.0,341434.1
1727975,IT,SE,FORES,STEAM,0.03,3414.314,4,4,3413.314,0.0,1.0,0.0,0.0,113810.466667
1756340,IT,KR,MOTO1,PRIVA,0.02,3414.286,3,3,3414.286,0.0,0.0,0.0,0.0,170714.3
1797761,IT,WL,WOOD1,FISH5,0.02,3414.204,3,3,3414.204,0.0,0.0,0.0,0.0,170710.2
1754683,IT,KR,VEGE1,PIGS9,0.01,3414.167,3,3,3414.167,0.0,0.0,0.0,0.0,341416.7
1770798,IT,AU,COMPU,DIST1,0.04,3414.095,3,3,3414.095,0.0,0.0,0.0,0.0,85352.375
1661093,IT,DE,PUBLI,RENTI,0.06,3414.034,3,3,3414.034,0.0,0.0,0.0,0.0,56900.566667
1654431,IT,CZ,WHOLE,RENTI,0.03,3414.019,3,3,3414.019,0.0,0.0,0.0,0.0,113800.633333
1798887,IT,WE,BEVER,FURNI,0.01,3413.965,3,3,3413.965,0.0,0.0,0.0,0.0,341396.5
1757197,IT,BR,MEAT4,RUBBE,0.02,3413.898,3,3,3413.898,0.0,0.0,0.0,0.0,170694.9
1778304,IT,TR,SALEM,ELECT,0.03,3413.87,3,3,3413.87,0.0,0.0,0.0,0.0,113795.666667
1757428,IT,BR,PAPER,RAWMI,0.01,3413.751,3,3,3413.751,0.0,0.0,0.0,0.0,341375.1
1714397,IT,NL,VEGET,MEATA,0.01,3413.559,3,3,3413.559,0.0,0.0,0.0,0.0,341355.9
1651762,IT,CY,MACHI,RENTI,0.02,3413.239,3,3,3413.239,0.0,0.0,0.0,0.0,170661.95
1802606,IT,WE,AUXIL,SALEM,0.06,3412.554,3,3,3412.554,0.0,0.0,0.0,0.0,56875.9
1760294,IT,IN,FORES,RUBBE,0.03,3412.543,4,4,3411.543,0.0,1.0,0.0,0.0,113751.433333
1666733,IT,ES,RUBBE,COKEO,0.01,3412.344,3,3,3412.344,0.0,0.0,0.0,0.0,341234.4
1736886,IT,SK,BUSIN,COLLE,0.04,3412.324,3,3,3412.324,0.0,0.0,0.0,0.0,85308.1
1765275,IT,RU,VEGE1,PAPER,0.01,3412.139,3,3,3412.139,0.0,0.0,0.0,0.0,341213.9
1791055,IT,WA,TRANS,MEAT1,0.02,3411.996,3,3,3411.996,0.0,0.0,0.0,0.0,170599.8
1670346,IT,FI,VEGE1,BIODI,0.01,3411.629,3,3,3411.629,0.0,0.0,0.0,0.0,341162.9
1716531,IT,NL,MOTO1,SUPPO,0.02,3411.494,3,3,3411.494,0.0,0.0,0.0,0.0,170574.7
1775839,IT,TR,MEAT4,RETA1,0.02,3411.446,3,3,3411.446,0.0,0.0,0.0,0.0,170572.3
1681954,IT,HR,FOOD5,PAPER,0.02,3411.31,3,3,3411.31,0.0,0.0,0.0,0.0,170565.5
1659154,IT,DE,ELE11,TRAN1,0.05,3411.182,4,4,3411.18,0.0,0.0,0.0,0.002,68223.64
1770572,IT,AU,POSTT,BITUM,0.06,3410.767,3,3,3410.767,0.0,0.0,0.0,0.0,56846.116667
1743828,IT,US,LANDT,PAPE1,0.02,3410.766,3,3,3410.766,0.0,0.0,0.0,0.0,170538.3
1645738,IT,BE,RUBBE,COKEO,0.01,3410.567,3,3,3410.567,0.0,0.0,0.0,0.0,341056.7
1798638,IT,WE,MEAT4,LEAD1,0.02,3410.205,3,3,3410.205,0.0,0.0,0.0,0.0,170510.25
1745455,IT,JP,PROCE,FOOD5,0.02,3410.189,3,3,3410.189,0.0,0.0,0.0,0.0,170509.45
1646875,IT,BE,WHOLE,PROCE,0.03,3410.099,3,3,3410.099,0.0,0.0,0.0,0.0,113669.966667
1659243,IT,DE,SALEM,GLASS,0.03,3410.041,3,3,3410.041,0.0,0.0,0.0,0.0,113668.033333
1709378,IT,LT,FOOD5,HEALT,0.02,3410.024,3,3,3410.024,0.0,0.0,0.0,0.0,170501.2
1730481,IT,SE,POSTT,FOOD2,0.06,3410.009,3,3,3410.009,0.0,0.0,0.0,0.0,56833.483333
1714414,IT,NL,VEGET,RETA1,0.01,3409.586,3,3,3409.586,0.0,0.0,0.0,0.0,340958.6
1797768,IT,WL,WOOD1,HOTEL,0.02,3409.533,3,3,3409.533,0.0,0.0,0.0,0.0,170476.65
1797983,IT,WL,PAPE4,LANDT,0.02,3409.508,3,3,3409.508,0.0,0.0,0.0,0.0,170475.4
1727657,IT,RO,RENTI,ELEC5,0.02,3409.149,3,3,3409.149,0.0,0.0,0.0,0.0,170457.45
1762458,IT,IN,FINAN,PFERT,0.04,3409.093,3,3,3409.093,0.0,0.0,0.0,0.0,85227.325
1648416,IT,BE,PRIVA,LIQUE,0.76,3409.073,3,3,3409.073,0.0,0.0,0.0,0.0,4485.622368
1718057,IT,PL,MEATC,PUBLI,0.01,3408.948,3,3,3408.948,0.0,0.0,0.0,0.0,340894.8
1729759,IT,SE,MACHI,NONF1,0.02,3408.878,3,3,3408.878,0.0,0.0,0.0,0.0,170443.9
1684592,IT,HR,BUSIN,MEMBE,0.04,3408.32,3,3,3408.32,0.0,0.0,0.0,0.0,85208.0
1781131,IT,TW,TEXT1,BASIC,0.03,3407.817,3,3,3407.817,0.0,0.0,0.0,0.0,113593.9
1753982,IT,CA,LANDT,RADIO,0.02,3407.658,3,3,3407.658,0.0,0.0,0.0,0.0,170382.9
1735661,IT,SK,FABRI,PRECI,0.01,3407.298,3,3,3407.298,0.0,0.0,0.0,0.0,340729.8
1676841,IT,FR,LANDT,INLAN,0.02,3407.07,3,3,3407.07,0.0,0.0,0.0,0.0,170353.5
1724637,IT,PT,FINAN,BUSIN,0.04,3407.053,3,3,3407.053,0.0,0.0,0.0,0.0,85176.325
1764630,IT,MX,RETA1,PRINT,0.04,3406.959,3,3,3406.959,0.0,0.0,0.0,0.0,85173.975
1759944,IT,BR,PLAS1,ELECT,0.01,3406.876,3,3,3406.876,0.0,0.0,0.0,0.0,340687.6
1768961,IT,AU,PAPER,COPP1,0.01,3406.195,3,3,3406.195,0.0,0.0,0.0,0.0,340619.5
1773950,IT,CH,SALEM,ELECT,0.03,3405.775,3,3,3405.775,0.0,0.0,0.0,0.0,113525.833333
1663864,IT,EE,TEXTI,PUBLI,0.02,3405.652,3,3,3405.652,0.0,0.0,0.0,0.0,170282.6
1792675,IT,WA,RESEA,RETAI,0.02,3405.625,3,3,3405.625,0.0,0.0,0.0,0.0,170281.25
1678125,IT,FR,PAPE1,FOOD3,0.02,3405.415,3,3,3405.415,0.0,0.0,0.0,0.0,170270.75
1762990,IT,MX,FOOD5,MEAT4,0.02,3405.229,3,3,3405.229,0.0,0.0,0.0,0.0,170261.45
1786973,IT,ZA,FINAN,REALE,0.04,3405.048,3,3,3405.048,0.0,0.0,0.0,0.0,85126.2
1793623,IT,WL,DAIRY,MEAT1,0.01,3404.415,3,3,3404.415,0.0,0.0,0.0,0.0,340441.5
1641965,IT,AT,RUBBE,COALT,0.01,3404.411,3,3,3404.411,0.0,0.0,0.0,0.0,340441.1
1754933,IT,KR,TEXTI,KERO1,0.02,3404.184,3,3,3404.184,0.0,0.0,0.0,0.0,170209.2
1711794,IT,LU,PUBLI,RETA1,0.06,3404.099,3,3,3404.099,0.0,0.0,0.0,0.0,56734.983333
1802662,IT,WE,RENTI,BASIC,0.02,3404.066,3,3,3404.066,0.0,0.0,0.0,0.0,170203.3
1734150,IT,SI,AUXIL,EDUCA,0.06,3404.003,3,3,3404.003,0.0,0.0,0.0,0.0,56733.383333
1737286,IT,GB,FOOD5,INSUR,0.02,3403.997,3,3,3403.997,0.0,0.0,0.0,0.0,170199.85
1726439,IT,RO,FABRI,BITU1,0.01,3403.86,3,3,3403.86,0.0,0.0,0.0,0.0,340386.0
1678193,IT,FR,TEXT1,INERT,0.03,3403.834,3,3,3403.834,0.0,0.0,0.0,0.0,113461.133333
1783715,IT,NO,FOOD4,MOTO1,0.02,3403.834,3,3,3403.834,0.0,0.0,0.0,0.0,170191.7
1711941,IT,LU,FOOD4,CONST,0.02,3403.749,3,3,3403.749,0.0,0.0,0.0,0.0,170187.45
1680085,IT,GR,MACHI,PUBLI,0.02,3403.743,3,3,3403.743,0.0,0.0,0.0,0.0,170187.15
1748174,IT,JP,FOODW,TRAN1,0.03,3403.403,3,3,3403.403,0.0,0.0,0.0,0.0,113446.766667
1750895,IT,CN,CONST,MEATP,0.02,3403.288,3,3,3403.288,0.0,0.0,0.0,0.0,170164.4
1765019,IT,MX,INSUR,WOODW,0.07,3403.281,3,3,3403.281,0.0,0.0,0.0,0.0,48618.3
1775043,IT,CH,RENTI,PULP5,0.02,3403.149,3,3,3403.149,0.0,0.0,0.0,0.0,170157.45
1710940,IT,LU,RUBBE,TOBAC,0.01,3403.124,3,3,3403.124,0.0,0.0,0.0,0.0,340312.4
1804083,IT,WF,PULP5,AUXIL,0.01,3403.088,3,3,3403.088,0.0,0.0,0.0,0.0,340308.8
1736989,IT,GB,ANIMA,NATU1,0.01,3403.063,3,3,3403.063,0.0,0.0,0.0,0.0,340306.3
1687753,IT,HU,SUPPO,RETAI,0.02,3403.041,3,3,3403.041,0.0,0.0,0.0,0.0,170152.05
1788655,IT,WA,PRINT,EDUCA,0.03,3402.898,3,3,3402.898,0.0,0.0,0.0,0.0,113429.933333
1717812,IT,NL,FOOD2,INTER,0.02,3402.834,3,3,3402.834,0.0,0.0,0.0,0.0,170141.7
1780821,IT,TW,COMPU,CERAM,0.04,3402.704,3,3,3402.704,0.0,0.0,0.0,0.0,85067.6
1759498,IT,BR,REALE,RUBBE,0.14,3402.616,3,3,3402.616,0.0,0.0,0.0,0.0,24304.4
1746957,IT,JP,MOTO1,BLAST,0.02,3402.491,3,3,3402.491,0.0,0.0,0.0,0.0,170124.55
1792979,IT,WA,OILHA,OFFIC,0.02,3402.422,3,3,3402.422,0.0,0.0,0.0,0.0,170121.1
1791340,IT,WA,SALEM,KEROS,0.03,3402.231,3,3,3402.231,0.0,0.0,0.0,0.0,113407.7
1797967,IT,WL,PAPE4,FOOD5,0.02,3402.206,3,3,3402.206,0.0,0.0,0.0,0.0,170110.3
1757317,IT,BR,BEVER,FOOD5,0.01,3402.117,3,3,3402.117,0.0,0.0,0.0,0.0,340211.7
1660210,IT,DE,POSTT,VEGET,0.06,3402.08,3,3,3402.08,0.0,0.0,0.0,0.0,56701.333333
1717911,IT,PL,FORES,CONST,0.03,3401.979,4,4,3400.979,0.0,1.0,0.0,0.0,113399.3
1775009,IT,CH,REALE,FINAN,0.14,3401.688,3,3,3401.688,0.0,0.0,0.0,0.0,24297.771429
1685142,IT,HU,FOOD5,FOOD4,0.02,3401.552,3,3,3401.552,0.0,0.0,0.0,0.0,170077.6
1734425,IT,SK,VEGET,PUBLI,0.01,3401.519,3,3,3401.519,0.0,0.0,0.0,0.0,340151.9
1686131,IT,HU,RUBBE,AUXIL,0.01,3401.481,3,3,3401.481,0.0,0.0,0.0,0.0,340148.1
1808025,IT,WF,INTER,CHARC,0.02,3401.466,3,3,3401.466,0.0,0.0,0.0,0.0,170073.3
1773174,IT,CH,FABRI,MEATA,0.01,3401.46,3,3,3401.46,0.0,0.0,0.0,0.0,340146.0
1774864,IT,CH,FINAN,RAILW,0.04,3401.325,3,3,3401.325,0.0,0.0,0.0,0.0,85033.125
1714911,IT,NL,BEVER,FURNI,0.01,3401.052,3,3,3401.052,0.0,0.0,0.0,0.0,340105.2
1791849,IT,WA,LANDT,ELEC4,0.02,3400.853,3,3,3400.853,0.0,0.0,0.0,0.0,170042.65
1779530,IT,TR,RENTI,TEXT2,0.02,3400.58,3,3,3400.58,0.0,0.0,0.0,0.0,170029.0
1802841,IT,WE,PAPE1,PUBLI,0.02,3400.308,3,3,3400.308,0.0,0.0,0.0,0.0,170015.4
1779900,IT,TW,CONST,ALUMI,0.02,3400.239,3,3,3400.239,0.0,0.0,0.0,0.0,170011.95
1644835,IT,BE,TEXTI,POSTT,0.02,3400.129,3,3,3400.129,0.0,0.0,0.0,0.0,170006.45
1734913,IT,SK,PRINT,RETA1,0.03,3400.101,3,3,3400.101,0.0,0.0,0.0,0.0,113336.7
1801641,IT,WE,FURNI,SUGA1,0.01,3399.598,3,3,3399.598,0.0,0.0,0.0,0.0,339959.8
1663117,IT,DK,RAILW,COMPU,0.02,3399.58,3,3,3399.58,0.0,0.0,0.0,0.0,169979.0
1659062,IT,DE,ELEC4,FABRI,0.05,3399.539,3,3,3399.539,0.0,0.0,0.0,0.0,67990.78
1738960,IT,GB,CONST,ELEC5,0.02,3399.438,3,3,3399.438,0.0,0.0,0.0,0.0,169971.9
1651990,IT,CZ,VEGET,CATTL,0.01,3399.318,3,3,3399.318,0.0,0.0,0.0,0.0,339931.8
1651796,IT,CY,TRANS,SALEM,0.02,3399.257,3,3,3399.257,0.0,0.0,0.0,0.0,169962.85
1687415,IT,HU,HOTEL,AUXIL,0.02,3399.205,3,3,3399.205,0.0,0.0,0.0,0.0,169960.25
1690339,IT,IE,FOOD2,PAPE4,0.02,3399.174,3,3,3399.174,0.0,0.0,0.0,0.0,169958.7
1791015,IT,WA,MOTO1,RENTI,0.02,3399.025,3,3,3399.025,0.0,0.0,0.0,0.0,169951.25
1784093,IT,ID,LEATH,AIRTR,0.02,3398.994,3,3,3398.994,0.0,0.0,0.0,0.0,169949.7
1798530,IT,WE,STONE,RAILW,0.01,3398.795,3,3,3398.795,0.0,0.0,0.0,0.0,339879.5
1783093,IT,NO,INSUR,FINAN,0.07,3398.441,3,3,3398.441,0.0,0.0,0.0,0.0,48549.157143
1800506,IT,WE,RUBBE,NAPHT,0.01,3398.422,3,3,3398.422,0.0,0.0,0.0,0.0,339842.2
1726919,IT,RO,HOTEL,WOOLS,0.02,3398.302,3,3,3398.302,0.0,0.0,0.0,0.0,169915.1
1647108,IT,BE,HOTEL,ELECT,0.02,3397.731,3,3,3397.731,0.0,0.0,0.0,0.0,169886.55
1716307,IT,NL,FABRI,NONME,0.01,3397.628,3,3,3397.628,0.0,0.0,0.0,0.0,339762.8
1768339,IT,AU,MEATP,WHOLE,0.01,3397.587,3,3,3397.587,0.0,0.0,0.0,0.0,339758.7
1794169,IT,WL,PRINT,TEXTI,0.03,3397.576,3,3,3397.576,0.0,0.0,0.0,0.0,113252.533333
1813886,IT,WM,LANDT,MACHI,0.02,3397.463,3,3,3397.463,0.0,0.0,0.0,0.0,169873.15
1760525,IT,IN,WEARI,POSTT,0.03,3397.389,3,3,3397.389,0.0,0.0,0.0,0.0,113246.3
1689727,IT,IE,FINAN,ALUM1,0.04,3397.359,3,3,3397.359,0.0,0.0,0.0,0.0,84933.975
1734523,IT,SK,DAIRY,BEVER,0.01,3397.353,3,3,3397.353,0.0,0.0,0.0,0.0,339735.3
1651153,IT,BG,BUSIN,PRECI,0.03,3397.277,3,3,3397.277,0.0,0.0,0.0,0.0,113242.566667
1784740,IT,ID,WHOLE,SALEM,0.03,3397.081,3,3,3397.081,0.0,0.0,0.0,0.0,113236.033333
1801591,IT,WE,TRANS,MEDIC,0.02,3396.923,3,3,3396.923,0.0,0.0,0.0,0.0,169846.15
1716917,IT,NL,HOTEL,FOOD3,0.02,3396.917,3,3,3396.917,0.0,0.0,0.0,0.0,169845.85
1795681,IT,WL,FABRI,ELEC3,0.01,3396.774,3,3,3396.774,0.0,0.0,0.0,0.0,339677.4
1763201,IT,MX,LEATH,WASTE,0.02,3396.683,3,3,3396.683,0.0,0.0,0.0,0.0,169834.15
1651952,IT,CY,BUSIN,DISTR,0.03,3396.681,3,3,3396.681,0.0,0.0,0.0,0.0,113222.7
1758680,IT,BR,CONST,RAWMI,0.02,3396.539,3,3,3396.539,0.0,0.0,0.0,0.0,169826.95
1785967,IT,ZA,RUBBE,ELEC1,0.01,3396.438,3,3,3396.438,0.0,0.0,0.0,0.0,339643.8
1754709,IT,KR,VEGE1,RADIO,0.01,3396.413,3,3,3396.413,0.0,0.0,0.0,0.0,339641.3
1737448,IT,GB,LEATH,PULP5,0.02,3396.366,3,3,3396.366,0.0,0.0,0.0,0.0,169818.3
1787308,IT,WA,CROPS,LEADZ,0.03,3396.24,3,3,3396.24,0.0,0.0,0.0,0.0,113208.0
1770012,IT,AU,FURNI,MEDIC,0.01,3396.179,3,3,3396.179,0.0,0.0,0.0,0.0,339617.9
1711874,IT,LU,INTER,HOTEL,0.02,3395.963,3,3,3395.963,0.0,0.0,0.0,0.0,169798.15
1681331,IT,GR,INSUR,MACHI,0.07,3395.746,3,3,3395.746,0.0,0.0,0.0,0.0,48510.657143
1663607,IT,DK,BUSIN,PULP5,0.03,3395.694,3,3,3395.694,0.0,0.0,0.0,0.0,113189.8
1748209,IT,JP,PAPE1,TRAN1,0.02,3395.616,3,3,3395.616,0.0,0.0,0.0,0.0,169780.8
1642587,IT,AT,FABRI,NATUR,0.01,3395.544,3,3,3395.544,0.0,0.0,0.0,0.0,339554.4
1766945,IT,RU,MOTO1,MOTOR,0.02,3395.416,3,3,3395.416,0.0,0.0,0.0,0.0,169770.8
1735989,IT,SK,TRANS,SANDC,0.02,3395.297,3,3,3395.297,0.0,0.0,0.0,0.0,169764.85
1672093,IT,FI,SUPPO,HEALT,0.02,3395.283,3,3,3395.283,0.0,0.0,0.0,0.0,169764.15
1736217,IT,SK,RETA1,RAWMI,0.04,3395.233,3,3,3395.233,0.0,0.0,0.0,0.0,84880.825
1677539,IT,FR,AUXIL,FOOD3,0.06,3395.035,3,3,3395.035,0.0,0.0,0.0,0.0,56583.916667
1640497,IT,AT,PROCE,MEATC,0.02,3395.027,3,3,3395.027,0.0,0.0,0.0,0.0,169751.35
1682018,IT,HR,BEVER,CEMEN,0.01,3394.884,3,3,3394.884,0.0,0.0,0.0,0.0,339488.4
1714667,IT,NL,MEAT4,RENTI,0.02,3394.691,3,3,3394.691,0.0,0.0,0.0,0.0,169734.55
1779776,IT,TR,BUSIN,BLAST,0.03,3394.293,3,3,3394.293,0.0,0.0,0.0,0.0,113143.1
1799361,IT,WE,PULP5,CATTL,0.01,3394.237,3,3,3394.237,0.0,0.0,0.0,0.0,339423.7
1669572,IT,ES,REALE,LANDT,0.14,3394.18,3,3,3394.18,0.0,0.0,0.0,0.0,24244.142857
1775447,IT,CH,FOODW,BUSIN,0.03,3394.158,3,3,3394.158,0.0,0.0,0.0,0.0,113138.6
1744454,IT,US,AUXIL,WHOLE,0.06,3393.827,3,3,3393.827,0.0,0.0,0.0,0.0,56563.783333
1762002,IT,IN,WHOLE,CRUDE,0.03,3393.576,3,3,3393.576,0.0,0.0,0.0,0.0,113119.2
1724512,IT,PT,POSTT,WOODW,0.06,3393.204,3,3,3393.204,0.0,0.0,0.0,0.0,56553.4
1778369,IT,TR,RETAI,SECO9,0.03,3393.135,3,3,3393.135,0.0,0.0,0.0,0.0,113104.5
1736403,IT,SK,LANDT,BIODI,0.02,3393.11,3,3,3393.11,0.0,0.0,0.0,0.0,169655.5
1803420,IT,WF,MEATP,VEGET,0.01,3393.067,3,3,3393.067,0.0,0.0,0.0,0.0,339306.7
1737188,IT,GB,DAIRY,SALEM,0.01,3392.962,3,3,3392.962,0.0,0.0,0.0,0.0,339296.2
1783929,IT,ID,FORES,WHOLE,0.03,3392.888,4,4,3391.888,0.0,1.0,0.0,0.0,113096.266667
1766703,IT,RU,FABRI,WOOD1,0.01,3392.79,3,3,3392.79,0.0,0.0,0.0,0.0,339279.0
1687773,IT,HU,SUPPO,SEWAG,0.02,3392.709,3,3,3392.709,0.0,0.0,0.0,0.0,169635.45
1671661,IT,FI,CONST,MOTO1,0.02,3392.682,3,3,3392.682,0.0,0.0,0.0,0.0,169634.1
1722830,IT,PT,PAPER,INTER,0.01,3391.661,3,3,3391.661,0.0,0.0,0.0,0.0,339166.1
1777877,IT,TR,MACHI,WHEAT,0.02,3391.637,3,3,3391.637,0.0,0.0,0.0,0.0,169581.85
1662921,IT,DK,RETA1,GASDI,0.04,3391.345,3,3,3391.345,0.0,0.0,0.0,0.0,84783.625
1814442,IT,WM,COMPU,NATU1,0.04,3391.247,3,3,3391.247,0.0,0.0,0.0,0.0,84781.175
1718098,IT,PL,MEAT4,RENTI,0.02,3390.942,3,3,3390.942,0.0,0.0,0.0,0.0,169547.1
1676433,IT,FR,RETA1,SUGAR,0.04,3390.939,3,3,3390.939,0.0,0.0,0.0,0.0,84773.475
1732561,IT,SI,RUBBE,POSTT,0.01,3390.835,3,3,3390.835,0.0,0.0,0.0,0.0,339083.5
1713882,IT,MT,ELEC4,PAPE4,0.05,3390.831,3,3,3390.831,0.0,0.0,0.0,0.0,67816.62
1730911,IT,SE,INTER,FOOD5,0.02,3390.716,3,3,3390.716,0.0,0.0,0.0,0.0,169535.8
1730480,IT,SE,POSTT,SEWAG,0.06,3390.533,3,3,3390.533,0.0,0.0,0.0,0.0,56508.883333
1787588,IT,WA,MEATP,FORES,0.01,3390.415,3,3,3390.415,0.0,0.0,0.0,0.0,339041.5
1754150,IT,CA,SUPPO,MEATC,0.02,3390.388,3,3,3390.388,0.0,0.0,0.0,0.0,169519.4
1741046,IT,US,TEXTI,LEATH,0.02,3389.882,3,3,3389.882,0.0,0.0,0.0,0.0,169494.1
1737221,IT,GB,PROCE,CHEM1,0.02,3389.835,3,3,3389.835,0.0,0.0,0.0,0.0,169491.75
1779767,IT,TR,BUSIN,SECO9,0.03,3389.804,3,3,3389.804,0.0,0.0,0.0,0.0,112993.466667
1663104,IT,DK,RAILW,TRAN1,0.02,3389.737,3,3,3389.737,0.0,0.0,0.0,0.0,169486.85
1781582,IT,NO,WEARI,NUCLE,0.03,3389.674,3,3,3389.674,0.0,0.0,0.0,0.0,112989.133333
1793367,IT,WL,VEGET,GASDI,0.01,3389.603,3,3,3389.603,0.0,0.0,0.0,0.0,338960.3
1690425,IT,IE,FOOD4,HOTEL,0.02,3389.6,3,3,3389.6,0.0,0.0,0.0,0.0,169480.0
1781226,IT,NO,VEGET,MEMBE,0.01,3389.567,3,3,3389.567,0.0,0.0,0.0,0.0,338956.7
1662797,IT,DK,FURNI,TEXTI,0.01,3389.486,3,3,3389.486,0.0,0.0,0.0,0.0,338948.6
1712017,IT,LV,VEGE1,DAIRY,0.01,3389.424,3,3,3389.424,0.0,0.0,0.0,0.0,338942.4
1651694,IT,CY,FABRI,PULP5,0.01,3389.249,3,3,3389.249,0.0,0.0,0.0,0.0,338924.9
1791338,IT,WA,SALEM,PRINT,0.03,3388.957,3,3,3388.957,0.0,0.0,0.0,0.0,112965.233333
1778385,IT,TR,RETAI,FOOD4,0.03,3388.873,3,3,3388.873,0.0,0.0,0.0,0.0,112962.433333
1777921,IT,TR,MACHI,COALT,0.02,3388.811,3,3,3388.811,0.0,0.0,0.0,0.0,169440.55
1718134,IT,PL,VEGE1,BIODI,0.01,3388.277,3,3,3388.277,0.0,0.0,0.0,0.0,338827.7
1808244,IT,WF,FOOD2,OILSE,0.02,3388.265,3,3,3388.265,0.0,0.0,0.0,0.0,169413.25
1726594,IT,RO,MOTO1,POULT,0.02,3388.088,3,3,3388.088,0.0,0.0,0.0,0.0,169404.4
1778386,IT,TR,RETAI,PAPE4,0.03,3387.955,3,3,3387.955,0.0,0.0,0.0,0.0,112931.833333
1778383,IT,TR,RETAI,FOOD3,0.03,3387.92,3,3,3387.92,0.0,0.0,0.0,0.0,112930.666667
1643700,IT,AT,SUPPO,BITU1,0.02,3387.586,3,3,3387.586,0.0,0.0,0.0,0.0,169379.3
1757067,IT,KR,BUSIN,ELEC8,0.03,3387.342,3,3,3387.342,0.0,0.0,0.0,0.0,112911.4
1778380,IT,TR,RETAI,INTER,0.03,3387.215,3,3,3387.215,0.0,0.0,0.0,0.0,112907.166667
1778382,IT,TR,RETAI,FOOD2,0.03,3387.19,3,3,3387.19,0.0,0.0,0.0,0.0,112906.333333
1778381,IT,TR,RETAI,OILHA,0.03,3387.141,3,3,3387.141,0.0,0.0,0.0,0.0,112904.7
1778390,IT,TR,RETAI,WOOD2,0.03,3387.126,3,3,3387.126,0.0,0.0,0.0,0.0,112904.2
1778387,IT,TR,RETAI,PLAS2,0.03,3387.122,3,3,3387.122,0.0,0.0,0.0,0.0,112904.066667
1652689,IT,CZ,PAPER,STONE,0.01,3386.72,3,3,3386.72,0.0,0.0,0.0,0.0,338672.0
1669225,IT,ES,POSTT,FOODW,0.06,3386.697,3,3,3386.697,0.0,0.0,0.0,0.0,56444.95
1716982,IT,NL,LANDT,CHEMI,0.02,3386.588,3,3,3386.588,0.0,0.0,0.0,0.0,169329.4
1687088,IT,HU,MOTO1,POSTT,0.02,3386.506,3,3,3386.506,0.0,0.0,0.0,0.0,169325.3
1753115,IT,CA,RUBBE,CERAM,0.01,3386.307,3,3,3386.307,0.0,0.0,0.0,0.0,338630.7
1730891,IT,SE,PAPE1,RETA1,0.02,3385.876,3,3,3385.876,0.0,0.0,0.0,0.0,169293.8
1669531,IT,ES,REALE,FOOD5,0.14,3385.681,3,3,3385.681,0.0,0.0,0.0,0.0,24183.435714
1747183,IT,JP,CONST,DIST1,0.02,3385.373,3,3,3385.373,0.0,0.0,0.0,0.0,169268.65
1802732,IT,WE,RESEA,PFERT,0.02,3385.333,3,3,3385.333,0.0,0.0,0.0,0.0,169266.65
1783811,IT,NO,INERT,RETAI,0.02,3385.163,3,3,3385.163,0.0,0.0,0.0,0.0,169258.15
1661724,IT,DK,WEARI,PRIVA,0.03,3385.142,3,3,3385.142,0.0,0.0,0.0,0.0,112838.066667
1807851,IT,WF,PAPE1,CHEMI,0.02,3385.031,3,3,3385.031,0.0,0.0,0.0,0.0,169251.55
1738737,IT,GB,MACHI,WOOD1,0.02,3384.929,3,3,3384.929,0.0,0.0,0.0,0.0,169246.45
1659502,IT,DE,RETA1,OFFIC,0.04,3384.528,3,3,3384.528,0.0,0.0,0.0,0.0,84613.2
1775882,IT,TR,PROCE,VEGE1,0.02,3384.525,3,3,3384.525,0.0,0.0,0.0,0.0,169226.25
1644850,IT,BE,WEARI,LEATH,0.03,3384.424,3,3,3384.424,0.0,0.0,0.0,0.0,112814.133333
1684800,IT,HU,FORES,FABRI,0.03,3384.333,4,4,3383.333,0.0,1.0,0.0,0.0,112811.1
1768507,IT,AU,FOOD5,TEXTI,0.02,3384.024,3,3,3384.024,0.0,0.0,0.0,0.0,169201.2
1793027,IT,WA,FOOD4,PADDY,0.02,3383.649,3,3,3383.649,0.0,0.0,0.0,0.0,169182.45
1667751,IT,ES,OFFIC,NONFE,0.01,3383.534,3,3,3383.534,0.0,0.0,0.0,0.0,338353.4
1716915,IT,NL,HOTEL,SEWAG,0.02,3383.533,3,3,3383.533,0.0,0.0,0.0,0.0,169176.65
1670191,IT,ES,RECRE,GASDI,0.04,3383.393,3,3,3383.393,0.0,0.0,0.0,0.0,84584.825
1660732,IT,DE,RENTI,RAILW,0.02,3383.178,3,3,3383.178,0.0,0.0,0.0,0.0,169158.9
1672790,IT,FR,MEATP,POSTT,0.01,3382.63,3,3,3382.63,0.0,0.0,0.0,0.0,338263.0
1776119,IT,TR,LEATH,BEVER,0.02,3382.539,3,3,3382.539,0.0,0.0,0.0,0.0,169126.95
1813713,IT,WM,RETA1,PRIVA,0.04,3382.474,3,3,3382.474,0.0,0.0,0.0,0.0,84561.85
1800457,IT,WE,RUBBE,WHEAT,0.01,3382.453,3,3,3382.453,0.0,0.0,0.0,0.0,338245.3
1770055,IT,AU,SALEM,BUSIN,0.03,3381.83,3,3,3381.83,0.0,0.0,0.0,0.0,112727.666667
1685069,IT,HU,PROCE,REALE,0.02,3381.738,3,3,3381.738,0.0,0.0,0.0,0.0,169086.9
1775999,IT,TR,TEXTI,FISHF,0.02,3381.532,3,3,3381.532,0.0,0.0,0.0,0.0,169076.6
1798604,IT,WE,MEATP,BUSIN,0.01,3381.41,3,3,3381.41,0.0,0.0,0.0,0.0,338141.0
1765053,IT,MX,INSUR,COLLE,0.07,3381.368,3,3,3381.368,0.0,0.0,0.0,0.0,48305.257143
1759317,IT,BR,POSTT,PAPE4,0.06,3381.324,3,3,3381.324,0.0,0.0,0.0,0.0,56355.4
1731273,IT,SI,MEATP,93197,0.01,3381.255,3,3,3381.255,0.0,0.0,0.0,0.0,338125.5
1768740,IT,AU,WEARI,BASIC,0.03,3380.961,3,3,3380.961,0.0,0.0,0.0,0.0,112698.7
1793131,IT,WA,RECRE,OFFIC,0.04,3380.769,3,3,3380.769,0.0,0.0,0.0,0.0,84519.225
1730515,IT,SE,FINAN,HEALT,0.04,3380.749,3,3,3380.749,0.0,0.0,0.0,0.0,84518.725
1770653,IT,AU,FINAN,COMPU,0.04,3380.348,3,3,3380.348,0.0,0.0,0.0,0.0,84508.7
1676777,IT,FR,LANDT,COKEO,0.02,3380.235,3,3,3380.235,0.0,0.0,0.0,0.0,169011.75
1748273,IT,JP,MEMBE,ELECT,0.04,3380.199,3,3,3380.199,0.0,0.0,0.0,0.0,84504.975
1740293,IT,GB,BUSIN,TEXT2,0.03,3380.134,3,3,3380.134,0.0,0.0,0.0,0.0,112671.133333
1644512,IT,BE,DAIRY,MOTO1,0.01,3380.1,3,3,3380.1,0.0,0.0,0.0,0.0,338010.0
1771915,IT,CH,PAPER,FISH5,0.01,3380.081,3,3,3380.081,0.0,0.0,0.0,0.0,338008.1
1690542,IT,IE,MEMBE,93197,0.04,3380.032,3,3,3380.032,0.0,0.0,0.0,0.0,84500.8
1690558,IT,IE,RECRE,HOTEL,0.04,3380.028,3,3,3380.028,0.0,0.0,0.0,0.0,84500.7
1690330,IT,IE,FOOD2,COMPU,0.02,3379.954,3,3,3379.954,0.0,0.0,0.0,0.0,168997.7
1744381,IT,US,INSUR,CONST,0.07,3379.824,3,3,3379.824,0.0,0.0,0.0,0.0,48283.2
1680762,IT,GR,RETA1,RENTI,0.04,3379.655,3,3,3379.655,0.0,0.0,0.0,0.0,84491.375
1690157,IT,IE,COMPU,INERT,0.04,3379.045,3,3,3379.045,0.0,0.0,0.0,0.0,84476.125
1768589,IT,AU,BEVER,MACHI,0.01,3378.891,3,3,3378.891,0.0,0.0,0.0,0.0,337889.1
1782671,IT,NO,WHOLE,FOOD5,0.03,3378.532,3,3,3378.532,0.0,0.0,0.0,0.0,112617.733333
1734254,IT,SI,COMPU,ELEC4,0.04,3378.401,3,3,3378.401,0.0,0.0,0.0,0.0,84460.025
1795871,IT,WL,OFFIC,BIOGA,0.01,3378.142,3,3,3378.142,0.0,0.0,0.0,0.0,337814.2
1793854,IT,WL,TEXTI,MACHI,0.02,3378.046,3,3,3378.046,0.0,0.0,0.0,0.0,168902.3
1754168,IT,CA,SUPPO,COPP1,0.02,3378.011,3,3,3378.011,0.0,0.0,0.0,0.0,168900.55
1779805,IT,TR,BUSIN,FOOD3,0.03,3377.96,3,3,3377.96,0.0,0.0,0.0,0.0,112598.666667
1711616,IT,LU,REALE,RUBBE,0.14,3377.889,3,3,3377.889,0.0,0.0,0.0,0.0,24127.778571
1680425,IT,GR,ELEC4,FOOD5,0.05,3377.826,3,3,3377.826,0.0,0.0,0.0,0.0,67556.52
1803717,IT,WF,FISH5,OILSE,0.01,3377.773,4,4,3377.771,0.0,0.0,0.0,0.002,337777.3
1803891,IT,WF,WEARI,CHEMI,0.03,3377.727,3,3,3377.727,0.0,0.0,0.0,0.0,112590.9
1663533,IT,DK,COMPU,FISH5,0.04,3377.487,3,3,3377.487,0.0,0.0,0.0,0.0,84437.175
1687471,IT,HU,RAILW,REALE,0.02,3377.243,3,3,3377.243,0.0,0.0,0.0,0.0,168862.15
1760245,IT,BR,WOOD2,MEAT1,0.02,3376.978,3,3,3376.978,0.0,0.0,0.0,0.0,168848.9
1759187,IT,BR,SUPPO,VEGET,0.02,3376.86,3,3,3376.86,0.0,0.0,0.0,0.0,168843.0
1678681,IT,GR,VEGE1,MEAT4,0.01,3376.817,3,3,3376.817,0.0,0.0,0.0,0.0,337681.7
1643998,IT,AT,RESEA,CHEM1,0.02,3376.812,3,3,3376.812,0.0,0.0,0.0,0.0,168840.6
1775538,IT,CH,FOOD4,WHOLE,0.02,3376.708,3,3,3376.708,0.0,0.0,0.0,0.0,168835.4
1640706,IT,AT,TOBAC,RETA1,0.01,3376.666,3,3,3376.666,0.0,0.0,0.0,0.0,337666.6
1689058,IT,IE,TRANS,MOTO1,0.02,3376.652,3,3,3376.652,0.0,0.0,0.0,0.0,168832.6
1669838,IT,ES,BUSIN,FOODW,0.03,3376.635,3,3,3376.635,0.0,0.0,0.0,0.0,112554.5
1795856,IT,WL,OFFIC,MEAT1,0.01,3376.194,3,3,3376.194,0.0,0.0,0.0,0.0,337619.4
1763289,IT,MX,PAPER,LIQUE,0.01,3376.023,3,3,3376.023,0.0,0.0,0.0,0.0,337602.3
1650646,IT,BG,WHOLE,MEAT4,0.03,3375.697,3,3,3375.697,0.0,0.0,0.0,0.0,112523.233333
1725149,IT,RO,MEATP,RETAI,0.01,3375.681,3,3,3375.681,0.0,0.0,0.0,0.0,337568.1
1710676,IT,LU,DAIRY,BEVER,0.01,3375.602,3,3,3375.602,0.0,0.0,0.0,0.0,337560.2
1663987,IT,EE,PAPER,AUXIL,0.01,3375.553,3,3,3375.553,0.0,0.0,0.0,0.0,337555.3
1754620,IT,KR,FORES,TRANS,0.03,3375.43,4,4,3374.43,0.0,1.0,0.0,0.0,112514.333333
1687726,IT,HU,SUPPO,CHEM1,0.02,3375.338,3,3,3375.338,0.0,0.0,0.0,0.0,168766.9
1712151,IT,LV,WEARI,93197,0.03,3375.279,3,3,3375.279,0.0,0.0,0.0,0.0,112509.3
1734292,IT,SI,BUSIN,FISH5,0.03,3375.11,3,3,3375.11,0.0,0.0,0.0,0.0,112503.666667
1797898,IT,WL,WASTE,ELEC2,0.01,3374.966,3,3,3374.966,0.0,0.0,0.0,0.0,337496.6
1770840,IT,AU,BUSIN,PROCE,0.03,3374.908,3,3,3374.908,0.0,0.0,0.0,0.0,112496.933333
1669304,IT,ES,FINAN,FOUND,0.04,3374.896,3,3,3374.896,0.0,0.0,0.0,0.0,84372.4
1768583,IT,AU,BEVER,PLAST,0.01,3374.665,3,3,3374.665,0.0,0.0,0.0,0.0,337466.5
1710107,IT,LT,FABRI,COMPU,0.01,3374.567,3,3,3374.567,0.0,0.0,0.0,0.0,337456.7
1726601,IT,RO,MOTO1,VEGE1,0.02,3374.479,3,3,3374.479,0.0,0.0,0.0,0.0,168723.95
1717611,IT,NL,BUSIN,WHEAT,0.03,3374.416,3,3,3374.416,0.0,0.0,0.0,0.0,112480.533333
1678572,IT,GR,CROPS,MOTO1,0.03,3374.122,3,3,3374.122,0.0,0.0,0.0,0.0,112470.733333
1646985,IT,BE,RETA1,BEVER,0.04,3374.066,3,3,3374.066,0.0,0.0,0.0,0.0,84351.65
1660528,IT,DE,INSUR,AUXIL,0.07,3373.796,3,3,3373.796,0.0,0.0,0.0,0.0,48197.085714
1775469,IT,CH,PLAS1,DIST1,0.01,3373.719,3,3,3373.719,0.0,0.0,0.0,0.0,337371.9
1720931,IT,PL,RETAI,MACHI,0.03,3373.56,3,3,3373.56,0.0,0.0,0.0,0.0,112452.0
1724496,IT,PT,SUPPO,RECRE,0.02,3373.465,3,3,3373.465,0.0,0.0,0.0,0.0,168673.25
1658386,IT,DE,FABRI,COKIN,0.01,3373.415,3,3,3373.415,0.0,0.0,0.0,0.0,337341.5
1714907,IT,NL,BEVER,NONF1,0.01,3373.382,3,3,3373.382,0.0,0.0,0.0,0.0,337338.2
1796771,IT,WL,LANDT,ELEC4,0.02,3373.138,3,3,3373.138,0.0,0.0,0.0,0.0,168656.9
1710190,IT,LT,MACHI,FINAN,0.02,3373.084,3,3,3373.084,0.0,0.0,0.0,0.0,168654.2
1773495,IT,CH,MOTO1,PIGS9,0.02,3372.864,3,3,3372.864,0.0,0.0,0.0,0.0,168643.2
1782514,IT,NO,OFFIC,NONME,0.01,3372.753,3,3,3372.753,0.0,0.0,0.0,0.0,337275.3
1778591,IT,TR,RETA1,FOOD3,0.04,3372.711,3,3,3372.711,0.0,0.0,0.0,0.0,84317.775
1717196,IT,NL,SUPPO,BEVER,0.02,3372.206,3,3,3372.206,0.0,0.0,0.0,0.0,168610.3
1734531,IT,SK,DAIRY,BUSIN,0.01,3372.041,3,3,3372.041,0.0,0.0,0.0,0.0,337204.1
1780650,IT,TW,AUXIL,LEATH,0.06,3372.019,3,3,3372.019,0.0,0.0,0.0,0.0,56200.316667
1765470,IT,RU,WEARI,VEGET,0.03,3371.766,3,3,3371.766,0.0,0.0,0.0,0.0,112392.2
1802148,IT,WE,HOTEL,LIGNI,0.02,3371.669,3,3,3371.669,0.0,0.0,0.0,0.0,168583.45
1801569,IT,WE,TRANS,MOTOR,0.02,3371.59,3,3,3371.59,0.0,0.0,0.0,0.0,168579.5
1654484,IT,CZ,HOTEL,FISHF,0.02,3371.578,3,3,3371.578,0.0,0.0,0.0,0.0,168578.9
1680460,IT,GR,ELEC5,VEGET,0.04,3371.202,3,3,3371.202,0.0,0.0,0.0,0.0,84280.05
1717023,IT,NL,LANDT,LIQUI,0.02,3371.199,3,3,3371.199,0.0,0.0,0.0,0.0,168559.95
1801145,IT,WE,FABRI,WOOLS,0.01,3371.15,3,3,3371.15,0.0,0.0,0.0,0.0,337115.0
1808743,IT,WF,TEXT2,AUXIL,0.02,3371.139,3,3,3371.139,0.0,0.0,0.0,0.0,168556.95
1774112,IT,CH,WHOLE,FOUND,0.03,3370.793,3,3,3370.793,0.0,0.0,0.0,0.0,112359.766667
1684141,IT,HR,LANDT,SUGA1,0.02,3370.604,3,3,3370.604,0.0,0.0,0.0,0.0,168530.2
1665130,IT,ES,DAIRY,SUGA1,0.01,3370.568,3,3,3370.568,0.0,0.0,0.0,0.0,337056.8
1683634,IT,HR,FABRI,HEAVY,0.01,3370.542,3,3,3370.542,0.0,0.0,0.0,0.0,337054.2
1727585,IT,RO,REALE,DIST1,0.14,3370.434,3,3,3370.434,0.0,0.0,0.0,0.0,24074.528571
1718954,IT,PL,PRINT,INLAN,0.03,3370.204,3,3,3370.204,0.0,0.0,0.0,0.0,112340.133333
1790951,IT,WA,MOTO1,PLANT,0.02,3370.165,3,3,3370.165,0.0,0.0,0.0,0.0,168508.25
1745584,IT,JP,FISH5,ELEC4,0.01,3370.098,4,4,3370.096,0.0,0.0,0.0,0.002,337009.8
1687587,IT,HU,LANDT,FOOD3,0.02,3370.019,3,3,3370.019,0.0,0.0,0.0,0.0,168500.95
1670411,IT,FI,FOOD5,MEAT4,0.02,3369.945,3,3,3369.945,0.0,0.0,0.0,0.0,168497.25
1797654,IT,WL,PAPE1,FURNI,0.02,3369.895,3,3,3369.895,0.0,0.0,0.0,0.0,168494.75
1685003,IT,HU,VEGE1,DIST1,0.01,3369.847,3,3,3369.847,0.0,0.0,0.0,0.0,336984.7
1747071,IT,JP,FURNI,NONF1,0.01,3369.728,3,3,3369.728,0.0,0.0,0.0,0.0,336972.8
1668515,IT,ES,HOTEL,NONSP,0.02,3369.672,3,3,3369.672,0.0,0.0,0.0,0.0,168483.6
1783933,IT,ID,STONE,PIGS9,0.01,3369.593,3,3,3369.593,0.0,0.0,0.0,0.0,336959.3
1751640,IT,CN,FINAN,OFFIC,0.04,3369.542,3,3,3369.542,0.0,0.0,0.0,0.0,84238.55
1801932,IT,WE,SALEM,PRINT,0.03,3369.443,3,3,3369.443,0.0,0.0,0.0,0.0,112314.766667
1808867,IT,WF,PRIVA,LIQUE,0.75,3369.389,3,3,3369.389,0.0,0.0,0.0,0.0,4492.518667
1808039,IT,WF,INTER,AIRTR,0.02,3369.193,3,3,3369.193,0.0,0.0,0.0,0.0,168459.65
1689672,IT,IE,POSTT,ELEC5,0.06,3369.091,3,3,3369.091,0.0,0.0,0.0,0.0,56151.516667
1747246,IT,JP,SALEM,HEALT,0.03,3368.768,3,3,3368.768,0.0,0.0,0.0,0.0,112292.266667
1793213,IT,WA,PRIVA,PLANT,0.75,3368.697,3,3,3368.697,0.0,0.0,0.0,0.0,4491.596
1681896,IT,HR,DAIRY,BRICK,0.01,3368.655,3,3,3368.655,0.0,0.0,0.0,0.0,336865.5
1652183,IT,CZ,DAIRY,ANIMA,0.01,3368.432,3,3,3368.432,0.0,0.0,0.0,0.0,336843.2
1670095,IT,ES,FOOD4,RETA1,0.02,3368.406,3,3,3368.406,0.0,0.0,0.0,0.0,168420.3
1661500,IT,DK,FOOD5,PRINT,0.02,3368.156,3,3,3368.156,0.0,0.0,0.0,0.0,168407.8
1718231,IT,PL,PROCE,MACHI,0.02,3367.927,3,3,3367.927,0.0,0.0,0.0,0.0,168396.35
1645091,IT,BE,PAPER,RETAI,0.01,3367.917,3,3,3367.917,0.0,0.0,0.0,0.0,336791.7
1640381,IT,AT,MEATP,RECRE,0.01,3367.727,3,3,3367.727,0.0,0.0,0.0,0.0,336772.7
1806926,IT,WF,RAILW,SALEM,0.02,3367.697,3,3,3367.697,0.0,0.0,0.0,0.0,168384.85
1717900,IT,PL,MEATA,RUBBE,0.02,3367.678,3,3,3367.678,0.0,0.0,0.0,0.0,168383.9
1751196,IT,CN,HOTEL,BITU1,0.02,3367.465,3,3,3367.465,0.0,0.0,0.0,0.0,168373.25
1670663,IT,FI,LEATH,WOOD1,0.02,3367.435,3,3,3367.435,0.0,0.0,0.0,0.0,168371.75
1764078,IT,MX,FABRI,DAIRY,0.01,3367.424,3,3,3367.424,0.0,0.0,0.0,0.0,336742.4
1743335,IT,US,CONST,HEALT,0.02,3367.358,3,3,3367.358,0.0,0.0,0.0,0.0,168367.9
1751988,IT,CN,RESEA,PFERT,0.02,3367.291,3,3,3367.291,0.0,0.0,0.0,0.0,168364.55
1796044,IT,WL,TRANS,WOOLS,0.02,3366.997,3,3,3366.997,0.0,0.0,0.0,0.0,168349.85
1731868,IT,SI,PRINT,ELEC4,0.03,3366.927,3,3,3366.927,0.0,0.0,0.0,0.0,112230.9
1640224,IT,AT,FORES,PREC1,0.03,3366.779,4,4,3365.779,0.0,1.0,0.0,0.0,112225.966667
1736828,IT,SK,BUSIN,PIGS9,0.03,3366.714,3,3,3366.714,0.0,0.0,0.0,0.0,112223.8
1761302,IT,IN,RUBBE,AUXIL,0.01,3366.674,3,3,3366.674,0.0,0.0,0.0,0.0,336667.4
1792332,IT,WA,FINAN,GASDI,0.04,3366.59,3,3,3366.59,0.0,0.0,0.0,0.0,84164.75
1808389,IT,WF,WASTE,LEAD1,0.01,3366.524,3,3,3366.524,0.0,0.0,0.0,0.0,336652.4
1792313,IT,WA,FINAN,FISHF,0.04,3366.474,3,3,3366.474,0.0,0.0,0.0,0.0,84161.85
1668499,IT,ES,HOTEL,PULP5,0.02,3366.332,3,3,3366.332,0.0,0.0,0.0,0.0,168316.6
1782405,IT,NO,FABRI,TEXT1,0.01,3366.258,3,3,3366.258,0.0,0.0,0.0,0.0,336625.8
1714834,IT,NL,FOOD5,FABRI,0.02,3366.256,3,3,3366.256,0.0,0.0,0.0,0.0,168312.8
1769965,IT,AU,TRANS,CHEM1,0.02,3366.014,3,3,3366.014,0.0,0.0,0.0,0.0,168300.7
1727561,IT,RO,REALE,CHEM1,0.14,3365.823,3,3,3365.823,0.0,0.0,0.0,0.0,24041.592857
1741312,IT,US,PAPER,DISTR,0.01,3365.474,3,3,3365.474,0.0,0.0,0.0,0.0,336547.4
1752363,IT,CA,MEAT4,MACHI,0.02,3365.396,3,3,3365.396,0.0,0.0,0.0,0.0,168269.8
1717945,IT,PL,STONE,STEAM,0.01,3365.173,3,3,3365.173,0.0,0.0,0.0,0.0,336517.3
1801505,IT,WE,MOTO1,ELE11,0.02,3365.143,3,3,3365.143,0.0,0.0,0.0,0.0,168257.15
1667469,IT,ES,FABRI,ANIMA,0.01,3365.133,3,3,3365.133,0.0,0.0,0.0,0.0,336513.3
1748538,IT,CN,MEATP,HOTEL,0.01,3365.095,3,3,3365.095,0.0,0.0,0.0,0.0,336509.5
1733485,IT,SI,WHOLE,POULT,0.03,3365.064,3,3,3365.064,0.0,0.0,0.0,0.0,112168.8
1766877,IT,RU,OFFIC,GASDI,0.01,3364.946,3,3,3364.946,0.0,0.0,0.0,0.0,336494.6
1797911,IT,WL,WASTE,BUSIN,0.01,3364.94,3,3,3364.94,0.0,0.0,0.0,0.0,336494.0
1783559,IT,NO,FOOD1,RESEA,0.02,3364.913,3,3,3364.913,0.0,0.0,0.0,0.0,168245.65
1735907,IT,SK,OFFIC,POSTT,0.01,3364.797,3,3,3364.797,0.0,0.0,0.0,0.0,336479.7
1778345,IT,TR,RETAI,MEATC,0.03,3364.716,3,3,3364.716,0.0,0.0,0.0,0.0,112157.2
1762818,IT,IN,PUBLI,GLASS,0.06,3364.594,3,3,3364.594,0.0,0.0,0.0,0.0,56076.566667
1807317,IT,WF,POSTT,ELEC2,0.06,3364.464,3,3,3364.464,0.0,0.0,0.0,0.0,56074.4
1728422,IT,SE,WEARI,RADIO,0.03,3364.23,3,3,3364.23,0.0,0.0,0.0,0.0,112141.0
1807227,IT,WF,SUPPO,SUGA1,0.02,3363.952,3,3,3363.952,0.0,0.0,0.0,0.0,168197.6
1780210,IT,TW,RAILW,PLAST,0.02,3363.864,3,3,3363.864,0.0,0.0,0.0,0.0,168193.2
1651120,IT,BG,COMPU,CONST,0.04,3363.523,3,3,3363.523,0.0,0.0,0.0,0.0,84088.075
1746754,IT,JP,MACHI,OILSE,0.02,3363.5,3,3,3363.5,0.0,0.0,0.0,0.0,168175.0
1644443,IT,BE,VEGE1,PROCE,0.01,3363.305,3,3,3363.305,0.0,0.0,0.0,0.0,336330.5
1770548,IT,AU,SUPPO,FURNI,0.02,3362.895,3,3,3362.895,0.0,0.0,0.0,0.0,168144.75
1678080,IT,FR,FOODW,COLLE,0.02,3362.772,3,3,3362.772,0.0,0.0,0.0,0.0,168138.6
1711710,IT,LU,BUSIN,PREC1,0.03,3362.688,3,3,3362.688,0.0,0.0,0.0,0.0,112089.6
1655076,IT,CZ,COMPU,TRAN1,0.04,3362.507,3,3,3362.507,0.0,0.0,0.0,0.0,84062.675
1738806,IT,GB,MOTO1,LEATH,0.02,3362.489,3,3,3362.489,0.0,0.0,0.0,0.0,168124.45
1780584,IT,TW,INSUR,DAIRY,0.07,3362.331,3,3,3362.331,0.0,0.0,0.0,0.0,48033.3
1739677,IT,GB,SUPPO,MEAT4,0.02,3362.302,3,3,3362.302,0.0,0.0,0.0,0.0,168115.1
1688099,IT,HU,RESEA,BUSIN,0.02,3361.992,3,3,3361.992,0.0,0.0,0.0,0.0,168099.6
1678396,IT,FR,PAPE4,WOOD1,0.02,3361.713,3,3,3361.713,0.0,0.0,0.0,0.0,168085.65
1745531,IT,JP,BEVER,RAWMI,0.01,3361.71,3,3,3361.71,0.0,0.0,0.0,0.0,336171.0
1664374,IT,EE,FABRI,EDUCA,0.01,3361.658,3,3,3361.658,0.0,0.0,0.0,0.0,336165.8
1656581,IT,DE,PRINT,REFI1,0.03,3361.626,3,3,3361.626,0.0,0.0,0.0,0.0,112054.2
1718909,IT,PL,PRINT,LIQUE,0.03,3361.198,3,3,3361.198,0.0,0.0,0.0,0.0,112039.933333
1779467,IT,TR,RENTI,MEAT4,0.02,3361.158,3,3,3361.158,0.0,0.0,0.0,0.0,168057.9
1787469,IT,WA,STONE,COMPU,0.01,3361.126,3,3,3361.126,0.0,0.0,0.0,0.0,336112.6
1665094,IT,ES,VEGE1,KERO1,0.01,3361.063,3,3,3361.063,0.0,0.0,0.0,0.0,336106.3
1785169,IT,ZA,FOOD5,TEXTI,0.02,3360.257,3,3,3360.257,0.0,0.0,0.0,0.0,168012.85
1649493,IT,BG,RUBBE,PIGS9,0.01,3360.136,3,3,3360.136,0.0,0.0,0.0,0.0,336013.6
1687705,IT,HU,SUPPO,RAWMI,0.02,3359.978,3,3,3359.978,0.0,0.0,0.0,0.0,167998.9
1753432,IT,CA,FABRI,WEARI,0.01,3359.798,3,3,3359.798,0.0,0.0,0.0,0.0,335979.8
1774804,IT,CH,POSTT,MOTO1,0.06,3359.777,3,3,3359.777,0.0,0.0,0.0,0.0,55996.283333
1727982,IT,SE,FORES,FOOD2,0.03,3359.752,4,4,3358.752,0.0,1.0,0.0,0.0,111991.733333
1768422,IT,AU,DAIRY,VEGET,0.01,3359.678,3,3,3359.678,0.0,0.0,0.0,0.0,335967.8
1650206,IT,BG,TRANS,STEAM,0.02,3359.588,3,3,3359.588,0.0,0.0,0.0,0.0,167979.4
1670623,IT,FI,WEARI,PAPE4,0.03,3359.543,3,3,3359.543,0.0,0.0,0.0,0.0,111984.766667
1727166,IT,RO,LANDT,FOOD2,0.02,3359.081,3,3,3359.081,0.0,0.0,0.0,0.0,167954.05
1671607,IT,FI,FURNI,PAPER,0.01,3359.06,3,3,3359.06,0.0,0.0,0.0,0.0,335906.0
1766896,IT,RU,OFFIC,ELEC4,0.01,3358.994,3,3,3358.994,0.0,0.0,0.0,0.0,335899.4
1814452,IT,WM,COMPU,OFFIC,0.04,3358.92,3,3,3358.92,0.0,0.0,0.0,0.0,83973.0
1797994,IT,WL,PAPE4,93197,0.02,3358.89,3,3,3358.89,0.0,0.0,0.0,0.0,167944.5
1738696,IT,GB,MACHI,RADIO,0.02,3358.712,3,3,3358.712,0.0,0.0,0.0,0.0,167935.6
1687048,IT,HU,MOTO1,FISH5,0.02,3358.391,3,3,3358.391,0.0,0.0,0.0,0.0,167919.55
1791622,IT,WA,HOTEL,PROCE,0.02,3358.135,3,3,3358.135,0.0,0.0,0.0,0.0,167906.75
1726063,IT,RO,RUBBE,FISHF,0.01,3357.865,3,3,3357.865,0.0,0.0,0.0,0.0,335786.5
1806908,IT,WF,HOTEL,RESEA,0.02,3357.851,3,3,3357.851,0.0,0.0,0.0,0.0,167892.55
1740766,IT,US,MEAT4,ELEC1,0.02,3357.5,3,3,3357.5,0.0,0.0,0.0,0.0,167875.0
1736762,IT,SK,RENTI,TRANS,0.02,3357.477,3,3,3357.477,0.0,0.0,0.0,0.0,167873.85
1791198,IT,WA,FURNI,GASDI,0.01,3357.404,3,3,3357.404,0.0,0.0,0.0,0.0,335740.4
1745591,IT,JP,FISH5,RENTI,0.01,3357.276,4,4,3357.274,0.0,0.0,0.0,0.002,335727.6
1684743,IT,HU,VEGET,POSTT,0.01,3357.051,3,3,3357.051,0.0,0.0,0.0,0.0,335705.1
1690465,IT,IE,PAPE4,RUBBE,0.02,3356.993,3,3,3356.993,0.0,0.0,0.0,0.0,167849.65
1668509,IT,ES,HOTEL,REFI1,0.02,3356.966,3,3,3356.966,0.0,0.0,0.0,0.0,167848.3
1716999,IT,NL,LANDT,PAPER,0.02,3356.803,3,3,3356.803,0.0,0.0,0.0,0.0,167840.15
1678869,IT,GR,FISH5,STEAM,0.01,3356.637,4,4,3356.635,0.0,0.0,0.0,0.002,335663.7
1668585,IT,ES,HOTEL,TEXT1,0.02,3356.47,3,3,3356.47,0.0,0.0,0.0,0.0,167823.5
1710687,IT,LU,PROCE,TEXTI,0.02,3356.234,3,3,3356.234,0.0,0.0,0.0,0.0,167811.7
1647713,IT,BE,INSUR,NAPHT,0.07,3355.917,3,3,3355.917,0.0,0.0,0.0,0.0,47941.671429
1763629,IT,MX,RUBBE,SUGAR,0.01,3355.747,3,3,3355.747,0.0,0.0,0.0,0.0,335574.7
1737106,IT,GB,MEATP,VEGE1,0.01,3355.494,3,3,3355.494,0.0,0.0,0.0,0.0,335549.4
1767211,IT,RU,RETA1,FURNI,0.04,3355.363,3,3,3355.363,0.0,0.0,0.0,0.0,83884.075
1808966,IT,WM,VEGET,CROPS,0.01,3355.234,3,3,3355.234,0.0,0.0,0.0,0.0,335523.4
1761895,IT,IN,FURNI,PLANT,0.01,3354.813,3,3,3354.813,0.0,0.0,0.0,0.0,335481.3
1772061,IT,CH,PRINT,RETAI,0.03,3354.664,3,3,3354.664,0.0,0.0,0.0,0.0,111822.133333
1689080,IT,IE,FURNI,MACHI,0.01,3353.917,3,3,3353.917,0.0,0.0,0.0,0.0,335391.7
1793550,IT,WL,MEAT4,TEXTI,0.02,3353.904,3,3,3353.904,0.0,0.0,0.0,0.0,167695.2
1797490,IT,WL,BUSIN,NICKE,0.03,3353.832,3,3,3353.832,0.0,0.0,0.0,0.0,111794.4
1759814,IT,BR,BUSIN,FOOD2,0.03,3353.674,3,3,3353.674,0.0,0.0,0.0,0.0,111789.133333
1777931,IT,TR,MACHI,PETRO,0.02,3353.669,3,3,3353.669,0.0,0.0,0.0,0.0,167683.45
1668119,IT,ES,CONST,TRAN2,0.02,3353.603,3,3,3353.603,0.0,0.0,0.0,0.0,167680.15
1767722,IT,RU,FINAN,TRAN1,0.04,3353.523,3,3,3353.523,0.0,0.0,0.0,0.0,83838.075
1802698,IT,WE,COMPU,OFFIC,0.04,3353.477,3,3,3353.477,0.0,0.0,0.0,0.0,83836.925
1724692,IT,PT,INSUR,AIRTR,0.07,3353.466,3,3,3353.466,0.0,0.0,0.0,0.0,47906.657143
1649975,IT,BG,FABRI,AUXIL,0.01,3353.347,3,3,3353.347,0.0,0.0,0.0,0.0,335334.7
1710873,IT,LU,PRINT,HEALT,0.03,3353.336,3,3,3353.336,0.0,0.0,0.0,0.0,111777.866667
1670546,IT,FI,TEXTI,PLAST,0.02,3353.182,3,3,3353.182,0.0,0.0,0.0,0.0,167659.1
1711790,IT,LU,PUBLI,DIST1,0.05,3353.108,3,3,3353.108,0.0,0.0,0.0,0.0,67062.16
1762071,IT,IN,RETA1,CERAM,0.04,3353.079,3,3,3353.079,0.0,0.0,0.0,0.0,83826.975
1651972,IT,CY,BUSIN,INTER,0.03,3352.797,3,3,3352.797,0.0,0.0,0.0,0.0,111759.9
1774219,IT,CH,RETA1,COPP1,0.04,3352.554,3,3,3352.554,0.0,0.0,0.0,0.0,83813.85
1670324,IT,FI,MEATC,HOTEL,0.01,3352.534,3,3,3352.534,0.0,0.0,0.0,0.0,335253.4
1649051,IT,BG,PULP5,WHOLE,0.01,3352.484,3,3,3352.484,0.0,0.0,0.0,0.0,335248.4
1640367,IT,AT,MEATP,MEATP,0.01,3352.458,3,3,3352.458,0.0,0.0,0.0,0.0,335245.8
1728229,IT,SE,FOOD5,ELEC3,0.02,3352.424,3,3,3352.424,0.0,0.0,0.0,0.0,167621.2
1640170,IT,AT,VEGET,PREC1,0.01,3352.157,3,3,3352.157,0.0,0.0,0.0,0.0,335215.7
1765256,IT,RU,MEAT4,SEACO,0.02,3352.044,3,3,3352.044,0.0,0.0,0.0,0.0,167602.2
1730732,IT,SE,BUSIN,CEREA,0.03,3352.011,3,3,3352.011,0.0,0.0,0.0,0.0,111733.7
1796745,IT,WL,LANDT,HEAVY,0.02,3351.99,3,3,3351.99,0.0,0.0,0.0,0.0,167599.5
1773405,IT,CH,OFFIC,PIGS9,0.01,3351.979,3,3,3351.979,0.0,0.0,0.0,0.0,335197.9
1677588,IT,FR,REALE,BIOGA,0.14,3351.734,3,3,3351.734,0.0,0.0,0.0,0.0,23940.957143
1771181,IT,CH,MEAT4,FURNI,0.02,3351.227,3,3,3351.227,0.0,0.0,0.0,0.0,167561.35
1710707,IT,LU,FOOD5,MEAT4,0.02,3350.305,3,3,3350.305,0.0,0.0,0.0,0.0,167515.25
1778588,IT,TR,RETA1,INTER,0.03,3350.201,3,3,3350.201,0.0,0.0,0.0,0.0,111673.366667
1778590,IT,TR,RETA1,FOOD2,0.03,3350.186,3,3,3350.186,0.0,0.0,0.0,0.0,111672.866667
1763162,IT,MX,LEATH,NAPHT,0.02,3349.947,3,3,3349.947,0.0,0.0,0.0,0.0,167497.35
1778589,IT,TR,RETA1,OILHA,0.03,3349.879,3,3,3349.879,0.0,0.0,0.0,0.0,111662.633333
1755309,IT,KR,PAPER,AUXIL,0.01,3349.792,3,3,3349.792,0.0,0.0,0.0,0.0,334979.2
1724691,IT,PT,INSUR,LANDT,0.07,3349.757,3,3,3349.757,0.0,0.0,0.0,0.0,47853.671429
1778595,IT,TR,RETA1,PLAS2,0.03,3349.725,3,3,3349.725,0.0,0.0,0.0,0.0,111657.5
1778598,IT,TR,RETA1,WOOD2,0.03,3349.619,3,3,3349.619,0.0,0.0,0.0,0.0,111653.966667
1670074,IT,ES,WASTE,AIRTR,0.01,3349.345,3,3,3349.345,0.0,0.0,0.0,0.0,334934.5
1650015,IT,BG,MACHI,VEGE1,0.02,3349.341,3,3,3349.341,0.0,0.0,0.0,0.0,167467.05
1709628,IT,LT,PAPER,PAPE4,0.01,3349.273,3,3,3349.273,0.0,0.0,0.0,0.0,334927.3
1654786,IT,CZ,SUPPO,MOTOR,0.02,3349.121,3,3,3349.121,0.0,0.0,0.0,0.0,167456.05
1714969,IT,NL,FISH5,DIST1,0.01,3349.068,4,4,3349.066,0.0,0.0,0.0,0.002,334906.8
1714965,IT,NL,FISH5,NAPHT,0.01,3349.011,4,4,3349.009,0.0,0.0,0.0,0.002,334901.1
1791312,IT,WA,CONST,93197,0.02,3348.773,3,3,3348.773,0.0,0.0,0.0,0.0,167438.65
1802153,IT,WE,HOTEL,SUGA1,0.02,3348.759,3,3,3348.759,0.0,0.0,0.0,0.0,167437.95
1647720,IT,BE,INSUR,BASIC,0.07,3348.759,3,3,3348.759,0.0,0.0,0.0,0.0,47839.414286
1667910,IT,ES,MOTO1,ELEC4,0.02,3348.75,3,3,3348.75,0.0,0.0,0.0,0.0,167437.5
1728175,IT,SE,PROCE,VEGE1,0.02,3348.728,3,3,3348.728,0.0,0.0,0.0,0.0,167436.4
1716446,IT,NL,OFFIC,SANDC,0.01,3348.661,3,3,3348.661,0.0,0.0,0.0,0.0,334866.1
1745581,IT,JP,FISH5,RUBBE,0.01,3348.37,4,4,3348.368,0.0,0.0,0.0,0.002,334837.0
1681246,IT,GR,FINAN,RUBBE,0.04,3348.178,3,3,3348.178,0.0,0.0,0.0,0.0,83704.45
1727892,IT,RO,FOOD4,COMPU,0.02,3348.035,3,3,3348.035,0.0,0.0,0.0,0.0,167401.75
1717653,IT,NL,BUSIN,LIQUE,0.03,3347.861,3,3,3347.861,0.0,0.0,0.0,0.0,111595.366667
1753948,IT,CA,LANDT,MEAT1,0.02,3347.51,3,3,3347.51,0.0,0.0,0.0,0.0,167375.5
1667502,IT,ES,FABRI,HEAVY,0.01,3347.503,3,3,3347.503,0.0,0.0,0.0,0.0,334750.3
1772556,IT,CH,RUBBE,ELEC2,0.01,3347.308,3,3,3347.308,0.0,0.0,0.0,0.0,334730.8
1716656,IT,NL,WHOLE,STONE,0.03,3347.271,3,3,3347.271,0.0,0.0,0.0,0.0,111575.7
1797084,IT,WL,POSTT,CROPS,0.06,3347.147,3,3,3347.147,0.0,0.0,0.0,0.0,55785.783333
1712869,IT,LV,REALE,TEXTI,0.14,3347.13,3,3,3347.13,0.0,0.0,0.0,0.0,23908.071429
1802283,IT,WE,LANDT,ELEC4,0.02,3347.038,3,3,3347.038,0.0,0.0,0.0,0.0,167351.9
1652371,IT,CZ,TEXTI,POULT,0.02,3347.014,3,3,3347.014,0.0,0.0,0.0,0.0,167350.7
1745921,IT,JP,LEATH,PAPE4,0.02,3346.875,3,3,3346.875,0.0,0.0,0.0,0.0,167343.75
1798005,IT,WL,INERT,FISH5,0.02,3346.741,3,3,3346.741,0.0,0.0,0.0,0.0,167337.05
1715152,IT,NL,LEATH,SUPPO,0.02,3346.552,3,3,3346.552,0.0,0.0,0.0,0.0,167327.6
1665458,IT,ES,WEARI,VEGE1,0.03,3346.537,3,3,3346.537,0.0,0.0,0.0,0.0,111551.233333
1755012,IT,KR,WEARI,WOODW,0.03,3346.44,3,3,3346.44,0.0,0.0,0.0,0.0,111548.0
1671929,IT,FI,LANDT,MEAT4,0.02,3346.333,3,3,3346.333,0.0,0.0,0.0,0.0,167316.65
1668332,IT,ES,WHOLE,INSUR,0.03,3346.316,3,3,3346.316,0.0,0.0,0.0,0.0,111543.866667
1640640,IT,AT,BEVER,STEAM,0.01,3346.208,3,3,3346.208,0.0,0.0,0.0,0.0,334620.8
1723897,IT,PT,FURNI,FOUND,0.01,3346.018,3,3,3346.018,0.0,0.0,0.0,0.0,334601.8
1813740,IT,WM,HOTEL,ETHAN,0.02,3345.897,3,3,3345.897,0.0,0.0,0.0,0.0,167294.85
1796163,IT,WL,FURNI,MEATP,0.01,3345.836,3,3,3345.836,0.0,0.0,0.0,0.0,334583.6
1786951,IT,ZA,POSTT,RETAI,0.06,3345.789,3,3,3345.789,0.0,0.0,0.0,0.0,55763.15
1690103,IT,IE,RENTI,INERT,0.02,3345.596,3,3,3345.596,0.0,0.0,0.0,0.0,167279.8
1724187,IT,PT,HOTEL,CEMEN,0.02,3345.537,3,3,3345.537,0.0,0.0,0.0,0.0,167276.85
1687776,IT,HU,SUPPO,WASTE,0.02,3345.413,3,3,3345.413,0.0,0.0,0.0,0.0,167270.65
1720541,IT,PL,OFFIC,BIOGA,0.01,3345.233,3,3,3345.233,0.0,0.0,0.0,0.0,334523.3
1678046,IT,FR,EDUCA,AUXIL,0.08,3345.176,3,3,3345.176,0.0,0.0,0.0,0.0,41814.7
1661369,IT,DK,MEATP,COMPU,0.01,3345.065,3,3,3345.065,0.0,0.0,0.0,0.0,334506.5
1687355,IT,HU,HOTEL,CHEMI,0.02,3345.047,3,3,3345.047,0.0,0.0,0.0,0.0,167252.35
1753912,IT,CA,RAILW,TRANS,0.02,3345.003,3,3,3345.003,0.0,0.0,0.0,0.0,167250.15
1684344,IT,HR,SUPPO,STEAM,0.02,3344.785,3,3,3344.785,0.0,0.0,0.0,0.0,167239.25
1756562,IT,KR,RETA1,NONF1,0.03,3344.637,3,3,3344.637,0.0,0.0,0.0,0.0,111487.9
1756289,IT,KR,MOTO1,PLAST,0.02,3344.618,3,3,3344.618,0.0,0.0,0.0,0.0,167230.9
1646661,IT,BE,FURNI,KEROS,0.01,3344.617,3,3,3344.617,0.0,0.0,0.0,0.0,334461.7
1756884,IT,KR,POSTT,RENTI,0.06,3344.544,3,3,3344.544,0.0,0.0,0.0,0.0,55742.4
1687009,IT,HU,OFFIC,GASDI,0.01,3344.438,3,3,3344.438,0.0,0.0,0.0,0.0,334443.8
1673553,IT,FR,LEATH,INTER,0.02,3344.28,3,3,3344.28,0.0,0.0,0.0,0.0,167214.0
1711967,IT,LV,VEGET,ANIMA,0.01,3344.145,3,3,3344.145,0.0,0.0,0.0,0.0,334414.5
1778011,IT,TR,OFFIC,SANDC,0.01,3343.974,3,3,3343.974,0.0,0.0,0.0,0.0,334397.4
1762933,IT,MX,MEAT4,WEARI,0.02,3343.928,3,3,3343.928,0.0,0.0,0.0,0.0,167196.4
1778374,IT,TR,RETAI,TRAN1,0.03,3343.877,3,3,3343.877,0.0,0.0,0.0,0.0,111462.566667
1740114,IT,GB,COMPU,BIOGA,0.04,3343.859,3,3,3343.859,0.0,0.0,0.0,0.0,83596.475
1716601,IT,NL,SALEM,ELEC1,0.03,3343.697,3,3,3343.697,0.0,0.0,0.0,0.0,111456.566667
1773583,IT,CH,MOTO1,OILHA,0.02,3343.675,3,3,3343.675,0.0,0.0,0.0,0.0,167183.75
1764368,IT,MX,MOTO1,PFERT,0.02,3343.629,3,3,3343.629,0.0,0.0,0.0,0.0,167181.45
1710303,IT,LT,FURNI,FORES,0.01,3343.417,3,3,3343.417,0.0,0.0,0.0,0.0,334341.7
1669418,IT,ES,INSUR,ELEC1,0.07,3343.414,3,3,3343.414,0.0,0.0,0.0,0.0,47763.057143
1654610,IT,CZ,RAILW,EDUCA,0.02,3343.245,3,3,3343.245,0.0,0.0,0.0,0.0,167162.25
1784658,IT,ID,OFFIC,MEDIC,0.01,3343.162,3,3,3343.162,0.0,0.0,0.0,0.0,334316.2
1654180,IT,CZ,MOTO1,ELEC2,0.02,3343.153,3,3,3343.153,0.0,0.0,0.0,0.0,167157.65
1752717,IT,CA,LEATH,FOUND,0.02,3342.902,3,3,3342.902,0.0,0.0,0.0,0.0,167145.1
1793376,IT,WL,VEGET,RETAI,0.01,3342.793,3,3,3342.793,0.0,0.0,0.0,0.0,334279.3
1782046,IT,NO,RUBBE,TEXT2,0.01,3342.79,3,3,3342.79,0.0,0.0,0.0,0.0,334279.0
1650134,IT,BG,MOTO1,WHEAT,0.02,3342.672,3,3,3342.672,0.0,0.0,0.0,0.0,167133.6
1739143,IT,GB,RETA1,ANIMA,0.03,3342.492,3,3,3342.492,0.0,0.0,0.0,0.0,111416.4
1713994,IT,MT,WHOLE,SEACO,0.03,3342.373,3,3,3342.373,0.0,0.0,0.0,0.0,111412.433333
1659434,IT,DE,WHOLE,ELE12,0.03,3342.057,3,3,3342.057,0.0,0.0,0.0,0.0,111401.9
1689357,IT,IE,RETA1,ELEC4,0.03,3341.741,3,3,3341.741,0.0,0.0,0.0,0.0,111391.366667
1768403,IT,AU,VEGE1,COKEO,0.01,3341.691,3,3,3341.691,0.0,0.0,0.0,0.0,334169.1
1727755,IT,RO,RESEA,EDUCA,0.02,3341.654,3,3,3341.654,0.0,0.0,0.0,0.0,167082.7
1650850,IT,BG,LANDT,FURNI,0.02,3341.471,3,3,3341.471,0.0,0.0,0.0,0.0,167073.55
1751859,IT,CN,RENTI,RESEA,0.02,3341.442,3,3,3341.442,0.0,0.0,0.0,0.0,167072.1
1778715,IT,TR,RAILW,RUBBE,0.02,3341.377,3,3,3341.377,0.0,0.0,0.0,0.0,167068.85
1646639,IT,BE,TRANS,REALE,0.02,3341.375,3,3,3341.375,0.0,0.0,0.0,0.0,167068.75
1670755,IT,FI,PAPER,AUXIL,0.01,3340.988,3,3,3340.988,0.0,0.0,0.0,0.0,334098.8
1677138,IT,FR,POSTT,RAWMI,0.06,3340.965,3,3,3340.965,0.0,0.0,0.0,0.0,55682.75
1677231,IT,FR,POSTT,FOOD4,0.06,3340.927,3,3,3340.927,0.0,0.0,0.0,0.0,55682.116667
1644097,IT,AT,BUSIN,PLAS1,0.03,3340.8,3,3,3340.8,0.0,0.0,0.0,0.0,111360.0
1736123,IT,SK,CONST,COLLE,0.02,3340.728,3,3,3340.728,0.0,0.0,0.0,0.0,167036.4
1759844,IT,BR,FOODW,FABRI,0.02,3340.627,3,3,3340.627,0.0,0.0,0.0,0.0,167031.35
1807348,IT,WF,POSTT,PRIVA,0.06,3340.463,3,3,3340.463,0.0,0.0,0.0,0.0,55674.383333
1774414,IT,CH,RAILW,PREC1,0.02,3340.287,3,3,3340.287,0.0,0.0,0.0,0.0,167014.35
1779637,IT,TR,RESEA,VEGE1,0.02,3340.26,3,3,3340.26,0.0,0.0,0.0,0.0,167013.0
1768463,IT,AU,DAIRY,PAPE4,0.01,3340.195,3,3,3340.195,0.0,0.0,0.0,0.0,334019.5
1712162,IT,LV,LEATH,FABRI,0.02,3340.193,3,3,3340.193,0.0,0.0,0.0,0.0,167009.65
1690372,IT,IE,WASTE,PAPER,0.01,3340.123,3,3,3340.123,0.0,0.0,0.0,0.0,334012.3
1799394,IT,WE,PULP5,BUSIN,0.01,3339.792,3,3,3339.792,0.0,0.0,0.0,0.0,333979.2
1767044,IT,RU,FURNI,ANTHR,0.01,3339.791,3,3,3339.791,0.0,0.0,0.0,0.0,333979.1
1644430,IT,BE,MEAT4,HEALT,0.02,3339.71,3,3,3339.71,0.0,0.0,0.0,0.0,166985.5
1647612,IT,BE,POSTT,HOTEL,0.05,3339.585,3,3,3339.585,0.0,0.0,0.0,0.0,66791.7
1644295,IT,BE,FORES,PAPER,0.03,3339.411,4,4,3338.411,0.0,1.0,0.0,0.0,111313.7
1649158,IT,BG,PRINT,TEXTI,0.03,3339.355,3,3,3339.355,0.0,0.0,0.0,0.0,111311.833333
1744765,IT,US,RESEA,WHITE,0.02,3339.339,3,3,3339.339,0.0,0.0,0.0,0.0,166966.95
1725740,IT,RO,PRINT,RAWMI,0.03,3339.289,3,3,3339.289,0.0,0.0,0.0,0.0,111309.633333
1807828,IT,WF,FOODW,MEMBE,0.02,3339.273,3,3,3339.273,0.0,0.0,0.0,0.0,166963.65
1733464,IT,SI,SALEM,MOTO1,0.03,3339.267,3,3,3339.267,0.0,0.0,0.0,0.0,111308.9
1714782,IT,NL,PROCE,NAPHT,0.02,3339.075,3,3,3339.075,0.0,0.0,0.0,0.0,166953.75
1798189,IT,WE,VEGET,ANIMA,0.01,3339.05,3,3,3339.05,0.0,0.0,0.0,0.0,333905.0
1775674,IT,TR,VEGET,CHEM1,0.01,3339.007,3,3,3339.007,0.0,0.0,0.0,0.0,333900.7
1743338,IT,US,SALEM,PADDY,0.03,3338.76,3,3,3338.76,0.0,0.0,0.0,0.0,111292.0
1781284,IT,NO,MEAT4,TEXTI,0.02,3338.749,3,3,3338.749,0.0,0.0,0.0,0.0,166937.45
1784012,IT,ID,FISH5,HOTEL,0.01,3338.681,4,4,3338.679,0.0,0.0,0.0,0.002,333868.1
1740594,IT,US,FORES,PRINT,0.03,3338.656,4,4,3337.656,0.0,1.0,0.0,0.0,111288.533333
1792563,IT,WA,RENTI,LANDT,0.02,3338.64,3,3,3338.64,0.0,0.0,0.0,0.0,166932.0
1752812,IT,CA,PAPER,LIQUE,0.01,3338.546,3,3,3338.546,0.0,0.0,0.0,0.0,333854.6
1740162,IT,GB,COMPU,FOOD2,0.04,3338.444,3,3,3338.444,0.0,0.0,0.0,0.0,83461.1
1661637,IT,DK,TEXTI,DAIRY,0.02,3338.327,3,3,3338.327,0.0,0.0,0.0,0.0,166916.35
1793135,IT,WA,RECRE,REALE,0.04,3338.229,3,3,3338.229,0.0,0.0,0.0,0.0,83455.725
1783490,IT,NO,WOOD1,TEXT1,0.02,3338.168,3,3,3338.168,0.0,0.0,0.0,0.0,166908.4
1745425,IT,JP,DAIRY,MEDIC,0.01,3338.068,3,3,3338.068,0.0,0.0,0.0,0.0,333806.8
1678960,IT,GR,WEARI,ELEC1,0.03,3338.055,3,3,3338.055,0.0,0.0,0.0,0.0,111268.5
1760754,IT,IN,PRINT,KEROS,0.03,3337.753,3,3,3337.753,0.0,0.0,0.0,0.0,111258.433333
1654832,IT,CZ,SUPPO,RECRE,0.02,3337.717,3,3,3337.717,0.0,0.0,0.0,0.0,166885.85
1804079,IT,WF,PULP5,RETAI,0.01,3337.449,3,3,3337.449,0.0,0.0,0.0,0.0,333744.9
1676548,IT,FR,HOTEL,VEGE1,0.02,3337.384,3,3,3337.384,0.0,0.0,0.0,0.0,166869.2
1744213,IT,US,POSTT,LIQUE,0.05,3337.373,3,3,3337.373,0.0,0.0,0.0,0.0,66747.46
1672480,IT,FI,PAPE4,BUSIN,0.02,3337.12,3,3,3337.12,0.0,0.0,0.0,0.0,166856.0
1765095,IT,MX,AUXIL,FINAN,0.06,3337.079,3,3,3337.079,0.0,0.0,0.0,0.0,55617.983333
1730501,IT,SE,FINAN,RETA1,0.04,3336.407,3,3,3336.407,0.0,0.0,0.0,0.0,83410.175
1763264,IT,MX,PAPER,FISHF,0.01,3336.306,3,3,3336.306,0.0,0.0,0.0,0.0,333630.6
1813861,IT,WM,LANDT,PULP5,0.02,3336.218,3,3,3336.218,0.0,0.0,0.0,0.0,166810.9
1775515,IT,CH,FOOD2,POSTT,0.02,3336.154,3,3,3336.154,0.0,0.0,0.0,0.0,166807.7
1752255,IT,CA,FORES,PRECI,0.03,3336.074,4,4,3335.074,0.0,1.0,0.0,0.0,111202.466667
1779536,IT,TR,COMPU,NATUR,0.04,3335.905,3,3,3335.905,0.0,0.0,0.0,0.0,83397.625
1779717,IT,TR,BUSIN,CHEMI,0.03,3335.816,3,3,3335.816,0.0,0.0,0.0,0.0,111193.866667
1687708,IT,HU,SUPPO,CRUDE,0.02,3335.655,3,3,3335.655,0.0,0.0,0.0,0.0,166782.75
1813837,IT,WM,LANDT,PLANT,0.02,3335.599,3,3,3335.599,0.0,0.0,0.0,0.0,166779.95
1784924,IT,ID,POSTT,COMPU,0.05,3335.591,3,3,3335.591,0.0,0.0,0.0,0.0,66711.82
1720732,IT,PL,TRANS,PULP5,0.02,3335.538,3,3,3335.538,0.0,0.0,0.0,0.0,166776.9
1758531,IT,BR,MACHI,LANDT,0.02,3335.492,3,3,3335.492,0.0,0.0,0.0,0.0,166774.6
1687435,IT,HU,RAILW,WOODW,0.02,3335.463,3,3,3335.463,0.0,0.0,0.0,0.0,166773.15
1782330,IT,NO,FABRI,MEATA,0.01,3335.325,3,3,3335.325,0.0,0.0,0.0,0.0,333532.5
1808689,IT,WF,INERT,AUXIL,0.02,3335.249,3,3,3335.249,0.0,0.0,0.0,0.0,166762.45
1764958,IT,MX,POSTT,FURNI,0.05,3335.026,3,3,3335.026,0.0,0.0,0.0,0.0,66700.52
1765287,IT,RU,VEGE1,LANDT,0.01,3335.007,3,3,3335.007,0.0,0.0,0.0,0.0,333500.7
1682065,IT,HR,FISH5,SEACO,0.01,3334.635,4,4,3334.633,0.0,0.0,0.0,0.002,333463.5
1741030,IT,US,TEXTI,OILSE,0.02,3334.627,3,3,3334.627,0.0,0.0,0.0,0.0,166731.35
1770086,IT,AU,WHOLE,PAPER,0.03,3334.287,3,3,3334.287,0.0,0.0,0.0,0.0,111142.9
1770914,IT,AU,HEALT,EDUCA,0.02,3334.207,3,3,3334.207,0.0,0.0,0.0,0.0,166710.35
1738973,IT,GB,SALEM,FORES,0.03,3333.32,3,3,3333.32,0.0,0.0,0.0,0.0,111110.666667
1663338,IT,DK,SUPPO,DAIRY,0.02,3333.205,3,3,3333.205,0.0,0.0,0.0,0.0,166660.25
1787063,IT,ZA,COMPU,POSTT,0.04,3333.179,3,3,3333.179,0.0,0.0,0.0,0.0,83329.475
1688408,IT,IE,BEVER,MEATP,0.01,3333.061,3,3,3333.061,0.0,0.0,0.0,0.0,333306.1
1730915,IT,SE,INTER,PULP5,0.02,3332.484,3,3,3332.484,0.0,0.0,0.0,0.0,166624.2
1709826,IT,LT,RUBBE,POSTT,0.01,3332.417,3,3,3332.417,0.0,0.0,0.0,0.0,333241.7
1758604,IT,BR,MOTO1,POSTT,0.02,3332.409,3,3,3332.409,0.0,0.0,0.0,0.0,166620.45
1662194,IT,DK,RUBBE,WASTE,0.01,3332.315,3,3,3332.315,0.0,0.0,0.0,0.0,333231.5
1798028,IT,WL,INERT,HEALT,0.02,3332.287,3,3,3332.287,0.0,0.0,0.0,0.0,166614.35
1672829,IT,FR,MEAT4,AIRTR,0.02,3332.266,3,3,3332.266,0.0,0.0,0.0,0.0,166613.3
1736154,IT,SK,SALEM,BEVER,0.03,3332.245,3,3,3332.245,0.0,0.0,0.0,0.0,111074.833333
1734675,IT,SK,WEARI,EDUCA,0.03,3332.196,3,3,3332.196,0.0,0.0,0.0,0.0,111073.2
1768361,IT,AU,MEAT4,FURNI,0.02,3332.149,3,3,3332.149,0.0,0.0,0.0,0.0,166607.45
1736749,IT,SK,REALE,PUBLI,0.14,3331.729,3,3,3331.729,0.0,0.0,0.0,0.0,23798.064286
1809857,IT,WM,BEVER,CROPS,0.01,3331.578,3,3,3331.578,0.0,0.0,0.0,0.0,333157.8
1765429,IT,RU,TEXTI,CEMEN,0.02,3331.304,3,3,3331.304,0.0,0.0,0.0,0.0,166565.2
1774814,IT,CH,POSTT,COLLE,0.05,3331.162,3,3,3331.162,0.0,0.0,0.0,0.0,66623.24
1759217,IT,BR,SUPPO,REALE,0.02,3330.867,3,3,3330.867,0.0,0.0,0.0,0.0,166543.35
1720704,IT,PL,MOTO1,TEXT2,0.02,3330.774,3,3,3330.774,0.0,0.0,0.0,0.0,166538.7
1721872,IT,PL,REALE,EDUCA,0.14,3330.676,3,3,3330.676,0.0,0.0,0.0,0.0,23790.542857
1797841,IT,WL,FOOD2,TRAN1,0.02,3330.667,3,3,3330.667,0.0,0.0,0.0,0.0,166533.35
1730396,IT,SE,POSTT,MEATC,0.05,3330.657,3,3,3330.657,0.0,0.0,0.0,0.0,66613.14
1747677,IT,JP,POSTT,ELEC4,0.05,3330.654,3,3,3330.654,0.0,0.0,0.0,0.0,66613.08
1757504,IT,BR,PAPER,PLAS2,0.01,3330.536,3,3,3330.536,0.0,0.0,0.0,0.0,333053.6
1787230,IT,WA,VEGET,VEGE1,0.01,3330.53,3,3,3330.53,0.0,0.0,0.0,0.0,333053.0
1792417,IT,WA,INSUR,LANDT,0.07,3330.416,3,3,3330.416,0.0,0.0,0.0,0.0,47577.371429
1722319,IT,PT,VEGET,BUSIN,0.01,3330.411,3,3,3330.411,0.0,0.0,0.0,0.0,333041.1
1721801,IT,PL,AUXIL,REALE,0.06,3330.258,3,3,3330.258,0.0,0.0,0.0,0.0,55504.3
1770954,IT,CH,VEGET,GLASS,0.01,3329.646,3,3,3329.646,0.0,0.0,0.0,0.0,332964.6
1810129,IT,WM,WEARI,COPPE,0.03,3329.557,3,3,3329.557,0.0,0.0,0.0,0.0,110985.233333
1799208,IT,WE,LEATH,ANIMA,0.02,3329.499,3,3,3329.499,0.0,0.0,0.0,0.0,166474.95
1745296,IT,JP,MEAT4,PLAST,0.02,3329.39,3,3,3329.39,0.0,0.0,0.0,0.0,166469.5
1724195,IT,PT,HOTEL,FURNI,0.02,3329.312,3,3,3329.312,0.0,0.0,0.0,0.0,166465.6
1643155,IT,AT,RETA1,HOTEL,0.03,3329.189,3,3,3329.189,0.0,0.0,0.0,0.0,110972.966667
1769847,IT,AU,OFFIC,BASIC,0.01,3329.113,3,3,3329.113,0.0,0.0,0.0,0.0,332911.3
1813663,IT,WM,RETA1,CERAM,0.03,3329.096,3,3,3329.096,0.0,0.0,0.0,0.0,110969.866667
1641041,IT,AT,PULP5,EDUCA,0.01,3329.029,3,3,3329.029,0.0,0.0,0.0,0.0,332902.9
1768523,IT,AU,FOOD5,NONF1,0.02,3328.998,3,3,3328.998,0.0,0.0,0.0,0.0,166449.9
1754573,IT,KR,VEGET,RUBBE,0.01,3328.897,3,3,3328.897,0.0,0.0,0.0,0.0,332889.7
1747915,IT,JP,COMPU,SALEM,0.04,3328.785,3,3,3328.785,0.0,0.0,0.0,0.0,83219.625
1710343,IT,LT,WHOLE,WHOLE,0.03,3328.769,3,3,3328.769,0.0,0.0,0.0,0.0,110958.966667
1684573,IT,HR,BUSIN,AIRTR,0.03,3328.637,3,3,3328.637,0.0,0.0,0.0,0.0,110954.566667
1756157,IT,KR,MACHI,SUGA1,0.02,3328.435,3,3,3328.435,0.0,0.0,0.0,0.0,166421.75
1716551,IT,NL,TRANS,RETA1,0.02,3328.38,3,3,3328.38,0.0,0.0,0.0,0.0,166419.0
1722028,IT,PL,RESEA,BASIC,0.02,3328.186,3,3,3328.186,0.0,0.0,0.0,0.0,166409.3
1801635,IT,WE,FURNI,BKBPE,0.01,3327.994,3,3,3327.994,0.0,0.0,0.0,0.0,332799.4
1640605,IT,AT,BEVER,MEAT4,0.01,3327.981,3,3,3327.981,0.0,0.0,0.0,0.0,332798.1
1779807,IT,TR,BUSIN,FOOD4,0.03,3327.971,3,3,3327.971,0.0,0.0,0.0,0.0,110932.366667
1673380,IT,FR,TEXTI,93197,0.02,3327.926,3,3,3327.926,0.0,0.0,0.0,0.0,166396.3
1726714,IT,RO,FURNI,CERAM,0.01,3327.508,3,3,3327.508,0.0,0.0,0.0,0.0,332750.8
1779802,IT,TR,BUSIN,INTER,0.03,3327.217,3,3,3327.217,0.0,0.0,0.0,0.0,110907.233333
1779808,IT,TR,BUSIN,PAPE4,0.03,3327.194,3,3,3327.194,0.0,0.0,0.0,0.0,110906.466667
1716805,IT,NL,RETA1,INTER,0.03,3326.94,3,3,3326.94,0.0,0.0,0.0,0.0,110898.0
1684614,IT,HR,WASTE,FOOD4,0.01,3326.907,3,3,3326.907,0.0,0.0,0.0,0.0,332690.7
1767611,IT,RU,SUPPO,FURNI,0.02,3326.776,3,3,3326.776,0.0,0.0,0.0,0.0,166338.8
1654459,IT,CZ,RETA1,SALEM,0.03,3326.701,3,3,3326.701,0.0,0.0,0.0,0.0,110890.033333
1711246,IT,LU,MACHI,MEMBE,0.02,3326.548,3,3,3326.548,0.0,0.0,0.0,0.0,166327.4
1782997,IT,NO,POSTT,RETAI,0.05,3326.47,3,3,3326.47,0.0,0.0,0.0,0.0,66529.4
1655776,IT,DE,MEAT1,SEACO,0.02,3326.225,3,3,3326.225,0.0,0.0,0.0,0.0,166311.25
1779804,IT,TR,BUSIN,FOOD2,0.03,3326.162,3,3,3326.162,0.0,0.0,0.0,0.0,110872.066667
1733927,IT,SI,SUPPO,MEAT1,0.02,3326.039,3,3,3326.039,0.0,0.0,0.0,0.0,166301.95
1783473,IT,NO,WOOD1,PREC1,0.02,3326.013,3,3,3326.013,0.0,0.0,0.0,0.0,166300.65
1779809,IT,TR,BUSIN,PLAS2,0.03,3325.904,3,3,3325.904,0.0,0.0,0.0,0.0,110863.466667
1792937,IT,WA,FOODW,EDUCA,0.02,3325.696,3,3,3325.696,0.0,0.0,0.0,0.0,166284.8
1790751,IT,WA,MACHI,HYDRO,0.02,3325.691,3,3,3325.691,0.0,0.0,0.0,0.0,166284.55
1779803,IT,TR,BUSIN,OILHA,0.03,3325.581,3,3,3325.581,0.0,0.0,0.0,0.0,110852.7
1779812,IT,TR,BUSIN,WOOD2,0.03,3325.441,3,3,3325.441,0.0,0.0,0.0,0.0,110848.033333
1780212,IT,TW,RAILW,RUBBE,0.02,3325.3,3,3,3325.3,0.0,0.0,0.0,0.0,166265.0
1787438,IT,WA,STONE,BEVER,0.01,3325.235,3,3,3325.235,0.0,0.0,0.0,0.0,332523.5
1760154,IT,BR,WASTE,PRINT,0.01,3324.933,3,3,3324.933,0.0,0.0,0.0,0.0,332493.3
1646540,IT,BE,OFFIC,KERO1,0.01,3324.856,3,3,3324.856,0.0,0.0,0.0,0.0,332485.6
1677230,IT,FR,POSTT,WASTE,0.05,3324.854,3,3,3324.854,0.0,0.0,0.0,0.0,66497.08
1728223,IT,SE,FOOD5,CEMEN,0.02,3324.769,3,3,3324.769,0.0,0.0,0.0,0.0,166238.45
1657456,IT,DE,RUBBE,ELEC6,0.01,3324.688,3,3,3324.688,0.0,0.0,0.0,0.0,332468.8
1796719,IT,WL,RAILW,RECRE,0.02,3324.315,3,3,3324.315,0.0,0.0,0.0,0.0,166215.75
1752245,IT,CA,CROPS,POULT,0.03,3324.203,3,3,3324.203,0.0,0.0,0.0,0.0,110806.766667
1719396,IT,PL,RUBBE,LUBRI,0.01,3324.16,3,3,3324.16,0.0,0.0,0.0,0.0,332416.0
1783479,IT,NO,WOOD1,SALEM,0.02,3324.049,3,3,3324.049,0.0,0.0,0.0,0.0,166202.45
1748167,IT,JP,FOODW,FOUND,0.02,3323.99,3,3,3323.99,0.0,0.0,0.0,0.0,166199.5
1750957,IT,CN,SALEM,TOBAC,0.03,3323.749,3,3,3323.749,0.0,0.0,0.0,0.0,110791.633333
1712646,IT,LV,TRANS,FORES,0.02,3323.311,3,3,3323.311,0.0,0.0,0.0,0.0,166165.55
1803319,IT,WF,STONE,MOTOR,0.01,3323.157,3,3,3323.157,0.0,0.0,0.0,0.0,332315.7
1711839,IT,LU,PAPE1,ALUM1,0.02,3323.127,3,3,3323.127,0.0,0.0,0.0,0.0,166156.35
1711518,IT,LU,POSTT,FABRI,0.05,3322.859,3,3,3322.859,0.0,0.0,0.0,0.0,66457.18
1778073,IT,TR,MOTO1,RAWMI,0.02,3322.854,3,3,3322.854,0.0,0.0,0.0,0.0,166142.7
1746700,IT,JP,FABRI,PREC1,0.01,3322.699,3,3,3322.699,0.0,0.0,0.0,0.0,332269.9
1745204,IT,JP,CROPS,EDUCA,0.03,3322.519,3,3,3322.519,0.0,0.0,0.0,0.0,110750.633333
1711519,IT,LU,POSTT,MACHI,0.05,3322.345,3,3,3322.345,0.0,0.0,0.0,0.0,66446.9
1718879,IT,PL,PRINT,POULT,0.03,3322.287,3,3,3322.287,0.0,0.0,0.0,0.0,110742.9
1784667,IT,ID,OFFIC,AUXIL,0.01,3322.281,3,3,3322.281,0.0,0.0,0.0,0.0,332228.1
1714419,IT,NL,VEGET,RESEA,0.01,3322.135,3,3,3322.135,0.0,0.0,0.0,0.0,332213.5
1748894,IT,CN,WEARI,BITU1,0.03,3322.061,3,3,3322.061,0.0,0.0,0.0,0.0,110735.366667
1710692,IT,LU,PROCE,HOTEL,0.02,3321.926,3,3,3321.926,0.0,0.0,0.0,0.0,166096.3
1801916,IT,WE,CONST,MEMBE,0.02,3321.923,3,3,3321.923,0.0,0.0,0.0,0.0,166096.15
1664763,IT,EE,BUSIN,PUBLI,0.03,3321.867,3,3,3321.867,0.0,0.0,0.0,0.0,110728.9
1735971,IT,SK,MOTO1,POSTT,0.02,3321.745,3,3,3321.745,0.0,0.0,0.0,0.0,166087.25
1689116,IT,IE,SALEM,MEATP,0.03,3321.689,3,3,3321.689,0.0,0.0,0.0,0.0,110722.966667
1759194,IT,BR,SUPPO,BEVER,0.02,3321.551,3,3,3321.551,0.0,0.0,0.0,0.0,166077.55
1802862,IT,WE,WASTE,PUBLI,0.01,3321.432,3,3,3321.432,0.0,0.0,0.0,0.0,332143.2
1775900,IT,TR,PROCE,ELEC2,0.02,3321.33,3,3,3321.33,0.0,0.0,0.0,0.0,166066.5
1729971,IT,SE,CONST,REALE,0.02,3321.288,3,3,3321.288,0.0,0.0,0.0,0.0,166064.4
1736239,IT,SK,RETA1,RAILW,0.03,3321.013,3,3,3321.013,0.0,0.0,0.0,0.0,110700.433333
1814622,IT,WM,FOODW,PFERT,0.02,3320.924,3,3,3320.924,0.0,0.0,0.0,0.0,166046.2
1778177,IT,TR,FURNI,CHEMI,0.01,3320.811,3,3,3320.811,0.0,0.0,0.0,0.0,332081.1
1784996,IT,ID,INSUR,93197,0.07,3320.764,3,3,3320.764,0.0,0.0,0.0,0.0,47439.485714
1710398,IT,LT,HOTEL,INSUR,0.02,3320.708,3,3,3320.708,0.0,0.0,0.0,0.0,166035.4
1688390,IT,IE,FOOD5,SALEM,0.02,3320.659,3,3,3320.659,0.0,0.0,0.0,0.0,166032.95
1781496,IT,NO,TEXTI,VEGET,0.02,3320.624,3,3,3320.624,0.0,0.0,0.0,0.0,166031.2
1688282,IT,IE,ANIMA,OFFIC,0.01,3320.283,3,3,3320.283,0.0,0.0,0.0,0.0,332028.3
1671071,IT,FI,RUBBE,DIST1,0.01,3320.052,3,3,3320.052,0.0,0.0,0.0,0.0,332005.2
1661830,IT,DK,PAPER,SANDC,0.01,3319.969,3,3,3319.969,0.0,0.0,0.0,0.0,331996.9
1740049,IT,GB,RENTI,ELEC3,0.02,3319.947,3,3,3319.947,0.0,0.0,0.0,0.0,165997.35
1688764,IT,IE,RUBBE,LEATH,0.01,3319.837,3,3,3319.837,0.0,0.0,0.0,0.0,331983.7
1711154,IT,LU,FABRI,MEDIC,0.01,3319.827,3,3,3319.827,0.0,0.0,0.0,0.0,331982.7
1751761,IT,CN,AUXIL,TEXTI,0.06,3319.62,3,3,3319.62,0.0,0.0,0.0,0.0,55327.0
1683110,IT,HR,RUBBE,SECO9,0.01,3319.597,3,3,3319.597,0.0,0.0,0.0,0.0,331959.7
1684321,IT,HR,SUPPO,PULP5,0.02,3319.387,3,3,3319.387,0.0,0.0,0.0,0.0,165969.35
1758047,IT,BR,RUBBE,AUXIL,0.01,3319.383,3,3,3319.383,0.0,0.0,0.0,0.0,331938.3
1648092,IT,BE,RESEA,FOOD5,0.02,3319.356,3,3,3319.356,0.0,0.0,0.0,0.0,165967.8
1814650,IT,WM,PAPE1,INSUR,0.02,3319.354,3,3,3319.354,0.0,0.0,0.0,0.0,165967.7
1773621,IT,CH,TRANS,TRAN2,0.02,3319.094,3,3,3319.094,0.0,0.0,0.0,0.0,165954.7
1714977,IT,NL,FISH5,RESEA,0.01,3318.937,4,4,3318.935,0.0,0.0,0.0,0.002,331893.7
1684322,IT,HR,SUPPO,PRINT,0.02,3318.626,3,3,3318.626,0.0,0.0,0.0,0.0,165931.3
1760076,IT,BR,OILHA,SEACO,0.02,3318.594,3,3,3318.594,0.0,0.0,0.0,0.0,165929.7
1784692,IT,ID,TRANS,INLAN,0.02,3318.593,3,3,3318.593,0.0,0.0,0.0,0.0,165929.65
1747763,IT,JP,AUXIL,CHEM1,0.06,3318.579,3,3,3318.579,0.0,0.0,0.0,0.0,55309.65
1736774,IT,SK,COMPU,BEVER,0.04,3318.419,3,3,3318.419,0.0,0.0,0.0,0.0,82960.475
1690089,IT,IE,RENTI,POSTT,0.02,3318.391,3,3,3318.391,0.0,0.0,0.0,0.0,165919.55
1675470,IT,FR,OFFIC,WEARI,0.01,3317.94,3,3,3317.94,0.0,0.0,0.0,0.0,331794.0
1720864,IT,PL,FURNI,FOOD4,0.01,3317.611,3,3,3317.611,0.0,0.0,0.0,0.0,331761.1
1671851,IT,FI,RETA1,WOOD1,0.03,3317.548,3,3,3317.548,0.0,0.0,0.0,0.0,110584.933333
1675471,IT,FR,OFFIC,LEATH,0.01,3317.475,3,3,3317.475,0.0,0.0,0.0,0.0,331747.5
1687242,IT,HU,WHOLE,MEAT1,0.03,3317.235,3,3,3317.235,0.0,0.0,0.0,0.0,110574.5
1785249,IT,ZA,TEXTI,CHARC,0.02,3317.112,3,3,3317.112,0.0,0.0,0.0,0.0,165855.6
1650192,IT,BG,TRANS,RAWMI,0.02,3317.072,3,3,3317.072,0.0,0.0,0.0,0.0,165853.6
1784739,IT,ID,WHOLE,MOTO1,0.03,3316.978,3,3,3316.978,0.0,0.0,0.0,0.0,110565.933333
1813670,IT,WM,RETA1,NONF1,0.03,3316.872,3,3,3316.872,0.0,0.0,0.0,0.0,110562.4
1681877,IT,HR,DAIRY,POULT,0.01,3316.871,3,3,3316.871,0.0,0.0,0.0,0.0,331687.1
1726813,IT,RO,WHOLE,BRICK,0.03,3316.834,3,3,3316.834,0.0,0.0,0.0,0.0,110561.133333
1806657,IT,WF,RETAI,LEAD1,0.03,3316.712,3,3,3316.712,0.0,0.0,0.0,0.0,110557.066667
1769028,IT,AU,PRINT,INSUR,0.03,3316.675,3,3,3316.675,0.0,0.0,0.0,0.0,110555.833333
1684310,IT,HR,SUPPO,FORES,0.02,3316.629,3,3,3316.629,0.0,0.0,0.0,0.0,165831.45
1782544,IT,NO,OFFIC,INTER,0.01,3316.621,3,3,3316.621,0.0,0.0,0.0,0.0,331662.1
1681901,IT,HR,DAIRY,STEAM,0.01,3316.398,3,3,3316.398,0.0,0.0,0.0,0.0,331639.8
1670008,IT,ES,HEALT,RETA1,0.02,3316.285,3,3,3316.285,0.0,0.0,0.0,0.0,165814.25
1671838,IT,FI,RETA1,TRAN2,0.03,3316.117,3,3,3316.117,0.0,0.0,0.0,0.0,110537.233333
1793054,IT,WA,PAPE4,SANDC,0.02,3316.052,3,3,3316.052,0.0,0.0,0.0,0.0,165802.6
1814698,IT,WM,INTER,CRUDE,0.02,3316.018,3,3,3316.018,0.0,0.0,0.0,0.0,165800.9
1774125,IT,CH,WHOLE,DISTR,0.03,3315.888,3,3,3315.888,0.0,0.0,0.0,0.0,110529.6
1775542,IT,CH,FOOD4,BUSIN,0.02,3315.873,3,3,3315.873,0.0,0.0,0.0,0.0,165793.65
1711645,IT,LU,COMPU,BEVER,0.04,3315.701,3,3,3315.701,0.0,0.0,0.0,0.0,82892.525
1717307,IT,NL,FINAN,CRUDE,0.04,3315.67,3,3,3315.67,0.0,0.0,0.0,0.0,82891.75
1670741,IT,FI,PAPER,DISTR,0.01,3315.49,3,3,3315.49,0.0,0.0,0.0,0.0,331549.0
1684465,IT,HR,RENTI,SALEM,0.02,3315.371,3,3,3315.371,0.0,0.0,0.0,0.0,165768.55
1793931,IT,WL,LEATH,MOTOR,0.02,3315.334,3,3,3315.334,0.0,0.0,0.0,0.0,165766.7
1778389,IT,TR,RETAI,TEXT2,0.03,3315.307,3,3,3315.307,0.0,0.0,0.0,0.0,110510.233333
1663703,IT,EE,FORES,HOTEL,0.03,3315.211,4,4,3314.211,0.0,1.0,0.0,0.0,110507.033333
1813227,IT,WM,TRANS,NONFE,0.02,3315.179,3,3,3315.179,0.0,0.0,0.0,0.0,165758.95
1767053,IT,RU,FURNI,PROCE,0.01,3315.138,3,3,3315.138,0.0,0.0,0.0,0.0,331513.8
1781670,IT,NO,LEATH,SUPPO,0.02,3315.07,3,3,3315.07,0.0,0.0,0.0,0.0,165753.5
1652198,IT,CZ,DAIRY,COMPU,0.01,3314.977,3,3,3314.977,0.0,0.0,0.0,0.0,331497.7
1672814,IT,FR,MEAT1,RECRE,0.02,3314.939,3,3,3314.939,0.0,0.0,0.0,0.0,165746.95
1689958,IT,IE,REALE,FISH5,0.14,3314.783,3,3,3314.783,0.0,0.0,0.0,0.0,23677.021429
1791748,IT,WA,RAILW,CEMEN,0.02,3314.718,3,3,3314.718,0.0,0.0,0.0,0.0,165735.9
1802165,IT,WE,HOTEL,KEROS,0.02,3314.675,3,3,3314.675,0.0,0.0,0.0,0.0,165733.75
1731283,IT,SI,MEAT4,REALE,0.02,3314.424,3,3,3314.424,0.0,0.0,0.0,0.0,165721.2
1738092,IT,GB,RUBBE,AUXIL,0.01,3314.408,3,3,3314.408,0.0,0.0,0.0,0.0,331440.8
1725006,IT,PT,WASTE,ALUM1,0.01,3314.215,3,3,3314.215,0.0,0.0,0.0,0.0,331421.5
1659849,IT,DE,LANDT,ELE12,0.02,3314.026,3,3,3314.026,0.0,0.0,0.0,0.0,165701.3
1767817,IT,RU,INSUR,93197,0.07,3314.0,3,3,3314.0,0.0,0.0,0.0,0.0,47342.857143
1803119,IT,WF,VEGET,LIQUE,0.01,3313.637,3,3,3313.637,0.0,0.0,0.0,0.0,331363.7
1648376,IT,BE,RECRE,PRINT,0.04,3313.538,3,3,3313.538,0.0,0.0,0.0,0.0,82838.45
1744840,IT,US,RESEA,INTER,0.02,3313.525,3,3,3313.525,0.0,0.0,0.0,0.0,165676.25
1759620,IT,BR,RESEA,FISHF,0.02,3313.125,3,3,3313.125,0.0,0.0,0.0,0.0,165656.25
1740443,IT,GB,FOOD2,OILHA,0.02,3312.524,3,3,3312.524,0.0,0.0,0.0,0.0,165626.2
1793442,IT,WL,FORES,COPP1,0.03,3312.469,4,4,3311.469,0.0,1.0,0.0,0.0,110415.633333
1768722,IT,AU,WEARI,PRECI,0.02,3312.38,3,3,3312.38,0.0,0.0,0.0,0.0,165619.0
1802906,IT,WE,93197,TRANS,0.02,3312.243,3,3,3312.243,0.0,0.0,0.0,0.0,165612.15
1644009,IT,AT,BUSIN,STONE,0.03,3312.218,3,3,3312.218,0.0,0.0,0.0,0.0,110407.266667
1714879,IT,NL,BEVER,MEAT4,0.01,3312.05,3,3,3312.05,0.0,0.0,0.0,0.0,331205.0
1659310,IT,DE,RETAI,WOODW,0.03,3311.987,3,3,3311.987,0.0,0.0,0.0,0.0,110399.566667
1688369,IT,IE,PROCE,COMPU,0.02,3311.88,3,3,3311.88,0.0,0.0,0.0,0.0,165594.0
1765063,IT,MX,INSUR,POSTT,0.07,3311.828,3,3,3311.828,0.0,0.0,0.0,0.0,47311.828571
1770755,IT,AU,RENTI,CRUDE,0.02,3311.785,3,3,3311.785,0.0,0.0,0.0,0.0,165589.25
1684646,IT,HR,PAPE4,PUBLI,0.02,3311.689,3,3,3311.689,0.0,0.0,0.0,0.0,165584.45
1672772,IT,FR,MEATC,INERT,0.01,3311.605,3,3,3311.605,0.0,0.0,0.0,0.0,331160.5
1720754,IT,PL,TRANS,ELECT,0.02,3311.587,3,3,3311.587,0.0,0.0,0.0,0.0,165579.35
1646792,IT,BE,SALEM,KEROS,0.03,3311.585,3,3,3311.585,0.0,0.0,0.0,0.0,110386.166667
1659697,IT,DE,RAILW,BITU1,0.02,3311.516,3,3,3311.516,0.0,0.0,0.0,0.0,165575.8
1808111,IT,WF,WOOD1,SUGA1,0.02,3311.453,3,3,3311.453,0.0,0.0,0.0,0.0,165572.65
1716543,IT,NL,TRANS,FABRI,0.02,3311.443,3,3,3311.443,0.0,0.0,0.0,0.0,165572.15
1714774,IT,NL,PROCE,SUGA1,0.02,3311.337,3,3,3311.337,0.0,0.0,0.0,0.0,165566.85
1715068,IT,NL,TEXTI,WASTE,0.02,3311.33,3,3,3311.33,0.0,0.0,0.0,0.0,165566.5
1792166,IT,WA,SUPPO,CERAM,0.02,3311.202,3,3,3311.202,0.0,0.0,0.0,0.0,165560.1
1739955,IT,GB,AUXIL,KEROS,0.06,3311.174,3,3,3311.174,0.0,0.0,0.0,0.0,55186.233333
1749355,IT,CN,PRINT,STEAM,0.03,3311.106,3,3,3311.106,0.0,0.0,0.0,0.0,110370.2
1743425,IT,US,RETAI,FISHF,0.03,3311.081,3,3,3311.081,0.0,0.0,0.0,0.0,110369.366667
1760378,IT,IN,VEGE1,MEAT4,0.01,3311.051,3,3,3311.051,0.0,0.0,0.0,0.0,331105.1
1723853,IT,PT,TRANS,MACHI,0.02,3310.618,3,3,3310.618,0.0,0.0,0.0,0.0,165530.9
1735850,IT,SK,MACHI,FOOD2,0.02,3310.561,3,3,3310.561,0.0,0.0,0.0,0.0,165528.05
1765168,IT,MX,BUSIN,COPP1,0.03,3310.532,3,3,3310.532,0.0,0.0,0.0,0.0,110351.066667
1723848,IT,PT,TRANS,LEATH,0.02,3310.495,3,3,3310.495,0.0,0.0,0.0,0.0,165524.75
1736941,IT,GB,VEGET,RAWMI,0.01,3310.415,3,3,3310.415,0.0,0.0,0.0,0.0,331041.5
1744421,IT,US,AUXIL,BEVER,0.06,3310.258,3,3,3310.258,0.0,0.0,0.0,0.0,55170.966667
1802265,IT,WE,LANDT,HEAVY,0.02,3309.937,3,3,3309.937,0.0,0.0,0.0,0.0,165496.85
1742820,IT,US,FABRI,OILHA,0.01,3309.625,3,3,3309.625,0.0,0.0,0.0,0.0,330962.5
1751789,IT,CN,AUXIL,FURNI,0.06,3309.523,3,3,3309.523,0.0,0.0,0.0,0.0,55158.716667
1787102,IT,ZA,BUSIN,TRANS,0.03,3309.491,3,3,3309.491,0.0,0.0,0.0,0.0,110316.366667
1680031,IT,GR,MACHI,BITU1,0.02,3309.379,3,3,3309.379,0.0,0.0,0.0,0.0,165468.95
1720865,IT,PL,FURNI,INERT,0.01,3309.113,3,3,3309.113,0.0,0.0,0.0,0.0,330911.3
1667817,IT,ES,OFFIC,BLAST,0.01,3308.959,3,3,3308.959,0.0,0.0,0.0,0.0,330895.9
1773989,IT,CH,SALEM,PAPE1,0.03,3308.928,3,3,3308.928,0.0,0.0,0.0,0.0,110297.6
1766111,IT,RU,RUBBE,PARAF,0.01,3308.828,3,3,3308.828,0.0,0.0,0.0,0.0,330882.8
1670067,IT,ES,FOOD2,TEXT2,0.02,3308.791,3,3,3308.791,0.0,0.0,0.0,0.0,165439.55
1670039,IT,ES,FOOD1,SALEM,0.02,3308.688,3,3,3308.688,0.0,0.0,0.0,0.0,165434.4
1689042,IT,IE,MOTO1,MACHI,0.02,3308.619,3,3,3308.619,0.0,0.0,0.0,0.0,165430.95
1813448,IT,WM,CONST,RAILW,0.02,3308.528,3,3,3308.528,0.0,0.0,0.0,0.0,165426.4
1646430,IT,BE,MACHI,CATTL,0.02,3308.207,3,3,3308.207,0.0,0.0,0.0,0.0,165410.35
1735863,IT,SK,OFFIC,ANIMA,0.01,3308.051,3,3,3308.051,0.0,0.0,0.0,0.0,330805.1
1806315,IT,WF,OFFIC,LEADZ,0.01,3308.035,3,3,3308.035,0.0,0.0,0.0,0.0,330803.5
1747968,IT,JP,RESEA,COLLE,0.02,3307.518,3,3,3307.518,0.0,0.0,0.0,0.0,165375.9
1727570,IT,RO,REALE,LEAD1,0.14,3307.361,3,3,3307.361,0.0,0.0,0.0,0.0,23624.007143
1713487,IT,MT,RUBBE,PAPER,0.01,3307.333,3,3,3307.333,0.0,0.0,0.0,0.0,330733.3
1716963,IT,NL,RAILW,REALE,0.02,3307.3,3,3,3307.3,0.0,0.0,0.0,0.0,165365.0
1722168,IT,PL,BUSIN,WOOD1,0.03,3307.265,3,3,3307.265,0.0,0.0,0.0,0.0,110242.166667
1721916,IT,PL,RENTI,RAILW,0.02,3307.178,3,3,3307.178,0.0,0.0,0.0,0.0,165358.9
1735854,IT,SK,MACHI,PAPE4,0.02,3307.018,3,3,3307.018,0.0,0.0,0.0,0.0,165350.9
1773834,IT,CH,ELEC4,INTER,0.05,3306.906,3,3,3306.906,0.0,0.0,0.0,0.0,66138.12
1682080,IT,HR,TEXTI,SUGAR,0.02,3306.62,3,3,3306.62,0.0,0.0,0.0,0.0,165331.0
1655790,IT,DE,MEAT4,REALE,0.02,3306.561,3,3,3306.561,0.0,0.0,0.0,0.0,165328.05
1793704,IT,WL,FOOD5,RUBBE,0.02,3306.553,3,3,3306.553,0.0,0.0,0.0,0.0,165327.65
1669720,IT,ES,BUSIN,WHEAT,0.03,3306.381,3,3,3306.381,0.0,0.0,0.0,0.0,110212.7
1797619,IT,WL,FOODW,CONST,0.02,3306.352,3,3,3306.352,0.0,0.0,0.0,0.0,165317.6
1793761,IT,WL,BEVER,93197,0.01,3306.295,3,3,3306.295,0.0,0.0,0.0,0.0,330629.5
1753916,IT,CA,RAILW,SALEM,0.02,3306.234,3,3,3306.234,0.0,0.0,0.0,0.0,165311.7
1806526,IT,WF,FURNI,FISHF,0.01,3306.137,3,3,3306.137,0.0,0.0,0.0,0.0,330613.7
1814857,IT,WM,MEMBE,RECRE,0.04,3306.046,3,3,3306.046,0.0,0.0,0.0,0.0,82651.15
1646932,IT,BE,WHOLE,BIOG1,0.03,3305.964,3,3,3305.964,0.0,0.0,0.0,0.0,110198.8
1753158,IT,CA,RUBBE,INERT,0.01,3305.862,3,3,3305.862,0.0,0.0,0.0,0.0,330586.2
1804197,IT,WF,PRINT,MEATC,0.03,3305.572,3,3,3305.572,0.0,0.0,0.0,0.0,110185.733333
1763364,IT,MX,PRINT,GLASS,0.03,3305.461,3,3,3305.461,0.0,0.0,0.0,0.0,110182.033333
1764576,IT,MX,WHOLE,CEMEN,0.03,3305.13,3,3,3305.13,0.0,0.0,0.0,0.0,110171.0
1745331,IT,JP,VEGE1,WEARI,0.01,3305.059,3,3,3305.059,0.0,0.0,0.0,0.0,330505.9
1797996,IT,WL,PLAS2,CHEM1,0.03,3304.902,3,3,3304.902,0.0,0.0,0.0,0.0,110163.4
1710809,IT,LU,PAPER,MEATP,0.01,3304.896,3,3,3304.896,0.0,0.0,0.0,0.0,330489.6
1661924,IT,DK,PRINT,FINAN,0.03,3304.892,3,3,3304.892,0.0,0.0,0.0,0.0,110163.066667
1797697,IT,WL,PLAS1,NONME,0.01,3304.84,3,3,3304.84,0.0,0.0,0.0,0.0,330484.0
1717386,IT,NL,INSUR,POULT,0.07,3304.713,3,3,3304.713,0.0,0.0,0.0,0.0,47210.185714
1666778,IT,ES,RUBBE,ELEC5,0.01,3304.568,3,3,3304.568,0.0,0.0,0.0,0.0,330456.8
1654883,IT,CZ,POSTT,AUXIL,0.05,3304.525,3,3,3304.525,0.0,0.0,0.0,0.0,66090.5
1714067,IT,MT,RAILW,FINAN,0.02,3304.427,3,3,3304.427,0.0,0.0,0.0,0.0,165221.35
1798009,IT,WL,INERT,CHARC,0.02,3304.39,3,3,3304.39,0.0,0.0,0.0,0.0,165219.5
1787571,IT,WA,MEATC,RAWMI,0.01,3304.078,3,3,3304.078,0.0,0.0,0.0,0.0,330407.8
1783115,IT,NO,INSUR,MEMBE,0.07,3304.058,3,3,3304.058,0.0,0.0,0.0,0.0,47200.828571
1684307,IT,HR,SUPPO,CEREA,0.02,3303.986,3,3,3303.986,0.0,0.0,0.0,0.0,165199.3
1736764,IT,SK,RENTI,WHOLE,0.02,3303.98,3,3,3303.98,0.0,0.0,0.0,0.0,165199.0
1645010,IT,BE,PULP5,GASDI,0.01,3303.704,3,3,3303.704,0.0,0.0,0.0,0.0,330370.4
1768251,IT,RU,PAPE4,NONF1,0.02,3303.603,3,3,3303.603,0.0,0.0,0.0,0.0,165180.15
1686991,IT,HU,MACHI,TEXT1,0.02,3303.595,3,3,3303.595,0.0,0.0,0.0,0.0,165179.75
1746832,IT,JP,MACHI,OXYGE,0.02,3303.473,3,3,3303.473,0.0,0.0,0.0,0.0,165173.65
1797695,IT,WL,PLAS1,RUBBE,0.01,3303.452,3,3,3303.452,0.0,0.0,0.0,0.0,330345.2
1797923,IT,WL,FOOD4,TEXTI,0.02,3303.444,3,3,3303.444,0.0,0.0,0.0,0.0,165172.2
1792587,IT,WA,COMPU,KEROS,0.04,3303.427,3,3,3303.427,0.0,0.0,0.0,0.0,82585.675
1774171,IT,CH,RETA1,OILSE,0.03,3303.294,3,3,3303.294,0.0,0.0,0.0,0.0,110109.8
1721807,IT,PL,AUXIL,HEALT,0.06,3303.235,3,3,3303.235,0.0,0.0,0.0,0.0,55053.916667
1808384,IT,WF,WASTE,MEAT4,0.01,3303.186,3,3,3303.186,0.0,0.0,0.0,0.0,330318.6
1668207,IT,ES,RETAI,POULT,0.03,3302.882,3,3,3302.882,0.0,0.0,0.0,0.0,110096.066667
1731307,IT,SI,VEGE1,MOTO1,0.01,3301.899,3,3,3301.899,0.0,0.0,0.0,0.0,330189.9
1688981,IT,IE,MACHI,GASDI,0.02,3301.837,3,3,3301.837,0.0,0.0,0.0,0.0,165091.85
1655308,IT,DE,VEGET,CATTL,0.01,3301.585,3,3,3301.585,0.0,0.0,0.0,0.0,330158.5
1683124,IT,HR,RUBBE,AIRTR,0.01,3301.57,3,3,3301.57,0.0,0.0,0.0,0.0,330157.0
1660759,IT,DE,RENTI,FOOD3,0.02,3301.018,3,3,3301.018,0.0,0.0,0.0,0.0,165050.9
1718382,IT,PL,BEVER,BASIC,0.01,3300.658,3,3,3300.658,0.0,0.0,0.0,0.0,330065.8
1741339,IT,US,PAPER,SEWAG,0.01,3300.585,3,3,3300.585,0.0,0.0,0.0,0.0,330058.5
1728419,IT,SE,WEARI,FABRI,0.02,3300.566,3,3,3300.566,0.0,0.0,0.0,0.0,165028.3
1711700,IT,LU,BUSIN,KEROS,0.03,3300.416,3,3,3300.416,0.0,0.0,0.0,0.0,110013.866667
1655769,IT,DE,MEAT1,MEAT4,0.02,3300.344,3,3,3300.344,0.0,0.0,0.0,0.0,165017.2
1798734,IT,WE,PROCE,EDUCA,0.02,3300.278,3,3,3300.278,0.0,0.0,0.0,0.0,165013.9
1714412,IT,NL,VEGET,DIST1,0.01,3300.121,3,3,3300.121,0.0,0.0,0.0,0.0,330012.1
1780025,IT,TW,SALEM,BUSIN,0.03,3299.892,3,3,3299.892,0.0,0.0,0.0,0.0,109996.4
1678045,IT,FR,EDUCA,INSUR,0.08,3299.806,3,3,3299.806,0.0,0.0,0.0,0.0,41247.575
1658867,IT,DE,TRANS,CEMEN,0.02,3299.716,3,3,3299.716,0.0,0.0,0.0,0.0,164985.8
1808674,IT,WF,INERT,ELEC4,0.02,3299.693,3,3,3299.693,0.0,0.0,0.0,0.0,164984.65
1689997,IT,IE,REALE,DISTR,0.14,3299.688,3,3,3299.688,0.0,0.0,0.0,0.0,23569.2
1650796,IT,BG,LANDT,CROPS,0.02,3299.675,3,3,3299.675,0.0,0.0,0.0,0.0,164983.75
1643680,IT,AT,SUPPO,MEAT1,0.02,3299.329,3,3,3299.329,0.0,0.0,0.0,0.0,164966.45
1797985,IT,WL,PAPE4,POSTT,0.02,3299.264,3,3,3299.264,0.0,0.0,0.0,0.0,164963.2
1714064,IT,MT,RAILW,MEAT1,0.02,3299.134,3,3,3299.134,0.0,0.0,0.0,0.0,164956.7
1652341,IT,CZ,FISH5,ANIMA,0.01,3299.103,4,4,3299.101,0.0,0.0,0.0,0.002,329910.3
1665292,IT,ES,BEVER,TRAN1,0.01,3299.058,3,3,3299.058,0.0,0.0,0.0,0.0,329905.8
1770160,IT,AU,RETA1,FABRI,0.03,3298.925,3,3,3298.925,0.0,0.0,0.0,0.0,109964.166667
1776128,IT,TR,LEATH,GASDI,0.02,3298.803,3,3,3298.803,0.0,0.0,0.0,0.0,164940.15
1788141,IT,WA,WEARI,NFERT,0.02,3298.52,3,3,3298.52,0.0,0.0,0.0,0.0,164926.0
1685263,IT,HU,TEXTI,ELEC3,0.02,3298.444,3,3,3298.444,0.0,0.0,0.0,0.0,164922.2
1745347,IT,JP,VEGE1,PETRO,0.01,3298.44,3,3,3298.44,0.0,0.0,0.0,0.0,329844.0
1758623,IT,BR,TRANS,FOUND,0.02,3298.183,3,3,3298.183,0.0,0.0,0.0,0.0,164909.15
1680816,IT,GR,RAILW,RUBBE,0.02,3298.136,3,3,3298.136,0.0,0.0,0.0,0.0,164906.8
1710341,IT,LT,WHOLE,MACHI,0.03,3297.98,3,3,3297.98,0.0,0.0,0.0,0.0,109932.666667
1752227,IT,CN,HEALT,MACHI,0.02,3297.745,3,3,3297.745,0.0,0.0,0.0,0.0,164887.25
1668295,IT,ES,WHOLE,PREC1,0.03,3297.735,3,3,3297.735,0.0,0.0,0.0,0.0,109924.5
1650756,IT,BG,HOTEL,RENTI,0.02,3297.705,3,3,3297.705,0.0,0.0,0.0,0.0,164885.25
1665817,IT,ES,PRINT,MEAT1,0.03,3297.583,3,3,3297.583,0.0,0.0,0.0,0.0,109919.433333
1806713,IT,WF,WHOLE,CERAM,0.03,3297.494,3,3,3297.494,0.0,0.0,0.0,0.0,109916.466667
1715854,IT,NL,RUBBE,ELEC1,0.01,3297.435,3,3,3297.435,0.0,0.0,0.0,0.0,329743.5
1654770,IT,CZ,SUPPO,CEREA,0.02,3297.324,3,3,3297.324,0.0,0.0,0.0,0.0,164866.2
1678190,IT,FR,INTER,WOOD2,0.02,3297.062,3,3,3297.062,0.0,0.0,0.0,0.0,164853.1
1719404,IT,PL,RUBBE,LIQUI,0.01,3296.873,3,3,3296.873,0.0,0.0,0.0,0.0,329687.3
1808046,IT,WF,INTER,COMPU,0.02,3296.822,3,3,3296.822,0.0,0.0,0.0,0.0,164841.1
1713029,IT,MT,MEAT1,FISHF,0.02,3296.816,3,3,3296.816,0.0,0.0,0.0,0.0,164840.8
1733272,IT,SI,MACHI,TEXT2,0.02,3296.793,3,3,3296.793,0.0,0.0,0.0,0.0,164839.65
1665216,IT,ES,FOOD5,ELEC5,0.02,3296.629,3,3,3296.629,0.0,0.0,0.0,0.0,164831.45
1754940,IT,KR,TEXTI,BITU1,0.02,3296.59,3,3,3296.59,0.0,0.0,0.0,0.0,164829.5
1753451,IT,CA,FABRI,BIODI,0.01,3296.551,3,3,3296.551,0.0,0.0,0.0,0.0,329655.1
1714628,IT,NL,MEATC,SUPPO,0.01,3296.515,3,3,3296.515,0.0,0.0,0.0,0.0,329651.5
1687591,IT,HU,LANDT,INERT,0.02,3296.125,3,3,3296.125,0.0,0.0,0.0,0.0,164806.25
1718126,IT,PL,VEGE1,LEATH,0.01,3296.083,3,3,3296.083,0.0,0.0,0.0,0.0,329608.3
1750325,IT,CN,FABRI,PADDY,0.01,3296.044,3,3,3296.044,0.0,0.0,0.0,0.0,329604.4
1730067,IT,SE,RETA1,FOOD5,0.03,3296.014,3,3,3296.014,0.0,0.0,0.0,0.0,109867.133333
1667936,IT,ES,MOTO1,TEXT1,0.02,3295.943,3,3,3295.943,0.0,0.0,0.0,0.0,164797.15
1641107,IT,AT,PAPER,SECO9,0.01,3295.921,3,3,3295.921,0.0,0.0,0.0,0.0,329592.1
1780747,IT,TW,RENTI,IRONO,0.02,3295.787,3,3,3295.787,0.0,0.0,0.0,0.0,164789.35
1670200,IT,ES,RECRE,MACHI,0.04,3295.67,3,3,3295.67,0.0,0.0,0.0,0.0,82391.75
1670352,IT,FI,VEGE1,REALE,0.01,3295.562,3,3,3295.562,0.0,0.0,0.0,0.0,329556.2
1663717,IT,EE,VEGE1,MEATC,0.01,3295.521,3,3,3295.521,0.0,0.0,0.0,0.0,329552.1
1749202,IT,CN,PULP5,RETA1,0.01,3295.413,3,3,3295.413,0.0,0.0,0.0,0.0,329541.3
1642985,IT,AT,ELEC8,DIST1,0.04,3295.398,3,3,3295.398,0.0,0.0,0.0,0.0,82384.95
1662947,IT,DK,RETA1,INLAN,0.03,3295.235,3,3,3295.235,0.0,0.0,0.0,0.0,109841.166667
1726773,IT,RO,SALEM,PAPE4,0.03,3294.973,3,3,3294.973,0.0,0.0,0.0,0.0,109832.433333
1792719,IT,WA,BUSIN,TOBAC,0.03,3294.952,3,3,3294.952,0.0,0.0,0.0,0.0,109831.733333
1764561,IT,MX,WHOLE,SUGA1,0.03,3294.629,3,3,3294.629,0.0,0.0,0.0,0.0,109820.966667
1713792,IT,MT,TRANS,RENTI,0.02,3294.604,3,3,3294.604,0.0,0.0,0.0,0.0,164730.2
1711411,IT,LU,HOTEL,CHEM1,0.02,3294.554,3,3,3294.554,0.0,0.0,0.0,0.0,164727.7
1647741,IT,BE,INSUR,SALEM,0.07,3294.417,3,3,3294.417,0.0,0.0,0.0,0.0,47063.1
1671651,IT,FI,CONST,PRINT,0.02,3294.374,3,3,3294.374,0.0,0.0,0.0,0.0,164718.7
1736624,IT,SK,FINAN,RUBBE,0.04,3294.312,3,3,3294.312,0.0,0.0,0.0,0.0,82357.8
1687934,IT,HU,RENTI,MEATA,0.02,3294.249,3,3,3294.249,0.0,0.0,0.0,0.0,164712.45
1786742,IT,ZA,RETA1,TRAN2,0.03,3293.91,3,3,3293.91,0.0,0.0,0.0,0.0,109797.0
1766174,IT,RU,RUBBE,PAPE1,0.01,3293.888,3,3,3293.888,0.0,0.0,0.0,0.0,329388.8
1735812,IT,SK,MACHI,ELECT,0.02,3293.844,3,3,3293.844,0.0,0.0,0.0,0.0,164692.2
1754631,IT,KR,FORES,EDUCA,0.03,3293.759,4,4,3292.759,0.0,1.0,0.0,0.0,109791.966667
1739027,IT,GB,SALEM,FOOD3,0.03,3293.585,3,3,3293.585,0.0,0.0,0.0,0.0,109786.166667
1814451,IT,WM,COMPU,CHEM1,0.04,3293.436,3,3,3293.436,0.0,0.0,0.0,0.0,82335.9
1720815,IT,PL,FURNI,PFERT,0.01,3293.432,3,3,3293.432,0.0,0.0,0.0,0.0,329343.2
1745634,IT,JP,TEXTI,HEAVY,0.02,3293.356,3,3,3293.356,0.0,0.0,0.0,0.0,164667.8
1670077,IT,ES,WASTE,BUSIN,0.01,3292.712,3,3,3292.712,0.0,0.0,0.0,0.0,329271.2
1667993,IT,ES,TRANS,INSUR,0.02,3292.574,3,3,3292.574,0.0,0.0,0.0,0.0,164628.7
1807854,IT,WF,PAPE1,MEAT4,0.02,3292.536,3,3,3292.536,0.0,0.0,0.0,0.0,164626.8
1648812,IT,BG,FISH5,LEATH,0.01,3292.359,4,4,3292.357,0.0,0.0,0.0,0.002,329235.9
1802563,IT,WE,FINAN,RADIO,0.04,3292.146,3,3,3292.146,0.0,0.0,0.0,0.0,82303.65
1730181,IT,SE,LANDT,LEAD1,0.02,3292.126,3,3,3292.126,0.0,0.0,0.0,0.0,164606.3
1728537,IT,SE,PAPER,PIGS9,0.01,3291.749,3,3,3291.749,0.0,0.0,0.0,0.0,329174.9
1784802,IT,ID,HOTEL,OFFIC,0.02,3291.746,3,3,3291.746,0.0,0.0,0.0,0.0,164587.3
1685156,IT,HU,BEVER,MEATC,0.01,3291.529,3,3,3291.529,0.0,0.0,0.0,0.0,329152.9
1743782,IT,US,LANDT,NONF1,0.02,3291.455,3,3,3291.455,0.0,0.0,0.0,0.0,164572.75
1813839,IT,WM,LANDT,RAWMI,0.02,3291.333,3,3,3291.333,0.0,0.0,0.0,0.0,164566.65
1754600,IT,KR,CROPS,HEALT,0.03,3291.253,3,3,3291.253,0.0,0.0,0.0,0.0,109708.433333
1732579,IT,SI,RUBBE,WOOD2,0.01,3291.114,3,3,3291.114,0.0,0.0,0.0,0.0,329111.4
1646849,IT,BE,RETAI,WHOLE,0.03,3291.049,3,3,3291.049,0.0,0.0,0.0,0.0,109701.633333
1659185,IT,DE,CONST,DIST1,0.02,3290.912,3,3,3290.912,0.0,0.0,0.0,0.0,164545.6
1777805,IT,TR,FABRI,BITU1,0.01,3290.848,3,3,3290.848,0.0,0.0,0.0,0.0,329084.8
1781973,IT,NO,RUBBE,STONE,0.01,3290.622,3,3,3290.622,0.0,0.0,0.0,0.0,329062.2
1651820,IT,CY,HOTEL,RAILW,0.02,3290.358,3,3,3290.358,0.0,0.0,0.0,0.0,164517.9
1647155,IT,BE,HOTEL,WASTE,0.02,3290.333,3,3,3290.333,0.0,0.0,0.0,0.0,164516.65
1645152,IT,BE,PRINT,BIODI,0.03,3290.285,3,3,3290.285,0.0,0.0,0.0,0.0,109676.166667
1712889,IT,LV,REALE,FURNI,0.14,3290.257,3,3,3290.257,0.0,0.0,0.0,0.0,23501.835714
1797849,IT,WL,FOOD2,SEACO,0.02,3289.812,3,3,3289.812,0.0,0.0,0.0,0.0,164490.6
1728176,IT,SE,PROCE,DAIRY,0.02,3289.744,3,3,3289.744,0.0,0.0,0.0,0.0,164487.2
1678360,IT,FR,FOOD4,HEALT,0.02,3289.578,3,3,3289.578,0.0,0.0,0.0,0.0,164478.9
1757505,IT,BR,PAPER,INERT,0.01,3289.56,3,3,3289.56,0.0,0.0,0.0,0.0,328956.0
1778614,IT,TR,HOTEL,DAIRY,0.02,3289.365,3,3,3289.365,0.0,0.0,0.0,0.0,164468.25
1644855,IT,BE,WEARI,NONME,0.02,3289.221,3,3,3289.221,0.0,0.0,0.0,0.0,164461.05
1663560,IT,DK,COMPU,AUXIL,0.04,3289.05,3,3,3289.05,0.0,0.0,0.0,0.0,82226.25
1748821,IT,CN,TEXTI,ELEC5,0.02,3288.939,3,3,3288.939,0.0,0.0,0.0,0.0,164446.95
1802660,IT,WE,RENTI,RUBBE,0.02,3288.91,3,3,3288.91,0.0,0.0,0.0,0.0,164445.5
1710836,IT,LU,PAPER,TRAN2,0.01,3288.903,3,3,3288.903,0.0,0.0,0.0,0.0,328890.3
1718183,IT,PL,DAIRY,RUBBE,0.01,3288.875,3,3,3288.875,0.0,0.0,0.0,0.0,328887.5
1808030,IT,WF,INTER,DISTR,0.02,3288.763,3,3,3288.763,0.0,0.0,0.0,0.0,164438.15
1683890,IT,HR,TRANS,HOTEL,0.02,3288.587,3,3,3288.587,0.0,0.0,0.0,0.0,164429.35
1663575,IT,DK,COMPU,93197,0.04,3288.581,3,3,3288.581,0.0,0.0,0.0,0.0,82214.525
1798037,IT,WL,WOOD2,PFERT,0.02,3288.396,3,3,3288.396,0.0,0.0,0.0,0.0,164419.8
1671855,IT,FI,RETA1,WASTE,0.03,3288.314,3,3,3288.314,0.0,0.0,0.0,0.0,109610.466667
1709393,IT,LT,BEVER,FISH5,0.01,3288.308,3,3,3288.308,0.0,0.0,0.0,0.0,328830.8
1745102,IT,US,PUBLI,FOOD3,0.05,3288.284,3,3,3288.284,0.0,0.0,0.0,0.0,65765.68
1808623,IT,WF,PLAS2,SUPPO,0.03,3288.212,3,3,3288.212,0.0,0.0,0.0,0.0,109607.066667
1781091,IT,TW,PUBLI,TRANS,0.05,3288.187,3,3,3288.187,0.0,0.0,0.0,0.0,65763.74
1735203,IT,SK,RUBBE,ELEC3,0.01,3288.186,3,3,3288.186,0.0,0.0,0.0,0.0,328818.6
1647000,IT,BE,RETA1,RUBBE,0.03,3287.844,3,3,3287.844,0.0,0.0,0.0,0.0,109594.8
1650098,IT,BG,OFFIC,PAPER,0.01,3287.745,3,3,3287.745,0.0,0.0,0.0,0.0,328774.5
1737013,IT,GB,FORES,WHOLE,0.03,3287.565,4,4,3286.565,0.0,1.0,0.0,0.0,109585.5
1764666,IT,MX,RETA1,REALE,0.03,3287.537,3,3,3287.537,0.0,0.0,0.0,0.0,109584.566667
1647771,IT,BE,AUXIL,CROPS,0.06,3287.382,3,3,3287.382,0.0,0.0,0.0,0.0,54789.7
1686078,IT,HU,RUBBE,REFIN,0.01,3287.17,3,3,3287.17,0.0,0.0,0.0,0.0,328717.0
1768859,IT,AU,LEATH,RENTI,0.02,3287.112,3,3,3287.112,0.0,0.0,0.0,0.0,164355.6
1783412,IT,NO,INTER,LEAD1,0.02,3287.093,3,3,3287.093,0.0,0.0,0.0,0.0,164354.65
1764992,IT,MX,FINAN,WHOLE,0.04,3286.922,3,3,3286.922,0.0,0.0,0.0,0.0,82173.05
1753812,IT,CA,WHOLE,MEAT4,0.03,3286.903,3,3,3286.903,0.0,0.0,0.0,0.0,109563.433333
1804204,IT,WF,PRINT,CHEM1,0.03,3286.803,3,3,3286.803,0.0,0.0,0.0,0.0,109560.1
1792433,IT,WA,AUXIL,CROPS,0.06,3286.749,3,3,3286.749,0.0,0.0,0.0,0.0,54779.15
1767793,IT,RU,INSUR,WHOLE,0.07,3286.439,3,3,3286.439,0.0,0.0,0.0,0.0,46949.128571
1736230,IT,SK,RETA1,PREC1,0.03,3286.284,3,3,3286.284,0.0,0.0,0.0,0.0,109542.8
1689146,IT,IE,SALEM,ELEC7,0.03,3286.052,3,3,3286.052,0.0,0.0,0.0,0.0,109535.066667
1659696,IT,DE,RAILW,LUBRI,0.02,3285.988,3,3,3285.988,0.0,0.0,0.0,0.0,164299.4
1643332,IT,AT,RAILW,GLASS,0.02,3285.831,3,3,3285.831,0.0,0.0,0.0,0.0,164291.55
1731282,IT,SI,MEAT4,HOTEL,0.02,3285.628,3,3,3285.628,0.0,0.0,0.0,0.0,164281.4
1803640,IT,WF,FOOD5,MOTO1,0.02,3285.463,3,3,3285.463,0.0,0.0,0.0,0.0,164273.15
1664521,IT,EE,TRANS,AIRTR,0.02,3285.414,3,3,3285.414,0.0,0.0,0.0,0.0,164270.7
1746060,IT,JP,PRINT,BEVER,0.03,3285.093,3,3,3285.093,0.0,0.0,0.0,0.0,109503.1
1752419,IT,CA,VEGE1,MOTO1,0.01,3285.09,3,3,3285.09,0.0,0.0,0.0,0.0,328509.0
1714864,IT,NL,FOOD5,OILHA,0.02,3285.007,3,3,3285.007,0.0,0.0,0.0,0.0,164250.35
1786299,IT,ZA,FABRI,ELEC5,0.01,3284.994,3,3,3284.994,0.0,0.0,0.0,0.0,328499.4
1808225,IT,WF,FOOD1,LANDT,0.02,3284.719,3,3,3284.719,0.0,0.0,0.0,0.0,164235.95
1795862,IT,WL,OFFIC,PULP5,0.01,3284.639,3,3,3284.639,0.0,0.0,0.0,0.0,328463.9
1792960,IT,WA,PLAS1,CONST,0.01,3284.561,3,3,3284.561,0.0,0.0,0.0,0.0,328456.1
1732498,IT,SI,RUBBE,CATTL,0.01,3284.552,3,3,3284.552,0.0,0.0,0.0,0.0,328455.2
1647071,IT,BE,HOTEL,SUGA1,0.02,3284.478,3,3,3284.478,0.0,0.0,0.0,0.0,164223.9
1715258,IT,NL,PAPER,PROCE,0.01,3284.371,3,3,3284.371,0.0,0.0,0.0,0.0,328437.1
1678370,IT,FR,FOOD4,WOOD2,0.02,3284.298,3,3,3284.298,0.0,0.0,0.0,0.0,164214.9
1680133,IT,GR,OFFIC,RAILW,0.01,3284.089,3,3,3284.089,0.0,0.0,0.0,0.0,328408.9
1717536,IT,NL,RENTI,DISTR,0.02,3283.933,3,3,3283.933,0.0,0.0,0.0,0.0,164196.65
1814767,IT,WM,FOOD2,COMPU,0.02,3283.861,3,3,3283.861,0.0,0.0,0.0,0.0,164193.05
1678586,IT,GR,ANIMA,WOODW,0.01,3283.53,3,3,3283.53,0.0,0.0,0.0,0.0,328353.0
1762881,IT,MX,STONE,VEGET,0.01,3283.51,3,3,3283.51,0.0,0.0,0.0,0.0,328351.0
1712879,IT,LV,REALE,RUBBE,0.14,3283.387,3,3,3283.387,0.0,0.0,0.0,0.0,23452.764286
1782545,IT,NO,OFFIC,MEMBE,0.01,3283.352,3,3,3283.352,0.0,0.0,0.0,0.0,328335.2
1768058,IT,RU,BUSIN,CERAM,0.03,3283.329,3,3,3283.329,0.0,0.0,0.0,0.0,109444.3
1739532,IT,GB,LANDT,FOOD1,0.02,3283.318,3,3,3283.318,0.0,0.0,0.0,0.0,164165.9
1711943,IT,LU,FOOD4,FINAN,0.02,3283.249,3,3,3283.249,0.0,0.0,0.0,0.0,164162.45
1663735,IT,EE,DAIRY,RENTI,0.01,3282.913,3,3,3282.913,0.0,0.0,0.0,0.0,328291.3
1690319,IT,IE,FOOD2,PFERT,0.02,3282.886,3,3,3282.886,0.0,0.0,0.0,0.0,164144.3
1791765,IT,WA,RAILW,INLAN,0.02,3282.764,3,3,3282.764,0.0,0.0,0.0,0.0,164138.2
1780733,IT,TW,REALE,SUPPO,0.14,3282.453,3,3,3282.453,0.0,0.0,0.0,0.0,23446.092857
1787822,IT,WA,FOOD5,VEGET,0.02,3282.451,3,3,3282.451,0.0,0.0,0.0,0.0,164122.55
1807583,IT,WF,COMPU,RAILW,0.04,3282.412,3,3,3282.412,0.0,0.0,0.0,0.0,82060.3
1807627,IT,WF,RESEA,NONF1,0.02,3282.37,3,3,3282.37,0.0,0.0,0.0,0.0,164118.5
1672147,IT,FI,FINAN,RETA1,0.04,3282.184,3,3,3282.184,0.0,0.0,0.0,0.0,82054.6
1793787,IT,WL,TOBAC,RUBBE,0.01,3282.148,3,3,3282.148,0.0,0.0,0.0,0.0,328214.8
1770563,IT,AU,SUPPO,COMPU,0.02,3281.847,3,3,3281.847,0.0,0.0,0.0,0.0,164092.35
1756949,IT,KR,AUXIL,BUSIN,0.06,3281.808,3,3,3281.808,0.0,0.0,0.0,0.0,54696.8
1797771,IT,WL,WOOD1,FINAN,0.02,3281.525,3,3,3281.525,0.0,0.0,0.0,0.0,164076.25
1665689,IT,ES,PULP5,REALE,0.01,3281.519,3,3,3281.519,0.0,0.0,0.0,0.0,328151.9
1767098,IT,RU,FURNI,ELEC6,0.01,3281.471,3,3,3281.471,0.0,0.0,0.0,0.0,328147.1
1762857,IT,IN,PUBLI,AUXIL,0.05,3281.358,3,3,3281.358,0.0,0.0,0.0,0.0,65627.16
1727571,IT,RO,REALE,COPP1,0.14,3281.291,3,3,3281.291,0.0,0.0,0.0,0.0,23437.792857
1682060,IT,HR,FISH5,SALEM,0.01,3281.285,4,4,3281.283,0.0,0.0,0.0,0.002,328128.5
1721158,IT,PL,RAILW,COLLE,0.02,3281.139,3,3,3281.139,0.0,0.0,0.0,0.0,164056.95
1790695,IT,WA,FABRI,RETAI,0.01,3281.05,3,3,3281.05,0.0,0.0,0.0,0.0,328105.0
1658926,IT,DE,FURNI,DIST1,0.01,3280.868,3,3,3280.868,0.0,0.0,0.0,0.0,328086.8
1724683,IT,PT,INSUR,DISTR,0.07,3280.675,3,3,3280.675,0.0,0.0,0.0,0.0,46866.785714
1716735,IT,NL,RETA1,MEATC,0.03,3280.652,3,3,3280.652,0.0,0.0,0.0,0.0,109355.066667
1671024,IT,FI,RUBBE,MEAT1,0.01,3280.477,3,3,3280.477,0.0,0.0,0.0,0.0,328047.7
1755265,IT,KR,PAPER,BITU1,0.01,3280.475,3,3,3280.475,0.0,0.0,0.0,0.0,328047.5
1670443,IT,FI,FOOD5,FINAN,0.02,3280.384,3,3,3280.384,0.0,0.0,0.0,0.0,164019.2
1731336,IT,SI,DAIRY,FISH5,0.01,3280.169,3,3,3280.169,0.0,0.0,0.0,0.0,328016.9
1775463,IT,CH,PLAS1,PAPER,0.01,3279.792,3,3,3279.792,0.0,0.0,0.0,0.0,327979.2
1746702,IT,JP,FABRI,LEAD1,0.01,3279.784,3,3,3279.784,0.0,0.0,0.0,0.0,327978.4
1754743,IT,KR,DAIRY,OFFIC,0.01,3279.668,3,3,3279.668,0.0,0.0,0.0,0.0,327966.8
1778597,IT,TR,RETA1,TEXT2,0.03,3279.661,3,3,3279.661,0.0,0.0,0.0,0.0,109322.033333
1660166,IT,DE,SUPPO,CERAM,0.02,3279.523,3,3,3279.523,0.0,0.0,0.0,0.0,163976.15
1736167,IT,SK,SALEM,INERT,0.03,3279.329,3,3,3279.329,0.0,0.0,0.0,0.0,109310.966667
1747673,IT,JP,POSTT,FURNI,0.05,3279.291,3,3,3279.291,0.0,0.0,0.0,0.0,65585.82
1779976,IT,TW,SALEM,DAIRY,0.03,3279.154,3,3,3279.154,0.0,0.0,0.0,0.0,109305.133333
1648979,IT,BG,LEATH,OFFIC,0.02,3278.998,3,3,3278.998,0.0,0.0,0.0,0.0,163949.9
1647589,IT,BE,POSTT,GASDI,0.05,3278.807,3,3,3278.807,0.0,0.0,0.0,0.0,65576.14
1671605,IT,FI,FURNI,FOOD5,0.01,3278.801,3,3,3278.801,0.0,0.0,0.0,0.0,327880.1
1648508,IT,BG,CROPS,MEATA,0.03,3278.525,3,3,3278.525,0.0,0.0,0.0,0.0,109284.166667
1650227,IT,BG,FURNI,PAPER,0.01,3278.498,3,3,3278.498,0.0,0.0,0.0,0.0,327849.8
1758723,IT,BR,RETAI,INSUR,0.03,3278.433,3,3,3278.433,0.0,0.0,0.0,0.0,109281.1
1787603,IT,WA,MEAT1,SANDC,0.02,3278.418,3,3,3278.418,0.0,0.0,0.0,0.0,163920.9
1765075,IT,MX,INSUR,RECRE,0.07,3278.206,3,3,3278.206,0.0,0.0,0.0,0.0,46831.514286
1766173,IT,RU,RUBBE,FOODW,0.01,3278.192,3,3,3278.192,0.0,0.0,0.0,0.0,327819.2
1644824,IT,BE,TEXTI,MACHI,0.02,3278.145,3,3,3278.145,0.0,0.0,0.0,0.0,163907.25
1770543,IT,AU,SUPPO,CEMEN,0.02,3278.094,3,3,3278.094,0.0,0.0,0.0,0.0,163904.7
1785051,IT,ID,BUSIN,INSUR,0.03,3278.077,3,3,3278.077,0.0,0.0,0.0,0.0,109269.233333
1766175,IT,RU,RUBBE,PLAS1,0.01,3278.013,3,3,3278.013,0.0,0.0,0.0,0.0,327801.3
1711852,IT,LU,PAPE1,WASTE,0.02,3277.928,3,3,3277.928,0.0,0.0,0.0,0.0,163896.4
1684570,IT,HR,BUSIN,TRAN2,0.03,3277.914,3,3,3277.914,0.0,0.0,0.0,0.0,109263.8
1766179,IT,RU,RUBBE,OILHA,0.01,3277.847,3,3,3277.847,0.0,0.0,0.0,0.0,327784.7
1664578,IT,EE,HOTEL,SALEM,0.02,3277.846,3,3,3277.846,0.0,0.0,0.0,0.0,163892.3
1685305,IT,HU,WEARI,BEVER,0.02,3277.522,3,3,3277.522,0.0,0.0,0.0,0.0,163876.1
1648017,IT,BE,COMPU,REFI1,0.04,3277.441,3,3,3277.441,0.0,0.0,0.0,0.0,81936.025
1654285,IT,CZ,FURNI,MEMBE,0.01,3277.358,3,3,3277.358,0.0,0.0,0.0,0.0,327735.8
1660890,IT,DE,RESEA,PRINT,0.02,3277.138,3,3,3277.138,0.0,0.0,0.0,0.0,163856.9
1735159,IT,SK,RUBBE,MEAT4,0.01,3277.136,3,3,3277.136,0.0,0.0,0.0,0.0,327713.6
1687583,IT,HU,LANDT,INTER,0.02,3277.054,3,3,3277.054,0.0,0.0,0.0,0.0,163852.7
1655392,IT,DE,CROPS,CONST,0.03,3276.91,3,3,3276.91,0.0,0.0,0.0,0.0,109230.333333
1770977,IT,CH,VEGET,AIRTR,0.01,3276.762,3,3,3276.762,0.0,0.0,0.0,0.0,327676.2
1784537,IT,ID,FABRI,AUXIL,0.01,3276.483,3,3,3276.483,0.0,0.0,0.0,0.0,327648.3
1803734,IT,WF,FISH5,WEARI,0.01,3276.338,4,4,3276.336,0.0,0.0,0.0,0.002,327633.8
1741357,IT,US,PRINT,PLAST,0.03,3276.105,3,3,3276.105,0.0,0.0,0.0,0.0,109203.5
1718880,IT,PL,PRINT,MEATA,0.03,3276.092,3,3,3276.092,0.0,0.0,0.0,0.0,109203.066667
1813635,IT,WM,RETA1,VEGE1,0.03,3276.041,3,3,3276.041,0.0,0.0,0.0,0.0,109201.366667
1687130,IT,HU,TRANS,COMPU,0.02,3275.975,3,3,3275.975,0.0,0.0,0.0,0.0,163798.75
1774425,IT,CH,RAILW,CONST,0.02,3275.936,3,3,3275.936,0.0,0.0,0.0,0.0,163796.8
1648722,IT,BG,FOOD5,MACHI,0.02,3275.796,3,3,3275.796,0.0,0.0,0.0,0.0,163789.8
1670608,IT,FI,WEARI,INSUR,0.02,3275.77,3,3,3275.77,0.0,0.0,0.0,0.0,163788.5
1734855,IT,SK,PAPER,BIOGA,0.01,3275.695,3,3,3275.695,0.0,0.0,0.0,0.0,327569.5
1786525,IT,ZA,FURNI,STONE,0.01,3275.63,3,3,3275.63,0.0,0.0,0.0,0.0,327563.0
1651097,IT,BG,INSUR,HEALT,0.07,3275.526,3,3,3275.526,0.0,0.0,0.0,0.0,46793.228571
1749341,IT,CN,PRINT,MEDIC,0.03,3275.507,3,3,3275.507,0.0,0.0,0.0,0.0,109183.566667
1748857,IT,CN,WEARI,OILSE,0.02,3275.403,3,3,3275.403,0.0,0.0,0.0,0.0,163770.15
1647283,IT,BE,LANDT,AUXIL,0.02,3275.296,3,3,3275.296,0.0,0.0,0.0,0.0,163764.8
1674540,IT,FR,RUBBE,WHITE,0.01,3275.173,3,3,3275.173,0.0,0.0,0.0,0.0,327517.3
1759576,IT,BR,COMPU,TRANS,0.04,3275.116,3,3,3275.116,0.0,0.0,0.0,0.0,81877.9
1745533,IT,JP,BEVER,DAIRY,0.01,3274.92,3,3,3274.92,0.0,0.0,0.0,0.0,327492.0
1725268,IT,RO,FOOD5,FOOD4,0.02,3274.708,3,3,3274.708,0.0,0.0,0.0,0.0,163735.4
1689198,IT,IE,RETAI,GLASS,0.03,3274.445,3,3,3274.445,0.0,0.0,0.0,0.0,109148.166667
1714362,IT,MT,93197,POSTT,0.02,3273.638,3,3,3273.638,0.0,0.0,0.0,0.0,163681.9
1684640,IT,HR,PAPE4,OFFIC,0.02,3273.589,3,3,3273.589,0.0,0.0,0.0,0.0,163679.45
1781443,IT,NO,BEVER,WHEAT,0.01,3273.58,3,3,3273.58,0.0,0.0,0.0,0.0,327358.0
1664135,IT,EE,RUBBE,PREC1,0.01,3273.578,3,3,3273.578,0.0,0.0,0.0,0.0,327357.8
1802746,IT,WE,RESEA,SALEM,0.02,3273.56,3,3,3273.56,0.0,0.0,0.0,0.0,163678.0
1652190,IT,CZ,DAIRY,PFERT,0.01,3273.442,3,3,3273.442,0.0,0.0,0.0,0.0,327344.2
1721045,IT,PL,HOTEL,BRICK,0.02,3273.176,3,3,3273.176,0.0,0.0,0.0,0.0,163658.8
1814625,IT,WM,FOODW,ELEC2,0.02,3273.125,3,3,3273.125,0.0,0.0,0.0,0.0,163656.25
1684498,IT,HR,RESEA,WHOLE,0.02,3273.052,3,3,3273.052,0.0,0.0,0.0,0.0,163652.6
1682217,IT,HR,WEARI,RAILW,0.02,3272.821,3,3,3272.821,0.0,0.0,0.0,0.0,163641.05
1651553,IT,CY,RUBBE,RETAI,0.01,3272.691,3,3,3272.691,0.0,0.0,0.0,0.0,327269.1
1736397,IT,SK,LANDT,MOTOR,0.02,3272.462,3,3,3272.462,0.0,0.0,0.0,0.0,163623.1
1712051,IT,LV,BEVER,FORES,0.01,3272.148,3,3,3272.148,0.0,0.0,0.0,0.0,327214.8
1739228,IT,GB,RETA1,HEALT,0.03,3272.112,3,3,3272.112,0.0,0.0,0.0,0.0,109070.4
1685008,IT,HU,VEGE1,LANDT,0.01,3272.029,3,3,3272.029,0.0,0.0,0.0,0.0,327202.9
1756978,IT,KR,COMPU,MACHI,0.04,3271.988,3,3,3271.988,0.0,0.0,0.0,0.0,81799.7
1808776,IT,WF,WOOD2,TEXTI,0.02,3271.814,3,3,3271.814,0.0,0.0,0.0,0.0,163590.7
1796253,IT,WL,CONST,PROCE,0.02,3271.725,3,3,3271.725,0.0,0.0,0.0,0.0,163586.25
1728538,IT,SE,PAPER,POULT,0.01,3271.606,3,3,3271.606,0.0,0.0,0.0,0.0,327160.6
1679097,IT,GR,PAPER,SUGA1,0.01,3271.579,3,3,3271.579,0.0,0.0,0.0,0.0,327157.9
1643295,IT,AT,HOTEL,FOOD3,0.02,3271.221,3,3,3271.221,0.0,0.0,0.0,0.0,163561.05
1690044,IT,IE,RENTI,LEADZ,0.02,3271.201,3,3,3271.201,0.0,0.0,0.0,0.0,163560.05
1753887,IT,CA,RAILW,BITUM,0.02,3271.082,3,3,3271.082,0.0,0.0,0.0,0.0,163554.1
1745496,IT,JP,FOOD5,MOTO1,0.02,3271.025,3,3,3271.025,0.0,0.0,0.0,0.0,163551.25
1748006,IT,JP,BUSIN,MEAT1,0.03,3270.994,3,3,3270.994,0.0,0.0,0.0,0.0,109033.133333
1651741,IT,CY,MACHI,MOTO1,0.02,3270.937,3,3,3270.937,0.0,0.0,0.0,0.0,163546.85
1712081,IT,LV,BEVER,ELEC4,0.01,3270.912,3,3,3270.912,0.0,0.0,0.0,0.0,327091.2
1664007,IT,EE,PRINT,REALE,0.03,3270.533,3,3,3270.533,0.0,0.0,0.0,0.0,109017.766667
1790647,IT,WA,FABRI,ETHAN,0.01,3270.355,3,3,3270.355,0.0,0.0,0.0,0.0,327035.5
1807271,IT,WF,POSTT,RAWMI,0.05,3270.261,3,3,3270.261,0.0,0.0,0.0,0.0,65405.22
1689377,IT,IE,RETA1,INSUR,0.03,3270.187,3,3,3270.187,0.0,0.0,0.0,0.0,109006.233333
1710280,IT,LT,MOTO1,RESEA,0.02,3270.13,3,3,3270.13,0.0,0.0,0.0,0.0,163506.5
1660263,IT,DE,POSTT,MEDIC,0.05,3269.961,3,3,3269.961,0.0,0.0,0.0,0.0,65399.22
1780911,IT,TW,RESEA,ELEC4,0.02,3269.766,3,3,3269.766,0.0,0.0,0.0,0.0,163488.3
1792138,IT,WA,SUPPO,ANTHR,0.02,3269.643,3,3,3269.643,0.0,0.0,0.0,0.0,163482.15
1803139,IT,WF,VEGET,RADIO,0.01,3269.585,3,3,3269.585,0.0,0.0,0.0,0.0,326958.5
1681741,IT,HR,STONE,DAIRY,0.01,3269.541,3,3,3269.541,0.0,0.0,0.0,0.0,326954.1
1786528,IT,ZA,FURNI,MEAT4,0.01,3269.383,3,3,3269.383,0.0,0.0,0.0,0.0,326938.3
1802586,IT,WE,FINAN,RESEA,0.04,3269.216,3,3,3269.216,0.0,0.0,0.0,0.0,81730.4
1786950,IT,ZA,POSTT,SALEM,0.05,3269.048,3,3,3269.048,0.0,0.0,0.0,0.0,65380.96
1663917,IT,EE,LEATH,REALE,0.02,3268.119,3,3,3268.119,0.0,0.0,0.0,0.0,163405.95
1716929,IT,NL,RAILW,WOODW,0.02,3267.914,3,3,3267.914,0.0,0.0,0.0,0.0,163395.7
1814371,IT,WM,AUXIL,VEGET,0.06,3267.561,3,3,3267.561,0.0,0.0,0.0,0.0,54459.35
1807946,IT,WF,PLAS1,NFERT,0.01,3267.321,3,3,3267.321,0.0,0.0,0.0,0.0,326732.1
1801572,IT,WE,TRANS,HEAVY,0.02,3267.14,3,3,3267.14,0.0,0.0,0.0,0.0,163357.0
1661265,IT,DK,VEGET,MEMBE,0.01,3267.134,3,3,3267.134,0.0,0.0,0.0,0.0,326713.4
1736970,IT,GB,CROPS,DAIRY,0.03,3267.117,3,3,3267.117,0.0,0.0,0.0,0.0,108903.9
1668330,IT,ES,WHOLE,POSTT,0.03,3267.105,3,3,3267.105,0.0,0.0,0.0,0.0,108903.5
1654985,IT,CZ,INSUR,PUBLI,0.07,3266.938,3,3,3266.938,0.0,0.0,0.0,0.0,46670.542857
1669783,IT,ES,BUSIN,PREC1,0.03,3266.837,3,3,3266.837,0.0,0.0,0.0,0.0,108894.566667
1764683,IT,MX,HOTEL,IRONO,0.02,3266.693,3,3,3266.693,0.0,0.0,0.0,0.0,163334.65
1648954,IT,BG,WEARI,FINAN,0.02,3266.691,3,3,3266.691,0.0,0.0,0.0,0.0,163334.55
1738101,IT,GB,RUBBE,INTER,0.01,3266.566,3,3,3266.566,0.0,0.0,0.0,0.0,326656.6
1648136,IT,BE,RESEA,PAPE2,0.02,3266.283,3,3,3266.283,0.0,0.0,0.0,0.0,163314.15
1756380,IT,KR,FURNI,PREC1,0.01,3266.253,3,3,3266.253,0.0,0.0,0.0,0.0,326625.3
1671407,IT,FI,FABRI,GASDI,0.01,3266.217,3,3,3266.217,0.0,0.0,0.0,0.0,326621.7
1684994,IT,HU,VEGE1,PAPER,0.01,3266.081,3,3,3266.081,0.0,0.0,0.0,0.0,326608.1
1718774,IT,PL,PAPER,SANDC,0.01,3265.966,3,3,3265.966,0.0,0.0,0.0,0.0,326596.6
1648741,IT,BG,FOOD5,COMPU,0.02,3265.616,3,3,3265.616,0.0,0.0,0.0,0.0,163280.8
1771245,IT,CH,VEGE1,ELEC4,0.01,3265.559,3,3,3265.559,0.0,0.0,0.0,0.0,326555.9
1727353,IT,RO,POSTT,AUXIL,0.05,3265.166,3,3,3265.166,0.0,0.0,0.0,0.0,65303.32
1669785,IT,ES,BUSIN,LEAD1,0.03,3265.111,3,3,3265.111,0.0,0.0,0.0,0.0,108837.033333
1748561,IT,CN,VEGE1,PRINT,0.01,3264.968,3,3,3264.968,0.0,0.0,0.0,0.0,326496.8
1651078,IT,BG,INSUR,ELEC3,0.07,3264.824,3,3,3264.824,0.0,0.0,0.0,0.0,46640.342857
1734078,IT,SI,INSUR,RUBBE,0.07,3264.729,3,3,3264.729,0.0,0.0,0.0,0.0,46638.985714
1813749,IT,WM,HOTEL,LEAD1,0.02,3264.054,3,3,3264.054,0.0,0.0,0.0,0.0,163202.7
1718078,IT,PL,MEAT4,MEATP,0.02,3264.005,3,3,3264.005,0.0,0.0,0.0,0.0,163200.25
1787011,IT,ZA,INSUR,MOTO1,0.07,3263.52,3,3,3263.52,0.0,0.0,0.0,0.0,46621.714286
1642617,IT,AT,FABRI,NAPHT,0.01,3263.397,3,3,3263.397,0.0,0.0,0.0,0.0,326339.7
1764995,IT,MX,FINAN,LANDT,0.04,3263.332,3,3,3263.332,0.0,0.0,0.0,0.0,81583.3
1796737,IT,WL,LANDT,LEATH,0.02,3263.157,3,3,3263.157,0.0,0.0,0.0,0.0,163157.85
1640468,IT,AT,DAIRY,SUGA1,0.01,3263.083,3,3,3263.083,0.0,0.0,0.0,0.0,326308.3
1662974,IT,DK,HOTEL,POULT,0.02,3263.054,3,3,3263.054,0.0,0.0,0.0,0.0,163152.7
1670788,IT,FI,PRINT,DISTR,0.03,3262.982,3,3,3262.982,0.0,0.0,0.0,0.0,108766.066667
1748650,IT,CN,DAIRY,RETA1,0.01,3262.759,3,3,3262.759,0.0,0.0,0.0,0.0,326275.9
1689147,IT,IE,SALEM,TRAN1,0.03,3262.636,3,3,3262.636,0.0,0.0,0.0,0.0,108754.533333
1685264,IT,HU,TEXTI,DIST1,0.02,3262.632,3,3,3262.632,0.0,0.0,0.0,0.0,163131.6
1792593,IT,WA,COMPU,BASIC,0.04,3262.373,3,3,3262.373,0.0,0.0,0.0,0.0,81559.325
1780513,IT,TW,POSTT,RETAI,0.05,3261.943,3,3,3261.943,0.0,0.0,0.0,0.0,65238.86
1678289,IT,FR,FOOD2,WOOD2,0.02,3261.825,3,3,3261.825,0.0,0.0,0.0,0.0,163091.25
1672368,IT,FI,BUSIN,HEAVY,0.03,3261.738,3,3,3261.738,0.0,0.0,0.0,0.0,108724.6
1787721,IT,WA,VEGE1,BRICK,0.01,3261.72,3,3,3261.72,0.0,0.0,0.0,0.0,326172.0
1796712,IT,WL,RAILW,COMPU,0.02,3261.666,3,3,3261.666,0.0,0.0,0.0,0.0,163083.3
1731610,IT,SI,WEARI,HOTEL,0.02,3261.637,3,3,3261.637,0.0,0.0,0.0,0.0,163081.85
1712706,IT,LV,HOTEL,DISTR,0.02,3261.577,3,3,3261.577,0.0,0.0,0.0,0.0,163078.85
1803581,IT,WF,PROCE,INSUR,0.02,3261.562,3,3,3261.562,0.0,0.0,0.0,0.0,163078.1
1778262,IT,TR,SALEM,WHEAT,0.03,3261.299,3,3,3261.299,0.0,0.0,0.0,0.0,108709.966667
1785224,IT,ZA,TEXTI,OILSE,0.02,3261.222,3,3,3261.222,0.0,0.0,0.0,0.0,163061.1
1760436,IT,IN,FOOD5,TRANS,0.02,3261.216,3,3,3261.216,0.0,0.0,0.0,0.0,163060.8
1763058,IT,MX,TEXTI,LEAD1,0.02,3260.639,3,3,3260.639,0.0,0.0,0.0,0.0,163031.95
1772591,IT,CH,RUBBE,OILHA,0.01,3260.596,3,3,3260.596,0.0,0.0,0.0,0.0,326059.6
1684669,IT,HR,INERT,INERT,0.02,3260.394,3,3,3260.394,0.0,0.0,0.0,0.0,163019.7
1781231,IT,NO,CROPS,FOOD5,0.03,3260.391,3,3,3260.391,0.0,0.0,0.0,0.0,108679.7
1768512,IT,AU,FOOD5,KEROS,0.02,3260.381,3,3,3260.381,0.0,0.0,0.0,0.0,163019.05
1803639,IT,WF,FOOD5,OFFIC,0.02,3259.974,3,3,3259.974,0.0,0.0,0.0,0.0,162998.7
1660588,IT,DE,REALE,BEVER,0.14,3259.747,3,3,3259.747,0.0,0.0,0.0,0.0,23283.907143
1736187,IT,SK,WHOLE,CEMEN,0.03,3259.677,3,3,3259.677,0.0,0.0,0.0,0.0,108655.9
1669929,IT,ES,EDUCA,KERO1,0.08,3259.607,3,3,3259.607,0.0,0.0,0.0,0.0,40745.0875
1743271,IT,US,FURNI,PFERT,0.01,3259.569,3,3,3259.569,0.0,0.0,0.0,0.0,325956.9
1771182,IT,CH,MEAT4,TRAN1,0.02,3259.529,3,3,3259.529,0.0,0.0,0.0,0.0,162976.45
1663497,IT,DK,RENTI,MOTO1,0.02,3259.347,3,3,3259.347,0.0,0.0,0.0,0.0,162967.35
1646775,IT,BE,CONST,EDUCA,0.02,3259.154,3,3,3259.154,0.0,0.0,0.0,0.0,162957.7
1646991,IT,BE,RETA1,PULP5,0.03,3259.017,3,3,3259.017,0.0,0.0,0.0,0.0,108633.9
1814822,IT,WM,WOOD2,FOOD5,0.02,3258.993,3,3,3258.993,0.0,0.0,0.0,0.0,162949.65
1794160,IT,WL,PRINT,MEAT4,0.03,3258.673,3,3,3258.673,0.0,0.0,0.0,0.0,108622.433333
1762011,IT,IN,WHOLE,PLAST,0.03,3258.671,3,3,3258.671,0.0,0.0,0.0,0.0,108622.366667
1770060,IT,AU,RETAI,RETAI,0.03,3258.584,3,3,3258.584,0.0,0.0,0.0,0.0,108619.466667
1658855,IT,DE,TRANS,WHEAT,0.02,3258.537,3,3,3258.537,0.0,0.0,0.0,0.0,162926.85
1785004,IT,ID,RENTI,RENTI,0.02,3258.34,3,3,3258.34,0.0,0.0,0.0,0.0,162917.0
1723229,IT,PT,RUBBE,FOOD3,0.01,3258.27,3,3,3258.27,0.0,0.0,0.0,0.0,325827.0
1758922,IT,BR,HOTEL,WOOD2,0.02,3258.149,3,3,3258.149,0.0,0.0,0.0,0.0,162907.45
1779684,IT,TR,RESEA,BLAST,0.02,3258.013,3,3,3258.013,0.0,0.0,0.0,0.0,162900.65
1747919,IT,JP,COMPU,LANDT,0.04,3257.826,3,3,3257.826,0.0,0.0,0.0,0.0,81445.65
1722023,IT,PL,RESEA,WOODW,0.02,3257.701,3,3,3257.701,0.0,0.0,0.0,0.0,162885.05
1685311,IT,HU,WEARI,CHEM1,0.02,3257.429,3,3,3257.429,0.0,0.0,0.0,0.0,162871.45
1751643,IT,CN,FINAN,FURNI,0.04,3257.248,3,3,3257.248,0.0,0.0,0.0,0.0,81431.2
1793546,IT,WL,MEAT4,DAIRY,0.02,3257.145,3,3,3257.145,0.0,0.0,0.0,0.0,162857.25
1736462,IT,SK,LANDT,SEWAG,0.02,3257.088,3,3,3257.088,0.0,0.0,0.0,0.0,162854.4
1670626,IT,FI,WEARI,RECRE,0.02,3256.908,3,3,3256.908,0.0,0.0,0.0,0.0,162845.4
1768960,IT,AU,PAPER,ALUM1,0.01,3256.804,3,3,3256.804,0.0,0.0,0.0,0.0,325680.4
1799262,IT,WE,LEATH,LEAD1,0.02,3256.661,3,3,3256.661,0.0,0.0,0.0,0.0,162833.05
1751849,IT,CN,RENTI,DISTR,0.02,3256.466,3,3,3256.466,0.0,0.0,0.0,0.0,162823.3
1651184,IT,BG,BUSIN,BASIC,0.03,3256.409,3,3,3256.409,0.0,0.0,0.0,0.0,108546.966667
1652805,IT,CZ,PRINT,LEATH,0.03,3256.268,3,3,3256.268,0.0,0.0,0.0,0.0,108542.266667
1793245,IT,WA,PRIVA,DAIRY,0.73,3256.2,3,3,3256.2,0.0,0.0,0.0,0.0,4460.547945
1743098,IT,US,MOTO1,PULP5,0.02,3256.2,3,3,3256.2,0.0,0.0,0.0,0.0,162810.0
1813658,IT,WM,RETA1,NFERT,0.03,3255.925,3,3,3255.925,0.0,0.0,0.0,0.0,108530.833333
1651085,IT,BG,INSUR,RETA1,0.07,3255.531,3,3,3255.531,0.0,0.0,0.0,0.0,46507.585714
1677752,IT,FR,COMPU,FISH5,0.04,3255.424,3,3,3255.424,0.0,0.0,0.0,0.0,81385.6
1778150,IT,TR,TRANS,RETAI,0.02,3255.316,3,3,3255.316,0.0,0.0,0.0,0.0,162765.8
1712781,IT,LV,LANDT,COMPU,0.02,3254.944,3,3,3254.944,0.0,0.0,0.0,0.0,162747.2
1779811,IT,TR,BUSIN,TEXT2,0.03,3254.919,3,3,3254.919,0.0,0.0,0.0,0.0,108497.3
1754395,IT,CA,RENTI,MEAT1,0.02,3254.826,3,3,3254.826,0.0,0.0,0.0,0.0,162741.3
1808076,IT,WF,TEXT1,SEACO,0.02,3254.635,3,3,3254.635,0.0,0.0,0.0,0.0,162731.75
1659527,IT,DE,RETA1,HOTEL,0.03,3254.336,3,3,3254.336,0.0,0.0,0.0,0.0,108477.866667
1653200,IT,CZ,RUBBE,CATTL,0.01,3254.305,3,3,3254.305,0.0,0.0,0.0,0.0,325430.5
1761902,IT,IN,FURNI,MEAT4,0.01,3254.184,3,3,3254.184,0.0,0.0,0.0,0.0,325418.4
1722456,IT,PT,DAIRY,FISHF,0.01,3254.107,3,3,3254.107,0.0,0.0,0.0,0.0,325410.7
1672947,IT,FR,DAIRY,COLLE,0.01,3254.055,3,3,3254.055,0.0,0.0,0.0,0.0,325405.5
1728364,IT,SE,TEXTI,BASIC,0.02,3254.021,3,3,3254.021,0.0,0.0,0.0,0.0,162701.05
1710209,IT,LT,OFFIC,MEATP,0.01,3253.995,3,3,3253.995,0.0,0.0,0.0,0.0,325399.5
1647228,IT,BE,LANDT,NONSP,0.02,3253.99,3,3,3253.99,0.0,0.0,0.0,0.0,162699.5
1754776,IT,KR,FOOD5,CROPS,0.02,3253.971,3,3,3253.971,0.0,0.0,0.0,0.0,162698.55
1780449,IT,TW,SUPPO,RESEA,0.02,3253.952,3,3,3253.952,0.0,0.0,0.0,0.0,162697.6
1786957,IT,ZA,POSTT,TRAN2,0.05,3253.886,3,3,3253.886,0.0,0.0,0.0,0.0,65077.72
1730738,IT,SE,BUSIN,POULT,0.03,3253.792,3,3,3253.792,0.0,0.0,0.0,0.0,108459.733333
1763124,IT,MX,WEARI,RENTI,0.02,3253.679,3,3,3253.679,0.0,0.0,0.0,0.0,162683.95
1687497,IT,HU,LANDT,MEATC,0.02,3253.478,3,3,3253.478,0.0,0.0,0.0,0.0,162673.9
1809756,IT,WM,FOOD5,HYDRO,0.02,3253.471,3,3,3253.471,0.0,0.0,0.0,0.0,162673.55
1651838,IT,CY,HOTEL,93197,0.02,3253.4,3,3,3253.4,0.0,0.0,0.0,0.0,162670.0
1721592,IT,PL,POSTT,PAPER,0.05,3253.317,3,3,3253.317,0.0,0.0,0.0,0.0,65066.34
1678078,IT,FR,FOODW,MACHI,0.02,3253.211,3,3,3253.211,0.0,0.0,0.0,0.0,162660.55
1740018,IT,GB,REALE,RECRE,0.14,3253.209,3,3,3253.209,0.0,0.0,0.0,0.0,23237.207143
1759348,IT,BR,FINAN,MOTOR,0.04,3253.14,3,3,3253.14,0.0,0.0,0.0,0.0,81328.5
1747428,IT,JP,LANDT,ELEC3,0.02,3253.098,3,3,3253.098,0.0,0.0,0.0,0.0,162654.9
1669546,IT,ES,REALE,RUBBE,0.14,3253.035,3,3,3253.035,0.0,0.0,0.0,0.0,23235.964286
1769833,IT,AU,MACHI,FOOD4,0.02,3252.972,3,3,3252.972,0.0,0.0,0.0,0.0,162648.6
1668074,IT,ES,FURNI,OILHA,0.01,3252.795,3,3,3252.795,0.0,0.0,0.0,0.0,325279.5
1661186,IT,DE,93197,AIRTR,0.02,3252.733,3,3,3252.733,0.0,0.0,0.0,0.0,162636.65
1803627,IT,WF,FOOD5,PRINT,0.02,3252.585,3,3,3252.585,0.0,0.0,0.0,0.0,162629.25
1782577,IT,NO,TRANS,RETAI,0.02,3252.535,3,3,3252.535,0.0,0.0,0.0,0.0,162626.75
1741012,IT,US,FISH5,CONST,0.01,3252.337,4,4,3252.335,0.0,0.0,0.0,0.002,325233.7
1783009,IT,NO,POSTT,COMPU,0.05,3252.175,3,3,3252.175,0.0,0.0,0.0,0.0,65043.5
1768742,IT,AU,WEARI,ALUM1,0.02,3251.886,3,3,3251.886,0.0,0.0,0.0,0.0,162594.3
1784694,IT,ID,TRANS,RENTI,0.02,3251.838,3,3,3251.838,0.0,0.0,0.0,0.0,162591.9
1733345,IT,SI,TRANS,RUBBE,0.02,3251.828,3,3,3251.828,0.0,0.0,0.0,0.0,162591.4
1774840,IT,CH,POSTT,FOODW,0.05,3251.827,3,3,3251.827,0.0,0.0,0.0,0.0,65036.54
1668341,IT,ES,WHOLE,HEALT,0.03,3251.688,3,3,3251.688,0.0,0.0,0.0,0.0,108389.6
1744730,IT,US,RESEA,SUBBI,0.02,3251.574,3,3,3251.574,0.0,0.0,0.0,0.0,162578.7
1731864,IT,SI,PRINT,FURNI,0.03,3251.443,3,3,3251.443,0.0,0.0,0.0,0.0,108381.433333
1734916,IT,SK,PRINT,FINAN,0.03,3251.303,3,3,3251.303,0.0,0.0,0.0,0.0,108376.766667
1713075,IT,MT,DAIRY,TOBAC,0.01,3251.276,3,3,3251.276,0.0,0.0,0.0,0.0,325127.6
1724649,IT,PT,FINAN,93197,0.04,3251.253,3,3,3251.253,0.0,0.0,0.0,0.0,81281.325
1651524,IT,CY,RUBBE,FISHF,0.01,3251.199,3,3,3251.199,0.0,0.0,0.0,0.0,325119.9
1759440,IT,BR,INSUR,BUSIN,0.07,3251.006,3,3,3251.006,0.0,0.0,0.0,0.0,46442.942857
1648751,IT,BG,BEVER,CROPS,0.01,3250.915,3,3,3250.915,0.0,0.0,0.0,0.0,325091.5
1770144,IT,AU,RETA1,MEAT1,0.03,3250.831,3,3,3250.831,0.0,0.0,0.0,0.0,108361.033333
1725448,IT,RO,WEARI,PIGS9,0.02,3250.732,3,3,3250.732,0.0,0.0,0.0,0.0,162536.6
1681256,IT,GR,FINAN,TRANS,0.04,3250.71,3,3,3250.71,0.0,0.0,0.0,0.0,81267.75
1712219,IT,LV,PAPER,BIODI,0.01,3250.643,3,3,3250.643,0.0,0.0,0.0,0.0,325064.3
1640798,IT,AT,WEARI,PULP5,0.02,3250.151,3,3,3250.151,0.0,0.0,0.0,0.0,162507.55
1678582,IT,GR,MEATA,RAWMI,0.02,3250.114,3,3,3250.114,0.0,0.0,0.0,0.0,162505.7
1740414,IT,GB,INTER,INERT,0.02,3250.112,3,3,3250.112,0.0,0.0,0.0,0.0,162505.6
1652185,IT,CZ,DAIRY,MEATP,0.01,3249.668,3,3,3249.668,0.0,0.0,0.0,0.0,324966.8
1684769,IT,HU,CROPS,PIGS9,0.03,3249.554,3,3,3249.554,0.0,0.0,0.0,0.0,108318.466667
1736169,IT,SK,SALEM,93197,0.03,3249.458,3,3,3249.458,0.0,0.0,0.0,0.0,108315.266667
1774017,IT,CH,RETAI,KEROS,0.03,3249.41,3,3,3249.41,0.0,0.0,0.0,0.0,108313.666667
1673321,IT,FR,TEXTI,LIQUI,0.02,3249.327,3,3,3249.327,0.0,0.0,0.0,0.0,162466.35
1762462,IT,IN,FINAN,BASIC,0.04,3249.284,3,3,3249.284,0.0,0.0,0.0,0.0,81232.1
1668471,IT,ES,RETA1,RECRE,0.03,3249.194,3,3,3249.194,0.0,0.0,0.0,0.0,108306.466667
1664856,IT,ES,MEATA,HEALT,0.02,3248.89,3,3,3248.89,0.0,0.0,0.0,0.0,162444.5
1728290,IT,SE,BEVER,OFFIC,0.01,3248.736,3,3,3248.736,0.0,0.0,0.0,0.0,324873.6
1753749,IT,CA,FURNI,BITU1,0.01,3248.502,3,3,3248.502,0.0,0.0,0.0,0.0,324850.2
1775570,IT,CH,RECRE,BEVER,0.04,3247.81,3,3,3247.81,0.0,0.0,0.0,0.0,81195.25
1782731,IT,NO,RETA1,OFFIC,0.03,3247.796,3,3,3247.796,0.0,0.0,0.0,0.0,108259.866667
1802222,IT,WE,RAILW,PFERT,0.02,3247.756,3,3,3247.756,0.0,0.0,0.0,0.0,162387.8
1654903,IT,CZ,INSUR,OILSE,0.07,3247.482,3,3,3247.482,0.0,0.0,0.0,0.0,46392.6
1760156,IT,BR,WASTE,NONME,0.01,3247.222,3,3,3247.222,0.0,0.0,0.0,0.0,324722.2
1813574,IT,WM,WHOLE,MACHI,0.03,3247.155,3,3,3247.155,0.0,0.0,0.0,0.0,108238.5
1690484,IT,IE,PAPE4,SEWAG,0.02,3247.128,3,3,3247.128,0.0,0.0,0.0,0.0,162356.4
1759637,IT,BR,RESEA,BIOGA,0.02,3246.901,3,3,3246.901,0.0,0.0,0.0,0.0,162345.05
1677518,IT,FR,AUXIL,INLAN,0.06,3246.783,3,3,3246.783,0.0,0.0,0.0,0.0,54113.05
1687319,IT,HU,RETA1,DIST1,0.03,3246.662,3,3,3246.662,0.0,0.0,0.0,0.0,108222.066667
1792194,IT,WA,SUPPO,AUXIL,0.02,3246.526,3,3,3246.526,0.0,0.0,0.0,0.0,162326.3
1648805,IT,BG,FISH5,MEATC,0.01,3246.388,4,4,3246.386,0.0,0.0,0.0,0.002,324638.8
1768823,IT,AU,LEATH,BRICK,0.02,3246.227,3,3,3246.227,0.0,0.0,0.0,0.0,162311.35
1668621,IT,ES,RAILW,HEAVY,0.02,3245.853,3,3,3245.853,0.0,0.0,0.0,0.0,162292.65
1676021,IT,FR,ELEC5,PUBLI,0.04,3245.827,3,3,3245.827,0.0,0.0,0.0,0.0,81145.675
1803578,IT,WF,PROCE,FOOD5,0.02,3245.773,3,3,3245.773,0.0,0.0,0.0,0.0,162288.65
1685333,IT,HU,WEARI,RAILW,0.02,3245.762,3,3,3245.762,0.0,0.0,0.0,0.0,162288.1
1753520,IT,CA,MACHI,LEADZ,0.02,3245.644,3,3,3245.644,0.0,0.0,0.0,0.0,162282.2
1809808,IT,WM,FOOD5,ELECT,0.02,3245.613,3,3,3245.613,0.0,0.0,0.0,0.0,162280.65
1643385,IT,AT,LANDT,CROPS,0.02,3245.51,3,3,3245.51,0.0,0.0,0.0,0.0,162275.5
1803945,IT,WF,WEARI,BUSIN,0.02,3245.428,3,3,3245.428,0.0,0.0,0.0,0.0,162271.4
1723232,IT,PT,RUBBE,INERT,0.01,3245.375,3,3,3245.375,0.0,0.0,0.0,0.0,324537.5
1727756,IT,RO,RESEA,HEALT,0.02,3245.258,3,3,3245.258,0.0,0.0,0.0,0.0,162262.9
1681261,IT,GR,FINAN,ELEC8,0.04,3245.228,3,3,3245.228,0.0,0.0,0.0,0.0,81130.7
1792213,IT,WA,POSTT,FISHF,0.05,3245.157,3,3,3245.157,0.0,0.0,0.0,0.0,64903.14
1809287,IT,WM,STONE,CROPS,0.01,3244.993,3,3,3244.993,0.0,0.0,0.0,0.0,324499.3
1792981,IT,WA,OILHA,POSTT,0.02,3244.839,3,3,3244.839,0.0,0.0,0.0,0.0,162241.95
1658924,IT,DE,FURNI,ELEC5,0.01,3244.823,3,3,3244.823,0.0,0.0,0.0,0.0,324482.3
1722130,IT,PL,BUSIN,ELEC4,0.03,3244.802,3,3,3244.802,0.0,0.0,0.0,0.0,108160.066667
1684721,IT,HU,VEGET,PULP5,0.01,3244.164,3,3,3244.164,0.0,0.0,0.0,0.0,324416.4
1676366,IT,FR,WHOLE,TOBAC,0.03,3243.84,3,3,3243.84,0.0,0.0,0.0,0.0,108128.0
1721714,IT,PL,FINAN,BUSIN,0.04,3243.667,3,3,3243.667,0.0,0.0,0.0,0.0,81091.675
1762983,IT,MX,FOOD5,MEATA,0.02,3243.643,3,3,3243.643,0.0,0.0,0.0,0.0,162182.15
1721037,IT,PL,HOTEL,NFERT,0.02,3243.401,3,3,3243.401,0.0,0.0,0.0,0.0,162170.05
1770820,IT,AU,RESEA,CONST,0.02,3243.338,3,3,3243.338,0.0,0.0,0.0,0.0,162166.9
1668326,IT,ES,WHOLE,TRAN2,0.03,3243.268,3,3,3243.268,0.0,0.0,0.0,0.0,108108.933333
1762519,IT,IN,INSUR,MACHI,0.07,3243.115,3,3,3243.115,0.0,0.0,0.0,0.0,46330.214286
1722030,IT,PL,RESEA,MACHI,0.02,3242.979,3,3,3242.979,0.0,0.0,0.0,0.0,162148.95
1802078,IT,WE,RETA1,VEGE1,0.03,3242.56,3,3,3242.56,0.0,0.0,0.0,0.0,108085.333333
1651130,IT,BG,COMPU,REALE,0.04,3242.528,3,3,3242.528,0.0,0.0,0.0,0.0,81063.2
1739861,IT,GB,FINAN,COPP1,0.04,3242.514,3,3,3242.514,0.0,0.0,0.0,0.0,81062.85
1749308,IT,CN,PRINT,CRUDE,0.03,3242.497,3,3,3242.497,0.0,0.0,0.0,0.0,108083.233333
1718240,IT,PL,PROCE,REALE,0.02,3242.449,3,3,3242.449,0.0,0.0,0.0,0.0,162122.45
1806550,IT,WF,FURNI,TRAN1,0.01,3242.305,3,3,3242.305,0.0,0.0,0.0,0.0,324230.5
1814749,IT,WM,FOOD2,FOOD5,0.02,3242.203,3,3,3242.203,0.0,0.0,0.0,0.0,162110.15
1687462,IT,HU,RAILW,SALEM,0.02,3242.099,3,3,3242.099,0.0,0.0,0.0,0.0,162104.95
1767739,IT,RU,FINAN,RENTI,0.04,3241.956,3,3,3241.956,0.0,0.0,0.0,0.0,81048.9
1711370,IT,LU,RETA1,WOODW,0.03,3241.905,3,3,3241.905,0.0,0.0,0.0,0.0,108063.5
1754186,IT,CA,SUPPO,SEACO,0.02,3241.761,3,3,3241.761,0.0,0.0,0.0,0.0,162088.05
1759990,IT,BR,INTER,RUBBE,0.02,3241.71,3,3,3241.71,0.0,0.0,0.0,0.0,162085.5
1739819,IT,GB,FINAN,FISHF,0.04,3241.418,3,3,3241.418,0.0,0.0,0.0,0.0,81035.45
1687398,IT,HU,HOTEL,DIST1,0.02,3241.326,3,3,3241.326,0.0,0.0,0.0,0.0,162066.3
1687586,IT,HU,LANDT,FOOD2,0.02,3241.204,3,3,3241.204,0.0,0.0,0.0,0.0,162060.2
1716725,IT,NL,RETA1,CROPS,0.03,3241.024,3,3,3241.024,0.0,0.0,0.0,0.0,108034.133333
1740603,IT,US,FORES,CEMEN,0.03,3241.01,4,4,3240.01,0.0,1.0,0.0,0.0,108033.666667
1687930,IT,HU,RENTI,VEGET,0.02,3240.756,3,3,3240.756,0.0,0.0,0.0,0.0,162037.8
1801396,IT,WE,OFFIC,PAPER,0.01,3240.637,3,3,3240.637,0.0,0.0,0.0,0.0,324063.7
1651181,IT,BG,BUSIN,GLASS,0.03,3240.6,3,3,3240.6,0.0,0.0,0.0,0.0,108020.0
1684131,IT,HR,LANDT,MEATA,0.02,3240.597,3,3,3240.597,0.0,0.0,0.0,0.0,162029.85
1721519,IT,PL,SUPPO,BIOGA,0.02,3240.543,3,3,3240.543,0.0,0.0,0.0,0.0,162027.15
1723649,IT,PT,FABRI,MEMBE,0.01,3240.528,3,3,3240.528,0.0,0.0,0.0,0.0,324052.8
1688541,IT,IE,PAPER,POSTT,0.01,3240.487,3,3,3240.487,0.0,0.0,0.0,0.0,324048.7
1783837,IT,NO,TEXT2,FISHF,0.02,3240.47,3,3,3240.47,0.0,0.0,0.0,0.0,162023.5
1672120,IT,FI,POSTT,WHOLE,0.05,3240.378,3,3,3240.378,0.0,0.0,0.0,0.0,64807.56
1729821,IT,SE,OFFIC,CHEM1,0.01,3240.338,3,3,3240.338,0.0,0.0,0.0,0.0,324033.8
1753661,IT,CA,MOTO1,NATUR,0.02,3240.294,3,3,3240.294,0.0,0.0,0.0,0.0,162014.7
1744096,IT,US,SUPPO,PULP5,0.02,3240.269,3,3,3240.269,0.0,0.0,0.0,0.0,162013.45
1650705,IT,BG,HOTEL,MEAT1,0.02,3240.147,3,3,3240.147,0.0,0.0,0.0,0.0,162007.35
1650963,IT,BG,SUPPO,BKBPE,0.02,3240.123,3,3,3240.123,0.0,0.0,0.0,0.0,162006.15
1711353,IT,LU,WHOLE,RESEA,0.03,3240.013,3,3,3240.013,0.0,0.0,0.0,0.0,108000.433333
1793431,IT,WL,FORES,PRECI,0.03,3239.734,4,4,3238.734,0.0,1.0,0.0,0.0,107991.133333
1739997,IT,GB,REALE,CONST,0.14,3239.616,3,3,3239.616,0.0,0.0,0.0,0.0,23140.114286
1803552,IT,WF,DAIRY,NICKE,0.01,3239.607,3,3,3239.607,0.0,0.0,0.0,0.0,323960.7
1670056,IT,ES,FOOD2,MACHI,0.02,3239.592,3,3,3239.592,0.0,0.0,0.0,0.0,161979.6
1670625,IT,FI,WEARI,MEMBE,0.02,3239.489,3,3,3239.489,0.0,0.0,0.0,0.0,161974.45
1672077,IT,FI,SUPPO,CEMEN,0.02,3239.306,3,3,3239.306,0.0,0.0,0.0,0.0,161965.3
1644536,IT,BE,PROCE,CHEMI,0.02,3239.123,3,3,3239.123,0.0,0.0,0.0,0.0,161956.15
1745119,IT,US,EDUCA,HEALT,0.08,3239.087,3,3,3239.087,0.0,0.0,0.0,0.0,40488.5875
1652352,IT,CZ,FISH5,TOBAC,0.01,3238.992,4,4,3238.99,0.0,0.0,0.0,0.002,323899.2
1768560,IT,AU,BEVER,WHEAT,0.01,3238.899,3,3,3238.899,0.0,0.0,0.0,0.0,323889.9
1710216,IT,LT,OFFIC,BIODI,0.01,3238.867,3,3,3238.867,0.0,0.0,0.0,0.0,323886.7
1746895,IT,JP,MOTO1,STONE,0.02,3238.86,3,3,3238.86,0.0,0.0,0.0,0.0,161943.0
1647613,IT,BE,POSTT,RAILW,0.05,3238.807,3,3,3238.807,0.0,0.0,0.0,0.0,64776.14
1759303,IT,BR,POSTT,INLAN,0.05,3238.752,3,3,3238.752,0.0,0.0,0.0,0.0,64775.04
1752337,IT,CA,MEAT4,MEATP,0.02,3238.293,3,3,3238.293,0.0,0.0,0.0,0.0,161914.65
1710581,IT,LT,BUSIN,LANDT,0.03,3238.273,3,3,3238.273,0.0,0.0,0.0,0.0,107942.433333
1787370,IT,WA,WOOLS,LEAD1,0.01,3238.227,3,3,3238.227,0.0,0.0,0.0,0.0,323822.7
1675530,IT,FR,OFFIC,PAPE4,0.01,3238.162,3,3,3238.162,0.0,0.0,0.0,0.0,323816.2
1783277,IT,NO,FOODW,COPP1,0.02,3238.103,3,3,3238.103,0.0,0.0,0.0,0.0,161905.15
1721160,IT,PL,RAILW,SALEM,0.02,3238.096,3,3,3238.096,0.0,0.0,0.0,0.0,161904.8
1648664,IT,BG,DAIRY,AIRTR,0.01,3238.059,3,3,3238.059,0.0,0.0,0.0,0.0,323805.9
1799055,IT,WE,TEXTI,RETAI,0.02,3237.666,3,3,3237.666,0.0,0.0,0.0,0.0,161883.3
1721964,IT,PL,COMPU,HEAVY,0.04,3237.469,3,3,3237.469,0.0,0.0,0.0,0.0,80936.725
1786546,IT,ZA,FURNI,CERAM,0.01,3237.015,3,3,3237.015,0.0,0.0,0.0,0.0,323701.5
1729824,IT,SE,OFFIC,MOTO1,0.01,3236.794,3,3,3236.794,0.0,0.0,0.0,0.0,323679.4
1660271,IT,DE,POSTT,ELEC7,0.05,3236.51,3,3,3236.51,0.0,0.0,0.0,0.0,64730.2
1777837,IT,TR,FABRI,ELE11,0.01,3236.474,3,3,3236.474,0.0,0.0,0.0,0.0,323647.4
1671768,IT,FI,RETAI,COMPU,0.03,3236.005,3,3,3236.005,0.0,0.0,0.0,0.0,107866.833333
1770111,IT,AU,WHOLE,COLLE,0.03,3235.968,3,3,3235.968,0.0,0.0,0.0,0.0,107865.6
1770766,IT,AU,RENTI,FINAN,0.02,3235.847,3,3,3235.847,0.0,0.0,0.0,0.0,161792.35
1778009,IT,TR,OFFIC,FISHF,0.01,3235.65,3,3,3235.65,0.0,0.0,0.0,0.0,323565.0
1640217,IT,AT,FORES,PRINT,0.03,3235.452,4,4,3234.452,0.0,1.0,0.0,0.0,107848.4
1758695,IT,BR,SALEM,INLAN,0.03,3235.44,3,3,3235.44,0.0,0.0,0.0,0.0,107848.0
1714839,IT,NL,FOOD5,ELEC3,0.02,3235.341,3,3,3235.341,0.0,0.0,0.0,0.0,161767.05
1711504,IT,LU,SUPPO,RECRE,0.02,3235.333,3,3,3235.333,0.0,0.0,0.0,0.0,161766.65
1814707,IT,WM,INTER,LANDT,0.02,3235.299,3,3,3235.299,0.0,0.0,0.0,0.0,161764.95
1729895,IT,SE,TRANS,INSUR,0.02,3234.984,3,3,3234.984,0.0,0.0,0.0,0.0,161749.2
1680113,IT,GR,OFFIC,PAPER,0.01,3234.8,3,3,3234.8,0.0,0.0,0.0,0.0,323480.0
1643168,IT,AT,RETA1,PAPE1,0.03,3234.436,3,3,3234.436,0.0,0.0,0.0,0.0,107814.533333
1802275,IT,WE,LANDT,NONF1,0.02,3234.272,3,3,3234.272,0.0,0.0,0.0,0.0,161713.6
1723975,IT,PT,SALEM,RETAI,0.03,3234.262,3,3,3234.262,0.0,0.0,0.0,0.0,107808.733333
1647580,IT,BE,POSTT,TOBAC,0.05,3234.192,3,3,3234.192,0.0,0.0,0.0,0.0,64683.84
1723936,IT,PT,CONST,DIST1,0.02,3234.089,3,3,3234.089,0.0,0.0,0.0,0.0,161704.45
1791581,IT,WA,RETA1,AUXIL,0.03,3234.082,3,3,3234.082,0.0,0.0,0.0,0.0,107802.733333
1741013,IT,US,FISH5,RETA1,0.01,3234.054,4,4,3234.052,0.0,0.0,0.0,0.002,323405.4
1722367,IT,PT,STONE,NONME,0.01,3233.979,3,3,3233.979,0.0,0.0,0.0,0.0,323397.9
1736225,IT,SK,RETA1,TEXTI,0.03,3233.936,3,3,3233.936,0.0,0.0,0.0,0.0,107797.866667
1689076,IT,IE,FURNI,GLASS,0.01,3233.653,3,3,3233.653,0.0,0.0,0.0,0.0,323365.3
1724116,IT,PT,RETA1,BEVER,0.03,3233.613,3,3,3233.613,0.0,0.0,0.0,0.0,107787.1
1779199,IT,TR,POSTT,ELEC2,0.05,3233.524,3,3,3233.524,0.0,0.0,0.0,0.0,64670.48
1650661,IT,BG,WHOLE,BIOG1,0.03,3233.333,3,3,3233.333,0.0,0.0,0.0,0.0,107777.766667
1722819,IT,PT,PAPER,POSTT,0.01,3233.313,3,3,3233.313,0.0,0.0,0.0,0.0,323331.3
1730087,IT,SE,RETA1,DISTR,0.03,3233.183,3,3,3233.183,0.0,0.0,0.0,0.0,107772.766667
1648119,IT,BE,RESEA,PREC1,0.02,3233.102,3,3,3233.102,0.0,0.0,0.0,0.0,161655.1
1688438,IT,IE,FISH5,HOTEL,0.01,3232.864,4,4,3232.862,0.0,0.0,0.0,0.002,323286.4
1670445,IT,FI,FOOD5,AUXIL,0.02,3232.8,3,3,3232.8,0.0,0.0,0.0,0.0,161640.0
1807345,IT,WF,POSTT,MEMBE,0.05,3232.776,3,3,3232.776,0.0,0.0,0.0,0.0,64655.52
1759911,IT,BR,PAPE1,HEALT,0.02,3232.709,3,3,3232.709,0.0,0.0,0.0,0.0,161635.45
1724175,IT,PT,HOTEL,TEXTI,0.02,3232.598,3,3,3232.598,0.0,0.0,0.0,0.0,161629.9
1736033,IT,SK,FURNI,CATTL,0.01,3232.202,3,3,3232.202,0.0,0.0,0.0,0.0,323220.2
1682299,IT,HR,LEATH,INTER,0.02,3231.907,3,3,3231.907,0.0,0.0,0.0,0.0,161595.35
1797222,IT,WL,FINAN,COPP1,0.04,3231.897,3,3,3231.897,0.0,0.0,0.0,0.0,80797.425
1760497,IT,IN,TEXTI,RENTI,0.02,3231.85,3,3,3231.85,0.0,0.0,0.0,0.0,161592.5
1684622,IT,HR,FOOD4,MACHI,0.02,3231.579,3,3,3231.579,0.0,0.0,0.0,0.0,161578.95
1663924,IT,EE,LEATH,RECRE,0.02,3231.536,3,3,3231.536,0.0,0.0,0.0,0.0,161576.8
1681150,IT,GR,POSTT,TEXTI,0.05,3230.814,3,3,3230.814,0.0,0.0,0.0,0.0,64616.28
1709420,IT,LT,FISH5,MEATP,0.01,3230.691,4,4,3230.689,0.0,0.0,0.0,0.002,323069.1
1748710,IT,CN,FOOD5,93197,0.02,3230.071,3,3,3230.071,0.0,0.0,0.0,0.0,161503.55
1755275,IT,KR,PAPER,BRICK,0.01,3229.987,3,3,3229.987,0.0,0.0,0.0,0.0,322998.7
1710232,IT,LT,OFFIC,REALE,0.01,3229.695,3,3,3229.695,0.0,0.0,0.0,0.0,322969.5
1786724,IT,ZA,RETA1,ALUM1,0.03,3229.692,3,3,3229.692,0.0,0.0,0.0,0.0,107656.4
1759540,IT,BR,COMPU,FORES,0.04,3229.626,3,3,3229.626,0.0,0.0,0.0,0.0,80740.65
1797392,IT,WL,COMPU,WOODW,0.04,3229.554,3,3,3229.554,0.0,0.0,0.0,0.0,80738.85
1668605,IT,ES,RAILW,COPPE,0.02,3229.551,3,3,3229.551,0.0,0.0,0.0,0.0,161477.55
1797082,IT,WL,POSTT,SUGAR,0.05,3229.452,3,3,3229.452,0.0,0.0,0.0,0.0,64589.04
1715144,IT,NL,LEATH,DIST1,0.02,3229.408,3,3,3229.408,0.0,0.0,0.0,0.0,161470.4
1712970,IT,MT,FORES,COMPU,0.03,3229.254,4,4,3228.254,0.0,1.0,0.0,0.0,107641.8
1687794,IT,HU,POSTT,RUBBE,0.05,3229.217,3,3,3229.217,0.0,0.0,0.0,0.0,64584.34
1676105,IT,FR,ELEC8,FABRI,0.04,3229.174,3,3,3229.174,0.0,0.0,0.0,0.0,80729.35
1787852,IT,WA,FOOD5,FABRI,0.02,3229.04,3,3,3229.04,0.0,0.0,0.0,0.0,161452.0
1732544,IT,SI,RUBBE,TRAN1,0.01,3229.011,3,3,3229.011,0.0,0.0,0.0,0.0,322901.1
1787837,IT,WA,FOOD5,MEATP,0.02,3229.01,3,3,3229.01,0.0,0.0,0.0,0.0,161450.5
1670121,IT,ES,PAPE4,PLAS2,0.02,3228.861,3,3,3228.861,0.0,0.0,0.0,0.0,161443.05
1722790,IT,PT,PAPER,NONF1,0.01,3228.764,3,3,3228.764,0.0,0.0,0.0,0.0,322876.4
1661094,IT,DE,PUBLI,COMPU,0.05,3228.557,3,3,3228.557,0.0,0.0,0.0,0.0,64571.14
1681165,IT,GR,POSTT,CEMEN,0.05,3228.55,3,3,3228.55,0.0,0.0,0.0,0.0,64571.0
1671660,IT,FI,CONST,MACHI,0.02,3228.462,3,3,3228.462,0.0,0.0,0.0,0.0,161423.1
1650443,IT,BG,ELEC4,RENTI,0.05,3228.425,3,3,3228.425,0.0,0.0,0.0,0.0,64568.5
1711201,IT,LU,MACHI,PLAST,0.02,3228.382,3,3,3228.382,0.0,0.0,0.0,0.0,161419.1
1724247,IT,PT,LANDT,FORES,0.02,3228.282,3,3,3228.282,0.0,0.0,0.0,0.0,161414.1
1721747,IT,PL,INSUR,MACHI,0.07,3228.003,3,3,3228.003,0.0,0.0,0.0,0.0,46114.328571
1652602,IT,CZ,LEATH,FOOD4,0.02,3227.798,3,3,3227.798,0.0,0.0,0.0,0.0,161389.9
1658412,IT,DE,FABRI,COKEO,0.01,3227.671,3,3,3227.671,0.0,0.0,0.0,0.0,322767.1
1741108,IT,US,WEARI,FORES,0.02,3227.649,3,3,3227.649,0.0,0.0,0.0,0.0,161382.45
1717198,IT,NL,SUPPO,PRINT,0.02,3227.626,3,3,3227.626,0.0,0.0,0.0,0.0,161381.3
1736032,IT,SK,FURNI,OILSE,0.01,3227.364,3,3,3227.364,0.0,0.0,0.0,0.0,322736.4
1678021,IT,FR,EDUCA,PLAST,0.08,3227.349,3,3,3227.349,0.0,0.0,0.0,0.0,40341.8625
1677263,IT,FR,FINAN,TOBAC,0.04,3227.211,3,3,3227.211,0.0,0.0,0.0,0.0,80680.275
1720863,IT,PL,FURNI,FOOD2,0.01,3227.129,3,3,3227.129,0.0,0.0,0.0,0.0,322712.9
1712968,IT,MT,ANIMA,BUSIN,0.01,3227.032,3,3,3227.032,0.0,0.0,0.0,0.0,322703.2
1780103,IT,TW,HOTEL,PIGS9,0.02,3226.916,3,3,3226.916,0.0,0.0,0.0,0.0,161345.8
1783875,IT,NO,WOOD2,LEAD1,0.02,3226.745,3,3,3226.745,0.0,0.0,0.0,0.0,161337.25
1675589,IT,FR,MOTO1,NONF1,0.02,3226.562,3,3,3226.562,0.0,0.0,0.0,0.0,161328.1
1768617,IT,AU,FISH5,PLANT,0.01,3226.295,4,4,3226.293,0.0,0.0,0.0,0.002,322629.5
1779975,IT,TW,SALEM,CHEMI,0.03,3226.205,3,3,3226.205,0.0,0.0,0.0,0.0,107540.166667
1748380,IT,CN,CROPS,PIGS9,0.03,3226.039,3,3,3226.039,0.0,0.0,0.0,0.0,107534.633333
1768723,IT,AU,WEARI,MEATC,0.02,3226.001,3,3,3226.001,0.0,0.0,0.0,0.0,161300.05
1663848,IT,EE,TEXTI,TRANS,0.02,3225.963,3,3,3225.963,0.0,0.0,0.0,0.0,161298.15
1710301,IT,LT,FURNI,POULT,0.01,3225.943,3,3,3225.943,0.0,0.0,0.0,0.0,322594.3
1663725,IT,EE,DAIRY,PIGS9,0.01,3225.837,3,3,3225.837,0.0,0.0,0.0,0.0,322583.7
1658573,IT,DE,MACHI,NONSP,0.02,3225.601,3,3,3225.601,0.0,0.0,0.0,0.0,161280.05
1731532,IT,SI,FISH5,COMPU,0.01,3225.281,4,4,3225.279,0.0,0.0,0.0,0.002,322528.1
1759358,IT,BR,FINAN,MACHI,0.04,3225.271,3,3,3225.271,0.0,0.0,0.0,0.0,80631.775
1664382,IT,EE,MACHI,PIGS9,0.02,3225.208,3,3,3225.208,0.0,0.0,0.0,0.0,161260.4
1771288,IT,CH,DAIRY,PROCE,0.01,3224.89,3,3,3224.89,0.0,0.0,0.0,0.0,322489.0
1733760,IT,SI,LANDT,CERAM,0.02,3224.825,3,3,3224.825,0.0,0.0,0.0,0.0,161241.25
1716581,IT,NL,SALEM,WEARI,0.03,3224.519,3,3,3224.519,0.0,0.0,0.0,0.0,107483.966667
1765026,IT,MX,INSUR,PFERT,0.07,3224.502,3,3,3224.502,0.0,0.0,0.0,0.0,46064.314286
1779340,IT,TR,INSUR,ELEC2,0.07,3224.418,3,3,3224.418,0.0,0.0,0.0,0.0,46063.114286
1711314,IT,LU,WHOLE,PRINT,0.03,3224.206,3,3,3224.206,0.0,0.0,0.0,0.0,107473.533333
1751796,IT,CN,AUXIL,SALEM,0.06,3224.071,3,3,3224.071,0.0,0.0,0.0,0.0,53734.516667
1730016,IT,SE,WHOLE,FISHF,0.03,3224.057,3,3,3224.057,0.0,0.0,0.0,0.0,107468.566667
1679536,IT,GR,RUBBE,RAWMI,0.01,3224.053,3,3,3224.053,0.0,0.0,0.0,0.0,322405.3
1678463,IT,FR,RECRE,BASIC,0.04,3223.965,3,3,3223.965,0.0,0.0,0.0,0.0,80599.125
1758987,IT,BR,LANDT,PULP5,0.02,3223.952,3,3,3223.952,0.0,0.0,0.0,0.0,161197.6
1656196,IT,DE,TEXTI,ALUM1,0.02,3223.907,3,3,3223.907,0.0,0.0,0.0,0.0,161195.35
1670381,IT,FI,DAIRY,RECRE,0.01,3223.662,3,3,3223.662,0.0,0.0,0.0,0.0,322366.2
1814241,IT,WM,POSTT,WOODW,0.05,3223.601,3,3,3223.601,0.0,0.0,0.0,0.0,64472.02
1725470,IT,RO,WEARI,NONME,0.02,3223.515,3,3,3223.515,0.0,0.0,0.0,0.0,161175.75
1760777,IT,IN,PRINT,ELEC4,0.03,3223.43,3,3,3223.43,0.0,0.0,0.0,0.0,107447.666667
1746716,IT,JP,FABRI,ELEC1,0.01,3223.38,3,3,3223.38,0.0,0.0,0.0,0.0,322338.0
1782655,IT,NO,SALEM,PUBLI,0.03,3223.37,3,3,3223.37,0.0,0.0,0.0,0.0,107445.666667
1808227,IT,WF,FOOD1,SUPPO,0.02,3223.353,3,3,3223.353,0.0,0.0,0.0,0.0,161167.65
1756228,IT,KR,MACHI,RETAI,0.02,3222.963,3,3,3222.963,0.0,0.0,0.0,0.0,161148.15
1643147,IT,AT,RETA1,FURNI,0.03,3222.91,3,3,3222.91,0.0,0.0,0.0,0.0,107430.333333
1709769,IT,LT,RUBBE,SANDC,0.01,3222.875,3,3,3222.875,0.0,0.0,0.0,0.0,322287.5
1756896,IT,KR,FINAN,BASIC,0.04,3222.677,3,3,3222.677,0.0,0.0,0.0,0.0,80566.925
1736280,IT,SK,HOTEL,PREC1,0.02,3222.173,3,3,3222.173,0.0,0.0,0.0,0.0,161108.65
1664152,IT,EE,RUBBE,RETAI,0.01,3222.168,3,3,3222.168,0.0,0.0,0.0,0.0,322216.8
1655341,IT,DE,VEGET,TRAN2,0.01,3221.923,3,3,3221.923,0.0,0.0,0.0,0.0,322192.3
1759945,IT,BR,PLAS1,RADIO,0.01,3221.715,3,3,3221.715,0.0,0.0,0.0,0.0,322171.5
1653983,IT,CZ,MACHI,REFI1,0.02,3221.665,3,3,3221.665,0.0,0.0,0.0,0.0,161083.25
1754722,IT,KR,DAIRY,WHEAT,0.01,3221.616,3,3,3221.616,0.0,0.0,0.0,0.0,322161.6
1727540,IT,RO,REALE,CRUDE,0.14,3221.561,3,3,3221.561,0.0,0.0,0.0,0.0,23011.15
1803633,IT,WF,FOOD5,CEMEN,0.02,3221.281,3,3,3221.281,0.0,0.0,0.0,0.0,161064.05
1771314,IT,CH,DAIRY,DISTR,0.01,3221.161,3,3,3221.161,0.0,0.0,0.0,0.0,322116.1
1671685,IT,FI,CONST,93197,0.02,3220.753,3,3,3220.753,0.0,0.0,0.0,0.0,161037.65
1689185,IT,IE,RETAI,DAIRY,0.03,3220.648,3,3,3220.648,0.0,0.0,0.0,0.0,107354.933333
1760166,IT,BR,WASTE,COMPU,0.01,3220.586,3,3,3220.586,0.0,0.0,0.0,0.0,322058.6
1684865,IT,HU,STONE,SALEM,0.01,3220.452,3,3,3220.452,0.0,0.0,0.0,0.0,322045.2
1649123,IT,BG,PAPER,SALEM,0.01,3220.141,3,3,3220.141,0.0,0.0,0.0,0.0,322014.1
1760456,IT,IN,BEVER,RECRE,0.01,3219.966,3,3,3219.966,0.0,0.0,0.0,0.0,321996.6
1750927,IT,CN,CONST,DISTR,0.02,3219.665,3,3,3219.665,0.0,0.0,0.0,0.0,160983.25
1765099,IT,MX,AUXIL,PUBLI,0.06,3219.54,3,3,3219.54,0.0,0.0,0.0,0.0,53659.0
1790984,IT,WA,MOTO1,BIOGA,0.02,3219.336,3,3,3219.336,0.0,0.0,0.0,0.0,160966.8
1654500,IT,CZ,HOTEL,COKEO,0.02,3219.266,3,3,3219.266,0.0,0.0,0.0,0.0,160963.3
1725230,IT,RO,FOOD5,WEARI,0.02,3219.23,3,3,3219.23,0.0,0.0,0.0,0.0,160961.5
1759930,IT,BR,PLAS1,MEATC,0.01,3219.224,3,3,3219.224,0.0,0.0,0.0,0.0,321922.4
1682184,IT,HR,WEARI,VEGE1,0.02,3219.171,3,3,3219.171,0.0,0.0,0.0,0.0,160958.55
1775677,IT,TR,VEGET,RETA1,0.01,3219.012,3,3,3219.012,0.0,0.0,0.0,0.0,321901.2
1682306,IT,HR,LEATH,WOOD2,0.02,3218.52,3,3,3218.52,0.0,0.0,0.0,0.0,160926.0
1670263,IT,FI,VEGET,SUGA1,0.01,3218.34,3,3,3218.34,0.0,0.0,0.0,0.0,321834.0
1663804,IT,EE,BEVER,RESEA,0.01,3218.26,3,3,3218.26,0.0,0.0,0.0,0.0,321826.0
1806813,IT,WF,RETA1,GLASS,0.03,3218.144,3,3,3218.144,0.0,0.0,0.0,0.0,107271.466667
1759350,IT,BR,FINAN,PLAST,0.04,3217.971,3,3,3217.971,0.0,0.0,0.0,0.0,80449.275
1759486,IT,BR,AUXIL,REALE,0.06,3217.909,3,3,3217.909,0.0,0.0,0.0,0.0,53631.816667
1738549,IT,GB,FABRI,VEGE1,0.01,3217.711,3,3,3217.711,0.0,0.0,0.0,0.0,321771.1
1813570,IT,WM,WHOLE,COPP1,0.03,3217.709,3,3,3217.709,0.0,0.0,0.0,0.0,107256.966667
1747369,IT,JP,RETA1,SALEM,0.03,3217.582,3,3,3217.582,0.0,0.0,0.0,0.0,107252.733333
1745695,IT,JP,WEARI,WHEAT,0.02,3217.556,3,3,3217.556,0.0,0.0,0.0,0.0,160877.8
1782598,IT,NO,FURNI,RUBBE,0.01,3217.241,3,3,3217.241,0.0,0.0,0.0,0.0,321724.1
1770545,IT,AU,SUPPO,FABRI,0.02,3217.132,3,3,3217.132,0.0,0.0,0.0,0.0,160856.6
1770731,IT,AU,AUXIL,RETA1,0.06,3216.939,3,3,3216.939,0.0,0.0,0.0,0.0,53615.65
1740498,IT,GB,INERT,PLAS2,0.02,3216.931,3,3,3216.931,0.0,0.0,0.0,0.0,160846.55
1678098,IT,FR,FOODW,RECRE,0.02,3216.774,3,3,3216.774,0.0,0.0,0.0,0.0,160838.7
1652353,IT,CZ,FISH5,NFERT,0.01,3216.644,4,4,3216.642,0.0,0.0,0.0,0.002,321664.4
1672464,IT,FI,WOOD1,MEATP,0.02,3216.601,3,3,3216.601,0.0,0.0,0.0,0.0,160830.05
1808557,IT,WF,PAPE4,COPP1,0.02,3216.541,3,3,3216.541,0.0,0.0,0.0,0.0,160827.05
1720899,IT,PL,SALEM,BASIC,0.03,3216.493,3,3,3216.493,0.0,0.0,0.0,0.0,107216.433333
1648784,IT,BG,BEVER,MACHI,0.01,3216.297,3,3,3216.297,0.0,0.0,0.0,0.0,321629.7
1669678,IT,ES,COMPU,NONME,0.04,3216.078,3,3,3216.078,0.0,0.0,0.0,0.0,80401.95
1798363,IT,WE,ANIMA,TRANS,0.01,3215.876,3,3,3215.876,0.0,0.0,0.0,0.0,321587.6
1769888,IT,AU,MOTO1,WOOLS,0.02,3215.853,3,3,3215.853,0.0,0.0,0.0,0.0,160792.65
1740460,IT,GB,FOOD4,TRAN1,0.02,3215.715,3,3,3215.715,0.0,0.0,0.0,0.0,160785.75
1773829,IT,CH,ELEC4,BUSIN,0.05,3215.576,3,3,3215.576,0.0,0.0,0.0,0.0,64311.52
1646776,IT,BE,CONST,HEALT,0.02,3215.555,3,3,3215.555,0.0,0.0,0.0,0.0,160777.75
1717192,IT,NL,SUPPO,MEATP,0.02,3215.511,3,3,3215.511,0.0,0.0,0.0,0.0,160775.55
1754819,IT,KR,FOOD5,LANDT,0.02,3215.399,3,3,3215.399,0.0,0.0,0.0,0.0,160769.95
1784744,IT,ID,WHOLE,RENTI,0.03,3215.269,3,3,3215.269,0.0,0.0,0.0,0.0,107175.633333
1747926,IT,JP,COMPU,AUXIL,0.04,3215.247,3,3,3215.247,0.0,0.0,0.0,0.0,80381.175
1802842,IT,WE,PLAS1,PLAST,0.01,3215.152,3,3,3215.152,0.0,0.0,0.0,0.0,321515.2
1807521,IT,WF,RENTI,CEMEN,0.02,3215.102,3,3,3215.102,0.0,0.0,0.0,0.0,160755.1
1724698,IT,PT,INSUR,REALE,0.07,3215.071,3,3,3215.071,0.0,0.0,0.0,0.0,45929.585714
1773216,IT,CH,FABRI,LEAD1,0.01,3214.961,3,3,3214.961,0.0,0.0,0.0,0.0,321496.1
1690237,IT,IE,BUSIN,FOOD4,0.03,3214.935,3,3,3214.935,0.0,0.0,0.0,0.0,107164.5
1752099,IT,CN,BUSIN,BIOGA,0.03,3214.933,3,3,3214.933,0.0,0.0,0.0,0.0,107164.433333
1726850,IT,RO,RETA1,RAWMI,0.03,3214.796,3,3,3214.796,0.0,0.0,0.0,0.0,107159.866667
1806433,IT,WF,TRANS,NICKE,0.02,3214.535,3,3,3214.535,0.0,0.0,0.0,0.0,160726.75
1783854,IT,NO,TEXT2,HEALT,0.02,3214.459,3,3,3214.459,0.0,0.0,0.0,0.0,160722.95
1808065,IT,WF,TEXT1,MEATC,0.02,3214.443,3,3,3214.443,0.0,0.0,0.0,0.0,160722.15
1743428,IT,US,RETAI,FURNI,0.03,3214.383,3,3,3214.383,0.0,0.0,0.0,0.0,107146.1
1718613,IT,PL,LEATH,BASIC,0.02,3214.357,3,3,3214.357,0.0,0.0,0.0,0.0,160717.85
1716418,IT,NL,MACHI,INSUR,0.02,3214.343,3,3,3214.343,0.0,0.0,0.0,0.0,160717.15
1678893,IT,GR,TEXTI,MEATP,0.02,3213.856,3,3,3213.856,0.0,0.0,0.0,0.0,160692.8
1665473,IT,ES,WEARI,GASDI,0.02,3213.751,3,3,3213.751,0.0,0.0,0.0,0.0,160687.55
1736037,IT,SK,FURNI,DAIRY,0.01,3213.744,3,3,3213.744,0.0,0.0,0.0,0.0,321374.4
1775272,IT,CH,BUSIN,NAPHT,0.03,3213.304,3,3,3213.304,0.0,0.0,0.0,0.0,107110.133333
1648620,IT,BG,MEAT4,CONST,0.02,3213.107,3,3,3213.107,0.0,0.0,0.0,0.0,160655.35
1774767,IT,CH,POSTT,RAWMI,0.05,3213.081,3,3,3213.081,0.0,0.0,0.0,0.0,64261.62
1646797,IT,BE,SALEM,CHEM1,0.03,3213.061,3,3,3213.061,0.0,0.0,0.0,0.0,107102.033333
1765392,IT,RU,FISH5,HOTEL,0.01,3212.746,4,4,3212.744,0.0,0.0,0.0,0.002,321274.6
1760188,IT,BR,PAPE4,KEROS,0.02,3212.561,3,3,3212.561,0.0,0.0,0.0,0.0,160628.05
1736180,IT,SK,WHOLE,PRINT,0.03,3212.47,3,3,3212.47,0.0,0.0,0.0,0.0,107082.333333
1673242,IT,FR,FISH5,KEROS,0.01,3212.373,4,4,3212.371,0.0,0.0,0.0,0.002,321237.3
1765135,IT,MX,BUSIN,PRECI,0.03,3212.241,3,3,3212.241,0.0,0.0,0.0,0.0,107074.7
1650228,IT,BG,FURNI,PRINT,0.01,3211.875,3,3,3211.875,0.0,0.0,0.0,0.0,321187.5
1767219,IT,RU,RETA1,COLLE,0.03,3211.818,3,3,3211.818,0.0,0.0,0.0,0.0,107060.6
1780791,IT,TW,RENTI,REALE,0.02,3211.701,3,3,3211.701,0.0,0.0,0.0,0.0,160585.05
1747906,IT,JP,COMPU,MOTO1,0.04,3211.648,3,3,3211.648,0.0,0.0,0.0,0.0,80291.2
1725126,IT,RO,MEATC,MEAT1,0.01,3211.575,3,3,3211.575,0.0,0.0,0.0,0.0,321157.5
1670041,IT,ES,FOOD1,AIRTR,0.02,3211.441,3,3,3211.441,0.0,0.0,0.0,0.0,160572.05
1661567,IT,DK,BEVER,BIODI,0.01,3211.36,3,3,3211.36,0.0,0.0,0.0,0.0,321136.0
1680260,IT,GR,TRANS,RECRE,0.02,3211.352,3,3,3211.352,0.0,0.0,0.0,0.0,160567.6
1782647,IT,NO,SALEM,SALEM,0.03,3211.332,3,3,3211.332,0.0,0.0,0.0,0.0,107044.4
1760518,IT,IN,WEARI,FURNI,0.02,3211.293,3,3,3211.293,0.0,0.0,0.0,0.0,160564.65
1670222,IT,ES,RECRE,RESEA,0.04,3211.237,3,3,3211.237,0.0,0.0,0.0,0.0,80280.925
1660678,IT,DE,RENTI,OILSE,0.02,3210.918,3,3,3210.918,0.0,0.0,0.0,0.0,160545.9
1746866,IT,JP,MACHI,FOOD3,0.02,3210.856,3,3,3210.856,0.0,0.0,0.0,0.0,160542.8
1645182,IT,BE,PRINT,SEACO,0.03,3210.788,3,3,3210.788,0.0,0.0,0.0,0.0,107026.266667
1724520,IT,PT,POSTT,PLAST,0.05,3210.776,3,3,3210.776,0.0,0.0,0.0,0.0,64215.52
1781128,IT,TW,INTER,BASIC,0.02,3210.653,3,3,3210.653,0.0,0.0,0.0,0.0,160532.65
1716860,IT,NL,HOTEL,BASIC,0.02,3210.627,3,3,3210.627,0.0,0.0,0.0,0.0,160531.35
1783217,IT,NO,BUSIN,ELEC4,0.03,3210.543,3,3,3210.543,0.0,0.0,0.0,0.0,107018.1
1768009,IT,RU,BUSIN,CATTL,0.03,3210.508,3,3,3210.508,0.0,0.0,0.0,0.0,107016.933333
1642870,IT,AT,MOTO1,ELEC2,0.02,3210.296,3,3,3210.296,0.0,0.0,0.0,0.0,160514.8
1738913,IT,GB,FURNI,ELEC3,0.01,3210.138,3,3,3210.138,0.0,0.0,0.0,0.0,321013.8
1791189,IT,WA,FURNI,TOBAC,0.01,3209.896,3,3,3209.896,0.0,0.0,0.0,0.0,320989.6
1737649,IT,GB,PAPER,FOOD4,0.01,3209.83,3,3,3209.83,0.0,0.0,0.0,0.0,320983.0
1655060,IT,CZ,COMPU,PFERT,0.04,3209.655,3,3,3209.655,0.0,0.0,0.0,0.0,80241.375
1762042,IT,IN,WHOLE,FOOD3,0.03,3209.447,3,3,3209.447,0.0,0.0,0.0,0.0,106981.566667
1744897,IT,US,BUSIN,ETHAN,0.03,3209.426,3,3,3209.426,0.0,0.0,0.0,0.0,106980.866667
1677783,IT,FR,COMPU,ELEC4,0.04,3209.201,3,3,3209.201,0.0,0.0,0.0,0.0,80230.025
1673554,IT,FR,LEATH,OILHA,0.02,3209.189,3,3,3209.189,0.0,0.0,0.0,0.0,160459.45
1667957,IT,ES,TRANS,BEVER,0.02,3209.128,3,3,3209.128,0.0,0.0,0.0,0.0,160456.4
1783188,IT,NO,COMPU,FINAN,0.04,3208.952,3,3,3208.952,0.0,0.0,0.0,0.0,80223.8
1663367,IT,DK,SUPPO,EDUCA,0.02,3208.931,3,3,3208.931,0.0,0.0,0.0,0.0,160446.55
1650708,IT,BG,HOTEL,TOBAC,0.02,3208.91,3,3,3208.91,0.0,0.0,0.0,0.0,160445.5
1712565,IT,LV,MACHI,NONME,0.02,3208.896,3,3,3208.896,0.0,0.0,0.0,0.0,160444.8
1678397,IT,FR,PAPE4,FOOD3,0.02,3208.609,3,3,3208.609,0.0,0.0,0.0,0.0,160430.45
1646633,IT,BE,TRANS,CONST,0.02,3208.596,3,3,3208.596,0.0,0.0,0.0,0.0,160429.8
1678956,IT,GR,WEARI,TEXTI,0.02,3208.546,3,3,3208.546,0.0,0.0,0.0,0.0,160427.3
1783571,IT,NO,FOOD2,NATUR,0.02,3208.48,3,3,3208.48,0.0,0.0,0.0,0.0,160424.0
1725151,IT,RO,MEATP,BUSIN,0.01,3208.459,3,3,3208.459,0.0,0.0,0.0,0.0,320845.9
1718586,IT,PL,LEATH,NATUR,0.02,3208.248,3,3,3208.248,0.0,0.0,0.0,0.0,160412.4
1718953,IT,PL,PRINT,SEACO,0.03,3208.217,3,3,3208.217,0.0,0.0,0.0,0.0,106940.566667
1724511,IT,PT,POSTT,LEATH,0.05,3208.114,3,3,3208.114,0.0,0.0,0.0,0.0,64162.28
1744412,IT,US,AUXIL,RAWMI,0.06,3207.91,3,3,3207.91,0.0,0.0,0.0,0.0,53465.166667
1793130,IT,WA,RECRE,NONF1,0.04,3207.813,3,3,3207.813,0.0,0.0,0.0,0.0,80195.325
1792953,IT,WA,PLAS1,VEGET,0.01,3207.754,3,3,3207.754,0.0,0.0,0.0,0.0,320775.4
1810123,IT,WM,WEARI,POULT,0.02,3207.668,3,3,3207.668,0.0,0.0,0.0,0.0,160383.4
1644333,IT,BE,STONE,INTER,0.01,3207.5,3,3,3207.5,0.0,0.0,0.0,0.0,320750.0
1646746,IT,BE,CONST,FOUND,0.02,3207.462,3,3,3207.462,0.0,0.0,0.0,0.0,160373.1
1656284,IT,DE,LEATH,FORES,0.02,3207.329,3,3,3207.329,0.0,0.0,0.0,0.0,160366.45
1643864,IT,AT,AUXIL,COMPU,0.06,3207.099,3,3,3207.099,0.0,0.0,0.0,0.0,53451.65
1748203,IT,JP,PAPE1,FOUND,0.02,3206.91,3,3,3206.91,0.0,0.0,0.0,0.0,160345.5
1722194,IT,PL,PUBLI,COPP1,0.05,3206.801,3,3,3206.801,0.0,0.0,0.0,0.0,64136.02
1802721,IT,WE,RESEA,VEGET,0.02,3206.546,3,3,3206.546,0.0,0.0,0.0,0.0,160327.3
1716846,IT,NL,HOTEL,GASDI,0.02,3206.141,3,3,3206.141,0.0,0.0,0.0,0.0,160307.05
1742147,IT,US,RUBBE,PAPE3,0.01,3205.902,3,3,3205.902,0.0,0.0,0.0,0.0,320590.2
1724240,IT,PT,RAILW,BUSIN,0.02,3205.823,3,3,3205.823,0.0,0.0,0.0,0.0,160291.15
1768265,IT,RU,RECRE,MEMBE,0.04,3205.756,3,3,3205.756,0.0,0.0,0.0,0.0,80143.9
1752734,IT,CA,LEATH,REALE,0.02,3205.72,3,3,3205.72,0.0,0.0,0.0,0.0,160286.0
1709456,IT,LT,TEXTI,FURNI,0.02,3205.711,3,3,3205.711,0.0,0.0,0.0,0.0,160285.55
1759335,IT,BR,FINAN,MEATC,0.04,3205.58,3,3,3205.58,0.0,0.0,0.0,0.0,80139.5
1768821,IT,AU,LEATH,GLASS,0.02,3205.54,3,3,3205.54,0.0,0.0,0.0,0.0,160277.0
1762043,IT,IN,WHOLE,WASTE,0.03,3205.316,3,3,3205.316,0.0,0.0,0.0,0.0,106843.866667
1779858,IT,TR,PUBLI,ELEC2,0.05,3205.279,3,3,3205.279,0.0,0.0,0.0,0.0,64105.58
1644866,IT,BE,WEARI,REALE,0.02,3205.096,3,3,3205.096,0.0,0.0,0.0,0.0,160254.8
1790830,IT,WA,MACHI,ELEC6,0.02,3204.983,3,3,3204.983,0.0,0.0,0.0,0.0,160249.15
1799552,IT,WE,PRINT,NONF1,0.03,3204.854,3,3,3204.854,0.0,0.0,0.0,0.0,106828.466667
1677761,IT,FR,COMPU,MOTOR,0.04,3204.637,3,3,3204.637,0.0,0.0,0.0,0.0,80115.925
1684549,IT,HR,BUSIN,ELECT,0.03,3204.509,3,3,3204.509,0.0,0.0,0.0,0.0,106816.966667
1802077,IT,WE,RETA1,MEAT4,0.03,3204.075,3,3,3204.075,0.0,0.0,0.0,0.0,106802.5
1771796,IT,CH,LEATH,OILHA,0.02,3203.875,3,3,3203.875,0.0,0.0,0.0,0.0,160193.75
1797858,IT,WL,FOOD2,BUSIN,0.02,3203.762,3,3,3203.762,0.0,0.0,0.0,0.0,160188.1
1641939,IT,AT,RUBBE,FORES,0.01,3203.736,3,3,3203.736,0.0,0.0,0.0,0.0,320373.6
1656630,IT,DE,PRINT,TRAN2,0.03,3203.679,3,3,3203.679,0.0,0.0,0.0,0.0,106789.3
1646619,IT,BE,MOTO1,PLAS1,0.02,3203.61,3,3,3203.61,0.0,0.0,0.0,0.0,160180.5
1792996,IT,WA,FOOD2,OFFIC,0.02,3203.493,3,3,3203.493,0.0,0.0,0.0,0.0,160174.65
1754575,IT,KR,VEGET,RETA1,0.01,3203.458,3,3,3203.458,0.0,0.0,0.0,0.0,320345.8
1730491,IT,SE,FINAN,FORES,0.04,3203.391,3,3,3203.391,0.0,0.0,0.0,0.0,80084.775
1688276,IT,IE,ANIMA,WOOLS,0.01,3203.255,3,3,3203.255,0.0,0.0,0.0,0.0,320325.5
1806598,IT,WF,CONST,MEMBE,0.02,3203.136,3,3,3203.136,0.0,0.0,0.0,0.0,160156.8
1714438,IT,NL,MEATA,HEAVY,0.02,3203.124,3,3,3203.124,0.0,0.0,0.0,0.0,160156.2
1763156,IT,MX,LEATH,COKEO,0.02,3203.106,3,3,3203.106,0.0,0.0,0.0,0.0,160155.3
1770619,IT,AU,POSTT,93197,0.05,3203.066,3,3,3203.066,0.0,0.0,0.0,0.0,64061.32
1680743,IT,GR,RETA1,ELEC2,0.03,3203.029,3,3,3203.029,0.0,0.0,0.0,0.0,106767.633333
1804171,IT,WF,PAPER,INLAN,0.01,3202.567,3,3,3202.567,0.0,0.0,0.0,0.0,320256.7
1760114,IT,BR,FOOD2,RETA1,0.02,3202.424,3,3,3202.424,0.0,0.0,0.0,0.0,160121.2
1724171,IT,PT,HOTEL,DAIRY,0.02,3202.423,3,3,3202.423,0.0,0.0,0.0,0.0,160121.15
1778429,IT,TR,WHOLE,PLAST,0.03,3202.396,3,3,3202.396,0.0,0.0,0.0,0.0,106746.533333
1802868,IT,WE,FOOD4,PUBLI,0.02,3202.303,3,3,3202.303,0.0,0.0,0.0,0.0,160115.15
1684659,IT,HR,INERT,WHOLE,0.02,3202.15,3,3,3202.15,0.0,0.0,0.0,0.0,160107.5
1748292,IT,JP,MEMBE,RENTI,0.04,3202.086,3,3,3202.086,0.0,0.0,0.0,0.0,80052.15
1768278,IT,AU,VEGET,CHEM1,0.01,3201.548,3,3,3201.548,0.0,0.0,0.0,0.0,320154.8
1791422,IT,WA,WHOLE,BEVER,0.03,3200.999,3,3,3200.999,0.0,0.0,0.0,0.0,106699.966667
1802676,IT,WE,RENTI,SEACO,0.02,3200.661,3,3,3200.661,0.0,0.0,0.0,0.0,160033.05
1659072,IT,DE,ELEC4,RETA1,0.05,3200.571,3,3,3200.571,0.0,0.0,0.0,0.0,64011.42
1814239,IT,WM,POSTT,TOBAC,0.05,3200.292,3,3,3200.292,0.0,0.0,0.0,0.0,64005.84
1775551,IT,CH,PAPE4,POSTT,0.02,3200.143,3,3,3200.143,0.0,0.0,0.0,0.0,160007.15
1765699,IT,RU,PAPER,ELEC3,0.01,3199.917,3,3,3199.917,0.0,0.0,0.0,0.0,319991.7
1675374,IT,FR,MACHI,BITU1,0.02,3199.871,3,3,3199.871,0.0,0.0,0.0,0.0,159993.55
1678084,IT,FR,FOODW,POSTT,0.02,3199.414,3,3,3199.414,0.0,0.0,0.0,0.0,159970.7
1766143,IT,RU,RUBBE,ELEC6,0.01,3199.342,3,3,3199.342,0.0,0.0,0.0,0.0,319934.2
1664552,IT,EE,WHOLE,WEARI,0.03,3199.103,3,3,3199.103,0.0,0.0,0.0,0.0,106636.766667
1720326,IT,PL,FABRI,COKE1,0.01,3198.727,3,3,3198.727,0.0,0.0,0.0,0.0,319872.7
1808668,IT,WF,INERT,RUBBE,0.02,3198.581,3,3,3198.581,0.0,0.0,0.0,0.0,159929.05
1646685,IT,BE,FURNI,DIST1,0.01,3198.478,3,3,3198.478,0.0,0.0,0.0,0.0,319847.8
1811910,IT,WM,RUBBE,GASWO,0.01,3198.136,3,3,3198.136,0.0,0.0,0.0,0.0,319813.6
1646727,IT,BE,CONST,WOODW,0.02,3198.026,3,3,3198.026,0.0,0.0,0.0,0.0,159901.3
1717649,IT,NL,BUSIN,AVIAT,0.03,3197.903,3,3,3197.903,0.0,0.0,0.0,0.0,106596.766667
1711378,IT,LU,RETA1,BASIC,0.03,3197.863,3,3,3197.863,0.0,0.0,0.0,0.0,106595.433333
1720599,IT,PL,MOTO1,CATTL,0.02,3197.803,3,3,3197.803,0.0,0.0,0.0,0.0,159890.15
1647770,IT,BE,AUXIL,VEGET,0.06,3197.473,3,3,3197.473,0.0,0.0,0.0,0.0,53291.216667
1722310,IT,PT,VEGET,MEAT1,0.01,3197.33,3,3,3197.33,0.0,0.0,0.0,0.0,319733.0
1652069,IT,CZ,STONE,KEROS,0.01,3197.29,3,3,3197.29,0.0,0.0,0.0,0.0,319729.0
1734654,IT,SK,TEXTI,HEALT,0.02,3197.168,3,3,3197.168,0.0,0.0,0.0,0.0,159858.4
1711688,IT,LU,BUSIN,MEAT1,0.03,3196.837,3,3,3196.837,0.0,0.0,0.0,0.0,106561.233333
1730101,IT,SE,RETA1,AUXIL,0.03,3196.773,3,3,3196.773,0.0,0.0,0.0,0.0,106559.1
1808705,IT,WF,TEXT2,PIGS9,0.02,3196.701,3,3,3196.701,0.0,0.0,0.0,0.0,159835.05
1712924,IT,LV,RENTI,FURNI,0.02,3196.532,3,3,3196.532,0.0,0.0,0.0,0.0,159826.6
1809020,IT,WM,VEGET,PREC1,0.01,3196.224,3,3,3196.224,0.0,0.0,0.0,0.0,319622.4
1785230,IT,ZA,TEXTI,TOBAC,0.02,3196.146,3,3,3196.146,0.0,0.0,0.0,0.0,159807.3
1793111,IT,WA,MEMBE,HEALT,0.04,3196.11,3,3,3196.11,0.0,0.0,0.0,0.0,79902.75
1809496,IT,WM,MEAT1,93197,0.01,3196.069,3,3,3196.069,0.0,0.0,0.0,0.0,319606.9
1685052,IT,HU,DAIRY,COMPU,0.01,3196.036,3,3,3196.036,0.0,0.0,0.0,0.0,319603.6
1729871,IT,SE,TRANS,FORES,0.02,3196.006,3,3,3196.006,0.0,0.0,0.0,0.0,159800.3
1713688,IT,MT,FABRI,BRICK,0.01,3195.883,3,3,3195.883,0.0,0.0,0.0,0.0,319588.3
1768065,IT,RU,BUSIN,LEAD1,0.03,3195.815,3,3,3195.815,0.0,0.0,0.0,0.0,106527.166667
1768135,IT,RU,PUBLI,FOOD5,0.05,3195.768,3,3,3195.768,0.0,0.0,0.0,0.0,63915.36
1798198,IT,WE,VEGET,MEATC,0.01,3195.662,3,3,3195.662,0.0,0.0,0.0,0.0,319566.2
1745198,IT,JP,CROPS,ELEC2,0.03,3195.354,3,3,3195.354,0.0,0.0,0.0,0.0,106511.8
1675991,IT,FR,ELEC5,WOODW,0.04,3194.941,3,3,3194.941,0.0,0.0,0.0,0.0,79873.525
1793560,IT,WL,MEAT4,RUBBE,0.02,3194.915,3,3,3194.915,0.0,0.0,0.0,0.0,159745.75
1808382,IT,WF,WASTE,CHEMI,0.01,3194.747,3,3,3194.747,0.0,0.0,0.0,0.0,319474.7
1744247,IT,US,POSTT,ELEC8,0.05,3194.448,3,3,3194.448,0.0,0.0,0.0,0.0,63888.96
1767857,IT,RU,AUXIL,SALEM,0.06,3194.415,3,3,3194.415,0.0,0.0,0.0,0.0,53240.25
1735192,IT,SK,RUBBE,NONF1,0.01,3194.413,3,3,3194.413,0.0,0.0,0.0,0.0,319441.3
1709589,IT,LT,PAPER,PULP5,0.01,3194.289,3,3,3194.289,0.0,0.0,0.0,0.0,319428.9
1779450,IT,TR,REALE,RESEA,0.13,3194.125,3,3,3194.125,0.0,0.0,0.0,0.0,24570.192308
1810478,IT,WM,PAPER,PLANT,0.01,3194.082,3,3,3194.082,0.0,0.0,0.0,0.0,319408.2
1689682,IT,IE,POSTT,AIRTR,0.05,3194.024,3,3,3194.024,0.0,0.0,0.0,0.0,63880.48
1660797,IT,DE,COMPU,NAPHT,0.04,3193.937,3,3,3193.937,0.0,0.0,0.0,0.0,79848.425
1782988,IT,NO,POSTT,NATUR,0.05,3193.932,3,3,3193.932,0.0,0.0,0.0,0.0,63878.64
1724311,IT,PT,LANDT,REALE,0.02,3193.348,3,3,3193.348,0.0,0.0,0.0,0.0,159667.4
1711461,IT,LU,LANDT,AIRTR,0.02,3193.336,3,3,3193.336,0.0,0.0,0.0,0.0,159666.8
1720846,IT,PL,FURNI,SEACO,0.01,3193.236,3,3,3193.236,0.0,0.0,0.0,0.0,319323.6
1735143,IT,SK,RUBBE,PLANT,0.01,3193.225,3,3,3193.225,0.0,0.0,0.0,0.0,319322.5
1730735,IT,SE,BUSIN,CROPS,0.03,3193.224,3,3,3193.224,0.0,0.0,0.0,0.0,106440.8
1734389,IT,SK,VEGET,RAWMI,0.01,3192.884,3,3,3192.884,0.0,0.0,0.0,0.0,319288.4
1709804,IT,LT,RUBBE,BASIC,0.01,3192.881,3,3,3192.881,0.0,0.0,0.0,0.0,319288.1
1762601,IT,IN,AUXIL,SUPPO,0.06,3192.814,3,3,3192.814,0.0,0.0,0.0,0.0,53213.566667
1760435,IT,IN,FOOD5,MOTO1,0.02,3192.692,3,3,3192.692,0.0,0.0,0.0,0.0,159634.6
1808367,IT,WF,WASTE,PADDY,0.01,3192.456,3,3,3192.456,0.0,0.0,0.0,0.0,319245.6
1748974,IT,CN,LEATH,POULT,0.02,3192.402,3,3,3192.402,0.0,0.0,0.0,0.0,159620.1
1733684,IT,SI,RAILW,PRINT,0.02,3192.355,3,3,3192.355,0.0,0.0,0.0,0.0,159617.75
1782685,IT,NO,WHOLE,FOUND,0.03,3192.265,3,3,3192.265,0.0,0.0,0.0,0.0,106408.833333
1712645,IT,LV,TRANS,RAWMI,0.02,3192.179,3,3,3192.179,0.0,0.0,0.0,0.0,159608.95
1665556,IT,ES,LEATH,GASDI,0.02,3192.052,3,3,3192.052,0.0,0.0,0.0,0.0,159602.6
1814817,IT,WM,TEXT2,LANDT,0.02,3191.885,3,3,3191.885,0.0,0.0,0.0,0.0,159594.25
1787006,IT,ZA,INSUR,MACHI,0.07,3191.854,3,3,3191.854,0.0,0.0,0.0,0.0,45597.914286
1654688,IT,CZ,LANDT,BLAST,0.02,3191.776,3,3,3191.776,0.0,0.0,0.0,0.0,159588.8
1755087,IT,KR,LEATH,COPPE,0.02,3191.766,3,3,3191.766,0.0,0.0,0.0,0.0,159588.3
1640507,IT,AT,PROCE,BUSIN,0.02,3191.644,3,3,3191.644,0.0,0.0,0.0,0.0,159582.2
1721094,IT,PL,HOTEL,PLAS1,0.02,3191.507,3,3,3191.507,0.0,0.0,0.0,0.0,159575.35
1759713,IT,BR,BUSIN,STONE,0.03,3191.505,3,3,3191.505,0.0,0.0,0.0,0.0,106383.5
1764711,IT,MX,HOTEL,NAPHT,0.02,3191.439,3,3,3191.439,0.0,0.0,0.0,0.0,159571.95
1644772,IT,BE,FISH5,RENTI,0.01,3191.375,4,4,3191.373,0.0,0.0,0.0,0.002,319137.5
1767698,IT,RU,FINAN,FISH5,0.04,3191.322,3,3,3191.322,0.0,0.0,0.0,0.0,79783.05
1663485,IT,DK,RENTI,TEXTI,0.02,3191.0,3,3,3191.0,0.0,0.0,0.0,0.0,159550.0
1654472,IT,CZ,RETA1,EDUCA,0.03,3190.932,3,3,3190.932,0.0,0.0,0.0,0.0,106364.4
1743591,IT,US,HOTEL,NAPHT,0.02,3190.859,3,3,3190.859,0.0,0.0,0.0,0.0,159542.95
1709492,IT,LT,WEARI,ELEC5,0.02,3190.692,3,3,3190.692,0.0,0.0,0.0,0.0,159534.6
1746011,IT,JP,PAPER,CEMEN,0.01,3190.656,3,3,3190.656,0.0,0.0,0.0,0.0,319065.6
1651715,IT,CY,FABRI,RENTI,0.01,3190.371,3,3,3190.371,0.0,0.0,0.0,0.0,319037.1
1748029,IT,JP,BUSIN,REFI1,0.03,3190.24,3,3,3190.24,0.0,0.0,0.0,0.0,106341.333333
1808100,IT,WF,WOOD1,FISHF,0.02,3190.193,3,3,3190.193,0.0,0.0,0.0,0.0,159509.65
1769613,IT,AU,FABRI,NICKE,0.01,3190.117,3,3,3190.117,0.0,0.0,0.0,0.0,319011.7
1787222,IT,WA,VEGET,PRECI,0.01,3189.628,3,3,3189.628,0.0,0.0,0.0,0.0,318962.8
1718544,IT,PL,WEARI,PFERT,0.02,3189.379,3,3,3189.379,0.0,0.0,0.0,0.0,159468.95
1778141,IT,TR,TRANS,OFFIC,0.02,3189.324,3,3,3189.324,0.0,0.0,0.0,0.0,159466.2
1672792,IT,FR,MEATP,COMPU,0.01,3189.318,3,3,3189.318,0.0,0.0,0.0,0.0,318931.8
1811871,IT,WM,RUBBE,REFIN,0.01,3189.243,3,3,3189.243,0.0,0.0,0.0,0.0,318924.3
1796724,IT,WL,LANDT,FORES,0.02,3189.065,3,3,3189.065,0.0,0.0,0.0,0.0,159453.25
1685199,IT,HU,BEVER,MEMBE,0.01,3188.896,3,3,3188.896,0.0,0.0,0.0,0.0,318889.6
1736710,IT,SK,REALE,WOODW,0.13,3188.836,3,3,3188.836,0.0,0.0,0.0,0.0,24529.507692
1650638,IT,BG,WHOLE,OILSE,0.03,3188.699,3,3,3188.699,0.0,0.0,0.0,0.0,106289.966667
1790752,IT,WA,MACHI,URANI,0.02,3188.618,3,3,3188.618,0.0,0.0,0.0,0.0,159430.9
1778711,IT,TR,RAILW,KEROS,0.02,3188.613,3,3,3188.613,0.0,0.0,0.0,0.0,159430.65
1792271,IT,WA,POSTT,ELEC2,0.05,3188.607,3,3,3188.607,0.0,0.0,0.0,0.0,63772.14
1727777,IT,RO,BUSIN,VEGE1,0.03,3188.563,3,3,3188.563,0.0,0.0,0.0,0.0,106285.433333
1786466,IT,ZA,MOTO1,RUBBE,0.02,3188.553,3,3,3188.553,0.0,0.0,0.0,0.0,159427.65
1768015,IT,RU,BUSIN,BITUM,0.03,3187.933,3,3,3187.933,0.0,0.0,0.0,0.0,106264.433333
1650068,IT,BG,MACHI,COLLE,0.02,3187.897,3,3,3187.897,0.0,0.0,0.0,0.0,159394.85
1780405,IT,TW,SUPPO,FISH5,0.02,3187.401,3,3,3187.401,0.0,0.0,0.0,0.0,159370.05
1736773,IT,SK,COMPU,FOOD5,0.04,3186.965,3,3,3186.965,0.0,0.0,0.0,0.0,79674.125
1748887,IT,CN,WEARI,COALT,0.02,3186.925,3,3,3186.925,0.0,0.0,0.0,0.0,159346.25
1711373,IT,LU,RETA1,KEROS,0.03,3186.608,3,3,3186.608,0.0,0.0,0.0,0.0,106220.266667
1808549,IT,WF,PAPE4,LIQUE,0.02,3186.466,3,3,3186.466,0.0,0.0,0.0,0.0,159323.3
1682250,IT,HR,LEATH,MEAT1,0.02,3186.407,3,3,3186.407,0.0,0.0,0.0,0.0,159320.35
1669898,IT,ES,PUBLI,SUPPO,0.05,3186.158,3,3,3186.158,0.0,0.0,0.0,0.0,63723.16
1736058,IT,SK,FURNI,ELEC3,0.01,3186.064,3,3,3186.064,0.0,0.0,0.0,0.0,318606.4
1646982,IT,BE,RETA1,VEGE1,0.03,3186.041,3,3,3186.041,0.0,0.0,0.0,0.0,106201.366667
1734683,IT,SK,LEATH,CHEMI,0.02,3185.664,3,3,3185.664,0.0,0.0,0.0,0.0,159283.2
1664527,IT,EE,FURNI,LEATH,0.01,3185.6,3,3,3185.6,0.0,0.0,0.0,0.0,318560.0
1747768,IT,JP,AUXIL,COPP1,0.06,3185.587,3,3,3185.587,0.0,0.0,0.0,0.0,53093.116667
1797393,IT,WL,COMPU,PAPER,0.04,3185.583,3,3,3185.583,0.0,0.0,0.0,0.0,79639.575
1680298,IT,GR,FURNI,AIRTR,0.01,3185.566,3,3,3185.566,0.0,0.0,0.0,0.0,318556.6
1738542,IT,GB,FABRI,BITUM,0.01,3185.505,3,3,3185.505,0.0,0.0,0.0,0.0,318550.5
1728137,IT,SE,DAIRY,FORES,0.01,3185.465,3,3,3185.465,0.0,0.0,0.0,0.0,318546.5
1648993,IT,BG,LEATH,REALE,0.02,3185.44,3,3,3185.44,0.0,0.0,0.0,0.0,159272.0
1736176,IT,SK,WHOLE,TOBAC,0.03,3185.118,3,3,3185.118,0.0,0.0,0.0,0.0,106170.6
1730610,IT,SE,RENTI,LEADZ,0.02,3185.056,3,3,3185.056,0.0,0.0,0.0,0.0,159252.8
1798129,IT,WL,PRIVA,BIODI,0.71,3185.03,3,3,3185.03,0.0,0.0,0.0,0.0,4485.957746
1808060,IT,WF,TEXT1,MEATA,0.02,3184.911,3,3,3184.911,0.0,0.0,0.0,0.0,159245.55
1711376,IT,LU,RETA1,CERAM,0.03,3184.89,3,3,3184.89,0.0,0.0,0.0,0.0,106163.0
1718370,IT,PL,BEVER,LUBRI,0.01,3184.784,3,3,3184.784,0.0,0.0,0.0,0.0,318478.4
1651041,IT,BG,POSTT,INSUR,0.05,3184.755,3,3,3184.755,0.0,0.0,0.0,0.0,63695.1
1643377,IT,AT,RAILW,OILHA,0.02,3184.265,3,3,3184.265,0.0,0.0,0.0,0.0,159213.25
1654979,IT,CZ,INSUR,AUXIL,0.07,3183.871,3,3,3183.871,0.0,0.0,0.0,0.0,45483.871429
1751960,IT,CN,RESEA,PIGS9,0.02,3183.797,3,3,3183.797,0.0,0.0,0.0,0.0,159189.85
1688460,IT,IE,WEARI,PULP5,0.02,3183.638,3,3,3183.638,0.0,0.0,0.0,0.0,159181.9
1787338,IT,WA,CROPS,BIOG1,0.03,3183.622,3,3,3183.622,0.0,0.0,0.0,0.0,106120.733333
1774695,IT,CH,SUPPO,MEATP,0.02,3183.519,3,3,3183.519,0.0,0.0,0.0,0.0,159175.95
1656075,IT,DE,BEVER,FOUND,0.01,3183.409,3,3,3183.409,0.0,0.0,0.0,0.0,318340.9
1729953,IT,SE,CONST,PRINT,0.02,3183.218,3,3,3183.218,0.0,0.0,0.0,0.0,159160.9
1681883,IT,HR,DAIRY,MEATC,0.01,3183.171,3,3,3183.171,0.0,0.0,0.0,0.0,318317.1
1752507,IT,CA,FOOD5,FISH5,0.02,3183.141,3,3,3183.141,0.0,0.0,0.0,0.0,159157.05
1727469,IT,RO,AUXIL,PULP5,0.06,3183.11,3,3,3183.11,0.0,0.0,0.0,0.0,53051.833333
1689067,IT,IE,FURNI,MEATP,0.01,3183.089,3,3,3183.089,0.0,0.0,0.0,0.0,318308.9
1781447,IT,NO,BEVER,NATUR,0.01,3182.751,3,3,3182.751,0.0,0.0,0.0,0.0,318275.1
1644174,IT,AT,RECRE,RENTI,0.04,3182.54,3,3,3182.54,0.0,0.0,0.0,0.0,79563.5
1766176,IT,RU,RUBBE,INTER,0.01,3182.512,3,3,3182.512,0.0,0.0,0.0,0.0,318251.2
1758703,IT,BR,RETAI,FISHF,0.02,3182.483,3,3,3182.483,0.0,0.0,0.0,0.0,159124.15
1682093,IT,HR,TEXTI,CHEMI,0.02,3182.365,3,3,3182.365,0.0,0.0,0.0,0.0,159118.25
1712720,IT,LV,HOTEL,AUXIL,0.02,3182.321,3,3,3182.321,0.0,0.0,0.0,0.0,159116.05
1710492,IT,LT,LANDT,93197,0.02,3182.107,3,3,3182.107,0.0,0.0,0.0,0.0,159105.35
1643000,IT,AT,CONST,PULP5,0.02,3181.984,3,3,3181.984,0.0,0.0,0.0,0.0,159099.2
1759893,IT,BR,PAPE1,TRANS,0.02,3181.981,3,3,3181.981,0.0,0.0,0.0,0.0,159099.05
1690268,IT,IE,WOOD1,CEMEN,0.02,3181.933,3,3,3181.933,0.0,0.0,0.0,0.0,159096.65
1770226,IT,AU,HOTEL,MEATP,0.02,3181.533,3,3,3181.533,0.0,0.0,0.0,0.0,159076.65
1684938,IT,HU,MEATC,WHOLE,0.01,3181.186,3,3,3181.186,0.0,0.0,0.0,0.0,318118.6
1758622,IT,BR,TRANS,COPP1,0.02,3180.676,3,3,3180.676,0.0,0.0,0.0,0.0,159033.8
1685331,IT,HU,WEARI,RETA1,0.02,3180.653,3,3,3180.653,0.0,0.0,0.0,0.0,159032.65
1806873,IT,WF,HOTEL,COPPE,0.02,3180.176,3,3,3180.176,0.0,0.0,0.0,0.0,159008.8
1656306,IT,DE,LEATH,MEDIC,0.02,3180.032,3,3,3180.032,0.0,0.0,0.0,0.0,159001.6
1746355,IT,JP,RUBBE,TOBAC,0.01,3179.994,3,3,3179.994,0.0,0.0,0.0,0.0,317999.4
1783328,IT,NO,PAPE1,RETAI,0.02,3179.909,3,3,3179.909,0.0,0.0,0.0,0.0,158995.45
1731350,IT,SI,DAIRY,INSUR,0.01,3179.877,3,3,3179.877,0.0,0.0,0.0,0.0,317987.7
1687333,IT,HU,RETA1,AUXIL,0.03,3179.792,3,3,3179.792,0.0,0.0,0.0,0.0,105993.066667
1774042,IT,CH,RETAI,TRAN2,0.02,3179.678,3,3,3179.678,0.0,0.0,0.0,0.0,158983.9
1790788,IT,WA,MACHI,REFIN,0.02,3179.599,3,3,3179.599,0.0,0.0,0.0,0.0,158979.95
1739921,IT,GB,FINAN,WOOD2,0.04,3179.593,3,3,3179.593,0.0,0.0,0.0,0.0,79489.825
1781624,IT,NO,WEARI,FOOD2,0.02,3179.586,3,3,3179.586,0.0,0.0,0.0,0.0,158979.3
1731037,IT,SE,RECRE,BUSIN,0.04,3179.571,3,3,3179.571,0.0,0.0,0.0,0.0,79489.275
1671975,IT,FI,LANDT,ELEC3,0.02,3179.532,3,3,3179.532,0.0,0.0,0.0,0.0,158976.6
1754759,IT,KR,DAIRY,INSUR,0.01,3179.466,3,3,3179.466,0.0,0.0,0.0,0.0,317946.6
1680564,IT,GR,ELEC8,HEALT,0.04,3179.292,3,3,3179.292,0.0,0.0,0.0,0.0,79482.3
1727746,IT,RO,RESEA,MOTO1,0.02,3178.997,3,3,3178.997,0.0,0.0,0.0,0.0,158949.85
1685575,IT,HU,PRINT,FOOD5,0.03,3178.912,3,3,3178.912,0.0,0.0,0.0,0.0,105963.733333
1775164,IT,CH,RESEA,LEATH,0.02,3178.749,3,3,3178.749,0.0,0.0,0.0,0.0,158937.45
1736406,IT,SK,LANDT,CERAM,0.02,3178.721,3,3,3178.721,0.0,0.0,0.0,0.0,158936.05
1750862,IT,CN,FURNI,COLLE,0.01,3178.44,3,3,3178.44,0.0,0.0,0.0,0.0,317844.0
1752272,IT,CA,STONE,KEROS,0.01,3178.342,3,3,3178.342,0.0,0.0,0.0,0.0,317834.2
1712582,IT,LV,MACHI,HOTEL,0.02,3178.282,3,3,3178.282,0.0,0.0,0.0,0.0,158914.1
1689412,IT,IE,HOTEL,MEAT1,0.02,3178.191,3,3,3178.191,0.0,0.0,0.0,0.0,158909.55
1654575,IT,CZ,RAILW,LIGNI,0.02,3178.178,3,3,3178.178,0.0,0.0,0.0,0.0,158908.9
1731094,IT,SI,MEATA,NFERT,0.02,3178.168,3,3,3178.168,0.0,0.0,0.0,0.0,158908.4
1775975,IT,TR,BEVER,LANDT,0.01,3178.106,3,3,3178.106,0.0,0.0,0.0,0.0,317810.6
1665540,IT,ES,WEARI,TEXT2,0.02,3177.594,3,3,3177.594,0.0,0.0,0.0,0.0,158879.7
1797892,IT,WL,WASTE,MOTOR,0.01,3177.549,3,3,3177.549,0.0,0.0,0.0,0.0,317754.9
1651535,IT,CY,RUBBE,PULP5,0.01,3177.331,3,3,3177.331,0.0,0.0,0.0,0.0,317733.1
1711788,IT,LU,PUBLI,FURNI,0.05,3177.122,3,3,3177.122,0.0,0.0,0.0,0.0,63542.44
1754438,IT,CA,COMPU,WHOLE,0.04,3177.046,3,3,3177.046,0.0,0.0,0.0,0.0,79426.15
1734750,IT,SK,LEATH,FOOD4,0.02,3176.944,3,3,3176.944,0.0,0.0,0.0,0.0,158847.2
1797361,IT,WL,REALE,HEALT,0.13,3176.842,3,3,3176.842,0.0,0.0,0.0,0.0,24437.246154
1768744,IT,AU,WEARI,NONF1,0.02,3176.621,3,3,3176.621,0.0,0.0,0.0,0.0,158831.05
1731360,IT,SI,DAIRY,93197,0.01,3176.593,3,3,3176.593,0.0,0.0,0.0,0.0,317659.3
1766158,IT,RU,RUBBE,SEACO,0.01,3176.419,3,3,3176.419,0.0,0.0,0.0,0.0,317641.9
1754173,IT,CA,SUPPO,ELECT,0.02,3176.168,3,3,3176.168,0.0,0.0,0.0,0.0,158808.4
1747398,IT,JP,RAILW,CHEM1,0.02,3176.024,3,3,3176.024,0.0,0.0,0.0,0.0,158801.2
1741023,IT,US,FISH5,MEMBE,0.01,3176.011,4,4,3176.009,0.0,0.0,0.0,0.002,317601.1
1711826,IT,LU,FOODW,COPP1,0.02,3175.935,3,3,3175.935,0.0,0.0,0.0,0.0,158796.75
1715266,IT,NL,PAPER,LEATH,0.01,3175.699,3,3,3175.699,0.0,0.0,0.0,0.0,317569.9
1775291,IT,CH,BUSIN,NONF1,0.03,3175.45,3,3,3175.45,0.0,0.0,0.0,0.0,105848.333333
1680285,IT,GR,FURNI,ELEC1,0.01,3175.387,3,3,3175.387,0.0,0.0,0.0,0.0,317538.7
1808183,IT,WF,OILHA,MOTO1,0.02,3175.266,3,3,3175.266,0.0,0.0,0.0,0.0,158763.3
1777795,IT,TR,FABRI,PULP5,0.01,3175.255,3,3,3175.255,0.0,0.0,0.0,0.0,317525.5
1785383,IT,ZA,PAPER,MEATP,0.01,3174.908,3,3,3174.908,0.0,0.0,0.0,0.0,317490.8
1676091,IT,FR,ELEC8,DAIRY,0.04,3174.808,3,3,3174.808,0.0,0.0,0.0,0.0,79370.2
1718823,IT,PL,PAPER,MEDIC,0.01,3174.667,3,3,3174.667,0.0,0.0,0.0,0.0,317466.7
1808551,IT,WF,PAPE4,PFERT,0.02,3174.452,3,3,3174.452,0.0,0.0,0.0,0.0,158722.6
1721911,IT,PL,RENTI,CONST,0.02,3174.45,3,3,3174.45,0.0,0.0,0.0,0.0,158722.5
1671462,IT,FI,FABRI,FOOD3,0.01,3174.328,3,3,3174.328,0.0,0.0,0.0,0.0,317432.8
1709792,IT,LT,RUBBE,REFIN,0.01,3174.269,3,3,3174.269,0.0,0.0,0.0,0.0,317426.9
1643250,IT,AT,HOTEL,ELEC6,0.02,3174.121,3,3,3174.121,0.0,0.0,0.0,0.0,158706.05
1669623,IT,ES,RENTI,TRAN1,0.02,3173.951,3,3,3173.951,0.0,0.0,0.0,0.0,158697.55
1743595,IT,US,HOTEL,NONSP,0.02,3173.943,3,3,3173.943,0.0,0.0,0.0,0.0,158697.15
1765169,IT,MX,BUSIN,FOUND,0.03,3173.81,3,3,3173.81,0.0,0.0,0.0,0.0,105793.666667
1808781,IT,WF,WOOD2,GASDI,0.02,3173.591,3,3,3173.591,0.0,0.0,0.0,0.0,158679.55
1745598,IT,JP,TOBAC,ELEC2,0.01,3173.568,3,3,3173.568,0.0,0.0,0.0,0.0,317356.8
1676783,IT,FR,LANDT,REFIN,0.02,3173.41,3,3,3173.41,0.0,0.0,0.0,0.0,158670.5
1714032,IT,MT,HOTEL,MACHI,0.02,3173.409,3,3,3173.409,0.0,0.0,0.0,0.0,158670.45
1718558,IT,PL,WEARI,DIST1,0.02,3173.265,3,3,3173.265,0.0,0.0,0.0,0.0,158663.25
1688974,IT,IE,MACHI,MEATC,0.02,3173.244,3,3,3173.244,0.0,0.0,0.0,0.0,158662.2
1806866,IT,WF,RETA1,PRIVA,0.03,3173.193,3,3,3173.193,0.0,0.0,0.0,0.0,105773.1
1796468,IT,WL,RETA1,FISHF,0.03,3173.03,3,3,3173.03,0.0,0.0,0.0,0.0,105767.666667
1771441,IT,CH,BEVER,FISHF,0.01,3172.978,3,3,3172.978,0.0,0.0,0.0,0.0,317297.8
1709432,IT,LT,TEXTI,FISH5,0.02,3172.874,3,3,3172.874,0.0,0.0,0.0,0.0,158643.7
1652811,IT,CZ,PRINT,PLAST,0.03,3172.849,3,3,3172.849,0.0,0.0,0.0,0.0,105761.633333
1802034,IT,WE,WHOLE,TRANS,0.03,3172.649,3,3,3172.649,0.0,0.0,0.0,0.0,105754.966667
1670097,IT,ES,FOOD4,SUPPO,0.02,3172.45,3,3,3172.45,0.0,0.0,0.0,0.0,158622.5
1770091,IT,AU,WHOLE,LIQUE,0.03,3172.13,3,3,3172.13,0.0,0.0,0.0,0.0,105737.666667
1672196,IT,FI,AUXIL,INSUR,0.06,3171.924,3,3,3171.924,0.0,0.0,0.0,0.0,52865.4
1676514,IT,FR,RETA1,WASTE,0.03,3171.742,3,3,3171.742,0.0,0.0,0.0,0.0,105724.733333
1725509,IT,RO,LEATH,MEATP,0.02,3171.735,3,3,3171.735,0.0,0.0,0.0,0.0,158586.75
1681953,IT,HR,FOOD5,PULP5,0.02,3171.63,3,3,3171.63,0.0,0.0,0.0,0.0,158581.5
1689500,IT,IE,LANDT,MEATC,0.02,3171.605,3,3,3171.605,0.0,0.0,0.0,0.0,158580.25
1688045,IT,HU,COMPU,PLAST,0.04,3171.57,3,3,3171.57,0.0,0.0,0.0,0.0,79289.25
1798920,IT,WE,FISH5,SUGA1,0.01,3171.505,4,4,3171.503,0.0,0.0,0.0,0.002,317150.5
1733309,IT,SI,MOTO1,DIST1,0.02,3171.346,3,3,3171.346,0.0,0.0,0.0,0.0,158567.3
1731352,IT,SI,DAIRY,RENTI,0.01,3171.162,3,3,3171.162,0.0,0.0,0.0,0.0,317116.2
1672107,IT,FI,POSTT,BASIC,0.05,3171.06,3,3,3171.06,0.0,0.0,0.0,0.0,63421.2
1730877,IT,SE,FOODW,RENTI,0.02,3170.941,3,3,3170.941,0.0,0.0,0.0,0.0,158547.05
1755057,IT,KR,WEARI,RETAI,0.02,3170.565,3,3,3170.565,0.0,0.0,0.0,0.0,158528.25
1774446,IT,CH,LANDT,VEGET,0.02,3170.11,3,3,3170.11,0.0,0.0,0.0,0.0,158505.5
1784938,IT,ID,INSUR,CATTL,0.07,3170.089,3,3,3170.089,0.0,0.0,0.0,0.0,45286.985714
1651885,IT,CY,POSTT,INSUR,0.05,3170.031,3,3,3170.031,0.0,0.0,0.0,0.0,63400.62
1778289,IT,TR,SALEM,MOTOR,0.03,3169.876,3,3,3169.876,0.0,0.0,0.0,0.0,105662.533333
1757020,IT,KR,BUSIN,PULP5,0.03,3169.684,3,3,3169.684,0.0,0.0,0.0,0.0,105656.133333
1672447,IT,FI,PUBLI,COPP1,0.05,3169.652,3,3,3169.652,0.0,0.0,0.0,0.0,63393.04
1792330,IT,WA,FINAN,MOTOR,0.04,3169.502,3,3,3169.502,0.0,0.0,0.0,0.0,79237.55
1733688,IT,SI,RAILW,CEMEN,0.02,3169.394,3,3,3169.394,0.0,0.0,0.0,0.0,158469.7
1670093,IT,ES,FOOD4,COLLE,0.02,3169.381,3,3,3169.381,0.0,0.0,0.0,0.0,158469.05
1745216,IT,JP,FORES,CHEM1,0.03,3169.332,4,4,3168.332,0.0,1.0,0.0,0.0,105644.4
1797786,IT,WL,OILHA,PRINT,0.02,3169.321,3,3,3169.321,0.0,0.0,0.0,0.0,158466.05
1715054,IT,NL,TEXTI,INSUR,0.02,3169.32,3,3,3169.32,0.0,0.0,0.0,0.0,158466.0
1813195,IT,WM,MOTO1,RENTI,0.02,3169.274,3,3,3169.274,0.0,0.0,0.0,0.0,158463.7
1671028,IT,FI,RUBBE,SUGA1,0.01,3169.267,3,3,3169.267,0.0,0.0,0.0,0.0,316926.7
1722053,IT,PL,BUSIN,ANIMA,0.03,3169.257,3,3,3169.257,0.0,0.0,0.0,0.0,105641.9
1724518,IT,PT,POSTT,GASDI,0.05,3169.226,3,3,3169.226,0.0,0.0,0.0,0.0,63384.52
1649586,IT,BG,RUBBE,FOOD4,0.01,3169.156,3,3,3169.156,0.0,0.0,0.0,0.0,316915.6
1751189,IT,CN,HOTEL,COALT,0.02,3168.988,3,3,3168.988,0.0,0.0,0.0,0.0,158449.4
1648958,IT,BG,WEARI,RESEA,0.02,3168.796,3,3,3168.796,0.0,0.0,0.0,0.0,158439.8
1762139,IT,IN,LANDT,NFERT,0.02,3167.842,3,3,3167.842,0.0,0.0,0.0,0.0,158392.1
1734629,IT,SK,TEXTI,NONME,0.02,3167.581,3,3,3167.581,0.0,0.0,0.0,0.0,158379.05
1721514,IT,PL,SUPPO,BITU1,0.02,3167.505,3,3,3167.505,0.0,0.0,0.0,0.0,158375.25
1712906,IT,LV,REALE,AIRTR,0.13,3167.355,3,3,3167.355,0.0,0.0,0.0,0.0,24364.269231
1717089,IT,NL,LANDT,WASTE,0.02,3167.291,3,3,3167.291,0.0,0.0,0.0,0.0,158364.55
1793524,IT,WL,MEATC,HOTEL,0.01,3167.14,3,3,3167.14,0.0,0.0,0.0,0.0,316714.0
1791257,IT,WA,FURNI,PAPE1,0.01,3167.0,3,3,3167.0,0.0,0.0,0.0,0.0,316700.0
1735653,IT,SK,FABRI,CATTL,0.01,3166.975,3,3,3166.975,0.0,0.0,0.0,0.0,316697.5
1792165,IT,WA,SUPPO,GLASS,0.02,3166.78,3,3,3166.78,0.0,0.0,0.0,0.0,158339.0
1808232,IT,WF,FOOD1,RESEA,0.02,3166.73,3,3,3166.73,0.0,0.0,0.0,0.0,158336.5
1672325,IT,FI,RESEA,PLAST,0.02,3166.712,3,3,3166.712,0.0,0.0,0.0,0.0,158335.6
1797076,IT,WL,SUPPO,93197,0.02,3166.65,3,3,3166.65,0.0,0.0,0.0,0.0,158332.5
1807603,IT,WF,RESEA,CROPS,0.02,3166.487,3,3,3166.487,0.0,0.0,0.0,0.0,158324.35
1670131,IT,ES,INERT,LEAD1,0.02,3166.431,3,3,3166.431,0.0,0.0,0.0,0.0,158321.55
1780825,IT,TW,COMPU,PREC1,0.04,3166.111,3,3,3166.111,0.0,0.0,0.0,0.0,79152.775
1661765,IT,DK,LEATH,DIST1,0.02,3166.091,3,3,3166.091,0.0,0.0,0.0,0.0,158304.55
1727094,IT,RO,LANDT,NATUR,0.02,3165.973,3,3,3165.973,0.0,0.0,0.0,0.0,158298.65
1712861,IT,LV,REALE,FORES,0.13,3165.97,3,3,3165.97,0.0,0.0,0.0,0.0,24353.615385
1672434,IT,FI,BUSIN,INTER,0.03,3165.342,3,3,3165.342,0.0,0.0,0.0,0.0,105511.4
1659318,IT,DE,RETAI,PFERT,0.02,3165.195,3,3,3165.195,0.0,0.0,0.0,0.0,158259.75
1808824,IT,WF,WOOD2,PRIVA,0.02,3164.79,3,3,3164.79,0.0,0.0,0.0,0.0,158239.5
1755031,IT,KR,WEARI,CEMEN,0.02,3164.753,3,3,3164.753,0.0,0.0,0.0,0.0,158237.65
1668112,IT,ES,CONST,COLLE,0.02,3164.65,3,3,3164.65,0.0,0.0,0.0,0.0,158232.5
1754561,IT,CA,BUSIN,INERT,0.03,3164.563,3,3,3164.563,0.0,0.0,0.0,0.0,105485.433333
1660768,IT,DE,COMPU,RAWMI,0.04,3164.487,3,3,3164.487,0.0,0.0,0.0,0.0,79112.175
1809945,IT,WM,FISH5,SANDC,0.01,3164.363,4,4,3164.361,0.0,0.0,0.0,0.002,316436.3
1761722,IT,IN,MACHI,DAIRY,0.02,3164.268,3,3,3164.268,0.0,0.0,0.0,0.0,158213.4
1676574,IT,FR,HOTEL,PFERT,0.02,3164.262,3,3,3164.262,0.0,0.0,0.0,0.0,158213.1
1757964,IT,BR,RUBBE,CEREA,0.01,3164.138,3,3,3164.138,0.0,0.0,0.0,0.0,316413.8
1796536,IT,WL,RETA1,RETAI,0.03,3164.078,3,3,3164.078,0.0,0.0,0.0,0.0,105469.266667
1709488,IT,LT,WEARI,PETRO,0.02,3163.92,3,3,3163.92,0.0,0.0,0.0,0.0,158196.0
1787780,IT,WA,DAIRY,SALEM,0.01,3163.879,3,3,3163.879,0.0,0.0,0.0,0.0,316387.9
1808310,IT,WF,FOOD2,MEMBE,0.02,3163.851,3,3,3163.851,0.0,0.0,0.0,0.0,158192.55
1659748,IT,DE,RAILW,HEALT,0.02,3163.71,3,3,3163.71,0.0,0.0,0.0,0.0,158185.5
1778199,IT,TR,FURNI,BIODI,0.01,3163.638,3,3,3163.638,0.0,0.0,0.0,0.0,316363.8
1802237,IT,WE,RAILW,COMPU,0.02,3163.528,3,3,3163.528,0.0,0.0,0.0,0.0,158176.4
1690485,IT,IE,PAPE4,FOOD2,0.02,3163.41,3,3,3163.41,0.0,0.0,0.0,0.0,158170.5
1802661,IT,WE,RENTI,CEMEN,0.02,3163.262,3,3,3163.262,0.0,0.0,0.0,0.0,158163.1
1724590,IT,PT,FINAN,PULP5,0.04,3163.236,3,3,3163.236,0.0,0.0,0.0,0.0,79080.9
1807372,IT,WF,FINAN,ALUM1,0.04,3163.184,3,3,3163.184,0.0,0.0,0.0,0.0,79079.6
1724653,IT,PT,INSUR,BEVER,0.07,3162.707,3,3,3162.707,0.0,0.0,0.0,0.0,45181.528571
1764787,IT,MX,LANDT,PLAST,0.02,3162.547,3,3,3162.547,0.0,0.0,0.0,0.0,158127.35
1640378,IT,AT,MEATP,BUSIN,0.01,3162.487,3,3,3162.487,0.0,0.0,0.0,0.0,316248.7
1736157,IT,SK,SALEM,CONST,0.03,3162.454,3,3,3162.454,0.0,0.0,0.0,0.0,105415.133333
1661524,IT,DK,FOOD5,POSTT,0.02,3162.411,3,3,3162.411,0.0,0.0,0.0,0.0,158120.55
1654247,IT,CZ,TRANS,HOTEL,0.02,3162.367,3,3,3162.367,0.0,0.0,0.0,0.0,158118.35
1785076,IT,ZA,MEATA,RENTI,0.02,3161.973,3,3,3161.973,0.0,0.0,0.0,0.0,158098.65
1801876,IT,WE,CONST,GASDI,0.02,3161.94,3,3,3161.94,0.0,0.0,0.0,0.0,158097.0
1754968,IT,KR,TEXTI,SALEM,0.02,3161.837,3,3,3161.837,0.0,0.0,0.0,0.0,158091.85
1737231,IT,GB,PROCE,COMPU,0.02,3161.773,3,3,3161.773,0.0,0.0,0.0,0.0,158088.65
1725046,IT,RO,VEGET,HOTEL,0.01,3161.602,3,3,3161.602,0.0,0.0,0.0,0.0,316160.2
1655938,IT,DE,PROCE,93197,0.02,3161.479,3,3,3161.479,0.0,0.0,0.0,0.0,158073.95
1796258,IT,WL,CONST,LEATH,0.02,3161.426,3,3,3161.426,0.0,0.0,0.0,0.0,158071.3
1680684,IT,GR,WHOLE,CONST,0.03,3161.276,3,3,3161.276,0.0,0.0,0.0,0.0,105375.866667
1759885,IT,BR,PAPE1,BASIC,0.02,3160.976,3,3,3160.976,0.0,0.0,0.0,0.0,158048.8
1650409,IT,BG,ELEC4,HEAVY,0.05,3160.763,3,3,3160.763,0.0,0.0,0.0,0.0,63215.26
1664743,IT,EE,POSTT,COMPU,0.05,3160.65,3,3,3160.65,0.0,0.0,0.0,0.0,63213.0
1711135,IT,LU,FABRI,SANDC,0.01,3160.552,3,3,3160.552,0.0,0.0,0.0,0.0,316055.2
1670673,IT,FI,LEATH,TEXT2,0.02,3160.499,3,3,3160.499,0.0,0.0,0.0,0.0,158024.95
1783177,IT,NO,COMPU,ELEC4,0.04,3160.299,3,3,3160.299,0.0,0.0,0.0,0.0,79007.475
1803761,IT,WF,TEXTI,SUGAR,0.02,3160.122,3,3,3160.122,0.0,0.0,0.0,0.0,158006.1
1669287,IT,ES,FINAN,NUCLE,0.04,3159.894,3,3,3159.894,0.0,0.0,0.0,0.0,78997.35
1806949,IT,WF,LANDT,PLANT,0.02,3159.886,3,3,3159.886,0.0,0.0,0.0,0.0,157994.3
1745621,IT,JP,TEXTI,BEVER,0.02,3159.885,3,3,3159.885,0.0,0.0,0.0,0.0,157994.25
1649174,IT,BG,PRINT,MACHI,0.03,3159.527,3,3,3159.527,0.0,0.0,0.0,0.0,105317.566667
1714623,IT,NL,MEATC,PLAST,0.01,3159.237,3,3,3159.237,0.0,0.0,0.0,0.0,315923.7
1650489,IT,BG,ELEC5,REALE,0.04,3159.078,3,3,3159.078,0.0,0.0,0.0,0.0,78976.95
1709494,IT,LT,WEARI,DIST1,0.02,3159.013,3,3,3159.013,0.0,0.0,0.0,0.0,157950.65
1756108,IT,KR,FABRI,RAILW,0.01,3158.852,3,3,3158.852,0.0,0.0,0.0,0.0,315885.2
1689767,IT,IE,INSUR,VEGET,0.07,3158.764,3,3,3158.764,0.0,0.0,0.0,0.0,45125.2
1684634,IT,HR,FOOD4,INERT,0.02,3158.44,3,3,3158.44,0.0,0.0,0.0,0.0,157922.0
1763071,IT,MX,TEXTI,COLLE,0.02,3158.421,3,3,3158.421,0.0,0.0,0.0,0.0,157921.05
1798100,IT,WL,93197,FINAN,0.02,3158.402,3,3,3158.402,0.0,0.0,0.0,0.0,157920.1
1668095,IT,ES,CONST,CHEM1,0.02,3158.228,3,3,3158.228,0.0,0.0,0.0,0.0,157911.4
1779738,IT,TR,BUSIN,LIQUE,0.03,3158.068,3,3,3158.068,0.0,0.0,0.0,0.0,105268.933333
1733206,IT,SI,MACHI,PFERT,0.02,3157.986,3,3,3157.986,0.0,0.0,0.0,0.0,157899.3
1640858,IT,AT,LEATH,FISH5,0.02,3157.923,3,3,3157.923,0.0,0.0,0.0,0.0,157896.15
1711940,IT,LU,FOOD4,MOTO1,0.02,3157.81,3,3,3157.81,0.0,0.0,0.0,0.0,157890.5
1791184,IT,WA,FURNI,DAIRY,0.01,3157.703,3,3,3157.703,0.0,0.0,0.0,0.0,315770.3
1759971,IT,BR,PLAS1,FOOD2,0.01,3157.578,3,3,3157.578,0.0,0.0,0.0,0.0,315757.8
1771945,IT,CH,PAPER,FOUND,0.01,3157.48,3,3,3157.48,0.0,0.0,0.0,0.0,315748.0
1709429,IT,LT,TEXTI,MEATP,0.02,3157.1,3,3,3157.1,0.0,0.0,0.0,0.0,157855.0
1774736,IT,CH,SUPPO,RETAI,0.02,3157.053,3,3,3157.053,0.0,0.0,0.0,0.0,157852.65
1724918,IT,PT,BUSIN,INLAN,0.03,3156.819,3,3,3156.819,0.0,0.0,0.0,0.0,105227.3
1766125,IT,RU,RUBBE,LEAD1,0.01,3156.626,3,3,3156.626,0.0,0.0,0.0,0.0,315662.6
1655732,IT,DE,MEATC,CHEM1,0.01,3156.568,3,3,3156.568,0.0,0.0,0.0,0.0,315656.8
1731383,IT,SI,FOOD5,LIGNI,0.02,3156.195,3,3,3156.195,0.0,0.0,0.0,0.0,157809.75
1662766,IT,DK,MOTO1,TEXTI,0.02,3156.084,3,3,3156.084,0.0,0.0,0.0,0.0,157804.2
1814271,IT,WM,POSTT,COLLE,0.05,3155.904,3,3,3155.904,0.0,0.0,0.0,0.0,63118.08
1713739,IT,MT,MACHI,HEALT,0.02,3155.783,3,3,3155.783,0.0,0.0,0.0,0.0,157789.15
1767719,IT,RU,FINAN,ELEC2,0.04,3155.747,3,3,3155.747,0.0,0.0,0.0,0.0,78893.675
1769022,IT,AU,PRINT,HOTEL,0.03,3155.669,3,3,3155.669,0.0,0.0,0.0,0.0,105188.966667
1669291,IT,ES,FINAN,BIOGA,0.04,3155.57,3,3,3155.57,0.0,0.0,0.0,0.0,78889.25
1678551,IT,GR,VEGET,REALE,0.01,3155.448,3,3,3155.448,0.0,0.0,0.0,0.0,315544.8
1717318,IT,NL,FINAN,LEATH,0.04,3155.417,3,3,3155.417,0.0,0.0,0.0,0.0,78885.425
1745096,IT,US,PUBLI,PLAS1,0.05,3155.184,3,3,3155.184,0.0,0.0,0.0,0.0,63103.68
1799141,IT,WE,WEARI,ADDIT,0.02,3155.126,3,3,3155.126,0.0,0.0,0.0,0.0,157756.3
1744383,IT,US,INSUR,RETAI,0.07,3155.084,3,3,3155.084,0.0,0.0,0.0,0.0,45072.628571
1767861,IT,RU,AUXIL,HOTEL,0.06,3155.08,3,3,3155.08,0.0,0.0,0.0,0.0,52584.666667
1796427,IT,WL,WHOLE,RETAI,0.03,3154.978,3,3,3154.978,0.0,0.0,0.0,0.0,105165.933333
1715093,IT,NL,WEARI,SALEM,0.02,3154.891,3,3,3154.891,0.0,0.0,0.0,0.0,157744.55
1779553,IT,TR,COMPU,LEATH,0.04,3154.761,3,3,3154.761,0.0,0.0,0.0,0.0,78869.025
1721591,IT,PL,POSTT,PULP5,0.05,3154.67,3,3,3154.67,0.0,0.0,0.0,0.0,63093.4
1650208,IT,BG,TRANS,SALEM,0.02,3154.191,3,3,3154.191,0.0,0.0,0.0,0.0,157709.55
1754636,IT,KR,STONE,WOODW,0.01,3153.966,3,3,3153.966,0.0,0.0,0.0,0.0,315396.6
1733540,IT,SI,RETA1,CATTL,0.03,3153.941,3,3,3153.941,0.0,0.0,0.0,0.0,105131.366667
1737376,IT,GB,FISH5,HEALT,0.01,3153.862,4,4,3153.86,0.0,0.0,0.0,0.002,315386.2
1747741,IT,JP,FINAN,BUSIN,0.04,3153.843,3,3,3153.843,0.0,0.0,0.0,0.0,78846.075
1766178,IT,RU,RUBBE,WOOD1,0.01,3153.684,3,3,3153.684,0.0,0.0,0.0,0.0,315368.4
1736880,IT,SK,BUSIN,ELEC1,0.03,3153.593,3,3,3153.593,0.0,0.0,0.0,0.0,105119.766667
1750956,IT,CN,SALEM,CRUDE,0.03,3153.588,3,3,3153.588,0.0,0.0,0.0,0.0,105119.6
1654280,IT,CZ,FURNI,RESEA,0.01,3153.545,3,3,3153.545,0.0,0.0,0.0,0.0,315354.5
1716603,IT,NL,SALEM,ELEC3,0.03,3153.258,3,3,3153.258,0.0,0.0,0.0,0.0,105108.6
1724149,IT,PT,RETA1,RETAI,0.03,3153.199,3,3,3153.199,0.0,0.0,0.0,0.0,105106.633333
1678181,IT,FR,INTER,HEALT,0.02,3153.058,3,3,3153.058,0.0,0.0,0.0,0.0,157652.9
1734456,IT,SK,FORES,WHOLE,0.03,3152.988,4,4,3151.988,0.0,1.0,0.0,0.0,105099.6
1773679,IT,CH,FURNI,FOUND,0.01,3152.87,3,3,3152.87,0.0,0.0,0.0,0.0,315287.0
1745539,IT,JP,BEVER,CHEM1,0.01,3152.764,3,3,3152.764,0.0,0.0,0.0,0.0,315276.4
1644297,IT,BE,FORES,BRICK,0.03,3152.564,4,4,3151.564,0.0,1.0,0.0,0.0,105085.466667
1720790,IT,PL,FURNI,PIGS9,0.01,3152.514,3,3,3152.514,0.0,0.0,0.0,0.0,315251.4
1684541,IT,HR,BUSIN,NONME,0.03,3152.502,3,3,3152.502,0.0,0.0,0.0,0.0,105083.4
1760527,IT,IN,WEARI,RENTI,0.02,3152.44,3,3,3152.44,0.0,0.0,0.0,0.0,157622.0
1670434,IT,FI,FOOD5,SALEM,0.02,3152.344,3,3,3152.344,0.0,0.0,0.0,0.0,157617.2
1755323,IT,KR,PRINT,PAPER,0.03,3152.244,3,3,3152.244,0.0,0.0,0.0,0.0,105074.8
1787763,IT,WA,DAIRY,FORES,0.01,3152.158,3,3,3152.158,0.0,0.0,0.0,0.0,315215.8
1655569,IT,DE,STONE,INTER,0.01,3152.07,3,3,3152.07,0.0,0.0,0.0,0.0,315207.0
1767592,IT,RU,SUPPO,PAPER,0.02,3152.068,3,3,3152.068,0.0,0.0,0.0,0.0,157603.4
1783589,IT,NO,FOOD2,MOTO1,0.02,3151.995,3,3,3151.995,0.0,0.0,0.0,0.0,157599.75
1757102,IT,KR,HEALT,HEALT,0.02,3151.702,3,3,3151.702,0.0,0.0,0.0,0.0,157585.1
1729755,IT,SE,MACHI,PREC1,0.02,3151.624,3,3,3151.624,0.0,0.0,0.0,0.0,157581.2
1673110,IT,FR,FOOD5,TEXT1,0.02,3151.389,3,3,3151.389,0.0,0.0,0.0,0.0,157569.45
1774405,IT,CH,RAILW,TEXTI,0.02,3151.231,3,3,3151.231,0.0,0.0,0.0,0.0,157561.55
1689003,IT,IE,MACHI,ELEC7,0.02,3151.127,3,3,3151.127,0.0,0.0,0.0,0.0,157556.35
1716744,IT,NL,RETA1,TOBAC,0.03,3150.637,3,3,3150.637,0.0,0.0,0.0,0.0,105021.233333
1768253,IT,RU,PLAS2,COPP1,0.03,3150.476,3,3,3150.476,0.0,0.0,0.0,0.0,105015.866667
1774972,IT,CH,AUXIL,PREC1,0.06,3150.214,3,3,3150.214,0.0,0.0,0.0,0.0,52503.566667
1768453,IT,AU,DAIRY,INSUR,0.01,3150.067,3,3,3150.067,0.0,0.0,0.0,0.0,315006.7
1710362,IT,LT,HOTEL,MEAT1,0.02,3150.014,3,3,3150.014,0.0,0.0,0.0,0.0,157500.7
1680874,IT,GR,LANDT,REFIN,0.02,3149.982,3,3,3149.982,0.0,0.0,0.0,0.0,157499.1
1728322,IT,SE,FISH5,MEATC,0.01,3149.816,4,4,3149.814,0.0,0.0,0.0,0.002,314981.6
1739270,IT,GB,HOTEL,LEATH,0.02,3149.796,3,3,3149.796,0.0,0.0,0.0,0.0,157489.8
1805322,IT,WF,RUBBE,RAWMI,0.01,3149.751,3,3,3149.751,0.0,0.0,0.0,0.0,314975.1
1760546,IT,IN,LEATH,BIOGA,0.02,3149.693,3,3,3149.693,0.0,0.0,0.0,0.0,157484.65
1794129,IT,WL,PAPER,SEACO,0.01,3149.63,3,3,3149.63,0.0,0.0,0.0,0.0,314963.0
1786961,IT,ZA,POSTT,REALE,0.05,3149.594,3,3,3149.594,0.0,0.0,0.0,0.0,62991.88
1731640,IT,SI,LEATH,SUPPO,0.02,3149.531,3,3,3149.531,0.0,0.0,0.0,0.0,157476.55
1764283,IT,MX,MACHI,INLAN,0.02,3149.528,3,3,3149.528,0.0,0.0,0.0,0.0,157476.4
1667596,IT,ES,MACHI,CATTL,0.02,3149.446,3,3,3149.446,0.0,0.0,0.0,0.0,157472.3
1734319,IT,SI,BUSIN,ELEC4,0.03,3149.132,3,3,3149.132,0.0,0.0,0.0,0.0,104971.066667
1787149,IT,ZA,PUBLI,MOTOR,0.05,3149.115,3,3,3149.115,0.0,0.0,0.0,0.0,62982.3
1684967,IT,HU,MEAT4,CONST,0.02,3149.101,3,3,3149.101,0.0,0.0,0.0,0.0,157455.05
1761887,IT,IN,TRANS,REALE,0.02,3148.905,3,3,3148.905,0.0,0.0,0.0,0.0,157445.25
1651183,IT,BG,BUSIN,NONME,0.03,3148.868,3,3,3148.868,0.0,0.0,0.0,0.0,104962.266667
1655412,IT,DE,MEATA,HOTEL,0.02,3148.858,3,3,3148.858,0.0,0.0,0.0,0.0,157442.9
1729989,IT,SE,SALEM,BEVER,0.03,3148.605,3,3,3148.605,0.0,0.0,0.0,0.0,104953.5
1730384,IT,SE,POSTT,CROPS,0.05,3148.599,3,3,3148.599,0.0,0.0,0.0,0.0,62971.98
1689106,IT,IE,SALEM,PIGS9,0.03,3148.579,3,3,3148.579,0.0,0.0,0.0,0.0,104952.633333
1669193,IT,ES,POSTT,ELEC9,0.05,3148.547,3,3,3148.547,0.0,0.0,0.0,0.0,62970.94
1783048,IT,NO,INSUR,PULP5,0.06,3148.522,3,3,3148.522,0.0,0.0,0.0,0.0,52475.366667
1661470,IT,DK,PROCE,BEVER,0.02,3148.446,3,3,3148.446,0.0,0.0,0.0,0.0,157422.3
1680854,IT,GR,LANDT,MEAT1,0.02,3148.335,3,3,3148.335,0.0,0.0,0.0,0.0,157416.75
1683064,IT,HR,RUBBE,FORES,0.01,3148.288,3,3,3148.288,0.0,0.0,0.0,0.0,314828.8
1654981,IT,CZ,INSUR,RENTI,0.06,3148.286,3,3,3148.286,0.0,0.0,0.0,0.0,52471.433333
1777768,IT,TR,FABRI,BITUM,0.01,3148.204,3,3,3148.204,0.0,0.0,0.0,0.0,314820.4
1814847,IT,WM,MEMBE,INSUR,0.04,3148.196,3,3,3148.196,0.0,0.0,0.0,0.0,78704.9
1687077,IT,HU,MOTO1,DIST1,0.02,3147.882,3,3,3147.882,0.0,0.0,0.0,0.0,157394.1
1713955,IT,MT,SALEM,SUPPO,0.03,3147.755,3,3,3147.755,0.0,0.0,0.0,0.0,104925.166667
1730146,IT,SE,LANDT,IRONO,0.02,3147.265,3,3,3147.265,0.0,0.0,0.0,0.0,157363.25
1658869,IT,DE,TRANS,ALUM1,0.02,3147.259,3,3,3147.259,0.0,0.0,0.0,0.0,157362.95
1726422,IT,RO,FABRI,FISH5,0.01,3147.086,3,3,3147.086,0.0,0.0,0.0,0.0,314708.6
1760253,IT,BR,WOOD2,SUPPO,0.02,3146.946,3,3,3146.946,0.0,0.0,0.0,0.0,157347.3
1773268,IT,CH,FABRI,OILHA,0.01,3146.874,3,3,3146.874,0.0,0.0,0.0,0.0,314687.4
1654866,IT,CZ,POSTT,DIST1,0.05,3146.826,3,3,3146.826,0.0,0.0,0.0,0.0,62936.52
1675370,IT,FR,MACHI,REFI1,0.02,3146.531,3,3,3146.531,0.0,0.0,0.0,0.0,157326.55
1673027,IT,FR,FOOD5,WOOLS,0.02,3146.45,3,3,3146.45,0.0,0.0,0.0,0.0,157322.5
1801977,IT,WE,WHOLE,WHEAT,0.03,3146.437,3,3,3146.437,0.0,0.0,0.0,0.0,104881.233333
1686095,IT,HU,RUBBE,PREC1,0.01,3146.241,3,3,3146.241,0.0,0.0,0.0,0.0,314624.1
1659361,IT,DE,RETAI,INTER,0.02,3146.016,3,3,3146.016,0.0,0.0,0.0,0.0,157300.8
1678458,IT,FR,RECRE,NUCLE,0.04,3145.849,3,3,3145.849,0.0,0.0,0.0,0.0,78646.225
1784503,IT,ID,FABRI,CHEM1,0.01,3145.732,3,3,3145.732,0.0,0.0,0.0,0.0,314573.2
1793708,IT,WL,FOOD5,FURNI,0.02,3145.426,3,3,3145.426,0.0,0.0,0.0,0.0,157271.3
1643808,IT,AT,FINAN,TEXTI,0.04,3145.343,3,3,3145.343,0.0,0.0,0.0,0.0,78633.575
1717332,IT,NL,FINAN,BASIC,0.04,3144.989,3,3,3144.989,0.0,0.0,0.0,0.0,78624.725
1770413,IT,AU,LANDT,93197,0.02,3144.503,3,3,3144.503,0.0,0.0,0.0,0.0,157225.15
1758433,IT,BR,FABRI,RAILW,0.01,3144.403,3,3,3144.403,0.0,0.0,0.0,0.0,314440.3
1663343,IT,DK,SUPPO,NUCLE,0.02,3144.238,3,3,3144.238,0.0,0.0,0.0,0.0,157211.9
1679941,IT,GR,FABRI,REFIN,0.01,3143.795,3,3,3143.795,0.0,0.0,0.0,0.0,314379.5
1678068,IT,FR,FOODW,DAIRY,0.02,3143.622,3,3,3143.622,0.0,0.0,0.0,0.0,157181.1
1664390,IT,EE,MACHI,SUGA1,0.02,3143.622,3,3,3143.622,0.0,0.0,0.0,0.0,157181.1
1680812,IT,GR,RAILW,BITU1,0.02,3143.592,3,3,3143.592,0.0,0.0,0.0,0.0,157179.6
1756528,IT,KR,WHOLE,RAILW,0.03,3143.575,3,3,3143.575,0.0,0.0,0.0,0.0,104785.833333
1731228,IT,SI,MEATC,MOTO1,0.01,3143.561,3,3,3143.561,0.0,0.0,0.0,0.0,314356.1
1742144,IT,US,RUBBE,OILHA,0.01,3143.43,3,3,3143.43,0.0,0.0,0.0,0.0,314343.0
1742746,IT,US,FABRI,NAPHT,0.01,3143.403,3,3,3143.403,0.0,0.0,0.0,0.0,314340.3
1752283,IT,CA,STONE,WHOLE,0.01,3143.243,3,3,3143.243,0.0,0.0,0.0,0.0,314324.3
1758784,IT,BR,RETA1,BIODI,0.03,3143.032,3,3,3143.032,0.0,0.0,0.0,0.0,104767.733333
1808134,IT,WF,WOOD1,COMPU,0.02,3142.928,3,3,3142.928,0.0,0.0,0.0,0.0,157146.4
1660940,IT,DE,BUSIN,REFIN,0.03,3142.621,3,3,3142.621,0.0,0.0,0.0,0.0,104754.033333
1730898,IT,SE,PLAS1,WOODW,0.01,3142.529,3,3,3142.529,0.0,0.0,0.0,0.0,314252.9
1782763,IT,NO,HOTEL,VEGE1,0.02,3142.227,3,3,3142.227,0.0,0.0,0.0,0.0,157111.35
1647032,IT,BE,RETA1,SUPPO,0.03,3142.219,3,3,3142.219,0.0,0.0,0.0,0.0,104740.633333
1654505,IT,CZ,HOTEL,NAPHT,0.02,3142.097,3,3,3142.097,0.0,0.0,0.0,0.0,157104.85
1718080,IT,PL,MEAT4,MEAT4,0.02,3141.936,3,3,3141.936,0.0,0.0,0.0,0.0,157096.8
1799530,IT,WE,PRINT,TOBAC,0.03,3141.93,3,3,3141.93,0.0,0.0,0.0,0.0,104731.0
1808460,IT,WF,FOOD4,PLAST,0.02,3141.902,3,3,3141.902,0.0,0.0,0.0,0.0,157095.1
1793151,IT,WA,93197,NATUR,0.02,3141.728,3,3,3141.728,0.0,0.0,0.0,0.0,157086.4
1783209,IT,NO,BUSIN,PRINT,0.03,3141.563,3,3,3141.563,0.0,0.0,0.0,0.0,104718.766667
1730747,IT,SE,BUSIN,SANDC,0.03,3141.217,3,3,3141.217,0.0,0.0,0.0,0.0,104707.233333
1673299,IT,FR,TEXTI,CHEMI,0.02,3141.193,3,3,3141.193,0.0,0.0,0.0,0.0,157059.65
1761255,IT,IN,RUBBE,REFIN,0.01,3141.12,3,3,3141.12,0.0,0.0,0.0,0.0,314112.0
1687986,IT,HU,RENTI,ELEC2,0.02,3141.105,3,3,3141.105,0.0,0.0,0.0,0.0,157055.25
1712074,IT,LV,BEVER,FABRI,0.01,3140.86,3,3,3140.86,0.0,0.0,0.0,0.0,314086.0
1722095,IT,PL,BUSIN,WHITE,0.03,3140.757,3,3,3140.757,0.0,0.0,0.0,0.0,104691.9
1727053,IT,RO,RAILW,TRANS,0.02,3140.381,3,3,3140.381,0.0,0.0,0.0,0.0,157019.05
1663857,IT,EE,TEXTI,SEACO,0.02,3140.36,3,3,3140.36,0.0,0.0,0.0,0.0,157018.0
1753522,IT,CA,MACHI,STONE,0.02,3140.255,3,3,3140.255,0.0,0.0,0.0,0.0,157012.75
1813838,IT,WM,LANDT,CROPS,0.02,3140.175,3,3,3140.175,0.0,0.0,0.0,0.0,157008.75
1814538,IT,WM,BUSIN,CROPS,0.03,3140.007,3,3,3140.007,0.0,0.0,0.0,0.0,104666.9
1740563,IT,US,VEGET,RECRE,0.01,3139.768,3,3,3139.768,0.0,0.0,0.0,0.0,313976.8
1783982,IT,ID,FOOD5,CROPS,0.02,3139.275,3,3,3139.275,0.0,0.0,0.0,0.0,156963.75
1669462,IT,ES,INSUR,INERT,0.06,3138.676,3,3,3138.676,0.0,0.0,0.0,0.0,52311.266667
1776293,IT,TR,PAPER,PULP5,0.01,3138.647,3,3,3138.647,0.0,0.0,0.0,0.0,313864.7
1809292,IT,WM,STONE,LEADZ,0.01,3138.474,3,3,3138.474,0.0,0.0,0.0,0.0,313847.4
1647992,IT,BE,COMPU,RAWMI,0.04,3138.337,3,3,3138.337,0.0,0.0,0.0,0.0,78458.425
1737487,IT,GB,LEATH,SEWAG,0.02,3138.287,3,3,3138.287,0.0,0.0,0.0,0.0,156914.35
1650596,IT,BG,ELEC8,FABRI,0.04,3138.131,3,3,3138.131,0.0,0.0,0.0,0.0,78453.275
1669688,IT,ES,COMPU,ELEC5,0.04,3138.043,3,3,3138.043,0.0,0.0,0.0,0.0,78451.075
1720791,IT,PL,FURNI,MEATA,0.01,3138.038,3,3,3138.038,0.0,0.0,0.0,0.0,313803.8
1746091,IT,JP,PRINT,COLLE,0.03,3138.012,3,3,3138.012,0.0,0.0,0.0,0.0,104600.4
1727215,IT,RO,SUPPO,MEAT1,0.02,3137.922,3,3,3137.922,0.0,0.0,0.0,0.0,156896.1
1711459,IT,LU,LANDT,HOTEL,0.02,3137.609,3,3,3137.609,0.0,0.0,0.0,0.0,156880.45
1802235,IT,WE,RAILW,AUXIL,0.02,3137.581,3,3,3137.581,0.0,0.0,0.0,0.0,156879.05
1724310,IT,PT,LANDT,INSUR,0.02,3137.373,3,3,3137.373,0.0,0.0,0.0,0.0,156868.65
1726712,IT,RO,FURNI,CHEM1,0.01,3137.252,3,3,3137.252,0.0,0.0,0.0,0.0,313725.2
1776370,IT,TR,PRINT,WOODW,0.03,3137.038,3,3,3137.038,0.0,0.0,0.0,0.0,104567.933333
1731544,IT,SI,TEXTI,MEAT1,0.02,3136.477,3,3,3136.477,0.0,0.0,0.0,0.0,156823.85
1676528,IT,FR,HOTEL,PLANT,0.02,3136.278,3,3,3136.278,0.0,0.0,0.0,0.0,156813.9
1792912,IT,WA,HEALT,CEMEN,0.02,3135.832,3,3,3135.832,0.0,0.0,0.0,0.0,156791.6
1689397,IT,IE,HOTEL,VEGET,0.02,3135.808,3,3,3135.808,0.0,0.0,0.0,0.0,156790.4
1792980,IT,WA,OILHA,SEACO,0.02,3135.742,3,3,3135.742,0.0,0.0,0.0,0.0,156787.1
1716966,IT,NL,RAILW,RESEA,0.02,3135.724,3,3,3135.724,0.0,0.0,0.0,0.0,156786.2
1762482,IT,IN,FINAN,RENTI,0.04,3135.675,3,3,3135.675,0.0,0.0,0.0,0.0,78391.875
1807495,IT,WF,RENTI,FORES,0.02,3135.077,3,3,3135.077,0.0,0.0,0.0,0.0,156753.85
1802500,IT,WE,POSTT,LEATH,0.05,3135.058,3,3,3135.058,0.0,0.0,0.0,0.0,62701.16
1661728,IT,DK,LEATH,PIGS9,0.02,3134.812,3,3,3134.812,0.0,0.0,0.0,0.0,156740.6
1689371,IT,IE,RETA1,TRAN2,0.03,3134.702,3,3,3134.702,0.0,0.0,0.0,0.0,104490.066667
1680625,IT,GR,SALEM,WHOLE,0.03,3134.65,3,3,3134.65,0.0,0.0,0.0,0.0,104488.333333
1782448,IT,NO,MACHI,CERAM,0.02,3134.647,3,3,3134.647,0.0,0.0,0.0,0.0,156732.35
1733565,IT,SI,RETA1,ELEC4,0.03,3134.581,3,3,3134.581,0.0,0.0,0.0,0.0,104486.033333
1749240,IT,CN,PAPER,PARAF,0.01,3134.447,3,3,3134.447,0.0,0.0,0.0,0.0,313444.7
1649172,IT,BG,PRINT,COPP1,0.03,3134.169,3,3,3134.169,0.0,0.0,0.0,0.0,104472.3
1673470,IT,FR,WEARI,TEXT1,0.02,3133.59,3,3,3133.59,0.0,0.0,0.0,0.0,156679.5
1745109,IT,US,PUBLI,WOOD2,0.05,3133.52,3,3,3133.52,0.0,0.0,0.0,0.0,62670.4
1770377,IT,AU,LANDT,PLAST,0.02,3133.273,3,3,3133.273,0.0,0.0,0.0,0.0,156663.65
1740597,IT,US,FORES,GASDI,0.03,3132.989,4,4,3131.989,0.0,1.0,0.0,0.0,104432.966667
1671785,IT,FI,WHOLE,FOOD5,0.03,3132.966,3,3,3132.966,0.0,0.0,0.0,0.0,104432.2
1663732,IT,EE,DAIRY,RETA1,0.01,3132.921,3,3,3132.921,0.0,0.0,0.0,0.0,313292.1
1715787,IT,NL,RUBBE,WHEAT,0.01,3132.639,3,3,3132.639,0.0,0.0,0.0,0.0,313263.9
1723887,IT,PT,FURNI,NAPHT,0.01,3132.638,3,3,3132.638,0.0,0.0,0.0,0.0,313263.8
1676423,IT,FR,WHOLE,PLAS2,0.03,3132.528,3,3,3132.528,0.0,0.0,0.0,0.0,104417.6
1731611,IT,SI,WEARI,SUPPO,0.02,3132.323,3,3,3132.323,0.0,0.0,0.0,0.0,156616.15
1764585,IT,MX,WHOLE,FABRI,0.03,3132.208,3,3,3132.208,0.0,0.0,0.0,0.0,104406.933333
1773923,IT,CH,SALEM,VEGE1,0.03,3132.167,3,3,3132.167,0.0,0.0,0.0,0.0,104405.566667
1727457,IT,RO,AUXIL,HYDRO,0.06,3131.83,3,3,3131.83,0.0,0.0,0.0,0.0,52197.166667
1721146,IT,PL,RAILW,PREC1,0.02,3131.627,3,3,3131.627,0.0,0.0,0.0,0.0,156581.35
1711810,IT,LU,PUBLI,EDUCA,0.05,3131.418,3,3,3131.418,0.0,0.0,0.0,0.0,62628.36
1671476,IT,FI,MACHI,FORES,0.02,3131.362,3,3,3131.362,0.0,0.0,0.0,0.0,156568.1
1723604,IT,PT,FABRI,RADIO,0.01,3130.916,3,3,3130.916,0.0,0.0,0.0,0.0,313091.6
1747416,IT,JP,LANDT,TEXTI,0.02,3130.874,3,3,3130.874,0.0,0.0,0.0,0.0,156543.7
1801953,IT,WE,SALEM,AUXIL,0.03,3130.773,3,3,3130.773,0.0,0.0,0.0,0.0,104359.1
1803904,IT,WF,WEARI,PAPER,0.02,3130.687,3,3,3130.687,0.0,0.0,0.0,0.0,156534.35
1643955,IT,AT,COMPU,COPP1,0.04,3130.455,3,3,3130.455,0.0,0.0,0.0,0.0,78261.375
1763143,IT,MX,LEATH,VEGE1,0.02,3130.412,3,3,3130.412,0.0,0.0,0.0,0.0,156520.6
1747636,IT,JP,SUPPO,RADIO,0.02,3130.222,3,3,3130.222,0.0,0.0,0.0,0.0,156511.1
1796523,IT,WL,RETA1,ELECT,0.03,3130.156,3,3,3130.156,0.0,0.0,0.0,0.0,104338.533333
1801479,IT,WE,MOTO1,CHARC,0.02,3130.142,3,3,3130.142,0.0,0.0,0.0,0.0,156507.1
1757141,IT,BR,STONE,POULT,0.01,3130.046,3,3,3130.046,0.0,0.0,0.0,0.0,313004.6
1797773,IT,WL,WOOD1,REALE,0.02,3129.995,3,3,3129.995,0.0,0.0,0.0,0.0,156499.75
1799244,IT,WE,LEATH,MOTOR,0.02,3129.944,3,3,3129.944,0.0,0.0,0.0,0.0,156497.2
1814636,IT,WM,FOODW,HEALT,0.02,3129.632,3,3,3129.632,0.0,0.0,0.0,0.0,156481.6
1740492,IT,GB,INERT,WHOLE,0.02,3129.593,3,3,3129.593,0.0,0.0,0.0,0.0,156479.65
1740103,IT,GB,COMPU,PULP5,0.04,3129.489,3,3,3129.489,0.0,0.0,0.0,0.0,78237.225
1762330,IT,IN,SUPPO,PRINT,0.02,3129.453,3,3,3129.453,0.0,0.0,0.0,0.0,156472.65
1731257,IT,SI,MEATP,DIST1,0.01,3129.376,3,3,3129.376,0.0,0.0,0.0,0.0,312937.6
1779957,IT,TW,CONST,FINAN,0.02,3129.334,3,3,3129.334,0.0,0.0,0.0,0.0,156466.7
1770562,IT,AU,SUPPO,RENTI,0.02,3129.323,3,3,3129.323,0.0,0.0,0.0,0.0,156466.15
1779076,IT,TR,SUPPO,TEXTI,0.02,3129.259,3,3,3129.259,0.0,0.0,0.0,0.0,156462.95
1688141,IT,HU,BUSIN,BRICK,0.03,3129.111,3,3,3129.111,0.0,0.0,0.0,0.0,104303.7
1680196,IT,GR,TRANS,NICKE,0.02,3129.024,3,3,3129.024,0.0,0.0,0.0,0.0,156451.2
1665564,IT,ES,LEATH,RADIO,0.02,3128.902,3,3,3128.902,0.0,0.0,0.0,0.0,156445.1
1681419,IT,GR,RENTI,BASIC,0.02,3128.871,3,3,3128.871,0.0,0.0,0.0,0.0,156443.55
1778753,IT,TR,LANDT,BITUM,0.02,3128.804,3,3,3128.804,0.0,0.0,0.0,0.0,156440.2
1788638,IT,WA,PRINT,MOTO1,0.03,3128.733,3,3,3128.733,0.0,0.0,0.0,0.0,104291.1
1777179,IT,TR,RUBBE,PADDY,0.01,3128.678,3,3,3128.678,0.0,0.0,0.0,0.0,312867.8
1722247,IT,PL,FOOD4,NFERT,0.02,3128.39,3,3,3128.39,0.0,0.0,0.0,0.0,156419.5
1659400,IT,DE,WHOLE,PAPER,0.03,3128.326,3,3,3128.326,0.0,0.0,0.0,0.0,104277.533333
1808792,IT,WF,WOOD2,OFFIC,0.02,3128.235,3,3,3128.235,0.0,0.0,0.0,0.0,156411.75
1787099,IT,ZA,BUSIN,ELECT,0.03,3128.226,3,3,3128.226,0.0,0.0,0.0,0.0,104274.2
1715339,IT,NL,PRINT,MEATC,0.03,3128.133,3,3,3128.133,0.0,0.0,0.0,0.0,104271.1
1717187,IT,NL,SUPPO,RAWMI,0.02,3128.033,3,3,3128.033,0.0,0.0,0.0,0.0,156401.65
1778378,IT,TR,RETAI,WHOLE,0.02,3127.918,3,3,3127.918,0.0,0.0,0.0,0.0,156395.9
1803625,IT,WF,FOOD5,WOODW,0.02,3127.656,3,3,3127.656,0.0,0.0,0.0,0.0,156382.8
1649130,IT,BG,PAPER,TRAN2,0.01,3127.262,3,3,3127.262,0.0,0.0,0.0,0.0,312726.2
1814704,IT,WM,INTER,DISTR,0.02,3127.193,3,3,3127.193,0.0,0.0,0.0,0.0,156359.65
1688398,IT,IE,FOOD5,PUBLI,0.02,3127.18,3,3,3127.18,0.0,0.0,0.0,0.0,156359.0
1754454,IT,CA,BUSIN,VEGET,0.03,3127.12,3,3,3127.12,0.0,0.0,0.0,0.0,104237.333333
1672191,IT,FI,AUXIL,RETA1,0.06,3126.804,3,3,3126.804,0.0,0.0,0.0,0.0,52113.4
1775622,IT,CH,93197,SANDC,0.02,3126.77,3,3,3126.77,0.0,0.0,0.0,0.0,156338.5
1731272,IT,SI,MEATP,RECRE,0.01,3126.762,3,3,3126.762,0.0,0.0,0.0,0.0,312676.2
1685290,IT,HU,TEXTI,FOOD2,0.02,3126.612,3,3,3126.612,0.0,0.0,0.0,0.0,156330.6
1668437,IT,ES,RETA1,LANDT,0.03,3126.553,3,3,3126.553,0.0,0.0,0.0,0.0,104218.433333
1792670,IT,WA,RESEA,ELEC2,0.02,3126.488,3,3,3126.488,0.0,0.0,0.0,0.0,156324.4
1772013,IT,CH,PRINT,MEAT4,0.03,3126.445,3,3,3126.445,0.0,0.0,0.0,0.0,104214.833333
1663710,IT,EE,MEATC,FOOD5,0.01,3126.235,3,3,3126.235,0.0,0.0,0.0,0.0,312623.5
1713948,IT,MT,SALEM,MOTO1,0.03,3125.994,3,3,3125.994,0.0,0.0,0.0,0.0,104199.8
1808703,IT,WF,TEXT2,CROPS,0.02,3125.913,3,3,3125.913,0.0,0.0,0.0,0.0,156295.65
1721181,IT,PL,RAILW,FOOD4,0.02,3125.678,3,3,3125.678,0.0,0.0,0.0,0.0,156283.9
1741058,IT,US,TEXTI,COPP1,0.02,3125.554,3,3,3125.554,0.0,0.0,0.0,0.0,156277.7
1712689,IT,LV,HOTEL,TEXTI,0.02,3125.552,3,3,3125.552,0.0,0.0,0.0,0.0,156277.6
1759449,IT,BR,AUXIL,CRUDE,0.06,3125.219,3,3,3125.219,0.0,0.0,0.0,0.0,52086.983333
1778610,IT,TR,HOTEL,CHEMI,0.02,3124.606,3,3,3124.606,0.0,0.0,0.0,0.0,156230.3
1774868,IT,CH,FINAN,SUPPO,0.04,3124.483,3,3,3124.483,0.0,0.0,0.0,0.0,78112.075
1717856,IT,PL,VEGET,PRINT,0.01,3124.171,3,3,3124.171,0.0,0.0,0.0,0.0,312417.1
1711283,IT,LU,CONST,EDUCA,0.02,3124.115,3,3,3124.115,0.0,0.0,0.0,0.0,156205.75
1762904,IT,MX,STONE,RECRE,0.01,3124.005,3,3,3124.005,0.0,0.0,0.0,0.0,312400.5
1763123,IT,MX,WEARI,REALE,0.02,3123.982,3,3,3123.982,0.0,0.0,0.0,0.0,156199.1
1646848,IT,BE,RETAI,DISTR,0.02,3123.85,3,3,3123.85,0.0,0.0,0.0,0.0,156192.5
1642732,IT,AT,MACHI,PFERT,0.02,3123.772,3,3,3123.772,0.0,0.0,0.0,0.0,156188.6
1677342,IT,FR,FINAN,FOOD4,0.04,3123.723,3,3,3123.723,0.0,0.0,0.0,0.0,78093.075
1775500,IT,CH,OILHA,BUSIN,0.02,3123.589,3,3,3123.589,0.0,0.0,0.0,0.0,156179.45
1770105,IT,AU,WHOLE,MEDIC,0.03,3122.96,3,3,3122.96,0.0,0.0,0.0,0.0,104098.666667
1678987,IT,GR,LEATH,BEVER,0.02,3122.88,3,3,3122.88,0.0,0.0,0.0,0.0,156144.0
1802112,IT,WE,RETA1,MOTO1,0.03,3122.852,3,3,3122.852,0.0,0.0,0.0,0.0,104095.066667
1711798,IT,LU,PUBLI,AIRTR,0.05,3122.708,3,3,3122.708,0.0,0.0,0.0,0.0,62454.16
1792961,IT,WA,PLAS1,HOTEL,0.01,3122.638,3,3,3122.638,0.0,0.0,0.0,0.0,312263.8
1717745,IT,NL,PUBLI,CONST,0.05,3122.558,3,3,3122.558,0.0,0.0,0.0,0.0,62451.16
1782432,IT,NO,MACHI,MEAT4,0.02,3122.381,3,3,3122.381,0.0,0.0,0.0,0.0,156119.05
1740215,IT,GB,BUSIN,NFERT,0.03,3122.323,3,3,3122.323,0.0,0.0,0.0,0.0,104077.433333
1736268,IT,SK,HOTEL,PULP5,0.02,3122.164,3,3,3122.164,0.0,0.0,0.0,0.0,156108.2
1766177,IT,RU,RUBBE,TEXT1,0.01,3121.993,3,3,3121.993,0.0,0.0,0.0,0.0,312199.3
1763627,IT,MX,RUBBE,CEREA,0.01,3121.941,3,3,3121.941,0.0,0.0,0.0,0.0,312194.1
1774502,IT,CH,LANDT,COLLE,0.02,3121.933,3,3,3121.933,0.0,0.0,0.0,0.0,156096.65
1717599,IT,NL,COMPU,FOOD2,0.04,3121.787,3,3,3121.787,0.0,0.0,0.0,0.0,78044.675
1712318,IT,LV,RUBBE,LEATH,0.01,3121.678,3,3,3121.678,0.0,0.0,0.0,0.0,312167.8
1682209,IT,HR,WEARI,STEAM,0.02,3121.563,3,3,3121.563,0.0,0.0,0.0,0.0,156078.15
1813282,IT,WM,TRANS,ELEC1,0.02,3121.498,3,3,3121.498,0.0,0.0,0.0,0.0,156074.9
1788013,IT,WA,TEXTI,KERO1,0.02,3121.47,3,3,3121.47,0.0,0.0,0.0,0.0,156073.5
1791825,IT,WA,LANDT,CHEM1,0.02,3121.458,3,3,3121.458,0.0,0.0,0.0,0.0,156072.9
1785216,IT,ZA,BEVER,POSTT,0.01,3121.25,3,3,3121.25,0.0,0.0,0.0,0.0,312125.0
1814648,IT,WM,PAPE1,LANDT,0.02,3121.154,3,3,3121.154,0.0,0.0,0.0,0.0,156057.7
1762072,IT,IN,RETA1,CEMEN,0.03,3121.135,3,3,3121.135,0.0,0.0,0.0,0.0,104037.833333
1654948,IT,CZ,INSUR,FOUND,0.06,3121.125,3,3,3121.125,0.0,0.0,0.0,0.0,52018.75
1748252,IT,JP,OILHA,LANDT,0.02,3121.101,3,3,3121.101,0.0,0.0,0.0,0.0,156055.05
1643800,IT,AT,FINAN,POULT,0.04,3120.993,3,3,3120.993,0.0,0.0,0.0,0.0,78024.825
1660721,IT,DE,RENTI,ELEC8,0.02,3120.822,3,3,3120.822,0.0,0.0,0.0,0.0,156041.1
1784364,IT,ID,RUBBE,SEACO,0.01,3120.758,3,3,3120.758,0.0,0.0,0.0,0.0,312075.8
1672170,IT,FI,AUXIL,RAWMI,0.06,3120.603,3,3,3120.603,0.0,0.0,0.0,0.0,52010.05
1757207,IT,BR,MEAT4,MEMBE,0.02,3120.508,3,3,3120.508,0.0,0.0,0.0,0.0,156025.4
1754910,IT,KR,TEXTI,CROPS,0.02,3120.422,3,3,3120.422,0.0,0.0,0.0,0.0,156021.1
1788603,IT,WA,PAPER,FOODW,0.01,3120.362,3,3,3120.362,0.0,0.0,0.0,0.0,312036.2
1793001,IT,WA,FOOD2,INSUR,0.02,3120.109,3,3,3120.109,0.0,0.0,0.0,0.0,156005.45
1783981,IT,ID,DAIRY,93197,0.01,3120.01,3,3,3120.01,0.0,0.0,0.0,0.0,312001.0
1747920,IT,JP,COMPU,SEACO,0.04,3120.003,3,3,3120.003,0.0,0.0,0.0,0.0,78000.075
1721183,IT,PL,RAILW,INERT,0.02,3119.844,3,3,3119.844,0.0,0.0,0.0,0.0,155992.2
1786767,IT,ZA,HOTEL,MEAT1,0.02,3119.192,3,3,3119.192,0.0,0.0,0.0,0.0,155959.6
1752006,IT,CN,RESEA,OFFIC,0.02,3118.961,3,3,3118.961,0.0,0.0,0.0,0.0,155948.05
1667966,IT,ES,TRANS,GLASS,0.02,3118.911,3,3,3118.911,0.0,0.0,0.0,0.0,155945.55
1763634,IT,MX,RUBBE,ANIMA,0.01,3118.79,3,3,3118.79,0.0,0.0,0.0,0.0,311879.0
1710375,IT,LT,HOTEL,PETRO,0.02,3118.666,3,3,3118.666,0.0,0.0,0.0,0.0,155933.3
1814332,IT,WM,FINAN,ALUM1,0.04,3118.56,3,3,3118.56,0.0,0.0,0.0,0.0,77964.0
1762169,IT,IN,LANDT,BLAST,0.02,3118.552,3,3,3118.552,0.0,0.0,0.0,0.0,155927.6
1713952,IT,MT,SALEM,RETA1,0.03,3118.107,3,3,3118.107,0.0,0.0,0.0,0.0,103936.9
1792131,IT,WA,SUPPO,CROPS,0.02,3118.085,3,3,3118.085,0.0,0.0,0.0,0.0,155904.25
1770074,IT,AU,WHOLE,CRUDE,0.03,3117.848,3,3,3117.848,0.0,0.0,0.0,0.0,103928.266667
1671710,IT,FI,SALEM,LIQUI,0.03,3117.753,3,3,3117.753,0.0,0.0,0.0,0.0,103925.1
1722673,IT,PT,WEARI,PUBLI,0.02,3117.502,3,3,3117.502,0.0,0.0,0.0,0.0,155875.1
1675539,IT,FR,MOTO1,PLANT,0.02,3117.448,3,3,3117.448,0.0,0.0,0.0,0.0,155872.4
1745452,IT,JP,DAIRY,PAPE1,0.01,3117.435,3,3,3117.435,0.0,0.0,0.0,0.0,311743.5
1677027,IT,FR,SUPPO,MEAT4,0.02,3117.414,3,3,3117.414,0.0,0.0,0.0,0.0,155870.7
1711944,IT,LU,PAPE4,RUBBE,0.02,3117.297,3,3,3117.297,0.0,0.0,0.0,0.0,155864.85
1687059,IT,HU,MOTO1,CHEM1,0.02,3117.25,3,3,3117.25,0.0,0.0,0.0,0.0,155862.5
1672485,IT,FI,INERT,CONST,0.02,3117.222,3,3,3117.222,0.0,0.0,0.0,0.0,155861.1
1654896,IT,CZ,FINAN,TRAN1,0.04,3117.215,3,3,3117.215,0.0,0.0,0.0,0.0,77930.375
1681452,IT,GR,COMPU,TEXTI,0.04,3117.041,3,3,3117.041,0.0,0.0,0.0,0.0,77926.025
1743555,IT,US,HOTEL,SUBBI,0.02,3117.007,3,3,3117.007,0.0,0.0,0.0,0.0,155850.35
1758731,IT,BR,WHOLE,FOOD5,0.03,3116.782,3,3,3116.782,0.0,0.0,0.0,0.0,103892.733333
1803450,IT,WF,MEAT1,WHOLE,0.01,3116.689,3,3,3116.689,0.0,0.0,0.0,0.0,311668.9
1744108,IT,US,SUPPO,CERAM,0.02,3116.595,3,3,3116.595,0.0,0.0,0.0,0.0,155829.75
1646326,IT,BE,FABRI,PIGS9,0.01,3116.332,3,3,3116.332,0.0,0.0,0.0,0.0,311633.2
1779829,IT,TR,PUBLI,WEARI,0.05,3116.029,3,3,3116.029,0.0,0.0,0.0,0.0,62320.58
1717090,IT,NL,LANDT,INERT,0.02,3115.994,3,3,3115.994,0.0,0.0,0.0,0.0,155799.7
1763284,IT,MX,PAPER,COKEO,0.01,3115.816,3,3,3115.816,0.0,0.0,0.0,0.0,311581.6
1768711,IT,AU,WEARI,VEGET,0.02,3115.725,3,3,3115.725,0.0,0.0,0.0,0.0,155786.25
1775477,IT,CH,PLAS1,INSUR,0.01,3115.658,3,3,3115.658,0.0,0.0,0.0,0.0,311565.8
1793745,IT,WL,BEVER,CEMEN,0.01,3115.629,3,3,3115.629,0.0,0.0,0.0,0.0,311562.9
1810565,IT,WM,PAPER,INLAN,0.01,3115.421,3,3,3115.421,0.0,0.0,0.0,0.0,311542.1
1649149,IT,BG,PAPER,93197,0.01,3115.406,3,3,3115.406,0.0,0.0,0.0,0.0,311540.6
1772529,IT,CH,RUBBE,NUCLE,0.01,3115.218,3,3,3115.218,0.0,0.0,0.0,0.0,311521.8
1730687,IT,SE,COMPU,CHEM1,0.04,3115.048,3,3,3115.048,0.0,0.0,0.0,0.0,77876.2
1712163,IT,LV,LEATH,MACHI,0.02,3115.032,3,3,3115.032,0.0,0.0,0.0,0.0,155751.6
1727458,IT,RO,AUXIL,MEATP,0.06,3115.017,3,3,3115.017,0.0,0.0,0.0,0.0,51916.95
1722242,IT,PL,HEALT,LEAD1,0.02,3114.891,3,3,3114.891,0.0,0.0,0.0,0.0,155744.55
1731461,IT,SI,BEVER,PRINT,0.01,3114.727,3,3,3114.727,0.0,0.0,0.0,0.0,311472.7
1683829,IT,HR,MOTO1,BEVER,0.02,3114.519,3,3,3114.519,0.0,0.0,0.0,0.0,155725.95
1665264,IT,ES,BEVER,MOTOR,0.01,3114.505,3,3,3114.505,0.0,0.0,0.0,0.0,311450.5
1781366,IT,NO,DAIRY,DISTR,0.01,3114.272,3,3,3114.272,0.0,0.0,0.0,0.0,311427.2
1736599,IT,SK,POSTT,CONST,0.05,3114.183,3,3,3114.183,0.0,0.0,0.0,0.0,62283.66
1796582,IT,WL,HOTEL,COPPE,0.02,3114.07,3,3,3114.07,0.0,0.0,0.0,0.0,155703.5
1656060,IT,DE,BEVER,NAPHT,0.01,3113.89,3,3,3113.89,0.0,0.0,0.0,0.0,311389.0
1744085,IT,US,SUPPO,MEATC,0.02,3113.887,3,3,3113.887,0.0,0.0,0.0,0.0,155694.35
1680801,IT,GR,RAILW,TEXTI,0.02,3113.484,3,3,3113.484,0.0,0.0,0.0,0.0,155674.2
1796416,IT,WL,WHOLE,RADIO,0.03,3113.375,3,3,3113.375,0.0,0.0,0.0,0.0,103779.166667
1718870,IT,PL,PAPER,WOOD2,0.01,3113.235,3,3,3113.235,0.0,0.0,0.0,0.0,311323.5
1651788,IT,CY,MOTO1,FURNI,0.02,3113.17,3,3,3113.17,0.0,0.0,0.0,0.0,155658.5
1752486,IT,CA,FOOD5,WHEAT,0.01,3112.881,3,3,3112.881,0.0,0.0,0.0,0.0,311288.1
1711569,IT,LU,FINAN,FABRI,0.04,3112.757,3,3,3112.757,0.0,0.0,0.0,0.0,77818.925
1754151,IT,CA,SUPPO,MEATP,0.02,3112.624,3,3,3112.624,0.0,0.0,0.0,0.0,155631.2
1784065,IT,ID,WEARI,LANDT,0.02,3112.611,3,3,3112.611,0.0,0.0,0.0,0.0,155630.55
1775697,IT,TR,CROPS,BITU1,0.02,3112.579,3,3,3112.579,0.0,0.0,0.0,0.0,155628.95
1763366,IT,MX,PRINT,CEMEN,0.03,3112.371,3,3,3112.371,0.0,0.0,0.0,0.0,103745.7
1762138,IT,IN,LANDT,PLAST,0.02,3112.205,3,3,3112.205,0.0,0.0,0.0,0.0,155610.25
1751132,IT,CN,RETA1,REALE,0.03,3112.09,3,3,3112.09,0.0,0.0,0.0,0.0,103736.333333
1712671,IT,LV,CONST,POSTT,0.02,3112.004,3,3,3112.004,0.0,0.0,0.0,0.0,155600.2
1769214,IT,AU,RUBBE,CEREA,0.01,3112.002,3,3,3112.002,0.0,0.0,0.0,0.0,311200.2
1681985,IT,HR,FOOD5,FINAN,0.01,3111.919,3,3,3111.919,0.0,0.0,0.0,0.0,311191.9
1734698,IT,SK,LEATH,PULP5,0.02,3111.766,3,3,3111.766,0.0,0.0,0.0,0.0,155588.3
1678105,IT,FR,PAPE1,CHEM1,0.02,3111.457,3,3,3111.457,0.0,0.0,0.0,0.0,155572.85
1682001,IT,HR,BEVER,FORES,0.01,3111.428,3,3,3111.428,0.0,0.0,0.0,0.0,311142.8
1739857,IT,GB,FINAN,NONME,0.04,3111.368,3,3,3111.368,0.0,0.0,0.0,0.0,77784.2
1797640,IT,WL,PAPE1,BEVER,0.02,3111.331,3,3,3111.331,0.0,0.0,0.0,0.0,155566.55
1710808,IT,LU,PAPER,FORES,0.01,3111.257,3,3,3111.257,0.0,0.0,0.0,0.0,311125.7
1644040,IT,AT,BUSIN,PFERT,0.03,3111.098,3,3,3111.098,0.0,0.0,0.0,0.0,103703.266667
1643482,IT,AT,LANDT,FINAN,0.02,3111.096,3,3,3111.096,0.0,0.0,0.0,0.0,155554.8
1807506,IT,WF,RENTI,MEAT4,0.02,3111.02,3,3,3111.02,0.0,0.0,0.0,0.0,155551.0
1669110,IT,ES,SUPPO,PAPE4,0.02,3110.931,3,3,3110.931,0.0,0.0,0.0,0.0,155546.55
1654400,IT,CZ,WHOLE,LEATH,0.03,3110.874,3,3,3110.874,0.0,0.0,0.0,0.0,103695.8
1652395,IT,CZ,TEXTI,BITU1,0.02,3110.536,3,3,3110.536,0.0,0.0,0.0,0.0,155526.8
1742146,IT,US,RUBBE,FOOD2,0.01,3110.362,3,3,3110.362,0.0,0.0,0.0,0.0,311036.2
1669289,IT,ES,FINAN,PFERT,0.04,3110.35,3,3,3110.35,0.0,0.0,0.0,0.0,77758.75
1788229,IT,WA,LEATH,IRONO,0.02,3110.237,3,3,3110.237,0.0,0.0,0.0,0.0,155511.85
1671829,IT,FI,RETA1,ELEC4,0.03,3110.201,3,3,3110.201,0.0,0.0,0.0,0.0,103673.366667
1791354,IT,WA,SALEM,FURNI,0.03,3110.189,3,3,3110.189,0.0,0.0,0.0,0.0,103672.966667
1689882,IT,IE,AUXIL,PRINT,0.06,3110.091,3,3,3110.091,0.0,0.0,0.0,0.0,51834.85
1689936,IT,IE,REALE,VEGET,0.13,3109.779,3,3,3109.779,0.0,0.0,0.0,0.0,23921.376923
1661608,IT,DK,BEVER,INERT,0.01,3109.744,3,3,3109.744,0.0,0.0,0.0,0.0,310974.4
1780678,IT,TW,AUXIL,INSUR,0.06,3109.71,3,3,3109.71,0.0,0.0,0.0,0.0,51828.5
1767577,IT,RU,SUPPO,VEGET,0.02,3109.568,3,3,3109.568,0.0,0.0,0.0,0.0,155478.4
1785910,IT,ZA,RUBBE,NATUR,0.01,3109.542,3,3,3109.542,0.0,0.0,0.0,0.0,310954.2
1717411,IT,NL,INSUR,RADIO,0.06,3109.174,3,3,3109.174,0.0,0.0,0.0,0.0,51819.566667
1724514,IT,PT,POSTT,PAPER,0.05,3109.14,3,3,3109.14,0.0,0.0,0.0,0.0,62182.8
1792694,IT,WA,RESEA,RECRE,0.02,3109.018,3,3,3109.018,0.0,0.0,0.0,0.0,155450.9
1662854,IT,DK,WHOLE,MEATP,0.03,3108.852,3,3,3108.852,0.0,0.0,0.0,0.0,103628.4
1808620,IT,WF,PLAS2,LANDT,0.03,3108.843,3,3,3108.843,0.0,0.0,0.0,0.0,103628.1
1781292,IT,NO,MEAT4,RENTI,0.02,3108.719,3,3,3108.719,0.0,0.0,0.0,0.0,155435.95
1757528,IT,BR,PRINT,RESEA,0.03,3108.654,3,3,3108.654,0.0,0.0,0.0,0.0,103621.8
1802164,IT,WE,HOTEL,MOTOR,0.02,3108.57,3,3,3108.57,0.0,0.0,0.0,0.0,155428.5
1787941,IT,WA,FISH5,SANDC,0.01,3108.267,4,4,3108.265,0.0,0.0,0.0,0.002,310826.7
1737264,IT,GB,FOOD5,GASDI,0.01,3108.229,3,3,3108.229,0.0,0.0,0.0,0.0,310822.9
1734561,IT,SK,FOOD5,TRAN2,0.01,3108.149,3,3,3108.149,0.0,0.0,0.0,0.0,310814.9
1685216,IT,HU,FISH5,RENTI,0.01,3108.056,4,4,3108.054,0.0,0.0,0.0,0.002,310805.6
1764952,IT,MX,POSTT,MACHI,0.05,3107.931,3,3,3107.931,0.0,0.0,0.0,0.0,62158.62
1648987,IT,BG,LEATH,HOTEL,0.02,3107.897,3,3,3107.897,0.0,0.0,0.0,0.0,155394.85
1806401,IT,WF,MOTO1,SEACO,0.02,3107.787,3,3,3107.787,0.0,0.0,0.0,0.0,155389.35
1711409,IT,LU,RETA1,93197,0.03,3107.774,3,3,3107.774,0.0,0.0,0.0,0.0,103592.466667
1787092,IT,ZA,BUSIN,RUBBE,0.03,3107.597,3,3,3107.597,0.0,0.0,0.0,0.0,103586.566667
1711791,IT,LU,PUBLI,CONST,0.05,3107.326,3,3,3107.326,0.0,0.0,0.0,0.0,62146.52
1806451,IT,WF,TRANS,PULP5,0.02,3107.168,3,3,3107.168,0.0,0.0,0.0,0.0,155358.4
1661304,IT,DK,STONE,NONME,0.01,3106.915,3,3,3106.915,0.0,0.0,0.0,0.0,310691.5
1731075,IT,SI,VEGET,SUPPO,0.01,3106.574,3,3,3106.574,0.0,0.0,0.0,0.0,310657.4
1765753,IT,RU,PRINT,CONST,0.03,3106.448,3,3,3106.448,0.0,0.0,0.0,0.0,103548.266667
1771177,IT,CH,MEAT4,ELECT,0.02,3106.226,3,3,3106.226,0.0,0.0,0.0,0.0,155311.3
1761289,IT,IN,RUBBE,SECO9,0.01,3106.217,3,3,3106.217,0.0,0.0,0.0,0.0,310621.7
1670597,IT,FI,WEARI,PRINT,0.02,3106.011,3,3,3106.011,0.0,0.0,0.0,0.0,155300.55
1717751,IT,NL,PUBLI,INSUR,0.05,3105.937,3,3,3105.937,0.0,0.0,0.0,0.0,62118.74
1764783,IT,MX,LANDT,BEVER,0.02,3105.907,3,3,3105.907,0.0,0.0,0.0,0.0,155295.35
1809309,IT,WM,STONE,WHITE,0.01,3105.71,3,3,3105.71,0.0,0.0,0.0,0.0,310571.0
1654592,IT,CZ,RAILW,TRANS,0.02,3105.562,3,3,3105.562,0.0,0.0,0.0,0.0,155278.1
1714078,IT,MT,LANDT,FINAN,0.02,3105.482,3,3,3105.482,0.0,0.0,0.0,0.0,155274.1
1804114,IT,WF,PAPER,PROCE,0.01,3105.459,3,3,3105.459,0.0,0.0,0.0,0.0,310545.9
1762814,IT,IN,PUBLI,PLAST,0.05,3105.258,3,3,3105.258,0.0,0.0,0.0,0.0,62105.16
1654568,IT,CZ,HOTEL,PAPE4,0.02,3105.099,3,3,3105.099,0.0,0.0,0.0,0.0,155254.95
1788108,IT,WA,WEARI,ANTHR,0.02,3105.067,3,3,3105.067,0.0,0.0,0.0,0.0,155253.35
1722426,IT,PT,MEAT4,FISH5,0.02,3104.864,3,3,3104.864,0.0,0.0,0.0,0.0,155243.2
1731255,IT,SI,MEATP,ELEC1,0.01,3104.79,3,3,3104.79,0.0,0.0,0.0,0.0,310479.0
1716706,IT,NL,WHOLE,SEACO,0.03,3104.782,3,3,3104.782,0.0,0.0,0.0,0.0,103492.733333
1788637,IT,WA,PRINT,RADIO,0.03,3104.741,3,3,3104.741,0.0,0.0,0.0,0.0,103491.366667
1659345,IT,DE,RETAI,SEACO,0.02,3104.692,3,3,3104.692,0.0,0.0,0.0,0.0,155234.6
1711864,IT,LU,PLAS1,BUSIN,0.01,3104.416,3,3,3104.416,0.0,0.0,0.0,0.0,310441.6
1738853,IT,GB,TRANS,CEMEN,0.02,3104.198,3,3,3104.198,0.0,0.0,0.0,0.0,155209.9
1736271,IT,SK,HOTEL,COKEO,0.02,3104.191,3,3,3104.191,0.0,0.0,0.0,0.0,155209.55
1739460,IT,GB,LANDT,BITU1,0.02,3104.077,3,3,3104.077,0.0,0.0,0.0,0.0,155203.85
1711893,IT,LU,OILHA,CONST,0.02,3103.835,3,3,3103.835,0.0,0.0,0.0,0.0,155191.75
1730708,IT,SE,COMPU,HOTEL,0.04,3103.301,3,3,3103.301,0.0,0.0,0.0,0.0,77582.525
1652810,IT,CZ,PRINT,GASDI,0.03,3103.198,3,3,3103.198,0.0,0.0,0.0,0.0,103439.933333
1668668,IT,ES,RAILW,INERT,0.02,3103.133,3,3,3103.133,0.0,0.0,0.0,0.0,155156.65
1729620,IT,SE,FABRI,MEAT1,0.01,3102.984,3,3,3102.984,0.0,0.0,0.0,0.0,310298.4
1733233,IT,SI,MACHI,ELEC7,0.02,3102.972,3,3,3102.972,0.0,0.0,0.0,0.0,155148.6
1734599,IT,SK,BEVER,AUXIL,0.01,3102.96,3,3,3102.96,0.0,0.0,0.0,0.0,310296.0
1757105,IT,BR,VEGET,POULT,0.01,3102.605,3,3,3102.605,0.0,0.0,0.0,0.0,310260.5
1671758,IT,FI,RETAI,RUBBE,0.02,3102.55,3,3,3102.55,0.0,0.0,0.0,0.0,155127.5
1752334,IT,CA,MEAT4,FISHF,0.02,3102.4,3,3,3102.4,0.0,0.0,0.0,0.0,155120.0
1801780,IT,WE,ELEC4,GASDI,0.05,3101.938,3,3,3101.938,0.0,0.0,0.0,0.0,62038.76
1763021,IT,MX,BEVER,REALE,0.01,3101.863,3,3,3101.863,0.0,0.0,0.0,0.0,310186.3
1785046,IT,ID,BUSIN,SEACO,0.03,3101.82,3,3,3101.82,0.0,0.0,0.0,0.0,103394.0
1802013,IT,WE,WHOLE,HEAVY,0.03,3101.774,3,3,3101.774,0.0,0.0,0.0,0.0,103392.466667
1784998,IT,ID,AUXIL,INSUR,0.06,3101.738,3,3,3101.738,0.0,0.0,0.0,0.0,51695.633333
1733619,IT,SI,HOTEL,GLASS,0.02,3101.733,3,3,3101.733,0.0,0.0,0.0,0.0,155086.65
1717855,IT,PL,VEGET,PULP5,0.01,3101.721,3,3,3101.721,0.0,0.0,0.0,0.0,310172.1
1762577,IT,IN,AUXIL,RUBBE,0.06,3101.719,3,3,3101.719,0.0,0.0,0.0,0.0,51695.316667
1788096,IT,WA,WEARI,OILSE,0.02,3101.692,3,3,3101.692,0.0,0.0,0.0,0.0,155084.6
1806704,IT,WF,WHOLE,HEAVY,0.03,3101.422,3,3,3101.422,0.0,0.0,0.0,0.0,103380.733333
1710685,IT,LU,PROCE,BEVER,0.02,3101.389,3,3,3101.389,0.0,0.0,0.0,0.0,155069.45
1677685,IT,FR,RENTI,KEROS,0.02,3101.384,3,3,3101.384,0.0,0.0,0.0,0.0,155069.2
1729962,IT,SE,CONST,TRANS,0.02,3101.193,3,3,3101.193,0.0,0.0,0.0,0.0,155059.65
1648609,IT,BG,MEATP,HEALT,0.01,3101.179,3,3,3101.179,0.0,0.0,0.0,0.0,310117.9
1668111,IT,ES,CONST,DIST1,0.02,3101.126,3,3,3101.126,0.0,0.0,0.0,0.0,155056.3
1758994,IT,BR,LANDT,LIQUI,0.02,3101.092,3,3,3101.092,0.0,0.0,0.0,0.0,155054.6
1744810,IT,US,RESEA,BIOG1,0.02,3100.974,3,3,3100.974,0.0,0.0,0.0,0.0,155048.7
1648592,IT,BG,MEATC,MEATC,0.01,3100.823,3,3,3100.823,0.0,0.0,0.0,0.0,310082.3
1712084,IT,LV,BEVER,RETAI,0.01,3100.791,3,3,3100.791,0.0,0.0,0.0,0.0,310079.1
1762168,IT,IN,LANDT,COKE1,0.02,3100.724,3,3,3100.724,0.0,0.0,0.0,0.0,155036.2
1746686,IT,JP,FABRI,PULP5,0.01,3100.63,3,3,3100.63,0.0,0.0,0.0,0.0,310063.0
1787825,IT,WA,FOOD5,CROPS,0.01,3100.504,3,3,3100.504,0.0,0.0,0.0,0.0,310050.4
1778710,IT,TR,RAILW,MOTOR,0.02,3100.384,3,3,3100.384,0.0,0.0,0.0,0.0,155019.2
1762126,IT,IN,RAILW,CONST,0.02,3100.352,3,3,3100.352,0.0,0.0,0.0,0.0,155017.6
1758899,IT,BR,HOTEL,TRAN2,0.02,3100.145,3,3,3100.145,0.0,0.0,0.0,0.0,155007.25
1678217,IT,FR,OILHA,TRANS,0.02,3100.063,3,3,3100.063,0.0,0.0,0.0,0.0,155003.15
1802821,IT,WE,EDUCA,TRANS,0.08,3099.998,3,3,3099.998,0.0,0.0,0.0,0.0,38749.975
1764502,IT,MX,CONST,RADIO,0.02,3099.94,3,3,3099.94,0.0,0.0,0.0,0.0,154997.0
1754470,IT,CA,BUSIN,PRECI,0.03,3099.931,3,3,3099.931,0.0,0.0,0.0,0.0,103331.033333
1802493,IT,WE,POSTT,FISHF,0.05,3099.651,3,3,3099.651,0.0,0.0,0.0,0.0,61993.02
1655537,IT,DE,STONE,RUBBE,0.01,3098.94,3,3,3098.94,0.0,0.0,0.0,0.0,309894.0
1668150,IT,ES,SALEM,FABRI,0.03,3098.58,3,3,3098.58,0.0,0.0,0.0,0.0,103286.0
1802689,IT,WE,RENTI,RECRE,0.02,3098.518,3,3,3098.518,0.0,0.0,0.0,0.0,154925.9
1759906,IT,BR,PAPE1,AUXIL,0.02,3098.281,3,3,3098.281,0.0,0.0,0.0,0.0,154914.05
1778344,IT,TR,RETAI,SANDC,0.02,3098.279,3,3,3098.279,0.0,0.0,0.0,0.0,154913.95
1733564,IT,SI,RETA1,ELEC3,0.03,3098.242,3,3,3098.242,0.0,0.0,0.0,0.0,103274.733333
1808469,IT,WF,FOOD4,PREC1,0.02,3098.199,3,3,3098.199,0.0,0.0,0.0,0.0,154909.95
1785195,IT,ZA,BEVER,PRECI,0.01,3098.135,3,3,3098.135,0.0,0.0,0.0,0.0,309813.5
1785310,IT,ZA,LEATH,TEXTI,0.02,3098.116,3,3,3098.116,0.0,0.0,0.0,0.0,154905.8
1715015,IT,NL,TEXTI,CROPS,0.02,3098.019,3,3,3098.019,0.0,0.0,0.0,0.0,154900.95
1787454,IT,WA,STONE,ALUM1,0.01,3097.97,3,3,3097.97,0.0,0.0,0.0,0.0,309797.0
1778503,IT,TR,RETA1,COKIN,0.03,3097.873,3,3,3097.873,0.0,0.0,0.0,0.0,103262.433333
1671738,IT,FI,SALEM,RENTI,0.03,3097.788,3,3,3097.788,0.0,0.0,0.0,0.0,103259.6
1723847,IT,PT,TRANS,WEARI,0.02,3097.682,3,3,3097.682,0.0,0.0,0.0,0.0,154884.1
1714454,IT,NL,FORES,PLAST,0.03,3097.655,4,4,3096.655,0.0,1.0,0.0,0.0,103255.166667
1734269,IT,SI,COMPU,INSUR,0.04,3097.589,3,3,3097.589,0.0,0.0,0.0,0.0,77439.725
1792911,IT,WA,HEALT,GLASS,0.02,3097.42,3,3,3097.42,0.0,0.0,0.0,0.0,154871.0
1678212,IT,FR,OILHA,RUBBE,0.02,3097.109,3,3,3097.109,0.0,0.0,0.0,0.0,154855.45
1791285,IT,WA,CONST,CEMEN,0.02,3096.946,3,3,3096.946,0.0,0.0,0.0,0.0,154847.3
1690149,IT,IE,COMPU,INTER,0.04,3096.931,3,3,3096.931,0.0,0.0,0.0,0.0,77423.275
1771561,IT,CH,TEXTI,ALUM1,0.02,3096.615,3,3,3096.615,0.0,0.0,0.0,0.0,154830.75
1773939,IT,CH,SALEM,NFERT,0.02,3096.561,3,3,3096.561,0.0,0.0,0.0,0.0,154828.05
1669976,IT,ES,EDUCA,AUXIL,0.08,3096.553,3,3,3096.553,0.0,0.0,0.0,0.0,38706.9125
1771712,IT,CH,LEATH,PIGS9,0.02,3096.43,3,3,3096.43,0.0,0.0,0.0,0.0,154821.5
1783075,IT,NO,INSUR,FURNI,0.06,3096.397,3,3,3096.397,0.0,0.0,0.0,0.0,51606.616667
1733817,IT,SI,LANDT,FOOD2,0.02,3096.03,3,3,3096.03,0.0,0.0,0.0,0.0,154801.5
1746381,IT,JP,RUBBE,PREC1,0.01,3095.964,3,3,3095.964,0.0,0.0,0.0,0.0,309596.4
1676296,IT,FR,SALEM,WOOD2,0.02,3095.674,3,3,3095.674,0.0,0.0,0.0,0.0,154783.7
1730966,IT,SE,TEXT1,REALE,0.02,3095.613,3,3,3095.613,0.0,0.0,0.0,0.0,154780.65
1723630,IT,PT,FABRI,AUXIL,0.01,3095.548,3,3,3095.548,0.0,0.0,0.0,0.0,309554.8
1767900,IT,RU,REALE,POSTT,0.13,3095.35,3,3,3095.35,0.0,0.0,0.0,0.0,23810.384615
1739998,IT,GB,REALE,SALEM,0.13,3095.311,3,3,3095.311,0.0,0.0,0.0,0.0,23810.084615
1655104,IT,CZ,RESEA,PFERT,0.02,3095.26,3,3,3095.26,0.0,0.0,0.0,0.0,154763.0
1656149,IT,DE,FISH5,RECRE,0.01,3095.188,4,4,3095.186,0.0,0.0,0.0,0.002,309518.8
1739462,IT,GB,LANDT,NONSP,0.02,3095.126,3,3,3095.126,0.0,0.0,0.0,0.0,154756.3
1741274,IT,US,PAPER,LEATH,0.01,3094.792,3,3,3094.792,0.0,0.0,0.0,0.0,309479.2
1770785,IT,AU,COMPU,BASIC,0.04,3094.641,3,3,3094.641,0.0,0.0,0.0,0.0,77366.025
1776034,IT,TR,TEXTI,PREC1,0.02,3094.357,3,3,3094.357,0.0,0.0,0.0,0.0,154717.85
1799556,IT,WE,PRINT,RADIO,0.03,3094.285,3,3,3094.285,0.0,0.0,0.0,0.0,103142.833333
1726858,IT,RO,RETA1,FOOD5,0.03,3094.271,3,3,3094.271,0.0,0.0,0.0,0.0,103142.366667
1798589,IT,WE,MEATC,GASDI,0.01,3094.168,3,3,3094.168,0.0,0.0,0.0,0.0,309416.8
1661174,IT,DE,93197,MACHI,0.02,3094.007,3,3,3094.007,0.0,0.0,0.0,0.0,154700.35
1802783,IT,WE,BUSIN,RADIO,0.03,3093.969,3,3,3093.969,0.0,0.0,0.0,0.0,103132.3
1747395,IT,JP,RAILW,HEAVY,0.02,3093.758,3,3,3093.758,0.0,0.0,0.0,0.0,154687.9
1643941,IT,AT,COMPU,NAPHT,0.04,3093.559,3,3,3093.559,0.0,0.0,0.0,0.0,77338.975
1809957,IT,WM,FISH5,KERO1,0.01,3093.522,4,4,3093.52,0.0,0.0,0.0,0.002,309352.2
1650002,IT,BG,MACHI,LIGNI,0.02,3093.353,3,3,3093.353,0.0,0.0,0.0,0.0,154667.65
1770917,IT,AU,93197,HEALT,0.02,3093.339,3,3,3093.339,0.0,0.0,0.0,0.0,154666.95
1760236,IT,BR,INERT,93197,0.02,3093.276,3,3,3093.276,0.0,0.0,0.0,0.0,154663.8
1764607,IT,MX,WHOLE,RENTI,0.03,3093.202,3,3,3093.202,0.0,0.0,0.0,0.0,103106.733333
1768785,IT,AU,LEATH,CEREA,0.02,3093.179,3,3,3093.179,0.0,0.0,0.0,0.0,154658.95
1643064,IT,AT,SALEM,RESEA,0.02,3093.151,3,3,3093.151,0.0,0.0,0.0,0.0,154657.55
1737651,IT,GB,PAPER,INERT,0.01,3093.137,3,3,3093.137,0.0,0.0,0.0,0.0,309313.7
1672483,IT,FI,INERT,SECO9,0.02,3092.985,3,3,3092.985,0.0,0.0,0.0,0.0,154649.25
1654470,IT,CZ,RETA1,RESEA,0.03,3092.852,3,3,3092.852,0.0,0.0,0.0,0.0,103095.066667
1653819,IT,CZ,FABRI,OILSE,0.01,3092.746,3,3,3092.746,0.0,0.0,0.0,0.0,309274.6
1740975,IT,US,BEVER,PRINT,0.01,3092.428,3,3,3092.428,0.0,0.0,0.0,0.0,309242.8
1714624,IT,NL,MEATC,SALEM,0.01,3092.42,3,3,3092.42,0.0,0.0,0.0,0.0,309242.0
1712137,IT,LV,WEARI,SALEM,0.02,3092.38,3,3,3092.38,0.0,0.0,0.0,0.0,154619.0
1814664,IT,WM,PLAS1,MEATC,0.01,3092.377,3,3,3092.377,0.0,0.0,0.0,0.0,309237.7
1681364,IT,GR,INSUR,PAPE4,0.06,3092.163,3,3,3092.163,0.0,0.0,0.0,0.0,51536.05
1778721,IT,TR,RAILW,ELECT,0.02,3091.932,3,3,3091.932,0.0,0.0,0.0,0.0,154596.6
1649155,IT,BG,PRINT,FOOD5,0.03,3091.577,3,3,3091.577,0.0,0.0,0.0,0.0,103052.566667
1806388,IT,WF,MOTO1,RADIO,0.02,3091.285,3,3,3091.285,0.0,0.0,0.0,0.0,154564.25
1795619,IT,WL,FABRI,NONFE,0.01,3091.092,3,3,3091.092,0.0,0.0,0.0,0.0,309109.2
1661170,IT,DE,93197,RUBBE,0.02,3091.06,3,3,3091.06,0.0,0.0,0.0,0.0,154553.0
1808479,IT,WF,FOOD4,TRANS,0.02,3091.056,3,3,3091.056,0.0,0.0,0.0,0.0,154552.8
1683961,IT,HR,WHOLE,PAPER,0.03,3091.052,3,3,3091.052,0.0,0.0,0.0,0.0,103035.066667
1797404,IT,WL,COMPU,BASIC,0.04,3090.952,3,3,3090.952,0.0,0.0,0.0,0.0,77273.8
1670026,IT,ES,FOOD1,PRECI,0.02,3090.918,3,3,3090.918,0.0,0.0,0.0,0.0,154545.9
1644560,IT,BE,PROCE,RETA1,0.02,3090.82,3,3,3090.82,0.0,0.0,0.0,0.0,154541.0
1803676,IT,WF,BEVER,PRECI,0.01,3090.74,3,3,3090.74,0.0,0.0,0.0,0.0,309074.0
1678280,IT,FR,FOOD2,HEALT,0.02,3090.666,3,3,3090.666,0.0,0.0,0.0,0.0,154533.3
1649562,IT,BG,RUBBE,STEAM,0.01,3090.529,3,3,3090.529,0.0,0.0,0.0,0.0,309052.9
1670044,IT,ES,FOOD1,BUSIN,0.02,3090.451,3,3,3090.451,0.0,0.0,0.0,0.0,154522.55
1734032,IT,SI,FINAN,PULP5,0.04,3090.409,3,3,3090.409,0.0,0.0,0.0,0.0,77260.225
1669516,IT,ES,AUXIL,RENTI,0.06,3090.39,3,3,3090.39,0.0,0.0,0.0,0.0,51506.5
1652818,IT,CZ,PRINT,CEMEN,0.03,3090.285,3,3,3090.285,0.0,0.0,0.0,0.0,103009.5
1711887,IT,LU,OILHA,RUBBE,0.02,3089.943,3,3,3089.943,0.0,0.0,0.0,0.0,154497.15
1786708,IT,ZA,RETA1,WEARI,0.03,3089.79,3,3,3089.79,0.0,0.0,0.0,0.0,102993.0
1724037,IT,PT,WHOLE,SANDC,0.03,3089.647,3,3,3089.647,0.0,0.0,0.0,0.0,102988.233333
1798877,IT,WE,BEVER,PRINT,0.01,3089.593,3,3,3089.593,0.0,0.0,0.0,0.0,308959.3
1770701,IT,AU,INSUR,POSTT,0.06,3089.59,3,3,3089.59,0.0,0.0,0.0,0.0,51493.166667
1775459,IT,CH,PAPE1,RECRE,0.02,3089.464,3,3,3089.464,0.0,0.0,0.0,0.0,154473.2
1718094,IT,PL,MEAT4,INLAN,0.02,3089.411,3,3,3089.411,0.0,0.0,0.0,0.0,154470.55
1722066,IT,PL,BUSIN,STONE,0.03,3089.293,3,3,3089.293,0.0,0.0,0.0,0.0,102976.433333
1655756,IT,DE,MEATP,MEAT4,0.01,3088.884,3,3,3088.884,0.0,0.0,0.0,0.0,308888.4
1730588,IT,SE,REALE,BUSIN,0.13,3088.76,3,3,3088.76,0.0,0.0,0.0,0.0,23759.692308
1758705,IT,BR,RETAI,MOTOR,0.02,3088.63,3,3,3088.63,0.0,0.0,0.0,0.0,154431.5
1771352,IT,CH,PROCE,ELECT,0.02,3088.531,3,3,3088.531,0.0,0.0,0.0,0.0,154426.55
1667975,IT,ES,TRANS,ELECT,0.02,3088.497,3,3,3088.497,0.0,0.0,0.0,0.0,154424.85
1734447,IT,SK,MEATA,MEAT4,0.02,3088.314,3,3,3088.314,0.0,0.0,0.0,0.0,154415.7
1712232,IT,LV,PAPER,DIST1,0.01,3088.137,3,3,3088.137,0.0,0.0,0.0,0.0,308813.7
1668651,IT,ES,RAILW,TRAN2,0.02,3088.067,3,3,3088.067,0.0,0.0,0.0,0.0,154403.35
1792853,IT,WA,EDUCA,CEMEN,0.08,3087.758,3,3,3087.758,0.0,0.0,0.0,0.0,38596.975
1786700,IT,ZA,RETA1,PRECI,0.03,3087.694,3,3,3087.694,0.0,0.0,0.0,0.0,102923.133333
1786672,IT,ZA,WHOLE,ELEC5,0.03,3087.593,3,3,3087.593,0.0,0.0,0.0,0.0,102919.766667
1733823,IT,SI,LANDT,TEXT2,0.02,3087.573,3,3,3087.573,0.0,0.0,0.0,0.0,154378.65
1796264,IT,WL,CONST,BIODI,0.02,3087.418,3,3,3087.418,0.0,0.0,0.0,0.0,154370.9
1726790,IT,RO,WHOLE,WHEAT,0.03,3087.333,3,3,3087.333,0.0,0.0,0.0,0.0,102911.1
1761685,IT,IN,FABRI,AUXIL,0.01,3087.306,3,3,3087.306,0.0,0.0,0.0,0.0,308730.6
1677738,IT,FR,RENTI,FOOD2,0.02,3087.117,3,3,3087.117,0.0,0.0,0.0,0.0,154355.85
1669381,IT,ES,INSUR,SANDC,0.06,3087.109,3,3,3087.109,0.0,0.0,0.0,0.0,51451.816667
1764365,IT,MX,MOTO1,KEROS,0.02,3087.09,3,3,3087.09,0.0,0.0,0.0,0.0,154354.5
1748344,IT,CN,VEGET,CHEM1,0.01,3087.037,3,3,3087.037,0.0,0.0,0.0,0.0,308703.7
1785410,IT,ZA,PAPER,CERAM,0.01,3086.914,3,3,3086.914,0.0,0.0,0.0,0.0,308691.4
1722463,IT,PT,DAIRY,CERAM,0.01,3086.849,3,3,3086.849,0.0,0.0,0.0,0.0,308684.9
1737128,IT,GB,MEAT4,CHEM1,0.02,3086.653,3,3,3086.653,0.0,0.0,0.0,0.0,154332.65
1783186,IT,NO,COMPU,SUPPO,0.04,3086.48,3,3,3086.48,0.0,0.0,0.0,0.0,77162.0
1721931,IT,PL,RENTI,SEWAG,0.02,3086.229,3,3,3086.229,0.0,0.0,0.0,0.0,154311.45
1737115,IT,GB,MEAT1,BEVER,0.01,3085.975,3,3,3085.975,0.0,0.0,0.0,0.0,308597.5
1684338,IT,HR,SUPPO,SECO9,0.02,3085.836,3,3,3085.836,0.0,0.0,0.0,0.0,154291.8
1799274,IT,WE,LEATH,ELEC3,0.02,3085.822,3,3,3085.822,0.0,0.0,0.0,0.0,154291.1
1758939,IT,BR,RAILW,BIOGA,0.02,3085.806,3,3,3085.806,0.0,0.0,0.0,0.0,154290.3
1680835,IT,GR,RAILW,COMPU,0.02,3085.762,3,3,3085.762,0.0,0.0,0.0,0.0,154288.1
1664554,IT,EE,WHOLE,MACHI,0.03,3085.564,3,3,3085.564,0.0,0.0,0.0,0.0,102852.133333
1748399,IT,CN,CROPS,MACHI,0.02,3085.561,3,3,3085.561,0.0,0.0,0.0,0.0,154278.05
1740122,IT,GB,COMPU,BASIC,0.04,3085.349,3,3,3085.349,0.0,0.0,0.0,0.0,77133.725
1720609,IT,PL,MOTO1,CRUDE,0.02,3085.309,3,3,3085.309,0.0,0.0,0.0,0.0,154265.45
1677763,IT,FR,COMPU,GASDI,0.04,3085.295,3,3,3085.295,0.0,0.0,0.0,0.0,77132.375
1781544,IT,NO,TEXTI,TRAN2,0.02,3085.158,3,3,3085.158,0.0,0.0,0.0,0.0,154257.9
1653822,IT,CZ,FABRI,POULT,0.01,3085.007,3,3,3085.007,0.0,0.0,0.0,0.0,308500.7
1767752,IT,RU,INSUR,RAWMI,0.06,3084.887,3,3,3084.887,0.0,0.0,0.0,0.0,51414.783333
1714352,IT,MT,RECRE,CHEM1,0.04,3084.778,3,3,3084.778,0.0,0.0,0.0,0.0,77119.45
1646415,IT,BE,FABRI,FOOD1,0.01,3084.649,3,3,3084.649,0.0,0.0,0.0,0.0,308464.9
1781502,IT,NO,TEXTI,SANDC,0.02,3084.617,3,3,3084.617,0.0,0.0,0.0,0.0,154230.85
1782728,IT,NO,RETA1,NONF1,0.03,3084.53,3,3,3084.53,0.0,0.0,0.0,0.0,102817.666667
1669642,IT,ES,RENTI,OILHA,0.02,3084.498,3,3,3084.498,0.0,0.0,0.0,0.0,154224.9
1724537,IT,PT,POSTT,FURNI,0.05,3084.464,3,3,3084.464,0.0,0.0,0.0,0.0,61689.28
1724621,IT,PT,FINAN,WHOLE,0.04,3084.426,3,3,3084.426,0.0,0.0,0.0,0.0,77110.65
1717668,IT,NL,BUSIN,NONME,0.03,3084.236,3,3,3084.236,0.0,0.0,0.0,0.0,102807.866667
1681354,IT,GR,INSUR,POSTT,0.06,3083.989,3,3,3083.989,0.0,0.0,0.0,0.0,51399.816667
1728594,IT,SE,PAPER,TRAN2,0.01,3083.641,3,3,3083.641,0.0,0.0,0.0,0.0,308364.1
1806471,IT,WF,TRANS,ALUM1,0.02,3083.601,3,3,3083.601,0.0,0.0,0.0,0.0,154180.05
1654414,IT,CZ,WHOLE,BASIC,0.03,3083.534,3,3,3083.534,0.0,0.0,0.0,0.0,102784.466667
1773819,IT,CH,ELEC4,RETA1,0.05,3083.487,3,3,3083.487,0.0,0.0,0.0,0.0,61669.74
1783819,IT,NO,INERT,BUSIN,0.02,3083.354,3,3,3083.354,0.0,0.0,0.0,0.0,154167.7
1687945,IT,HU,RENTI,VEGE1,0.02,3083.208,3,3,3083.208,0.0,0.0,0.0,0.0,154160.4
1659056,IT,DE,ELEC4,PLAST,0.05,3083.18,3,3,3083.18,0.0,0.0,0.0,0.0,61663.6
1718402,IT,PL,BEVER,TRAN2,0.01,3083.137,3,3,3083.137,0.0,0.0,0.0,0.0,308313.7
1792501,IT,WA,REALE,KEROS,0.13,3083.127,3,3,3083.127,0.0,0.0,0.0,0.0,23716.361538
1761984,IT,IN,CONST,BUSIN,0.02,3083.071,3,3,3083.071,0.0,0.0,0.0,0.0,154153.55
1660179,IT,DE,SUPPO,ELEC3,0.02,3082.864,3,3,3082.864,0.0,0.0,0.0,0.0,154143.2
1726777,IT,RO,RETAI,FISHF,0.02,3082.788,3,3,3082.788,0.0,0.0,0.0,0.0,154139.4
1767434,IT,RU,LANDT,DIST1,0.02,3082.753,3,3,3082.753,0.0,0.0,0.0,0.0,154137.65
1727466,IT,RO,AUXIL,WEARI,0.06,3082.717,3,3,3082.717,0.0,0.0,0.0,0.0,51378.616667
1802847,IT,WE,INTER,CRUDE,0.02,3082.611,3,3,3082.611,0.0,0.0,0.0,0.0,154130.55
1759883,IT,BR,PAPE1,PFERT,0.02,3082.514,3,3,3082.514,0.0,0.0,0.0,0.0,154125.7
1806798,IT,WF,RETA1,LEATH,0.03,3082.373,3,3,3082.373,0.0,0.0,0.0,0.0,102745.766667
1665369,IT,ES,TEXTI,SUGA1,0.02,3082.057,3,3,3082.057,0.0,0.0,0.0,0.0,154102.85
1738637,IT,GB,MACHI,CROPS,0.02,3081.741,3,3,3081.741,0.0,0.0,0.0,0.0,154087.05
1757368,IT,BR,WEARI,SUPPO,0.02,3081.627,3,3,3081.627,0.0,0.0,0.0,0.0,154081.35
1783565,IT,NO,SEWAG,ALUM1,0.03,3081.614,3,3,3081.614,0.0,0.0,0.0,0.0,102720.466667
1655745,IT,DE,MEATC,SUPPO,0.01,3081.609,3,3,3081.609,0.0,0.0,0.0,0.0,308160.9
1770934,IT,CH,VEGET,MEATA,0.01,3081.519,3,3,3081.519,0.0,0.0,0.0,0.0,308151.9
1736405,IT,SK,LANDT,GLASS,0.02,3080.84,3,3,3080.84,0.0,0.0,0.0,0.0,154042.0
1676790,IT,FR,LANDT,PARAF,0.02,3080.773,3,3,3080.773,0.0,0.0,0.0,0.0,154038.65
1669258,IT,ES,FINAN,FORES,0.04,3080.67,3,3,3080.67,0.0,0.0,0.0,0.0,77016.75
1722086,IT,PL,BUSIN,COKEO,0.03,3080.179,3,3,3080.179,0.0,0.0,0.0,0.0,102672.633333
1661692,IT,DK,WEARI,RUBBE,0.02,3080.091,3,3,3080.091,0.0,0.0,0.0,0.0,154004.55
1665366,IT,ES,TEXTI,VEGE1,0.02,3079.968,3,3,3079.968,0.0,0.0,0.0,0.0,153998.4
1678590,IT,GR,FORES,BEVER,0.03,3079.895,4,4,3078.895,0.0,1.0,0.0,0.0,102663.166667
1773836,IT,CH,ELEC4,WOOD1,0.05,3079.812,3,3,3079.812,0.0,0.0,0.0,0.0,61596.24
1814709,IT,WM,INTER,RESEA,0.02,3079.785,3,3,3079.785,0.0,0.0,0.0,0.0,153989.25
1775349,IT,CH,BUSIN,TEXT2,0.03,3079.618,3,3,3079.618,0.0,0.0,0.0,0.0,102653.933333
1748935,IT,CN,WEARI,BLAST,0.02,3079.58,3,3,3079.58,0.0,0.0,0.0,0.0,153979.0
1736151,IT,SK,SALEM,SANDC,0.02,3079.294,3,3,3079.294,0.0,0.0,0.0,0.0,153964.7
1764782,IT,MX,LANDT,FOOD5,0.02,3079.208,3,3,3079.208,0.0,0.0,0.0,0.0,153960.4
1677615,IT,FR,REALE,DISTR,0.13,3079.191,3,3,3079.191,0.0,0.0,0.0,0.0,23686.084615
1784742,IT,ID,WHOLE,SEACO,0.03,3079.127,3,3,3079.127,0.0,0.0,0.0,0.0,102637.566667
1727754,IT,RO,RESEA,PUBLI,0.02,3079.085,3,3,3079.085,0.0,0.0,0.0,0.0,153954.25
1746085,IT,JP,PRINT,ELEC3,0.03,3078.967,3,3,3078.967,0.0,0.0,0.0,0.0,102632.233333
1690524,IT,IE,TEXT2,BUSIN,0.02,3078.551,3,3,3078.551,0.0,0.0,0.0,0.0,153927.55
1677341,IT,FR,FINAN,WASTE,0.04,3078.497,3,3,3078.497,0.0,0.0,0.0,0.0,76962.425
1808735,IT,WF,TEXT2,RAILW,0.02,3078.474,3,3,3078.474,0.0,0.0,0.0,0.0,153923.7
1759995,IT,BR,INTER,MOTO1,0.02,3078.367,3,3,3078.367,0.0,0.0,0.0,0.0,153918.35
1809683,IT,WM,PROCE,TOBAC,0.02,3078.33,3,3,3078.33,0.0,0.0,0.0,0.0,153916.5
1662959,IT,DK,RETA1,PAPE1,0.03,3077.925,3,3,3077.925,0.0,0.0,0.0,0.0,102597.5
1680612,IT,GR,CONST,HEALT,0.02,3077.769,3,3,3077.769,0.0,0.0,0.0,0.0,153888.45
1809629,IT,WM,DAIRY,PRINT,0.01,3077.696,3,3,3077.696,0.0,0.0,0.0,0.0,307769.6
1764621,IT,MX,RETA1,DAIRY,0.03,3077.6,3,3,3077.6,0.0,0.0,0.0,0.0,102586.666667
1661511,IT,DK,FOOD5,TRANS,0.01,3077.343,3,3,3077.343,0.0,0.0,0.0,0.0,307734.3
1685590,IT,HU,PRINT,CEMEN,0.03,3077.258,3,3,3077.258,0.0,0.0,0.0,0.0,102575.266667
1661169,IT,DE,93197,CHEM1,0.02,3077.241,3,3,3077.241,0.0,0.0,0.0,0.0,153862.05
1678044,IT,FR,EDUCA,FINAN,0.08,3077.142,3,3,3077.142,0.0,0.0,0.0,0.0,38464.275
1651936,IT,CY,BUSIN,WOODW,0.03,3077.129,3,3,3077.129,0.0,0.0,0.0,0.0,102570.966667
1652126,IT,CZ,MEATP,MEATP,0.01,3076.85,3,3,3076.85,0.0,0.0,0.0,0.0,307685.0
1762723,IT,IN,BUSIN,BITU1,0.03,3076.779,3,3,3076.779,0.0,0.0,0.0,0.0,102559.3
1722842,IT,PT,PRINT,FISH5,0.03,3076.669,3,3,3076.669,0.0,0.0,0.0,0.0,102555.633333
1735229,IT,SK,RUBBE,FOOD3,0.01,3076.622,3,3,3076.622,0.0,0.0,0.0,0.0,307662.2
1763704,IT,MX,RUBBE,RETAI,0.01,3076.613,3,3,3076.613,0.0,0.0,0.0,0.0,307661.3
1715075,IT,NL,WEARI,RAWMI,0.02,3076.415,3,3,3076.415,0.0,0.0,0.0,0.0,153820.75
1725327,IT,RO,BEVER,FOOD4,0.01,3076.341,3,3,3076.341,0.0,0.0,0.0,0.0,307634.1
1782672,IT,NO,WHOLE,LEATH,0.03,3076.216,3,3,3076.216,0.0,0.0,0.0,0.0,102540.533333
1650407,IT,BG,ELEC4,KEROS,0.05,3075.901,3,3,3075.901,0.0,0.0,0.0,0.0,61518.02
1792559,IT,WA,RENTI,CONST,0.02,3075.502,3,3,3075.502,0.0,0.0,0.0,0.0,153775.1
1689392,IT,IE,RETA1,PAPE4,0.03,3075.452,3,3,3075.452,0.0,0.0,0.0,0.0,102515.066667
1787831,IT,WA,FOOD5,FORES,0.01,3075.438,3,3,3075.438,0.0,0.0,0.0,0.0,307543.8
1667471,IT,ES,FABRI,FORES,0.01,3074.568,3,3,3074.568,0.0,0.0,0.0,0.0,307456.8
1744647,IT,US,COMPU,CEREA,0.04,3074.539,3,3,3074.539,0.0,0.0,0.0,0.0,76863.475
1762762,IT,IN,BUSIN,BLAST,0.03,3074.427,3,3,3074.427,0.0,0.0,0.0,0.0,102480.9
1793707,IT,WL,FOOD5,OFFIC,0.01,3074.343,3,3,3074.343,0.0,0.0,0.0,0.0,307434.3
1756903,IT,KR,FINAN,CONST,0.04,3074.198,3,3,3074.198,0.0,0.0,0.0,0.0,76854.95
1676104,IT,FR,ELEC8,ALUM1,0.04,3074.041,3,3,3074.041,0.0,0.0,0.0,0.0,76851.025
1787251,IT,WA,VEGET,RUBBE,0.01,3074.036,3,3,3074.036,0.0,0.0,0.0,0.0,307403.6
1722230,IT,PL,EDUCA,INSUR,0.08,3073.679,3,3,3073.679,0.0,0.0,0.0,0.0,38420.9875
1802548,IT,WE,FINAN,BEVER,0.04,3073.475,3,3,3073.475,0.0,0.0,0.0,0.0,76836.875
1690095,IT,IE,RENTI,INTER,0.02,3073.123,3,3,3073.123,0.0,0.0,0.0,0.0,153656.15
1791534,IT,WA,RETA1,LIQUE,0.03,3072.891,3,3,3072.891,0.0,0.0,0.0,0.0,102429.7
1803654,IT,WF,FOOD5,INSUR,0.01,3072.889,3,3,3072.889,0.0,0.0,0.0,0.0,307288.9
1778528,IT,TR,RETA1,PRINT,0.03,3072.459,3,3,3072.459,0.0,0.0,0.0,0.0,102415.3
1754599,IT,KR,CROPS,EDUCA,0.02,3072.293,3,3,3072.293,0.0,0.0,0.0,0.0,153614.65
1678183,IT,FR,INTER,TEXT1,0.02,3072.205,3,3,3072.205,0.0,0.0,0.0,0.0,153610.25
1731280,IT,SI,MEAT4,FABRI,0.02,3072.133,3,3,3072.133,0.0,0.0,0.0,0.0,153606.65
1656192,IT,DE,TEXTI,BRICK,0.02,3072.047,3,3,3072.047,0.0,0.0,0.0,0.0,153602.35
1748794,IT,CN,TEXTI,BIODI,0.02,3071.963,3,3,3071.963,0.0,0.0,0.0,0.0,153598.15
1770386,IT,AU,LANDT,ELECT,0.02,3071.887,3,3,3071.887,0.0,0.0,0.0,0.0,153594.35
1788113,IT,WA,WEARI,ALUMI,0.02,3071.484,3,3,3071.484,0.0,0.0,0.0,0.0,153574.2
1811227,IT,WM,WHITE,CHEM1,0.02,3071.465,3,3,3071.465,0.0,0.0,0.0,0.0,153573.25
1647616,IT,BE,POSTT,SEACO,0.05,3071.238,3,3,3071.238,0.0,0.0,0.0,0.0,61424.76
1652819,IT,CZ,PRINT,NONME,0.03,3070.719,3,3,3070.719,0.0,0.0,0.0,0.0,102357.3
1640546,IT,AT,FOOD5,PRINT,0.01,3070.519,3,3,3070.519,0.0,0.0,0.0,0.0,307051.9
1729967,IT,SE,CONST,HOTEL,0.02,3070.371,3,3,3070.371,0.0,0.0,0.0,0.0,153518.55
1717323,IT,NL,FINAN,PLAST,0.04,3070.198,3,3,3070.198,0.0,0.0,0.0,0.0,76754.95
1768250,IT,RU,PAPE4,PREC1,0.02,3070.169,3,3,3070.169,0.0,0.0,0.0,0.0,153508.45
1669629,IT,ES,RENTI,LANDT,0.02,3070.114,3,3,3070.114,0.0,0.0,0.0,0.0,153505.7
1747727,IT,JP,FINAN,DISTR,0.04,3069.931,3,3,3069.931,0.0,0.0,0.0,0.0,76748.275
1673209,IT,FR,BEVER,FOOD3,0.01,3069.748,3,3,3069.748,0.0,0.0,0.0,0.0,306974.8
1665863,IT,ES,PRINT,COLLE,0.03,3069.378,3,3,3069.378,0.0,0.0,0.0,0.0,102312.6
1647816,IT,BE,AUXIL,OFFIC,0.06,3069.258,3,3,3069.258,0.0,0.0,0.0,0.0,51154.3
1736646,IT,SK,FINAN,HEALT,0.04,3068.93,3,3,3068.93,0.0,0.0,0.0,0.0,76723.25
1661252,IT,DK,VEGET,MACHI,0.01,3068.816,3,3,3068.816,0.0,0.0,0.0,0.0,306881.6
1802741,IT,WE,RESEA,TRANS,0.02,3068.689,3,3,3068.689,0.0,0.0,0.0,0.0,153434.45
1748828,IT,CN,TEXTI,COLLE,0.02,3068.395,3,3,3068.395,0.0,0.0,0.0,0.0,153419.75
1743112,IT,US,MOTO1,ADDIT,0.02,3068.088,3,3,3068.088,0.0,0.0,0.0,0.0,153404.4
1659591,IT,DE,HOTEL,REFI1,0.02,3068.049,3,3,3068.049,0.0,0.0,0.0,0.0,153402.45
1682236,IT,HR,WEARI,WASTE,0.02,3067.99,3,3,3067.99,0.0,0.0,0.0,0.0,153399.5
1781722,IT,NO,PAPER,MEATP,0.01,3067.659,3,3,3067.659,0.0,0.0,0.0,0.0,306765.9
1743144,IT,US,MOTO1,STEAM,0.02,3067.544,3,3,3067.544,0.0,0.0,0.0,0.0,153377.2
1775863,IT,TR,DAIRY,PRINT,0.01,3067.404,3,3,3067.404,0.0,0.0,0.0,0.0,306740.4
1783255,IT,NO,PUBLI,WHOLE,0.05,3067.169,3,3,3067.169,0.0,0.0,0.0,0.0,61343.38
1663921,IT,EE,LEATH,PUBLI,0.02,3067.034,3,3,3067.034,0.0,0.0,0.0,0.0,153351.7
1725472,IT,RO,WEARI,FOUND,0.02,3067.025,3,3,3067.025,0.0,0.0,0.0,0.0,153351.25
1714985,IT,NL,TOBAC,FISH5,0.01,3066.973,3,3,3066.973,0.0,0.0,0.0,0.0,306697.3
1678157,IT,FR,PLAS1,FOOD1,0.01,3066.934,3,3,3066.934,0.0,0.0,0.0,0.0,306693.4
1782862,IT,NO,LANDT,RECRE,0.02,3066.509,3,3,3066.509,0.0,0.0,0.0,0.0,153325.45
1725405,IT,RO,TEXTI,ELEC6,0.02,3065.882,3,3,3065.882,0.0,0.0,0.0,0.0,153294.1
1647281,IT,BE,LANDT,FINAN,0.02,3065.797,3,3,3065.797,0.0,0.0,0.0,0.0,153289.85
1756516,IT,KR,WHOLE,COALT,0.03,3065.76,3,3,3065.76,0.0,0.0,0.0,0.0,102192.0
1787366,IT,WA,WOOLS,STONE,0.01,3065.552,3,3,3065.552,0.0,0.0,0.0,0.0,306555.2
1750396,IT,CN,FABRI,BLAST,0.01,3064.886,3,3,3064.886,0.0,0.0,0.0,0.0,306488.6
1799248,IT,WE,LEATH,LIQUE,0.02,3064.739,3,3,3064.739,0.0,0.0,0.0,0.0,153236.95
1665333,IT,ES,FISH5,KEROS,0.01,3064.735,4,4,3064.733,0.0,0.0,0.0,0.002,306473.5
1807270,IT,WF,POSTT,CROPS,0.05,3064.656,3,3,3064.656,0.0,0.0,0.0,0.0,61293.12
1744203,IT,US,POSTT,TOBAC,0.05,3064.567,3,3,3064.567,0.0,0.0,0.0,0.0,61291.34
1814711,IT,WM,INTER,EDUCA,0.02,3064.553,3,3,3064.553,0.0,0.0,0.0,0.0,153227.65
1765726,IT,RU,PAPER,PAPE4,0.01,3064.52,3,3,3064.52,0.0,0.0,0.0,0.0,306452.0
1661256,IT,DK,VEGET,FURNI,0.01,3064.359,3,3,3064.359,0.0,0.0,0.0,0.0,306435.9
1737369,IT,GB,FISH5,DAIRY,0.01,3064.317,4,4,3064.315,0.0,0.0,0.0,0.002,306431.7
1678646,IT,GR,MEATC,COMPU,0.01,3064.121,3,3,3064.121,0.0,0.0,0.0,0.0,306412.1
1786800,IT,ZA,HOTEL,LEAD1,0.02,3064.085,3,3,3064.085,0.0,0.0,0.0,0.0,153204.25
1716276,IT,NL,FABRI,NONFE,0.01,3064.074,3,3,3064.074,0.0,0.0,0.0,0.0,306407.4
1807375,IT,WF,FINAN,FABRI,0.04,3064.024,3,3,3064.024,0.0,0.0,0.0,0.0,76600.6
1680851,IT,GR,LANDT,FISHF,0.02,3063.928,3,3,3063.928,0.0,0.0,0.0,0.0,153196.4
1678413,IT,FR,INERT,TRANS,0.02,3063.748,3,3,3063.748,0.0,0.0,0.0,0.0,153187.4
1687820,IT,HU,POSTT,RENTI,0.05,3063.587,3,3,3063.587,0.0,0.0,0.0,0.0,61271.74
1680255,IT,GR,TRANS,BUSIN,0.02,3063.563,3,3,3063.563,0.0,0.0,0.0,0.0,153178.15
1728173,IT,SE,PROCE,MEAT1,0.02,3063.274,3,3,3063.274,0.0,0.0,0.0,0.0,153163.7
1661695,IT,DK,WEARI,OFFIC,0.02,3063.272,3,3,3063.272,0.0,0.0,0.0,0.0,153163.6
1684516,IT,HR,BUSIN,SANDC,0.03,3063.15,3,3,3063.15,0.0,0.0,0.0,0.0,102105.0
1787823,IT,WA,FOOD5,OILSE,0.01,3063.14,3,3,3063.14,0.0,0.0,0.0,0.0,306314.0
1654477,IT,CZ,HOTEL,VEGET,0.02,3062.896,3,3,3062.896,0.0,0.0,0.0,0.0,153144.8
1721179,IT,PL,RAILW,FOOD2,0.02,3062.613,3,3,3062.613,0.0,0.0,0.0,0.0,153130.65
1729949,IT,SE,CONST,STONE,0.02,3062.388,3,3,3062.388,0.0,0.0,0.0,0.0,153119.4
1734276,IT,SI,COMPU,EDUCA,0.03,3062.38,3,3,3062.38,0.0,0.0,0.0,0.0,102079.333333
1654497,IT,CZ,HOTEL,PULP5,0.02,3062.291,3,3,3062.291,0.0,0.0,0.0,0.0,153114.55
1771510,IT,CH,FISH5,DIST1,0.01,3062.245,4,4,3062.243,0.0,0.0,0.0,0.002,306224.5
1656038,IT,DE,BEVER,CHEMI,0.01,3062.056,3,3,3062.056,0.0,0.0,0.0,0.0,306205.6
1664853,IT,ES,MEATA,RESEA,0.02,3062.053,3,3,3062.053,0.0,0.0,0.0,0.0,153102.65
1765052,IT,MX,INSUR,DISTR,0.06,3061.933,3,3,3061.933,0.0,0.0,0.0,0.0,51032.216667
1768721,IT,AU,WEARI,NATU1,0.02,3061.903,3,3,3061.903,0.0,0.0,0.0,0.0,153095.15
1743768,IT,US,LANDT,ADDIT,0.02,3061.797,3,3,3061.797,0.0,0.0,0.0,0.0,153089.85
1671849,IT,FI,RETA1,PAPE1,0.03,3061.78,3,3,3061.78,0.0,0.0,0.0,0.0,102059.333333
1710813,IT,LU,PAPER,BEVER,0.01,3061.76,3,3,3061.76,0.0,0.0,0.0,0.0,306176.0
1745489,IT,JP,FOOD5,BRICK,0.01,3061.362,3,3,3061.362,0.0,0.0,0.0,0.0,306136.2
1773643,IT,CH,TRANS,93197,0.02,3060.656,3,3,3060.656,0.0,0.0,0.0,0.0,153032.8
1783616,IT,NO,FOOD2,WOOD2,0.02,3060.384,3,3,3060.384,0.0,0.0,0.0,0.0,153019.2
1678362,IT,FR,FOOD4,TEXT1,0.02,3060.384,3,3,3060.384,0.0,0.0,0.0,0.0,153019.2
1655743,IT,DE,MEATC,INLAN,0.01,3060.369,3,3,3060.369,0.0,0.0,0.0,0.0,306036.9
1814502,IT,WM,RESEA,NONME,0.02,3060.266,3,3,3060.266,0.0,0.0,0.0,0.0,153013.3
1770567,IT,AU,SUPPO,EDUCA,0.02,3060.083,3,3,3060.083,0.0,0.0,0.0,0.0,153004.15
1739851,IT,GB,FINAN,BIODI,0.04,3060.068,3,3,3060.068,0.0,0.0,0.0,0.0,76501.7
1793264,IT,WA,PRIVA,HEAVY,0.68,3060.06,3,3,3060.06,0.0,0.0,0.0,0.0,4500.088235
1714772,IT,NL,PROCE,VEGE1,0.02,3059.766,3,3,3059.766,0.0,0.0,0.0,0.0,152988.3
1725462,IT,RO,WEARI,KEROS,0.02,3059.652,3,3,3059.652,0.0,0.0,0.0,0.0,152982.6
1687476,IT,HU,RAILW,PUBLI,0.02,3059.646,3,3,3059.646,0.0,0.0,0.0,0.0,152982.3
1796267,IT,WL,CONST,BRICK,0.02,3059.509,3,3,3059.509,0.0,0.0,0.0,0.0,152975.45
1764416,IT,MX,TRANS,FABRI,0.02,3059.366,3,3,3059.366,0.0,0.0,0.0,0.0,152968.3
1758840,IT,BR,HOTEL,PROCE,0.02,3059.328,3,3,3059.328,0.0,0.0,0.0,0.0,152966.4
1764152,IT,MX,FABRI,AUXIL,0.01,3059.277,3,3,3059.277,0.0,0.0,0.0,0.0,305927.7
1670364,IT,FI,DAIRY,FISH5,0.01,3059.121,3,3,3059.121,0.0,0.0,0.0,0.0,305912.1
1728637,IT,SE,PRINT,HEAVY,0.03,3059.011,3,3,3059.011,0.0,0.0,0.0,0.0,101967.033333
1760758,IT,IN,PRINT,NAPHT,0.03,3058.991,3,3,3058.991,0.0,0.0,0.0,0.0,101966.366667
1641157,IT,AT,PRINT,WEARI,0.03,3058.701,3,3,3058.701,0.0,0.0,0.0,0.0,101956.7
1789072,IT,WA,WHITE,MEAT4,0.02,3058.579,3,3,3058.579,0.0,0.0,0.0,0.0,152928.95
1734028,IT,SI,FINAN,BEVER,0.04,3058.337,3,3,3058.337,0.0,0.0,0.0,0.0,76458.425
1717202,IT,NL,SUPPO,CEMEN,0.02,3058.305,3,3,3058.305,0.0,0.0,0.0,0.0,152915.25
1651072,IT,BG,INSUR,FABRI,0.06,3058.119,3,3,3058.119,0.0,0.0,0.0,0.0,50968.65
1743509,IT,US,RETA1,FURNI,0.03,3057.861,3,3,3057.861,0.0,0.0,0.0,0.0,101928.7
1797637,IT,WL,PAPE1,MEATP,0.02,3057.694,3,3,3057.694,0.0,0.0,0.0,0.0,152884.7
1712139,IT,LV,WEARI,RETA1,0.02,3056.994,3,3,3056.994,0.0,0.0,0.0,0.0,152849.7
1754497,IT,CA,BUSIN,REFI1,0.03,3056.429,3,3,3056.429,0.0,0.0,0.0,0.0,101880.966667
1711313,IT,LU,WHOLE,PAPER,0.03,3055.962,3,3,3055.962,0.0,0.0,0.0,0.0,101865.4
1767579,IT,RU,SUPPO,FORES,0.02,3055.94,3,3,3055.94,0.0,0.0,0.0,0.0,152797.0
1680561,IT,GR,ELEC8,SEACO,0.04,3055.916,3,3,3055.916,0.0,0.0,0.0,0.0,76397.9
1814310,IT,WM,FINAN,DAIRY,0.04,3055.685,3,3,3055.685,0.0,0.0,0.0,0.0,76392.125
1803138,IT,WF,VEGET,ELECT,0.01,3055.585,3,3,3055.585,0.0,0.0,0.0,0.0,305558.5
1733956,IT,SI,SUPPO,ELEC1,0.02,3055.401,3,3,3055.401,0.0,0.0,0.0,0.0,152770.05
1792693,IT,WA,RESEA,MEMBE,0.02,3055.28,3,3,3055.28,0.0,0.0,0.0,0.0,152764.0
1648473,IT,BG,VEGET,HOTEL,0.01,3055.106,3,3,3055.106,0.0,0.0,0.0,0.0,305510.6
1771608,IT,CH,TEXTI,WOOD1,0.02,3054.966,3,3,3054.966,0.0,0.0,0.0,0.0,152748.3
1747928,IT,JP,COMPU,RENTI,0.03,3054.955,3,3,3054.955,0.0,0.0,0.0,0.0,101831.833333
1710549,IT,LT,SUPPO,INERT,0.02,3054.943,3,3,3054.943,0.0,0.0,0.0,0.0,152747.15
1684507,IT,HR,BUSIN,OILSE,0.03,3054.894,3,3,3054.894,0.0,0.0,0.0,0.0,101829.8
1644822,IT,BE,TEXTI,NONME,0.02,3054.869,3,3,3054.869,0.0,0.0,0.0,0.0,152743.45
1793299,IT,WA,PRIVA,MEDIC,0.68,3054.678,3,3,3054.678,0.0,0.0,0.0,0.0,4492.173529
1810244,IT,WM,LEATH,BITU1,0.02,3054.637,3,3,3054.637,0.0,0.0,0.0,0.0,152731.85
1738025,IT,GB,RUBBE,ANIMA,0.01,3054.573,3,3,3054.573,0.0,0.0,0.0,0.0,305457.3
1796509,IT,WL,RETA1,CERAM,0.03,3054.321,3,3,3054.321,0.0,0.0,0.0,0.0,101810.7
1733356,IT,SI,TRANS,ELEC4,0.02,3053.96,3,3,3053.96,0.0,0.0,0.0,0.0,152698.0
1650660,IT,BG,WHOLE,TRAN1,0.03,3053.828,3,3,3053.828,0.0,0.0,0.0,0.0,101794.266667
1814312,IT,WM,FINAN,BEVER,0.04,3053.706,3,3,3053.706,0.0,0.0,0.0,0.0,76342.65
1764528,IT,MX,CONST,WASTE,0.02,3053.699,3,3,3053.699,0.0,0.0,0.0,0.0,152684.95
1652547,IT,CZ,WEARI,MEMBE,0.02,3053.638,3,3,3053.638,0.0,0.0,0.0,0.0,152681.9
1684943,IT,HU,MEATP,BEVER,0.01,3053.592,3,3,3053.592,0.0,0.0,0.0,0.0,305359.2
1684643,IT,HR,PAPE4,RETA1,0.02,3053.242,3,3,3053.242,0.0,0.0,0.0,0.0,152662.1
1767252,IT,RU,HOTEL,WEARI,0.02,3053.229,3,3,3053.229,0.0,0.0,0.0,0.0,152661.45
1792745,IT,WA,BUSIN,BIODI,0.03,3053.227,3,3,3053.227,0.0,0.0,0.0,0.0,101774.233333
1806654,IT,WF,RETAI,CHEMI,0.02,3052.965,3,3,3052.965,0.0,0.0,0.0,0.0,152648.25
1783871,IT,NO,WOOD2,GLASS,0.02,3052.509,3,3,3052.509,0.0,0.0,0.0,0.0,152625.45
1664555,IT,EE,WHOLE,OFFIC,0.03,3052.48,3,3,3052.48,0.0,0.0,0.0,0.0,101749.333333
1786764,IT,ZA,HOTEL,SANDC,0.02,3051.942,3,3,3051.942,0.0,0.0,0.0,0.0,152597.1
1734277,IT,SI,COMPU,HEALT,0.03,3051.85,3,3,3051.85,0.0,0.0,0.0,0.0,101728.333333
1712547,IT,LV,MACHI,PIGS9,0.02,3051.686,3,3,3051.686,0.0,0.0,0.0,0.0,152584.3
1742150,IT,US,RUBBE,PAPE4,0.01,3051.598,3,3,3051.598,0.0,0.0,0.0,0.0,305159.8
1768149,IT,RU,PUBLI,HEAVY,0.05,3051.574,3,3,3051.574,0.0,0.0,0.0,0.0,61031.48
1797400,IT,WL,COMPU,PFERT,0.03,3051.55,3,3,3051.55,0.0,0.0,0.0,0.0,101718.333333
1807688,IT,WF,BUSIN,MOTOR,0.03,3051.498,3,3,3051.498,0.0,0.0,0.0,0.0,101716.6
1797676,IT,WL,PAPE1,93197,0.02,3051.456,3,3,3051.456,0.0,0.0,0.0,0.0,152572.8
1671961,IT,FI,LANDT,LEAD1,0.02,3051.055,3,3,3051.055,0.0,0.0,0.0,0.0,152552.75
1710559,IT,LT,AUXIL,FINAN,0.06,3051.004,3,3,3051.004,0.0,0.0,0.0,0.0,50850.066667
1723158,IT,PT,RUBBE,MEATA,0.01,3050.935,3,3,3050.935,0.0,0.0,0.0,0.0,305093.5
1748162,IT,JP,FOODW,RUBBE,0.02,3050.827,3,3,3050.827,0.0,0.0,0.0,0.0,152541.35
1750342,IT,CN,FABRI,PROCE,0.01,3050.775,3,3,3050.775,0.0,0.0,0.0,0.0,305077.5
1768962,IT,AU,PAPER,NONF1,0.01,3050.709,3,3,3050.709,0.0,0.0,0.0,0.0,305070.9
1797320,IT,WL,AUXIL,RESEA,0.06,3050.706,3,3,3050.706,0.0,0.0,0.0,0.0,50845.1
1650741,IT,BG,HOTEL,RETAI,0.02,3050.683,3,3,3050.683,0.0,0.0,0.0,0.0,152534.15
1679988,IT,GR,FABRI,POSTT,0.01,3050.245,3,3,3050.245,0.0,0.0,0.0,0.0,305024.5
1768850,IT,AU,LEATH,HOTEL,0.02,3049.911,3,3,3049.911,0.0,0.0,0.0,0.0,152495.55
1670429,IT,FI,FOOD5,COPP1,0.01,3049.847,3,3,3049.847,0.0,0.0,0.0,0.0,304984.7
1773592,IT,CH,TRANS,RAWMI,0.02,3049.796,3,3,3049.796,0.0,0.0,0.0,0.0,152489.8
1783118,IT,NO,AUXIL,CRUDE,0.06,3049.707,3,3,3049.707,0.0,0.0,0.0,0.0,50828.45
1676003,IT,FR,ELEC5,OFFIC,0.04,3049.546,3,3,3049.546,0.0,0.0,0.0,0.0,76238.65
1663608,IT,DK,BUSIN,PAPER,0.03,3049.488,3,3,3049.488,0.0,0.0,0.0,0.0,101649.6
1727813,IT,RO,BUSIN,FOUND,0.03,3049.466,3,3,3049.466,0.0,0.0,0.0,0.0,101648.866667
1652465,IT,CZ,WEARI,LIGNI,0.02,3049.407,3,3,3049.407,0.0,0.0,0.0,0.0,152470.35
1670080,IT,ES,FOOD4,PRECI,0.02,3049.117,3,3,3049.117,0.0,0.0,0.0,0.0,152455.85
1809677,IT,WM,PROCE,VEGE1,0.02,3048.953,3,3,3048.953,0.0,0.0,0.0,0.0,152447.65
1725734,IT,RO,PRINT,CEREA,0.03,3048.952,3,3,3048.952,0.0,0.0,0.0,0.0,101631.733333
1652022,IT,CZ,VEGET,SECO9,0.01,3048.816,3,3,3048.816,0.0,0.0,0.0,0.0,304881.6
1670101,IT,ES,FOOD4,PAPE2,0.02,3048.73,3,3,3048.73,0.0,0.0,0.0,0.0,152436.5
1767873,IT,RU,AUXIL,RESEA,0.06,3048.713,3,3,3048.713,0.0,0.0,0.0,0.0,50811.883333
1786760,IT,ZA,HOTEL,IRONO,0.02,3048.513,3,3,3048.513,0.0,0.0,0.0,0.0,152425.65
1808712,IT,WF,TEXT2,NATU1,0.02,3048.446,3,3,3048.446,0.0,0.0,0.0,0.0,152422.3
1808282,IT,WF,FOOD2,COPP1,0.02,3048.236,3,3,3048.236,0.0,0.0,0.0,0.0,152411.8
1733446,IT,SI,CONST,LANDT,0.02,3047.606,3,3,3047.606,0.0,0.0,0.0,0.0,152380.3
1799486,IT,WE,PAPER,ELEC2,0.01,3047.547,3,3,3047.547,0.0,0.0,0.0,0.0,304754.7
1722870,IT,PT,PRINT,ELEC2,0.03,3047.425,3,3,3047.425,0.0,0.0,0.0,0.0,101580.833333
1678410,IT,FR,INERT,RUBBE,0.02,3047.395,3,3,3047.395,0.0,0.0,0.0,0.0,152369.75
1803745,IT,WF,FISH5,AIRTR,0.01,3047.337,4,4,3047.335,0.0,0.0,0.0,0.002,304733.7
1807693,IT,WF,BUSIN,CHEM1,0.03,3047.313,3,3,3047.313,0.0,0.0,0.0,0.0,101577.1
1745271,IT,JP,MEATP,GLASS,0.01,3047.265,3,3,3047.265,0.0,0.0,0.0,0.0,304726.5
1775362,IT,CH,PUBLI,MEATP,0.05,3046.974,3,3,3046.974,0.0,0.0,0.0,0.0,60939.48
1736983,IT,GB,MEATA,FURNI,0.02,3046.917,3,3,3046.917,0.0,0.0,0.0,0.0,152345.85
1659246,IT,DE,SALEM,NONME,0.02,3046.788,3,3,3046.788,0.0,0.0,0.0,0.0,152339.4
1640498,IT,AT,PROCE,MEATP,0.02,3046.681,3,3,3046.681,0.0,0.0,0.0,0.0,152334.05
1748042,IT,JP,BUSIN,CEMEN,0.03,3046.6,3,3,3046.6,0.0,0.0,0.0,0.0,101553.333333
1734139,IT,SI,AUXIL,SEACO,0.06,3045.623,3,3,3045.623,0.0,0.0,0.0,0.0,50760.383333
1654453,IT,CZ,RETA1,FOUND,0.03,3045.614,3,3,3045.614,0.0,0.0,0.0,0.0,101520.466667
1797363,IT,WL,RENTI,NICKE,0.02,3045.53,3,3,3045.53,0.0,0.0,0.0,0.0,152276.5
1793739,IT,WL,BEVER,TEXTI,0.01,3045.431,3,3,3045.431,0.0,0.0,0.0,0.0,304543.1
1758584,IT,BR,MOTO1,NONME,0.02,3044.868,3,3,3044.868,0.0,0.0,0.0,0.0,152243.4
1651904,IT,CY,INSUR,DISTR,0.06,3044.822,3,3,3044.822,0.0,0.0,0.0,0.0,50747.033333
1814645,IT,WM,PAPE1,DISTR,0.02,3044.806,3,3,3044.806,0.0,0.0,0.0,0.0,152240.3
1715080,IT,NL,WEARI,PULP5,0.02,3044.777,3,3,3044.777,0.0,0.0,0.0,0.0,152238.85
1660709,IT,DE,RENTI,ALUM1,0.02,3044.763,3,3,3044.763,0.0,0.0,0.0,0.0,152238.15
1786710,IT,ZA,RETA1,WOODW,0.03,3044.718,3,3,3044.718,0.0,0.0,0.0,0.0,101490.6
1686803,IT,HU,FABRI,NONSP,0.01,3044.366,3,3,3044.366,0.0,0.0,0.0,0.0,304436.6
1777774,IT,TR,FABRI,NICKE,0.01,3043.951,3,3,3043.951,0.0,0.0,0.0,0.0,304395.1
1721896,IT,PL,RENTI,CERAM,0.02,3043.796,3,3,3043.796,0.0,0.0,0.0,0.0,152189.8
1734281,IT,SI,RESEA,BUSIN,0.02,3043.789,3,3,3043.789,0.0,0.0,0.0,0.0,152189.45
1760113,IT,BR,FOOD2,SALEM,0.02,3043.649,3,3,3043.649,0.0,0.0,0.0,0.0,152182.45
1739081,IT,GB,RETAI,TEXT2,0.02,3043.447,3,3,3043.447,0.0,0.0,0.0,0.0,152172.35
1681281,IT,GR,FINAN,COMPU,0.04,3043.407,3,3,3043.407,0.0,0.0,0.0,0.0,76085.175
1668137,IT,ES,SALEM,NICKE,0.02,3043.326,3,3,3043.326,0.0,0.0,0.0,0.0,152166.3
1672172,IT,FI,AUXIL,NICKE,0.06,3042.979,3,3,3042.979,0.0,0.0,0.0,0.0,50716.316667
1744197,IT,US,POSTT,MEAT4,0.05,3042.566,3,3,3042.566,0.0,0.0,0.0,0.0,60851.32
1780734,IT,TW,REALE,POSTT,0.13,3042.249,3,3,3042.249,0.0,0.0,0.0,0.0,23401.915385
1786606,IT,ZA,SALEM,RETAI,0.02,3042.247,3,3,3042.247,0.0,0.0,0.0,0.0,152112.35
1650817,IT,BG,LANDT,FISH5,0.02,3042.078,3,3,3042.078,0.0,0.0,0.0,0.0,152103.9
1775003,IT,CH,REALE,RETA1,0.13,3042.065,3,3,3042.065,0.0,0.0,0.0,0.0,23400.5
1716401,IT,NL,MACHI,ELEC6,0.02,3041.966,3,3,3041.966,0.0,0.0,0.0,0.0,152098.3
1802263,IT,WE,LANDT,KEROS,0.02,3041.957,3,3,3041.957,0.0,0.0,0.0,0.0,152097.85
1814250,IT,WM,POSTT,NAPHT,0.05,3041.899,3,3,3041.899,0.0,0.0,0.0,0.0,60837.98
1722244,IT,PL,INTER,STEAM,0.02,3041.411,3,3,3041.411,0.0,0.0,0.0,0.0,152070.55
1677052,IT,FR,SUPPO,NFERT,0.02,3041.345,3,3,3041.345,0.0,0.0,0.0,0.0,152067.25
1808089,IT,WF,TEXT1,RECRE,0.02,3041.296,3,3,3041.296,0.0,0.0,0.0,0.0,152064.8
1665270,IT,ES,BEVER,NAPHT,0.01,3041.28,3,3,3041.28,0.0,0.0,0.0,0.0,304128.0
1672497,IT,FI,MEMBE,BUSIN,0.04,3041.164,3,3,3041.164,0.0,0.0,0.0,0.0,76029.1
1762339,IT,IN,SUPPO,ELECT,0.02,3041.023,3,3,3041.023,0.0,0.0,0.0,0.0,152051.15
1712030,IT,LV,FOOD5,PIGS9,0.01,3040.864,3,3,3040.864,0.0,0.0,0.0,0.0,304086.4
1778772,IT,TR,LANDT,WEARI,0.02,3040.816,3,3,3040.816,0.0,0.0,0.0,0.0,152040.8
1759353,IT,BR,FINAN,RUBBE,0.04,3040.608,3,3,3040.608,0.0,0.0,0.0,0.0,76015.2
1690159,IT,IE,COMPU,WOOD2,0.03,3040.592,3,3,3040.592,0.0,0.0,0.0,0.0,101353.066667
1754839,IT,KR,BEVER,PRINT,0.01,3040.545,3,3,3040.545,0.0,0.0,0.0,0.0,304054.5
1737196,IT,GB,DAIRY,POSTT,0.01,3039.874,3,3,3039.874,0.0,0.0,0.0,0.0,303987.4
1661501,IT,DK,FOOD5,KEROS,0.01,3039.725,3,3,3039.725,0.0,0.0,0.0,0.0,303972.5
1796684,IT,WL,RAILW,BEVER,0.02,3039.686,3,3,3039.686,0.0,0.0,0.0,0.0,151984.3
1659343,IT,DE,RETAI,RETA1,0.02,3039.649,3,3,3039.649,0.0,0.0,0.0,0.0,151982.45
1808216,IT,WF,FOOD1,RAWMI,0.02,3039.569,3,3,3039.569,0.0,0.0,0.0,0.0,151978.45
1802666,IT,WE,RENTI,MOTO1,0.02,3039.56,3,3,3039.56,0.0,0.0,0.0,0.0,151978.0
1655322,IT,DE,VEGET,PFERT,0.01,3039.492,3,3,3039.492,0.0,0.0,0.0,0.0,303949.2
1678282,IT,FR,FOOD2,TEXT1,0.02,3039.357,3,3,3039.357,0.0,0.0,0.0,0.0,151967.85
1665148,IT,ES,DAIRY,RENTI,0.01,3039.047,3,3,3039.047,0.0,0.0,0.0,0.0,303904.7
1656559,IT,DE,PRINT,MEATC,0.03,3039.04,3,3,3039.04,0.0,0.0,0.0,0.0,101301.333333
1656295,IT,DE,LEATH,BRICK,0.02,3038.832,3,3,3038.832,0.0,0.0,0.0,0.0,151941.6
1780233,IT,TW,RAILW,BUSIN,0.02,3038.813,3,3,3038.813,0.0,0.0,0.0,0.0,151940.65
1721136,IT,PL,RAILW,BITU1,0.02,3038.689,3,3,3038.689,0.0,0.0,0.0,0.0,151934.45
1714396,IT,NL,VEGET,POULT,0.01,3038.672,3,3,3038.672,0.0,0.0,0.0,0.0,303867.2
1644764,IT,BE,FISH5,ELEC2,0.01,3038.448,4,4,3038.446,0.0,0.0,0.0,0.002,303844.8
1663952,IT,EE,PAPER,MEATC,0.01,3038.438,3,3,3038.438,0.0,0.0,0.0,0.0,303843.8
1656468,IT,DE,PAPER,MEATA,0.01,3038.29,3,3,3038.29,0.0,0.0,0.0,0.0,303829.0
1758986,IT,BR,LANDT,WOODW,0.02,3038.059,3,3,3038.059,0.0,0.0,0.0,0.0,151902.95
1642855,IT,AT,MOTO1,PREC1,0.02,3037.825,3,3,3037.825,0.0,0.0,0.0,0.0,151891.25
1779879,IT,TR,PUBLI,AUXIL,0.05,3037.639,3,3,3037.639,0.0,0.0,0.0,0.0,60752.78
1752094,IT,CN,BUSIN,NONSP,0.03,3037.453,3,3,3037.453,0.0,0.0,0.0,0.0,101248.433333
1710632,IT,LU,MEATP,CONST,0.01,3037.381,3,3,3037.381,0.0,0.0,0.0,0.0,303738.1
1739909,IT,GB,FINAN,PAPE1,0.04,3037.351,3,3,3037.351,0.0,0.0,0.0,0.0,75933.775
1781668,IT,NO,LEATH,RAILW,0.02,3037.345,3,3,3037.345,0.0,0.0,0.0,0.0,151867.25
1670240,IT,ES,93197,RECRE,0.02,3037.302,3,3,3037.302,0.0,0.0,0.0,0.0,151865.1
1747633,IT,JP,SUPPO,BEVER,0.02,3037.124,3,3,3037.124,0.0,0.0,0.0,0.0,151856.2
1762174,IT,IN,LANDT,SUPPO,0.02,3037.099,3,3,3037.099,0.0,0.0,0.0,0.0,151854.95
1670142,IT,ES,INERT,BUSIN,0.02,3037.045,3,3,3037.045,0.0,0.0,0.0,0.0,151852.25
1669618,IT,ES,RENTI,FURNI,0.02,3036.981,3,3,3036.981,0.0,0.0,0.0,0.0,151849.05
1751596,IT,CN,POSTT,TRAN1,0.05,3036.692,3,3,3036.692,0.0,0.0,0.0,0.0,60733.84
1736577,IT,SK,SUPPO,POSTT,0.02,3036.565,3,3,3036.565,0.0,0.0,0.0,0.0,151828.25
1787952,IT,WA,TOBAC,CRUDE,0.01,3036.447,3,3,3036.447,0.0,0.0,0.0,0.0,303644.7
1745121,IT,US,HEALT,BUSIN,0.02,3036.397,3,3,3036.397,0.0,0.0,0.0,0.0,151819.85
1726811,IT,RO,WHOLE,GLASS,0.03,3036.312,3,3,3036.312,0.0,0.0,0.0,0.0,101210.4
1807508,IT,WF,RENTI,FOOD5,0.02,3036.166,3,3,3036.166,0.0,0.0,0.0,0.0,151808.3
1760186,IT,BR,FOOD4,RECRE,0.02,3035.939,3,3,3035.939,0.0,0.0,0.0,0.0,151796.95
1767578,IT,RU,SUPPO,POULT,0.02,3035.662,3,3,3035.662,0.0,0.0,0.0,0.0,151783.1
1678876,IT,GR,FISH5,INLAN,0.01,3035.574,4,4,3035.572,0.0,0.0,0.0,0.002,303557.4
1765085,IT,MX,AUXIL,MOTO1,0.06,3035.558,3,3,3035.558,0.0,0.0,0.0,0.0,50592.633333
1759387,IT,BR,INSUR,VEGET,0.06,3035.418,3,3,3035.418,0.0,0.0,0.0,0.0,50590.3
1722277,IT,PL,93197,FABRI,0.02,3035.41,3,3,3035.41,0.0,0.0,0.0,0.0,151770.5
1711293,IT,LU,RETAI,CONST,0.02,3035.058,3,3,3035.058,0.0,0.0,0.0,0.0,151752.9
1793378,IT,WL,VEGET,RETA1,0.01,3034.984,3,3,3034.984,0.0,0.0,0.0,0.0,303498.4
1740042,IT,GB,RENTI,NONF1,0.02,3034.663,3,3,3034.663,0.0,0.0,0.0,0.0,151733.15
1713270,IT,MT,PRINT,FISHF,0.03,3034.632,3,3,3034.632,0.0,0.0,0.0,0.0,101154.4
1645070,IT,BE,PAPER,ALUM1,0.01,3034.586,3,3,3034.586,0.0,0.0,0.0,0.0,303458.6
1728308,IT,SE,BEVER,TRAN2,0.01,3034.562,3,3,3034.562,0.0,0.0,0.0,0.0,303456.2
1650703,IT,BG,HOTEL,COPPE,0.02,3034.193,3,3,3034.193,0.0,0.0,0.0,0.0,151709.65
1769912,IT,AU,MOTO1,ALUM1,0.02,3033.726,3,3,3033.726,0.0,0.0,0.0,0.0,151686.3
1727039,IT,RO,RAILW,LIQUE,0.02,3033.51,3,3,3033.51,0.0,0.0,0.0,0.0,151675.5
1727541,IT,RO,REALE,NATUR,0.13,3033.057,3,3,3033.057,0.0,0.0,0.0,0.0,23331.207692
1813907,IT,WM,LANDT,SEACO,0.02,3032.994,3,3,3032.994,0.0,0.0,0.0,0.0,151649.7
1689021,IT,IE,MACHI,SEWAG,0.02,3032.348,3,3,3032.348,0.0,0.0,0.0,0.0,151617.4
1712112,IT,LV,TEXTI,CONST,0.02,3032.142,3,3,3032.142,0.0,0.0,0.0,0.0,151607.1
1663618,IT,DK,BUSIN,BRICK,0.03,3031.944,3,3,3031.944,0.0,0.0,0.0,0.0,101064.8
1753503,IT,CA,MACHI,PIGS9,0.02,3031.849,3,3,3031.849,0.0,0.0,0.0,0.0,151592.45
1680090,IT,GR,MACHI,SEWAG,0.02,3031.728,3,3,3031.728,0.0,0.0,0.0,0.0,151586.4
1663467,IT,DK,REALE,REALE,0.13,3031.357,3,3,3031.357,0.0,0.0,0.0,0.0,23318.130769
1746678,IT,JP,FABRI,MEATC,0.01,3031.172,3,3,3031.172,0.0,0.0,0.0,0.0,303117.2
1711694,IT,LU,BUSIN,FISH5,0.03,3031.166,3,3,3031.166,0.0,0.0,0.0,0.0,101038.866667
1680745,IT,GR,RETA1,ELEC6,0.03,3030.95,3,3,3030.95,0.0,0.0,0.0,0.0,101031.666667
1744688,IT,US,COMPU,FURNI,0.03,3030.894,3,3,3030.894,0.0,0.0,0.0,0.0,101029.8
1689871,IT,IE,AUXIL,MEATC,0.06,3030.851,3,3,3030.851,0.0,0.0,0.0,0.0,50514.183333
1793956,IT,WL,LEATH,BUSIN,0.02,3030.774,3,3,3030.774,0.0,0.0,0.0,0.0,151538.7
1785142,IT,ZA,DAIRY,RESEA,0.01,3030.536,3,3,3030.536,0.0,0.0,0.0,0.0,303053.6
1685175,IT,HU,BEVER,GLASS,0.01,3030.495,3,3,3030.495,0.0,0.0,0.0,0.0,303049.5
1814175,IT,WM,SUPPO,FOOD5,0.02,3030.233,3,3,3030.233,0.0,0.0,0.0,0.0,151511.65
1672201,IT,FI,AUXIL,BUSIN,0.06,3030.218,3,3,3030.218,0.0,0.0,0.0,0.0,50503.633333
1786592,IT,ZA,CONST,SUPPO,0.02,3030.163,3,3,3030.163,0.0,0.0,0.0,0.0,151508.15
1673178,IT,FR,BEVER,ELE10,0.01,3030.036,3,3,3030.036,0.0,0.0,0.0,0.0,303003.6
1765646,IT,RU,PAPER,CEREA,0.01,3030.018,3,3,3030.018,0.0,0.0,0.0,0.0,303001.8
1807698,IT,WF,BUSIN,ALUM1,0.03,3029.906,3,3,3029.906,0.0,0.0,0.0,0.0,100996.866667
1651953,IT,CY,BUSIN,COLLE,0.03,3029.871,3,3,3029.871,0.0,0.0,0.0,0.0,100995.7
1769223,IT,AU,RUBBE,RAWMI,0.01,3029.544,3,3,3029.544,0.0,0.0,0.0,0.0,302954.4
1640580,IT,AT,FOOD5,FINAN,0.01,3029.399,3,3,3029.399,0.0,0.0,0.0,0.0,302939.9
1796314,IT,WL,SALEM,BIOGA,0.02,3029.389,3,3,3029.389,0.0,0.0,0.0,0.0,151469.45
1751825,IT,CN,RENTI,TEXTI,0.02,3029.167,3,3,3029.167,0.0,0.0,0.0,0.0,151458.35
1650094,IT,BG,MACHI,93197,0.02,3028.542,3,3,3028.542,0.0,0.0,0.0,0.0,151427.1
1721273,IT,PL,LANDT,ELEC4,0.02,3028.44,3,3,3028.44,0.0,0.0,0.0,0.0,151422.0
1801584,IT,WE,TRANS,LEAD1,0.02,3028.439,3,3,3028.439,0.0,0.0,0.0,0.0,151421.95
1664874,IT,ES,FORES,CEMEN,0.03,3028.402,4,4,3027.402,0.0,1.0,0.0,0.0,100946.733333
1721908,IT,PL,RENTI,ELEC5,0.02,3028.342,3,3,3028.342,0.0,0.0,0.0,0.0,151417.1
1814736,IT,WM,OILHA,SUPPO,0.02,3028.087,3,3,3028.087,0.0,0.0,0.0,0.0,151404.35
1766990,IT,RU,MOTO1,COMPU,0.02,3028.003,3,3,3028.003,0.0,0.0,0.0,0.0,151400.15
1709607,IT,LT,PAPER,MOTO1,0.01,3027.658,3,3,3027.658,0.0,0.0,0.0,0.0,302765.8
1682020,IT,HR,BEVER,MACHI,0.01,3027.656,3,3,3027.656,0.0,0.0,0.0,0.0,302765.6
1653823,IT,CZ,FABRI,MEATA,0.01,3027.155,3,3,3027.155,0.0,0.0,0.0,0.0,302715.5
1747847,IT,JP,RENTI,STONE,0.02,3027.022,3,3,3027.022,0.0,0.0,0.0,0.0,151351.1
1747878,IT,JP,RENTI,ELEC6,0.02,3026.897,3,3,3026.897,0.0,0.0,0.0,0.0,151344.85
1771504,IT,CH,FISH5,RAWMI,0.01,3026.876,4,4,3026.874,0.0,0.0,0.0,0.002,302687.6
1775872,IT,TR,DAIRY,RESEA,0.01,3026.87,3,3,3026.87,0.0,0.0,0.0,0.0,302687.0
1778805,IT,TR,LANDT,MOTO1,0.02,3026.673,3,3,3026.673,0.0,0.0,0.0,0.0,151333.65
1712120,IT,LV,WEARI,STONE,0.02,3026.624,3,3,3026.624,0.0,0.0,0.0,0.0,151331.2
1710386,IT,LT,HOTEL,CONST,0.02,3026.581,3,3,3026.581,0.0,0.0,0.0,0.0,151329.05
1784162,IT,ID,PAPER,CERAM,0.01,3026.521,3,3,3026.521,0.0,0.0,0.0,0.0,302652.1
1765143,IT,MX,BUSIN,TOBAC,0.03,3026.453,3,3,3026.453,0.0,0.0,0.0,0.0,100881.766667
1671394,IT,FI,FABRI,SUGA1,0.01,3026.435,3,3,3026.435,0.0,0.0,0.0,0.0,302643.5
1793669,IT,WL,FOOD5,WHEAT,0.01,3026.062,3,3,3026.062,0.0,0.0,0.0,0.0,302606.2
1662958,IT,DK,RETA1,FOODW,0.03,3025.881,3,3,3025.881,0.0,0.0,0.0,0.0,100862.7
1688534,IT,IE,PAPER,MOTO1,0.01,3025.544,3,3,3025.544,0.0,0.0,0.0,0.0,302554.4
1770770,IT,AU,RENTI,93197,0.02,3025.466,3,3,3025.466,0.0,0.0,0.0,0.0,151273.3
1648918,IT,BG,WEARI,TOBAC,0.02,3025.409,3,3,3025.409,0.0,0.0,0.0,0.0,151270.45
1786956,IT,ZA,POSTT,LANDT,0.05,3025.309,3,3,3025.309,0.0,0.0,0.0,0.0,60506.18
1737130,IT,GB,MEAT4,RETA1,0.02,3025.14,3,3,3025.14,0.0,0.0,0.0,0.0,151257.0
1791621,IT,WA,HOTEL,DAIRY,0.02,3025.126,3,3,3025.126,0.0,0.0,0.0,0.0,151256.3
1753105,IT,CA,RUBBE,REFI1,0.01,3025.116,3,3,3025.116,0.0,0.0,0.0,0.0,302511.6
1724782,IT,PT,RENTI,PUBLI,0.02,3025.086,3,3,3025.086,0.0,0.0,0.0,0.0,151254.3
1807626,IT,WF,RESEA,COPP1,0.02,3025.085,3,3,3025.085,0.0,0.0,0.0,0.0,151254.25
1748244,IT,JP,OILHA,PADDY,0.02,3025.012,3,3,3025.012,0.0,0.0,0.0,0.0,151250.6
1753805,IT,CA,SALEM,PUBLI,0.02,3024.854,3,3,3024.854,0.0,0.0,0.0,0.0,151242.7
1777917,IT,TR,MACHI,PULP5,0.02,3024.851,3,3,3024.851,0.0,0.0,0.0,0.0,151242.55
1778734,IT,TR,RAILW,RESEA,0.02,3024.627,3,3,3024.627,0.0,0.0,0.0,0.0,151231.35
1714646,IT,NL,MEAT1,DAIRY,0.01,3024.602,3,3,3024.602,0.0,0.0,0.0,0.0,302460.2
1651305,IT,CY,TEXTI,CONST,0.02,3024.333,3,3,3024.333,0.0,0.0,0.0,0.0,151216.65
1676765,IT,FR,LANDT,PROCE,0.02,3024.332,3,3,3024.332,0.0,0.0,0.0,0.0,151216.6
1727961,IT,SE,CROPS,FOOD5,0.02,3024.3,3,3,3024.3,0.0,0.0,0.0,0.0,151215.0
1727968,IT,SE,MEATA,CONST,0.02,3024.149,3,3,3024.149,0.0,0.0,0.0,0.0,151207.45
1762761,IT,IN,BUSIN,COKE1,0.03,3024.149,3,3,3024.149,0.0,0.0,0.0,0.0,100804.966667
1684641,IT,HR,PAPE4,ELEC5,0.02,3024.054,3,3,3024.054,0.0,0.0,0.0,0.0,151202.7
1808023,IT,WF,INTER,PFERT,0.02,3024.017,3,3,3024.017,0.0,0.0,0.0,0.0,151200.85
1685222,IT,HU,TEXTI,PIGS9,0.02,3024.006,3,3,3024.006,0.0,0.0,0.0,0.0,151200.3
1786972,IT,ZA,FINAN,INSUR,0.04,3023.874,3,3,3023.874,0.0,0.0,0.0,0.0,75596.85
1642649,IT,AT,FABRI,ELEC6,0.01,3023.796,3,3,3023.796,0.0,0.0,0.0,0.0,302379.6
1681231,IT,GR,FINAN,WEARI,0.04,3023.788,3,3,3023.788,0.0,0.0,0.0,0.0,75594.7
1780645,IT,TW,AUXIL,DAIRY,0.06,3023.67,3,3,3023.67,0.0,0.0,0.0,0.0,50394.5
1670596,IT,FI,WEARI,WOODW,0.02,3023.597,3,3,3023.597,0.0,0.0,0.0,0.0,151179.85
1760523,IT,IN,WEARI,RETA1,0.02,3023.508,3,3,3023.508,0.0,0.0,0.0,0.0,151175.4
1802502,IT,WE,POSTT,PAPER,0.05,3023.385,3,3,3023.385,0.0,0.0,0.0,0.0,60467.7
1648939,IT,BG,WEARI,ELEC3,0.02,3023.332,3,3,3023.332,0.0,0.0,0.0,0.0,151166.6
1801441,IT,WE,MOTO1,IRONO,0.02,3023.322,3,3,3023.322,0.0,0.0,0.0,0.0,151166.1
1787655,IT,WA,MEAT4,POSTT,0.02,3023.308,3,3,3023.308,0.0,0.0,0.0,0.0,151165.4
1751237,IT,CN,HOTEL,BIOG1,0.02,3023.04,3,3,3023.04,0.0,0.0,0.0,0.0,151152.0
1670767,IT,FI,PAPER,WASTE,0.01,3022.895,3,3,3022.895,0.0,0.0,0.0,0.0,302289.5
1683731,IT,HR,MACHI,CERAM,0.02,3022.476,3,3,3022.476,0.0,0.0,0.0,0.0,151123.8
1685229,IT,HU,TEXTI,MEATP,0.02,3022.473,3,3,3022.473,0.0,0.0,0.0,0.0,151123.65
1750741,IT,CN,TRANS,PRINT,0.02,3022.4,3,3,3022.4,0.0,0.0,0.0,0.0,151120.0
1736318,IT,SK,HOTEL,INERT,0.02,3022.104,3,3,3022.104,0.0,0.0,0.0,0.0,151105.2
1682300,IT,HR,LEATH,SEWAG,0.02,3022.103,3,3,3022.103,0.0,0.0,0.0,0.0,151105.15
1687876,IT,HU,REALE,WOODW,0.13,3021.811,3,3,3021.811,0.0,0.0,0.0,0.0,23244.7
1781595,IT,NO,WEARI,MOTO1,0.02,3021.677,3,3,3021.677,0.0,0.0,0.0,0.0,151083.85
1739198,IT,GB,RETA1,MOTO1,0.03,3021.484,3,3,3021.484,0.0,0.0,0.0,0.0,100716.133333
1740092,IT,GB,COMPU,NATUR,0.03,3021.396,3,3,3021.396,0.0,0.0,0.0,0.0,100713.2
1714335,IT,MT,HEALT,COMPU,0.02,3021.146,3,3,3021.146,0.0,0.0,0.0,0.0,151057.3
1649176,IT,BG,PRINT,ELEC1,0.03,3021.135,3,3,3021.135,0.0,0.0,0.0,0.0,100704.5
1752357,IT,CA,MEAT4,PFERT,0.02,3020.929,3,3,3020.929,0.0,0.0,0.0,0.0,151046.45
1724231,IT,PT,RAILW,TRANS,0.02,3020.917,3,3,3020.917,0.0,0.0,0.0,0.0,151045.85
1760669,IT,IN,PAPER,TOBAC,0.01,3020.901,3,3,3020.901,0.0,0.0,0.0,0.0,302090.1
1647657,IT,BE,FINAN,MEDIC,0.04,3020.856,3,3,3020.856,0.0,0.0,0.0,0.0,75521.4
1683971,IT,HR,WHOLE,MACHI,0.03,3020.663,3,3,3020.663,0.0,0.0,0.0,0.0,100688.766667
1798007,IT,WL,INERT,PFERT,0.02,3020.64,3,3,3020.64,0.0,0.0,0.0,0.0,151032.0
1665159,IT,ES,PROCE,VEGE1,0.02,3020.598,3,3,3020.598,0.0,0.0,0.0,0.0,151029.9
1802930,IT,WF,PADDY,WHOLE,0.03,3020.447,3,3,3020.447,0.0,0.0,0.0,0.0,100681.566667
1714964,IT,NL,FISH5,HEAVY,0.01,3020.442,4,4,3020.44,0.0,0.0,0.0,0.002,302044.2
1780537,IT,TW,FINAN,IRONO,0.04,3020.328,3,3,3020.328,0.0,0.0,0.0,0.0,75508.2
1687981,IT,HU,RENTI,MEDIC,0.02,3020.206,3,3,3020.206,0.0,0.0,0.0,0.0,151010.3
1797370,IT,WL,RENTI,HEAVY,0.02,3020.192,3,3,3020.192,0.0,0.0,0.0,0.0,151009.6
1681449,IT,GR,COMPU,DAIRY,0.03,3019.951,3,3,3019.951,0.0,0.0,0.0,0.0,100665.033333
1765659,IT,RU,PAPER,MEAT4,0.01,3019.864,3,3,3019.864,0.0,0.0,0.0,0.0,301986.4
1807360,IT,WF,FINAN,WEARI,0.04,3019.509,3,3,3019.509,0.0,0.0,0.0,0.0,75487.725
1803468,IT,WF,MEAT4,MEAT1,0.02,3019.458,3,3,3019.458,0.0,0.0,0.0,0.0,150972.9
1728046,IT,SE,MEATC,DAIRY,0.01,3019.45,3,3,3019.45,0.0,0.0,0.0,0.0,301945.0
1681484,IT,GR,COMPU,EDUCA,0.03,3018.935,3,3,3018.935,0.0,0.0,0.0,0.0,100631.166667
1751271,IT,CN,HOTEL,WOOD1,0.02,3018.848,3,3,3018.848,0.0,0.0,0.0,0.0,150942.4
1648104,IT,BE,RESEA,NAPHT,0.02,3018.743,3,3,3018.743,0.0,0.0,0.0,0.0,150937.15
1690264,IT,IE,INTER,BUSIN,0.02,3018.573,3,3,3018.573,0.0,0.0,0.0,0.0,150928.65
1668109,IT,ES,CONST,TRAN1,0.02,3018.541,3,3,3018.541,0.0,0.0,0.0,0.0,150927.05
1780601,IT,TW,INSUR,NAPHT,0.06,3018.492,3,3,3018.492,0.0,0.0,0.0,0.0,50308.2
1794719,IT,WL,WHITE,ELEC4,0.02,3018.428,3,3,3018.428,0.0,0.0,0.0,0.0,150921.4
1797770,IT,WL,WOOD1,SUPPO,0.02,3018.373,3,3,3018.373,0.0,0.0,0.0,0.0,150918.65
1684645,IT,HR,PAPE4,BUSIN,0.02,3018.33,3,3,3018.33,0.0,0.0,0.0,0.0,150916.5
1675970,IT,FR,ELEC4,RAILW,0.05,3018.316,3,3,3018.316,0.0,0.0,0.0,0.0,60366.32
1714829,IT,NL,FOOD5,RUBBE,0.01,3018.247,3,3,3018.247,0.0,0.0,0.0,0.0,301824.7
1801961,IT,WE,SALEM,RECRE,0.02,3018.161,3,3,3018.161,0.0,0.0,0.0,0.0,150908.05
1710490,IT,LT,LANDT,INERT,0.02,3018.099,3,3,3018.099,0.0,0.0,0.0,0.0,150904.95
1654156,IT,CZ,MOTO1,BIOGA,0.02,3017.621,3,3,3017.621,0.0,0.0,0.0,0.0,150881.05
1739410,IT,GB,RAILW,93197,0.02,3017.454,3,3,3017.454,0.0,0.0,0.0,0.0,150872.7
1801803,IT,WE,ELEC5,CATTL,0.04,3017.427,3,3,3017.427,0.0,0.0,0.0,0.0,75435.675
1741374,IT,US,PRINT,ELEC5,0.03,3017.409,3,3,3017.409,0.0,0.0,0.0,0.0,100580.3
1733253,IT,SI,MACHI,INSUR,0.02,3017.26,3,3,3017.26,0.0,0.0,0.0,0.0,150863.0
1676250,IT,FR,SALEM,MEATA,0.02,3017.217,3,3,3017.217,0.0,0.0,0.0,0.0,150860.85
1791713,IT,WA,RAILW,CROPS,0.02,3017.198,3,3,3017.198,0.0,0.0,0.0,0.0,150859.9
1761744,IT,IN,MACHI,LUBRI,0.02,3017.007,3,3,3017.007,0.0,0.0,0.0,0.0,150850.35
1809088,IT,WM,CROPS,MEATP,0.02,3016.618,3,3,3016.618,0.0,0.0,0.0,0.0,150830.9
1773601,IT,CH,TRANS,RUBBE,0.02,3016.549,3,3,3016.549,0.0,0.0,0.0,0.0,150827.45
1774530,IT,CH,LANDT,WASTE,0.02,3016.487,3,3,3016.487,0.0,0.0,0.0,0.0,150824.35
1712171,IT,LV,LEATH,REALE,0.02,3016.414,3,3,3016.414,0.0,0.0,0.0,0.0,150820.7
1685354,IT,HU,LEATH,SANDC,0.02,3016.382,3,3,3016.382,0.0,0.0,0.0,0.0,150819.1
1669518,IT,ES,AUXIL,RESEA,0.06,3016.322,3,3,3016.322,0.0,0.0,0.0,0.0,50272.033333
1654227,IT,CZ,TRANS,PAPER,0.02,3015.982,3,3,3015.982,0.0,0.0,0.0,0.0,150799.1
1671435,IT,FI,FABRI,ELEC7,0.01,3015.912,3,3,3015.912,0.0,0.0,0.0,0.0,301591.2
1685370,IT,HU,LEATH,CHEM1,0.02,3015.869,3,3,3015.869,0.0,0.0,0.0,0.0,150793.45
1728616,IT,SE,PAPER,WASTE,0.01,3015.585,3,3,3015.585,0.0,0.0,0.0,0.0,301558.5
1793756,IT,WL,BEVER,BUSIN,0.01,3015.459,3,3,3015.459,0.0,0.0,0.0,0.0,301545.9
1690105,IT,IE,RENTI,WOOD2,0.02,3015.388,3,3,3015.388,0.0,0.0,0.0,0.0,150769.4
1669131,IT,ES,POSTT,VEGE1,0.05,3015.076,3,3,3015.076,0.0,0.0,0.0,0.0,60301.52
1793553,IT,WL,MEAT4,GASDI,0.02,3015.04,3,3,3015.04,0.0,0.0,0.0,0.0,150752.0
1652336,IT,CZ,BEVER,93197,0.01,3014.884,3,3,3014.884,0.0,0.0,0.0,0.0,301488.4
1723938,IT,PT,CONST,LANDT,0.02,3014.72,3,3,3014.72,0.0,0.0,0.0,0.0,150736.0
1670473,IT,FI,BEVER,SUGA1,0.01,3014.716,3,3,3014.716,0.0,0.0,0.0,0.0,301471.6
1725559,IT,RO,LEATH,INSUR,0.02,3013.68,3,3,3013.68,0.0,0.0,0.0,0.0,150684.0
1799557,IT,WE,PRINT,TRANS,0.03,3013.656,3,3,3013.656,0.0,0.0,0.0,0.0,100455.2
1673317,IT,FR,TEXTI,CHARC,0.02,3013.599,3,3,3013.599,0.0,0.0,0.0,0.0,150679.95
1793099,IT,WA,MEMBE,PFERT,0.04,3013.577,3,3,3013.577,0.0,0.0,0.0,0.0,75339.425
1808127,IT,WF,WOOD1,AIRTR,0.02,3013.505,3,3,3013.505,0.0,0.0,0.0,0.0,150675.25
1804191,IT,WF,PRINT,NATUR,0.03,3013.376,3,3,3013.376,0.0,0.0,0.0,0.0,100445.866667
1794155,IT,WL,PRINT,BITUM,0.03,3013.246,3,3,3013.246,0.0,0.0,0.0,0.0,100441.533333
1665340,IT,ES,FISH5,ELEC2,0.01,3013.241,4,4,3013.239,0.0,0.0,0.0,0.002,301324.1
1660147,IT,DE,SUPPO,TEXTI,0.02,3012.932,3,3,3012.932,0.0,0.0,0.0,0.0,150646.6
1788586,IT,WA,PAPER,LANDT,0.01,3012.807,3,3,3012.807,0.0,0.0,0.0,0.0,301280.7
1787075,IT,ZA,BUSIN,NONFE,0.03,3012.746,3,3,3012.746,0.0,0.0,0.0,0.0,100424.866667
1680057,IT,GR,MACHI,SECO9,0.02,3012.729,3,3,3012.729,0.0,0.0,0.0,0.0,150636.45
1775216,IT,CH,RESEA,POSTT,0.02,3012.536,3,3,3012.536,0.0,0.0,0.0,0.0,150626.8
1748647,IT,CN,DAIRY,DISTR,0.01,3012.493,3,3,3012.493,0.0,0.0,0.0,0.0,301249.3
1655453,IT,DE,FORES,RAILW,0.03,3012.45,4,4,3011.45,0.0,1.0,0.0,0.0,100415.0
1737475,IT,GB,LEATH,POSTT,0.02,3012.313,3,3,3012.313,0.0,0.0,0.0,0.0,150615.65
1672281,IT,FI,RENTI,NONF1,0.02,3012.242,3,3,3012.242,0.0,0.0,0.0,0.0,150612.1
1712519,IT,LV,FABRI,ELEC4,0.01,3012.098,3,3,3012.098,0.0,0.0,0.0,0.0,301209.8
1654566,IT,CZ,HOTEL,WASTE,0.02,3012.095,3,3,3012.095,0.0,0.0,0.0,0.0,150604.75
1736436,IT,SK,LANDT,STEAM,0.02,3012.031,3,3,3012.031,0.0,0.0,0.0,0.0,150601.55
1776060,IT,TR,TEXTI,FINAN,0.02,3011.595,3,3,3011.595,0.0,0.0,0.0,0.0,150579.75
1792841,IT,WA,EDUCA,GASDI,0.08,3011.55,3,3,3011.55,0.0,0.0,0.0,0.0,37644.375
1747800,IT,JP,AUXIL,COMPU,0.06,3011.539,3,3,3011.539,0.0,0.0,0.0,0.0,50192.316667
1747927,IT,JP,COMPU,REALE,0.03,3011.394,3,3,3011.394,0.0,0.0,0.0,0.0,100379.8
1796086,IT,WL,TRANS,NUCLE,0.02,3011.295,3,3,3011.295,0.0,0.0,0.0,0.0,150564.75
1759427,IT,BR,INSUR,RETA1,0.06,3011.131,3,3,3011.131,0.0,0.0,0.0,0.0,50185.516667
1654722,IT,CZ,LANDT,INERT,0.02,3010.881,3,3,3010.881,0.0,0.0,0.0,0.0,150544.05
1671479,IT,FI,MACHI,PRECI,0.02,3010.184,3,3,3010.184,0.0,0.0,0.0,0.0,150509.2
1654657,IT,CZ,LANDT,BIODI,0.02,3009.937,3,3,3009.937,0.0,0.0,0.0,0.0,150496.85
1781581,IT,NO,WEARI,NAPHT,0.02,3009.831,3,3,3009.831,0.0,0.0,0.0,0.0,150491.55
1684955,IT,HU,MEAT1,HOTEL,0.01,3009.184,3,3,3009.184,0.0,0.0,0.0,0.0,300918.4
1668098,IT,ES,CONST,BRICK,0.02,3009.141,3,3,3009.141,0.0,0.0,0.0,0.0,150457.05
1722458,IT,PT,DAIRY,MEATP,0.01,3008.995,3,3,3008.995,0.0,0.0,0.0,0.0,300899.5
1690067,IT,IE,RENTI,ALUM1,0.02,3008.802,3,3,3008.802,0.0,0.0,0.0,0.0,150440.1
1713880,IT,MT,ELEC4,WASTE,0.05,3008.712,3,3,3008.712,0.0,0.0,0.0,0.0,60174.24
1736027,IT,SK,TRANS,RECRE,0.02,3008.661,3,3,3008.661,0.0,0.0,0.0,0.0,150433.05
1779132,IT,TR,SUPPO,INERT,0.02,3008.644,3,3,3008.644,0.0,0.0,0.0,0.0,150432.2
1680720,IT,GR,RETA1,PULP5,0.03,3008.604,3,3,3008.604,0.0,0.0,0.0,0.0,100286.8
1720977,IT,PL,WHOLE,SUPPO,0.03,3008.501,3,3,3008.501,0.0,0.0,0.0,0.0,100283.366667
1712508,IT,LV,FABRI,GLASS,0.01,3008.249,3,3,3008.249,0.0,0.0,0.0,0.0,300824.9
1655051,IT,CZ,COMPU,BEVER,0.03,3008.178,3,3,3008.178,0.0,0.0,0.0,0.0,100272.6
1661084,IT,DE,PUBLI,WHOLE,0.05,3008.063,3,3,3008.063,0.0,0.0,0.0,0.0,60161.26
1792168,IT,WA,SUPPO,NONME,0.02,3008.0,3,3,3008.0,0.0,0.0,0.0,0.0,150400.0
1731845,IT,SI,PRINT,FORES,0.03,3007.975,3,3,3007.975,0.0,0.0,0.0,0.0,100265.833333
1765331,IT,RU,FOOD5,TEXTI,0.01,3007.963,3,3,3007.963,0.0,0.0,0.0,0.0,300796.3
1644841,IT,BE,TEXTI,PUBLI,0.02,3007.857,3,3,3007.857,0.0,0.0,0.0,0.0,150392.85
1770149,IT,AU,RETA1,WOODW,0.03,3007.847,3,3,3007.847,0.0,0.0,0.0,0.0,100261.566667
1783216,IT,NO,BUSIN,TRANS,0.03,3007.793,3,3,3007.793,0.0,0.0,0.0,0.0,100259.766667
1774295,IT,CH,HOTEL,MEATC,0.02,3007.59,3,3,3007.59,0.0,0.0,0.0,0.0,150379.5
1740934,IT,US,FOOD5,RADIO,0.01,3007.348,3,3,3007.348,0.0,0.0,0.0,0.0,300734.8
1721692,IT,PL,FINAN,ELEC1,0.04,3007.029,3,3,3007.029,0.0,0.0,0.0,0.0,75175.725
1677157,IT,FR,POSTT,MOTOR,0.05,3006.722,3,3,3006.722,0.0,0.0,0.0,0.0,60134.44
1803913,IT,WF,WEARI,BASIC,0.02,3006.61,3,3,3006.61,0.0,0.0,0.0,0.0,150330.5
1745565,IT,JP,BEVER,AUXIL,0.01,3006.501,3,3,3006.501,0.0,0.0,0.0,0.0,300650.1
1814670,IT,WM,PLAS1,PLAST,0.01,3006.318,3,3,3006.318,0.0,0.0,0.0,0.0,300631.8
1689027,IT,IE,MACHI,93197,0.02,3006.309,3,3,3006.309,0.0,0.0,0.0,0.0,150315.45
1774787,IT,CH,POSTT,GASDI,0.05,3006.259,3,3,3006.259,0.0,0.0,0.0,0.0,60125.18
1714309,IT,MT,PUBLI,HEALT,0.05,3006.22,3,3,3006.22,0.0,0.0,0.0,0.0,60124.4
1644140,IT,AT,FOOD2,ELEC4,0.02,3006.106,3,3,3006.106,0.0,0.0,0.0,0.0,150305.3
1722501,IT,PT,FOOD5,TOBAC,0.01,3005.999,3,3,3005.999,0.0,0.0,0.0,0.0,300599.9
1747424,IT,JP,LANDT,COPP1,0.02,3005.952,3,3,3005.952,0.0,0.0,0.0,0.0,150297.6
1740774,IT,US,MEAT4,LANDT,0.02,3005.908,3,3,3005.908,0.0,0.0,0.0,0.0,150295.4
1648476,IT,BG,VEGET,HEALT,0.01,3005.901,3,3,3005.901,0.0,0.0,0.0,0.0,300590.1
1770568,IT,AU,SUPPO,HEALT,0.02,3005.65,3,3,3005.65,0.0,0.0,0.0,0.0,150282.5
1783743,IT,NO,FOOD4,WOOD2,0.02,3005.424,3,3,3005.424,0.0,0.0,0.0,0.0,150271.2
1751249,IT,CN,HOTEL,TRAN2,0.02,3005.403,3,3,3005.403,0.0,0.0,0.0,0.0,150270.15
1793740,IT,WL,BEVER,MOTOR,0.01,3005.133,3,3,3005.133,0.0,0.0,0.0,0.0,300513.3
1782662,IT,NO,RETAI,CONST,0.02,3004.801,3,3,3004.801,0.0,0.0,0.0,0.0,150240.05
1672456,IT,FI,FOODW,BUSIN,0.02,3004.694,3,3,3004.694,0.0,0.0,0.0,0.0,150234.7
1753934,IT,CA,LANDT,CEREA,0.02,3004.472,3,3,3004.472,0.0,0.0,0.0,0.0,150223.6
1782679,IT,NO,WHOLE,NAPHT,0.03,3004.329,3,3,3004.329,0.0,0.0,0.0,0.0,100144.3
1759858,IT,BR,FOODW,REALE,0.02,3004.304,3,3,3004.304,0.0,0.0,0.0,0.0,150215.2
1769612,IT,AU,FABRI,COPPE,0.01,3004.222,3,3,3004.222,0.0,0.0,0.0,0.0,300422.2
1668456,IT,ES,RETA1,INTER,0.03,3004.068,3,3,3004.068,0.0,0.0,0.0,0.0,100135.6
1806888,IT,WF,HOTEL,MOTO1,0.02,3003.852,3,3,3003.852,0.0,0.0,0.0,0.0,150192.6
1740744,IT,US,MEAT4,PROCE,0.02,3003.779,3,3,3003.779,0.0,0.0,0.0,0.0,150188.95
1644889,IT,BE,LEATH,PULP5,0.02,3003.765,3,3,3003.765,0.0,0.0,0.0,0.0,150188.25
1725547,IT,RO,LEATH,COLLE,0.02,3003.722,3,3,3003.722,0.0,0.0,0.0,0.0,150186.1
1743716,IT,US,RAILW,WASTE,0.02,3003.394,3,3,3003.394,0.0,0.0,0.0,0.0,150169.7
1726670,IT,RO,TRANS,BIODI,0.02,3003.353,3,3,3003.353,0.0,0.0,0.0,0.0,150167.65
1807636,IT,WF,RESEA,ELEC4,0.02,3003.161,3,3,3003.161,0.0,0.0,0.0,0.0,150158.05
1746097,IT,JP,PRINT,RAILW,0.03,3002.954,3,3,3002.954,0.0,0.0,0.0,0.0,100098.466667
1787364,IT,WA,ANIMA,RETA1,0.01,3002.383,3,3,3002.383,0.0,0.0,0.0,0.0,300238.3
1764069,IT,MX,FABRI,LEADZ,0.01,3002.268,3,3,3002.268,0.0,0.0,0.0,0.0,300226.8
1644798,IT,BE,TEXTI,VEGET,0.02,3002.087,3,3,3002.087,0.0,0.0,0.0,0.0,150104.35
1784743,IT,ID,WHOLE,SUPPO,0.03,3001.572,3,3,3001.572,0.0,0.0,0.0,0.0,100052.4
1791640,IT,WA,HOTEL,NAPHT,0.02,3001.494,3,3,3001.494,0.0,0.0,0.0,0.0,150074.7
1681080,IT,GR,SUPPO,PLAST,0.02,3001.33,3,3,3001.33,0.0,0.0,0.0,0.0,150066.5
1745805,IT,JP,WEARI,FOOD2,0.02,3001.033,3,3,3001.033,0.0,0.0,0.0,0.0,150051.65
1714948,IT,NL,FISH5,POULT,0.01,3000.981,4,4,3000.979,0.0,0.0,0.0,0.002,300098.1
1786373,IT,ZA,MACHI,NFERT,0.02,3000.965,3,3,3000.965,0.0,0.0,0.0,0.0,150048.25
1737099,IT,GB,MEATC,BUSIN,0.01,3000.945,3,3,3000.945,0.0,0.0,0.0,0.0,300094.5
1654683,IT,CZ,LANDT,ELEC5,0.02,3000.809,3,3,3000.809,0.0,0.0,0.0,0.0,150040.45
1740446,IT,GB,FOOD2,PLAS2,0.02,3000.716,3,3,3000.716,0.0,0.0,0.0,0.0,150035.8
1747644,IT,JP,SUPPO,LANDT,0.02,3000.666,3,3,3000.666,0.0,0.0,0.0,0.0,150033.3
1717762,IT,NL,EDUCA,FINAN,0.07,3000.479,3,3,3000.479,0.0,0.0,0.0,0.0,42863.985714
1644272,IT,BE,CROPS,MACHI,0.02,3000.455,3,3,3000.455,0.0,0.0,0.0,0.0,150022.75
1774965,IT,CH,AUXIL,PRINT,0.05,3000.416,3,3,3000.416,0.0,0.0,0.0,0.0,60008.32
1733816,IT,SI,LANDT,SEWAG,0.02,3000.195,3,3,3000.195,0.0,0.0,0.0,0.0,150009.75
1775098,IT,CH,COMPU,BEVER,0.03,3000.011,3,3,3000.011,0.0,0.0,0.0,0.0,100000.366667
1718418,IT,PL,BEVER,SEWAG,0.01,2999.966,3,3,2999.966,0.0,0.0,0.0,0.0,299996.6
1740319,IT,GB,PUBLI,FURNI,0.05,2999.919,3,3,2999.919,0.0,0.0,0.0,0.0,59998.38
1783470,IT,NO,WOOD1,PLAST,0.02,2999.801,3,3,2999.801,0.0,0.0,0.0,0.0,149990.05
1662970,IT,DK,HOTEL,SUGAR,0.02,2999.716,3,3,2999.716,0.0,0.0,0.0,0.0,149985.8
1802871,IT,WE,PAPE4,PUBLI,0.02,2999.649,3,3,2999.649,0.0,0.0,0.0,0.0,149982.45
1808559,IT,WF,PAPE4,FABRI,0.02,2999.565,3,3,2999.565,0.0,0.0,0.0,0.0,149978.25
1659602,IT,DE,HOTEL,LIQUI,0.02,2999.562,3,3,2999.562,0.0,0.0,0.0,0.0,149978.1
1663643,IT,DK,BUSIN,RETAI,0.03,2999.48,3,3,2999.48,0.0,0.0,0.0,0.0,99982.666667
1770717,IT,AU,AUXIL,BITUM,0.05,2999.227,3,3,2999.227,0.0,0.0,0.0,0.0,59984.54
1683967,IT,HR,WHOLE,BASIC,0.03,2999.195,3,3,2999.195,0.0,0.0,0.0,0.0,99973.166667
1798819,IT,WE,FOOD5,ELEC1,0.01,2999.045,3,3,2999.045,0.0,0.0,0.0,0.0,299904.5
1683966,IT,HR,WHOLE,CEMEN,0.03,2999.013,3,3,2999.013,0.0,0.0,0.0,0.0,99967.1
1767443,IT,RU,LANDT,RAILW,0.02,2998.765,3,3,2998.765,0.0,0.0,0.0,0.0,149938.25
1736229,IT,SK,RETA1,NONME,0.03,2998.66,3,3,2998.66,0.0,0.0,0.0,0.0,99955.333333
1681923,IT,HR,PROCE,WHOLE,0.02,2998.233,3,3,2998.233,0.0,0.0,0.0,0.0,149911.65
1640688,IT,AT,FISH5,FURNI,0.01,2998.15,4,4,2998.148,0.0,0.0,0.0,0.002,299815.0
1722327,IT,PT,WOOLS,WHOLE,0.01,2998.146,3,3,2998.146,0.0,0.0,0.0,0.0,299814.6
1684539,IT,HR,BUSIN,BRICK,0.03,2998.132,3,3,2998.132,0.0,0.0,0.0,0.0,99937.733333
1665591,IT,ES,LEATH,FOOD2,0.02,2998.108,3,3,2998.108,0.0,0.0,0.0,0.0,149905.4
1785069,IT,ZA,VEGET,BUSIN,0.01,2998.008,3,3,2998.008,0.0,0.0,0.0,0.0,299800.8
1806991,IT,WF,LANDT,PREC1,0.02,2997.989,3,3,2997.989,0.0,0.0,0.0,0.0,149899.45
1659214,IT,DE,CONST,WASTE,0.02,2997.75,3,3,2997.75,0.0,0.0,0.0,0.0,149887.5
1792347,IT,WA,FINAN,MOTO1,0.04,2997.213,3,3,2997.213,0.0,0.0,0.0,0.0,74930.325
1663346,IT,DK,SUPPO,FABRI,0.02,2997.135,3,3,2997.135,0.0,0.0,0.0,0.0,149856.75
1680740,IT,GR,RETA1,TRANS,0.03,2996.936,3,3,2996.936,0.0,0.0,0.0,0.0,99897.866667
1736168,IT,SK,SALEM,RECRE,0.02,2996.846,3,3,2996.846,0.0,0.0,0.0,0.0,149842.3
1787948,IT,WA,FISH5,RESEA,0.01,2996.845,4,4,2996.843,0.0,0.0,0.0,0.002,299684.5
1740731,IT,US,MEATP,CHEM1,0.01,2996.64,3,3,2996.64,0.0,0.0,0.0,0.0,299664.0
1727568,IT,RO,REALE,BASIC,0.13,2996.544,3,3,2996.544,0.0,0.0,0.0,0.0,23050.338462
1791262,IT,WA,CONST,VEGET,0.02,2996.328,3,3,2996.328,0.0,0.0,0.0,0.0,149816.4
1803846,IT,WF,TEXTI,BIOG1,0.02,2996.323,3,3,2996.323,0.0,0.0,0.0,0.0,149816.15
1743107,IT,US,MOTO1,BITU1,0.02,2996.083,3,3,2996.083,0.0,0.0,0.0,0.0,149804.15
1678208,IT,FR,OILHA,PAPER,0.02,2996.024,3,3,2996.024,0.0,0.0,0.0,0.0,149801.2
1783312,IT,NO,PAPE1,CHEM1,0.02,2995.735,3,3,2995.735,0.0,0.0,0.0,0.0,149786.75
1720735,IT,PL,TRANS,MOTOR,0.02,2995.549,3,3,2995.549,0.0,0.0,0.0,0.0,149777.45
1648717,IT,BG,FOOD5,RUBBE,0.01,2995.49,3,3,2995.49,0.0,0.0,0.0,0.0,299549.0
1763356,IT,MX,PRINT,KEROS,0.03,2995.39,3,3,2995.39,0.0,0.0,0.0,0.0,99846.333333
1714763,IT,NL,DAIRY,SEWAG,0.01,2995.207,3,3,2995.207,0.0,0.0,0.0,0.0,299520.7
1770254,IT,AU,HOTEL,WHITE,0.02,2995.175,3,3,2995.175,0.0,0.0,0.0,0.0,149758.75
1757309,IT,BR,FOOD5,REALE,0.01,2994.745,3,3,2994.745,0.0,0.0,0.0,0.0,299474.5
1759836,IT,BR,FOODW,PAPER,0.02,2994.741,3,3,2994.741,0.0,0.0,0.0,0.0,149737.05
1690449,IT,IE,PAPE4,CROPS,0.02,2994.68,3,3,2994.68,0.0,0.0,0.0,0.0,149734.0
1768097,IT,RU,BUSIN,TRAN2,0.03,2994.317,3,3,2994.317,0.0,0.0,0.0,0.0,99810.566667
1650748,IT,BG,HOTEL,SEACO,0.02,2994.303,3,3,2994.303,0.0,0.0,0.0,0.0,149715.15
1803894,IT,WF,WEARI,MEAT1,0.02,2994.185,3,3,2994.185,0.0,0.0,0.0,0.0,149709.25
1733472,IT,SI,SALEM,RESEA,0.02,2994.085,3,3,2994.085,0.0,0.0,0.0,0.0,149704.25
1807864,IT,WF,PAPE1,CHARC,0.02,2994.024,3,3,2994.024,0.0,0.0,0.0,0.0,149701.2
1799548,IT,WE,PRINT,CEMEN,0.03,2993.928,3,3,2993.928,0.0,0.0,0.0,0.0,99797.6
1768224,IT,RU,EDUCA,CONST,0.07,2993.67,3,3,2993.67,0.0,0.0,0.0,0.0,42766.714286
1722605,IT,PT,TEXTI,DAIRY,0.02,2993.568,3,3,2993.568,0.0,0.0,0.0,0.0,149678.4
1764940,IT,MX,POSTT,BEVER,0.05,2993.526,3,3,2993.526,0.0,0.0,0.0,0.0,59870.52
1748267,IT,JP,MEMBE,RUBBE,0.03,2993.396,3,3,2993.396,0.0,0.0,0.0,0.0,99779.866667
1717248,IT,NL,POSTT,WEARI,0.05,2993.276,3,3,2993.276,0.0,0.0,0.0,0.0,59865.52
1652013,IT,CZ,VEGET,BIOGA,0.01,2993.115,3,3,2993.115,0.0,0.0,0.0,0.0,299311.5
1680097,IT,GR,MACHI,INERT,0.02,2993.102,3,3,2993.102,0.0,0.0,0.0,0.0,149655.1
1724540,IT,PT,POSTT,COLLE,0.05,2993.046,3,3,2993.046,0.0,0.0,0.0,0.0,59860.92
1711795,IT,LU,PUBLI,HOTEL,0.05,2993.038,3,3,2993.038,0.0,0.0,0.0,0.0,59860.76
1722806,IT,PT,PAPER,DISTR,0.01,2992.953,3,3,2992.953,0.0,0.0,0.0,0.0,299295.3
1724800,IT,PT,COMPU,ELEC2,0.03,2992.881,3,3,2992.881,0.0,0.0,0.0,0.0,99762.7
1807235,IT,WF,SUPPO,LEAD1,0.02,2992.682,3,3,2992.682,0.0,0.0,0.0,0.0,149634.1
1689855,IT,IE,INSUR,SEWAG,0.06,2992.354,3,3,2992.354,0.0,0.0,0.0,0.0,49872.566667
1680088,IT,GR,MACHI,INTER,0.02,2992.195,3,3,2992.195,0.0,0.0,0.0,0.0,149609.75
1736087,IT,SK,CONST,CHEMI,0.02,2992.096,3,3,2992.096,0.0,0.0,0.0,0.0,149604.8
1680089,IT,GR,MACHI,OILHA,0.02,2992.06,3,3,2992.06,0.0,0.0,0.0,0.0,149603.0
1654420,IT,CZ,WHOLE,ELEC1,0.03,2991.776,3,3,2991.776,0.0,0.0,0.0,0.0,99725.866667
1680663,IT,GR,WHOLE,NFERT,0.03,2991.635,3,3,2991.635,0.0,0.0,0.0,0.0,99721.166667
1647162,IT,BE,RAILW,GASDI,0.02,2991.338,3,3,2991.338,0.0,0.0,0.0,0.0,149566.9
1659574,IT,DE,HOTEL,VEGE1,0.02,2991.229,3,3,2991.229,0.0,0.0,0.0,0.0,149561.45
1680091,IT,GR,MACHI,FOOD2,0.02,2991.225,3,3,2991.225,0.0,0.0,0.0,0.0,149561.25
1660909,IT,DE,BUSIN,LIGNI,0.03,2991.136,3,3,2991.136,0.0,0.0,0.0,0.0,99704.533333
1807908,IT,WF,PLAS1,ANIMA,0.01,2990.968,3,3,2990.968,0.0,0.0,0.0,0.0,299096.8
1644260,IT,BE,CROPS,PRINT,0.02,2990.856,3,3,2990.856,0.0,0.0,0.0,0.0,149542.8
1797150,IT,WL,POSTT,MOTO1,0.05,2990.816,3,3,2990.816,0.0,0.0,0.0,0.0,59816.32
1784748,IT,ID,WHOLE,HEALT,0.03,2990.669,3,3,2990.669,0.0,0.0,0.0,0.0,99688.966667
1680099,IT,GR,MACHI,WOOD2,0.02,2990.372,3,3,2990.372,0.0,0.0,0.0,0.0,149518.6
1808274,IT,WF,FOOD2,LIQUE,0.02,2990.099,3,3,2990.099,0.0,0.0,0.0,0.0,149504.95
1680096,IT,GR,MACHI,PLAS2,0.02,2990.085,3,3,2990.085,0.0,0.0,0.0,0.0,149504.25
1676233,IT,FR,CONST,FOOD3,0.02,2990.064,3,3,2990.064,0.0,0.0,0.0,0.0,149503.2
1680098,IT,GR,MACHI,TEXT2,0.02,2990.046,3,3,2990.046,0.0,0.0,0.0,0.0,149502.3
1755040,IT,KR,WEARI,MEDIC,0.02,2989.977,3,3,2989.977,0.0,0.0,0.0,0.0,149498.85
1727889,IT,RO,FOOD4,OFFIC,0.02,2989.847,3,3,2989.847,0.0,0.0,0.0,0.0,149492.35
1670137,IT,ES,INERT,SALEM,0.02,2989.624,3,3,2989.624,0.0,0.0,0.0,0.0,149481.2
1663541,IT,DK,COMPU,RADIO,0.03,2989.543,3,3,2989.543,0.0,0.0,0.0,0.0,99651.433333
1779967,IT,TW,SALEM,PADDY,0.02,2989.481,3,3,2989.481,0.0,0.0,0.0,0.0,149474.05
1756894,IT,KR,POSTT,PRIVA,0.05,2989.438,3,3,2989.438,0.0,0.0,0.0,0.0,59788.76
1654474,IT,CZ,RETA1,MEMBE,0.03,2989.24,3,3,2989.24,0.0,0.0,0.0,0.0,99641.333333
1785182,IT,ZA,FOOD5,HOTEL,0.01,2989.114,3,3,2989.114,0.0,0.0,0.0,0.0,298911.4
1730124,IT,SE,RAILW,COPPE,0.02,2988.601,3,3,2988.601,0.0,0.0,0.0,0.0,149430.05
1797502,IT,WL,BUSIN,WEARI,0.03,2988.52,3,3,2988.52,0.0,0.0,0.0,0.0,99617.333333
1787355,IT,WA,MEATA,RETA1,0.02,2988.48,3,3,2988.48,0.0,0.0,0.0,0.0,149424.0
1754410,IT,CA,RENTI,ELECT,0.02,2988.458,3,3,2988.458,0.0,0.0,0.0,0.0,149422.9
1723941,IT,PT,CONST,REALE,0.02,2988.063,3,3,2988.063,0.0,0.0,0.0,0.0,149403.15
1669263,IT,ES,FINAN,SANDC,0.04,2988.008,3,3,2988.008,0.0,0.0,0.0,0.0,74700.2
1689954,IT,IE,REALE,DAIRY,0.13,2987.781,3,3,2987.781,0.0,0.0,0.0,0.0,22982.930769
1670123,IT,ES,INERT,PRECI,0.02,2987.468,3,3,2987.468,0.0,0.0,0.0,0.0,149373.4
1809608,IT,WM,DAIRY,CEREA,0.01,2987.416,3,3,2987.416,0.0,0.0,0.0,0.0,298741.6
1814654,IT,WM,PAPE1,RESEA,0.02,2987.31,3,3,2987.31,0.0,0.0,0.0,0.0,149365.5
1765090,IT,MX,AUXIL,RETA1,0.05,2987.239,3,3,2987.239,0.0,0.0,0.0,0.0,59744.78
1781548,IT,NO,TEXTI,POSTT,0.02,2987.192,3,3,2987.192,0.0,0.0,0.0,0.0,149359.6
1756561,IT,KR,RETA1,COPP1,0.03,2987.028,3,3,2987.028,0.0,0.0,0.0,0.0,99567.6
1664458,IT,EE,MACHI,WASTE,0.02,2986.981,3,3,2986.981,0.0,0.0,0.0,0.0,149349.05
1728295,IT,SE,BEVER,ELEC5,0.01,2986.382,3,3,2986.382,0.0,0.0,0.0,0.0,298638.2
1746734,IT,JP,FABRI,AIRTR,0.01,2986.343,3,3,2986.343,0.0,0.0,0.0,0.0,298634.3
1654913,IT,CZ,INSUR,BEVER,0.06,2986.343,3,3,2986.343,0.0,0.0,0.0,0.0,49772.383333
1797191,IT,WL,FINAN,VEGET,0.04,2986.263,3,3,2986.263,0.0,0.0,0.0,0.0,74656.575
1770932,IT,CH,VEGET,CATTL,0.01,2985.947,3,3,2985.947,0.0,0.0,0.0,0.0,298594.7
1661077,IT,DE,PUBLI,TRAN1,0.05,2985.88,3,3,2985.88,0.0,0.0,0.0,0.0,59717.6
1758930,IT,BR,RAILW,MEAT1,0.02,2985.841,3,3,2985.841,0.0,0.0,0.0,0.0,149292.05
1731416,IT,SI,FOOD5,SECO9,0.01,2985.766,3,3,2985.766,0.0,0.0,0.0,0.0,298576.6
1764973,IT,MX,POSTT,REALE,0.05,2985.436,3,3,2985.436,0.0,0.0,0.0,0.0,59708.72
1762826,IT,IN,PUBLI,OFFIC,0.05,2985.318,3,3,2985.318,0.0,0.0,0.0,0.0,59706.36
1659131,IT,DE,ELEC8,BASIC,0.04,2984.836,3,3,2984.836,0.0,0.0,0.0,0.0,74620.9
1676161,IT,FR,CONST,TOBAC,0.02,2984.811,3,3,2984.811,0.0,0.0,0.0,0.0,149240.55
1651318,IT,CY,WEARI,PUBLI,0.02,2984.728,3,3,2984.728,0.0,0.0,0.0,0.0,149236.4
1797145,IT,WL,POSTT,MACHI,0.05,2984.692,3,3,2984.692,0.0,0.0,0.0,0.0,59693.84
1714019,IT,MT,RETA1,RECRE,0.03,2984.661,3,3,2984.661,0.0,0.0,0.0,0.0,99488.7
1781766,IT,NO,PRINT,CRUDE,0.03,2984.577,3,3,2984.577,0.0,0.0,0.0,0.0,99485.9
1733730,IT,SI,LANDT,PIGS9,0.02,2984.062,3,3,2984.062,0.0,0.0,0.0,0.0,149203.1
1734283,IT,SI,BUSIN,FORES,0.03,2984.038,3,3,2984.038,0.0,0.0,0.0,0.0,99467.933333
1726513,IT,RO,MACHI,FURNI,0.02,2983.939,3,3,2983.939,0.0,0.0,0.0,0.0,149196.95
1678378,IT,FR,PAPE4,CHEM1,0.02,2983.683,3,3,2983.683,0.0,0.0,0.0,0.0,149184.15
1760762,IT,IN,PRINT,GLASS,0.03,2983.499,3,3,2983.499,0.0,0.0,0.0,0.0,99449.966667
1721826,IT,PL,REALE,CHEM1,0.13,2983.456,3,3,2983.456,0.0,0.0,0.0,0.0,22949.661538
1676229,IT,FR,CONST,WOOD1,0.02,2983.181,3,3,2983.181,0.0,0.0,0.0,0.0,149159.05
1688429,IT,IE,BEVER,RESEA,0.01,2982.815,3,3,2982.815,0.0,0.0,0.0,0.0,298281.5
1760478,IT,IN,TEXTI,CERAM,0.02,2982.731,3,3,2982.731,0.0,0.0,0.0,0.0,149136.55
1724716,IT,PT,AUXIL,PLAST,0.05,2982.684,3,3,2982.684,0.0,0.0,0.0,0.0,59653.68
1736235,IT,SK,RETA1,DIST1,0.03,2982.603,3,3,2982.603,0.0,0.0,0.0,0.0,99420.1
1781144,IT,TW,SEWAG,BASIC,0.03,2982.365,3,3,2982.365,0.0,0.0,0.0,0.0,99412.166667
1814818,IT,WM,TEXT2,PUBLI,0.02,2982.02,3,3,2982.02,0.0,0.0,0.0,0.0,149101.0
1669611,IT,ES,RENTI,FABRI,0.02,2982.019,3,3,2982.019,0.0,0.0,0.0,0.0,149100.95
1808211,IT,WF,FOOD1,CEREA,0.01,2981.954,3,3,2981.954,0.0,0.0,0.0,0.0,298195.4
1814901,IT,WM,PRIVA,VEGE1,0.67,2981.662,3,3,2981.662,0.0,0.0,0.0,0.0,4450.241791
1721276,IT,PL,LANDT,ELEC7,0.02,2981.53,3,3,2981.53,0.0,0.0,0.0,0.0,149076.5
1752181,IT,CN,PUBLI,GASDI,0.05,2981.387,3,3,2981.387,0.0,0.0,0.0,0.0,59627.74
1734540,IT,SK,PROCE,AUXIL,0.02,2981.36,3,3,2981.36,0.0,0.0,0.0,0.0,149068.0
1711189,IT,LU,MACHI,FORES,0.02,2981.262,3,3,2981.262,0.0,0.0,0.0,0.0,149063.1
1730856,IT,SE,PUBLI,SUPPO,0.05,2981.164,3,3,2981.164,0.0,0.0,0.0,0.0,59623.28
1711148,IT,LU,FABRI,ALUM1,0.01,2981.098,3,3,2981.098,0.0,0.0,0.0,0.0,298109.8
1754235,IT,CA,POSTT,ALUM1,0.05,2981.051,3,3,2981.051,0.0,0.0,0.0,0.0,59621.02
1744720,IT,US,COMPU,WASTE,0.03,2980.7,3,3,2980.7,0.0,0.0,0.0,0.0,99356.666667
1773889,IT,CH,ELEC8,GLASS,0.04,2980.673,3,3,2980.673,0.0,0.0,0.0,0.0,74516.825
1718799,IT,PL,PAPER,BITU1,0.01,2980.635,3,3,2980.635,0.0,0.0,0.0,0.0,298063.5
1740415,IT,GB,OILHA,INERT,0.02,2980.478,3,3,2980.478,0.0,0.0,0.0,0.0,149023.9
1711722,IT,LU,BUSIN,TRANS,0.03,2980.161,3,3,2980.161,0.0,0.0,0.0,0.0,99338.7
1724629,IT,PT,FINAN,POSTT,0.04,2979.77,3,3,2979.77,0.0,0.0,0.0,0.0,74494.25
1688139,IT,HU,BUSIN,GLASS,0.03,2979.745,3,3,2979.745,0.0,0.0,0.0,0.0,99324.833333
1783057,IT,NO,INSUR,NAPHT,0.06,2979.744,3,3,2979.744,0.0,0.0,0.0,0.0,49662.4
1660566,IT,DE,AUXIL,RENTI,0.05,2979.671,3,3,2979.671,0.0,0.0,0.0,0.0,59593.42
1679916,IT,GR,FABRI,CRUDE,0.01,2979.667,3,3,2979.667,0.0,0.0,0.0,0.0,297966.7
1780302,IT,TW,LANDT,RECRE,0.02,2979.638,3,3,2979.638,0.0,0.0,0.0,0.0,148981.9
1759909,IT,BR,PAPE1,COMPU,0.02,2979.351,3,3,2979.351,0.0,0.0,0.0,0.0,148967.55
1768604,IT,AU,BEVER,AUXIL,0.01,2979.317,3,3,2979.317,0.0,0.0,0.0,0.0,297931.7
1709321,IT,LT,MEAT4,WHOLE,0.02,2979.294,3,3,2979.294,0.0,0.0,0.0,0.0,148964.7
1774009,IT,CH,RETAI,BEVER,0.02,2979.044,3,3,2979.044,0.0,0.0,0.0,0.0,148952.2
1661173,IT,DE,93197,FABRI,0.02,2978.813,3,3,2978.813,0.0,0.0,0.0,0.0,148940.65
1750966,IT,CN,SALEM,BUSIN,0.02,2978.748,3,3,2978.748,0.0,0.0,0.0,0.0,148937.4
1713951,IT,MT,SALEM,WHOLE,0.02,2978.67,3,3,2978.67,0.0,0.0,0.0,0.0,148933.5
1791397,IT,WA,WHOLE,CEREA,0.03,2978.596,3,3,2978.596,0.0,0.0,0.0,0.0,99286.533333
1724763,IT,PT,RENTI,PAPER,0.02,2978.563,3,3,2978.563,0.0,0.0,0.0,0.0,148928.15
1727446,IT,RO,AUXIL,CEREA,0.05,2978.526,3,3,2978.526,0.0,0.0,0.0,0.0,59570.52
1730518,IT,SE,FINAN,93197,0.04,2978.372,3,3,2978.372,0.0,0.0,0.0,0.0,74459.3
1752368,IT,CA,MEAT4,SALEM,0.02,2978.328,3,3,2978.328,0.0,0.0,0.0,0.0,148916.4
1802104,IT,WE,RETA1,COPP1,0.03,2978.166,3,3,2978.166,0.0,0.0,0.0,0.0,99272.2
1660996,IT,DE,BUSIN,GASWO,0.03,2977.824,3,3,2977.824,0.0,0.0,0.0,0.0,99260.8
1680842,IT,GR,LANDT,WHEAT,0.02,2977.714,3,3,2977.714,0.0,0.0,0.0,0.0,148885.7
1761867,IT,IN,MOTO1,RECRE,0.02,2977.681,3,3,2977.681,0.0,0.0,0.0,0.0,148884.05
1781588,IT,NO,WEARI,ALUM1,0.02,2977.593,3,3,2977.593,0.0,0.0,0.0,0.0,148879.65
1779944,IT,TW,CONST,ELEC1,0.02,2977.578,3,3,2977.578,0.0,0.0,0.0,0.0,148878.9
1760003,IT,BR,INTER,AIRTR,0.02,2977.551,3,3,2977.551,0.0,0.0,0.0,0.0,148877.55
1771909,IT,CH,PAPER,MEAT1,0.01,2977.386,3,3,2977.386,0.0,0.0,0.0,0.0,297738.6
1793046,IT,WA,PAPE4,PADDY,0.02,2977.306,3,3,2977.306,0.0,0.0,0.0,0.0,148865.3
1787344,IT,WA,CROPS,REALE,0.02,2977.254,3,3,2977.254,0.0,0.0,0.0,0.0,148862.7
1716951,IT,NL,RAILW,DIST1,0.02,2977.166,3,3,2977.166,0.0,0.0,0.0,0.0,148858.3
1678207,IT,FR,OILHA,TEXTI,0.02,2977.133,3,3,2977.133,0.0,0.0,0.0,0.0,148856.65
1784822,IT,ID,HOTEL,RENTI,0.02,2976.873,3,3,2976.873,0.0,0.0,0.0,0.0,148843.65
1663699,IT,EE,VEGET,RECRE,0.01,2976.578,3,3,2976.578,0.0,0.0,0.0,0.0,297657.8
1711787,IT,LU,PUBLI,MOTO1,0.05,2976.303,3,3,2976.303,0.0,0.0,0.0,0.0,59526.06
1793672,IT,WL,FOOD5,OILSE,0.01,2976.219,3,3,2976.219,0.0,0.0,0.0,0.0,297621.9
1802026,IT,WE,WHOLE,NONF1,0.03,2976.161,3,3,2976.161,0.0,0.0,0.0,0.0,99205.366667
1802892,IT,WE,RECRE,TRANS,0.04,2976.065,3,3,2976.065,0.0,0.0,0.0,0.0,74401.625
1659065,IT,DE,ELEC4,MOTO1,0.05,2975.815,3,3,2975.815,0.0,0.0,0.0,0.0,59516.3
1659597,IT,DE,HOTEL,PFERT,0.02,2975.646,3,3,2975.646,0.0,0.0,0.0,0.0,148782.3
1660222,IT,DE,POSTT,MEATP,0.05,2975.469,3,3,2975.469,0.0,0.0,0.0,0.0,59509.38
1744675,IT,US,COMPU,CEMEN,0.03,2974.862,3,3,2974.862,0.0,0.0,0.0,0.0,99162.066667
1669511,IT,ES,AUXIL,POSTT,0.05,2974.821,3,3,2974.821,0.0,0.0,0.0,0.0,59496.42
1783911,IT,ID,CROPS,POULT,0.02,2974.144,3,3,2974.144,0.0,0.0,0.0,0.0,148707.2
1771044,IT,CH,FORES,REALE,0.03,2974.104,4,4,2973.104,0.0,1.0,0.0,0.0,99136.8
1736628,IT,SK,FINAN,MACHI,0.04,2973.977,3,3,2973.977,0.0,0.0,0.0,0.0,74349.425
1668233,IT,ES,RETAI,FINAN,0.02,2972.982,3,3,2972.982,0.0,0.0,0.0,0.0,148649.1
1727232,IT,RO,SUPPO,GLASS,0.02,2972.943,3,3,2972.943,0.0,0.0,0.0,0.0,148647.15
1792656,IT,WA,RESEA,GLASS,0.02,2972.924,3,3,2972.924,0.0,0.0,0.0,0.0,148646.2
1688456,IT,IE,TEXTI,COMPU,0.02,2972.841,3,3,2972.841,0.0,0.0,0.0,0.0,148642.05
1688274,IT,IE,MEATA,RESEA,0.02,2972.72,3,3,2972.72,0.0,0.0,0.0,0.0,148636.0
1716971,IT,NL,LANDT,CEREA,0.02,2972.48,3,3,2972.48,0.0,0.0,0.0,0.0,148624.0
1746990,IT,JP,MOTO1,WASTE,0.02,2972.359,3,3,2972.359,0.0,0.0,0.0,0.0,148617.95
1659433,IT,DE,WHOLE,ELEC8,0.03,2972.337,3,3,2972.337,0.0,0.0,0.0,0.0,99077.9
1678083,IT,FR,FOODW,SUPPO,0.02,2971.998,3,3,2971.998,0.0,0.0,0.0,0.0,148599.9
1730142,IT,SE,RAILW,INTER,0.02,2971.851,3,3,2971.851,0.0,0.0,0.0,0.0,148592.55
1724012,IT,PT,RETAI,GLASS,0.02,2971.834,3,3,2971.834,0.0,0.0,0.0,0.0,148591.7
1687521,IT,HU,LANDT,WHITE,0.02,2971.789,3,3,2971.789,0.0,0.0,0.0,0.0,148589.45
1763396,IT,MX,PRINT,RENTI,0.03,2971.567,3,3,2971.567,0.0,0.0,0.0,0.0,99052.233333
1730361,IT,SE,SUPPO,INLAN,0.02,2971.313,3,3,2971.313,0.0,0.0,0.0,0.0,148565.65
1784067,IT,ID,WEARI,PUBLI,0.02,2971.26,3,3,2971.26,0.0,0.0,0.0,0.0,148563.0
1780271,IT,TW,LANDT,LEAD1,0.02,2971.242,3,3,2971.242,0.0,0.0,0.0,0.0,148562.1
1713136,IT,MT,BEVER,SUPPO,0.01,2971.228,3,3,2971.228,0.0,0.0,0.0,0.0,297122.8
1753504,IT,CA,MACHI,ANIMA,0.02,2970.982,3,3,2970.982,0.0,0.0,0.0,0.0,148549.1
1780627,IT,TW,INSUR,RAILW,0.06,2970.959,3,3,2970.959,0.0,0.0,0.0,0.0,49515.983333
1743507,IT,US,RETA1,ELECT,0.03,2970.936,3,3,2970.936,0.0,0.0,0.0,0.0,99031.2
1644265,IT,BE,CROPS,HEAVY,0.02,2970.935,3,3,2970.935,0.0,0.0,0.0,0.0,148546.75
1717776,IT,NL,HEALT,RENTI,0.02,2970.743,3,3,2970.743,0.0,0.0,0.0,0.0,148537.15
1782421,IT,NO,MACHI,POULT,0.02,2970.692,3,3,2970.692,0.0,0.0,0.0,0.0,148534.6
1792958,IT,WA,PLAS1,PLAST,0.01,2970.678,3,3,2970.678,0.0,0.0,0.0,0.0,297067.8
1773978,IT,CH,SALEM,FINAN,0.02,2970.544,3,3,2970.544,0.0,0.0,0.0,0.0,148527.2
1676004,IT,FR,ELEC5,MOTO1,0.04,2970.439,3,3,2970.439,0.0,0.0,0.0,0.0,74260.975
1775979,IT,TR,BEVER,COMPU,0.01,2970.381,3,3,2970.381,0.0,0.0,0.0,0.0,297038.1
1762876,IT,IN,93197,BUSIN,0.02,2970.271,3,3,2970.271,0.0,0.0,0.0,0.0,148513.55
1730642,IT,SE,RENTI,DISTR,0.02,2970.257,3,3,2970.257,0.0,0.0,0.0,0.0,148512.85
1659075,IT,DE,ELEC4,LANDT,0.05,2970.252,3,3,2970.252,0.0,0.0,0.0,0.0,59405.04
1810485,IT,WM,PAPER,FISHF,0.01,2970.235,3,3,2970.235,0.0,0.0,0.0,0.0,297023.5
1718181,IT,PL,DAIRY,PFERT,0.01,2970.167,3,3,2970.167,0.0,0.0,0.0,0.0,297016.7
1725001,IT,PT,INTER,ALUM1,0.02,2970.148,3,3,2970.148,0.0,0.0,0.0,0.0,148507.4
1793183,IT,WA,93197,DISTR,0.02,2969.98,3,3,2969.98,0.0,0.0,0.0,0.0,148499.0
1776344,IT,TR,PAPER,AIRTR,0.01,2969.717,3,3,2969.717,0.0,0.0,0.0,0.0,296971.7
1651116,IT,BG,COMPU,TRAN1,0.03,2969.299,3,3,2969.299,0.0,0.0,0.0,0.0,98976.633333
1663476,IT,DK,REALE,RECRE,0.13,2969.205,3,3,2969.205,0.0,0.0,0.0,0.0,22840.038462
1803206,IT,WF,CROPS,LEAD1,0.02,2969.059,3,3,2969.059,0.0,0.0,0.0,0.0,148452.95
1651831,IT,CY,HOTEL,RESEA,0.02,2968.754,3,3,2968.754,0.0,0.0,0.0,0.0,148437.7
1656535,IT,DE,PAPER,RETAI,0.01,2968.651,3,3,2968.651,0.0,0.0,0.0,0.0,296865.1
1802043,IT,WE,WHOLE,RAILW,0.03,2968.52,3,3,2968.52,0.0,0.0,0.0,0.0,98950.666667
1731497,IT,SI,BEVER,MEMBE,0.01,2968.405,3,3,2968.405,0.0,0.0,0.0,0.0,296840.5
1665592,IT,ES,LEATH,FOOD4,0.02,2968.402,3,3,2968.402,0.0,0.0,0.0,0.0,148420.1
1813515,IT,WM,RETAI,LANDT,0.02,2968.35,3,3,2968.35,0.0,0.0,0.0,0.0,148417.5
1783759,IT,NO,PAPE4,MOTO1,0.02,2968.309,3,3,2968.309,0.0,0.0,0.0,0.0,148415.45
1731406,IT,SI,FOOD5,FOUND,0.01,2968.223,3,3,2968.223,0.0,0.0,0.0,0.0,296822.3
1744862,IT,US,BUSIN,CROPS,0.03,2968.175,3,3,2968.175,0.0,0.0,0.0,0.0,98939.166667
1650593,IT,BG,ELEC8,LEAD1,0.04,2968.08,3,3,2968.08,0.0,0.0,0.0,0.0,74202.0
1806698,IT,WF,WHOLE,PULP5,0.03,2967.974,3,3,2967.974,0.0,0.0,0.0,0.0,98932.466667
1762583,IT,IN,AUXIL,FABRI,0.05,2967.835,3,3,2967.835,0.0,0.0,0.0,0.0,59356.7
1791409,IT,WA,WHOLE,BITUM,0.03,2967.791,3,3,2967.791,0.0,0.0,0.0,0.0,98926.366667
1771735,IT,CH,LEATH,GASDI,0.02,2967.552,3,3,2967.552,0.0,0.0,0.0,0.0,148377.6
1792788,IT,WA,BUSIN,PAPE1,0.03,2967.384,3,3,2967.384,0.0,0.0,0.0,0.0,98912.8
1720469,IT,PL,MACHI,BLAST,0.02,2967.29,3,3,2967.29,0.0,0.0,0.0,0.0,148364.5
1679956,IT,GR,FABRI,PREC1,0.01,2967.052,3,3,2967.052,0.0,0.0,0.0,0.0,296705.2
1740444,IT,GB,FOOD2,FOOD3,0.02,2967.045,3,3,2967.045,0.0,0.0,0.0,0.0,148352.25
1670557,IT,FI,TEXTI,ALUM1,0.02,2966.747,3,3,2966.747,0.0,0.0,0.0,0.0,148337.35
1754319,IT,CA,INSUR,KEROS,0.06,2966.667,3,3,2966.667,0.0,0.0,0.0,0.0,49444.45
1678659,IT,GR,MEAT1,INSUR,0.01,2966.656,3,3,2966.656,0.0,0.0,0.0,0.0,296665.6
1808780,IT,WF,WOOD2,MOTOR,0.02,2966.534,3,3,2966.534,0.0,0.0,0.0,0.0,148326.7
1802609,IT,WE,AUXIL,HOTEL,0.05,2966.471,3,3,2966.471,0.0,0.0,0.0,0.0,59329.42
1761846,IT,IN,MOTO1,COLLE,0.02,2966.423,3,3,2966.423,0.0,0.0,0.0,0.0,148321.15
1731382,IT,SI,FOOD5,FISHF,0.01,2966.084,3,3,2966.084,0.0,0.0,0.0,0.0,296608.4
1740488,IT,GB,PLAS2,INERT,0.02,2966.077,3,3,2966.077,0.0,0.0,0.0,0.0,148303.85
1733266,IT,SI,MACHI,FOOD2,0.02,2966.036,3,3,2966.036,0.0,0.0,0.0,0.0,148301.8
1669483,IT,ES,AUXIL,CHEM1,0.05,2966.006,3,3,2966.006,0.0,0.0,0.0,0.0,59320.12
1775461,IT,CH,PLAS1,TEXTI,0.01,2965.943,3,3,2965.943,0.0,0.0,0.0,0.0,296594.3
1662971,IT,DK,HOTEL,CROPS,0.02,2965.675,3,3,2965.675,0.0,0.0,0.0,0.0,148283.75
1655372,IT,DE,CROPS,ANIMA,0.02,2965.66,3,3,2965.66,0.0,0.0,0.0,0.0,148283.0
1720663,IT,PL,MOTO1,ELEC5,0.02,2965.385,3,3,2965.385,0.0,0.0,0.0,0.0,148269.25
1654517,IT,CZ,HOTEL,PREC1,0.02,2965.285,3,3,2965.285,0.0,0.0,0.0,0.0,148264.25
1690243,IT,IE,PUBLI,REALE,0.05,2965.26,3,3,2965.26,0.0,0.0,0.0,0.0,59305.2
1775157,IT,CH,RESEA,MEAT1,0.02,2965.221,3,3,2965.221,0.0,0.0,0.0,0.0,148261.05
1727727,IT,RO,COMPU,SUPPO,0.03,2964.98,3,3,2964.98,0.0,0.0,0.0,0.0,98832.666667
1763039,IT,MX,TEXTI,FISH5,0.02,2964.801,3,3,2964.801,0.0,0.0,0.0,0.0,148240.05
1644556,IT,BE,PROCE,MACHI,0.02,2964.593,3,3,2964.593,0.0,0.0,0.0,0.0,148229.65
1754157,IT,CA,SUPPO,WOODW,0.02,2964.579,3,3,2964.579,0.0,0.0,0.0,0.0,148228.95
1748146,IT,JP,EDUCA,EDUCA,0.07,2964.516,3,3,2964.516,0.0,0.0,0.0,0.0,42350.228571
1775345,IT,CH,BUSIN,PAPE3,0.03,2964.256,3,3,2964.256,0.0,0.0,0.0,0.0,98808.533333
1807351,IT,WF,FINAN,CROPS,0.04,2964.045,3,3,2964.045,0.0,0.0,0.0,0.0,74101.125
1764132,IT,MX,FABRI,ELE12,0.01,2963.881,3,3,2963.881,0.0,0.0,0.0,0.0,296388.1
1716553,IT,NL,TRANS,LANDT,0.02,2963.873,3,3,2963.873,0.0,0.0,0.0,0.0,148193.65
1654792,IT,CZ,SUPPO,RUBBE,0.02,2963.764,3,3,2963.764,0.0,0.0,0.0,0.0,148188.2
1783091,IT,NO,INSUR,SUPPO,0.06,2963.623,3,3,2963.623,0.0,0.0,0.0,0.0,49393.716667
1808800,IT,WF,WOOD2,DIST1,0.02,2963.449,3,3,2963.449,0.0,0.0,0.0,0.0,148172.45
1781125,IT,TW,PLAS1,VEGET,0.01,2963.411,3,3,2963.411,0.0,0.0,0.0,0.0,296341.1
1654773,IT,CZ,SUPPO,RAWMI,0.02,2963.172,3,3,2963.172,0.0,0.0,0.0,0.0,148158.6
1716387,IT,NL,MACHI,FOUND,0.02,2963.126,3,3,2963.126,0.0,0.0,0.0,0.0,148156.3
1751909,IT,CN,COMPU,PREC1,0.03,2963.074,3,3,2963.074,0.0,0.0,0.0,0.0,98769.133333
1683689,IT,HR,FABRI,INERT,0.01,2962.994,3,3,2962.994,0.0,0.0,0.0,0.0,296299.4
1798048,IT,WL,MEMBE,PFERT,0.03,2962.601,3,3,2962.601,0.0,0.0,0.0,0.0,98753.366667
1782354,IT,NO,FABRI,MOTOR,0.01,2962.476,3,3,2962.476,0.0,0.0,0.0,0.0,296247.6
1767871,IT,RU,AUXIL,RENTI,0.05,2962.219,3,3,2962.219,0.0,0.0,0.0,0.0,59244.38
1669870,IT,ES,PUBLI,PAPER,0.05,2961.836,3,3,2961.836,0.0,0.0,0.0,0.0,59236.72
1672463,IT,FI,INTER,BUSIN,0.02,2961.825,3,3,2961.825,0.0,0.0,0.0,0.0,148091.25
1763125,IT,MX,WEARI,RESEA,0.02,2961.738,3,3,2961.738,0.0,0.0,0.0,0.0,148086.9
1672980,IT,FR,DAIRY,WOOD2,0.01,2961.676,3,3,2961.676,0.0,0.0,0.0,0.0,296167.6
1651713,IT,CY,FABRI,INSUR,0.01,2961.569,3,3,2961.569,0.0,0.0,0.0,0.0,296156.9
1720898,IT,PL,SALEM,NONME,0.02,2961.272,3,3,2961.272,0.0,0.0,0.0,0.0,148063.6
1758574,IT,BR,MOTO1,MEAT1,0.02,2961.095,3,3,2961.095,0.0,0.0,0.0,0.0,148054.75
1807373,IT,WF,FINAN,COPP1,0.04,2960.967,3,3,2960.967,0.0,0.0,0.0,0.0,74024.175
1806962,IT,WF,LANDT,SANDC,0.02,2960.965,3,3,2960.965,0.0,0.0,0.0,0.0,148048.25
1670061,IT,ES,FOOD2,RETA1,0.02,2960.799,3,3,2960.799,0.0,0.0,0.0,0.0,148039.95
1751071,IT,CN,RETA1,PIGS9,0.03,2960.768,3,3,2960.768,0.0,0.0,0.0,0.0,98692.266667
1739346,IT,GB,RAILW,PULP5,0.02,2960.685,3,3,2960.685,0.0,0.0,0.0,0.0,148034.25
1754946,IT,KR,TEXTI,LIQUI,0.02,2960.652,3,3,2960.652,0.0,0.0,0.0,0.0,148032.6
1644619,IT,BE,FOOD5,MACHI,0.01,2960.292,3,3,2960.292,0.0,0.0,0.0,0.0,296029.2
1647021,IT,BE,RETA1,DIST1,0.03,2960.257,3,3,2960.257,0.0,0.0,0.0,0.0,98675.233333
1650001,IT,BG,MACHI,FISHF,0.02,2960.232,3,3,2960.232,0.0,0.0,0.0,0.0,148011.6
1640475,IT,AT,DAIRY,FURNI,0.01,2960.148,3,3,2960.148,0.0,0.0,0.0,0.0,296014.8
1738838,IT,GB,MOTO1,AUXIL,0.02,2960.132,3,3,2960.132,0.0,0.0,0.0,0.0,148006.6
1670036,IT,ES,FOOD1,TRANS,0.01,2959.955,3,3,2959.955,0.0,0.0,0.0,0.0,295995.5
1764609,IT,MX,WHOLE,RESEA,0.03,2959.948,3,3,2959.948,0.0,0.0,0.0,0.0,98664.933333
1762608,IT,IN,AUXIL,EDUCA,0.05,2959.896,3,3,2959.896,0.0,0.0,0.0,0.0,59197.92
1748934,IT,CN,WEARI,COKE1,0.02,2959.864,3,3,2959.864,0.0,0.0,0.0,0.0,147993.2
1762701,IT,IN,BUSIN,VEGE1,0.03,2959.821,3,3,2959.821,0.0,0.0,0.0,0.0,98660.7
1716742,IT,NL,RETA1,BEVER,0.03,2959.77,3,3,2959.77,0.0,0.0,0.0,0.0,98659.0
1811220,IT,WM,WHITE,WOODW,0.02,2959.035,3,3,2959.035,0.0,0.0,0.0,0.0,147951.75
1754851,IT,KR,BEVER,RAILW,0.01,2958.885,3,3,2958.885,0.0,0.0,0.0,0.0,295888.5
1646832,IT,BE,RETAI,RAWMI,0.02,2958.396,3,3,2958.396,0.0,0.0,0.0,0.0,147919.8
1646327,IT,BE,FABRI,RAWMI,0.01,2958.383,3,3,2958.383,0.0,0.0,0.0,0.0,295838.3
1654515,IT,CZ,HOTEL,CEMEN,0.02,2958.147,3,3,2958.147,0.0,0.0,0.0,0.0,147907.35
1739407,IT,GB,RAILW,WOOD2,0.02,2958.119,3,3,2958.119,0.0,0.0,0.0,0.0,147905.95
1739702,IT,GB,SUPPO,ALUM1,0.02,2957.881,3,3,2957.881,0.0,0.0,0.0,0.0,147894.05
1792668,IT,WA,RESEA,TRANS,0.02,2957.841,3,3,2957.841,0.0,0.0,0.0,0.0,147892.05
1740429,IT,GB,FOOD2,BASIC,0.02,2957.498,3,3,2957.498,0.0,0.0,0.0,0.0,147874.9
1813102,IT,WM,MOTO1,ANIMA,0.02,2957.497,3,3,2957.497,0.0,0.0,0.0,0.0,147874.85
1808594,IT,WF,PLAS2,CEREA,0.02,2957.106,3,3,2957.106,0.0,0.0,0.0,0.0,147855.3
1709601,IT,LT,PAPER,CERAM,0.01,2956.902,3,3,2956.902,0.0,0.0,0.0,0.0,295690.2
1745669,IT,JP,TEXTI,RETAI,0.02,2956.568,3,3,2956.568,0.0,0.0,0.0,0.0,147828.4
1743348,IT,US,SALEM,POULT,0.02,2956.433,3,3,2956.433,0.0,0.0,0.0,0.0,147821.65
1652831,IT,CZ,PRINT,TRAN1,0.03,2956.392,3,3,2956.392,0.0,0.0,0.0,0.0,98546.4
1672300,IT,FI,RENTI,COMPU,0.02,2956.38,3,3,2956.38,0.0,0.0,0.0,0.0,147819.0
1753672,IT,CA,MOTO1,ALUM1,0.02,2956.36,3,3,2956.36,0.0,0.0,0.0,0.0,147818.0
1680435,IT,GR,ELEC4,LUBRI,0.05,2956.045,3,3,2956.045,0.0,0.0,0.0,0.0,59120.9
1677266,IT,FR,FINAN,LEATH,0.04,2955.851,3,3,2955.851,0.0,0.0,0.0,0.0,73896.275
1810273,IT,WM,LEATH,DIST1,0.02,2955.816,3,3,2955.816,0.0,0.0,0.0,0.0,147790.8
1765393,IT,RU,TOBAC,BITUM,0.01,2955.375,3,3,2955.375,0.0,0.0,0.0,0.0,295537.5
1727740,IT,RO,RESEA,FOOD5,0.02,2955.37,3,3,2955.37,0.0,0.0,0.0,0.0,147768.5
1785392,IT,ZA,PAPER,TOBAC,0.01,2955.253,3,3,2955.253,0.0,0.0,0.0,0.0,295525.3
1777769,IT,TR,FABRI,LIGNI,0.01,2955.019,3,3,2955.019,0.0,0.0,0.0,0.0,295501.9
1749231,IT,CN,PAPER,COKEO,0.01,2954.881,3,3,2954.881,0.0,0.0,0.0,0.0,295488.1
1670260,IT,FI,VEGET,MEAT1,0.01,2954.87,3,3,2954.87,0.0,0.0,0.0,0.0,295487.0
1797579,IT,WL,EDUCA,BIODI,0.07,2954.774,3,3,2954.774,0.0,0.0,0.0,0.0,42211.057143
1746065,IT,JP,PRINT,MOTOR,0.03,2954.703,3,3,2954.703,0.0,0.0,0.0,0.0,98490.1
1768590,IT,AU,BEVER,ELECT,0.01,2954.402,3,3,2954.402,0.0,0.0,0.0,0.0,295440.2
1659706,IT,DE,RAILW,CERAM,0.02,2954.391,3,3,2954.391,0.0,0.0,0.0,0.0,147719.55
1785037,IT,ID,BUSIN,DISTR,0.03,2954.38,3,3,2954.38,0.0,0.0,0.0,0.0,98479.333333
1689786,IT,IE,INSUR,BEVER,0.06,2954.292,3,3,2954.292,0.0,0.0,0.0,0.0,49238.2
1687361,IT,HU,HOTEL,FISH5,0.02,2954.12,3,3,2954.12,0.0,0.0,0.0,0.0,147706.0
1647655,IT,BE,FINAN,ELECT,0.04,2954.052,3,3,2954.052,0.0,0.0,0.0,0.0,73851.3
1734012,IT,SI,POSTT,FINAN,0.05,2953.952,3,3,2953.952,0.0,0.0,0.0,0.0,59079.04
1733130,IT,SI,FABRI,MEDIC,0.01,2953.806,3,3,2953.806,0.0,0.0,0.0,0.0,295380.6
1758979,IT,BR,LANDT,SUGA1,0.02,2953.672,3,3,2953.672,0.0,0.0,0.0,0.0,147683.6
1681815,IT,HR,MEAT4,SALEM,0.02,2953.452,3,3,2953.452,0.0,0.0,0.0,0.0,147672.6
1689416,IT,IE,HOTEL,BEVER,0.02,2953.431,3,3,2953.431,0.0,0.0,0.0,0.0,147671.55
1791049,IT,WA,TRANS,PRECI,0.02,2953.316,3,3,2953.316,0.0,0.0,0.0,0.0,147665.8
1779709,IT,TR,BUSIN,NATUR,0.03,2953.155,3,3,2953.155,0.0,0.0,0.0,0.0,98438.5
1655124,IT,CZ,BUSIN,MEAT1,0.03,2953.119,3,3,2953.119,0.0,0.0,0.0,0.0,98437.3
1689401,IT,IE,HOTEL,MEATA,0.02,2953.088,3,3,2953.088,0.0,0.0,0.0,0.0,147654.4
1712659,IT,LV,TRANS,BUSIN,0.02,2952.934,3,3,2952.934,0.0,0.0,0.0,0.0,147646.7
1651841,IT,CY,LANDT,CONST,0.02,2952.907,3,3,2952.907,0.0,0.0,0.0,0.0,147645.35
1797379,IT,WL,RENTI,RETA1,0.02,2952.825,3,3,2952.825,0.0,0.0,0.0,0.0,147641.25
1773584,IT,CH,MOTO1,FOOD1,0.02,2952.626,3,3,2952.626,0.0,0.0,0.0,0.0,147631.3
1760051,IT,BR,OILHA,WOODW,0.02,2952.602,3,3,2952.602,0.0,0.0,0.0,0.0,147630.1
1709418,IT,LT,BEVER,MEMBE,0.01,2952.433,3,3,2952.433,0.0,0.0,0.0,0.0,295243.3
1683688,IT,HR,FABRI,FOOD4,0.01,2952.299,3,3,2952.299,0.0,0.0,0.0,0.0,295229.9
1669770,IT,ES,BUSIN,NONSP,0.03,2952.233,3,3,2952.233,0.0,0.0,0.0,0.0,98407.766667
1721654,IT,PL,POSTT,93197,0.05,2951.702,3,3,2951.702,0.0,0.0,0.0,0.0,59034.04
1770850,IT,AU,BUSIN,GASDI,0.03,2951.679,3,3,2951.679,0.0,0.0,0.0,0.0,98389.3
1712884,IT,LV,REALE,FABRI,0.12,2951.544,3,3,2951.544,0.0,0.0,0.0,0.0,24596.2
1734738,IT,SK,LEATH,AUXIL,0.02,2951.418,3,3,2951.418,0.0,0.0,0.0,0.0,147570.9
1709466,IT,LT,TEXTI,HOTEL,0.02,2950.931,3,3,2950.931,0.0,0.0,0.0,0.0,147546.55
1783035,IT,NO,INSUR,NATU1,0.06,2950.549,3,3,2950.549,0.0,0.0,0.0,0.0,49175.816667
1685265,IT,HU,TEXTI,COLLE,0.02,2950.54,3,3,2950.54,0.0,0.0,0.0,0.0,147527.0
1662898,IT,DK,RETA1,WHEAT,0.03,2950.259,3,3,2950.259,0.0,0.0,0.0,0.0,98341.966667
1761992,IT,IN,RETAI,WHOLE,0.02,2950.18,3,3,2950.18,0.0,0.0,0.0,0.0,147509.0
1718551,IT,PL,WEARI,OFFIC,0.02,2950.029,3,3,2950.029,0.0,0.0,0.0,0.0,147501.45
1747377,IT,JP,RETA1,SUPPO,0.03,2949.989,3,3,2949.989,0.0,0.0,0.0,0.0,98332.966667
1646465,IT,BE,MACHI,PFERT,0.02,2949.668,3,3,2949.668,0.0,0.0,0.0,0.0,147483.4
1746100,IT,JP,PRINT,AIRTR,0.03,2949.473,3,3,2949.473,0.0,0.0,0.0,0.0,98315.766667
1807685,IT,WF,BUSIN,WEARI,0.03,2949.298,3,3,2949.298,0.0,0.0,0.0,0.0,98309.933333
1788082,IT,WA,TEXTI,FOODW,0.02,2949.14,3,3,2949.14,0.0,0.0,0.0,0.0,147457.0
1670565,IT,FI,TEXTI,TRAN1,0.02,2949.088,3,3,2949.088,0.0,0.0,0.0,0.0,147454.4
1806373,IT,WF,MOTO1,MOTOR,0.02,2948.88,3,3,2948.88,0.0,0.0,0.0,0.0,147444.0
1760500,IT,IN,TEXTI,PUBLI,0.02,2948.817,3,3,2948.817,0.0,0.0,0.0,0.0,147440.85
1690412,IT,IE,FOOD4,CEMEN,0.02,2948.733,3,3,2948.733,0.0,0.0,0.0,0.0,147436.65
1643775,IT,AT,POSTT,OFFIC,0.05,2948.687,3,3,2948.687,0.0,0.0,0.0,0.0,58973.74
1647116,IT,BE,HOTEL,ELEC5,0.02,2948.601,3,3,2948.601,0.0,0.0,0.0,0.0,147430.05
1728420,IT,SE,WEARI,MACHI,0.02,2948.355,3,3,2948.355,0.0,0.0,0.0,0.0,147417.75
1738857,IT,GB,TRANS,COPP1,0.02,2948.347,3,3,2948.347,0.0,0.0,0.0,0.0,147417.35
1753845,IT,CA,WHOLE,REALE,0.03,2947.877,3,3,2947.877,0.0,0.0,0.0,0.0,98262.566667
1812774,IT,WM,FABRI,PADDY,0.01,2947.83,3,3,2947.83,0.0,0.0,0.0,0.0,294783.0
1756624,IT,KR,RAILW,COMPU,0.02,2947.754,3,3,2947.754,0.0,0.0,0.0,0.0,147387.7
1791498,IT,WA,RETA1,CEREA,0.03,2947.724,3,3,2947.724,0.0,0.0,0.0,0.0,98257.466667
1710726,IT,LU,BEVER,MEATP,0.01,2947.553,3,3,2947.553,0.0,0.0,0.0,0.0,294755.3
1802181,IT,WE,HOTEL,ELECT,0.02,2947.509,3,3,2947.509,0.0,0.0,0.0,0.0,147375.45
1728232,IT,SE,FOOD5,STEAM,0.01,2947.436,3,3,2947.436,0.0,0.0,0.0,0.0,294743.6
1676102,IT,FR,ELEC8,CEMEN,0.04,2947.253,3,3,2947.253,0.0,0.0,0.0,0.0,73681.325
1768204,IT,RU,PUBLI,PAPE4,0.05,2947.101,3,3,2947.101,0.0,0.0,0.0,0.0,58942.02
1776070,IT,TR,TEXTI,RECRE,0.02,2947.072,3,3,2947.072,0.0,0.0,0.0,0.0,147353.6
1688050,IT,HU,COMPU,CEMEN,0.03,2947.038,3,3,2947.038,0.0,0.0,0.0,0.0,98234.6
1686941,IT,HU,MACHI,LEAD1,0.02,2946.126,3,3,2946.126,0.0,0.0,0.0,0.0,147306.3
1782785,IT,NO,HOTEL,BIODI,0.02,2946.084,3,3,2946.084,0.0,0.0,0.0,0.0,147304.2
1648827,IT,BG,TEXTI,VEGET,0.02,2946.048,3,3,2946.048,0.0,0.0,0.0,0.0,147302.4
1797687,IT,WL,PLAS1,TOBAC,0.01,2946.048,3,3,2946.048,0.0,0.0,0.0,0.0,294604.8
1787095,IT,ZA,BUSIN,ALUM1,0.03,2946.025,3,3,2946.025,0.0,0.0,0.0,0.0,98200.833333
1712488,IT,LV,FABRI,OILSE,0.01,2945.795,3,3,2945.795,0.0,0.0,0.0,0.0,294579.5
1662768,IT,DK,MOTO1,BASIC,0.02,2945.625,3,3,2945.625,0.0,0.0,0.0,0.0,147281.25
1771462,IT,CH,BEVER,PREC1,0.01,2945.417,3,3,2945.417,0.0,0.0,0.0,0.0,294541.7
1736138,IT,SK,CONST,AUXIL,0.02,2945.25,3,3,2945.25,0.0,0.0,0.0,0.0,147262.5
1798305,IT,WE,CROPS,MOTOR,0.02,2944.57,3,3,2944.57,0.0,0.0,0.0,0.0,147228.5
1710682,IT,LU,DAIRY,HEALT,0.01,2944.513,3,3,2944.513,0.0,0.0,0.0,0.0,294451.3
1779409,IT,TR,REALE,GASDI,0.12,2944.346,3,3,2944.346,0.0,0.0,0.0,0.0,24536.216667
1797291,IT,WL,AUXIL,VEGET,0.05,2944.092,3,3,2944.092,0.0,0.0,0.0,0.0,58881.84
1730490,IT,SE,FINAN,RAWMI,0.04,2943.959,3,3,2943.959,0.0,0.0,0.0,0.0,73598.975
1663398,IT,DK,POSTT,RESEA,0.05,2943.852,3,3,2943.852,0.0,0.0,0.0,0.0,58877.04
1675604,IT,FR,MOTO1,BIOG1,0.02,2943.841,3,3,2943.841,0.0,0.0,0.0,0.0,147192.05
1652590,IT,CZ,LEATH,RAILW,0.02,2943.797,3,3,2943.797,0.0,0.0,0.0,0.0,147189.85
1793365,IT,WL,VEGET,TEXTI,0.01,2943.794,3,3,2943.794,0.0,0.0,0.0,0.0,294379.4
1780135,IT,TW,HOTEL,REFI1,0.02,2943.74,3,3,2943.74,0.0,0.0,0.0,0.0,147187.0
1775179,IT,CH,RESEA,BIODI,0.02,2943.685,3,3,2943.685,0.0,0.0,0.0,0.0,147184.25
1780541,IT,TW,FINAN,PROCE,0.04,2943.586,3,3,2943.586,0.0,0.0,0.0,0.0,73589.65
1734570,IT,SK,BEVER,ANIMA,0.01,2943.568,3,3,2943.568,0.0,0.0,0.0,0.0,294356.8
1661767,IT,DK,LEATH,SALEM,0.02,2943.544,3,3,2943.544,0.0,0.0,0.0,0.0,147177.2
1782496,IT,NO,MACHI,WOOD1,0.02,2943.39,3,3,2943.39,0.0,0.0,0.0,0.0,147169.5
1770646,IT,AU,FINAN,SUPPO,0.04,2943.314,3,3,2943.314,0.0,0.0,0.0,0.0,73582.85
1655082,IT,CZ,COMPU,SALEM,0.03,2942.97,3,3,2942.97,0.0,0.0,0.0,0.0,98099.0
1716739,IT,NL,RETA1,VEGE1,0.03,2942.032,3,3,2942.032,0.0,0.0,0.0,0.0,98067.733333
1670122,IT,ES,PAPE4,TEXT2,0.02,2941.445,3,3,2941.445,0.0,0.0,0.0,0.0,147072.25
1767612,IT,RU,SUPPO,ELEC2,0.02,2941.368,3,3,2941.368,0.0,0.0,0.0,0.0,147068.4
1808276,IT,WF,FOOD2,PFERT,0.02,2940.955,3,3,2940.955,0.0,0.0,0.0,0.0,147047.75
1715151,IT,NL,LEATH,AIRTR,0.02,2940.832,3,3,2940.832,0.0,0.0,0.0,0.0,147041.6
1727794,IT,RO,BUSIN,NAPHT,0.03,2940.725,3,3,2940.725,0.0,0.0,0.0,0.0,98024.166667
1733781,IT,SI,LANDT,ELEC2,0.02,2940.319,3,3,2940.319,0.0,0.0,0.0,0.0,147015.95
1663496,IT,DK,RENTI,MEDIC,0.02,2940.319,3,3,2940.319,0.0,0.0,0.0,0.0,147015.95
1747735,IT,JP,FINAN,POSTT,0.04,2939.844,3,3,2939.844,0.0,0.0,0.0,0.0,73496.1
1786801,IT,ZA,HOTEL,NONF1,0.02,2939.831,3,3,2939.831,0.0,0.0,0.0,0.0,146991.55
1722815,IT,PT,PAPER,RAILW,0.01,2939.804,3,3,2939.804,0.0,0.0,0.0,0.0,293980.4
1736326,IT,SK,RAILW,BEVER,0.02,2939.784,3,3,2939.784,0.0,0.0,0.0,0.0,146989.2
1676694,IT,FR,RAILW,COPP1,0.02,2939.64,3,3,2939.64,0.0,0.0,0.0,0.0,146982.0
1688273,IT,IE,MEATA,CHEM1,0.02,2939.612,3,3,2939.612,0.0,0.0,0.0,0.0,146980.6
1733425,IT,SI,ELEC5,RESEA,0.04,2939.51,3,3,2939.51,0.0,0.0,0.0,0.0,73487.75
1807427,IT,WF,INSUR,CONST,0.06,2939.296,3,3,2939.296,0.0,0.0,0.0,0.0,48988.266667
1806847,IT,WF,RETA1,TRAN2,0.03,2939.135,3,3,2939.135,0.0,0.0,0.0,0.0,97971.166667
1775503,IT,CH,FOOD1,PUBLI,0.01,2938.916,3,3,2938.916,0.0,0.0,0.0,0.0,293891.6
1759424,IT,BR,INSUR,SALEM,0.06,2938.742,3,3,2938.742,0.0,0.0,0.0,0.0,48979.033333
1717842,IT,PL,VEGET,COPPE,0.01,2938.621,3,3,2938.621,0.0,0.0,0.0,0.0,293862.1
1753926,IT,CA,RAILW,RENTI,0.02,2938.588,3,3,2938.588,0.0,0.0,0.0,0.0,146929.4
1803999,IT,WF,LEATH,LANDT,0.02,2938.409,3,3,2938.409,0.0,0.0,0.0,0.0,146920.45
1670139,IT,ES,INERT,AIRTR,0.02,2938.346,3,3,2938.346,0.0,0.0,0.0,0.0,146917.3
1711302,IT,LU,WHOLE,MEATC,0.03,2937.983,3,3,2937.983,0.0,0.0,0.0,0.0,97932.766667
1662764,IT,DK,MOTO1,DAIRY,0.02,2937.599,3,3,2937.599,0.0,0.0,0.0,0.0,146879.95
1715374,IT,NL,PRINT,DIST1,0.03,2937.453,3,3,2937.453,0.0,0.0,0.0,0.0,97915.1
1779282,IT,TR,FINAN,TRAN2,0.04,2937.268,3,3,2937.268,0.0,0.0,0.0,0.0,73431.7
1654783,IT,CZ,SUPPO,WEARI,0.02,2937.081,3,3,2937.081,0.0,0.0,0.0,0.0,146854.05
1662900,IT,DK,RETA1,VEGET,0.03,2936.864,3,3,2936.864,0.0,0.0,0.0,0.0,97895.466667
1735669,IT,SK,FABRI,SUGA1,0.01,2936.763,3,3,2936.763,0.0,0.0,0.0,0.0,293676.3
1650684,IT,BG,RETA1,ELEC3,0.03,2936.59,3,3,2936.59,0.0,0.0,0.0,0.0,97886.333333
1806458,IT,WF,TRANS,PLAST,0.02,2936.51,3,3,2936.51,0.0,0.0,0.0,0.0,146825.5
1760746,IT,IN,PRINT,TEXTI,0.03,2936.423,3,3,2936.423,0.0,0.0,0.0,0.0,97880.766667
1690566,IT,IE,RECRE,MEMBE,0.04,2936.268,3,3,2936.268,0.0,0.0,0.0,0.0,73406.7
1796472,IT,WL,RETA1,NATU1,0.03,2936.164,3,3,2936.164,0.0,0.0,0.0,0.0,97872.133333
1680009,IT,GR,MACHI,PROCE,0.02,2936.121,3,3,2936.121,0.0,0.0,0.0,0.0,146806.05
1770665,IT,AU,INSUR,SUGAR,0.06,2935.867,3,3,2935.867,0.0,0.0,0.0,0.0,48931.116667
1780221,IT,TW,RAILW,ELEC1,0.02,2935.858,3,3,2935.858,0.0,0.0,0.0,0.0,146792.9
1762003,IT,IN,WHOLE,MEAT1,0.03,2935.627,3,3,2935.627,0.0,0.0,0.0,0.0,97854.233333
1678407,IT,FR,INERT,PAPER,0.02,2935.425,3,3,2935.425,0.0,0.0,0.0,0.0,146771.25
1797045,IT,WL,SUPPO,BIOGA,0.02,2935.402,3,3,2935.402,0.0,0.0,0.0,0.0,146770.1
1748703,IT,CN,FOOD5,SEACO,0.01,2935.22,3,3,2935.22,0.0,0.0,0.0,0.0,293522.0
1760291,IT,IN,FORES,WOODW,0.03,2935.12,4,4,2934.12,0.0,1.0,0.0,0.0,97837.333333
1782501,IT,NO,MACHI,FOOD4,0.02,2934.951,3,3,2934.951,0.0,0.0,0.0,0.0,146747.55
1781075,IT,TW,PUBLI,PFERT,0.05,2934.926,3,3,2934.926,0.0,0.0,0.0,0.0,58698.52
1751912,IT,CN,COMPU,COPP1,0.03,2934.614,3,3,2934.614,0.0,0.0,0.0,0.0,97820.466667
1760011,IT,BR,INTER,HEALT,0.02,2934.547,3,3,2934.547,0.0,0.0,0.0,0.0,146727.35
1660489,IT,DE,INSUR,NONME,0.06,2934.536,3,3,2934.536,0.0,0.0,0.0,0.0,48908.933333
1655227,IT,CZ,HEALT,ELEC2,0.02,2934.186,3,3,2934.186,0.0,0.0,0.0,0.0,146709.3
1733524,IT,SI,WHOLE,INSUR,0.03,2934.038,3,3,2934.038,0.0,0.0,0.0,0.0,97801.266667
1717080,IT,NL,LANDT,FOODW,0.02,2933.991,3,3,2933.991,0.0,0.0,0.0,0.0,146699.55
1814186,IT,WM,SUPPO,ETHAN,0.02,2933.75,3,3,2933.75,0.0,0.0,0.0,0.0,146687.5
1756591,IT,KR,RAILW,FOOD5,0.02,2933.672,3,3,2933.672,0.0,0.0,0.0,0.0,146683.6
1730044,IT,SE,WHOLE,MACHI,0.03,2933.429,3,3,2933.429,0.0,0.0,0.0,0.0,97780.966667
1690292,IT,IE,SEWAG,PLAST,0.03,2933.112,3,3,2933.112,0.0,0.0,0.0,0.0,97770.4
1669106,IT,ES,SUPPO,SEWAG,0.02,2933.034,3,3,2933.034,0.0,0.0,0.0,0.0,146651.7
1765669,IT,RU,PAPER,WEARI,0.01,2932.913,3,3,2932.913,0.0,0.0,0.0,0.0,293291.3
1737667,IT,GB,PRINT,BIOGA,0.03,2932.904,3,3,2932.904,0.0,0.0,0.0,0.0,97763.466667
1757381,IT,BR,LEATH,RUBBE,0.02,2932.763,3,3,2932.763,0.0,0.0,0.0,0.0,146638.15
1690210,IT,IE,BUSIN,COLLE,0.03,2932.738,3,3,2932.738,0.0,0.0,0.0,0.0,97757.933333
1751319,IT,CN,LANDT,PFERT,0.02,2932.728,3,3,2932.728,0.0,0.0,0.0,0.0,146636.4
1711757,IT,LU,BUSIN,WOOD1,0.03,2932.625,3,3,2932.625,0.0,0.0,0.0,0.0,97754.166667
1760429,IT,IN,FOOD5,WOODW,0.01,2932.58,3,3,2932.58,0.0,0.0,0.0,0.0,293258.0
1793943,IT,WL,LEATH,RADIO,0.02,2932.578,3,3,2932.578,0.0,0.0,0.0,0.0,146628.9
1782971,IT,NO,SUPPO,WOODW,0.02,2932.565,3,3,2932.565,0.0,0.0,0.0,0.0,146628.25
1798884,IT,WE,BEVER,LEAD1,0.01,2932.495,3,3,2932.495,0.0,0.0,0.0,0.0,293249.5
1663143,IT,DK,LANDT,MEAT1,0.02,2932.475,3,3,2932.475,0.0,0.0,0.0,0.0,146623.75
1739908,IT,GB,FINAN,FOODW,0.04,2932.27,3,3,2932.27,0.0,0.0,0.0,0.0,73306.75
1797949,IT,WL,FOOD4,SUPPO,0.02,2932.268,3,3,2932.268,0.0,0.0,0.0,0.0,146613.4
1799263,IT,WE,LEATH,NONF1,0.02,2932.218,3,3,2932.218,0.0,0.0,0.0,0.0,146610.9
1802850,IT,WE,OILHA,WEARI,0.02,2932.165,3,3,2932.165,0.0,0.0,0.0,0.0,146608.25
1727079,IT,RO,RAILW,93197,0.02,2932.164,3,3,2932.164,0.0,0.0,0.0,0.0,146608.2
1731754,IT,SI,PAPER,CEREA,0.01,2932.071,3,3,2932.071,0.0,0.0,0.0,0.0,293207.1
1648530,IT,BG,FORES,WHOLE,0.03,2931.89,4,4,2930.89,0.0,1.0,0.0,0.0,97729.666667
1757339,IT,BR,TEXTI,MEDIC,0.02,2931.853,3,3,2931.853,0.0,0.0,0.0,0.0,146592.65
1799247,IT,WE,LEATH,HEAVY,0.02,2931.824,3,3,2931.824,0.0,0.0,0.0,0.0,146591.2
1673217,IT,FR,FISH5,CROPS,0.01,2931.485,4,4,2931.483,0.0,0.0,0.0,0.002,293148.5
1736746,IT,SK,REALE,COMPU,0.12,2931.252,3,3,2931.252,0.0,0.0,0.0,0.0,24427.1
1644692,IT,BE,BEVER,CERAM,0.01,2931.064,3,3,2931.064,0.0,0.0,0.0,0.0,293106.4
1669675,IT,ES,COMPU,GLASS,0.03,2930.566,3,3,2930.566,0.0,0.0,0.0,0.0,97685.533333
1733386,IT,SI,TRANS,WOOD2,0.02,2930.21,3,3,2930.21,0.0,0.0,0.0,0.0,146510.5
1682200,IT,HR,WEARI,BASIC,0.02,2929.952,3,3,2929.952,0.0,0.0,0.0,0.0,146497.6
1806964,IT,WF,LANDT,MEATC,0.02,2929.807,3,3,2929.807,0.0,0.0,0.0,0.0,146490.35
1725096,IT,RO,FORES,CONST,0.03,2929.805,4,4,2928.805,0.0,1.0,0.0,0.0,97660.166667
1656083,IT,DE,BEVER,ELEC2,0.01,2929.702,3,3,2929.702,0.0,0.0,0.0,0.0,292970.2
1764954,IT,MX,POSTT,RADIO,0.05,2929.697,3,3,2929.697,0.0,0.0,0.0,0.0,58593.94
1640169,IT,AT,VEGET,RUBBE,0.01,2929.043,3,3,2929.043,0.0,0.0,0.0,0.0,292904.3
1659467,IT,DE,RETA1,ANTHR,0.03,2928.832,3,3,2928.832,0.0,0.0,0.0,0.0,97627.733333
1798024,IT,WL,INERT,RESEA,0.02,2928.694,3,3,2928.694,0.0,0.0,0.0,0.0,146434.7
1741325,IT,US,PAPER,AIRTR,0.01,2928.638,3,3,2928.638,0.0,0.0,0.0,0.0,292863.8
1654994,IT,CZ,AUXIL,FINAN,0.05,2928.59,3,3,2928.59,0.0,0.0,0.0,0.0,58571.8
1767822,IT,RU,AUXIL,CRUDE,0.05,2928.545,3,3,2928.545,0.0,0.0,0.0,0.0,58570.9
1717452,IT,NL,INSUR,RECRE,0.06,2928.443,3,3,2928.443,0.0,0.0,0.0,0.0,48807.383333
1760487,IT,IN,TEXTI,RADIO,0.02,2928.396,3,3,2928.396,0.0,0.0,0.0,0.0,146419.8
1663870,IT,EE,WEARI,FISHF,0.02,2928.258,3,3,2928.258,0.0,0.0,0.0,0.0,146412.9
1791648,IT,WA,HOTEL,RUBBE,0.02,2928.22,3,3,2928.22,0.0,0.0,0.0,0.0,146411.0
1653834,IT,CZ,FABRI,MEATC,0.01,2928.024,3,3,2928.024,0.0,0.0,0.0,0.0,292802.4
1710752,IT,LU,FISH5,MACHI,0.01,2927.523,4,4,2927.521,0.0,0.0,0.0,0.002,292752.3
1768758,IT,AU,WEARI,COLLE,0.02,2927.364,3,3,2927.364,0.0,0.0,0.0,0.0,146368.2
1736933,IT,SK,RECRE,RECRE,0.04,2927.018,3,3,2927.018,0.0,0.0,0.0,0.0,73175.45
1684523,IT,HR,BUSIN,SUGA1,0.03,2926.945,3,3,2926.945,0.0,0.0,0.0,0.0,97564.833333
1756616,IT,KR,RAILW,FURNI,0.02,2926.923,3,3,2926.923,0.0,0.0,0.0,0.0,146346.15
1783050,IT,NO,INSUR,PRINT,0.06,2926.751,3,3,2926.751,0.0,0.0,0.0,0.0,48779.183333
1730906,IT,SE,INTER,FORES,0.02,2926.721,3,3,2926.721,0.0,0.0,0.0,0.0,146336.05
1658467,IT,DE,FABRI,COKE1,0.01,2926.647,3,3,2926.647,0.0,0.0,0.0,0.0,292664.7
1745648,IT,JP,TEXTI,LEAD1,0.02,2926.605,3,3,2926.605,0.0,0.0,0.0,0.0,146330.25
1712105,IT,LV,TEXTI,PFERT,0.02,2926.521,3,3,2926.521,0.0,0.0,0.0,0.0,146326.05
1711856,IT,LU,PLAS1,LEAD1,0.01,2926.334,3,3,2926.334,0.0,0.0,0.0,0.0,292633.4
1717454,IT,NL,AUXIL,FOOD5,0.05,2926.035,3,3,2926.035,0.0,0.0,0.0,0.0,58520.7
1758579,IT,BR,MOTO1,PFERT,0.02,2926.0,3,3,2926.0,0.0,0.0,0.0,0.0,146300.0
1652783,IT,CZ,PAPER,PLAS2,0.01,2925.516,3,3,2925.516,0.0,0.0,0.0,0.0,292551.6
1736198,IT,SK,WHOLE,SALEM,0.03,2925.12,3,3,2925.12,0.0,0.0,0.0,0.0,97504.0
1768160,IT,RU,PUBLI,PREC1,0.05,2925.071,3,3,2925.071,0.0,0.0,0.0,0.0,58501.42
1675990,IT,FR,ELEC5,BEVER,0.04,2925.043,3,3,2925.043,0.0,0.0,0.0,0.0,73126.075
1766728,IT,RU,MACHI,ANIMA,0.02,2925.043,3,3,2925.043,0.0,0.0,0.0,0.0,146252.15
1737311,IT,GB,BEVER,PROCE,0.01,2924.924,3,3,2924.924,0.0,0.0,0.0,0.0,292492.4
1654930,IT,CZ,INSUR,BITU1,0.06,2924.872,3,3,2924.872,0.0,0.0,0.0,0.0,48747.866667
1672402,IT,FI,BUSIN,ELEC7,0.03,2924.836,3,3,2924.836,0.0,0.0,0.0,0.0,97494.533333
1746794,IT,JP,MACHI,PFERT,0.02,2924.823,3,3,2924.823,0.0,0.0,0.0,0.0,146241.15
1728340,IT,SE,TEXTI,SANDC,0.02,2924.776,3,3,2924.776,0.0,0.0,0.0,0.0,146238.8
1709647,IT,LT,PRINT,WHOLE,0.03,2924.533,3,3,2924.533,0.0,0.0,0.0,0.0,97484.433333
1650789,IT,BG,RAILW,BUSIN,0.02,2924.497,3,3,2924.497,0.0,0.0,0.0,0.0,146224.85
1753857,IT,CA,RETA1,MEATC,0.03,2924.491,3,3,2924.491,0.0,0.0,0.0,0.0,97483.033333
1807616,IT,WF,RESEA,FOOD5,0.02,2924.386,3,3,2924.386,0.0,0.0,0.0,0.0,146219.3
1784727,IT,ID,RETAI,RADIO,0.02,2924.374,3,3,2924.374,0.0,0.0,0.0,0.0,146218.7
1766702,IT,RU,FABRI,TEXT1,0.01,2924.341,3,3,2924.341,0.0,0.0,0.0,0.0,292434.1
1770759,IT,AU,RENTI,FABRI,0.02,2924.323,3,3,2924.323,0.0,0.0,0.0,0.0,146216.15
1713928,IT,MT,CONST,FISH5,0.02,2924.229,3,3,2924.229,0.0,0.0,0.0,0.0,146211.45
1733435,IT,SI,ELE11,WOODW,0.04,2924.141,4,4,2924.139,0.0,0.0,0.0,0.002,73103.525
1761642,IT,IN,FABRI,REFIN,0.01,2924.091,3,3,2924.091,0.0,0.0,0.0,0.0,292409.1
1730866,IT,SE,FOODW,WOODW,0.02,2923.905,3,3,2923.905,0.0,0.0,0.0,0.0,146195.25
1661921,IT,DK,PRINT,SEACO,0.03,2923.79,3,3,2923.79,0.0,0.0,0.0,0.0,97459.666667
1787773,IT,WA,DAIRY,BEVER,0.01,2923.648,3,3,2923.648,0.0,0.0,0.0,0.0,292364.8
1726499,IT,RO,MACHI,BEVER,0.02,2923.584,3,3,2923.584,0.0,0.0,0.0,0.0,146179.2
1676349,IT,FR,WHOLE,CATTL,0.03,2923.545,3,3,2923.545,0.0,0.0,0.0,0.0,97451.5
1644615,IT,BE,FOOD5,CEMEN,0.01,2923.508,3,3,2923.508,0.0,0.0,0.0,0.0,292350.8
1742849,IT,US,MACHI,WOOLS,0.02,2923.429,3,3,2923.429,0.0,0.0,0.0,0.0,146171.45
1654231,IT,CZ,TRANS,ALUM1,0.02,2923.336,3,3,2923.336,0.0,0.0,0.0,0.0,146166.8
1711939,IT,LU,FOOD4,MACHI,0.02,2923.321,3,3,2923.321,0.0,0.0,0.0,0.0,146166.05
1643246,IT,AT,HOTEL,ELEC1,0.02,2923.22,3,3,2923.22,0.0,0.0,0.0,0.0,146161.0
1793028,IT,WA,FOOD4,VEGET,0.02,2923.16,3,3,2923.16,0.0,0.0,0.0,0.0,146158.0
1779458,IT,TR,RENTI,VEGET,0.02,2923.154,3,3,2923.154,0.0,0.0,0.0,0.0,146157.7
1722636,IT,PT,TEXTI,DIST1,0.02,2923.081,3,3,2923.081,0.0,0.0,0.0,0.0,146154.05
1730971,IT,SE,WOOD1,WOODW,0.02,2923.04,3,3,2923.04,0.0,0.0,0.0,0.0,146152.0
1713177,IT,MT,TEXTI,INLAN,0.02,2923.016,3,3,2923.016,0.0,0.0,0.0,0.0,146150.8
1739841,IT,GB,FINAN,KERO1,0.04,2922.857,3,3,2922.857,0.0,0.0,0.0,0.0,73071.425
1656602,IT,DE,PRINT,NONF1,0.03,2922.616,3,3,2922.616,0.0,0.0,0.0,0.0,97420.533333
1747430,IT,JP,LANDT,ELEC8,0.02,2922.589,3,3,2922.589,0.0,0.0,0.0,0.0,146129.45
1747912,IT,JP,COMPU,DISTR,0.03,2922.434,3,3,2922.434,0.0,0.0,0.0,0.0,97414.466667
1644258,IT,BE,CROPS,PULP5,0.02,2922.181,3,3,2922.181,0.0,0.0,0.0,0.0,146109.05
1648756,IT,BG,BEVER,ANIMA,0.01,2921.97,3,3,2921.97,0.0,0.0,0.0,0.0,292197.0
1736685,IT,SK,INSUR,PAPE4,0.06,2921.955,3,3,2921.955,0.0,0.0,0.0,0.0,48699.25
1794119,IT,WL,PAPER,DIST1,0.01,2921.947,3,3,2921.947,0.0,0.0,0.0,0.0,292194.7
1723839,IT,PT,MOTO1,COMPU,0.02,2921.849,3,3,2921.849,0.0,0.0,0.0,0.0,146092.45
1733265,IT,SI,MACHI,SEWAG,0.02,2921.751,3,3,2921.751,0.0,0.0,0.0,0.0,146087.55
1652422,IT,CZ,TEXTI,ELEC2,0.02,2921.74,3,3,2921.74,0.0,0.0,0.0,0.0,146087.0
1745208,IT,JP,ANIMA,PFERT,0.01,2921.697,3,3,2921.697,0.0,0.0,0.0,0.0,292169.7
1763035,IT,MX,TEXTI,PROCE,0.02,2921.556,3,3,2921.556,0.0,0.0,0.0,0.0,146077.8
1793002,IT,WA,FOOD2,REALE,0.02,2921.542,3,3,2921.542,0.0,0.0,0.0,0.0,146077.1
1766949,IT,RU,MOTO1,PFERT,0.02,2921.31,3,3,2921.31,0.0,0.0,0.0,0.0,146065.5
1748764,IT,CN,FISH5,WOODW,0.01,2920.991,4,4,2920.989,0.0,0.0,0.0,0.002,292099.1
1765742,IT,RU,PRINT,OFFIC,0.03,2920.951,3,3,2920.951,0.0,0.0,0.0,0.0,97365.033333
1675373,IT,FR,MACHI,LUBRI,0.02,2920.833,3,3,2920.833,0.0,0.0,0.0,0.0,146041.65
1766785,IT,RU,MACHI,CHARC,0.02,2920.442,3,3,2920.442,0.0,0.0,0.0,0.0,146022.1
1669185,IT,ES,POSTT,SECO9,0.05,2920.438,3,3,2920.438,0.0,0.0,0.0,0.0,58408.76
1726529,IT,RO,MACHI,REALE,0.02,2920.208,3,3,2920.208,0.0,0.0,0.0,0.0,146010.4
1680632,IT,GR,SALEM,RENTI,0.02,2920.158,3,3,2920.158,0.0,0.0,0.0,0.0,146007.9
1797782,IT,WL,OILHA,FOOD5,0.02,2919.832,3,3,2919.832,0.0,0.0,0.0,0.0,145991.6
1773988,IT,CH,SALEM,HEALT,0.02,2919.782,3,3,2919.782,0.0,0.0,0.0,0.0,145989.1
1797971,IT,WL,PAPE4,MOTOR,0.02,2919.312,3,3,2919.312,0.0,0.0,0.0,0.0,145965.6
1685231,IT,HU,TEXTI,PROCE,0.02,2919.294,3,3,2919.294,0.0,0.0,0.0,0.0,145964.7
1709356,IT,LT,PROCE,VEGE1,0.02,2919.276,3,3,2919.276,0.0,0.0,0.0,0.0,145963.8
1753687,IT,CA,MOTO1,RETA1,0.02,2918.782,3,3,2918.782,0.0,0.0,0.0,0.0,145939.1
1684709,IT,HU,VEGET,SANDC,0.01,2918.764,3,3,2918.764,0.0,0.0,0.0,0.0,291876.4
1712901,IT,LV,REALE,RETA1,0.12,2918.543,3,3,2918.543,0.0,0.0,0.0,0.0,24321.191667
1786619,IT,ZA,RETAI,CATTL,0.02,2918.309,3,3,2918.309,0.0,0.0,0.0,0.0,145915.45
1814381,IT,WM,AUXIL,PFERT,0.05,2918.131,3,3,2918.131,0.0,0.0,0.0,0.0,58362.62
1791048,IT,WA,TRANS,ALUMI,0.02,2917.769,3,3,2917.769,0.0,0.0,0.0,0.0,145888.45
1663961,IT,EE,PAPER,PULP5,0.01,2917.745,3,3,2917.745,0.0,0.0,0.0,0.0,291774.5
1672278,IT,FI,RENTI,RUBBE,0.02,2917.498,3,3,2917.498,0.0,0.0,0.0,0.0,145874.9
1640713,IT,AT,TEXTI,OILSE,0.02,2917.16,3,3,2917.16,0.0,0.0,0.0,0.0,145858.0
1738588,IT,GB,FABRI,RADIO,0.01,2917.085,3,3,2917.085,0.0,0.0,0.0,0.0,291708.5
1725285,IT,RO,BEVER,MEAT4,0.01,2916.85,3,3,2916.85,0.0,0.0,0.0,0.0,291685.0
1773581,IT,CH,MOTO1,TEXT1,0.02,2916.789,3,3,2916.789,0.0,0.0,0.0,0.0,145839.45
1676736,IT,FR,RAILW,PAPE4,0.02,2916.467,3,3,2916.467,0.0,0.0,0.0,0.0,145823.35
1762051,IT,IN,RETA1,ANIMA,0.03,2916.438,3,3,2916.438,0.0,0.0,0.0,0.0,97214.6
1736272,IT,SK,HOTEL,MOTOR,0.02,2916.169,3,3,2916.169,0.0,0.0,0.0,0.0,145808.45
1768520,IT,AU,FOOD5,NONME,0.01,2916.103,3,3,2916.103,0.0,0.0,0.0,0.0,291610.3
1671587,IT,FI,MOTO1,COMPU,0.02,2916.097,3,3,2916.097,0.0,0.0,0.0,0.0,145804.85
1727880,IT,RO,INTER,WHOLE,0.02,2916.089,3,3,2916.089,0.0,0.0,0.0,0.0,145804.45
1749312,IT,CN,PRINT,MEAT4,0.03,2916.017,3,3,2916.017,0.0,0.0,0.0,0.0,97200.566667
1728615,IT,SE,PAPER,FOOD3,0.01,2915.992,3,3,2915.992,0.0,0.0,0.0,0.0,291599.2
1766996,IT,RU,MOTO1,FOOD3,0.02,2915.97,3,3,2915.97,0.0,0.0,0.0,0.0,145798.5
1712161,IT,LV,LEATH,BIODI,0.02,2915.699,3,3,2915.699,0.0,0.0,0.0,0.0,145784.95
1754261,IT,CA,POSTT,SEACO,0.05,2915.699,3,3,2915.699,0.0,0.0,0.0,0.0,58313.98
1781418,IT,NO,FOOD5,WEARI,0.01,2915.628,3,3,2915.628,0.0,0.0,0.0,0.0,291562.8
1718435,IT,PL,TOBAC,OFFIC,0.01,2915.427,3,3,2915.427,0.0,0.0,0.0,0.0,291542.7
1678406,IT,FR,INERT,TEXTI,0.02,2915.362,3,3,2915.362,0.0,0.0,0.0,0.0,145768.1
1751590,IT,CN,POSTT,SECO9,0.05,2915.121,3,3,2915.121,0.0,0.0,0.0,0.0,58302.42
1740090,IT,GB,COMPU,CROPS,0.03,2914.843,3,3,2914.843,0.0,0.0,0.0,0.0,97161.433333
1779926,IT,TW,CONST,PETRO,0.02,2914.703,3,3,2914.703,0.0,0.0,0.0,0.0,145735.15
1720636,IT,PL,MOTO1,NFERT,0.02,2914.612,3,3,2914.612,0.0,0.0,0.0,0.0,145730.6
1664758,IT,EE,COMPU,BUSIN,0.03,2914.377,3,3,2914.377,0.0,0.0,0.0,0.0,97145.9
1767946,IT,RU,COMPU,WOODW,0.03,2914.274,3,3,2914.274,0.0,0.0,0.0,0.0,97142.466667
1748270,IT,JP,MEMBE,FABRI,0.03,2914.074,3,3,2914.074,0.0,0.0,0.0,0.0,97135.8
1740587,IT,US,WOOLS,PUBLI,0.01,2914.07,3,3,2914.07,0.0,0.0,0.0,0.0,291407.0
1792478,IT,WA,AUXIL,RECRE,0.05,2914.031,3,3,2914.031,0.0,0.0,0.0,0.0,58280.62
1756492,IT,KR,SALEM,RESEA,0.02,2913.897,3,3,2913.897,0.0,0.0,0.0,0.0,145694.85
1712204,IT,LV,PAPER,MEATC,0.01,2913.572,3,3,2913.572,0.0,0.0,0.0,0.0,291357.2
1802739,IT,WE,RESEA,MEDIC,0.02,2913.23,3,3,2913.23,0.0,0.0,0.0,0.0,145661.5
1792931,IT,WA,FOODW,CONST,0.02,2912.968,3,3,2912.968,0.0,0.0,0.0,0.0,145648.4
1678085,IT,FR,FOODW,RENTI,0.02,2912.801,3,3,2912.801,0.0,0.0,0.0,0.0,145640.05
1643779,IT,AT,POSTT,FURNI,0.05,2912.766,3,3,2912.766,0.0,0.0,0.0,0.0,58255.32
1724144,IT,PT,RETA1,TRAN1,0.03,2912.736,3,3,2912.736,0.0,0.0,0.0,0.0,97091.2
1775389,IT,CH,PUBLI,FURNI,0.05,2912.529,3,3,2912.529,0.0,0.0,0.0,0.0,58250.58
1740469,IT,GB,FOOD4,WASTE,0.02,2912.483,3,3,2912.483,0.0,0.0,0.0,0.0,145624.15
1710096,IT,LT,FABRI,RETAI,0.01,2912.274,3,3,2912.274,0.0,0.0,0.0,0.0,291227.4
1718328,IT,PL,FOOD5,FOOD4,0.01,2912.178,3,3,2912.178,0.0,0.0,0.0,0.0,291217.8
1684204,IT,HR,LANDT,PAPE4,0.02,2912.035,3,3,2912.035,0.0,0.0,0.0,0.0,145601.75
1726862,IT,RO,RETA1,LEATH,0.03,2911.803,3,3,2911.803,0.0,0.0,0.0,0.0,97060.1
1814627,IT,WM,FOODW,CONST,0.02,2911.568,3,3,2911.568,0.0,0.0,0.0,0.0,145578.4
1727414,IT,RO,FINAN,COLLE,0.04,2910.99,3,3,2910.99,0.0,0.0,0.0,0.0,72774.75
1673031,IT,FR,FOOD5,CHEMI,0.01,2910.923,3,3,2910.923,0.0,0.0,0.0,0.0,291092.3
1718974,IT,PL,PRINT,FOOD3,0.03,2910.919,3,3,2910.919,0.0,0.0,0.0,0.0,97030.633333
1751337,IT,CN,LANDT,SECO9,0.02,2910.827,3,3,2910.827,0.0,0.0,0.0,0.0,145541.35
1724712,IT,PT,AUXIL,WEARI,0.05,2910.601,3,3,2910.601,0.0,0.0,0.0,0.0,58212.02
1791676,IT,WA,HOTEL,DIST1,0.02,2910.44,3,3,2910.44,0.0,0.0,0.0,0.0,145522.0
1676698,IT,FR,RAILW,ELECT,0.02,2910.175,3,3,2910.175,0.0,0.0,0.0,0.0,145508.75
1676341,IT,FR,RETAI,INERT,0.02,2910.106,3,3,2910.106,0.0,0.0,0.0,0.0,145505.3
1663419,IT,DK,INSUR,COMPU,0.06,2910.042,3,3,2910.042,0.0,0.0,0.0,0.0,48500.7
1670169,IT,ES,MEMBE,HOTEL,0.03,2909.872,3,3,2909.872,0.0,0.0,0.0,0.0,96995.733333
1787599,IT,WA,MEAT1,PIGS9,0.01,2909.591,3,3,2909.591,0.0,0.0,0.0,0.0,290959.1
1803213,IT,WF,CROPS,WHOLE,0.02,2909.547,3,3,2909.547,0.0,0.0,0.0,0.0,145477.35
1782828,IT,NO,HOTEL,INTER,0.02,2909.384,3,3,2909.384,0.0,0.0,0.0,0.0,145469.2
1780692,IT,TW,REALE,BEVER,0.12,2909.343,3,3,2909.343,0.0,0.0,0.0,0.0,24244.525
1721739,IT,PL,INSUR,GASDI,0.06,2909.248,3,3,2909.248,0.0,0.0,0.0,0.0,48487.466667
1663862,IT,EE,TEXTI,RESEA,0.02,2909.217,3,3,2909.217,0.0,0.0,0.0,0.0,145460.85
1652368,IT,CZ,TEXTI,OILSE,0.02,2909.199,3,3,2909.199,0.0,0.0,0.0,0.0,145459.95
1720733,IT,PL,TRANS,PAPER,0.02,2909.162,3,3,2909.162,0.0,0.0,0.0,0.0,145458.1
1668676,IT,ES,LANDT,OILSE,0.02,2908.874,3,3,2908.874,0.0,0.0,0.0,0.0,145443.7
1787280,IT,WA,VEGET,RENTI,0.01,2908.862,3,3,2908.862,0.0,0.0,0.0,0.0,290886.2
1744816,IT,US,RESEA,RETAI,0.02,2908.83,3,3,2908.83,0.0,0.0,0.0,0.0,145441.5
1717027,IT,NL,LANDT,NONME,0.02,2908.68,3,3,2908.68,0.0,0.0,0.0,0.0,145434.0
1656236,IT,DE,WEARI,PIGS9,0.02,2907.999,3,3,2907.999,0.0,0.0,0.0,0.0,145399.95
1766947,IT,RU,MOTO1,HEAVY,0.02,2907.963,3,3,2907.963,0.0,0.0,0.0,0.0,145398.15
1649969,IT,BG,FABRI,INLAN,0.01,2907.926,3,3,2907.926,0.0,0.0,0.0,0.0,290792.6
1751775,IT,CN,AUXIL,CERAM,0.05,2907.718,3,3,2907.718,0.0,0.0,0.0,0.0,58154.36
1689681,IT,IE,POSTT,LANDT,0.05,2907.651,3,3,2907.651,0.0,0.0,0.0,0.0,58153.02
1711577,IT,LU,FINAN,RETAI,0.04,2907.485,3,3,2907.485,0.0,0.0,0.0,0.0,72687.125
1770732,IT,AU,AUXIL,HOTEL,0.05,2907.456,3,3,2907.456,0.0,0.0,0.0,0.0,58149.12
1665185,IT,ES,FOOD5,NICKE,0.01,2907.443,3,3,2907.443,0.0,0.0,0.0,0.0,290744.3
1780842,IT,TW,COMPU,TRAN1,0.03,2907.433,3,3,2907.433,0.0,0.0,0.0,0.0,96914.433333
1760284,IT,IN,CROPS,PUBLI,0.02,2907.283,3,3,2907.283,0.0,0.0,0.0,0.0,145364.15
1731005,IT,SE,FOOD2,INTER,0.02,2907.125,3,3,2907.125,0.0,0.0,0.0,0.0,145356.25
1784937,IT,ID,INSUR,CROPS,0.06,2907.092,3,3,2907.092,0.0,0.0,0.0,0.0,48451.533333
1744315,IT,US,FINAN,NONF1,0.04,2907.04,3,3,2907.04,0.0,0.0,0.0,0.0,72676.0
1752721,IT,CA,LEATH,RADIO,0.02,2907.024,3,3,2907.024,0.0,0.0,0.0,0.0,145351.2
1644785,IT,BE,TOBAC,MOTOR,0.01,2906.99,3,3,2906.99,0.0,0.0,0.0,0.0,290699.0
1747015,IT,JP,TRANS,OFFIC,0.02,2906.969,3,3,2906.969,0.0,0.0,0.0,0.0,145348.45
1664396,IT,EE,MACHI,LEATH,0.02,2906.946,3,3,2906.946,0.0,0.0,0.0,0.0,145347.3
1730169,IT,SE,LANDT,BITU1,0.02,2906.861,3,3,2906.861,0.0,0.0,0.0,0.0,145343.05
1725010,IT,PT,FOOD4,LEAD1,0.02,2906.594,3,3,2906.594,0.0,0.0,0.0,0.0,145329.7
1763288,IT,MX,PAPER,HEAVY,0.01,2906.569,3,3,2906.569,0.0,0.0,0.0,0.0,290656.9
1662830,IT,DK,SALEM,WHOLE,0.02,2906.463,3,3,2906.463,0.0,0.0,0.0,0.0,145323.15
1780451,IT,TW,SUPPO,93197,0.02,2906.154,3,3,2906.154,0.0,0.0,0.0,0.0,145307.7
1783789,IT,NO,PLAS2,WHOLE,0.02,2905.861,3,3,2905.861,0.0,0.0,0.0,0.0,145293.05
1737378,IT,GB,TEXTI,FISHF,0.02,2905.4,3,3,2905.4,0.0,0.0,0.0,0.0,145270.0
1747243,IT,JP,SALEM,RESEA,0.02,2904.946,3,3,2904.946,0.0,0.0,0.0,0.0,145247.3
1725014,IT,PT,PAPE4,ALUM1,0.02,2904.833,3,3,2904.833,0.0,0.0,0.0,0.0,145241.65
1792204,IT,WA,SUPPO,PRIVA,0.02,2904.801,3,3,2904.801,0.0,0.0,0.0,0.0,145240.05
1792630,IT,WA,RESEA,CROPS,0.02,2904.654,3,3,2904.654,0.0,0.0,0.0,0.0,145232.7
1640879,IT,AT,LEATH,PFERT,0.02,2904.649,3,3,2904.649,0.0,0.0,0.0,0.0,145232.45
1776367,IT,TR,PRINT,TEXTI,0.03,2904.346,3,3,2904.346,0.0,0.0,0.0,0.0,96811.533333
1678942,IT,GR,TEXTI,LANDT,0.02,2904.292,3,3,2904.292,0.0,0.0,0.0,0.0,145214.6
1670431,IT,FI,FOOD5,TRANS,0.01,2904.278,3,3,2904.278,0.0,0.0,0.0,0.0,290427.8
1765046,IT,MX,INSUR,TRANS,0.06,2904.007,3,3,2904.007,0.0,0.0,0.0,0.0,48400.116667
1741022,IT,US,FISH5,FOOD3,0.01,2903.987,3,3,2903.987,0.0,0.0,0.0,0.0,290398.7
1734293,IT,SI,BUSIN,TEXTI,0.03,2903.941,3,3,2903.941,0.0,0.0,0.0,0.0,96798.033333
1643879,IT,AT,REALE,CHEM1,0.12,2903.8,3,3,2903.8,0.0,0.0,0.0,0.0,24198.333333
1740507,IT,GB,MEMBE,FURNI,0.03,2903.551,3,3,2903.551,0.0,0.0,0.0,0.0,96785.033333
1652536,IT,CZ,WEARI,INTER,0.02,2903.258,3,3,2903.258,0.0,0.0,0.0,0.0,145162.9
1757452,IT,BR,PAPER,NAPHT,0.01,2903.044,3,3,2903.044,0.0,0.0,0.0,0.0,290304.4
1751984,IT,CN,RESEA,PARAF,0.02,2903.039,3,3,2903.039,0.0,0.0,0.0,0.0,145151.95
1681801,IT,HR,MEATP,WHOLE,0.01,2902.611,3,3,2902.611,0.0,0.0,0.0,0.0,290261.1
1661634,IT,DK,TEXTI,MEATC,0.02,2902.552,3,3,2902.552,0.0,0.0,0.0,0.0,145127.6
1689022,IT,IE,MACHI,FOOD2,0.02,2902.433,3,3,2902.433,0.0,0.0,0.0,0.0,145121.65
1724218,IT,PT,HOTEL,MEMBE,0.02,2902.256,3,3,2902.256,0.0,0.0,0.0,0.0,145112.8
1717654,IT,NL,BUSIN,REFI1,0.03,2902.256,3,3,2902.256,0.0,0.0,0.0,0.0,96741.866667
1731339,IT,SI,DAIRY,MEDIC,0.01,2902.195,3,3,2902.195,0.0,0.0,0.0,0.0,290219.5
1687108,IT,HU,TRANS,SANDC,0.02,2902.132,3,3,2902.132,0.0,0.0,0.0,0.0,145106.6
1793668,IT,WL,FOOD5,PADDY,0.01,2902.016,3,3,2902.016,0.0,0.0,0.0,0.0,290201.6
1747991,IT,JP,RESEA,93197,0.02,2901.491,3,3,2901.491,0.0,0.0,0.0,0.0,145074.55
1778261,IT,TR,CONST,HEALT,0.02,2901.371,3,3,2901.371,0.0,0.0,0.0,0.0,145068.55
1651086,IT,BG,INSUR,HOTEL,0.06,2901.316,3,3,2901.316,0.0,0.0,0.0,0.0,48355.266667
1678798,IT,GR,FOOD5,POSTT,0.01,2901.179,3,3,2901.179,0.0,0.0,0.0,0.0,290117.9
1665553,IT,ES,LEATH,PULP5,0.02,2900.996,3,3,2900.996,0.0,0.0,0.0,0.0,145049.8
1750898,IT,CN,CONST,FISH5,0.02,2900.986,3,3,2900.986,0.0,0.0,0.0,0.0,145049.3
1744735,IT,US,RESEA,LEADZ,0.02,2900.957,3,3,2900.957,0.0,0.0,0.0,0.0,145047.85
1677302,IT,FR,FINAN,ELEC8,0.04,2900.951,3,3,2900.951,0.0,0.0,0.0,0.0,72523.775
1783046,IT,NO,INSUR,FISH5,0.06,2900.805,3,3,2900.805,0.0,0.0,0.0,0.0,48346.75
1673061,IT,FR,FOOD5,LIQUI,0.01,2900.599,3,3,2900.599,0.0,0.0,0.0,0.0,290059.9
1776374,IT,TR,PRINT,PLAST,0.03,2900.386,3,3,2900.386,0.0,0.0,0.0,0.0,96679.533333
1786245,IT,ZA,FABRI,SUGAR,0.01,2900.25,3,3,2900.25,0.0,0.0,0.0,0.0,290025.0
1762400,IT,IN,POSTT,OFFIC,0.05,2900.182,3,3,2900.182,0.0,0.0,0.0,0.0,58003.64
1710775,IT,LU,TEXTI,RECRE,0.02,2900.159,3,3,2900.159,0.0,0.0,0.0,0.0,145007.95
1747211,IT,JP,CONST,INTER,0.02,2900.091,3,3,2900.091,0.0,0.0,0.0,0.0,145004.55
1807773,IT,WF,EDUCA,RETA1,0.07,2900.003,3,3,2900.003,0.0,0.0,0.0,0.0,41428.614286
1718566,IT,PL,WEARI,POSTT,0.02,2899.946,3,3,2899.946,0.0,0.0,0.0,0.0,144997.3
1713894,IT,MT,ELEC5,COMPU,0.03,2899.9,3,3,2899.9,0.0,0.0,0.0,0.0,96663.333333
1808277,IT,WF,FOOD2,CHEM1,0.02,2899.807,3,3,2899.807,0.0,0.0,0.0,0.0,144990.35
1717295,IT,NL,POSTT,FOOD2,0.05,2899.634,3,3,2899.634,0.0,0.0,0.0,0.0,57992.68
1775893,IT,TR,PROCE,RUBBE,0.02,2899.373,3,3,2899.373,0.0,0.0,0.0,0.0,144968.65
1640204,IT,AT,MEATA,HOTEL,0.02,2899.278,3,3,2899.278,0.0,0.0,0.0,0.0,144963.9
1652297,IT,CZ,BEVER,LIQUE,0.01,2899.015,3,3,2899.015,0.0,0.0,0.0,0.0,289901.5
1688525,IT,IE,PAPER,DAIRY,0.01,2898.932,3,3,2898.932,0.0,0.0,0.0,0.0,289893.2
1654403,IT,CZ,WHOLE,PAPER,0.03,2898.8,3,3,2898.8,0.0,0.0,0.0,0.0,96626.666667
1663462,IT,DK,REALE,SUPPO,0.12,2898.645,3,3,2898.645,0.0,0.0,0.0,0.0,24155.375
1676148,IT,FR,CONST,POULT,0.02,2898.636,3,3,2898.636,0.0,0.0,0.0,0.0,144931.8
1744424,IT,US,AUXIL,LEATH,0.05,2898.587,3,3,2898.587,0.0,0.0,0.0,0.0,57971.74
1684974,IT,HU,MEAT4,PUBLI,0.02,2898.345,3,3,2898.345,0.0,0.0,0.0,0.0,144917.25
1769884,IT,AU,MOTO1,PLANT,0.02,2898.257,3,3,2898.257,0.0,0.0,0.0,0.0,144912.85
1784050,IT,ID,TEXTI,FINAN,0.02,2898.067,3,3,2898.067,0.0,0.0,0.0,0.0,144903.35
1760293,IT,IN,FORES,CHEM1,0.03,2897.757,4,4,2896.757,0.0,1.0,0.0,0.0,96591.9
1793800,IT,WL,TEXTI,ANIMA,0.02,2897.692,3,3,2897.692,0.0,0.0,0.0,0.0,144884.6
1710468,IT,LT,LANDT,BIOG1,0.02,2897.533,3,3,2897.533,0.0,0.0,0.0,0.0,144876.65
1752559,IT,CA,BEVER,MACHI,0.01,2897.36,3,3,2897.36,0.0,0.0,0.0,0.0,289736.0
1745897,IT,JP,LEATH,AIRTR,0.02,2897.313,3,3,2897.313,0.0,0.0,0.0,0.0,144865.65
1711949,IT,LU,PAPE4,CONST,0.02,2897.303,3,3,2897.303,0.0,0.0,0.0,0.0,144865.15
1744838,IT,US,RESEA,PAPE1,0.02,2897.297,3,3,2897.297,0.0,0.0,0.0,0.0,144864.85
1788274,IT,WA,LEATH,PARAF,0.02,2897.22,3,3,2897.22,0.0,0.0,0.0,0.0,144861.0
1787909,IT,WA,BEVER,LEAD1,0.01,2896.898,3,3,2896.898,0.0,0.0,0.0,0.0,289689.8
1733645,IT,SI,HOTEL,COLLE,0.02,2896.675,3,3,2896.675,0.0,0.0,0.0,0.0,144833.75
1735852,IT,SK,MACHI,WASTE,0.02,2896.635,3,3,2896.635,0.0,0.0,0.0,0.0,144831.75
1733328,IT,SI,MOTO1,OILHA,0.02,2896.532,3,3,2896.532,0.0,0.0,0.0,0.0,144826.6
1758940,IT,BR,RAILW,BIODI,0.02,2896.348,3,3,2896.348,0.0,0.0,0.0,0.0,144817.4
1765021,IT,MX,INSUR,PAPER,0.06,2896.307,3,3,2896.307,0.0,0.0,0.0,0.0,48271.783333
1664426,IT,EE,MACHI,ELEC2,0.02,2896.246,3,3,2896.246,0.0,0.0,0.0,0.0,144812.3
1667969,IT,ES,TRANS,NONME,0.02,2896.196,3,3,2896.196,0.0,0.0,0.0,0.0,144809.8
1784997,IT,ID,AUXIL,FINAN,0.05,2895.986,3,3,2895.986,0.0,0.0,0.0,0.0,57919.72
1720925,IT,PL,SALEM,WASTE,0.02,2895.871,3,3,2895.871,0.0,0.0,0.0,0.0,144793.55
1803910,IT,WF,WEARI,CERAM,0.02,2895.869,3,3,2895.869,0.0,0.0,0.0,0.0,144793.45
1780231,IT,TW,RAILW,COMPU,0.02,2895.863,3,3,2895.863,0.0,0.0,0.0,0.0,144793.15
1754815,IT,KR,FOOD5,STEAM,0.01,2895.347,3,3,2895.347,0.0,0.0,0.0,0.0,289534.7
1728160,IT,SE,DAIRY,SUPPO,0.01,2895.062,3,3,2895.062,0.0,0.0,0.0,0.0,289506.2
1677159,IT,FR,POSTT,GASDI,0.05,2894.752,3,3,2894.752,0.0,0.0,0.0,0.0,57895.04
1721127,IT,PL,RAILW,PAPER,0.02,2894.666,3,3,2894.666,0.0,0.0,0.0,0.0,144733.3
1768276,IT,AU,VEGET,FISH5,0.01,2894.644,3,3,2894.644,0.0,0.0,0.0,0.0,289464.4
1751272,IT,CN,HOTEL,OILHA,0.02,2894.406,3,3,2894.406,0.0,0.0,0.0,0.0,144720.3
1781546,IT,NO,TEXTI,AIRTR,0.02,2894.201,3,3,2894.201,0.0,0.0,0.0,0.0,144710.05
1782564,IT,NO,TRANS,NATUR,0.02,2894.143,3,3,2894.143,0.0,0.0,0.0,0.0,144707.15
1668191,IT,ES,SALEM,OILHA,0.02,2894.041,3,3,2894.041,0.0,0.0,0.0,0.0,144702.05
1747150,IT,JP,CONST,NFERT,0.02,2893.906,3,3,2893.906,0.0,0.0,0.0,0.0,144695.3
1678988,IT,GR,LEATH,TEXTI,0.02,2893.877,3,3,2893.877,0.0,0.0,0.0,0.0,144693.85
1745918,IT,JP,LEATH,FOOD2,0.02,2893.694,3,3,2893.694,0.0,0.0,0.0,0.0,144684.7
1734238,IT,SI,RENTI,INTER,0.02,2893.377,3,3,2893.377,0.0,0.0,0.0,0.0,144668.85
1713930,IT,MT,CONST,MOTO1,0.02,2892.936,3,3,2892.936,0.0,0.0,0.0,0.0,144646.8
1808565,IT,WF,PAPE4,ELEC4,0.02,2892.874,3,3,2892.874,0.0,0.0,0.0,0.0,144643.7
1784144,IT,ID,PAPER,POULT,0.01,2892.415,3,3,2892.415,0.0,0.0,0.0,0.0,289241.5
1810598,IT,WM,PRINT,PLAST,0.03,2892.319,3,3,2892.319,0.0,0.0,0.0,0.0,96410.633333
1651717,IT,CY,FABRI,PUBLI,0.01,2892.195,3,3,2892.195,0.0,0.0,0.0,0.0,289219.5
1651946,IT,CY,BUSIN,MOTO1,0.03,2892.08,3,3,2892.08,0.0,0.0,0.0,0.0,96402.666667
1753868,IT,CA,RETA1,BASIC,0.03,2891.881,3,3,2891.881,0.0,0.0,0.0,0.0,96396.033333
1716913,IT,NL,HOTEL,WOOD1,0.02,2891.765,3,3,2891.765,0.0,0.0,0.0,0.0,144588.25
1712783,IT,LV,LANDT,PUBLI,0.02,2891.754,3,3,2891.754,0.0,0.0,0.0,0.0,144587.7
1792913,IT,WA,HEALT,NONF1,0.02,2891.748,3,3,2891.748,0.0,0.0,0.0,0.0,144587.4
1743198,IT,US,TRANS,WEARI,0.02,2891.223,3,3,2891.223,0.0,0.0,0.0,0.0,144561.15
1668398,IT,ES,RETA1,RUBBE,0.03,2890.865,3,3,2890.865,0.0,0.0,0.0,0.0,96362.166667
1782847,IT,NO,LANDT,OFFIC,0.02,2890.741,3,3,2890.741,0.0,0.0,0.0,0.0,144537.05
1668514,IT,ES,HOTEL,PETRO,0.02,2890.655,3,3,2890.655,0.0,0.0,0.0,0.0,144532.75
1776002,IT,TR,TEXTI,CRUDE,0.02,2890.569,3,3,2890.569,0.0,0.0,0.0,0.0,144528.45
1773579,IT,CH,MOTO1,PLAS1,0.02,2890.199,3,3,2890.199,0.0,0.0,0.0,0.0,144509.95
1712141,IT,LV,WEARI,LANDT,0.02,2890.118,3,3,2890.118,0.0,0.0,0.0,0.0,144505.9
1663520,IT,DK,RENTI,OILHA,0.02,2889.66,3,3,2889.66,0.0,0.0,0.0,0.0,144483.0
1717516,IT,NL,RENTI,MEAT1,0.02,2889.453,3,3,2889.453,0.0,0.0,0.0,0.0,144472.65
1763276,IT,MX,PAPER,TOBAC,0.01,2889.422,3,3,2889.422,0.0,0.0,0.0,0.0,288942.2
1785474,IT,ZA,PRINT,RESEA,0.03,2889.232,3,3,2889.232,0.0,0.0,0.0,0.0,96307.733333
1718217,IT,PL,PROCE,VEGE1,0.02,2889.176,3,3,2889.176,0.0,0.0,0.0,0.0,144458.8
1776273,IT,TR,PAPER,NATUR,0.01,2889.092,3,3,2889.092,0.0,0.0,0.0,0.0,288909.2
1651313,IT,CY,WEARI,COLLE,0.02,2889.043,3,3,2889.043,0.0,0.0,0.0,0.0,144452.15
1738856,IT,GB,TRANS,ALUM1,0.02,2889.009,3,3,2889.009,0.0,0.0,0.0,0.0,144450.45
1784011,IT,ID,BEVER,PUBLI,0.01,2888.825,3,3,2888.825,0.0,0.0,0.0,0.0,288882.5
1724495,IT,PT,SUPPO,HEALT,0.02,2888.665,3,3,2888.665,0.0,0.0,0.0,0.0,144433.25
1664006,IT,EE,PRINT,SUPPO,0.03,2888.591,3,3,2888.591,0.0,0.0,0.0,0.0,96286.366667
1779733,IT,TR,BUSIN,COKEO,0.03,2888.581,3,3,2888.581,0.0,0.0,0.0,0.0,96286.033333
1814675,IT,WM,PLAS1,OFFIC,0.01,2888.55,3,3,2888.55,0.0,0.0,0.0,0.0,288855.0
1793766,IT,WL,FISH5,MEATP,0.01,2888.502,3,3,2888.502,0.0,0.0,0.0,0.0,288850.2
1809186,IT,WM,MEATA,CEMEN,0.02,2888.451,3,3,2888.451,0.0,0.0,0.0,0.0,144422.55
1673849,IT,FR,PRINT,SEACO,0.03,2888.315,3,3,2888.315,0.0,0.0,0.0,0.0,96277.166667
1650469,IT,BG,ELEC5,BIODI,0.03,2888.314,3,3,2888.314,0.0,0.0,0.0,0.0,96277.133333
1663374,IT,DK,POSTT,TEXTI,0.05,2888.217,3,3,2888.217,0.0,0.0,0.0,0.0,57764.34
1729951,IT,SE,CONST,WOODW,0.02,2888.177,3,3,2888.177,0.0,0.0,0.0,0.0,144408.85
1683941,IT,HR,SALEM,WHOLE,0.02,2888.122,3,3,2888.122,0.0,0.0,0.0,0.0,144406.1
1651103,IT,BG,COMPU,WHEAT,0.03,2888.106,3,3,2888.106,0.0,0.0,0.0,0.0,96270.2
1814536,IT,WM,RESEA,93197,0.02,2887.971,3,3,2887.971,0.0,0.0,0.0,0.0,144398.55
1745902,IT,JP,LEATH,AUXIL,0.02,2887.84,3,3,2887.84,0.0,0.0,0.0,0.0,144392.0
1684571,IT,HR,BUSIN,SEACO,0.03,2887.57,3,3,2887.57,0.0,0.0,0.0,0.0,96252.333333
1714070,IT,MT,LANDT,MEAT4,0.02,2887.45,3,3,2887.45,0.0,0.0,0.0,0.0,144372.5
1753715,IT,CA,TRANS,RETA1,0.02,2887.326,3,3,2887.326,0.0,0.0,0.0,0.0,144366.3
1653953,IT,CZ,MACHI,CRUDE,0.02,2887.007,3,3,2887.007,0.0,0.0,0.0,0.0,144350.35
1640774,IT,AT,TEXTI,AUXIL,0.02,2886.948,3,3,2886.948,0.0,0.0,0.0,0.0,144347.4
1793084,IT,WA,INERT,WHOLE,0.02,2886.911,3,3,2886.911,0.0,0.0,0.0,0.0,144345.55
1796507,IT,WL,RETA1,RUBBE,0.03,2886.766,3,3,2886.766,0.0,0.0,0.0,0.0,96225.533333
1655006,IT,CZ,REALE,LIQUE,0.12,2886.679,3,3,2886.679,0.0,0.0,0.0,0.0,24055.658333
1763082,IT,MX,TEXTI,REALE,0.02,2886.622,3,3,2886.622,0.0,0.0,0.0,0.0,144331.1
1654687,IT,CZ,LANDT,COKE1,0.02,2886.591,3,3,2886.591,0.0,0.0,0.0,0.0,144329.55
1678209,IT,FR,OILHA,PRINT,0.02,2886.403,3,3,2886.403,0.0,0.0,0.0,0.0,144320.15
1759924,IT,BR,PLAS1,SUGAR,0.01,2886.289,3,3,2886.289,0.0,0.0,0.0,0.0,288628.9
1767633,IT,RU,SUPPO,MEMBE,0.02,2885.986,3,3,2885.986,0.0,0.0,0.0,0.0,144299.3
1774491,IT,CH,LANDT,RADIO,0.02,2885.498,3,3,2885.498,0.0,0.0,0.0,0.0,144274.9
1710521,IT,LT,SUPPO,CHEM1,0.02,2885.452,3,3,2885.452,0.0,0.0,0.0,0.0,144272.6
1808283,IT,WF,FOOD2,FABRI,0.02,2885.327,3,3,2885.327,0.0,0.0,0.0,0.0,144266.35
1778136,IT,TR,TRANS,ALUM1,0.02,2885.31,3,3,2885.31,0.0,0.0,0.0,0.0,144265.5
1670485,IT,FI,BEVER,KEROS,0.01,2885.212,3,3,2885.212,0.0,0.0,0.0,0.0,288521.2
1663521,IT,DK,RENTI,SEWAG,0.02,2885.126,3,3,2885.126,0.0,0.0,0.0,0.0,144256.3
1677401,IT,FR,INSUR,ALUM1,0.06,2884.959,3,3,2884.959,0.0,0.0,0.0,0.0,48082.65
1737377,IT,GB,FISH5,RECRE,0.01,2884.7,3,3,2884.7,0.0,0.0,0.0,0.0,288470.0
1671534,IT,FI,MACHI,INTER,0.02,2884.605,3,3,2884.605,0.0,0.0,0.0,0.0,144230.25
1734041,IT,SI,FINAN,ELEC4,0.04,2884.564,3,3,2884.564,0.0,0.0,0.0,0.0,72114.1
1727686,IT,RO,RENTI,TEXT2,0.02,2883.694,3,3,2883.694,0.0,0.0,0.0,0.0,144184.7
1661631,IT,DK,FISH5,PUBLI,0.01,2883.669,3,3,2883.669,0.0,0.0,0.0,0.0,288366.9
1759190,IT,BR,SUPPO,MEATP,0.02,2883.42,3,3,2883.42,0.0,0.0,0.0,0.0,144171.0
1640759,IT,AT,TEXTI,BLAST,0.02,2883.328,3,3,2883.328,0.0,0.0,0.0,0.0,144166.4
1656267,IT,DE,WEARI,BUSIN,0.02,2883.207,3,3,2883.207,0.0,0.0,0.0,0.0,144160.35
1801770,IT,WE,ELEC4,FISHF,0.05,2883.195,3,3,2883.195,0.0,0.0,0.0,0.0,57663.9
1670499,IT,FI,BEVER,FABRI,0.01,2883.074,3,3,2883.074,0.0,0.0,0.0,0.0,288307.4
1711185,IT,LU,MACHI,CEREA,0.02,2882.946,3,3,2882.946,0.0,0.0,0.0,0.0,144147.3
1780673,IT,TW,AUXIL,TRANS,0.05,2882.895,3,3,2882.895,0.0,0.0,0.0,0.0,57657.9
1649181,IT,BG,PRINT,SALEM,0.03,2882.853,3,3,2882.853,0.0,0.0,0.0,0.0,96095.1
1776268,IT,TR,PAPER,SUGAR,0.01,2882.818,3,3,2882.818,0.0,0.0,0.0,0.0,288281.8
1734023,IT,SI,POSTT,RECRE,0.05,2882.555,3,3,2882.555,0.0,0.0,0.0,0.0,57651.1
1734634,IT,SK,TEXTI,FOUND,0.02,2882.526,3,3,2882.526,0.0,0.0,0.0,0.0,144126.3
1734146,IT,SI,AUXIL,COMPU,0.05,2882.418,3,3,2882.418,0.0,0.0,0.0,0.0,57648.36
1724863,IT,PT,BUSIN,LIQUE,0.03,2882.385,3,3,2882.385,0.0,0.0,0.0,0.0,96079.5
1684493,IT,HR,RESEA,RAWMI,0.02,2882.141,3,3,2882.141,0.0,0.0,0.0,0.0,144107.05
1681574,IT,GR,BUSIN,INSUR,0.03,2882.072,3,3,2882.072,0.0,0.0,0.0,0.0,96069.066667
1754872,IT,KR,FISH5,ELECT,0.01,2882.064,3,3,2882.064,0.0,0.0,0.0,0.0,288206.4
1784078,IT,ID,LEATH,PRINT,0.02,2881.817,3,3,2881.817,0.0,0.0,0.0,0.0,144090.85
1722869,IT,PT,PRINT,FURNI,0.03,2881.747,3,3,2881.747,0.0,0.0,0.0,0.0,96058.233333
1670153,IT,ES,MEMBE,KERO1,0.03,2881.735,3,3,2881.735,0.0,0.0,0.0,0.0,96057.833333
1718312,IT,PL,FOOD5,SEACO,0.01,2881.666,3,3,2881.666,0.0,0.0,0.0,0.0,288166.6
1712079,IT,LV,BEVER,FURNI,0.01,2881.488,3,3,2881.488,0.0,0.0,0.0,0.0,288148.8
1725698,IT,RO,PAPER,COLLE,0.01,2881.375,3,3,2881.375,0.0,0.0,0.0,0.0,288137.5
1712579,IT,LV,MACHI,RETAI,0.02,2881.232,3,3,2881.232,0.0,0.0,0.0,0.0,144061.6
1798042,IT,WL,WOOD2,HOTEL,0.02,2881.208,3,3,2881.208,0.0,0.0,0.0,0.0,144060.4
1724033,IT,PT,WHOLE,CROPS,0.02,2881.145,3,3,2881.145,0.0,0.0,0.0,0.0,144057.25
1712652,IT,LV,TRANS,SALEM,0.02,2881.023,3,3,2881.023,0.0,0.0,0.0,0.0,144051.15
1661564,IT,DK,BEVER,GASDI,0.01,2881.013,3,3,2881.013,0.0,0.0,0.0,0.0,288101.3
1723559,IT,PT,FABRI,NONFE,0.01,2880.896,3,3,2880.896,0.0,0.0,0.0,0.0,288089.6
1753969,IT,CA,LANDT,CEMEN,0.02,2880.803,3,3,2880.803,0.0,0.0,0.0,0.0,144040.15
1768717,IT,AU,WEARI,SUBBI,0.02,2880.69,3,3,2880.69,0.0,0.0,0.0,0.0,144034.5
1684594,IT,HR,BUSIN,93197,0.03,2880.66,3,3,2880.66,0.0,0.0,0.0,0.0,96022.0
1814635,IT,WM,FOODW,EDUCA,0.02,2880.506,3,3,2880.506,0.0,0.0,0.0,0.0,144025.3
1771613,IT,CH,TEXTI,INERT,0.02,2880.412,3,3,2880.412,0.0,0.0,0.0,0.0,144020.6
1685514,IT,HU,PAPER,KEROS,0.01,2880.374,3,3,2880.374,0.0,0.0,0.0,0.0,288037.4
1643984,IT,AT,COMPU,INSUR,0.03,2880.342,3,3,2880.342,0.0,0.0,0.0,0.0,96011.4
1792344,IT,WA,FINAN,FABRI,0.04,2880.333,3,3,2880.333,0.0,0.0,0.0,0.0,72008.325
1682032,IT,HR,BEVER,SEACO,0.01,2880.315,3,3,2880.315,0.0,0.0,0.0,0.0,288031.5
1740734,IT,US,MEATP,RESEA,0.01,2880.218,3,3,2880.218,0.0,0.0,0.0,0.0,288021.8
1747647,IT,JP,POSTT,PROCE,0.05,2880.204,3,3,2880.204,0.0,0.0,0.0,0.0,57604.08
1654029,IT,CZ,MACHI,GASWO,0.02,2880.168,3,3,2880.168,0.0,0.0,0.0,0.0,144008.4
1808538,IT,WF,PAPE4,MEAT1,0.02,2880.051,3,3,2880.051,0.0,0.0,0.0,0.0,144002.55
1808444,IT,WF,FOOD4,DAIRY,0.02,2879.905,3,3,2879.905,0.0,0.0,0.0,0.0,143995.25
1781760,IT,NO,PAPER,FOODW,0.01,2879.825,3,3,2879.825,0.0,0.0,0.0,0.0,287982.5
1771737,IT,CH,LEATH,NFERT,0.02,2879.673,3,3,2879.673,0.0,0.0,0.0,0.0,143983.65
1786461,IT,ZA,MOTO1,PAPER,0.02,2879.564,3,3,2879.564,0.0,0.0,0.0,0.0,143978.2
1773820,IT,CH,ELEC4,HOTEL,0.05,2879.282,3,3,2879.282,0.0,0.0,0.0,0.0,57585.64
1753834,IT,CA,WHOLE,ELEC3,0.02,2879.14,3,3,2879.14,0.0,0.0,0.0,0.0,143957.0
1661185,IT,DE,93197,SEACO,0.02,2879.108,3,3,2879.108,0.0,0.0,0.0,0.0,143955.4
1662602,IT,DK,FABRI,FINAN,0.01,2879.083,3,3,2879.083,0.0,0.0,0.0,0.0,287908.3
1797649,IT,WL,PAPE1,CEMEN,0.02,2879.005,3,3,2879.005,0.0,0.0,0.0,0.0,143950.25
1664745,IT,EE,AUXIL,AUXIL,0.05,2878.873,3,3,2878.873,0.0,0.0,0.0,0.0,57577.46
1680643,IT,GR,RETAI,POSTT,0.02,2878.43,3,3,2878.43,0.0,0.0,0.0,0.0,143921.5
1764972,IT,MX,POSTT,AUXIL,0.05,2878.403,3,3,2878.403,0.0,0.0,0.0,0.0,57568.06
1793860,IT,WL,TEXTI,TRANS,0.02,2878.366,3,3,2878.366,0.0,0.0,0.0,0.0,143918.3
1793186,IT,WA,93197,RETAI,0.02,2878.004,3,3,2878.004,0.0,0.0,0.0,0.0,143900.2
1793164,IT,WA,93197,KEROS,0.02,2877.818,3,3,2877.818,0.0,0.0,0.0,0.0,143890.9
1677620,IT,FR,REALE,RETAI,0.12,2877.538,3,3,2877.538,0.0,0.0,0.0,0.0,23979.483333
1809123,IT,WM,CROPS,FOUND,0.02,2877.472,3,3,2877.472,0.0,0.0,0.0,0.0,143873.6
1736453,IT,SK,LANDT,AUXIL,0.02,2877.453,3,3,2877.453,0.0,0.0,0.0,0.0,143872.65
1792986,IT,WA,OILHA,RESEA,0.02,2877.101,3,3,2877.101,0.0,0.0,0.0,0.0,143855.05
1783045,IT,NO,INSUR,BEVER,0.06,2876.775,3,3,2876.775,0.0,0.0,0.0,0.0,47946.25
1770392,IT,AU,LANDT,ELEC1,0.02,2876.731,3,3,2876.731,0.0,0.0,0.0,0.0,143836.55
1768378,IT,AU,MEAT4,MEMBE,0.02,2876.706,3,3,2876.706,0.0,0.0,0.0,0.0,143835.3
1718289,IT,PL,FOOD5,CEMEN,0.01,2876.663,3,3,2876.663,0.0,0.0,0.0,0.0,287666.3
1740474,IT,GB,PAPE4,TRAN1,0.02,2876.418,3,3,2876.418,0.0,0.0,0.0,0.0,143820.9
1756531,IT,KR,WHOLE,INLAN,0.02,2876.361,3,3,2876.361,0.0,0.0,0.0,0.0,143818.05
1668436,IT,ES,RETA1,HOTEL,0.03,2876.166,3,3,2876.166,0.0,0.0,0.0,0.0,95872.2
1784520,IT,ID,FABRI,ELEC2,0.01,2876.111,3,3,2876.111,0.0,0.0,0.0,0.0,287611.1
1714768,IT,NL,PROCE,CROPS,0.02,2875.971,3,3,2875.971,0.0,0.0,0.0,0.0,143798.55
1808621,IT,WF,PLAS2,SEACO,0.02,2875.804,3,3,2875.804,0.0,0.0,0.0,0.0,143790.2
1774037,IT,CH,RETAI,SALEM,0.02,2875.7,3,3,2875.7,0.0,0.0,0.0,0.0,143785.0
1649194,IT,BG,PRINT,AUXIL,0.03,2875.622,3,3,2875.622,0.0,0.0,0.0,0.0,95854.066667
1739074,IT,GB,RETAI,OILHA,0.02,2875.141,3,3,2875.141,0.0,0.0,0.0,0.0,143757.05
1712887,IT,LV,REALE,MOTO1,0.12,2875.058,3,3,2875.058,0.0,0.0,0.0,0.0,23958.816667
1808118,IT,WF,WOOD1,DISTR,0.02,2875.011,3,3,2875.011,0.0,0.0,0.0,0.0,143750.55
1717865,IT,PL,VEGET,MOTO1,0.01,2874.837,3,3,2874.837,0.0,0.0,0.0,0.0,287483.7
1673714,IT,FR,PAPER,WHITE,0.01,2874.812,3,3,2874.812,0.0,0.0,0.0,0.0,287481.2
1768951,IT,AU,PAPER,PETRO,0.01,2874.708,3,3,2874.708,0.0,0.0,0.0,0.0,287470.8
1675712,IT,FR,TRANS,RECRE,0.02,2874.694,3,3,2874.694,0.0,0.0,0.0,0.0,143734.7
1798043,IT,WL,WOOD2,REALE,0.02,2874.537,3,3,2874.537,0.0,0.0,0.0,0.0,143726.85
1724623,IT,PT,FINAN,HOTEL,0.04,2874.199,3,3,2874.199,0.0,0.0,0.0,0.0,71854.975
1641075,IT,AT,PAPER,COKEO,0.01,2874.0,3,3,2874.0,0.0,0.0,0.0,0.0,287400.0
1765552,IT,RU,LEATH,CEMEN,0.02,2873.943,3,3,2873.943,0.0,0.0,0.0,0.0,143697.15
1734315,IT,SI,BUSIN,FURNI,0.03,2873.938,3,3,2873.938,0.0,0.0,0.0,0.0,95797.933333
1644262,IT,BE,CROPS,KEROS,0.02,2873.865,3,3,2873.865,0.0,0.0,0.0,0.0,143693.25
1688449,IT,IE,TEXTI,OFFIC,0.02,2873.825,3,3,2873.825,0.0,0.0,0.0,0.0,143691.25
1709295,IT,LT,VEGET,DAIRY,0.01,2873.805,3,3,2873.805,0.0,0.0,0.0,0.0,287380.5
1780641,IT,TW,INSUR,RECRE,0.06,2873.704,3,3,2873.704,0.0,0.0,0.0,0.0,47895.066667
1782838,IT,NO,LANDT,MEAT1,0.02,2873.648,3,3,2873.648,0.0,0.0,0.0,0.0,143682.4
1786602,IT,ZA,SALEM,MEDIC,0.02,2873.632,3,3,2873.632,0.0,0.0,0.0,0.0,143681.6
1814167,IT,WM,SUPPO,NATUR,0.02,2873.236,3,3,2873.236,0.0,0.0,0.0,0.0,143661.8
1766742,IT,RU,MACHI,COPPE,0.02,2873.135,3,3,2873.135,0.0,0.0,0.0,0.0,143656.75
1758813,IT,BR,RETA1,SEACO,0.03,2873.115,3,3,2873.115,0.0,0.0,0.0,0.0,95770.5
1756631,IT,KR,LANDT,DAIRY,0.02,2873.073,3,3,2873.073,0.0,0.0,0.0,0.0,143653.65
1721882,IT,PL,RENTI,MEATC,0.02,2873.052,3,3,2873.052,0.0,0.0,0.0,0.0,143652.6
1661572,IT,DK,BEVER,ALUM1,0.01,2873.035,3,3,2873.035,0.0,0.0,0.0,0.0,287303.5
1798762,IT,WE,FOOD5,NONFE,0.01,2873.02,3,3,2873.02,0.0,0.0,0.0,0.0,287302.0
1756821,IT,KR,SUPPO,POSTT,0.02,2873.016,3,3,2873.016,0.0,0.0,0.0,0.0,143650.8
1687128,IT,HU,TRANS,REALE,0.02,2872.977,3,3,2872.977,0.0,0.0,0.0,0.0,143648.85
1647898,IT,BE,REALE,BIODI,0.12,2872.895,3,3,2872.895,0.0,0.0,0.0,0.0,23940.791667
1754403,IT,CA,RENTI,GLASS,0.02,2872.78,3,3,2872.78,0.0,0.0,0.0,0.0,143639.0
1669427,IT,ES,INSUR,CONST,0.06,2872.779,3,3,2872.779,0.0,0.0,0.0,0.0,47879.65
1668546,IT,ES,HOTEL,ELEC2,0.02,2872.332,3,3,2872.332,0.0,0.0,0.0,0.0,143616.6
1671747,IT,FI,SALEM,WASTE,0.02,2872.283,3,3,2872.283,0.0,0.0,0.0,0.0,143614.15
1793122,IT,WA,RECRE,KEROS,0.04,2872.241,3,3,2872.241,0.0,0.0,0.0,0.0,71806.025
1808171,IT,WF,OILHA,PRINT,0.02,2872.091,3,3,2872.091,0.0,0.0,0.0,0.0,143604.55
1684941,IT,HU,MEATP,DAIRY,0.01,2872.057,3,3,2872.057,0.0,0.0,0.0,0.0,287205.7
1754842,IT,KR,BEVER,OFFIC,0.01,2871.996,3,3,2871.996,0.0,0.0,0.0,0.0,287199.6
1661887,IT,DK,PAPER,OILHA,0.01,2871.962,3,3,2871.962,0.0,0.0,0.0,0.0,287196.2
1715012,IT,NL,TOBAC,FOOD4,0.01,2871.957,3,3,2871.957,0.0,0.0,0.0,0.0,287195.7
1768239,IT,RU,HEALT,WHOLE,0.01,2871.921,3,3,2871.921,0.0,0.0,0.0,0.0,287192.1
1783052,IT,NO,INSUR,KEROS,0.06,2871.832,3,3,2871.832,0.0,0.0,0.0,0.0,47863.866667
1690561,IT,IE,RECRE,RENTI,0.04,2871.696,3,3,2871.696,0.0,0.0,0.0,0.0,71792.4
1762380,IT,IN,POSTT,KEROS,0.05,2871.607,3,3,2871.607,0.0,0.0,0.0,0.0,57432.14
1747726,IT,JP,FINAN,ELEC4,0.04,2871.514,3,3,2871.514,0.0,0.0,0.0,0.0,71787.85
1654605,IT,CZ,RAILW,REALE,0.02,2871.468,3,3,2871.468,0.0,0.0,0.0,0.0,143573.4
1736274,IT,SK,HOTEL,REFI1,0.02,2871.36,3,3,2871.36,0.0,0.0,0.0,0.0,143568.0
1767864,IT,RU,AUXIL,AIRTR,0.05,2871.226,3,3,2871.226,0.0,0.0,0.0,0.0,57424.52
1807318,IT,WF,POSTT,ELEC4,0.05,2871.023,3,3,2871.023,0.0,0.0,0.0,0.0,57420.46
1802651,IT,WE,RENTI,LEATH,0.02,2870.952,3,3,2870.952,0.0,0.0,0.0,0.0,143547.6
1744413,IT,US,AUXIL,FORES,0.05,2870.839,3,3,2870.839,0.0,0.0,0.0,0.0,57416.78
1781180,IT,TW,93197,BASIC,0.02,2870.683,3,3,2870.683,0.0,0.0,0.0,0.0,143534.15
1748018,IT,JP,BUSIN,PULP5,0.03,2870.65,3,3,2870.65,0.0,0.0,0.0,0.0,95688.333333
1764270,IT,MX,MACHI,COKE1,0.02,2870.609,3,3,2870.609,0.0,0.0,0.0,0.0,143530.45
1673079,IT,FR,FOOD5,DISTR,0.01,2870.6,3,3,2870.6,0.0,0.0,0.0,0.0,287060.0
1770756,IT,AU,RENTI,WOODW,0.02,2870.561,3,3,2870.561,0.0,0.0,0.0,0.0,143528.05
1663144,IT,DK,LANDT,MEAT4,0.02,2870.487,3,3,2870.487,0.0,0.0,0.0,0.0,143524.35
1779777,IT,TR,BUSIN,BIOG1,0.03,2869.793,3,3,2869.793,0.0,0.0,0.0,0.0,95659.766667
1681381,IT,GR,AUXIL,REALE,0.05,2869.792,3,3,2869.792,0.0,0.0,0.0,0.0,57395.84
1779072,IT,TR,SUPPO,SUGA1,0.02,2869.626,3,3,2869.626,0.0,0.0,0.0,0.0,143481.3
1713235,IT,MT,PAPER,FISHF,0.01,2869.502,3,3,2869.502,0.0,0.0,0.0,0.0,286950.2
1714047,IT,MT,HOTEL,INLAN,0.02,2869.442,3,3,2869.442,0.0,0.0,0.0,0.0,143472.1
1729948,IT,SE,CONST,FORES,0.02,2869.246,3,3,2869.246,0.0,0.0,0.0,0.0,143462.3
1722623,IT,PT,TEXTI,CEMEN,0.02,2869.22,3,3,2869.22,0.0,0.0,0.0,0.0,143461.0
1775087,IT,CH,RENTI,INTER,0.02,2869.155,3,3,2869.155,0.0,0.0,0.0,0.0,143457.75
1734149,IT,SI,AUXIL,PUBLI,0.05,2869.042,3,3,2869.042,0.0,0.0,0.0,0.0,57380.84
1720885,IT,PL,CONST,AUXIL,0.02,2869.032,3,3,2869.032,0.0,0.0,0.0,0.0,143451.6
1730100,IT,SE,RETA1,INSUR,0.03,2869.03,3,3,2869.03,0.0,0.0,0.0,0.0,95634.333333
1710578,IT,LT,BUSIN,WHOLE,0.03,2869.005,3,3,2869.005,0.0,0.0,0.0,0.0,95633.5
1745571,IT,JP,BEVER,FOODW,0.01,2868.946,3,3,2868.946,0.0,0.0,0.0,0.0,286894.6
1813542,IT,WM,WHOLE,TOBAC,0.02,2868.898,3,3,2868.898,0.0,0.0,0.0,0.0,143444.9
1711913,IT,LU,FOOD2,BUSIN,0.02,2868.826,3,3,2868.826,0.0,0.0,0.0,0.0,143441.3
1665342,IT,ES,FISH5,CONST,0.01,2868.777,3,3,2868.777,0.0,0.0,0.0,0.0,286877.7
1745453,IT,JP,DAIRY,93197,0.01,2868.658,3,3,2868.658,0.0,0.0,0.0,0.0,286865.8
1814624,IT,WM,FOODW,BASIC,0.02,2868.581,3,3,2868.581,0.0,0.0,0.0,0.0,143429.05
1716701,IT,NL,WHOLE,SALEM,0.02,2868.41,3,3,2868.41,0.0,0.0,0.0,0.0,143420.5
1754865,IT,KR,BEVER,PRIVA,0.01,2868.3,3,3,2868.3,0.0,0.0,0.0,0.0,286830.0
1714781,IT,NL,PROCE,HEAVY,0.02,2868.237,3,3,2868.237,0.0,0.0,0.0,0.0,143411.85
1784521,IT,ID,FABRI,ELEC4,0.01,2868.197,3,3,2868.197,0.0,0.0,0.0,0.0,286819.7
1798863,IT,WE,BEVER,MEATC,0.01,2868.187,3,3,2868.187,0.0,0.0,0.0,0.0,286818.7
1745116,IT,US,EDUCA,RESEA,0.07,2868.141,3,3,2868.141,0.0,0.0,0.0,0.0,40973.442857
1764980,IT,MX,POSTT,MEMBE,0.05,2868.085,3,3,2868.085,0.0,0.0,0.0,0.0,57361.7
1647651,IT,BE,FINAN,RUBBE,0.04,2867.534,3,3,2867.534,0.0,0.0,0.0,0.0,71688.35
1737113,IT,GB,MEATP,REALE,0.01,2867.407,3,3,2867.407,0.0,0.0,0.0,0.0,286740.7
1809673,IT,WM,PROCE,STONE,0.02,2867.281,3,3,2867.281,0.0,0.0,0.0,0.0,143364.05
1764062,IT,MX,FABRI,FORES,0.01,2867.223,3,3,2867.223,0.0,0.0,0.0,0.0,286722.3
1717402,IT,NL,INSUR,CHEM1,0.06,2867.135,3,3,2867.135,0.0,0.0,0.0,0.0,47785.583333
1745164,IT,US,93197,HEALT,0.02,2867.133,3,3,2867.133,0.0,0.0,0.0,0.0,143356.65
1643037,IT,AT,CONST,FINAN,0.02,2866.923,3,3,2866.923,0.0,0.0,0.0,0.0,143346.15
1731519,IT,SI,FISH5,ELEC2,0.01,2866.838,3,3,2866.838,0.0,0.0,0.0,0.0,286683.8
1712643,IT,LV,MOTO1,HEALT,0.02,2866.726,3,3,2866.726,0.0,0.0,0.0,0.0,143336.3
1711181,IT,LU,FABRI,WASTE,0.01,2866.634,3,3,2866.634,0.0,0.0,0.0,0.0,286663.4
1716842,IT,NL,HOTEL,PAPER,0.02,2866.394,3,3,2866.394,0.0,0.0,0.0,0.0,143319.7
1762077,IT,IN,RETA1,COPP1,0.03,2866.338,3,3,2866.338,0.0,0.0,0.0,0.0,95544.6
1780533,IT,TW,POSTT,MEMBE,0.05,2866.17,3,3,2866.17,0.0,0.0,0.0,0.0,57323.4
1734230,IT,SI,RENTI,FINAN,0.02,2866.147,3,3,2866.147,0.0,0.0,0.0,0.0,143307.35
1814596,IT,WM,BUSIN,AIRTR,0.03,2865.9,3,3,2865.9,0.0,0.0,0.0,0.0,95530.0
1792993,IT,WA,FOOD2,MEAT4,0.02,2865.811,3,3,2865.811,0.0,0.0,0.0,0.0,143290.55
1790954,IT,WA,MOTO1,POULT,0.02,2865.768,3,3,2865.768,0.0,0.0,0.0,0.0,143288.4
1709646,IT,LT,PRINT,SALEM,0.03,2865.736,3,3,2865.736,0.0,0.0,0.0,0.0,95524.533333
1765743,IT,RU,PRINT,ELECT,0.03,2865.579,3,3,2865.579,0.0,0.0,0.0,0.0,95519.3
1814826,IT,WM,WOOD2,AIRTR,0.02,2864.882,3,3,2864.882,0.0,0.0,0.0,0.0,143244.1
1676284,IT,FR,SALEM,TEXT1,0.02,2864.769,3,3,2864.769,0.0,0.0,0.0,0.0,143238.45
1727724,IT,RO,COMPU,RAILW,0.03,2864.499,3,3,2864.499,0.0,0.0,0.0,0.0,95483.3
1672550,IT,FR,VEGET,CATTL,0.01,2864.456,3,3,2864.456,0.0,0.0,0.0,0.0,286445.6
1671482,IT,FI,MACHI,SUGA1,0.02,2864.449,3,3,2864.449,0.0,0.0,0.0,0.0,143222.45
1747739,IT,JP,FINAN,COMPU,0.04,2864.439,3,3,2864.439,0.0,0.0,0.0,0.0,71610.975
1734911,IT,SK,PRINT,CONST,0.03,2864.43,3,3,2864.43,0.0,0.0,0.0,0.0,95481.0
1689856,IT,IE,INSUR,FOOD2,0.06,2864.371,3,3,2864.371,0.0,0.0,0.0,0.0,47739.516667
1669609,IT,ES,RENTI,ALUM1,0.02,2864.273,3,3,2864.273,0.0,0.0,0.0,0.0,143213.65
1671848,IT,FI,RETA1,FOODW,0.03,2863.992,3,3,2863.992,0.0,0.0,0.0,0.0,95466.4
1678129,IT,FR,PAPE1,WOOD2,0.02,2863.893,3,3,2863.893,0.0,0.0,0.0,0.0,143194.65
1671386,IT,FI,FABRI,PEAT2,0.01,2863.806,3,3,2863.806,0.0,0.0,0.0,0.0,286380.6
1669251,IT,ES,FINAN,OILSE,0.04,2863.759,3,3,2863.759,0.0,0.0,0.0,0.0,71593.975
1670027,IT,ES,FOOD1,FOOD5,0.01,2863.533,3,3,2863.533,0.0,0.0,0.0,0.0,286353.3
1759522,IT,BR,RENTI,FORES,0.02,2863.439,3,3,2863.439,0.0,0.0,0.0,0.0,143171.95
1785401,IT,ZA,PAPER,KEROS,0.01,2863.351,3,3,2863.351,0.0,0.0,0.0,0.0,286335.1
1759830,IT,BR,FOODW,FORES,0.02,2863.113,3,3,2863.113,0.0,0.0,0.0,0.0,143155.65
1770966,IT,CH,VEGET,TRAN1,0.01,2862.864,3,3,2862.864,0.0,0.0,0.0,0.0,286286.4
1739395,IT,GB,RAILW,PAPE1,0.02,2862.715,3,3,2862.715,0.0,0.0,0.0,0.0,143135.75
1813722,IT,WM,HOTEL,MEAT4,0.02,2862.638,3,3,2862.638,0.0,0.0,0.0,0.0,143131.9
1725446,IT,RO,WEARI,OILSE,0.02,2862.36,3,3,2862.36,0.0,0.0,0.0,0.0,143118.0
1718390,IT,PL,BEVER,ELEC2,0.01,2862.209,3,3,2862.209,0.0,0.0,0.0,0.0,286220.9
1687381,IT,HU,HOTEL,NONME,0.02,2862.182,3,3,2862.182,0.0,0.0,0.0,0.0,143109.1
1792350,IT,WA,FINAN,ELEC2,0.04,2862.053,3,3,2862.053,0.0,0.0,0.0,0.0,71551.325
1779641,IT,TR,RESEA,TOBAC,0.02,2861.776,3,3,2861.776,0.0,0.0,0.0,0.0,143088.8
1731848,IT,SI,PRINT,BEVER,0.03,2861.752,3,3,2861.752,0.0,0.0,0.0,0.0,95391.733333
1727045,IT,RO,RAILW,CEMEN,0.02,2861.44,3,3,2861.44,0.0,0.0,0.0,0.0,143072.0
1748173,IT,JP,FOODW,ELE12,0.02,2861.104,3,3,2861.104,0.0,0.0,0.0,0.0,143055.2
1792839,IT,WA,EDUCA,MOTOR,0.07,2860.838,3,3,2860.838,0.0,0.0,0.0,0.0,40869.114286
1644564,IT,BE,PROCE,SEACO,0.02,2860.753,3,3,2860.753,0.0,0.0,0.0,0.0,143037.65
1808036,IT,WF,INTER,RAILW,0.02,2860.741,3,3,2860.741,0.0,0.0,0.0,0.0,143037.05
1689667,IT,IE,POSTT,MACHI,0.05,2860.359,3,3,2860.359,0.0,0.0,0.0,0.0,57207.18
1760783,IT,IN,PRINT,SALEM,0.03,2860.289,3,3,2860.289,0.0,0.0,0.0,0.0,95342.966667
1797217,IT,WL,FINAN,CEMEN,0.04,2860.271,3,3,2860.271,0.0,0.0,0.0,0.0,71506.775
1648458,IT,BG,VEGET,MEAT4,0.01,2859.839,3,3,2859.839,0.0,0.0,0.0,0.0,285983.9
1689205,IT,IE,RETAI,ELEC5,0.02,2859.573,3,3,2859.573,0.0,0.0,0.0,0.0,142978.65
1677516,IT,FR,AUXIL,TRAN2,0.05,2859.343,3,3,2859.343,0.0,0.0,0.0,0.0,57186.86
1787337,IT,WA,CROPS,BLAST,0.02,2859.02,3,3,2859.02,0.0,0.0,0.0,0.0,142951.0
1785033,IT,ID,BUSIN,MOTO1,0.03,2859.013,3,3,2859.013,0.0,0.0,0.0,0.0,95300.433333
1767271,IT,RU,HOTEL,GLASS,0.02,2858.358,3,3,2858.358,0.0,0.0,0.0,0.0,142917.9
1671670,IT,FI,CONST,SEACO,0.02,2858.3,3,3,2858.3,0.0,0.0,0.0,0.0,142915.0
1783331,IT,NO,PAPE1,SUPPO,0.02,2858.268,3,3,2858.268,0.0,0.0,0.0,0.0,142913.4
1726772,IT,RO,SALEM,FOOD4,0.02,2858.182,3,3,2858.182,0.0,0.0,0.0,0.0,142909.1
1753673,IT,CA,MOTO1,COPP1,0.02,2858.117,3,3,2858.117,0.0,0.0,0.0,0.0,142905.85
1652151,IT,CZ,MEAT4,BUSIN,0.02,2857.998,3,3,2857.998,0.0,0.0,0.0,0.0,142899.9
1644820,IT,BE,TEXTI,BRICK,0.02,2857.995,3,3,2857.995,0.0,0.0,0.0,0.0,142899.75
1648027,IT,BE,COMPU,NONME,0.03,2857.982,3,3,2857.982,0.0,0.0,0.0,0.0,95266.066667
1771612,IT,CH,TEXTI,WASTE,0.02,2857.965,3,3,2857.965,0.0,0.0,0.0,0.0,142898.25
1739366,IT,GB,RAILW,NONF1,0.02,2857.841,3,3,2857.841,0.0,0.0,0.0,0.0,142892.05
1767355,IT,RU,RAILW,LANDT,0.02,2857.611,3,3,2857.611,0.0,0.0,0.0,0.0,142880.55
1759357,IT,BR,FINAN,FABRI,0.04,2857.518,3,3,2857.518,0.0,0.0,0.0,0.0,71437.95
1778396,IT,TR,WHOLE,SUGAR,0.02,2857.457,3,3,2857.457,0.0,0.0,0.0,0.0,142872.85
1780919,IT,TW,RESEA,HOTEL,0.02,2857.406,3,3,2857.406,0.0,0.0,0.0,0.0,142870.3
1659360,IT,DE,RETAI,PLAS1,0.02,2857.332,3,3,2857.332,0.0,0.0,0.0,0.0,142866.6
1740431,IT,GB,FOOD2,ELEC2,0.02,2857.237,3,3,2857.237,0.0,0.0,0.0,0.0,142861.85
1770660,IT,AU,FINAN,RECRE,0.04,2857.124,3,3,2857.124,0.0,0.0,0.0,0.0,71428.1
1689449,IT,IE,HOTEL,ELEC2,0.02,2856.618,3,3,2856.618,0.0,0.0,0.0,0.0,142830.9
1736108,IT,SK,CONST,NONME,0.02,2856.579,3,3,2856.579,0.0,0.0,0.0,0.0,142828.95
1759989,IT,BR,INTER,PFERT,0.02,2856.354,3,3,2856.354,0.0,0.0,0.0,0.0,142817.7
1734490,IT,SK,MEATP,SUPPO,0.01,2856.346,3,3,2856.346,0.0,0.0,0.0,0.0,285634.6
1809215,IT,WM,WOOLS,RAWMI,0.01,2856.299,3,3,2856.299,0.0,0.0,0.0,0.0,285629.9
1668284,IT,ES,WHOLE,NONSP,0.02,2855.936,3,3,2855.936,0.0,0.0,0.0,0.0,142796.8
1748790,IT,CN,TEXTI,NFERT,0.02,2855.606,3,3,2855.606,0.0,0.0,0.0,0.0,142780.3
1793959,IT,WL,LEATH,MEMBE,0.02,2855.481,3,3,2855.481,0.0,0.0,0.0,0.0,142774.05
1731887,IT,SI,PRINT,RENTI,0.03,2855.167,3,3,2855.167,0.0,0.0,0.0,0.0,95172.233333
1798308,IT,WE,CROPS,HEAVY,0.02,2855.167,3,3,2855.167,0.0,0.0,0.0,0.0,142758.35
1747896,IT,JP,COMPU,CHEM1,0.03,2855.117,3,3,2855.117,0.0,0.0,0.0,0.0,95170.566667
1723642,IT,PT,FABRI,OILHA,0.01,2854.971,3,3,2854.971,0.0,0.0,0.0,0.0,285497.1
1748208,IT,JP,PAPE1,ELE12,0.02,2854.938,3,3,2854.938,0.0,0.0,0.0,0.0,142746.9
1667503,IT,ES,FABRI,LIQUE,0.01,2854.935,3,3,2854.935,0.0,0.0,0.0,0.0,285493.5
1665054,IT,ES,MEATP,BUSIN,0.01,2854.912,3,3,2854.912,0.0,0.0,0.0,0.0,285491.2
1770644,IT,AU,FINAN,LANDT,0.04,2854.792,3,3,2854.792,0.0,0.0,0.0,0.0,71369.8
1807646,IT,WF,RESEA,LANDT,0.02,2854.684,3,3,2854.684,0.0,0.0,0.0,0.0,142734.2
1793204,IT,WA,93197,MEMBE,0.02,2854.597,3,3,2854.597,0.0,0.0,0.0,0.0,142729.85
1661670,IT,DK,TEXTI,TRAN2,0.02,2854.48,3,3,2854.48,0.0,0.0,0.0,0.0,142724.0
1650597,IT,BG,ELEC8,MACHI,0.04,2854.264,3,3,2854.264,0.0,0.0,0.0,0.0,71356.6
1781454,IT,NO,BEVER,FISH5,0.01,2854.204,3,3,2854.204,0.0,0.0,0.0,0.0,285420.4
1677821,IT,FR,COMPU,INERT,0.03,2854.153,3,3,2854.153,0.0,0.0,0.0,0.0,95138.433333
1748870,IT,CN,WEARI,PATEN,0.02,2854.056,3,3,2854.056,0.0,0.0,0.0,0.0,142702.8
1802831,IT,WE,HEALT,TEXTI,0.01,2854.016,3,3,2854.016,0.0,0.0,0.0,0.0,285401.6
1711142,IT,LU,FABRI,CHEM1,0.01,2853.949,3,3,2853.949,0.0,0.0,0.0,0.0,285394.9
1750750,IT,CN,TRANS,FOUND,0.02,2853.814,3,3,2853.814,0.0,0.0,0.0,0.0,142690.7
1690537,IT,IE,WOOD2,RENTI,0.02,2853.564,3,3,2853.564,0.0,0.0,0.0,0.0,142678.2
1651282,IT,CY,FOOD5,MEAT4,0.01,2853.43,3,3,2853.43,0.0,0.0,0.0,0.0,285343.0
1731859,IT,SI,PRINT,ALUM1,0.03,2853.356,3,3,2853.356,0.0,0.0,0.0,0.0,95111.866667
1687326,IT,HU,RETA1,RAILW,0.03,2853.205,3,3,2853.205,0.0,0.0,0.0,0.0,95106.833333
1806961,IT,WF,LANDT,STONE,0.02,2853.182,3,3,2853.182,0.0,0.0,0.0,0.0,142659.1
1717476,IT,NL,AUXIL,MEMBE,0.05,2853.145,3,3,2853.145,0.0,0.0,0.0,0.0,57062.9
1775274,IT,CH,BUSIN,NONSP,0.03,2853.004,3,3,2853.004,0.0,0.0,0.0,0.0,95100.133333
1740929,IT,US,FOOD5,GASDI,0.01,2852.983,3,3,2852.983,0.0,0.0,0.0,0.0,285298.3
1721614,IT,PL,POSTT,TRANS,0.05,2852.916,3,3,2852.916,0.0,0.0,0.0,0.0,57058.32
1676321,IT,FR,RETAI,GLASS,0.02,2852.834,3,3,2852.834,0.0,0.0,0.0,0.0,142641.7
1716353,IT,NL,FABRI,OILHA,0.01,2852.812,3,3,2852.812,0.0,0.0,0.0,0.0,285281.2
1774221,IT,CH,RETA1,FOUND,0.03,2852.782,3,3,2852.782,0.0,0.0,0.0,0.0,95092.733333
1765362,IT,RU,BEVER,FISH5,0.01,2852.717,3,3,2852.717,0.0,0.0,0.0,0.0,285271.7
1792601,IT,WA,COMPU,DISTR,0.03,2852.683,3,3,2852.683,0.0,0.0,0.0,0.0,95089.433333
1789078,IT,WA,WHITE,RETA1,0.02,2852.654,3,3,2852.654,0.0,0.0,0.0,0.0,142632.7
1730618,IT,SE,RENTI,LEATH,0.02,2852.614,3,3,2852.614,0.0,0.0,0.0,0.0,142630.7
1809091,IT,WM,CROPS,VEGE1,0.02,2852.461,3,3,2852.461,0.0,0.0,0.0,0.0,142623.05
1730886,IT,SE,PAPE1,WOODW,0.02,2852.234,3,3,2852.234,0.0,0.0,0.0,0.0,142611.7
1786704,IT,ZA,RETA1,FOOD5,0.03,2852.208,3,3,2852.208,0.0,0.0,0.0,0.0,95073.6
1803179,IT,WF,CROPS,ANIMA,0.02,2852.103,3,3,2852.103,0.0,0.0,0.0,0.0,142605.15
1668469,IT,ES,RETA1,WOOD2,0.03,2851.921,3,3,2851.921,0.0,0.0,0.0,0.0,95064.033333
1797648,IT,WL,PAPE1,PFERT,0.02,2851.832,3,3,2851.832,0.0,0.0,0.0,0.0,142591.6
1745809,IT,JP,WEARI,PAPE4,0.02,2851.704,3,3,2851.704,0.0,0.0,0.0,0.0,142585.2
1688090,IT,HU,RESEA,CHEM1,0.02,2851.631,3,3,2851.631,0.0,0.0,0.0,0.0,142581.55
1792167,IT,WA,SUPPO,CEMEN,0.02,2851.558,3,3,2851.558,0.0,0.0,0.0,0.0,142577.9
1671822,IT,FI,RETA1,ALUM1,0.03,2851.547,3,3,2851.547,0.0,0.0,0.0,0.0,95051.566667
1760496,IT,IN,TEXTI,REALE,0.02,2851.406,3,3,2851.406,0.0,0.0,0.0,0.0,142570.3
1670383,IT,FI,PROCE,MEATC,0.02,2851.212,3,3,2851.212,0.0,0.0,0.0,0.0,142560.6
1658783,IT,DE,MOTO1,PULP5,0.02,2850.737,3,3,2850.737,0.0,0.0,0.0,0.0,142536.85
1688394,IT,IE,FOOD5,LANDT,0.01,2850.726,3,3,2850.726,0.0,0.0,0.0,0.0,285072.6
1768522,IT,AU,FOOD5,ALUM1,0.01,2850.701,3,3,2850.701,0.0,0.0,0.0,0.0,285070.1
1784732,IT,ID,WHOLE,FISHF,0.02,2850.645,3,3,2850.645,0.0,0.0,0.0,0.0,142532.25
1797630,IT,WL,FOODW,COMPU,0.02,2850.503,3,3,2850.503,0.0,0.0,0.0,0.0,142525.15
1734007,IT,SI,POSTT,HOTEL,0.05,2850.385,3,3,2850.385,0.0,0.0,0.0,0.0,57007.7
1767336,IT,RU,RAILW,FOOD5,0.02,2850.382,3,3,2850.382,0.0,0.0,0.0,0.0,142519.1
1744509,IT,US,REALE,KEROS,0.12,2850.379,3,3,2850.379,0.0,0.0,0.0,0.0,23753.158333
1801840,IT,WE,ELEC8,COPPE,0.04,2849.996,3,3,2849.996,0.0,0.0,0.0,0.0,71249.9
1765472,IT,RU,WEARI,FORES,0.02,2849.878,3,3,2849.878,0.0,0.0,0.0,0.0,142493.9
1748334,IT,CN,VEGET,ANIMA,0.01,2849.557,3,3,2849.557,0.0,0.0,0.0,0.0,284955.7
1649152,IT,BG,PRINT,VEGET,0.03,2849.471,3,3,2849.471,0.0,0.0,0.0,0.0,94982.366667
1808543,IT,WF,PAPE4,TEXTI,0.02,2849.466,3,3,2849.466,0.0,0.0,0.0,0.0,142473.3
1663069,IT,DK,HOTEL,FOOD3,0.02,2849.329,3,3,2849.329,0.0,0.0,0.0,0.0,142466.45
1677546,IT,FR,AUXIL,WOOD2,0.05,2849.084,3,3,2849.084,0.0,0.0,0.0,0.0,56981.68
1643107,IT,AT,WHOLE,HOTEL,0.02,2848.988,3,3,2848.988,0.0,0.0,0.0,0.0,142449.4
1648725,IT,BG,FOOD5,ELEC5,0.01,2848.634,3,3,2848.634,0.0,0.0,0.0,0.0,284863.4
1656464,IT,DE,PAPER,CROPS,0.01,2848.135,3,3,2848.135,0.0,0.0,0.0,0.0,284813.5
1774963,IT,CH,AUXIL,WOODW,0.05,2847.972,3,3,2847.972,0.0,0.0,0.0,0.0,56959.44
1804150,IT,WF,PAPER,FOUND,0.01,2847.667,3,3,2847.667,0.0,0.0,0.0,0.0,284766.7
1717210,IT,NL,SUPPO,TRAN1,0.02,2847.568,3,3,2847.568,0.0,0.0,0.0,0.0,142378.4
1739111,IT,GB,WHOLE,COPP1,0.02,2847.425,3,3,2847.425,0.0,0.0,0.0,0.0,142371.25
1792322,IT,WA,FINAN,VEGE1,0.04,2847.382,3,3,2847.382,0.0,0.0,0.0,0.0,71184.55
1791342,IT,WA,SALEM,PLAST,0.02,2847.361,3,3,2847.361,0.0,0.0,0.0,0.0,142368.05
1763365,IT,MX,PRINT,CERAM,0.03,2846.715,3,3,2846.715,0.0,0.0,0.0,0.0,94890.5
1752854,IT,CA,PRINT,AUXIL,0.03,2846.229,3,3,2846.229,0.0,0.0,0.0,0.0,94874.3
1739956,IT,GB,AUXIL,GASDI,0.05,2846.116,3,3,2846.116,0.0,0.0,0.0,0.0,56922.32
1738865,IT,GB,TRANS,CONST,0.02,2846.094,3,3,2846.094,0.0,0.0,0.0,0.0,142304.7
1766737,IT,RU,MACHI,PEAT2,0.02,2845.928,3,3,2845.928,0.0,0.0,0.0,0.0,142296.4
1797737,IT,WL,INTER,PFERT,0.02,2845.85,3,3,2845.85,0.0,0.0,0.0,0.0,142292.5
1814195,IT,WM,SUPPO,LEAD1,0.02,2845.792,3,3,2845.792,0.0,0.0,0.0,0.0,142289.6
1678024,IT,FR,EDUCA,CEMEN,0.07,2845.754,3,3,2845.754,0.0,0.0,0.0,0.0,40653.628571
1754617,IT,KR,FORES,NONF1,0.02,2845.639,4,4,2844.639,0.0,1.0,0.0,0.0,142281.95
1671920,IT,FI,RAILW,RESEA,0.02,2845.575,3,3,2845.575,0.0,0.0,0.0,0.0,142278.75
1652489,IT,CZ,WEARI,GLASS,0.02,2845.159,3,3,2845.159,0.0,0.0,0.0,0.0,142257.95
1763166,IT,MX,LEATH,ADDIT,0.02,2844.951,3,3,2844.951,0.0,0.0,0.0,0.0,142247.55
1680619,IT,GR,SALEM,CEMEN,0.02,2844.907,3,3,2844.907,0.0,0.0,0.0,0.0,142245.35
1670534,IT,FI,FISH5,HOTEL,0.01,2844.741,3,3,2844.741,0.0,0.0,0.0,0.0,284474.1
1752485,IT,CA,PROCE,MEMBE,0.02,2844.461,3,3,2844.461,0.0,0.0,0.0,0.0,142223.05
1748382,IT,CN,CROPS,MEATA,0.02,2844.31,3,3,2844.31,0.0,0.0,0.0,0.0,142215.5
1775343,IT,CH,BUSIN,PAPE2,0.03,2844.282,3,3,2844.282,0.0,0.0,0.0,0.0,94809.4
1803264,IT,WF,WOOLS,SUGA1,0.01,2844.168,3,3,2844.168,0.0,0.0,0.0,0.0,284416.8
1663753,IT,EE,FOOD5,PFERT,0.01,2844.096,3,3,2844.096,0.0,0.0,0.0,0.0,284409.6
1713919,IT,MT,ELEC8,CONST,0.04,2844.029,3,3,2844.029,0.0,0.0,0.0,0.0,71100.725
1801573,IT,WE,TRANS,LIQUE,0.02,2843.623,3,3,2843.623,0.0,0.0,0.0,0.0,142181.15
1729999,IT,SE,SALEM,DISTR,0.02,2843.614,3,3,2843.614,0.0,0.0,0.0,0.0,142180.7
1712899,IT,LV,REALE,RETAI,0.12,2843.207,3,3,2843.207,0.0,0.0,0.0,0.0,23693.391667
1758521,IT,BR,MACHI,DISTR,0.02,2843.065,3,3,2843.065,0.0,0.0,0.0,0.0,142153.25
1797825,IT,WL,FOOD2,TEXTI,0.02,2843.045,3,3,2843.045,0.0,0.0,0.0,0.0,142152.25
1690492,IT,IE,PLAS2,WOODW,0.02,2842.876,3,3,2842.876,0.0,0.0,0.0,0.0,142143.8
1757186,IT,BR,MEAT4,PROCE,0.02,2842.777,3,3,2842.777,0.0,0.0,0.0,0.0,142138.85
1678119,IT,FR,PAPE1,HEALT,0.02,2842.726,3,3,2842.726,0.0,0.0,0.0,0.0,142136.3
1712058,IT,LV,BEVER,MEAT4,0.01,2842.722,3,3,2842.722,0.0,0.0,0.0,0.0,284272.2
1736999,IT,GB,FORES,TEXTI,0.02,2842.642,4,4,2841.642,0.0,1.0,0.0,0.0,142132.1
1768541,IT,AU,FOOD5,TRAN2,0.01,2842.567,3,3,2842.567,0.0,0.0,0.0,0.0,284256.7
1770859,IT,AU,BUSIN,ALUM1,0.03,2842.532,3,3,2842.532,0.0,0.0,0.0,0.0,94751.066667
1654144,IT,CZ,MOTO1,WEARI,0.02,2842.41,3,3,2842.41,0.0,0.0,0.0,0.0,142120.5
1786690,IT,ZA,WHOLE,FOOD3,0.02,2842.38,3,3,2842.38,0.0,0.0,0.0,0.0,142119.0
1778395,IT,TR,WHOLE,OILSE,0.02,2842.282,3,3,2842.282,0.0,0.0,0.0,0.0,142114.1
1680725,IT,GR,RETA1,CHEM1,0.03,2842.099,3,3,2842.099,0.0,0.0,0.0,0.0,94736.633333
1808448,IT,WF,FOOD4,FISH5,0.02,2841.689,3,3,2841.689,0.0,0.0,0.0,0.0,142084.45
1646829,IT,BE,SALEM,RECRE,0.02,2841.624,3,3,2841.624,0.0,0.0,0.0,0.0,142081.2
1797121,IT,WL,POSTT,GASDI,0.05,2841.454,3,3,2841.454,0.0,0.0,0.0,0.0,56829.08
1714273,IT,MT,BUSIN,MOTO1,0.03,2841.183,3,3,2841.183,0.0,0.0,0.0,0.0,94706.1
1779582,IT,TR,COMPU,FURNI,0.03,2840.975,3,3,2840.975,0.0,0.0,0.0,0.0,94699.166667
1665842,IT,ES,PRINT,CERAM,0.03,2840.915,3,3,2840.915,0.0,0.0,0.0,0.0,94697.166667
1790962,IT,WA,MOTO1,PRECI,0.02,2840.498,3,3,2840.498,0.0,0.0,0.0,0.0,142024.9
1683695,IT,HR,MACHI,VEGET,0.02,2840.254,3,3,2840.254,0.0,0.0,0.0,0.0,142012.7
1720742,IT,PL,TRANS,GLASS,0.02,2840.203,3,3,2840.203,0.0,0.0,0.0,0.0,142010.15
1733744,IT,SI,LANDT,SUGA1,0.02,2840.148,3,3,2840.148,0.0,0.0,0.0,0.0,142007.4
1744599,IT,US,RENTI,BITU1,0.02,2840.137,3,3,2840.137,0.0,0.0,0.0,0.0,142006.85
1734601,IT,SK,BEVER,COMPU,0.01,2839.96,3,3,2839.96,0.0,0.0,0.0,0.0,283996.0
1652333,IT,CZ,BEVER,SEWAG,0.01,2839.917,3,3,2839.917,0.0,0.0,0.0,0.0,283991.7
1757191,IT,BR,MEAT4,PLAST,0.02,2839.799,3,3,2839.799,0.0,0.0,0.0,0.0,141989.95
1737375,IT,GB,FISH5,REALE,0.01,2839.795,3,3,2839.795,0.0,0.0,0.0,0.0,283979.5
1659055,IT,DE,ELEC4,GASDI,0.05,2839.745,3,3,2839.745,0.0,0.0,0.0,0.0,56794.9
1808483,IT,WF,FOOD4,TRAN1,0.02,2839.44,3,3,2839.44,0.0,0.0,0.0,0.0,141972.0
1678408,IT,FR,INERT,PRINT,0.02,2839.109,3,3,2839.109,0.0,0.0,0.0,0.0,141955.45
1667688,IT,ES,MACHI,ELE12,0.02,2839.068,3,3,2839.068,0.0,0.0,0.0,0.0,141953.4
1640669,IT,AT,FISH5,FISHF,0.01,2839.011,3,3,2839.011,0.0,0.0,0.0,0.0,283901.1
1665214,IT,ES,FOOD5,ELEC3,0.01,2838.836,3,3,2838.836,0.0,0.0,0.0,0.0,283883.6
1791473,IT,WA,WHOLE,RAILW,0.02,2838.24,3,3,2838.24,0.0,0.0,0.0,0.0,141912.0
1761753,IT,IN,MACHI,BIOGA,0.02,2838.215,3,3,2838.215,0.0,0.0,0.0,0.0,141910.75
1671681,IT,FI,CONST,PUBLI,0.02,2838.028,3,3,2838.028,0.0,0.0,0.0,0.0,141901.4
1771797,IT,CH,LEATH,FOOD1,0.02,2838.017,3,3,2838.017,0.0,0.0,0.0,0.0,141900.85
1765697,IT,RU,PAPER,SECO9,0.01,2837.898,3,3,2837.898,0.0,0.0,0.0,0.0,283789.8
1762476,IT,IN,FINAN,HOTEL,0.04,2837.893,3,3,2837.893,0.0,0.0,0.0,0.0,70947.325
1751043,IT,CN,WHOLE,COLLE,0.02,2837.715,3,3,2837.715,0.0,0.0,0.0,0.0,141885.75
1770346,IT,AU,RAILW,WOODW,0.02,2837.66,3,3,2837.66,0.0,0.0,0.0,0.0,141883.0
1801332,IT,WE,MACHI,BIOGA,0.02,2837.27,3,3,2837.27,0.0,0.0,0.0,0.0,141863.5
1648358,IT,BE,INTER,FOOD1,0.02,2837.258,3,3,2837.258,0.0,0.0,0.0,0.0,141862.9
1663947,IT,EE,PAPER,CEREA,0.01,2837.256,3,3,2837.256,0.0,0.0,0.0,0.0,283725.6
1748217,IT,JP,PLAS1,GLASS,0.01,2837.172,3,3,2837.172,0.0,0.0,0.0,0.0,283717.2
1782493,IT,NO,MACHI,PLAS1,0.02,2836.789,3,3,2836.789,0.0,0.0,0.0,0.0,141839.45
1661702,IT,DK,WEARI,SALEM,0.02,2836.353,3,3,2836.353,0.0,0.0,0.0,0.0,141817.65
1802872,IT,WE,INERT,WEARI,0.02,2836.279,3,3,2836.279,0.0,0.0,0.0,0.0,141813.95
1656059,IT,DE,BEVER,LIQUE,0.01,2835.897,3,3,2835.897,0.0,0.0,0.0,0.0,283589.7
1675659,IT,FR,TRANS,PLAST,0.02,2835.694,3,3,2835.694,0.0,0.0,0.0,0.0,141784.7
1778617,IT,TR,HOTEL,BEVER,0.02,2835.489,3,3,2835.489,0.0,0.0,0.0,0.0,141774.45
1652685,IT,CZ,PAPER,ANIMA,0.01,2835.46,3,3,2835.46,0.0,0.0,0.0,0.0,283546.0
1769974,IT,AU,TRANS,HOTEL,0.02,2835.34,3,3,2835.34,0.0,0.0,0.0,0.0,141767.0
1726841,IT,RO,WHOLE,INERT,0.02,2835.332,3,3,2835.332,0.0,0.0,0.0,0.0,141766.6
1675550,IT,FR,MOTO1,CHEMI,0.02,2835.293,3,3,2835.293,0.0,0.0,0.0,0.0,141764.65
1808116,IT,WF,WOOD1,LEAD1,0.02,2835.169,3,3,2835.169,0.0,0.0,0.0,0.0,141758.45
1791749,IT,WA,RAILW,NONME,0.02,2835.107,3,3,2835.107,0.0,0.0,0.0,0.0,141755.35
1659369,IT,DE,RETAI,93197,0.02,2835.014,3,3,2835.014,0.0,0.0,0.0,0.0,141750.7
1688007,IT,HU,RENTI,AUXIL,0.02,2834.899,3,3,2834.899,0.0,0.0,0.0,0.0,141744.95
1748115,IT,JP,PUBLI,PRINT,0.05,2834.623,3,3,2834.623,0.0,0.0,0.0,0.0,56692.46
1663909,IT,EE,LEATH,FURNI,0.02,2834.549,3,3,2834.549,0.0,0.0,0.0,0.0,141727.45
1730961,IT,SE,TEXT1,COPP1,0.02,2834.395,3,3,2834.395,0.0,0.0,0.0,0.0,141719.75
1716857,IT,NL,HOTEL,BRICK,0.02,2834.335,3,3,2834.335,0.0,0.0,0.0,0.0,141716.75
1763204,IT,MX,LEATH,93197,0.02,2834.21,3,3,2834.21,0.0,0.0,0.0,0.0,141710.5
1779425,IT,TR,REALE,MACHI,0.12,2833.977,3,3,2833.977,0.0,0.0,0.0,0.0,23616.475
1763348,IT,MX,PRINT,TOBAC,0.03,2833.847,3,3,2833.847,0.0,0.0,0.0,0.0,94461.566667
1655404,IT,DE,CROPS,93197,0.02,2833.731,3,3,2833.731,0.0,0.0,0.0,0.0,141686.55
1651930,IT,CY,BUSIN,DAIRY,0.03,2833.603,3,3,2833.603,0.0,0.0,0.0,0.0,94453.433333
1650390,IT,BG,ELEC4,COPPE,0.05,2833.478,3,3,2833.478,0.0,0.0,0.0,0.0,56669.56
1716776,IT,NL,RETA1,ELEC6,0.03,2833.435,3,3,2833.435,0.0,0.0,0.0,0.0,94447.833333
1728613,IT,SE,PAPER,SEWAG,0.01,2833.315,3,3,2833.315,0.0,0.0,0.0,0.0,283331.5
1798651,IT,WE,MEAT4,EDUCA,0.02,2833.267,3,3,2833.267,0.0,0.0,0.0,0.0,141663.35
1640403,IT,AT,MEAT4,WHOLE,0.02,2833.246,3,3,2833.246,0.0,0.0,0.0,0.0,141662.3
1681247,IT,GR,FINAN,CEMEN,0.04,2833.231,3,3,2833.231,0.0,0.0,0.0,0.0,70830.775
1659890,IT,DE,LANDT,FOOD1,0.02,2833.211,3,3,2833.211,0.0,0.0,0.0,0.0,141660.55
1765098,IT,MX,AUXIL,BUSIN,0.05,2833.206,3,3,2833.206,0.0,0.0,0.0,0.0,56664.12
1663976,IT,EE,PAPER,DIST1,0.01,2833.145,3,3,2833.145,0.0,0.0,0.0,0.0,283314.5
1794177,IT,WL,PRINT,MOTOR,0.03,2832.912,3,3,2832.912,0.0,0.0,0.0,0.0,94430.4
1803740,IT,WF,FISH5,RETAI,0.01,2832.755,3,3,2832.755,0.0,0.0,0.0,0.0,283275.5
1647028,IT,BE,RETA1,LANDT,0.03,2832.666,3,3,2832.666,0.0,0.0,0.0,0.0,94422.2
1731244,IT,SI,MEATP,MEATP,0.01,2832.526,3,3,2832.526,0.0,0.0,0.0,0.0,283252.6
1768424,IT,AU,DAIRY,PLANT,0.01,2832.345,3,3,2832.345,0.0,0.0,0.0,0.0,283234.5
1688249,IT,IE,VEGET,CONST,0.01,2832.23,3,3,2832.23,0.0,0.0,0.0,0.0,283223.0
1668349,IT,ES,WHOLE,SEWAG,0.02,2832.211,3,3,2832.211,0.0,0.0,0.0,0.0,141610.55
1647167,IT,BE,RAILW,RUBBE,0.02,2832.182,3,3,2832.182,0.0,0.0,0.0,0.0,141609.1
1814488,IT,WM,RESEA,BEVER,0.02,2832.179,3,3,2832.179,0.0,0.0,0.0,0.0,141608.95
1730517,IT,SE,FINAN,RECRE,0.04,2831.968,3,3,2831.968,0.0,0.0,0.0,0.0,70799.2
1771455,IT,CH,BEVER,KEROS,0.01,2831.91,3,3,2831.91,0.0,0.0,0.0,0.0,283191.0
1791400,IT,WA,WHOLE,SUGAR,0.02,2831.825,3,3,2831.825,0.0,0.0,0.0,0.0,141591.25
1762346,IT,IN,SUPPO,TRAN1,0.02,2831.726,3,3,2831.726,0.0,0.0,0.0,0.0,141586.3
1802549,IT,WE,FINAN,TEXTI,0.04,2831.607,3,3,2831.607,0.0,0.0,0.0,0.0,70790.175
1647051,IT,BE,RETA1,PAPE4,0.03,2831.465,3,3,2831.465,0.0,0.0,0.0,0.0,94382.166667
1780588,IT,TW,INSUR,FISH5,0.06,2831.458,3,3,2831.458,0.0,0.0,0.0,0.0,47190.966667
1718329,IT,PL,FOOD5,INERT,0.01,2831.367,3,3,2831.367,0.0,0.0,0.0,0.0,283136.7
1759982,IT,BR,PLAS1,93197,0.01,2831.207,3,3,2831.207,0.0,0.0,0.0,0.0,283120.7
1648506,IT,BG,CROPS,CATTL,0.02,2830.909,3,3,2830.909,0.0,0.0,0.0,0.0,141545.45
1779169,IT,TR,POSTT,KEROS,0.05,2830.908,3,3,2830.908,0.0,0.0,0.0,0.0,56618.16
1773593,IT,CH,TRANS,FORES,0.02,2830.89,3,3,2830.89,0.0,0.0,0.0,0.0,141544.5
1753964,IT,CA,LANDT,REFI1,0.02,2830.779,3,3,2830.779,0.0,0.0,0.0,0.0,141538.95
1779571,IT,TR,COMPU,COPP1,0.03,2830.759,3,3,2830.759,0.0,0.0,0.0,0.0,94358.633333
1771401,IT,CH,FOOD5,CHEM1,0.01,2830.455,3,3,2830.455,0.0,0.0,0.0,0.0,283045.5
1676134,IT,FR,ELE11,PULP5,0.04,2830.443,3,3,2830.443,0.0,0.0,0.0,0.0,70761.075
1731772,IT,SI,PAPER,PROCE,0.01,2830.139,3,3,2830.139,0.0,0.0,0.0,0.0,283013.9
1809201,IT,WM,MEATA,PUBLI,0.02,2829.729,3,3,2829.729,0.0,0.0,0.0,0.0,141486.45
1716722,IT,NL,RETA1,WHEAT,0.03,2829.696,3,3,2829.696,0.0,0.0,0.0,0.0,94323.2
1745162,IT,US,93197,RESEA,0.02,2829.667,3,3,2829.667,0.0,0.0,0.0,0.0,141483.35
1739187,IT,GB,RETA1,PREC1,0.03,2829.173,3,3,2829.173,0.0,0.0,0.0,0.0,94305.766667
1688335,IT,IE,DAIRY,POULT,0.01,2829.11,3,3,2829.11,0.0,0.0,0.0,0.0,282911.0
1730683,IT,SE,COMPU,WOODW,0.03,2829.087,3,3,2829.087,0.0,0.0,0.0,0.0,94302.9
1756637,IT,KR,LANDT,PAPER,0.02,2829.071,3,3,2829.071,0.0,0.0,0.0,0.0,141453.55
1670204,IT,ES,RECRE,FURNI,0.04,2829.05,3,3,2829.05,0.0,0.0,0.0,0.0,70726.25
1669056,IT,ES,SUPPO,COPP1,0.02,2828.806,3,3,2828.806,0.0,0.0,0.0,0.0,141440.3
1640564,IT,AT,FOOD5,ELECT,0.01,2828.526,3,3,2828.526,0.0,0.0,0.0,0.0,282852.6
1742729,IT,US,FABRI,SUGA1,0.01,2828.263,3,3,2828.263,0.0,0.0,0.0,0.0,282826.3
1737573,IT,GB,PAPER,CROPS,0.01,2828.246,3,3,2828.246,0.0,0.0,0.0,0.0,282824.6
1648345,IT,BE,HEALT,WHOLE,0.01,2828.161,3,3,2828.161,0.0,0.0,0.0,0.0,282816.1
1724827,IT,PT,BUSIN,CEREA,0.03,2828.116,3,3,2828.116,0.0,0.0,0.0,0.0,94270.533333
1712520,IT,LV,FABRI,DISTR,0.01,2828.103,3,3,2828.103,0.0,0.0,0.0,0.0,282810.3
1786593,IT,ZA,CONST,POSTT,0.02,2827.887,3,3,2827.887,0.0,0.0,0.0,0.0,141394.35
1722466,IT,PT,DAIRY,ELEC5,0.01,2827.765,3,3,2827.765,0.0,0.0,0.0,0.0,282776.5
1684113,IT,HR,RAILW,RAWMI,0.02,2827.705,3,3,2827.705,0.0,0.0,0.0,0.0,141385.25
1678092,IT,FR,FOODW,WOOD1,0.02,2827.489,3,3,2827.489,0.0,0.0,0.0,0.0,141374.45
1771306,IT,CH,DAIRY,RADIO,0.01,2827.396,3,3,2827.396,0.0,0.0,0.0,0.0,282739.6
1808236,IT,WF,FOOD1,RECRE,0.01,2827.318,3,3,2827.318,0.0,0.0,0.0,0.0,282731.8
1734873,IT,SK,PAPER,ELEC4,0.01,2827.314,3,3,2827.314,0.0,0.0,0.0,0.0,282731.4
1765387,IT,RU,BEVER,RECRE,0.01,2827.255,3,3,2827.255,0.0,0.0,0.0,0.0,282725.5
1739933,IT,GB,INSUR,TRAN1,0.06,2827.23,3,3,2827.23,0.0,0.0,0.0,0.0,47120.5
1763108,IT,MX,WEARI,MACHI,0.02,2827.116,3,3,2827.116,0.0,0.0,0.0,0.0,141355.8
1764214,IT,MX,MACHI,COALT,0.02,2826.935,3,3,2826.935,0.0,0.0,0.0,0.0,141346.75
1669626,IT,ES,RENTI,CONST,0.02,2826.713,3,3,2826.713,0.0,0.0,0.0,0.0,141335.65
1709625,IT,LT,PAPER,INTER,0.01,2826.608,3,3,2826.608,0.0,0.0,0.0,0.0,282660.8
1809636,IT,WM,DAIRY,ETHAN,0.01,2826.606,3,3,2826.606,0.0,0.0,0.0,0.0,282660.6
1787824,IT,WA,FOOD5,SUGAR,0.01,2826.554,3,3,2826.554,0.0,0.0,0.0,0.0,282655.4
1775218,IT,CH,RESEA,INSUR,0.02,2826.512,3,3,2826.512,0.0,0.0,0.0,0.0,141325.6
1756815,IT,KR,SUPPO,RADIO,0.02,2826.329,3,3,2826.329,0.0,0.0,0.0,0.0,141316.45
1760240,IT,BR,TEXT2,CERAM,0.02,2826.218,3,3,2826.218,0.0,0.0,0.0,0.0,141310.9
1753696,IT,CA,MOTO1,PAPE4,0.02,2826.047,3,3,2826.047,0.0,0.0,0.0,0.0,141302.35
1713927,IT,MT,CONST,FOOD5,0.02,2825.73,3,3,2825.73,0.0,0.0,0.0,0.0,141286.5
1648148,IT,BE,BUSIN,NONFE,0.03,2825.615,3,3,2825.615,0.0,0.0,0.0,0.0,94187.166667
1682260,IT,HR,LEATH,PAPER,0.02,2825.428,3,3,2825.428,0.0,0.0,0.0,0.0,141271.4
1810130,IT,WM,WEARI,NONFE,0.02,2825.387,3,3,2825.387,0.0,0.0,0.0,0.0,141269.35
1651155,IT,BG,BUSIN,MEATC,0.03,2825.159,3,3,2825.159,0.0,0.0,0.0,0.0,94171.966667
1786616,IT,ZA,RETAI,VEGET,0.02,2825.066,3,3,2825.066,0.0,0.0,0.0,0.0,141253.3
1768652,IT,AU,TEXTI,VEGE1,0.02,2825.037,3,3,2825.037,0.0,0.0,0.0,0.0,141251.85
1717246,IT,NL,POSTT,FOOD5,0.05,2824.81,3,3,2824.81,0.0,0.0,0.0,0.0,56496.2
1783182,IT,NO,COMPU,HOTEL,0.03,2824.764,3,3,2824.764,0.0,0.0,0.0,0.0,94158.8
1785040,IT,ID,BUSIN,RETAI,0.03,2824.502,3,3,2824.502,0.0,0.0,0.0,0.0,94150.066667
1675271,IT,FR,FABRI,ELEC2,0.01,2824.403,3,3,2824.403,0.0,0.0,0.0,0.0,282440.3
1796609,IT,WL,HOTEL,REFI1,0.02,2824.118,3,3,2824.118,0.0,0.0,0.0,0.0,141205.9
1685361,IT,HU,LEATH,FISH5,0.02,2824.095,3,3,2824.095,0.0,0.0,0.0,0.0,141204.75
1743082,IT,US,MOTO1,IRONO,0.02,2824.063,3,3,2824.063,0.0,0.0,0.0,0.0,141203.15
1663620,IT,DK,BUSIN,NONME,0.03,2823.472,3,3,2823.472,0.0,0.0,0.0,0.0,94115.733333
1774004,IT,CH,RETAI,MEATC,0.02,2823.242,3,3,2823.242,0.0,0.0,0.0,0.0,141162.1
1786395,IT,ZA,MACHI,ELEC4,0.02,2823.019,3,3,2823.019,0.0,0.0,0.0,0.0,141150.95
1724114,IT,PT,RETA1,PROCE,0.03,2822.874,3,3,2822.874,0.0,0.0,0.0,0.0,94095.8
1716876,IT,NL,HOTEL,ELEC1,0.02,2822.848,3,3,2822.848,0.0,0.0,0.0,0.0,141142.4
1714079,IT,MT,LANDT,COMPU,0.02,2822.58,3,3,2822.58,0.0,0.0,0.0,0.0,141129.0
1648400,IT,BE,RECRE,PUBLI,0.04,2822.357,3,3,2822.357,0.0,0.0,0.0,0.0,70558.925
1755048,IT,KR,WEARI,ELEC4,0.02,2822.345,3,3,2822.345,0.0,0.0,0.0,0.0,141117.25
1647065,IT,BE,HOTEL,MEATC,0.02,2822.342,3,3,2822.342,0.0,0.0,0.0,0.0,141117.1
1712562,IT,LV,MACHI,PFERT,0.02,2822.339,3,3,2822.339,0.0,0.0,0.0,0.0,141116.95
1771045,IT,CH,FORES,BUSIN,0.02,2822.305,4,4,2821.305,0.0,1.0,0.0,0.0,141115.25
1759428,IT,BR,INSUR,HOTEL,0.06,2822.194,3,3,2822.194,0.0,0.0,0.0,0.0,47036.566667
1714974,IT,NL,FISH5,REALE,0.01,2822.18,3,3,2822.18,0.0,0.0,0.0,0.0,282218.0
1663198,IT,DK,LANDT,REALE,0.02,2822.039,3,3,2822.039,0.0,0.0,0.0,0.0,141101.95
1813111,IT,WM,MOTO1,STONE,0.02,2821.896,3,3,2821.896,0.0,0.0,0.0,0.0,141094.8
1796766,IT,WL,LANDT,MACHI,0.02,2821.611,3,3,2821.611,0.0,0.0,0.0,0.0,141080.55
1643118,IT,AT,WHOLE,INTER,0.02,2821.266,3,3,2821.266,0.0,0.0,0.0,0.0,141063.3
1724652,IT,PT,INSUR,FOOD5,0.06,2821.169,3,3,2821.169,0.0,0.0,0.0,0.0,47019.483333
1768053,IT,RU,BUSIN,NFERT,0.03,2820.87,3,3,2820.87,0.0,0.0,0.0,0.0,94029.0
1726656,IT,RO,TRANS,RAWMI,0.02,2820.864,3,3,2820.864,0.0,0.0,0.0,0.0,141043.2
1806442,IT,WF,TRANS,SUGA1,0.02,2820.852,3,3,2820.852,0.0,0.0,0.0,0.0,141042.6
1791360,IT,WA,SALEM,RETAI,0.02,2820.698,3,3,2820.698,0.0,0.0,0.0,0.0,141034.9
1803920,IT,WF,WEARI,RADIO,0.02,2820.282,3,3,2820.282,0.0,0.0,0.0,0.0,141014.1
1644842,IT,BE,TEXTI,EDUCA,0.02,2820.236,3,3,2820.236,0.0,0.0,0.0,0.0,141011.8
1655456,IT,DE,FORES,RENTI,0.02,2820.045,4,4,2819.045,0.0,1.0,0.0,0.0,141002.25
1762524,IT,IN,INSUR,TRANS,0.06,2819.968,3,3,2819.968,0.0,0.0,0.0,0.0,46999.466667
1744167,IT,US,SUPPO,WASTE,0.02,2819.889,3,3,2819.889,0.0,0.0,0.0,0.0,140994.45
1643461,IT,AT,LANDT,ELEC7,0.02,2819.825,3,3,2819.825,0.0,0.0,0.0,0.0,140991.25
1712117,IT,LV,TEXTI,BUSIN,0.02,2819.794,3,3,2819.794,0.0,0.0,0.0,0.0,140989.7
1779067,IT,TR,SUPPO,SANDC,0.02,2819.533,3,3,2819.533,0.0,0.0,0.0,0.0,140976.65
1714819,IT,NL,FOOD5,PRINT,0.01,2819.453,3,3,2819.453,0.0,0.0,0.0,0.0,281945.3
1759983,IT,BR,INTER,CRUDE,0.02,2818.865,3,3,2818.865,0.0,0.0,0.0,0.0,140943.25
1710738,IT,LU,BEVER,AIRTR,0.01,2818.603,3,3,2818.603,0.0,0.0,0.0,0.0,281860.3
1661434,IT,DK,DAIRY,MEATC,0.01,2818.538,3,3,2818.538,0.0,0.0,0.0,0.0,281853.8
1643072,IT,AT,RETAI,RESEA,0.02,2818.455,3,3,2818.455,0.0,0.0,0.0,0.0,140922.75
1730681,IT,SE,COMPU,STONE,0.03,2818.425,3,3,2818.425,0.0,0.0,0.0,0.0,93947.5
1663828,IT,EE,TEXTI,BEVER,0.02,2817.734,3,3,2817.734,0.0,0.0,0.0,0.0,140886.7
1814722,IT,WM,OILHA,VEGET,0.02,2817.718,3,3,2817.718,0.0,0.0,0.0,0.0,140885.9
1756035,IT,KR,FABRI,PADDY,0.01,2817.579,3,3,2817.579,0.0,0.0,0.0,0.0,281757.9
1768269,IT,RU,93197,93197,0.02,2817.411,3,3,2817.411,0.0,0.0,0.0,0.0,140870.55
1671697,IT,FI,SALEM,VEGE1,0.02,2816.868,3,3,2816.868,0.0,0.0,0.0,0.0,140843.4
1643391,IT,AT,LANDT,CRUDE,0.02,2816.611,3,3,2816.611,0.0,0.0,0.0,0.0,140830.55
1724665,IT,PT,INSUR,HEAVY,0.06,2816.522,3,3,2816.522,0.0,0.0,0.0,0.0,46942.033333
1801850,IT,WE,ELE11,TOBAC,0.04,2816.518,3,3,2816.518,0.0,0.0,0.0,0.0,70412.95
1682243,IT,HR,LEATH,OILSE,0.02,2816.177,3,3,2816.177,0.0,0.0,0.0,0.0,140808.85
1771714,IT,CH,LEATH,FISHF,0.02,2816.126,3,3,2816.126,0.0,0.0,0.0,0.0,140806.3
1647786,IT,BE,AUXIL,TEXTI,0.05,2816.109,3,3,2816.109,0.0,0.0,0.0,0.0,56322.18
1750460,IT,CN,MACHI,SUGA1,0.02,2816.093,3,3,2816.093,0.0,0.0,0.0,0.0,140804.65
1710378,IT,LT,HOTEL,BIODI,0.02,2816.051,3,3,2816.051,0.0,0.0,0.0,0.0,140802.55
1744945,IT,US,BUSIN,STEAM,0.03,2816.033,3,3,2816.033,0.0,0.0,0.0,0.0,93867.766667
1814925,IT,WM,PRIVA,NAPHT,0.63,2815.757,3,3,2815.757,0.0,0.0,0.0,0.0,4469.455556
1810590,IT,WM,PRINT,PAPER,0.03,2815.545,3,3,2815.545,0.0,0.0,0.0,0.0,93851.5
1756455,IT,KR,CONST,TRAN1,0.02,2815.266,3,3,2815.266,0.0,0.0,0.0,0.0,140763.3
1785229,IT,ZA,TEXTI,BEVER,0.02,2815.082,3,3,2815.082,0.0,0.0,0.0,0.0,140754.1
1670031,IT,ES,FOOD1,PRINT,0.01,2815.061,3,3,2815.061,0.0,0.0,0.0,0.0,281506.1
1712053,IT,LV,BEVER,STONE,0.01,2814.976,3,3,2814.976,0.0,0.0,0.0,0.0,281497.6
1770118,IT,AU,WHOLE,SEACO,0.02,2814.969,3,3,2814.969,0.0,0.0,0.0,0.0,140748.45
1764486,IT,MX,CONST,WOODW,0.02,2814.794,3,3,2814.794,0.0,0.0,0.0,0.0,140739.7
1688970,IT,IE,MACHI,NATUR,0.02,2814.652,3,3,2814.652,0.0,0.0,0.0,0.0,140732.6
1714073,IT,MT,LANDT,CONST,0.02,2814.579,3,3,2814.579,0.0,0.0,0.0,0.0,140728.95
1709486,IT,LT,WEARI,LUBRI,0.02,2814.56,3,3,2814.56,0.0,0.0,0.0,0.0,140728.0
1793802,IT,WL,TEXTI,WOOLS,0.02,2813.643,3,3,2813.643,0.0,0.0,0.0,0.0,140682.15
1648774,IT,BG,BEVER,WOODW,0.01,2813.353,3,3,2813.353,0.0,0.0,0.0,0.0,281335.3
1690471,IT,IE,PAPE4,SALEM,0.02,2813.325,3,3,2813.325,0.0,0.0,0.0,0.0,140666.25
1687858,IT,HU,INSUR,CONST,0.06,2813.187,3,3,2813.187,0.0,0.0,0.0,0.0,46886.45
1713956,IT,MT,SALEM,POSTT,0.02,2813.135,3,3,2813.135,0.0,0.0,0.0,0.0,140656.75
1751518,IT,CN,SUPPO,MEDIC,0.02,2812.687,3,3,2812.687,0.0,0.0,0.0,0.0,140634.35
1766943,IT,RU,MOTO1,PULP5,0.01,2812.385,3,3,2812.385,0.0,0.0,0.0,0.0,281238.5
1759419,IT,BR,INSUR,MOTO1,0.06,2812.291,3,3,2812.291,0.0,0.0,0.0,0.0,46871.516667
1668463,IT,ES,RETA1,WASTE,0.03,2812.201,3,3,2812.201,0.0,0.0,0.0,0.0,93740.033333
1753820,IT,CA,WHOLE,LIQUE,0.02,2811.976,3,3,2811.976,0.0,0.0,0.0,0.0,140598.8
1801948,IT,WE,SALEM,AIRTR,0.02,2811.871,3,3,2811.871,0.0,0.0,0.0,0.0,140593.55
1650474,IT,BG,ELEC5,LEAD1,0.03,2811.687,3,3,2811.687,0.0,0.0,0.0,0.0,93722.9
1715404,IT,NL,PRINT,RECRE,0.03,2811.605,3,3,2811.605,0.0,0.0,0.0,0.0,93720.166667
1659836,IT,DE,LANDT,MEDIC,0.02,2811.597,3,3,2811.597,0.0,0.0,0.0,0.0,140579.85
1643845,IT,AT,INSUR,MACHI,0.06,2811.525,3,3,2811.525,0.0,0.0,0.0,0.0,46858.75
1745622,IT,JP,TEXTI,FISH5,0.02,2811.495,3,3,2811.495,0.0,0.0,0.0,0.0,140574.75
1791003,IT,WA,MOTO1,RETAI,0.01,2811.387,3,3,2811.387,0.0,0.0,0.0,0.0,281138.7
1750988,IT,CN,WHOLE,OILSE,0.02,2810.985,3,3,2810.985,0.0,0.0,0.0,0.0,140549.25
1733725,IT,SI,LANDT,CEREA,0.02,2810.952,3,3,2810.952,0.0,0.0,0.0,0.0,140547.6
1786615,IT,ZA,RETAI,CEREA,0.02,2810.927,3,3,2810.927,0.0,0.0,0.0,0.0,140546.35
1673278,IT,FR,TOBAC,DAIRY,0.01,2810.811,3,3,2810.811,0.0,0.0,0.0,0.0,281081.1
1740006,IT,GB,REALE,SUPPO,0.12,2810.747,3,3,2810.747,0.0,0.0,0.0,0.0,23422.891667
1643144,IT,AT,RETA1,OFFIC,0.03,2810.638,3,3,2810.638,0.0,0.0,0.0,0.0,93687.933333
1677626,IT,FR,REALE,TRAN2,0.12,2810.448,3,3,2810.448,0.0,0.0,0.0,0.0,23420.4
1764808,IT,MX,LANDT,EDUCA,0.02,2810.381,3,3,2810.381,0.0,0.0,0.0,0.0,140519.05
1690511,IT,IE,INERT,BUSIN,0.02,2810.319,3,3,2810.319,0.0,0.0,0.0,0.0,140515.95
1724280,IT,PT,LANDT,PREC1,0.02,2810.284,3,3,2810.284,0.0,0.0,0.0,0.0,140514.2
1655879,IT,DE,DAIRY,OFFIC,0.01,2810.173,3,3,2810.173,0.0,0.0,0.0,0.0,281017.3
1644284,IT,BE,CROPS,HEALT,0.02,2810.096,3,3,2810.096,0.0,0.0,0.0,0.0,140504.8
1764391,IT,MX,MOTO1,DISTR,0.01,2810.035,3,3,2810.035,0.0,0.0,0.0,0.0,281003.5
1652378,IT,CZ,TEXTI,DAIRY,0.02,2809.877,3,3,2809.877,0.0,0.0,0.0,0.0,140493.85
1681365,IT,GR,INSUR,MEMBE,0.06,2809.683,3,3,2809.683,0.0,0.0,0.0,0.0,46828.05
1783842,IT,NO,TEXT2,PREC1,0.02,2809.541,3,3,2809.541,0.0,0.0,0.0,0.0,140477.05
1724295,IT,PT,LANDT,ELEC5,0.02,2809.508,3,3,2809.508,0.0,0.0,0.0,0.0,140475.4
1771410,IT,CH,FOOD5,ELEC4,0.01,2809.484,3,3,2809.484,0.0,0.0,0.0,0.0,280948.4
1665158,IT,ES,PROCE,MEAT1,0.02,2809.378,3,3,2809.378,0.0,0.0,0.0,0.0,140468.9
1640760,IT,AT,TEXTI,BIOG1,0.02,2809.262,3,3,2809.262,0.0,0.0,0.0,0.0,140463.1
1713700,IT,MT,FABRI,RETA1,0.01,2809.262,3,3,2809.262,0.0,0.0,0.0,0.0,280926.2
1665449,IT,ES,WEARI,MEATA,0.02,2809.062,3,3,2809.062,0.0,0.0,0.0,0.0,140453.1
1643693,IT,AT,SUPPO,COKEO,0.02,2808.955,3,3,2808.955,0.0,0.0,0.0,0.0,140447.75
1677562,IT,FR,REALE,STONE,0.12,2808.937,3,3,2808.937,0.0,0.0,0.0,0.0,23407.808333
1814593,IT,WM,BUSIN,RAILW,0.03,2808.383,3,3,2808.383,0.0,0.0,0.0,0.0,93612.766667
1654797,IT,CZ,SUPPO,BASIC,0.02,2808.239,3,3,2808.239,0.0,0.0,0.0,0.0,140411.95
1743351,IT,US,SALEM,FISHF,0.02,2808.2,3,3,2808.2,0.0,0.0,0.0,0.0,140410.0
1768585,IT,AU,BEVER,RUBBE,0.01,2808.181,3,3,2808.181,0.0,0.0,0.0,0.0,280818.1
1688047,IT,HU,COMPU,BIOGA,0.03,2808.026,3,3,2808.026,0.0,0.0,0.0,0.0,93600.866667
1687275,IT,HU,WHOLE,CONST,0.02,2807.916,3,3,2807.916,0.0,0.0,0.0,0.0,140395.8
1713950,IT,MT,SALEM,CONST,0.02,2807.906,3,3,2807.906,0.0,0.0,0.0,0.0,140395.3
1759318,IT,BR,POSTT,PLAS2,0.05,2807.809,3,3,2807.809,0.0,0.0,0.0,0.0,56156.18
1712913,IT,LV,REALE,RENTI,0.12,2807.756,3,3,2807.756,0.0,0.0,0.0,0.0,23397.966667
1754892,IT,KR,TOBAC,ALUM1,0.01,2807.673,3,3,2807.673,0.0,0.0,0.0,0.0,280767.3
1759996,IT,BR,INTER,TRANS,0.02,2807.639,3,3,2807.639,0.0,0.0,0.0,0.0,140381.95
1765154,IT,MX,BUSIN,LIQUE,0.03,2807.5,3,3,2807.5,0.0,0.0,0.0,0.0,93583.333333
1728239,IT,SE,FOOD5,RAILW,0.01,2807.414,3,3,2807.414,0.0,0.0,0.0,0.0,280741.4
1723939,IT,PT,CONST,AIRTR,0.02,2807.357,3,3,2807.357,0.0,0.0,0.0,0.0,140367.85
1774789,IT,CH,POSTT,PLAST,0.05,2807.272,3,3,2807.272,0.0,0.0,0.0,0.0,56145.44
1650153,IT,BG,MOTO1,BIODI,0.01,2806.975,3,3,2806.975,0.0,0.0,0.0,0.0,280697.5
1748114,IT,JP,PUBLI,PAPER,0.05,2806.776,3,3,2806.776,0.0,0.0,0.0,0.0,56135.52
1802002,IT,WE,WHOLE,FISH5,0.02,2806.718,3,3,2806.718,0.0,0.0,0.0,0.0,140335.9
1814724,IT,WM,OILHA,NATUR,0.02,2806.504,3,3,2806.504,0.0,0.0,0.0,0.0,140325.2
1714069,IT,MT,LANDT,FISHF,0.02,2806.467,3,3,2806.467,0.0,0.0,0.0,0.0,140323.35
1759925,IT,BR,PLAS1,CROPS,0.01,2806.457,3,3,2806.457,0.0,0.0,0.0,0.0,280645.7
1814694,IT,WM,PLAS1,BUSIN,0.01,2806.379,3,3,2806.379,0.0,0.0,0.0,0.0,280637.9
1712925,IT,LV,RENTI,LANDT,0.02,2806.358,3,3,2806.358,0.0,0.0,0.0,0.0,140317.9
1747253,IT,JP,WHOLE,NONFE,0.02,2806.016,3,3,2806.016,0.0,0.0,0.0,0.0,140300.8
1673275,IT,FR,FISH5,93197,0.01,2805.798,3,3,2805.798,0.0,0.0,0.0,0.0,280579.8
1660795,IT,DE,COMPU,LIQUE,0.03,2805.787,3,3,2805.787,0.0,0.0,0.0,0.0,93526.233333
1791314,IT,WA,SALEM,WHEAT,0.02,2805.695,3,3,2805.695,0.0,0.0,0.0,0.0,140284.75
1685555,IT,HU,PAPER,AIRTR,0.01,2805.635,3,3,2805.635,0.0,0.0,0.0,0.0,280563.5
1676196,IT,FR,CONST,ELEC8,0.02,2805.55,3,3,2805.55,0.0,0.0,0.0,0.0,140277.5
1761679,IT,IN,FABRI,RETAI,0.01,2805.01,3,3,2805.01,0.0,0.0,0.0,0.0,280501.0
1755019,IT,KR,WEARI,KERO1,0.02,2804.853,3,3,2804.853,0.0,0.0,0.0,0.0,140242.65
1652238,IT,CZ,FOOD5,LEATH,0.01,2804.821,3,3,2804.821,0.0,0.0,0.0,0.0,280482.1
1740933,IT,US,FOOD5,ELECT,0.01,2804.59,3,3,2804.59,0.0,0.0,0.0,0.0,280459.0
1814556,IT,WM,BUSIN,TEXTI,0.03,2804.044,3,3,2804.044,0.0,0.0,0.0,0.0,93468.133333
1724808,IT,PT,COMPU,WHOLE,0.03,2803.806,3,3,2803.806,0.0,0.0,0.0,0.0,93460.2
1652436,IT,CZ,TEXTI,POSTT,0.02,2803.799,3,3,2803.799,0.0,0.0,0.0,0.0,140189.95
1646857,IT,BE,RETAI,BUSIN,0.02,2803.703,3,3,2803.703,0.0,0.0,0.0,0.0,140185.15
1711542,IT,LU,POSTT,RESEA,0.05,2803.696,3,3,2803.696,0.0,0.0,0.0,0.0,56073.92
1781506,IT,NO,TEXTI,MEAT4,0.02,2803.468,3,3,2803.468,0.0,0.0,0.0,0.0,140173.4
1792659,IT,WA,RESEA,NONME,0.02,2803.439,3,3,2803.439,0.0,0.0,0.0,0.0,140171.95
1710729,IT,LU,BEVER,SUGA1,0.01,2803.407,3,3,2803.407,0.0,0.0,0.0,0.0,280340.7
1788124,IT,WA,WEARI,SUGA1,0.02,2802.977,3,3,2802.977,0.0,0.0,0.0,0.0,140148.85
1733546,IT,SI,RETA1,CHEMI,0.03,2802.796,3,3,2802.796,0.0,0.0,0.0,0.0,93426.533333
1682096,IT,HR,TEXTI,MEAT1,0.02,2802.717,3,3,2802.717,0.0,0.0,0.0,0.0,140135.85
1673552,IT,FR,LEATH,PAPE1,0.02,2802.65,3,3,2802.65,0.0,0.0,0.0,0.0,140132.5
1760280,IT,IN,CROPS,ELEC7,0.02,2802.524,3,3,2802.524,0.0,0.0,0.0,0.0,140126.2
1814825,IT,WM,WOOD2,LANDT,0.02,2802.41,3,3,2802.41,0.0,0.0,0.0,0.0,140120.5
1781450,IT,NO,BEVER,MEAT1,0.01,2802.36,3,3,2802.36,0.0,0.0,0.0,0.0,280236.0
1814255,IT,WM,POSTT,GLASS,0.05,2802.09,3,3,2802.09,0.0,0.0,0.0,0.0,56041.8
1729961,IT,SE,CONST,MOTO1,0.02,2802.037,3,3,2802.037,0.0,0.0,0.0,0.0,140101.85
1663948,IT,EE,PAPER,CROPS,0.01,2802.036,3,3,2802.036,0.0,0.0,0.0,0.0,280203.6
1768372,IT,AU,MEAT4,REALE,0.02,2801.77,3,3,2801.77,0.0,0.0,0.0,0.0,140088.5
1651886,IT,CY,POSTT,AUXIL,0.05,2801.766,3,3,2801.766,0.0,0.0,0.0,0.0,56035.32
1745094,IT,US,PUBLI,FOODW,0.05,2801.766,3,3,2801.766,0.0,0.0,0.0,0.0,56035.32
1798293,IT,WE,CROPS,MEAT1,0.02,2801.738,3,3,2801.738,0.0,0.0,0.0,0.0,140086.9
1717626,IT,NL,BUSIN,NONFE,0.03,2801.687,3,3,2801.687,0.0,0.0,0.0,0.0,93389.566667
1644501,IT,BE,DAIRY,PAPER,0.01,2801.258,3,3,2801.258,0.0,0.0,0.0,0.0,280125.8
1709572,IT,LT,PAPER,OILSE,0.01,2801.208,3,3,2801.208,0.0,0.0,0.0,0.0,280120.8
1813120,IT,WM,MOTO1,SUGA1,0.01,2801.053,3,3,2801.053,0.0,0.0,0.0,0.0,280105.3
1797759,IT,WL,WOOD1,DAIRY,0.02,2801.031,3,3,2801.031,0.0,0.0,0.0,0.0,140051.55
1654424,IT,CZ,WHOLE,STEAM,0.02,2800.988,3,3,2800.988,0.0,0.0,0.0,0.0,140049.4
1724478,IT,PT,SUPPO,SALEM,0.02,2800.974,3,3,2800.974,0.0,0.0,0.0,0.0,140048.7
1648742,IT,BG,FOOD5,RESEA,0.01,2800.944,3,3,2800.944,0.0,0.0,0.0,0.0,280094.4
1709322,IT,LT,MEAT4,RENTI,0.02,2800.891,3,3,2800.891,0.0,0.0,0.0,0.0,140044.55
1775601,IT,CH,RECRE,RAILW,0.04,2800.738,3,3,2800.738,0.0,0.0,0.0,0.0,70018.45
1723572,IT,PT,FABRI,TOBAC,0.01,2800.552,3,3,2800.552,0.0,0.0,0.0,0.0,280055.2
1758627,IT,BR,TRANS,RADIO,0.02,2800.183,3,3,2800.183,0.0,0.0,0.0,0.0,140009.15
1670088,IT,ES,FOOD4,LEAD1,0.02,2799.871,3,3,2799.871,0.0,0.0,0.0,0.0,139993.55
1685219,IT,HU,TOBAC,BASIC,0.01,2799.634,3,3,2799.634,0.0,0.0,0.0,0.0,279963.4
1787845,IT,WA,FOOD5,NFERT,0.01,2799.299,3,3,2799.299,0.0,0.0,0.0,0.0,279929.9
1680545,IT,GR,ELEC8,BEVER,0.04,2799.237,3,3,2799.237,0.0,0.0,0.0,0.0,69980.925
1752813,IT,CA,PAPER,NONSP,0.01,2799.075,3,3,2799.075,0.0,0.0,0.0,0.0,279907.5
1661197,IT,DE,93197,EDUCA,0.02,2799.073,3,3,2799.073,0.0,0.0,0.0,0.0,139953.65
1760494,IT,IN,TEXTI,LANDT,0.02,2799.039,3,3,2799.039,0.0,0.0,0.0,0.0,139951.95
1726757,IT,RO,SALEM,NONF1,0.02,2798.888,3,3,2798.888,0.0,0.0,0.0,0.0,139944.4
1665693,IT,ES,PAPER,WHEAT,0.01,2798.842,3,3,2798.842,0.0,0.0,0.0,0.0,279884.2
1659735,IT,DE,RAILW,TRAN2,0.02,2798.605,3,3,2798.605,0.0,0.0,0.0,0.0,139930.25
1791303,IT,WA,CONST,AUXIL,0.02,2798.494,3,3,2798.494,0.0,0.0,0.0,0.0,139924.7
1676351,IT,FR,WHOLE,MEATA,0.02,2798.305,3,3,2798.305,0.0,0.0,0.0,0.0,139915.25
1724241,IT,PT,RAILW,PUBLI,0.02,2798.254,3,3,2798.254,0.0,0.0,0.0,0.0,139912.7
1654411,IT,CZ,WHOLE,CERAM,0.02,2798.136,3,3,2798.136,0.0,0.0,0.0,0.0,139906.8
1741402,IT,US,PRINT,WASTE,0.03,2798.069,3,3,2798.069,0.0,0.0,0.0,0.0,93268.966667
1664883,IT,ES,FORES,CONST,0.02,2797.977,4,4,2796.977,0.0,1.0,0.0,0.0,139898.85
1720870,IT,PL,CONST,NATUR,0.02,2797.713,3,3,2797.713,0.0,0.0,0.0,0.0,139885.65
1721534,IT,PL,SUPPO,ELECT,0.02,2797.573,3,3,2797.573,0.0,0.0,0.0,0.0,139878.65
1796743,IT,WL,LANDT,KEROS,0.02,2797.55,3,3,2797.55,0.0,0.0,0.0,0.0,139877.5
1807837,IT,WF,PAPE1,PIGS9,0.02,2797.394,3,3,2797.394,0.0,0.0,0.0,0.0,139869.7
1683602,IT,HR,FABRI,SUGAR,0.01,2797.275,3,3,2797.275,0.0,0.0,0.0,0.0,279727.5
1740062,IT,GB,RENTI,FINAN,0.02,2797.239,3,3,2797.239,0.0,0.0,0.0,0.0,139861.95
1783311,IT,NO,PAPE1,PFERT,0.02,2797.014,3,3,2797.014,0.0,0.0,0.0,0.0,139850.7
1723656,IT,PT,MACHI,ANIMA,0.02,2796.949,3,3,2796.949,0.0,0.0,0.0,0.0,139847.45
1669375,IT,ES,INSUR,CATTL,0.06,2796.899,3,3,2796.899,0.0,0.0,0.0,0.0,46614.983333
1730910,IT,SE,INTER,DAIRY,0.02,2796.874,3,3,2796.874,0.0,0.0,0.0,0.0,139843.7
1667921,IT,ES,MOTO1,AIRTR,0.01,2796.864,3,3,2796.864,0.0,0.0,0.0,0.0,279686.4
1658617,IT,DE,MACHI,COKE1,0.02,2796.526,3,3,2796.526,0.0,0.0,0.0,0.0,139826.3
1728621,IT,SE,PRINT,RAWMI,0.03,2796.44,3,3,2796.44,0.0,0.0,0.0,0.0,93214.666667
1773582,IT,CH,MOTO1,WOOD1,0.01,2796.418,3,3,2796.418,0.0,0.0,0.0,0.0,279641.8
1781511,IT,NO,TEXTI,TOBAC,0.02,2796.078,3,3,2796.078,0.0,0.0,0.0,0.0,139803.9
1648130,IT,BE,RESEA,LANDT,0.02,2795.734,3,3,2795.734,0.0,0.0,0.0,0.0,139786.7
1771794,IT,CH,LEATH,TEXT1,0.02,2795.68,3,3,2795.68,0.0,0.0,0.0,0.0,139784.0
1720323,IT,PL,FABRI,ELEC7,0.01,2795.506,3,3,2795.506,0.0,0.0,0.0,0.0,279550.6
1731031,IT,SE,INERT,WHOLE,0.02,2795.254,3,3,2795.254,0.0,0.0,0.0,0.0,139762.7
1640606,IT,AT,BEVER,VEGE1,0.01,2795.24,3,3,2795.24,0.0,0.0,0.0,0.0,279524.0
1750979,IT,CN,RETAI,CONST,0.02,2795.056,3,3,2795.056,0.0,0.0,0.0,0.0,139752.8
1736463,IT,SK,LANDT,FOOD2,0.02,2795.021,3,3,2795.021,0.0,0.0,0.0,0.0,139751.05
1779693,IT,TR,RESEA,AIRTR,0.02,2795.018,3,3,2795.018,0.0,0.0,0.0,0.0,139750.9
1660753,IT,DE,RENTI,TEXT1,0.02,2794.939,3,3,2794.939,0.0,0.0,0.0,0.0,139746.95
1791835,IT,WA,LANDT,COPP1,0.02,2794.581,3,3,2794.581,0.0,0.0,0.0,0.0,139729.05
1715367,IT,NL,PRINT,ELEC1,0.03,2794.514,3,3,2794.514,0.0,0.0,0.0,0.0,93150.466667
1807999,IT,WF,INTER,PADDY,0.02,2794.315,3,3,2794.315,0.0,0.0,0.0,0.0,139715.75
1669396,IT,ES,INSUR,PLAST,0.06,2794.218,3,3,2794.218,0.0,0.0,0.0,0.0,46570.3
1678275,IT,FR,FOOD2,HOTEL,0.02,2794.055,3,3,2794.055,0.0,0.0,0.0,0.0,139702.75
1640810,IT,AT,WEARI,OFFIC,0.02,2793.794,3,3,2793.794,0.0,0.0,0.0,0.0,139689.7
1758477,IT,BR,MACHI,BEVER,0.02,2793.679,3,3,2793.679,0.0,0.0,0.0,0.0,139683.95
1754916,IT,KR,TEXTI,CHEMI,0.02,2793.615,3,3,2793.615,0.0,0.0,0.0,0.0,139680.75
1730507,IT,SE,FINAN,AUXIL,0.04,2793.478,3,3,2793.478,0.0,0.0,0.0,0.0,69836.95
1672089,IT,FI,SUPPO,RENTI,0.02,2793.399,3,3,2793.399,0.0,0.0,0.0,0.0,139669.95
1675966,IT,FR,ELEC4,SALEM,0.04,2793.337,3,3,2793.337,0.0,0.0,0.0,0.0,69833.425
1655048,IT,CZ,COMPU,FORES,0.03,2793.114,3,3,2793.114,0.0,0.0,0.0,0.0,93103.8
1676123,IT,FR,ELEC8,REALE,0.04,2792.95,3,3,2792.95,0.0,0.0,0.0,0.0,69823.75
1669636,IT,ES,RENTI,COMPU,0.02,2792.935,3,3,2792.935,0.0,0.0,0.0,0.0,139646.75
1739408,IT,GB,RAILW,MEMBE,0.02,2792.911,3,3,2792.911,0.0,0.0,0.0,0.0,139645.55
1721140,IT,PL,RAILW,BIOGA,0.02,2792.607,3,3,2792.607,0.0,0.0,0.0,0.0,139630.35
1748863,IT,CN,WEARI,ANIMA,0.02,2792.565,3,3,2792.565,0.0,0.0,0.0,0.0,139628.25
1758956,IT,BR,RAILW,LANDT,0.02,2792.497,3,3,2792.497,0.0,0.0,0.0,0.0,139624.85
1718423,IT,PL,BEVER,PAPE4,0.01,2792.48,3,3,2792.48,0.0,0.0,0.0,0.0,279248.0
1709614,IT,LT,PAPER,SUPPO,0.01,2792.346,3,3,2792.346,0.0,0.0,0.0,0.0,279234.6
1681171,IT,GR,POSTT,OFFIC,0.05,2792.338,3,3,2792.338,0.0,0.0,0.0,0.0,55846.76
1723998,IT,PT,RETAI,PIGS9,0.02,2792.319,3,3,2792.319,0.0,0.0,0.0,0.0,139615.95
1773826,IT,CH,ELEC4,REALE,0.04,2792.115,3,3,2792.115,0.0,0.0,0.0,0.0,69802.875
1672489,IT,FI,WOOD2,BASIC,0.02,2791.9,3,3,2791.9,0.0,0.0,0.0,0.0,139595.0
1711149,IT,LU,FABRI,COPP1,0.01,2791.87,3,3,2791.87,0.0,0.0,0.0,0.0,279187.0
1787897,IT,WA,BEVER,PAPER,0.01,2791.839,3,3,2791.839,0.0,0.0,0.0,0.0,279183.9
1720738,IT,PL,TRANS,PFERT,0.02,2791.783,3,3,2791.783,0.0,0.0,0.0,0.0,139589.15
1677088,IT,FR,SUPPO,CONST,0.02,2791.732,3,3,2791.732,0.0,0.0,0.0,0.0,139586.6
1683953,IT,HR,WHOLE,FISHF,0.02,2791.73,3,3,2791.73,0.0,0.0,0.0,0.0,139586.5
1759932,IT,BR,PLAS1,MEAT1,0.01,2791.645,3,3,2791.645,0.0,0.0,0.0,0.0,279164.5
1733310,IT,SI,MOTO1,COLLE,0.01,2791.622,3,3,2791.622,0.0,0.0,0.0,0.0,279162.2
1759736,IT,BR,BUSIN,COALT,0.03,2791.594,3,3,2791.594,0.0,0.0,0.0,0.0,93053.133333
1753930,IT,CA,RAILW,MEMBE,0.02,2791.576,3,3,2791.576,0.0,0.0,0.0,0.0,139578.8
1787908,IT,WA,BEVER,BRICK,0.01,2791.183,3,3,2791.183,0.0,0.0,0.0,0.0,279118.3
1808168,IT,WF,OILHA,FOOD5,0.02,2790.915,3,3,2790.915,0.0,0.0,0.0,0.0,139545.75
1720905,IT,PL,SALEM,ELEC1,0.02,2790.585,3,3,2790.585,0.0,0.0,0.0,0.0,139529.25
1770053,IT,AU,SALEM,SUPPO,0.02,2790.062,3,3,2790.062,0.0,0.0,0.0,0.0,139503.1
1793298,IT,WA,PRIVA,RADIO,0.62,2789.864,3,3,2789.864,0.0,0.0,0.0,0.0,4499.780645
1735828,IT,SK,MACHI,RETAI,0.02,2789.797,3,3,2789.797,0.0,0.0,0.0,0.0,139489.85
1793003,IT,WA,FOOD2,COMPU,0.02,2789.792,3,3,2789.792,0.0,0.0,0.0,0.0,139489.6
1662868,IT,DK,WHOLE,PAPER,0.02,2789.668,3,3,2789.668,0.0,0.0,0.0,0.0,139483.4
1650429,IT,BG,ELEC4,DISTR,0.04,2789.645,3,3,2789.645,0.0,0.0,0.0,0.0,69741.125
1776105,IT,TR,WEARI,RECRE,0.02,2789.514,3,3,2789.514,0.0,0.0,0.0,0.0,139475.7
1687300,IT,HU,RETA1,TEXTI,0.03,2789.077,3,3,2789.077,0.0,0.0,0.0,0.0,92969.233333
1652274,IT,CZ,BEVER,CEREA,0.01,2788.702,3,3,2788.702,0.0,0.0,0.0,0.0,278870.2
1745526,IT,JP,FOOD5,PAPE1,0.01,2788.619,3,3,2788.619,0.0,0.0,0.0,0.0,278861.9
1774012,IT,CH,RETAI,LEATH,0.02,2788.4,3,3,2788.4,0.0,0.0,0.0,0.0,139420.0
1669494,IT,ES,AUXIL,MOTO1,0.05,2788.185,3,3,2788.185,0.0,0.0,0.0,0.0,55763.7
1648287,IT,BE,PUBLI,NONSP,0.05,2788.147,3,3,2788.147,0.0,0.0,0.0,0.0,55762.94
1726895,IT,RO,RETA1,AUXIL,0.03,2788.1,3,3,2788.1,0.0,0.0,0.0,0.0,92936.666667
1783548,IT,NO,FOOD1,PREC1,0.01,2787.875,3,3,2787.875,0.0,0.0,0.0,0.0,278787.5
1721059,IT,PL,HOTEL,MEDIC,0.02,2787.616,3,3,2787.616,0.0,0.0,0.0,0.0,139380.8
1713713,IT,MT,FABRI,HEALT,0.01,2787.544,3,3,2787.544,0.0,0.0,0.0,0.0,278754.4
1760064,IT,BR,OILHA,RADIO,0.02,2787.466,3,3,2787.466,0.0,0.0,0.0,0.0,139373.3
1785252,IT,ZA,TEXTI,MACHI,0.02,2787.42,3,3,2787.42,0.0,0.0,0.0,0.0,139371.0
1681890,IT,HR,DAIRY,WEARI,0.01,2787.336,3,3,2787.336,0.0,0.0,0.0,0.0,278733.6
1758855,IT,BR,HOTEL,GASDI,0.02,2787.145,3,3,2787.145,0.0,0.0,0.0,0.0,139357.25
1709369,IT,LT,FOOD5,MEAT4,0.01,2787.009,3,3,2787.009,0.0,0.0,0.0,0.0,278700.9
1651033,IT,BG,POSTT,HOTEL,0.05,2786.802,3,3,2786.802,0.0,0.0,0.0,0.0,55736.04
1729676,IT,SE,FABRI,TRAN2,0.01,2786.69,3,3,2786.69,0.0,0.0,0.0,0.0,278669.0
1680691,IT,GR,WHOLE,COMPU,0.02,2786.158,3,3,2786.158,0.0,0.0,0.0,0.0,139307.9
1814173,IT,WM,SUPPO,VEGE1,0.02,2785.808,3,3,2785.808,0.0,0.0,0.0,0.0,139290.4
1809788,IT,WM,FOOD5,BITU1,0.01,2785.672,3,3,2785.672,0.0,0.0,0.0,0.0,278567.2
1668766,IT,ES,LANDT,BIOG1,0.02,2785.548,3,3,2785.548,0.0,0.0,0.0,0.0,139277.4
1663432,IT,DK,AUXIL,AUXIL,0.05,2785.529,3,3,2785.529,0.0,0.0,0.0,0.0,55710.58
1724031,IT,PT,RETAI,93197,0.02,2785.435,3,3,2785.435,0.0,0.0,0.0,0.0,139271.75
1807512,IT,WF,RENTI,WOODW,0.02,2785.231,3,3,2785.231,0.0,0.0,0.0,0.0,139261.55
1721758,IT,PL,INSUR,RETA1,0.06,2784.878,3,3,2784.878,0.0,0.0,0.0,0.0,46414.633333
1740875,IT,US,DAIRY,RAILW,0.01,2784.799,3,3,2784.799,0.0,0.0,0.0,0.0,278479.9
1807822,IT,WF,FOODW,COMPU,0.02,2784.787,3,3,2784.787,0.0,0.0,0.0,0.0,139239.35
1791813,IT,WA,LANDT,PULP5,0.02,2784.736,3,3,2784.736,0.0,0.0,0.0,0.0,139236.8
1718239,IT,PL,PROCE,LANDT,0.02,2784.713,3,3,2784.713,0.0,0.0,0.0,0.0,139235.65
1741287,IT,US,PAPER,ADDIT,0.01,2784.7,3,3,2784.7,0.0,0.0,0.0,0.0,278470.0
1717197,IT,NL,SUPPO,FISH5,0.02,2784.577,3,3,2784.577,0.0,0.0,0.0,0.0,139228.85
1656561,IT,DE,PRINT,MEAT1,0.03,2784.563,3,3,2784.563,0.0,0.0,0.0,0.0,92818.766667
1678352,IT,FR,FOOD4,TRANS,0.02,2784.324,3,3,2784.324,0.0,0.0,0.0,0.0,139216.2
1685597,IT,HU,PRINT,FURNI,0.03,2784.163,3,3,2784.163,0.0,0.0,0.0,0.0,92805.433333
1664584,IT,EE,HOTEL,SEACO,0.02,2784.155,3,3,2784.155,0.0,0.0,0.0,0.0,139207.75
1788094,IT,WA,WEARI,CEREA,0.02,2784.028,3,3,2784.028,0.0,0.0,0.0,0.0,139201.4
1722246,IT,PL,FOOD2,CATTL,0.02,2784.004,3,3,2784.004,0.0,0.0,0.0,0.0,139200.2
1710722,IT,LU,FOOD5,RECRE,0.01,2783.954,3,3,2783.954,0.0,0.0,0.0,0.0,278395.4
1669455,IT,ES,INSUR,FOOD1,0.06,2783.893,3,3,2783.893,0.0,0.0,0.0,0.0,46398.216667
1765548,IT,RU,LEATH,PLAST,0.02,2783.751,3,3,2783.751,0.0,0.0,0.0,0.0,139187.55
1792919,IT,WA,HEALT,HOTEL,0.01,2783.521,3,3,2783.521,0.0,0.0,0.0,0.0,278352.1
1790637,IT,WA,FABRI,PULP5,0.01,2783.323,3,3,2783.323,0.0,0.0,0.0,0.0,278332.3
1727753,IT,RO,RESEA,BUSIN,0.02,2783.21,3,3,2783.21,0.0,0.0,0.0,0.0,139160.5
1740382,IT,GB,HEALT,ETHAN,0.01,2782.643,3,3,2782.643,0.0,0.0,0.0,0.0,278264.3
1681519,IT,GR,BUSIN,AVIAT,0.03,2782.496,3,3,2782.496,0.0,0.0,0.0,0.0,92749.866667
1770792,IT,AU,COMPU,MEDIC,0.03,2782.327,3,3,2782.327,0.0,0.0,0.0,0.0,92744.233333
1680605,IT,GR,CONST,WHOLE,0.02,2782.207,3,3,2782.207,0.0,0.0,0.0,0.0,139110.35
1782758,IT,NO,HOTEL,STONE,0.02,2782.172,3,3,2782.172,0.0,0.0,0.0,0.0,139108.6
1733625,IT,SI,HOTEL,LEAD1,0.02,2781.822,3,3,2781.822,0.0,0.0,0.0,0.0,139091.1
1669982,IT,ES,EDUCA,PUBLI,0.07,2781.799,3,3,2781.799,0.0,0.0,0.0,0.0,39739.985714
1717804,IT,NL,FOOD2,LEAD1,0.02,2781.766,3,3,2781.766,0.0,0.0,0.0,0.0,139088.3
1739033,IT,GB,SALEM,TEXT2,0.02,2781.701,3,3,2781.701,0.0,0.0,0.0,0.0,139085.05
1768643,IT,AU,TEXTI,MEATA,0.02,2781.687,3,3,2781.687,0.0,0.0,0.0,0.0,139084.35
1783713,IT,NO,FOOD4,FABRI,0.02,2781.523,3,3,2781.523,0.0,0.0,0.0,0.0,139076.15
1661101,IT,DE,PUBLI,MEMBE,0.05,2781.486,3,3,2781.486,0.0,0.0,0.0,0.0,55629.72
1778606,IT,TR,HOTEL,HYDRO,0.02,2781.405,3,3,2781.405,0.0,0.0,0.0,0.0,139070.25
1763013,IT,MX,BEVER,GASDI,0.01,2781.383,3,3,2781.383,0.0,0.0,0.0,0.0,278138.3
1798930,IT,WE,FISH5,MOTOR,0.01,2781.311,3,3,2781.311,0.0,0.0,0.0,0.0,278131.1
1712595,IT,LV,MACHI,EDUCA,0.02,2781.308,3,3,2781.308,0.0,0.0,0.0,0.0,139065.4
1744084,IT,US,SUPPO,CHEMI,0.02,2781.263,3,3,2781.263,0.0,0.0,0.0,0.0,139063.15
1680828,IT,GR,RAILW,RETA1,0.02,2780.946,3,3,2780.946,0.0,0.0,0.0,0.0,139047.3
1728263,IT,SE,BEVER,SANDC,0.01,2780.809,3,3,2780.809,0.0,0.0,0.0,0.0,278080.9
1641081,IT,AT,PAPER,PFERT,0.01,2780.546,3,3,2780.546,0.0,0.0,0.0,0.0,278054.6
1723956,IT,PT,SALEM,PULP5,0.02,2780.418,3,3,2780.418,0.0,0.0,0.0,0.0,139020.9
1813719,IT,WM,HOTEL,NONFE,0.02,2780.393,3,3,2780.393,0.0,0.0,0.0,0.0,139019.65
1756813,IT,KR,SUPPO,NONME,0.02,2780.377,3,3,2780.377,0.0,0.0,0.0,0.0,139018.85
1770554,IT,AU,SUPPO,HOTEL,0.02,2780.294,3,3,2780.294,0.0,0.0,0.0,0.0,139014.7
1676182,IT,FR,CONST,ALUM1,0.02,2780.283,3,3,2780.283,0.0,0.0,0.0,0.0,139014.15
1810605,IT,WM,PRINT,COLLE,0.03,2779.893,3,3,2779.893,0.0,0.0,0.0,0.0,92663.1
1792599,IT,WA,COMPU,FURNI,0.03,2779.869,3,3,2779.869,0.0,0.0,0.0,0.0,92662.3
1710861,IT,LU,PRINT,HOTEL,0.03,2779.763,3,3,2779.763,0.0,0.0,0.0,0.0,92658.766667
1677376,IT,FR,INSUR,PULP5,0.06,2779.528,3,3,2779.528,0.0,0.0,0.0,0.0,46325.466667
1777767,IT,TR,FABRI,COKIN,0.01,2779.349,3,3,2779.349,0.0,0.0,0.0,0.0,277934.9
1747637,IT,JP,SUPPO,MOTO1,0.02,2779.311,3,3,2779.311,0.0,0.0,0.0,0.0,138965.55
1656216,IT,DE,TEXTI,RAILW,0.02,2779.005,3,3,2779.005,0.0,0.0,0.0,0.0,138950.25
1731041,IT,SE,93197,POSTT,0.02,2778.807,3,3,2778.807,0.0,0.0,0.0,0.0,138940.35
1745479,IT,JP,FOOD5,WOODW,0.01,2778.699,3,3,2778.699,0.0,0.0,0.0,0.0,277869.9
1712874,IT,LV,REALE,PRINT,0.12,2778.683,3,3,2778.683,0.0,0.0,0.0,0.0,23155.691667
1813624,IT,WM,RETA1,FISHF,0.03,2778.604,3,3,2778.604,0.0,0.0,0.0,0.0,92620.133333
1656124,IT,DE,FISH5,LEATH,0.01,2778.567,3,3,2778.567,0.0,0.0,0.0,0.0,277856.7
1672253,IT,FI,REALE,SUPPO,0.12,2778.314,3,3,2778.314,0.0,0.0,0.0,0.0,23152.616667
1690275,IT,IE,OILHA,CHEM1,0.02,2778.17,3,3,2778.17,0.0,0.0,0.0,0.0,138908.5
1783059,IT,NO,INSUR,PFERT,0.06,2778.155,3,3,2778.155,0.0,0.0,0.0,0.0,46302.583333
1749008,IT,CN,LEATH,NONSP,0.02,2778.128,3,3,2778.128,0.0,0.0,0.0,0.0,138906.4
1724151,IT,PT,RETA1,RETA1,0.03,2778.101,3,3,2778.101,0.0,0.0,0.0,0.0,92603.366667
1684455,IT,HR,REALE,EDUCA,0.12,2778.032,3,3,2778.032,0.0,0.0,0.0,0.0,23150.266667
1752594,IT,CA,TOBAC,TOBAC,0.01,2777.974,3,3,2777.974,0.0,0.0,0.0,0.0,277797.4
1770054,IT,AU,SALEM,RENTI,0.02,2777.915,3,3,2777.915,0.0,0.0,0.0,0.0,138895.75
1814830,IT,WM,MEMBE,VEGET,0.03,2777.654,3,3,2777.654,0.0,0.0,0.0,0.0,92588.466667
1669564,IT,ES,REALE,DIST1,0.12,2777.536,3,3,2777.536,0.0,0.0,0.0,0.0,23146.133333
1687707,IT,HU,SUPPO,FISHF,0.02,2777.419,3,3,2777.419,0.0,0.0,0.0,0.0,138870.95
1711938,IT,LU,FOOD4,FABRI,0.02,2776.985,3,3,2776.985,0.0,0.0,0.0,0.0,138849.25
1814632,IT,WM,FOODW,REALE,0.02,2776.657,3,3,2776.657,0.0,0.0,0.0,0.0,138832.85
1664316,IT,EE,FABRI,CROPS,0.01,2776.645,3,3,2776.645,0.0,0.0,0.0,0.0,277664.5
1765333,IT,RU,FOOD5,LEATH,0.01,2776.58,3,3,2776.58,0.0,0.0,0.0,0.0,277658.0
1767274,IT,RU,HOTEL,NONME,0.02,2776.541,3,3,2776.541,0.0,0.0,0.0,0.0,138827.05
1796518,IT,WL,RETA1,NONF1,0.03,2776.274,3,3,2776.274,0.0,0.0,0.0,0.0,92542.466667
1780755,IT,TW,RENTI,PAPER,0.02,2776.11,3,3,2776.11,0.0,0.0,0.0,0.0,138805.5
1725414,IT,RO,TEXTI,INLAN,0.02,2776.061,3,3,2776.061,0.0,0.0,0.0,0.0,138803.05
1656084,IT,DE,BEVER,ELEC5,0.01,2775.133,3,3,2775.133,0.0,0.0,0.0,0.0,277513.3
1641046,IT,AT,PAPER,OILSE,0.01,2775.058,3,3,2775.058,0.0,0.0,0.0,0.0,277505.8
1658469,IT,DE,FABRI,GASWO,0.01,2775.025,3,3,2775.025,0.0,0.0,0.0,0.0,277502.5
1736644,IT,SK,FINAN,BUSIN,0.04,2774.956,3,3,2774.956,0.0,0.0,0.0,0.0,69373.9
1678591,IT,GR,FORES,WOODW,0.02,2774.953,4,4,2773.953,0.0,1.0,0.0,0.0,138747.65
1733689,IT,SI,RAILW,NONME,0.02,2774.894,3,3,2774.894,0.0,0.0,0.0,0.0,138744.7
1728544,IT,SE,PAPER,NONFE,0.01,2774.888,3,3,2774.888,0.0,0.0,0.0,0.0,277488.8
1776419,IT,TR,PRINT,93197,0.03,2774.721,3,3,2774.721,0.0,0.0,0.0,0.0,92490.7
1754496,IT,CA,BUSIN,LIQUE,0.03,2774.556,3,3,2774.556,0.0,0.0,0.0,0.0,92485.2
1710373,IT,LT,HOTEL,LUBRI,0.02,2774.303,3,3,2774.303,0.0,0.0,0.0,0.0,138715.15
1687367,IT,HU,HOTEL,PAPER,0.02,2773.859,3,3,2773.859,0.0,0.0,0.0,0.0,138692.95
1774486,IT,CH,LANDT,COPP1,0.02,2773.813,3,3,2773.813,0.0,0.0,0.0,0.0,138690.65
1781117,IT,TW,PUBLI,93197,0.05,2773.759,3,3,2773.759,0.0,0.0,0.0,0.0,55475.18
1660254,IT,DE,POSTT,ALUM1,0.05,2773.727,3,3,2773.727,0.0,0.0,0.0,0.0,55474.54
1784749,IT,ID,WHOLE,RECRE,0.02,2773.701,3,3,2773.701,0.0,0.0,0.0,0.0,138685.05
1786677,IT,ZA,WHOLE,RETAI,0.02,2773.675,3,3,2773.675,0.0,0.0,0.0,0.0,138683.75
1773274,IT,CH,FABRI,TEXT2,0.01,2773.648,3,3,2773.648,0.0,0.0,0.0,0.0,277364.8
1756992,IT,KR,COMPU,AUXIL,0.03,2773.554,3,3,2773.554,0.0,0.0,0.0,0.0,92451.8
1734671,IT,SK,WEARI,COMPU,0.02,2773.433,3,3,2773.433,0.0,0.0,0.0,0.0,138671.65
1722588,IT,PT,FISH5,RESEA,0.01,2773.298,3,3,2773.298,0.0,0.0,0.0,0.0,277329.8
1759319,IT,BR,POSTT,INERT,0.05,2773.265,3,3,2773.265,0.0,0.0,0.0,0.0,55465.3
1668220,IT,ES,RETAI,LEAD1,0.02,2773.095,3,3,2773.095,0.0,0.0,0.0,0.0,138654.75
1753695,IT,CA,MOTO1,FOOD4,0.01,2772.966,3,3,2772.966,0.0,0.0,0.0,0.0,277296.6
1809988,IT,WM,TOBAC,CHEM1,0.01,2772.772,3,3,2772.772,0.0,0.0,0.0,0.0,277277.2
1663341,IT,DK,SUPPO,TEXTI,0.02,2772.693,3,3,2772.693,0.0,0.0,0.0,0.0,138634.65
1677555,IT,FR,REALE,CATTL,0.12,2771.946,3,3,2771.946,0.0,0.0,0.0,0.0,23099.55
1760107,IT,BR,FOOD2,PRINT,0.02,2771.86,3,3,2771.86,0.0,0.0,0.0,0.0,138593.0
1745108,IT,US,PUBLI,TEXT2,0.05,2771.834,3,3,2771.834,0.0,0.0,0.0,0.0,55436.68
1734027,IT,SI,FINAN,FOOD5,0.04,2771.811,3,3,2771.811,0.0,0.0,0.0,0.0,69295.275
1664315,IT,EE,FABRI,CEREA,0.01,2771.801,3,3,2771.801,0.0,0.0,0.0,0.0,277180.1
1690284,IT,IE,OILHA,BUSIN,0.02,2771.777,3,3,2771.777,0.0,0.0,0.0,0.0,138588.85
1753867,IT,CA,RETA1,RUBBE,0.03,2771.617,3,3,2771.617,0.0,0.0,0.0,0.0,92387.233333
1791752,IT,WA,RAILW,NONF1,0.02,2771.504,3,3,2771.504,0.0,0.0,0.0,0.0,138575.2
1660705,IT,DE,RENTI,BRICK,0.02,2771.495,3,3,2771.495,0.0,0.0,0.0,0.0,138574.75
1793091,IT,WA,WOOD2,VEGE1,0.02,2771.408,3,3,2771.408,0.0,0.0,0.0,0.0,138570.4
1783497,IT,NO,WOOD1,PAPE4,0.02,2771.352,3,3,2771.352,0.0,0.0,0.0,0.0,138567.6
1734376,IT,SI,RECRE,BUSIN,0.04,2771.352,3,3,2771.352,0.0,0.0,0.0,0.0,69283.8
1771646,IT,CH,WEARI,LIQUE,0.02,2771.148,3,3,2771.148,0.0,0.0,0.0,0.0,138557.4
1767862,IT,RU,AUXIL,LANDT,0.05,2771.048,3,3,2771.048,0.0,0.0,0.0,0.0,55420.96
1649107,IT,BG,PAPER,NONF1,0.01,2771.003,3,3,2771.003,0.0,0.0,0.0,0.0,277100.3
1750967,IT,CN,SALEM,PUBLI,0.02,2770.916,3,3,2770.916,0.0,0.0,0.0,0.0,138545.8
1640541,IT,AT,FOOD5,WEARI,0.01,2770.825,3,3,2770.825,0.0,0.0,0.0,0.0,277082.5
1787103,IT,ZA,BUSIN,FURNI,0.03,2770.667,3,3,2770.667,0.0,0.0,0.0,0.0,92355.566667
1677826,IT,FR,RESEA,OFFIC,0.02,2770.634,3,3,2770.634,0.0,0.0,0.0,0.0,138531.7
1756285,IT,KR,MOTO1,WEARI,0.01,2770.36,3,3,2770.36,0.0,0.0,0.0,0.0,277036.0
1779093,IT,TR,SUPPO,ALUM1,0.02,2770.345,3,3,2770.345,0.0,0.0,0.0,0.0,138517.25
1660988,IT,DE,BUSIN,ELEC6,0.03,2770.186,3,3,2770.186,0.0,0.0,0.0,0.0,92339.533333
1727117,IT,RO,LANDT,GLASS,0.02,2770.16,3,3,2770.16,0.0,0.0,0.0,0.0,138508.0
1750968,IT,CN,RETAI,BASIC,0.02,2769.939,3,3,2769.939,0.0,0.0,0.0,0.0,138496.95
1712885,IT,LV,REALE,MACHI,0.12,2769.889,3,3,2769.889,0.0,0.0,0.0,0.0,23082.408333
1761708,IT,IN,MACHI,ANIMA,0.02,2769.822,3,3,2769.822,0.0,0.0,0.0,0.0,138491.1
1779121,IT,TR,SUPPO,RESEA,0.02,2769.811,3,3,2769.811,0.0,0.0,0.0,0.0,138490.55
1716589,IT,NL,SALEM,NONME,0.02,2769.702,3,3,2769.702,0.0,0.0,0.0,0.0,138485.1
1806921,IT,WF,RAILW,WEARI,0.02,2769.434,3,3,2769.434,0.0,0.0,0.0,0.0,138471.7
1761853,IT,IN,MOTO1,AIRTR,0.01,2769.411,3,3,2769.411,0.0,0.0,0.0,0.0,276941.1
1737658,IT,GB,PRINT,TEXTI,0.03,2769.249,3,3,2769.249,0.0,0.0,0.0,0.0,92308.3
1807523,IT,WF,RENTI,BASIC,0.02,2769.063,3,3,2769.063,0.0,0.0,0.0,0.0,138453.15
1727625,IT,RO,RENTI,LIGNI,0.02,2768.896,3,3,2768.896,0.0,0.0,0.0,0.0,138444.8
1644063,IT,AT,BUSIN,SECO9,0.03,2768.811,3,3,2768.811,0.0,0.0,0.0,0.0,92293.7
1784173,IT,ID,PAPER,ELEC1,0.01,2768.788,3,3,2768.788,0.0,0.0,0.0,0.0,276878.8
1682480,IT,HR,PRINT,TEXTI,0.03,2768.414,3,3,2768.414,0.0,0.0,0.0,0.0,92280.466667
1670748,IT,FI,PAPER,RAILW,0.01,2768.402,3,3,2768.402,0.0,0.0,0.0,0.0,276840.2
1775560,IT,CH,INERT,BUSIN,0.02,2768.328,3,3,2768.328,0.0,0.0,0.0,0.0,138416.4
1670059,IT,ES,FOOD2,COLLE,0.02,2768.232,3,3,2768.232,0.0,0.0,0.0,0.0,138411.6
1731842,IT,SI,PAPER,WOOD2,0.01,2768.151,3,3,2768.151,0.0,0.0,0.0,0.0,276815.1
1756981,IT,KR,COMPU,MOTO1,0.03,2768.121,3,3,2768.121,0.0,0.0,0.0,0.0,92270.7
1664561,IT,EE,HOTEL,FOOD5,0.02,2768.028,3,3,2768.028,0.0,0.0,0.0,0.0,138401.4
1754568,IT,CA,RECRE,RECRE,0.04,2767.843,3,3,2767.843,0.0,0.0,0.0,0.0,69196.075
1661134,IT,DE,RECRE,ELEC3,0.04,2767.655,3,3,2767.655,0.0,0.0,0.0,0.0,69191.375
1661669,IT,DK,TEXTI,LANDT,0.02,2767.616,3,3,2767.616,0.0,0.0,0.0,0.0,138380.8
1758639,IT,BR,TRANS,POSTT,0.02,2767.583,3,3,2767.583,0.0,0.0,0.0,0.0,138379.15
1814420,IT,WM,REALE,SUPPO,0.12,2767.334,3,3,2767.334,0.0,0.0,0.0,0.0,23061.116667
1807786,IT,WF,FOODW,FISHF,0.02,2767.292,3,3,2767.292,0.0,0.0,0.0,0.0,138364.6
1729966,IT,SE,CONST,RETA1,0.02,2767.197,3,3,2767.197,0.0,0.0,0.0,0.0,138359.85
1771792,IT,CH,LEATH,PLAS1,0.02,2767.161,3,3,2767.161,0.0,0.0,0.0,0.0,138358.05
1756047,IT,KR,FABRI,PROCE,0.01,2767.153,3,3,2767.153,0.0,0.0,0.0,0.0,276715.3
1741035,IT,US,TEXTI,BITUM,0.02,2766.997,3,3,2766.997,0.0,0.0,0.0,0.0,138349.85
1745783,IT,JP,WEARI,INLAN,0.02,2766.953,3,3,2766.953,0.0,0.0,0.0,0.0,138347.65
1673354,IT,FR,TEXTI,RENTI,0.02,2766.721,3,3,2766.721,0.0,0.0,0.0,0.0,138336.05
1793920,IT,WL,LEATH,PIGS9,0.02,2766.569,3,3,2766.569,0.0,0.0,0.0,0.0,138328.45
1758621,IT,BR,TRANS,ALUM1,0.02,2766.557,3,3,2766.557,0.0,0.0,0.0,0.0,138327.85
1663085,IT,DK,RAILW,PULP5,0.02,2766.244,3,3,2766.244,0.0,0.0,0.0,0.0,138312.2
1656003,IT,DE,FOOD5,ELEC3,0.01,2766.226,3,3,2766.226,0.0,0.0,0.0,0.0,276622.6
1662565,IT,DK,FABRI,LIQUE,0.01,2765.853,3,3,2765.853,0.0,0.0,0.0,0.0,276585.3
1808101,IT,WF,WOOD1,CRUDE,0.02,2765.697,3,3,2765.697,0.0,0.0,0.0,0.0,138284.85
1759993,IT,BR,INTER,MACHI,0.02,2765.295,3,3,2765.295,0.0,0.0,0.0,0.0,138264.75
1733085,IT,SI,FABRI,CROPS,0.01,2765.279,3,3,2765.279,0.0,0.0,0.0,0.0,276527.9
1687223,IT,HU,SALEM,RETAI,0.02,2765.201,3,3,2765.201,0.0,0.0,0.0,0.0,138260.05
1758472,IT,BR,MACHI,MEATC,0.02,2765.089,3,3,2765.089,0.0,0.0,0.0,0.0,138254.45
1788261,IT,WA,LEATH,AVIAT,0.02,2765.029,3,3,2765.029,0.0,0.0,0.0,0.0,138251.45
1683842,IT,HR,MOTO1,COPP1,0.01,2765.022,3,3,2765.022,0.0,0.0,0.0,0.0,276502.2
1676001,IT,FR,ELEC5,FABRI,0.03,2764.907,3,3,2764.907,0.0,0.0,0.0,0.0,92163.566667
1722474,IT,PT,DAIRY,PUBLI,0.01,2764.882,3,3,2764.882,0.0,0.0,0.0,0.0,276488.2
1663084,IT,DK,RAILW,WOODW,0.02,2764.744,3,3,2764.744,0.0,0.0,0.0,0.0,138237.2
1725810,IT,RO,PRINT,INERT,0.03,2764.717,3,3,2764.717,0.0,0.0,0.0,0.0,92157.233333
1652534,IT,CZ,WEARI,PAPE1,0.02,2764.661,3,3,2764.661,0.0,0.0,0.0,0.0,138233.05
1752470,IT,CA,DAIRY,AUXIL,0.01,2764.309,3,3,2764.309,0.0,0.0,0.0,0.0,276430.9
1652396,IT,CZ,TEXTI,PLAST,0.02,2764.305,3,3,2764.305,0.0,0.0,0.0,0.0,138215.25
1735794,IT,SK,MACHI,BIOGA,0.02,2764.257,3,3,2764.257,0.0,0.0,0.0,0.0,138212.85
1722288,IT,PL,93197,RECRE,0.02,2763.99,3,3,2763.99,0.0,0.0,0.0,0.0,138199.5
1643787,IT,AT,POSTT,RENTI,0.05,2763.987,3,3,2763.987,0.0,0.0,0.0,0.0,55279.74
1739700,IT,GB,SUPPO,CEMEN,0.02,2763.985,3,3,2763.985,0.0,0.0,0.0,0.0,138199.25
1672082,IT,FI,SUPPO,SALEM,0.02,2763.867,3,3,2763.867,0.0,0.0,0.0,0.0,138193.35
1722743,IT,PT,PAPER,POULT,0.01,2763.859,3,3,2763.859,0.0,0.0,0.0,0.0,276385.9
1716654,IT,NL,WHOLE,POULT,0.02,2763.614,3,3,2763.614,0.0,0.0,0.0,0.0,138180.7
1655763,IT,DE,MEATP,REALE,0.01,2763.544,3,3,2763.544,0.0,0.0,0.0,0.0,276354.4
1650687,IT,BG,RETA1,TRAN1,0.03,2763.38,3,3,2763.38,0.0,0.0,0.0,0.0,92112.666667
1803666,IT,WF,BEVER,CEREA,0.01,2763.021,3,3,2763.021,0.0,0.0,0.0,0.0,276302.1
1780923,IT,TW,RESEA,FINAN,0.01,2762.816,3,3,2762.816,0.0,0.0,0.0,0.0,276281.6
1761827,IT,IN,MOTO1,WHEAT,0.01,2762.674,3,3,2762.674,0.0,0.0,0.0,0.0,276267.4
1714832,IT,NL,FOOD5,COPP1,0.01,2762.625,3,3,2762.625,0.0,0.0,0.0,0.0,276262.5
1665505,IT,ES,WEARI,RETAI,0.02,2762.467,3,3,2762.467,0.0,0.0,0.0,0.0,138123.35
1760424,IT,IN,FOOD5,PROCE,0.01,2762.421,3,3,2762.421,0.0,0.0,0.0,0.0,276242.1
1744864,IT,US,BUSIN,PIGS9,0.03,2762.402,3,3,2762.402,0.0,0.0,0.0,0.0,92080.066667
1730031,IT,SE,WHOLE,NUCLE,0.02,2762.367,3,3,2762.367,0.0,0.0,0.0,0.0,138118.35
1647654,IT,BE,FINAN,MACHI,0.04,2762.255,3,3,2762.255,0.0,0.0,0.0,0.0,69056.375
1771698,IT,CH,WEARI,WOOD1,0.02,2761.941,3,3,2761.941,0.0,0.0,0.0,0.0,138097.05
1661901,IT,DK,PRINT,PULP5,0.03,2761.914,3,3,2761.914,0.0,0.0,0.0,0.0,92063.8
1802167,IT,WE,HOTEL,HEAVY,0.02,2761.618,3,3,2761.618,0.0,0.0,0.0,0.0,138080.9
1803915,IT,WF,WEARI,ALUM1,0.02,2761.392,3,3,2761.392,0.0,0.0,0.0,0.0,138069.6
1651283,IT,CY,FOOD5,DAIRY,0.01,2761.158,3,3,2761.158,0.0,0.0,0.0,0.0,276115.8
1727971,IT,SE,FORES,FORES,0.02,2761.042,4,4,2760.042,0.0,1.0,0.0,0.0,138052.1
1736194,IT,SK,WHOLE,OFFIC,0.02,2760.923,3,3,2760.923,0.0,0.0,0.0,0.0,138046.15
1671773,IT,FI,RETAI,INERT,0.02,2760.921,3,3,2760.921,0.0,0.0,0.0,0.0,138046.05
1812964,IT,WM,MACHI,PETRO,0.02,2760.914,3,3,2760.914,0.0,0.0,0.0,0.0,138045.7
1716953,IT,NL,RAILW,SALEM,0.02,2760.908,3,3,2760.908,0.0,0.0,0.0,0.0,138045.4
1711444,IT,LU,RAILW,RENTI,0.02,2760.907,3,3,2760.907,0.0,0.0,0.0,0.0,138045.35
1737367,IT,GB,FISH5,MEAT1,0.01,2760.841,3,3,2760.841,0.0,0.0,0.0,0.0,276084.1
1773266,IT,CH,FABRI,TEXT1,0.01,2760.562,3,3,2760.562,0.0,0.0,0.0,0.0,276056.2
1659787,IT,DE,LANDT,TOBAC,0.02,2760.298,3,3,2760.298,0.0,0.0,0.0,0.0,138014.9
1690496,IT,IE,PLAS2,FABRI,0.02,2760.27,3,3,2760.27,0.0,0.0,0.0,0.0,138013.5
1792324,IT,WA,FINAN,TEXTI,0.04,2760.219,3,3,2760.219,0.0,0.0,0.0,0.0,69005.475
1690486,IT,IE,PAPE4,WASTE,0.02,2759.998,3,3,2759.998,0.0,0.0,0.0,0.0,137999.9
1734067,IT,SI,INSUR,VEGET,0.06,2759.992,3,3,2759.992,0.0,0.0,0.0,0.0,45999.866667
1767327,IT,RU,HOTEL,PAPE4,0.02,2759.729,3,3,2759.729,0.0,0.0,0.0,0.0,137986.45
1647043,IT,BE,RETA1,WOOD1,0.03,2759.62,3,3,2759.62,0.0,0.0,0.0,0.0,91987.333333
1651350,IT,CY,PAPER,FOOD5,0.01,2759.614,3,3,2759.614,0.0,0.0,0.0,0.0,275961.4
1642864,IT,AT,MOTO1,RADIO,0.01,2759.32,3,3,2759.32,0.0,0.0,0.0,0.0,275932.0
1807276,IT,WF,POSTT,NATU1,0.05,2759.228,3,3,2759.228,0.0,0.0,0.0,0.0,55184.56
1788190,IT,WA,WEARI,RENTI,0.02,2759.142,3,3,2759.142,0.0,0.0,0.0,0.0,137957.1
1727624,IT,RO,RENTI,FISHF,0.02,2759.068,3,3,2759.068,0.0,0.0,0.0,0.0,137953.4
1747388,IT,JP,RETA1,93197,0.03,2758.993,3,3,2758.993,0.0,0.0,0.0,0.0,91966.433333
1710635,IT,LU,MEATP,RECRE,0.01,2758.927,3,3,2758.927,0.0,0.0,0.0,0.0,275892.7
1733597,IT,SI,HOTEL,ANIMA,0.02,2758.865,3,3,2758.865,0.0,0.0,0.0,0.0,137943.25
1687226,IT,HU,SALEM,REALE,0.02,2758.805,3,3,2758.805,0.0,0.0,0.0,0.0,137940.25
1751644,IT,CN,FINAN,ELEC1,0.04,2758.765,3,3,2758.765,0.0,0.0,0.0,0.0,68969.125
1656125,IT,DE,FISH5,PAPER,0.01,2758.706,3,3,2758.706,0.0,0.0,0.0,0.0,275870.6
1775492,IT,CH,INTER,RECRE,0.02,2758.514,3,3,2758.514,0.0,0.0,0.0,0.0,137925.7
1734647,IT,SK,TEXTI,LANDT,0.02,2758.273,3,3,2758.273,0.0,0.0,0.0,0.0,137913.65
1770790,IT,AU,COMPU,ELECT,0.03,2758.066,3,3,2758.066,0.0,0.0,0.0,0.0,91935.533333
1685065,IT,HU,PROCE,CONST,0.02,2758.025,3,3,2758.025,0.0,0.0,0.0,0.0,137901.25
1781761,IT,NO,PAPER,PAPE1,0.01,2757.99,3,3,2757.99,0.0,0.0,0.0,0.0,275799.0
1655252,IT,CZ,93197,SUPPO,0.02,2757.755,3,3,2757.755,0.0,0.0,0.0,0.0,137887.75
1686921,IT,HU,MACHI,REFI1,0.02,2757.696,3,3,2757.696,0.0,0.0,0.0,0.0,137884.8
1746744,IT,JP,FABRI,EDUCA,0.01,2757.673,3,3,2757.673,0.0,0.0,0.0,0.0,275767.3
1759481,IT,BR,AUXIL,SUPPO,0.05,2757.594,3,3,2757.594,0.0,0.0,0.0,0.0,55151.88
1651127,IT,BG,COMPU,AIRTR,0.03,2757.474,3,3,2757.474,0.0,0.0,0.0,0.0,91915.8
1770257,IT,AU,HOTEL,NUCLE,0.02,2757.387,3,3,2757.387,0.0,0.0,0.0,0.0,137869.35
1771166,IT,CH,MEAT4,DAIRY,0.02,2757.347,3,3,2757.347,0.0,0.0,0.0,0.0,137867.35
1765494,IT,RU,WEARI,OFFIC,0.02,2757.337,3,3,2757.337,0.0,0.0,0.0,0.0,137866.85
1682196,IT,HR,WEARI,CERAM,0.02,2757.222,3,3,2757.222,0.0,0.0,0.0,0.0,137861.1
1784066,IT,ID,WEARI,RENTI,0.02,2757.006,3,3,2757.006,0.0,0.0,0.0,0.0,137850.3
1758929,IT,BR,RAILW,MEATC,0.02,2756.935,3,3,2756.935,0.0,0.0,0.0,0.0,137846.75
1718583,IT,PL,LEATH,RAWMI,0.02,2756.9,3,3,2756.9,0.0,0.0,0.0,0.0,137845.0
1729742,IT,SE,MACHI,REFI1,0.02,2756.889,3,3,2756.889,0.0,0.0,0.0,0.0,137844.45
1673276,IT,FR,TOBAC,MEATP,0.01,2756.572,3,3,2756.572,0.0,0.0,0.0,0.0,275657.2
1720972,IT,PL,WHOLE,HOTEL,0.02,2756.426,3,3,2756.426,0.0,0.0,0.0,0.0,137821.3
1677645,IT,FR,REALE,INTER,0.12,2756.346,3,3,2756.346,0.0,0.0,0.0,0.0,22969.55
1808684,IT,WF,INERT,AIRTR,0.02,2756.28,3,3,2756.28,0.0,0.0,0.0,0.0,137814.0
1668663,IT,ES,RAILW,FOOD1,0.02,2756.221,3,3,2756.221,0.0,0.0,0.0,0.0,137811.05
1678392,IT,FR,PAPE4,HEALT,0.02,2756.011,3,3,2756.011,0.0,0.0,0.0,0.0,137800.55
1808185,IT,WF,OILHA,ELEC4,0.02,2755.995,3,3,2755.995,0.0,0.0,0.0,0.0,137799.75
1734869,IT,SK,PAPER,MEDIC,0.01,2755.993,3,3,2755.993,0.0,0.0,0.0,0.0,275599.3
1711951,IT,LU,PAPE4,FINAN,0.02,2755.854,3,3,2755.854,0.0,0.0,0.0,0.0,137792.7
1671823,IT,FI,RETA1,LEAD1,0.03,2755.715,3,3,2755.715,0.0,0.0,0.0,0.0,91857.166667
1744852,IT,US,RESEA,WOOD2,0.01,2755.571,3,3,2755.571,0.0,0.0,0.0,0.0,275557.1
1718887,IT,PL,PRINT,NATUR,0.03,2755.535,3,3,2755.535,0.0,0.0,0.0,0.0,91851.166667
1743441,IT,US,WHOLE,POULT,0.02,2755.381,3,3,2755.381,0.0,0.0,0.0,0.0,137769.05
1652479,IT,CZ,WEARI,PRINT,0.02,2755.15,3,3,2755.15,0.0,0.0,0.0,0.0,137757.5
1682085,IT,HR,TEXTI,MEATA,0.02,2754.995,3,3,2754.995,0.0,0.0,0.0,0.0,137749.75
1803689,IT,WF,BEVER,ELEC2,0.01,2754.97,3,3,2754.97,0.0,0.0,0.0,0.0,275497.0
1762797,IT,IN,PUBLI,FORES,0.05,2754.928,3,3,2754.928,0.0,0.0,0.0,0.0,55098.56
1735741,IT,SK,FABRI,FOOD3,0.01,2754.753,3,3,2754.753,0.0,0.0,0.0,0.0,275475.3
1717822,IT,NL,RECRE,WHOLE,0.04,2754.72,3,3,2754.72,0.0,0.0,0.0,0.0,68868.0
1744903,IT,US,BUSIN,NONSP,0.03,2754.331,3,3,2754.331,0.0,0.0,0.0,0.0,91811.033333
1669880,IT,ES,PUBLI,BASIC,0.05,2754.218,3,3,2754.218,0.0,0.0,0.0,0.0,55084.36
1710509,IT,LT,SUPPO,WHEAT,0.02,2753.563,3,3,2753.563,0.0,0.0,0.0,0.0,137678.15
1733971,IT,SI,SUPPO,TRAN2,0.02,2753.559,3,3,2753.559,0.0,0.0,0.0,0.0,137677.95
1647572,IT,BE,POSTT,CEREA,0.05,2753.522,3,3,2753.522,0.0,0.0,0.0,0.0,55070.44
1792236,IT,WA,POSTT,PAPER,0.05,2753.392,3,3,2753.392,0.0,0.0,0.0,0.0,55067.84
1802884,IT,WE,MEMBE,BUSIN,0.03,2753.216,3,3,2753.216,0.0,0.0,0.0,0.0,91773.866667
1745675,IT,JP,TEXTI,TRAN2,0.02,2753.072,3,3,2753.072,0.0,0.0,0.0,0.0,137653.6
1684006,IT,HR,RETA1,WHOLE,0.03,2752.959,3,3,2752.959,0.0,0.0,0.0,0.0,91765.3
1748265,IT,JP,MEMBE,PRINT,0.03,2752.884,3,3,2752.884,0.0,0.0,0.0,0.0,91762.8
1813806,IT,WM,RAILW,CEMEN,0.02,2752.882,3,3,2752.882,0.0,0.0,0.0,0.0,137644.1
1678500,IT,FR,93197,CONST,0.02,2752.832,3,3,2752.832,0.0,0.0,0.0,0.0,137641.6
1810152,IT,WM,WEARI,ETHAN,0.02,2752.637,3,3,2752.637,0.0,0.0,0.0,0.0,137631.85
1778320,IT,TR,SALEM,SUPPO,0.02,2752.459,3,3,2752.459,0.0,0.0,0.0,0.0,137622.95
1737650,IT,GB,PAPER,PAPE4,0.01,2752.449,3,3,2752.449,0.0,0.0,0.0,0.0,275244.9
1678890,IT,GR,TEXTI,RAWMI,0.02,2752.232,3,3,2752.232,0.0,0.0,0.0,0.0,137611.6
1785134,IT,ZA,DAIRY,ELEC1,0.01,2751.982,3,3,2751.982,0.0,0.0,0.0,0.0,275198.2
1754843,IT,KR,BEVER,MOTO1,0.01,2751.899,3,3,2751.899,0.0,0.0,0.0,0.0,275189.9
1779685,IT,TR,RESEA,BIOG1,0.01,2751.758,3,3,2751.758,0.0,0.0,0.0,0.0,275175.8
1758466,IT,BR,MACHI,IRONO,0.02,2751.681,3,3,2751.681,0.0,0.0,0.0,0.0,137584.05
1690575,IT,IE,93197,RESEA,0.02,2751.664,3,3,2751.664,0.0,0.0,0.0,0.0,137583.2
1763014,IT,MX,BEVER,MACHI,0.01,2751.6,3,3,2751.6,0.0,0.0,0.0,0.0,275160.0
1711717,IT,LU,BUSIN,OFFIC,0.03,2751.536,3,3,2751.536,0.0,0.0,0.0,0.0,91717.866667
1650761,IT,BG,HOTEL,EDUCA,0.02,2751.319,3,3,2751.319,0.0,0.0,0.0,0.0,137565.95
1780267,IT,TW,LANDT,BRICK,0.02,2751.309,3,3,2751.309,0.0,0.0,0.0,0.0,137565.45
1651218,IT,BG,BUSIN,AUXIL,0.03,2751.286,3,3,2751.286,0.0,0.0,0.0,0.0,91709.533333
1802557,IT,WE,FINAN,CHEM1,0.04,2751.161,3,3,2751.161,0.0,0.0,0.0,0.0,68779.025
1644582,IT,BE,FOOD5,ANIMA,0.01,2751.127,3,3,2751.127,0.0,0.0,0.0,0.0,275112.7
1665860,IT,ES,PRINT,TRAN1,0.03,2751.064,3,3,2751.064,0.0,0.0,0.0,0.0,91702.133333
1681586,IT,GR,BUSIN,SEWAG,0.03,2751.06,3,3,2751.06,0.0,0.0,0.0,0.0,91702.0
1727966,IT,SE,MEATA,RUBBE,0.01,2750.818,3,3,2750.818,0.0,0.0,0.0,0.0,275081.8
1751842,IT,CN,RENTI,RADIO,0.02,2750.632,3,3,2750.632,0.0,0.0,0.0,0.0,137531.6
1807620,IT,WF,RESEA,LIQUE,0.01,2750.578,3,3,2750.578,0.0,0.0,0.0,0.0,275057.8
1670063,IT,ES,FOOD2,SUPPO,0.02,2750.528,3,3,2750.528,0.0,0.0,0.0,0.0,137526.4
1806764,IT,WF,WHOLE,PRIVA,0.02,2750.475,3,3,2750.475,0.0,0.0,0.0,0.0,137523.75
1726852,IT,RO,RETA1,FISHF,0.03,2750.388,3,3,2750.388,0.0,0.0,0.0,0.0,91679.6
1778084,IT,TR,MOTO1,PLAST,0.01,2750.251,3,3,2750.251,0.0,0.0,0.0,0.0,275025.1
1791357,IT,WA,SALEM,DISTR,0.02,2750.047,3,3,2750.047,0.0,0.0,0.0,0.0,137502.35
1730525,IT,SE,INSUR,REALE,0.06,2749.873,3,3,2749.873,0.0,0.0,0.0,0.0,45831.216667
1658508,IT,DE,FABRI,PAPE3,0.01,2749.868,3,3,2749.868,0.0,0.0,0.0,0.0,274986.8
1744294,IT,US,POSTT,WOOD2,0.05,2749.857,3,3,2749.857,0.0,0.0,0.0,0.0,54997.14
1734854,IT,SK,PAPER,ADDIT,0.01,2749.755,3,3,2749.755,0.0,0.0,0.0,0.0,274975.5
1664650,IT,EE,LANDT,DIST1,0.02,2749.613,3,3,2749.613,0.0,0.0,0.0,0.0,137480.65
1810159,IT,WM,WEARI,LEAD1,0.02,2749.29,3,3,2749.29,0.0,0.0,0.0,0.0,137464.5
1737368,IT,GB,FISH5,MEAT4,0.01,2749.153,3,3,2749.153,0.0,0.0,0.0,0.0,274915.3
1724600,IT,PT,FINAN,CERAM,0.04,2748.91,3,3,2748.91,0.0,0.0,0.0,0.0,68722.75
1736754,IT,SK,REALE,RECRE,0.12,2748.882,3,3,2748.882,0.0,0.0,0.0,0.0,22907.35
1724206,IT,PT,HOTEL,POSTT,0.02,2748.675,3,3,2748.675,0.0,0.0,0.0,0.0,137433.75
1659080,IT,DE,ELEC4,BUSIN,0.04,2748.665,3,3,2748.665,0.0,0.0,0.0,0.0,68716.625
1745136,IT,US,RECRE,INSUR,0.03,2748.519,3,3,2748.519,0.0,0.0,0.0,0.0,91617.3
1749315,IT,CN,PRINT,FISH5,0.03,2748.455,3,3,2748.455,0.0,0.0,0.0,0.0,91615.166667
1780792,IT,TW,RENTI,COMPU,0.02,2748.294,3,3,2748.294,0.0,0.0,0.0,0.0,137414.7
1668494,IT,ES,HOTEL,TOBAC,0.02,2748.09,3,3,2748.09,0.0,0.0,0.0,0.0,137404.5
1807775,IT,WF,HEALT,WHOLE,0.01,2747.821,3,3,2747.821,0.0,0.0,0.0,0.0,274782.1
1762017,IT,IN,WHOLE,LEAD1,0.02,2747.37,3,3,2747.37,0.0,0.0,0.0,0.0,137368.5
1803476,IT,WF,MEAT4,CONST,0.02,2747.369,3,3,2747.369,0.0,0.0,0.0,0.0,137368.45
1771292,IT,CH,DAIRY,TOBAC,0.01,2747.271,3,3,2747.271,0.0,0.0,0.0,0.0,274727.1
1748002,IT,JP,BUSIN,STONE,0.03,2747.201,3,3,2747.201,0.0,0.0,0.0,0.0,91573.366667
1721859,IT,PL,REALE,LANDT,0.12,2747.161,3,3,2747.161,0.0,0.0,0.0,0.0,22893.008333
1727586,IT,RO,REALE,COLLE,0.12,2747.158,3,3,2747.158,0.0,0.0,0.0,0.0,22892.983333
1727413,IT,RO,FINAN,DIST1,0.04,2747.15,3,3,2747.15,0.0,0.0,0.0,0.0,68678.75
1651795,IT,CY,TRANS,FABRI,0.02,2747.007,3,3,2747.007,0.0,0.0,0.0,0.0,137350.35
1748775,IT,CN,TEXTI,TOBAC,0.02,2746.929,3,3,2746.929,0.0,0.0,0.0,0.0,137346.45
1661115,IT,DE,FOODW,SEWAG,0.02,2746.864,3,3,2746.864,0.0,0.0,0.0,0.0,137343.2
1814785,IT,WM,PAPE4,VEGET,0.02,2746.758,3,3,2746.758,0.0,0.0,0.0,0.0,137337.9
1797764,IT,WL,WOOD1,DISTR,0.02,2746.549,3,3,2746.549,0.0,0.0,0.0,0.0,137327.45
1718244,IT,PL,PROCE,EDUCA,0.02,2746.483,3,3,2746.483,0.0,0.0,0.0,0.0,137324.15
1652444,IT,CZ,TEXTI,SEWAG,0.02,2746.364,3,3,2746.364,0.0,0.0,0.0,0.0,137318.2
1746790,IT,JP,MACHI,HEAVY,0.02,2746.042,3,3,2746.042,0.0,0.0,0.0,0.0,137302.1
1717460,IT,NL,AUXIL,SALEM,0.05,2746.031,3,3,2746.031,0.0,0.0,0.0,0.0,54920.62
1664872,IT,ES,FORES,BIODI,0.02,2745.96,4,4,2744.96,0.0,1.0,0.0,0.0,137298.0
1643316,IT,AT,RAILW,PAPER,0.02,2745.851,3,3,2745.851,0.0,0.0,0.0,0.0,137292.55
1643289,IT,AT,HOTEL,TEXT1,0.02,2745.679,3,3,2745.679,0.0,0.0,0.0,0.0,137283.95
1659463,IT,DE,WHOLE,INERT,0.02,2745.647,3,3,2745.647,0.0,0.0,0.0,0.0,137282.35
1728151,IT,SE,DAIRY,NONME,0.01,2745.541,3,3,2745.541,0.0,0.0,0.0,0.0,274554.1
1814506,IT,WM,RESEA,MEDIC,0.01,2745.053,3,3,2745.053,0.0,0.0,0.0,0.0,274505.3
1770911,IT,AU,HEALT,INSUR,0.01,2744.889,3,3,2744.889,0.0,0.0,0.0,0.0,274488.9
1775651,IT,CH,93197,RESEA,0.02,2744.882,3,3,2744.882,0.0,0.0,0.0,0.0,137244.1
1646425,IT,BE,MACHI,WHEAT,0.02,2744.555,3,3,2744.555,0.0,0.0,0.0,0.0,137227.75
1672789,IT,FR,MEATP,AIRTR,0.01,2744.479,3,3,2744.479,0.0,0.0,0.0,0.0,274447.9
1716585,IT,NL,SALEM,KEROS,0.02,2744.393,3,3,2744.393,0.0,0.0,0.0,0.0,137219.65
1670500,IT,FI,BEVER,MACHI,0.01,2743.921,3,3,2743.921,0.0,0.0,0.0,0.0,274392.1
1780225,IT,TW,RAILW,RAILW,0.02,2743.783,3,3,2743.783,0.0,0.0,0.0,0.0,137189.15
1741351,IT,US,PRINT,FOOD5,0.03,2743.781,3,3,2743.781,0.0,0.0,0.0,0.0,91459.366667
1730532,IT,SE,AUXIL,STONE,0.05,2743.745,3,3,2743.745,0.0,0.0,0.0,0.0,54874.9
1797247,IT,WL,FINAN,RENTI,0.04,2743.688,3,3,2743.688,0.0,0.0,0.0,0.0,68592.2
1714029,IT,MT,HOTEL,PLAST,0.02,2743.659,3,3,2743.659,0.0,0.0,0.0,0.0,137182.95
1751197,IT,CN,HOTEL,PARAF,0.02,2743.534,3,3,2743.534,0.0,0.0,0.0,0.0,137176.7
1645170,IT,BE,PRINT,ELEC2,0.03,2743.222,3,3,2743.222,0.0,0.0,0.0,0.0,91440.733333
1808548,IT,WF,PAPE4,GASDI,0.02,2743.056,3,3,2743.056,0.0,0.0,0.0,0.0,137152.8
1712966,IT,MT,MEATA,HOTEL,0.01,2742.97,3,3,2742.97,0.0,0.0,0.0,0.0,274297.0
1731763,IT,SI,PAPER,LIGNI,0.01,2742.839,3,3,2742.839,0.0,0.0,0.0,0.0,274283.9
1655223,IT,CZ,PUBLI,PUBLI,0.04,2742.747,3,3,2742.747,0.0,0.0,0.0,0.0,68568.675
1713738,IT,MT,MACHI,PUBLI,0.02,2742.59,3,3,2742.59,0.0,0.0,0.0,0.0,137129.5
1683956,IT,HR,WHOLE,FOOD5,0.02,2742.532,3,3,2742.532,0.0,0.0,0.0,0.0,137126.6
1663528,IT,DK,COMPU,CRUDE,0.03,2742.21,3,3,2742.21,0.0,0.0,0.0,0.0,91407.0
1793174,IT,WA,93197,BASIC,0.02,2741.728,3,3,2741.728,0.0,0.0,0.0,0.0,137086.4
1754907,IT,KR,TOBAC,93197,0.01,2741.709,3,3,2741.709,0.0,0.0,0.0,0.0,274170.9
1734135,IT,SI,AUXIL,RETA1,0.05,2741.705,3,3,2741.705,0.0,0.0,0.0,0.0,54834.1
1715275,IT,NL,PAPER,ADDIT,0.01,2740.992,3,3,2740.992,0.0,0.0,0.0,0.0,274099.2
1648815,IT,BG,FISH5,CONST,0.01,2740.99,3,3,2740.99,0.0,0.0,0.0,0.0,274099.0
1678348,IT,FR,FOOD4,RUBBE,0.02,2740.94,3,3,2740.94,0.0,0.0,0.0,0.0,137047.0
1808830,IT,WF,93197,VEGET,0.02,2740.903,3,3,2740.903,0.0,0.0,0.0,0.0,137045.15
1668616,IT,ES,RAILW,PRINT,0.02,2740.869,3,3,2740.869,0.0,0.0,0.0,0.0,137043.45
1778346,IT,TR,RETAI,FOOD5,0.02,2740.781,3,3,2740.781,0.0,0.0,0.0,0.0,137039.05
1727076,IT,RO,RAILW,PAPE4,0.02,2740.781,3,3,2740.781,0.0,0.0,0.0,0.0,137039.05
1670550,IT,FI,TEXTI,LIQUI,0.02,2740.759,3,3,2740.759,0.0,0.0,0.0,0.0,137037.95
1743429,IT,US,RETAI,CONST,0.02,2740.757,3,3,2740.757,0.0,0.0,0.0,0.0,137037.85
1647152,IT,BE,HOTEL,SEWAG,0.02,2740.68,3,3,2740.68,0.0,0.0,0.0,0.0,137034.0
1752433,IT,CA,DAIRY,MEAT4,0.01,2740.644,3,3,2740.644,0.0,0.0,0.0,0.0,274064.4
1716944,IT,NL,RAILW,BASIC,0.02,2740.451,3,3,2740.451,0.0,0.0,0.0,0.0,137022.55
1720935,IT,PL,RETAI,COLLE,0.02,2740.376,3,3,2740.376,0.0,0.0,0.0,0.0,137018.8
1652595,IT,CZ,LEATH,COMPU,0.02,2740.281,3,3,2740.281,0.0,0.0,0.0,0.0,137014.05
1777766,IT,TR,FABRI,FISHF,0.01,2740.208,3,3,2740.208,0.0,0.0,0.0,0.0,274020.8
1775458,IT,CH,PAPE1,HEALT,0.02,2740.156,3,3,2740.156,0.0,0.0,0.0,0.0,137007.8
1730068,IT,SE,RETA1,BEVER,0.03,2739.952,3,3,2739.952,0.0,0.0,0.0,0.0,91331.733333
1770860,IT,AU,BUSIN,NONF1,0.03,2739.853,3,3,2739.853,0.0,0.0,0.0,0.0,91328.433333
1685570,IT,HU,PAPER,PAPE4,0.01,2739.705,3,3,2739.705,0.0,0.0,0.0,0.0,273970.5
1783912,IT,ID,CROPS,MEATA,0.02,2739.589,3,3,2739.589,0.0,0.0,0.0,0.0,136979.45
1663903,IT,EE,LEATH,COPP1,0.02,2739.504,3,3,2739.504,0.0,0.0,0.0,0.0,136975.2
1669360,IT,ES,FINAN,WASTE,0.04,2739.399,3,3,2739.399,0.0,0.0,0.0,0.0,68484.975
1751009,IT,CN,WHOLE,TOBAC,0.02,2739.376,3,3,2739.376,0.0,0.0,0.0,0.0,136968.8
1684513,IT,HR,BUSIN,RAWMI,0.03,2739.24,3,3,2739.24,0.0,0.0,0.0,0.0,91308.0
1721619,IT,PL,POSTT,DISTR,0.05,2739.229,3,3,2739.229,0.0,0.0,0.0,0.0,54784.58
1765231,IT,RU,CROPS,HOTEL,0.02,2738.5,3,3,2738.5,0.0,0.0,0.0,0.0,136925.0
1737273,IT,GB,FOOD5,TRANS,0.01,2738.485,3,3,2738.485,0.0,0.0,0.0,0.0,273848.5
1798041,IT,WL,WOOD2,RETA1,0.01,2738.467,3,3,2738.467,0.0,0.0,0.0,0.0,273846.7
1683827,IT,HR,MOTO1,DAIRY,0.01,2738.407,3,3,2738.407,0.0,0.0,0.0,0.0,273840.7
1718621,IT,PL,LEATH,ELEC1,0.02,2738.316,3,3,2738.316,0.0,0.0,0.0,0.0,136915.8
1798611,IT,WE,MEAT1,TOBAC,0.01,2738.297,3,3,2738.297,0.0,0.0,0.0,0.0,273829.7
1771420,IT,CH,FOOD5,RAILW,0.01,2738.235,3,3,2738.235,0.0,0.0,0.0,0.0,273823.5
1752712,IT,CA,LEATH,PREC1,0.02,2738.016,3,3,2738.016,0.0,0.0,0.0,0.0,136900.8
1781008,IT,TW,BUSIN,ELEC4,0.03,2737.914,3,3,2737.914,0.0,0.0,0.0,0.0,91263.8
1814758,IT,WM,FOOD2,WHOLE,0.02,2737.845,3,3,2737.845,0.0,0.0,0.0,0.0,136892.25
1778628,IT,TR,HOTEL,HEAVY,0.02,2737.72,3,3,2737.72,0.0,0.0,0.0,0.0,136886.0
1739421,IT,GB,LANDT,ANIMA,0.02,2737.599,3,3,2737.599,0.0,0.0,0.0,0.0,136879.95
1771290,IT,CH,DAIRY,BEVER,0.01,2737.533,3,3,2737.533,0.0,0.0,0.0,0.0,273753.3
1711880,IT,LU,WOOD1,BASIC,0.02,2736.979,3,3,2736.979,0.0,0.0,0.0,0.0,136848.95
1808904,IT,WM,PADDY,PADDY,0.03,2736.946,3,3,2736.946,0.0,0.0,0.0,0.0,91231.533333
1676809,IT,FR,LANDT,LEAD1,0.02,2736.805,3,3,2736.805,0.0,0.0,0.0,0.0,136840.25
1762820,IT,IN,PUBLI,CEMEN,0.04,2736.782,3,3,2736.782,0.0,0.0,0.0,0.0,68419.55
1643374,IT,AT,RAILW,PAPE1,0.02,2736.765,3,3,2736.765,0.0,0.0,0.0,0.0,136838.25
1671942,IT,FI,LANDT,COKEO,0.02,2736.656,3,3,2736.656,0.0,0.0,0.0,0.0,136832.8
1759841,IT,BR,FOODW,RUBBE,0.02,2736.595,3,3,2736.595,0.0,0.0,0.0,0.0,136829.75
1689258,IT,IE,WHOLE,BASIC,0.02,2736.499,3,3,2736.499,0.0,0.0,0.0,0.0,136824.95
1724178,IT,PT,HOTEL,WOODW,0.02,2736.458,3,3,2736.458,0.0,0.0,0.0,0.0,136822.9
1783815,IT,NO,INERT,SUPPO,0.02,2736.457,3,3,2736.457,0.0,0.0,0.0,0.0,136822.85
1760257,IT,BR,RECRE,BUSIN,0.03,2736.312,3,3,2736.312,0.0,0.0,0.0,0.0,91210.4
1658842,IT,DE,MOTO1,INLAN,0.01,2736.278,3,3,2736.278,0.0,0.0,0.0,0.0,273627.8
1739394,IT,GB,RAILW,FOODW,0.02,2736.229,3,3,2736.229,0.0,0.0,0.0,0.0,136811.45
1799560,IT,WE,PRINT,ELEC4,0.03,2736.115,3,3,2736.115,0.0,0.0,0.0,0.0,91203.833333
1676571,IT,FR,HOTEL,BITU1,0.02,2736.067,3,3,2736.067,0.0,0.0,0.0,0.0,136803.35
1659063,IT,DE,ELEC4,MACHI,0.04,2735.683,3,3,2735.683,0.0,0.0,0.0,0.0,68392.075
1764951,IT,MX,POSTT,FABRI,0.05,2735.516,3,3,2735.516,0.0,0.0,0.0,0.0,54710.32
1689426,IT,IE,HOTEL,KEROS,0.02,2735.468,3,3,2735.468,0.0,0.0,0.0,0.0,136773.4
1712059,IT,LV,BEVER,VEGE1,0.01,2735.416,3,3,2735.416,0.0,0.0,0.0,0.0,273541.6
1756849,IT,KR,POSTT,NONME,0.05,2735.399,3,3,2735.399,0.0,0.0,0.0,0.0,54707.98
1644856,IT,BE,WEARI,BASIC,0.02,2735.381,3,3,2735.381,0.0,0.0,0.0,0.0,136769.05
1768340,IT,AU,MEATP,RETA1,0.01,2735.283,3,3,2735.283,0.0,0.0,0.0,0.0,273528.3
1721934,IT,PL,RENTI,WASTE,0.02,2735.203,3,3,2735.203,0.0,0.0,0.0,0.0,136760.15
1752527,IT,CA,FOOD5,RUBBE,0.01,2735.164,3,3,2735.164,0.0,0.0,0.0,0.0,273516.4
1685047,IT,HU,DAIRY,RAILW,0.01,2735.118,3,3,2735.118,0.0,0.0,0.0,0.0,273511.8
1741015,IT,US,FISH5,INSUR,0.01,2735.086,3,3,2735.086,0.0,0.0,0.0,0.0,273508.6
1752518,IT,CA,FOOD5,WHITE,0.01,2734.69,3,3,2734.69,0.0,0.0,0.0,0.0,273469.0
1801191,IT,WE,FABRI,REFIN,0.01,2734.421,3,3,2734.421,0.0,0.0,0.0,0.0,273442.1
1686923,IT,HU,MACHI,LUBRI,0.02,2734.41,3,3,2734.41,0.0,0.0,0.0,0.0,136720.5
1786286,IT,ZA,FABRI,LEAD1,0.01,2734.336,3,3,2734.336,0.0,0.0,0.0,0.0,273433.6
1670394,IT,FI,PROCE,WHOLE,0.02,2734.114,3,3,2734.114,0.0,0.0,0.0,0.0,136705.7
1736344,IT,SK,RAILW,FURNI,0.02,2733.932,3,3,2733.932,0.0,0.0,0.0,0.0,136696.6
1713288,IT,MT,PRINT,REALE,0.03,2733.901,3,3,2733.901,0.0,0.0,0.0,0.0,91130.033333
1782736,IT,NO,RETA1,SALEM,0.03,2733.844,3,3,2733.844,0.0,0.0,0.0,0.0,91128.133333
1771033,IT,CH,FORES,FOOD5,0.02,2733.695,4,4,2732.695,0.0,1.0,0.0,0.0,136684.75
1688193,IT,HU,BUSIN,SEWAG,0.03,2733.503,3,3,2733.503,0.0,0.0,0.0,0.0,91116.766667
1758921,IT,BR,HOTEL,TEXT2,0.02,2733.426,3,3,2733.426,0.0,0.0,0.0,0.0,136671.3
1685029,IT,HU,DAIRY,FISH5,0.01,2733.407,3,3,2733.407,0.0,0.0,0.0,0.0,273340.7
1711309,IT,LU,WHOLE,FISH5,0.02,2733.238,3,3,2733.238,0.0,0.0,0.0,0.0,136661.9
1792428,IT,WA,AUXIL,PADDY,0.05,2733.187,3,3,2733.187,0.0,0.0,0.0,0.0,54663.74
1726873,IT,RO,RETA1,LEAD1,0.03,2732.867,3,3,2732.867,0.0,0.0,0.0,0.0,91095.566667
1770670,IT,AU,INSUR,NATUR,0.06,2732.701,3,3,2732.701,0.0,0.0,0.0,0.0,45545.016667
1740985,IT,US,BEVER,SALEM,0.01,2732.573,3,3,2732.573,0.0,0.0,0.0,0.0,273257.3
1669240,IT,ES,POSTT,PLAS2,0.05,2732.569,3,3,2732.569,0.0,0.0,0.0,0.0,54651.38
1659230,IT,DE,SALEM,TEXTI,0.02,2732.477,3,3,2732.477,0.0,0.0,0.0,0.0,136623.85
1807450,IT,WF,AUXIL,SUPPO,0.05,2732.355,3,3,2732.355,0.0,0.0,0.0,0.0,54647.1
1757347,IT,BR,TEXTI,LANDT,0.02,2732.19,3,3,2732.19,0.0,0.0,0.0,0.0,136609.5
1756811,IT,KR,SUPPO,CHEM1,0.02,2732.131,3,3,2732.131,0.0,0.0,0.0,0.0,136606.55
1760185,IT,BR,FOOD4,BUSIN,0.02,2731.935,3,3,2731.935,0.0,0.0,0.0,0.0,136596.75
1803191,IT,WF,CROPS,CHEMI,0.02,2731.818,3,3,2731.818,0.0,0.0,0.0,0.0,136590.9
1663079,IT,DK,RAILW,FOOD5,0.02,2731.426,3,3,2731.426,0.0,0.0,0.0,0.0,136571.3
1684070,IT,HR,HOTEL,ELEC1,0.02,2731.266,3,3,2731.266,0.0,0.0,0.0,0.0,136563.3
1781494,IT,NO,FISH5,FOOD5,0.01,2731.218,3,3,2731.218,0.0,0.0,0.0,0.0,273121.8
1683706,IT,HR,MACHI,MEATP,0.02,2731.197,3,3,2731.197,0.0,0.0,0.0,0.0,136559.85
1648352,IT,BE,INTER,NONF1,0.02,2731.033,3,3,2731.033,0.0,0.0,0.0,0.0,136551.65
1770574,IT,AU,POSTT,NATUR,0.04,2730.957,3,3,2730.957,0.0,0.0,0.0,0.0,68273.925
1721110,IT,PL,RAILW,PIGS9,0.02,2730.814,3,3,2730.814,0.0,0.0,0.0,0.0,136540.7
1760040,IT,BR,WOOD1,RENTI,0.02,2730.682,3,3,2730.682,0.0,0.0,0.0,0.0,136534.1
1813213,IT,WM,TRANS,OILSE,0.02,2730.658,3,3,2730.658,0.0,0.0,0.0,0.0,136532.9
1780666,IT,TW,AUXIL,LEAD1,0.05,2730.637,3,3,2730.637,0.0,0.0,0.0,0.0,54612.74
1648846,IT,BG,TEXTI,FISH5,0.02,2730.621,3,3,2730.621,0.0,0.0,0.0,0.0,136531.05
1711869,IT,LU,INTER,COPP1,0.02,2730.572,3,3,2730.572,0.0,0.0,0.0,0.0,136528.6
1813468,IT,WM,SALEM,NONFE,0.02,2730.489,3,3,2730.489,0.0,0.0,0.0,0.0,136524.45
1640662,IT,AT,BEVER,MEMBE,0.01,2730.465,3,3,2730.465,0.0,0.0,0.0,0.0,273046.5
1670428,IT,FI,FOOD5,RUBBE,0.01,2730.457,3,3,2730.457,0.0,0.0,0.0,0.0,273045.7
1752471,IT,CA,DAIRY,REALE,0.01,2730.426,3,3,2730.426,0.0,0.0,0.0,0.0,273042.6
1814559,IT,WM,BUSIN,PAPER,0.03,2730.305,3,3,2730.305,0.0,0.0,0.0,0.0,91010.166667
1678486,IT,FR,RECRE,INSUR,0.03,2730.289,3,3,2730.289,0.0,0.0,0.0,0.0,91009.633333
1787903,IT,WA,BEVER,NAPHT,0.01,2730.146,3,3,2730.146,0.0,0.0,0.0,0.0,273014.6
1806656,IT,WF,RETAI,CHARC,0.02,2730.122,3,3,2730.122,0.0,0.0,0.0,0.0,136506.1
1796277,IT,WL,CONST,FABRI,0.02,2729.802,3,3,2729.802,0.0,0.0,0.0,0.0,136490.1
1797620,IT,WL,FOODW,SALEM,0.02,2729.722,3,3,2729.722,0.0,0.0,0.0,0.0,136486.1
1754896,IT,KR,TOBAC,FABRI,0.01,2729.639,3,3,2729.639,0.0,0.0,0.0,0.0,272963.9
1752541,IT,CA,FOOD5,AUXIL,0.01,2729.557,3,3,2729.557,0.0,0.0,0.0,0.0,272955.7
1772015,IT,CH,PRINT,PROCE,0.03,2729.437,3,3,2729.437,0.0,0.0,0.0,0.0,90981.233333
1678192,IT,FR,TEXT1,INTER,0.02,2729.418,3,3,2729.418,0.0,0.0,0.0,0.0,136470.9
1778421,IT,TR,WHOLE,TEXTI,0.02,2729.333,3,3,2729.333,0.0,0.0,0.0,0.0,136466.65
1748760,IT,CN,FISH5,CATTL,0.01,2729.311,3,3,2729.311,0.0,0.0,0.0,0.0,272931.1
1718860,IT,PL,PAPER,PLAS1,0.01,2729.302,3,3,2729.302,0.0,0.0,0.0,0.0,272930.2
1685394,IT,HU,LEATH,RETAI,0.02,2728.919,3,3,2728.919,0.0,0.0,0.0,0.0,136445.95
1665283,IT,ES,BEVER,ELECT,0.01,2728.621,3,3,2728.621,0.0,0.0,0.0,0.0,272862.1
1716519,IT,NL,MOTO1,FOOD5,0.01,2728.544,3,3,2728.544,0.0,0.0,0.0,0.0,272854.4
1774968,IT,CH,AUXIL,RUBBE,0.05,2728.455,3,3,2728.455,0.0,0.0,0.0,0.0,54569.1
1647950,IT,BE,RENTI,PULP5,0.02,2728.316,3,3,2728.316,0.0,0.0,0.0,0.0,136415.8
1751672,IT,CN,INSUR,WOOLS,0.06,2728.145,3,3,2728.145,0.0,0.0,0.0,0.0,45469.083333
1718542,IT,PL,WEARI,GASDI,0.02,2727.953,3,3,2727.953,0.0,0.0,0.0,0.0,136397.65
1650765,IT,BG,RAILW,COPPE,0.02,2727.935,3,3,2727.935,0.0,0.0,0.0,0.0,136396.75
1779146,IT,TR,POSTT,COPPE,0.04,2727.898,3,3,2727.898,0.0,0.0,0.0,0.0,68197.45
1747910,IT,JP,COMPU,ELEC4,0.03,2727.716,3,3,2727.716,0.0,0.0,0.0,0.0,90923.866667
1791286,IT,WA,CONST,NONF1,0.02,2727.457,3,3,2727.457,0.0,0.0,0.0,0.0,136372.85
1792351,IT,WA,FINAN,ELEC4,0.04,2727.262,3,3,2727.262,0.0,0.0,0.0,0.0,68181.55
1794223,IT,WL,PRINT,INLAN,0.03,2727.203,3,3,2727.203,0.0,0.0,0.0,0.0,90906.766667
1787124,IT,ZA,BUSIN,AUXIL,0.03,2727.149,3,3,2727.149,0.0,0.0,0.0,0.0,90904.966667
1669264,IT,ES,FINAN,MEATC,0.04,2727.13,3,3,2727.13,0.0,0.0,0.0,0.0,68178.25
1659518,IT,DE,RETA1,BIOG1,0.03,2726.989,3,3,2726.989,0.0,0.0,0.0,0.0,90899.633333
1762809,IT,IN,PUBLI,MOTOR,0.04,2726.907,3,3,2726.907,0.0,0.0,0.0,0.0,68172.675
1796276,IT,WL,CONST,FOUND,0.02,2726.659,3,3,2726.659,0.0,0.0,0.0,0.0,136332.95
1652369,IT,CZ,TEXTI,PLANT,0.02,2726.591,3,3,2726.591,0.0,0.0,0.0,0.0,136329.55
1668287,IT,ES,WHOLE,PFERT,0.02,2726.28,3,3,2726.28,0.0,0.0,0.0,0.0,136314.0
1727272,IT,RO,SUPPO,OILHA,0.02,2726.095,3,3,2726.095,0.0,0.0,0.0,0.0,136304.75
1663619,IT,DK,BUSIN,CEMEN,0.03,2726.02,3,3,2726.02,0.0,0.0,0.0,0.0,90867.333333
1660537,IT,DE,INSUR,FOODW,0.06,2725.821,3,3,2725.821,0.0,0.0,0.0,0.0,45430.35
1770393,IT,AU,LANDT,DISTR,0.02,2725.336,3,3,2725.336,0.0,0.0,0.0,0.0,136266.8
1714938,IT,NL,BEVER,TEXT1,0.01,2725.292,3,3,2725.292,0.0,0.0,0.0,0.0,272529.2
1669852,IT,ES,BUSIN,PLAS2,0.03,2724.967,3,3,2724.967,0.0,0.0,0.0,0.0,90832.233333
1641116,IT,AT,PAPER,COLLE,0.01,2724.956,3,3,2724.956,0.0,0.0,0.0,0.0,272495.6
1760110,IT,BR,FOOD2,BASIC,0.02,2724.947,3,3,2724.947,0.0,0.0,0.0,0.0,136247.35
1747128,IT,JP,CONST,STONE,0.02,2724.716,3,3,2724.716,0.0,0.0,0.0,0.0,136235.8
1712685,IT,LV,HOTEL,VEGE1,0.02,2724.62,3,3,2724.62,0.0,0.0,0.0,0.0,136231.0
1736769,IT,SK,RENTI,BUSIN,0.02,2724.345,3,3,2724.345,0.0,0.0,0.0,0.0,136217.25
1808263,IT,WF,FOOD2,MEAT1,0.02,2724.24,3,3,2724.24,0.0,0.0,0.0,0.0,136212.0
1806824,IT,WF,RETA1,FOUND,0.03,2724.137,3,3,2724.137,0.0,0.0,0.0,0.0,90804.566667
1690150,IT,IE,COMPU,OILHA,0.03,2724.112,3,3,2724.112,0.0,0.0,0.0,0.0,90803.733333
1773306,IT,CH,MACHI,FISH5,0.02,2723.756,3,3,2723.756,0.0,0.0,0.0,0.0,136187.8
1689904,IT,IE,AUXIL,ELEC4,0.05,2723.698,3,3,2723.698,0.0,0.0,0.0,0.0,54473.96
1770067,IT,AU,WHOLE,CEREA,0.02,2723.698,3,3,2723.698,0.0,0.0,0.0,0.0,136184.9
1728325,IT,SE,FISH5,WHOLE,0.01,2723.64,3,3,2723.64,0.0,0.0,0.0,0.0,272364.0
1792890,IT,WA,HEALT,CROPS,0.01,2723.291,3,3,2723.291,0.0,0.0,0.0,0.0,272329.1
1781591,IT,NO,WEARI,FOUND,0.02,2723.255,3,3,2723.255,0.0,0.0,0.0,0.0,136162.75
1721698,IT,PL,FINAN,CONST,0.04,2722.847,3,3,2722.847,0.0,0.0,0.0,0.0,68071.175
1781625,IT,NO,WEARI,INERT,0.02,2722.26,3,3,2722.26,0.0,0.0,0.0,0.0,136113.0
1714644,IT,NL,MEATP,HEALT,0.01,2722.03,3,3,2722.03,0.0,0.0,0.0,0.0,272203.0
1754368,IT,CA,INSUR,RESEA,0.06,2722.011,3,3,2722.011,0.0,0.0,0.0,0.0,45366.85
1688553,IT,IE,PAPER,RECRE,0.01,2721.995,3,3,2721.995,0.0,0.0,0.0,0.0,272199.5
1665382,IT,ES,TEXTI,KEROS,0.02,2721.868,3,3,2721.868,0.0,0.0,0.0,0.0,136093.4
1806745,IT,WF,WHOLE,TRAN2,0.02,2721.781,3,3,2721.781,0.0,0.0,0.0,0.0,136089.05
1690025,IT,IE,REALE,SEWAG,0.11,2721.604,3,3,2721.604,0.0,0.0,0.0,0.0,24741.854545
1784074,IT,ID,LEATH,TEXTI,0.02,2721.586,3,3,2721.586,0.0,0.0,0.0,0.0,136079.3
1739210,IT,GB,RETA1,SALEM,0.03,2721.128,3,3,2721.128,0.0,0.0,0.0,0.0,90704.266667
1745806,IT,JP,WEARI,FOOD3,0.02,2721.05,3,3,2721.05,0.0,0.0,0.0,0.0,136052.5
1724941,IT,PT,BUSIN,FOOD2,0.03,2721.019,3,3,2721.019,0.0,0.0,0.0,0.0,90700.633333
1735718,IT,SK,FABRI,COLLE,0.01,2720.979,3,3,2720.979,0.0,0.0,0.0,0.0,272097.9
1804157,IT,WF,PAPER,TRANS,0.01,2720.871,3,3,2720.871,0.0,0.0,0.0,0.0,272087.1
1643318,IT,AT,RAILW,COKEO,0.02,2720.744,3,3,2720.744,0.0,0.0,0.0,0.0,136037.2
1723605,IT,PT,FABRI,MEDIC,0.01,2720.459,3,3,2720.459,0.0,0.0,0.0,0.0,272045.9
1643052,IT,AT,SALEM,ELEC2,0.02,2720.434,3,3,2720.434,0.0,0.0,0.0,0.0,136021.7
1787881,IT,WA,BEVER,IRONO,0.01,2720.268,3,3,2720.268,0.0,0.0,0.0,0.0,272026.8
1648672,IT,BG,PROCE,BEVER,0.02,2720.242,3,3,2720.242,0.0,0.0,0.0,0.0,136012.1
1669062,IT,ES,SUPPO,RADIO,0.02,2720.239,3,3,2720.239,0.0,0.0,0.0,0.0,136011.95
1672809,IT,FR,MEAT1,WHOLE,0.01,2719.981,3,3,2719.981,0.0,0.0,0.0,0.0,271998.1
1683659,IT,HR,FABRI,TRAN1,0.01,2719.87,3,3,2719.87,0.0,0.0,0.0,0.0,271987.0
1678040,IT,FR,EDUCA,RAILW,0.07,2719.758,3,3,2719.758,0.0,0.0,0.0,0.0,38853.685714
1773265,IT,CH,FABRI,PLAS1,0.01,2719.625,3,3,2719.625,0.0,0.0,0.0,0.0,271962.5
1673555,IT,FR,LEATH,SEWAG,0.02,2719.434,3,3,2719.434,0.0,0.0,0.0,0.0,135971.7
1762088,IT,IN,RETA1,RETA1,0.03,2719.3,3,3,2719.3,0.0,0.0,0.0,0.0,90643.333333
1650701,IT,BG,HOTEL,CRUDE,0.02,2719.257,3,3,2719.257,0.0,0.0,0.0,0.0,135962.85
1725249,IT,RO,FOOD5,RETAI,0.01,2719.247,3,3,2719.247,0.0,0.0,0.0,0.0,271924.7
1753861,IT,CA,RETA1,FOOD5,0.03,2719.055,3,3,2719.055,0.0,0.0,0.0,0.0,90635.166667
1683749,IT,HR,MACHI,ELEC1,0.02,2719.044,3,3,2719.044,0.0,0.0,0.0,0.0,135952.2
1736352,IT,SK,RAILW,TRAN2,0.02,2719.007,3,3,2719.007,0.0,0.0,0.0,0.0,135950.35
1664880,IT,ES,FORES,ELEC7,0.02,2718.618,4,4,2717.618,0.0,1.0,0.0,0.0,135930.9
1778256,IT,TR,CONST,WHOLE,0.02,2718.473,3,3,2718.473,0.0,0.0,0.0,0.0,135923.65
1682178,IT,HR,WEARI,CEREA,0.02,2718.37,3,3,2718.37,0.0,0.0,0.0,0.0,135918.5
1675988,IT,FR,ELEC5,DAIRY,0.03,2718.356,3,3,2718.356,0.0,0.0,0.0,0.0,90611.866667
1684330,IT,HR,SUPPO,BASIC,0.02,2718.067,3,3,2718.067,0.0,0.0,0.0,0.0,135903.35
1758458,IT,BR,MACHI,POULT,0.02,2717.921,3,3,2717.921,0.0,0.0,0.0,0.0,135896.05
1775040,IT,CH,RENTI,WEARI,0.02,2717.809,3,3,2717.809,0.0,0.0,0.0,0.0,135890.45
1682081,IT,HR,TEXTI,CROPS,0.02,2717.766,3,3,2717.766,0.0,0.0,0.0,0.0,135888.3
1813141,IT,WM,MOTO1,BITU1,0.01,2717.643,3,3,2717.643,0.0,0.0,0.0,0.0,271764.3
1759516,IT,BR,REALE,HEALT,0.11,2717.504,3,3,2717.504,0.0,0.0,0.0,0.0,24704.581818
1685220,IT,HU,TEXTI,CEREA,0.02,2717.418,3,3,2717.418,0.0,0.0,0.0,0.0,135870.9
1645145,IT,BE,PRINT,KERO1,0.03,2717.367,3,3,2717.367,0.0,0.0,0.0,0.0,90578.9
1684341,IT,HR,SUPPO,TRAN1,0.02,2717.308,3,3,2717.308,0.0,0.0,0.0,0.0,135865.4
1736539,IT,SK,SUPPO,HEAVY,0.02,2717.307,3,3,2717.307,0.0,0.0,0.0,0.0,135865.35
1731486,IT,SI,BEVER,POSTT,0.01,2717.239,3,3,2717.239,0.0,0.0,0.0,0.0,271723.9
1669954,IT,ES,EDUCA,FURNI,0.07,2717.215,3,3,2717.215,0.0,0.0,0.0,0.0,38817.357143
1763270,IT,MX,PAPER,MEAT4,0.01,2717.181,3,3,2717.181,0.0,0.0,0.0,0.0,271718.1
1784045,IT,ID,TEXTI,LANDT,0.02,2717.127,3,3,2717.127,0.0,0.0,0.0,0.0,135856.35
1774274,IT,CH,RETA1,FOOD4,0.03,2717.1,3,3,2717.1,0.0,0.0,0.0,0.0,90570.0
1690295,IT,IE,SEWAG,CONST,0.02,2717.091,3,3,2717.091,0.0,0.0,0.0,0.0,135854.55
1683942,IT,HR,SALEM,RETA1,0.02,2716.873,3,3,2716.873,0.0,0.0,0.0,0.0,135843.65
1722326,IT,PT,WOOLS,RAWMI,0.01,2716.845,3,3,2716.845,0.0,0.0,0.0,0.0,271684.5
1798991,IT,WE,TEXTI,RAWMI,0.02,2716.745,3,3,2716.745,0.0,0.0,0.0,0.0,135837.25
1803653,IT,WF,FOOD5,POSTT,0.01,2716.672,3,3,2716.672,0.0,0.0,0.0,0.0,271667.2
1654467,IT,CZ,RETA1,REALE,0.03,2716.634,3,3,2716.634,0.0,0.0,0.0,0.0,90554.466667
1680907,IT,GR,LANDT,RETAI,0.02,2716.575,3,3,2716.575,0.0,0.0,0.0,0.0,135828.75
1724046,IT,PT,WHOLE,WEARI,0.02,2716.573,3,3,2716.573,0.0,0.0,0.0,0.0,135828.65
1745124,IT,US,MEMBE,COPPE,0.03,2716.535,3,3,2716.535,0.0,0.0,0.0,0.0,90551.166667
1803196,IT,WF,CROPS,LEATH,0.02,2716.379,3,3,2716.379,0.0,0.0,0.0,0.0,135818.95
1685400,IT,HU,LEATH,AIRTR,0.02,2716.317,3,3,2716.317,0.0,0.0,0.0,0.0,135815.85
1730817,IT,SE,BUSIN,INLAN,0.03,2716.185,3,3,2716.185,0.0,0.0,0.0,0.0,90539.5
1712199,IT,LV,PAPER,CATTL,0.01,2715.991,3,3,2715.991,0.0,0.0,0.0,0.0,271599.1
1742822,IT,US,FABRI,FOOD2,0.01,2715.958,3,3,2715.958,0.0,0.0,0.0,0.0,271595.8
1670133,IT,ES,INERT,TRANS,0.02,2715.943,3,3,2715.943,0.0,0.0,0.0,0.0,135797.15
1730954,IT,SE,INTER,FOOD2,0.02,2715.728,3,3,2715.728,0.0,0.0,0.0,0.0,135786.4
1714802,IT,NL,FOOD5,FORES,0.01,2715.705,3,3,2715.705,0.0,0.0,0.0,0.0,271570.5
1751803,IT,CN,AUXIL,SUPPO,0.05,2715.438,3,3,2715.438,0.0,0.0,0.0,0.0,54308.76
1648144,IT,BE,BUSIN,POULT,0.03,2715.379,3,3,2715.379,0.0,0.0,0.0,0.0,90512.633333
1770595,IT,AU,POSTT,SALEM,0.04,2715.288,3,3,2715.288,0.0,0.0,0.0,0.0,67882.2
1767720,IT,RU,FINAN,ELEC3,0.04,2715.273,3,3,2715.273,0.0,0.0,0.0,0.0,67881.825
1799278,IT,WE,LEATH,STEAM,0.02,2715.24,3,3,2715.24,0.0,0.0,0.0,0.0,135762.0
1768587,IT,AU,BEVER,PREC1,0.01,2715.172,3,3,2715.172,0.0,0.0,0.0,0.0,271517.2
1808019,IT,WF,INTER,MEAT4,0.02,2715.152,3,3,2715.152,0.0,0.0,0.0,0.0,135757.6
1770795,IT,AU,COMPU,ELEC1,0.03,2715.081,3,3,2715.081,0.0,0.0,0.0,0.0,90502.7
1722289,IT,PL,93197,93197,0.02,2715.064,3,3,2715.064,0.0,0.0,0.0,0.0,135753.2
1787065,IT,ZA,COMPU,BUSIN,0.03,2715.038,3,3,2715.038,0.0,0.0,0.0,0.0,90501.266667
1745551,IT,JP,BEVER,COLLE,0.01,2714.818,3,3,2714.818,0.0,0.0,0.0,0.0,271481.8
1786655,IT,ZA,WHOLE,CERAM,0.02,2714.783,3,3,2714.783,0.0,0.0,0.0,0.0,135739.15
1688355,IT,IE,DAIRY,RECRE,0.01,2714.614,3,3,2714.614,0.0,0.0,0.0,0.0,271461.4
1662716,IT,DK,MACHI,FOOD1,0.02,2714.423,3,3,2714.423,0.0,0.0,0.0,0.0,135721.15
1775738,IT,TR,FORES,FOOD5,0.02,2714.382,4,4,2713.382,0.0,1.0,0.0,0.0,135719.1
1736133,IT,SK,CONST,AIRTR,0.02,2714.374,3,3,2714.374,0.0,0.0,0.0,0.0,135718.7
1747286,IT,JP,WHOLE,ALUM1,0.02,2714.278,3,3,2714.278,0.0,0.0,0.0,0.0,135713.9
1736800,IT,SK,COMPU,DIST1,0.03,2714.23,3,3,2714.23,0.0,0.0,0.0,0.0,90474.333333
1745054,IT,US,PUBLI,OFFIC,0.04,2714.004,3,3,2714.004,0.0,0.0,0.0,0.0,67850.1
1725267,IT,RO,FOOD5,WASTE,0.01,2713.93,3,3,2713.93,0.0,0.0,0.0,0.0,271393.0
1670115,IT,ES,PAPE4,RETA1,0.02,2713.846,3,3,2713.846,0.0,0.0,0.0,0.0,135692.3
1655390,IT,DE,CROPS,MOTO1,0.02,2713.84,3,3,2713.84,0.0,0.0,0.0,0.0,135692.0
1640753,IT,AT,TEXTI,RADIO,0.02,2713.752,3,3,2713.752,0.0,0.0,0.0,0.0,135687.6
1765752,IT,RU,PRINT,DISTR,0.03,2713.713,3,3,2713.713,0.0,0.0,0.0,0.0,90457.1
1765107,IT,MX,REALE,MACHI,0.11,2713.228,3,3,2713.228,0.0,0.0,0.0,0.0,24665.709091
1647645,IT,BE,FINAN,MOTOR,0.04,2713.207,3,3,2713.207,0.0,0.0,0.0,0.0,67830.175
1727074,IT,RO,RAILW,WASTE,0.02,2712.974,3,3,2712.974,0.0,0.0,0.0,0.0,135648.7
1801869,IT,WE,CONST,TOBAC,0.02,2712.958,3,3,2712.958,0.0,0.0,0.0,0.0,135647.9
1775102,IT,CH,COMPU,PAPER,0.03,2712.679,3,3,2712.679,0.0,0.0,0.0,0.0,90422.633333
1671801,IT,FI,RETA1,WHEAT,0.03,2712.401,3,3,2712.401,0.0,0.0,0.0,0.0,90413.366667
1779245,IT,TR,FINAN,RAWMI,0.04,2712.213,3,3,2712.213,0.0,0.0,0.0,0.0,67805.325
1798066,IT,WL,RECRE,CHARC,0.03,2712.188,3,3,2712.188,0.0,0.0,0.0,0.0,90406.266667
1757302,IT,BR,FOOD5,ALUM1,0.01,2711.913,3,3,2711.913,0.0,0.0,0.0,0.0,271191.3
1780275,IT,TW,LANDT,ELECT,0.02,2711.851,3,3,2711.851,0.0,0.0,0.0,0.0,135592.55
1724068,IT,PT,WHOLE,ELECT,0.02,2711.639,3,3,2711.639,0.0,0.0,0.0,0.0,135581.95
1718291,IT,PL,FOOD5,BASIC,0.01,2711.531,3,3,2711.531,0.0,0.0,0.0,0.0,271153.1
1739073,IT,GB,RETAI,INTER,0.02,2711.473,3,3,2711.473,0.0,0.0,0.0,0.0,135573.65
1681590,IT,GR,BUSIN,FOOD4,0.03,2711.423,3,3,2711.423,0.0,0.0,0.0,0.0,90380.766667
1734370,IT,SI,HEALT,93197,0.01,2711.349,3,3,2711.349,0.0,0.0,0.0,0.0,271134.9
1779972,IT,TW,SALEM,PRECI,0.02,2710.929,3,3,2710.929,0.0,0.0,0.0,0.0,135546.45
1760121,IT,BR,FOOD2,RENTI,0.02,2710.763,3,3,2710.763,0.0,0.0,0.0,0.0,135538.15
1727739,IT,RO,RESEA,NATUR,0.01,2710.684,3,3,2710.684,0.0,0.0,0.0,0.0,271068.4
1669414,IT,ES,INSUR,RADIO,0.06,2710.603,3,3,2710.603,0.0,0.0,0.0,0.0,45176.716667
1814831,IT,WM,MEMBE,CRUDE,0.03,2710.518,3,3,2710.518,0.0,0.0,0.0,0.0,90350.6
1669331,IT,ES,FINAN,RETA1,0.04,2710.44,3,3,2710.44,0.0,0.0,0.0,0.0,67761.0
1662926,IT,DK,RETA1,CERAM,0.03,2710.324,3,3,2710.324,0.0,0.0,0.0,0.0,90344.133333
1787883,IT,WA,BEVER,STONE,0.01,2710.238,3,3,2710.238,0.0,0.0,0.0,0.0,271023.8
1678403,IT,FR,PLAS2,INERT,0.02,2710.142,3,3,2710.142,0.0,0.0,0.0,0.0,135507.1
1646783,IT,BE,CONST,MEMBE,0.02,2709.66,3,3,2709.66,0.0,0.0,0.0,0.0,135483.0
1660777,IT,DE,COMPU,MEAT4,0.03,2709.627,3,3,2709.627,0.0,0.0,0.0,0.0,90320.9
1738563,IT,GB,FABRI,MOTOR,0.01,2709.524,3,3,2709.524,0.0,0.0,0.0,0.0,270952.4
1682073,IT,HR,TOBAC,BEVER,0.01,2709.393,3,3,2709.393,0.0,0.0,0.0,0.0,270939.3
1736132,IT,SK,CONST,SEACO,0.02,2709.387,3,3,2709.387,0.0,0.0,0.0,0.0,135469.35
1748264,IT,JP,MEMBE,PAPER,0.03,2709.383,3,3,2709.383,0.0,0.0,0.0,0.0,90312.766667
1797657,IT,WL,PAPE1,TRAN1,0.02,2709.366,3,3,2709.366,0.0,0.0,0.0,0.0,135468.3
1648614,IT,BG,MEAT4,DAIRY,0.01,2709.319,3,3,2709.319,0.0,0.0,0.0,0.0,270931.9
1647304,IT,BE,LANDT,FOOD4,0.02,2709.187,3,3,2709.187,0.0,0.0,0.0,0.0,135459.35
1651731,IT,CY,MACHI,PULP5,0.02,2709.108,3,3,2709.108,0.0,0.0,0.0,0.0,135455.4
1640771,IT,AT,TEXTI,POSTT,0.02,2709.05,3,3,2709.05,0.0,0.0,0.0,0.0,135452.5
1786280,IT,ZA,FABRI,CHARC,0.01,2708.962,3,3,2708.962,0.0,0.0,0.0,0.0,270896.2
1728063,IT,SE,MEATP,MEATP,0.01,2708.809,3,3,2708.809,0.0,0.0,0.0,0.0,270880.9
1733698,IT,SI,RAILW,FURNI,0.02,2708.806,3,3,2708.806,0.0,0.0,0.0,0.0,135440.3
1775584,IT,CH,RECRE,FABRI,0.03,2708.562,3,3,2708.562,0.0,0.0,0.0,0.0,90285.4
1685130,IT,HU,FOOD5,RAILW,0.01,2708.441,3,3,2708.441,0.0,0.0,0.0,0.0,270844.1
1727644,IT,RO,RENTI,CHEM1,0.02,2708.428,3,3,2708.428,0.0,0.0,0.0,0.0,135421.4
1647187,IT,BE,RAILW,COMPU,0.02,2708.288,3,3,2708.288,0.0,0.0,0.0,0.0,135414.4
1808184,IT,WF,OILHA,ELEC2,0.02,2707.949,3,3,2707.949,0.0,0.0,0.0,0.0,135397.45
1683943,IT,HR,SALEM,HOTEL,0.02,2707.863,3,3,2707.863,0.0,0.0,0.0,0.0,135393.15
1743809,IT,US,LANDT,RAILW,0.02,2707.853,3,3,2707.853,0.0,0.0,0.0,0.0,135392.65
1806574,IT,WF,CONST,NONFE,0.02,2707.807,3,3,2707.807,0.0,0.0,0.0,0.0,135390.35
1767850,IT,RU,AUXIL,FURNI,0.05,2707.712,3,3,2707.712,0.0,0.0,0.0,0.0,54154.24
1797633,IT,WL,FOODW,HEALT,0.02,2707.66,3,3,2707.66,0.0,0.0,0.0,0.0,135383.0
1813449,IT,WM,CONST,TRAN2,0.02,2707.637,3,3,2707.637,0.0,0.0,0.0,0.0,135381.85
1736112,IT,SK,CONST,FOUND,0.02,2707.483,3,3,2707.483,0.0,0.0,0.0,0.0,135374.15
1724183,IT,PT,HOTEL,GASDI,0.02,2707.394,3,3,2707.394,0.0,0.0,0.0,0.0,135369.7
1750481,IT,CN,MACHI,WHITE,0.02,2707.372,3,3,2707.372,0.0,0.0,0.0,0.0,135368.6
1660506,IT,DE,INSUR,ELEC7,0.06,2707.349,3,3,2707.349,0.0,0.0,0.0,0.0,45122.483333
1783714,IT,NO,FOOD4,MACHI,0.02,2707.256,3,3,2707.256,0.0,0.0,0.0,0.0,135362.8
1808108,IT,WF,WOOD1,CHEMI,0.02,2707.019,3,3,2707.019,0.0,0.0,0.0,0.0,135350.95
1748895,IT,CN,WEARI,PARAF,0.02,2706.543,3,3,2706.543,0.0,0.0,0.0,0.0,135327.15
1748224,IT,JP,INTER,RAILW,0.02,2706.466,3,3,2706.466,0.0,0.0,0.0,0.0,135323.3
1687303,IT,HU,RETA1,WOODW,0.03,2706.436,3,3,2706.436,0.0,0.0,0.0,0.0,90214.533333
1711824,IT,LU,FOODW,ALUM1,0.02,2706.283,3,3,2706.283,0.0,0.0,0.0,0.0,135314.15
1749309,IT,CN,PRINT,MEATC,0.03,2706.232,3,3,2706.232,0.0,0.0,0.0,0.0,90207.733333
1747731,IT,JP,FINAN,HOTEL,0.04,2706.194,3,3,2706.194,0.0,0.0,0.0,0.0,67654.85
1768494,IT,AU,FOOD5,CRUDE,0.01,2706.114,3,3,2706.114,0.0,0.0,0.0,0.0,270611.4
1774296,IT,CH,HOTEL,MEATP,0.02,2705.927,3,3,2705.927,0.0,0.0,0.0,0.0,135296.35
1670162,IT,ES,MEMBE,FURNI,0.03,2705.883,3,3,2705.883,0.0,0.0,0.0,0.0,90196.1
1678503,IT,FR,93197,BUSIN,0.02,2705.875,3,3,2705.875,0.0,0.0,0.0,0.0,135293.75
1779725,IT,TR,BUSIN,FISH5,0.03,2705.662,3,3,2705.662,0.0,0.0,0.0,0.0,90188.733333
1684103,IT,HR,HOTEL,SEWAG,0.02,2705.353,3,3,2705.353,0.0,0.0,0.0,0.0,135267.65
1718089,IT,PL,MEAT4,CONST,0.01,2705.349,3,3,2705.349,0.0,0.0,0.0,0.0,270534.9
1792436,IT,WA,AUXIL,MEATA,0.05,2704.952,3,3,2704.952,0.0,0.0,0.0,0.0,54099.04
1648663,IT,BG,DAIRY,LANDT,0.01,2704.951,3,3,2704.951,0.0,0.0,0.0,0.0,270495.1
1741293,IT,US,PAPER,BRICK,0.01,2704.727,3,3,2704.727,0.0,0.0,0.0,0.0,270472.7
1722617,IT,PT,TEXTI,NFERT,0.02,2704.706,3,3,2704.706,0.0,0.0,0.0,0.0,135235.3
1751705,IT,CN,INSUR,FOUND,0.06,2704.696,3,3,2704.696,0.0,0.0,0.0,0.0,45078.266667
1678172,IT,FR,INTER,TRANS,0.02,2704.587,3,3,2704.587,0.0,0.0,0.0,0.0,135229.35
1728424,IT,SE,WEARI,FURNI,0.02,2704.276,3,3,2704.276,0.0,0.0,0.0,0.0,135213.8
1796389,IT,WL,WHOLE,LIQUE,0.02,2704.231,3,3,2704.231,0.0,0.0,0.0,0.0,135211.55
1748254,IT,JP,OILHA,AUXIL,0.02,2704.044,3,3,2704.044,0.0,0.0,0.0,0.0,135202.2
1755258,IT,KR,PAPER,COKEO,0.01,2704.008,3,3,2704.008,0.0,0.0,0.0,0.0,270400.8
1650725,IT,BG,HOTEL,LEAD1,0.02,2704.005,3,3,2704.005,0.0,0.0,0.0,0.0,135200.25
1740571,IT,US,CROPS,BEVER,0.02,2703.955,3,3,2703.955,0.0,0.0,0.0,0.0,135197.75
1680432,IT,GR,ELEC4,GASDI,0.04,2703.92,3,3,2703.92,0.0,0.0,0.0,0.0,67598.0
1761980,IT,IN,CONST,FABRI,0.02,2703.854,3,3,2703.854,0.0,0.0,0.0,0.0,135192.7
1734843,IT,SK,PAPER,TOBAC,0.01,2703.746,3,3,2703.746,0.0,0.0,0.0,0.0,270374.6
1751134,IT,CN,RETA1,RESEA,0.03,2703.582,3,3,2703.582,0.0,0.0,0.0,0.0,90119.4
1690096,IT,IE,RENTI,OILHA,0.02,2703.385,3,3,2703.385,0.0,0.0,0.0,0.0,135169.25
1671923,IT,FI,LANDT,RAWMI,0.02,2703.369,3,3,2703.369,0.0,0.0,0.0,0.0,135168.45
1793953,IT,WL,LEATH,LANDT,0.02,2703.314,3,3,2703.314,0.0,0.0,0.0,0.0,135165.7
1807288,IT,WF,POSTT,WEARI,0.04,2703.284,3,3,2703.284,0.0,0.0,0.0,0.0,67582.1
1647015,IT,BE,RETA1,FURNI,0.03,2703.254,3,3,2703.254,0.0,0.0,0.0,0.0,90108.466667
1783213,IT,NO,BUSIN,FABRI,0.03,2703.186,3,3,2703.186,0.0,0.0,0.0,0.0,90106.2
1785225,IT,ZA,TEXTI,RAWMI,0.02,2702.971,3,3,2702.971,0.0,0.0,0.0,0.0,135148.55
1791501,IT,WA,RETA1,SUGAR,0.03,2702.912,3,3,2702.912,0.0,0.0,0.0,0.0,90097.066667
1685297,IT,HU,TEXTI,WOOD2,0.02,2702.841,3,3,2702.841,0.0,0.0,0.0,0.0,135142.05
1720922,IT,PL,SALEM,SEWAG,0.02,2702.766,3,3,2702.766,0.0,0.0,0.0,0.0,135138.3
1759331,IT,BR,FINAN,POULT,0.04,2702.757,3,3,2702.757,0.0,0.0,0.0,0.0,67568.925
1672293,IT,FI,RENTI,HOTEL,0.02,2702.727,3,3,2702.727,0.0,0.0,0.0,0.0,135136.35
1774435,IT,CH,RAILW,INSUR,0.02,2702.705,3,3,2702.705,0.0,0.0,0.0,0.0,135135.25
1722465,IT,PT,DAIRY,MACHI,0.01,2702.547,3,3,2702.547,0.0,0.0,0.0,0.0,270254.7
1654661,IT,CZ,LANDT,BRICK,0.02,2702.522,3,3,2702.522,0.0,0.0,0.0,0.0,135126.1
1773334,IT,CH,MACHI,LEAD1,0.02,2702.441,3,3,2702.441,0.0,0.0,0.0,0.0,135122.05
1786258,IT,ZA,FABRI,HYDRO,0.01,2702.222,3,3,2702.222,0.0,0.0,0.0,0.0,270222.2
1672270,IT,FI,REALE,RECRE,0.11,2702.132,3,3,2702.132,0.0,0.0,0.0,0.0,24564.836364
1771382,IT,CH,FOOD5,FORES,0.01,2702.049,3,3,2702.049,0.0,0.0,0.0,0.0,270204.9
1678033,IT,FR,EDUCA,COLLE,0.07,2702.037,3,3,2702.037,0.0,0.0,0.0,0.0,38600.528571
1672286,IT,FI,RENTI,RADIO,0.02,2701.671,3,3,2701.671,0.0,0.0,0.0,0.0,135083.55
1782349,IT,NO,FABRI,WEARI,0.01,2701.637,3,3,2701.637,0.0,0.0,0.0,0.0,270163.7
1663475,IT,DK,REALE,MEMBE,0.11,2701.425,3,3,2701.425,0.0,0.0,0.0,0.0,24558.409091
1726795,IT,RO,WHOLE,CATTL,0.02,2701.392,3,3,2701.392,0.0,0.0,0.0,0.0,135069.6
1647946,IT,BE,RENTI,BEVER,0.02,2701.273,3,3,2701.273,0.0,0.0,0.0,0.0,135063.65
1663951,IT,EE,PAPER,HYDRO,0.01,2701.187,3,3,2701.187,0.0,0.0,0.0,0.0,270118.7
1734564,IT,SK,FOOD5,PUBLI,0.01,2701.102,3,3,2701.102,0.0,0.0,0.0,0.0,270110.2
1753876,IT,CA,RETA1,WHOLE,0.03,2700.797,3,3,2700.797,0.0,0.0,0.0,0.0,90026.566667
1726436,IT,RO,FABRI,REFI1,0.01,2700.63,3,3,2700.63,0.0,0.0,0.0,0.0,270063.0
1663729,IT,EE,DAIRY,FISH5,0.01,2700.409,3,3,2700.409,0.0,0.0,0.0,0.0,270040.9
1683839,IT,HR,MOTO1,CEMEN,0.01,2700.185,3,3,2700.185,0.0,0.0,0.0,0.0,270018.5
1721862,IT,PL,REALE,POSTT,0.11,2700.018,3,3,2700.018,0.0,0.0,0.0,0.0,24545.618182
1807601,IT,WF,RESEA,CEREA,0.01,2699.857,3,3,2699.857,0.0,0.0,0.0,0.0,269985.7
1767246,IT,RU,HOTEL,SUGA1,0.02,2699.725,3,3,2699.725,0.0,0.0,0.0,0.0,134986.25
1781574,IT,NO,WEARI,MEAT1,0.02,2699.725,3,3,2699.725,0.0,0.0,0.0,0.0,134986.25
1713163,IT,MT,FISH5,REALE,0.01,2699.549,3,3,2699.549,0.0,0.0,0.0,0.0,269954.9
1659305,IT,DE,RETAI,DAIRY,0.02,2699.519,3,3,2699.519,0.0,0.0,0.0,0.0,134975.95
1729955,IT,SE,CONST,RUBBE,0.02,2699.512,3,3,2699.512,0.0,0.0,0.0,0.0,134975.6
1730640,IT,SE,RENTI,ELEC3,0.02,2699.36,3,3,2699.36,0.0,0.0,0.0,0.0,134968.0
1721920,IT,PL,RENTI,POSTT,0.02,2699.13,3,3,2699.13,0.0,0.0,0.0,0.0,134956.5
1771383,IT,CH,FOOD5,FISHF,0.01,2698.982,3,3,2698.982,0.0,0.0,0.0,0.0,269898.2
1764166,IT,MX,MACHI,WHEAT,0.02,2698.742,3,3,2698.742,0.0,0.0,0.0,0.0,134937.1
1678093,IT,FR,FOODW,FOOD3,0.02,2698.619,3,3,2698.619,0.0,0.0,0.0,0.0,134930.95
1690556,IT,IE,RECRE,DIST1,0.03,2698.596,3,3,2698.596,0.0,0.0,0.0,0.0,89953.2
1796399,IT,WL,WHOLE,RUBBE,0.02,2698.584,3,3,2698.584,0.0,0.0,0.0,0.0,134929.2
1678170,IT,FR,INTER,RUBBE,0.02,2698.52,3,3,2698.52,0.0,0.0,0.0,0.0,134926.0
1745593,IT,JP,FISH5,EDUCA,0.01,2698.385,3,3,2698.385,0.0,0.0,0.0,0.0,269838.5
1774419,IT,CH,RAILW,RADIO,0.02,2698.341,3,3,2698.341,0.0,0.0,0.0,0.0,134917.05
1767800,IT,RU,INSUR,SUPPO,0.06,2698.234,3,3,2698.234,0.0,0.0,0.0,0.0,44970.566667
1681996,IT,HR,BEVER,CEREA,0.01,2698.161,3,3,2698.161,0.0,0.0,0.0,0.0,269816.1
1650837,IT,BG,LANDT,BRICK,0.02,2698.029,3,3,2698.029,0.0,0.0,0.0,0.0,134901.45
1797741,IT,WL,INTER,ELEC2,0.02,2697.928,3,3,2697.928,0.0,0.0,0.0,0.0,134896.4
1670034,IT,ES,FOOD1,NONF1,0.01,2697.856,3,3,2697.856,0.0,0.0,0.0,0.0,269785.6
1660891,IT,DE,RESEA,RENTI,0.01,2697.642,3,3,2697.642,0.0,0.0,0.0,0.0,269764.2
1734444,IT,SK,CROPS,WHOLE,0.02,2697.346,3,3,2697.346,0.0,0.0,0.0,0.0,134867.3
1760116,IT,BR,FOOD2,SEACO,0.02,2697.128,3,3,2697.128,0.0,0.0,0.0,0.0,134856.4
1647820,IT,BE,AUXIL,MOTO1,0.05,2696.948,3,3,2696.948,0.0,0.0,0.0,0.0,53938.96
1712007,IT,LV,FORES,AIRTR,0.02,2696.857,4,4,2695.857,0.0,1.0,0.0,0.0,134842.85
1643795,IT,AT,FINAN,CEREA,0.04,2696.659,3,3,2696.659,0.0,0.0,0.0,0.0,67416.475
1684786,IT,HU,MEATA,ELEC7,0.01,2696.642,3,3,2696.642,0.0,0.0,0.0,0.0,269664.2
1743812,IT,US,LANDT,INLAN,0.02,2696.544,3,3,2696.544,0.0,0.0,0.0,0.0,134827.2
1661696,IT,DK,WEARI,ELECT,0.02,2696.536,3,3,2696.536,0.0,0.0,0.0,0.0,134826.8
1775968,IT,TR,BEVER,MEDIC,0.01,2696.449,3,3,2696.449,0.0,0.0,0.0,0.0,269644.9
1767347,IT,RU,RAILW,TRANS,0.02,2696.36,3,3,2696.36,0.0,0.0,0.0,0.0,134818.0
1759985,IT,BR,INTER,PAPER,0.02,2696.189,3,3,2696.189,0.0,0.0,0.0,0.0,134809.45
1784957,IT,ID,INSUR,CERAM,0.06,2695.799,3,3,2695.799,0.0,0.0,0.0,0.0,44929.983333
1736093,IT,SK,CONST,SUGA1,0.02,2695.74,3,3,2695.74,0.0,0.0,0.0,0.0,134787.0
1661756,IT,DK,LEATH,BASIC,0.02,2695.619,3,3,2695.619,0.0,0.0,0.0,0.0,134780.95
1738552,IT,GB,FABRI,SUGA1,0.01,2695.58,3,3,2695.58,0.0,0.0,0.0,0.0,269558.0
1676408,IT,FR,WHOLE,EDUCA,0.02,2695.499,3,3,2695.499,0.0,0.0,0.0,0.0,134774.95
1760411,IT,IN,PROCE,HEALT,0.02,2695.22,3,3,2695.22,0.0,0.0,0.0,0.0,134761.0
1669016,IT,ES,SUPPO,PROCE,0.02,2695.14,3,3,2695.14,0.0,0.0,0.0,0.0,134757.0
1765305,IT,RU,PROCE,DAIRY,0.02,2694.956,3,3,2694.956,0.0,0.0,0.0,0.0,134747.8
1802051,IT,WE,WHOLE,INSUR,0.02,2694.93,3,3,2694.93,0.0,0.0,0.0,0.0,134746.5
1756651,IT,KR,LANDT,ELEC1,0.02,2694.331,3,3,2694.331,0.0,0.0,0.0,0.0,134716.55
1809115,IT,WM,CROPS,CHARC,0.02,2694.222,3,3,2694.222,0.0,0.0,0.0,0.0,134711.1
1752543,IT,CA,FOOD5,RENTI,0.01,2694.124,3,3,2694.124,0.0,0.0,0.0,0.0,269412.4
1713102,IT,MT,FOOD5,FISH5,0.01,2693.906,3,3,2693.906,0.0,0.0,0.0,0.0,269390.6
1809992,IT,WM,TOBAC,93197,0.01,2693.531,3,3,2693.531,0.0,0.0,0.0,0.0,269353.1
1646384,IT,BE,FABRI,DISTR,0.01,2693.472,3,3,2693.472,0.0,0.0,0.0,0.0,269347.2
1746087,IT,JP,PRINT,ELEC8,0.03,2693.464,3,3,2693.464,0.0,0.0,0.0,0.0,89782.133333
1654025,IT,CZ,MACHI,ELE12,0.02,2693.449,3,3,2693.449,0.0,0.0,0.0,0.0,134672.45
1688457,IT,IE,TEXTI,RESEA,0.02,2693.391,3,3,2693.391,0.0,0.0,0.0,0.0,134669.55
1769734,IT,AU,MACHI,VEGE1,0.02,2693.205,3,3,2693.205,0.0,0.0,0.0,0.0,134660.25
1755090,IT,KR,LEATH,LEADZ,0.02,2693.075,3,3,2693.075,0.0,0.0,0.0,0.0,134653.75
1797609,IT,WL,FOODW,PRINT,0.02,2692.989,3,3,2692.989,0.0,0.0,0.0,0.0,134649.45
1767791,IT,RU,INSUR,SALEM,0.06,2692.916,3,3,2692.916,0.0,0.0,0.0,0.0,44881.933333
1647953,IT,BE,RENTI,GASDI,0.02,2692.844,3,3,2692.844,0.0,0.0,0.0,0.0,134642.2
1721777,IT,PL,AUXIL,FOOD5,0.05,2692.743,3,3,2692.743,0.0,0.0,0.0,0.0,53854.86
1760214,IT,BR,INERT,PAPER,0.02,2692.703,3,3,2692.703,0.0,0.0,0.0,0.0,134635.15
1678868,IT,GR,FISH5,TRANS,0.01,2692.564,3,3,2692.564,0.0,0.0,0.0,0.0,269256.4
1643502,IT,AT,LANDT,FOOD3,0.02,2692.564,3,3,2692.564,0.0,0.0,0.0,0.0,134628.2
1767859,IT,RU,AUXIL,WHOLE,0.05,2692.561,3,3,2692.561,0.0,0.0,0.0,0.0,53851.22
1667473,IT,ES,FABRI,CRUDE,0.01,2692.433,3,3,2692.433,0.0,0.0,0.0,0.0,269243.3
1747873,IT,JP,RENTI,MOTO1,0.02,2692.349,3,3,2692.349,0.0,0.0,0.0,0.0,134617.45
1747393,IT,JP,RAILW,KEROS,0.02,2692.343,3,3,2692.343,0.0,0.0,0.0,0.0,134617.15
1728560,IT,SE,PAPER,GASDI,0.01,2692.258,3,3,2692.258,0.0,0.0,0.0,0.0,269225.8
1661181,IT,DE,93197,WHOLE,0.02,2692.179,3,3,2692.179,0.0,0.0,0.0,0.0,134608.95
1768259,IT,RU,WOOD2,BASIC,0.01,2692.157,3,3,2692.157,0.0,0.0,0.0,0.0,269215.7
1788619,IT,WA,PRINT,TEXTI,0.03,2692.143,3,3,2692.143,0.0,0.0,0.0,0.0,89738.1
1784048,IT,ID,TEXTI,SUPPO,0.02,2691.858,3,3,2691.858,0.0,0.0,0.0,0.0,134592.9
1808721,IT,WF,TEXT2,PRINT,0.02,2691.844,3,3,2691.844,0.0,0.0,0.0,0.0,134592.2
1797840,IT,WL,FOOD2,ELEC4,0.02,2691.785,3,3,2691.785,0.0,0.0,0.0,0.0,134589.25
1739935,IT,GB,INSUR,CONST,0.06,2691.694,3,3,2691.694,0.0,0.0,0.0,0.0,44861.566667
1746912,IT,JP,MOTO1,COALT,0.01,2691.381,3,3,2691.381,0.0,0.0,0.0,0.0,269138.1
1681588,IT,GR,BUSIN,FOOD3,0.03,2691.314,3,3,2691.314,0.0,0.0,0.0,0.0,89710.466667
1669155,IT,ES,POSTT,LUBRI,0.04,2691.251,3,3,2691.251,0.0,0.0,0.0,0.0,67281.275
1667462,IT,ES,FABRI,SUGAR,0.01,2691.186,3,3,2691.186,0.0,0.0,0.0,0.0,269118.6
1797767,IT,WL,WOOD1,RETA1,0.02,2690.969,3,3,2690.969,0.0,0.0,0.0,0.0,134548.45
1793051,IT,WA,PAPE4,ANIMA,0.02,2690.921,3,3,2690.921,0.0,0.0,0.0,0.0,134546.05
1681379,IT,GR,AUXIL,AIRTR,0.05,2690.92,3,3,2690.92,0.0,0.0,0.0,0.0,53818.4
1690299,IT,IE,SEWAG,REALE,0.02,2690.537,3,3,2690.537,0.0,0.0,0.0,0.0,134526.85
1676567,IT,FR,HOTEL,REFI1,0.02,2690.459,3,3,2690.459,0.0,0.0,0.0,0.0,134522.95
1807448,IT,WF,AUXIL,LANDT,0.05,2690.353,3,3,2690.353,0.0,0.0,0.0,0.0,53807.06
1764550,IT,MX,WHOLE,CEREA,0.02,2690.238,3,3,2690.238,0.0,0.0,0.0,0.0,134511.9
1673057,IT,FR,FOOD5,CHARC,0.01,2690.169,3,3,2690.169,0.0,0.0,0.0,0.0,269016.9
1716713,IT,NL,WHOLE,FOODW,0.02,2690.166,3,3,2690.166,0.0,0.0,0.0,0.0,134508.3
1793779,IT,WL,TOBAC,TEXTI,0.01,2690.161,3,3,2690.161,0.0,0.0,0.0,0.0,269016.1
1747990,IT,JP,RESEA,RECRE,0.01,2690.137,3,3,2690.137,0.0,0.0,0.0,0.0,269013.7
1687524,IT,HU,LANDT,PARAF,0.02,2690.131,3,3,2690.131,0.0,0.0,0.0,0.0,134506.55
1727661,IT,RO,RENTI,COLLE,0.02,2689.746,3,3,2689.746,0.0,0.0,0.0,0.0,134487.3
1783422,IT,NO,INTER,RETAI,0.02,2689.425,3,3,2689.425,0.0,0.0,0.0,0.0,134471.25
1737274,IT,GB,FOOD5,FURNI,0.01,2689.235,3,3,2689.235,0.0,0.0,0.0,0.0,268923.5
1673234,IT,FR,FISH5,TOBAC,0.01,2689.22,3,3,2689.22,0.0,0.0,0.0,0.0,268922.0
1721972,IT,PL,COMPU,GLASS,0.03,2688.877,3,3,2688.877,0.0,0.0,0.0,0.0,89629.233333
1747407,IT,JP,RAILW,FURNI,0.02,2688.675,3,3,2688.675,0.0,0.0,0.0,0.0,134433.75
1642731,IT,AT,MACHI,NFERT,0.01,2688.338,3,3,2688.338,0.0,0.0,0.0,0.0,268833.8
1752170,IT,CN,PUBLI,BEVER,0.04,2688.294,3,3,2688.294,0.0,0.0,0.0,0.0,67207.35
1660444,IT,DE,INSUR,CEREA,0.06,2687.952,3,3,2687.952,0.0,0.0,0.0,0.0,44799.2
1725739,IT,RO,PRINT,POULT,0.03,2687.938,3,3,2687.938,0.0,0.0,0.0,0.0,89597.933333
1680718,IT,GR,RETA1,LEATH,0.03,2687.935,3,3,2687.935,0.0,0.0,0.0,0.0,89597.833333
1713206,IT,MT,LEATH,POSTT,0.02,2687.905,3,3,2687.905,0.0,0.0,0.0,0.0,134395.25
1814647,IT,WM,PAPE1,HOTEL,0.02,2687.834,3,3,2687.834,0.0,0.0,0.0,0.0,134391.7
1756290,IT,KR,MOTO1,PFERT,0.01,2687.811,3,3,2687.811,0.0,0.0,0.0,0.0,268781.1
1643759,IT,AT,SUPPO,OILHA,0.02,2687.592,3,3,2687.592,0.0,0.0,0.0,0.0,134379.6
1659563,IT,DE,HOTEL,ANTHR,0.02,2687.569,3,3,2687.569,0.0,0.0,0.0,0.0,134378.45
1670729,IT,FI,PAPER,NONME,0.01,2687.547,3,3,2687.547,0.0,0.0,0.0,0.0,268754.7
1670430,IT,FI,FOOD5,NONF1,0.01,2687.536,3,3,2687.536,0.0,0.0,0.0,0.0,268753.6
1737635,IT,GB,PAPER,TRAN2,0.01,2687.494,3,3,2687.494,0.0,0.0,0.0,0.0,268749.4
1753882,IT,CA,RETA1,BUSIN,0.03,2687.429,3,3,2687.429,0.0,0.0,0.0,0.0,89580.966667
1799120,IT,WE,WEARI,TOBAC,0.02,2687.289,3,3,2687.289,0.0,0.0,0.0,0.0,134364.45
1650777,IT,BG,RAILW,FABRI,0.02,2686.919,3,3,2686.919,0.0,0.0,0.0,0.0,134345.95
1718443,IT,PL,TOBAC,EDUCA,0.01,2686.771,3,3,2686.771,0.0,0.0,0.0,0.0,268677.1
1783881,IT,NO,WOOD2,RETAI,0.01,2686.539,3,3,2686.539,0.0,0.0,0.0,0.0,268653.9
1648038,IT,BE,COMPU,RADIO,0.03,2686.314,3,3,2686.314,0.0,0.0,0.0,0.0,89543.8
1640735,IT,AT,TEXTI,BIOGA,0.02,2686.3,3,3,2686.3,0.0,0.0,0.0,0.0,134315.0
1791510,IT,WA,RETA1,BITUM,0.03,2686.294,3,3,2686.294,0.0,0.0,0.0,0.0,89543.133333
1808598,IT,WF,PLAS2,MEATA,0.02,2686.249,3,3,2686.249,0.0,0.0,0.0,0.0,134312.45
1737401,IT,GB,TEXTI,CONST,0.02,2686.204,3,3,2686.204,0.0,0.0,0.0,0.0,134310.2
1713929,IT,MT,CONST,RADIO,0.02,2686.03,3,3,2686.03,0.0,0.0,0.0,0.0,134301.5
1676088,IT,FR,ELEC8,VEGET,0.04,2685.897,3,3,2685.897,0.0,0.0,0.0,0.0,67147.425
1673551,IT,FR,LEATH,FOODW,0.02,2685.827,3,3,2685.827,0.0,0.0,0.0,0.0,134291.35
1778705,IT,TR,RAILW,TEXTI,0.02,2685.775,3,3,2685.775,0.0,0.0,0.0,0.0,134288.75
1689620,IT,IE,SUPPO,OFFIC,0.02,2685.701,3,3,2685.701,0.0,0.0,0.0,0.0,134285.05
1754578,IT,KR,CROPS,CROPS,0.02,2685.497,3,3,2685.497,0.0,0.0,0.0,0.0,134274.85
1663498,IT,DK,RENTI,TRANS,0.02,2685.205,3,3,2685.205,0.0,0.0,0.0,0.0,134260.25
1792590,IT,WA,COMPU,PLAST,0.03,2685.104,3,3,2685.104,0.0,0.0,0.0,0.0,89503.466667
1650747,IT,BG,HOTEL,TRAN2,0.02,2685.083,3,3,2685.083,0.0,0.0,0.0,0.0,134254.15
1685117,IT,HU,FOOD5,TRANS,0.01,2684.418,3,3,2684.418,0.0,0.0,0.0,0.0,268441.8
1771515,IT,CH,FISH5,REALE,0.01,2684.408,3,3,2684.408,0.0,0.0,0.0,0.0,268440.8
1809698,IT,WM,PROCE,RETAI,0.02,2684.365,3,3,2684.365,0.0,0.0,0.0,0.0,134218.25
1684618,IT,HR,FOOD4,PRINT,0.02,2684.214,3,3,2684.214,0.0,0.0,0.0,0.0,134210.7
1688065,IT,HU,COMPU,CONST,0.03,2684.166,3,3,2684.166,0.0,0.0,0.0,0.0,89472.2
1715326,IT,NL,PAPER,WOOD1,0.01,2684.142,3,3,2684.142,0.0,0.0,0.0,0.0,268414.2
1766779,IT,RU,MACHI,PETRO,0.01,2684.012,3,3,2684.012,0.0,0.0,0.0,0.0,268401.2
1791440,IT,WA,WHOLE,RUBBE,0.02,2683.989,3,3,2683.989,0.0,0.0,0.0,0.0,134199.45
1712118,IT,LV,TEXTI,HEALT,0.02,2683.917,3,3,2683.917,0.0,0.0,0.0,0.0,134195.85
1767779,IT,RU,INSUR,RADIO,0.06,2683.741,3,3,2683.741,0.0,0.0,0.0,0.0,44729.016667
1671958,IT,FI,LANDT,NONME,0.02,2683.589,3,3,2683.589,0.0,0.0,0.0,0.0,134179.45
1689041,IT,IE,MOTO1,CHEM1,0.01,2683.471,3,3,2683.471,0.0,0.0,0.0,0.0,268347.1
1768602,IT,AU,BEVER,POSTT,0.01,2683.424,3,3,2683.424,0.0,0.0,0.0,0.0,268342.4
1797214,IT,WL,FINAN,PFERT,0.03,2683.342,3,3,2683.342,0.0,0.0,0.0,0.0,89444.733333
1647989,IT,BE,COMPU,WHEAT,0.03,2683.035,3,3,2683.035,0.0,0.0,0.0,0.0,89434.5
1727310,IT,RO,POSTT,BIODI,0.04,2682.506,3,3,2682.506,0.0,0.0,0.0,0.0,67062.65
1808778,IT,WF,WOOD2,WOODW,0.01,2682.497,3,3,2682.497,0.0,0.0,0.0,0.0,268249.7
1781569,IT,NO,WEARI,NATU1,0.02,2682.403,3,3,2682.403,0.0,0.0,0.0,0.0,134120.15
1740787,IT,US,MEAT4,93197,0.01,2682.218,3,3,2682.218,0.0,0.0,0.0,0.0,268221.8
1711836,IT,LU,FOODW,WASTE,0.02,2682.142,3,3,2682.142,0.0,0.0,0.0,0.0,134107.1
1680034,IT,GR,MACHI,NFERT,0.01,2681.877,3,3,2681.877,0.0,0.0,0.0,0.0,268187.7
1670237,IT,ES,93197,RENTI,0.02,2681.826,3,3,2681.826,0.0,0.0,0.0,0.0,134091.3
1655777,IT,DE,MEAT1,REALE,0.01,2681.802,3,3,2681.802,0.0,0.0,0.0,0.0,268180.2
1733600,IT,SI,HOTEL,STONE,0.02,2681.731,3,3,2681.731,0.0,0.0,0.0,0.0,134086.55
1727380,IT,RO,FINAN,NATUR,0.03,2681.687,3,3,2681.687,0.0,0.0,0.0,0.0,89389.566667
1710285,IT,LT,MOTO1,93197,0.01,2681.648,3,3,2681.648,0.0,0.0,0.0,0.0,268164.8
1690536,IT,IE,WOOD2,REALE,0.01,2681.6,3,3,2681.6,0.0,0.0,0.0,0.0,268160.0
1814330,IT,WM,FINAN,CEMEN,0.03,2681.443,3,3,2681.443,0.0,0.0,0.0,0.0,89381.433333
1808763,IT,WF,WOOD2,FORES,0.01,2681.257,3,3,2681.257,0.0,0.0,0.0,0.0,268125.7
1807527,IT,WF,RENTI,OFFIC,0.02,2681.184,3,3,2681.184,0.0,0.0,0.0,0.0,134059.2
1780252,IT,TW,LANDT,FISH5,0.02,2681.101,3,3,2681.101,0.0,0.0,0.0,0.0,134055.05
1644554,IT,BE,PROCE,RUBBE,0.02,2681.04,3,3,2681.04,0.0,0.0,0.0,0.0,134052.0
1681589,IT,GR,BUSIN,WASTE,0.03,2681.037,3,3,2681.037,0.0,0.0,0.0,0.0,89367.9
1762105,IT,IN,RAILW,PADDY,0.02,2680.968,3,3,2680.968,0.0,0.0,0.0,0.0,134048.4
1652803,IT,CZ,PRINT,TEXTI,0.03,2680.958,3,3,2680.958,0.0,0.0,0.0,0.0,89365.266667
1736425,IT,SK,LANDT,ELEC2,0.02,2680.909,3,3,2680.909,0.0,0.0,0.0,0.0,134045.45
1808196,IT,WF,OILHA,SUPPO,0.02,2680.784,3,3,2680.784,0.0,0.0,0.0,0.0,134039.2
1748145,IT,JP,EDUCA,BUSIN,0.07,2680.545,3,3,2680.545,0.0,0.0,0.0,0.0,38293.5
1767353,IT,RU,RAILW,HOTEL,0.02,2680.516,3,3,2680.516,0.0,0.0,0.0,0.0,134025.8
1808454,IT,WF,FOOD4,PAPER,0.02,2680.497,3,3,2680.497,0.0,0.0,0.0,0.0,134024.85
1744497,IT,US,REALE,DAIRY,0.11,2680.376,3,3,2680.376,0.0,0.0,0.0,0.0,24367.054545
1711911,IT,LU,FOOD2,REALE,0.02,2680.162,3,3,2680.162,0.0,0.0,0.0,0.0,134008.1
1684492,IT,HR,COMPU,PUBLI,0.03,2680.054,3,3,2680.054,0.0,0.0,0.0,0.0,89335.133333
1673687,IT,FR,PAPER,SANDC,0.01,2679.803,3,3,2679.803,0.0,0.0,0.0,0.0,267980.3
1752056,IT,CN,BUSIN,ANIMA,0.03,2679.779,3,3,2679.779,0.0,0.0,0.0,0.0,89325.966667
1801186,IT,WE,FABRI,COALT,0.01,2679.755,3,3,2679.755,0.0,0.0,0.0,0.0,267975.5
1784763,IT,ID,RETA1,TRANS,0.03,2679.532,3,3,2679.532,0.0,0.0,0.0,0.0,89317.733333
1648290,IT,BE,PUBLI,RUBBE,0.04,2679.523,3,3,2679.523,0.0,0.0,0.0,0.0,66988.075
1743326,IT,US,CONST,FURNI,0.01,2679.474,3,3,2679.474,0.0,0.0,0.0,0.0,267947.4
1670099,IT,ES,FOOD4,BUSIN,0.02,2679.186,3,3,2679.186,0.0,0.0,0.0,0.0,133959.3
1753677,IT,CA,MOTO1,OFFIC,0.01,2679.074,3,3,2679.074,0.0,0.0,0.0,0.0,267907.4
1763266,IT,MX,PAPER,STONE,0.01,2678.992,3,3,2678.992,0.0,0.0,0.0,0.0,267899.2
1654511,IT,CZ,HOTEL,BIOGA,0.02,2678.626,3,3,2678.626,0.0,0.0,0.0,0.0,133931.3
1648820,IT,BG,FISH5,RENTI,0.01,2678.625,3,3,2678.625,0.0,0.0,0.0,0.0,267862.5
1751648,IT,CN,FINAN,RETA1,0.03,2678.606,3,3,2678.606,0.0,0.0,0.0,0.0,89286.866667
1765431,IT,RU,TEXTI,PREC1,0.02,2678.522,3,3,2678.522,0.0,0.0,0.0,0.0,133926.1
1727744,IT,RO,RESEA,BASIC,0.01,2678.416,3,3,2678.416,0.0,0.0,0.0,0.0,267841.6
1659364,IT,DE,RETAI,FOOD2,0.02,2678.406,3,3,2678.406,0.0,0.0,0.0,0.0,133920.3
1793901,IT,WL,WEARI,CHARC,0.02,2678.353,3,3,2678.353,0.0,0.0,0.0,0.0,133917.65
1661057,IT,DE,PUBLI,PLAST,0.04,2678.312,3,3,2678.312,0.0,0.0,0.0,0.0,66957.8
1747351,IT,JP,RETA1,NONME,0.03,2678.307,3,3,2678.307,0.0,0.0,0.0,0.0,89276.9
1647675,IT,BE,FINAN,AIRTR,0.03,2678.192,3,3,2678.192,0.0,0.0,0.0,0.0,89273.066667
1711372,IT,LU,RETA1,PRINT,0.03,2677.556,3,3,2677.556,0.0,0.0,0.0,0.0,89251.866667
1678226,IT,FR,OILHA,EDUCA,0.02,2677.5,3,3,2677.5,0.0,0.0,0.0,0.0,133875.0
1688941,IT,IE,FABRI,FURNI,0.01,2677.264,3,3,2677.264,0.0,0.0,0.0,0.0,267726.4
1711899,IT,LU,FOOD2,LEAD1,0.02,2677.222,3,3,2677.222,0.0,0.0,0.0,0.0,133861.1
1747275,IT,JP,WHOLE,NONSP,0.02,2676.865,3,3,2676.865,0.0,0.0,0.0,0.0,133843.25
1678239,IT,FR,FOOD1,INERT,0.01,2676.859,3,3,2676.859,0.0,0.0,0.0,0.0,267685.9
1727320,IT,RO,POSTT,NONF1,0.04,2676.803,3,3,2676.803,0.0,0.0,0.0,0.0,66920.075
1658619,IT,DE,MACHI,GASWO,0.01,2676.755,3,3,2676.755,0.0,0.0,0.0,0.0,267675.5
1745728,IT,JP,WEARI,COALT,0.02,2676.703,3,3,2676.703,0.0,0.0,0.0,0.0,133835.15
1741157,IT,US,LEATH,PFERT,0.02,2676.296,3,3,2676.296,0.0,0.0,0.0,0.0,133814.8
1686805,IT,HU,FABRI,NFERT,0.01,2676.243,3,3,2676.243,0.0,0.0,0.0,0.0,267624.3
1804210,IT,WF,PRINT,MOTO1,0.03,2676.1,3,3,2676.1,0.0,0.0,0.0,0.0,89203.333333
1671703,IT,FI,SALEM,LEATH,0.02,2676.046,3,3,2676.046,0.0,0.0,0.0,0.0,133802.3
1647774,IT,BE,AUXIL,SANDC,0.05,2676.036,3,3,2676.036,0.0,0.0,0.0,0.0,53520.72
1802869,IT,WE,PAPE4,CRUDE,0.02,2675.943,3,3,2675.943,0.0,0.0,0.0,0.0,133797.15
1814762,IT,WM,FOOD2,AIRTR,0.02,2675.94,3,3,2675.94,0.0,0.0,0.0,0.0,133797.0
1747653,IT,JP,POSTT,MOTOR,0.04,2675.917,3,3,2675.917,0.0,0.0,0.0,0.0,66897.925
1721793,IT,PL,AUXIL,RETA1,0.05,2675.811,3,3,2675.811,0.0,0.0,0.0,0.0,53516.22
1736816,IT,SK,COMPU,RESEA,0.03,2675.476,3,3,2675.476,0.0,0.0,0.0,0.0,89182.533333
1714943,IT,NL,BEVER,WASTE,0.01,2675.428,3,3,2675.428,0.0,0.0,0.0,0.0,267542.8
1685056,IT,HU,DAIRY,FOOD4,0.01,2675.389,3,3,2675.389,0.0,0.0,0.0,0.0,267538.9
1730061,IT,SE,RETA1,FISHF,0.03,2675.161,3,3,2675.161,0.0,0.0,0.0,0.0,89172.033333
1787795,IT,WA,PROCE,PADDY,0.02,2675.119,3,3,2675.119,0.0,0.0,0.0,0.0,133755.95
1762384,IT,IN,POSTT,NAPHT,0.04,2674.94,3,3,2674.94,0.0,0.0,0.0,0.0,66873.5
1688461,IT,IE,WEARI,PAPER,0.02,2674.689,3,3,2674.689,0.0,0.0,0.0,0.0,133734.45
1713926,IT,MT,ELE12,COLLE,0.02,2674.677,3,3,2674.677,0.0,0.0,0.0,0.0,133733.85
1747344,IT,JP,RETA1,MOTOR,0.03,2674.622,3,3,2674.622,0.0,0.0,0.0,0.0,89154.066667
1650137,IT,BG,MOTO1,FORES,0.01,2674.581,3,3,2674.581,0.0,0.0,0.0,0.0,267458.1
1644407,IT,BE,MEATP,HEALT,0.01,2674.564,3,3,2674.564,0.0,0.0,0.0,0.0,267456.4
1770652,IT,AU,FINAN,RENTI,0.03,2674.536,3,3,2674.536,0.0,0.0,0.0,0.0,89151.2
1733591,IT,SI,RETA1,INERT,0.03,2674.389,3,3,2674.389,0.0,0.0,0.0,0.0,89146.3
1725769,IT,RO,PRINT,NONF1,0.03,2674.212,3,3,2674.212,0.0,0.0,0.0,0.0,89140.4
1650984,IT,BG,SUPPO,ALUM1,0.02,2674.135,3,3,2674.135,0.0,0.0,0.0,0.0,133706.75
1715161,IT,NL,LEATH,EDUCA,0.02,2674.105,3,3,2674.105,0.0,0.0,0.0,0.0,133705.25
1779509,IT,TR,RENTI,RAILW,0.02,2674.045,3,3,2674.045,0.0,0.0,0.0,0.0,133702.25
1791455,IT,WA,WHOLE,MEDIC,0.02,2674.026,3,3,2674.026,0.0,0.0,0.0,0.0,133701.3
1721661,IT,PL,FINAN,FORES,0.03,2673.964,3,3,2673.964,0.0,0.0,0.0,0.0,89132.133333
1771944,IT,CH,PAPER,NONF1,0.01,2673.911,3,3,2673.911,0.0,0.0,0.0,0.0,267391.1
1649985,IT,BG,FABRI,PAPE4,0.01,2673.809,3,3,2673.809,0.0,0.0,0.0,0.0,267380.9
1648655,IT,BG,DAIRY,PFERT,0.01,2673.258,3,3,2673.258,0.0,0.0,0.0,0.0,267325.8
1687213,IT,HU,CONST,FOOD2,0.01,2673.252,3,3,2673.252,0.0,0.0,0.0,0.0,267325.2
1744131,IT,US,SUPPO,ELEC8,0.02,2673.21,3,3,2673.21,0.0,0.0,0.0,0.0,133660.5
1792339,IT,WA,FINAN,CERAM,0.03,2673.005,3,3,2673.005,0.0,0.0,0.0,0.0,89100.166667
1778113,IT,TR,MOTO1,HOTEL,0.01,2672.808,3,3,2672.808,0.0,0.0,0.0,0.0,267280.8
1770182,IT,AU,RETA1,COMPU,0.03,2672.758,3,3,2672.758,0.0,0.0,0.0,0.0,89091.933333
1771367,IT,CH,PROCE,BUSIN,0.02,2672.722,3,3,2672.722,0.0,0.0,0.0,0.0,133636.1
1780006,IT,TW,SALEM,OFFIC,0.02,2672.63,3,3,2672.63,0.0,0.0,0.0,0.0,133631.5
1807228,IT,WF,SUPPO,FISH5,0.02,2672.389,3,3,2672.389,0.0,0.0,0.0,0.0,133619.45
1718762,IT,PL,PAPER,CATTL,0.01,2671.847,3,3,2671.847,0.0,0.0,0.0,0.0,267184.7
1677681,IT,FR,RENTI,PULP5,0.02,2671.71,3,3,2671.71,0.0,0.0,0.0,0.0,133585.5
1775898,IT,TR,PROCE,MOTO1,0.02,2671.697,3,3,2671.697,0.0,0.0,0.0,0.0,133584.85
1744283,IT,US,POSTT,WOOD1,0.04,2671.65,3,3,2671.65,0.0,0.0,0.0,0.0,66791.25
1734217,IT,SI,RENTI,CEMEN,0.02,2671.623,3,3,2671.623,0.0,0.0,0.0,0.0,133581.15
1755271,IT,KR,PAPER,LIQUI,0.01,2671.108,3,3,2671.108,0.0,0.0,0.0,0.0,267110.8
1807764,IT,WF,PUBLI,RESEA,0.04,2671.092,3,3,2671.092,0.0,0.0,0.0,0.0,66777.3
1716380,IT,NL,MACHI,KEROS,0.01,2671.0,3,3,2671.0,0.0,0.0,0.0,0.0,267100.0
1731453,IT,SI,BEVER,SANDC,0.01,2670.906,3,3,2670.906,0.0,0.0,0.0,0.0,267090.6
1767824,IT,RU,AUXIL,MEATP,0.05,2670.875,3,3,2670.875,0.0,0.0,0.0,0.0,53417.5
1714905,IT,NL,BEVER,LEAD1,0.01,2670.79,3,3,2670.79,0.0,0.0,0.0,0.0,267079.0
1737459,IT,GB,LEATH,NONME,0.02,2670.741,3,3,2670.741,0.0,0.0,0.0,0.0,133537.05
1670466,IT,FI,BEVER,CHEMI,0.01,2670.672,3,3,2670.672,0.0,0.0,0.0,0.0,267067.2
1775871,IT,TR,DAIRY,LANDT,0.01,2670.446,3,3,2670.446,0.0,0.0,0.0,0.0,267044.6
1802225,IT,WE,RAILW,SALEM,0.02,2670.227,3,3,2670.227,0.0,0.0,0.0,0.0,133511.35
1684379,IT,HR,POSTT,OFFIC,0.04,2670.199,3,3,2670.199,0.0,0.0,0.0,0.0,66754.975
1734532,IT,SK,DAIRY,PUBLI,0.01,2670.171,3,3,2670.171,0.0,0.0,0.0,0.0,267017.1
1646961,IT,BE,WHOLE,FOOD3,0.02,2669.916,3,3,2669.916,0.0,0.0,0.0,0.0,133495.8
1740379,IT,GB,HEALT,PRINT,0.01,2669.886,3,3,2669.886,0.0,0.0,0.0,0.0,266988.6
1762340,IT,IN,SUPPO,MEDIC,0.02,2669.532,3,3,2669.532,0.0,0.0,0.0,0.0,133476.6
1745478,IT,JP,FOOD5,LEATH,0.01,2669.258,3,3,2669.258,0.0,0.0,0.0,0.0,266925.8
1720946,IT,PL,WHOLE,FOOD5,0.02,2669.089,3,3,2669.089,0.0,0.0,0.0,0.0,133454.45
1751586,IT,CN,POSTT,MEDIC,0.04,2668.964,3,3,2668.964,0.0,0.0,0.0,0.0,66724.1
1751773,IT,CN,AUXIL,RUBBE,0.05,2668.896,3,3,2668.896,0.0,0.0,0.0,0.0,53377.92
1724770,IT,PT,RENTI,MACHI,0.02,2668.86,3,3,2668.86,0.0,0.0,0.0,0.0,133443.0
1760565,IT,IN,LEATH,DIST1,0.02,2668.849,3,3,2668.849,0.0,0.0,0.0,0.0,133442.45
1681170,IT,GR,POSTT,MACHI,0.04,2668.764,3,3,2668.764,0.0,0.0,0.0,0.0,66719.1
1773599,IT,CH,TRANS,GASDI,0.02,2668.755,3,3,2668.755,0.0,0.0,0.0,0.0,133437.75
1678122,IT,FR,PAPE1,TEXT1,0.02,2668.628,3,3,2668.628,0.0,0.0,0.0,0.0,133431.4
1756127,IT,KR,FABRI,WOOD1,0.01,2668.516,3,3,2668.516,0.0,0.0,0.0,0.0,266851.6
1780912,IT,TW,RESEA,ELEC8,0.01,2668.506,3,3,2668.506,0.0,0.0,0.0,0.0,266850.6
1783289,IT,NO,FOODW,RENTI,0.02,2668.351,3,3,2668.351,0.0,0.0,0.0,0.0,133417.55
1747753,IT,JP,INSUR,REALE,0.05,2668.307,3,3,2668.307,0.0,0.0,0.0,0.0,53366.14
1734221,IT,SI,RENTI,FURNI,0.02,2667.901,3,3,2667.901,0.0,0.0,0.0,0.0,133395.05
1767193,IT,RU,RETA1,PLAST,0.03,2667.876,3,3,2667.876,0.0,0.0,0.0,0.0,88929.2
1770376,IT,AU,LANDT,GASDI,0.02,2667.632,3,3,2667.632,0.0,0.0,0.0,0.0,133381.6
1711948,IT,LU,PAPE4,MOTO1,0.02,2667.579,3,3,2667.579,0.0,0.0,0.0,0.0,133378.95
1734338,IT,SI,BUSIN,AUXIL,0.03,2667.54,3,3,2667.54,0.0,0.0,0.0,0.0,88918.0
1778531,IT,TR,RETA1,PFERT,0.03,2667.496,3,3,2667.496,0.0,0.0,0.0,0.0,88916.533333
1644789,IT,BE,TOBAC,NONF1,0.01,2667.449,3,3,2667.449,0.0,0.0,0.0,0.0,266744.9
1729876,IT,SE,TRANS,RUBBE,0.02,2667.395,3,3,2667.395,0.0,0.0,0.0,0.0,133369.75
1759638,IT,BR,RESEA,LIQUI,0.01,2667.37,3,3,2667.37,0.0,0.0,0.0,0.0,266737.0
1751876,IT,CN,COMPU,MEAT4,0.03,2667.195,3,3,2667.195,0.0,0.0,0.0,0.0,88906.5
1687045,IT,HU,MOTO1,DAIRY,0.01,2667.168,3,3,2667.168,0.0,0.0,0.0,0.0,266716.8
1791263,IT,WA,CONST,CROPS,0.01,2666.958,3,3,2666.958,0.0,0.0,0.0,0.0,266695.8
1782749,IT,NO,RETA1,EDUCA,0.03,2666.923,3,3,2666.923,0.0,0.0,0.0,0.0,88897.433333
1798797,IT,WE,FOOD5,BIODI,0.01,2666.893,3,3,2666.893,0.0,0.0,0.0,0.0,266689.3
1651379,IT,CY,PAPER,93197,0.01,2666.715,3,3,2666.715,0.0,0.0,0.0,0.0,266671.5
1684551,IT,HR,BUSIN,MEDIC,0.03,2666.506,3,3,2666.506,0.0,0.0,0.0,0.0,88883.533333
1648858,IT,BG,TEXTI,HEAVY,0.02,2666.371,3,3,2666.371,0.0,0.0,0.0,0.0,133318.55
1687709,IT,HU,SUPPO,NATUR,0.02,2666.182,3,3,2666.182,0.0,0.0,0.0,0.0,133309.1
1670718,IT,FI,PAPER,WEARI,0.01,2666.178,3,3,2666.178,0.0,0.0,0.0,0.0,266617.8
1651059,IT,BG,INSUR,WEARI,0.05,2666.015,3,3,2666.015,0.0,0.0,0.0,0.0,53320.3
1775976,IT,TR,BEVER,SUPPO,0.01,2665.977,3,3,2665.977,0.0,0.0,0.0,0.0,266597.7
1730993,IT,SE,SEWAG,BASIC,0.02,2665.854,3,3,2665.854,0.0,0.0,0.0,0.0,133292.7
1739041,IT,GB,RETAI,BEVER,0.02,2665.743,3,3,2665.743,0.0,0.0,0.0,0.0,133287.15
1672197,IT,FI,AUXIL,AUXIL,0.05,2665.737,3,3,2665.737,0.0,0.0,0.0,0.0,53314.74
1744753,IT,US,RESEA,PULP5,0.01,2665.401,3,3,2665.401,0.0,0.0,0.0,0.0,266540.1
1715143,IT,NL,LEATH,ELEC1,0.02,2665.343,3,3,2665.343,0.0,0.0,0.0,0.0,133267.15
1771191,IT,CH,MEAT4,RAILW,0.01,2665.158,3,3,2665.158,0.0,0.0,0.0,0.0,266515.8
1681432,IT,GR,RENTI,INLAN,0.02,2665.127,3,3,2665.127,0.0,0.0,0.0,0.0,133256.35
1778132,IT,TR,TRANS,CERAM,0.02,2665.107,3,3,2665.107,0.0,0.0,0.0,0.0,133255.35
1685067,IT,HU,PROCE,RETA1,0.02,2664.474,3,3,2664.474,0.0,0.0,0.0,0.0,133223.7
1788588,IT,WA,PAPER,INLAN,0.01,2664.437,3,3,2664.437,0.0,0.0,0.0,0.0,266443.7
1798124,IT,WL,PRIVA,NFERT,0.59,2664.211,3,3,2664.211,0.0,0.0,0.0,0.0,4515.611864
1647190,IT,BE,RAILW,HEALT,0.02,2664.01,3,3,2664.01,0.0,0.0,0.0,0.0,133200.5
1764145,IT,MX,FABRI,TRAN2,0.01,2663.813,3,3,2663.813,0.0,0.0,0.0,0.0,266381.3
1673091,IT,FR,FOOD5,INLAN,0.01,2663.598,3,3,2663.598,0.0,0.0,0.0,0.0,266359.8
1792499,IT,WA,REALE,PRINT,0.11,2663.579,3,3,2663.579,0.0,0.0,0.0,0.0,24214.354545
1725093,IT,RO,FORES,PULP5,0.02,2663.302,4,4,2662.302,0.0,1.0,0.0,0.0,133165.1
1752461,IT,CA,DAIRY,MOTO1,0.01,2663.23,3,3,2663.23,0.0,0.0,0.0,0.0,266323.0
1644865,IT,BE,WEARI,SUPPO,0.02,2663.088,3,3,2663.088,0.0,0.0,0.0,0.0,133154.4
1780149,IT,TW,HOTEL,BRICK,0.02,2662.984,3,3,2662.984,0.0,0.0,0.0,0.0,133149.2
1743719,IT,US,RAILW,93197,0.02,2662.937,3,3,2662.937,0.0,0.0,0.0,0.0,133146.85
1687363,IT,HU,HOTEL,TEXTI,0.02,2662.889,3,3,2662.889,0.0,0.0,0.0,0.0,133144.45
1718256,IT,PL,FOOD5,NATUR,0.01,2662.851,3,3,2662.851,0.0,0.0,0.0,0.0,266285.1
1785015,IT,ID,BUSIN,LEATH,0.03,2662.561,3,3,2662.561,0.0,0.0,0.0,0.0,88752.033333
1736680,IT,SK,INSUR,SEWAG,0.05,2662.534,3,3,2662.534,0.0,0.0,0.0,0.0,53250.68
1687494,IT,HU,LANDT,STONE,0.02,2662.493,3,3,2662.493,0.0,0.0,0.0,0.0,133124.65
1759988,IT,BR,INTER,PLAST,0.02,2662.36,3,3,2662.36,0.0,0.0,0.0,0.0,133118.0
1660212,IT,DE,POSTT,PIGS9,0.04,2662.295,3,3,2662.295,0.0,0.0,0.0,0.0,66557.375
1738802,IT,GB,MOTO1,FOOD5,0.01,2662.248,3,3,2662.248,0.0,0.0,0.0,0.0,266224.8
1681210,IT,GR,POSTT,PAPE4,0.04,2662.186,3,3,2662.186,0.0,0.0,0.0,0.0,66554.65
1781403,IT,NO,FOOD5,ANIMA,0.01,2662.078,3,3,2662.078,0.0,0.0,0.0,0.0,266207.8
1654430,IT,CZ,WHOLE,POSTT,0.02,2661.956,3,3,2661.956,0.0,0.0,0.0,0.0,133097.8
1747250,IT,JP,WHOLE,MEATA,0.02,2661.937,3,3,2661.937,0.0,0.0,0.0,0.0,133096.85
1796540,IT,WL,RETA1,RAILW,0.03,2661.65,3,3,2661.65,0.0,0.0,0.0,0.0,88721.666667
1678787,IT,GR,FOOD5,OFFIC,0.01,2661.65,3,3,2661.65,0.0,0.0,0.0,0.0,266165.0
1781049,IT,TW,PUBLI,VEGE1,0.04,2661.445,3,3,2661.445,0.0,0.0,0.0,0.0,66536.125
1731521,IT,SI,FISH5,DISTR,0.01,2661.431,3,3,2661.431,0.0,0.0,0.0,0.0,266143.1
1787838,IT,WA,FOOD5,MEAT1,0.01,2661.257,3,3,2661.257,0.0,0.0,0.0,0.0,266125.7
1787601,IT,WA,MEAT1,ANIMA,0.01,2661.17,3,3,2661.17,0.0,0.0,0.0,0.0,266117.0
1792242,IT,WA,POSTT,LIQUE,0.04,2661.108,3,3,2661.108,0.0,0.0,0.0,0.0,66527.7
1680864,IT,GR,LANDT,LEATH,0.02,2660.613,3,3,2660.613,0.0,0.0,0.0,0.0,133030.65
1792479,IT,WA,AUXIL,93197,0.05,2660.424,3,3,2660.424,0.0,0.0,0.0,0.0,53208.48
1655415,IT,DE,MEATA,RENTI,0.01,2660.238,3,3,2660.238,0.0,0.0,0.0,0.0,266023.8
1714346,IT,MT,MEMBE,ELEC7,0.03,2660.005,3,3,2660.005,0.0,0.0,0.0,0.0,88666.833333
1681407,IT,GR,REALE,POSTT,0.11,2659.866,3,3,2659.866,0.0,0.0,0.0,0.0,24180.6
1721721,IT,PL,FINAN,93197,0.03,2659.82,3,3,2659.82,0.0,0.0,0.0,0.0,88660.666667
1756976,IT,KR,COMPU,BASIC,0.03,2659.685,3,3,2659.685,0.0,0.0,0.0,0.0,88656.166667
1678267,IT,FR,FOOD2,RUBBE,0.02,2659.479,3,3,2659.479,0.0,0.0,0.0,0.0,132973.95
1797326,IT,WL,AUXIL,RECRE,0.05,2659.35,3,3,2659.35,0.0,0.0,0.0,0.0,53187.0
1793764,IT,WL,FISH5,RAWMI,0.01,2659.341,3,3,2659.341,0.0,0.0,0.0,0.0,265934.1
1780510,IT,TW,POSTT,DISTR,0.04,2659.213,3,3,2659.213,0.0,0.0,0.0,0.0,66480.325
1690468,IT,IE,PAPE4,LEAD1,0.02,2659.197,3,3,2659.197,0.0,0.0,0.0,0.0,132959.85
1748307,IT,JP,93197,CONST,0.02,2659.194,3,3,2659.194,0.0,0.0,0.0,0.0,132959.7
1672237,IT,FI,REALE,TRANS,0.11,2659.049,3,3,2659.049,0.0,0.0,0.0,0.0,24173.172727
1759411,IT,BR,INSUR,RUBBE,0.05,2658.861,3,3,2658.861,0.0,0.0,0.0,0.0,53177.22
1736777,IT,SK,COMPU,WOODW,0.03,2658.804,3,3,2658.804,0.0,0.0,0.0,0.0,88626.8
1768164,IT,RU,PUBLI,FOUND,0.04,2658.584,3,3,2658.584,0.0,0.0,0.0,0.0,66464.6
1681598,IT,GR,BUSIN,93197,0.03,2658.423,3,3,2658.423,0.0,0.0,0.0,0.0,88614.1
1740501,IT,GB,WOOD2,INERT,0.01,2658.302,3,3,2658.302,0.0,0.0,0.0,0.0,265830.2
1678271,IT,FR,FOOD2,TRANS,0.02,2658.277,3,3,2658.277,0.0,0.0,0.0,0.0,132913.85
1792506,IT,WA,REALE,PLAST,0.11,2658.201,3,3,2658.201,0.0,0.0,0.0,0.0,24165.463636
1659755,IT,DE,RAILW,RECRE,0.02,2658.058,3,3,2658.058,0.0,0.0,0.0,0.0,132902.9
1754602,IT,KR,ANIMA,LIQUE,0.01,2658.034,3,3,2658.034,0.0,0.0,0.0,0.0,265803.4
1736924,IT,SK,EDUCA,PUBLI,0.07,2657.927,3,3,2657.927,0.0,0.0,0.0,0.0,37970.385714
1669878,IT,ES,PUBLI,RUBBE,0.04,2657.787,3,3,2657.787,0.0,0.0,0.0,0.0,66444.675
1655785,IT,DE,MEAT4,WHOLE,0.01,2657.596,3,3,2657.596,0.0,0.0,0.0,0.0,265759.6
1735856,IT,SK,MACHI,MEMBE,0.01,2657.54,3,3,2657.54,0.0,0.0,0.0,0.0,265754.0
1681345,IT,GR,INSUR,RETA1,0.05,2657.359,3,3,2657.359,0.0,0.0,0.0,0.0,53147.18
1763281,IT,MX,PAPER,PULP5,0.01,2657.229,3,3,2657.229,0.0,0.0,0.0,0.0,265722.9
1730174,IT,SE,LANDT,BIODI,0.02,2657.099,3,3,2657.099,0.0,0.0,0.0,0.0,132854.95
1669316,IT,ES,FINAN,ELEC2,0.03,2657.076,3,3,2657.076,0.0,0.0,0.0,0.0,88569.2
1668466,IT,ES,RETA1,PLAS2,0.03,2657.062,3,3,2657.062,0.0,0.0,0.0,0.0,88568.733333
1721097,IT,PL,HOTEL,OILHA,0.02,2656.835,3,3,2656.835,0.0,0.0,0.0,0.0,132841.75
1644290,IT,BE,ANIMA,WHOLE,0.01,2656.613,3,3,2656.613,0.0,0.0,0.0,0.0,265661.3
1736595,IT,SK,POSTT,MOTO1,0.04,2656.536,3,3,2656.536,0.0,0.0,0.0,0.0,66413.4
1650609,IT,BG,ELEC8,REALE,0.04,2656.53,3,3,2656.53,0.0,0.0,0.0,0.0,66413.25
1724492,IT,PT,SUPPO,RESEA,0.02,2656.491,3,3,2656.491,0.0,0.0,0.0,0.0,132824.55
1775553,IT,CH,PAPE4,HEALT,0.02,2656.231,3,3,2656.231,0.0,0.0,0.0,0.0,132811.55
1776107,IT,TR,LEATH,FISHF,0.02,2656.165,3,3,2656.165,0.0,0.0,0.0,0.0,132808.25
1786960,IT,ZA,POSTT,FINAN,0.04,2656.099,3,3,2656.099,0.0,0.0,0.0,0.0,66402.475
1807234,IT,WF,SUPPO,CHARC,0.02,2655.572,3,3,2655.572,0.0,0.0,0.0,0.0,132778.6
1650668,IT,BG,RETA1,FORES,0.03,2655.553,3,3,2655.553,0.0,0.0,0.0,0.0,88518.433333
1767411,IT,RU,LANDT,NONME,0.02,2655.197,3,3,2655.197,0.0,0.0,0.0,0.0,132759.85
1660262,IT,DE,POSTT,RADIO,0.04,2655.067,3,3,2655.067,0.0,0.0,0.0,0.0,66376.675
1662588,IT,DK,FABRI,DISTR,0.01,2654.941,3,3,2654.941,0.0,0.0,0.0,0.0,265494.1
1784069,IT,ID,LEATH,FISHF,0.02,2654.854,3,3,2654.854,0.0,0.0,0.0,0.0,132742.7
1737230,IT,GB,PROCE,RENTI,0.02,2654.615,3,3,2654.615,0.0,0.0,0.0,0.0,132730.75
1763140,IT,MX,LEATH,MEATP,0.02,2654.436,3,3,2654.436,0.0,0.0,0.0,0.0,132721.8
1751785,IT,CN,AUXIL,ELECT,0.05,2654.357,3,3,2654.357,0.0,0.0,0.0,0.0,53087.14
1678422,IT,FR,INERT,EDUCA,0.02,2654.308,3,3,2654.308,0.0,0.0,0.0,0.0,132715.4
1808218,IT,WF,FOOD1,MEATC,0.01,2654.167,3,3,2654.167,0.0,0.0,0.0,0.0,265416.7
1780866,IT,TW,RESEA,CHEMI,0.01,2654.073,3,3,2654.073,0.0,0.0,0.0,0.0,265407.3
1669435,IT,ES,INSUR,SEACO,0.05,2654.054,3,3,2654.054,0.0,0.0,0.0,0.0,53081.08
1661135,IT,DE,RECRE,ELEC5,0.03,2654.024,3,3,2654.024,0.0,0.0,0.0,0.0,88467.466667
1808226,IT,WF,FOOD1,SEACO,0.01,2654.016,3,3,2654.016,0.0,0.0,0.0,0.0,265401.6
1655774,IT,DE,MEAT1,WHOLE,0.01,2653.956,3,3,2653.956,0.0,0.0,0.0,0.0,265395.6
1724555,IT,PT,POSTT,AUXIL,0.04,2653.928,3,3,2653.928,0.0,0.0,0.0,0.0,66348.2
1808608,IT,WF,PLAS2,NONFE,0.02,2653.911,3,3,2653.911,0.0,0.0,0.0,0.0,132695.55
1796263,IT,WL,CONST,BIOGA,0.01,2653.762,3,3,2653.762,0.0,0.0,0.0,0.0,265376.2
1734851,IT,SK,PAPER,KEROS,0.01,2653.696,3,3,2653.696,0.0,0.0,0.0,0.0,265369.6
1711892,IT,LU,OILHA,MOTO1,0.02,2653.681,3,3,2653.681,0.0,0.0,0.0,0.0,132684.05
1714818,IT,NL,FOOD5,PAPER,0.01,2653.561,3,3,2653.561,0.0,0.0,0.0,0.0,265356.1
1716804,IT,NL,RETA1,PLAS1,0.03,2653.442,3,3,2653.442,0.0,0.0,0.0,0.0,88448.066667
1650683,IT,BG,RETA1,SECO9,0.03,2653.255,3,3,2653.255,0.0,0.0,0.0,0.0,88441.833333
1808609,IT,WF,PLAS2,MEATC,0.02,2653.218,3,3,2653.218,0.0,0.0,0.0,0.0,132660.9
1648219,IT,BE,BUSIN,ELEC7,0.03,2652.986,3,3,2652.986,0.0,0.0,0.0,0.0,88432.866667
1678930,IT,GR,TEXTI,MOTO1,0.02,2652.725,3,3,2652.725,0.0,0.0,0.0,0.0,132636.25
1801813,IT,WE,ELEC5,TEXTI,0.03,2652.709,3,3,2652.709,0.0,0.0,0.0,0.0,88423.633333
1783453,IT,NO,TEXT1,REALE,0.02,2652.634,3,3,2652.634,0.0,0.0,0.0,0.0,132631.7
1675578,IT,FR,MOTO1,ADDIT,0.01,2652.559,3,3,2652.559,0.0,0.0,0.0,0.0,265255.9
1677221,IT,FR,POSTT,PLAS1,0.04,2652.52,3,3,2652.52,0.0,0.0,0.0,0.0,66313.0
1730397,IT,SE,POSTT,MEATP,0.04,2652.445,3,3,2652.445,0.0,0.0,0.0,0.0,66311.125
1668270,IT,ES,WHOLE,TOBAC,0.02,2651.818,3,3,2651.818,0.0,0.0,0.0,0.0,132590.9
1809871,IT,WM,BEVER,MEATP,0.01,2651.763,3,3,2651.763,0.0,0.0,0.0,0.0,265176.3
1797415,IT,WL,COMPU,MOTO1,0.03,2651.752,3,3,2651.752,0.0,0.0,0.0,0.0,88391.733333
1670406,IT,FI,FOOD5,FORES,0.01,2651.632,3,3,2651.632,0.0,0.0,0.0,0.0,265163.2
1769023,IT,AU,PRINT,LANDT,0.03,2651.616,3,3,2651.616,0.0,0.0,0.0,0.0,88387.2
1747247,IT,JP,RETAI,MOTO1,0.02,2651.58,3,3,2651.58,0.0,0.0,0.0,0.0,132579.0
1757500,IT,BR,PAPER,FOOD3,0.01,2651.472,3,3,2651.472,0.0,0.0,0.0,0.0,265147.2
1643874,IT,AT,REALE,PRINT,0.11,2651.383,3,3,2651.383,0.0,0.0,0.0,0.0,24103.481818
1661085,IT,DE,PUBLI,RETA1,0.04,2651.323,3,3,2651.323,0.0,0.0,0.0,0.0,66283.075
1736977,IT,GB,CROPS,WHOLE,0.02,2651.088,3,3,2651.088,0.0,0.0,0.0,0.0,132554.4
1722037,IT,PL,RESEA,REALE,0.01,2651.074,3,3,2651.074,0.0,0.0,0.0,0.0,265107.4
1781374,IT,NO,DAIRY,POSTT,0.01,2651.033,3,3,2651.033,0.0,0.0,0.0,0.0,265103.3
1661499,IT,DK,FOOD5,PAPER,0.01,2650.901,3,3,2650.901,0.0,0.0,0.0,0.0,265090.1
1751602,IT,CN,POSTT,RETAI,0.04,2650.784,3,3,2650.784,0.0,0.0,0.0,0.0,66269.6
1762104,IT,IN,RETA1,93197,0.03,2650.748,3,3,2650.748,0.0,0.0,0.0,0.0,88358.266667
1814532,IT,WM,RESEA,FOOD4,0.01,2650.715,3,3,2650.715,0.0,0.0,0.0,0.0,265071.5
1760035,IT,BR,WOOD1,OFFIC,0.02,2650.576,3,3,2650.576,0.0,0.0,0.0,0.0,132528.8
1779712,IT,TR,BUSIN,PRECI,0.03,2650.525,3,3,2650.525,0.0,0.0,0.0,0.0,88350.833333
1738636,IT,GB,MACHI,SUGAR,0.01,2650.468,3,3,2650.468,0.0,0.0,0.0,0.0,265046.8
1718798,IT,PL,PAPER,NAPHT,0.01,2650.413,3,3,2650.413,0.0,0.0,0.0,0.0,265041.3
1643139,IT,AT,RETA1,BRICK,0.03,2650.259,3,3,2650.259,0.0,0.0,0.0,0.0,88341.966667
1787582,IT,WA,MEATP,PADDY,0.01,2650.132,3,3,2650.132,0.0,0.0,0.0,0.0,265013.2
1714718,IT,NL,DAIRY,VEGET,0.01,2650.063,3,3,2650.063,0.0,0.0,0.0,0.0,265006.3
1668361,IT,ES,RETA1,WHEAT,0.03,2649.912,3,3,2649.912,0.0,0.0,0.0,0.0,88330.4
1663737,IT,EE,DAIRY,HEALT,0.01,2649.87,3,3,2649.87,0.0,0.0,0.0,0.0,264987.0
1753941,IT,CA,LANDT,FORES,0.02,2649.718,3,3,2649.718,0.0,0.0,0.0,0.0,132485.9
1768118,IT,RU,BUSIN,PAPE4,0.03,2649.687,3,3,2649.687,0.0,0.0,0.0,0.0,88322.9
1681552,IT,GR,BUSIN,SECO9,0.03,2649.544,3,3,2649.544,0.0,0.0,0.0,0.0,88318.133333
1755016,IT,KR,WEARI,COKEO,0.02,2649.481,3,3,2649.481,0.0,0.0,0.0,0.0,132474.05
1759992,IT,BR,INTER,FABRI,0.02,2649.451,3,3,2649.451,0.0,0.0,0.0,0.0,132472.55
1762153,IT,IN,LANDT,FOUND,0.02,2649.25,3,3,2649.25,0.0,0.0,0.0,0.0,132462.5
1685198,IT,HU,BEVER,FOOD4,0.01,2649.06,3,3,2649.06,0.0,0.0,0.0,0.0,264906.0
1678481,IT,FR,RECRE,SEACO,0.03,2648.965,3,3,2648.965,0.0,0.0,0.0,0.0,88298.833333
1713991,IT,MT,WHOLE,COLLE,0.02,2648.952,3,3,2648.952,0.0,0.0,0.0,0.0,132447.6
1796782,IT,WL,LANDT,AIRTR,0.02,2648.875,3,3,2648.875,0.0,0.0,0.0,0.0,132443.75
1751054,IT,CN,WHOLE,INSUR,0.02,2648.388,3,3,2648.388,0.0,0.0,0.0,0.0,132419.4
1810047,IT,WM,TEXTI,LUBRI,0.02,2648.26,3,3,2648.26,0.0,0.0,0.0,0.0,132413.0
1680446,IT,GR,ELEC4,WHOLE,0.04,2648.256,3,3,2648.256,0.0,0.0,0.0,0.0,66206.4
1669140,IT,ES,POSTT,LEATH,0.04,2648.059,3,3,2648.059,0.0,0.0,0.0,0.0,66201.475
1769611,IT,AU,FABRI,URANI,0.01,2648.04,3,3,2648.04,0.0,0.0,0.0,0.0,264804.0
1662823,IT,DK,CONST,COMPU,0.01,2647.852,3,3,2647.852,0.0,0.0,0.0,0.0,264785.2
1680480,IT,GR,ELEC5,SUPPO,0.03,2647.845,3,3,2647.845,0.0,0.0,0.0,0.0,88261.5
1764781,IT,MX,RAILW,COLLE,0.02,2647.822,3,3,2647.822,0.0,0.0,0.0,0.0,132391.1
1773839,IT,CH,ELEC4,PAPE3,0.04,2647.789,3,3,2647.789,0.0,0.0,0.0,0.0,66194.725
1766933,IT,RU,MOTO1,PRECI,0.01,2647.692,3,3,2647.692,0.0,0.0,0.0,0.0,264769.2
1814388,IT,WM,AUXIL,HOTEL,0.05,2647.259,3,3,2647.259,0.0,0.0,0.0,0.0,52945.18
1736284,IT,SK,HOTEL,NONF1,0.02,2647.22,3,3,2647.22,0.0,0.0,0.0,0.0,132361.0
1736317,IT,SK,HOTEL,WASTE,0.02,2646.96,3,3,2646.96,0.0,0.0,0.0,0.0,132348.0
1680237,IT,GR,TRANS,DISTR,0.02,2646.92,3,3,2646.92,0.0,0.0,0.0,0.0,132346.0
1771902,IT,CH,PAPER,PIGS9,0.01,2646.908,3,3,2646.908,0.0,0.0,0.0,0.0,264690.8
1748022,IT,JP,BUSIN,COALT,0.03,2646.421,3,3,2646.421,0.0,0.0,0.0,0.0,88214.033333
1807835,IT,WF,PAPE1,CROPS,0.02,2646.409,3,3,2646.409,0.0,0.0,0.0,0.0,132320.45
1711490,IT,LU,SUPPO,TRANS,0.02,2646.079,3,3,2646.079,0.0,0.0,0.0,0.0,132303.95
1664456,IT,EE,MACHI,FOOD2,0.01,2646.044,3,3,2646.044,0.0,0.0,0.0,0.0,264604.4
1782381,IT,NO,FABRI,DIST1,0.01,2645.943,3,3,2645.943,0.0,0.0,0.0,0.0,264594.3
1640474,IT,AT,DAIRY,ELECT,0.01,2645.849,3,3,2645.849,0.0,0.0,0.0,0.0,264584.9
1689649,IT,IE,POSTT,MEATC,0.04,2645.768,3,3,2645.768,0.0,0.0,0.0,0.0,66144.2
1688025,IT,HU,RENTI,INERT,0.02,2645.588,3,3,2645.588,0.0,0.0,0.0,0.0,132279.4
1762334,IT,IN,SUPPO,GLASS,0.02,2645.491,3,3,2645.491,0.0,0.0,0.0,0.0,132274.55
1797644,IT,WL,PAPE1,WOODW,0.02,2645.429,3,3,2645.429,0.0,0.0,0.0,0.0,132271.45
1813794,IT,WM,RAILW,NATU1,0.02,2645.406,3,3,2645.406,0.0,0.0,0.0,0.0,132270.3
1682265,IT,HR,LEATH,CERAM,0.02,2645.292,3,3,2645.292,0.0,0.0,0.0,0.0,132264.6
1754178,IT,CA,SUPPO,DIST1,0.02,2645.072,3,3,2645.072,0.0,0.0,0.0,0.0,132253.6
1791289,IT,WA,CONST,ELEC4,0.01,2645.017,3,3,2645.017,0.0,0.0,0.0,0.0,264501.7
1722667,IT,PT,WEARI,HOTEL,0.02,2644.775,3,3,2644.775,0.0,0.0,0.0,0.0,132238.75
1798932,IT,WE,FISH5,HEAVY,0.01,2644.666,3,3,2644.666,0.0,0.0,0.0,0.0,264466.6
1756600,IT,KR,RAILW,NAPHT,0.02,2644.615,3,3,2644.615,0.0,0.0,0.0,0.0,132230.75
1640834,IT,AT,WEARI,MEMBE,0.02,2644.173,3,3,2644.173,0.0,0.0,0.0,0.0,132208.65
1743384,IT,US,SALEM,ELEC8,0.02,2644.032,3,3,2644.032,0.0,0.0,0.0,0.0,132201.6
1762517,IT,IN,INSUR,FOUND,0.05,2643.96,3,3,2643.96,0.0,0.0,0.0,0.0,52879.2
1744487,IT,US,REALE,OILSE,0.11,2643.907,3,3,2643.907,0.0,0.0,0.0,0.0,24035.518182
1720504,IT,PL,MACHI,FOOD1,0.01,2643.817,3,3,2643.817,0.0,0.0,0.0,0.0,264381.7
1779064,IT,TR,SUPPO,COPPE,0.02,2643.656,3,3,2643.656,0.0,0.0,0.0,0.0,132182.8
1660476,IT,DE,INSUR,NAPHT,0.05,2643.637,3,3,2643.637,0.0,0.0,0.0,0.0,52872.74
1798924,IT,WE,FISH5,TOBAC,0.01,2643.625,3,3,2643.625,0.0,0.0,0.0,0.0,264362.5
1783477,IT,NO,WOOD1,FOUND,0.02,2643.56,3,3,2643.56,0.0,0.0,0.0,0.0,132178.0
1770700,IT,AU,INSUR,SUPPO,0.05,2643.541,3,3,2643.541,0.0,0.0,0.0,0.0,52870.82
1736190,IT,SK,WHOLE,COPP1,0.02,2643.455,3,3,2643.455,0.0,0.0,0.0,0.0,132172.75
1724998,IT,PT,HEALT,BUSIN,0.01,2643.256,3,3,2643.256,0.0,0.0,0.0,0.0,264325.6
1770551,IT,AU,SUPPO,SALEM,0.02,2643.225,3,3,2643.225,0.0,0.0,0.0,0.0,132161.25
1723643,IT,PT,FABRI,FOOD2,0.01,2642.92,3,3,2642.92,0.0,0.0,0.0,0.0,264292.0
1782970,IT,NO,SUPPO,CRUDE,0.02,2642.783,3,3,2642.783,0.0,0.0,0.0,0.0,132139.15
1659169,IT,DE,CONST,NUCLE,0.01,2642.694,3,3,2642.694,0.0,0.0,0.0,0.0,264269.4
1689729,IT,IE,FINAN,MACHI,0.03,2642.624,3,3,2642.624,0.0,0.0,0.0,0.0,88087.466667
1688917,IT,IE,FABRI,CROPS,0.01,2642.577,3,3,2642.577,0.0,0.0,0.0,0.0,264257.7
1640614,IT,AT,BEVER,WEARI,0.01,2642.458,3,3,2642.458,0.0,0.0,0.0,0.0,264245.8
1767701,IT,RU,FINAN,WOODW,0.03,2642.412,3,3,2642.412,0.0,0.0,0.0,0.0,88080.4
1672254,IT,FI,REALE,POSTT,0.11,2642.203,3,3,2642.203,0.0,0.0,0.0,0.0,24020.027273
1775904,IT,TR,PROCE,LANDT,0.02,2642.193,3,3,2642.193,0.0,0.0,0.0,0.0,132109.65
1762001,IT,IN,WHOLE,FISHF,0.02,2642.093,3,3,2642.093,0.0,0.0,0.0,0.0,132104.65
1746689,IT,JP,FABRI,COALT,0.01,2641.973,3,3,2641.973,0.0,0.0,0.0,0.0,264197.3
1730686,IT,SE,COMPU,PLAST,0.03,2641.843,3,3,2641.843,0.0,0.0,0.0,0.0,88061.433333
1688360,IT,IE,PROCE,MEAT1,0.02,2641.75,3,3,2641.75,0.0,0.0,0.0,0.0,132087.5
1736788,IT,SK,COMPU,ALUM1,0.03,2641.666,3,3,2641.666,0.0,0.0,0.0,0.0,88055.533333
1724644,IT,PT,FINAN,FOOD4,0.03,2641.659,3,3,2641.659,0.0,0.0,0.0,0.0,88055.3
1722488,IT,PT,FOOD5,ANIMA,0.01,2641.448,3,3,2641.448,0.0,0.0,0.0,0.0,264144.8
1650775,IT,BG,RAILW,RUBBE,0.02,2641.43,3,3,2641.43,0.0,0.0,0.0,0.0,132071.5
1641178,IT,AT,PRINT,NONF1,0.03,2641.243,3,3,2641.243,0.0,0.0,0.0,0.0,88041.433333
1773608,IT,CH,TRANS,SECO9,0.02,2640.995,3,3,2640.995,0.0,0.0,0.0,0.0,132049.75
1646583,IT,BE,MOTO1,PLAST,0.01,2640.958,3,3,2640.958,0.0,0.0,0.0,0.0,264095.8
1771765,IT,CH,LEATH,COLLE,0.02,2640.946,3,3,2640.946,0.0,0.0,0.0,0.0,132047.3
1734255,IT,SI,COMPU,DISTR,0.03,2640.926,3,3,2640.926,0.0,0.0,0.0,0.0,88030.866667
1744375,IT,US,INSUR,MOTO1,0.05,2640.853,3,3,2640.853,0.0,0.0,0.0,0.0,52817.06
1722282,IT,PL,93197,RETA1,0.02,2640.842,3,3,2640.842,0.0,0.0,0.0,0.0,132042.1
1747946,IT,JP,RESEA,NAPHT,0.01,2640.676,3,3,2640.676,0.0,0.0,0.0,0.0,264067.6
1745302,IT,JP,MEAT4,CEMEN,0.01,2640.645,3,3,2640.645,0.0,0.0,0.0,0.0,264064.5
1672076,IT,FI,SUPPO,RUBBE,0.02,2640.514,3,3,2640.514,0.0,0.0,0.0,0.0,132025.7
1801545,IT,WE,TRANS,FORES,0.02,2640.17,3,3,2640.17,0.0,0.0,0.0,0.0,132008.5
1650650,IT,BG,WHOLE,WEARI,0.02,2640.101,3,3,2640.101,0.0,0.0,0.0,0.0,132005.05
1670094,IT,ES,FOOD4,SALEM,0.02,2639.914,3,3,2639.914,0.0,0.0,0.0,0.0,131995.7
1675282,IT,FR,FABRI,STEAM,0.01,2639.408,3,3,2639.408,0.0,0.0,0.0,0.0,263940.8
1750395,IT,CN,FABRI,COKE1,0.01,2639.357,3,3,2639.357,0.0,0.0,0.0,0.0,263935.7
1731431,IT,SI,FOOD5,AIRTR,0.01,2639.226,3,3,2639.226,0.0,0.0,0.0,0.0,263922.6
1665531,IT,ES,WEARI,PAPE2,0.02,2639.165,3,3,2639.165,0.0,0.0,0.0,0.0,131958.25
1808727,IT,WF,TEXT2,MOTO1,0.02,2639.077,3,3,2639.077,0.0,0.0,0.0,0.0,131953.85
1716863,IT,NL,HOTEL,LEAD1,0.02,2638.961,3,3,2638.961,0.0,0.0,0.0,0.0,131948.05
1728661,IT,SE,PRINT,TRAN1,0.03,2638.789,3,3,2638.789,0.0,0.0,0.0,0.0,87959.633333
1664000,IT,EE,PRINT,RUBBE,0.03,2638.308,3,3,2638.308,0.0,0.0,0.0,0.0,87943.6
1640825,IT,AT,WEARI,FINAN,0.02,2638.303,3,3,2638.303,0.0,0.0,0.0,0.0,131915.15
1734746,IT,SK,LEATH,INTER,0.02,2637.909,3,3,2637.909,0.0,0.0,0.0,0.0,131895.45
1689771,IT,IE,INSUR,POULT,0.05,2637.708,3,3,2637.708,0.0,0.0,0.0,0.0,52754.16
1755366,IT,KR,PRINT,93197,0.03,2637.572,3,3,2637.572,0.0,0.0,0.0,0.0,87919.066667
1659459,IT,DE,WHOLE,SEWAG,0.02,2637.42,3,3,2637.42,0.0,0.0,0.0,0.0,131871.0
1762352,IT,IN,SUPPO,REALE,0.02,2637.28,3,3,2637.28,0.0,0.0,0.0,0.0,131864.0
1745923,IT,JP,LEATH,INERT,0.02,2637.199,3,3,2637.199,0.0,0.0,0.0,0.0,131859.95
1672314,IT,FI,COMPU,RENTI,0.03,2636.941,3,3,2636.941,0.0,0.0,0.0,0.0,87898.033333
1797997,IT,WL,PLAS2,PUBLI,0.02,2636.72,3,3,2636.72,0.0,0.0,0.0,0.0,131836.0
1814223,IT,WM,SUPPO,MEMBE,0.02,2635.977,3,3,2635.977,0.0,0.0,0.0,0.0,131798.85
1745273,IT,JP,MEATP,ELEC4,0.01,2635.794,3,3,2635.794,0.0,0.0,0.0,0.0,263579.4
1744788,IT,US,RESEA,NONF1,0.01,2635.721,3,3,2635.721,0.0,0.0,0.0,0.0,263572.1
1726956,IT,RO,HOTEL,WHITE,0.02,2635.701,3,3,2635.701,0.0,0.0,0.0,0.0,131785.05
1712143,IT,LV,WEARI,POSTT,0.02,2635.695,3,3,2635.695,0.0,0.0,0.0,0.0,131784.75
1797793,IT,WL,OILHA,MOTO1,0.02,2635.591,3,3,2635.591,0.0,0.0,0.0,0.0,131779.55
1747779,IT,JP,AUXIL,FURNI,0.05,2635.468,3,3,2635.468,0.0,0.0,0.0,0.0,52709.36
1724111,IT,PT,RETA1,MEATC,0.03,2635.427,3,3,2635.427,0.0,0.0,0.0,0.0,87847.566667
1665247,IT,ES,BEVER,SANDC,0.01,2635.34,3,3,2635.34,0.0,0.0,0.0,0.0,263534.0
1759920,IT,BR,PAPE1,MEMBE,0.02,2635.227,3,3,2635.227,0.0,0.0,0.0,0.0,131761.35
1809628,IT,WM,DAIRY,WEARI,0.01,2635.053,3,3,2635.053,0.0,0.0,0.0,0.0,263505.3
1684499,IT,HR,RESEA,RETA1,0.01,2634.835,3,3,2634.835,0.0,0.0,0.0,0.0,263483.5
1675685,IT,FR,TRANS,FINAN,0.02,2634.78,3,3,2634.78,0.0,0.0,0.0,0.0,131739.0
1650982,IT,BG,SUPPO,NONME,0.02,2634.704,3,3,2634.704,0.0,0.0,0.0,0.0,131735.2
1661607,IT,DK,BEVER,SEWAG,0.01,2634.671,3,3,2634.671,0.0,0.0,0.0,0.0,263467.1
1724032,IT,PT,WHOLE,VEGET,0.02,2634.655,3,3,2634.655,0.0,0.0,0.0,0.0,131732.75
1736089,IT,SK,CONST,MEATP,0.01,2634.616,3,3,2634.616,0.0,0.0,0.0,0.0,263461.6
1671666,IT,FI,CONST,WHOLE,0.01,2634.557,3,3,2634.557,0.0,0.0,0.0,0.0,263455.7
1771197,IT,CH,MEAT4,INSUR,0.01,2634.424,3,3,2634.424,0.0,0.0,0.0,0.0,263442.4
1802130,IT,WE,RETA1,AUXIL,0.03,2634.386,3,3,2634.386,0.0,0.0,0.0,0.0,87812.866667
1665271,IT,ES,BEVER,LUBRI,0.01,2634.327,3,3,2634.327,0.0,0.0,0.0,0.0,263432.7
1739202,IT,GB,RETA1,ELEC4,0.03,2634.296,3,3,2634.296,0.0,0.0,0.0,0.0,87809.866667
1687328,IT,HU,RETA1,INLAN,0.03,2634.268,3,3,2634.268,0.0,0.0,0.0,0.0,87808.933333
1753482,IT,CA,FABRI,SEACO,0.01,2634.191,3,3,2634.191,0.0,0.0,0.0,0.0,263419.1
1725281,IT,RO,BEVER,NATUR,0.01,2633.879,3,3,2633.879,0.0,0.0,0.0,0.0,263387.9
1660949,IT,DE,BUSIN,NONSP,0.03,2633.798,3,3,2633.798,0.0,0.0,0.0,0.0,87793.266667
1773824,IT,CH,ELEC4,FINAN,0.04,2633.748,3,3,2633.748,0.0,0.0,0.0,0.0,65843.7
1803433,IT,WF,MEATP,WHOLE,0.01,2633.588,3,3,2633.588,0.0,0.0,0.0,0.0,263358.8
1728183,IT,SE,PROCE,DIST1,0.02,2633.325,3,3,2633.325,0.0,0.0,0.0,0.0,131666.25
1734209,IT,SI,REALE,RECRE,0.11,2633.178,3,3,2633.178,0.0,0.0,0.0,0.0,23937.981818
1798034,IT,WL,TEXT2,PUBLI,0.02,2632.947,3,3,2632.947,0.0,0.0,0.0,0.0,131647.35
1663583,IT,DK,RESEA,PRIVA,0.01,2632.889,3,3,2632.889,0.0,0.0,0.0,0.0,263288.9
1734662,IT,SK,WEARI,FABRI,0.02,2632.808,3,3,2632.808,0.0,0.0,0.0,0.0,131640.4
1670173,IT,ES,MEMBE,COMPU,0.03,2632.535,3,3,2632.535,0.0,0.0,0.0,0.0,87751.166667
1751703,IT,CN,INSUR,COPP1,0.05,2632.277,3,3,2632.277,0.0,0.0,0.0,0.0,52645.54
1784009,IT,ID,BEVER,AUXIL,0.01,2632.219,3,3,2632.219,0.0,0.0,0.0,0.0,263221.9
1652539,IT,CZ,WEARI,FOOD2,0.02,2632.201,3,3,2632.201,0.0,0.0,0.0,0.0,131610.05
1798705,IT,WE,DAIRY,LIQUE,0.01,2632.177,3,3,2632.177,0.0,0.0,0.0,0.0,263217.7
1654680,IT,CZ,LANDT,ELEC2,0.02,2632.076,3,3,2632.076,0.0,0.0,0.0,0.0,131603.8
1676000,IT,FR,ELEC5,ALUM1,0.03,2632.076,3,3,2632.076,0.0,0.0,0.0,0.0,87735.866667
1762426,IT,IN,POSTT,TRAN2,0.04,2631.71,3,3,2631.71,0.0,0.0,0.0,0.0,65792.75
1675944,IT,FR,ELEC4,MOTOR,0.04,2631.646,3,3,2631.646,0.0,0.0,0.0,0.0,65791.15
1687890,IT,HU,REALE,FABRI,0.11,2631.511,3,3,2631.511,0.0,0.0,0.0,0.0,23922.827273
1661730,IT,DK,LEATH,ANIMA,0.02,2631.505,3,3,2631.505,0.0,0.0,0.0,0.0,131575.25
1659464,IT,DE,WHOLE,RECRE,0.02,2631.442,3,3,2631.442,0.0,0.0,0.0,0.0,131572.1
1659164,IT,DE,CONST,BEVER,0.01,2631.426,3,3,2631.426,0.0,0.0,0.0,0.0,263142.6
1779692,IT,TR,RESEA,SEACO,0.01,2631.358,3,3,2631.358,0.0,0.0,0.0,0.0,263135.8
1661652,IT,DK,TEXTI,CEMEN,0.02,2631.307,3,3,2631.307,0.0,0.0,0.0,0.0,131565.35
1755341,IT,KR,PRINT,ELEC3,0.03,2631.226,3,3,2631.226,0.0,0.0,0.0,0.0,87707.533333
1807815,IT,WF,FOODW,AIRTR,0.02,2631.094,3,3,2631.094,0.0,0.0,0.0,0.0,131554.7
1745819,IT,JP,LEATH,PIGS9,0.02,2631.065,3,3,2631.065,0.0,0.0,0.0,0.0,131553.25
1776369,IT,TR,PRINT,LEATH,0.03,2630.817,3,3,2630.817,0.0,0.0,0.0,0.0,87693.9
1751934,IT,CN,COMPU,STEAM,0.03,2630.422,3,3,2630.422,0.0,0.0,0.0,0.0,87680.733333
1647785,IT,BE,AUXIL,TOBAC,0.05,2630.095,3,3,2630.095,0.0,0.0,0.0,0.0,52601.9
1770542,IT,AU,SUPPO,RUBBE,0.02,2629.862,3,3,2629.862,0.0,0.0,0.0,0.0,131493.1
1744450,IT,US,AUXIL,DIST1,0.05,2629.809,3,3,2629.809,0.0,0.0,0.0,0.0,52596.18
1714216,IT,MT,AUXIL,COMPU,0.05,2629.744,3,3,2629.744,0.0,0.0,0.0,0.0,52594.88
1710701,IT,LU,FOOD5,MEATA,0.01,2629.557,3,3,2629.557,0.0,0.0,0.0,0.0,262955.7
1767799,IT,RU,INSUR,AIRTR,0.05,2629.535,3,3,2629.535,0.0,0.0,0.0,0.0,52590.7
1803201,IT,WF,CROPS,CHARC,0.02,2629.062,3,3,2629.062,0.0,0.0,0.0,0.0,131453.1
1770544,IT,AU,SUPPO,BASIC,0.02,2629.041,3,3,2629.041,0.0,0.0,0.0,0.0,131452.05
1690251,IT,IE,PAPE1,CEMEN,0.02,2628.994,3,3,2628.994,0.0,0.0,0.0,0.0,131449.7
1785469,IT,ZA,PRINT,FINAN,0.03,2628.846,3,3,2628.846,0.0,0.0,0.0,0.0,87628.2
1710728,IT,LU,BEVER,DAIRY,0.01,2628.557,3,3,2628.557,0.0,0.0,0.0,0.0,262855.7
1807799,IT,WF,FOODW,SUGA1,0.02,2628.539,3,3,2628.539,0.0,0.0,0.0,0.0,131426.95
1746026,IT,JP,PAPER,ELEC4,0.01,2628.115,3,3,2628.115,0.0,0.0,0.0,0.0,262811.5
1765308,IT,RU,PROCE,PLAS2,0.02,2628.042,3,3,2628.042,0.0,0.0,0.0,0.0,131402.1
1713692,IT,MT,FABRI,ELECT,0.01,2627.981,3,3,2627.981,0.0,0.0,0.0,0.0,262798.1
1727389,IT,RO,FINAN,PAPER,0.03,2627.876,3,3,2627.876,0.0,0.0,0.0,0.0,87595.866667
1809643,IT,WM,DAIRY,LEAD1,0.01,2627.695,3,3,2627.695,0.0,0.0,0.0,0.0,262769.5
1756558,IT,KR,RETA1,CEMEN,0.03,2627.657,3,3,2627.657,0.0,0.0,0.0,0.0,87588.566667
1740756,IT,US,MEAT4,PETRO,0.01,2627.647,3,3,2627.647,0.0,0.0,0.0,0.0,262764.7
1748671,IT,CN,FOOD5,SUGAR,0.01,2627.496,3,3,2627.496,0.0,0.0,0.0,0.0,262749.6
1717186,IT,NL,SUPPO,POULT,0.02,2627.123,3,3,2627.123,0.0,0.0,0.0,0.0,131356.15
1644795,IT,BE,TOBAC,COMPU,0.01,2626.998,3,3,2626.998,0.0,0.0,0.0,0.0,262699.8
1808470,IT,WF,FOOD4,ALUM1,0.02,2626.485,3,3,2626.485,0.0,0.0,0.0,0.0,131324.25
1764415,IT,MX,TRANS,WOODW,0.02,2626.434,3,3,2626.434,0.0,0.0,0.0,0.0,131321.7
1725315,IT,RO,BEVER,AIRTR,0.01,2626.42,3,3,2626.42,0.0,0.0,0.0,0.0,262642.0
1739953,IT,GB,AUXIL,PRINT,0.05,2626.386,3,3,2626.386,0.0,0.0,0.0,0.0,52527.72
1689826,IT,IE,INSUR,ELEC7,0.05,2626.379,3,3,2626.379,0.0,0.0,0.0,0.0,52527.58
1673074,IT,FR,FOOD5,ELEC2,0.01,2626.169,3,3,2626.169,0.0,0.0,0.0,0.0,262616.9
1723745,IT,PT,MACHI,OILHA,0.01,2626.15,3,3,2626.15,0.0,0.0,0.0,0.0,262615.0
1791729,IT,WA,RAILW,SUGA1,0.02,2626.096,3,3,2626.096,0.0,0.0,0.0,0.0,131304.8
1659307,IT,DE,RETAI,BEVER,0.02,2625.981,3,3,2625.981,0.0,0.0,0.0,0.0,131299.05
1779367,IT,TR,INSUR,EDUCA,0.05,2625.716,3,3,2625.716,0.0,0.0,0.0,0.0,52514.32
1688033,IT,HU,COMPU,DAIRY,0.03,2625.553,3,3,2625.553,0.0,0.0,0.0,0.0,87518.433333
1668484,IT,ES,HOTEL,MEATC,0.02,2625.354,3,3,2625.354,0.0,0.0,0.0,0.0,131267.7
1788010,IT,WA,TEXTI,COKEO,0.02,2625.142,3,3,2625.142,0.0,0.0,0.0,0.0,131257.1
1668131,IT,ES,CONST,RECRE,0.01,2625.046,3,3,2625.046,0.0,0.0,0.0,0.0,262504.6
1650146,IT,BG,MOTO1,PULP5,0.01,2624.89,3,3,2624.89,0.0,0.0,0.0,0.0,262489.0
1806613,IT,WF,SALEM,PRINT,0.02,2624.776,3,3,2624.776,0.0,0.0,0.0,0.0,131238.8
1742805,IT,US,FABRI,AUXIL,0.01,2624.677,3,3,2624.677,0.0,0.0,0.0,0.0,262467.7
1758620,IT,BR,TRANS,PREC1,0.02,2624.671,3,3,2624.671,0.0,0.0,0.0,0.0,131233.55
1797794,IT,WL,OILHA,FURNI,0.02,2624.557,3,3,2624.557,0.0,0.0,0.0,0.0,131227.85
1670371,IT,FI,DAIRY,INSUR,0.01,2624.288,3,3,2624.288,0.0,0.0,0.0,0.0,262428.8
1758947,IT,BR,RAILW,ELECT,0.02,2624.07,3,3,2624.07,0.0,0.0,0.0,0.0,131203.5
1809990,IT,WM,TOBAC,RESEA,0.01,2623.959,3,3,2623.959,0.0,0.0,0.0,0.0,262395.9
1774233,IT,CH,RETA1,DISTR,0.03,2623.81,3,3,2623.81,0.0,0.0,0.0,0.0,87460.333333
1659489,IT,DE,RETA1,ADDIT,0.03,2623.804,3,3,2623.804,0.0,0.0,0.0,0.0,87460.133333
1754345,IT,CA,INSUR,TRAN1,0.05,2623.777,3,3,2623.777,0.0,0.0,0.0,0.0,52475.54
1725505,IT,RO,LEATH,RAWMI,0.02,2623.67,3,3,2623.67,0.0,0.0,0.0,0.0,131183.5
1760519,IT,IN,WEARI,DISTR,0.02,2623.613,3,3,2623.613,0.0,0.0,0.0,0.0,131180.65
1647670,IT,BE,FINAN,HOTEL,0.03,2623.548,3,3,2623.548,0.0,0.0,0.0,0.0,87451.6
1738846,IT,GB,MOTO1,FOOD2,0.01,2623.398,3,3,2623.398,0.0,0.0,0.0,0.0,262339.8
1722525,IT,PT,FOOD5,RECRE,0.01,2623.308,3,3,2623.308,0.0,0.0,0.0,0.0,262330.8
1717775,IT,NL,HEALT,REALE,0.01,2623.065,3,3,2623.065,0.0,0.0,0.0,0.0,262306.5
1780238,IT,TW,LANDT,PADDY,0.02,2622.949,3,3,2622.949,0.0,0.0,0.0,0.0,131147.45
1783193,IT,NO,COMPU,RESEA,0.03,2622.786,3,3,2622.786,0.0,0.0,0.0,0.0,87426.2
1769031,IT,AU,PRINT,RENTI,0.03,2622.723,3,3,2622.723,0.0,0.0,0.0,0.0,87424.1
1730412,IT,SE,POSTT,NUCLE,0.04,2622.574,3,3,2622.574,0.0,0.0,0.0,0.0,65564.35
1751077,IT,CN,RETA1,FORES,0.03,2622.556,3,3,2622.556,0.0,0.0,0.0,0.0,87418.533333
1768042,IT,RU,BUSIN,COKEO,0.03,2622.533,3,3,2622.533,0.0,0.0,0.0,0.0,87417.766667
1785413,IT,ZA,PAPER,PREC1,0.01,2622.508,3,3,2622.508,0.0,0.0,0.0,0.0,262250.8
1662540,IT,DK,FABRI,MEATA,0.01,2622.134,3,3,2622.134,0.0,0.0,0.0,0.0,262213.4
1784013,IT,ID,FISH5,PUBLI,0.01,2622.087,3,3,2622.087,0.0,0.0,0.0,0.0,262208.7
1747124,IT,JP,CONST,POULT,0.01,2622.033,3,3,2622.033,0.0,0.0,0.0,0.0,262203.3
1758823,IT,BR,RETA1,RESEA,0.03,2621.84,3,3,2621.84,0.0,0.0,0.0,0.0,87394.666667
1728436,IT,SE,WEARI,POSTT,0.02,2621.759,3,3,2621.759,0.0,0.0,0.0,0.0,131087.95
1751770,IT,CN,AUXIL,PLAST,0.05,2621.754,3,3,2621.754,0.0,0.0,0.0,0.0,52435.08
1658775,IT,DE,MOTO1,CHEMI,0.01,2621.629,3,3,2621.629,0.0,0.0,0.0,0.0,262162.9
1779752,IT,TR,BUSIN,PREC1,0.03,2621.543,3,3,2621.543,0.0,0.0,0.0,0.0,87384.766667
1750482,IT,CN,MACHI,LUBRI,0.01,2621.498,3,3,2621.498,0.0,0.0,0.0,0.0,262149.8
1651793,IT,CY,MOTO1,REALE,0.01,2621.22,3,3,2621.22,0.0,0.0,0.0,0.0,262122.0
1734737,IT,SK,LEATH,FINAN,0.02,2621.207,3,3,2621.207,0.0,0.0,0.0,0.0,131060.35
1814848,IT,WM,MEMBE,AUXIL,0.03,2621.172,3,3,2621.172,0.0,0.0,0.0,0.0,87372.4
1677533,IT,FR,AUXIL,TEXT1,0.05,2621.132,3,3,2621.132,0.0,0.0,0.0,0.0,52422.64
1808268,IT,WF,FOOD2,TEXTI,0.02,2621.109,3,3,2621.109,0.0,0.0,0.0,0.0,131055.45
1783199,IT,NO,BUSIN,FISHF,0.03,2621.086,3,3,2621.086,0.0,0.0,0.0,0.0,87369.533333
1737133,IT,GB,MEAT4,BUSIN,0.01,2620.937,3,3,2620.937,0.0,0.0,0.0,0.0,262093.7
1754415,IT,CA,RENTI,COLLE,0.02,2620.854,3,3,2620.854,0.0,0.0,0.0,0.0,131042.7
1689842,IT,IE,INSUR,FINAN,0.05,2620.838,3,3,2620.838,0.0,0.0,0.0,0.0,52416.76
1709649,IT,LT,PRINT,HOTEL,0.03,2620.743,3,3,2620.743,0.0,0.0,0.0,0.0,87358.1
1775707,IT,TR,CROPS,SUPPO,0.02,2620.729,3,3,2620.729,0.0,0.0,0.0,0.0,131036.45
1652139,IT,CZ,MEAT4,MEATC,0.01,2620.413,3,3,2620.413,0.0,0.0,0.0,0.0,262041.3
1651737,IT,CY,MACHI,ALUM1,0.01,2620.314,3,3,2620.314,0.0,0.0,0.0,0.0,262031.4
1664448,IT,EE,MACHI,AUXIL,0.01,2620.31,3,3,2620.31,0.0,0.0,0.0,0.0,262031.0
1759877,IT,BR,PAPE1,WOODW,0.02,2620.246,3,3,2620.246,0.0,0.0,0.0,0.0,131012.3
1681460,IT,GR,COMPU,FABRI,0.03,2620.236,3,3,2620.236,0.0,0.0,0.0,0.0,87341.2
1762129,IT,IN,LANDT,PADDY,0.02,2620.156,3,3,2620.156,0.0,0.0,0.0,0.0,131007.8
1778732,IT,TR,RAILW,AUXIL,0.02,2620.094,3,3,2620.094,0.0,0.0,0.0,0.0,131004.7
1813751,IT,WM,HOTEL,MACHI,0.02,2619.946,3,3,2619.946,0.0,0.0,0.0,0.0,130997.3
1665766,IT,ES,PAPER,BIOG1,0.01,2619.855,3,3,2619.855,0.0,0.0,0.0,0.0,261985.5
1756570,IT,KR,RETA1,RAILW,0.03,2619.813,3,3,2619.813,0.0,0.0,0.0,0.0,87327.1
1648666,IT,BG,DAIRY,RENTI,0.01,2619.752,3,3,2619.752,0.0,0.0,0.0,0.0,261975.2
1764810,IT,MX,LANDT,RECRE,0.02,2619.406,3,3,2619.406,0.0,0.0,0.0,0.0,130970.3
1791647,IT,WA,HOTEL,BIODI,0.02,2619.203,3,3,2619.203,0.0,0.0,0.0,0.0,130960.15
1774703,IT,CH,SUPPO,LEATH,0.02,2618.998,3,3,2618.998,0.0,0.0,0.0,0.0,130949.9
1787076,IT,ZA,BUSIN,STONE,0.03,2618.738,3,3,2618.738,0.0,0.0,0.0,0.0,87291.266667
1775258,IT,CH,BUSIN,FISH5,0.03,2618.692,3,3,2618.692,0.0,0.0,0.0,0.0,87289.733333
1723835,IT,PT,MOTO1,HOTEL,0.01,2618.654,3,3,2618.654,0.0,0.0,0.0,0.0,261865.4
1722847,IT,PT,PRINT,WOODW,0.03,2618.405,3,3,2618.405,0.0,0.0,0.0,0.0,87280.166667
1669409,IT,ES,INSUR,COPP1,0.05,2617.961,3,3,2617.961,0.0,0.0,0.0,0.0,52359.22
1650640,IT,BG,WHOLE,ANIMA,0.02,2617.62,3,3,2617.62,0.0,0.0,0.0,0.0,130881.0
1652376,IT,CZ,TEXTI,CHEMI,0.02,2617.591,3,3,2617.591,0.0,0.0,0.0,0.0,130879.55
1718343,IT,PL,BEVER,NATUR,0.01,2617.479,3,3,2617.479,0.0,0.0,0.0,0.0,261747.9
1761863,IT,IN,MOTO1,HEALT,0.01,2617.432,3,3,2617.432,0.0,0.0,0.0,0.0,261743.2
1712633,IT,LV,MOTO1,DIST1,0.01,2617.394,3,3,2617.394,0.0,0.0,0.0,0.0,261739.4
1712207,IT,LV,PAPER,VEGE1,0.01,2617.312,3,3,2617.312,0.0,0.0,0.0,0.0,261731.2
1724526,IT,PT,POSTT,CEMEN,0.04,2617.142,3,3,2617.142,0.0,0.0,0.0,0.0,65428.55
1670438,IT,FI,FOOD5,RAILW,0.01,2617.044,3,3,2617.044,0.0,0.0,0.0,0.0,261704.4
1764581,IT,MX,WHOLE,LEAD1,0.02,2616.979,3,3,2616.979,0.0,0.0,0.0,0.0,130848.95
1768350,IT,AU,MEAT4,BEVER,0.01,2616.874,3,3,2616.874,0.0,0.0,0.0,0.0,261687.4
1671927,IT,FI,LANDT,LEADZ,0.02,2616.505,3,3,2616.505,0.0,0.0,0.0,0.0,130825.25
1680665,IT,GR,WHOLE,RUBBE,0.02,2616.342,3,3,2616.342,0.0,0.0,0.0,0.0,130817.1
1660889,IT,DE,RESEA,WOODW,0.01,2616.26,3,3,2616.26,0.0,0.0,0.0,0.0,261626.0
1733355,IT,SI,TRANS,ELEC1,0.02,2616.174,3,3,2616.174,0.0,0.0,0.0,0.0,130808.7
1782726,IT,NO,RETA1,BASIC,0.03,2616.129,3,3,2616.129,0.0,0.0,0.0,0.0,87204.3
1801859,IT,WE,CONST,CROPS,0.01,2616.095,3,3,2616.095,0.0,0.0,0.0,0.0,261609.5
1728158,IT,SE,DAIRY,TRAN2,0.01,2616.013,3,3,2616.013,0.0,0.0,0.0,0.0,261601.3
1756518,IT,KR,WHOLE,NFERT,0.02,2615.963,3,3,2615.963,0.0,0.0,0.0,0.0,130798.15
1756587,IT,KR,RETA1,MEMBE,0.03,2615.924,3,3,2615.924,0.0,0.0,0.0,0.0,87197.466667
1722593,IT,PT,TOBAC,FABRI,0.01,2615.729,3,3,2615.729,0.0,0.0,0.0,0.0,261572.9
1652317,IT,CZ,BEVER,SALEM,0.01,2615.496,3,3,2615.496,0.0,0.0,0.0,0.0,261549.6
1765370,IT,RU,BEVER,ELECT,0.01,2615.46,3,3,2615.46,0.0,0.0,0.0,0.0,261546.0
1668239,IT,ES,RETAI,FOOD3,0.02,2615.43,3,3,2615.43,0.0,0.0,0.0,0.0,130771.5
1806472,IT,WF,TRANS,LEAD1,0.02,2615.248,3,3,2615.248,0.0,0.0,0.0,0.0,130762.4
1748669,IT,CN,FOOD5,PADDY,0.01,2615.146,3,3,2615.146,0.0,0.0,0.0,0.0,261514.6
1687316,IT,HU,RETA1,ELEC2,0.03,2615.047,3,3,2615.047,0.0,0.0,0.0,0.0,87168.233333
1724500,IT,PT,POSTT,FORES,0.04,2614.727,3,3,2614.727,0.0,0.0,0.0,0.0,65368.175
1689333,IT,IE,RETA1,MOTOR,0.03,2614.45,3,3,2614.45,0.0,0.0,0.0,0.0,87148.333333
1712744,IT,LV,LANDT,SANDC,0.02,2614.433,3,3,2614.433,0.0,0.0,0.0,0.0,130721.65
1813889,IT,WM,LANDT,RADIO,0.02,2614.432,3,3,2614.432,0.0,0.0,0.0,0.0,130721.6
1670032,IT,ES,FOOD1,NONME,0.01,2614.407,3,3,2614.407,0.0,0.0,0.0,0.0,261440.7
1782978,IT,NO,SUPPO,RAILW,0.02,2614.309,3,3,2614.309,0.0,0.0,0.0,0.0,130715.45
1683987,IT,HR,WHOLE,COMPU,0.02,2614.28,3,3,2614.28,0.0,0.0,0.0,0.0,130714.0
1660598,IT,DE,REALE,GASDI,0.11,2614.255,3,3,2614.255,0.0,0.0,0.0,0.0,23765.954545
1739706,IT,GB,SUPPO,FOUND,0.02,2614.096,3,3,2614.096,0.0,0.0,0.0,0.0,130704.8
1713773,IT,MT,MOTO1,FURNI,0.01,2613.928,3,3,2613.928,0.0,0.0,0.0,0.0,261392.8
1780420,IT,TW,SUPPO,LUBRI,0.02,2613.92,3,3,2613.92,0.0,0.0,0.0,0.0,130696.0
1760772,IT,IN,PRINT,TRANS,0.03,2613.686,3,3,2613.686,0.0,0.0,0.0,0.0,87122.866667
1678345,IT,FR,FOOD4,PAPER,0.02,2613.562,3,3,2613.562,0.0,0.0,0.0,0.0,130678.1
1660268,IT,DE,POSTT,ELEC1,0.04,2613.514,3,3,2613.514,0.0,0.0,0.0,0.0,65337.85
1753891,IT,CA,RAILW,PRECI,0.02,2613.257,3,3,2613.257,0.0,0.0,0.0,0.0,130662.85
1778782,IT,TR,LANDT,NFERT,0.02,2613.014,3,3,2613.014,0.0,0.0,0.0,0.0,130650.7
1746029,IT,JP,PAPER,COLLE,0.01,2612.303,3,3,2612.303,0.0,0.0,0.0,0.0,261230.3
1723966,IT,PT,SALEM,FURNI,0.02,2612.231,3,3,2612.231,0.0,0.0,0.0,0.0,130611.55
1690167,IT,IE,BUSIN,CATTL,0.03,2612.043,3,3,2612.043,0.0,0.0,0.0,0.0,87068.1
1778328,IT,TR,SALEM,BUSIN,0.02,2611.925,3,3,2611.925,0.0,0.0,0.0,0.0,130596.25
1762533,IT,IN,INSUR,COLLE,0.05,2611.262,3,3,2611.262,0.0,0.0,0.0,0.0,52225.24
1659173,IT,DE,CONST,CEMEN,0.01,2611.2,3,3,2611.2,0.0,0.0,0.0,0.0,261120.0
1687473,IT,HU,RAILW,COMPU,0.02,2610.985,3,3,2610.985,0.0,0.0,0.0,0.0,130549.25
1762856,IT,IN,PUBLI,INSUR,0.04,2610.9,3,3,2610.9,0.0,0.0,0.0,0.0,65272.5
1646355,IT,BE,FABRI,LIQUE,0.01,2610.778,3,3,2610.778,0.0,0.0,0.0,0.0,261077.8
1747130,IT,JP,CONST,DAIRY,0.01,2610.762,3,3,2610.762,0.0,0.0,0.0,0.0,261076.2
1752472,IT,CA,DAIRY,RENTI,0.01,2610.601,3,3,2610.601,0.0,0.0,0.0,0.0,261060.1
1671715,IT,FI,SALEM,ALUM1,0.02,2610.539,3,3,2610.539,0.0,0.0,0.0,0.0,130526.95
1647049,IT,BE,RETA1,WASTE,0.03,2610.509,3,3,2610.509,0.0,0.0,0.0,0.0,87016.966667
1801880,IT,WE,CONST,CERAM,0.01,2610.506,3,3,2610.506,0.0,0.0,0.0,0.0,261050.6
1648334,IT,BE,EDUCA,COMPU,0.07,2610.493,3,3,2610.493,0.0,0.0,0.0,0.0,37292.757143
1779269,IT,TR,FINAN,NONF1,0.03,2610.252,3,3,2610.252,0.0,0.0,0.0,0.0,87008.4
1652283,IT,CZ,BEVER,MEAT1,0.01,2610.248,3,3,2610.248,0.0,0.0,0.0,0.0,261024.8
1779757,IT,TR,BUSIN,FOUND,0.03,2610.175,3,3,2610.175,0.0,0.0,0.0,0.0,87005.833333
1736447,IT,SK,LANDT,SEACO,0.02,2610.139,3,3,2610.139,0.0,0.0,0.0,0.0,130506.95
1739848,IT,GB,FINAN,PFERT,0.03,2610.02,3,3,2610.02,0.0,0.0,0.0,0.0,87000.666667
1651805,IT,CY,HOTEL,MEAT1,0.02,2609.912,3,3,2609.912,0.0,0.0,0.0,0.0,130495.6
1646618,IT,BE,MOTO1,PAPE1,0.01,2609.671,3,3,2609.671,0.0,0.0,0.0,0.0,260967.1
1798071,IT,WL,RECRE,NONF1,0.03,2609.515,3,3,2609.515,0.0,0.0,0.0,0.0,86983.833333
1712048,IT,LV,BEVER,MEATA,0.01,2609.479,3,3,2609.479,0.0,0.0,0.0,0.0,260947.9
1721478,IT,PL,SUPPO,CEREA,0.02,2609.471,3,3,2609.471,0.0,0.0,0.0,0.0,130473.55
1783017,IT,NO,FINAN,CRUDE,0.03,2609.384,3,3,2609.384,0.0,0.0,0.0,0.0,86979.466667
1780029,IT,TW,SALEM,RECRE,0.02,2609.31,3,3,2609.31,0.0,0.0,0.0,0.0,130465.5
1653837,IT,CZ,FABRI,MEAT4,0.01,2609.309,3,3,2609.309,0.0,0.0,0.0,0.0,260930.9
1780022,IT,TW,SALEM,FINAN,0.02,2609.293,3,3,2609.293,0.0,0.0,0.0,0.0,130464.65
1740490,IT,GB,INERT,TRAN1,0.02,2609.287,3,3,2609.287,0.0,0.0,0.0,0.0,130464.35
1678589,IT,GR,FORES,FOOD5,0.02,2609.21,4,4,2608.21,0.0,1.0,0.0,0.0,130460.5
1663972,IT,EE,PAPER,ELECT,0.01,2609.193,3,3,2609.193,0.0,0.0,0.0,0.0,260919.3
1806967,IT,WF,LANDT,SUGA1,0.02,2609.03,3,3,2609.03,0.0,0.0,0.0,0.0,130451.5
1771313,IT,CH,DAIRY,TRAN1,0.01,2608.948,3,3,2608.948,0.0,0.0,0.0,0.0,260894.8
1647658,IT,BE,FINAN,TRANS,0.03,2608.827,3,3,2608.827,0.0,0.0,0.0,0.0,86960.9
1793768,IT,WL,FISH5,DAIRY,0.01,2608.758,3,3,2608.758,0.0,0.0,0.0,0.0,260875.8
1787916,IT,WA,BEVER,DIST1,0.01,2608.693,3,3,2608.693,0.0,0.0,0.0,0.0,260869.3
1730202,IT,SE,LANDT,RETAI,0.02,2608.662,3,3,2608.662,0.0,0.0,0.0,0.0,130433.1
1751003,IT,CN,WHOLE,MEAT1,0.02,2608.591,3,3,2608.591,0.0,0.0,0.0,0.0,130429.55
1807230,IT,WF,SUPPO,WOODW,0.02,2608.559,3,3,2608.559,0.0,0.0,0.0,0.0,130427.95
1648087,IT,BE,RESEA,CHEMI,0.01,2608.281,3,3,2608.281,0.0,0.0,0.0,0.0,260828.1
1767348,IT,RU,RAILW,STEAM,0.02,2608.261,3,3,2608.261,0.0,0.0,0.0,0.0,130413.05
1644242,IT,BE,CROPS,POULT,0.02,2608.079,3,3,2608.079,0.0,0.0,0.0,0.0,130403.95
1670666,IT,FI,LEATH,FOOD2,0.02,2608.078,3,3,2608.078,0.0,0.0,0.0,0.0,130403.9
1797606,IT,WL,FOODW,FISH5,0.02,2608.004,3,3,2608.004,0.0,0.0,0.0,0.0,130400.2
1681593,IT,GR,BUSIN,INERT,0.03,2607.862,3,3,2607.862,0.0,0.0,0.0,0.0,86928.733333
1676691,IT,FR,RAILW,NONME,0.02,2607.716,3,3,2607.716,0.0,0.0,0.0,0.0,130385.8
1774453,IT,CH,LANDT,FORES,0.02,2607.696,3,3,2607.696,0.0,0.0,0.0,0.0,130384.8
1781721,IT,NO,PAPER,MEATC,0.01,2607.692,3,3,2607.692,0.0,0.0,0.0,0.0,260769.2
1760206,IT,BR,PLAS2,CERAM,0.02,2607.608,3,3,2607.608,0.0,0.0,0.0,0.0,130380.4
1649151,IT,BG,PRINT,CEREA,0.03,2607.601,3,3,2607.601,0.0,0.0,0.0,0.0,86920.033333
1736650,IT,SK,INSUR,OILSE,0.05,2607.526,3,3,2607.526,0.0,0.0,0.0,0.0,52150.52
1793045,IT,WA,FOOD4,PRIVA,0.02,2607.503,3,3,2607.503,0.0,0.0,0.0,0.0,130375.15
1716429,IT,NL,MACHI,PLAS1,0.01,2607.297,3,3,2607.297,0.0,0.0,0.0,0.0,260729.7
1678167,IT,FR,INTER,PAPER,0.02,2607.194,3,3,2607.194,0.0,0.0,0.0,0.0,130359.7
1727641,IT,RO,RENTI,LIQUE,0.02,2606.85,3,3,2606.85,0.0,0.0,0.0,0.0,130342.5
1724767,IT,PT,RENTI,GASDI,0.02,2606.81,3,3,2606.81,0.0,0.0,0.0,0.0,130340.5
1681974,IT,HR,FOOD5,ELEC4,0.01,2606.668,3,3,2606.668,0.0,0.0,0.0,0.0,260666.8
1650175,IT,BG,MOTO1,RETAI,0.01,2606.499,3,3,2606.499,0.0,0.0,0.0,0.0,260649.9
1716408,IT,NL,MACHI,RETAI,0.01,2606.287,3,3,2606.287,0.0,0.0,0.0,0.0,260628.7
1781469,IT,NO,BEVER,FURNI,0.01,2606.049,3,3,2606.049,0.0,0.0,0.0,0.0,260604.9
1752531,IT,CA,FOOD5,ELECT,0.01,2605.928,3,3,2605.928,0.0,0.0,0.0,0.0,260592.8
1724294,IT,PT,LANDT,ELEC4,0.02,2605.914,3,3,2605.914,0.0,0.0,0.0,0.0,130295.7
1673422,IT,FR,WEARI,BIOGA,0.02,2605.831,3,3,2605.831,0.0,0.0,0.0,0.0,130291.55
1681584,IT,GR,BUSIN,INTER,0.03,2605.734,3,3,2605.734,0.0,0.0,0.0,0.0,86857.8
1682054,IT,HR,FISH5,HEAVY,0.01,2605.698,3,3,2605.698,0.0,0.0,0.0,0.0,260569.8
1690026,IT,IE,REALE,FOOD2,0.11,2605.591,3,3,2605.591,0.0,0.0,0.0,0.0,23687.190909
1787147,IT,ZA,PUBLI,PRINT,0.04,2605.543,3,3,2605.543,0.0,0.0,0.0,0.0,65138.575
1684109,IT,HR,HOTEL,WOOD2,0.02,2605.452,3,3,2605.452,0.0,0.0,0.0,0.0,130272.6
1681585,IT,GR,BUSIN,OILHA,0.03,2605.388,3,3,2605.388,0.0,0.0,0.0,0.0,86846.266667
1710485,IT,LT,LANDT,RESEA,0.02,2605.322,3,3,2605.322,0.0,0.0,0.0,0.0,130266.1
1786755,IT,ZA,HOTEL,VEGET,0.02,2605.22,3,3,2605.22,0.0,0.0,0.0,0.0,130261.0
1813752,IT,WM,HOTEL,OFFIC,0.02,2605.191,3,3,2605.191,0.0,0.0,0.0,0.0,130259.55
1712023,IT,LV,DAIRY,RAWMI,0.01,2605.166,3,3,2605.166,0.0,0.0,0.0,0.0,260516.6
1654955,IT,CZ,INSUR,FURNI,0.05,2604.982,3,3,2604.982,0.0,0.0,0.0,0.0,52099.64
1765502,IT,RU,WEARI,TRAN1,0.02,2604.935,3,3,2604.935,0.0,0.0,0.0,0.0,130246.75
1762421,IT,IN,POSTT,SALEM,0.04,2604.899,3,3,2604.899,0.0,0.0,0.0,0.0,65122.475
1716659,IT,NL,WHOLE,VEGE1,0.02,2604.898,3,3,2604.898,0.0,0.0,0.0,0.0,130244.9
1671532,IT,FI,MACHI,FOODW,0.01,2604.71,3,3,2604.71,0.0,0.0,0.0,0.0,260471.0
1670279,IT,FI,MEATA,PUBLI,0.01,2604.71,3,3,2604.71,0.0,0.0,0.0,0.0,260471.0
1718369,IT,PL,BEVER,WHITE,0.01,2604.493,3,3,2604.493,0.0,0.0,0.0,0.0,260449.3
1665515,IT,ES,WEARI,AUXIL,0.02,2604.435,3,3,2604.435,0.0,0.0,0.0,0.0,130221.75
1790649,IT,WA,FABRI,WHITE,0.01,2604.426,3,3,2604.426,0.0,0.0,0.0,0.0,260442.6
1752629,IT,CA,TEXTI,FOUND,0.02,2604.303,3,3,2604.303,0.0,0.0,0.0,0.0,130215.15
1673817,IT,FR,PRINT,FISH5,0.02,2604.25,3,3,2604.25,0.0,0.0,0.0,0.0,130212.5
1729664,IT,SE,FABRI,TRAN1,0.01,2604.204,3,3,2604.204,0.0,0.0,0.0,0.0,260420.4
1760223,IT,BR,INERT,HOTEL,0.02,2603.736,3,3,2603.736,0.0,0.0,0.0,0.0,130186.8
1681587,IT,GR,BUSIN,FOOD2,0.03,2603.419,3,3,2603.419,0.0,0.0,0.0,0.0,86780.633333
1730062,IT,SE,RETA1,COPPE,0.03,2603.272,3,3,2603.272,0.0,0.0,0.0,0.0,86775.733333
1779372,IT,TR,AUXIL,WEARI,0.05,2603.263,3,3,2603.263,0.0,0.0,0.0,0.0,52065.26
1784917,IT,ID,POSTT,SUPPO,0.04,2603.221,3,3,2603.221,0.0,0.0,0.0,0.0,65080.525
1734055,IT,SI,FINAN,AUXIL,0.03,2603.085,3,3,2603.085,0.0,0.0,0.0,0.0,86769.5
1779383,IT,TR,AUXIL,RAILW,0.05,2602.979,3,3,2602.979,0.0,0.0,0.0,0.0,52059.58
1736189,IT,SK,WHOLE,ALUM1,0.02,2602.896,3,3,2602.896,0.0,0.0,0.0,0.0,130144.8
1725018,IT,PT,INERT,ALUM1,0.02,2602.728,3,3,2602.728,0.0,0.0,0.0,0.0,130136.4
1762875,IT,IN,93197,LANDT,0.02,2602.655,3,3,2602.655,0.0,0.0,0.0,0.0,130132.75
1809666,IT,WM,DAIRY,INERT,0.01,2602.61,3,3,2602.61,0.0,0.0,0.0,0.0,260261.0
1648344,IT,BE,HEALT,MACHI,0.01,2602.555,3,3,2602.555,0.0,0.0,0.0,0.0,260255.5
1754155,IT,CA,SUPPO,BEVER,0.02,2602.441,3,3,2602.441,0.0,0.0,0.0,0.0,130122.05
1683951,IT,HR,WHOLE,CEREA,0.02,2602.254,3,3,2602.254,0.0,0.0,0.0,0.0,130112.7
1792259,IT,WA,POSTT,NONF1,0.04,2602.169,3,3,2602.169,0.0,0.0,0.0,0.0,65054.225
1660189,IT,DE,SUPPO,RETAI,0.02,2602.082,3,3,2602.082,0.0,0.0,0.0,0.0,130104.1
1775889,IT,TR,PROCE,PAPER,0.02,2602.069,3,3,2602.069,0.0,0.0,0.0,0.0,130103.45
1689707,IT,IE,FINAN,WOOLS,0.03,2601.991,3,3,2601.991,0.0,0.0,0.0,0.0,86733.033333
1661904,IT,DK,PRINT,RUBBE,0.02,2601.529,3,3,2601.529,0.0,0.0,0.0,0.0,130076.45
1676170,IT,FR,CONST,KEROS,0.01,2601.466,3,3,2601.466,0.0,0.0,0.0,0.0,260146.6
1775046,IT,CH,RENTI,MOTOR,0.02,2601.38,3,3,2601.38,0.0,0.0,0.0,0.0,130069.0
1677549,IT,FR,REALE,WHEAT,0.11,2601.37,3,3,2601.37,0.0,0.0,0.0,0.0,23648.818182
1681595,IT,GR,BUSIN,WOOD2,0.03,2601.316,3,3,2601.316,0.0,0.0,0.0,0.0,86710.533333
1680458,IT,GR,ELEC4,MEMBE,0.04,2601.296,3,3,2601.296,0.0,0.0,0.0,0.0,65032.4
1715271,IT,NL,PAPER,MOTOR,0.01,2601.278,3,3,2601.278,0.0,0.0,0.0,0.0,260127.8
1743794,IT,US,LANDT,ELEC2,0.02,2601.147,3,3,2601.147,0.0,0.0,0.0,0.0,130057.35
1671834,IT,FI,RETA1,CONST,0.03,2601.143,3,3,2601.143,0.0,0.0,0.0,0.0,86704.766667
1717790,IT,NL,PAPE1,NONF1,0.02,2601.1,3,3,2601.1,0.0,0.0,0.0,0.0,130055.0
1664317,IT,EE,FABRI,RAWMI,0.01,2601.053,3,3,2601.053,0.0,0.0,0.0,0.0,260105.3
1752733,IT,CA,LEATH,POSTT,0.02,2600.942,3,3,2600.942,0.0,0.0,0.0,0.0,130047.1
1681592,IT,GR,BUSIN,PLAS2,0.03,2600.627,3,3,2600.627,0.0,0.0,0.0,0.0,86687.566667
1687354,IT,HU,HOTEL,SANDC,0.02,2600.601,3,3,2600.601,0.0,0.0,0.0,0.0,130030.05
1681594,IT,GR,BUSIN,TEXT2,0.03,2600.534,3,3,2600.534,0.0,0.0,0.0,0.0,86684.466667
1654240,IT,CZ,TRANS,ELEC1,0.02,2600.412,3,3,2600.412,0.0,0.0,0.0,0.0,130020.6
1767694,IT,RU,FINAN,MEATP,0.03,2600.172,3,3,2600.172,0.0,0.0,0.0,0.0,86672.4
1650689,IT,BG,RETA1,SALEM,0.03,2599.754,3,3,2599.754,0.0,0.0,0.0,0.0,86658.466667
1797645,IT,WL,PAPE1,PAPER,0.02,2599.744,3,3,2599.744,0.0,0.0,0.0,0.0,129987.2
1781537,IT,NO,TEXTI,COLLE,0.02,2599.678,3,3,2599.678,0.0,0.0,0.0,0.0,129983.9
1643183,IT,AT,HOTEL,NATUR,0.02,2599.62,3,3,2599.62,0.0,0.0,0.0,0.0,129981.0
1771910,IT,CH,PAPER,VEGE1,0.01,2599.589,3,3,2599.589,0.0,0.0,0.0,0.0,259958.9
1644288,IT,BE,MEATA,HOTEL,0.01,2599.564,3,3,2599.564,0.0,0.0,0.0,0.0,259956.4
1736681,IT,SK,INSUR,FOOD2,0.05,2599.506,3,3,2599.506,0.0,0.0,0.0,0.0,51990.12
1668643,IT,ES,RAILW,COLLE,0.02,2599.317,3,3,2599.317,0.0,0.0,0.0,0.0,129965.85
1808558,IT,WF,PAPE4,NONF1,0.02,2599.271,3,3,2599.271,0.0,0.0,0.0,0.0,129963.55
1724508,IT,PT,POSTT,FISH5,0.04,2599.087,3,3,2599.087,0.0,0.0,0.0,0.0,64977.175
1803636,IT,WF,FOOD5,LEAD1,0.01,2599.066,3,3,2599.066,0.0,0.0,0.0,0.0,259906.6
1775629,IT,CH,93197,CHEM1,0.02,2598.949,3,3,2598.949,0.0,0.0,0.0,0.0,129947.45
1798011,IT,WL,INERT,BIODI,0.02,2598.879,3,3,2598.879,0.0,0.0,0.0,0.0,129943.95
1647166,IT,BE,RAILW,BIODI,0.02,2598.832,3,3,2598.832,0.0,0.0,0.0,0.0,129941.6
1726826,IT,RO,WHOLE,RETAI,0.02,2598.818,3,3,2598.818,0.0,0.0,0.0,0.0,129940.9
1687215,IT,HU,SALEM,PLAST,0.02,2598.665,3,3,2598.665,0.0,0.0,0.0,0.0,129933.25
1801864,IT,WE,CONST,VEGE1,0.01,2598.337,3,3,2598.337,0.0,0.0,0.0,0.0,259833.7
1741018,IT,US,FISH5,BUSIN,0.01,2598.336,3,3,2598.336,0.0,0.0,0.0,0.0,259833.6
1813523,IT,WM,WHOLE,CROPS,0.02,2598.038,3,3,2598.038,0.0,0.0,0.0,0.0,129901.9
1731323,IT,SI,DAIRY,CROPS,0.01,2598.035,3,3,2598.035,0.0,0.0,0.0,0.0,259803.5
1676680,IT,FR,RAILW,PAPER,0.02,2597.95,3,3,2597.95,0.0,0.0,0.0,0.0,129897.5
1744692,IT,US,COMPU,ELEC4,0.03,2597.761,3,3,2597.761,0.0,0.0,0.0,0.0,86592.033333
1780061,IT,TW,WHOLE,LUBRI,0.02,2597.637,3,3,2597.637,0.0,0.0,0.0,0.0,129881.85
1814944,IT,WM,PRIVA,NONF1,0.58,2597.609,3,3,2597.609,0.0,0.0,0.0,0.0,4478.636207
1753819,IT,CA,WHOLE,PRINT,0.02,2597.527,3,3,2597.527,0.0,0.0,0.0,0.0,129876.35
1655864,IT,DE,DAIRY,ANIMA,0.01,2597.492,3,3,2597.492,0.0,0.0,0.0,0.0,259749.2
1748681,IT,CN,FOOD5,BITUM,0.01,2597.44,3,3,2597.44,0.0,0.0,0.0,0.0,259744.0
1670096,IT,ES,FOOD4,AIRTR,0.02,2597.259,3,3,2597.259,0.0,0.0,0.0,0.0,129862.95
1678866,IT,GR,FISH5,PAPER,0.01,2597.234,3,3,2597.234,0.0,0.0,0.0,0.0,259723.4
1740481,IT,GB,PAPE4,WASTE,0.02,2597.126,3,3,2597.126,0.0,0.0,0.0,0.0,129856.3
1678436,IT,FR,TEXT2,INTER,0.02,2597.036,3,3,2597.036,0.0,0.0,0.0,0.0,129851.8
1748658,IT,CN,DAIRY,RENTI,0.01,2596.836,3,3,2596.836,0.0,0.0,0.0,0.0,259683.6
1662899,IT,DK,RETA1,CEREA,0.03,2596.609,3,3,2596.609,0.0,0.0,0.0,0.0,86553.633333
1648856,IT,BG,TEXTI,KEROS,0.02,2596.567,3,3,2596.567,0.0,0.0,0.0,0.0,129828.35
1660158,IT,DE,SUPPO,NAPHT,0.02,2596.547,3,3,2596.547,0.0,0.0,0.0,0.0,129827.35
1720656,IT,PL,MOTO1,ELECT,0.01,2596.485,3,3,2596.485,0.0,0.0,0.0,0.0,259648.5
1808215,IT,WF,FOOD1,MEATA,0.01,2596.449,3,3,2596.449,0.0,0.0,0.0,0.0,259644.9
1792887,IT,WA,EDUCA,RECRE,0.06,2596.285,3,3,2596.285,0.0,0.0,0.0,0.0,43271.416667
1644416,IT,BE,MEAT1,MACHI,0.01,2596.032,3,3,2596.032,0.0,0.0,0.0,0.0,259603.2
1779834,IT,TR,PUBLI,KEROS,0.04,2596.028,3,3,2596.028,0.0,0.0,0.0,0.0,64900.7
1652192,IT,CZ,DAIRY,MACHI,0.01,2595.994,3,3,2595.994,0.0,0.0,0.0,0.0,259599.4
1787861,IT,WA,FOOD5,INLAN,0.01,2595.843,3,3,2595.843,0.0,0.0,0.0,0.0,259584.3
1725155,IT,RO,MEAT4,FOOD5,0.01,2595.801,3,3,2595.801,0.0,0.0,0.0,0.0,259580.1
1814883,IT,WM,PRIVA,PLANT,0.58,2595.75,3,3,2595.75,0.0,0.0,0.0,0.0,4475.431034
1660684,IT,DE,RENTI,FORES,0.02,2595.509,3,3,2595.509,0.0,0.0,0.0,0.0,129775.45
1775641,IT,CH,93197,RAILW,0.02,2595.476,3,3,2595.476,0.0,0.0,0.0,0.0,129773.8
1779969,IT,TW,SALEM,POULT,0.02,2595.156,3,3,2595.156,0.0,0.0,0.0,0.0,129757.8
1760396,IT,IN,DAIRY,PLAST,0.01,2594.764,3,3,2594.764,0.0,0.0,0.0,0.0,259476.4
1808697,IT,WF,INERT,MEMBE,0.02,2594.668,3,3,2594.668,0.0,0.0,0.0,0.0,129733.4
1716924,IT,NL,RAILW,MEATA,0.02,2594.656,3,3,2594.656,0.0,0.0,0.0,0.0,129732.8
1647060,IT,BE,HOTEL,RAWMI,0.02,2594.633,3,3,2594.633,0.0,0.0,0.0,0.0,129731.65
1663786,IT,EE,BEVER,FABRI,0.01,2594.493,3,3,2594.493,0.0,0.0,0.0,0.0,259449.3
1660955,IT,DE,BUSIN,CHARC,0.03,2594.456,3,3,2594.456,0.0,0.0,0.0,0.0,86481.866667
1737169,IT,GB,DAIRY,PIGS9,0.01,2594.315,3,3,2594.315,0.0,0.0,0.0,0.0,259431.5
1797917,IT,WL,FOOD4,POULT,0.02,2594.051,3,3,2594.051,0.0,0.0,0.0,0.0,129702.55
1740430,IT,GB,FOOD2,MACHI,0.02,2593.962,3,3,2593.962,0.0,0.0,0.0,0.0,129698.1
1651760,IT,CY,MACHI,INSUR,0.01,2593.831,3,3,2593.831,0.0,0.0,0.0,0.0,259383.1
1760023,IT,BR,TEXT1,SUPPO,0.02,2593.76,3,3,2593.76,0.0,0.0,0.0,0.0,129688.0
1797578,IT,WL,EDUCA,BIOGA,0.06,2593.578,3,3,2593.578,0.0,0.0,0.0,0.0,43226.3
1672354,IT,FI,BUSIN,SUGA1,0.03,2593.433,3,3,2593.433,0.0,0.0,0.0,0.0,86447.766667
1753659,IT,CA,MOTO1,SUBBI,0.01,2593.253,3,3,2593.253,0.0,0.0,0.0,0.0,259325.3
1762554,IT,IN,AUXIL,VEGET,0.05,2593.151,3,3,2593.151,0.0,0.0,0.0,0.0,51863.02
1813926,IT,WM,LANDT,PRIVA,0.02,2592.902,3,3,2592.902,0.0,0.0,0.0,0.0,129645.1
1797594,IT,WL,HEALT,AUXIL,0.01,2592.609,3,3,2592.609,0.0,0.0,0.0,0.0,259260.9
1721754,IT,PL,INSUR,DISTR,0.05,2592.586,3,3,2592.586,0.0,0.0,0.0,0.0,51851.72
1736324,IT,SK,RAILW,DAIRY,0.02,2592.556,3,3,2592.556,0.0,0.0,0.0,0.0,129627.8
1678344,IT,FR,FOOD4,TEXTI,0.02,2592.377,3,3,2592.377,0.0,0.0,0.0,0.0,129618.85
1774690,IT,CH,SUPPO,FORES,0.02,2592.342,3,3,2592.342,0.0,0.0,0.0,0.0,129617.1
1669033,IT,ES,SUPPO,REFIN,0.02,2592.262,3,3,2592.262,0.0,0.0,0.0,0.0,129613.1
1813772,IT,WM,HOTEL,SEACO,0.02,2592.2,3,3,2592.2,0.0,0.0,0.0,0.0,129610.0
1717603,IT,NL,RESEA,HOTEL,0.01,2592.186,3,3,2592.186,0.0,0.0,0.0,0.0,259218.6
1717577,IT,NL,COMPU,DIST1,0.03,2592.175,3,3,2592.175,0.0,0.0,0.0,0.0,86405.833333
1754185,IT,CA,SUPPO,TRAN2,0.02,2592.063,3,3,2592.063,0.0,0.0,0.0,0.0,129603.15
1720933,IT,PL,RETAI,TRANS,0.02,2592.055,3,3,2592.055,0.0,0.0,0.0,0.0,129602.75
1793070,IT,WA,INERT,PADDY,0.02,2591.76,3,3,2591.76,0.0,0.0,0.0,0.0,129588.0
1779206,IT,TR,POSTT,BLAST,0.04,2591.639,3,3,2591.639,0.0,0.0,0.0,0.0,64790.975
1688098,IT,HU,RESEA,RESEA,0.01,2591.217,3,3,2591.217,0.0,0.0,0.0,0.0,259121.7
1750527,IT,CN,MACHI,OXYGE,0.01,2591.214,3,3,2591.214,0.0,0.0,0.0,0.0,259121.4
1760063,IT,BR,OILHA,ELECT,0.01,2591.015,3,3,2591.015,0.0,0.0,0.0,0.0,259101.5
1676342,IT,FR,RETAI,93197,0.02,2590.909,3,3,2590.909,0.0,0.0,0.0,0.0,129545.45
1751270,IT,CN,HOTEL,TEXT1,0.02,2590.763,3,3,2590.763,0.0,0.0,0.0,0.0,129538.15
1762806,IT,IN,PUBLI,WOODW,0.04,2590.57,3,3,2590.57,0.0,0.0,0.0,0.0,64764.25
1723586,IT,PT,FABRI,NFERT,0.01,2590.561,3,3,2590.561,0.0,0.0,0.0,0.0,259056.1
1748411,IT,CN,WOOLS,MEMBE,0.01,2590.551,3,3,2590.551,0.0,0.0,0.0,0.0,259055.1
1671872,IT,FI,HOTEL,CEMEN,0.02,2590.544,3,3,2590.544,0.0,0.0,0.0,0.0,129527.2
1664346,IT,EE,FABRI,ELECT,0.01,2590.537,3,3,2590.537,0.0,0.0,0.0,0.0,259053.7
1678166,IT,FR,INTER,TEXTI,0.02,2590.351,3,3,2590.351,0.0,0.0,0.0,0.0,129517.55
1640898,IT,AT,LEATH,ELEC2,0.02,2590.345,3,3,2590.345,0.0,0.0,0.0,0.0,129517.25
1747734,IT,JP,FINAN,SUPPO,0.03,2590.218,3,3,2590.218,0.0,0.0,0.0,0.0,86340.6
1783040,IT,NO,INSUR,MEAT4,0.05,2590.054,3,3,2590.054,0.0,0.0,0.0,0.0,51801.08
1791746,IT,WA,RAILW,GLASS,0.02,2589.79,3,3,2589.79,0.0,0.0,0.0,0.0,129489.5
1673448,IT,FR,WEARI,RAILW,0.02,2589.11,3,3,2589.11,0.0,0.0,0.0,0.0,129455.5
1734194,IT,SI,REALE,SUPPO,0.11,2588.769,3,3,2588.769,0.0,0.0,0.0,0.0,23534.263636
1659362,IT,DE,RETAI,WOOD1,0.02,2588.652,3,3,2588.652,0.0,0.0,0.0,0.0,129432.6
1814827,IT,WM,WOOD2,REALE,0.01,2588.629,3,3,2588.629,0.0,0.0,0.0,0.0,258862.9
1786620,IT,ZA,RETAI,RAWMI,0.02,2588.437,3,3,2588.437,0.0,0.0,0.0,0.0,129421.85
1655403,IT,DE,CROPS,RECRE,0.02,2588.426,3,3,2588.426,0.0,0.0,0.0,0.0,129421.3
1675412,IT,FR,MACHI,ELE12,0.01,2588.408,3,3,2588.408,0.0,0.0,0.0,0.0,258840.8
1785425,IT,ZA,PAPER,TRAN1,0.01,2587.965,3,3,2587.965,0.0,0.0,0.0,0.0,258796.5
1797830,IT,WL,FOOD2,PLAST,0.02,2587.779,3,3,2587.779,0.0,0.0,0.0,0.0,129388.95
1734134,IT,SI,AUXIL,WHOLE,0.05,2587.681,3,3,2587.681,0.0,0.0,0.0,0.0,51753.62
1683696,IT,HR,MACHI,OILSE,0.01,2587.497,3,3,2587.497,0.0,0.0,0.0,0.0,258749.7
1770332,IT,AU,HOTEL,PLAS2,0.02,2587.474,3,3,2587.474,0.0,0.0,0.0,0.0,129373.7
1663949,IT,EE,PAPER,RAWMI,0.01,2587.343,3,3,2587.343,0.0,0.0,0.0,0.0,258734.3
1770405,IT,AU,LANDT,RENTI,0.02,2587.007,3,3,2587.007,0.0,0.0,0.0,0.0,129350.35
1643063,IT,AT,SALEM,COMPU,0.02,2586.887,3,3,2586.887,0.0,0.0,0.0,0.0,129344.35
1751010,IT,CN,WHOLE,TEXTI,0.02,2586.834,3,3,2586.834,0.0,0.0,0.0,0.0,129341.7
1722262,IT,PL,RECRE,REALE,0.03,2586.8,3,3,2586.8,0.0,0.0,0.0,0.0,86226.666667
1733953,IT,SI,SUPPO,TRANS,0.02,2586.744,3,3,2586.744,0.0,0.0,0.0,0.0,129337.2
1650764,IT,BG,HOTEL,93197,0.02,2586.72,3,3,2586.72,0.0,0.0,0.0,0.0,129336.0
1730603,IT,SE,RENTI,PIGS9,0.02,2586.569,3,3,2586.569,0.0,0.0,0.0,0.0,129328.45
1755247,IT,KR,PAPER,PROCE,0.01,2586.501,3,3,2586.501,0.0,0.0,0.0,0.0,258650.1
1730958,IT,SE,INTER,RECRE,0.02,2586.496,3,3,2586.496,0.0,0.0,0.0,0.0,129324.8
1771338,IT,CH,DAIRY,FOOD3,0.01,2586.463,3,3,2586.463,0.0,0.0,0.0,0.0,258646.3
1770689,IT,AU,INSUR,COLLE,0.05,2586.437,3,3,2586.437,0.0,0.0,0.0,0.0,51728.74
1721703,IT,PL,FINAN,TRAN2,0.03,2586.352,3,3,2586.352,0.0,0.0,0.0,0.0,86211.733333
1664617,IT,EE,LANDT,HYDRO,0.02,2586.254,3,3,2586.254,0.0,0.0,0.0,0.0,129312.7
1784963,IT,ID,INSUR,OFFIC,0.05,2586.231,3,3,2586.231,0.0,0.0,0.0,0.0,51724.62
1677309,IT,FR,FINAN,RETAI,0.03,2586.222,3,3,2586.222,0.0,0.0,0.0,0.0,86207.4
1788613,IT,WA,PRINT,PIGS9,0.02,2586.161,3,3,2586.161,0.0,0.0,0.0,0.0,129308.05
1737327,IT,GB,BEVER,LIQUE,0.01,2586.067,3,3,2586.067,0.0,0.0,0.0,0.0,258606.7
1650754,IT,BG,HOTEL,AUXIL,0.02,2585.961,3,3,2585.961,0.0,0.0,0.0,0.0,129298.05
1646498,IT,BE,MACHI,HOTEL,0.01,2585.753,3,3,2585.753,0.0,0.0,0.0,0.0,258575.3
1758893,IT,BR,HOTEL,RETAI,0.02,2585.712,3,3,2585.712,0.0,0.0,0.0,0.0,129285.6
1748221,IT,JP,INTER,PROCE,0.02,2585.701,3,3,2585.701,0.0,0.0,0.0,0.0,129285.05
1724942,IT,PT,BUSIN,FOOD3,0.03,2585.495,3,3,2585.495,0.0,0.0,0.0,0.0,86183.166667
1650781,IT,BG,RAILW,CONST,0.02,2585.406,3,3,2585.406,0.0,0.0,0.0,0.0,129270.3
1650836,IT,BG,LANDT,CERAM,0.02,2585.029,3,3,2585.029,0.0,0.0,0.0,0.0,129251.45
1730506,IT,SE,FINAN,INSUR,0.03,2584.894,3,3,2584.894,0.0,0.0,0.0,0.0,86163.133333
1670124,IT,ES,INERT,FOOD5,0.02,2584.868,3,3,2584.868,0.0,0.0,0.0,0.0,129243.4
1641158,IT,AT,PRINT,LEATH,0.02,2584.72,3,3,2584.72,0.0,0.0,0.0,0.0,129236.0
1654457,IT,CZ,RETA1,COLLE,0.03,2584.67,3,3,2584.67,0.0,0.0,0.0,0.0,86155.666667
1663975,IT,EE,PAPER,FURNI,0.01,2584.645,3,3,2584.645,0.0,0.0,0.0,0.0,258464.5
1688223,IT,HU,93197,93197,0.02,2584.644,3,3,2584.644,0.0,0.0,0.0,0.0,129232.2
1738851,IT,GB,TRANS,CHEM1,0.02,2584.643,3,3,2584.643,0.0,0.0,0.0,0.0,129232.15
1806376,IT,WF,MOTO1,NFERT,0.01,2584.353,3,3,2584.353,0.0,0.0,0.0,0.0,258435.3
1714746,IT,NL,DAIRY,DIST1,0.01,2584.261,3,3,2584.261,0.0,0.0,0.0,0.0,258426.1
1760007,IT,BR,INTER,REALE,0.02,2584.149,3,3,2584.149,0.0,0.0,0.0,0.0,129207.45
1807660,IT,WF,RESEA,MEMBE,0.01,2583.969,3,3,2583.969,0.0,0.0,0.0,0.0,258396.9
1661626,IT,DK,FISH5,MEDIC,0.01,2583.954,3,3,2583.954,0.0,0.0,0.0,0.0,258395.4
1729642,IT,SE,FABRI,LIQUI,0.01,2583.866,3,3,2583.866,0.0,0.0,0.0,0.0,258386.6
1793526,IT,WL,MEATP,FOOD5,0.01,2583.819,3,3,2583.819,0.0,0.0,0.0,0.0,258381.9
1688221,IT,HU,RECRE,93197,0.03,2583.546,3,3,2583.546,0.0,0.0,0.0,0.0,86118.2
1797473,IT,WL,RESEA,HOTEL,0.01,2583.539,3,3,2583.539,0.0,0.0,0.0,0.0,258353.9
1715297,IT,NL,PAPER,ELEC8,0.01,2583.487,3,3,2583.487,0.0,0.0,0.0,0.0,258348.7
1673809,IT,FR,PRINT,ANIMA,0.02,2583.122,3,3,2583.122,0.0,0.0,0.0,0.0,129156.1
1710777,IT,LU,WEARI,HOTEL,0.02,2582.957,3,3,2582.957,0.0,0.0,0.0,0.0,129147.85
1776022,IT,TR,TEXTI,KEROS,0.02,2582.873,3,3,2582.873,0.0,0.0,0.0,0.0,129143.65
1754526,IT,CA,BUSIN,ELEC2,0.03,2582.754,3,3,2582.754,0.0,0.0,0.0,0.0,86091.8
1663865,IT,EE,TEXTI,EDUCA,0.02,2582.749,3,3,2582.749,0.0,0.0,0.0,0.0,129137.45
1762428,IT,IN,POSTT,AIRTR,0.04,2582.633,3,3,2582.633,0.0,0.0,0.0,0.0,64565.825
1792870,IT,WA,EDUCA,RETAI,0.06,2582.392,3,3,2582.392,0.0,0.0,0.0,0.0,43039.866667
1659147,IT,DE,ELEC8,HEALT,0.03,2582.24,3,3,2582.24,0.0,0.0,0.0,0.0,86074.666667
1740992,IT,US,BEVER,INLAN,0.01,2582.198,3,3,2582.198,0.0,0.0,0.0,0.0,258219.8
1756426,IT,KR,CONST,WEARI,0.01,2582.133,3,3,2582.133,0.0,0.0,0.0,0.0,258213.3
1648819,IT,BG,FISH5,SUPPO,0.01,2582.044,3,3,2582.044,0.0,0.0,0.0,0.0,258204.4
1733707,IT,SI,RAILW,SEACO,0.02,2581.92,3,3,2581.92,0.0,0.0,0.0,0.0,129096.0
1724727,IT,PT,AUXIL,DIST1,0.05,2581.826,3,3,2581.826,0.0,0.0,0.0,0.0,51636.52
1712039,IT,LV,FOOD5,BIODI,0.01,2581.767,3,3,2581.767,0.0,0.0,0.0,0.0,258176.7
1729845,IT,SE,MOTO1,ALUM1,0.01,2581.648,3,3,2581.648,0.0,0.0,0.0,0.0,258164.8
1663392,IT,DK,POSTT,SEACO,0.04,2581.616,3,3,2581.616,0.0,0.0,0.0,0.0,64540.4
1717748,IT,NL,PUBLI,RETA1,0.04,2581.349,3,3,2581.349,0.0,0.0,0.0,0.0,64533.725
1640722,IT,AT,TEXTI,BEVER,0.02,2581.305,3,3,2581.305,0.0,0.0,0.0,0.0,129065.25
1649124,IT,BG,PAPER,RETAI,0.01,2581.287,3,3,2581.287,0.0,0.0,0.0,0.0,258128.7
1714296,IT,MT,PUBLI,CONST,0.04,2581.168,3,3,2581.168,0.0,0.0,0.0,0.0,64529.2
1709422,IT,LT,FISH5,BIODI,0.01,2581.084,3,3,2581.084,0.0,0.0,0.0,0.0,258108.4
1781397,IT,NO,PROCE,RESEA,0.02,2581.063,3,3,2581.063,0.0,0.0,0.0,0.0,129053.15
1660590,IT,DE,REALE,TEXTI,0.11,2580.876,3,3,2580.876,0.0,0.0,0.0,0.0,23462.509091
1644244,IT,BE,CROPS,FORES,0.02,2580.874,3,3,2580.874,0.0,0.0,0.0,0.0,129043.7
1647236,IT,BE,LANDT,CERAM,0.02,2580.831,3,3,2580.831,0.0,0.0,0.0,0.0,129041.55
1808091,IT,WF,WOOD1,PADDY,0.02,2580.829,3,3,2580.829,0.0,0.0,0.0,0.0,129041.45
1779940,IT,TW,CONST,ELECT,0.01,2580.321,3,3,2580.321,0.0,0.0,0.0,0.0,258032.1
1670037,IT,ES,FOOD1,ELEC3,0.01,2580.134,3,3,2580.134,0.0,0.0,0.0,0.0,258013.4
1783786,IT,NO,PAPE4,WOOD2,0.02,2580.057,3,3,2580.057,0.0,0.0,0.0,0.0,129002.85
1730226,IT,SE,LANDT,SEWAG,0.02,2579.609,3,3,2579.609,0.0,0.0,0.0,0.0,128980.45
1757364,IT,BR,WEARI,WHOLE,0.02,2579.551,3,3,2579.551,0.0,0.0,0.0,0.0,128977.55
1713187,IT,MT,WEARI,PRINT,0.02,2579.504,3,3,2579.504,0.0,0.0,0.0,0.0,128975.2
1663361,IT,DK,SUPPO,FINAN,0.02,2579.485,3,3,2579.485,0.0,0.0,0.0,0.0,128974.25
1747717,IT,JP,FINAN,COPP1,0.03,2579.389,3,3,2579.389,0.0,0.0,0.0,0.0,85979.633333
1763072,IT,MX,TEXTI,CONST,0.02,2579.328,3,3,2579.328,0.0,0.0,0.0,0.0,128966.4
1814859,IT,WM,RECRE,CRUDE,0.03,2579.209,3,3,2579.209,0.0,0.0,0.0,0.0,85973.633333
1687254,IT,HU,WHOLE,GASDI,0.02,2579.074,3,3,2579.074,0.0,0.0,0.0,0.0,128953.7
1780598,IT,TW,INSUR,KEROS,0.05,2579.038,3,3,2579.038,0.0,0.0,0.0,0.0,51580.76
1806573,IT,WF,CONST,LEADZ,0.01,2578.643,3,3,2578.643,0.0,0.0,0.0,0.0,257864.3
1664639,IT,EE,LANDT,ALUM1,0.02,2578.625,3,3,2578.625,0.0,0.0,0.0,0.0,128931.25
1661920,IT,DK,PRINT,LANDT,0.02,2578.612,3,3,2578.612,0.0,0.0,0.0,0.0,128930.6
1709387,IT,LT,BEVER,MEAT1,0.01,2578.56,3,3,2578.56,0.0,0.0,0.0,0.0,257856.0
1640399,IT,AT,MEAT4,OFFIC,0.01,2578.423,3,3,2578.423,0.0,0.0,0.0,0.0,257842.3
1677462,IT,FR,AUXIL,SUGAR,0.05,2578.208,3,3,2578.208,0.0,0.0,0.0,0.0,51564.16
1802652,IT,WE,RENTI,WOODW,0.02,2578.139,3,3,2578.139,0.0,0.0,0.0,0.0,128906.95
1768241,IT,RU,HEALT,PUBLI,0.01,2577.707,3,3,2577.707,0.0,0.0,0.0,0.0,257770.7
1669173,IT,ES,POSTT,COPP1,0.04,2577.643,3,3,2577.643,0.0,0.0,0.0,0.0,64441.075
1740753,IT,US,MEAT4,HEAVY,0.01,2577.563,3,3,2577.563,0.0,0.0,0.0,0.0,257756.3
1745207,IT,JP,ANIMA,FORES,0.01,2577.546,3,3,2577.546,0.0,0.0,0.0,0.0,257754.6
1646811,IT,BE,SALEM,SEACO,0.02,2577.328,3,3,2577.328,0.0,0.0,0.0,0.0,128866.4
1764395,IT,MX,MOTO1,RETAI,0.01,2577.268,3,3,2577.268,0.0,0.0,0.0,0.0,257726.8
1669002,IT,ES,SUPPO,PADDY,0.02,2577.16,3,3,2577.16,0.0,0.0,0.0,0.0,128858.0
1717335,IT,NL,FINAN,LEAD1,0.03,2577.149,3,3,2577.149,0.0,0.0,0.0,0.0,85904.966667
1733358,IT,SI,TRANS,DIST1,0.02,2576.596,3,3,2576.596,0.0,0.0,0.0,0.0,128829.8
1678201,IT,FR,WOOD1,FOOD2,0.02,2576.516,3,3,2576.516,0.0,0.0,0.0,0.0,128825.8
1797202,IT,WL,FINAN,DAIRY,0.03,2576.204,3,3,2576.204,0.0,0.0,0.0,0.0,85873.466667
1678264,IT,FR,FOOD2,PAPER,0.01,2576.155,3,3,2576.155,0.0,0.0,0.0,0.0,257615.5
1793112,IT,WA,MEMBE,RECRE,0.03,2576.146,3,3,2576.146,0.0,0.0,0.0,0.0,85871.533333
1647600,IT,BE,POSTT,OFFIC,0.04,2575.972,3,3,2575.972,0.0,0.0,0.0,0.0,64399.3
1737242,IT,GB,FOOD5,ANIMA,0.01,2575.828,3,3,2575.828,0.0,0.0,0.0,0.0,257582.8
1688441,IT,IE,TEXTI,BEVER,0.02,2575.018,3,3,2575.018,0.0,0.0,0.0,0.0,128750.9
1711557,IT,LU,FINAN,BEVER,0.03,2574.906,3,3,2574.906,0.0,0.0,0.0,0.0,85830.2
1767138,IT,RU,CONST,TRAN1,0.01,2574.701,3,3,2574.701,0.0,0.0,0.0,0.0,257470.1
1680168,IT,GR,MOTO1,DISTR,0.01,2574.697,3,3,2574.697,0.0,0.0,0.0,0.0,257469.7
1669646,IT,ES,RENTI,WASTE,0.02,2574.676,3,3,2574.676,0.0,0.0,0.0,0.0,128733.8
1710473,IT,LT,LANDT,RETAI,0.02,2574.623,3,3,2574.623,0.0,0.0,0.0,0.0,128731.15
1770715,IT,AU,INSUR,RECRE,0.05,2574.622,3,3,2574.622,0.0,0.0,0.0,0.0,51492.44
1813753,IT,WM,HOTEL,ELECT,0.02,2574.005,3,3,2574.005,0.0,0.0,0.0,0.0,128700.25
1753909,IT,CA,RAILW,RADIO,0.02,2574.005,3,3,2574.005,0.0,0.0,0.0,0.0,128700.25
1725557,IT,RO,LEATH,POSTT,0.02,2573.976,3,3,2573.976,0.0,0.0,0.0,0.0,128698.8
1770065,IT,AU,RETAI,RENTI,0.02,2573.795,3,3,2573.795,0.0,0.0,0.0,0.0,128689.75
1668419,IT,ES,RETA1,SECO9,0.03,2573.754,3,3,2573.754,0.0,0.0,0.0,0.0,85791.8
1808675,IT,WF,INERT,DISTR,0.02,2573.726,3,3,2573.726,0.0,0.0,0.0,0.0,128686.3
1683693,IT,HR,MACHI,WHEAT,0.01,2573.655,3,3,2573.655,0.0,0.0,0.0,0.0,257365.5
1655401,IT,DE,CROPS,EDUCA,0.02,2573.5,3,3,2573.5,0.0,0.0,0.0,0.0,128675.0
1748176,IT,JP,FOODW,INTER,0.02,2573.341,3,3,2573.341,0.0,0.0,0.0,0.0,128667.05
1739163,IT,GB,RETA1,WEARI,0.03,2573.322,3,3,2573.322,0.0,0.0,0.0,0.0,85777.4
1751042,IT,CN,WHOLE,SECO9,0.02,2573.288,3,3,2573.288,0.0,0.0,0.0,0.0,128664.4
1768169,IT,RU,PUBLI,RADIO,0.04,2573.235,3,3,2573.235,0.0,0.0,0.0,0.0,64330.875
1739854,IT,GB,FINAN,CERAM,0.03,2573.182,3,3,2573.182,0.0,0.0,0.0,0.0,85772.733333
1787042,IT,ZA,INSUR,RECRE,0.05,2573.114,3,3,2573.114,0.0,0.0,0.0,0.0,51462.28
1690277,IT,IE,OILHA,FABRI,0.01,2572.998,3,3,2572.998,0.0,0.0,0.0,0.0,257299.8
1788115,IT,WA,WEARI,LEADZ,0.02,2572.788,3,3,2572.788,0.0,0.0,0.0,0.0,128639.4
1793047,IT,WA,PAPE4,VEGET,0.02,2572.735,3,3,2572.735,0.0,0.0,0.0,0.0,128636.75
1743504,IT,US,RETA1,FABRI,0.03,2572.192,3,3,2572.192,0.0,0.0,0.0,0.0,85739.733333
1793748,IT,WL,BEVER,DISTR,0.01,2572.08,3,3,2572.08,0.0,0.0,0.0,0.0,257208.0
1760255,IT,BR,WOOD2,RECRE,0.01,2572.032,3,3,2572.032,0.0,0.0,0.0,0.0,257203.2
1770579,IT,AU,POSTT,CHEM1,0.04,2571.829,3,3,2571.829,0.0,0.0,0.0,0.0,64295.725
1681997,IT,HR,BEVER,POULT,0.01,2571.806,3,3,2571.806,0.0,0.0,0.0,0.0,257180.6
1754399,IT,CA,RENTI,WOODW,0.02,2571.751,3,3,2571.751,0.0,0.0,0.0,0.0,128587.55
1813588,IT,WM,WHOLE,RETAI,0.02,2571.738,3,3,2571.738,0.0,0.0,0.0,0.0,128586.9
1793249,IT,WA,PRIVA,BEVER,0.57,2571.72,3,3,2571.72,0.0,0.0,0.0,0.0,4511.789474
1688342,IT,IE,DAIRY,PRINT,0.01,2571.701,3,3,2571.701,0.0,0.0,0.0,0.0,257170.1
1798292,IT,WE,CROPS,MEATP,0.02,2571.635,3,3,2571.635,0.0,0.0,0.0,0.0,128581.75
1690335,IT,IE,FOOD2,SEWAG,0.01,2571.386,3,3,2571.386,0.0,0.0,0.0,0.0,257138.6
1747689,IT,JP,POSTT,RAILW,0.04,2570.987,3,3,2570.987,0.0,0.0,0.0,0.0,64274.675
1673277,IT,FR,TOBAC,VEGE1,0.01,2570.978,3,3,2570.978,0.0,0.0,0.0,0.0,257097.8
1786595,IT,ZA,CONST,HEALT,0.01,2570.781,3,3,2570.781,0.0,0.0,0.0,0.0,257078.1
1808618,IT,WF,PLAS2,RETA1,0.02,2570.58,3,3,2570.58,0.0,0.0,0.0,0.0,128529.0
1675951,IT,FR,ELEC4,RUBBE,0.04,2570.566,3,3,2570.566,0.0,0.0,0.0,0.0,64264.15
1682502,IT,HR,PRINT,SALEM,0.02,2570.511,3,3,2570.511,0.0,0.0,0.0,0.0,128525.55
1781657,IT,NO,LEATH,FURNI,0.02,2570.424,3,3,2570.424,0.0,0.0,0.0,0.0,128521.2
1685243,IT,HU,TEXTI,GASDI,0.02,2570.383,3,3,2570.383,0.0,0.0,0.0,0.0,128519.15
1751152,IT,CN,HOTEL,ANIMA,0.02,2570.342,3,3,2570.342,0.0,0.0,0.0,0.0,128517.1
1796723,IT,WL,LANDT,CROPS,0.02,2570.316,3,3,2570.316,0.0,0.0,0.0,0.0,128515.8
1646897,IT,BE,WHOLE,NONSP,0.02,2570.261,3,3,2570.261,0.0,0.0,0.0,0.0,128513.05
1787375,IT,WA,FORES,MEATA,0.02,2570.256,4,4,2569.256,0.0,1.0,0.0,0.0,128512.8
1663130,IT,DK,LANDT,OILSE,0.02,2570.192,3,3,2570.192,0.0,0.0,0.0,0.0,128509.6
1758614,IT,BR,TRANS,FORES,0.02,2569.849,3,3,2569.849,0.0,0.0,0.0,0.0,128492.45
1736767,IT,SK,RENTI,POSTT,0.02,2569.682,3,3,2569.682,0.0,0.0,0.0,0.0,128484.1
1659437,IT,DE,WHOLE,BIOG1,0.02,2569.555,3,3,2569.555,0.0,0.0,0.0,0.0,128477.75
1722407,IT,PT,MEAT1,CROPS,0.01,2569.51,3,3,2569.51,0.0,0.0,0.0,0.0,256951.0
1756288,IT,KR,MOTO1,PRINT,0.01,2569.497,3,3,2569.497,0.0,0.0,0.0,0.0,256949.7
1684046,IT,HR,HOTEL,MOTOR,0.02,2569.469,3,3,2569.469,0.0,0.0,0.0,0.0,128473.45
1803981,IT,WF,LEATH,PFERT,0.02,2569.381,3,3,2569.381,0.0,0.0,0.0,0.0,128469.05
1715371,IT,NL,PRINT,ELEC8,0.02,2569.366,3,3,2569.366,0.0,0.0,0.0,0.0,128468.3
1767656,IT,RU,POSTT,FURNI,0.04,2569.143,3,3,2569.143,0.0,0.0,0.0,0.0,64228.575
1663068,IT,DK,HOTEL,FOOD2,0.02,2569.097,3,3,2569.097,0.0,0.0,0.0,0.0,128454.85
1756809,IT,KR,SUPPO,PRINT,0.02,2568.604,3,3,2568.604,0.0,0.0,0.0,0.0,128430.2
1676337,IT,FR,RETAI,FOOD2,0.02,2568.421,3,3,2568.421,0.0,0.0,0.0,0.0,128421.05
1731510,IT,SI,FISH5,FISH5,0.01,2568.351,3,3,2568.351,0.0,0.0,0.0,0.0,256835.1
1759880,IT,BR,PAPE1,MOTOR,0.02,2568.267,3,3,2568.267,0.0,0.0,0.0,0.0,128413.35
1783226,IT,NO,BUSIN,TRAN2,0.03,2568.079,3,3,2568.079,0.0,0.0,0.0,0.0,85602.633333
1659773,IT,DE,LANDT,NATUR,0.02,2568.026,3,3,2568.026,0.0,0.0,0.0,0.0,128401.3
1748211,IT,JP,PAPE1,INTER,0.02,2568.009,3,3,2568.009,0.0,0.0,0.0,0.0,128400.45
1808068,IT,WF,TEXT1,BASIC,0.02,2567.911,3,3,2567.911,0.0,0.0,0.0,0.0,128395.55
1741112,IT,US,WEARI,PLAST,0.02,2567.875,3,3,2567.875,0.0,0.0,0.0,0.0,128393.75
1669282,IT,ES,FINAN,MOTOR,0.03,2567.72,3,3,2567.72,0.0,0.0,0.0,0.0,85590.666667
1734665,IT,SK,WEARI,MOTO1,0.02,2567.657,3,3,2567.657,0.0,0.0,0.0,0.0,128382.85
1754869,IT,KR,FISH5,PLAST,0.01,2567.583,3,3,2567.583,0.0,0.0,0.0,0.0,256758.3
1663751,IT,EE,FOOD5,WOODW,0.01,2567.572,3,3,2567.572,0.0,0.0,0.0,0.0,256757.2
1670469,IT,FI,BEVER,MEAT1,0.01,2567.556,3,3,2567.556,0.0,0.0,0.0,0.0,256755.6
1715073,IT,NL,WEARI,VEGET,0.02,2567.43,3,3,2567.43,0.0,0.0,0.0,0.0,128371.5
1651303,IT,CY,TEXTI,PRINT,0.02,2567.396,3,3,2567.396,0.0,0.0,0.0,0.0,128369.8
1747683,IT,JP,POSTT,COLLE,0.04,2567.122,3,3,2567.122,0.0,0.0,0.0,0.0,64178.05
1759396,IT,BR,INSUR,CRUDE,0.05,2566.976,3,3,2566.976,0.0,0.0,0.0,0.0,51339.52
1806996,IT,WF,LANDT,FOUND,0.02,2566.967,3,3,2566.967,0.0,0.0,0.0,0.0,128348.35
1765365,IT,RU,BEVER,PRINT,0.01,2566.903,3,3,2566.903,0.0,0.0,0.0,0.0,256690.3
1710159,IT,LT,MACHI,ALUM1,0.01,2566.894,3,3,2566.894,0.0,0.0,0.0,0.0,256689.4
1710786,IT,LU,LEATH,REALE,0.02,2566.662,3,3,2566.662,0.0,0.0,0.0,0.0,128333.1
1734379,IT,SI,93197,HEALT,0.02,2566.116,3,3,2566.116,0.0,0.0,0.0,0.0,128305.8
1709419,IT,LT,BEVER,RECRE,0.01,2566.077,3,3,2566.077,0.0,0.0,0.0,0.0,256607.7
1758642,IT,BR,TRANS,BUSIN,0.02,2565.979,3,3,2565.979,0.0,0.0,0.0,0.0,128298.95
1660150,IT,DE,SUPPO,PAPER,0.02,2565.856,3,3,2565.856,0.0,0.0,0.0,0.0,128292.8
1644773,IT,BE,FISH5,COMPU,0.01,2565.772,3,3,2565.772,0.0,0.0,0.0,0.0,256577.2
1688095,IT,HU,RESEA,DIST1,0.01,2565.456,3,3,2565.456,0.0,0.0,0.0,0.0,256545.6
1676540,IT,FR,HOTEL,NATUR,0.02,2565.437,3,3,2565.437,0.0,0.0,0.0,0.0,128271.85
1753940,IT,CA,LANDT,RAWMI,0.02,2565.41,3,3,2565.41,0.0,0.0,0.0,0.0,128270.5
1775546,IT,CH,PAPE4,PRINT,0.02,2565.108,3,3,2565.108,0.0,0.0,0.0,0.0,128255.4
1744728,IT,US,RESEA,FISHF,0.01,2565.003,3,3,2565.003,0.0,0.0,0.0,0.0,256500.3
1664877,IT,ES,FORES,MACHI,0.02,2564.928,4,4,2563.928,0.0,1.0,0.0,0.0,128246.4
1710364,IT,LT,HOTEL,FISH5,0.02,2564.842,3,3,2564.842,0.0,0.0,0.0,0.0,128242.1
1775511,IT,CH,FOOD2,WHOLE,0.01,2564.7,3,3,2564.7,0.0,0.0,0.0,0.0,256470.0
1718533,IT,PL,WEARI,DAIRY,0.02,2564.347,3,3,2564.347,0.0,0.0,0.0,0.0,128217.35
1733670,IT,SI,HOTEL,INTER,0.02,2564.221,3,3,2564.221,0.0,0.0,0.0,0.0,128211.05
1806702,IT,WF,WHOLE,KEROS,0.02,2564.143,3,3,2564.143,0.0,0.0,0.0,0.0,128207.15
1728274,IT,SE,BEVER,TEXTI,0.01,2564.096,3,3,2564.096,0.0,0.0,0.0,0.0,256409.6
1654446,IT,CZ,RETA1,WOODW,0.03,2564.081,3,3,2564.081,0.0,0.0,0.0,0.0,85469.366667
1775021,IT,CH,RENTI,WHEAT,0.02,2563.871,3,3,2563.871,0.0,0.0,0.0,0.0,128193.55
1724869,IT,PT,BUSIN,NFERT,0.03,2563.858,3,3,2563.858,0.0,0.0,0.0,0.0,85461.933333
1762852,IT,IN,PUBLI,AIRTR,0.04,2563.73,3,3,2563.73,0.0,0.0,0.0,0.0,64093.25
1736930,IT,SK,HEALT,BIODI,0.01,2563.683,3,3,2563.683,0.0,0.0,0.0,0.0,256368.3
1801574,IT,WE,TRANS,NFERT,0.02,2563.66,3,3,2563.66,0.0,0.0,0.0,0.0,128183.0
1663401,IT,DK,POSTT,EDUCA,0.04,2563.531,3,3,2563.531,0.0,0.0,0.0,0.0,64088.275
1688942,IT,IE,FABRI,SECO9,0.01,2563.487,3,3,2563.487,0.0,0.0,0.0,0.0,256348.7
1734177,IT,SI,REALE,MOTO1,0.11,2563.467,3,3,2563.467,0.0,0.0,0.0,0.0,23304.245455
1786981,IT,ZA,INSUR,MEATA,0.05,2563.401,3,3,2563.401,0.0,0.0,0.0,0.0,51268.02
1670117,IT,ES,PAPE4,SUPPO,0.02,2563.276,3,3,2563.276,0.0,0.0,0.0,0.0,128163.8
1680760,IT,GR,RETA1,AUXIL,0.03,2563.25,3,3,2563.25,0.0,0.0,0.0,0.0,85441.666667
1809943,IT,WM,FISH5,COPPE,0.01,2563.101,3,3,2563.101,0.0,0.0,0.0,0.0,256310.1
1713787,IT,MT,TRANS,MACHI,0.02,2563.007,3,3,2563.007,0.0,0.0,0.0,0.0,128150.35
1676462,IT,FR,RETA1,PFERT,0.03,2562.986,3,3,2562.986,0.0,0.0,0.0,0.0,85432.866667
1734040,IT,SI,FINAN,ELEC3,0.03,2562.885,3,3,2562.885,0.0,0.0,0.0,0.0,85429.5
1677067,IT,FR,SUPPO,PREC1,0.02,2562.8,3,3,2562.8,0.0,0.0,0.0,0.0,128140.0
1762969,IT,MX,DAIRY,PLAST,0.01,2562.697,3,3,2562.697,0.0,0.0,0.0,0.0,256269.7
1770561,IT,AU,SUPPO,REALE,0.02,2562.074,3,3,2562.074,0.0,0.0,0.0,0.0,128103.7
1807306,IT,WF,POSTT,ALUM1,0.04,2562.049,3,3,2562.049,0.0,0.0,0.0,0.0,64051.225
1677786,IT,FR,COMPU,TRAN1,0.03,2562.012,3,3,2562.012,0.0,0.0,0.0,0.0,85400.4
1734060,IT,SI,FINAN,BUSIN,0.03,2561.623,3,3,2561.623,0.0,0.0,0.0,0.0,85387.433333
1665206,IT,ES,FOOD5,BIOGA,0.01,2561.603,3,3,2561.603,0.0,0.0,0.0,0.0,256160.3
1729603,IT,SE,FABRI,WHEAT,0.01,2561.423,3,3,2561.423,0.0,0.0,0.0,0.0,256142.3
1754396,IT,CA,RENTI,VEGE1,0.02,2561.329,3,3,2561.329,0.0,0.0,0.0,0.0,128066.45
1677333,IT,FR,FINAN,PLAS1,0.03,2561.314,3,3,2561.314,0.0,0.0,0.0,0.0,85377.133333
1652442,IT,CZ,TEXTI,EDUCA,0.02,2561.308,3,3,2561.308,0.0,0.0,0.0,0.0,128065.4
1790592,IT,WA,FABRI,SUGAR,0.01,2561.059,3,3,2561.059,0.0,0.0,0.0,0.0,256105.9
1759847,IT,BR,FOODW,MOTO1,0.02,2560.94,3,3,2560.94,0.0,0.0,0.0,0.0,128047.0
1687207,IT,HU,CONST,STEAM,0.01,2560.722,3,3,2560.722,0.0,0.0,0.0,0.0,256072.2
1718590,IT,PL,LEATH,DAIRY,0.02,2560.704,3,3,2560.704,0.0,0.0,0.0,0.0,128035.2
1762120,IT,IN,RAILW,MACHI,0.02,2560.618,3,3,2560.618,0.0,0.0,0.0,0.0,128030.9
1689010,IT,IE,MACHI,RAILW,0.01,2560.511,3,3,2560.511,0.0,0.0,0.0,0.0,256051.1
1791553,IT,WA,RETA1,ELECT,0.03,2560.405,3,3,2560.405,0.0,0.0,0.0,0.0,85346.833333
1780544,IT,TW,FINAN,LEATH,0.03,2560.391,3,3,2560.391,0.0,0.0,0.0,0.0,85346.366667
1803675,IT,WF,BEVER,COPPE,0.01,2560.39,3,3,2560.39,0.0,0.0,0.0,0.0,256039.0
1678263,IT,FR,FOOD2,TEXTI,0.01,2560.342,3,3,2560.342,0.0,0.0,0.0,0.0,256034.2
1728410,IT,SE,WEARI,NONFE,0.02,2560.316,3,3,2560.316,0.0,0.0,0.0,0.0,128015.8
1797788,IT,WL,OILHA,GASDI,0.01,2559.958,3,3,2559.958,0.0,0.0,0.0,0.0,255995.8
1808754,IT,WF,WOOD2,WHEAT,0.01,2559.711,3,3,2559.711,0.0,0.0,0.0,0.0,255971.1
1806971,IT,WF,LANDT,TOBAC,0.02,2559.465,3,3,2559.465,0.0,0.0,0.0,0.0,127973.25
1721178,IT,PL,RAILW,SEWAG,0.02,2559.393,3,3,2559.393,0.0,0.0,0.0,0.0,127969.65
1687902,IT,HU,REALE,CONST,0.11,2559.047,3,3,2559.047,0.0,0.0,0.0,0.0,23264.063636
1760267,IT,IN,CROPS,POULT,0.02,2558.719,3,3,2558.719,0.0,0.0,0.0,0.0,127935.95
1736532,IT,SK,SUPPO,WOODW,0.02,2558.688,3,3,2558.688,0.0,0.0,0.0,0.0,127934.4
1720983,IT,PL,RETA1,DAIRY,0.03,2558.544,3,3,2558.544,0.0,0.0,0.0,0.0,85284.8
1730628,IT,SE,RENTI,NONME,0.02,2558.412,3,3,2558.412,0.0,0.0,0.0,0.0,127920.6
1744173,IT,US,SUPPO,WOOD2,0.02,2558.3,3,3,2558.3,0.0,0.0,0.0,0.0,127915.0
1770076,IT,AU,WHOLE,STONE,0.02,2558.207,3,3,2558.207,0.0,0.0,0.0,0.0,127910.35
1808747,IT,WF,TEXT2,BUSIN,0.02,2558.032,3,3,2558.032,0.0,0.0,0.0,0.0,127901.6
1714357,IT,MT,RECRE,RENTI,0.03,2557.994,3,3,2557.994,0.0,0.0,0.0,0.0,85266.466667
1756059,IT,KR,FABRI,COALT,0.01,2557.634,3,3,2557.634,0.0,0.0,0.0,0.0,255763.4
1712080,IT,LV,BEVER,SECO9,0.01,2557.581,3,3,2557.581,0.0,0.0,0.0,0.0,255758.1
1748220,IT,JP,INTER,SANDC,0.02,2556.965,3,3,2556.965,0.0,0.0,0.0,0.0,127848.25
1808169,IT,WF,OILHA,TEXTI,0.01,2556.708,3,3,2556.708,0.0,0.0,0.0,0.0,255670.8
1779155,IT,TR,POSTT,MEAT4,0.04,2556.532,3,3,2556.532,0.0,0.0,0.0,0.0,63913.3
1797267,IT,WL,INSUR,KEROS,0.05,2556.348,3,3,2556.348,0.0,0.0,0.0,0.0,51126.96
1803253,IT,WF,ANIMA,PRECI,0.01,2556.214,3,3,2556.214,0.0,0.0,0.0,0.0,255621.4
1660319,IT,DE,FINAN,CEREA,0.03,2556.054,3,3,2556.054,0.0,0.0,0.0,0.0,85201.8
1783016,IT,NO,POSTT,RECRE,0.04,2555.989,3,3,2555.989,0.0,0.0,0.0,0.0,63899.725
1684647,IT,HR,PAPE4,FOOD4,0.02,2555.987,3,3,2555.987,0.0,0.0,0.0,0.0,127799.35
1754879,IT,KR,FISH5,SEACO,0.01,2555.694,3,3,2555.694,0.0,0.0,0.0,0.0,255569.4
1734563,IT,SK,FOOD5,BUSIN,0.01,2555.542,3,3,2555.542,0.0,0.0,0.0,0.0,255554.2
1727895,IT,RO,PAPE4,COMPU,0.02,2555.519,3,3,2555.519,0.0,0.0,0.0,0.0,127775.95
1798708,IT,WE,DAIRY,LEAD1,0.01,2555.42,3,3,2555.42,0.0,0.0,0.0,0.0,255542.0
1768829,IT,AU,LEATH,NONF1,0.02,2555.321,3,3,2555.321,0.0,0.0,0.0,0.0,127766.05
1727595,IT,RO,REALE,SEACO,0.11,2555.152,3,3,2555.152,0.0,0.0,0.0,0.0,23228.654545
1752473,IT,CA,DAIRY,COMPU,0.01,2554.991,3,3,2554.991,0.0,0.0,0.0,0.0,255499.1
1689335,IT,IE,RETA1,GASDI,0.03,2554.792,3,3,2554.792,0.0,0.0,0.0,0.0,85159.733333
1787779,IT,WA,DAIRY,CONST,0.01,2554.538,3,3,2554.538,0.0,0.0,0.0,0.0,255453.8
1745922,IT,JP,LEATH,PLAS2,0.02,2554.36,3,3,2554.36,0.0,0.0,0.0,0.0,127718.0
1752593,IT,CA,FISH5,93197,0.01,2554.241,3,3,2554.241,0.0,0.0,0.0,0.0,255424.1
1792248,IT,WA,POSTT,CHARC,0.04,2553.984,3,3,2553.984,0.0,0.0,0.0,0.0,63849.6
1726832,IT,RO,WHOLE,INSUR,0.02,2553.729,3,3,2553.729,0.0,0.0,0.0,0.0,127686.45
1771527,IT,CH,TEXTI,PIGS9,0.02,2553.608,3,3,2553.608,0.0,0.0,0.0,0.0,127680.4
1793043,IT,WA,FOOD4,RETA1,0.02,2553.594,3,3,2553.594,0.0,0.0,0.0,0.0,127679.7
1746871,IT,JP,MACHI,INERT,0.01,2553.373,3,3,2553.373,0.0,0.0,0.0,0.0,255337.3
1712690,IT,LV,HOTEL,WEARI,0.02,2553.2,3,3,2553.2,0.0,0.0,0.0,0.0,127660.0
1773513,IT,CH,MOTO1,LEATH,0.01,2553.135,3,3,2553.135,0.0,0.0,0.0,0.0,255313.5
1722467,IT,PT,DAIRY,CONST,0.01,2553.03,3,3,2553.03,0.0,0.0,0.0,0.0,255303.0
1717541,IT,NL,RENTI,HOTEL,0.02,2553.025,3,3,2553.025,0.0,0.0,0.0,0.0,127651.25
1644415,IT,BE,MEAT1,FABRI,0.01,2552.829,3,3,2552.829,0.0,0.0,0.0,0.0,255282.9
1711895,IT,LU,OILHA,FINAN,0.01,2552.623,3,3,2552.623,0.0,0.0,0.0,0.0,255262.3
1813687,IT,WM,RETA1,RETAI,0.03,2552.608,3,3,2552.608,0.0,0.0,0.0,0.0,85086.933333
1712918,IT,LV,REALE,EDUCA,0.11,2552.576,3,3,2552.576,0.0,0.0,0.0,0.0,23205.236364
1671571,IT,FI,MOTO1,CHEM1,0.01,2552.496,3,3,2552.496,0.0,0.0,0.0,0.0,255249.6
1652293,IT,CZ,BEVER,COKEO,0.01,2552.475,3,3,2552.475,0.0,0.0,0.0,0.0,255247.5
1659298,IT,DE,SALEM,INERT,0.02,2552.192,3,3,2552.192,0.0,0.0,0.0,0.0,127609.6
1670113,IT,ES,PAPE4,COLLE,0.02,2552.088,3,3,2552.088,0.0,0.0,0.0,0.0,127604.4
1659293,IT,DE,SALEM,FOOD1,0.02,2552.073,3,3,2552.073,0.0,0.0,0.0,0.0,127603.65
1678346,IT,FR,FOOD4,PRINT,0.02,2552.008,3,3,2552.008,0.0,0.0,0.0,0.0,127600.4
1773270,IT,CH,FABRI,PAPE2,0.01,2551.936,3,3,2551.936,0.0,0.0,0.0,0.0,255193.6
1672350,IT,FI,BUSIN,MEAT1,0.03,2551.881,3,3,2551.881,0.0,0.0,0.0,0.0,85062.7
1650491,IT,BG,ELEC5,HEALT,0.03,2551.762,3,3,2551.762,0.0,0.0,0.0,0.0,85058.733333
1676176,IT,FR,CONST,BIODI,0.01,2551.72,3,3,2551.72,0.0,0.0,0.0,0.0,255172.0
1678596,IT,GR,FORES,WHOLE,0.02,2551.637,4,4,2550.637,0.0,1.0,0.0,0.0,127581.85
1759315,IT,BR,POSTT,WASTE,0.04,2551.549,3,3,2551.549,0.0,0.0,0.0,0.0,63788.725
1783494,IT,NO,WOOD1,FOOD3,0.02,2551.273,3,3,2551.273,0.0,0.0,0.0,0.0,127563.65
1731592,IT,SI,TEXTI,INTER,0.02,2550.775,3,3,2550.775,0.0,0.0,0.0,0.0,127538.75
1783104,IT,NO,INSUR,PAPE1,0.05,2550.462,3,3,2550.462,0.0,0.0,0.0,0.0,51009.24
1765730,IT,RU,PRINT,BITUM,0.02,2550.389,3,3,2550.389,0.0,0.0,0.0,0.0,127519.45
1665052,IT,ES,MEATP,WHOLE,0.01,2550.355,3,3,2550.355,0.0,0.0,0.0,0.0,255035.5
1739289,IT,GB,HOTEL,ALUM1,0.02,2550.271,3,3,2550.271,0.0,0.0,0.0,0.0,127513.55
1677673,IT,FR,RENTI,MEATP,0.02,2550.14,3,3,2550.14,0.0,0.0,0.0,0.0,127507.0
1745183,IT,JP,CROPS,PIGS9,0.02,2550.109,3,3,2550.109,0.0,0.0,0.0,0.0,127505.45
1806671,IT,WF,WHOLE,CATTL,0.02,2550.053,3,3,2550.053,0.0,0.0,0.0,0.0,127502.65
1721190,IT,PL,LANDT,PLANT,0.02,2550.03,3,3,2550.03,0.0,0.0,0.0,0.0,127501.5
1762019,IT,IN,WHOLE,FOUND,0.02,2549.951,3,3,2549.951,0.0,0.0,0.0,0.0,127497.55
1813807,IT,WM,RAILW,NONME,0.02,2549.836,3,3,2549.836,0.0,0.0,0.0,0.0,127491.8
1725326,IT,RO,BEVER,WASTE,0.01,2549.533,3,3,2549.533,0.0,0.0,0.0,0.0,254953.3
1650618,IT,BG,ELE11,MACHI,0.04,2549.267,3,3,2549.267,0.0,0.0,0.0,0.0,63731.675
1756645,IT,KR,LANDT,BASIC,0.02,2549.093,3,3,2549.093,0.0,0.0,0.0,0.0,127454.65
1687472,IT,HU,RAILW,RENTI,0.02,2549.06,3,3,2549.06,0.0,0.0,0.0,0.0,127453.0
1687928,IT,HU,RENTI,WHEAT,0.02,2548.902,3,3,2548.902,0.0,0.0,0.0,0.0,127445.1
1654485,IT,CZ,HOTEL,COKIN,0.02,2548.835,3,3,2548.835,0.0,0.0,0.0,0.0,127441.75
1760748,IT,IN,PRINT,LEATH,0.02,2548.706,3,3,2548.706,0.0,0.0,0.0,0.0,127435.3
1784017,IT,ID,TEXTI,BITUM,0.02,2548.554,3,3,2548.554,0.0,0.0,0.0,0.0,127427.7
1640841,IT,AT,LEATH,SUGAR,0.02,2548.509,3,3,2548.509,0.0,0.0,0.0,0.0,127425.45
1797553,IT,WL,PUBLI,PRECI,0.04,2548.401,3,3,2548.401,0.0,0.0,0.0,0.0,63710.025
1751307,IT,CN,RAILW,EDUCA,0.02,2548.397,3,3,2548.397,0.0,0.0,0.0,0.0,127419.85
1640379,IT,AT,MEATP,EDUCA,0.01,2548.216,3,3,2548.216,0.0,0.0,0.0,0.0,254821.6
1689023,IT,IE,MACHI,WASTE,0.01,2548.035,3,3,2548.035,0.0,0.0,0.0,0.0,254803.5
1654386,IT,CZ,SALEM,RETAI,0.02,2547.819,3,3,2547.819,0.0,0.0,0.0,0.0,127390.95
1781661,IT,NO,LEATH,COLLE,0.02,2547.714,3,3,2547.714,0.0,0.0,0.0,0.0,127385.7
1747799,IT,JP,AUXIL,RENTI,0.05,2547.712,3,3,2547.712,0.0,0.0,0.0,0.0,50954.24
1783615,IT,NO,FOOD2,TEXT2,0.01,2547.671,3,3,2547.671,0.0,0.0,0.0,0.0,254767.1
1774809,IT,CH,POSTT,ELEC4,0.04,2547.507,3,3,2547.507,0.0,0.0,0.0,0.0,63687.675
1813572,IT,WM,WHOLE,FOUND,0.02,2547.124,3,3,2547.124,0.0,0.0,0.0,0.0,127356.2
1661102,IT,DE,PUBLI,RECRE,0.04,2546.932,3,3,2546.932,0.0,0.0,0.0,0.0,63673.3
1813637,IT,WM,RETA1,PROCE,0.03,2546.793,3,3,2546.793,0.0,0.0,0.0,0.0,84893.1
1783557,IT,NO,FOOD1,RETA1,0.01,2546.549,3,3,2546.549,0.0,0.0,0.0,0.0,254654.9
1813545,IT,WM,WHOLE,LEATH,0.02,2546.495,3,3,2546.495,0.0,0.0,0.0,0.0,127324.75
1670504,IT,FI,BEVER,SECO9,0.01,2546.481,3,3,2546.481,0.0,0.0,0.0,0.0,254648.1
1662880,IT,DK,WHOLE,NONME,0.02,2546.421,3,3,2546.421,0.0,0.0,0.0,0.0,127321.05
1643460,IT,AT,LANDT,ELEC6,0.02,2546.318,3,3,2546.318,0.0,0.0,0.0,0.0,127315.9
1814551,IT,WM,BUSIN,DAIRY,0.03,2546.3,3,3,2546.3,0.0,0.0,0.0,0.0,84876.666667
1736971,IT,GB,CROPS,SUGA1,0.02,2546.279,3,3,2546.279,0.0,0.0,0.0,0.0,127313.95
1711803,IT,LU,PUBLI,AUXIL,0.04,2546.069,3,3,2546.069,0.0,0.0,0.0,0.0,63651.725
1716911,IT,NL,HOTEL,PLAS1,0.02,2545.934,3,3,2545.934,0.0,0.0,0.0,0.0,127296.7
1646764,IT,BE,CONST,RAILW,0.01,2545.912,3,3,2545.912,0.0,0.0,0.0,0.0,254591.2
1680731,IT,GR,RETA1,ALUM1,0.03,2545.797,3,3,2545.797,0.0,0.0,0.0,0.0,84859.9
1663372,IT,DK,POSTT,DAIRY,0.04,2545.638,3,3,2545.638,0.0,0.0,0.0,0.0,63640.95
1740977,IT,US,BEVER,ELECT,0.01,2545.523,3,3,2545.523,0.0,0.0,0.0,0.0,254552.3
1775431,IT,CH,EDUCA,EDUCA,0.06,2545.393,3,3,2545.393,0.0,0.0,0.0,0.0,42423.216667
1722224,IT,PL,EDUCA,WHOLE,0.06,2545.307,3,3,2545.307,0.0,0.0,0.0,0.0,42421.783333
1660841,IT,DE,COMPU,BIOG1,0.03,2545.15,3,3,2545.15,0.0,0.0,0.0,0.0,84838.333333
1797049,IT,WL,SUPPO,ALUM1,0.02,2545.113,3,3,2545.113,0.0,0.0,0.0,0.0,127255.65
1721696,IT,PL,FINAN,DIST1,0.03,2545.039,3,3,2545.039,0.0,0.0,0.0,0.0,84834.633333
1660521,IT,DE,INSUR,TRAN2,0.05,2544.958,3,3,2544.958,0.0,0.0,0.0,0.0,50899.16
1737134,IT,GB,MEAT4,HEALT,0.01,2544.954,3,3,2544.954,0.0,0.0,0.0,0.0,254495.4
1775549,IT,CH,PAPE4,MACHI,0.02,2544.953,3,3,2544.953,0.0,0.0,0.0,0.0,127247.65
1733084,IT,SI,FABRI,OILSE,0.01,2544.88,3,3,2544.88,0.0,0.0,0.0,0.0,254488.0
1802730,IT,WE,RESEA,GASDI,0.01,2544.835,3,3,2544.835,0.0,0.0,0.0,0.0,254483.5
1775951,IT,TR,FOOD5,COMPU,0.01,2544.673,3,3,2544.673,0.0,0.0,0.0,0.0,254467.3
1660439,IT,DE,FINAN,INERT,0.03,2544.619,3,3,2544.619,0.0,0.0,0.0,0.0,84820.633333
1791318,IT,WA,SALEM,CROPS,0.02,2544.58,3,3,2544.58,0.0,0.0,0.0,0.0,127229.0
1684653,IT,HR,INERT,PRINT,0.02,2544.385,3,3,2544.385,0.0,0.0,0.0,0.0,127219.25
1736433,IT,SK,LANDT,BLAST,0.02,2544.149,3,3,2544.149,0.0,0.0,0.0,0.0,127207.45
1683836,IT,HR,MOTO1,PLAST,0.01,2544.146,3,3,2544.146,0.0,0.0,0.0,0.0,254414.6
1722543,IT,PT,BEVER,TOBAC,0.01,2544.113,3,3,2544.113,0.0,0.0,0.0,0.0,254411.3
1671667,IT,FI,CONST,RETA1,0.01,2544.085,3,3,2544.085,0.0,0.0,0.0,0.0,254408.5
1736017,IT,SK,TRANS,POSTT,0.02,2543.815,3,3,2543.815,0.0,0.0,0.0,0.0,127190.75
1670156,IT,ES,MEMBE,PLAST,0.03,2543.73,3,3,2543.73,0.0,0.0,0.0,0.0,84791.0
1755350,IT,KR,PRINT,LANDT,0.02,2543.706,3,3,2543.706,0.0,0.0,0.0,0.0,127185.3
1807260,IT,WF,SUPPO,RESEA,0.02,2543.538,3,3,2543.538,0.0,0.0,0.0,0.0,127176.9
1740348,IT,GB,PUBLI,RECRE,0.04,2543.499,3,3,2543.499,0.0,0.0,0.0,0.0,63587.475
1736155,IT,SK,SALEM,LEAD1,0.02,2543.497,3,3,2543.497,0.0,0.0,0.0,0.0,127174.85
1792972,IT,WA,INTER,WEARI,0.02,2543.491,3,3,2543.491,0.0,0.0,0.0,0.0,127174.55
1791755,IT,WA,RAILW,MOTO1,0.02,2543.247,3,3,2543.247,0.0,0.0,0.0,0.0,127162.35
1733087,IT,SI,FABRI,POULT,0.01,2543.231,3,3,2543.231,0.0,0.0,0.0,0.0,254323.1
1783183,IT,NO,COMPU,LANDT,0.03,2542.847,3,3,2542.847,0.0,0.0,0.0,0.0,84761.566667
1791734,IT,WA,RAILW,LEATH,0.02,2542.374,3,3,2542.374,0.0,0.0,0.0,0.0,127118.7
1660479,IT,DE,INSUR,NUCLE,0.05,2542.255,3,3,2542.255,0.0,0.0,0.0,0.0,50845.1
1798939,IT,WE,FISH5,SALEM,0.01,2542.144,3,3,2542.144,0.0,0.0,0.0,0.0,254214.4
1684337,IT,HR,SUPPO,FURNI,0.02,2541.838,3,3,2541.838,0.0,0.0,0.0,0.0,127091.9
1784501,IT,ID,FABRI,HEAVY,0.01,2541.777,3,3,2541.777,0.0,0.0,0.0,0.0,254177.7
1779561,IT,TR,COMPU,CHEM1,0.03,2541.599,3,3,2541.599,0.0,0.0,0.0,0.0,84719.966667
1643173,IT,AT,HOTEL,WHEAT,0.02,2540.659,3,3,2540.659,0.0,0.0,0.0,0.0,127032.95
1762974,IT,MX,DAIRY,BUSIN,0.01,2540.648,3,3,2540.648,0.0,0.0,0.0,0.0,254064.8
1734133,IT,SI,AUXIL,SALEM,0.05,2540.487,3,3,2540.487,0.0,0.0,0.0,0.0,50809.74
1690429,IT,IE,FOOD4,AUXIL,0.02,2540.4,3,3,2540.4,0.0,0.0,0.0,0.0,127020.0
1747042,IT,JP,TRANS,RECRE,0.02,2540.346,3,3,2540.346,0.0,0.0,0.0,0.0,127017.3
1684124,IT,HR,RAILW,HEALT,0.02,2540.298,3,3,2540.298,0.0,0.0,0.0,0.0,127014.9
1779955,IT,TW,CONST,SUPPO,0.01,2540.238,3,3,2540.238,0.0,0.0,0.0,0.0,254023.8
1731634,IT,SI,LEATH,TRANS,0.02,2540.222,3,3,2540.222,0.0,0.0,0.0,0.0,127011.1
1783083,IT,NO,INSUR,RETAI,0.05,2540.153,3,3,2540.153,0.0,0.0,0.0,0.0,50803.06
1681635,IT,GR,93197,HOTEL,0.02,2539.841,3,3,2539.841,0.0,0.0,0.0,0.0,126992.05
1807435,IT,WF,AUXIL,CROPS,0.05,2539.696,3,3,2539.696,0.0,0.0,0.0,0.0,50793.92
1792999,IT,WA,FOOD2,LANDT,0.01,2539.499,3,3,2539.499,0.0,0.0,0.0,0.0,253949.9
1648799,IT,BG,BEVER,RESEA,0.01,2539.316,3,3,2539.316,0.0,0.0,0.0,0.0,253931.6
1792578,IT,WA,COMPU,MEATP,0.03,2539.216,3,3,2539.216,0.0,0.0,0.0,0.0,84640.533333
1783231,IT,NO,BUSIN,FINAN,0.03,2538.996,3,3,2538.996,0.0,0.0,0.0,0.0,84633.2
1680790,IT,GR,HOTEL,RESEA,0.02,2538.993,3,3,2538.993,0.0,0.0,0.0,0.0,126949.65
1730170,IT,SE,LANDT,NUCLE,0.02,2538.787,3,3,2538.787,0.0,0.0,0.0,0.0,126939.35
1664836,IT,ES,CROPS,BEVER,0.02,2538.685,3,3,2538.685,0.0,0.0,0.0,0.0,126934.25
1760122,IT,BR,FOOD2,COMPU,0.01,2538.655,3,3,2538.655,0.0,0.0,0.0,0.0,253865.5
1690474,IT,IE,PAPE4,HOTEL,0.02,2538.625,3,3,2538.625,0.0,0.0,0.0,0.0,126931.25
1656162,IT,DE,TEXTI,FORES,0.02,2538.323,3,3,2538.323,0.0,0.0,0.0,0.0,126916.15
1770762,IT,AU,RENTI,DISTR,0.02,2538.099,3,3,2538.099,0.0,0.0,0.0,0.0,126904.95
1808273,IT,WF,FOOD2,GASDI,0.01,2537.974,3,3,2537.974,0.0,0.0,0.0,0.0,253797.4
1662550,IT,DK,FABRI,MEAT4,0.01,2537.9,3,3,2537.9,0.0,0.0,0.0,0.0,253790.0
1643002,IT,AT,CONST,MOTOR,0.01,2537.534,3,3,2537.534,0.0,0.0,0.0,0.0,253753.4
1768656,IT,AU,TEXTI,BEVER,0.02,2537.529,3,3,2537.529,0.0,0.0,0.0,0.0,126876.45
1731366,IT,SI,PROCE,WHOLE,0.02,2537.464,3,3,2537.464,0.0,0.0,0.0,0.0,126873.2
1655000,IT,CZ,REALE,COKEO,0.11,2537.406,3,3,2537.406,0.0,0.0,0.0,0.0,23067.327273
1672101,IT,FI,POSTT,PAPER,0.04,2537.394,3,3,2537.394,0.0,0.0,0.0,0.0,63434.85
1798599,IT,WE,MEATP,PAPER,0.01,2537.379,3,3,2537.379,0.0,0.0,0.0,0.0,253737.9
1775993,IT,TR,FISH5,HEALT,0.01,2537.315,3,3,2537.315,0.0,0.0,0.0,0.0,253731.5
1724269,IT,PT,LANDT,LIQUE,0.02,2537.284,3,3,2537.284,0.0,0.0,0.0,0.0,126864.2
1670187,IT,ES,RECRE,TOBAC,0.03,2537.279,3,3,2537.279,0.0,0.0,0.0,0.0,84575.966667
1670128,IT,ES,INERT,PRINT,0.02,2537.277,3,3,2537.277,0.0,0.0,0.0,0.0,126863.85
1689671,IT,IE,POSTT,SECO9,0.04,2537.226,3,3,2537.226,0.0,0.0,0.0,0.0,63430.65
1728344,IT,SE,TEXTI,SUGA1,0.02,2537.147,3,3,2537.147,0.0,0.0,0.0,0.0,126857.35
1727401,IT,RO,FINAN,LEAD1,0.03,2537.141,3,3,2537.141,0.0,0.0,0.0,0.0,84571.366667
1724679,IT,PT,INSUR,ELEC2,0.05,2537.07,3,3,2537.07,0.0,0.0,0.0,0.0,50741.4
1643945,IT,AT,COMPU,CHEM1,0.03,2536.955,3,3,2536.955,0.0,0.0,0.0,0.0,84565.166667
1670231,IT,ES,93197,DIST1,0.02,2536.928,3,3,2536.928,0.0,0.0,0.0,0.0,126846.4
1751268,IT,CN,HOTEL,PLAS1,0.02,2536.798,3,3,2536.798,0.0,0.0,0.0,0.0,126839.9
1792970,IT,WA,INTER,MEATA,0.02,2536.766,3,3,2536.766,0.0,0.0,0.0,0.0,126838.3
1725238,IT,RO,FOOD5,CHEM1,0.01,2536.684,3,3,2536.684,0.0,0.0,0.0,0.0,253668.4
1778083,IT,TR,MOTO1,PRINT,0.01,2536.645,3,3,2536.645,0.0,0.0,0.0,0.0,253664.5
1745590,IT,JP,FISH5,REALE,0.01,2536.352,3,3,2536.352,0.0,0.0,0.0,0.0,253635.2
1652349,IT,CZ,FISH5,PROCE,0.01,2535.681,3,3,2535.681,0.0,0.0,0.0,0.0,253568.1
1678887,IT,GR,TEXTI,CEREA,0.02,2535.636,3,3,2535.636,0.0,0.0,0.0,0.0,126781.8
1640387,IT,AT,MEAT1,ELEC2,0.01,2535.463,3,3,2535.463,0.0,0.0,0.0,0.0,253546.3
1796687,IT,WL,RAILW,PRINT,0.02,2535.307,3,3,2535.307,0.0,0.0,0.0,0.0,126765.35
1792893,IT,WA,HEALT,MEATC,0.01,2535.256,3,3,2535.256,0.0,0.0,0.0,0.0,253525.6
1654150,IT,CZ,MOTO1,MOTOR,0.01,2535.038,3,3,2535.038,0.0,0.0,0.0,0.0,253503.8
1780786,IT,TW,RENTI,SEACO,0.02,2535.036,3,3,2535.036,0.0,0.0,0.0,0.0,126751.8
1793441,IT,WL,FORES,RUBBE,0.02,2534.863,4,4,2533.863,0.0,1.0,0.0,0.0,126743.15
1779276,IT,TR,FINAN,ELE12,0.03,2534.859,3,3,2534.859,0.0,0.0,0.0,0.0,84495.3
1806999,IT,WF,LANDT,ELECT,0.02,2534.85,3,3,2534.85,0.0,0.0,0.0,0.0,126742.5
1796490,IT,WL,RETA1,PULP5,0.03,2534.736,3,3,2534.736,0.0,0.0,0.0,0.0,84491.2
1669011,IT,ES,SUPPO,MEATC,0.02,2534.194,3,3,2534.194,0.0,0.0,0.0,0.0,126709.7
1807226,IT,WF,SUPPO,CHEMI,0.02,2534.1,3,3,2534.1,0.0,0.0,0.0,0.0,126705.0
1664520,IT,EE,TRANS,RAILW,0.02,2534.064,3,3,2534.064,0.0,0.0,0.0,0.0,126703.2
1729964,IT,SE,CONST,SALEM,0.01,2533.967,3,3,2533.967,0.0,0.0,0.0,0.0,253396.7
1734582,IT,SK,BEVER,WOODW,0.01,2533.92,3,3,2533.92,0.0,0.0,0.0,0.0,253392.0
1644765,IT,BE,FISH5,ELEC3,0.01,2533.915,3,3,2533.915,0.0,0.0,0.0,0.0,253391.5
1796360,IT,WL,WHOLE,FORES,0.02,2533.796,3,3,2533.796,0.0,0.0,0.0,0.0,126689.8
1675946,IT,FR,ELEC4,GASDI,0.04,2533.643,3,3,2533.643,0.0,0.0,0.0,0.0,63341.075
1652132,IT,CZ,MEATP,RESEA,0.01,2533.56,3,3,2533.56,0.0,0.0,0.0,0.0,253356.0
1778131,IT,TR,TRANS,GLASS,0.02,2533.548,3,3,2533.548,0.0,0.0,0.0,0.0,126677.4
1740427,IT,GB,FOOD2,CHEM1,0.01,2533.529,3,3,2533.529,0.0,0.0,0.0,0.0,253352.9
1766925,IT,RU,MOTO1,POULT,0.01,2533.527,3,3,2533.527,0.0,0.0,0.0,0.0,253352.7
1681964,IT,HR,FOOD5,NONME,0.01,2533.458,3,3,2533.458,0.0,0.0,0.0,0.0,253345.8
1676699,IT,FR,RAILW,RADIO,0.02,2533.285,3,3,2533.285,0.0,0.0,0.0,0.0,126664.25
1775491,IT,CH,INTER,HEALT,0.02,2532.853,3,3,2532.853,0.0,0.0,0.0,0.0,126642.65
1727274,IT,RO,SUPPO,FOOD3,0.02,2532.823,3,3,2532.823,0.0,0.0,0.0,0.0,126641.15
1767580,IT,RU,SUPPO,FISHF,0.02,2532.815,3,3,2532.815,0.0,0.0,0.0,0.0,126640.75
1648883,IT,BG,TEXTI,ELEC6,0.02,2532.688,3,3,2532.688,0.0,0.0,0.0,0.0,126634.4
1673491,IT,FR,LEATH,PLANT,0.02,2532.481,3,3,2532.481,0.0,0.0,0.0,0.0,126624.05
1665284,IT,ES,BEVER,MOTO1,0.01,2532.367,3,3,2532.367,0.0,0.0,0.0,0.0,253236.7
1808829,IT,WF,93197,CEREA,0.02,2532.335,3,3,2532.335,0.0,0.0,0.0,0.0,126616.75
1770139,IT,AU,RETA1,WOOLS,0.03,2532.173,3,3,2532.173,0.0,0.0,0.0,0.0,84405.766667
1652468,IT,CZ,WEARI,MEAT1,0.02,2532.153,3,3,2532.153,0.0,0.0,0.0,0.0,126607.65
1720289,IT,PL,FABRI,LUBRI,0.01,2531.913,3,3,2531.913,0.0,0.0,0.0,0.0,253191.3
1799178,IT,WE,WEARI,TRAN2,0.02,2531.781,3,3,2531.781,0.0,0.0,0.0,0.0,126589.05
1669764,IT,ES,BUSIN,REFI1,0.03,2531.715,3,3,2531.715,0.0,0.0,0.0,0.0,84390.5
1640922,IT,AT,LEATH,INTER,0.02,2531.503,3,3,2531.503,0.0,0.0,0.0,0.0,126575.15
1730208,IT,SE,LANDT,TRAN2,0.02,2531.274,3,3,2531.274,0.0,0.0,0.0,0.0,126563.7
1752638,IT,CA,TEXTI,COLLE,0.01,2531.22,3,3,2531.22,0.0,0.0,0.0,0.0,253122.0
1813255,IT,WM,TRANS,BITU1,0.02,2530.697,3,3,2530.697,0.0,0.0,0.0,0.0,126534.85
1710516,IT,LT,SUPPO,WOODW,0.02,2530.554,3,3,2530.554,0.0,0.0,0.0,0.0,126527.7
1758797,IT,BR,RETA1,ELECT,0.03,2530.538,3,3,2530.538,0.0,0.0,0.0,0.0,84351.266667
1734359,IT,SI,PUBLI,RETA1,0.04,2530.318,3,3,2530.318,0.0,0.0,0.0,0.0,63257.95
1808146,IT,WF,OILHA,OILSE,0.01,2530.264,3,3,2530.264,0.0,0.0,0.0,0.0,253026.4
1754242,IT,CA,POSTT,RADIO,0.04,2530.169,3,3,2530.169,0.0,0.0,0.0,0.0,63254.225
1644845,IT,BE,TEXTI,RECRE,0.01,2530.167,3,3,2530.167,0.0,0.0,0.0,0.0,253016.7
1721606,IT,PL,POSTT,BASIC,0.04,2530.01,3,3,2530.01,0.0,0.0,0.0,0.0,63250.25
1651023,IT,BG,POSTT,COPP1,0.04,2529.974,3,3,2529.974,0.0,0.0,0.0,0.0,63249.35
1733478,IT,SI,RETAI,FISHF,0.02,2529.655,3,3,2529.655,0.0,0.0,0.0,0.0,126482.75
1770736,IT,AU,AUXIL,POSTT,0.05,2529.562,3,3,2529.562,0.0,0.0,0.0,0.0,50591.24
1656188,IT,DE,TEXTI,LIQUI,0.01,2529.173,3,3,2529.173,0.0,0.0,0.0,0.0,252917.3
1731042,IT,SE,93197,COMPU,0.02,2528.778,3,3,2528.778,0.0,0.0,0.0,0.0,126438.9
1687068,IT,HU,MOTO1,COPP1,0.01,2528.763,3,3,2528.763,0.0,0.0,0.0,0.0,252876.3
1730139,IT,SE,RAILW,RENTI,0.02,2528.529,3,3,2528.529,0.0,0.0,0.0,0.0,126426.45
1711187,IT,LU,MACHI,OILSE,0.01,2528.348,3,3,2528.348,0.0,0.0,0.0,0.0,252834.8
1659091,IT,DE,ELEC5,BASIC,0.03,2528.255,3,3,2528.255,0.0,0.0,0.0,0.0,84275.166667
1793635,IT,WL,DAIRY,NFERT,0.01,2528.148,3,3,2528.148,0.0,0.0,0.0,0.0,252814.8
1783864,IT,NO,TEXT2,FOOD4,0.02,2527.899,3,3,2527.899,0.0,0.0,0.0,0.0,126394.95
1736466,IT,SK,LANDT,PAPE4,0.02,2527.716,3,3,2527.716,0.0,0.0,0.0,0.0,126385.8
1661180,IT,DE,93197,SALEM,0.02,2527.623,3,3,2527.623,0.0,0.0,0.0,0.0,126381.15
1643256,IT,AT,HOTEL,BIOG1,0.02,2527.567,3,3,2527.567,0.0,0.0,0.0,0.0,126378.35
1806727,IT,WF,WHOLE,MEDIC,0.02,2527.479,3,3,2527.479,0.0,0.0,0.0,0.0,126373.95
1802658,IT,WE,RENTI,PLAST,0.02,2527.435,3,3,2527.435,0.0,0.0,0.0,0.0,126371.75
1721491,IT,PL,SUPPO,MEAT1,0.02,2527.433,3,3,2527.433,0.0,0.0,0.0,0.0,126371.65
1808607,IT,WF,PLAS2,LEADZ,0.02,2527.302,3,3,2527.302,0.0,0.0,0.0,0.0,126365.1
1767755,IT,RU,INSUR,CRUDE,0.05,2527.159,3,3,2527.159,0.0,0.0,0.0,0.0,50543.18
1690336,IT,IE,FOOD2,FOOD2,0.01,2527.151,3,3,2527.151,0.0,0.0,0.0,0.0,252715.1
1651080,IT,BG,INSUR,TRAN1,0.05,2526.989,3,3,2526.989,0.0,0.0,0.0,0.0,50539.78
1778644,IT,TR,HOTEL,FOUND,0.02,2526.871,3,3,2526.871,0.0,0.0,0.0,0.0,126343.55
1731858,IT,SI,PRINT,BASIC,0.02,2526.582,3,3,2526.582,0.0,0.0,0.0,0.0,126329.1
1733300,IT,SI,MOTO1,CEMEN,0.01,2526.424,3,3,2526.424,0.0,0.0,0.0,0.0,252642.4
1726525,IT,RO,MACHI,LANDT,0.01,2526.399,3,3,2526.399,0.0,0.0,0.0,0.0,252639.9
1731619,IT,SI,LEATH,DAIRY,0.02,2526.376,3,3,2526.376,0.0,0.0,0.0,0.0,126318.8
1756644,IT,KR,LANDT,NONME,0.02,2526.318,3,3,2526.318,0.0,0.0,0.0,0.0,126315.9
1689858,IT,IE,INSUR,WASTE,0.05,2526.113,3,3,2526.113,0.0,0.0,0.0,0.0,50522.26
1736325,IT,SK,RAILW,FOOD5,0.02,2526.048,3,3,2526.048,0.0,0.0,0.0,0.0,126302.4
1644682,IT,BE,BEVER,REFIN,0.01,2525.812,3,3,2525.812,0.0,0.0,0.0,0.0,252581.2
1744618,IT,US,RENTI,LANDT,0.02,2525.801,3,3,2525.801,0.0,0.0,0.0,0.0,126290.05
1647760,IT,BE,INSUR,EDUCA,0.05,2525.784,3,3,2525.784,0.0,0.0,0.0,0.0,50515.68
1659071,IT,DE,ELEC4,WHOLE,0.04,2525.758,3,3,2525.758,0.0,0.0,0.0,0.0,63143.95
1731346,IT,SI,DAIRY,RAILW,0.01,2525.74,3,3,2525.74,0.0,0.0,0.0,0.0,252574.0
1784735,IT,ID,WHOLE,CHEM1,0.02,2525.655,3,3,2525.655,0.0,0.0,0.0,0.0,126282.75
1803989,IT,WF,LEATH,RADIO,0.02,2525.456,3,3,2525.456,0.0,0.0,0.0,0.0,126272.8
1776397,IT,TR,PRINT,RETAI,0.02,2525.451,3,3,2525.451,0.0,0.0,0.0,0.0,126272.55
1771030,IT,CH,FORES,VEGET,0.02,2525.286,4,4,2524.286,0.0,1.0,0.0,0.0,126264.3
1756655,IT,KR,LANDT,RETA1,0.02,2525.281,3,3,2525.281,0.0,0.0,0.0,0.0,126264.05
1737476,IT,GB,LEATH,FINAN,0.02,2525.226,3,3,2525.226,0.0,0.0,0.0,0.0,126261.3
1736866,IT,SK,BUSIN,PREC1,0.03,2525.199,3,3,2525.199,0.0,0.0,0.0,0.0,84173.3
1779343,IT,TR,INSUR,ELE12,0.05,2524.869,3,3,2524.869,0.0,0.0,0.0,0.0,50497.38
1667967,IT,ES,TRANS,CERAM,0.02,2524.705,3,3,2524.705,0.0,0.0,0.0,0.0,126235.25
1682014,IT,HR,BEVER,HEAVY,0.01,2524.245,3,3,2524.245,0.0,0.0,0.0,0.0,252424.5
1797102,IT,WL,POSTT,MEAT4,0.04,2524.215,3,3,2524.215,0.0,0.0,0.0,0.0,63105.375
1716340,IT,NL,FABRI,INSUR,0.01,2524.087,3,3,2524.087,0.0,0.0,0.0,0.0,252408.7
1801968,IT,WE,RETAI,TRANS,0.02,2524.073,3,3,2524.073,0.0,0.0,0.0,0.0,126203.65
1670789,IT,FI,PRINT,DIST1,0.02,2524.018,3,3,2524.018,0.0,0.0,0.0,0.0,126200.9
1768268,IT,RU,93197,RUBBE,0.02,2523.963,3,3,2523.963,0.0,0.0,0.0,0.0,126198.15
1688062,IT,HU,COMPU,TRAN1,0.03,2523.708,3,3,2523.708,0.0,0.0,0.0,0.0,84123.6
1648972,IT,BG,LEATH,BEVER,0.02,2523.685,3,3,2523.685,0.0,0.0,0.0,0.0,126184.25
1644165,IT,AT,RECRE,ELECT,0.03,2523.575,3,3,2523.575,0.0,0.0,0.0,0.0,84119.166667
1675998,IT,FR,ELEC5,CEMEN,0.03,2523.516,3,3,2523.516,0.0,0.0,0.0,0.0,84117.2
1655056,IT,CZ,COMPU,PAPER,0.03,2523.496,3,3,2523.496,0.0,0.0,0.0,0.0,84116.533333
1745001,IT,US,PUBLI,CHEMI,0.04,2523.352,3,3,2523.352,0.0,0.0,0.0,0.0,63083.8
1710756,IT,LU,FISH5,WHOLE,0.01,2523.321,3,3,2523.321,0.0,0.0,0.0,0.0,252332.1
1658852,IT,DE,MOTO1,INTER,0.01,2523.311,3,3,2523.311,0.0,0.0,0.0,0.0,252331.1
1809966,IT,WM,FISH5,ELEC2,0.01,2523.301,3,3,2523.301,0.0,0.0,0.0,0.0,252330.1
1711356,IT,LU,WHOLE,EDUCA,0.02,2523.247,3,3,2523.247,0.0,0.0,0.0,0.0,126162.35
1731563,IT,SI,TEXTI,ELECT,0.01,2523.196,3,3,2523.196,0.0,0.0,0.0,0.0,252319.6
1660766,IT,DE,COMPU,VEGET,0.03,2523.09,3,3,2523.09,0.0,0.0,0.0,0.0,84103.0
1802214,IT,WE,RAILW,FISHF,0.02,2522.989,3,3,2522.989,0.0,0.0,0.0,0.0,126149.45
1806708,IT,WF,WHOLE,NFERT,0.02,2522.974,3,3,2522.974,0.0,0.0,0.0,0.0,126148.7
1739970,IT,GB,AUXIL,SALEM,0.05,2522.943,3,3,2522.943,0.0,0.0,0.0,0.0,50458.86
1716588,IT,NL,SALEM,BRICK,0.02,2522.607,3,3,2522.607,0.0,0.0,0.0,0.0,126130.35
1771368,IT,CH,PROCE,PUBLI,0.02,2522.469,3,3,2522.469,0.0,0.0,0.0,0.0,126123.45
1782495,IT,NO,MACHI,TEXT1,0.01,2522.463,3,3,2522.463,0.0,0.0,0.0,0.0,252246.3
1767917,IT,RU,RENTI,LIQUE,0.02,2522.214,3,3,2522.214,0.0,0.0,0.0,0.0,126110.7
1677966,IT,FR,PUBLI,POULT,0.04,2522.062,3,3,2522.062,0.0,0.0,0.0,0.0,63051.55
1665593,IT,ES,LEATH,PAPE4,0.02,2522.015,3,3,2522.015,0.0,0.0,0.0,0.0,126100.75
1716979,IT,NL,LANDT,FORES,0.02,2521.834,3,3,2521.834,0.0,0.0,0.0,0.0,126091.7
1672971,IT,FR,DAIRY,WOOD1,0.01,2521.729,3,3,2521.729,0.0,0.0,0.0,0.0,252172.9
1806828,IT,WF,RETA1,RADIO,0.03,2521.648,3,3,2521.648,0.0,0.0,0.0,0.0,84054.933333
1688957,IT,IE,FABRI,RECRE,0.01,2521.32,3,3,2521.32,0.0,0.0,0.0,0.0,252132.0
1730908,IT,SE,INTER,PRECI,0.02,2521.279,3,3,2521.279,0.0,0.0,0.0,0.0,126063.95
1721483,IT,PL,SUPPO,FORES,0.02,2521.173,3,3,2521.173,0.0,0.0,0.0,0.0,126058.65
1729636,IT,SE,FABRI,HEAVY,0.01,2521.026,3,3,2521.026,0.0,0.0,0.0,0.0,252102.6
1718368,IT,PL,BEVER,NAPHT,0.01,2520.626,3,3,2520.626,0.0,0.0,0.0,0.0,252062.6
1753858,IT,CA,RETA1,MEATP,0.03,2520.607,3,3,2520.607,0.0,0.0,0.0,0.0,84020.233333
1724584,IT,PT,FINAN,FISH5,0.03,2520.468,3,3,2520.468,0.0,0.0,0.0,0.0,84015.6
1751298,IT,CN,RAILW,ELECT,0.02,2520.441,3,3,2520.441,0.0,0.0,0.0,0.0,126022.05
1783860,IT,NO,TEXT2,WOOD1,0.02,2520.413,3,3,2520.413,0.0,0.0,0.0,0.0,126020.65
1752720,IT,CA,LEATH,ELECT,0.02,2520.266,3,3,2520.266,0.0,0.0,0.0,0.0,126013.3
1717400,IT,NL,INSUR,NAPHT,0.05,2520.252,3,3,2520.252,0.0,0.0,0.0,0.0,50405.04
1748936,IT,CN,WEARI,BIOG1,0.02,2520.029,3,3,2520.029,0.0,0.0,0.0,0.0,126001.45
1688175,IT,HU,BUSIN,INLAN,0.03,2519.894,3,3,2519.894,0.0,0.0,0.0,0.0,83996.466667
1680471,IT,GR,ELEC5,ALUM1,0.03,2519.802,3,3,2519.802,0.0,0.0,0.0,0.0,83993.4
1672187,IT,FI,AUXIL,DIST1,0.05,2519.429,3,3,2519.429,0.0,0.0,0.0,0.0,50388.58
1751085,IT,CN,RETA1,BEVER,0.03,2519.407,3,3,2519.407,0.0,0.0,0.0,0.0,83980.233333
1663570,IT,DK,COMPU,PAPE1,0.03,2519.356,3,3,2519.356,0.0,0.0,0.0,0.0,83978.533333
1778511,IT,TR,RETA1,LEADZ,0.03,2519.009,3,3,2519.009,0.0,0.0,0.0,0.0,83966.966667
1733990,IT,SI,SUPPO,INERT,0.02,2518.818,3,3,2518.818,0.0,0.0,0.0,0.0,125940.9
1739776,IT,GB,POSTT,CEMEN,0.04,2518.348,3,3,2518.348,0.0,0.0,0.0,0.0,62958.7
1744593,IT,US,RENTI,PROCE,0.02,2518.235,3,3,2518.235,0.0,0.0,0.0,0.0,125911.75
1660364,IT,DE,FINAN,BIOGA,0.03,2518.23,3,3,2518.23,0.0,0.0,0.0,0.0,83941.0
1750938,IT,CN,CONST,INLAN,0.01,2518.222,3,3,2518.222,0.0,0.0,0.0,0.0,251822.2
1784925,IT,ID,POSTT,BUSIN,0.04,2518.085,3,3,2518.085,0.0,0.0,0.0,0.0,62952.125
1803175,IT,WF,CROPS,CEREA,0.02,2518.068,3,3,2518.068,0.0,0.0,0.0,0.0,125903.4
1757308,IT,BR,FOOD5,SUPPO,0.01,2517.84,3,3,2517.84,0.0,0.0,0.0,0.0,251784.0
1799539,IT,WE,PRINT,KEROS,0.02,2517.799,3,3,2517.799,0.0,0.0,0.0,0.0,125889.95
1661204,IT,DE,PRIVA,BEVER,0.56,2517.731,3,3,2517.731,0.0,0.0,0.0,0.0,4495.948214
1760111,IT,BR,FOOD2,FURNI,0.01,2517.498,3,3,2517.498,0.0,0.0,0.0,0.0,251749.8
1654458,IT,CZ,RETA1,CONST,0.03,2517.346,3,3,2517.346,0.0,0.0,0.0,0.0,83911.533333
1768565,IT,AU,BEVER,RAWMI,0.01,2516.903,3,3,2516.903,0.0,0.0,0.0,0.0,251690.3
1758766,IT,BR,RETA1,VEGE1,0.03,2516.898,3,3,2516.898,0.0,0.0,0.0,0.0,83896.6
1810207,IT,WM,LEATH,MEATA,0.02,2516.717,3,3,2516.717,0.0,0.0,0.0,0.0,125835.85
1771342,IT,CH,PROCE,CATTL,0.02,2516.34,3,3,2516.34,0.0,0.0,0.0,0.0,125817.0
1721759,IT,PL,INSUR,HOTEL,0.05,2516.247,3,3,2516.247,0.0,0.0,0.0,0.0,50324.94
1736234,IT,SK,RETA1,DISTR,0.03,2516.184,3,3,2516.184,0.0,0.0,0.0,0.0,83872.8
1757183,IT,BR,MEATP,LIQUI,0.01,2515.975,3,3,2515.975,0.0,0.0,0.0,0.0,251597.5
1748384,IT,CN,CROPS,RAWMI,0.02,2515.739,3,3,2515.739,0.0,0.0,0.0,0.0,125786.95
1647987,IT,BE,RENTI,EDUCA,0.02,2515.512,3,3,2515.512,0.0,0.0,0.0,0.0,125775.6
1767234,IT,RU,HOTEL,COKIN,0.02,2515.311,3,3,2515.311,0.0,0.0,0.0,0.0,125765.55
1734030,IT,SI,FINAN,WEARI,0.03,2515.256,3,3,2515.256,0.0,0.0,0.0,0.0,83841.866667
1669676,IT,ES,COMPU,CERAM,0.03,2515.253,3,3,2515.253,0.0,0.0,0.0,0.0,83841.766667
1737105,IT,GB,MEATP,MEAT4,0.01,2515.086,3,3,2515.086,0.0,0.0,0.0,0.0,251508.6
1725000,IT,PT,PAPE1,NONF1,0.02,2514.889,3,3,2514.889,0.0,0.0,0.0,0.0,125744.45
1665444,IT,ES,WEARI,CEREA,0.02,2514.843,3,3,2514.843,0.0,0.0,0.0,0.0,125742.15
1668760,IT,ES,LANDT,ELEC6,0.02,2514.749,3,3,2514.749,0.0,0.0,0.0,0.0,125737.45
1788146,IT,WA,WEARI,BIODI,0.02,2514.711,3,3,2514.711,0.0,0.0,0.0,0.0,125735.55
1678168,IT,FR,INTER,PRINT,0.02,2514.547,3,3,2514.547,0.0,0.0,0.0,0.0,125727.35
1668183,IT,ES,SALEM,RESEA,0.02,2514.483,3,3,2514.483,0.0,0.0,0.0,0.0,125724.15
1737287,IT,GB,FOOD5,AUXIL,0.01,2514.442,3,3,2514.442,0.0,0.0,0.0,0.0,251444.2
1678395,IT,FR,PAPE4,TEXT1,0.02,2514.324,3,3,2514.324,0.0,0.0,0.0,0.0,125716.2
1687926,IT,HU,REALE,RECRE,0.11,2514.309,3,3,2514.309,0.0,0.0,0.0,0.0,22857.354545
1760009,IT,BR,INTER,COMPU,0.02,2514.274,3,3,2514.274,0.0,0.0,0.0,0.0,125713.7
1783103,IT,NO,INSUR,FOODW,0.05,2514.194,3,3,2514.194,0.0,0.0,0.0,0.0,50283.88
1787940,IT,WA,FISH5,ANIMA,0.01,2514.151,3,3,2514.151,0.0,0.0,0.0,0.0,251415.1
1767951,IT,RU,COMPU,GASDI,0.03,2514.093,3,3,2514.093,0.0,0.0,0.0,0.0,83803.1
1734264,IT,SI,COMPU,LANDT,0.03,2514.045,3,3,2514.045,0.0,0.0,0.0,0.0,83801.5
1756484,IT,KR,SALEM,FABRI,0.02,2514.042,3,3,2514.042,0.0,0.0,0.0,0.0,125702.1
1721669,IT,PL,FINAN,FISH5,0.03,2513.941,3,3,2513.941,0.0,0.0,0.0,0.0,83798.033333
1644763,IT,BE,FISH5,MEDIC,0.01,2513.711,3,3,2513.711,0.0,0.0,0.0,0.0,251371.1
1710702,IT,LU,FOOD5,ANIMA,0.01,2513.637,3,3,2513.637,0.0,0.0,0.0,0.0,251363.7
1776080,IT,TR,WEARI,LEATH,0.02,2513.444,3,3,2513.444,0.0,0.0,0.0,0.0,125672.2
1685091,IT,HU,FOOD5,PROCE,0.01,2513.425,3,3,2513.425,0.0,0.0,0.0,0.0,251342.5
1680594,IT,GR,ELE11,FOOD4,0.04,2513.408,3,3,2513.408,0.0,0.0,0.0,0.0,62835.2
1727054,IT,RO,RAILW,ELEC1,0.02,2513.354,3,3,2513.354,0.0,0.0,0.0,0.0,125667.7
1680592,IT,GR,ELE11,FOOD3,0.04,2513.299,3,3,2513.299,0.0,0.0,0.0,0.0,62832.475
1771364,IT,CH,PROCE,REALE,0.02,2513.075,3,3,2513.075,0.0,0.0,0.0,0.0,125653.75
1754918,IT,KR,TEXTI,DAIRY,0.01,2513.044,3,3,2513.044,0.0,0.0,0.0,0.0,251304.4
1783174,IT,NO,COMPU,MACHI,0.03,2512.92,3,3,2512.92,0.0,0.0,0.0,0.0,83764.0
1740448,IT,GB,FOOD2,TEXT2,0.01,2512.704,3,3,2512.704,0.0,0.0,0.0,0.0,251270.4
1718186,IT,PL,DAIRY,MOTO1,0.01,2512.674,3,3,2512.674,0.0,0.0,0.0,0.0,251267.4
1795996,IT,WL,MOTO1,ELEC6,0.01,2512.597,3,3,2512.597,0.0,0.0,0.0,0.0,251259.7
1671914,IT,FI,RAILW,WHOLE,0.02,2512.453,3,3,2512.453,0.0,0.0,0.0,0.0,125622.65
1668216,IT,ES,RETAI,GLASS,0.02,2512.412,3,3,2512.412,0.0,0.0,0.0,0.0,125620.6
1659061,IT,DE,ELEC4,ALUM1,0.04,2512.326,3,3,2512.326,0.0,0.0,0.0,0.0,62808.15
1808488,IT,WF,FOOD4,RETAI,0.02,2512.296,3,3,2512.296,0.0,0.0,0.0,0.0,125614.8
1726857,IT,RO,RETA1,DAIRY,0.03,2512.288,3,3,2512.288,0.0,0.0,0.0,0.0,83742.933333
1652792,IT,CZ,PRINT,VEGET,0.02,2512.225,3,3,2512.225,0.0,0.0,0.0,0.0,125611.25
1665367,IT,ES,TEXTI,DAIRY,0.01,2512.221,3,3,2512.221,0.0,0.0,0.0,0.0,251222.1
1779833,IT,TR,PUBLI,MOTOR,0.04,2511.929,3,3,2511.929,0.0,0.0,0.0,0.0,62798.225
1676155,IT,FR,CONST,CHEMI,0.01,2511.862,3,3,2511.862,0.0,0.0,0.0,0.0,251186.2
1807622,IT,WF,RESEA,NFERT,0.01,2511.775,3,3,2511.775,0.0,0.0,0.0,0.0,251177.5
1662784,IT,DK,TRANS,FABRI,0.01,2511.471,3,3,2511.471,0.0,0.0,0.0,0.0,251147.1
1770183,IT,AU,RETA1,RESEA,0.03,2511.407,3,3,2511.407,0.0,0.0,0.0,0.0,83713.566667
1745181,IT,JP,CROPS,CROPS,0.02,2511.141,3,3,2511.141,0.0,0.0,0.0,0.0,125557.05
1735774,IT,SK,MACHI,SUGA1,0.01,2511.025,3,3,2511.025,0.0,0.0,0.0,0.0,251102.5
1745517,IT,JP,FOOD5,FINAN,0.01,2510.958,3,3,2510.958,0.0,0.0,0.0,0.0,251095.8
1743406,IT,US,SALEM,FOODW,0.02,2510.77,3,3,2510.77,0.0,0.0,0.0,0.0,125538.5
1680593,IT,GR,ELE11,WASTE,0.04,2510.688,3,3,2510.688,0.0,0.0,0.0,0.0,62767.2
1793058,IT,WA,PAPE4,LEAD1,0.02,2510.639,3,3,2510.639,0.0,0.0,0.0,0.0,125531.95
1807806,IT,WF,FOODW,DISTR,0.02,2510.611,3,3,2510.611,0.0,0.0,0.0,0.0,125530.55
1710339,IT,LT,WHOLE,WOODW,0.02,2510.523,3,3,2510.523,0.0,0.0,0.0,0.0,125526.15
1737460,IT,GB,LEATH,BASIC,0.02,2510.343,3,3,2510.343,0.0,0.0,0.0,0.0,125517.15
1733167,IT,SI,FABRI,FOOD2,0.01,2510.258,3,3,2510.258,0.0,0.0,0.0,0.0,251025.8
1751533,IT,CN,SUPPO,RESEA,0.02,2510.252,3,3,2510.252,0.0,0.0,0.0,0.0,125512.6
1770532,IT,AU,SUPPO,CRUDE,0.02,2510.168,3,3,2510.168,0.0,0.0,0.0,0.0,125508.4
1758426,IT,BR,FABRI,COLLE,0.01,2509.925,3,3,2509.925,0.0,0.0,0.0,0.0,250992.5
1773997,IT,CH,RETAI,CATTL,0.02,2509.905,3,3,2509.905,0.0,0.0,0.0,0.0,125495.25
1684473,IT,HR,RENTI,POSTT,0.02,2509.619,3,3,2509.619,0.0,0.0,0.0,0.0,125480.95
1792464,IT,WA,AUXIL,LANDT,0.05,2509.441,3,3,2509.441,0.0,0.0,0.0,0.0,50188.82
1683957,IT,HR,WHOLE,BEVER,0.02,2509.413,3,3,2509.413,0.0,0.0,0.0,0.0,125470.65
1643698,IT,AT,SUPPO,LIQUE,0.02,2509.396,3,3,2509.396,0.0,0.0,0.0,0.0,125469.8
1687098,IT,HU,MOTO1,FOOD2,0.01,2509.381,3,3,2509.381,0.0,0.0,0.0,0.0,250938.1
1740021,IT,GB,RENTI,BITUM,0.02,2509.306,3,3,2509.306,0.0,0.0,0.0,0.0,125465.3
1716859,IT,NL,HOTEL,NONME,0.02,2508.952,3,3,2508.952,0.0,0.0,0.0,0.0,125447.6
1798743,IT,WE,FOOD5,PLANT,0.01,2508.917,3,3,2508.917,0.0,0.0,0.0,0.0,250891.7
1760105,IT,BR,FOOD2,WOODW,0.01,2508.905,3,3,2508.905,0.0,0.0,0.0,0.0,250890.5
1647498,IT,BE,SUPPO,REFIN,0.02,2508.874,3,3,2508.874,0.0,0.0,0.0,0.0,125443.7
1793169,IT,WA,93197,CHEM1,0.02,2508.799,3,3,2508.799,0.0,0.0,0.0,0.0,125439.95
1710334,IT,LT,SALEM,AUXIL,0.02,2508.693,3,3,2508.693,0.0,0.0,0.0,0.0,125434.65
1762049,IT,IN,RETA1,POULT,0.03,2508.686,3,3,2508.686,0.0,0.0,0.0,0.0,83622.866667
1811225,IT,WM,WHITE,HEAVY,0.01,2508.632,3,3,2508.632,0.0,0.0,0.0,0.0,250863.2
1737489,IT,GB,LEATH,FOOD4,0.02,2508.577,3,3,2508.577,0.0,0.0,0.0,0.0,125428.85
1647661,IT,BE,FINAN,ELEC5,0.03,2508.512,3,3,2508.512,0.0,0.0,0.0,0.0,83617.066667
1673813,IT,FR,PRINT,MEATC,0.02,2508.435,3,3,2508.435,0.0,0.0,0.0,0.0,125421.75
1710162,IT,LT,MACHI,FOUND,0.01,2508.409,3,3,2508.409,0.0,0.0,0.0,0.0,250840.9
1733450,IT,SI,CONST,PUBLI,0.01,2508.225,3,3,2508.225,0.0,0.0,0.0,0.0,250822.5
1723992,IT,PT,SALEM,FOOD4,0.02,2508.159,3,3,2508.159,0.0,0.0,0.0,0.0,125407.95
1798087,IT,WL,93197,CRUDE,0.02,2508.092,3,3,2508.092,0.0,0.0,0.0,0.0,125404.6
1783172,IT,NO,COMPU,PRINT,0.03,2507.785,3,3,2507.785,0.0,0.0,0.0,0.0,83592.833333
1747244,IT,JP,SALEM,BUSIN,0.02,2507.773,3,3,2507.773,0.0,0.0,0.0,0.0,125388.65
1654449,IT,CZ,RETA1,NFERT,0.03,2507.744,3,3,2507.744,0.0,0.0,0.0,0.0,83591.466667
1740394,IT,GB,HEALT,MOTO1,0.01,2507.679,3,3,2507.679,0.0,0.0,0.0,0.0,250767.9
1670660,IT,FI,LEATH,PAPE1,0.02,2507.665,3,3,2507.665,0.0,0.0,0.0,0.0,125383.25
1655029,IT,CZ,REALE,RETA1,0.11,2507.662,3,3,2507.662,0.0,0.0,0.0,0.0,22796.927273
1726528,IT,RO,MACHI,POSTT,0.01,2507.57,3,3,2507.57,0.0,0.0,0.0,0.0,250757.0
1798726,IT,WE,PROCE,VEGET,0.02,2507.321,3,3,2507.321,0.0,0.0,0.0,0.0,125366.05
1660630,IT,DE,REALE,ELEC3,0.11,2507.234,3,3,2507.234,0.0,0.0,0.0,0.0,22793.036364
1710560,IT,LT,AUXIL,INSUR,0.05,2507.187,3,3,2507.187,0.0,0.0,0.0,0.0,50143.74
1793891,IT,WL,WEARI,POULT,0.02,2507.123,3,3,2507.123,0.0,0.0,0.0,0.0,125356.15
1797826,IT,WL,FOOD2,WEARI,0.01,2507.11,3,3,2507.11,0.0,0.0,0.0,0.0,250711.0
1640811,IT,AT,WEARI,ELECT,0.02,2507.098,3,3,2507.098,0.0,0.0,0.0,0.0,125354.9
1759513,IT,BR,REALE,BUSIN,0.11,2507.023,3,3,2507.023,0.0,0.0,0.0,0.0,22791.118182
1643676,IT,AT,SUPPO,SANDC,0.02,2506.784,3,3,2506.784,0.0,0.0,0.0,0.0,125339.2
1774759,IT,CH,SUPPO,FOODW,0.02,2506.646,3,3,2506.646,0.0,0.0,0.0,0.0,125332.3
1802900,IT,WE,RECRE,HEALT,0.03,2506.291,3,3,2506.291,0.0,0.0,0.0,0.0,83543.033333
1727369,IT,RO,POSTT,INERT,0.04,2506.103,3,3,2506.103,0.0,0.0,0.0,0.0,62652.575
1786730,IT,ZA,RETA1,TRANS,0.03,2506.085,3,3,2506.085,0.0,0.0,0.0,0.0,83536.166667
1780669,IT,TW,AUXIL,FOUND,0.05,2505.972,3,3,2505.972,0.0,0.0,0.0,0.0,50119.44
1671831,IT,FI,RETA1,ELEC7,0.03,2505.782,3,3,2505.782,0.0,0.0,0.0,0.0,83526.066667
1730445,IT,SE,POSTT,DIST1,0.04,2505.693,3,3,2505.693,0.0,0.0,0.0,0.0,62642.325
1648673,IT,BG,PROCE,GLASS,0.02,2505.573,3,3,2505.573,0.0,0.0,0.0,0.0,125278.65
1764590,IT,MX,WHOLE,FURNI,0.02,2505.275,3,3,2505.275,0.0,0.0,0.0,0.0,125263.75
1643921,IT,AT,RENTI,RENTI,0.01,2505.226,3,3,2505.226,0.0,0.0,0.0,0.0,250522.6
1760473,IT,IN,TEXTI,NFERT,0.01,2505.188,3,3,2505.188,0.0,0.0,0.0,0.0,250518.8
1762363,IT,IN,POSTT,OILSE,0.04,2505.11,3,3,2505.11,0.0,0.0,0.0,0.0,62627.75
1757270,IT,BR,DAIRY,MACHI,0.01,2504.908,3,3,2504.908,0.0,0.0,0.0,0.0,250490.8
1680590,IT,GR,ELE11,SEWAG,0.04,2504.881,3,3,2504.881,0.0,0.0,0.0,0.0,62622.025
1803684,IT,WF,BEVER,PLAST,0.01,2504.866,3,3,2504.866,0.0,0.0,0.0,0.0,250486.6
1813217,IT,WM,TRANS,POULT,0.01,2504.826,3,3,2504.826,0.0,0.0,0.0,0.0,250482.6
1757279,IT,BR,PROCE,CHARC,0.02,2504.809,3,3,2504.809,0.0,0.0,0.0,0.0,125240.45
1751111,IT,CN,RETA1,NONF1,0.03,2504.744,3,3,2504.744,0.0,0.0,0.0,0.0,83491.466667
1646782,IT,BE,CONST,WASTE,0.01,2504.732,3,3,2504.732,0.0,0.0,0.0,0.0,250473.2
1680584,IT,GR,ELE11,SECO9,0.04,2504.683,3,3,2504.683,0.0,0.0,0.0,0.0,62617.075
1759208,IT,BR,SUPPO,CONST,0.02,2504.646,3,3,2504.646,0.0,0.0,0.0,0.0,125232.3
1779470,IT,TR,RENTI,FISH5,0.01,2504.493,3,3,2504.493,0.0,0.0,0.0,0.0,250449.3
1680597,IT,GR,ELE11,INERT,0.04,2504.48,3,3,2504.48,0.0,0.0,0.0,0.0,62612.0
1680588,IT,GR,ELE11,INTER,0.04,2504.469,3,3,2504.469,0.0,0.0,0.0,0.0,62611.725
1680589,IT,GR,ELE11,OILHA,0.04,2504.467,3,3,2504.467,0.0,0.0,0.0,0.0,62611.675
1680591,IT,GR,ELE11,FOOD2,0.04,2504.457,3,3,2504.457,0.0,0.0,0.0,0.0,62611.425
1680599,IT,GR,ELE11,WOOD2,0.04,2504.447,3,3,2504.447,0.0,0.0,0.0,0.0,62611.175
1680596,IT,GR,ELE11,PLAS2,0.04,2504.443,3,3,2504.443,0.0,0.0,0.0,0.0,62611.075
1680598,IT,GR,ELE11,TEXT2,0.04,2504.443,3,3,2504.443,0.0,0.0,0.0,0.0,62611.075
1665590,IT,ES,LEATH,SEWAG,0.02,2504.182,3,3,2504.182,0.0,0.0,0.0,0.0,125209.1
1731878,IT,SI,PRINT,RAILW,0.02,2504.138,3,3,2504.138,0.0,0.0,0.0,0.0,125206.9
1779248,IT,TR,FINAN,SANDC,0.03,2504.113,3,3,2504.113,0.0,0.0,0.0,0.0,83470.433333
1652533,IT,CZ,WEARI,FOODW,0.02,2504.066,3,3,2504.066,0.0,0.0,0.0,0.0,125203.3
1640686,IT,AT,FISH5,CERAM,0.01,2503.812,3,3,2503.812,0.0,0.0,0.0,0.0,250381.2
1718420,IT,PL,BEVER,FOOD3,0.01,2503.647,3,3,2503.647,0.0,0.0,0.0,0.0,250364.7
1765506,IT,RU,WEARI,RETAI,0.02,2503.445,3,3,2503.445,0.0,0.0,0.0,0.0,125172.25
1690158,IT,IE,COMPU,TEXT2,0.03,2503.44,3,3,2503.44,0.0,0.0,0.0,0.0,83448.0
1762396,IT,IN,POSTT,COPP1,0.04,2503.368,3,3,2503.368,0.0,0.0,0.0,0.0,62584.2
1661201,IT,DE,93197,93197,0.02,2503.309,3,3,2503.309,0.0,0.0,0.0,0.0,125165.45
1791797,IT,WA,LANDT,BITUM,0.02,2503.301,3,3,2503.301,0.0,0.0,0.0,0.0,125165.05
1757267,IT,BR,DAIRY,CHARC,0.01,2503.113,3,3,2503.113,0.0,0.0,0.0,0.0,250311.3
1770159,IT,AU,RETA1,BASIC,0.03,2503.012,3,3,2503.012,0.0,0.0,0.0,0.0,83433.733333
1736736,IT,SK,REALE,HOTEL,0.11,2502.926,3,3,2502.926,0.0,0.0,0.0,0.0,22753.872727
1724756,IT,PT,RENTI,VEGET,0.01,2502.885,3,3,2502.885,0.0,0.0,0.0,0.0,250288.5
1758952,IT,BR,RAILW,WHOLE,0.02,2502.493,3,3,2502.493,0.0,0.0,0.0,0.0,125124.65
1655237,IT,CZ,PAPE4,SEWAG,0.02,2502.336,3,3,2502.336,0.0,0.0,0.0,0.0,125116.8
1802122,IT,WE,RETA1,RAILW,0.03,2502.129,3,3,2502.129,0.0,0.0,0.0,0.0,83404.3
1661191,IT,DE,93197,REALE,0.02,2502.103,3,3,2502.103,0.0,0.0,0.0,0.0,125105.15
1733129,IT,SI,FABRI,RADIO,0.01,2501.951,3,3,2501.951,0.0,0.0,0.0,0.0,250195.1
1681249,IT,GR,FINAN,ALUM1,0.03,2501.692,3,3,2501.692,0.0,0.0,0.0,0.0,83389.733333
1649153,IT,BG,PRINT,OILSE,0.02,2501.506,3,3,2501.506,0.0,0.0,0.0,0.0,125075.3
1743331,IT,US,CONST,POSTT,0.01,2501.421,3,3,2501.421,0.0,0.0,0.0,0.0,250142.1
1673119,IT,FR,FOOD5,PLAS2,0.01,2501.376,3,3,2501.376,0.0,0.0,0.0,0.0,250137.6
1652213,IT,CZ,PROCE,SUGA1,0.02,2501.358,3,3,2501.358,0.0,0.0,0.0,0.0,125067.9
1672308,IT,FI,COMPU,PRINT,0.03,2501.322,3,3,2501.322,0.0,0.0,0.0,0.0,83377.4
1810232,IT,WM,LEATH,PULP5,0.02,2501.272,3,3,2501.272,0.0,0.0,0.0,0.0,125063.6
1741149,IT,US,LEATH,FOOD5,0.02,2501.189,3,3,2501.189,0.0,0.0,0.0,0.0,125059.45
1797299,IT,WL,AUXIL,PRINT,0.05,2501.024,3,3,2501.024,0.0,0.0,0.0,0.0,50020.48
1647170,IT,BE,RAILW,FABRI,0.02,2500.879,3,3,2500.879,0.0,0.0,0.0,0.0,125043.95
1765489,IT,RU,WEARI,CHEM1,0.02,2500.795,3,3,2500.795,0.0,0.0,0.0,0.0,125039.75
1747650,IT,JP,POSTT,PAPER,0.04,2500.683,3,3,2500.683,0.0,0.0,0.0,0.0,62517.075
1770349,IT,AU,RAILW,FABRI,0.02,2500.318,3,3,2500.318,0.0,0.0,0.0,0.0,125015.9
1783742,IT,NO,FOOD4,TEXT2,0.02,2500.118,3,3,2500.118,0.0,0.0,0.0,0.0,125005.9
1730406,IT,SE,POSTT,WEARI,0.04,2500.094,3,3,2500.094,0.0,0.0,0.0,0.0,62502.35
1650067,IT,BG,MACHI,STEAM,0.01,2499.801,3,3,2499.801,0.0,0.0,0.0,0.0,249980.1
1662855,IT,DK,WHOLE,MEAT1,0.02,2499.784,3,3,2499.784,0.0,0.0,0.0,0.0,124989.2
1690104,IT,IE,RENTI,TEXT2,0.01,2499.388,3,3,2499.388,0.0,0.0,0.0,0.0,249938.8
1662920,IT,DK,RETA1,MOTOR,0.03,2499.318,3,3,2499.318,0.0,0.0,0.0,0.0,83310.6
1682251,IT,HR,LEATH,VEGE1,0.02,2499.126,3,3,2499.126,0.0,0.0,0.0,0.0,124956.3
1808729,IT,WF,TEXT2,ELEC2,0.02,2499.125,3,3,2499.125,0.0,0.0,0.0,0.0,124956.25
1652152,IT,CZ,MEAT4,EDUCA,0.01,2499.123,3,3,2499.123,0.0,0.0,0.0,0.0,249912.3
1803556,IT,WF,DAIRY,MEATC,0.01,2499.046,3,3,2499.046,0.0,0.0,0.0,0.0,249904.6
1643048,IT,AT,SALEM,MACHI,0.02,2498.872,3,3,2498.872,0.0,0.0,0.0,0.0,124943.6
1715017,IT,NL,TEXTI,POULT,0.01,2498.86,3,3,2498.86,0.0,0.0,0.0,0.0,249886.0
1683694,IT,HR,MACHI,CEREA,0.01,2498.758,3,3,2498.758,0.0,0.0,0.0,0.0,249875.8
1689907,IT,IE,AUXIL,TRAN1,0.05,2498.691,3,3,2498.691,0.0,0.0,0.0,0.0,49973.82
1780756,IT,TW,RENTI,PRINT,0.01,2498.367,3,3,2498.367,0.0,0.0,0.0,0.0,249836.7
1792657,IT,WA,RESEA,CERAM,0.01,2498.36,3,3,2498.36,0.0,0.0,0.0,0.0,249836.0
1764975,IT,MX,POSTT,COMPU,0.04,2498.23,3,3,2498.23,0.0,0.0,0.0,0.0,62455.75
1683939,IT,HR,SALEM,ELEC5,0.02,2498.012,3,3,2498.012,0.0,0.0,0.0,0.0,124900.6
1768026,IT,RU,BUSIN,MEAT4,0.03,2497.585,3,3,2497.585,0.0,0.0,0.0,0.0,83252.833333
1733503,IT,SI,WHOLE,LEAD1,0.02,2497.535,3,3,2497.535,0.0,0.0,0.0,0.0,124876.75
1768714,IT,AU,WEARI,FISHF,0.02,2497.481,3,3,2497.481,0.0,0.0,0.0,0.0,124874.05
1676570,IT,FR,HOTEL,LUBRI,0.02,2497.475,3,3,2497.475,0.0,0.0,0.0,0.0,124873.75
1739285,IT,GB,HOTEL,CERAM,0.02,2497.377,3,3,2497.377,0.0,0.0,0.0,0.0,124868.85
1775016,IT,CH,REALE,PUBLI,0.11,2497.349,3,3,2497.349,0.0,0.0,0.0,0.0,22703.172727
1779068,IT,TR,SUPPO,CHEMI,0.02,2497.247,3,3,2497.247,0.0,0.0,0.0,0.0,124862.35
1764637,IT,MX,RETA1,PFERT,0.03,2497.238,3,3,2497.238,0.0,0.0,0.0,0.0,83241.266667
1714668,IT,NL,MEAT4,COMPU,0.01,2497.081,3,3,2497.081,0.0,0.0,0.0,0.0,249708.1
1640649,IT,AT,BEVER,INLAN,0.01,2497.02,3,3,2497.02,0.0,0.0,0.0,0.0,249702.0
1736178,IT,SK,WHOLE,WEARI,0.02,2496.863,3,3,2496.863,0.0,0.0,0.0,0.0,124843.15
1793435,IT,WL,FORES,GASDI,0.02,2496.808,4,4,2495.808,0.0,1.0,0.0,0.0,124840.4
1801555,IT,WE,TRANS,SANDC,0.01,2496.767,3,3,2496.767,0.0,0.0,0.0,0.0,249676.7
1660322,IT,DE,FINAN,CATTL,0.03,2496.637,3,3,2496.637,0.0,0.0,0.0,0.0,83221.233333
1711891,IT,LU,OILHA,MACHI,0.01,2496.632,3,3,2496.632,0.0,0.0,0.0,0.0,249663.2
1673826,IT,FR,PRINT,NFERT,0.02,2496.531,3,3,2496.531,0.0,0.0,0.0,0.0,124826.55
1658428,IT,DE,FABRI,CHARC,0.01,2496.289,3,3,2496.289,0.0,0.0,0.0,0.0,249628.9
1744366,IT,US,INSUR,FOOD5,0.05,2496.274,3,3,2496.274,0.0,0.0,0.0,0.0,49925.48
1768638,IT,AU,TEXTI,OILSE,0.01,2495.724,3,3,2495.724,0.0,0.0,0.0,0.0,249572.4
1669198,IT,ES,POSTT,BIOG1,0.04,2495.72,3,3,2495.72,0.0,0.0,0.0,0.0,62393.0
1711915,IT,LU,FOOD2,FOOD3,0.01,2495.602,3,3,2495.602,0.0,0.0,0.0,0.0,249560.2
1752548,IT,CA,FOOD5,RECRE,0.01,2495.316,3,3,2495.316,0.0,0.0,0.0,0.0,249531.6
1685268,IT,HU,TEXTI,RETAI,0.01,2495.209,3,3,2495.209,0.0,0.0,0.0,0.0,249520.9
1759192,IT,BR,SUPPO,SUGA1,0.02,2495.003,3,3,2495.003,0.0,0.0,0.0,0.0,124750.15
1647859,IT,BE,AUXIL,INTER,0.05,2494.96,3,3,2494.96,0.0,0.0,0.0,0.0,49899.2
1663569,IT,DK,COMPU,FOODW,0.03,2494.679,3,3,2494.679,0.0,0.0,0.0,0.0,83155.966667
1727890,IT,RO,FOOD4,WHOLE,0.02,2494.654,3,3,2494.654,0.0,0.0,0.0,0.0,124732.7
1734658,IT,SK,WEARI,LEATH,0.02,2494.433,3,3,2494.433,0.0,0.0,0.0,0.0,124721.65
1740372,IT,GB,EDUCA,MEMBE,0.06,2494.2,3,3,2494.2,0.0,0.0,0.0,0.0,41570.0
1686919,IT,HU,MACHI,REFIN,0.01,2494.166,3,3,2494.166,0.0,0.0,0.0,0.0,249416.6
1747728,IT,JP,FINAN,SALEM,0.03,2494.151,3,3,2494.151,0.0,0.0,0.0,0.0,83138.366667
1722250,IT,PL,RECRE,MEATP,0.03,2494.144,3,3,2494.144,0.0,0.0,0.0,0.0,83138.133333
1661774,IT,DK,LEATH,INLAN,0.02,2494.129,3,3,2494.129,0.0,0.0,0.0,0.0,124706.45
1750644,IT,CN,MOTO1,ANIMA,0.01,2494.116,3,3,2494.116,0.0,0.0,0.0,0.0,249411.6
1779490,IT,TR,RENTI,PREC1,0.01,2493.927,3,3,2493.927,0.0,0.0,0.0,0.0,249392.7
1644805,IT,BE,TEXTI,FISH5,0.01,2493.64,3,3,2493.64,0.0,0.0,0.0,0.0,249364.0
1744281,IT,US,POSTT,PLAS1,0.04,2493.613,3,3,2493.613,0.0,0.0,0.0,0.0,62340.325
1661464,IT,DK,DAIRY,93197,0.01,2493.436,3,3,2493.436,0.0,0.0,0.0,0.0,249343.6
1748402,IT,CN,CROPS,HOTEL,0.02,2493.272,3,3,2493.272,0.0,0.0,0.0,0.0,124663.6
1756980,IT,KR,COMPU,RADIO,0.03,2493.244,3,3,2493.244,0.0,0.0,0.0,0.0,83108.133333
1654718,IT,CZ,LANDT,FOOD3,0.02,2493.176,3,3,2493.176,0.0,0.0,0.0,0.0,124658.8
1717800,IT,NL,FOOD2,CEMEN,0.01,2493.165,3,3,2493.165,0.0,0.0,0.0,0.0,249316.5
1784914,IT,ID,POSTT,LANDT,0.04,2492.749,3,3,2492.749,0.0,0.0,0.0,0.0,62318.725
1654416,IT,CZ,WHOLE,FOUND,0.02,2492.658,3,3,2492.658,0.0,0.0,0.0,0.0,124632.9
1716673,IT,NL,WHOLE,RUBBE,0.02,2492.377,3,3,2492.377,0.0,0.0,0.0,0.0,124618.85
1672236,IT,FI,REALE,MOTO1,0.11,2492.234,3,3,2492.234,0.0,0.0,0.0,0.0,22656.672727
1806984,IT,WF,LANDT,CHARC,0.02,2492.063,3,3,2492.063,0.0,0.0,0.0,0.0,124603.15
1716405,IT,NL,MACHI,STEAM,0.01,2491.9,3,3,2491.9,0.0,0.0,0.0,0.0,249190.0
1764652,IT,MX,RETA1,FURNI,0.03,2491.853,3,3,2491.853,0.0,0.0,0.0,0.0,83061.766667
1678894,IT,GR,TEXTI,MEAT4,0.01,2491.799,3,3,2491.799,0.0,0.0,0.0,0.0,249179.9
1644804,IT,BE,TEXTI,BEVER,0.01,2491.6,3,3,2491.6,0.0,0.0,0.0,0.0,249160.0
1797089,IT,WL,POSTT,ANIMA,0.04,2491.425,3,3,2491.425,0.0,0.0,0.0,0.0,62285.625
1685369,IT,HU,LEATH,PLAST,0.02,2491.394,3,3,2491.394,0.0,0.0,0.0,0.0,124569.7
1717046,IT,NL,LANDT,ELEC3,0.02,2490.871,3,3,2490.871,0.0,0.0,0.0,0.0,124543.55
1684005,IT,HR,RETA1,SALEM,0.03,2490.846,3,3,2490.846,0.0,0.0,0.0,0.0,83028.2
1785135,IT,ZA,DAIRY,DISTR,0.01,2490.82,3,3,2490.82,0.0,0.0,0.0,0.0,249082.0
1654833,IT,CZ,SUPPO,93197,0.02,2490.731,3,3,2490.731,0.0,0.0,0.0,0.0,124536.55
1741095,IT,US,TEXTI,INTER,0.01,2490.701,3,3,2490.701,0.0,0.0,0.0,0.0,249070.1
1782769,IT,NO,HOTEL,TEXTI,0.02,2490.606,3,3,2490.606,0.0,0.0,0.0,0.0,124530.3
1724820,IT,PT,COMPU,RESEA,0.03,2490.553,3,3,2490.553,0.0,0.0,0.0,0.0,83018.433333
1668259,IT,ES,WHOLE,CHEMI,0.02,2490.547,3,3,2490.547,0.0,0.0,0.0,0.0,124527.35
1776083,IT,TR,WEARI,NONME,0.02,2490.527,3,3,2490.527,0.0,0.0,0.0,0.0,124526.35
1725269,IT,RO,FOOD5,PAPE4,0.01,2490.49,3,3,2490.49,0.0,0.0,0.0,0.0,249049.0
1721128,IT,PL,RAILW,PRINT,0.02,2490.425,3,3,2490.425,0.0,0.0,0.0,0.0,124521.25
1814900,IT,WM,PRIVA,MEAT4,0.56,2490.276,3,3,2490.276,0.0,0.0,0.0,0.0,4446.921429
1681632,IT,GR,RECRE,PUBLI,0.03,2490.215,3,3,2490.215,0.0,0.0,0.0,0.0,83007.166667
1654618,IT,CZ,LANDT,PLANT,0.02,2489.987,3,3,2489.987,0.0,0.0,0.0,0.0,124499.35
1733473,IT,SI,SALEM,BUSIN,0.02,2489.79,3,3,2489.79,0.0,0.0,0.0,0.0,124489.5
1790969,IT,WA,MOTO1,BEVER,0.01,2489.717,3,3,2489.717,0.0,0.0,0.0,0.0,248971.7
1654863,IT,CZ,POSTT,TRAN1,0.04,2489.693,3,3,2489.693,0.0,0.0,0.0,0.0,62242.325
1747029,IT,JP,TRANS,LANDT,0.01,2489.537,3,3,2489.537,0.0,0.0,0.0,0.0,248953.7
1793754,IT,WL,BEVER,SUPPO,0.01,2489.457,3,3,2489.457,0.0,0.0,0.0,0.0,248945.7
1733173,IT,SI,FABRI,WOOD2,0.01,2489.385,3,3,2489.385,0.0,0.0,0.0,0.0,248938.5
1745766,IT,JP,WEARI,ELE11,0.02,2489.382,3,3,2489.382,0.0,0.0,0.0,0.0,124469.1
1710708,IT,LU,FOOD5,VEGE1,0.01,2489.349,3,3,2489.349,0.0,0.0,0.0,0.0,248934.9
1779369,IT,TR,INSUR,RECRE,0.05,2489.339,3,3,2489.339,0.0,0.0,0.0,0.0,49786.78
1738564,IT,GB,FABRI,KEROS,0.01,2489.326,3,3,2489.326,0.0,0.0,0.0,0.0,248932.6
1644625,IT,BE,FOOD5,TRANS,0.01,2489.203,3,3,2489.203,0.0,0.0,0.0,0.0,248920.3
1784751,IT,ID,RETA1,CATTL,0.03,2489.06,3,3,2489.06,0.0,0.0,0.0,0.0,82968.666667
1672382,IT,FI,BUSIN,PREC1,0.03,2488.901,3,3,2488.901,0.0,0.0,0.0,0.0,82963.366667
1746994,IT,JP,MOTO1,INERT,0.01,2488.473,3,3,2488.473,0.0,0.0,0.0,0.0,248847.3
1759526,IT,BR,RENTI,LIQUI,0.01,2488.465,3,3,2488.465,0.0,0.0,0.0,0.0,248846.5
1656310,IT,DE,LEATH,DISTR,0.02,2488.445,3,3,2488.445,0.0,0.0,0.0,0.0,124422.25
1717371,IT,NL,FINAN,FOODW,0.03,2488.337,3,3,2488.337,0.0,0.0,0.0,0.0,82944.566667
1661385,IT,DK,MEAT4,RENTI,0.01,2488.261,3,3,2488.261,0.0,0.0,0.0,0.0,248826.1
1771171,IT,CH,MEAT4,PRINT,0.01,2488.201,3,3,2488.201,0.0,0.0,0.0,0.0,248820.1
1730349,IT,SE,SUPPO,FURNI,0.02,2488.105,3,3,2488.105,0.0,0.0,0.0,0.0,124405.25
1669242,IT,ES,POSTT,TEXT2,0.04,2488.049,3,3,2488.049,0.0,0.0,0.0,0.0,62201.225
1644002,IT,AT,RESEA,COMPU,0.01,2487.972,3,3,2487.972,0.0,0.0,0.0,0.0,248797.2
1793923,IT,WL,LEATH,DAIRY,0.02,2487.95,3,3,2487.95,0.0,0.0,0.0,0.0,124397.5
1713986,IT,MT,WHOLE,ELECT,0.02,2487.765,3,3,2487.765,0.0,0.0,0.0,0.0,124388.25
1660542,IT,DE,INSUR,WOOD1,0.05,2487.404,3,3,2487.404,0.0,0.0,0.0,0.0,49748.08
1677243,IT,FR,FINAN,SUGAR,0.03,2487.375,3,3,2487.375,0.0,0.0,0.0,0.0,82912.5
1791543,IT,WA,RETA1,CEMEN,0.03,2487.307,3,3,2487.307,0.0,0.0,0.0,0.0,82910.233333
1801889,IT,WE,CONST,FABRI,0.01,2487.286,3,3,2487.286,0.0,0.0,0.0,0.0,248728.6
1759855,IT,BR,FOODW,AIRTR,0.02,2487.246,3,3,2487.246,0.0,0.0,0.0,0.0,124362.3
1644410,IT,BE,MEAT1,BEVER,0.01,2487.186,3,3,2487.186,0.0,0.0,0.0,0.0,248718.6
1793287,IT,WA,PRIVA,BASIC,0.56,2487.13,3,3,2487.13,0.0,0.0,0.0,0.0,4441.303571
1765229,IT,RU,CROPS,RUBBE,0.02,2487.008,3,3,2487.008,0.0,0.0,0.0,0.0,124350.4
1660523,IT,DE,INSUR,AIRTR,0.05,2486.953,3,3,2486.953,0.0,0.0,0.0,0.0,49739.06
1689062,IT,IE,TRANS,REALE,0.01,2486.761,3,3,2486.761,0.0,0.0,0.0,0.0,248676.1
1681488,IT,GR,RESEA,COMPU,0.01,2486.725,3,3,2486.725,0.0,0.0,0.0,0.0,248672.5
1788171,IT,WA,WEARI,BIOG1,0.02,2486.682,3,3,2486.682,0.0,0.0,0.0,0.0,124334.1
1710171,IT,LT,MACHI,ELEC2,0.01,2486.643,3,3,2486.643,0.0,0.0,0.0,0.0,248664.3
1813848,IT,WM,LANDT,MEATP,0.02,2486.56,3,3,2486.56,0.0,0.0,0.0,0.0,124328.0
1783276,IT,NO,FOODW,LEAD1,0.02,2486.41,3,3,2486.41,0.0,0.0,0.0,0.0,124320.5
1760098,IT,BR,FOOD1,FOOD3,0.01,2486.119,3,3,2486.119,0.0,0.0,0.0,0.0,248611.9
1736353,IT,SK,RAILW,AIRTR,0.02,2486.067,3,3,2486.067,0.0,0.0,0.0,0.0,124303.35
1669732,IT,ES,BUSIN,CRUDE,0.03,2485.942,3,3,2485.942,0.0,0.0,0.0,0.0,82864.733333
1784798,IT,ID,HOTEL,COPP1,0.02,2485.911,3,3,2485.911,0.0,0.0,0.0,0.0,124295.55
1764099,IT,MX,FABRI,BITU1,0.01,2485.89,3,3,2485.89,0.0,0.0,0.0,0.0,248589.0
1758790,IT,BR,RETA1,CEMEN,0.03,2485.832,3,3,2485.832,0.0,0.0,0.0,0.0,82861.066667
1711243,IT,LU,MACHI,FOOD2,0.01,2485.598,3,3,2485.598,0.0,0.0,0.0,0.0,248559.8
1795997,IT,WL,MOTO1,ELE11,0.01,2485.446,3,3,2485.446,0.0,0.0,0.0,0.0,248544.6
1767909,IT,RU,RENTI,FISHF,0.01,2485.373,3,3,2485.373,0.0,0.0,0.0,0.0,248537.3
1677248,IT,FR,FINAN,MEATA,0.03,2485.278,3,3,2485.278,0.0,0.0,0.0,0.0,82842.6
1654339,IT,CZ,ELEC4,OFFIC,0.04,2485.247,3,3,2485.247,0.0,0.0,0.0,0.0,62131.175
1671467,IT,FI,FABRI,WOOD2,0.01,2485.231,3,3,2485.231,0.0,0.0,0.0,0.0,248523.1
1778360,IT,TR,RETAI,PREC1,0.02,2485.18,3,3,2485.18,0.0,0.0,0.0,0.0,124259.0
1665509,IT,ES,WEARI,RAILW,0.02,2485.153,3,3,2485.153,0.0,0.0,0.0,0.0,124257.65
1651929,IT,CY,BUSIN,MEAT4,0.03,2485.013,3,3,2485.013,0.0,0.0,0.0,0.0,82833.766667
1792975,IT,WA,INTER,FINAN,0.01,2484.873,3,3,2484.873,0.0,0.0,0.0,0.0,248487.3
1791662,IT,WA,HOTEL,MACHI,0.02,2484.86,3,3,2484.86,0.0,0.0,0.0,0.0,124243.0
1759646,IT,BR,RESEA,COPP1,0.01,2484.792,3,3,2484.792,0.0,0.0,0.0,0.0,248479.2
1651926,IT,CY,BUSIN,SANDC,0.03,2484.588,3,3,2484.588,0.0,0.0,0.0,0.0,82819.6
1775233,IT,CH,BUSIN,CEREA,0.03,2484.567,3,3,2484.567,0.0,0.0,0.0,0.0,82818.9
1787862,IT,WA,FOOD5,AIRTR,0.01,2484.479,3,3,2484.479,0.0,0.0,0.0,0.0,248447.9
1731472,IT,SI,BEVER,FURNI,0.01,2484.399,3,3,2484.399,0.0,0.0,0.0,0.0,248439.9
1688097,IT,HU,RESEA,COMPU,0.01,2484.324,3,3,2484.324,0.0,0.0,0.0,0.0,248432.4
1726507,IT,RO,MACHI,COPP1,0.01,2484.186,3,3,2484.186,0.0,0.0,0.0,0.0,248418.6
1776047,IT,TR,TEXTI,DIST1,0.01,2484.102,3,3,2484.102,0.0,0.0,0.0,0.0,248410.2
1810083,IT,WM,TEXTI,BIOG1,0.01,2483.882,3,3,2483.882,0.0,0.0,0.0,0.0,248388.2
1734331,IT,SI,BUSIN,TRAN2,0.03,2483.687,3,3,2483.687,0.0,0.0,0.0,0.0,82789.566667
1764598,IT,MX,WHOLE,RETA1,0.02,2483.627,3,3,2483.627,0.0,0.0,0.0,0.0,124181.35
1788277,IT,WA,LEATH,NUCLE,0.02,2483.51,3,3,2483.51,0.0,0.0,0.0,0.0,124175.5
1757180,IT,BR,MEATP,CHEMI,0.01,2483.412,3,3,2483.412,0.0,0.0,0.0,0.0,248341.2
1734159,IT,SI,REALE,RAWMI,0.1,2483.39,3,3,2483.39,0.0,0.0,0.0,0.0,24833.9
1762324,IT,IN,SUPPO,NATUR,0.02,2483.321,3,3,2483.321,0.0,0.0,0.0,0.0,124166.05
1672176,IT,FI,AUXIL,TEXTI,0.05,2483.252,3,3,2483.252,0.0,0.0,0.0,0.0,49665.04
1656562,IT,DE,PRINT,MEAT4,0.02,2483.19,3,3,2483.19,0.0,0.0,0.0,0.0,124159.5
1775119,IT,CH,COMPU,FURNI,0.03,2483.171,3,3,2483.171,0.0,0.0,0.0,0.0,82772.366667
1774985,IT,CH,AUXIL,SUPPO,0.05,2483.108,3,3,2483.108,0.0,0.0,0.0,0.0,49662.16
1731338,IT,SI,DAIRY,RADIO,0.01,2483.022,3,3,2483.022,0.0,0.0,0.0,0.0,248302.2
1782328,IT,NO,FABRI,PIGS9,0.01,2482.978,3,3,2482.978,0.0,0.0,0.0,0.0,248297.8
1659460,IT,DE,WHOLE,FOOD2,0.02,2482.912,3,3,2482.912,0.0,0.0,0.0,0.0,124145.6
1660634,IT,DE,REALE,TRAN1,0.1,2482.833,3,3,2482.833,0.0,0.0,0.0,0.0,24828.33
1711166,IT,LU,FABRI,TRAN2,0.01,2482.824,3,3,2482.824,0.0,0.0,0.0,0.0,248282.4
1797106,IT,WL,POSTT,SUGA1,0.04,2482.771,3,3,2482.771,0.0,0.0,0.0,0.0,62069.275
1730956,IT,SE,INTER,INERT,0.01,2482.675,3,3,2482.675,0.0,0.0,0.0,0.0,248267.5
1734575,IT,SK,BEVER,MEAT4,0.01,2482.362,3,3,2482.362,0.0,0.0,0.0,0.0,248236.2
1664608,IT,EE,LANDT,WHEAT,0.02,2482.202,3,3,2482.202,0.0,0.0,0.0,0.0,124110.1
1808646,IT,WF,INERT,FISHF,0.02,2482.128,3,3,2482.128,0.0,0.0,0.0,0.0,124106.4
1793145,IT,WA,93197,POULT,0.02,2482.096,3,3,2482.096,0.0,0.0,0.0,0.0,124104.8
1728200,IT,SE,FOOD5,PRECI,0.01,2481.845,3,3,2481.845,0.0,0.0,0.0,0.0,248184.5
1644247,IT,BE,CROPS,MEATP,0.02,2481.788,3,3,2481.788,0.0,0.0,0.0,0.0,124089.4
1678032,IT,FR,EDUCA,DIST1,0.06,2481.704,3,3,2481.704,0.0,0.0,0.0,0.0,41361.733333
1659492,IT,DE,RETA1,CEMEN,0.03,2481.521,3,3,2481.521,0.0,0.0,0.0,0.0,82717.366667
1661474,IT,DK,PROCE,WHOLE,0.02,2481.323,3,3,2481.323,0.0,0.0,0.0,0.0,124066.15
1728633,IT,SE,PRINT,COKEO,0.02,2481.294,3,3,2481.294,0.0,0.0,0.0,0.0,124064.7
1711758,IT,LU,BUSIN,OILHA,0.03,2481.105,3,3,2481.105,0.0,0.0,0.0,0.0,82703.5
1669854,IT,ES,BUSIN,TEXT2,0.03,2480.866,3,3,2480.866,0.0,0.0,0.0,0.0,82695.533333
1729968,IT,SE,CONST,SEACO,0.01,2480.483,3,3,2480.483,0.0,0.0,0.0,0.0,248048.3
1670132,IT,ES,INERT,NONF1,0.02,2480.424,3,3,2480.424,0.0,0.0,0.0,0.0,124021.2
1675196,IT,FR,FABRI,PADDY,0.01,2480.377,3,3,2480.377,0.0,0.0,0.0,0.0,248037.7
1649178,IT,BG,PRINT,TRAN1,0.02,2480.328,3,3,2480.328,0.0,0.0,0.0,0.0,124016.4
1722477,IT,PT,PROCE,BEVER,0.02,2480.301,3,3,2480.301,0.0,0.0,0.0,0.0,124015.05
1664709,IT,EE,SUPPO,FORES,0.02,2480.02,3,3,2480.02,0.0,0.0,0.0,0.0,124001.0
1650197,IT,BG,TRANS,FABRI,0.01,2480.005,3,3,2480.005,0.0,0.0,0.0,0.0,248000.5
1714276,IT,MT,BUSIN,DISTR,0.03,2479.973,3,3,2479.973,0.0,0.0,0.0,0.0,82665.766667
1660894,IT,DE,RESEA,BUSIN,0.01,2479.742,3,3,2479.742,0.0,0.0,0.0,0.0,247974.2
1797450,IT,WL,RESEA,NATUR,0.01,2479.677,3,3,2479.677,0.0,0.0,0.0,0.0,247967.7
1774529,IT,CH,LANDT,OILHA,0.02,2479.445,3,3,2479.445,0.0,0.0,0.0,0.0,123972.25
1792787,IT,WA,BUSIN,FOODW,0.03,2479.224,3,3,2479.224,0.0,0.0,0.0,0.0,82640.8
1797836,IT,WL,FOOD2,OFFIC,0.01,2479.218,3,3,2479.218,0.0,0.0,0.0,0.0,247921.8
1680147,IT,GR,MOTO1,VEGE1,0.01,2479.176,3,3,2479.176,0.0,0.0,0.0,0.0,247917.6
1644298,IT,BE,FORES,FABRI,0.02,2479.155,4,4,2478.155,0.0,1.0,0.0,0.0,123957.75
1806368,IT,WF,MOTO1,BEVER,0.01,2478.907,3,3,2478.907,0.0,0.0,0.0,0.0,247890.7
1744159,IT,US,SUPPO,FOODW,0.02,2478.757,3,3,2478.757,0.0,0.0,0.0,0.0,123937.85
1803928,IT,WF,WEARI,RETAI,0.02,2478.752,3,3,2478.752,0.0,0.0,0.0,0.0,123937.6
1774715,IT,CH,SUPPO,CERAM,0.02,2478.693,3,3,2478.693,0.0,0.0,0.0,0.0,123934.65
1678265,IT,FR,FOOD2,PRINT,0.01,2478.568,3,3,2478.568,0.0,0.0,0.0,0.0,247856.8
1740135,IT,GB,COMPU,ELEC8,0.03,2478.528,3,3,2478.528,0.0,0.0,0.0,0.0,82617.6
1671885,IT,FI,HOTEL,RAILW,0.02,2478.305,3,3,2478.305,0.0,0.0,0.0,0.0,123915.25
1722291,IT,PT,PADDY,PIGS9,0.03,2478.209,3,3,2478.209,0.0,0.0,0.0,0.0,82606.966667
1778107,IT,TR,MOTO1,COLLE,0.01,2478.137,3,3,2478.137,0.0,0.0,0.0,0.0,247813.7
1746870,IT,JP,MACHI,PLAS2,0.01,2478.077,3,3,2478.077,0.0,0.0,0.0,0.0,247807.7
1711947,IT,LU,PAPE4,MACHI,0.02,2478.06,3,3,2478.06,0.0,0.0,0.0,0.0,123903.0
1747853,IT,JP,RENTI,LEATH,0.01,2478.016,3,3,2478.016,0.0,0.0,0.0,0.0,247801.6
1642925,IT,AT,TRANS,EDUCA,0.01,2477.852,3,3,2477.852,0.0,0.0,0.0,0.0,247785.2
1685188,IT,HU,BEVER,LANDT,0.01,2477.603,3,3,2477.603,0.0,0.0,0.0,0.0,247760.3
1797986,IT,WL,PAPE4,FINAN,0.02,2477.453,3,3,2477.453,0.0,0.0,0.0,0.0,123872.65
1770758,IT,AU,RENTI,CEMEN,0.01,2477.42,3,3,2477.42,0.0,0.0,0.0,0.0,247742.0
1711304,IT,LU,WHOLE,MEAT1,0.02,2477.086,3,3,2477.086,0.0,0.0,0.0,0.0,123854.3
1743140,IT,US,MOTO1,ELEC8,0.01,2476.856,3,3,2476.856,0.0,0.0,0.0,0.0,247685.6
1793432,IT,WL,FORES,FISH5,0.02,2476.835,4,4,2475.835,0.0,1.0,0.0,0.0,123841.75
1721270,IT,PL,LANDT,SECO9,0.02,2476.644,3,3,2476.644,0.0,0.0,0.0,0.0,123832.2
1775219,IT,CH,RESEA,AUXIL,0.01,2476.615,3,3,2476.615,0.0,0.0,0.0,0.0,247661.5
1730937,IT,SE,INTER,LANDT,0.01,2476.561,3,3,2476.561,0.0,0.0,0.0,0.0,247656.1
1643902,IT,AT,REALE,HOTEL,0.1,2476.462,3,3,2476.462,0.0,0.0,0.0,0.0,24764.62
1726886,IT,RO,RETA1,RAILW,0.03,2476.336,3,3,2476.336,0.0,0.0,0.0,0.0,82544.533333
1690309,IT,IE,FOOD2,CROPS,0.01,2475.789,3,3,2475.789,0.0,0.0,0.0,0.0,247578.9
1647050,IT,BE,RETA1,FOOD4,0.03,2475.786,3,3,2475.786,0.0,0.0,0.0,0.0,82526.2
1739427,IT,GB,LANDT,STONE,0.02,2475.589,3,3,2475.589,0.0,0.0,0.0,0.0,123779.45
1783425,IT,NO,INTER,SUPPO,0.01,2475.5,3,3,2475.5,0.0,0.0,0.0,0.0,247550.0
1760256,IT,BR,RECRE,POSTT,0.03,2475.252,3,3,2475.252,0.0,0.0,0.0,0.0,82508.4
1676238,IT,FR,CONST,WOOD2,0.01,2475.231,3,3,2475.231,0.0,0.0,0.0,0.0,247523.1
1751529,IT,CN,SUPPO,FINAN,0.02,2475.229,3,3,2475.229,0.0,0.0,0.0,0.0,123761.45
1802720,IT,WE,COMPU,93197,0.03,2475.203,3,3,2475.203,0.0,0.0,0.0,0.0,82506.766667
1799255,IT,WE,LEATH,GLASS,0.02,2475.181,3,3,2475.181,0.0,0.0,0.0,0.0,123759.05
1717013,IT,NL,LANDT,BITU1,0.02,2474.914,3,3,2474.914,0.0,0.0,0.0,0.0,123745.7
1736839,IT,SK,BUSIN,MEATP,0.03,2474.678,3,3,2474.678,0.0,0.0,0.0,0.0,82489.266667
1663197,IT,DK,LANDT,FINAN,0.02,2474.67,3,3,2474.67,0.0,0.0,0.0,0.0,123733.5
1647991,IT,BE,COMPU,CROPS,0.03,2474.616,3,3,2474.616,0.0,0.0,0.0,0.0,82487.2
1775857,IT,TR,DAIRY,VEGE1,0.01,2474.597,3,3,2474.597,0.0,0.0,0.0,0.0,247459.7
1759901,IT,BR,PAPE1,SEACO,0.02,2474.591,3,3,2474.591,0.0,0.0,0.0,0.0,123729.55
1775879,IT,TR,PROCE,COPPE,0.02,2474.555,3,3,2474.555,0.0,0.0,0.0,0.0,123727.75
1724276,IT,PT,LANDT,CERAM,0.02,2474.464,3,3,2474.464,0.0,0.0,0.0,0.0,123723.2
1807681,IT,WF,BUSIN,SUGA1,0.03,2474.102,3,3,2474.102,0.0,0.0,0.0,0.0,82470.066667
1648617,IT,BG,MEAT4,FISH5,0.01,2474.059,3,3,2474.059,0.0,0.0,0.0,0.0,247405.9
1740935,IT,US,FOOD5,MEDIC,0.01,2473.856,3,3,2473.856,0.0,0.0,0.0,0.0,247385.6
1727030,IT,RO,RAILW,FOOD5,0.02,2473.779,3,3,2473.779,0.0,0.0,0.0,0.0,123688.95
1783563,IT,NO,PAPE2,NONF1,0.02,2473.543,3,3,2473.543,0.0,0.0,0.0,0.0,123677.15
1661113,IT,DE,HEALT,BUSIN,0.01,2473.469,3,3,2473.469,0.0,0.0,0.0,0.0,247346.9
1682271,IT,HR,LEATH,COPP1,0.02,2473.455,3,3,2473.455,0.0,0.0,0.0,0.0,123672.75
1655112,IT,CZ,BUSIN,OILSE,0.03,2473.348,3,3,2473.348,0.0,0.0,0.0,0.0,82444.933333
1786467,IT,ZA,MOTO1,CEMEN,0.01,2473.315,3,3,2473.315,0.0,0.0,0.0,0.0,247331.5
1647503,IT,BE,SUPPO,NONSP,0.02,2473.26,3,3,2473.26,0.0,0.0,0.0,0.0,123663.0
1641171,IT,AT,PRINT,CERAM,0.02,2473.195,3,3,2473.195,0.0,0.0,0.0,0.0,123659.75
1663687,IT,DK,HEALT,HEALT,0.01,2472.904,3,3,2472.904,0.0,0.0,0.0,0.0,247290.4
1792658,IT,WA,RESEA,CEMEN,0.01,2472.865,3,3,2472.865,0.0,0.0,0.0,0.0,247286.5
1748697,IT,CN,FOOD5,GLASS,0.01,2472.834,3,3,2472.834,0.0,0.0,0.0,0.0,247283.4
1744654,IT,US,COMPU,MEATP,0.03,2472.806,3,3,2472.806,0.0,0.0,0.0,0.0,82426.866667
1736931,IT,SK,HEALT,RUBBE,0.01,2472.54,3,3,2472.54,0.0,0.0,0.0,0.0,247254.0
1675258,IT,FR,FABRI,LEAD1,0.01,2472.535,3,3,2472.535,0.0,0.0,0.0,0.0,247253.5
1758439,IT,BR,FABRI,AUXIL,0.01,2472.465,3,3,2472.465,0.0,0.0,0.0,0.0,247246.5
1714354,IT,MT,RECRE,HOTEL,0.03,2472.432,3,3,2472.432,0.0,0.0,0.0,0.0,82414.4
1744465,IT,US,AUXIL,REALE,0.05,2472.335,3,3,2472.335,0.0,0.0,0.0,0.0,49446.7
1756566,IT,KR,RETA1,COLLE,0.03,2472.226,3,3,2472.226,0.0,0.0,0.0,0.0,82407.533333
1752260,IT,CA,FORES,FABRI,0.02,2472.171,4,4,2471.171,0.0,1.0,0.0,0.0,123608.55
1753870,IT,CA,RETA1,MACHI,0.03,2472.037,3,3,2472.037,0.0,0.0,0.0,0.0,82401.233333
1759209,IT,BR,SUPPO,SALEM,0.02,2472.02,3,3,2472.02,0.0,0.0,0.0,0.0,123601.0
1752348,IT,CA,MEAT4,REFIN,0.01,2471.907,3,3,2471.907,0.0,0.0,0.0,0.0,247190.7
1648521,IT,BG,MEATA,TRAN2,0.01,2471.855,3,3,2471.855,0.0,0.0,0.0,0.0,247185.5
1684021,IT,HR,HOTEL,CROPS,0.02,2471.667,3,3,2471.667,0.0,0.0,0.0,0.0,123583.35
1722551,IT,PT,BEVER,CERAM,0.01,2471.637,3,3,2471.637,0.0,0.0,0.0,0.0,247163.7
1687802,IT,HU,POSTT,ELEC3,0.04,2471.523,3,3,2471.523,0.0,0.0,0.0,0.0,61788.075
1741093,IT,US,TEXTI,PAPE1,0.01,2471.372,3,3,2471.372,0.0,0.0,0.0,0.0,247137.2
1754921,IT,KR,TEXTI,BEVER,0.01,2471.267,3,3,2471.267,0.0,0.0,0.0,0.0,247126.7
1797493,IT,WL,BUSIN,MEATP,0.03,2471.217,3,3,2471.217,0.0,0.0,0.0,0.0,82373.9
1791744,IT,WA,RAILW,CHEM1,0.02,2471.109,3,3,2471.109,0.0,0.0,0.0,0.0,123555.45
1711549,IT,LU,POSTT,93197,0.04,2470.966,3,3,2470.966,0.0,0.0,0.0,0.0,61774.15
1650634,IT,BG,SALEM,HOTEL,0.02,2470.674,3,3,2470.674,0.0,0.0,0.0,0.0,123533.7
1669013,IT,ES,SUPPO,MEAT1,0.02,2470.663,3,3,2470.663,0.0,0.0,0.0,0.0,123533.15
1763025,IT,MX,TEXTI,CROPS,0.01,2470.659,3,3,2470.659,0.0,0.0,0.0,0.0,247065.9
1739336,IT,GB,RAILW,NATUR,0.02,2470.597,3,3,2470.597,0.0,0.0,0.0,0.0,123529.85
1671709,IT,FI,SALEM,BIODI,0.02,2470.572,3,3,2470.572,0.0,0.0,0.0,0.0,123528.6
1783757,IT,NO,PAPE4,FABRI,0.02,2470.542,3,3,2470.542,0.0,0.0,0.0,0.0,123527.1
1662661,IT,DK,MACHI,PREC1,0.01,2470.477,3,3,2470.477,0.0,0.0,0.0,0.0,247047.7
1680620,IT,GR,SALEM,FABRI,0.02,2470.407,3,3,2470.407,0.0,0.0,0.0,0.0,123520.35
1673260,IT,FR,FISH5,LANDT,0.01,2470.04,3,3,2470.04,0.0,0.0,0.0,0.0,247004.0
1734015,IT,SI,POSTT,REALE,0.04,2469.955,3,3,2469.955,0.0,0.0,0.0,0.0,61748.875
1659554,IT,DE,RETA1,WASTE,0.03,2469.9,3,3,2469.9,0.0,0.0,0.0,0.0,82330.0
1757363,IT,BR,WEARI,CONST,0.02,2469.77,3,3,2469.77,0.0,0.0,0.0,0.0,123488.5
1651695,IT,CY,FABRI,PRINT,0.01,2469.703,3,3,2469.703,0.0,0.0,0.0,0.0,246970.3
1712550,IT,LV,MACHI,FISHF,0.01,2469.659,3,3,2469.659,0.0,0.0,0.0,0.0,246965.9
1664566,IT,EE,HOTEL,RUBBE,0.02,2469.599,3,3,2469.599,0.0,0.0,0.0,0.0,123479.95
1665386,IT,ES,TEXTI,LUBRI,0.01,2469.327,3,3,2469.327,0.0,0.0,0.0,0.0,246932.7
1682171,IT,HR,TEXTI,PLAS2,0.01,2469.323,3,3,2469.323,0.0,0.0,0.0,0.0,246932.3
1792254,IT,WA,POSTT,NONME,0.04,2469.23,3,3,2469.23,0.0,0.0,0.0,0.0,61730.75
1778752,IT,TR,LANDT,FORES,0.02,2469.122,3,3,2469.122,0.0,0.0,0.0,0.0,123456.1
1680151,IT,GR,MOTO1,TEXTI,0.01,2469.097,3,3,2469.097,0.0,0.0,0.0,0.0,246909.7
1689780,IT,IE,INSUR,SANDC,0.05,2469.067,3,3,2469.067,0.0,0.0,0.0,0.0,49381.34
1662822,IT,DK,CONST,RENTI,0.01,2469.014,3,3,2469.014,0.0,0.0,0.0,0.0,246901.4
1814829,IT,WM,WOOD2,EDUCA,0.01,2468.968,3,3,2468.968,0.0,0.0,0.0,0.0,246896.8
1646972,IT,BE,RETA1,PIGS9,0.03,2468.909,3,3,2468.909,0.0,0.0,0.0,0.0,82296.966667
1798018,IT,WL,INERT,LANDT,0.02,2468.796,3,3,2468.796,0.0,0.0,0.0,0.0,123439.8
1767166,IT,RU,WHOLE,PAPER,0.02,2468.754,3,3,2468.754,0.0,0.0,0.0,0.0,123437.7
1709640,IT,LT,PRINT,PAPER,0.02,2468.391,3,3,2468.391,0.0,0.0,0.0,0.0,123419.55
1759442,IT,BR,INSUR,EDUCA,0.05,2467.786,3,3,2467.786,0.0,0.0,0.0,0.0,49355.72
1724104,IT,PT,RETA1,POULT,0.03,2467.527,3,3,2467.527,0.0,0.0,0.0,0.0,82250.9
1776154,IT,TR,LEATH,ELEC1,0.02,2467.36,3,3,2467.36,0.0,0.0,0.0,0.0,123368.0
1806784,IT,WF,RETA1,SANDC,0.03,2466.947,3,3,2466.947,0.0,0.0,0.0,0.0,82231.566667
1648372,IT,BE,RECRE,SUGA1,0.03,2466.911,3,3,2466.911,0.0,0.0,0.0,0.0,82230.366667
1770158,IT,AU,RETA1,CEMEN,0.03,2466.653,3,3,2466.653,0.0,0.0,0.0,0.0,82221.766667
1779270,IT,TR,FINAN,FABRI,0.03,2466.652,3,3,2466.652,0.0,0.0,0.0,0.0,82221.733333
1687944,IT,HU,RENTI,MEAT4,0.01,2466.447,3,3,2466.447,0.0,0.0,0.0,0.0,246644.7
1748739,IT,CN,BEVER,ELEC5,0.01,2466.378,3,3,2466.378,0.0,0.0,0.0,0.0,246637.8
1724013,IT,PT,RETAI,CERAM,0.02,2466.214,3,3,2466.214,0.0,0.0,0.0,0.0,123310.7
1807844,IT,WF,PAPE1,NATU1,0.02,2466.134,3,3,2466.134,0.0,0.0,0.0,0.0,123306.7
1655767,IT,DE,MEAT1,MEATP,0.01,2466.089,3,3,2466.089,0.0,0.0,0.0,0.0,246608.9
1648715,IT,BG,FOOD5,BIOGA,0.01,2466.078,3,3,2466.078,0.0,0.0,0.0,0.0,246607.8
1671716,IT,FI,SALEM,LEAD1,0.02,2466.058,3,3,2466.058,0.0,0.0,0.0,0.0,123302.9
1754197,IT,CA,SUPPO,RECRE,0.02,2465.911,3,3,2465.911,0.0,0.0,0.0,0.0,123295.55
1771360,IT,CH,PROCE,SUPPO,0.02,2465.534,3,3,2465.534,0.0,0.0,0.0,0.0,123276.7
1661606,IT,DK,BEVER,OILHA,0.01,2465.491,3,3,2465.491,0.0,0.0,0.0,0.0,246549.1
1659236,IT,DE,SALEM,KEROS,0.02,2465.273,3,3,2465.273,0.0,0.0,0.0,0.0,123263.65
1765745,IT,RU,PRINT,MEDIC,0.02,2465.238,3,3,2465.238,0.0,0.0,0.0,0.0,123261.9
1780858,IT,TW,COMPU,RESEA,0.03,2465.224,3,3,2465.224,0.0,0.0,0.0,0.0,82174.133333
1803746,IT,WF,FISH5,SUPPO,0.01,2465.212,3,3,2465.212,0.0,0.0,0.0,0.0,246521.2
1712052,IT,LV,BEVER,FISHF,0.01,2465.122,3,3,2465.122,0.0,0.0,0.0,0.0,246512.2
1792866,IT,WA,EDUCA,DISTR,0.06,2465.01,3,3,2465.01,0.0,0.0,0.0,0.0,41083.5
1740433,IT,GB,FOOD2,ELEC5,0.01,2464.965,3,3,2464.965,0.0,0.0,0.0,0.0,246496.5
1728083,IT,SE,MEAT4,RAILW,0.01,2464.885,3,3,2464.885,0.0,0.0,0.0,0.0,246488.5
1778749,IT,TR,LANDT,MEATA,0.02,2464.825,3,3,2464.825,0.0,0.0,0.0,0.0,123241.25
1716955,IT,NL,RAILW,RETA1,0.02,2464.522,3,3,2464.522,0.0,0.0,0.0,0.0,123226.1
1654379,IT,CZ,SALEM,RUBBE,0.02,2464.15,3,3,2464.15,0.0,0.0,0.0,0.0,123207.5
1747008,IT,JP,TRANS,NONME,0.01,2464.149,3,3,2464.149,0.0,0.0,0.0,0.0,246414.9
1665854,IT,ES,PRINT,ELEC1,0.02,2463.846,3,3,2463.846,0.0,0.0,0.0,0.0,123192.3
1753546,IT,CA,MACHI,REFI1,0.01,2463.803,3,3,2463.803,0.0,0.0,0.0,0.0,246380.3
1747220,IT,JP,SALEM,RUBBE,0.02,2463.673,3,3,2463.673,0.0,0.0,0.0,0.0,123183.65
1772007,IT,CH,PRINT,RAWMI,0.02,2463.642,3,3,2463.642,0.0,0.0,0.0,0.0,123182.1
1660443,IT,DE,INSUR,WHEAT,0.05,2463.641,3,3,2463.641,0.0,0.0,0.0,0.0,49272.82
1753839,IT,CA,WHOLE,RETA1,0.02,2463.167,3,3,2463.167,0.0,0.0,0.0,0.0,123158.35
1712038,IT,LV,FOOD5,PLAST,0.01,2462.899,3,3,2462.899,0.0,0.0,0.0,0.0,246289.9
1659162,IT,DE,CONST,DAIRY,0.01,2462.652,3,3,2462.652,0.0,0.0,0.0,0.0,246265.2
1811221,IT,WM,WHITE,PRINT,0.01,2462.556,3,3,2462.556,0.0,0.0,0.0,0.0,246255.6
1724949,IT,PT,BUSIN,WOOD2,0.03,2462.317,3,3,2462.317,0.0,0.0,0.0,0.0,82077.233333
1687747,IT,HU,SUPPO,TRAN1,0.02,2462.222,3,3,2462.222,0.0,0.0,0.0,0.0,123111.1
1743830,IT,US,LANDT,INTER,0.02,2461.817,3,3,2461.817,0.0,0.0,0.0,0.0,123090.85
1774334,IT,CH,HOTEL,COPP1,0.02,2461.808,3,3,2461.808,0.0,0.0,0.0,0.0,123090.4
1779456,IT,TR,REALE,RECRE,0.1,2461.792,3,3,2461.792,0.0,0.0,0.0,0.0,24617.92
1648724,IT,BG,FOOD5,ELEC2,0.01,2461.691,3,3,2461.691,0.0,0.0,0.0,0.0,246169.1
1762004,IT,IN,WHOLE,MEAT4,0.02,2461.594,3,3,2461.594,0.0,0.0,0.0,0.0,123079.7
1721945,IT,PL,COMPU,COPPE,0.03,2461.586,3,3,2461.586,0.0,0.0,0.0,0.0,82052.866667
1807490,IT,WF,RENTI,CEREA,0.01,2461.581,3,3,2461.581,0.0,0.0,0.0,0.0,246158.1
1643898,IT,AT,REALE,SALEM,0.1,2461.565,3,3,2461.565,0.0,0.0,0.0,0.0,24615.65
1756942,IT,KR,AUXIL,WHOLE,0.05,2461.555,3,3,2461.555,0.0,0.0,0.0,0.0,49231.1
1780554,IT,TW,FINAN,RUBBE,0.03,2461.16,3,3,2461.16,0.0,0.0,0.0,0.0,82038.666667
1650686,IT,BG,RETA1,ELEC8,0.03,2461.131,3,3,2461.131,0.0,0.0,0.0,0.0,82037.7
1796336,IT,WL,RETAI,FISH5,0.02,2461.118,3,3,2461.118,0.0,0.0,0.0,0.0,123055.9
1747722,IT,JP,FINAN,MOTO1,0.03,2460.899,3,3,2460.899,0.0,0.0,0.0,0.0,82029.966667
1724174,IT,PT,HOTEL,FISH5,0.02,2460.742,3,3,2460.742,0.0,0.0,0.0,0.0,123037.1
1773591,IT,CH,TRANS,CATTL,0.01,2460.675,3,3,2460.675,0.0,0.0,0.0,0.0,246067.5
1669892,IT,ES,PUBLI,RETA1,0.04,2460.492,3,3,2460.492,0.0,0.0,0.0,0.0,61512.3
1754567,IT,CA,EDUCA,PUBLI,0.06,2460.235,3,3,2460.235,0.0,0.0,0.0,0.0,41003.916667
1765008,IT,MX,INSUR,SUGAR,0.05,2460.168,3,3,2460.168,0.0,0.0,0.0,0.0,49203.36
1779897,IT,TW,CONST,FISHF,0.01,2460.041,3,3,2460.041,0.0,0.0,0.0,0.0,246004.1
1734600,IT,SK,BEVER,RENTI,0.01,2459.986,3,3,2459.986,0.0,0.0,0.0,0.0,245998.6
1671646,IT,FI,CONST,FORES,0.01,2459.92,3,3,2459.92,0.0,0.0,0.0,0.0,245992.0
1654958,IT,CZ,INSUR,ELEC2,0.05,2459.717,3,3,2459.717,0.0,0.0,0.0,0.0,49194.34
1735730,IT,SK,FABRI,AUXIL,0.01,2459.643,3,3,2459.643,0.0,0.0,0.0,0.0,245964.3
1673081,IT,FR,FOOD5,STEAM,0.01,2459.46,3,3,2459.46,0.0,0.0,0.0,0.0,245946.0
1671859,IT,FI,RETA1,TEXT2,0.03,2459.4,3,3,2459.4,0.0,0.0,0.0,0.0,81980.0
1670422,IT,FI,FOOD5,MOTOR,0.01,2459.399,3,3,2459.399,0.0,0.0,0.0,0.0,245939.9
1780770,IT,TW,RENTI,NONF1,0.01,2459.269,3,3,2459.269,0.0,0.0,0.0,0.0,245926.9
1646608,IT,BE,MOTO1,AIRTR,0.01,2459.233,3,3,2459.233,0.0,0.0,0.0,0.0,245923.3
1678074,IT,FR,FOODW,CHEM1,0.02,2459.227,3,3,2459.227,0.0,0.0,0.0,0.0,122961.35
1722336,IT,PT,FORES,RUBBE,0.02,2459.167,4,4,2458.167,0.0,1.0,0.0,0.0,122958.35
1796054,IT,WL,TRANS,PRECI,0.01,2459.067,3,3,2459.067,0.0,0.0,0.0,0.0,245906.7
1806810,IT,WF,RETA1,NFERT,0.03,2458.963,3,3,2458.963,0.0,0.0,0.0,0.0,81965.433333
1747794,IT,JP,AUXIL,SUPPO,0.04,2458.724,3,3,2458.724,0.0,0.0,0.0,0.0,61468.1
1689127,IT,IE,SALEM,PLAST,0.02,2458.661,3,3,2458.661,0.0,0.0,0.0,0.0,122933.05
1761721,IT,IN,MACHI,VEGE1,0.01,2458.647,3,3,2458.647,0.0,0.0,0.0,0.0,245864.7
1767178,IT,RU,WHOLE,OFFIC,0.02,2458.586,3,3,2458.586,0.0,0.0,0.0,0.0,122929.3
1665511,IT,ES,WEARI,SEACO,0.02,2458.483,3,3,2458.483,0.0,0.0,0.0,0.0,122924.15
1768257,IT,RU,INERT,NONF1,0.02,2458.476,3,3,2458.476,0.0,0.0,0.0,0.0,122923.8
1725228,IT,RO,FOOD5,FISH5,0.01,2457.872,3,3,2457.872,0.0,0.0,0.0,0.0,245787.2
1798046,IT,WL,WOOD2,EDUCA,0.01,2457.869,3,3,2457.869,0.0,0.0,0.0,0.0,245786.9
1661753,IT,DK,LEATH,BRICK,0.02,2457.493,3,3,2457.493,0.0,0.0,0.0,0.0,122874.65
1751682,IT,CN,INSUR,FISH5,0.05,2457.442,3,3,2457.442,0.0,0.0,0.0,0.0,49148.84
1736610,IT,SK,POSTT,INSUR,0.04,2457.339,3,3,2457.339,0.0,0.0,0.0,0.0,61433.475
1771405,IT,CH,FOOD5,FABRI,0.01,2457.27,3,3,2457.27,0.0,0.0,0.0,0.0,245727.0
1753843,IT,CA,WHOLE,SUPPO,0.02,2457.063,3,3,2457.063,0.0,0.0,0.0,0.0,122853.15
1762065,IT,IN,RETA1,GASDI,0.03,2457.022,3,3,2457.022,0.0,0.0,0.0,0.0,81900.733333
1766814,IT,RU,MACHI,ELEC7,0.01,2456.779,3,3,2456.779,0.0,0.0,0.0,0.0,245677.9
1756487,IT,KR,SALEM,ELEC3,0.02,2456.588,3,3,2456.588,0.0,0.0,0.0,0.0,122829.4
1748417,IT,CN,FORES,PULP5,0.02,2456.545,4,4,2455.545,0.0,1.0,0.0,0.0,122827.25
1642709,IT,AT,MACHI,MEAT4,0.01,2456.404,3,3,2456.404,0.0,0.0,0.0,0.0,245640.4
1671595,IT,FI,TRANS,MOTO1,0.01,2456.375,3,3,2456.375,0.0,0.0,0.0,0.0,245637.5
1711386,IT,LU,RETA1,SALEM,0.03,2456.353,3,3,2456.353,0.0,0.0,0.0,0.0,81878.433333
1688075,IT,HU,COMPU,AUXIL,0.03,2456.204,3,3,2456.204,0.0,0.0,0.0,0.0,81873.466667
1643292,IT,AT,HOTEL,FOOD1,0.02,2456.0,3,3,2456.0,0.0,0.0,0.0,0.0,122800.0
1747787,IT,JP,AUXIL,SALEM,0.04,2455.975,3,3,2455.975,0.0,0.0,0.0,0.0,61399.375
1783501,IT,NO,OILHA,NATUR,0.01,2455.685,3,3,2455.685,0.0,0.0,0.0,0.0,245568.5
1808173,IT,WF,OILHA,LIQUE,0.01,2455.344,3,3,2455.344,0.0,0.0,0.0,0.0,245534.4
1727714,IT,RO,COMPU,ELEC3,0.03,2455.171,3,3,2455.171,0.0,0.0,0.0,0.0,81839.033333
1655385,IT,DE,CROPS,WOODW,0.02,2455.06,3,3,2455.06,0.0,0.0,0.0,0.0,122753.0
1770538,IT,AU,SUPPO,PRINT,0.02,2454.923,3,3,2454.923,0.0,0.0,0.0,0.0,122746.15
1767688,IT,RU,FINAN,CATTL,0.03,2454.831,3,3,2454.831,0.0,0.0,0.0,0.0,81827.7
1669893,IT,ES,PUBLI,HOTEL,0.04,2454.676,3,3,2454.676,0.0,0.0,0.0,0.0,61366.9
1650637,IT,BG,WHOLE,VEGET,0.02,2454.529,3,3,2454.529,0.0,0.0,0.0,0.0,122726.45
1784927,IT,ID,POSTT,EDUCA,0.04,2454.102,3,3,2454.102,0.0,0.0,0.0,0.0,61352.55
1671657,IT,FI,CONST,CEMEN,0.01,2453.927,3,3,2453.927,0.0,0.0,0.0,0.0,245392.7
1687199,IT,HU,CONST,WHITE,0.01,2453.905,3,3,2453.905,0.0,0.0,0.0,0.0,245390.5
1756354,IT,KR,TRANS,RETAI,0.01,2453.883,3,3,2453.883,0.0,0.0,0.0,0.0,245388.3
1751823,IT,CN,RENTI,CRUDE,0.01,2453.757,3,3,2453.757,0.0,0.0,0.0,0.0,245375.7
1669997,IT,ES,HEALT,GASDI,0.01,2453.654,3,3,2453.654,0.0,0.0,0.0,0.0,245365.4
1677740,IT,FR,RENTI,FOOD4,0.01,2453.486,3,3,2453.486,0.0,0.0,0.0,0.0,245348.6
1734059,IT,SI,FINAN,RESEA,0.03,2453.464,3,3,2453.464,0.0,0.0,0.0,0.0,81782.133333
1652456,IT,CZ,WEARI,CATTL,0.02,2453.302,3,3,2453.302,0.0,0.0,0.0,0.0,122665.1
1779953,IT,TW,CONST,LANDT,0.01,2453.177,3,3,2453.177,0.0,0.0,0.0,0.0,245317.7
1650690,IT,BG,RETA1,RETAI,0.03,2453.048,3,3,2453.048,0.0,0.0,0.0,0.0,81768.266667
1798306,IT,WE,CROPS,KEROS,0.02,2452.827,3,3,2452.827,0.0,0.0,0.0,0.0,122641.35
1780488,IT,TW,POSTT,PFERT,0.04,2452.812,3,3,2452.812,0.0,0.0,0.0,0.0,61320.3
1765131,IT,MX,BUSIN,RAWMI,0.03,2452.703,3,3,2452.703,0.0,0.0,0.0,0.0,81756.766667
1730331,IT,SE,SUPPO,DAIRY,0.02,2452.366,3,3,2452.366,0.0,0.0,0.0,0.0,122618.3
1670023,IT,ES,OILHA,REALE,0.01,2452.195,3,3,2452.195,0.0,0.0,0.0,0.0,245219.5
1675572,IT,FR,MOTO1,LIQUE,0.01,2452.185,3,3,2452.185,0.0,0.0,0.0,0.0,245218.5
1648041,IT,BE,COMPU,TRANS,0.03,2451.955,3,3,2451.955,0.0,0.0,0.0,0.0,81731.833333
1684118,IT,HR,RAILW,WHOLE,0.02,2451.506,3,3,2451.506,0.0,0.0,0.0,0.0,122575.3
1796463,IT,WL,RETA1,MEATA,0.03,2451.426,3,3,2451.426,0.0,0.0,0.0,0.0,81714.2
1654817,IT,CZ,SUPPO,TRAN2,0.02,2451.349,3,3,2451.349,0.0,0.0,0.0,0.0,122567.45
1767716,IT,RU,FINAN,MEDIC,0.03,2450.842,3,3,2450.842,0.0,0.0,0.0,0.0,81694.733333
1770768,IT,AU,RENTI,AUXIL,0.01,2450.645,3,3,2450.645,0.0,0.0,0.0,0.0,245064.5
1736875,IT,SK,BUSIN,ELECT,0.03,2450.55,3,3,2450.55,0.0,0.0,0.0,0.0,81685.0
1644671,IT,BE,BEVER,TEXTI,0.01,2450.531,3,3,2450.531,0.0,0.0,0.0,0.0,245053.1
1808420,IT,WF,FOOD4,SUGAR,0.02,2450.523,3,3,2450.523,0.0,0.0,0.0,0.0,122526.15
1775689,IT,TR,CROPS,PAPER,0.02,2450.118,3,3,2450.118,0.0,0.0,0.0,0.0,122505.9
1736196,IT,SK,WHOLE,DIST1,0.02,2449.88,3,3,2449.88,0.0,0.0,0.0,0.0,122494.0
1668196,IT,ES,SALEM,WASTE,0.02,2449.774,3,3,2449.774,0.0,0.0,0.0,0.0,122488.7
1689912,IT,IE,AUXIL,SALEM,0.04,2449.651,3,3,2449.651,0.0,0.0,0.0,0.0,61241.275
1671691,IT,FI,SALEM,POULT,0.02,2449.548,3,3,2449.548,0.0,0.0,0.0,0.0,122477.4
1743332,IT,US,CONST,INSUR,0.01,2449.486,3,3,2449.486,0.0,0.0,0.0,0.0,244948.6
1809187,IT,WM,MEATA,NONME,0.01,2449.411,3,3,2449.411,0.0,0.0,0.0,0.0,244941.1
1798938,IT,WE,FISH5,CONST,0.01,2449.335,3,3,2449.335,0.0,0.0,0.0,0.0,244933.5
1802564,IT,WE,FINAN,MOTO1,0.03,2449.322,3,3,2449.322,0.0,0.0,0.0,0.0,81644.066667
1652601,IT,CZ,LEATH,WASTE,0.02,2449.23,3,3,2449.23,0.0,0.0,0.0,0.0,122461.5
1731039,IT,SE,93197,HOTEL,0.02,2449.124,3,3,2449.124,0.0,0.0,0.0,0.0,122456.2
1780063,IT,TW,WHOLE,PFERT,0.02,2449.051,3,3,2449.051,0.0,0.0,0.0,0.0,122452.55
1803699,IT,WF,BEVER,LANDT,0.01,2449.024,3,3,2449.024,0.0,0.0,0.0,0.0,244902.4
1650663,IT,BG,WHOLE,WHOLE,0.02,2448.924,3,3,2448.924,0.0,0.0,0.0,0.0,122446.2
1730553,IT,SE,AUXIL,REALE,0.04,2448.898,3,3,2448.898,0.0,0.0,0.0,0.0,61222.45
1783262,IT,NO,PUBLI,BUSIN,0.04,2448.824,3,3,2448.824,0.0,0.0,0.0,0.0,61220.6
1743471,IT,US,WHOLE,TRANS,0.02,2448.3,3,3,2448.3,0.0,0.0,0.0,0.0,122415.0
1768219,IT,RU,EDUCA,TRANS,0.06,2448.113,3,3,2448.113,0.0,0.0,0.0,0.0,40801.883333
1682183,IT,HR,WEARI,MEAT4,0.02,2447.741,3,3,2447.741,0.0,0.0,0.0,0.0,122387.05
1767576,IT,RU,SUPPO,WHEAT,0.02,2447.739,3,3,2447.739,0.0,0.0,0.0,0.0,122386.95
1728092,IT,SE,MEAT4,RECRE,0.01,2447.707,3,3,2447.707,0.0,0.0,0.0,0.0,244770.7
1765445,IT,RU,TEXTI,DISTR,0.01,2447.681,3,3,2447.681,0.0,0.0,0.0,0.0,244768.1
1715141,IT,NL,LEATH,ELECT,0.02,2447.514,3,3,2447.514,0.0,0.0,0.0,0.0,122375.7
1714250,IT,MT,REALE,RECRE,0.1,2447.48,3,3,2447.48,0.0,0.0,0.0,0.0,24474.8
1771347,IT,CH,PROCE,TOBAC,0.02,2447.346,3,3,2447.346,0.0,0.0,0.0,0.0,122367.3
1660434,IT,DE,FINAN,FOOD1,0.03,2447.284,3,3,2447.284,0.0,0.0,0.0,0.0,81576.133333
1715091,IT,NL,WEARI,TRANS,0.02,2447.26,3,3,2447.26,0.0,0.0,0.0,0.0,122363.0
1640122,IT,AT,PADDY,FOOD5,0.02,2447.172,3,3,2447.172,0.0,0.0,0.0,0.0,122358.6
1750639,IT,CN,MOTO1,OILSE,0.01,2447.01,3,3,2447.01,0.0,0.0,0.0,0.0,244701.0
1808540,IT,WF,PAPE4,VEGE1,0.02,2446.854,3,3,2446.854,0.0,0.0,0.0,0.0,122342.7
1731023,IT,SE,PAPE4,FOOD3,0.02,2446.571,3,3,2446.571,0.0,0.0,0.0,0.0,122328.55
1644762,IT,BE,FISH5,ELECT,0.01,2446.473,3,3,2446.473,0.0,0.0,0.0,0.0,244647.3
1640731,IT,AT,TEXTI,KEROS,0.01,2446.46,3,3,2446.46,0.0,0.0,0.0,0.0,244646.0
1787606,IT,WA,MEAT1,LEAD1,0.01,2446.191,3,3,2446.191,0.0,0.0,0.0,0.0,244619.1
1710442,IT,LT,LANDT,PAPER,0.02,2445.981,3,3,2445.981,0.0,0.0,0.0,0.0,122299.05
1803628,IT,WF,FOOD5,HEAVY,0.01,2445.966,3,3,2445.966,0.0,0.0,0.0,0.0,244596.6
1739038,IT,GB,RETAI,FORES,0.02,2445.843,3,3,2445.843,0.0,0.0,0.0,0.0,122292.15
1720981,IT,PL,WHOLE,RESEA,0.02,2445.789,3,3,2445.789,0.0,0.0,0.0,0.0,122289.45
1722875,IT,PT,PRINT,RETAI,0.02,2445.456,3,3,2445.456,0.0,0.0,0.0,0.0,122272.8
1797438,IT,WL,COMPU,RENTI,0.03,2445.436,3,3,2445.436,0.0,0.0,0.0,0.0,81514.533333
1767177,IT,RU,WHOLE,FABRI,0.02,2445.283,3,3,2445.283,0.0,0.0,0.0,0.0,122264.15
1730604,IT,SE,RENTI,POULT,0.01,2445.127,3,3,2445.127,0.0,0.0,0.0,0.0,244512.7
1751005,IT,CN,WHOLE,DAIRY,0.02,2445.109,3,3,2445.109,0.0,0.0,0.0,0.0,122255.45
1740592,IT,US,FORES,PULP5,0.02,2445.002,4,4,2444.002,0.0,1.0,0.0,0.0,122250.1
1668136,IT,ES,SALEM,COPPE,0.02,2444.974,3,3,2444.974,0.0,0.0,0.0,0.0,122248.7
1748246,IT,JP,OILHA,ELECT,0.01,2444.918,3,3,2444.918,0.0,0.0,0.0,0.0,244491.8
1643920,IT,AT,RENTI,SUPPO,0.01,2444.914,3,3,2444.914,0.0,0.0,0.0,0.0,244491.4
1663800,IT,EE,BEVER,SEACO,0.01,2444.634,3,3,2444.634,0.0,0.0,0.0,0.0,244463.4
1714342,IT,MT,INERT,SANDC,0.02,2444.628,3,3,2444.628,0.0,0.0,0.0,0.0,122231.4
1768640,IT,AU,TEXTI,PLANT,0.01,2444.484,3,3,2444.484,0.0,0.0,0.0,0.0,244448.4
1793565,IT,WL,MEAT4,RETA1,0.01,2444.385,3,3,2444.385,0.0,0.0,0.0,0.0,244438.5
1783212,IT,NO,BUSIN,ALUM1,0.03,2444.328,3,3,2444.328,0.0,0.0,0.0,0.0,81477.6
1799235,IT,WE,LEATH,TOBAC,0.02,2444.318,3,3,2444.318,0.0,0.0,0.0,0.0,122215.9
1811228,IT,WM,WHITE,CEMEN,0.01,2444.137,3,3,2444.137,0.0,0.0,0.0,0.0,244413.7
1762148,IT,IN,LANDT,BASIC,0.02,2444.054,3,3,2444.054,0.0,0.0,0.0,0.0,122202.7
1736525,IT,SK,SUPPO,CROPS,0.02,2443.765,3,3,2443.765,0.0,0.0,0.0,0.0,122188.25
1722625,IT,PT,TEXTI,BASIC,0.01,2443.664,3,3,2443.664,0.0,0.0,0.0,0.0,244366.4
1678060,IT,FR,EDUCA,MEMBE,0.06,2443.632,3,3,2443.632,0.0,0.0,0.0,0.0,40727.2
1756517,IT,KR,WHOLE,LIQUE,0.02,2443.535,3,3,2443.535,0.0,0.0,0.0,0.0,122176.75
1760198,IT,BR,PAPE4,POSTT,0.02,2443.51,3,3,2443.51,0.0,0.0,0.0,0.0,122175.5
1740041,IT,GB,RENTI,BASIC,0.01,2443.421,3,3,2443.421,0.0,0.0,0.0,0.0,244342.1
1670120,IT,ES,PAPE4,PAPE2,0.02,2443.132,3,3,2443.132,0.0,0.0,0.0,0.0,122156.6
1730955,IT,SE,INTER,WASTE,0.01,2443.065,3,3,2443.065,0.0,0.0,0.0,0.0,244306.5
1669728,IT,ES,BUSIN,RAWMI,0.03,2442.928,3,3,2442.928,0.0,0.0,0.0,0.0,81430.933333
1686927,IT,HU,MACHI,PFERT,0.01,2442.591,3,3,2442.591,0.0,0.0,0.0,0.0,244259.1
1740466,IT,GB,FOOD4,INTER,0.02,2442.586,3,3,2442.586,0.0,0.0,0.0,0.0,122129.3
1712890,IT,LV,REALE,SECO9,0.1,2442.423,3,3,2442.423,0.0,0.0,0.0,0.0,24424.23
1690321,IT,IE,FOOD2,RUBBE,0.01,2442.256,3,3,2442.256,0.0,0.0,0.0,0.0,244225.6
1793826,IT,WL,TEXTI,COKEO,0.01,2442.031,3,3,2442.031,0.0,0.0,0.0,0.0,244203.1
1751804,IT,CN,AUXIL,POSTT,0.04,2441.95,3,3,2441.95,0.0,0.0,0.0,0.0,61048.75
1659729,IT,DE,RAILW,RETAI,0.02,2441.947,3,3,2441.947,0.0,0.0,0.0,0.0,122097.35
1791711,IT,WA,RAILW,OILSE,0.02,2441.944,3,3,2441.944,0.0,0.0,0.0,0.0,122097.2
1792998,IT,WA,FOOD2,WHOLE,0.01,2441.93,3,3,2441.93,0.0,0.0,0.0,0.0,244193.0
1710335,IT,LT,SALEM,REALE,0.02,2441.825,3,3,2441.825,0.0,0.0,0.0,0.0,122091.25
1668413,IT,ES,RETA1,OFFIC,0.03,2441.799,3,3,2441.799,0.0,0.0,0.0,0.0,81393.3
1773492,IT,CH,MOTO1,SUGAR,0.01,2441.726,3,3,2441.726,0.0,0.0,0.0,0.0,244172.6
1682244,IT,HR,LEATH,CATTL,0.02,2441.677,3,3,2441.677,0.0,0.0,0.0,0.0,122083.85
1781495,IT,NO,FISH5,HOTEL,0.01,2441.523,3,3,2441.523,0.0,0.0,0.0,0.0,244152.3
1720623,IT,PL,MOTO1,TOBAC,0.01,2441.363,3,3,2441.363,0.0,0.0,0.0,0.0,244136.3
1797591,IT,WL,HEALT,HOTEL,0.01,2441.315,3,3,2441.315,0.0,0.0,0.0,0.0,244131.5
1759273,IT,BR,POSTT,COPP1,0.04,2441.255,3,3,2441.255,0.0,0.0,0.0,0.0,61031.375
1659069,IT,DE,ELEC4,CONST,0.04,2441.07,3,3,2441.07,0.0,0.0,0.0,0.0,61026.75
1793092,IT,WA,WOOD2,WEARI,0.01,2440.965,3,3,2440.965,0.0,0.0,0.0,0.0,244096.5
1792989,IT,WA,FOOD2,PADDY,0.01,2440.659,3,3,2440.659,0.0,0.0,0.0,0.0,244065.9
1770374,IT,AU,LANDT,PRINT,0.02,2440.641,3,3,2440.641,0.0,0.0,0.0,0.0,122032.05
1655791,IT,DE,MEAT4,RESEA,0.01,2440.496,3,3,2440.496,0.0,0.0,0.0,0.0,244049.6
1748256,IT,JP,OILHA,PAPE1,0.01,2440.317,3,3,2440.317,0.0,0.0,0.0,0.0,244031.7
1797459,IT,WL,RESEA,BASIC,0.01,2439.934,3,3,2439.934,0.0,0.0,0.0,0.0,243993.4
1664613,IT,EE,LANDT,PIGS9,0.02,2439.922,3,3,2439.922,0.0,0.0,0.0,0.0,121996.1
1787644,IT,WA,MEAT4,MEDIC,0.01,2439.868,3,3,2439.868,0.0,0.0,0.0,0.0,243986.8
1652322,IT,CZ,BEVER,RAILW,0.01,2439.722,3,3,2439.722,0.0,0.0,0.0,0.0,243972.2
1678041,IT,FR,EDUCA,LANDT,0.06,2439.536,3,3,2439.536,0.0,0.0,0.0,0.0,40658.933333
1747222,IT,JP,SALEM,BASIC,0.02,2439.504,3,3,2439.504,0.0,0.0,0.0,0.0,121975.2
1808453,IT,WF,FOOD4,PULP5,0.02,2439.196,3,3,2439.196,0.0,0.0,0.0,0.0,121959.8
1788621,IT,WA,PRINT,LEATH,0.02,2439.032,3,3,2439.032,0.0,0.0,0.0,0.0,121951.6
1780568,IT,TW,FINAN,INSUR,0.03,2438.864,3,3,2438.864,0.0,0.0,0.0,0.0,81295.466667
1786759,IT,ZA,HOTEL,HYDRO,0.02,2438.701,3,3,2438.701,0.0,0.0,0.0,0.0,121935.05
1717782,IT,NL,FOODW,NONF1,0.02,2438.493,3,3,2438.493,0.0,0.0,0.0,0.0,121924.65
1680028,IT,GR,MACHI,REFI1,0.01,2438.484,3,3,2438.484,0.0,0.0,0.0,0.0,243848.4
1744606,IT,US,RENTI,FURNI,0.01,2438.375,3,3,2438.375,0.0,0.0,0.0,0.0,243837.5
1656074,IT,DE,BEVER,ALUM1,0.01,2438.257,3,3,2438.257,0.0,0.0,0.0,0.0,243825.7
1792703,IT,WA,BUSIN,IRONO,0.03,2438.222,3,3,2438.222,0.0,0.0,0.0,0.0,81274.066667
1784789,IT,ID,HOTEL,PFERT,0.02,2438.057,3,3,2438.057,0.0,0.0,0.0,0.0,121902.85
1651792,IT,CY,MOTO1,FINAN,0.01,2437.913,3,3,2437.913,0.0,0.0,0.0,0.0,243791.3
1744190,IT,US,POSTT,BITUM,0.04,2437.357,3,3,2437.357,0.0,0.0,0.0,0.0,60933.925
1775961,IT,TR,BEVER,MEAT1,0.01,2437.287,3,3,2437.287,0.0,0.0,0.0,0.0,243728.7
1669132,IT,ES,POSTT,DAIRY,0.04,2436.786,3,3,2436.786,0.0,0.0,0.0,0.0,60919.65
1689050,IT,IE,MOTO1,FINAN,0.01,2436.55,3,3,2436.55,0.0,0.0,0.0,0.0,243655.0
1672455,IT,FI,HEALT,CROPS,0.01,2436.484,3,3,2436.484,0.0,0.0,0.0,0.0,243648.4
1767912,IT,RU,RENTI,FOOD5,0.01,2436.216,3,3,2436.216,0.0,0.0,0.0,0.0,243621.6
1654389,IT,CZ,SALEM,POSTT,0.02,2436.205,3,3,2436.205,0.0,0.0,0.0,0.0,121810.25
1675372,IT,FR,MACHI,WHITE,0.01,2436.104,3,3,2436.104,0.0,0.0,0.0,0.0,243610.4
1780014,IT,TW,SALEM,DISTR,0.02,2436.012,3,3,2436.012,0.0,0.0,0.0,0.0,121800.6
1670284,IT,FI,FORES,ALUM1,0.02,2436.01,4,4,2435.01,0.0,1.0,0.0,0.0,121800.5
1734212,IT,SI,RENTI,STONE,0.01,2435.592,3,3,2435.592,0.0,0.0,0.0,0.0,243559.2
1680481,IT,GR,ELEC5,HEALT,0.03,2435.342,3,3,2435.342,0.0,0.0,0.0,0.0,81178.066667
1808900,IT,WF,PRIVA,RESEA,0.54,2435.257,3,3,2435.257,0.0,0.0,0.0,0.0,4509.735185
1745202,IT,JP,CROPS,HOTEL,0.02,2435.078,3,3,2435.078,0.0,0.0,0.0,0.0,121753.9
1736549,IT,SK,SUPPO,FOUND,0.02,2435.07,3,3,2435.07,0.0,0.0,0.0,0.0,121753.5
1642793,IT,AT,MACHI,WOOD1,0.01,2434.896,3,3,2434.896,0.0,0.0,0.0,0.0,243489.6
1647949,IT,BE,RENTI,WOODW,0.01,2434.694,3,3,2434.694,0.0,0.0,0.0,0.0,243469.4
1759845,IT,BR,FOODW,MACHI,0.02,2434.491,3,3,2434.491,0.0,0.0,0.0,0.0,121724.55
1803750,IT,WF,FISH5,AUXIL,0.01,2434.484,3,3,2434.484,0.0,0.0,0.0,0.0,243448.4
1759900,IT,BR,PAPE1,LANDT,0.02,2434.406,3,3,2434.406,0.0,0.0,0.0,0.0,121720.3
1807457,IT,WF,AUXIL,RESEA,0.04,2434.383,3,3,2434.383,0.0,0.0,0.0,0.0,60859.575
1792435,IT,WA,AUXIL,PIGS9,0.04,2434.363,3,3,2434.363,0.0,0.0,0.0,0.0,60859.075
1644828,IT,BE,TEXTI,DIST1,0.01,2434.302,3,3,2434.302,0.0,0.0,0.0,0.0,243430.2
1725067,IT,RO,CROPS,FORES,0.02,2433.784,3,3,2433.784,0.0,0.0,0.0,0.0,121689.2
1780657,IT,TW,AUXIL,LIQUE,0.04,2433.398,3,3,2433.398,0.0,0.0,0.0,0.0,60834.95
1661286,IT,DK,MEATA,HOTEL,0.01,2433.241,3,3,2433.241,0.0,0.0,0.0,0.0,243324.1
1690548,IT,IE,RECRE,PLAST,0.03,2433.159,3,3,2433.159,0.0,0.0,0.0,0.0,81105.3
1648524,IT,BG,FORES,FORES,0.02,2432.981,4,4,2431.981,0.0,1.0,0.0,0.0,121649.05
1655989,IT,DE,FOOD5,NONME,0.01,2432.564,3,3,2432.564,0.0,0.0,0.0,0.0,243256.4
1647151,IT,BE,HOTEL,FOOD1,0.02,2432.462,3,3,2432.462,0.0,0.0,0.0,0.0,121623.1
1718517,IT,PL,TEXTI,AUXIL,0.01,2432.334,3,3,2432.334,0.0,0.0,0.0,0.0,243233.4
1773629,IT,CH,TRANS,AUXIL,0.01,2432.239,3,3,2432.239,0.0,0.0,0.0,0.0,243223.9
1745501,IT,JP,FOOD5,ELEC3,0.01,2432.232,3,3,2432.232,0.0,0.0,0.0,0.0,243223.2
1807575,IT,WF,COMPU,ELEC4,0.03,2431.926,3,3,2431.926,0.0,0.0,0.0,0.0,81064.2
1778785,IT,TR,LANDT,BIODI,0.02,2431.886,3,3,2431.886,0.0,0.0,0.0,0.0,121594.3
1756868,IT,KR,POSTT,SALEM,0.04,2431.845,3,3,2431.845,0.0,0.0,0.0,0.0,60796.125
1655093,IT,CZ,COMPU,AUXIL,0.03,2431.802,3,3,2431.802,0.0,0.0,0.0,0.0,81060.066667
1787082,IT,ZA,BUSIN,TEXTI,0.02,2431.788,3,3,2431.788,0.0,0.0,0.0,0.0,121589.4
1663522,IT,DK,RENTI,INERT,0.01,2431.756,3,3,2431.756,0.0,0.0,0.0,0.0,243175.6
1724658,IT,PT,INSUR,WOODW,0.05,2431.481,3,3,2431.481,0.0,0.0,0.0,0.0,48629.62
1648302,IT,BE,PUBLI,AUXIL,0.04,2431.445,3,3,2431.445,0.0,0.0,0.0,0.0,60786.125
1663110,IT,DK,RAILW,HOTEL,0.02,2431.411,3,3,2431.411,0.0,0.0,0.0,0.0,121570.55
1725255,IT,RO,FOOD5,AIRTR,0.01,2431.27,3,3,2431.27,0.0,0.0,0.0,0.0,243127.0
1813673,IT,WM,RETA1,MACHI,0.03,2431.193,3,3,2431.193,0.0,0.0,0.0,0.0,81039.766667
1655134,IT,CZ,BUSIN,PULP5,0.02,2431.187,3,3,2431.187,0.0,0.0,0.0,0.0,121559.35
1718391,IT,PL,BEVER,DISTR,0.01,2431.125,3,3,2431.125,0.0,0.0,0.0,0.0,243112.5
1655207,IT,CZ,BUSIN,FOOD3,0.02,2431.099,3,3,2431.099,0.0,0.0,0.0,0.0,121554.95
1717814,IT,NL,FOOD2,WOOD1,0.01,2431.098,3,3,2431.098,0.0,0.0,0.0,0.0,243109.8
1754800,IT,KR,FOOD5,ADDIT,0.01,2431.089,3,3,2431.089,0.0,0.0,0.0,0.0,243108.9
1673288,IT,FR,TEXTI,PLANT,0.01,2430.947,3,3,2430.947,0.0,0.0,0.0,0.0,243094.7
1678359,IT,FR,FOOD4,EDUCA,0.02,2430.944,3,3,2430.944,0.0,0.0,0.0,0.0,121547.2
1760434,IT,IN,FOOD5,RUBBE,0.01,2430.56,3,3,2430.56,0.0,0.0,0.0,0.0,243056.0
1761881,IT,IN,TRANS,RETA1,0.01,2430.452,3,3,2430.452,0.0,0.0,0.0,0.0,243045.2
1668103,IT,ES,CONST,OFFIC,0.01,2430.382,3,3,2430.382,0.0,0.0,0.0,0.0,243038.2
1641168,IT,AT,PRINT,BIOGA,0.02,2429.745,3,3,2429.745,0.0,0.0,0.0,0.0,121487.25
1670054,IT,ES,FOOD2,LEAD1,0.01,2429.547,3,3,2429.547,0.0,0.0,0.0,0.0,242954.7
1798728,IT,WE,PROCE,PIGS9,0.02,2429.498,3,3,2429.498,0.0,0.0,0.0,0.0,121474.9
1739051,IT,GB,RETAI,ELEC5,0.02,2429.195,3,3,2429.195,0.0,0.0,0.0,0.0,121459.75
1647176,IT,BE,RAILW,TRANS,0.02,2429.131,3,3,2429.131,0.0,0.0,0.0,0.0,121456.55
1677896,IT,FR,BUSIN,PREC1,0.02,2429.083,3,3,2429.083,0.0,0.0,0.0,0.0,121454.15
1770146,IT,AU,RETA1,FISH5,0.03,2428.587,3,3,2428.587,0.0,0.0,0.0,0.0,80952.9
1643089,IT,AT,WHOLE,CERAM,0.02,2428.582,3,3,2428.582,0.0,0.0,0.0,0.0,121429.1
1754190,IT,CA,SUPPO,REALE,0.02,2428.383,3,3,2428.383,0.0,0.0,0.0,0.0,121419.15
1644698,IT,BE,BEVER,FOUND,0.01,2427.855,3,3,2427.855,0.0,0.0,0.0,0.0,242785.5
1730731,IT,SE,BUSIN,WHEAT,0.02,2427.829,3,3,2427.829,0.0,0.0,0.0,0.0,121391.45
1655953,IT,DE,FOOD5,STONE,0.01,2427.824,3,3,2427.824,0.0,0.0,0.0,0.0,242782.4
1680160,IT,GR,MOTO1,ALUM1,0.01,2427.724,3,3,2427.724,0.0,0.0,0.0,0.0,242772.4
1801866,IT,WE,CONST,FOOD5,0.01,2427.601,3,3,2427.601,0.0,0.0,0.0,0.0,242760.1
1687255,IT,HU,WHOLE,PLAST,0.02,2427.552,3,3,2427.552,0.0,0.0,0.0,0.0,121377.6
1717414,IT,NL,INSUR,ELEC2,0.05,2427.531,3,3,2427.531,0.0,0.0,0.0,0.0,48550.62
1775455,IT,CH,PAPE1,POSTT,0.02,2427.354,3,3,2427.354,0.0,0.0,0.0,0.0,121367.7
1688378,IT,IE,FOOD5,WOOLS,0.01,2427.261,3,3,2427.261,0.0,0.0,0.0,0.0,242726.1
1783406,IT,NO,INTER,CERAM,0.01,2427.231,3,3,2427.231,0.0,0.0,0.0,0.0,242723.1
1663470,IT,DK,REALE,RESEA,0.1,2427.222,3,3,2427.222,0.0,0.0,0.0,0.0,24272.22
1785275,IT,ZA,WEARI,COKIN,0.02,2427.019,3,3,2427.019,0.0,0.0,0.0,0.0,121350.95
1717774,IT,NL,HEALT,HOTEL,0.01,2426.642,3,3,2426.642,0.0,0.0,0.0,0.0,242664.2
1681391,IT,GR,REALE,CERAM,0.1,2426.591,3,3,2426.591,0.0,0.0,0.0,0.0,24265.91
1715077,IT,NL,WEARI,FOOD5,0.02,2426.185,3,3,2426.185,0.0,0.0,0.0,0.0,121309.25
1687741,IT,HU,SUPPO,MEDIC,0.02,2425.934,3,3,2425.934,0.0,0.0,0.0,0.0,121296.7
1799547,IT,WE,PRINT,CERAM,0.02,2425.84,3,3,2425.84,0.0,0.0,0.0,0.0,121292.0
1783997,IT,ID,FOOD5,CHEM1,0.01,2425.763,3,3,2425.763,0.0,0.0,0.0,0.0,242576.3
1759492,IT,BR,AUXIL,HEALT,0.04,2425.76,3,3,2425.76,0.0,0.0,0.0,0.0,60644.0
1689906,IT,IE,AUXIL,ELEC7,0.04,2425.697,3,3,2425.697,0.0,0.0,0.0,0.0,60642.425
1669532,IT,ES,REALE,BEVER,0.1,2425.298,3,3,2425.298,0.0,0.0,0.0,0.0,24252.98
1762861,IT,IN,PUBLI,RESEA,0.04,2425.101,3,3,2425.101,0.0,0.0,0.0,0.0,60627.525
1773828,IT,CH,ELEC4,RESEA,0.04,2425.013,3,3,2425.013,0.0,0.0,0.0,0.0,60625.325
1727875,IT,RO,HEALT,WOODW,0.01,2425.002,3,3,2425.002,0.0,0.0,0.0,0.0,242500.2
1711905,IT,LU,FOOD2,DIST1,0.01,2424.908,3,3,2424.908,0.0,0.0,0.0,0.0,242490.8
1717572,IT,NL,COMPU,FURNI,0.03,2424.873,3,3,2424.873,0.0,0.0,0.0,0.0,80829.1
1650166,IT,BG,MOTO1,SECO9,0.01,2424.787,3,3,2424.787,0.0,0.0,0.0,0.0,242478.7
1710201,IT,LT,MACHI,FOOD3,0.01,2424.702,3,3,2424.702,0.0,0.0,0.0,0.0,242470.2
1748400,IT,CN,CROPS,FURNI,0.02,2424.631,3,3,2424.631,0.0,0.0,0.0,0.0,121231.55
1734142,IT,SI,AUXIL,INSUR,0.04,2424.501,3,3,2424.501,0.0,0.0,0.0,0.0,60612.525
1730630,IT,SE,RENTI,ALUM1,0.01,2424.485,3,3,2424.485,0.0,0.0,0.0,0.0,242448.5
1724711,IT,PT,AUXIL,TEXTI,0.04,2424.343,3,3,2424.343,0.0,0.0,0.0,0.0,60608.575
1760020,IT,BR,INTER,MEMBE,0.01,2424.158,3,3,2424.158,0.0,0.0,0.0,0.0,242415.8
1661193,IT,DE,93197,COMPU,0.02,2424.087,3,3,2424.087,0.0,0.0,0.0,0.0,121204.35
1655444,IT,DE,FORES,MOTO1,0.02,2423.938,4,4,2422.938,0.0,1.0,0.0,0.0,121196.9
1724234,IT,PT,RAILW,HOTEL,0.02,2423.761,3,3,2423.761,0.0,0.0,0.0,0.0,121188.05
1685207,IT,HU,FISH5,NONME,0.01,2423.534,3,3,2423.534,0.0,0.0,0.0,0.0,242353.4
1648005,IT,BE,COMPU,TEXTI,0.03,2423.207,3,3,2423.207,0.0,0.0,0.0,0.0,80773.566667
1746078,IT,JP,PRINT,ELECT,0.02,2423.158,3,3,2423.158,0.0,0.0,0.0,0.0,121157.9
1762175,IT,IN,LANDT,POSTT,0.02,2422.98,3,3,2422.98,0.0,0.0,0.0,0.0,121149.0
1759710,IT,BR,BUSIN,PRECI,0.02,2422.974,3,3,2422.974,0.0,0.0,0.0,0.0,121148.7
1784764,IT,ID,RETA1,RETA1,0.03,2422.878,3,3,2422.878,0.0,0.0,0.0,0.0,80762.6
1809192,IT,WM,MEATA,TRAN2,0.01,2422.869,3,3,2422.869,0.0,0.0,0.0,0.0,242286.9
1654519,IT,CZ,HOTEL,LEAD1,0.02,2422.86,3,3,2422.86,0.0,0.0,0.0,0.0,121143.0
1774708,IT,CH,SUPPO,KEROS,0.02,2422.739,3,3,2422.739,0.0,0.0,0.0,0.0,121136.95
1762367,IT,IN,POSTT,CRUDE,0.04,2422.731,3,3,2422.731,0.0,0.0,0.0,0.0,60568.275
1668327,IT,ES,WHOLE,SEACO,0.02,2422.695,3,3,2422.695,0.0,0.0,0.0,0.0,121134.75
1757337,IT,BR,TEXTI,GLASS,0.01,2422.669,3,3,2422.669,0.0,0.0,0.0,0.0,242266.9
1670621,IT,FI,WEARI,WASTE,0.02,2422.568,3,3,2422.568,0.0,0.0,0.0,0.0,121128.4
1759197,IT,BR,SUPPO,GASDI,0.02,2422.464,3,3,2422.464,0.0,0.0,0.0,0.0,121123.2
1796335,IT,WL,RETAI,PRECI,0.02,2422.33,3,3,2422.33,0.0,0.0,0.0,0.0,121116.5
1689363,IT,IE,RETA1,COLLE,0.03,2422.051,3,3,2422.051,0.0,0.0,0.0,0.0,80735.033333
1650135,IT,BG,MOTO1,CEREA,0.01,2421.964,3,3,2421.964,0.0,0.0,0.0,0.0,242196.4
1678013,IT,FR,EDUCA,TEXTI,0.06,2421.825,3,3,2421.825,0.0,0.0,0.0,0.0,40363.75
1654590,IT,CZ,RAILW,RADIO,0.02,2421.595,3,3,2421.595,0.0,0.0,0.0,0.0,121079.75
1747121,IT,JP,CONST,CROPS,0.01,2421.55,3,3,2421.55,0.0,0.0,0.0,0.0,242155.0
1748753,IT,CN,BEVER,RENTI,0.01,2421.523,3,3,2421.523,0.0,0.0,0.0,0.0,242152.3
1733566,IT,SI,RETA1,DISTR,0.03,2421.491,3,3,2421.491,0.0,0.0,0.0,0.0,80716.366667
1787896,IT,WA,BEVER,WOODW,0.01,2421.477,3,3,2421.477,0.0,0.0,0.0,0.0,242147.7
1770569,IT,AU,SUPPO,RECRE,0.02,2421.438,3,3,2421.438,0.0,0.0,0.0,0.0,121071.9
1745619,IT,JP,TEXTI,MEATC,0.01,2421.052,3,3,2421.052,0.0,0.0,0.0,0.0,242105.2
1714794,IT,NL,FOOD5,WHEAT,0.01,2420.985,3,3,2420.985,0.0,0.0,0.0,0.0,242098.5
1722892,IT,PT,PRINT,MEMBE,0.02,2420.632,3,3,2420.632,0.0,0.0,0.0,0.0,121031.6
1663635,IT,DK,BUSIN,TRAN1,0.02,2420.563,3,3,2420.563,0.0,0.0,0.0,0.0,121028.15
1781045,IT,TW,PUBLI,FORES,0.04,2420.482,3,3,2420.482,0.0,0.0,0.0,0.0,60512.05
1647866,IT,BE,AUXIL,WASTE,0.04,2420.308,3,3,2420.308,0.0,0.0,0.0,0.0,60507.7
1802664,IT,WE,RENTI,OFFIC,0.01,2419.975,3,3,2419.975,0.0,0.0,0.0,0.0,241997.5
1803638,IT,WF,FOOD5,FABRI,0.01,2419.95,3,3,2419.95,0.0,0.0,0.0,0.0,241995.0
1743328,IT,US,CONST,WHOLE,0.01,2419.938,3,3,2419.938,0.0,0.0,0.0,0.0,241993.8
1672446,IT,FI,PUBLI,LEAD1,0.04,2419.795,3,3,2419.795,0.0,0.0,0.0,0.0,60494.875
1793096,IT,WA,MEMBE,VEGE1,0.03,2419.685,3,3,2419.685,0.0,0.0,0.0,0.0,80656.166667
1675958,IT,FR,ELEC4,MACHI,0.04,2419.625,3,3,2419.625,0.0,0.0,0.0,0.0,60490.625
1814630,IT,WM,FOODW,FINAN,0.02,2419.377,3,3,2419.377,0.0,0.0,0.0,0.0,120968.85
1730771,IT,SE,BUSIN,LIQUE,0.02,2419.119,3,3,2419.119,0.0,0.0,0.0,0.0,120955.95
1734249,IT,SI,COMPU,OFFIC,0.03,2419.097,3,3,2419.097,0.0,0.0,0.0,0.0,80636.566667
1807625,IT,WF,RESEA,BASIC,0.01,2419.072,3,3,2419.072,0.0,0.0,0.0,0.0,241907.2
1688490,IT,IE,LEATH,MOTO1,0.02,2418.997,3,3,2418.997,0.0,0.0,0.0,0.0,120949.85
1793172,IT,WA,93197,CEMEN,0.02,2418.968,3,3,2418.968,0.0,0.0,0.0,0.0,120948.4
1653944,IT,CZ,MACHI,ANIMA,0.01,2418.886,3,3,2418.886,0.0,0.0,0.0,0.0,241888.6
1754417,IT,CA,RENTI,RETA1,0.01,2418.88,3,3,2418.88,0.0,0.0,0.0,0.0,241888.0
1780899,IT,TW,RESEA,NONF1,0.01,2418.864,3,3,2418.864,0.0,0.0,0.0,0.0,241886.4
1770707,IT,AU,INSUR,COMPU,0.05,2418.739,3,3,2418.739,0.0,0.0,0.0,0.0,48374.78
1684668,IT,HR,INERT,PAPE4,0.02,2418.652,3,3,2418.652,0.0,0.0,0.0,0.0,120932.6
1779208,IT,TR,POSTT,DIST1,0.04,2418.507,3,3,2418.507,0.0,0.0,0.0,0.0,60462.675
1799044,IT,WE,TEXTI,FOUND,0.01,2418.486,3,3,2418.486,0.0,0.0,0.0,0.0,241848.6
1661037,IT,DE,BUSIN,PAPE3,0.02,2418.408,3,3,2418.408,0.0,0.0,0.0,0.0,120920.4
1767295,IT,RU,HOTEL,ELEC6,0.02,2418.32,3,3,2418.32,0.0,0.0,0.0,0.0,120916.0
1780217,IT,TW,RAILW,ELECT,0.02,2418.285,3,3,2418.285,0.0,0.0,0.0,0.0,120914.25
1684976,IT,HU,MEAT4,RECRE,0.01,2418.258,3,3,2418.258,0.0,0.0,0.0,0.0,241825.8
1646781,IT,BE,CONST,SEWAG,0.01,2418.099,3,3,2418.099,0.0,0.0,0.0,0.0,241809.9
1808537,IT,WF,PAPE4,MEATP,0.02,2417.949,3,3,2417.949,0.0,0.0,0.0,0.0,120897.45
1797651,IT,WL,PAPE1,FABRI,0.02,2417.92,3,3,2417.92,0.0,0.0,0.0,0.0,120896.0
1676823,IT,FR,LANDT,ELEC6,0.02,2417.848,3,3,2417.848,0.0,0.0,0.0,0.0,120892.4
1684117,IT,HR,RAILW,OFFIC,0.02,2417.563,3,3,2417.563,0.0,0.0,0.0,0.0,120878.15
1746993,IT,JP,MOTO1,PLAS2,0.01,2417.476,3,3,2417.476,0.0,0.0,0.0,0.0,241747.6
1722249,IT,PL,INERT,ELEC2,0.02,2417.33,3,3,2417.33,0.0,0.0,0.0,0.0,120866.5
1741367,IT,US,PRINT,MOTO1,0.02,2417.308,3,3,2417.308,0.0,0.0,0.0,0.0,120865.4
1651065,IT,BG,INSUR,PFERT,0.05,2417.194,3,3,2417.194,0.0,0.0,0.0,0.0,48343.88
1806963,IT,WF,LANDT,CHEMI,0.02,2417.13,3,3,2417.13,0.0,0.0,0.0,0.0,120856.5
1784754,IT,ID,RETA1,MEAT1,0.03,2416.941,3,3,2416.941,0.0,0.0,0.0,0.0,80564.7
1690406,IT,IE,FOOD4,REFIN,0.02,2416.866,3,3,2416.866,0.0,0.0,0.0,0.0,120843.3
1647305,IT,BE,LANDT,PAPE4,0.02,2416.665,3,3,2416.665,0.0,0.0,0.0,0.0,120833.25
1667870,IT,ES,MOTO1,STONE,0.01,2416.502,3,3,2416.502,0.0,0.0,0.0,0.0,241650.2
1737491,IT,GB,LEATH,INERT,0.02,2416.487,3,3,2416.487,0.0,0.0,0.0,0.0,120824.35
1786651,IT,ZA,WHOLE,NFERT,0.02,2416.482,3,3,2416.482,0.0,0.0,0.0,0.0,120824.1
1739384,IT,GB,RAILW,FINAN,0.02,2416.254,3,3,2416.254,0.0,0.0,0.0,0.0,120812.7
1792681,IT,WA,RESEA,SUPPO,0.01,2416.149,3,3,2416.149,0.0,0.0,0.0,0.0,241614.9
1676378,IT,FR,WHOLE,PFERT,0.02,2416.069,3,3,2416.069,0.0,0.0,0.0,0.0,120803.45
1814519,IT,WM,RESEA,LANDT,0.01,2415.742,3,3,2415.742,0.0,0.0,0.0,0.0,241574.2
1671767,IT,FI,RETAI,INSUR,0.02,2415.45,3,3,2415.45,0.0,0.0,0.0,0.0,120772.5
1767922,IT,RU,RENTI,ELEC4,0.01,2415.399,3,3,2415.399,0.0,0.0,0.0,0.0,241539.9
1780661,IT,TW,AUXIL,RUBBE,0.04,2415.367,3,3,2415.367,0.0,0.0,0.0,0.0,60384.175
1744074,IT,US,SUPPO,PLANT,0.02,2415.029,3,3,2415.029,0.0,0.0,0.0,0.0,120751.45
1728324,IT,SE,FISH5,FOOD5,0.01,2414.998,3,3,2414.998,0.0,0.0,0.0,0.0,241499.8
1754615,IT,KR,FORES,LEAD1,0.02,2414.994,4,4,2413.994,0.0,1.0,0.0,0.0,120749.7
1723870,IT,PT,TRANS,93197,0.01,2414.955,3,3,2414.955,0.0,0.0,0.0,0.0,241495.5
1724238,IT,PT,RAILW,RENTI,0.02,2414.924,3,3,2414.924,0.0,0.0,0.0,0.0,120746.2
1730401,IT,SE,POSTT,SUGA1,0.04,2414.885,3,3,2414.885,0.0,0.0,0.0,0.0,60372.125
1670532,IT,FI,FISH5,CHEM1,0.01,2414.73,3,3,2414.73,0.0,0.0,0.0,0.0,241473.0
1796755,IT,WL,LANDT,BRICK,0.02,2414.605,3,3,2414.605,0.0,0.0,0.0,0.0,120730.25
1717903,IT,PL,FORES,SANDC,0.02,2414.492,4,4,2413.492,0.0,1.0,0.0,0.0,120724.6
1807492,IT,WF,RENTI,CROPS,0.01,2414.291,3,3,2414.291,0.0,0.0,0.0,0.0,241429.1
1814486,IT,WM,RESEA,SANDC,0.01,2414.235,3,3,2414.235,0.0,0.0,0.0,0.0,241423.5
1651309,IT,CY,WEARI,FOOD5,0.02,2414.111,3,3,2414.111,0.0,0.0,0.0,0.0,120705.55
1734233,IT,SI,RENTI,RESEA,0.01,2414.091,3,3,2414.091,0.0,0.0,0.0,0.0,241409.1
1720664,IT,PL,MOTO1,ELEC7,0.01,2413.883,3,3,2413.883,0.0,0.0,0.0,0.0,241388.3
1734288,IT,SI,BUSIN,MEAT1,0.02,2413.802,3,3,2413.802,0.0,0.0,0.0,0.0,120690.1
1660156,IT,DE,SUPPO,LIQUE,0.02,2413.667,3,3,2413.667,0.0,0.0,0.0,0.0,120683.35
1665814,IT,ES,PRINT,MEATA,0.02,2413.63,3,3,2413.63,0.0,0.0,0.0,0.0,120681.5
1786715,IT,ZA,RETA1,GASDI,0.03,2413.557,3,3,2413.557,0.0,0.0,0.0,0.0,80451.9
1751774,IT,CN,AUXIL,GLASS,0.04,2413.502,3,3,2413.502,0.0,0.0,0.0,0.0,60337.55
1797933,IT,WL,FOOD4,RUBBE,0.02,2413.297,3,3,2413.297,0.0,0.0,0.0,0.0,120664.85
1683986,IT,HR,WHOLE,RENTI,0.02,2413.283,3,3,2413.283,0.0,0.0,0.0,0.0,120664.15
1770788,IT,AU,COMPU,MACHI,0.03,2412.955,3,3,2412.955,0.0,0.0,0.0,0.0,80431.833333
1760797,IT,IN,PRINT,RESEA,0.02,2412.92,3,3,2412.92,0.0,0.0,0.0,0.0,120646.0
1721004,IT,PL,HOTEL,MEATA,0.02,2412.746,3,3,2412.746,0.0,0.0,0.0,0.0,120637.3
1758806,IT,BR,RETA1,RETAI,0.03,2412.546,3,3,2412.546,0.0,0.0,0.0,0.0,80418.2
1678110,IT,FR,PAPE1,TRANS,0.02,2412.287,3,3,2412.287,0.0,0.0,0.0,0.0,120614.35
1778163,IT,TR,TRANS,HEALT,0.01,2412.021,3,3,2412.021,0.0,0.0,0.0,0.0,241202.1
1721762,IT,PL,INSUR,SUPPO,0.05,2411.984,3,3,2411.984,0.0,0.0,0.0,0.0,48239.68
1690323,IT,IE,FOOD2,SALEM,0.01,2411.82,3,3,2411.82,0.0,0.0,0.0,0.0,241182.0
1663675,IT,DK,BUSIN,FOOD3,0.02,2411.798,3,3,2411.798,0.0,0.0,0.0,0.0,120589.9
1791841,IT,WA,LANDT,ELECT,0.02,2411.787,3,3,2411.787,0.0,0.0,0.0,0.0,120589.35
1665229,IT,ES,FOOD5,COMPU,0.01,2411.17,3,3,2411.17,0.0,0.0,0.0,0.0,241117.0
1710150,IT,LT,MACHI,HEAVY,0.01,2411.129,3,3,2411.129,0.0,0.0,0.0,0.0,241112.9
1661196,IT,DE,93197,PUBLI,0.02,2411.126,3,3,2411.126,0.0,0.0,0.0,0.0,120556.3
1760225,IT,BR,INERT,AIRTR,0.02,2411.111,3,3,2411.111,0.0,0.0,0.0,0.0,120555.55
1736024,IT,SK,TRANS,EDUCA,0.01,2411.104,3,3,2411.104,0.0,0.0,0.0,0.0,241110.4
1756321,IT,KR,MOTO1,RETA1,0.01,2411.026,3,3,2411.026,0.0,0.0,0.0,0.0,241102.6
1807310,IT,WF,POSTT,FABRI,0.04,2410.842,3,3,2410.842,0.0,0.0,0.0,0.0,60271.05
1785461,IT,ZA,PRINT,SALEM,0.02,2410.458,3,3,2410.458,0.0,0.0,0.0,0.0,120522.9
1754582,IT,KR,CROPS,ANIMA,0.02,2410.32,3,3,2410.32,0.0,0.0,0.0,0.0,120516.0
1781578,IT,NO,WEARI,PULP5,0.02,2410.234,3,3,2410.234,0.0,0.0,0.0,0.0,120511.7
1687096,IT,HU,MOTO1,INTER,0.01,2410.19,3,3,2410.19,0.0,0.0,0.0,0.0,241019.0
1781451,IT,NO,BEVER,DAIRY,0.01,2409.868,3,3,2409.868,0.0,0.0,0.0,0.0,240986.8
1783208,IT,NO,BUSIN,WOODW,0.02,2409.657,3,3,2409.657,0.0,0.0,0.0,0.0,120482.85
1687584,IT,HU,LANDT,OILHA,0.02,2409.547,3,3,2409.547,0.0,0.0,0.0,0.0,120477.35
1642990,IT,AT,CONST,MEATA,0.01,2409.417,3,3,2409.417,0.0,0.0,0.0,0.0,240941.7
1765482,IT,RU,WEARI,FISH5,0.02,2409.265,3,3,2409.265,0.0,0.0,0.0,0.0,120463.25
1731093,IT,SI,MEATA,MEAT4,0.01,2409.071,3,3,2409.071,0.0,0.0,0.0,0.0,240907.1
1654488,IT,CZ,HOTEL,MEATP,0.02,2408.958,3,3,2408.958,0.0,0.0,0.0,0.0,120447.9
1745664,IT,JP,TEXTI,DISTR,0.01,2408.916,3,3,2408.916,0.0,0.0,0.0,0.0,240891.6
1643924,IT,AT,COMPU,MEATP,0.03,2408.901,3,3,2408.901,0.0,0.0,0.0,0.0,80296.7
1787041,IT,ZA,INSUR,FOOD3,0.05,2408.762,3,3,2408.762,0.0,0.0,0.0,0.0,48175.24
1717698,IT,NL,BUSIN,COLLE,0.02,2408.738,3,3,2408.738,0.0,0.0,0.0,0.0,120436.9
1671538,IT,FI,MACHI,INERT,0.01,2408.558,3,3,2408.558,0.0,0.0,0.0,0.0,240855.8
1770189,IT,AU,RETA1,93197,0.03,2408.498,3,3,2408.498,0.0,0.0,0.0,0.0,80283.266667
1690191,IT,IE,BUSIN,HEAVY,0.02,2408.49,3,3,2408.49,0.0,0.0,0.0,0.0,120424.5
1733958,IT,SI,SUPPO,ELEC4,0.02,2408.425,3,3,2408.425,0.0,0.0,0.0,0.0,120421.25
1644270,IT,BE,CROPS,FOUND,0.02,2408.301,3,3,2408.301,0.0,0.0,0.0,0.0,120415.05
1748424,IT,CN,FORES,PREC1,0.02,2408.267,4,4,2407.267,0.0,1.0,0.0,0.0,120413.35
1782648,IT,NO,SALEM,RETAI,0.02,2408.12,3,3,2408.12,0.0,0.0,0.0,0.0,120406.0
1721737,IT,PL,INSUR,MOTOR,0.05,2408.109,3,3,2408.109,0.0,0.0,0.0,0.0,48162.18
1780272,IT,TW,LANDT,COPP1,0.02,2407.988,3,3,2407.988,0.0,0.0,0.0,0.0,120399.4
1780748,IT,TW,RENTI,COPPE,0.01,2407.92,3,3,2407.92,0.0,0.0,0.0,0.0,240792.0
1731870,IT,SI,PRINT,DISTR,0.02,2407.661,3,3,2407.661,0.0,0.0,0.0,0.0,120383.05
1654526,IT,CZ,HOTEL,RADIO,0.02,2407.214,3,3,2407.214,0.0,0.0,0.0,0.0,120360.7
1795960,IT,WL,MOTO1,REFI1,0.01,2407.201,3,3,2407.201,0.0,0.0,0.0,0.0,240720.1
1743730,IT,US,LANDT,FORES,0.02,2407.178,3,3,2407.178,0.0,0.0,0.0,0.0,120358.9
1736929,IT,SK,HEALT,BIOGA,0.01,2407.092,3,3,2407.092,0.0,0.0,0.0,0.0,240709.2
1747736,IT,JP,FINAN,INSUR,0.03,2407.042,3,3,2407.042,0.0,0.0,0.0,0.0,80234.733333
1735983,IT,SK,MOTO1,FOOD3,0.01,2407.022,3,3,2407.022,0.0,0.0,0.0,0.0,240702.2
1714924,IT,NL,BEVER,AIRTR,0.01,2406.717,3,3,2406.717,0.0,0.0,0.0,0.0,240671.7
1807433,IT,WF,INSUR,SUPPO,0.05,2406.539,3,3,2406.539,0.0,0.0,0.0,0.0,48130.78
1785074,IT,ZA,CROPS,HOTEL,0.02,2406.402,3,3,2406.402,0.0,0.0,0.0,0.0,120320.1
1678827,IT,GR,BEVER,PAPER,0.01,2406.217,3,3,2406.217,0.0,0.0,0.0,0.0,240621.7
1673385,IT,FR,WEARI,SUGAR,0.02,2406.162,3,3,2406.162,0.0,0.0,0.0,0.0,120308.1
1733711,IT,SI,RAILW,RENTI,0.02,2405.737,3,3,2405.737,0.0,0.0,0.0,0.0,120286.85
1653958,IT,CZ,MACHI,MEATC,0.01,2405.114,3,3,2405.114,0.0,0.0,0.0,0.0,240511.4
1783857,IT,NO,TEXT2,PLAS1,0.02,2405.002,3,3,2405.002,0.0,0.0,0.0,0.0,120250.1
1778832,IT,TR,LANDT,AUXIL,0.02,2404.984,3,3,2404.984,0.0,0.0,0.0,0.0,120249.2
1767349,IT,RU,RAILW,CONST,0.02,2404.861,3,3,2404.861,0.0,0.0,0.0,0.0,120243.05
1684122,IT,HR,RAILW,BUSIN,0.02,2404.798,3,3,2404.798,0.0,0.0,0.0,0.0,120239.9
1651040,IT,BG,POSTT,FINAN,0.04,2404.795,3,3,2404.795,0.0,0.0,0.0,0.0,60119.875
1717226,IT,NL,SUPPO,AUXIL,0.02,2404.714,3,3,2404.714,0.0,0.0,0.0,0.0,120235.7
1810082,IT,WM,TEXTI,BLAST,0.01,2404.564,3,3,2404.564,0.0,0.0,0.0,0.0,240456.4
1779186,IT,TR,POSTT,NONF1,0.04,2404.559,3,3,2404.559,0.0,0.0,0.0,0.0,60113.975
1679174,IT,GR,PRINT,PRINT,0.02,2404.492,3,3,2404.492,0.0,0.0,0.0,0.0,120224.6
1752265,IT,CA,FORES,REALE,0.02,2404.423,4,4,2403.423,0.0,1.0,0.0,0.0,120221.15
1687103,IT,HU,MOTO1,INERT,0.01,2404.34,3,3,2404.34,0.0,0.0,0.0,0.0,240434.0
1769009,IT,AU,PRINT,DAIRY,0.02,2404.16,3,3,2404.16,0.0,0.0,0.0,0.0,120208.0
1684365,IT,HR,SUPPO,RECRE,0.02,2403.821,3,3,2403.821,0.0,0.0,0.0,0.0,120191.05
1758637,IT,BR,TRANS,SEACO,0.01,2403.81,3,3,2403.81,0.0,0.0,0.0,0.0,240381.0
1762986,IT,MX,FOOD5,FISHF,0.01,2403.802,3,3,2403.802,0.0,0.0,0.0,0.0,240380.2
1724002,IT,PT,RETAI,SANDC,0.02,2403.678,3,3,2403.678,0.0,0.0,0.0,0.0,120183.9
1677232,IT,FR,POSTT,PAPE4,0.04,2403.632,3,3,2403.632,0.0,0.0,0.0,0.0,60090.8
1814938,IT,WM,PRIVA,BRICK,0.54,2403.51,3,3,2403.51,0.0,0.0,0.0,0.0,4450.944444
1808070,IT,WF,TEXT1,CONST,0.02,2403.473,3,3,2403.473,0.0,0.0,0.0,0.0,120173.65
1787045,IT,ZA,AUXIL,INSUR,0.04,2403.417,3,3,2403.417,0.0,0.0,0.0,0.0,60085.425
1778397,IT,TR,WHOLE,PLANT,0.02,2403.357,3,3,2403.357,0.0,0.0,0.0,0.0,120167.85
1717523,IT,NL,RENTI,PULP5,0.01,2403.298,3,3,2403.298,0.0,0.0,0.0,0.0,240329.8
1792666,IT,WA,RESEA,MEDIC,0.01,2403.09,3,3,2403.09,0.0,0.0,0.0,0.0,240309.0
1664738,IT,EE,SUPPO,93197,0.02,2402.716,3,3,2402.716,0.0,0.0,0.0,0.0,120135.8
1783758,IT,NO,PAPE4,MACHI,0.02,2402.628,3,3,2402.628,0.0,0.0,0.0,0.0,120131.4
1807438,IT,WF,AUXIL,NATU1,0.04,2402.6,3,3,2402.6,0.0,0.0,0.0,0.0,60065.0
1748118,IT,JP,PUBLI,RUBBE,0.04,2402.594,3,3,2402.594,0.0,0.0,0.0,0.0,60064.85
1672587,IT,FR,CROPS,LEATH,0.02,2402.105,3,3,2402.105,0.0,0.0,0.0,0.0,120105.25
1734723,IT,SK,LEATH,ELEC1,0.02,2402.046,3,3,2402.046,0.0,0.0,0.0,0.0,120102.3
1687230,IT,HU,SALEM,FOOD4,0.02,2401.9,3,3,2401.9,0.0,0.0,0.0,0.0,120095.0
1685310,IT,HU,WEARI,PLAST,0.02,2401.637,3,3,2401.637,0.0,0.0,0.0,0.0,120081.85
1670090,IT,ES,FOOD4,TRANS,0.02,2401.349,3,3,2401.349,0.0,0.0,0.0,0.0,120067.45
1750901,IT,CN,CONST,LEATH,0.01,2401.308,3,3,2401.308,0.0,0.0,0.0,0.0,240130.8
1724793,IT,PT,COMPU,GASDI,0.03,2401.199,3,3,2401.199,0.0,0.0,0.0,0.0,80039.966667
1714446,IT,NL,MEATA,PAPE4,0.01,2401.072,3,3,2401.072,0.0,0.0,0.0,0.0,240107.2
1781234,IT,NO,CROPS,OFFIC,0.02,2401.023,3,3,2401.023,0.0,0.0,0.0,0.0,120051.15
1712902,IT,LV,REALE,HOTEL,0.1,2401.017,3,3,2401.017,0.0,0.0,0.0,0.0,24010.17
1802851,IT,WE,OILHA,PUBLI,0.01,2400.869,3,3,2400.869,0.0,0.0,0.0,0.0,240086.9
1774854,IT,CH,FINAN,MACHI,0.03,2400.707,3,3,2400.707,0.0,0.0,0.0,0.0,80023.566667
1656197,IT,DE,TEXTI,COPP1,0.01,2400.349,3,3,2400.349,0.0,0.0,0.0,0.0,240034.9
1660437,IT,DE,FINAN,FOOD3,0.03,2399.978,3,3,2399.978,0.0,0.0,0.0,0.0,79999.266667
1734138,IT,SI,AUXIL,LANDT,0.04,2399.893,3,3,2399.893,0.0,0.0,0.0,0.0,59997.325
1677250,IT,FR,FINAN,FORES,0.03,2399.828,3,3,2399.828,0.0,0.0,0.0,0.0,79994.266667
1659296,IT,DE,SALEM,FOOD3,0.02,2399.726,3,3,2399.726,0.0,0.0,0.0,0.0,119986.3
1764674,IT,MX,RETA1,93197,0.03,2399.486,3,3,2399.486,0.0,0.0,0.0,0.0,79982.866667
1659520,IT,DE,RETA1,STEAM,0.03,2399.476,3,3,2399.476,0.0,0.0,0.0,0.0,79982.533333
1803903,IT,WF,WEARI,WOODW,0.02,2399.211,3,3,2399.211,0.0,0.0,0.0,0.0,119960.55
1712630,IT,LV,MOTO1,WOODW,0.01,2399.16,3,3,2399.16,0.0,0.0,0.0,0.0,239916.0
1769895,IT,AU,MOTO1,NATU1,0.01,2398.798,3,3,2398.798,0.0,0.0,0.0,0.0,239879.8
1735790,IT,SK,MACHI,HEAVY,0.01,2398.668,3,3,2398.668,0.0,0.0,0.0,0.0,239866.8
1721530,IT,PL,SUPPO,COPP1,0.02,2398.649,3,3,2398.649,0.0,0.0,0.0,0.0,119932.45
1728413,IT,SE,WEARI,LEATH,0.02,2398.626,3,3,2398.626,0.0,0.0,0.0,0.0,119931.3
1802021,IT,WE,WHOLE,NONME,0.02,2398.57,3,3,2398.57,0.0,0.0,0.0,0.0,119928.5
1798895,IT,WE,BEVER,POSTT,0.01,2398.426,3,3,2398.426,0.0,0.0,0.0,0.0,239842.6
1654373,IT,CZ,ELE11,PAPER,0.04,2398.252,3,3,2398.252,0.0,0.0,0.0,0.0,59956.3
1684501,IT,HR,RESEA,RESEA,0.01,2398.106,3,3,2398.106,0.0,0.0,0.0,0.0,239810.6
1648611,IT,BG,MEAT1,WHOLE,0.01,2398.103,3,3,2398.103,0.0,0.0,0.0,0.0,239810.3
1797430,IT,WL,COMPU,SEACO,0.03,2397.948,3,3,2397.948,0.0,0.0,0.0,0.0,79931.6
1644649,IT,BE,FOOD5,WASTE,0.01,2397.901,3,3,2397.901,0.0,0.0,0.0,0.0,239790.1
1721973,IT,PL,COMPU,CERAM,0.03,2397.82,3,3,2397.82,0.0,0.0,0.0,0.0,79927.333333
1803686,IT,WF,BEVER,CHEM1,0.01,2397.762,3,3,2397.762,0.0,0.0,0.0,0.0,239776.2
1663824,IT,EE,TEXTI,HYDRO,0.01,2397.483,3,3,2397.483,0.0,0.0,0.0,0.0,239748.3
1754302,IT,CA,INSUR,FISHF,0.05,2397.215,3,3,2397.215,0.0,0.0,0.0,0.0,47944.3
1721539,IT,PL,SUPPO,ELEC5,0.02,2397.051,3,3,2397.051,0.0,0.0,0.0,0.0,119852.55
1773977,IT,CH,SALEM,POSTT,0.02,2397.047,3,3,2397.047,0.0,0.0,0.0,0.0,119852.35
1660952,IT,DE,BUSIN,NFERT,0.02,2396.578,3,3,2396.578,0.0,0.0,0.0,0.0,119828.9
1753955,IT,CA,LANDT,WEARI,0.02,2396.287,3,3,2396.287,0.0,0.0,0.0,0.0,119814.35
1663869,IT,EE,WEARI,FORES,0.02,2396.225,3,3,2396.225,0.0,0.0,0.0,0.0,119811.25
1814734,IT,WM,OILHA,HOTEL,0.01,2395.884,3,3,2395.884,0.0,0.0,0.0,0.0,239588.4
1801849,IT,WE,ELE11,FORES,0.04,2395.78,3,3,2395.78,0.0,0.0,0.0,0.0,59894.5
1769726,IT,AU,MACHI,NONFE,0.01,2395.551,3,3,2395.551,0.0,0.0,0.0,0.0,239555.1
1687290,IT,HU,RETA1,CEREA,0.03,2395.488,3,3,2395.488,0.0,0.0,0.0,0.0,79849.6
1767837,IT,RU,AUXIL,CHEM1,0.04,2395.347,3,3,2395.347,0.0,0.0,0.0,0.0,59883.675
1717188,IT,NL,SUPPO,FISHF,0.02,2395.215,3,3,2395.215,0.0,0.0,0.0,0.0,119760.75
1665457,IT,ES,WEARI,MEAT1,0.02,2394.969,3,3,2394.969,0.0,0.0,0.0,0.0,119748.45
1780425,IT,TW,SUPPO,CERAM,0.02,2394.59,3,3,2394.59,0.0,0.0,0.0,0.0,119729.5
1787872,IT,WA,BEVER,PLANT,0.01,2394.407,3,3,2394.407,0.0,0.0,0.0,0.0,239440.7
1651884,IT,CY,POSTT,FINAN,0.04,2394.284,3,3,2394.284,0.0,0.0,0.0,0.0,59857.1
1776046,IT,TR,TEXTI,DISTR,0.01,2394.012,3,3,2394.012,0.0,0.0,0.0,0.0,239401.2
1797834,IT,WL,FOOD2,BASIC,0.01,2393.989,3,3,2393.989,0.0,0.0,0.0,0.0,239398.9
1682058,IT,HR,FISH5,FURNI,0.01,2393.837,3,3,2393.837,0.0,0.0,0.0,0.0,239383.7
1807859,IT,WF,PAPE1,PRINT,0.02,2393.765,3,3,2393.765,0.0,0.0,0.0,0.0,119688.25
1797029,IT,WL,SUPPO,PADDY,0.02,2393.593,3,3,2393.593,0.0,0.0,0.0,0.0,119679.65
1651094,IT,BG,INSUR,COMPU,0.05,2393.5,3,3,2393.5,0.0,0.0,0.0,0.0,47870.0
1733440,IT,SI,CONST,FABRI,0.01,2393.45,3,3,2393.45,0.0,0.0,0.0,0.0,239345.0
1781633,IT,NO,LEATH,SANDC,0.02,2393.266,3,3,2393.266,0.0,0.0,0.0,0.0,119663.3
1716807,IT,NL,RETA1,WOOD1,0.02,2393.22,3,3,2393.22,0.0,0.0,0.0,0.0,119661.0
1751357,IT,CN,LANDT,RECRE,0.02,2393.167,3,3,2393.167,0.0,0.0,0.0,0.0,119658.35
1714209,IT,MT,INSUR,HEALT,0.05,2393.141,3,3,2393.141,0.0,0.0,0.0,0.0,47862.82
1779636,IT,TR,RESEA,MEAT4,0.01,2393.007,3,3,2393.007,0.0,0.0,0.0,0.0,239300.7
1647644,IT,BE,FINAN,PRINT,0.03,2392.983,3,3,2392.983,0.0,0.0,0.0,0.0,79766.1
1640638,IT,AT,BEVER,ELEC7,0.01,2392.802,3,3,2392.802,0.0,0.0,0.0,0.0,239280.2
1814759,IT,WM,FOOD2,RETA1,0.01,2392.79,3,3,2392.79,0.0,0.0,0.0,0.0,239279.0
1663819,IT,EE,FISH5,RETA1,0.01,2392.671,3,3,2392.671,0.0,0.0,0.0,0.0,239267.1
1783850,IT,NO,TEXT2,SALEM,0.02,2392.652,3,3,2392.652,0.0,0.0,0.0,0.0,119632.6
1757304,IT,BR,FOOD5,SALEM,0.01,2392.643,3,3,2392.643,0.0,0.0,0.0,0.0,239264.3
1668105,IT,ES,CONST,MEDIC,0.01,2392.594,3,3,2392.594,0.0,0.0,0.0,0.0,239259.4
1779506,IT,TR,RENTI,CONST,0.01,2392.451,3,3,2392.451,0.0,0.0,0.0,0.0,239245.1
1678562,IT,GR,CROPS,ANIMA,0.02,2392.25,3,3,2392.25,0.0,0.0,0.0,0.0,119612.5
1749359,IT,CN,PRINT,RETAI,0.02,2392.247,3,3,2392.247,0.0,0.0,0.0,0.0,119612.35
1726767,IT,RO,SALEM,SEACO,0.02,2392.219,3,3,2392.219,0.0,0.0,0.0,0.0,119610.95
1661660,IT,DK,TEXTI,ELECT,0.01,2392.09,3,3,2392.09,0.0,0.0,0.0,0.0,239209.0
1807377,IT,WF,FINAN,MOTO1,0.03,2391.903,3,3,2391.903,0.0,0.0,0.0,0.0,79730.1
1775537,IT,CH,FOOD4,MACHI,0.02,2391.872,3,3,2391.872,0.0,0.0,0.0,0.0,119593.6
1740322,IT,GB,PUBLI,TRAN1,0.04,2391.847,3,3,2391.847,0.0,0.0,0.0,0.0,59796.175
1729992,IT,SE,SALEM,WOODW,0.02,2391.726,3,3,2391.726,0.0,0.0,0.0,0.0,119586.3
1664863,IT,ES,FORES,BEVER,0.02,2391.666,4,4,2390.666,0.0,1.0,0.0,0.0,119583.3
1753801,IT,CA,SALEM,CONST,0.02,2391.403,3,3,2391.403,0.0,0.0,0.0,0.0,119570.15
1676017,IT,FR,ELEC5,REALE,0.03,2391.4,3,3,2391.4,0.0,0.0,0.0,0.0,79713.333333
1760109,IT,BR,FOOD2,NONME,0.01,2391.321,3,3,2391.321,0.0,0.0,0.0,0.0,239132.1
1684487,IT,HR,COMPU,AIRTR,0.03,2391.21,3,3,2391.21,0.0,0.0,0.0,0.0,79707.0
1752708,IT,CA,LEATH,CERAM,0.02,2391.092,3,3,2391.092,0.0,0.0,0.0,0.0,119554.6
1730699,IT,SE,COMPU,ELEC4,0.03,2390.906,3,3,2390.906,0.0,0.0,0.0,0.0,79696.866667
1771609,IT,CH,TEXTI,OILHA,0.01,2390.895,3,3,2390.895,0.0,0.0,0.0,0.0,239089.5
1736825,IT,SK,BUSIN,OILSE,0.02,2390.87,3,3,2390.87,0.0,0.0,0.0,0.0,119543.5
1730534,IT,SE,AUXIL,WOODW,0.04,2390.799,3,3,2390.799,0.0,0.0,0.0,0.0,59769.975
1760055,IT,BR,OILHA,GASDI,0.01,2390.204,3,3,2390.204,0.0,0.0,0.0,0.0,239020.4
1758736,IT,BR,WHOLE,RUBBE,0.02,2390.149,3,3,2390.149,0.0,0.0,0.0,0.0,119507.45
1721919,IT,PL,RENTI,SUPPO,0.01,2390.043,3,3,2390.043,0.0,0.0,0.0,0.0,239004.3
1747634,IT,JP,SUPPO,TEXTI,0.02,2389.915,3,3,2389.915,0.0,0.0,0.0,0.0,119495.75
1644153,IT,AT,INERT,PREC1,0.02,2389.668,3,3,2389.668,0.0,0.0,0.0,0.0,119483.4
1759202,IT,BR,SUPPO,MACHI,0.02,2389.622,3,3,2389.622,0.0,0.0,0.0,0.0,119481.1
1651824,IT,CY,HOTEL,POSTT,0.02,2389.127,3,3,2389.127,0.0,0.0,0.0,0.0,119456.35
1669563,IT,ES,REALE,DISTR,0.1,2388.979,3,3,2388.979,0.0,0.0,0.0,0.0,23889.79
1644750,IT,BE,FISH5,CHEMI,0.01,2388.917,3,3,2388.917,0.0,0.0,0.0,0.0,238891.7
1650404,IT,BG,ELEC4,PULP5,0.04,2388.843,3,3,2388.843,0.0,0.0,0.0,0.0,59721.075
1787911,IT,WA,BEVER,MACHI,0.01,2388.832,3,3,2388.832,0.0,0.0,0.0,0.0,238883.2
1680738,IT,GR,RETA1,MEDIC,0.02,2388.788,3,3,2388.788,0.0,0.0,0.0,0.0,119439.4
1780708,IT,TW,REALE,PLAST,0.1,2388.781,3,3,2388.781,0.0,0.0,0.0,0.0,23887.81
1651281,IT,CY,FOOD5,MEAT1,0.01,2388.667,3,3,2388.667,0.0,0.0,0.0,0.0,238866.7
1760764,IT,IN,PRINT,BASIC,0.02,2388.666,3,3,2388.666,0.0,0.0,0.0,0.0,119433.3
1802603,IT,WE,AUXIL,NATUR,0.04,2388.499,3,3,2388.499,0.0,0.0,0.0,0.0,59712.475
1797221,IT,WL,FINAN,ALUM1,0.03,2388.078,3,3,2388.078,0.0,0.0,0.0,0.0,79602.6
1748700,IT,CN,FOOD5,BASIC,0.01,2387.908,3,3,2387.908,0.0,0.0,0.0,0.0,238790.8
1640714,IT,AT,TEXTI,CROPS,0.01,2387.894,3,3,2387.894,0.0,0.0,0.0,0.0,238789.4
1737370,IT,GB,FISH5,SUGA1,0.01,2387.793,3,3,2387.793,0.0,0.0,0.0,0.0,238779.3
1724085,IT,PT,WHOLE,RAILW,0.02,2387.646,3,3,2387.646,0.0,0.0,0.0,0.0,119382.3
1683833,IT,HR,MOTO1,WOODW,0.01,2387.496,3,3,2387.496,0.0,0.0,0.0,0.0,238749.6
1793570,IT,WL,MEAT4,PUBLI,0.01,2387.241,3,3,2387.241,0.0,0.0,0.0,0.0,238724.1
1796696,IT,WL,RAILW,FABRI,0.02,2387.101,3,3,2387.101,0.0,0.0,0.0,0.0,119355.05
1689664,IT,IE,POSTT,CEMEN,0.04,2386.975,3,3,2386.975,0.0,0.0,0.0,0.0,59674.375
1779911,IT,TW,CONST,WEARI,0.01,2386.871,3,3,2386.871,0.0,0.0,0.0,0.0,238687.1
1711661,IT,LU,COMPU,RAILW,0.03,2386.861,3,3,2386.861,0.0,0.0,0.0,0.0,79562.033333
1714890,IT,NL,BEVER,PRINT,0.01,2386.744,3,3,2386.744,0.0,0.0,0.0,0.0,238674.4
1779404,IT,TR,REALE,PAPER,0.1,2386.732,3,3,2386.732,0.0,0.0,0.0,0.0,23867.32
1716774,IT,NL,RETA1,ELEC3,0.02,2386.707,3,3,2386.707,0.0,0.0,0.0,0.0,119335.35
1768469,IT,AU,PROCE,SUGA1,0.02,2386.172,3,3,2386.172,0.0,0.0,0.0,0.0,119308.6
1658776,IT,DE,MOTO1,MEATP,0.01,2386.037,3,3,2386.037,0.0,0.0,0.0,0.0,238603.7
1687351,IT,HU,HOTEL,CRUDE,0.02,2386.023,3,3,2386.023,0.0,0.0,0.0,0.0,119301.15
1687593,IT,HU,LANDT,WOOD2,0.02,2386.005,3,3,2386.005,0.0,0.0,0.0,0.0,119300.25
1718513,IT,PL,TEXTI,AIRTR,0.01,2385.999,3,3,2385.999,0.0,0.0,0.0,0.0,238599.9
1736379,IT,SK,LANDT,CHEMI,0.02,2385.985,3,3,2385.985,0.0,0.0,0.0,0.0,119299.25
1727694,IT,RO,COMPU,FOOD5,0.03,2385.946,3,3,2385.946,0.0,0.0,0.0,0.0,79531.533333
1762542,IT,IN,INSUR,AUXIL,0.05,2385.851,3,3,2385.851,0.0,0.0,0.0,0.0,47717.02
1647068,IT,BE,HOTEL,VEGE1,0.02,2385.758,3,3,2385.758,0.0,0.0,0.0,0.0,119287.9
1783556,IT,NO,FOOD1,WHOLE,0.01,2385.69,3,3,2385.69,0.0,0.0,0.0,0.0,238569.0
1648095,IT,BE,RESEA,TEXTI,0.01,2385.63,3,3,2385.63,0.0,0.0,0.0,0.0,238563.0
1687728,IT,HU,SUPPO,GLASS,0.02,2385.588,3,3,2385.588,0.0,0.0,0.0,0.0,119279.4
1677454,IT,FR,INSUR,INERT,0.05,2385.348,3,3,2385.348,0.0,0.0,0.0,0.0,47706.96
1775967,IT,TR,BEVER,ELECT,0.01,2385.315,3,3,2385.315,0.0,0.0,0.0,0.0,238531.5
1717808,IT,NL,FOOD2,FABRI,0.01,2385.305,3,3,2385.305,0.0,0.0,0.0,0.0,238530.5
1782840,IT,NO,LANDT,FOOD5,0.02,2384.959,3,3,2384.959,0.0,0.0,0.0,0.0,119247.95
1808114,IT,WF,WOOD1,CHARC,0.02,2384.855,3,3,2384.855,0.0,0.0,0.0,0.0,119242.75
1766935,IT,RU,MOTO1,DAIRY,0.01,2384.764,3,3,2384.764,0.0,0.0,0.0,0.0,238476.4
1771365,IT,CH,PROCE,COMPU,0.02,2384.716,3,3,2384.716,0.0,0.0,0.0,0.0,119235.8
1769961,IT,AU,TRANS,SUBBI,0.01,2384.671,3,3,2384.671,0.0,0.0,0.0,0.0,238467.1
1640851,IT,AT,LEATH,STONE,0.02,2384.465,3,3,2384.465,0.0,0.0,0.0,0.0,119223.25
1814378,IT,WM,AUXIL,GASDI,0.04,2384.199,3,3,2384.199,0.0,0.0,0.0,0.0,59604.975
1794148,IT,WL,PRINT,WHEAT,0.02,2384.195,3,3,2384.195,0.0,0.0,0.0,0.0,119209.75
1806747,IT,WF,WHOLE,INLAN,0.02,2383.995,3,3,2383.995,0.0,0.0,0.0,0.0,119199.75
1737382,IT,GB,TEXTI,LEATH,0.01,2383.92,3,3,2383.92,0.0,0.0,0.0,0.0,238392.0
1778458,IT,TR,WHOLE,BLAST,0.02,2383.814,3,3,2383.814,0.0,0.0,0.0,0.0,119190.7
1787067,IT,ZA,BUSIN,VEGET,0.02,2383.8,3,3,2383.8,0.0,0.0,0.0,0.0,119190.0
1753988,IT,CA,LANDT,TRAN1,0.02,2383.705,3,3,2383.705,0.0,0.0,0.0,0.0,119185.25
1660449,IT,DE,INSUR,CATTL,0.05,2383.486,3,3,2383.486,0.0,0.0,0.0,0.0,47669.72
1762116,IT,IN,RAILW,LEAD1,0.02,2383.34,3,3,2383.34,0.0,0.0,0.0,0.0,119167.0
1757516,IT,BR,PRINT,FURNI,0.02,2383.322,3,3,2383.322,0.0,0.0,0.0,0.0,119166.1
1768029,IT,RU,BUSIN,PROCE,0.02,2383.235,3,3,2383.235,0.0,0.0,0.0,0.0,119161.75
1651114,IT,BG,COMPU,ELEC3,0.03,2383.17,3,3,2383.17,0.0,0.0,0.0,0.0,79439.0
1771736,IT,CH,LEATH,HEAVY,0.02,2383.122,3,3,2383.122,0.0,0.0,0.0,0.0,119156.1
1714267,IT,MT,BUSIN,MEAT4,0.02,2383.032,3,3,2383.032,0.0,0.0,0.0,0.0,119151.6
1748072,IT,JP,BUSIN,COKE1,0.02,2383.022,3,3,2383.022,0.0,0.0,0.0,0.0,119151.1
1689369,IT,IE,RETA1,RAILW,0.02,2382.943,3,3,2382.943,0.0,0.0,0.0,0.0,119147.15
1661386,IT,DK,MEAT4,COMPU,0.01,2382.941,3,3,2382.941,0.0,0.0,0.0,0.0,238294.1
1734925,IT,SK,PRINT,MEMBE,0.02,2382.794,3,3,2382.794,0.0,0.0,0.0,0.0,119139.7
1803637,IT,WF,FOOD5,NONF1,0.01,2382.69,3,3,2382.69,0.0,0.0,0.0,0.0,238269.0
1769957,IT,AU,TRANS,RAWMI,0.01,2382.683,3,3,2382.683,0.0,0.0,0.0,0.0,238268.3
1783088,IT,NO,INSUR,TRAN2,0.05,2382.476,3,3,2382.476,0.0,0.0,0.0,0.0,47649.52
1648319,IT,BE,EDUCA,MACHI,0.06,2382.411,3,3,2382.411,0.0,0.0,0.0,0.0,39706.85
1689978,IT,IE,REALE,NONME,0.1,2382.396,3,3,2382.396,0.0,0.0,0.0,0.0,23823.96
1806437,IT,WF,TRANS,CHEMI,0.01,2382.302,3,3,2382.302,0.0,0.0,0.0,0.0,238230.2
1774942,IT,CH,INSUR,AUXIL,0.05,2382.229,3,3,2382.229,0.0,0.0,0.0,0.0,47644.58
1724761,IT,PT,RENTI,WEARI,0.01,2382.034,3,3,2382.034,0.0,0.0,0.0,0.0,238203.4
1643911,IT,AT,REALE,RENTI,0.1,2382.025,3,3,2382.025,0.0,0.0,0.0,0.0,23820.25
1784730,IT,ID,WHOLE,CROPS,0.02,2381.629,3,3,2381.629,0.0,0.0,0.0,0.0,119081.45
1749059,IT,CN,LEATH,SEACO,0.02,2381.497,3,3,2381.497,0.0,0.0,0.0,0.0,119074.85
1747340,IT,JP,RETA1,LEATH,0.02,2381.27,3,3,2381.27,0.0,0.0,0.0,0.0,119063.5
1734906,IT,SK,PRINT,COPP1,0.02,2381.217,3,3,2381.217,0.0,0.0,0.0,0.0,119060.85
1717793,IT,NL,PAPE1,PAPE1,0.02,2381.119,3,3,2381.119,0.0,0.0,0.0,0.0,119055.95
1687078,IT,HU,MOTO1,COLLE,0.01,2380.988,3,3,2380.988,0.0,0.0,0.0,0.0,238098.8
1678106,IT,FR,PAPE1,RUBBE,0.02,2380.926,3,3,2380.926,0.0,0.0,0.0,0.0,119046.3
1781590,IT,NO,WEARI,NONF1,0.02,2380.73,3,3,2380.73,0.0,0.0,0.0,0.0,119036.5
1659367,IT,DE,RETAI,INERT,0.02,2380.67,3,3,2380.67,0.0,0.0,0.0,0.0,119033.5
1748223,IT,JP,INTER,FURNI,0.01,2380.524,3,3,2380.524,0.0,0.0,0.0,0.0,238052.4
1758802,IT,BR,RETA1,FURNI,0.02,2380.443,3,3,2380.443,0.0,0.0,0.0,0.0,119022.15
1736018,IT,SK,TRANS,AUXIL,0.01,2380.393,3,3,2380.393,0.0,0.0,0.0,0.0,238039.3
1730325,IT,SE,SUPPO,RAWMI,0.02,2380.142,3,3,2380.142,0.0,0.0,0.0,0.0,119007.1
1761724,IT,IN,MACHI,SUGA1,0.01,2380.041,3,3,2380.041,0.0,0.0,0.0,0.0,238004.1
1720961,IT,PL,WHOLE,CEMEN,0.02,2379.943,3,3,2379.943,0.0,0.0,0.0,0.0,118997.15
1736722,IT,SK,REALE,OFFIC,0.1,2379.915,3,3,2379.915,0.0,0.0,0.0,0.0,23799.15
1716415,IT,NL,MACHI,AIRTR,0.01,2379.885,3,3,2379.885,0.0,0.0,0.0,0.0,237988.5
1667909,IT,ES,MOTO1,ELEC3,0.01,2379.814,3,3,2379.814,0.0,0.0,0.0,0.0,237981.4
1814450,IT,WM,COMPU,PFERT,0.03,2379.706,3,3,2379.706,0.0,0.0,0.0,0.0,79323.533333
1798004,IT,WL,INERT,FOOD5,0.02,2379.556,3,3,2379.556,0.0,0.0,0.0,0.0,118977.8
1727452,IT,RO,AUXIL,RAWMI,0.04,2379.551,3,3,2379.551,0.0,0.0,0.0,0.0,59488.775
1671979,IT,FI,LANDT,BLAST,0.02,2379.459,3,3,2379.459,0.0,0.0,0.0,0.0,118972.95
1675961,IT,FR,ELEC4,TRANS,0.04,2379.326,3,3,2379.326,0.0,0.0,0.0,0.0,59483.15
1754315,IT,CA,INSUR,PULP5,0.05,2379.299,3,3,2379.299,0.0,0.0,0.0,0.0,47585.98
1711651,IT,LU,COMPU,MACHI,0.03,2379.283,3,3,2379.283,0.0,0.0,0.0,0.0,79309.433333
1716625,IT,NL,SALEM,FOODW,0.02,2379.222,3,3,2379.222,0.0,0.0,0.0,0.0,118961.1
1802696,IT,WE,COMPU,BASIC,0.03,2379.143,3,3,2379.143,0.0,0.0,0.0,0.0,79304.766667
1762569,IT,IN,AUXIL,MOTOR,0.04,2379.115,3,3,2379.115,0.0,0.0,0.0,0.0,59477.875
1813230,IT,WM,TRANS,MEATP,0.01,2378.758,3,3,2378.758,0.0,0.0,0.0,0.0,237875.8
1739850,IT,GB,FINAN,BIOGA,0.03,2378.753,3,3,2378.753,0.0,0.0,0.0,0.0,79291.766667
1733448,IT,SI,CONST,RENTI,0.01,2378.509,3,3,2378.509,0.0,0.0,0.0,0.0,237850.9
1798879,IT,WE,BEVER,KEROS,0.01,2378.415,3,3,2378.415,0.0,0.0,0.0,0.0,237841.5
1764425,IT,MX,TRANS,SUPPO,0.01,2378.364,3,3,2378.364,0.0,0.0,0.0,0.0,237836.4
1751771,IT,CN,AUXIL,PFERT,0.04,2378.268,3,3,2378.268,0.0,0.0,0.0,0.0,59456.7
1783517,IT,NO,OILHA,MOTO1,0.01,2378.132,3,3,2378.132,0.0,0.0,0.0,0.0,237813.2
1670045,IT,ES,FOOD1,WOOD1,0.01,2378.097,3,3,2378.097,0.0,0.0,0.0,0.0,237809.7
1752091,IT,CN,BUSIN,BITU1,0.02,2377.984,3,3,2377.984,0.0,0.0,0.0,0.0,118899.2
1756280,IT,KR,MOTO1,DAIRY,0.01,2377.867,3,3,2377.867,0.0,0.0,0.0,0.0,237786.7
1814325,IT,WM,FINAN,PLAST,0.03,2377.844,3,3,2377.844,0.0,0.0,0.0,0.0,79261.466667
1807482,IT,WF,REALE,LANDT,0.1,2377.829,3,3,2377.829,0.0,0.0,0.0,0.0,23778.29
1753860,IT,CA,RETA1,DAIRY,0.02,2377.828,3,3,2377.828,0.0,0.0,0.0,0.0,118891.4
1751175,IT,CN,HOTEL,DAIRY,0.02,2377.661,3,3,2377.661,0.0,0.0,0.0,0.0,118883.05
1778126,IT,TR,MOTO1,RECRE,0.01,2377.553,3,3,2377.553,0.0,0.0,0.0,0.0,237755.3
1661184,IT,DE,93197,LANDT,0.02,2377.245,3,3,2377.245,0.0,0.0,0.0,0.0,118862.25
1787820,IT,WA,FOOD5,WHEAT,0.01,2377.019,3,3,2377.019,0.0,0.0,0.0,0.0,237701.9
1784049,IT,ID,TEXTI,POSTT,0.01,2376.99,3,3,2376.99,0.0,0.0,0.0,0.0,237699.0
1643997,IT,AT,COMPU,93197,0.03,2376.798,3,3,2376.798,0.0,0.0,0.0,0.0,79226.6
1775508,IT,CH,FOOD2,MACHI,0.01,2376.671,3,3,2376.671,0.0,0.0,0.0,0.0,237667.1
1769882,IT,AU,MOTO1,OILSE,0.01,2376.568,3,3,2376.568,0.0,0.0,0.0,0.0,237656.8
1736978,IT,GB,CROPS,HOTEL,0.02,2376.446,3,3,2376.446,0.0,0.0,0.0,0.0,118822.3
1781471,IT,NO,BEVER,TRAN1,0.01,2376.387,3,3,2376.387,0.0,0.0,0.0,0.0,237638.7
1740410,IT,GB,HEALT,RECRE,0.01,2376.356,3,3,2376.356,0.0,0.0,0.0,0.0,237635.6
1716878,IT,NL,HOTEL,ELEC3,0.02,2376.217,3,3,2376.217,0.0,0.0,0.0,0.0,118810.85
1773844,IT,CH,ELEC5,CHEM1,0.03,2376.091,3,3,2376.091,0.0,0.0,0.0,0.0,79203.033333
1736641,IT,SK,FINAN,INSUR,0.03,2376.026,3,3,2376.026,0.0,0.0,0.0,0.0,79200.866667
1764748,IT,MX,HOTEL,DIST1,0.02,2375.933,3,3,2375.933,0.0,0.0,0.0,0.0,118796.65
1736932,IT,SK,HEALT,HEALT,0.01,2375.592,3,3,2375.592,0.0,0.0,0.0,0.0,237559.2
1762035,IT,IN,WHOLE,AIRTR,0.02,2375.514,3,3,2375.514,0.0,0.0,0.0,0.0,118775.7
1802558,IT,WE,FINAN,CEMEN,0.03,2375.419,3,3,2375.419,0.0,0.0,0.0,0.0,79180.633333
1676092,IT,FR,ELEC8,FOOD5,0.03,2375.361,3,3,2375.361,0.0,0.0,0.0,0.0,79178.7
1643017,IT,AT,CONST,ELECT,0.01,2375.293,3,3,2375.293,0.0,0.0,0.0,0.0,237529.3
1806783,IT,WF,RETA1,STONE,0.02,2375.237,3,3,2375.237,0.0,0.0,0.0,0.0,118761.85
1660451,IT,DE,INSUR,POULT,0.05,2375.169,3,3,2375.169,0.0,0.0,0.0,0.0,47503.38
1792452,IT,WA,AUXIL,PFERT,0.04,2375.157,3,3,2375.157,0.0,0.0,0.0,0.0,59378.925
1803987,IT,WF,LEATH,FOUND,0.02,2374.769,3,3,2374.769,0.0,0.0,0.0,0.0,118738.45
1801551,IT,WE,TRANS,PEAT2,0.01,2374.502,3,3,2374.502,0.0,0.0,0.0,0.0,237450.2
1778494,IT,TR,RETA1,OILSE,0.02,2374.143,3,3,2374.143,0.0,0.0,0.0,0.0,118707.15
1722598,IT,PT,TEXTI,POULT,0.01,2374.006,3,3,2374.006,0.0,0.0,0.0,0.0,237400.6
1803655,IT,WF,FOOD5,AUXIL,0.01,2373.884,3,3,2373.884,0.0,0.0,0.0,0.0,237388.4
1690247,IT,IE,FOODW,LEADZ,0.02,2373.851,3,3,2373.851,0.0,0.0,0.0,0.0,118692.55
1670030,IT,ES,FOOD1,PULP5,0.01,2373.778,3,3,2373.778,0.0,0.0,0.0,0.0,237377.8
1743421,IT,US,SALEM,WOOD2,0.02,2373.758,3,3,2373.758,0.0,0.0,0.0,0.0,118687.9
1685143,IT,HU,FOOD5,PAPE4,0.01,2373.744,3,3,2373.744,0.0,0.0,0.0,0.0,237374.4
1677648,IT,FR,REALE,OILHA,0.1,2373.65,3,3,2373.65,0.0,0.0,0.0,0.0,23736.5
1814836,IT,WM,MEMBE,PFERT,0.03,2373.539,3,3,2373.539,0.0,0.0,0.0,0.0,79117.966667
1756547,IT,KR,WHOLE,PRIVA,0.02,2373.523,3,3,2373.523,0.0,0.0,0.0,0.0,118676.15
1665554,IT,ES,LEATH,PAPER,0.02,2373.485,3,3,2373.485,0.0,0.0,0.0,0.0,118674.25
1733562,IT,SI,RETA1,FURNI,0.02,2373.082,3,3,2373.082,0.0,0.0,0.0,0.0,118654.1
1650600,IT,BG,ELEC8,COLLE,0.03,2373.081,3,3,2373.081,0.0,0.0,0.0,0.0,79102.7
1781523,IT,NO,TEXTI,BASIC,0.01,2373.075,3,3,2373.075,0.0,0.0,0.0,0.0,237307.5
1781235,IT,NO,CROPS,CONST,0.02,2373.049,3,3,2373.049,0.0,0.0,0.0,0.0,118652.45
1802270,IT,WE,LANDT,CERAM,0.02,2372.874,3,3,2372.874,0.0,0.0,0.0,0.0,118643.7
1813811,IT,WM,RAILW,RETAI,0.02,2372.697,3,3,2372.697,0.0,0.0,0.0,0.0,118634.85
1767876,IT,RU,AUXIL,EDUCA,0.04,2372.617,3,3,2372.617,0.0,0.0,0.0,0.0,59315.425
1807680,IT,WF,BUSIN,MEAT4,0.02,2372.518,3,3,2372.518,0.0,0.0,0.0,0.0,118625.9
1648356,IT,BE,INTER,TEXT1,0.01,2372.173,3,3,2372.173,0.0,0.0,0.0,0.0,237217.3
1744417,IT,US,AUXIL,NATU1,0.04,2372.159,3,3,2372.159,0.0,0.0,0.0,0.0,59303.975
1740896,IT,US,PROCE,BEVER,0.02,2371.9,3,3,2371.9,0.0,0.0,0.0,0.0,118595.0
1724884,IT,PT,BUSIN,NONF1,0.02,2371.882,3,3,2371.882,0.0,0.0,0.0,0.0,118594.1
1689887,IT,IE,AUXIL,HEAVY,0.04,2371.852,3,3,2371.852,0.0,0.0,0.0,0.0,59296.3
1671973,IT,FI,LANDT,ELEC1,0.02,2371.764,3,3,2371.764,0.0,0.0,0.0,0.0,118588.2
1683960,IT,HR,WHOLE,WOODW,0.02,2371.673,3,3,2371.673,0.0,0.0,0.0,0.0,118583.65
1808785,IT,WF,WOOD2,CEMEN,0.01,2371.542,3,3,2371.542,0.0,0.0,0.0,0.0,237154.2
1643216,IT,AT,HOTEL,NONSP,0.02,2371.371,3,3,2371.371,0.0,0.0,0.0,0.0,118568.55
1660711,IT,DE,RENTI,NONF1,0.01,2370.974,3,3,2370.974,0.0,0.0,0.0,0.0,237097.4
1648360,IT,BE,INTER,FOOD4,0.01,2370.835,3,3,2370.835,0.0,0.0,0.0,0.0,237083.5
1764490,IT,MX,CONST,KEROS,0.01,2370.827,3,3,2370.827,0.0,0.0,0.0,0.0,237082.7
1797665,IT,WL,PAPE1,AIRTR,0.02,2370.303,3,3,2370.303,0.0,0.0,0.0,0.0,118515.15
1775437,IT,CH,HEALT,FABRI,0.01,2370.296,3,3,2370.296,0.0,0.0,0.0,0.0,237029.6
1725153,IT,RO,MEAT1,FOOD5,0.01,2370.282,3,3,2370.282,0.0,0.0,0.0,0.0,237028.2
1744899,IT,US,BUSIN,WHITE,0.02,2370.226,3,3,2370.226,0.0,0.0,0.0,0.0,118511.3
1754170,IT,CA,SUPPO,FOUND,0.02,2370.215,3,3,2370.215,0.0,0.0,0.0,0.0,118510.75
1737386,IT,GB,TEXTI,PRINT,0.01,2370.189,3,3,2370.189,0.0,0.0,0.0,0.0,237018.9
1651806,IT,CY,HOTEL,FOOD5,0.02,2370.09,3,3,2370.09,0.0,0.0,0.0,0.0,118504.5
1717279,IT,NL,POSTT,INLAN,0.04,2369.94,3,3,2369.94,0.0,0.0,0.0,0.0,59248.5
1759832,IT,BR,FOODW,CRUDE,0.02,2369.79,3,3,2369.79,0.0,0.0,0.0,0.0,118489.5
1803279,IT,WF,FORES,RUBBE,0.02,2369.652,4,4,2368.652,0.0,1.0,0.0,0.0,118482.6
1678917,IT,GR,TEXTI,BIODI,0.01,2369.553,3,3,2369.553,0.0,0.0,0.0,0.0,236955.3
1767796,IT,RU,INSUR,LANDT,0.05,2369.394,3,3,2369.394,0.0,0.0,0.0,0.0,47387.88
1747660,IT,JP,POSTT,RUBBE,0.04,2369.367,3,3,2369.367,0.0,0.0,0.0,0.0,59234.175
1760112,IT,BR,FOOD2,ELEC4,0.01,2368.972,3,3,2368.972,0.0,0.0,0.0,0.0,236897.2
1771709,IT,CH,LEATH,SUGAR,0.02,2368.944,3,3,2368.944,0.0,0.0,0.0,0.0,118447.2
1737129,IT,GB,MEAT4,WHOLE,0.01,2368.771,3,3,2368.771,0.0,0.0,0.0,0.0,236877.1
1683752,IT,HR,MACHI,TRAN1,0.01,2368.5,3,3,2368.5,0.0,0.0,0.0,0.0,236850.0
1801568,IT,WE,TRANS,COKEO,0.01,2368.264,3,3,2368.264,0.0,0.0,0.0,0.0,236826.4
1671682,IT,FI,CONST,EDUCA,0.01,2368.025,3,3,2368.025,0.0,0.0,0.0,0.0,236802.5
1734632,IT,SK,TEXTI,LEAD1,0.01,2367.976,3,3,2367.976,0.0,0.0,0.0,0.0,236797.6
1801984,IT,WE,WHOLE,MEATA,0.02,2367.976,3,3,2367.976,0.0,0.0,0.0,0.0,118398.8
1803893,IT,WF,WEARI,MEATP,0.02,2367.768,3,3,2367.768,0.0,0.0,0.0,0.0,118388.4
1748255,IT,JP,OILHA,FOODW,0.01,2367.679,3,3,2367.679,0.0,0.0,0.0,0.0,236767.9
1671648,IT,FI,CONST,TEXTI,0.01,2367.267,3,3,2367.267,0.0,0.0,0.0,0.0,236726.7
1654611,IT,CZ,RAILW,HEALT,0.02,2367.237,3,3,2367.237,0.0,0.0,0.0,0.0,118361.85
1783036,IT,NO,INSUR,STONE,0.05,2366.998,3,3,2366.998,0.0,0.0,0.0,0.0,47339.96
1807661,IT,WF,RESEA,RECRE,0.01,2366.946,3,3,2366.946,0.0,0.0,0.0,0.0,236694.6
1721513,IT,PL,SUPPO,LUBRI,0.02,2366.8,3,3,2366.8,0.0,0.0,0.0,0.0,118340.0
1721691,IT,PL,FINAN,FURNI,0.03,2366.725,3,3,2366.725,0.0,0.0,0.0,0.0,78890.833333
1670016,IT,ES,HEALT,EDUCA,0.01,2366.684,3,3,2366.684,0.0,0.0,0.0,0.0,236668.4
1760534,IT,IN,LEATH,BEVER,0.02,2366.331,3,3,2366.331,0.0,0.0,0.0,0.0,118316.55
1758700,IT,BR,SALEM,REALE,0.02,2366.303,3,3,2366.303,0.0,0.0,0.0,0.0,118315.15
1644900,IT,BE,LEATH,RUBBE,0.02,2366.282,3,3,2366.282,0.0,0.0,0.0,0.0,118314.1
1809503,IT,WM,MEAT4,VEGE1,0.01,2366.262,3,3,2366.262,0.0,0.0,0.0,0.0,236626.2
1734492,IT,SK,MEAT1,LANDT,0.01,2366.259,3,3,2366.259,0.0,0.0,0.0,0.0,236625.9
1750961,IT,CN,SALEM,FABRI,0.02,2366.079,3,3,2366.079,0.0,0.0,0.0,0.0,118303.95
1681112,IT,GR,SUPPO,SALEM,0.02,2365.955,3,3,2365.955,0.0,0.0,0.0,0.0,118297.75
1808464,IT,WF,FOOD4,RUBBE,0.02,2365.939,3,3,2365.939,0.0,0.0,0.0,0.0,118296.95
1711952,IT,LU,INERT,RUBBE,0.02,2365.936,3,3,2365.936,0.0,0.0,0.0,0.0,118296.8
1722852,IT,PT,PRINT,BIODI,0.02,2365.935,3,3,2365.935,0.0,0.0,0.0,0.0,118296.75
1640824,IT,AT,WEARI,POSTT,0.02,2365.879,3,3,2365.879,0.0,0.0,0.0,0.0,118293.95
1730485,IT,SE,POSTT,INERT,0.04,2365.865,3,3,2365.865,0.0,0.0,0.0,0.0,59146.625
1722651,IT,PT,TEXTI,WASTE,0.01,2365.865,3,3,2365.865,0.0,0.0,0.0,0.0,236586.5
1744771,IT,US,RESEA,NFERT,0.01,2365.795,3,3,2365.795,0.0,0.0,0.0,0.0,236579.5
1784901,IT,ID,POSTT,PRINT,0.04,2365.794,3,3,2365.794,0.0,0.0,0.0,0.0,59144.85
1689192,IT,IE,RETAI,PULP5,0.02,2365.654,3,3,2365.654,0.0,0.0,0.0,0.0,118282.7
1807442,IT,WF,AUXIL,DISTR,0.04,2365.248,3,3,2365.248,0.0,0.0,0.0,0.0,59131.2
1748163,IT,JP,FOODW,CERAM,0.02,2365.11,3,3,2365.11,0.0,0.0,0.0,0.0,118255.5
1781518,IT,NO,TEXTI,PLAST,0.01,2365.076,3,3,2365.076,0.0,0.0,0.0,0.0,236507.6
1743238,IT,US,TRANS,EDUCA,0.01,2365.066,3,3,2365.066,0.0,0.0,0.0,0.0,236506.6
1654219,IT,CZ,MOTO1,PLAS2,0.01,2364.984,3,3,2364.984,0.0,0.0,0.0,0.0,236498.4
1803890,IT,WF,WEARI,SANDC,0.02,2364.983,3,3,2364.983,0.0,0.0,0.0,0.0,118249.15
1814733,IT,WM,OILHA,RETA1,0.01,2364.677,3,3,2364.677,0.0,0.0,0.0,0.0,236467.7
1748172,IT,JP,FOODW,ELEC1,0.02,2364.509,3,3,2364.509,0.0,0.0,0.0,0.0,118225.45
1763350,IT,MX,PRINT,WEARI,0.02,2364.503,3,3,2364.503,0.0,0.0,0.0,0.0,118225.15
1780769,IT,TW,RENTI,COPP1,0.01,2364.274,3,3,2364.274,0.0,0.0,0.0,0.0,236427.4
1650400,IT,BG,ELEC4,TEXTI,0.04,2363.846,3,3,2363.846,0.0,0.0,0.0,0.0,59096.15
1643716,IT,AT,SUPPO,LEAD1,0.02,2363.632,3,3,2363.632,0.0,0.0,0.0,0.0,118181.6
1738730,IT,GB,MACHI,EDUCA,0.01,2363.502,3,3,2363.502,0.0,0.0,0.0,0.0,236350.2
1690076,IT,IE,RENTI,ELEC2,0.01,2363.223,3,3,2363.223,0.0,0.0,0.0,0.0,236322.3
1752262,IT,CA,FORES,FURNI,0.02,2363.216,4,4,2362.216,0.0,1.0,0.0,0.0,118160.8
1740528,IT,GB,RECRE,RENTI,0.03,2363.213,3,3,2363.213,0.0,0.0,0.0,0.0,78773.766667
1736967,IT,GB,CROPS,MEAT1,0.02,2363.131,3,3,2363.131,0.0,0.0,0.0,0.0,118156.55
1650193,IT,BG,TRANS,GLASS,0.01,2363.111,3,3,2363.111,0.0,0.0,0.0,0.0,236311.1
1796397,IT,WL,WHOLE,BIOGA,0.02,2363.073,3,3,2363.073,0.0,0.0,0.0,0.0,118153.65
1740932,IT,US,FOOD5,OFFIC,0.01,2363.022,3,3,2363.022,0.0,0.0,0.0,0.0,236302.2
1682091,IT,HR,TEXTI,HYDRO,0.01,2362.993,3,3,2362.993,0.0,0.0,0.0,0.0,236299.3
1759557,IT,BR,COMPU,PLAST,0.03,2362.906,3,3,2362.906,0.0,0.0,0.0,0.0,78763.533333
1744837,IT,US,RESEA,FOODW,0.01,2362.671,3,3,2362.671,0.0,0.0,0.0,0.0,236267.1
1786833,IT,ZA,HOTEL,AUXIL,0.02,2362.659,3,3,2362.659,0.0,0.0,0.0,0.0,118132.95
1723961,IT,PT,SALEM,BASIC,0.02,2362.601,3,3,2362.601,0.0,0.0,0.0,0.0,118130.05
1665383,IT,ES,TEXTI,KERO1,0.01,2362.569,3,3,2362.569,0.0,0.0,0.0,0.0,236256.9
1748205,IT,JP,PAPE1,ELEC1,0.02,2362.379,3,3,2362.379,0.0,0.0,0.0,0.0,118118.95
1688206,IT,HU,EDUCA,EDUCA,0.06,2362.37,3,3,2362.37,0.0,0.0,0.0,0.0,39372.833333
1688017,IT,HU,RENTI,INTER,0.01,2362.361,3,3,2362.361,0.0,0.0,0.0,0.0,236236.1
1663798,IT,EE,BEVER,RAILW,0.01,2362.318,3,3,2362.318,0.0,0.0,0.0,0.0,236231.8
1799084,IT,WE,WEARI,SUGAR,0.02,2361.88,3,3,2361.88,0.0,0.0,0.0,0.0,118094.0
1783054,IT,NO,INSUR,HEAVY,0.05,2361.695,3,3,2361.695,0.0,0.0,0.0,0.0,47233.9
1689726,IT,IE,FINAN,CEMEN,0.03,2361.587,3,3,2361.587,0.0,0.0,0.0,0.0,78719.566667
1759565,IT,BR,COMPU,CERAM,0.03,2361.276,3,3,2361.276,0.0,0.0,0.0,0.0,78709.2
1668455,IT,ES,RETA1,PLAS1,0.02,2361.108,3,3,2361.108,0.0,0.0,0.0,0.0,118055.4
1757388,IT,BR,LEATH,FURNI,0.02,2361.041,3,3,2361.041,0.0,0.0,0.0,0.0,118052.05
1738648,IT,GB,MACHI,CHEMI,0.01,2360.814,3,3,2360.814,0.0,0.0,0.0,0.0,236081.4
1793401,IT,WL,CROPS,MEAT4,0.02,2360.749,3,3,2360.749,0.0,0.0,0.0,0.0,118037.45
1751153,IT,CN,HOTEL,RAWMI,0.02,2360.695,3,3,2360.695,0.0,0.0,0.0,0.0,118034.75
1710160,IT,LT,MACHI,LEAD1,0.01,2360.666,3,3,2360.666,0.0,0.0,0.0,0.0,236066.6
1668425,IT,ES,RETA1,ELEC6,0.02,2360.594,3,3,2360.594,0.0,0.0,0.0,0.0,118029.7
1740263,IT,GB,BUSIN,INLAN,0.02,2360.355,3,3,2360.355,0.0,0.0,0.0,0.0,118017.75
1644141,IT,AT,FOOD2,TRAN1,0.01,2360.221,3,3,2360.221,0.0,0.0,0.0,0.0,236022.1
1756993,IT,KR,COMPU,REALE,0.03,2360.199,3,3,2360.199,0.0,0.0,0.0,0.0,78673.3
1671674,IT,FI,CONST,FINAN,0.01,2360.078,3,3,2360.078,0.0,0.0,0.0,0.0,236007.8
1762502,IT,IN,INSUR,LEATH,0.05,2359.742,3,3,2359.742,0.0,0.0,0.0,0.0,47194.84
1660303,IT,DE,POSTT,FOODW,0.04,2359.621,3,3,2359.621,0.0,0.0,0.0,0.0,58990.525
1810243,IT,WM,LEATH,LUBRI,0.02,2359.408,3,3,2359.408,0.0,0.0,0.0,0.0,117970.4
1743434,IT,US,RETAI,RESEA,0.02,2359.39,3,3,2359.39,0.0,0.0,0.0,0.0,117969.5
1807733,IT,WF,PUBLI,PIGS9,0.04,2358.99,3,3,2358.99,0.0,0.0,0.0,0.0,58974.75
1659556,IT,DE,RETA1,PLAS2,0.02,2358.437,3,3,2358.437,0.0,0.0,0.0,0.0,117921.85
1668358,IT,ES,WHOLE,RECRE,0.02,2358.287,3,3,2358.287,0.0,0.0,0.0,0.0,117914.35
1759386,IT,BR,INSUR,CEREA,0.05,2358.097,3,3,2358.097,0.0,0.0,0.0,0.0,47161.94
1779119,IT,TR,SUPPO,RENTI,0.02,2358.048,3,3,2358.048,0.0,0.0,0.0,0.0,117902.4
1681470,IT,GR,COMPU,RAILW,0.03,2357.979,3,3,2357.979,0.0,0.0,0.0,0.0,78599.3
1668798,IT,ES,LANDT,WOOD1,0.02,2357.733,3,3,2357.733,0.0,0.0,0.0,0.0,117886.65
1725025,IT,RO,PADDY,PADDY,0.02,2357.726,3,3,2357.726,0.0,0.0,0.0,0.0,117886.3
1774770,IT,CH,POSTT,CHEMI,0.04,2357.639,3,3,2357.639,0.0,0.0,0.0,0.0,58940.975
1728653,IT,SE,PRINT,RADIO,0.02,2357.617,3,3,2357.617,0.0,0.0,0.0,0.0,117880.85
1784788,IT,ID,HOTEL,GASDI,0.02,2357.019,3,3,2357.019,0.0,0.0,0.0,0.0,117850.95
1814798,IT,WM,PAPE4,INSUR,0.02,2357.007,3,3,2357.007,0.0,0.0,0.0,0.0,117850.35
1689107,IT,IE,SALEM,MEATA,0.02,2356.752,3,3,2356.752,0.0,0.0,0.0,0.0,117837.6
1734583,IT,SK,BEVER,PAPER,0.01,2356.67,3,3,2356.67,0.0,0.0,0.0,0.0,235667.0
1747646,IT,JP,SUPPO,PUBLI,0.02,2356.495,3,3,2356.495,0.0,0.0,0.0,0.0,117824.75
1684034,IT,HR,HOTEL,SUGA1,0.02,2356.407,3,3,2356.407,0.0,0.0,0.0,0.0,117820.35
1814748,IT,WM,FOOD2,NATU1,0.01,2356.287,3,3,2356.287,0.0,0.0,0.0,0.0,235628.7
1807702,IT,WF,BUSIN,OFFIC,0.02,2356.275,3,3,2356.275,0.0,0.0,0.0,0.0,117813.75
1647055,IT,BE,HOTEL,WHEAT,0.02,2355.82,3,3,2355.82,0.0,0.0,0.0,0.0,117791.0
1751760,IT,CN,AUXIL,FOOD5,0.04,2355.79,3,3,2355.79,0.0,0.0,0.0,0.0,58894.75
1760759,IT,IN,PRINT,PLAST,0.02,2355.73,3,3,2355.73,0.0,0.0,0.0,0.0,117786.5
1711725,IT,LU,BUSIN,TRAN1,0.02,2355.674,3,3,2355.674,0.0,0.0,0.0,0.0,117783.7
1676661,IT,FR,RAILW,CATTL,0.02,2355.635,3,3,2355.635,0.0,0.0,0.0,0.0,117781.75
1785075,IT,ZA,MEATA,MACHI,0.01,2355.242,3,3,2355.242,0.0,0.0,0.0,0.0,235524.2
1743798,IT,US,LANDT,ELEC8,0.02,2355.222,3,3,2355.222,0.0,0.0,0.0,0.0,117761.1
1730653,IT,SE,RENTI,TRAN2,0.01,2355.198,3,3,2355.198,0.0,0.0,0.0,0.0,235519.8
1767896,IT,RU,REALE,RETA1,0.1,2355.157,3,3,2355.157,0.0,0.0,0.0,0.0,23551.57
1687822,IT,HU,POSTT,RESEA,0.04,2354.792,3,3,2354.792,0.0,0.0,0.0,0.0,58869.8
1714030,IT,MT,HOTEL,RUBBE,0.02,2354.727,3,3,2354.727,0.0,0.0,0.0,0.0,117736.35
1755129,IT,KR,LEATH,BRICK,0.02,2354.622,3,3,2354.622,0.0,0.0,0.0,0.0,117731.1
1656198,IT,DE,TEXTI,FOUND,0.01,2354.619,3,3,2354.619,0.0,0.0,0.0,0.0,235461.9
1813613,IT,WM,WHOLE,PRIVA,0.02,2354.596,3,3,2354.596,0.0,0.0,0.0,0.0,117729.8
1793094,IT,WA,WOOD2,SEACO,0.01,2354.494,3,3,2354.494,0.0,0.0,0.0,0.0,235449.4
1814638,IT,WM,PAPE1,CRUDE,0.02,2354.281,3,3,2354.281,0.0,0.0,0.0,0.0,117714.05
1804004,IT,WF,LEATH,PUBLI,0.02,2354.224,3,3,2354.224,0.0,0.0,0.0,0.0,117711.2
1775489,IT,CH,INTER,POSTT,0.01,2354.181,3,3,2354.181,0.0,0.0,0.0,0.0,235418.1
1799102,IT,WE,WEARI,IRONO,0.02,2354.166,3,3,2354.166,0.0,0.0,0.0,0.0,117708.3
1788349,IT,WA,LEATH,PAPE4,0.02,2354.094,3,3,2354.094,0.0,0.0,0.0,0.0,117704.7
1738819,IT,GB,MOTO1,COPP1,0.01,2353.959,3,3,2353.959,0.0,0.0,0.0,0.0,235395.9
1806993,IT,WF,LANDT,LEAD1,0.02,2353.928,3,3,2353.928,0.0,0.0,0.0,0.0,117696.4
1714344,IT,MT,WOOD2,FOOD5,0.01,2353.921,3,3,2353.921,0.0,0.0,0.0,0.0,235392.1
1680846,IT,GR,LANDT,CROPS,0.02,2353.91,3,3,2353.91,0.0,0.0,0.0,0.0,117695.5
1765366,IT,RU,BEVER,PLAST,0.01,2353.872,3,3,2353.872,0.0,0.0,0.0,0.0,235387.2
1792652,IT,WA,RESEA,HEAVY,0.01,2353.632,3,3,2353.632,0.0,0.0,0.0,0.0,235363.2
1784207,IT,ID,PRINT,EDUCA,0.02,2353.609,3,3,2353.609,0.0,0.0,0.0,0.0,117680.45
1710427,IT,LT,LANDT,CRUDE,0.02,2353.552,3,3,2353.552,0.0,0.0,0.0,0.0,117677.6
1762158,IT,IN,LANDT,MEDIC,0.02,2353.424,3,3,2353.424,0.0,0.0,0.0,0.0,117671.2
1670024,IT,ES,OILHA,PLAS2,0.01,2353.324,3,3,2353.324,0.0,0.0,0.0,0.0,235332.4
1714263,IT,MT,BUSIN,FISHF,0.02,2353.274,3,3,2353.274,0.0,0.0,0.0,0.0,117663.7
1646830,IT,BE,RETAI,VEGET,0.02,2353.152,3,3,2353.152,0.0,0.0,0.0,0.0,117657.6
1757316,IT,BR,FOOD5,93197,0.01,2353.056,3,3,2353.056,0.0,0.0,0.0,0.0,235305.6
1744482,IT,US,AUXIL,RECRE,0.04,2353.005,3,3,2353.005,0.0,0.0,0.0,0.0,58825.125
1808635,IT,WF,PLAS2,MEMBE,0.02,2352.927,3,3,2352.927,0.0,0.0,0.0,0.0,117646.35
1684116,IT,HR,RAILW,RUBBE,0.02,2352.826,3,3,2352.826,0.0,0.0,0.0,0.0,117641.3
1714662,IT,NL,MEAT4,GASDI,0.01,2352.734,3,3,2352.734,0.0,0.0,0.0,0.0,235273.4
1780874,IT,TW,RESEA,PULP5,0.01,2352.732,3,3,2352.732,0.0,0.0,0.0,0.0,235273.2
1724062,IT,PT,WHOLE,ALUM1,0.02,2352.725,3,3,2352.725,0.0,0.0,0.0,0.0,117636.25
1734247,IT,SI,COMPU,FABRI,0.03,2352.582,3,3,2352.582,0.0,0.0,0.0,0.0,78419.4
1752096,IT,CN,BUSIN,NFERT,0.02,2352.454,3,3,2352.454,0.0,0.0,0.0,0.0,117622.7
1724257,IT,PT,LANDT,TOBAC,0.02,2352.397,3,3,2352.397,0.0,0.0,0.0,0.0,117619.85
1721795,IT,PL,AUXIL,LANDT,0.04,2351.994,3,3,2351.994,0.0,0.0,0.0,0.0,58799.85
1671878,IT,FI,HOTEL,DISTR,0.02,2351.913,3,3,2351.913,0.0,0.0,0.0,0.0,117595.65
1759198,IT,BR,SUPPO,LIQUI,0.02,2351.862,3,3,2351.862,0.0,0.0,0.0,0.0,117593.1
1730676,IT,SE,RENTI,INERT,0.01,2351.518,3,3,2351.518,0.0,0.0,0.0,0.0,235151.8
1660186,IT,DE,SUPPO,COLLE,0.02,2351.381,3,3,2351.381,0.0,0.0,0.0,0.0,117569.05
1793143,IT,WA,93197,CROPS,0.02,2351.337,3,3,2351.337,0.0,0.0,0.0,0.0,117566.85
1726598,IT,RO,MOTO1,MEATC,0.01,2350.986,3,3,2350.986,0.0,0.0,0.0,0.0,235098.6
1796052,IT,WL,TRANS,IRONO,0.01,2350.965,3,3,2350.965,0.0,0.0,0.0,0.0,235096.5
1779079,IT,TR,SUPPO,WOODW,0.02,2350.855,3,3,2350.855,0.0,0.0,0.0,0.0,117542.75
1761701,IT,IN,MACHI,CEREA,0.01,2350.833,3,3,2350.833,0.0,0.0,0.0,0.0,235083.3
1752481,IT,CA,PROCE,CHEM1,0.02,2350.83,3,3,2350.83,0.0,0.0,0.0,0.0,117541.5
1681145,IT,GR,POSTT,PLANT,0.04,2350.771,3,3,2350.771,0.0,0.0,0.0,0.0,58769.275
1752704,IT,CA,LEATH,BITU1,0.02,2350.719,3,3,2350.719,0.0,0.0,0.0,0.0,117535.95
1730130,IT,SE,RAILW,MACHI,0.02,2350.706,3,3,2350.706,0.0,0.0,0.0,0.0,117535.3
1689950,IT,IE,REALE,SANDC,0.1,2350.647,3,3,2350.647,0.0,0.0,0.0,0.0,23506.47
1717777,IT,NL,HEALT,RESEA,0.01,2350.59,3,3,2350.59,0.0,0.0,0.0,0.0,235059.0
1725011,IT,PT,FOOD4,COPP1,0.02,2350.532,3,3,2350.532,0.0,0.0,0.0,0.0,117526.6
1648523,IT,BG,FORES,CROPS,0.02,2350.208,4,4,2349.208,0.0,1.0,0.0,0.0,117510.4
1725733,IT,RO,PRINT,WHEAT,0.02,2350.189,3,3,2350.189,0.0,0.0,0.0,0.0,117509.45
1670006,IT,ES,HEALT,SALEM,0.01,2350.038,3,3,2350.038,0.0,0.0,0.0,0.0,235003.8
1807000,IT,WF,LANDT,RADIO,0.02,2349.996,3,3,2349.996,0.0,0.0,0.0,0.0,117499.8
1759204,IT,BR,SUPPO,RADIO,0.02,2349.7,3,3,2349.7,0.0,0.0,0.0,0.0,117485.0
1782658,IT,NO,SALEM,93197,0.02,2349.666,3,3,2349.666,0.0,0.0,0.0,0.0,117483.3
1689738,IT,IE,FINAN,COLLE,0.03,2349.628,3,3,2349.628,0.0,0.0,0.0,0.0,78320.933333
1687384,IT,HU,HOTEL,FOUND,0.02,2349.602,3,3,2349.602,0.0,0.0,0.0,0.0,117480.1
1670134,IT,ES,INERT,ELEC3,0.02,2349.587,3,3,2349.587,0.0,0.0,0.0,0.0,117479.35
1727748,IT,RO,RESEA,RAILW,0.01,2349.537,3,3,2349.537,0.0,0.0,0.0,0.0,234953.7
1770407,IT,AU,LANDT,RESEA,0.02,2349.385,3,3,2349.385,0.0,0.0,0.0,0.0,117469.25
1756818,IT,KR,SUPPO,HOTEL,0.02,2349.345,3,3,2349.345,0.0,0.0,0.0,0.0,117467.25
1783545,IT,NO,FOOD1,PLAST,0.01,2349.343,3,3,2349.343,0.0,0.0,0.0,0.0,234934.3
1727804,IT,RO,BUSIN,CERAM,0.02,2349.274,3,3,2349.274,0.0,0.0,0.0,0.0,117463.7
1728341,IT,SE,TEXTI,MEATC,0.01,2349.029,3,3,2349.029,0.0,0.0,0.0,0.0,234902.9
1814805,IT,WM,PAPE4,93197,0.02,2349.018,3,3,2349.018,0.0,0.0,0.0,0.0,117450.9
1690238,IT,IE,BUSIN,PAPE4,0.02,2348.973,3,3,2348.973,0.0,0.0,0.0,0.0,117448.65
1664454,IT,EE,MACHI,PUBLI,0.01,2348.942,3,3,2348.942,0.0,0.0,0.0,0.0,234894.2
1677557,IT,FR,REALE,POULT,0.1,2348.771,3,3,2348.771,0.0,0.0,0.0,0.0,23487.71
1767845,IT,RU,AUXIL,ELECT,0.04,2348.749,3,3,2348.749,0.0,0.0,0.0,0.0,58718.725
1755094,IT,KR,LEATH,CHEMI,0.02,2348.706,3,3,2348.706,0.0,0.0,0.0,0.0,117435.3
1660335,IT,DE,FINAN,MEAT4,0.03,2348.467,3,3,2348.467,0.0,0.0,0.0,0.0,78282.233333
1765424,IT,RU,TEXTI,PLAST,0.01,2348.428,3,3,2348.428,0.0,0.0,0.0,0.0,234842.8
1748227,IT,JP,INTER,MEMBE,0.01,2348.398,3,3,2348.398,0.0,0.0,0.0,0.0,234839.8
1654142,IT,CZ,MOTO1,TOBAC,0.01,2348.364,3,3,2348.364,0.0,0.0,0.0,0.0,234836.4
1778318,IT,TR,SALEM,INLAN,0.02,2348.353,3,3,2348.353,0.0,0.0,0.0,0.0,117417.65
1775438,IT,CH,HEALT,WHOLE,0.01,2348.021,3,3,2348.021,0.0,0.0,0.0,0.0,234802.1
1784765,IT,ID,RETA1,SEACO,0.02,2348.002,3,3,2348.002,0.0,0.0,0.0,0.0,117400.1
1806569,IT,WF,CONST,IRONO,0.01,2347.983,3,3,2347.983,0.0,0.0,0.0,0.0,234798.3
1646617,IT,BE,MOTO1,FOODW,0.01,2347.945,3,3,2347.945,0.0,0.0,0.0,0.0,234794.5
1687792,IT,HU,POSTT,CHEM1,0.04,2347.777,3,3,2347.777,0.0,0.0,0.0,0.0,58694.425
1644155,IT,AT,INERT,DIST1,0.02,2347.722,3,3,2347.722,0.0,0.0,0.0,0.0,117386.1
1648729,IT,BG,FOOD5,RETAI,0.01,2347.491,3,3,2347.491,0.0,0.0,0.0,0.0,234749.1
1751548,IT,CN,POSTT,NATUR,0.04,2347.45,3,3,2347.45,0.0,0.0,0.0,0.0,58686.25
1764390,IT,MX,MOTO1,ELEC2,0.01,2347.376,3,3,2347.376,0.0,0.0,0.0,0.0,234737.6
1797229,IT,WL,FINAN,TRAN1,0.03,2347.309,3,3,2347.309,0.0,0.0,0.0,0.0,78243.633333
1784761,IT,ID,RETA1,MACHI,0.02,2347.1,3,3,2347.1,0.0,0.0,0.0,0.0,117355.0
1711946,IT,LU,PAPE4,FABRI,0.02,2347.043,3,3,2347.043,0.0,0.0,0.0,0.0,117352.15
1792857,IT,WA,EDUCA,NONF1,0.06,2346.911,3,3,2346.911,0.0,0.0,0.0,0.0,39115.183333
1744683,IT,US,COMPU,ELECT,0.03,2346.755,3,3,2346.755,0.0,0.0,0.0,0.0,78225.166667
1711890,IT,LU,OILHA,FABRI,0.01,2346.449,3,3,2346.449,0.0,0.0,0.0,0.0,234644.9
1762815,IT,IN,PUBLI,PFERT,0.04,2346.254,3,3,2346.254,0.0,0.0,0.0,0.0,58656.35
1755028,IT,KR,WEARI,ADDIT,0.02,2346.245,3,3,2346.245,0.0,0.0,0.0,0.0,117312.25
1778096,IT,TR,MOTO1,NONF1,0.01,2346.184,3,3,2346.184,0.0,0.0,0.0,0.0,234618.4
1751513,IT,CN,SUPPO,FOUND,0.02,2346.045,3,3,2346.045,0.0,0.0,0.0,0.0,117302.25
1730907,IT,SE,INTER,COPPE,0.01,2345.948,3,3,2345.948,0.0,0.0,0.0,0.0,234594.8
1754388,IT,CA,RENTI,PIGS9,0.01,2345.915,3,3,2345.915,0.0,0.0,0.0,0.0,234591.5
1648878,IT,BG,TEXTI,MOTO1,0.01,2345.597,3,3,2345.597,0.0,0.0,0.0,0.0,234559.7
1679000,IT,GR,LEATH,COMPU,0.02,2345.496,3,3,2345.496,0.0,0.0,0.0,0.0,117274.8
1689698,IT,IE,POSTT,RECRE,0.04,2345.391,3,3,2345.391,0.0,0.0,0.0,0.0,58634.775
1652150,IT,CZ,MEAT4,REALE,0.01,2345.308,3,3,2345.308,0.0,0.0,0.0,0.0,234530.8
1752339,IT,CA,MEAT4,MEAT4,0.01,2345.207,3,3,2345.207,0.0,0.0,0.0,0.0,234520.7
1730040,IT,SE,WHOLE,LEAD1,0.02,2345.171,3,3,2345.171,0.0,0.0,0.0,0.0,117258.55
1778432,IT,TR,WHOLE,GLASS,0.02,2345.074,3,3,2345.074,0.0,0.0,0.0,0.0,117253.7
1718614,IT,PL,LEATH,ALUM1,0.02,2344.981,3,3,2344.981,0.0,0.0,0.0,0.0,117249.05
1802187,IT,WE,HOTEL,TRAN1,0.02,2344.805,3,3,2344.805,0.0,0.0,0.0,0.0,117240.25
1664672,IT,EE,LANDT,INERT,0.02,2344.559,3,3,2344.559,0.0,0.0,0.0,0.0,117227.95
1648362,IT,BE,INTER,PLAS2,0.01,2344.286,3,3,2344.286,0.0,0.0,0.0,0.0,234428.6
1754823,IT,KR,FOOD5,POSTT,0.01,2344.254,3,3,2344.254,0.0,0.0,0.0,0.0,234425.4
1765113,IT,MX,COMPU,FURNI,0.03,2343.79,3,3,2343.79,0.0,0.0,0.0,0.0,78126.333333
1672243,IT,FI,REALE,CONST,0.1,2343.67,3,3,2343.67,0.0,0.0,0.0,0.0,23436.7
1689387,IT,IE,RETA1,SEWAG,0.02,2343.642,3,3,2343.642,0.0,0.0,0.0,0.0,117182.1
1767212,IT,RU,RETA1,ELEC1,0.02,2343.604,3,3,2343.604,0.0,0.0,0.0,0.0,117180.2
1734148,IT,SI,AUXIL,BUSIN,0.04,2343.586,3,3,2343.586,0.0,0.0,0.0,0.0,58589.65
1767820,IT,RU,AUXIL,FORES,0.04,2343.408,3,3,2343.408,0.0,0.0,0.0,0.0,58585.2
1782794,IT,NO,HOTEL,COPP1,0.02,2343.318,3,3,2343.318,0.0,0.0,0.0,0.0,117165.9
1728328,IT,SE,TEXTI,VEGET,0.01,2343.137,3,3,2343.137,0.0,0.0,0.0,0.0,234313.7
1730533,IT,SE,AUXIL,FISH5,0.04,2342.914,3,3,2342.914,0.0,0.0,0.0,0.0,58572.85
1712905,IT,LV,REALE,SEACO,0.1,2342.898,3,3,2342.898,0.0,0.0,0.0,0.0,23428.98
1776099,IT,TR,WEARI,RENTI,0.02,2342.893,3,3,2342.893,0.0,0.0,0.0,0.0,117144.65
1807319,IT,WF,POSTT,TRAN1,0.04,2342.726,3,3,2342.726,0.0,0.0,0.0,0.0,58568.15
1684633,IT,HR,FOOD4,PAPE4,0.02,2342.703,3,3,2342.703,0.0,0.0,0.0,0.0,117135.15
1807645,IT,WF,RESEA,RAILW,0.01,2342.594,3,3,2342.594,0.0,0.0,0.0,0.0,234259.4
1791408,IT,WA,WHOLE,ANTHR,0.02,2342.53,3,3,2342.53,0.0,0.0,0.0,0.0,117126.5
1729995,IT,SE,SALEM,GASDI,0.02,2342.507,3,3,2342.507,0.0,0.0,0.0,0.0,117125.35
1814492,IT,WM,RESEA,KERO1,0.01,2342.474,3,3,2342.474,0.0,0.0,0.0,0.0,234247.4
1778133,IT,TR,TRANS,NONME,0.01,2342.437,3,3,2342.437,0.0,0.0,0.0,0.0,234243.7
1757192,IT,BR,MEAT4,PFERT,0.01,2342.271,3,3,2342.271,0.0,0.0,0.0,0.0,234227.1
1754303,IT,CA,INSUR,COKIN,0.05,2342.251,3,3,2342.251,0.0,0.0,0.0,0.0,46845.02
1783543,IT,NO,OILHA,WOOD2,0.01,2342.175,3,3,2342.175,0.0,0.0,0.0,0.0,234217.5
1668365,IT,ES,RETA1,CATTL,0.02,2342.084,3,3,2342.084,0.0,0.0,0.0,0.0,117104.2
1793053,IT,WA,PAPE4,STONE,0.02,2342.066,3,3,2342.066,0.0,0.0,0.0,0.0,117103.3
1712642,IT,LV,MOTO1,PUBLI,0.01,2341.989,3,3,2341.989,0.0,0.0,0.0,0.0,234198.9
1652844,IT,CZ,PRINT,FINAN,0.02,2341.773,3,3,2341.773,0.0,0.0,0.0,0.0,117088.65
1770584,IT,AU,POSTT,FABRI,0.04,2341.725,3,3,2341.725,0.0,0.0,0.0,0.0,58543.125
1814642,IT,WM,PAPE1,CHEM1,0.02,2341.721,3,3,2341.721,0.0,0.0,0.0,0.0,117086.05
1652521,IT,CZ,WEARI,RAILW,0.02,2341.701,3,3,2341.701,0.0,0.0,0.0,0.0,117085.05
1684504,IT,HR,BUSIN,WHEAT,0.02,2341.497,3,3,2341.497,0.0,0.0,0.0,0.0,117074.85
1670230,IT,ES,93197,MOTO1,0.02,2341.469,3,3,2341.469,0.0,0.0,0.0,0.0,117073.45
1792149,IT,WA,SUPPO,FISH5,0.02,2341.437,3,3,2341.437,0.0,0.0,0.0,0.0,117071.85
1765066,IT,MX,INSUR,AUXIL,0.05,2341.352,3,3,2341.352,0.0,0.0,0.0,0.0,46827.04
1664760,IT,EE,BUSIN,CONST,0.02,2340.776,3,3,2340.776,0.0,0.0,0.0,0.0,117038.8
1664444,IT,EE,MACHI,AIRTR,0.01,2340.737,3,3,2340.737,0.0,0.0,0.0,0.0,234073.7
1808788,IT,WF,WOOD2,ALUM1,0.01,2340.734,3,3,2340.734,0.0,0.0,0.0,0.0,234073.4
1724185,IT,PT,HOTEL,BIODI,0.02,2340.708,3,3,2340.708,0.0,0.0,0.0,0.0,117035.4
1759873,IT,BR,PAPE1,FISHF,0.02,2340.697,3,3,2340.697,0.0,0.0,0.0,0.0,117034.85
1756283,IT,KR,MOTO1,TOBAC,0.01,2340.61,3,3,2340.61,0.0,0.0,0.0,0.0,234061.0
1809127,IT,WM,CROPS,MEDIC,0.02,2340.599,3,3,2340.599,0.0,0.0,0.0,0.0,117029.95
1714313,IT,MT,EDUCA,MOTO1,0.06,2340.551,3,3,2340.551,0.0,0.0,0.0,0.0,39009.183333
1681459,IT,GR,COMPU,BASIC,0.03,2340.452,3,3,2340.452,0.0,0.0,0.0,0.0,78015.066667
1710288,IT,LT,TRANS,PRINT,0.01,2340.242,3,3,2340.242,0.0,0.0,0.0,0.0,234024.2
1768231,IT,RU,EDUCA,FINAN,0.06,2340.166,3,3,2340.166,0.0,0.0,0.0,0.0,39002.766667
1689142,IT,IE,SALEM,SECO9,0.02,2339.986,3,3,2339.986,0.0,0.0,0.0,0.0,116999.3
1760026,IT,BR,TEXT1,WASTE,0.02,2339.954,3,3,2339.954,0.0,0.0,0.0,0.0,116997.7
1768528,IT,AU,FOOD5,MEDIC,0.01,2339.874,3,3,2339.874,0.0,0.0,0.0,0.0,233987.4
1771351,IT,CH,PROCE,MACHI,0.02,2339.796,3,3,2339.796,0.0,0.0,0.0,0.0,116989.8
1794187,IT,WL,PRINT,RUBBE,0.02,2339.696,3,3,2339.696,0.0,0.0,0.0,0.0,116984.8
1762048,IT,IN,RETA1,VEGET,0.02,2339.635,3,3,2339.635,0.0,0.0,0.0,0.0,116981.75
1669261,IT,ES,FINAN,NICKE,0.03,2339.589,3,3,2339.589,0.0,0.0,0.0,0.0,77986.3
1740497,IT,GB,INERT,WASTE,0.02,2339.541,3,3,2339.541,0.0,0.0,0.0,0.0,116977.05
1725502,IT,RO,LEATH,CEREA,0.02,2339.415,3,3,2339.415,0.0,0.0,0.0,0.0,116970.75
1760512,IT,IN,WEARI,PRINT,0.02,2339.347,3,3,2339.347,0.0,0.0,0.0,0.0,116967.35
1780827,IT,TW,COMPU,LEAD1,0.03,2339.304,3,3,2339.304,0.0,0.0,0.0,0.0,77976.8
1751524,IT,CN,SUPPO,WHOLE,0.02,2339.21,3,3,2339.21,0.0,0.0,0.0,0.0,116960.5
1710152,IT,LT,MACHI,BIODI,0.01,2339.1,3,3,2339.1,0.0,0.0,0.0,0.0,233910.0
1775518,IT,CH,FOOD2,PUBLI,0.01,2339.039,3,3,2339.039,0.0,0.0,0.0,0.0,233903.9
1736361,IT,SK,RAILW,HEALT,0.02,2338.819,3,3,2338.819,0.0,0.0,0.0,0.0,116940.95
1751236,IT,CN,HOTEL,BLAST,0.02,2338.787,3,3,2338.787,0.0,0.0,0.0,0.0,116939.35
1711460,IT,LU,LANDT,LANDT,0.02,2338.453,3,3,2338.453,0.0,0.0,0.0,0.0,116922.65
1684674,IT,HR,RECRE,RECRE,0.03,2338.343,3,3,2338.343,0.0,0.0,0.0,0.0,77944.766667
1730089,IT,SE,RETA1,CONST,0.02,2338.302,3,3,2338.302,0.0,0.0,0.0,0.0,116915.1
1786720,IT,ZA,RETA1,CHARC,0.02,2338.245,3,3,2338.245,0.0,0.0,0.0,0.0,116912.25
1722596,IT,PT,TEXTI,CATTL,0.01,2338.143,3,3,2338.143,0.0,0.0,0.0,0.0,233814.3
1714173,IT,MT,POSTT,INSUR,0.04,2338.089,3,3,2338.089,0.0,0.0,0.0,0.0,58452.225
1768526,IT,AU,FOOD5,OFFIC,0.01,2337.975,3,3,2337.975,0.0,0.0,0.0,0.0,233797.5
1797946,IT,WL,FOOD4,RAILW,0.02,2337.84,3,3,2337.84,0.0,0.0,0.0,0.0,116892.0
1711884,IT,LU,WOOD1,CONST,0.02,2337.731,3,3,2337.731,0.0,0.0,0.0,0.0,116886.55
1785061,IT,ID,BUSIN,93197,0.02,2337.668,3,3,2337.668,0.0,0.0,0.0,0.0,116883.4
1678180,IT,FR,INTER,EDUCA,0.01,2337.653,3,3,2337.653,0.0,0.0,0.0,0.0,233765.3
1780596,IT,TW,INSUR,COKEO,0.05,2337.433,3,3,2337.433,0.0,0.0,0.0,0.0,46748.66
1678007,IT,FR,EDUCA,FISHF,0.06,2337.029,3,3,2337.029,0.0,0.0,0.0,0.0,38950.483333
1744873,IT,US,BUSIN,CHEMI,0.02,2336.94,3,3,2336.94,0.0,0.0,0.0,0.0,116847.0
1734036,IT,SI,FINAN,CEMEN,0.03,2336.868,3,3,2336.868,0.0,0.0,0.0,0.0,77895.6
1744563,IT,US,REALE,AUXIL,0.1,2336.754,3,3,2336.754,0.0,0.0,0.0,0.0,23367.54
1774445,IT,CH,RAILW,93197,0.02,2336.696,3,3,2336.696,0.0,0.0,0.0,0.0,116834.8
1672229,IT,FI,REALE,BASIC,0.1,2336.695,3,3,2336.695,0.0,0.0,0.0,0.0,23366.95
1793903,IT,WL,WEARI,BIODI,0.02,2336.535,3,3,2336.535,0.0,0.0,0.0,0.0,116826.75
1806380,IT,WF,MOTO1,CEMEN,0.01,2336.204,3,3,2336.204,0.0,0.0,0.0,0.0,233620.4
1782861,IT,NO,LANDT,MEMBE,0.02,2335.767,3,3,2335.767,0.0,0.0,0.0,0.0,116788.35
1727382,IT,RO,FINAN,FOOD5,0.03,2335.744,3,3,2335.744,0.0,0.0,0.0,0.0,77858.133333
1671907,IT,FI,RAILW,MOTOR,0.02,2335.531,3,3,2335.531,0.0,0.0,0.0,0.0,116776.55
1711868,IT,LU,INTER,ALUM1,0.01,2335.497,3,3,2335.497,0.0,0.0,0.0,0.0,233549.7
1663479,IT,DK,RENTI,PIGS9,0.01,2335.494,3,3,2335.494,0.0,0.0,0.0,0.0,233549.4
1740949,IT,US,FOOD5,INLAN,0.01,2335.279,3,3,2335.279,0.0,0.0,0.0,0.0,233527.9
1670129,IT,ES,INERT,NONME,0.02,2335.272,3,3,2335.272,0.0,0.0,0.0,0.0,116763.6
1751551,IT,CN,POSTT,BEVER,0.04,2334.926,3,3,2334.926,0.0,0.0,0.0,0.0,58373.15
1792874,IT,WA,EDUCA,FINAN,0.06,2334.824,3,3,2334.824,0.0,0.0,0.0,0.0,38913.733333
1688115,IT,HU,BUSIN,VEGE1,0.02,2334.8,3,3,2334.8,0.0,0.0,0.0,0.0,116740.0
1654352,IT,CZ,ELEC5,TRAN1,0.03,2334.8,3,3,2334.8,0.0,0.0,0.0,0.0,77826.666667
1673812,IT,FR,PRINT,FISHF,0.02,2334.765,3,3,2334.765,0.0,0.0,0.0,0.0,116738.25
1806877,IT,WF,HOTEL,NONFE,0.02,2334.614,3,3,2334.614,0.0,0.0,0.0,0.0,116730.7
1648393,IT,BE,RECRE,SUPPO,0.03,2334.565,3,3,2334.565,0.0,0.0,0.0,0.0,77818.833333
1650766,IT,BG,RAILW,PRECI,0.02,2334.454,3,3,2334.454,0.0,0.0,0.0,0.0,116722.7
1791740,IT,WA,RAILW,GASDI,0.02,2334.39,3,3,2334.39,0.0,0.0,0.0,0.0,116719.5
1710254,IT,LT,MOTO1,FISH5,0.01,2334.263,3,3,2334.263,0.0,0.0,0.0,0.0,233426.3
1792679,IT,WA,RESEA,LANDT,0.01,2334.249,3,3,2334.249,0.0,0.0,0.0,0.0,233424.9
1664717,IT,EE,SUPPO,MACHI,0.02,2333.982,3,3,2333.982,0.0,0.0,0.0,0.0,116699.1
1739703,IT,GB,SUPPO,LEAD1,0.02,2333.869,3,3,2333.869,0.0,0.0,0.0,0.0,116693.45
1726620,IT,RO,MOTO1,ALUM1,0.01,2333.796,3,3,2333.796,0.0,0.0,0.0,0.0,233379.6
1793196,IT,WA,93197,AUXIL,0.02,2333.669,3,3,2333.669,0.0,0.0,0.0,0.0,116683.45
1651314,IT,CY,WEARI,CONST,0.02,2333.656,3,3,2333.656,0.0,0.0,0.0,0.0,116682.8
1669161,IT,ES,POSTT,PFERT,0.04,2333.599,3,3,2333.599,0.0,0.0,0.0,0.0,58339.975
1773849,IT,CH,ELEC5,WHOLE,0.03,2333.52,3,3,2333.52,0.0,0.0,0.0,0.0,77784.0
1807647,IT,WF,RESEA,AIRTR,0.01,2333.378,3,3,2333.378,0.0,0.0,0.0,0.0,233337.8
1747709,IT,JP,POSTT,93197,0.04,2333.327,3,3,2333.327,0.0,0.0,0.0,0.0,58333.175
1727872,IT,RO,PUBLI,BUSIN,0.04,2333.281,3,3,2333.281,0.0,0.0,0.0,0.0,58332.025
1660947,IT,DE,BUSIN,PARAF,0.02,2333.106,3,3,2333.106,0.0,0.0,0.0,0.0,116655.3
1721275,IT,PL,LANDT,ELEC6,0.02,2333.096,3,3,2333.096,0.0,0.0,0.0,0.0,116654.8
1779511,IT,TR,RENTI,SUPPO,0.01,2333.031,3,3,2333.031,0.0,0.0,0.0,0.0,233303.1
1798609,IT,WE,MEAT1,FORES,0.01,2332.901,3,3,2332.901,0.0,0.0,0.0,0.0,233290.1
1680477,IT,GR,ELEC5,COLLE,0.03,2332.895,3,3,2332.895,0.0,0.0,0.0,0.0,77763.166667
1671754,IT,FI,RETAI,TEXTI,0.02,2332.6,3,3,2332.6,0.0,0.0,0.0,0.0,116630.0
1774050,IT,CH,RETAI,FOOD1,0.02,2332.509,3,3,2332.509,0.0,0.0,0.0,0.0,116625.45
1752084,IT,CN,BUSIN,COALT,0.02,2332.499,3,3,2332.499,0.0,0.0,0.0,0.0,116624.95
1740029,IT,GB,RENTI,TEXTI,0.01,2332.459,3,3,2332.459,0.0,0.0,0.0,0.0,233245.9
1714337,IT,MT,HEALT,RECRE,0.01,2332.45,3,3,2332.45,0.0,0.0,0.0,0.0,233245.0
1814879,IT,WM,PRIVA,CEREA,0.52,2332.142,3,3,2332.142,0.0,0.0,0.0,0.0,4484.888462
1814714,IT,WM,WOOD1,ELEC2,0.02,2332.045,3,3,2332.045,0.0,0.0,0.0,0.0,116602.25
1736758,IT,SK,RENTI,FABRI,0.01,2331.833,3,3,2331.833,0.0,0.0,0.0,0.0,233183.3
1682191,IT,HR,WEARI,PAPER,0.02,2331.708,3,3,2331.708,0.0,0.0,0.0,0.0,116585.4
1687293,IT,HU,RETA1,POULT,0.02,2331.707,3,3,2331.707,0.0,0.0,0.0,0.0,116585.35
1685075,IT,HU,FOOD5,VEGET,0.01,2331.622,3,3,2331.622,0.0,0.0,0.0,0.0,233162.2
1722260,IT,PL,RECRE,HOTEL,0.03,2331.394,3,3,2331.394,0.0,0.0,0.0,0.0,77713.133333
1663145,IT,DK,LANDT,VEGE1,0.02,2331.262,3,3,2331.262,0.0,0.0,0.0,0.0,116563.1
1718326,IT,PL,FOOD5,FOOD2,0.01,2330.953,3,3,2330.953,0.0,0.0,0.0,0.0,233095.3
1767652,IT,RU,POSTT,RADIO,0.04,2330.734,3,3,2330.734,0.0,0.0,0.0,0.0,58268.35
1727705,IT,RO,COMPU,BASIC,0.03,2330.468,3,3,2330.468,0.0,0.0,0.0,0.0,77682.266667
1669584,IT,ES,REALE,RESEA,0.1,2330.326,3,3,2330.326,0.0,0.0,0.0,0.0,23303.26
1793405,IT,WL,CROPS,WEARI,0.02,2329.768,3,3,2329.768,0.0,0.0,0.0,0.0,116488.4
1808702,IT,WF,TEXT2,OILSE,0.02,2329.623,3,3,2329.623,0.0,0.0,0.0,0.0,116481.15
1748698,IT,CN,FOOD5,CERAM,0.01,2329.433,3,3,2329.433,0.0,0.0,0.0,0.0,232943.3
1660318,IT,DE,FINAN,WHEAT,0.03,2329.162,3,3,2329.162,0.0,0.0,0.0,0.0,77638.733333
1734141,IT,SI,AUXIL,FINAN,0.04,2329.145,3,3,2329.145,0.0,0.0,0.0,0.0,58228.625
1654137,IT,CZ,MOTO1,SANDC,0.01,2328.974,3,3,2328.974,0.0,0.0,0.0,0.0,232897.4
1762590,IT,IN,AUXIL,ELEC1,0.04,2328.582,3,3,2328.582,0.0,0.0,0.0,0.0,58214.55
1721781,IT,PL,AUXIL,RUBBE,0.04,2328.424,3,3,2328.424,0.0,0.0,0.0,0.0,58210.6
1648076,IT,BE,COMPU,PAPE1,0.03,2328.231,3,3,2328.231,0.0,0.0,0.0,0.0,77607.7
1711339,IT,LU,WHOLE,RETAI,0.02,2328.077,3,3,2328.077,0.0,0.0,0.0,0.0,116403.85
1671917,IT,FI,RAILW,SUPPO,0.02,2328.077,3,3,2328.077,0.0,0.0,0.0,0.0,116403.85
1748159,IT,JP,FOODW,PAPER,0.02,2328.056,3,3,2328.056,0.0,0.0,0.0,0.0,116402.8
1801923,IT,WE,SALEM,FISHF,0.02,2327.779,3,3,2327.779,0.0,0.0,0.0,0.0,116388.95
1740432,IT,GB,FOOD2,ELEC3,0.01,2327.674,3,3,2327.674,0.0,0.0,0.0,0.0,232767.4
1785228,IT,ZA,TEXTI,PRECI,0.01,2327.55,3,3,2327.55,0.0,0.0,0.0,0.0,232755.0
1680444,IT,GR,ELEC4,DIST1,0.04,2327.393,3,3,2327.393,0.0,0.0,0.0,0.0,58184.825
1791847,IT,WA,LANDT,ELEC1,0.02,2327.274,3,3,2327.274,0.0,0.0,0.0,0.0,116363.7
1670060,IT,ES,FOOD2,SALEM,0.01,2327.27,3,3,2327.27,0.0,0.0,0.0,0.0,232727.0
1756342,IT,KR,TRANS,BASIC,0.01,2327.225,3,3,2327.225,0.0,0.0,0.0,0.0,232722.5
1778532,IT,TR,RETA1,CHEM1,0.02,2327.154,3,3,2327.154,0.0,0.0,0.0,0.0,116357.7
1740351,IT,GB,EDUCA,CHEM1,0.06,2326.956,3,3,2326.956,0.0,0.0,0.0,0.0,38782.6
1743450,IT,US,WHOLE,BEVER,0.02,2326.885,3,3,2326.885,0.0,0.0,0.0,0.0,116344.25
1756837,IT,KR,POSTT,MOTOR,0.04,2326.724,3,3,2326.724,0.0,0.0,0.0,0.0,58168.1
1663378,IT,DK,POSTT,BASIC,0.04,2326.683,3,3,2326.683,0.0,0.0,0.0,0.0,58167.075
1751235,IT,CN,HOTEL,COKE1,0.02,2326.613,3,3,2326.613,0.0,0.0,0.0,0.0,116330.65
1721832,IT,PL,REALE,CEMEN,0.1,2326.539,3,3,2326.539,0.0,0.0,0.0,0.0,23265.39
1730962,IT,SE,TEXT1,BLAST,0.02,2326.497,3,3,2326.497,0.0,0.0,0.0,0.0,116324.85
1752259,IT,CA,FORES,RUBBE,0.02,2326.404,4,4,2325.404,0.0,1.0,0.0,0.0,116320.2
1739046,IT,GB,RETAI,NONF1,0.02,2326.095,3,3,2326.095,0.0,0.0,0.0,0.0,116304.75
1686891,IT,HU,MACHI,LIGNI,0.01,2326.045,3,3,2326.045,0.0,0.0,0.0,0.0,232604.5
1715112,IT,NL,WEARI,PAPE1,0.02,2326.009,3,3,2326.009,0.0,0.0,0.0,0.0,116300.45
1710548,IT,LT,SUPPO,HEALT,0.02,2325.912,3,3,2325.912,0.0,0.0,0.0,0.0,116295.6
1813578,IT,WM,WHOLE,MEDIC,0.02,2325.822,3,3,2325.822,0.0,0.0,0.0,0.0,116291.1
1687962,IT,HU,RENTI,LIQUE,0.01,2325.813,3,3,2325.813,0.0,0.0,0.0,0.0,232581.3
1712041,IT,LV,FOOD5,TRANS,0.01,2325.775,3,3,2325.775,0.0,0.0,0.0,0.0,232577.5
1767588,IT,RU,SUPPO,TOBAC,0.02,2325.62,3,3,2325.62,0.0,0.0,0.0,0.0,116281.0
1740333,IT,GB,PUBLI,FINAN,0.04,2325.573,3,3,2325.573,0.0,0.0,0.0,0.0,58139.325
1670536,IT,FI,TEXTI,VEGE1,0.01,2325.551,3,3,2325.551,0.0,0.0,0.0,0.0,232555.1
1780898,IT,TW,RESEA,COPP1,0.01,2325.52,3,3,2325.52,0.0,0.0,0.0,0.0,232552.0
1813219,IT,WM,TRANS,ANIMA,0.01,2325.498,3,3,2325.498,0.0,0.0,0.0,0.0,232549.8
1798727,IT,WE,PROCE,CATTL,0.02,2325.361,3,3,2325.361,0.0,0.0,0.0,0.0,116268.05
1751273,IT,CN,HOTEL,FOOD2,0.02,2325.082,3,3,2325.082,0.0,0.0,0.0,0.0,116254.1
1787391,IT,WA,FORES,RESEA,0.02,2325.015,4,4,2324.015,0.0,1.0,0.0,0.0,116250.75
1688993,IT,IE,MACHI,LEAD1,0.01,2324.996,3,3,2324.996,0.0,0.0,0.0,0.0,232499.6
1770764,IT,AU,RENTI,SALEM,0.01,2324.892,3,3,2324.892,0.0,0.0,0.0,0.0,232489.2
1678951,IT,GR,TEXTI,HEALT,0.01,2324.805,3,3,2324.805,0.0,0.0,0.0,0.0,232480.5
1726749,IT,RO,SALEM,OILSE,0.02,2324.722,3,3,2324.722,0.0,0.0,0.0,0.0,116236.1
1668093,IT,ES,CONST,GASDI,0.01,2324.703,3,3,2324.703,0.0,0.0,0.0,0.0,232470.3
1774051,IT,CH,RETAI,FOOD2,0.02,2324.681,3,3,2324.681,0.0,0.0,0.0,0.0,116234.05
1814844,IT,WM,MEMBE,SUPPO,0.03,2324.583,3,3,2324.583,0.0,0.0,0.0,0.0,77486.1
1731857,IT,SI,PRINT,CEMEN,0.02,2324.572,3,3,2324.572,0.0,0.0,0.0,0.0,116228.6
1684458,IT,HR,RENTI,WEARI,0.01,2324.284,3,3,2324.284,0.0,0.0,0.0,0.0,232428.4
1729875,IT,SE,TRANS,PRINT,0.01,2324.205,3,3,2324.205,0.0,0.0,0.0,0.0,232420.5
1681919,IT,HR,PROCE,FOOD5,0.02,2324.171,3,3,2324.171,0.0,0.0,0.0,0.0,116208.55
1760254,IT,BR,WOOD2,BUSIN,0.01,2324.105,3,3,2324.105,0.0,0.0,0.0,0.0,232410.5
1678598,IT,GR,FORES,REALE,0.02,2323.888,4,4,2322.888,0.0,1.0,0.0,0.0,116194.4
1774881,IT,CH,FINAN,RECRE,0.03,2323.797,3,3,2323.797,0.0,0.0,0.0,0.0,77459.9
1710251,IT,LT,MOTO1,SUGA1,0.01,2323.637,3,3,2323.637,0.0,0.0,0.0,0.0,232363.7
1806578,IT,WF,CONST,NONF1,0.01,2323.448,3,3,2323.448,0.0,0.0,0.0,0.0,232344.8
1640590,IT,AT,FOOD5,MEMBE,0.01,2323.308,3,3,2323.308,0.0,0.0,0.0,0.0,232330.8
1724273,IT,PT,LANDT,BIODI,0.01,2323.233,3,3,2323.233,0.0,0.0,0.0,0.0,232323.3
1677827,IT,FR,RESEA,CONST,0.01,2322.834,3,3,2322.834,0.0,0.0,0.0,0.0,232283.4
1712773,IT,LV,LANDT,HOTEL,0.01,2322.745,3,3,2322.745,0.0,0.0,0.0,0.0,232274.5
1774689,IT,CH,SUPPO,RAWMI,0.02,2322.632,3,3,2322.632,0.0,0.0,0.0,0.0,116131.6
1747417,IT,JP,LANDT,WEARI,0.01,2322.628,3,3,2322.628,0.0,0.0,0.0,0.0,232262.8
1661698,IT,DK,WEARI,MOTO1,0.02,2322.605,3,3,2322.605,0.0,0.0,0.0,0.0,116130.25
1647948,IT,BE,RENTI,WEARI,0.01,2322.513,3,3,2322.513,0.0,0.0,0.0,0.0,232251.3
1727680,IT,RO,RENTI,FOOD2,0.01,2322.393,3,3,2322.393,0.0,0.0,0.0,0.0,232239.3
1644421,IT,BE,MEAT1,INTER,0.01,2322.332,3,3,2322.332,0.0,0.0,0.0,0.0,232233.2
1762345,IT,IN,SUPPO,ELEC4,0.02,2322.072,3,3,2322.072,0.0,0.0,0.0,0.0,116103.6
1760532,IT,IN,LEATH,MEATC,0.02,2322.07,3,3,2322.07,0.0,0.0,0.0,0.0,116103.5
1718459,IT,PL,TEXTI,MEATC,0.01,2322.015,3,3,2322.015,0.0,0.0,0.0,0.0,232201.5
1663507,IT,DK,RENTI,AIRTR,0.01,2321.838,3,3,2321.838,0.0,0.0,0.0,0.0,232183.8
1665846,IT,ES,PRINT,COPP1,0.02,2321.688,3,3,2321.688,0.0,0.0,0.0,0.0,116084.4
1670220,IT,ES,RECRE,RENTI,0.03,2321.589,3,3,2321.589,0.0,0.0,0.0,0.0,77386.3
1655786,IT,DE,MEAT4,RETA1,0.01,2321.585,3,3,2321.585,0.0,0.0,0.0,0.0,232158.5
1710361,IT,LT,HOTEL,MEATP,0.02,2321.548,3,3,2321.548,0.0,0.0,0.0,0.0,116077.4
1787624,IT,WA,MEAT4,MEATP,0.01,2321.416,3,3,2321.416,0.0,0.0,0.0,0.0,232141.6
1782722,IT,NO,RETA1,CHEM1,0.02,2321.357,3,3,2321.357,0.0,0.0,0.0,0.0,116067.85
1724867,IT,PT,BUSIN,NONSP,0.02,2321.244,3,3,2321.244,0.0,0.0,0.0,0.0,116062.2
1669017,IT,ES,SUPPO,SUGA1,0.02,2321.121,3,3,2321.121,0.0,0.0,0.0,0.0,116056.05
1643084,IT,AT,WHOLE,PLAST,0.02,2321.016,3,3,2321.016,0.0,0.0,0.0,0.0,116050.8
1754922,IT,KR,TEXTI,FISH5,0.01,2320.797,3,3,2320.797,0.0,0.0,0.0,0.0,232079.7
1710257,IT,LT,MOTO1,RUBBE,0.01,2320.482,3,3,2320.482,0.0,0.0,0.0,0.0,232048.2
1773888,IT,CH,ELEC8,CHEM1,0.03,2320.381,3,3,2320.381,0.0,0.0,0.0,0.0,77346.033333
1775554,IT,CH,PAPE4,RECRE,0.02,2320.345,3,3,2320.345,0.0,0.0,0.0,0.0,116017.25
1796728,IT,WL,LANDT,MEAT4,0.01,2320.298,3,3,2320.298,0.0,0.0,0.0,0.0,232029.8
1753798,IT,CA,SALEM,MACHI,0.02,2320.25,3,3,2320.25,0.0,0.0,0.0,0.0,116012.5
1676517,IT,FR,RETA1,PLAS2,0.02,2320.176,3,3,2320.176,0.0,0.0,0.0,0.0,116008.8
1643129,IT,AT,RETA1,MEATP,0.02,2320.009,3,3,2320.009,0.0,0.0,0.0,0.0,116000.45
1678383,IT,FR,PAPE4,TRANS,0.02,2319.896,3,3,2319.896,0.0,0.0,0.0,0.0,115994.8
1756948,IT,KR,AUXIL,REALE,0.04,2319.53,3,3,2319.53,0.0,0.0,0.0,0.0,57988.25
1710769,IT,LU,TEXTI,HOTEL,0.01,2319.451,3,3,2319.451,0.0,0.0,0.0,0.0,231945.1
1646828,IT,BE,SALEM,MEMBE,0.02,2318.679,3,3,2318.679,0.0,0.0,0.0,0.0,115933.95
1767921,IT,RU,RENTI,ELEC3,0.01,2318.619,3,3,2318.619,0.0,0.0,0.0,0.0,231861.9
1808657,IT,WF,INERT,MEAT4,0.02,2318.527,3,3,2318.527,0.0,0.0,0.0,0.0,115926.35
1677739,IT,FR,RENTI,WASTE,0.01,2318.505,3,3,2318.505,0.0,0.0,0.0,0.0,231850.5
1762112,IT,IN,RAILW,NONME,0.02,2318.372,3,3,2318.372,0.0,0.0,0.0,0.0,115918.6
1778461,IT,TR,WHOLE,CONST,0.02,2318.351,3,3,2318.351,0.0,0.0,0.0,0.0,115917.55
1737012,IT,GB,FORES,FURNI,0.02,2318.243,4,4,2317.243,0.0,1.0,0.0,0.0,115912.15
1651146,IT,BG,BUSIN,MEATA,0.02,2317.457,3,3,2317.457,0.0,0.0,0.0,0.0,115872.85
1725065,IT,RO,CROPS,ANIMA,0.02,2317.398,3,3,2317.398,0.0,0.0,0.0,0.0,115869.9
1644903,IT,BE,LEATH,ALUM1,0.02,2317.387,3,3,2317.387,0.0,0.0,0.0,0.0,115869.35
1759778,IT,BR,BUSIN,SECO9,0.02,2317.245,3,3,2317.245,0.0,0.0,0.0,0.0,115862.25
1783085,IT,NO,INSUR,RETA1,0.05,2317.231,3,3,2317.231,0.0,0.0,0.0,0.0,46344.62
1677419,IT,FR,INSUR,COLLE,0.05,2317.196,3,3,2317.196,0.0,0.0,0.0,0.0,46343.92
1763379,IT,MX,PRINT,ELEC2,0.02,2317.178,3,3,2317.178,0.0,0.0,0.0,0.0,115858.9
1711424,IT,LU,HOTEL,INSUR,0.02,2317.103,3,3,2317.103,0.0,0.0,0.0,0.0,115855.15
1672461,IT,FI,INTER,WHOLE,0.01,2316.625,3,3,2316.625,0.0,0.0,0.0,0.0,231662.5
1642845,IT,AT,MOTO1,VEGET,0.01,2316.606,3,3,2316.606,0.0,0.0,0.0,0.0,231660.6
1774863,IT,CH,FINAN,HOTEL,0.03,2316.198,3,3,2316.198,0.0,0.0,0.0,0.0,77206.6
1683975,IT,HR,WHOLE,SECO9,0.02,2316.132,3,3,2316.132,0.0,0.0,0.0,0.0,115806.6
1785466,IT,ZA,PRINT,LANDT,0.02,2316.025,3,3,2316.025,0.0,0.0,0.0,0.0,115801.25
1678437,IT,FR,WOOD2,BASIC,0.01,2316.016,3,3,2316.016,0.0,0.0,0.0,0.0,231601.6
1740519,IT,GB,RECRE,CONST,0.03,2315.901,3,3,2315.901,0.0,0.0,0.0,0.0,77196.7
1758812,IT,BR,RETA1,TRAN2,0.02,2315.885,3,3,2315.885,0.0,0.0,0.0,0.0,115794.25
1736742,IT,SK,REALE,FINAN,0.1,2315.817,3,3,2315.817,0.0,0.0,0.0,0.0,23158.17
1651811,IT,CY,HOTEL,MACHI,0.02,2315.81,3,3,2315.81,0.0,0.0,0.0,0.0,115790.5
1650084,IT,BG,MACHI,AUXIL,0.01,2315.744,3,3,2315.744,0.0,0.0,0.0,0.0,231574.4
1677290,IT,FR,FINAN,FOUND,0.03,2315.614,3,3,2315.614,0.0,0.0,0.0,0.0,77187.133333
1756843,IT,KR,POSTT,PLAST,0.04,2315.55,3,3,2315.55,0.0,0.0,0.0,0.0,57888.75
1787602,IT,WA,MEAT1,STONE,0.01,2315.489,3,3,2315.489,0.0,0.0,0.0,0.0,231548.9
1763343,IT,MX,PRINT,MEATC,0.02,2315.354,3,3,2315.354,0.0,0.0,0.0,0.0,115767.7
1727103,IT,RO,LANDT,FISH5,0.01,2315.344,3,3,2315.344,0.0,0.0,0.0,0.0,231534.4
1759287,IT,BR,POSTT,ELEC6,0.04,2315.165,3,3,2315.165,0.0,0.0,0.0,0.0,57879.125
1779279,IT,TR,FINAN,COLLE,0.03,2315.021,3,3,2315.021,0.0,0.0,0.0,0.0,77167.366667
1728427,IT,SE,WEARI,DISTR,0.02,2314.874,3,3,2314.874,0.0,0.0,0.0,0.0,115743.7
1744401,IT,US,INSUR,FOOD3,0.05,2314.675,3,3,2314.675,0.0,0.0,0.0,0.0,46293.5
1783028,IT,NO,INSUR,PIGS9,0.05,2314.647,3,3,2314.647,0.0,0.0,0.0,0.0,46292.94
1807869,IT,WF,PAPE1,MOTO1,0.02,2314.613,3,3,2314.613,0.0,0.0,0.0,0.0,115730.65
1721867,IT,PL,REALE,RENTI,0.1,2314.559,3,3,2314.559,0.0,0.0,0.0,0.0,23145.59
1760029,IT,BR,TEXT1,PLAS2,0.02,2314.412,3,3,2314.412,0.0,0.0,0.0,0.0,115720.6
1770354,IT,AU,RAILW,FURNI,0.02,2314.314,3,3,2314.314,0.0,0.0,0.0,0.0,115715.7
1728400,IT,SE,TEXTI,WASTE,0.01,2314.146,3,3,2314.146,0.0,0.0,0.0,0.0,231414.6
1661048,IT,DE,PUBLI,DAIRY,0.04,2313.945,3,3,2313.945,0.0,0.0,0.0,0.0,57848.625
1677650,IT,FR,REALE,SEWAG,0.1,2313.85,3,3,2313.85,0.0,0.0,0.0,0.0,23138.5
1798020,IT,WL,INERT,POSTT,0.02,2313.842,3,3,2313.842,0.0,0.0,0.0,0.0,115692.1
1758583,IT,BR,MOTO1,CERAM,0.01,2313.748,3,3,2313.748,0.0,0.0,0.0,0.0,231374.8
1791807,IT,WA,LANDT,BEVER,0.01,2313.59,3,3,2313.59,0.0,0.0,0.0,0.0,231359.0
1730076,IT,SE,RETA1,NUCLE,0.02,2313.542,3,3,2313.542,0.0,0.0,0.0,0.0,115677.1
1807311,IT,WF,POSTT,OFFIC,0.04,2313.341,3,3,2313.341,0.0,0.0,0.0,0.0,57833.525
1687288,IT,HU,WHOLE,EDUCA,0.02,2313.159,3,3,2313.159,0.0,0.0,0.0,0.0,115657.95
1730173,IT,SE,LANDT,BIOGA,0.01,2312.981,3,3,2312.981,0.0,0.0,0.0,0.0,231298.1
1663622,IT,DK,BUSIN,ALUM1,0.02,2312.857,3,3,2312.857,0.0,0.0,0.0,0.0,115642.85
1669434,IT,ES,INSUR,TRAN2,0.05,2312.606,3,3,2312.606,0.0,0.0,0.0,0.0,46252.12
1717085,IT,NL,LANDT,OILHA,0.01,2312.332,3,3,2312.332,0.0,0.0,0.0,0.0,231233.2
1782584,IT,NO,TRANS,COMPU,0.01,2312.22,3,3,2312.22,0.0,0.0,0.0,0.0,231222.0
1739911,IT,GB,FINAN,OILHA,0.03,2312.18,3,3,2312.18,0.0,0.0,0.0,0.0,77072.666667
1792695,IT,WA,RESEA,93197,0.01,2312.045,3,3,2312.045,0.0,0.0,0.0,0.0,231204.5
1656305,IT,DE,LEATH,RADIO,0.02,2311.988,3,3,2311.988,0.0,0.0,0.0,0.0,115599.4
1654418,IT,CZ,WHOLE,TRANS,0.02,2311.981,3,3,2311.981,0.0,0.0,0.0,0.0,115599.05
1731581,IT,SI,TEXTI,TRAN2,0.01,2311.863,3,3,2311.863,0.0,0.0,0.0,0.0,231186.3
1767643,IT,RU,POSTT,PRINT,0.04,2311.835,3,3,2311.835,0.0,0.0,0.0,0.0,57795.875
1751305,IT,CN,RAILW,BUSIN,0.02,2311.69,3,3,2311.69,0.0,0.0,0.0,0.0,115584.5
1689796,IT,IE,INSUR,KEROS,0.05,2311.499,3,3,2311.499,0.0,0.0,0.0,0.0,46229.98
1652446,IT,CZ,TEXTI,FOOD4,0.01,2311.408,3,3,2311.408,0.0,0.0,0.0,0.0,231140.8
1640887,IT,AT,LEATH,COPP1,0.02,2311.305,3,3,2311.305,0.0,0.0,0.0,0.0,115565.25
1643882,IT,AT,REALE,CEMEN,0.1,2311.074,3,3,2311.074,0.0,0.0,0.0,0.0,23110.74
1727481,IT,RO,AUXIL,BIODI,0.04,2310.893,3,3,2310.893,0.0,0.0,0.0,0.0,57772.325
1808262,IT,WF,FOOD2,MEATP,0.01,2310.855,3,3,2310.855,0.0,0.0,0.0,0.0,231085.5
1758685,IT,BR,SALEM,FOOD5,0.02,2310.828,3,3,2310.828,0.0,0.0,0.0,0.0,115541.4
1655204,IT,CZ,BUSIN,OILHA,0.02,2310.286,3,3,2310.286,0.0,0.0,0.0,0.0,115514.3
1643978,IT,AT,COMPU,RAILW,0.03,2310.102,3,3,2310.102,0.0,0.0,0.0,0.0,77003.4
1684642,IT,HR,PAPE4,WHOLE,0.02,2309.957,3,3,2309.957,0.0,0.0,0.0,0.0,115497.85
1798108,IT,WL,93197,MEMBE,0.02,2309.844,3,3,2309.844,0.0,0.0,0.0,0.0,115492.2
1744839,IT,US,RESEA,PLAS1,0.01,2309.761,3,3,2309.761,0.0,0.0,0.0,0.0,230976.1
1762134,IT,IN,LANDT,LEATH,0.01,2309.644,3,3,2309.644,0.0,0.0,0.0,0.0,230964.4
1778601,IT,TR,HOTEL,FORES,0.02,2309.59,3,3,2309.59,0.0,0.0,0.0,0.0,115479.5
1754006,IT,CA,LANDT,93197,0.01,2309.38,3,3,2309.38,0.0,0.0,0.0,0.0,230938.0
1661199,IT,DE,93197,MEMBE,0.02,2309.282,3,3,2309.282,0.0,0.0,0.0,0.0,115464.1
1808660,IT,WF,INERT,TEXTI,0.02,2309.092,3,3,2309.092,0.0,0.0,0.0,0.0,115454.6
1758467,IT,BR,MACHI,COPPE,0.01,2308.787,3,3,2308.787,0.0,0.0,0.0,0.0,230878.7
1648712,IT,BG,FOOD5,PLAST,0.01,2308.529,3,3,2308.529,0.0,0.0,0.0,0.0,230852.9
1793081,IT,WA,INERT,CHARC,0.02,2308.39,3,3,2308.39,0.0,0.0,0.0,0.0,115419.5
1721876,IT,PL,RENTI,WHEAT,0.01,2308.372,3,3,2308.372,0.0,0.0,0.0,0.0,230837.2
1756987,IT,KR,COMPU,HOTEL,0.03,2307.94,3,3,2307.94,0.0,0.0,0.0,0.0,76931.333333
1650785,IT,BG,RAILW,LANDT,0.02,2307.832,3,3,2307.832,0.0,0.0,0.0,0.0,115391.6
1779359,IT,TR,INSUR,POSTT,0.05,2307.625,3,3,2307.625,0.0,0.0,0.0,0.0,46152.5
1688561,IT,IE,PRINT,TEXTI,0.02,2307.524,3,3,2307.524,0.0,0.0,0.0,0.0,115376.2
1735772,IT,SK,MACHI,VEGE1,0.01,2307.455,3,3,2307.455,0.0,0.0,0.0,0.0,230745.5
1764934,IT,MX,SUPPO,POSTT,0.02,2307.407,3,3,2307.407,0.0,0.0,0.0,0.0,115370.35
1685378,IT,HU,LEATH,ALUM1,0.02,2307.378,3,3,2307.378,0.0,0.0,0.0,0.0,115368.9
1756991,IT,KR,COMPU,SUPPO,0.03,2307.267,3,3,2307.267,0.0,0.0,0.0,0.0,76908.9
1747432,IT,JP,LANDT,TRAN1,0.01,2307.213,3,3,2307.213,0.0,0.0,0.0,0.0,230721.3
1779703,IT,TR,BUSIN,VEGET,0.02,2307.044,3,3,2307.044,0.0,0.0,0.0,0.0,115352.2
1804194,IT,WF,PRINT,PRECI,0.02,2307.002,3,3,2307.002,0.0,0.0,0.0,0.0,115350.1
1773638,IT,CH,TRANS,FOODW,0.01,2306.929,3,3,2306.929,0.0,0.0,0.0,0.0,230692.9
1663482,IT,DK,RENTI,DAIRY,0.01,2306.885,3,3,2306.885,0.0,0.0,0.0,0.0,230688.5
1644819,IT,BE,TEXTI,CERAM,0.01,2306.845,3,3,2306.845,0.0,0.0,0.0,0.0,230684.5
1774422,IT,CH,RAILW,TRANS,0.02,2306.831,3,3,2306.831,0.0,0.0,0.0,0.0,115341.55
1760239,IT,BR,TEXT2,GLASS,0.02,2306.797,3,3,2306.797,0.0,0.0,0.0,0.0,115339.85
1793539,IT,WL,MEAT4,NICKE,0.01,2306.531,3,3,2306.531,0.0,0.0,0.0,0.0,230653.1
1767007,IT,RU,TRANS,CHEM1,0.01,2306.509,3,3,2306.509,0.0,0.0,0.0,0.0,230650.9
1798625,IT,WE,MEAT1,RECRE,0.01,2306.101,3,3,2306.101,0.0,0.0,0.0,0.0,230610.1
1712765,IT,LV,LANDT,SECO9,0.01,2306.078,3,3,2306.078,0.0,0.0,0.0,0.0,230607.8
1713286,IT,MT,PRINT,INSUR,0.02,2306.056,3,3,2306.056,0.0,0.0,0.0,0.0,115302.8
1648301,IT,BE,PUBLI,FINAN,0.04,2306.004,3,3,2306.004,0.0,0.0,0.0,0.0,57650.1
1784794,IT,ID,HOTEL,GLASS,0.02,2305.946,3,3,2305.946,0.0,0.0,0.0,0.0,115297.3
1671669,IT,FI,CONST,LANDT,0.01,2305.43,3,3,2305.43,0.0,0.0,0.0,0.0,230543.0
1762050,IT,IN,RETA1,MEATA,0.02,2305.252,3,3,2305.252,0.0,0.0,0.0,0.0,115262.6
1725783,IT,RO,PRINT,COLLE,0.02,2304.698,3,3,2304.698,0.0,0.0,0.0,0.0,115234.9
1762730,IT,IN,BUSIN,CHARC,0.02,2304.46,3,3,2304.46,0.0,0.0,0.0,0.0,115223.0
1751352,IT,CN,LANDT,RESEA,0.01,2304.425,3,3,2304.425,0.0,0.0,0.0,0.0,230442.5
1797815,IT,WL,FOOD2,OILSE,0.01,2304.091,3,3,2304.091,0.0,0.0,0.0,0.0,230409.1
1757055,IT,KR,BUSIN,OFFIC,0.02,2303.989,3,3,2303.989,0.0,0.0,0.0,0.0,115199.45
1782789,IT,NO,HOTEL,CEMEN,0.02,2303.966,3,3,2303.966,0.0,0.0,0.0,0.0,115198.3
1651227,IT,BG,BUSIN,MEMBE,0.02,2303.466,3,3,2303.466,0.0,0.0,0.0,0.0,115173.3
1659053,IT,DE,ELEC4,MOTOR,0.04,2303.361,3,3,2303.361,0.0,0.0,0.0,0.0,57584.025
1643070,IT,AT,RETAI,TRAN2,0.02,2303.277,3,3,2303.277,0.0,0.0,0.0,0.0,115163.85
1654258,IT,CZ,TRANS,HEALT,0.01,2303.03,3,3,2303.03,0.0,0.0,0.0,0.0,230303.0
1747005,IT,JP,TRANS,CHEM1,0.01,2302.988,3,3,2302.988,0.0,0.0,0.0,0.0,230298.8
1717340,IT,NL,FINAN,MACHI,0.03,2302.919,3,3,2302.919,0.0,0.0,0.0,0.0,76763.966667
1775996,IT,TR,TEXTI,CROPS,0.01,2302.697,3,3,2302.697,0.0,0.0,0.0,0.0,230269.7
1689646,IT,IE,POSTT,PEAT2,0.04,2302.694,3,3,2302.694,0.0,0.0,0.0,0.0,57567.35
1785470,IT,ZA,PRINT,INSUR,0.02,2302.634,3,3,2302.634,0.0,0.0,0.0,0.0,115131.7
1680809,IT,GR,RAILW,REFI1,0.02,2302.486,3,3,2302.486,0.0,0.0,0.0,0.0,115124.3
1786978,IT,ZA,INSUR,SUGAR,0.05,2302.33,3,3,2302.33,0.0,0.0,0.0,0.0,46046.6
1760372,IT,IN,MEAT4,CHEM1,0.01,2302.225,3,3,2302.225,0.0,0.0,0.0,0.0,230222.5
1768642,IT,AU,TEXTI,POULT,0.01,2302.192,3,3,2302.192,0.0,0.0,0.0,0.0,230219.2
1744518,IT,US,REALE,BIOGA,0.1,2302.105,3,3,2302.105,0.0,0.0,0.0,0.0,23021.05
1736778,IT,SK,COMPU,PULP5,0.03,2301.961,3,3,2301.961,0.0,0.0,0.0,0.0,76732.033333
1748164,IT,JP,FOODW,BRICK,0.02,2301.947,3,3,2301.947,0.0,0.0,0.0,0.0,115097.35
1680430,IT,GR,ELEC4,MOTOR,0.04,2301.905,3,3,2301.905,0.0,0.0,0.0,0.0,57547.625
1728085,IT,SE,MEAT4,REALE,0.01,2301.73,3,3,2301.73,0.0,0.0,0.0,0.0,230173.0
1651024,IT,BG,POSTT,FABRI,0.04,2301.594,3,3,2301.594,0.0,0.0,0.0,0.0,57539.85
1807619,IT,WF,RESEA,GASDI,0.01,2301.474,3,3,2301.474,0.0,0.0,0.0,0.0,230147.4
1797118,IT,WL,POSTT,COKEO,0.04,2301.241,3,3,2301.241,0.0,0.0,0.0,0.0,57531.025
1808603,IT,WF,PLAS2,IRONO,0.02,2301.234,3,3,2301.234,0.0,0.0,0.0,0.0,115061.7
1787107,IT,ZA,BUSIN,TRAN1,0.02,2301.221,3,3,2301.221,0.0,0.0,0.0,0.0,115061.05
1688106,IT,HU,BUSIN,MEATA,0.02,2301.131,3,3,2301.131,0.0,0.0,0.0,0.0,115056.55
1669926,IT,ES,EDUCA,PAPER,0.06,2301.027,3,3,2301.027,0.0,0.0,0.0,0.0,38350.45
1747854,IT,JP,RENTI,PULP5,0.01,2300.722,3,3,2300.722,0.0,0.0,0.0,0.0,230072.2
1727115,IT,RO,LANDT,BIODI,0.01,2300.647,3,3,2300.647,0.0,0.0,0.0,0.0,230064.7
1665448,IT,ES,WEARI,POULT,0.02,2300.447,3,3,2300.447,0.0,0.0,0.0,0.0,115022.35
1808181,IT,WF,OILHA,COPP1,0.01,2300.401,3,3,2300.401,0.0,0.0,0.0,0.0,230040.1
1786974,IT,ZA,INSUR,WHEAT,0.05,2300.25,3,3,2300.25,0.0,0.0,0.0,0.0,46005.0
1793568,IT,WL,MEAT4,RESEA,0.01,2299.867,3,3,2299.867,0.0,0.0,0.0,0.0,229986.7
1736819,IT,SK,COMPU,EDUCA,0.03,2299.782,3,3,2299.782,0.0,0.0,0.0,0.0,76659.4
1724806,IT,PT,COMPU,SALEM,0.03,2299.769,3,3,2299.769,0.0,0.0,0.0,0.0,76658.966667
1675985,IT,FR,ELEC5,VEGET,0.03,2299.738,3,3,2299.738,0.0,0.0,0.0,0.0,76657.933333
1792307,IT,WA,FINAN,CROPS,0.03,2299.456,3,3,2299.456,0.0,0.0,0.0,0.0,76648.533333
1806466,IT,WF,TRANS,BRICK,0.01,2299.381,3,3,2299.381,0.0,0.0,0.0,0.0,229938.1
1757386,IT,BR,LEATH,ELECT,0.02,2299.119,3,3,2299.119,0.0,0.0,0.0,0.0,114955.95
1687477,IT,HU,RAILW,EDUCA,0.02,2298.866,3,3,2298.866,0.0,0.0,0.0,0.0,114943.3
1644413,IT,BE,MEAT1,CHEM1,0.01,2298.853,3,3,2298.853,0.0,0.0,0.0,0.0,229885.3
1688032,IT,HU,COMPU,MEATP,0.03,2298.648,3,3,2298.648,0.0,0.0,0.0,0.0,76621.6
1723986,IT,PT,SALEM,RESEA,0.02,2298.482,3,3,2298.482,0.0,0.0,0.0,0.0,114924.1
1688152,IT,HU,BUSIN,MEDIC,0.02,2298.436,3,3,2298.436,0.0,0.0,0.0,0.0,114921.8
1654593,IT,CZ,RAILW,FURNI,0.02,2298.269,3,3,2298.269,0.0,0.0,0.0,0.0,114913.45
1773590,IT,CH,TRANS,VEGET,0.01,2298.178,3,3,2298.178,0.0,0.0,0.0,0.0,229817.8
1655187,IT,CZ,BUSIN,AIRTR,0.02,2298.166,3,3,2298.166,0.0,0.0,0.0,0.0,114908.3
1661726,IT,DK,LEATH,CEREA,0.02,2297.889,3,3,2297.889,0.0,0.0,0.0,0.0,114894.45
1806456,IT,WF,TRANS,HEAVY,0.01,2297.695,3,3,2297.695,0.0,0.0,0.0,0.0,229769.5
1680781,IT,GR,HOTEL,TOBAC,0.02,2297.613,3,3,2297.613,0.0,0.0,0.0,0.0,114880.65
1709648,IT,LT,PRINT,RETA1,0.02,2297.588,3,3,2297.588,0.0,0.0,0.0,0.0,114879.4
1785271,IT,ZA,TEXTI,MEMBE,0.01,2297.573,3,3,2297.573,0.0,0.0,0.0,0.0,229757.3
1813676,IT,WM,RETA1,RADIO,0.02,2297.53,3,3,2297.53,0.0,0.0,0.0,0.0,114876.5
1728187,IT,SE,PROCE,REALE,0.02,2297.416,3,3,2297.416,0.0,0.0,0.0,0.0,114870.8
1734562,IT,SK,FOOD5,POSTT,0.01,2297.402,3,3,2297.402,0.0,0.0,0.0,0.0,229740.2
1668085,IT,ES,CONST,CROPS,0.01,2297.386,3,3,2297.386,0.0,0.0,0.0,0.0,229738.6
1802682,IT,WE,RENTI,AUXIL,0.01,2297.382,3,3,2297.382,0.0,0.0,0.0,0.0,229738.2
1775092,IT,CH,RENTI,PAPE3,0.01,2297.221,3,3,2297.221,0.0,0.0,0.0,0.0,229722.1
1747010,IT,JP,TRANS,ALUM1,0.01,2297.211,3,3,2297.211,0.0,0.0,0.0,0.0,229721.1
1759852,IT,BR,FOODW,CONST,0.02,2296.583,3,3,2296.583,0.0,0.0,0.0,0.0,114829.15
1724999,IT,PT,FOODW,NONF1,0.02,2296.554,3,3,2296.554,0.0,0.0,0.0,0.0,114827.7
1755116,IT,KR,LEATH,REFI1,0.02,2296.473,3,3,2296.473,0.0,0.0,0.0,0.0,114823.65
1774407,IT,CH,RAILW,WOODW,0.02,2296.232,3,3,2296.232,0.0,0.0,0.0,0.0,114811.6
1759475,IT,BR,AUXIL,WHOLE,0.04,2296.151,3,3,2296.151,0.0,0.0,0.0,0.0,57403.775
1767977,IT,RU,COMPU,STEAM,0.03,2296.09,3,3,2296.09,0.0,0.0,0.0,0.0,76536.333333
1779459,IT,TR,RENTI,BITUM,0.01,2295.968,3,3,2295.968,0.0,0.0,0.0,0.0,229596.8
1670081,IT,ES,FOOD4,FOOD5,0.02,2295.848,3,3,2295.848,0.0,0.0,0.0,0.0,114792.4
1663351,IT,DK,SUPPO,MEDIC,0.02,2295.727,3,3,2295.727,0.0,0.0,0.0,0.0,114786.35
1734317,IT,SI,BUSIN,ELEC1,0.02,2295.609,3,3,2295.609,0.0,0.0,0.0,0.0,114780.45
1660162,IT,DE,SUPPO,ADDIT,0.02,2295.593,3,3,2295.593,0.0,0.0,0.0,0.0,114779.65
1769900,IT,AU,MOTO1,TEXTI,0.01,2295.457,3,3,2295.457,0.0,0.0,0.0,0.0,229545.7
1735771,IT,SK,MACHI,MEAT4,0.01,2295.236,3,3,2295.236,0.0,0.0,0.0,0.0,229523.6
1814261,IT,WM,POSTT,ALUM1,0.04,2295.101,3,3,2295.101,0.0,0.0,0.0,0.0,57377.525
1791143,IT,WA,TRANS,PAPE1,0.01,2295.04,3,3,2295.04,0.0,0.0,0.0,0.0,229504.0
1780924,IT,TW,RESEA,AUXIL,0.01,2294.967,3,3,2294.967,0.0,0.0,0.0,0.0,229496.7
1744620,IT,US,RENTI,SUPPO,0.01,2294.956,3,3,2294.956,0.0,0.0,0.0,0.0,229495.6
1710556,IT,LT,POSTT,PUBLI,0.04,2294.914,3,3,2294.914,0.0,0.0,0.0,0.0,57372.85
1753894,IT,CA,RAILW,SUGA1,0.02,2294.908,3,3,2294.908,0.0,0.0,0.0,0.0,114745.4
1711443,IT,LU,RAILW,AUXIL,0.02,2294.806,3,3,2294.806,0.0,0.0,0.0,0.0,114740.3
1780591,IT,TW,INSUR,WEARI,0.05,2294.701,3,3,2294.701,0.0,0.0,0.0,0.0,45894.02
1792978,IT,WA,OILHA,MEATA,0.01,2294.523,3,3,2294.523,0.0,0.0,0.0,0.0,229452.3
1724776,IT,PT,RENTI,HOTEL,0.01,2294.1,3,3,2294.1,0.0,0.0,0.0,0.0,229410.0
1733205,IT,SI,MACHI,NFERT,0.01,2293.985,3,3,2293.985,0.0,0.0,0.0,0.0,229398.5
1650694,IT,BG,RETA1,RENTI,0.02,2293.957,3,3,2293.957,0.0,0.0,0.0,0.0,114697.85
1671533,IT,FI,MACHI,PAPE1,0.01,2293.898,3,3,2293.898,0.0,0.0,0.0,0.0,229389.8
1711956,IT,LU,INERT,FINAN,0.02,2293.849,3,3,2293.849,0.0,0.0,0.0,0.0,114692.45
1810163,IT,WM,WEARI,RADIO,0.02,2293.79,3,3,2293.79,0.0,0.0,0.0,0.0,114689.5
1677403,IT,FR,INSUR,FOUND,0.05,2293.753,3,3,2293.753,0.0,0.0,0.0,0.0,45875.06
1773913,IT,CH,CONST,MOTO1,0.01,2293.66,3,3,2293.66,0.0,0.0,0.0,0.0,229366.0
1654028,IT,CZ,MACHI,BLAST,0.01,2293.335,3,3,2293.335,0.0,0.0,0.0,0.0,229333.5
1767913,IT,RU,RENTI,BEVER,0.01,2293.301,3,3,2293.301,0.0,0.0,0.0,0.0,229330.1
1743702,IT,US,RAILW,RAILW,0.02,2292.948,3,3,2292.948,0.0,0.0,0.0,0.0,114647.4
1678279,IT,FR,FOOD2,EDUCA,0.01,2292.924,3,3,2292.924,0.0,0.0,0.0,0.0,229292.4
1752264,IT,CA,FORES,WHOLE,0.02,2292.615,4,4,2291.615,0.0,1.0,0.0,0.0,114630.75
1744806,IT,US,RESEA,ELEC8,0.01,2292.479,3,3,2292.479,0.0,0.0,0.0,0.0,229247.9
1785176,IT,ZA,FOOD5,ELEC3,0.01,2292.312,3,3,2292.312,0.0,0.0,0.0,0.0,229231.2
1767594,IT,RU,SUPPO,LIQUE,0.02,2292.277,3,3,2292.277,0.0,0.0,0.0,0.0,114613.85
1760433,IT,IN,FOOD5,BIOGA,0.01,2292.017,3,3,2292.017,0.0,0.0,0.0,0.0,229201.7
1783597,IT,NO,FOOD2,REALE,0.01,2291.992,3,3,2291.992,0.0,0.0,0.0,0.0,229199.2
1669909,IT,ES,PUBLI,EDUCA,0.04,2291.882,3,3,2291.882,0.0,0.0,0.0,0.0,57297.05
1776388,IT,TR,PRINT,MEDIC,0.02,2291.706,3,3,2291.706,0.0,0.0,0.0,0.0,114585.3
1748303,IT,JP,RECRE,POSTT,0.03,2291.647,3,3,2291.647,0.0,0.0,0.0,0.0,76388.233333
1797086,IT,WL,POSTT,PIGS9,0.04,2291.501,3,3,2291.501,0.0,0.0,0.0,0.0,57287.525
1665461,IT,ES,WEARI,SUGA1,0.02,2291.44,3,3,2291.44,0.0,0.0,0.0,0.0,114572.0
1748226,IT,JP,INTER,AUXIL,0.01,2291.027,3,3,2291.027,0.0,0.0,0.0,0.0,229102.7
1644914,IT,BE,LEATH,SALEM,0.02,2290.817,3,3,2290.817,0.0,0.0,0.0,0.0,114540.85
1688196,IT,HU,BUSIN,WASTE,0.02,2290.482,3,3,2290.482,0.0,0.0,0.0,0.0,114524.1
1716639,IT,NL,RETAI,NFERT,0.02,2290.238,3,3,2290.238,0.0,0.0,0.0,0.0,114511.9
1770371,IT,AU,LANDT,LEATH,0.01,2289.776,3,3,2289.776,0.0,0.0,0.0,0.0,228977.6
1644852,IT,BE,WEARI,CHEM1,0.02,2289.603,3,3,2289.603,0.0,0.0,0.0,0.0,114480.15
1725358,IT,RO,TEXTI,MEATA,0.01,2289.487,3,3,2289.487,0.0,0.0,0.0,0.0,228948.7
1733191,IT,SI,MACHI,VEGE1,0.01,2289.431,3,3,2289.431,0.0,0.0,0.0,0.0,228943.1
1771363,IT,CH,PROCE,AUXIL,0.02,2289.183,3,3,2289.183,0.0,0.0,0.0,0.0,114459.15
1730860,IT,SE,PUBLI,BUSIN,0.04,2288.727,3,3,2288.727,0.0,0.0,0.0,0.0,57218.175
1759450,IT,BR,AUXIL,MEATC,0.04,2288.612,3,3,2288.612,0.0,0.0,0.0,0.0,57215.3
1655220,IT,CZ,PUBLI,BIOG1,0.04,2288.443,3,3,2288.443,0.0,0.0,0.0,0.0,57211.075
1734549,IT,SK,FOOD5,MEATP,0.01,2288.363,3,3,2288.363,0.0,0.0,0.0,0.0,228836.3
1741026,IT,US,TEXTI,PADDY,0.01,2288.331,3,3,2288.331,0.0,0.0,0.0,0.0,228833.1
1744077,IT,US,SUPPO,RAWMI,0.02,2288.066,3,3,2288.066,0.0,0.0,0.0,0.0,114403.3
1736090,IT,SK,CONST,MEAT1,0.01,2287.973,3,3,2287.973,0.0,0.0,0.0,0.0,228797.3
1727428,IT,RO,FINAN,AUXIL,0.03,2287.881,3,3,2287.881,0.0,0.0,0.0,0.0,76262.7
1687043,IT,HU,MOTO1,FORES,0.01,2287.759,3,3,2287.759,0.0,0.0,0.0,0.0,228775.9
1720890,IT,PL,CONST,EDUCA,0.01,2287.722,3,3,2287.722,0.0,0.0,0.0,0.0,228772.2
1721994,IT,PL,COMPU,COLLE,0.03,2287.719,3,3,2287.719,0.0,0.0,0.0,0.0,76257.3
1736023,IT,SK,TRANS,PUBLI,0.01,2287.616,3,3,2287.616,0.0,0.0,0.0,0.0,228761.6
1792976,IT,WA,INTER,INSUR,0.01,2287.611,3,3,2287.611,0.0,0.0,0.0,0.0,228761.1
1644129,IT,AT,INTER,ELEC4,0.01,2287.509,3,3,2287.509,0.0,0.0,0.0,0.0,228750.9
1714789,IT,NL,PROCE,WASTE,0.02,2287.437,3,3,2287.437,0.0,0.0,0.0,0.0,114371.85
1793718,IT,WL,FOOD5,COMPU,0.01,2287.325,3,3,2287.325,0.0,0.0,0.0,0.0,228732.5
1767993,IT,RU,COMPU,REALE,0.03,2287.074,3,3,2287.074,0.0,0.0,0.0,0.0,76235.8
1689700,IT,IE,FINAN,VEGET,0.03,2287.071,3,3,2287.071,0.0,0.0,0.0,0.0,76235.7
1782803,IT,NO,HOTEL,ELEC4,0.02,2286.94,3,3,2286.94,0.0,0.0,0.0,0.0,114347.0
1677671,IT,FR,RENTI,FISHF,0.01,2286.572,3,3,2286.572,0.0,0.0,0.0,0.0,228657.2
1779329,IT,TR,INSUR,ALUM1,0.05,2286.444,3,3,2286.444,0.0,0.0,0.0,0.0,45728.88
1736302,IT,SK,HOTEL,SEACO,0.02,2286.377,3,3,2286.377,0.0,0.0,0.0,0.0,114318.85
1722093,IT,PL,BUSIN,REFI1,0.02,2286.372,3,3,2286.372,0.0,0.0,0.0,0.0,114318.6
1671766,IT,FI,RETAI,FINAN,0.02,2286.292,3,3,2286.292,0.0,0.0,0.0,0.0,114314.6
1712627,IT,LV,MOTO1,WHEAT,0.01,2286.257,3,3,2286.257,0.0,0.0,0.0,0.0,228625.7
1784755,IT,ID,RETA1,VEGE1,0.02,2285.534,3,3,2285.534,0.0,0.0,0.0,0.0,114276.7
1760437,IT,IN,FOOD5,FURNI,0.01,2285.311,3,3,2285.311,0.0,0.0,0.0,0.0,228531.1
1748302,IT,JP,MEMBE,93197,0.03,2285.152,3,3,2285.152,0.0,0.0,0.0,0.0,76171.733333
1764792,IT,MX,LANDT,LEAD1,0.01,2285.114,3,3,2285.114,0.0,0.0,0.0,0.0,228511.4
1754449,IT,CA,COMPU,EDUCA,0.03,2285.028,3,3,2285.028,0.0,0.0,0.0,0.0,76167.6
1689234,IT,IE,WHOLE,VEGE1,0.02,2284.787,3,3,2284.787,0.0,0.0,0.0,0.0,114239.35
1775105,IT,CH,COMPU,HEAVY,0.03,2284.64,3,3,2284.64,0.0,0.0,0.0,0.0,76154.666667
1797779,IT,WL,OILHA,MEATP,0.01,2284.554,3,3,2284.554,0.0,0.0,0.0,0.0,228455.4
1733507,IT,SI,WHOLE,MACHI,0.02,2284.228,3,3,2284.228,0.0,0.0,0.0,0.0,114211.4
1768255,IT,RU,INERT,PREC1,0.02,2284.128,3,3,2284.128,0.0,0.0,0.0,0.0,114206.4
1665827,IT,ES,PRINT,WEARI,0.02,2284.071,3,3,2284.071,0.0,0.0,0.0,0.0,114203.55
1664736,IT,EE,SUPPO,PUBLI,0.02,2283.748,3,3,2283.748,0.0,0.0,0.0,0.0,114187.4
1771622,IT,CH,WEARI,PIGS9,0.02,2283.604,3,3,2283.604,0.0,0.0,0.0,0.0,114180.2
1769016,IT,AU,PRINT,DIST1,0.02,2283.505,3,3,2283.505,0.0,0.0,0.0,0.0,114175.25
1727893,IT,RO,PAPE4,OFFIC,0.02,2283.124,3,3,2283.124,0.0,0.0,0.0,0.0,114156.2
1770760,IT,AU,RENTI,ELECT,0.01,2283.069,3,3,2283.069,0.0,0.0,0.0,0.0,228306.9
1807630,IT,WF,RESEA,ELECT,0.01,2282.911,3,3,2282.911,0.0,0.0,0.0,0.0,228291.1
1807632,IT,WF,RESEA,MEDIC,0.01,2282.877,3,3,2282.877,0.0,0.0,0.0,0.0,228287.7
1782467,IT,NO,MACHI,DIST1,0.01,2282.825,3,3,2282.825,0.0,0.0,0.0,0.0,228282.5
1688020,IT,HU,RENTI,FOOD2,0.01,2282.822,3,3,2282.822,0.0,0.0,0.0,0.0,228282.2
1787160,IT,ZA,PUBLI,OFFIC,0.04,2282.796,3,3,2282.796,0.0,0.0,0.0,0.0,57069.9
1786725,IT,ZA,RETA1,FABRI,0.02,2282.751,3,3,2282.751,0.0,0.0,0.0,0.0,114137.55
1778401,IT,TR,WHOLE,ANIMA,0.02,2282.723,3,3,2282.723,0.0,0.0,0.0,0.0,114136.15
1803889,IT,WF,WEARI,STONE,0.02,2282.708,3,3,2282.708,0.0,0.0,0.0,0.0,114135.4
1726856,IT,RO,RETA1,MEAT4,0.02,2282.593,3,3,2282.593,0.0,0.0,0.0,0.0,114129.65
1770069,IT,AU,WHOLE,CATTL,0.02,2282.539,3,3,2282.539,0.0,0.0,0.0,0.0,114126.95
1647804,IT,BE,AUXIL,BIODI,0.04,2282.509,3,3,2282.509,0.0,0.0,0.0,0.0,57062.725
1677059,IT,FR,SUPPO,LIQUI,0.02,2282.443,3,3,2282.443,0.0,0.0,0.0,0.0,114122.15
1770781,IT,AU,COMPU,PFERT,0.03,2282.399,3,3,2282.399,0.0,0.0,0.0,0.0,76079.966667
1663408,IT,DK,FINAN,INSUR,0.03,2282.307,3,3,2282.307,0.0,0.0,0.0,0.0,76076.9
1667971,IT,ES,TRANS,ALUM1,0.01,2282.215,3,3,2282.215,0.0,0.0,0.0,0.0,228221.5
1661896,IT,DK,PRINT,BEVER,0.02,2282.091,3,3,2282.091,0.0,0.0,0.0,0.0,114104.55
1775070,IT,CH,RENTI,ELEC8,0.01,2281.967,3,3,2281.967,0.0,0.0,0.0,0.0,228196.7
1679190,IT,GR,PRINT,FINAN,0.02,2281.914,3,3,2281.914,0.0,0.0,0.0,0.0,114095.7
1717456,IT,NL,AUXIL,CHEM1,0.04,2281.786,3,3,2281.786,0.0,0.0,0.0,0.0,57044.65
1676335,IT,FR,RETAI,EDUCA,0.02,2281.748,3,3,2281.748,0.0,0.0,0.0,0.0,114087.4
1787640,IT,WA,MEAT4,NONME,0.01,2281.71,3,3,2281.71,0.0,0.0,0.0,0.0,228171.0
1733589,IT,SI,RETA1,FOOD4,0.02,2281.56,3,3,2281.56,0.0,0.0,0.0,0.0,114078.0
1678502,IT,FR,93197,RENTI,0.02,2281.527,3,3,2281.527,0.0,0.0,0.0,0.0,114076.35
1793265,IT,WA,PRIVA,LIQUE,0.51,2281.432,3,3,2281.432,0.0,0.0,0.0,0.0,4473.396078
1797506,IT,WL,BUSIN,KEROS,0.02,2281.411,3,3,2281.411,0.0,0.0,0.0,0.0,114070.55
1756834,IT,KR,POSTT,PAPER,0.04,2281.302,3,3,2281.302,0.0,0.0,0.0,0.0,57032.55
1748135,IT,JP,EDUCA,RADIO,0.06,2281.295,3,3,2281.295,0.0,0.0,0.0,0.0,38021.583333
1728432,IT,SE,WEARI,RAILW,0.02,2281.203,3,3,2281.203,0.0,0.0,0.0,0.0,114060.15
1759612,IT,BR,COMPU,PAPE4,0.03,2281.148,3,3,2281.148,0.0,0.0,0.0,0.0,76038.266667
1752487,IT,CA,FOOD5,OILSE,0.01,2280.889,3,3,2280.889,0.0,0.0,0.0,0.0,228088.9
1733627,IT,SI,HOTEL,NONF1,0.02,2280.831,3,3,2280.831,0.0,0.0,0.0,0.0,114041.55
1775563,IT,CH,TEXT2,CONST,0.02,2280.812,3,3,2280.812,0.0,0.0,0.0,0.0,114040.6
1736568,IT,SK,SUPPO,RETAI,0.02,2280.766,3,3,2280.766,0.0,0.0,0.0,0.0,114038.3
1682281,IT,HR,LEATH,STEAM,0.02,2280.679,3,3,2280.679,0.0,0.0,0.0,0.0,114033.95
1774000,IT,CH,RETAI,MEATA,0.02,2280.577,3,3,2280.577,0.0,0.0,0.0,0.0,114028.85
1780642,IT,TW,INSUR,93197,0.05,2280.457,3,3,2280.457,0.0,0.0,0.0,0.0,45609.14
1756828,IT,KR,POSTT,FOOD5,0.04,2280.405,3,3,2280.405,0.0,0.0,0.0,0.0,57010.125
1741360,IT,US,PRINT,RUBBE,0.02,2280.393,3,3,2280.393,0.0,0.0,0.0,0.0,114019.65
1641155,IT,AT,PRINT,FISH5,0.02,2280.384,3,3,2280.384,0.0,0.0,0.0,0.0,114019.2
1802293,IT,WE,LANDT,AIRTR,0.01,2280.16,3,3,2280.16,0.0,0.0,0.0,0.0,228016.0
1751642,IT,CN,FINAN,MOTO1,0.03,2280.116,3,3,2280.116,0.0,0.0,0.0,0.0,76003.866667
1770401,IT,AU,LANDT,AIRTR,0.01,2280.11,3,3,2280.11,0.0,0.0,0.0,0.0,228011.0
1660474,IT,DE,INSUR,LIQUE,0.05,2280.072,3,3,2280.072,0.0,0.0,0.0,0.0,45601.44
1726655,IT,RO,TRANS,POULT,0.01,2279.982,3,3,2279.982,0.0,0.0,0.0,0.0,227998.2
1711532,IT,LU,POSTT,TRAN2,0.04,2279.975,3,3,2279.975,0.0,0.0,0.0,0.0,56999.375
1654451,IT,CZ,RETA1,BASIC,0.02,2279.879,3,3,2279.879,0.0,0.0,0.0,0.0,113993.95
1778817,IT,TR,LANDT,STEAM,0.01,2279.603,3,3,2279.603,0.0,0.0,0.0,0.0,227960.3
1771651,IT,CH,WEARI,GLASS,0.02,2279.591,3,3,2279.591,0.0,0.0,0.0,0.0,113979.55
1722284,IT,PL,93197,AIRTR,0.02,2279.506,3,3,2279.506,0.0,0.0,0.0,0.0,113975.3
1740418,IT,GB,SEWAG,WHOLE,0.02,2279.138,3,3,2279.138,0.0,0.0,0.0,0.0,113956.9
1814545,IT,WM,BUSIN,NONFE,0.02,2278.749,3,3,2278.749,0.0,0.0,0.0,0.0,113937.45
1687517,IT,HU,LANDT,HEAVY,0.01,2278.413,3,3,2278.413,0.0,0.0,0.0,0.0,227841.3
1733784,IT,SI,LANDT,ELEC7,0.01,2278.307,3,3,2278.307,0.0,0.0,0.0,0.0,227830.7
1650828,IT,BG,LANDT,HEAVY,0.01,2277.97,3,3,2277.97,0.0,0.0,0.0,0.0,227797.0
1740227,IT,GB,BUSIN,PREC1,0.02,2277.897,3,3,2277.897,0.0,0.0,0.0,0.0,113894.85
1802864,IT,WE,FOOD4,PAPER,0.02,2277.87,3,3,2277.87,0.0,0.0,0.0,0.0,113893.5
1716928,IT,NL,RAILW,TEXTI,0.02,2277.685,3,3,2277.685,0.0,0.0,0.0,0.0,113884.25
1741160,IT,US,LEATH,CEMEN,0.02,2277.681,3,3,2277.681,0.0,0.0,0.0,0.0,113884.05
1724817,IT,PT,COMPU,REALE,0.03,2277.67,3,3,2277.67,0.0,0.0,0.0,0.0,75922.333333
1676318,IT,FR,RETAI,PLAST,0.02,2277.517,3,3,2277.517,0.0,0.0,0.0,0.0,113875.85
1740923,IT,US,FOOD5,LEATH,0.01,2277.418,3,3,2277.418,0.0,0.0,0.0,0.0,227741.8
1672310,IT,FI,COMPU,MACHI,0.03,2277.397,3,3,2277.397,0.0,0.0,0.0,0.0,75913.233333
1734368,IT,SI,PUBLI,PUBLI,0.04,2277.158,3,3,2277.158,0.0,0.0,0.0,0.0,56928.95
1792946,IT,WA,PAPE1,RETA1,0.02,2277.024,3,3,2277.024,0.0,0.0,0.0,0.0,113851.2
1784097,IT,ID,LEATH,AUXIL,0.02,2276.943,3,3,2276.943,0.0,0.0,0.0,0.0,113847.15
1814697,IT,WM,INTER,VEGET,0.01,2276.897,3,3,2276.897,0.0,0.0,0.0,0.0,227689.7
1673397,IT,FR,WEARI,VEGE1,0.02,2276.665,3,3,2276.665,0.0,0.0,0.0,0.0,113833.25
1744172,IT,US,SUPPO,TEXT2,0.02,2276.456,3,3,2276.456,0.0,0.0,0.0,0.0,113822.8
1647002,IT,BE,RETA1,CERAM,0.02,2276.452,3,3,2276.452,0.0,0.0,0.0,0.0,113822.6
1678103,IT,FR,PAPE1,PAPER,0.02,2276.162,3,3,2276.162,0.0,0.0,0.0,0.0,113808.1
1803439,IT,WF,MEAT1,FISHF,0.01,2276.133,3,3,2276.133,0.0,0.0,0.0,0.0,227613.3
1760071,IT,BR,OILHA,SALEM,0.01,2276.013,3,3,2276.013,0.0,0.0,0.0,0.0,227601.3
1690028,IT,IE,REALE,WASTE,0.1,2275.9,3,3,2275.9,0.0,0.0,0.0,0.0,22759.0
1648346,IT,BE,HEALT,RESEA,0.01,2275.615,3,3,2275.615,0.0,0.0,0.0,0.0,227561.5
1712166,IT,LV,LEATH,CONST,0.02,2275.595,3,3,2275.595,0.0,0.0,0.0,0.0,113779.75
1794204,IT,WL,PRINT,RADIO,0.02,2275.203,3,3,2275.203,0.0,0.0,0.0,0.0,113760.15
1687701,IT,HU,SUPPO,OILSE,0.02,2275.188,3,3,2275.188,0.0,0.0,0.0,0.0,113759.4
1688219,IT,HU,RECRE,BUSIN,0.03,2275.085,3,3,2275.085,0.0,0.0,0.0,0.0,75836.166667
1678986,IT,GR,LEATH,PLANT,0.02,2274.785,3,3,2274.785,0.0,0.0,0.0,0.0,113739.25
1746998,IT,JP,TRANS,VEGET,0.01,2274.756,3,3,2274.756,0.0,0.0,0.0,0.0,227475.6
1792494,IT,WA,REALE,FOOD5,0.1,2274.712,3,3,2274.712,0.0,0.0,0.0,0.0,22747.12
1811211,IT,WM,WHITE,MEATC,0.01,2274.439,3,3,2274.439,0.0,0.0,0.0,0.0,227443.9
1748691,IT,CN,FOOD5,WEARI,0.01,2274.43,3,3,2274.43,0.0,0.0,0.0,0.0,227443.0
1814448,IT,WM,COMPU,HEAVY,0.03,2274.294,3,3,2274.294,0.0,0.0,0.0,0.0,75809.8
1716790,IT,NL,RETA1,TRAN2,0.02,2274.255,3,3,2274.255,0.0,0.0,0.0,0.0,113712.75
1740423,IT,GB,SEWAG,PLAS2,0.02,2274.218,3,3,2274.218,0.0,0.0,0.0,0.0,113710.9
1669479,IT,ES,AUXIL,KEROS,0.04,2274.188,3,3,2274.188,0.0,0.0,0.0,0.0,56854.7
1727525,IT,RO,AUXIL,INERT,0.04,2274.014,3,3,2274.014,0.0,0.0,0.0,0.0,56850.35
1670104,IT,ES,PAPE4,PRECI,0.01,2273.657,3,3,2273.657,0.0,0.0,0.0,0.0,227365.7
1793280,IT,WA,PRIVA,BIODI,0.51,2273.599,3,3,2273.599,0.0,0.0,0.0,0.0,4458.037255
1814973,IT,WM,PRIVA,INLAN,0.51,2273.525,3,3,2273.525,0.0,0.0,0.0,0.0,4457.892157
1787634,IT,WA,MEAT4,NFERT,0.01,2273.449,3,3,2273.449,0.0,0.0,0.0,0.0,227344.9
1754401,IT,CA,RENTI,CHEM1,0.01,2273.322,3,3,2273.322,0.0,0.0,0.0,0.0,227332.2
1752671,IT,CA,WEARI,CERAM,0.02,2273.234,3,3,2273.234,0.0,0.0,0.0,0.0,113661.7
1774226,IT,CH,RETA1,MEDIC,0.02,2272.972,3,3,2272.972,0.0,0.0,0.0,0.0,113648.6
1782721,IT,NO,RETA1,PFERT,0.02,2272.934,3,3,2272.934,0.0,0.0,0.0,0.0,113646.7
1761874,IT,IN,TRANS,ELECT,0.01,2272.773,3,3,2272.773,0.0,0.0,0.0,0.0,227277.3
1714268,IT,MT,BUSIN,FOOD5,0.02,2272.728,3,3,2272.728,0.0,0.0,0.0,0.0,113636.4
1767601,IT,RU,SUPPO,ALUM1,0.02,2272.613,3,3,2272.613,0.0,0.0,0.0,0.0,113630.65
1778603,IT,TR,HOTEL,BITUM,0.02,2272.258,3,3,2272.258,0.0,0.0,0.0,0.0,113612.9
1683932,IT,HR,SALEM,PRINT,0.02,2272.231,3,3,2272.231,0.0,0.0,0.0,0.0,113611.55
1711773,IT,LU,PUBLI,TEXTI,0.04,2272.132,3,3,2272.132,0.0,0.0,0.0,0.0,56803.3
1690315,IT,IE,FOOD2,PULP5,0.01,2272.104,3,3,2272.104,0.0,0.0,0.0,0.0,227210.4
1802113,IT,WE,RETA1,TRANS,0.02,2272.063,3,3,2272.063,0.0,0.0,0.0,0.0,113603.15
1747249,IT,JP,WHOLE,CATTL,0.02,2271.896,3,3,2271.896,0.0,0.0,0.0,0.0,113594.8
1788634,IT,WA,PRINT,NONF1,0.02,2271.865,3,3,2271.865,0.0,0.0,0.0,0.0,113593.25
1745192,IT,JP,CROPS,LIQUE,0.02,2271.57,3,3,2271.57,0.0,0.0,0.0,0.0,113578.5
1751873,IT,CN,COMPU,MEATC,0.03,2271.419,3,3,2271.419,0.0,0.0,0.0,0.0,75713.966667
1792527,IT,WA,REALE,LANDT,0.1,2271.391,3,3,2271.391,0.0,0.0,0.0,0.0,22713.91
1642796,IT,AT,MACHI,FOOD3,0.01,2271.103,3,3,2271.103,0.0,0.0,0.0,0.0,227110.3
1642698,IT,AT,MACHI,FORES,0.01,2271.06,3,3,2271.06,0.0,0.0,0.0,0.0,227106.0
1678379,IT,FR,PAPE4,RUBBE,0.01,2270.843,3,3,2270.843,0.0,0.0,0.0,0.0,227084.3
1773615,IT,CH,TRANS,RETAI,0.01,2270.755,3,3,2270.755,0.0,0.0,0.0,0.0,227075.5
1643123,IT,AT,RETA1,CEREA,0.02,2270.687,3,3,2270.687,0.0,0.0,0.0,0.0,113534.35
1729977,IT,SE,CONST,EDUCA,0.01,2270.623,3,3,2270.623,0.0,0.0,0.0,0.0,227062.3
1662928,IT,DK,RETA1,NONME,0.02,2270.509,3,3,2270.509,0.0,0.0,0.0,0.0,113525.45
1729868,IT,SE,MOTO1,INTER,0.01,2270.482,3,3,2270.482,0.0,0.0,0.0,0.0,227048.2
1689642,IT,IE,SUPPO,HEALT,0.02,2270.433,3,3,2270.433,0.0,0.0,0.0,0.0,113521.65
1759241,IT,BR,POSTT,FISH5,0.04,2270.409,3,3,2270.409,0.0,0.0,0.0,0.0,56760.225
1767189,IT,RU,WHOLE,RESEA,0.02,2270.265,3,3,2270.265,0.0,0.0,0.0,0.0,113513.25
1780433,IT,TW,SUPPO,RADIO,0.02,2270.252,3,3,2270.252,0.0,0.0,0.0,0.0,113512.6
1652809,IT,CZ,PRINT,MOTOR,0.02,2270.206,3,3,2270.206,0.0,0.0,0.0,0.0,113510.3
1813560,IT,WM,WHOLE,NFERT,0.02,2270.107,3,3,2270.107,0.0,0.0,0.0,0.0,113505.35
1757367,IT,BR,WEARI,SEACO,0.02,2270.046,3,3,2270.046,0.0,0.0,0.0,0.0,113502.3
1731849,IT,SI,PRINT,FISH5,0.02,2270.022,3,3,2270.022,0.0,0.0,0.0,0.0,113501.1
1711455,IT,LU,LANDT,DISTR,0.01,2269.925,3,3,2269.925,0.0,0.0,0.0,0.0,226992.5
1710862,IT,LU,PRINT,LANDT,0.02,2269.782,3,3,2269.782,0.0,0.0,0.0,0.0,113489.1
1678097,IT,FR,FOODW,WOOD2,0.02,2269.505,3,3,2269.505,0.0,0.0,0.0,0.0,113475.25
1754913,IT,KR,TEXTI,FORES,0.01,2269.454,3,3,2269.454,0.0,0.0,0.0,0.0,226945.4
1773298,IT,CH,MACHI,MEAT1,0.01,2269.389,3,3,2269.389,0.0,0.0,0.0,0.0,226938.9
1814699,IT,WM,INTER,NATUR,0.01,2269.28,3,3,2269.28,0.0,0.0,0.0,0.0,226928.0
1779437,IT,TR,REALE,RETA1,0.1,2269.235,3,3,2269.235,0.0,0.0,0.0,0.0,22692.35
1768247,IT,RU,FOOD4,ALUM1,0.02,2269.229,3,3,2269.229,0.0,0.0,0.0,0.0,113461.45
1722273,IT,PL,93197,PRINT,0.02,2269.171,3,3,2269.171,0.0,0.0,0.0,0.0,113458.55
1736091,IT,SK,CONST,VEGE1,0.01,2268.682,3,3,2268.682,0.0,0.0,0.0,0.0,226868.2
1781172,IT,TW,WOOD2,VEGET,0.01,2268.631,3,3,2268.631,0.0,0.0,0.0,0.0,226863.1
1676156,IT,FR,CONST,MEATC,0.01,2268.63,3,3,2268.63,0.0,0.0,0.0,0.0,226863.0
1798058,IT,WL,MEMBE,BUSIN,0.03,2268.54,3,3,2268.54,0.0,0.0,0.0,0.0,75618.0
1758469,IT,BR,MACHI,NONFE,0.01,2268.179,3,3,2268.179,0.0,0.0,0.0,0.0,226817.9
1721577,IT,PL,POSTT,BITUM,0.04,2268.168,3,3,2268.168,0.0,0.0,0.0,0.0,56704.2
1765575,IT,RU,LEATH,TRAN2,0.02,2267.833,3,3,2267.833,0.0,0.0,0.0,0.0,113391.65
1739331,IT,GB,HOTEL,INERT,0.02,2267.801,3,3,2267.801,0.0,0.0,0.0,0.0,113390.05
1728366,IT,SE,TEXTI,COPP1,0.01,2267.727,3,3,2267.727,0.0,0.0,0.0,0.0,226772.7
1813754,IT,WM,HOTEL,RADIO,0.02,2267.52,3,3,2267.52,0.0,0.0,0.0,0.0,113376.0
1760541,IT,IN,LEATH,PLAST,0.02,2267.488,3,3,2267.488,0.0,0.0,0.0,0.0,113374.4
1727230,IT,RO,SUPPO,BIODI,0.02,2267.299,3,3,2267.299,0.0,0.0,0.0,0.0,113364.95
1677343,IT,FR,FINAN,PAPE4,0.03,2267.284,3,3,2267.284,0.0,0.0,0.0,0.0,75576.133333
1793029,IT,WA,FOOD4,CATTL,0.02,2267.197,3,3,2267.197,0.0,0.0,0.0,0.0,113359.85
1764230,IT,MX,MACHI,NONSP,0.01,2267.062,3,3,2267.062,0.0,0.0,0.0,0.0,226706.2
1774803,IT,CH,POSTT,MEDIC,0.04,2267.002,3,3,2267.002,0.0,0.0,0.0,0.0,56675.05
1797732,IT,WL,INTER,FOOD5,0.01,2266.78,3,3,2266.78,0.0,0.0,0.0,0.0,226678.0
1772084,IT,CH,PRINT,FOOD2,0.02,2266.449,3,3,2266.449,0.0,0.0,0.0,0.0,113322.45
1785044,IT,ID,BUSIN,RAILW,0.02,2266.187,3,3,2266.187,0.0,0.0,0.0,0.0,113309.35
1650801,IT,BG,LANDT,RAWMI,0.01,2265.682,3,3,2265.682,0.0,0.0,0.0,0.0,226568.2
1684184,IT,HR,LANDT,RETAI,0.01,2265.627,3,3,2265.627,0.0,0.0,0.0,0.0,226562.7
1663596,IT,DK,BUSIN,MEAT1,0.02,2265.555,3,3,2265.555,0.0,0.0,0.0,0.0,113277.75
1655925,IT,DE,PROCE,ELEC2,0.02,2265.467,3,3,2265.467,0.0,0.0,0.0,0.0,113273.35
1784752,IT,ID,RETA1,FISHF,0.02,2265.458,3,3,2265.458,0.0,0.0,0.0,0.0,113272.9
1791457,IT,WA,WHOLE,TRANS,0.02,2265.393,3,3,2265.393,0.0,0.0,0.0,0.0,113269.65
1640872,IT,AT,LEATH,REFIN,0.02,2265.279,3,3,2265.279,0.0,0.0,0.0,0.0,113263.95
1646853,IT,BE,RETAI,REALE,0.02,2265.26,3,3,2265.26,0.0,0.0,0.0,0.0,113263.0
1740072,IT,GB,RENTI,PLAS1,0.01,2265.209,3,3,2265.209,0.0,0.0,0.0,0.0,226520.9
1646738,IT,BE,CONST,BIODI,0.01,2265.091,3,3,2265.091,0.0,0.0,0.0,0.0,226509.1
1717823,IT,NL,RECRE,HOTEL,0.03,2265.066,3,3,2265.066,0.0,0.0,0.0,0.0,75502.2
1784775,IT,ID,HOTEL,VEGE1,0.02,2264.837,3,3,2264.837,0.0,0.0,0.0,0.0,113241.85
1744459,IT,US,AUXIL,TRAN2,0.04,2264.619,3,3,2264.619,0.0,0.0,0.0,0.0,56615.475
1689516,IT,IE,LANDT,RESEA,0.01,2264.505,3,3,2264.505,0.0,0.0,0.0,0.0,226450.5
1676336,IT,FR,RETAI,HEALT,0.02,2264.446,3,3,2264.446,0.0,0.0,0.0,0.0,113222.3
1669156,IT,ES,POSTT,BITU1,0.04,2264.309,3,3,2264.309,0.0,0.0,0.0,0.0,56607.725
1731102,IT,SI,FORES,WHOLE,0.02,2263.94,4,4,2262.94,0.0,1.0,0.0,0.0,113197.0
1668396,IT,ES,RETA1,PFERT,0.02,2263.692,3,3,2263.692,0.0,0.0,0.0,0.0,113184.6
1769907,IT,AU,MOTO1,GLASS,0.01,2263.649,3,3,2263.649,0.0,0.0,0.0,0.0,226364.9
1791519,IT,WA,RETA1,SUGA1,0.02,2263.636,3,3,2263.636,0.0,0.0,0.0,0.0,113181.8
1710355,IT,LT,RETA1,REALE,0.02,2263.618,3,3,2263.618,0.0,0.0,0.0,0.0,113180.9
1731004,IT,SE,FOOD2,BUSIN,0.01,2263.489,3,3,2263.489,0.0,0.0,0.0,0.0,226348.9
1751247,IT,CN,HOTEL,RAILW,0.02,2263.278,3,3,2263.278,0.0,0.0,0.0,0.0,113163.9
1792738,IT,WA,BUSIN,NONSP,0.02,2263.266,3,3,2263.266,0.0,0.0,0.0,0.0,113163.3
1754252,IT,CA,POSTT,COLLE,0.04,2263.256,3,3,2263.256,0.0,0.0,0.0,0.0,56581.4
1801980,IT,WE,WHOLE,OILSE,0.02,2262.853,3,3,2262.853,0.0,0.0,0.0,0.0,113142.65
1813669,IT,WM,RETA1,COPP1,0.02,2262.775,3,3,2262.775,0.0,0.0,0.0,0.0,113138.75
1710349,IT,LT,RETA1,MOTO1,0.02,2262.766,3,3,2262.766,0.0,0.0,0.0,0.0,113138.3
1670062,IT,ES,FOOD2,AIRTR,0.01,2262.553,3,3,2262.553,0.0,0.0,0.0,0.0,226255.3
1689718,IT,IE,FINAN,BEVER,0.03,2262.5,3,3,2262.5,0.0,0.0,0.0,0.0,75416.666667
1661130,IT,DE,FOOD4,SEWAG,0.02,2262.49,3,3,2262.49,0.0,0.0,0.0,0.0,113124.5
1808110,IT,WF,WOOD1,MEAT4,0.02,2262.445,3,3,2262.445,0.0,0.0,0.0,0.0,113122.25
1726836,IT,RO,WHOLE,OILHA,0.02,2262.428,3,3,2262.428,0.0,0.0,0.0,0.0,113121.4
1786784,IT,ZA,HOTEL,KEROS,0.02,2262.37,3,3,2262.37,0.0,0.0,0.0,0.0,113118.5
1738966,IT,GB,CONST,POSTT,0.01,2262.186,3,3,2262.186,0.0,0.0,0.0,0.0,226218.6
1670109,IT,ES,PAPE4,LEAD1,0.01,2262.005,3,3,2262.005,0.0,0.0,0.0,0.0,226200.5
1780833,IT,TW,COMPU,ELECT,0.03,2261.888,3,3,2261.888,0.0,0.0,0.0,0.0,75396.266667
1792680,IT,WA,RESEA,INLAN,0.01,2261.852,3,3,2261.852,0.0,0.0,0.0,0.0,226185.2
1770772,IT,AU,COMPU,CRUDE,0.03,2261.698,3,3,2261.698,0.0,0.0,0.0,0.0,75389.933333
1748199,IT,JP,PAPE1,BRICK,0.02,2261.656,3,3,2261.656,0.0,0.0,0.0,0.0,113082.8
1765216,IT,RU,PADDY,PAPE4,0.02,2261.618,3,3,2261.618,0.0,0.0,0.0,0.0,113080.9
1716386,IT,NL,MACHI,ALUM1,0.01,2261.51,3,3,2261.51,0.0,0.0,0.0,0.0,226151.0
1733717,IT,SI,RAILW,HEALT,0.02,2261.425,3,3,2261.425,0.0,0.0,0.0,0.0,113071.25
1677280,IT,FR,FINAN,BIOGA,0.03,2260.846,3,3,2260.846,0.0,0.0,0.0,0.0,75361.533333
1683952,IT,HR,WHOLE,FORES,0.02,2260.715,3,3,2260.715,0.0,0.0,0.0,0.0,113035.75
1720597,IT,PL,MOTO1,OILSE,0.01,2260.678,3,3,2260.678,0.0,0.0,0.0,0.0,226067.8
1761752,IT,IN,MACHI,CHARC,0.01,2260.367,3,3,2260.367,0.0,0.0,0.0,0.0,226036.7
1743190,IT,US,TRANS,ANIMA,0.01,2260.305,3,3,2260.305,0.0,0.0,0.0,0.0,226030.5
1740030,IT,GB,RENTI,WEARI,0.01,2260.289,3,3,2260.289,0.0,0.0,0.0,0.0,226028.9
1792173,IT,WA,SUPPO,RADIO,0.02,2260.22,3,3,2260.22,0.0,0.0,0.0,0.0,113011.0
1808073,IT,WF,TEXT1,RETA1,0.02,2260.099,3,3,2260.099,0.0,0.0,0.0,0.0,113004.95
1664871,IT,ES,FORES,CHEM1,0.02,2260.097,4,4,2259.097,0.0,1.0,0.0,0.0,113004.85
1724460,IT,PT,SUPPO,BEVER,0.02,2260.08,3,3,2260.08,0.0,0.0,0.0,0.0,113004.0
1669142,IT,ES,POSTT,PULP5,0.04,2260.072,3,3,2260.072,0.0,0.0,0.0,0.0,56501.8
1792437,IT,WA,AUXIL,RAWMI,0.04,2259.905,3,3,2259.905,0.0,0.0,0.0,0.0,56497.625
1797664,IT,WL,PAPE1,SEACO,0.02,2259.895,3,3,2259.895,0.0,0.0,0.0,0.0,112994.75
1685335,IT,HU,WEARI,SUPPO,0.02,2259.882,3,3,2259.882,0.0,0.0,0.0,0.0,112994.1
1807637,IT,WF,RESEA,TRAN1,0.01,2259.791,3,3,2259.791,0.0,0.0,0.0,0.0,225979.1
1710591,IT,LT,INERT,INERT,0.02,2259.744,3,3,2259.744,0.0,0.0,0.0,0.0,112987.2
1747777,IT,JP,AUXIL,MOTO1,0.04,2259.716,3,3,2259.716,0.0,0.0,0.0,0.0,56492.9
1801843,IT,WE,ELEC8,PRINT,0.03,2259.698,3,3,2259.698,0.0,0.0,0.0,0.0,75323.266667
1797848,IT,WL,FOOD2,RAILW,0.01,2259.638,3,3,2259.638,0.0,0.0,0.0,0.0,225963.8
1667874,IT,ES,MOTO1,FISH5,0.01,2259.555,3,3,2259.555,0.0,0.0,0.0,0.0,225955.5
1758948,IT,BR,RAILW,RADIO,0.02,2259.529,3,3,2259.529,0.0,0.0,0.0,0.0,112976.45
1670232,IT,ES,93197,CONST,0.02,2259.524,3,3,2259.524,0.0,0.0,0.0,0.0,112976.2
1751150,IT,CN,HOTEL,POULT,0.02,2259.46,3,3,2259.46,0.0,0.0,0.0,0.0,112973.0
1647665,IT,BE,FINAN,DIST1,0.03,2259.444,3,3,2259.444,0.0,0.0,0.0,0.0,75314.8
1790980,IT,WA,MOTO1,NFERT,0.01,2259.332,3,3,2259.332,0.0,0.0,0.0,0.0,225933.2
1721121,IT,PL,RAILW,FISH5,0.02,2259.276,3,3,2259.276,0.0,0.0,0.0,0.0,112963.8
1762658,IT,IN,COMPU,INSUR,0.03,2259.241,3,3,2259.241,0.0,0.0,0.0,0.0,75308.033333
1797035,IT,WL,SUPPO,TOBAC,0.02,2259.189,3,3,2259.189,0.0,0.0,0.0,0.0,112959.45
1814335,IT,WM,FINAN,OFFIC,0.03,2259.118,3,3,2259.118,0.0,0.0,0.0,0.0,75303.933333
1690523,IT,IE,TEXT2,RENTI,0.02,2258.757,3,3,2258.757,0.0,0.0,0.0,0.0,112937.85
1739860,IT,GB,FINAN,LEAD1,0.03,2258.751,3,3,2258.751,0.0,0.0,0.0,0.0,75291.7
1716573,IT,NL,SALEM,MEATP,0.02,2258.703,3,3,2258.703,0.0,0.0,0.0,0.0,112935.15
1813884,IT,WM,LANDT,FOUND,0.01,2258.668,3,3,2258.668,0.0,0.0,0.0,0.0,225866.8
1770373,IT,AU,LANDT,PAPER,0.01,2258.577,3,3,2258.577,0.0,0.0,0.0,0.0,225857.7
1711769,IT,LU,PUBLI,DAIRY,0.04,2258.575,3,3,2258.575,0.0,0.0,0.0,0.0,56464.375
1663003,IT,DK,HOTEL,LIQUE,0.02,2258.57,3,3,2258.57,0.0,0.0,0.0,0.0,112928.5
1765465,IT,RU,TEXTI,MEMBE,0.01,2258.487,3,3,2258.487,0.0,0.0,0.0,0.0,225848.7
1678102,IT,FR,PAPE1,TEXTI,0.02,2258.452,3,3,2258.452,0.0,0.0,0.0,0.0,112922.6
1793063,IT,WA,PAPE4,PRIVA,0.01,2258.343,3,3,2258.343,0.0,0.0,0.0,0.0,225834.3
1644277,IT,BE,CROPS,LANDT,0.02,2258.337,3,3,2258.337,0.0,0.0,0.0,0.0,112916.85
1753880,IT,CA,RETA1,POSTT,0.02,2258.235,3,3,2258.235,0.0,0.0,0.0,0.0,112911.75
1650136,IT,BG,MOTO1,OILSE,0.01,2258.234,3,3,2258.234,0.0,0.0,0.0,0.0,225823.4
1778372,IT,TR,RETAI,ELEC5,0.02,2258.041,3,3,2258.041,0.0,0.0,0.0,0.0,112902.05
1782562,IT,NO,TRANS,FISHF,0.01,2257.863,3,3,2257.863,0.0,0.0,0.0,0.0,225786.3
1670164,IT,ES,MEMBE,DIST1,0.03,2257.827,3,3,2257.827,0.0,0.0,0.0,0.0,75260.9
1670178,IT,ES,MEMBE,MEMBE,0.03,2257.805,3,3,2257.805,0.0,0.0,0.0,0.0,75260.166667
1660776,IT,DE,COMPU,MEAT1,0.03,2257.791,3,3,2257.791,0.0,0.0,0.0,0.0,75259.7
1744286,IT,US,POSTT,PAPE3,0.04,2257.755,3,3,2257.755,0.0,0.0,0.0,0.0,56443.875
1649182,IT,BG,PRINT,RETAI,0.02,2257.496,3,3,2257.496,0.0,0.0,0.0,0.0,112874.8
1710337,IT,LT,WHOLE,MEAT1,0.02,2257.449,3,3,2257.449,0.0,0.0,0.0,0.0,112872.45
1807804,IT,WF,FOODW,LEAD1,0.02,2257.274,3,3,2257.274,0.0,0.0,0.0,0.0,112863.7
1779705,IT,TR,BUSIN,POULT,0.02,2257.257,3,3,2257.257,0.0,0.0,0.0,0.0,112862.85
1671922,IT,FI,RAILW,PUBLI,0.02,2257.175,3,3,2257.175,0.0,0.0,0.0,0.0,112858.75
1748309,IT,JP,93197,WHOLE,0.02,2257.152,3,3,2257.152,0.0,0.0,0.0,0.0,112857.6
1647586,IT,BE,POSTT,MOTOR,0.04,2257.1,3,3,2257.1,0.0,0.0,0.0,0.0,56427.5
1722176,IT,PL,BUSIN,PLAS2,0.02,2256.977,3,3,2256.977,0.0,0.0,0.0,0.0,112848.85
1689513,IT,IE,LANDT,AUXIL,0.01,2256.907,3,3,2256.907,0.0,0.0,0.0,0.0,225690.7
1723934,IT,PT,CONST,NONSP,0.01,2256.835,3,3,2256.835,0.0,0.0,0.0,0.0,225683.5
1768683,IT,AU,TEXTI,COLLE,0.01,2256.743,3,3,2256.743,0.0,0.0,0.0,0.0,225674.3
1661379,IT,DK,MEAT1,HEALT,0.01,2256.702,3,3,2256.702,0.0,0.0,0.0,0.0,225670.2
1678438,IT,FR,WOOD2,COPP1,0.01,2256.528,3,3,2256.528,0.0,0.0,0.0,0.0,225652.8
1809821,IT,WM,FOOD5,BIOG1,0.01,2256.52,3,3,2256.52,0.0,0.0,0.0,0.0,225652.0
1784757,IT,ID,RETA1,PFERT,0.02,2256.493,3,3,2256.493,0.0,0.0,0.0,0.0,112824.65
1659168,IT,DE,CONST,GASDI,0.01,2256.44,3,3,2256.44,0.0,0.0,0.0,0.0,225644.0
1752529,IT,CA,FOOD5,FABRI,0.01,2256.198,3,3,2256.198,0.0,0.0,0.0,0.0,225619.8
1734641,IT,SK,TEXTI,DIST1,0.01,2256.169,3,3,2256.169,0.0,0.0,0.0,0.0,225616.9
1802596,IT,WE,INSUR,TOBAC,0.05,2256.102,3,3,2256.102,0.0,0.0,0.0,0.0,45122.04
1808718,IT,WF,TEXT2,FOOD5,0.02,2256.1,3,3,2256.1,0.0,0.0,0.0,0.0,112805.0
1803610,IT,WF,FOOD5,CHEMI,0.01,2256.087,3,3,2256.087,0.0,0.0,0.0,0.0,225608.7
1775453,IT,CH,PAPE1,RETA1,0.02,2255.736,3,3,2255.736,0.0,0.0,0.0,0.0,112786.8
1734147,IT,SI,AUXIL,RESEA,0.04,2255.647,3,3,2255.647,0.0,0.0,0.0,0.0,56391.175
1764366,IT,MX,MOTO1,GASDI,0.01,2255.643,3,3,2255.643,0.0,0.0,0.0,0.0,225564.3
1740358,IT,GB,EDUCA,WHOLE,0.06,2255.52,3,3,2255.52,0.0,0.0,0.0,0.0,37592.0
1651381,IT,CY,PRINT,COMPU,0.02,2255.414,3,3,2255.414,0.0,0.0,0.0,0.0,112770.7
1643496,IT,AT,LANDT,TEXT1,0.01,2255.143,3,3,2255.143,0.0,0.0,0.0,0.0,225514.3
1771170,IT,CH,MEAT4,WOODW,0.01,2254.999,3,3,2254.999,0.0,0.0,0.0,0.0,225499.9
1643756,IT,AT,SUPPO,PAPE1,0.02,2254.982,3,3,2254.982,0.0,0.0,0.0,0.0,112749.1
1673878,IT,FR,PRINT,PLAS2,0.02,2254.981,3,3,2254.981,0.0,0.0,0.0,0.0,112749.05
1788275,IT,WA,LEATH,PETRO,0.02,2254.977,3,3,2254.977,0.0,0.0,0.0,0.0,112748.85
1734153,IT,SI,AUXIL,MEMBE,0.04,2254.941,3,3,2254.941,0.0,0.0,0.0,0.0,56373.525
1710488,IT,LT,LANDT,EDUCA,0.01,2254.906,3,3,2254.906,0.0,0.0,0.0,0.0,225490.6
1723867,IT,PT,TRANS,COMPU,0.01,2254.841,3,3,2254.841,0.0,0.0,0.0,0.0,225484.1
1768010,IT,RU,BUSIN,PIGS9,0.02,2254.639,3,3,2254.639,0.0,0.0,0.0,0.0,112731.95
1690252,IT,IE,PAPE1,HOTEL,0.02,2254.615,3,3,2254.615,0.0,0.0,0.0,0.0,112730.75
1710867,IT,LU,PRINT,REALE,0.02,2254.527,3,3,2254.527,0.0,0.0,0.0,0.0,112726.35
1808279,IT,WF,FOOD2,RUBBE,0.01,2254.457,3,3,2254.457,0.0,0.0,0.0,0.0,225445.7
1644873,IT,BE,WEARI,INTER,0.02,2254.334,3,3,2254.334,0.0,0.0,0.0,0.0,112716.7
1662883,IT,DK,WHOLE,COPP1,0.02,2254.235,3,3,2254.235,0.0,0.0,0.0,0.0,112711.75
1802109,IT,WE,RETA1,ELECT,0.02,2254.207,3,3,2254.207,0.0,0.0,0.0,0.0,112710.35
1651816,IT,CY,HOTEL,RETAI,0.02,2254.202,3,3,2254.202,0.0,0.0,0.0,0.0,112710.1
1651909,IT,CY,INSUR,HOTEL,0.05,2254.149,3,3,2254.149,0.0,0.0,0.0,0.0,45082.98
1808265,IT,WF,FOOD2,VEGE1,0.01,2253.71,3,3,2253.71,0.0,0.0,0.0,0.0,225371.0
1767311,IT,RU,HOTEL,INLAN,0.02,2253.553,3,3,2253.553,0.0,0.0,0.0,0.0,112677.65
1797560,IT,WL,PUBLI,PLAST,0.04,2253.241,3,3,2253.241,0.0,0.0,0.0,0.0,56331.025
1669457,IT,ES,INSUR,FOOD2,0.05,2253.209,3,3,2253.209,0.0,0.0,0.0,0.0,45064.18
1710255,IT,LT,MOTO1,WEARI,0.01,2252.945,3,3,2252.945,0.0,0.0,0.0,0.0,225294.5
1661701,IT,DK,WEARI,DIST1,0.02,2252.894,3,3,2252.894,0.0,0.0,0.0,0.0,112644.7
1754240,IT,CA,POSTT,OFFIC,0.04,2252.826,3,3,2252.826,0.0,0.0,0.0,0.0,56320.65
1644251,IT,BE,CROPS,SUGA1,0.02,2252.786,3,3,2252.786,0.0,0.0,0.0,0.0,112639.3
1650641,IT,BG,WHOLE,RAWMI,0.02,2252.766,3,3,2252.766,0.0,0.0,0.0,0.0,112638.3
1663131,IT,DK,LANDT,CROPS,0.01,2252.699,3,3,2252.699,0.0,0.0,0.0,0.0,225269.9
1646935,IT,BE,WHOLE,SALEM,0.02,2252.543,3,3,2252.543,0.0,0.0,0.0,0.0,112627.15
1783846,IT,NO,TEXT2,FOUND,0.02,2252.529,3,3,2252.529,0.0,0.0,0.0,0.0,112626.45
1775571,IT,CH,RECRE,TOBAC,0.03,2252.443,3,3,2252.443,0.0,0.0,0.0,0.0,75081.433333
1689339,IT,IE,RETA1,BIODI,0.02,2252.435,3,3,2252.435,0.0,0.0,0.0,0.0,112621.75
1716752,IT,NL,RETA1,CHEM1,0.02,2252.26,3,3,2252.26,0.0,0.0,0.0,0.0,112613.0
1717802,IT,NL,FOOD2,PREC1,0.01,2252.233,3,3,2252.233,0.0,0.0,0.0,0.0,225223.3
1746793,IT,JP,MACHI,NFERT,0.01,2252.049,3,3,2252.049,0.0,0.0,0.0,0.0,225204.9
1775574,IT,CH,RECRE,PAPER,0.03,2251.481,3,3,2251.481,0.0,0.0,0.0,0.0,75049.366667
1688476,IT,IE,WEARI,REALE,0.02,2251.341,3,3,2251.341,0.0,0.0,0.0,0.0,112567.05
1669888,IT,ES,PUBLI,COLLE,0.04,2251.281,3,3,2251.281,0.0,0.0,0.0,0.0,56282.025
1782754,IT,NO,HOTEL,BITUM,0.02,2251.087,3,3,2251.087,0.0,0.0,0.0,0.0,112554.35
1767195,IT,RU,RETA1,CHEM1,0.02,2250.886,3,3,2250.886,0.0,0.0,0.0,0.0,112544.3
1711876,IT,LU,INTER,WASTE,0.01,2250.87,3,3,2250.87,0.0,0.0,0.0,0.0,225087.0
1681423,IT,GR,RENTI,ELEC5,0.01,2250.613,3,3,2250.613,0.0,0.0,0.0,0.0,225061.3
1729906,IT,SE,TRANS,93197,0.01,2250.586,3,3,2250.586,0.0,0.0,0.0,0.0,225058.6
1648030,IT,BE,COMPU,ALUM1,0.03,2250.52,3,3,2250.52,0.0,0.0,0.0,0.0,75017.333333
1799134,IT,WE,WEARI,BITU1,0.02,2250.229,3,3,2250.229,0.0,0.0,0.0,0.0,112511.45
1768351,IT,AU,MEAT4,FISH5,0.01,2249.93,3,3,2249.93,0.0,0.0,0.0,0.0,224993.0
1721671,IT,PL,FINAN,WEARI,0.03,2249.875,3,3,2249.875,0.0,0.0,0.0,0.0,74995.833333
1803896,IT,WF,WEARI,VEGE1,0.02,2249.769,3,3,2249.769,0.0,0.0,0.0,0.0,112488.45
1675638,IT,FR,MOTO1,PAPE2,0.01,2249.673,3,3,2249.673,0.0,0.0,0.0,0.0,224967.3
1743747,IT,US,LANDT,LEATH,0.01,2249.66,3,3,2249.66,0.0,0.0,0.0,0.0,224966.0
1754445,IT,CA,COMPU,REALE,0.03,2249.456,3,3,2249.456,0.0,0.0,0.0,0.0,74981.866667
1721135,IT,PL,RAILW,LUBRI,0.02,2249.454,3,3,2249.454,0.0,0.0,0.0,0.0,112472.7
1779115,IT,TR,SUPPO,SUPPO,0.02,2249.355,3,3,2249.355,0.0,0.0,0.0,0.0,112467.75
1748225,IT,JP,INTER,INSUR,0.01,2249.165,3,3,2249.165,0.0,0.0,0.0,0.0,224916.5
1784900,IT,ID,POSTT,WOODW,0.04,2249.163,3,3,2249.163,0.0,0.0,0.0,0.0,56229.075
1761843,IT,IN,MOTO1,TRAN1,0.01,2248.932,3,3,2248.932,0.0,0.0,0.0,0.0,224893.2
1652603,IT,CZ,LEATH,PAPE4,0.02,2248.768,3,3,2248.768,0.0,0.0,0.0,0.0,112438.4
1758875,IT,BR,HOTEL,FOUND,0.02,2248.658,3,3,2248.658,0.0,0.0,0.0,0.0,112432.9
1727716,IT,RO,COMPU,TRAN1,0.03,2248.636,3,3,2248.636,0.0,0.0,0.0,0.0,74954.533333
1803650,IT,WF,FOOD5,TRAN2,0.01,2248.573,3,3,2248.573,0.0,0.0,0.0,0.0,224857.3
1742893,IT,US,MACHI,ETHAN,0.01,2248.458,3,3,2248.458,0.0,0.0,0.0,0.0,224845.8
1681531,IT,GR,BUSIN,NFERT,0.02,2248.199,3,3,2248.199,0.0,0.0,0.0,0.0,112409.95
1724010,IT,PT,RETAI,CHEM1,0.02,2248.14,3,3,2248.14,0.0,0.0,0.0,0.0,112407.0
1640539,IT,AT,FOOD5,FISH5,0.01,2248.037,3,3,2248.037,0.0,0.0,0.0,0.0,224803.7
1711287,IT,LU,SALEM,SUPPO,0.02,2248.024,3,3,2248.024,0.0,0.0,0.0,0.0,112401.2
1685256,IT,HU,TEXTI,FOUND,0.01,2247.993,3,3,2247.993,0.0,0.0,0.0,0.0,224799.3
1645198,IT,BE,PRINT,PAPE1,0.02,2247.982,3,3,2247.982,0.0,0.0,0.0,0.0,112399.1
1668204,IT,ES,RETAI,WHEAT,0.02,2247.971,3,3,2247.971,0.0,0.0,0.0,0.0,112398.55
1766815,IT,RU,MACHI,ELE11,0.01,2247.903,3,3,2247.903,0.0,0.0,0.0,0.0,224790.3
1661177,IT,DE,93197,TRANS,0.02,2247.79,3,3,2247.79,0.0,0.0,0.0,0.0,112389.5
1669489,IT,ES,AUXIL,BASIC,0.04,2247.783,3,3,2247.783,0.0,0.0,0.0,0.0,56194.575
1780951,IT,TW,BUSIN,MEAT4,0.02,2247.398,3,3,2247.398,0.0,0.0,0.0,0.0,112369.9
1802881,IT,WE,MEMBE,FINAN,0.03,2247.347,3,3,2247.347,0.0,0.0,0.0,0.0,74911.566667
1736148,IT,SK,CONST,93197,0.01,2247.318,3,3,2247.318,0.0,0.0,0.0,0.0,224731.8
1796647,IT,WL,HOTEL,ELE11,0.02,2247.174,3,3,2247.174,0.0,0.0,0.0,0.0,112358.7
1745165,IT,US,93197,RECRE,0.02,2247.139,3,3,2247.139,0.0,0.0,0.0,0.0,112356.95
1807605,IT,WF,RESEA,POULT,0.01,2247.008,3,3,2247.008,0.0,0.0,0.0,0.0,224700.8
1727378,IT,RO,FINAN,FISHF,0.03,2246.971,3,3,2246.971,0.0,0.0,0.0,0.0,74899.033333
1646472,IT,BE,MACHI,BRICK,0.01,2246.791,3,3,2246.791,0.0,0.0,0.0,0.0,224679.1
1654782,IT,CZ,SUPPO,TEXTI,0.02,2246.569,3,3,2246.569,0.0,0.0,0.0,0.0,112328.45
1791334,IT,WA,SALEM,WEARI,0.02,2246.278,3,3,2246.278,0.0,0.0,0.0,0.0,112313.9
1787165,IT,ZA,PUBLI,TRANS,0.04,2246.169,3,3,2246.169,0.0,0.0,0.0,0.0,56154.225
1717813,IT,NL,FOOD2,TEXT1,0.01,2246.069,3,3,2246.069,0.0,0.0,0.0,0.0,224606.9
1797258,IT,WL,INSUR,CATTL,0.05,2246.063,3,3,2246.063,0.0,0.0,0.0,0.0,44921.26
1736768,IT,SK,RENTI,RENTI,0.01,2245.981,3,3,2245.981,0.0,0.0,0.0,0.0,224598.1
1802083,IT,WE,RETA1,FISH5,0.02,2245.965,3,3,2245.965,0.0,0.0,0.0,0.0,112298.25
1773951,IT,CH,SALEM,RADIO,0.02,2245.954,3,3,2245.954,0.0,0.0,0.0,0.0,112297.7
1654444,IT,CZ,RETA1,WEARI,0.02,2245.871,3,3,2245.871,0.0,0.0,0.0,0.0,112293.55
1783787,IT,NO,PLAS2,ALUM1,0.02,2245.845,3,3,2245.845,0.0,0.0,0.0,0.0,112292.25
1758714,IT,BR,RETAI,MOTO1,0.02,2245.576,3,3,2245.576,0.0,0.0,0.0,0.0,112278.8
1780562,IT,TW,FINAN,FURNI,0.03,2245.227,3,3,2245.227,0.0,0.0,0.0,0.0,74840.9
1724008,IT,PT,RETAI,PULP5,0.02,2245.12,3,3,2245.12,0.0,0.0,0.0,0.0,112256.0
1774730,IT,CH,SUPPO,ELEC4,0.02,2245.117,3,3,2245.117,0.0,0.0,0.0,0.0,112255.85
1809501,IT,WM,MEAT4,MEAT1,0.01,2245.054,3,3,2245.054,0.0,0.0,0.0,0.0,224505.4
1724000,IT,PT,RETAI,RAWMI,0.02,2244.982,3,3,2244.982,0.0,0.0,0.0,0.0,112249.1
1760749,IT,IN,PRINT,WOODW,0.02,2244.812,3,3,2244.812,0.0,0.0,0.0,0.0,112240.6
1724799,IT,PT,COMPU,MOTO1,0.03,2244.755,3,3,2244.755,0.0,0.0,0.0,0.0,74825.166667
1726764,IT,RO,SALEM,TRAN1,0.02,2244.747,3,3,2244.747,0.0,0.0,0.0,0.0,112237.35
1712138,IT,LV,WEARI,WHOLE,0.02,2244.566,3,3,2244.566,0.0,0.0,0.0,0.0,112228.3
1768051,IT,RU,BUSIN,BITU1,0.02,2244.398,3,3,2244.398,0.0,0.0,0.0,0.0,112219.9
1676407,IT,FR,WHOLE,BUSIN,0.02,2244.343,3,3,2244.343,0.0,0.0,0.0,0.0,112217.15
1778704,IT,TR,RAILW,FOOD5,0.02,2244.331,3,3,2244.331,0.0,0.0,0.0,0.0,112216.55
1669460,IT,ES,INSUR,FOOD4,0.05,2244.308,3,3,2244.308,0.0,0.0,0.0,0.0,44886.16
1762320,IT,IN,SUPPO,PADDY,0.02,2243.942,3,3,2243.942,0.0,0.0,0.0,0.0,112197.1
1774408,IT,CH,RAILW,MOTOR,0.02,2243.87,3,3,2243.87,0.0,0.0,0.0,0.0,112193.5
1813440,IT,WM,CONST,MACHI,0.01,2243.862,3,3,2243.862,0.0,0.0,0.0,0.0,224386.2
1801993,IT,WE,WHOLE,MEATC,0.02,2243.656,3,3,2243.656,0.0,0.0,0.0,0.0,112182.8
1688217,IT,HU,RECRE,RENTI,0.03,2243.491,3,3,2243.491,0.0,0.0,0.0,0.0,74783.033333
1671772,IT,FI,RETAI,FOOD4,0.02,2243.444,3,3,2243.444,0.0,0.0,0.0,0.0,112172.2
1651980,IT,CY,PRIVA,PUBLI,0.5,2243.343,3,3,2243.343,0.0,0.0,0.0,0.0,4486.686
1808560,IT,WF,PAPE4,OFFIC,0.01,2243.222,3,3,2243.222,0.0,0.0,0.0,0.0,224322.2
1808787,IT,WF,WOOD2,PREC1,0.01,2243.184,3,3,2243.184,0.0,0.0,0.0,0.0,224318.4
1714281,IT,MT,BUSIN,INLAN,0.02,2243.17,3,3,2243.17,0.0,0.0,0.0,0.0,112158.5
1734612,IT,SK,TEXTI,PLANT,0.01,2243.151,3,3,2243.151,0.0,0.0,0.0,0.0,224315.1
1678088,IT,FR,FOODW,HEALT,0.02,2243.112,3,3,2243.112,0.0,0.0,0.0,0.0,112155.6
1791466,IT,WA,WHOLE,DIST1,0.02,2243.095,3,3,2243.095,0.0,0.0,0.0,0.0,112154.75
1767586,IT,RU,SUPPO,BEVER,0.02,2243.08,3,3,2243.08,0.0,0.0,0.0,0.0,112154.0
1665058,IT,ES,MEAT1,FOOD5,0.01,2242.856,3,3,2242.856,0.0,0.0,0.0,0.0,224285.6
1807777,IT,WF,FOODW,PADDY,0.02,2242.811,3,3,2242.811,0.0,0.0,0.0,0.0,112140.55
1787659,IT,WA,MEAT4,BUSIN,0.01,2242.695,3,3,2242.695,0.0,0.0,0.0,0.0,224269.5
1784928,IT,ID,POSTT,HEALT,0.04,2242.587,3,3,2242.587,0.0,0.0,0.0,0.0,56064.675
1678965,IT,GR,WEARI,CONST,0.02,2242.413,3,3,2242.413,0.0,0.0,0.0,0.0,112120.65
1641216,IT,AT,PRINT,INTER,0.02,2242.371,3,3,2242.371,0.0,0.0,0.0,0.0,112118.55
1793160,IT,WA,93197,LEATH,0.02,2242.321,3,3,2242.321,0.0,0.0,0.0,0.0,112116.05
1736156,IT,SK,SALEM,FOUND,0.02,2242.299,3,3,2242.299,0.0,0.0,0.0,0.0,112114.95
1687343,IT,HU,RETA1,FOOD4,0.02,2242.06,3,3,2242.06,0.0,0.0,0.0,0.0,112103.0
1806341,IT,WF,MOTO1,PADDY,0.01,2241.905,3,3,2241.905,0.0,0.0,0.0,0.0,224190.5
1780125,IT,TW,HOTEL,PULP5,0.02,2241.903,3,3,2241.903,0.0,0.0,0.0,0.0,112095.15
1680847,IT,GR,LANDT,PIGS9,0.01,2241.749,3,3,2241.749,0.0,0.0,0.0,0.0,224174.9
1655054,IT,CZ,COMPU,WEARI,0.03,2241.621,3,3,2241.621,0.0,0.0,0.0,0.0,74720.7
1783272,IT,NO,FOODW,NONME,0.02,2241.494,3,3,2241.494,0.0,0.0,0.0,0.0,112074.7
1717785,IT,NL,FOODW,PAPE1,0.02,2241.273,3,3,2241.273,0.0,0.0,0.0,0.0,112063.65
1754209,IT,CA,POSTT,NATUR,0.04,2241.071,3,3,2241.071,0.0,0.0,0.0,0.0,56026.775
1792806,IT,WA,PUBLI,RUBBE,0.04,2240.868,3,3,2240.868,0.0,0.0,0.0,0.0,56021.7
1802070,IT,WE,RETA1,FISHF,0.02,2240.796,3,3,2240.796,0.0,0.0,0.0,0.0,112039.8
1730085,IT,SE,RETA1,ELEC3,0.02,2240.087,3,3,2240.087,0.0,0.0,0.0,0.0,112004.35
1721946,IT,PL,COMPU,MEATC,0.03,2240.074,3,3,2240.074,0.0,0.0,0.0,0.0,74669.133333
1793071,IT,WA,INERT,VEGET,0.02,2240.067,3,3,2240.067,0.0,0.0,0.0,0.0,112003.35
1670085,IT,ES,FOOD4,PRINT,0.02,2240.011,3,3,2240.011,0.0,0.0,0.0,0.0,112000.55
1712695,IT,LV,HOTEL,GLASS,0.02,2239.976,3,3,2239.976,0.0,0.0,0.0,0.0,111998.8
1711489,IT,LU,SUPPO,PRINT,0.02,2239.895,3,3,2239.895,0.0,0.0,0.0,0.0,111994.75
1689388,IT,IE,RETA1,FOOD2,0.02,2239.684,3,3,2239.684,0.0,0.0,0.0,0.0,111984.2
1745623,IT,JP,TEXTI,TOBAC,0.01,2239.558,3,3,2239.558,0.0,0.0,0.0,0.0,223955.8
1727484,IT,RO,AUXIL,BRICK,0.04,2239.407,3,3,2239.407,0.0,0.0,0.0,0.0,55985.175
1779362,IT,TR,INSUR,RENTI,0.05,2239.4,3,3,2239.4,0.0,0.0,0.0,0.0,44788.0
1654936,IT,CZ,INSUR,ADDIT,0.05,2239.35,3,3,2239.35,0.0,0.0,0.0,0.0,44787.0
1762137,IT,IN,LANDT,PRINT,0.01,2239.156,3,3,2239.156,0.0,0.0,0.0,0.0,223915.6
1773512,IT,CH,MOTO1,WEARI,0.01,2238.944,3,3,2238.944,0.0,0.0,0.0,0.0,223894.4
1716555,IT,NL,TRANS,REALE,0.01,2238.65,3,3,2238.65,0.0,0.0,0.0,0.0,223865.0
1803971,IT,WF,LEATH,MEATP,0.02,2238.603,3,3,2238.603,0.0,0.0,0.0,0.0,111930.15
1687581,IT,HU,LANDT,PAPE1,0.01,2238.448,3,3,2238.448,0.0,0.0,0.0,0.0,223844.8
1792814,IT,WA,EDUCA,CROPS,0.06,2238.354,3,3,2238.354,0.0,0.0,0.0,0.0,37305.9
1786463,IT,ZA,MOTO1,GASDI,0.01,2238.152,3,3,2238.152,0.0,0.0,0.0,0.0,223815.2
1753925,IT,CA,RAILW,REALE,0.01,2237.843,3,3,2237.843,0.0,0.0,0.0,0.0,223784.3
1717086,IT,NL,LANDT,SEWAG,0.01,2237.795,3,3,2237.795,0.0,0.0,0.0,0.0,223779.5
1711942,IT,LU,FOOD4,HOTEL,0.02,2237.722,3,3,2237.722,0.0,0.0,0.0,0.0,111886.1
1643971,IT,AT,COMPU,STEAM,0.03,2237.703,3,3,2237.703,0.0,0.0,0.0,0.0,74590.1
1748266,IT,JP,MEMBE,CHEM1,0.03,2237.699,3,3,2237.699,0.0,0.0,0.0,0.0,74589.966667
1710530,IT,LT,SUPPO,DISTR,0.02,2237.644,3,3,2237.644,0.0,0.0,0.0,0.0,111882.2
1689328,IT,IE,RETA1,LEATH,0.02,2237.638,3,3,2237.638,0.0,0.0,0.0,0.0,111881.9
1679193,IT,GR,PRINT,RENTI,0.02,2237.546,3,3,2237.546,0.0,0.0,0.0,0.0,111877.3
1661069,IT,DE,PUBLI,FURNI,0.04,2237.465,3,3,2237.465,0.0,0.0,0.0,0.0,55936.625
1665359,IT,ES,TEXTI,PIGS9,0.01,2237.301,3,3,2237.301,0.0,0.0,0.0,0.0,223730.1
1734042,IT,SI,FINAN,DISTR,0.03,2237.181,3,3,2237.181,0.0,0.0,0.0,0.0,74572.7
1797524,IT,WL,BUSIN,OFFIC,0.02,2237.133,3,3,2237.133,0.0,0.0,0.0,0.0,111856.65
1655061,IT,CZ,COMPU,RUBBE,0.03,2236.971,3,3,2236.971,0.0,0.0,0.0,0.0,74565.7
1752075,IT,CN,BUSIN,TOBAC,0.02,2236.913,3,3,2236.913,0.0,0.0,0.0,0.0,111845.65
1739824,IT,GB,FINAN,MEATC,0.03,2236.876,3,3,2236.876,0.0,0.0,0.0,0.0,74562.533333
1678441,IT,FR,WOOD2,HOTEL,0.01,2236.818,3,3,2236.818,0.0,0.0,0.0,0.0,223681.8
1774500,IT,CH,LANDT,BIOG1,0.01,2236.354,3,3,2236.354,0.0,0.0,0.0,0.0,223635.4
1780426,IT,TW,SUPPO,CEMEN,0.02,2236.126,3,3,2236.126,0.0,0.0,0.0,0.0,111806.3
1737006,IT,GB,FORES,CEMEN,0.02,2236.046,4,4,2235.046,0.0,1.0,0.0,0.0,111802.3
1671924,IT,FI,LANDT,FORES,0.01,2236.03,3,3,2236.03,0.0,0.0,0.0,0.0,223603.0
1759314,IT,BR,POSTT,FOOD3,0.04,2235.564,3,3,2235.564,0.0,0.0,0.0,0.0,55889.1
1750730,IT,CN,TRANS,CROPS,0.01,2235.412,3,3,2235.412,0.0,0.0,0.0,0.0,223541.2
1734022,IT,SI,POSTT,MEMBE,0.04,2235.277,3,3,2235.277,0.0,0.0,0.0,0.0,55881.925
1780771,IT,TW,RENTI,FOUND,0.01,2235.197,3,3,2235.197,0.0,0.0,0.0,0.0,223519.7
1765004,IT,MX,FINAN,HEALT,0.03,2235.138,3,3,2235.138,0.0,0.0,0.0,0.0,74504.6
1806371,IT,WF,MOTO1,PULP5,0.01,2235.1,3,3,2235.1,0.0,0.0,0.0,0.0,223510.0
1650688,IT,BG,RETA1,COLLE,0.02,2235.062,3,3,2235.062,0.0,0.0,0.0,0.0,111753.1
1720713,IT,PL,TRANS,CATTL,0.01,2234.945,3,3,2234.945,0.0,0.0,0.0,0.0,223494.5
1651787,IT,CY,MOTO1,FABRI,0.01,2234.808,3,3,2234.808,0.0,0.0,0.0,0.0,223480.8
1740112,IT,GB,COMPU,PFERT,0.03,2234.767,3,3,2234.767,0.0,0.0,0.0,0.0,74492.233333
1670170,IT,ES,MEMBE,LANDT,0.03,2234.737,3,3,2234.737,0.0,0.0,0.0,0.0,74491.233333
1741170,IT,US,LEATH,ELEC5,0.02,2234.659,3,3,2234.659,0.0,0.0,0.0,0.0,111732.95
1730957,IT,SE,INTER,MEMBE,0.01,2234.445,3,3,2234.445,0.0,0.0,0.0,0.0,223444.5
1792973,IT,WA,INTER,OFFIC,0.01,2234.258,3,3,2234.258,0.0,0.0,0.0,0.0,223425.8
1659887,IT,DE,LANDT,TEXT1,0.01,2234.1,3,3,2234.1,0.0,0.0,0.0,0.0,223410.0
1765343,IT,RU,FOOD5,CONST,0.01,2233.777,3,3,2233.777,0.0,0.0,0.0,0.0,223377.7
1733946,IT,SI,SUPPO,COPP1,0.02,2233.696,3,3,2233.696,0.0,0.0,0.0,0.0,111684.8
1654828,IT,CZ,SUPPO,PUBLI,0.02,2233.521,3,3,2233.521,0.0,0.0,0.0,0.0,111676.05
1740028,IT,GB,RENTI,FISH5,0.01,2233.501,3,3,2233.501,0.0,0.0,0.0,0.0,223350.1
1668665,IT,ES,RAILW,FOOD2,0.01,2233.453,3,3,2233.453,0.0,0.0,0.0,0.0,223345.3
1650019,IT,BG,MACHI,FISH5,0.01,2233.3,3,3,2233.3,0.0,0.0,0.0,0.0,223330.0
1664602,IT,EE,RAILW,PULP5,0.01,2233.294,3,3,2233.294,0.0,0.0,0.0,0.0,223329.4
1718547,IT,PL,WEARI,NONME,0.02,2233.184,3,3,2233.184,0.0,0.0,0.0,0.0,111659.2
1733459,IT,SI,SALEM,PLAST,0.02,2232.966,3,3,2232.966,0.0,0.0,0.0,0.0,111648.3
1801782,IT,WE,ELEC4,CHEM1,0.04,2232.651,3,3,2232.651,0.0,0.0,0.0,0.0,55816.275
1726756,IT,RO,SALEM,CHEM1,0.02,2232.627,3,3,2232.627,0.0,0.0,0.0,0.0,111631.35
1715074,IT,NL,WEARI,PIGS9,0.02,2232.534,3,3,2232.534,0.0,0.0,0.0,0.0,111626.7
1774904,IT,CH,INSUR,PFERT,0.05,2232.356,3,3,2232.356,0.0,0.0,0.0,0.0,44647.12
1733484,IT,SI,WHOLE,PIGS9,0.02,2232.335,3,3,2232.335,0.0,0.0,0.0,0.0,111616.75
1716717,IT,NL,WHOLE,OILHA,0.02,2232.297,3,3,2232.297,0.0,0.0,0.0,0.0,111614.85
1663159,IT,DK,LANDT,HEAVY,0.01,2232.222,3,3,2232.222,0.0,0.0,0.0,0.0,223222.2
1734077,IT,SI,INSUR,CHEM1,0.05,2232.075,3,3,2232.075,0.0,0.0,0.0,0.0,44641.5
1676729,IT,FR,RAILW,WOOD1,0.01,2231.738,3,3,2231.738,0.0,0.0,0.0,0.0,223173.8
1760430,IT,IN,FOOD5,NFERT,0.01,2231.687,3,3,2231.687,0.0,0.0,0.0,0.0,223168.7
1775541,IT,CH,FOOD4,POSTT,0.02,2231.435,3,3,2231.435,0.0,0.0,0.0,0.0,111571.75
1786469,IT,ZA,MOTO1,BASIC,0.01,2231.284,3,3,2231.284,0.0,0.0,0.0,0.0,223128.4
1810124,IT,WM,WEARI,MEATA,0.02,2231.277,3,3,2231.277,0.0,0.0,0.0,0.0,111563.85
1643058,IT,AT,SALEM,RETA1,0.02,2231.267,3,3,2231.267,0.0,0.0,0.0,0.0,111563.35
1786694,IT,ZA,RETA1,CEREA,0.02,2231.215,3,3,2231.215,0.0,0.0,0.0,0.0,111560.75
1712173,IT,LV,LEATH,RECRE,0.02,2231.118,3,3,2231.118,0.0,0.0,0.0,0.0,111555.9
1727742,IT,RO,RESEA,TEXTI,0.01,2231.025,3,3,2231.025,0.0,0.0,0.0,0.0,223102.5
1791571,IT,WA,RETA1,RAILW,0.02,2230.985,3,3,2230.985,0.0,0.0,0.0,0.0,111549.25
1788168,IT,WA,WEARI,TRAN1,0.02,2230.956,3,3,2230.956,0.0,0.0,0.0,0.0,111547.8
1685141,IT,HU,FOOD5,WASTE,0.01,2230.831,3,3,2230.831,0.0,0.0,0.0,0.0,223083.1
1808794,IT,WF,WOOD2,TRANS,0.01,2230.796,3,3,2230.796,0.0,0.0,0.0,0.0,223079.6
1753998,IT,CA,LANDT,REALE,0.01,2230.698,3,3,2230.698,0.0,0.0,0.0,0.0,223069.8
1671652,IT,FI,CONST,MOTOR,0.01,2230.636,3,3,2230.636,0.0,0.0,0.0,0.0,223063.6
1764632,IT,MX,RETA1,KEROS,0.02,2230.611,3,3,2230.611,0.0,0.0,0.0,0.0,111530.55
1739380,IT,GB,RAILW,SEACO,0.01,2230.522,3,3,2230.522,0.0,0.0,0.0,0.0,223052.2
1785020,IT,ID,BUSIN,GASDI,0.02,2230.493,3,3,2230.493,0.0,0.0,0.0,0.0,111524.65
1744388,IT,US,INSUR,SUPPO,0.05,2230.436,3,3,2230.436,0.0,0.0,0.0,0.0,44608.72
1808220,IT,WF,FOOD1,BASIC,0.01,2230.322,3,3,2230.322,0.0,0.0,0.0,0.0,223032.2
1661473,IT,DK,PROCE,CHEM1,0.02,2230.283,3,3,2230.283,0.0,0.0,0.0,0.0,111514.15
1677734,IT,FR,RENTI,PLAS1,0.01,2230.267,3,3,2230.267,0.0,0.0,0.0,0.0,223026.7
1755324,IT,KR,PRINT,MOTOR,0.02,2230.181,3,3,2230.181,0.0,0.0,0.0,0.0,111509.05
1685120,IT,HU,FOOD5,ELEC1,0.01,2230.168,3,3,2230.168,0.0,0.0,0.0,0.0,223016.8
1671877,IT,FI,HOTEL,MOTO1,0.02,2230.103,3,3,2230.103,0.0,0.0,0.0,0.0,111505.15
1712830,IT,LV,FINAN,PUBLI,0.03,2230.033,3,3,2230.033,0.0,0.0,0.0,0.0,74334.433333
1726854,IT,RO,RETA1,CRUDE,0.02,2229.92,3,3,2229.92,0.0,0.0,0.0,0.0,111496.0
1660679,IT,DE,RENTI,SUGAR,0.01,2229.815,3,3,2229.815,0.0,0.0,0.0,0.0,222981.5
1671806,IT,FI,RETA1,FOOD5,0.02,2229.602,3,3,2229.602,0.0,0.0,0.0,0.0,111480.1
1734273,IT,SI,COMPU,RESEA,0.03,2229.497,3,3,2229.497,0.0,0.0,0.0,0.0,74316.566667
1779680,IT,TR,RESEA,ELEC6,0.01,2229.348,3,3,2229.348,0.0,0.0,0.0,0.0,222934.8
1668097,IT,ES,CONST,CERAM,0.01,2229.329,3,3,2229.329,0.0,0.0,0.0,0.0,222932.9
1718541,IT,PL,WEARI,MOTOR,0.02,2229.285,3,3,2229.285,0.0,0.0,0.0,0.0,111464.25
1751497,IT,CN,SUPPO,FORES,0.02,2229.247,3,3,2229.247,0.0,0.0,0.0,0.0,111462.35
1643499,IT,AT,LANDT,FOOD1,0.01,2229.2,3,3,2229.2,0.0,0.0,0.0,0.0,222920.0
1681947,IT,HR,FOOD5,FISH5,0.01,2229.06,3,3,2229.06,0.0,0.0,0.0,0.0,222906.0
1676228,IT,FR,CONST,TEXT1,0.01,2228.787,3,3,2228.787,0.0,0.0,0.0,0.0,222878.7
1762866,IT,IN,PUBLI,FOOD3,0.04,2228.716,3,3,2228.716,0.0,0.0,0.0,0.0,55717.9
1728213,IT,SE,FOOD5,PULP5,0.01,2228.636,3,3,2228.636,0.0,0.0,0.0,0.0,222863.6
1689632,IT,IE,SUPPO,POSTT,0.02,2228.598,3,3,2228.598,0.0,0.0,0.0,0.0,111429.9
1770387,IT,AU,LANDT,RADIO,0.01,2228.597,3,3,2228.597,0.0,0.0,0.0,0.0,222859.7
1783143,IT,NO,REALE,FABRI,0.09,2228.477,3,3,2228.477,0.0,0.0,0.0,0.0,24760.855556
1809675,IT,WM,PROCE,MEAT1,0.02,2228.445,3,3,2228.445,0.0,0.0,0.0,0.0,111422.25
1814858,IT,WM,MEMBE,93197,0.03,2228.354,3,3,2228.354,0.0,0.0,0.0,0.0,74278.466667
1764575,IT,MX,WHOLE,BRICK,0.02,2228.236,3,3,2228.236,0.0,0.0,0.0,0.0,111411.8
1681109,IT,GR,SUPPO,STEAM,0.02,2228.115,3,3,2228.115,0.0,0.0,0.0,0.0,111405.75
1685352,IT,HU,LEATH,RAWMI,0.02,2228.083,3,3,2228.083,0.0,0.0,0.0,0.0,111404.15
1746922,IT,JP,MOTO1,BITU1,0.01,2228.061,3,3,2228.061,0.0,0.0,0.0,0.0,222806.1
1713170,IT,MT,TEXTI,FOOD5,0.01,2228.041,3,3,2228.041,0.0,0.0,0.0,0.0,222804.1
1773528,IT,CH,MOTO1,BRICK,0.01,2228.016,3,3,2228.016,0.0,0.0,0.0,0.0,222801.6
1762000,IT,IN,WHOLE,FORES,0.02,2227.93,3,3,2227.93,0.0,0.0,0.0,0.0,111396.5
1798040,IT,WL,WOOD2,WHOLE,0.01,2227.808,3,3,2227.808,0.0,0.0,0.0,0.0,222780.8
1762505,IT,IN,INSUR,PRINT,0.05,2227.642,3,3,2227.642,0.0,0.0,0.0,0.0,44552.84
1726890,IT,RO,RETA1,INLAN,0.02,2227.18,3,3,2227.18,0.0,0.0,0.0,0.0,111359.0
1712005,IT,LV,FORES,RETAI,0.02,2227.005,4,4,2226.005,0.0,1.0,0.0,0.0,111350.25
1777966,IT,TR,MACHI,ELE12,0.01,2226.917,3,3,2226.917,0.0,0.0,0.0,0.0,222691.7
1664547,IT,EE,CONST,CEMEN,0.01,2226.776,3,3,2226.776,0.0,0.0,0.0,0.0,222677.6
1792570,IT,WA,COMPU,PIGS9,0.03,2226.506,3,3,2226.506,0.0,0.0,0.0,0.0,74216.866667
1651316,IT,CY,WEARI,FINAN,0.02,2226.442,3,3,2226.442,0.0,0.0,0.0,0.0,111322.1
1808178,IT,WF,OILHA,RUBBE,0.01,2226.429,3,3,2226.429,0.0,0.0,0.0,0.0,222642.9
1727149,IT,RO,LANDT,SEACO,0.01,2226.383,3,3,2226.383,0.0,0.0,0.0,0.0,222638.3
1663481,IT,DK,RENTI,MEATP,0.01,2226.383,3,3,2226.383,0.0,0.0,0.0,0.0,222638.3
1734440,IT,SK,CROPS,PLAST,0.02,2226.228,3,3,2226.228,0.0,0.0,0.0,0.0,111311.4
1650772,IT,BG,RAILW,PFERT,0.01,2226.22,3,3,2226.22,0.0,0.0,0.0,0.0,222622.0
1774898,IT,CH,INSUR,PAPER,0.05,2226.07,3,3,2226.07,0.0,0.0,0.0,0.0,44521.4
1781088,IT,TW,PUBLI,RADIO,0.04,2225.98,3,3,2225.98,0.0,0.0,0.0,0.0,55649.5
1726846,IT,RO,RETA1,VEGET,0.02,2225.967,3,3,2225.967,0.0,0.0,0.0,0.0,111298.35
1758974,IT,BR,LANDT,FORES,0.01,2225.957,3,3,2225.957,0.0,0.0,0.0,0.0,222595.7
1762867,IT,IN,PUBLI,WASTE,0.04,2225.849,3,3,2225.849,0.0,0.0,0.0,0.0,55646.225
1756362,IT,KR,TRANS,REALE,0.01,2225.726,3,3,2225.726,0.0,0.0,0.0,0.0,222572.6
1798360,IT,WE,MEATA,REALE,0.01,2225.687,3,3,2225.687,0.0,0.0,0.0,0.0,222568.7
1661189,IT,DE,93197,INSUR,0.01,2225.654,3,3,2225.654,0.0,0.0,0.0,0.0,222565.4
1762795,IT,IN,PUBLI,VEGET,0.04,2225.633,3,3,2225.633,0.0,0.0,0.0,0.0,55640.825
1730011,IT,SE,SALEM,INTER,0.02,2225.612,3,3,2225.612,0.0,0.0,0.0,0.0,111280.6
1740513,IT,GB,MEMBE,COMPU,0.03,2225.56,3,3,2225.56,0.0,0.0,0.0,0.0,74185.333333
1680776,IT,GR,HOTEL,MEAT4,0.02,2225.411,3,3,2225.411,0.0,0.0,0.0,0.0,111270.55
1783820,IT,NO,INERT,PUBLI,0.02,2225.392,3,3,2225.392,0.0,0.0,0.0,0.0,111269.6
1808182,IT,WF,OILHA,FABRI,0.01,2225.347,3,3,2225.347,0.0,0.0,0.0,0.0,222534.7
1751580,IT,CN,POSTT,FOUND,0.04,2225.289,3,3,2225.289,0.0,0.0,0.0,0.0,55632.225
1786977,IT,ZA,INSUR,OILSE,0.05,2225.194,3,3,2225.194,0.0,0.0,0.0,0.0,44503.88
1680205,IT,GR,TRANS,LEATH,0.01,2225.161,3,3,2225.161,0.0,0.0,0.0,0.0,222516.1
1784930,IT,ID,FINAN,RETA1,0.03,2224.979,3,3,2224.979,0.0,0.0,0.0,0.0,74165.966667
1668297,IT,ES,WHOLE,LEAD1,0.02,2224.955,3,3,2224.955,0.0,0.0,0.0,0.0,111247.75
1803644,IT,WF,FOOD5,RETAI,0.01,2224.802,3,3,2224.802,0.0,0.0,0.0,0.0,222480.2
1751832,IT,CN,RENTI,MOTOR,0.01,2224.674,3,3,2224.674,0.0,0.0,0.0,0.0,222467.4
1714021,IT,MT,HOTEL,STONE,0.02,2224.67,3,3,2224.67,0.0,0.0,0.0,0.0,111233.5
1679186,IT,GR,PRINT,INLAN,0.02,2224.593,3,3,2224.593,0.0,0.0,0.0,0.0,111229.65
1725762,IT,RO,PRINT,CERAM,0.02,2224.587,3,3,2224.587,0.0,0.0,0.0,0.0,111229.35
1711879,IT,LU,WOOD1,RUBBE,0.02,2224.488,3,3,2224.488,0.0,0.0,0.0,0.0,111224.4
1718290,IT,PL,FOOD5,NONME,0.01,2224.104,3,3,2224.104,0.0,0.0,0.0,0.0,222410.4
1671722,IT,FI,SALEM,FURNI,0.02,2224.06,3,3,2224.06,0.0,0.0,0.0,0.0,111203.0
1797962,IT,WL,PAPE4,POULT,0.01,2223.964,3,3,2223.964,0.0,0.0,0.0,0.0,222396.4
1773534,IT,CH,MOTO1,COPP1,0.01,2223.681,3,3,2223.681,0.0,0.0,0.0,0.0,222368.1
1782706,IT,NO,RETA1,MEATC,0.02,2223.645,3,3,2223.645,0.0,0.0,0.0,0.0,111182.25
1650968,IT,BG,SUPPO,MEAT4,0.02,2223.608,3,3,2223.608,0.0,0.0,0.0,0.0,111180.4
1739058,IT,GB,RETAI,RETA1,0.02,2223.543,3,3,2223.543,0.0,0.0,0.0,0.0,111177.15
1767329,IT,RU,HOTEL,INERT,0.02,2223.503,3,3,2223.503,0.0,0.0,0.0,0.0,111175.15
1803251,IT,WF,MEATA,SUGA1,0.01,2223.318,3,3,2223.318,0.0,0.0,0.0,0.0,222331.8
1806886,IT,WF,HOTEL,NONF1,0.02,2223.264,3,3,2223.264,0.0,0.0,0.0,0.0,111163.2
1806876,IT,WF,HOTEL,LEADZ,0.02,2223.249,3,3,2223.249,0.0,0.0,0.0,0.0,111162.45
1690133,IT,IE,COMPU,TRAN2,0.03,2223.045,3,3,2223.045,0.0,0.0,0.0,0.0,74101.5
1780567,IT,TW,FINAN,FINAN,0.03,2223.033,3,3,2223.033,0.0,0.0,0.0,0.0,74101.1
1752620,IT,CA,TEXTI,BITU1,0.01,2222.913,3,3,2222.913,0.0,0.0,0.0,0.0,222291.3
1661498,IT,DK,FOOD5,LEATH,0.01,2222.666,3,3,2222.666,0.0,0.0,0.0,0.0,222266.6
1663182,IT,DK,LANDT,DISTR,0.01,2222.641,3,3,2222.641,0.0,0.0,0.0,0.0,222264.1
1773959,IT,CH,SALEM,ELEC8,0.02,2222.394,3,3,2222.394,0.0,0.0,0.0,0.0,111119.7
1743436,IT,US,WHOLE,WHEAT,0.02,2222.292,3,3,2222.292,0.0,0.0,0.0,0.0,111114.6
1650449,IT,BG,ELEC5,LIGNI,0.03,2222.059,3,3,2222.059,0.0,0.0,0.0,0.0,74068.633333
1680224,IT,GR,TRANS,NONME,0.01,2222.045,3,3,2222.045,0.0,0.0,0.0,0.0,222204.5
1780884,IT,TW,RESEA,REFI1,0.01,2221.611,3,3,2221.611,0.0,0.0,0.0,0.0,222161.1
1762469,IT,IN,FINAN,ELEC1,0.03,2221.413,3,3,2221.413,0.0,0.0,0.0,0.0,74047.1
1711359,IT,LU,WHOLE,FOOD3,0.02,2221.408,3,3,2221.408,0.0,0.0,0.0,0.0,111070.4
1755049,IT,KR,WEARI,ELEC5,0.02,2221.381,3,3,2221.381,0.0,0.0,0.0,0.0,111069.05
1799203,IT,WE,LEATH,CROPS,0.02,2221.199,3,3,2221.199,0.0,0.0,0.0,0.0,111059.95
1690207,IT,IE,BUSIN,TRAN1,0.02,2220.936,3,3,2220.936,0.0,0.0,0.0,0.0,111046.8
1780071,IT,TW,WHOLE,FOUND,0.02,2220.931,3,3,2220.931,0.0,0.0,0.0,0.0,111046.55
1798790,IT,WE,FOOD5,BITU1,0.01,2220.893,3,3,2220.893,0.0,0.0,0.0,0.0,222089.3
1747255,IT,JP,WHOLE,BEVER,0.02,2220.88,3,3,2220.88,0.0,0.0,0.0,0.0,111044.0
1677399,IT,FR,INSUR,NONME,0.05,2220.832,3,3,2220.832,0.0,0.0,0.0,0.0,44416.64
1802045,IT,WE,WHOLE,SEACO,0.02,2220.67,3,3,2220.67,0.0,0.0,0.0,0.0,111033.5
1759523,IT,BR,RENTI,SUGA1,0.01,2220.603,3,3,2220.603,0.0,0.0,0.0,0.0,222060.3
1682086,IT,HR,TEXTI,RAWMI,0.01,2220.597,3,3,2220.597,0.0,0.0,0.0,0.0,222059.7
1717786,IT,NL,PAPE1,RUBBE,0.02,2220.477,3,3,2220.477,0.0,0.0,0.0,0.0,111023.85
1644815,IT,BE,TEXTI,BIOGA,0.01,2220.371,3,3,2220.371,0.0,0.0,0.0,0.0,222037.1
1802693,IT,WE,COMPU,WEARI,0.03,2220.134,3,3,2220.134,0.0,0.0,0.0,0.0,74004.466667
1655458,IT,DE,FORES,RESEA,0.02,2219.88,4,4,2218.88,0.0,1.0,0.0,0.0,110994.0
1779542,IT,TR,COMPU,SANDC,0.03,2219.782,3,3,2219.782,0.0,0.0,0.0,0.0,73992.733333
1743639,IT,US,HOTEL,COKE1,0.02,2219.77,3,3,2219.77,0.0,0.0,0.0,0.0,110988.5
1670330,IT,FI,MEAT4,REALE,0.01,2219.745,3,3,2219.745,0.0,0.0,0.0,0.0,221974.5
1809499,IT,WM,MEAT4,SANDC,0.01,2219.668,3,3,2219.668,0.0,0.0,0.0,0.0,221966.8
1717562,IT,NL,COMPU,MOTOR,0.03,2219.544,3,3,2219.544,0.0,0.0,0.0,0.0,73984.8
1680462,IT,GR,ELEC5,BEVER,0.03,2219.411,3,3,2219.411,0.0,0.0,0.0,0.0,73980.366667
1661708,IT,DK,WEARI,INLAN,0.02,2219.259,3,3,2219.259,0.0,0.0,0.0,0.0,110962.95
1717817,IT,NL,FOOD2,FOOD2,0.01,2219.226,3,3,2219.226,0.0,0.0,0.0,0.0,221922.6
1687202,IT,HU,CONST,PARAF,0.01,2219.131,3,3,2219.131,0.0,0.0,0.0,0.0,221913.1
1748198,IT,JP,PAPE1,CERAM,0.02,2219.077,3,3,2219.077,0.0,0.0,0.0,0.0,110953.85
1668489,IT,ES,HOTEL,PROCE,0.02,2219.038,3,3,2219.038,0.0,0.0,0.0,0.0,110951.9
1778251,IT,TR,CONST,FABRI,0.01,2218.998,3,3,2218.998,0.0,0.0,0.0,0.0,221899.8
1792916,IT,WA,HEALT,DISTR,0.01,2218.834,3,3,2218.834,0.0,0.0,0.0,0.0,221883.4
1747376,IT,JP,RETA1,AIRTR,0.02,2218.793,3,3,2218.793,0.0,0.0,0.0,0.0,110939.65
1715111,IT,NL,WEARI,FOODW,0.02,2218.78,3,3,2218.78,0.0,0.0,0.0,0.0,110939.0
1796304,IT,WL,SALEM,FORES,0.02,2218.779,3,3,2218.779,0.0,0.0,0.0,0.0,110938.95
1717398,IT,NL,INSUR,HEAVY,0.05,2218.708,3,3,2218.708,0.0,0.0,0.0,0.0,44374.16
1665184,IT,ES,FOOD5,COPPE,0.01,2218.581,3,3,2218.581,0.0,0.0,0.0,0.0,221858.1
1730990,IT,SE,FOOD1,RETA1,0.01,2218.52,3,3,2218.52,0.0,0.0,0.0,0.0,221852.0
1680613,IT,GR,CONST,MEMBE,0.01,2218.469,3,3,2218.469,0.0,0.0,0.0,0.0,221846.9
1709637,IT,LT,PRINT,LEATH,0.02,2218.3,3,3,2218.3,0.0,0.0,0.0,0.0,110915.0
1720986,IT,PL,RETA1,KEROS,0.02,2218.257,3,3,2218.257,0.0,0.0,0.0,0.0,110912.85
1669502,IT,ES,AUXIL,COLLE,0.04,2217.976,3,3,2217.976,0.0,0.0,0.0,0.0,55449.4
1645159,IT,BE,PRINT,ALUM1,0.02,2217.6,3,3,2217.6,0.0,0.0,0.0,0.0,110880.0
1677773,IT,FR,COMPU,FOUND,0.03,2217.593,3,3,2217.593,0.0,0.0,0.0,0.0,73919.766667
1806621,IT,WF,SALEM,ELEC4,0.02,2217.577,3,3,2217.577,0.0,0.0,0.0,0.0,110878.85
1792608,IT,WA,COMPU,RAILW,0.03,2217.433,3,3,2217.433,0.0,0.0,0.0,0.0,73914.433333
1770147,IT,AU,RETA1,TEXTI,0.02,2217.43,3,3,2217.43,0.0,0.0,0.0,0.0,110871.5
1678104,IT,FR,PAPE1,PRINT,0.02,2217.327,3,3,2217.327,0.0,0.0,0.0,0.0,110866.35
1687924,IT,HU,REALE,HEALT,0.09,2217.036,3,3,2217.036,0.0,0.0,0.0,0.0,24633.733333
1733531,IT,SI,WHOLE,OILHA,0.02,2217.028,3,3,2217.028,0.0,0.0,0.0,0.0,110851.4
1767925,IT,RU,RENTI,SALEM,0.01,2216.651,3,3,2216.651,0.0,0.0,0.0,0.0,221665.1
1670634,IT,FI,LEATH,CEMEN,0.02,2216.554,3,3,2216.554,0.0,0.0,0.0,0.0,110827.7
1787377,IT,WA,FORES,RAWMI,0.02,2216.531,4,4,2215.531,0.0,1.0,0.0,0.0,110826.55
1765118,IT,MX,COMPU,POSTT,0.03,2216.498,3,3,2216.498,0.0,0.0,0.0,0.0,73883.266667
1721113,IT,PL,RAILW,COKIN,0.01,2216.411,3,3,2216.411,0.0,0.0,0.0,0.0,221641.1
1814814,IT,WM,TEXT2,CRUDE,0.02,2215.946,3,3,2215.946,0.0,0.0,0.0,0.0,110797.3
1782708,IT,NO,RETA1,MEAT1,0.02,2215.727,3,3,2215.727,0.0,0.0,0.0,0.0,110786.35
1731002,IT,SE,FOOD2,RETA1,0.01,2215.599,3,3,2215.599,0.0,0.0,0.0,0.0,221559.9
1730995,IT,SE,SEWAG,WHOLE,0.02,2215.559,3,3,2215.559,0.0,0.0,0.0,0.0,110777.95
1654520,IT,CZ,HOTEL,COPP1,0.02,2215.381,3,3,2215.381,0.0,0.0,0.0,0.0,110769.05
1643324,IT,AT,RAILW,REFI1,0.01,2215.355,3,3,2215.355,0.0,0.0,0.0,0.0,221535.5
1683837,IT,HR,MOTO1,CHEM1,0.01,2215.273,3,3,2215.273,0.0,0.0,0.0,0.0,221527.3
1747402,IT,JP,RAILW,FABRI,0.01,2214.857,3,3,2214.857,0.0,0.0,0.0,0.0,221485.7
1676449,IT,FR,RETA1,MEAT4,0.02,2214.77,3,3,2214.77,0.0,0.0,0.0,0.0,110738.5
1668666,IT,ES,RAILW,FOOD4,0.01,2214.726,3,3,2214.726,0.0,0.0,0.0,0.0,221472.6
1650685,IT,BG,RETA1,ELEC4,0.02,2214.649,3,3,2214.649,0.0,0.0,0.0,0.0,110732.45
1730854,IT,SE,PUBLI,RAILW,0.04,2214.455,3,3,2214.455,0.0,0.0,0.0,0.0,55361.375
1663756,IT,EE,FOOD5,STEAM,0.01,2214.263,3,3,2214.263,0.0,0.0,0.0,0.0,221426.3
1797223,IT,WL,FINAN,FABRI,0.03,2214.234,3,3,2214.234,0.0,0.0,0.0,0.0,73807.8
1665061,IT,ES,MEAT4,VEGE1,0.01,2213.591,3,3,2213.591,0.0,0.0,0.0,0.0,221359.1
1652253,IT,CZ,FOOD5,TRANS,0.01,2212.977,3,3,2212.977,0.0,0.0,0.0,0.0,221297.7
1791341,IT,WA,SALEM,GASDI,0.02,2212.828,3,3,2212.828,0.0,0.0,0.0,0.0,110641.4
1731572,IT,SI,TEXTI,COLLE,0.01,2212.761,3,3,2212.761,0.0,0.0,0.0,0.0,221276.1
1797325,IT,WL,AUXIL,MEMBE,0.04,2212.71,3,3,2212.71,0.0,0.0,0.0,0.0,55317.75
1759521,IT,BR,RENTI,CATTL,0.01,2212.709,3,3,2212.709,0.0,0.0,0.0,0.0,221270.9
1806486,IT,WF,TRANS,ELEC6,0.01,2212.652,3,3,2212.652,0.0,0.0,0.0,0.0,221265.2
1792447,IT,WA,AUXIL,PRINT,0.04,2212.352,3,3,2212.352,0.0,0.0,0.0,0.0,55308.8
1652546,IT,CZ,WEARI,WOOD2,0.02,2212.328,3,3,2212.328,0.0,0.0,0.0,0.0,110616.4
1807509,IT,WF,RENTI,BEVER,0.01,2212.069,3,3,2212.069,0.0,0.0,0.0,0.0,221206.9
1801607,IT,WE,TRANS,TRAN2,0.01,2211.974,3,3,2211.974,0.0,0.0,0.0,0.0,221197.4
1725386,IT,RO,TEXTI,ADDIT,0.01,2211.971,3,3,2211.971,0.0,0.0,0.0,0.0,221197.1
1725756,IT,RO,PRINT,KEROS,0.02,2211.969,3,3,2211.969,0.0,0.0,0.0,0.0,110598.45
1791821,IT,WA,LANDT,NAPHT,0.01,2211.794,3,3,2211.794,0.0,0.0,0.0,0.0,221179.4
1765218,IT,RU,PADDY,INERT,0.02,2211.599,3,3,2211.599,0.0,0.0,0.0,0.0,110579.95
1711582,IT,LU,FINAN,LANDT,0.03,2211.519,3,3,2211.519,0.0,0.0,0.0,0.0,73717.3
1751716,IT,CN,INSUR,ELEC2,0.05,2211.509,3,3,2211.509,0.0,0.0,0.0,0.0,44230.18
1807707,IT,WF,BUSIN,FURNI,0.02,2211.481,3,3,2211.481,0.0,0.0,0.0,0.0,110574.05
1724122,IT,PT,RETA1,RUBBE,0.02,2211.408,3,3,2211.408,0.0,0.0,0.0,0.0,110570.4
1795774,IT,WL,MACHI,ETHAN,0.01,2211.351,3,3,2211.351,0.0,0.0,0.0,0.0,221135.1
1682482,IT,HR,PRINT,WOODW,0.02,2211.199,3,3,2211.199,0.0,0.0,0.0,0.0,110559.95
1736766,IT,SK,RENTI,LANDT,0.01,2211.111,3,3,2211.111,0.0,0.0,0.0,0.0,221111.1
1792997,IT,WA,FOOD2,CONST,0.01,2211.078,3,3,2211.078,0.0,0.0,0.0,0.0,221107.8
1780736,IT,TW,REALE,INSUR,0.09,2211.073,3,3,2211.073,0.0,0.0,0.0,0.0,24567.477778
1654569,IT,CZ,HOTEL,INERT,0.02,2210.85,3,3,2210.85,0.0,0.0,0.0,0.0,110542.5
1720897,IT,PL,SALEM,CERAM,0.02,2210.425,3,3,2210.425,0.0,0.0,0.0,0.0,110521.25
1668614,IT,ES,RAILW,WOODW,0.01,2210.371,3,3,2210.371,0.0,0.0,0.0,0.0,221037.1
1684327,IT,HR,SUPPO,BRICK,0.02,2210.352,3,3,2210.352,0.0,0.0,0.0,0.0,110517.6
1721595,IT,PL,POSTT,GASDI,0.04,2210.16,3,3,2210.16,0.0,0.0,0.0,0.0,55254.0
1659334,IT,DE,RETAI,FABRI,0.02,2210.138,3,3,2210.138,0.0,0.0,0.0,0.0,110506.9
1721785,IT,PL,AUXIL,MACHI,0.04,2210.138,3,3,2210.138,0.0,0.0,0.0,0.0,55253.45
1739154,IT,GB,RETA1,MEAT1,0.02,2210.136,3,3,2210.136,0.0,0.0,0.0,0.0,110506.8
1786444,IT,ZA,MOTO1,OILSE,0.01,2209.678,3,3,2209.678,0.0,0.0,0.0,0.0,220967.8
1724007,IT,PT,RETAI,WOODW,0.02,2209.531,3,3,2209.531,0.0,0.0,0.0,0.0,110476.55
1778465,IT,TR,WHOLE,RETA1,0.02,2209.465,3,3,2209.465,0.0,0.0,0.0,0.0,110473.25
1736331,IT,SK,RAILW,HEAVY,0.01,2209.465,3,3,2209.465,0.0,0.0,0.0,0.0,220946.5
1660644,IT,DE,REALE,RAILW,0.09,2209.445,3,3,2209.445,0.0,0.0,0.0,0.0,24549.388889
1747638,IT,JP,SUPPO,FURNI,0.02,2209.309,3,3,2209.309,0.0,0.0,0.0,0.0,110465.45
1781087,IT,TW,PUBLI,ELECT,0.04,2209.146,3,3,2209.146,0.0,0.0,0.0,0.0,55228.65
1734219,IT,SI,RENTI,MACHI,0.01,2208.715,3,3,2208.715,0.0,0.0,0.0,0.0,220871.5
1690337,IT,IE,FOOD2,WASTE,0.01,2208.587,3,3,2208.587,0.0,0.0,0.0,0.0,220858.7
1713884,IT,MT,ELEC4,INERT,0.04,2208.507,3,3,2208.507,0.0,0.0,0.0,0.0,55212.675
1802018,IT,WE,WHOLE,GLASS,0.02,2208.449,3,3,2208.449,0.0,0.0,0.0,0.0,110422.45
1721806,IT,PL,AUXIL,PUBLI,0.04,2208.432,3,3,2208.432,0.0,0.0,0.0,0.0,55210.8
1744105,IT,US,SUPPO,BIODI,0.02,2208.391,3,3,2208.391,0.0,0.0,0.0,0.0,110419.55
1814637,IT,WM,PAPE1,VEGET,0.02,2208.25,3,3,2208.25,0.0,0.0,0.0,0.0,110412.5
1780630,IT,TW,INSUR,POSTT,0.05,2208.232,3,3,2208.232,0.0,0.0,0.0,0.0,44164.64
1797634,IT,WL,FOODW,93197,0.02,2207.857,3,3,2207.857,0.0,0.0,0.0,0.0,110392.85
1643167,IT,AT,RETA1,FOODW,0.02,2207.757,3,3,2207.757,0.0,0.0,0.0,0.0,110387.85
1782841,IT,NO,LANDT,PRINT,0.01,2207.499,3,3,2207.499,0.0,0.0,0.0,0.0,220749.9
1677665,IT,FR,RENTI,OILSE,0.01,2207.369,3,3,2207.369,0.0,0.0,0.0,0.0,220736.9
1796393,IT,WL,WHOLE,NFERT,0.02,2207.301,3,3,2207.301,0.0,0.0,0.0,0.0,110365.05
1751702,IT,CN,INSUR,LEAD1,0.05,2207.278,3,3,2207.278,0.0,0.0,0.0,0.0,44145.56
1713995,IT,MT,WHOLE,COMPU,0.02,2207.199,3,3,2207.199,0.0,0.0,0.0,0.0,110359.95
1779370,IT,TR,INSUR,93197,0.05,2206.998,3,3,2206.998,0.0,0.0,0.0,0.0,44139.96
1650826,IT,BG,LANDT,KEROS,0.01,2206.496,3,3,2206.496,0.0,0.0,0.0,0.0,220649.6
1792661,IT,WA,RESEA,NONF1,0.01,2206.371,3,3,2206.371,0.0,0.0,0.0,0.0,220637.1
1688114,IT,HU,BUSIN,MEAT4,0.02,2206.295,3,3,2206.295,0.0,0.0,0.0,0.0,110314.75
1655117,IT,CZ,BUSIN,FISHF,0.02,2206.278,3,3,2206.278,0.0,0.0,0.0,0.0,110313.9
1687786,IT,HU,POSTT,FOOD5,0.04,2206.141,3,3,2206.141,0.0,0.0,0.0,0.0,55153.525
1762479,IT,IN,FINAN,SUPPO,0.03,2206.123,3,3,2206.123,0.0,0.0,0.0,0.0,73537.433333
1752248,IT,CA,CROPS,BEVER,0.02,2206.104,3,3,2206.104,0.0,0.0,0.0,0.0,110305.2
1754628,IT,KR,FORES,RESEA,0.02,2205.92,4,4,2204.92,0.0,1.0,0.0,0.0,110296.0
1759451,IT,BR,AUXIL,MEAT1,0.04,2205.816,3,3,2205.816,0.0,0.0,0.0,0.0,55145.4
1775011,IT,CH,REALE,REALE,0.09,2205.796,3,3,2205.796,0.0,0.0,0.0,0.0,24508.844444
1751323,IT,CN,LANDT,PREC1,0.01,2205.763,3,3,2205.763,0.0,0.0,0.0,0.0,220576.3
1778703,IT,TR,RAILW,MEAT1,0.01,2205.707,3,3,2205.707,0.0,0.0,0.0,0.0,220570.7
1809492,IT,WM,MEAT1,RESEA,0.01,2205.689,3,3,2205.689,0.0,0.0,0.0,0.0,220568.9
1802840,IT,WE,PAPE1,HOTEL,0.02,2205.685,3,3,2205.685,0.0,0.0,0.0,0.0,110284.25
1648674,IT,BG,PROCE,COPP1,0.01,2205.608,3,3,2205.608,0.0,0.0,0.0,0.0,220560.8
1644152,IT,AT,INERT,CEMEN,0.02,2205.59,3,3,2205.59,0.0,0.0,0.0,0.0,110279.5
1668409,IT,ES,RETA1,NONF1,0.02,2205.474,3,3,2205.474,0.0,0.0,0.0,0.0,110273.7
1754005,IT,CA,LANDT,RECRE,0.01,2205.423,3,3,2205.423,0.0,0.0,0.0,0.0,220542.3
1663490,IT,DK,RENTI,NONME,0.01,2205.375,3,3,2205.375,0.0,0.0,0.0,0.0,220537.5
1780580,IT,TW,INSUR,LEADZ,0.05,2205.357,3,3,2205.357,0.0,0.0,0.0,0.0,44107.14
1796501,IT,WL,RETA1,NFERT,0.02,2205.053,3,3,2205.053,0.0,0.0,0.0,0.0,110252.65
1728646,IT,SE,PRINT,ALUM1,0.02,2205.04,3,3,2205.04,0.0,0.0,0.0,0.0,110252.0
1797582,IT,WL,HEALT,CATTL,0.01,2205.008,3,3,2205.008,0.0,0.0,0.0,0.0,220500.8
1745903,IT,JP,LEATH,REALE,0.02,2204.75,3,3,2204.75,0.0,0.0,0.0,0.0,110237.5
1648361,IT,BE,INTER,PAPE4,0.01,2204.553,3,3,2204.553,0.0,0.0,0.0,0.0,220455.3
1814334,IT,WM,FINAN,FABRI,0.03,2204.544,3,3,2204.544,0.0,0.0,0.0,0.0,73484.8
1791738,IT,WA,RAILW,MOTOR,0.01,2204.455,3,3,2204.455,0.0,0.0,0.0,0.0,220445.5
1724505,IT,PT,POSTT,DAIRY,0.04,2204.272,3,3,2204.272,0.0,0.0,0.0,0.0,55106.8
1713969,IT,MT,WHOLE,STONE,0.02,2204.259,3,3,2204.259,0.0,0.0,0.0,0.0,110212.95
1751129,IT,CN,RETA1,SUPPO,0.02,2204.257,3,3,2204.257,0.0,0.0,0.0,0.0,110212.85
1652242,IT,CZ,FOOD5,PLAST,0.01,2204.159,3,3,2204.159,0.0,0.0,0.0,0.0,220415.9
1814760,IT,WM,FOOD2,HOTEL,0.01,2204.136,3,3,2204.136,0.0,0.0,0.0,0.0,220413.6
1802309,IT,WE,LANDT,PRIVA,0.01,2203.97,3,3,2203.97,0.0,0.0,0.0,0.0,220397.0
1762654,IT,IN,COMPU,AIRTR,0.03,2203.565,3,3,2203.565,0.0,0.0,0.0,0.0,73452.166667
1729777,IT,SE,MACHI,DIST1,0.01,2203.563,3,3,2203.563,0.0,0.0,0.0,0.0,220356.3
1797402,IT,WL,COMPU,CEMEN,0.03,2203.467,3,3,2203.467,0.0,0.0,0.0,0.0,73448.9
1797312,IT,WL,AUXIL,SUPPO,0.04,2203.431,3,3,2203.431,0.0,0.0,0.0,0.0,55085.775
1644617,IT,BE,FOOD5,NONF1,0.01,2203.393,3,3,2203.393,0.0,0.0,0.0,0.0,220339.3
1671707,IT,FI,SALEM,PFERT,0.02,2203.378,3,3,2203.378,0.0,0.0,0.0,0.0,110168.9
1676469,IT,FR,RETA1,PREC1,0.02,2203.218,3,3,2203.218,0.0,0.0,0.0,0.0,110160.9
1767458,IT,RU,LANDT,PAPE4,0.01,2203.133,3,3,2203.133,0.0,0.0,0.0,0.0,220313.3
1712740,IT,LV,LANDT,CROPS,0.01,2202.841,3,3,2202.841,0.0,0.0,0.0,0.0,220284.1
1668468,IT,ES,RETA1,TEXT2,0.02,2202.662,3,3,2202.662,0.0,0.0,0.0,0.0,110133.1
1797079,IT,WL,POSTT,CEREA,0.04,2202.551,3,3,2202.551,0.0,0.0,0.0,0.0,55063.775
1802799,IT,WE,BUSIN,RESEA,0.02,2202.381,3,3,2202.381,0.0,0.0,0.0,0.0,110119.05
1780566,IT,TW,FINAN,HOTEL,0.03,2202.09,3,3,2202.09,0.0,0.0,0.0,0.0,73403.0
1727203,IT,RO,SUPPO,CATTL,0.02,2202.042,3,3,2202.042,0.0,0.0,0.0,0.0,110102.1
1714356,IT,MT,RECRE,FINAN,0.03,2202.006,3,3,2202.006,0.0,0.0,0.0,0.0,73400.2
1797791,IT,WL,OILHA,CEMEN,0.01,2201.996,3,3,2201.996,0.0,0.0,0.0,0.0,220199.6
1668623,IT,ES,RAILW,LUBRI,0.01,2201.921,3,3,2201.921,0.0,0.0,0.0,0.0,220192.1
1807573,IT,WF,COMPU,FURNI,0.03,2201.904,3,3,2201.904,0.0,0.0,0.0,0.0,73396.8
1756499,IT,KR,RETAI,CONST,0.02,2201.875,3,3,2201.875,0.0,0.0,0.0,0.0,110093.75
1808547,IT,WF,PAPE4,MOTOR,0.01,2201.833,3,3,2201.833,0.0,0.0,0.0,0.0,220183.3
1814263,IT,WM,POSTT,FABRI,0.04,2201.793,3,3,2201.793,0.0,0.0,0.0,0.0,55044.825
1797984,IT,WL,PAPE4,SUPPO,0.01,2201.731,3,3,2201.731,0.0,0.0,0.0,0.0,220173.1
1670201,IT,ES,RECRE,OFFIC,0.03,2201.545,3,3,2201.545,0.0,0.0,0.0,0.0,73384.833333
1763357,IT,MX,PRINT,GASDI,0.02,2201.464,3,3,2201.464,0.0,0.0,0.0,0.0,110073.2
1687274,IT,HU,WHOLE,DIST1,0.02,2201.439,3,3,2201.439,0.0,0.0,0.0,0.0,110071.95
1710253,IT,LT,MOTO1,BEVER,0.01,2201.437,3,3,2201.437,0.0,0.0,0.0,0.0,220143.7
1642762,IT,AT,MACHI,ELEC6,0.01,2201.253,3,3,2201.253,0.0,0.0,0.0,0.0,220125.3
1721122,IT,PL,RAILW,TOBAC,0.01,2201.204,3,3,2201.204,0.0,0.0,0.0,0.0,220120.4
1716737,IT,NL,RETA1,MEAT1,0.02,2201.177,3,3,2201.177,0.0,0.0,0.0,0.0,110058.85
1807522,IT,WF,RENTI,NONME,0.01,2201.126,3,3,2201.126,0.0,0.0,0.0,0.0,220112.6
1683823,IT,HR,MOTO1,VEGET,0.01,2201.066,3,3,2201.066,0.0,0.0,0.0,0.0,220106.6
1807613,IT,WF,RESEA,MEAT1,0.01,2201.065,3,3,2201.065,0.0,0.0,0.0,0.0,220106.5
1733477,IT,SI,SALEM,INERT,0.02,2200.986,3,3,2200.986,0.0,0.0,0.0,0.0,110049.3
1689868,IT,IE,AUXIL,NATUR,0.04,2200.975,3,3,2200.975,0.0,0.0,0.0,0.0,55024.375
1779338,IT,TR,INSUR,FURNI,0.05,2200.808,3,3,2200.808,0.0,0.0,0.0,0.0,44016.16
1785017,IT,ID,BUSIN,PAPER,0.02,2200.766,3,3,2200.766,0.0,0.0,0.0,0.0,110038.3
1654463,IT,CZ,RETA1,HOTEL,0.02,2200.696,3,3,2200.696,0.0,0.0,0.0,0.0,110034.8
1814264,IT,WM,POSTT,OFFIC,0.04,2200.629,3,3,2200.629,0.0,0.0,0.0,0.0,55015.725
1759848,IT,BR,FOODW,TRANS,0.02,2200.383,3,3,2200.383,0.0,0.0,0.0,0.0,110019.15
1787643,IT,WA,MEAT4,FABRI,0.01,2200.281,3,3,2200.281,0.0,0.0,0.0,0.0,220028.1
1783419,IT,NO,INTER,FURNI,0.01,2200.263,3,3,2200.263,0.0,0.0,0.0,0.0,220026.3
1792671,IT,WA,RESEA,TRAN1,0.01,2200.225,3,3,2200.225,0.0,0.0,0.0,0.0,220022.5
1744672,IT,US,COMPU,BIOGA,0.03,2199.932,3,3,2199.932,0.0,0.0,0.0,0.0,73331.066667
1736982,IT,GB,MEATA,MACHI,0.01,2199.662,3,3,2199.662,0.0,0.0,0.0,0.0,219966.2
1733976,IT,SI,SUPPO,AUXIL,0.02,2199.521,3,3,2199.521,0.0,0.0,0.0,0.0,109976.05
1642705,IT,AT,MACHI,CHEMI,0.01,2199.424,3,3,2199.424,0.0,0.0,0.0,0.0,219942.4
1747007,IT,JP,TRANS,GLASS,0.01,2199.314,3,3,2199.314,0.0,0.0,0.0,0.0,219931.4
1689372,IT,IE,RETA1,SEACO,0.02,2199.171,3,3,2199.171,0.0,0.0,0.0,0.0,109958.55
1736245,IT,SK,RETA1,BUSIN,0.02,2198.995,3,3,2198.995,0.0,0.0,0.0,0.0,109949.75
1650714,IT,BG,HOTEL,PRINT,0.02,2198.956,3,3,2198.956,0.0,0.0,0.0,0.0,109947.8
1750983,IT,CN,RETAI,COMPU,0.02,2198.933,3,3,2198.933,0.0,0.0,0.0,0.0,109946.65
1644271,IT,BE,CROPS,FABRI,0.02,2198.87,3,3,2198.87,0.0,0.0,0.0,0.0,109943.5
1770135,IT,AU,RETA1,VEGET,0.02,2198.665,3,3,2198.665,0.0,0.0,0.0,0.0,109933.25
1814639,IT,WM,PAPE1,NATUR,0.02,2198.648,3,3,2198.648,0.0,0.0,0.0,0.0,109932.4
1779958,IT,TW,CONST,AUXIL,0.01,2198.614,3,3,2198.614,0.0,0.0,0.0,0.0,219861.4
1730773,IT,SE,BUSIN,NUCLE,0.02,2198.371,3,3,2198.371,0.0,0.0,0.0,0.0,109918.55
1784787,IT,ID,HOTEL,MOTOR,0.02,2198.343,3,3,2198.343,0.0,0.0,0.0,0.0,109917.15
1797558,IT,WL,PUBLI,GASDI,0.04,2198.243,3,3,2198.243,0.0,0.0,0.0,0.0,54956.075
1650576,IT,BG,ELEC8,TOBAC,0.03,2198.038,3,3,2198.038,0.0,0.0,0.0,0.0,73267.933333
1669661,IT,ES,COMPU,LEATH,0.03,2197.995,3,3,2197.995,0.0,0.0,0.0,0.0,73266.5
1717308,IT,NL,FINAN,MEATC,0.03,2197.979,3,3,2197.979,0.0,0.0,0.0,0.0,73265.966667
1687214,IT,HU,CONST,WASTE,0.01,2197.758,3,3,2197.758,0.0,0.0,0.0,0.0,219775.8
1767978,IT,RU,COMPU,COLLE,0.03,2197.733,3,3,2197.733,0.0,0.0,0.0,0.0,73257.766667
1721051,IT,PL,HOTEL,LEAD1,0.02,2197.64,3,3,2197.64,0.0,0.0,0.0,0.0,109882.0
1680438,IT,GR,ELEC4,CEMEN,0.03,2197.33,3,3,2197.33,0.0,0.0,0.0,0.0,73244.333333
1791852,IT,WA,LANDT,DIST1,0.01,2197.04,3,3,2197.04,0.0,0.0,0.0,0.0,219704.0
1721842,IT,PL,REALE,OFFIC,0.09,2197.011,3,3,2197.011,0.0,0.0,0.0,0.0,24411.233333
1756153,IT,KR,MACHI,MEATP,0.01,2196.849,3,3,2196.849,0.0,0.0,0.0,0.0,219684.9
1734712,IT,SK,LEATH,PREC1,0.02,2196.699,3,3,2196.699,0.0,0.0,0.0,0.0,109834.95
1721757,IT,PL,INSUR,WHOLE,0.05,2196.486,3,3,2196.486,0.0,0.0,0.0,0.0,43929.72
1762460,IT,IN,FINAN,RUBBE,0.03,2196.47,3,3,2196.47,0.0,0.0,0.0,0.0,73215.666667
1763352,IT,MX,PRINT,WOODW,0.02,2196.463,3,3,2196.463,0.0,0.0,0.0,0.0,109823.15
1778618,IT,TR,HOTEL,FISH5,0.02,2196.431,3,3,2196.431,0.0,0.0,0.0,0.0,109821.55
1797613,IT,WL,FOODW,MOTO1,0.02,2196.414,3,3,2196.414,0.0,0.0,0.0,0.0,109820.7
1669938,IT,ES,EDUCA,BIODI,0.05,2196.318,3,3,2196.318,0.0,0.0,0.0,0.0,43926.36
1661044,IT,DE,BUSIN,WOOD2,0.02,2196.264,3,3,2196.264,0.0,0.0,0.0,0.0,109813.2
1646835,IT,BE,RETAI,MEATP,0.02,2195.964,3,3,2195.964,0.0,0.0,0.0,0.0,109798.2
1733559,IT,SI,RETA1,FOUND,0.02,2195.889,3,3,2195.889,0.0,0.0,0.0,0.0,109794.45
1725002,IT,PT,INTER,LEAD1,0.01,2195.824,3,3,2195.824,0.0,0.0,0.0,0.0,219582.4
1774350,IT,CH,HOTEL,ELEC6,0.02,2195.785,3,3,2195.785,0.0,0.0,0.0,0.0,109789.25
1709631,IT,LT,PRINT,FORES,0.02,2195.756,3,3,2195.756,0.0,0.0,0.0,0.0,109787.8
1730123,IT,SE,RAILW,FORES,0.01,2195.708,3,3,2195.708,0.0,0.0,0.0,0.0,219570.8
1710283,IT,LT,MOTO1,EDUCA,0.01,2195.588,3,3,2195.588,0.0,0.0,0.0,0.0,219558.8
1734495,IT,SK,MEAT4,WHOLE,0.01,2195.546,3,3,2195.546,0.0,0.0,0.0,0.0,219554.6
1659335,IT,DE,RETAI,MOTO1,0.02,2195.341,3,3,2195.341,0.0,0.0,0.0,0.0,109767.05
1740517,IT,GB,MEMBE,RECRE,0.03,2195.08,3,3,2195.08,0.0,0.0,0.0,0.0,73169.333333
1802243,IT,WE,RAILW,RECRE,0.01,2194.922,3,3,2194.922,0.0,0.0,0.0,0.0,219492.2
1745062,IT,US,PUBLI,ELEC2,0.04,2194.875,3,3,2194.875,0.0,0.0,0.0,0.0,54871.875
1768267,IT,RU,93197,PRINT,0.01,2194.805,3,3,2194.805,0.0,0.0,0.0,0.0,219480.5
1762177,IT,IN,LANDT,PUBLI,0.01,2194.688,3,3,2194.688,0.0,0.0,0.0,0.0,219468.8
1792646,IT,WA,RESEA,LEATH,0.01,2194.688,3,3,2194.688,0.0,0.0,0.0,0.0,219468.8
1670028,IT,ES,FOOD1,BEVER,0.01,2194.62,3,3,2194.62,0.0,0.0,0.0,0.0,219462.0
1758951,IT,BR,RAILW,SALEM,0.01,2194.578,3,3,2194.578,0.0,0.0,0.0,0.0,219457.8
1749323,IT,CN,PRINT,MOTOR,0.02,2194.514,3,3,2194.514,0.0,0.0,0.0,0.0,109725.7
1671755,IT,FI,RETAI,WEARI,0.02,2194.496,3,3,2194.496,0.0,0.0,0.0,0.0,109724.8
1779207,IT,TR,POSTT,BIOG1,0.04,2194.424,3,3,2194.424,0.0,0.0,0.0,0.0,54860.6
1755086,IT,KR,LEATH,CRUDE,0.02,2194.363,3,3,2194.363,0.0,0.0,0.0,0.0,109718.15
1754803,IT,KR,FOOD5,ALUM1,0.01,2194.306,3,3,2194.306,0.0,0.0,0.0,0.0,219430.6
1676733,IT,FR,RAILW,FOOD3,0.01,2194.269,3,3,2194.269,0.0,0.0,0.0,0.0,219426.9
1782661,IT,NO,RETAI,COLLE,0.02,2194.263,3,3,2194.263,0.0,0.0,0.0,0.0,109713.15
1785270,IT,ZA,TEXTI,FOOD3,0.01,2194.063,3,3,2194.063,0.0,0.0,0.0,0.0,219406.3
1796567,IT,WL,HOTEL,PLANT,0.02,2193.932,3,3,2193.932,0.0,0.0,0.0,0.0,109696.6
1658773,IT,DE,MOTO1,STONE,0.01,2193.892,3,3,2193.892,0.0,0.0,0.0,0.0,219389.2
1770636,IT,AU,FINAN,DISTR,0.03,2193.812,3,3,2193.812,0.0,0.0,0.0,0.0,73127.066667
1714863,IT,NL,FOOD5,WOOD1,0.01,2193.441,3,3,2193.441,0.0,0.0,0.0,0.0,219344.1
1670089,IT,ES,FOOD4,NONF1,0.02,2193.375,3,3,2193.375,0.0,0.0,0.0,0.0,109668.75
1721057,IT,PL,HOTEL,ELECT,0.02,2193.311,3,3,2193.311,0.0,0.0,0.0,0.0,109665.55
1801981,IT,WE,WHOLE,CROPS,0.02,2193.177,3,3,2193.177,0.0,0.0,0.0,0.0,109658.85
1767600,IT,RU,SUPPO,PREC1,0.02,2192.801,3,3,2192.801,0.0,0.0,0.0,0.0,109640.05
1672438,IT,FI,BUSIN,INERT,0.02,2192.773,3,3,2192.773,0.0,0.0,0.0,0.0,109638.65
1714066,IT,MT,RAILW,POSTT,0.01,2192.363,3,3,2192.363,0.0,0.0,0.0,0.0,219236.3
1797734,IT,WL,INTER,PRINT,0.01,2192.251,3,3,2192.251,0.0,0.0,0.0,0.0,219225.1
1785460,IT,ZA,PRINT,CONST,0.02,2191.869,3,3,2191.869,0.0,0.0,0.0,0.0,109593.45
1676114,IT,FR,ELEC8,SALEM,0.03,2191.747,3,3,2191.747,0.0,0.0,0.0,0.0,73058.233333
1759025,IT,BR,LANDT,MEMBE,0.01,2191.547,3,3,2191.547,0.0,0.0,0.0,0.0,219154.7
1767648,IT,RU,POSTT,FABRI,0.04,2191.504,3,3,2191.504,0.0,0.0,0.0,0.0,54787.6
1650610,IT,BG,ELEC8,HEALT,0.03,2191.347,3,3,2191.347,0.0,0.0,0.0,0.0,73044.9
1743491,IT,US,WHOLE,EDUCA,0.02,2191.347,3,3,2191.347,0.0,0.0,0.0,0.0,109567.35
1682282,IT,HR,LEATH,COLLE,0.02,2191.212,3,3,2191.212,0.0,0.0,0.0,0.0,109560.6
1734122,IT,SI,AUXIL,CEMEN,0.04,2191.16,3,3,2191.16,0.0,0.0,0.0,0.0,54779.0
1730136,IT,SE,RAILW,LANDT,0.01,2191.109,3,3,2191.109,0.0,0.0,0.0,0.0,219110.9
1714158,IT,MT,POSTT,PRINT,0.04,2191.106,3,3,2191.106,0.0,0.0,0.0,0.0,54777.65
1680610,IT,GR,CONST,COMPU,0.01,2190.976,3,3,2190.976,0.0,0.0,0.0,0.0,219097.6
1643293,IT,AT,HOTEL,SEWAG,0.02,2190.945,3,3,2190.945,0.0,0.0,0.0,0.0,109547.25
1734434,IT,SK,CROPS,PIGS9,0.02,2190.892,3,3,2190.892,0.0,0.0,0.0,0.0,109544.6
1643045,IT,AT,CONST,HEALT,0.01,2190.657,3,3,2190.657,0.0,0.0,0.0,0.0,219065.7
1687237,IT,HU,WHOLE,CROPS,0.02,2190.042,3,3,2190.042,0.0,0.0,0.0,0.0,109502.1
1680880,IT,GR,LANDT,PETRO,0.01,2190.017,3,3,2190.017,0.0,0.0,0.0,0.0,219001.7
1716814,IT,NL,RETA1,RECRE,0.02,2189.962,3,3,2189.962,0.0,0.0,0.0,0.0,109498.1
1786590,IT,ZA,CONST,PLAST,0.01,2189.957,3,3,2189.957,0.0,0.0,0.0,0.0,218995.7
1778447,IT,TR,WHOLE,ELECT,0.02,2189.762,3,3,2189.762,0.0,0.0,0.0,0.0,109488.1
1807699,IT,WF,BUSIN,LEAD1,0.02,2189.628,3,3,2189.628,0.0,0.0,0.0,0.0,109481.4
1775217,IT,CH,RESEA,FINAN,0.01,2189.409,3,3,2189.409,0.0,0.0,0.0,0.0,218940.9
1758457,IT,BR,MACHI,PIGS9,0.01,2189.405,3,3,2189.405,0.0,0.0,0.0,0.0,218940.5
1773328,IT,CH,MACHI,BRICK,0.01,2189.265,3,3,2189.265,0.0,0.0,0.0,0.0,218926.5
1676333,IT,FR,RETAI,SUPPO,0.02,2189.126,3,3,2189.126,0.0,0.0,0.0,0.0,109456.3
1713942,IT,MT,CONST,RENTI,0.01,2189.083,3,3,2189.083,0.0,0.0,0.0,0.0,218908.3
1726753,IT,RO,SALEM,LEATH,0.02,2188.946,3,3,2188.946,0.0,0.0,0.0,0.0,109447.3
1722502,IT,PT,FOOD5,TEXTI,0.01,2188.85,3,3,2188.85,0.0,0.0,0.0,0.0,218885.0
1669662,IT,ES,COMPU,WOODW,0.02,2188.697,3,3,2188.697,0.0,0.0,0.0,0.0,109434.85
1809183,IT,WM,MEATA,TOBAC,0.01,2188.666,3,3,2188.666,0.0,0.0,0.0,0.0,218866.6
1793388,IT,WL,CROPS,CEREA,0.02,2188.125,3,3,2188.125,0.0,0.0,0.0,0.0,109406.25
1786464,IT,ZA,MOTO1,PLAST,0.01,2188.056,3,3,2188.056,0.0,0.0,0.0,0.0,218805.6
1808275,IT,WF,FOOD2,PLAST,0.01,2188.045,3,3,2188.045,0.0,0.0,0.0,0.0,218804.5
1671591,IT,FI,TRANS,RUBBE,0.01,2187.861,3,3,2187.861,0.0,0.0,0.0,0.0,218786.1
1737406,IT,GB,TEXTI,RAILW,0.01,2187.781,3,3,2187.781,0.0,0.0,0.0,0.0,218778.1
1664478,IT,EE,MOTO1,HYDRO,0.01,2187.649,3,3,2187.649,0.0,0.0,0.0,0.0,218764.9
1730705,IT,SE,COMPU,RETAI,0.02,2187.358,3,3,2187.358,0.0,0.0,0.0,0.0,109367.9
1782680,IT,NO,WHOLE,CERAM,0.02,2187.296,3,3,2187.296,0.0,0.0,0.0,0.0,109364.8
1717265,IT,NL,POSTT,FURNI,0.04,2187.068,3,3,2187.068,0.0,0.0,0.0,0.0,54676.7
1665160,IT,ES,PROCE,PROCE,0.01,2187.023,3,3,2187.023,0.0,0.0,0.0,0.0,218702.3
1671573,IT,FI,MOTO1,BASIC,0.01,2186.867,3,3,2186.867,0.0,0.0,0.0,0.0,218686.7
1663892,IT,EE,WEARI,EDUCA,0.02,2186.759,3,3,2186.759,0.0,0.0,0.0,0.0,109337.95
1714851,IT,NL,FOOD5,POSTT,0.01,2186.745,3,3,2186.745,0.0,0.0,0.0,0.0,218674.5
1734374,IT,SI,RECRE,SUPPO,0.03,2186.647,3,3,2186.647,0.0,0.0,0.0,0.0,72888.233333
1720926,IT,PL,SALEM,PAPE4,0.02,2186.448,3,3,2186.448,0.0,0.0,0.0,0.0,109322.4
1663214,IT,DK,LANDT,FOOD3,0.01,2186.427,3,3,2186.427,0.0,0.0,0.0,0.0,218642.7
1670637,IT,FI,LEATH,MACHI,0.02,2186.372,3,3,2186.372,0.0,0.0,0.0,0.0,109318.6
1773895,IT,CH,ELEC8,WHOLE,0.03,2186.331,3,3,2186.331,0.0,0.0,0.0,0.0,72877.7
1642724,IT,AT,MACHI,COALT,0.01,2186.172,3,3,2186.172,0.0,0.0,0.0,0.0,218617.2
1669485,IT,ES,AUXIL,RUBBE,0.04,2185.942,3,3,2185.942,0.0,0.0,0.0,0.0,54648.55
1740375,IT,GB,HEALT,CRUDE,0.01,2185.861,3,3,2185.861,0.0,0.0,0.0,0.0,218586.1
1728342,IT,SE,TEXTI,MEATP,0.01,2185.785,3,3,2185.785,0.0,0.0,0.0,0.0,218578.5
1765112,IT,MX,COMPU,MOTO1,0.02,2185.696,3,3,2185.696,0.0,0.0,0.0,0.0,109284.8
1660556,IT,DE,AUXIL,CHEM1,0.04,2185.641,3,3,2185.641,0.0,0.0,0.0,0.0,54641.025
1779105,IT,TR,SUPPO,ELEC5,0.02,2185.355,3,3,2185.355,0.0,0.0,0.0,0.0,109267.75
1808553,IT,WF,PAPE4,RUBBE,0.01,2185.355,3,3,2185.355,0.0,0.0,0.0,0.0,218535.5
1690574,IT,IE,93197,WHOLE,0.01,2185.321,3,3,2185.321,0.0,0.0,0.0,0.0,218532.1
1668158,IT,ES,SALEM,ELEC1,0.02,2185.253,3,3,2185.253,0.0,0.0,0.0,0.0,109262.65
1785113,IT,ZA,MEAT4,FOOD3,0.01,2184.916,3,3,2184.916,0.0,0.0,0.0,0.0,218491.6
1778507,IT,TR,RETA1,IRONO,0.02,2184.72,3,3,2184.72,0.0,0.0,0.0,0.0,109236.0
1720893,IT,PL,SALEM,MEATC,0.02,2184.696,3,3,2184.696,0.0,0.0,0.0,0.0,109234.8
1760096,IT,BR,FOOD1,FORES,0.01,2184.653,3,3,2184.653,0.0,0.0,0.0,0.0,218465.3
1660182,IT,DE,SUPPO,ELEC8,0.02,2184.382,3,3,2184.382,0.0,0.0,0.0,0.0,109219.1
1808662,IT,WF,INERT,PRINT,0.02,2184.262,3,3,2184.262,0.0,0.0,0.0,0.0,109213.1
1712109,IT,LV,TEXTI,FABRI,0.01,2184.1,3,3,2184.1,0.0,0.0,0.0,0.0,218410.0
1652550,IT,CZ,LEATH,WHEAT,0.02,2184.048,3,3,2184.048,0.0,0.0,0.0,0.0,109202.4
1688158,IT,HU,BUSIN,ELEC2,0.02,2183.891,3,3,2183.891,0.0,0.0,0.0,0.0,109194.55
1796694,IT,WL,RAILW,PREC1,0.01,2183.756,3,3,2183.756,0.0,0.0,0.0,0.0,218375.6
1734356,IT,SI,PUBLI,CONST,0.04,2183.597,3,3,2183.597,0.0,0.0,0.0,0.0,54589.925
1783840,IT,NO,TEXT2,PLAST,0.02,2183.345,3,3,2183.345,0.0,0.0,0.0,0.0,109167.25
1648016,IT,BE,COMPU,LIQUE,0.02,2183.127,3,3,2183.127,0.0,0.0,0.0,0.0,109156.35
1684649,IT,HR,PAPE4,INERT,0.01,2182.816,3,3,2182.816,0.0,0.0,0.0,0.0,218281.6
1668172,IT,ES,SALEM,LANDT,0.02,2182.794,3,3,2182.794,0.0,0.0,0.0,0.0,109139.7
1802140,IT,WE,RETA1,PRIVA,0.02,2182.736,3,3,2182.736,0.0,0.0,0.0,0.0,109136.8
1791853,IT,WA,LANDT,STEAM,0.01,2182.728,3,3,2182.728,0.0,0.0,0.0,0.0,218272.8
1654582,IT,CZ,RAILW,NFERT,0.01,2182.71,3,3,2182.71,0.0,0.0,0.0,0.0,218271.0
1765529,IT,RU,LEATH,ANTHR,0.02,2182.581,3,3,2182.581,0.0,0.0,0.0,0.0,109129.05
1778290,IT,TR,SALEM,WHITE,0.02,2182.422,3,3,2182.422,0.0,0.0,0.0,0.0,109121.1
1736750,IT,SK,REALE,EDUCA,0.09,2182.351,3,3,2182.351,0.0,0.0,0.0,0.0,24248.344444
1681607,IT,GR,PUBLI,LUBRI,0.04,2182.26,3,3,2182.26,0.0,0.0,0.0,0.0,54556.5
1690170,IT,IE,BUSIN,RAWMI,0.02,2181.835,3,3,2181.835,0.0,0.0,0.0,0.0,109091.75
1660502,IT,DE,INSUR,ELEC1,0.04,2181.741,3,3,2181.741,0.0,0.0,0.0,0.0,54543.525
1743701,IT,US,RAILW,HOTEL,0.01,2181.19,3,3,2181.19,0.0,0.0,0.0,0.0,218119.0
1680848,IT,GR,LANDT,POULT,0.01,2181.069,3,3,2181.069,0.0,0.0,0.0,0.0,218106.9
1809493,IT,WM,MEAT1,PUBLI,0.01,2181.043,3,3,2181.043,0.0,0.0,0.0,0.0,218104.3
1780492,IT,TW,POSTT,CERAM,0.04,2180.964,3,3,2180.964,0.0,0.0,0.0,0.0,54524.1
1687568,IT,HU,LANDT,AIRTR,0.01,2180.859,3,3,2180.859,0.0,0.0,0.0,0.0,218085.9
1764498,IT,MX,CONST,PREC1,0.01,2180.489,3,3,2180.489,0.0,0.0,0.0,0.0,218048.9
1769019,IT,AU,PRINT,SALEM,0.02,2180.489,3,3,2180.489,0.0,0.0,0.0,0.0,109024.45
1798010,IT,WL,INERT,BIOGA,0.02,2180.365,3,3,2180.365,0.0,0.0,0.0,0.0,109018.25
1748009,IT,JP,BUSIN,SUGA1,0.02,2180.318,3,3,2180.318,0.0,0.0,0.0,0.0,109015.9
1734175,IT,SI,REALE,MACHI,0.09,2180.312,3,3,2180.312,0.0,0.0,0.0,0.0,24225.688889
1765432,IT,RU,TEXTI,ALUM1,0.01,2180.094,3,3,2180.094,0.0,0.0,0.0,0.0,218009.4
1684588,IT,HR,BUSIN,WASTE,0.02,2180.009,3,3,2180.009,0.0,0.0,0.0,0.0,109000.45
1792982,IT,WA,OILHA,FINAN,0.01,2179.951,3,3,2179.951,0.0,0.0,0.0,0.0,217995.1
1764661,IT,MX,RETA1,AIRTR,0.02,2179.862,3,3,2179.862,0.0,0.0,0.0,0.0,108993.1
1724982,IT,PT,EDUCA,WHOLE,0.05,2179.666,3,3,2179.666,0.0,0.0,0.0,0.0,43593.32
1771703,IT,CH,WEARI,WASTE,0.02,2179.662,3,3,2179.662,0.0,0.0,0.0,0.0,108983.1
1771393,IT,CH,FOOD5,FISH5,0.01,2179.662,3,3,2179.662,0.0,0.0,0.0,0.0,217966.2
1762406,IT,IN,POSTT,FURNI,0.04,2179.547,3,3,2179.547,0.0,0.0,0.0,0.0,54488.675
1722264,IT,PL,RECRE,COMPU,0.03,2179.499,3,3,2179.499,0.0,0.0,0.0,0.0,72649.966667
1752684,IT,CA,WEARI,COMPU,0.02,2179.479,3,3,2179.479,0.0,0.0,0.0,0.0,108973.95
1779594,IT,TR,COMPU,CONST,0.02,2179.065,3,3,2179.065,0.0,0.0,0.0,0.0,108953.25
1808062,IT,WF,TEXT1,FISHF,0.02,2179.061,3,3,2179.061,0.0,0.0,0.0,0.0,108953.05
1677815,IT,FR,COMPU,INTER,0.02,2178.424,3,3,2178.424,0.0,0.0,0.0,0.0,108921.2
1747412,IT,JP,RAILW,PUBLI,0.01,2178.324,3,3,2178.324,0.0,0.0,0.0,0.0,217832.4
1647640,IT,BE,FINAN,BEVER,0.03,2178.214,3,3,2178.214,0.0,0.0,0.0,0.0,72607.133333
1788170,IT,WA,WEARI,BLAST,0.02,2178.177,3,3,2178.177,0.0,0.0,0.0,0.0,108908.85
1740480,IT,GB,PAPE4,INTER,0.01,2178.108,3,3,2178.108,0.0,0.0,0.0,0.0,217810.8
1793115,IT,WA,RECRE,CRUDE,0.03,2177.939,3,3,2177.939,0.0,0.0,0.0,0.0,72597.966667
1647789,IT,BE,AUXIL,PAPER,0.04,2177.875,3,3,2177.875,0.0,0.0,0.0,0.0,54446.875
1759862,IT,BR,FOODW,HEALT,0.02,2177.817,3,3,2177.817,0.0,0.0,0.0,0.0,108890.85
1768244,IT,RU,FOOD4,WOODW,0.02,2177.759,3,3,2177.759,0.0,0.0,0.0,0.0,108887.95
1726667,IT,RO,TRANS,LIQUE,0.01,2177.695,3,3,2177.695,0.0,0.0,0.0,0.0,217769.5
1780790,IT,TW,RENTI,FINAN,0.01,2177.362,3,3,2177.362,0.0,0.0,0.0,0.0,217736.2
1689618,IT,IE,SUPPO,CEMEN,0.02,2177.349,3,3,2177.349,0.0,0.0,0.0,0.0,108867.45
1765161,IT,MX,BUSIN,CERAM,0.02,2177.206,3,3,2177.206,0.0,0.0,0.0,0.0,108860.3
1739397,IT,GB,RAILW,OILHA,0.01,2177.165,3,3,2177.165,0.0,0.0,0.0,0.0,217716.5
1774220,IT,CH,RETA1,NONF1,0.02,2177.086,3,3,2177.086,0.0,0.0,0.0,0.0,108854.3
1661760,IT,DK,LEATH,ELECT,0.02,2176.983,3,3,2176.983,0.0,0.0,0.0,0.0,108849.15
1713106,IT,MT,FOOD5,RUBBE,0.01,2176.956,3,3,2176.956,0.0,0.0,0.0,0.0,217695.6
1779190,IT,TR,POSTT,OFFIC,0.04,2176.929,3,3,2176.929,0.0,0.0,0.0,0.0,54423.225
1808728,IT,WF,TEXT2,FURNI,0.02,2176.908,3,3,2176.908,0.0,0.0,0.0,0.0,108845.4
1775110,IT,CH,COMPU,NONME,0.02,2176.873,3,3,2176.873,0.0,0.0,0.0,0.0,108843.65
1658845,IT,DE,MOTO1,AUXIL,0.01,2176.742,3,3,2176.742,0.0,0.0,0.0,0.0,217674.2
1711516,IT,LU,POSTT,BASIC,0.04,2176.712,3,3,2176.712,0.0,0.0,0.0,0.0,54417.8
1767352,IT,RU,RAILW,RETA1,0.01,2176.635,3,3,2176.635,0.0,0.0,0.0,0.0,217663.5
1775901,IT,TR,PROCE,DISTR,0.01,2176.562,3,3,2176.562,0.0,0.0,0.0,0.0,217656.2
1721803,IT,PL,AUXIL,COMPU,0.04,2176.425,3,3,2176.425,0.0,0.0,0.0,0.0,54410.625
1808004,IT,WF,INTER,PIGS9,0.01,2176.376,3,3,2176.376,0.0,0.0,0.0,0.0,217637.6
1680858,IT,GR,LANDT,PROCE,0.01,2176.308,3,3,2176.308,0.0,0.0,0.0,0.0,217630.8
1738704,IT,GB,MACHI,ELEC6,0.01,2176.058,3,3,2176.058,0.0,0.0,0.0,0.0,217605.8
1808467,IT,WF,FOOD4,NONME,0.02,2176.029,3,3,2176.029,0.0,0.0,0.0,0.0,108801.45
1743420,IT,US,SALEM,TEXT2,0.02,2175.862,3,3,2175.862,0.0,0.0,0.0,0.0,108793.1
1650599,IT,BG,ELEC8,DISTR,0.03,2175.774,3,3,2175.774,0.0,0.0,0.0,0.0,72525.8
1648421,IT,BE,PRIVA,NONSP,0.49,2175.763,3,3,2175.763,0.0,0.0,0.0,0.0,4440.332653
1743072,IT,US,MOTO1,MEATA,0.01,2175.389,3,3,2175.389,0.0,0.0,0.0,0.0,217538.9
1760001,IT,BR,INTER,LANDT,0.01,2175.324,3,3,2175.324,0.0,0.0,0.0,0.0,217532.4
1783109,IT,NO,INSUR,OILHA,0.04,2175.255,3,3,2175.255,0.0,0.0,0.0,0.0,54381.375
1779936,IT,TW,CONST,NONF1,0.01,2175.25,3,3,2175.25,0.0,0.0,0.0,0.0,217525.0
1749006,IT,CN,LEATH,BITU1,0.02,2174.961,3,3,2174.961,0.0,0.0,0.0,0.0,108748.05
1722178,IT,PL,BUSIN,TEXT2,0.02,2174.778,3,3,2174.778,0.0,0.0,0.0,0.0,108738.9
1688117,IT,HU,BUSIN,SUGA1,0.02,2174.633,3,3,2174.633,0.0,0.0,0.0,0.0,108731.65
1660546,IT,DE,INSUR,FOOD2,0.04,2174.509,3,3,2174.509,0.0,0.0,0.0,0.0,54362.725
1809518,IT,WM,MEAT4,CONST,0.01,2174.501,3,3,2174.501,0.0,0.0,0.0,0.0,217450.1
1761988,IT,IN,SALEM,CONST,0.02,2174.341,3,3,2174.341,0.0,0.0,0.0,0.0,108717.05
1797924,IT,WL,FOOD4,PAPER,0.02,2174.309,3,3,2174.309,0.0,0.0,0.0,0.0,108715.45
1661131,IT,DE,INERT,SEWAG,0.02,2174.29,3,3,2174.29,0.0,0.0,0.0,0.0,108714.5
1770763,IT,AU,RENTI,DIST1,0.01,2174.189,3,3,2174.189,0.0,0.0,0.0,0.0,217418.9
1725763,IT,RO,PRINT,BRICK,0.02,2174.124,3,3,2174.124,0.0,0.0,0.0,0.0,108706.2
1791548,IT,WA,RETA1,NONF1,0.02,2173.733,3,3,2173.733,0.0,0.0,0.0,0.0,108686.65
1731402,IT,SI,FOOD5,NONME,0.01,2173.7,3,3,2173.7,0.0,0.0,0.0,0.0,217370.0
1659104,IT,DE,ELEC5,HEALT,0.03,2173.632,3,3,2173.632,0.0,0.0,0.0,0.0,72454.4
1678402,IT,FR,PLAS2,INTER,0.02,2173.364,3,3,2173.364,0.0,0.0,0.0,0.0,108668.2
1681415,IT,GR,RENTI,LEATH,0.01,2173.271,3,3,2173.271,0.0,0.0,0.0,0.0,217327.1
1759525,IT,BR,RENTI,WEARI,0.01,2172.967,3,3,2172.967,0.0,0.0,0.0,0.0,217296.7
1808229,IT,WF,FOOD1,FINAN,0.01,2172.95,3,3,2172.95,0.0,0.0,0.0,0.0,217295.0
1762410,IT,IN,POSTT,ELEC3,0.04,2172.73,3,3,2172.73,0.0,0.0,0.0,0.0,54318.25
1783588,IT,NO,FOOD2,OFFIC,0.01,2172.636,3,3,2172.636,0.0,0.0,0.0,0.0,217263.6
1797614,IT,WL,FOODW,FURNI,0.02,2172.488,3,3,2172.488,0.0,0.0,0.0,0.0,108624.4
1768254,IT,RU,PLAS2,NONF1,0.02,2172.39,3,3,2172.39,0.0,0.0,0.0,0.0,108619.5
1720994,IT,PL,RETA1,RAILW,0.02,2172.309,3,3,2172.309,0.0,0.0,0.0,0.0,108615.45
1747332,IT,JP,RETA1,FISHF,0.02,2172.26,3,3,2172.26,0.0,0.0,0.0,0.0,108613.0
1809510,IT,WM,MEAT4,KERO1,0.01,2172.118,3,3,2172.118,0.0,0.0,0.0,0.0,217211.8
1714075,IT,MT,LANDT,RETA1,0.01,2172.067,3,3,2172.067,0.0,0.0,0.0,0.0,217206.7
1774962,IT,CH,AUXIL,TOBAC,0.04,2171.9,3,3,2171.9,0.0,0.0,0.0,0.0,54297.5
1660501,IT,DE,INSUR,SECO9,0.04,2171.703,3,3,2171.703,0.0,0.0,0.0,0.0,54292.575
1726768,IT,RO,SALEM,INLAN,0.02,2171.597,3,3,2171.597,0.0,0.0,0.0,0.0,108579.85
1670549,IT,FI,TEXTI,BIODI,0.01,2171.471,3,3,2171.471,0.0,0.0,0.0,0.0,217147.1
1643154,IT,AT,RETA1,RETA1,0.02,2171.309,3,3,2171.309,0.0,0.0,0.0,0.0,108565.45
1755336,IT,KR,PRINT,RADIO,0.02,2171.163,3,3,2171.163,0.0,0.0,0.0,0.0,108558.15
1734491,IT,SK,MEAT1,MOTO1,0.01,2171.036,3,3,2171.036,0.0,0.0,0.0,0.0,217103.6
1765226,IT,RU,CROPS,MEATP,0.02,2170.976,3,3,2170.976,0.0,0.0,0.0,0.0,108548.8
1752607,IT,CA,TEXTI,STONE,0.01,2170.927,3,3,2170.927,0.0,0.0,0.0,0.0,217092.7
1786597,IT,ZA,SALEM,POULT,0.02,2170.765,3,3,2170.765,0.0,0.0,0.0,0.0,108538.25
1721869,IT,PL,REALE,RESEA,0.09,2170.576,3,3,2170.576,0.0,0.0,0.0,0.0,24117.511111
1726617,IT,RO,MOTO1,GLASS,0.01,2170.375,3,3,2170.375,0.0,0.0,0.0,0.0,217037.5
1660773,IT,DE,COMPU,CHEMI,0.02,2170.214,3,3,2170.214,0.0,0.0,0.0,0.0,108510.7
1797772,IT,WL,WOOD1,AUXIL,0.01,2170.144,3,3,2170.144,0.0,0.0,0.0,0.0,217014.4
1771776,IT,CH,LEATH,INLAN,0.02,2169.946,3,3,2169.946,0.0,0.0,0.0,0.0,108497.3
1716724,IT,NL,RETA1,SUGAR,0.02,2169.914,3,3,2169.914,0.0,0.0,0.0,0.0,108495.7
1733573,IT,SI,RETA1,RETA1,0.02,2169.897,3,3,2169.897,0.0,0.0,0.0,0.0,108494.85
1712255,IT,LV,PRINT,PUBLI,0.02,2169.878,3,3,2169.878,0.0,0.0,0.0,0.0,108493.9
1776003,IT,TR,TEXTI,COPPE,0.01,2169.6,3,3,2169.6,0.0,0.0,0.0,0.0,216960.0
1734050,IT,SI,FINAN,LANDT,0.03,2169.372,3,3,2169.372,0.0,0.0,0.0,0.0,72312.4
1809820,IT,WM,FOOD5,BLAST,0.01,2169.366,3,3,2169.366,0.0,0.0,0.0,0.0,216936.6
1665558,IT,ES,LEATH,CHEM1,0.02,2169.203,3,3,2169.203,0.0,0.0,0.0,0.0,108460.15
1782734,IT,NO,RETA1,ELEC4,0.02,2169.096,3,3,2169.096,0.0,0.0,0.0,0.0,108454.8
1792878,IT,WA,EDUCA,COMPU,0.05,2169.094,3,3,2169.094,0.0,0.0,0.0,0.0,43381.88
1758982,IT,BR,LANDT,TOBAC,0.01,2168.925,3,3,2168.925,0.0,0.0,0.0,0.0,216892.5
1751349,IT,CN,LANDT,FINAN,0.01,2168.662,3,3,2168.662,0.0,0.0,0.0,0.0,216866.2
1721151,IT,PL,RAILW,ELECT,0.01,2168.649,3,3,2168.649,0.0,0.0,0.0,0.0,216864.9
1759987,IT,BR,INTER,MOTOR,0.01,2168.517,3,3,2168.517,0.0,0.0,0.0,0.0,216851.7
1787003,IT,ZA,INSUR,RUBBE,0.04,2168.195,3,3,2168.195,0.0,0.0,0.0,0.0,54204.875
1779819,IT,TR,PUBLI,CRUDE,0.04,2167.758,3,3,2167.758,0.0,0.0,0.0,0.0,54193.95
1688443,IT,IE,TEXTI,WEARI,0.01,2167.647,3,3,2167.647,0.0,0.0,0.0,0.0,216764.7
1722681,IT,PT,LEATH,WOODW,0.02,2167.506,3,3,2167.506,0.0,0.0,0.0,0.0,108375.3
1722278,IT,PL,93197,MACHI,0.01,2167.293,3,3,2167.293,0.0,0.0,0.0,0.0,216729.3
1721655,IT,PL,FINAN,WHEAT,0.03,2167.293,3,3,2167.293,0.0,0.0,0.0,0.0,72243.1
1762850,IT,IN,PUBLI,LANDT,0.04,2167.181,3,3,2167.181,0.0,0.0,0.0,0.0,54179.525
1712785,IT,LV,LANDT,RECRE,0.01,2167.114,3,3,2167.114,0.0,0.0,0.0,0.0,216711.4
1678595,IT,GR,FORES,MOTO1,0.02,2167.03,4,4,2166.03,0.0,1.0,0.0,0.0,108351.5
1726506,IT,RO,MACHI,LEAD1,0.01,2166.783,3,3,2166.783,0.0,0.0,0.0,0.0,216678.3
1724009,IT,PT,RETAI,PLAST,0.02,2166.782,3,3,2166.782,0.0,0.0,0.0,0.0,108339.1
1764593,IT,MX,WHOLE,TRAN1,0.02,2166.569,3,3,2166.569,0.0,0.0,0.0,0.0,108328.45
1798756,IT,WE,FOOD5,PEAT2,0.01,2166.45,3,3,2166.45,0.0,0.0,0.0,0.0,216645.0
1713879,IT,MT,ELEC4,FOOD3,0.03,2166.41,3,3,2166.41,0.0,0.0,0.0,0.0,72213.666667
1760123,IT,BR,FOOD2,RESEA,0.01,2166.128,3,3,2166.128,0.0,0.0,0.0,0.0,216612.8
1767661,IT,RU,POSTT,DISTR,0.04,2165.997,3,3,2165.997,0.0,0.0,0.0,0.0,54149.925
1713718,IT,MT,MACHI,NONME,0.01,2165.956,3,3,2165.956,0.0,0.0,0.0,0.0,216595.6
1721895,IT,PL,RENTI,GLASS,0.01,2165.734,3,3,2165.734,0.0,0.0,0.0,0.0,216573.4
1717481,IT,NL,REALE,SANDC,0.09,2165.665,3,3,2165.665,0.0,0.0,0.0,0.0,24062.944444
1778350,IT,TR,RETAI,WOODW,0.02,2165.426,3,3,2165.426,0.0,0.0,0.0,0.0,108271.3
1721792,IT,PL,AUXIL,WHOLE,0.04,2165.305,3,3,2165.305,0.0,0.0,0.0,0.0,54132.625
1770587,IT,AU,POSTT,ELECT,0.04,2165.22,3,3,2165.22,0.0,0.0,0.0,0.0,54130.5
1663078,IT,DK,RAILW,DAIRY,0.01,2165.007,3,3,2165.007,0.0,0.0,0.0,0.0,216500.7
1744186,IT,US,POSTT,POULT,0.04,2164.997,3,3,2164.997,0.0,0.0,0.0,0.0,54124.925
1737654,IT,GB,PRINT,DAIRY,0.02,2164.954,3,3,2164.954,0.0,0.0,0.0,0.0,108247.7
1724466,IT,PT,SUPPO,RUBBE,0.02,2164.936,3,3,2164.936,0.0,0.0,0.0,0.0,108246.8
1680180,IT,GR,MOTO1,RESEA,0.01,2164.879,3,3,2164.879,0.0,0.0,0.0,0.0,216487.9
1767614,IT,RU,SUPPO,DISTR,0.02,2164.857,3,3,2164.857,0.0,0.0,0.0,0.0,108242.85
1791316,IT,WA,SALEM,OILSE,0.02,2164.837,3,3,2164.837,0.0,0.0,0.0,0.0,108241.85
1709441,IT,LT,TEXTI,REFIN,0.01,2164.689,3,3,2164.689,0.0,0.0,0.0,0.0,216468.9
1665408,IT,ES,TEXTI,ELECT,0.01,2164.683,3,3,2164.683,0.0,0.0,0.0,0.0,216468.3
1767152,IT,RU,RETAI,RETAI,0.02,2164.641,3,3,2164.641,0.0,0.0,0.0,0.0,108232.05
1670065,IT,ES,FOOD2,BUSIN,0.01,2164.545,3,3,2164.545,0.0,0.0,0.0,0.0,216454.5
1680562,IT,GR,ELEC8,SUPPO,0.03,2164.143,3,3,2164.143,0.0,0.0,0.0,0.0,72138.1
1809689,IT,WM,PROCE,NAPHT,0.01,2164.13,3,3,2164.13,0.0,0.0,0.0,0.0,216413.0
1730082,IT,SE,RETA1,COPP1,0.02,2164.057,3,3,2164.057,0.0,0.0,0.0,0.0,108202.85
1787002,IT,ZA,INSUR,CHEM1,0.04,2164.044,3,3,2164.044,0.0,0.0,0.0,0.0,54101.1
1668427,IT,ES,RETA1,TRAN1,0.02,2163.889,3,3,2163.889,0.0,0.0,0.0,0.0,108194.45
1654471,IT,CZ,RETA1,BUSIN,0.02,2163.876,3,3,2163.876,0.0,0.0,0.0,0.0,108193.8
1814389,IT,WM,AUXIL,LANDT,0.04,2163.816,3,3,2163.816,0.0,0.0,0.0,0.0,54095.4
1725496,IT,RO,WEARI,EDUCA,0.02,2163.777,3,3,2163.777,0.0,0.0,0.0,0.0,108188.85
1806706,IT,WF,WHOLE,NAPHT,0.02,2163.609,3,3,2163.609,0.0,0.0,0.0,0.0,108180.45
1755351,IT,KR,PRINT,AIRTR,0.02,2163.597,3,3,2163.597,0.0,0.0,0.0,0.0,108179.85
1690399,IT,IE,FOOD4,FOOD5,0.02,2163.344,3,3,2163.344,0.0,0.0,0.0,0.0,108167.2
1730000,IT,SE,SALEM,CONST,0.02,2163.286,3,3,2163.286,0.0,0.0,0.0,0.0,108164.3
1648359,IT,BE,INTER,FOOD3,0.01,2163.124,3,3,2163.124,0.0,0.0,0.0,0.0,216312.4
1650651,IT,BG,WHOLE,LEATH,0.02,2163.021,3,3,2163.021,0.0,0.0,0.0,0.0,108151.05
1775079,IT,CH,RENTI,TRAN2,0.01,2162.931,3,3,2162.931,0.0,0.0,0.0,0.0,216293.1
1727601,IT,RO,REALE,AUXIL,0.09,2162.92,3,3,2162.92,0.0,0.0,0.0,0.0,24032.444444
1792252,IT,WA,POSTT,CERAM,0.04,2162.702,3,3,2162.702,0.0,0.0,0.0,0.0,54067.55
1723944,IT,PT,SALEM,STONE,0.02,2162.702,3,3,2162.702,0.0,0.0,0.0,0.0,108135.1
1716557,IT,NL,TRANS,COMPU,0.01,2162.649,3,3,2162.649,0.0,0.0,0.0,0.0,216264.9
1783859,IT,NO,TEXT2,TEXT1,0.02,2162.583,3,3,2162.583,0.0,0.0,0.0,0.0,108129.15
1756808,IT,KR,SUPPO,PAPER,0.02,2162.57,3,3,2162.57,0.0,0.0,0.0,0.0,108128.5
1685272,IT,HU,TEXTI,RAILW,0.01,2162.181,3,3,2162.181,0.0,0.0,0.0,0.0,216218.1
1791435,IT,WA,WHOLE,NAPHT,0.02,2162.095,3,3,2162.095,0.0,0.0,0.0,0.0,108104.75
1713873,IT,MT,ELEC4,SECO9,0.03,2162.026,3,3,2162.026,0.0,0.0,0.0,0.0,72067.533333
1727073,IT,RO,RAILW,FOOD3,0.01,2162.004,3,3,2162.004,0.0,0.0,0.0,0.0,216200.4
1721715,IT,PL,FINAN,PUBLI,0.03,2161.983,3,3,2161.983,0.0,0.0,0.0,0.0,72066.1
1713876,IT,MT,ELEC4,INTER,0.03,2161.982,3,3,2161.982,0.0,0.0,0.0,0.0,72066.066667
1713878,IT,MT,ELEC4,FOOD2,0.03,2161.979,3,3,2161.979,0.0,0.0,0.0,0.0,72065.966667
1721879,IT,PL,RENTI,POULT,0.01,2161.972,3,3,2161.972,0.0,0.0,0.0,0.0,216197.2
1713877,IT,MT,ELEC4,OILHA,0.03,2161.963,3,3,2161.963,0.0,0.0,0.0,0.0,72065.433333
1713886,IT,MT,ELEC4,WOOD2,0.03,2161.961,3,3,2161.961,0.0,0.0,0.0,0.0,72065.366667
1713885,IT,MT,ELEC4,TEXT2,0.03,2161.96,3,3,2161.96,0.0,0.0,0.0,0.0,72065.333333
1713883,IT,MT,ELEC4,PLAS2,0.03,2161.96,3,3,2161.96,0.0,0.0,0.0,0.0,72065.333333
1806367,IT,WF,MOTO1,FOOD5,0.01,2161.947,3,3,2161.947,0.0,0.0,0.0,0.0,216194.7
1651145,IT,BG,BUSIN,POULT,0.02,2161.931,3,3,2161.931,0.0,0.0,0.0,0.0,108096.55
1793095,IT,WA,WOOD2,RESEA,0.01,2161.779,3,3,2161.779,0.0,0.0,0.0,0.0,216177.9
1664567,IT,EE,HOTEL,CEMEN,0.02,2161.727,3,3,2161.727,0.0,0.0,0.0,0.0,108086.35
1659160,IT,DE,CONST,CEREA,0.01,2161.647,3,3,2161.647,0.0,0.0,0.0,0.0,216164.7
1807694,IT,WF,BUSIN,CHARC,0.02,2161.644,3,3,2161.644,0.0,0.0,0.0,0.0,108082.2
1654772,IT,CZ,SUPPO,POULT,0.02,2161.443,3,3,2161.443,0.0,0.0,0.0,0.0,108072.15
1651879,IT,CY,POSTT,WHOLE,0.04,2161.352,3,3,2161.352,0.0,0.0,0.0,0.0,54033.8
1764422,IT,MX,TRANS,RAILW,0.01,2161.056,3,3,2161.056,0.0,0.0,0.0,0.0,216105.6
1778763,IT,TR,LANDT,MEAT1,0.01,2161.052,3,3,2161.052,0.0,0.0,0.0,0.0,216105.2
1643894,IT,AT,REALE,TRANS,0.09,2160.994,3,3,2160.994,0.0,0.0,0.0,0.0,24011.044444
1727807,IT,RO,BUSIN,NONME,0.02,2160.969,3,3,2160.969,0.0,0.0,0.0,0.0,108048.45
1726888,IT,RO,RETA1,TRAN2,0.02,2160.756,3,3,2160.756,0.0,0.0,0.0,0.0,108037.8
1669687,IT,ES,COMPU,ELEC4,0.02,2160.694,3,3,2160.694,0.0,0.0,0.0,0.0,108034.7
1689666,IT,IE,POSTT,FABRI,0.04,2160.548,3,3,2160.548,0.0,0.0,0.0,0.0,54013.7
1814176,IT,WM,SUPPO,BEVER,0.02,2160.393,3,3,2160.393,0.0,0.0,0.0,0.0,108019.65
1716849,IT,NL,HOTEL,NUCLE,0.02,2160.233,3,3,2160.233,0.0,0.0,0.0,0.0,108011.65
1662908,IT,DK,RETA1,MEATP,0.02,2160.182,3,3,2160.182,0.0,0.0,0.0,0.0,108009.1
1791461,IT,WA,WHOLE,TRAN1,0.02,2160.141,3,3,2160.141,0.0,0.0,0.0,0.0,108007.05
1669890,IT,ES,PUBLI,SALEM,0.04,2160.029,3,3,2160.029,0.0,0.0,0.0,0.0,54000.725
1711509,IT,LU,POSTT,TOBAC,0.04,2160.001,3,3,2160.001,0.0,0.0,0.0,0.0,54000.025
1756940,IT,KR,AUXIL,TRANS,0.04,2159.937,3,3,2159.937,0.0,0.0,0.0,0.0,53998.425
1796341,IT,WL,RETAI,PLAST,0.02,2159.628,3,3,2159.628,0.0,0.0,0.0,0.0,107981.4
1670119,IT,ES,PAPE4,BUSIN,0.01,2159.612,3,3,2159.612,0.0,0.0,0.0,0.0,215961.2
1668656,IT,ES,RAILW,RENTI,0.01,2159.594,3,3,2159.594,0.0,0.0,0.0,0.0,215959.4
1745476,IT,JP,FOOD5,TOBAC,0.01,2159.57,3,3,2159.57,0.0,0.0,0.0,0.0,215957.0
1679178,IT,GR,PRINT,ELEC1,0.02,2159.503,3,3,2159.503,0.0,0.0,0.0,0.0,107975.15
1651070,IT,BG,INSUR,LEAD1,0.04,2159.435,3,3,2159.435,0.0,0.0,0.0,0.0,53985.875
1778526,IT,TR,RETA1,WOODW,0.02,2159.219,3,3,2159.219,0.0,0.0,0.0,0.0,107960.95
1793433,IT,WL,FORES,TEXTI,0.02,2158.897,4,4,2157.897,0.0,1.0,0.0,0.0,107944.85
1650993,IT,BG,SUPPO,ELEC5,0.02,2158.624,3,3,2158.624,0.0,0.0,0.0,0.0,107931.2
1687567,IT,HU,LANDT,TRAN2,0.01,2158.591,3,3,2158.591,0.0,0.0,0.0,0.0,215859.1
1754406,IT,CA,RENTI,ALUM1,0.01,2158.291,3,3,2158.291,0.0,0.0,0.0,0.0,215829.1
1688265,IT,IE,CROPS,SUGA1,0.02,2158.256,3,3,2158.256,0.0,0.0,0.0,0.0,107912.8
1716733,IT,NL,RETA1,SANDC,0.02,2158.163,3,3,2158.163,0.0,0.0,0.0,0.0,107908.15
1718300,IT,PL,FOOD5,ELEC6,0.01,2158.133,3,3,2158.133,0.0,0.0,0.0,0.0,215813.3
1711364,IT,LU,RETA1,RAWMI,0.02,2158.127,3,3,2158.127,0.0,0.0,0.0,0.0,107906.35
1766983,IT,RU,MOTO1,RAILW,0.01,2158.016,3,3,2158.016,0.0,0.0,0.0,0.0,215801.6
1718311,IT,PL,FOOD5,TRAN2,0.01,2157.96,3,3,2157.96,0.0,0.0,0.0,0.0,215796.0
1717831,IT,NL,RECRE,PUBLI,0.03,2157.94,3,3,2157.94,0.0,0.0,0.0,0.0,71931.333333
1758707,IT,BR,RETAI,BIOGA,0.02,2157.875,3,3,2157.875,0.0,0.0,0.0,0.0,107893.75
1802867,IT,WE,FOOD4,INSUR,0.02,2157.862,3,3,2157.862,0.0,0.0,0.0,0.0,107893.1
1797036,IT,WL,SUPPO,PULP5,0.02,2157.773,3,3,2157.773,0.0,0.0,0.0,0.0,107888.65
1724517,IT,PT,POSTT,KEROS,0.04,2157.773,3,3,2157.773,0.0,0.0,0.0,0.0,53944.325
1760006,IT,BR,INTER,FINAN,0.01,2157.595,3,3,2157.595,0.0,0.0,0.0,0.0,215759.5
1716660,IT,NL,WHOLE,PROCE,0.02,2157.567,3,3,2157.567,0.0,0.0,0.0,0.0,107878.35
1690259,IT,IE,INTER,CONST,0.01,2157.377,3,3,2157.377,0.0,0.0,0.0,0.0,215737.7
1669769,IT,ES,BUSIN,PETRO,0.02,2157.318,3,3,2157.318,0.0,0.0,0.0,0.0,107865.9
1807796,IT,WF,FOODW,CHEMI,0.02,2157.303,3,3,2157.303,0.0,0.0,0.0,0.0,107865.15
1725266,IT,RO,FOOD5,FOOD3,0.01,2157.072,3,3,2157.072,0.0,0.0,0.0,0.0,215707.2
1680721,IT,GR,RETA1,PAPER,0.02,2156.939,3,3,2156.939,0.0,0.0,0.0,0.0,107846.95
1724705,IT,PT,INSUR,RECRE,0.04,2156.894,3,3,2156.894,0.0,0.0,0.0,0.0,53922.35
1786723,IT,ZA,RETA1,PREC1,0.02,2156.63,3,3,2156.63,0.0,0.0,0.0,0.0,107831.5
1689711,IT,IE,FINAN,LEADZ,0.03,2156.629,3,3,2156.629,0.0,0.0,0.0,0.0,71887.633333
1797239,IT,WL,FINAN,SEACO,0.03,2156.429,3,3,2156.429,0.0,0.0,0.0,0.0,71880.966667
1647290,IT,BE,LANDT,EDUCA,0.01,2156.429,3,3,2156.429,0.0,0.0,0.0,0.0,215642.9
1768636,IT,AU,TEXTI,WHEAT,0.01,2156.299,3,3,2156.299,0.0,0.0,0.0,0.0,215629.9
1786664,IT,ZA,WHOLE,NONF1,0.02,2156.078,3,3,2156.078,0.0,0.0,0.0,0.0,107803.9
1808284,IT,WF,FOOD2,OFFIC,0.01,2155.503,3,3,2155.503,0.0,0.0,0.0,0.0,215550.3
1743090,IT,US,MOTO1,PROCE,0.01,2155.4,3,3,2155.4,0.0,0.0,0.0,0.0,215540.0
1664753,IT,EE,RENTI,INLAN,0.01,2155.365,3,3,2155.365,0.0,0.0,0.0,0.0,215536.5
1727421,IT,RO,FINAN,LANDT,0.03,2155.095,3,3,2155.095,0.0,0.0,0.0,0.0,71836.5
1743337,IT,US,CONST,RECRE,0.01,2155.066,3,3,2155.066,0.0,0.0,0.0,0.0,215506.6
1733455,IT,SI,SALEM,DAIRY,0.02,2154.78,3,3,2154.78,0.0,0.0,0.0,0.0,107739.0
1802897,IT,WE,RECRE,COMPU,0.03,2154.764,3,3,2154.764,0.0,0.0,0.0,0.0,71825.466667
1740764,IT,US,MEAT4,OFFIC,0.01,2154.721,3,3,2154.721,0.0,0.0,0.0,0.0,215472.1
1797536,IT,WL,BUSIN,AIRTR,0.02,2154.537,3,3,2154.537,0.0,0.0,0.0,0.0,107726.85
1758613,IT,BR,MOTO1,93197,0.01,2154.475,3,3,2154.475,0.0,0.0,0.0,0.0,215447.5
1736541,IT,SK,SUPPO,NAPHT,0.02,2154.061,3,3,2154.061,0.0,0.0,0.0,0.0,107703.05
1773914,IT,CH,SALEM,VEGET,0.02,2153.95,3,3,2153.95,0.0,0.0,0.0,0.0,107697.5
1716675,IT,NL,WHOLE,CERAM,0.02,2153.527,3,3,2153.527,0.0,0.0,0.0,0.0,107676.35
1718327,IT,PL,FOOD5,WASTE,0.01,2153.281,3,3,2153.281,0.0,0.0,0.0,0.0,215328.1
1787178,IT,ZA,PUBLI,AIRTR,0.04,2153.219,3,3,2153.219,0.0,0.0,0.0,0.0,53830.475
1727745,IT,RO,RESEA,MACHI,0.01,2153.164,3,3,2153.164,0.0,0.0,0.0,0.0,215316.4
1678376,IT,FR,PAPE4,PAPER,0.01,2153.118,3,3,2153.118,0.0,0.0,0.0,0.0,215311.8
1643193,IT,AT,HOTEL,VEGE1,0.02,2153.087,3,3,2153.087,0.0,0.0,0.0,0.0,107654.35
1798368,IT,WE,FORES,TEXTI,0.02,2152.948,4,4,2151.948,0.0,1.0,0.0,0.0,107647.4
1774528,IT,CH,LANDT,TEXT1,0.01,2152.732,3,3,2152.732,0.0,0.0,0.0,0.0,215273.2
1808836,IT,WF,PRIVA,PIGS9,0.48,2152.563,3,3,2152.563,0.0,0.0,0.0,0.0,4484.50625
1646628,IT,BE,TRANS,MACHI,0.01,2152.56,3,3,2152.56,0.0,0.0,0.0,0.0,215256.0
1672081,IT,FI,SUPPO,MOTO1,0.02,2152.517,3,3,2152.517,0.0,0.0,0.0,0.0,107625.85
1783446,IT,NO,TEXT1,CRUDE,0.02,2152.494,3,3,2152.494,0.0,0.0,0.0,0.0,107624.7
1663880,IT,EE,WEARI,CONST,0.02,2152.429,3,3,2152.429,0.0,0.0,0.0,0.0,107621.45
1650431,IT,BG,ELEC4,COLLE,0.03,2152.367,3,3,2152.367,0.0,0.0,0.0,0.0,71745.566667
1762125,IT,IN,RAILW,ELEC1,0.01,2152.12,3,3,2152.12,0.0,0.0,0.0,0.0,215212.0
1740426,IT,GB,FOOD2,CRUDE,0.01,2152.114,3,3,2152.114,0.0,0.0,0.0,0.0,215211.4
1737490,IT,GB,LEATH,PAPE4,0.02,2152.111,3,3,2152.111,0.0,0.0,0.0,0.0,107605.55
1734011,IT,SI,POSTT,SUPPO,0.04,2151.967,3,3,2151.967,0.0,0.0,0.0,0.0,53799.175
1740737,IT,US,MEAT1,MEAT1,0.01,2151.934,3,3,2151.934,0.0,0.0,0.0,0.0,215193.4
1814718,IT,WM,WOOD1,REALE,0.01,2151.783,3,3,2151.783,0.0,0.0,0.0,0.0,215178.3
1651790,IT,CY,MOTO1,RETAI,0.01,2151.76,3,3,2151.76,0.0,0.0,0.0,0.0,215176.0
1670050,IT,ES,FOOD2,PRECI,0.01,2151.702,3,3,2151.702,0.0,0.0,0.0,0.0,215170.2
1672207,IT,FI,AUXIL,MEMBE,0.04,2151.501,3,3,2151.501,0.0,0.0,0.0,0.0,53787.525
1748422,IT,CN,FORES,CERAM,0.02,2151.013,4,4,2150.013,0.0,1.0,0.0,0.0,107550.65
1792990,IT,WA,FOOD2,VEGET,0.01,2150.928,3,3,2150.928,0.0,0.0,0.0,0.0,215092.8
1648363,IT,BE,OILHA,WOOD1,0.01,2150.915,3,3,2150.915,0.0,0.0,0.0,0.0,215091.5
1736376,IT,SK,LANDT,IRONO,0.01,2150.876,3,3,2150.876,0.0,0.0,0.0,0.0,215087.6
1784814,IT,ID,HOTEL,RAILW,0.02,2150.735,3,3,2150.735,0.0,0.0,0.0,0.0,107536.75
1644551,IT,BE,PROCE,NAPHT,0.01,2150.674,3,3,2150.674,0.0,0.0,0.0,0.0,215067.4
1646777,IT,BE,CONST,PAPE1,0.01,2150.506,3,3,2150.506,0.0,0.0,0.0,0.0,215050.6
1802855,IT,WE,FOOD2,PFERT,0.01,2150.471,3,3,2150.471,0.0,0.0,0.0,0.0,215047.1
1727704,IT,RO,COMPU,CEMEN,0.02,2150.414,3,3,2150.414,0.0,0.0,0.0,0.0,107520.7
1648940,IT,BG,WEARI,ELEC4,0.02,2150.333,3,3,2150.333,0.0,0.0,0.0,0.0,107516.65
1778258,IT,TR,CONST,RENTI,0.01,2150.255,3,3,2150.255,0.0,0.0,0.0,0.0,215025.5
1781585,IT,NO,WEARI,CHEM1,0.02,2150.07,3,3,2150.07,0.0,0.0,0.0,0.0,107503.5
1791290,IT,WA,CONST,TRAN1,0.01,2149.838,3,3,2149.838,0.0,0.0,0.0,0.0,214983.8
1775835,IT,TR,MEAT4,CHEM1,0.01,2149.641,3,3,2149.641,0.0,0.0,0.0,0.0,214964.1
1667871,IT,ES,MOTO1,SANDC,0.01,2149.617,3,3,2149.617,0.0,0.0,0.0,0.0,214961.7
1773596,IT,CH,TRANS,PAPER,0.01,2149.468,3,3,2149.468,0.0,0.0,0.0,0.0,214946.8
1655049,IT,CZ,COMPU,DAIRY,0.02,2149.358,3,3,2149.358,0.0,0.0,0.0,0.0,107467.9
1783157,IT,NO,REALE,REALE,0.09,2149.137,3,3,2149.137,0.0,0.0,0.0,0.0,23879.3
1756356,IT,KR,TRANS,RETA1,0.01,2149.123,3,3,2149.123,0.0,0.0,0.0,0.0,214912.3
1714184,IT,MT,FINAN,FINAN,0.03,2149.06,3,3,2149.06,0.0,0.0,0.0,0.0,71635.333333
1746066,IT,JP,PRINT,GASDI,0.02,2148.754,3,3,2148.754,0.0,0.0,0.0,0.0,107437.7
1753892,IT,CA,RAILW,SANDC,0.01,2148.702,3,3,2148.702,0.0,0.0,0.0,0.0,214870.2
1795967,IT,WL,MOTO1,ADDIT,0.01,2148.676,3,3,2148.676,0.0,0.0,0.0,0.0,214867.6
1779872,IT,TR,PUBLI,LANDT,0.04,2148.671,3,3,2148.671,0.0,0.0,0.0,0.0,53716.775
1739175,IT,GB,RETA1,NAPHT,0.02,2148.576,3,3,2148.576,0.0,0.0,0.0,0.0,107428.8
1796251,IT,WL,CONST,NATU1,0.01,2148.552,3,3,2148.552,0.0,0.0,0.0,0.0,214855.2
1687756,IT,HU,SUPPO,TRAN2,0.02,2148.461,3,3,2148.461,0.0,0.0,0.0,0.0,107423.05
1762491,IT,IN,INSUR,FISHF,0.04,2148.311,3,3,2148.311,0.0,0.0,0.0,0.0,53707.775
1665208,IT,ES,FOOD5,GLASS,0.01,2148.264,3,3,2148.264,0.0,0.0,0.0,0.0,214826.4
1733988,IT,SI,SUPPO,FOOD4,0.02,2148.115,3,3,2148.115,0.0,0.0,0.0,0.0,107405.75
1717241,IT,NL,POSTT,NATUR,0.04,2148.102,3,3,2148.102,0.0,0.0,0.0,0.0,53702.55
1727205,IT,RO,SUPPO,MEATA,0.02,2148.078,3,3,2148.078,0.0,0.0,0.0,0.0,107403.9
1647648,IT,BE,FINAN,HEAVY,0.03,2148.052,3,3,2148.052,0.0,0.0,0.0,0.0,71601.733333
1756646,IT,KR,LANDT,COPP1,0.01,2147.937,3,3,2147.937,0.0,0.0,0.0,0.0,214793.7
1809130,IT,WM,CROPS,GASWO,0.02,2147.848,3,3,2147.848,0.0,0.0,0.0,0.0,107392.4
1687797,IT,HU,POSTT,FABRI,0.04,2147.832,3,3,2147.832,0.0,0.0,0.0,0.0,53695.8
1734284,IT,SI,BUSIN,STONE,0.02,2147.739,3,3,2147.739,0.0,0.0,0.0,0.0,107386.95
1758953,IT,BR,RAILW,RETA1,0.01,2147.712,3,3,2147.712,0.0,0.0,0.0,0.0,214771.2
1654460,IT,CZ,RETA1,RETAI,0.02,2147.624,3,3,2147.624,0.0,0.0,0.0,0.0,107381.2
1643815,IT,AT,FINAN,NONF1,0.03,2147.623,3,3,2147.623,0.0,0.0,0.0,0.0,71587.433333
1808172,IT,WF,OILHA,GASDI,0.01,2147.353,3,3,2147.353,0.0,0.0,0.0,0.0,214735.3
1687302,IT,HU,RETA1,LEATH,0.02,2147.24,3,3,2147.24,0.0,0.0,0.0,0.0,107362.0
1676303,IT,FR,RETAI,SUGAR,0.02,2147.158,3,3,2147.158,0.0,0.0,0.0,0.0,107357.9
1678782,IT,GR,FOOD5,PULP5,0.01,2147.078,3,3,2147.078,0.0,0.0,0.0,0.0,214707.8
1737442,IT,GB,LEATH,FISHF,0.02,2146.999,3,3,2146.999,0.0,0.0,0.0,0.0,107349.95
1798060,IT,WL,RECRE,VEGE1,0.03,2146.91,3,3,2146.91,0.0,0.0,0.0,0.0,71563.666667
1730868,IT,SE,FOODW,PLAST,0.02,2146.668,3,3,2146.668,0.0,0.0,0.0,0.0,107333.4
1684630,IT,HR,FOOD4,EDUCA,0.02,2146.5,3,3,2146.5,0.0,0.0,0.0,0.0,107325.0
1678238,IT,FR,FOOD1,INTER,0.01,2146.404,3,3,2146.404,0.0,0.0,0.0,0.0,214640.4
1721936,IT,PL,RENTI,PAPE4,0.01,2146.204,3,3,2146.204,0.0,0.0,0.0,0.0,214620.4
1642696,IT,AT,MACHI,PIGS9,0.01,2146.17,3,3,2146.17,0.0,0.0,0.0,0.0,214617.0
1717215,IT,NL,SUPPO,RETAI,0.02,2145.985,3,3,2145.985,0.0,0.0,0.0,0.0,107299.25
1659458,IT,DE,WHOLE,OILHA,0.02,2145.982,3,3,2145.982,0.0,0.0,0.0,0.0,107299.1
1784687,IT,ID,MOTO1,HEALT,0.01,2145.942,3,3,2145.942,0.0,0.0,0.0,0.0,214594.2
1739158,IT,GB,RETA1,SUGA1,0.02,2145.543,3,3,2145.543,0.0,0.0,0.0,0.0,107277.15
1770166,IT,AU,RETA1,DISTR,0.02,2145.358,3,3,2145.358,0.0,0.0,0.0,0.0,107267.9
1711442,IT,LU,RAILW,POSTT,0.01,2145.072,3,3,2145.072,0.0,0.0,0.0,0.0,214507.2
1813140,IT,WM,MOTO1,LUBRI,0.01,2145.061,3,3,2145.061,0.0,0.0,0.0,0.0,214506.1
1710645,IT,LU,MEAT4,FURNI,0.01,2144.994,3,3,2144.994,0.0,0.0,0.0,0.0,214499.4
1655138,IT,CZ,BUSIN,KEROS,0.02,2144.971,3,3,2144.971,0.0,0.0,0.0,0.0,107248.55
1716562,IT,NL,CONST,RADIO,0.01,2144.832,3,3,2144.832,0.0,0.0,0.0,0.0,214483.2
1734278,IT,SI,COMPU,MEMBE,0.02,2144.626,3,3,2144.626,0.0,0.0,0.0,0.0,107231.3
1744851,IT,US,RESEA,TEXT2,0.01,2144.516,3,3,2144.516,0.0,0.0,0.0,0.0,214451.6
1676312,IT,FR,RETAI,CHEMI,0.02,2144.318,3,3,2144.318,0.0,0.0,0.0,0.0,107215.9
1656164,IT,DE,TEXTI,SANDC,0.01,2144.119,3,3,2144.119,0.0,0.0,0.0,0.0,214411.9
1642798,IT,AT,MACHI,INERT,0.01,2143.969,3,3,2143.969,0.0,0.0,0.0,0.0,214396.9
1670025,IT,ES,OILHA,TEXT2,0.01,2143.85,3,3,2143.85,0.0,0.0,0.0,0.0,214385.0
1793061,IT,WA,PAPE4,RETA1,0.01,2143.759,3,3,2143.759,0.0,0.0,0.0,0.0,214375.9
1748405,IT,CN,MEATA,INLAN,0.01,2143.656,3,3,2143.656,0.0,0.0,0.0,0.0,214365.6
1682507,IT,HR,PRINT,REALE,0.02,2143.528,3,3,2143.528,0.0,0.0,0.0,0.0,107176.4
1686961,IT,HU,MACHI,BIOG1,0.01,2143.518,3,3,2143.518,0.0,0.0,0.0,0.0,214351.8
1784745,IT,ID,WHOLE,COMPU,0.02,2143.358,3,3,2143.358,0.0,0.0,0.0,0.0,107167.9
1734352,IT,SI,PUBLI,DAIRY,0.04,2143.307,3,3,2143.307,0.0,0.0,0.0,0.0,53582.675
1660307,IT,DE,POSTT,WOOD1,0.04,2143.206,3,3,2143.206,0.0,0.0,0.0,0.0,53580.15
1801509,IT,WE,MOTO1,GASWO,0.01,2143.171,3,3,2143.171,0.0,0.0,0.0,0.0,214317.1
1753873,IT,CA,RETA1,TRANS,0.02,2143.103,3,3,2143.103,0.0,0.0,0.0,0.0,107155.15
1733510,IT,SI,WHOLE,FURNI,0.02,2143.1,3,3,2143.1,0.0,0.0,0.0,0.0,107155.0
1786849,IT,ZA,LANDT,MOTO1,0.01,2143.088,3,3,2143.088,0.0,0.0,0.0,0.0,214308.8
1654579,IT,CZ,RAILW,GASDI,0.01,2143.048,3,3,2143.048,0.0,0.0,0.0,0.0,214304.8
1776362,IT,TR,PRINT,SANDC,0.02,2143.032,3,3,2143.032,0.0,0.0,0.0,0.0,107151.6
1808831,IT,WF,93197,BUSIN,0.01,2142.977,3,3,2142.977,0.0,0.0,0.0,0.0,214297.7
1727964,IT,SE,CROPS,HOTEL,0.02,2142.967,3,3,2142.967,0.0,0.0,0.0,0.0,107148.35
1740461,IT,GB,FOOD4,CONST,0.02,2142.784,3,3,2142.784,0.0,0.0,0.0,0.0,107139.2
1783785,IT,NO,PAPE4,TEXT2,0.01,2142.729,3,3,2142.729,0.0,0.0,0.0,0.0,214272.9
1733606,IT,SI,HOTEL,SUGA1,0.02,2142.724,3,3,2142.724,0.0,0.0,0.0,0.0,107136.2
1806883,IT,WF,HOTEL,LIQUE,0.02,2142.437,3,3,2142.437,0.0,0.0,0.0,0.0,107121.85
1780573,IT,TW,FINAN,HEALT,0.03,2142.194,3,3,2142.194,0.0,0.0,0.0,0.0,71406.466667
1670538,IT,FI,TEXTI,FISH5,0.01,2142.04,3,3,2142.04,0.0,0.0,0.0,0.0,214204.0
1784015,IT,ID,TEXTI,CROPS,0.01,2141.866,3,3,2141.866,0.0,0.0,0.0,0.0,214186.6
1743391,IT,US,SALEM,RETA1,0.02,2141.812,3,3,2141.812,0.0,0.0,0.0,0.0,107090.6
1670127,IT,ES,INERT,PULP5,0.02,2141.81,3,3,2141.81,0.0,0.0,0.0,0.0,107090.5
1771781,IT,CH,LEATH,AUXIL,0.02,2141.663,3,3,2141.663,0.0,0.0,0.0,0.0,107083.15
1656246,IT,DE,WEARI,PLAST,0.02,2141.626,3,3,2141.626,0.0,0.0,0.0,0.0,107081.3
1798357,IT,WE,MEATA,TOBAC,0.01,2141.584,3,3,2141.584,0.0,0.0,0.0,0.0,214158.4
1759251,IT,BR,POSTT,KEROS,0.04,2141.519,3,3,2141.519,0.0,0.0,0.0,0.0,53537.975
1778291,IT,TR,SALEM,PLAST,0.02,2141.499,3,3,2141.499,0.0,0.0,0.0,0.0,107074.95
1718536,IT,PL,WEARI,FISH5,0.02,2141.496,3,3,2141.496,0.0,0.0,0.0,0.0,107074.8
1780438,IT,TW,SUPPO,SALEM,0.02,2141.465,3,3,2141.465,0.0,0.0,0.0,0.0,107073.25
1647970,IT,BE,RENTI,DIST1,0.01,2141.236,3,3,2141.236,0.0,0.0,0.0,0.0,214123.6
1712754,IT,LV,LANDT,PAPER,0.01,2141.145,3,3,2141.145,0.0,0.0,0.0,0.0,214114.5
1774527,IT,CH,LANDT,PLAS1,0.01,2141.084,3,3,2141.084,0.0,0.0,0.0,0.0,214108.4
1678994,IT,GR,LEATH,MACHI,0.02,2140.991,3,3,2140.991,0.0,0.0,0.0,0.0,107049.55
1792152,IT,WA,SUPPO,LEATH,0.02,2140.909,3,3,2140.909,0.0,0.0,0.0,0.0,107045.45
1722686,IT,PT,LEATH,OFFIC,0.02,2140.693,3,3,2140.693,0.0,0.0,0.0,0.0,107034.65
1717053,IT,NL,LANDT,BLAST,0.01,2140.691,3,3,2140.691,0.0,0.0,0.0,0.0,214069.1
1775997,IT,TR,TEXTI,CATTL,0.01,2140.674,3,3,2140.674,0.0,0.0,0.0,0.0,214067.4
1661785,IT,DK,LEATH,MEMBE,0.02,2140.394,3,3,2140.394,0.0,0.0,0.0,0.0,107019.7
1751633,IT,CN,FINAN,PFERT,0.03,2140.253,3,3,2140.253,0.0,0.0,0.0,0.0,71341.766667
1750749,IT,CN,TRANS,COPP1,0.01,2140.204,3,3,2140.204,0.0,0.0,0.0,0.0,214020.4
1778074,IT,TR,MOTO1,FORES,0.01,2140.203,3,3,2140.203,0.0,0.0,0.0,0.0,214020.3
1710767,IT,LU,TEXTI,CONST,0.01,2140.189,3,3,2140.189,0.0,0.0,0.0,0.0,214018.9
1660771,IT,DE,COMPU,STONE,0.02,2139.96,3,3,2139.96,0.0,0.0,0.0,0.0,106998.0
1711937,IT,LU,FOOD4,COPP1,0.02,2139.866,3,3,2139.866,0.0,0.0,0.0,0.0,106993.3
1647961,IT,BE,RENTI,PREC1,0.01,2139.796,3,3,2139.796,0.0,0.0,0.0,0.0,213979.6
1650198,IT,BG,TRANS,MACHI,0.01,2139.685,3,3,2139.685,0.0,0.0,0.0,0.0,213968.5
1775891,IT,TR,PROCE,PLAST,0.01,2139.617,3,3,2139.617,0.0,0.0,0.0,0.0,213961.7
1717475,IT,NL,AUXIL,EDUCA,0.04,2139.501,3,3,2139.501,0.0,0.0,0.0,0.0,53487.525
1814498,IT,WM,RESEA,NFERT,0.01,2139.466,3,3,2139.466,0.0,0.0,0.0,0.0,213946.6
1721784,IT,PL,AUXIL,FABRI,0.04,2139.457,3,3,2139.457,0.0,0.0,0.0,0.0,53486.425
1770360,IT,AU,LANDT,WHEAT,0.01,2139.298,3,3,2139.298,0.0,0.0,0.0,0.0,213929.8
1655977,IT,DE,FOOD5,NAPHT,0.01,2139.293,3,3,2139.293,0.0,0.0,0.0,0.0,213929.3
1774951,IT,CH,INSUR,PAPE1,0.04,2138.897,3,3,2138.897,0.0,0.0,0.0,0.0,53472.425
1778070,IT,TR,MOTO1,CATTL,0.01,2138.809,3,3,2138.809,0.0,0.0,0.0,0.0,213880.9
1646965,IT,BE,WHOLE,INERT,0.02,2138.749,3,3,2138.749,0.0,0.0,0.0,0.0,106937.45
1813830,IT,WM,RAILW,MEMBE,0.01,2138.605,3,3,2138.605,0.0,0.0,0.0,0.0,213860.5
1791721,IT,WA,RAILW,BITUM,0.01,2138.561,3,3,2138.561,0.0,0.0,0.0,0.0,213856.1
1761833,IT,IN,MOTO1,RUBBE,0.01,2138.184,3,3,2138.184,0.0,0.0,0.0,0.0,213818.4
1770643,IT,AU,FINAN,HOTEL,0.03,2138.174,3,3,2138.174,0.0,0.0,0.0,0.0,71272.466667
1689838,IT,IE,INSUR,SEACO,0.04,2138.059,3,3,2138.059,0.0,0.0,0.0,0.0,53451.475
1718605,IT,PL,LEATH,PFERT,0.02,2137.98,3,3,2137.98,0.0,0.0,0.0,0.0,106899.0
1663483,IT,DK,RENTI,FOOD5,0.01,2137.94,3,3,2137.94,0.0,0.0,0.0,0.0,213794.0
1768120,IT,RU,BUSIN,INERT,0.02,2137.91,3,3,2137.91,0.0,0.0,0.0,0.0,106895.5
1655053,IT,CZ,COMPU,TEXTI,0.02,2137.899,3,3,2137.899,0.0,0.0,0.0,0.0,106894.95
1677762,IT,FR,COMPU,KEROS,0.02,2137.878,3,3,2137.878,0.0,0.0,0.0,0.0,106893.9
1654830,IT,CZ,SUPPO,SEWAG,0.02,2137.849,3,3,2137.849,0.0,0.0,0.0,0.0,106892.45
1651107,IT,BG,COMPU,CEMEN,0.02,2137.784,3,3,2137.784,0.0,0.0,0.0,0.0,106889.2
1796248,IT,WL,CONST,FORES,0.01,2137.731,3,3,2137.731,0.0,0.0,0.0,0.0,213773.1
1762731,IT,IN,BUSIN,BIOGA,0.02,2137.533,3,3,2137.533,0.0,0.0,0.0,0.0,106876.65
1640401,IT,AT,MEAT4,ELEC7,0.01,2137.49,3,3,2137.49,0.0,0.0,0.0,0.0,213749.0
1681528,IT,GR,BUSIN,BITU1,0.02,2137.46,3,3,2137.46,0.0,0.0,0.0,0.0,106873.0
1740463,IT,GB,FOOD4,BUSIN,0.02,2137.455,3,3,2137.455,0.0,0.0,0.0,0.0,106872.75
1765121,IT,MX,COMPU,COMPU,0.02,2137.248,3,3,2137.248,0.0,0.0,0.0,0.0,106862.4
1684360,IT,HR,SUPPO,RESEA,0.02,2137.24,3,3,2137.24,0.0,0.0,0.0,0.0,106862.0
1645197,IT,BE,PRINT,FOODW,0.02,2137.123,3,3,2137.123,0.0,0.0,0.0,0.0,106856.15
1779283,IT,TR,FINAN,SEACO,0.03,2137.059,3,3,2137.059,0.0,0.0,0.0,0.0,71235.3
1684657,IT,HR,INERT,SECO9,0.02,2136.913,3,3,2136.913,0.0,0.0,0.0,0.0,106845.65
1792596,IT,WA,COMPU,RADIO,0.02,2136.882,3,3,2136.882,0.0,0.0,0.0,0.0,106844.1
1650038,IT,BG,MACHI,ADDIT,0.01,2136.841,3,3,2136.841,0.0,0.0,0.0,0.0,213684.1
1748262,IT,JP,MEMBE,TOBAC,0.02,2136.724,3,3,2136.724,0.0,0.0,0.0,0.0,106836.2
1767182,IT,RU,WHOLE,CONST,0.02,2136.564,3,3,2136.564,0.0,0.0,0.0,0.0,106828.2
1783010,IT,NO,POSTT,RESEA,0.04,2136.497,3,3,2136.497,0.0,0.0,0.0,0.0,53412.425
1647104,IT,BE,HOTEL,FOUND,0.02,2136.493,3,3,2136.493,0.0,0.0,0.0,0.0,106824.65
1802278,IT,WE,LANDT,ELECT,0.01,2136.486,3,3,2136.486,0.0,0.0,0.0,0.0,213648.6
1813632,IT,WM,RETA1,MEATP,0.02,2136.435,3,3,2136.435,0.0,0.0,0.0,0.0,106821.75
1765526,IT,RU,LEATH,RAWMI,0.02,2136.429,3,3,2136.429,0.0,0.0,0.0,0.0,106821.45
1760792,IT,IN,PRINT,INSUR,0.02,2136.323,3,3,2136.323,0.0,0.0,0.0,0.0,106816.15
1809693,IT,WM,PROCE,CEMEN,0.01,2136.268,3,3,2136.268,0.0,0.0,0.0,0.0,213626.8
1669587,IT,ES,REALE,EDUCA,0.09,2136.237,3,3,2136.237,0.0,0.0,0.0,0.0,23735.966667
1658528,IT,DE,MACHI,ANIMA,0.01,2136.02,3,3,2136.02,0.0,0.0,0.0,0.0,213602.0
1747977,IT,JP,RESEA,AIRTR,0.01,2135.976,3,3,2135.976,0.0,0.0,0.0,0.0,213597.6
1713949,IT,MT,SALEM,ELEC2,0.02,2135.964,3,3,2135.964,0.0,0.0,0.0,0.0,106798.2
1655058,IT,CZ,COMPU,PLAST,0.02,2135.942,3,3,2135.942,0.0,0.0,0.0,0.0,106797.1
1676547,IT,FR,HOTEL,MEAT4,0.02,2135.934,3,3,2135.934,0.0,0.0,0.0,0.0,106796.7
1664479,IT,EE,MOTO1,MEAT1,0.01,2135.908,3,3,2135.908,0.0,0.0,0.0,0.0,213590.8
1670659,IT,FI,LEATH,FOODW,0.02,2135.753,3,3,2135.753,0.0,0.0,0.0,0.0,106787.65
1714006,IT,MT,RETA1,WHOLE,0.02,2135.102,3,3,2135.102,0.0,0.0,0.0,0.0,106755.1
1676425,IT,FR,WHOLE,TEXT2,0.02,2135.088,3,3,2135.088,0.0,0.0,0.0,0.0,106754.4
1802729,IT,WE,RESEA,KEROS,0.01,2135.075,3,3,2135.075,0.0,0.0,0.0,0.0,213507.5
1751638,IT,CN,FINAN,FABRI,0.03,2135.037,3,3,2135.037,0.0,0.0,0.0,0.0,71167.9
1663109,IT,DK,RAILW,RETA1,0.01,2134.998,3,3,2134.998,0.0,0.0,0.0,0.0,213499.8
1739258,IT,GB,HOTEL,PRECI,0.02,2134.773,3,3,2134.773,0.0,0.0,0.0,0.0,106738.65
1722866,IT,PT,PRINT,RADIO,0.02,2134.69,3,3,2134.69,0.0,0.0,0.0,0.0,106734.5
1661721,IT,DK,WEARI,MEMBE,0.02,2134.567,3,3,2134.567,0.0,0.0,0.0,0.0,106728.35
1768000,IT,RU,COMPU,MEMBE,0.02,2134.565,3,3,2134.565,0.0,0.0,0.0,0.0,106728.25
1688365,IT,IE,PROCE,PRINT,0.01,2134.539,3,3,2134.539,0.0,0.0,0.0,0.0,213453.9
1736740,IT,SK,REALE,SUPPO,0.09,2134.3,3,3,2134.3,0.0,0.0,0.0,0.0,23714.444444
1668323,IT,ES,WHOLE,HOTEL,0.02,2134.29,3,3,2134.29,0.0,0.0,0.0,0.0,106714.5
1744668,IT,US,COMPU,LIQUE,0.02,2134.229,3,3,2134.229,0.0,0.0,0.0,0.0,106711.45
1751848,IT,CN,RENTI,ELEC5,0.01,2134.218,3,3,2134.218,0.0,0.0,0.0,0.0,213421.8
1643126,IT,AT,RETA1,RAWMI,0.02,2134.139,3,3,2134.139,0.0,0.0,0.0,0.0,106706.95
1678375,IT,FR,PAPE4,TEXTI,0.01,2134.13,3,3,2134.13,0.0,0.0,0.0,0.0,213413.0
1814313,IT,WM,FINAN,FISH5,0.03,2134.068,3,3,2134.068,0.0,0.0,0.0,0.0,71135.6
1806770,IT,WF,RETA1,SUGAR,0.02,2133.972,3,3,2133.972,0.0,0.0,0.0,0.0,106698.6
1744975,IT,US,BUSIN,INTER,0.02,2133.895,3,3,2133.895,0.0,0.0,0.0,0.0,106694.75
1689655,IT,IE,POSTT,TEXTI,0.04,2133.765,3,3,2133.765,0.0,0.0,0.0,0.0,53344.125
1644553,IT,BE,PROCE,CHEM1,0.01,2133.719,3,3,2133.719,0.0,0.0,0.0,0.0,213371.9
1710365,IT,LT,HOTEL,TEXTI,0.02,2133.636,3,3,2133.636,0.0,0.0,0.0,0.0,106681.8
1790796,IT,WA,MACHI,PARAF,0.01,2133.601,3,3,2133.601,0.0,0.0,0.0,0.0,213360.1
1748268,IT,JP,MEMBE,NONME,0.02,2133.511,3,3,2133.511,0.0,0.0,0.0,0.0,106675.55
1677362,IT,FR,INSUR,FISHF,0.04,2133.332,3,3,2133.332,0.0,0.0,0.0,0.0,53333.3
1764655,IT,MX,RETA1,COLLE,0.02,2133.078,3,3,2133.078,0.0,0.0,0.0,0.0,106653.9
1792588,IT,WA,COMPU,GASDI,0.02,2132.955,3,3,2132.955,0.0,0.0,0.0,0.0,106647.75
1807376,IT,WF,FINAN,OFFIC,0.03,2132.931,3,3,2132.931,0.0,0.0,0.0,0.0,71097.7
1759842,IT,BR,FOODW,BASIC,0.02,2132.759,3,3,2132.759,0.0,0.0,0.0,0.0,106637.95
1665157,IT,ES,PROCE,MEATP,0.01,2132.608,3,3,2132.608,0.0,0.0,0.0,0.0,213260.8
1684461,IT,HR,RENTI,FABRI,0.01,2132.475,3,3,2132.475,0.0,0.0,0.0,0.0,213247.5
1672577,IT,FR,CROPS,MEATC,0.02,2132.468,3,3,2132.468,0.0,0.0,0.0,0.0,106623.4
1687771,IT,HU,SUPPO,INTER,0.02,2132.353,3,3,2132.353,0.0,0.0,0.0,0.0,106617.65
1746089,IT,JP,PRINT,TRAN1,0.02,2132.332,3,3,2132.332,0.0,0.0,0.0,0.0,106616.6
1765127,IT,MX,RESEA,MOTO1,0.01,2132.235,3,3,2132.235,0.0,0.0,0.0,0.0,213223.5
1802221,IT,WE,RAILW,PRINT,0.01,2132.09,3,3,2132.09,0.0,0.0,0.0,0.0,213209.0
1647579,IT,BE,POSTT,FISH5,0.04,2132.084,3,3,2132.084,0.0,0.0,0.0,0.0,53302.1
1745160,IT,US,93197,POSTT,0.01,2132.028,3,3,2132.028,0.0,0.0,0.0,0.0,213202.8
1644000,IT,AT,RESEA,REALE,0.01,2132.016,3,3,2132.016,0.0,0.0,0.0,0.0,213201.6
1748128,IT,JP,PUBLI,BUSIN,0.03,2131.881,3,3,2131.881,0.0,0.0,0.0,0.0,71062.7
1715063,IT,NL,TEXTI,FOODW,0.01,2131.844,3,3,2131.844,0.0,0.0,0.0,0.0,213184.4
1768794,IT,AU,LEATH,MEATA,0.02,2131.668,3,3,2131.668,0.0,0.0,0.0,0.0,106583.4
1736664,IT,SK,INSUR,HOTEL,0.04,2131.595,3,3,2131.595,0.0,0.0,0.0,0.0,53289.875
1755346,IT,KR,PRINT,SALEM,0.02,2131.543,3,3,2131.543,0.0,0.0,0.0,0.0,106577.15
1661664,IT,DK,TEXTI,DIST1,0.01,2131.426,3,3,2131.426,0.0,0.0,0.0,0.0,213142.6
1779632,IT,TR,RESEA,IRONO,0.01,2131.402,3,3,2131.402,0.0,0.0,0.0,0.0,213140.2
1744226,IT,US,POSTT,NONME,0.04,2131.357,3,3,2131.357,0.0,0.0,0.0,0.0,53283.925
1759270,IT,BR,POSTT,PREC1,0.04,2131.189,3,3,2131.189,0.0,0.0,0.0,0.0,53279.725
1671762,IT,FI,RETAI,TRAN1,0.02,2131.093,3,3,2131.093,0.0,0.0,0.0,0.0,106554.65
1760205,IT,BR,PLAS2,GLASS,0.02,2131.013,3,3,2131.013,0.0,0.0,0.0,0.0,106550.65
1774336,IT,CH,HOTEL,FOUND,0.02,2130.883,3,3,2130.883,0.0,0.0,0.0,0.0,106544.15
1810601,IT,WM,PRINT,FABRI,0.02,2130.651,3,3,2130.651,0.0,0.0,0.0,0.0,106532.55
1761993,IT,IN,RETAI,RENTI,0.02,2130.511,3,3,2130.511,0.0,0.0,0.0,0.0,106525.55
1714291,IT,MT,BUSIN,EDUCA,0.02,2130.51,3,3,2130.51,0.0,0.0,0.0,0.0,106525.5
1665430,IT,ES,TEXTI,INSUR,0.01,2130.412,3,3,2130.412,0.0,0.0,0.0,0.0,213041.2
1797999,IT,WL,INERT,POULT,0.02,2130.367,3,3,2130.367,0.0,0.0,0.0,0.0,106518.35
1742862,IT,US,MACHI,LEADZ,0.01,2130.335,3,3,2130.335,0.0,0.0,0.0,0.0,213033.5
1785462,IT,ZA,PRINT,RETAI,0.02,2130.33,3,3,2130.33,0.0,0.0,0.0,0.0,106516.5
1730370,IT,SE,SUPPO,EDUCA,0.02,2130.272,3,3,2130.272,0.0,0.0,0.0,0.0,106513.6
1797656,IT,WL,PAPE1,ELEC4,0.01,2130.073,3,3,2130.073,0.0,0.0,0.0,0.0,213007.3
1765109,IT,MX,REALE,MOTO1,0.09,2129.808,3,3,2129.808,0.0,0.0,0.0,0.0,23664.533333
1772067,IT,CH,PRINT,TRAN2,0.02,2129.531,3,3,2129.531,0.0,0.0,0.0,0.0,106476.55
1749318,IT,CN,PRINT,LEATH,0.02,2129.522,3,3,2129.522,0.0,0.0,0.0,0.0,106476.1
1753957,IT,CA,LANDT,PULP5,0.01,2129.493,3,3,2129.493,0.0,0.0,0.0,0.0,212949.3
1747676,IT,JP,POSTT,ELEC3,0.04,2129.141,3,3,2129.141,0.0,0.0,0.0,0.0,53228.525
1747784,IT,JP,AUXIL,DISTR,0.04,2129.137,3,3,2129.137,0.0,0.0,0.0,0.0,53228.425
1754198,IT,CA,SUPPO,93197,0.02,2129.031,3,3,2129.031,0.0,0.0,0.0,0.0,106451.55
1672190,IT,FI,AUXIL,WHOLE,0.04,2128.86,3,3,2128.86,0.0,0.0,0.0,0.0,53221.5
1718450,IT,PL,TEXTI,PIGS9,0.01,2128.696,3,3,2128.696,0.0,0.0,0.0,0.0,212869.6
1640577,IT,AT,FOOD5,INLAN,0.01,2128.693,3,3,2128.693,0.0,0.0,0.0,0.0,212869.3
1671908,IT,FI,RAILW,GASDI,0.01,2128.638,3,3,2128.638,0.0,0.0,0.0,0.0,212863.8
1724709,IT,PT,AUXIL,BEVER,0.04,2128.588,3,3,2128.588,0.0,0.0,0.0,0.0,53214.7
1728376,IT,SE,TEXTI,DIST1,0.01,2128.498,3,3,2128.498,0.0,0.0,0.0,0.0,212849.8
1714457,IT,NL,FORES,CEMEN,0.02,2128.482,4,4,2127.482,0.0,1.0,0.0,0.0,106424.1
1759328,IT,BR,FINAN,CROPS,0.03,2128.451,3,3,2128.451,0.0,0.0,0.0,0.0,70948.366667
1671960,IT,FI,LANDT,ALUM1,0.01,2128.388,3,3,2128.388,0.0,0.0,0.0,0.0,212838.8
1730131,IT,SE,RAILW,OFFIC,0.01,2128.32,3,3,2128.32,0.0,0.0,0.0,0.0,212832.0
1654396,IT,CZ,WHOLE,FORES,0.02,2128.301,3,3,2128.301,0.0,0.0,0.0,0.0,106415.05
1753918,IT,CA,RAILW,RETA1,0.01,2128.277,3,3,2128.277,0.0,0.0,0.0,0.0,212827.7
1724795,IT,PT,COMPU,RUBBE,0.02,2128.256,3,3,2128.256,0.0,0.0,0.0,0.0,106412.8
1761829,IT,IN,MOTO1,OILSE,0.01,2128.233,3,3,2128.233,0.0,0.0,0.0,0.0,212823.3
1710449,IT,LT,LANDT,BITU1,0.01,2128.207,3,3,2128.207,0.0,0.0,0.0,0.0,212820.7
1721180,IT,PL,RAILW,WASTE,0.01,2128.185,3,3,2128.185,0.0,0.0,0.0,0.0,212818.5
1798039,IT,WL,WOOD2,CONST,0.01,2128.092,3,3,2128.092,0.0,0.0,0.0,0.0,212809.2
1770829,IT,AU,BUSIN,COKIN,0.02,2128.037,3,3,2128.037,0.0,0.0,0.0,0.0,106401.85
1643772,IT,AT,POSTT,CEMEN,0.04,2128.03,3,3,2128.03,0.0,0.0,0.0,0.0,53200.75
1743325,IT,US,CONST,MOTO1,0.01,2127.949,3,3,2127.949,0.0,0.0,0.0,0.0,212794.9
1711244,IT,LU,MACHI,FOOD3,0.01,2127.949,3,3,2127.949,0.0,0.0,0.0,0.0,212794.9
1689249,IT,IE,WHOLE,KERO1,0.02,2127.412,3,3,2127.412,0.0,0.0,0.0,0.0,106370.6
1806386,IT,WF,MOTO1,OFFIC,0.01,2127.28,3,3,2127.28,0.0,0.0,0.0,0.0,212728.0
1808080,IT,WF,TEXT1,FINAN,0.02,2127.001,3,3,2127.001,0.0,0.0,0.0,0.0,106350.05
1736158,IT,SK,SALEM,WHOLE,0.02,2126.937,3,3,2126.937,0.0,0.0,0.0,0.0,106346.85
1745187,IT,JP,CROPS,BEVER,0.02,2126.883,3,3,2126.883,0.0,0.0,0.0,0.0,106344.15
1807683,IT,WF,BUSIN,BEVER,0.02,2126.854,3,3,2126.854,0.0,0.0,0.0,0.0,106342.7
1652605,IT,CZ,LEATH,RECRE,0.02,2126.815,3,3,2126.815,0.0,0.0,0.0,0.0,106340.75
1792971,IT,WA,INTER,MEAT4,0.01,2126.794,3,3,2126.794,0.0,0.0,0.0,0.0,212679.4
1663922,IT,EE,LEATH,EDUCA,0.02,2126.765,3,3,2126.765,0.0,0.0,0.0,0.0,106338.25
1796499,IT,WL,RETA1,NAPHT,0.02,2126.678,3,3,2126.678,0.0,0.0,0.0,0.0,106333.9
1687837,IT,HU,FINAN,ELEC3,0.03,2126.606,3,3,2126.606,0.0,0.0,0.0,0.0,70886.866667
1660596,IT,DE,REALE,MOTOR,0.09,2126.561,3,3,2126.561,0.0,0.0,0.0,0.0,23628.455556
1783469,IT,NO,WOOD1,WOODW,0.01,2126.461,3,3,2126.461,0.0,0.0,0.0,0.0,212646.1
1712917,IT,LV,REALE,PUBLI,0.09,2126.44,3,3,2126.44,0.0,0.0,0.0,0.0,23627.111111
1671753,IT,FI,RETAI,RAWMI,0.02,2126.396,3,3,2126.396,0.0,0.0,0.0,0.0,106319.8
1727765,IT,RO,BUSIN,MEATA,0.02,2126.297,3,3,2126.297,0.0,0.0,0.0,0.0,106314.85
1739042,IT,GB,RETAI,WOODW,0.02,2126.124,3,3,2126.124,0.0,0.0,0.0,0.0,106306.2
1767867,IT,RU,AUXIL,FINAN,0.04,2126.113,3,3,2126.113,0.0,0.0,0.0,0.0,53152.825
1654836,IT,CZ,POSTT,FORES,0.04,2125.982,3,3,2125.982,0.0,0.0,0.0,0.0,53149.55
1802266,IT,WE,LANDT,LIQUE,0.01,2125.948,3,3,2125.948,0.0,0.0,0.0,0.0,212594.8
1669103,IT,ES,SUPPO,HEALT,0.02,2125.887,3,3,2125.887,0.0,0.0,0.0,0.0,106294.35
1781510,IT,NO,TEXTI,FISH5,0.01,2125.886,3,3,2125.886,0.0,0.0,0.0,0.0,212588.6
1751649,IT,CN,FINAN,RAILW,0.03,2125.884,3,3,2125.884,0.0,0.0,0.0,0.0,70862.8
1680618,IT,GR,SALEM,PLAST,0.02,2125.876,3,3,2125.876,0.0,0.0,0.0,0.0,106293.8
1747314,IT,JP,WHOLE,AUXIL,0.02,2125.857,3,3,2125.857,0.0,0.0,0.0,0.0,106292.85
1667647,IT,ES,MACHI,PARAF,0.01,2125.832,3,3,2125.832,0.0,0.0,0.0,0.0,212583.2
1670114,IT,ES,PAPE4,SALEM,0.01,2125.608,3,3,2125.608,0.0,0.0,0.0,0.0,212560.8
1654131,IT,CZ,MOTO1,CATTL,0.01,2125.48,3,3,2125.48,0.0,0.0,0.0,0.0,212548.0
1722613,IT,PT,TEXTI,PULP5,0.01,2125.146,3,3,2125.146,0.0,0.0,0.0,0.0,212514.6
1807818,IT,WF,FOODW,FINAN,0.02,2125.035,3,3,2125.035,0.0,0.0,0.0,0.0,106251.75
1718875,IT,PL,PRINT,CEREA,0.02,2124.999,3,3,2124.999,0.0,0.0,0.0,0.0,106249.95
1648405,IT,BE,93197,FABRI,0.01,2124.947,3,3,2124.947,0.0,0.0,0.0,0.0,212494.7
1779775,IT,TR,BUSIN,COKE1,0.02,2124.906,3,3,2124.906,0.0,0.0,0.0,0.0,106245.3
1716538,IT,NL,MOTO1,EDUCA,0.01,2124.893,3,3,2124.893,0.0,0.0,0.0,0.0,212489.3
1782582,IT,NO,TRANS,REALE,0.01,2124.8,3,3,2124.8,0.0,0.0,0.0,0.0,212480.0
1754215,IT,CA,POSTT,DAIRY,0.03,2124.797,3,3,2124.797,0.0,0.0,0.0,0.0,70826.566667
1814631,IT,WM,FOODW,INSUR,0.02,2124.589,3,3,2124.589,0.0,0.0,0.0,0.0,106229.45
1759417,IT,BR,INSUR,ELECT,0.04,2124.583,3,3,2124.583,0.0,0.0,0.0,0.0,53114.575
1663829,IT,EE,TEXTI,FISH5,0.01,2124.567,3,3,2124.567,0.0,0.0,0.0,0.0,212456.7
1736830,IT,SK,BUSIN,MEATA,0.02,2124.389,3,3,2124.389,0.0,0.0,0.0,0.0,106219.45
1680472,IT,GR,ELEC5,FABRI,0.03,2124.355,3,3,2124.355,0.0,0.0,0.0,0.0,70811.833333
1770155,IT,AU,RETA1,PFERT,0.02,2124.265,3,3,2124.265,0.0,0.0,0.0,0.0,106213.25
1797813,IT,WL,FOOD1,HOTEL,0.01,2124.237,3,3,2124.237,0.0,0.0,0.0,0.0,212423.7
1791845,IT,WA,LANDT,TRANS,0.01,2124.191,3,3,2124.191,0.0,0.0,0.0,0.0,212419.1
1724242,IT,PT,RAILW,EDUCA,0.01,2124.032,3,3,2124.032,0.0,0.0,0.0,0.0,212403.2
1735969,IT,SK,MOTO1,TRAN2,0.01,2123.766,3,3,2123.766,0.0,0.0,0.0,0.0,212376.6
1760080,IT,BR,OILHA,FINAN,0.01,2123.695,3,3,2123.695,0.0,0.0,0.0,0.0,212369.5
1646956,IT,BE,WHOLE,TEXT1,0.02,2123.563,3,3,2123.563,0.0,0.0,0.0,0.0,106178.15
1690326,IT,IE,FOOD2,HOTEL,0.01,2123.507,3,3,2123.507,0.0,0.0,0.0,0.0,212350.7
1806582,IT,WF,CONST,SALEM,0.01,2123.452,3,3,2123.452,0.0,0.0,0.0,0.0,212345.2
1802810,IT,WE,PUBLI,TEXTI,0.03,2123.284,3,3,2123.284,0.0,0.0,0.0,0.0,70776.133333
1670545,IT,FI,TEXTI,KEROS,0.01,2123.256,3,3,2123.256,0.0,0.0,0.0,0.0,212325.6
1797399,IT,WL,COMPU,PLAST,0.02,2123.169,3,3,2123.169,0.0,0.0,0.0,0.0,106158.45
1758522,IT,BR,MACHI,DIST1,0.01,2123.156,3,3,2123.156,0.0,0.0,0.0,0.0,212315.6
1739893,IT,GB,FINAN,INLAN,0.03,2123.153,3,3,2123.153,0.0,0.0,0.0,0.0,70771.766667
1779539,IT,TR,COMPU,LEADZ,0.02,2122.977,3,3,2122.977,0.0,0.0,0.0,0.0,106148.85
1767223,IT,RU,RETA1,RENTI,0.02,2122.733,3,3,2122.733,0.0,0.0,0.0,0.0,106136.65
1712040,IT,LV,FOOD5,NONME,0.01,2122.71,3,3,2122.71,0.0,0.0,0.0,0.0,212271.0
1688367,IT,IE,PROCE,WHOLE,0.01,2122.601,3,3,2122.601,0.0,0.0,0.0,0.0,212260.1
1730509,IT,SE,FINAN,RENTI,0.03,2122.595,3,3,2122.595,0.0,0.0,0.0,0.0,70753.166667
1730684,IT,SE,COMPU,PAPER,0.02,2122.363,3,3,2122.363,0.0,0.0,0.0,0.0,106118.15
1767806,IT,RU,INSUR,RENTI,0.04,2122.328,3,3,2122.328,0.0,0.0,0.0,0.0,53058.2
1792944,IT,WA,PAPE1,SALEM,0.01,2122.244,3,3,2122.244,0.0,0.0,0.0,0.0,212224.4
1729981,IT,SE,CONST,93197,0.01,2122.178,3,3,2122.178,0.0,0.0,0.0,0.0,212217.8
1665168,IT,ES,PROCE,RETA1,0.01,2122.078,3,3,2122.078,0.0,0.0,0.0,0.0,212207.8
1808083,IT,WF,TEXT1,COMPU,0.02,2122.018,3,3,2122.018,0.0,0.0,0.0,0.0,106100.9
1668155,IT,ES,SALEM,TRANS,0.02,2121.926,3,3,2121.926,0.0,0.0,0.0,0.0,106096.3
1747366,IT,JP,RETA1,DISTR,0.02,2121.911,3,3,2121.911,0.0,0.0,0.0,0.0,106095.55
1665363,IT,ES,TEXTI,MEATC,0.01,2121.91,3,3,2121.91,0.0,0.0,0.0,0.0,212191.0
1797257,IT,WL,FINAN,PRIVA,0.03,2121.897,3,3,2121.897,0.0,0.0,0.0,0.0,70729.9
1808447,IT,WF,FOOD4,BEVER,0.02,2121.5,3,3,2121.5,0.0,0.0,0.0,0.0,106075.0
1683991,IT,HR,WHOLE,FOOD4,0.02,2121.459,3,3,2121.459,0.0,0.0,0.0,0.0,106072.95
1792664,IT,WA,RESEA,ELECT,0.01,2121.229,3,3,2121.229,0.0,0.0,0.0,0.0,212122.9
1730988,IT,SE,OILHA,INTER,0.01,2120.891,3,3,2120.891,0.0,0.0,0.0,0.0,212089.1
1681485,IT,GR,COMPU,MEMBE,0.02,2120.805,3,3,2120.805,0.0,0.0,0.0,0.0,106040.25
1768352,IT,AU,MEAT4,TEXTI,0.01,2120.755,3,3,2120.755,0.0,0.0,0.0,0.0,212075.5
1763084,IT,MX,TEXTI,COMPU,0.01,2120.528,3,3,2120.528,0.0,0.0,0.0,0.0,212052.8
1724245,IT,PT,LANDT,PIGS9,0.01,2120.485,3,3,2120.485,0.0,0.0,0.0,0.0,212048.5
1736346,IT,SK,RAILW,SALEM,0.01,2120.327,3,3,2120.327,0.0,0.0,0.0,0.0,212032.7
1646626,IT,BE,TRANS,CHEMI,0.01,2120.309,3,3,2120.309,0.0,0.0,0.0,0.0,212030.9
1709304,IT,LT,FORES,SUGA1,0.02,2120.289,4,4,2119.289,0.0,1.0,0.0,0.0,106014.45
1689246,IT,IE,WHOLE,PRINT,0.02,2119.999,3,3,2119.999,0.0,0.0,0.0,0.0,105999.95
1734115,IT,SI,AUXIL,FORES,0.04,2119.937,3,3,2119.937,0.0,0.0,0.0,0.0,52998.425
1809694,IT,WM,PROCE,NONME,0.01,2119.74,3,3,2119.74,0.0,0.0,0.0,0.0,211974.0
1690073,IT,IE,RENTI,TRANS,0.01,2119.427,3,3,2119.427,0.0,0.0,0.0,0.0,211942.7
1727538,IT,RO,REALE,FISHF,0.09,2119.414,3,3,2119.414,0.0,0.0,0.0,0.0,23549.044444
1709372,IT,LT,FOOD5,FOOD5,0.01,2119.392,3,3,2119.392,0.0,0.0,0.0,0.0,211939.2
1744743,IT,US,RESEA,PROCE,0.01,2119.295,3,3,2119.295,0.0,0.0,0.0,0.0,211929.5
1714023,IT,MT,HOTEL,MEATP,0.02,2119.295,3,3,2119.295,0.0,0.0,0.0,0.0,105964.75
1727797,IT,RO,BUSIN,NONSP,0.02,2119.255,3,3,2119.255,0.0,0.0,0.0,0.0,105962.75
1740511,IT,GB,MEMBE,AUXIL,0.02,2118.99,3,3,2118.99,0.0,0.0,0.0,0.0,105949.5
1671919,IT,FI,RAILW,REALE,0.01,2118.888,3,3,2118.888,0.0,0.0,0.0,0.0,211888.8
1759840,IT,BR,FOODW,PFERT,0.02,2118.875,3,3,2118.875,0.0,0.0,0.0,0.0,105943.75
1808272,IT,WF,FOOD2,MOTOR,0.01,2118.731,3,3,2118.731,0.0,0.0,0.0,0.0,211873.1
1807678,IT,WF,BUSIN,MEATC,0.02,2118.608,3,3,2118.608,0.0,0.0,0.0,0.0,105930.4
1797052,IT,WL,SUPPO,FABRI,0.02,2118.538,3,3,2118.538,0.0,0.0,0.0,0.0,105926.9
1801805,IT,WE,ELEC5,MEATA,0.03,2118.358,3,3,2118.358,0.0,0.0,0.0,0.0,70611.933333
1654902,IT,CZ,INSUR,VEGET,0.04,2118.34,3,3,2118.34,0.0,0.0,0.0,0.0,52958.5
1735991,IT,SK,TRANS,TEXTI,0.01,2118.22,3,3,2118.22,0.0,0.0,0.0,0.0,211822.0
1765565,IT,RU,LEATH,DISTR,0.02,2118.08,3,3,2118.08,0.0,0.0,0.0,0.0,105904.0
1809787,IT,WM,FOOD5,LUBRI,0.01,2118.008,3,3,2118.008,0.0,0.0,0.0,0.0,211800.8
1712915,IT,LV,REALE,RESEA,0.09,2117.839,3,3,2117.839,0.0,0.0,0.0,0.0,23531.544444
1791546,IT,WA,RETA1,ALUM1,0.02,2117.76,3,3,2117.76,0.0,0.0,0.0,0.0,105888.0
1745497,IT,JP,FOOD5,TRANS,0.01,2117.551,3,3,2117.551,0.0,0.0,0.0,0.0,211755.1
1733438,IT,SI,CONST,BEVER,0.01,2117.287,3,3,2117.287,0.0,0.0,0.0,0.0,211728.7
1813269,IT,WM,TRANS,ALUM1,0.01,2117.137,3,3,2117.137,0.0,0.0,0.0,0.0,211713.7
1734048,IT,SI,FINAN,WHOLE,0.03,2116.89,3,3,2116.89,0.0,0.0,0.0,0.0,70563.0
1785035,IT,ID,BUSIN,FURNI,0.02,2116.867,3,3,2116.867,0.0,0.0,0.0,0.0,105843.35
1677055,IT,FR,SUPPO,CHARC,0.02,2116.858,3,3,2116.858,0.0,0.0,0.0,0.0,105842.9
1720734,IT,PL,TRANS,PRINT,0.01,2116.805,3,3,2116.805,0.0,0.0,0.0,0.0,211680.5
1791305,IT,WA,CONST,COMPU,0.01,2116.724,3,3,2116.724,0.0,0.0,0.0,0.0,211672.4
1669995,IT,ES,EDUCA,93197,0.05,2116.611,3,3,2116.611,0.0,0.0,0.0,0.0,42332.22
1680660,IT,GR,WHOLE,PULP5,0.02,2116.481,3,3,2116.481,0.0,0.0,0.0,0.0,105824.05
1672487,IT,FI,TEXT2,COPPE,0.02,2116.373,3,3,2116.373,0.0,0.0,0.0,0.0,105818.65
1717761,IT,NL,EDUCA,WHOLE,0.05,2116.229,3,3,2116.229,0.0,0.0,0.0,0.0,42324.58
1710515,IT,LT,SUPPO,SUGA1,0.02,2116.166,3,3,2116.166,0.0,0.0,0.0,0.0,105808.3
1755358,IT,KR,PRINT,RENTI,0.02,2116.129,3,3,2116.129,0.0,0.0,0.0,0.0,105806.45
1721797,IT,PL,AUXIL,POSTT,0.04,2116.06,3,3,2116.06,0.0,0.0,0.0,0.0,52901.5
1721818,IT,PL,REALE,WOODW,0.09,2116.048,3,3,2116.048,0.0,0.0,0.0,0.0,23511.644444
1711407,IT,LU,RETA1,MEMBE,0.02,2115.99,3,3,2115.99,0.0,0.0,0.0,0.0,105799.5
1765234,IT,RU,MEATA,NATU1,0.01,2115.968,3,3,2115.968,0.0,0.0,0.0,0.0,211596.8
1680559,IT,GR,ELEC8,COLLE,0.03,2115.769,3,3,2115.769,0.0,0.0,0.0,0.0,70525.633333
1724616,IT,PT,FINAN,TRAN1,0.03,2115.733,3,3,2115.733,0.0,0.0,0.0,0.0,70524.433333
1787801,IT,WA,PROCE,PRECI,0.01,2115.095,3,3,2115.095,0.0,0.0,0.0,0.0,211509.5
1780199,IT,TW,RAILW,LEATH,0.01,2115.058,3,3,2115.058,0.0,0.0,0.0,0.0,211505.8
1771550,IT,CH,TEXTI,NONSP,0.01,2115.044,3,3,2115.044,0.0,0.0,0.0,0.0,211504.4
1690183,IT,IE,BUSIN,TEXTI,0.02,2115.032,3,3,2115.032,0.0,0.0,0.0,0.0,105751.6
1803576,IT,WF,PROCE,VEGET,0.01,2114.942,3,3,2114.942,0.0,0.0,0.0,0.0,211494.2
1677169,IT,FR,POSTT,GLASS,0.03,2114.923,3,3,2114.923,0.0,0.0,0.0,0.0,70497.433333
1678091,IT,FR,FOODW,TEXT1,0.02,2114.762,3,3,2114.762,0.0,0.0,0.0,0.0,105738.1
1806814,IT,WF,RETA1,CERAM,0.02,2114.398,3,3,2114.398,0.0,0.0,0.0,0.0,105719.9
1774475,IT,CH,LANDT,NFERT,0.01,2114.378,3,3,2114.378,0.0,0.0,0.0,0.0,211437.8
1778342,IT,TR,RETAI,BITUM,0.02,2114.363,3,3,2114.363,0.0,0.0,0.0,0.0,105718.15
1770564,IT,AU,SUPPO,RESEA,0.02,2114.324,3,3,2114.324,0.0,0.0,0.0,0.0,105716.2
1808550,IT,WF,PAPE4,PLAST,0.01,2113.935,3,3,2113.935,0.0,0.0,0.0,0.0,211393.5
1678377,IT,FR,PAPE4,PRINT,0.01,2113.742,3,3,2113.742,0.0,0.0,0.0,0.0,211374.2
1808673,IT,WF,INERT,FURNI,0.02,2113.704,3,3,2113.704,0.0,0.0,0.0,0.0,105685.2
1784768,IT,ID,RETA1,HEALT,0.02,2113.675,3,3,2113.675,0.0,0.0,0.0,0.0,105683.75
1747645,IT,JP,SUPPO,AIRTR,0.02,2113.629,3,3,2113.629,0.0,0.0,0.0,0.0,105681.45
1757371,IT,BR,WEARI,BUSIN,0.02,2113.615,3,3,2113.615,0.0,0.0,0.0,0.0,105680.75
1734120,IT,SI,AUXIL,TEXTI,0.04,2113.526,3,3,2113.526,0.0,0.0,0.0,0.0,52838.15
1720400,IT,PL,MACHI,MEAT4,0.01,2113.474,3,3,2113.474,0.0,0.0,0.0,0.0,211347.4
1740472,IT,GB,FOOD4,WOOD2,0.02,2113.397,3,3,2113.397,0.0,0.0,0.0,0.0,105669.85
1721184,IT,PL,RAILW,93197,0.01,2113.345,3,3,2113.345,0.0,0.0,0.0,0.0,211334.5
1668448,IT,ES,RETA1,COMPU,0.02,2113.276,3,3,2113.276,0.0,0.0,0.0,0.0,105663.8
1715043,IT,NL,TEXTI,OFFIC,0.01,2113.218,3,3,2113.218,0.0,0.0,0.0,0.0,211321.8
1664516,IT,EE,TRANS,FABRI,0.01,2113.029,3,3,2113.029,0.0,0.0,0.0,0.0,211302.9
1745679,IT,JP,TEXTI,POSTT,0.01,2112.933,3,3,2112.933,0.0,0.0,0.0,0.0,211293.3
1791509,IT,WA,RETA1,ANTHR,0.02,2112.87,3,3,2112.87,0.0,0.0,0.0,0.0,105643.5
1740579,IT,US,CROPS,BUSIN,0.02,2112.61,3,3,2112.61,0.0,0.0,0.0,0.0,105630.5
1783023,IT,NO,FINAN,EDUCA,0.03,2112.539,3,3,2112.539,0.0,0.0,0.0,0.0,70417.966667
1713979,IT,MT,WHOLE,GLASS,0.02,2112.495,3,3,2112.495,0.0,0.0,0.0,0.0,105624.75
1713203,IT,MT,LEATH,WHOLE,0.02,2112.444,3,3,2112.444,0.0,0.0,0.0,0.0,105622.2
1740361,IT,GB,EDUCA,SUPPO,0.05,2112.298,3,3,2112.298,0.0,0.0,0.0,0.0,42245.96
1652255,IT,CZ,FOOD5,ELEC1,0.01,2112.203,3,3,2112.203,0.0,0.0,0.0,0.0,211220.3
1648368,IT,BE,MEMBE,BUSIN,0.02,2112.035,3,3,2112.035,0.0,0.0,0.0,0.0,105601.75
1745036,IT,US,PUBLI,ADDIT,0.03,2111.761,3,3,2111.761,0.0,0.0,0.0,0.0,70392.033333
1663891,IT,EE,WEARI,PUBLI,0.02,2111.748,3,3,2111.748,0.0,0.0,0.0,0.0,105587.4
1784063,IT,ID,WEARI,RADIO,0.02,2111.558,3,3,2111.558,0.0,0.0,0.0,0.0,105577.9
1748133,IT,JP,EDUCA,MACHI,0.05,2111.372,3,3,2111.372,0.0,0.0,0.0,0.0,42227.44
1739914,IT,GB,FINAN,FOOD3,0.03,2111.354,3,3,2111.354,0.0,0.0,0.0,0.0,70378.466667
1763380,IT,MX,PRINT,DISTR,0.02,2111.061,3,3,2111.061,0.0,0.0,0.0,0.0,105553.05
1737453,IT,GB,LEATH,BIODI,0.02,2110.96,3,3,2110.96,0.0,0.0,0.0,0.0,105548.0
1798761,IT,WE,FOOD5,LEADZ,0.01,2110.925,3,3,2110.925,0.0,0.0,0.0,0.0,211092.5
1729774,IT,SE,MACHI,ELEC7,0.01,2110.889,3,3,2110.889,0.0,0.0,0.0,0.0,211088.9
1650967,IT,BG,SUPPO,MEAT1,0.02,2110.799,3,3,2110.799,0.0,0.0,0.0,0.0,105539.95
1755119,IT,KR,LEATH,NONSP,0.02,2110.642,3,3,2110.642,0.0,0.0,0.0,0.0,105532.1
1648354,IT,BE,INTER,TRANS,0.01,2110.421,3,3,2110.421,0.0,0.0,0.0,0.0,211042.1
1721234,IT,PL,LANDT,REFIN,0.01,2110.223,3,3,2110.223,0.0,0.0,0.0,0.0,211022.3
1753674,IT,CA,MOTO1,FOUND,0.01,2110.218,3,3,2110.218,0.0,0.0,0.0,0.0,211021.8
1734252,IT,SI,COMPU,ELEC1,0.02,2110.086,3,3,2110.086,0.0,0.0,0.0,0.0,105504.3
1717311,IT,NL,FINAN,MEAT4,0.03,2109.825,3,3,2109.825,0.0,0.0,0.0,0.0,70327.5
1780628,IT,TW,INSUR,LANDT,0.04,2109.71,3,3,2109.71,0.0,0.0,0.0,0.0,52742.75
1743320,IT,US,CONST,WOODW,0.01,2109.625,3,3,2109.625,0.0,0.0,0.0,0.0,210962.5
1682077,IT,HR,TEXTI,CEREA,0.01,2109.604,3,3,2109.604,0.0,0.0,0.0,0.0,210960.4
1650459,IT,BG,ELEC5,WEARI,0.03,2109.556,3,3,2109.556,0.0,0.0,0.0,0.0,70318.533333
1689497,IT,IE,RAILW,FABRI,0.01,2109.455,3,3,2109.455,0.0,0.0,0.0,0.0,210945.5
1730690,IT,SE,COMPU,COPP1,0.02,2109.3,3,3,2109.3,0.0,0.0,0.0,0.0,105465.0
1791747,IT,WA,RAILW,CERAM,0.01,2109.297,3,3,2109.297,0.0,0.0,0.0,0.0,210929.7
1643922,IT,AT,COMPU,NONFE,0.02,2109.221,3,3,2109.221,0.0,0.0,0.0,0.0,105461.05
1769899,IT,AU,MOTO1,FOOD5,0.01,2109.185,3,3,2109.185,0.0,0.0,0.0,0.0,210918.5
1775743,IT,TR,FORES,WHOLE,0.02,2109.119,4,4,2108.119,0.0,1.0,0.0,0.0,105455.95
1656014,IT,DE,FOOD5,TRAN2,0.01,2109.089,3,3,2109.089,0.0,0.0,0.0,0.0,210908.9
1660796,IT,DE,COMPU,REFI1,0.02,2108.885,3,3,2108.885,0.0,0.0,0.0,0.0,105444.25
1687459,IT,HU,RAILW,ELEC1,0.01,2108.865,3,3,2108.865,0.0,0.0,0.0,0.0,210886.5
1647969,IT,BE,RENTI,FURNI,0.01,2108.865,3,3,2108.865,0.0,0.0,0.0,0.0,210886.5
1724475,IT,PT,SUPPO,ELEC5,0.02,2108.468,3,3,2108.468,0.0,0.0,0.0,0.0,105423.4
1650788,IT,BG,RAILW,COMPU,0.01,2108.29,3,3,2108.29,0.0,0.0,0.0,0.0,210829.0
1652820,IT,CZ,PRINT,BASIC,0.02,2108.278,3,3,2108.278,0.0,0.0,0.0,0.0,105413.9
1797955,IT,WL,FOOD4,BUSIN,0.02,2108.196,3,3,2108.196,0.0,0.0,0.0,0.0,105409.8
1747775,IT,JP,AUXIL,RADIO,0.04,2108.156,3,3,2108.156,0.0,0.0,0.0,0.0,52703.9
1792581,IT,WA,COMPU,VEGE1,0.02,2108.105,3,3,2108.105,0.0,0.0,0.0,0.0,105405.25
1739713,IT,GB,SUPPO,ELEC5,0.02,2108.093,3,3,2108.093,0.0,0.0,0.0,0.0,105404.65
1727545,IT,RO,REALE,FOOD5,0.09,2107.813,3,3,2107.813,0.0,0.0,0.0,0.0,23420.144444
1797566,IT,WL,PUBLI,RUBBE,0.03,2107.744,3,3,2107.744,0.0,0.0,0.0,0.0,70258.133333
1689644,IT,IE,POSTT,CATTL,0.03,2107.638,3,3,2107.638,0.0,0.0,0.0,0.0,70254.6
1782635,IT,NO,SALEM,PLAST,0.02,2107.602,3,3,2107.602,0.0,0.0,0.0,0.0,105380.1
1756660,IT,KR,LANDT,PUBLI,0.01,2107.586,3,3,2107.586,0.0,0.0,0.0,0.0,210758.6
1668477,IT,ES,HOTEL,FORES,0.02,2107.438,3,3,2107.438,0.0,0.0,0.0,0.0,105371.9
1670778,IT,FI,PRINT,KEROS,0.02,2107.396,3,3,2107.396,0.0,0.0,0.0,0.0,105369.8
1648371,IT,BE,RECRE,DAIRY,0.03,2107.299,3,3,2107.299,0.0,0.0,0.0,0.0,70243.3
1764592,IT,MX,WHOLE,ELEC4,0.02,2107.287,3,3,2107.287,0.0,0.0,0.0,0.0,105364.35
1668094,IT,ES,CONST,PLAST,0.01,2107.284,3,3,2107.284,0.0,0.0,0.0,0.0,210728.4
1709480,IT,LT,WEARI,WOODW,0.02,2106.944,3,3,2106.944,0.0,0.0,0.0,0.0,105347.2
1779302,IT,TR,INSUR,PRECI,0.04,2106.76,3,3,2106.76,0.0,0.0,0.0,0.0,52669.0
1745495,IT,JP,FOOD5,MEDIC,0.01,2106.749,3,3,2106.749,0.0,0.0,0.0,0.0,210674.9
1774323,IT,CH,HOTEL,PFERT,0.02,2106.736,3,3,2106.736,0.0,0.0,0.0,0.0,105336.8
1669283,IT,ES,FINAN,KEROS,0.03,2106.485,3,3,2106.485,0.0,0.0,0.0,0.0,70216.166667
1647171,IT,BE,RAILW,MACHI,0.01,2106.47,3,3,2106.47,0.0,0.0,0.0,0.0,210647.0
1725504,IT,RO,LEATH,POULT,0.02,2106.457,3,3,2106.457,0.0,0.0,0.0,0.0,105322.85
1796688,IT,WL,RAILW,PLAST,0.01,2106.112,3,3,2106.112,0.0,0.0,0.0,0.0,210611.2
1672247,IT,FI,REALE,HOTEL,0.09,2106.109,3,3,2106.109,0.0,0.0,0.0,0.0,23401.211111
1814738,IT,WM,OILHA,AUXIL,0.01,2106.079,3,3,2106.079,0.0,0.0,0.0,0.0,210607.9
1779707,IT,TR,BUSIN,BITUM,0.02,2106.035,3,3,2106.035,0.0,0.0,0.0,0.0,105301.75
1743589,IT,US,HOTEL,REFIN,0.02,2105.982,3,3,2105.982,0.0,0.0,0.0,0.0,105299.1
1740119,IT,GB,COMPU,BRICK,0.02,2105.808,3,3,2105.808,0.0,0.0,0.0,0.0,105290.4
1775029,IT,CH,RENTI,NATUR,0.01,2105.806,3,3,2105.806,0.0,0.0,0.0,0.0,210580.6
1684114,IT,HR,RAILW,PLAST,0.01,2105.619,3,3,2105.619,0.0,0.0,0.0,0.0,210561.9
1776036,IT,TR,TEXTI,COPP1,0.01,2105.407,3,3,2105.407,0.0,0.0,0.0,0.0,210540.7
1654899,IT,CZ,FINAN,EDUCA,0.03,2105.281,3,3,2105.281,0.0,0.0,0.0,0.0,70176.033333
1762094,IT,IN,RETA1,FINAN,0.02,2105.017,3,3,2105.017,0.0,0.0,0.0,0.0,105250.85
1650139,IT,BG,MOTO1,SANDC,0.01,2104.959,3,3,2104.959,0.0,0.0,0.0,0.0,210495.9
1788021,IT,WA,TEXTI,NONSP,0.01,2104.831,3,3,2104.831,0.0,0.0,0.0,0.0,210483.1
1664731,IT,EE,SUPPO,POSTT,0.02,2104.611,3,3,2104.611,0.0,0.0,0.0,0.0,105230.55
1756659,IT,KR,LANDT,BUSIN,0.01,2104.541,3,3,2104.541,0.0,0.0,0.0,0.0,210454.1
1747228,IT,JP,SALEM,MEDIC,0.02,2104.483,3,3,2104.483,0.0,0.0,0.0,0.0,105224.15
1664878,IT,ES,FORES,OFFIC,0.02,2104.363,4,4,2103.363,0.0,1.0,0.0,0.0,105218.15
1643923,IT,AT,COMPU,MEATC,0.02,2104.349,3,3,2104.349,0.0,0.0,0.0,0.0,105217.45
1740397,IT,GB,HEALT,CONST,0.01,2104.071,3,3,2104.071,0.0,0.0,0.0,0.0,210407.1
1754609,IT,KR,FORES,WOODW,0.02,2104.068,4,4,2103.068,0.0,1.0,0.0,0.0,105203.4
1663597,IT,DK,BUSIN,VEGE1,0.02,2103.823,3,3,2103.823,0.0,0.0,0.0,0.0,105191.15
1684024,IT,HR,HOTEL,MEATA,0.02,2103.749,3,3,2103.749,0.0,0.0,0.0,0.0,105187.45
1713771,IT,MT,MOTO1,RADIO,0.01,2103.698,3,3,2103.698,0.0,0.0,0.0,0.0,210369.8
1806920,IT,WF,RAILW,PRECI,0.01,2103.669,3,3,2103.669,0.0,0.0,0.0,0.0,210366.9
1716775,IT,NL,RETA1,ELEC5,0.02,2103.557,3,3,2103.557,0.0,0.0,0.0,0.0,105177.85
1764791,IT,MX,LANDT,PREC1,0.01,2103.518,3,3,2103.518,0.0,0.0,0.0,0.0,210351.8
1750672,IT,CN,MOTO1,CERAM,0.01,2103.286,3,3,2103.286,0.0,0.0,0.0,0.0,210328.6
1774724,IT,CH,SUPPO,RADIO,0.02,2103.228,3,3,2103.228,0.0,0.0,0.0,0.0,105161.4
1760259,IT,BR,93197,SUPPO,0.01,2103.209,3,3,2103.209,0.0,0.0,0.0,0.0,210320.9
1747864,IT,JP,RENTI,NONME,0.01,2103.024,3,3,2103.024,0.0,0.0,0.0,0.0,210302.4
1787796,IT,WA,PROCE,CATTL,0.01,2102.676,3,3,2102.676,0.0,0.0,0.0,0.0,210267.6
1678118,IT,FR,PAPE1,EDUCA,0.01,2102.538,3,3,2102.538,0.0,0.0,0.0,0.0,210253.8
1714329,IT,MT,HEALT,MACHI,0.01,2102.43,3,3,2102.43,0.0,0.0,0.0,0.0,210243.0
1775626,IT,CH,93197,WEARI,0.01,2102.419,3,3,2102.419,0.0,0.0,0.0,0.0,210241.9
1757009,IT,KR,BUSIN,MEAT4,0.02,2102.386,3,3,2102.386,0.0,0.0,0.0,0.0,105119.3
1797966,IT,WL,PAPE4,DAIRY,0.01,2102.325,3,3,2102.325,0.0,0.0,0.0,0.0,210232.5
1788150,IT,WA,WEARI,CEMEN,0.02,2102.321,3,3,2102.321,0.0,0.0,0.0,0.0,105116.05
1720937,IT,PL,RETAI,FINAN,0.02,2102.291,3,3,2102.291,0.0,0.0,0.0,0.0,105114.55
1796570,IT,WL,HOTEL,POULT,0.02,2102.021,3,3,2102.021,0.0,0.0,0.0,0.0,105101.05
1660324,IT,DE,FINAN,POULT,0.03,2102.006,3,3,2102.006,0.0,0.0,0.0,0.0,70066.866667
1659380,IT,DE,WHOLE,ANIMA,0.02,2101.919,3,3,2101.919,0.0,0.0,0.0,0.0,105095.95
1676262,IT,FR,SALEM,DIST1,0.02,2101.797,3,3,2101.797,0.0,0.0,0.0,0.0,105089.85
1664600,IT,EE,HOTEL,93197,0.02,2101.584,3,3,2101.584,0.0,0.0,0.0,0.0,105079.2
1670029,IT,ES,FOOD1,TEXTI,0.01,2101.289,3,3,2101.289,0.0,0.0,0.0,0.0,210128.9
1778724,IT,TR,RAILW,CONST,0.01,2101.282,3,3,2101.282,0.0,0.0,0.0,0.0,210128.2
1782442,IT,NO,MACHI,GASDI,0.01,2101.126,3,3,2101.126,0.0,0.0,0.0,0.0,210112.6
1660569,IT,DE,AUXIL,BUSIN,0.04,2100.965,3,3,2100.965,0.0,0.0,0.0,0.0,52524.125
1782817,IT,NO,HOTEL,FINAN,0.02,2100.646,3,3,2100.646,0.0,0.0,0.0,0.0,105032.3
1760232,IT,BR,INERT,PUBLI,0.02,2100.451,3,3,2100.451,0.0,0.0,0.0,0.0,105022.55
1762409,IT,IN,POSTT,ELEC2,0.03,2100.316,3,3,2100.316,0.0,0.0,0.0,0.0,70010.533333
1683725,IT,HR,MACHI,PETRO,0.01,2100.26,3,3,2100.26,0.0,0.0,0.0,0.0,210026.0
1683699,IT,HR,MACHI,POULT,0.01,2099.716,3,3,2099.716,0.0,0.0,0.0,0.0,209971.6
1672102,IT,FI,POSTT,PRINT,0.03,2099.689,3,3,2099.689,0.0,0.0,0.0,0.0,69989.633333
1654409,IT,CZ,WHOLE,CHEM1,0.02,2099.602,3,3,2099.602,0.0,0.0,0.0,0.0,104980.1
1676658,IT,FR,RAILW,WHEAT,0.01,2099.513,3,3,2099.513,0.0,0.0,0.0,0.0,209951.3
1779454,IT,TR,REALE,HEALT,0.09,2099.368,3,3,2099.368,0.0,0.0,0.0,0.0,23326.311111
1651275,IT,CY,PROCE,TRAN2,0.01,2099.302,3,3,2099.302,0.0,0.0,0.0,0.0,209930.2
1670144,IT,ES,INERT,WOOD1,0.02,2099.184,3,3,2099.184,0.0,0.0,0.0,0.0,104959.2
1676536,IT,FR,HOTEL,WOOLS,0.02,2098.972,3,3,2098.972,0.0,0.0,0.0,0.0,104948.6
1744185,IT,US,POSTT,PIGS9,0.03,2098.911,3,3,2098.911,0.0,0.0,0.0,0.0,69963.7
1724516,IT,PT,POSTT,MOTOR,0.03,2098.804,3,3,2098.804,0.0,0.0,0.0,0.0,69960.133333
1748999,IT,CN,LEATH,COALT,0.02,2098.747,3,3,2098.747,0.0,0.0,0.0,0.0,104937.35
1670019,IT,ES,OILHA,MACHI,0.01,2098.586,3,3,2098.586,0.0,0.0,0.0,0.0,209858.6
1711563,IT,LU,FINAN,CHEM1,0.03,2098.402,3,3,2098.402,0.0,0.0,0.0,0.0,69946.733333
1690262,IT,IE,INTER,REALE,0.01,2098.275,3,3,2098.275,0.0,0.0,0.0,0.0,209827.5
1736798,IT,SK,COMPU,TRAN1,0.02,2098.201,3,3,2098.201,0.0,0.0,0.0,0.0,104910.05
1644249,IT,BE,CROPS,VEGE1,0.02,2098.117,3,3,2098.117,0.0,0.0,0.0,0.0,104905.85
1807315,IT,WF,POSTT,TRANS,0.03,2098.028,3,3,2098.028,0.0,0.0,0.0,0.0,69934.266667
1718543,IT,PL,WEARI,PLAST,0.02,2097.962,3,3,2097.962,0.0,0.0,0.0,0.0,104898.1
1730496,IT,SE,FINAN,MOTO1,0.03,2097.866,3,3,2097.866,0.0,0.0,0.0,0.0,69928.866667
1782710,IT,NO,RETA1,DAIRY,0.02,2097.844,3,3,2097.844,0.0,0.0,0.0,0.0,104892.2
1757184,IT,BR,MEAT4,MEATC,0.01,2097.745,3,3,2097.745,0.0,0.0,0.0,0.0,209774.5
1793093,IT,WA,WOOD2,OFFIC,0.01,2097.581,3,3,2097.581,0.0,0.0,0.0,0.0,209758.1
1786589,IT,ZA,CONST,MOTOR,0.01,2097.389,3,3,2097.389,0.0,0.0,0.0,0.0,209738.9
1687525,IT,HU,LANDT,PETRO,0.01,2097.371,3,3,2097.371,0.0,0.0,0.0,0.0,209737.1
1758968,IT,BR,LANDT,PLANT,0.01,2097.061,3,3,2097.061,0.0,0.0,0.0,0.0,209706.1
1659751,IT,DE,RAILW,INTER,0.01,2097.041,3,3,2097.041,0.0,0.0,0.0,0.0,209704.1
1663582,IT,DK,RESEA,MEMBE,0.01,2097.026,3,3,2097.026,0.0,0.0,0.0,0.0,209702.6
1804000,IT,WF,LEATH,SEACO,0.02,2096.978,3,3,2096.978,0.0,0.0,0.0,0.0,104848.9
1688100,IT,HU,BUSIN,WHEAT,0.02,2096.933,3,3,2096.933,0.0,0.0,0.0,0.0,104846.65
1779540,IT,TR,COMPU,NONFE,0.02,2096.849,3,3,2096.849,0.0,0.0,0.0,0.0,104842.45
1751024,IT,CN,WHOLE,BRICK,0.02,2096.668,3,3,2096.668,0.0,0.0,0.0,0.0,104833.4
1724866,IT,PT,BUSIN,LUBRI,0.02,2096.494,3,3,2096.494,0.0,0.0,0.0,0.0,104824.7
1670116,IT,ES,PAPE4,AIRTR,0.01,2096.473,3,3,2096.473,0.0,0.0,0.0,0.0,209647.3
1640784,IT,AT,TEXTI,FOOD2,0.01,2096.425,3,3,2096.425,0.0,0.0,0.0,0.0,209642.5
1733604,IT,SI,HOTEL,MEAT1,0.02,2096.371,3,3,2096.371,0.0,0.0,0.0,0.0,104818.55
1673819,IT,FR,PRINT,WEARI,0.02,2096.322,3,3,2096.322,0.0,0.0,0.0,0.0,104816.1
1783211,IT,NO,BUSIN,PLAST,0.02,2096.272,3,3,2096.272,0.0,0.0,0.0,0.0,104813.6
1716577,IT,NL,SALEM,BEVER,0.02,2096.203,3,3,2096.203,0.0,0.0,0.0,0.0,104810.15
1775025,IT,CH,RENTI,POULT,0.01,2096.145,3,3,2096.145,0.0,0.0,0.0,0.0,209614.5
1650631,IT,BG,SALEM,COPPE,0.02,2096.087,3,3,2096.087,0.0,0.0,0.0,0.0,104804.35
1750986,IT,CN,WHOLE,CEREA,0.02,2096.038,3,3,2096.038,0.0,0.0,0.0,0.0,104801.9
1650635,IT,BG,SALEM,COMPU,0.02,2095.896,3,3,2095.896,0.0,0.0,0.0,0.0,104794.8
1640500,IT,AT,PROCE,SUGA1,0.01,2095.835,3,3,2095.835,0.0,0.0,0.0,0.0,209583.5
1808592,IT,WF,PAPE4,PRIVA,0.01,2095.83,3,3,2095.83,0.0,0.0,0.0,0.0,209583.0
1690509,IT,IE,INERT,REALE,0.02,2095.765,3,3,2095.765,0.0,0.0,0.0,0.0,104788.25
1814794,IT,WM,PAPE4,HOTEL,0.01,2095.723,3,3,2095.723,0.0,0.0,0.0,0.0,209572.3
1791113,IT,WA,TRANS,COKE1,0.01,2095.693,3,3,2095.693,0.0,0.0,0.0,0.0,209569.3
1769011,IT,AU,PRINT,PAPER,0.02,2095.657,3,3,2095.657,0.0,0.0,0.0,0.0,104782.85
1680554,IT,GR,ELEC8,FABRI,0.03,2095.534,3,3,2095.534,0.0,0.0,0.0,0.0,69851.133333
1798081,IT,WL,RECRE,COMPU,0.03,2095.278,3,3,2095.278,0.0,0.0,0.0,0.0,69842.6
1714365,IT,MT,93197,BUSIN,0.01,2095.222,3,3,2095.222,0.0,0.0,0.0,0.0,209522.2
1779873,IT,TR,PUBLI,SEACO,0.03,2095.137,3,3,2095.137,0.0,0.0,0.0,0.0,69837.9
1651029,IT,BG,POSTT,DISTR,0.03,2095.025,3,3,2095.025,0.0,0.0,0.0,0.0,69834.166667
1735980,IT,SK,MOTO1,OILHA,0.01,2094.837,3,3,2094.837,0.0,0.0,0.0,0.0,209483.7
1756347,IT,KR,TRANS,RADIO,0.01,2094.786,3,3,2094.786,0.0,0.0,0.0,0.0,209478.6
1650700,IT,BG,HOTEL,FORES,0.02,2094.49,3,3,2094.49,0.0,0.0,0.0,0.0,104724.5
1808022,IT,WF,INTER,PRINT,0.01,2094.088,3,3,2094.088,0.0,0.0,0.0,0.0,209408.8
1683954,IT,HR,WHOLE,VEGE1,0.02,2094.023,3,3,2094.023,0.0,0.0,0.0,0.0,104701.15
1807489,IT,WF,REALE,PUBLI,0.09,2093.978,3,3,2093.978,0.0,0.0,0.0,0.0,23266.422222
1712682,IT,LV,HOTEL,STONE,0.02,2093.922,3,3,2093.922,0.0,0.0,0.0,0.0,104696.1
1747002,IT,JP,TRANS,PRINT,0.01,2093.898,3,3,2093.898,0.0,0.0,0.0,0.0,209389.8
1767005,IT,RU,TRANS,FISHF,0.01,2093.869,3,3,2093.869,0.0,0.0,0.0,0.0,209386.9
1771610,IT,CH,TEXTI,FOOD1,0.01,2093.835,3,3,2093.835,0.0,0.0,0.0,0.0,209383.5
1734062,IT,SI,FINAN,HEALT,0.03,2093.66,3,3,2093.66,0.0,0.0,0.0,0.0,69788.666667
1651321,IT,CY,WEARI,93197,0.02,2093.537,3,3,2093.537,0.0,0.0,0.0,0.0,104676.85
1796339,IT,WL,RETAI,GASDI,0.02,2093.449,3,3,2093.449,0.0,0.0,0.0,0.0,104672.45
1771607,IT,CH,TEXTI,TEXT1,0.01,2093.283,3,3,2093.283,0.0,0.0,0.0,0.0,209328.3
1650803,IT,BG,LANDT,FISHF,0.01,2093.091,3,3,2093.091,0.0,0.0,0.0,0.0,209309.1
1776380,IT,TR,PRINT,NONME,0.02,2092.957,3,3,2092.957,0.0,0.0,0.0,0.0,104647.85
1797589,IT,WL,HEALT,NFERT,0.01,2092.94,3,3,2092.94,0.0,0.0,0.0,0.0,209294.0
1661485,IT,DK,FOOD5,NATUR,0.01,2092.502,3,3,2092.502,0.0,0.0,0.0,0.0,209250.2
1770370,IT,AU,LANDT,TEXTI,0.01,2092.054,3,3,2092.054,0.0,0.0,0.0,0.0,209205.4
1643047,IT,AT,CONST,93197,0.01,2092.044,3,3,2092.044,0.0,0.0,0.0,0.0,209204.4
1729976,IT,SE,CONST,PUBLI,0.01,2091.941,3,3,2091.941,0.0,0.0,0.0,0.0,209194.1
1740505,IT,GB,MEMBE,MACHI,0.02,2091.595,3,3,2091.595,0.0,0.0,0.0,0.0,104579.75
1734087,IT,SI,INSUR,ELEC4,0.04,2091.511,3,3,2091.511,0.0,0.0,0.0,0.0,52287.775
1648355,IT,BE,INTER,BUSIN,0.01,2091.487,3,3,2091.487,0.0,0.0,0.0,0.0,209148.7
1642700,IT,AT,MACHI,NATUR,0.01,2091.248,3,3,2091.248,0.0,0.0,0.0,0.0,209124.8
1687297,IT,HU,RETA1,NATUR,0.02,2090.973,3,3,2090.973,0.0,0.0,0.0,0.0,104548.65
1690466,IT,IE,PAPE4,BASIC,0.01,2090.888,3,3,2090.888,0.0,0.0,0.0,0.0,209088.8
1766950,IT,RU,MOTO1,CHEM1,0.01,2090.84,3,3,2090.84,0.0,0.0,0.0,0.0,209084.0
1750673,IT,CN,MOTO1,BRICK,0.01,2090.666,3,3,2090.666,0.0,0.0,0.0,0.0,209066.6
1712254,IT,LV,PRINT,FINAN,0.02,2090.661,3,3,2090.661,0.0,0.0,0.0,0.0,104533.05
1655981,IT,DE,FOOD5,CHARC,0.01,2090.53,3,3,2090.53,0.0,0.0,0.0,0.0,209053.0
1672331,IT,FI,RESEA,TRANS,0.01,2090.525,3,3,2090.525,0.0,0.0,0.0,0.0,209052.5
1734211,IT,SI,RENTI,FORES,0.01,2090.507,3,3,2090.507,0.0,0.0,0.0,0.0,209050.7
1733385,IT,SI,TRANS,TEXT2,0.01,2090.408,3,3,2090.408,0.0,0.0,0.0,0.0,209040.8
1726516,IT,RO,MACHI,TRAN1,0.01,2090.391,3,3,2090.391,0.0,0.0,0.0,0.0,209039.1
1739272,IT,GB,HOTEL,PULP5,0.02,2090.346,3,3,2090.346,0.0,0.0,0.0,0.0,104517.3
1646767,IT,BE,CONST,SEACO,0.01,2090.252,3,3,2090.252,0.0,0.0,0.0,0.0,209025.2
1678671,IT,GR,MEAT4,SEACO,0.01,2090.22,3,3,2090.22,0.0,0.0,0.0,0.0,209022.0
1751303,IT,CN,RAILW,LANDT,0.01,2090.123,3,3,2090.123,0.0,0.0,0.0,0.0,209012.3
1741147,IT,US,LEATH,FORES,0.01,2089.85,3,3,2089.85,0.0,0.0,0.0,0.0,208985.0
1675989,IT,FR,ELEC5,FOOD5,0.03,2089.805,3,3,2089.805,0.0,0.0,0.0,0.0,69660.166667
1727035,IT,RO,RAILW,PAPER,0.01,2089.781,3,3,2089.781,0.0,0.0,0.0,0.0,208978.1
1765153,IT,MX,BUSIN,HEAVY,0.02,2089.704,3,3,2089.704,0.0,0.0,0.0,0.0,104485.2
1717909,IT,PL,FORES,FABRI,0.02,2089.61,4,4,2088.61,0.0,1.0,0.0,0.0,104480.5
1688036,IT,HU,COMPU,TOBAC,0.02,2089.516,3,3,2089.516,0.0,0.0,0.0,0.0,104475.8
1771350,IT,CH,PROCE,CEMEN,0.01,2089.415,3,3,2089.415,0.0,0.0,0.0,0.0,208941.5
1792942,IT,WA,PAPE1,OFFIC,0.01,2089.409,3,3,2089.409,0.0,0.0,0.0,0.0,208940.9
1748546,IT,CN,MEAT4,HEALT,0.01,2089.362,3,3,2089.362,0.0,0.0,0.0,0.0,208936.2
1765739,IT,RU,PRINT,BASIC,0.02,2088.631,3,3,2088.631,0.0,0.0,0.0,0.0,104431.55
1758577,IT,BR,MOTO1,LEATH,0.01,2088.546,3,3,2088.546,0.0,0.0,0.0,0.0,208854.6
1655069,IT,CZ,COMPU,ELECT,0.02,2088.514,3,3,2088.514,0.0,0.0,0.0,0.0,104425.7
1669651,IT,ES,COMPU,CROPS,0.02,2088.454,3,3,2088.454,0.0,0.0,0.0,0.0,104422.7
1779416,IT,TR,REALE,RUBBE,0.09,2088.233,3,3,2088.233,0.0,0.0,0.0,0.0,23202.588889
1670547,IT,FI,TEXTI,PFERT,0.01,2088.153,3,3,2088.153,0.0,0.0,0.0,0.0,208815.3
1685353,IT,HU,LEATH,FORES,0.01,2087.821,3,3,2087.821,0.0,0.0,0.0,0.0,208782.1
1754241,IT,CA,POSTT,ELECT,0.03,2087.812,3,3,2087.812,0.0,0.0,0.0,0.0,69593.733333
1785001,IT,ID,RENTI,WOODW,0.01,2087.712,3,3,2087.712,0.0,0.0,0.0,0.0,208771.2
1764935,IT,MX,SUPPO,BUSIN,0.02,2087.084,3,3,2087.084,0.0,0.0,0.0,0.0,104354.2
1759905,IT,BR,PAPE1,FINAN,0.01,2086.949,3,3,2086.949,0.0,0.0,0.0,0.0,208694.9
1783153,IT,NO,REALE,HOTEL,0.09,2086.927,3,3,2086.927,0.0,0.0,0.0,0.0,23188.077778
1721659,IT,PL,FINAN,POULT,0.03,2086.854,3,3,2086.854,0.0,0.0,0.0,0.0,69561.8
1767916,IT,RU,RENTI,GASDI,0.01,2086.639,3,3,2086.639,0.0,0.0,0.0,0.0,208663.9
1747843,IT,JP,RENTI,PIGS9,0.01,2086.605,3,3,2086.605,0.0,0.0,0.0,0.0,208660.5
1672226,IT,FI,REALE,RUBBE,0.09,2086.595,3,3,2086.595,0.0,0.0,0.0,0.0,23184.388889
1665819,IT,ES,PRINT,DAIRY,0.02,2086.499,3,3,2086.499,0.0,0.0,0.0,0.0,104324.95
1798031,IT,WL,TEXT2,FISH5,0.02,2086.455,3,3,2086.455,0.0,0.0,0.0,0.0,104322.75
1670057,IT,ES,FOOD2,TRANS,0.01,2086.334,3,3,2086.334,0.0,0.0,0.0,0.0,208633.4
1762844,IT,IN,PUBLI,SALEM,0.03,2086.297,3,3,2086.297,0.0,0.0,0.0,0.0,69543.233333
1796531,IT,WL,RETA1,ELEC5,0.02,2086.219,3,3,2086.219,0.0,0.0,0.0,0.0,104310.95
1802036,IT,WE,WHOLE,DISTR,0.02,2085.991,3,3,2085.991,0.0,0.0,0.0,0.0,104299.55
1677414,IT,FR,INSUR,ELEC5,0.04,2085.902,3,3,2085.902,0.0,0.0,0.0,0.0,52147.55
1721694,IT,PL,FINAN,TRAN1,0.03,2085.893,3,3,2085.893,0.0,0.0,0.0,0.0,69529.766667
1646980,IT,BE,RETA1,CHEMI,0.02,2085.693,3,3,2085.693,0.0,0.0,0.0,0.0,104284.65
1687779,IT,HU,SUPPO,INERT,0.01,2085.685,3,3,2085.685,0.0,0.0,0.0,0.0,208568.5
1711667,IT,LU,COMPU,INSUR,0.02,2085.605,3,3,2085.605,0.0,0.0,0.0,0.0,104280.25
1745161,IT,US,93197,INSUR,0.01,2085.498,3,3,2085.498,0.0,0.0,0.0,0.0,208549.8
1647702,IT,BE,INSUR,TEXTI,0.04,2085.489,3,3,2085.489,0.0,0.0,0.0,0.0,52137.225
1683993,IT,HR,WHOLE,RECRE,0.02,2085.329,3,3,2085.329,0.0,0.0,0.0,0.0,104266.45
1783887,IT,NO,WOOD2,BUSIN,0.01,2085.249,3,3,2085.249,0.0,0.0,0.0,0.0,208524.9
1774797,IT,CH,POSTT,PREC1,0.03,2085.043,3,3,2085.043,0.0,0.0,0.0,0.0,69501.433333
1654931,IT,CZ,INSUR,NONSP,0.04,2084.923,3,3,2084.923,0.0,0.0,0.0,0.0,52123.075
1781639,IT,NO,LEATH,FOOD5,0.01,2084.829,3,3,2084.829,0.0,0.0,0.0,0.0,208482.9
1787069,IT,ZA,BUSIN,POULT,0.02,2084.67,3,3,2084.67,0.0,0.0,0.0,0.0,104233.5
1755093,IT,KR,LEATH,SANDC,0.01,2084.551,3,3,2084.551,0.0,0.0,0.0,0.0,208455.1
1767729,IT,RU,FINAN,WHOLE,0.03,2084.363,3,3,2084.363,0.0,0.0,0.0,0.0,69478.766667
1802725,IT,WE,RESEA,BEVER,0.01,2084.292,3,3,2084.292,0.0,0.0,0.0,0.0,208429.2
1768360,IT,AU,MEAT4,MACHI,0.01,2084.288,3,3,2084.288,0.0,0.0,0.0,0.0,208428.8
1808725,IT,WF,TEXT2,COPP1,0.02,2084.287,3,3,2084.287,0.0,0.0,0.0,0.0,104214.35
1728425,IT,SE,WEARI,ELEC3,0.02,2084.138,3,3,2084.138,0.0,0.0,0.0,0.0,104206.9
1718241,IT,PL,PROCE,RENTI,0.01,2084.076,3,3,2084.076,0.0,0.0,0.0,0.0,208407.6
1684317,IT,HR,SUPPO,TOBAC,0.01,2084.018,3,3,2084.018,0.0,0.0,0.0,0.0,208401.8
1687460,IT,HU,RAILW,DIST1,0.01,2083.826,3,3,2083.826,0.0,0.0,0.0,0.0,208382.6
1792629,IT,WA,RESEA,OILSE,0.01,2083.725,3,3,2083.725,0.0,0.0,0.0,0.0,208372.5
1768790,IT,AU,LEATH,CROPS,0.01,2083.65,3,3,2083.65,0.0,0.0,0.0,0.0,208365.0
1660647,IT,DE,REALE,AIRTR,0.09,2083.594,3,3,2083.594,0.0,0.0,0.0,0.0,23151.044444
1676094,IT,FR,ELEC8,WOODW,0.03,2083.593,3,3,2083.593,0.0,0.0,0.0,0.0,69453.1
1733986,IT,SI,SUPPO,OILHA,0.01,2083.561,3,3,2083.561,0.0,0.0,0.0,0.0,208356.1
1802876,IT,WE,INERT,93197,0.02,2083.533,3,3,2083.533,0.0,0.0,0.0,0.0,104176.65
1792395,IT,WA,INSUR,KEROS,0.04,2083.531,3,3,2083.531,0.0,0.0,0.0,0.0,52088.275
1808567,IT,WF,PAPE4,DIST1,0.01,2083.444,3,3,2083.444,0.0,0.0,0.0,0.0,208344.4
1684624,IT,HR,FOOD4,SECO9,0.02,2083.312,3,3,2083.312,0.0,0.0,0.0,0.0,104165.6
1768014,IT,RU,BUSIN,FISHF,0.02,2083.236,3,3,2083.236,0.0,0.0,0.0,0.0,104161.8
1643730,IT,AT,SUPPO,ELEC5,0.01,2083.2,3,3,2083.2,0.0,0.0,0.0,0.0,208320.0
1676569,IT,FR,HOTEL,WHITE,0.02,2083.004,3,3,2083.004,0.0,0.0,0.0,0.0,104150.2
1764179,IT,MX,MACHI,ANTHR,0.01,2082.981,3,3,2082.981,0.0,0.0,0.0,0.0,208298.1
1736470,IT,SK,LANDT,93197,0.01,2082.868,3,3,2082.868,0.0,0.0,0.0,0.0,208286.8
1741359,IT,US,PRINT,BIOGA,0.02,2082.765,3,3,2082.765,0.0,0.0,0.0,0.0,104138.25
1761868,IT,IN,MOTO1,93197,0.01,2082.687,3,3,2082.687,0.0,0.0,0.0,0.0,208268.7
1659562,IT,DE,HOTEL,RAWMI,0.02,2082.679,3,3,2082.679,0.0,0.0,0.0,0.0,104133.95
1650150,IT,BG,MOTO1,HEAVY,0.01,2082.423,3,3,2082.423,0.0,0.0,0.0,0.0,208242.3
1770549,IT,AU,SUPPO,DISTR,0.01,2082.074,3,3,2082.074,0.0,0.0,0.0,0.0,208207.4
1764182,IT,MX,MACHI,LIGNI,0.01,2081.944,3,3,2081.944,0.0,0.0,0.0,0.0,208194.4
1677472,IT,FR,AUXIL,NATUR,0.04,2081.845,3,3,2081.845,0.0,0.0,0.0,0.0,52046.125
1670588,IT,FI,TEXTI,SEWAG,0.01,2081.665,3,3,2081.665,0.0,0.0,0.0,0.0,208166.5
1688595,IT,IE,PRINT,PUBLI,0.02,2081.484,3,3,2081.484,0.0,0.0,0.0,0.0,104074.2
1739257,IT,GB,HOTEL,NATU1,0.02,2081.451,3,3,2081.451,0.0,0.0,0.0,0.0,104072.55
1767915,IT,RU,RENTI,MOTOR,0.01,2081.331,3,3,2081.331,0.0,0.0,0.0,0.0,208133.1
1726762,IT,RO,SALEM,ELEC5,0.02,2081.329,3,3,2081.329,0.0,0.0,0.0,0.0,104066.45
1751762,IT,CN,AUXIL,WEARI,0.04,2081.323,3,3,2081.323,0.0,0.0,0.0,0.0,52033.075
1802655,IT,WE,RENTI,MOTOR,0.01,2081.313,3,3,2081.313,0.0,0.0,0.0,0.0,208131.3
1782502,IT,NO,MACHI,PAPE4,0.01,2081.302,3,3,2081.302,0.0,0.0,0.0,0.0,208130.2
1782631,IT,NO,SALEM,NATUR,0.02,2081.169,3,3,2081.169,0.0,0.0,0.0,0.0,104058.45
1672098,IT,FI,POSTT,FOOD5,0.03,2080.683,3,3,2080.683,0.0,0.0,0.0,0.0,69356.1
1793274,IT,WA,PRIVA,PLAST,0.46,2080.633,3,3,2080.633,0.0,0.0,0.0,0.0,4523.115217
1648971,IT,BG,LEATH,FOOD5,0.01,2080.422,3,3,2080.422,0.0,0.0,0.0,0.0,208042.2
1785019,IT,ID,BUSIN,MOTOR,0.02,2080.335,3,3,2080.335,0.0,0.0,0.0,0.0,104016.75
1782973,IT,NO,SUPPO,OFFIC,0.01,2080.148,3,3,2080.148,0.0,0.0,0.0,0.0,208014.8
1712774,IT,LV,LANDT,RAILW,0.01,2080.113,3,3,2080.113,0.0,0.0,0.0,0.0,208011.3
1733596,IT,SI,HOTEL,MEATA,0.02,2080.003,3,3,2080.003,0.0,0.0,0.0,0.0,104000.15
1757341,IT,BR,TEXTI,TRANS,0.01,2079.847,3,3,2079.847,0.0,0.0,0.0,0.0,207984.7
1786669,IT,ZA,WHOLE,RADIO,0.02,2079.803,3,3,2079.803,0.0,0.0,0.0,0.0,103990.15
1717605,IT,NL,RESEA,REALE,0.01,2079.757,3,3,2079.757,0.0,0.0,0.0,0.0,207975.7
1647160,IT,BE,RAILW,DAIRY,0.01,2079.715,3,3,2079.715,0.0,0.0,0.0,0.0,207971.5
1775306,IT,CH,BUSIN,TRAN1,0.02,2079.691,3,3,2079.691,0.0,0.0,0.0,0.0,103984.55
1721053,IT,PL,HOTEL,FOUND,0.02,2079.531,3,3,2079.531,0.0,0.0,0.0,0.0,103976.55
1810168,IT,WM,WEARI,TRAN1,0.02,2079.412,3,3,2079.412,0.0,0.0,0.0,0.0,103970.6
1748985,IT,CN,LEATH,MEAT4,0.01,2079.211,3,3,2079.211,0.0,0.0,0.0,0.0,207921.1
1782636,IT,NO,SALEM,CHEM1,0.02,2079.174,3,3,2079.174,0.0,0.0,0.0,0.0,103958.7
1747288,IT,JP,WHOLE,COPP1,0.02,2079.085,3,3,2079.085,0.0,0.0,0.0,0.0,103954.25
1733468,IT,SI,SALEM,WHOLE,0.02,2079.028,3,3,2079.028,0.0,0.0,0.0,0.0,103951.4
1802091,IT,WE,RETA1,MOTOR,0.02,2078.834,3,3,2078.834,0.0,0.0,0.0,0.0,103941.7
1807530,IT,WF,RENTI,MEDIC,0.01,2078.797,3,3,2078.797,0.0,0.0,0.0,0.0,207879.7
1671769,IT,FI,RETAI,BUSIN,0.02,2078.748,3,3,2078.748,0.0,0.0,0.0,0.0,103937.4
1807434,IT,WF,INSUR,POSTT,0.04,2078.627,3,3,2078.627,0.0,0.0,0.0,0.0,51965.675
1655033,IT,CZ,REALE,SUPPO,0.09,2078.614,3,3,2078.614,0.0,0.0,0.0,0.0,23095.711111
1712128,IT,LV,WEARI,CEMEN,0.02,2078.612,3,3,2078.612,0.0,0.0,0.0,0.0,103930.6
1660181,IT,DE,SUPPO,ELEC7,0.01,2078.329,3,3,2078.329,0.0,0.0,0.0,0.0,207832.9
1659225,IT,DE,SALEM,MEATP,0.02,2078.013,3,3,2078.013,0.0,0.0,0.0,0.0,103900.65
1756879,IT,KR,POSTT,POSTT,0.03,2077.737,3,3,2077.737,0.0,0.0,0.0,0.0,69257.9
1689411,IT,IE,HOTEL,MEATP,0.02,2077.633,3,3,2077.633,0.0,0.0,0.0,0.0,103881.65
1753953,IT,CA,LANDT,TOBAC,0.01,2077.602,3,3,2077.602,0.0,0.0,0.0,0.0,207760.2
1665815,IT,ES,PRINT,MEATC,0.02,2077.58,3,3,2077.58,0.0,0.0,0.0,0.0,103879.0
1791339,IT,WA,SALEM,MOTOR,0.02,2077.528,3,3,2077.528,0.0,0.0,0.0,0.0,103876.4
1783049,IT,NO,INSUR,PAPER,0.04,2077.397,3,3,2077.397,0.0,0.0,0.0,0.0,51934.925
1791589,IT,WA,RETA1,MEMBE,0.02,2077.385,3,3,2077.385,0.0,0.0,0.0,0.0,103869.25
1650713,IT,BG,HOTEL,PAPER,0.02,2077.026,3,3,2077.026,0.0,0.0,0.0,0.0,103851.3
1711894,IT,LU,OILHA,HOTEL,0.01,2076.8,3,3,2076.8,0.0,0.0,0.0,0.0,207680.0
1734457,IT,SK,FORES,RETA1,0.02,2076.697,4,4,2075.697,0.0,1.0,0.0,0.0,103834.85
1728329,IT,SE,TEXTI,CROPS,0.01,2076.687,3,3,2076.687,0.0,0.0,0.0,0.0,207668.7
1734218,IT,SI,RENTI,ALUM1,0.01,2076.682,3,3,2076.682,0.0,0.0,0.0,0.0,207668.2
1751944,IT,CN,COMPU,INLAN,0.02,2076.501,3,3,2076.501,0.0,0.0,0.0,0.0,103825.05
1678559,IT,GR,CROPS,PIGS9,0.02,2076.366,3,3,2076.366,0.0,0.0,0.0,0.0,103818.3
1660710,IT,DE,RENTI,COPP1,0.01,2076.361,3,3,2076.361,0.0,0.0,0.0,0.0,207636.1
1644431,IT,BE,MEAT4,INTER,0.01,2076.278,3,3,2076.278,0.0,0.0,0.0,0.0,207627.8
1669964,IT,ES,EDUCA,RETAI,0.05,2076.249,3,3,2076.249,0.0,0.0,0.0,0.0,41524.98
1670091,IT,ES,FOOD4,ELEC3,0.02,2076.055,3,3,2076.055,0.0,0.0,0.0,0.0,103802.75
1813743,IT,WM,HOTEL,NFERT,0.02,2076.054,3,3,2076.054,0.0,0.0,0.0,0.0,103802.7
1744597,IT,US,RENTI,WOODW,0.01,2076.022,3,3,2076.022,0.0,0.0,0.0,0.0,207602.2
1778076,IT,TR,MOTO1,STONE,0.01,2075.931,3,3,2075.931,0.0,0.0,0.0,0.0,207593.1
1717778,IT,NL,FOODW,RUBBE,0.02,2075.681,3,3,2075.681,0.0,0.0,0.0,0.0,103784.05
1677598,IT,FR,REALE,ALUM1,0.09,2075.68,3,3,2075.68,0.0,0.0,0.0,0.0,23063.111111
1717525,IT,NL,RENTI,MOTOR,0.01,2075.373,3,3,2075.373,0.0,0.0,0.0,0.0,207537.3
1759332,IT,BR,FINAN,RAWMI,0.03,2075.306,3,3,2075.306,0.0,0.0,0.0,0.0,69176.866667
1722232,IT,PL,EDUCA,COMPU,0.05,2075.286,3,3,2075.286,0.0,0.0,0.0,0.0,41505.72
1646931,IT,BE,WHOLE,BLAST,0.02,2075.213,3,3,2075.213,0.0,0.0,0.0,0.0,103760.65
1791492,IT,WA,WHOLE,MEMBE,0.02,2075.201,3,3,2075.201,0.0,0.0,0.0,0.0,103760.05
1711520,IT,LU,POSTT,MOTO1,0.03,2074.982,3,3,2074.982,0.0,0.0,0.0,0.0,69166.066667
1767855,IT,RU,AUXIL,COLLE,0.04,2074.774,3,3,2074.774,0.0,0.0,0.0,0.0,51869.35
1724818,IT,PT,COMPU,RENTI,0.02,2074.544,3,3,2074.544,0.0,0.0,0.0,0.0,103727.2
1650405,IT,BG,ELEC4,PAPER,0.03,2074.388,3,3,2074.388,0.0,0.0,0.0,0.0,69146.266667
1714442,IT,NL,MEATA,LIQUI,0.01,2074.379,3,3,2074.379,0.0,0.0,0.0,0.0,207437.9
1725776,IT,RO,PRINT,FURNI,0.02,2074.27,3,3,2074.27,0.0,0.0,0.0,0.0,103713.5
1808002,IT,WF,INTER,CROPS,0.01,2074.053,3,3,2074.053,0.0,0.0,0.0,0.0,207405.3
1792849,IT,WA,EDUCA,CHARC,0.05,2074.021,3,3,2074.021,0.0,0.0,0.0,0.0,41480.42
1745169,IT,US,PRIVA,RECRE,0.46,2073.896,3,3,2073.896,0.0,0.0,0.0,0.0,4508.469565
1782705,IT,NO,RETA1,STONE,0.02,2073.742,3,3,2073.742,0.0,0.0,0.0,0.0,103687.1
1669073,IT,ES,SUPPO,ELEC7,0.01,2073.736,3,3,2073.736,0.0,0.0,0.0,0.0,207373.6
1672097,IT,FI,POSTT,DAIRY,0.03,2073.689,3,3,2073.689,0.0,0.0,0.0,0.0,69122.966667
1709454,IT,LT,TEXTI,MACHI,0.01,2073.635,3,3,2073.635,0.0,0.0,0.0,0.0,207363.5
1809498,IT,WM,MEAT4,STONE,0.01,2073.566,3,3,2073.566,0.0,0.0,0.0,0.0,207356.6
1713981,IT,MT,WHOLE,BRICK,0.02,2073.437,3,3,2073.437,0.0,0.0,0.0,0.0,103671.85
1748787,IT,CN,TEXTI,LIQUE,0.01,2073.314,3,3,2073.314,0.0,0.0,0.0,0.0,207331.4
1739415,IT,GB,LANDT,SUGAR,0.01,2073.212,3,3,2073.212,0.0,0.0,0.0,0.0,207321.2
1736603,IT,SK,POSTT,HOTEL,0.03,2073.184,3,3,2073.184,0.0,0.0,0.0,0.0,69106.133333
1677579,IT,FR,REALE,MOTOR,0.09,2073.08,3,3,2073.08,0.0,0.0,0.0,0.0,23034.222222
1807871,IT,WF,PAPE1,ELEC2,0.01,2072.767,3,3,2072.767,0.0,0.0,0.0,0.0,207276.7
1643141,IT,AT,RETA1,PREC1,0.02,2072.655,3,3,2072.655,0.0,0.0,0.0,0.0,103632.75
1797047,IT,WL,SUPPO,BASIC,0.01,2072.654,3,3,2072.654,0.0,0.0,0.0,0.0,207265.4
1662651,IT,DK,MACHI,LIQUE,0.01,2072.555,3,3,2072.555,0.0,0.0,0.0,0.0,207255.5
1688973,IT,IE,MACHI,SANDC,0.01,2072.309,3,3,2072.309,0.0,0.0,0.0,0.0,207230.9
1813888,IT,WM,LANDT,ELECT,0.01,2072.265,3,3,2072.265,0.0,0.0,0.0,0.0,207226.5
1740577,IT,US,CROPS,WHOLE,0.02,2072.159,3,3,2072.159,0.0,0.0,0.0,0.0,103607.95
1784932,IT,ID,FINAN,AUXIL,0.03,2071.966,3,3,2071.966,0.0,0.0,0.0,0.0,69065.533333
1751287,IT,CN,RAILW,NATUR,0.01,2071.939,3,3,2071.939,0.0,0.0,0.0,0.0,207193.9
1745217,IT,JP,FORES,RUBBE,0.02,2071.908,4,4,2070.908,0.0,1.0,0.0,0.0,103595.4
1744988,IT,US,BUSIN,WOOD2,0.02,2071.837,3,3,2071.837,0.0,0.0,0.0,0.0,103591.85
1641173,IT,AT,PRINT,NONME,0.02,2071.792,3,3,2071.792,0.0,0.0,0.0,0.0,103589.6
1743197,IT,US,TRANS,TEXTI,0.01,2071.742,3,3,2071.742,0.0,0.0,0.0,0.0,207174.2
1783110,IT,NO,INSUR,FOOD2,0.04,2071.565,3,3,2071.565,0.0,0.0,0.0,0.0,51789.125
1733508,IT,SI,WHOLE,MOTO1,0.02,2071.509,3,3,2071.509,0.0,0.0,0.0,0.0,103575.45
1733722,IT,SI,RAILW,INERT,0.01,2071.421,3,3,2071.421,0.0,0.0,0.0,0.0,207142.1
1754510,IT,CA,BUSIN,PREC1,0.02,2071.201,3,3,2071.201,0.0,0.0,0.0,0.0,103560.05
1760097,IT,BR,FOOD1,SUPPO,0.01,2071.17,3,3,2071.17,0.0,0.0,0.0,0.0,207117.0
1775559,IT,CH,INERT,POSTT,0.02,2071.02,3,3,2071.02,0.0,0.0,0.0,0.0,103551.0
1793078,IT,WA,INERT,SANDC,0.02,2070.971,3,3,2070.971,0.0,0.0,0.0,0.0,103548.55
1756527,IT,KR,WHOLE,HOTEL,0.02,2070.96,3,3,2070.96,0.0,0.0,0.0,0.0,103548.0
1762121,IT,IN,RAILW,OFFIC,0.01,2070.836,3,3,2070.836,0.0,0.0,0.0,0.0,207083.6
1687941,IT,HU,RENTI,MEATC,0.01,2070.781,3,3,2070.781,0.0,0.0,0.0,0.0,207078.1
1759390,IT,BR,INSUR,CROPS,0.04,2070.645,3,3,2070.645,0.0,0.0,0.0,0.0,51766.125
1671675,IT,FI,CONST,INSUR,0.01,2070.626,3,3,2070.626,0.0,0.0,0.0,0.0,207062.6
1726502,IT,RO,MACHI,GASDI,0.01,2070.599,3,3,2070.599,0.0,0.0,0.0,0.0,207059.9
1768019,IT,RU,BUSIN,IRONO,0.02,2069.902,3,3,2069.902,0.0,0.0,0.0,0.0,103495.1
1778730,IT,TR,RAILW,SUPPO,0.01,2069.861,3,3,2069.861,0.0,0.0,0.0,0.0,206986.1
1735934,IT,SK,MOTO1,TEXTI,0.01,2069.827,3,3,2069.827,0.0,0.0,0.0,0.0,206982.7
1807515,IT,WF,RENTI,MOTOR,0.01,2069.654,3,3,2069.654,0.0,0.0,0.0,0.0,206965.4
1646978,IT,BE,RETA1,STONE,0.02,2069.641,3,3,2069.641,0.0,0.0,0.0,0.0,103482.05
1668212,IT,ES,RETAI,FISH5,0.02,2069.555,3,3,2069.555,0.0,0.0,0.0,0.0,103477.75
1744368,IT,US,INSUR,GASDI,0.04,2069.471,3,3,2069.471,0.0,0.0,0.0,0.0,51736.775
1735977,IT,SK,MOTO1,EDUCA,0.01,2069.405,3,3,2069.405,0.0,0.0,0.0,0.0,206940.5
1775547,IT,CH,PAPE4,CHEM1,0.01,2069.33,3,3,2069.33,0.0,0.0,0.0,0.0,206933.0
1642697,IT,AT,MACHI,RAWMI,0.01,2069.186,3,3,2069.186,0.0,0.0,0.0,0.0,206918.6
1786763,IT,ZA,HOTEL,STONE,0.01,2069.038,3,3,2069.038,0.0,0.0,0.0,0.0,206903.8
1754159,IT,CA,SUPPO,PRINT,0.01,2068.993,3,3,2068.993,0.0,0.0,0.0,0.0,206899.3
1689502,IT,IE,LANDT,FOOD5,0.01,2068.882,3,3,2068.882,0.0,0.0,0.0,0.0,206888.2
1778521,IT,TR,RETA1,FISH5,0.02,2068.57,3,3,2068.57,0.0,0.0,0.0,0.0,103428.5
1757338,IT,BR,TEXTI,MACHI,0.01,2068.556,3,3,2068.556,0.0,0.0,0.0,0.0,206855.6
1714243,IT,MT,REALE,REALE,0.09,2068.518,3,3,2068.518,0.0,0.0,0.0,0.0,22983.533333
1688492,IT,IE,LEATH,SECO9,0.01,2068.174,3,3,2068.174,0.0,0.0,0.0,0.0,206817.4
1650980,IT,BG,SUPPO,GLASS,0.01,2067.979,3,3,2067.979,0.0,0.0,0.0,0.0,206797.9
1751531,IT,CN,SUPPO,RENTI,0.01,2067.979,3,3,2067.979,0.0,0.0,0.0,0.0,206797.9
1722243,IT,PL,HEALT,COPP1,0.01,2067.954,3,3,2067.954,0.0,0.0,0.0,0.0,206795.4
1774825,IT,CH,POSTT,INLAN,0.03,2067.917,3,3,2067.917,0.0,0.0,0.0,0.0,68930.566667
1711267,IT,LU,MOTO1,BUSIN,0.01,2067.773,3,3,2067.773,0.0,0.0,0.0,0.0,206777.3
1651940,IT,CY,BUSIN,CERAM,0.02,2067.715,3,3,2067.715,0.0,0.0,0.0,0.0,103385.75
1758492,IT,BR,MACHI,CHARC,0.01,2067.546,3,3,2067.546,0.0,0.0,0.0,0.0,206754.6
1747414,IT,JP,LANDT,PADDY,0.01,2067.532,3,3,2067.532,0.0,0.0,0.0,0.0,206753.2
1690185,IT,IE,BUSIN,PAPER,0.02,2067.442,3,3,2067.442,0.0,0.0,0.0,0.0,103372.1
1683750,IT,HR,MACHI,ELEC2,0.01,2067.374,3,3,2067.374,0.0,0.0,0.0,0.0,206737.4
1718884,IT,PL,PRINT,COKIN,0.02,2067.26,3,3,2067.26,0.0,0.0,0.0,0.0,103363.0
1740074,IT,GB,RENTI,TEXT1,0.01,2067.136,3,3,2067.136,0.0,0.0,0.0,0.0,206713.6
1745025,IT,US,PUBLI,ETHAN,0.03,2067.119,3,3,2067.119,0.0,0.0,0.0,0.0,68903.966667
1756874,IT,KR,POSTT,TRAN2,0.03,2067.099,3,3,2067.099,0.0,0.0,0.0,0.0,68903.3
1775888,IT,TR,PROCE,LEATH,0.01,2067.029,3,3,2067.029,0.0,0.0,0.0,0.0,206702.9
1688042,IT,HU,COMPU,MOTOR,0.02,2066.939,3,3,2066.939,0.0,0.0,0.0,0.0,103346.95
1782839,IT,NO,LANDT,DAIRY,0.01,2066.869,3,3,2066.869,0.0,0.0,0.0,0.0,206686.9
1796726,IT,WL,LANDT,MEATC,0.01,2066.552,3,3,2066.552,0.0,0.0,0.0,0.0,206655.2
1748158,IT,JP,FOODW,LEATH,0.02,2066.481,3,3,2066.481,0.0,0.0,0.0,0.0,103324.05
1744878,IT,US,BUSIN,VEGE1,0.02,2066.475,3,3,2066.475,0.0,0.0,0.0,0.0,103323.75
1814314,IT,WM,FINAN,TEXTI,0.03,2066.384,3,3,2066.384,0.0,0.0,0.0,0.0,68879.466667
1681334,IT,GR,INSUR,MEDIC,0.04,2066.329,3,3,2066.329,0.0,0.0,0.0,0.0,51658.225
1683851,IT,HR,MOTO1,COLLE,0.01,2065.984,3,3,2065.984,0.0,0.0,0.0,0.0,206598.4
1762331,IT,IN,SUPPO,NFERT,0.01,2065.965,3,3,2065.965,0.0,0.0,0.0,0.0,206596.5
1764794,IT,MX,LANDT,FOUND,0.01,2065.732,3,3,2065.732,0.0,0.0,0.0,0.0,206573.2
1734669,IT,SK,WEARI,HOTEL,0.02,2065.625,3,3,2065.625,0.0,0.0,0.0,0.0,103281.25
1771606,IT,CH,TEXTI,PLAS1,0.01,2065.552,3,3,2065.552,0.0,0.0,0.0,0.0,206555.2
1670603,IT,FI,WEARI,LANDT,0.02,2065.515,3,3,2065.515,0.0,0.0,0.0,0.0,103275.75
1748231,IT,JP,TEXT1,BEVER,0.02,2065.453,3,3,2065.453,0.0,0.0,0.0,0.0,103272.65
1802657,IT,WE,RENTI,HEAVY,0.01,2065.373,3,3,2065.373,0.0,0.0,0.0,0.0,206537.3
1759708,IT,BR,BUSIN,IRONO,0.02,2065.088,3,3,2065.088,0.0,0.0,0.0,0.0,103254.4
1659081,IT,DE,ELEC4,PUBLI,0.03,2064.976,3,3,2064.976,0.0,0.0,0.0,0.0,68832.533333
1656218,IT,DE,TEXTI,TRAN2,0.01,2064.923,3,3,2064.923,0.0,0.0,0.0,0.0,206492.3
1792910,IT,WA,HEALT,CHARC,0.01,2064.902,3,3,2064.902,0.0,0.0,0.0,0.0,206490.2
1665395,IT,ES,TEXTI,BRICK,0.01,2064.893,3,3,2064.893,0.0,0.0,0.0,0.0,206489.3
1725805,IT,RO,PRINT,OILHA,0.02,2064.701,3,3,2064.701,0.0,0.0,0.0,0.0,103235.05
1744333,IT,US,FINAN,RETAI,0.03,2064.637,3,3,2064.637,0.0,0.0,0.0,0.0,68821.233333
1675978,IT,FR,ELEC4,COMPU,0.03,2064.619,3,3,2064.619,0.0,0.0,0.0,0.0,68820.633333
1670555,IT,FI,TEXTI,BASIC,0.01,2064.451,3,3,2064.451,0.0,0.0,0.0,0.0,206445.1
1669913,IT,ES,PUBLI,93197,0.03,2064.197,3,3,2064.197,0.0,0.0,0.0,0.0,68806.566667
1655242,IT,CZ,RECRE,PFERT,0.03,2063.987,3,3,2063.987,0.0,0.0,0.0,0.0,68799.566667
1784746,IT,ID,WHOLE,BUSIN,0.02,2063.922,3,3,2063.922,0.0,0.0,0.0,0.0,103196.1
1780441,IT,TW,SUPPO,HOTEL,0.01,2063.828,3,3,2063.828,0.0,0.0,0.0,0.0,206382.8
1669233,IT,ES,POSTT,PAPE2,0.03,2063.807,3,3,2063.807,0.0,0.0,0.0,0.0,68793.566667
1647185,IT,BE,RAILW,REALE,0.01,2063.786,3,3,2063.786,0.0,0.0,0.0,0.0,206378.6
1778709,IT,TR,RAILW,COKEO,0.01,2063.737,3,3,2063.737,0.0,0.0,0.0,0.0,206373.7
1734145,IT,SI,AUXIL,RENTI,0.04,2063.724,3,3,2063.724,0.0,0.0,0.0,0.0,51593.1
1729770,IT,SE,MACHI,ELEC2,0.01,2063.72,3,3,2063.72,0.0,0.0,0.0,0.0,206372.0
1733957,IT,SI,SUPPO,ELEC3,0.01,2063.669,3,3,2063.669,0.0,0.0,0.0,0.0,206366.9
1787145,IT,ZA,PUBLI,PULP5,0.03,2063.606,3,3,2063.606,0.0,0.0,0.0,0.0,68786.866667
1715164,IT,NL,LEATH,PAPE1,0.01,2063.291,3,3,2063.291,0.0,0.0,0.0,0.0,206329.1
1734258,IT,SI,COMPU,SALEM,0.02,2063.238,3,3,2063.238,0.0,0.0,0.0,0.0,103161.9
1780493,IT,TW,POSTT,CEMEN,0.03,2063.2,3,3,2063.2,0.0,0.0,0.0,0.0,68773.333333
1725015,IT,PT,PAPE4,LEAD1,0.01,2062.965,3,3,2062.965,0.0,0.0,0.0,0.0,206296.5
1787307,IT,WA,CROPS,PRECI,0.02,2062.739,3,3,2062.739,0.0,0.0,0.0,0.0,103136.95
1684785,IT,HU,MEATA,SECO9,0.01,2062.678,3,3,2062.678,0.0,0.0,0.0,0.0,206267.8
1710694,IT,LU,PROCE,RENTI,0.01,2062.649,3,3,2062.649,0.0,0.0,0.0,0.0,206264.9
1670277,IT,FI,MEATA,WHOLE,0.01,2062.643,3,3,2062.643,0.0,0.0,0.0,0.0,206264.3
1648970,IT,BG,LEATH,LIGNI,0.01,2062.517,3,3,2062.517,0.0,0.0,0.0,0.0,206251.7
1754357,IT,CA,INSUR,SEACO,0.04,2062.475,3,3,2062.475,0.0,0.0,0.0,0.0,51561.875
1767918,IT,RU,RENTI,RUBBE,0.01,2062.353,3,3,2062.353,0.0,0.0,0.0,0.0,206235.3
1647262,IT,BE,LANDT,COKE1,0.01,2062.307,3,3,2062.307,0.0,0.0,0.0,0.0,206230.7
1758587,IT,BR,MOTO1,COPP1,0.01,2062.228,3,3,2062.228,0.0,0.0,0.0,0.0,206222.8
1797041,IT,WL,SUPPO,PLAST,0.01,2062.141,3,3,2062.141,0.0,0.0,0.0,0.0,206214.1
1717043,IT,NL,LANDT,SECO9,0.01,2061.997,3,3,2061.997,0.0,0.0,0.0,0.0,206199.7
1680819,IT,GR,RAILW,ALUM1,0.01,2061.936,3,3,2061.936,0.0,0.0,0.0,0.0,206193.6
1806344,IT,WF,MOTO1,CATTL,0.01,2061.795,3,3,2061.795,0.0,0.0,0.0,0.0,206179.5
1814544,IT,WM,BUSIN,LEADZ,0.02,2061.465,3,3,2061.465,0.0,0.0,0.0,0.0,103073.25
1643130,IT,AT,RETA1,MEAT1,0.02,2061.364,3,3,2061.364,0.0,0.0,0.0,0.0,103068.2
1767811,IT,RU,INSUR,EDUCA,0.04,2061.324,3,3,2061.324,0.0,0.0,0.0,0.0,51533.1
1711804,IT,LU,PUBLI,REALE,0.03,2061.212,3,3,2061.212,0.0,0.0,0.0,0.0,68707.066667
1660377,IT,DE,FINAN,NONF1,0.03,2060.857,3,3,2060.857,0.0,0.0,0.0,0.0,68695.233333
1711622,IT,LU,REALE,RETA1,0.09,2060.823,3,3,2060.823,0.0,0.0,0.0,0.0,22898.033333
1808798,IT,WF,WOOD2,TRAN1,0.01,2060.482,3,3,2060.482,0.0,0.0,0.0,0.0,206048.2
1736914,IT,SK,BUSIN,FOOD4,0.02,2060.456,3,3,2060.456,0.0,0.0,0.0,0.0,103022.8
1808085,IT,WF,TEXT1,BUSIN,0.02,2060.246,3,3,2060.246,0.0,0.0,0.0,0.0,103012.3
1670086,IT,ES,FOOD4,NONME,0.01,2060.167,3,3,2060.167,0.0,0.0,0.0,0.0,206016.7
1796639,IT,WL,HOTEL,TRANS,0.01,2060.166,3,3,2060.166,0.0,0.0,0.0,0.0,206016.6
1669104,IT,ES,SUPPO,OILHA,0.01,2059.895,3,3,2059.895,0.0,0.0,0.0,0.0,205989.5
1722843,IT,PT,PRINT,TOBAC,0.02,2059.714,3,3,2059.714,0.0,0.0,0.0,0.0,102985.7
1721587,IT,PL,POSTT,TEXTI,0.03,2059.617,3,3,2059.617,0.0,0.0,0.0,0.0,68653.9
1735943,IT,SK,MOTO1,CHEM1,0.01,2059.536,3,3,2059.536,0.0,0.0,0.0,0.0,205953.6
1715066,IT,NL,TEXTI,SEWAG,0.01,2059.323,3,3,2059.323,0.0,0.0,0.0,0.0,205932.3
1660614,IT,DE,REALE,ALUM1,0.09,2058.831,3,3,2058.831,0.0,0.0,0.0,0.0,22875.9
1807537,IT,WF,RENTI,RETAI,0.01,2058.689,3,3,2058.689,0.0,0.0,0.0,0.0,205868.9
1792977,IT,WA,INTER,COMPU,0.01,2058.625,3,3,2058.625,0.0,0.0,0.0,0.0,205862.5
1724769,IT,PT,RENTI,CEMEN,0.01,2058.599,3,3,2058.599,0.0,0.0,0.0,0.0,205859.9
1760033,IT,BR,WOOD1,FORES,0.01,2058.536,3,3,2058.536,0.0,0.0,0.0,0.0,205853.6
1727392,IT,RO,FINAN,KEROS,0.03,2058.313,3,3,2058.313,0.0,0.0,0.0,0.0,68610.433333
1770784,IT,AU,COMPU,CEMEN,0.02,2058.141,3,3,2058.141,0.0,0.0,0.0,0.0,102907.05
1757024,IT,KR,BUSIN,COALT,0.02,2058.126,3,3,2058.126,0.0,0.0,0.0,0.0,102906.3
1743329,IT,US,CONST,HOTEL,0.01,2058.112,3,3,2058.112,0.0,0.0,0.0,0.0,205811.2
1717665,IT,NL,BUSIN,GLASS,0.02,2058.1,3,3,2058.1,0.0,0.0,0.0,0.0,102905.0
1724802,IT,PT,COMPU,ELEC5,0.02,2058.011,3,3,2058.011,0.0,0.0,0.0,0.0,102900.55
1669845,IT,ES,BUSIN,PAPE2,0.02,2057.998,3,3,2057.998,0.0,0.0,0.0,0.0,102899.9
1712653,IT,LV,TRANS,WHOLE,0.01,2057.912,3,3,2057.912,0.0,0.0,0.0,0.0,205791.2
1748313,IT,JP,93197,REALE,0.01,2057.829,3,3,2057.829,0.0,0.0,0.0,0.0,205782.9
1744594,IT,US,RENTI,FISH5,0.01,2057.763,3,3,2057.763,0.0,0.0,0.0,0.0,205776.3
1756974,IT,KR,COMPU,CHEM1,0.02,2057.6,3,3,2057.6,0.0,0.0,0.0,0.0,102880.0
1784589,IT,ID,MACHI,BITU1,0.01,2057.393,3,3,2057.393,0.0,0.0,0.0,0.0,205739.3
1721773,IT,PL,INSUR,EDUCA,0.04,2057.327,3,3,2057.327,0.0,0.0,0.0,0.0,51433.175
1764667,IT,MX,RETA1,COMPU,0.02,2057.136,3,3,2057.136,0.0,0.0,0.0,0.0,102856.8
1814914,IT,WM,PRIVA,PAPER,0.46,2057.07,3,3,2057.07,0.0,0.0,0.0,0.0,4471.891304
1791605,IT,WA,HOTEL,ANIMA,0.01,2056.965,3,3,2056.965,0.0,0.0,0.0,0.0,205696.5
1710481,IT,LT,LANDT,POSTT,0.01,2056.812,3,3,2056.812,0.0,0.0,0.0,0.0,205681.2
1724288,IT,PT,LANDT,RADIO,0.01,2056.687,3,3,2056.687,0.0,0.0,0.0,0.0,205668.7
1640499,IT,AT,PROCE,DAIRY,0.01,2056.657,3,3,2056.657,0.0,0.0,0.0,0.0,205665.7
1716649,IT,NL,RETAI,WOOD1,0.02,2056.599,3,3,2056.599,0.0,0.0,0.0,0.0,102829.95
1680258,IT,GR,TRANS,FOOD4,0.01,2056.54,3,3,2056.54,0.0,0.0,0.0,0.0,205654.0
1726904,IT,RO,RETA1,FOOD4,0.02,2056.448,3,3,2056.448,0.0,0.0,0.0,0.0,102822.4
1652137,IT,CZ,MEAT4,MEATA,0.01,2056.404,3,3,2056.404,0.0,0.0,0.0,0.0,205640.4
1718602,IT,PL,LEATH,KEROS,0.01,2056.39,3,3,2056.39,0.0,0.0,0.0,0.0,205639.0
1814753,IT,WM,FOOD2,RUBBE,0.01,2056.375,3,3,2056.375,0.0,0.0,0.0,0.0,205637.5
1779074,IT,TR,SUPPO,BEVER,0.01,2055.673,3,3,2055.673,0.0,0.0,0.0,0.0,205567.3
1757051,IT,KR,BUSIN,NONF1,0.02,2055.672,3,3,2055.672,0.0,0.0,0.0,0.0,102783.6
1718624,IT,PL,LEATH,COLLE,0.01,2055.598,3,3,2055.598,0.0,0.0,0.0,0.0,205559.8
1678258,IT,FR,SEWAG,FOOD4,0.02,2055.499,3,3,2055.499,0.0,0.0,0.0,0.0,102774.95
1764693,IT,MX,HOTEL,PROCE,0.01,2055.463,3,3,2055.463,0.0,0.0,0.0,0.0,205546.3
1747295,IT,JP,WHOLE,RADIO,0.02,2055.449,3,3,2055.449,0.0,0.0,0.0,0.0,102772.45
1651137,IT,BG,RESEA,VEGE1,0.01,2055.415,3,3,2055.415,0.0,0.0,0.0,0.0,205541.5
1736213,IT,SK,RETA1,VEGET,0.02,2055.392,3,3,2055.392,0.0,0.0,0.0,0.0,102769.6
1678231,IT,FR,OILHA,FOOD1,0.01,2055.329,3,3,2055.329,0.0,0.0,0.0,0.0,205532.9
1646469,IT,BE,MACHI,LIQUI,0.01,2055.121,3,3,2055.121,0.0,0.0,0.0,0.0,205512.1
1660774,IT,DE,COMPU,MEATC,0.02,2054.872,3,3,2054.872,0.0,0.0,0.0,0.0,102743.6
1780749,IT,TW,RENTI,LEADZ,0.01,2054.666,3,3,2054.666,0.0,0.0,0.0,0.0,205466.6
1760024,IT,BR,TEXT1,BUSIN,0.02,2054.579,3,3,2054.579,0.0,0.0,0.0,0.0,102728.95
1640504,IT,AT,PROCE,WHOLE,0.01,2054.511,3,3,2054.511,0.0,0.0,0.0,0.0,205451.1
1669332,IT,ES,FINAN,HOTEL,0.03,2054.477,3,3,2054.477,0.0,0.0,0.0,0.0,68482.566667
1710557,IT,LT,INSUR,OILSE,0.04,2054.283,3,3,2054.283,0.0,0.0,0.0,0.0,51357.075
1769758,IT,AU,MACHI,WHITE,0.01,2054.28,3,3,2054.28,0.0,0.0,0.0,0.0,205428.0
1640758,IT,AT,TEXTI,DISTR,0.01,2054.161,3,3,2054.161,0.0,0.0,0.0,0.0,205416.1
1735762,IT,SK,MACHI,NATUR,0.01,2054.12,3,3,2054.12,0.0,0.0,0.0,0.0,205412.0
1643765,IT,AT,POSTT,BEVER,0.03,2054.116,3,3,2054.116,0.0,0.0,0.0,0.0,68470.533333
1718447,IT,PL,TEXTI,OILSE,0.01,2053.916,3,3,2053.916,0.0,0.0,0.0,0.0,205391.6
1798029,IT,WL,INERT,93197,0.02,2053.897,3,3,2053.897,0.0,0.0,0.0,0.0,102694.85
1762724,IT,IN,BUSIN,PETRO,0.02,2053.873,3,3,2053.873,0.0,0.0,0.0,0.0,102693.65
1780010,IT,TW,SALEM,TRANS,0.02,2053.784,3,3,2053.784,0.0,0.0,0.0,0.0,102689.2
1689122,IT,IE,SALEM,LEATH,0.02,2053.765,3,3,2053.765,0.0,0.0,0.0,0.0,102688.25
1689747,IT,IE,FINAN,SEACO,0.03,2053.642,3,3,2053.642,0.0,0.0,0.0,0.0,68454.733333
1722253,IT,PL,RECRE,BEVER,0.03,2053.589,3,3,2053.589,0.0,0.0,0.0,0.0,68452.966667
1669610,IT,ES,RENTI,FOUND,0.01,2053.469,3,3,2053.469,0.0,0.0,0.0,0.0,205346.9
1672579,IT,FR,CROPS,MEAT4,0.02,2053.324,3,3,2053.324,0.0,0.0,0.0,0.0,102666.2
1803948,IT,WF,WEARI,HEALT,0.02,2052.592,3,3,2052.592,0.0,0.0,0.0,0.0,102629.6
1684311,IT,HR,SUPPO,FISHF,0.01,2052.065,3,3,2052.065,0.0,0.0,0.0,0.0,205206.5
1797292,IT,WL,AUXIL,OILSE,0.04,2052.035,3,3,2052.035,0.0,0.0,0.0,0.0,51300.875
1714077,IT,MT,LANDT,POSTT,0.01,2051.479,3,3,2051.479,0.0,0.0,0.0,0.0,205147.9
1689393,IT,IE,RETA1,MEMBE,0.02,2051.348,3,3,2051.348,0.0,0.0,0.0,0.0,102567.4
1663080,IT,DK,RAILW,BEVER,0.01,2051.3,3,3,2051.3,0.0,0.0,0.0,0.0,205130.0
1802863,IT,WE,FOOD4,NICKE,0.01,2051.065,3,3,2051.065,0.0,0.0,0.0,0.0,205106.5
1750926,IT,CN,CONST,ELEC5,0.01,2050.983,3,3,2050.983,0.0,0.0,0.0,0.0,205098.3
1758765,IT,BR,RETA1,MEAT4,0.02,2050.811,3,3,2050.811,0.0,0.0,0.0,0.0,102540.55
1740898,IT,US,PROCE,BIOGA,0.01,2050.693,3,3,2050.693,0.0,0.0,0.0,0.0,205069.3
1649167,IT,BG,PRINT,HEAVY,0.02,2050.517,3,3,2050.517,0.0,0.0,0.0,0.0,102525.85
1651919,IT,CY,RENTI,RENTI,0.01,2050.403,3,3,2050.403,0.0,0.0,0.0,0.0,205040.3
1727691,IT,RO,COMPU,VEGET,0.02,2050.341,3,3,2050.341,0.0,0.0,0.0,0.0,102517.05
1664457,IT,EE,MACHI,FOOD3,0.01,2050.287,3,3,2050.287,0.0,0.0,0.0,0.0,205028.7
1779980,IT,TW,SALEM,FISH5,0.02,2050.054,3,3,2050.054,0.0,0.0,0.0,0.0,102502.7
1736605,IT,SK,POSTT,LANDT,0.03,2049.927,3,3,2049.927,0.0,0.0,0.0,0.0,68330.9
1721731,IT,PL,INSUR,FOOD5,0.04,2049.913,3,3,2049.913,0.0,0.0,0.0,0.0,51247.825
1727960,IT,SE,CROPS,RAWMI,0.02,2049.562,3,3,2049.562,0.0,0.0,0.0,0.0,102478.1
1664589,IT,EE,HOTEL,AUXIL,0.01,2049.402,3,3,2049.402,0.0,0.0,0.0,0.0,204940.2
1726779,IT,RO,RETAI,BASIC,0.02,2049.317,3,3,2049.317,0.0,0.0,0.0,0.0,102465.85
1654441,IT,CZ,RETA1,DAIRY,0.02,2049.286,3,3,2049.286,0.0,0.0,0.0,0.0,102464.3
1769983,IT,AU,TRANS,AUXIL,0.01,2049.033,3,3,2049.033,0.0,0.0,0.0,0.0,204903.3
1797754,IT,WL,TEXT1,CRUDE,0.02,2048.933,3,3,2048.933,0.0,0.0,0.0,0.0,102446.65
1680615,IT,GR,SALEM,DAIRY,0.02,2048.917,3,3,2048.917,0.0,0.0,0.0,0.0,102445.85
1711272,IT,LU,TRANS,RETA1,0.01,2048.765,3,3,2048.765,0.0,0.0,0.0,0.0,204876.5
1730197,IT,SE,LANDT,DIST1,0.01,2048.491,3,3,2048.491,0.0,0.0,0.0,0.0,204849.1
1648913,IT,BG,WEARI,FORES,0.02,2048.387,3,3,2048.387,0.0,0.0,0.0,0.0,102419.35
1671647,IT,FI,CONST,FOOD5,0.01,2048.383,3,3,2048.383,0.0,0.0,0.0,0.0,204838.3
1782697,IT,NO,WHOLE,FOOD4,0.02,2048.028,3,3,2048.028,0.0,0.0,0.0,0.0,102401.4
1796505,IT,WL,RETA1,BIOGA,0.02,2047.616,3,3,2047.616,0.0,0.0,0.0,0.0,102380.8
1651808,IT,CY,HOTEL,CHEM1,0.01,2047.461,3,3,2047.461,0.0,0.0,0.0,0.0,204746.1
1664859,IT,ES,FORES,VEGET,0.02,2047.267,4,4,2046.267,0.0,1.0,0.0,0.0,102363.35
1806761,IT,WF,WHOLE,MEMBE,0.02,2047.169,3,3,2047.169,0.0,0.0,0.0,0.0,102358.45
1754404,IT,CA,RENTI,CEMEN,0.01,2047.077,3,3,2047.077,0.0,0.0,0.0,0.0,204707.7
1654925,IT,CZ,INSUR,HEAVY,0.04,2046.664,3,3,2046.664,0.0,0.0,0.0,0.0,51166.6
1778642,IT,TR,HOTEL,COPP1,0.01,2046.549,3,3,2046.549,0.0,0.0,0.0,0.0,204654.9
1736203,IT,SK,WHOLE,LANDT,0.02,2046.503,3,3,2046.503,0.0,0.0,0.0,0.0,102325.15
1690278,IT,IE,OILHA,FURNI,0.01,2046.493,3,3,2046.493,0.0,0.0,0.0,0.0,204649.3
1687457,IT,HU,RAILW,TRANS,0.01,2046.427,3,3,2046.427,0.0,0.0,0.0,0.0,204642.7
1791843,IT,WA,LANDT,MEDIC,0.01,2046.331,3,3,2046.331,0.0,0.0,0.0,0.0,204633.1
1681696,IT,HR,FORES,PULP5,0.02,2046.154,4,4,2045.154,0.0,1.0,0.0,0.0,102307.7
1721115,IT,PL,RAILW,LIGNI,0.01,2046.144,3,3,2046.144,0.0,0.0,0.0,0.0,204614.4
1690316,IT,IE,FOOD2,PAPER,0.01,2046.046,3,3,2046.046,0.0,0.0,0.0,0.0,204604.6
1716541,IT,NL,TRANS,WOODW,0.01,2045.966,3,3,2045.966,0.0,0.0,0.0,0.0,204596.6
1654964,IT,CZ,INSUR,STEAM,0.04,2045.808,3,3,2045.808,0.0,0.0,0.0,0.0,51145.2
1806603,IT,WF,SALEM,OILSE,0.02,2045.789,3,3,2045.789,0.0,0.0,0.0,0.0,102289.45
1682210,IT,HR,WEARI,COLLE,0.02,2045.618,3,3,2045.618,0.0,0.0,0.0,0.0,102280.9
1672503,IT,FI,PRIVA,ELEC2,0.46,2045.144,3,3,2045.144,0.0,0.0,0.0,0.0,4445.965217
1688054,IT,HU,COMPU,FOUND,0.02,2045.074,3,3,2045.074,0.0,0.0,0.0,0.0,102253.7
1748544,IT,CN,MEAT4,RETAI,0.01,2044.926,3,3,2044.926,0.0,0.0,0.0,0.0,204492.6
1671865,IT,FI,HOTEL,BEVER,0.01,2044.779,3,3,2044.779,0.0,0.0,0.0,0.0,204477.9
1718494,IT,PL,TEXTI,RADIO,0.01,2044.726,3,3,2044.726,0.0,0.0,0.0,0.0,204472.6
1754226,IT,CA,POSTT,KEROS,0.03,2044.696,3,3,2044.696,0.0,0.0,0.0,0.0,68156.533333
1793171,IT,WA,93197,CERAM,0.01,2044.648,3,3,2044.648,0.0,0.0,0.0,0.0,204464.8
1791043,IT,WA,TRANS,SUBBI,0.01,2044.621,3,3,2044.621,0.0,0.0,0.0,0.0,204462.1
1760002,IT,BR,INTER,SEACO,0.01,2044.62,3,3,2044.62,0.0,0.0,0.0,0.0,204462.0
1797796,IT,WL,OILHA,TRAN1,0.01,2044.511,3,3,2044.511,0.0,0.0,0.0,0.0,204451.1
1740465,IT,GB,FOOD4,PAPE1,0.01,2044.468,3,3,2044.468,0.0,0.0,0.0,0.0,204446.8
1684778,IT,HU,CROPS,WHOLE,0.02,2044.457,3,3,2044.457,0.0,0.0,0.0,0.0,102222.85
1758708,IT,BR,RETAI,BIODI,0.02,2044.451,3,3,2044.451,0.0,0.0,0.0,0.0,102222.55
1689813,IT,IE,INSUR,LEAD1,0.04,2044.427,3,3,2044.427,0.0,0.0,0.0,0.0,51110.675
1814549,IT,WM,BUSIN,MEAT1,0.02,2044.201,3,3,2044.201,0.0,0.0,0.0,0.0,102210.05
1806454,IT,WF,TRANS,MOTOR,0.01,2044.008,3,3,2044.008,0.0,0.0,0.0,0.0,204400.8
1745310,IT,JP,MEAT4,ELEC2,0.01,2043.915,3,3,2043.915,0.0,0.0,0.0,0.0,204391.5
1644878,IT,BE,LEATH,MEATP,0.01,2043.778,3,3,2043.778,0.0,0.0,0.0,0.0,204377.8
1669478,IT,ES,AUXIL,PRINT,0.04,2043.766,3,3,2043.766,0.0,0.0,0.0,0.0,51094.15
1748116,IT,JP,PUBLI,PLAST,0.03,2043.459,3,3,2043.459,0.0,0.0,0.0,0.0,68115.3
1744521,IT,US,REALE,GLASS,0.09,2043.453,3,3,2043.453,0.0,0.0,0.0,0.0,22705.033333
1687370,IT,HU,HOTEL,KEROS,0.01,2043.421,3,3,2043.421,0.0,0.0,0.0,0.0,204342.1
1678444,IT,FR,WOOD2,PAPE4,0.01,2043.242,3,3,2043.242,0.0,0.0,0.0,0.0,204324.2
1778309,IT,TR,SALEM,DISTR,0.02,2043.213,3,3,2043.213,0.0,0.0,0.0,0.0,102160.65
1751081,IT,CN,RETA1,MEATP,0.02,2043.135,3,3,2043.135,0.0,0.0,0.0,0.0,102156.75
1677915,IT,FR,BUSIN,BIOG1,0.02,2042.776,3,3,2042.776,0.0,0.0,0.0,0.0,102138.8
1684457,IT,HR,RENTI,BEVER,0.01,2042.632,3,3,2042.632,0.0,0.0,0.0,0.0,204263.2
1726930,IT,RO,HOTEL,STONE,0.01,2042.571,3,3,2042.571,0.0,0.0,0.0,0.0,204257.1
1767761,IT,RU,INSUR,TEXTI,0.04,2042.518,3,3,2042.518,0.0,0.0,0.0,0.0,51062.95
1734909,IT,SK,PRINT,OFFIC,0.02,2042.514,3,3,2042.514,0.0,0.0,0.0,0.0,102125.7
1733334,IT,SI,MOTO1,RECRE,0.01,2042.443,3,3,2042.443,0.0,0.0,0.0,0.0,204244.3
1727422,IT,RO,FINAN,INLAN,0.03,2042.405,3,3,2042.405,0.0,0.0,0.0,0.0,68080.166667
1661167,IT,DE,93197,GASDI,0.01,2042.204,3,3,2042.204,0.0,0.0,0.0,0.0,204220.4
1669008,IT,ES,SUPPO,NICKE,0.01,2042.114,3,3,2042.114,0.0,0.0,0.0,0.0,204211.4
1681282,IT,GR,FINAN,RESEA,0.03,2042.102,3,3,2042.102,0.0,0.0,0.0,0.0,68070.066667
1753972,IT,CA,LANDT,PREC1,0.01,2042.053,3,3,2042.053,0.0,0.0,0.0,0.0,204205.3
1773515,IT,CH,MOTO1,PULP5,0.01,2042.022,3,3,2042.022,0.0,0.0,0.0,0.0,204202.2
1648675,IT,BG,PROCE,WHOLE,0.01,2041.944,3,3,2041.944,0.0,0.0,0.0,0.0,204194.4
1690405,IT,IE,FOOD4,GASDI,0.01,2041.802,3,3,2041.802,0.0,0.0,0.0,0.0,204180.2
1684792,IT,HU,FORES,POULT,0.02,2041.767,4,4,2040.767,0.0,1.0,0.0,0.0,102088.35
1689624,IT,IE,SUPPO,SALEM,0.01,2041.758,3,3,2041.758,0.0,0.0,0.0,0.0,204175.8
1770176,IT,AU,RETA1,SEACO,0.02,2041.701,3,3,2041.701,0.0,0.0,0.0,0.0,102085.05
1677556,IT,FR,REALE,PIGS9,0.09,2041.597,3,3,2041.597,0.0,0.0,0.0,0.0,22684.411111
1762178,IT,IN,LANDT,EDUCA,0.01,2041.444,3,3,2041.444,0.0,0.0,0.0,0.0,204144.4
1673871,IT,FR,PRINT,FOOD1,0.02,2041.335,3,3,2041.335,0.0,0.0,0.0,0.0,102066.75
1774393,IT,CH,HOTEL,PAPE3,0.01,2041.328,3,3,2041.328,0.0,0.0,0.0,0.0,204132.8
1652511,IT,CZ,WEARI,BIOG1,0.02,2041.323,3,3,2041.323,0.0,0.0,0.0,0.0,102066.15
1727750,IT,RO,RESEA,POSTT,0.01,2041.3,3,3,2041.3,0.0,0.0,0.0,0.0,204130.0
1709632,IT,LT,PRINT,MEATC,0.02,2041.174,3,3,2041.174,0.0,0.0,0.0,0.0,102058.7
1799261,IT,WE,LEATH,PREC1,0.01,2041.113,3,3,2041.113,0.0,0.0,0.0,0.0,204111.3
1726683,IT,RO,TRANS,COLLE,0.01,2040.926,3,3,2040.926,0.0,0.0,0.0,0.0,204092.6
1767607,IT,RU,SUPPO,ELECT,0.01,2040.851,3,3,2040.851,0.0,0.0,0.0,0.0,204085.1
1787000,IT,ZA,INSUR,PLAST,0.04,2040.352,3,3,2040.352,0.0,0.0,0.0,0.0,51008.8
1745122,IT,US,SEWAG,ANIMA,0.02,2040.259,3,3,2040.259,0.0,0.0,0.0,0.0,102012.95
1665060,IT,ES,MEAT4,MEAT1,0.01,2040.218,3,3,2040.218,0.0,0.0,0.0,0.0,204021.8
1644137,IT,AT,FOOD2,RUBBE,0.01,2040.179,3,3,2040.179,0.0,0.0,0.0,0.0,204017.9
1755152,IT,KR,LEATH,ELEC8,0.01,2039.998,3,3,2039.998,0.0,0.0,0.0,0.0,203999.8
1672500,IT,FI,RECRE,RECRE,0.03,2039.944,3,3,2039.944,0.0,0.0,0.0,0.0,67998.133333
1690241,IT,IE,BUSIN,93197,0.02,2039.761,3,3,2039.761,0.0,0.0,0.0,0.0,101988.05
1767185,IT,RU,WHOLE,POSTT,0.02,2039.36,3,3,2039.36,0.0,0.0,0.0,0.0,101968.0
1754681,IT,KR,MEAT4,MEMBE,0.01,2039.303,3,3,2039.303,0.0,0.0,0.0,0.0,203930.3
1782827,IT,NO,HOTEL,PAPE1,0.01,2039.017,3,3,2039.017,0.0,0.0,0.0,0.0,203901.7
1688105,IT,HU,BUSIN,POULT,0.02,2038.99,3,3,2038.99,0.0,0.0,0.0,0.0,101949.5
1756924,IT,KR,INSUR,CONST,0.04,2038.972,3,3,2038.972,0.0,0.0,0.0,0.0,50974.3
1757509,IT,BR,PRINT,FORES,0.02,2038.799,3,3,2038.799,0.0,0.0,0.0,0.0,101939.95
1766956,IT,RU,MOTO1,LEAD1,0.01,2038.768,3,3,2038.768,0.0,0.0,0.0,0.0,203876.8
1660249,IT,DE,POSTT,CERAM,0.03,2038.689,3,3,2038.689,0.0,0.0,0.0,0.0,67956.3
1669072,IT,ES,SUPPO,ELEC6,0.01,2038.657,3,3,2038.657,0.0,0.0,0.0,0.0,203865.7
1710582,IT,LT,BUSIN,SUPPO,0.02,2038.584,3,3,2038.584,0.0,0.0,0.0,0.0,101929.2
1736724,IT,SK,REALE,MEDIC,0.09,2038.421,3,3,2038.421,0.0,0.0,0.0,0.0,22649.122222
1676256,IT,FR,SALEM,SUGA1,0.02,2038.17,3,3,2038.17,0.0,0.0,0.0,0.0,101908.5
1775905,IT,TR,PROCE,SUPPO,0.01,2038.16,3,3,2038.16,0.0,0.0,0.0,0.0,203816.0
1751295,IT,CN,RAILW,ALUM1,0.01,2038.116,3,3,2038.116,0.0,0.0,0.0,0.0,203811.6
1663443,IT,DK,REALE,WOODW,0.09,2037.921,3,3,2037.921,0.0,0.0,0.0,0.0,22643.566667
1740568,IT,US,CROPS,PIGS9,0.02,2037.904,3,3,2037.904,0.0,0.0,0.0,0.0,101895.2
1718609,IT,PL,LEATH,GLASS,0.01,2037.777,3,3,2037.777,0.0,0.0,0.0,0.0,203777.7
1647161,IT,BE,RAILW,MOTOR,0.01,2037.728,3,3,2037.728,0.0,0.0,0.0,0.0,203772.8
1756814,IT,KR,SUPPO,BASIC,0.01,2037.421,3,3,2037.421,0.0,0.0,0.0,0.0,203742.1
1793554,IT,WL,MEAT4,HEAVY,0.01,2037.293,3,3,2037.293,0.0,0.0,0.0,0.0,203729.3
1669482,IT,ES,AUXIL,PLAST,0.04,2037.203,3,3,2037.203,0.0,0.0,0.0,0.0,50930.075
1791469,IT,WA,WHOLE,RETAI,0.02,2037.169,3,3,2037.169,0.0,0.0,0.0,0.0,101858.45
1669154,IT,ES,POSTT,WHITE,0.03,2036.845,3,3,2036.845,0.0,0.0,0.0,0.0,67894.833333
1756977,IT,KR,COMPU,FABRI,0.02,2036.798,3,3,2036.798,0.0,0.0,0.0,0.0,101839.9
1806806,IT,WF,RETA1,HEAVY,0.02,2036.617,3,3,2036.617,0.0,0.0,0.0,0.0,101830.85
1678440,IT,FR,WOOD2,SALEM,0.01,2036.437,3,3,2036.437,0.0,0.0,0.0,0.0,203643.7
1779683,IT,TR,RESEA,COKE1,0.01,2036.356,3,3,2036.356,0.0,0.0,0.0,0.0,203635.6
1739947,IT,GB,INSUR,RECRE,0.04,2036.318,3,3,2036.318,0.0,0.0,0.0,0.0,50907.95
1665820,IT,ES,PRINT,PROCE,0.02,2036.203,3,3,2036.203,0.0,0.0,0.0,0.0,101810.15
1775513,IT,CH,FOOD2,HOTEL,0.01,2036.139,3,3,2036.139,0.0,0.0,0.0,0.0,203613.9
1660464,IT,DE,INSUR,TEXTI,0.04,2036.049,3,3,2036.049,0.0,0.0,0.0,0.0,50901.225
1764785,IT,MX,LANDT,PAPER,0.01,2035.901,3,3,2035.901,0.0,0.0,0.0,0.0,203590.1
1647469,IT,BE,SUPPO,CATTL,0.01,2035.717,3,3,2035.717,0.0,0.0,0.0,0.0,203571.7
1754342,IT,CA,INSUR,ELEC3,0.04,2035.703,3,3,2035.703,0.0,0.0,0.0,0.0,50892.575
1796413,IT,WL,WHOLE,MACHI,0.02,2035.703,3,3,2035.703,0.0,0.0,0.0,0.0,101785.15
1687814,IT,HU,POSTT,SUPPO,0.03,2035.566,3,3,2035.566,0.0,0.0,0.0,0.0,67852.2
1783285,IT,NO,FOODW,RETAI,0.02,2035.332,3,3,2035.332,0.0,0.0,0.0,0.0,101766.6
1659130,IT,DE,ELEC8,RUBBE,0.03,2035.264,3,3,2035.264,0.0,0.0,0.0,0.0,67842.133333
1773934,IT,CH,SALEM,MOTOR,0.02,2035.204,3,3,2035.204,0.0,0.0,0.0,0.0,101760.2
1745150,IT,US,93197,PLAST,0.01,2035.198,3,3,2035.198,0.0,0.0,0.0,0.0,203519.8
1736771,IT,SK,COMPU,MEAT1,0.02,2034.938,3,3,2034.938,0.0,0.0,0.0,0.0,101746.9
1727437,IT,RO,FINAN,INTER,0.03,2034.931,3,3,2034.931,0.0,0.0,0.0,0.0,67831.033333
1644015,IT,AT,BUSIN,VEGE1,0.02,2034.82,3,3,2034.82,0.0,0.0,0.0,0.0,101741.0
1714274,IT,MT,BUSIN,TRANS,0.02,2034.653,3,3,2034.653,0.0,0.0,0.0,0.0,101732.65
1776379,IT,TR,PRINT,CERAM,0.02,2034.589,3,3,2034.589,0.0,0.0,0.0,0.0,101729.45
1778471,IT,TR,WHOLE,AIRTR,0.02,2034.545,3,3,2034.545,0.0,0.0,0.0,0.0,101727.25
1678391,IT,FR,PAPE4,EDUCA,0.01,2034.405,3,3,2034.405,0.0,0.0,0.0,0.0,203440.5
1680156,IT,GR,MOTO1,NFERT,0.01,2034.326,3,3,2034.326,0.0,0.0,0.0,0.0,203432.6
1809093,IT,WM,CROPS,SUGA1,0.02,2034.034,3,3,2034.034,0.0,0.0,0.0,0.0,101701.7
1794230,IT,WL,PRINT,RENTI,0.02,2034.032,3,3,2034.032,0.0,0.0,0.0,0.0,101701.6
1808165,IT,WF,OILHA,MEAT1,0.01,2033.843,3,3,2033.843,0.0,0.0,0.0,0.0,203384.3
1663500,IT,DK,RENTI,COLLE,0.01,2033.654,3,3,2033.654,0.0,0.0,0.0,0.0,203365.4
1778436,IT,TR,WHOLE,NONME,0.02,2033.537,3,3,2033.537,0.0,0.0,0.0,0.0,101676.85
1767872,IT,RU,AUXIL,COMPU,0.04,2033.536,3,3,2033.536,0.0,0.0,0.0,0.0,50838.4
1660338,IT,DE,FINAN,SUGA1,0.03,2033.514,3,3,2033.514,0.0,0.0,0.0,0.0,67783.8
1713864,IT,MT,ELEC4,CHEM1,0.03,2033.448,3,3,2033.448,0.0,0.0,0.0,0.0,67781.6
1744399,IT,US,INSUR,EDUCA,0.04,2033.43,3,3,2033.43,0.0,0.0,0.0,0.0,50835.75
1762173,IT,IN,LANDT,HOTEL,0.01,2033.373,3,3,2033.373,0.0,0.0,0.0,0.0,203337.3
1710693,IT,LU,PROCE,FINAN,0.01,2033.222,3,3,2033.222,0.0,0.0,0.0,0.0,203322.2
1726903,IT,RO,RETA1,WASTE,0.02,2033.195,3,3,2033.195,0.0,0.0,0.0,0.0,101659.75
1758859,IT,BR,HOTEL,PFERT,0.01,2033.162,3,3,2033.162,0.0,0.0,0.0,0.0,203316.2
1771795,IT,CH,LEATH,WOOD1,0.01,2032.884,3,3,2032.884,0.0,0.0,0.0,0.0,203288.4
1787613,IT,WA,MEAT4,POULT,0.01,2032.644,3,3,2032.644,0.0,0.0,0.0,0.0,203264.4
1808077,IT,WF,TEXT1,AIRTR,0.02,2032.635,3,3,2032.635,0.0,0.0,0.0,0.0,101631.75
1770084,IT,AU,WHOLE,LEATH,0.02,2032.572,3,3,2032.572,0.0,0.0,0.0,0.0,101628.6
1721621,IT,PL,POSTT,COLLE,0.03,2032.486,3,3,2032.486,0.0,0.0,0.0,0.0,67749.533333
1734154,IT,SI,AUXIL,93197,0.04,2032.454,3,3,2032.454,0.0,0.0,0.0,0.0,50811.35
1711410,IT,LU,HOTEL,PRINT,0.01,2032.434,3,3,2032.434,0.0,0.0,0.0,0.0,203243.4
1643763,IT,AT,SUPPO,93197,0.01,2032.376,3,3,2032.376,0.0,0.0,0.0,0.0,203237.6
1711325,IT,LU,WHOLE,ALUM1,0.02,2032.148,3,3,2032.148,0.0,0.0,0.0,0.0,101607.4
1668609,IT,ES,RAILW,SUGA1,0.01,2031.754,3,3,2031.754,0.0,0.0,0.0,0.0,203175.4
1770369,IT,AU,LANDT,BEVER,0.01,2031.75,3,3,2031.75,0.0,0.0,0.0,0.0,203175.0
1767002,IT,RU,MOTO1,WOOD2,0.01,2031.563,3,3,2031.563,0.0,0.0,0.0,0.0,203156.3
1784018,IT,ID,TEXTI,SUBBI,0.01,2031.432,3,3,2031.432,0.0,0.0,0.0,0.0,203143.2
1680431,IT,GR,ELEC4,KEROS,0.03,2031.36,3,3,2031.36,0.0,0.0,0.0,0.0,67712.0
1802079,IT,WE,RETA1,DAIRY,0.02,2031.216,3,3,2031.216,0.0,0.0,0.0,0.0,101560.8
1655168,IT,CZ,BUSIN,ELEC4,0.02,2031.162,3,3,2031.162,0.0,0.0,0.0,0.0,101558.1
1712696,IT,LV,HOTEL,BRICK,0.01,2031.111,3,3,2031.111,0.0,0.0,0.0,0.0,203111.1
1758776,IT,BR,RETA1,PAPER,0.02,2030.92,3,3,2030.92,0.0,0.0,0.0,0.0,101546.0
1779867,IT,TR,PUBLI,RETAI,0.03,2030.833,3,3,2030.833,0.0,0.0,0.0,0.0,67694.433333
1813478,IT,WM,SALEM,FURNI,0.02,2030.826,3,3,2030.826,0.0,0.0,0.0,0.0,101541.3
1717331,IT,NL,FINAN,NONME,0.03,2030.795,3,3,2030.795,0.0,0.0,0.0,0.0,67693.166667
1724834,IT,PT,BUSIN,ANIMA,0.02,2030.635,3,3,2030.635,0.0,0.0,0.0,0.0,101531.75
1770807,IT,AU,COMPU,SEACO,0.02,2030.596,3,3,2030.596,0.0,0.0,0.0,0.0,101529.8
1792579,IT,WA,COMPU,MEAT1,0.02,2030.594,3,3,2030.594,0.0,0.0,0.0,0.0,101529.7
1775732,IT,TR,MEATA,RAWMI,0.01,2030.498,3,3,2030.498,0.0,0.0,0.0,0.0,203049.8
1651842,IT,CY,LANDT,WHOLE,0.01,2030.395,3,3,2030.395,0.0,0.0,0.0,0.0,203039.5
1768157,IT,RU,PUBLI,GLASS,0.03,2030.252,3,3,2030.252,0.0,0.0,0.0,0.0,67675.066667
1710584,IT,LT,BUSIN,REALE,0.02,2030.155,3,3,2030.155,0.0,0.0,0.0,0.0,101507.75
1671974,IT,FI,LANDT,ELEC2,0.01,2029.956,3,3,2029.956,0.0,0.0,0.0,0.0,202995.6
1724034,IT,PT,WHOLE,ANIMA,0.02,2029.841,3,3,2029.841,0.0,0.0,0.0,0.0,101492.05
1808024,IT,WF,INTER,CHEM1,0.01,2029.8,3,3,2029.8,0.0,0.0,0.0,0.0,202980.0
1779402,IT,TR,REALE,WEARI,0.09,2029.699,3,3,2029.699,0.0,0.0,0.0,0.0,22552.211111
1648859,IT,BG,TEXTI,PLAST,0.01,2029.655,3,3,2029.655,0.0,0.0,0.0,0.0,202965.5
1784585,IT,ID,MACHI,REFIN,0.01,2029.41,3,3,2029.41,0.0,0.0,0.0,0.0,202941.0
1759482,IT,BR,AUXIL,POSTT,0.04,2029.396,3,3,2029.396,0.0,0.0,0.0,0.0,50734.9
1793132,IT,WA,RECRE,WHOLE,0.03,2029.379,3,3,2029.379,0.0,0.0,0.0,0.0,67645.966667
1747720,IT,JP,FINAN,OFFIC,0.03,2029.286,3,3,2029.286,0.0,0.0,0.0,0.0,67642.866667
1714004,IT,MT,RETA1,FURNI,0.02,2029.214,3,3,2029.214,0.0,0.0,0.0,0.0,101460.7
1643961,IT,AT,COMPU,MOTO1,0.02,2028.912,3,3,2028.912,0.0,0.0,0.0,0.0,101445.6
1731030,IT,SE,INERT,COPP1,0.01,2028.864,3,3,2028.864,0.0,0.0,0.0,0.0,202886.4
1808192,IT,WF,OILHA,RAILW,0.01,2028.819,3,3,2028.819,0.0,0.0,0.0,0.0,202881.9
1782709,IT,NO,RETA1,MEAT4,0.02,2028.73,3,3,2028.73,0.0,0.0,0.0,0.0,101436.5
1643297,IT,AT,HOTEL,PAPE4,0.01,2028.652,3,3,2028.652,0.0,0.0,0.0,0.0,202865.2
1672378,IT,FI,BUSIN,CERAM,0.02,2028.507,3,3,2028.507,0.0,0.0,0.0,0.0,101425.35
1736210,IT,SK,WHOLE,RECRE,0.02,2028.384,3,3,2028.384,0.0,0.0,0.0,0.0,101419.2
1730034,IT,SE,WHOLE,GLASS,0.02,2028.376,3,3,2028.376,0.0,0.0,0.0,0.0,101418.8
1662818,IT,DK,CONST,MOTO1,0.01,2028.312,3,3,2028.312,0.0,0.0,0.0,0.0,202831.2
1651126,IT,BG,COMPU,LANDT,0.02,2028.295,3,3,2028.295,0.0,0.0,0.0,0.0,101414.75
1685615,IT,HU,PRINT,93197,0.02,2027.97,3,3,2027.97,0.0,0.0,0.0,0.0,101398.5
1722661,IT,PT,WEARI,RUBBE,0.02,2027.684,3,3,2027.684,0.0,0.0,0.0,0.0,101384.2
1646629,IT,BE,TRANS,OFFIC,0.01,2027.507,3,3,2027.507,0.0,0.0,0.0,0.0,202750.7
1713740,IT,MT,MACHI,RECRE,0.01,2027.446,3,3,2027.446,0.0,0.0,0.0,0.0,202744.6
1756823,IT,KR,SUPPO,RESEA,0.01,2027.411,3,3,2027.411,0.0,0.0,0.0,0.0,202741.1
1676147,IT,FR,CONST,PIGS9,0.01,2027.347,3,3,2027.347,0.0,0.0,0.0,0.0,202734.7
1762412,IT,IN,POSTT,ELEC5,0.03,2027.241,3,3,2027.241,0.0,0.0,0.0,0.0,67574.7
1813757,IT,WM,HOTEL,TRANS,0.01,2027.206,3,3,2027.206,0.0,0.0,0.0,0.0,202720.6
1759536,IT,BR,RENTI,AUXIL,0.01,2027.117,3,3,2027.117,0.0,0.0,0.0,0.0,202711.7
1754149,IT,CA,SUPPO,HYDRO,0.01,2027.105,3,3,2027.105,0.0,0.0,0.0,0.0,202710.5
1722258,IT,PL,RECRE,WHOLE,0.03,2026.884,3,3,2026.884,0.0,0.0,0.0,0.0,67562.8
1807798,IT,WF,FOODW,MEAT4,0.01,2026.849,3,3,2026.849,0.0,0.0,0.0,0.0,202684.9
1690045,IT,IE,RENTI,STONE,0.01,2026.789,3,3,2026.789,0.0,0.0,0.0,0.0,202678.9
1654912,IT,CZ,INSUR,FOOD5,0.04,2026.761,3,3,2026.761,0.0,0.0,0.0,0.0,50669.025
1661656,IT,DK,TEXTI,COPP1,0.01,2026.654,3,3,2026.654,0.0,0.0,0.0,0.0,202665.4
1718095,IT,PL,MEAT4,SUPPO,0.01,2026.54,3,3,2026.54,0.0,0.0,0.0,0.0,202654.0
1808802,IT,WF,WOOD2,WHOLE,0.01,2026.093,3,3,2026.093,0.0,0.0,0.0,0.0,202609.3
1770152,IT,AU,RETA1,MOTOR,0.02,2026.079,3,3,2026.079,0.0,0.0,0.0,0.0,101303.95
1643849,IT,AT,INSUR,SALEM,0.04,2026.014,3,3,2026.014,0.0,0.0,0.0,0.0,50650.35
1798732,IT,WE,PROCE,MEAT4,0.01,2025.882,3,3,2025.882,0.0,0.0,0.0,0.0,202588.2
1792502,IT,WA,REALE,GASDI,0.09,2025.679,3,3,2025.679,0.0,0.0,0.0,0.0,22507.544444
1808775,IT,WF,WOOD2,FISH5,0.01,2025.678,3,3,2025.678,0.0,0.0,0.0,0.0,202567.8
1779405,IT,TR,REALE,PRINT,0.09,2025.66,3,3,2025.66,0.0,0.0,0.0,0.0,22507.333333
1669616,IT,ES,RENTI,MOTO1,0.01,2025.645,3,3,2025.645,0.0,0.0,0.0,0.0,202564.5
1722087,IT,PL,BUSIN,COALT,0.02,2025.561,3,3,2025.561,0.0,0.0,0.0,0.0,101278.05
1787632,IT,WA,MEAT4,KEROS,0.01,2025.542,3,3,2025.542,0.0,0.0,0.0,0.0,202554.2
1650148,IT,BG,MOTO1,KEROS,0.01,2025.424,3,3,2025.424,0.0,0.0,0.0,0.0,202542.4
1767875,IT,RU,AUXIL,PUBLI,0.04,2025.376,3,3,2025.376,0.0,0.0,0.0,0.0,50634.4
1640854,IT,AT,LEATH,MEATP,0.01,2025.251,3,3,2025.251,0.0,0.0,0.0,0.0,202525.1
1650571,IT,BG,ELEC8,COPPE,0.03,2025.222,3,3,2025.222,0.0,0.0,0.0,0.0,67507.4
1681425,IT,GR,RENTI,DISTR,0.01,2025.184,3,3,2025.184,0.0,0.0,0.0,0.0,202518.4
1689396,IT,IE,HOTEL,CEREA,0.01,2025.159,3,3,2025.159,0.0,0.0,0.0,0.0,202515.9
1747732,IT,JP,FINAN,RAILW,0.03,2024.739,3,3,2024.739,0.0,0.0,0.0,0.0,67491.3
1801975,IT,WE,RETAI,PUBLI,0.02,2024.624,3,3,2024.624,0.0,0.0,0.0,0.0,101231.2
1681177,IT,GR,POSTT,FURNI,0.03,2024.546,3,3,2024.546,0.0,0.0,0.0,0.0,67484.866667
1743380,IT,US,SALEM,ELEC2,0.02,2024.54,3,3,2024.54,0.0,0.0,0.0,0.0,101227.0
1689768,IT,IE,INSUR,CROPS,0.04,2024.458,3,3,2024.458,0.0,0.0,0.0,0.0,50611.45
1806872,IT,WF,HOTEL,IRONO,0.01,2024.38,3,3,2024.38,0.0,0.0,0.0,0.0,202438.0
1724708,IT,PT,AUXIL,FOOD5,0.04,2024.078,3,3,2024.078,0.0,0.0,0.0,0.0,50601.95
1665385,IT,ES,TEXTI,HEAVY,0.01,2023.847,3,3,2023.847,0.0,0.0,0.0,0.0,202384.7
1814824,IT,WM,WOOD2,CONST,0.01,2023.629,3,3,2023.629,0.0,0.0,0.0,0.0,202362.9
1797784,IT,WL,OILHA,WOODW,0.01,2023.589,3,3,2023.589,0.0,0.0,0.0,0.0,202358.9
1781010,IT,TW,BUSIN,ELEC8,0.02,2023.402,3,3,2023.402,0.0,0.0,0.0,0.0,101170.1
1809074,IT,WM,CROPS,PIGS9,0.02,2023.258,3,3,2023.258,0.0,0.0,0.0,0.0,101162.9
1814974,IT,WM,PRIVA,AIRTR,0.45,2023.234,3,3,2023.234,0.0,0.0,0.0,0.0,4496.075556
1740739,IT,US,MEAT4,MEATP,0.01,2023.206,3,3,2023.206,0.0,0.0,0.0,0.0,202320.6
1721492,IT,PL,SUPPO,VEGE1,0.01,2023.197,3,3,2023.197,0.0,0.0,0.0,0.0,202319.7
1676438,IT,FR,RETA1,ANIMA,0.02,2023.075,3,3,2023.075,0.0,0.0,0.0,0.0,101153.75
1664673,IT,EE,LANDT,MEMBE,0.01,2023.07,3,3,2023.07,0.0,0.0,0.0,0.0,202307.0
1642895,IT,AT,MOTO1,93197,0.01,2022.919,3,3,2022.919,0.0,0.0,0.0,0.0,202291.9
1711465,IT,LU,LANDT,REALE,0.01,2022.523,3,3,2022.523,0.0,0.0,0.0,0.0,202252.3
1717740,IT,NL,BUSIN,WOOD2,0.02,2022.475,3,3,2022.475,0.0,0.0,0.0,0.0,101123.75
1747718,IT,JP,FINAN,FABRI,0.03,2022.411,3,3,2022.411,0.0,0.0,0.0,0.0,67413.7
1726651,IT,RO,TRANS,WHEAT,0.01,2022.398,3,3,2022.398,0.0,0.0,0.0,0.0,202239.8
1770623,IT,AU,FINAN,CRUDE,0.03,2022.325,3,3,2022.325,0.0,0.0,0.0,0.0,67410.833333
1736103,IT,SK,CONST,GASDI,0.01,2022.235,3,3,2022.235,0.0,0.0,0.0,0.0,202223.5
1733947,IT,SI,SUPPO,NONF1,0.01,2022.036,3,3,2022.036,0.0,0.0,0.0,0.0,202203.6
1779710,IT,TR,BUSIN,COPPE,0.02,2021.997,3,3,2021.997,0.0,0.0,0.0,0.0,101099.85
1669998,IT,ES,HEALT,CHEM1,0.01,2021.74,3,3,2021.74,0.0,0.0,0.0,0.0,202174.0
1754210,IT,CA,POSTT,HYDRO,0.03,2021.678,3,3,2021.678,0.0,0.0,0.0,0.0,67389.266667
1752674,IT,CA,WEARI,MEDIC,0.02,2021.493,3,3,2021.493,0.0,0.0,0.0,0.0,101074.65
1726752,IT,RO,SALEM,FOOD5,0.02,2021.45,3,3,2021.45,0.0,0.0,0.0,0.0,101072.5
1727411,IT,RO,FINAN,TRAN1,0.03,2021.404,3,3,2021.404,0.0,0.0,0.0,0.0,67380.133333
1717455,IT,NL,AUXIL,PLAST,0.04,2021.268,3,3,2021.268,0.0,0.0,0.0,0.0,50531.7
1728473,IT,SE,LEATH,INSUR,0.01,2021.176,3,3,2021.176,0.0,0.0,0.0,0.0,202117.6
1792851,IT,WA,EDUCA,GLASS,0.05,2020.956,3,3,2020.956,0.0,0.0,0.0,0.0,40419.12
1768816,IT,AU,LEATH,NONSP,0.01,2020.909,3,3,2020.909,0.0,0.0,0.0,0.0,202090.9
1797785,IT,WL,OILHA,PAPER,0.01,2020.758,3,3,2020.758,0.0,0.0,0.0,0.0,202075.8
1747391,IT,JP,RAILW,PAPER,0.01,2020.712,3,3,2020.712,0.0,0.0,0.0,0.0,202071.2
1782720,IT,NO,RETA1,PLAST,0.02,2020.702,3,3,2020.702,0.0,0.0,0.0,0.0,101035.1
1765183,IT,MX,BUSIN,TRAN1,0.02,2020.613,3,3,2020.613,0.0,0.0,0.0,0.0,101030.65
1646858,IT,BE,RETAI,PUBLI,0.02,2020.59,3,3,2020.59,0.0,0.0,0.0,0.0,101029.5
1778459,IT,TR,WHOLE,BIOG1,0.02,2020.333,3,3,2020.333,0.0,0.0,0.0,0.0,101016.65
1714011,IT,MT,RETA1,SUPPO,0.02,2020.275,3,3,2020.275,0.0,0.0,0.0,0.0,101013.75
1792569,IT,WA,COMPU,CATTL,0.02,2020.216,3,3,2020.216,0.0,0.0,0.0,0.0,101010.8
1724474,IT,PT,SUPPO,ELEC4,0.01,2020.136,3,3,2020.136,0.0,0.0,0.0,0.0,202013.6
1810257,IT,WM,LEATH,PREC1,0.01,2019.982,3,3,2019.982,0.0,0.0,0.0,0.0,201998.2
1682233,IT,HR,WEARI,OILHA,0.02,2019.669,3,3,2019.669,0.0,0.0,0.0,0.0,100983.45
1647095,IT,BE,HOTEL,CERAM,0.01,2019.584,3,3,2019.584,0.0,0.0,0.0,0.0,201958.4
1792586,IT,WA,COMPU,MOTOR,0.02,2019.478,3,3,2019.478,0.0,0.0,0.0,0.0,100973.9
1712153,IT,LV,LEATH,PIGS9,0.01,2019.429,3,3,2019.429,0.0,0.0,0.0,0.0,201942.9
1755338,IT,KR,PRINT,TRANS,0.02,2019.413,3,3,2019.413,0.0,0.0,0.0,0.0,100970.65
1652481,IT,CZ,WEARI,KEROS,0.02,2019.403,3,3,2019.403,0.0,0.0,0.0,0.0,100970.15
1796727,IT,WL,LANDT,MEAT1,0.01,2019.376,3,3,2019.376,0.0,0.0,0.0,0.0,201937.6
1792938,IT,WA,PAPE1,PIGS9,0.01,2019.197,3,3,2019.197,0.0,0.0,0.0,0.0,201919.7
1768252,IT,RU,PLAS2,PREC1,0.02,2019.183,3,3,2019.183,0.0,0.0,0.0,0.0,100959.15
1758854,IT,BR,HOTEL,KEROS,0.01,2019.142,3,3,2019.142,0.0,0.0,0.0,0.0,201914.2
1724762,IT,PT,RENTI,WOODW,0.01,2019.114,3,3,2019.114,0.0,0.0,0.0,0.0,201911.4
1792983,IT,WA,OILHA,INSUR,0.01,2019.031,3,3,2019.031,0.0,0.0,0.0,0.0,201903.1
1659290,IT,DE,SALEM,TEXT1,0.02,2018.871,3,3,2018.871,0.0,0.0,0.0,0.0,100943.55
1802249,IT,WE,LANDT,FORES,0.01,2018.365,3,3,2018.365,0.0,0.0,0.0,0.0,201836.5
1756866,IT,KR,POSTT,COLLE,0.03,2018.268,3,3,2018.268,0.0,0.0,0.0,0.0,67275.6
1721783,IT,PL,AUXIL,BASIC,0.04,2018.262,3,3,2018.262,0.0,0.0,0.0,0.0,50456.55
1734494,IT,SK,MEAT4,CONST,0.01,2017.996,3,3,2017.996,0.0,0.0,0.0,0.0,201799.6
1680206,IT,GR,TRANS,WOODW,0.01,2017.636,3,3,2017.636,0.0,0.0,0.0,0.0,201763.6
1713869,IT,MT,ELEC4,NONME,0.03,2017.508,3,3,2017.508,0.0,0.0,0.0,0.0,67250.266667
1710291,IT,LT,TRANS,TRANS,0.01,2017.442,3,3,2017.442,0.0,0.0,0.0,0.0,201744.2
1762616,IT,IN,REALE,ALUM1,0.09,2017.387,3,3,2017.387,0.0,0.0,0.0,0.0,22415.411111
1647042,IT,BE,RETA1,TEXT1,0.02,2017.361,3,3,2017.361,0.0,0.0,0.0,0.0,100868.05
1651068,IT,BG,INSUR,CEMEN,0.04,2017.31,3,3,2017.31,0.0,0.0,0.0,0.0,50432.75
1770837,IT,AU,BUSIN,MEAT4,0.02,2017.244,3,3,2017.244,0.0,0.0,0.0,0.0,100862.2
1776112,IT,TR,LEATH,CHEMI,0.01,2017.23,3,3,2017.23,0.0,0.0,0.0,0.0,201723.0
1754912,IT,KR,TEXTI,RAWMI,0.01,2017.098,3,3,2017.098,0.0,0.0,0.0,0.0,201709.8
1724604,IT,PT,FINAN,ALUM1,0.03,2017.084,3,3,2017.084,0.0,0.0,0.0,0.0,67236.133333
1730880,IT,SE,FOODW,HEALT,0.01,2017.036,3,3,2017.036,0.0,0.0,0.0,0.0,201703.6
1774801,IT,CH,POSTT,ELECT,0.03,2016.96,3,3,2016.96,0.0,0.0,0.0,0.0,67232.0
1671706,IT,FI,SALEM,PLAST,0.02,2016.929,3,3,2016.929,0.0,0.0,0.0,0.0,100846.45
1809703,IT,WM,PROCE,POSTT,0.01,2016.738,3,3,2016.738,0.0,0.0,0.0,0.0,201673.8
1710292,IT,LT,TRANS,FURNI,0.01,2016.727,3,3,2016.727,0.0,0.0,0.0,0.0,201672.7
1767777,IT,RU,INSUR,MACHI,0.04,2016.712,3,3,2016.712,0.0,0.0,0.0,0.0,50417.8
1711654,IT,LU,COMPU,DISTR,0.02,2016.573,3,3,2016.573,0.0,0.0,0.0,0.0,100828.65
1737477,IT,GB,LEATH,INSUR,0.01,2016.464,3,3,2016.464,0.0,0.0,0.0,0.0,201646.4
1658859,IT,DE,TRANS,PIGS9,0.01,2016.396,3,3,2016.396,0.0,0.0,0.0,0.0,201639.6
1778516,IT,TR,RETA1,MEAT1,0.02,2016.321,3,3,2016.321,0.0,0.0,0.0,0.0,100816.05
1677816,IT,FR,COMPU,OILHA,0.02,2016.297,3,3,2016.297,0.0,0.0,0.0,0.0,100814.85
1740400,IT,GB,HEALT,RAILW,0.01,2016.253,3,3,2016.253,0.0,0.0,0.0,0.0,201625.3
1808773,IT,WF,WOOD2,DAIRY,0.01,2016.206,3,3,2016.206,0.0,0.0,0.0,0.0,201620.6
1765192,IT,MX,BUSIN,RAILW,0.02,2016.119,3,3,2016.119,0.0,0.0,0.0,0.0,100805.95
1743743,IT,US,LANDT,FISH5,0.01,2015.749,3,3,2015.749,0.0,0.0,0.0,0.0,201574.9
1670051,IT,ES,FOOD2,FOOD5,0.01,2015.328,3,3,2015.328,0.0,0.0,0.0,0.0,201532.8
1718886,IT,PL,PRINT,LIGNI,0.02,2015.145,3,3,2015.145,0.0,0.0,0.0,0.0,100757.25
1736836,IT,SK,BUSIN,PRECI,0.02,2015.076,3,3,2015.076,0.0,0.0,0.0,0.0,100753.8
1690107,IT,IE,COMPU,FISHF,0.02,2015.065,3,3,2015.065,0.0,0.0,0.0,0.0,100753.25
1717221,IT,NL,SUPPO,TRAN2,0.01,2015.001,3,3,2015.001,0.0,0.0,0.0,0.0,201500.1
1684372,IT,HR,POSTT,WEARI,0.03,2014.91,3,3,2014.91,0.0,0.0,0.0,0.0,67163.666667
1767359,IT,RU,RAILW,COMPU,0.01,2014.83,3,3,2014.83,0.0,0.0,0.0,0.0,201483.0
1733926,IT,SI,SUPPO,MEATP,0.01,2014.682,3,3,2014.682,0.0,0.0,0.0,0.0,201468.2
1736633,IT,SK,FINAN,DISTR,0.03,2014.595,3,3,2014.595,0.0,0.0,0.0,0.0,67153.166667
1752046,IT,CN,BUSIN,CEREA,0.02,2014.589,3,3,2014.589,0.0,0.0,0.0,0.0,100729.45
1660358,IT,DE,FINAN,BITU1,0.03,2014.578,3,3,2014.578,0.0,0.0,0.0,0.0,67152.6
1781650,IT,NO,LEATH,NONF1,0.01,2014.522,3,3,2014.522,0.0,0.0,0.0,0.0,201452.2
1791097,IT,WA,TRANS,COPP1,0.01,2014.509,3,3,2014.509,0.0,0.0,0.0,0.0,201450.9
1685410,IT,HU,LEATH,MEMBE,0.01,2014.489,3,3,2014.489,0.0,0.0,0.0,0.0,201448.9
1780289,IT,TW,LANDT,LANDT,0.01,2014.323,3,3,2014.323,0.0,0.0,0.0,0.0,201432.3
1660686,IT,DE,RENTI,MEATP,0.01,2014.259,3,3,2014.259,0.0,0.0,0.0,0.0,201425.9
1796000,IT,WL,MOTO1,BIOG1,0.01,2014.167,3,3,2014.167,0.0,0.0,0.0,0.0,201416.7
1797605,IT,WL,FOODW,BEVER,0.01,2013.962,3,3,2013.962,0.0,0.0,0.0,0.0,201396.2
1765089,IT,MX,AUXIL,WHOLE,0.04,2013.848,3,3,2013.848,0.0,0.0,0.0,0.0,50346.2
1712880,IT,LV,REALE,CEMEN,0.09,2013.814,3,3,2013.814,0.0,0.0,0.0,0.0,22375.711111
1722691,IT,PT,LEATH,RETAI,0.01,2013.705,3,3,2013.705,0.0,0.0,0.0,0.0,201370.5
1712116,IT,LV,TEXTI,RESEA,0.01,2013.58,3,3,2013.58,0.0,0.0,0.0,0.0,201358.0
1760036,IT,BR,WOOD1,FURNI,0.01,2013.57,3,3,2013.57,0.0,0.0,0.0,0.0,201357.0
1793048,IT,WA,PAPE4,CATTL,0.01,2013.566,3,3,2013.566,0.0,0.0,0.0,0.0,201356.6
1808212,IT,WF,FOOD1,VEGET,0.01,2013.488,3,3,2013.488,0.0,0.0,0.0,0.0,201348.8
1797397,IT,WL,COMPU,GASDI,0.02,2013.436,3,3,2013.436,0.0,0.0,0.0,0.0,100671.8
1690274,IT,IE,OILHA,PLAST,0.01,2012.959,3,3,2012.959,0.0,0.0,0.0,0.0,201295.9
1797805,IT,WL,OILHA,POSTT,0.01,2012.665,3,3,2012.665,0.0,0.0,0.0,0.0,201266.5
1745190,IT,JP,CROPS,PULP5,0.02,2012.438,3,3,2012.438,0.0,0.0,0.0,0.0,100621.9
1717490,IT,NL,REALE,FABRI,0.09,2012.318,3,3,2012.318,0.0,0.0,0.0,0.0,22359.088889
1668507,IT,ES,HOTEL,REFIN,0.01,2012.257,3,3,2012.257,0.0,0.0,0.0,0.0,201225.7
1733724,IT,SI,RAILW,93197,0.01,2012.252,3,3,2012.252,0.0,0.0,0.0,0.0,201225.2
1807856,IT,WF,PAPE1,FOOD5,0.01,2012.234,3,3,2012.234,0.0,0.0,0.0,0.0,201223.4
1786701,IT,ZA,RETA1,NONFE,0.02,2012.184,3,3,2012.184,0.0,0.0,0.0,0.0,100609.2
1676129,IT,FR,ELEC8,EDUCA,0.03,2011.771,3,3,2011.771,0.0,0.0,0.0,0.0,67059.033333
1711547,IT,LU,POSTT,MEMBE,0.03,2011.704,3,3,2011.704,0.0,0.0,0.0,0.0,67056.8
1770154,IT,AU,RETA1,PLAST,0.02,2011.517,3,3,2011.517,0.0,0.0,0.0,0.0,100575.85
1783452,IT,NO,TEXT1,RETA1,0.02,2011.453,3,3,2011.453,0.0,0.0,0.0,0.0,100572.65
1711903,IT,LU,FOOD2,RADIO,0.01,2011.334,3,3,2011.334,0.0,0.0,0.0,0.0,201133.4
1758742,IT,BR,WHOLE,MEDIC,0.02,2011.313,3,3,2011.313,0.0,0.0,0.0,0.0,100565.65
1739694,IT,GB,SUPPO,PFERT,0.01,2011.107,3,3,2011.107,0.0,0.0,0.0,0.0,201110.7
1762151,IT,IN,LANDT,LEAD1,0.01,2011.071,3,3,2011.071,0.0,0.0,0.0,0.0,201107.1
1795771,IT,WL,MACHI,REFIN,0.01,2011.007,3,3,2011.007,0.0,0.0,0.0,0.0,201100.7
1785465,IT,ZA,PRINT,HOTEL,0.02,2010.942,3,3,2010.942,0.0,0.0,0.0,0.0,100547.1
1758849,IT,BR,HOTEL,PULP5,0.01,2010.883,3,3,2010.883,0.0,0.0,0.0,0.0,201088.3
1647857,IT,BE,AUXIL,PAPE1,0.04,2010.594,3,3,2010.594,0.0,0.0,0.0,0.0,50264.85
1814432,IT,WM,REALE,RECRE,0.08,2010.544,3,3,2010.544,0.0,0.0,0.0,0.0,25131.8
1668343,IT,ES,WHOLE,PAPE1,0.02,2010.488,3,3,2010.488,0.0,0.0,0.0,0.0,100524.4
1797832,IT,WL,FOOD2,RUBBE,0.01,2010.434,3,3,2010.434,0.0,0.0,0.0,0.0,201043.4
1759375,IT,BR,FINAN,AUXIL,0.03,2010.391,3,3,2010.391,0.0,0.0,0.0,0.0,67013.033333
1745126,IT,US,MEMBE,RESEA,0.02,2010.103,3,3,2010.103,0.0,0.0,0.0,0.0,100505.15
1717560,IT,NL,COMPU,PULP5,0.02,2010.056,3,3,2010.056,0.0,0.0,0.0,0.0,100502.8
1796574,IT,WL,HOTEL,WOOLS,0.01,2010.043,3,3,2010.043,0.0,0.0,0.0,0.0,201004.3
1718229,IT,PL,PROCE,CERAM,0.01,2010.02,3,3,2010.02,0.0,0.0,0.0,0.0,201002.0
1810015,IT,WM,TEXTI,ALUMI,0.01,2009.929,3,3,2009.929,0.0,0.0,0.0,0.0,200992.9
1787635,IT,WA,MEAT4,PFERT,0.01,2009.899,3,3,2009.899,0.0,0.0,0.0,0.0,200989.9
1753829,IT,CA,WHOLE,ELECT,0.02,2009.839,3,3,2009.839,0.0,0.0,0.0,0.0,100491.95
1735851,IT,SK,MACHI,FOOD3,0.01,2009.827,3,3,2009.827,0.0,0.0,0.0,0.0,200982.7
1726880,IT,RO,RETA1,STEAM,0.02,2009.737,3,3,2009.737,0.0,0.0,0.0,0.0,100486.85
1761985,IT,IN,SALEM,MACHI,0.02,2009.705,3,3,2009.705,0.0,0.0,0.0,0.0,100485.25
1736648,IT,SK,FINAN,RECRE,0.03,2009.691,3,3,2009.691,0.0,0.0,0.0,0.0,66989.7
1678427,IT,FR,INERT,FOOD1,0.01,2009.677,3,3,2009.677,0.0,0.0,0.0,0.0,200967.7
1785243,IT,ZA,TEXTI,NAPHT,0.01,2009.606,3,3,2009.606,0.0,0.0,0.0,0.0,200960.6
1779487,IT,TR,RENTI,BRICK,0.01,2009.447,3,3,2009.447,0.0,0.0,0.0,0.0,200944.7
1814725,IT,WM,OILHA,FOOD5,0.01,2009.262,3,3,2009.262,0.0,0.0,0.0,0.0,200926.2
1780600,IT,TW,INSUR,HEAVY,0.04,2009.201,3,3,2009.201,0.0,0.0,0.0,0.0,50230.025
1672219,IT,FI,REALE,PAPER,0.08,2009.13,3,3,2009.13,0.0,0.0,0.0,0.0,25114.125
1770151,IT,AU,RETA1,PRINT,0.02,2009.107,3,3,2009.107,0.0,0.0,0.0,0.0,100455.35
1784201,IT,ID,PRINT,RETA1,0.02,2008.994,3,3,2008.994,0.0,0.0,0.0,0.0,100449.7
1739330,IT,GB,HOTEL,PAPE4,0.01,2008.971,3,3,2008.971,0.0,0.0,0.0,0.0,200897.1
1746765,IT,JP,MACHI,PRECI,0.01,2008.892,3,3,2008.892,0.0,0.0,0.0,0.0,200889.2
1717566,IT,NL,COMPU,RUBBE,0.02,2008.721,3,3,2008.721,0.0,0.0,0.0,0.0,100436.05
1670537,IT,FI,TEXTI,FOOD5,0.01,2008.646,3,3,2008.646,0.0,0.0,0.0,0.0,200864.6
1802032,IT,WE,WHOLE,MEDIC,0.02,2008.636,3,3,2008.636,0.0,0.0,0.0,0.0,100431.8
1676478,IT,FR,RETA1,ELEC5,0.02,2008.584,3,3,2008.584,0.0,0.0,0.0,0.0,100429.2
1803911,IT,WF,WEARI,CEMEN,0.02,2008.392,3,3,2008.392,0.0,0.0,0.0,0.0,100419.6
1721685,IT,PL,FINAN,ALUM1,0.03,2008.119,3,3,2008.119,0.0,0.0,0.0,0.0,66937.3
1779408,IT,TR,REALE,KEROS,0.08,2008.034,3,3,2008.034,0.0,0.0,0.0,0.0,25100.425
1711559,IT,LU,FINAN,TEXTI,0.03,2007.716,3,3,2007.716,0.0,0.0,0.0,0.0,66923.866667
1743327,IT,US,CONST,CONST,0.01,2007.635,3,3,2007.635,0.0,0.0,0.0,0.0,200763.5
1731040,IT,SE,93197,LANDT,0.01,2007.223,3,3,2007.223,0.0,0.0,0.0,0.0,200722.3
1687414,IT,HU,HOTEL,INSUR,0.01,2007.125,3,3,2007.125,0.0,0.0,0.0,0.0,200712.5
1808790,IT,WF,WOOD2,NONF1,0.01,2007.035,3,3,2007.035,0.0,0.0,0.0,0.0,200703.5
1748142,IT,JP,EDUCA,RAILW,0.05,2007.033,3,3,2007.033,0.0,0.0,0.0,0.0,40140.66
1730979,IT,SE,WOOD1,HEALT,0.01,2007.028,3,3,2007.028,0.0,0.0,0.0,0.0,200702.8
1778708,IT,TR,RAILW,PRINT,0.01,2007.018,3,3,2007.018,0.0,0.0,0.0,0.0,200701.8
1775449,IT,CH,FOODW,RECRE,0.01,2006.858,3,3,2006.858,0.0,0.0,0.0,0.0,200685.8
1647046,IT,BE,RETA1,SEWAG,0.02,2006.804,3,3,2006.804,0.0,0.0,0.0,0.0,100340.2
1648300,IT,BE,PUBLI,POSTT,0.03,2006.802,3,3,2006.802,0.0,0.0,0.0,0.0,66893.4
1722029,IT,PL,RESEA,FABRI,0.01,2006.781,3,3,2006.781,0.0,0.0,0.0,0.0,200678.1
1808642,IT,WF,INERT,PIGS9,0.01,2006.741,3,3,2006.741,0.0,0.0,0.0,0.0,200674.1
1724467,IT,PT,SUPPO,BASIC,0.01,2006.592,3,3,2006.592,0.0,0.0,0.0,0.0,200659.2
1687315,IT,HU,RETA1,FURNI,0.02,2006.484,3,3,2006.484,0.0,0.0,0.0,0.0,100324.2
1798068,IT,WL,RECRE,BIODI,0.03,2006.412,3,3,2006.412,0.0,0.0,0.0,0.0,66880.4
1681240,IT,GR,FINAN,LIQUE,0.03,2006.26,3,3,2006.26,0.0,0.0,0.0,0.0,66875.333333
1802838,IT,WE,FOODW,PUBLI,0.01,2006.236,3,3,2006.236,0.0,0.0,0.0,0.0,200623.6
1770910,IT,AU,HEALT,WHOLE,0.01,2006.104,3,3,2006.104,0.0,0.0,0.0,0.0,200610.4
1780435,IT,TW,SUPPO,TRANS,0.01,2005.997,3,3,2005.997,0.0,0.0,0.0,0.0,200599.7
1677158,IT,FR,POSTT,KEROS,0.03,2005.845,3,3,2005.845,0.0,0.0,0.0,0.0,66861.5
1711358,IT,LU,WHOLE,FOOD2,0.02,2005.753,3,3,2005.753,0.0,0.0,0.0,0.0,100287.65
1683976,IT,HR,WHOLE,ELEC4,0.02,2005.476,3,3,2005.476,0.0,0.0,0.0,0.0,100273.8
1711418,IT,LU,HOTEL,RAILW,0.01,2005.436,3,3,2005.436,0.0,0.0,0.0,0.0,200543.6
1764946,IT,MX,POSTT,PLAST,0.03,2005.384,3,3,2005.384,0.0,0.0,0.0,0.0,66846.133333
1711907,IT,LU,FOOD2,WHOLE,0.01,2005.155,3,3,2005.155,0.0,0.0,0.0,0.0,200515.5
1796346,IT,WL,RETAI,RUBBE,0.02,2005.138,3,3,2005.138,0.0,0.0,0.0,0.0,100256.9
1780081,IT,TW,WHOLE,RETAI,0.02,2005.108,3,3,2005.108,0.0,0.0,0.0,0.0,100255.4
1672225,IT,FI,REALE,CHEM1,0.08,2005.037,3,3,2005.037,0.0,0.0,0.0,0.0,25062.9625
1721124,IT,PL,RAILW,WEARI,0.01,2005.012,3,3,2005.012,0.0,0.0,0.0,0.0,200501.2
1646953,IT,BE,WHOLE,PAPE1,0.02,2004.939,3,3,2004.939,0.0,0.0,0.0,0.0,100246.95
1661129,IT,DE,FOOD4,PAPE1,0.01,2004.888,3,3,2004.888,0.0,0.0,0.0,0.0,200488.8
1690532,IT,IE,WOOD2,CHEM1,0.01,2004.88,3,3,2004.88,0.0,0.0,0.0,0.0,200488.0
1640884,IT,AT,LEATH,NONME,0.01,2004.773,3,3,2004.773,0.0,0.0,0.0,0.0,200477.3
1791877,IT,WA,LANDT,FOOD4,0.01,2004.712,3,3,2004.712,0.0,0.0,0.0,0.0,200471.2
1734020,IT,SI,POSTT,EDUCA,0.03,2004.551,3,3,2004.551,0.0,0.0,0.0,0.0,66818.366667
1739253,IT,GB,HOTEL,RAWMI,0.01,2004.445,3,3,2004.445,0.0,0.0,0.0,0.0,200444.5
1783252,IT,NO,PUBLI,OFFIC,0.03,2004.272,3,3,2004.272,0.0,0.0,0.0,0.0,66809.066667
1775566,IT,CH,WOOD2,BUSIN,0.01,2004.129,3,3,2004.129,0.0,0.0,0.0,0.0,200412.9
1767328,IT,RU,HOTEL,PLAS2,0.01,2004.127,3,3,2004.127,0.0,0.0,0.0,0.0,200412.7
1710299,IT,LT,TRANS,RESEA,0.01,2004.084,3,3,2004.084,0.0,0.0,0.0,0.0,200408.4
1711268,IT,LU,MOTO1,RECRE,0.01,2004.015,3,3,2004.015,0.0,0.0,0.0,0.0,200401.5
1768147,IT,RU,PUBLI,KEROS,0.03,2003.948,3,3,2003.948,0.0,0.0,0.0,0.0,66798.266667
1718526,IT,PL,TEXTI,INTER,0.01,2003.905,3,3,2003.905,0.0,0.0,0.0,0.0,200390.5
1688562,IT,IE,PRINT,WOODW,0.02,2003.796,3,3,2003.796,0.0,0.0,0.0,0.0,100189.8
1792540,IT,WA,REALE,MEMBE,0.08,2003.76,3,3,2003.76,0.0,0.0,0.0,0.0,25047.0
1767593,IT,RU,SUPPO,GASDI,0.01,2003.56,3,3,2003.56,0.0,0.0,0.0,0.0,200356.0
1806571,IT,WF,CONST,NICKE,0.01,2003.518,3,3,2003.518,0.0,0.0,0.0,0.0,200351.8
1690441,IT,IE,FOOD4,FOOD3,0.01,2003.355,3,3,2003.355,0.0,0.0,0.0,0.0,200335.5
1779739,IT,TR,BUSIN,REFI1,0.02,2003.297,3,3,2003.297,0.0,0.0,0.0,0.0,100164.85
1801929,IT,WE,SALEM,LEATH,0.02,2003.196,3,3,2003.196,0.0,0.0,0.0,0.0,100159.8
1712900,IT,LV,REALE,WHOLE,0.08,2003.148,3,3,2003.148,0.0,0.0,0.0,0.0,25039.35
1724812,IT,PT,COMPU,AIRTR,0.02,2003.067,3,3,2003.067,0.0,0.0,0.0,0.0,100153.35
1681289,IT,GR,FINAN,93197,0.03,2002.964,3,3,2002.964,0.0,0.0,0.0,0.0,66765.466667
1649165,IT,BG,PRINT,KEROS,0.02,2002.838,3,3,2002.838,0.0,0.0,0.0,0.0,100141.9
1765091,IT,MX,AUXIL,HOTEL,0.04,2002.522,3,3,2002.522,0.0,0.0,0.0,0.0,50063.05
1814369,IT,WM,INSUR,INSUR,0.04,2002.274,3,3,2002.274,0.0,0.0,0.0,0.0,50056.85
1747373,IT,JP,RETA1,RAILW,0.02,2002.13,3,3,2002.13,0.0,0.0,0.0,0.0,100106.5
1714312,IT,MT,EDUCA,RADIO,0.05,2002.127,3,3,2002.127,0.0,0.0,0.0,0.0,40042.54
1684463,IT,HR,RENTI,FURNI,0.01,2002.098,3,3,2002.098,0.0,0.0,0.0,0.0,200209.8
1778079,IT,TR,MOTO1,VEGE1,0.01,2002.023,3,3,2002.023,0.0,0.0,0.0,0.0,200202.3
1724948,IT,PT,BUSIN,TEXT2,0.02,2001.956,3,3,2001.956,0.0,0.0,0.0,0.0,100097.8
1780003,IT,TW,SALEM,LEAD1,0.02,2001.915,3,3,2001.915,0.0,0.0,0.0,0.0,100095.75
1767714,IT,RU,FINAN,ELECT,0.03,2001.906,3,3,2001.906,0.0,0.0,0.0,0.0,66730.2
1751301,IT,CN,RAILW,WHOLE,0.01,2001.868,3,3,2001.868,0.0,0.0,0.0,0.0,200186.8
1678459,IT,FR,RECRE,PLAST,0.03,2001.851,3,3,2001.851,0.0,0.0,0.0,0.0,66728.366667
1808783,IT,WF,WOOD2,PLAST,0.01,2001.419,3,3,2001.419,0.0,0.0,0.0,0.0,200141.9
1775381,IT,CH,PUBLI,CEMEN,0.03,2001.326,3,3,2001.326,0.0,0.0,0.0,0.0,66710.866667
1793170,IT,WA,93197,GLASS,0.01,2001.318,3,3,2001.318,0.0,0.0,0.0,0.0,200131.8
1751792,IT,CN,AUXIL,ELEC4,0.04,2000.586,3,3,2000.586,0.0,0.0,0.0,0.0,50014.65
1669505,IT,ES,AUXIL,WHOLE,0.04,2000.529,3,3,2000.529,0.0,0.0,0.0,0.0,50013.225
1643408,IT,AT,LANDT,TOBAC,0.01,2000.452,3,3,2000.452,0.0,0.0,0.0,0.0,200045.2
1721578,IT,PL,POSTT,NATUR,0.03,2000.377,3,3,2000.377,0.0,0.0,0.0,0.0,66679.233333
1647952,IT,BE,RENTI,MOTOR,0.01,2000.309,3,3,2000.309,0.0,0.0,0.0,0.0,200030.9
1720877,IT,PL,CONST,TRAN1,0.01,2000.21,3,3,2000.21,0.0,0.0,0.0,0.0,200021.0
1768724,IT,AU,WEARI,FOOD5,0.02,2000.049,3,3,2000.049,0.0,0.0,0.0,0.0,100002.45
1783204,IT,NO,BUSIN,MEATP,0.02,2000.031,3,3,2000.031,0.0,0.0,0.0,0.0,100001.55
1770161,IT,AU,RETA1,MACHI,0.02,1999.931,3,3,1999.931,0.0,0.0,0.0,0.0,99996.55
1806365,IT,WF,MOTO1,DAIRY,0.01,1999.829,3,3,1999.829,0.0,0.0,0.0,0.0,199982.9
1765734,IT,RU,PRINT,PULP5,0.02,1999.823,3,3,1999.823,0.0,0.0,0.0,0.0,99991.15
1767944,IT,RU,COMPU,FISH5,0.02,1999.816,3,3,1999.816,0.0,0.0,0.0,0.0,99990.8
1654808,IT,CZ,SUPPO,COLLE,0.01,1999.545,3,3,1999.545,0.0,0.0,0.0,0.0,199954.5
1711322,IT,LU,WHOLE,CEMEN,0.02,1999.505,3,3,1999.505,0.0,0.0,0.0,0.0,99975.25
1660817,IT,DE,COMPU,LEAD1,0.02,1999.476,3,3,1999.476,0.0,0.0,0.0,0.0,99973.8
1682513,IT,HR,PRINT,HEALT,0.02,1999.286,3,3,1999.286,0.0,0.0,0.0,0.0,99964.3
1751592,IT,CN,POSTT,ELEC2,0.03,1999.257,3,3,1999.257,0.0,0.0,0.0,0.0,66641.9
1664606,IT,EE,RAILW,POSTT,0.01,1999.155,3,3,1999.155,0.0,0.0,0.0,0.0,199915.5
1791673,IT,WA,HOTEL,ELE11,0.01,1999.042,3,3,1999.042,0.0,0.0,0.0,0.0,199904.2
1664713,IT,EE,SUPPO,PFERT,0.01,1998.982,3,3,1998.982,0.0,0.0,0.0,0.0,199898.2
1736615,IT,SK,POSTT,EDUCA,0.03,1998.951,3,3,1998.951,0.0,0.0,0.0,0.0,66631.7
1684620,IT,HR,FOOD4,CEMEN,0.01,1998.917,3,3,1998.917,0.0,0.0,0.0,0.0,199891.7
1654620,IT,CZ,LANDT,PIGS9,0.01,1998.681,3,3,1998.681,0.0,0.0,0.0,0.0,199868.1
1764967,IT,MX,POSTT,AIRTR,0.03,1998.646,3,3,1998.646,0.0,0.0,0.0,0.0,66621.533333
1783308,IT,NO,PAPE1,NATUR,0.01,1998.612,3,3,1998.612,0.0,0.0,0.0,0.0,199861.2
1655079,IT,CZ,COMPU,STEAM,0.02,1998.599,3,3,1998.599,0.0,0.0,0.0,0.0,99929.95
1678450,IT,FR,RECRE,BEVER,0.03,1998.468,3,3,1998.468,0.0,0.0,0.0,0.0,66615.6
1767136,IT,RU,CONST,ELEC3,0.01,1998.455,3,3,1998.455,0.0,0.0,0.0,0.0,199845.5
1794151,IT,WL,PRINT,CROPS,0.02,1998.442,3,3,1998.442,0.0,0.0,0.0,0.0,99922.1
1668092,IT,ES,CONST,PAPER,0.01,1998.401,3,3,1998.401,0.0,0.0,0.0,0.0,199840.1
1663701,IT,EE,FORES,FORES,0.02,1998.357,4,4,1997.357,0.0,1.0,0.0,0.0,99917.85
1640406,IT,AT,MEAT4,RESEA,0.01,1998.344,3,3,1998.344,0.0,0.0,0.0,0.0,199834.4
1810258,IT,WM,LEATH,ALUM1,0.01,1998.108,3,3,1998.108,0.0,0.0,0.0,0.0,199810.8
1760238,IT,BR,TEXT2,CHEM1,0.01,1998.079,3,3,1998.079,0.0,0.0,0.0,0.0,199807.9
1810013,IT,WM,TEXTI,HYDRO,0.01,1998.076,3,3,1998.076,0.0,0.0,0.0,0.0,199807.6
1663837,IT,EE,TEXTI,PFERT,0.01,1997.974,3,3,1997.974,0.0,0.0,0.0,0.0,199797.4
1717791,IT,NL,PAPE1,FOUND,0.01,1997.844,3,3,1997.844,0.0,0.0,0.0,0.0,199784.4
1797097,IT,WL,POSTT,NATU1,0.03,1997.663,3,3,1997.663,0.0,0.0,0.0,0.0,66588.766667
1797220,IT,WL,FINAN,PREC1,0.03,1997.465,3,3,1997.465,0.0,0.0,0.0,0.0,66582.166667
1654387,IT,CZ,SALEM,RETA1,0.02,1997.462,3,3,1997.462,0.0,0.0,0.0,0.0,99873.1
1802577,IT,WE,FINAN,SEACO,0.03,1997.459,3,3,1997.459,0.0,0.0,0.0,0.0,66581.966667
1764676,IT,MX,HOTEL,CATTL,0.01,1997.245,3,3,1997.245,0.0,0.0,0.0,0.0,199724.5
1720634,IT,PL,MOTO1,HEAVY,0.01,1997.074,3,3,1997.074,0.0,0.0,0.0,0.0,199707.4
1767724,IT,RU,FINAN,STEAM,0.03,1996.902,3,3,1996.902,0.0,0.0,0.0,0.0,66563.4
1736802,IT,SK,COMPU,SALEM,0.02,1996.876,3,3,1996.876,0.0,0.0,0.0,0.0,99843.8
1681291,IT,GR,INSUR,PLANT,0.04,1996.674,3,3,1996.674,0.0,0.0,0.0,0.0,49916.85
1649163,IT,BG,PRINT,PAPER,0.02,1996.426,3,3,1996.426,0.0,0.0,0.0,0.0,99821.3
1814799,IT,WM,PAPE4,AUXIL,0.01,1996.213,3,3,1996.213,0.0,0.0,0.0,0.0,199621.3
1654211,IT,CZ,MOTO1,WOOD1,0.01,1996.204,3,3,1996.204,0.0,0.0,0.0,0.0,199620.4
1677643,IT,FR,REALE,PAPE1,0.08,1996.177,3,3,1996.177,0.0,0.0,0.0,0.0,24952.2125
1808313,IT,WF,FOOD2,PRIVA,0.01,1996.142,3,3,1996.142,0.0,0.0,0.0,0.0,199614.2
1688584,IT,IE,PRINT,COLLE,0.02,1996.008,3,3,1996.008,0.0,0.0,0.0,0.0,99800.4
1677581,IT,FR,REALE,GASDI,0.08,1995.88,3,3,1995.88,0.0,0.0,0.0,0.0,24948.5
1654716,IT,CZ,LANDT,OILHA,0.01,1995.855,3,3,1995.855,0.0,0.0,0.0,0.0,199585.5
1654784,IT,CZ,SUPPO,LEATH,0.01,1995.848,3,3,1995.848,0.0,0.0,0.0,0.0,199584.8
1678995,IT,GR,LEATH,ELEC1,0.01,1995.822,3,3,1995.822,0.0,0.0,0.0,0.0,199582.2
1743726,IT,US,LANDT,CATTL,0.01,1995.701,3,3,1995.701,0.0,0.0,0.0,0.0,199570.1
1743511,IT,US,RETA1,ELEC2,0.02,1995.604,3,3,1995.604,0.0,0.0,0.0,0.0,99780.2
1727629,IT,RO,RENTI,DAIRY,0.01,1995.426,3,3,1995.426,0.0,0.0,0.0,0.0,199542.6
1765428,IT,RU,TEXTI,GLASS,0.01,1995.246,3,3,1995.246,0.0,0.0,0.0,0.0,199524.6
1668142,IT,ES,SALEM,TEXTI,0.02,1995.149,3,3,1995.149,0.0,0.0,0.0,0.0,99757.45
1715082,IT,NL,WEARI,PLAST,0.02,1995.1,3,3,1995.1,0.0,0.0,0.0,0.0,99755.0
1787150,IT,ZA,PUBLI,GASDI,0.03,1994.605,3,3,1994.605,0.0,0.0,0.0,0.0,66486.833333
1672188,IT,FI,AUXIL,COLLE,0.04,1994.596,3,3,1994.596,0.0,0.0,0.0,0.0,49864.9
1728358,IT,SE,TEXTI,LIQUI,0.01,1994.506,3,3,1994.506,0.0,0.0,0.0,0.0,199450.6
1773580,IT,CH,MOTO1,INTER,0.01,1994.347,3,3,1994.347,0.0,0.0,0.0,0.0,199434.7
1675657,IT,FR,TRANS,WOODW,0.01,1994.274,3,3,1994.274,0.0,0.0,0.0,0.0,199427.4
1655416,IT,DE,MEATA,COMPU,0.01,1994.054,3,3,1994.054,0.0,0.0,0.0,0.0,199405.4
1727812,IT,RO,BUSIN,NONF1,0.02,1993.994,3,3,1993.994,0.0,0.0,0.0,0.0,99699.7
1797414,IT,WL,COMPU,MEDIC,0.02,1993.966,3,3,1993.966,0.0,0.0,0.0,0.0,99698.3
1654577,IT,CZ,RAILW,PAPER,0.01,1993.955,3,3,1993.955,0.0,0.0,0.0,0.0,199395.5
1753554,IT,CA,MACHI,PLAST,0.01,1993.766,3,3,1993.766,0.0,0.0,0.0,0.0,199376.6
1802768,IT,WE,BUSIN,BEVER,0.02,1993.598,3,3,1993.598,0.0,0.0,0.0,0.0,99679.9
1646610,IT,BE,MOTO1,REALE,0.01,1993.549,3,3,1993.549,0.0,0.0,0.0,0.0,199354.9
1717656,IT,NL,BUSIN,NUCLE,0.02,1993.542,3,3,1993.542,0.0,0.0,0.0,0.0,99677.1
1663409,IT,DK,FINAN,AUXIL,0.03,1993.337,3,3,1993.337,0.0,0.0,0.0,0.0,66444.566667
1758933,IT,BR,RAILW,WEARI,0.01,1993.328,3,3,1993.328,0.0,0.0,0.0,0.0,199332.8
1810122,IT,WM,WEARI,PIGS9,0.02,1993.305,3,3,1993.305,0.0,0.0,0.0,0.0,99665.25
1754500,IT,CA,BUSIN,BITU1,0.02,1993.253,3,3,1993.253,0.0,0.0,0.0,0.0,99662.65
1661153,IT,DE,RECRE,HEALT,0.03,1992.927,3,3,1992.927,0.0,0.0,0.0,0.0,66430.9
1689390,IT,IE,RETA1,WASTE,0.02,1992.703,3,3,1992.703,0.0,0.0,0.0,0.0,99635.15
1681605,IT,GR,PUBLI,GASDI,0.03,1992.477,3,3,1992.477,0.0,0.0,0.0,0.0,66415.9
1690451,IT,IE,PAPE4,FISHF,0.01,1992.394,3,3,1992.394,0.0,0.0,0.0,0.0,199239.4
1733727,IT,SI,LANDT,OILSE,0.01,1992.309,3,3,1992.309,0.0,0.0,0.0,0.0,199230.9
1736636,IT,SK,FINAN,WHOLE,0.03,1992.135,3,3,1992.135,0.0,0.0,0.0,0.0,66404.5
1774386,IT,CH,HOTEL,INTER,0.01,1992.078,3,3,1992.078,0.0,0.0,0.0,0.0,199207.8
1678451,IT,FR,RECRE,TEXTI,0.03,1991.969,3,3,1991.969,0.0,0.0,0.0,0.0,66398.966667
1765528,IT,RU,LEATH,FISHF,0.01,1991.944,3,3,1991.944,0.0,0.0,0.0,0.0,199194.4
1747771,IT,JP,AUXIL,FABRI,0.04,1991.832,3,3,1991.832,0.0,0.0,0.0,0.0,49795.8
1765535,IT,RU,LEATH,VEGE1,0.01,1991.755,3,3,1991.755,0.0,0.0,0.0,0.0,199175.5
1802885,IT,WE,MEMBE,HEALT,0.02,1991.68,3,3,1991.68,0.0,0.0,0.0,0.0,99584.0
1808289,IT,WF,FOOD2,DIST1,0.01,1991.621,3,3,1991.621,0.0,0.0,0.0,0.0,199162.1
1660607,IT,DE,REALE,GLASS,0.08,1991.491,3,3,1991.491,0.0,0.0,0.0,0.0,24893.6375
1747421,IT,JP,LANDT,CHEM1,0.01,1991.487,3,3,1991.487,0.0,0.0,0.0,0.0,199148.7
1747218,IT,JP,SALEM,PLAST,0.02,1991.416,3,3,1991.416,0.0,0.0,0.0,0.0,99570.8
1780921,IT,TW,RESEA,LANDT,0.01,1991.266,3,3,1991.266,0.0,0.0,0.0,0.0,199126.6
1787188,IT,ZA,PUBLI,PUBLI,0.03,1991.259,3,3,1991.259,0.0,0.0,0.0,0.0,66375.3
1689894,IT,IE,AUXIL,NONME,0.04,1991.253,3,3,1991.253,0.0,0.0,0.0,0.0,49781.325
1686884,IT,HU,MACHI,CATTL,0.01,1991.219,3,3,1991.219,0.0,0.0,0.0,0.0,199121.9
1670589,IT,FI,TEXTI,FOOD4,0.01,1990.967,3,3,1990.967,0.0,0.0,0.0,0.0,199096.7
1754606,IT,KR,FORES,VEGET,0.02,1990.922,4,4,1989.922,0.0,1.0,0.0,0.0,99546.1
1778078,IT,TR,MOTO1,MEAT1,0.01,1990.866,3,3,1990.866,0.0,0.0,0.0,0.0,199086.6
1655429,IT,DE,FORES,BKBPE,0.02,1990.859,4,4,1989.859,0.0,1.0,0.0,0.0,99542.95
1759349,IT,BR,FINAN,GASDI,0.03,1990.801,3,3,1990.801,0.0,0.0,0.0,0.0,66360.033333
1730348,IT,SE,SUPPO,TRANS,0.01,1990.537,3,3,1990.537,0.0,0.0,0.0,0.0,199053.7
1689636,IT,IE,SUPPO,REALE,0.01,1990.469,3,3,1990.469,0.0,0.0,0.0,0.0,199046.9
1764917,IT,MX,SUPPO,BEVER,0.01,1990.42,3,3,1990.42,0.0,0.0,0.0,0.0,199042.0
1778759,IT,TR,LANDT,NONFE,0.01,1990.164,3,3,1990.164,0.0,0.0,0.0,0.0,199016.4
1770334,IT,AU,HOTEL,TEXT2,0.01,1990.001,3,3,1990.001,0.0,0.0,0.0,0.0,199000.1
1781562,IT,NO,TEXTI,FOOD4,0.01,1989.873,3,3,1989.873,0.0,0.0,0.0,0.0,198987.3
1684965,IT,HU,MEAT4,PLAST,0.01,1989.838,3,3,1989.838,0.0,0.0,0.0,0.0,198983.8
1676118,IT,FR,ELEC8,RAILW,0.03,1989.665,3,3,1989.665,0.0,0.0,0.0,0.0,66322.166667
1646977,IT,BE,RETA1,HYDRO,0.02,1989.576,3,3,1989.576,0.0,0.0,0.0,0.0,99478.8
1648127,IT,BE,RESEA,DIST1,0.01,1989.506,3,3,1989.506,0.0,0.0,0.0,0.0,198950.6
1729741,IT,SE,MACHI,LIQUE,0.01,1989.305,3,3,1989.305,0.0,0.0,0.0,0.0,198930.5
1745157,IT,US,93197,CONST,0.01,1989.259,3,3,1989.259,0.0,0.0,0.0,0.0,198925.9
1803914,IT,WF,WEARI,PREC1,0.01,1989.161,3,3,1989.161,0.0,0.0,0.0,0.0,198916.1
1796650,IT,WL,HOTEL,BIOG1,0.01,1989.139,3,3,1989.139,0.0,0.0,0.0,0.0,198913.9
1739746,IT,GB,SUPPO,FOOD1,0.01,1989.095,3,3,1989.095,0.0,0.0,0.0,0.0,198909.5
1742885,IT,US,MACHI,COKEO,0.01,1989.089,3,3,1989.089,0.0,0.0,0.0,0.0,198908.9
1652050,IT,CZ,MEATA,BIOGA,0.01,1989.02,3,3,1989.02,0.0,0.0,0.0,0.0,198902.0
1687829,IT,HU,POSTT,93197,0.03,1988.99,3,3,1988.99,0.0,0.0,0.0,0.0,66299.666667
1663881,IT,EE,WEARI,SALEM,0.01,1988.914,3,3,1988.914,0.0,0.0,0.0,0.0,198891.4
1717795,IT,NL,OILHA,NONF1,0.01,1988.869,3,3,1988.869,0.0,0.0,0.0,0.0,198886.9
1784683,IT,ID,MOTO1,AUXIL,0.01,1988.74,3,3,1988.74,0.0,0.0,0.0,0.0,198874.0
1752728,IT,CA,LEATH,RETAI,0.01,1988.519,3,3,1988.519,0.0,0.0,0.0,0.0,198851.9
1713785,IT,MT,MOTO1,PUBLI,0.01,1988.487,3,3,1988.487,0.0,0.0,0.0,0.0,198848.7
1765217,IT,RU,PADDY,PLAS2,0.02,1988.451,3,3,1988.451,0.0,0.0,0.0,0.0,99422.55
1650648,IT,BG,WHOLE,PROCE,0.02,1988.385,3,3,1988.385,0.0,0.0,0.0,0.0,99419.25
1774181,IT,CH,RETA1,FISHF,0.02,1988.358,3,3,1988.358,0.0,0.0,0.0,0.0,99417.9
1672260,IT,FI,REALE,COMPU,0.08,1988.198,3,3,1988.198,0.0,0.0,0.0,0.0,24852.475
1797332,IT,WL,REALE,FISH5,0.08,1988.005,3,3,1988.005,0.0,0.0,0.0,0.0,24850.0625
1710856,IT,LU,PRINT,DIST1,0.02,1987.83,3,3,1987.83,0.0,0.0,0.0,0.0,99391.5
1791753,IT,WA,RAILW,FABRI,0.01,1987.795,3,3,1987.795,0.0,0.0,0.0,0.0,198779.5
1753999,IT,CA,LANDT,RENTI,0.01,1987.728,3,3,1987.728,0.0,0.0,0.0,0.0,198772.8
1802063,IT,WE,RETA1,WHEAT,0.02,1987.705,3,3,1987.705,0.0,0.0,0.0,0.0,99385.25
1770827,IT,AU,BUSIN,RAWMI,0.02,1987.602,3,3,1987.602,0.0,0.0,0.0,0.0,99380.1
1774891,IT,CH,INSUR,VEGE1,0.04,1987.482,3,3,1987.482,0.0,0.0,0.0,0.0,49687.05
1650639,IT,BG,WHOLE,CROPS,0.02,1987.097,3,3,1987.097,0.0,0.0,0.0,0.0,99354.85
1784684,IT,ID,MOTO1,REALE,0.01,1987.025,3,3,1987.025,0.0,0.0,0.0,0.0,198702.5
1748321,IT,JP,PRIVA,SUPPO,0.44,1986.945,3,3,1986.945,0.0,0.0,0.0,0.0,4515.784091
1779268,IT,TR,FINAN,COPP1,0.03,1986.86,3,3,1986.86,0.0,0.0,0.0,0.0,66228.666667
1764484,IT,MX,CONST,FISH5,0.01,1986.819,3,3,1986.819,0.0,0.0,0.0,0.0,198681.9
1778069,IT,TR,MOTO1,CROPS,0.01,1986.75,3,3,1986.75,0.0,0.0,0.0,0.0,198675.0
1760178,IT,BR,FOOD4,BRICK,0.01,1986.7,3,3,1986.7,0.0,0.0,0.0,0.0,198670.0
1791284,IT,WA,CONST,CHARC,0.01,1986.59,3,3,1986.59,0.0,0.0,0.0,0.0,198659.0
1654871,IT,CZ,POSTT,RETAI,0.03,1986.453,3,3,1986.453,0.0,0.0,0.0,0.0,66215.1
1773842,IT,CH,ELEC4,RECRE,0.03,1986.378,3,3,1986.378,0.0,0.0,0.0,0.0,66212.6
1751128,IT,CN,RETA1,AIRTR,0.02,1985.823,3,3,1985.823,0.0,0.0,0.0,0.0,99291.15
1751652,IT,CN,FINAN,FINAN,0.03,1985.757,3,3,1985.757,0.0,0.0,0.0,0.0,66191.9
1724578,IT,PT,FINAN,STONE,0.03,1985.726,3,3,1985.726,0.0,0.0,0.0,0.0,66190.866667
1773639,IT,CH,TRANS,PAPE1,0.01,1985.664,3,3,1985.664,0.0,0.0,0.0,0.0,198566.4
1759527,IT,BR,RENTI,CEMEN,0.01,1985.508,3,3,1985.508,0.0,0.0,0.0,0.0,198550.8
1690263,IT,IE,INTER,RENTI,0.01,1985.498,3,3,1985.498,0.0,0.0,0.0,0.0,198549.8
1759555,IT,BR,COMPU,MOTOR,0.02,1985.339,3,3,1985.339,0.0,0.0,0.0,0.0,99266.95
1807237,IT,WF,SUPPO,FABRI,0.01,1985.303,3,3,1985.303,0.0,0.0,0.0,0.0,198530.3
1739958,IT,GB,AUXIL,CHEM1,0.04,1985.05,3,3,1985.05,0.0,0.0,0.0,0.0,49626.25
1730529,IT,SE,INSUR,93197,0.04,1984.887,3,3,1984.887,0.0,0.0,0.0,0.0,49622.175
1797602,IT,WL,FOODW,MEATP,0.01,1984.838,3,3,1984.838,0.0,0.0,0.0,0.0,198483.8
1665413,IT,ES,TEXTI,SECO9,0.01,1984.838,3,3,1984.838,0.0,0.0,0.0,0.0,198483.8
1768230,IT,RU,EDUCA,SUPPO,0.05,1984.79,3,3,1984.79,0.0,0.0,0.0,0.0,39695.8
1717389,IT,NL,INSUR,SANDC,0.04,1984.749,3,3,1984.749,0.0,0.0,0.0,0.0,49618.725
1747942,IT,JP,RESEA,KERO1,0.01,1984.695,3,3,1984.695,0.0,0.0,0.0,0.0,198469.5
1724528,IT,PT,POSTT,BASIC,0.03,1984.679,3,3,1984.679,0.0,0.0,0.0,0.0,66155.966667
1724154,IT,PT,RETA1,TRAN2,0.02,1984.635,3,3,1984.635,0.0,0.0,0.0,0.0,99231.75
1647023,IT,BE,RETA1,CONST,0.02,1984.565,3,3,1984.565,0.0,0.0,0.0,0.0,99228.25
1644146,IT,AT,FOOD2,FOOD2,0.01,1984.508,3,3,1984.508,0.0,0.0,0.0,0.0,198450.8
1770298,IT,AU,HOTEL,GASWO,0.01,1984.433,3,3,1984.433,0.0,0.0,0.0,0.0,198443.3
1814629,IT,WM,FOODW,LANDT,0.01,1984.351,3,3,1984.351,0.0,0.0,0.0,0.0,198435.1
1733176,IT,SI,MACHI,WHEAT,0.01,1984.287,3,3,1984.287,0.0,0.0,0.0,0.0,198428.7
1736137,IT,SK,CONST,INSUR,0.01,1984.206,3,3,1984.206,0.0,0.0,0.0,0.0,198420.6
1773910,IT,CH,CONST,GASDI,0.01,1984.153,3,3,1984.153,0.0,0.0,0.0,0.0,198415.3
1716959,IT,NL,RAILW,SEACO,0.01,1984.065,3,3,1984.065,0.0,0.0,0.0,0.0,198406.5
1687448,IT,HU,RAILW,BRICK,0.01,1983.992,3,3,1983.992,0.0,0.0,0.0,0.0,198399.2
1721266,IT,PL,LANDT,MEDIC,0.01,1983.788,3,3,1983.788,0.0,0.0,0.0,0.0,198378.8
1743500,IT,US,RETA1,NFERT,0.02,1983.573,3,3,1983.573,0.0,0.0,0.0,0.0,99178.65
1727451,IT,RO,AUXIL,POULT,0.04,1983.549,3,3,1983.549,0.0,0.0,0.0,0.0,49588.725
1744734,IT,US,RESEA,COPPE,0.01,1983.105,3,3,1983.105,0.0,0.0,0.0,0.0,198310.5
1651877,IT,CY,POSTT,CONST,0.03,1982.757,3,3,1982.757,0.0,0.0,0.0,0.0,66091.9
1714230,IT,MT,REALE,FURNI,0.08,1982.024,3,3,1982.024,0.0,0.0,0.0,0.0,24775.3
1711271,IT,LU,TRANS,CONST,0.01,1981.953,3,3,1981.953,0.0,0.0,0.0,0.0,198195.3
1647078,IT,BE,HOTEL,LEATH,0.01,1981.821,3,3,1981.821,0.0,0.0,0.0,0.0,198182.1
1724465,IT,PT,SUPPO,GASDI,0.01,1981.555,3,3,1981.555,0.0,0.0,0.0,0.0,198155.5
1728454,IT,SE,LEATH,PAPER,0.01,1981.54,3,3,1981.54,0.0,0.0,0.0,0.0,198154.0
1685288,IT,HU,TEXTI,OILHA,0.01,1981.504,3,3,1981.504,0.0,0.0,0.0,0.0,198150.4
1797368,IT,WL,RENTI,KEROS,0.01,1981.219,3,3,1981.219,0.0,0.0,0.0,0.0,198121.9
1733683,IT,SI,RAILW,TEXTI,0.01,1981.181,3,3,1981.181,0.0,0.0,0.0,0.0,198118.1
1672296,IT,FI,RENTI,FINAN,0.01,1981.17,3,3,1981.17,0.0,0.0,0.0,0.0,198117.0
1685347,IT,HU,LEATH,WHEAT,0.01,1981.164,3,3,1981.164,0.0,0.0,0.0,0.0,198116.4
1659398,IT,DE,WHOLE,WOODW,0.02,1981.16,3,3,1981.16,0.0,0.0,0.0,0.0,99058.0
1814533,IT,WM,RESEA,INERT,0.01,1981.106,3,3,1981.106,0.0,0.0,0.0,0.0,198110.6
1661912,IT,DK,PRINT,TRANS,0.02,1981.068,3,3,1981.068,0.0,0.0,0.0,0.0,99053.4
1783703,IT,NO,FOOD4,PFERT,0.01,1981.036,3,3,1981.036,0.0,0.0,0.0,0.0,198103.6
1775506,IT,CH,FOOD2,PRINT,0.01,1980.994,3,3,1980.994,0.0,0.0,0.0,0.0,198099.4
1655788,IT,DE,MEAT4,LANDT,0.01,1980.974,3,3,1980.974,0.0,0.0,0.0,0.0,198097.4
1656299,IT,DE,LEATH,ALUM1,0.01,1980.833,3,3,1980.833,0.0,0.0,0.0,0.0,198083.3
1643863,IT,AT,AUXIL,RENTI,0.04,1980.708,3,3,1980.708,0.0,0.0,0.0,0.0,49517.7
1643384,IT,AT,LANDT,SUGAR,0.01,1980.679,3,3,1980.679,0.0,0.0,0.0,0.0,198067.9
1767789,IT,RU,INSUR,COLLE,0.04,1980.661,3,3,1980.661,0.0,0.0,0.0,0.0,49516.525
1768161,IT,RU,PUBLI,ALUM1,0.03,1980.599,3,3,1980.599,0.0,0.0,0.0,0.0,66019.966667
1711363,IT,LU,RETA1,CATTL,0.02,1980.272,3,3,1980.272,0.0,0.0,0.0,0.0,99013.6
1791796,IT,WA,LANDT,ANTHR,0.01,1980.215,3,3,1980.215,0.0,0.0,0.0,0.0,198021.5
1754506,IT,CA,BUSIN,CERAM,0.02,1980.211,3,3,1980.211,0.0,0.0,0.0,0.0,99010.55
1688064,IT,HU,COMPU,COLLE,0.02,1980.157,3,3,1980.157,0.0,0.0,0.0,0.0,99007.85
1778307,IT,TR,SALEM,FURNI,0.02,1979.824,3,3,1979.824,0.0,0.0,0.0,0.0,98991.2
1687044,IT,HU,MOTO1,MEATP,0.01,1979.696,3,3,1979.696,0.0,0.0,0.0,0.0,197969.6
1670125,IT,ES,INERT,BEVER,0.01,1979.681,3,3,1979.681,0.0,0.0,0.0,0.0,197968.1
1648082,IT,BE,COMPU,WASTE,0.02,1979.661,3,3,1979.661,0.0,0.0,0.0,0.0,98983.05
1655783,IT,DE,MEAT4,PLAST,0.01,1979.646,3,3,1979.646,0.0,0.0,0.0,0.0,197964.6
1717908,IT,PL,FORES,RUBBE,0.02,1979.627,4,4,1978.627,0.0,1.0,0.0,0.0,98981.35
1689448,IT,IE,HOTEL,SECO9,0.01,1979.562,3,3,1979.562,0.0,0.0,0.0,0.0,197956.2
1785247,IT,ZA,TEXTI,PFERT,0.01,1979.47,3,3,1979.47,0.0,0.0,0.0,0.0,197947.0
1660311,IT,DE,POSTT,FOOD2,0.03,1979.443,3,3,1979.443,0.0,0.0,0.0,0.0,65981.433333
1734910,IT,SK,PRINT,MOTO1,0.02,1979.428,3,3,1979.428,0.0,0.0,0.0,0.0,98971.4
1670052,IT,ES,FOOD2,PRINT,0.01,1979.398,3,3,1979.398,0.0,0.0,0.0,0.0,197939.8
1671516,IT,FI,MACHI,DIST1,0.01,1979.254,3,3,1979.254,0.0,0.0,0.0,0.0,197925.4
1716565,IT,NL,CONST,BUSIN,0.01,1979.059,3,3,1979.059,0.0,0.0,0.0,0.0,197905.9
1747782,IT,JP,AUXIL,ELEC4,0.04,1978.981,3,3,1978.981,0.0,0.0,0.0,0.0,49474.525
1663424,IT,DK,AUXIL,WHOLE,0.04,1978.745,3,3,1978.745,0.0,0.0,0.0,0.0,49468.625
1764688,IT,MX,HOTEL,STONE,0.01,1978.743,3,3,1978.743,0.0,0.0,0.0,0.0,197874.3
1747290,IT,JP,WHOLE,FOUND,0.02,1978.741,3,3,1978.741,0.0,0.0,0.0,0.0,98937.05
1736969,IT,GB,CROPS,VEGE1,0.02,1978.696,3,3,1978.696,0.0,0.0,0.0,0.0,98934.8
1724278,IT,PT,LANDT,NONME,0.01,1978.608,3,3,1978.608,0.0,0.0,0.0,0.0,197860.8
1753699,IT,CA,TRANS,CEREA,0.01,1978.548,3,3,1978.548,0.0,0.0,0.0,0.0,197854.8
1809670,IT,WM,PROCE,VEGET,0.01,1978.362,3,3,1978.362,0.0,0.0,0.0,0.0,197836.2
1813721,IT,WM,HOTEL,MEATP,0.01,1978.306,3,3,1978.306,0.0,0.0,0.0,0.0,197830.6
1724978,IT,PT,EDUCA,MOTO1,0.05,1977.934,3,3,1977.934,0.0,0.0,0.0,0.0,39558.68
1680825,IT,GR,RAILW,DIST1,0.01,1977.893,3,3,1977.893,0.0,0.0,0.0,0.0,197789.3
1761718,IT,IN,MACHI,MEATC,0.01,1977.86,3,3,1977.86,0.0,0.0,0.0,0.0,197786.0
1647998,IT,BE,COMPU,VEGE1,0.02,1977.828,3,3,1977.828,0.0,0.0,0.0,0.0,98891.4
1659772,IT,DE,LANDT,CRUDE,0.01,1977.763,3,3,1977.763,0.0,0.0,0.0,0.0,197776.3
1756599,IT,KR,RAILW,HEAVY,0.01,1977.447,3,3,1977.447,0.0,0.0,0.0,0.0,197744.7
1725068,IT,RO,CROPS,FISHF,0.02,1977.331,3,3,1977.331,0.0,0.0,0.0,0.0,98866.55
1806995,IT,WF,LANDT,NONF1,0.01,1977.294,3,3,1977.294,0.0,0.0,0.0,0.0,197729.4
1644154,IT,AT,INERT,DISTR,0.01,1977.271,3,3,1977.271,0.0,0.0,0.0,0.0,197727.1
1761710,IT,IN,MACHI,WOOLS,0.01,1977.264,3,3,1977.264,0.0,0.0,0.0,0.0,197726.4
1688039,IT,HU,COMPU,PULP5,0.02,1977.135,3,3,1977.135,0.0,0.0,0.0,0.0,98856.75
1752000,IT,CN,RESEA,LEAD1,0.01,1976.854,3,3,1976.854,0.0,0.0,0.0,0.0,197685.4
1690519,IT,IE,TEXT2,CONST,0.01,1976.821,3,3,1976.821,0.0,0.0,0.0,0.0,197682.1
1642919,IT,AT,TRANS,POSTT,0.01,1976.763,3,3,1976.763,0.0,0.0,0.0,0.0,197676.3
1806827,IT,WF,RETA1,ELECT,0.02,1976.66,3,3,1976.66,0.0,0.0,0.0,0.0,98833.0
1725076,IT,RO,CROPS,WEARI,0.02,1976.617,3,3,1976.617,0.0,0.0,0.0,0.0,98830.85
1739329,IT,GB,HOTEL,FOOD4,0.01,1976.61,3,3,1976.61,0.0,0.0,0.0,0.0,197661.0
1652447,IT,CZ,TEXTI,MEMBE,0.01,1976.539,3,3,1976.539,0.0,0.0,0.0,0.0,197653.9
1688038,IT,HU,COMPU,WOODW,0.02,1976.499,3,3,1976.499,0.0,0.0,0.0,0.0,98824.95
1762498,IT,IN,INSUR,FISH5,0.04,1976.157,3,3,1976.157,0.0,0.0,0.0,0.0,49403.925
1725383,IT,RO,TEXTI,WHITE,0.01,1976.038,3,3,1976.038,0.0,0.0,0.0,0.0,197603.8
1664551,IT,EE,RETAI,SALEM,0.02,1975.999,3,3,1975.999,0.0,0.0,0.0,0.0,98799.95
1724801,IT,PT,COMPU,ELEC4,0.02,1975.958,3,3,1975.958,0.0,0.0,0.0,0.0,98797.9
1812997,IT,WM,MACHI,ELEC8,0.01,1975.935,3,3,1975.935,0.0,0.0,0.0,0.0,197593.5
1748032,IT,JP,BUSIN,BITU1,0.02,1975.893,3,3,1975.893,0.0,0.0,0.0,0.0,98794.65
1782678,IT,NO,WHOLE,REFI1,0.02,1975.853,3,3,1975.853,0.0,0.0,0.0,0.0,98792.65
1736088,IT,SK,CONST,MEATC,0.01,1975.794,3,3,1975.794,0.0,0.0,0.0,0.0,197579.4
1717788,IT,NL,PAPE1,ALUM1,0.01,1975.667,3,3,1975.667,0.0,0.0,0.0,0.0,197566.7
1769896,IT,AU,MOTO1,NICKE,0.01,1975.632,3,3,1975.632,0.0,0.0,0.0,0.0,197563.2
1721206,IT,PL,LANDT,LEADZ,0.01,1975.518,3,3,1975.518,0.0,0.0,0.0,0.0,197551.8
1730894,IT,SE,PAPE1,HEALT,0.01,1975.168,3,3,1975.168,0.0,0.0,0.0,0.0,197516.8
1769892,IT,AU,MOTO1,SUBBI,0.01,1975.138,3,3,1975.138,0.0,0.0,0.0,0.0,197513.8
1728403,IT,SE,TEXTI,93197,0.01,1974.959,3,3,1974.959,0.0,0.0,0.0,0.0,197495.9
1774796,IT,CH,POSTT,BASIC,0.03,1974.936,3,3,1974.936,0.0,0.0,0.0,0.0,65831.2
1813502,IT,WM,RETAI,SANDC,0.02,1974.613,3,3,1974.613,0.0,0.0,0.0,0.0,98730.65
1684972,IT,HU,MEAT4,RENTI,0.01,1974.457,3,3,1974.457,0.0,0.0,0.0,0.0,197445.7
1662912,IT,DK,RETA1,BEVER,0.02,1974.434,3,3,1974.434,0.0,0.0,0.0,0.0,98721.7
1670786,IT,FI,PRINT,ELEC4,0.02,1974.262,3,3,1974.262,0.0,0.0,0.0,0.0,98713.1
1760528,IT,IN,WEARI,COMPU,0.01,1974.165,3,3,1974.165,0.0,0.0,0.0,0.0,197416.5
1807302,IT,WF,POSTT,CEMEN,0.03,1973.896,3,3,1973.896,0.0,0.0,0.0,0.0,65796.533333
1733341,IT,SI,TRANS,FOOD5,0.01,1973.644,3,3,1973.644,0.0,0.0,0.0,0.0,197364.4
1796646,IT,WL,HOTEL,ELEC6,0.01,1973.609,3,3,1973.609,0.0,0.0,0.0,0.0,197360.9
1724053,IT,PT,WHOLE,HEAVY,0.02,1973.45,3,3,1973.45,0.0,0.0,0.0,0.0,98672.5
1668096,IT,ES,CONST,RUBBE,0.01,1973.175,3,3,1973.175,0.0,0.0,0.0,0.0,197317.5
1808174,IT,WF,OILHA,PLAST,0.01,1972.943,3,3,1972.943,0.0,0.0,0.0,0.0,197294.3
1689704,IT,IE,FINAN,POULT,0.03,1972.93,3,3,1972.93,0.0,0.0,0.0,0.0,65764.333333
1801858,IT,WE,CONST,OILSE,0.01,1972.837,3,3,1972.837,0.0,0.0,0.0,0.0,197283.7
1814842,IT,WM,MEMBE,HOTEL,0.02,1972.769,3,3,1972.769,0.0,0.0,0.0,0.0,98638.45
1736117,IT,SK,CONST,TRANS,0.01,1972.586,3,3,1972.586,0.0,0.0,0.0,0.0,197258.6
1734648,IT,SK,TEXTI,INLAN,0.01,1972.44,3,3,1972.44,0.0,0.0,0.0,0.0,197244.0
1733509,IT,SI,WHOLE,TRANS,0.02,1972.3,3,3,1972.3,0.0,0.0,0.0,0.0,98615.0
1745770,IT,JP,WEARI,COKE1,0.01,1972.289,3,3,1972.289,0.0,0.0,0.0,0.0,197228.9
1663396,IT,DK,POSTT,RENTI,0.03,1972.277,3,3,1972.277,0.0,0.0,0.0,0.0,65742.566667
1759860,IT,BR,FOODW,COMPU,0.01,1972.233,3,3,1972.233,0.0,0.0,0.0,0.0,197223.3
1784094,IT,ID,LEATH,SUPPO,0.01,1972.228,3,3,1972.228,0.0,0.0,0.0,0.0,197222.8
1661467,IT,DK,PROCE,MEATP,0.01,1972.182,3,3,1972.182,0.0,0.0,0.0,0.0,197218.2
1768030,IT,RU,BUSIN,SUGA1,0.02,1972.12,3,3,1972.12,0.0,0.0,0.0,0.0,98606.0
1678505,IT,GR,PADDY,NONF1,0.02,1972.08,3,3,1972.08,0.0,0.0,0.0,0.0,98604.0
1669117,IT,ES,POSTT,MEATA,0.03,1972.058,3,3,1972.058,0.0,0.0,0.0,0.0,65735.266667
1806831,IT,WF,RETA1,TRANS,0.02,1971.948,3,3,1971.948,0.0,0.0,0.0,0.0,98597.4
1798003,IT,WL,INERT,DAIRY,0.01,1971.863,3,3,1971.863,0.0,0.0,0.0,0.0,197186.3
1738996,IT,GB,SALEM,ELEC4,0.02,1971.823,3,3,1971.823,0.0,0.0,0.0,0.0,98591.15
1747003,IT,JP,TRANS,MOTOR,0.01,1971.49,3,3,1971.49,0.0,0.0,0.0,0.0,197149.0
1724019,IT,PT,RETAI,TRAN1,0.02,1971.343,3,3,1971.343,0.0,0.0,0.0,0.0,98567.15
1764641,IT,MX,RETA1,CERAM,0.02,1971.265,3,3,1971.265,0.0,0.0,0.0,0.0,98563.25
1661294,IT,DK,FORES,CHEM1,0.02,1971.132,4,4,1970.132,0.0,1.0,0.0,0.0,98556.6
1791114,IT,WA,TRANS,BIOG1,0.01,1970.827,3,3,1970.827,0.0,0.0,0.0,0.0,197082.7
1764937,IT,MX,SUPPO,HEALT,0.01,1970.535,3,3,1970.535,0.0,0.0,0.0,0.0,197053.5
1807870,IT,WF,PAPE1,FURNI,0.01,1970.47,3,3,1970.47,0.0,0.0,0.0,0.0,197047.0
1739104,IT,GB,WHOLE,GLASS,0.02,1970.45,3,3,1970.45,0.0,0.0,0.0,0.0,98522.5
1658874,IT,DE,TRANS,ELECT,0.01,1970.444,3,3,1970.444,0.0,0.0,0.0,0.0,197044.4
1743321,IT,US,CONST,PAPER,0.01,1970.426,3,3,1970.426,0.0,0.0,0.0,0.0,197042.6
1736583,IT,SK,SUPPO,HEALT,0.01,1970.161,3,3,1970.161,0.0,0.0,0.0,0.0,197016.1
1736434,IT,SK,LANDT,BIOG1,0.01,1970.06,3,3,1970.06,0.0,0.0,0.0,0.0,197006.0
1764703,IT,MX,HOTEL,PULP5,0.01,1970.046,3,3,1970.046,0.0,0.0,0.0,0.0,197004.6
1792319,IT,WA,FINAN,MEATP,0.03,1970.046,3,3,1970.046,0.0,0.0,0.0,0.0,65668.2
1724786,IT,PT,COMPU,BEVER,0.02,1969.998,3,3,1969.998,0.0,0.0,0.0,0.0,98499.9
1727723,IT,RO,COMPU,HOTEL,0.02,1969.753,3,3,1969.753,0.0,0.0,0.0,0.0,98487.65
1665163,IT,ES,PROCE,KEROS,0.01,1969.718,3,3,1969.718,0.0,0.0,0.0,0.0,196971.8
1780412,IT,TW,SUPPO,PRINT,0.01,1969.392,3,3,1969.392,0.0,0.0,0.0,0.0,196939.2
1757005,IT,KR,BUSIN,NATUR,0.02,1969.371,3,3,1969.371,0.0,0.0,0.0,0.0,98468.55
1709469,IT,LT,TEXTI,SEACO,0.01,1969.277,3,3,1969.277,0.0,0.0,0.0,0.0,196927.7
1778758,IT,TR,LANDT,LEADZ,0.01,1969.27,3,3,1969.27,0.0,0.0,0.0,0.0,196927.0
1768803,IT,AU,LEATH,MEAT4,0.01,1969.25,3,3,1969.25,0.0,0.0,0.0,0.0,196925.0
1783324,IT,NO,PAPE1,MOTO1,0.01,1969.095,3,3,1969.095,0.0,0.0,0.0,0.0,196909.5
1768842,IT,AU,LEATH,TRAN1,0.01,1969.06,3,3,1969.06,0.0,0.0,0.0,0.0,196906.0
1808664,IT,WF,INERT,PLAST,0.01,1969.024,3,3,1969.024,0.0,0.0,0.0,0.0,196902.4
1791562,IT,WA,RETA1,TRAN1,0.02,1969.013,3,3,1969.013,0.0,0.0,0.0,0.0,98450.65
1792597,IT,WA,COMPU,MOTO1,0.02,1968.826,3,3,1968.826,0.0,0.0,0.0,0.0,98441.3
1663428,IT,DK,AUXIL,SEACO,0.04,1968.789,3,3,1968.789,0.0,0.0,0.0,0.0,49219.725
1687217,IT,HU,SALEM,CEMEN,0.02,1968.718,3,3,1968.718,0.0,0.0,0.0,0.0,98435.9
1643354,IT,AT,RAILW,STEAM,0.01,1968.687,3,3,1968.687,0.0,0.0,0.0,0.0,196868.7
1814508,IT,WM,RESEA,TRANS,0.01,1968.657,3,3,1968.657,0.0,0.0,0.0,0.0,196865.7
1751139,IT,CN,RETA1,RECRE,0.02,1968.604,3,3,1968.604,0.0,0.0,0.0,0.0,98430.2
1711280,IT,LU,CONST,CONST,0.01,1968.593,3,3,1968.593,0.0,0.0,0.0,0.0,196859.3
1807290,IT,WF,POSTT,WOODW,0.03,1968.32,3,3,1968.32,0.0,0.0,0.0,0.0,65610.666667
1775071,IT,CH,RENTI,DISTR,0.01,1968.04,3,3,1968.04,0.0,0.0,0.0,0.0,196804.0
1689979,IT,IE,REALE,BASIC,0.08,1967.987,3,3,1967.987,0.0,0.0,0.0,0.0,24599.8375
1647622,IT,BE,POSTT,INSUR,0.03,1967.942,3,3,1967.942,0.0,0.0,0.0,0.0,65598.066667
1727650,IT,RO,RENTI,NONF1,0.01,1967.835,3,3,1967.835,0.0,0.0,0.0,0.0,196783.5
1676096,IT,FR,ELEC8,MOTOR,0.03,1967.821,3,3,1967.821,0.0,0.0,0.0,0.0,65594.033333
1753697,IT,CA,MOTO1,INERT,0.01,1967.814,3,3,1967.814,0.0,0.0,0.0,0.0,196781.4
1779317,IT,TR,INSUR,HEAVY,0.04,1967.79,3,3,1967.79,0.0,0.0,0.0,0.0,49194.75
1770181,IT,AU,RETA1,RENTI,0.02,1967.773,3,3,1967.773,0.0,0.0,0.0,0.0,98388.65
1727100,IT,RO,LANDT,PROCE,0.01,1967.669,3,3,1967.669,0.0,0.0,0.0,0.0,196766.9
1681366,IT,GR,INSUR,RECRE,0.04,1967.522,3,3,1967.522,0.0,0.0,0.0,0.0,49188.05
1671569,IT,FI,MOTO1,PAPER,0.01,1967.507,3,3,1967.507,0.0,0.0,0.0,0.0,196750.7
1730963,IT,SE,TEXT1,BIOG1,0.01,1967.421,3,3,1967.421,0.0,0.0,0.0,0.0,196742.1
1807529,IT,WF,RENTI,RADIO,0.01,1967.363,3,3,1967.363,0.0,0.0,0.0,0.0,196736.3
1724823,IT,PT,COMPU,EDUCA,0.02,1967.33,3,3,1967.33,0.0,0.0,0.0,0.0,98366.5
1770063,IT,AU,RETAI,LANDT,0.02,1967.206,3,3,1967.206,0.0,0.0,0.0,0.0,98360.3
1672832,IT,FR,MEAT4,REALE,0.01,1967.204,3,3,1967.204,0.0,0.0,0.0,0.0,196720.4
1767821,IT,RU,AUXIL,FISHF,0.04,1967.176,3,3,1967.176,0.0,0.0,0.0,0.0,49179.4
1730626,IT,SE,RENTI,CERAM,0.01,1967.162,3,3,1967.162,0.0,0.0,0.0,0.0,196716.2
1709641,IT,LT,PRINT,BIODI,0.02,1966.975,3,3,1966.975,0.0,0.0,0.0,0.0,98348.75
1736655,IT,SK,INSUR,FABRI,0.04,1966.964,3,3,1966.964,0.0,0.0,0.0,0.0,49174.1
1661751,IT,DK,LEATH,GLASS,0.01,1966.896,3,3,1966.896,0.0,0.0,0.0,0.0,196689.6
1717417,IT,NL,INSUR,ELEC8,0.04,1966.891,3,3,1966.891,0.0,0.0,0.0,0.0,49172.275
1760222,IT,BR,INERT,RETA1,0.01,1966.872,3,3,1966.872,0.0,0.0,0.0,0.0,196687.2
1810208,IT,WM,LEATH,ANIMA,0.01,1966.782,3,3,1966.782,0.0,0.0,0.0,0.0,196678.2
1687353,IT,HU,HOTEL,STONE,0.01,1966.635,3,3,1966.635,0.0,0.0,0.0,0.0,196663.5
1688309,IT,IE,MEAT4,FISH5,0.01,1966.578,3,3,1966.578,0.0,0.0,0.0,0.0,196657.8
1710259,IT,LT,MOTO1,FABRI,0.01,1966.525,3,3,1966.525,0.0,0.0,0.0,0.0,196652.5
1685227,IT,HU,TEXTI,STONE,0.01,1966.479,3,3,1966.479,0.0,0.0,0.0,0.0,196647.9
1643727,IT,AT,SUPPO,SECO9,0.01,1966.26,3,3,1966.26,0.0,0.0,0.0,0.0,196626.0
1786622,IT,ZA,RETAI,FURNI,0.02,1966.177,3,3,1966.177,0.0,0.0,0.0,0.0,98308.85
1721166,IT,PL,RAILW,TRAN2,0.01,1966.087,3,3,1966.087,0.0,0.0,0.0,0.0,196608.7
1676791,IT,FR,LANDT,PETRO,0.01,1966.082,3,3,1966.082,0.0,0.0,0.0,0.0,196608.2
1654422,IT,CZ,WHOLE,TRAN1,0.02,1966.082,3,3,1966.082,0.0,0.0,0.0,0.0,98304.1
1787153,IT,ZA,PUBLI,RUBBE,0.03,1966.028,3,3,1966.028,0.0,0.0,0.0,0.0,65534.266667
1757350,IT,BR,TEXTI,SUPPO,0.01,1965.987,3,3,1965.987,0.0,0.0,0.0,0.0,196598.7
1796692,IT,WL,RAILW,NONME,0.01,1965.763,3,3,1965.763,0.0,0.0,0.0,0.0,196576.3
1747408,IT,JP,RAILW,ELEC1,0.01,1965.695,3,3,1965.695,0.0,0.0,0.0,0.0,196569.5
1759587,IT,BR,COMPU,RETAI,0.02,1965.648,3,3,1965.648,0.0,0.0,0.0,0.0,98282.4
1775507,IT,CH,FOOD2,CHEM1,0.01,1965.555,3,3,1965.555,0.0,0.0,0.0,0.0,196555.5
1751669,IT,CN,INSUR,POULT,0.04,1965.54,3,3,1965.54,0.0,0.0,0.0,0.0,49138.5
1758468,IT,BR,MACHI,PRECI,0.01,1965.416,3,3,1965.416,0.0,0.0,0.0,0.0,196541.6
1736098,IT,SK,CONST,WEARI,0.01,1965.375,3,3,1965.375,0.0,0.0,0.0,0.0,196537.5
1711299,IT,LU,RETAI,BUSIN,0.02,1965.02,3,3,1965.02,0.0,0.0,0.0,0.0,98251.0
1759897,IT,BR,PAPE1,SALEM,0.01,1964.972,3,3,1964.972,0.0,0.0,0.0,0.0,196497.2
1689874,IT,IE,AUXIL,DAIRY,0.04,1964.883,3,3,1964.883,0.0,0.0,0.0,0.0,49122.075
1808637,IT,WF,INERT,PADDY,0.01,1964.813,3,3,1964.813,0.0,0.0,0.0,0.0,196481.3
1791052,IT,WA,TRANS,CHEMI,0.01,1964.76,3,3,1964.76,0.0,0.0,0.0,0.0,196476.0
1773912,IT,CH,CONST,MEDIC,0.01,1964.642,3,3,1964.642,0.0,0.0,0.0,0.0,196464.2
1774992,IT,CH,AUXIL,PUBLI,0.04,1964.639,3,3,1964.639,0.0,0.0,0.0,0.0,49115.975
1736401,IT,SK,LANDT,CHEM1,0.01,1964.411,3,3,1964.411,0.0,0.0,0.0,0.0,196441.1
1648379,IT,BE,RECRE,CHEM1,0.02,1964.166,3,3,1964.166,0.0,0.0,0.0,0.0,98208.3
1727027,IT,RO,RAILW,FORES,0.01,1964.025,3,3,1964.025,0.0,0.0,0.0,0.0,196402.5
1673549,IT,FR,LEATH,EDUCA,0.01,1963.805,3,3,1963.805,0.0,0.0,0.0,0.0,196380.5
1760073,IT,BR,OILHA,RETA1,0.01,1963.726,3,3,1963.726,0.0,0.0,0.0,0.0,196372.6
1808605,IT,WF,PLAS2,NICKE,0.02,1963.634,3,3,1963.634,0.0,0.0,0.0,0.0,98181.7
1796752,IT,WL,LANDT,RUBBE,0.01,1963.627,3,3,1963.627,0.0,0.0,0.0,0.0,196362.7
1680646,IT,GR,WHOLE,MEATA,0.02,1963.589,3,3,1963.589,0.0,0.0,0.0,0.0,98179.45
1767908,IT,RU,RENTI,VEGET,0.01,1963.492,3,3,1963.492,0.0,0.0,0.0,0.0,196349.2
1746080,IT,JP,PRINT,MEDIC,0.02,1963.336,3,3,1963.336,0.0,0.0,0.0,0.0,98166.8
1642769,IT,AT,MACHI,COLLE,0.01,1963.273,3,3,1963.273,0.0,0.0,0.0,0.0,196327.3
1662796,IT,DK,TRANS,PRIVA,0.01,1963.235,3,3,1963.235,0.0,0.0,0.0,0.0,196323.5
1662826,IT,DK,CONST,PRIVA,0.01,1963.076,3,3,1963.076,0.0,0.0,0.0,0.0,196307.6
1650780,IT,BG,RAILW,ELEC1,0.01,1962.948,3,3,1962.948,0.0,0.0,0.0,0.0,196294.8
1660357,IT,DE,FINAN,LUBRI,0.03,1962.848,3,3,1962.848,0.0,0.0,0.0,0.0,65428.266667
1753856,IT,CA,RETA1,CRUDE,0.02,1962.508,3,3,1962.508,0.0,0.0,0.0,0.0,98125.4
1687775,IT,HU,SUPPO,FOOD3,0.01,1962.157,3,3,1962.157,0.0,0.0,0.0,0.0,196215.7
1802875,IT,WE,INERT,HEALT,0.01,1962.096,3,3,1962.096,0.0,0.0,0.0,0.0,196209.6
1740496,IT,GB,INERT,INTER,0.01,1962.082,3,3,1962.082,0.0,0.0,0.0,0.0,196208.2
1747828,IT,JP,REALE,POSTT,0.08,1962.027,3,3,1962.027,0.0,0.0,0.0,0.0,24525.3375
1792420,IT,WA,INSUR,REALE,0.04,1961.915,3,3,1961.915,0.0,0.0,0.0,0.0,49047.875
1717189,IT,NL,SUPPO,CRUDE,0.01,1961.572,3,3,1961.572,0.0,0.0,0.0,0.0,196157.2
1747125,IT,JP,CONST,RAWMI,0.01,1961.422,3,3,1961.422,0.0,0.0,0.0,0.0,196142.2
1792130,IT,WA,SUPPO,OILSE,0.01,1961.399,3,3,1961.399,0.0,0.0,0.0,0.0,196139.9
1783225,IT,NO,BUSIN,LANDT,0.02,1961.372,3,3,1961.372,0.0,0.0,0.0,0.0,98068.6
1661635,IT,DK,TEXTI,MEATP,0.01,1961.24,3,3,1961.24,0.0,0.0,0.0,0.0,196124.0
1733522,IT,SI,WHOLE,AIRTR,0.02,1960.915,3,3,1960.915,0.0,0.0,0.0,0.0,98045.75
1721900,IT,PL,RENTI,ALUM1,0.01,1960.693,3,3,1960.693,0.0,0.0,0.0,0.0,196069.3
1688207,IT,HU,HEALT,POULT,0.01,1960.682,3,3,1960.682,0.0,0.0,0.0,0.0,196068.2
1736259,IT,SK,HOTEL,VEGE1,0.01,1960.664,3,3,1960.664,0.0,0.0,0.0,0.0,196066.4
1672224,IT,FI,REALE,PLAST,0.08,1960.608,3,3,1960.608,0.0,0.0,0.0,0.0,24507.6
1759213,IT,BR,SUPPO,INLAN,0.01,1960.534,3,3,1960.534,0.0,0.0,0.0,0.0,196053.4
1670780,IT,FI,PRINT,PLAST,0.02,1960.474,3,3,1960.474,0.0,0.0,0.0,0.0,98023.7
1787070,IT,ZA,BUSIN,ANTHR,0.02,1960.435,3,3,1960.435,0.0,0.0,0.0,0.0,98021.75
1663132,IT,DK,LANDT,CATTL,0.01,1960.352,3,3,1960.352,0.0,0.0,0.0,0.0,196035.2
1765034,IT,MX,INSUR,PREC1,0.04,1960.312,3,3,1960.312,0.0,0.0,0.0,0.0,49007.8
1709518,IT,LT,LEATH,TRAN1,0.01,1960.26,3,3,1960.26,0.0,0.0,0.0,0.0,196026.0
1797763,IT,WL,WOOD1,ELEC2,0.01,1960.113,3,3,1960.113,0.0,0.0,0.0,0.0,196011.3
1814501,IT,WM,RESEA,CEMEN,0.01,1960.093,3,3,1960.093,0.0,0.0,0.0,0.0,196009.3
1685296,IT,HU,TEXTI,TEXT2,0.01,1960.065,3,3,1960.065,0.0,0.0,0.0,0.0,196006.5
1681336,IT,GR,INSUR,TRANS,0.04,1960.045,3,3,1960.045,0.0,0.0,0.0,0.0,49001.125
1736264,IT,SK,HOTEL,TEXTI,0.01,1960.04,3,3,1960.04,0.0,0.0,0.0,0.0,196004.0
1744120,IT,US,SUPPO,OFFIC,0.01,1959.991,3,3,1959.991,0.0,0.0,0.0,0.0,195999.1
1644920,IT,BE,LEATH,POSTT,0.01,1959.99,3,3,1959.99,0.0,0.0,0.0,0.0,195999.0
1663856,IT,EE,TEXTI,TRAN2,0.01,1959.956,3,3,1959.956,0.0,0.0,0.0,0.0,195995.6
1714008,IT,MT,RETA1,HOTEL,0.02,1959.916,3,3,1959.916,0.0,0.0,0.0,0.0,97995.8
1677361,IT,FR,INSUR,FORES,0.04,1959.87,3,3,1959.87,0.0,0.0,0.0,0.0,48996.75
1684798,IT,HU,FORES,PAPER,0.02,1959.834,4,4,1958.834,0.0,1.0,0.0,0.0,97991.7
1753665,IT,CA,MOTO1,TEXTI,0.01,1959.796,3,3,1959.796,0.0,0.0,0.0,0.0,195979.6
1808096,IT,WF,WOOD1,PIGS9,0.01,1959.592,3,3,1959.592,0.0,0.0,0.0,0.0,195959.2
1784688,IT,ID,MOTO1,RECRE,0.01,1959.586,3,3,1959.586,0.0,0.0,0.0,0.0,195958.6
1646845,IT,BE,RETAI,NONF1,0.02,1959.529,3,3,1959.529,0.0,0.0,0.0,0.0,97976.45
1728089,IT,SE,MEAT4,PUBLI,0.01,1959.525,3,3,1959.525,0.0,0.0,0.0,0.0,195952.5
1783161,IT,NO,REALE,BUSIN,0.08,1959.505,3,3,1959.505,0.0,0.0,0.0,0.0,24493.8125
1744583,IT,US,RENTI,CROPS,0.01,1959.503,3,3,1959.503,0.0,0.0,0.0,0.0,195950.3
1810186,IT,WM,WEARI,RENTI,0.01,1959.422,3,3,1959.422,0.0,0.0,0.0,0.0,195942.2
1744658,IT,US,COMPU,BEVER,0.02,1959.383,3,3,1959.383,0.0,0.0,0.0,0.0,97969.15
1763031,IT,MX,TEXTI,MEATP,0.01,1959.375,3,3,1959.375,0.0,0.0,0.0,0.0,195937.5
1680744,IT,GR,RETA1,ELEC4,0.02,1959.366,3,3,1959.366,0.0,0.0,0.0,0.0,97968.3
1791745,IT,WA,RAILW,CHARC,0.01,1959.363,3,3,1959.363,0.0,0.0,0.0,0.0,195936.3
1761741,IT,IN,MACHI,REFIN,0.01,1959.33,3,3,1959.33,0.0,0.0,0.0,0.0,195933.0
1724638,IT,PT,FINAN,PUBLI,0.03,1958.58,3,3,1958.58,0.0,0.0,0.0,0.0,65286.0
1786989,IT,ZA,INSUR,MEATC,0.04,1958.553,3,3,1958.553,0.0,0.0,0.0,0.0,48963.825
1653961,IT,CZ,MACHI,MEAT4,0.01,1958.348,3,3,1958.348,0.0,0.0,0.0,0.0,195834.8
1792984,IT,WA,OILHA,REALE,0.01,1958.277,3,3,1958.277,0.0,0.0,0.0,0.0,195827.7
1721883,IT,PL,RENTI,SUGA1,0.01,1958.266,3,3,1958.266,0.0,0.0,0.0,0.0,195826.6
1813694,IT,WM,RETA1,SEACO,0.02,1958.262,3,3,1958.262,0.0,0.0,0.0,0.0,97913.1
1806616,IT,WF,SALEM,NONF1,0.02,1958.215,3,3,1958.215,0.0,0.0,0.0,0.0,97910.75
1797808,IT,WL,OILHA,BUSIN,0.01,1957.847,3,3,1957.847,0.0,0.0,0.0,0.0,195784.7
1756876,IT,KR,POSTT,INLAN,0.03,1957.807,3,3,1957.807,0.0,0.0,0.0,0.0,65260.233333
1678018,IT,FR,EDUCA,PAPER,0.05,1957.689,3,3,1957.689,0.0,0.0,0.0,0.0,39153.78
1785478,IT,ZA,PRINT,MEMBE,0.02,1957.66,3,3,1957.66,0.0,0.0,0.0,0.0,97883.0
1801931,IT,WE,SALEM,PAPER,0.02,1957.649,3,3,1957.649,0.0,0.0,0.0,0.0,97882.45
1736910,IT,SK,BUSIN,INTER,0.02,1957.2,3,3,1957.2,0.0,0.0,0.0,0.0,97860.0
1780784,IT,TW,RENTI,RAILW,0.01,1957.182,3,3,1957.182,0.0,0.0,0.0,0.0,195718.2
1724811,IT,PT,COMPU,LANDT,0.02,1957.15,3,3,1957.15,0.0,0.0,0.0,0.0,97857.5
1720968,IT,PL,WHOLE,SALEM,0.02,1957.065,3,3,1957.065,0.0,0.0,0.0,0.0,97853.25
1665578,IT,ES,LEATH,POSTT,0.01,1956.824,3,3,1956.824,0.0,0.0,0.0,0.0,195682.4
1814740,IT,WM,OILHA,COMPU,0.01,1956.798,3,3,1956.798,0.0,0.0,0.0,0.0,195679.8
1736827,IT,SK,BUSIN,CATTL,0.02,1956.792,3,3,1956.792,0.0,0.0,0.0,0.0,97839.6
1712147,IT,LV,WEARI,BUSIN,0.01,1956.39,3,3,1956.39,0.0,0.0,0.0,0.0,195639.0
1759529,IT,BR,RENTI,ALUM1,0.01,1956.222,3,3,1956.222,0.0,0.0,0.0,0.0,195622.2
1721105,IT,PL,HOTEL,WOOD2,0.01,1956.163,3,3,1956.163,0.0,0.0,0.0,0.0,195616.3
1762123,IT,IN,RAILW,MEDIC,0.01,1956.096,3,3,1956.096,0.0,0.0,0.0,0.0,195609.6
1739877,IT,GB,FINAN,ELEC7,0.03,1956.086,3,3,1956.086,0.0,0.0,0.0,0.0,65202.866667
1759507,IT,BR,REALE,HOTEL,0.08,1956.042,3,3,1956.042,0.0,0.0,0.0,0.0,24450.525
1786717,IT,ZA,RETA1,NFERT,0.02,1956.041,3,3,1956.041,0.0,0.0,0.0,0.0,97802.05
1814485,IT,WM,RESEA,COPPE,0.01,1955.506,3,3,1955.506,0.0,0.0,0.0,0.0,195550.6
1808069,IT,WF,TEXT1,DISTR,0.01,1955.431,3,3,1955.431,0.0,0.0,0.0,0.0,195543.1
1770906,IT,AU,EDUCA,BUSIN,0.05,1955.263,3,3,1955.263,0.0,0.0,0.0,0.0,39105.26
1814732,IT,WM,OILHA,WHOLE,0.01,1955.251,3,3,1955.251,0.0,0.0,0.0,0.0,195525.1
1802080,IT,WE,RETA1,SUGA1,0.02,1955.242,3,3,1955.242,0.0,0.0,0.0,0.0,97762.1
1734445,IT,SK,CROPS,RETA1,0.02,1955.178,3,3,1955.178,0.0,0.0,0.0,0.0,97758.9
1711697,IT,LU,BUSIN,WOODW,0.02,1955.062,3,3,1955.062,0.0,0.0,0.0,0.0,97753.1
1778277,IT,TR,SALEM,MEAT4,0.02,1955.004,3,3,1955.004,0.0,0.0,0.0,0.0,97750.2
1786604,IT,ZA,SALEM,TRANS,0.02,1955.002,3,3,1955.002,0.0,0.0,0.0,0.0,97750.1
1797938,IT,WL,FOOD4,MOTO1,0.01,1954.971,3,3,1954.971,0.0,0.0,0.0,0.0,195497.1
1740464,IT,GB,FOOD4,FOODW,0.01,1954.834,3,3,1954.834,0.0,0.0,0.0,0.0,195483.4
1768356,IT,AU,MEAT4,PLAST,0.01,1954.818,3,3,1954.818,0.0,0.0,0.0,0.0,195481.8
1648090,IT,BE,RESEA,DAIRY,0.01,1954.735,3,3,1954.735,0.0,0.0,0.0,0.0,195473.5
1758520,IT,BR,MACHI,ELEC6,0.01,1954.727,3,3,1954.727,0.0,0.0,0.0,0.0,195472.7
1731597,IT,SI,WEARI,PLAST,0.01,1954.72,3,3,1954.72,0.0,0.0,0.0,0.0,195472.0
1722027,IT,PL,RESEA,CEMEN,0.01,1954.715,3,3,1954.715,0.0,0.0,0.0,0.0,195471.5
1736358,IT,SK,RAILW,RESEA,0.01,1954.603,3,3,1954.603,0.0,0.0,0.0,0.0,195460.3
1814463,IT,WM,COMPU,RAILW,0.02,1954.507,3,3,1954.507,0.0,0.0,0.0,0.0,97725.35
1793947,IT,WL,LEATH,DISTR,0.01,1954.428,3,3,1954.428,0.0,0.0,0.0,0.0,195442.8
1727554,IT,RO,REALE,KEROS,0.08,1954.314,3,3,1954.314,0.0,0.0,0.0,0.0,24428.925
1667608,IT,ES,MACHI,NATUR,0.01,1954.075,3,3,1954.075,0.0,0.0,0.0,0.0,195407.5
1652219,IT,CZ,PROCE,REALE,0.01,1953.969,3,3,1953.969,0.0,0.0,0.0,0.0,195396.9
1672220,IT,FI,REALE,PRINT,0.08,1953.858,3,3,1953.858,0.0,0.0,0.0,0.0,24423.225
1684373,IT,HR,POSTT,LEATH,0.03,1953.82,3,3,1953.82,0.0,0.0,0.0,0.0,65127.333333
1644006,IT,AT,BUSIN,NATUR,0.02,1953.666,3,3,1953.666,0.0,0.0,0.0,0.0,97683.3
1678560,IT,GR,CROPS,POULT,0.02,1953.604,3,3,1953.604,0.0,0.0,0.0,0.0,97680.2
1747738,IT,JP,FINAN,RENTI,0.03,1953.486,3,3,1953.486,0.0,0.0,0.0,0.0,65116.2
1688218,IT,HU,RECRE,RESEA,0.02,1953.256,3,3,1953.256,0.0,0.0,0.0,0.0,97662.8
1717907,IT,PL,FORES,PLAST,0.02,1953.158,4,4,1952.158,0.0,1.0,0.0,0.0,97657.9
1770783,IT,AU,COMPU,RUBBE,0.02,1952.903,3,3,1952.903,0.0,0.0,0.0,0.0,97645.15
1787347,IT,WA,MEATA,PRECI,0.01,1952.871,3,3,1952.871,0.0,0.0,0.0,0.0,195287.1
1760297,IT,IN,FORES,WHOLE,0.02,1952.837,4,4,1951.837,0.0,1.0,0.0,0.0,97641.85
1654413,IT,CZ,WHOLE,NONME,0.02,1952.725,3,3,1952.725,0.0,0.0,0.0,0.0,97636.25
1663345,IT,DK,SUPPO,RUBBE,0.01,1952.646,3,3,1952.646,0.0,0.0,0.0,0.0,195264.6
1753939,IT,CA,LANDT,POULT,0.01,1952.313,3,3,1952.313,0.0,0.0,0.0,0.0,195231.3
1711888,IT,LU,OILHA,BASIC,0.01,1952.103,3,3,1952.103,0.0,0.0,0.0,0.0,195210.3
1736928,IT,SK,HEALT,ADDIT,0.01,1952.079,3,3,1952.079,0.0,0.0,0.0,0.0,195207.9
1768007,IT,RU,BUSIN,SUGAR,0.02,1951.97,3,3,1951.97,0.0,0.0,0.0,0.0,97598.5
1684520,IT,HR,BUSIN,MEAT4,0.02,1951.849,3,3,1951.849,0.0,0.0,0.0,0.0,97592.45
1750929,IT,CN,CONST,STEAM,0.01,1951.729,3,3,1951.729,0.0,0.0,0.0,0.0,195172.9
1814382,IT,WM,AUXIL,CHEM1,0.04,1951.69,3,3,1951.69,0.0,0.0,0.0,0.0,48792.25
1669410,IT,ES,INSUR,FOUND,0.04,1951.497,3,3,1951.497,0.0,0.0,0.0,0.0,48787.425
1784672,IT,ID,MOTO1,CRUDE,0.01,1951.393,3,3,1951.393,0.0,0.0,0.0,0.0,195139.3
1775497,IT,CH,WOOD1,BUSIN,0.01,1951.321,3,3,1951.321,0.0,0.0,0.0,0.0,195132.1
1796583,IT,WL,HOTEL,PRECI,0.01,1951.258,3,3,1951.258,0.0,0.0,0.0,0.0,195125.8
1659479,IT,DE,RETA1,WOODW,0.02,1951.225,3,3,1951.225,0.0,0.0,0.0,0.0,97561.25
1787313,IT,WA,CROPS,MEAT1,0.02,1951.153,3,3,1951.153,0.0,0.0,0.0,0.0,97557.65
1783122,IT,NO,AUXIL,SEACO,0.04,1951.075,3,3,1951.075,0.0,0.0,0.0,0.0,48776.875
1735791,IT,SK,MACHI,NAPHT,0.01,1950.896,3,3,1950.896,0.0,0.0,0.0,0.0,195089.6
1759027,IT,BR,LANDT,93197,0.01,1950.825,3,3,1950.825,0.0,0.0,0.0,0.0,195082.5
1814570,IT,WM,BUSIN,BITU1,0.02,1950.628,3,3,1950.628,0.0,0.0,0.0,0.0,97531.4
1806943,IT,WF,RAILW,MEMBE,0.01,1950.604,3,3,1950.604,0.0,0.0,0.0,0.0,195060.4
1788310,IT,WA,LEATH,ELEC6,0.01,1950.438,3,3,1950.438,0.0,0.0,0.0,0.0,195043.8
1664511,IT,EE,MOTO1,RECRE,0.01,1950.406,3,3,1950.406,0.0,0.0,0.0,0.0,195040.6
1663180,IT,DK,LANDT,ELEC5,0.01,1950.404,3,3,1950.404,0.0,0.0,0.0,0.0,195040.4
1743430,IT,US,RETAI,SALEM,0.02,1950.327,3,3,1950.327,0.0,0.0,0.0,0.0,97516.35
1739400,IT,GB,RAILW,FOOD3,0.01,1950.194,3,3,1950.194,0.0,0.0,0.0,0.0,195019.4
1806800,IT,WF,RETA1,PULP5,0.02,1950.185,3,3,1950.185,0.0,0.0,0.0,0.0,97509.25
1716362,IT,NL,MACHI,SUGAR,0.01,1950.065,3,3,1950.065,0.0,0.0,0.0,0.0,195006.5
1807618,IT,WF,RESEA,MOTOR,0.01,1949.934,3,3,1949.934,0.0,0.0,0.0,0.0,194993.4
1783542,IT,NO,OILHA,TEXT2,0.01,1949.78,3,3,1949.78,0.0,0.0,0.0,0.0,194978.0
1814626,IT,WM,FOODW,DISTR,0.01,1949.76,3,3,1949.76,0.0,0.0,0.0,0.0,194976.0
1642898,IT,AT,TRANS,CHEM1,0.01,1949.643,3,3,1949.643,0.0,0.0,0.0,0.0,194964.3
1747345,IT,JP,RETA1,GASDI,0.02,1949.557,3,3,1949.557,0.0,0.0,0.0,0.0,97477.85
1687807,IT,HU,POSTT,SALEM,0.03,1949.53,3,3,1949.53,0.0,0.0,0.0,0.0,64984.333333
1787985,IT,WA,TEXTI,ALUMI,0.01,1949.481,3,3,1949.481,0.0,0.0,0.0,0.0,194948.1
1758750,IT,BR,WHOLE,INLAN,0.02,1949.465,3,3,1949.465,0.0,0.0,0.0,0.0,97473.25
1786693,IT,ZA,WHOLE,93197,0.02,1949.447,3,3,1949.447,0.0,0.0,0.0,0.0,97472.35
1780565,IT,TW,FINAN,RETA1,0.03,1949.404,3,3,1949.404,0.0,0.0,0.0,0.0,64980.133333
1781609,IT,NO,WEARI,AIRTR,0.01,1949.081,3,3,1949.081,0.0,0.0,0.0,0.0,194908.1
1650608,IT,BG,ELEC8,POSTT,0.03,1949.024,3,3,1949.024,0.0,0.0,0.0,0.0,64967.466667
1752601,IT,CA,TEXTI,CROPS,0.01,1948.879,3,3,1948.879,0.0,0.0,0.0,0.0,194887.9
1682235,IT,HR,WEARI,FOOD3,0.01,1948.783,3,3,1948.783,0.0,0.0,0.0,0.0,194878.3
1752478,IT,CA,PROCE,SUGA1,0.01,1948.547,3,3,1948.547,0.0,0.0,0.0,0.0,194854.7
1687056,IT,HU,MOTO1,KEROS,0.01,1948.283,3,3,1948.283,0.0,0.0,0.0,0.0,194828.3
1802760,IT,WE,RESEA,RECRE,0.01,1948.277,3,3,1948.277,0.0,0.0,0.0,0.0,194827.7
1727743,IT,RO,RESEA,PFERT,0.01,1948.246,3,3,1948.246,0.0,0.0,0.0,0.0,194824.6
1793567,IT,WL,MEAT4,REALE,0.01,1948.168,3,3,1948.168,0.0,0.0,0.0,0.0,194816.8
1724657,IT,PT,INSUR,LEATH,0.04,1948.106,3,3,1948.106,0.0,0.0,0.0,0.0,48702.65
1689499,IT,IE,RAILW,RAILW,0.01,1948.068,3,3,1948.068,0.0,0.0,0.0,0.0,194806.8
1767868,IT,RU,AUXIL,INSUR,0.04,1947.833,3,3,1947.833,0.0,0.0,0.0,0.0,48695.825
1722025,IT,PL,RESEA,PFERT,0.01,1947.774,3,3,1947.774,0.0,0.0,0.0,0.0,194777.4
1663065,IT,DK,HOTEL,WOOD1,0.01,1947.707,3,3,1947.707,0.0,0.0,0.0,0.0,194770.7
1787057,IT,ZA,RENTI,EDUCA,0.01,1947.634,3,3,1947.634,0.0,0.0,0.0,0.0,194763.4
1764654,IT,MX,RETA1,DISTR,0.02,1947.621,3,3,1947.621,0.0,0.0,0.0,0.0,97381.05
1664002,IT,EE,PRINT,MACHI,0.02,1947.382,3,3,1947.382,0.0,0.0,0.0,0.0,97369.1
1764758,IT,MX,HOTEL,INLAN,0.01,1947.333,3,3,1947.333,0.0,0.0,0.0,0.0,194733.3
1725019,IT,PT,INERT,LEAD1,0.01,1947.253,3,3,1947.253,0.0,0.0,0.0,0.0,194725.3
1712930,IT,LV,PUBLI,WOODW,0.03,1947.216,3,3,1947.216,0.0,0.0,0.0,0.0,64907.2
1690041,IT,IE,RENTI,FORES,0.01,1947.149,3,3,1947.149,0.0,0.0,0.0,0.0,194714.9
1775713,IT,TR,CROPS,RECRE,0.02,1946.641,3,3,1946.641,0.0,0.0,0.0,0.0,97332.05
1756838,IT,KR,POSTT,KEROS,0.03,1946.573,3,3,1946.573,0.0,0.0,0.0,0.0,64885.766667
1752338,IT,CA,MEAT4,MEAT1,0.01,1946.407,3,3,1946.407,0.0,0.0,0.0,0.0,194640.7
1735768,IT,SK,MACHI,MEATC,0.01,1946.401,3,3,1946.401,0.0,0.0,0.0,0.0,194640.1
1783351,IT,NO,PAPE1,WOOD2,0.01,1946.344,3,3,1946.344,0.0,0.0,0.0,0.0,194634.4
1768654,IT,AU,TEXTI,SUGA1,0.01,1946.148,3,3,1946.148,0.0,0.0,0.0,0.0,194614.8
1786851,IT,ZA,LANDT,HEALT,0.01,1946.109,3,3,1946.109,0.0,0.0,0.0,0.0,194610.9
1654580,IT,CZ,RAILW,NUCLE,0.01,1946.014,3,3,1946.014,0.0,0.0,0.0,0.0,194601.4
1660276,IT,DE,POSTT,BIOG1,0.03,1945.862,3,3,1945.862,0.0,0.0,0.0,0.0,64862.066667
1677368,IT,FR,INSUR,SUGA1,0.04,1945.787,3,3,1945.787,0.0,0.0,0.0,0.0,48644.675
1678253,IT,FR,SEWAG,PLAS1,0.02,1945.765,3,3,1945.765,0.0,0.0,0.0,0.0,97288.25
1807284,IT,WF,POSTT,FOOD5,0.03,1945.749,3,3,1945.749,0.0,0.0,0.0,0.0,64858.3
1744905,IT,US,BUSIN,NFERT,0.02,1945.715,3,3,1945.715,0.0,0.0,0.0,0.0,97285.75
1814658,IT,WM,PAPE1,93197,0.01,1945.699,3,3,1945.699,0.0,0.0,0.0,0.0,194569.9
1712778,IT,LV,LANDT,POSTT,0.01,1945.693,3,3,1945.693,0.0,0.0,0.0,0.0,194569.3
1663854,IT,EE,TEXTI,RAILW,0.01,1945.665,3,3,1945.665,0.0,0.0,0.0,0.0,194566.5
1747365,IT,JP,RETA1,ELEC4,0.02,1945.588,3,3,1945.588,0.0,0.0,0.0,0.0,97279.4
1760128,IT,BR,FOOD2,MEMBE,0.01,1945.348,3,3,1945.348,0.0,0.0,0.0,0.0,194534.8
1802168,IT,WE,HOTEL,LIQUE,0.01,1945.21,3,3,1945.21,0.0,0.0,0.0,0.0,194521.0
1684329,IT,HR,SUPPO,NONME,0.01,1945.199,3,3,1945.199,0.0,0.0,0.0,0.0,194519.9
1671759,IT,FI,RETAI,BASIC,0.02,1945.177,3,3,1945.177,0.0,0.0,0.0,0.0,97258.85
1668342,IT,ES,WHOLE,FOODW,0.02,1945.173,3,3,1945.173,0.0,0.0,0.0,0.0,97258.65
1748786,IT,CN,TEXTI,HEAVY,0.01,1945.101,3,3,1945.101,0.0,0.0,0.0,0.0,194510.1
1659503,IT,DE,RETA1,ELECT,0.02,1944.984,3,3,1944.984,0.0,0.0,0.0,0.0,97249.2
1751549,IT,CN,POSTT,MEATP,0.03,1944.667,3,3,1944.667,0.0,0.0,0.0,0.0,64822.233333
1770044,IT,AU,CONST,RECRE,0.01,1944.644,3,3,1944.644,0.0,0.0,0.0,0.0,194464.4
1781636,IT,NO,LEATH,MEAT1,0.01,1944.527,3,3,1944.527,0.0,0.0,0.0,0.0,194452.7
1813641,IT,WM,RETA1,TOBAC,0.02,1944.367,3,3,1944.367,0.0,0.0,0.0,0.0,97218.35
1665365,IT,ES,TEXTI,MEAT1,0.01,1944.168,3,3,1944.168,0.0,0.0,0.0,0.0,194416.8
1710780,IT,LU,WEARI,RENTI,0.01,1944.159,3,3,1944.159,0.0,0.0,0.0,0.0,194415.9
1647258,IT,BE,LANDT,ELEC7,0.01,1944.144,3,3,1944.144,0.0,0.0,0.0,0.0,194414.4
1714349,IT,MT,MEMBE,RENTI,0.02,1944.027,3,3,1944.027,0.0,0.0,0.0,0.0,97201.35
1727868,IT,RO,PUBLI,OFFIC,0.03,1943.912,3,3,1943.912,0.0,0.0,0.0,0.0,64797.066667
1676663,IT,FR,RAILW,POULT,0.01,1943.904,3,3,1943.904,0.0,0.0,0.0,0.0,194390.4
1723865,IT,PT,TRANS,SUPPO,0.01,1943.542,3,3,1943.542,0.0,0.0,0.0,0.0,194354.2
1770916,IT,AU,RECRE,RECRE,0.02,1943.533,3,3,1943.533,0.0,0.0,0.0,0.0,97176.65
1654241,IT,CZ,TRANS,ELEC3,0.01,1943.48,3,3,1943.48,0.0,0.0,0.0,0.0,194348.0
1747655,IT,JP,POSTT,GASDI,0.03,1943.372,3,3,1943.372,0.0,0.0,0.0,0.0,64779.066667
1720904,IT,PL,SALEM,FURNI,0.02,1943.284,3,3,1943.284,0.0,0.0,0.0,0.0,97164.2
1734905,IT,SK,PRINT,ALUM1,0.02,1943.215,3,3,1943.215,0.0,0.0,0.0,0.0,97160.75
1685379,IT,HU,LEATH,FOUND,0.01,1943.171,3,3,1943.171,0.0,0.0,0.0,0.0,194317.1
1677135,IT,FR,POSTT,CATTL,0.03,1943.078,3,3,1943.078,0.0,0.0,0.0,0.0,64769.266667
1740306,IT,GB,PUBLI,BIOGA,0.03,1943.078,3,3,1943.078,0.0,0.0,0.0,0.0,64769.266667
1660157,IT,DE,SUPPO,REFI1,0.01,1943.069,3,3,1943.069,0.0,0.0,0.0,0.0,194306.9
1656247,IT,DE,WEARI,CHEM1,0.01,1942.971,3,3,1942.971,0.0,0.0,0.0,0.0,194297.1
1684345,IT,HR,SUPPO,COLLE,0.01,1942.919,3,3,1942.919,0.0,0.0,0.0,0.0,194291.9
1655078,IT,CZ,COMPU,DIST1,0.02,1942.891,3,3,1942.891,0.0,0.0,0.0,0.0,97144.55
1687580,IT,HU,LANDT,FOODW,0.01,1942.807,3,3,1942.807,0.0,0.0,0.0,0.0,194280.7
1779266,IT,TR,FINAN,PREC1,0.03,1942.794,3,3,1942.794,0.0,0.0,0.0,0.0,64759.8
1672148,IT,FI,FINAN,HOTEL,0.03,1942.679,3,3,1942.679,0.0,0.0,0.0,0.0,64755.966667
1713972,IT,MT,WHOLE,TEXTI,0.02,1942.523,3,3,1942.523,0.0,0.0,0.0,0.0,97126.15
1655037,IT,CZ,REALE,RESEA,0.08,1942.448,3,3,1942.448,0.0,0.0,0.0,0.0,24280.6
1712629,IT,LV,MOTO1,FISH5,0.01,1942.302,3,3,1942.302,0.0,0.0,0.0,0.0,194230.2
1747431,IT,JP,LANDT,ELE12,0.01,1942.265,3,3,1942.265,0.0,0.0,0.0,0.0,194226.5
1752735,IT,CA,LEATH,RENTI,0.01,1942.099,3,3,1942.099,0.0,0.0,0.0,0.0,194209.9
1757133,IT,BR,CROPS,CONST,0.02,1942.025,3,3,1942.025,0.0,0.0,0.0,0.0,97101.25
1779407,IT,TR,REALE,MOTOR,0.08,1941.995,3,3,1941.995,0.0,0.0,0.0,0.0,24274.9375
1721200,IT,PL,LANDT,COKIN,0.01,1941.974,3,3,1941.974,0.0,0.0,0.0,0.0,194197.4
1768114,IT,RU,BUSIN,INTER,0.02,1941.787,3,3,1941.787,0.0,0.0,0.0,0.0,97089.35
1806863,IT,WF,RETA1,MEMBE,0.02,1941.675,3,3,1941.675,0.0,0.0,0.0,0.0,97083.75
1675950,IT,FR,ELEC4,BIOGA,0.03,1941.659,3,3,1941.659,0.0,0.0,0.0,0.0,64721.966667
1782568,IT,NO,TRANS,BASIC,0.01,1941.475,3,3,1941.475,0.0,0.0,0.0,0.0,194147.5
1747122,IT,JP,CONST,CATTL,0.01,1941.455,3,3,1941.455,0.0,0.0,0.0,0.0,194145.5
1783270,IT,NO,FOODW,CHEM1,0.01,1941.417,3,3,1941.417,0.0,0.0,0.0,0.0,194141.7
1753668,IT,CA,MOTO1,PRINT,0.01,1941.361,3,3,1941.361,0.0,0.0,0.0,0.0,194136.1
1644144,IT,AT,FOOD2,PLAS1,0.01,1941.279,3,3,1941.279,0.0,0.0,0.0,0.0,194127.9
1650607,IT,BG,ELEC8,SUPPO,0.03,1941.266,3,3,1941.266,0.0,0.0,0.0,0.0,64708.866667
1676644,IT,FR,HOTEL,PAPE2,0.01,1941.213,3,3,1941.213,0.0,0.0,0.0,0.0,194121.3
1712760,IT,LV,LANDT,COPP1,0.01,1940.907,3,3,1940.907,0.0,0.0,0.0,0.0,194090.7
1797615,IT,WL,FOODW,ELEC2,0.01,1940.678,3,3,1940.678,0.0,0.0,0.0,0.0,194067.8
1646621,IT,BE,MOTO1,OILHA,0.01,1940.59,3,3,1940.59,0.0,0.0,0.0,0.0,194059.0
1759346,IT,BR,FINAN,PAPER,0.03,1940.518,3,3,1940.518,0.0,0.0,0.0,0.0,64683.933333
1725524,IT,RO,LEATH,WHITE,0.01,1940.35,3,3,1940.35,0.0,0.0,0.0,0.0,194035.0
1684599,IT,HR,PUBLI,RETA1,0.03,1940.135,3,3,1940.135,0.0,0.0,0.0,0.0,64671.166667
1762803,IT,IN,PUBLI,FISH5,0.03,1940.071,3,3,1940.071,0.0,0.0,0.0,0.0,64669.033333
1765116,IT,MX,COMPU,RETA1,0.02,1940.008,3,3,1940.008,0.0,0.0,0.0,0.0,97000.4
1754338,IT,CA,INSUR,MEDIC,0.04,1939.899,3,3,1939.899,0.0,0.0,0.0,0.0,48497.475
1796079,IT,WL,TRANS,KERO1,0.01,1939.895,3,3,1939.895,0.0,0.0,0.0,0.0,193989.5
1670111,IT,ES,PAPE4,TRANS,0.01,1939.676,3,3,1939.676,0.0,0.0,0.0,0.0,193967.6
1739778,IT,GB,POSTT,NONF1,0.03,1939.307,3,3,1939.307,0.0,0.0,0.0,0.0,64643.566667
1688211,IT,HU,HEALT,HEALT,0.01,1939.027,3,3,1939.027,0.0,0.0,0.0,0.0,193902.7
1682512,IT,HR,PRINT,EDUCA,0.02,1938.869,3,3,1938.869,0.0,0.0,0.0,0.0,96943.45
1756432,IT,KR,CONST,NAPHT,0.01,1938.817,3,3,1938.817,0.0,0.0,0.0,0.0,193881.7
1783577,IT,NO,FOOD2,CEMEN,0.01,1938.759,3,3,1938.759,0.0,0.0,0.0,0.0,193875.9
1813306,IT,WM,TRANS,RENTI,0.01,1938.563,3,3,1938.563,0.0,0.0,0.0,0.0,193856.3
1660767,IT,DE,COMPU,PIGS9,0.02,1938.394,3,3,1938.394,0.0,0.0,0.0,0.0,96919.7
1750911,IT,CN,CONST,CERAM,0.01,1938.269,3,3,1938.269,0.0,0.0,0.0,0.0,193826.9
1741038,IT,US,TEXTI,MEATP,0.01,1938.049,3,3,1938.049,0.0,0.0,0.0,0.0,193804.9
1781789,IT,NO,PRINT,EDUCA,0.02,1938.033,3,3,1938.033,0.0,0.0,0.0,0.0,96901.65
1741033,IT,US,TEXTI,ANIMA,0.01,1937.92,3,3,1937.92,0.0,0.0,0.0,0.0,193792.0
1759220,IT,BR,SUPPO,EDUCA,0.01,1937.872,3,3,1937.872,0.0,0.0,0.0,0.0,193787.2
1793086,IT,WA,INERT,PRIVA,0.01,1937.834,3,3,1937.834,0.0,0.0,0.0,0.0,193783.4
1775521,IT,CH,FOOD2,93197,0.01,1937.663,3,3,1937.663,0.0,0.0,0.0,0.0,193766.3
1730010,IT,SE,SALEM,BUSIN,0.02,1937.636,3,3,1937.636,0.0,0.0,0.0,0.0,96881.8
1687431,IT,HU,RAILW,BEVER,0.01,1937.597,3,3,1937.597,0.0,0.0,0.0,0.0,193759.7
1803919,IT,WF,WEARI,ELECT,0.01,1937.579,3,3,1937.579,0.0,0.0,0.0,0.0,193757.9
1752092,IT,CN,BUSIN,PARAF,0.02,1937.387,3,3,1937.387,0.0,0.0,0.0,0.0,96869.35
1647872,IT,BE,REALE,DAIRY,0.08,1937.369,3,3,1937.369,0.0,0.0,0.0,0.0,24217.1125
1681271,IT,GR,FINAN,LANDT,0.03,1937.322,3,3,1937.322,0.0,0.0,0.0,0.0,64577.4
1640853,IT,AT,LEATH,MEATC,0.01,1937.322,3,3,1937.322,0.0,0.0,0.0,0.0,193732.2
1774879,IT,CH,FINAN,HEALT,0.03,1937.316,3,3,1937.316,0.0,0.0,0.0,0.0,64577.2
1735848,IT,SK,MACHI,OILHA,0.01,1937.057,3,3,1937.057,0.0,0.0,0.0,0.0,193705.7
1655052,IT,CZ,COMPU,TOBAC,0.02,1937.0,3,3,1937.0,0.0,0.0,0.0,0.0,96850.0
1672113,IT,FI,POSTT,MOTO1,0.03,1936.98,3,3,1936.98,0.0,0.0,0.0,0.0,64566.0
1711961,IT,LU,RECRE,RENTI,0.02,1936.956,3,3,1936.956,0.0,0.0,0.0,0.0,96847.8
1716630,IT,NL,SALEM,SEWAG,0.02,1936.708,3,3,1936.708,0.0,0.0,0.0,0.0,96835.4
1643013,IT,AT,CONST,NONF1,0.01,1936.672,3,3,1936.672,0.0,0.0,0.0,0.0,193667.2
1813755,IT,WM,HOTEL,MEDIC,0.01,1936.318,3,3,1936.318,0.0,0.0,0.0,0.0,193631.8
1784795,IT,ID,HOTEL,CERAM,0.01,1936.271,3,3,1936.271,0.0,0.0,0.0,0.0,193627.1
1717534,IT,NL,RENTI,ELECT,0.01,1936.18,3,3,1936.18,0.0,0.0,0.0,0.0,193618.0
1740416,IT,GB,SEWAG,TRAN1,0.02,1936.062,3,3,1936.062,0.0,0.0,0.0,0.0,96803.1
1687095,IT,HU,MOTO1,HEALT,0.01,1935.841,3,3,1935.841,0.0,0.0,0.0,0.0,193584.1
1797921,IT,WL,FOOD4,BEVER,0.01,1935.576,3,3,1935.576,0.0,0.0,0.0,0.0,193557.6
1711784,IT,LU,PUBLI,MACHI,0.03,1935.541,3,3,1935.541,0.0,0.0,0.0,0.0,64518.033333
1791144,IT,WA,TRANS,FOOD3,0.01,1935.49,3,3,1935.49,0.0,0.0,0.0,0.0,193549.0
1767642,IT,RU,POSTT,PAPER,0.03,1935.481,3,3,1935.481,0.0,0.0,0.0,0.0,64516.033333
1791451,IT,WA,WHOLE,MACHI,0.02,1935.44,3,3,1935.44,0.0,0.0,0.0,0.0,96772.0
1650578,IT,BG,ELEC8,WEARI,0.03,1935.42,3,3,1935.42,0.0,0.0,0.0,0.0,64514.0
1747743,IT,JP,FINAN,EDUCA,0.03,1935.416,3,3,1935.416,0.0,0.0,0.0,0.0,64513.866667
1727610,IT,RO,REALE,INTER,0.08,1935.308,3,3,1935.308,0.0,0.0,0.0,0.0,24191.35
1711756,IT,LU,BUSIN,TEXT1,0.02,1935.276,3,3,1935.276,0.0,0.0,0.0,0.0,96763.8
1738849,IT,GB,TRANS,LEATH,0.01,1934.856,3,3,1934.856,0.0,0.0,0.0,0.0,193485.6
1779142,IT,TR,POSTT,FORES,0.03,1934.701,3,3,1934.701,0.0,0.0,0.0,0.0,64490.033333
1724088,IT,PT,WHOLE,INLAN,0.02,1934.677,3,3,1934.677,0.0,0.0,0.0,0.0,96733.85
1717247,IT,NL,POSTT,TEXTI,0.03,1934.596,3,3,1934.596,0.0,0.0,0.0,0.0,64486.533333
1803980,IT,WF,LEATH,NFERT,0.01,1934.594,3,3,1934.594,0.0,0.0,0.0,0.0,193459.4
1669134,IT,ES,POSTT,SUGA1,0.03,1934.548,3,3,1934.548,0.0,0.0,0.0,0.0,64484.933333
1747333,IT,JP,RETA1,MEATC,0.02,1934.424,3,3,1934.424,0.0,0.0,0.0,0.0,96721.2
1678257,IT,FR,SEWAG,WASTE,0.02,1934.11,3,3,1934.11,0.0,0.0,0.0,0.0,96705.5
1760200,IT,BR,PAPE4,EDUCA,0.01,1933.865,3,3,1933.865,0.0,0.0,0.0,0.0,193386.5
1725372,IT,RO,TEXTI,FISH5,0.01,1933.821,3,3,1933.821,0.0,0.0,0.0,0.0,193382.1
1797091,IT,WL,POSTT,WOOLS,0.03,1933.658,3,3,1933.658,0.0,0.0,0.0,0.0,64455.266667
1798992,IT,WE,TEXTI,FORES,0.01,1933.602,3,3,1933.602,0.0,0.0,0.0,0.0,193360.2
1767196,IT,RU,RETA1,GLASS,0.02,1933.305,3,3,1933.305,0.0,0.0,0.0,0.0,96665.25
1753922,IT,CA,RAILW,AIRTR,0.01,1933.253,3,3,1933.253,0.0,0.0,0.0,0.0,193325.3
1710399,IT,LT,HOTEL,REALE,0.01,1933.176,3,3,1933.176,0.0,0.0,0.0,0.0,193317.6
1771026,IT,CH,MEATA,EDUCA,0.01,1933.158,3,3,1933.158,0.0,0.0,0.0,0.0,193315.8
1767339,IT,RU,RAILW,PFERT,0.01,1933.094,3,3,1933.094,0.0,0.0,0.0,0.0,193309.4
1747887,IT,JP,RENTI,FOOD4,0.01,1933.08,3,3,1933.08,0.0,0.0,0.0,0.0,193308.0
1748249,IT,JP,OILHA,ELEC3,0.01,1932.87,3,3,1932.87,0.0,0.0,0.0,0.0,193287.0
1721512,IT,PL,SUPPO,WHITE,0.01,1932.74,3,3,1932.74,0.0,0.0,0.0,0.0,193274.0
1806463,IT,WF,TRANS,RUBBE,0.01,1932.733,3,3,1932.733,0.0,0.0,0.0,0.0,193273.3
1769883,IT,AU,MOTO1,SUGAR,0.01,1932.487,3,3,1932.487,0.0,0.0,0.0,0.0,193248.7
1671568,IT,FI,MOTO1,TEXTI,0.01,1932.329,3,3,1932.329,0.0,0.0,0.0,0.0,193232.9
1751815,IT,CN,AUXIL,HEALT,0.04,1932.326,3,3,1932.326,0.0,0.0,0.0,0.0,48308.15
1677257,IT,FR,FINAN,MEAT1,0.03,1932.113,3,3,1932.113,0.0,0.0,0.0,0.0,64403.766667
1787170,IT,ZA,PUBLI,CONST,0.03,1932.097,3,3,1932.097,0.0,0.0,0.0,0.0,64403.233333
1681611,IT,GR,PUBLI,HOTEL,0.03,1932.086,3,3,1932.086,0.0,0.0,0.0,0.0,64402.866667
1752692,IT,CA,WEARI,RECRE,0.01,1932.037,3,3,1932.037,0.0,0.0,0.0,0.0,193203.7
1806965,IT,WF,LANDT,MEAT1,0.01,1931.832,3,3,1931.832,0.0,0.0,0.0,0.0,193183.2
1689693,IT,IE,POSTT,PUBLI,0.03,1931.803,3,3,1931.803,0.0,0.0,0.0,0.0,64393.433333
1783185,IT,NO,COMPU,AIRTR,0.02,1931.688,3,3,1931.688,0.0,0.0,0.0,0.0,96584.4
1680047,IT,GR,MACHI,NONF1,0.01,1931.305,3,3,1931.305,0.0,0.0,0.0,0.0,193130.5
1651176,IT,BG,BUSIN,NAPHT,0.02,1931.215,3,3,1931.215,0.0,0.0,0.0,0.0,96560.75
1681084,IT,GR,SUPPO,CERAM,0.01,1931.2,3,3,1931.2,0.0,0.0,0.0,0.0,193120.0
1672585,IT,FR,CROPS,TOBAC,0.02,1931.188,3,3,1931.188,0.0,0.0,0.0,0.0,96559.4
1744177,IT,US,POSTT,WHEAT,0.03,1931.125,3,3,1931.125,0.0,0.0,0.0,0.0,64370.833333
1775140,IT,CH,COMPU,AUXIL,0.02,1931.075,3,3,1931.075,0.0,0.0,0.0,0.0,96553.75
1688121,IT,HU,BUSIN,TOBAC,0.02,1931.048,3,3,1931.048,0.0,0.0,0.0,0.0,96552.4
1690279,IT,IE,OILHA,CONST,0.01,1931.041,3,3,1931.041,0.0,0.0,0.0,0.0,193104.1
1746766,IT,JP,MACHI,NONFE,0.01,1930.972,3,3,1930.972,0.0,0.0,0.0,0.0,193097.2
1775417,IT,CH,PUBLI,FOODW,0.03,1930.924,3,3,1930.924,0.0,0.0,0.0,0.0,64364.133333
1745223,IT,JP,FORES,ELEC4,0.02,1930.87,4,4,1929.87,0.0,1.0,0.0,0.0,96543.5
1781517,IT,NO,TEXTI,GASDI,0.01,1930.651,3,3,1930.651,0.0,0.0,0.0,0.0,193065.1
1715064,IT,NL,TEXTI,PAPE1,0.01,1930.613,3,3,1930.613,0.0,0.0,0.0,0.0,193061.3
1730072,IT,SE,RETA1,WOODW,0.02,1930.453,3,3,1930.453,0.0,0.0,0.0,0.0,96522.65
1762707,IT,IN,BUSIN,TOBAC,0.02,1930.353,3,3,1930.353,0.0,0.0,0.0,0.0,96517.65
1807749,IT,WF,PUBLI,MOTOR,0.03,1930.263,3,3,1930.263,0.0,0.0,0.0,0.0,64342.1
1793894,IT,WL,WEARI,DAIRY,0.01,1930.236,3,3,1930.236,0.0,0.0,0.0,0.0,193023.6
1643999,IT,AT,RESEA,WHOLE,0.01,1930.173,3,3,1930.173,0.0,0.0,0.0,0.0,193017.3
1724646,IT,PT,FINAN,INERT,0.03,1930.017,3,3,1930.017,0.0,0.0,0.0,0.0,64333.9
1793831,IT,WL,TEXTI,LIQUE,0.01,1929.954,3,3,1929.954,0.0,0.0,0.0,0.0,192995.4
1807624,IT,WF,RESEA,CEMEN,0.01,1929.934,3,3,1929.934,0.0,0.0,0.0,0.0,192993.4
1769953,IT,AU,TRANS,WHEAT,0.01,1929.93,3,3,1929.93,0.0,0.0,0.0,0.0,192993.0
1813547,IT,WM,WHOLE,PULP5,0.02,1929.632,3,3,1929.632,0.0,0.0,0.0,0.0,96481.6
1791077,IT,WA,TRANS,REFI1,0.01,1929.426,3,3,1929.426,0.0,0.0,0.0,0.0,192942.6
1736227,IT,SK,RETA1,PAPER,0.02,1929.092,3,3,1929.092,0.0,0.0,0.0,0.0,96454.6
1761878,IT,IN,TRANS,DIST1,0.01,1929.001,3,3,1929.001,0.0,0.0,0.0,0.0,192900.1
1797464,IT,WL,RESEA,MEDIC,0.01,1928.998,3,3,1928.998,0.0,0.0,0.0,0.0,192899.8
1751655,IT,CN,FINAN,COMPU,0.03,1928.888,3,3,1928.888,0.0,0.0,0.0,0.0,64296.266667
1751070,IT,CN,RETA1,OILSE,0.02,1928.668,3,3,1928.668,0.0,0.0,0.0,0.0,96433.4
1640804,IT,AT,WEARI,CERAM,0.01,1928.65,3,3,1928.65,0.0,0.0,0.0,0.0,192865.0
1710174,IT,LT,MACHI,ELEC6,0.01,1928.46,3,3,1928.46,0.0,0.0,0.0,0.0,192846.0
1747900,IT,JP,COMPU,FABRI,0.02,1928.351,3,3,1928.351,0.0,0.0,0.0,0.0,96417.55
1801884,IT,WE,CONST,PREC1,0.01,1928.335,3,3,1928.335,0.0,0.0,0.0,0.0,192833.5
1787311,IT,WA,CROPS,MEATC,0.02,1928.279,3,3,1928.279,0.0,0.0,0.0,0.0,96413.95
1774780,IT,CH,POSTT,WEARI,0.03,1928.129,3,3,1928.129,0.0,0.0,0.0,0.0,64270.966667
1764548,IT,MX,SALEM,BUSIN,0.02,1928.083,3,3,1928.083,0.0,0.0,0.0,0.0,96404.15
1654573,IT,CZ,RAILW,CROPS,0.01,1928.021,3,3,1928.021,0.0,0.0,0.0,0.0,192802.1
1748161,IT,JP,FOODW,CHEM1,0.01,1927.924,3,3,1927.924,0.0,0.0,0.0,0.0,192792.4
1650487,IT,BG,ELEC5,SUPPO,0.02,1927.827,3,3,1927.827,0.0,0.0,0.0,0.0,96391.35
1672288,IT,FI,RENTI,FURNI,0.01,1927.665,3,3,1927.665,0.0,0.0,0.0,0.0,192766.5
1803472,IT,WF,MEAT4,TEXTI,0.01,1927.602,3,3,1927.602,0.0,0.0,0.0,0.0,192760.2
1735930,IT,SK,MOTO1,DAIRY,0.01,1927.47,3,3,1927.47,0.0,0.0,0.0,0.0,192747.0
1756872,IT,KR,POSTT,RAILW,0.03,1927.428,3,3,1927.428,0.0,0.0,0.0,0.0,64247.6
1774707,IT,CH,SUPPO,MOTOR,0.01,1927.291,3,3,1927.291,0.0,0.0,0.0,0.0,192729.1
1733369,IT,SI,TRANS,SUPPO,0.01,1927.063,3,3,1927.063,0.0,0.0,0.0,0.0,192706.3
1786937,IT,ZA,SUPPO,WHOLE,0.01,1926.991,3,3,1926.991,0.0,0.0,0.0,0.0,192699.1
1734033,IT,SI,FINAN,PRINT,0.03,1926.989,3,3,1926.989,0.0,0.0,0.0,0.0,64232.966667
1733568,IT,SI,RETA1,STEAM,0.02,1926.761,3,3,1926.761,0.0,0.0,0.0,0.0,96338.05
1662983,IT,DK,HOTEL,MEAT1,0.01,1926.706,3,3,1926.706,0.0,0.0,0.0,0.0,192670.6
1687053,IT,HU,MOTO1,PULP5,0.01,1926.671,3,3,1926.671,0.0,0.0,0.0,0.0,192667.1
1746082,IT,JP,PRINT,TRANS,0.02,1926.538,3,3,1926.538,0.0,0.0,0.0,0.0,96326.9
1644099,IT,AT,BUSIN,OILHA,0.02,1926.492,3,3,1926.492,0.0,0.0,0.0,0.0,96324.6
1669477,IT,ES,AUXIL,PAPER,0.04,1926.164,3,3,1926.164,0.0,0.0,0.0,0.0,48154.1
1712648,IT,LV,TRANS,MACHI,0.01,1926.111,3,3,1926.111,0.0,0.0,0.0,0.0,192611.1
1760201,IT,BR,PAPE4,HEALT,0.01,1926.094,3,3,1926.094,0.0,0.0,0.0,0.0,192609.4
1730422,IT,SE,POSTT,NONME,0.03,1925.847,3,3,1925.847,0.0,0.0,0.0,0.0,64194.9
1764543,IT,MX,SALEM,CONST,0.02,1925.783,3,3,1925.783,0.0,0.0,0.0,0.0,96289.15
1809520,IT,WM,MEAT4,RETAI,0.01,1925.496,3,3,1925.496,0.0,0.0,0.0,0.0,192549.6
1808629,IT,WF,PLAS2,COMPU,0.02,1925.446,3,3,1925.446,0.0,0.0,0.0,0.0,96272.3
1793037,IT,WA,FOOD4,MEATC,0.01,1925.399,3,3,1925.399,0.0,0.0,0.0,0.0,192539.9
1718506,IT,PL,TEXTI,RETAI,0.01,1925.374,3,3,1925.374,0.0,0.0,0.0,0.0,192537.4
1644816,IT,BE,TEXTI,BIODI,0.01,1925.35,3,3,1925.35,0.0,0.0,0.0,0.0,192535.0
1757510,IT,BR,PRINT,FOOD5,0.02,1925.113,3,3,1925.113,0.0,0.0,0.0,0.0,96255.65
1659544,IT,DE,RETA1,FOODW,0.02,1925.041,3,3,1925.041,0.0,0.0,0.0,0.0,96252.05
1722266,IT,PL,RECRE,PUBLI,0.02,1924.7,3,3,1924.7,0.0,0.0,0.0,0.0,96235.0
1767764,IT,RU,INSUR,WOODW,0.04,1924.516,3,3,1924.516,0.0,0.0,0.0,0.0,48112.9
1756998,IT,KR,BUSIN,VEGET,0.02,1924.412,3,3,1924.412,0.0,0.0,0.0,0.0,96220.6
1730929,IT,SE,INTER,TRAN1,0.01,1924.366,3,3,1924.366,0.0,0.0,0.0,0.0,192436.6
1659259,IT,DE,SALEM,ELEC7,0.02,1924.358,3,3,1924.358,0.0,0.0,0.0,0.0,96217.9
1780503,IT,TW,POSTT,RADIO,0.03,1924.183,3,3,1924.183,0.0,0.0,0.0,0.0,64139.433333
1689508,IT,IE,LANDT,OFFIC,0.01,1924.182,3,3,1924.182,0.0,0.0,0.0,0.0,192418.2
1780697,IT,TW,REALE,LEATH,0.08,1924.037,3,3,1924.037,0.0,0.0,0.0,0.0,24050.4625
1748788,IT,CN,TEXTI,NAPHT,0.01,1923.69,3,3,1923.69,0.0,0.0,0.0,0.0,192369.0
1685388,IT,HU,LEATH,TRAN1,0.01,1923.62,3,3,1923.62,0.0,0.0,0.0,0.0,192362.0
1663587,IT,DK,BUSIN,CROPS,0.02,1923.617,3,3,1923.617,0.0,0.0,0.0,0.0,96180.85
1793175,IT,WA,93197,NONF1,0.01,1923.329,3,3,1923.329,0.0,0.0,0.0,0.0,192332.9
1748120,IT,JP,PUBLI,FABRI,0.03,1923.322,3,3,1923.322,0.0,0.0,0.0,0.0,64110.733333
1792128,IT,WA,SUPPO,WHEAT,0.01,1923.319,3,3,1923.319,0.0,0.0,0.0,0.0,192331.9
1810602,IT,WM,PRINT,OFFIC,0.02,1923.31,3,3,1923.31,0.0,0.0,0.0,0.0,96165.5
1787657,IT,WA,MEAT4,COMPU,0.01,1923.268,3,3,1923.268,0.0,0.0,0.0,0.0,192326.8
1711955,IT,LU,INERT,CONST,0.01,1923.126,3,3,1923.126,0.0,0.0,0.0,0.0,192312.6
1663835,IT,EE,TEXTI,PAPER,0.01,1923.097,3,3,1923.097,0.0,0.0,0.0,0.0,192309.7
1722700,IT,PT,LEATH,EDUCA,0.01,1922.979,3,3,1922.979,0.0,0.0,0.0,0.0,192297.9
1770041,IT,AU,CONST,WHOLE,0.01,1922.868,3,3,1922.868,0.0,0.0,0.0,0.0,192286.8
1660241,IT,DE,POSTT,PFERT,0.03,1922.829,3,3,1922.829,0.0,0.0,0.0,0.0,64094.3
1710511,IT,LT,SUPPO,RAWMI,0.01,1922.731,3,3,1922.731,0.0,0.0,0.0,0.0,192273.1
1736826,IT,SK,BUSIN,CROPS,0.02,1922.626,3,3,1922.626,0.0,0.0,0.0,0.0,96131.3
1688057,IT,HU,COMPU,OFFIC,0.02,1922.619,3,3,1922.619,0.0,0.0,0.0,0.0,96130.95
1671972,IT,FI,LANDT,SECO9,0.01,1922.53,3,3,1922.53,0.0,0.0,0.0,0.0,192253.0
1754249,IT,CA,POSTT,TRAN1,0.03,1922.501,3,3,1922.501,0.0,0.0,0.0,0.0,64083.366667
1711297,IT,LU,RETAI,AIRTR,0.02,1922.473,3,3,1922.473,0.0,0.0,0.0,0.0,96123.65
1671956,IT,FI,LANDT,GLASS,0.01,1922.443,3,3,1922.443,0.0,0.0,0.0,0.0,192244.3
1729998,IT,SE,SALEM,ELEC3,0.02,1922.265,3,3,1922.265,0.0,0.0,0.0,0.0,96113.25
1721903,IT,PL,RENTI,ELECT,0.01,1922.184,3,3,1922.184,0.0,0.0,0.0,0.0,192218.4
1802454,IT,WE,SUPPO,TOBAC,0.01,1922.167,3,3,1922.167,0.0,0.0,0.0,0.0,192216.7
1759432,IT,BR,INSUR,SUPPO,0.04,1921.999,3,3,1921.999,0.0,0.0,0.0,0.0,48049.975
1801544,IT,WE,TRANS,ANIMA,0.01,1921.959,3,3,1921.959,0.0,0.0,0.0,0.0,192195.9
1721096,IT,PL,HOTEL,WOOD1,0.01,1921.758,3,3,1921.758,0.0,0.0,0.0,0.0,192175.8
1734214,IT,SI,RENTI,WOODW,0.01,1921.704,3,3,1921.704,0.0,0.0,0.0,0.0,192170.4
1676146,IT,FR,CONST,CATTL,0.01,1921.698,3,3,1921.698,0.0,0.0,0.0,0.0,192169.8
1680154,IT,GR,MOTO1,PULP5,0.01,1921.521,3,3,1921.521,0.0,0.0,0.0,0.0,192152.1
1709473,IT,LT,TEXTI,COMPU,0.01,1921.373,3,3,1921.373,0.0,0.0,0.0,0.0,192137.3
1785246,IT,ZA,TEXTI,NFERT,0.01,1921.339,3,3,1921.339,0.0,0.0,0.0,0.0,192133.9
1668761,IT,ES,LANDT,ELEC7,0.01,1921.179,3,3,1921.179,0.0,0.0,0.0,0.0,192117.9
1670575,IT,FI,TEXTI,RAILW,0.01,1921.091,3,3,1921.091,0.0,0.0,0.0,0.0,192109.1
1798319,IT,WE,CROPS,RADIO,0.02,1920.972,3,3,1920.972,0.0,0.0,0.0,0.0,96048.6
1643134,IT,AT,RETA1,TOBAC,0.02,1920.928,3,3,1920.928,0.0,0.0,0.0,0.0,96046.4
1734304,IT,SI,BUSIN,NONME,0.02,1920.699,3,3,1920.699,0.0,0.0,0.0,0.0,96034.95
1648364,IT,BE,FOOD2,WOOD1,0.01,1920.502,3,3,1920.502,0.0,0.0,0.0,0.0,192050.2
1710352,IT,LT,RETA1,HOTEL,0.02,1920.379,3,3,1920.379,0.0,0.0,0.0,0.0,96018.95
1711571,IT,LU,FINAN,MOTO1,0.03,1920.373,3,3,1920.373,0.0,0.0,0.0,0.0,64012.433333
1806668,IT,WF,WHOLE,SUGAR,0.02,1920.032,3,3,1920.032,0.0,0.0,0.0,0.0,96001.6
1663716,IT,EE,MEAT4,BUSIN,0.01,1919.794,3,3,1919.794,0.0,0.0,0.0,0.0,191979.4
1711621,IT,LU,REALE,WHOLE,0.08,1919.648,3,3,1919.648,0.0,0.0,0.0,0.0,23995.6
1678252,IT,FR,SEWAG,RESEA,0.02,1919.479,3,3,1919.479,0.0,0.0,0.0,0.0,95973.95
1765214,IT,RU,PADDY,SUGA1,0.02,1919.303,3,3,1919.303,0.0,0.0,0.0,0.0,95965.15
1652563,IT,CZ,LEATH,PRINT,0.01,1919.249,3,3,1919.249,0.0,0.0,0.0,0.0,191924.9
1802595,IT,WE,INSUR,FORES,0.04,1919.188,3,3,1919.188,0.0,0.0,0.0,0.0,47979.7
1744761,IT,US,RESEA,REFIN,0.01,1919.143,3,3,1919.143,0.0,0.0,0.0,0.0,191914.3
1753853,IT,CA,RETA1,WHEAT,0.02,1918.847,3,3,1918.847,0.0,0.0,0.0,0.0,95942.35
1758582,IT,BR,MOTO1,GLASS,0.01,1918.844,3,3,1918.844,0.0,0.0,0.0,0.0,191884.4
1716648,IT,NL,RETAI,BUSIN,0.02,1918.828,3,3,1918.828,0.0,0.0,0.0,0.0,95941.4
1665065,IT,ES,MEAT4,CONST,0.01,1918.63,3,3,1918.63,0.0,0.0,0.0,0.0,191863.0
1776155,IT,TR,LEATH,ELEC4,0.01,1918.463,3,3,1918.463,0.0,0.0,0.0,0.0,191846.3
1792500,IT,WA,REALE,MOTOR,0.08,1918.46,3,3,1918.46,0.0,0.0,0.0,0.0,23980.75
1677229,IT,FR,POSTT,FOOD3,0.03,1918.4,3,3,1918.4,0.0,0.0,0.0,0.0,63946.666667
1760079,IT,BR,OILHA,POSTT,0.01,1918.234,3,3,1918.234,0.0,0.0,0.0,0.0,191823.4
1806714,IT,WF,WHOLE,BRICK,0.02,1918.189,3,3,1918.189,0.0,0.0,0.0,0.0,95909.45
1740161,IT,GB,COMPU,SEWAG,0.02,1918.156,3,3,1918.156,0.0,0.0,0.0,0.0,95907.8
1670021,IT,ES,OILHA,RETA1,0.01,1918.124,3,3,1918.124,0.0,0.0,0.0,0.0,191812.4
1793430,IT,WL,FORES,NICKE,0.02,1917.541,4,4,1916.541,0.0,1.0,0.0,0.0,95877.05
1791142,IT,WA,TRANS,FOODW,0.01,1917.486,3,3,1917.486,0.0,0.0,0.0,0.0,191748.6
1778311,IT,TR,SALEM,CONST,0.02,1917.459,3,3,1917.459,0.0,0.0,0.0,0.0,95872.95
1649998,IT,BG,MACHI,ANIMA,0.01,1917.451,3,3,1917.451,0.0,0.0,0.0,0.0,191745.1
1776393,IT,TR,PRINT,DISTR,0.02,1917.451,3,3,1917.451,0.0,0.0,0.0,0.0,95872.55
1743322,IT,US,CONST,RUBBE,0.01,1917.284,3,3,1917.284,0.0,0.0,0.0,0.0,191728.4
1671916,IT,FI,RAILW,LANDT,0.01,1917.27,3,3,1917.27,0.0,0.0,0.0,0.0,191727.0
1764948,IT,MX,POSTT,RUBBE,0.03,1917.162,3,3,1917.162,0.0,0.0,0.0,0.0,63905.4
1775543,IT,CH,FOOD4,HEALT,0.01,1917.102,3,3,1917.102,0.0,0.0,0.0,0.0,191710.2
1736629,IT,SK,FINAN,MOTO1,0.02,1917.078,3,3,1917.078,0.0,0.0,0.0,0.0,95853.9
1807615,IT,WF,RESEA,VEGE1,0.01,1916.905,3,3,1916.905,0.0,0.0,0.0,0.0,191690.5
1756152,IT,KR,MACHI,MEATC,0.01,1916.64,3,3,1916.64,0.0,0.0,0.0,0.0,191664.0
1685285,IT,HU,TEXTI,FOODW,0.01,1916.606,3,3,1916.606,0.0,0.0,0.0,0.0,191660.6
1782558,IT,NO,MOTO1,RESEA,0.01,1916.487,3,3,1916.487,0.0,0.0,0.0,0.0,191648.7
1713872,IT,MT,ELEC4,MOTO1,0.03,1916.487,3,3,1916.487,0.0,0.0,0.0,0.0,63882.9
1660431,IT,DE,FINAN,TEXT1,0.02,1916.163,3,3,1916.163,0.0,0.0,0.0,0.0,95808.15
1663449,IT,DK,REALE,FABRI,0.08,1915.845,3,3,1915.845,0.0,0.0,0.0,0.0,23948.0625
1745811,IT,JP,WEARI,INERT,0.01,1915.662,3,3,1915.662,0.0,0.0,0.0,0.0,191566.2
1680544,IT,GR,ELEC8,FOOD5,0.03,1915.647,3,3,1915.647,0.0,0.0,0.0,0.0,63854.9
1660481,IT,DE,INSUR,PFERT,0.04,1915.531,3,3,1915.531,0.0,0.0,0.0,0.0,47888.275
1782727,IT,NO,RETA1,ALUM1,0.02,1915.429,3,3,1915.429,0.0,0.0,0.0,0.0,95771.45
1724674,IT,PT,INSUR,MACHI,0.04,1915.134,3,3,1915.134,0.0,0.0,0.0,0.0,47878.35
1727445,IT,RO,AUXIL,WHEAT,0.04,1915.106,3,3,1915.106,0.0,0.0,0.0,0.0,47877.65
1728664,IT,SE,PRINT,COLLE,0.02,1914.933,3,3,1914.933,0.0,0.0,0.0,0.0,95746.65
1731554,IT,SI,TEXTI,PULP5,0.01,1914.889,3,3,1914.889,0.0,0.0,0.0,0.0,191488.9
1761872,IT,IN,TRANS,FABRI,0.01,1914.875,3,3,1914.875,0.0,0.0,0.0,0.0,191487.5
1711850,IT,LU,PAPE1,BUSIN,0.01,1914.82,3,3,1914.82,0.0,0.0,0.0,0.0,191482.0
1722279,IT,PL,93197,MOTO1,0.01,1914.651,3,3,1914.651,0.0,0.0,0.0,0.0,191465.1
1714072,IT,MT,LANDT,DISTR,0.01,1914.482,3,3,1914.482,0.0,0.0,0.0,0.0,191448.2
1791839,IT,WA,LANDT,MACHI,0.01,1914.364,3,3,1914.364,0.0,0.0,0.0,0.0,191436.4
1727703,IT,RO,COMPU,PFERT,0.02,1914.324,3,3,1914.324,0.0,0.0,0.0,0.0,95716.2
1724728,IT,PT,AUXIL,CONST,0.04,1914.286,3,3,1914.286,0.0,0.0,0.0,0.0,47857.15
1747380,IT,JP,RETA1,RENTI,0.02,1914.088,3,3,1914.088,0.0,0.0,0.0,0.0,95704.4
1810215,IT,WM,LEATH,LEADZ,0.01,1914.026,3,3,1914.026,0.0,0.0,0.0,0.0,191402.6
1804189,IT,WF,PRINT,MEATA,0.02,1913.96,3,3,1913.96,0.0,0.0,0.0,0.0,95698.0
1748240,IT,JP,WOOD1,WEARI,0.01,1913.951,3,3,1913.951,0.0,0.0,0.0,0.0,191395.1
1756909,IT,KR,FINAN,PUBLI,0.02,1913.922,3,3,1913.922,0.0,0.0,0.0,0.0,95696.1
1740475,IT,GB,PAPE4,CONST,0.01,1913.845,3,3,1913.845,0.0,0.0,0.0,0.0,191384.5
1736468,IT,SK,LANDT,MEMBE,0.01,1913.572,3,3,1913.572,0.0,0.0,0.0,0.0,191357.2
1671937,IT,FI,LANDT,LEATH,0.01,1913.079,3,3,1913.079,0.0,0.0,0.0,0.0,191307.9
1711883,IT,LU,WOOD1,MOTO1,0.01,1913.064,3,3,1913.064,0.0,0.0,0.0,0.0,191306.4
1722022,IT,PL,RESEA,TEXTI,0.01,1912.858,3,3,1912.858,0.0,0.0,0.0,0.0,191285.8
1716926,IT,NL,RAILW,NATUR,0.01,1912.743,3,3,1912.743,0.0,0.0,0.0,0.0,191274.3
1661725,IT,DK,LEATH,WHEAT,0.01,1912.601,3,3,1912.601,0.0,0.0,0.0,0.0,191260.1
1678991,IT,GR,LEATH,PRINT,0.01,1912.443,3,3,1912.443,0.0,0.0,0.0,0.0,191244.3
1722631,IT,PT,TEXTI,RADIO,0.01,1912.378,3,3,1912.378,0.0,0.0,0.0,0.0,191237.8
1813506,IT,WM,RETAI,KERO1,0.02,1912.372,3,3,1912.372,0.0,0.0,0.0,0.0,95618.6
1797278,IT,WL,INSUR,ADDIT,0.04,1912.337,3,3,1912.337,0.0,0.0,0.0,0.0,47808.425
1791298,IT,WA,CONST,LANDT,0.01,1912.145,3,3,1912.145,0.0,0.0,0.0,0.0,191214.5
1643794,IT,AT,FINAN,WHEAT,0.02,1912.091,3,3,1912.091,0.0,0.0,0.0,0.0,95604.55
1726784,IT,RO,RETAI,EDUCA,0.02,1911.781,3,3,1911.781,0.0,0.0,0.0,0.0,95589.05
1675452,IT,FR,MACHI,PAPE3,0.01,1911.754,3,3,1911.754,0.0,0.0,0.0,0.0,191175.4
1778615,IT,TR,HOTEL,SUGA1,0.01,1911.527,3,3,1911.527,0.0,0.0,0.0,0.0,191152.7
1661285,IT,DK,MEATA,ELEC7,0.01,1911.383,3,3,1911.383,0.0,0.0,0.0,0.0,191138.3
1687836,IT,HU,FINAN,MOTO1,0.02,1911.349,3,3,1911.349,0.0,0.0,0.0,0.0,95567.45
1662941,IT,DK,RETA1,DISTR,0.02,1911.25,3,3,1911.25,0.0,0.0,0.0,0.0,95562.5
1804193,IT,WF,PRINT,COPPE,0.02,1911.139,3,3,1911.139,0.0,0.0,0.0,0.0,95556.95
1678462,IT,FR,RECRE,CEMEN,0.02,1910.989,3,3,1910.989,0.0,0.0,0.0,0.0,95549.45
1774282,IT,CH,HOTEL,SUGAR,0.01,1910.971,3,3,1910.971,0.0,0.0,0.0,0.0,191097.1
1667964,IT,ES,TRANS,CHEM1,0.01,1910.953,3,3,1910.953,0.0,0.0,0.0,0.0,191095.3
1684961,IT,HU,MEAT4,DAIRY,0.01,1910.938,3,3,1910.938,0.0,0.0,0.0,0.0,191093.8
1744473,IT,US,AUXIL,SEWAG,0.03,1910.938,3,3,1910.938,0.0,0.0,0.0,0.0,63697.933333
1740438,IT,GB,FOOD2,HOTEL,0.01,1910.794,3,3,1910.794,0.0,0.0,0.0,0.0,191079.4
1713962,IT,MT,SALEM,PUBLI,0.02,1910.621,3,3,1910.621,0.0,0.0,0.0,0.0,95531.05
1669497,IT,ES,AUXIL,ELEC3,0.03,1910.43,3,3,1910.43,0.0,0.0,0.0,0.0,63681.0
1740075,IT,GB,RENTI,WOOD1,0.01,1910.385,3,3,1910.385,0.0,0.0,0.0,0.0,191038.5
1774117,IT,CH,WHOLE,MEDIC,0.02,1910.363,3,3,1910.363,0.0,0.0,0.0,0.0,95518.15
1786983,IT,ZA,INSUR,WOOLS,0.04,1910.361,3,3,1910.361,0.0,0.0,0.0,0.0,47759.025
1733541,IT,SI,RETA1,RAWMI,0.02,1910.318,3,3,1910.318,0.0,0.0,0.0,0.0,95515.9
1684459,IT,HR,RENTI,CHEM1,0.01,1910.298,3,3,1910.298,0.0,0.0,0.0,0.0,191029.8
1802460,IT,WE,SUPPO,MOTOR,0.01,1910.239,3,3,1910.239,0.0,0.0,0.0,0.0,191023.9
1797384,IT,WL,COMPU,NATU1,0.02,1910.216,3,3,1910.216,0.0,0.0,0.0,0.0,95510.8
1687378,IT,HU,HOTEL,GLASS,0.01,1910.159,3,3,1910.159,0.0,0.0,0.0,0.0,191015.9
1712669,IT,LV,CONST,HOTEL,0.01,1910.026,3,3,1910.026,0.0,0.0,0.0,0.0,191002.6
1740349,IT,GB,PUBLI,93197,0.03,1909.965,3,3,1909.965,0.0,0.0,0.0,0.0,63665.5
1793176,IT,WA,93197,FABRI,0.01,1909.891,3,3,1909.891,0.0,0.0,0.0,0.0,190989.1
1739428,IT,GB,LANDT,SANDC,0.01,1909.846,3,3,1909.846,0.0,0.0,0.0,0.0,190984.6
1685312,IT,HU,WEARI,BIOGA,0.01,1909.845,3,3,1909.845,0.0,0.0,0.0,0.0,190984.5
1716962,IT,NL,RAILW,AUXIL,0.01,1909.734,3,3,1909.734,0.0,0.0,0.0,0.0,190973.4
1733601,IT,SI,HOTEL,SANDC,0.01,1909.453,3,3,1909.453,0.0,0.0,0.0,0.0,190945.3
1779655,IT,TR,RESEA,BIOGA,0.01,1909.437,3,3,1909.437,0.0,0.0,0.0,0.0,190943.7
1796316,IT,WL,SALEM,CONST,0.02,1909.341,3,3,1909.341,0.0,0.0,0.0,0.0,95467.05
1807802,IT,WF,FOODW,CHARC,0.01,1909.278,3,3,1909.278,0.0,0.0,0.0,0.0,190927.8
1720924,IT,PL,SALEM,FOOD3,0.02,1909.211,3,3,1909.211,0.0,0.0,0.0,0.0,95460.55
1792228,IT,WA,POSTT,SUGA1,0.03,1909.205,3,3,1909.205,0.0,0.0,0.0,0.0,63640.166667
1710858,IT,LU,PRINT,SALEM,0.02,1909.146,3,3,1909.146,0.0,0.0,0.0,0.0,95457.3
1797297,IT,WL,AUXIL,FOOD5,0.03,1909.081,3,3,1909.081,0.0,0.0,0.0,0.0,63636.033333
1740477,IT,GB,PAPE4,BUSIN,0.01,1909.005,3,3,1909.005,0.0,0.0,0.0,0.0,190900.5
1747434,IT,JP,LANDT,RETA1,0.01,1909.004,3,3,1909.004,0.0,0.0,0.0,0.0,190900.4
1754412,IT,CA,RENTI,MEDIC,0.01,1908.914,3,3,1908.914,0.0,0.0,0.0,0.0,190891.4
1757379,IT,BR,LEATH,COALT,0.01,1908.895,3,3,1908.895,0.0,0.0,0.0,0.0,190889.5
1797122,IT,WL,POSTT,HEAVY,0.03,1908.882,3,3,1908.882,0.0,0.0,0.0,0.0,63629.4
1770379,IT,AU,LANDT,CHEM1,0.01,1908.558,3,3,1908.558,0.0,0.0,0.0,0.0,190855.8
1742942,IT,US,MACHI,BIOG1,0.01,1908.5,3,3,1908.5,0.0,0.0,0.0,0.0,190850.0
1780636,IT,TW,INSUR,RESEA,0.04,1908.423,3,3,1908.423,0.0,0.0,0.0,0.0,47710.575
1814787,IT,WM,PAPE4,FOOD5,0.01,1908.307,3,3,1908.307,0.0,0.0,0.0,0.0,190830.7
1743324,IT,US,CONST,MACHI,0.01,1908.192,3,3,1908.192,0.0,0.0,0.0,0.0,190819.2
1711950,IT,LU,PAPE4,HOTEL,0.01,1908.096,3,3,1908.096,0.0,0.0,0.0,0.0,190809.6
1745114,IT,US,EDUCA,HOTEL,0.05,1907.871,3,3,1907.871,0.0,0.0,0.0,0.0,38157.42
1660877,IT,DE,COMPU,PAPE2,0.02,1907.827,3,3,1907.827,0.0,0.0,0.0,0.0,95391.35
1774509,IT,CH,LANDT,RAILW,0.01,1907.624,3,3,1907.624,0.0,0.0,0.0,0.0,190762.4
1678199,IT,FR,WOOD1,PLAS1,0.01,1907.608,3,3,1907.608,0.0,0.0,0.0,0.0,190760.8
1648058,IT,BE,COMPU,TRAN2,0.02,1907.585,3,3,1907.585,0.0,0.0,0.0,0.0,95379.25
1750964,IT,CN,SALEM,WHOLE,0.02,1907.381,3,3,1907.381,0.0,0.0,0.0,0.0,95369.05
1680067,IT,GR,MACHI,STEAM,0.01,1907.314,3,3,1907.314,0.0,0.0,0.0,0.0,190731.4
1670558,IT,FI,TEXTI,COPP1,0.01,1907.243,3,3,1907.243,0.0,0.0,0.0,0.0,190724.3
1681451,IT,GR,COMPU,BEVER,0.02,1907.158,3,3,1907.158,0.0,0.0,0.0,0.0,95357.9
1681472,IT,GR,COMPU,SEACO,0.02,1907.002,3,3,1907.002,0.0,0.0,0.0,0.0,95350.1
1814934,IT,WM,PRIVA,CHARC,0.43,1906.982,3,3,1906.982,0.0,0.0,0.0,0.0,4434.84186
1776007,IT,TR,TEXTI,MEATC,0.01,1906.791,3,3,1906.791,0.0,0.0,0.0,0.0,190679.1
1647191,IT,BE,LANDT,CEREA,0.01,1906.733,3,3,1906.733,0.0,0.0,0.0,0.0,190673.3
1677642,IT,FR,REALE,FOODW,0.08,1906.398,3,3,1906.398,0.0,0.0,0.0,0.0,23829.975
1733337,IT,SI,TRANS,MEATA,0.01,1906.344,3,3,1906.344,0.0,0.0,0.0,0.0,190634.4
1782667,IT,NO,WHOLE,FORES,0.02,1906.298,3,3,1906.298,0.0,0.0,0.0,0.0,95314.9
1767863,IT,RU,AUXIL,SEACO,0.03,1906.287,3,3,1906.287,0.0,0.0,0.0,0.0,63542.9
1770741,IT,AU,AUXIL,COMPU,0.03,1906.27,3,3,1906.27,0.0,0.0,0.0,0.0,63542.333333
1739461,IT,GB,LANDT,PETRO,0.01,1906.22,3,3,1906.22,0.0,0.0,0.0,0.0,190622.0
1654622,IT,CZ,LANDT,MEATA,0.01,1906.175,3,3,1906.175,0.0,0.0,0.0,0.0,190617.5
1689501,IT,IE,LANDT,MEATP,0.01,1906.143,3,3,1906.143,0.0,0.0,0.0,0.0,190614.3
1655047,IT,CZ,COMPU,CEREA,0.02,1906.09,3,3,1906.09,0.0,0.0,0.0,0.0,95304.5
1814821,IT,WM,WOOD2,DAIRY,0.01,1906.083,3,3,1906.083,0.0,0.0,0.0,0.0,190608.3
1740174,IT,GB,BUSIN,CATTL,0.02,1906.053,3,3,1906.053,0.0,0.0,0.0,0.0,95302.65
1678079,IT,FR,FOODW,TRANS,0.01,1905.794,3,3,1905.794,0.0,0.0,0.0,0.0,190579.4
1751110,IT,CN,RETA1,ALUM1,0.02,1905.7,3,3,1905.7,0.0,0.0,0.0,0.0,95285.0
1809671,IT,WM,PROCE,FORES,0.01,1905.632,3,3,1905.632,0.0,0.0,0.0,0.0,190563.2
1747668,IT,JP,POSTT,ELECT,0.03,1905.609,3,3,1905.609,0.0,0.0,0.0,0.0,63520.3
1771793,IT,CH,LEATH,INTER,0.01,1905.428,3,3,1905.428,0.0,0.0,0.0,0.0,190542.8
1808028,IT,WF,INTER,MOTO1,0.01,1905.356,3,3,1905.356,0.0,0.0,0.0,0.0,190535.6
1727894,IT,RO,PAPE4,WHOLE,0.01,1905.294,3,3,1905.294,0.0,0.0,0.0,0.0,190529.4
1782853,IT,NO,LANDT,REALE,0.01,1905.143,3,3,1905.143,0.0,0.0,0.0,0.0,190514.3
1814633,IT,WM,FOODW,RESEA,0.01,1904.823,3,3,1904.823,0.0,0.0,0.0,0.0,190482.3
1711326,IT,LU,WHOLE,COPP1,0.02,1904.791,3,3,1904.791,0.0,0.0,0.0,0.0,95239.55
1807314,IT,WF,POSTT,MOTO1,0.03,1904.693,3,3,1904.693,0.0,0.0,0.0,0.0,63489.766667
1677710,IT,FR,RENTI,ELEC8,0.01,1904.654,3,3,1904.654,0.0,0.0,0.0,0.0,190465.4
1660136,IT,DE,SUPPO,CEREA,0.01,1904.641,3,3,1904.641,0.0,0.0,0.0,0.0,190464.1
1650457,IT,BG,ELEC5,TOBAC,0.02,1904.635,3,3,1904.635,0.0,0.0,0.0,0.0,95231.75
1658856,IT,DE,TRANS,CEREA,0.01,1904.618,3,3,1904.618,0.0,0.0,0.0,0.0,190461.8
1662879,IT,DK,WHOLE,CEMEN,0.02,1904.541,3,3,1904.541,0.0,0.0,0.0,0.0,95227.05
1786413,IT,ZA,MACHI,FINAN,0.01,1904.49,3,3,1904.49,0.0,0.0,0.0,0.0,190449.0
1649161,IT,BG,PRINT,WOODW,0.02,1904.434,3,3,1904.434,0.0,0.0,0.0,0.0,95221.7
1658858,IT,DE,TRANS,CATTL,0.01,1904.282,3,3,1904.282,0.0,0.0,0.0,0.0,190428.2
1681426,IT,GR,RENTI,COLLE,0.01,1904.25,3,3,1904.25,0.0,0.0,0.0,0.0,190425.0
1762160,IT,IN,LANDT,TRANS,0.01,1904.127,3,3,1904.127,0.0,0.0,0.0,0.0,190412.7
1689814,IT,IE,INSUR,NONF1,0.04,1904.032,3,3,1904.032,0.0,0.0,0.0,0.0,47600.8
1659241,IT,DE,SALEM,BIODI,0.02,1903.979,3,3,1903.979,0.0,0.0,0.0,0.0,95198.95
1759026,IT,BR,LANDT,RECRE,0.01,1903.837,3,3,1903.837,0.0,0.0,0.0,0.0,190383.7
1784095,IT,ID,LEATH,POSTT,0.01,1903.73,3,3,1903.73,0.0,0.0,0.0,0.0,190373.0
1767792,IT,RU,INSUR,RETAI,0.04,1903.647,3,3,1903.647,0.0,0.0,0.0,0.0,47591.175
1684517,IT,HR,BUSIN,MEATC,0.02,1903.405,3,3,1903.405,0.0,0.0,0.0,0.0,95170.25
1667634,IT,ES,MACHI,COKEO,0.01,1903.185,3,3,1903.185,0.0,0.0,0.0,0.0,190318.5
1770079,IT,AU,WHOLE,MEAT4,0.02,1903.058,3,3,1903.058,0.0,0.0,0.0,0.0,95152.9
1669461,IT,ES,INSUR,PAPE4,0.04,1903.055,3,3,1903.055,0.0,0.0,0.0,0.0,47576.375
1756548,IT,KR,RETA1,CEREA,0.02,1902.525,3,3,1902.525,0.0,0.0,0.0,0.0,95126.25
1730426,IT,SE,POSTT,LEAD1,0.03,1902.234,3,3,1902.234,0.0,0.0,0.0,0.0,63407.8
1655045,IT,CZ,RENTI,AIRTR,0.01,1902.118,3,3,1902.118,0.0,0.0,0.0,0.0,190211.8
1670055,IT,ES,FOOD2,NONF1,0.01,1901.968,3,3,1901.968,0.0,0.0,0.0,0.0,190196.8
1729957,IT,SE,CONST,BASIC,0.01,1901.762,3,3,1901.762,0.0,0.0,0.0,0.0,190176.2
1683826,IT,HR,MOTO1,STONE,0.01,1901.73,3,3,1901.73,0.0,0.0,0.0,0.0,190173.0
1743466,IT,US,WHOLE,MACHI,0.02,1901.723,3,3,1901.723,0.0,0.0,0.0,0.0,95086.15
1768373,IT,AU,MEAT4,RENTI,0.01,1901.438,3,3,1901.438,0.0,0.0,0.0,0.0,190143.8
1687256,IT,HU,WHOLE,CHEM1,0.02,1901.261,3,3,1901.261,0.0,0.0,0.0,0.0,95063.05
1667872,IT,ES,MOTO1,FOOD5,0.01,1901.212,3,3,1901.212,0.0,0.0,0.0,0.0,190121.2
1671808,IT,FI,RETA1,TEXTI,0.02,1901.097,3,3,1901.097,0.0,0.0,0.0,0.0,95054.85
1684512,IT,HR,BUSIN,ANIMA,0.02,1900.913,3,3,1900.913,0.0,0.0,0.0,0.0,95045.65
1681180,IT,GR,POSTT,ELEC5,0.03,1900.814,3,3,1900.814,0.0,0.0,0.0,0.0,63360.466667
1810125,IT,WM,WEARI,RAWMI,0.01,1900.615,3,3,1900.615,0.0,0.0,0.0,0.0,190061.5
1655236,IT,CZ,FOOD4,MACHI,0.01,1900.471,3,3,1900.471,0.0,0.0,0.0,0.0,190047.1
1749306,IT,CN,PRINT,FISHF,0.02,1900.232,3,3,1900.232,0.0,0.0,0.0,0.0,95011.6
1785011,IT,ID,BUSIN,NATUR,0.02,1900.231,3,3,1900.231,0.0,0.0,0.0,0.0,95011.55
1680668,IT,GR,WHOLE,NONME,0.02,1900.122,3,3,1900.122,0.0,0.0,0.0,0.0,95006.1
1735939,IT,SK,MOTO1,PAPER,0.01,1899.962,3,3,1899.962,0.0,0.0,0.0,0.0,189996.2
1664761,IT,EE,BUSIN,COMPU,0.02,1899.843,3,3,1899.843,0.0,0.0,0.0,0.0,94992.15
1718555,IT,PL,WEARI,ELEC1,0.01,1899.691,3,3,1899.691,0.0,0.0,0.0,0.0,189969.1
1681439,IT,GR,RENTI,COMPU,0.01,1899.65,3,3,1899.65,0.0,0.0,0.0,0.0,189965.0
1720729,IT,PL,TRANS,FISH5,0.01,1899.602,3,3,1899.602,0.0,0.0,0.0,0.0,189960.2
1760209,IT,BR,PLAS2,COLLE,0.02,1899.562,3,3,1899.562,0.0,0.0,0.0,0.0,94978.1
1745454,IT,JP,PROCE,PRECI,0.01,1899.47,3,3,1899.47,0.0,0.0,0.0,0.0,189947.0
1729994,IT,SE,SALEM,MOTOR,0.02,1899.457,3,3,1899.457,0.0,0.0,0.0,0.0,94972.85
1743631,IT,US,HOTEL,ELEC6,0.01,1899.443,3,3,1899.443,0.0,0.0,0.0,0.0,189944.3
1726901,IT,RO,RETA1,INTER,0.02,1899.398,3,3,1899.398,0.0,0.0,0.0,0.0,94969.9
1659705,IT,DE,RAILW,GLASS,0.01,1899.222,3,3,1899.222,0.0,0.0,0.0,0.0,189922.2
1720920,IT,PL,SALEM,BUSIN,0.02,1899.103,3,3,1899.103,0.0,0.0,0.0,0.0,94955.15
1668162,IT,ES,SALEM,ELEC8,0.02,1898.995,3,3,1898.995,0.0,0.0,0.0,0.0,94949.75
1659714,IT,DE,RAILW,FOUND,0.01,1898.754,3,3,1898.754,0.0,0.0,0.0,0.0,189875.4
1759359,IT,BR,FINAN,ELECT,0.02,1898.696,3,3,1898.696,0.0,0.0,0.0,0.0,94934.8
1792551,IT,WA,RENTI,KEROS,0.01,1898.648,3,3,1898.648,0.0,0.0,0.0,0.0,189864.8
1765522,IT,RU,WEARI,MEMBE,0.01,1898.4,3,3,1898.4,0.0,0.0,0.0,0.0,189840.0
1671653,IT,FI,CONST,GASDI,0.01,1898.256,3,3,1898.256,0.0,0.0,0.0,0.0,189825.6
1661787,IT,DK,LEATH,93197,0.01,1898.11,3,3,1898.11,0.0,0.0,0.0,0.0,189811.0
1643373,IT,AT,RAILW,FOODW,0.01,1897.967,3,3,1897.967,0.0,0.0,0.0,0.0,189796.7
1648961,IT,BG,WEARI,EDUCA,0.01,1897.853,3,3,1897.853,0.0,0.0,0.0,0.0,189785.3
1718610,IT,PL,LEATH,CERAM,0.01,1897.806,3,3,1897.806,0.0,0.0,0.0,0.0,189780.6
1774817,IT,CH,POSTT,RETAI,0.03,1897.721,3,3,1897.721,0.0,0.0,0.0,0.0,63257.366667
1770777,IT,AU,COMPU,WOODW,0.02,1897.663,3,3,1897.663,0.0,0.0,0.0,0.0,94883.15
1797819,IT,WL,FOOD2,NATUR,0.01,1897.585,3,3,1897.585,0.0,0.0,0.0,0.0,189758.5
1807863,IT,WF,PAPE1,CHEM1,0.01,1897.502,3,3,1897.502,0.0,0.0,0.0,0.0,189750.2
1756438,IT,KR,CONST,CERAM,0.01,1897.488,3,3,1897.488,0.0,0.0,0.0,0.0,189748.8
1740211,IT,GB,BUSIN,ETHAN,0.02,1897.486,3,3,1897.486,0.0,0.0,0.0,0.0,94874.3
1752048,IT,CN,BUSIN,OILSE,0.02,1897.02,3,3,1897.02,0.0,0.0,0.0,0.0,94851.0
1736594,IT,SK,POSTT,OFFIC,0.03,1896.834,3,3,1896.834,0.0,0.0,0.0,0.0,63227.8
1771180,IT,CH,MEAT4,TRANS,0.01,1896.817,3,3,1896.817,0.0,0.0,0.0,0.0,189681.7
1813671,IT,WM,RETA1,FOUND,0.02,1896.811,3,3,1896.811,0.0,0.0,0.0,0.0,94840.55
1814750,IT,WM,FOOD2,GASDI,0.01,1896.577,3,3,1896.577,0.0,0.0,0.0,0.0,189657.7
1754308,IT,CA,INSUR,MEATC,0.04,1896.435,3,3,1896.435,0.0,0.0,0.0,0.0,47410.875
1672326,IT,FI,RESEA,PFERT,0.01,1896.317,3,3,1896.317,0.0,0.0,0.0,0.0,189631.7
1727900,IT,SE,PADDY,CHEM1,0.02,1896.282,3,3,1896.282,0.0,0.0,0.0,0.0,94814.1
1802014,IT,WE,WHOLE,LIQUE,0.02,1896.218,3,3,1896.218,0.0,0.0,0.0,0.0,94810.9
1678202,IT,FR,WOOD1,WASTE,0.01,1896.094,3,3,1896.094,0.0,0.0,0.0,0.0,189609.4
1759018,IT,BR,LANDT,FINAN,0.01,1895.913,3,3,1895.913,0.0,0.0,0.0,0.0,189591.3
1761842,IT,IN,MOTO1,ELEC8,0.01,1895.89,3,3,1895.89,0.0,0.0,0.0,0.0,189589.0
1647858,IT,BE,AUXIL,PLAS1,0.03,1895.856,3,3,1895.856,0.0,0.0,0.0,0.0,63195.2
1813538,IT,WM,WHOLE,PROCE,0.02,1895.842,3,3,1895.842,0.0,0.0,0.0,0.0,94792.1
1690282,IT,IE,OILHA,REALE,0.01,1895.77,3,3,1895.77,0.0,0.0,0.0,0.0,189577.0
1802727,IT,WE,RESEA,LEATH,0.01,1895.767,3,3,1895.767,0.0,0.0,0.0,0.0,189576.7
1807439,IT,WF,AUXIL,PRINT,0.03,1895.517,3,3,1895.517,0.0,0.0,0.0,0.0,63183.9
1739044,IT,GB,RETAI,PRINT,0.01,1895.493,3,3,1895.493,0.0,0.0,0.0,0.0,189549.3
1743780,IT,US,LANDT,LEAD1,0.01,1895.354,3,3,1895.354,0.0,0.0,0.0,0.0,189535.4
1794203,IT,WL,PRINT,ELECT,0.02,1895.219,3,3,1895.219,0.0,0.0,0.0,0.0,94760.95
1744205,IT,US,POSTT,WEARI,0.03,1895.208,3,3,1895.208,0.0,0.0,0.0,0.0,63173.6
1734021,IT,SI,POSTT,HEALT,0.03,1895.148,3,3,1895.148,0.0,0.0,0.0,0.0,63171.6
1647904,IT,BE,REALE,MOTO1,0.08,1895.098,3,3,1895.098,0.0,0.0,0.0,0.0,23688.725
1779152,IT,TR,POSTT,CHEMI,0.03,1895.064,3,3,1895.064,0.0,0.0,0.0,0.0,63168.8
1801988,IT,WE,WHOLE,COKIN,0.02,1894.978,3,3,1894.978,0.0,0.0,0.0,0.0,94748.9
1760471,IT,IN,TEXTI,MOTOR,0.01,1894.941,3,3,1894.941,0.0,0.0,0.0,0.0,189494.1
1783114,IT,NO,INSUR,INERT,0.04,1894.758,3,3,1894.758,0.0,0.0,0.0,0.0,47368.95
1780227,IT,TW,RAILW,POSTT,0.01,1894.641,3,3,1894.641,0.0,0.0,0.0,0.0,189464.1
1676098,IT,FR,ELEC8,GASDI,0.03,1894.538,3,3,1894.538,0.0,0.0,0.0,0.0,63151.266667
1750970,IT,CN,RETAI,FABRI,0.01,1894.514,3,3,1894.514,0.0,0.0,0.0,0.0,189451.4
1676246,IT,FR,SALEM,SUGAR,0.02,1894.461,3,3,1894.461,0.0,0.0,0.0,0.0,94723.05
1725005,IT,PT,OILHA,NONF1,0.01,1894.364,3,3,1894.364,0.0,0.0,0.0,0.0,189436.4
1759613,IT,BR,COMPU,PLAS2,0.02,1894.251,3,3,1894.251,0.0,0.0,0.0,0.0,94712.55
1716806,IT,NL,RETA1,TEXT1,0.02,1894.18,3,3,1894.18,0.0,0.0,0.0,0.0,94709.0
1762459,IT,IN,FINAN,CHEM1,0.02,1894.037,3,3,1894.037,0.0,0.0,0.0,0.0,94701.85
1729950,IT,SE,CONST,TEXTI,0.01,1893.892,3,3,1893.892,0.0,0.0,0.0,0.0,189389.2
1776087,IT,TR,WEARI,ELECT,0.01,1893.73,3,3,1893.73,0.0,0.0,0.0,0.0,189373.0
1778739,IT,TR,RAILW,INERT,0.01,1893.5,3,3,1893.5,0.0,0.0,0.0,0.0,189350.0
1711796,IT,LU,PUBLI,RAILW,0.03,1893.497,3,3,1893.497,0.0,0.0,0.0,0.0,63116.566667
1720612,IT,PL,MOTO1,PRECI,0.01,1893.473,3,3,1893.473,0.0,0.0,0.0,0.0,189347.3
1661666,IT,DK,TEXTI,SALEM,0.01,1893.29,3,3,1893.29,0.0,0.0,0.0,0.0,189329.0
1770163,IT,AU,RETA1,MOTO1,0.02,1893.214,3,3,1893.214,0.0,0.0,0.0,0.0,94660.7
1645151,IT,BE,PRINT,BIOGA,0.02,1892.974,3,3,1892.974,0.0,0.0,0.0,0.0,94648.7
1726605,IT,RO,MOTO1,TEXTI,0.01,1892.655,3,3,1892.655,0.0,0.0,0.0,0.0,189265.5
1760482,IT,IN,TEXTI,FOUND,0.01,1892.556,3,3,1892.556,0.0,0.0,0.0,0.0,189255.6
1687495,IT,HU,LANDT,SANDC,0.01,1892.53,3,3,1892.53,0.0,0.0,0.0,0.0,189253.0
1663919,IT,EE,LEATH,RESEA,0.01,1892.428,3,3,1892.428,0.0,0.0,0.0,0.0,189242.8
1775166,IT,CH,RESEA,PAPER,0.01,1892.303,3,3,1892.303,0.0,0.0,0.0,0.0,189230.3
1682486,IT,HR,PRINT,PLAST,0.02,1891.928,3,3,1891.928,0.0,0.0,0.0,0.0,94596.4
1814329,IT,WM,FINAN,CERAM,0.02,1891.894,3,3,1891.894,0.0,0.0,0.0,0.0,94594.7
1724940,IT,PT,BUSIN,FOOD1,0.02,1891.875,3,3,1891.875,0.0,0.0,0.0,0.0,94593.75
1720990,IT,PL,RETA1,SALEM,0.02,1891.803,3,3,1891.803,0.0,0.0,0.0,0.0,94590.15
1797209,IT,WL,FINAN,WOODW,0.02,1891.772,3,3,1891.772,0.0,0.0,0.0,0.0,94588.6
1814801,IT,WM,PAPE4,RESEA,0.01,1891.754,3,3,1891.754,0.0,0.0,0.0,0.0,189175.4
1664718,IT,EE,SUPPO,OFFIC,0.01,1891.673,3,3,1891.673,0.0,0.0,0.0,0.0,189167.3
1760025,IT,BR,TEXT1,FOOD3,0.01,1891.638,3,3,1891.638,0.0,0.0,0.0,0.0,189163.8
1734920,IT,SK,PRINT,RESEA,0.02,1891.6,3,3,1891.6,0.0,0.0,0.0,0.0,94580.0
1714256,IT,MT,COMPU,HOTEL,0.02,1891.544,3,3,1891.544,0.0,0.0,0.0,0.0,94577.2
1798044,IT,WL,WOOD2,RESEA,0.01,1891.541,3,3,1891.541,0.0,0.0,0.0,0.0,189154.1
1681422,IT,GR,RENTI,ELEC4,0.01,1891.536,3,3,1891.536,0.0,0.0,0.0,0.0,189153.6
1798022,IT,WL,INERT,INSUR,0.01,1891.507,3,3,1891.507,0.0,0.0,0.0,0.0,189150.7
1779346,IT,TR,INSUR,BLAST,0.04,1891.458,3,3,1891.458,0.0,0.0,0.0,0.0,47286.45
1648128,IT,BE,RESEA,STEAM,0.01,1891.348,3,3,1891.348,0.0,0.0,0.0,0.0,189134.8
1807612,IT,WF,RESEA,MEATP,0.01,1891.348,3,3,1891.348,0.0,0.0,0.0,0.0,189134.8
1802848,IT,WE,INTER,WEARI,0.01,1891.333,3,3,1891.333,0.0,0.0,0.0,0.0,189133.3
1715090,IT,NL,WEARI,MOTO1,0.01,1891.262,3,3,1891.262,0.0,0.0,0.0,0.0,189126.2
1712693,IT,LV,HOTEL,BIODI,0.01,1891.235,3,3,1891.235,0.0,0.0,0.0,0.0,189123.5
1670126,IT,ES,INERT,TEXTI,0.01,1891.058,3,3,1891.058,0.0,0.0,0.0,0.0,189105.8
1670084,IT,ES,FOOD4,PULP5,0.01,1891.052,3,3,1891.052,0.0,0.0,0.0,0.0,189105.2
1726872,IT,RO,RETA1,ALUM1,0.02,1890.623,3,3,1890.623,0.0,0.0,0.0,0.0,94531.15
1808451,IT,WF,FOOD4,LEATH,0.01,1890.601,3,3,1890.601,0.0,0.0,0.0,0.0,189060.1
1717088,IT,NL,LANDT,FOOD3,0.01,1890.428,3,3,1890.428,0.0,0.0,0.0,0.0,189042.8
1648078,IT,BE,COMPU,INTER,0.02,1890.275,3,3,1890.275,0.0,0.0,0.0,0.0,94513.75
1652445,IT,CZ,TEXTI,WASTE,0.01,1890.272,3,3,1890.272,0.0,0.0,0.0,0.0,189027.2
1664459,IT,EE,MACHI,FOOD4,0.01,1890.073,3,3,1890.073,0.0,0.0,0.0,0.0,189007.3
1736814,IT,SK,COMPU,RENTI,0.02,1890.064,3,3,1890.064,0.0,0.0,0.0,0.0,94503.2
1797180,IT,WL,POSTT,RENTI,0.03,1889.954,3,3,1889.954,0.0,0.0,0.0,0.0,62998.466667
1804218,IT,WF,PRINT,SEACO,0.02,1889.95,3,3,1889.95,0.0,0.0,0.0,0.0,94497.5
1669601,IT,ES,RENTI,WEARI,0.01,1889.938,3,3,1889.938,0.0,0.0,0.0,0.0,188993.8
1680032,IT,GR,MACHI,NONSP,0.01,1889.87,3,3,1889.87,0.0,0.0,0.0,0.0,188987.0
1727488,IT,RO,AUXIL,ALUM1,0.03,1889.777,3,3,1889.777,0.0,0.0,0.0,0.0,62992.566667
1715069,IT,NL,TEXTI,INERT,0.01,1889.76,3,3,1889.76,0.0,0.0,0.0,0.0,188976.0
1803935,IT,WF,WEARI,INLAN,0.01,1889.613,3,3,1889.613,0.0,0.0,0.0,0.0,188961.3
1711412,IT,LU,HOTEL,RUBBE,0.01,1889.549,3,3,1889.549,0.0,0.0,0.0,0.0,188954.9
1684799,IT,HU,FORES,RUBBE,0.02,1889.447,4,4,1888.447,0.0,1.0,0.0,0.0,94472.35
1650636,IT,BG,WHOLE,CEREA,0.02,1889.416,3,3,1889.416,0.0,0.0,0.0,0.0,94470.8
1722233,IT,PL,EDUCA,RESEA,0.05,1889.348,3,3,1889.348,0.0,0.0,0.0,0.0,37786.96
1640220,IT,AT,FORES,BIOGA,0.02,1889.246,4,4,1888.246,0.0,1.0,0.0,0.0,94462.3
1655397,IT,DE,CROPS,COMPU,0.01,1888.92,3,3,1888.92,0.0,0.0,0.0,0.0,188892.0
1756443,IT,KR,CONST,COPP1,0.01,1888.869,3,3,1888.869,0.0,0.0,0.0,0.0,188886.9
1656569,IT,DE,PRINT,TOBAC,0.02,1888.833,3,3,1888.833,0.0,0.0,0.0,0.0,94441.65
1785002,IT,ID,RENTI,RETA1,0.01,1888.662,3,3,1888.662,0.0,0.0,0.0,0.0,188866.2
1754630,IT,KR,FORES,PUBLI,0.02,1888.625,4,4,1887.625,0.0,1.0,0.0,0.0,94431.25
1733681,IT,SI,RAILW,DAIRY,0.01,1888.552,3,3,1888.552,0.0,0.0,0.0,0.0,188855.2
1753804,IT,CA,SALEM,TRAN2,0.02,1888.325,3,3,1888.325,0.0,0.0,0.0,0.0,94416.25
1677030,IT,FR,SUPPO,PROCE,0.01,1888.137,3,3,1888.137,0.0,0.0,0.0,0.0,188813.7
1758832,IT,BR,HOTEL,FISHF,0.01,1888.09,3,3,1888.09,0.0,0.0,0.0,0.0,188809.0
1683955,IT,HR,WHOLE,DAIRY,0.02,1888.033,3,3,1888.033,0.0,0.0,0.0,0.0,94401.65
1672830,IT,FR,MEAT4,SUPPO,0.01,1888.012,3,3,1888.012,0.0,0.0,0.0,0.0,188801.2
1758498,IT,BR,MACHI,BRICK,0.01,1887.955,3,3,1887.955,0.0,0.0,0.0,0.0,188795.5
1813644,IT,WM,RETA1,LEATH,0.02,1887.704,3,3,1887.704,0.0,0.0,0.0,0.0,94385.2
1690476,IT,IE,PAPE4,AUXIL,0.01,1887.52,3,3,1887.52,0.0,0.0,0.0,0.0,188752.0
1786505,IT,ZA,TRANS,NATU1,0.01,1887.432,3,3,1887.432,0.0,0.0,0.0,0.0,188743.2
1740778,IT,US,MEAT4,RENTI,0.01,1887.304,3,3,1887.304,0.0,0.0,0.0,0.0,188730.4
1791013,IT,WA,MOTO1,AUXIL,0.01,1887.259,3,3,1887.259,0.0,0.0,0.0,0.0,188725.9
1736623,IT,SK,FINAN,PLAST,0.02,1887.14,3,3,1887.14,0.0,0.0,0.0,0.0,94357.0
1687038,IT,HU,MOTO1,VEGET,0.01,1886.896,3,3,1886.896,0.0,0.0,0.0,0.0,188689.6
1646580,IT,BE,MOTO1,VEGET,0.01,1886.846,3,3,1886.846,0.0,0.0,0.0,0.0,188684.6
1756905,IT,KR,FINAN,RETA1,0.02,1886.779,3,3,1886.779,0.0,0.0,0.0,0.0,94338.95
1807834,IT,WF,PAPE1,OILSE,0.01,1886.76,3,3,1886.76,0.0,0.0,0.0,0.0,188676.0
1794158,IT,WL,PRINT,MEATC,0.02,1886.715,3,3,1886.715,0.0,0.0,0.0,0.0,94335.75
1792546,IT,WA,RENTI,NATUR,0.01,1886.573,3,3,1886.573,0.0,0.0,0.0,0.0,188657.3
1740902,IT,US,PROCE,HEALT,0.01,1886.542,3,3,1886.542,0.0,0.0,0.0,0.0,188654.2
1802011,IT,WE,WHOLE,KEROS,0.02,1886.135,3,3,1886.135,0.0,0.0,0.0,0.0,94306.75
1759890,IT,BR,PAPE1,ELECT,0.01,1885.959,3,3,1885.959,0.0,0.0,0.0,0.0,188595.9
1647306,IT,BE,LANDT,PLAS2,0.01,1885.716,3,3,1885.716,0.0,0.0,0.0,0.0,188571.6
1659739,IT,DE,RAILW,FINAN,0.01,1885.676,3,3,1885.676,0.0,0.0,0.0,0.0,188567.6
1744307,IT,US,FINAN,MOTOR,0.02,1885.624,3,3,1885.624,0.0,0.0,0.0,0.0,94281.2
1803924,IT,WF,WEARI,ELEC2,0.01,1885.59,3,3,1885.59,0.0,0.0,0.0,0.0,188559.0
1760228,IT,BR,INERT,REALE,0.01,1885.469,3,3,1885.469,0.0,0.0,0.0,0.0,188546.9
1681285,IT,GR,FINAN,EDUCA,0.02,1885.023,3,3,1885.023,0.0,0.0,0.0,0.0,94251.15
1684000,IT,HR,RETA1,MACHI,0.02,1884.931,3,3,1884.931,0.0,0.0,0.0,0.0,94246.55
1724029,IT,PT,RETAI,PAPE4,0.01,1884.86,3,3,1884.86,0.0,0.0,0.0,0.0,188486.0
1721956,IT,PL,COMPU,LEATH,0.02,1884.781,3,3,1884.781,0.0,0.0,0.0,0.0,94239.05
1759474,IT,BR,AUXIL,SALEM,0.03,1884.773,3,3,1884.773,0.0,0.0,0.0,0.0,62825.766667
1759008,IT,BR,LANDT,ELEC5,0.01,1884.68,3,3,1884.68,0.0,0.0,0.0,0.0,188468.0
1773292,IT,CH,MACHI,FISHF,0.01,1884.654,3,3,1884.654,0.0,0.0,0.0,0.0,188465.4
1740484,IT,GB,PAPE4,WOOD2,0.01,1884.561,3,3,1884.561,0.0,0.0,0.0,0.0,188456.1
1796055,IT,WL,TRANS,STONE,0.01,1884.451,3,3,1884.451,0.0,0.0,0.0,0.0,188445.1
1660605,IT,DE,REALE,BIODI,0.08,1884.4,3,3,1884.4,0.0,0.0,0.0,0.0,23555.0
1793068,IT,WA,PLAS2,RETA1,0.02,1884.051,3,3,1884.051,0.0,0.0,0.0,0.0,94202.55
1736786,IT,SK,COMPU,CEMEN,0.02,1883.879,3,3,1883.879,0.0,0.0,0.0,0.0,94193.95
1814839,IT,WM,MEMBE,SALEM,0.02,1883.432,3,3,1883.432,0.0,0.0,0.0,0.0,94171.6
1678075,IT,FR,FOODW,RUBBE,0.01,1883.357,3,3,1883.357,0.0,0.0,0.0,0.0,188335.7
1770368,IT,AU,LANDT,FOOD5,0.01,1883.3,3,3,1883.3,0.0,0.0,0.0,0.0,188330.0
1711778,IT,LU,PUBLI,CHEM1,0.03,1883.288,3,3,1883.288,0.0,0.0,0.0,0.0,62776.266667
1759676,IT,BR,RESEA,EDUCA,0.01,1883.162,3,3,1883.162,0.0,0.0,0.0,0.0,188316.2
1752267,IT,CA,FORES,BUSIN,0.02,1883.143,4,4,1882.143,0.0,1.0,0.0,0.0,94157.15
1672069,IT,FI,SUPPO,BEVER,0.01,1883.012,3,3,1883.012,0.0,0.0,0.0,0.0,188301.2
1736533,IT,SK,SUPPO,PULP5,0.01,1882.843,3,3,1882.843,0.0,0.0,0.0,0.0,188284.3
1779537,IT,TR,COMPU,ALUMI,0.02,1882.717,3,3,1882.717,0.0,0.0,0.0,0.0,94135.85
1793837,IT,WL,TEXTI,ADDIT,0.01,1882.628,3,3,1882.628,0.0,0.0,0.0,0.0,188262.8
1721511,IT,PL,SUPPO,NAPHT,0.01,1882.561,3,3,1882.561,0.0,0.0,0.0,0.0,188256.1
1765459,IT,RU,TEXTI,COMPU,0.01,1882.312,3,3,1882.312,0.0,0.0,0.0,0.0,188231.2
1677447,IT,FR,INSUR,INTER,0.04,1882.177,3,3,1882.177,0.0,0.0,0.0,0.0,47054.425
1648613,IT,BG,MEAT4,VEGE1,0.01,1881.925,3,3,1881.925,0.0,0.0,0.0,0.0,188192.5
1671820,IT,FI,RETA1,BASIC,0.02,1881.806,3,3,1881.806,0.0,0.0,0.0,0.0,94090.3
1754436,IT,CA,COMPU,CONST,0.02,1881.793,3,3,1881.793,0.0,0.0,0.0,0.0,94089.65
1681622,IT,GR,RECRE,CONST,0.02,1881.731,3,3,1881.731,0.0,0.0,0.0,0.0,94086.55
1651744,IT,CY,MACHI,DISTR,0.01,1881.589,3,3,1881.589,0.0,0.0,0.0,0.0,188158.9
1754206,IT,CA,POSTT,RAWMI,0.03,1881.437,3,3,1881.437,0.0,0.0,0.0,0.0,62714.566667
1650485,IT,BG,ELEC5,RAILW,0.02,1881.249,3,3,1881.249,0.0,0.0,0.0,0.0,94062.45
1736204,IT,SK,WHOLE,RENTI,0.02,1881.135,3,3,1881.135,0.0,0.0,0.0,0.0,94056.75
1717510,IT,NL,REALE,PUBLI,0.08,1881.065,3,3,1881.065,0.0,0.0,0.0,0.0,23513.3125
1643500,IT,AT,LANDT,SEWAG,0.01,1880.953,3,3,1880.953,0.0,0.0,0.0,0.0,188095.3
1783475,IT,NO,WOOD1,COPP1,0.01,1880.914,3,3,1880.914,0.0,0.0,0.0,0.0,188091.4
1684386,IT,HR,POSTT,SALEM,0.03,1880.909,3,3,1880.909,0.0,0.0,0.0,0.0,62696.966667
1736335,IT,SK,RAILW,CEMEN,0.01,1880.884,3,3,1880.884,0.0,0.0,0.0,0.0,188088.4
1796358,IT,WL,WHOLE,ANIMA,0.02,1880.825,3,3,1880.825,0.0,0.0,0.0,0.0,94041.25
1677999,IT,FR,PUBLI,RECRE,0.03,1880.763,3,3,1880.763,0.0,0.0,0.0,0.0,62692.1
1678439,IT,FR,WOOD2,COLLE,0.01,1880.721,3,3,1880.721,0.0,0.0,0.0,0.0,188072.1
1784027,IT,ID,TEXTI,CHARC,0.01,1880.479,3,3,1880.479,0.0,0.0,0.0,0.0,188047.9
1774447,IT,CH,LANDT,SUGAR,0.01,1880.442,3,3,1880.442,0.0,0.0,0.0,0.0,188044.2
1774024,IT,CH,RETAI,BRICK,0.01,1880.402,3,3,1880.402,0.0,0.0,0.0,0.0,188040.2
1733481,IT,SI,WHOLE,CEREA,0.02,1880.363,3,3,1880.363,0.0,0.0,0.0,0.0,94018.15
1668667,IT,ES,RAILW,PAPE4,0.01,1880.318,3,3,1880.318,0.0,0.0,0.0,0.0,188031.8
1733700,IT,SI,RAILW,COLLE,0.01,1880.286,3,3,1880.286,0.0,0.0,0.0,0.0,188028.6
1676326,IT,FR,RETAI,PREC1,0.01,1880.244,3,3,1880.244,0.0,0.0,0.0,0.0,188024.4
1669456,IT,ES,INSUR,SEWAG,0.04,1880.019,3,3,1880.019,0.0,0.0,0.0,0.0,47000.475
1677477,IT,FR,AUXIL,SUGA1,0.03,1879.648,3,3,1879.648,0.0,0.0,0.0,0.0,62654.933333
1712126,IT,LV,WEARI,PRINT,0.01,1879.256,3,3,1879.256,0.0,0.0,0.0,0.0,187925.6
1801987,IT,WE,WHOLE,FISHF,0.02,1879.13,3,3,1879.13,0.0,0.0,0.0,0.0,93956.5
1660906,IT,DE,BUSIN,ANIMA,0.02,1878.911,3,3,1878.911,0.0,0.0,0.0,0.0,93945.55
1717783,IT,NL,FOODW,FOUND,0.01,1878.792,3,3,1878.792,0.0,0.0,0.0,0.0,187879.2
1647207,IT,BE,LANDT,PROCE,0.01,1878.77,3,3,1878.77,0.0,0.0,0.0,0.0,187877.0
1774786,IT,CH,POSTT,KEROS,0.03,1878.714,3,3,1878.714,0.0,0.0,0.0,0.0,62623.8
1736177,IT,SK,WHOLE,TEXTI,0.02,1878.694,3,3,1878.694,0.0,0.0,0.0,0.0,93934.7
1714244,IT,MT,REALE,RENTI,0.08,1878.586,3,3,1878.586,0.0,0.0,0.0,0.0,23482.325
1650574,IT,BG,ELEC8,FOOD5,0.02,1878.539,3,3,1878.539,0.0,0.0,0.0,0.0,93926.95
1662819,IT,DK,CONST,TRANS,0.01,1878.527,3,3,1878.527,0.0,0.0,0.0,0.0,187852.7
1730383,IT,SE,POSTT,VEGET,0.03,1878.526,3,3,1878.526,0.0,0.0,0.0,0.0,62617.533333
1688212,IT,HU,RECRE,PRINT,0.02,1878.516,3,3,1878.516,0.0,0.0,0.0,0.0,93925.8
1714283,IT,MT,BUSIN,INSUR,0.02,1878.425,3,3,1878.425,0.0,0.0,0.0,0.0,93921.25
1736694,IT,SK,AUXIL,RESEA,0.03,1878.343,3,3,1878.343,0.0,0.0,0.0,0.0,62611.433333
1759520,IT,BR,RENTI,VEGET,0.01,1878.333,3,3,1878.333,0.0,0.0,0.0,0.0,187833.3
1725091,IT,RO,FORES,BEVER,0.02,1878.326,4,4,1877.326,0.0,1.0,0.0,0.0,93916.3
1669260,IT,ES,FINAN,COPPE,0.02,1878.317,3,3,1878.317,0.0,0.0,0.0,0.0,93915.85
1783148,IT,NO,REALE,CONST,0.08,1878.266,3,3,1878.266,0.0,0.0,0.0,0.0,23478.325
1718462,IT,PL,TEXTI,SUGA1,0.01,1878.145,3,3,1878.145,0.0,0.0,0.0,0.0,187814.5
1672123,IT,FI,POSTT,LANDT,0.03,1878.093,3,3,1878.093,0.0,0.0,0.0,0.0,62603.1
1724715,IT,PT,AUXIL,PAPER,0.03,1878.077,3,3,1878.077,0.0,0.0,0.0,0.0,62602.566667
1690522,IT,IE,TEXT2,REALE,0.01,1878.074,3,3,1878.074,0.0,0.0,0.0,0.0,187807.4
1645148,IT,BE,PRINT,NAPHT,0.02,1877.965,3,3,1877.965,0.0,0.0,0.0,0.0,93898.25
1796467,IT,WL,RETA1,FORES,0.02,1877.846,3,3,1877.846,0.0,0.0,0.0,0.0,93892.3
1718889,IT,PL,PRINT,MEATC,0.02,1877.825,3,3,1877.825,0.0,0.0,0.0,0.0,93891.25
1784923,IT,ID,POSTT,RENTI,0.03,1877.724,3,3,1877.724,0.0,0.0,0.0,0.0,62590.8
1729979,IT,SE,CONST,MEMBE,0.01,1877.562,3,3,1877.562,0.0,0.0,0.0,0.0,187756.2
1782664,IT,NO,RETAI,POSTT,0.01,1877.531,3,3,1877.531,0.0,0.0,0.0,0.0,187753.1
1659462,IT,DE,WHOLE,WASTE,0.02,1877.491,3,3,1877.491,0.0,0.0,0.0,0.0,93874.55
1740177,IT,GB,BUSIN,RAWMI,0.02,1877.303,3,3,1877.303,0.0,0.0,0.0,0.0,93865.15
1745810,IT,JP,WEARI,PLAS2,0.01,1877.207,3,3,1877.207,0.0,0.0,0.0,0.0,187720.7
1784916,IT,ID,POSTT,AIRTR,0.03,1877.195,3,3,1877.195,0.0,0.0,0.0,0.0,62573.166667
1710550,IT,LT,SUPPO,RECRE,0.01,1877.179,3,3,1877.179,0.0,0.0,0.0,0.0,187717.9
1663825,IT,EE,TEXTI,MEAT1,0.01,1877.015,3,3,1877.015,0.0,0.0,0.0,0.0,187701.5
1803252,IT,WF,MEATA,LEAD1,0.01,1877.013,3,3,1877.013,0.0,0.0,0.0,0.0,187701.3
1676009,IT,FR,ELEC5,SALEM,0.02,1876.632,3,3,1876.632,0.0,0.0,0.0,0.0,93831.6
1754584,IT,KR,CROPS,DAIRY,0.01,1876.48,3,3,1876.48,0.0,0.0,0.0,0.0,187648.0
1813748,IT,WM,HOTEL,BASIC,0.01,1876.451,3,3,1876.451,0.0,0.0,0.0,0.0,187645.1
1751632,IT,CN,FINAN,PLAST,0.02,1876.411,3,3,1876.411,0.0,0.0,0.0,0.0,93820.55
1771699,IT,CH,WEARI,OILHA,0.01,1876.281,3,3,1876.281,0.0,0.0,0.0,0.0,187628.1
1660780,IT,DE,COMPU,SUGA1,0.02,1876.081,3,3,1876.081,0.0,0.0,0.0,0.0,93804.05
1718243,IT,PL,PROCE,BUSIN,0.01,1876.054,3,3,1876.054,0.0,0.0,0.0,0.0,187605.4
1667956,IT,ES,TRANS,NICKE,0.01,1875.869,3,3,1875.869,0.0,0.0,0.0,0.0,187586.9
1734176,IT,SI,REALE,OFFIC,0.08,1875.831,3,3,1875.831,0.0,0.0,0.0,0.0,23447.8875
1775887,IT,TR,PROCE,WEARI,0.01,1875.666,3,3,1875.666,0.0,0.0,0.0,0.0,187566.6
1712818,IT,LV,SUPPO,WHOLE,0.01,1875.076,3,3,1875.076,0.0,0.0,0.0,0.0,187507.6
1652583,IT,CZ,LEATH,COLLE,0.01,1874.894,3,3,1874.894,0.0,0.0,0.0,0.0,187489.4
1787173,IT,ZA,PUBLI,WHOLE,0.03,1874.812,3,3,1874.812,0.0,0.0,0.0,0.0,62493.733333
1644426,IT,BE,MEAT4,WHOLE,0.01,1874.582,3,3,1874.582,0.0,0.0,0.0,0.0,187458.2
1714447,IT,NL,MEATA,TEXT2,0.01,1874.544,3,3,1874.544,0.0,0.0,0.0,0.0,187454.4
1736642,IT,SK,FINAN,AUXIL,0.02,1874.517,3,3,1874.517,0.0,0.0,0.0,0.0,93725.85
1713717,IT,MT,MACHI,RUBBE,0.01,1874.513,3,3,1874.513,0.0,0.0,0.0,0.0,187451.3
1764960,IT,MX,POSTT,COLLE,0.03,1874.461,3,3,1874.461,0.0,0.0,0.0,0.0,62482.033333
1779337,IT,TR,INSUR,TRANS,0.04,1874.451,3,3,1874.451,0.0,0.0,0.0,0.0,46861.275
1678926,IT,GR,TEXTI,OFFIC,0.01,1874.418,3,3,1874.418,0.0,0.0,0.0,0.0,187441.8
1774857,IT,CH,FINAN,DISTR,0.02,1874.187,3,3,1874.187,0.0,0.0,0.0,0.0,93709.35
1792343,IT,WA,FINAN,ALUM1,0.02,1874.158,3,3,1874.158,0.0,0.0,0.0,0.0,93707.9
1724041,IT,PT,WHOLE,PROCE,0.02,1874.13,3,3,1874.13,0.0,0.0,0.0,0.0,93706.5
1684544,IT,HR,BUSIN,COPP1,0.02,1873.751,3,3,1873.751,0.0,0.0,0.0,0.0,93687.55
1717583,IT,NL,COMPU,RAILW,0.02,1873.682,3,3,1873.682,0.0,0.0,0.0,0.0,93684.1
1782694,IT,NO,WHOLE,WOOD1,0.02,1873.612,3,3,1873.612,0.0,0.0,0.0,0.0,93680.6
1797792,IT,WL,OILHA,FABRI,0.01,1873.303,3,3,1873.303,0.0,0.0,0.0,0.0,187330.3
1663395,IT,DK,POSTT,FINAN,0.03,1873.237,3,3,1873.237,0.0,0.0,0.0,0.0,62441.233333
1644020,IT,AT,BUSIN,FISH5,0.02,1873.155,3,3,1873.155,0.0,0.0,0.0,0.0,93657.75
1671814,IT,FI,RETA1,NFERT,0.02,1873.11,3,3,1873.11,0.0,0.0,0.0,0.0,93655.5
1792231,IT,WA,POSTT,FISH5,0.03,1872.895,3,3,1872.895,0.0,0.0,0.0,0.0,62429.833333
1716432,IT,NL,MACHI,SEWAG,0.01,1872.888,3,3,1872.888,0.0,0.0,0.0,0.0,187288.8
1689466,IT,IE,HOTEL,INLAN,0.01,1872.605,3,3,1872.605,0.0,0.0,0.0,0.0,187260.5
1727965,IT,SE,CROPS,HEALT,0.01,1872.57,3,3,1872.57,0.0,0.0,0.0,0.0,187257.0
1760074,IT,BR,OILHA,HOTEL,0.01,1872.539,3,3,1872.539,0.0,0.0,0.0,0.0,187253.9
1680433,IT,GR,ELEC4,HEAVY,0.03,1872.432,3,3,1872.432,0.0,0.0,0.0,0.0,62414.4
1780024,IT,TW,SALEM,RESEA,0.02,1872.339,3,3,1872.339,0.0,0.0,0.0,0.0,93616.95
1774769,IT,CH,POSTT,SANDC,0.03,1872.286,3,3,1872.286,0.0,0.0,0.0,0.0,62409.533333
1773930,IT,CH,SALEM,WEARI,0.02,1872.202,3,3,1872.202,0.0,0.0,0.0,0.0,93610.1
1724688,IT,PT,INSUR,WHOLE,0.04,1871.967,3,3,1871.967,0.0,0.0,0.0,0.0,46799.175
1736232,IT,SK,RETA1,ELEC4,0.02,1871.894,3,3,1871.894,0.0,0.0,0.0,0.0,93594.7
1813922,IT,WM,LANDT,FOOD4,0.01,1871.859,3,3,1871.859,0.0,0.0,0.0,0.0,187185.9
1759228,IT,BR,POSTT,HYDRO,0.03,1871.78,3,3,1871.78,0.0,0.0,0.0,0.0,62392.666667
1727363,IT,RO,POSTT,OILHA,0.03,1871.567,3,3,1871.567,0.0,0.0,0.0,0.0,62385.566667
1744500,IT,US,REALE,BEVER,0.08,1871.492,3,3,1871.492,0.0,0.0,0.0,0.0,23393.65
1747945,IT,JP,RESEA,LIQUE,0.01,1871.473,3,3,1871.473,0.0,0.0,0.0,0.0,187147.3
1793902,IT,WL,WEARI,BIOGA,0.01,1871.281,3,3,1871.281,0.0,0.0,0.0,0.0,187128.1
1797147,IT,WL,POSTT,ELECT,0.03,1871.217,3,3,1871.217,0.0,0.0,0.0,0.0,62373.9
1712140,IT,LV,WEARI,HOTEL,0.01,1871.045,3,3,1871.045,0.0,0.0,0.0,0.0,187104.5
1802506,IT,WE,POSTT,CHEM1,0.03,1871.019,3,3,1871.019,0.0,0.0,0.0,0.0,62367.3
1650203,IT,BG,TRANS,ELEC3,0.01,1870.952,3,3,1870.952,0.0,0.0,0.0,0.0,187095.2
1759614,IT,BR,COMPU,INERT,0.02,1870.948,3,3,1870.948,0.0,0.0,0.0,0.0,93547.4
1687988,IT,HU,RENTI,ELEC5,0.01,1870.904,3,3,1870.904,0.0,0.0,0.0,0.0,187090.4
1734751,IT,SK,LEATH,PAPE4,0.01,1870.76,3,3,1870.76,0.0,0.0,0.0,0.0,187076.0
1717501,IT,NL,REALE,SUPPO,0.08,1870.677,3,3,1870.677,0.0,0.0,0.0,0.0,23383.4625
1689910,IT,IE,AUXIL,COLLE,0.03,1870.544,3,3,1870.544,0.0,0.0,0.0,0.0,62351.466667
1711912,IT,LU,FOOD2,RENTI,0.01,1870.487,3,3,1870.487,0.0,0.0,0.0,0.0,187048.7
1813890,IT,WM,LANDT,MEDIC,0.01,1870.472,3,3,1870.472,0.0,0.0,0.0,0.0,187047.2
1727212,IT,RO,SUPPO,NATU1,0.01,1870.388,3,3,1870.388,0.0,0.0,0.0,0.0,187038.8
1762325,IT,IN,SUPPO,BEVER,0.01,1870.322,3,3,1870.322,0.0,0.0,0.0,0.0,187032.2
1711327,IT,LU,WHOLE,NONF1,0.02,1870.204,3,3,1870.204,0.0,0.0,0.0,0.0,93510.2
1648386,IT,BE,RECRE,CONST,0.02,1869.93,3,3,1869.93,0.0,0.0,0.0,0.0,93496.5
1712673,IT,LV,CONST,RENTI,0.01,1869.872,3,3,1869.872,0.0,0.0,0.0,0.0,186987.2
1793123,IT,WA,RECRE,GASDI,0.02,1869.853,3,3,1869.853,0.0,0.0,0.0,0.0,93492.65
1807464,IT,WF,AUXIL,93197,0.03,1869.753,3,3,1869.753,0.0,0.0,0.0,0.0,62325.1
1681691,IT,HR,FORES,VEGET,0.02,1869.673,4,4,1868.673,0.0,1.0,0.0,0.0,93483.65
1664649,IT,EE,LANDT,DISTR,0.01,1869.673,3,3,1869.673,0.0,0.0,0.0,0.0,186967.3
1655044,IT,CZ,RENTI,LANDT,0.01,1869.44,3,3,1869.44,0.0,0.0,0.0,0.0,186944.0
1726679,IT,RO,TRANS,ELEC2,0.01,1869.337,3,3,1869.337,0.0,0.0,0.0,0.0,186933.7
1759567,IT,BR,COMPU,NONME,0.02,1869.308,3,3,1869.308,0.0,0.0,0.0,0.0,93465.4
1730601,IT,SE,RENTI,CEREA,0.01,1869.154,3,3,1869.154,0.0,0.0,0.0,0.0,186915.4
1669921,IT,ES,EDUCA,FISH5,0.05,1869.076,3,3,1869.076,0.0,0.0,0.0,0.0,37381.52
1736528,IT,SK,SUPPO,DAIRY,0.01,1868.786,3,3,1868.786,0.0,0.0,0.0,0.0,186878.6
1748194,IT,JP,PAPE1,LEATH,0.01,1868.781,3,3,1868.781,0.0,0.0,0.0,0.0,186878.1
1716652,IT,NL,WHOLE,CATTL,0.02,1868.748,3,3,1868.748,0.0,0.0,0.0,0.0,93437.4
1785277,IT,ZA,WEARI,IRONO,0.01,1868.694,3,3,1868.694,0.0,0.0,0.0,0.0,186869.4
1647567,IT,BE,SUPPO,INERT,0.01,1868.605,3,3,1868.605,0.0,0.0,0.0,0.0,186860.5
1793165,IT,WA,93197,GASDI,0.01,1868.42,3,3,1868.42,0.0,0.0,0.0,0.0,186842.0
1736171,IT,SK,RETAI,WOODW,0.01,1868.366,3,3,1868.366,0.0,0.0,0.0,0.0,186836.6
1680463,IT,GR,ELEC5,WEARI,0.02,1868.283,3,3,1868.283,0.0,0.0,0.0,0.0,93414.15
1647960,IT,BE,RENTI,NONME,0.01,1868.253,3,3,1868.253,0.0,0.0,0.0,0.0,186825.3
1729954,IT,SE,CONST,CHEM1,0.01,1868.243,3,3,1868.243,0.0,0.0,0.0,0.0,186824.3
1786618,IT,ZA,RETAI,SUGAR,0.01,1868.092,3,3,1868.092,0.0,0.0,0.0,0.0,186809.2
1802219,IT,WE,RAILW,LEATH,0.01,1867.988,3,3,1867.988,0.0,0.0,0.0,0.0,186798.8
1677276,IT,FR,FINAN,NAPHT,0.02,1867.976,3,3,1867.976,0.0,0.0,0.0,0.0,93398.8
1716935,IT,NL,RAILW,LIQUE,0.01,1867.956,3,3,1867.956,0.0,0.0,0.0,0.0,186795.6
1743560,IT,US,HOTEL,LEADZ,0.01,1867.892,3,3,1867.892,0.0,0.0,0.0,0.0,186789.2
1774208,IT,CH,RETA1,NFERT,0.02,1867.802,3,3,1867.802,0.0,0.0,0.0,0.0,93390.1
1814797,IT,WM,PAPE4,FINAN,0.01,1867.607,3,3,1867.607,0.0,0.0,0.0,0.0,186760.7
1809521,IT,WM,MEAT4,WHOLE,0.01,1867.586,3,3,1867.586,0.0,0.0,0.0,0.0,186758.6
1779773,IT,TR,BUSIN,ELE12,0.02,1867.52,3,3,1867.52,0.0,0.0,0.0,0.0,93376.0
1690400,IT,IE,FOOD4,FISH5,0.01,1867.24,3,3,1867.24,0.0,0.0,0.0,0.0,186724.0
1730420,IT,SE,POSTT,CERAM,0.03,1867.147,3,3,1867.147,0.0,0.0,0.0,0.0,62238.233333
1668218,IT,ES,RETAI,BRICK,0.01,1867.083,3,3,1867.083,0.0,0.0,0.0,0.0,186708.3
1724246,IT,PT,LANDT,RAWMI,0.01,1867.047,3,3,1867.047,0.0,0.0,0.0,0.0,186704.7
1752372,IT,CA,MEAT4,RESEA,0.01,1866.756,3,3,1866.756,0.0,0.0,0.0,0.0,186675.6
1802115,IT,WE,RETA1,DISTR,0.02,1866.72,3,3,1866.72,0.0,0.0,0.0,0.0,93336.0
1792643,IT,WA,RESEA,SUGA1,0.01,1866.715,3,3,1866.715,0.0,0.0,0.0,0.0,186671.5
1729956,IT,SE,CONST,CEMEN,0.01,1866.657,3,3,1866.657,0.0,0.0,0.0,0.0,186665.7
1736191,IT,SK,WHOLE,NONF1,0.02,1866.596,3,3,1866.596,0.0,0.0,0.0,0.0,93329.8
1720914,IT,PL,SALEM,INLAN,0.02,1866.464,3,3,1866.464,0.0,0.0,0.0,0.0,93323.2
1762474,IT,IN,FINAN,WHOLE,0.02,1866.352,3,3,1866.352,0.0,0.0,0.0,0.0,93317.6
1752666,IT,CA,WEARI,PAPER,0.01,1866.211,3,3,1866.211,0.0,0.0,0.0,0.0,186621.1
1783808,IT,NO,INERT,MOTO1,0.01,1866.073,3,3,1866.073,0.0,0.0,0.0,0.0,186607.3
1734455,IT,SK,FORES,RETAI,0.02,1866.043,4,4,1865.043,0.0,1.0,0.0,0.0,93302.15
1685327,IT,HU,WEARI,COLLE,0.01,1866.003,3,3,1866.003,0.0,0.0,0.0,0.0,186600.3
1643008,IT,AT,CONST,BIOGA,0.01,1865.784,3,3,1865.784,0.0,0.0,0.0,0.0,186578.4
1668143,IT,ES,SALEM,WEARI,0.02,1865.669,3,3,1865.669,0.0,0.0,0.0,0.0,93283.45
1678235,IT,FR,OILHA,PLAS2,0.01,1865.659,3,3,1865.659,0.0,0.0,0.0,0.0,186565.9
1677503,IT,FR,AUXIL,ELEC8,0.03,1865.63,3,3,1865.63,0.0,0.0,0.0,0.0,62187.666667
1724016,IT,PT,RETAI,LEAD1,0.01,1865.612,3,3,1865.612,0.0,0.0,0.0,0.0,186561.2
1787027,IT,ZA,INSUR,TRAN2,0.04,1865.338,3,3,1865.338,0.0,0.0,0.0,0.0,46633.45
1755325,IT,KR,PRINT,KEROS,0.02,1865.182,3,3,1865.182,0.0,0.0,0.0,0.0,93259.1
1659753,IT,DE,RAILW,SEWAG,0.01,1865.085,3,3,1865.085,0.0,0.0,0.0,0.0,186508.5
1810587,IT,WM,PRINT,PROCE,0.02,1865.073,3,3,1865.073,0.0,0.0,0.0,0.0,93253.65
1730998,IT,SE,FOOD2,WOODW,0.01,1865.073,3,3,1865.073,0.0,0.0,0.0,0.0,186507.3
1797818,IT,WL,FOOD2,BITUM,0.01,1865.064,3,3,1865.064,0.0,0.0,0.0,0.0,186506.4
1764200,IT,MX,MACHI,PROCE,0.01,1864.992,3,3,1864.992,0.0,0.0,0.0,0.0,186499.2
1641164,IT,AT,PRINT,KEROS,0.02,1864.892,3,3,1864.892,0.0,0.0,0.0,0.0,93244.6
1725770,IT,RO,PRINT,FOUND,0.02,1864.856,3,3,1864.856,0.0,0.0,0.0,0.0,93242.8
1756577,IT,KR,RETA1,INSUR,0.02,1864.829,3,3,1864.829,0.0,0.0,0.0,0.0,93241.45
1779144,IT,TR,POSTT,CRUDE,0.03,1864.689,3,3,1864.689,0.0,0.0,0.0,0.0,62156.3
1754218,IT,CA,POSTT,TOBAC,0.03,1864.583,3,3,1864.583,0.0,0.0,0.0,0.0,62152.766667
1770654,IT,AU,FINAN,RESEA,0.02,1864.568,3,3,1864.568,0.0,0.0,0.0,0.0,93228.4
1721134,IT,PL,RAILW,WHITE,0.01,1864.532,3,3,1864.532,0.0,0.0,0.0,0.0,186453.2
1668664,IT,ES,RAILW,SEWAG,0.01,1864.5,3,3,1864.5,0.0,0.0,0.0,0.0,186450.0
1748155,IT,JP,FOODW,MEATC,0.01,1864.447,3,3,1864.447,0.0,0.0,0.0,0.0,186444.7
1711849,IT,LU,PAPE1,REALE,0.01,1864.371,3,3,1864.371,0.0,0.0,0.0,0.0,186437.1
1797611,IT,WL,FOODW,CEMEN,0.01,1864.36,3,3,1864.36,0.0,0.0,0.0,0.0,186436.0
1721608,IT,PL,POSTT,COPP1,0.03,1864.262,3,3,1864.262,0.0,0.0,0.0,0.0,62142.066667
1792566,IT,WA,COMPU,PADDY,0.02,1864.242,3,3,1864.242,0.0,0.0,0.0,0.0,93212.1
1740775,IT,US,MEAT4,SUPPO,0.01,1864.153,3,3,1864.153,0.0,0.0,0.0,0.0,186415.3
1669373,IT,ES,INSUR,OILSE,0.04,1864.044,3,3,1864.044,0.0,0.0,0.0,0.0,46601.1
1712922,IT,LV,REALE,93197,0.08,1864.012,3,3,1864.012,0.0,0.0,0.0,0.0,23300.15
1762629,IT,IN,REALE,REALE,0.08,1863.94,3,3,1863.94,0.0,0.0,0.0,0.0,23299.25
1678198,IT,FR,WOOD1,RESEA,0.01,1863.702,3,3,1863.702,0.0,0.0,0.0,0.0,186370.2
1753881,IT,CA,RETA1,COMPU,0.02,1863.576,3,3,1863.576,0.0,0.0,0.0,0.0,93178.8
1743827,IT,US,LANDT,FOODW,0.01,1863.539,3,3,1863.539,0.0,0.0,0.0,0.0,186353.9
1727548,IT,RO,REALE,WEARI,0.08,1863.353,3,3,1863.353,0.0,0.0,0.0,0.0,23291.9125
1802101,IT,WE,RETA1,NONME,0.02,1863.267,3,3,1863.267,0.0,0.0,0.0,0.0,93163.35
1759550,IT,BR,COMPU,TEXTI,0.02,1863.255,3,3,1863.255,0.0,0.0,0.0,0.0,93162.75
1770638,IT,AU,FINAN,COLLE,0.02,1863.243,3,3,1863.243,0.0,0.0,0.0,0.0,93162.15
1725487,IT,RO,WEARI,HOTEL,0.01,1863.148,3,3,1863.148,0.0,0.0,0.0,0.0,186314.8
1684015,IT,HR,RETA1,RECRE,0.02,1862.946,3,3,1862.946,0.0,0.0,0.0,0.0,93147.3
1689179,IT,IE,RETAI,CEREA,0.01,1862.798,3,3,1862.798,0.0,0.0,0.0,0.0,186279.8
1748245,IT,JP,OILHA,VEGET,0.01,1862.776,3,3,1862.776,0.0,0.0,0.0,0.0,186277.6
1658572,IT,DE,MACHI,PETRO,0.01,1862.572,3,3,1862.572,0.0,0.0,0.0,0.0,186257.2
1651147,IT,BG,BUSIN,RAWMI,0.02,1862.538,3,3,1862.538,0.0,0.0,0.0,0.0,93126.9
1775081,IT,CH,RENTI,SUPPO,0.01,1862.489,3,3,1862.489,0.0,0.0,0.0,0.0,186248.9
1683950,IT,HR,WHOLE,WHEAT,0.02,1862.485,3,3,1862.485,0.0,0.0,0.0,0.0,93124.25
1717565,IT,NL,COMPU,BIODI,0.02,1862.479,3,3,1862.479,0.0,0.0,0.0,0.0,93123.95
1733603,IT,SI,HOTEL,MEATP,0.01,1862.203,3,3,1862.203,0.0,0.0,0.0,0.0,186220.3
1802556,IT,WE,FINAN,GASDI,0.02,1862.123,3,3,1862.123,0.0,0.0,0.0,0.0,93106.15
1718451,IT,PL,TEXTI,MEATA,0.01,1862.078,3,3,1862.078,0.0,0.0,0.0,0.0,186207.8
1808545,IT,WF,PAPE4,WOODW,0.01,1861.907,3,3,1861.907,0.0,0.0,0.0,0.0,186190.7
1724864,IT,PT,BUSIN,REFI1,0.02,1861.84,3,3,1861.84,0.0,0.0,0.0,0.0,93092.0
1743323,IT,US,CONST,FABRI,0.01,1861.665,3,3,1861.665,0.0,0.0,0.0,0.0,186166.5
1650859,IT,BG,LANDT,COLLE,0.01,1861.613,3,3,1861.613,0.0,0.0,0.0,0.0,186161.3
1796698,IT,WL,RAILW,FURNI,0.01,1861.559,3,3,1861.559,0.0,0.0,0.0,0.0,186155.9
1788616,IT,WA,PRINT,MEATC,0.02,1861.382,3,3,1861.382,0.0,0.0,0.0,0.0,93069.1
1808613,IT,WF,PLAS2,BASIC,0.02,1861.343,3,3,1861.343,0.0,0.0,0.0,0.0,93067.15
1733224,IT,SI,MACHI,ELECT,0.01,1861.202,3,3,1861.202,0.0,0.0,0.0,0.0,186120.2
1736014,IT,SK,TRANS,TRAN2,0.01,1861.158,3,3,1861.158,0.0,0.0,0.0,0.0,186115.8
1714007,IT,MT,RETA1,RETA1,0.02,1861.151,3,3,1861.151,0.0,0.0,0.0,0.0,93057.55
1724232,IT,PT,RAILW,FURNI,0.01,1861.146,3,3,1861.146,0.0,0.0,0.0,0.0,186114.6
1731022,IT,SE,PAPE4,FABRI,0.01,1861.082,3,3,1861.082,0.0,0.0,0.0,0.0,186108.2
1651829,IT,CY,HOTEL,RENTI,0.01,1860.842,3,3,1860.842,0.0,0.0,0.0,0.0,186084.2
1774909,IT,CH,INSUR,NONME,0.04,1860.78,3,3,1860.78,0.0,0.0,0.0,0.0,46519.5
1787185,IT,ZA,PUBLI,COMPU,0.03,1860.519,3,3,1860.519,0.0,0.0,0.0,0.0,62017.3
1647965,IT,BE,RENTI,RADIO,0.01,1860.471,3,3,1860.471,0.0,0.0,0.0,0.0,186047.1
1792310,IT,WA,FINAN,POULT,0.02,1860.307,3,3,1860.307,0.0,0.0,0.0,0.0,93015.35
1806627,IT,WF,SALEM,RETAI,0.02,1859.622,3,3,1859.622,0.0,0.0,0.0,0.0,92981.1
1651736,IT,CY,MACHI,BASIC,0.01,1859.537,3,3,1859.537,0.0,0.0,0.0,0.0,185953.7
1690163,IT,IE,BUSIN,WHEAT,0.02,1859.38,3,3,1859.38,0.0,0.0,0.0,0.0,92969.0
1684638,IT,HR,PAPE4,PRINT,0.01,1859.363,3,3,1859.363,0.0,0.0,0.0,0.0,185936.3
1747661,IT,JP,POSTT,NONME,0.03,1859.356,3,3,1859.356,0.0,0.0,0.0,0.0,61978.533333
1690460,IT,IE,PAPE4,REFIN,0.01,1859.291,3,3,1859.291,0.0,0.0,0.0,0.0,185929.1
1650712,IT,BG,HOTEL,PULP5,0.01,1859.22,3,3,1859.22,0.0,0.0,0.0,0.0,185922.0
1741373,IT,US,PRINT,ELEC4,0.02,1859.214,3,3,1859.214,0.0,0.0,0.0,0.0,92960.7
1743495,IT,US,RETA1,CROPS,0.02,1859.06,3,3,1859.06,0.0,0.0,0.0,0.0,92953.0
1716645,IT,NL,RETAI,AUXIL,0.01,1859.048,3,3,1859.048,0.0,0.0,0.0,0.0,185904.8
1663530,IT,DK,COMPU,MEATP,0.02,1859.036,3,3,1859.036,0.0,0.0,0.0,0.0,92951.8
1712904,IT,LV,REALE,LANDT,0.08,1859.003,3,3,1859.003,0.0,0.0,0.0,0.0,23237.5375
1718642,IT,PL,LEATH,MEMBE,0.01,1858.863,3,3,1858.863,0.0,0.0,0.0,0.0,185886.3
1770351,IT,AU,RAILW,OFFIC,0.01,1858.86,3,3,1858.86,0.0,0.0,0.0,0.0,185886.0
1663134,IT,DK,LANDT,MEATA,0.01,1858.808,3,3,1858.808,0.0,0.0,0.0,0.0,185880.8
1773850,IT,CH,ELEC5,RETA1,0.02,1858.8,3,3,1858.8,0.0,0.0,0.0,0.0,92940.0
1779378,IT,TR,AUXIL,FURNI,0.03,1858.661,3,3,1858.661,0.0,0.0,0.0,0.0,61955.366667
1655259,IT,DE,PADDY,RESEA,0.02,1858.512,3,3,1858.512,0.0,0.0,0.0,0.0,92925.6
1736121,IT,SK,CONST,TRAN1,0.01,1858.511,3,3,1858.511,0.0,0.0,0.0,0.0,185851.1
1677817,IT,FR,COMPU,SEWAG,0.02,1858.417,3,3,1858.417,0.0,0.0,0.0,0.0,92920.85
1791521,IT,WA,RETA1,BEVER,0.02,1858.376,3,3,1858.376,0.0,0.0,0.0,0.0,92918.8
1660685,IT,DE,RENTI,SANDC,0.01,1858.307,3,3,1858.307,0.0,0.0,0.0,0.0,185830.7
1733594,IT,SI,HOTEL,OILSE,0.01,1858.224,3,3,1858.224,0.0,0.0,0.0,0.0,185822.4
1743330,IT,US,CONST,AIRTR,0.01,1858.189,3,3,1858.189,0.0,0.0,0.0,0.0,185818.9
1665821,IT,ES,PRINT,SUGA1,0.02,1858.183,3,3,1858.183,0.0,0.0,0.0,0.0,92909.15
1713974,IT,MT,WHOLE,WOODW,0.02,1858.109,3,3,1858.109,0.0,0.0,0.0,0.0,92905.45
1743393,IT,US,SALEM,LANDT,0.01,1858.031,3,3,1858.031,0.0,0.0,0.0,0.0,185803.1
1689982,IT,IE,REALE,LEAD1,0.08,1857.956,3,3,1857.956,0.0,0.0,0.0,0.0,23224.45
1670163,IT,ES,MEMBE,DISTR,0.02,1857.699,3,3,1857.699,0.0,0.0,0.0,0.0,92884.95
1685356,IT,HU,LEATH,MEAT1,0.01,1857.671,3,3,1857.671,0.0,0.0,0.0,0.0,185767.1
1659159,IT,DE,CONST,WHEAT,0.01,1857.578,3,3,1857.578,0.0,0.0,0.0,0.0,185757.8
1728181,IT,SE,PROCE,PLAST,0.01,1857.55,3,3,1857.55,0.0,0.0,0.0,0.0,185755.0
1743196,IT,US,TRANS,FISH5,0.01,1857.478,3,3,1857.478,0.0,0.0,0.0,0.0,185747.8
1665409,IT,ES,TEXTI,MEDIC,0.01,1857.335,3,3,1857.335,0.0,0.0,0.0,0.0,185733.5
1655111,IT,CZ,BUSIN,VEGET,0.02,1857.145,3,3,1857.145,0.0,0.0,0.0,0.0,92857.25
1660255,IT,DE,POSTT,COPP1,0.03,1857.047,3,3,1857.047,0.0,0.0,0.0,0.0,61901.566667
1745132,IT,US,RECRE,RETA1,0.02,1857.034,3,3,1857.034,0.0,0.0,0.0,0.0,92851.7
1687225,IT,HU,SALEM,AIRTR,0.01,1856.886,3,3,1856.886,0.0,0.0,0.0,0.0,185688.6
1744528,IT,US,REALE,ALUM1,0.08,1856.88,3,3,1856.88,0.0,0.0,0.0,0.0,23211.0
1687195,IT,HU,CONST,HEAVY,0.01,1856.84,3,3,1856.84,0.0,0.0,0.0,0.0,185684.0
1648351,IT,BE,INTER,BASIC,0.01,1856.776,3,3,1856.776,0.0,0.0,0.0,0.0,185677.6
1781238,IT,NO,CROPS,HEALT,0.01,1856.745,3,3,1856.745,0.0,0.0,0.0,0.0,185674.5
1784206,IT,ID,PRINT,PUBLI,0.02,1856.626,3,3,1856.626,0.0,0.0,0.0,0.0,92831.3
1711650,IT,LU,COMPU,FABRI,0.02,1856.562,3,3,1856.562,0.0,0.0,0.0,0.0,92828.1
1799142,IT,WE,WEARI,BIODI,0.01,1856.522,3,3,1856.522,0.0,0.0,0.0,0.0,185652.2
1743765,IT,US,LANDT,NFERT,0.01,1856.514,3,3,1856.514,0.0,0.0,0.0,0.0,185651.4
1775099,IT,CH,COMPU,TOBAC,0.02,1856.338,3,3,1856.338,0.0,0.0,0.0,0.0,92816.9
1759469,IT,BR,AUXIL,MOTO1,0.03,1856.159,3,3,1856.159,0.0,0.0,0.0,0.0,61871.966667
1717780,IT,NL,FOODW,ALUM1,0.01,1855.634,3,3,1855.634,0.0,0.0,0.0,0.0,185563.4
1650209,IT,BG,TRANS,RETAI,0.01,1855.629,3,3,1855.629,0.0,0.0,0.0,0.0,185562.9
1717522,IT,NL,RENTI,WOODW,0.01,1855.525,3,3,1855.525,0.0,0.0,0.0,0.0,185552.5
1759206,IT,BR,SUPPO,TRANS,0.01,1855.47,3,3,1855.47,0.0,0.0,0.0,0.0,185547.0
1753796,IT,CA,CONST,NONF1,0.01,1855.419,3,3,1855.419,0.0,0.0,0.0,0.0,185541.9
1670784,IT,FI,PRINT,ELEC2,0.02,1855.382,3,3,1855.382,0.0,0.0,0.0,0.0,92769.1
1778252,IT,TR,CONST,FURNI,0.01,1855.28,3,3,1855.28,0.0,0.0,0.0,0.0,185528.0
1756440,IT,KR,CONST,CEMEN,0.01,1854.964,3,3,1854.964,0.0,0.0,0.0,0.0,185496.4
1722867,IT,PT,PRINT,MEDIC,0.02,1854.835,3,3,1854.835,0.0,0.0,0.0,0.0,92741.75
1783288,IT,NO,FOODW,SUPPO,0.01,1854.744,3,3,1854.744,0.0,0.0,0.0,0.0,185474.4
1689313,IT,IE,RETA1,STONE,0.02,1854.564,3,3,1854.564,0.0,0.0,0.0,0.0,92728.2
1786631,IT,ZA,WHOLE,OILSE,0.02,1854.435,3,3,1854.435,0.0,0.0,0.0,0.0,92721.75
1797205,IT,WL,FINAN,FISH5,0.02,1854.26,3,3,1854.26,0.0,0.0,0.0,0.0,92713.0
1689464,IT,IE,HOTEL,TRAN2,0.01,1854.129,3,3,1854.129,0.0,0.0,0.0,0.0,185412.9
1730611,IT,SE,RENTI,STONE,0.01,1854.081,3,3,1854.081,0.0,0.0,0.0,0.0,185408.1
1759857,IT,BR,FOODW,AUXIL,0.01,1854.079,3,3,1854.079,0.0,0.0,0.0,0.0,185407.9
1744977,IT,US,BUSIN,OILHA,0.02,1853.905,3,3,1853.905,0.0,0.0,0.0,0.0,92695.25
1647003,IT,BE,RETA1,BRICK,0.02,1853.275,3,3,1853.275,0.0,0.0,0.0,0.0,92663.75
1730625,IT,SE,RENTI,GLASS,0.01,1853.225,3,3,1853.225,0.0,0.0,0.0,0.0,185322.5
1715369,IT,NL,PRINT,ELEC3,0.02,1853.216,3,3,1853.216,0.0,0.0,0.0,0.0,92660.8
1762027,IT,IN,WHOLE,BLAST,0.02,1853.127,3,3,1853.127,0.0,0.0,0.0,0.0,92656.35
1770042,IT,AU,CONST,LANDT,0.01,1853.118,3,3,1853.118,0.0,0.0,0.0,0.0,185311.8
1669351,IT,ES,FINAN,PAPE1,0.02,1852.881,3,3,1852.881,0.0,0.0,0.0,0.0,92644.05
1646952,IT,BE,WHOLE,FOODW,0.02,1852.874,3,3,1852.874,0.0,0.0,0.0,0.0,92643.7
1759904,IT,BR,PAPE1,POSTT,0.01,1852.571,3,3,1852.571,0.0,0.0,0.0,0.0,185257.1
1670331,IT,FI,MEAT4,BUSIN,0.01,1852.539,3,3,1852.539,0.0,0.0,0.0,0.0,185253.9
1711806,IT,LU,PUBLI,COMPU,0.03,1852.534,3,3,1852.534,0.0,0.0,0.0,0.0,61751.133333
1722838,IT,PT,PRINT,VEGET,0.02,1852.401,3,3,1852.401,0.0,0.0,0.0,0.0,92620.05
1791837,IT,WA,LANDT,FOUND,0.01,1852.268,3,3,1852.268,0.0,0.0,0.0,0.0,185226.8
1671918,IT,FI,RAILW,POSTT,0.01,1852.266,3,3,1852.266,0.0,0.0,0.0,0.0,185226.6
1668669,IT,ES,RAILW,MEMBE,0.01,1852.192,3,3,1852.192,0.0,0.0,0.0,0.0,185219.2
1782796,IT,NO,HOTEL,FOUND,0.01,1852.141,3,3,1852.141,0.0,0.0,0.0,0.0,185214.1
1739704,IT,GB,SUPPO,COPP1,0.01,1852.073,3,3,1852.073,0.0,0.0,0.0,0.0,185207.3
1722669,IT,PT,WEARI,REALE,0.01,1852.056,3,3,1852.056,0.0,0.0,0.0,0.0,185205.6
1807432,IT,WF,INSUR,AIRTR,0.04,1852.007,3,3,1852.007,0.0,0.0,0.0,0.0,46300.175
1724125,IT,PT,RETA1,BRICK,0.02,1851.708,3,3,1851.708,0.0,0.0,0.0,0.0,92585.4
1716592,IT,NL,SALEM,ALUM1,0.01,1851.526,3,3,1851.526,0.0,0.0,0.0,0.0,185152.6
1767807,IT,RU,INSUR,COMPU,0.04,1851.371,3,3,1851.371,0.0,0.0,0.0,0.0,46284.275
1770137,IT,AU,RETA1,ANIMA,0.02,1851.318,3,3,1851.318,0.0,0.0,0.0,0.0,92565.9
1661915,IT,DK,PRINT,CONST,0.02,1851.229,3,3,1851.229,0.0,0.0,0.0,0.0,92561.45
1733475,IT,SI,SALEM,FOOD4,0.01,1851.201,3,3,1851.201,0.0,0.0,0.0,0.0,185120.1
1797739,IT,WL,INTER,MOTO1,0.01,1851.07,3,3,1851.07,0.0,0.0,0.0,0.0,185107.0
1722276,IT,PL,93197,BASIC,0.01,1851.039,3,3,1851.039,0.0,0.0,0.0,0.0,185103.9
1730853,IT,SE,PUBLI,HOTEL,0.03,1850.911,3,3,1850.911,0.0,0.0,0.0,0.0,61697.033333
1650418,IT,BG,ELEC4,BASIC,0.03,1850.834,3,3,1850.834,0.0,0.0,0.0,0.0,61694.466667
1797765,IT,WL,WOOD1,CONST,0.01,1850.787,3,3,1850.787,0.0,0.0,0.0,0.0,185078.7
1756501,IT,KR,RETAI,POSTT,0.01,1850.647,3,3,1850.647,0.0,0.0,0.0,0.0,185064.7
1783916,IT,ID,CROPS,TOBAC,0.01,1850.637,3,3,1850.637,0.0,0.0,0.0,0.0,185063.7
1663826,IT,EE,TEXTI,DAIRY,0.01,1850.619,3,3,1850.619,0.0,0.0,0.0,0.0,185061.9
1677741,IT,FR,RENTI,PAPE4,0.01,1850.61,3,3,1850.61,0.0,0.0,0.0,0.0,185061.0
1711954,IT,LU,INERT,MACHI,0.01,1850.563,3,3,1850.563,0.0,0.0,0.0,0.0,185056.3
1647703,IT,BE,INSUR,WOODW,0.04,1850.486,3,3,1850.486,0.0,0.0,0.0,0.0,46262.15
1767436,IT,RU,LANDT,COLLE,0.01,1850.442,3,3,1850.442,0.0,0.0,0.0,0.0,185044.2
1744106,IT,US,SUPPO,RUBBE,0.01,1850.3,3,3,1850.3,0.0,0.0,0.0,0.0,185030.0
1762454,IT,IN,FINAN,MOTOR,0.02,1850.281,3,3,1850.281,0.0,0.0,0.0,0.0,92514.05
1714316,IT,MT,EDUCA,WHOLE,0.05,1850.275,3,3,1850.275,0.0,0.0,0.0,0.0,37005.5
1647671,IT,BE,FINAN,RAILW,0.02,1850.241,3,3,1850.241,0.0,0.0,0.0,0.0,92512.05
1670105,IT,ES,PAPE4,FOOD5,0.01,1850.229,3,3,1850.229,0.0,0.0,0.0,0.0,185022.9
1792449,IT,WA,AUXIL,KEROS,0.03,1850.225,3,3,1850.225,0.0,0.0,0.0,0.0,61674.166667
1670100,IT,ES,FOOD4,WOOD1,0.01,1850.074,3,3,1850.074,0.0,0.0,0.0,0.0,185007.4
1689623,IT,IE,SUPPO,CONST,0.01,1849.895,3,3,1849.895,0.0,0.0,0.0,0.0,184989.5
1642781,IT,AT,MACHI,FINAN,0.01,1849.795,3,3,1849.795,0.0,0.0,0.0,0.0,184979.5
1761983,IT,IN,CONST,REALE,0.01,1849.621,3,3,1849.621,0.0,0.0,0.0,0.0,184962.1
1773602,IT,CH,TRANS,GLASS,0.01,1849.449,3,3,1849.449,0.0,0.0,0.0,0.0,184944.9
1808124,IT,WF,WOOD1,RAILW,0.01,1849.446,3,3,1849.446,0.0,0.0,0.0,0.0,184944.6
1752063,IT,CN,BUSIN,PATEN,0.02,1849.405,3,3,1849.405,0.0,0.0,0.0,0.0,92470.25
1721865,IT,PL,REALE,AUXIL,0.08,1849.097,3,3,1849.097,0.0,0.0,0.0,0.0,23113.7125
1713173,IT,MT,TEXTI,MOTO1,0.01,1849.076,3,3,1849.076,0.0,0.0,0.0,0.0,184907.6
1680553,IT,GR,ELEC8,ALUM1,0.02,1849.056,3,3,1849.056,0.0,0.0,0.0,0.0,92452.8
1730229,IT,SE,LANDT,INERT,0.01,1848.896,3,3,1848.896,0.0,0.0,0.0,0.0,184889.6
1650981,IT,BG,SUPPO,CERAM,0.01,1848.836,3,3,1848.836,0.0,0.0,0.0,0.0,184883.6
1730987,IT,SE,OILHA,BUSIN,0.01,1848.788,3,3,1848.788,0.0,0.0,0.0,0.0,184878.8
1684655,IT,HR,INERT,MACHI,0.01,1848.764,3,3,1848.764,0.0,0.0,0.0,0.0,184876.4
1724580,IT,PT,FINAN,MEATP,0.02,1848.61,3,3,1848.61,0.0,0.0,0.0,0.0,92430.5
1689434,IT,IE,HOTEL,CERAM,0.01,1848.287,3,3,1848.287,0.0,0.0,0.0,0.0,184828.7
1760204,IT,BR,PLAS2,CHEM1,0.02,1848.226,3,3,1848.226,0.0,0.0,0.0,0.0,92411.3
1773395,IT,CH,MACHI,FOOD4,0.01,1847.898,3,3,1847.898,0.0,0.0,0.0,0.0,184789.8
1748995,IT,CN,LEATH,PULP5,0.01,1847.805,3,3,1847.805,0.0,0.0,0.0,0.0,184780.5
1767027,IT,RU,TRANS,SEACO,0.01,1847.764,3,3,1847.764,0.0,0.0,0.0,0.0,184776.4
1807242,IT,WF,SUPPO,DIST1,0.01,1847.452,3,3,1847.452,0.0,0.0,0.0,0.0,184745.2
1792458,IT,WA,AUXIL,DISTR,0.03,1847.387,3,3,1847.387,0.0,0.0,0.0,0.0,61579.566667
1659725,IT,DE,RAILW,ELEC7,0.01,1847.277,3,3,1847.277,0.0,0.0,0.0,0.0,184727.7
1730693,IT,SE,COMPU,OFFIC,0.02,1847.24,3,3,1847.24,0.0,0.0,0.0,0.0,92362.0
1744379,IT,US,INSUR,DIST1,0.04,1847.213,3,3,1847.213,0.0,0.0,0.0,0.0,46180.325
1684959,IT,HU,MEAT4,MEAT1,0.01,1847.116,3,3,1847.116,0.0,0.0,0.0,0.0,184711.6
1747835,IT,JP,REALE,RESEA,0.08,1847.034,3,3,1847.034,0.0,0.0,0.0,0.0,23087.925
1684037,IT,HR,HOTEL,FISH5,0.01,1847.016,3,3,1847.016,0.0,0.0,0.0,0.0,184701.6
1689200,IT,IE,RETAI,NONME,0.01,1846.989,3,3,1846.989,0.0,0.0,0.0,0.0,184698.9
1762179,IT,IN,LANDT,HEALT,0.01,1846.954,3,3,1846.954,0.0,0.0,0.0,0.0,184695.4
1669559,IT,ES,REALE,FURNI,0.08,1846.141,3,3,1846.141,0.0,0.0,0.0,0.0,23076.7625
1745613,IT,JP,TEXTI,PIGS9,0.01,1846.062,3,3,1846.062,0.0,0.0,0.0,0.0,184606.2
1683697,IT,HR,MACHI,PLANT,0.01,1846.057,3,3,1846.057,0.0,0.0,0.0,0.0,184605.7
1814628,IT,WM,FOODW,HOTEL,0.01,1845.958,3,3,1845.958,0.0,0.0,0.0,0.0,184595.8
1748189,IT,JP,PAPE1,MEATC,0.01,1845.708,3,3,1845.708,0.0,0.0,0.0,0.0,184570.8
1802094,IT,WE,RETA1,HEAVY,0.02,1845.51,3,3,1845.51,0.0,0.0,0.0,0.0,92275.5
1683984,IT,HR,WHOLE,AUXIL,0.02,1845.416,3,3,1845.416,0.0,0.0,0.0,0.0,92270.8
1665499,IT,ES,WEARI,ELEC2,0.01,1845.263,3,3,1845.263,0.0,0.0,0.0,0.0,184526.3
1798054,IT,WL,MEMBE,FINAN,0.02,1845.164,3,3,1845.164,0.0,0.0,0.0,0.0,92258.2
1656565,IT,DE,PRINT,SUGA1,0.02,1845.097,3,3,1845.097,0.0,0.0,0.0,0.0,92254.85
1688056,IT,HU,COMPU,MACHI,0.02,1844.834,3,3,1844.834,0.0,0.0,0.0,0.0,92241.7
1710344,IT,LT,WHOLE,FINAN,0.02,1844.724,3,3,1844.724,0.0,0.0,0.0,0.0,92236.2
1690493,IT,IE,PLAS2,LIQUE,0.02,1844.616,3,3,1844.616,0.0,0.0,0.0,0.0,92230.8
1670783,IT,FI,PRINT,FABRI,0.02,1844.556,3,3,1844.556,0.0,0.0,0.0,0.0,92227.8
1751833,IT,CN,RENTI,GASDI,0.01,1844.468,3,3,1844.468,0.0,0.0,0.0,0.0,184446.8
1768671,IT,AU,TEXTI,NONF1,0.01,1844.36,3,3,1844.36,0.0,0.0,0.0,0.0,184436.0
1802144,IT,WE,HOTEL,FORES,0.01,1844.206,3,3,1844.206,0.0,0.0,0.0,0.0,184420.6
1792626,IT,WA,COMPU,PRIVA,0.02,1844.11,3,3,1844.11,0.0,0.0,0.0,0.0,92205.5
1795816,IT,WL,MACHI,ELEC7,0.01,1843.602,3,3,1843.602,0.0,0.0,0.0,0.0,184360.2
1775509,IT,CH,FOOD2,CONST,0.01,1843.487,3,3,1843.487,0.0,0.0,0.0,0.0,184348.7
1797812,IT,WL,OILHA,93197,0.01,1843.437,3,3,1843.437,0.0,0.0,0.0,0.0,184343.7
1753714,IT,CA,TRANS,SALEM,0.01,1843.229,3,3,1843.229,0.0,0.0,0.0,0.0,184322.9
1781146,IT,TW,FOOD2,VEGET,0.01,1842.89,3,3,1842.89,0.0,0.0,0.0,0.0,184289.0
1729813,IT,SE,MACHI,PAPE4,0.01,1842.566,3,3,1842.566,0.0,0.0,0.0,0.0,184256.6
1760506,IT,IN,WEARI,NATUR,0.01,1842.539,3,3,1842.539,0.0,0.0,0.0,0.0,184253.9
1797525,IT,WL,BUSIN,MEDIC,0.02,1841.918,3,3,1841.918,0.0,0.0,0.0,0.0,92095.9
1806779,IT,WF,RETA1,BITUM,0.02,1841.891,3,3,1841.891,0.0,0.0,0.0,0.0,92094.55
1764656,IT,MX,RETA1,SALEM,0.02,1841.873,3,3,1841.873,0.0,0.0,0.0,0.0,92093.65
1759188,IT,BR,SUPPO,CROPS,0.01,1841.799,3,3,1841.799,0.0,0.0,0.0,0.0,184179.9
1690553,IT,IE,RECRE,OFFIC,0.02,1841.787,3,3,1841.787,0.0,0.0,0.0,0.0,92089.35
1652469,IT,CZ,WEARI,VEGE1,0.01,1841.773,3,3,1841.773,0.0,0.0,0.0,0.0,184177.3
1673302,IT,FR,TEXTI,VEGE1,0.01,1841.766,3,3,1841.766,0.0,0.0,0.0,0.0,184176.6
1728660,IT,SE,PRINT,ELEC5,0.02,1841.695,3,3,1841.695,0.0,0.0,0.0,0.0,92084.75
1654365,IT,CZ,ELEC8,BIOG1,0.02,1841.591,3,3,1841.591,0.0,0.0,0.0,0.0,92079.55
1713786,IT,MT,TRANS,RUBBE,0.01,1841.403,3,3,1841.403,0.0,0.0,0.0,0.0,184140.3
1762026,IT,IN,WHOLE,COKE1,0.02,1841.073,3,3,1841.073,0.0,0.0,0.0,0.0,92053.65
1643416,IT,AT,LANDT,COKEO,0.01,1841.055,3,3,1841.055,0.0,0.0,0.0,0.0,184105.5
1688576,IT,IE,PRINT,ELEC1,0.02,1841.013,3,3,1841.013,0.0,0.0,0.0,0.0,92050.65
1684206,IT,HR,LANDT,MEMBE,0.01,1840.779,3,3,1840.779,0.0,0.0,0.0,0.0,184077.9
1775502,IT,CH,OILHA,RECRE,0.01,1840.684,3,3,1840.684,0.0,0.0,0.0,0.0,184068.4
1647583,IT,BE,POSTT,PULP5,0.03,1840.21,3,3,1840.21,0.0,0.0,0.0,0.0,61340.333333
1780262,IT,TW,LANDT,LIQUE,0.01,1840.21,3,3,1840.21,0.0,0.0,0.0,0.0,184021.0
1756856,IT,KR,POSTT,MEDIC,0.03,1840.185,3,3,1840.185,0.0,0.0,0.0,0.0,61339.5
1803282,IT,WF,FORES,RETA1,0.02,1840.18,4,4,1839.18,0.0,1.0,0.0,0.0,92009.0
1680221,IT,GR,TRANS,GLASS,0.01,1840.067,3,3,1840.067,0.0,0.0,0.0,0.0,184006.7
1734000,IT,SI,POSTT,OFFIC,0.03,1840.063,3,3,1840.063,0.0,0.0,0.0,0.0,61335.433333
1654225,IT,CZ,TRANS,TEXTI,0.01,1839.52,3,3,1839.52,0.0,0.0,0.0,0.0,183952.0
1662910,IT,DK,RETA1,SUGA1,0.02,1839.431,3,3,1839.431,0.0,0.0,0.0,0.0,91971.55
1659167,IT,DE,CONST,MOTOR,0.01,1839.318,3,3,1839.318,0.0,0.0,0.0,0.0,183931.8
1663375,IT,DK,POSTT,PRINT,0.03,1839.303,3,3,1839.303,0.0,0.0,0.0,0.0,61310.1
1677965,IT,FR,PUBLI,PIGS9,0.03,1839.193,3,3,1839.193,0.0,0.0,0.0,0.0,61306.433333
1757382,IT,BR,LEATH,CEMEN,0.01,1839.104,3,3,1839.104,0.0,0.0,0.0,0.0,183910.4
1647052,IT,BE,RETA1,PLAS2,0.02,1839.007,3,3,1839.007,0.0,0.0,0.0,0.0,91950.35
1813695,IT,WM,RETA1,INLAN,0.02,1838.927,3,3,1838.927,0.0,0.0,0.0,0.0,91946.35
1713958,IT,MT,SALEM,REALE,0.01,1838.893,3,3,1838.893,0.0,0.0,0.0,0.0,183889.3
1744660,IT,US,COMPU,TEXTI,0.02,1838.875,3,3,1838.875,0.0,0.0,0.0,0.0,91943.75
1792985,IT,WA,OILHA,COMPU,0.01,1838.616,3,3,1838.616,0.0,0.0,0.0,0.0,183861.6
1781228,IT,NO,CROPS,CATTL,0.01,1838.554,3,3,1838.554,0.0,0.0,0.0,0.0,183855.4
1730872,IT,SE,FOODW,CONST,0.01,1838.468,3,3,1838.468,0.0,0.0,0.0,0.0,183846.8
1712766,IT,LV,LANDT,ELEC4,0.01,1838.441,3,3,1838.441,0.0,0.0,0.0,0.0,183844.1
1731568,IT,SI,TEXTI,ELEC2,0.01,1838.425,3,3,1838.425,0.0,0.0,0.0,0.0,183842.5
1760221,IT,BR,INERT,SALEM,0.01,1838.179,3,3,1838.179,0.0,0.0,0.0,0.0,183817.9
1664558,IT,EE,WHOLE,BUSIN,0.02,1838.171,3,3,1838.171,0.0,0.0,0.0,0.0,91908.55
1724035,IT,PT,WHOLE,FORES,0.02,1838.107,3,3,1838.107,0.0,0.0,0.0,0.0,91905.35
1710206,IT,LT,MACHI,WOOD2,0.01,1838.062,3,3,1838.062,0.0,0.0,0.0,0.0,183806.2
1758694,IT,BR,SALEM,SEACO,0.01,1838.003,3,3,1838.003,0.0,0.0,0.0,0.0,183800.3
1762013,IT,IN,WHOLE,CHEM1,0.02,1837.947,3,3,1837.947,0.0,0.0,0.0,0.0,91897.35
1788627,IT,WA,PRINT,HEAVY,0.02,1837.677,3,3,1837.677,0.0,0.0,0.0,0.0,91883.85
1714170,IT,MT,POSTT,INLAN,0.03,1837.674,3,3,1837.674,0.0,0.0,0.0,0.0,61255.8
1656592,IT,DE,PRINT,LIQUI,0.02,1837.59,3,3,1837.59,0.0,0.0,0.0,0.0,91879.5
1668262,IT,ES,WHOLE,MEAT1,0.02,1837.548,3,3,1837.548,0.0,0.0,0.0,0.0,91877.4
1659750,IT,DE,RAILW,PLAS1,0.01,1837.288,3,3,1837.288,0.0,0.0,0.0,0.0,183728.8
1779447,IT,TR,REALE,REALE,0.08,1837.271,3,3,1837.271,0.0,0.0,0.0,0.0,22965.8875
1690062,IT,IE,RENTI,GLASS,0.01,1837.262,3,3,1837.262,0.0,0.0,0.0,0.0,183726.2
1797740,IT,WL,INTER,FURNI,0.01,1837.097,3,3,1837.097,0.0,0.0,0.0,0.0,183709.7
1780288,IT,TW,LANDT,RAILW,0.01,1836.883,3,3,1836.883,0.0,0.0,0.0,0.0,183688.3
1813576,IT,WM,WHOLE,ELECT,0.02,1836.841,3,3,1836.841,0.0,0.0,0.0,0.0,91842.05
1792477,IT,WA,AUXIL,MEMBE,0.03,1836.596,3,3,1836.596,0.0,0.0,0.0,0.0,61219.866667
1672073,IT,FI,SUPPO,GASDI,0.01,1836.567,3,3,1836.567,0.0,0.0,0.0,0.0,183656.7
1759593,IT,BR,COMPU,TRAN2,0.02,1836.335,3,3,1836.335,0.0,0.0,0.0,0.0,91816.75
1814772,IT,WM,FOOD2,93197,0.01,1836.312,3,3,1836.312,0.0,0.0,0.0,0.0,183631.2
1782826,IT,NO,HOTEL,FOODW,0.01,1836.236,3,3,1836.236,0.0,0.0,0.0,0.0,183623.6
1670053,IT,ES,FOOD2,NONME,0.01,1836.204,3,3,1836.204,0.0,0.0,0.0,0.0,183620.4
1678599,IT,GR,FORES,RESEA,0.02,1836.132,4,4,1835.132,0.0,1.0,0.0,0.0,91806.6
1769970,IT,AU,TRANS,FURNI,0.01,1835.905,3,3,1835.905,0.0,0.0,0.0,0.0,183590.5
1760095,IT,BR,OILHA,RECRE,0.01,1835.811,3,3,1835.811,0.0,0.0,0.0,0.0,183581.1
1733987,IT,SI,SUPPO,WASTE,0.01,1835.695,3,3,1835.695,0.0,0.0,0.0,0.0,183569.5
1711600,IT,LU,FINAN,93197,0.02,1835.612,3,3,1835.612,0.0,0.0,0.0,0.0,91780.6
1807765,IT,WF,EDUCA,VEGET,0.05,1835.369,3,3,1835.369,0.0,0.0,0.0,0.0,36707.38
1663846,IT,EE,TEXTI,RADIO,0.01,1835.33,3,3,1835.33,0.0,0.0,0.0,0.0,183533.0
1724030,IT,PT,RETAI,INERT,0.01,1835.282,3,3,1835.282,0.0,0.0,0.0,0.0,183528.2
1727477,IT,RO,AUXIL,WHITE,0.03,1835.219,3,3,1835.219,0.0,0.0,0.0,0.0,61173.966667
1775346,IT,CH,BUSIN,FOOD3,0.02,1835.057,3,3,1835.057,0.0,0.0,0.0,0.0,91752.85
1647582,IT,BE,POSTT,WOODW,0.03,1834.378,3,3,1834.378,0.0,0.0,0.0,0.0,61145.933333
1778536,IT,TR,RETA1,BRICK,0.02,1834.058,3,3,1834.058,0.0,0.0,0.0,0.0,91702.9
1791794,IT,WA,LANDT,WOOLS,0.01,1833.872,3,3,1833.872,0.0,0.0,0.0,0.0,183387.2
1760271,IT,IN,CROPS,WOOLS,0.01,1833.733,3,3,1833.733,0.0,0.0,0.0,0.0,183373.3
1747239,IT,JP,SALEM,SEACO,0.01,1833.54,3,3,1833.54,0.0,0.0,0.0,0.0,183354.0
1711596,IT,LU,FINAN,EDUCA,0.02,1833.474,3,3,1833.474,0.0,0.0,0.0,0.0,91673.7
1652424,IT,CZ,TEXTI,STEAM,0.01,1833.446,3,3,1833.446,0.0,0.0,0.0,0.0,183344.6
1688976,IT,IE,MACHI,DAIRY,0.01,1833.209,3,3,1833.209,0.0,0.0,0.0,0.0,183320.9
1751309,IT,CN,RAILW,93197,0.01,1833.143,3,3,1833.143,0.0,0.0,0.0,0.0,183314.3
1659581,IT,DE,HOTEL,WEARI,0.01,1833.13,3,3,1833.13,0.0,0.0,0.0,0.0,183313.0
1747411,IT,JP,RAILW,RESEA,0.01,1833.099,3,3,1833.099,0.0,0.0,0.0,0.0,183309.9
1723653,IT,PT,MACHI,CROPS,0.01,1833.054,3,3,1833.054,0.0,0.0,0.0,0.0,183305.4
1771548,IT,CH,TEXTI,NAPHT,0.01,1832.864,3,3,1832.864,0.0,0.0,0.0,0.0,183286.4
1714005,IT,MT,RETA1,CONST,0.02,1832.845,3,3,1832.845,0.0,0.0,0.0,0.0,91642.25
1678886,IT,GR,TEXTI,WHEAT,0.01,1832.799,3,3,1832.799,0.0,0.0,0.0,0.0,183279.9
1661133,IT,DE,RECRE,MOTO1,0.02,1832.701,3,3,1832.701,0.0,0.0,0.0,0.0,91635.05
1791573,IT,WA,RETA1,TRAN2,0.02,1832.697,3,3,1832.697,0.0,0.0,0.0,0.0,91634.85
1808730,IT,WF,TEXT2,ELEC4,0.01,1832.522,3,3,1832.522,0.0,0.0,0.0,0.0,183252.2
1734002,IT,SI,POSTT,DIST1,0.03,1832.456,3,3,1832.456,0.0,0.0,0.0,0.0,61081.866667
1715023,IT,NL,TEXTI,DAIRY,0.01,1832.364,3,3,1832.364,0.0,0.0,0.0,0.0,183236.4
1711797,IT,LU,PUBLI,LANDT,0.03,1832.299,3,3,1832.299,0.0,0.0,0.0,0.0,61076.633333
1767985,IT,RU,COMPU,RAILW,0.02,1832.212,3,3,1832.212,0.0,0.0,0.0,0.0,91610.6
1797610,IT,WL,FOODW,PFERT,0.01,1832.11,3,3,1832.11,0.0,0.0,0.0,0.0,183211.0
1808494,IT,WF,FOOD4,TRAN2,0.01,1832.047,3,3,1832.047,0.0,0.0,0.0,0.0,183204.7
1689895,IT,IE,AUXIL,ALUM1,0.03,1831.852,3,3,1831.852,0.0,0.0,0.0,0.0,61061.733333
1723994,IT,PT,SALEM,INERT,0.01,1831.837,3,3,1831.837,0.0,0.0,0.0,0.0,183183.7
1748251,IT,JP,OILHA,DISTR,0.01,1831.802,3,3,1831.802,0.0,0.0,0.0,0.0,183180.2
1647174,IT,BE,RAILW,MEDIC,0.01,1831.771,3,3,1831.771,0.0,0.0,0.0,0.0,183177.1
1712253,IT,LV,PRINT,OFFIC,0.02,1831.728,3,3,1831.728,0.0,0.0,0.0,0.0,91586.4
1783117,IT,NO,INSUR,93197,0.04,1831.715,3,3,1831.715,0.0,0.0,0.0,0.0,45792.875
1759899,IT,BR,PAPE1,RETA1,0.01,1831.571,3,3,1831.571,0.0,0.0,0.0,0.0,183157.1
1801924,IT,WE,SALEM,BITUM,0.01,1831.56,3,3,1831.56,0.0,0.0,0.0,0.0,183156.0
1813796,IT,WM,RAILW,PRINT,0.01,1831.51,3,3,1831.51,0.0,0.0,0.0,0.0,183151.0
1807677,IT,WF,BUSIN,CHEMI,0.02,1831.398,3,3,1831.398,0.0,0.0,0.0,0.0,91569.9
1744187,IT,US,POSTT,ANIMA,0.03,1831.31,3,3,1831.31,0.0,0.0,0.0,0.0,61043.666667
1801930,IT,WE,SALEM,WOODW,0.01,1831.294,3,3,1831.294,0.0,0.0,0.0,0.0,183129.4
1796616,IT,WL,HOTEL,ADDIT,0.01,1831.291,3,3,1831.291,0.0,0.0,0.0,0.0,183129.1
1737004,IT,GB,FORES,PRINT,0.02,1831.29,4,4,1830.29,0.0,1.0,0.0,0.0,91564.5
1711429,IT,LU,HOTEL,RESEA,0.01,1831.178,3,3,1831.178,0.0,0.0,0.0,0.0,183117.8
1660815,IT,DE,COMPU,PREC1,0.02,1831.164,3,3,1831.164,0.0,0.0,0.0,0.0,91558.2
1760072,IT,BR,OILHA,WHOLE,0.01,1830.939,3,3,1830.939,0.0,0.0,0.0,0.0,183093.9
1681498,IT,GR,BUSIN,SANDC,0.02,1830.922,3,3,1830.922,0.0,0.0,0.0,0.0,91546.1
1757002,IT,KR,BUSIN,ANIMA,0.02,1830.874,3,3,1830.874,0.0,0.0,0.0,0.0,91543.7
1767753,IT,RU,INSUR,FORES,0.04,1830.781,3,3,1830.781,0.0,0.0,0.0,0.0,45769.525
1765044,IT,MX,INSUR,MEDIC,0.04,1830.476,3,3,1830.476,0.0,0.0,0.0,0.0,45761.9
1689359,IT,IE,RETA1,ELEC7,0.02,1830.425,3,3,1830.425,0.0,0.0,0.0,0.0,91521.25
1661089,IT,DE,PUBLI,SUPPO,0.03,1830.169,3,3,1830.169,0.0,0.0,0.0,0.0,61005.633333
1723954,IT,PT,SALEM,LEATH,0.01,1829.901,3,3,1829.901,0.0,0.0,0.0,0.0,182990.1
1774902,IT,CH,INSUR,HEAVY,0.04,1829.813,3,3,1829.813,0.0,0.0,0.0,0.0,45745.325
1643218,IT,AT,HOTEL,NFERT,0.01,1829.629,3,3,1829.629,0.0,0.0,0.0,0.0,182962.9
1721989,IT,PL,COMPU,ELEC4,0.02,1829.626,3,3,1829.626,0.0,0.0,0.0,0.0,91481.3
1663217,IT,DK,LANDT,MEMBE,0.01,1829.598,3,3,1829.598,0.0,0.0,0.0,0.0,182959.8
1793561,IT,WL,MEAT4,PREC1,0.01,1829.549,3,3,1829.549,0.0,0.0,0.0,0.0,182954.9
1803482,IT,WF,MEAT4,RESEA,0.01,1829.548,3,3,1829.548,0.0,0.0,0.0,0.0,182954.8
1684768,IT,HU,CROPS,CATTL,0.01,1829.528,3,3,1829.528,0.0,0.0,0.0,0.0,182952.8
1644927,IT,BE,LEATH,PLAS1,0.01,1829.427,3,3,1829.427,0.0,0.0,0.0,0.0,182942.7
1676447,IT,FR,RETA1,MEATP,0.02,1829.399,3,3,1829.399,0.0,0.0,0.0,0.0,91469.95
1767962,IT,RU,COMPU,FOUND,0.02,1829.383,3,3,1829.383,0.0,0.0,0.0,0.0,91469.15
1724076,IT,PT,WHOLE,ELEC5,0.02,1829.365,3,3,1829.365,0.0,0.0,0.0,0.0,91468.25
1775505,IT,CH,FOOD2,WOODW,0.01,1829.089,3,3,1829.089,0.0,0.0,0.0,0.0,182908.9
1690248,IT,IE,FOODW,STONE,0.01,1829.062,3,3,1829.062,0.0,0.0,0.0,0.0,182906.2
1654771,IT,CZ,SUPPO,OILSE,0.01,1829.058,3,3,1829.058,0.0,0.0,0.0,0.0,182905.8
1752045,IT,CN,BUSIN,WHEAT,0.02,1828.942,3,3,1828.942,0.0,0.0,0.0,0.0,91447.1
1724703,IT,PT,INSUR,PUBLI,0.04,1828.932,3,3,1828.932,0.0,0.0,0.0,0.0,45723.3
1736627,IT,SK,FINAN,COPP1,0.02,1828.53,3,3,1828.53,0.0,0.0,0.0,0.0,91426.5
1726820,IT,RO,WHOLE,FOUND,0.02,1828.444,3,3,1828.444,0.0,0.0,0.0,0.0,91422.2
1727388,IT,RO,FINAN,PULP5,0.02,1828.238,3,3,1828.238,0.0,0.0,0.0,0.0,91411.9
1806711,IT,WF,WHOLE,CHARC,0.02,1828.109,3,3,1828.109,0.0,0.0,0.0,0.0,91405.45
1791834,IT,WA,LANDT,LEAD1,0.01,1827.926,3,3,1827.926,0.0,0.0,0.0,0.0,182792.6
1681221,IT,GR,FINAN,MEATA,0.02,1827.832,3,3,1827.832,0.0,0.0,0.0,0.0,91391.6
1684460,IT,HR,RENTI,RUBBE,0.01,1827.801,3,3,1827.801,0.0,0.0,0.0,0.0,182780.1
1664559,IT,EE,RETA1,OFFIC,0.02,1827.752,3,3,1827.752,0.0,0.0,0.0,0.0,91387.6
1753869,IT,CA,RETA1,FABRI,0.02,1827.66,3,3,1827.66,0.0,0.0,0.0,0.0,91383.0
1722290,IT,PL,93197,PRIVA,0.01,1827.351,3,3,1827.351,0.0,0.0,0.0,0.0,182735.1
1733536,IT,SI,WHOLE,WOOD2,0.02,1827.313,3,3,1827.313,0.0,0.0,0.0,0.0,91365.65
1785325,IT,ZA,LEATH,SECO9,0.01,1826.812,3,3,1826.812,0.0,0.0,0.0,0.0,182681.2
1739231,IT,GB,RETA1,PLAS1,0.02,1826.727,3,3,1826.727,0.0,0.0,0.0,0.0,91336.35
1765106,IT,MX,REALE,FABRI,0.08,1826.716,3,3,1826.716,0.0,0.0,0.0,0.0,22833.95
1801888,IT,WE,CONST,FOUND,0.01,1826.654,3,3,1826.654,0.0,0.0,0.0,0.0,182665.4
1727584,IT,RO,REALE,DISTR,0.08,1826.413,3,3,1826.413,0.0,0.0,0.0,0.0,22830.1625
1782854,IT,NO,LANDT,RENTI,0.01,1826.272,3,3,1826.272,0.0,0.0,0.0,0.0,182627.2
1744624,IT,US,RENTI,RENTI,0.01,1826.245,3,3,1826.245,0.0,0.0,0.0,0.0,182624.5
1671721,IT,FI,SALEM,MACHI,0.01,1826.199,3,3,1826.199,0.0,0.0,0.0,0.0,182619.9
1796408,IT,WL,WHOLE,LEAD1,0.02,1826.028,3,3,1826.028,0.0,0.0,0.0,0.0,91301.4
1663632,IT,DK,BUSIN,SECO9,0.02,1825.705,3,3,1825.705,0.0,0.0,0.0,0.0,91285.25
1690543,IT,IE,RECRE,CROPS,0.02,1825.54,3,3,1825.54,0.0,0.0,0.0,0.0,91277.0
1672279,IT,FI,RENTI,CEMEN,0.01,1825.532,3,3,1825.532,0.0,0.0,0.0,0.0,182553.2
1714315,IT,MT,EDUCA,CONST,0.05,1825.482,3,3,1825.482,0.0,0.0,0.0,0.0,36509.64
1690283,IT,IE,OILHA,RENTI,0.01,1825.436,3,3,1825.436,0.0,0.0,0.0,0.0,182543.6
1749010,IT,CN,LEATH,NFERT,0.01,1825.385,3,3,1825.385,0.0,0.0,0.0,0.0,182538.5
1759360,IT,BR,FINAN,RADIO,0.02,1825.055,3,3,1825.055,0.0,0.0,0.0,0.0,91252.75
1748987,IT,CN,LEATH,PROCE,0.01,1824.901,3,3,1824.901,0.0,0.0,0.0,0.0,182490.1
1711682,IT,LU,BUSIN,CATTL,0.02,1824.842,3,3,1824.842,0.0,0.0,0.0,0.0,91242.1
1781770,IT,NO,PRINT,DISTR,0.02,1824.678,3,3,1824.678,0.0,0.0,0.0,0.0,91233.9
1758932,IT,BR,RAILW,TEXTI,0.01,1824.652,3,3,1824.652,0.0,0.0,0.0,0.0,182465.2
1684331,IT,HR,SUPPO,ALUM1,0.01,1824.584,3,3,1824.584,0.0,0.0,0.0,0.0,182458.4
1747769,IT,JP,AUXIL,NONF1,0.03,1824.557,3,3,1824.557,0.0,0.0,0.0,0.0,60818.566667
1782707,IT,NO,RETA1,MEATP,0.02,1824.442,3,3,1824.442,0.0,0.0,0.0,0.0,91222.1
1725560,IT,RO,LEATH,REALE,0.01,1824.364,3,3,1824.364,0.0,0.0,0.0,0.0,182436.4
1678432,IT,FR,INERT,PLAS2,0.01,1824.228,3,3,1824.228,0.0,0.0,0.0,0.0,182422.8
1724773,IT,PT,RENTI,ELEC2,0.01,1824.199,3,3,1824.199,0.0,0.0,0.0,0.0,182419.9
1725501,IT,RO,LEATH,WHEAT,0.01,1824.166,3,3,1824.166,0.0,0.0,0.0,0.0,182416.6
1647642,IT,BE,FINAN,WOODW,0.02,1824.047,3,3,1824.047,0.0,0.0,0.0,0.0,91202.35
1799276,IT,WE,LEATH,TRAN1,0.01,1823.963,3,3,1823.963,0.0,0.0,0.0,0.0,182396.3
1791751,IT,WA,RAILW,ALUM1,0.01,1823.914,3,3,1823.914,0.0,0.0,0.0,0.0,182391.4
1726781,IT,RO,RETAI,DIST1,0.01,1823.912,3,3,1823.912,0.0,0.0,0.0,0.0,182391.2
1671480,IT,FI,MACHI,NONFE,0.01,1823.486,3,3,1823.486,0.0,0.0,0.0,0.0,182348.6
1792992,IT,WA,FOOD2,NATUR,0.01,1823.416,3,3,1823.416,0.0,0.0,0.0,0.0,182341.6
1814397,IT,WM,AUXIL,RESEA,0.03,1823.386,3,3,1823.386,0.0,0.0,0.0,0.0,60779.533333
1745289,IT,JP,MEAT4,BEVER,0.01,1823.263,3,3,1823.263,0.0,0.0,0.0,0.0,182326.3
1770136,IT,AU,RETA1,MEATA,0.02,1823.152,3,3,1823.152,0.0,0.0,0.0,0.0,91157.6
1740479,IT,GB,PAPE4,PAPE1,0.01,1823.096,3,3,1823.096,0.0,0.0,0.0,0.0,182309.6
1655229,IT,CZ,SEWAG,MACHI,0.02,1822.984,3,3,1822.984,0.0,0.0,0.0,0.0,91149.2
1717796,IT,NL,OILHA,PAPE1,0.01,1822.919,3,3,1822.919,0.0,0.0,0.0,0.0,182291.9
1748394,IT,CN,CROPS,MOTOR,0.01,1822.786,3,3,1822.786,0.0,0.0,0.0,0.0,182278.6
1736211,IT,SK,RETA1,WHEAT,0.02,1822.678,3,3,1822.678,0.0,0.0,0.0,0.0,91133.9
1762935,IT,MX,MEAT4,RETA1,0.01,1822.604,3,3,1822.604,0.0,0.0,0.0,0.0,182260.4
1690573,IT,IE,93197,FURNI,0.01,1822.56,3,3,1822.56,0.0,0.0,0.0,0.0,182256.0
1685286,IT,HU,TEXTI,PAPE1,0.01,1822.483,3,3,1822.483,0.0,0.0,0.0,0.0,182248.3
1751629,IT,CN,FINAN,TEXTI,0.02,1822.399,3,3,1822.399,0.0,0.0,0.0,0.0,91119.95
1717559,IT,NL,COMPU,WOODW,0.02,1822.249,3,3,1822.249,0.0,0.0,0.0,0.0,91112.45
1797413,IT,WL,COMPU,RADIO,0.02,1822.143,3,3,1822.143,0.0,0.0,0.0,0.0,91107.15
1768670,IT,AU,TEXTI,ALUM1,0.01,1822.111,3,3,1822.111,0.0,0.0,0.0,0.0,182211.1
1711289,IT,LU,SALEM,AUXIL,0.01,1821.961,3,3,1821.961,0.0,0.0,0.0,0.0,182196.1
1775907,IT,TR,PROCE,PUBLI,0.01,1821.851,3,3,1821.851,0.0,0.0,0.0,0.0,182185.1
1668617,IT,ES,RAILW,MOTOR,0.01,1821.798,3,3,1821.798,0.0,0.0,0.0,0.0,182179.8
1756807,IT,KR,SUPPO,FOOD5,0.01,1821.747,3,3,1821.747,0.0,0.0,0.0,0.0,182174.7
1710420,IT,LT,LANDT,OILSE,0.01,1821.625,3,3,1821.625,0.0,0.0,0.0,0.0,182162.5
1754389,IT,CA,RENTI,POULT,0.01,1821.587,3,3,1821.587,0.0,0.0,0.0,0.0,182158.7
1748876,IT,CN,WEARI,PROCE,0.01,1821.574,3,3,1821.574,0.0,0.0,0.0,0.0,182157.4
1711406,IT,LU,RETA1,FOODW,0.02,1821.393,3,3,1821.393,0.0,0.0,0.0,0.0,91069.65
1644257,IT,BE,CROPS,WOODW,0.01,1821.386,3,3,1821.386,0.0,0.0,0.0,0.0,182138.6
1718503,IT,PL,TEXTI,COLLE,0.01,1821.353,3,3,1821.353,0.0,0.0,0.0,0.0,182135.3
1709491,IT,LT,WEARI,MOTO1,0.01,1821.257,3,3,1821.257,0.0,0.0,0.0,0.0,182125.7
1664716,IT,EE,SUPPO,FABRI,0.01,1820.978,3,3,1820.978,0.0,0.0,0.0,0.0,182097.8
1737671,IT,GB,PRINT,BASIC,0.02,1820.905,3,3,1820.905,0.0,0.0,0.0,0.0,91045.25
1739342,IT,GB,RAILW,FISH5,0.01,1820.828,3,3,1820.828,0.0,0.0,0.0,0.0,182082.8
1717238,IT,NL,POSTT,POULT,0.03,1820.571,3,3,1820.571,0.0,0.0,0.0,0.0,60685.7
1670283,IT,FI,FORES,KEROS,0.02,1820.519,4,4,1819.519,0.0,1.0,0.0,0.0,91025.95
1710585,IT,LT,BUSIN,COMPU,0.02,1820.45,3,3,1820.45,0.0,0.0,0.0,0.0,91022.5
1659325,IT,DE,RETAI,BRICK,0.01,1820.293,3,3,1820.293,0.0,0.0,0.0,0.0,182029.3
1712847,IT,LV,AUXIL,LANDT,0.03,1820.227,3,3,1820.227,0.0,0.0,0.0,0.0,60674.233333
1750982,IT,CN,RETAI,AIRTR,0.01,1820.145,3,3,1820.145,0.0,0.0,0.0,0.0,182014.5
1775516,IT,CH,FOOD2,COMPU,0.01,1820.072,3,3,1820.072,0.0,0.0,0.0,0.0,182007.2
1798641,IT,WE,MEAT4,WHOLE,0.01,1819.948,3,3,1819.948,0.0,0.0,0.0,0.0,181994.8
1792543,IT,WA,RENTI,PIGS9,0.01,1819.937,3,3,1819.937,0.0,0.0,0.0,0.0,181993.7
1753852,IT,CA,WHOLE,93197,0.02,1819.857,3,3,1819.857,0.0,0.0,0.0,0.0,90992.85
1808666,IT,WF,INERT,CHEM1,0.01,1819.8,3,3,1819.8,0.0,0.0,0.0,0.0,181980.0
1690077,IT,IE,RENTI,ELEC4,0.01,1819.772,3,3,1819.772,0.0,0.0,0.0,0.0,181977.2
1767737,IT,RU,FINAN,AUXIL,0.02,1819.668,3,3,1819.668,0.0,0.0,0.0,0.0,90983.4
1661731,IT,DK,LEATH,RAWMI,0.01,1819.607,3,3,1819.607,0.0,0.0,0.0,0.0,181960.7
1749325,IT,CN,PRINT,GASDI,0.02,1819.463,3,3,1819.463,0.0,0.0,0.0,0.0,90973.15
1792398,IT,WA,INSUR,NFERT,0.04,1819.346,3,3,1819.346,0.0,0.0,0.0,0.0,45483.65
1756617,IT,KR,RAILW,CONST,0.01,1819.339,3,3,1819.339,0.0,0.0,0.0,0.0,181933.9
1787373,IT,WA,FORES,CATTL,0.02,1819.207,4,4,1818.207,0.0,1.0,0.0,0.0,90960.35
1814191,IT,WM,SUPPO,GLASS,0.01,1819.172,3,3,1819.172,0.0,0.0,0.0,0.0,181917.2
1791646,IT,WA,HOTEL,BIOGA,0.01,1819.044,3,3,1819.044,0.0,0.0,0.0,0.0,181904.4
1759984,IT,BR,INTER,WOODW,0.01,1818.973,3,3,1818.973,0.0,0.0,0.0,0.0,181897.3
1649159,IT,BG,PRINT,WEARI,0.02,1818.96,3,3,1818.96,0.0,0.0,0.0,0.0,90948.0
1780246,IT,TW,LANDT,MEAT1,0.01,1818.838,3,3,1818.838,0.0,0.0,0.0,0.0,181883.8
1762722,IT,IN,BUSIN,LUBRI,0.02,1818.83,3,3,1818.83,0.0,0.0,0.0,0.0,90941.5
1770681,IT,AU,INSUR,FABRI,0.04,1818.763,3,3,1818.763,0.0,0.0,0.0,0.0,45469.075
1727728,IT,RO,COMPU,POSTT,0.02,1818.479,3,3,1818.479,0.0,0.0,0.0,0.0,90923.95
1662838,IT,DK,SALEM,HEALT,0.01,1818.415,3,3,1818.415,0.0,0.0,0.0,0.0,181841.5
1797804,IT,WL,OILHA,AIRTR,0.01,1818.314,3,3,1818.314,0.0,0.0,0.0,0.0,181831.4
1787631,IT,WA,MEAT4,PAPER,0.01,1818.246,3,3,1818.246,0.0,0.0,0.0,0.0,181824.6
1728483,IT,SE,LEATH,WASTE,0.01,1818.23,3,3,1818.23,0.0,0.0,0.0,0.0,181823.0
1767162,IT,RU,WHOLE,SUGA1,0.02,1818.177,3,3,1818.177,0.0,0.0,0.0,0.0,90908.85
1773832,IT,CH,ELEC4,HEALT,0.03,1818.089,3,3,1818.089,0.0,0.0,0.0,0.0,60602.966667
1751754,IT,CN,AUXIL,VEGET,0.03,1818.004,3,3,1818.004,0.0,0.0,0.0,0.0,60600.133333
1665416,IT,ES,TEXTI,ELEC6,0.01,1817.98,3,3,1817.98,0.0,0.0,0.0,0.0,181798.0
1721933,IT,PL,RENTI,FOOD3,0.01,1817.748,3,3,1817.748,0.0,0.0,0.0,0.0,181774.8
1808094,IT,WF,WOOD1,CROPS,0.01,1817.739,3,3,1817.739,0.0,0.0,0.0,0.0,181773.9
1792974,IT,WA,INTER,LANDT,0.01,1817.68,3,3,1817.68,0.0,0.0,0.0,0.0,181768.0
1803988,IT,WF,LEATH,OFFIC,0.01,1817.673,3,3,1817.673,0.0,0.0,0.0,0.0,181767.3
1651159,IT,BG,BUSIN,VEGE1,0.02,1817.633,3,3,1817.633,0.0,0.0,0.0,0.0,90881.65
1780564,IT,TW,FINAN,CONST,0.02,1817.559,3,3,1817.559,0.0,0.0,0.0,0.0,90877.95
1751846,IT,CN,RENTI,ELEC3,0.01,1817.541,3,3,1817.541,0.0,0.0,0.0,0.0,181754.1
1759203,IT,BR,SUPPO,ELECT,0.01,1817.522,3,3,1817.522,0.0,0.0,0.0,0.0,181752.2
1721065,IT,PL,HOTEL,ELEC5,0.01,1817.442,3,3,1817.442,0.0,0.0,0.0,0.0,181744.2
1758633,IT,BR,TRANS,RETAI,0.01,1817.328,3,3,1817.328,0.0,0.0,0.0,0.0,181732.8
1734213,IT,SI,RENTI,BEVER,0.01,1817.325,3,3,1817.325,0.0,0.0,0.0,0.0,181732.5
1753821,IT,CA,WHOLE,CHEM1,0.02,1817.268,3,3,1817.268,0.0,0.0,0.0,0.0,90863.4
1711512,IT,LU,POSTT,CHEM1,0.03,1816.988,3,3,1816.988,0.0,0.0,0.0,0.0,60566.266667
1724182,IT,PT,HOTEL,KEROS,0.01,1816.847,3,3,1816.847,0.0,0.0,0.0,0.0,181684.7
1756908,IT,KR,FINAN,INSUR,0.02,1816.724,3,3,1816.724,0.0,0.0,0.0,0.0,90836.2
1791878,IT,WA,LANDT,INERT,0.01,1816.697,3,3,1816.697,0.0,0.0,0.0,0.0,181669.7
1670058,IT,ES,FOOD2,ELEC3,0.01,1816.657,3,3,1816.657,0.0,0.0,0.0,0.0,181665.7
1651149,IT,BG,BUSIN,FISHF,0.02,1816.342,3,3,1816.342,0.0,0.0,0.0,0.0,90817.1
1766730,IT,RU,MACHI,WOOLS,0.01,1816.334,3,3,1816.334,0.0,0.0,0.0,0.0,181633.4
1758542,IT,BR,MACHI,COMPU,0.01,1816.329,3,3,1816.329,0.0,0.0,0.0,0.0,181632.9
1659219,IT,DE,SALEM,CEREA,0.01,1816.283,3,3,1816.283,0.0,0.0,0.0,0.0,181628.3
1718474,IT,PL,TEXTI,KEROS,0.01,1816.229,3,3,1816.229,0.0,0.0,0.0,0.0,181622.9
1650783,IT,BG,RAILW,HOTEL,0.01,1816.206,3,3,1816.206,0.0,0.0,0.0,0.0,181620.6
1764916,IT,MX,SUPPO,CRUDE,0.01,1816.085,3,3,1816.085,0.0,0.0,0.0,0.0,181608.5
1744460,IT,US,AUXIL,INLAN,0.03,1816.01,3,3,1816.01,0.0,0.0,0.0,0.0,60533.666667
1721684,IT,PL,FINAN,PREC1,0.02,1815.95,3,3,1815.95,0.0,0.0,0.0,0.0,90797.5
1787176,IT,ZA,PUBLI,RAILW,0.03,1815.906,3,3,1815.906,0.0,0.0,0.0,0.0,60530.2
1785455,IT,ZA,PRINT,MOTOR,0.02,1815.872,3,3,1815.872,0.0,0.0,0.0,0.0,90793.6
1780406,IT,TW,SUPPO,TOBAC,0.01,1815.808,3,3,1815.808,0.0,0.0,0.0,0.0,181580.8
1747241,IT,JP,SALEM,POSTT,0.01,1815.707,3,3,1815.707,0.0,0.0,0.0,0.0,181570.7
1750960,IT,CN,SALEM,RUBBE,0.01,1815.612,3,3,1815.612,0.0,0.0,0.0,0.0,181561.2
1784950,IT,ID,INSUR,PULP5,0.04,1815.575,3,3,1815.575,0.0,0.0,0.0,0.0,45389.375
1807272,IT,WF,POSTT,FORES,0.03,1815.484,3,3,1815.484,0.0,0.0,0.0,0.0,60516.133333
1802062,IT,WE,WHOLE,PRIVA,0.02,1815.298,3,3,1815.298,0.0,0.0,0.0,0.0,90764.9
1677880,IT,FR,BUSIN,NONSP,0.02,1815.239,3,3,1815.239,0.0,0.0,0.0,0.0,90761.95
1726750,IT,RO,SALEM,RAWMI,0.01,1815.175,3,3,1815.175,0.0,0.0,0.0,0.0,181517.5
1745822,IT,JP,LEATH,RAWMI,0.01,1815.133,3,3,1815.133,0.0,0.0,0.0,0.0,181513.3
1686897,IT,HU,MACHI,CHEMI,0.01,1815.118,3,3,1815.118,0.0,0.0,0.0,0.0,181511.8
1656584,IT,DE,PRINT,BITU1,0.02,1814.897,3,3,1814.897,0.0,0.0,0.0,0.0,90744.85
1734656,IT,SK,TEXTI,93197,0.01,1814.836,3,3,1814.836,0.0,0.0,0.0,0.0,181483.6
1787189,IT,ZA,PUBLI,EDUCA,0.03,1814.586,3,3,1814.586,0.0,0.0,0.0,0.0,60486.2
1726815,IT,RO,WHOLE,NONME,0.02,1814.586,3,3,1814.586,0.0,0.0,0.0,0.0,90729.3
1807572,IT,WF,COMPU,TRANS,0.02,1814.386,3,3,1814.386,0.0,0.0,0.0,0.0,90719.3
1803585,IT,WF,PROCE,93197,0.01,1814.229,3,3,1814.229,0.0,0.0,0.0,0.0,181422.9
1810162,IT,WM,WEARI,OFFIC,0.01,1814.229,3,3,1814.229,0.0,0.0,0.0,0.0,181422.9
1721755,IT,PL,INSUR,DIST1,0.04,1814.131,3,3,1814.131,0.0,0.0,0.0,0.0,45353.275
1643828,IT,AT,FINAN,WHOLE,0.02,1814.057,3,3,1814.057,0.0,0.0,0.0,0.0,90702.85
1799035,IT,WE,TEXTI,BRICK,0.01,1814.014,3,3,1814.014,0.0,0.0,0.0,0.0,181401.4
1783269,IT,NO,FOODW,PFERT,0.01,1813.986,3,3,1813.986,0.0,0.0,0.0,0.0,181398.6
1806615,IT,WF,SALEM,ALUM1,0.01,1813.767,3,3,1813.767,0.0,0.0,0.0,0.0,181376.7
1739967,IT,GB,AUXIL,TRAN1,0.03,1813.761,3,3,1813.761,0.0,0.0,0.0,0.0,60458.7
1733723,IT,SI,RAILW,RECRE,0.01,1813.648,3,3,1813.648,0.0,0.0,0.0,0.0,181364.8
1792399,IT,WA,INSUR,PFERT,0.04,1813.263,3,3,1813.263,0.0,0.0,0.0,0.0,45331.575
1745155,IT,US,93197,MOTO1,0.01,1813.231,3,3,1813.231,0.0,0.0,0.0,0.0,181323.1
1669897,IT,ES,PUBLI,AIRTR,0.03,1813.228,3,3,1813.228,0.0,0.0,0.0,0.0,60440.933333
1767370,IT,RU,LANDT,CROPS,0.01,1813.195,3,3,1813.195,0.0,0.0,0.0,0.0,181319.5
1738969,IT,GB,CONST,RENTI,0.01,1813.143,3,3,1813.143,0.0,0.0,0.0,0.0,181314.3
1729872,IT,SE,TRANS,FISHF,0.01,1812.909,3,3,1812.909,0.0,0.0,0.0,0.0,181290.9
1745149,IT,US,93197,PAPER,0.01,1812.68,3,3,1812.68,0.0,0.0,0.0,0.0,181268.0
1791439,IT,WA,WHOLE,CHARC,0.02,1812.601,3,3,1812.601,0.0,0.0,0.0,0.0,90630.05
1690110,IT,IE,COMPU,MEAT4,0.02,1812.517,3,3,1812.517,0.0,0.0,0.0,0.0,90625.85
1759898,IT,BR,PAPE1,WHOLE,0.01,1812.199,3,3,1812.199,0.0,0.0,0.0,0.0,181219.9
1716556,IT,NL,TRANS,RENTI,0.01,1812.179,3,3,1812.179,0.0,0.0,0.0,0.0,181217.9
1763079,IT,MX,TEXTI,AIRTR,0.01,1812.159,3,3,1812.159,0.0,0.0,0.0,0.0,181215.9
1654574,IT,CZ,RAILW,FORES,0.01,1812.152,3,3,1812.152,0.0,0.0,0.0,0.0,181215.2
1750978,IT,CN,RETAI,STEAM,0.01,1812.099,3,3,1812.099,0.0,0.0,0.0,0.0,181209.9
1663468,IT,DK,REALE,RENTI,0.08,1811.935,3,3,1811.935,0.0,0.0,0.0,0.0,22649.1875
1809147,IT,WM,CROPS,RENTI,0.01,1811.918,3,3,1811.918,0.0,0.0,0.0,0.0,181191.8
1724938,IT,PT,BUSIN,WOOD1,0.02,1811.898,3,3,1811.898,0.0,0.0,0.0,0.0,90594.9
1648922,IT,BG,WEARI,PAPER,0.01,1811.781,3,3,1811.781,0.0,0.0,0.0,0.0,181178.1
1668420,IT,ES,RETA1,ELEC1,0.02,1811.773,3,3,1811.773,0.0,0.0,0.0,0.0,90588.65
1808029,IT,WF,INTER,ELEC4,0.01,1811.727,3,3,1811.727,0.0,0.0,0.0,0.0,181172.7
1751767,IT,CN,AUXIL,COKEO,0.03,1811.619,3,3,1811.619,0.0,0.0,0.0,0.0,60387.3
1671873,IT,FI,HOTEL,BASIC,0.01,1811.308,3,3,1811.308,0.0,0.0,0.0,0.0,181130.8
1764538,IT,MX,SALEM,ELECT,0.01,1810.88,3,3,1810.88,0.0,0.0,0.0,0.0,181088.0
1721585,IT,PL,POSTT,FISH5,0.03,1810.743,3,3,1810.743,0.0,0.0,0.0,0.0,60358.1
1770363,IT,AU,LANDT,CRUDE,0.01,1810.275,3,3,1810.275,0.0,0.0,0.0,0.0,181027.5
1690480,IT,IE,PAPE4,RESEA,0.01,1810.056,3,3,1810.056,0.0,0.0,0.0,0.0,181005.6
1669180,IT,ES,POSTT,RADIO,0.03,1809.96,3,3,1809.96,0.0,0.0,0.0,0.0,60332.0
1779946,IT,TW,CONST,DISTR,0.01,1809.938,3,3,1809.938,0.0,0.0,0.0,0.0,180993.8
1649162,IT,BG,PRINT,PULP5,0.02,1809.401,3,3,1809.401,0.0,0.0,0.0,0.0,90470.05
1734169,IT,SI,REALE,CHEM1,0.08,1809.37,3,3,1809.37,0.0,0.0,0.0,0.0,22617.125
1687774,IT,HU,SUPPO,FOOD2,0.01,1809.205,3,3,1809.205,0.0,0.0,0.0,0.0,180920.5
1647822,IT,BE,AUXIL,FURNI,0.03,1808.818,3,3,1808.818,0.0,0.0,0.0,0.0,60293.933333
1760533,IT,IN,LEATH,FOOD5,0.01,1808.799,3,3,1808.799,0.0,0.0,0.0,0.0,180879.9
1781136,IT,TW,OILHA,VEGET,0.01,1808.681,3,3,1808.681,0.0,0.0,0.0,0.0,180868.1
1734265,IT,SI,COMPU,AIRTR,0.02,1808.455,3,3,1808.455,0.0,0.0,0.0,0.0,90422.75
1717415,IT,NL,INSUR,ELEC3,0.04,1808.16,3,3,1808.16,0.0,0.0,0.0,0.0,45204.0
1774320,IT,CH,HOTEL,NONSP,0.01,1808.131,3,3,1808.131,0.0,0.0,0.0,0.0,180813.1
1670177,IT,ES,MEMBE,HEALT,0.02,1808.119,3,3,1808.119,0.0,0.0,0.0,0.0,90405.95
1661771,IT,DK,LEATH,RAILW,0.01,1808.105,3,3,1808.105,0.0,0.0,0.0,0.0,180810.5
1736626,IT,SK,FINAN,ALUM1,0.02,1808.093,3,3,1808.093,0.0,0.0,0.0,0.0,90404.65
1663671,IT,DK,BUSIN,WOOD1,0.02,1808.082,3,3,1808.082,0.0,0.0,0.0,0.0,90404.1
1733537,IT,SI,WHOLE,MEMBE,0.02,1808.054,3,3,1808.054,0.0,0.0,0.0,0.0,90402.7
1774034,IT,CH,RETAI,DISTR,0.01,1807.941,3,3,1807.941,0.0,0.0,0.0,0.0,180794.1
1734754,IT,SK,LEATH,93197,0.01,1807.769,3,3,1807.769,0.0,0.0,0.0,0.0,180776.9
1751014,IT,CN,WHOLE,PULP5,0.02,1807.651,3,3,1807.651,0.0,0.0,0.0,0.0,90382.55
1711768,IT,LU,PUBLI,NATUR,0.03,1807.604,3,3,1807.604,0.0,0.0,0.0,0.0,60253.466667
1797749,IT,WL,INTER,POSTT,0.01,1807.584,3,3,1807.584,0.0,0.0,0.0,0.0,180758.4
1742935,IT,US,MACHI,ELEC7,0.01,1807.107,3,3,1807.107,0.0,0.0,0.0,0.0,180710.7
1654870,IT,CZ,POSTT,SALEM,0.03,1807.087,3,3,1807.087,0.0,0.0,0.0,0.0,60236.233333
1712559,IT,LV,MACHI,WEARI,0.01,1807.058,3,3,1807.058,0.0,0.0,0.0,0.0,180705.8
1726780,IT,RO,RETAI,ELEC8,0.01,1806.79,3,3,1806.79,0.0,0.0,0.0,0.0,180679.0
1807463,IT,WF,AUXIL,RECRE,0.03,1806.775,3,3,1806.775,0.0,0.0,0.0,0.0,60225.833333
1734536,IT,SK,PROCE,FISH5,0.01,1806.677,3,3,1806.677,0.0,0.0,0.0,0.0,180667.7
1672105,IT,FI,POSTT,CHEM1,0.03,1806.619,3,3,1806.619,0.0,0.0,0.0,0.0,60220.633333
1722268,IT,PL,RECRE,HEALT,0.02,1805.888,3,3,1805.888,0.0,0.0,0.0,0.0,90294.4
1778657,IT,TR,HOTEL,TRAN1,0.01,1805.786,3,3,1805.786,0.0,0.0,0.0,0.0,180578.6
1715065,IT,NL,TEXTI,INTER,0.01,1805.738,3,3,1805.738,0.0,0.0,0.0,0.0,180573.8
1776072,IT,TR,WEARI,COPPE,0.01,1805.694,3,3,1805.694,0.0,0.0,0.0,0.0,180569.4
1806898,IT,WF,HOTEL,RAILW,0.01,1805.68,3,3,1805.68,0.0,0.0,0.0,0.0,180568.0
1654333,IT,CZ,ELEC4,WOODW,0.03,1805.642,3,3,1805.642,0.0,0.0,0.0,0.0,60188.066667
1688104,IT,HU,BUSIN,PIGS9,0.02,1805.631,3,3,1805.631,0.0,0.0,0.0,0.0,90281.55
1801550,IT,WE,TRANS,BKBPE,0.01,1805.591,3,3,1805.591,0.0,0.0,0.0,0.0,180559.1
1797736,IT,WL,INTER,GASDI,0.01,1805.586,3,3,1805.586,0.0,0.0,0.0,0.0,180558.6
1743451,IT,US,WHOLE,FISH5,0.02,1805.535,3,3,1805.535,0.0,0.0,0.0,0.0,90276.75
1814267,IT,WM,POSTT,ELEC6,0.03,1805.313,3,3,1805.313,0.0,0.0,0.0,0.0,60177.1
1654434,IT,CZ,WHOLE,SEWAG,0.02,1805.077,3,3,1805.077,0.0,0.0,0.0,0.0,90253.85
1671775,IT,FI,WHOLE,WHEAT,0.02,1804.921,3,3,1804.921,0.0,0.0,0.0,0.0,90246.05
1745215,IT,JP,FORES,PRINT,0.02,1804.847,4,4,1803.847,0.0,1.0,0.0,0.0,90242.35
1647077,IT,BE,HOTEL,WEARI,0.01,1804.745,3,3,1804.745,0.0,0.0,0.0,0.0,180474.5
1711945,IT,LU,PAPE4,COPP1,0.01,1804.742,3,3,1804.742,0.0,0.0,0.0,0.0,180474.2
1760000,IT,BR,INTER,SALEM,0.01,1804.667,3,3,1804.667,0.0,0.0,0.0,0.0,180466.7
1733453,IT,SI,SALEM,RAWMI,0.01,1804.643,3,3,1804.643,0.0,0.0,0.0,0.0,180464.3
1751901,IT,CN,COMPU,BIOGA,0.02,1804.574,3,3,1804.574,0.0,0.0,0.0,0.0,90228.7
1724249,IT,PT,LANDT,SANDC,0.01,1804.445,3,3,1804.445,0.0,0.0,0.0,0.0,180444.5
1662909,IT,DK,RETA1,DAIRY,0.02,1804.411,3,3,1804.411,0.0,0.0,0.0,0.0,90220.55
1768710,IT,AU,WEARI,CEREA,0.01,1804.398,3,3,1804.398,0.0,0.0,0.0,0.0,180439.8
1680044,IT,GR,MACHI,PREC1,0.01,1804.397,3,3,1804.397,0.0,0.0,0.0,0.0,180439.7
1763024,IT,MX,TEXTI,VEGET,0.01,1804.395,3,3,1804.395,0.0,0.0,0.0,0.0,180439.5
1794176,IT,WL,PRINT,COKEO,0.02,1804.079,3,3,1804.079,0.0,0.0,0.0,0.0,90203.95
1672289,IT,FI,RENTI,DIST1,0.01,1804.061,3,3,1804.061,0.0,0.0,0.0,0.0,180406.1
1792969,IT,WA,INTER,PADDY,0.01,1803.916,3,3,1803.916,0.0,0.0,0.0,0.0,180391.6
1648217,IT,BE,BUSIN,ELEC4,0.02,1803.626,3,3,1803.626,0.0,0.0,0.0,0.0,90181.3
1721602,IT,PL,POSTT,GLASS,0.03,1803.53,3,3,1803.53,0.0,0.0,0.0,0.0,60117.666667
1714269,IT,MT,BUSIN,PRINT,0.02,1803.147,3,3,1803.147,0.0,0.0,0.0,0.0,90157.35
1721840,IT,PL,REALE,FABRI,0.08,1803.097,3,3,1803.097,0.0,0.0,0.0,0.0,22538.7125
1780229,IT,TW,RAILW,INSUR,0.01,1802.984,3,3,1802.984,0.0,0.0,0.0,0.0,180298.4
1785038,IT,ID,BUSIN,COLLE,0.02,1802.97,3,3,1802.97,0.0,0.0,0.0,0.0,90148.5
1734322,IT,SI,BUSIN,COLLE,0.02,1802.86,3,3,1802.86,0.0,0.0,0.0,0.0,90143.0
1814910,IT,WM,PRIVA,WEARI,0.4,1802.845,3,3,1802.845,0.0,0.0,0.0,0.0,4507.1125
1676738,IT,FR,RAILW,WOOD2,0.01,1802.821,3,3,1802.821,0.0,0.0,0.0,0.0,180282.1
1779565,IT,TR,COMPU,BRICK,0.02,1802.778,3,3,1802.778,0.0,0.0,0.0,0.0,90138.9
1678072,IT,FR,FOODW,PAPER,0.01,1802.69,3,3,1802.69,0.0,0.0,0.0,0.0,180269.0
1670107,IT,ES,PAPE4,PRINT,0.01,1802.686,3,3,1802.686,0.0,0.0,0.0,0.0,180268.6
1797040,IT,WL,SUPPO,GASDI,0.01,1802.675,3,3,1802.675,0.0,0.0,0.0,0.0,180267.5
1669668,IT,ES,COMPU,HEAVY,0.02,1802.624,3,3,1802.624,0.0,0.0,0.0,0.0,90131.2
1736316,IT,SK,HOTEL,FOOD3,0.01,1802.612,3,3,1802.612,0.0,0.0,0.0,0.0,180261.2
1730550,IT,SE,AUXIL,POSTT,0.03,1802.571,3,3,1802.571,0.0,0.0,0.0,0.0,60085.7
1797977,IT,WL,PAPE4,RUBBE,0.01,1802.277,3,3,1802.277,0.0,0.0,0.0,0.0,180227.7
1661296,IT,DK,FORES,CERAM,0.02,1802.08,4,4,1801.08,0.0,1.0,0.0,0.0,90104.0
1725787,IT,RO,PRINT,RAILW,0.02,1802.042,3,3,1802.042,0.0,0.0,0.0,0.0,90102.1
1721594,IT,PL,POSTT,MOTOR,0.03,1801.851,3,3,1801.851,0.0,0.0,0.0,0.0,60061.7
1808723,IT,WF,TEXT2,PFERT,0.01,1801.723,3,3,1801.723,0.0,0.0,0.0,0.0,180172.3
1729952,IT,SE,CONST,PAPER,0.01,1801.646,3,3,1801.646,0.0,0.0,0.0,0.0,180164.6
1683945,IT,HR,SALEM,POSTT,0.01,1801.469,3,3,1801.469,0.0,0.0,0.0,0.0,180146.9
1784064,IT,ID,WEARI,SALEM,0.01,1801.431,3,3,1801.431,0.0,0.0,0.0,0.0,180143.1
1724181,IT,PT,HOTEL,MOTOR,0.01,1801.261,3,3,1801.261,0.0,0.0,0.0,0.0,180126.1
1643357,IT,AT,RAILW,RETAI,0.01,1801.229,3,3,1801.229,0.0,0.0,0.0,0.0,180122.9
1741036,IT,US,TEXTI,CHEMI,0.01,1801.002,3,3,1801.002,0.0,0.0,0.0,0.0,180100.2
1711882,IT,LU,WOOD1,MACHI,0.01,1800.899,3,3,1800.899,0.0,0.0,0.0,0.0,180089.9
1767597,IT,RU,SUPPO,RUBBE,0.01,1800.573,3,3,1800.573,0.0,0.0,0.0,0.0,180057.3
1663877,IT,EE,WEARI,BASIC,0.01,1800.557,3,3,1800.557,0.0,0.0,0.0,0.0,180055.7
1721740,IT,PL,INSUR,PLAST,0.04,1800.506,3,3,1800.506,0.0,0.0,0.0,0.0,45012.65
1734243,IT,SI,COMPU,PRINT,0.02,1800.4,3,3,1800.4,0.0,0.0,0.0,0.0,90020.0
1670215,IT,ES,RECRE,LANDT,0.02,1800.388,3,3,1800.388,0.0,0.0,0.0,0.0,90019.4
1739987,IT,GB,AUXIL,FOOD2,0.03,1800.358,3,3,1800.358,0.0,0.0,0.0,0.0,60011.933333
1720902,IT,PL,SALEM,MOTO1,0.01,1800.325,3,3,1800.325,0.0,0.0,0.0,0.0,180032.5
1743561,IT,US,HOTEL,NONFE,0.01,1800.29,3,3,1800.29,0.0,0.0,0.0,0.0,180029.0
1640732,IT,AT,TEXTI,GASDI,0.01,1800.003,3,3,1800.003,0.0,0.0,0.0,0.0,180000.3
1748983,IT,CN,LEATH,MEATC,0.01,1799.979,3,3,1799.979,0.0,0.0,0.0,0.0,179997.9
1663158,IT,DK,LANDT,GASDI,0.01,1799.796,3,3,1799.796,0.0,0.0,0.0,0.0,179979.6
1713997,IT,MT,WHOLE,MEMBE,0.02,1799.713,3,3,1799.713,0.0,0.0,0.0,0.0,89985.65
1801936,IT,WE,SALEM,OFFIC,0.01,1799.67,3,3,1799.67,0.0,0.0,0.0,0.0,179967.0
1765097,IT,MX,AUXIL,REALE,0.03,1799.558,3,3,1799.558,0.0,0.0,0.0,0.0,59985.266667
1734373,IT,SI,RECRE,HOTEL,0.02,1799.505,3,3,1799.505,0.0,0.0,0.0,0.0,89975.25
1782663,IT,NO,RETAI,WHOLE,0.01,1799.476,3,3,1799.476,0.0,0.0,0.0,0.0,179947.6
1647088,IT,BE,HOTEL,NAPHT,0.01,1799.421,3,3,1799.421,0.0,0.0,0.0,0.0,179942.1
1643003,IT,AT,CONST,GASDI,0.01,1799.394,3,3,1799.394,0.0,0.0,0.0,0.0,179939.4
1763174,IT,MX,LEATH,COPP1,0.01,1799.211,3,3,1799.211,0.0,0.0,0.0,0.0,179921.1
1762805,IT,IN,PUBLI,WEARI,0.03,1799.207,3,3,1799.207,0.0,0.0,0.0,0.0,59973.566667
1770805,IT,AU,COMPU,RAILW,0.02,1799.079,3,3,1799.079,0.0,0.0,0.0,0.0,89953.95
1744308,IT,US,FINAN,GASDI,0.02,1798.96,3,3,1798.96,0.0,0.0,0.0,0.0,89948.0
1680611,IT,GR,CONST,PUBLI,0.01,1798.942,3,3,1798.942,0.0,0.0,0.0,0.0,179894.2
1767006,IT,RU,TRANS,PLAST,0.01,1798.927,3,3,1798.927,0.0,0.0,0.0,0.0,179892.7
1746057,IT,JP,PRINT,DAIRY,0.02,1798.774,3,3,1798.774,0.0,0.0,0.0,0.0,89938.7
1730019,IT,SE,WHOLE,LEADZ,0.02,1798.755,3,3,1798.755,0.0,0.0,0.0,0.0,89937.75
1683968,IT,HR,WHOLE,ALUM1,0.02,1798.738,3,3,1798.738,0.0,0.0,0.0,0.0,89936.9
1720875,IT,PL,CONST,FURNI,0.01,1798.733,3,3,1798.733,0.0,0.0,0.0,0.0,179873.3
1756983,IT,KR,COMPU,ELEC2,0.02,1798.711,3,3,1798.711,0.0,0.0,0.0,0.0,89935.55
1710155,IT,LT,MACHI,CERAM,0.01,1798.493,3,3,1798.493,0.0,0.0,0.0,0.0,179849.3
1646802,IT,BE,SALEM,OFFIC,0.01,1798.368,3,3,1798.368,0.0,0.0,0.0,0.0,179836.8
1775510,IT,CH,FOOD2,SALEM,0.01,1798.267,3,3,1798.267,0.0,0.0,0.0,0.0,179826.7
1651054,IT,BG,INSUR,HYDRO,0.04,1798.089,3,3,1798.089,0.0,0.0,0.0,0.0,44952.225
1802858,IT,WE,FOOD2,HEALT,0.01,1797.967,3,3,1797.967,0.0,0.0,0.0,0.0,179796.7
1807374,IT,WF,FINAN,NONF1,0.02,1797.837,3,3,1797.837,0.0,0.0,0.0,0.0,89891.85
1680813,IT,GR,RAILW,NONSP,0.01,1797.79,3,3,1797.79,0.0,0.0,0.0,0.0,179779.0
1767608,IT,RU,SUPPO,MEDIC,0.01,1797.725,3,3,1797.725,0.0,0.0,0.0,0.0,179772.5
1758722,IT,BR,RETAI,POSTT,0.01,1797.574,3,3,1797.574,0.0,0.0,0.0,0.0,179757.4
1770064,IT,AU,RETAI,FINAN,0.01,1797.543,3,3,1797.543,0.0,0.0,0.0,0.0,179754.3
1775355,IT,CH,PUBLI,RAWMI,0.03,1797.54,3,3,1797.54,0.0,0.0,0.0,0.0,59918.0
1663191,IT,DK,LANDT,RAILW,0.01,1797.506,3,3,1797.506,0.0,0.0,0.0,0.0,179750.6
1751131,IT,CN,RETA1,FINAN,0.02,1797.436,3,3,1797.436,0.0,0.0,0.0,0.0,89871.8
1782788,IT,NO,HOTEL,CERAM,0.01,1797.401,3,3,1797.401,0.0,0.0,0.0,0.0,179740.1
1731629,IT,SI,LEATH,NONME,0.01,1797.388,3,3,1797.388,0.0,0.0,0.0,0.0,179738.8
1748073,IT,JP,BUSIN,GASWO,0.02,1797.309,3,3,1797.309,0.0,0.0,0.0,0.0,89865.45
1661182,IT,DE,93197,RETA1,0.01,1797.156,3,3,1797.156,0.0,0.0,0.0,0.0,179715.6
1799568,IT,WE,PRINT,RAILW,0.02,1797.076,3,3,1797.076,0.0,0.0,0.0,0.0,89853.8
1776116,IT,TR,LEATH,VEGE1,0.01,1797.061,3,3,1797.061,0.0,0.0,0.0,0.0,179706.1
1718927,IT,PL,PRINT,COPP1,0.02,1797.012,3,3,1797.012,0.0,0.0,0.0,0.0,89850.6
1676513,IT,FR,RETA1,FOOD3,0.02,1797.01,3,3,1797.01,0.0,0.0,0.0,0.0,89850.5
1783865,IT,NO,TEXT2,PAPE4,0.01,1796.986,3,3,1796.986,0.0,0.0,0.0,0.0,179698.6
1711296,IT,LU,RETAI,LANDT,0.01,1796.854,3,3,1796.854,0.0,0.0,0.0,0.0,179685.4
1780543,IT,TW,FINAN,BEVER,0.02,1796.827,3,3,1796.827,0.0,0.0,0.0,0.0,89841.35
1724055,IT,PT,WHOLE,PFERT,0.02,1796.807,3,3,1796.807,0.0,0.0,0.0,0.0,89840.35
1801854,IT,WE,ELE12,CROPS,0.01,1796.583,3,3,1796.583,0.0,0.0,0.0,0.0,179658.3
1779078,IT,TR,SUPPO,LEATH,0.01,1796.516,3,3,1796.516,0.0,0.0,0.0,0.0,179651.6
1665472,IT,ES,WEARI,MOTOR,0.01,1796.483,3,3,1796.483,0.0,0.0,0.0,0.0,179648.3
1813484,IT,WM,SALEM,RAILW,0.01,1796.478,3,3,1796.478,0.0,0.0,0.0,0.0,179647.8
1798309,IT,WE,CROPS,LIQUE,0.01,1796.316,3,3,1796.316,0.0,0.0,0.0,0.0,179631.6
1661161,IT,DE,93197,FORES,0.01,1796.223,3,3,1796.223,0.0,0.0,0.0,0.0,179622.3
1762561,IT,IN,AUXIL,FISH5,0.03,1796.211,3,3,1796.211,0.0,0.0,0.0,0.0,59873.7
1644130,IT,AT,INTER,TRAN1,0.01,1796.114,3,3,1796.114,0.0,0.0,0.0,0.0,179611.4
1690510,IT,IE,INERT,RENTI,0.01,1796.043,3,3,1796.043,0.0,0.0,0.0,0.0,179604.3
1663107,IT,DK,RAILW,CONST,0.01,1796.013,3,3,1796.013,0.0,0.0,0.0,0.0,179601.3
1759216,IT,BR,SUPPO,FINAN,0.01,1795.991,3,3,1795.991,0.0,0.0,0.0,0.0,179599.1
1756345,IT,KR,TRANS,OFFIC,0.01,1795.986,3,3,1795.986,0.0,0.0,0.0,0.0,179598.6
1678974,IT,GR,WEARI,RENTI,0.01,1795.964,3,3,1795.964,0.0,0.0,0.0,0.0,179596.4
1680737,IT,GR,RETA1,RADIO,0.02,1795.8,3,3,1795.8,0.0,0.0,0.0,0.0,89790.0
1663902,IT,EE,LEATH,PREC1,0.01,1795.72,3,3,1795.72,0.0,0.0,0.0,0.0,179572.0
1745661,IT,JP,TEXTI,SECO9,0.01,1795.713,3,3,1795.713,0.0,0.0,0.0,0.0,179571.3
1745148,IT,US,93197,FOOD5,0.01,1795.698,3,3,1795.698,0.0,0.0,0.0,0.0,179569.8
1711212,IT,LU,MACHI,LEAD1,0.01,1795.667,3,3,1795.667,0.0,0.0,0.0,0.0,179566.7
1722198,IT,PL,PUBLI,OFFIC,0.03,1795.646,3,3,1795.646,0.0,0.0,0.0,0.0,59854.866667
1684806,IT,HU,FORES,BUSIN,0.02,1795.616,4,4,1794.616,0.0,1.0,0.0,0.0,89780.8
1724192,IT,PT,HOTEL,RADIO,0.01,1795.555,3,3,1795.555,0.0,0.0,0.0,0.0,179555.5
1716770,IT,NL,RETA1,MOTO1,0.02,1795.52,3,3,1795.52,0.0,0.0,0.0,0.0,89776.0
1768733,IT,AU,WEARI,KEROS,0.01,1795.378,3,3,1795.378,0.0,0.0,0.0,0.0,179537.8
1687441,IT,HU,RAILW,LIQUE,0.01,1795.305,3,3,1795.305,0.0,0.0,0.0,0.0,179530.5
1710294,IT,LT,TRANS,WHOLE,0.01,1795.27,3,3,1795.27,0.0,0.0,0.0,0.0,179527.0
1660699,IT,DE,RENTI,NUCLE,0.01,1795.225,3,3,1795.225,0.0,0.0,0.0,0.0,179522.5
1668234,IT,ES,RETAI,RENTI,0.01,1795.117,3,3,1795.117,0.0,0.0,0.0,0.0,179511.7
1721516,IT,PL,SUPPO,NFERT,0.01,1795.05,3,3,1795.05,0.0,0.0,0.0,0.0,179505.0
1675934,IT,FR,ELEC4,POULT,0.03,1795.018,3,3,1795.018,0.0,0.0,0.0,0.0,59833.933333
1665171,IT,ES,PROCE,RECRE,0.01,1795.007,3,3,1795.007,0.0,0.0,0.0,0.0,179500.7
1728335,IT,SE,TEXTI,IRONO,0.01,1794.913,3,3,1794.913,0.0,0.0,0.0,0.0,179491.3
1724781,IT,PT,RENTI,BUSIN,0.01,1794.857,3,3,1794.857,0.0,0.0,0.0,0.0,179485.7
1646816,IT,BE,SALEM,REALE,0.01,1794.484,3,3,1794.484,0.0,0.0,0.0,0.0,179448.4
1664512,IT,EE,TRANS,FORES,0.01,1794.013,3,3,1794.013,0.0,0.0,0.0,0.0,179401.3
1668479,IT,ES,HOTEL,BITUM,0.01,1793.997,3,3,1793.997,0.0,0.0,0.0,0.0,179399.7
1712817,IT,LV,SUPPO,RETAI,0.01,1793.959,3,3,1793.959,0.0,0.0,0.0,0.0,179395.9
1797154,IT,WL,POSTT,ELEC3,0.03,1793.87,3,3,1793.87,0.0,0.0,0.0,0.0,59795.666667
1791347,IT,WA,SALEM,CEMEN,0.01,1793.828,3,3,1793.828,0.0,0.0,0.0,0.0,179382.8
1779357,IT,TR,INSUR,AIRTR,0.04,1793.784,3,3,1793.784,0.0,0.0,0.0,0.0,44844.6
1678936,IT,GR,TEXTI,SALEM,0.01,1793.415,3,3,1793.415,0.0,0.0,0.0,0.0,179341.5
1670020,IT,ES,OILHA,COLLE,0.01,1793.311,3,3,1793.311,0.0,0.0,0.0,0.0,179331.1
1644136,IT,AT,FOOD2,PAPER,0.01,1793.293,3,3,1793.293,0.0,0.0,0.0,0.0,179329.3
1721524,IT,PL,SUPPO,BRICK,0.01,1793.247,3,3,1793.247,0.0,0.0,0.0,0.0,179324.7
1793954,IT,WL,LEATH,SUPPO,0.01,1793.003,3,3,1793.003,0.0,0.0,0.0,0.0,179300.3
1808715,IT,WF,TEXT2,MEAT1,0.01,1792.749,3,3,1792.749,0.0,0.0,0.0,0.0,179274.9
1643352,IT,AT,RAILW,ELEC2,0.01,1792.716,3,3,1792.716,0.0,0.0,0.0,0.0,179271.6
1752709,IT,CA,LEATH,CEMEN,0.01,1792.578,3,3,1792.578,0.0,0.0,0.0,0.0,179257.8
1753802,IT,CA,SALEM,WHOLE,0.01,1792.484,3,3,1792.484,0.0,0.0,0.0,0.0,179248.4
1813619,IT,WM,RETA1,CROPS,0.02,1792.418,3,3,1792.418,0.0,0.0,0.0,0.0,89620.9
1687428,IT,HU,RAILW,CRUDE,0.01,1792.418,3,3,1792.418,0.0,0.0,0.0,0.0,179241.8
1717797,IT,NL,FOOD2,PAPER,0.01,1792.213,3,3,1792.213,0.0,0.0,0.0,0.0,179221.3
1736106,IT,SK,CONST,BRICK,0.01,1792.177,3,3,1792.177,0.0,0.0,0.0,0.0,179217.7
1813469,IT,WM,SALEM,PROCE,0.01,1792.15,3,3,1792.15,0.0,0.0,0.0,0.0,179215.0
1752695,IT,CA,LEATH,RAWMI,0.01,1791.997,3,3,1791.997,0.0,0.0,0.0,0.0,179199.7
1680817,IT,GR,RAILW,CEMEN,0.01,1791.955,3,3,1791.955,0.0,0.0,0.0,0.0,179195.5
1648926,IT,BG,WEARI,HEAVY,0.01,1791.808,3,3,1791.808,0.0,0.0,0.0,0.0,179180.8
1791279,IT,WA,CONST,HEAVY,0.01,1791.722,3,3,1791.722,0.0,0.0,0.0,0.0,179172.2
1814706,IT,WM,INTER,RETA1,0.01,1791.655,3,3,1791.655,0.0,0.0,0.0,0.0,179165.5
1780461,IT,TW,POSTT,MEAT1,0.03,1791.543,3,3,1791.543,0.0,0.0,0.0,0.0,59718.1
1746088,IT,JP,PRINT,ELE12,0.02,1791.351,3,3,1791.351,0.0,0.0,0.0,0.0,89567.55
1744394,IT,US,INSUR,RENTI,0.04,1791.344,3,3,1791.344,0.0,0.0,0.0,0.0,44783.6
1751120,IT,CN,RETA1,FURNI,0.02,1791.24,3,3,1791.24,0.0,0.0,0.0,0.0,89562.0
1684348,IT,HR,SUPPO,RETAI,0.01,1791.177,3,3,1791.177,0.0,0.0,0.0,0.0,179117.7
1736585,IT,SK,SUPPO,RECRE,0.01,1791.171,3,3,1791.171,0.0,0.0,0.0,0.0,179117.1
1724796,IT,PT,COMPU,FABRI,0.02,1791.156,3,3,1791.156,0.0,0.0,0.0,0.0,89557.8
1733456,IT,SI,SALEM,TEXTI,0.01,1791.129,3,3,1791.129,0.0,0.0,0.0,0.0,179112.9
1734300,IT,SI,BUSIN,PFERT,0.02,1790.753,3,3,1790.753,0.0,0.0,0.0,0.0,89537.65
1654425,IT,CZ,WHOLE,COLLE,0.02,1790.645,3,3,1790.645,0.0,0.0,0.0,0.0,89532.25
1738855,IT,GB,TRANS,PREC1,0.01,1790.401,3,3,1790.401,0.0,0.0,0.0,0.0,179040.1
1734045,IT,SI,FINAN,CONST,0.02,1790.117,3,3,1790.117,0.0,0.0,0.0,0.0,89505.85
1814793,IT,WM,PAPE4,RETA1,0.01,1790.108,3,3,1790.108,0.0,0.0,0.0,0.0,179010.8
1734282,IT,SI,BUSIN,VEGET,0.02,1790.104,3,3,1790.104,0.0,0.0,0.0,0.0,89505.2
1796730,IT,WL,LANDT,DAIRY,0.01,1790.035,3,3,1790.035,0.0,0.0,0.0,0.0,179003.5
1739942,IT,GB,INSUR,RENTI,0.04,1789.831,3,3,1789.831,0.0,0.0,0.0,0.0,44745.775
1808270,IT,WF,FOOD2,WOODW,0.01,1789.364,3,3,1789.364,0.0,0.0,0.0,0.0,178936.4
1808465,IT,WF,FOOD4,GLASS,0.01,1789.362,3,3,1789.362,0.0,0.0,0.0,0.0,178936.2
1715163,IT,NL,LEATH,FOODW,0.01,1789.317,3,3,1789.317,0.0,0.0,0.0,0.0,178931.7
1711908,IT,LU,FOOD2,RETA1,0.01,1789.263,3,3,1789.263,0.0,0.0,0.0,0.0,178926.3
1721969,IT,PL,COMPU,BIOGA,0.02,1789.161,3,3,1789.161,0.0,0.0,0.0,0.0,89458.05
1774136,IT,CH,WHOLE,TRAN2,0.02,1789.027,3,3,1789.027,0.0,0.0,0.0,0.0,89451.35
1678071,IT,FR,FOODW,TEXTI,0.01,1788.941,3,3,1788.941,0.0,0.0,0.0,0.0,178894.1
1778499,IT,TR,RETA1,ANIMA,0.02,1788.838,3,3,1788.838,0.0,0.0,0.0,0.0,89441.9
1802220,IT,WE,RAILW,PAPER,0.01,1788.556,3,3,1788.556,0.0,0.0,0.0,0.0,178855.6
1799198,IT,WE,LEATH,PADDY,0.01,1788.538,3,3,1788.538,0.0,0.0,0.0,0.0,178853.8
1776000,IT,TR,TEXTI,COKIN,0.01,1788.223,3,3,1788.223,0.0,0.0,0.0,0.0,178822.3
1734670,IT,SK,WEARI,SUPPO,0.01,1788.05,3,3,1788.05,0.0,0.0,0.0,0.0,178805.0
1654419,IT,CZ,WHOLE,SECO9,0.02,1788.045,3,3,1788.045,0.0,0.0,0.0,0.0,89402.25
1668550,IT,ES,HOTEL,ELEC7,0.01,1787.861,3,3,1787.861,0.0,0.0,0.0,0.0,178786.1
1643755,IT,AT,SUPPO,FOODW,0.01,1787.733,3,3,1787.733,0.0,0.0,0.0,0.0,178773.3
1802552,IT,WE,FINAN,WOODW,0.02,1787.711,3,3,1787.711,0.0,0.0,0.0,0.0,89385.55
1650396,IT,BG,ELEC4,DAIRY,0.03,1787.564,3,3,1787.564,0.0,0.0,0.0,0.0,59585.466667
1678185,IT,FR,INTER,FOOD1,0.01,1787.526,3,3,1787.526,0.0,0.0,0.0,0.0,178752.6
1770082,IT,AU,WHOLE,TEXTI,0.02,1787.506,3,3,1787.506,0.0,0.0,0.0,0.0,89375.3
1775013,IT,CH,REALE,COMPU,0.08,1787.459,3,3,1787.459,0.0,0.0,0.0,0.0,22343.2375
1722214,IT,PL,PUBLI,HEALT,0.03,1787.428,3,3,1787.428,0.0,0.0,0.0,0.0,59580.933333
1767010,IT,RU,TRANS,FOUND,0.01,1787.296,3,3,1787.296,0.0,0.0,0.0,0.0,178729.6
1778701,IT,TR,RAILW,CHEMI,0.01,1787.26,3,3,1787.26,0.0,0.0,0.0,0.0,178726.0
1806986,IT,WF,LANDT,CERAM,0.01,1787.177,3,3,1787.177,0.0,0.0,0.0,0.0,178717.7
1724289,IT,PT,LANDT,MEDIC,0.01,1787.059,3,3,1787.059,0.0,0.0,0.0,0.0,178705.9
1775289,IT,CH,BUSIN,LEAD1,0.02,1786.816,3,3,1786.816,0.0,0.0,0.0,0.0,89340.8
1808726,IT,WF,TEXT2,FABRI,0.01,1786.761,3,3,1786.761,0.0,0.0,0.0,0.0,178676.1
1764554,IT,MX,WHOLE,POULT,0.02,1786.748,3,3,1786.748,0.0,0.0,0.0,0.0,89337.4
1663912,IT,EE,LEATH,RETA1,0.01,1786.668,3,3,1786.668,0.0,0.0,0.0,0.0,178666.8
1663436,IT,DK,AUXIL,PUBLI,0.03,1786.5,3,3,1786.5,0.0,0.0,0.0,0.0,59550.0
1759891,IT,BR,PAPE1,RADIO,0.01,1786.393,3,3,1786.393,0.0,0.0,0.0,0.0,178639.3
1740457,IT,GB,FOOD4,RUBBE,0.01,1786.33,3,3,1786.33,0.0,0.0,0.0,0.0,178633.0
1787013,IT,ZA,INSUR,FURNI,0.04,1786.08,3,3,1786.08,0.0,0.0,0.0,0.0,44652.0
1682095,IT,HR,TEXTI,MEATP,0.01,1785.944,3,3,1785.944,0.0,0.0,0.0,0.0,178594.4
1734320,IT,SI,BUSIN,DISTR,0.02,1785.791,3,3,1785.791,0.0,0.0,0.0,0.0,89289.55
1778468,IT,TR,WHOLE,LANDT,0.02,1785.554,3,3,1785.554,0.0,0.0,0.0,0.0,89277.7
1726788,IT,RO,RETAI,WASTE,0.01,1785.383,3,3,1785.383,0.0,0.0,0.0,0.0,178538.3
1731593,IT,SI,TEXTI,INERT,0.01,1785.134,3,3,1785.134,0.0,0.0,0.0,0.0,178513.4
1736540,IT,SK,SUPPO,LIQUE,0.01,1785.13,3,3,1785.13,0.0,0.0,0.0,0.0,178513.0
1764677,IT,MX,HOTEL,POULT,0.01,1785.081,3,3,1785.081,0.0,0.0,0.0,0.0,178508.1
1669495,IT,ES,AUXIL,TRANS,0.03,1785.004,3,3,1785.004,0.0,0.0,0.0,0.0,59500.133333
1679175,IT,GR,PRINT,PLAST,0.02,1784.938,3,3,1784.938,0.0,0.0,0.0,0.0,89246.9
1791463,IT,WA,WHOLE,COKE1,0.02,1784.662,3,3,1784.662,0.0,0.0,0.0,0.0,89233.1
1677340,IT,FR,FINAN,FOOD3,0.02,1784.648,3,3,1784.648,0.0,0.0,0.0,0.0,89232.4
1647173,IT,BE,RAILW,ELECT,0.01,1784.584,3,3,1784.584,0.0,0.0,0.0,0.0,178458.4
1724760,IT,PT,RENTI,TEXTI,0.01,1784.569,3,3,1784.569,0.0,0.0,0.0,0.0,178456.9
1762328,IT,IN,SUPPO,WOODW,0.01,1784.567,3,3,1784.567,0.0,0.0,0.0,0.0,178456.7
1721607,IT,PL,POSTT,ALUM1,0.03,1784.453,3,3,1784.453,0.0,0.0,0.0,0.0,59481.766667
1797969,IT,WL,PAPE4,TEXTI,0.01,1784.374,3,3,1784.374,0.0,0.0,0.0,0.0,178437.4
1650620,IT,BG,ELE12,DISTR,0.01,1784.313,3,3,1784.313,0.0,0.0,0.0,0.0,178431.3
1774873,IT,CH,FINAN,RENTI,0.02,1784.303,3,3,1784.303,0.0,0.0,0.0,0.0,89215.15
1802859,IT,WE,FOOD2,93197,0.01,1783.982,3,3,1783.982,0.0,0.0,0.0,0.0,178398.2
1775741,IT,TR,FORES,PLAST,0.02,1783.805,4,4,1782.805,0.0,1.0,0.0,0.0,89190.25
1711390,IT,LU,RETA1,RAILW,0.02,1783.767,3,3,1783.767,0.0,0.0,0.0,0.0,89188.35
1802853,IT,WE,FOOD2,NATUR,0.01,1783.754,3,3,1783.754,0.0,0.0,0.0,0.0,178375.4
1687109,IT,HU,TRANS,TEXTI,0.01,1783.736,3,3,1783.736,0.0,0.0,0.0,0.0,178373.6
1775448,IT,CH,FOODW,HEALT,0.01,1783.691,3,3,1783.691,0.0,0.0,0.0,0.0,178369.1
1644801,IT,BE,TEXTI,FISHF,0.01,1783.585,3,3,1783.585,0.0,0.0,0.0,0.0,178358.5
1775059,IT,CH,RENTI,BASIC,0.01,1783.577,3,3,1783.577,0.0,0.0,0.0,0.0,178357.7
1797666,IT,WL,PAPE1,POSTT,0.01,1783.494,3,3,1783.494,0.0,0.0,0.0,0.0,178349.4
1803214,IT,WF,CROPS,RETA1,0.01,1783.42,3,3,1783.42,0.0,0.0,0.0,0.0,178342.0
1717787,IT,NL,PAPE1,BASIC,0.01,1783.241,3,3,1783.241,0.0,0.0,0.0,0.0,178324.1
1774525,IT,CH,LANDT,FOODW,0.01,1783.174,3,3,1783.174,0.0,0.0,0.0,0.0,178317.4
1687582,IT,HU,LANDT,PLAS1,0.01,1782.792,3,3,1782.792,0.0,0.0,0.0,0.0,178279.2
1662927,IT,DK,RETA1,BRICK,0.02,1782.592,3,3,1782.592,0.0,0.0,0.0,0.0,89129.6
1660522,IT,DE,INSUR,SEACO,0.04,1782.455,3,3,1782.455,0.0,0.0,0.0,0.0,44561.375
1770672,IT,AU,INSUR,WOODW,0.04,1782.375,3,3,1782.375,0.0,0.0,0.0,0.0,44559.375
1712839,IT,LV,AUXIL,MACHI,0.03,1782.243,3,3,1782.243,0.0,0.0,0.0,0.0,59408.1
1744293,IT,US,POSTT,TEXT2,0.03,1782.21,3,3,1782.21,0.0,0.0,0.0,0.0,59407.0
1647154,IT,BE,HOTEL,FOOD3,0.01,1781.989,3,3,1781.989,0.0,0.0,0.0,0.0,178198.9
1683972,IT,HR,WHOLE,OFFIC,0.02,1781.939,3,3,1781.939,0.0,0.0,0.0,0.0,89096.95
1764665,IT,MX,RETA1,INSUR,0.02,1781.9,3,3,1781.9,0.0,0.0,0.0,0.0,89095.0
1647909,IT,BE,REALE,BLAST,0.08,1781.815,3,3,1781.815,0.0,0.0,0.0,0.0,22272.6875
1670022,IT,ES,OILHA,SUPPO,0.01,1781.77,3,3,1781.77,0.0,0.0,0.0,0.0,178177.0
1736464,IT,SK,LANDT,WASTE,0.01,1781.691,3,3,1781.691,0.0,0.0,0.0,0.0,178169.1
1672510,IT,FI,PRIVA,RESEA,0.4,1781.658,3,3,1781.658,0.0,0.0,0.0,0.0,4454.145
1744222,IT,US,POSTT,GLASS,0.03,1781.617,3,3,1781.617,0.0,0.0,0.0,0.0,59387.233333
1752180,IT,CN,PUBLI,KEROS,0.03,1781.529,3,3,1781.529,0.0,0.0,0.0,0.0,59384.3
1763359,IT,MX,PRINT,LIQUE,0.02,1781.464,3,3,1781.464,0.0,0.0,0.0,0.0,89073.2
1748261,IT,JP,MEMBE,BEVER,0.02,1781.448,3,3,1781.448,0.0,0.0,0.0,0.0,89072.4
1690234,IT,IE,BUSIN,SEWAG,0.02,1781.204,3,3,1781.204,0.0,0.0,0.0,0.0,89060.2
1802692,IT,WE,COMPU,NATUR,0.02,1781.084,3,3,1781.084,0.0,0.0,0.0,0.0,89054.2
1724772,IT,PT,RENTI,FURNI,0.01,1781.033,3,3,1781.033,0.0,0.0,0.0,0.0,178103.3
1748157,IT,JP,FOODW,TOBAC,0.01,1781.005,3,3,1781.005,0.0,0.0,0.0,0.0,178100.5
1652834,IT,CZ,PRINT,STEAM,0.02,1781.003,3,3,1781.003,0.0,0.0,0.0,0.0,89050.15
1765478,IT,RU,WEARI,MEATC,0.01,1780.989,3,3,1780.989,0.0,0.0,0.0,0.0,178098.9
1652598,IT,CZ,LEATH,EDUCA,0.01,1780.825,3,3,1780.825,0.0,0.0,0.0,0.0,178082.5
1688016,IT,HU,RENTI,PAPE1,0.01,1780.665,3,3,1780.665,0.0,0.0,0.0,0.0,178066.5
1716707,IT,NL,WHOLE,INLAN,0.02,1780.66,3,3,1780.66,0.0,0.0,0.0,0.0,89033.0
1677413,IT,FR,INSUR,ELEC4,0.04,1780.612,3,3,1780.612,0.0,0.0,0.0,0.0,44515.3
1673480,IT,FR,WEARI,PLAS2,0.01,1780.604,3,3,1780.604,0.0,0.0,0.0,0.0,178060.4
1770761,IT,AU,RENTI,FURNI,0.01,1780.59,3,3,1780.59,0.0,0.0,0.0,0.0,178059.0
1678364,IT,FR,FOOD4,FOOD1,0.01,1780.586,3,3,1780.586,0.0,0.0,0.0,0.0,178058.6
1734287,IT,SI,BUSIN,MEATP,0.02,1780.555,3,3,1780.555,0.0,0.0,0.0,0.0,89027.75
1688018,IT,HU,RENTI,OILHA,0.01,1780.058,3,3,1780.058,0.0,0.0,0.0,0.0,178005.8
1648978,IT,BG,LEATH,MACHI,0.01,1780.048,3,3,1780.048,0.0,0.0,0.0,0.0,178004.8
1687939,IT,HU,RENTI,STONE,0.01,1780.005,3,3,1780.005,0.0,0.0,0.0,0.0,178000.5
1797338,IT,WL,REALE,CHARC,0.08,1779.941,3,3,1779.941,0.0,0.0,0.0,0.0,22249.2625
1655443,IT,DE,FORES,OFFIC,0.02,1779.898,4,4,1778.898,0.0,1.0,0.0,0.0,88994.9
1762467,IT,IN,FINAN,TRANS,0.02,1779.841,3,3,1779.841,0.0,0.0,0.0,0.0,88992.05
1778756,IT,TR,LANDT,ALUMI,0.01,1779.636,3,3,1779.636,0.0,0.0,0.0,0.0,177963.6
1724080,IT,PT,WHOLE,SALEM,0.02,1779.633,3,3,1779.633,0.0,0.0,0.0,0.0,88981.65
1781687,IT,NO,LEATH,FOOD4,0.01,1779.586,3,3,1779.586,0.0,0.0,0.0,0.0,177958.6
1725464,IT,RO,WEARI,LIQUE,0.01,1779.508,3,3,1779.508,0.0,0.0,0.0,0.0,177950.8
1751864,IT,CN,RENTI,93197,0.01,1779.472,3,3,1779.472,0.0,0.0,0.0,0.0,177947.2
1765088,IT,MX,AUXIL,CONST,0.03,1779.439,3,3,1779.439,0.0,0.0,0.0,0.0,59314.633333
1743738,IT,US,LANDT,MEAT4,0.01,1779.152,3,3,1779.152,0.0,0.0,0.0,0.0,177915.2
1726771,IT,RO,SALEM,WASTE,0.01,1778.923,3,3,1778.923,0.0,0.0,0.0,0.0,177892.3
1650387,IT,BG,ELEC4,BKBPE,0.03,1778.614,3,3,1778.614,0.0,0.0,0.0,0.0,59287.133333
1647230,IT,BE,LANDT,PFERT,0.01,1778.48,3,3,1778.48,0.0,0.0,0.0,0.0,177848.0
1751751,IT,CN,INSUR,MEMBE,0.04,1778.389,3,3,1778.389,0.0,0.0,0.0,0.0,44459.725
1792772,IT,WA,BUSIN,SEACO,0.02,1778.335,3,3,1778.335,0.0,0.0,0.0,0.0,88916.75
1759222,IT,BR,SUPPO,MEMBE,0.01,1778.289,3,3,1778.289,0.0,0.0,0.0,0.0,177828.9
1767832,IT,RU,AUXIL,PAPER,0.03,1778.284,3,3,1778.284,0.0,0.0,0.0,0.0,59276.133333
1774010,IT,CH,RETAI,TOBAC,0.01,1778.24,3,3,1778.24,0.0,0.0,0.0,0.0,177824.0
1680887,IT,GR,LANDT,NONME,0.01,1778.184,3,3,1778.184,0.0,0.0,0.0,0.0,177818.4
1647772,IT,BE,AUXIL,RAWMI,0.03,1778.12,3,3,1778.12,0.0,0.0,0.0,0.0,59270.666667
1806891,IT,WF,HOTEL,ELEC4,0.01,1777.802,3,3,1777.802,0.0,0.0,0.0,0.0,177780.2
1712006,IT,LV,FORES,SEACO,0.02,1777.742,4,4,1776.742,0.0,1.0,0.0,0.0,88887.1
1716554,IT,NL,TRANS,SUPPO,0.01,1777.529,3,3,1777.529,0.0,0.0,0.0,0.0,177752.9
1793121,IT,WA,RECRE,MOTOR,0.02,1777.517,3,3,1777.517,0.0,0.0,0.0,0.0,88875.85
1725450,IT,RO,WEARI,MEATA,0.01,1777.459,3,3,1777.459,0.0,0.0,0.0,0.0,177745.9
1756615,IT,KR,RAILW,TRANS,0.01,1777.454,3,3,1777.454,0.0,0.0,0.0,0.0,177745.4
1759838,IT,BR,FOODW,MOTOR,0.01,1777.348,3,3,1777.348,0.0,0.0,0.0,0.0,177734.8
1785150,IT,ZA,PROCE,WASTE,0.01,1777.214,3,3,1777.214,0.0,0.0,0.0,0.0,177721.4
1659339,IT,DE,RETAI,CONST,0.01,1777.116,3,3,1777.116,0.0,0.0,0.0,0.0,177711.6
1740170,IT,GB,BUSIN,CEREA,0.02,1777.101,3,3,1777.101,0.0,0.0,0.0,0.0,88855.05
1650790,IT,BG,RAILW,PUBLI,0.01,1777.091,3,3,1777.091,0.0,0.0,0.0,0.0,177709.1
1779471,IT,TR,RENTI,TEXTI,0.01,1776.969,3,3,1776.969,0.0,0.0,0.0,0.0,177696.9
1754309,IT,CA,INSUR,MEATP,0.04,1776.726,3,3,1776.726,0.0,0.0,0.0,0.0,44418.15
1734918,IT,SK,PRINT,AUXIL,0.02,1776.698,3,3,1776.698,0.0,0.0,0.0,0.0,88834.9
1748192,IT,JP,PAPE1,TOBAC,0.01,1776.656,3,3,1776.656,0.0,0.0,0.0,0.0,177665.6
1764426,IT,MX,TRANS,BUSIN,0.01,1776.409,3,3,1776.409,0.0,0.0,0.0,0.0,177640.9
1792349,IT,WA,FINAN,ELEC1,0.02,1776.357,3,3,1776.357,0.0,0.0,0.0,0.0,88817.85
1752626,IT,CA,TEXTI,PREC1,0.01,1776.247,3,3,1776.247,0.0,0.0,0.0,0.0,177624.7
1744592,IT,US,RENTI,MEAT4,0.01,1776.205,3,3,1776.205,0.0,0.0,0.0,0.0,177620.5
1727634,IT,RO,RENTI,LEATH,0.01,1775.955,3,3,1775.955,0.0,0.0,0.0,0.0,177595.5
1711840,IT,LU,PAPE1,LEAD1,0.01,1775.944,3,3,1775.944,0.0,0.0,0.0,0.0,177594.4
1793163,IT,WA,93197,MOTOR,0.01,1775.925,3,3,1775.925,0.0,0.0,0.0,0.0,177592.5
1661088,IT,DE,PUBLI,LANDT,0.03,1775.827,3,3,1775.827,0.0,0.0,0.0,0.0,59194.233333
1783061,IT,NO,INSUR,RUBBE,0.04,1775.824,3,3,1775.824,0.0,0.0,0.0,0.0,44395.6
1748237,IT,JP,WOOD1,POULT,0.01,1775.8,3,3,1775.8,0.0,0.0,0.0,0.0,177580.0
1807494,IT,WF,RENTI,PIGS9,0.01,1775.71,3,3,1775.71,0.0,0.0,0.0,0.0,177571.0
1778492,IT,TR,RETA1,CEREA,0.02,1775.655,3,3,1775.655,0.0,0.0,0.0,0.0,88782.75
1734749,IT,SK,LEATH,WASTE,0.01,1775.613,3,3,1775.613,0.0,0.0,0.0,0.0,177561.3
1796718,IT,WL,RAILW,MEMBE,0.01,1775.594,3,3,1775.594,0.0,0.0,0.0,0.0,177559.4
1722858,IT,PT,PRINT,NONME,0.02,1775.564,3,3,1775.564,0.0,0.0,0.0,0.0,88778.2
1660491,IT,DE,INSUR,COPP1,0.04,1775.553,3,3,1775.553,0.0,0.0,0.0,0.0,44388.825
1648033,IT,BE,COMPU,FOUND,0.02,1775.305,3,3,1775.305,0.0,0.0,0.0,0.0,88765.25
1801973,IT,WE,RETAI,COMPU,0.01,1775.277,3,3,1775.277,0.0,0.0,0.0,0.0,177527.7
1762344,IT,IN,SUPPO,ELEC2,0.01,1775.182,3,3,1775.182,0.0,0.0,0.0,0.0,177518.2
1728365,IT,SE,TEXTI,ALUM1,0.01,1775.128,3,3,1775.128,0.0,0.0,0.0,0.0,177512.8
1712106,IT,LV,TEXTI,CHARC,0.01,1775.029,3,3,1775.029,0.0,0.0,0.0,0.0,177502.9
1736028,IT,SK,TRANS,93197,0.01,1774.845,3,3,1774.845,0.0,0.0,0.0,0.0,177484.5
1726787,IT,RO,RETAI,FOOD3,0.01,1774.781,3,3,1774.781,0.0,0.0,0.0,0.0,177478.1
1794209,IT,WL,PRINT,ELEC2,0.02,1774.667,3,3,1774.667,0.0,0.0,0.0,0.0,88733.35
1678941,IT,GR,TEXTI,RAILW,0.01,1774.612,3,3,1774.612,0.0,0.0,0.0,0.0,177461.2
1739920,IT,GB,FINAN,TEXT2,0.02,1774.608,3,3,1774.608,0.0,0.0,0.0,0.0,88730.4
1668460,IT,ES,RETA1,FOOD1,0.02,1774.602,3,3,1774.602,0.0,0.0,0.0,0.0,88730.1
1648906,IT,BG,TEXTI,FOOD4,0.01,1774.448,3,3,1774.448,0.0,0.0,0.0,0.0,177444.8
1654412,IT,CZ,WHOLE,CEMEN,0.02,1774.404,3,3,1774.404,0.0,0.0,0.0,0.0,88720.2
1792272,IT,WA,POSTT,ELEC4,0.03,1774.401,3,3,1774.401,0.0,0.0,0.0,0.0,59146.7
1669914,IT,ES,EDUCA,VEGET,0.04,1774.181,3,3,1774.181,0.0,0.0,0.0,0.0,44354.525
1810120,IT,WM,WEARI,CROPS,0.01,1774.132,3,3,1774.132,0.0,0.0,0.0,0.0,177413.2
1740411,IT,GB,FOODW,PAPE4,0.01,1774.09,3,3,1774.09,0.0,0.0,0.0,0.0,177409.0
1776132,IT,TR,LEATH,BIODI,0.01,1773.982,3,3,1773.982,0.0,0.0,0.0,0.0,177398.2
1712876,IT,LV,REALE,PFERT,0.07,1773.947,3,3,1773.947,0.0,0.0,0.0,0.0,25342.1
1648075,IT,BE,COMPU,FOODW,0.02,1773.921,3,3,1773.921,0.0,0.0,0.0,0.0,88696.05
1770767,IT,AU,RENTI,INSUR,0.01,1773.884,3,3,1773.884,0.0,0.0,0.0,0.0,177388.4
1767589,IT,RU,SUPPO,LEATH,0.01,1773.862,3,3,1773.862,0.0,0.0,0.0,0.0,177386.2
1681088,IT,GR,SUPPO,PREC1,0.01,1773.844,3,3,1773.844,0.0,0.0,0.0,0.0,177384.4
1684119,IT,HR,RAILW,RETA1,0.01,1773.787,3,3,1773.787,0.0,0.0,0.0,0.0,177378.7
1747713,IT,JP,FINAN,MOTOR,0.02,1773.574,3,3,1773.574,0.0,0.0,0.0,0.0,88678.7
1654612,IT,CZ,RAILW,RECRE,0.01,1773.538,3,3,1773.538,0.0,0.0,0.0,0.0,177353.8
1754973,IT,KR,TEXTI,RAILW,0.01,1773.485,3,3,1773.485,0.0,0.0,0.0,0.0,177348.5
1770058,IT,AU,RETAI,COLLE,0.01,1773.451,3,3,1773.451,0.0,0.0,0.0,0.0,177345.1
1736562,IT,SK,SUPPO,OXYGE,0.01,1773.302,3,3,1773.302,0.0,0.0,0.0,0.0,177330.2
1796396,IT,WL,WHOLE,CHARC,0.02,1773.113,3,3,1773.113,0.0,0.0,0.0,0.0,88655.65
1739692,IT,GB,SUPPO,HEAVY,0.01,1772.914,3,3,1772.914,0.0,0.0,0.0,0.0,177291.4
1660375,IT,DE,FINAN,LEAD1,0.02,1772.786,3,3,1772.786,0.0,0.0,0.0,0.0,88639.3
1814238,IT,WM,POSTT,BEVER,0.03,1772.744,3,3,1772.744,0.0,0.0,0.0,0.0,59091.466667
1764421,IT,MX,TRANS,CONST,0.01,1772.675,3,3,1772.675,0.0,0.0,0.0,0.0,177267.5
1781048,IT,TW,PUBLI,MEAT1,0.03,1772.583,3,3,1772.583,0.0,0.0,0.0,0.0,59086.1
1753800,IT,CA,SALEM,TRANS,0.01,1772.564,3,3,1772.564,0.0,0.0,0.0,0.0,177256.4
1689322,IT,IE,RETA1,SUGA1,0.02,1772.516,3,3,1772.516,0.0,0.0,0.0,0.0,88625.8
1673821,IT,FR,PRINT,PULP5,0.02,1772.316,3,3,1772.316,0.0,0.0,0.0,0.0,88615.8
1676662,IT,FR,RAILW,PIGS9,0.01,1772.249,3,3,1772.249,0.0,0.0,0.0,0.0,177224.9
1670110,IT,ES,PAPE4,NONF1,0.01,1772.209,3,3,1772.209,0.0,0.0,0.0,0.0,177220.9
1749007,IT,CN,LEATH,PARAF,0.01,1771.98,3,3,1771.98,0.0,0.0,0.0,0.0,177198.0
1753968,IT,CA,LANDT,GLASS,0.01,1771.759,3,3,1771.759,0.0,0.0,0.0,0.0,177175.9
1744911,IT,US,BUSIN,LIQUI,0.02,1771.694,3,3,1771.694,0.0,0.0,0.0,0.0,88584.7
1733999,IT,SI,POSTT,MACHI,0.03,1771.585,3,3,1771.585,0.0,0.0,0.0,0.0,59052.833333
1675979,IT,FR,ELEC4,RESEA,0.03,1771.49,3,3,1771.49,0.0,0.0,0.0,0.0,59049.666667
1678473,IT,FR,RECRE,COLLE,0.02,1771.457,3,3,1771.457,0.0,0.0,0.0,0.0,88572.85
1763200,IT,MX,LEATH,HEALT,0.01,1771.315,3,3,1771.315,0.0,0.0,0.0,0.0,177131.5
1814721,IT,WM,WOOD1,HEALT,0.01,1771.285,3,3,1771.285,0.0,0.0,0.0,0.0,177128.5
1747396,IT,JP,RAILW,NAPHT,0.01,1771.238,3,3,1771.238,0.0,0.0,0.0,0.0,177123.8
1744659,IT,US,COMPU,TOBAC,0.02,1771.194,3,3,1771.194,0.0,0.0,0.0,0.0,88559.7
1747693,IT,JP,POSTT,AIRTR,0.03,1771.021,3,3,1771.021,0.0,0.0,0.0,0.0,59034.033333
1791350,IT,WA,SALEM,FABRI,0.01,1770.975,3,3,1770.975,0.0,0.0,0.0,0.0,177097.5
1725003,IT,PT,INTER,COPP1,0.01,1770.909,3,3,1770.909,0.0,0.0,0.0,0.0,177090.9
1783242,IT,NO,BUSIN,INTER,0.02,1770.894,3,3,1770.894,0.0,0.0,0.0,0.0,88544.7
1787139,IT,ZA,PUBLI,FORES,0.03,1770.664,3,3,1770.664,0.0,0.0,0.0,0.0,59022.133333
1716638,IT,NL,RETAI,PLAST,0.01,1770.635,3,3,1770.635,0.0,0.0,0.0,0.0,177063.5
1678897,IT,GR,TEXTI,SUGA1,0.01,1770.635,3,3,1770.635,0.0,0.0,0.0,0.0,177063.5
1721488,IT,PL,SUPPO,COPPE,0.01,1770.54,3,3,1770.54,0.0,0.0,0.0,0.0,177054.0
1802782,IT,WE,BUSIN,OFFIC,0.02,1770.332,3,3,1770.332,0.0,0.0,0.0,0.0,88516.6
1713966,IT,MT,RETAI,BUSIN,0.01,1770.234,3,3,1770.234,0.0,0.0,0.0,0.0,177023.4
1749365,IT,CN,PRINT,SEACO,0.02,1769.861,3,3,1769.861,0.0,0.0,0.0,0.0,88493.05
1770162,IT,AU,RETA1,OFFIC,0.02,1769.611,3,3,1769.611,0.0,0.0,0.0,0.0,88480.55
1760034,IT,BR,WOOD1,PRINT,0.01,1769.426,3,3,1769.426,0.0,0.0,0.0,0.0,176942.6
1654831,IT,CZ,SUPPO,FOOD4,0.01,1769.418,3,3,1769.418,0.0,0.0,0.0,0.0,176941.8
1762643,IT,IN,COMPU,ELEC5,0.02,1769.245,3,3,1769.245,0.0,0.0,0.0,0.0,88462.25
1687134,IT,HU,TRANS,HEALT,0.01,1769.245,3,3,1769.245,0.0,0.0,0.0,0.0,176924.5
1670236,IT,ES,93197,SUPPO,0.01,1769.032,3,3,1769.032,0.0,0.0,0.0,0.0,176903.2
1791829,IT,WA,LANDT,BRICK,0.01,1768.981,3,3,1768.981,0.0,0.0,0.0,0.0,176898.1
1774964,IT,CH,AUXIL,PAPER,0.03,1768.877,3,3,1768.877,0.0,0.0,0.0,0.0,58962.566667
1650715,IT,BG,HOTEL,MOTOR,0.01,1768.824,3,3,1768.824,0.0,0.0,0.0,0.0,176882.4
1778278,IT,TR,SALEM,DAIRY,0.01,1768.609,3,3,1768.609,0.0,0.0,0.0,0.0,176860.9
1721199,IT,PL,LANDT,FISHF,0.01,1768.588,3,3,1768.588,0.0,0.0,0.0,0.0,176858.8
1814196,IT,WM,SUPPO,FABRI,0.01,1768.529,3,3,1768.529,0.0,0.0,0.0,0.0,176852.9
1764423,IT,MX,TRANS,SEACO,0.01,1768.473,3,3,1768.473,0.0,0.0,0.0,0.0,176847.3
1678284,IT,FR,FOOD2,FOOD1,0.01,1768.425,3,3,1768.425,0.0,0.0,0.0,0.0,176842.5
1656583,IT,DE,PRINT,LUBRI,0.02,1768.383,3,3,1768.383,0.0,0.0,0.0,0.0,88419.15
1779128,IT,TR,SUPPO,WASTE,0.01,1768.308,3,3,1768.308,0.0,0.0,0.0,0.0,176830.8
1808600,IT,WF,PLAS2,FISHF,0.01,1768.15,3,3,1768.15,0.0,0.0,0.0,0.0,176815.0
1688597,IT,IE,PRINT,FOOD4,0.02,1768.144,3,3,1768.144,0.0,0.0,0.0,0.0,88407.2
1806882,IT,WF,HOTEL,GASDI,0.01,1768.128,3,3,1768.128,0.0,0.0,0.0,0.0,176812.8
1669619,IT,ES,RENTI,ELEC1,0.01,1768.126,3,3,1768.126,0.0,0.0,0.0,0.0,176812.6
1736537,IT,SK,SUPPO,KEROS,0.01,1767.78,3,3,1767.78,0.0,0.0,0.0,0.0,176778.0
1724573,IT,PT,FINAN,PIGS9,0.02,1767.733,3,3,1767.733,0.0,0.0,0.0,0.0,88386.65
1779143,IT,TR,POSTT,FISHF,0.03,1767.664,3,3,1767.664,0.0,0.0,0.0,0.0,58922.133333
1643842,IT,AT,INSUR,WOODW,0.04,1767.659,3,3,1767.659,0.0,0.0,0.0,0.0,44191.475
1770590,IT,AU,POSTT,SECO9,0.03,1767.579,3,3,1767.579,0.0,0.0,0.0,0.0,58919.3
1757068,IT,KR,BUSIN,ELE10,0.02,1767.477,3,3,1767.477,0.0,0.0,0.0,0.0,88373.85
1650392,IT,BG,ELEC4,LEADZ,0.03,1767.463,3,3,1767.463,0.0,0.0,0.0,0.0,58915.433333
1764542,IT,MX,SALEM,FURNI,0.01,1767.445,3,3,1767.445,0.0,0.0,0.0,0.0,176744.5
1736831,IT,SK,BUSIN,ANIMA,0.02,1767.24,3,3,1767.24,0.0,0.0,0.0,0.0,88362.0
1744289,IT,US,POSTT,FOOD4,0.03,1767.075,3,3,1767.075,0.0,0.0,0.0,0.0,58902.5
1771343,IT,CH,PROCE,RAWMI,0.01,1767.062,3,3,1767.062,0.0,0.0,0.0,0.0,176706.2
1758950,IT,BR,RAILW,FURNI,0.01,1767.008,3,3,1767.008,0.0,0.0,0.0,0.0,176700.8
1764786,IT,MX,LANDT,PRINT,0.01,1766.976,3,3,1766.976,0.0,0.0,0.0,0.0,176697.6
1721682,IT,PL,FINAN,NONME,0.02,1766.748,3,3,1766.748,0.0,0.0,0.0,0.0,88337.4
1650787,IT,BG,RAILW,POSTT,0.01,1766.701,3,3,1766.701,0.0,0.0,0.0,0.0,176670.1
1747011,IT,JP,TRANS,COPP1,0.01,1766.677,3,3,1766.677,0.0,0.0,0.0,0.0,176667.7
1712909,IT,LV,REALE,FINAN,0.07,1766.48,3,3,1766.48,0.0,0.0,0.0,0.0,25235.428571
1798032,IT,WL,TEXT2,PFERT,0.01,1766.466,3,3,1766.466,0.0,0.0,0.0,0.0,176646.6
1721632,IT,PL,POSTT,AIRTR,0.03,1766.275,3,3,1766.275,0.0,0.0,0.0,0.0,58875.833333
1808055,IT,WF,TEXT1,PADDY,0.01,1766.108,3,3,1766.108,0.0,0.0,0.0,0.0,176610.8
1669370,IT,ES,INSUR,PADDY,0.04,1766.025,3,3,1766.025,0.0,0.0,0.0,0.0,44150.625
1751850,IT,CN,RENTI,COLLE,0.01,1765.971,3,3,1765.971,0.0,0.0,0.0,0.0,176597.1
1660140,IT,DE,SUPPO,POULT,0.01,1765.866,3,3,1765.866,0.0,0.0,0.0,0.0,176586.6
1756985,IT,KR,COMPU,DISTR,0.02,1765.571,3,3,1765.571,0.0,0.0,0.0,0.0,88278.55
1668486,IT,ES,HOTEL,MEAT1,0.01,1765.492,3,3,1765.492,0.0,0.0,0.0,0.0,176549.2
1770142,IT,AU,RETA1,NATUR,0.02,1765.307,3,3,1765.307,0.0,0.0,0.0,0.0,88265.35
1690313,IT,IE,FOOD2,BEVER,0.01,1765.128,3,3,1765.128,0.0,0.0,0.0,0.0,176512.8
1785299,IT,ZA,WEARI,FOOD3,0.01,1765.07,3,3,1765.07,0.0,0.0,0.0,0.0,176507.0
1663014,IT,DK,HOTEL,PREC1,0.01,1764.848,3,3,1764.848,0.0,0.0,0.0,0.0,176484.8
1741070,IT,US,TEXTI,ELEC5,0.01,1764.675,3,3,1764.675,0.0,0.0,0.0,0.0,176467.5
1767309,IT,RU,HOTEL,TRAN2,0.01,1764.497,3,3,1764.497,0.0,0.0,0.0,0.0,176449.7
1730334,IT,SE,SUPPO,TEXTI,0.01,1764.269,3,3,1764.269,0.0,0.0,0.0,0.0,176426.9
1781391,IT,NO,PROCE,RUBBE,0.01,1764.267,3,3,1764.267,0.0,0.0,0.0,0.0,176426.7
1755112,IT,KR,LEATH,KERO1,0.01,1764.089,3,3,1764.089,0.0,0.0,0.0,0.0,176408.9
1762800,IT,IN,PUBLI,CRUDE,0.03,1764.005,3,3,1764.005,0.0,0.0,0.0,0.0,58800.166667
1779102,IT,TR,SUPPO,SECO9,0.01,1763.844,3,3,1763.844,0.0,0.0,0.0,0.0,176384.4
1778315,IT,TR,SALEM,RETA1,0.01,1763.821,3,3,1763.821,0.0,0.0,0.0,0.0,176382.1
1690426,IT,IE,FOOD4,RAILW,0.01,1763.531,3,3,1763.531,0.0,0.0,0.0,0.0,176353.1
1744979,IT,US,BUSIN,FOOD2,0.02,1763.529,3,3,1763.529,0.0,0.0,0.0,0.0,88176.45
1762522,IT,IN,INSUR,MEDIC,0.04,1763.373,3,3,1763.373,0.0,0.0,0.0,0.0,44084.325
1775550,IT,CH,PAPE4,SUPPO,0.01,1763.364,3,3,1763.364,0.0,0.0,0.0,0.0,176336.4
1778164,IT,TR,TRANS,RECRE,0.01,1763.197,3,3,1763.197,0.0,0.0,0.0,0.0,176319.7
1767428,IT,RU,LANDT,ELEC1,0.01,1763.178,3,3,1763.178,0.0,0.0,0.0,0.0,176317.8
1793296,IT,WA,PRIVA,OFFIC,0.39,1763.022,3,3,1763.022,0.0,0.0,0.0,0.0,4520.569231
1801939,IT,WE,SALEM,DISTR,0.01,1763.016,3,3,1763.016,0.0,0.0,0.0,0.0,176301.6
1717477,IT,NL,AUXIL,RECRE,0.03,1763.002,3,3,1763.002,0.0,0.0,0.0,0.0,58766.733333
1654232,IT,CZ,TRANS,COPP1,0.01,1762.981,3,3,1762.981,0.0,0.0,0.0,0.0,176298.1
1814256,IT,WM,POSTT,CERAM,0.03,1762.877,3,3,1762.877,0.0,0.0,0.0,0.0,58762.566667
1791475,IT,WA,WHOLE,TRAN2,0.02,1762.82,3,3,1762.82,0.0,0.0,0.0,0.0,88141.0
1770664,IT,AU,INSUR,OILSE,0.04,1762.63,3,3,1762.63,0.0,0.0,0.0,0.0,44065.75
1756810,IT,KR,SUPPO,PLAST,0.01,1762.617,3,3,1762.617,0.0,0.0,0.0,0.0,176261.7
1663450,IT,DK,REALE,MACHI,0.07,1762.533,3,3,1762.533,0.0,0.0,0.0,0.0,25179.042857
1783836,IT,NO,INERT,WOOD2,0.01,1762.513,3,3,1762.513,0.0,0.0,0.0,0.0,176251.3
1743839,IT,US,LANDT,WOOD2,0.01,1762.455,3,3,1762.455,0.0,0.0,0.0,0.0,176245.5
1736252,IT,SK,HOTEL,WHEAT,0.01,1762.44,3,3,1762.44,0.0,0.0,0.0,0.0,176244.0
1791712,IT,WA,RAILW,SUGAR,0.01,1762.31,3,3,1762.31,0.0,0.0,0.0,0.0,176231.0
1710528,IT,LT,SUPPO,FURNI,0.01,1762.205,3,3,1762.205,0.0,0.0,0.0,0.0,176220.5
1808863,IT,WF,PRIVA,MOTOR,0.39,1761.966,3,3,1761.966,0.0,0.0,0.0,0.0,4517.861538
1669724,IT,ES,BUSIN,CATTL,0.02,1761.834,3,3,1761.834,0.0,0.0,0.0,0.0,88091.7
1783176,IT,NO,COMPU,TRANS,0.02,1761.741,3,3,1761.741,0.0,0.0,0.0,0.0,88087.05
1806601,IT,WF,SALEM,WHEAT,0.01,1761.536,3,3,1761.536,0.0,0.0,0.0,0.0,176153.6
1734222,IT,SI,RENTI,CONST,0.01,1761.191,3,3,1761.191,0.0,0.0,0.0,0.0,176119.1
1798067,IT,WL,RECRE,BIOGA,0.02,1761.182,3,3,1761.182,0.0,0.0,0.0,0.0,88059.1
1675677,IT,FR,TRANS,HOTEL,0.01,1761.062,3,3,1761.062,0.0,0.0,0.0,0.0,176106.2
1663486,IT,DK,RENTI,LEATH,0.01,1760.943,3,3,1760.943,0.0,0.0,0.0,0.0,176094.3
1808140,IT,WF,WOOD1,MEMBE,0.01,1760.94,3,3,1760.94,0.0,0.0,0.0,0.0,176094.0
1774775,IT,CH,POSTT,PROCE,0.03,1760.906,3,3,1760.906,0.0,0.0,0.0,0.0,58696.866667
1797617,IT,WL,FOODW,TRAN1,0.01,1760.82,3,3,1760.82,0.0,0.0,0.0,0.0,176082.0
1780611,IT,TW,INSUR,FOUND,0.04,1760.789,3,3,1760.789,0.0,0.0,0.0,0.0,44019.725
1730395,IT,SE,POSTT,SANDC,0.03,1760.782,3,3,1760.782,0.0,0.0,0.0,0.0,58692.733333
1770534,IT,AU,SUPPO,PROCE,0.01,1760.732,3,3,1760.732,0.0,0.0,0.0,0.0,176073.2
1767960,IT,RU,COMPU,ALUM1,0.02,1760.659,3,3,1760.659,0.0,0.0,0.0,0.0,88032.95
1664757,IT,EE,COMPU,FINAN,0.02,1760.609,3,3,1760.609,0.0,0.0,0.0,0.0,88030.45
1783062,IT,NO,INSUR,GLASS,0.04,1760.423,3,3,1760.423,0.0,0.0,0.0,0.0,44010.575
1661168,IT,DE,93197,PLAST,0.01,1760.173,3,3,1760.173,0.0,0.0,0.0,0.0,176017.3
1744099,IT,US,SUPPO,LUBRI,0.01,1760.084,3,3,1760.084,0.0,0.0,0.0,0.0,176008.4
1773821,IT,CH,ELEC4,LANDT,0.03,1760.077,3,3,1760.077,0.0,0.0,0.0,0.0,58669.233333
1679176,IT,GR,PRINT,BASIC,0.02,1760.012,3,3,1760.012,0.0,0.0,0.0,0.0,88000.6
1650718,IT,BG,HOTEL,HEAVY,0.01,1759.923,3,3,1759.923,0.0,0.0,0.0,0.0,175992.3
1678243,IT,FR,SEWAG,BASIC,0.02,1759.796,3,3,1759.796,0.0,0.0,0.0,0.0,87989.8
1654487,IT,CZ,HOTEL,LIGNI,0.01,1759.779,3,3,1759.779,0.0,0.0,0.0,0.0,175977.9
1749363,IT,CN,PRINT,RAILW,0.02,1759.625,3,3,1759.625,0.0,0.0,0.0,0.0,87981.25
1730882,IT,SE,FOODW,FOOD3,0.01,1759.554,3,3,1759.554,0.0,0.0,0.0,0.0,175955.4
1711889,IT,LU,OILHA,COPP1,0.01,1759.514,3,3,1759.514,0.0,0.0,0.0,0.0,175951.4
1688160,IT,HU,BUSIN,ELEC5,0.02,1759.182,3,3,1759.182,0.0,0.0,0.0,0.0,87959.1
1791627,IT,WA,HOTEL,TOBAC,0.01,1759.16,3,3,1759.16,0.0,0.0,0.0,0.0,175916.0
1720913,IT,PL,SALEM,SEACO,0.01,1759.125,3,3,1759.125,0.0,0.0,0.0,0.0,175912.5
1730909,IT,SE,INTER,MEATP,0.01,1759.037,3,3,1759.037,0.0,0.0,0.0,0.0,175903.7
1664598,IT,EE,HOTEL,MEMBE,0.01,1758.989,3,3,1758.989,0.0,0.0,0.0,0.0,175898.9
1647565,IT,BE,SUPPO,FOOD3,0.01,1758.89,3,3,1758.89,0.0,0.0,0.0,0.0,175889.0
1659677,IT,DE,RAILW,SANDC,0.01,1758.807,3,3,1758.807,0.0,0.0,0.0,0.0,175880.7
1813915,IT,WM,LANDT,RENTI,0.01,1758.631,3,3,1758.631,0.0,0.0,0.0,0.0,175863.1
1720740,IT,PL,TRANS,BIODI,0.01,1758.524,3,3,1758.524,0.0,0.0,0.0,0.0,175852.4
1663463,IT,DK,REALE,POSTT,0.07,1758.505,3,3,1758.505,0.0,0.0,0.0,0.0,25121.5
1647214,IT,BE,LANDT,WEARI,0.01,1758.491,3,3,1758.491,0.0,0.0,0.0,0.0,175849.1
1745031,IT,US,PUBLI,NONSP,0.03,1758.474,3,3,1758.474,0.0,0.0,0.0,0.0,58615.8
1724645,IT,PT,FINAN,PAPE4,0.02,1758.214,3,3,1758.214,0.0,0.0,0.0,0.0,87910.7
1684370,IT,HR,POSTT,BEVER,0.03,1758.194,3,3,1758.194,0.0,0.0,0.0,0.0,58606.466667
1771704,IT,CH,WEARI,FOOD4,0.01,1758.118,3,3,1758.118,0.0,0.0,0.0,0.0,175811.8
1773594,IT,CH,TRANS,TOBAC,0.01,1758.02,3,3,1758.02,0.0,0.0,0.0,0.0,175802.0
1774880,IT,CH,FINAN,MEMBE,0.02,1757.725,3,3,1757.725,0.0,0.0,0.0,0.0,87886.25
1775545,IT,CH,PAPE4,FORES,0.01,1757.562,3,3,1757.562,0.0,0.0,0.0,0.0,175756.2
1643392,IT,AT,LANDT,NATUR,0.01,1757.488,3,3,1757.488,0.0,0.0,0.0,0.0,175748.8
1739261,IT,GB,HOTEL,MEAT1,0.01,1757.483,3,3,1757.483,0.0,0.0,0.0,0.0,175748.3
1778605,IT,TR,HOTEL,NATUR,0.01,1757.439,3,3,1757.439,0.0,0.0,0.0,0.0,175743.9
1762418,IT,IN,POSTT,DIST1,0.03,1757.271,3,3,1757.271,0.0,0.0,0.0,0.0,58575.7
1722225,IT,PL,EDUCA,RETA1,0.04,1757.24,3,3,1757.24,0.0,0.0,0.0,0.0,43931.0
1781160,IT,TW,PAPE4,VEGET,0.01,1757.239,3,3,1757.239,0.0,0.0,0.0,0.0,175723.9
1792828,IT,WA,EDUCA,SUGA1,0.04,1757.195,3,3,1757.195,0.0,0.0,0.0,0.0,43929.875
1743396,IT,US,SALEM,SUPPO,0.01,1757.171,3,3,1757.171,0.0,0.0,0.0,0.0,175717.1
1802567,IT,WE,FINAN,ELEC3,0.02,1756.863,3,3,1756.863,0.0,0.0,0.0,0.0,87843.15
1786623,IT,ZA,RETAI,ELEC1,0.01,1756.792,3,3,1756.792,0.0,0.0,0.0,0.0,175679.2
1670803,IT,FI,PRINT,COMPU,0.02,1756.779,3,3,1756.779,0.0,0.0,0.0,0.0,87838.95
1803916,IT,WF,WEARI,FOUND,0.01,1756.771,3,3,1756.771,0.0,0.0,0.0,0.0,175677.1
1736332,IT,SK,RAILW,NAPHT,0.01,1756.648,3,3,1756.648,0.0,0.0,0.0,0.0,175664.8
1756657,IT,KR,LANDT,REALE,0.01,1756.59,3,3,1756.59,0.0,0.0,0.0,0.0,175659.0
1807754,IT,WF,PUBLI,NAPHT,0.03,1756.565,3,3,1756.565,0.0,0.0,0.0,0.0,58552.166667
1747420,IT,JP,LANDT,PFERT,0.01,1756.506,3,3,1756.506,0.0,0.0,0.0,0.0,175650.6
1791079,IT,WA,TRANS,LUBRI,0.01,1756.401,3,3,1756.401,0.0,0.0,0.0,0.0,175640.1
1752672,IT,CA,WEARI,CEMEN,0.01,1756.381,3,3,1756.381,0.0,0.0,0.0,0.0,175638.1
1711886,IT,LU,WOOD1,FINAN,0.01,1756.238,3,3,1756.238,0.0,0.0,0.0,0.0,175623.8
1783080,IT,NO,INSUR,COLLE,0.04,1756.166,3,3,1756.166,0.0,0.0,0.0,0.0,43904.15
1745729,IT,JP,WEARI,MOTOR,0.01,1756.071,3,3,1756.071,0.0,0.0,0.0,0.0,175607.1
1779127,IT,TR,SUPPO,FOOD3,0.01,1756.061,3,3,1756.061,0.0,0.0,0.0,0.0,175606.1
1774318,IT,CH,HOTEL,NAPHT,0.01,1756.027,3,3,1756.027,0.0,0.0,0.0,0.0,175602.7
1751608,IT,CN,POSTT,TRAN2,0.03,1755.996,3,3,1755.996,0.0,0.0,0.0,0.0,58533.2
1808722,IT,WF,TEXT2,LIQUE,0.01,1755.9,3,3,1755.9,0.0,0.0,0.0,0.0,175590.0
1663445,IT,DK,REALE,PRINT,0.07,1755.881,3,3,1755.881,0.0,0.0,0.0,0.0,25084.014286
1736170,IT,SK,RETAI,WHEAT,0.01,1755.825,3,3,1755.825,0.0,0.0,0.0,0.0,175582.5
1709524,IT,LT,LEATH,SEACO,0.01,1755.812,3,3,1755.812,0.0,0.0,0.0,0.0,175581.2
1709527,IT,LT,LEATH,PUBLI,0.01,1755.802,3,3,1755.802,0.0,0.0,0.0,0.0,175580.2
1689495,IT,IE,RAILW,CHEM1,0.01,1755.64,3,3,1755.64,0.0,0.0,0.0,0.0,175564.0
1712745,IT,LV,LANDT,MEATP,0.01,1755.633,3,3,1755.633,0.0,0.0,0.0,0.0,175563.3
1675945,IT,FR,ELEC4,KEROS,0.03,1755.624,3,3,1755.624,0.0,0.0,0.0,0.0,58520.8
1656208,IT,DE,TEXTI,DISTR,0.01,1755.518,3,3,1755.518,0.0,0.0,0.0,0.0,175551.8
1776096,IT,TR,WEARI,AIRTR,0.01,1755.43,3,3,1755.43,0.0,0.0,0.0,0.0,175543.0
1672297,IT,FI,RENTI,INSUR,0.01,1755.367,3,3,1755.367,0.0,0.0,0.0,0.0,175536.7
1802699,IT,WE,COMPU,RADIO,0.02,1755.265,3,3,1755.265,0.0,0.0,0.0,0.0,87763.25
1652459,IT,CZ,WEARI,MEATA,0.01,1755.246,3,3,1755.246,0.0,0.0,0.0,0.0,175524.6
1660692,IT,DE,RENTI,WEARI,0.01,1754.975,3,3,1754.975,0.0,0.0,0.0,0.0,175497.5
1752603,IT,CA,TEXTI,WOOLS,0.01,1754.939,3,3,1754.939,0.0,0.0,0.0,0.0,175493.9
1808524,IT,WF,PAPE4,FORES,0.01,1754.852,3,3,1754.852,0.0,0.0,0.0,0.0,175485.2
1759325,IT,BR,FINAN,VEGET,0.02,1754.572,3,3,1754.572,0.0,0.0,0.0,0.0,87728.6
1718233,IT,PL,PROCE,TRANS,0.01,1754.533,3,3,1754.533,0.0,0.0,0.0,0.0,175453.3
1736149,IT,SK,SALEM,WHEAT,0.01,1754.491,3,3,1754.491,0.0,0.0,0.0,0.0,175449.1
1713196,IT,MT,WEARI,RENTI,0.01,1754.476,3,3,1754.476,0.0,0.0,0.0,0.0,175447.6
1792170,IT,WA,SUPPO,NONF1,0.01,1754.376,3,3,1754.376,0.0,0.0,0.0,0.0,175437.6
1671977,IT,FI,LANDT,TRAN1,0.01,1754.262,3,3,1754.262,0.0,0.0,0.0,0.0,175426.2
1779124,IT,TR,SUPPO,INTER,0.01,1754.183,3,3,1754.183,0.0,0.0,0.0,0.0,175418.3
1779126,IT,TR,SUPPO,FOOD2,0.01,1754.117,3,3,1754.117,0.0,0.0,0.0,0.0,175411.7
1779129,IT,TR,SUPPO,FOOD4,0.01,1754.109,3,3,1754.109,0.0,0.0,0.0,0.0,175410.9
1678073,IT,FR,FOODW,PRINT,0.01,1754.079,3,3,1754.079,0.0,0.0,0.0,0.0,175407.9
1779130,IT,TR,SUPPO,PAPE4,0.01,1754.06,3,3,1754.06,0.0,0.0,0.0,0.0,175406.0
1779125,IT,TR,SUPPO,OILHA,0.01,1754.012,3,3,1754.012,0.0,0.0,0.0,0.0,175401.2
1716855,IT,NL,HOTEL,LIQUI,0.01,1753.983,3,3,1753.983,0.0,0.0,0.0,0.0,175398.3
1779134,IT,TR,SUPPO,WOOD2,0.01,1753.98,3,3,1753.98,0.0,0.0,0.0,0.0,175398.0
1779131,IT,TR,SUPPO,PLAS2,0.01,1753.98,3,3,1753.98,0.0,0.0,0.0,0.0,175398.0
1762610,IT,IN,AUXIL,MEMBE,0.03,1753.978,3,3,1753.978,0.0,0.0,0.0,0.0,58465.933333
1770576,IT,AU,POSTT,WOODW,0.03,1753.859,3,3,1753.859,0.0,0.0,0.0,0.0,58461.966667
1798295,IT,WE,CROPS,DAIRY,0.01,1753.821,3,3,1753.821,0.0,0.0,0.0,0.0,175382.1
1710520,IT,LT,SUPPO,HEAVY,0.01,1753.798,3,3,1753.798,0.0,0.0,0.0,0.0,175379.8
1712644,IT,LV,TRANS,WHEAT,0.01,1753.736,3,3,1753.736,0.0,0.0,0.0,0.0,175373.6
1677224,IT,FR,POSTT,WOOD1,0.03,1753.712,3,3,1753.712,0.0,0.0,0.0,0.0,58457.066667
1723863,IT,PT,TRANS,HOTEL,0.01,1753.562,3,3,1753.562,0.0,0.0,0.0,0.0,175356.2
1642901,IT,AT,TRANS,NONF1,0.01,1753.493,3,3,1753.493,0.0,0.0,0.0,0.0,175349.3
1748250,IT,JP,OILHA,ELEC4,0.01,1753.416,3,3,1753.416,0.0,0.0,0.0,0.0,175341.6
1724722,IT,PT,AUXIL,MACHI,0.03,1753.368,3,3,1753.368,0.0,0.0,0.0,0.0,58445.6
1781601,IT,NO,WEARI,COLLE,0.01,1753.297,3,3,1753.297,0.0,0.0,0.0,0.0,175329.7
1681453,IT,GR,COMPU,WEARI,0.02,1753.241,3,3,1753.241,0.0,0.0,0.0,0.0,87662.05
1762593,IT,IN,AUXIL,TRAN1,0.03,1753.227,3,3,1753.227,0.0,0.0,0.0,0.0,58440.9
1744330,IT,US,FINAN,COLLE,0.02,1752.884,3,3,1752.884,0.0,0.0,0.0,0.0,87644.2
1774954,IT,CH,INSUR,93197,0.04,1752.845,3,3,1752.845,0.0,0.0,0.0,0.0,43821.125
1717242,IT,NL,POSTT,STONE,0.03,1752.809,3,3,1752.809,0.0,0.0,0.0,0.0,58426.966667
1661159,IT,DE,93197,MEATA,0.01,1752.787,3,3,1752.787,0.0,0.0,0.0,0.0,175278.7
1745158,IT,US,93197,HOTEL,0.01,1752.305,3,3,1752.305,0.0,0.0,0.0,0.0,175230.5
1730754,IT,SE,BUSIN,PROCE,0.02,1752.299,3,3,1752.299,0.0,0.0,0.0,0.0,87614.95
1640213,IT,AT,FORES,BEVER,0.02,1752.295,4,4,1751.295,0.0,1.0,0.0,0.0,87614.75
1783445,IT,NO,TEXT1,FISHF,0.01,1752.119,3,3,1752.119,0.0,0.0,0.0,0.0,175211.9
1660256,IT,DE,POSTT,NONF1,0.03,1752.111,3,3,1752.111,0.0,0.0,0.0,0.0,58403.7
1784786,IT,ID,HOTEL,PRINT,0.01,1752.105,3,3,1752.105,0.0,0.0,0.0,0.0,175210.5
1775283,IT,CH,BUSIN,BRICK,0.02,1752.017,3,3,1752.017,0.0,0.0,0.0,0.0,87600.85
1726789,IT,RO,RETAI,PAPE4,0.01,1751.839,3,3,1751.839,0.0,0.0,0.0,0.0,175183.9
1661697,IT,DK,WEARI,RADIO,0.01,1751.79,3,3,1751.79,0.0,0.0,0.0,0.0,175179.0
1736208,IT,SK,WHOLE,EDUCA,0.02,1751.73,3,3,1751.73,0.0,0.0,0.0,0.0,87586.5
1668634,IT,ES,RAILW,ALUM1,0.01,1751.644,3,3,1751.644,0.0,0.0,0.0,0.0,175164.4
1799289,IT,WE,LEATH,INLAN,0.01,1751.606,3,3,1751.606,0.0,0.0,0.0,0.0,175160.6
1730178,IT,SE,LANDT,NONME,0.01,1751.583,3,3,1751.583,0.0,0.0,0.0,0.0,175158.3
1775514,IT,CH,FOOD2,SUPPO,0.01,1751.476,3,3,1751.476,0.0,0.0,0.0,0.0,175147.6
1668797,IT,ES,LANDT,TEXT1,0.01,1751.384,3,3,1751.384,0.0,0.0,0.0,0.0,175138.4
1676313,IT,FR,RETAI,DAIRY,0.01,1751.174,3,3,1751.174,0.0,0.0,0.0,0.0,175117.4
1720763,IT,PL,TRANS,STEAM,0.01,1750.81,3,3,1750.81,0.0,0.0,0.0,0.0,175081.0
1650195,IT,BG,TRANS,CEMEN,0.01,1750.678,3,3,1750.678,0.0,0.0,0.0,0.0,175067.8
1709463,IT,LT,TEXTI,RETAI,0.01,1750.622,3,3,1750.622,0.0,0.0,0.0,0.0,175062.2
1808164,IT,WF,OILHA,MEATP,0.01,1750.551,3,3,1750.551,0.0,0.0,0.0,0.0,175055.1
1651924,IT,CY,BUSIN,PIGS9,0.02,1750.516,3,3,1750.516,0.0,0.0,0.0,0.0,87525.8
1806677,IT,WF,WHOLE,BITUM,0.02,1750.406,3,3,1750.406,0.0,0.0,0.0,0.0,87520.3
1660246,IT,DE,POSTT,LIQUI,0.03,1750.378,3,3,1750.378,0.0,0.0,0.0,0.0,58345.933333
1802007,IT,WE,WHOLE,PULP5,0.02,1750.194,3,3,1750.194,0.0,0.0,0.0,0.0,87509.7
1665368,IT,ES,TEXTI,PROCE,0.01,1750.065,3,3,1750.065,0.0,0.0,0.0,0.0,175006.5
1736150,IT,SK,SALEM,FORES,0.01,1750.015,3,3,1750.015,0.0,0.0,0.0,0.0,175001.5
1747422,IT,JP,LANDT,RUBBE,0.01,1749.917,3,3,1749.917,0.0,0.0,0.0,0.0,174991.7
1643817,IT,AT,FINAN,MACHI,0.02,1749.749,3,3,1749.749,0.0,0.0,0.0,0.0,87487.45
1736544,IT,SK,SUPPO,CEMEN,0.01,1749.672,3,3,1749.672,0.0,0.0,0.0,0.0,174967.2
1792273,IT,WA,POSTT,TRAN1,0.03,1749.381,3,3,1749.381,0.0,0.0,0.0,0.0,58312.7
1644910,IT,BE,LEATH,BIOG1,0.01,1749.184,3,3,1749.184,0.0,0.0,0.0,0.0,174918.4
1793087,IT,WA,TEXT2,VEGE1,0.01,1749.104,3,3,1749.104,0.0,0.0,0.0,0.0,174910.4
1786702,IT,ZA,RETA1,STONE,0.02,1749.029,3,3,1749.029,0.0,0.0,0.0,0.0,87451.45
1774029,IT,CH,RETAI,OFFIC,0.01,1748.993,3,3,1748.993,0.0,0.0,0.0,0.0,174899.3
1793004,IT,WA,FOOD2,PRIVA,0.01,1748.874,3,3,1748.874,0.0,0.0,0.0,0.0,174887.4
1647798,IT,BE,AUXIL,REFI1,0.03,1748.178,3,3,1748.178,0.0,0.0,0.0,0.0,58272.6
1775109,IT,CH,COMPU,CEMEN,0.02,1748.09,3,3,1748.09,0.0,0.0,0.0,0.0,87404.5
1710412,IT,LT,RAILW,OFFIC,0.01,1748.052,3,3,1748.052,0.0,0.0,0.0,0.0,174805.2
1650622,IT,BG,ELE12,RECRE,0.01,1748.051,3,3,1748.051,0.0,0.0,0.0,0.0,174805.1
1689633,IT,IE,SUPPO,FINAN,0.01,1748.04,3,3,1748.04,0.0,0.0,0.0,0.0,174804.0
1814715,IT,WM,WOOD1,CONST,0.01,1747.915,3,3,1747.915,0.0,0.0,0.0,0.0,174791.5
1688258,IT,IE,CROPS,WOOLS,0.01,1747.893,3,3,1747.893,0.0,0.0,0.0,0.0,174789.3
1670082,IT,ES,FOOD4,BEVER,0.01,1747.871,3,3,1747.871,0.0,0.0,0.0,0.0,174787.1
1661295,IT,DK,FORES,RUBBE,0.02,1747.689,4,4,1746.689,0.0,1.0,0.0,0.0,87384.45
1724075,IT,PT,WHOLE,ELEC4,0.02,1747.525,3,3,1747.525,0.0,0.0,0.0,0.0,87376.25
1687232,IT,HU,SALEM,93197,0.01,1747.489,3,3,1747.489,0.0,0.0,0.0,0.0,174748.9
1747744,IT,JP,FINAN,RECRE,0.02,1747.445,3,3,1747.445,0.0,0.0,0.0,0.0,87372.25
1793072,IT,WA,INERT,CATTL,0.01,1747.37,3,3,1747.37,0.0,0.0,0.0,0.0,174737.0
1765167,IT,MX,BUSIN,LEAD1,0.02,1747.313,3,3,1747.313,0.0,0.0,0.0,0.0,87365.65
1813677,IT,WM,RETA1,MEDIC,0.02,1747.101,3,3,1747.101,0.0,0.0,0.0,0.0,87355.05
1733467,IT,SI,SALEM,CONST,0.01,1746.982,3,3,1746.982,0.0,0.0,0.0,0.0,174698.2
1714233,IT,MT,REALE,WHOLE,0.07,1746.624,3,3,1746.624,0.0,0.0,0.0,0.0,24951.771429
1792940,IT,WA,PAPE1,MEAT4,0.01,1746.475,3,3,1746.475,0.0,0.0,0.0,0.0,174647.5
1724236,IT,PT,RAILW,SUPPO,0.01,1746.289,3,3,1746.289,0.0,0.0,0.0,0.0,174628.9
1677899,IT,FR,BUSIN,NONF1,0.02,1746.225,3,3,1746.225,0.0,0.0,0.0,0.0,87311.25
1724724,IT,PT,AUXIL,MOTO1,0.03,1746.187,3,3,1746.187,0.0,0.0,0.0,0.0,58206.233333
1778437,IT,TR,WHOLE,BASIC,0.02,1745.896,3,3,1745.896,0.0,0.0,0.0,0.0,87294.8
1689450,IT,IE,HOTEL,ELEC4,0.01,1745.796,3,3,1745.796,0.0,0.0,0.0,0.0,174579.6
1647590,IT,BE,POSTT,HEAVY,0.03,1745.631,3,3,1745.631,0.0,0.0,0.0,0.0,58187.7
1727962,IT,SE,CROPS,NONME,0.01,1745.591,3,3,1745.591,0.0,0.0,0.0,0.0,174559.1
1759292,IT,BR,POSTT,COLLE,0.03,1745.34,3,3,1745.34,0.0,0.0,0.0,0.0,58178.0
1754992,IT,KR,TEXTI,WOOD1,0.01,1745.17,3,3,1745.17,0.0,0.0,0.0,0.0,174517.0
1717758,IT,NL,PUBLI,HEALT,0.03,1744.969,3,3,1744.969,0.0,0.0,0.0,0.0,58165.633333
1711306,IT,LU,WHOLE,SUGA1,0.02,1744.87,3,3,1744.87,0.0,0.0,0.0,0.0,87243.5
1784096,IT,ID,LEATH,FINAN,0.01,1744.848,3,3,1744.848,0.0,0.0,0.0,0.0,174484.8
1799529,IT,WE,PRINT,FISH5,0.02,1744.844,3,3,1744.844,0.0,0.0,0.0,0.0,87242.2
1684132,IT,HR,LANDT,RAWMI,0.01,1744.583,3,3,1744.583,0.0,0.0,0.0,0.0,174458.3
1647942,IT,BE,RENTI,STONE,0.01,1744.558,3,3,1744.558,0.0,0.0,0.0,0.0,174455.8
1740502,IT,GB,MEMBE,BEVER,0.02,1744.554,3,3,1744.554,0.0,0.0,0.0,0.0,87227.7
1806980,IT,WF,LANDT,HEAVY,0.01,1744.534,3,3,1744.534,0.0,0.0,0.0,0.0,174453.4
1779324,IT,TR,INSUR,GLASS,0.04,1744.507,3,3,1744.507,0.0,0.0,0.0,0.0,43612.675
1747232,IT,JP,SALEM,ELEC2,0.01,1744.505,3,3,1744.505,0.0,0.0,0.0,0.0,174450.5
1689728,IT,IE,FINAN,FABRI,0.02,1744.417,3,3,1744.417,0.0,0.0,0.0,0.0,87220.85
1678012,IT,FR,EDUCA,BEVER,0.04,1744.307,3,3,1744.307,0.0,0.0,0.0,0.0,43607.675
1759871,IT,BR,FOODW,MEMBE,0.01,1744.286,3,3,1744.286,0.0,0.0,0.0,0.0,174428.6
1687432,IT,HU,RAILW,FISH5,0.01,1743.924,3,3,1743.924,0.0,0.0,0.0,0.0,174392.4
1690007,IT,IE,REALE,TRAN2,0.07,1743.914,3,3,1743.914,0.0,0.0,0.0,0.0,24913.057143
1736534,IT,SK,SUPPO,PRINT,0.01,1743.638,3,3,1743.638,0.0,0.0,0.0,0.0,174363.8
1684396,IT,HR,POSTT,REALE,0.03,1743.536,3,3,1743.536,0.0,0.0,0.0,0.0,58117.866667
1726760,IT,RO,SALEM,ELEC3,0.01,1743.491,3,3,1743.491,0.0,0.0,0.0,0.0,174349.1
1752697,IT,CA,LEATH,FOOD5,0.01,1743.282,3,3,1743.282,0.0,0.0,0.0,0.0,174328.2
1740478,IT,GB,PAPE4,FOODW,0.01,1743.168,3,3,1743.168,0.0,0.0,0.0,0.0,174316.8
1648924,IT,BG,WEARI,KEROS,0.01,1743.102,3,3,1743.102,0.0,0.0,0.0,0.0,174310.2
1660135,IT,DE,SUPPO,WHEAT,0.01,1742.984,3,3,1742.984,0.0,0.0,0.0,0.0,174298.4
1664557,IT,EE,WHOLE,SALEM,0.02,1742.949,3,3,1742.949,0.0,0.0,0.0,0.0,87147.45
1802498,IT,WE,POSTT,TEXTI,0.03,1742.935,3,3,1742.935,0.0,0.0,0.0,0.0,58097.833333
1733721,IT,SI,RAILW,FOOD4,0.01,1742.834,3,3,1742.834,0.0,0.0,0.0,0.0,174283.4
1714475,IT,NL,FORES,WASTE,0.02,1742.747,4,4,1741.747,0.0,1.0,0.0,0.0,87137.35
1809674,IT,WM,PROCE,MEATC,0.01,1742.726,3,3,1742.726,0.0,0.0,0.0,0.0,174272.6
1806919,IT,WF,RAILW,COPPE,0.01,1742.692,3,3,1742.692,0.0,0.0,0.0,0.0,174269.2
1745616,IT,JP,TEXTI,RAWMI,0.01,1742.601,3,3,1742.601,0.0,0.0,0.0,0.0,174260.1
1803992,IT,WF,LEATH,DISTR,0.01,1742.49,3,3,1742.49,0.0,0.0,0.0,0.0,174249.0
1780442,IT,TW,SUPPO,RAILW,0.01,1742.469,3,3,1742.469,0.0,0.0,0.0,0.0,174246.9
1730967,IT,SE,TEXT1,COMPU,0.01,1742.432,3,3,1742.432,0.0,0.0,0.0,0.0,174243.2
1765474,IT,RU,WEARI,ANTHR,0.01,1742.209,3,3,1742.209,0.0,0.0,0.0,0.0,174220.9
1799222,IT,WE,LEATH,STONE,0.01,1742.194,3,3,1742.194,0.0,0.0,0.0,0.0,174219.4
1775535,IT,CH,FOOD4,PRINT,0.01,1741.996,3,3,1741.996,0.0,0.0,0.0,0.0,174199.6
1781497,IT,NO,TEXTI,RAWMI,0.01,1741.913,3,3,1741.913,0.0,0.0,0.0,0.0,174191.3
1747000,IT,JP,TRANS,TOBAC,0.01,1741.787,3,3,1741.787,0.0,0.0,0.0,0.0,174178.7
1710380,IT,LT,HOTEL,CEMEN,0.01,1741.762,3,3,1741.762,0.0,0.0,0.0,0.0,174176.2
1644799,IT,BE,TEXTI,RAWMI,0.01,1741.565,3,3,1741.565,0.0,0.0,0.0,0.0,174156.5
1724765,IT,PT,RENTI,MOTOR,0.01,1741.223,3,3,1741.223,0.0,0.0,0.0,0.0,174122.3
1651887,IT,CY,POSTT,REALE,0.03,1741.146,3,3,1741.146,0.0,0.0,0.0,0.0,58038.2
1774225,IT,CH,RETA1,ELECT,0.02,1741.063,3,3,1741.063,0.0,0.0,0.0,0.0,87053.15
1677692,IT,FR,RENTI,CERAM,0.01,1741.016,3,3,1741.016,0.0,0.0,0.0,0.0,174101.6
1797642,IT,WL,PAPE1,TEXTI,0.01,1740.999,3,3,1740.999,0.0,0.0,0.0,0.0,174099.9
1681464,IT,GR,COMPU,ELEC1,0.02,1740.934,3,3,1740.934,0.0,0.0,0.0,0.0,87046.7
1678449,IT,FR,RECRE,FOOD5,0.02,1740.9,3,3,1740.9,0.0,0.0,0.0,0.0,87045.0
1647663,IT,BE,FINAN,TRAN1,0.02,1740.828,3,3,1740.828,0.0,0.0,0.0,0.0,87041.4
1737657,IT,GB,PRINT,TOBAC,0.02,1740.712,3,3,1740.712,0.0,0.0,0.0,0.0,87035.6
1670775,IT,FI,PRINT,BEVER,0.02,1740.652,3,3,1740.652,0.0,0.0,0.0,0.0,87032.6
1681413,IT,GR,RENTI,VEGET,0.01,1740.523,3,3,1740.523,0.0,0.0,0.0,0.0,174052.3
1752714,IT,CA,LEATH,LEAD1,0.01,1740.374,3,3,1740.374,0.0,0.0,0.0,0.0,174037.4
1802052,IT,WE,WHOLE,AUXIL,0.02,1740.274,3,3,1740.274,0.0,0.0,0.0,0.0,87013.7
1676693,IT,FR,RAILW,ALUM1,0.01,1740.16,3,3,1740.16,0.0,0.0,0.0,0.0,174016.0
1711783,IT,LU,PUBLI,FABRI,0.03,1740.159,3,3,1740.159,0.0,0.0,0.0,0.0,58005.3
1711619,IT,LU,REALE,CONST,0.07,1739.999,3,3,1739.999,0.0,0.0,0.0,0.0,24857.128571
1650488,IT,BG,ELEC5,POSTT,0.02,1739.934,3,3,1739.934,0.0,0.0,0.0,0.0,86996.7
1724243,IT,PT,RAILW,HEALT,0.01,1739.844,3,3,1739.844,0.0,0.0,0.0,0.0,173984.4
1775630,IT,CH,93197,FABRI,0.01,1739.729,3,3,1739.729,0.0,0.0,0.0,0.0,173972.9
1680692,IT,GR,WHOLE,RESEA,0.02,1739.508,3,3,1739.508,0.0,0.0,0.0,0.0,86975.4
1670561,IT,FI,TEXTI,ELECT,0.01,1739.374,3,3,1739.374,0.0,0.0,0.0,0.0,173937.4
1760005,IT,BR,INTER,POSTT,0.01,1739.251,3,3,1739.251,0.0,0.0,0.0,0.0,173925.1
1762837,IT,IN,PUBLI,TRAN1,0.03,1739.041,3,3,1739.041,0.0,0.0,0.0,0.0,57968.033333
1713899,IT,MT,ELEC5,WASTE,0.02,1738.642,3,3,1738.642,0.0,0.0,0.0,0.0,86932.1
1724789,IT,PT,COMPU,PAPER,0.02,1738.62,3,3,1738.62,0.0,0.0,0.0,0.0,86931.0
1739381,IT,GB,RAILW,AIRTR,0.01,1738.389,3,3,1738.389,0.0,0.0,0.0,0.0,173838.9
1717002,IT,NL,LANDT,COALT,0.01,1738.2,3,3,1738.2,0.0,0.0,0.0,0.0,173820.0
1747328,IT,JP,RETA1,CROPS,0.02,1738.176,3,3,1738.176,0.0,0.0,0.0,0.0,86908.8
1808671,IT,WF,INERT,FABRI,0.01,1738.119,3,3,1738.119,0.0,0.0,0.0,0.0,173811.9
1762463,IT,IN,FINAN,FABRI,0.02,1738.082,3,3,1738.082,0.0,0.0,0.0,0.0,86904.1
1802027,IT,WE,WHOLE,FOUND,0.02,1737.887,3,3,1737.887,0.0,0.0,0.0,0.0,86894.35
1770540,IT,AU,SUPPO,PFERT,0.01,1737.821,3,3,1737.821,0.0,0.0,0.0,0.0,173782.1
1739156,IT,GB,RETA1,VEGE1,0.02,1737.821,3,3,1737.821,0.0,0.0,0.0,0.0,86891.05
1737432,IT,GB,WEARI,RENTI,0.01,1737.792,3,3,1737.792,0.0,0.0,0.0,0.0,173779.2
1736637,IT,SK,FINAN,RETA1,0.02,1737.786,3,3,1737.786,0.0,0.0,0.0,0.0,86889.3
1722274,IT,PL,93197,RUBBE,0.01,1737.713,3,3,1737.713,0.0,0.0,0.0,0.0,173771.3
1806420,IT,WF,TRANS,CEREA,0.01,1737.451,3,3,1737.451,0.0,0.0,0.0,0.0,173745.1
1802908,IT,WE,PRIVA,BITUM,0.39,1737.44,3,3,1737.44,0.0,0.0,0.0,0.0,4454.974359
1712152,IT,LV,LEATH,WHEAT,0.01,1737.185,3,3,1737.185,0.0,0.0,0.0,0.0,173718.5
1710547,IT,LT,SUPPO,EDUCA,0.01,1737.185,3,3,1737.185,0.0,0.0,0.0,0.0,173718.5
1775544,IT,CH,FOOD4,RECRE,0.01,1737.03,3,3,1737.03,0.0,0.0,0.0,0.0,173703.0
1652462,IT,CZ,WEARI,FISHF,0.01,1737.012,3,3,1737.012,0.0,0.0,0.0,0.0,173701.2
1680631,IT,GR,SALEM,REALE,0.01,1736.988,3,3,1736.988,0.0,0.0,0.0,0.0,173698.8
1716586,IT,NL,SALEM,GASDI,0.01,1736.925,3,3,1736.925,0.0,0.0,0.0,0.0,173692.5
1643095,IT,AT,WHOLE,OFFIC,0.02,1736.73,3,3,1736.73,0.0,0.0,0.0,0.0,86836.5
1814843,IT,WM,MEMBE,LANDT,0.02,1736.593,3,3,1736.593,0.0,0.0,0.0,0.0,86829.65
1677814,IT,FR,COMPU,PAPE1,0.02,1736.584,3,3,1736.584,0.0,0.0,0.0,0.0,86829.2
1797148,IT,WL,POSTT,RADIO,0.03,1736.531,3,3,1736.531,0.0,0.0,0.0,0.0,57884.366667
1647902,IT,BE,REALE,MACHI,0.07,1736.242,3,3,1736.242,0.0,0.0,0.0,0.0,24803.457143
1669077,IT,ES,SUPPO,BIOG1,0.01,1736.176,3,3,1736.176,0.0,0.0,0.0,0.0,173617.6
1713271,IT,MT,PRINT,FOOD5,0.02,1736.163,3,3,1736.163,0.0,0.0,0.0,0.0,86808.15
1802639,IT,WE,RENTI,CEREA,0.01,1735.865,3,3,1735.865,0.0,0.0,0.0,0.0,173586.5
1684672,IT,HR,INERT,93197,0.01,1735.759,3,3,1735.759,0.0,0.0,0.0,0.0,173575.9
1741057,IT,US,TEXTI,PREC1,0.01,1735.463,3,3,1735.463,0.0,0.0,0.0,0.0,173546.3
1739060,IT,GB,RETAI,RAILW,0.01,1735.421,3,3,1735.421,0.0,0.0,0.0,0.0,173542.1
1724699,IT,PT,INSUR,RENTI,0.04,1735.358,3,3,1735.358,0.0,0.0,0.0,0.0,43383.95
1754191,IT,CA,SUPPO,RENTI,0.01,1735.323,3,3,1735.323,0.0,0.0,0.0,0.0,173532.3
1813849,IT,WM,LANDT,MEAT1,0.01,1735.319,3,3,1735.319,0.0,0.0,0.0,0.0,173531.9
1677317,IT,FR,FINAN,INLAN,0.02,1735.224,3,3,1735.224,0.0,0.0,0.0,0.0,86761.2
1722099,IT,PL,BUSIN,NONSP,0.02,1734.916,3,3,1734.916,0.0,0.0,0.0,0.0,86745.8
1779426,IT,TR,REALE,ELECT,0.07,1734.906,3,3,1734.906,0.0,0.0,0.0,0.0,24784.371429
1781398,IT,NO,PROCE,BUSIN,0.01,1734.854,3,3,1734.854,0.0,0.0,0.0,0.0,173485.4
1690079,IT,IE,RENTI,ELEC7,0.01,1734.738,3,3,1734.738,0.0,0.0,0.0,0.0,173473.8
1734611,IT,SK,TEXTI,WHEAT,0.01,1734.702,3,3,1734.702,0.0,0.0,0.0,0.0,173470.2
1651144,IT,BG,BUSIN,PIGS9,0.02,1734.671,3,3,1734.671,0.0,0.0,0.0,0.0,86733.55
1678248,IT,FR,SEWAG,HOTEL,0.02,1734.641,3,3,1734.641,0.0,0.0,0.0,0.0,86732.05
1668677,IT,ES,LANDT,PLANT,0.01,1734.559,3,3,1734.559,0.0,0.0,0.0,0.0,173455.9
1711914,IT,LU,FOOD2,FOOD2,0.01,1734.516,3,3,1734.516,0.0,0.0,0.0,0.0,173451.6
1655203,IT,CZ,BUSIN,INTER,0.02,1734.462,3,3,1734.462,0.0,0.0,0.0,0.0,86723.1
1670396,IT,FI,PROCE,REALE,0.01,1734.407,3,3,1734.407,0.0,0.0,0.0,0.0,173440.7
1668624,IT,ES,RAILW,NUCLE,0.01,1734.403,3,3,1734.403,0.0,0.0,0.0,0.0,173440.3
1763139,IT,MX,LEATH,MEATC,0.01,1734.127,3,3,1734.127,0.0,0.0,0.0,0.0,173412.7
1675935,IT,FR,ELEC4,RAWMI,0.03,1734.102,3,3,1734.102,0.0,0.0,0.0,0.0,57803.4
1717233,IT,NL,SUPPO,HEALT,0.01,1733.91,3,3,1733.91,0.0,0.0,0.0,0.0,173391.0
1652828,IT,CZ,PRINT,SECO9,0.02,1733.902,3,3,1733.902,0.0,0.0,0.0,0.0,86695.1
1759524,IT,BR,RENTI,TEXTI,0.01,1733.667,3,3,1733.667,0.0,0.0,0.0,0.0,173366.7
1643049,IT,AT,SALEM,ELECT,0.01,1733.62,3,3,1733.62,0.0,0.0,0.0,0.0,173362.0
1660701,IT,DE,RENTI,PFERT,0.01,1733.609,3,3,1733.609,0.0,0.0,0.0,0.0,173360.9
1662935,IT,DK,RETA1,OFFIC,0.02,1733.588,3,3,1733.588,0.0,0.0,0.0,0.0,86679.4
1753945,IT,CA,LANDT,PRECI,0.01,1733.535,3,3,1733.535,0.0,0.0,0.0,0.0,173353.5
1793157,IT,WA,93197,SUGA1,0.01,1733.386,3,3,1733.386,0.0,0.0,0.0,0.0,173338.6
1759698,IT,BR,BUSIN,MEATA,0.02,1733.269,3,3,1733.269,0.0,0.0,0.0,0.0,86663.45
1802620,IT,WE,AUXIL,EDUCA,0.03,1733.247,3,3,1733.247,0.0,0.0,0.0,0.0,57774.9
1688289,IT,IE,FORES,BUSIN,0.02,1733.083,4,4,1732.083,0.0,1.0,0.0,0.0,86654.15
1661163,IT,DE,93197,WOODW,0.01,1732.988,3,3,1732.988,0.0,0.0,0.0,0.0,173298.8
1809714,IT,WM,PROCE,MEMBE,0.01,1732.952,3,3,1732.952,0.0,0.0,0.0,0.0,173295.2
1775061,IT,CH,RENTI,ALUM1,0.01,1732.809,3,3,1732.809,0.0,0.0,0.0,0.0,173280.9
1814850,IT,WM,MEMBE,COMPU,0.02,1732.808,3,3,1732.808,0.0,0.0,0.0,0.0,86640.4
1711762,IT,LU,BUSIN,FOOD4,0.02,1732.71,3,3,1732.71,0.0,0.0,0.0,0.0,86635.5
1763122,IT,MX,WEARI,AUXIL,0.01,1732.696,3,3,1732.696,0.0,0.0,0.0,0.0,173269.6
1762562,IT,IN,AUXIL,TEXTI,0.03,1732.585,3,3,1732.585,0.0,0.0,0.0,0.0,57752.833333
1768713,IT,AU,WEARI,MEATA,0.01,1732.489,3,3,1732.489,0.0,0.0,0.0,0.0,173248.9
1660167,IT,DE,SUPPO,BRICK,0.01,1732.1,3,3,1732.1,0.0,0.0,0.0,0.0,173210.0
1783131,IT,NO,AUXIL,PUBLI,0.03,1731.956,3,3,1731.956,0.0,0.0,0.0,0.0,57731.866667
1650205,IT,BG,TRANS,DIST1,0.01,1731.92,3,3,1731.92,0.0,0.0,0.0,0.0,173192.0
1725789,IT,RO,PRINT,INLAN,0.02,1731.779,3,3,1731.779,0.0,0.0,0.0,0.0,86588.95
1807268,IT,WF,POSTT,CEREA,0.03,1731.725,3,3,1731.725,0.0,0.0,0.0,0.0,57724.166667
1647598,IT,BE,POSTT,FABRI,0.03,1731.569,3,3,1731.569,0.0,0.0,0.0,0.0,57718.966667
1792266,IT,WA,POSTT,MEDIC,0.03,1731.501,3,3,1731.501,0.0,0.0,0.0,0.0,57716.7
1787799,IT,WA,PROCE,FORES,0.01,1731.484,3,3,1731.484,0.0,0.0,0.0,0.0,173148.4
1689966,IT,IE,REALE,MOTOR,0.07,1731.437,3,3,1731.437,0.0,0.0,0.0,0.0,24734.814286
1753935,IT,CA,LANDT,VEGET,0.01,1731.407,3,3,1731.407,0.0,0.0,0.0,0.0,173140.7
1763347,IT,MX,PRINT,FISH5,0.02,1731.296,3,3,1731.296,0.0,0.0,0.0,0.0,86564.8
1730078,IT,SE,RETA1,GLASS,0.02,1731.29,3,3,1731.29,0.0,0.0,0.0,0.0,86564.5
1759835,IT,BR,FOODW,WOODW,0.01,1731.187,3,3,1731.187,0.0,0.0,0.0,0.0,173118.7
1683934,IT,HR,SALEM,RUBBE,0.01,1731.186,3,3,1731.186,0.0,0.0,0.0,0.0,173118.6
1814806,IT,WM,PLAS2,CRUDE,0.01,1731.08,3,3,1731.08,0.0,0.0,0.0,0.0,173108.0
1659633,IT,DE,HOTEL,BIOG1,0.01,1730.873,3,3,1730.873,0.0,0.0,0.0,0.0,173087.3
1807861,IT,WF,PAPE1,LIQUE,0.01,1730.869,3,3,1730.869,0.0,0.0,0.0,0.0,173086.9
1797990,IT,WL,PAPE4,BUSIN,0.01,1730.692,3,3,1730.692,0.0,0.0,0.0,0.0,173069.2
1740491,IT,GB,INERT,CONST,0.01,1730.638,3,3,1730.638,0.0,0.0,0.0,0.0,173063.8
1717794,IT,NL,INTER,NONF1,0.01,1730.547,3,3,1730.547,0.0,0.0,0.0,0.0,173054.7
1810176,IT,WM,WEARI,RAILW,0.01,1730.508,3,3,1730.508,0.0,0.0,0.0,0.0,173050.8
1762332,IT,IN,SUPPO,CHEM1,0.01,1730.456,3,3,1730.456,0.0,0.0,0.0,0.0,173045.6
1759422,IT,BR,INSUR,ELEC4,0.04,1730.291,3,3,1730.291,0.0,0.0,0.0,0.0,43257.275
1687592,IT,HU,LANDT,TEXT2,0.01,1730.226,3,3,1730.226,0.0,0.0,0.0,0.0,173022.6
1770546,IT,AU,SUPPO,MACHI,0.01,1730.216,3,3,1730.216,0.0,0.0,0.0,0.0,173021.6
1759253,IT,BR,POSTT,HEAVY,0.03,1730.2,3,3,1730.2,0.0,0.0,0.0,0.0,57673.333333
1644848,IT,BE,WEARI,TOBAC,0.01,1730.148,3,3,1730.148,0.0,0.0,0.0,0.0,173014.8
1754625,IT,KR,FORES,RETA1,0.02,1730.067,4,4,1729.067,0.0,1.0,0.0,0.0,86503.35
1717268,IT,NL,POSTT,DISTR,0.03,1729.948,3,3,1729.948,0.0,0.0,0.0,0.0,57664.933333
1652592,IT,CZ,LEATH,SUPPO,0.01,1729.689,3,3,1729.689,0.0,0.0,0.0,0.0,172968.9
1654651,IT,CZ,LANDT,NONSP,0.01,1729.681,3,3,1729.681,0.0,0.0,0.0,0.0,172968.1
1684008,IT,HR,RETA1,HOTEL,0.02,1729.661,3,3,1729.661,0.0,0.0,0.0,0.0,86483.05
1716848,IT,NL,HOTEL,NAPHT,0.01,1729.624,3,3,1729.624,0.0,0.0,0.0,0.0,172962.4
1690445,IT,IE,FOOD4,INERT,0.01,1729.564,3,3,1729.564,0.0,0.0,0.0,0.0,172956.4
1797927,IT,WL,FOOD4,PLAST,0.01,1729.508,3,3,1729.508,0.0,0.0,0.0,0.0,172950.8
1726774,IT,RO,SALEM,INERT,0.01,1729.45,3,3,1729.45,0.0,0.0,0.0,0.0,172945.0
1654915,IT,CZ,INSUR,LEATH,0.04,1729.399,3,3,1729.399,0.0,0.0,0.0,0.0,43234.975
1797195,IT,WL,FINAN,RAWMI,0.02,1729.27,3,3,1729.27,0.0,0.0,0.0,0.0,86463.5
1762611,IT,IN,AUXIL,RECRE,0.03,1729.172,3,3,1729.172,0.0,0.0,0.0,0.0,57639.066667
1764546,IT,MX,SALEM,RETA1,0.01,1729.031,3,3,1729.031,0.0,0.0,0.0,0.0,172903.1
1807679,IT,WF,BUSIN,MEAT1,0.02,1728.926,3,3,1728.926,0.0,0.0,0.0,0.0,86446.3
1807820,IT,WF,FOODW,AUXIL,0.01,1728.861,3,3,1728.861,0.0,0.0,0.0,0.0,172886.1
1783839,IT,NO,TEXT2,WOODW,0.01,1728.819,3,3,1728.819,0.0,0.0,0.0,0.0,172881.9
1652545,IT,CZ,WEARI,TEXT2,0.01,1728.793,3,3,1728.793,0.0,0.0,0.0,0.0,172879.3
1793064,IT,WA,PLAS2,PIGS9,0.01,1728.719,3,3,1728.719,0.0,0.0,0.0,0.0,172871.9
1754300,IT,CA,INSUR,RAWMI,0.04,1728.654,3,3,1728.654,0.0,0.0,0.0,0.0,43216.35
1783748,IT,NO,PAPE4,PFERT,0.01,1728.619,3,3,1728.619,0.0,0.0,0.0,0.0,172861.9
1785244,IT,ZA,TEXTI,WHITE,0.01,1728.492,3,3,1728.492,0.0,0.0,0.0,0.0,172849.2
1740504,IT,GB,MEMBE,CHEM1,0.02,1728.413,3,3,1728.413,0.0,0.0,0.0,0.0,86420.65
1792187,IT,WA,SUPPO,TRAN2,0.01,1728.371,3,3,1728.371,0.0,0.0,0.0,0.0,172837.1
1757036,IT,KR,BUSIN,NFERT,0.02,1728.366,3,3,1728.366,0.0,0.0,0.0,0.0,86418.3
1748429,IT,CN,FORES,WHOLE,0.02,1728.139,4,4,1727.139,0.0,1.0,0.0,0.0,86406.95
1663889,IT,EE,WEARI,COMPU,0.01,1728.032,3,3,1728.032,0.0,0.0,0.0,0.0,172803.2
1678241,IT,FR,SEWAG,FOOD5,0.02,1727.983,3,3,1727.983,0.0,0.0,0.0,0.0,86399.15
1786628,IT,ZA,RETAI,BUSIN,0.01,1727.56,3,3,1727.56,0.0,0.0,0.0,0.0,172756.0
1768639,IT,AU,TEXTI,SUGAR,0.01,1727.467,3,3,1727.467,0.0,0.0,0.0,0.0,172746.7
1655387,IT,DE,CROPS,CHEM1,0.01,1727.467,3,3,1727.467,0.0,0.0,0.0,0.0,172746.7
1806874,IT,WF,HOTEL,NICKE,0.01,1727.39,3,3,1727.39,0.0,0.0,0.0,0.0,172739.0
1771524,IT,CH,TEXTI,SUGAR,0.01,1727.227,3,3,1727.227,0.0,0.0,0.0,0.0,172722.7
1648837,IT,BG,TEXTI,LEADZ,0.01,1726.979,3,3,1726.979,0.0,0.0,0.0,0.0,172697.9
1668222,IT,ES,RETAI,NONF1,0.01,1726.929,3,3,1726.929,0.0,0.0,0.0,0.0,172692.9
1814792,IT,WM,PAPE4,WHOLE,0.01,1726.832,3,3,1726.832,0.0,0.0,0.0,0.0,172683.2
1671976,IT,FI,LANDT,ELEC4,0.01,1726.656,3,3,1726.656,0.0,0.0,0.0,0.0,172665.6
1650456,IT,BG,ELEC5,BEVER,0.02,1726.63,3,3,1726.63,0.0,0.0,0.0,0.0,86331.5
1773813,IT,CH,ELEC4,MACHI,0.03,1726.539,3,3,1726.539,0.0,0.0,0.0,0.0,57551.3
1745842,IT,JP,LEATH,MOTOR,0.01,1726.491,3,3,1726.491,0.0,0.0,0.0,0.0,172649.1
1724603,IT,PT,FINAN,BASIC,0.02,1726.332,3,3,1726.332,0.0,0.0,0.0,0.0,86316.6
1784053,IT,ID,TEXTI,COMPU,0.01,1726.275,3,3,1726.275,0.0,0.0,0.0,0.0,172627.5
1760184,IT,BR,FOOD4,POSTT,0.01,1726.173,3,3,1726.173,0.0,0.0,0.0,0.0,172617.3
1712680,IT,LV,HOTEL,CEREA,0.01,1726.005,3,3,1726.005,0.0,0.0,0.0,0.0,172600.5
1794153,IT,WL,PRINT,ANIMA,0.02,1725.968,3,3,1725.968,0.0,0.0,0.0,0.0,86298.4
1720952,IT,PL,WHOLE,WOODW,0.01,1725.94,3,3,1725.94,0.0,0.0,0.0,0.0,172594.0
1743521,IT,US,RETA1,SUPPO,0.02,1725.856,3,3,1725.856,0.0,0.0,0.0,0.0,86292.8
1678194,IT,FR,WOOD1,BASIC,0.01,1725.77,3,3,1725.77,0.0,0.0,0.0,0.0,172577.0
1782829,IT,NO,HOTEL,OILHA,0.01,1725.628,3,3,1725.628,0.0,0.0,0.0,0.0,172562.8
1740493,IT,GB,INERT,BUSIN,0.01,1725.616,3,3,1725.616,0.0,0.0,0.0,0.0,172561.6
1684664,IT,HR,INERT,EDUCA,0.01,1725.566,3,3,1725.566,0.0,0.0,0.0,0.0,172556.6
1748851,IT,CN,TEXTI,RECRE,0.01,1725.512,3,3,1725.512,0.0,0.0,0.0,0.0,172551.2
1814374,IT,WM,AUXIL,NATU1,0.03,1725.497,3,3,1725.497,0.0,0.0,0.0,0.0,57516.566667
1807528,IT,WF,RENTI,ELECT,0.01,1725.484,3,3,1725.484,0.0,0.0,0.0,0.0,172548.4
1754592,IT,KR,CROPS,FURNI,0.01,1725.336,3,3,1725.336,0.0,0.0,0.0,0.0,172533.6
1759461,IT,BR,AUXIL,PFERT,0.03,1725.308,3,3,1725.308,0.0,0.0,0.0,0.0,57510.266667
1687231,IT,HU,SALEM,PAPE4,0.01,1724.846,3,3,1724.846,0.0,0.0,0.0,0.0,172484.6
1728330,IT,SE,TEXTI,PIGS9,0.01,1724.835,3,3,1724.835,0.0,0.0,0.0,0.0,172483.5
1753913,IT,CA,RAILW,FURNI,0.01,1724.816,3,3,1724.816,0.0,0.0,0.0,0.0,172481.6
1663356,IT,DK,SUPPO,HOTEL,0.01,1724.734,3,3,1724.734,0.0,0.0,0.0,0.0,172473.4
1665858,IT,ES,PRINT,ELEC8,0.02,1724.723,3,3,1724.723,0.0,0.0,0.0,0.0,86236.15
1781610,IT,NO,WEARI,SUPPO,0.01,1724.645,3,3,1724.645,0.0,0.0,0.0,0.0,172464.5
1721589,IT,PL,POSTT,LEATH,0.03,1724.566,3,3,1724.566,0.0,0.0,0.0,0.0,57485.533333
1751575,IT,CN,POSTT,PREC1,0.03,1724.561,3,3,1724.561,0.0,0.0,0.0,0.0,57485.366667
1709303,IT,LT,FORES,FORES,0.02,1724.322,4,4,1723.322,0.0,1.0,0.0,0.0,86216.1
1720942,IT,PL,WHOLE,MEATC,0.01,1724.205,3,3,1724.205,0.0,0.0,0.0,0.0,172420.5
1754456,IT,CA,BUSIN,CROPS,0.02,1723.997,3,3,1723.997,0.0,0.0,0.0,0.0,86199.85
1676679,IT,FR,RAILW,PULP5,0.01,1723.897,3,3,1723.897,0.0,0.0,0.0,0.0,172389.7
1724642,IT,PT,FINAN,INTER,0.02,1723.814,3,3,1723.814,0.0,0.0,0.0,0.0,86190.7
1730351,IT,SE,SUPPO,COLLE,0.01,1723.636,3,3,1723.636,0.0,0.0,0.0,0.0,172363.6
1648866,IT,BG,TEXTI,CERAM,0.01,1723.49,3,3,1723.49,0.0,0.0,0.0,0.0,172349.0
1660146,IT,DE,SUPPO,FISH5,0.01,1723.361,3,3,1723.361,0.0,0.0,0.0,0.0,172336.1
1770699,IT,AU,INSUR,AIRTR,0.04,1723.005,3,3,1723.005,0.0,0.0,0.0,0.0,43075.125
1669353,IT,ES,FINAN,INTER,0.02,1722.902,3,3,1722.902,0.0,0.0,0.0,0.0,86145.1
1724984,IT,PT,EDUCA,HOTEL,0.04,1722.779,3,3,1722.779,0.0,0.0,0.0,0.0,43069.475
1672095,IT,FI,POSTT,RAWMI,0.03,1722.764,3,3,1722.764,0.0,0.0,0.0,0.0,57425.466667
1672001,IT,FI,LANDT,MEMBE,0.01,1722.613,3,3,1722.613,0.0,0.0,0.0,0.0,172261.3
1676022,IT,FR,ELEC5,EDUCA,0.02,1722.532,3,3,1722.532,0.0,0.0,0.0,0.0,86126.6
1802450,IT,WE,SUPPO,FORES,0.01,1722.392,3,3,1722.392,0.0,0.0,0.0,0.0,172239.2
1654919,IT,CZ,INSUR,PRINT,0.04,1722.344,3,3,1722.344,0.0,0.0,0.0,0.0,43058.6
1779254,IT,TR,FINAN,PAPER,0.02,1722.286,3,3,1722.286,0.0,0.0,0.0,0.0,86114.3
1739147,IT,GB,RETA1,BITUM,0.02,1722.164,3,3,1722.164,0.0,0.0,0.0,0.0,86108.2
1765750,IT,RU,PRINT,ELEC4,0.02,1722.105,3,3,1722.105,0.0,0.0,0.0,0.0,86105.25
1731885,IT,SI,PRINT,AUXIL,0.02,1722.104,3,3,1722.104,0.0,0.0,0.0,0.0,86105.2
1711269,IT,LU,TRANS,OFFIC,0.01,1722.073,3,3,1722.073,0.0,0.0,0.0,0.0,172207.3
1690065,IT,IE,RENTI,BASIC,0.01,1722.01,3,3,1722.01,0.0,0.0,0.0,0.0,172201.0
1775457,IT,CH,PAPE1,PUBLI,0.01,1721.838,3,3,1721.838,0.0,0.0,0.0,0.0,172183.8
1779272,IT,TR,FINAN,ELECT,0.02,1721.829,3,3,1721.829,0.0,0.0,0.0,0.0,86091.45
1792176,IT,WA,SUPPO,ELEC2,0.01,1721.746,3,3,1721.746,0.0,0.0,0.0,0.0,172174.6
1806918,IT,WF,RAILW,NATU1,0.01,1721.636,3,3,1721.636,0.0,0.0,0.0,0.0,172163.6
1753910,IT,CA,RAILW,MEDIC,0.01,1721.46,3,3,1721.46,0.0,0.0,0.0,0.0,172146.0
1677131,IT,FR,POSTT,WHEAT,0.03,1721.43,3,3,1721.43,0.0,0.0,0.0,0.0,57381.0
1668227,IT,ES,RETAI,DIST1,0.01,1721.288,3,3,1721.288,0.0,0.0,0.0,0.0,172128.8
1648353,IT,BE,INTER,FOUND,0.01,1721.275,3,3,1721.275,0.0,0.0,0.0,0.0,172127.5
1689807,IT,IE,INSUR,GLASS,0.04,1721.236,3,3,1721.236,0.0,0.0,0.0,0.0,43030.9
1741092,IT,US,TEXTI,FOODW,0.01,1720.96,3,3,1720.96,0.0,0.0,0.0,0.0,172096.0
1759610,IT,BR,COMPU,WASTE,0.02,1720.879,3,3,1720.879,0.0,0.0,0.0,0.0,86043.95
1677510,IT,FR,AUXIL,RETAI,0.03,1720.571,3,3,1720.571,0.0,0.0,0.0,0.0,57352.366667
1779424,IT,TR,REALE,FABRI,0.07,1720.489,3,3,1720.489,0.0,0.0,0.0,0.0,24578.414286
1770757,IT,AU,RENTI,PFERT,0.01,1720.444,3,3,1720.444,0.0,0.0,0.0,0.0,172044.4
1788116,IT,WA,WEARI,NONFE,0.01,1719.889,3,3,1719.889,0.0,0.0,0.0,0.0,171988.9
1799220,IT,WE,LEATH,PRECI,0.01,1719.768,3,3,1719.768,0.0,0.0,0.0,0.0,171976.8
1733920,IT,SI,SUPPO,CATTL,0.01,1719.668,3,3,1719.668,0.0,0.0,0.0,0.0,171966.8
1744542,IT,US,REALE,ELEC3,0.07,1719.632,3,3,1719.632,0.0,0.0,0.0,0.0,24566.171429
1676339,IT,FR,RETAI,WASTE,0.01,1719.511,3,3,1719.511,0.0,0.0,0.0,0.0,171951.1
1765772,IT,RU,PRINT,93197,0.02,1719.456,3,3,1719.456,0.0,0.0,0.0,0.0,85972.8
1668322,IT,ES,WHOLE,RETA1,0.01,1719.384,3,3,1719.384,0.0,0.0,0.0,0.0,171938.4
1689674,IT,IE,POSTT,DISTR,0.03,1719.287,3,3,1719.287,0.0,0.0,0.0,0.0,57309.566667
1759344,IT,BR,FINAN,LEATH,0.02,1719.253,3,3,1719.253,0.0,0.0,0.0,0.0,85962.65
1753977,IT,CA,LANDT,FOUND,0.01,1719.199,3,3,1719.199,0.0,0.0,0.0,0.0,171919.9
1774694,IT,CH,SUPPO,MEATC,0.01,1719.16,3,3,1719.16,0.0,0.0,0.0,0.0,171916.0
1647646,IT,BE,FINAN,KEROS,0.02,1719.088,3,3,1719.088,0.0,0.0,0.0,0.0,85954.4
1802023,IT,WE,WHOLE,PREC1,0.01,1719.001,3,3,1719.001,0.0,0.0,0.0,0.0,171900.1
1722608,IT,PT,TEXTI,FISH5,0.01,1718.875,3,3,1718.875,0.0,0.0,0.0,0.0,171887.5
1722136,IT,PL,BUSIN,BLAST,0.02,1718.626,3,3,1718.626,0.0,0.0,0.0,0.0,85931.3
1717910,IT,PL,FORES,FURNI,0.02,1718.611,4,4,1717.611,0.0,1.0,0.0,0.0,85930.55
1792939,IT,WA,PAPE1,CRUDE,0.01,1718.466,3,3,1718.466,0.0,0.0,0.0,0.0,171846.6
1747733,IT,JP,FINAN,SEACO,0.02,1718.442,3,3,1718.442,0.0,0.0,0.0,0.0,85922.1
1799265,IT,WE,LEATH,FABRI,0.01,1718.227,3,3,1718.227,0.0,0.0,0.0,0.0,171822.7
1665459,IT,ES,WEARI,DAIRY,0.01,1718.139,3,3,1718.139,0.0,0.0,0.0,0.0,171813.9
1786733,IT,ZA,RETA1,TRAN1,0.02,1717.791,3,3,1717.791,0.0,0.0,0.0,0.0,85889.55
1669090,IT,ES,SUPPO,INLAN,0.01,1717.517,3,3,1717.517,0.0,0.0,0.0,0.0,171751.7
1689782,IT,IE,INSUR,MEATP,0.04,1717.456,3,3,1717.456,0.0,0.0,0.0,0.0,42936.4
1650716,IT,BG,HOTEL,KEROS,0.01,1717.376,3,3,1717.376,0.0,0.0,0.0,0.0,171737.6
1802785,IT,WE,BUSIN,FURNI,0.02,1717.335,3,3,1717.335,0.0,0.0,0.0,0.0,85866.75
1650391,IT,BG,ELEC4,PRECI,0.03,1717.182,3,3,1717.182,0.0,0.0,0.0,0.0,57239.4
1803577,IT,WF,PROCE,CATTL,0.01,1717.019,3,3,1717.019,0.0,0.0,0.0,0.0,171701.9
1678929,IT,GR,TEXTI,MEDIC,0.01,1717.015,3,3,1717.015,0.0,0.0,0.0,0.0,171701.5
1740038,IT,GB,RENTI,GLASS,0.01,1716.999,3,3,1716.999,0.0,0.0,0.0,0.0,171699.9
1688599,IT,IE,PRINT,MEMBE,0.02,1716.987,3,3,1716.987,0.0,0.0,0.0,0.0,85849.35
1747635,IT,JP,SUPPO,RUBBE,0.01,1716.673,3,3,1716.673,0.0,0.0,0.0,0.0,171667.3
1779133,IT,TR,SUPPO,TEXT2,0.01,1716.633,3,3,1716.633,0.0,0.0,0.0,0.0,171663.3
1765129,IT,MX,BUSIN,PIGS9,0.02,1716.618,3,3,1716.618,0.0,0.0,0.0,0.0,85830.9
1793173,IT,WA,93197,NONME,0.01,1716.561,3,3,1716.561,0.0,0.0,0.0,0.0,171656.1
1724766,IT,PT,RENTI,KEROS,0.01,1716.429,3,3,1716.429,0.0,0.0,0.0,0.0,171642.9
1684636,IT,HR,FOOD4,93197,0.01,1716.41,3,3,1716.41,0.0,0.0,0.0,0.0,171641.0
1671854,IT,FI,RETA1,FOOD3,0.02,1716.322,3,3,1716.322,0.0,0.0,0.0,0.0,85816.1
1774919,IT,CH,INSUR,FURNI,0.04,1716.255,3,3,1716.255,0.0,0.0,0.0,0.0,42906.375
1676316,IT,FR,RETAI,TOBAC,0.01,1716.124,3,3,1716.124,0.0,0.0,0.0,0.0,171612.4
1753938,IT,CA,LANDT,PIGS9,0.01,1716.095,3,3,1716.095,0.0,0.0,0.0,0.0,171609.5
1651917,IT,CY,AUXIL,AUXIL,0.03,1715.893,3,3,1715.893,0.0,0.0,0.0,0.0,57196.433333
1787081,IT,ZA,BUSIN,BEVER,0.02,1715.803,3,3,1715.803,0.0,0.0,0.0,0.0,85790.15
1754435,IT,CA,COMPU,PRINT,0.02,1715.792,3,3,1715.792,0.0,0.0,0.0,0.0,85789.6
1814558,IT,WM,BUSIN,LEATH,0.02,1715.529,3,3,1715.529,0.0,0.0,0.0,0.0,85776.45
1661122,IT,DE,INTER,WASTE,0.01,1715.461,3,3,1715.461,0.0,0.0,0.0,0.0,171546.1
1807782,IT,WF,FOODW,PIGS9,0.01,1715.357,3,3,1715.357,0.0,0.0,0.0,0.0,171535.7
1721938,IT,PL,RENTI,MEMBE,0.01,1715.296,3,3,1715.296,0.0,0.0,0.0,0.0,171529.6
1740578,IT,US,CROPS,RESEA,0.01,1714.774,3,3,1714.774,0.0,0.0,0.0,0.0,171477.4
1802604,IT,WE,AUXIL,PRINT,0.03,1714.661,3,3,1714.661,0.0,0.0,0.0,0.0,57155.366667
1678244,IT,FR,SEWAG,COPP1,0.01,1714.62,3,3,1714.62,0.0,0.0,0.0,0.0,171462.0
1774124,IT,CH,WHOLE,ELEC8,0.01,1714.605,3,3,1714.605,0.0,0.0,0.0,0.0,171460.5
1726758,IT,RO,SALEM,FOUND,0.01,1714.59,3,3,1714.59,0.0,0.0,0.0,0.0,171459.0
1792327,IT,WA,FINAN,WOODW,0.02,1714.497,3,3,1714.497,0.0,0.0,0.0,0.0,85724.85
1783189,IT,NO,COMPU,INSUR,0.02,1714.392,3,3,1714.392,0.0,0.0,0.0,0.0,85719.6
1714327,IT,MT,EDUCA,HEALT,0.04,1714.376,3,3,1714.376,0.0,0.0,0.0,0.0,42859.4
1760192,IT,BR,PAPE4,BRICK,0.01,1714.353,3,3,1714.353,0.0,0.0,0.0,0.0,171435.3
1797515,IT,WL,BUSIN,ADDIT,0.02,1714.236,3,3,1714.236,0.0,0.0,0.0,0.0,85711.8
1716768,IT,NL,RETA1,OFFIC,0.02,1714.094,3,3,1714.094,0.0,0.0,0.0,0.0,85704.7
1782733,IT,NO,RETA1,FURNI,0.02,1714.018,3,3,1714.018,0.0,0.0,0.0,0.0,85700.9
1797607,IT,WL,FOODW,WOODW,0.01,1713.837,3,3,1713.837,0.0,0.0,0.0,0.0,171383.7
1747691,IT,JP,POSTT,TRAN2,0.03,1713.631,3,3,1713.631,0.0,0.0,0.0,0.0,57121.033333
1779073,IT,TR,SUPPO,FOOD5,0.01,1713.603,3,3,1713.603,0.0,0.0,0.0,0.0,171360.3
1724785,IT,PT,COMPU,FOOD5,0.02,1713.6,3,3,1713.6,0.0,0.0,0.0,0.0,85680.0
1779364,IT,TR,INSUR,RESEA,0.04,1713.589,3,3,1713.589,0.0,0.0,0.0,0.0,42839.725
1676665,IT,FR,RAILW,FISHF,0.01,1713.56,3,3,1713.56,0.0,0.0,0.0,0.0,171356.0
1677298,IT,FR,FINAN,FURNI,0.02,1713.476,3,3,1713.476,0.0,0.0,0.0,0.0,85673.8
1643504,IT,AT,LANDT,PAPE4,0.01,1713.457,3,3,1713.457,0.0,0.0,0.0,0.0,171345.7
1724468,IT,PT,SUPPO,FABRI,0.01,1713.418,3,3,1713.418,0.0,0.0,0.0,0.0,171341.8
1762812,IT,IN,PUBLI,LIQUE,0.03,1713.232,3,3,1713.232,0.0,0.0,0.0,0.0,57107.733333
1770099,IT,AU,WHOLE,NONF1,0.01,1713.131,3,3,1713.131,0.0,0.0,0.0,0.0,171313.1
1659090,IT,DE,ELEC5,RUBBE,0.02,1713.085,3,3,1713.085,0.0,0.0,0.0,0.0,85654.25
1745196,IT,JP,CROPS,MACHI,0.01,1713.062,3,3,1713.062,0.0,0.0,0.0,0.0,171306.2
1669433,IT,ES,INSUR,LANDT,0.04,1712.914,3,3,1712.914,0.0,0.0,0.0,0.0,42822.85
1803984,IT,WF,LEATH,CERAM,0.01,1712.784,3,3,1712.784,0.0,0.0,0.0,0.0,171278.4
1725737,IT,RO,PRINT,CROPS,0.02,1712.771,3,3,1712.771,0.0,0.0,0.0,0.0,85638.55
1748259,IT,JP,MEMBE,FORES,0.02,1712.68,3,3,1712.68,0.0,0.0,0.0,0.0,85634.0
1784772,IT,ID,HOTEL,FORES,0.01,1712.538,3,3,1712.538,0.0,0.0,0.0,0.0,171253.8
1770740,IT,AU,AUXIL,RENTI,0.03,1712.16,3,3,1712.16,0.0,0.0,0.0,0.0,57072.0
1647037,IT,BE,RETA1,EDUCA,0.02,1711.675,3,3,1711.675,0.0,0.0,0.0,0.0,85583.75
1765111,IT,MX,RENTI,RECRE,0.01,1711.669,3,3,1711.669,0.0,0.0,0.0,0.0,171166.9
1801773,IT,WE,ELEC4,TOBAC,0.03,1711.659,3,3,1711.659,0.0,0.0,0.0,0.0,57055.3
1717685,IT,NL,BUSIN,SECO9,0.02,1711.578,3,3,1711.578,0.0,0.0,0.0,0.0,85578.9
1733590,IT,SI,RETA1,PAPE4,0.02,1711.535,3,3,1711.535,0.0,0.0,0.0,0.0,85576.75
1643347,IT,AT,RAILW,ELECT,0.01,1711.511,3,3,1711.511,0.0,0.0,0.0,0.0,171151.1
1681182,IT,GR,POSTT,DISTR,0.03,1711.403,3,3,1711.403,0.0,0.0,0.0,0.0,57046.766667
1717820,IT,NL,INERT,NONF1,0.01,1711.399,3,3,1711.399,0.0,0.0,0.0,0.0,171139.9
1768206,IT,RU,PUBLI,INERT,0.03,1711.384,3,3,1711.384,0.0,0.0,0.0,0.0,57046.133333
1814796,IT,WM,PAPE4,POSTT,0.01,1711.331,3,3,1711.331,0.0,0.0,0.0,0.0,171133.1
1668160,IT,ES,SALEM,ELEC4,0.01,1711.193,3,3,1711.193,0.0,0.0,0.0,0.0,171119.3
1748239,IT,JP,WOOD1,STONE,0.01,1711.116,3,3,1711.116,0.0,0.0,0.0,0.0,171111.6
1803221,IT,WF,CROPS,RESEA,0.01,1710.945,3,3,1710.945,0.0,0.0,0.0,0.0,171094.5
1798997,IT,WE,TEXTI,IRONO,0.01,1710.926,3,3,1710.926,0.0,0.0,0.0,0.0,171092.6
1791095,IT,WA,TRANS,ALUM1,0.01,1710.783,3,3,1710.783,0.0,0.0,0.0,0.0,171078.3
1784970,IT,ID,INSUR,ELEC2,0.04,1710.761,3,3,1710.761,0.0,0.0,0.0,0.0,42769.025
1814716,IT,WM,WOOD1,FINAN,0.01,1710.707,3,3,1710.707,0.0,0.0,0.0,0.0,171070.7
1716930,IT,NL,RAILW,PULP5,0.01,1710.665,3,3,1710.665,0.0,0.0,0.0,0.0,171066.5
1643122,IT,AT,RETA1,WHEAT,0.02,1709.68,3,3,1709.68,0.0,0.0,0.0,0.0,85484.0
1718881,IT,PL,PRINT,ANIMA,0.02,1709.59,3,3,1709.59,0.0,0.0,0.0,0.0,85479.5
1751177,IT,CN,HOTEL,SUGA1,0.01,1709.563,3,3,1709.563,0.0,0.0,0.0,0.0,170956.3
1728186,IT,SE,PROCE,LANDT,0.01,1709.459,3,3,1709.459,0.0,0.0,0.0,0.0,170945.9
1687974,IT,HU,RENTI,COPP1,0.01,1709.399,3,3,1709.399,0.0,0.0,0.0,0.0,170939.9
1767338,IT,RU,RAILW,MOTOR,0.01,1709.396,3,3,1709.396,0.0,0.0,0.0,0.0,170939.6
1724296,IT,PT,LANDT,DISTR,0.01,1709.378,3,3,1709.378,0.0,0.0,0.0,0.0,170937.8
1748068,IT,JP,BUSIN,ELE11,0.02,1709.257,3,3,1709.257,0.0,0.0,0.0,0.0,85462.85
1758702,IT,BR,RETAI,FORES,0.01,1708.952,3,3,1708.952,0.0,0.0,0.0,0.0,170895.2
1765105,IT,MX,REALE,RUBBE,0.07,1708.863,3,3,1708.863,0.0,0.0,0.0,0.0,24412.328571
1644150,IT,AT,FOOD4,FABRI,0.01,1708.832,3,3,1708.832,0.0,0.0,0.0,0.0,170883.2
1722215,IT,PL,PUBLI,RECRE,0.03,1708.714,3,3,1708.714,0.0,0.0,0.0,0.0,56957.133333
1650695,IT,BG,RETA1,RESEA,0.02,1708.668,3,3,1708.668,0.0,0.0,0.0,0.0,85433.4
1814172,IT,WM,SUPPO,MEATP,0.01,1708.477,3,3,1708.477,0.0,0.0,0.0,0.0,170847.7
1681424,IT,GR,RENTI,ELEC8,0.01,1708.474,3,3,1708.474,0.0,0.0,0.0,0.0,170847.4
1736563,IT,SK,SUPPO,GASWO,0.01,1708.468,3,3,1708.468,0.0,0.0,0.0,0.0,170846.8
1740020,IT,GB,RENTI,FISHF,0.01,1708.376,3,3,1708.376,0.0,0.0,0.0,0.0,170837.6
1660475,IT,DE,INSUR,REFI1,0.04,1708.343,3,3,1708.343,0.0,0.0,0.0,0.0,42708.575
1710411,IT,LT,RAILW,NONME,0.01,1708.315,3,3,1708.315,0.0,0.0,0.0,0.0,170831.5
1744101,IT,US,SUPPO,NFERT,0.01,1708.251,3,3,1708.251,0.0,0.0,0.0,0.0,170825.1
1751107,IT,CN,RETA1,CEMEN,0.02,1708.183,3,3,1708.183,0.0,0.0,0.0,0.0,85409.15
1755183,IT,KR,LEATH,WASTE,0.01,1708.176,3,3,1708.176,0.0,0.0,0.0,0.0,170817.6
1776082,IT,TR,WEARI,CERAM,0.01,1708.153,3,3,1708.153,0.0,0.0,0.0,0.0,170815.3
1787005,IT,ZA,INSUR,FABRI,0.04,1708.138,3,3,1708.138,0.0,0.0,0.0,0.0,42703.45
1754608,IT,KR,FORES,FOOD5,0.01,1708.064,4,4,1707.064,0.0,1.0,0.0,0.0,170806.4
1767363,IT,RU,RAILW,EDUCA,0.01,1707.971,3,3,1707.971,0.0,0.0,0.0,0.0,170797.1
1797555,IT,WL,PUBLI,TEXTI,0.03,1707.963,3,3,1707.963,0.0,0.0,0.0,0.0,56932.1
1721997,IT,PL,COMPU,RETAI,0.02,1707.937,3,3,1707.937,0.0,0.0,0.0,0.0,85396.85
1784051,IT,ID,TEXTI,AUXIL,0.01,1707.848,3,3,1707.848,0.0,0.0,0.0,0.0,170784.8
1767657,IT,RU,POSTT,ELEC2,0.03,1707.844,3,3,1707.844,0.0,0.0,0.0,0.0,56928.133333
1754629,IT,KR,FORES,BUSIN,0.01,1707.829,4,4,1706.829,0.0,1.0,0.0,0.0,170782.9
1690235,IT,IE,BUSIN,FOOD2,0.02,1707.762,3,3,1707.762,0.0,0.0,0.0,0.0,85388.1
1760039,IT,BR,WOOD1,REALE,0.01,1707.716,3,3,1707.716,0.0,0.0,0.0,0.0,170771.6
1736911,IT,SK,BUSIN,SEWAG,0.02,1707.672,3,3,1707.672,0.0,0.0,0.0,0.0,85383.6
1793180,IT,WA,93197,ELEC2,0.01,1707.671,3,3,1707.671,0.0,0.0,0.0,0.0,170767.1
1670207,IT,ES,RECRE,DISTR,0.02,1707.669,3,3,1707.669,0.0,0.0,0.0,0.0,85383.45
1654806,IT,CZ,SUPPO,ELEC3,0.01,1707.52,3,3,1707.52,0.0,0.0,0.0,0.0,170752.0
1670642,IT,FI,LEATH,RETAI,0.01,1707.281,3,3,1707.281,0.0,0.0,0.0,0.0,170728.1
1770342,IT,AU,RAILW,NONFE,0.01,1707.09,3,3,1707.09,0.0,0.0,0.0,0.0,170709.0
1648370,IT,BE,RECRE,MEAT1,0.02,1707.042,3,3,1707.042,0.0,0.0,0.0,0.0,85352.1
1726785,IT,RO,RETAI,INTER,0.01,1706.891,3,3,1706.891,0.0,0.0,0.0,0.0,170689.1
1724576,IT,PT,FINAN,FORES,0.02,1706.764,3,3,1706.764,0.0,0.0,0.0,0.0,85338.2
1736183,IT,SK,WHOLE,HEAVY,0.01,1706.73,3,3,1706.73,0.0,0.0,0.0,0.0,170673.0
1787194,IT,ZA,PUBLI,93197,0.03,1706.688,3,3,1706.688,0.0,0.0,0.0,0.0,56889.6
1665474,IT,ES,WEARI,LUBRI,0.01,1706.615,3,3,1706.615,0.0,0.0,0.0,0.0,170661.5
1793933,IT,WL,LEATH,PLAST,0.01,1706.462,3,3,1706.462,0.0,0.0,0.0,0.0,170646.2
1775558,IT,CH,INERT,PRINT,0.01,1706.457,3,3,1706.457,0.0,0.0,0.0,0.0,170645.7
1747755,IT,JP,AUXIL,PROCE,0.03,1706.269,3,3,1706.269,0.0,0.0,0.0,0.0,56875.633333
1660486,IT,DE,INSUR,GLASS,0.04,1706.198,3,3,1706.198,0.0,0.0,0.0,0.0,42654.95
1807867,IT,WF,PAPE1,COPP1,0.01,1706.136,3,3,1706.136,0.0,0.0,0.0,0.0,170613.6
1687452,IT,HU,RAILW,ALUM1,0.01,1706.052,3,3,1706.052,0.0,0.0,0.0,0.0,170605.2
1659157,IT,DE,ELE12,TRAN1,0.01,1705.841,3,3,1705.841,0.0,0.0,0.0,0.0,170584.1
1711470,IT,LU,LANDT,RECRE,0.01,1705.461,3,3,1705.461,0.0,0.0,0.0,0.0,170546.1
1714788,IT,NL,PROCE,REALE,0.01,1705.311,3,3,1705.311,0.0,0.0,0.0,0.0,170531.1
1651797,IT,CY,TRANS,RETAI,0.01,1705.02,3,3,1705.02,0.0,0.0,0.0,0.0,170502.0
1677448,IT,FR,INSUR,OILHA,0.04,1705.019,3,3,1705.019,0.0,0.0,0.0,0.0,42625.475
1664654,IT,EE,LANDT,RETAI,0.01,1704.913,3,3,1704.913,0.0,0.0,0.0,0.0,170491.3
1663454,IT,DK,REALE,CONST,0.07,1704.839,3,3,1704.839,0.0,0.0,0.0,0.0,24354.842857
1690427,IT,IE,FOOD4,LANDT,0.01,1704.808,3,3,1704.808,0.0,0.0,0.0,0.0,170480.8
1787817,IT,WA,PROCE,PUBLI,0.01,1704.733,3,3,1704.733,0.0,0.0,0.0,0.0,170473.3
1687394,IT,HU,HOTEL,ELEC1,0.01,1704.596,3,3,1704.596,0.0,0.0,0.0,0.0,170459.6
1717461,IT,NL,AUXIL,WHOLE,0.03,1704.577,3,3,1704.577,0.0,0.0,0.0,0.0,56819.233333
1690267,IT,IE,TEXT1,CEMEN,0.01,1704.287,3,3,1704.287,0.0,0.0,0.0,0.0,170428.7
1670228,IT,ES,93197,FOOD5,0.01,1704.23,3,3,1704.23,0.0,0.0,0.0,0.0,170423.0
1768119,IT,RU,BUSIN,PLAS2,0.02,1704.125,3,3,1704.125,0.0,0.0,0.0,0.0,85206.25
1734747,IT,SK,LEATH,SEWAG,0.01,1703.975,3,3,1703.975,0.0,0.0,0.0,0.0,170397.5
1643702,IT,AT,SUPPO,NFERT,0.01,1703.953,3,3,1703.953,0.0,0.0,0.0,0.0,170395.3
1652410,IT,CZ,TEXTI,COPP1,0.01,1703.95,3,3,1703.95,0.0,0.0,0.0,0.0,170395.0
1680424,IT,GR,ELEC4,DAIRY,0.03,1703.912,3,3,1703.912,0.0,0.0,0.0,0.0,56797.066667
1771656,IT,CH,WEARI,FOUND,0.01,1703.867,3,3,1703.867,0.0,0.0,0.0,0.0,170386.7
1736293,IT,SK,HOTEL,DIST1,0.01,1703.787,3,3,1703.787,0.0,0.0,0.0,0.0,170378.7
1676013,IT,FR,ELEC5,RAILW,0.02,1703.605,3,3,1703.605,0.0,0.0,0.0,0.0,85180.25
1803266,IT,WF,FORES,RAWMI,0.01,1703.54,4,4,1702.54,0.0,1.0,0.0,0.0,170354.0
1727592,IT,RO,REALE,RAILW,0.07,1703.514,3,3,1703.514,0.0,0.0,0.0,0.0,24335.914286
1740355,IT,GB,EDUCA,TRANS,0.04,1703.483,3,3,1703.483,0.0,0.0,0.0,0.0,42587.075
1759707,IT,BR,BUSIN,NATU1,0.02,1703.435,3,3,1703.435,0.0,0.0,0.0,0.0,85171.75
1797635,IT,WL,PAPE1,OILSE,0.01,1702.977,3,3,1702.977,0.0,0.0,0.0,0.0,170297.7
1682496,IT,HR,PRINT,FURNI,0.02,1702.928,3,3,1702.928,0.0,0.0,0.0,0.0,85146.4
1756623,IT,KR,RAILW,REALE,0.01,1702.818,3,3,1702.818,0.0,0.0,0.0,0.0,170281.8
1737456,IT,GB,LEATH,CERAM,0.01,1702.789,3,3,1702.789,0.0,0.0,0.0,0.0,170278.9
1779480,IT,TR,RENTI,LIQUE,0.01,1702.001,3,3,1702.001,0.0,0.0,0.0,0.0,170200.1
1681175,IT,GR,POSTT,MOTO1,0.03,1701.994,3,3,1701.994,0.0,0.0,0.0,0.0,56733.133333
1734080,IT,SI,INSUR,BASIC,0.04,1701.818,3,3,1701.818,0.0,0.0,0.0,0.0,42545.45
1731896,IT,SI,PRINT,93197,0.02,1701.761,3,3,1701.761,0.0,0.0,0.0,0.0,85088.05
1654647,IT,CZ,LANDT,HEAVY,0.01,1701.595,3,3,1701.595,0.0,0.0,0.0,0.0,170159.5
1659274,IT,DE,SALEM,AIRTR,0.01,1701.365,3,3,1701.365,0.0,0.0,0.0,0.0,170136.5
1730166,IT,SE,LANDT,KEROS,0.01,1701.211,3,3,1701.211,0.0,0.0,0.0,0.0,170121.1
1760021,IT,BR,INTER,RECRE,0.01,1701.183,3,3,1701.183,0.0,0.0,0.0,0.0,170118.3
1783923,IT,ID,FORES,CATTL,0.01,1701.175,4,4,1700.175,0.0,1.0,0.0,0.0,170117.5
1734102,IT,SI,INSUR,FINAN,0.04,1700.924,3,3,1700.924,0.0,0.0,0.0,0.0,42523.1
1689622,IT,IE,SUPPO,TRANS,0.01,1700.908,3,3,1700.908,0.0,0.0,0.0,0.0,170090.8
1770633,IT,AU,FINAN,FABRI,0.02,1700.895,3,3,1700.895,0.0,0.0,0.0,0.0,85044.75
1735996,IT,SK,TRANS,KEROS,0.01,1700.817,3,3,1700.817,0.0,0.0,0.0,0.0,170081.7
1727171,IT,RO,LANDT,PLAS2,0.01,1700.687,3,3,1700.687,0.0,0.0,0.0,0.0,170068.7
1727881,IT,RO,INTER,POSTT,0.01,1700.621,3,3,1700.621,0.0,0.0,0.0,0.0,170062.1
1768258,IT,RU,TEXT2,BASIC,0.01,1700.163,3,3,1700.163,0.0,0.0,0.0,0.0,170016.3
1768234,IT,RU,EDUCA,RESEA,0.04,1700.149,3,3,1700.149,0.0,0.0,0.0,0.0,42503.725
1791477,IT,WA,WHOLE,INLAN,0.01,1699.828,3,3,1699.828,0.0,0.0,0.0,0.0,169982.8
1813666,IT,WM,RETA1,BASIC,0.02,1699.766,3,3,1699.766,0.0,0.0,0.0,0.0,84988.3
1717635,IT,NL,BUSIN,PROCE,0.02,1699.691,3,3,1699.691,0.0,0.0,0.0,0.0,84984.55
1650832,IT,BG,LANDT,BIOGA,0.01,1699.649,3,3,1699.649,0.0,0.0,0.0,0.0,169964.9
1780247,IT,TW,LANDT,VEGE1,0.01,1699.497,3,3,1699.497,0.0,0.0,0.0,0.0,169949.7
1721616,IT,PL,POSTT,ELEC1,0.03,1699.486,3,3,1699.486,0.0,0.0,0.0,0.0,56649.533333
1672444,IT,FI,PUBLI,NUCLE,0.03,1699.447,3,3,1699.447,0.0,0.0,0.0,0.0,56648.233333
1690302,IT,IE,SEWAG,RESEA,0.01,1699.348,3,3,1699.348,0.0,0.0,0.0,0.0,169934.8
1783418,IT,NO,INTER,MOTO1,0.01,1699.088,3,3,1699.088,0.0,0.0,0.0,0.0,169908.8
1663910,IT,EE,LEATH,CONST,0.01,1698.952,3,3,1698.952,0.0,0.0,0.0,0.0,169895.2
1767409,IT,RU,LANDT,GLASS,0.01,1698.833,3,3,1698.833,0.0,0.0,0.0,0.0,169883.3
1689189,IT,IE,RETAI,WEARI,0.01,1698.766,3,3,1698.766,0.0,0.0,0.0,0.0,169876.6
1713172,IT,MT,TEXTI,RUBBE,0.01,1698.761,3,3,1698.761,0.0,0.0,0.0,0.0,169876.1
1730867,IT,SE,FOODW,NAPHT,0.01,1698.664,3,3,1698.664,0.0,0.0,0.0,0.0,169866.4
1767902,IT,RU,REALE,REALE,0.07,1698.574,3,3,1698.574,0.0,0.0,0.0,0.0,24265.342857
1678472,IT,FR,RECRE,DIST1,0.02,1698.472,3,3,1698.472,0.0,0.0,0.0,0.0,84923.6
1794157,IT,WL,PRINT,NATUR,0.02,1698.454,3,3,1698.454,0.0,0.0,0.0,0.0,84922.7
1747998,IT,JP,BUSIN,ANIMA,0.02,1698.447,3,3,1698.447,0.0,0.0,0.0,0.0,84922.35
1645161,IT,BE,PRINT,NONF1,0.02,1698.267,3,3,1698.267,0.0,0.0,0.0,0.0,84913.35
1727519,IT,RO,AUXIL,OILHA,0.03,1698.241,3,3,1698.241,0.0,0.0,0.0,0.0,56608.033333
1808132,IT,WF,WOOD1,AUXIL,0.01,1698.163,3,3,1698.163,0.0,0.0,0.0,0.0,169816.3
1737660,IT,GB,PRINT,LEATH,0.02,1698.085,3,3,1698.085,0.0,0.0,0.0,0.0,84904.25
1669579,IT,ES,REALE,INSUR,0.07,1698.048,3,3,1698.048,0.0,0.0,0.0,0.0,24257.828571
1660834,IT,DE,COMPU,ELEC4,0.02,1697.892,3,3,1697.892,0.0,0.0,0.0,0.0,84894.6
1715132,IT,NL,LEATH,PAPER,0.01,1697.827,3,3,1697.827,0.0,0.0,0.0,0.0,169782.7
1765139,IT,MX,BUSIN,DAIRY,0.02,1697.681,3,3,1697.681,0.0,0.0,0.0,0.0,84884.05
1740500,IT,GB,INERT,WOOD2,0.01,1697.647,3,3,1697.647,0.0,0.0,0.0,0.0,169764.7
1748967,IT,CN,LEATH,CEREA,0.01,1697.63,3,3,1697.63,0.0,0.0,0.0,0.0,169763.0
1778727,IT,TR,RAILW,RETA1,0.01,1697.607,3,3,1697.607,0.0,0.0,0.0,0.0,169760.7
1650751,IT,BG,HOTEL,POSTT,0.01,1697.602,3,3,1697.602,0.0,0.0,0.0,0.0,169760.2
1664636,IT,EE,LANDT,GLASS,0.01,1697.299,3,3,1697.299,0.0,0.0,0.0,0.0,169729.9
1714348,IT,MT,MEMBE,FINAN,0.02,1697.229,3,3,1697.229,0.0,0.0,0.0,0.0,84861.45
1759426,IT,BR,INSUR,WHOLE,0.03,1697.153,3,3,1697.153,0.0,0.0,0.0,0.0,56571.766667
1724275,IT,PT,LANDT,GLASS,0.01,1696.962,3,3,1696.962,0.0,0.0,0.0,0.0,169696.2
1754408,IT,CA,RENTI,MACHI,0.01,1696.895,3,3,1696.895,0.0,0.0,0.0,0.0,169689.5
1711881,IT,LU,WOOD1,FABRI,0.01,1696.862,3,3,1696.862,0.0,0.0,0.0,0.0,169686.2
1681603,IT,GR,PUBLI,MOTOR,0.03,1696.639,3,3,1696.639,0.0,0.0,0.0,0.0,56554.633333
1646644,IT,BE,TRANS,HEALT,0.01,1696.621,3,3,1696.621,0.0,0.0,0.0,0.0,169662.1
1655445,IT,DE,FORES,TRANS,0.01,1696.514,4,4,1695.514,0.0,1.0,0.0,0.0,169651.4
1764535,IT,MX,SALEM,FABRI,0.01,1696.448,3,3,1696.448,0.0,0.0,0.0,0.0,169644.8
1794152,IT,WL,PRINT,MEATA,0.02,1696.401,3,3,1696.401,0.0,0.0,0.0,0.0,84820.05
1662827,IT,DK,SALEM,FABRI,0.01,1696.312,3,3,1696.312,0.0,0.0,0.0,0.0,169631.2
1744414,IT,US,AUXIL,FISHF,0.03,1696.309,3,3,1696.309,0.0,0.0,0.0,0.0,56543.633333
1752619,IT,CA,TEXTI,MOTOR,0.01,1696.208,3,3,1696.208,0.0,0.0,0.0,0.0,169620.8
1660215,IT,DE,POSTT,FORES,0.03,1696.11,3,3,1696.11,0.0,0.0,0.0,0.0,56537.0
1806620,IT,WF,SALEM,ELEC2,0.01,1696.038,3,3,1696.038,0.0,0.0,0.0,0.0,169603.8
1802541,IT,WE,FINAN,RAWMI,0.02,1695.963,3,3,1695.963,0.0,0.0,0.0,0.0,84798.15
1684202,IT,HR,LANDT,WASTE,0.01,1695.931,3,3,1695.931,0.0,0.0,0.0,0.0,169593.1
1808239,IT,WF,PAPE2,HEALT,0.01,1695.68,3,3,1695.68,0.0,0.0,0.0,0.0,169568.0
1736682,IT,SK,INSUR,FOOD3,0.03,1695.531,3,3,1695.531,0.0,0.0,0.0,0.0,56517.7
1744987,IT,US,BUSIN,TEXT2,0.02,1695.396,3,3,1695.396,0.0,0.0,0.0,0.0,84769.8
1779202,IT,TR,POSTT,ELE11,0.03,1695.224,3,3,1695.224,0.0,0.0,0.0,0.0,56507.466667
1774011,IT,CH,RETAI,TEXTI,0.01,1695.219,3,3,1695.219,0.0,0.0,0.0,0.0,169521.9
1721891,IT,PL,RENTI,PFERT,0.01,1695.16,3,3,1695.16,0.0,0.0,0.0,0.0,169516.0
1751646,IT,CN,FINAN,SALEM,0.02,1695.154,3,3,1695.154,0.0,0.0,0.0,0.0,84757.7
1792338,IT,WA,FINAN,GLASS,0.02,1695.085,3,3,1695.085,0.0,0.0,0.0,0.0,84754.25
1656655,IT,DE,PRINT,PAPE2,0.02,1694.958,3,3,1694.958,0.0,0.0,0.0,0.0,84747.9
1713865,IT,MT,ELEC4,RUBBE,0.03,1694.914,3,3,1694.914,0.0,0.0,0.0,0.0,56497.133333
1767626,IT,RU,SUPPO,POSTT,0.01,1694.791,3,3,1694.791,0.0,0.0,0.0,0.0,169479.1
1781169,IT,TW,TEXT2,VEGET,0.01,1694.577,3,3,1694.577,0.0,0.0,0.0,0.0,169457.7
1758856,IT,BR,HOTEL,REFI1,0.01,1694.536,3,3,1694.536,0.0,0.0,0.0,0.0,169453.6
1802098,IT,WE,RETA1,GLASS,0.02,1694.456,3,3,1694.456,0.0,0.0,0.0,0.0,84722.8
1802067,IT,WE,RETA1,CROPS,0.02,1694.413,3,3,1694.413,0.0,0.0,0.0,0.0,84720.65
1713922,IT,MT,ELE11,CERAM,0.02,1694.384,3,3,1694.384,0.0,0.0,0.0,0.0,84719.2
1687408,IT,HU,HOTEL,SEACO,0.01,1694.215,3,3,1694.215,0.0,0.0,0.0,0.0,169421.5
1673556,IT,FR,LEATH,FOOD2,0.01,1694.021,3,3,1694.021,0.0,0.0,0.0,0.0,169402.1
1802462,IT,WE,SUPPO,HEAVY,0.01,1693.903,3,3,1693.903,0.0,0.0,0.0,0.0,169390.3
1797511,IT,WL,BUSIN,NFERT,0.02,1693.649,3,3,1693.649,0.0,0.0,0.0,0.0,84682.45
1721571,IT,PL,POSTT,VEGET,0.03,1693.584,3,3,1693.584,0.0,0.0,0.0,0.0,56452.8
1733680,IT,SI,RAILW,STONE,0.01,1693.579,3,3,1693.579,0.0,0.0,0.0,0.0,169357.9
1770547,IT,AU,SUPPO,MOTO1,0.01,1693.507,3,3,1693.507,0.0,0.0,0.0,0.0,169350.7
1664721,IT,EE,SUPPO,CONST,0.01,1693.491,3,3,1693.491,0.0,0.0,0.0,0.0,169349.1
1734037,IT,SI,FINAN,BASIC,0.02,1693.353,3,3,1693.353,0.0,0.0,0.0,0.0,84667.65
1793178,IT,WA,93197,MOTO1,0.01,1693.34,3,3,1693.34,0.0,0.0,0.0,0.0,169334.0
1643965,IT,AT,COMPU,ELEC2,0.02,1693.312,3,3,1693.312,0.0,0.0,0.0,0.0,84665.6
1754911,IT,KR,TEXTI,PIGS9,0.01,1693.255,3,3,1693.255,0.0,0.0,0.0,0.0,169325.5
1756933,IT,KR,INSUR,HEALT,0.03,1693.082,3,3,1693.082,0.0,0.0,0.0,0.0,56436.066667
1760224,IT,BR,INERT,SEACO,0.01,1692.928,3,3,1692.928,0.0,0.0,0.0,0.0,169292.8
1655059,IT,CZ,COMPU,NFERT,0.02,1692.847,3,3,1692.847,0.0,0.0,0.0,0.0,84642.35
1783444,IT,NO,INTER,WOOD2,0.01,1692.525,3,3,1692.525,0.0,0.0,0.0,0.0,169252.5
1662842,IT,DK,RETAI,RAWMI,0.01,1692.291,3,3,1692.291,0.0,0.0,0.0,0.0,169229.1
1728331,IT,SE,TEXTI,POULT,0.01,1692.138,3,3,1692.138,0.0,0.0,0.0,0.0,169213.8
1786653,IT,ZA,WHOLE,CHEM1,0.01,1692.079,3,3,1692.079,0.0,0.0,0.0,0.0,169207.9
1808554,IT,WF,PAPE4,CEMEN,0.01,1691.996,3,3,1691.996,0.0,0.0,0.0,0.0,169199.6
1767920,IT,RU,RENTI,TRANS,0.01,1691.924,3,3,1691.924,0.0,0.0,0.0,0.0,169192.4
1781163,IT,TW,PLAS2,VEGET,0.01,1691.914,3,3,1691.914,0.0,0.0,0.0,0.0,169191.4
1648392,IT,BE,RECRE,AIRTR,0.02,1691.874,3,3,1691.874,0.0,0.0,0.0,0.0,84593.7
1762821,IT,IN,PUBLI,NONME,0.03,1691.795,3,3,1691.795,0.0,0.0,0.0,0.0,56393.166667
1650664,IT,BG,WHOLE,LANDT,0.01,1691.614,3,3,1691.614,0.0,0.0,0.0,0.0,169161.4
1736837,IT,SK,BUSIN,STONE,0.02,1691.358,3,3,1691.358,0.0,0.0,0.0,0.0,84567.9
1751666,IT,CN,INSUR,CROPS,0.03,1691.137,3,3,1691.137,0.0,0.0,0.0,0.0,56371.233333
1781106,IT,TW,PUBLI,SUPPO,0.03,1691.065,3,3,1691.065,0.0,0.0,0.0,0.0,56368.833333
1767750,IT,RU,INSUR,WHEAT,0.03,1690.981,3,3,1690.981,0.0,0.0,0.0,0.0,56366.033333
1730612,IT,SE,RENTI,MEATP,0.01,1690.952,3,3,1690.952,0.0,0.0,0.0,0.0,169095.2
1793055,IT,WA,PAPE4,MEATC,0.01,1690.825,3,3,1690.825,0.0,0.0,0.0,0.0,169082.5
1667954,IT,ES,TRANS,CROPS,0.01,1690.79,3,3,1690.79,0.0,0.0,0.0,0.0,169079.0
1721182,IT,PL,RAILW,PAPE4,0.01,1690.606,3,3,1690.606,0.0,0.0,0.0,0.0,169060.6
1680479,IT,GR,ELEC5,SEACO,0.02,1690.558,3,3,1690.558,0.0,0.0,0.0,0.0,84527.9
1663879,IT,EE,WEARI,STEAM,0.01,1690.5,3,3,1690.5,0.0,0.0,0.0,0.0,169050.0
1730129,IT,SE,RAILW,FABRI,0.01,1690.234,3,3,1690.234,0.0,0.0,0.0,0.0,169023.4
1672154,IT,FI,INSUR,MOTOR,0.03,1690.217,3,3,1690.217,0.0,0.0,0.0,0.0,56340.566667
1665572,IT,ES,LEATH,RETAI,0.01,1690.058,3,3,1690.058,0.0,0.0,0.0,0.0,169005.8
1722223,IT,PL,EDUCA,CONST,0.04,1690.016,3,3,1690.016,0.0,0.0,0.0,0.0,42250.4
1709478,IT,LT,TEXTI,RECRE,0.01,1689.974,3,3,1689.974,0.0,0.0,0.0,0.0,168997.4
1682201,IT,HR,WEARI,COPP1,0.01,1689.967,3,3,1689.967,0.0,0.0,0.0,0.0,168996.7
1670535,IT,FI,TEXTI,SANDC,0.01,1689.882,3,3,1689.882,0.0,0.0,0.0,0.0,168988.2
1658870,IT,DE,TRANS,COPP1,0.01,1689.719,3,3,1689.719,0.0,0.0,0.0,0.0,168971.9
1748160,IT,JP,FOODW,PFERT,0.01,1689.596,3,3,1689.596,0.0,0.0,0.0,0.0,168959.6
1723983,IT,PT,SALEM,REALE,0.01,1689.561,3,3,1689.561,0.0,0.0,0.0,0.0,168956.1
1814834,IT,WM,MEMBE,GASDI,0.02,1689.278,3,3,1689.278,0.0,0.0,0.0,0.0,84463.9
1663113,IT,DK,RAILW,SEACO,0.01,1689.264,3,3,1689.264,0.0,0.0,0.0,0.0,168926.4
1648330,IT,BE,EDUCA,SUPPO,0.04,1689.235,3,3,1689.235,0.0,0.0,0.0,0.0,42230.875
1767230,IT,RU,HOTEL,RAWMI,0.01,1689.224,3,3,1689.224,0.0,0.0,0.0,0.0,168922.4
1687272,IT,HU,WHOLE,TRAN1,0.01,1689.127,3,3,1689.127,0.0,0.0,0.0,0.0,168912.7
1754939,IT,KR,TEXTI,LUBRI,0.01,1689.03,3,3,1689.03,0.0,0.0,0.0,0.0,168903.0
1655934,IT,DE,PROCE,RENTI,0.01,1688.966,3,3,1688.966,0.0,0.0,0.0,0.0,168896.6
1774970,IT,CH,AUXIL,CEMEN,0.03,1688.827,3,3,1688.827,0.0,0.0,0.0,0.0,56294.233333
1724882,IT,PT,BUSIN,LEAD1,0.02,1688.797,3,3,1688.797,0.0,0.0,0.0,0.0,84439.85
1792723,IT,WA,BUSIN,WOODW,0.02,1688.601,3,3,1688.601,0.0,0.0,0.0,0.0,84430.05
1680783,IT,GR,HOTEL,RETA1,0.01,1688.595,3,3,1688.595,0.0,0.0,0.0,0.0,168859.5
1762559,IT,IN,AUXIL,FOOD5,0.03,1688.533,3,3,1688.533,0.0,0.0,0.0,0.0,56284.433333
1671720,IT,FI,SALEM,FABRI,0.01,1688.484,3,3,1688.484,0.0,0.0,0.0,0.0,168848.4
1802617,IT,WE,AUXIL,COMPU,0.03,1688.383,3,3,1688.383,0.0,0.0,0.0,0.0,56279.433333
1741104,IT,US,TEXTI,WOOD2,0.01,1688.062,3,3,1688.062,0.0,0.0,0.0,0.0,168806.2
1802105,IT,WE,RETA1,NONF1,0.02,1687.875,3,3,1687.875,0.0,0.0,0.0,0.0,84393.75
1734239,IT,SI,RENTI,INERT,0.01,1687.629,3,3,1687.629,0.0,0.0,0.0,0.0,168762.9
1802865,IT,WE,FOOD4,RETA1,0.01,1687.621,3,3,1687.621,0.0,0.0,0.0,0.0,168762.1
1743368,IT,US,SALEM,PLAST,0.01,1687.46,3,3,1687.46,0.0,0.0,0.0,0.0,168746.0
1793893,IT,WL,WEARI,MEAT1,0.01,1687.425,3,3,1687.425,0.0,0.0,0.0,0.0,168742.5
1793436,IT,WL,FORES,HEAVY,0.01,1687.383,4,4,1686.383,0.0,1.0,0.0,0.0,168738.3
1786766,IT,ZA,HOTEL,MEATC,0.01,1687.335,3,3,1687.335,0.0,0.0,0.0,0.0,168733.5
1775004,IT,CH,REALE,HOTEL,0.07,1687.293,3,3,1687.293,0.0,0.0,0.0,0.0,24104.185714
1750780,IT,CN,TRANS,MEMBE,0.01,1687.244,3,3,1687.244,0.0,0.0,0.0,0.0,168724.4
1669568,IT,ES,REALE,RETAI,0.07,1687.097,3,3,1687.097,0.0,0.0,0.0,0.0,24101.385714
1668157,IT,ES,SALEM,SECO9,0.01,1686.875,3,3,1686.875,0.0,0.0,0.0,0.0,168687.5
1784758,IT,ID,RETA1,CHEM1,0.02,1686.864,3,3,1686.864,0.0,0.0,0.0,0.0,84343.2
1788641,IT,WA,PRINT,SALEM,0.02,1686.849,3,3,1686.849,0.0,0.0,0.0,0.0,84342.45
1747221,IT,JP,SALEM,NONME,0.01,1686.83,3,3,1686.83,0.0,0.0,0.0,0.0,168683.0
1733742,IT,SI,LANDT,MEAT4,0.01,1686.632,3,3,1686.632,0.0,0.0,0.0,0.0,168663.2
1713989,IT,MT,WHOLE,FURNI,0.01,1686.608,3,3,1686.608,0.0,0.0,0.0,0.0,168660.8
1756567,IT,KR,RETA1,SALEM,0.02,1686.536,3,3,1686.536,0.0,0.0,0.0,0.0,84326.8
1644567,IT,BE,PROCE,FINAN,0.01,1686.435,3,3,1686.435,0.0,0.0,0.0,0.0,168643.5
1643994,IT,AT,COMPU,INTER,0.02,1686.231,3,3,1686.231,0.0,0.0,0.0,0.0,84311.55
1783019,IT,NO,FINAN,CONST,0.02,1686.175,3,3,1686.175,0.0,0.0,0.0,0.0,84308.75
1711298,IT,LU,RETAI,RENTI,0.01,1686.155,3,3,1686.155,0.0,0.0,0.0,0.0,168615.5
1643150,IT,AT,RETA1,CONST,0.02,1685.497,3,3,1685.497,0.0,0.0,0.0,0.0,84274.85
1737424,IT,GB,WEARI,SALEM,0.01,1685.409,3,3,1685.409,0.0,0.0,0.0,0.0,168540.9
1752665,IT,CA,WEARI,LEATH,0.01,1685.225,3,3,1685.225,0.0,0.0,0.0,0.0,168522.5
1727976,IT,SE,FORES,CONST,0.01,1685.169,4,4,1684.169,0.0,1.0,0.0,0.0,168516.9
1710391,IT,LT,HOTEL,RAILW,0.01,1685.105,3,3,1685.105,0.0,0.0,0.0,0.0,168510.5
1682240,IT,HR,WEARI,WOOD2,0.01,1685.0,3,3,1685.0,0.0,0.0,0.0,0.0,168500.0
1675992,IT,FR,ELEC5,MOTOR,0.02,1684.9,3,3,1684.9,0.0,0.0,0.0,0.0,84245.0
1681384,IT,GR,AUXIL,RECRE,0.03,1684.756,3,3,1684.756,0.0,0.0,0.0,0.0,56158.533333
1728404,IT,SE,WEARI,VEGET,0.01,1684.722,3,3,1684.722,0.0,0.0,0.0,0.0,168472.2
1730046,IT,SE,WHOLE,FURNI,0.01,1684.704,3,3,1684.704,0.0,0.0,0.0,0.0,168470.4
1758857,IT,BR,HOTEL,NAPHT,0.01,1684.459,3,3,1684.459,0.0,0.0,0.0,0.0,168445.9
1793075,IT,WA,INERT,ANIMA,0.01,1684.417,3,3,1684.417,0.0,0.0,0.0,0.0,168441.7
1714068,IT,MT,RAILW,BUSIN,0.01,1684.351,3,3,1684.351,0.0,0.0,0.0,0.0,168435.1
1767020,IT,RU,TRANS,ELEC1,0.01,1684.317,3,3,1684.317,0.0,0.0,0.0,0.0,168431.7
1730380,IT,SE,SUPPO,93197,0.01,1684.016,3,3,1684.016,0.0,0.0,0.0,0.0,168401.6
1751147,IT,CN,HOTEL,PLANT,0.01,1684.013,3,3,1684.013,0.0,0.0,0.0,0.0,168401.3
1730641,IT,SE,RENTI,ELEC4,0.01,1683.983,3,3,1683.983,0.0,0.0,0.0,0.0,168398.3
1668382,IT,ES,RETA1,DAIRY,0.02,1683.978,3,3,1683.978,0.0,0.0,0.0,0.0,84198.9
1785003,IT,ID,RENTI,HOTEL,0.01,1683.899,3,3,1683.899,0.0,0.0,0.0,0.0,168389.9
1767385,IT,RU,LANDT,PROCE,0.01,1683.742,3,3,1683.742,0.0,0.0,0.0,0.0,168374.2
1786511,IT,ZA,TRANS,NFERT,0.01,1683.693,3,3,1683.693,0.0,0.0,0.0,0.0,168369.3
1783251,IT,NO,PUBLI,MACHI,0.03,1683.668,3,3,1683.668,0.0,0.0,0.0,0.0,56122.266667
1710413,IT,LT,RAILW,WHOLE,0.01,1683.623,3,3,1683.623,0.0,0.0,0.0,0.0,168362.3
1725556,IT,RO,LEATH,AIRTR,0.01,1683.607,3,3,1683.607,0.0,0.0,0.0,0.0,168360.7
1728644,IT,SE,PRINT,CEMEN,0.02,1683.532,3,3,1683.532,0.0,0.0,0.0,0.0,84176.6
1748274,IT,JP,MEMBE,RADIO,0.02,1683.493,3,3,1683.493,0.0,0.0,0.0,0.0,84174.65
1663586,IT,DK,BUSIN,VEGET,0.02,1683.463,3,3,1683.463,0.0,0.0,0.0,0.0,84173.15
1647986,IT,BE,RENTI,PUBLI,0.01,1683.228,3,3,1683.228,0.0,0.0,0.0,0.0,168322.8
1796781,IT,WL,LANDT,SEACO,0.01,1683.102,3,3,1683.102,0.0,0.0,0.0,0.0,168310.2
1647264,IT,BE,LANDT,GASWO,0.01,1682.965,3,3,1682.965,0.0,0.0,0.0,0.0,168296.5
1748195,IT,JP,PAPE1,PFERT,0.01,1682.885,3,3,1682.885,0.0,0.0,0.0,0.0,168288.5
1659308,IT,DE,RETAI,FISH5,0.01,1682.807,3,3,1682.807,0.0,0.0,0.0,0.0,168280.7
1781157,IT,TW,FOOD4,VEGET,0.01,1682.719,3,3,1682.719,0.0,0.0,0.0,0.0,168271.9
1810589,IT,WM,PRINT,BEVER,0.02,1682.686,3,3,1682.686,0.0,0.0,0.0,0.0,84134.3
1810133,IT,WM,WEARI,MEATP,0.01,1682.653,3,3,1682.653,0.0,0.0,0.0,0.0,168265.3
1661098,IT,DE,PUBLI,EDUCA,0.03,1682.59,3,3,1682.59,0.0,0.0,0.0,0.0,56086.333333
1727400,IT,RO,FINAN,ALUM1,0.02,1682.576,3,3,1682.576,0.0,0.0,0.0,0.0,84128.8
1689314,IT,IE,RETA1,SANDC,0.02,1681.979,3,3,1681.979,0.0,0.0,0.0,0.0,84098.95
1754569,IT,CA,93197,HEALT,0.01,1681.805,3,3,1681.805,0.0,0.0,0.0,0.0,168180.5
1791366,IT,WA,SALEM,INLAN,0.01,1681.715,3,3,1681.715,0.0,0.0,0.0,0.0,168171.5
1724300,IT,PT,LANDT,RETAI,0.01,1681.64,3,3,1681.64,0.0,0.0,0.0,0.0,168164.0
1678195,IT,FR,WOOD1,COPP1,0.01,1681.447,3,3,1681.447,0.0,0.0,0.0,0.0,168144.7
1662839,IT,DK,RETAI,WHEAT,0.01,1681.375,3,3,1681.375,0.0,0.0,0.0,0.0,168137.5
1720909,IT,PL,SALEM,RETAI,0.01,1681.34,3,3,1681.34,0.0,0.0,0.0,0.0,168134.0
1734125,IT,SI,AUXIL,ALUM1,0.03,1681.206,3,3,1681.206,0.0,0.0,0.0,0.0,56040.2
1814584,IT,WM,BUSIN,RADIO,0.02,1680.881,3,3,1680.881,0.0,0.0,0.0,0.0,84044.05
1669641,IT,ES,RENTI,PAPE1,0.01,1680.874,3,3,1680.874,0.0,0.0,0.0,0.0,168087.4
1813603,IT,WM,WHOLE,RENTI,0.01,1680.827,3,3,1680.827,0.0,0.0,0.0,0.0,168082.7
1717082,IT,NL,LANDT,PLAS1,0.01,1680.729,3,3,1680.729,0.0,0.0,0.0,0.0,168072.9
1714272,IT,MT,BUSIN,RADIO,0.02,1680.658,3,3,1680.658,0.0,0.0,0.0,0.0,84032.9
1668163,IT,ES,SALEM,ELEC9,0.01,1680.615,3,3,1680.615,0.0,0.0,0.0,0.0,168061.5
1758618,IT,BR,TRANS,NONME,0.01,1680.607,3,3,1680.607,0.0,0.0,0.0,0.0,168060.7
1751610,IT,CN,POSTT,INLAN,0.03,1680.033,3,3,1680.033,0.0,0.0,0.0,0.0,56001.1
1774768,IT,CH,POSTT,FORES,0.03,1679.865,3,3,1679.865,0.0,0.0,0.0,0.0,55995.5
1796686,IT,WL,RAILW,PAPER,0.01,1679.847,3,3,1679.847,0.0,0.0,0.0,0.0,167984.7
1646970,IT,BE,RETA1,CROPS,0.02,1679.769,3,3,1679.769,0.0,0.0,0.0,0.0,83988.45
1736720,IT,SK,REALE,FABRI,0.07,1679.65,3,3,1679.65,0.0,0.0,0.0,0.0,23995.0
1727043,IT,RO,RAILW,BIODI,0.01,1679.52,3,3,1679.52,0.0,0.0,0.0,0.0,167952.0
1651843,IT,CY,LANDT,RETA1,0.01,1679.375,3,3,1679.375,0.0,0.0,0.0,0.0,167937.5
1749347,IT,CN,PRINT,ELEC2,0.02,1679.286,3,3,1679.286,0.0,0.0,0.0,0.0,83964.3
1643151,IT,AT,RETA1,SALEM,0.02,1679.081,3,3,1679.081,0.0,0.0,0.0,0.0,83954.05
1787183,IT,ZA,PUBLI,REALE,0.03,1679.011,3,3,1679.011,0.0,0.0,0.0,0.0,55967.033333
1739264,IT,GB,HOTEL,SUGA1,0.01,1678.991,3,3,1678.991,0.0,0.0,0.0,0.0,167899.1
1764777,IT,MX,HOTEL,INERT,0.01,1678.97,3,3,1678.97,0.0,0.0,0.0,0.0,167897.0
1721112,IT,PL,RAILW,FORES,0.01,1678.955,3,3,1678.955,0.0,0.0,0.0,0.0,167895.5
1670595,IT,FI,WEARI,LEATH,0.01,1678.844,3,3,1678.844,0.0,0.0,0.0,0.0,167884.4
1814946,IT,WM,PRIVA,FABRI,0.37,1678.823,3,3,1678.823,0.0,0.0,0.0,0.0,4537.359459
1753810,IT,CA,WHOLE,FISHF,0.01,1678.703,3,3,1678.703,0.0,0.0,0.0,0.0,167870.3
1710574,IT,LT,BUSIN,BIODI,0.02,1678.701,3,3,1678.701,0.0,0.0,0.0,0.0,83935.05
1814324,IT,WM,FINAN,NAPHT,0.02,1678.691,3,3,1678.691,0.0,0.0,0.0,0.0,83934.55
1748233,IT,JP,TEXT1,GLASS,0.01,1678.649,3,3,1678.649,0.0,0.0,0.0,0.0,167864.9
1739328,IT,GB,HOTEL,FOOD2,0.01,1678.56,3,3,1678.56,0.0,0.0,0.0,0.0,167856.0
1648369,IT,BE,MEMBE,RECRE,0.02,1678.553,3,3,1678.553,0.0,0.0,0.0,0.0,83927.65
1654437,IT,CZ,RETA1,WHEAT,0.02,1678.104,3,3,1678.104,0.0,0.0,0.0,0.0,83905.2
1770722,IT,AU,AUXIL,BASIC,0.03,1677.903,3,3,1677.903,0.0,0.0,0.0,0.0,55930.1
1640878,IT,AT,LEATH,NFERT,0.01,1677.844,3,3,1677.844,0.0,0.0,0.0,0.0,167784.4
1731020,IT,SE,FOOD4,CONST,0.01,1677.809,3,3,1677.809,0.0,0.0,0.0,0.0,167780.9
1763133,IT,MX,LEATH,COKIN,0.01,1677.772,3,3,1677.772,0.0,0.0,0.0,0.0,167777.2
1672184,IT,FI,AUXIL,ELEC3,0.03,1677.758,3,3,1677.758,0.0,0.0,0.0,0.0,55925.266667
1717412,IT,NL,INSUR,FURNI,0.03,1677.602,3,3,1677.602,0.0,0.0,0.0,0.0,55920.066667
1814573,IT,WM,BUSIN,NFERT,0.02,1677.468,3,3,1677.468,0.0,0.0,0.0,0.0,83873.4
1655114,IT,CZ,BUSIN,POULT,0.02,1677.402,3,3,1677.402,0.0,0.0,0.0,0.0,83870.1
1780831,IT,TW,COMPU,FABRI,0.02,1677.158,3,3,1677.158,0.0,0.0,0.0,0.0,83857.9
1684157,IT,HR,LANDT,CERAM,0.01,1677.076,3,3,1677.076,0.0,0.0,0.0,0.0,167707.6
1710778,IT,LU,WEARI,RAILW,0.01,1676.981,3,3,1676.981,0.0,0.0,0.0,0.0,167698.1
1783910,IT,ID,CROPS,PIGS9,0.01,1676.932,3,3,1676.932,0.0,0.0,0.0,0.0,167693.2
1791720,IT,WA,RAILW,ANTHR,0.01,1676.723,3,3,1676.723,0.0,0.0,0.0,0.0,167672.3
1710293,IT,LT,TRANS,SALEM,0.01,1676.616,3,3,1676.616,0.0,0.0,0.0,0.0,167661.6
1787175,IT,ZA,PUBLI,HOTEL,0.03,1676.606,3,3,1676.606,0.0,0.0,0.0,0.0,55886.866667
1808514,IT,WF,PAPE4,WHEAT,0.01,1676.426,3,3,1676.426,0.0,0.0,0.0,0.0,167642.6
1797608,IT,WL,FOODW,PAPER,0.01,1676.412,3,3,1676.412,0.0,0.0,0.0,0.0,167641.2
1648138,IT,BE,BUSIN,WHEAT,0.02,1676.407,3,3,1676.407,0.0,0.0,0.0,0.0,83820.35
1760769,IT,IN,PRINT,RADIO,0.02,1676.327,3,3,1676.327,0.0,0.0,0.0,0.0,83816.35
1724153,IT,PT,RETA1,RAILW,0.02,1676.278,3,3,1676.278,0.0,0.0,0.0,0.0,83813.9
1690404,IT,IE,FOOD4,MOTOR,0.01,1676.235,3,3,1676.235,0.0,0.0,0.0,0.0,167623.5
1722872,IT,PT,PRINT,ELEC5,0.02,1676.192,3,3,1676.192,0.0,0.0,0.0,0.0,83809.6
1751510,IT,CN,SUPPO,CHEM1,0.01,1676.149,3,3,1676.149,0.0,0.0,0.0,0.0,167614.9
1680214,IT,GR,TRANS,LIQUE,0.01,1675.862,3,3,1675.862,0.0,0.0,0.0,0.0,167586.2
1720958,IT,PL,WHOLE,PLAST,0.01,1675.816,3,3,1675.816,0.0,0.0,0.0,0.0,167581.6
1711526,IT,LU,POSTT,RETAI,0.03,1675.725,3,3,1675.725,0.0,0.0,0.0,0.0,55857.5
1723999,IT,PT,RETAI,POULT,0.01,1675.653,3,3,1675.653,0.0,0.0,0.0,0.0,167565.3
1792323,IT,WA,FINAN,FOOD5,0.02,1675.487,3,3,1675.487,0.0,0.0,0.0,0.0,83774.35
1806924,IT,WF,RAILW,COPP1,0.01,1675.429,3,3,1675.429,0.0,0.0,0.0,0.0,167542.9
1775117,IT,CH,COMPU,MOTO1,0.02,1675.251,3,3,1675.251,0.0,0.0,0.0,0.0,83762.55
1787331,IT,WA,CROPS,BIOGA,0.01,1675.241,3,3,1675.241,0.0,0.0,0.0,0.0,167524.1
1759853,IT,BR,FOODW,LANDT,0.01,1675.191,3,3,1675.191,0.0,0.0,0.0,0.0,167519.1
1744976,IT,US,BUSIN,WOOD1,0.02,1675.011,3,3,1675.011,0.0,0.0,0.0,0.0,83750.55
1764534,IT,MX,SALEM,ALUM1,0.01,1674.961,3,3,1674.961,0.0,0.0,0.0,0.0,167496.1
1669956,IT,ES,EDUCA,ELEC3,0.04,1674.842,3,3,1674.842,0.0,0.0,0.0,0.0,41871.05
1734347,IT,SI,BUSIN,INTER,0.02,1674.755,3,3,1674.755,0.0,0.0,0.0,0.0,83737.75
1767639,IT,RU,POSTT,FISH5,0.03,1674.682,3,3,1674.682,0.0,0.0,0.0,0.0,55822.733333
1647184,IT,BE,RAILW,AUXIL,0.01,1674.425,3,3,1674.425,0.0,0.0,0.0,0.0,167442.5
1647512,IT,BE,SUPPO,CERAM,0.01,1674.419,3,3,1674.419,0.0,0.0,0.0,0.0,167441.9
1662940,IT,DK,RETA1,ELEC5,0.02,1674.337,3,3,1674.337,0.0,0.0,0.0,0.0,83716.85
1670112,IT,ES,PAPE4,ELEC3,0.01,1674.201,3,3,1674.201,0.0,0.0,0.0,0.0,167420.1
1751112,IT,CN,RETA1,FOUND,0.02,1674.1,3,3,1674.1,0.0,0.0,0.0,0.0,83705.0
1689616,IT,IE,SUPPO,PLAST,0.01,1674.028,3,3,1674.028,0.0,0.0,0.0,0.0,167402.8
1736584,IT,SK,SUPPO,INERT,0.01,1673.677,3,3,1673.677,0.0,0.0,0.0,0.0,167367.7
1757003,IT,KR,BUSIN,RAWMI,0.02,1673.554,3,3,1673.554,0.0,0.0,0.0,0.0,83677.7
1643311,IT,AT,RAILW,FISH5,0.01,1673.545,3,3,1673.545,0.0,0.0,0.0,0.0,167354.5
1688494,IT,IE,LEATH,SALEM,0.01,1673.374,3,3,1673.374,0.0,0.0,0.0,0.0,167337.4
1759470,IT,BR,AUXIL,TRANS,0.03,1673.324,3,3,1673.324,0.0,0.0,0.0,0.0,55777.466667
1764532,IT,MX,SALEM,TEXTI,0.01,1673.116,3,3,1673.116,0.0,0.0,0.0,0.0,167311.6
1751198,IT,CN,HOTEL,PETRO,0.01,1672.981,3,3,1672.981,0.0,0.0,0.0,0.0,167298.1
1646825,IT,BE,SALEM,OILHA,0.01,1672.978,3,3,1672.978,0.0,0.0,0.0,0.0,167297.8
1681496,IT,GR,BUSIN,RAWMI,0.02,1672.965,3,3,1672.965,0.0,0.0,0.0,0.0,83648.25
1717779,IT,NL,FOODW,BASIC,0.01,1672.629,3,3,1672.629,0.0,0.0,0.0,0.0,167262.9
1792512,IT,WA,REALE,NONF1,0.07,1672.592,3,3,1672.592,0.0,0.0,0.0,0.0,23894.171429
1678197,IT,FR,WOOD1,HOTEL,0.01,1672.469,3,3,1672.469,0.0,0.0,0.0,0.0,167246.9
1765120,IT,MX,COMPU,INSUR,0.02,1672.155,3,3,1672.155,0.0,0.0,0.0,0.0,83607.75
1739305,IT,GB,HOTEL,RETAI,0.01,1672.072,3,3,1672.072,0.0,0.0,0.0,0.0,167207.2
1660618,IT,DE,REALE,FOUND,0.07,1672.054,3,3,1672.054,0.0,0.0,0.0,0.0,23886.485714
1661747,IT,DK,LEATH,PULP5,0.01,1672.027,3,3,1672.027,0.0,0.0,0.0,0.0,167202.7
1648000,IT,BE,COMPU,SUGA1,0.02,1671.985,3,3,1671.985,0.0,0.0,0.0,0.0,83599.25
1659555,IT,DE,RETA1,FOOD4,0.02,1671.927,3,3,1671.927,0.0,0.0,0.0,0.0,83596.35
1785281,IT,ZA,WEARI,MACHI,0.01,1671.91,3,3,1671.91,0.0,0.0,0.0,0.0,167191.0
1756500,IT,KR,RETAI,LANDT,0.01,1671.838,3,3,1671.838,0.0,0.0,0.0,0.0,167183.8
1643423,IT,AT,LANDT,REFIN,0.01,1671.769,3,3,1671.769,0.0,0.0,0.0,0.0,167176.9
1683990,IT,HR,WHOLE,EDUCA,0.01,1671.745,3,3,1671.745,0.0,0.0,0.0,0.0,167174.5
1677336,IT,FR,FINAN,WOOD1,0.02,1671.66,3,3,1671.66,0.0,0.0,0.0,0.0,83583.0
1726921,IT,RO,HOTEL,FISHF,0.01,1671.655,3,3,1671.655,0.0,0.0,0.0,0.0,167165.5
1688031,IT,HU,COMPU,STONE,0.02,1671.583,3,3,1671.583,0.0,0.0,0.0,0.0,83579.15
1711851,IT,LU,PAPE1,FOOD3,0.01,1671.535,3,3,1671.535,0.0,0.0,0.0,0.0,167153.5
1677407,IT,FR,INSUR,ELECT,0.03,1671.325,3,3,1671.325,0.0,0.0,0.0,0.0,55710.833333
1715101,IT,NL,WEARI,FINAN,0.01,1671.29,3,3,1671.29,0.0,0.0,0.0,0.0,167129.0
1744492,IT,US,REALE,NATUR,0.07,1671.238,3,3,1671.238,0.0,0.0,0.0,0.0,23874.828571
1771353,IT,CH,PROCE,RADIO,0.01,1671.174,3,3,1671.174,0.0,0.0,0.0,0.0,167117.4
1783844,IT,NO,TEXT2,COPP1,0.01,1670.975,3,3,1670.975,0.0,0.0,0.0,0.0,167097.5
1756658,IT,KR,LANDT,COMPU,0.01,1670.744,3,3,1670.744,0.0,0.0,0.0,0.0,167074.4
1712888,IT,LV,REALE,TRANS,0.07,1670.744,3,3,1670.744,0.0,0.0,0.0,0.0,23867.771429
1680455,IT,GR,ELEC4,EDUCA,0.03,1670.715,3,3,1670.715,0.0,0.0,0.0,0.0,55690.5
1724738,IT,PT,AUXIL,RECRE,0.03,1670.615,3,3,1670.615,0.0,0.0,0.0,0.0,55687.166667
1680622,IT,GR,SALEM,DIST1,0.01,1670.583,3,3,1670.583,0.0,0.0,0.0,0.0,167058.3
1663211,IT,DK,LANDT,WOOD1,0.01,1670.441,3,3,1670.441,0.0,0.0,0.0,0.0,167044.1
1676728,IT,FR,RAILW,TEXT1,0.01,1670.332,3,3,1670.332,0.0,0.0,0.0,0.0,167033.2
1796391,IT,WL,WHOLE,NAPHT,0.01,1670.247,3,3,1670.247,0.0,0.0,0.0,0.0,167024.7
1641179,IT,AT,PRINT,FOUND,0.02,1669.609,3,3,1669.609,0.0,0.0,0.0,0.0,83480.45
1725207,IT,RO,PROCE,FOOD5,0.01,1669.555,3,3,1669.555,0.0,0.0,0.0,0.0,166955.5
1717207,IT,NL,SUPPO,ELEC1,0.01,1669.54,3,3,1669.54,0.0,0.0,0.0,0.0,166954.0
1654480,IT,CZ,HOTEL,PIGS9,0.01,1669.482,3,3,1669.482,0.0,0.0,0.0,0.0,166948.2
1712731,IT,LV,RAILW,MOTO1,0.01,1669.462,3,3,1669.462,0.0,0.0,0.0,0.0,166946.2
1640228,IT,AT,FORES,DIST1,0.01,1669.45,4,4,1668.45,0.0,1.0,0.0,0.0,166945.0
1728182,IT,SE,PROCE,NONME,0.01,1669.427,3,3,1669.427,0.0,0.0,0.0,0.0,166942.7
1670083,IT,ES,FOOD4,TEXTI,0.01,1669.307,3,3,1669.307,0.0,0.0,0.0,0.0,166930.7
1680822,IT,GR,RAILW,OFFIC,0.01,1669.295,3,3,1669.295,0.0,0.0,0.0,0.0,166929.5
1796481,IT,WL,RETA1,SUGA1,0.02,1669.274,3,3,1669.274,0.0,0.0,0.0,0.0,83463.7
1793251,IT,WA,PRIVA,TOBAC,0.37,1669.256,3,3,1669.256,0.0,0.0,0.0,0.0,4511.502703
1721949,IT,PL,COMPU,SUGA1,0.02,1669.173,3,3,1669.173,0.0,0.0,0.0,0.0,83458.65
1734454,IT,SK,FORES,CONST,0.01,1669.158,4,4,1668.158,0.0,1.0,0.0,0.0,166915.8
1762054,IT,IN,RETA1,VEGE1,0.02,1669.095,3,3,1669.095,0.0,0.0,0.0,0.0,83454.75
1711552,IT,LU,FINAN,RAWMI,0.02,1669.023,3,3,1669.023,0.0,0.0,0.0,0.0,83451.15
1671954,IT,FI,LANDT,LIQUI,0.01,1668.924,3,3,1668.924,0.0,0.0,0.0,0.0,166892.4
1688473,IT,IE,WEARI,CONST,0.01,1668.568,3,3,1668.568,0.0,0.0,0.0,0.0,166856.8
1710463,IT,LT,LANDT,TRANS,0.01,1668.44,3,3,1668.44,0.0,0.0,0.0,0.0,166844.0
1806815,IT,WF,RETA1,BRICK,0.02,1667.96,3,3,1667.96,0.0,0.0,0.0,0.0,83398.0
1720945,IT,PL,WHOLE,SUGA1,0.01,1667.917,3,3,1667.917,0.0,0.0,0.0,0.0,166791.7
1652059,IT,CZ,FORES,WHOLE,0.01,1667.625,4,4,1666.625,0.0,1.0,0.0,0.0,166762.5
1654780,IT,CZ,SUPPO,DAIRY,0.01,1667.605,3,3,1667.605,0.0,0.0,0.0,0.0,166760.5
1725016,IT,PT,PAPE4,COPP1,0.01,1667.449,3,3,1667.449,0.0,0.0,0.0,0.0,166744.9
1813802,IT,WM,RAILW,NAPHT,0.01,1667.093,3,3,1667.093,0.0,0.0,0.0,0.0,166709.3
1781783,IT,NO,PRINT,AUXIL,0.02,1667.06,3,3,1667.06,0.0,0.0,0.0,0.0,83353.0
1668372,IT,ES,RETA1,CRUDE,0.02,1667.055,3,3,1667.055,0.0,0.0,0.0,0.0,83352.75
1791736,IT,WA,RAILW,PAPER,0.01,1666.943,3,3,1666.943,0.0,0.0,0.0,0.0,166694.3
1775561,IT,CH,INERT,HEALT,0.01,1666.904,3,3,1666.904,0.0,0.0,0.0,0.0,166690.4
1758861,IT,BR,HOTEL,CHARC,0.01,1666.896,3,3,1666.896,0.0,0.0,0.0,0.0,166689.6
1770589,IT,AU,POSTT,FURNI,0.03,1666.86,3,3,1666.86,0.0,0.0,0.0,0.0,55562.0
1671742,IT,FI,SALEM,EDUCA,0.01,1666.827,3,3,1666.827,0.0,0.0,0.0,0.0,166682.7
1801774,IT,WE,ELEC4,TEXTI,0.03,1666.696,3,3,1666.696,0.0,0.0,0.0,0.0,55556.533333
1736974,IT,GB,CROPS,TOBAC,0.01,1666.68,3,3,1666.68,0.0,0.0,0.0,0.0,166668.0
1792483,IT,WA,REALE,CROPS,0.07,1666.496,3,3,1666.496,0.0,0.0,0.0,0.0,23807.085714
1654867,IT,CZ,POSTT,STEAM,0.03,1666.429,3,3,1666.429,0.0,0.0,0.0,0.0,55547.633333
1774691,IT,CH,SUPPO,STONE,0.01,1666.314,3,3,1666.314,0.0,0.0,0.0,0.0,166631.4
1640508,IT,AT,PROCE,RECRE,0.01,1666.268,3,3,1666.268,0.0,0.0,0.0,0.0,166626.8
1726954,IT,RO,HOTEL,HEAVY,0.01,1666.234,3,3,1666.234,0.0,0.0,0.0,0.0,166623.4
1668603,IT,ES,RAILW,VEGET,0.01,1666.162,3,3,1666.162,0.0,0.0,0.0,0.0,166616.2
1783705,IT,NO,FOOD4,NONME,0.01,1666.156,3,3,1666.156,0.0,0.0,0.0,0.0,166615.6
1757389,IT,BR,LEATH,WHOLE,0.01,1666.147,3,3,1666.147,0.0,0.0,0.0,0.0,166614.7
1681232,IT,GR,FINAN,WOODW,0.02,1666.011,3,3,1666.011,0.0,0.0,0.0,0.0,83300.55
1776403,IT,TR,PRINT,SEACO,0.02,1665.814,3,3,1665.814,0.0,0.0,0.0,0.0,83290.7
1643103,IT,AT,WHOLE,CONST,0.01,1665.633,3,3,1665.633,0.0,0.0,0.0,0.0,166563.3
1783119,IT,NO,AUXIL,NATUR,0.03,1665.628,3,3,1665.628,0.0,0.0,0.0,0.0,55520.933333
1663542,IT,DK,COMPU,MEDIC,0.02,1665.537,3,3,1665.537,0.0,0.0,0.0,0.0,83276.85
1809678,IT,WM,PROCE,DAIRY,0.01,1665.389,3,3,1665.389,0.0,0.0,0.0,0.0,166538.9
1682494,IT,HR,PRINT,MOTO1,0.02,1665.345,3,3,1665.345,0.0,0.0,0.0,0.0,83267.25
1664647,IT,EE,LANDT,TRANS,0.01,1665.31,3,3,1665.31,0.0,0.0,0.0,0.0,166531.0
1659218,IT,DE,SALEM,WHEAT,0.01,1664.797,3,3,1664.797,0.0,0.0,0.0,0.0,166479.7
1806622,IT,WF,SALEM,TRAN1,0.01,1664.775,3,3,1664.775,0.0,0.0,0.0,0.0,166477.5
1647109,IT,BE,HOTEL,RADIO,0.01,1664.77,3,3,1664.77,0.0,0.0,0.0,0.0,166477.0
1723993,IT,PT,SALEM,PAPE4,0.01,1664.58,3,3,1664.58,0.0,0.0,0.0,0.0,166458.0
1743369,IT,US,SALEM,NFERT,0.01,1664.282,3,3,1664.282,0.0,0.0,0.0,0.0,166428.2
1765181,IT,MX,BUSIN,ELEC3,0.02,1664.262,3,3,1664.262,0.0,0.0,0.0,0.0,83213.1
1687496,IT,HU,LANDT,CHEMI,0.01,1664.232,3,3,1664.232,0.0,0.0,0.0,0.0,166423.2
1807369,IT,WF,FINAN,CEMEN,0.02,1664.21,3,3,1664.21,0.0,0.0,0.0,0.0,83210.5
1721796,IT,PL,AUXIL,SUPPO,0.03,1664.113,3,3,1664.113,0.0,0.0,0.0,0.0,55470.433333
1762874,IT,IN,93197,MOTO1,0.01,1664.094,3,3,1664.094,0.0,0.0,0.0,0.0,166409.4
1734748,IT,SK,LEATH,FOOD2,0.01,1663.941,3,3,1663.941,0.0,0.0,0.0,0.0,166394.1
1748860,IT,CN,WEARI,PIGS9,0.01,1663.824,3,3,1663.824,0.0,0.0,0.0,0.0,166382.4
1733991,IT,SI,SUPPO,MEMBE,0.01,1663.791,3,3,1663.791,0.0,0.0,0.0,0.0,166379.1
1688361,IT,IE,PROCE,MEAT4,0.01,1663.787,3,3,1663.787,0.0,0.0,0.0,0.0,166378.7
1753983,IT,CA,LANDT,MEDIC,0.01,1663.778,3,3,1663.778,0.0,0.0,0.0,0.0,166377.8
1754219,IT,CA,POSTT,WEARI,0.03,1663.679,3,3,1663.679,0.0,0.0,0.0,0.0,55455.966667
1681368,IT,GR,AUXIL,BEVER,0.03,1663.369,3,3,1663.369,0.0,0.0,0.0,0.0,55445.633333
1668765,IT,ES,LANDT,BLAST,0.01,1663.363,3,3,1663.363,0.0,0.0,0.0,0.0,166336.3
1690306,IT,IE,SEWAG,FOOD4,0.01,1663.28,3,3,1663.28,0.0,0.0,0.0,0.0,166328.0
1722127,IT,PL,BUSIN,SECO9,0.02,1663.269,3,3,1663.269,0.0,0.0,0.0,0.0,83163.45
1714317,IT,MT,EDUCA,RETA1,0.04,1663.203,3,3,1663.203,0.0,0.0,0.0,0.0,41580.075
1721064,IT,PL,HOTEL,ELEC2,0.01,1663.056,3,3,1663.056,0.0,0.0,0.0,0.0,166305.6
1759020,IT,BR,LANDT,COMPU,0.01,1662.96,3,3,1662.96,0.0,0.0,0.0,0.0,166296.0
1781236,IT,NO,CROPS,WHOLE,0.01,1662.929,3,3,1662.929,0.0,0.0,0.0,0.0,166292.9
1683958,IT,HR,WHOLE,TEXTI,0.01,1662.882,3,3,1662.882,0.0,0.0,0.0,0.0,166288.2
1717052,IT,NL,LANDT,COKE1,0.01,1662.775,3,3,1662.775,0.0,0.0,0.0,0.0,166277.5
1671727,IT,FI,SALEM,TRAN1,0.01,1662.475,3,3,1662.475,0.0,0.0,0.0,0.0,166247.5
1770131,IT,AU,WHOLE,PAPE4,0.01,1662.349,3,3,1662.349,0.0,0.0,0.0,0.0,166234.9
1771697,IT,CH,WEARI,TEXT1,0.01,1662.29,3,3,1662.29,0.0,0.0,0.0,0.0,166229.0
1765759,IT,RU,PRINT,AIRTR,0.02,1662.065,3,3,1662.065,0.0,0.0,0.0,0.0,83103.25
1814315,IT,WM,FINAN,WEARI,0.02,1661.975,3,3,1661.975,0.0,0.0,0.0,0.0,83098.75
1802791,IT,WE,BUSIN,LANDT,0.02,1661.896,3,3,1661.896,0.0,0.0,0.0,0.0,83094.8
1756812,IT,KR,SUPPO,CEMEN,0.01,1661.652,3,3,1661.652,0.0,0.0,0.0,0.0,166165.2
1752742,IT,CA,LEATH,PAPE4,0.01,1661.594,3,3,1661.594,0.0,0.0,0.0,0.0,166159.4
1720927,IT,PL,SALEM,MEMBE,0.01,1661.573,3,3,1661.573,0.0,0.0,0.0,0.0,166157.3
1802806,IT,WE,BUSIN,PRIVA,0.02,1661.56,3,3,1661.56,0.0,0.0,0.0,0.0,83078.0
1717913,IT,PL,FORES,RETA1,0.01,1661.452,4,4,1660.452,0.0,1.0,0.0,0.0,166145.2
1661911,IT,DK,PRINT,MOTO1,0.02,1661.312,3,3,1661.312,0.0,0.0,0.0,0.0,83065.6
1739855,IT,GB,FINAN,BRICK,0.02,1661.289,3,3,1661.289,0.0,0.0,0.0,0.0,83064.45
1768126,IT,RU,PUBLI,RAWMI,0.03,1661.055,3,3,1661.055,0.0,0.0,0.0,0.0,55368.5
1779706,IT,TR,BUSIN,RAWMI,0.02,1660.976,3,3,1660.976,0.0,0.0,0.0,0.0,83048.8
1756634,IT,KR,LANDT,FISH5,0.01,1660.944,3,3,1660.944,0.0,0.0,0.0,0.0,166094.4
1647895,IT,BE,REALE,NFERT,0.07,1660.883,3,3,1660.883,0.0,0.0,0.0,0.0,23726.9
1717266,IT,NL,POSTT,ELEC2,0.03,1660.854,3,3,1660.854,0.0,0.0,0.0,0.0,55361.8
1659752,IT,DE,RAILW,OILHA,0.01,1660.752,3,3,1660.752,0.0,0.0,0.0,0.0,166075.2
1661061,IT,DE,PUBLI,GLASS,0.03,1660.75,3,3,1660.75,0.0,0.0,0.0,0.0,55358.333333
1780208,IT,TW,RAILW,LIQUE,0.01,1660.495,3,3,1660.495,0.0,0.0,0.0,0.0,166049.5
1727449,IT,RO,AUXIL,CROPS,0.03,1660.477,3,3,1660.477,0.0,0.0,0.0,0.0,55349.233333
1802839,IT,WE,PAPE1,RETA1,0.01,1660.399,3,3,1660.399,0.0,0.0,0.0,0.0,166039.9
1734189,IT,SI,REALE,HOTEL,0.07,1660.393,3,3,1660.393,0.0,0.0,0.0,0.0,23719.9
1791449,IT,WA,WHOLE,FOUND,0.01,1659.744,3,3,1659.744,0.0,0.0,0.0,0.0,165974.4
1767170,IT,RU,WHOLE,PFERT,0.01,1659.6,3,3,1659.6,0.0,0.0,0.0,0.0,165960.0
1678087,IT,FR,FOODW,EDUCA,0.01,1659.546,3,3,1659.546,0.0,0.0,0.0,0.0,165954.6
1740175,IT,GB,BUSIN,POULT,0.02,1659.51,3,3,1659.51,0.0,0.0,0.0,0.0,82975.5
1672345,IT,FI,BUSIN,PRECI,0.02,1659.383,3,3,1659.383,0.0,0.0,0.0,0.0,82969.15
1792487,IT,WA,REALE,NATUR,0.07,1659.377,3,3,1659.377,0.0,0.0,0.0,0.0,23705.385714
1669868,IT,ES,PUBLI,WOODW,0.03,1659.077,3,3,1659.077,0.0,0.0,0.0,0.0,55302.566667
1684619,IT,HR,FOOD4,PLAST,0.01,1659.039,3,3,1659.039,0.0,0.0,0.0,0.0,165903.9
1648377,IT,BE,RECRE,REFI1,0.02,1658.995,3,3,1658.995,0.0,0.0,0.0,0.0,82949.75
1661076,IT,DE,PUBLI,ELEC8,0.03,1658.935,3,3,1658.935,0.0,0.0,0.0,0.0,55297.833333
1689187,IT,IE,RETAI,FISH5,0.01,1658.884,3,3,1658.884,0.0,0.0,0.0,0.0,165888.4
1729997,IT,SE,SALEM,LEAD1,0.01,1658.799,3,3,1658.799,0.0,0.0,0.0,0.0,165879.9
1780486,IT,TW,POSTT,NONSP,0.03,1658.771,3,3,1658.771,0.0,0.0,0.0,0.0,55292.366667
1659561,IT,DE,HOTEL,VEGET,0.01,1658.573,3,3,1658.573,0.0,0.0,0.0,0.0,165857.3
1762338,IT,IN,SUPPO,MACHI,0.01,1658.528,3,3,1658.528,0.0,0.0,0.0,0.0,165852.8
1765030,IT,MX,INSUR,CERAM,0.03,1658.403,3,3,1658.403,0.0,0.0,0.0,0.0,55280.1
1782992,IT,NO,POSTT,OFFIC,0.03,1658.304,3,3,1658.304,0.0,0.0,0.0,0.0,55276.8
1661166,IT,DE,93197,MOTOR,0.01,1658.272,3,3,1658.272,0.0,0.0,0.0,0.0,165827.2
1808622,IT,WF,PLAS2,AIRTR,0.01,1658.222,3,3,1658.222,0.0,0.0,0.0,0.0,165822.2
1814909,IT,WM,PRIVA,TEXTI,0.37,1658.21,3,3,1658.21,0.0,0.0,0.0,0.0,4481.648649
1721573,IT,PL,POSTT,PIGS9,0.03,1658.17,3,3,1658.17,0.0,0.0,0.0,0.0,55272.333333
1807484,IT,WF,REALE,AIRTR,0.07,1658.162,3,3,1658.162,0.0,0.0,0.0,0.0,23688.028571
1779843,IT,TR,PUBLI,NONME,0.03,1657.946,3,3,1657.946,0.0,0.0,0.0,0.0,55264.866667
1668754,IT,ES,LANDT,SECO9,0.01,1657.899,3,3,1657.899,0.0,0.0,0.0,0.0,165789.9
1711777,IT,LU,PUBLI,KEROS,0.03,1657.848,3,3,1657.848,0.0,0.0,0.0,0.0,55261.6
1806987,IT,WF,LANDT,BRICK,0.01,1657.755,3,3,1657.755,0.0,0.0,0.0,0.0,165775.5
1802882,IT,WE,MEMBE,INSUR,0.02,1657.555,3,3,1657.555,0.0,0.0,0.0,0.0,82877.75
1662916,IT,DK,RETA1,LEATH,0.02,1657.495,3,3,1657.495,0.0,0.0,0.0,0.0,82874.75
1710366,IT,LT,HOTEL,WOODW,0.01,1657.427,3,3,1657.427,0.0,0.0,0.0,0.0,165742.7
1689720,IT,IE,FINAN,WOODW,0.02,1657.2,3,3,1657.2,0.0,0.0,0.0,0.0,82860.0
1759435,IT,BR,INSUR,INSUR,0.03,1656.979,3,3,1656.979,0.0,0.0,0.0,0.0,55232.633333
1759854,IT,BR,FOODW,SEACO,0.01,1656.765,3,3,1656.765,0.0,0.0,0.0,0.0,165676.5
1684529,IT,HR,BUSIN,LEATH,0.02,1656.657,3,3,1656.657,0.0,0.0,0.0,0.0,82832.85
1673420,IT,FR,WEARI,NFERT,0.01,1656.606,3,3,1656.606,0.0,0.0,0.0,0.0,165660.6
1769040,IT,AU,PRINT,93197,0.02,1656.498,3,3,1656.498,0.0,0.0,0.0,0.0,82824.9
1814623,IT,WM,FOODW,CHEM1,0.01,1656.369,3,3,1656.369,0.0,0.0,0.0,0.0,165636.9
1734316,IT,SI,BUSIN,SECO9,0.02,1655.78,3,3,1655.78,0.0,0.0,0.0,0.0,82789.0
1757390,IT,BR,LEATH,RETA1,0.01,1655.62,3,3,1655.62,0.0,0.0,0.0,0.0,165562.0
1676287,IT,FR,SALEM,FOOD1,0.01,1655.557,3,3,1655.557,0.0,0.0,0.0,0.0,165555.7
1783203,IT,NO,BUSIN,MEATC,0.02,1655.382,3,3,1655.382,0.0,0.0,0.0,0.0,82769.1
1730035,IT,SE,WHOLE,CERAM,0.01,1655.337,3,3,1655.337,0.0,0.0,0.0,0.0,165533.7
1783863,IT,NO,TEXT2,FOOD3,0.01,1655.191,3,3,1655.191,0.0,0.0,0.0,0.0,165519.1
1778308,IT,TR,SALEM,SECO9,0.01,1655.019,3,3,1655.019,0.0,0.0,0.0,0.0,165501.9
1670108,IT,ES,PAPE4,NONME,0.01,1654.959,3,3,1654.959,0.0,0.0,0.0,0.0,165495.9
1655186,IT,CZ,BUSIN,SEACO,0.02,1654.9,3,3,1654.9,0.0,0.0,0.0,0.0,82745.0
1724461,IT,PT,SUPPO,FISH5,0.01,1654.867,3,3,1654.867,0.0,0.0,0.0,0.0,165486.7
1673557,IT,FR,LEATH,WASTE,0.01,1654.661,3,3,1654.661,0.0,0.0,0.0,0.0,165466.1
1756579,IT,KR,RETA1,RENTI,0.02,1654.585,3,3,1654.585,0.0,0.0,0.0,0.0,82729.25
1689975,IT,IE,REALE,GLASS,0.07,1654.317,3,3,1654.317,0.0,0.0,0.0,0.0,23633.1
1747721,IT,JP,FINAN,RADIO,0.02,1654.31,3,3,1654.31,0.0,0.0,0.0,0.0,82715.5
1734710,IT,SK,LEATH,NONME,0.01,1654.304,3,3,1654.304,0.0,0.0,0.0,0.0,165430.4
1764567,IT,MX,WHOLE,WOODW,0.01,1654.255,3,3,1654.255,0.0,0.0,0.0,0.0,165425.5
1661190,IT,DE,93197,AUXIL,0.01,1654.078,3,3,1654.078,0.0,0.0,0.0,0.0,165407.8
1740422,IT,GB,SEWAG,WASTE,0.01,1653.962,3,3,1653.962,0.0,0.0,0.0,0.0,165396.2
1654455,IT,CZ,RETA1,ELEC3,0.02,1653.946,3,3,1653.946,0.0,0.0,0.0,0.0,82697.3
1654448,IT,CZ,RETA1,GASDI,0.02,1653.908,3,3,1653.908,0.0,0.0,0.0,0.0,82695.4
1774480,IT,CH,LANDT,CERAM,0.01,1653.765,3,3,1653.765,0.0,0.0,0.0,0.0,165376.5
1740309,IT,GB,PUBLI,GLASS,0.03,1653.555,3,3,1653.555,0.0,0.0,0.0,0.0,55118.5
1780422,IT,TW,SUPPO,PFERT,0.01,1653.537,3,3,1653.537,0.0,0.0,0.0,0.0,165353.7
1744441,IT,US,AUXIL,RADIO,0.03,1653.417,3,3,1653.417,0.0,0.0,0.0,0.0,55113.9
1681233,IT,GR,FINAN,PULP5,0.02,1653.388,3,3,1653.388,0.0,0.0,0.0,0.0,82669.4
1664885,IT,ES,FORES,RESEA,0.01,1653.348,4,4,1652.348,0.0,1.0,0.0,0.0,165334.8
1655065,IT,CZ,COMPU,BASIC,0.02,1653.275,3,3,1653.275,0.0,0.0,0.0,0.0,82663.75
1678568,IT,GR,CROPS,WOODW,0.01,1653.171,3,3,1653.171,0.0,0.0,0.0,0.0,165317.1
1725746,IT,RO,PRINT,MEATP,0.02,1653.063,3,3,1653.063,0.0,0.0,0.0,0.0,82653.15
1744212,IT,US,POSTT,HEAVY,0.03,1652.961,3,3,1652.961,0.0,0.0,0.0,0.0,55098.7
1787015,IT,ZA,INSUR,ELEC1,0.03,1652.809,3,3,1652.809,0.0,0.0,0.0,0.0,55093.633333
1643851,IT,AT,INSUR,WHOLE,0.03,1652.761,3,3,1652.761,0.0,0.0,0.0,0.0,55092.033333
1779101,IT,TR,SUPPO,FURNI,0.01,1652.723,3,3,1652.723,0.0,0.0,0.0,0.0,165272.3
1784729,IT,ID,RETAI,RENTI,0.01,1652.572,3,3,1652.572,0.0,0.0,0.0,0.0,165257.2
1759921,IT,BR,PAPE1,RECRE,0.01,1652.561,3,3,1652.561,0.0,0.0,0.0,0.0,165256.1
1757278,IT,BR,PROCE,PLAST,0.01,1652.295,3,3,1652.295,0.0,0.0,0.0,0.0,165229.5
1786990,IT,ZA,INSUR,MEAT1,0.03,1652.273,3,3,1652.273,0.0,0.0,0.0,0.0,55075.766667
1727774,IT,RO,BUSIN,MEATC,0.02,1652.193,3,3,1652.193,0.0,0.0,0.0,0.0,82609.65
1729993,IT,SE,SALEM,PULP5,0.01,1651.872,3,3,1651.872,0.0,0.0,0.0,0.0,165187.2
1814569,IT,WM,BUSIN,LUBRI,0.02,1651.863,3,3,1651.863,0.0,0.0,0.0,0.0,82593.15
1654392,IT,CZ,SALEM,SEWAG,0.01,1651.724,3,3,1651.724,0.0,0.0,0.0,0.0,165172.4
1640222,IT,AT,FORES,CERAM,0.01,1651.709,4,4,1650.709,0.0,1.0,0.0,0.0,165170.9
1644877,IT,BE,LEATH,MEATC,0.01,1651.662,3,3,1651.662,0.0,0.0,0.0,0.0,165166.2
1687832,IT,HU,FINAN,RUBBE,0.02,1651.473,3,3,1651.473,0.0,0.0,0.0,0.0,82573.65
1787100,IT,ZA,BUSIN,RADIO,0.02,1651.453,3,3,1651.453,0.0,0.0,0.0,0.0,82572.65
1797318,IT,WL,AUXIL,RENTI,0.03,1651.198,3,3,1651.198,0.0,0.0,0.0,0.0,55039.933333
1664618,IT,EE,LANDT,MEATC,0.01,1651.053,3,3,1651.053,0.0,0.0,0.0,0.0,165105.3
1770051,IT,AU,SALEM,WHOLE,0.01,1651.014,3,3,1651.014,0.0,0.0,0.0,0.0,165101.4
1739406,IT,GB,RAILW,TEXT2,0.01,1650.931,3,3,1650.931,0.0,0.0,0.0,0.0,165093.1
1730751,IT,SE,BUSIN,MEAT4,0.02,1650.715,3,3,1650.715,0.0,0.0,0.0,0.0,82535.75
1814651,IT,WM,PAPE1,AUXIL,0.01,1650.677,3,3,1650.677,0.0,0.0,0.0,0.0,165067.7
1670135,IT,ES,INERT,ELEC5,0.01,1650.648,3,3,1650.648,0.0,0.0,0.0,0.0,165064.8
1739009,IT,GB,SALEM,RAILW,0.01,1650.628,3,3,1650.628,0.0,0.0,0.0,0.0,165062.8
1779092,IT,TR,SUPPO,PREC1,0.01,1650.617,3,3,1650.617,0.0,0.0,0.0,0.0,165061.7
1655202,IT,CZ,BUSIN,PAPE1,0.02,1650.607,3,3,1650.607,0.0,0.0,0.0,0.0,82530.35
1724790,IT,PT,COMPU,PRINT,0.02,1650.444,3,3,1650.444,0.0,0.0,0.0,0.0,82522.2
1748896,IT,CN,WEARI,PETRO,0.01,1650.424,3,3,1650.424,0.0,0.0,0.0,0.0,165042.4
1745764,IT,JP,WEARI,ELEC6,0.01,1650.307,3,3,1650.307,0.0,0.0,0.0,0.0,165030.7
1716632,IT,NL,SALEM,INERT,0.01,1650.119,3,3,1650.119,0.0,0.0,0.0,0.0,165011.9
1785311,IT,ZA,LEATH,WEARI,0.01,1649.894,3,3,1649.894,0.0,0.0,0.0,0.0,164989.4
1752484,IT,CA,PROCE,BUSIN,0.01,1649.852,3,3,1649.852,0.0,0.0,0.0,0.0,164985.2
1778332,IT,TR,SALEM,FOOD3,0.01,1649.814,3,3,1649.814,0.0,0.0,0.0,0.0,164981.4
1778329,IT,TR,SALEM,INTER,0.01,1649.774,3,3,1649.774,0.0,0.0,0.0,0.0,164977.4
1744163,IT,US,SUPPO,WOOD1,0.01,1649.725,3,3,1649.725,0.0,0.0,0.0,0.0,164972.5
1778331,IT,TR,SALEM,FOOD2,0.01,1649.657,3,3,1649.657,0.0,0.0,0.0,0.0,164965.7
1787174,IT,ZA,PUBLI,RETA1,0.03,1649.618,3,3,1649.618,0.0,0.0,0.0,0.0,54987.266667
1778334,IT,TR,SALEM,FOOD4,0.01,1649.406,3,3,1649.406,0.0,0.0,0.0,0.0,164940.6
1808238,IT,WF,PAPE2,WHOLE,0.01,1649.353,3,3,1649.353,0.0,0.0,0.0,0.0,164935.3
1778335,IT,TR,SALEM,PAPE4,0.01,1649.323,3,3,1649.323,0.0,0.0,0.0,0.0,164932.3
1778330,IT,TR,SALEM,OILHA,0.01,1649.315,3,3,1649.315,0.0,0.0,0.0,0.0,164931.5
1767156,IT,RU,WHOLE,COKIN,0.01,1649.277,3,3,1649.277,0.0,0.0,0.0,0.0,164927.7
1672106,IT,FI,POSTT,RUBBE,0.03,1649.268,3,3,1649.268,0.0,0.0,0.0,0.0,54975.6
1778362,IT,TR,RETAI,COPP1,0.01,1649.228,3,3,1649.228,0.0,0.0,0.0,0.0,164922.8
1778339,IT,TR,SALEM,WOOD2,0.01,1649.213,3,3,1649.213,0.0,0.0,0.0,0.0,164921.3
1778336,IT,TR,SALEM,PLAS2,0.01,1649.189,3,3,1649.189,0.0,0.0,0.0,0.0,164918.9
1750996,IT,CN,WHOLE,WOOLS,0.01,1649.105,3,3,1649.105,0.0,0.0,0.0,0.0,164910.5
1688195,IT,HU,BUSIN,FOOD3,0.02,1649.002,3,3,1649.002,0.0,0.0,0.0,0.0,82450.1
1791540,IT,WA,RETA1,RUBBE,0.02,1648.91,3,3,1648.91,0.0,0.0,0.0,0.0,82445.5
1796348,IT,WL,RETAI,WHOLE,0.01,1648.895,3,3,1648.895,0.0,0.0,0.0,0.0,164889.5
1807862,IT,WF,PAPE1,PFERT,0.01,1648.893,3,3,1648.893,0.0,0.0,0.0,0.0,164889.3
1807714,IT,WF,BUSIN,RAILW,0.02,1648.434,3,3,1648.434,0.0,0.0,0.0,0.0,82421.7
1646855,IT,BE,RETAI,COMPU,0.01,1648.396,3,3,1648.396,0.0,0.0,0.0,0.0,164839.6
1797652,IT,WL,PAPE1,OFFIC,0.01,1648.225,3,3,1648.225,0.0,0.0,0.0,0.0,164822.5
1748971,IT,CN,LEATH,PLANT,0.01,1647.602,3,3,1647.602,0.0,0.0,0.0,0.0,164760.2
1684534,IT,HR,BUSIN,HEAVY,0.02,1647.408,3,3,1647.408,0.0,0.0,0.0,0.0,82370.4
1779387,IT,TR,AUXIL,POSTT,0.03,1647.316,3,3,1647.316,0.0,0.0,0.0,0.0,54910.533333
1654617,IT,CZ,LANDT,SUGAR,0.01,1647.211,3,3,1647.211,0.0,0.0,0.0,0.0,164721.1
1710336,IT,LT,WHOLE,MEATP,0.01,1647.132,3,3,1647.132,0.0,0.0,0.0,0.0,164713.2
1718632,IT,PL,LEATH,TRAN2,0.01,1647.008,3,3,1647.008,0.0,0.0,0.0,0.0,164700.8
1661171,IT,DE,93197,CEMEN,0.01,1646.826,3,3,1646.826,0.0,0.0,0.0,0.0,164682.6
1712845,IT,LV,AUXIL,RETA1,0.03,1646.718,3,3,1646.718,0.0,0.0,0.0,0.0,54890.6
1688146,IT,HU,BUSIN,FOUND,0.02,1646.654,3,3,1646.654,0.0,0.0,0.0,0.0,82332.7
1767378,IT,RU,LANDT,NATU1,0.01,1646.611,3,3,1646.611,0.0,0.0,0.0,0.0,164661.1
1688255,IT,IE,CROPS,POULT,0.01,1646.541,3,3,1646.541,0.0,0.0,0.0,0.0,164654.1
1756641,IT,KR,LANDT,CHEM1,0.01,1646.454,3,3,1646.454,0.0,0.0,0.0,0.0,164645.4
1806885,IT,WF,HOTEL,ALUM1,0.01,1646.399,3,3,1646.399,0.0,0.0,0.0,0.0,164639.9
1643761,IT,AT,SUPPO,WASTE,0.01,1646.311,3,3,1646.311,0.0,0.0,0.0,0.0,164631.1
1756864,IT,KR,POSTT,TRAN1,0.03,1646.209,3,3,1646.209,0.0,0.0,0.0,0.0,54873.633333
1739138,IT,GB,RETA1,SUGAR,0.02,1646.059,3,3,1646.059,0.0,0.0,0.0,0.0,82302.95
1689184,IT,IE,RETAI,MEATP,0.01,1646.002,3,3,1646.002,0.0,0.0,0.0,0.0,164600.2
1687864,IT,HU,INSUR,BUSIN,0.03,1645.989,3,3,1645.989,0.0,0.0,0.0,0.0,54866.3
1782644,IT,NO,SALEM,DISTR,0.01,1645.955,3,3,1645.955,0.0,0.0,0.0,0.0,164595.5
1684639,IT,HR,PAPE4,MACHI,0.01,1645.718,3,3,1645.718,0.0,0.0,0.0,0.0,164571.8
1681191,IT,GR,POSTT,RAILW,0.03,1645.716,3,3,1645.716,0.0,0.0,0.0,0.0,54857.2
1807574,IT,WF,COMPU,ELEC2,0.02,1645.506,3,3,1645.506,0.0,0.0,0.0,0.0,82275.3
1730051,IT,SE,WHOLE,HOTEL,0.01,1645.45,3,3,1645.45,0.0,0.0,0.0,0.0,164545.0
1712878,IT,LV,REALE,BIODI,0.07,1645.278,3,3,1645.278,0.0,0.0,0.0,0.0,23503.971429
1814300,IT,WM,FINAN,WHEAT,0.02,1645.049,3,3,1645.049,0.0,0.0,0.0,0.0,82252.45
1760203,IT,BR,PAPE4,93197,0.01,1644.843,3,3,1644.843,0.0,0.0,0.0,0.0,164484.3
1767634,IT,RU,POSTT,VEGET,0.03,1644.817,3,3,1644.817,0.0,0.0,0.0,0.0,54827.233333
1659749,IT,DE,RAILW,PAPE1,0.01,1644.1,3,3,1644.1,0.0,0.0,0.0,0.0,164410.0
1781095,IT,TW,PUBLI,ELEC3,0.03,1643.941,3,3,1643.941,0.0,0.0,0.0,0.0,54798.033333
1786786,IT,ZA,HOTEL,HEAVY,0.01,1643.897,3,3,1643.897,0.0,0.0,0.0,0.0,164389.7
1650791,IT,BG,RAILW,HEALT,0.01,1643.74,3,3,1643.74,0.0,0.0,0.0,0.0,164374.0
1765087,IT,MX,AUXIL,FURNI,0.03,1643.696,3,3,1643.696,0.0,0.0,0.0,0.0,54789.866667
1655391,IT,DE,CROPS,DISTR,0.01,1643.673,3,3,1643.673,0.0,0.0,0.0,0.0,164367.3
1663914,IT,EE,LEATH,SUPPO,0.01,1643.642,3,3,1643.642,0.0,0.0,0.0,0.0,164364.2
1792497,IT,WA,REALE,LEATH,0.07,1643.536,3,3,1643.536,0.0,0.0,0.0,0.0,23479.085714
1814194,IT,WM,SUPPO,BASIC,0.01,1643.298,3,3,1643.298,0.0,0.0,0.0,0.0,164329.8
1722137,IT,PL,BUSIN,BIOG1,0.02,1643.19,3,3,1643.19,0.0,0.0,0.0,0.0,82159.5
1681164,IT,GR,POSTT,RUBBE,0.03,1642.724,3,3,1642.724,0.0,0.0,0.0,0.0,54757.466667
1767897,IT,RU,REALE,HOTEL,0.07,1642.355,3,3,1642.355,0.0,0.0,0.0,0.0,23462.214286
1740495,IT,GB,INERT,PAPE1,0.01,1642.277,3,3,1642.277,0.0,0.0,0.0,0.0,164227.7
1690563,IT,IE,RECRE,RESEA,0.02,1641.899,3,3,1641.899,0.0,0.0,0.0,0.0,82094.95
1733941,IT,SI,SUPPO,BRICK,0.01,1641.875,3,3,1641.875,0.0,0.0,0.0,0.0,164187.5
1778636,IT,TR,HOTEL,BRICK,0.01,1641.85,3,3,1641.85,0.0,0.0,0.0,0.0,164185.0
1778352,IT,TR,RETAI,MOTOR,0.01,1641.844,3,3,1641.844,0.0,0.0,0.0,0.0,164184.4
1659133,IT,DE,ELEC8,FABRI,0.02,1641.842,3,3,1641.842,0.0,0.0,0.0,0.0,82092.1
1799538,IT,WE,PRINT,MOTOR,0.02,1641.807,3,3,1641.807,0.0,0.0,0.0,0.0,82090.35
1737009,IT,GB,FORES,MACHI,0.01,1641.728,4,4,1640.728,0.0,1.0,0.0,0.0,164172.8
1647763,IT,BE,INSUR,INTER,0.03,1641.727,3,3,1641.727,0.0,0.0,0.0,0.0,54724.233333
1814316,IT,WM,FINAN,WOODW,0.02,1641.419,3,3,1641.419,0.0,0.0,0.0,0.0,82070.95
1773823,IT,CH,ELEC4,POSTT,0.03,1641.336,3,3,1641.336,0.0,0.0,0.0,0.0,54711.2
1734116,IT,SI,AUXIL,STONE,0.03,1641.258,3,3,1641.258,0.0,0.0,0.0,0.0,54708.6
1684309,IT,HR,SUPPO,OILSE,0.01,1641.0,3,3,1641.0,0.0,0.0,0.0,0.0,164100.0
1744685,IT,US,COMPU,MEDIC,0.02,1640.97,3,3,1640.97,0.0,0.0,0.0,0.0,82048.5
1654798,IT,CZ,SUPPO,FOUND,0.01,1640.97,3,3,1640.97,0.0,0.0,0.0,0.0,164097.0
1807001,IT,WF,LANDT,MEDIC,0.01,1640.788,3,3,1640.788,0.0,0.0,0.0,0.0,164078.8
1712122,IT,LV,WEARI,FOOD5,0.01,1640.689,3,3,1640.689,0.0,0.0,0.0,0.0,164068.9
1648052,IT,BE,COMPU,RETAI,0.02,1640.603,3,3,1640.603,0.0,0.0,0.0,0.0,82030.15
1767695,IT,RU,FINAN,DAIRY,0.02,1640.495,3,3,1640.495,0.0,0.0,0.0,0.0,82024.75
1669007,IT,ES,SUPPO,COPPE,0.01,1640.394,3,3,1640.394,0.0,0.0,0.0,0.0,164039.4
1730006,IT,SE,SALEM,INSUR,0.01,1640.336,3,3,1640.336,0.0,0.0,0.0,0.0,164033.6
1779246,IT,TR,FINAN,PRECI,0.02,1639.928,3,3,1639.928,0.0,0.0,0.0,0.0,81996.4
1668279,IT,ES,WHOLE,KERO1,0.01,1639.713,3,3,1639.713,0.0,0.0,0.0,0.0,163971.3
1752169,IT,CN,PUBLI,CRUDE,0.03,1639.632,3,3,1639.632,0.0,0.0,0.0,0.0,54654.4
1724304,IT,PT,LANDT,RAILW,0.01,1639.481,3,3,1639.481,0.0,0.0,0.0,0.0,163948.1
1797429,IT,WL,COMPU,TRAN2,0.02,1639.446,3,3,1639.446,0.0,0.0,0.0,0.0,81972.3
1751905,IT,CN,COMPU,BRICK,0.02,1639.367,3,3,1639.367,0.0,0.0,0.0,0.0,81968.35
1743734,IT,US,LANDT,CHEMI,0.01,1639.22,3,3,1639.22,0.0,0.0,0.0,0.0,163922.0
1668429,IT,ES,RETA1,DIST1,0.02,1639.142,3,3,1639.142,0.0,0.0,0.0,0.0,81957.1
1784728,IT,ID,RETAI,MOTO1,0.01,1638.972,3,3,1638.972,0.0,0.0,0.0,0.0,163897.2
1793182,IT,WA,93197,TRAN1,0.01,1638.941,3,3,1638.941,0.0,0.0,0.0,0.0,163894.1
1643792,IT,AT,POSTT,HEALT,0.03,1638.826,3,3,1638.826,0.0,0.0,0.0,0.0,54627.533333
1647504,IT,BE,SUPPO,NUCLE,0.01,1638.813,3,3,1638.813,0.0,0.0,0.0,0.0,163881.3
1808113,IT,WF,WOOD1,PRINT,0.01,1638.327,3,3,1638.327,0.0,0.0,0.0,0.0,163832.7
1644096,IT,AT,BUSIN,PAPE1,0.02,1638.287,3,3,1638.287,0.0,0.0,0.0,0.0,81914.35
1711368,IT,LU,RETA1,BEVER,0.02,1638.282,3,3,1638.282,0.0,0.0,0.0,0.0,81914.1
1807361,IT,WF,FINAN,WOODW,0.02,1638.223,3,3,1638.223,0.0,0.0,0.0,0.0,81911.15
1724694,IT,PT,INSUR,POSTT,0.03,1638.037,3,3,1638.037,0.0,0.0,0.0,0.0,54601.233333
1718607,IT,PL,LEATH,BIODI,0.01,1637.867,3,3,1637.867,0.0,0.0,0.0,0.0,163786.7
1798291,IT,WE,CROPS,SANDC,0.01,1637.825,3,3,1637.825,0.0,0.0,0.0,0.0,163782.5
1756662,IT,KR,LANDT,WASTE,0.01,1637.631,3,3,1637.631,0.0,0.0,0.0,0.0,163763.1
1733512,IT,SI,WHOLE,ELEC3,0.01,1637.627,3,3,1637.627,0.0,0.0,0.0,0.0,163762.7
1687235,IT,HU,WHOLE,WHEAT,0.01,1637.569,3,3,1637.569,0.0,0.0,0.0,0.0,163756.9
1712854,IT,LV,AUXIL,COMPU,0.03,1637.519,3,3,1637.519,0.0,0.0,0.0,0.0,54583.966667
1788231,IT,WA,LEATH,NICKE,0.01,1637.428,3,3,1637.428,0.0,0.0,0.0,0.0,163742.8
1758834,IT,BR,HOTEL,NATUR,0.01,1637.249,3,3,1637.249,0.0,0.0,0.0,0.0,163724.9
1714150,IT,MT,SUPPO,WHOLE,0.01,1636.966,3,3,1636.966,0.0,0.0,0.0,0.0,163696.6
1730548,IT,SE,AUXIL,WHOLE,0.03,1636.818,3,3,1636.818,0.0,0.0,0.0,0.0,54560.6
1807716,IT,WF,BUSIN,AIRTR,0.02,1636.722,3,3,1636.722,0.0,0.0,0.0,0.0,81836.1
1677841,IT,FR,BUSIN,ANIMA,0.02,1636.443,3,3,1636.443,0.0,0.0,0.0,0.0,81822.15
1689766,IT,IE,INSUR,CEREA,0.03,1636.411,3,3,1636.411,0.0,0.0,0.0,0.0,54547.033333
1677449,IT,FR,INSUR,SEWAG,0.03,1636.338,3,3,1636.338,0.0,0.0,0.0,0.0,54544.6
1659223,IT,DE,SALEM,POULT,0.01,1636.224,3,3,1636.224,0.0,0.0,0.0,0.0,163622.4
1733620,IT,SI,HOTEL,BRICK,0.01,1636.118,3,3,1636.118,0.0,0.0,0.0,0.0,163611.8
1797650,IT,WL,PAPE1,BASIC,0.01,1635.977,3,3,1635.977,0.0,0.0,0.0,0.0,163597.7
1756557,IT,KR,RETA1,CERAM,0.02,1635.971,3,3,1635.971,0.0,0.0,0.0,0.0,81798.55
1652569,IT,CZ,LEATH,CERAM,0.01,1635.894,3,3,1635.894,0.0,0.0,0.0,0.0,163589.4
1668671,IT,ES,RAILW,93197,0.01,1635.87,3,3,1635.87,0.0,0.0,0.0,0.0,163587.0
1751308,IT,CN,RAILW,HEALT,0.01,1635.583,3,3,1635.583,0.0,0.0,0.0,0.0,163558.3
1736152,IT,SK,SALEM,DAIRY,0.01,1635.573,3,3,1635.573,0.0,0.0,0.0,0.0,163557.3
1711608,IT,LU,INSUR,BUSIN,0.03,1635.488,3,3,1635.488,0.0,0.0,0.0,0.0,54516.266667
1764944,IT,MX,POSTT,PRINT,0.03,1635.409,3,3,1635.409,0.0,0.0,0.0,0.0,54513.633333
1762487,IT,IN,FINAN,MEMBE,0.02,1635.237,3,3,1635.237,0.0,0.0,0.0,0.0,81761.85
1716627,IT,NL,SALEM,PLAS1,0.01,1635.151,3,3,1635.151,0.0,0.0,0.0,0.0,163515.1
1711469,IT,LU,LANDT,PUBLI,0.01,1635.123,3,3,1635.123,0.0,0.0,0.0,0.0,163512.3
1782716,IT,NO,RETA1,PAPER,0.02,1634.903,3,3,1634.903,0.0,0.0,0.0,0.0,81745.15
1726786,IT,RO,RETAI,FOOD2,0.01,1634.833,3,3,1634.833,0.0,0.0,0.0,0.0,163483.3
1798006,IT,WL,INERT,MOTOR,0.01,1634.801,3,3,1634.801,0.0,0.0,0.0,0.0,163480.1
1726849,IT,RO,RETA1,POULT,0.02,1634.796,3,3,1634.796,0.0,0.0,0.0,0.0,81739.8
1683938,IT,HR,SALEM,MOTO1,0.01,1634.708,3,3,1634.708,0.0,0.0,0.0,0.0,163470.8
1733960,IT,SI,SUPPO,DISTR,0.01,1634.696,3,3,1634.696,0.0,0.0,0.0,0.0,163469.6
1808672,IT,WF,INERT,MOTO1,0.01,1634.553,3,3,1634.553,0.0,0.0,0.0,0.0,163455.3
1770661,IT,AU,FINAN,93197,0.02,1634.294,3,3,1634.294,0.0,0.0,0.0,0.0,81714.7
1798730,IT,WE,PROCE,RAWMI,0.01,1633.683,3,3,1633.683,0.0,0.0,0.0,0.0,163368.3
1775744,IT,TR,FORES,HOTEL,0.01,1633.549,4,4,1632.549,0.0,1.0,0.0,0.0,163354.9
1713947,IT,MT,SALEM,PRINT,0.01,1633.504,3,3,1633.504,0.0,0.0,0.0,0.0,163350.4
1775361,IT,CH,PUBLI,MEATC,0.03,1633.498,3,3,1633.498,0.0,0.0,0.0,0.0,54449.933333
1792930,IT,WA,FOODW,OFFIC,0.01,1633.485,3,3,1633.485,0.0,0.0,0.0,0.0,163348.5
1660784,IT,DE,COMPU,TOBAC,0.02,1633.466,3,3,1633.466,0.0,0.0,0.0,0.0,81673.3
1654628,IT,CZ,LANDT,MEATC,0.01,1633.406,3,3,1633.406,0.0,0.0,0.0,0.0,163340.6
1678970,IT,GR,WEARI,SUPPO,0.01,1633.398,3,3,1633.398,0.0,0.0,0.0,0.0,163339.8
1651026,IT,BG,POSTT,OFFIC,0.03,1633.151,3,3,1633.151,0.0,0.0,0.0,0.0,54438.366667
1764628,IT,MX,RETA1,WOODW,0.02,1633.124,3,3,1633.124,0.0,0.0,0.0,0.0,81656.2
1760517,IT,IN,WEARI,MEDIC,0.01,1633.051,3,3,1633.051,0.0,0.0,0.0,0.0,163305.1
1651310,IT,CY,WEARI,BEVER,0.01,1632.96,3,3,1632.96,0.0,0.0,0.0,0.0,163296.0
1736327,IT,SK,RAILW,WEARI,0.01,1632.953,3,3,1632.953,0.0,0.0,0.0,0.0,163295.3
1758748,IT,BR,WHOLE,WHOLE,0.01,1632.855,3,3,1632.855,0.0,0.0,0.0,0.0,163285.5
1797261,IT,WL,INSUR,FOOD5,0.03,1632.839,3,3,1632.839,0.0,0.0,0.0,0.0,54427.966667
1760218,IT,BR,INERT,BASIC,0.01,1632.793,3,3,1632.793,0.0,0.0,0.0,0.0,163279.3
1648280,IT,BE,PUBLI,KERO1,0.03,1632.773,3,3,1632.773,0.0,0.0,0.0,0.0,54425.766667
1711499,IT,LU,SUPPO,FINAN,0.01,1632.502,3,3,1632.502,0.0,0.0,0.0,0.0,163250.2
1687349,IT,HU,HOTEL,POULT,0.01,1632.497,3,3,1632.497,0.0,0.0,0.0,0.0,163249.7
1663656,IT,DK,BUSIN,INSUR,0.02,1632.373,3,3,1632.373,0.0,0.0,0.0,0.0,81618.65
1787168,IT,ZA,PUBLI,DISTR,0.03,1632.369,3,3,1632.369,0.0,0.0,0.0,0.0,54412.3
1787186,IT,ZA,PUBLI,RESEA,0.03,1632.297,3,3,1632.297,0.0,0.0,0.0,0.0,54409.9
1654385,IT,CZ,SALEM,CONST,0.01,1632.245,3,3,1632.245,0.0,0.0,0.0,0.0,163224.5
1792934,IT,WA,FOODW,RETA1,0.01,1632.15,3,3,1632.15,0.0,0.0,0.0,0.0,163215.0
1721035,IT,PL,HOTEL,BITU1,0.01,1632.016,3,3,1632.016,0.0,0.0,0.0,0.0,163201.6
1720966,IT,PL,WHOLE,FURNI,0.01,1631.981,3,3,1631.981,0.0,0.0,0.0,0.0,163198.1
1807359,IT,WF,FINAN,TEXTI,0.02,1631.823,3,3,1631.823,0.0,0.0,0.0,0.0,81591.15
1724253,IT,PT,LANDT,PROCE,0.01,1631.7,3,3,1631.7,0.0,0.0,0.0,0.0,163170.0
1712164,IT,LV,LEATH,OFFIC,0.01,1631.642,3,3,1631.642,0.0,0.0,0.0,0.0,163164.2
1780070,IT,TW,WHOLE,NONF1,0.01,1631.542,3,3,1631.542,0.0,0.0,0.0,0.0,163154.2
1797423,IT,WL,COMPU,RETAI,0.02,1631.504,3,3,1631.504,0.0,0.0,0.0,0.0,81575.2
1751269,IT,CN,HOTEL,INTER,0.01,1631.457,3,3,1631.457,0.0,0.0,0.0,0.0,163145.7
1725071,IT,RO,CROPS,DAIRY,0.01,1631.449,3,3,1631.449,0.0,0.0,0.0,0.0,163144.9
1752741,IT,CA,LEATH,FOOD4,0.01,1631.367,3,3,1631.367,0.0,0.0,0.0,0.0,163136.7
1687545,IT,HU,LANDT,MEDIC,0.01,1631.312,3,3,1631.312,0.0,0.0,0.0,0.0,163131.2
1711507,IT,LU,POSTT,DAIRY,0.03,1631.209,3,3,1631.209,0.0,0.0,0.0,0.0,54373.633333
1813723,IT,WM,HOTEL,VEGE1,0.01,1630.997,3,3,1630.997,0.0,0.0,0.0,0.0,163099.7
1770796,IT,AU,COMPU,TRAN1,0.02,1630.784,3,3,1630.784,0.0,0.0,0.0,0.0,81539.2
1797774,IT,WL,WOOD1,COMPU,0.01,1630.505,3,3,1630.505,0.0,0.0,0.0,0.0,163050.5
1652206,IT,CZ,PROCE,ANIMA,0.01,1630.441,3,3,1630.441,0.0,0.0,0.0,0.0,163044.1
1734168,IT,SI,REALE,PRINT,0.07,1630.145,3,3,1630.145,0.0,0.0,0.0,0.0,23287.785714
1671913,IT,FI,RAILW,MOTO1,0.01,1629.97,3,3,1629.97,0.0,0.0,0.0,0.0,162997.0
1762110,IT,IN,RAILW,CHEM1,0.01,1629.902,3,3,1629.902,0.0,0.0,0.0,0.0,162990.2
1676252,IT,FR,SALEM,FORES,0.01,1629.792,3,3,1629.792,0.0,0.0,0.0,0.0,162979.2
1659312,IT,DE,RETAI,PAPER,0.01,1629.783,3,3,1629.783,0.0,0.0,0.0,0.0,162978.3
1807560,IT,WF,COMPU,CROPS,0.02,1629.585,3,3,1629.585,0.0,0.0,0.0,0.0,81479.25
1769014,IT,AU,PRINT,CHEM1,0.02,1629.449,3,3,1629.449,0.0,0.0,0.0,0.0,81472.45
1760410,IT,IN,PROCE,PUBLI,0.01,1629.42,3,3,1629.42,0.0,0.0,0.0,0.0,162942.0
1739233,IT,GB,RETA1,TEXT1,0.02,1629.412,3,3,1629.412,0.0,0.0,0.0,0.0,81470.6
1712746,IT,LV,LANDT,MEAT1,0.01,1629.292,3,3,1629.292,0.0,0.0,0.0,0.0,162929.2
1736241,IT,SK,RETA1,SEACO,0.02,1629.165,3,3,1629.165,0.0,0.0,0.0,0.0,81458.25
1640849,IT,AT,LEATH,FISHF,0.01,1629.164,3,3,1629.164,0.0,0.0,0.0,0.0,162916.4
1733674,IT,SI,HOTEL,INERT,0.01,1629.117,3,3,1629.117,0.0,0.0,0.0,0.0,162911.7
1659594,IT,DE,HOTEL,BITU1,0.01,1628.712,3,3,1628.712,0.0,0.0,0.0,0.0,162871.2
1787134,IT,ZA,BUSIN,WASTE,0.02,1628.534,3,3,1628.534,0.0,0.0,0.0,0.0,81426.7
1785026,IT,ID,BUSIN,CEMEN,0.02,1628.453,3,3,1628.453,0.0,0.0,0.0,0.0,81422.65
1801921,IT,WE,SALEM,CEREA,0.01,1628.411,3,3,1628.411,0.0,0.0,0.0,0.0,162841.1
1765125,IT,MX,COMPU,HEALT,0.02,1628.332,3,3,1628.332,0.0,0.0,0.0,0.0,81416.6
1680459,IT,GR,ELEC4,RECRE,0.03,1628.01,3,3,1628.01,0.0,0.0,0.0,0.0,54267.0
1663465,IT,DK,REALE,INSUR,0.07,1627.764,3,3,1627.764,0.0,0.0,0.0,0.0,23253.771429
1781684,IT,NO,LEATH,WOOD1,0.01,1627.742,3,3,1627.742,0.0,0.0,0.0,0.0,162774.2
1668153,IT,ES,SALEM,ELECT,0.01,1627.689,3,3,1627.689,0.0,0.0,0.0,0.0,162768.9
1651150,IT,BG,BUSIN,LIGNI,0.02,1627.541,3,3,1627.541,0.0,0.0,0.0,0.0,81377.05
1767707,IT,RU,FINAN,PREC1,0.02,1627.359,3,3,1627.359,0.0,0.0,0.0,0.0,81367.95
1723991,IT,PT,SALEM,INTER,0.01,1627.247,3,3,1627.247,0.0,0.0,0.0,0.0,162724.7
1640909,IT,AT,LEATH,AIRTR,0.01,1627.2,3,3,1627.2,0.0,0.0,0.0,0.0,162720.0
1716704,IT,NL,WHOLE,HOTEL,0.01,1627.067,3,3,1627.067,0.0,0.0,0.0,0.0,162706.7
1730329,IT,SE,SUPPO,PRECI,0.01,1626.805,3,3,1626.805,0.0,0.0,0.0,0.0,162680.5
1745152,IT,US,93197,RUBBE,0.01,1626.77,3,3,1626.77,0.0,0.0,0.0,0.0,162677.0
1762471,IT,IN,FINAN,TRAN1,0.02,1626.734,3,3,1626.734,0.0,0.0,0.0,0.0,81336.7
1807780,IT,WF,FOODW,CROPS,0.01,1626.613,3,3,1626.613,0.0,0.0,0.0,0.0,162661.3
1643073,IT,AT,RETAI,BUSIN,0.01,1626.528,3,3,1626.528,0.0,0.0,0.0,0.0,162652.8
1647163,IT,BE,RAILW,HEAVY,0.01,1626.494,3,3,1626.494,0.0,0.0,0.0,0.0,162649.4
1747401,IT,JP,RAILW,COPP1,0.01,1626.35,3,3,1626.35,0.0,0.0,0.0,0.0,162635.0
1681694,IT,HR,FORES,CHEMI,0.01,1626.244,4,4,1625.244,0.0,1.0,0.0,0.0,162624.4
1654490,IT,CZ,HOTEL,SUGA1,0.01,1626.193,3,3,1626.193,0.0,0.0,0.0,0.0,162619.3
1683969,IT,HR,WHOLE,COPP1,0.01,1626.004,3,3,1626.004,0.0,0.0,0.0,0.0,162600.4
1677813,IT,FR,COMPU,FOODW,0.02,1625.934,3,3,1625.934,0.0,0.0,0.0,0.0,81296.7
1670160,IT,ES,MEMBE,MACHI,0.02,1625.865,3,3,1625.865,0.0,0.0,0.0,0.0,81293.25
1727491,IT,RO,AUXIL,NONF1,0.03,1625.828,3,3,1625.828,0.0,0.0,0.0,0.0,54194.266667
1643176,IT,AT,HOTEL,OILSE,0.01,1625.557,3,3,1625.557,0.0,0.0,0.0,0.0,162555.7
1775532,IT,CH,FOOD4,MEATP,0.01,1625.55,3,3,1625.55,0.0,0.0,0.0,0.0,162555.0
1792443,IT,WA,AUXIL,VEGE1,0.03,1625.356,3,3,1625.356,0.0,0.0,0.0,0.0,54178.533333
1643160,IT,AT,RETA1,POSTT,0.02,1625.24,3,3,1625.24,0.0,0.0,0.0,0.0,81262.0
1814351,IT,WM,FINAN,TRAN2,0.02,1625.138,3,3,1625.138,0.0,0.0,0.0,0.0,81256.9
1748232,IT,JP,TEXT1,WEARI,0.01,1624.942,3,3,1624.942,0.0,0.0,0.0,0.0,162494.2
1779205,IT,TR,POSTT,COKE1,0.03,1624.923,3,3,1624.923,0.0,0.0,0.0,0.0,54164.1
1648262,IT,BE,BUSIN,PAPE2,0.02,1624.905,3,3,1624.905,0.0,0.0,0.0,0.0,81245.25
1748306,IT,JP,93197,MACHI,0.01,1624.878,3,3,1624.878,0.0,0.0,0.0,0.0,162487.8
1771049,IT,CH,FORES,MEMBE,0.01,1624.797,4,4,1623.797,0.0,1.0,0.0,0.0,162479.7
1810245,IT,WM,LEATH,NONSP,0.01,1624.732,3,3,1624.732,0.0,0.0,0.0,0.0,162473.2
1655240,IT,CZ,RECRE,PRINT,0.02,1624.628,3,3,1624.628,0.0,0.0,0.0,0.0,81231.4
1808659,IT,WF,INERT,FOOD5,0.01,1624.628,3,3,1624.628,0.0,0.0,0.0,0.0,162462.8
1799140,IT,WE,WEARI,CHARC,0.01,1624.614,3,3,1624.614,0.0,0.0,0.0,0.0,162461.4
1736604,IT,SK,POSTT,RAILW,0.03,1624.567,3,3,1624.567,0.0,0.0,0.0,0.0,54152.233333
1781640,IT,NO,LEATH,TEXTI,0.01,1624.566,3,3,1624.566,0.0,0.0,0.0,0.0,162456.6
1670130,IT,ES,INERT,PREC1,0.01,1624.486,3,3,1624.486,0.0,0.0,0.0,0.0,162448.6
1745154,IT,US,93197,MACHI,0.01,1624.255,3,3,1624.255,0.0,0.0,0.0,0.0,162425.5
1652556,IT,CZ,LEATH,SANDC,0.01,1624.177,3,3,1624.177,0.0,0.0,0.0,0.0,162417.7
1668244,IT,ES,RETAI,MEMBE,0.01,1624.157,3,3,1624.157,0.0,0.0,0.0,0.0,162415.7
1765493,IT,RU,WEARI,MACHI,0.01,1623.802,3,3,1623.802,0.0,0.0,0.0,0.0,162380.2
1796337,IT,WL,RETAI,TEXTI,0.01,1623.665,3,3,1623.665,0.0,0.0,0.0,0.0,162366.5
1747381,IT,JP,RETA1,COMPU,0.02,1623.523,3,3,1623.523,0.0,0.0,0.0,0.0,81176.15
1656558,IT,DE,PRINT,SANDC,0.02,1623.49,3,3,1623.49,0.0,0.0,0.0,0.0,81174.5
1669108,IT,ES,SUPPO,WASTE,0.01,1623.488,3,3,1623.488,0.0,0.0,0.0,0.0,162348.8
1670661,IT,FI,LEATH,PLAS1,0.01,1623.23,3,3,1623.23,0.0,0.0,0.0,0.0,162323.0
1651118,IT,BG,COMPU,DIST1,0.02,1623.166,3,3,1623.166,0.0,0.0,0.0,0.0,81158.3
1778448,IT,TR,WHOLE,RADIO,0.01,1623.076,3,3,1623.076,0.0,0.0,0.0,0.0,162307.6
1689760,IT,IE,FINAN,HEALT,0.02,1623.041,3,3,1623.041,0.0,0.0,0.0,0.0,81152.05
1770817,IT,AU,COMPU,FOOD1,0.02,1622.916,3,3,1622.916,0.0,0.0,0.0,0.0,81145.8
1677154,IT,FR,POSTT,PULP5,0.03,1622.605,3,3,1622.605,0.0,0.0,0.0,0.0,54086.833333
1733514,IT,SI,WHOLE,TRAN1,0.01,1622.587,3,3,1622.587,0.0,0.0,0.0,0.0,162258.7
1654804,IT,CZ,SUPPO,SECO9,0.01,1622.513,3,3,1622.513,0.0,0.0,0.0,0.0,162251.3
1793952,IT,WL,LEATH,HOTEL,0.01,1622.505,3,3,1622.505,0.0,0.0,0.0,0.0,162250.5
1778462,IT,TR,WHOLE,SALEM,0.01,1622.484,3,3,1622.484,0.0,0.0,0.0,0.0,162248.4
1650797,IT,BG,LANDT,CATTL,0.01,1622.453,3,3,1622.453,0.0,0.0,0.0,0.0,162245.3
1677253,IT,FR,FINAN,STONE,0.02,1622.409,3,3,1622.409,0.0,0.0,0.0,0.0,81120.45
1784920,IT,ID,POSTT,INSUR,0.03,1622.319,3,3,1622.319,0.0,0.0,0.0,0.0,54077.3
1675994,IT,FR,ELEC5,GASDI,0.02,1622.155,3,3,1622.155,0.0,0.0,0.0,0.0,81107.75
1771696,IT,CH,WEARI,PLAS1,0.01,1622.111,3,3,1622.111,0.0,0.0,0.0,0.0,162211.1
1669902,IT,ES,PUBLI,AUXIL,0.03,1622.099,3,3,1622.099,0.0,0.0,0.0,0.0,54069.966667
1711653,IT,LU,COMPU,MOTO1,0.02,1622.027,3,3,1622.027,0.0,0.0,0.0,0.0,81101.35
1711845,IT,LU,PAPE1,DIST1,0.01,1621.964,3,3,1621.964,0.0,0.0,0.0,0.0,162196.4
1676109,IT,FR,ELEC8,TRANS,0.02,1621.915,3,3,1621.915,0.0,0.0,0.0,0.0,81095.75
1710573,IT,LT,BUSIN,MEAT1,0.02,1621.671,3,3,1621.671,0.0,0.0,0.0,0.0,81083.55
1681223,IT,GR,FINAN,FISHF,0.02,1621.664,3,3,1621.664,0.0,0.0,0.0,0.0,81083.2
1664009,IT,EE,PRINT,EDUCA,0.02,1621.539,3,3,1621.539,0.0,0.0,0.0,0.0,81076.95
1690308,IT,IE,SEWAG,RECRE,0.01,1621.336,3,3,1621.336,0.0,0.0,0.0,0.0,162133.6
1736843,IT,SK,BUSIN,SUGA1,0.02,1621.233,3,3,1621.233,0.0,0.0,0.0,0.0,81061.65
1787326,IT,WA,CROPS,NAPHT,0.01,1621.191,3,3,1621.191,0.0,0.0,0.0,0.0,162119.1
1734664,IT,SK,WEARI,OFFIC,0.01,1621.19,3,3,1621.19,0.0,0.0,0.0,0.0,162119.0
1793181,IT,WA,93197,ELEC4,0.01,1621.103,3,3,1621.103,0.0,0.0,0.0,0.0,162110.3
1640846,IT,AT,LEATH,MEATA,0.01,1620.933,3,3,1620.933,0.0,0.0,0.0,0.0,162093.3
1684598,IT,HR,PUBLI,WHOLE,0.03,1620.905,3,3,1620.905,0.0,0.0,0.0,0.0,54030.166667
1713871,IT,MT,ELEC4,MEDIC,0.03,1620.757,3,3,1620.757,0.0,0.0,0.0,0.0,54025.233333
1716969,IT,NL,RAILW,HEALT,0.01,1620.409,3,3,1620.409,0.0,0.0,0.0,0.0,162040.9
1783350,IT,NO,PAPE1,TEXT2,0.01,1620.307,3,3,1620.307,0.0,0.0,0.0,0.0,162030.7
1673558,IT,FR,LEATH,FOOD4,0.01,1620.297,3,3,1620.297,0.0,0.0,0.0,0.0,162029.7
1724237,IT,PT,RAILW,AUXIL,0.01,1620.139,3,3,1620.139,0.0,0.0,0.0,0.0,162013.9
1797776,IT,WL,WOOD1,EDUCA,0.01,1619.936,3,3,1619.936,0.0,0.0,0.0,0.0,161993.6
1681230,IT,GR,FINAN,TEXTI,0.02,1619.822,3,3,1619.822,0.0,0.0,0.0,0.0,80991.1
1793932,IT,WL,LEATH,GASDI,0.01,1619.695,3,3,1619.695,0.0,0.0,0.0,0.0,161969.5
1793934,IT,WL,LEATH,NFERT,0.01,1619.695,3,3,1619.695,0.0,0.0,0.0,0.0,161969.5
1767267,IT,RU,HOTEL,NFERT,0.01,1619.672,3,3,1619.672,0.0,0.0,0.0,0.0,161967.2
1759479,IT,BR,AUXIL,LANDT,0.03,1619.654,3,3,1619.654,0.0,0.0,0.0,0.0,53988.466667
1782738,IT,NO,RETA1,WHOLE,0.02,1619.527,3,3,1619.527,0.0,0.0,0.0,0.0,80976.35
1684648,IT,HR,PAPE4,PAPE4,0.01,1619.165,3,3,1619.165,0.0,0.0,0.0,0.0,161916.5
1644173,IT,AT,RECRE,REALE,0.02,1619.13,3,3,1619.13,0.0,0.0,0.0,0.0,80956.5
1755137,IT,KR,LEATH,NONF1,0.01,1619.067,3,3,1619.067,0.0,0.0,0.0,0.0,161906.7
1740590,IT,US,FORES,WEARI,0.01,1618.982,4,4,1617.982,0.0,1.0,0.0,0.0,161898.2
1808477,IT,WF,FOOD4,RADIO,0.01,1618.967,3,3,1618.967,0.0,0.0,0.0,0.0,161896.7
1710587,IT,LT,BUSIN,PUBLI,0.02,1618.96,3,3,1618.96,0.0,0.0,0.0,0.0,80948.0
1755013,IT,KR,WEARI,PULP5,0.01,1618.956,3,3,1618.956,0.0,0.0,0.0,0.0,161895.6
1650672,IT,BG,RETA1,FOOD5,0.02,1618.806,3,3,1618.806,0.0,0.0,0.0,0.0,80940.3
1669094,IT,ES,SUPPO,INSUR,0.01,1618.778,3,3,1618.778,0.0,0.0,0.0,0.0,161877.8
1643308,IT,AT,RAILW,SUGA1,0.01,1618.675,3,3,1618.675,0.0,0.0,0.0,0.0,161867.5
1711447,IT,LU,LANDT,MEATC,0.01,1618.481,3,3,1618.481,0.0,0.0,0.0,0.0,161848.1
1739337,IT,GB,RAILW,MEATC,0.01,1618.278,3,3,1618.278,0.0,0.0,0.0,0.0,161827.8
1806612,IT,WF,SALEM,WOODW,0.01,1618.256,3,3,1618.256,0.0,0.0,0.0,0.0,161825.6
1712679,IT,LV,RETA1,RECRE,0.02,1618.251,3,3,1618.251,0.0,0.0,0.0,0.0,80912.55
1787068,IT,ZA,BUSIN,CATTL,0.02,1618.113,3,3,1618.113,0.0,0.0,0.0,0.0,80905.65
1715089,IT,NL,WEARI,ELECT,0.01,1617.918,3,3,1617.918,0.0,0.0,0.0,0.0,161791.8
1814837,IT,WM,MEMBE,CHEM1,0.02,1617.899,3,3,1617.899,0.0,0.0,0.0,0.0,80894.95
1744861,IT,US,BUSIN,PLANT,0.02,1617.861,3,3,1617.861,0.0,0.0,0.0,0.0,80893.05
1804188,IT,WF,PRINT,POULT,0.02,1617.823,3,3,1617.823,0.0,0.0,0.0,0.0,80891.15
1792594,IT,WA,COMPU,FABRI,0.02,1617.771,3,3,1617.771,0.0,0.0,0.0,0.0,80888.55
1676590,IT,FR,HOTEL,LEAD1,0.01,1617.646,3,3,1617.646,0.0,0.0,0.0,0.0,161764.6
1797926,IT,WL,FOOD4,GASDI,0.01,1617.517,3,3,1617.517,0.0,0.0,0.0,0.0,161751.7
1752740,IT,CA,LEATH,HEALT,0.01,1617.461,3,3,1617.461,0.0,0.0,0.0,0.0,161746.1
1680461,IT,GR,ELEC5,FOOD5,0.02,1617.413,3,3,1617.413,0.0,0.0,0.0,0.0,80870.65
1717573,IT,NL,COMPU,ELEC2,0.02,1617.22,3,3,1617.22,0.0,0.0,0.0,0.0,80861.0
1764633,IT,MX,RETA1,GASDI,0.02,1617.174,3,3,1617.174,0.0,0.0,0.0,0.0,80858.7
1711816,IT,LU,PUBLI,93197,0.03,1617.149,3,3,1617.149,0.0,0.0,0.0,0.0,53904.966667
1762028,IT,IN,WHOLE,DIST1,0.01,1616.953,3,3,1616.953,0.0,0.0,0.0,0.0,161695.3
1721575,IT,PL,POSTT,RAWMI,0.03,1616.936,3,3,1616.936,0.0,0.0,0.0,0.0,53897.866667
1793052,IT,WA,PAPE4,RAWMI,0.01,1616.783,3,3,1616.783,0.0,0.0,0.0,0.0,161678.3
1762172,IT,IN,LANDT,RETA1,0.01,1616.314,3,3,1616.314,0.0,0.0,0.0,0.0,161631.4
1678368,IT,FR,FOOD4,PLAS2,0.01,1616.294,3,3,1616.294,0.0,0.0,0.0,0.0,161629.4
1676660,IT,FR,RAILW,CROPS,0.01,1616.24,3,3,1616.24,0.0,0.0,0.0,0.0,161624.0
1814713,IT,WM,WOOD1,BASIC,0.01,1616.005,3,3,1616.005,0.0,0.0,0.0,0.0,161600.5
1778351,IT,TR,RETAI,PRINT,0.01,1615.752,3,3,1615.752,0.0,0.0,0.0,0.0,161575.2
1668531,IT,ES,HOTEL,LEAD1,0.01,1615.637,3,3,1615.637,0.0,0.0,0.0,0.0,161563.7
1787159,IT,ZA,PUBLI,MACHI,0.03,1615.377,3,3,1615.377,0.0,0.0,0.0,0.0,53845.9
1778338,IT,TR,SALEM,TEXT2,0.01,1615.319,3,3,1615.319,0.0,0.0,0.0,0.0,161531.9
1806804,IT,WF,RETA1,KEROS,0.02,1615.193,3,3,1615.193,0.0,0.0,0.0,0.0,80759.65
1727410,IT,RO,FINAN,ELEC5,0.02,1615.172,3,3,1615.172,0.0,0.0,0.0,0.0,80758.6
1747806,IT,JP,AUXIL,RECRE,0.03,1615.112,3,3,1615.112,0.0,0.0,0.0,0.0,53837.066667
1724463,IT,PT,SUPPO,LEATH,0.01,1614.882,3,3,1614.882,0.0,0.0,0.0,0.0,161488.2
1802870,IT,WE,PAPE4,PAPER,0.01,1614.726,3,3,1614.726,0.0,0.0,0.0,0.0,161472.6
1709307,IT,LT,FORES,REALE,0.01,1614.484,4,4,1613.484,0.0,1.0,0.0,0.0,161448.4
1791447,IT,WA,WHOLE,COPP1,0.01,1614.314,3,3,1614.314,0.0,0.0,0.0,0.0,161431.4
1722859,IT,PT,PRINT,BASIC,0.02,1614.274,3,3,1614.274,0.0,0.0,0.0,0.0,80713.7
1744972,IT,US,BUSIN,FOODW,0.02,1614.237,3,3,1614.237,0.0,0.0,0.0,0.0,80711.85
1652220,IT,CZ,PROCE,BUSIN,0.01,1614.179,3,3,1614.179,0.0,0.0,0.0,0.0,161417.9
1760032,IT,BR,TEXT1,WOOD2,0.01,1614.131,3,3,1614.131,0.0,0.0,0.0,0.0,161413.1
1677139,IT,FR,POSTT,FORES,0.03,1613.827,3,3,1613.827,0.0,0.0,0.0,0.0,53794.233333
1749351,IT,CN,PRINT,ELEC8,0.02,1613.805,3,3,1613.805,0.0,0.0,0.0,0.0,80690.25
1662856,IT,DK,WHOLE,MEAT4,0.01,1613.624,3,3,1613.624,0.0,0.0,0.0,0.0,161362.4
1650658,IT,BG,WHOLE,COPP1,0.01,1613.612,3,3,1613.612,0.0,0.0,0.0,0.0,161361.2
1687479,IT,HU,RAILW,RECRE,0.01,1613.479,3,3,1613.479,0.0,0.0,0.0,0.0,161347.9
1670196,IT,ES,RECRE,RUBBE,0.02,1613.429,3,3,1613.429,0.0,0.0,0.0,0.0,80671.45
1793128,IT,WA,RECRE,CHARC,0.02,1613.201,3,3,1613.201,0.0,0.0,0.0,0.0,80660.05
1793106,IT,WA,MEMBE,INSUR,0.02,1613.194,3,3,1613.194,0.0,0.0,0.0,0.0,80659.7
1648973,IT,BG,LEATH,TEXTI,0.01,1613.079,3,3,1613.079,0.0,0.0,0.0,0.0,161307.9
1757286,IT,BR,PROCE,REALE,0.01,1612.693,3,3,1612.693,0.0,0.0,0.0,0.0,161269.3
1767337,IT,RU,RAILW,WOODW,0.01,1612.636,3,3,1612.636,0.0,0.0,0.0,0.0,161263.6
1756822,IT,KR,SUPPO,COMPU,0.01,1612.493,3,3,1612.493,0.0,0.0,0.0,0.0,161249.3
1730959,IT,SE,TEXT1,NONFE,0.01,1612.468,3,3,1612.468,0.0,0.0,0.0,0.0,161246.8
1661147,IT,DE,RECRE,RENTI,0.02,1612.303,3,3,1612.303,0.0,0.0,0.0,0.0,80615.15
1747282,IT,JP,WHOLE,BRICK,0.01,1612.274,3,3,1612.274,0.0,0.0,0.0,0.0,161227.4
1748314,IT,JP,93197,RESEA,0.01,1611.865,3,3,1611.865,0.0,0.0,0.0,0.0,161186.5
1797344,IT,WL,REALE,CONST,0.07,1611.792,3,3,1611.792,0.0,0.0,0.0,0.0,23025.6
1677050,IT,FR,SUPPO,BITU1,0.01,1611.624,3,3,1611.624,0.0,0.0,0.0,0.0,161162.4
1681693,IT,HR,FORES,STONE,0.01,1611.462,4,4,1610.462,0.0,1.0,0.0,0.0,161146.2
1807471,IT,WF,REALE,CROPS,0.07,1611.394,3,3,1611.394,0.0,0.0,0.0,0.0,23019.914286
1673395,IT,FR,WEARI,MEAT1,0.01,1611.325,3,3,1611.325,0.0,0.0,0.0,0.0,161132.5
1660138,IT,DE,SUPPO,CATTL,0.01,1611.251,3,3,1611.251,0.0,0.0,0.0,0.0,161125.1
1734314,IT,SI,BUSIN,TRANS,0.02,1611.185,3,3,1611.185,0.0,0.0,0.0,0.0,80559.25
1645131,IT,BE,PRINT,MEATP,0.02,1610.6,3,3,1610.6,0.0,0.0,0.0,0.0,80530.0
1644114,IT,AT,EDUCA,TRANS,0.04,1610.513,3,3,1610.513,0.0,0.0,0.0,0.0,40262.825
1807868,IT,WF,PAPE1,FABRI,0.01,1609.937,3,3,1609.937,0.0,0.0,0.0,0.0,160993.7
1797647,IT,WL,PAPE1,PLAST,0.01,1609.921,3,3,1609.921,0.0,0.0,0.0,0.0,160992.1
1654972,IT,CZ,INSUR,RAILW,0.03,1609.844,3,3,1609.844,0.0,0.0,0.0,0.0,53661.466667
1724319,IT,PT,LANDT,WASTE,0.01,1609.732,3,3,1609.732,0.0,0.0,0.0,0.0,160973.2
1774505,IT,CH,LANDT,RETAI,0.01,1609.625,3,3,1609.625,0.0,0.0,0.0,0.0,160962.5
1717209,IT,NL,SUPPO,ELEC5,0.01,1609.59,3,3,1609.59,0.0,0.0,0.0,0.0,160959.0
1710529,IT,LT,SUPPO,ELEC5,0.01,1609.556,3,3,1609.556,0.0,0.0,0.0,0.0,160955.6
1655436,IT,DE,FORES,PRINT,0.01,1609.519,4,4,1608.519,0.0,1.0,0.0,0.0,160951.9
1647595,IT,BE,POSTT,CEMEN,0.03,1609.499,3,3,1609.499,0.0,0.0,0.0,0.0,53649.966667
1711782,IT,LU,PUBLI,BASIC,0.03,1609.304,3,3,1609.304,0.0,0.0,0.0,0.0,53643.466667
1767334,IT,RU,RAILW,NATUR,0.01,1609.17,3,3,1609.17,0.0,0.0,0.0,0.0,160917.0
1780739,IT,TW,REALE,COMPU,0.07,1609.138,3,3,1609.138,0.0,0.0,0.0,0.0,22987.685714
1672252,IT,FI,REALE,AIRTR,0.07,1609.029,3,3,1609.029,0.0,0.0,0.0,0.0,22986.128571
1754243,IT,CA,POSTT,MEDIC,0.03,1608.973,3,3,1608.973,0.0,0.0,0.0,0.0,53632.433333
1647570,IT,BE,SUPPO,93197,0.01,1608.944,3,3,1608.944,0.0,0.0,0.0,0.0,160894.4
1762111,IT,IN,RAILW,CERAM,0.01,1608.769,3,3,1608.769,0.0,0.0,0.0,0.0,160876.9
1808117,IT,WF,WOOD1,MOTO1,0.01,1608.731,3,3,1608.731,0.0,0.0,0.0,0.0,160873.1
1748397,IT,CN,CROPS,GLASS,0.01,1608.68,3,3,1608.68,0.0,0.0,0.0,0.0,160868.0
1776100,IT,TR,WEARI,RESEA,0.01,1608.618,3,3,1608.618,0.0,0.0,0.0,0.0,160861.8
1740176,IT,GB,BUSIN,MEATA,0.02,1608.327,3,3,1608.327,0.0,0.0,0.0,0.0,80416.35
1793105,IT,WA,MEMBE,FINAN,0.02,1608.229,3,3,1608.229,0.0,0.0,0.0,0.0,80411.45
1774977,IT,CH,AUXIL,SECO9,0.03,1608.193,3,3,1608.193,0.0,0.0,0.0,0.0,53606.433333
1727279,IT,RO,SUPPO,WOOD2,0.01,1607.802,3,3,1607.802,0.0,0.0,0.0,0.0,160780.2
1664715,IT,EE,SUPPO,CEMEN,0.01,1607.494,3,3,1607.494,0.0,0.0,0.0,0.0,160749.4
1671774,IT,FI,RETAI,PRIVA,0.01,1607.433,3,3,1607.433,0.0,0.0,0.0,0.0,160743.3
1668424,IT,ES,RETA1,ELEC5,0.02,1607.293,3,3,1607.293,0.0,0.0,0.0,0.0,80364.65
1780648,IT,TW,AUXIL,FISH5,0.03,1607.269,3,3,1607.269,0.0,0.0,0.0,0.0,53575.633333
1783197,IT,NO,COMPU,MEMBE,0.02,1607.192,3,3,1607.192,0.0,0.0,0.0,0.0,80359.6
1649169,IT,BG,PRINT,CHEM1,0.02,1607.187,3,3,1607.187,0.0,0.0,0.0,0.0,80359.35
1739964,IT,GB,AUXIL,FURNI,0.03,1607.126,3,3,1607.126,0.0,0.0,0.0,0.0,53570.866667
1762327,IT,IN,SUPPO,LEATH,0.01,1607.053,3,3,1607.053,0.0,0.0,0.0,0.0,160705.3
1690453,IT,IE,PAPE4,FOOD5,0.01,1606.769,3,3,1606.769,0.0,0.0,0.0,0.0,160676.9
1717574,IT,NL,COMPU,ELEC5,0.02,1606.671,3,3,1606.671,0.0,0.0,0.0,0.0,80333.55
1724791,IT,PT,COMPU,MOTOR,0.02,1606.493,3,3,1606.493,0.0,0.0,0.0,0.0,80324.65
1808614,IT,WF,PLAS2,DISTR,0.01,1606.384,3,3,1606.384,0.0,0.0,0.0,0.0,160638.4
1646841,IT,BE,RETAI,CEMEN,0.01,1606.29,3,3,1606.29,0.0,0.0,0.0,0.0,160629.0
1650614,IT,BG,ELE11,CHEMI,0.02,1606.259,3,3,1606.259,0.0,0.0,0.0,0.0,80312.95
1754626,IT,KR,FORES,HOTEL,0.01,1606.207,4,4,1605.207,0.0,1.0,0.0,0.0,160620.7
1768078,IT,RU,BUSIN,SECO9,0.02,1606.133,3,3,1606.133,0.0,0.0,0.0,0.0,80306.65
1770255,IT,AU,HOTEL,PETRO,0.01,1606.008,3,3,1606.008,0.0,0.0,0.0,0.0,160600.8
1654514,IT,CZ,HOTEL,GLASS,0.01,1605.911,3,3,1605.911,0.0,0.0,0.0,0.0,160591.1
1764984,IT,MX,FINAN,PLAST,0.02,1605.826,3,3,1605.826,0.0,0.0,0.0,0.0,80291.3
1774426,IT,CH,RAILW,SALEM,0.01,1605.826,3,3,1605.826,0.0,0.0,0.0,0.0,160582.6
1796697,IT,WL,RAILW,MOTO1,0.01,1605.718,3,3,1605.718,0.0,0.0,0.0,0.0,160571.8
1663871,IT,EE,WEARI,TEXTI,0.01,1605.647,3,3,1605.647,0.0,0.0,0.0,0.0,160564.7
1722248,IT,PL,PAPE4,SEACO,0.01,1605.637,3,3,1605.637,0.0,0.0,0.0,0.0,160563.7
1792532,IT,WA,REALE,AUXIL,0.07,1605.563,3,3,1605.563,0.0,0.0,0.0,0.0,22936.614286
1762348,IT,IN,SUPPO,RAILW,0.01,1605.401,3,3,1605.401,0.0,0.0,0.0,0.0,160540.1
1786740,IT,ZA,RETA1,RAILW,0.02,1605.371,3,3,1605.371,0.0,0.0,0.0,0.0,80268.55
1714235,IT,MT,REALE,HOTEL,0.07,1605.228,3,3,1605.228,0.0,0.0,0.0,0.0,22931.828571
1651234,IT,BG,FOOD4,VEGET,0.01,1605.144,3,3,1605.144,0.0,0.0,0.0,0.0,160514.4
1677427,IT,FR,INSUR,TRAN2,0.03,1604.896,3,3,1604.896,0.0,0.0,0.0,0.0,53496.533333
1669879,IT,ES,PUBLI,CEMEN,0.03,1604.811,3,3,1604.811,0.0,0.0,0.0,0.0,53493.7
1647791,IT,BE,AUXIL,COKEO,0.03,1604.803,3,3,1604.803,0.0,0.0,0.0,0.0,53493.433333
1739249,IT,GB,HOTEL,WHEAT,0.01,1604.697,3,3,1604.697,0.0,0.0,0.0,0.0,160469.7
1722871,IT,PT,PRINT,ELEC4,0.02,1604.685,3,3,1604.685,0.0,0.0,0.0,0.0,80234.25
1671726,IT,FI,SALEM,ELEC7,0.01,1604.365,3,3,1604.365,0.0,0.0,0.0,0.0,160436.5
1716943,IT,NL,RAILW,CEMEN,0.01,1604.352,3,3,1604.352,0.0,0.0,0.0,0.0,160435.2
1717747,IT,NL,PUBLI,WHOLE,0.03,1603.939,3,3,1603.939,0.0,0.0,0.0,0.0,53464.633333
1775452,IT,CH,PAPE1,WHOLE,0.01,1603.817,3,3,1603.817,0.0,0.0,0.0,0.0,160381.7
1759342,IT,BR,FINAN,TEXTI,0.02,1603.794,3,3,1603.794,0.0,0.0,0.0,0.0,80189.7
1787805,IT,WA,PROCE,PROCE,0.01,1603.626,3,3,1603.626,0.0,0.0,0.0,0.0,160362.6
1734372,IT,SI,RECRE,RETA1,0.02,1603.6,3,3,1603.6,0.0,0.0,0.0,0.0,80180.0
1770104,IT,AU,WHOLE,RADIO,0.01,1603.549,3,3,1603.549,0.0,0.0,0.0,0.0,160354.9
1753896,IT,CA,RAILW,BEVER,0.01,1603.452,3,3,1603.452,0.0,0.0,0.0,0.0,160345.2
1736675,IT,SK,INSUR,HEALT,0.03,1603.446,3,3,1603.446,0.0,0.0,0.0,0.0,53448.2
1808869,IT,WF,PRIVA,NAPHT,0.36,1603.437,3,3,1603.437,0.0,0.0,0.0,0.0,4453.991667
1711774,IT,LU,PUBLI,WOODW,0.03,1603.433,3,3,1603.433,0.0,0.0,0.0,0.0,53447.766667
1680849,IT,GR,LANDT,MEATA,0.01,1603.416,3,3,1603.416,0.0,0.0,0.0,0.0,160341.6
1654347,IT,CZ,ELEC4,PUBLI,0.03,1603.345,3,3,1603.345,0.0,0.0,0.0,0.0,53444.833333
1727483,IT,RO,AUXIL,CERAM,0.03,1603.151,3,3,1603.151,0.0,0.0,0.0,0.0,53438.366667
1780219,IT,TW,RAILW,TRANS,0.01,1602.963,3,3,1602.963,0.0,0.0,0.0,0.0,160296.3
1770666,IT,AU,INSUR,CATTL,0.03,1602.721,3,3,1602.721,0.0,0.0,0.0,0.0,53424.033333
1801808,IT,WE,ELEC5,MEATP,0.02,1602.643,3,3,1602.643,0.0,0.0,0.0,0.0,80132.15
1677092,IT,FR,SUPPO,LANDT,0.01,1602.581,3,3,1602.581,0.0,0.0,0.0,0.0,160258.1
1787316,IT,WA,CROPS,BEVER,0.01,1602.381,3,3,1602.381,0.0,0.0,0.0,0.0,160238.1
1660548,IT,DE,INSUR,WASTE,0.03,1602.282,3,3,1602.282,0.0,0.0,0.0,0.0,53409.4
1779347,IT,TR,INSUR,BIOG1,0.03,1602.263,3,3,1602.263,0.0,0.0,0.0,0.0,53408.766667
1785457,IT,ZA,PRINT,PLAST,0.02,1602.244,3,3,1602.244,0.0,0.0,0.0,0.0,80112.2
1778433,IT,TR,WHOLE,CERAM,0.01,1602.219,3,3,1602.219,0.0,0.0,0.0,0.0,160221.9
1684482,IT,HR,COMPU,MACHI,0.02,1602.155,3,3,1602.155,0.0,0.0,0.0,0.0,80107.75
1671930,IT,FI,LANDT,VEGE1,0.01,1602.13,3,3,1602.13,0.0,0.0,0.0,0.0,160213.0
1655922,IT,DE,PROCE,MEDIC,0.01,1602.123,3,3,1602.123,0.0,0.0,0.0,0.0,160212.3
1677758,IT,FR,COMPU,PULP5,0.02,1601.952,3,3,1601.952,0.0,0.0,0.0,0.0,80097.6
1721786,IT,PL,AUXIL,OFFIC,0.03,1601.916,3,3,1601.916,0.0,0.0,0.0,0.0,53397.2
1654625,IT,CZ,LANDT,BITUM,0.01,1601.838,3,3,1601.838,0.0,0.0,0.0,0.0,160183.8
1677374,IT,FR,INSUR,LEATH,0.03,1601.801,3,3,1601.801,0.0,0.0,0.0,0.0,53393.366667
1797198,IT,WL,FINAN,NATUR,0.02,1601.724,3,3,1601.724,0.0,0.0,0.0,0.0,80086.2
1648994,IT,BG,LEATH,RENTI,0.01,1601.649,3,3,1601.649,0.0,0.0,0.0,0.0,160164.9
1736683,IT,SK,INSUR,WASTE,0.03,1601.645,3,3,1601.645,0.0,0.0,0.0,0.0,53388.166667
1712705,IT,LV,HOTEL,TRAN1,0.01,1601.621,3,3,1601.621,0.0,0.0,0.0,0.0,160162.1
1681619,IT,GR,RECRE,ELEC1,0.02,1601.551,3,3,1601.551,0.0,0.0,0.0,0.0,80077.55
1807857,IT,WF,PAPE1,TEXTI,0.01,1601.454,3,3,1601.454,0.0,0.0,0.0,0.0,160145.4
1710577,IT,LT,BUSIN,DIST1,0.02,1601.272,3,3,1601.272,0.0,0.0,0.0,0.0,80063.6
1659593,IT,DE,HOTEL,LUBRI,0.01,1601.128,3,3,1601.128,0.0,0.0,0.0,0.0,160112.8
1780542,IT,TW,FINAN,FOOD5,0.02,1601.106,3,3,1601.106,0.0,0.0,0.0,0.0,80055.3
1668636,IT,ES,RAILW,NONF1,0.01,1601.054,3,3,1601.054,0.0,0.0,0.0,0.0,160105.4
1670598,IT,FI,WEARI,OFFIC,0.01,1600.988,3,3,1600.988,0.0,0.0,0.0,0.0,160098.8
1802151,IT,WE,HOTEL,MEAT4,0.01,1600.846,3,3,1600.846,0.0,0.0,0.0,0.0,160084.6
1782719,IT,NO,RETA1,NAPHT,0.02,1600.529,3,3,1600.529,0.0,0.0,0.0,0.0,80026.45
1678737,IT,GR,PROCE,FABRI,0.01,1600.509,3,3,1600.509,0.0,0.0,0.0,0.0,160050.9
1770164,IT,AU,RETA1,TRANS,0.02,1600.468,3,3,1600.468,0.0,0.0,0.0,0.0,80023.4
1808458,IT,WF,FOOD4,HEAVY,0.01,1600.435,3,3,1600.435,0.0,0.0,0.0,0.0,160043.5
1759371,IT,BR,FINAN,AIRTR,0.02,1600.425,3,3,1600.425,0.0,0.0,0.0,0.0,80021.25
1672313,IT,FI,COMPU,FINAN,0.02,1600.239,3,3,1600.239,0.0,0.0,0.0,0.0,80011.95
1690171,IT,IE,BUSIN,FORES,0.02,1600.204,3,3,1600.204,0.0,0.0,0.0,0.0,80010.2
1659084,IT,DE,ELEC4,93197,0.03,1600.187,3,3,1600.187,0.0,0.0,0.0,0.0,53339.566667
1767180,IT,RU,WHOLE,FURNI,0.01,1600.174,3,3,1600.174,0.0,0.0,0.0,0.0,160017.4
1750977,IT,CN,RETAI,SECO9,0.01,1599.996,3,3,1599.996,0.0,0.0,0.0,0.0,159999.6
1721864,IT,PL,REALE,INSUR,0.07,1599.986,3,3,1599.986,0.0,0.0,0.0,0.0,22856.942857
1813817,IT,WM,RAILW,TRAN2,0.01,1599.878,3,3,1599.878,0.0,0.0,0.0,0.0,159987.8
1747423,IT,JP,LANDT,BASIC,0.01,1599.861,3,3,1599.861,0.0,0.0,0.0,0.0,159986.1
1727801,IT,RO,BUSIN,BIODI,0.02,1599.852,3,3,1599.852,0.0,0.0,0.0,0.0,79992.6
1743838,IT,US,LANDT,TEXT2,0.01,1599.839,3,3,1599.839,0.0,0.0,0.0,0.0,159983.9
1751339,IT,CN,LANDT,COLLE,0.01,1599.752,3,3,1599.752,0.0,0.0,0.0,0.0,159975.2
1771715,IT,CH,LEATH,NATUR,0.01,1599.621,3,3,1599.621,0.0,0.0,0.0,0.0,159962.1
1767952,IT,RU,COMPU,HEAVY,0.02,1599.506,3,3,1599.506,0.0,0.0,0.0,0.0,79975.3
1813501,IT,WM,RETAI,COPPE,0.01,1599.417,3,3,1599.417,0.0,0.0,0.0,0.0,159941.7
1711334,IT,LU,WHOLE,FURNI,0.01,1599.361,3,3,1599.361,0.0,0.0,0.0,0.0,159936.1
1765748,IT,RU,PRINT,ELEC2,0.02,1599.209,3,3,1599.209,0.0,0.0,0.0,0.0,79960.45
1724792,IT,PT,COMPU,KEROS,0.02,1599.181,3,3,1599.181,0.0,0.0,0.0,0.0,79959.05
1687344,IT,HU,RETA1,PAPE4,0.02,1599.135,3,3,1599.135,0.0,0.0,0.0,0.0,79956.75
1807664,IT,WF,BUSIN,CROPS,0.02,1598.993,3,3,1598.993,0.0,0.0,0.0,0.0,79949.65
1751776,IT,CN,AUXIL,CEMEN,0.03,1598.895,3,3,1598.895,0.0,0.0,0.0,0.0,53296.5
1741355,IT,US,PRINT,MOTOR,0.02,1598.851,3,3,1598.851,0.0,0.0,0.0,0.0,79942.55
1677137,IT,FR,POSTT,POULT,0.03,1598.788,3,3,1598.788,0.0,0.0,0.0,0.0,53292.933333
1739985,IT,GB,AUXIL,EDUCA,0.03,1598.772,3,3,1598.772,0.0,0.0,0.0,0.0,53292.4
1734113,IT,SI,INSUR,RECRE,0.03,1598.759,3,3,1598.759,0.0,0.0,0.0,0.0,53291.966667
1662844,IT,DK,RETAI,RECRE,0.01,1598.707,3,3,1598.707,0.0,0.0,0.0,0.0,159870.7
1655030,IT,CZ,REALE,HOTEL,0.07,1598.61,3,3,1598.61,0.0,0.0,0.0,0.0,22837.285714
1781774,IT,NO,PRINT,WHOLE,0.02,1598.594,3,3,1598.594,0.0,0.0,0.0,0.0,79929.7
1651802,IT,CY,WHOLE,INLAN,0.01,1598.389,3,3,1598.389,0.0,0.0,0.0,0.0,159838.9
1661688,IT,DK,WEARI,WOODW,0.01,1598.309,3,3,1598.309,0.0,0.0,0.0,0.0,159830.9
1782693,IT,NO,WHOLE,TEXT1,0.01,1598.025,3,3,1598.025,0.0,0.0,0.0,0.0,159802.5
1681179,IT,GR,POSTT,ELEC4,0.03,1597.789,3,3,1597.789,0.0,0.0,0.0,0.0,53259.633333
1783024,IT,NO,FINAN,HEALT,0.02,1597.635,3,3,1597.635,0.0,0.0,0.0,0.0,79881.75
1659256,IT,DE,SALEM,ELEC1,0.01,1597.228,3,3,1597.228,0.0,0.0,0.0,0.0,159722.8
1751658,IT,CN,FINAN,EDUCA,0.02,1597.02,3,3,1597.02,0.0,0.0,0.0,0.0,79851.0
1807568,IT,WF,COMPU,FABRI,0.02,1596.951,3,3,1596.951,0.0,0.0,0.0,0.0,79847.55
1716755,IT,NL,RETA1,CERAM,0.02,1596.824,3,3,1596.824,0.0,0.0,0.0,0.0,79841.2
1740473,IT,GB,PAPE4,RUBBE,0.01,1596.625,3,3,1596.625,0.0,0.0,0.0,0.0,159662.5
1670234,IT,ES,93197,RETA1,0.01,1596.512,3,3,1596.512,0.0,0.0,0.0,0.0,159651.2
1663535,IT,DK,COMPU,NUCLE,0.02,1596.508,3,3,1596.508,0.0,0.0,0.0,0.0,79825.4
1690555,IT,IE,RECRE,ELEC5,0.02,1596.459,3,3,1596.459,0.0,0.0,0.0,0.0,79822.95
1651822,IT,CY,HOTEL,AIRTR,0.01,1596.393,3,3,1596.393,0.0,0.0,0.0,0.0,159639.3
1791787,IT,WA,LANDT,PLANT,0.01,1595.973,3,3,1595.973,0.0,0.0,0.0,0.0,159597.3
1739868,IT,GB,FINAN,RADIO,0.02,1595.802,3,3,1595.802,0.0,0.0,0.0,0.0,79790.1
1660221,IT,DE,POSTT,MEATC,0.03,1595.567,3,3,1595.567,0.0,0.0,0.0,0.0,53185.566667
1663685,IT,DK,EDUCA,MEMBE,0.04,1595.242,3,3,1595.242,0.0,0.0,0.0,0.0,39881.05
1671912,IT,FI,RAILW,MACHI,0.01,1595.148,3,3,1595.148,0.0,0.0,0.0,0.0,159514.8
1659078,IT,DE,ELEC4,REALE,0.03,1595.11,3,3,1595.11,0.0,0.0,0.0,0.0,53170.333333
1730138,IT,SE,RAILW,POSTT,0.01,1595.084,3,3,1595.084,0.0,0.0,0.0,0.0,159508.4
1767272,IT,RU,HOTEL,CERAM,0.01,1594.897,3,3,1594.897,0.0,0.0,0.0,0.0,159489.7
1736240,IT,SK,RETA1,LANDT,0.02,1594.702,3,3,1594.702,0.0,0.0,0.0,0.0,79735.1
1684406,IT,HR,FINAN,VEGET,0.02,1594.498,3,3,1594.498,0.0,0.0,0.0,0.0,79724.9
1659142,IT,DE,ELEC8,LANDT,0.02,1594.48,3,3,1594.48,0.0,0.0,0.0,0.0,79724.0
1643124,IT,AT,RETA1,OILSE,0.02,1594.104,3,3,1594.104,0.0,0.0,0.0,0.0,79705.2
1814295,IT,WM,POSTT,FOOD4,0.03,1594.078,3,3,1594.078,0.0,0.0,0.0,0.0,53135.933333
1740580,IT,US,CROPS,RECRE,0.01,1593.997,3,3,1593.997,0.0,0.0,0.0,0.0,159399.7
1725069,IT,RO,CROPS,MEATC,0.01,1593.897,3,3,1593.897,0.0,0.0,0.0,0.0,159389.7
1711294,IT,LU,RETAI,RETA1,0.01,1593.667,3,3,1593.667,0.0,0.0,0.0,0.0,159366.7
1747418,IT,JP,LANDT,PAPER,0.01,1593.547,3,3,1593.547,0.0,0.0,0.0,0.0,159354.7
1688493,IT,IE,LEATH,CONST,0.01,1593.413,3,3,1593.413,0.0,0.0,0.0,0.0,159341.3
1643840,IT,AT,FINAN,FOOD2,0.02,1593.241,3,3,1593.241,0.0,0.0,0.0,0.0,79662.05
1733527,IT,SI,WHOLE,RENTI,0.01,1593.196,3,3,1593.196,0.0,0.0,0.0,0.0,159319.6
1676101,IT,FR,ELEC8,RUBBE,0.02,1593.077,3,3,1593.077,0.0,0.0,0.0,0.0,79653.85
1760215,IT,BR,INERT,PRINT,0.01,1593.056,3,3,1593.056,0.0,0.0,0.0,0.0,159305.6
1733736,IT,SI,LANDT,LIGNI,0.01,1592.926,3,3,1592.926,0.0,0.0,0.0,0.0,159292.6
1767187,IT,RU,WHOLE,RENTI,0.01,1592.882,3,3,1592.882,0.0,0.0,0.0,0.0,159288.2
1648311,IT,BE,EDUCA,FOOD5,0.04,1592.868,3,3,1592.868,0.0,0.0,0.0,0.0,39821.7
1724937,IT,PT,BUSIN,TEXT1,0.02,1592.734,3,3,1592.734,0.0,0.0,0.0,0.0,79636.7
1712732,IT,LV,RAILW,FURNI,0.01,1592.314,3,3,1592.314,0.0,0.0,0.0,0.0,159231.4
1802917,IT,WE,PRIVA,PRIVA,0.36,1592.298,3,3,1592.298,0.0,0.0,0.0,0.0,4423.05
1690250,IT,IE,PAPE1,FISHF,0.01,1592.292,3,3,1592.292,0.0,0.0,0.0,0.0,159229.2
1734064,IT,SI,FINAN,MEMBE,0.02,1592.238,3,3,1592.238,0.0,0.0,0.0,0.0,79611.9
1797970,IT,WL,PAPE4,PAPER,0.01,1592.167,3,3,1592.167,0.0,0.0,0.0,0.0,159216.7
1688084,IT,HU,COMPU,FOOD4,0.02,1592.121,3,3,1592.121,0.0,0.0,0.0,0.0,79606.05
1748864,IT,CN,WEARI,RAWMI,0.01,1591.952,3,3,1591.952,0.0,0.0,0.0,0.0,159195.2
1779817,IT,TR,PUBLI,FORES,0.03,1591.921,3,3,1591.921,0.0,0.0,0.0,0.0,53064.033333
1716629,IT,NL,SALEM,OILHA,0.01,1591.901,3,3,1591.901,0.0,0.0,0.0,0.0,159190.1
1744437,IT,US,AUXIL,NONF1,0.03,1591.749,3,3,1591.749,0.0,0.0,0.0,0.0,53058.3
1711657,IT,LU,COMPU,SALEM,0.02,1591.469,3,3,1591.469,0.0,0.0,0.0,0.0,79573.45
1720943,IT,PL,WHOLE,MEATP,0.01,1591.322,3,3,1591.322,0.0,0.0,0.0,0.0,159132.2
1733989,IT,SI,SUPPO,PAPE4,0.01,1591.22,3,3,1591.22,0.0,0.0,0.0,0.0,159122.0
1672475,IT,FI,FOOD4,CONST,0.01,1591.211,3,3,1591.211,0.0,0.0,0.0,0.0,159121.1
1748276,IT,JP,MEMBE,MOTO1,0.02,1591.141,3,3,1591.141,0.0,0.0,0.0,0.0,79557.05
1717377,IT,NL,FINAN,OILHA,0.02,1591.1,3,3,1591.1,0.0,0.0,0.0,0.0,79555.0
1755330,IT,KR,PRINT,CERAM,0.02,1590.909,3,3,1590.909,0.0,0.0,0.0,0.0,79545.45
1717191,IT,NL,SUPPO,MEATC,0.01,1590.472,3,3,1590.472,0.0,0.0,0.0,0.0,159047.2
1781571,IT,NO,WEARI,SANDC,0.01,1590.438,3,3,1590.438,0.0,0.0,0.0,0.0,159043.8
1712132,IT,LV,WEARI,MOTO1,0.01,1590.304,3,3,1590.304,0.0,0.0,0.0,0.0,159030.4
1791345,IT,WA,SALEM,GLASS,0.01,1590.102,3,3,1590.102,0.0,0.0,0.0,0.0,159010.2
1710524,IT,LT,SUPPO,CEMEN,0.01,1590.049,3,3,1590.049,0.0,0.0,0.0,0.0,159004.9
1810144,IT,WM,WEARI,PAPER,0.01,1589.994,3,3,1589.994,0.0,0.0,0.0,0.0,158999.4
1753871,IT,CA,RETA1,RADIO,0.02,1589.883,3,3,1589.883,0.0,0.0,0.0,0.0,79494.15
1759215,IT,BR,SUPPO,POSTT,0.01,1589.879,3,3,1589.879,0.0,0.0,0.0,0.0,158987.9
1770871,IT,AU,BUSIN,ELEC2,0.02,1589.649,3,3,1589.649,0.0,0.0,0.0,0.0,79482.45
1665455,IT,ES,WEARI,MEATC,0.01,1589.554,3,3,1589.554,0.0,0.0,0.0,0.0,158955.4
1765500,IT,RU,WEARI,ELEC3,0.01,1589.363,3,3,1589.363,0.0,0.0,0.0,0.0,158936.3
1724188,IT,PT,HOTEL,BASIC,0.01,1589.039,3,3,1589.039,0.0,0.0,0.0,0.0,158903.9
1778418,IT,TR,WHOLE,VEGE1,0.01,1588.918,3,3,1588.918,0.0,0.0,0.0,0.0,158891.8
1678959,IT,GR,WEARI,MACHI,0.01,1588.909,3,3,1588.909,0.0,0.0,0.0,0.0,158890.9
1671746,IT,FI,SALEM,FOOD3,0.01,1588.844,3,3,1588.844,0.0,0.0,0.0,0.0,158884.4
1650611,IT,BG,ELE11,PIGS9,0.02,1588.735,3,3,1588.735,0.0,0.0,0.0,0.0,79436.75
1782692,IT,NO,WHOLE,PLAS1,0.01,1588.629,3,3,1588.629,0.0,0.0,0.0,0.0,158862.9
1659566,IT,DE,HOTEL,NATUR,0.01,1588.616,3,3,1588.616,0.0,0.0,0.0,0.0,158861.6
1669415,IT,ES,INSUR,MEDIC,0.03,1588.482,3,3,1588.482,0.0,0.0,0.0,0.0,52949.4
1774921,IT,CH,INSUR,ELEC3,0.03,1588.018,3,3,1588.018,0.0,0.0,0.0,0.0,52933.933333
1796516,IT,WL,RETA1,LEAD1,0.02,1588.001,3,3,1588.001,0.0,0.0,0.0,0.0,79400.05
1786842,IT,ZA,HOTEL,FOOD3,0.01,1587.895,3,3,1587.895,0.0,0.0,0.0,0.0,158789.5
1796435,IT,WL,WHOLE,INLAN,0.01,1587.831,3,3,1587.831,0.0,0.0,0.0,0.0,158783.1
1677781,IT,FR,COMPU,FURNI,0.02,1587.732,3,3,1587.732,0.0,0.0,0.0,0.0,79386.6
1690437,IT,IE,FOOD4,INTER,0.01,1587.661,3,3,1587.661,0.0,0.0,0.0,0.0,158766.1
1672072,IT,FI,SUPPO,MOTOR,0.01,1587.625,3,3,1587.625,0.0,0.0,0.0,0.0,158762.5
1767830,IT,RU,AUXIL,WOODW,0.03,1587.521,3,3,1587.521,0.0,0.0,0.0,0.0,52917.366667
1728464,IT,SE,LEATH,DISTR,0.01,1587.396,3,3,1587.396,0.0,0.0,0.0,0.0,158739.6
1779428,IT,TR,REALE,MOTO1,0.07,1587.064,3,3,1587.064,0.0,0.0,0.0,0.0,22672.342857
1665453,IT,ES,WEARI,SANDC,0.01,1587.024,3,3,1587.024,0.0,0.0,0.0,0.0,158702.4
1725072,IT,RO,CROPS,PROCE,0.01,1586.759,3,3,1586.759,0.0,0.0,0.0,0.0,158675.9
1748286,IT,JP,MEMBE,SEACO,0.02,1586.736,3,3,1586.736,0.0,0.0,0.0,0.0,79336.8
1781660,IT,NO,LEATH,DIST1,0.01,1586.654,3,3,1586.654,0.0,0.0,0.0,0.0,158665.4
1682270,IT,HR,LEATH,ALUM1,0.01,1585.978,3,3,1585.978,0.0,0.0,0.0,0.0,158597.8
1771748,IT,CH,LEATH,NONF1,0.01,1585.829,3,3,1585.829,0.0,0.0,0.0,0.0,158582.9
1669545,IT,ES,REALE,BIODI,0.07,1585.616,3,3,1585.616,0.0,0.0,0.0,0.0,22651.657143
1783566,IT,NO,SEWAG,NONF1,0.01,1585.503,3,3,1585.503,0.0,0.0,0.0,0.0,158550.3
1643082,IT,AT,WHOLE,WOODW,0.01,1585.487,3,3,1585.487,0.0,0.0,0.0,0.0,158548.7
1651131,IT,BG,COMPU,RESEA,0.02,1585.134,3,3,1585.134,0.0,0.0,0.0,0.0,79256.7
1647067,IT,BE,HOTEL,MEAT1,0.01,1585.121,3,3,1585.121,0.0,0.0,0.0,0.0,158512.1
1797568,IT,WL,PUBLI,WHOLE,0.03,1585.094,3,3,1585.094,0.0,0.0,0.0,0.0,52836.466667
1750985,IT,CN,WHOLE,WHEAT,0.01,1585.049,3,3,1585.049,0.0,0.0,0.0,0.0,158504.9
1763349,IT,MX,PRINT,TEXTI,0.02,1584.968,3,3,1584.968,0.0,0.0,0.0,0.0,79248.4
1721763,IT,PL,INSUR,POSTT,0.03,1584.84,3,3,1584.84,0.0,0.0,0.0,0.0,52828.0
1663459,IT,DK,REALE,LANDT,0.07,1584.771,3,3,1584.771,0.0,0.0,0.0,0.0,22639.585714
1677047,IT,FR,SUPPO,REFI1,0.01,1584.758,3,3,1584.758,0.0,0.0,0.0,0.0,158475.8
1652824,IT,CZ,PRINT,ELECT,0.02,1584.653,3,3,1584.653,0.0,0.0,0.0,0.0,79232.65
1791394,IT,WA,RETAI,RESEA,0.01,1584.612,3,3,1584.612,0.0,0.0,0.0,0.0,158461.2
1814720,IT,WM,WOOD1,EDUCA,0.01,1584.603,3,3,1584.603,0.0,0.0,0.0,0.0,158460.3
1741356,IT,US,PRINT,GASDI,0.02,1584.273,3,3,1584.273,0.0,0.0,0.0,0.0,79213.65
1689876,IT,IE,AUXIL,BEVER,0.03,1584.204,3,3,1584.204,0.0,0.0,0.0,0.0,52806.8
1736729,IT,SK,REALE,DIST1,0.07,1584.183,3,3,1584.183,0.0,0.0,0.0,0.0,22631.185714
1644035,IT,AT,BUSIN,REFI1,0.02,1584.1,3,3,1584.1,0.0,0.0,0.0,0.0,79205.0
1787296,IT,WA,CROPS,CEREA,0.01,1584.014,3,3,1584.014,0.0,0.0,0.0,0.0,158401.4
1733679,IT,SI,RAILW,FORES,0.01,1583.979,3,3,1583.979,0.0,0.0,0.0,0.0,158397.9
1682179,IT,HR,WEARI,RAWMI,0.01,1583.942,3,3,1583.942,0.0,0.0,0.0,0.0,158394.2
1690491,IT,IE,PLAS2,STONE,0.01,1583.832,3,3,1583.832,0.0,0.0,0.0,0.0,158383.2
1745879,IT,JP,LEATH,ELE11,0.01,1583.792,3,3,1583.792,0.0,0.0,0.0,0.0,158379.2
1783133,IT,NO,AUXIL,HEALT,0.03,1583.693,3,3,1583.693,0.0,0.0,0.0,0.0,52789.766667
1758963,IT,BR,RAILW,MEMBE,0.01,1583.682,3,3,1583.682,0.0,0.0,0.0,0.0,158368.2
1751495,IT,CN,SUPPO,VEGET,0.01,1583.679,3,3,1583.679,0.0,0.0,0.0,0.0,158367.9
1787062,IT,ZA,COMPU,LANDT,0.02,1583.64,3,3,1583.64,0.0,0.0,0.0,0.0,79182.0
1741116,IT,US,WEARI,MOTO1,0.01,1583.501,3,3,1583.501,0.0,0.0,0.0,0.0,158350.1
1770539,IT,AU,SUPPO,MOTOR,0.01,1583.295,3,3,1583.295,0.0,0.0,0.0,0.0,158329.5
1721875,IT,PL,REALE,93197,0.07,1583.166,3,3,1583.166,0.0,0.0,0.0,0.0,22616.657143
1750969,IT,CN,RETAI,ALUM1,0.01,1582.819,3,3,1582.819,0.0,0.0,0.0,0.0,158281.9
1782830,IT,NO,HOTEL,FOOD2,0.01,1582.753,3,3,1582.753,0.0,0.0,0.0,0.0,158275.3
1711959,IT,LU,MEMBE,AUXIL,0.02,1582.644,3,3,1582.644,0.0,0.0,0.0,0.0,79132.2
1747658,IT,JP,POSTT,PFERT,0.03,1582.643,3,3,1582.643,0.0,0.0,0.0,0.0,52754.766667
1711573,IT,LU,FINAN,DISTR,0.02,1582.637,3,3,1582.637,0.0,0.0,0.0,0.0,79131.85
1763142,IT,MX,LEATH,MEAT4,0.01,1582.621,3,3,1582.621,0.0,0.0,0.0,0.0,158262.1
1750975,IT,CN,RETAI,MEDIC,0.01,1582.379,3,3,1582.379,0.0,0.0,0.0,0.0,158237.9
1810261,IT,WM,LEATH,NONF1,0.01,1582.284,3,3,1582.284,0.0,0.0,0.0,0.0,158228.4
1671798,IT,FI,WHOLE,PUBLI,0.01,1582.269,3,3,1582.269,0.0,0.0,0.0,0.0,158226.9
1668188,IT,ES,SALEM,PAPE1,0.01,1582.242,3,3,1582.242,0.0,0.0,0.0,0.0,158224.2
1731617,IT,SI,WEARI,INTER,0.01,1582.226,3,3,1582.226,0.0,0.0,0.0,0.0,158222.6
1681404,IT,GR,REALE,HOTEL,0.07,1582.046,3,3,1582.046,0.0,0.0,0.0,0.0,22600.657143
1711522,IT,LU,POSTT,FURNI,0.03,1582.045,3,3,1582.045,0.0,0.0,0.0,0.0,52734.833333
1745159,IT,US,93197,AIRTR,0.01,1582.028,3,3,1582.028,0.0,0.0,0.0,0.0,158202.8
1754237,IT,CA,POSTT,FOUND,0.03,1581.999,3,3,1581.999,0.0,0.0,0.0,0.0,52733.3
1783013,IT,NO,POSTT,EDUCA,0.03,1581.952,3,3,1581.952,0.0,0.0,0.0,0.0,52731.733333
1659050,IT,DE,ELEC4,PULP5,0.03,1581.908,3,3,1581.908,0.0,0.0,0.0,0.0,52730.266667
1654822,IT,CZ,SUPPO,FINAN,0.01,1581.898,3,3,1581.898,0.0,0.0,0.0,0.0,158189.8
1787339,IT,WA,CROPS,DIST1,0.01,1581.656,3,3,1581.656,0.0,0.0,0.0,0.0,158165.6
1765136,IT,MX,BUSIN,SANDC,0.02,1581.592,3,3,1581.592,0.0,0.0,0.0,0.0,79079.6
1681537,IT,GR,BUSIN,BRICK,0.02,1581.559,3,3,1581.559,0.0,0.0,0.0,0.0,79077.95
1784080,IT,ID,LEATH,FABRI,0.01,1581.525,3,3,1581.525,0.0,0.0,0.0,0.0,158152.5
1786691,IT,ZA,WHOLE,MEMBE,0.01,1581.444,3,3,1581.444,0.0,0.0,0.0,0.0,158144.4
1718969,IT,PL,PRINT,PLAS1,0.02,1581.414,3,3,1581.414,0.0,0.0,0.0,0.0,79070.7
1745225,IT,JP,FORES,RESEA,0.01,1581.2,4,4,1580.2,0.0,1.0,0.0,0.0,158120.0
1806710,IT,WF,WHOLE,CHEM1,0.01,1581.151,3,3,1581.151,0.0,0.0,0.0,0.0,158115.1
1654433,IT,CZ,WHOLE,BUSIN,0.01,1581.125,3,3,1581.125,0.0,0.0,0.0,0.0,158112.5
1654565,IT,CZ,HOTEL,FOOD3,0.01,1581.063,3,3,1581.063,0.0,0.0,0.0,0.0,158106.3
1751634,IT,CN,FINAN,RUBBE,0.02,1581.036,3,3,1581.036,0.0,0.0,0.0,0.0,79051.8
1733720,IT,SI,RAILW,WASTE,0.01,1580.963,3,3,1580.963,0.0,0.0,0.0,0.0,158096.3
1758758,IT,BR,RETA1,FISHF,0.02,1580.872,3,3,1580.872,0.0,0.0,0.0,0.0,79043.6
1669862,IT,ES,PUBLI,PRECI,0.03,1580.602,3,3,1580.602,0.0,0.0,0.0,0.0,52686.733333
1724549,IT,PT,POSTT,TRAN2,0.03,1580.377,3,3,1580.377,0.0,0.0,0.0,0.0,52679.233333
1756824,IT,KR,SUPPO,EDUCA,0.01,1580.249,3,3,1580.249,0.0,0.0,0.0,0.0,158024.9
1776171,IT,TR,LEATH,INSUR,0.01,1580.061,3,3,1580.061,0.0,0.0,0.0,0.0,158006.1
1778607,IT,TR,HOTEL,PRECI,0.01,1579.87,3,3,1579.87,0.0,0.0,0.0,0.0,157987.0
1759561,IT,BR,COMPU,BIOGA,0.02,1579.747,3,3,1579.747,0.0,0.0,0.0,0.0,78987.35
1660468,IT,DE,INSUR,PAPER,0.03,1579.445,3,3,1579.445,0.0,0.0,0.0,0.0,52648.166667
1724599,IT,PT,FINAN,GLASS,0.02,1579.44,3,3,1579.44,0.0,0.0,0.0,0.0,78972.0
1685060,IT,HU,PROCE,MEAT1,0.01,1579.315,3,3,1579.315,0.0,0.0,0.0,0.0,157931.5
1727440,IT,RO,FINAN,FOOD4,0.02,1579.309,3,3,1579.309,0.0,0.0,0.0,0.0,78965.45
1672474,IT,FI,FOOD4,SECO9,0.01,1579.163,3,3,1579.163,0.0,0.0,0.0,0.0,157916.3
1647794,IT,BE,AUXIL,KERO1,0.03,1578.862,3,3,1578.862,0.0,0.0,0.0,0.0,52628.733333
1788315,IT,WA,LEATH,GASWO,0.01,1578.82,3,3,1578.82,0.0,0.0,0.0,0.0,157882.0
1718563,IT,PL,WEARI,RAILW,0.01,1578.768,3,3,1578.768,0.0,0.0,0.0,0.0,157876.8
1687831,IT,HU,FINAN,PLAST,0.02,1578.714,3,3,1578.714,0.0,0.0,0.0,0.0,78935.7
1788652,IT,WA,PRINT,RESEA,0.02,1578.678,3,3,1578.678,0.0,0.0,0.0,0.0,78933.9
1711885,IT,LU,WOOD1,HOTEL,0.01,1578.194,3,3,1578.194,0.0,0.0,0.0,0.0,157819.4
1755367,IT,KR,PRINT,PRIVA,0.02,1578.11,3,3,1578.11,0.0,0.0,0.0,0.0,78905.5
1714206,IT,MT,INSUR,RENTI,0.03,1577.961,3,3,1577.961,0.0,0.0,0.0,0.0,52598.7
1717277,IT,NL,POSTT,TRAN2,0.03,1577.945,3,3,1577.945,0.0,0.0,0.0,0.0,52598.166667
1684313,IT,HR,SUPPO,VEGE1,0.01,1577.824,3,3,1577.824,0.0,0.0,0.0,0.0,157782.4
1734907,IT,SK,PRINT,FABRI,0.02,1577.798,3,3,1577.798,0.0,0.0,0.0,0.0,78889.9
1681525,IT,GR,BUSIN,REFI1,0.02,1577.761,3,3,1577.761,0.0,0.0,0.0,0.0,78888.05
1774860,IT,CH,FINAN,SALEM,0.02,1577.718,3,3,1577.718,0.0,0.0,0.0,0.0,78885.9
1714318,IT,MT,EDUCA,HOTEL,0.04,1577.692,3,3,1577.692,0.0,0.0,0.0,0.0,39442.3
1774856,IT,CH,FINAN,TRAN1,0.02,1577.645,3,3,1577.645,0.0,0.0,0.0,0.0,78882.25
1659221,IT,DE,SALEM,CATTL,0.01,1577.566,3,3,1577.566,0.0,0.0,0.0,0.0,157756.6
1676689,IT,FR,RAILW,BRICK,0.01,1577.532,3,3,1577.532,0.0,0.0,0.0,0.0,157753.2
1721841,IT,PL,REALE,MACHI,0.07,1577.262,3,3,1577.262,0.0,0.0,0.0,0.0,22532.314286
1767879,IT,RU,AUXIL,MEMBE,0.03,1577.255,3,3,1577.255,0.0,0.0,0.0,0.0,52575.166667
1786962,IT,ZA,POSTT,RENTI,0.03,1577.133,3,3,1577.133,0.0,0.0,0.0,0.0,52571.1
1668208,IT,ES,RETAI,RAWMI,0.01,1577.121,3,3,1577.121,0.0,0.0,0.0,0.0,157712.1
1652052,IT,CZ,FORES,PLANT,0.01,1576.998,4,4,1575.998,0.0,1.0,0.0,0.0,157699.8
1770367,IT,AU,LANDT,PROCE,0.01,1576.993,3,3,1576.993,0.0,0.0,0.0,0.0,157699.3
1793082,IT,WA,INERT,LEAD1,0.01,1576.973,3,3,1576.973,0.0,0.0,0.0,0.0,157697.3
1654835,IT,CZ,POSTT,CEREA,0.03,1576.871,3,3,1576.871,0.0,0.0,0.0,0.0,52562.366667
1764619,IT,MX,RETA1,RAWMI,0.02,1576.854,3,3,1576.854,0.0,0.0,0.0,0.0,78842.7
1724459,IT,PT,SUPPO,FOOD5,0.01,1576.827,3,3,1576.827,0.0,0.0,0.0,0.0,157682.7
1677140,IT,FR,POSTT,CRUDE,0.03,1576.81,3,3,1576.81,0.0,0.0,0.0,0.0,52560.333333
1775686,IT,TR,CROPS,BEVER,0.01,1576.768,3,3,1576.768,0.0,0.0,0.0,0.0,157676.8
1793149,IT,WA,93197,BITUM,0.01,1576.7,3,3,1576.7,0.0,0.0,0.0,0.0,157670.0
1711877,IT,LU,TEXT1,BASIC,0.01,1576.288,3,3,1576.288,0.0,0.0,0.0,0.0,157628.8
1659141,IT,DE,ELEC8,HOTEL,0.02,1576.216,3,3,1576.216,0.0,0.0,0.0,0.0,78810.8
1678734,IT,GR,PROCE,TEXTI,0.01,1576.104,3,3,1576.104,0.0,0.0,0.0,0.0,157610.4
1665452,IT,ES,WEARI,STONE,0.01,1575.711,3,3,1575.711,0.0,0.0,0.0,0.0,157571.1
1662939,IT,DK,RETA1,SECO9,0.02,1575.649,3,3,1575.649,0.0,0.0,0.0,0.0,78782.45
1728687,IT,SE,PRINT,PAPE1,0.02,1575.524,3,3,1575.524,0.0,0.0,0.0,0.0,78776.2
1786697,IT,ZA,RETA1,FORES,0.02,1575.419,3,3,1575.419,0.0,0.0,0.0,0.0,78770.95
1725087,IT,RO,FORES,VEGET,0.01,1574.992,4,4,1573.992,0.0,1.0,0.0,0.0,157499.2
1775445,IT,CH,FOODW,POSTT,0.01,1574.867,3,3,1574.867,0.0,0.0,0.0,0.0,157486.7
1776146,IT,TR,LEATH,OFFIC,0.01,1574.627,3,3,1574.627,0.0,0.0,0.0,0.0,157462.7
1798051,IT,WL,MEMBE,PREC1,0.02,1574.317,3,3,1574.317,0.0,0.0,0.0,0.0,78715.85
1748109,IT,JP,BUSIN,FOOD4,0.02,1574.19,3,3,1574.19,0.0,0.0,0.0,0.0,78709.5
1770776,IT,AU,COMPU,BEVER,0.02,1574.189,3,3,1574.189,0.0,0.0,0.0,0.0,78709.45
1659129,IT,DE,ELEC8,CHEM1,0.02,1574.174,3,3,1574.174,0.0,0.0,0.0,0.0,78708.7
1672311,IT,FI,COMPU,WHOLE,0.02,1573.901,3,3,1573.901,0.0,0.0,0.0,0.0,78695.05
1716773,IT,NL,RETA1,ELEC2,0.02,1573.583,3,3,1573.583,0.0,0.0,0.0,0.0,78679.15
1665528,IT,ES,WEARI,WOOD1,0.01,1573.565,3,3,1573.565,0.0,0.0,0.0,0.0,157356.5
1747436,IT,JP,LANDT,PUBLI,0.01,1573.478,3,3,1573.478,0.0,0.0,0.0,0.0,157347.8
1659320,IT,DE,RETAI,ADDIT,0.01,1573.369,3,3,1573.369,0.0,0.0,0.0,0.0,157336.9
1664737,IT,EE,SUPPO,RECRE,0.01,1573.313,3,3,1573.313,0.0,0.0,0.0,0.0,157331.3
1725550,IT,RO,LEATH,RETAI,0.01,1573.171,3,3,1573.171,0.0,0.0,0.0,0.0,157317.1
1794178,IT,WL,PRINT,GASDI,0.02,1573.021,3,3,1573.021,0.0,0.0,0.0,0.0,78651.05
1770153,IT,AU,RETA1,GASDI,0.02,1573.007,3,3,1573.007,0.0,0.0,0.0,0.0,78650.35
1745153,IT,US,93197,FABRI,0.01,1572.984,3,3,1572.984,0.0,0.0,0.0,0.0,157298.4
1796768,IT,WL,LANDT,ELECT,0.01,1572.848,3,3,1572.848,0.0,0.0,0.0,0.0,157284.8
1767345,IT,RU,RAILW,ELECT,0.01,1572.757,3,3,1572.757,0.0,0.0,0.0,0.0,157275.7
1792948,IT,WA,PAPE1,SEACO,0.01,1572.601,3,3,1572.601,0.0,0.0,0.0,0.0,157260.1
1733931,IT,SI,SUPPO,FISH5,0.01,1572.591,3,3,1572.591,0.0,0.0,0.0,0.0,157259.1
1673525,IT,FR,LEATH,BITU1,0.01,1572.154,3,3,1572.154,0.0,0.0,0.0,0.0,157215.4
1784905,IT,ID,POSTT,MACHI,0.03,1572.084,3,3,1572.084,0.0,0.0,0.0,0.0,52402.8
1675965,IT,FR,ELEC4,CONST,0.03,1571.995,3,3,1571.995,0.0,0.0,0.0,0.0,52399.833333
1647803,IT,BE,AUXIL,BIOGA,0.03,1571.59,3,3,1571.59,0.0,0.0,0.0,0.0,52386.333333
1782666,IT,NO,WHOLE,CROPS,0.01,1571.587,3,3,1571.587,0.0,0.0,0.0,0.0,157158.7
1689774,IT,IE,INSUR,WOOLS,0.03,1571.555,3,3,1571.555,0.0,0.0,0.0,0.0,52385.166667
1684617,IT,HR,FOOD4,WOODW,0.01,1571.299,3,3,1571.299,0.0,0.0,0.0,0.0,157129.9
1654578,IT,CZ,RAILW,MOTOR,0.01,1571.232,3,3,1571.232,0.0,0.0,0.0,0.0,157123.2
1681278,IT,GR,FINAN,AUXIL,0.02,1571.103,3,3,1571.103,0.0,0.0,0.0,0.0,78555.15
1668529,IT,ES,HOTEL,PREC1,0.01,1571.089,3,3,1571.089,0.0,0.0,0.0,0.0,157108.9
1759881,IT,BR,PAPE1,GASDI,0.01,1570.959,3,3,1570.959,0.0,0.0,0.0,0.0,157095.9
1651935,IT,CY,BUSIN,LEATH,0.02,1570.955,3,3,1570.955,0.0,0.0,0.0,0.0,78547.75
1769017,IT,AU,PRINT,COLLE,0.02,1570.742,3,3,1570.742,0.0,0.0,0.0,0.0,78537.1
1756553,IT,KR,RETA1,PULP5,0.02,1570.706,3,3,1570.706,0.0,0.0,0.0,0.0,78535.3
1678247,IT,FR,SEWAG,SALEM,0.01,1570.604,3,3,1570.604,0.0,0.0,0.0,0.0,157060.4
1744408,IT,US,AUXIL,SUGAR,0.03,1570.482,3,3,1570.482,0.0,0.0,0.0,0.0,52349.4
1740494,IT,GB,INERT,FOODW,0.01,1570.278,3,3,1570.278,0.0,0.0,0.0,0.0,157027.8
1724170,IT,PT,HOTEL,FORES,0.01,1570.24,3,3,1570.24,0.0,0.0,0.0,0.0,157024.0
1725020,IT,PT,INERT,COPP1,0.01,1569.997,3,3,1569.997,0.0,0.0,0.0,0.0,156999.7
1734174,IT,SI,REALE,FABRI,0.07,1569.605,3,3,1569.605,0.0,0.0,0.0,0.0,22422.928571
1734170,IT,SI,REALE,RUBBE,0.07,1569.556,3,3,1569.556,0.0,0.0,0.0,0.0,22422.228571
1774981,IT,CH,AUXIL,RAILW,0.03,1569.514,3,3,1569.514,0.0,0.0,0.0,0.0,52317.133333
1736618,IT,SK,POSTT,93197,0.03,1569.389,3,3,1569.389,0.0,0.0,0.0,0.0,52312.966667
1663116,IT,DK,RAILW,RENTI,0.01,1569.325,3,3,1569.325,0.0,0.0,0.0,0.0,156932.5
1726819,IT,RO,WHOLE,NONF1,0.01,1569.239,3,3,1569.239,0.0,0.0,0.0,0.0,156923.9
1722275,IT,PL,93197,CEMEN,0.01,1569.217,3,3,1569.217,0.0,0.0,0.0,0.0,156921.7
1744422,IT,US,AUXIL,TOBAC,0.03,1569.011,3,3,1569.011,0.0,0.0,0.0,0.0,52300.366667
1778795,IT,TR,LANDT,LEAD1,0.01,1568.835,3,3,1568.835,0.0,0.0,0.0,0.0,156883.5
1654842,IT,CZ,POSTT,WOODW,0.03,1568.771,3,3,1568.771,0.0,0.0,0.0,0.0,52292.366667
1791732,IT,WA,RAILW,TEXTI,0.01,1568.764,3,3,1568.764,0.0,0.0,0.0,0.0,156876.4
1648080,IT,BE,COMPU,SEWAG,0.02,1568.716,3,3,1568.716,0.0,0.0,0.0,0.0,78435.8
1780069,IT,TW,WHOLE,COPP1,0.01,1568.582,3,3,1568.582,0.0,0.0,0.0,0.0,156858.2
1650721,IT,BG,HOTEL,BIODI,0.01,1568.523,3,3,1568.523,0.0,0.0,0.0,0.0,156852.3
1654961,IT,CZ,INSUR,TRAN1,0.03,1568.464,3,3,1568.464,0.0,0.0,0.0,0.0,52282.133333
1779286,IT,TR,FINAN,REALE,0.02,1568.325,3,3,1568.325,0.0,0.0,0.0,0.0,78416.25
1814795,IT,WM,PAPE4,AIRTR,0.01,1568.129,3,3,1568.129,0.0,0.0,0.0,0.0,156812.9
1672125,IT,FI,POSTT,AIRTR,0.03,1568.128,3,3,1568.128,0.0,0.0,0.0,0.0,52270.933333
1714180,IT,MT,POSTT,EDUCA,0.03,1567.964,3,3,1567.964,0.0,0.0,0.0,0.0,52265.466667
1647156,IT,BE,HOTEL,INERT,0.01,1567.807,3,3,1567.807,0.0,0.0,0.0,0.0,156780.7
1655206,IT,CZ,BUSIN,FOOD2,0.02,1567.777,3,3,1567.777,0.0,0.0,0.0,0.0,78388.85
1780619,IT,TW,INSUR,ELEC2,0.03,1567.671,3,3,1567.671,0.0,0.0,0.0,0.0,52255.7
1716635,IT,NL,RETAI,NATUR,0.01,1567.57,3,3,1567.57,0.0,0.0,0.0,0.0,156757.0
1663403,IT,DK,POSTT,RECRE,0.03,1567.492,3,3,1567.492,0.0,0.0,0.0,0.0,52249.733333
1714171,IT,MT,POSTT,SUPPO,0.03,1567.359,3,3,1567.359,0.0,0.0,0.0,0.0,52245.3
1751543,IT,CN,POSTT,FORES,0.03,1567.108,3,3,1567.108,0.0,0.0,0.0,0.0,52236.933333
1717789,IT,NL,PAPE1,COPP1,0.01,1567.08,3,3,1567.08,0.0,0.0,0.0,0.0,156708.0
1650966,IT,BG,SUPPO,MEATP,0.01,1567.068,3,3,1567.068,0.0,0.0,0.0,0.0,156706.8
1725492,IT,RO,WEARI,RENTI,0.01,1566.509,3,3,1566.509,0.0,0.0,0.0,0.0,156650.9
1724225,IT,PT,RAILW,RUBBE,0.01,1566.448,3,3,1566.448,0.0,0.0,0.0,0.0,156644.8
1714022,IT,MT,HOTEL,MEATC,0.01,1566.345,3,3,1566.345,0.0,0.0,0.0,0.0,156634.5
1798030,IT,WL,TEXT2,CRUDE,0.01,1566.332,3,3,1566.332,0.0,0.0,0.0,0.0,156633.2
1690446,IT,IE,FOOD4,WOOD2,0.01,1566.327,3,3,1566.327,0.0,0.0,0.0,0.0,156632.7
1799219,IT,WE,LEATH,COPPE,0.01,1566.293,3,3,1566.293,0.0,0.0,0.0,0.0,156629.3
1640812,IT,AT,WEARI,MEDIC,0.01,1566.254,3,3,1566.254,0.0,0.0,0.0,0.0,156625.4
1712716,IT,LV,HOTEL,TRAN2,0.01,1566.115,3,3,1566.115,0.0,0.0,0.0,0.0,156611.5
1748238,IT,JP,WOOD1,RAWMI,0.01,1566.069,3,3,1566.069,0.0,0.0,0.0,0.0,156606.9
1669359,IT,ES,FINAN,FOOD3,0.02,1566.043,3,3,1566.043,0.0,0.0,0.0,0.0,78302.15
1730228,IT,SE,LANDT,WASTE,0.01,1565.961,3,3,1565.961,0.0,0.0,0.0,0.0,156596.1
1743442,IT,US,WHOLE,ANIMA,0.01,1565.625,3,3,1565.625,0.0,0.0,0.0,0.0,156562.5
1733571,IT,SI,RETA1,RETAI,0.02,1565.602,3,3,1565.602,0.0,0.0,0.0,0.0,78280.1
1770536,IT,AU,SUPPO,LEATH,0.01,1565.568,3,3,1565.568,0.0,0.0,0.0,0.0,156556.8
1759254,IT,BR,POSTT,LIQUE,0.03,1565.546,3,3,1565.546,0.0,0.0,0.0,0.0,52184.866667
1661164,IT,DE,93197,PAPER,0.01,1565.43,3,3,1565.43,0.0,0.0,0.0,0.0,156543.0
1779251,IT,TR,FINAN,MEAT4,0.02,1565.345,3,3,1565.345,0.0,0.0,0.0,0.0,78267.25
1659769,IT,DE,LANDT,ANTHR,0.01,1565.186,3,3,1565.186,0.0,0.0,0.0,0.0,156518.6
1737656,IT,GB,PRINT,BEVER,0.02,1565.15,3,3,1565.15,0.0,0.0,0.0,0.0,78257.5
1663915,IT,EE,LEATH,FINAN,0.01,1565.05,3,3,1565.05,0.0,0.0,0.0,0.0,156505.0
1787177,IT,ZA,PUBLI,SEACO,0.03,1565.022,3,3,1565.022,0.0,0.0,0.0,0.0,52167.4
1668405,IT,ES,RETA1,PREC1,0.02,1564.927,3,3,1564.927,0.0,0.0,0.0,0.0,78246.35
1725510,IT,RO,LEATH,MEAT1,0.01,1564.757,3,3,1564.757,0.0,0.0,0.0,0.0,156475.7
1724462,IT,PT,SUPPO,TEXTI,0.01,1564.64,3,3,1564.64,0.0,0.0,0.0,0.0,156464.0
1765744,IT,RU,PRINT,RADIO,0.02,1564.6,3,3,1564.6,0.0,0.0,0.0,0.0,78230.0
1669095,IT,ES,SUPPO,AUXIL,0.01,1564.397,3,3,1564.397,0.0,0.0,0.0,0.0,156439.7
1791695,IT,WA,HOTEL,RENTI,0.01,1564.382,3,3,1564.382,0.0,0.0,0.0,0.0,156438.2
1756613,IT,KR,RAILW,MEDIC,0.01,1564.379,3,3,1564.379,0.0,0.0,0.0,0.0,156437.9
1783162,IT,NO,REALE,PUBLI,0.07,1564.361,3,3,1564.361,0.0,0.0,0.0,0.0,22348.014286
1730994,IT,SE,SEWAG,COPP1,0.01,1564.255,3,3,1564.255,0.0,0.0,0.0,0.0,156425.5
1712882,IT,LV,REALE,BASIC,0.07,1564.013,3,3,1564.013,0.0,0.0,0.0,0.0,22343.042857
1644888,IT,BE,LEATH,WOODW,0.01,1563.955,3,3,1563.955,0.0,0.0,0.0,0.0,156395.5
1683995,IT,HR,RETA1,PRINT,0.02,1563.932,3,3,1563.932,0.0,0.0,0.0,0.0,78196.6
1716764,IT,NL,RETA1,NONF1,0.02,1563.833,3,3,1563.833,0.0,0.0,0.0,0.0,78191.65
1744409,IT,US,AUXIL,PLANT,0.03,1563.717,3,3,1563.717,0.0,0.0,0.0,0.0,52123.9
1711834,IT,LU,FOODW,BUSIN,0.01,1563.675,3,3,1563.675,0.0,0.0,0.0,0.0,156367.5
1791731,IT,WA,RAILW,FISH5,0.01,1563.659,3,3,1563.659,0.0,0.0,0.0,0.0,156365.9
1724579,IT,PT,FINAN,MEATC,0.02,1563.597,3,3,1563.597,0.0,0.0,0.0,0.0,78179.85
1736721,IT,SK,REALE,MACHI,0.07,1563.519,3,3,1563.519,0.0,0.0,0.0,0.0,22335.985714
1743456,IT,US,WHOLE,NFERT,0.01,1563.442,3,3,1563.442,0.0,0.0,0.0,0.0,156344.2
1768807,IT,AU,LEATH,SUGA1,0.01,1563.4,3,3,1563.4,0.0,0.0,0.0,0.0,156340.0
1682259,IT,HR,LEATH,PULP5,0.01,1563.015,3,3,1563.015,0.0,0.0,0.0,0.0,156301.5
1802912,IT,WE,PRIVA,NATUR,0.35,1562.703,3,3,1562.703,0.0,0.0,0.0,0.0,4464.865714
1685061,IT,HU,PROCE,DAIRY,0.01,1562.702,3,3,1562.702,0.0,0.0,0.0,0.0,156270.2
1775425,IT,CH,EDUCA,WHOLE,0.04,1562.62,3,3,1562.62,0.0,0.0,0.0,0.0,39065.5
1687861,IT,HU,INSUR,LANDT,0.03,1562.415,3,3,1562.415,0.0,0.0,0.0,0.0,52080.5
1717048,IT,NL,LANDT,ELEC6,0.01,1562.317,3,3,1562.317,0.0,0.0,0.0,0.0,156231.7
1721069,IT,PL,HOTEL,STEAM,0.01,1562.273,3,3,1562.273,0.0,0.0,0.0,0.0,156227.3
1751099,IT,CN,RETA1,LIQUE,0.02,1562.004,3,3,1562.004,0.0,0.0,0.0,0.0,78100.2
1640850,IT,AT,LEATH,NONFE,0.01,1561.976,3,3,1561.976,0.0,0.0,0.0,0.0,156197.6
1736256,IT,SK,HOTEL,MEATP,0.01,1561.885,3,3,1561.885,0.0,0.0,0.0,0.0,156188.5
1713990,IT,MT,WHOLE,ELEC8,0.01,1561.543,3,3,1561.543,0.0,0.0,0.0,0.0,156154.3
1764805,IT,MX,LANDT,FINAN,0.01,1561.539,3,3,1561.539,0.0,0.0,0.0,0.0,156153.9
1758755,IT,BR,RETA1,CEREA,0.02,1561.445,3,3,1561.445,0.0,0.0,0.0,0.0,78072.25
1669366,IT,ES,FINAN,WOOD2,0.02,1561.28,3,3,1561.28,0.0,0.0,0.0,0.0,78064.0
1643677,IT,AT,SUPPO,CHEMI,0.01,1560.86,3,3,1560.86,0.0,0.0,0.0,0.0,156086.0
1748311,IT,JP,93197,FINAN,0.01,1560.793,3,3,1560.793,0.0,0.0,0.0,0.0,156079.3
1740610,IT,US,FORES,PUBLI,0.01,1560.723,4,4,1559.723,0.0,1.0,0.0,0.0,156072.3
1780484,IT,TW,POSTT,BITU1,0.03,1560.695,3,3,1560.695,0.0,0.0,0.0,0.0,52023.166667
1771799,IT,CH,LEATH,PAPE3,0.01,1560.694,3,3,1560.694,0.0,0.0,0.0,0.0,156069.4
1680547,IT,GR,ELEC8,WEARI,0.02,1560.596,3,3,1560.596,0.0,0.0,0.0,0.0,78029.8
1722860,IT,PT,PRINT,PREC1,0.01,1560.566,3,3,1560.566,0.0,0.0,0.0,0.0,156056.6
1774406,IT,CH,RAILW,WEARI,0.01,1560.477,3,3,1560.477,0.0,0.0,0.0,0.0,156047.7
1787034,IT,ZA,INSUR,RENTI,0.03,1560.241,3,3,1560.241,0.0,0.0,0.0,0.0,52008.033333
1724193,IT,PT,HOTEL,MEDIC,0.01,1560.161,3,3,1560.161,0.0,0.0,0.0,0.0,156016.1
1797673,IT,WL,PAPE1,BUSIN,0.01,1559.963,3,3,1559.963,0.0,0.0,0.0,0.0,155996.3
1765514,IT,RU,WEARI,FINAN,0.01,1559.741,3,3,1559.741,0.0,0.0,0.0,0.0,155974.1
1650986,IT,BG,SUPPO,COPP1,0.01,1559.629,3,3,1559.629,0.0,0.0,0.0,0.0,155962.9
1727029,IT,RO,RAILW,NATUR,0.01,1559.621,3,3,1559.621,0.0,0.0,0.0,0.0,155962.1
1764927,IT,MX,SUPPO,TRANS,0.01,1559.546,3,3,1559.546,0.0,0.0,0.0,0.0,155954.6
1770134,IT,AU,RETA1,WHEAT,0.02,1559.337,3,3,1559.337,0.0,0.0,0.0,0.0,77966.85
1752669,IT,CA,WEARI,CHEM1,0.01,1559.144,3,3,1559.144,0.0,0.0,0.0,0.0,155914.4
1780004,IT,TW,SALEM,FOUND,0.01,1559.125,3,3,1559.125,0.0,0.0,0.0,0.0,155912.5
1661178,IT,DE,93197,DIST1,0.01,1559.075,3,3,1559.075,0.0,0.0,0.0,0.0,155907.5
1797283,IT,WL,INSUR,MEDIC,0.03,1558.986,3,3,1558.986,0.0,0.0,0.0,0.0,51966.2
1676479,IT,FR,RETA1,ELEC6,0.02,1558.91,3,3,1558.91,0.0,0.0,0.0,0.0,77945.5
1668608,IT,ES,RAILW,MEATC,0.01,1558.89,3,3,1558.89,0.0,0.0,0.0,0.0,155889.0
1712920,IT,LV,REALE,MEMBE,0.07,1558.856,3,3,1558.856,0.0,0.0,0.0,0.0,22269.371429
1763100,IT,MX,WEARI,COKEO,0.01,1558.852,3,3,1558.852,0.0,0.0,0.0,0.0,155885.2
1757132,IT,BR,CROPS,TOBAC,0.01,1558.844,3,3,1558.844,0.0,0.0,0.0,0.0,155884.4
1739815,IT,GB,POSTT,93197,0.03,1558.819,3,3,1558.819,0.0,0.0,0.0,0.0,51960.633333
1799257,IT,WE,LEATH,BRICK,0.01,1558.484,3,3,1558.484,0.0,0.0,0.0,0.0,155848.4
1797419,IT,WL,COMPU,TRAN1,0.02,1558.326,3,3,1558.326,0.0,0.0,0.0,0.0,77916.3
1784809,IT,ID,HOTEL,DISTR,0.01,1558.309,3,3,1558.309,0.0,0.0,0.0,0.0,155830.9
1807236,IT,WF,SUPPO,COPP1,0.01,1558.222,3,3,1558.222,0.0,0.0,0.0,0.0,155822.2
1709651,IT,LT,PRINT,POSTT,0.01,1558.177,3,3,1558.177,0.0,0.0,0.0,0.0,155817.7
1670143,IT,ES,INERT,TEXT1,0.01,1558.02,3,3,1558.02,0.0,0.0,0.0,0.0,155802.0
1781176,IT,TW,MEMBE,PUBLI,0.02,1557.992,3,3,1557.992,0.0,0.0,0.0,0.0,77899.6
1797757,IT,WL,TEXT1,POSTT,0.01,1557.745,3,3,1557.745,0.0,0.0,0.0,0.0,155774.5
1780571,IT,TW,FINAN,RESEA,0.02,1557.493,3,3,1557.493,0.0,0.0,0.0,0.0,77874.65
1785072,IT,ZA,CROPS,TOBAC,0.01,1557.332,3,3,1557.332,0.0,0.0,0.0,0.0,155733.2
1762448,IT,IN,FINAN,VEGET,0.02,1557.305,3,3,1557.305,0.0,0.0,0.0,0.0,77865.25
1747670,IT,JP,POSTT,MEDIC,0.03,1557.303,3,3,1557.303,0.0,0.0,0.0,0.0,51910.1
1767992,IT,RU,COMPU,AUXIL,0.02,1557.208,3,3,1557.208,0.0,0.0,0.0,0.0,77860.4
1668282,IT,ES,WHOLE,LIQUE,0.01,1557.19,3,3,1557.19,0.0,0.0,0.0,0.0,155719.0
1712676,IT,LV,WHOLE,FOOD5,0.01,1557.131,3,3,1557.131,0.0,0.0,0.0,0.0,155713.1
1727461,IT,RO,AUXIL,DAIRY,0.03,1556.958,3,3,1556.958,0.0,0.0,0.0,0.0,51898.6
1724023,IT,PT,RETAI,SUPPO,0.01,1556.853,3,3,1556.853,0.0,0.0,0.0,0.0,155685.3
1770070,IT,AU,WHOLE,RAWMI,0.01,1556.723,3,3,1556.723,0.0,0.0,0.0,0.0,155672.3
1681370,IT,GR,AUXIL,PLAST,0.03,1556.721,3,3,1556.721,0.0,0.0,0.0,0.0,51890.7
1797612,IT,WL,FOODW,FABRI,0.01,1556.669,3,3,1556.669,0.0,0.0,0.0,0.0,155666.9
1716940,IT,NL,RAILW,ADDIT,0.01,1556.65,3,3,1556.65,0.0,0.0,0.0,0.0,155665.0
1652604,IT,CZ,LEATH,INERT,0.01,1556.643,3,3,1556.643,0.0,0.0,0.0,0.0,155664.3
1710381,IT,LT,HOTEL,FABRI,0.01,1556.587,3,3,1556.587,0.0,0.0,0.0,0.0,155658.7
1644169,IT,AT,RECRE,RETA1,0.02,1556.57,3,3,1556.57,0.0,0.0,0.0,0.0,77828.5
1721309,IT,PL,LANDT,PAPE1,0.01,1555.992,3,3,1555.992,0.0,0.0,0.0,0.0,155599.2
1730844,IT,SE,BUSIN,FOOD4,0.02,1555.923,3,3,1555.923,0.0,0.0,0.0,0.0,77796.15
1669397,IT,ES,INSUR,PFERT,0.03,1555.848,3,3,1555.848,0.0,0.0,0.0,0.0,51861.6
1775699,IT,TR,CROPS,PFERT,0.01,1555.652,3,3,1555.652,0.0,0.0,0.0,0.0,155565.2
1733458,IT,SI,SALEM,NUCLE,0.01,1555.297,3,3,1555.297,0.0,0.0,0.0,0.0,155529.7
1736343,IT,SK,RAILW,TRANS,0.01,1555.059,3,3,1555.059,0.0,0.0,0.0,0.0,155505.9
1687772,IT,HU,SUPPO,OILHA,0.01,1555.052,3,3,1555.052,0.0,0.0,0.0,0.0,155505.2
1645166,IT,BE,PRINT,MEDIC,0.01,1554.979,3,3,1554.979,0.0,0.0,0.0,0.0,155497.9
1740467,IT,GB,FOOD4,OILHA,0.01,1554.912,3,3,1554.912,0.0,0.0,0.0,0.0,155491.2
1648996,IT,BG,LEATH,BUSIN,0.01,1554.722,3,3,1554.722,0.0,0.0,0.0,0.0,155472.2
1711498,IT,LU,SUPPO,POSTT,0.01,1554.7,3,3,1554.7,0.0,0.0,0.0,0.0,155470.0
1651232,IT,BG,FOOD4,WHEAT,0.01,1554.411,3,3,1554.411,0.0,0.0,0.0,0.0,155441.1
1643813,IT,AT,FINAN,GLASS,0.02,1554.371,3,3,1554.371,0.0,0.0,0.0,0.0,77718.55
1655238,IT,CZ,INERT,SEWAG,0.01,1554.245,3,3,1554.245,0.0,0.0,0.0,0.0,155424.5
1752716,IT,CA,LEATH,NONF1,0.01,1553.779,3,3,1553.779,0.0,0.0,0.0,0.0,155377.9
1651061,IT,BG,INSUR,WOODW,0.03,1553.712,3,3,1553.712,0.0,0.0,0.0,0.0,51790.4
1796402,IT,WL,WHOLE,BRICK,0.01,1553.564,3,3,1553.564,0.0,0.0,0.0,0.0,155356.4
1764653,IT,MX,RETA1,ELEC2,0.02,1553.562,3,3,1553.562,0.0,0.0,0.0,0.0,77678.1
1662848,IT,DK,WHOLE,OILSE,0.01,1553.504,3,3,1553.504,0.0,0.0,0.0,0.0,155350.4
1724027,IT,PT,RETAI,WASTE,0.01,1553.356,3,3,1553.356,0.0,0.0,0.0,0.0,155335.6
1669350,IT,ES,FINAN,FOODW,0.02,1553.288,3,3,1553.288,0.0,0.0,0.0,0.0,77664.4
1650699,IT,BG,HOTEL,WHEAT,0.01,1553.222,3,3,1553.222,0.0,0.0,0.0,0.0,155322.2
1684509,IT,HR,BUSIN,CROPS,0.02,1553.185,3,3,1553.185,0.0,0.0,0.0,0.0,77659.25
1754203,IT,CA,POSTT,CROPS,0.03,1553.082,3,3,1553.082,0.0,0.0,0.0,0.0,51769.4
1678259,IT,FR,SEWAG,PAPE4,0.01,1553.055,3,3,1553.055,0.0,0.0,0.0,0.0,155305.5
1808562,IT,WF,PAPE4,TRANS,0.01,1553.002,3,3,1553.002,0.0,0.0,0.0,0.0,155300.2
1648507,IT,BG,CROPS,POULT,0.01,1552.922,3,3,1552.922,0.0,0.0,0.0,0.0,155292.2
1779118,IT,TR,SUPPO,REALE,0.01,1552.893,3,3,1552.893,0.0,0.0,0.0,0.0,155289.3
1767591,IT,RU,SUPPO,PULP5,0.01,1552.892,3,3,1552.892,0.0,0.0,0.0,0.0,155289.2
1678124,IT,FR,PAPE1,FOOD1,0.01,1552.665,3,3,1552.665,0.0,0.0,0.0,0.0,155266.5
1747827,IT,JP,REALE,SUPPO,0.07,1552.645,3,3,1552.645,0.0,0.0,0.0,0.0,22180.642857
1758761,IT,BR,RETA1,CHEMI,0.02,1552.602,3,3,1552.602,0.0,0.0,0.0,0.0,77630.1
1659550,IT,DE,RETA1,FOOD1,0.02,1552.545,3,3,1552.545,0.0,0.0,0.0,0.0,77627.25
1670199,IT,ES,RECRE,FABRI,0.02,1552.541,3,3,1552.541,0.0,0.0,0.0,0.0,77627.05
1757000,IT,KR,BUSIN,PIGS9,0.02,1552.239,3,3,1552.239,0.0,0.0,0.0,0.0,77611.95
1644176,IT,AT,RECRE,RESEA,0.02,1552.038,3,3,1552.038,0.0,0.0,0.0,0.0,77601.9
1731369,IT,SI,PROCE,BUSIN,0.01,1552.029,3,3,1552.029,0.0,0.0,0.0,0.0,155202.9
1673485,IT,FR,WEARI,93197,0.01,1552.008,3,3,1552.008,0.0,0.0,0.0,0.0,155200.8
1676340,IT,FR,RETAI,FOOD4,0.01,1551.978,3,3,1551.978,0.0,0.0,0.0,0.0,155197.8
1814856,IT,WM,MEMBE,MEMBE,0.02,1551.912,3,3,1551.912,0.0,0.0,0.0,0.0,77595.6
1678009,IT,FR,EDUCA,SANDC,0.04,1551.738,3,3,1551.738,0.0,0.0,0.0,0.0,38793.45
1797391,IT,WL,COMPU,WEARI,0.02,1551.722,3,3,1551.722,0.0,0.0,0.0,0.0,77586.1
1711295,IT,LU,RETAI,HOTEL,0.01,1551.703,3,3,1551.703,0.0,0.0,0.0,0.0,155170.3
1712776,IT,LV,LANDT,AIRTR,0.01,1551.678,3,3,1551.678,0.0,0.0,0.0,0.0,155167.8
1664634,IT,EE,LANDT,CHEM1,0.01,1551.469,3,3,1551.469,0.0,0.0,0.0,0.0,155146.9
1744941,IT,US,BUSIN,ELE11,0.02,1551.325,3,3,1551.325,0.0,0.0,0.0,0.0,77566.25
1786756,IT,ZA,HOTEL,ANTHR,0.01,1551.287,3,3,1551.287,0.0,0.0,0.0,0.0,155128.7
1760521,IT,IN,WEARI,SALEM,0.01,1551.279,3,3,1551.279,0.0,0.0,0.0,0.0,155127.9
1779413,IT,TR,REALE,PFERT,0.07,1551.151,3,3,1551.151,0.0,0.0,0.0,0.0,22159.3
1663126,IT,DK,RAILW,SEWAG,0.01,1551.099,3,3,1551.099,0.0,0.0,0.0,0.0,155109.9
1780602,IT,TW,INSUR,PLAST,0.03,1550.988,3,3,1550.988,0.0,0.0,0.0,0.0,51699.6
1792264,IT,WA,POSTT,ELECT,0.03,1550.814,3,3,1550.814,0.0,0.0,0.0,0.0,51693.8
1677388,IT,FR,INSUR,BITU1,0.03,1550.76,3,3,1550.76,0.0,0.0,0.0,0.0,51692.0
1797939,IT,WL,FOOD4,FURNI,0.01,1550.456,3,3,1550.456,0.0,0.0,0.0,0.0,155045.6
1739110,IT,GB,WHOLE,LEAD1,0.01,1550.328,3,3,1550.328,0.0,0.0,0.0,0.0,155032.8
1751140,IT,CN,RETA1,93197,0.02,1550.305,3,3,1550.305,0.0,0.0,0.0,0.0,77515.25
1722132,IT,PL,BUSIN,ELEC7,0.02,1550.135,3,3,1550.135,0.0,0.0,0.0,0.0,77506.75
1768226,IT,RU,EDUCA,WHOLE,0.04,1550.069,3,3,1550.069,0.0,0.0,0.0,0.0,38751.725
1806611,IT,WF,SALEM,WEARI,0.01,1549.99,3,3,1549.99,0.0,0.0,0.0,0.0,154999.0
1718915,IT,PL,PRINT,BIOGA,0.01,1549.793,3,3,1549.793,0.0,0.0,0.0,0.0,154979.3
1680437,IT,GR,ELEC4,RUBBE,0.02,1549.755,3,3,1549.755,0.0,0.0,0.0,0.0,77487.75
1762006,IT,IN,WHOLE,PROCE,0.01,1549.752,3,3,1549.752,0.0,0.0,0.0,0.0,154975.2
1792941,IT,WA,PAPE1,CHEM1,0.01,1549.518,3,3,1549.518,0.0,0.0,0.0,0.0,154951.8
1770535,IT,AU,SUPPO,BEVER,0.01,1549.284,3,3,1549.284,0.0,0.0,0.0,0.0,154928.4
1690459,IT,IE,PAPE4,GASDI,0.01,1549.278,3,3,1549.278,0.0,0.0,0.0,0.0,154927.8
1737011,IT,GB,FORES,TRANS,0.01,1549.238,4,4,1548.238,0.0,1.0,0.0,0.0,154923.8
1776361,IT,TR,PRINT,STONE,0.01,1548.986,3,3,1548.986,0.0,0.0,0.0,0.0,154898.6
1717325,IT,NL,FINAN,PFERT,0.02,1548.83,3,3,1548.83,0.0,0.0,0.0,0.0,77441.5
1711833,IT,LU,FOODW,REALE,0.01,1548.776,3,3,1548.776,0.0,0.0,0.0,0.0,154877.6
1773856,IT,CH,ELEC5,BUSIN,0.02,1548.536,3,3,1548.536,0.0,0.0,0.0,0.0,77426.8
1663885,IT,EE,WEARI,LANDT,0.01,1548.515,3,3,1548.515,0.0,0.0,0.0,0.0,154851.5
1724906,IT,PT,BUSIN,STEAM,0.02,1548.499,3,3,1548.499,0.0,0.0,0.0,0.0,77424.95
1664562,IT,EE,HOTEL,BEVER,0.01,1548.49,3,3,1548.49,0.0,0.0,0.0,0.0,154849.0
1765003,IT,MX,FINAN,EDUCA,0.02,1548.455,3,3,1548.455,0.0,0.0,0.0,0.0,77422.75
1780947,IT,TW,BUSIN,NONFE,0.02,1548.247,3,3,1548.247,0.0,0.0,0.0,0.0,77412.35
1785282,IT,ZA,WEARI,ELEC1,0.01,1548.202,3,3,1548.202,0.0,0.0,0.0,0.0,154820.2
1654378,IT,CZ,SALEM,WOODW,0.01,1548.042,3,3,1548.042,0.0,0.0,0.0,0.0,154804.2
1661727,IT,DK,LEATH,VEGET,0.01,1547.771,3,3,1547.771,0.0,0.0,0.0,0.0,154777.1
1770835,IT,AU,BUSIN,PRECI,0.02,1547.623,3,3,1547.623,0.0,0.0,0.0,0.0,77381.15
1757033,IT,KR,BUSIN,LUBRI,0.02,1547.62,3,3,1547.62,0.0,0.0,0.0,0.0,77381.0
1682205,IT,HR,WEARI,RADIO,0.01,1547.542,3,3,1547.542,0.0,0.0,0.0,0.0,154754.2
1802904,IT,WE,93197,TOBAC,0.01,1547.452,3,3,1547.452,0.0,0.0,0.0,0.0,154745.2
1808640,IT,WF,INERT,CROPS,0.01,1547.397,3,3,1547.397,0.0,0.0,0.0,0.0,154739.7
1734034,IT,SI,FINAN,PLAST,0.02,1547.326,3,3,1547.326,0.0,0.0,0.0,0.0,77366.3
1722206,IT,PL,PUBLI,SUPPO,0.03,1547.303,3,3,1547.303,0.0,0.0,0.0,0.0,51576.766667
1684363,IT,HR,SUPPO,HEALT,0.01,1547.289,3,3,1547.289,0.0,0.0,0.0,0.0,154728.9
1765086,IT,MX,AUXIL,TRANS,0.03,1547.182,3,3,1547.182,0.0,0.0,0.0,0.0,51572.733333
1677397,IT,FR,INSUR,CERAM,0.03,1547.139,3,3,1547.139,0.0,0.0,0.0,0.0,51571.3
1652551,IT,CZ,LEATH,CEREA,0.01,1547.13,3,3,1547.13,0.0,0.0,0.0,0.0,154713.0
1662915,IT,DK,RETA1,WEARI,0.02,1546.992,3,3,1546.992,0.0,0.0,0.0,0.0,77349.6
1641151,IT,AT,PRINT,MEATP,0.01,1546.593,3,3,1546.593,0.0,0.0,0.0,0.0,154659.3
1759478,IT,BR,AUXIL,RAILW,0.03,1546.504,3,3,1546.504,0.0,0.0,0.0,0.0,51550.133333
1728691,IT,SE,PRINT,OILHA,0.01,1546.408,3,3,1546.408,0.0,0.0,0.0,0.0,154640.8
1786614,IT,ZA,SALEM,FOOD3,0.01,1546.313,3,3,1546.313,0.0,0.0,0.0,0.0,154631.3
1660250,IT,DE,POSTT,BRICK,0.03,1546.139,3,3,1546.139,0.0,0.0,0.0,0.0,51537.966667
1670233,IT,ES,93197,WHOLE,0.01,1546.091,3,3,1546.091,0.0,0.0,0.0,0.0,154609.1
1690505,IT,IE,INERT,CHEM1,0.01,1545.969,3,3,1545.969,0.0,0.0,0.0,0.0,154596.9
1673522,IT,FR,LEATH,REFI1,0.01,1545.947,3,3,1545.947,0.0,0.0,0.0,0.0,154594.7
1689621,IT,IE,SUPPO,MOTO1,0.01,1545.873,3,3,1545.873,0.0,0.0,0.0,0.0,154587.3
1672094,IT,FI,SUPPO,INTER,0.01,1545.802,3,3,1545.802,0.0,0.0,0.0,0.0,154580.2
1739771,IT,GB,POSTT,PLAST,0.03,1545.727,3,3,1545.727,0.0,0.0,0.0,0.0,51524.233333
1644167,IT,AT,RECRE,MEDIC,0.02,1545.607,3,3,1545.607,0.0,0.0,0.0,0.0,77280.35
1802515,IT,WE,POSTT,ELEC3,0.03,1545.574,3,3,1545.574,0.0,0.0,0.0,0.0,51519.133333
1747996,IT,JP,BUSIN,PIGS9,0.02,1545.558,3,3,1545.558,0.0,0.0,0.0,0.0,77277.9
1754283,IT,CA,FINAN,RETA1,0.02,1545.485,3,3,1545.485,0.0,0.0,0.0,0.0,77274.25
1814233,IT,WM,POSTT,SANDC,0.03,1545.458,3,3,1545.458,0.0,0.0,0.0,0.0,51515.266667
1716970,IT,NL,RAILW,FOOD2,0.01,1545.367,3,3,1545.367,0.0,0.0,0.0,0.0,154536.7
1745151,IT,US,93197,CHEM1,0.01,1545.04,3,3,1545.04,0.0,0.0,0.0,0.0,154504.0
1759199,IT,BR,SUPPO,RUBBE,0.01,1544.921,3,3,1544.921,0.0,0.0,0.0,0.0,154492.1
1724734,IT,PT,AUXIL,AUXIL,0.03,1544.882,3,3,1544.882,0.0,0.0,0.0,0.0,51496.066667
1730030,IT,SE,WHOLE,GASDI,0.01,1544.792,3,3,1544.792,0.0,0.0,0.0,0.0,154479.2
1687780,IT,HU,SUPPO,WOOD2,0.01,1544.719,3,3,1544.719,0.0,0.0,0.0,0.0,154471.9
1654383,IT,CZ,SALEM,TRAN1,0.01,1544.662,3,3,1544.662,0.0,0.0,0.0,0.0,154466.2
1681225,IT,GR,FINAN,VEGE1,0.02,1544.644,3,3,1544.644,0.0,0.0,0.0,0.0,77232.2
1782640,IT,NO,SALEM,OFFIC,0.01,1544.608,3,3,1544.608,0.0,0.0,0.0,0.0,154460.8
1712257,IT,LV,PRINT,RECRE,0.01,1544.489,3,3,1544.489,0.0,0.0,0.0,0.0,154448.9
1793031,IT,WA,FOOD4,POULT,0.01,1544.447,3,3,1544.447,0.0,0.0,0.0,0.0,154444.7
1648307,IT,BE,PUBLI,MEMBE,0.03,1544.364,3,3,1544.364,0.0,0.0,0.0,0.0,51478.8
1714301,IT,MT,PUBLI,SUPPO,0.03,1544.186,3,3,1544.186,0.0,0.0,0.0,0.0,51472.866667
1779183,IT,TR,POSTT,PREC1,0.03,1544.016,3,3,1544.016,0.0,0.0,0.0,0.0,51467.2
1755089,IT,KR,LEATH,PRECI,0.01,1543.732,3,3,1543.732,0.0,0.0,0.0,0.0,154373.2
1669861,IT,ES,PUBLI,FISHF,0.03,1543.726,3,3,1543.726,0.0,0.0,0.0,0.0,51457.533333
1798088,IT,WL,93197,FOOD5,0.01,1543.547,3,3,1543.547,0.0,0.0,0.0,0.0,154354.7
1814237,IT,WM,POSTT,FOOD5,0.03,1543.343,3,3,1543.343,0.0,0.0,0.0,0.0,51444.766667
1659302,IT,DE,RETAI,RAWMI,0.01,1543.207,3,3,1543.207,0.0,0.0,0.0,0.0,154320.7
1747760,IT,JP,AUXIL,MOTOR,0.03,1543.124,3,3,1543.124,0.0,0.0,0.0,0.0,51437.466667
1640238,IT,AT,FORES,INTER,0.01,1543.039,4,4,1542.039,0.0,1.0,0.0,0.0,154303.9
1647777,IT,BE,AUXIL,MEATP,0.03,1542.996,3,3,1542.996,0.0,0.0,0.0,0.0,51433.2
1744710,IT,US,COMPU,AUXIL,0.02,1542.984,3,3,1542.984,0.0,0.0,0.0,0.0,77149.2
1781133,IT,TW,WOOD1,VEGET,0.01,1542.748,3,3,1542.748,0.0,0.0,0.0,0.0,154274.8
1730858,IT,SE,PUBLI,REALE,0.03,1542.723,3,3,1542.723,0.0,0.0,0.0,0.0,51424.1
1751291,IT,CN,RAILW,PFERT,0.01,1542.626,3,3,1542.626,0.0,0.0,0.0,0.0,154262.6
1648529,IT,BG,FORES,CONST,0.01,1542.188,4,4,1541.188,0.0,1.0,0.0,0.0,154218.8
1669895,IT,ES,PUBLI,LANDT,0.03,1541.966,3,3,1541.966,0.0,0.0,0.0,0.0,51398.866667
1663125,IT,DK,RAILW,OILHA,0.01,1541.937,3,3,1541.937,0.0,0.0,0.0,0.0,154193.7
1802019,IT,WE,WHOLE,CERAM,0.01,1541.472,3,3,1541.472,0.0,0.0,0.0,0.0,154147.2
1759580,IT,BR,COMPU,ELEC6,0.02,1541.423,3,3,1541.423,0.0,0.0,0.0,0.0,77071.15
1787004,IT,ZA,INSUR,BASIC,0.03,1541.383,3,3,1541.383,0.0,0.0,0.0,0.0,51379.433333
1673473,IT,FR,WEARI,FOOD1,0.01,1541.354,3,3,1541.354,0.0,0.0,0.0,0.0,154135.4
1757138,IT,BR,FORES,PAPER,0.01,1541.342,4,4,1540.342,0.0,1.0,0.0,0.0,154134.2
1776127,IT,TR,LEATH,MOTOR,0.01,1541.295,3,3,1541.295,0.0,0.0,0.0,0.0,154129.5
1744667,IT,US,COMPU,HEAVY,0.02,1541.172,3,3,1541.172,0.0,0.0,0.0,0.0,77058.6
1748312,IT,JP,93197,INSUR,0.01,1541.133,3,3,1541.133,0.0,0.0,0.0,0.0,154113.3
1651233,IT,BG,FOOD4,CEREA,0.01,1540.941,3,3,1540.941,0.0,0.0,0.0,0.0,154094.1
1783561,IT,NO,PAPE2,BASIC,0.01,1540.882,3,3,1540.882,0.0,0.0,0.0,0.0,154088.2
1767191,IT,RU,RETA1,CRUDE,0.02,1540.745,3,3,1540.745,0.0,0.0,0.0,0.0,77037.25
1681493,IT,GR,BUSIN,CEREA,0.02,1540.473,3,3,1540.473,0.0,0.0,0.0,0.0,77023.65
1793088,IT,WA,TEXT2,WEARI,0.01,1540.379,3,3,1540.379,0.0,0.0,0.0,0.0,154037.9
1730801,IT,SE,BUSIN,ELEC8,0.02,1540.205,3,3,1540.205,0.0,0.0,0.0,0.0,77010.25
1726776,IT,RO,RETAI,OILSE,0.01,1540.091,3,3,1540.091,0.0,0.0,0.0,0.0,154009.1
1726770,IT,RO,SALEM,OILHA,0.01,1540.081,3,3,1540.081,0.0,0.0,0.0,0.0,154008.1
1646987,IT,BE,RETA1,TOBAC,0.02,1540.04,3,3,1540.04,0.0,0.0,0.0,0.0,77002.0
1690169,IT,IE,BUSIN,MEATA,0.02,1539.981,3,3,1539.981,0.0,0.0,0.0,0.0,76999.05
1785283,IT,ZA,WEARI,TRAN1,0.01,1539.978,3,3,1539.978,0.0,0.0,0.0,0.0,153997.8
1808714,IT,WF,TEXT2,MEATP,0.01,1539.722,3,3,1539.722,0.0,0.0,0.0,0.0,153972.2
1797643,IT,WL,PAPE1,WEARI,0.01,1539.689,3,3,1539.689,0.0,0.0,0.0,0.0,153968.9
1651104,IT,BG,COMPU,GASDI,0.02,1539.454,3,3,1539.454,0.0,0.0,0.0,0.0,76972.7
1793444,IT,WL,FORES,RETA1,0.01,1539.345,4,4,1538.345,0.0,1.0,0.0,0.0,153934.5
1765010,IT,MX,INSUR,PIGS9,0.03,1539.321,3,3,1539.321,0.0,0.0,0.0,0.0,51310.7
1747367,IT,JP,RETA1,DIST1,0.02,1539.219,3,3,1539.219,0.0,0.0,0.0,0.0,76960.95
1669672,IT,ES,COMPU,BIOGA,0.02,1539.076,3,3,1539.076,0.0,0.0,0.0,0.0,76953.8
1668190,IT,ES,SALEM,INTER,0.01,1538.759,3,3,1538.759,0.0,0.0,0.0,0.0,153875.9
1647940,IT,BE,REALE,MEMBE,0.07,1538.573,3,3,1538.573,0.0,0.0,0.0,0.0,21979.614286
1641177,IT,AT,PRINT,COPP1,0.01,1538.521,3,3,1538.521,0.0,0.0,0.0,0.0,153852.1
1786621,IT,ZA,RETAI,MACHI,0.01,1538.334,3,3,1538.334,0.0,0.0,0.0,0.0,153833.4
1718556,IT,PL,WEARI,TRAN1,0.01,1538.201,3,3,1538.201,0.0,0.0,0.0,0.0,153820.1
1684654,IT,HR,INERT,PLAST,0.01,1538.101,3,3,1538.101,0.0,0.0,0.0,0.0,153810.1
1767810,IT,RU,INSUR,PUBLI,0.03,1537.8,3,3,1537.8,0.0,0.0,0.0,0.0,51260.0
1684666,IT,HR,INERT,WASTE,0.01,1537.773,3,3,1537.773,0.0,0.0,0.0,0.0,153777.3
1740412,IT,GB,PAPE1,DIST1,0.01,1537.501,3,3,1537.501,0.0,0.0,0.0,0.0,153750.1
1682234,IT,HR,WEARI,SEWAG,0.01,1537.313,3,3,1537.313,0.0,0.0,0.0,0.0,153731.3
1648992,IT,BG,LEATH,SUPPO,0.01,1537.205,3,3,1537.205,0.0,0.0,0.0,0.0,153720.5
1792320,IT,WA,FINAN,MEAT1,0.02,1536.993,3,3,1536.993,0.0,0.0,0.0,0.0,76849.65
1688467,IT,IE,WEARI,MACHI,0.01,1536.899,3,3,1536.899,0.0,0.0,0.0,0.0,153689.9
1716811,IT,NL,RETA1,WASTE,0.02,1536.896,3,3,1536.896,0.0,0.0,0.0,0.0,76844.8
1767278,IT,RU,HOTEL,LEAD1,0.01,1536.838,3,3,1536.838,0.0,0.0,0.0,0.0,153683.8
1786633,IT,ZA,WHOLE,MEATA,0.01,1536.421,3,3,1536.421,0.0,0.0,0.0,0.0,153642.1
1783465,IT,NO,TEXT1,FOOD4,0.01,1536.413,3,3,1536.413,0.0,0.0,0.0,0.0,153641.3
1730688,IT,SE,COMPU,RUBBE,0.02,1536.135,3,3,1536.135,0.0,0.0,0.0,0.0,76806.75
1775583,IT,CH,RECRE,NONME,0.02,1536.124,3,3,1536.124,0.0,0.0,0.0,0.0,76806.2
1680647,IT,GR,WHOLE,RAWMI,0.01,1536.095,3,3,1536.095,0.0,0.0,0.0,0.0,153609.5
1807462,IT,WF,AUXIL,MEMBE,0.03,1535.955,3,3,1535.955,0.0,0.0,0.0,0.0,51198.5
1664604,IT,EE,RAILW,LANDT,0.01,1535.939,3,3,1535.939,0.0,0.0,0.0,0.0,153593.9
1655231,IT,CZ,SEWAG,BUSIN,0.01,1535.787,3,3,1535.787,0.0,0.0,0.0,0.0,153578.7
1747672,IT,JP,POSTT,TRANS,0.03,1535.78,3,3,1535.78,0.0,0.0,0.0,0.0,51192.666667
1767602,IT,RU,SUPPO,COPP1,0.01,1535.648,3,3,1535.648,0.0,0.0,0.0,0.0,153564.8
1672156,IT,FI,INSUR,GASDI,0.03,1535.582,3,3,1535.582,0.0,0.0,0.0,0.0,51186.066667
1718571,IT,PL,WEARI,RESEA,0.01,1535.46,3,3,1535.46,0.0,0.0,0.0,0.0,153546.0
1748200,IT,JP,PAPE1,CEMEN,0.01,1535.263,3,3,1535.263,0.0,0.0,0.0,0.0,153526.3
1793443,IT,WL,FORES,WHOLE,0.01,1535.16,4,4,1534.16,0.0,1.0,0.0,0.0,153516.0
1734109,IT,SI,INSUR,PUBLI,0.03,1534.872,3,3,1534.872,0.0,0.0,0.0,0.0,51162.4
1806922,IT,WF,RAILW,PRINT,0.01,1534.872,3,3,1534.872,0.0,0.0,0.0,0.0,153487.2
1745205,IT,JP,CROPS,RECRE,0.01,1534.688,3,3,1534.688,0.0,0.0,0.0,0.0,153468.8
1814887,IT,WM,PRIVA,FORES,0.34,1534.685,3,3,1534.685,0.0,0.0,0.0,0.0,4513.779412
1762567,IT,IN,AUXIL,PRINT,0.03,1534.583,3,3,1534.583,0.0,0.0,0.0,0.0,51152.766667
1787312,IT,WA,CROPS,MEATP,0.01,1534.574,3,3,1534.574,0.0,0.0,0.0,0.0,153457.4
1730974,IT,SE,WOOD1,CONST,0.01,1534.432,3,3,1534.432,0.0,0.0,0.0,0.0,153443.2
1797762,IT,WL,WOOD1,PRINT,0.01,1534.374,3,3,1534.374,0.0,0.0,0.0,0.0,153437.4
1778422,IT,TR,WHOLE,WEARI,0.01,1534.335,3,3,1534.335,0.0,0.0,0.0,0.0,153433.5
1767658,IT,RU,POSTT,ELEC3,0.03,1534.184,3,3,1534.184,0.0,0.0,0.0,0.0,51139.466667
1664881,IT,ES,FORES,DISTR,0.01,1533.988,4,4,1532.988,0.0,1.0,0.0,0.0,153398.8
1643142,IT,AT,RETA1,FABRI,0.02,1533.93,3,3,1533.93,0.0,0.0,0.0,0.0,76696.5
1814653,IT,WM,PAPE1,COMPU,0.01,1533.812,3,3,1533.812,0.0,0.0,0.0,0.0,153381.2
1793346,IT,WA,PRIVA,PAPE4,0.34,1533.708,3,3,1533.708,0.0,0.0,0.0,0.0,4510.905882
1672104,IT,FI,POSTT,PLAST,0.03,1533.23,3,3,1533.23,0.0,0.0,0.0,0.0,51107.666667
1797120,IT,WL,POSTT,KEROS,0.03,1533.145,3,3,1533.145,0.0,0.0,0.0,0.0,51104.833333
1747821,IT,JP,REALE,SALEM,0.06,1533.131,3,3,1533.131,0.0,0.0,0.0,0.0,25552.183333
1775430,IT,CH,EDUCA,PUBLI,0.04,1533.129,3,3,1533.129,0.0,0.0,0.0,0.0,38328.225
1681295,IT,GR,INSUR,VEGE1,0.03,1533.121,3,3,1533.121,0.0,0.0,0.0,0.0,51104.033333
1664734,IT,EE,SUPPO,COMPU,0.01,1533.078,3,3,1533.078,0.0,0.0,0.0,0.0,153307.8
1814377,IT,WM,AUXIL,KEROS,0.03,1532.885,3,3,1532.885,0.0,0.0,0.0,0.0,51096.166667
1774997,IT,CH,AUXIL,93197,0.03,1532.772,3,3,1532.772,0.0,0.0,0.0,0.0,51092.4
1739252,IT,GB,HOTEL,CATTL,0.01,1532.652,3,3,1532.652,0.0,0.0,0.0,0.0,153265.2
1651236,IT,BG,FOOD4,ELEC3,0.01,1532.651,3,3,1532.651,0.0,0.0,0.0,0.0,153265.1
1783461,IT,NO,TEXT1,WOOD1,0.01,1532.272,3,3,1532.272,0.0,0.0,0.0,0.0,153227.2
1676511,IT,FR,RETA1,SEWAG,0.02,1532.135,3,3,1532.135,0.0,0.0,0.0,0.0,76606.75
1716598,IT,NL,SALEM,MEDIC,0.01,1532.135,3,3,1532.135,0.0,0.0,0.0,0.0,153213.5
1767840,IT,RU,AUXIL,PREC1,0.03,1531.998,3,3,1531.998,0.0,0.0,0.0,0.0,51066.6
1678993,IT,GR,LEATH,CHEM1,0.01,1531.995,3,3,1531.995,0.0,0.0,0.0,0.0,153199.5
1717792,IT,NL,PAPE1,FOODW,0.01,1531.7,3,3,1531.7,0.0,0.0,0.0,0.0,153170.0
1778550,IT,TR,RETA1,MOTO1,0.02,1531.691,3,3,1531.691,0.0,0.0,0.0,0.0,76584.55
1780211,IT,TW,RAILW,CHEM1,0.01,1531.614,3,3,1531.614,0.0,0.0,0.0,0.0,153161.4
1781122,IT,TW,PAPE1,VEGET,0.01,1531.45,3,3,1531.45,0.0,0.0,0.0,0.0,153145.0
1669872,IT,ES,PUBLI,KEROS,0.03,1531.371,3,3,1531.371,0.0,0.0,0.0,0.0,51045.7
1650771,IT,BG,RAILW,NAPHT,0.01,1531.027,3,3,1531.027,0.0,0.0,0.0,0.0,153102.7
1687855,IT,HU,INSUR,MOTO1,0.03,1530.879,3,3,1530.879,0.0,0.0,0.0,0.0,51029.3
1779599,IT,TR,COMPU,HOTEL,0.02,1530.663,3,3,1530.663,0.0,0.0,0.0,0.0,76533.15
1654390,IT,CZ,SALEM,REALE,0.01,1530.625,3,3,1530.625,0.0,0.0,0.0,0.0,153062.5
1733599,IT,SI,HOTEL,LIGNI,0.01,1530.442,3,3,1530.442,0.0,0.0,0.0,0.0,153044.2
1683948,IT,HR,RETAI,INSUR,0.01,1530.323,3,3,1530.323,0.0,0.0,0.0,0.0,153032.3
1659488,IT,DE,RETA1,CHEM1,0.02,1530.272,3,3,1530.272,0.0,0.0,0.0,0.0,76513.6
1663434,IT,DK,AUXIL,COMPU,0.03,1530.1,3,3,1530.1,0.0,0.0,0.0,0.0,51003.333333
1807352,IT,WF,FINAN,FORES,0.02,1530.079,3,3,1530.079,0.0,0.0,0.0,0.0,76503.95
1803907,IT,WF,WEARI,LIQUE,0.01,1530.063,3,3,1530.063,0.0,0.0,0.0,0.0,153006.3
1684364,IT,HR,SUPPO,FOOD2,0.01,1529.924,3,3,1529.924,0.0,0.0,0.0,0.0,152992.4
1725090,IT,RO,FORES,FOOD5,0.01,1529.911,4,4,1528.911,0.0,1.0,0.0,0.0,152991.1
1814252,IT,WM,POSTT,NFERT,0.03,1529.772,3,3,1529.772,0.0,0.0,0.0,0.0,50992.4
1764616,IT,MX,RETA1,CATTL,0.02,1529.693,3,3,1529.693,0.0,0.0,0.0,0.0,76484.65
1793142,IT,WA,93197,OILSE,0.01,1529.662,3,3,1529.662,0.0,0.0,0.0,0.0,152966.2
1743510,IT,US,RETA1,ELEC1,0.02,1529.564,3,3,1529.564,0.0,0.0,0.0,0.0,76478.2
1745027,IT,US,PUBLI,WHITE,0.03,1529.499,3,3,1529.499,0.0,0.0,0.0,0.0,50983.3
1677536,IT,FR,AUXIL,FOOD1,0.03,1529.324,3,3,1529.324,0.0,0.0,0.0,0.0,50977.466667
1767650,IT,RU,POSTT,OFFIC,0.03,1529.264,3,3,1529.264,0.0,0.0,0.0,0.0,50975.466667
1661754,IT,DK,LEATH,CEMEN,0.01,1529.26,3,3,1529.26,0.0,0.0,0.0,0.0,152926.0
1734029,IT,SI,FINAN,TEXTI,0.02,1529.096,3,3,1529.096,0.0,0.0,0.0,0.0,76454.8
1775568,IT,CH,RECRE,DAIRY,0.02,1528.962,3,3,1528.962,0.0,0.0,0.0,0.0,76448.1
1753817,IT,CA,WHOLE,PULP5,0.01,1528.746,3,3,1528.746,0.0,0.0,0.0,0.0,152874.6
1669352,IT,ES,FINAN,PLAS1,0.02,1528.703,3,3,1528.703,0.0,0.0,0.0,0.0,76435.15
1760230,IT,BR,INERT,COMPU,0.01,1528.693,3,3,1528.693,0.0,0.0,0.0,0.0,152869.3
1751149,IT,CN,HOTEL,PIGS9,0.01,1528.527,3,3,1528.527,0.0,0.0,0.0,0.0,152852.7
1756825,IT,KR,SUPPO,HEALT,0.01,1528.453,3,3,1528.453,0.0,0.0,0.0,0.0,152845.3
1770047,IT,AU,SALEM,MACHI,0.01,1528.371,3,3,1528.371,0.0,0.0,0.0,0.0,152837.1
1733466,IT,SI,SALEM,STEAM,0.01,1528.314,3,3,1528.314,0.0,0.0,0.0,0.0,152831.4
1747891,IT,JP,COMPU,PAPER,0.02,1528.3,3,3,1528.3,0.0,0.0,0.0,0.0,76415.0
1743433,IT,US,RETAI,RENTI,0.01,1528.174,3,3,1528.174,0.0,0.0,0.0,0.0,152817.4
1710379,IT,LT,HOTEL,RUBBE,0.01,1528.077,3,3,1528.077,0.0,0.0,0.0,0.0,152807.7
1714234,IT,MT,REALE,RETA1,0.06,1527.942,3,3,1527.942,0.0,0.0,0.0,0.0,25465.7
1685344,IT,HU,WEARI,MEMBE,0.01,1527.599,3,3,1527.599,0.0,0.0,0.0,0.0,152759.9
1767772,IT,RU,INSUR,BASIC,0.03,1527.589,3,3,1527.589,0.0,0.0,0.0,0.0,50919.633333
1778740,IT,TR,RAILW,93197,0.01,1527.45,3,3,1527.45,0.0,0.0,0.0,0.0,152745.0
1678415,IT,FR,INERT,DIST1,0.01,1527.373,3,3,1527.373,0.0,0.0,0.0,0.0,152737.3
1745099,IT,US,PUBLI,WOOD1,0.03,1527.101,3,3,1527.101,0.0,0.0,0.0,0.0,50903.366667
1759466,IT,BR,AUXIL,MACHI,0.03,1527.007,3,3,1527.007,0.0,0.0,0.0,0.0,50900.233333
1690184,IT,IE,BUSIN,WOODW,0.02,1526.967,3,3,1526.967,0.0,0.0,0.0,0.0,76348.35
1677188,IT,FR,POSTT,ELEC5,0.03,1526.84,3,3,1526.84,0.0,0.0,0.0,0.0,50894.666667
1681163,IT,GR,POSTT,CHEM1,0.03,1526.69,3,3,1526.69,0.0,0.0,0.0,0.0,50889.666667
1744860,IT,US,BUSIN,SUGAR,0.02,1526.662,3,3,1526.662,0.0,0.0,0.0,0.0,76333.1
1751306,IT,CN,RAILW,PUBLI,0.01,1526.615,3,3,1526.615,0.0,0.0,0.0,0.0,152661.5
1721484,IT,PL,SUPPO,COKIN,0.01,1526.409,3,3,1526.409,0.0,0.0,0.0,0.0,152640.9
1680636,IT,GR,RETAI,VEGET,0.01,1526.198,3,3,1526.198,0.0,0.0,0.0,0.0,152619.8
1739164,IT,GB,RETA1,LEATH,0.02,1526.163,3,3,1526.163,0.0,0.0,0.0,0.0,76308.15
1710688,IT,LU,PROCE,BASIC,0.01,1526.102,3,3,1526.102,0.0,0.0,0.0,0.0,152610.2
1756816,IT,KR,SUPPO,DISTR,0.01,1526.025,3,3,1526.025,0.0,0.0,0.0,0.0,152602.5
1734088,IT,SI,INSUR,DISTR,0.03,1526.024,3,3,1526.024,0.0,0.0,0.0,0.0,50867.466667
1813803,IT,WM,RAILW,PLAST,0.01,1526.018,3,3,1526.018,0.0,0.0,0.0,0.0,152601.8
1655032,IT,CZ,REALE,LANDT,0.06,1525.59,3,3,1525.59,0.0,0.0,0.0,0.0,25426.5
1797131,IT,WL,POSTT,RUBBE,0.03,1525.574,3,3,1525.574,0.0,0.0,0.0,0.0,50852.466667
1690569,IT,IE,93197,BASIC,0.01,1525.542,3,3,1525.542,0.0,0.0,0.0,0.0,152554.2
1654781,IT,CZ,SUPPO,FOOD5,0.01,1525.344,3,3,1525.344,0.0,0.0,0.0,0.0,152534.4
1676294,IT,FR,SALEM,PLAS2,0.01,1525.297,3,3,1525.297,0.0,0.0,0.0,0.0,152529.7
1802068,IT,WE,RETA1,MEATA,0.02,1525.288,3,3,1525.288,0.0,0.0,0.0,0.0,76264.4
1778428,IT,TR,WHOLE,MOTOR,0.01,1525.207,3,3,1525.207,0.0,0.0,0.0,0.0,152520.7
1669413,IT,ES,INSUR,OFFIC,0.03,1525.098,3,3,1525.098,0.0,0.0,0.0,0.0,50836.6
1767689,IT,RU,FINAN,PIGS9,0.02,1525.081,3,3,1525.081,0.0,0.0,0.0,0.0,76254.05
1648333,IT,BE,EDUCA,RENTI,0.04,1525.04,3,3,1525.04,0.0,0.0,0.0,0.0,38126.0
1677384,IT,FR,INSUR,REFI1,0.03,1524.909,3,3,1524.909,0.0,0.0,0.0,0.0,50830.3
1648401,IT,BE,RECRE,EDUCA,0.02,1524.802,3,3,1524.802,0.0,0.0,0.0,0.0,76240.1
1760217,IT,BR,INERT,NONME,0.01,1524.796,3,3,1524.796,0.0,0.0,0.0,0.0,152479.6
1687379,IT,HU,HOTEL,BRICK,0.01,1524.784,3,3,1524.784,0.0,0.0,0.0,0.0,152478.4
1794164,IT,WL,PRINT,SUGA1,0.01,1524.72,3,3,1524.72,0.0,0.0,0.0,0.0,152472.0
1651073,IT,BG,INSUR,MACHI,0.03,1524.714,3,3,1524.714,0.0,0.0,0.0,0.0,50823.8
1747329,IT,JP,RETA1,CATTL,0.02,1524.664,3,3,1524.664,0.0,0.0,0.0,0.0,76233.2
1767953,IT,RU,COMPU,LIQUE,0.02,1524.568,3,3,1524.568,0.0,0.0,0.0,0.0,76228.4
1781073,IT,TW,PUBLI,NONSP,0.02,1524.392,3,3,1524.392,0.0,0.0,0.0,0.0,76219.6
1659059,IT,DE,ELEC4,CEMEN,0.02,1524.389,3,3,1524.389,0.0,0.0,0.0,0.0,76219.45
1722665,IT,PT,WEARI,CONST,0.01,1524.369,3,3,1524.369,0.0,0.0,0.0,0.0,152436.9
1736323,IT,SK,RAILW,FORES,0.01,1524.349,3,3,1524.349,0.0,0.0,0.0,0.0,152434.9
1725742,IT,RO,PRINT,FISHF,0.01,1524.27,3,3,1524.27,0.0,0.0,0.0,0.0,152427.0
1743392,IT,US,SALEM,HOTEL,0.01,1524.237,3,3,1524.237,0.0,0.0,0.0,0.0,152423.7
1792871,IT,WA,EDUCA,WHOLE,0.04,1524.172,3,3,1524.172,0.0,0.0,0.0,0.0,38104.3
1730535,IT,SE,AUXIL,PULP5,0.03,1524.061,3,3,1524.061,0.0,0.0,0.0,0.0,50802.033333
1724054,IT,PT,WHOLE,NFERT,0.01,1523.97,3,3,1523.97,0.0,0.0,0.0,0.0,152397.0
1728686,IT,SE,PRINT,FOODW,0.01,1523.906,3,3,1523.906,0.0,0.0,0.0,0.0,152390.6
1652570,IT,CZ,LEATH,CEMEN,0.01,1523.844,3,3,1523.844,0.0,0.0,0.0,0.0,152384.4
1787169,IT,ZA,PUBLI,COLLE,0.02,1523.809,3,3,1523.809,0.0,0.0,0.0,0.0,76190.45
1770823,IT,AU,BUSIN,VEGET,0.02,1523.717,3,3,1523.717,0.0,0.0,0.0,0.0,76185.85
1689614,IT,IE,SUPPO,ANIMA,0.01,1523.705,3,3,1523.705,0.0,0.0,0.0,0.0,152370.5
1655201,IT,CZ,BUSIN,FOODW,0.02,1523.703,3,3,1523.703,0.0,0.0,0.0,0.0,76185.15
1765115,IT,MX,COMPU,WHOLE,0.02,1523.424,3,3,1523.424,0.0,0.0,0.0,0.0,76171.2
1764920,IT,MX,SUPPO,PLAST,0.01,1522.714,3,3,1522.714,0.0,0.0,0.0,0.0,152271.4
1779824,IT,TR,PUBLI,CHEMI,0.02,1522.601,3,3,1522.601,0.0,0.0,0.0,0.0,76130.05
1678203,IT,FR,WOOD1,PAPE4,0.01,1522.599,3,3,1522.599,0.0,0.0,0.0,0.0,152259.9
1797347,IT,WL,REALE,RETA1,0.06,1522.508,3,3,1522.508,0.0,0.0,0.0,0.0,25375.133333
1784731,IT,ID,WHOLE,POULT,0.01,1522.26,3,3,1522.26,0.0,0.0,0.0,0.0,152226.0
1670106,IT,ES,PAPE4,PULP5,0.01,1522.204,3,3,1522.204,0.0,0.0,0.0,0.0,152220.4
1786827,IT,ZA,HOTEL,INLAN,0.01,1522.122,3,3,1522.122,0.0,0.0,0.0,0.0,152212.2
1807757,IT,WF,PUBLI,PFERT,0.02,1522.044,3,3,1522.044,0.0,0.0,0.0,0.0,76102.2
1793399,IT,WL,CROPS,MEATC,0.01,1521.833,3,3,1521.833,0.0,0.0,0.0,0.0,152183.3
1803909,IT,WF,WEARI,GLASS,0.01,1521.709,3,3,1521.709,0.0,0.0,0.0,0.0,152170.9
1731105,IT,SI,FORES,LANDT,0.01,1521.588,4,4,1520.588,0.0,1.0,0.0,0.0,152158.8
1775255,IT,CH,BUSIN,SUGA1,0.02,1521.405,3,3,1521.405,0.0,0.0,0.0,0.0,76070.25
1792932,IT,WA,FOODW,SALEM,0.01,1521.379,3,3,1521.379,0.0,0.0,0.0,0.0,152137.9
1678196,IT,FR,WOOD1,SALEM,0.01,1521.235,3,3,1521.235,0.0,0.0,0.0,0.0,152123.5
1802066,IT,WE,RETA1,OILSE,0.02,1521.081,3,3,1521.081,0.0,0.0,0.0,0.0,76054.05
1747737,IT,JP,FINAN,AUXIL,0.02,1521.031,3,3,1521.031,0.0,0.0,0.0,0.0,76051.55
1799287,IT,WE,LEATH,TRAN2,0.01,1520.909,3,3,1520.909,0.0,0.0,0.0,0.0,152090.9
1748398,IT,CN,CROPS,FABRI,0.01,1520.898,3,3,1520.898,0.0,0.0,0.0,0.0,152089.8
1755007,IT,KR,WEARI,BEVER,0.01,1520.867,3,3,1520.867,0.0,0.0,0.0,0.0,152086.7
1740163,IT,GB,COMPU,FOOD4,0.02,1520.858,3,3,1520.858,0.0,0.0,0.0,0.0,76042.9
1782985,IT,NO,SUPPO,RECRE,0.01,1520.714,3,3,1520.714,0.0,0.0,0.0,0.0,152071.4
1731642,IT,SI,LEATH,COMPU,0.01,1520.422,3,3,1520.422,0.0,0.0,0.0,0.0,152042.2
1644546,IT,BE,PROCE,TOBAC,0.01,1520.395,3,3,1520.395,0.0,0.0,0.0,0.0,152039.5
1807571,IT,WF,COMPU,MOTO1,0.02,1520.323,3,3,1520.323,0.0,0.0,0.0,0.0,76016.15
1762076,IT,IN,RETA1,ALUM1,0.02,1520.263,3,3,1520.263,0.0,0.0,0.0,0.0,76013.15
1797196,IT,WL,FINAN,BITUM,0.02,1520.252,3,3,1520.252,0.0,0.0,0.0,0.0,76012.6
1722251,IT,PL,RECRE,DAIRY,0.02,1520.217,3,3,1520.217,0.0,0.0,0.0,0.0,76010.85
1807789,IT,WF,FOODW,NATU1,0.01,1520.124,3,3,1520.124,0.0,0.0,0.0,0.0,152012.4
1712710,IT,LV,HOTEL,RETAI,0.01,1520.091,3,3,1520.091,0.0,0.0,0.0,0.0,152009.1
1748308,IT,JP,93197,SALEM,0.01,1520.023,3,3,1520.023,0.0,0.0,0.0,0.0,152002.3
1755335,IT,KR,PRINT,ELECT,0.01,1519.985,3,3,1519.985,0.0,0.0,0.0,0.0,151998.5
1797959,IT,WL,FOOD4,RECRE,0.01,1519.939,3,3,1519.939,0.0,0.0,0.0,0.0,151993.9
1650656,IT,BG,WHOLE,CEMEN,0.01,1519.834,3,3,1519.834,0.0,0.0,0.0,0.0,151983.4
1802017,IT,WE,WHOLE,RUBBE,0.01,1519.732,3,3,1519.732,0.0,0.0,0.0,0.0,151973.2
1650425,IT,BG,ELEC4,MOTO1,0.02,1519.663,3,3,1519.663,0.0,0.0,0.0,0.0,75983.15
1753888,IT,CA,RAILW,SUBBI,0.01,1519.626,3,3,1519.626,0.0,0.0,0.0,0.0,151962.6
1747791,IT,JP,AUXIL,LANDT,0.03,1519.569,3,3,1519.569,0.0,0.0,0.0,0.0,50652.3
1734119,IT,SI,AUXIL,BEVER,0.03,1519.49,3,3,1519.49,0.0,0.0,0.0,0.0,50649.666667
1737420,IT,GB,WEARI,BEVER,0.01,1519.293,3,3,1519.293,0.0,0.0,0.0,0.0,151929.3
1797625,IT,WL,FOODW,AIRTR,0.01,1519.293,3,3,1519.293,0.0,0.0,0.0,0.0,151929.3
1650675,IT,BG,RETA1,TEXTI,0.02,1519.177,3,3,1519.177,0.0,0.0,0.0,0.0,75958.85
1814390,IT,WM,AUXIL,SUPPO,0.03,1519.017,3,3,1519.017,0.0,0.0,0.0,0.0,50633.9
1712864,IT,LV,REALE,SANDC,0.06,1518.893,3,3,1518.893,0.0,0.0,0.0,0.0,25314.883333
1730097,IT,SE,RETA1,SUPPO,0.02,1518.875,3,3,1518.875,0.0,0.0,0.0,0.0,75943.75
1709500,IT,LT,WEARI,POSTT,0.01,1518.497,3,3,1518.497,0.0,0.0,0.0,0.0,151849.7
1678740,IT,GR,PROCE,REALE,0.01,1518.486,3,3,1518.486,0.0,0.0,0.0,0.0,151848.6
1797935,IT,WL,FOOD4,BASIC,0.01,1518.344,3,3,1518.344,0.0,0.0,0.0,0.0,151834.4
1661290,IT,DK,FORES,LEATH,0.01,1518.243,4,4,1517.243,0.0,1.0,0.0,0.0,151824.3
1661720,IT,DK,WEARI,SEWAG,0.01,1518.166,3,3,1518.166,0.0,0.0,0.0,0.0,151816.6
1665563,IT,ES,LEATH,OFFIC,0.01,1517.95,3,3,1517.95,0.0,0.0,0.0,0.0,151795.0
1731099,IT,SI,FORES,PAPER,0.01,1517.882,4,4,1516.882,0.0,1.0,0.0,0.0,151788.2
1733486,IT,SI,WHOLE,MEATA,0.01,1517.833,3,3,1517.833,0.0,0.0,0.0,0.0,151783.3
1727572,IT,RO,REALE,NONF1,0.06,1517.813,3,3,1517.813,0.0,0.0,0.0,0.0,25296.883333
1792988,IT,WA,SEWAG,PUBLI,0.01,1517.523,3,3,1517.523,0.0,0.0,0.0,0.0,151752.3
1669499,IT,ES,AUXIL,ELEC5,0.03,1517.186,3,3,1517.186,0.0,0.0,0.0,0.0,50572.866667
1744321,IT,US,FINAN,RADIO,0.02,1517.103,3,3,1517.103,0.0,0.0,0.0,0.0,75855.15
1660487,IT,DE,INSUR,CERAM,0.03,1517.091,3,3,1517.091,0.0,0.0,0.0,0.0,50569.7
1787800,IT,WA,PROCE,CRUDE,0.01,1517.056,3,3,1517.056,0.0,0.0,0.0,0.0,151705.6
1671770,IT,FI,RETAI,HEALT,0.01,1516.982,3,3,1516.982,0.0,0.0,0.0,0.0,151698.2
1743508,IT,US,RETA1,TRANS,0.02,1516.956,3,3,1516.956,0.0,0.0,0.0,0.0,75847.8
1665460,IT,ES,WEARI,PROCE,0.01,1516.885,3,3,1516.885,0.0,0.0,0.0,0.0,151688.5
1652483,IT,CZ,WEARI,NAPHT,0.01,1516.869,3,3,1516.869,0.0,0.0,0.0,0.0,151686.9
1809696,IT,WM,PROCE,CONST,0.01,1516.56,3,3,1516.56,0.0,0.0,0.0,0.0,151656.0
1751545,IT,CN,POSTT,COKIN,0.02,1516.448,3,3,1516.448,0.0,0.0,0.0,0.0,75822.4
1736179,IT,SK,WHOLE,WOODW,0.01,1516.313,3,3,1516.313,0.0,0.0,0.0,0.0,151631.3
1661137,IT,DE,RECRE,TRAN1,0.02,1516.307,3,3,1516.307,0.0,0.0,0.0,0.0,75815.35
1788228,IT,WA,LEATH,URANI,0.01,1516.141,3,3,1516.141,0.0,0.0,0.0,0.0,151614.1
1650466,IT,BG,ELEC5,HEAVY,0.02,1516.039,3,3,1516.039,0.0,0.0,0.0,0.0,75801.95
1643959,IT,AT,COMPU,MACHI,0.02,1515.969,3,3,1515.969,0.0,0.0,0.0,0.0,75798.45
1678242,IT,FR,SEWAG,BEVER,0.01,1515.893,3,3,1515.893,0.0,0.0,0.0,0.0,151589.3
1762357,IT,IN,SUPPO,MEMBE,0.01,1515.635,3,3,1515.635,0.0,0.0,0.0,0.0,151563.5
1807853,IT,WF,PAPE1,MEAT1,0.01,1515.178,3,3,1515.178,0.0,0.0,0.0,0.0,151517.8
1727408,IT,RO,FINAN,ELEC3,0.02,1515.104,3,3,1515.104,0.0,0.0,0.0,0.0,75755.2
1717472,IT,NL,AUXIL,RESEA,0.03,1515.059,3,3,1515.059,0.0,0.0,0.0,0.0,50501.966667
1733962,IT,SI,SUPPO,STEAM,0.01,1515.045,3,3,1515.045,0.0,0.0,0.0,0.0,151504.5
1773827,IT,CH,ELEC4,COMPU,0.02,1515.005,3,3,1515.005,0.0,0.0,0.0,0.0,75750.25
1733682,IT,SI,RAILW,BEVER,0.01,1514.64,3,3,1514.64,0.0,0.0,0.0,0.0,151464.0
1727273,IT,RO,SUPPO,FOOD2,0.01,1514.61,3,3,1514.61,0.0,0.0,0.0,0.0,151461.0
1724596,IT,PT,FINAN,HEAVY,0.02,1514.603,3,3,1514.603,0.0,0.0,0.0,0.0,75730.15
1794159,IT,WL,PRINT,MEAT1,0.01,1514.387,3,3,1514.387,0.0,0.0,0.0,0.0,151438.7
1668458,IT,ES,RETA1,WOOD1,0.02,1514.266,3,3,1514.266,0.0,0.0,0.0,0.0,75713.3
1759275,IT,BR,POSTT,FOUND,0.02,1514.261,3,3,1514.261,0.0,0.0,0.0,0.0,75713.05
1786624,IT,ZA,RETAI,DISTR,0.01,1514.175,3,3,1514.175,0.0,0.0,0.0,0.0,151417.5
1743411,IT,US,SALEM,WOOD1,0.01,1514.131,3,3,1514.131,0.0,0.0,0.0,0.0,151413.1
1797272,IT,WL,INSUR,NAPHT,0.03,1514.052,3,3,1514.052,0.0,0.0,0.0,0.0,50468.4
1770246,IT,AU,HOTEL,AVIAT,0.01,1514.038,3,3,1514.038,0.0,0.0,0.0,0.0,151403.8
1687843,IT,HU,FINAN,SUPPO,0.02,1513.983,3,3,1513.983,0.0,0.0,0.0,0.0,75699.15
1717821,IT,NL,INERT,PAPE1,0.01,1513.957,3,3,1513.957,0.0,0.0,0.0,0.0,151395.7
1806619,IT,WF,SALEM,FURNI,0.01,1513.85,3,3,1513.85,0.0,0.0,0.0,0.0,151385.0
1734251,IT,SI,COMPU,FURNI,0.02,1513.812,3,3,1513.812,0.0,0.0,0.0,0.0,75690.6
1722197,IT,PL,PUBLI,MACHI,0.02,1513.788,3,3,1513.788,0.0,0.0,0.0,0.0,75689.4
1798019,IT,WL,INERT,SUPPO,0.01,1513.686,3,3,1513.686,0.0,0.0,0.0,0.0,151368.6
1776381,IT,TR,PRINT,BASIC,0.01,1513.625,3,3,1513.625,0.0,0.0,0.0,0.0,151362.5
1720989,IT,PL,RETA1,CONST,0.02,1513.443,3,3,1513.443,0.0,0.0,0.0,0.0,75672.15
1810285,IT,WM,LEATH,AIRTR,0.01,1513.378,3,3,1513.378,0.0,0.0,0.0,0.0,151337.8
1717374,IT,NL,FINAN,INTER,0.02,1513.366,3,3,1513.366,0.0,0.0,0.0,0.0,75668.3
1756493,IT,KR,SALEM,BUSIN,0.01,1513.24,3,3,1513.24,0.0,0.0,0.0,0.0,151324.0
1787192,IT,ZA,PUBLI,MEMBE,0.02,1513.114,3,3,1513.114,0.0,0.0,0.0,0.0,75655.7
1661719,IT,DK,WEARI,OILHA,0.01,1512.966,3,3,1512.966,0.0,0.0,0.0,0.0,151296.6
1647862,IT,BE,AUXIL,FOOD1,0.03,1512.895,3,3,1512.895,0.0,0.0,0.0,0.0,50429.833333
1648315,IT,BE,EDUCA,PLAST,0.04,1512.859,3,3,1512.859,0.0,0.0,0.0,0.0,37821.475
1678011,IT,FR,EDUCA,FOOD5,0.04,1512.822,3,3,1512.822,0.0,0.0,0.0,0.0,37820.55
1717376,IT,NL,FINAN,WOOD1,0.02,1512.801,3,3,1512.801,0.0,0.0,0.0,0.0,75640.05
1655142,IT,CZ,BUSIN,NUCLE,0.02,1512.524,3,3,1512.524,0.0,0.0,0.0,0.0,75626.2
1781166,IT,TW,INERT,VEGET,0.01,1512.458,3,3,1512.458,0.0,0.0,0.0,0.0,151245.8
1665588,IT,ES,LEATH,OILHA,0.01,1512.446,3,3,1512.446,0.0,0.0,0.0,0.0,151244.6
1668380,IT,ES,RETA1,MEATP,0.02,1512.368,3,3,1512.368,0.0,0.0,0.0,0.0,75618.4
1734131,IT,SI,AUXIL,COLLE,0.03,1512.361,3,3,1512.361,0.0,0.0,0.0,0.0,50412.033333
1773903,IT,CH,ELEC8,BUSIN,0.02,1512.198,3,3,1512.198,0.0,0.0,0.0,0.0,75609.9
1668630,IT,ES,RAILW,BRICK,0.01,1512.16,3,3,1512.16,0.0,0.0,0.0,0.0,151216.0
1731367,IT,SI,PROCE,RETA1,0.01,1512.128,3,3,1512.128,0.0,0.0,0.0,0.0,151212.8
1643670,IT,AT,SUPPO,PIGS9,0.01,1512.096,3,3,1512.096,0.0,0.0,0.0,0.0,151209.6
1793924,IT,WL,LEATH,FOOD5,0.01,1512.022,3,3,1512.022,0.0,0.0,0.0,0.0,151202.2
1655389,IT,DE,CROPS,FABRI,0.01,1511.882,3,3,1511.882,0.0,0.0,0.0,0.0,151188.2
1739961,IT,GB,AUXIL,MACHI,0.03,1511.843,3,3,1511.843,0.0,0.0,0.0,0.0,50394.766667
1739234,IT,GB,RETA1,WOOD1,0.02,1511.84,3,3,1511.84,0.0,0.0,0.0,0.0,75592.0
1728623,IT,SE,PRINT,FISHF,0.01,1511.762,3,3,1511.762,0.0,0.0,0.0,0.0,151176.2
1645154,IT,BE,PRINT,GLASS,0.01,1511.671,3,3,1511.671,0.0,0.0,0.0,0.0,151167.1
1654818,IT,CZ,SUPPO,SEACO,0.01,1511.601,3,3,1511.601,0.0,0.0,0.0,0.0,151160.1
1662857,IT,DK,WHOLE,VEGE1,0.01,1511.529,3,3,1511.529,0.0,0.0,0.0,0.0,151152.9
1792833,IT,WA,EDUCA,TEXTI,0.04,1511.518,3,3,1511.518,0.0,0.0,0.0,0.0,37787.95
1814640,IT,WM,PAPE1,FOOD5,0.01,1511.499,3,3,1511.499,0.0,0.0,0.0,0.0,151149.9
1793034,IT,WA,FOOD4,PRECI,0.01,1511.411,3,3,1511.411,0.0,0.0,0.0,0.0,151141.1
1665836,IT,ES,PRINT,PFERT,0.01,1511.385,3,3,1511.385,0.0,0.0,0.0,0.0,151138.5
1771700,IT,CH,WEARI,FOOD1,0.01,1511.354,3,3,1511.354,0.0,0.0,0.0,0.0,151135.4
1748395,IT,CN,CROPS,GASDI,0.01,1511.265,3,3,1511.265,0.0,0.0,0.0,0.0,151126.5
1663415,IT,DK,INSUR,CONST,0.03,1511.142,3,3,1511.142,0.0,0.0,0.0,0.0,50371.4
1669762,IT,ES,BUSIN,REFIN,0.02,1511.12,3,3,1511.12,0.0,0.0,0.0,0.0,75556.0
1814717,IT,WM,WOOD1,INSUR,0.01,1511.075,3,3,1511.075,0.0,0.0,0.0,0.0,151107.5
1648969,IT,BG,LEATH,RAWMI,0.01,1510.665,3,3,1510.665,0.0,0.0,0.0,0.0,151066.5
1736166,IT,SK,SALEM,BUSIN,0.01,1510.572,3,3,1510.572,0.0,0.0,0.0,0.0,151057.2
1779299,IT,TR,INSUR,CRUDE,0.03,1510.543,3,3,1510.543,0.0,0.0,0.0,0.0,50351.433333
1764747,IT,MX,HOTEL,BLAST,0.01,1510.203,3,3,1510.203,0.0,0.0,0.0,0.0,151020.3
1760788,IT,IN,PRINT,AIRTR,0.01,1510.043,3,3,1510.043,0.0,0.0,0.0,0.0,151004.3
1678455,IT,FR,RECRE,MOTOR,0.02,1509.687,3,3,1509.687,0.0,0.0,0.0,0.0,75484.35
1757135,IT,BR,CROPS,HOTEL,0.01,1509.675,3,3,1509.675,0.0,0.0,0.0,0.0,150967.5
1724479,IT,PT,SUPPO,RETAI,0.01,1509.608,3,3,1509.608,0.0,0.0,0.0,0.0,150960.8
1792584,IT,WA,COMPU,WOODW,0.02,1509.358,3,3,1509.358,0.0,0.0,0.0,0.0,75467.9
1762075,IT,IN,RETA1,PREC1,0.02,1509.351,3,3,1509.351,0.0,0.0,0.0,0.0,75467.55
1779968,IT,TW,SALEM,VEGET,0.01,1509.314,3,3,1509.314,0.0,0.0,0.0,0.0,150931.4
1792161,IT,WA,SUPPO,NAPHT,0.01,1509.236,3,3,1509.236,0.0,0.0,0.0,0.0,150923.6
1662932,IT,DK,RETA1,NONF1,0.02,1509.146,3,3,1509.146,0.0,0.0,0.0,0.0,75457.3
1814583,IT,WM,BUSIN,ELECT,0.02,1509.129,3,3,1509.129,0.0,0.0,0.0,0.0,75456.45
1670197,IT,ES,RECRE,GLASS,0.02,1509.111,3,3,1509.111,0.0,0.0,0.0,0.0,75455.55
1814245,IT,WM,POSTT,KERO1,0.02,1509.108,3,3,1509.108,0.0,0.0,0.0,0.0,75455.4
1786768,IT,ZA,HOTEL,MEAT4,0.01,1509.097,3,3,1509.097,0.0,0.0,0.0,0.0,150909.7
1765047,IT,MX,INSUR,FURNI,0.03,1508.823,3,3,1508.823,0.0,0.0,0.0,0.0,50294.1
1758798,IT,BR,RETA1,RADIO,0.02,1508.794,3,3,1508.794,0.0,0.0,0.0,0.0,75439.7
1758881,IT,BR,HOTEL,MEDIC,0.01,1508.789,3,3,1508.789,0.0,0.0,0.0,0.0,150878.9
1781388,IT,NO,PROCE,BEVER,0.01,1508.757,3,3,1508.757,0.0,0.0,0.0,0.0,150875.7
1673880,IT,FR,PRINT,TEXT2,0.01,1508.751,3,3,1508.751,0.0,0.0,0.0,0.0,150875.1
1814808,IT,WM,PLAS2,AUXIL,0.01,1508.647,3,3,1508.647,0.0,0.0,0.0,0.0,150864.7
1747711,IT,JP,FINAN,PAPER,0.02,1508.485,3,3,1508.485,0.0,0.0,0.0,0.0,75424.25
1687219,IT,HU,SALEM,RADIO,0.01,1508.441,3,3,1508.441,0.0,0.0,0.0,0.0,150844.1
1730328,IT,SE,SUPPO,COPPE,0.01,1508.427,3,3,1508.427,0.0,0.0,0.0,0.0,150842.7
1803202,IT,WF,CROPS,CEMEN,0.01,1508.184,3,3,1508.184,0.0,0.0,0.0,0.0,150818.4
1797552,IT,WL,PUBLI,NICKE,0.02,1508.032,3,3,1508.032,0.0,0.0,0.0,0.0,75401.6
1806618,IT,WF,SALEM,TRANS,0.01,1507.844,3,3,1507.844,0.0,0.0,0.0,0.0,150784.4
1759609,IT,BR,COMPU,FOOD3,0.02,1507.775,3,3,1507.775,0.0,0.0,0.0,0.0,75388.75
1730889,IT,SE,PAPE1,CONST,0.01,1507.665,3,3,1507.665,0.0,0.0,0.0,0.0,150766.5
1714232,IT,MT,REALE,CONST,0.06,1507.653,3,3,1507.653,0.0,0.0,0.0,0.0,25127.55
1807365,IT,WF,FINAN,LIQUE,0.02,1507.574,3,3,1507.574,0.0,0.0,0.0,0.0,75378.7
1803897,IT,WF,WEARI,DAIRY,0.01,1507.45,3,3,1507.45,0.0,0.0,0.0,0.0,150745.0
1711612,IT,LU,REALE,CROPS,0.06,1507.395,3,3,1507.395,0.0,0.0,0.0,0.0,25123.25
1747640,IT,JP,SUPPO,DISTR,0.01,1507.363,3,3,1507.363,0.0,0.0,0.0,0.0,150736.3
1651933,IT,CY,BUSIN,TEXTI,0.02,1507.271,3,3,1507.271,0.0,0.0,0.0,0.0,75363.55
1643098,IT,AT,WHOLE,SECO9,0.01,1507.031,3,3,1507.031,0.0,0.0,0.0,0.0,150703.1
1650652,IT,BG,WHOLE,PLAST,0.01,1506.936,3,3,1506.936,0.0,0.0,0.0,0.0,150693.6
1655439,IT,DE,FORES,BIODI,0.01,1506.573,4,4,1505.573,0.0,1.0,0.0,0.0,150657.3
1665443,IT,ES,WEARI,WHEAT,0.01,1506.155,3,3,1506.155,0.0,0.0,0.0,0.0,150615.5
1678501,IT,FR,93197,WHOLE,0.01,1505.92,3,3,1505.92,0.0,0.0,0.0,0.0,150592.0
1645165,IT,BE,PRINT,ELECT,0.01,1505.662,3,3,1505.662,0.0,0.0,0.0,0.0,150566.2
1803997,IT,WF,LEATH,HOTEL,0.01,1505.539,3,3,1505.539,0.0,0.0,0.0,0.0,150553.9
1802776,IT,WE,BUSIN,PFERT,0.02,1505.539,3,3,1505.539,0.0,0.0,0.0,0.0,75276.95
1660558,IT,DE,AUXIL,DISTR,0.03,1505.358,3,3,1505.358,0.0,0.0,0.0,0.0,50178.6
1791778,IT,WA,RAILW,MEMBE,0.01,1505.289,3,3,1505.289,0.0,0.0,0.0,0.0,150528.9
1745730,IT,JP,WEARI,GASDI,0.01,1505.18,3,3,1505.18,0.0,0.0,0.0,0.0,150518.0
1745219,IT,JP,FORES,MACHI,0.01,1505.142,4,4,1504.142,0.0,1.0,0.0,0.0,150514.2
1759377,IT,BR,FINAN,RENTI,0.02,1505.142,3,3,1505.142,0.0,0.0,0.0,0.0,75257.1
1664714,IT,EE,SUPPO,RUBBE,0.01,1505.14,3,3,1505.14,0.0,0.0,0.0,0.0,150514.0
1660948,IT,DE,BUSIN,PETRO,0.02,1505.108,3,3,1505.108,0.0,0.0,0.0,0.0,75255.4
1723947,IT,PT,SALEM,MEAT4,0.01,1504.91,3,3,1504.91,0.0,0.0,0.0,0.0,150491.0
1775451,IT,CH,PAPE1,MACHI,0.01,1504.858,3,3,1504.858,0.0,0.0,0.0,0.0,150485.8
1784817,IT,ID,HOTEL,INLAN,0.01,1504.729,3,3,1504.729,0.0,0.0,0.0,0.0,150472.9
1785024,IT,ID,BUSIN,BIODI,0.02,1504.663,3,3,1504.663,0.0,0.0,0.0,0.0,75233.15
1679173,IT,GR,PRINT,TEXTI,0.01,1504.603,3,3,1504.603,0.0,0.0,0.0,0.0,150460.3
1721605,IT,PL,POSTT,NONME,0.02,1504.51,3,3,1504.51,0.0,0.0,0.0,0.0,75225.5
1710853,IT,LU,PRINT,DAIRY,0.01,1504.391,3,3,1504.391,0.0,0.0,0.0,0.0,150439.1
1747758,IT,JP,AUXIL,PAPER,0.03,1504.34,3,3,1504.34,0.0,0.0,0.0,0.0,50144.666667
1687222,IT,HU,SALEM,SALEM,0.01,1504.315,3,3,1504.315,0.0,0.0,0.0,0.0,150431.5
1643837,IT,AT,FINAN,PLAS1,0.02,1504.28,3,3,1504.28,0.0,0.0,0.0,0.0,75214.0
1676279,IT,FR,SALEM,HEALT,0.01,1503.944,3,3,1503.944,0.0,0.0,0.0,0.0,150394.4
1772021,IT,CH,PRINT,LEATH,0.01,1503.933,3,3,1503.933,0.0,0.0,0.0,0.0,150393.3
1671729,IT,FI,SALEM,STEAM,0.01,1503.817,3,3,1503.817,0.0,0.0,0.0,0.0,150381.7
1656239,IT,DE,WEARI,MEATP,0.01,1503.78,3,3,1503.78,0.0,0.0,0.0,0.0,150378.0
1781390,IT,NO,PROCE,CHEM1,0.01,1503.707,3,3,1503.707,0.0,0.0,0.0,0.0,150370.7
1758852,IT,BR,HOTEL,COKEO,0.01,1503.612,3,3,1503.612,0.0,0.0,0.0,0.0,150361.2
1802928,IT,WF,PADDY,RUBBE,0.02,1503.544,3,3,1503.544,0.0,0.0,0.0,0.0,75177.2
1776373,IT,TR,PRINT,GASDI,0.01,1503.435,3,3,1503.435,0.0,0.0,0.0,0.0,150343.5
1646834,IT,BE,RETAI,MEATC,0.01,1503.257,3,3,1503.257,0.0,0.0,0.0,0.0,150325.7
1784734,IT,ID,WHOLE,PFERT,0.01,1503.241,3,3,1503.241,0.0,0.0,0.0,0.0,150324.1
1644109,IT,AT,PUBLI,BUSIN,0.02,1502.972,3,3,1502.972,0.0,0.0,0.0,0.0,75148.6
1748228,IT,JP,TEXT1,POULT,0.01,1502.784,3,3,1502.784,0.0,0.0,0.0,0.0,150278.4
1659569,IT,DE,HOTEL,CHEMI,0.01,1502.176,3,3,1502.176,0.0,0.0,0.0,0.0,150217.6
1677777,IT,FR,COMPU,ELECT,0.02,1502.128,3,3,1502.128,0.0,0.0,0.0,0.0,75106.4
1734917,IT,SK,PRINT,INSUR,0.01,1502.093,3,3,1502.093,0.0,0.0,0.0,0.0,150209.3
1727614,IT,RO,REALE,FOOD4,0.06,1501.992,3,3,1501.992,0.0,0.0,0.0,0.0,25033.2
1743435,IT,US,RETAI,93197,0.01,1501.948,3,3,1501.948,0.0,0.0,0.0,0.0,150194.8
1778561,IT,TR,RETA1,DIST1,0.02,1501.773,3,3,1501.773,0.0,0.0,0.0,0.0,75088.65
1684557,IT,HR,BUSIN,TRAN1,0.02,1501.736,3,3,1501.736,0.0,0.0,0.0,0.0,75086.8
1736671,IT,SK,INSUR,FINAN,0.03,1501.683,3,3,1501.683,0.0,0.0,0.0,0.0,50056.1
1659509,IT,DE,RETA1,ELEC2,0.02,1501.586,3,3,1501.586,0.0,0.0,0.0,0.0,75079.3
1767605,IT,RU,SUPPO,MACHI,0.01,1501.422,3,3,1501.422,0.0,0.0,0.0,0.0,150142.2
1752707,IT,CA,LEATH,GLASS,0.01,1501.222,3,3,1501.222,0.0,0.0,0.0,0.0,150122.2
1663589,IT,DK,BUSIN,RAWMI,0.02,1501.046,3,3,1501.046,0.0,0.0,0.0,0.0,75052.3
1797758,IT,WL,TEXT1,PUBLI,0.01,1500.986,3,3,1500.986,0.0,0.0,0.0,0.0,150098.6
1767950,IT,RU,COMPU,KEROS,0.02,1500.888,3,3,1500.888,0.0,0.0,0.0,0.0,75044.4
1681628,IT,GR,RECRE,REALE,0.02,1500.843,3,3,1500.843,0.0,0.0,0.0,0.0,75042.15
1725812,IT,RO,PRINT,WOOD2,0.01,1500.713,3,3,1500.713,0.0,0.0,0.0,0.0,150071.3
1792178,IT,WA,SUPPO,DIST1,0.01,1500.701,3,3,1500.701,0.0,0.0,0.0,0.0,150070.1
1681699,IT,HR,FORES,WHOLE,0.01,1500.458,4,4,1499.458,0.0,1.0,0.0,0.0,150045.8
1712165,IT,LV,LEATH,DIST1,0.01,1500.394,3,3,1500.394,0.0,0.0,0.0,0.0,150039.4
1792333,IT,WA,FINAN,HEAVY,0.02,1500.273,3,3,1500.273,0.0,0.0,0.0,0.0,75013.65
1711284,IT,LU,SALEM,CONST,0.01,1500.157,3,3,1500.157,0.0,0.0,0.0,0.0,150015.7
1726782,IT,RO,RETAI,LANDT,0.01,1500.004,3,3,1500.004,0.0,0.0,0.0,0.0,150000.4
1690236,IT,IE,BUSIN,WASTE,0.02,1499.97,3,3,1499.97,0.0,0.0,0.0,0.0,74998.5
1669804,IT,ES,BUSIN,ELEC6,0.02,1499.727,3,3,1499.727,0.0,0.0,0.0,0.0,74986.35
1673417,IT,FR,WEARI,BITU1,0.01,1499.694,3,3,1499.694,0.0,0.0,0.0,0.0,149969.4
1778412,IT,TR,WHOLE,STONE,0.01,1499.671,3,3,1499.671,0.0,0.0,0.0,0.0,149967.1
1687390,IT,HU,HOTEL,MEDIC,0.01,1499.533,3,3,1499.533,0.0,0.0,0.0,0.0,149953.3
1778457,IT,TR,WHOLE,COKE1,0.01,1499.49,3,3,1499.49,0.0,0.0,0.0,0.0,149949.0
1724488,IT,PT,SUPPO,AUXIL,0.01,1499.247,3,3,1499.247,0.0,0.0,0.0,0.0,149924.7
1663390,IT,DK,POSTT,HOTEL,0.02,1499.247,3,3,1499.247,0.0,0.0,0.0,0.0,74962.35
1681604,IT,GR,PUBLI,KEROS,0.02,1499.006,3,3,1499.006,0.0,0.0,0.0,0.0,74950.3
1711434,IT,LU,HOTEL,MEMBE,0.01,1498.842,3,3,1498.842,0.0,0.0,0.0,0.0,149884.2
1687396,IT,HU,HOTEL,TRAN1,0.01,1498.826,3,3,1498.826,0.0,0.0,0.0,0.0,149882.6
1688063,IT,HU,COMPU,DIST1,0.02,1498.582,3,3,1498.582,0.0,0.0,0.0,0.0,74929.1
1767165,IT,RU,WHOLE,PULP5,0.01,1498.33,3,3,1498.33,0.0,0.0,0.0,0.0,149833.0
1741387,IT,US,PRINT,AIRTR,0.01,1498.281,3,3,1498.281,0.0,0.0,0.0,0.0,149828.1
1799223,IT,WE,LEATH,SANDC,0.01,1498.196,3,3,1498.196,0.0,0.0,0.0,0.0,149819.6
1786995,IT,ZA,INSUR,PULP5,0.03,1497.896,3,3,1497.896,0.0,0.0,0.0,0.0,49929.866667
1791709,IT,WA,RAILW,WHEAT,0.01,1497.839,3,3,1497.839,0.0,0.0,0.0,0.0,149783.9
1669399,IT,ES,INSUR,BIODI,0.03,1497.566,3,3,1497.566,0.0,0.0,0.0,0.0,49918.866667
1654393,IT,CZ,SALEM,93197,0.01,1497.172,3,3,1497.172,0.0,0.0,0.0,0.0,149717.2
1759416,IT,BR,INSUR,MACHI,0.03,1496.917,3,3,1496.917,0.0,0.0,0.0,0.0,49897.233333
1756510,IT,KR,WHOLE,PROCE,0.01,1496.785,3,3,1496.785,0.0,0.0,0.0,0.0,149678.5
1787140,IT,ZA,PUBLI,FISHF,0.02,1496.504,3,3,1496.504,0.0,0.0,0.0,0.0,74825.2
1683949,IT,HR,RETAI,BUSIN,0.01,1496.344,3,3,1496.344,0.0,0.0,0.0,0.0,149634.4
1717819,IT,NL,INERT,RUBBE,0.01,1495.999,3,3,1495.999,0.0,0.0,0.0,0.0,149599.9
1791348,IT,WA,SALEM,NONME,0.01,1495.941,3,3,1495.941,0.0,0.0,0.0,0.0,149594.1
1799253,IT,WE,LEATH,ADDIT,0.01,1495.922,3,3,1495.922,0.0,0.0,0.0,0.0,149592.2
1672244,IT,FI,REALE,SALEM,0.06,1495.661,3,3,1495.661,0.0,0.0,0.0,0.0,24927.683333
1716819,IT,NL,HOTEL,MEATA,0.01,1495.342,3,3,1495.342,0.0,0.0,0.0,0.0,149534.2
1730503,IT,SE,FINAN,LANDT,0.02,1495.249,3,3,1495.249,0.0,0.0,0.0,0.0,74762.45
1797053,IT,WL,SUPPO,FURNI,0.01,1495.03,3,3,1495.03,0.0,0.0,0.0,0.0,149503.0
1788227,IT,WA,LEATH,HYDRO,0.01,1494.947,3,3,1494.947,0.0,0.0,0.0,0.0,149494.7
1648309,IT,BE,EDUCA,CHEMI,0.04,1494.837,3,3,1494.837,0.0,0.0,0.0,0.0,37370.925
1660570,IT,DE,AUXIL,PUBLI,0.03,1494.784,3,3,1494.784,0.0,0.0,0.0,0.0,49826.133333
1736548,IT,SK,SUPPO,NONF1,0.01,1494.744,3,3,1494.744,0.0,0.0,0.0,0.0,149474.4
1643087,IT,AT,WHOLE,RUBBE,0.01,1494.642,3,3,1494.642,0.0,0.0,0.0,0.0,149464.2
1773896,IT,CH,ELEC8,RETA1,0.02,1494.214,3,3,1494.214,0.0,0.0,0.0,0.0,74710.7
1734043,IT,SI,FINAN,DIST1,0.02,1493.865,3,3,1493.865,0.0,0.0,0.0,0.0,74693.25
1728642,IT,SE,PRINT,BIODI,0.01,1493.706,3,3,1493.706,0.0,0.0,0.0,0.0,149370.6
1680560,IT,GR,ELEC8,WHOLE,0.02,1493.7,3,3,1493.7,0.0,0.0,0.0,0.0,74685.0
1765559,IT,RU,LEATH,RADIO,0.01,1493.651,3,3,1493.651,0.0,0.0,0.0,0.0,149365.1
1716718,IT,NL,WHOLE,WASTE,0.01,1493.622,3,3,1493.622,0.0,0.0,0.0,0.0,149362.2
1722188,IT,PL,PUBLI,PLAST,0.02,1493.609,3,3,1493.609,0.0,0.0,0.0,0.0,74680.45
1754593,IT,KR,CROPS,ELEC2,0.01,1493.605,3,3,1493.605,0.0,0.0,0.0,0.0,149360.5
1802873,IT,WE,INERT,FINAN,0.01,1493.35,3,3,1493.35,0.0,0.0,0.0,0.0,149335.0
1659244,IT,DE,SALEM,CERAM,0.01,1493.293,3,3,1493.293,0.0,0.0,0.0,0.0,149329.3
1736253,IT,SK,HOTEL,MEATA,0.01,1493.206,3,3,1493.206,0.0,0.0,0.0,0.0,149320.6
1804207,IT,WF,PRINT,ALUM1,0.01,1493.017,3,3,1493.017,0.0,0.0,0.0,0.0,149301.7
1659567,IT,DE,HOTEL,STONE,0.01,1493.01,3,3,1493.01,0.0,0.0,0.0,0.0,149301.0
1684368,IT,HR,POSTT,DAIRY,0.02,1492.734,3,3,1492.734,0.0,0.0,0.0,0.0,74636.7
1733938,IT,SI,SUPPO,PLAST,0.01,1492.336,3,3,1492.336,0.0,0.0,0.0,0.0,149233.6
1762572,IT,IN,AUXIL,LIQUE,0.03,1492.252,3,3,1492.252,0.0,0.0,0.0,0.0,49741.733333
1786634,IT,ZA,WHOLE,RAWMI,0.01,1491.877,3,3,1491.877,0.0,0.0,0.0,0.0,149187.7
1767802,IT,RU,INSUR,FINAN,0.03,1491.857,3,3,1491.857,0.0,0.0,0.0,0.0,49728.566667
1808663,IT,WF,INERT,GASDI,0.01,1491.704,3,3,1491.704,0.0,0.0,0.0,0.0,149170.4
1754153,IT,CA,SUPPO,DAIRY,0.01,1491.077,3,3,1491.077,0.0,0.0,0.0,0.0,149107.7
1760553,IT,IN,LEATH,ALUM1,0.01,1491.033,3,3,1491.033,0.0,0.0,0.0,0.0,149103.3
1796498,IT,WL,RETA1,REFI1,0.02,1490.657,3,3,1490.657,0.0,0.0,0.0,0.0,74532.85
1786617,IT,ZA,RETAI,OILSE,0.01,1490.477,3,3,1490.477,0.0,0.0,0.0,0.0,149047.7
1797766,IT,WL,WOOD1,WHOLE,0.01,1490.46,3,3,1490.46,0.0,0.0,0.0,0.0,149046.0
1681633,IT,GR,RECRE,EDUCA,0.02,1490.365,3,3,1490.365,0.0,0.0,0.0,0.0,74518.25
1710510,IT,LT,SUPPO,POULT,0.01,1490.31,3,3,1490.31,0.0,0.0,0.0,0.0,149031.0
1734001,IT,SI,POSTT,MOTO1,0.02,1490.191,3,3,1490.191,0.0,0.0,0.0,0.0,74509.55
1791356,IT,WA,SALEM,TRAN1,0.01,1490.042,3,3,1490.042,0.0,0.0,0.0,0.0,149004.2
1718893,IT,PL,PRINT,SUGA1,0.01,1489.776,3,3,1489.776,0.0,0.0,0.0,0.0,148977.6
1782741,IT,NO,RETA1,TRAN2,0.02,1489.524,3,3,1489.524,0.0,0.0,0.0,0.0,74476.2
1687700,IT,HU,SUPPO,VEGET,0.01,1489.481,3,3,1489.481,0.0,0.0,0.0,0.0,148948.1
1684631,IT,HR,FOOD4,WASTE,0.01,1489.258,3,3,1489.258,0.0,0.0,0.0,0.0,148925.8
1689657,IT,IE,POSTT,MOTOR,0.02,1489.166,3,3,1489.166,0.0,0.0,0.0,0.0,74458.3
1733462,IT,SI,SALEM,NONF1,0.01,1489.113,3,3,1489.113,0.0,0.0,0.0,0.0,148911.3
1756848,IT,KR,POSTT,CEMEN,0.02,1488.997,3,3,1488.997,0.0,0.0,0.0,0.0,74449.85
1723997,IT,PT,RETAI,CATTL,0.01,1488.89,3,3,1488.89,0.0,0.0,0.0,0.0,148889.0
1736716,IT,SK,REALE,RUBBE,0.06,1488.889,3,3,1488.889,0.0,0.0,0.0,0.0,24814.816667
1754324,IT,CA,INSUR,CHEM1,0.03,1488.726,3,3,1488.726,0.0,0.0,0.0,0.0,49624.2
1647561,IT,BE,SUPPO,TEXT1,0.01,1488.716,3,3,1488.716,0.0,0.0,0.0,0.0,148871.6
1759421,IT,BR,INSUR,FURNI,0.03,1488.581,3,3,1488.581,0.0,0.0,0.0,0.0,49619.366667
1780851,IT,TW,COMPU,LANDT,0.02,1488.536,3,3,1488.536,0.0,0.0,0.0,0.0,74426.8
1797240,IT,WL,FINAN,AIRTR,0.02,1488.424,3,3,1488.424,0.0,0.0,0.0,0.0,74421.2
1713999,IT,MT,RETA1,FISHF,0.02,1488.353,3,3,1488.353,0.0,0.0,0.0,0.0,74417.65
1736622,IT,SK,FINAN,GASDI,0.02,1488.331,3,3,1488.331,0.0,0.0,0.0,0.0,74416.55
1647479,IT,BE,SUPPO,PROCE,0.01,1488.118,3,3,1488.118,0.0,0.0,0.0,0.0,148811.8
1775454,IT,CH,PAPE1,HOTEL,0.01,1488.02,3,3,1488.02,0.0,0.0,0.0,0.0,148802.0
1724464,IT,PT,SUPPO,WOODW,0.01,1487.846,3,3,1487.846,0.0,0.0,0.0,0.0,148784.6
1751159,IT,CN,HOTEL,PATEN,0.01,1487.736,3,3,1487.736,0.0,0.0,0.0,0.0,148773.6
1762034,IT,IN,WHOLE,SEACO,0.01,1487.397,3,3,1487.397,0.0,0.0,0.0,0.0,148739.7
1786703,IT,ZA,RETA1,DAIRY,0.02,1487.198,3,3,1487.198,0.0,0.0,0.0,0.0,74359.9
1650704,IT,BG,HOTEL,SANDC,0.01,1487.169,3,3,1487.169,0.0,0.0,0.0,0.0,148716.9
1663352,IT,DK,SUPPO,MOTO1,0.01,1487.08,3,3,1487.08,0.0,0.0,0.0,0.0,148708.0
1808066,IT,WF,TEXT1,MEAT4,0.01,1487.057,3,3,1487.057,0.0,0.0,0.0,0.0,148705.7
1647506,IT,BE,SUPPO,PFERT,0.01,1486.897,3,3,1486.897,0.0,0.0,0.0,0.0,148689.7
1724575,IT,PT,FINAN,RAWMI,0.02,1486.849,3,3,1486.849,0.0,0.0,0.0,0.0,74342.45
1654778,IT,CZ,SUPPO,STONE,0.01,1486.822,3,3,1486.822,0.0,0.0,0.0,0.0,148682.2
1681357,IT,GR,INSUR,RENTI,0.03,1486.685,3,3,1486.685,0.0,0.0,0.0,0.0,49556.166667
1770793,IT,AU,COMPU,MOTO1,0.02,1486.412,3,3,1486.412,0.0,0.0,0.0,0.0,74320.6
1681360,IT,GR,INSUR,BUSIN,0.03,1486.393,3,3,1486.393,0.0,0.0,0.0,0.0,49546.433333
1724199,IT,PT,HOTEL,RETAI,0.01,1486.343,3,3,1486.343,0.0,0.0,0.0,0.0,148634.3
1643703,IT,AT,SUPPO,PFERT,0.01,1486.258,3,3,1486.258,0.0,0.0,0.0,0.0,148625.8
1763154,IT,MX,LEATH,PAPER,0.01,1485.997,3,3,1485.997,0.0,0.0,0.0,0.0,148599.7
1740487,IT,GB,PLAS2,PLAS2,0.01,1485.988,3,3,1485.988,0.0,0.0,0.0,0.0,148598.8
1654963,IT,CZ,INSUR,DIST1,0.03,1485.642,3,3,1485.642,0.0,0.0,0.0,0.0,49521.4
1689789,IT,IE,INSUR,WEARI,0.03,1485.619,3,3,1485.619,0.0,0.0,0.0,0.0,49520.633333
1775244,IT,CH,BUSIN,FISHF,0.02,1485.564,3,3,1485.564,0.0,0.0,0.0,0.0,74278.2
1797559,IT,WL,PUBLI,HEAVY,0.02,1485.442,3,3,1485.442,0.0,0.0,0.0,0.0,74272.1
1802553,IT,WE,FINAN,PAPER,0.02,1485.378,3,3,1485.378,0.0,0.0,0.0,0.0,74268.9
1753879,IT,CA,RETA1,LANDT,0.02,1485.343,3,3,1485.343,0.0,0.0,0.0,0.0,74267.15
1776074,IT,TR,WEARI,STONE,0.01,1485.327,3,3,1485.327,0.0,0.0,0.0,0.0,148532.7
1669197,IT,ES,POSTT,BLAST,0.02,1485.306,3,3,1485.306,0.0,0.0,0.0,0.0,74265.3
1687372,IT,HU,HOTEL,NAPHT,0.01,1485.217,3,3,1485.217,0.0,0.0,0.0,0.0,148521.7
1768098,IT,RU,BUSIN,SEACO,0.02,1485.165,3,3,1485.165,0.0,0.0,0.0,0.0,74258.25
1770791,IT,AU,COMPU,RADIO,0.02,1485.137,3,3,1485.137,0.0,0.0,0.0,0.0,74256.85
1768083,IT,RU,BUSIN,ELEC6,0.02,1485.129,3,3,1485.129,0.0,0.0,0.0,0.0,74256.45
1690518,IT,IE,TEXT2,CHEM1,0.01,1485.055,3,3,1485.055,0.0,0.0,0.0,0.0,148505.5
1786611,IT,ZA,SALEM,BUSIN,0.01,1485.031,3,3,1485.031,0.0,0.0,0.0,0.0,148503.1
1784791,IT,ID,HOTEL,CHARC,0.01,1484.949,3,3,1484.949,0.0,0.0,0.0,0.0,148494.9
1688286,IT,IE,FORES,FOOD5,0.01,1484.946,4,4,1483.946,0.0,1.0,0.0,0.0,148494.6
1721965,IT,PL,COMPU,LIQUE,0.02,1484.8,3,3,1484.8,0.0,0.0,0.0,0.0,74240.0
1676519,IT,FR,RETA1,TEXT2,0.02,1484.269,3,3,1484.269,0.0,0.0,0.0,0.0,74213.45
1733574,IT,SI,RETA1,HOTEL,0.02,1484.129,3,3,1484.129,0.0,0.0,0.0,0.0,74206.45
1783456,IT,NO,TEXT1,HEALT,0.01,1484.068,3,3,1484.068,0.0,0.0,0.0,0.0,148406.8
1764605,IT,MX,WHOLE,AUXIL,0.01,1483.874,3,3,1483.874,0.0,0.0,0.0,0.0,148387.4
1680648,IT,GR,WHOLE,FORES,0.01,1483.712,3,3,1483.712,0.0,0.0,0.0,0.0,148371.2
1689709,IT,IE,FINAN,FISHF,0.02,1483.397,3,3,1483.397,0.0,0.0,0.0,0.0,74169.85
1809690,IT,WM,PROCE,PLAST,0.01,1483.277,3,3,1483.277,0.0,0.0,0.0,0.0,148327.7
1739775,IT,GB,POSTT,GLASS,0.02,1483.149,3,3,1483.149,0.0,0.0,0.0,0.0,74157.45
1736968,IT,GB,CROPS,MEAT4,0.01,1483.11,3,3,1483.11,0.0,0.0,0.0,0.0,148311.0
1770691,IT,AU,INSUR,SALEM,0.03,1483.085,3,3,1483.085,0.0,0.0,0.0,0.0,49436.166667
1716736,IT,NL,RETA1,MEATP,0.02,1483.053,3,3,1483.053,0.0,0.0,0.0,0.0,74152.65
1761989,IT,IN,SALEM,SALEM,0.01,1482.875,3,3,1482.875,0.0,0.0,0.0,0.0,148287.5
1734156,IT,SI,REALE,CATTL,0.06,1482.868,3,3,1482.868,0.0,0.0,0.0,0.0,24714.466667
1651937,IT,CY,BUSIN,PLAST,0.02,1482.816,3,3,1482.816,0.0,0.0,0.0,0.0,74140.8
1784945,IT,ID,INSUR,VEGE1,0.03,1482.71,3,3,1482.71,0.0,0.0,0.0,0.0,49423.666667
1654443,IT,CZ,RETA1,TEXTI,0.02,1482.601,3,3,1482.601,0.0,0.0,0.0,0.0,74130.05
1744094,IT,US,SUPPO,LEATH,0.01,1482.43,3,3,1482.43,0.0,0.0,0.0,0.0,148243.0
1727963,IT,SE,CROPS,CONST,0.01,1482.363,3,3,1482.363,0.0,0.0,0.0,0.0,148236.3
1807705,IT,WF,BUSIN,MEDIC,0.02,1482.343,3,3,1482.343,0.0,0.0,0.0,0.0,74117.15
1747893,IT,JP,COMPU,MOTOR,0.02,1482.33,3,3,1482.33,0.0,0.0,0.0,0.0,74116.5
1744502,IT,US,REALE,TEXTI,0.06,1482.269,3,3,1482.269,0.0,0.0,0.0,0.0,24704.483333
1654445,IT,CZ,RETA1,LEATH,0.02,1482.232,3,3,1482.232,0.0,0.0,0.0,0.0,74111.6
1784747,IT,ID,WHOLE,EDUCA,0.01,1482.018,3,3,1482.018,0.0,0.0,0.0,0.0,148201.8
1783173,IT,NO,COMPU,FABRI,0.02,1481.936,3,3,1481.936,0.0,0.0,0.0,0.0,74096.8
1651239,IT,BG,FOOD4,INSUR,0.01,1481.816,3,3,1481.816,0.0,0.0,0.0,0.0,148181.6
1688059,IT,HU,COMPU,FURNI,0.02,1481.573,3,3,1481.573,0.0,0.0,0.0,0.0,74078.65
1793090,IT,WA,TEXT2,RETA1,0.01,1481.494,3,3,1481.494,0.0,0.0,0.0,0.0,148149.4
1797636,IT,WL,PAPE1,NATUR,0.01,1481.428,3,3,1481.428,0.0,0.0,0.0,0.0,148142.8
1802697,IT,WE,COMPU,FABRI,0.02,1481.277,3,3,1481.277,0.0,0.0,0.0,0.0,74063.85
1792341,IT,WA,FINAN,NONME,0.02,1481.189,3,3,1481.189,0.0,0.0,0.0,0.0,74059.45
1804206,IT,WF,PRINT,PREC1,0.01,1481.052,3,3,1481.052,0.0,0.0,0.0,0.0,148105.2
1751068,IT,CN,RETA1,CEREA,0.02,1480.942,3,3,1480.942,0.0,0.0,0.0,0.0,74047.1
1808057,IT,WF,TEXT1,VEGET,0.01,1480.801,3,3,1480.801,0.0,0.0,0.0,0.0,148080.1
1792315,IT,WA,FINAN,BITUM,0.02,1480.605,3,3,1480.605,0.0,0.0,0.0,0.0,74030.25
1803204,IT,WF,CROPS,PREC1,0.01,1480.569,3,3,1480.569,0.0,0.0,0.0,0.0,148056.9
1652795,IT,CZ,PRINT,PIGS9,0.01,1480.552,3,3,1480.552,0.0,0.0,0.0,0.0,148055.2
1724745,IT,PT,REALE,RETA1,0.06,1480.486,3,3,1480.486,0.0,0.0,0.0,0.0,24674.766667
1717185,IT,NL,SUPPO,PIGS9,0.01,1480.481,3,3,1480.481,0.0,0.0,0.0,0.0,148048.1
1668176,IT,ES,SALEM,POSTT,0.01,1480.3,3,3,1480.3,0.0,0.0,0.0,0.0,148030.0
1779095,IT,TR,SUPPO,FOUND,0.01,1480.228,3,3,1480.228,0.0,0.0,0.0,0.0,148022.8
1659517,IT,DE,RETA1,BLAST,0.02,1480.041,3,3,1480.041,0.0,0.0,0.0,0.0,74002.05
1717378,IT,NL,FINAN,SEWAG,0.02,1479.9,3,3,1479.9,0.0,0.0,0.0,0.0,73995.0
1712836,IT,LV,AUXIL,PULP5,0.03,1479.843,3,3,1479.843,0.0,0.0,0.0,0.0,49328.1
1760778,IT,IN,PRINT,ELEC5,0.01,1479.825,3,3,1479.825,0.0,0.0,0.0,0.0,147982.5
1646891,IT,BE,WHOLE,KERO1,0.01,1479.819,3,3,1479.819,0.0,0.0,0.0,0.0,147981.9
1814815,IT,WM,TEXT2,FOOD5,0.01,1479.667,3,3,1479.667,0.0,0.0,0.0,0.0,147966.7
1783913,IT,ID,CROPS,RAWMI,0.01,1479.523,3,3,1479.523,0.0,0.0,0.0,0.0,147952.3
1807801,IT,WF,FOODW,PRINT,0.01,1479.522,3,3,1479.522,0.0,0.0,0.0,0.0,147952.2
1672271,IT,FI,REALE,93197,0.06,1479.517,3,3,1479.517,0.0,0.0,0.0,0.0,24658.616667
1733921,IT,SI,SUPPO,RAWMI,0.01,1479.476,3,3,1479.476,0.0,0.0,0.0,0.0,147947.6
1793279,IT,WA,PRIVA,BIOGA,0.33,1479.441,3,3,1479.441,0.0,0.0,0.0,0.0,4483.154545
1648010,IT,BE,COMPU,COKEO,0.02,1479.315,3,3,1479.315,0.0,0.0,0.0,0.0,73965.75
1722049,IT,PL,BUSIN,CATTL,0.02,1479.181,3,3,1479.181,0.0,0.0,0.0,0.0,73959.05
1650655,IT,BG,WHOLE,BRICK,0.01,1479.029,3,3,1479.029,0.0,0.0,0.0,0.0,147902.9
1678506,IT,GR,PADDY,FABRI,0.02,1478.907,3,3,1478.907,0.0,0.0,0.0,0.0,73945.35
1778349,IT,TR,RETAI,LEATH,0.01,1478.9,3,3,1478.9,0.0,0.0,0.0,0.0,147890.0
1791555,IT,WA,RETA1,MEDIC,0.02,1478.47,3,3,1478.47,0.0,0.0,0.0,0.0,73923.5
1659475,IT,DE,RETA1,BEVER,0.02,1478.207,3,3,1478.207,0.0,0.0,0.0,0.0,73910.35
1681257,IT,GR,FINAN,FURNI,0.02,1478.045,3,3,1478.045,0.0,0.0,0.0,0.0,73902.25
1672484,IT,FI,INERT,DIST1,0.01,1477.944,3,3,1477.944,0.0,0.0,0.0,0.0,147794.4
1801845,IT,WE,ELEC8,RUBBE,0.02,1477.939,3,3,1477.939,0.0,0.0,0.0,0.0,73896.95
1663389,IT,DK,POSTT,RETA1,0.02,1477.79,3,3,1477.79,0.0,0.0,0.0,0.0,73889.5
1760220,IT,BR,INERT,ELEC4,0.01,1477.629,3,3,1477.629,0.0,0.0,0.0,0.0,147762.9
1689810,IT,IE,INSUR,BASIC,0.03,1477.542,3,3,1477.542,0.0,0.0,0.0,0.0,49251.4
1669130,IT,ES,POSTT,MEAT1,0.02,1477.496,3,3,1477.496,0.0,0.0,0.0,0.0,73874.8
1726843,IT,RO,WHOLE,WOOD2,0.01,1477.454,3,3,1477.454,0.0,0.0,0.0,0.0,147745.4
1793089,IT,WA,TEXT2,SALEM,0.01,1477.438,3,3,1477.438,0.0,0.0,0.0,0.0,147743.8
1814331,IT,WM,FINAN,NONME,0.02,1477.4,3,3,1477.4,0.0,0.0,0.0,0.0,73870.0
1783187,IT,NO,COMPU,POSTT,0.02,1477.318,3,3,1477.318,0.0,0.0,0.0,0.0,73865.9
1782698,IT,NO,WHOLE,PAPE4,0.01,1477.211,3,3,1477.211,0.0,0.0,0.0,0.0,147721.1
1744199,IT,US,POSTT,PROCE,0.02,1477.055,3,3,1477.055,0.0,0.0,0.0,0.0,73852.75
1781611,IT,NO,WEARI,POSTT,0.01,1476.911,3,3,1476.911,0.0,0.0,0.0,0.0,147691.1
1802874,IT,WE,INERT,INSUR,0.01,1476.874,3,3,1476.874,0.0,0.0,0.0,0.0,147687.4
1688600,IT,IE,PRINT,RECRE,0.01,1476.809,3,3,1476.809,0.0,0.0,0.0,0.0,147680.9
1787184,IT,ZA,PUBLI,RENTI,0.02,1476.725,3,3,1476.725,0.0,0.0,0.0,0.0,73836.25
1661106,IT,DE,EDUCA,POSTT,0.04,1476.587,3,3,1476.587,0.0,0.0,0.0,0.0,36914.675
1813470,IT,WM,SALEM,PRINT,0.01,1476.212,3,3,1476.212,0.0,0.0,0.0,0.0,147621.2
1716698,IT,NL,WHOLE,BLAST,0.01,1476.07,3,3,1476.07,0.0,0.0,0.0,0.0,147607.0
1782691,IT,NO,WHOLE,RENTI,0.01,1476.052,3,3,1476.052,0.0,0.0,0.0,0.0,147605.2
1730742,IT,SE,BUSIN,IRONO,0.02,1475.581,3,3,1475.581,0.0,0.0,0.0,0.0,73779.05
1806829,IT,WF,RETA1,MEDIC,0.02,1475.461,3,3,1475.461,0.0,0.0,0.0,0.0,73773.05
1650464,IT,BG,ELEC5,KEROS,0.02,1475.336,3,3,1475.336,0.0,0.0,0.0,0.0,73766.8
1688224,IT,IE,PADDY,FORES,0.02,1475.32,3,3,1475.32,0.0,0.0,0.0,0.0,73766.0
1810121,IT,WM,WEARI,CATTL,0.01,1475.315,3,3,1475.315,0.0,0.0,0.0,0.0,147531.5
1768116,IT,RU,BUSIN,WASTE,0.02,1475.099,3,3,1475.099,0.0,0.0,0.0,0.0,73754.95
1781084,IT,TW,PUBLI,FOUND,0.02,1474.823,3,3,1474.823,0.0,0.0,0.0,0.0,73741.15
1754589,IT,KR,CROPS,NONSP,0.01,1474.746,3,3,1474.746,0.0,0.0,0.0,0.0,147474.6
1673414,IT,FR,WEARI,REFI1,0.01,1474.694,3,3,1474.694,0.0,0.0,0.0,0.0,147469.4
1801769,IT,WE,ELEC4,FORES,0.02,1474.597,3,3,1474.597,0.0,0.0,0.0,0.0,73729.85
1785032,IT,ID,BUSIN,MEDIC,0.02,1474.559,3,3,1474.559,0.0,0.0,0.0,0.0,73727.95
1758706,IT,BR,RETAI,GASDI,0.01,1474.461,3,3,1474.461,0.0,0.0,0.0,0.0,147446.1
1709653,IT,LT,PRINT,REALE,0.01,1474.37,3,3,1474.37,0.0,0.0,0.0,0.0,147437.0
1814197,IT,WM,SUPPO,OFFIC,0.01,1474.304,3,3,1474.304,0.0,0.0,0.0,0.0,147430.4
1654859,IT,CZ,POSTT,FURNI,0.02,1474.099,3,3,1474.099,0.0,0.0,0.0,0.0,73704.95
1762845,IT,IN,PUBLI,RETAI,0.02,1473.758,3,3,1473.758,0.0,0.0,0.0,0.0,73687.9
1743427,IT,US,RETAI,FOOD5,0.01,1473.704,3,3,1473.704,0.0,0.0,0.0,0.0,147370.4
1660392,IT,DE,FINAN,ELEC4,0.02,1473.67,3,3,1473.67,0.0,0.0,0.0,0.0,73683.5
1660577,IT,DE,REALE,RAWMI,0.06,1473.588,3,3,1473.588,0.0,0.0,0.0,0.0,24559.8
1678414,IT,FR,INERT,DISTR,0.01,1473.584,3,3,1473.584,0.0,0.0,0.0,0.0,147358.4
1780700,IT,TW,REALE,COKEO,0.06,1473.436,3,3,1473.436,0.0,0.0,0.0,0.0,24557.266667
1808717,IT,WF,TEXT2,VEGE1,0.01,1473.41,3,3,1473.41,0.0,0.0,0.0,0.0,147341.0
1770098,IT,AU,WHOLE,PREC1,0.01,1473.391,3,3,1473.391,0.0,0.0,0.0,0.0,147339.1
1652552,IT,CZ,LEATH,VEGET,0.01,1473.25,3,3,1473.25,0.0,0.0,0.0,0.0,147325.0
1720908,IT,PL,SALEM,CONST,0.01,1472.896,3,3,1472.896,0.0,0.0,0.0,0.0,147289.6
1716637,IT,NL,RETAI,BEVER,0.01,1472.895,3,3,1472.895,0.0,0.0,0.0,0.0,147289.5
1718891,IT,PL,PRINT,VEGE1,0.01,1472.87,3,3,1472.87,0.0,0.0,0.0,0.0,147287.0
1780480,IT,TW,POSTT,REFIN,0.02,1472.625,3,3,1472.625,0.0,0.0,0.0,0.0,73631.25
1784942,IT,ID,INSUR,NATUR,0.03,1472.523,3,3,1472.523,0.0,0.0,0.0,0.0,49084.1
1787167,IT,ZA,PUBLI,ELEC1,0.02,1472.268,3,3,1472.268,0.0,0.0,0.0,0.0,73613.4
1752174,IT,CN,PUBLI,LEATH,0.02,1472.242,3,3,1472.242,0.0,0.0,0.0,0.0,73612.1
1768828,IT,AU,LEATH,ALUM1,0.01,1472.107,3,3,1472.107,0.0,0.0,0.0,0.0,147210.7
1759321,IT,BR,POSTT,WOOD2,0.02,1472.097,3,3,1472.097,0.0,0.0,0.0,0.0,73604.85
1717781,IT,NL,FOODW,COPP1,0.01,1472.013,3,3,1472.013,0.0,0.0,0.0,0.0,147201.3
1689969,IT,IE,REALE,GASDI,0.06,1472.006,3,3,1472.006,0.0,0.0,0.0,0.0,24533.433333
1770809,IT,AU,COMPU,SUPPO,0.02,1471.979,3,3,1471.979,0.0,0.0,0.0,0.0,73598.95
1721034,IT,PL,HOTEL,NAPHT,0.01,1471.919,3,3,1471.919,0.0,0.0,0.0,0.0,147191.9
1808474,IT,WF,FOOD4,FOUND,0.01,1471.88,3,3,1471.88,0.0,0.0,0.0,0.0,147188.0
1726802,IT,RO,WHOLE,VEGE1,0.01,1471.81,3,3,1471.81,0.0,0.0,0.0,0.0,147181.0
1770089,IT,AU,WHOLE,KEROS,0.01,1471.696,3,3,1471.696,0.0,0.0,0.0,0.0,147169.6
1640790,IT,AT,WEARI,FORES,0.01,1471.677,3,3,1471.677,0.0,0.0,0.0,0.0,147167.7
1775374,IT,CH,PUBLI,GASDI,0.02,1471.482,3,3,1471.482,0.0,0.0,0.0,0.0,73574.1
1650698,IT,BG,RETA1,MEMBE,0.02,1471.437,3,3,1471.437,0.0,0.0,0.0,0.0,73571.85
1793400,IT,WL,CROPS,MEAT1,0.01,1471.236,3,3,1471.236,0.0,0.0,0.0,0.0,147123.6
1767149,IT,RU,SALEM,BUSIN,0.01,1471.211,3,3,1471.211,0.0,0.0,0.0,0.0,147121.1
1663545,IT,DK,COMPU,DISTR,0.02,1471.143,3,3,1471.143,0.0,0.0,0.0,0.0,73557.15
1677049,IT,FR,SUPPO,LUBRI,0.01,1471.086,3,3,1471.086,0.0,0.0,0.0,0.0,147108.6
1762090,IT,IN,RETA1,RAILW,0.02,1470.951,3,3,1470.951,0.0,0.0,0.0,0.0,73547.55
1767154,IT,RU,WHOLE,ANIMA,0.01,1470.933,3,3,1470.933,0.0,0.0,0.0,0.0,147093.3
1685357,IT,HU,LEATH,VEGE1,0.01,1470.865,3,3,1470.865,0.0,0.0,0.0,0.0,147086.5
1797037,IT,WL,SUPPO,PAPER,0.01,1470.615,3,3,1470.615,0.0,0.0,0.0,0.0,147061.5
1730037,IT,SE,WHOLE,NONME,0.01,1470.598,3,3,1470.598,0.0,0.0,0.0,0.0,147059.8
1786659,IT,ZA,WHOLE,BASIC,0.01,1470.369,3,3,1470.369,0.0,0.0,0.0,0.0,147036.9
1783471,IT,NO,WOOD1,GLASS,0.01,1470.318,3,3,1470.318,0.0,0.0,0.0,0.0,147031.8
1782753,IT,NO,HOTEL,CEREA,0.01,1470.2,3,3,1470.2,0.0,0.0,0.0,0.0,147020.0
1649188,IT,BG,PRINT,SEACO,0.01,1470.066,3,3,1470.066,0.0,0.0,0.0,0.0,147006.6
1672611,IT,FR,FORES,RECRE,0.01,1469.759,4,4,1468.759,0.0,1.0,0.0,0.0,146975.9
1648935,IT,BG,WEARI,OFFIC,0.01,1469.747,3,3,1469.747,0.0,0.0,0.0,0.0,146974.7
1774033,IT,CH,RETAI,ELEC8,0.01,1469.695,3,3,1469.695,0.0,0.0,0.0,0.0,146969.5
1767655,IT,RU,POSTT,TRANS,0.02,1469.653,3,3,1469.653,0.0,0.0,0.0,0.0,73482.65
1711772,IT,LU,PUBLI,TOBAC,0.02,1469.588,3,3,1469.588,0.0,0.0,0.0,0.0,73479.4
1765731,IT,RU,PRINT,CRUDE,0.01,1469.558,3,3,1469.558,0.0,0.0,0.0,0.0,146955.8
1684312,IT,HR,SUPPO,MEAT1,0.01,1469.463,3,3,1469.463,0.0,0.0,0.0,0.0,146946.3
1762378,IT,IN,POSTT,COKEO,0.02,1469.136,3,3,1469.136,0.0,0.0,0.0,0.0,73456.8
1767613,IT,RU,SUPPO,ELEC4,0.01,1469.058,3,3,1469.058,0.0,0.0,0.0,0.0,146905.8
1680638,IT,GR,RETAI,ALUM1,0.01,1469.058,3,3,1469.058,0.0,0.0,0.0,0.0,146905.8
1672498,IT,FI,MEMBE,HEALT,0.02,1469.042,3,3,1469.042,0.0,0.0,0.0,0.0,73452.1
1689645,IT,IE,POSTT,RAWMI,0.02,1468.982,3,3,1468.982,0.0,0.0,0.0,0.0,73449.1
1643672,IT,AT,SUPPO,CRUDE,0.01,1468.96,3,3,1468.96,0.0,0.0,0.0,0.0,146896.0
1756513,IT,KR,WHOLE,PULP5,0.01,1468.954,3,3,1468.954,0.0,0.0,0.0,0.0,146895.4
1773901,IT,CH,ELEC8,REALE,0.02,1468.75,3,3,1468.75,0.0,0.0,0.0,0.0,73437.5
1687846,IT,HU,FINAN,RENTI,0.02,1468.582,3,3,1468.582,0.0,0.0,0.0,0.0,73429.1
1733997,IT,SI,POSTT,RUBBE,0.02,1468.469,3,3,1468.469,0.0,0.0,0.0,0.0,73423.45
1660832,IT,DE,COMPU,ELEC2,0.02,1468.437,3,3,1468.437,0.0,0.0,0.0,0.0,73421.85
1643152,IT,AT,RETA1,RETAI,0.02,1468.292,3,3,1468.292,0.0,0.0,0.0,0.0,73414.6
1650490,IT,BG,ELEC5,BUSIN,0.02,1468.245,3,3,1468.245,0.0,0.0,0.0,0.0,73412.25
1802602,IT,WE,AUXIL,VEGET,0.03,1468.192,3,3,1468.192,0.0,0.0,0.0,0.0,48939.733333
1672175,IT,FI,AUXIL,BEVER,0.03,1468.077,3,3,1468.077,0.0,0.0,0.0,0.0,48935.9
1721014,IT,PL,HOTEL,MEAT4,0.01,1467.998,3,3,1467.998,0.0,0.0,0.0,0.0,146799.8
1652494,IT,CZ,WEARI,NONF1,0.01,1467.841,3,3,1467.841,0.0,0.0,0.0,0.0,146784.1
1718579,IT,PL,LEATH,VEGET,0.01,1467.725,3,3,1467.725,0.0,0.0,0.0,0.0,146772.5
1740165,IT,GB,COMPU,INERT,0.02,1467.534,3,3,1467.534,0.0,0.0,0.0,0.0,73376.7
1760213,IT,BR,INERT,WOODW,0.01,1467.531,3,3,1467.531,0.0,0.0,0.0,0.0,146753.1
1717738,IT,NL,BUSIN,PLAS2,0.02,1467.521,3,3,1467.521,0.0,0.0,0.0,0.0,73376.05
1689355,IT,IE,RETA1,ELEC1,0.02,1467.503,3,3,1467.503,0.0,0.0,0.0,0.0,73375.15
1765209,IT,MX,BUSIN,WASTE,0.02,1467.492,3,3,1467.492,0.0,0.0,0.0,0.0,73374.6
1734377,IT,SI,RECRE,EDUCA,0.02,1467.486,3,3,1467.486,0.0,0.0,0.0,0.0,73374.3
1782833,IT,NO,HOTEL,93197,0.01,1467.455,3,3,1467.455,0.0,0.0,0.0,0.0,146745.5
1762622,IT,IN,REALE,CONST,0.06,1467.403,3,3,1467.403,0.0,0.0,0.0,0.0,24456.716667
1770735,IT,AU,AUXIL,SUPPO,0.03,1467.33,3,3,1467.33,0.0,0.0,0.0,0.0,48911.0
1783835,IT,NO,INERT,TEXT2,0.01,1467.205,3,3,1467.205,0.0,0.0,0.0,0.0,146720.5
1793079,IT,WA,INERT,MEATC,0.01,1467.194,3,3,1467.194,0.0,0.0,0.0,0.0,146719.4
1715113,IT,NL,WEARI,SEWAG,0.01,1467.069,3,3,1467.069,0.0,0.0,0.0,0.0,146706.9
1668133,IT,ES,SALEM,PIGS9,0.01,1466.983,3,3,1466.983,0.0,0.0,0.0,0.0,146698.3
1764644,IT,MX,RETA1,COPP1,0.02,1466.894,3,3,1466.894,0.0,0.0,0.0,0.0,73344.7
1689160,IT,IE,SALEM,COMPU,0.01,1466.693,3,3,1466.693,0.0,0.0,0.0,0.0,146669.3
1767584,IT,RU,SUPPO,MEATP,0.01,1466.408,3,3,1466.408,0.0,0.0,0.0,0.0,146640.8
1652565,IT,CZ,LEATH,PFERT,0.01,1466.377,3,3,1466.377,0.0,0.0,0.0,0.0,146637.7
1778655,IT,TR,HOTEL,ELEC1,0.01,1466.281,3,3,1466.281,0.0,0.0,0.0,0.0,146628.1
1788259,IT,WA,LEATH,COALT,0.01,1466.077,3,3,1466.077,0.0,0.0,0.0,0.0,146607.7
1724471,IT,PT,SUPPO,MOTO1,0.01,1466.062,3,3,1466.062,0.0,0.0,0.0,0.0,146606.2
1677136,IT,FR,POSTT,PIGS9,0.02,1465.969,3,3,1465.969,0.0,0.0,0.0,0.0,73298.45
1726778,IT,RO,RETAI,PRINT,0.01,1465.917,3,3,1465.917,0.0,0.0,0.0,0.0,146591.7
1669496,IT,ES,AUXIL,FURNI,0.03,1465.875,3,3,1465.875,0.0,0.0,0.0,0.0,48862.5
1716628,IT,NL,SALEM,INTER,0.01,1465.854,3,3,1465.854,0.0,0.0,0.0,0.0,146585.4
1754297,IT,CA,INSUR,VEGET,0.03,1465.822,3,3,1465.822,0.0,0.0,0.0,0.0,48860.733333
1640864,IT,AT,LEATH,PAPER,0.01,1465.792,3,3,1465.792,0.0,0.0,0.0,0.0,146579.2
1747921,IT,JP,COMPU,AIRTR,0.02,1465.671,3,3,1465.671,0.0,0.0,0.0,0.0,73283.55
1747754,IT,JP,INSUR,HEALT,0.03,1465.508,3,3,1465.508,0.0,0.0,0.0,0.0,48850.266667
1751098,IT,CN,RETA1,HEAVY,0.02,1465.409,3,3,1465.409,0.0,0.0,0.0,0.0,73270.45
1680436,IT,GR,ELEC4,CHEM1,0.02,1465.364,3,3,1465.364,0.0,0.0,0.0,0.0,73268.2
1802911,IT,WE,PRIVA,CRUDE,0.33,1465.355,3,3,1465.355,0.0,0.0,0.0,0.0,4440.469697
1744389,IT,US,INSUR,POSTT,0.03,1465.29,3,3,1465.29,0.0,0.0,0.0,0.0,48843.0
1668480,IT,ES,HOTEL,CRUDE,0.01,1465.244,3,3,1465.244,0.0,0.0,0.0,0.0,146524.4
1807860,IT,WF,PAPE1,GASDI,0.01,1465.128,3,3,1465.128,0.0,0.0,0.0,0.0,146512.8
1762552,IT,IN,INSUR,RECRE,0.03,1464.967,3,3,1464.967,0.0,0.0,0.0,0.0,48832.233333
1722664,IT,PT,WEARI,DIST1,0.01,1464.781,3,3,1464.781,0.0,0.0,0.0,0.0,146478.1
1768205,IT,RU,PUBLI,PLAS2,0.02,1464.71,3,3,1464.71,0.0,0.0,0.0,0.0,73235.5
1788632,IT,WA,PRINT,CHARC,0.01,1464.553,3,3,1464.553,0.0,0.0,0.0,0.0,146455.3
1759415,IT,BR,INSUR,FABRI,0.03,1464.528,3,3,1464.528,0.0,0.0,0.0,0.0,48817.6
1798025,IT,WL,INERT,BUSIN,0.01,1464.458,3,3,1464.458,0.0,0.0,0.0,0.0,146445.8
1783925,IT,ID,FORES,RAWMI,0.01,1464.364,4,4,1463.364,0.0,1.0,0.0,0.0,146436.4
1787017,IT,ZA,INSUR,TRAN1,0.03,1464.226,3,3,1464.226,0.0,0.0,0.0,0.0,48807.533333
1714002,IT,MT,RETA1,OFFIC,0.02,1464.181,3,3,1464.181,0.0,0.0,0.0,0.0,73209.05
1655234,IT,CZ,SEWAG,PAPE4,0.01,1464.104,3,3,1464.104,0.0,0.0,0.0,0.0,146410.4
1724005,IT,PT,RETAI,FISH5,0.01,1464.05,3,3,1464.05,0.0,0.0,0.0,0.0,146405.0
1813724,IT,WM,HOTEL,DAIRY,0.01,1463.843,3,3,1463.843,0.0,0.0,0.0,0.0,146384.3
1770669,IT,AU,INSUR,CRUDE,0.03,1463.78,3,3,1463.78,0.0,0.0,0.0,0.0,48792.666667
1794210,IT,WL,PRINT,ELEC3,0.01,1463.709,3,3,1463.709,0.0,0.0,0.0,0.0,146370.9
1647594,IT,BE,POSTT,GLASS,0.02,1463.523,3,3,1463.523,0.0,0.0,0.0,0.0,73176.15
1671879,IT,FI,HOTEL,DIST1,0.01,1463.467,3,3,1463.467,0.0,0.0,0.0,0.0,146346.7
1787314,IT,WA,CROPS,VEGE1,0.01,1463.443,3,3,1463.443,0.0,0.0,0.0,0.0,146344.3
1655173,IT,CZ,BUSIN,BIOG1,0.02,1463.363,3,3,1463.363,0.0,0.0,0.0,0.0,73168.15
1814816,IT,WM,TEXT2,BASIC,0.01,1463.34,3,3,1463.34,0.0,0.0,0.0,0.0,146334.0
1668231,IT,ES,RETAI,LANDT,0.01,1463.143,3,3,1463.143,0.0,0.0,0.0,0.0,146314.3
1765732,IT,RU,PRINT,FOOD5,0.01,1463.07,3,3,1463.07,0.0,0.0,0.0,0.0,146307.0
1767598,IT,RU,SUPPO,CEMEN,0.01,1463.062,3,3,1463.062,0.0,0.0,0.0,0.0,146306.2
1734039,IT,SI,FINAN,ELEC1,0.02,1462.911,3,3,1462.911,0.0,0.0,0.0,0.0,73145.55
1762551,IT,IN,INSUR,MEMBE,0.03,1462.876,3,3,1462.876,0.0,0.0,0.0,0.0,48762.533333
1722231,IT,PL,EDUCA,REALE,0.04,1462.868,3,3,1462.868,0.0,0.0,0.0,0.0,36571.7
1677235,IT,FR,POSTT,WOOD2,0.02,1462.833,3,3,1462.833,0.0,0.0,0.0,0.0,73141.65
1808719,IT,WF,TEXT2,TEXTI,0.01,1462.757,3,3,1462.757,0.0,0.0,0.0,0.0,146275.7
1644868,IT,BE,WEARI,COMPU,0.01,1462.725,3,3,1462.725,0.0,0.0,0.0,0.0,146272.5
1793077,IT,WA,INERT,STONE,0.01,1462.689,3,3,1462.689,0.0,0.0,0.0,0.0,146268.9
1787157,IT,ZA,PUBLI,BASIC,0.02,1462.492,3,3,1462.492,0.0,0.0,0.0,0.0,73124.6
1802837,IT,WE,FOODW,HOTEL,0.01,1462.342,3,3,1462.342,0.0,0.0,0.0,0.0,146234.2
1713946,IT,MT,SALEM,FISHF,0.01,1462.291,3,3,1462.291,0.0,0.0,0.0,0.0,146229.1
1793117,IT,WA,RECRE,SANDC,0.02,1462.007,3,3,1462.007,0.0,0.0,0.0,0.0,73100.35
1718540,IT,PL,WEARI,PULP5,0.01,1461.5,3,3,1461.5,0.0,0.0,0.0,0.0,146150.0
1684323,IT,HR,SUPPO,PLAST,0.01,1461.363,3,3,1461.363,0.0,0.0,0.0,0.0,146136.3
1783459,IT,NO,TEXT1,PLAS1,0.01,1461.309,3,3,1461.309,0.0,0.0,0.0,0.0,146130.9
1744291,IT,US,POSTT,PLAS2,0.02,1461.259,3,3,1461.259,0.0,0.0,0.0,0.0,73062.95
1652564,IT,CZ,LEATH,NUCLE,0.01,1461.189,3,3,1461.189,0.0,0.0,0.0,0.0,146118.9
1770150,IT,AU,RETA1,PAPER,0.02,1461.035,3,3,1461.035,0.0,0.0,0.0,0.0,73051.75
1651237,IT,BG,FOOD4,COLLE,0.01,1460.842,3,3,1460.842,0.0,0.0,0.0,0.0,146084.2
1711962,IT,LU,RECRE,BUSIN,0.02,1460.839,3,3,1460.839,0.0,0.0,0.0,0.0,73041.95
1683940,IT,HR,SALEM,CONST,0.01,1460.347,3,3,1460.347,0.0,0.0,0.0,0.0,146034.7
1806669,IT,WF,WHOLE,PLANT,0.01,1460.297,3,3,1460.297,0.0,0.0,0.0,0.0,146029.7
1663882,IT,EE,WEARI,WHOLE,0.01,1460.275,3,3,1460.275,0.0,0.0,0.0,0.0,146027.5
1737457,IT,GB,LEATH,BRICK,0.01,1460.126,3,3,1460.126,0.0,0.0,0.0,0.0,146012.6
1727891,IT,RO,FOOD4,POSTT,0.01,1460.107,3,3,1460.107,0.0,0.0,0.0,0.0,146010.7
1718933,IT,PL,PRINT,MEDIC,0.01,1460.003,3,3,1460.003,0.0,0.0,0.0,0.0,146000.3
1747293,IT,JP,WHOLE,OFFIC,0.01,1459.897,3,3,1459.897,0.0,0.0,0.0,0.0,145989.7
1762796,IT,IN,PUBLI,RAWMI,0.02,1459.764,3,3,1459.764,0.0,0.0,0.0,0.0,72988.2
1748883,IT,CN,WEARI,PULP5,0.01,1459.392,3,3,1459.392,0.0,0.0,0.0,0.0,145939.2
1669859,IT,ES,PUBLI,VEGET,0.02,1459.22,3,3,1459.22,0.0,0.0,0.0,0.0,72961.0
1743525,IT,US,RETA1,RENTI,0.02,1459.181,3,3,1459.181,0.0,0.0,0.0,0.0,72959.05
1759385,IT,BR,FINAN,93197,0.02,1459.156,3,3,1459.156,0.0,0.0,0.0,0.0,72957.8
1662843,IT,DK,RETAI,FABRI,0.01,1459.106,3,3,1459.106,0.0,0.0,0.0,0.0,145910.6
1670092,IT,ES,FOOD4,ELEC5,0.01,1458.977,3,3,1458.977,0.0,0.0,0.0,0.0,145897.7
1791349,IT,WA,SALEM,NONF1,0.01,1458.896,3,3,1458.896,0.0,0.0,0.0,0.0,145889.6
1684375,IT,HR,POSTT,CHEM1,0.02,1458.73,3,3,1458.73,0.0,0.0,0.0,0.0,72936.5
1780106,IT,TW,HOTEL,RAWMI,0.01,1458.525,3,3,1458.525,0.0,0.0,0.0,0.0,145852.5
1785305,IT,ZA,LEATH,COPPE,0.01,1458.448,3,3,1458.448,0.0,0.0,0.0,0.0,145844.8
1727494,IT,RO,AUXIL,ELEC1,0.03,1458.272,3,3,1458.272,0.0,0.0,0.0,0.0,48609.066667
1687218,IT,HU,SALEM,ELECT,0.01,1458.172,3,3,1458.172,0.0,0.0,0.0,0.0,145817.2
1780556,IT,TW,FINAN,COPP1,0.02,1457.971,3,3,1457.971,0.0,0.0,0.0,0.0,72898.55
1659341,IT,DE,RETAI,RETAI,0.01,1457.923,3,3,1457.923,0.0,0.0,0.0,0.0,145792.3
1717575,IT,NL,COMPU,TRAN1,0.02,1457.913,3,3,1457.913,0.0,0.0,0.0,0.0,72895.65
1791465,IT,WA,WHOLE,BIOG1,0.01,1457.897,3,3,1457.897,0.0,0.0,0.0,0.0,145789.7
1655147,IT,CZ,BUSIN,BIODI,0.01,1457.637,3,3,1457.637,0.0,0.0,0.0,0.0,145763.7
1736912,IT,SK,BUSIN,FOOD2,0.01,1457.562,3,3,1457.562,0.0,0.0,0.0,0.0,145756.2
1689980,IT,IE,REALE,PREC1,0.06,1457.424,3,3,1457.424,0.0,0.0,0.0,0.0,24290.4
1774104,IT,CH,WHOLE,BRICK,0.01,1457.192,3,3,1457.192,0.0,0.0,0.0,0.0,145719.2
1779846,IT,TR,PUBLI,NONF1,0.02,1456.886,3,3,1456.886,0.0,0.0,0.0,0.0,72844.3
1643852,IT,AT,INSUR,AIRTR,0.03,1456.843,3,3,1456.843,0.0,0.0,0.0,0.0,48561.433333
1787077,IT,ZA,BUSIN,MEATC,0.01,1456.833,3,3,1456.833,0.0,0.0,0.0,0.0,145683.3
1680468,IT,GR,ELEC5,LUBRI,0.02,1456.829,3,3,1456.829,0.0,0.0,0.0,0.0,72841.45
1759384,IT,BR,FINAN,RECRE,0.02,1456.577,3,3,1456.577,0.0,0.0,0.0,0.0,72828.85
1713199,IT,MT,WEARI,BUSIN,0.01,1456.426,3,3,1456.426,0.0,0.0,0.0,0.0,145642.6
1748426,IT,CN,FORES,MACHI,0.01,1456.379,4,4,1455.379,0.0,1.0,0.0,0.0,145637.9
1722292,IT,PT,PADDY,RAWMI,0.01,1456.2,3,3,1456.2,0.0,0.0,0.0,0.0,145620.0
1724522,IT,PT,POSTT,BIODI,0.02,1456.129,3,3,1456.129,0.0,0.0,0.0,0.0,72806.45
1689190,IT,IE,RETAI,LEATH,0.01,1456.031,3,3,1456.031,0.0,0.0,0.0,0.0,145603.1
1711565,IT,LU,FINAN,CERAM,0.02,1455.841,3,3,1455.841,0.0,0.0,0.0,0.0,72792.05
1731032,IT,SE,INERT,REALE,0.01,1455.737,3,3,1455.737,0.0,0.0,0.0,0.0,145573.7
1755109,IT,KR,LEATH,COKEO,0.01,1455.519,3,3,1455.519,0.0,0.0,0.0,0.0,145551.9
1785459,IT,ZA,PRINT,ELEC1,0.01,1455.374,3,3,1455.374,0.0,0.0,0.0,0.0,145537.4
1760219,IT,BR,INERT,FURNI,0.01,1455.286,3,3,1455.286,0.0,0.0,0.0,0.0,145528.6
1784079,IT,ID,LEATH,RUBBE,0.01,1455.247,3,3,1455.247,0.0,0.0,0.0,0.0,145524.7
1726822,IT,RO,WHOLE,DISTR,0.01,1455.026,3,3,1455.026,0.0,0.0,0.0,0.0,145502.6
1689619,IT,IE,SUPPO,FABRI,0.01,1454.956,3,3,1454.956,0.0,0.0,0.0,0.0,145495.6
1677408,IT,FR,INSUR,RADIO,0.03,1454.876,3,3,1454.876,0.0,0.0,0.0,0.0,48495.866667
1796569,IT,WL,HOTEL,CATTL,0.01,1454.783,3,3,1454.783,0.0,0.0,0.0,0.0,145478.3
1801985,IT,WE,WHOLE,ANIMA,0.01,1454.603,3,3,1454.603,0.0,0.0,0.0,0.0,145460.3
1734371,IT,SI,RECRE,WHOLE,0.02,1454.583,3,3,1454.583,0.0,0.0,0.0,0.0,72729.15
1754485,IT,CA,BUSIN,LEATH,0.01,1454.358,3,3,1454.358,0.0,0.0,0.0,0.0,145435.8
1724107,IT,PT,RETA1,PRECI,0.02,1454.217,3,3,1454.217,0.0,0.0,0.0,0.0,72710.85
1730086,IT,SE,RETA1,ELEC4,0.02,1454.08,3,3,1454.08,0.0,0.0,0.0,0.0,72704.0
1762395,IT,IN,POSTT,ALUM1,0.02,1453.776,3,3,1453.776,0.0,0.0,0.0,0.0,72688.8
1734443,IT,SK,CROPS,FABRI,0.01,1453.67,3,3,1453.67,0.0,0.0,0.0,0.0,145367.0
1739959,IT,GB,AUXIL,RUBBE,0.03,1453.502,3,3,1453.502,0.0,0.0,0.0,0.0,48450.066667
1678457,IT,FR,RECRE,GASDI,0.02,1453.464,3,3,1453.464,0.0,0.0,0.0,0.0,72673.2
1797624,IT,WL,FOODW,SEACO,0.01,1453.464,3,3,1453.464,0.0,0.0,0.0,0.0,145346.4
1740486,IT,GB,PLAS2,WHOLE,0.01,1453.331,3,3,1453.331,0.0,0.0,0.0,0.0,145333.1
1669187,IT,ES,POSTT,ELEC2,0.02,1453.315,3,3,1453.315,0.0,0.0,0.0,0.0,72665.75
1711701,IT,LU,BUSIN,PLAST,0.01,1453.285,3,3,1453.285,0.0,0.0,0.0,0.0,145328.5
1669380,IT,ES,INSUR,STONE,0.03,1453.226,3,3,1453.226,0.0,0.0,0.0,0.0,48440.866667
1779449,IT,TR,REALE,COMPU,0.06,1453.095,3,3,1453.095,0.0,0.0,0.0,0.0,24218.25
1687253,IT,HU,WHOLE,MOTOR,0.01,1453.048,3,3,1453.048,0.0,0.0,0.0,0.0,145304.8
1780717,IT,TW,REALE,ELECT,0.06,1452.959,3,3,1452.959,0.0,0.0,0.0,0.0,24215.983333
1778466,IT,TR,WHOLE,HOTEL,0.01,1452.802,3,3,1452.802,0.0,0.0,0.0,0.0,145280.2
1760742,IT,IN,PRINT,VEGET,0.01,1452.732,3,3,1452.732,0.0,0.0,0.0,0.0,145273.2
1767202,IT,RU,RETA1,FOUND,0.02,1452.684,3,3,1452.684,0.0,0.0,0.0,0.0,72634.2
1741345,IT,US,PRINT,CEREA,0.01,1452.628,3,3,1452.628,0.0,0.0,0.0,0.0,145262.8
1748230,IT,JP,TEXT1,STONE,0.01,1452.59,3,3,1452.59,0.0,0.0,0.0,0.0,145259.0
1751636,IT,CN,FINAN,CERAM,0.02,1452.551,3,3,1452.551,0.0,0.0,0.0,0.0,72627.55
1781119,IT,TW,FOODW,VEGET,0.01,1452.136,3,3,1452.136,0.0,0.0,0.0,0.0,145213.6
1774702,IT,CH,SUPPO,WEARI,0.01,1452.13,3,3,1452.13,0.0,0.0,0.0,0.0,145213.0
1759456,IT,BR,AUXIL,WOODW,0.03,1452.054,3,3,1452.054,0.0,0.0,0.0,0.0,48401.8
1736846,IT,SK,BUSIN,FISH5,0.01,1452.054,3,3,1452.054,0.0,0.0,0.0,0.0,145205.4
1661117,IT,DE,PAPE1,WASTE,0.01,1451.962,3,3,1451.962,0.0,0.0,0.0,0.0,145196.2
1780007,IT,TW,SALEM,ELECT,0.01,1451.941,3,3,1451.941,0.0,0.0,0.0,0.0,145194.1
1720894,IT,PL,SALEM,SUGA1,0.01,1451.798,3,3,1451.798,0.0,0.0,0.0,0.0,145179.8
1774697,IT,CH,SUPPO,PROCE,0.01,1451.681,3,3,1451.681,0.0,0.0,0.0,0.0,145168.1
1786997,IT,ZA,INSUR,PRINT,0.03,1451.561,3,3,1451.561,0.0,0.0,0.0,0.0,48385.366667
1763111,IT,MX,WEARI,TRAN1,0.01,1451.544,3,3,1451.544,0.0,0.0,0.0,0.0,145154.4
1813464,IT,WM,SALEM,VEGET,0.01,1451.509,3,3,1451.509,0.0,0.0,0.0,0.0,145150.9
1774750,IT,CH,SUPPO,AUXIL,0.01,1451.446,3,3,1451.446,0.0,0.0,0.0,0.0,145144.6
1776143,IT,TR,LEATH,FOUND,0.01,1451.398,3,3,1451.398,0.0,0.0,0.0,0.0,145139.8
1664869,IT,ES,FORES,PRINT,0.01,1451.398,4,4,1450.398,0.0,1.0,0.0,0.0,145139.8
1780649,IT,TW,AUXIL,TEXTI,0.03,1451.388,3,3,1451.388,0.0,0.0,0.0,0.0,48379.6
1807745,IT,WF,PUBLI,FOOD5,0.02,1451.055,3,3,1451.055,0.0,0.0,0.0,0.0,72552.75
1713957,IT,MT,SALEM,AUXIL,0.01,1451.036,3,3,1451.036,0.0,0.0,0.0,0.0,145103.6
1763145,IT,MX,LEATH,SUGA1,0.01,1450.966,3,3,1450.966,0.0,0.0,0.0,0.0,145096.6
1647656,IT,BE,FINAN,RADIO,0.02,1450.956,3,3,1450.956,0.0,0.0,0.0,0.0,72547.8
1672490,IT,FI,MEMBE,PLAST,0.02,1450.946,3,3,1450.946,0.0,0.0,0.0,0.0,72547.3
1734672,IT,SK,WEARI,RESEA,0.01,1450.748,3,3,1450.748,0.0,0.0,0.0,0.0,145074.8
1774335,IT,CH,HOTEL,NONF1,0.01,1450.355,3,3,1450.355,0.0,0.0,0.0,0.0,145035.5
1651896,IT,CY,FINAN,AUXIL,0.02,1450.254,3,3,1450.254,0.0,0.0,0.0,0.0,72512.7
1786722,IT,ZA,RETA1,NONME,0.02,1449.95,3,3,1449.95,0.0,0.0,0.0,0.0,72497.5
1734357,IT,SI,PUBLI,RETAI,0.02,1449.935,3,3,1449.935,0.0,0.0,0.0,0.0,72496.75
1709306,IT,LT,FORES,WHOLE,0.01,1449.809,4,4,1448.809,0.0,1.0,0.0,0.0,144980.9
1791615,IT,WA,HOTEL,SANDC,0.01,1449.804,3,3,1449.804,0.0,0.0,0.0,0.0,144980.4
1643219,IT,AT,HOTEL,PFERT,0.01,1449.795,3,3,1449.795,0.0,0.0,0.0,0.0,144979.5
1655426,IT,DE,FORES,RAWMI,0.01,1449.721,4,4,1448.721,0.0,1.0,0.0,0.0,144972.1
1751100,IT,CN,RETA1,NAPHT,0.02,1449.279,3,3,1449.279,0.0,0.0,0.0,0.0,72463.95
1730878,IT,SE,FOODW,RESEA,0.01,1449.184,3,3,1449.184,0.0,0.0,0.0,0.0,144918.4
1669538,IT,ES,REALE,PAPER,0.06,1449.059,3,3,1449.059,0.0,0.0,0.0,0.0,24150.983333
1721729,IT,PL,INSUR,BITUM,0.03,1448.994,3,3,1448.994,0.0,0.0,0.0,0.0,48299.8
1647059,IT,BE,HOTEL,CATTL,0.01,1448.823,3,3,1448.823,0.0,0.0,0.0,0.0,144882.3
1787334,IT,WA,CROPS,MACHI,0.01,1448.745,3,3,1448.745,0.0,0.0,0.0,0.0,144874.5
1684805,IT,HU,FORES,REALE,0.01,1448.64,4,4,1447.64,0.0,1.0,0.0,0.0,144864.0
1802817,IT,WE,EDUCA,TOBAC,0.04,1448.282,3,3,1448.282,0.0,0.0,0.0,0.0,36207.05
1807872,IT,WF,PAPE1,ELEC4,0.01,1448.003,3,3,1448.003,0.0,0.0,0.0,0.0,144800.3
1680558,IT,GR,ELEC8,DIST1,0.02,1447.973,3,3,1447.973,0.0,0.0,0.0,0.0,72398.65
1650645,IT,BG,WHOLE,MEAT1,0.01,1447.967,3,3,1447.967,0.0,0.0,0.0,0.0,144796.7
1655230,IT,CZ,SEWAG,CONST,0.01,1447.87,3,3,1447.87,0.0,0.0,0.0,0.0,144787.0
1650691,IT,BG,RETA1,RAILW,0.02,1447.821,3,3,1447.821,0.0,0.0,0.0,0.0,72391.05
1779401,IT,TR,REALE,TEXTI,0.06,1447.661,3,3,1447.661,0.0,0.0,0.0,0.0,24127.683333
1729986,IT,SE,SALEM,STONE,0.01,1447.523,3,3,1447.523,0.0,0.0,0.0,0.0,144752.3
1764919,IT,MX,SUPPO,PAPER,0.01,1447.504,3,3,1447.504,0.0,0.0,0.0,0.0,144750.4
1768754,IT,AU,WEARI,ELEC1,0.01,1447.078,3,3,1447.078,0.0,0.0,0.0,0.0,144707.8
1710542,IT,LT,SUPPO,AUXIL,0.01,1446.982,3,3,1446.982,0.0,0.0,0.0,0.0,144698.2
1754627,IT,KR,FORES,REALE,0.01,1446.96,4,4,1445.96,0.0,1.0,0.0,0.0,144696.0
1749354,IT,CN,PRINT,DIST1,0.01,1446.952,3,3,1446.952,0.0,0.0,0.0,0.0,144695.2
1792928,IT,WA,FOODW,PIGS9,0.01,1446.944,3,3,1446.944,0.0,0.0,0.0,0.0,144694.4
1649196,IT,BG,PRINT,RENTI,0.01,1446.932,3,3,1446.932,0.0,0.0,0.0,0.0,144693.2
1770683,IT,AU,INSUR,ELECT,0.03,1446.651,3,3,1446.651,0.0,0.0,0.0,0.0,48221.7
1711825,IT,LU,FOODW,LEAD1,0.01,1446.629,3,3,1446.629,0.0,0.0,0.0,0.0,144662.9
1715138,IT,NL,LEATH,NONME,0.01,1446.624,3,3,1446.624,0.0,0.0,0.0,0.0,144662.4
1688199,IT,HU,BUSIN,INERT,0.01,1446.586,3,3,1446.586,0.0,0.0,0.0,0.0,144658.6
1797937,IT,WL,FOOD4,FABRI,0.01,1446.572,3,3,1446.572,0.0,0.0,0.0,0.0,144657.2
1675943,IT,FR,ELEC4,PRINT,0.02,1446.142,3,3,1446.142,0.0,0.0,0.0,0.0,72307.1
1797406,IT,WL,COMPU,ALUM1,0.02,1446.118,3,3,1446.118,0.0,0.0,0.0,0.0,72305.9
1722659,IT,PT,WEARI,PULP5,0.01,1446.024,3,3,1446.024,0.0,0.0,0.0,0.0,144602.4
1733543,IT,SI,RETA1,FISHF,0.02,1446.002,3,3,1446.002,0.0,0.0,0.0,0.0,72300.1
1660633,IT,DE,REALE,ELEC8,0.06,1445.761,3,3,1445.761,0.0,0.0,0.0,0.0,24096.016667
1670216,IT,ES,RECRE,AIRTR,0.02,1445.742,3,3,1445.742,0.0,0.0,0.0,0.0,72287.1
1740489,IT,GB,INERT,RUBBE,0.01,1445.72,3,3,1445.72,0.0,0.0,0.0,0.0,144572.0
1684511,IT,HR,BUSIN,MEATA,0.01,1445.605,3,3,1445.605,0.0,0.0,0.0,0.0,144560.5
1654965,IT,CZ,INSUR,COLLE,0.03,1445.498,3,3,1445.498,0.0,0.0,0.0,0.0,48183.266667
1759538,IT,BR,COMPU,CATTL,0.02,1445.385,3,3,1445.385,0.0,0.0,0.0,0.0,72269.25
1724163,IT,PT,RETA1,HEALT,0.02,1445.334,3,3,1445.334,0.0,0.0,0.0,0.0,72266.7
1786626,IT,ZA,RETAI,RENTI,0.01,1445.329,3,3,1445.329,0.0,0.0,0.0,0.0,144532.9
1726902,IT,RO,RETA1,FOOD3,0.02,1445.212,3,3,1445.212,0.0,0.0,0.0,0.0,72260.6
1661755,IT,DK,LEATH,NONME,0.01,1445.114,3,3,1445.114,0.0,0.0,0.0,0.0,144511.4
1677445,IT,FR,INSUR,PAPE1,0.03,1444.931,3,3,1444.931,0.0,0.0,0.0,0.0,48164.366667
1662961,IT,DK,RETA1,SEWAG,0.02,1444.542,3,3,1444.542,0.0,0.0,0.0,0.0,72227.1
1782972,IT,NO,SUPPO,PRINT,0.01,1444.277,3,3,1444.277,0.0,0.0,0.0,0.0,144427.7
1759515,IT,BR,REALE,EDUCA,0.06,1444.24,3,3,1444.24,0.0,0.0,0.0,0.0,24070.666667
1781643,IT,NO,LEATH,PAPER,0.01,1444.222,3,3,1444.222,0.0,0.0,0.0,0.0,144422.2
1709513,IT,LT,LEATH,LEATH,0.01,1444.214,3,3,1444.214,0.0,0.0,0.0,0.0,144421.4
1687917,IT,HU,REALE,REALE,0.06,1443.876,3,3,1443.876,0.0,0.0,0.0,0.0,24064.6
1744684,IT,US,COMPU,RADIO,0.02,1443.744,3,3,1443.744,0.0,0.0,0.0,0.0,72187.2
1792379,IT,WA,FINAN,PRIVA,0.02,1443.649,3,3,1443.649,0.0,0.0,0.0,0.0,72182.45
1681181,IT,GR,POSTT,ELEC8,0.02,1443.532,3,3,1443.532,0.0,0.0,0.0,0.0,72176.6
1730530,IT,SE,AUXIL,RAWMI,0.03,1443.409,3,3,1443.409,0.0,0.0,0.0,0.0,48113.633333
1690544,IT,IE,RECRE,MOTOR,0.02,1443.362,3,3,1443.362,0.0,0.0,0.0,0.0,72168.1
1765495,IT,RU,WEARI,MEDIC,0.01,1443.321,3,3,1443.321,0.0,0.0,0.0,0.0,144332.1
1763134,IT,MX,LEATH,IRONO,0.01,1443.283,3,3,1443.283,0.0,0.0,0.0,0.0,144328.3
1808593,IT,WF,PLAS2,PADDY,0.01,1443.082,3,3,1443.082,0.0,0.0,0.0,0.0,144308.2
1711491,IT,LU,SUPPO,CONST,0.01,1442.976,3,3,1442.976,0.0,0.0,0.0,0.0,144297.6
1643157,IT,AT,RETA1,SEACO,0.02,1442.965,3,3,1442.965,0.0,0.0,0.0,0.0,72148.25
1660664,IT,DE,REALE,INTER,0.06,1442.922,3,3,1442.922,0.0,0.0,0.0,0.0,24048.7
1716919,IT,NL,HOTEL,FOOD4,0.01,1442.821,3,3,1442.821,0.0,0.0,0.0,0.0,144282.1
1799541,IT,WE,PRINT,HEAVY,0.01,1442.78,3,3,1442.78,0.0,0.0,0.0,0.0,144278.0
1687357,IT,HU,HOTEL,MEAT1,0.01,1442.577,3,3,1442.577,0.0,0.0,0.0,0.0,144257.7
1781637,IT,NO,LEATH,MEAT4,0.01,1442.353,3,3,1442.353,0.0,0.0,0.0,0.0,144235.3
1802492,IT,WE,POSTT,CROPS,0.02,1442.328,3,3,1442.328,0.0,0.0,0.0,0.0,72116.4
1754501,IT,CA,BUSIN,NFERT,0.01,1442.014,3,3,1442.014,0.0,0.0,0.0,0.0,144201.4
1778364,IT,TR,RETAI,FOUND,0.01,1442.0,3,3,1442.0,0.0,0.0,0.0,0.0,144200.0
1753866,IT,CA,RETA1,CHEM1,0.02,1441.994,3,3,1441.994,0.0,0.0,0.0,0.0,72099.7
1717784,IT,NL,FOODW,FOODW,0.01,1441.739,3,3,1441.739,0.0,0.0,0.0,0.0,144173.9
1793895,IT,WL,WEARI,FOOD5,0.01,1441.698,3,3,1441.698,0.0,0.0,0.0,0.0,144169.8
1754479,IT,CA,BUSIN,SUGA1,0.01,1441.657,3,3,1441.657,0.0,0.0,0.0,0.0,144165.7
1791539,IT,WA,RETA1,CHARC,0.02,1441.494,3,3,1441.494,0.0,0.0,0.0,0.0,72074.7
1781177,IT,TW,RECRE,PRINT,0.02,1441.309,3,3,1441.309,0.0,0.0,0.0,0.0,72065.45
1684652,IT,HR,INERT,WOODW,0.01,1441.281,3,3,1441.281,0.0,0.0,0.0,0.0,144128.1
1770581,IT,AU,POSTT,CEMEN,0.02,1441.195,3,3,1441.195,0.0,0.0,0.0,0.0,72059.75
1802470,IT,WE,SUPPO,RETAI,0.01,1440.943,3,3,1440.943,0.0,0.0,0.0,0.0,144094.3
1763141,IT,MX,LEATH,MEAT1,0.01,1440.835,3,3,1440.835,0.0,0.0,0.0,0.0,144083.5
1655073,IT,CZ,COMPU,FURNI,0.02,1440.808,3,3,1440.808,0.0,0.0,0.0,0.0,72040.4
1655228,IT,CZ,SEWAG,FABRI,0.01,1440.529,3,3,1440.529,0.0,0.0,0.0,0.0,144052.9
1755051,IT,KR,WEARI,ELE12,0.01,1440.511,3,3,1440.511,0.0,0.0,0.0,0.0,144051.1
1792949,IT,WA,PAPE1,RESEA,0.01,1440.456,3,3,1440.456,0.0,0.0,0.0,0.0,144045.6
1671764,IT,FI,RETAI,SUPPO,0.01,1440.056,3,3,1440.056,0.0,0.0,0.0,0.0,144005.6
1736638,IT,SK,FINAN,HOTEL,0.02,1439.689,3,3,1439.689,0.0,0.0,0.0,0.0,71984.45
1739932,IT,GB,INSUR,ELEC5,0.03,1439.688,3,3,1439.688,0.0,0.0,0.0,0.0,47989.6
1643671,IT,AT,SUPPO,RAWMI,0.01,1439.419,3,3,1439.419,0.0,0.0,0.0,0.0,143941.9
1781130,IT,TW,TEXT1,VEGET,0.01,1439.303,3,3,1439.303,0.0,0.0,0.0,0.0,143930.3
1741125,IT,US,WEARI,RETAI,0.01,1439.241,3,3,1439.241,0.0,0.0,0.0,0.0,143924.1
1730492,IT,SE,FINAN,WOODW,0.02,1438.843,3,3,1438.843,0.0,0.0,0.0,0.0,71942.15
1788197,IT,WA,WEARI,FOOD3,0.01,1438.797,3,3,1438.797,0.0,0.0,0.0,0.0,143879.7
1684403,IT,HR,POSTT,INTER,0.02,1438.788,3,3,1438.788,0.0,0.0,0.0,0.0,71939.4
1747715,IT,JP,FINAN,RUBBE,0.02,1438.647,3,3,1438.647,0.0,0.0,0.0,0.0,71932.35
1736209,IT,SK,WHOLE,HEALT,0.01,1438.593,3,3,1438.593,0.0,0.0,0.0,0.0,143859.3
1770687,IT,AU,INSUR,TRAN1,0.03,1438.244,3,3,1438.244,0.0,0.0,0.0,0.0,47941.466667
1759418,IT,BR,INSUR,RADIO,0.03,1438.198,3,3,1438.198,0.0,0.0,0.0,0.0,47939.933333
1814547,IT,WM,BUSIN,MEATC,0.01,1438.176,3,3,1438.176,0.0,0.0,0.0,0.0,143817.6
1669133,IT,ES,POSTT,PROCE,0.02,1438.079,3,3,1438.079,0.0,0.0,0.0,0.0,71903.95
1651238,IT,BG,FOOD4,AIRTR,0.01,1438.04,3,3,1438.04,0.0,0.0,0.0,0.0,143804.0
1756826,IT,KR,SUPPO,RECRE,0.01,1437.827,3,3,1437.827,0.0,0.0,0.0,0.0,143782.7
1780651,IT,TW,AUXIL,PAPER,0.03,1437.461,3,3,1437.461,0.0,0.0,0.0,0.0,47915.366667
1640803,IT,AT,WEARI,GLASS,0.01,1437.442,3,3,1437.442,0.0,0.0,0.0,0.0,143744.2
1651025,IT,BG,POSTT,MACHI,0.02,1437.373,3,3,1437.373,0.0,0.0,0.0,0.0,71868.65
1651008,IT,BG,SUPPO,REALE,0.01,1437.331,3,3,1437.331,0.0,0.0,0.0,0.0,143733.1
1772030,IT,CH,PRINT,LIQUE,0.01,1437.29,3,3,1437.29,0.0,0.0,0.0,0.0,143729.0
1665450,IT,ES,WEARI,RAWMI,0.01,1437.133,3,3,1437.133,0.0,0.0,0.0,0.0,143713.3
1793103,IT,WA,MEMBE,HOTEL,0.02,1437.002,3,3,1437.002,0.0,0.0,0.0,0.0,71850.1
1684408,IT,HR,FINAN,CHEMI,0.02,1436.987,3,3,1436.987,0.0,0.0,0.0,0.0,71849.35
1672202,IT,FI,AUXIL,INTER,0.03,1436.844,3,3,1436.844,0.0,0.0,0.0,0.0,47894.8
1650681,IT,BG,RETA1,NONME,0.02,1436.819,3,3,1436.819,0.0,0.0,0.0,0.0,71840.95
1665498,IT,ES,WEARI,SECO9,0.01,1436.527,3,3,1436.527,0.0,0.0,0.0,0.0,143652.7
1713954,IT,MT,SALEM,LANDT,0.01,1436.496,3,3,1436.496,0.0,0.0,0.0,0.0,143649.6
1661091,IT,DE,PUBLI,FINAN,0.02,1436.44,3,3,1436.44,0.0,0.0,0.0,0.0,71822.0
1765031,IT,MX,INSUR,CEMEN,0.03,1436.265,3,3,1436.265,0.0,0.0,0.0,0.0,47875.5
1670087,IT,ES,FOOD4,PREC1,0.01,1436.248,3,3,1436.248,0.0,0.0,0.0,0.0,143624.8
1720915,IT,PL,SALEM,AIRTR,0.01,1436.126,3,3,1436.126,0.0,0.0,0.0,0.0,143612.6
1770170,IT,AU,RETA1,SALEM,0.01,1436.014,3,3,1436.014,0.0,0.0,0.0,0.0,143601.4
1683936,IT,HR,SALEM,FABRI,0.01,1436.014,3,3,1436.014,0.0,0.0,0.0,0.0,143601.4
1756941,IT,KR,AUXIL,CONST,0.03,1435.981,3,3,1435.981,0.0,0.0,0.0,0.0,47866.033333
1814232,IT,WM,POSTT,NONFE,0.02,1435.864,3,3,1435.864,0.0,0.0,0.0,0.0,71793.2
1733673,IT,SI,HOTEL,FOOD4,0.01,1435.719,3,3,1435.719,0.0,0.0,0.0,0.0,143571.9
1768718,IT,AU,WEARI,LIGNI,0.01,1435.581,3,3,1435.581,0.0,0.0,0.0,0.0,143558.1
1762871,IT,IN,RECRE,POSTT,0.02,1435.485,3,3,1435.485,0.0,0.0,0.0,0.0,71774.25
1778270,IT,TR,SALEM,CRUDE,0.01,1435.481,3,3,1435.481,0.0,0.0,0.0,0.0,143548.1
1767860,IT,RU,AUXIL,RETA1,0.03,1435.316,3,3,1435.316,0.0,0.0,0.0,0.0,47843.866667
1783332,IT,NO,PAPE1,REALE,0.01,1435.298,3,3,1435.298,0.0,0.0,0.0,0.0,143529.8
1786671,IT,ZA,WHOLE,FURNI,0.01,1435.221,3,3,1435.221,0.0,0.0,0.0,0.0,143522.1
1734704,IT,SK,LEATH,HEAVY,0.01,1435.166,3,3,1435.166,0.0,0.0,0.0,0.0,143516.6
1783020,IT,NO,FINAN,SEACO,0.02,1435.142,3,3,1435.142,0.0,0.0,0.0,0.0,71757.1
1762358,IT,IN,SUPPO,RECRE,0.01,1435.092,3,3,1435.092,0.0,0.0,0.0,0.0,143509.2
1673524,IT,FR,LEATH,LUBRI,0.01,1435.059,3,3,1435.059,0.0,0.0,0.0,0.0,143505.9
1754293,IT,CA,FINAN,EDUCA,0.02,1435.004,3,3,1435.004,0.0,0.0,0.0,0.0,71750.2
1643807,IT,AT,FINAN,BEVER,0.02,1434.925,3,3,1434.925,0.0,0.0,0.0,0.0,71746.25
1714265,IT,MT,BUSIN,MEATP,0.01,1434.796,3,3,1434.796,0.0,0.0,0.0,0.0,143479.6
1646831,IT,BE,RETAI,CATTL,0.01,1434.794,3,3,1434.794,0.0,0.0,0.0,0.0,143479.4
1740124,IT,GB,COMPU,NONF1,0.02,1434.789,3,3,1434.789,0.0,0.0,0.0,0.0,71739.45
1727317,IT,RO,POSTT,ALUM1,0.02,1434.787,3,3,1434.787,0.0,0.0,0.0,0.0,71739.35
1724976,IT,PT,EDUCA,FABRI,0.04,1434.697,3,3,1434.697,0.0,0.0,0.0,0.0,35867.425
1734121,IT,SI,AUXIL,WEARI,0.03,1434.652,3,3,1434.652,0.0,0.0,0.0,0.0,47821.733333
1656557,IT,DE,PRINT,RAWMI,0.01,1434.616,3,3,1434.616,0.0,0.0,0.0,0.0,143461.6
1712133,IT,LV,WEARI,SECO9,0.01,1434.326,3,3,1434.326,0.0,0.0,0.0,0.0,143432.6
1781071,IT,TW,PUBLI,BITU1,0.02,1434.261,3,3,1434.261,0.0,0.0,0.0,0.0,71713.05
1661288,IT,DK,FORES,FORES,0.01,1434.192,4,4,1433.192,0.0,1.0,0.0,0.0,143419.2
1654473,IT,CZ,RETA1,SEWAG,0.01,1433.933,3,3,1433.933,0.0,0.0,0.0,0.0,143393.3
1803985,IT,WF,LEATH,CEMEN,0.01,1433.719,3,3,1433.719,0.0,0.0,0.0,0.0,143371.9
1652802,IT,CZ,PRINT,TOBAC,0.01,1433.706,3,3,1433.706,0.0,0.0,0.0,0.0,143370.6
1711626,IT,LU,REALE,SEACO,0.06,1433.642,3,3,1433.642,0.0,0.0,0.0,0.0,23894.033333
1802866,IT,WE,FOOD4,FINAN,0.01,1433.63,3,3,1433.63,0.0,0.0,0.0,0.0,143363.0
1669558,IT,ES,REALE,TRANS,0.06,1433.626,3,3,1433.626,0.0,0.0,0.0,0.0,23893.766667
1655120,IT,CZ,BUSIN,LIGNI,0.01,1433.55,3,3,1433.55,0.0,0.0,0.0,0.0,143355.0
1757524,IT,BR,PRINT,INSUR,0.01,1433.542,3,3,1433.542,0.0,0.0,0.0,0.0,143354.2
1659422,IT,DE,WHOLE,ELECT,0.01,1433.501,3,3,1433.501,0.0,0.0,0.0,0.0,143350.1
1796334,IT,WL,RETAI,NICKE,0.01,1433.429,3,3,1433.429,0.0,0.0,0.0,0.0,143342.9
1689933,IT,IE,AUXIL,FOOD4,0.03,1433.117,3,3,1433.117,0.0,0.0,0.0,0.0,47770.566667
1664011,IT,EE,PRINT,RECRE,0.01,1432.804,3,3,1432.804,0.0,0.0,0.0,0.0,143280.4
1736995,IT,GB,FORES,POULT,0.01,1432.77,4,4,1431.77,0.0,1.0,0.0,0.0,143277.0
1802691,IT,WE,COMPU,CRUDE,0.02,1432.749,3,3,1432.749,0.0,0.0,0.0,0.0,71637.45
1680641,IT,GR,RETAI,SEACO,0.01,1432.501,3,3,1432.501,0.0,0.0,0.0,0.0,143250.1
1678246,IT,FR,SEWAG,COLLE,0.01,1432.493,3,3,1432.493,0.0,0.0,0.0,0.0,143249.3
1720956,IT,PL,WHOLE,KEROS,0.01,1432.396,3,3,1432.396,0.0,0.0,0.0,0.0,143239.6
1797936,IT,WL,FOOD4,COPP1,0.01,1432.371,3,3,1432.371,0.0,0.0,0.0,0.0,143237.1
1724165,IT,PT,RETA1,FOOD4,0.01,1432.329,3,3,1432.329,0.0,0.0,0.0,0.0,143232.9
1654440,IT,CZ,RETA1,FISHF,0.01,1432.306,3,3,1432.306,0.0,0.0,0.0,0.0,143230.6
1762591,IT,IN,AUXIL,ELEC4,0.03,1432.265,3,3,1432.265,0.0,0.0,0.0,0.0,47742.166667
1779714,IT,TR,BUSIN,NONFE,0.01,1432.14,3,3,1432.14,0.0,0.0,0.0,0.0,143214.0
1672452,IT,FI,PUBLI,BUSIN,0.02,1432.008,3,3,1432.008,0.0,0.0,0.0,0.0,71600.4
1807805,IT,WF,FOODW,MOTO1,0.01,1431.949,3,3,1431.949,0.0,0.0,0.0,0.0,143194.9
1793925,IT,WL,LEATH,BEVER,0.01,1431.913,3,3,1431.913,0.0,0.0,0.0,0.0,143191.3
1663004,IT,DK,HOTEL,REFI1,0.01,1431.859,3,3,1431.859,0.0,0.0,0.0,0.0,143185.9
1792147,IT,WA,SUPPO,SUGA1,0.01,1431.824,3,3,1431.824,0.0,0.0,0.0,0.0,143182.4
1710787,IT,LU,LEATH,COMPU,0.01,1431.813,3,3,1431.813,0.0,0.0,0.0,0.0,143181.3
1724128,IT,PT,RETA1,BASIC,0.01,1431.465,3,3,1431.465,0.0,0.0,0.0,0.0,143146.5
1651911,IT,CY,INSUR,SUPPO,0.03,1431.452,3,3,1431.452,0.0,0.0,0.0,0.0,47715.066667
1717260,IT,NL,POSTT,ELECT,0.02,1431.301,3,3,1431.301,0.0,0.0,0.0,0.0,71565.05
1643269,IT,AT,HOTEL,SEACO,0.01,1430.991,3,3,1430.991,0.0,0.0,0.0,0.0,143099.1
1796510,IT,WL,RETA1,BRICK,0.01,1430.916,3,3,1430.916,0.0,0.0,0.0,0.0,143091.6
1791332,IT,WA,SALEM,SUGA1,0.01,1430.896,3,3,1430.896,0.0,0.0,0.0,0.0,143089.6
1801920,IT,WE,SALEM,WHEAT,0.01,1430.874,3,3,1430.874,0.0,0.0,0.0,0.0,143087.4
1687918,IT,HU,REALE,RENTI,0.06,1430.678,3,3,1430.678,0.0,0.0,0.0,0.0,23844.633333
1650671,IT,BG,RETA1,PRECI,0.01,1430.548,3,3,1430.548,0.0,0.0,0.0,0.0,143054.8
1814620,IT,WM,FOODW,CRUDE,0.01,1430.41,3,3,1430.41,0.0,0.0,0.0,0.0,143041.0
1748154,IT,JP,FOODW,CHEMI,0.01,1430.407,3,3,1430.407,0.0,0.0,0.0,0.0,143040.7
1764932,IT,MX,SUPPO,SEACO,0.01,1430.272,3,3,1430.272,0.0,0.0,0.0,0.0,143027.2
1782977,IT,NO,SUPPO,RETA1,0.01,1430.028,3,3,1430.028,0.0,0.0,0.0,0.0,143002.8
1775536,IT,CH,FOOD4,CHEM1,0.01,1430.022,3,3,1430.022,0.0,0.0,0.0,0.0,143002.2
1677564,IT,FR,REALE,CHEMI,0.06,1429.827,3,3,1429.827,0.0,0.0,0.0,0.0,23830.45
1739299,IT,GB,HOTEL,ELEC8,0.01,1429.758,3,3,1429.758,0.0,0.0,0.0,0.0,142975.8
1668281,IT,ES,WHOLE,HEAVY,0.01,1429.637,3,3,1429.637,0.0,0.0,0.0,0.0,142963.7
1715398,IT,NL,PRINT,FOODW,0.01,1429.519,3,3,1429.519,0.0,0.0,0.0,0.0,142951.9
1765567,IT,RU,LEATH,STEAM,0.01,1429.47,3,3,1429.47,0.0,0.0,0.0,0.0,142947.0
1644300,IT,BE,FORES,BUSIN,0.01,1429.274,4,4,1428.274,0.0,1.0,0.0,0.0,142927.4
1668462,IT,ES,RETA1,FOOD3,0.01,1429.262,3,3,1429.262,0.0,0.0,0.0,0.0,142926.2
1648145,IT,BE,BUSIN,MEATA,0.01,1429.25,3,3,1429.25,0.0,0.0,0.0,0.0,142925.0
1763342,IT,MX,PRINT,VEGET,0.01,1429.131,3,3,1429.131,0.0,0.0,0.0,0.0,142913.1
1792432,IT,WA,AUXIL,OILSE,0.03,1429.085,3,3,1429.085,0.0,0.0,0.0,0.0,47636.166667
1759704,IT,BR,BUSIN,SUBBI,0.01,1428.983,3,3,1428.983,0.0,0.0,0.0,0.0,142898.3
1654563,IT,CZ,HOTEL,OILHA,0.01,1428.972,3,3,1428.972,0.0,0.0,0.0,0.0,142897.2
1730701,IT,SE,COMPU,TRAN1,0.02,1428.968,3,3,1428.968,0.0,0.0,0.0,0.0,71448.4
1716697,IT,NL,WHOLE,COKE1,0.01,1428.767,3,3,1428.767,0.0,0.0,0.0,0.0,142876.7
1689414,IT,IE,HOTEL,SUGA1,0.01,1428.717,3,3,1428.717,0.0,0.0,0.0,0.0,142871.7
1688140,IT,HU,BUSIN,CERAM,0.01,1428.709,3,3,1428.709,0.0,0.0,0.0,0.0,142870.9
1676323,IT,FR,RETAI,BRICK,0.01,1428.701,3,3,1428.701,0.0,0.0,0.0,0.0,142870.1
1774847,IT,CH,FINAN,FOOD5,0.02,1428.511,3,3,1428.511,0.0,0.0,0.0,0.0,71425.55
1770083,IT,AU,WHOLE,WEARI,0.01,1428.456,3,3,1428.456,0.0,0.0,0.0,0.0,142845.6
1671689,IT,FI,SALEM,CATTL,0.01,1428.387,3,3,1428.387,0.0,0.0,0.0,0.0,142838.7
1782660,IT,NO,RETAI,FABRI,0.01,1428.31,3,3,1428.31,0.0,0.0,0.0,0.0,142831.0
1791608,IT,WA,HOTEL,FORES,0.01,1428.205,3,3,1428.205,0.0,0.0,0.0,0.0,142820.5
1739250,IT,GB,HOTEL,VEGET,0.01,1427.95,3,3,1427.95,0.0,0.0,0.0,0.0,142795.0
1715083,IT,NL,WEARI,RUBBE,0.01,1427.858,3,3,1427.858,0.0,0.0,0.0,0.0,142785.8
1797405,IT,WL,COMPU,PREC1,0.02,1427.689,3,3,1427.689,0.0,0.0,0.0,0.0,71384.45
1713996,IT,MT,WHOLE,RESEA,0.01,1427.685,3,3,1427.685,0.0,0.0,0.0,0.0,142768.5
1648439,IT,BG,PADDY,WHOLE,0.01,1427.542,3,3,1427.542,0.0,0.0,0.0,0.0,142754.2
1748188,IT,JP,PAPE1,CHEMI,0.01,1427.311,3,3,1427.311,0.0,0.0,0.0,0.0,142731.1
1687401,IT,HU,HOTEL,RETAI,0.01,1427.292,3,3,1427.292,0.0,0.0,0.0,0.0,142729.2
1734699,IT,SK,LEATH,PAPER,0.01,1427.154,3,3,1427.154,0.0,0.0,0.0,0.0,142715.4
1689334,IT,IE,RETA1,KERO1,0.01,1426.976,3,3,1426.976,0.0,0.0,0.0,0.0,142697.6
1779997,IT,TW,SALEM,NONSP,0.01,1426.868,3,3,1426.868,0.0,0.0,0.0,0.0,142686.8
1651143,IT,BG,BUSIN,CROPS,0.01,1426.823,3,3,1426.823,0.0,0.0,0.0,0.0,142682.3
1775702,IT,TR,CROPS,NONME,0.01,1426.632,3,3,1426.632,0.0,0.0,0.0,0.0,142663.2
1647704,IT,BE,INSUR,PULP5,0.03,1426.626,3,3,1426.626,0.0,0.0,0.0,0.0,47554.2
1730710,IT,SE,COMPU,AIRTR,0.02,1426.449,3,3,1426.449,0.0,0.0,0.0,0.0,71322.45
1762582,IT,IN,AUXIL,FOUND,0.03,1426.439,3,3,1426.439,0.0,0.0,0.0,0.0,47547.966667
1687424,IT,HU,HOTEL,FOOD3,0.01,1426.437,3,3,1426.437,0.0,0.0,0.0,0.0,142643.7
1783164,IT,NO,REALE,HEALT,0.06,1426.307,3,3,1426.307,0.0,0.0,0.0,0.0,23771.783333
1773838,IT,CH,ELEC4,FOOD1,0.02,1426.168,3,3,1426.168,0.0,0.0,0.0,0.0,71308.4
1659485,IT,DE,RETA1,HEAVY,0.01,1426.104,3,3,1426.104,0.0,0.0,0.0,0.0,142610.4
1728657,IT,SE,PRINT,SECO9,0.01,1426.002,3,3,1426.002,0.0,0.0,0.0,0.0,142600.2
1648375,IT,BE,RECRE,FISH5,0.02,1425.968,3,3,1425.968,0.0,0.0,0.0,0.0,71298.4
1717193,IT,NL,SUPPO,MEAT1,0.01,1425.871,3,3,1425.871,0.0,0.0,0.0,0.0,142587.1
1733595,IT,SI,HOTEL,CROPS,0.01,1425.824,3,3,1425.824,0.0,0.0,0.0,0.0,142582.4
1722245,IT,PL,SEWAG,NONME,0.01,1425.403,3,3,1425.403,0.0,0.0,0.0,0.0,142540.3
1713186,IT,MT,WEARI,WEARI,0.01,1425.24,3,3,1425.24,0.0,0.0,0.0,0.0,142524.0
1670224,IT,ES,RECRE,PUBLI,0.02,1425.111,3,3,1425.111,0.0,0.0,0.0,0.0,71255.55
1684407,IT,HR,FINAN,STONE,0.02,1424.923,3,3,1424.923,0.0,0.0,0.0,0.0,71246.15
1733452,IT,SI,SALEM,CATTL,0.01,1424.871,3,3,1424.871,0.0,0.0,0.0,0.0,142487.1
1779085,IT,TR,SUPPO,CHEM1,0.01,1424.423,3,3,1424.423,0.0,0.0,0.0,0.0,142442.3
1651188,IT,BG,BUSIN,FOUND,0.01,1424.378,3,3,1424.378,0.0,0.0,0.0,0.0,142437.8
1813646,IT,WM,RETA1,PULP5,0.01,1424.33,3,3,1424.33,0.0,0.0,0.0,0.0,142433.0
1792393,IT,WA,INSUR,PAPER,0.03,1424.198,3,3,1424.198,0.0,0.0,0.0,0.0,47473.266667
1729982,IT,SE,SALEM,VEGET,0.01,1424.08,3,3,1424.08,0.0,0.0,0.0,0.0,142408.0
1688067,IT,HU,COMPU,RETAI,0.02,1424.01,3,3,1424.01,0.0,0.0,0.0,0.0,71200.5
1734659,IT,SK,WEARI,GASDI,0.01,1423.976,3,3,1423.976,0.0,0.0,0.0,0.0,142397.6
1646964,IT,BE,WHOLE,PAPE4,0.01,1423.805,3,3,1423.805,0.0,0.0,0.0,0.0,142380.5
1668229,IT,ES,RETAI,WHOLE,0.01,1423.728,3,3,1423.728,0.0,0.0,0.0,0.0,142372.8
1739825,IT,GB,FINAN,MEATP,0.02,1423.449,3,3,1423.449,0.0,0.0,0.0,0.0,71172.45
1711637,IT,LU,REALE,HEALT,0.06,1423.279,3,3,1423.279,0.0,0.0,0.0,0.0,23721.316667
1659249,IT,DE,SALEM,OFFIC,0.01,1423.211,3,3,1423.211,0.0,0.0,0.0,0.0,142321.1
1712831,IT,LV,AUXIL,CEREA,0.03,1423.176,3,3,1423.176,0.0,0.0,0.0,0.0,47439.2
1792405,IT,WA,INSUR,BASIC,0.03,1423.144,3,3,1423.144,0.0,0.0,0.0,0.0,47438.133333
1765013,IT,MX,INSUR,MEATP,0.03,1422.691,3,3,1422.691,0.0,0.0,0.0,0.0,47423.033333
1740210,IT,GB,BUSIN,REFI1,0.01,1422.442,3,3,1422.442,0.0,0.0,0.0,0.0,142244.2
1774961,IT,CH,AUXIL,BEVER,0.03,1422.293,3,3,1422.293,0.0,0.0,0.0,0.0,47409.766667
1671696,IT,FI,SALEM,MEATP,0.01,1422.198,3,3,1422.198,0.0,0.0,0.0,0.0,142219.8
1687348,IT,HU,HOTEL,PIGS9,0.01,1422.179,3,3,1422.179,0.0,0.0,0.0,0.0,142217.9
1677416,IT,FR,INSUR,TRAN1,0.03,1421.995,3,3,1421.995,0.0,0.0,0.0,0.0,47399.833333
1718911,IT,PL,PRINT,BITU1,0.01,1421.988,3,3,1421.988,0.0,0.0,0.0,0.0,142198.8
1784197,IT,ID,PRINT,TOBAC,0.01,1421.948,3,3,1421.948,0.0,0.0,0.0,0.0,142194.8
1762322,IT,IN,SUPPO,FISHF,0.01,1421.688,3,3,1421.688,0.0,0.0,0.0,0.0,142168.8
1740180,IT,GB,BUSIN,BITUM,0.01,1421.521,3,3,1421.521,0.0,0.0,0.0,0.0,142152.1
1751076,IT,CN,RETA1,WOOLS,0.01,1421.311,3,3,1421.311,0.0,0.0,0.0,0.0,142131.1
1764545,IT,MX,SALEM,WHOLE,0.01,1421.258,3,3,1421.258,0.0,0.0,0.0,0.0,142125.8
1730495,IT,SE,FINAN,MACHI,0.02,1421.236,3,3,1421.236,0.0,0.0,0.0,0.0,71061.8
1727796,IT,RO,BUSIN,PETRO,0.01,1420.955,3,3,1420.955,0.0,0.0,0.0,0.0,142095.5
1807769,IT,WF,EDUCA,PRECI,0.04,1420.938,3,3,1420.938,0.0,0.0,0.0,0.0,35523.45
1756960,IT,KR,REALE,WHOLE,0.06,1420.924,3,3,1420.924,0.0,0.0,0.0,0.0,23682.066667
1687770,IT,HU,SUPPO,FOODW,0.01,1420.81,3,3,1420.81,0.0,0.0,0.0,0.0,142081.0
1740280,IT,GB,BUSIN,PLAS1,0.01,1420.795,3,3,1420.795,0.0,0.0,0.0,0.0,142079.5
1709642,IT,LT,PRINT,FABRI,0.01,1420.674,3,3,1420.674,0.0,0.0,0.0,0.0,142067.4
1734661,IT,SK,WEARI,BASIC,0.01,1420.657,3,3,1420.657,0.0,0.0,0.0,0.0,142065.7
1739891,IT,GB,FINAN,TRAN2,0.02,1420.63,3,3,1420.63,0.0,0.0,0.0,0.0,71031.5
1687841,IT,HU,FINAN,HOTEL,0.02,1420.362,3,3,1420.362,0.0,0.0,0.0,0.0,71018.1
1689648,IT,IE,POSTT,LEADZ,0.02,1420.318,3,3,1420.318,0.0,0.0,0.0,0.0,71015.9
1676319,IT,FR,RETAI,NFERT,0.01,1419.436,3,3,1419.436,0.0,0.0,0.0,0.0,141943.6
1781178,IT,TW,RECRE,PUBLI,0.02,1418.833,3,3,1418.833,0.0,0.0,0.0,0.0,70941.65
1784766,IT,ID,RETA1,POSTT,0.01,1418.814,3,3,1418.814,0.0,0.0,0.0,0.0,141881.4
1802178,IT,WE,HOTEL,FOUND,0.01,1418.726,3,3,1418.726,0.0,0.0,0.0,0.0,141872.6
1773822,IT,CH,ELEC4,SUPPO,0.02,1418.61,3,3,1418.61,0.0,0.0,0.0,0.0,70930.5
1690218,IT,IE,BUSIN,TRAN2,0.01,1418.393,3,3,1418.393,0.0,0.0,0.0,0.0,141839.3
1721486,IT,PL,SUPPO,LIGNI,0.01,1418.378,3,3,1418.378,0.0,0.0,0.0,0.0,141837.8
1783727,IT,NO,FOOD4,EDUCA,0.01,1418.297,3,3,1418.297,0.0,0.0,0.0,0.0,141829.7
1739197,IT,GB,RETA1,RADIO,0.01,1417.932,3,3,1417.932,0.0,0.0,0.0,0.0,141793.2
1664722,IT,EE,SUPPO,SALEM,0.01,1417.844,3,3,1417.844,0.0,0.0,0.0,0.0,141784.4
1786728,IT,ZA,RETA1,RADIO,0.01,1417.804,3,3,1417.804,0.0,0.0,0.0,0.0,141780.4
1776090,IT,TR,WEARI,DISTR,0.01,1417.677,3,3,1417.677,0.0,0.0,0.0,0.0,141767.7
1669992,IT,ES,EDUCA,INERT,0.04,1417.588,3,3,1417.588,0.0,0.0,0.0,0.0,35439.7
1814235,IT,WM,POSTT,VEGE1,0.02,1417.404,3,3,1417.404,0.0,0.0,0.0,0.0,70870.2
1802468,IT,WE,SUPPO,CONST,0.01,1417.121,3,3,1417.121,0.0,0.0,0.0,0.0,141712.1
1781645,IT,NO,LEATH,GASDI,0.01,1416.936,3,3,1416.936,0.0,0.0,0.0,0.0,141693.6
1753836,IT,CA,WHOLE,COLLE,0.01,1416.734,3,3,1416.734,0.0,0.0,0.0,0.0,141673.4
1672436,IT,FI,BUSIN,SEWAG,0.01,1416.716,3,3,1416.716,0.0,0.0,0.0,0.0,141671.6
1678592,IT,GR,FORES,PULP5,0.01,1415.952,4,4,1414.952,0.0,1.0,0.0,0.0,141595.2
1689872,IT,IE,AUXIL,MEATP,0.03,1415.655,3,3,1415.655,0.0,0.0,0.0,0.0,47188.5
1677387,IT,FR,INSUR,LUBRI,0.03,1415.529,3,3,1415.529,0.0,0.0,0.0,0.0,47184.3
1731026,IT,SE,PLAS2,CONST,0.01,1415.499,3,3,1415.499,0.0,0.0,0.0,0.0,141549.9
1754618,IT,KR,FORES,FABRI,0.01,1415.393,4,4,1414.393,0.0,1.0,0.0,0.0,141539.3
1798021,IT,WL,INERT,FINAN,0.01,1415.307,3,3,1415.307,0.0,0.0,0.0,0.0,141530.7
1791412,IT,WA,WHOLE,LEADZ,0.01,1415.179,3,3,1415.179,0.0,0.0,0.0,0.0,141517.9
1654374,IT,CZ,ELE11,PUBLI,0.02,1415.123,3,3,1415.123,0.0,0.0,0.0,0.0,70756.15
1781769,IT,NO,PRINT,ELEC4,0.01,1415.114,3,3,1415.114,0.0,0.0,0.0,0.0,141511.4
1787073,IT,ZA,BUSIN,HYDRO,0.01,1415.088,3,3,1415.088,0.0,0.0,0.0,0.0,141508.8
1689943,IT,IE,REALE,RAWMI,0.06,1415.073,3,3,1415.073,0.0,0.0,0.0,0.0,23584.55
1711572,IT,LU,FINAN,FURNI,0.02,1415.031,3,3,1415.031,0.0,0.0,0.0,0.0,70751.55
1754329,IT,CA,INSUR,ALUM1,0.03,1414.894,3,3,1414.894,0.0,0.0,0.0,0.0,47163.133333
1793946,IT,WL,LEATH,ELEC2,0.01,1414.704,3,3,1414.704,0.0,0.0,0.0,0.0,141470.4
1654997,IT,CZ,AUXIL,BUSIN,0.03,1414.67,3,3,1414.67,0.0,0.0,0.0,0.0,47155.666667
1796340,IT,WL,RETAI,HEAVY,0.01,1414.64,3,3,1414.64,0.0,0.0,0.0,0.0,141464.0
1739863,IT,GB,FINAN,FOUND,0.02,1414.63,3,3,1414.63,0.0,0.0,0.0,0.0,70731.5
1650696,IT,BG,RETA1,BUSIN,0.01,1414.293,3,3,1414.293,0.0,0.0,0.0,0.0,141429.3
1661761,IT,DK,LEATH,RADIO,0.01,1414.265,3,3,1414.265,0.0,0.0,0.0,0.0,141426.5
1793407,IT,WL,CROPS,MOTOR,0.01,1414.252,3,3,1414.252,0.0,0.0,0.0,0.0,141425.2
1643685,IT,AT,SUPPO,FISH5,0.01,1414.191,3,3,1414.191,0.0,0.0,0.0,0.0,141419.1
1770635,IT,AU,FINAN,ELEC1,0.02,1414.086,3,3,1414.086,0.0,0.0,0.0,0.0,70704.3
1778406,IT,TR,WHOLE,SUBBI,0.01,1414.073,3,3,1414.073,0.0,0.0,0.0,0.0,141407.3
1797940,IT,WL,FOOD4,ELEC4,0.01,1413.875,3,3,1413.875,0.0,0.0,0.0,0.0,141387.5
1799555,IT,WE,PRINT,ELECT,0.01,1413.808,3,3,1413.808,0.0,0.0,0.0,0.0,141380.8
1814168,IT,WM,SUPPO,NATU1,0.01,1413.763,3,3,1413.763,0.0,0.0,0.0,0.0,141376.3
1807703,IT,WF,BUSIN,ELECT,0.01,1413.448,3,3,1413.448,0.0,0.0,0.0,0.0,141344.8
1662907,IT,DK,RETA1,MEATC,0.01,1413.18,3,3,1413.18,0.0,0.0,0.0,0.0,141318.0
1781682,IT,NO,LEATH,PLAS1,0.01,1413.142,3,3,1413.142,0.0,0.0,0.0,0.0,141314.2
1690438,IT,IE,FOOD4,OILHA,0.01,1413.011,3,3,1413.011,0.0,0.0,0.0,0.0,141301.1
1775690,IT,TR,CROPS,PRINT,0.01,1413.005,3,3,1413.005,0.0,0.0,0.0,0.0,141300.5
1723945,IT,PT,SALEM,MEATC,0.01,1412.891,3,3,1412.891,0.0,0.0,0.0,0.0,141289.1
1677868,IT,FR,BUSIN,COKEO,0.01,1412.871,3,3,1412.871,0.0,0.0,0.0,0.0,141287.1
1792697,IT,WA,BUSIN,CROPS,0.01,1412.749,3,3,1412.749,0.0,0.0,0.0,0.0,141274.9
1740535,IT,GB,RECRE,MEMBE,0.02,1412.645,3,3,1412.645,0.0,0.0,0.0,0.0,70632.25
1645138,IT,BE,PRINT,LEATH,0.01,1412.431,3,3,1412.431,0.0,0.0,0.0,0.0,141243.1
1668269,IT,ES,WHOLE,FISH5,0.01,1412.404,3,3,1412.404,0.0,0.0,0.0,0.0,141240.4
1643099,IT,AT,WHOLE,ELEC2,0.01,1412.354,3,3,1412.354,0.0,0.0,0.0,0.0,141235.4
1797948,IT,WL,FOOD4,AIRTR,0.01,1412.353,3,3,1412.353,0.0,0.0,0.0,0.0,141235.3
1654510,IT,CZ,HOTEL,ADDIT,0.01,1412.225,3,3,1412.225,0.0,0.0,0.0,0.0,141222.5
1754247,IT,CA,POSTT,ELEC3,0.02,1412.068,3,3,1412.068,0.0,0.0,0.0,0.0,70603.4
1737430,IT,GB,WEARI,AUXIL,0.01,1411.886,3,3,1411.886,0.0,0.0,0.0,0.0,141188.6
1746063,IT,JP,PRINT,PRINT,0.01,1411.879,3,3,1411.879,0.0,0.0,0.0,0.0,141187.9
1765092,IT,MX,AUXIL,LANDT,0.03,1411.74,3,3,1411.74,0.0,0.0,0.0,0.0,47058.0
1680680,IT,GR,WHOLE,ELEC2,0.01,1411.708,3,3,1411.708,0.0,0.0,0.0,0.0,141170.8
1736292,IT,SK,HOTEL,ELEC4,0.01,1411.691,3,3,1411.691,0.0,0.0,0.0,0.0,141169.1
1734705,IT,SK,LEATH,NAPHT,0.01,1411.668,3,3,1411.668,0.0,0.0,0.0,0.0,141166.8
1740459,IT,GB,FOOD4,ELEC2,0.01,1411.631,3,3,1411.631,0.0,0.0,0.0,0.0,141163.1
1803275,IT,WF,FORES,TEXTI,0.01,1411.483,4,4,1410.483,0.0,1.0,0.0,0.0,141148.3
1643723,IT,AT,SUPPO,ELECT,0.01,1411.459,3,3,1411.459,0.0,0.0,0.0,0.0,141145.9
1733482,IT,SI,WHOLE,CROPS,0.01,1411.434,3,3,1411.434,0.0,0.0,0.0,0.0,141143.4
1736743,IT,SK,REALE,INSUR,0.06,1411.369,3,3,1411.369,0.0,0.0,0.0,0.0,23522.816667
1741347,IT,US,PRINT,OILSE,0.01,1411.321,3,3,1411.321,0.0,0.0,0.0,0.0,141132.1
1678963,IT,GR,WEARI,TRAN1,0.01,1410.978,3,3,1410.978,0.0,0.0,0.0,0.0,141097.8
1722267,IT,PL,RECRE,EDUCA,0.02,1410.823,3,3,1410.823,0.0,0.0,0.0,0.0,70541.15
1751645,IT,CN,FINAN,ELEC4,0.02,1410.796,3,3,1410.796,0.0,0.0,0.0,0.0,70539.8
1730870,IT,SE,FOODW,ALUM1,0.01,1410.691,3,3,1410.691,0.0,0.0,0.0,0.0,141069.1
1681349,IT,GR,INSUR,TRAN2,0.03,1410.448,3,3,1410.448,0.0,0.0,0.0,0.0,47014.933333
1814619,IT,WM,FOODW,VEGET,0.01,1410.227,3,3,1410.227,0.0,0.0,0.0,0.0,141022.7
1801990,IT,WE,WHOLE,LIGNI,0.01,1410.198,3,3,1410.198,0.0,0.0,0.0,0.0,141019.8
1793066,IT,WA,PLAS2,VEGE1,0.01,1409.668,3,3,1409.668,0.0,0.0,0.0,0.0,140966.8
1660484,IT,DE,INSUR,BIODI,0.03,1409.644,3,3,1409.644,0.0,0.0,0.0,0.0,46988.133333
1756961,IT,KR,REALE,RETA1,0.06,1409.617,3,3,1409.617,0.0,0.0,0.0,0.0,23493.616667
1683970,IT,HR,WHOLE,FABRI,0.01,1409.58,3,3,1409.58,0.0,0.0,0.0,0.0,140958.0
1733998,IT,SI,POSTT,FABRI,0.02,1409.47,3,3,1409.47,0.0,0.0,0.0,0.0,70473.5
1724021,IT,PT,RETAI,WHOLE,0.01,1409.394,3,3,1409.394,0.0,0.0,0.0,0.0,140939.4
1641170,IT,AT,PRINT,GLASS,0.01,1409.248,3,3,1409.248,0.0,0.0,0.0,0.0,140924.8
1747639,IT,JP,SUPPO,ELEC4,0.01,1408.96,3,3,1408.96,0.0,0.0,0.0,0.0,140896.0
1683935,IT,HR,SALEM,CEMEN,0.01,1408.753,3,3,1408.753,0.0,0.0,0.0,0.0,140875.3
1722685,IT,PT,LEATH,PREC1,0.01,1408.59,3,3,1408.59,0.0,0.0,0.0,0.0,140859.0
1814782,IT,WM,FOOD4,VEGET,0.01,1408.403,3,3,1408.403,0.0,0.0,0.0,0.0,140840.3
1740575,IT,US,CROPS,BIOGA,0.01,1408.383,3,3,1408.383,0.0,0.0,0.0,0.0,140838.3
1641193,IT,AT,PRINT,DIST1,0.01,1408.375,3,3,1408.375,0.0,0.0,0.0,0.0,140837.5
1644921,IT,BE,LEATH,REALE,0.01,1408.019,3,3,1408.019,0.0,0.0,0.0,0.0,140801.9
1728690,IT,SE,PRINT,WOOD1,0.01,1407.794,3,3,1407.794,0.0,0.0,0.0,0.0,140779.4
1668138,IT,ES,SALEM,MEATP,0.01,1407.56,3,3,1407.56,0.0,0.0,0.0,0.0,140756.0
1736979,IT,GB,CROPS,REALE,0.01,1407.472,3,3,1407.472,0.0,0.0,0.0,0.0,140747.2
1753797,IT,CA,SALEM,FABRI,0.01,1407.456,3,3,1407.456,0.0,0.0,0.0,0.0,140745.6
1736732,IT,SK,REALE,SALEM,0.06,1407.38,3,3,1407.38,0.0,0.0,0.0,0.0,23456.333333
1809071,IT,WM,CROPS,VEGET,0.01,1407.206,3,3,1407.206,0.0,0.0,0.0,0.0,140720.6
1713192,IT,MT,WEARI,WHOLE,0.01,1407.132,3,3,1407.132,0.0,0.0,0.0,0.0,140713.2
1792715,IT,WA,BUSIN,SUGA1,0.01,1407.004,3,3,1407.004,0.0,0.0,0.0,0.0,140700.4
1721853,IT,PL,REALE,SALEM,0.06,1406.929,3,3,1406.929,0.0,0.0,0.0,0.0,23448.816667
1801966,IT,WE,RETAI,LEATH,0.01,1406.811,3,3,1406.811,0.0,0.0,0.0,0.0,140681.1
1651868,IT,CY,SUPPO,WHOLE,0.01,1406.787,3,3,1406.787,0.0,0.0,0.0,0.0,140678.7
1677973,IT,FR,PUBLI,PLAST,0.02,1406.528,3,3,1406.528,0.0,0.0,0.0,0.0,70326.4
1676125,IT,FR,ELEC8,COMPU,0.02,1406.457,3,3,1406.457,0.0,0.0,0.0,0.0,70322.85
1736257,IT,SK,HOTEL,MEAT1,0.01,1406.348,3,3,1406.348,0.0,0.0,0.0,0.0,140634.8
1681266,IT,GR,FINAN,SALEM,0.02,1406.042,3,3,1406.042,0.0,0.0,0.0,0.0,70302.1
1687216,IT,HU,SALEM,CHEM1,0.01,1405.878,3,3,1405.878,0.0,0.0,0.0,0.0,140587.8
1797934,IT,WL,FOOD4,NONME,0.01,1405.828,3,3,1405.828,0.0,0.0,0.0,0.0,140582.8
1770046,IT,AU,SALEM,NATUR,0.01,1405.678,3,3,1405.678,0.0,0.0,0.0,0.0,140567.8
1793076,IT,WA,INERT,RAWMI,0.01,1405.381,3,3,1405.381,0.0,0.0,0.0,0.0,140538.1
1762477,IT,IN,FINAN,RAILW,0.02,1404.935,3,3,1404.935,0.0,0.0,0.0,0.0,70246.75
1646900,IT,BE,WHOLE,PFERT,0.01,1404.918,3,3,1404.918,0.0,0.0,0.0,0.0,140491.8
1663416,IT,DK,INSUR,SEACO,0.03,1404.612,3,3,1404.612,0.0,0.0,0.0,0.0,46820.4
1724693,IT,PT,INSUR,SUPPO,0.03,1404.521,3,3,1404.521,0.0,0.0,0.0,0.0,46817.366667
1794162,IT,WL,PRINT,DAIRY,0.01,1404.51,3,3,1404.51,0.0,0.0,0.0,0.0,140451.0
1721825,IT,PL,REALE,PFERT,0.06,1404.343,3,3,1404.343,0.0,0.0,0.0,0.0,23405.716667
1664556,IT,EE,WHOLE,MOTO1,0.01,1404.24,3,3,1404.24,0.0,0.0,0.0,0.0,140424.0
1810624,IT,WM,PRINT,FOOD4,0.01,1404.15,3,3,1404.15,0.0,0.0,0.0,0.0,140415.0
1793945,IT,WL,LEATH,ELEC1,0.01,1403.935,3,3,1403.935,0.0,0.0,0.0,0.0,140393.5
1718971,IT,PL,PRINT,OILHA,0.01,1403.757,3,3,1403.757,0.0,0.0,0.0,0.0,140375.7
1797533,IT,WL,BUSIN,RAILW,0.01,1403.746,3,3,1403.746,0.0,0.0,0.0,0.0,140374.6
1659330,IT,DE,RETAI,LEAD1,0.01,1403.72,3,3,1403.72,0.0,0.0,0.0,0.0,140372.0
1675936,IT,FR,ELEC4,MEATC,0.02,1403.715,3,3,1403.715,0.0,0.0,0.0,0.0,70185.75
1765477,IT,RU,WEARI,NATU1,0.01,1403.642,3,3,1403.642,0.0,0.0,0.0,0.0,140364.2
1650670,IT,BG,RETA1,COPPE,0.01,1403.516,3,3,1403.516,0.0,0.0,0.0,0.0,140351.6
1814621,IT,WM,FOODW,NATUR,0.01,1403.444,3,3,1403.444,0.0,0.0,0.0,0.0,140344.4
1782714,IT,NO,RETA1,TEXTI,0.01,1403.43,3,3,1403.43,0.0,0.0,0.0,0.0,140343.0
1661784,IT,DK,LEATH,FOODW,0.01,1403.252,3,3,1403.252,0.0,0.0,0.0,0.0,140325.2
1804196,IT,WF,PRINT,NONFE,0.01,1402.994,3,3,1402.994,0.0,0.0,0.0,0.0,140299.4
1668304,IT,ES,WHOLE,ELECT,0.01,1402.993,3,3,1402.993,0.0,0.0,0.0,0.0,140299.3
1687239,IT,HU,WHOLE,POULT,0.01,1402.948,3,3,1402.948,0.0,0.0,0.0,0.0,140294.8
1756507,IT,KR,WHOLE,COPPE,0.01,1402.801,3,3,1402.801,0.0,0.0,0.0,0.0,140280.1
1765733,IT,RU,PRINT,WOODW,0.01,1402.457,3,3,1402.457,0.0,0.0,0.0,0.0,140245.7
1775367,IT,CH,PUBLI,TOBAC,0.02,1402.45,3,3,1402.45,0.0,0.0,0.0,0.0,70122.5
1730680,IT,SE,COMPU,FORES,0.02,1402.229,3,3,1402.229,0.0,0.0,0.0,0.0,70111.45
1792346,IT,WA,FINAN,RADIO,0.02,1402.171,3,3,1402.171,0.0,0.0,0.0,0.0,70108.55
1677543,IT,FR,AUXIL,PLAS2,0.03,1402.155,3,3,1402.155,0.0,0.0,0.0,0.0,46738.5
1751897,IT,CN,COMPU,NONSP,0.02,1402.019,3,3,1402.019,0.0,0.0,0.0,0.0,70100.95
1652053,IT,CZ,FORES,CROPS,0.01,1401.973,4,4,1400.973,0.0,1.0,0.0,0.0,140197.3
1797535,IT,WL,BUSIN,SEACO,0.01,1401.86,3,3,1401.86,0.0,0.0,0.0,0.0,140186.0
1656303,IT,DE,LEATH,OFFIC,0.01,1401.713,3,3,1401.713,0.0,0.0,0.0,0.0,140171.3
1736976,IT,GB,CROPS,PLAST,0.01,1401.669,3,3,1401.669,0.0,0.0,0.0,0.0,140166.9
1780001,IT,TW,SALEM,CEMEN,0.01,1401.545,3,3,1401.545,0.0,0.0,0.0,0.0,140154.5
1756509,IT,KR,WHOLE,CHEMI,0.01,1401.479,3,3,1401.479,0.0,0.0,0.0,0.0,140147.9
1684587,IT,HR,BUSIN,FOOD3,0.01,1401.429,3,3,1401.429,0.0,0.0,0.0,0.0,140142.9
1717556,IT,NL,COMPU,NATUR,0.02,1401.396,3,3,1401.396,0.0,0.0,0.0,0.0,70069.8
1807696,IT,WF,BUSIN,BASIC,0.01,1401.242,3,3,1401.242,0.0,0.0,0.0,0.0,140124.2
1668195,IT,ES,SALEM,FOOD3,0.01,1401.225,3,3,1401.225,0.0,0.0,0.0,0.0,140122.5
1721943,IT,PL,COMPU,NATUR,0.02,1401.028,3,3,1401.028,0.0,0.0,0.0,0.0,70051.4
1775104,IT,CH,COMPU,GASDI,0.02,1400.922,3,3,1400.922,0.0,0.0,0.0,0.0,70046.1
1651897,IT,CY,INSUR,VEGET,0.03,1400.893,3,3,1400.893,0.0,0.0,0.0,0.0,46696.433333
1755331,IT,KR,PRINT,NONME,0.01,1400.787,3,3,1400.787,0.0,0.0,0.0,0.0,140078.7
1650665,IT,BG,WHOLE,TRAN2,0.01,1400.776,3,3,1400.776,0.0,0.0,0.0,0.0,140077.6
1678245,IT,FR,SEWAG,MACHI,0.01,1400.693,3,3,1400.693,0.0,0.0,0.0,0.0,140069.3
1740093,IT,GB,COMPU,MEATC,0.02,1400.535,3,3,1400.535,0.0,0.0,0.0,0.0,70026.75
1767184,IT,RU,WHOLE,INLAN,0.01,1400.279,3,3,1400.279,0.0,0.0,0.0,0.0,140027.9
1792818,IT,WA,EDUCA,NATUR,0.03,1400.172,3,3,1400.172,0.0,0.0,0.0,0.0,46672.4
1680659,IT,GR,WHOLE,WOODW,0.01,1400.171,3,3,1400.171,0.0,0.0,0.0,0.0,140017.1
1770663,IT,AU,INSUR,VEGET,0.03,1400.127,3,3,1400.127,0.0,0.0,0.0,0.0,46670.9
1734118,IT,SI,AUXIL,FOOD5,0.03,1399.92,3,3,1399.92,0.0,0.0,0.0,0.0,46664.0
1650585,IT,BG,ELEC8,HEAVY,0.02,1399.793,3,3,1399.793,0.0,0.0,0.0,0.0,69989.65
1709501,IT,LT,WEARI,RENTI,0.01,1399.735,3,3,1399.735,0.0,0.0,0.0,0.0,139973.5
1654380,IT,CZ,SALEM,FOUND,0.01,1399.723,3,3,1399.723,0.0,0.0,0.0,0.0,139972.3
1669382,IT,ES,INSUR,MEATP,0.03,1399.716,3,3,1399.716,0.0,0.0,0.0,0.0,46657.2
1762015,IT,IN,WHOLE,BRICK,0.01,1399.714,3,3,1399.714,0.0,0.0,0.0,0.0,139971.4
1736857,IT,SK,BUSIN,HEAVY,0.01,1399.67,3,3,1399.67,0.0,0.0,0.0,0.0,139967.0
1655457,IT,DE,FORES,COMPU,0.01,1399.568,4,4,1398.568,0.0,1.0,0.0,0.0,139956.8
1672451,IT,FI,PUBLI,RESEA,0.02,1399.065,3,3,1399.065,0.0,0.0,0.0,0.0,69953.25
1765749,IT,RU,PRINT,ELEC3,0.01,1399.0,3,3,1399.0,0.0,0.0,0.0,0.0,139900.0
1747759,IT,JP,AUXIL,PRINT,0.03,1398.904,3,3,1398.904,0.0,0.0,0.0,0.0,46630.133333
1646996,IT,BE,RETA1,PFERT,0.01,1398.857,3,3,1398.857,0.0,0.0,0.0,0.0,139885.7
1680423,IT,GR,ELEC4,MEAT4,0.02,1398.833,3,3,1398.833,0.0,0.0,0.0,0.0,69941.65
1754498,IT,CA,BUSIN,NAPHT,0.01,1398.752,3,3,1398.752,0.0,0.0,0.0,0.0,139875.2
1783806,IT,NO,INERT,FABRI,0.01,1398.66,3,3,1398.66,0.0,0.0,0.0,0.0,139866.0
1654993,IT,CZ,AUXIL,RETA1,0.03,1398.574,3,3,1398.574,0.0,0.0,0.0,0.0,46619.133333
1739262,IT,GB,HOTEL,VEGE1,0.01,1398.414,3,3,1398.414,0.0,0.0,0.0,0.0,139841.4
1651235,IT,BG,FOOD4,OILSE,0.01,1398.323,3,3,1398.323,0.0,0.0,0.0,0.0,139832.3
1765033,IT,MX,INSUR,BASIC,0.03,1398.266,3,3,1398.266,0.0,0.0,0.0,0.0,46608.866667
1677591,IT,FR,REALE,GLASS,0.06,1398.218,3,3,1398.218,0.0,0.0,0.0,0.0,23303.633333
1801851,IT,WE,ELE11,TEXTI,0.02,1397.995,3,3,1397.995,0.0,0.0,0.0,0.0,69899.75
1764675,IT,MX,HOTEL,CROPS,0.01,1397.922,3,3,1397.922,0.0,0.0,0.0,0.0,139792.2
1765042,IT,MX,INSUR,ELECT,0.03,1397.85,3,3,1397.85,0.0,0.0,0.0,0.0,46595.0
1648438,IT,BG,PADDY,CONST,0.01,1397.809,3,3,1397.809,0.0,0.0,0.0,0.0,139780.9
1665832,IT,ES,PRINT,KEROS,0.01,1397.806,3,3,1397.806,0.0,0.0,0.0,0.0,139780.6
1724011,IT,PT,RETAI,BIODI,0.01,1397.716,3,3,1397.716,0.0,0.0,0.0,0.0,139771.6
1724900,IT,PT,BUSIN,ELEC7,0.01,1397.628,3,3,1397.628,0.0,0.0,0.0,0.0,139762.8
1711953,IT,LU,INERT,COPP1,0.01,1397.549,3,3,1397.549,0.0,0.0,0.0,0.0,139754.9
1681220,IT,GR,FINAN,POULT,0.02,1397.53,3,3,1397.53,0.0,0.0,0.0,0.0,69876.5
1745843,IT,JP,LEATH,GASDI,0.01,1397.527,3,3,1397.527,0.0,0.0,0.0,0.0,139752.7
1803906,IT,WF,WEARI,GASDI,0.01,1397.315,3,3,1397.315,0.0,0.0,0.0,0.0,139731.5
1688191,IT,HU,BUSIN,INTER,0.01,1397.256,3,3,1397.256,0.0,0.0,0.0,0.0,139725.6
1646854,IT,BE,RETAI,RENTI,0.01,1397.07,3,3,1397.07,0.0,0.0,0.0,0.0,139707.0
1687291,IT,HU,RETA1,CROPS,0.01,1397.038,3,3,1397.038,0.0,0.0,0.0,0.0,139703.8
1792256,IT,WA,POSTT,ALUM1,0.02,1397.009,3,3,1397.009,0.0,0.0,0.0,0.0,69850.45
1734205,IT,SI,REALE,EDUCA,0.06,1396.64,3,3,1396.64,0.0,0.0,0.0,0.0,23277.333333
1736666,IT,SK,INSUR,LANDT,0.03,1396.566,3,3,1396.566,0.0,0.0,0.0,0.0,46552.2
1681214,IT,GR,FINAN,CEREA,0.02,1396.493,3,3,1396.493,0.0,0.0,0.0,0.0,69824.65
1751538,IT,CN,SUPPO,RECRE,0.01,1396.264,3,3,1396.264,0.0,0.0,0.0,0.0,139626.4
1710589,IT,LT,BUSIN,RECRE,0.01,1396.245,3,3,1396.245,0.0,0.0,0.0,0.0,139624.5
1779789,IT,TR,BUSIN,INLAN,0.01,1396.162,3,3,1396.162,0.0,0.0,0.0,0.0,139616.2
1670172,IT,ES,MEMBE,REALE,0.02,1395.978,3,3,1395.978,0.0,0.0,0.0,0.0,69798.9
1734057,IT,SI,FINAN,RENTI,0.02,1395.954,3,3,1395.954,0.0,0.0,0.0,0.0,69797.7
1775540,IT,CH,FOOD4,SUPPO,0.01,1395.898,3,3,1395.898,0.0,0.0,0.0,0.0,139589.8
1661913,IT,DK,PRINT,FURNI,0.01,1395.566,3,3,1395.566,0.0,0.0,0.0,0.0,139556.6
1660178,IT,DE,SUPPO,ELEC1,0.01,1395.558,3,3,1395.558,0.0,0.0,0.0,0.0,139555.8
1814945,IT,WM,PRIVA,FOUND,0.31,1395.519,3,3,1395.519,0.0,0.0,0.0,0.0,4501.674194
1659135,IT,DE,ELEC8,MOTO1,0.02,1395.501,3,3,1395.501,0.0,0.0,0.0,0.0,69775.05
1724794,IT,PT,COMPU,PLAST,0.02,1395.487,3,3,1395.487,0.0,0.0,0.0,0.0,69774.35
1645156,IT,BE,PRINT,NONME,0.01,1395.149,3,3,1395.149,0.0,0.0,0.0,0.0,139514.9
1760765,IT,IN,PRINT,FOUND,0.01,1395.122,3,3,1395.122,0.0,0.0,0.0,0.0,139512.2
1774793,IT,CH,POSTT,CERAM,0.02,1394.793,3,3,1394.793,0.0,0.0,0.0,0.0,69739.65
1807371,IT,WF,FINAN,BASIC,0.02,1394.754,3,3,1394.754,0.0,0.0,0.0,0.0,69737.7
1762553,IT,IN,INSUR,93197,0.03,1394.708,3,3,1394.708,0.0,0.0,0.0,0.0,46490.266667
1688587,IT,IE,PRINT,POSTT,0.01,1394.602,3,3,1394.602,0.0,0.0,0.0,0.0,139460.2
1736787,IT,SK,COMPU,BASIC,0.02,1394.385,3,3,1394.385,0.0,0.0,0.0,0.0,69719.25
1794205,IT,WL,PRINT,MEDIC,0.01,1394.227,3,3,1394.227,0.0,0.0,0.0,0.0,139422.7
1760229,IT,BR,INERT,RENTI,0.01,1394.168,3,3,1394.168,0.0,0.0,0.0,0.0,139416.8
1689111,IT,IE,SALEM,HYDRO,0.01,1394.077,3,3,1394.077,0.0,0.0,0.0,0.0,139407.7
1710384,IT,LT,HOTEL,MOTO1,0.01,1394.049,3,3,1394.049,0.0,0.0,0.0,0.0,139404.9
1733500,IT,SI,WHOLE,CERAM,0.01,1393.999,3,3,1393.999,0.0,0.0,0.0,0.0,139399.9
1793110,IT,WA,MEMBE,PUBLI,0.02,1393.944,3,3,1393.944,0.0,0.0,0.0,0.0,69697.2
1759326,IT,BR,FINAN,OILSE,0.02,1393.781,3,3,1393.781,0.0,0.0,0.0,0.0,69689.05
1668200,IT,ES,SALEM,WOOD2,0.01,1393.47,3,3,1393.47,0.0,0.0,0.0,0.0,139347.0
1710534,IT,LT,SUPPO,RETAI,0.01,1393.162,3,3,1393.162,0.0,0.0,0.0,0.0,139316.2
1714343,IT,MT,TEXT2,FOOD5,0.01,1393.077,3,3,1393.077,0.0,0.0,0.0,0.0,139307.7
1797755,IT,WL,TEXT1,FISH5,0.01,1392.829,3,3,1392.829,0.0,0.0,0.0,0.0,139282.9
1678260,IT,FR,SEWAG,RECRE,0.01,1392.819,3,3,1392.819,0.0,0.0,0.0,0.0,139281.9
1767240,IT,RU,HOTEL,MEATC,0.01,1392.813,3,3,1392.813,0.0,0.0,0.0,0.0,139281.3
1681626,IT,GR,RECRE,SUPPO,0.02,1392.805,3,3,1392.805,0.0,0.0,0.0,0.0,69640.25
1740468,IT,GB,FOOD4,FOOD3,0.01,1392.758,3,3,1392.758,0.0,0.0,0.0,0.0,139275.8
1647766,IT,BE,INSUR,RECRE,0.03,1392.738,3,3,1392.738,0.0,0.0,0.0,0.0,46424.6
1781777,IT,NO,PRINT,LANDT,0.01,1392.636,3,3,1392.636,0.0,0.0,0.0,0.0,139263.6
1756490,IT,KR,SALEM,HOTEL,0.01,1392.546,3,3,1392.546,0.0,0.0,0.0,0.0,139254.6
1797161,IT,WL,POSTT,DIST1,0.02,1392.462,3,3,1392.462,0.0,0.0,0.0,0.0,69623.1
1648437,IT,BG,PADDY,RAWMI,0.01,1392.437,3,3,1392.437,0.0,0.0,0.0,0.0,139243.7
1650983,IT,BG,SUPPO,BASIC,0.01,1392.4,3,3,1392.4,0.0,0.0,0.0,0.0,139240.0
1734914,IT,SK,PRINT,HOTEL,0.01,1392.246,3,3,1392.246,0.0,0.0,0.0,0.0,139224.6
1681059,IT,GR,SUPPO,ANIMA,0.01,1392.098,3,3,1392.098,0.0,0.0,0.0,0.0,139209.8
1780640,IT,TW,INSUR,HEALT,0.03,1391.993,3,3,1391.993,0.0,0.0,0.0,0.0,46399.766667
1659238,IT,DE,SALEM,HEAVY,0.01,1391.916,3,3,1391.916,0.0,0.0,0.0,0.0,139191.6
1765101,IT,MX,REALE,WOODW,0.06,1391.91,3,3,1391.91,0.0,0.0,0.0,0.0,23198.5
1684597,IT,HR,PUBLI,TRANS,0.02,1391.894,3,3,1391.894,0.0,0.0,0.0,0.0,69594.7
1733460,IT,SI,SALEM,BRICK,0.01,1391.856,3,3,1391.856,0.0,0.0,0.0,0.0,139185.6
1730075,IT,SE,RETA1,GASDI,0.01,1391.652,3,3,1391.652,0.0,0.0,0.0,0.0,139165.2
1727459,IT,RO,AUXIL,MEAT1,0.03,1391.65,3,3,1391.65,0.0,0.0,0.0,0.0,46388.333333
1784808,IT,ID,HOTEL,SECO9,0.01,1391.575,3,3,1391.575,0.0,0.0,0.0,0.0,139157.5
1725013,IT,PT,FOOD4,FOOD4,0.01,1391.485,3,3,1391.485,0.0,0.0,0.0,0.0,139148.5
1770822,IT,AU,BUSIN,CEREA,0.01,1391.47,3,3,1391.47,0.0,0.0,0.0,0.0,139147.0
1736214,IT,SK,RETA1,CATTL,0.01,1391.423,3,3,1391.423,0.0,0.0,0.0,0.0,139142.3
1660313,IT,DE,POSTT,WASTE,0.02,1391.376,3,3,1391.376,0.0,0.0,0.0,0.0,69568.8
1813732,IT,WM,HOTEL,PAPER,0.01,1391.367,3,3,1391.367,0.0,0.0,0.0,0.0,139136.7
1734100,IT,SI,INSUR,SUPPO,0.03,1391.244,3,3,1391.244,0.0,0.0,0.0,0.0,46374.8
1647605,IT,BE,POSTT,ELEC3,0.02,1390.862,3,3,1390.862,0.0,0.0,0.0,0.0,69543.1
1767858,IT,RU,AUXIL,RETAI,0.03,1390.753,3,3,1390.753,0.0,0.0,0.0,0.0,46358.433333
1650632,IT,BG,SALEM,PULP5,0.01,1390.46,3,3,1390.46,0.0,0.0,0.0,0.0,139046.0
1802889,IT,WE,RECRE,TOBAC,0.02,1390.418,3,3,1390.418,0.0,0.0,0.0,0.0,69520.9
1754211,IT,CA,POSTT,IRONO,0.02,1390.303,3,3,1390.303,0.0,0.0,0.0,0.0,69515.15
1808872,IT,WF,PRIVA,PFERT,0.31,1389.892,3,3,1389.892,0.0,0.0,0.0,0.0,4483.522581
1734915,IT,SK,PRINT,POSTT,0.01,1389.662,3,3,1389.662,0.0,0.0,0.0,0.0,138966.2
1740458,IT,GB,FOOD4,BASIC,0.01,1389.552,3,3,1389.552,0.0,0.0,0.0,0.0,138955.2
1712828,IT,LV,POSTT,FINAN,0.02,1389.449,3,3,1389.449,0.0,0.0,0.0,0.0,69472.45
1647587,IT,BE,POSTT,KEROS,0.02,1389.395,3,3,1389.395,0.0,0.0,0.0,0.0,69469.75
1736255,IT,SK,HOTEL,PRECI,0.01,1389.391,3,3,1389.391,0.0,0.0,0.0,0.0,138939.1
1671771,IT,FI,RETAI,WASTE,0.01,1389.342,3,3,1389.342,0.0,0.0,0.0,0.0,138934.2
1670609,IT,FI,WEARI,AUXIL,0.01,1389.288,3,3,1389.288,0.0,0.0,0.0,0.0,138928.8
1743506,IT,US,RETA1,OFFIC,0.01,1389.189,3,3,1389.189,0.0,0.0,0.0,0.0,138918.9
1814376,IT,WM,AUXIL,MOTOR,0.03,1389.083,3,3,1389.083,0.0,0.0,0.0,0.0,46302.766667
1650678,IT,BG,RETA1,PAPER,0.01,1388.894,3,3,1388.894,0.0,0.0,0.0,0.0,138889.4
1808627,IT,WF,PLAS2,AUXIL,0.01,1388.875,3,3,1388.875,0.0,0.0,0.0,0.0,138887.5
1767813,IT,RU,INSUR,FOOD4,0.03,1388.802,3,3,1388.802,0.0,0.0,0.0,0.0,46293.4
1678014,IT,FR,EDUCA,WEARI,0.03,1388.782,3,3,1388.782,0.0,0.0,0.0,0.0,46292.733333
1722861,IT,PT,PRINT,COPP1,0.01,1388.772,3,3,1388.772,0.0,0.0,0.0,0.0,138877.2
1752261,IT,CA,FORES,MACHI,0.01,1388.732,4,4,1387.732,0.0,1.0,0.0,0.0,138873.2
1676005,IT,FR,ELEC5,TRANS,0.02,1388.727,3,3,1388.727,0.0,0.0,0.0,0.0,69436.35
1783006,IT,NO,POSTT,FINAN,0.02,1388.543,3,3,1388.543,0.0,0.0,0.0,0.0,69427.15
1743468,IT,US,WHOLE,ELECT,0.01,1388.537,3,3,1388.537,0.0,0.0,0.0,0.0,138853.7
1711763,IT,LU,BUSIN,PAPE4,0.01,1388.507,3,3,1388.507,0.0,0.0,0.0,0.0,138850.7
1733535,IT,SI,WHOLE,TEXT2,0.01,1388.465,3,3,1388.465,0.0,0.0,0.0,0.0,138846.5
1711413,IT,LU,HOTEL,FABRI,0.01,1388.336,3,3,1388.336,0.0,0.0,0.0,0.0,138833.6
1739931,IT,GB,INSUR,ELEC3,0.03,1388.289,3,3,1388.289,0.0,0.0,0.0,0.0,46276.3
1648339,IT,BE,EDUCA,MEMBE,0.03,1388.242,3,3,1388.242,0.0,0.0,0.0,0.0,46274.733333
1751659,IT,CN,FINAN,HEALT,0.02,1388.186,3,3,1388.186,0.0,0.0,0.0,0.0,69409.3
1775562,IT,CH,INERT,RECRE,0.01,1388.124,3,3,1388.124,0.0,0.0,0.0,0.0,138812.4
1724718,IT,PT,AUXIL,BIODI,0.03,1388.001,3,3,1388.001,0.0,0.0,0.0,0.0,46266.7
1681457,IT,GR,COMPU,CHEM1,0.02,1387.837,3,3,1387.837,0.0,0.0,0.0,0.0,69391.85
1682181,IT,HR,WEARI,STONE,0.01,1387.733,3,3,1387.733,0.0,0.0,0.0,0.0,138773.3
1765510,IT,RU,WEARI,RAILW,0.01,1387.693,3,3,1387.693,0.0,0.0,0.0,0.0,138769.3
1648937,IT,BG,WEARI,FURNI,0.01,1387.618,3,3,1387.618,0.0,0.0,0.0,0.0,138761.8
1647012,IT,BE,RETA1,FABRI,0.01,1387.35,3,3,1387.35,0.0,0.0,0.0,0.0,138735.0
1688051,IT,HU,COMPU,NONME,0.02,1387.325,3,3,1387.325,0.0,0.0,0.0,0.0,69366.25
1721576,IT,PL,POSTT,FORES,0.02,1387.283,3,3,1387.283,0.0,0.0,0.0,0.0,69364.15
1770330,IT,AU,HOTEL,FOOD4,0.01,1387.276,3,3,1387.276,0.0,0.0,0.0,0.0,138727.6
1644171,IT,AT,RECRE,SUPPO,0.02,1387.213,3,3,1387.213,0.0,0.0,0.0,0.0,69360.65
1740421,IT,GB,SEWAG,INTER,0.01,1387.116,3,3,1387.116,0.0,0.0,0.0,0.0,138711.6
1690415,IT,IE,FOOD4,LEAD1,0.01,1387.044,3,3,1387.044,0.0,0.0,0.0,0.0,138704.4
1725008,IT,PT,FOOD4,RUBBE,0.01,1386.893,3,3,1386.893,0.0,0.0,0.0,0.0,138689.3
1688194,IT,HU,BUSIN,FOOD2,0.01,1386.82,3,3,1386.82,0.0,0.0,0.0,0.0,138682.0
1725743,IT,RO,PRINT,LIGNI,0.01,1386.708,3,3,1386.708,0.0,0.0,0.0,0.0,138670.8
1676106,IT,FR,ELEC8,MACHI,0.02,1386.525,3,3,1386.525,0.0,0.0,0.0,0.0,69326.25
1680782,IT,GR,HOTEL,WHOLE,0.01,1385.997,3,3,1385.997,0.0,0.0,0.0,0.0,138599.7
1753850,IT,CA,WHOLE,MEMBE,0.01,1385.935,3,3,1385.935,0.0,0.0,0.0,0.0,138593.5
1733419,IT,SI,ELEC4,DISTR,0.02,1385.926,3,3,1385.926,0.0,0.0,0.0,0.0,69296.3
1784771,IT,ID,HOTEL,CROPS,0.01,1385.893,3,3,1385.893,0.0,0.0,0.0,0.0,138589.3
1807691,IT,WF,BUSIN,HEAVY,0.01,1385.412,3,3,1385.412,0.0,0.0,0.0,0.0,138541.2
1677345,IT,FR,FINAN,WOOD2,0.02,1385.145,3,3,1385.145,0.0,0.0,0.0,0.0,69257.25
1758880,IT,BR,HOTEL,RADIO,0.01,1385.121,3,3,1385.121,0.0,0.0,0.0,0.0,138512.1
1669805,IT,ES,BUSIN,ELEC7,0.01,1385.12,3,3,1385.12,0.0,0.0,0.0,0.0,138512.0
1791355,IT,WA,SALEM,ELEC2,0.01,1385.119,3,3,1385.119,0.0,0.0,0.0,0.0,138511.9
1797995,IT,WL,PLAS2,CRUDE,0.01,1384.855,3,3,1384.855,0.0,0.0,0.0,0.0,138485.5
1661690,IT,DK,WEARI,PRINT,0.01,1384.254,3,3,1384.254,0.0,0.0,0.0,0.0,138425.4
1787155,IT,ZA,PUBLI,CEMEN,0.02,1384.237,3,3,1384.237,0.0,0.0,0.0,0.0,69211.85
1677176,IT,FR,POSTT,COPP1,0.02,1384.175,3,3,1384.175,0.0,0.0,0.0,0.0,69208.75
1733417,IT,SI,ELEC4,ALUM1,0.02,1384.128,3,3,1384.128,0.0,0.0,0.0,0.0,69206.4
1801938,IT,WE,SALEM,FURNI,0.01,1383.988,3,3,1383.988,0.0,0.0,0.0,0.0,138398.8
1713272,IT,MT,PRINT,BEVER,0.01,1383.944,3,3,1383.944,0.0,0.0,0.0,0.0,138394.4
1814380,IT,WM,AUXIL,LIQUE,0.03,1383.7,3,3,1383.7,0.0,0.0,0.0,0.0,46123.333333
1678250,IT,FR,SEWAG,POSTT,0.01,1383.656,3,3,1383.656,0.0,0.0,0.0,0.0,138365.6
1767239,IT,RU,HOTEL,CHEMI,0.01,1383.412,3,3,1383.412,0.0,0.0,0.0,0.0,138341.2
1689201,IT,IE,RETAI,FABRI,0.01,1383.194,3,3,1383.194,0.0,0.0,0.0,0.0,138319.4
1771620,IT,CH,WEARI,CROPS,0.01,1383.04,3,3,1383.04,0.0,0.0,0.0,0.0,138304.0
1677580,IT,FR,REALE,KEROS,0.06,1382.994,3,3,1382.994,0.0,0.0,0.0,0.0,23049.9
1739204,IT,GB,RETA1,ELEC7,0.01,1382.566,3,3,1382.566,0.0,0.0,0.0,0.0,138256.6
1756989,IT,KR,COMPU,SEACO,0.02,1382.549,3,3,1382.549,0.0,0.0,0.0,0.0,69127.45
1734367,IT,SI,PUBLI,BUSIN,0.02,1382.279,3,3,1382.279,0.0,0.0,0.0,0.0,69113.95
1797616,IT,WL,FOODW,ELEC4,0.01,1382.216,3,3,1382.216,0.0,0.0,0.0,0.0,138221.6
1685302,IT,HU,WEARI,FORES,0.01,1382.213,3,3,1382.213,0.0,0.0,0.0,0.0,138221.3
1711514,IT,LU,POSTT,CERAM,0.02,1381.968,3,3,1381.968,0.0,0.0,0.0,0.0,69098.4
1765068,IT,MX,INSUR,RENTI,0.03,1381.895,3,3,1381.895,0.0,0.0,0.0,0.0,46063.166667
1762595,IT,IN,AUXIL,COLLE,0.03,1381.867,3,3,1381.867,0.0,0.0,0.0,0.0,46062.233333
1659093,IT,DE,ELEC5,FABRI,0.02,1381.859,3,3,1381.859,0.0,0.0,0.0,0.0,69092.95
1669524,IT,ES,AUXIL,93197,0.03,1381.804,3,3,1381.804,0.0,0.0,0.0,0.0,46060.133333
1730052,IT,SE,WHOLE,LANDT,0.01,1381.628,3,3,1381.628,0.0,0.0,0.0,0.0,138162.8
1792465,IT,WA,AUXIL,SUPPO,0.03,1381.543,3,3,1381.543,0.0,0.0,0.0,0.0,46051.433333
1721675,IT,PL,FINAN,PAPER,0.02,1381.32,3,3,1381.32,0.0,0.0,0.0,0.0,69066.0
1711776,IT,LU,PUBLI,PRINT,0.02,1380.934,3,3,1380.934,0.0,0.0,0.0,0.0,69046.7
1780681,IT,TW,AUXIL,RESEA,0.03,1380.741,3,3,1380.741,0.0,0.0,0.0,0.0,46024.7
1687318,IT,HU,RETA1,DISTR,0.01,1380.614,3,3,1380.614,0.0,0.0,0.0,0.0,138061.4
1689680,IT,IE,POSTT,HOTEL,0.02,1380.543,3,3,1380.543,0.0,0.0,0.0,0.0,69027.15
1718568,IT,PL,WEARI,AUXIL,0.01,1380.43,3,3,1380.43,0.0,0.0,0.0,0.0,138043.0
1711685,IT,LU,BUSIN,SANDC,0.01,1380.428,3,3,1380.428,0.0,0.0,0.0,0.0,138042.8
1733476,IT,SI,SALEM,PAPE4,0.01,1380.411,3,3,1380.411,0.0,0.0,0.0,0.0,138041.1
1646898,IT,BE,WHOLE,NUCLE,0.01,1380.395,3,3,1380.395,0.0,0.0,0.0,0.0,138039.5
1754292,IT,CA,FINAN,COMPU,0.02,1380.293,3,3,1380.293,0.0,0.0,0.0,0.0,69014.65
1681606,IT,GR,PUBLI,HEAVY,0.02,1380.077,3,3,1380.077,0.0,0.0,0.0,0.0,69003.85
1754213,IT,CA,POSTT,MEATC,0.02,1380.008,3,3,1380.008,0.0,0.0,0.0,0.0,69000.4
1726905,IT,RO,RETA1,PAPE4,0.01,1379.704,3,3,1379.704,0.0,0.0,0.0,0.0,137970.4
1641150,IT,AT,PRINT,MEATC,0.01,1378.93,3,3,1378.93,0.0,0.0,0.0,0.0,137893.0
1771047,IT,CH,FORES,HEALT,0.01,1378.927,4,4,1377.927,0.0,1.0,0.0,0.0,137892.7
1807305,IT,WF,POSTT,PREC1,0.02,1378.785,3,3,1378.785,0.0,0.0,0.0,0.0,68939.25
1646963,IT,BE,WHOLE,FOOD4,0.01,1378.645,3,3,1378.645,0.0,0.0,0.0,0.0,137864.5
1734270,IT,SI,COMPU,AUXIL,0.02,1378.582,3,3,1378.582,0.0,0.0,0.0,0.0,68929.1
1671830,IT,FI,RETA1,ELEC5,0.01,1378.296,3,3,1378.296,0.0,0.0,0.0,0.0,137829.6
1793069,IT,WA,PLAS2,SEACO,0.01,1378.2,3,3,1378.2,0.0,0.0,0.0,0.0,137820.0
1814402,IT,WM,AUXIL,MEMBE,0.03,1378.146,3,3,1378.146,0.0,0.0,0.0,0.0,45938.2
1724671,IT,PT,INSUR,BASIC,0.03,1378.03,3,3,1378.03,0.0,0.0,0.0,0.0,45934.333333
1671788,IT,FI,WHOLE,SALEM,0.01,1378.011,3,3,1378.011,0.0,0.0,0.0,0.0,137801.1
1762490,IT,IN,INSUR,FORES,0.03,1377.981,3,3,1377.981,0.0,0.0,0.0,0.0,45932.7
1767892,IT,RU,REALE,STEAM,0.06,1377.966,3,3,1377.966,0.0,0.0,0.0,0.0,22966.1
1765133,IT,MX,BUSIN,NATUR,0.01,1377.892,3,3,1377.892,0.0,0.0,0.0,0.0,137789.2
1731880,IT,SI,PRINT,SEACO,0.01,1377.756,3,3,1377.756,0.0,0.0,0.0,0.0,137775.6
1788660,IT,WA,PRINT,PRIVA,0.01,1377.65,3,3,1377.65,0.0,0.0,0.0,0.0,137765.0
1784760,IT,ID,RETA1,FABRI,0.01,1377.542,3,3,1377.542,0.0,0.0,0.0,0.0,137754.2
1646847,IT,BE,RETAI,MOTO1,0.01,1377.498,3,3,1377.498,0.0,0.0,0.0,0.0,137749.8
1717558,IT,NL,COMPU,WEARI,0.02,1377.325,3,3,1377.325,0.0,0.0,0.0,0.0,68866.25
1745130,IT,US,RECRE,CONST,0.02,1377.303,3,3,1377.303,0.0,0.0,0.0,0.0,68865.15
1673396,IT,FR,WEARI,MEAT4,0.01,1376.957,3,3,1376.957,0.0,0.0,0.0,0.0,137695.7
1647747,IT,BE,INSUR,INLAN,0.03,1376.764,3,3,1376.764,0.0,0.0,0.0,0.0,45892.133333
1688164,IT,HU,BUSIN,STEAM,0.01,1376.56,3,3,1376.56,0.0,0.0,0.0,0.0,137656.0
1685303,IT,HU,WEARI,DAIRY,0.01,1376.494,3,3,1376.494,0.0,0.0,0.0,0.0,137649.4
1669158,IT,ES,POSTT,NONSP,0.02,1376.477,3,3,1376.477,0.0,0.0,0.0,0.0,68823.85
1765037,IT,MX,INSUR,COPP1,0.03,1376.444,3,3,1376.444,0.0,0.0,0.0,0.0,45881.466667
1731103,IT,SI,FORES,RETA1,0.01,1376.32,4,4,1375.32,0.0,1.0,0.0,0.0,137632.0
1771048,IT,CH,FORES,FOODW,0.01,1376.11,4,4,1375.11,0.0,1.0,0.0,0.0,137611.0
1659101,IT,DE,ELEC5,HOTEL,0.02,1376.094,3,3,1376.094,0.0,0.0,0.0,0.0,68804.7
1647880,IT,BE,REALE,PRINT,0.06,1375.982,3,3,1375.982,0.0,0.0,0.0,0.0,22933.033333
1814595,IT,WM,BUSIN,SEACO,0.01,1375.946,3,3,1375.946,0.0,0.0,0.0,0.0,137594.6
1791557,IT,WA,RETA1,TRANS,0.01,1375.772,3,3,1375.772,0.0,0.0,0.0,0.0,137577.2
1654435,IT,CZ,WHOLE,MEMBE,0.01,1375.596,3,3,1375.596,0.0,0.0,0.0,0.0,137559.6
1671853,IT,FI,RETA1,FOOD2,0.01,1375.51,3,3,1375.51,0.0,0.0,0.0,0.0,137551.0
1684670,IT,HR,INERT,MEMBE,0.01,1374.935,3,3,1374.935,0.0,0.0,0.0,0.0,137493.5
1680427,IT,GR,ELEC4,TEXTI,0.02,1374.894,3,3,1374.894,0.0,0.0,0.0,0.0,68744.7
1660840,IT,DE,COMPU,BLAST,0.02,1374.813,3,3,1374.813,0.0,0.0,0.0,0.0,68740.65
1767686,IT,RU,POSTT,93197,0.02,1374.676,3,3,1374.676,0.0,0.0,0.0,0.0,68733.8
1651800,IT,CY,SALEM,BUSIN,0.01,1374.435,3,3,1374.435,0.0,0.0,0.0,0.0,137443.5
1654343,IT,CZ,ELEC4,CONST,0.02,1374.417,3,3,1374.417,0.0,0.0,0.0,0.0,68720.85
1659089,IT,DE,ELEC5,CHEM1,0.02,1374.048,3,3,1374.048,0.0,0.0,0.0,0.0,68702.4
1645172,IT,BE,PRINT,ELEC5,0.01,1374.01,3,3,1374.01,0.0,0.0,0.0,0.0,137401.0
1669931,IT,ES,EDUCA,HEAVY,0.03,1373.954,3,3,1373.954,0.0,0.0,0.0,0.0,45798.466667
1670607,IT,FI,WEARI,FINAN,0.01,1373.812,3,3,1373.812,0.0,0.0,0.0,0.0,137381.2
1782684,IT,NO,WHOLE,LEAD1,0.01,1373.757,3,3,1373.757,0.0,0.0,0.0,0.0,137375.7
1798313,IT,WE,CROPS,CERAM,0.01,1373.749,3,3,1373.749,0.0,0.0,0.0,0.0,137374.9
1669349,IT,ES,FINAN,HEALT,0.02,1373.65,3,3,1373.65,0.0,0.0,0.0,0.0,68682.5
1662840,IT,DK,RETAI,CEREA,0.01,1373.579,3,3,1373.579,0.0,0.0,0.0,0.0,137357.9
1715397,IT,NL,PRINT,HEALT,0.01,1373.575,3,3,1373.575,0.0,0.0,0.0,0.0,137357.5
1779445,IT,TR,REALE,INSUR,0.06,1373.31,3,3,1373.31,0.0,0.0,0.0,0.0,22888.5
1677366,IT,FR,INSUR,MEATP,0.03,1373.269,3,3,1373.269,0.0,0.0,0.0,0.0,45775.633333
1672406,IT,FI,BUSIN,BIOG1,0.01,1373.038,3,3,1373.038,0.0,0.0,0.0,0.0,137303.8
1717585,IT,NL,COMPU,AIRTR,0.02,1373.004,3,3,1373.004,0.0,0.0,0.0,0.0,68650.2
1767659,IT,RU,POSTT,ELEC4,0.02,1372.652,3,3,1372.652,0.0,0.0,0.0,0.0,68632.6
1745771,IT,JP,WEARI,GASWO,0.01,1372.46,3,3,1372.46,0.0,0.0,0.0,0.0,137246.0
1781768,IT,NO,PRINT,OFFIC,0.01,1372.452,3,3,1372.452,0.0,0.0,0.0,0.0,137245.2
1724641,IT,PT,FINAN,PAPE1,0.02,1372.444,3,3,1372.444,0.0,0.0,0.0,0.0,68622.2
1713276,IT,MT,PRINT,RUBBE,0.01,1372.379,3,3,1372.379,0.0,0.0,0.0,0.0,137237.9
1713900,IT,MT,ELEC5,FOOD4,0.02,1372.364,3,3,1372.364,0.0,0.0,0.0,0.0,68618.2
1711316,IT,LU,WHOLE,PLAST,0.01,1372.27,3,3,1372.27,0.0,0.0,0.0,0.0,137227.0
1677565,IT,FR,REALE,MEATC,0.06,1372.25,3,3,1372.25,0.0,0.0,0.0,0.0,22870.833333
1767171,IT,RU,WHOLE,CHEM1,0.01,1372.239,3,3,1372.239,0.0,0.0,0.0,0.0,137223.9
1717697,IT,NL,BUSIN,STEAM,0.01,1372.185,3,3,1372.185,0.0,0.0,0.0,0.0,137218.5
1765521,IT,RU,WEARI,FOOD4,0.01,1371.259,3,3,1371.259,0.0,0.0,0.0,0.0,137125.9
1737679,IT,GB,PRINT,COLLE,0.01,1371.254,3,3,1371.254,0.0,0.0,0.0,0.0,137125.4
1806808,IT,WF,RETA1,NAPHT,0.01,1371.249,3,3,1371.249,0.0,0.0,0.0,0.0,137124.9
1796308,IT,WL,SALEM,VEGE1,0.01,1371.234,3,3,1371.234,0.0,0.0,0.0,0.0,137123.4
1763106,IT,MX,WEARI,FOUND,0.01,1371.092,3,3,1371.092,0.0,0.0,0.0,0.0,137109.2
1802516,IT,WE,POSTT,DISTR,0.02,1370.92,3,3,1370.92,0.0,0.0,0.0,0.0,68546.0
1640210,IT,AT,FORES,RAWMI,0.01,1370.734,4,4,1369.734,0.0,1.0,0.0,0.0,137073.4
1688463,IT,IE,WEARI,PLAST,0.01,1370.634,3,3,1370.634,0.0,0.0,0.0,0.0,137063.4
1751067,IT,CN,RETA1,WHEAT,0.01,1370.579,3,3,1370.579,0.0,0.0,0.0,0.0,137057.9
1665500,IT,ES,WEARI,ELEC4,0.01,1370.126,3,3,1370.126,0.0,0.0,0.0,0.0,137012.6
1678958,IT,GR,WEARI,FABRI,0.01,1370.0,3,3,1370.0,0.0,0.0,0.0,0.0,137000.0
1773851,IT,CH,ELEC5,HOTEL,0.02,1369.976,3,3,1369.976,0.0,0.0,0.0,0.0,68498.8
1730385,IT,SE,POSTT,PIGS9,0.02,1369.278,3,3,1369.278,0.0,0.0,0.0,0.0,68463.9
1736631,IT,SK,FINAN,ELEC4,0.02,1369.155,3,3,1369.155,0.0,0.0,0.0,0.0,68457.75
1652051,IT,CZ,FORES,VEGET,0.01,1368.992,4,4,1367.992,0.0,1.0,0.0,0.0,136899.2
1673416,IT,FR,WEARI,LUBRI,0.01,1368.915,3,3,1368.915,0.0,0.0,0.0,0.0,136891.5
1651108,IT,BG,COMPU,ALUM1,0.02,1368.897,3,3,1368.897,0.0,0.0,0.0,0.0,68444.85
1778548,IT,TR,RETA1,RADIO,0.01,1368.84,3,3,1368.84,0.0,0.0,0.0,0.0,136884.0
1651066,IT,BG,INSUR,CHEM1,0.03,1368.832,3,3,1368.832,0.0,0.0,0.0,0.0,45627.733333
1677998,IT,FR,PUBLI,HEALT,0.02,1368.46,3,3,1368.46,0.0,0.0,0.0,0.0,68423.0
1668440,IT,ES,RETA1,INLAN,0.01,1368.43,3,3,1368.43,0.0,0.0,0.0,0.0,136843.0
1650577,IT,BG,ELEC8,TEXTI,0.02,1368.416,3,3,1368.416,0.0,0.0,0.0,0.0,68420.8
1646809,IT,BE,SALEM,RAILW,0.01,1368.259,3,3,1368.259,0.0,0.0,0.0,0.0,136825.9
1668224,IT,ES,RETAI,FABRI,0.01,1368.224,3,3,1368.224,0.0,0.0,0.0,0.0,136822.4
1807308,IT,WF,POSTT,NONF1,0.02,1368.192,3,3,1368.192,0.0,0.0,0.0,0.0,68409.6
1643809,IT,AT,FINAN,WEARI,0.02,1368.109,3,3,1368.109,0.0,0.0,0.0,0.0,68405.45
1736791,IT,SK,COMPU,FOUND,0.02,1368.056,3,3,1368.056,0.0,0.0,0.0,0.0,68402.8
1739867,IT,GB,FINAN,ELECT,0.02,1368.002,3,3,1368.002,0.0,0.0,0.0,0.0,68400.1
1759831,IT,BR,FOODW,FISHF,0.01,1367.735,3,3,1367.735,0.0,0.0,0.0,0.0,136773.5
1711835,IT,LU,FOODW,FOOD3,0.01,1367.644,3,3,1367.644,0.0,0.0,0.0,0.0,136764.4
1751083,IT,CN,RETA1,MEAT4,0.01,1367.472,3,3,1367.472,0.0,0.0,0.0,0.0,136747.2
1684807,IT,HU,FORES,93197,0.01,1367.466,4,4,1366.466,0.0,1.0,0.0,0.0,136746.6
1791419,IT,WA,WHOLE,PROCE,0.01,1367.172,3,3,1367.172,0.0,0.0,0.0,0.0,136717.2
1757511,IT,BR,PRINT,PAPER,0.01,1367.135,3,3,1367.135,0.0,0.0,0.0,0.0,136713.5
1778263,IT,TR,SALEM,CEREA,0.01,1367.006,3,3,1367.006,0.0,0.0,0.0,0.0,136700.6
1783807,IT,NO,INERT,MACHI,0.01,1366.81,3,3,1366.81,0.0,0.0,0.0,0.0,136681.0
1792842,IT,WA,EDUCA,HEAVY,0.03,1366.616,3,3,1366.616,0.0,0.0,0.0,0.0,45553.866667
1643896,IT,AT,REALE,DIST1,0.06,1366.166,3,3,1366.166,0.0,0.0,0.0,0.0,22769.433333
1659140,IT,DE,ELEC8,RETA1,0.02,1365.836,3,3,1365.836,0.0,0.0,0.0,0.0,68291.8
1682476,IT,HR,PRINT,MEAT1,0.01,1365.767,3,3,1365.767,0.0,0.0,0.0,0.0,136576.7
1780540,IT,TW,FINAN,SANDC,0.02,1365.673,3,3,1365.673,0.0,0.0,0.0,0.0,68283.65
1756915,IT,KR,INSUR,GASDI,0.03,1365.636,3,3,1365.636,0.0,0.0,0.0,0.0,45521.2
1791564,IT,WA,RETA1,DIST1,0.01,1365.536,3,3,1365.536,0.0,0.0,0.0,0.0,136553.6
1647768,IT,BE,AUXIL,WHEAT,0.02,1365.305,3,3,1365.305,0.0,0.0,0.0,0.0,68265.25
1681623,IT,GR,RECRE,WHOLE,0.02,1365.298,3,3,1365.298,0.0,0.0,0.0,0.0,68264.9
1711770,IT,LU,PUBLI,FOOD5,0.02,1365.146,3,3,1365.146,0.0,0.0,0.0,0.0,68257.3
1734206,IT,SI,REALE,HEALT,0.06,1365.087,3,3,1365.087,0.0,0.0,0.0,0.0,22751.45
1681305,IT,GR,INSUR,PAPER,0.03,1365.037,3,3,1365.037,0.0,0.0,0.0,0.0,45501.233333
1724946,IT,PT,BUSIN,PLAS2,0.01,1364.929,3,3,1364.929,0.0,0.0,0.0,0.0,136492.9
1747237,IT,JP,SALEM,HOTEL,0.01,1364.865,3,3,1364.865,0.0,0.0,0.0,0.0,136486.5
1734195,IT,SI,REALE,POSTT,0.06,1364.762,3,3,1364.762,0.0,0.0,0.0,0.0,22746.033333
1669308,IT,ES,FINAN,ELECT,0.02,1364.74,3,3,1364.74,0.0,0.0,0.0,0.0,68237.0
1717240,IT,NL,POSTT,CRUDE,0.02,1364.688,3,3,1364.688,0.0,0.0,0.0,0.0,68234.4
1792929,IT,WA,FOODW,MEAT4,0.01,1364.488,3,3,1364.488,0.0,0.0,0.0,0.0,136448.8
1680747,IT,GR,RETA1,DIST1,0.01,1364.135,3,3,1364.135,0.0,0.0,0.0,0.0,136413.5
1675997,IT,FR,ELEC5,RUBBE,0.02,1364.036,3,3,1364.036,0.0,0.0,0.0,0.0,68201.8
1654399,IT,CZ,WHOLE,TOBAC,0.01,1363.722,3,3,1363.722,0.0,0.0,0.0,0.0,136372.2
1643068,IT,AT,RETAI,WHOLE,0.01,1363.659,3,3,1363.659,0.0,0.0,0.0,0.0,136365.9
1656234,IT,DE,WEARI,CEREA,0.01,1363.587,3,3,1363.587,0.0,0.0,0.0,0.0,136358.7
1661689,IT,DK,WEARI,PULP5,0.01,1363.408,3,3,1363.408,0.0,0.0,0.0,0.0,136340.8
1744405,IT,US,AUXIL,PADDY,0.02,1363.398,3,3,1363.398,0.0,0.0,0.0,0.0,68169.9
1801971,IT,WE,RETAI,AUXIL,0.01,1363.063,3,3,1363.063,0.0,0.0,0.0,0.0,136306.3
1671760,IT,FI,RETAI,COPP1,0.01,1363.039,3,3,1363.039,0.0,0.0,0.0,0.0,136303.9
1778377,IT,TR,RETAI,CONST,0.01,1362.996,3,3,1362.996,0.0,0.0,0.0,0.0,136299.6
1717829,IT,NL,RECRE,COMPU,0.02,1362.747,3,3,1362.747,0.0,0.0,0.0,0.0,68137.35
1677145,IT,FR,POSTT,SUGA1,0.02,1362.687,3,3,1362.687,0.0,0.0,0.0,0.0,68134.35
1713964,IT,MT,SALEM,93197,0.01,1362.641,3,3,1362.641,0.0,0.0,0.0,0.0,136264.1
1807750,IT,WF,PUBLI,KEROS,0.02,1362.596,3,3,1362.596,0.0,0.0,0.0,0.0,68129.8
1745221,IT,JP,FORES,ELEC1,0.01,1362.574,4,4,1361.574,0.0,1.0,0.0,0.0,136257.4
1751063,IT,CN,WHOLE,MEMBE,0.01,1362.473,3,3,1362.473,0.0,0.0,0.0,0.0,136247.3
1687879,IT,HU,REALE,PRINT,0.06,1362.319,3,3,1362.319,0.0,0.0,0.0,0.0,22705.316667
1650583,IT,BG,ELEC8,KEROS,0.02,1362.277,3,3,1362.277,0.0,0.0,0.0,0.0,68113.85
1814866,IT,WM,RECRE,HEALT,0.02,1362.066,3,3,1362.066,0.0,0.0,0.0,0.0,68103.3
1814403,IT,WM,AUXIL,RECRE,0.02,1361.939,3,3,1361.939,0.0,0.0,0.0,0.0,68096.95
1681218,IT,GR,FINAN,CATTL,0.02,1361.882,3,3,1361.882,0.0,0.0,0.0,0.0,68094.1
1647811,IT,BE,AUXIL,ALUM1,0.02,1361.605,3,3,1361.605,0.0,0.0,0.0,0.0,68080.25
1736640,IT,SK,FINAN,SUPPO,0.02,1361.595,3,3,1361.595,0.0,0.0,0.0,0.0,68079.75
1647643,IT,BE,FINAN,PULP5,0.02,1361.295,3,3,1361.295,0.0,0.0,0.0,0.0,68064.75
1755005,IT,KR,WEARI,DAIRY,0.01,1361.149,3,3,1361.149,0.0,0.0,0.0,0.0,136114.9
1770640,IT,AU,FINAN,SALEM,0.02,1360.988,3,3,1360.988,0.0,0.0,0.0,0.0,68049.4
1643074,IT,AT,WHOLE,SANDC,0.01,1360.97,3,3,1360.97,0.0,0.0,0.0,0.0,136097.0
1727371,IT,RO,POSTT,WOOD2,0.02,1360.335,3,3,1360.335,0.0,0.0,0.0,0.0,68016.75
1809132,IT,WM,CROPS,COLLE,0.01,1360.282,3,3,1360.282,0.0,0.0,0.0,0.0,136028.2
1792869,IT,WA,EDUCA,CONST,0.03,1360.265,3,3,1360.265,0.0,0.0,0.0,0.0,45342.166667
1776085,IT,TR,WEARI,FABRI,0.01,1360.238,3,3,1360.238,0.0,0.0,0.0,0.0,136023.8
1671756,IT,FI,RETAI,PAPER,0.01,1360.11,3,3,1360.11,0.0,0.0,0.0,0.0,136011.0
1783919,IT,ID,CROPS,PUBLI,0.01,1359.907,3,3,1359.907,0.0,0.0,0.0,0.0,135990.7
1680457,IT,GR,ELEC4,PAPE4,0.02,1359.862,3,3,1359.862,0.0,0.0,0.0,0.0,67993.1
1782670,IT,NO,WHOLE,DAIRY,0.01,1359.815,3,3,1359.815,0.0,0.0,0.0,0.0,135981.5
1643906,IT,AT,REALE,SUPPO,0.06,1359.695,3,3,1359.695,0.0,0.0,0.0,0.0,22661.583333
1767181,IT,RU,WHOLE,DIST1,0.01,1359.332,3,3,1359.332,0.0,0.0,0.0,0.0,135933.2
1685320,IT,HU,WEARI,FOUND,0.01,1359.239,3,3,1359.239,0.0,0.0,0.0,0.0,135923.9
1774922,IT,CH,INSUR,ELEC4,0.03,1359.117,3,3,1359.117,0.0,0.0,0.0,0.0,45303.9
1748383,IT,CN,CROPS,ANIMA,0.01,1359.114,3,3,1359.114,0.0,0.0,0.0,0.0,135911.4
1650451,IT,BG,ELEC5,COPPE,0.02,1359.06,3,3,1359.06,0.0,0.0,0.0,0.0,67953.0
1776390,IT,TR,PRINT,TRANS,0.01,1358.883,3,3,1358.883,0.0,0.0,0.0,0.0,135888.3
1797398,IT,WL,COMPU,HEAVY,0.02,1358.825,3,3,1358.825,0.0,0.0,0.0,0.0,67941.25
1724105,IT,PT,RETA1,RAWMI,0.01,1358.688,3,3,1358.688,0.0,0.0,0.0,0.0,135868.8
1722295,IT,PT,PADDY,BEVER,0.01,1358.43,3,3,1358.43,0.0,0.0,0.0,0.0,135843.0
1734013,IT,SI,POSTT,INSUR,0.02,1358.291,3,3,1358.291,0.0,0.0,0.0,0.0,67914.55
1767787,IT,RU,INSUR,DISTR,0.03,1358.104,3,3,1358.104,0.0,0.0,0.0,0.0,45270.133333
1728414,IT,SE,WEARI,WOODW,0.01,1357.771,3,3,1357.771,0.0,0.0,0.0,0.0,135777.1
1669374,IT,ES,INSUR,PLANT,0.03,1357.471,3,3,1357.471,0.0,0.0,0.0,0.0,45249.033333
1748278,IT,JP,MEMBE,ELEC3,0.02,1357.393,3,3,1357.393,0.0,0.0,0.0,0.0,67869.65
1748425,IT,CN,FORES,FABRI,0.01,1357.185,4,4,1356.185,0.0,1.0,0.0,0.0,135718.5
1672124,IT,FI,POSTT,SEACO,0.02,1357.071,3,3,1357.071,0.0,0.0,0.0,0.0,67853.55
1755344,IT,KR,PRINT,COLLE,0.01,1356.866,3,3,1356.866,0.0,0.0,0.0,0.0,135686.6
1711506,IT,LU,POSTT,MEATP,0.02,1356.774,3,3,1356.774,0.0,0.0,0.0,0.0,67838.7
1659461,IT,DE,WHOLE,FOOD3,0.01,1356.741,3,3,1356.741,0.0,0.0,0.0,0.0,135674.1
1793417,IT,WL,CROPS,RETA1,0.01,1356.716,3,3,1356.716,0.0,0.0,0.0,0.0,135671.6
1734263,IT,SI,COMPU,RAILW,0.02,1356.67,3,3,1356.67,0.0,0.0,0.0,0.0,67833.5
1669886,IT,ES,PUBLI,FURNI,0.02,1356.02,3,3,1356.02,0.0,0.0,0.0,0.0,67801.0
1736679,IT,SK,INSUR,OILHA,0.03,1355.891,3,3,1355.891,0.0,0.0,0.0,0.0,45196.366667
1814955,IT,WM,PRIVA,ELEC4,0.3,1355.683,3,3,1355.683,0.0,0.0,0.0,0.0,4518.943333
1644101,IT,AT,BUSIN,WASTE,0.01,1355.608,3,3,1355.608,0.0,0.0,0.0,0.0,135560.8
1730540,IT,SE,AUXIL,ALUM1,0.02,1355.325,3,3,1355.325,0.0,0.0,0.0,0.0,67766.25
1711383,IT,LU,RETA1,TRAN1,0.01,1355.167,3,3,1355.167,0.0,0.0,0.0,0.0,135516.7
1660778,IT,DE,COMPU,VEGE1,0.02,1355.076,3,3,1355.076,0.0,0.0,0.0,0.0,67753.8
1651175,IT,BG,BUSIN,LIQUE,0.01,1354.898,3,3,1354.898,0.0,0.0,0.0,0.0,135489.8
1767645,IT,RU,POSTT,CHEM1,0.02,1354.794,3,3,1354.794,0.0,0.0,0.0,0.0,67739.7
1711957,IT,LU,MEMBE,PREC1,0.02,1354.627,3,3,1354.627,0.0,0.0,0.0,0.0,67731.35
1801946,IT,WE,SALEM,RAILW,0.01,1354.358,3,3,1354.358,0.0,0.0,0.0,0.0,135435.8
1641201,IT,AT,PRINT,TRAN2,0.01,1354.301,3,3,1354.301,0.0,0.0,0.0,0.0,135430.1
1683946,IT,HR,SALEM,REALE,0.01,1354.132,3,3,1354.132,0.0,0.0,0.0,0.0,135413.2
1779826,IT,TR,PUBLI,MEAT1,0.02,1354.109,3,3,1354.109,0.0,0.0,0.0,0.0,67705.45
1797328,IT,WL,REALE,CATTL,0.06,1354.015,3,3,1354.015,0.0,0.0,0.0,0.0,22566.916667
1714190,IT,MT,INSUR,OFFIC,0.03,1353.535,3,3,1353.535,0.0,0.0,0.0,0.0,45117.833333
1781067,IT,TW,PUBLI,REFIN,0.02,1353.325,3,3,1353.325,0.0,0.0,0.0,0.0,67666.25
1762612,IT,IN,AUXIL,93197,0.02,1352.925,3,3,1352.925,0.0,0.0,0.0,0.0,67646.25
1807558,IT,WF,COMPU,CEREA,0.02,1352.845,3,3,1352.845,0.0,0.0,0.0,0.0,67642.25
1770746,IT,AU,AUXIL,HEALT,0.02,1352.811,3,3,1352.811,0.0,0.0,0.0,0.0,67640.55
1788165,IT,WA,WEARI,ELEC1,0.01,1352.701,3,3,1352.701,0.0,0.0,0.0,0.0,135270.1
1736184,IT,SK,WHOLE,NAPHT,0.01,1352.488,3,3,1352.488,0.0,0.0,0.0,0.0,135248.8
1762589,IT,IN,AUXIL,FURNI,0.02,1352.475,3,3,1352.475,0.0,0.0,0.0,0.0,67623.75
1751564,IT,CN,POSTT,LIQUE,0.02,1352.31,3,3,1352.31,0.0,0.0,0.0,0.0,67615.5
1678240,IT,FR,SEWAG,DAIRY,0.01,1352.29,3,3,1352.29,0.0,0.0,0.0,0.0,135229.0
1687296,IT,HU,RETA1,FISHF,0.01,1351.958,3,3,1351.958,0.0,0.0,0.0,0.0,135195.8
1783207,IT,NO,BUSIN,FOOD5,0.01,1351.697,3,3,1351.697,0.0,0.0,0.0,0.0,135169.7
1650461,IT,BG,ELEC5,PULP5,0.02,1351.604,3,3,1351.604,0.0,0.0,0.0,0.0,67580.2
1649186,IT,BG,PRINT,RAILW,0.01,1351.296,3,3,1351.296,0.0,0.0,0.0,0.0,135129.6
1791535,IT,WA,RETA1,NAPHT,0.01,1351.168,3,3,1351.168,0.0,0.0,0.0,0.0,135116.8
1762763,IT,IN,BUSIN,BIOG1,0.01,1351.079,3,3,1351.079,0.0,0.0,0.0,0.0,135107.9
1770645,IT,AU,FINAN,AIRTR,0.02,1350.882,3,3,1350.882,0.0,0.0,0.0,0.0,67544.1
1787379,IT,WA,FORES,CRUDE,0.01,1350.823,4,4,1349.823,0.0,1.0,0.0,0.0,135082.3
1764553,IT,MX,WHOLE,PIGS9,0.01,1350.801,3,3,1350.801,0.0,0.0,0.0,0.0,135080.1
1779363,IT,TR,INSUR,COMPU,0.03,1350.736,3,3,1350.736,0.0,0.0,0.0,0.0,45024.533333
1662841,IT,DK,RETAI,VEGET,0.01,1350.523,3,3,1350.523,0.0,0.0,0.0,0.0,135052.3
1689673,IT,IE,POSTT,TRAN1,0.02,1350.505,3,3,1350.505,0.0,0.0,0.0,0.0,67525.25
1714266,IT,MT,BUSIN,MEAT1,0.01,1350.504,3,3,1350.504,0.0,0.0,0.0,0.0,135050.4
1765117,IT,MX,COMPU,LANDT,0.02,1350.453,3,3,1350.453,0.0,0.0,0.0,0.0,67522.65
1689651,IT,IE,POSTT,DAIRY,0.02,1350.415,3,3,1350.415,0.0,0.0,0.0,0.0,67520.75
1740347,IT,GB,PUBLI,INERT,0.02,1349.479,3,3,1349.479,0.0,0.0,0.0,0.0,67473.95
1724101,IT,PT,WHOLE,MEMBE,0.01,1349.432,3,3,1349.432,0.0,0.0,0.0,0.0,134943.2
1792215,IT,WA,POSTT,BITUM,0.02,1349.418,3,3,1349.418,0.0,0.0,0.0,0.0,67470.9
1747663,IT,JP,POSTT,COPP1,0.02,1349.406,3,3,1349.406,0.0,0.0,0.0,0.0,67470.3
1768229,IT,RU,EDUCA,RAILW,0.03,1349.276,3,3,1349.276,0.0,0.0,0.0,0.0,44975.866667
1648308,IT,BE,PUBLI,RECRE,0.02,1349.172,3,3,1349.172,0.0,0.0,0.0,0.0,67458.6
1781105,IT,TW,PUBLI,TRAN2,0.02,1348.909,3,3,1348.909,0.0,0.0,0.0,0.0,67445.45
1651320,IT,CY,WEARI,RECRE,0.01,1348.899,3,3,1348.899,0.0,0.0,0.0,0.0,134889.9
1652467,IT,CZ,WEARI,MEATP,0.01,1348.338,3,3,1348.338,0.0,0.0,0.0,0.0,134833.8
1759433,IT,BR,INSUR,POSTT,0.03,1348.316,3,3,1348.316,0.0,0.0,0.0,0.0,44943.866667
1767641,IT,RU,POSTT,WOODW,0.02,1348.097,3,3,1348.097,0.0,0.0,0.0,0.0,67404.85
1779438,IT,TR,REALE,HOTEL,0.06,1348.059,3,3,1348.059,0.0,0.0,0.0,0.0,22467.65
1714476,IT,NL,FORES,FOOD4,0.01,1347.95,4,4,1346.95,0.0,1.0,0.0,0.0,134795.0
1651051,IT,BG,INSUR,CEREA,0.03,1347.819,3,3,1347.819,0.0,0.0,0.0,0.0,44927.3
1773897,IT,CH,ELEC8,HOTEL,0.02,1347.703,3,3,1347.703,0.0,0.0,0.0,0.0,67385.15
1770733,IT,AU,AUXIL,LANDT,0.02,1347.658,3,3,1347.658,0.0,0.0,0.0,0.0,67382.9
1645200,IT,BE,PRINT,INTER,0.01,1347.539,3,3,1347.539,0.0,0.0,0.0,0.0,134753.9
1792457,IT,WA,AUXIL,FURNI,0.02,1347.512,3,3,1347.512,0.0,0.0,0.0,0.0,67375.6
1651096,IT,BG,INSUR,PUBLI,0.03,1347.331,3,3,1347.331,0.0,0.0,0.0,0.0,44911.033333
1762849,IT,IN,PUBLI,RAILW,0.02,1347.146,3,3,1347.146,0.0,0.0,0.0,0.0,67357.3
1736219,IT,SK,RETA1,LEADZ,0.01,1347.058,3,3,1347.058,0.0,0.0,0.0,0.0,134705.8
1782652,IT,NO,SALEM,FINAN,0.01,1346.955,3,3,1346.955,0.0,0.0,0.0,0.0,134695.5
1715115,IT,NL,WEARI,INERT,0.01,1346.874,3,3,1346.874,0.0,0.0,0.0,0.0,134687.4
1797210,IT,WL,FINAN,PAPER,0.02,1346.821,3,3,1346.821,0.0,0.0,0.0,0.0,67341.05
1751759,IT,CN,AUXIL,MEATP,0.02,1346.65,3,3,1346.65,0.0,0.0,0.0,0.0,67332.5
1647672,IT,BE,FINAN,LANDT,0.02,1346.603,3,3,1346.603,0.0,0.0,0.0,0.0,67330.15
1761987,IT,IN,SALEM,TRANS,0.01,1346.501,3,3,1346.501,0.0,0.0,0.0,0.0,134650.1
1814305,IT,WM,FINAN,RAWMI,0.02,1346.302,3,3,1346.302,0.0,0.0,0.0,0.0,67315.1
1792623,IT,WA,COMPU,MEMBE,0.02,1346.241,3,3,1346.241,0.0,0.0,0.0,0.0,67312.05
1807408,IT,WF,FINAN,PRIVA,0.02,1346.217,3,3,1346.217,0.0,0.0,0.0,0.0,67310.85
1780620,IT,TW,INSUR,DISTR,0.03,1345.938,3,3,1345.938,0.0,0.0,0.0,0.0,44864.6
1734068,IT,SI,INSUR,CATTL,0.03,1345.822,3,3,1345.822,0.0,0.0,0.0,0.0,44860.733333
1737000,IT,GB,FORES,LEATH,0.01,1345.698,4,4,1344.698,0.0,1.0,0.0,0.0,134569.8
1796311,IT,WL,SALEM,MOTOR,0.01,1345.643,3,3,1345.643,0.0,0.0,0.0,0.0,134564.3
1678001,IT,FR,EDUCA,VEGET,0.03,1345.297,3,3,1345.297,0.0,0.0,0.0,0.0,44843.233333
1648298,IT,BE,PUBLI,AIRTR,0.02,1345.251,3,3,1345.251,0.0,0.0,0.0,0.0,67262.55
1779554,IT,TR,COMPU,WOODW,0.02,1345.147,3,3,1345.147,0.0,0.0,0.0,0.0,67257.35
1734031,IT,SI,FINAN,WOODW,0.02,1345.122,3,3,1345.122,0.0,0.0,0.0,0.0,67256.1
1680621,IT,GR,SALEM,ELEC1,0.01,1345.077,3,3,1345.077,0.0,0.0,0.0,0.0,134507.7
1747259,IT,JP,WHOLE,LEATH,0.01,1345.023,3,3,1345.023,0.0,0.0,0.0,0.0,134502.3
1745210,IT,JP,FORES,VEGET,0.01,1344.99,4,4,1343.99,0.0,1.0,0.0,0.0,134499.0
1689857,IT,IE,INSUR,FOOD3,0.03,1344.818,3,3,1344.818,0.0,0.0,0.0,0.0,44827.266667
1714183,IT,MT,FINAN,POSTT,0.02,1344.717,3,3,1344.717,0.0,0.0,0.0,0.0,67235.85
1677473,IT,FR,AUXIL,SANDC,0.02,1344.661,3,3,1344.661,0.0,0.0,0.0,0.0,67233.05
1668368,IT,ES,RETA1,MEATA,0.01,1344.444,3,3,1344.444,0.0,0.0,0.0,0.0,134444.4
1775493,IT,CH,TEXT1,COPP1,0.01,1344.24,3,3,1344.24,0.0,0.0,0.0,0.0,134424.0
1668189,IT,ES,SALEM,PLAS1,0.01,1344.127,3,3,1344.127,0.0,0.0,0.0,0.0,134412.7
1786946,IT,ZA,POSTT,MACHI,0.02,1344.121,3,3,1344.121,0.0,0.0,0.0,0.0,67206.05
1762058,IT,IN,RETA1,TEXTI,0.01,1343.969,3,3,1343.969,0.0,0.0,0.0,0.0,134396.9
1715337,IT,NL,PRINT,CRUDE,0.01,1343.744,3,3,1343.744,0.0,0.0,0.0,0.0,134374.4
1749335,IT,CN,PRINT,ALUM1,0.01,1343.528,3,3,1343.528,0.0,0.0,0.0,0.0,134352.8
1745191,IT,JP,CROPS,PAPER,0.01,1343.495,3,3,1343.495,0.0,0.0,0.0,0.0,134349.5
1709305,IT,LT,FORES,WOODW,0.01,1343.163,4,4,1342.163,0.0,1.0,0.0,0.0,134316.3
1655219,IT,CZ,PUBLI,GASWO,0.02,1342.998,3,3,1342.998,0.0,0.0,0.0,0.0,67149.9
1714455,IT,NL,FORES,CHEM1,0.01,1342.886,4,4,1341.886,0.0,1.0,0.0,0.0,134288.6
1734908,IT,SK,PRINT,MACHI,0.01,1342.799,3,3,1342.799,0.0,0.0,0.0,0.0,134279.9
1744309,IT,US,FINAN,BITU1,0.02,1342.553,3,3,1342.553,0.0,0.0,0.0,0.0,67127.65
1717690,IT,NL,BUSIN,ELEC6,0.01,1342.527,3,3,1342.527,0.0,0.0,0.0,0.0,134252.7
1779996,IT,TW,SALEM,BITU1,0.01,1342.503,3,3,1342.503,0.0,0.0,0.0,0.0,134250.3
1684776,IT,HU,CROPS,FURNI,0.01,1342.352,3,3,1342.352,0.0,0.0,0.0,0.0,134235.2
1646827,IT,BE,SALEM,WASTE,0.01,1342.186,3,3,1342.186,0.0,0.0,0.0,0.0,134218.6
1659102,IT,DE,ELEC5,LANDT,0.02,1342.185,3,3,1342.185,0.0,0.0,0.0,0.0,67109.25
1717342,IT,NL,FINAN,FURNI,0.02,1342.184,3,3,1342.184,0.0,0.0,0.0,0.0,67109.2
1711737,IT,LU,BUSIN,SEACO,0.01,1342.14,3,3,1342.14,0.0,0.0,0.0,0.0,134214.0
1670620,IT,FI,WEARI,FOOD3,0.01,1341.837,3,3,1341.837,0.0,0.0,0.0,0.0,134183.7
1782659,IT,NO,RETAI,CATTL,0.01,1341.694,3,3,1341.694,0.0,0.0,0.0,0.0,134169.4
1659047,IT,DE,ELEC4,DAIRY,0.02,1341.623,3,3,1341.623,0.0,0.0,0.0,0.0,67081.15
1764986,IT,MX,FINAN,FABRI,0.02,1341.61,3,3,1341.61,0.0,0.0,0.0,0.0,67080.5
1716778,IT,NL,RETA1,ELE12,0.01,1341.558,3,3,1341.558,0.0,0.0,0.0,0.0,134155.8
1680732,IT,GR,RETA1,COPP1,0.01,1341.121,3,3,1341.121,0.0,0.0,0.0,0.0,134112.1
1677444,IT,FR,INSUR,FOODW,0.03,1340.713,3,3,1340.713,0.0,0.0,0.0,0.0,44690.433333
1752662,IT,CA,WEARI,CHEMI,0.01,1340.319,3,3,1340.319,0.0,0.0,0.0,0.0,134031.9
1736834,IT,SK,BUSIN,NATUR,0.01,1339.941,3,3,1339.941,0.0,0.0,0.0,0.0,133994.1
1688030,IT,HU,COMPU,NATUR,0.02,1339.81,3,3,1339.81,0.0,0.0,0.0,0.0,66990.5
1770168,IT,AU,RETA1,COLLE,0.01,1339.764,3,3,1339.764,0.0,0.0,0.0,0.0,133976.4
1797509,IT,WL,BUSIN,NAPHT,0.01,1339.72,3,3,1339.72,0.0,0.0,0.0,0.0,133972.0
1669863,IT,ES,PUBLI,FOOD5,0.02,1339.391,3,3,1339.391,0.0,0.0,0.0,0.0,66969.55
1677869,IT,FR,BUSIN,COALT,0.01,1339.343,3,3,1339.343,0.0,0.0,0.0,0.0,133934.3
1716669,IT,NL,WHOLE,MOTOR,0.01,1339.259,3,3,1339.259,0.0,0.0,0.0,0.0,133925.9
1724730,IT,PT,AUXIL,WHOLE,0.02,1338.822,3,3,1338.822,0.0,0.0,0.0,0.0,66941.1
1797083,IT,WL,POSTT,PLANT,0.02,1338.715,3,3,1338.715,0.0,0.0,0.0,0.0,66935.75
1724977,IT,PT,EDUCA,MACHI,0.03,1338.465,3,3,1338.465,0.0,0.0,0.0,0.0,44615.5
1725022,IT,PT,RECRE,BUSIN,0.02,1338.372,3,3,1338.372,0.0,0.0,0.0,0.0,66918.6
1744302,IT,US,FINAN,FORES,0.02,1338.155,3,3,1338.155,0.0,0.0,0.0,0.0,66907.75
1650479,IT,BG,ELEC5,DISTR,0.02,1338.035,3,3,1338.035,0.0,0.0,0.0,0.0,66901.75
1643085,IT,AT,WHOLE,NFERT,0.01,1337.994,3,3,1337.994,0.0,0.0,0.0,0.0,133799.4
1802118,IT,WE,RETA1,RETAI,0.01,1337.626,3,3,1337.626,0.0,0.0,0.0,0.0,133762.6
1647578,IT,BE,POSTT,BEVER,0.02,1337.575,3,3,1337.575,0.0,0.0,0.0,0.0,66878.75
1780635,IT,TW,INSUR,COMPU,0.03,1337.318,3,3,1337.318,0.0,0.0,0.0,0.0,44577.266667
1714470,IT,NL,FORES,EDUCA,0.01,1337.126,4,4,1336.126,0.0,1.0,0.0,0.0,133712.6
1659134,IT,DE,ELEC8,MACHI,0.02,1337.091,3,3,1337.091,0.0,0.0,0.0,0.0,66854.55
1717512,IT,NL,REALE,RECRE,0.06,1336.891,3,3,1336.891,0.0,0.0,0.0,0.0,22281.516667
1684418,IT,HR,FINAN,CONST,0.02,1336.815,3,3,1336.815,0.0,0.0,0.0,0.0,66840.75
1684572,IT,HR,BUSIN,INLAN,0.01,1336.619,3,3,1336.619,0.0,0.0,0.0,0.0,133661.9
1727312,IT,RO,POSTT,GLASS,0.02,1336.426,3,3,1336.426,0.0,0.0,0.0,0.0,66821.3
1775578,IT,CH,RECRE,PLAST,0.02,1336.402,3,3,1336.402,0.0,0.0,0.0,0.0,66820.1
1799523,IT,WE,PRINT,FORES,0.01,1336.34,3,3,1336.34,0.0,0.0,0.0,0.0,133634.0
1747219,IT,JP,SALEM,CHEM1,0.01,1336.289,3,3,1336.289,0.0,0.0,0.0,0.0,133628.9
1762641,IT,IN,COMPU,ELEC3,0.02,1336.272,3,3,1336.272,0.0,0.0,0.0,0.0,66813.6
1722067,IT,PL,BUSIN,SANDC,0.01,1336.21,3,3,1336.21,0.0,0.0,0.0,0.0,133621.0
1804195,IT,WF,PRINT,LEADZ,0.01,1336.069,3,3,1336.069,0.0,0.0,0.0,0.0,133606.9
1781230,IT,NO,CROPS,BITUM,0.01,1335.792,3,3,1335.792,0.0,0.0,0.0,0.0,133579.2
1709643,IT,LT,PRINT,MACHI,0.01,1335.782,3,3,1335.782,0.0,0.0,0.0,0.0,133578.2
1659255,IT,DE,SALEM,SECO9,0.01,1335.763,3,3,1335.763,0.0,0.0,0.0,0.0,133576.3
1758794,IT,BR,RETA1,LEAD1,0.01,1335.735,3,3,1335.735,0.0,0.0,0.0,0.0,133573.5
1756494,IT,KR,SALEM,HEALT,0.01,1335.705,3,3,1335.705,0.0,0.0,0.0,0.0,133570.5
1762661,IT,IN,COMPU,RESEA,0.02,1335.672,3,3,1335.672,0.0,0.0,0.0,0.0,66783.6
1669896,IT,ES,PUBLI,SEACO,0.02,1335.577,3,3,1335.577,0.0,0.0,0.0,0.0,66778.85
1801806,IT,WE,ELEC5,RAWMI,0.02,1335.358,3,3,1335.358,0.0,0.0,0.0,0.0,66767.9
1659483,IT,DE,RETA1,KEROS,0.01,1335.294,3,3,1335.294,0.0,0.0,0.0,0.0,133529.4
1774095,IT,CH,WHOLE,LIQUE,0.01,1335.255,3,3,1335.255,0.0,0.0,0.0,0.0,133525.5
1715344,IT,NL,PRINT,SUGA1,0.01,1335.251,3,3,1335.251,0.0,0.0,0.0,0.0,133525.1
1814268,IT,WM,POSTT,TRAN1,0.02,1334.691,3,3,1334.691,0.0,0.0,0.0,0.0,66734.55
1792591,IT,WA,COMPU,NFERT,0.02,1334.648,3,3,1334.648,0.0,0.0,0.0,0.0,66732.4
1654906,IT,CZ,INSUR,PIGS9,0.03,1334.486,3,3,1334.486,0.0,0.0,0.0,0.0,44482.866667
1726853,IT,RO,RETA1,LIGNI,0.01,1334.481,3,3,1334.481,0.0,0.0,0.0,0.0,133448.1
1751678,IT,CN,INSUR,MEAT1,0.03,1334.388,3,3,1334.388,0.0,0.0,0.0,0.0,44479.6
1668432,IT,ES,RETA1,SALEM,0.01,1334.353,3,3,1334.353,0.0,0.0,0.0,0.0,133435.3
1727314,IT,RO,POSTT,BRICK,0.02,1334.055,3,3,1334.055,0.0,0.0,0.0,0.0,66702.75
1762470,IT,IN,FINAN,ELEC4,0.02,1334.017,3,3,1334.017,0.0,0.0,0.0,0.0,66700.85
1669549,IT,ES,REALE,CEMEN,0.06,1333.983,3,3,1333.983,0.0,0.0,0.0,0.0,22233.05
1739155,IT,GB,RETA1,MEAT4,0.01,1333.926,3,3,1333.926,0.0,0.0,0.0,0.0,133392.6
1748418,IT,CN,FORES,PLAST,0.01,1333.792,4,4,1332.792,0.0,1.0,0.0,0.0,133379.2
1748275,IT,JP,MEMBE,MEDIC,0.02,1333.584,3,3,1333.584,0.0,0.0,0.0,0.0,66679.2
1774772,IT,CH,POSTT,MEATP,0.02,1333.547,3,3,1333.547,0.0,0.0,0.0,0.0,66677.35
1685576,IT,HU,PRINT,BEVER,0.01,1333.528,3,3,1333.528,0.0,0.0,0.0,0.0,133352.8
1715351,IT,NL,PRINT,LEATH,0.01,1333.402,3,3,1333.402,0.0,0.0,0.0,0.0,133340.2
1721794,IT,PL,AUXIL,HOTEL,0.02,1333.379,3,3,1333.379,0.0,0.0,0.0,0.0,66668.95
1741353,IT,US,PRINT,PAPER,0.01,1333.337,3,3,1333.337,0.0,0.0,0.0,0.0,133333.7
1744230,IT,US,POSTT,COPP1,0.02,1333.336,3,3,1333.336,0.0,0.0,0.0,0.0,66666.8
1765499,IT,RU,WEARI,ELEC2,0.01,1333.29,3,3,1333.29,0.0,0.0,0.0,0.0,133329.0
1647997,IT,BE,COMPU,MEAT1,0.02,1333.212,3,3,1333.212,0.0,0.0,0.0,0.0,66660.6
1756944,IT,KR,AUXIL,HOTEL,0.02,1333.12,3,3,1333.12,0.0,0.0,0.0,0.0,66656.0
1786656,IT,ZA,WHOLE,BRICK,0.01,1333.106,3,3,1333.106,0.0,0.0,0.0,0.0,133310.6
1809110,IT,WM,CROPS,BITU1,0.01,1333.085,3,3,1333.085,0.0,0.0,0.0,0.0,133308.5
1765194,IT,MX,BUSIN,SEACO,0.01,1332.66,3,3,1332.66,0.0,0.0,0.0,0.0,133266.0
1677651,IT,FR,REALE,FOOD2,0.06,1332.609,3,3,1332.609,0.0,0.0,0.0,0.0,22210.15
1751704,IT,CN,INSUR,NONF1,0.03,1332.553,3,3,1332.553,0.0,0.0,0.0,0.0,44418.433333
1680466,IT,GR,ELEC5,GASDI,0.02,1332.497,3,3,1332.497,0.0,0.0,0.0,0.0,66624.85
1796464,IT,WL,RETA1,ANIMA,0.01,1332.215,3,3,1332.215,0.0,0.0,0.0,0.0,133221.5
1711878,IT,LU,TEXT1,CONST,0.01,1332.187,3,3,1332.187,0.0,0.0,0.0,0.0,133218.7
1676126,IT,FR,ELEC8,RESEA,0.02,1332.173,3,3,1332.173,0.0,0.0,0.0,0.0,66608.65
1655239,IT,CZ,RECRE,FOOD5,0.02,1332.14,3,3,1332.14,0.0,0.0,0.0,0.0,66607.0
1814878,IT,WM,PRIVA,WHEAT,0.3,1331.437,3,3,1331.437,0.0,0.0,0.0,0.0,4438.123333
1659128,IT,DE,ELEC8,PLAST,0.02,1331.345,3,3,1331.345,0.0,0.0,0.0,0.0,66567.25
1758799,IT,BR,RETA1,MEDIC,0.01,1331.314,3,3,1331.314,0.0,0.0,0.0,0.0,133131.4
1687224,IT,HU,SALEM,WHOLE,0.01,1331.098,3,3,1331.098,0.0,0.0,0.0,0.0,133109.8
1647705,IT,BE,INSUR,PRINT,0.03,1331.087,3,3,1331.087,0.0,0.0,0.0,0.0,44369.566667
1652535,IT,CZ,WEARI,PLAS1,0.01,1330.543,3,3,1330.543,0.0,0.0,0.0,0.0,133054.3
1717373,IT,NL,FINAN,PLAS1,0.02,1330.482,3,3,1330.482,0.0,0.0,0.0,0.0,66524.1
1680637,IT,GR,RETAI,BASIC,0.01,1330.44,3,3,1330.44,0.0,0.0,0.0,0.0,133044.0
1788628,IT,WA,PRINT,LIQUE,0.01,1330.344,3,3,1330.344,0.0,0.0,0.0,0.0,133034.4
1748130,IT,JP,PUBLI,RECRE,0.02,1330.262,3,3,1330.262,0.0,0.0,0.0,0.0,66513.1
1754619,IT,KR,FORES,MACHI,0.01,1330.053,4,4,1329.053,0.0,1.0,0.0,0.0,133005.3
1797340,IT,WL,REALE,BIODI,0.06,1329.986,3,3,1329.986,0.0,0.0,0.0,0.0,22166.433333
1765018,IT,MX,INSUR,LEATH,0.03,1329.855,3,3,1329.855,0.0,0.0,0.0,0.0,44328.5
1669128,IT,ES,POSTT,MEATC,0.02,1329.661,3,3,1329.661,0.0,0.0,0.0,0.0,66483.05
1655248,IT,CZ,RECRE,REALE,0.02,1329.502,3,3,1329.502,0.0,0.0,0.0,0.0,66475.1
1647996,IT,BE,COMPU,MEATP,0.02,1329.432,3,3,1329.432,0.0,0.0,0.0,0.0,66471.6
1782696,IT,NO,WHOLE,FOOD3,0.01,1329.141,3,3,1329.141,0.0,0.0,0.0,0.0,132914.1
1664837,IT,ES,CROPS,TOBAC,0.01,1329.003,3,3,1329.003,0.0,0.0,0.0,0.0,132900.3
1722004,IT,PL,COMPU,SEACO,0.02,1328.752,3,3,1328.752,0.0,0.0,0.0,0.0,66437.6
1710570,IT,LT,BUSIN,POULT,0.01,1328.634,3,3,1328.634,0.0,0.0,0.0,0.0,132863.4
1711371,IT,LU,RETA1,PAPER,0.01,1328.575,3,3,1328.575,0.0,0.0,0.0,0.0,132857.5
1768743,IT,AU,WEARI,COPP1,0.01,1328.445,3,3,1328.445,0.0,0.0,0.0,0.0,132844.5
1747251,IT,JP,WHOLE,FORES,0.01,1328.428,3,3,1328.428,0.0,0.0,0.0,0.0,132842.8
1716574,IT,NL,SALEM,MEAT1,0.01,1328.352,3,3,1328.352,0.0,0.0,0.0,0.0,132835.2
1748229,IT,JP,TEXT1,RAWMI,0.01,1328.321,3,3,1328.321,0.0,0.0,0.0,0.0,132832.1
1720906,IT,PL,SALEM,ELEC5,0.01,1328.269,3,3,1328.269,0.0,0.0,0.0,0.0,132826.9
1672449,IT,FI,PUBLI,HOTEL,0.02,1328.125,3,3,1328.125,0.0,0.0,0.0,0.0,66406.25
1779360,IT,TR,INSUR,FINAN,0.03,1328.055,3,3,1328.055,0.0,0.0,0.0,0.0,44268.5
1752668,IT,CA,WEARI,NFERT,0.01,1327.904,3,3,1327.904,0.0,0.0,0.0,0.0,132790.4
1757136,IT,BR,FORES,FORES,0.01,1327.826,4,4,1326.826,0.0,1.0,0.0,0.0,132782.6
1739845,IT,GB,FINAN,NAPHT,0.02,1327.404,3,3,1327.404,0.0,0.0,0.0,0.0,66370.2
1647861,IT,BE,AUXIL,OILHA,0.02,1327.263,3,3,1327.263,0.0,0.0,0.0,0.0,66363.15
1654415,IT,CZ,WHOLE,ALUM1,0.01,1327.247,3,3,1327.247,0.0,0.0,0.0,0.0,132724.7
1786662,IT,ZA,WHOLE,LEAD1,0.01,1327.055,3,3,1327.055,0.0,0.0,0.0,0.0,132705.5
1747752,IT,JP,INSUR,INSUR,0.03,1327.044,3,3,1327.044,0.0,0.0,0.0,0.0,44234.8
1792876,IT,WA,EDUCA,AUXIL,0.03,1326.903,3,3,1326.903,0.0,0.0,0.0,0.0,44230.1
1670182,IT,ES,RECRE,MEATP,0.02,1326.799,3,3,1326.799,0.0,0.0,0.0,0.0,66339.95
1759581,IT,BR,COMPU,TRAN1,0.02,1326.616,3,3,1326.616,0.0,0.0,0.0,0.0,66330.8
1784202,IT,ID,PRINT,POSTT,0.01,1326.539,3,3,1326.539,0.0,0.0,0.0,0.0,132653.9
1655213,IT,CZ,BUSIN,WOOD2,0.01,1326.403,3,3,1326.403,0.0,0.0,0.0,0.0,132640.3
1762020,IT,IN,WHOLE,FABRI,0.01,1326.219,3,3,1326.219,0.0,0.0,0.0,0.0,132621.9
1717304,IT,NL,FINAN,MEATA,0.02,1326.08,3,3,1326.08,0.0,0.0,0.0,0.0,66304.0
1784956,IT,ID,INSUR,GLASS,0.03,1326.078,3,3,1326.078,0.0,0.0,0.0,0.0,44202.6
1654377,IT,CZ,SALEM,CEREA,0.01,1325.65,3,3,1325.65,0.0,0.0,0.0,0.0,132565.0
1736160,IT,SK,SALEM,LANDT,0.01,1325.453,3,3,1325.453,0.0,0.0,0.0,0.0,132545.3
1768140,IT,RU,PUBLI,WEARI,0.02,1325.428,3,3,1325.428,0.0,0.0,0.0,0.0,66271.4
1710874,IT,LU,PRINT,MEMBE,0.01,1325.311,3,3,1325.311,0.0,0.0,0.0,0.0,132531.1
1797213,IT,WL,FINAN,PLAST,0.02,1325.226,3,3,1325.226,0.0,0.0,0.0,0.0,66261.3
1768154,IT,RU,PUBLI,PFERT,0.02,1325.174,3,3,1325.174,0.0,0.0,0.0,0.0,66258.7
1751765,IT,CN,AUXIL,PAPER,0.02,1325.121,3,3,1325.121,0.0,0.0,0.0,0.0,66256.05
1671751,IT,FI,SALEM,WOOD2,0.01,1324.912,3,3,1324.912,0.0,0.0,0.0,0.0,132491.2
1808855,IT,WF,PRIVA,FOOD5,0.3,1324.766,3,3,1324.766,0.0,0.0,0.0,0.0,4415.886667
1744545,IT,US,REALE,TRAN1,0.06,1324.626,3,3,1324.626,0.0,0.0,0.0,0.0,22077.1
1736779,IT,SK,COMPU,PAPER,0.02,1324.283,3,3,1324.283,0.0,0.0,0.0,0.0,66214.15
1724689,IT,PT,INSUR,RETA1,0.03,1324.2,3,3,1324.2,0.0,0.0,0.0,0.0,44140.0
1776401,IT,TR,PRINT,RAILW,0.01,1324.094,3,3,1324.094,0.0,0.0,0.0,0.0,132409.4
1739108,IT,GB,WHOLE,PREC1,0.01,1324.069,3,3,1324.069,0.0,0.0,0.0,0.0,132406.9
1792865,IT,WA,EDUCA,TRAN1,0.03,1323.496,3,3,1323.496,0.0,0.0,0.0,0.0,44116.533333
1753854,IT,CA,RETA1,OILSE,0.01,1323.247,3,3,1323.247,0.0,0.0,0.0,0.0,132324.7
1647689,IT,BE,INSUR,CATTL,0.03,1323.163,3,3,1323.163,0.0,0.0,0.0,0.0,44105.433333
1677550,IT,FR,REALE,CEREA,0.06,1323.132,3,3,1323.132,0.0,0.0,0.0,0.0,22052.2
1662965,IT,DK,RETA1,PRIVA,0.01,1323.105,3,3,1323.105,0.0,0.0,0.0,0.0,132310.5
1643810,IT,AT,FINAN,LEATH,0.02,1322.951,3,3,1322.951,0.0,0.0,0.0,0.0,66147.55
1665871,IT,ES,PRINT,SEACO,0.01,1322.89,3,3,1322.89,0.0,0.0,0.0,0.0,132289.0
1747834,IT,JP,REALE,COMPU,0.06,1322.873,3,3,1322.873,0.0,0.0,0.0,0.0,22047.883333
1780557,IT,TW,FINAN,FABRI,0.02,1322.826,3,3,1322.826,0.0,0.0,0.0,0.0,66141.3
1783914,IT,ID,CROPS,FISHF,0.01,1322.772,3,3,1322.772,0.0,0.0,0.0,0.0,132277.2
1672251,IT,FI,REALE,SEACO,0.06,1322.725,3,3,1322.725,0.0,0.0,0.0,0.0,22045.416667
1762832,IT,IN,PUBLI,ELEC1,0.02,1322.55,3,3,1322.55,0.0,0.0,0.0,0.0,66127.5
1683997,IT,HR,RETA1,RUBBE,0.01,1322.538,3,3,1322.538,0.0,0.0,0.0,0.0,132253.8
1677753,IT,FR,COMPU,TOBAC,0.02,1322.456,3,3,1322.456,0.0,0.0,0.0,0.0,66122.8
1764994,IT,MX,FINAN,HOTEL,0.02,1322.253,3,3,1322.253,0.0,0.0,0.0,0.0,66112.65
1727304,IT,RO,POSTT,KEROS,0.02,1322.184,3,3,1322.184,0.0,0.0,0.0,0.0,66109.2
1763351,IT,MX,PRINT,LEATH,0.01,1321.552,3,3,1321.552,0.0,0.0,0.0,0.0,132155.2
1712834,IT,LV,AUXIL,WEARI,0.02,1321.55,3,3,1321.55,0.0,0.0,0.0,0.0,66077.5
1681254,IT,GR,FINAN,ELECT,0.02,1321.542,3,3,1321.542,0.0,0.0,0.0,0.0,66077.1
1754613,IT,KR,FORES,PREC1,0.01,1321.486,4,4,1320.486,0.0,1.0,0.0,0.0,132148.6
1646840,IT,BE,RETAI,BIODI,0.01,1321.041,3,3,1321.041,0.0,0.0,0.0,0.0,132104.1
1677187,IT,FR,POSTT,ELEC4,0.02,1321.032,3,3,1321.032,0.0,0.0,0.0,0.0,66051.6
1688174,IT,HU,BUSIN,TRAN2,0.01,1320.988,3,3,1320.988,0.0,0.0,0.0,0.0,132098.8
1749366,IT,CN,PRINT,INLAN,0.01,1320.985,3,3,1320.985,0.0,0.0,0.0,0.0,132098.5
1721656,IT,PL,FINAN,CEREA,0.02,1320.775,3,3,1320.775,0.0,0.0,0.0,0.0,66038.75
1759488,IT,BR,AUXIL,COMPU,0.02,1320.696,3,3,1320.696,0.0,0.0,0.0,0.0,66034.8
1724129,IT,PT,RETA1,PREC1,0.01,1320.175,3,3,1320.175,0.0,0.0,0.0,0.0,132017.5
1813510,IT,WM,RETAI,ETHAN,0.01,1320.136,3,3,1320.136,0.0,0.0,0.0,0.0,132013.6
1713901,IT,MT,ELEC5,PAPE4,0.02,1320.052,3,3,1320.052,0.0,0.0,0.0,0.0,66002.6
1775095,IT,CH,COMPU,MEATP,0.02,1319.986,3,3,1319.986,0.0,0.0,0.0,0.0,65999.3
1802568,IT,WE,FINAN,ELEC4,0.02,1319.782,3,3,1319.782,0.0,0.0,0.0,0.0,65989.1
1672369,IT,FI,BUSIN,LIQUE,0.01,1319.675,3,3,1319.675,0.0,0.0,0.0,0.0,131967.5
1689102,IT,IE,SALEM,VEGET,0.01,1319.115,3,3,1319.115,0.0,0.0,0.0,0.0,131911.5
1808240,IT,WF,SEWAG,VEGET,0.01,1318.812,3,3,1318.812,0.0,0.0,0.0,0.0,131881.2
1787028,IT,ZA,INSUR,AIRTR,0.03,1318.778,3,3,1318.778,0.0,0.0,0.0,0.0,43959.266667
1689963,IT,IE,REALE,PULP5,0.06,1318.478,3,3,1318.478,0.0,0.0,0.0,0.0,21974.633333
1672312,IT,FI,COMPU,POSTT,0.02,1318.307,3,3,1318.307,0.0,0.0,0.0,0.0,65915.35
1734066,IT,SI,FINAN,93197,0.02,1318.175,3,3,1318.175,0.0,0.0,0.0,0.0,65908.75
1785070,IT,ZA,CROPS,CATTL,0.01,1317.994,3,3,1317.994,0.0,0.0,0.0,0.0,131799.4
1745189,IT,JP,CROPS,TEXTI,0.01,1317.866,3,3,1317.866,0.0,0.0,0.0,0.0,131786.6
1650669,IT,BG,RETA1,FISHF,0.01,1317.719,3,3,1317.719,0.0,0.0,0.0,0.0,131771.9
1690546,IT,IE,RECRE,GASDI,0.02,1317.584,3,3,1317.584,0.0,0.0,0.0,0.0,65879.2
1798128,IT,WL,PRIVA,BIOGA,0.29,1317.25,3,3,1317.25,0.0,0.0,0.0,0.0,4542.241379
1759234,IT,BR,POSTT,MEAT4,0.02,1316.802,3,3,1316.802,0.0,0.0,0.0,0.0,65840.1
1797305,IT,WL,AUXIL,DISTR,0.02,1315.956,3,3,1315.956,0.0,0.0,0.0,0.0,65797.8
1767941,IT,RU,COMPU,DAIRY,0.02,1315.938,3,3,1315.938,0.0,0.0,0.0,0.0,65796.9
1672177,IT,FI,AUXIL,WEARI,0.02,1315.855,3,3,1315.855,0.0,0.0,0.0,0.0,65792.75
1651908,IT,CY,INSUR,RETA1,0.03,1315.787,3,3,1315.787,0.0,0.0,0.0,0.0,43859.566667
1780668,IT,TW,AUXIL,NONF1,0.02,1315.682,3,3,1315.682,0.0,0.0,0.0,0.0,65784.1
1736630,IT,SK,FINAN,ELEC3,0.02,1315.591,3,3,1315.591,0.0,0.0,0.0,0.0,65779.55
1746061,IT,JP,PRINT,TEXTI,0.01,1315.506,3,3,1315.506,0.0,0.0,0.0,0.0,131550.6
1764568,IT,MX,WHOLE,PULP5,0.01,1315.422,3,3,1315.422,0.0,0.0,0.0,0.0,131542.2
1683933,IT,HR,SALEM,PLAST,0.01,1314.834,3,3,1314.834,0.0,0.0,0.0,0.0,131483.4
1734075,IT,SI,INSUR,PULP5,0.03,1314.833,3,3,1314.833,0.0,0.0,0.0,0.0,43827.766667
1802918,IT,WF,PADDY,CATTL,0.01,1314.649,3,3,1314.649,0.0,0.0,0.0,0.0,131464.9
1762375,IT,IN,POSTT,WOODW,0.02,1314.629,3,3,1314.629,0.0,0.0,0.0,0.0,65731.45
1768059,IT,RU,BUSIN,BRICK,0.01,1314.593,3,3,1314.593,0.0,0.0,0.0,0.0,131459.3
1646826,IT,BE,SALEM,FOOD2,0.01,1314.553,3,3,1314.553,0.0,0.0,0.0,0.0,131455.3
1677223,IT,FR,POSTT,TEXT1,0.02,1314.532,3,3,1314.532,0.0,0.0,0.0,0.0,65726.6
1736663,IT,SK,INSUR,RETA1,0.03,1314.358,3,3,1314.358,0.0,0.0,0.0,0.0,43811.933333
1770620,IT,AU,FINAN,PLANT,0.02,1314.078,3,3,1314.078,0.0,0.0,0.0,0.0,65703.9
1643823,IT,AT,FINAN,ELEC8,0.02,1314.065,3,3,1314.065,0.0,0.0,0.0,0.0,65703.25
1714242,IT,MT,REALE,AUXIL,0.06,1313.177,3,3,1313.177,0.0,0.0,0.0,0.0,21886.283333
1782637,IT,NO,SALEM,NONME,0.01,1313.099,3,3,1313.099,0.0,0.0,0.0,0.0,131309.9
1765232,IT,RU,CROPS,HEALT,0.01,1313.044,3,3,1313.044,0.0,0.0,0.0,0.0,131304.4
1759225,IT,BR,POSTT,FISHF,0.02,1313.025,3,3,1313.025,0.0,0.0,0.0,0.0,65651.25
1711738,IT,LU,BUSIN,INLAN,0.01,1313.023,3,3,1313.023,0.0,0.0,0.0,0.0,131302.3
1676097,IT,FR,ELEC8,KEROS,0.02,1312.773,3,3,1312.773,0.0,0.0,0.0,0.0,65638.65
1710351,IT,LT,RETA1,RETA1,0.01,1312.538,3,3,1312.538,0.0,0.0,0.0,0.0,131253.8
1768295,IT,AU,FORES,WHOLE,0.01,1312.301,4,4,1311.301,0.0,1.0,0.0,0.0,131230.1
1782711,IT,NO,RETA1,FOOD5,0.01,1312.148,3,3,1312.148,0.0,0.0,0.0,0.0,131214.8
1715364,IT,NL,PRINT,RADIO,0.01,1311.858,3,3,1311.858,0.0,0.0,0.0,0.0,131185.8
1671787,IT,FI,WHOLE,FURNI,0.01,1311.755,3,3,1311.755,0.0,0.0,0.0,0.0,131175.5
1775133,IT,CH,COMPU,TRAN2,0.01,1311.352,3,3,1311.352,0.0,0.0,0.0,0.0,131135.2
1651134,IT,BG,COMPU,EDUCA,0.01,1311.307,3,3,1311.307,0.0,0.0,0.0,0.0,131130.7
1763369,IT,MX,PRINT,FOUND,0.01,1311.291,3,3,1311.291,0.0,0.0,0.0,0.0,131129.1
1754450,IT,CA,COMPU,HEALT,0.01,1310.792,3,3,1310.792,0.0,0.0,0.0,0.0,131079.2
1690121,IT,IE,COMPU,MACHI,0.01,1310.781,3,3,1310.781,0.0,0.0,0.0,0.0,131078.1
1756901,IT,KR,FINAN,FURNI,0.02,1310.776,3,3,1310.776,0.0,0.0,0.0,0.0,65538.8
1756898,IT,KR,FINAN,MACHI,0.02,1310.539,3,3,1310.539,0.0,0.0,0.0,0.0,65526.95
1773810,IT,CH,ELEC4,GLASS,0.02,1310.379,3,3,1310.379,0.0,0.0,0.0,0.0,65518.95
1759709,IT,BR,BUSIN,NICKE,0.01,1310.295,3,3,1310.295,0.0,0.0,0.0,0.0,131029.5
1689714,IT,IE,FINAN,MEATP,0.02,1310.221,3,3,1310.221,0.0,0.0,0.0,0.0,65511.05
1660560,IT,DE,AUXIL,WHOLE,0.02,1309.873,3,3,1309.873,0.0,0.0,0.0,0.0,65493.65
1786747,IT,ZA,RETA1,RENTI,0.01,1309.866,3,3,1309.866,0.0,0.0,0.0,0.0,130986.6
1683974,IT,HR,WHOLE,FURNI,0.01,1309.818,3,3,1309.818,0.0,0.0,0.0,0.0,130981.8
1659338,IT,DE,RETAI,DISTR,0.01,1309.741,3,3,1309.741,0.0,0.0,0.0,0.0,130974.1
1670796,IT,FI,PRINT,SEACO,0.01,1309.468,3,3,1309.468,0.0,0.0,0.0,0.0,130946.8
1793125,IT,WA,RECRE,PLAST,0.02,1309.441,3,3,1309.441,0.0,0.0,0.0,0.0,65472.05
1786698,IT,ZA,RETA1,ANTHR,0.01,1309.357,3,3,1309.357,0.0,0.0,0.0,0.0,130935.7
1647718,IT,BE,INSUR,CEMEN,0.03,1309.289,3,3,1309.289,0.0,0.0,0.0,0.0,43642.966667
1659138,IT,DE,ELEC8,CONST,0.02,1308.893,3,3,1308.893,0.0,0.0,0.0,0.0,65444.65
1684793,IT,HU,FORES,RAWMI,0.01,1308.878,4,4,1307.878,0.0,1.0,0.0,0.0,130887.8
1770826,IT,AU,BUSIN,MEATA,0.01,1308.861,3,3,1308.861,0.0,0.0,0.0,0.0,130886.1
1767754,IT,RU,INSUR,FISHF,0.03,1308.849,3,3,1308.849,0.0,0.0,0.0,0.0,43628.3
1641165,IT,AT,PRINT,GASDI,0.01,1308.823,3,3,1308.823,0.0,0.0,0.0,0.0,130882.3
1710571,IT,LT,BUSIN,RAWMI,0.01,1308.777,3,3,1308.777,0.0,0.0,0.0,0.0,130877.7
1655013,IT,CZ,REALE,BIOGA,0.06,1308.588,3,3,1308.588,0.0,0.0,0.0,0.0,21809.8
1724533,IT,PT,POSTT,RADIO,0.02,1307.987,3,3,1307.987,0.0,0.0,0.0,0.0,65399.35
1721812,IT,PL,REALE,FOOD5,0.06,1307.952,3,3,1307.952,0.0,0.0,0.0,0.0,21799.2
1647739,IT,BE,INSUR,DIST1,0.03,1307.948,3,3,1307.948,0.0,0.0,0.0,0.0,43598.266667
1743345,IT,US,SALEM,CROPS,0.01,1307.877,3,3,1307.877,0.0,0.0,0.0,0.0,130787.7
1743367,IT,US,SALEM,BITU1,0.01,1307.662,3,3,1307.662,0.0,0.0,0.0,0.0,130766.2
1781143,IT,TW,SEWAG,VEGET,0.01,1307.632,3,3,1307.632,0.0,0.0,0.0,0.0,130763.2
1677778,IT,FR,COMPU,RADIO,0.01,1307.591,3,3,1307.591,0.0,0.0,0.0,0.0,130759.1
1754214,IT,CA,POSTT,MEATP,0.02,1307.516,3,3,1307.516,0.0,0.0,0.0,0.0,65375.8
1736597,IT,SK,POSTT,ELEC3,0.02,1307.472,3,3,1307.472,0.0,0.0,0.0,0.0,65373.6
1689206,IT,IE,RETAI,TRAN1,0.01,1307.47,3,3,1307.47,0.0,0.0,0.0,0.0,130747.0
1779744,IT,TR,BUSIN,BIODI,0.01,1307.434,3,3,1307.434,0.0,0.0,0.0,0.0,130743.4
1740302,IT,GB,PUBLI,NUCLE,0.02,1307.21,3,3,1307.21,0.0,0.0,0.0,0.0,65360.5
1736592,IT,SK,POSTT,FABRI,0.02,1306.913,3,3,1306.913,0.0,0.0,0.0,0.0,65345.65
1774849,IT,CH,FINAN,PLAST,0.02,1306.889,3,3,1306.889,0.0,0.0,0.0,0.0,65344.45
1712826,IT,LV,POSTT,RETA1,0.02,1306.841,3,3,1306.841,0.0,0.0,0.0,0.0,65342.05
1783904,IT,NO,RECRE,RECRE,0.02,1306.78,3,3,1306.78,0.0,0.0,0.0,0.0,65339.0
1643159,IT,AT,RETA1,SUPPO,0.01,1306.76,3,3,1306.76,0.0,0.0,0.0,0.0,130676.0
1770045,IT,AU,SALEM,BITUM,0.01,1306.706,3,3,1306.706,0.0,0.0,0.0,0.0,130670.6
1754299,IT,CA,INSUR,CATTL,0.03,1306.67,3,3,1306.67,0.0,0.0,0.0,0.0,43555.666667
1668187,IT,ES,SALEM,FOODW,0.01,1306.564,3,3,1306.564,0.0,0.0,0.0,0.0,130656.4
1668457,IT,ES,RETA1,TEXT1,0.01,1306.524,3,3,1306.524,0.0,0.0,0.0,0.0,130652.4
1791317,IT,WA,SALEM,SUGAR,0.01,1306.424,3,3,1306.424,0.0,0.0,0.0,0.0,130642.4
1784994,IT,ID,INSUR,MEMBE,0.03,1306.257,3,3,1306.257,0.0,0.0,0.0,0.0,43541.9
1683944,IT,HR,SALEM,LANDT,0.01,1306.018,3,3,1306.018,0.0,0.0,0.0,0.0,130601.8
1722071,IT,PL,BUSIN,MEAT4,0.01,1305.881,3,3,1305.881,0.0,0.0,0.0,0.0,130588.1
1662831,IT,DK,SALEM,RETA1,0.01,1305.842,3,3,1305.842,0.0,0.0,0.0,0.0,130584.2
1727733,IT,RO,COMPU,RESEA,0.01,1305.737,3,3,1305.737,0.0,0.0,0.0,0.0,130573.7
1762447,IT,IN,FINAN,PADDY,0.02,1305.467,3,3,1305.467,0.0,0.0,0.0,0.0,65273.35
1778440,IT,TR,WHOLE,LEAD1,0.01,1305.392,3,3,1305.392,0.0,0.0,0.0,0.0,130539.2
1717491,IT,NL,REALE,MACHI,0.06,1305.339,3,3,1305.339,0.0,0.0,0.0,0.0,21755.65
1756990,IT,KR,COMPU,AIRTR,0.01,1305.179,3,3,1305.179,0.0,0.0,0.0,0.0,130517.9
1759510,IT,BR,REALE,FINAN,0.06,1305.175,3,3,1305.175,0.0,0.0,0.0,0.0,21752.916667
1680715,IT,GR,RETA1,FISH5,0.01,1304.827,3,3,1304.827,0.0,0.0,0.0,0.0,130482.7
1682489,IT,HR,PRINT,BRICK,0.01,1304.545,3,3,1304.545,0.0,0.0,0.0,0.0,130454.5
1740164,IT,GB,COMPU,PAPE4,0.01,1304.528,3,3,1304.528,0.0,0.0,0.0,0.0,130452.8
1764635,IT,MX,RETA1,LIQUE,0.01,1304.482,3,3,1304.482,0.0,0.0,0.0,0.0,130448.2
1807285,IT,WF,POSTT,BEVER,0.02,1304.468,3,3,1304.468,0.0,0.0,0.0,0.0,65223.4
1801784,IT,WE,ELEC4,ALUM1,0.02,1304.451,3,3,1304.451,0.0,0.0,0.0,0.0,65222.55
1668344,IT,ES,WHOLE,PLAS1,0.01,1304.412,3,3,1304.412,0.0,0.0,0.0,0.0,130441.2
1720975,IT,PL,WHOLE,TRAN2,0.01,1304.349,3,3,1304.349,0.0,0.0,0.0,0.0,130434.9
1717380,IT,NL,FINAN,INERT,0.02,1304.261,3,3,1304.261,0.0,0.0,0.0,0.0,65213.05
1736212,IT,SK,RETA1,CEREA,0.01,1304.225,3,3,1304.225,0.0,0.0,0.0,0.0,130422.5
1792582,IT,WA,COMPU,FOOD5,0.01,1303.583,3,3,1303.583,0.0,0.0,0.0,0.0,130358.3
1768227,IT,RU,EDUCA,RETA1,0.03,1303.577,3,3,1303.577,0.0,0.0,0.0,0.0,43452.566667
1762394,IT,IN,POSTT,PREC1,0.02,1303.549,3,3,1303.549,0.0,0.0,0.0,0.0,65177.45
1767878,IT,RU,AUXIL,FOOD4,0.02,1303.333,3,3,1303.333,0.0,0.0,0.0,0.0,65166.65
1669729,IT,ES,BUSIN,FORES,0.01,1303.317,3,3,1303.317,0.0,0.0,0.0,0.0,130331.7
1765179,IT,MX,BUSIN,ELEC1,0.01,1303.28,3,3,1303.28,0.0,0.0,0.0,0.0,130328.0
1672263,IT,FI,REALE,PUBLI,0.06,1303.254,3,3,1303.254,0.0,0.0,0.0,0.0,21720.9
1646959,IT,BE,WHOLE,SEWAG,0.01,1302.985,3,3,1302.985,0.0,0.0,0.0,0.0,130298.5
1728663,IT,SE,PRINT,STEAM,0.01,1302.894,3,3,1302.894,0.0,0.0,0.0,0.0,130289.4
1655233,IT,CZ,SEWAG,WASTE,0.01,1302.782,3,3,1302.782,0.0,0.0,0.0,0.0,130278.2
1671757,IT,FI,RETAI,PRINT,0.01,1302.745,3,3,1302.745,0.0,0.0,0.0,0.0,130274.5
1724651,IT,PT,INSUR,DAIRY,0.03,1302.499,3,3,1302.499,0.0,0.0,0.0,0.0,43416.633333
1713965,IT,MT,RETAI,WEARI,0.01,1302.397,3,3,1302.397,0.0,0.0,0.0,0.0,130239.7
1728684,IT,SE,PRINT,EDUCA,0.01,1302.159,3,3,1302.159,0.0,0.0,0.0,0.0,130215.9
1734312,IT,SI,BUSIN,ELECT,0.01,1301.841,3,3,1301.841,0.0,0.0,0.0,0.0,130184.1
1768115,IT,RU,BUSIN,FOOD3,0.01,1301.246,3,3,1301.246,0.0,0.0,0.0,0.0,130124.6
1762084,IT,IN,RETA1,ELEC1,0.01,1301.17,3,3,1301.17,0.0,0.0,0.0,0.0,130117.0
1770778,IT,AU,COMPU,PAPER,0.01,1301.139,3,3,1301.139,0.0,0.0,0.0,0.0,130113.9
1747897,IT,JP,COMPU,RUBBE,0.01,1300.998,3,3,1300.998,0.0,0.0,0.0,0.0,130099.8
1759333,IT,BR,FINAN,FORES,0.02,1300.913,3,3,1300.913,0.0,0.0,0.0,0.0,65045.65
1764939,IT,MX,POSTT,FOOD5,0.02,1300.639,3,3,1300.639,0.0,0.0,0.0,0.0,65031.95
1659311,IT,DE,RETAI,PULP5,0.01,1300.191,3,3,1300.191,0.0,0.0,0.0,0.0,130019.1
1659456,IT,DE,WHOLE,PAPE1,0.01,1300.182,3,3,1300.182,0.0,0.0,0.0,0.0,130018.2
1728641,IT,SE,PRINT,BIOGA,0.01,1300.129,3,3,1300.129,0.0,0.0,0.0,0.0,130012.9
1746056,IT,JP,PRINT,MEATC,0.01,1299.824,3,3,1299.824,0.0,0.0,0.0,0.0,129982.4
1784199,IT,ID,PRINT,CONST,0.01,1299.45,3,3,1299.45,0.0,0.0,0.0,0.0,129945.0
1779443,IT,TR,REALE,POSTT,0.05,1299.197,3,3,1299.197,0.0,0.0,0.0,0.0,25983.94
1714325,IT,MT,EDUCA,PUBLI,0.03,1298.91,3,3,1298.91,0.0,0.0,0.0,0.0,43297.0
1670157,IT,ES,MEMBE,CHEM1,0.02,1298.747,3,3,1298.747,0.0,0.0,0.0,0.0,64937.35
1713970,IT,MT,WHOLE,MEATC,0.01,1298.737,3,3,1298.737,0.0,0.0,0.0,0.0,129873.7
1677498,IT,FR,AUXIL,NONF1,0.02,1298.434,3,3,1298.434,0.0,0.0,0.0,0.0,64921.7
1759354,IT,BR,FINAN,CERAM,0.02,1298.398,3,3,1298.398,0.0,0.0,0.0,0.0,64919.9
1659048,IT,DE,ELEC4,FOOD5,0.02,1298.365,3,3,1298.365,0.0,0.0,0.0,0.0,64918.25
1678006,IT,FR,EDUCA,FORES,0.03,1298.301,3,3,1298.301,0.0,0.0,0.0,0.0,43276.7
1762023,IT,IN,WHOLE,ELEC3,0.01,1297.883,3,3,1297.883,0.0,0.0,0.0,0.0,129788.3
1668228,IT,ES,RETAI,SALEM,0.01,1297.584,3,3,1297.584,0.0,0.0,0.0,0.0,129758.4
1736915,IT,SK,BUSIN,PAPE4,0.01,1297.489,3,3,1297.489,0.0,0.0,0.0,0.0,129748.9
1669252,IT,ES,FINAN,PLANT,0.02,1297.331,3,3,1297.331,0.0,0.0,0.0,0.0,64866.55
1762066,IT,IN,RETA1,PLAST,0.01,1297.132,3,3,1297.132,0.0,0.0,0.0,0.0,129713.2
1780008,IT,TW,SALEM,RADIO,0.01,1296.989,3,3,1296.989,0.0,0.0,0.0,0.0,129698.9
1797569,IT,WL,PUBLI,RETA1,0.02,1296.929,3,3,1296.929,0.0,0.0,0.0,0.0,64846.45
1813558,IT,WM,WHOLE,BITU1,0.01,1296.799,3,3,1296.799,0.0,0.0,0.0,0.0,129679.9
1770637,IT,AU,FINAN,DIST1,0.02,1296.798,3,3,1296.798,0.0,0.0,0.0,0.0,64839.9
1659077,IT,DE,ELEC4,POSTT,0.02,1296.77,3,3,1296.77,0.0,0.0,0.0,0.0,64838.5
1714472,IT,NL,FORES,OILHA,0.01,1296.521,3,3,1296.521,0.0,0.0,0.0,0.0,129652.1
1780491,IT,TW,POSTT,GLASS,0.02,1296.235,3,3,1296.235,0.0,0.0,0.0,0.0,64811.75
1744228,IT,US,POSTT,PREC1,0.02,1296.089,3,3,1296.089,0.0,0.0,0.0,0.0,64804.45
1780020,IT,TW,SALEM,SUPPO,0.01,1295.987,3,3,1295.987,0.0,0.0,0.0,0.0,129598.7
1802536,IT,WE,POSTT,MEMBE,0.02,1295.948,3,3,1295.948,0.0,0.0,0.0,0.0,64797.4
1660668,IT,DE,REALE,SEWAG,0.05,1295.736,3,3,1295.736,0.0,0.0,0.0,0.0,25914.72
1736862,IT,SK,BUSIN,GLASS,0.01,1295.593,3,3,1295.593,0.0,0.0,0.0,0.0,129559.3
1664865,IT,ES,FORES,WEARI,0.01,1295.573,3,3,1295.573,0.0,0.0,0.0,0.0,129557.3
1783026,IT,NO,INSUR,CEREA,0.03,1295.382,3,3,1295.382,0.0,0.0,0.0,0.0,43179.4
1660223,IT,DE,POSTT,MEAT1,0.02,1295.349,3,3,1295.349,0.0,0.0,0.0,0.0,64767.45
1774842,IT,CH,POSTT,FOOD2,0.02,1295.194,3,3,1295.194,0.0,0.0,0.0,0.0,64759.7
1787078,IT,ZA,BUSIN,MEAT1,0.01,1294.971,3,3,1294.971,0.0,0.0,0.0,0.0,129497.1
1744382,IT,US,INSUR,SALEM,0.03,1294.93,3,3,1294.93,0.0,0.0,0.0,0.0,43164.333333
1710583,IT,LT,BUSIN,POSTT,0.01,1294.662,3,3,1294.662,0.0,0.0,0.0,0.0,129466.2
1677980,IT,FR,PUBLI,DIST1,0.02,1294.449,3,3,1294.449,0.0,0.0,0.0,0.0,64722.45
1778312,IT,TR,SALEM,SALEM,0.01,1294.329,3,3,1294.329,0.0,0.0,0.0,0.0,129432.9
1677254,IT,FR,FINAN,SANDC,0.02,1294.291,3,3,1294.291,0.0,0.0,0.0,0.0,64714.55
1727321,IT,RO,POSTT,FOUND,0.02,1293.814,3,3,1293.814,0.0,0.0,0.0,0.0,64690.7
1643120,IT,AT,WHOLE,WASTE,0.01,1293.108,3,3,1293.108,0.0,0.0,0.0,0.0,129310.8
1807425,IT,WF,INSUR,RUBBE,0.03,1292.393,3,3,1292.393,0.0,0.0,0.0,0.0,43079.766667
1768232,IT,RU,EDUCA,REALE,0.03,1292.361,3,3,1292.361,0.0,0.0,0.0,0.0,43078.7
1759343,IT,BR,FINAN,WEARI,0.02,1292.306,3,3,1292.306,0.0,0.0,0.0,0.0,64615.3
1650575,IT,BG,ELEC8,BEVER,0.02,1292.015,3,3,1292.015,0.0,0.0,0.0,0.0,64600.75
1663544,IT,DK,COMPU,ELEC5,0.01,1291.855,3,3,1291.855,0.0,0.0,0.0,0.0,129185.5
1774908,IT,CH,INSUR,CEMEN,0.03,1291.557,3,3,1291.557,0.0,0.0,0.0,0.0,43051.9
1807303,IT,WF,POSTT,NONME,0.02,1291.47,3,3,1291.47,0.0,0.0,0.0,0.0,64573.5
1801927,IT,WE,SALEM,TEXTI,0.01,1291.442,3,3,1291.442,0.0,0.0,0.0,0.0,129144.2
1669810,IT,ES,BUSIN,BIOG1,0.01,1291.384,3,3,1291.384,0.0,0.0,0.0,0.0,129138.4
1678249,IT,FR,SEWAG,SUPPO,0.01,1290.532,3,3,1290.532,0.0,0.0,0.0,0.0,129053.2
1672173,IT,FI,AUXIL,DAIRY,0.02,1290.449,3,3,1290.449,0.0,0.0,0.0,0.0,64522.45
1756904,IT,KR,FINAN,WHOLE,0.02,1290.433,3,3,1290.433,0.0,0.0,0.0,0.0,64521.65
1648365,IT,BE,MEMBE,PLAST,0.02,1290.368,3,3,1290.368,0.0,0.0,0.0,0.0,64518.4
1710350,IT,LT,RETA1,WHOLE,0.01,1290.351,3,3,1290.351,0.0,0.0,0.0,0.0,129035.1
1744475,IT,US,AUXIL,FOOD3,0.02,1290.161,3,3,1290.161,0.0,0.0,0.0,0.0,64508.05
1767803,IT,RU,INSUR,INSUR,0.03,1290.151,3,3,1290.151,0.0,0.0,0.0,0.0,43005.033333
1712898,IT,LV,REALE,SALEM,0.05,1290.045,3,3,1290.045,0.0,0.0,0.0,0.0,25800.9
1768125,IT,RU,PUBLI,OILSE,0.02,1289.959,3,3,1289.959,0.0,0.0,0.0,0.0,64497.95
1663466,IT,DK,REALE,AUXIL,0.05,1289.921,3,3,1289.921,0.0,0.0,0.0,0.0,25798.42
1758746,IT,BR,WHOLE,CONST,0.01,1289.878,3,3,1289.878,0.0,0.0,0.0,0.0,128987.8
1651242,IT,BG,RECRE,RECRE,0.02,1289.759,3,3,1289.759,0.0,0.0,0.0,0.0,64487.95
1714003,IT,MT,RETA1,MOTO1,0.01,1289.681,3,3,1289.681,0.0,0.0,0.0,0.0,128968.1
1783029,IT,NO,INSUR,MEATA,0.03,1289.648,3,3,1289.648,0.0,0.0,0.0,0.0,42988.266667
1721646,IT,PL,POSTT,INTER,0.02,1289.514,3,3,1289.514,0.0,0.0,0.0,0.0,64475.7
1684009,IT,HR,RETA1,SUPPO,0.01,1289.4,3,3,1289.4,0.0,0.0,0.0,0.0,128940.0
1681700,IT,HR,FORES,RETA1,0.01,1289.39,3,3,1289.39,0.0,0.0,0.0,0.0,128939.0
1652837,IT,CZ,PRINT,RETAI,0.01,1289.266,3,3,1289.266,0.0,0.0,0.0,0.0,128926.6
1807409,IT,WF,INSUR,CEREA,0.03,1288.951,3,3,1288.951,0.0,0.0,0.0,0.0,42965.033333
1680719,IT,GR,RETA1,WOODW,0.01,1288.917,3,3,1288.917,0.0,0.0,0.0,0.0,128891.7
1804209,IT,WF,PRINT,RADIO,0.01,1288.906,3,3,1288.906,0.0,0.0,0.0,0.0,128890.6
1643827,IT,AT,FINAN,RETAI,0.02,1288.709,3,3,1288.709,0.0,0.0,0.0,0.0,64435.45
1736161,IT,SK,SALEM,SEACO,0.01,1288.623,3,3,1288.623,0.0,0.0,0.0,0.0,128862.3
1786964,IT,ZA,POSTT,RESEA,0.02,1288.399,3,3,1288.399,0.0,0.0,0.0,0.0,64419.95
1807356,IT,WF,FINAN,FOOD5,0.02,1288.395,3,3,1288.395,0.0,0.0,0.0,0.0,64419.75
1711714,IT,LU,BUSIN,NONF1,0.01,1288.29,3,3,1288.29,0.0,0.0,0.0,0.0,128829.0
1757139,IT,BR,FORES,ALUM1,0.01,1288.19,3,3,1288.19,0.0,0.0,0.0,0.0,128819.0
1774116,IT,CH,WHOLE,ELECT,0.01,1288.156,3,3,1288.156,0.0,0.0,0.0,0.0,128815.6
1774028,IT,CH,RETAI,MACHI,0.01,1287.913,3,3,1287.913,0.0,0.0,0.0,0.0,128791.3
1814882,IT,WM,PRIVA,SUGAR,0.29,1287.907,3,3,1287.907,0.0,0.0,0.0,0.0,4441.058621
1711742,IT,LU,BUSIN,FINAN,0.01,1287.884,3,3,1287.884,0.0,0.0,0.0,0.0,128788.4
1747714,IT,JP,FINAN,GASDI,0.02,1287.821,3,3,1287.821,0.0,0.0,0.0,0.0,64391.05
1661087,IT,DE,PUBLI,RAILW,0.02,1287.642,3,3,1287.642,0.0,0.0,0.0,0.0,64382.1
1659315,IT,DE,RETAI,KEROS,0.01,1287.581,3,3,1287.581,0.0,0.0,0.0,0.0,128758.1
1669915,IT,ES,EDUCA,CROPS,0.03,1287.353,3,3,1287.353,0.0,0.0,0.0,0.0,42911.766667
1681200,IT,GR,POSTT,INSUR,0.02,1287.183,3,3,1287.183,0.0,0.0,0.0,0.0,64359.15
1740282,IT,GB,BUSIN,TEXT1,0.01,1287.159,3,3,1287.159,0.0,0.0,0.0,0.0,128715.9
1769015,IT,AU,PRINT,FABRI,0.01,1287.062,3,3,1287.062,0.0,0.0,0.0,0.0,128706.2
1758711,IT,BR,RETAI,BRICK,0.01,1287.054,3,3,1287.054,0.0,0.0,0.0,0.0,128705.4
1663531,IT,DK,COMPU,DAIRY,0.01,1286.677,3,3,1286.677,0.0,0.0,0.0,0.0,128667.7
1647048,IT,BE,RETA1,FOOD3,0.01,1286.601,3,3,1286.601,0.0,0.0,0.0,0.0,128660.1
1775589,IT,CH,RECRE,MOTO1,0.02,1286.56,3,3,1286.56,0.0,0.0,0.0,0.0,64328.0
1725758,IT,RO,PRINT,LIQUE,0.01,1286.492,3,3,1286.492,0.0,0.0,0.0,0.0,128649.2
1654442,IT,CZ,RETA1,FOOD5,0.01,1286.459,3,3,1286.459,0.0,0.0,0.0,0.0,128645.9
1651055,IT,BG,INSUR,COPPE,0.03,1286.276,3,3,1286.276,0.0,0.0,0.0,0.0,42875.866667
1712932,IT,LV,PUBLI,PUBLI,0.02,1286.254,3,3,1286.254,0.0,0.0,0.0,0.0,64312.7
1774888,IT,CH,INSUR,SANDC,0.03,1286.219,3,3,1286.219,0.0,0.0,0.0,0.0,42873.966667
1677364,IT,FR,INSUR,SANDC,0.03,1286.176,3,3,1286.176,0.0,0.0,0.0,0.0,42872.533333
1769008,IT,AU,PRINT,BITUM,0.01,1285.847,3,3,1285.847,0.0,0.0,0.0,0.0,128584.7
1662835,IT,DK,SALEM,COMPU,0.01,1285.66,3,3,1285.66,0.0,0.0,0.0,0.0,128566.0
1797219,IT,WL,FINAN,BASIC,0.02,1285.574,3,3,1285.574,0.0,0.0,0.0,0.0,64278.7
1660663,IT,DE,REALE,PLAS1,0.05,1285.221,3,3,1285.221,0.0,0.0,0.0,0.0,25704.42
1784762,IT,ID,RETA1,RADIO,0.01,1284.841,3,3,1284.841,0.0,0.0,0.0,0.0,128484.1
1785071,IT,ZA,CROPS,RAWMI,0.01,1284.671,3,3,1284.671,0.0,0.0,0.0,0.0,128467.1
1740506,IT,GB,MEMBE,OFFIC,0.01,1284.62,3,3,1284.62,0.0,0.0,0.0,0.0,128462.0
1684801,IT,HU,FORES,FURNI,0.01,1284.591,3,3,1284.591,0.0,0.0,0.0,0.0,128459.1
1669480,IT,ES,AUXIL,KERO1,0.02,1284.537,3,3,1284.537,0.0,0.0,0.0,0.0,64226.85
1770585,IT,AU,POSTT,MACHI,0.02,1284.421,3,3,1284.421,0.0,0.0,0.0,0.0,64221.05
1646795,IT,BE,SALEM,NAPHT,0.01,1284.156,3,3,1284.156,0.0,0.0,0.0,0.0,128415.6
1727701,IT,RO,COMPU,KEROS,0.01,1284.138,3,3,1284.138,0.0,0.0,0.0,0.0,128413.8
1717358,IT,NL,FINAN,TRAN2,0.02,1283.901,3,3,1283.901,0.0,0.0,0.0,0.0,64195.05
1744939,IT,US,BUSIN,ELEC7,0.01,1283.65,3,3,1283.65,0.0,0.0,0.0,0.0,128365.0
1689761,IT,IE,FINAN,FOOD4,0.02,1283.53,3,3,1283.53,0.0,0.0,0.0,0.0,64176.5
1643128,IT,AT,RETA1,MEATC,0.01,1283.418,3,3,1283.418,0.0,0.0,0.0,0.0,128341.8
1690494,IT,IE,PLAS2,CHEM1,0.01,1283.318,3,3,1283.318,0.0,0.0,0.0,0.0,128331.8
1744448,IT,US,AUXIL,ELEC8,0.02,1283.258,3,3,1283.258,0.0,0.0,0.0,0.0,64162.9
1689873,IT,IE,AUXIL,MEAT1,0.02,1282.713,3,3,1282.713,0.0,0.0,0.0,0.0,64135.65
1767148,IT,RU,SALEM,HOTEL,0.01,1282.439,3,3,1282.439,0.0,0.0,0.0,0.0,128243.9
1648293,IT,BE,PUBLI,CONST,0.02,1282.339,3,3,1282.339,0.0,0.0,0.0,0.0,64116.95
1644163,IT,AT,RECRE,MACHI,0.02,1282.292,3,3,1282.292,0.0,0.0,0.0,0.0,64114.6
1782723,IT,NO,RETA1,RUBBE,0.01,1281.871,3,3,1281.871,0.0,0.0,0.0,0.0,128187.1
1814453,IT,WM,COMPU,FURNI,0.01,1281.647,3,3,1281.647,0.0,0.0,0.0,0.0,128164.7
1689697,IT,IE,POSTT,MEMBE,0.02,1281.433,3,3,1281.433,0.0,0.0,0.0,0.0,64071.65
1807378,IT,WF,FINAN,TRANS,0.02,1280.951,3,3,1280.951,0.0,0.0,0.0,0.0,64047.55
1746067,IT,JP,PRINT,LIQUE,0.01,1280.897,3,3,1280.897,0.0,0.0,0.0,0.0,128089.7
1662960,IT,DK,RETA1,OILHA,0.01,1280.85,3,3,1280.85,0.0,0.0,0.0,0.0,128085.0
1743426,IT,US,RETAI,MEAT4,0.01,1280.755,3,3,1280.755,0.0,0.0,0.0,0.0,128075.5
1647011,IT,BE,RETA1,FOUND,0.01,1280.676,3,3,1280.676,0.0,0.0,0.0,0.0,128067.6
1797409,IT,WL,COMPU,FOUND,0.01,1280.255,3,3,1280.255,0.0,0.0,0.0,0.0,128025.5
1680478,IT,GR,ELEC5,WHOLE,0.02,1280.14,3,3,1280.14,0.0,0.0,0.0,0.0,64007.0
1751911,IT,CN,COMPU,LEAD1,0.01,1280.102,3,3,1280.102,0.0,0.0,0.0,0.0,128010.2
1649160,IT,BG,PRINT,LEATH,0.01,1280.051,3,3,1280.051,0.0,0.0,0.0,0.0,128005.1
1809221,IT,WM,FORES,FURNI,0.01,1279.849,3,3,1279.849,0.0,0.0,0.0,0.0,127984.9
1724714,IT,PT,AUXIL,WOODW,0.02,1279.814,3,3,1279.814,0.0,0.0,0.0,0.0,63990.7
1763384,IT,MX,PRINT,RETAI,0.01,1279.657,3,3,1279.657,0.0,0.0,0.0,0.0,127965.7
1753877,IT,CA,RETA1,RETA1,0.01,1279.59,3,3,1279.59,0.0,0.0,0.0,0.0,127959.0
1734124,IT,SI,AUXIL,BASIC,0.02,1279.423,3,3,1279.423,0.0,0.0,0.0,0.0,63971.15
1676089,IT,FR,ELEC8,POULT,0.02,1278.893,3,3,1278.893,0.0,0.0,0.0,0.0,63944.65
1778509,IT,TR,RETA1,ALUMI,0.01,1278.702,3,3,1278.702,0.0,0.0,0.0,0.0,127870.2
1791335,IT,WA,SALEM,LEATH,0.01,1278.483,3,3,1278.483,0.0,0.0,0.0,0.0,127848.3
1807296,IT,WF,POSTT,LIQUE,0.02,1278.413,3,3,1278.413,0.0,0.0,0.0,0.0,63920.65
1724536,IT,PT,POSTT,TRANS,0.02,1278.406,3,3,1278.406,0.0,0.0,0.0,0.0,63920.3
1687793,IT,HU,POSTT,BIOGA,0.02,1278.31,3,3,1278.31,0.0,0.0,0.0,0.0,63915.5
1724524,IT,PT,POSTT,GLASS,0.02,1278.307,3,3,1278.307,0.0,0.0,0.0,0.0,63915.35
1802778,IT,WE,BUSIN,RUBBE,0.01,1278.121,3,3,1278.121,0.0,0.0,0.0,0.0,127812.1
1736870,IT,SK,BUSIN,NONF1,0.01,1278.107,3,3,1278.107,0.0,0.0,0.0,0.0,127810.7
1688598,IT,IE,PRINT,PAPE4,0.01,1278.069,3,3,1278.069,0.0,0.0,0.0,0.0,127806.9
1813661,IT,WM,RETA1,CHARC,0.01,1278.045,3,3,1278.045,0.0,0.0,0.0,0.0,127804.5
1727792,IT,RO,BUSIN,REFIN,0.01,1277.9,3,3,1277.9,0.0,0.0,0.0,0.0,127790.0
1690197,IT,IE,BUSIN,NONME,0.01,1277.795,3,3,1277.795,0.0,0.0,0.0,0.0,127779.5
1676338,IT,FR,RETAI,FOOD3,0.01,1277.793,3,3,1277.793,0.0,0.0,0.0,0.0,127779.3
1663617,IT,DK,BUSIN,CERAM,0.01,1277.674,3,3,1277.674,0.0,0.0,0.0,0.0,127767.4
1683931,IT,HR,SALEM,WEARI,0.01,1277.582,3,3,1277.582,0.0,0.0,0.0,0.0,127758.2
1759356,IT,BR,FINAN,ALUM1,0.02,1277.235,3,3,1277.235,0.0,0.0,0.0,0.0,63861.75
1762836,IT,IN,PUBLI,ELEC8,0.02,1277.161,3,3,1277.161,0.0,0.0,0.0,0.0,63858.05
1648305,IT,BE,PUBLI,RESEA,0.02,1276.906,3,3,1276.906,0.0,0.0,0.0,0.0,63845.3
1802124,IT,WE,RETA1,INLAN,0.01,1276.905,3,3,1276.905,0.0,0.0,0.0,0.0,127690.5
1747907,IT,JP,COMPU,FURNI,0.01,1276.742,3,3,1276.742,0.0,0.0,0.0,0.0,127674.2
1779442,IT,TR,REALE,SUPPO,0.05,1276.545,3,3,1276.545,0.0,0.0,0.0,0.0,25530.9
1713976,IT,MT,WHOLE,PRINT,0.01,1276.497,3,3,1276.497,0.0,0.0,0.0,0.0,127649.7
1786667,IT,ZA,WHOLE,OFFIC,0.01,1276.338,3,3,1276.338,0.0,0.0,0.0,0.0,127633.8
1801934,IT,WE,SALEM,CHEM1,0.01,1276.325,3,3,1276.325,0.0,0.0,0.0,0.0,127632.5
1712677,IT,LV,WHOLE,WOODW,0.01,1276.201,3,3,1276.201,0.0,0.0,0.0,0.0,127620.1
1736162,IT,SK,SALEM,AIRTR,0.01,1276.166,3,3,1276.166,0.0,0.0,0.0,0.0,127616.6
1744426,IT,US,AUXIL,PRINT,0.02,1275.88,3,3,1275.88,0.0,0.0,0.0,0.0,63794.0
1751091,IT,CN,RETA1,PULP5,0.01,1275.864,3,3,1275.864,0.0,0.0,0.0,0.0,127586.4
1720934,IT,PL,RETAI,DIST1,0.01,1275.8,3,3,1275.8,0.0,0.0,0.0,0.0,127580.0
1730058,IT,SE,RETA1,VEGET,0.01,1275.786,3,3,1275.786,0.0,0.0,0.0,0.0,127578.6
1770708,IT,AU,INSUR,RESEA,0.03,1275.453,3,3,1275.453,0.0,0.0,0.0,0.0,42515.1
1682506,IT,HR,PRINT,LANDT,0.01,1275.42,3,3,1275.42,0.0,0.0,0.0,0.0,127542.0
1662896,IT,DK,WHOLE,HEALT,0.01,1275.41,3,3,1275.41,0.0,0.0,0.0,0.0,127541.0
1736715,IT,SK,REALE,PLAST,0.05,1275.232,3,3,1275.232,0.0,0.0,0.0,0.0,25504.64
1802510,IT,WE,POSTT,ALUM1,0.02,1275.016,3,3,1275.016,0.0,0.0,0.0,0.0,63750.8
1791561,IT,WA,RETA1,ELEC4,0.01,1275.004,3,3,1275.004,0.0,0.0,0.0,0.0,127500.4
1802765,IT,WE,BUSIN,MEAT1,0.01,1275.001,3,3,1275.001,0.0,0.0,0.0,0.0,127500.1
1643866,IT,AT,REALE,DAIRY,0.05,1274.826,3,3,1274.826,0.0,0.0,0.0,0.0,25496.52
1787306,IT,WA,CROPS,IRONO,0.01,1274.696,3,3,1274.696,0.0,0.0,0.0,0.0,127469.6
1762385,IT,IN,POSTT,NFERT,0.02,1274.592,3,3,1274.592,0.0,0.0,0.0,0.0,63729.6
1748277,IT,JP,MEMBE,TRANS,0.01,1274.247,3,3,1274.247,0.0,0.0,0.0,0.0,127424.7
1651021,IT,BG,POSTT,RUBBE,0.02,1274.148,3,3,1274.148,0.0,0.0,0.0,0.0,63707.4
1680651,IT,GR,WHOLE,MEAT4,0.01,1274.141,3,3,1274.141,0.0,0.0,0.0,0.0,127414.1
1775576,IT,CH,RECRE,GASDI,0.02,1274.129,3,3,1274.129,0.0,0.0,0.0,0.0,63706.45
1748415,IT,CN,FORES,FOOD5,0.01,1274.117,3,3,1274.117,0.0,0.0,0.0,0.0,127411.7
1758729,IT,BR,WHOLE,PROCE,0.01,1273.86,3,3,1273.86,0.0,0.0,0.0,0.0,127386.0
1728673,IT,SE,PRINT,SEACO,0.01,1273.813,3,3,1273.813,0.0,0.0,0.0,0.0,127381.3
1792498,IT,WA,REALE,WOODW,0.05,1273.708,3,3,1273.708,0.0,0.0,0.0,0.0,25474.16
1647797,IT,BE,AUXIL,LIQUE,0.02,1273.701,3,3,1273.701,0.0,0.0,0.0,0.0,63685.05
1724610,IT,PT,FINAN,FURNI,0.02,1273.621,3,3,1273.621,0.0,0.0,0.0,0.0,63681.05
1741346,IT,US,PRINT,VEGET,0.01,1273.298,3,3,1273.298,0.0,0.0,0.0,0.0,127329.8
1690298,IT,IE,SEWAG,SUPPO,0.01,1273.264,3,3,1273.264,0.0,0.0,0.0,0.0,127326.4
1647819,IT,BE,AUXIL,MEDIC,0.02,1273.248,3,3,1273.248,0.0,0.0,0.0,0.0,63662.4
1716668,IT,NL,WHOLE,PRINT,0.01,1273.199,3,3,1273.199,0.0,0.0,0.0,0.0,127319.9
1731871,IT,SI,PRINT,DIST1,0.01,1273.091,3,3,1273.091,0.0,0.0,0.0,0.0,127309.1
1797290,IT,WL,AUXIL,CEREA,0.02,1273.086,3,3,1273.086,0.0,0.0,0.0,0.0,63654.3
1734364,IT,SI,PUBLI,REALE,0.02,1272.848,3,3,1272.848,0.0,0.0,0.0,0.0,63642.4
1767994,IT,RU,COMPU,RENTI,0.01,1272.763,3,3,1272.763,0.0,0.0,0.0,0.0,127276.3
1765076,IT,MX,INSUR,93197,0.03,1272.465,3,3,1272.465,0.0,0.0,0.0,0.0,42415.5
1756927,IT,KR,INSUR,HOTEL,0.03,1272.434,3,3,1272.434,0.0,0.0,0.0,0.0,42414.466667
1670048,IT,ES,SEWAG,MACHI,0.01,1272.302,3,3,1272.302,0.0,0.0,0.0,0.0,127230.2
1663477,IT,DK,REALE,93197,0.05,1272.221,3,3,1272.221,0.0,0.0,0.0,0.0,25444.42
1716590,IT,NL,SALEM,BASIC,0.01,1271.972,3,3,1271.972,0.0,0.0,0.0,0.0,127197.2
1807598,IT,WF,COMPU,MEMBE,0.01,1271.954,3,3,1271.954,0.0,0.0,0.0,0.0,127195.4
1690499,IT,IE,PLAS2,RETA1,0.01,1271.746,3,3,1271.746,0.0,0.0,0.0,0.0,127174.6
1765126,IT,MX,COMPU,RECRE,0.01,1271.689,3,3,1271.689,0.0,0.0,0.0,0.0,127168.9
1654929,IT,CZ,INSUR,LUBRI,0.03,1271.646,3,3,1271.646,0.0,0.0,0.0,0.0,42388.2
1807286,IT,WF,POSTT,FISH5,0.02,1271.186,3,3,1271.186,0.0,0.0,0.0,0.0,63559.3
1722227,IT,PL,EDUCA,AIRTR,0.03,1270.872,3,3,1270.872,0.0,0.0,0.0,0.0,42362.4
1677152,IT,FR,POSTT,LEATH,0.02,1270.814,3,3,1270.814,0.0,0.0,0.0,0.0,63540.7
1724659,IT,PT,INSUR,PULP5,0.03,1270.772,3,3,1270.772,0.0,0.0,0.0,0.0,42359.066667
1683992,IT,HR,WHOLE,INERT,0.01,1270.724,3,3,1270.724,0.0,0.0,0.0,0.0,127072.4
1792864,IT,WA,EDUCA,ELEC4,0.03,1270.481,3,3,1270.481,0.0,0.0,0.0,0.0,42349.366667
1775106,IT,CH,COMPU,PLAST,0.01,1270.336,3,3,1270.336,0.0,0.0,0.0,0.0,127033.6
1787141,IT,ZA,PUBLI,BITUM,0.02,1270.284,3,3,1270.284,0.0,0.0,0.0,0.0,63514.2
1643101,IT,AT,WHOLE,ELEC8,0.01,1270.275,3,3,1270.275,0.0,0.0,0.0,0.0,127027.5
1684777,IT,HU,CROPS,CONST,0.01,1270.249,3,3,1270.249,0.0,0.0,0.0,0.0,127024.9
1654376,IT,CZ,SALEM,WHEAT,0.01,1270.107,3,3,1270.107,0.0,0.0,0.0,0.0,127010.7
1643811,IT,AT,FINAN,WOODW,0.02,1270.058,3,3,1270.058,0.0,0.0,0.0,0.0,63502.9
1655247,IT,CZ,RECRE,FINAN,0.02,1270.05,3,3,1270.05,0.0,0.0,0.0,0.0,63502.5
1814897,IT,WM,PRIVA,MEATC,0.28,1269.835,3,3,1269.835,0.0,0.0,0.0,0.0,4535.125
1752228,IT,CN,RECRE,BUSIN,0.02,1269.804,3,3,1269.804,0.0,0.0,0.0,0.0,63490.2
1791459,IT,WA,WHOLE,ELEC1,0.01,1269.716,3,3,1269.716,0.0,0.0,0.0,0.0,126971.6
1685588,IT,HU,PRINT,GLASS,0.01,1269.694,3,3,1269.694,0.0,0.0,0.0,0.0,126969.4
1803276,IT,WF,FORES,GASDI,0.01,1269.48,3,3,1269.48,0.0,0.0,0.0,0.0,126948.0
1775555,IT,CH,PLAS2,CONST,0.01,1269.442,3,3,1269.442,0.0,0.0,0.0,0.0,126944.2
1736246,IT,SK,RETA1,HEALT,0.01,1269.404,3,3,1269.404,0.0,0.0,0.0,0.0,126940.4
1808611,IT,WF,PLAS2,SUGA1,0.01,1269.259,3,3,1269.259,0.0,0.0,0.0,0.0,126925.9
1762413,IT,IN,POSTT,ELEC8,0.02,1269.217,3,3,1269.217,0.0,0.0,0.0,0.0,63460.85
1739792,IT,GB,POSTT,COLLE,0.02,1269.169,3,3,1269.169,0.0,0.0,0.0,0.0,63458.45
1782643,IT,NO,SALEM,ELEC4,0.01,1269.075,3,3,1269.075,0.0,0.0,0.0,0.0,126907.5
1791346,IT,WA,SALEM,CERAM,0.01,1269.042,3,3,1269.042,0.0,0.0,0.0,0.0,126904.2
1797149,IT,WL,POSTT,MEDIC,0.02,1268.788,3,3,1268.788,0.0,0.0,0.0,0.0,63439.4
1779376,IT,TR,AUXIL,MACHI,0.02,1268.74,3,3,1268.74,0.0,0.0,0.0,0.0,63437.0
1751563,IT,CN,POSTT,HEAVY,0.02,1268.683,3,3,1268.683,0.0,0.0,0.0,0.0,63434.15
1785022,IT,ID,BUSIN,PFERT,0.01,1268.43,3,3,1268.43,0.0,0.0,0.0,0.0,126843.0
1760752,IT,IN,PRINT,COKEO,0.01,1268.387,3,3,1268.387,0.0,0.0,0.0,0.0,126838.7
1654395,IT,CZ,WHOLE,WHEAT,0.01,1268.316,3,3,1268.316,0.0,0.0,0.0,0.0,126831.6
1773853,IT,CH,ELEC5,FINAN,0.02,1268.149,3,3,1268.149,0.0,0.0,0.0,0.0,63407.45
1801942,IT,WE,SALEM,RETAI,0.01,1267.931,3,3,1267.931,0.0,0.0,0.0,0.0,126793.1
1814478,IT,WM,COMPU,MEMBE,0.01,1267.903,3,3,1267.903,0.0,0.0,0.0,0.0,126790.3
1736808,IT,SK,COMPU,TRAN2,0.01,1267.515,3,3,1267.515,0.0,0.0,0.0,0.0,126751.5
1740601,IT,US,FORES,BIODI,0.01,1267.411,3,3,1267.411,0.0,0.0,0.0,0.0,126741.1
1775121,IT,CH,COMPU,ELEC4,0.01,1267.125,3,3,1267.125,0.0,0.0,0.0,0.0,126712.5
1752080,IT,CN,BUSIN,PULP5,0.01,1266.902,3,3,1266.902,0.0,0.0,0.0,0.0,126690.2
1779992,IT,TW,SALEM,REFIN,0.01,1266.747,3,3,1266.747,0.0,0.0,0.0,0.0,126674.7
1792304,IT,WA,FINAN,WHEAT,0.02,1266.604,3,3,1266.604,0.0,0.0,0.0,0.0,63330.2
1684791,IT,HU,FORES,PIGS9,0.01,1266.353,3,3,1266.353,0.0,0.0,0.0,0.0,126635.3
1736620,IT,SK,FINAN,COKEO,0.02,1265.955,3,3,1265.955,0.0,0.0,0.0,0.0,63297.75
1669901,IT,ES,PUBLI,INSUR,0.02,1265.73,3,3,1265.73,0.0,0.0,0.0,0.0,63286.5
1651053,IT,BG,INSUR,OILSE,0.03,1265.601,3,3,1265.601,0.0,0.0,0.0,0.0,42186.7
1754451,IT,CA,COMPU,RECRE,0.01,1265.587,3,3,1265.587,0.0,0.0,0.0,0.0,126558.7
1652833,IT,CZ,PRINT,DIST1,0.01,1265.512,3,3,1265.512,0.0,0.0,0.0,0.0,126551.2
1688216,IT,HU,RECRE,HOTEL,0.02,1265.09,3,3,1265.09,0.0,0.0,0.0,0.0,63254.5
1736221,IT,SK,RETA1,MEAT1,0.01,1265.03,3,3,1265.03,0.0,0.0,0.0,0.0,126503.0
1782991,IT,NO,POSTT,MACHI,0.02,1264.91,3,3,1264.91,0.0,0.0,0.0,0.0,63245.5
1740313,IT,GB,PUBLI,BASIC,0.02,1264.905,3,3,1264.905,0.0,0.0,0.0,0.0,63245.25
1756590,IT,KR,RETA1,PRIVA,0.01,1264.672,3,3,1264.672,0.0,0.0,0.0,0.0,126467.2
1660342,IT,DE,FINAN,TOBAC,0.02,1264.613,3,3,1264.613,0.0,0.0,0.0,0.0,63230.65
1690568,IT,IE,RECRE,93197,0.02,1264.561,3,3,1264.561,0.0,0.0,0.0,0.0,63228.05
1802504,IT,WE,POSTT,GASDI,0.02,1264.258,3,3,1264.258,0.0,0.0,0.0,0.0,63212.9
1786673,IT,ZA,WHOLE,ELEC8,0.01,1263.9,3,3,1263.9,0.0,0.0,0.0,0.0,126390.0
1724502,IT,PT,POSTT,STONE,0.02,1263.731,3,3,1263.731,0.0,0.0,0.0,0.0,63186.55
1787049,IT,ZA,REALE,WOODW,0.05,1263.647,3,3,1263.647,0.0,0.0,0.0,0.0,25272.94
1756564,IT,KR,RETA1,SECO9,0.01,1263.644,3,3,1263.644,0.0,0.0,0.0,0.0,126364.4
1801935,IT,WE,SALEM,CEMEN,0.01,1263.479,3,3,1263.479,0.0,0.0,0.0,0.0,126347.9
1780817,IT,TW,COMPU,LUBRI,0.01,1263.351,3,3,1263.351,0.0,0.0,0.0,0.0,126335.1
1774866,IT,CH,FINAN,SEACO,0.02,1263.2,3,3,1263.2,0.0,0.0,0.0,0.0,63160.0
1814902,IT,WM,PRIVA,DAIRY,0.28,1262.914,3,3,1262.914,0.0,0.0,0.0,0.0,4510.407143
1782686,IT,NO,WHOLE,CONST,0.01,1262.755,3,3,1262.755,0.0,0.0,0.0,0.0,126275.5
1724731,IT,PT,AUXIL,HOTEL,0.02,1262.573,3,3,1262.573,0.0,0.0,0.0,0.0,63128.65
1724048,IT,PT,WHOLE,PAPER,0.01,1262.301,3,3,1262.301,0.0,0.0,0.0,0.0,126230.1
1736215,IT,SK,RETA1,PIGS9,0.01,1262.133,3,3,1262.133,0.0,0.0,0.0,0.0,126213.3
1661298,IT,DK,FORES,FURNI,0.01,1262.025,3,3,1262.025,0.0,0.0,0.0,0.0,126202.5
1669401,IT,ES,INSUR,GLASS,0.03,1261.694,3,3,1261.694,0.0,0.0,0.0,0.0,42056.466667
1796504,IT,WL,RETA1,CHARC,0.01,1261.327,3,3,1261.327,0.0,0.0,0.0,0.0,126132.7
1733994,IT,SI,POSTT,PULP5,0.02,1261.283,3,3,1261.283,0.0,0.0,0.0,0.0,63064.15
1772009,IT,CH,PRINT,SANDC,0.01,1261.253,3,3,1261.253,0.0,0.0,0.0,0.0,126125.3
1797411,IT,WL,COMPU,MACHI,0.01,1261.248,3,3,1261.248,0.0,0.0,0.0,0.0,126124.8
1731847,IT,SI,PRINT,FOOD5,0.01,1261.096,3,3,1261.096,0.0,0.0,0.0,0.0,126109.6
1770122,IT,AU,WHOLE,FINAN,0.01,1261.064,3,3,1261.064,0.0,0.0,0.0,0.0,126106.4
1744183,IT,US,POSTT,CROPS,0.02,1261.043,3,3,1261.043,0.0,0.0,0.0,0.0,63052.15
1783068,IT,NO,INSUR,COPP1,0.03,1260.893,3,3,1260.893,0.0,0.0,0.0,0.0,42029.766667
1770678,IT,AU,INSUR,RUBBE,0.03,1260.283,3,3,1260.283,0.0,0.0,0.0,0.0,42009.433333
1787084,IT,ZA,BUSIN,PULP5,0.01,1260.276,3,3,1260.276,0.0,0.0,0.0,0.0,126027.6
1740010,IT,GB,REALE,AUXIL,0.05,1260.161,3,3,1260.161,0.0,0.0,0.0,0.0,25203.22
1762095,IT,IN,RETA1,REALE,0.01,1260.003,3,3,1260.003,0.0,0.0,0.0,0.0,126000.3
1646968,IT,BE,RETA1,WHEAT,0.01,1259.953,3,3,1259.953,0.0,0.0,0.0,0.0,125995.3
1767712,IT,RU,FINAN,MACHI,0.02,1259.857,3,3,1259.857,0.0,0.0,0.0,0.0,62992.85
1802519,IT,WE,POSTT,RETAI,0.02,1259.74,3,3,1259.74,0.0,0.0,0.0,0.0,62987.0
1759562,IT,BR,COMPU,BIODI,0.01,1259.719,3,3,1259.719,0.0,0.0,0.0,0.0,125971.9
1687907,IT,HU,REALE,HOTEL,0.05,1259.402,3,3,1259.402,0.0,0.0,0.0,0.0,25188.04
1754336,IT,CA,INSUR,ELECT,0.03,1259.135,3,3,1259.135,0.0,0.0,0.0,0.0,41971.166667
1786971,IT,ZA,FINAN,RETA1,0.02,1259.029,3,3,1259.029,0.0,0.0,0.0,0.0,62951.45
1744495,IT,US,REALE,MEATP,0.05,1258.99,3,3,1258.99,0.0,0.0,0.0,0.0,25179.8
1678251,IT,FR,SEWAG,RENTI,0.01,1258.927,3,3,1258.927,0.0,0.0,0.0,0.0,125892.7
1780551,IT,TW,FINAN,LIQUE,0.02,1258.661,3,3,1258.661,0.0,0.0,0.0,0.0,62933.05
1739151,IT,GB,RETA1,STONE,0.01,1258.599,3,3,1258.599,0.0,0.0,0.0,0.0,125859.9
1643991,IT,AT,COMPU,PUBLI,0.01,1258.557,3,3,1258.557,0.0,0.0,0.0,0.0,125855.7
1813703,IT,WM,RETA1,RENTI,0.01,1258.46,3,3,1258.46,0.0,0.0,0.0,0.0,125846.0
1736226,IT,SK,RETA1,WOODW,0.01,1258.238,3,3,1258.238,0.0,0.0,0.0,0.0,125823.8
1764611,IT,MX,WHOLE,WASTE,0.01,1258.145,3,3,1258.145,0.0,0.0,0.0,0.0,125814.5
1754614,IT,KR,FORES,ALUM1,0.01,1258.138,3,3,1258.138,0.0,0.0,0.0,0.0,125813.8
1783926,IT,ID,FORES,VEGE1,0.01,1258.129,3,3,1258.129,0.0,0.0,0.0,0.0,125812.9
1762560,IT,IN,AUXIL,BEVER,0.02,1257.596,3,3,1257.596,0.0,0.0,0.0,0.0,62879.8
1677475,IT,FR,AUXIL,MEATP,0.02,1257.537,3,3,1257.537,0.0,0.0,0.0,0.0,62876.85
1724100,IT,PT,WHOLE,FOOD4,0.01,1257.298,3,3,1257.298,0.0,0.0,0.0,0.0,125729.8
1759414,IT,BR,INSUR,BASIC,0.03,1257.29,3,3,1257.29,0.0,0.0,0.0,0.0,41909.666667
1784910,IT,ID,POSTT,SALEM,0.02,1257.289,3,3,1257.289,0.0,0.0,0.0,0.0,62864.45
1681475,IT,GR,COMPU,POSTT,0.01,1257.162,3,3,1257.162,0.0,0.0,0.0,0.0,125716.2
1783018,IT,NO,FINAN,NATUR,0.02,1256.932,3,3,1256.932,0.0,0.0,0.0,0.0,62846.6
1745145,IT,US,RECRE,MEMBE,0.02,1256.898,3,3,1256.898,0.0,0.0,0.0,0.0,62844.9
1726847,IT,RO,RETA1,OILSE,0.01,1256.832,3,3,1256.832,0.0,0.0,0.0,0.0,125683.2
1751631,IT,CN,FINAN,COKEO,0.02,1256.79,3,3,1256.79,0.0,0.0,0.0,0.0,62839.5
1730029,IT,SE,WHOLE,MOTOR,0.01,1256.134,3,3,1256.134,0.0,0.0,0.0,0.0,125613.4
1740417,IT,GB,SEWAG,CONST,0.01,1256.089,3,3,1256.089,0.0,0.0,0.0,0.0,125608.9
1760741,IT,IN,PRINT,PADDY,0.01,1255.907,3,3,1255.907,0.0,0.0,0.0,0.0,125590.7
1713903,IT,MT,ELEC5,INERT,0.02,1255.831,3,3,1255.831,0.0,0.0,0.0,0.0,62791.55
1770918,IT,CH,PADDY,POULT,0.01,1255.83,3,3,1255.83,0.0,0.0,0.0,0.0,125583.0
1779721,IT,TR,BUSIN,VEGE1,0.01,1255.784,3,3,1255.784,0.0,0.0,0.0,0.0,125578.4
1648060,IT,BE,COMPU,INLAN,0.01,1255.783,3,3,1255.783,0.0,0.0,0.0,0.0,125578.3
1672151,IT,FI,FINAN,EDUCA,0.02,1255.707,3,3,1255.707,0.0,0.0,0.0,0.0,62785.35
1717754,IT,NL,PUBLI,RESEA,0.02,1255.579,3,3,1255.579,0.0,0.0,0.0,0.0,62778.95
1780456,IT,TW,POSTT,ALUMI,0.02,1255.029,3,3,1255.029,0.0,0.0,0.0,0.0,62751.45
1736202,IT,SK,WHOLE,RAILW,0.01,1254.879,3,3,1254.879,0.0,0.0,0.0,0.0,125487.9
1751565,IT,CN,POSTT,NAPHT,0.02,1254.719,3,3,1254.719,0.0,0.0,0.0,0.0,62735.95
1713898,IT,MT,ELEC5,FOOD3,0.02,1254.709,3,3,1254.709,0.0,0.0,0.0,0.0,62735.45
1774936,IT,CH,INSUR,INLAN,0.03,1254.668,3,3,1254.668,0.0,0.0,0.0,0.0,41822.266667
1713892,IT,MT,ELEC5,SECO9,0.02,1254.573,3,3,1254.573,0.0,0.0,0.0,0.0,62728.65
1713896,IT,MT,ELEC5,OILHA,0.02,1254.57,3,3,1254.57,0.0,0.0,0.0,0.0,62728.5
1713897,IT,MT,ELEC5,FOOD2,0.02,1254.57,3,3,1254.57,0.0,0.0,0.0,0.0,62728.5
1713895,IT,MT,ELEC5,INTER,0.02,1254.57,3,3,1254.57,0.0,0.0,0.0,0.0,62728.5
1713904,IT,MT,ELEC5,TEXT2,0.02,1254.57,3,3,1254.57,0.0,0.0,0.0,0.0,62728.5
1713902,IT,MT,ELEC5,PLAS2,0.02,1254.57,3,3,1254.57,0.0,0.0,0.0,0.0,62728.5
1713905,IT,MT,ELEC5,WOOD2,0.02,1254.57,3,3,1254.57,0.0,0.0,0.0,0.0,62728.5
1654439,IT,CZ,RETA1,VEGET,0.01,1254.303,3,3,1254.303,0.0,0.0,0.0,0.0,125430.3
1684383,IT,HR,POSTT,FURNI,0.02,1253.688,3,3,1253.688,0.0,0.0,0.0,0.0,62684.4
1734242,IT,SI,COMPU,BEVER,0.01,1253.617,3,3,1253.617,0.0,0.0,0.0,0.0,125361.7
1724987,IT,PT,EDUCA,SUPPO,0.03,1253.48,3,3,1253.48,0.0,0.0,0.0,0.0,41782.666667
1791337,IT,WA,SALEM,PAPER,0.01,1253.39,3,3,1253.39,0.0,0.0,0.0,0.0,125339.0
1647653,IT,BE,FINAN,FABRI,0.02,1253.359,3,3,1253.359,0.0,0.0,0.0,0.0,62667.95
1647922,IT,BE,REALE,INLAN,0.05,1253.193,3,3,1253.193,0.0,0.0,0.0,0.0,25063.86
1659455,IT,DE,WHOLE,FOODW,0.01,1252.54,3,3,1252.54,0.0,0.0,0.0,0.0,125254.0
1677335,IT,FR,FINAN,TEXT1,0.02,1252.474,3,3,1252.474,0.0,0.0,0.0,0.0,62623.7
1754437,IT,CA,COMPU,SALEM,0.01,1252.166,3,3,1252.166,0.0,0.0,0.0,0.0,125216.6
1747903,IT,JP,COMPU,ELECT,0.01,1251.844,3,3,1251.844,0.0,0.0,0.0,0.0,125184.4
1756569,IT,KR,RETA1,HOTEL,0.01,1251.835,3,3,1251.835,0.0,0.0,0.0,0.0,125183.5
1814231,IT,WM,POSTT,COPPE,0.02,1251.803,3,3,1251.803,0.0,0.0,0.0,0.0,62590.15
1787019,IT,ZA,INSUR,COLLE,0.03,1251.047,3,3,1251.047,0.0,0.0,0.0,0.0,41701.566667
1802542,IT,WE,FINAN,COKIN,0.02,1250.943,3,3,1250.943,0.0,0.0,0.0,0.0,62547.15
1676120,IT,FR,ELEC8,SUPPO,0.02,1250.766,3,3,1250.766,0.0,0.0,0.0,0.0,62538.3
1769024,IT,AU,PRINT,AIRTR,0.01,1250.6,3,3,1250.6,0.0,0.0,0.0,0.0,125060.0
1646865,IT,BE,WHOLE,POULT,0.01,1250.356,3,3,1250.356,0.0,0.0,0.0,0.0,125035.6
1774865,IT,CH,FINAN,LANDT,0.02,1250.113,3,3,1250.113,0.0,0.0,0.0,0.0,62505.65
1659145,IT,DE,ELEC8,BUSIN,0.02,1250.1,3,3,1250.1,0.0,0.0,0.0,0.0,62505.0
1733424,IT,SI,ELEC5,DISTR,0.02,1250.012,3,3,1250.012,0.0,0.0,0.0,0.0,62500.6
1785007,IT,ID,BUSIN,FISHF,0.01,1249.806,3,3,1249.806,0.0,0.0,0.0,0.0,124980.6
1677749,IT,FR,COMPU,SUGA1,0.01,1249.596,3,3,1249.596,0.0,0.0,0.0,0.0,124959.6
1726868,IT,RO,RETA1,BIODI,0.01,1249.487,3,3,1249.487,0.0,0.0,0.0,0.0,124948.7
1763358,IT,MX,PRINT,HEAVY,0.01,1249.358,3,3,1249.358,0.0,0.0,0.0,0.0,124935.8
1740419,IT,GB,SEWAG,BUSIN,0.01,1249.255,3,3,1249.255,0.0,0.0,0.0,0.0,124925.5
1681252,IT,GR,FINAN,MACHI,0.02,1249.081,3,3,1249.081,0.0,0.0,0.0,0.0,62454.05
1656563,IT,DE,PRINT,VEGE1,0.01,1248.792,3,3,1248.792,0.0,0.0,0.0,0.0,124879.2
1740360,IT,GB,EDUCA,AIRTR,0.03,1248.614,3,3,1248.614,0.0,0.0,0.0,0.0,41620.466667
1677204,IT,FR,POSTT,INLAN,0.02,1248.429,3,3,1248.429,0.0,0.0,0.0,0.0,62421.45
1767703,IT,RU,FINAN,PAPER,0.02,1248.42,3,3,1248.42,0.0,0.0,0.0,0.0,62421.0
1681458,IT,GR,COMPU,RUBBE,0.01,1248.389,3,3,1248.389,0.0,0.0,0.0,0.0,124838.9
1783241,IT,NO,BUSIN,PAPE1,0.01,1247.882,3,3,1247.882,0.0,0.0,0.0,0.0,124788.2
1681505,IT,GR,BUSIN,PROCE,0.01,1247.855,3,3,1247.855,0.0,0.0,0.0,0.0,124785.5
1677792,IT,FR,COMPU,RETAI,0.01,1247.853,3,3,1247.853,0.0,0.0,0.0,0.0,124785.3
1669574,IT,ES,REALE,SEACO,0.05,1247.683,3,3,1247.683,0.0,0.0,0.0,0.0,24953.66
1672370,IT,FI,BUSIN,REFI1,0.01,1247.58,3,3,1247.58,0.0,0.0,0.0,0.0,124758.0
1725811,IT,RO,PRINT,TEXT2,0.01,1247.48,3,3,1247.48,0.0,0.0,0.0,0.0,124748.0
1764571,IT,MX,WHOLE,COKEO,0.01,1247.416,3,3,1247.416,0.0,0.0,0.0,0.0,124741.6
1652798,IT,CZ,PRINT,FORES,0.01,1246.975,3,3,1246.975,0.0,0.0,0.0,0.0,124697.5
1675974,IT,FR,ELEC4,FINAN,0.02,1246.915,3,3,1246.915,0.0,0.0,0.0,0.0,62345.75
1668319,IT,ES,WHOLE,SALEM,0.01,1246.861,3,3,1246.861,0.0,0.0,0.0,0.0,124686.1
1782632,IT,NO,SALEM,MEATC,0.01,1246.797,3,3,1246.797,0.0,0.0,0.0,0.0,124679.7
1717763,IT,NL,EDUCA,INSUR,0.03,1246.169,3,3,1246.169,0.0,0.0,0.0,0.0,41538.966667
1652058,IT,CZ,FORES,CONST,0.01,1246.119,3,3,1246.119,0.0,0.0,0.0,0.0,124611.9
1660454,IT,DE,INSUR,FORES,0.03,1246.099,3,3,1246.099,0.0,0.0,0.0,0.0,41536.633333
1746072,IT,JP,PRINT,GLASS,0.01,1245.899,3,3,1245.899,0.0,0.0,0.0,0.0,124589.9
1734295,IT,SI,BUSIN,LEATH,0.01,1245.881,3,3,1245.881,0.0,0.0,0.0,0.0,124588.1
1643888,IT,AT,REALE,NONF1,0.05,1245.849,3,3,1245.849,0.0,0.0,0.0,0.0,24916.98
1724719,IT,PT,AUXIL,RUBBE,0.02,1245.833,3,3,1245.833,0.0,0.0,0.0,0.0,62291.65
1733454,IT,SI,SALEM,MEATC,0.01,1245.756,3,3,1245.756,0.0,0.0,0.0,0.0,124575.6
1651803,IT,CY,RETA1,CHEM1,0.01,1245.668,3,3,1245.668,0.0,0.0,0.0,0.0,124566.8
1680494,IT,GR,ELEC5,MEMBE,0.02,1245.584,3,3,1245.584,0.0,0.0,0.0,0.0,62279.2
1723946,IT,PT,SALEM,MEATP,0.01,1245.543,3,3,1245.543,0.0,0.0,0.0,0.0,124554.3
1712866,IT,LV,REALE,FOOD5,0.05,1245.504,3,3,1245.504,0.0,0.0,0.0,0.0,24910.08
1782633,IT,NO,SALEM,TEXTI,0.01,1245.308,3,3,1245.308,0.0,0.0,0.0,0.0,124530.8
1646954,IT,BE,WHOLE,PLAS1,0.01,1245.285,3,3,1245.285,0.0,0.0,0.0,0.0,124528.5
1681536,IT,GR,BUSIN,GLASS,0.01,1244.95,3,3,1244.95,0.0,0.0,0.0,0.0,124495.0
1643086,IT,AT,WHOLE,PFERT,0.01,1244.846,3,3,1244.846,0.0,0.0,0.0,0.0,124484.6
1756830,IT,KR,POSTT,TOBAC,0.02,1244.777,3,3,1244.777,0.0,0.0,0.0,0.0,62238.85
1676350,IT,FR,WHOLE,POULT,0.01,1244.662,3,3,1244.662,0.0,0.0,0.0,0.0,124466.2
1802046,IT,WE,WHOLE,INLAN,0.01,1244.558,3,3,1244.558,0.0,0.0,0.0,0.0,124455.8
1648440,IT,BG,PADDY,REALE,0.01,1243.986,3,3,1243.986,0.0,0.0,0.0,0.0,124398.6
1761996,IT,IN,WHOLE,OILSE,0.01,1243.871,3,3,1243.871,0.0,0.0,0.0,0.0,124387.1
1808864,IT,WF,PRIVA,KEROS,0.28,1243.8,3,3,1243.8,0.0,0.0,0.0,0.0,4442.142857
1747256,IT,JP,WHOLE,FISH5,0.01,1243.648,3,3,1243.648,0.0,0.0,0.0,0.0,124364.8
1802767,IT,WE,BUSIN,FOOD5,0.01,1243.505,3,3,1243.505,0.0,0.0,0.0,0.0,124350.5
1747764,IT,JP,AUXIL,RUBBE,0.02,1243.412,3,3,1243.412,0.0,0.0,0.0,0.0,62170.6
1792600,IT,WA,COMPU,ELEC2,0.01,1243.163,3,3,1243.163,0.0,0.0,0.0,0.0,124316.3
1793220,IT,WA,PRIVA,FORES,0.28,1243.12,3,3,1243.12,0.0,0.0,0.0,0.0,4439.714286
1724547,IT,PT,POSTT,RAILW,0.02,1243.042,3,3,1243.042,0.0,0.0,0.0,0.0,62152.1
1654381,IT,CZ,SALEM,ELEC1,0.01,1243.015,3,3,1243.015,0.0,0.0,0.0,0.0,124301.5
1669654,IT,ES,COMPU,STONE,0.01,1243.008,3,3,1243.008,0.0,0.0,0.0,0.0,124300.8
1643895,IT,AT,REALE,FURNI,0.05,1242.869,3,3,1242.869,0.0,0.0,0.0,0.0,24857.38
1714347,IT,MT,MEMBE,POSTT,0.01,1242.761,3,3,1242.761,0.0,0.0,0.0,0.0,124276.1
1687220,IT,HU,SALEM,FURNI,0.01,1242.689,3,3,1242.689,0.0,0.0,0.0,0.0,124268.9
1808610,IT,WF,PLAS2,MEAT4,0.01,1242.564,3,3,1242.564,0.0,0.0,0.0,0.0,124256.4
1763368,IT,MX,PRINT,ALUM1,0.01,1242.556,3,3,1242.556,0.0,0.0,0.0,0.0,124255.6
1717513,IT,NL,REALE,93197,0.05,1242.406,3,3,1242.406,0.0,0.0,0.0,0.0,24848.12
1783000,IT,NO,POSTT,HOTEL,0.02,1242.367,3,3,1242.367,0.0,0.0,0.0,0.0,62118.35
1792773,IT,WA,BUSIN,AIRTR,0.01,1242.164,3,3,1242.164,0.0,0.0,0.0,0.0,124216.4
1727580,IT,RO,REALE,ELEC4,0.05,1242.123,3,3,1242.123,0.0,0.0,0.0,0.0,24842.46
1714201,IT,MT,INSUR,SUPPO,0.03,1242.047,3,3,1242.047,0.0,0.0,0.0,0.0,41401.566667
1736598,IT,SK,POSTT,DIST1,0.02,1241.812,3,3,1241.812,0.0,0.0,0.0,0.0,62090.6
1802565,IT,WE,FINAN,TRANS,0.02,1241.535,3,3,1241.535,0.0,0.0,0.0,0.0,62076.75
1782645,IT,NO,SALEM,COLLE,0.01,1241.507,3,3,1241.507,0.0,0.0,0.0,0.0,124150.7
1814408,IT,WM,REALE,GASDI,0.05,1241.456,3,3,1241.456,0.0,0.0,0.0,0.0,24829.12
1643156,IT,AT,RETA1,RAILW,0.01,1241.452,3,3,1241.452,0.0,0.0,0.0,0.0,124145.2
1797192,IT,WL,FINAN,OILSE,0.02,1241.446,3,3,1241.446,0.0,0.0,0.0,0.0,62072.3
1640208,IT,AT,FORES,CATTL,0.01,1241.283,3,3,1241.283,0.0,0.0,0.0,0.0,124128.3
1655064,IT,CZ,COMPU,CEMEN,0.01,1241.181,3,3,1241.181,0.0,0.0,0.0,0.0,124118.1
1784208,IT,ID,PRINT,RECRE,0.01,1240.761,3,3,1240.761,0.0,0.0,0.0,0.0,124076.1
1647662,IT,BE,FINAN,ELEC8,0.02,1240.702,3,3,1240.702,0.0,0.0,0.0,0.0,62035.1
1675956,IT,FR,ELEC4,COPP1,0.02,1240.694,3,3,1240.694,0.0,0.0,0.0,0.0,62034.7
1743410,IT,US,SALEM,TEXT1,0.01,1240.347,3,3,1240.347,0.0,0.0,0.0,0.0,124034.7
1792230,IT,WA,POSTT,BEVER,0.02,1240.233,3,3,1240.233,0.0,0.0,0.0,0.0,62011.65
1654928,IT,CZ,INSUR,NAPHT,0.03,1240.079,3,3,1240.079,0.0,0.0,0.0,0.0,41335.966667
1683937,IT,HR,SALEM,MACHI,0.01,1239.886,3,3,1239.886,0.0,0.0,0.0,0.0,123988.6
1802611,IT,WE,AUXIL,SUPPO,0.02,1239.641,3,3,1239.641,0.0,0.0,0.0,0.0,61982.05
1648391,IT,BE,RECRE,LANDT,0.02,1239.62,3,3,1239.62,0.0,0.0,0.0,0.0,61981.0
1792802,IT,WA,PUBLI,FOOD5,0.02,1239.453,3,3,1239.453,0.0,0.0,0.0,0.0,61972.65
1785471,IT,ZA,PRINT,AUXIL,0.01,1239.323,3,3,1239.323,0.0,0.0,0.0,0.0,123932.3
1792724,IT,WA,BUSIN,PULP5,0.01,1239.17,3,3,1239.17,0.0,0.0,0.0,0.0,123917.0
1773900,IT,CH,ELEC8,FINAN,0.02,1239.049,3,3,1239.049,0.0,0.0,0.0,0.0,61952.45
1650410,IT,BG,ELEC4,NAPHT,0.02,1238.538,3,3,1238.538,0.0,0.0,0.0,0.0,61926.9
1685582,IT,HU,PRINT,GASDI,0.01,1238.529,3,3,1238.529,0.0,0.0,0.0,0.0,123852.9
1690244,IT,IE,PUBLI,RENTI,0.02,1238.502,3,3,1238.502,0.0,0.0,0.0,0.0,61925.1
1724816,IT,PT,COMPU,AUXIL,0.01,1238.432,3,3,1238.432,0.0,0.0,0.0,0.0,123843.2
1660616,IT,DE,REALE,COPP1,0.05,1238.23,3,3,1238.23,0.0,0.0,0.0,0.0,24764.6
1792987,IT,WA,SEWAG,MEATA,0.01,1237.869,3,3,1237.869,0.0,0.0,0.0,0.0,123786.9
1687791,IT,HU,POSTT,PLAST,0.02,1237.752,3,3,1237.752,0.0,0.0,0.0,0.0,61887.6
1687913,IT,HU,REALE,POSTT,0.05,1237.502,3,3,1237.502,0.0,0.0,0.0,0.0,24750.04
1770575,IT,AU,POSTT,DAIRY,0.02,1237.096,3,3,1237.096,0.0,0.0,0.0,0.0,61854.8
1671813,IT,FI,RETA1,PLAST,0.01,1236.955,3,3,1236.955,0.0,0.0,0.0,0.0,123695.5
1651951,IT,CY,BUSIN,TRAN1,0.01,1236.886,3,3,1236.886,0.0,0.0,0.0,0.0,123688.6
1721688,IT,PL,FINAN,RADIO,0.02,1236.534,3,3,1236.534,0.0,0.0,0.0,0.0,61826.7
1669230,IT,ES,POSTT,WOOD1,0.02,1235.817,3,3,1235.817,0.0,0.0,0.0,0.0,61790.85
1765038,IT,MX,INSUR,FOUND,0.03,1235.683,3,3,1235.683,0.0,0.0,0.0,0.0,41189.433333
1793281,IT,WA,PRIVA,RUBBE,0.28,1235.674,3,3,1235.674,0.0,0.0,0.0,0.0,4413.121429
1643171,IT,AT,RETA1,WASTE,0.01,1235.661,3,3,1235.661,0.0,0.0,0.0,0.0,123566.1
1648303,IT,BE,PUBLI,RENTI,0.02,1235.535,3,3,1235.535,0.0,0.0,0.0,0.0,61776.75
1784972,IT,ID,INSUR,ELE11,0.03,1235.428,3,3,1235.428,0.0,0.0,0.0,0.0,41180.933333
1740611,IT,US,FORES,EDUCA,0.01,1235.354,3,3,1235.354,0.0,0.0,0.0,0.0,123535.4
1759320,IT,BR,POSTT,TEXT2,0.02,1235.021,3,3,1235.021,0.0,0.0,0.0,0.0,61751.05
1792275,IT,WA,POSTT,DIST1,0.02,1234.945,3,3,1234.945,0.0,0.0,0.0,0.0,61747.25
1663448,IT,DK,REALE,RUBBE,0.05,1234.918,3,3,1234.918,0.0,0.0,0.0,0.0,24698.36
1680726,IT,GR,RETA1,BIODI,0.01,1234.882,3,3,1234.882,0.0,0.0,0.0,0.0,123488.2
1654438,IT,CZ,RETA1,CEREA,0.01,1234.878,3,3,1234.878,0.0,0.0,0.0,0.0,123487.8
1770148,IT,AU,RETA1,WEARI,0.01,1234.808,3,3,1234.808,0.0,0.0,0.0,0.0,123480.8
1647606,IT,BE,POSTT,DISTR,0.02,1234.779,3,3,1234.779,0.0,0.0,0.0,0.0,61738.95
1655080,IT,CZ,COMPU,COLLE,0.01,1234.698,3,3,1234.698,0.0,0.0,0.0,0.0,123469.8
1779252,IT,TR,FINAN,DAIRY,0.02,1234.615,3,3,1234.615,0.0,0.0,0.0,0.0,61730.75
1663532,IT,DK,COMPU,FOOD5,0.01,1234.472,3,3,1234.472,0.0,0.0,0.0,0.0,123447.2
1727527,IT,RO,AUXIL,WOOD2,0.02,1234.354,3,3,1234.354,0.0,0.0,0.0,0.0,61717.7
1724957,IT,PT,PUBLI,GASDI,0.02,1234.337,3,3,1234.337,0.0,0.0,0.0,0.0,61716.85
1651027,IT,BG,POSTT,ELEC3,0.02,1234.253,3,3,1234.253,0.0,0.0,0.0,0.0,61712.65
1670166,IT,ES,MEMBE,SALEM,0.01,1234.17,3,3,1234.17,0.0,0.0,0.0,0.0,123417.0
1724640,IT,PT,FINAN,FOODW,0.02,1234.151,3,3,1234.151,0.0,0.0,0.0,0.0,61707.55
1710346,IT,LT,RETA1,FISHF,0.01,1234.076,3,3,1234.076,0.0,0.0,0.0,0.0,123407.6
1779598,IT,TR,COMPU,RETA1,0.01,1233.913,3,3,1233.913,0.0,0.0,0.0,0.0,123391.3
1753884,IT,CA,RETA1,EDUCA,0.01,1233.724,3,3,1233.724,0.0,0.0,0.0,0.0,123372.4
1779755,IT,TR,BUSIN,COPP1,0.01,1233.655,3,3,1233.655,0.0,0.0,0.0,0.0,123365.5
1787104,IT,ZA,BUSIN,SECO9,0.01,1233.556,3,3,1233.556,0.0,0.0,0.0,0.0,123355.6
1792573,IT,WA,COMPU,RAWMI,0.01,1233.312,3,3,1233.312,0.0,0.0,0.0,0.0,123331.2
1669842,IT,ES,BUSIN,WOOD1,0.01,1233.22,3,3,1233.22,0.0,0.0,0.0,0.0,123322.0
1650667,IT,BG,RETA1,RAWMI,0.01,1233.052,3,3,1233.052,0.0,0.0,0.0,0.0,123305.2
1671803,IT,FI,RETA1,CATTL,0.01,1233.043,3,3,1233.043,0.0,0.0,0.0,0.0,123304.3
1668414,IT,ES,RETA1,ELECT,0.01,1233.0,3,3,1233.0,0.0,0.0,0.0,0.0,123300.0
1722065,IT,PL,BUSIN,LEADZ,0.01,1232.967,3,3,1232.967,0.0,0.0,0.0,0.0,123296.7
1677612,IT,FR,REALE,ELEC5,0.05,1232.941,3,3,1232.941,0.0,0.0,0.0,0.0,24658.82
1814336,IT,WM,FINAN,MOTO1,0.02,1232.852,3,3,1232.852,0.0,0.0,0.0,0.0,61642.6
1779421,IT,TR,REALE,BASIC,0.05,1232.785,3,3,1232.785,0.0,0.0,0.0,0.0,24655.7
1647817,IT,BE,AUXIL,ELECT,0.02,1232.687,3,3,1232.687,0.0,0.0,0.0,0.0,61634.35
1711515,IT,LU,POSTT,NONME,0.02,1232.685,3,3,1232.685,0.0,0.0,0.0,0.0,61634.25
1687804,IT,HU,POSTT,DIST1,0.02,1232.571,3,3,1232.571,0.0,0.0,0.0,0.0,61628.55
1717306,IT,NL,FINAN,FORES,0.02,1232.501,3,3,1232.501,0.0,0.0,0.0,0.0,61625.05
1802815,IT,WE,EDUCA,FORES,0.03,1232.477,3,3,1232.477,0.0,0.0,0.0,0.0,41082.566667
1643131,IT,AT,RETA1,SUGA1,0.01,1232.28,3,3,1232.28,0.0,0.0,0.0,0.0,123228.0
1687276,IT,HU,WHOLE,RETAI,0.01,1232.182,3,3,1232.182,0.0,0.0,0.0,0.0,123218.2
1710586,IT,LT,BUSIN,BUSIN,0.01,1232.107,3,3,1232.107,0.0,0.0,0.0,0.0,123210.7
1689778,IT,IE,INSUR,LEADZ,0.03,1231.659,3,3,1231.659,0.0,0.0,0.0,0.0,41055.3
1643796,IT,AT,FINAN,OILSE,0.02,1231.613,3,3,1231.613,0.0,0.0,0.0,0.0,61580.65
1676090,IT,FR,ELEC8,RAWMI,0.02,1231.573,3,3,1231.573,0.0,0.0,0.0,0.0,61578.65
1651982,IT,CZ,PADDY,WOODW,0.01,1231.161,3,3,1231.161,0.0,0.0,0.0,0.0,123116.1
1764996,IT,MX,FINAN,SUPPO,0.02,1230.954,3,3,1230.954,0.0,0.0,0.0,0.0,61547.7
1767773,IT,RU,INSUR,ALUM1,0.03,1230.848,3,3,1230.848,0.0,0.0,0.0,0.0,41028.266667
1659139,IT,DE,ELEC8,WHOLE,0.02,1230.784,3,3,1230.784,0.0,0.0,0.0,0.0,61539.2
1804198,IT,WF,PRINT,MEAT4,0.01,1230.295,3,3,1230.295,0.0,0.0,0.0,0.0,123029.5
1748033,IT,JP,BUSIN,NONSP,0.01,1230.189,3,3,1230.189,0.0,0.0,0.0,0.0,123018.9
1724585,IT,PT,FINAN,TOBAC,0.02,1230.075,3,3,1230.075,0.0,0.0,0.0,0.0,61503.75
1647584,IT,BE,POSTT,PAPER,0.02,1230.073,3,3,1230.073,0.0,0.0,0.0,0.0,61503.65
1680452,IT,GR,ELEC4,REALE,0.02,1229.779,3,3,1229.779,0.0,0.0,0.0,0.0,61488.95
1672246,IT,FI,REALE,RETA1,0.05,1229.585,3,3,1229.585,0.0,0.0,0.0,0.0,24591.7
1670211,IT,ES,RECRE,RETAI,0.02,1229.55,3,3,1229.55,0.0,0.0,0.0,0.0,61477.5
1740605,IT,US,FORES,ELECT,0.01,1229.514,3,3,1229.514,0.0,0.0,0.0,0.0,122951.4
1756938,IT,KR,AUXIL,OFFIC,0.02,1229.299,3,3,1229.299,0.0,0.0,0.0,0.0,61464.95
1648384,IT,BE,RECRE,TRANS,0.02,1229.23,3,3,1229.23,0.0,0.0,0.0,0.0,61461.5
1787158,IT,ZA,PUBLI,FABRI,0.02,1228.971,3,3,1228.971,0.0,0.0,0.0,0.0,61448.55
1814807,IT,WM,PLAS2,FOOD5,0.01,1228.575,3,3,1228.575,0.0,0.0,0.0,0.0,122857.5
1689878,IT,IE,AUXIL,TEXTI,0.02,1228.557,3,3,1228.557,0.0,0.0,0.0,0.0,61427.85
1722851,IT,PT,PRINT,CHEM1,0.01,1228.553,3,3,1228.553,0.0,0.0,0.0,0.0,122855.3
1767749,IT,RU,FINAN,93197,0.02,1228.542,3,3,1228.542,0.0,0.0,0.0,0.0,61427.1
1770833,IT,AU,BUSIN,NATU1,0.01,1228.287,3,3,1228.287,0.0,0.0,0.0,0.0,122828.7
1647759,IT,BE,INSUR,PUBLI,0.03,1228.095,3,3,1228.095,0.0,0.0,0.0,0.0,40936.5
1687834,IT,HU,FINAN,MACHI,0.02,1228.015,3,3,1228.015,0.0,0.0,0.0,0.0,61400.75
1754439,IT,CA,COMPU,RETA1,0.01,1227.828,3,3,1227.828,0.0,0.0,0.0,0.0,122782.8
1814930,IT,WM,PRIVA,PLAST,0.27,1227.781,3,3,1227.781,0.0,0.0,0.0,0.0,4547.337037
1793097,IT,WA,MEMBE,WEARI,0.01,1227.768,3,3,1227.768,0.0,0.0,0.0,0.0,122776.8
1806812,IT,WF,RETA1,CHARC,0.01,1227.31,3,3,1227.31,0.0,0.0,0.0,0.0,122731.0
1744678,IT,US,COMPU,ALUM1,0.01,1227.13,3,3,1227.13,0.0,0.0,0.0,0.0,122713.0
1716651,IT,NL,WHOLE,PLANT,0.01,1226.946,3,3,1226.946,0.0,0.0,0.0,0.0,122694.6
1770696,IT,AU,INSUR,RAILW,0.03,1226.673,3,3,1226.673,0.0,0.0,0.0,0.0,40889.1
1802039,IT,WE,WHOLE,RETAI,0.01,1226.416,3,3,1226.416,0.0,0.0,0.0,0.0,122641.6
1664005,IT,EE,PRINT,SEACO,0.01,1226.411,3,3,1226.411,0.0,0.0,0.0,0.0,122641.1
1786681,IT,ZA,WHOLE,SEACO,0.01,1226.383,3,3,1226.383,0.0,0.0,0.0,0.0,122638.3
1643908,IT,AT,REALE,FINAN,0.05,1226.325,3,3,1226.325,0.0,0.0,0.0,0.0,24526.5
1734107,IT,SI,INSUR,RESEA,0.03,1226.302,3,3,1226.302,0.0,0.0,0.0,0.0,40876.733333
1727385,IT,RO,FINAN,WEARI,0.02,1225.976,3,3,1225.976,0.0,0.0,0.0,0.0,61298.8
1669152,IT,ES,POSTT,REFI1,0.02,1225.844,3,3,1225.844,0.0,0.0,0.0,0.0,61292.2
1780841,IT,TW,COMPU,ELEC3,0.01,1225.745,3,3,1225.745,0.0,0.0,0.0,0.0,122574.5
1787031,IT,ZA,INSUR,FINAN,0.03,1225.617,3,3,1225.617,0.0,0.0,0.0,0.0,40853.9
1654432,IT,CZ,WHOLE,RESEA,0.01,1225.521,3,3,1225.521,0.0,0.0,0.0,0.0,122552.1
1659388,IT,DE,WHOLE,VEGE1,0.01,1225.168,3,3,1225.168,0.0,0.0,0.0,0.0,122516.8
1660336,IT,DE,FINAN,VEGE1,0.02,1225.151,3,3,1225.151,0.0,0.0,0.0,0.0,61257.55
1734450,IT,SK,FORES,LIGNI,0.01,1224.842,3,3,1224.842,0.0,0.0,0.0,0.0,122484.2
1764987,IT,MX,FINAN,MACHI,0.02,1224.78,3,3,1224.78,0.0,0.0,0.0,0.0,61239.0
1669723,IT,ES,BUSIN,OILSE,0.01,1224.678,3,3,1224.678,0.0,0.0,0.0,0.0,122467.8
1747913,IT,JP,COMPU,COLLE,0.01,1224.444,3,3,1224.444,0.0,0.0,0.0,0.0,122444.4
1730458,IT,SE,POSTT,INLAN,0.02,1223.837,3,3,1223.837,0.0,0.0,0.0,0.0,61191.85
1733553,IT,SI,RETA1,BRICK,0.01,1223.615,3,3,1223.615,0.0,0.0,0.0,0.0,122361.5
1767209,IT,RU,RETA1,MOTO1,0.01,1223.365,3,3,1223.365,0.0,0.0,0.0,0.0,122336.5
1724121,IT,PT,RETA1,PFERT,0.01,1223.183,3,3,1223.183,0.0,0.0,0.0,0.0,122318.3
1647045,IT,BE,RETA1,FOOD1,0.01,1222.919,3,3,1222.919,0.0,0.0,0.0,0.0,122291.9
1724788,IT,PT,COMPU,WOODW,0.01,1222.906,3,3,1222.906,0.0,0.0,0.0,0.0,122290.6
1672206,IT,FI,AUXIL,INERT,0.02,1222.879,3,3,1222.879,0.0,0.0,0.0,0.0,61143.95
1669509,IT,ES,AUXIL,AIRTR,0.02,1222.373,3,3,1222.373,0.0,0.0,0.0,0.0,61118.65
1660209,IT,DE,POSTT,CEREA,0.02,1222.122,3,3,1222.122,0.0,0.0,0.0,0.0,61106.1
1722195,IT,PL,PUBLI,FOUND,0.02,1222.069,3,3,1222.069,0.0,0.0,0.0,0.0,61103.45
1668364,IT,ES,RETA1,CROPS,0.01,1222.063,3,3,1222.063,0.0,0.0,0.0,0.0,122206.3
1762636,IT,IN,COMPU,OFFIC,0.01,1221.803,3,3,1221.803,0.0,0.0,0.0,0.0,122180.3
1689659,IT,IE,POSTT,GASDI,0.02,1221.5,3,3,1221.5,0.0,0.0,0.0,0.0,61075.0
1643119,IT,AT,WHOLE,FOOD2,0.01,1221.426,3,3,1221.426,0.0,0.0,0.0,0.0,122142.6
1797218,IT,WL,FINAN,NONME,0.02,1220.608,3,3,1220.608,0.0,0.0,0.0,0.0,61030.4
1688215,IT,HU,RECRE,CONST,0.02,1220.564,3,3,1220.564,0.0,0.0,0.0,0.0,61028.2
1765022,IT,MX,INSUR,PRINT,0.03,1220.53,3,3,1220.53,0.0,0.0,0.0,0.0,40684.333333
1813684,IT,WM,RETA1,COLLE,0.01,1220.475,3,3,1220.475,0.0,0.0,0.0,0.0,122047.5
1714219,IT,MT,REALE,FISHF,0.05,1220.475,3,3,1220.475,0.0,0.0,0.0,0.0,24409.5
1768049,IT,RU,BUSIN,WHITE,0.01,1220.042,3,3,1220.042,0.0,0.0,0.0,0.0,122004.2
1647573,IT,BE,POSTT,CROPS,0.02,1219.676,3,3,1219.676,0.0,0.0,0.0,0.0,60983.8
1678593,IT,GR,FORES,FABRI,0.01,1219.355,3,3,1219.355,0.0,0.0,0.0,0.0,121935.5
1783202,IT,NO,BUSIN,NATU1,0.01,1219.154,3,3,1219.154,0.0,0.0,0.0,0.0,121915.4
1793065,IT,WA,PLAS2,MEAT4,0.01,1219.141,3,3,1219.141,0.0,0.0,0.0,0.0,121914.1
1677377,IT,FR,INSUR,PAPER,0.03,1219.098,3,3,1219.098,0.0,0.0,0.0,0.0,40636.6
1650697,IT,BG,RETA1,EDUCA,0.01,1218.637,3,3,1218.637,0.0,0.0,0.0,0.0,121863.7
1713916,IT,MT,ELEC8,FURNI,0.02,1218.561,3,3,1218.561,0.0,0.0,0.0,0.0,60928.05
1791485,IT,WA,WHOLE,RENTI,0.01,1218.487,3,3,1218.487,0.0,0.0,0.0,0.0,121848.7
1663554,IT,DK,COMPU,INLAN,0.01,1218.381,3,3,1218.381,0.0,0.0,0.0,0.0,121838.1
1770621,IT,AU,FINAN,CATTL,0.02,1218.032,3,3,1218.032,0.0,0.0,0.0,0.0,60901.6
1721829,IT,PL,REALE,RUBBE,0.05,1217.939,3,3,1217.939,0.0,0.0,0.0,0.0,24358.78
1717445,IT,NL,INSUR,PAPE1,0.03,1217.849,3,3,1217.849,0.0,0.0,0.0,0.0,40594.966667
1717328,IT,NL,FINAN,GLASS,0.02,1217.515,3,3,1217.515,0.0,0.0,0.0,0.0,60875.75
1774895,IT,CH,INSUR,TEXTI,0.03,1217.515,3,3,1217.515,0.0,0.0,0.0,0.0,40583.833333
1668417,IT,ES,RETA1,MOTO1,0.01,1217.406,3,3,1217.406,0.0,0.0,0.0,0.0,121740.6
1688102,IT,HU,BUSIN,VEGET,0.01,1217.287,3,3,1217.287,0.0,0.0,0.0,0.0,121728.7
1669877,IT,ES,PUBLI,CHEM1,0.02,1217.287,3,3,1217.287,0.0,0.0,0.0,0.0,60864.35
1757066,IT,KR,BUSIN,ELEC4,0.01,1217.272,3,3,1217.272,0.0,0.0,0.0,0.0,121727.2
1734308,IT,SI,BUSIN,FOUND,0.01,1217.232,3,3,1217.232,0.0,0.0,0.0,0.0,121723.2
1781242,IT,NO,FORES,RETA1,0.01,1217.041,3,3,1217.041,0.0,0.0,0.0,0.0,121704.1
1720953,IT,PL,WHOLE,PULP5,0.01,1216.892,3,3,1216.892,0.0,0.0,0.0,0.0,121689.2
1681529,IT,GR,BUSIN,NONSP,0.01,1216.875,3,3,1216.875,0.0,0.0,0.0,0.0,121687.5
1652847,IT,CZ,PRINT,RENTI,0.01,1216.699,3,3,1216.699,0.0,0.0,0.0,0.0,121669.9
1730694,IT,SE,COMPU,ELECT,0.01,1216.69,3,3,1216.69,0.0,0.0,0.0,0.0,121669.0
1762802,IT,IN,PUBLI,BEVER,0.02,1216.658,3,3,1216.658,0.0,0.0,0.0,0.0,60832.9
1770071,IT,AU,WHOLE,FISHF,0.01,1216.634,3,3,1216.634,0.0,0.0,0.0,0.0,121663.4
1804192,IT,WF,PRINT,IRONO,0.01,1216.558,3,3,1216.558,0.0,0.0,0.0,0.0,121655.8
1726848,IT,RO,RETA1,CROPS,0.01,1216.324,3,3,1216.324,0.0,0.0,0.0,0.0,121632.4
1734285,IT,SI,BUSIN,SANDC,0.01,1216.203,3,3,1216.203,0.0,0.0,0.0,0.0,121620.3
1759491,IT,BR,AUXIL,EDUCA,0.02,1215.989,3,3,1215.989,0.0,0.0,0.0,0.0,60799.45
1740342,IT,GB,PUBLI,INTER,0.02,1215.94,3,3,1215.94,0.0,0.0,0.0,0.0,60797.0
1740485,IT,GB,PLAS2,TRAN1,0.01,1215.878,3,3,1215.878,0.0,0.0,0.0,0.0,121587.8
1647831,IT,BE,AUXIL,BIOG1,0.02,1215.752,3,3,1215.752,0.0,0.0,0.0,0.0,60787.6
1660617,IT,DE,REALE,NONF1,0.05,1215.421,3,3,1215.421,0.0,0.0,0.0,0.0,24308.42
1739196,IT,GB,RETA1,ELECT,0.01,1215.416,3,3,1215.416,0.0,0.0,0.0,0.0,121541.6
1733585,IT,SI,RETA1,COMPU,0.01,1215.327,3,3,1215.327,0.0,0.0,0.0,0.0,121532.7
1715399,IT,NL,PRINT,PAPE1,0.01,1215.287,3,3,1215.287,0.0,0.0,0.0,0.0,121528.7
1710572,IT,LT,BUSIN,MEATP,0.01,1215.233,3,3,1215.233,0.0,0.0,0.0,0.0,121523.3
1726842,IT,RO,WHOLE,TEXT2,0.01,1215.201,3,3,1215.201,0.0,0.0,0.0,0.0,121520.1
1751082,IT,CN,RETA1,MEAT1,0.01,1215.062,3,3,1215.062,0.0,0.0,0.0,0.0,121506.2
1643826,IT,AT,FINAN,CONST,0.02,1214.803,3,3,1214.803,0.0,0.0,0.0,0.0,60740.15
1727441,IT,RO,FINAN,PAPE4,0.02,1214.702,3,3,1214.702,0.0,0.0,0.0,0.0,60735.1
1797265,IT,WL,INSUR,PAPER,0.03,1214.226,3,3,1214.226,0.0,0.0,0.0,0.0,40474.2
1654337,IT,CZ,ELEC4,FABRI,0.02,1214.103,3,3,1214.103,0.0,0.0,0.0,0.0,60705.15
1660922,IT,DE,BUSIN,PROCE,0.01,1214.007,3,3,1214.007,0.0,0.0,0.0,0.0,121400.7
1718926,IT,PL,PRINT,LEAD1,0.01,1213.991,3,3,1213.991,0.0,0.0,0.0,0.0,121399.1
1797519,IT,WL,BUSIN,CEMEN,0.01,1213.97,3,3,1213.97,0.0,0.0,0.0,0.0,121397.0
1730386,IT,SE,POSTT,POULT,0.02,1213.626,3,3,1213.626,0.0,0.0,0.0,0.0,60681.3
1677605,IT,FR,REALE,ELECT,0.05,1213.074,3,3,1213.074,0.0,0.0,0.0,0.0,24261.48
1775358,IT,CH,PUBLI,STONE,0.02,1213.069,3,3,1213.069,0.0,0.0,0.0,0.0,60653.45
1680551,IT,GR,ELEC8,CEMEN,0.02,1212.985,3,3,1212.985,0.0,0.0,0.0,0.0,60649.25
1679180,IT,GR,PRINT,SALEM,0.01,1212.942,3,3,1212.942,0.0,0.0,0.0,0.0,121294.2
1767869,IT,RU,AUXIL,AUXIL,0.02,1212.81,3,3,1212.81,0.0,0.0,0.0,0.0,60640.5
1791464,IT,WA,WHOLE,BLAST,0.01,1212.793,3,3,1212.793,0.0,0.0,0.0,0.0,121279.3
1712251,IT,LV,PRINT,PAPER,0.01,1212.786,3,3,1212.786,0.0,0.0,0.0,0.0,121278.6
1724803,IT,PT,COMPU,DISTR,0.01,1212.648,3,3,1212.648,0.0,0.0,0.0,0.0,121264.8
1736864,IT,SK,BUSIN,NONME,0.01,1212.49,3,3,1212.49,0.0,0.0,0.0,0.0,121249.0
1779433,IT,TR,REALE,CONST,0.05,1212.455,3,3,1212.455,0.0,0.0,0.0,0.0,24249.1
1677971,IT,FR,PUBLI,PRINT,0.02,1212.359,3,3,1212.359,0.0,0.0,0.0,0.0,60617.95
1767907,IT,RU,REALE,93197,0.05,1212.333,3,3,1212.333,0.0,0.0,0.0,0.0,24246.66
1690027,IT,IE,REALE,FOOD3,0.05,1212.255,3,3,1212.255,0.0,0.0,0.0,0.0,24245.1
1779301,IT,TR,INSUR,COPPE,0.02,1212.06,3,3,1212.06,0.0,0.0,0.0,0.0,60603.0
1767738,IT,RU,FINAN,REALE,0.02,1211.878,3,3,1211.878,0.0,0.0,0.0,0.0,60593.9
1721734,IT,PL,INSUR,WOODW,0.02,1211.877,3,3,1211.877,0.0,0.0,0.0,0.0,60593.85
1754281,IT,CA,FINAN,BASIC,0.02,1211.839,3,3,1211.839,0.0,0.0,0.0,0.0,60591.95
1740374,IT,GB,EDUCA,93197,0.03,1211.57,3,3,1211.57,0.0,0.0,0.0,0.0,40385.666667
1780618,IT,TW,INSUR,ELEC1,0.02,1211.458,3,3,1211.458,0.0,0.0,0.0,0.0,60572.9
1783930,IT,ID,FORES,RETA1,0.01,1211.389,3,3,1211.389,0.0,0.0,0.0,0.0,121138.9
1662849,IT,DK,WHOLE,CATTL,0.01,1211.314,3,3,1211.314,0.0,0.0,0.0,0.0,121131.4
1669986,IT,ES,EDUCA,FOOD1,0.03,1211.278,3,3,1211.278,0.0,0.0,0.0,0.0,40375.933333
1739962,IT,GB,AUXIL,OFFIC,0.02,1211.225,3,3,1211.225,0.0,0.0,0.0,0.0,60561.25
1672249,IT,FI,REALE,LANDT,0.05,1211.207,3,3,1211.207,0.0,0.0,0.0,0.0,24224.14
1643868,IT,AT,REALE,BEVER,0.05,1211.047,3,3,1211.047,0.0,0.0,0.0,0.0,24220.94
1671852,IT,FI,RETA1,SEWAG,0.01,1210.723,3,3,1210.723,0.0,0.0,0.0,0.0,121072.3
1689248,IT,IE,WHOLE,KEROS,0.01,1210.621,3,3,1210.621,0.0,0.0,0.0,0.0,121062.1
1646912,IT,BE,WHOLE,LEAD1,0.01,1210.362,3,3,1210.362,0.0,0.0,0.0,0.0,121036.2
1679169,IT,GR,PRINT,VEGE1,0.01,1210.344,3,3,1210.344,0.0,0.0,0.0,0.0,121034.4
1802601,IT,WE,AUXIL,CEREA,0.02,1210.182,3,3,1210.182,0.0,0.0,0.0,0.0,60509.1
1672608,IT,FR,FORES,PRINT,0.01,1209.852,3,3,1209.852,0.0,0.0,0.0,0.0,120985.2
1779331,IT,TR,INSUR,NONF1,0.02,1209.654,3,3,1209.654,0.0,0.0,0.0,0.0,60482.7
1793067,IT,WA,PLAS2,WEARI,0.01,1209.343,3,3,1209.343,0.0,0.0,0.0,0.0,120934.3
1814383,IT,WM,AUXIL,DISTR,0.02,1208.504,3,3,1208.504,0.0,0.0,0.0,0.0,60425.2
1768020,IT,RU,BUSIN,STONE,0.01,1208.433,3,3,1208.433,0.0,0.0,0.0,0.0,120843.3
1671835,IT,FI,RETA1,SALEM,0.01,1208.333,3,3,1208.333,0.0,0.0,0.0,0.0,120833.3
1734114,IT,SI,AUXIL,VEGET,0.02,1208.33,3,3,1208.33,0.0,0.0,0.0,0.0,60416.5
1768099,IT,RU,BUSIN,INLAN,0.01,1208.275,3,3,1208.275,0.0,0.0,0.0,0.0,120827.5
1734167,IT,SI,REALE,PULP5,0.05,1208.152,3,3,1208.152,0.0,0.0,0.0,0.0,24163.04
1654361,IT,CZ,ELEC8,OFFIC,0.02,1207.995,3,3,1207.995,0.0,0.0,0.0,0.0,60399.75
1793297,IT,WA,PRIVA,ELECT,0.27,1207.515,3,3,1207.515,0.0,0.0,0.0,0.0,4472.277778
1652804,IT,CZ,PRINT,WEARI,0.01,1207.383,3,3,1207.383,0.0,0.0,0.0,0.0,120738.3
1804205,IT,WF,PRINT,CHARC,0.01,1207.302,3,3,1207.302,0.0,0.0,0.0,0.0,120730.2
1717255,IT,NL,POSTT,BIODI,0.02,1207.301,3,3,1207.301,0.0,0.0,0.0,0.0,60365.05
1669541,IT,ES,REALE,GASDI,0.05,1207.21,3,3,1207.21,0.0,0.0,0.0,0.0,24144.2
1734143,IT,SI,AUXIL,AUXIL,0.02,1206.955,3,3,1206.955,0.0,0.0,0.0,0.0,60347.75
1690106,IT,IE,COMPU,FORES,0.01,1206.787,3,3,1206.787,0.0,0.0,0.0,0.0,120678.7
1780665,IT,TW,AUXIL,PREC1,0.02,1206.677,3,3,1206.677,0.0,0.0,0.0,0.0,60333.85
1733558,IT,SI,RETA1,NONF1,0.01,1206.371,3,3,1206.371,0.0,0.0,0.0,0.0,120637.1
1734354,IT,SI,PUBLI,FISH5,0.02,1205.803,3,3,1205.803,0.0,0.0,0.0,0.0,60290.15
1780675,IT,TW,AUXIL,CONST,0.02,1205.774,3,3,1205.774,0.0,0.0,0.0,0.0,60288.7
1757034,IT,KR,BUSIN,BITU1,0.01,1205.764,3,3,1205.764,0.0,0.0,0.0,0.0,120576.4
1670155,IT,ES,MEMBE,HEAVY,0.01,1205.744,3,3,1205.744,0.0,0.0,0.0,0.0,120574.4
1783021,IT,NO,FINAN,REALE,0.02,1205.735,3,3,1205.735,0.0,0.0,0.0,0.0,60286.75
1779601,IT,TR,COMPU,LANDT,0.01,1205.498,3,3,1205.498,0.0,0.0,0.0,0.0,120549.8
1792450,IT,WA,AUXIL,GASDI,0.02,1205.283,3,3,1205.283,0.0,0.0,0.0,0.0,60264.15
1724615,IT,PT,FINAN,ELEC8,0.02,1205.067,3,3,1205.067,0.0,0.0,0.0,0.0,60253.35
1670249,IT,ES,PRIVA,MEDIC,0.27,1205.065,3,3,1205.065,0.0,0.0,0.0,0.0,4463.203704
1744891,IT,US,BUSIN,COKEO,0.01,1204.881,3,3,1204.881,0.0,0.0,0.0,0.0,120488.1
1736772,IT,SK,COMPU,DAIRY,0.01,1204.76,3,3,1204.76,0.0,0.0,0.0,0.0,120476.0
1762624,IT,IN,REALE,RETA1,0.05,1204.75,3,3,1204.75,0.0,0.0,0.0,0.0,24095.0
1774765,IT,CH,POSTT,CROPS,0.02,1204.697,3,3,1204.697,0.0,0.0,0.0,0.0,60234.85
1787071,IT,ZA,BUSIN,COKIN,0.01,1204.373,3,3,1204.373,0.0,0.0,0.0,0.0,120437.3
1676018,IT,FR,ELEC5,COMPU,0.01,1204.246,3,3,1204.246,0.0,0.0,0.0,0.0,120424.6
1718938,IT,PL,PRINT,ELEC2,0.01,1204.008,3,3,1204.008,0.0,0.0,0.0,0.0,120400.8
1681255,IT,GR,FINAN,RADIO,0.02,1203.897,3,3,1203.897,0.0,0.0,0.0,0.0,60194.85
1730545,IT,SE,AUXIL,OFFIC,0.02,1203.812,3,3,1203.812,0.0,0.0,0.0,0.0,60190.6
1736607,IT,SK,POSTT,SUPPO,0.02,1203.695,3,3,1203.695,0.0,0.0,0.0,0.0,60184.75
1680449,IT,GR,ELEC4,LANDT,0.02,1203.109,3,3,1203.109,0.0,0.0,0.0,0.0,60155.45
1797194,IT,WL,FINAN,POULT,0.02,1203.087,3,3,1203.087,0.0,0.0,0.0,0.0,60154.35
1787137,IT,ZA,BUSIN,93197,0.01,1203.039,3,3,1203.039,0.0,0.0,0.0,0.0,120303.9
1734448,IT,SK,FORES,WHEAT,0.01,1202.829,3,3,1202.829,0.0,0.0,0.0,0.0,120282.9
1806733,IT,WF,WHOLE,ELEC6,0.01,1202.766,3,3,1202.766,0.0,0.0,0.0,0.0,120276.6
1760298,IT,IN,FORES,BUSIN,0.01,1202.726,3,3,1202.726,0.0,0.0,0.0,0.0,120272.6
1687838,IT,HU,FINAN,DISTR,0.02,1202.63,3,3,1202.63,0.0,0.0,0.0,0.0,60131.5
1677275,IT,FR,FINAN,LIQUE,0.02,1202.407,3,3,1202.407,0.0,0.0,0.0,0.0,60120.35
1727439,IT,RO,FINAN,WASTE,0.02,1202.378,3,3,1202.378,0.0,0.0,0.0,0.0,60118.9
1727738,IT,RO,COMPU,RECRE,0.01,1202.234,3,3,1202.234,0.0,0.0,0.0,0.0,120223.4
1678255,IT,FR,SEWAG,WOOD1,0.01,1202.105,3,3,1202.105,0.0,0.0,0.0,0.0,120210.5
1689225,IT,IE,WHOLE,PEAT2,0.01,1201.966,3,3,1201.966,0.0,0.0,0.0,0.0,120196.6
1782718,IT,NO,RETA1,GASDI,0.01,1201.871,3,3,1201.871,0.0,0.0,0.0,0.0,120187.1
1765182,IT,MX,BUSIN,ELEC4,0.01,1201.557,3,3,1201.557,0.0,0.0,0.0,0.0,120155.7
1814579,IT,WM,BUSIN,COPP1,0.01,1201.501,3,3,1201.501,0.0,0.0,0.0,0.0,120150.1
1690307,IT,IE,SEWAG,PAPE4,0.01,1201.39,3,3,1201.39,0.0,0.0,0.0,0.0,120139.0
1640233,IT,AT,FORES,REALE,0.01,1201.376,3,3,1201.376,0.0,0.0,0.0,0.0,120137.6
1687854,IT,HU,INSUR,OFFIC,0.02,1201.2,3,3,1201.2,0.0,0.0,0.0,0.0,60060.0
1802780,IT,WE,BUSIN,LEAD1,0.01,1201.161,3,3,1201.161,0.0,0.0,0.0,0.0,120116.1
1768105,IT,RU,BUSIN,AUXIL,0.01,1201.027,3,3,1201.027,0.0,0.0,0.0,0.0,120102.7
1734903,IT,SK,PRINT,PAPER,0.01,1200.872,3,3,1200.872,0.0,0.0,0.0,0.0,120087.2
1710348,IT,LT,RETA1,NONME,0.01,1200.75,3,3,1200.75,0.0,0.0,0.0,0.0,120075.0
1648412,IT,BE,PRIVA,KERO1,0.27,1200.747,3,3,1200.747,0.0,0.0,0.0,0.0,4447.211111
1767684,IT,RU,POSTT,MEMBE,0.02,1200.655,3,3,1200.655,0.0,0.0,0.0,0.0,60032.75
1770072,IT,AU,WHOLE,COKIN,0.01,1200.626,3,3,1200.626,0.0,0.0,0.0,0.0,120062.6
1740321,IT,GB,PUBLI,ELEC5,0.02,1200.468,3,3,1200.468,0.0,0.0,0.0,0.0,60023.4
1724611,IT,PT,FINAN,ELEC1,0.02,1200.341,3,3,1200.341,0.0,0.0,0.0,0.0,60017.05
1740425,IT,GB,SEWAG,WOOD2,0.01,1200.155,3,3,1200.155,0.0,0.0,0.0,0.0,120015.5
1711301,IT,LU,WHOLE,SANDC,0.01,1199.788,3,3,1199.788,0.0,0.0,0.0,0.0,119978.8
1730073,IT,SE,RETA1,PULP5,0.01,1199.307,3,3,1199.307,0.0,0.0,0.0,0.0,119930.7
1655169,IT,CZ,BUSIN,ELEC5,0.01,1199.103,3,3,1199.103,0.0,0.0,0.0,0.0,119910.3
1792714,IT,WA,BUSIN,PROCE,0.01,1198.897,3,3,1198.897,0.0,0.0,0.0,0.0,119889.7
1736896,IT,SK,BUSIN,SEACO,0.01,1198.848,3,3,1198.848,0.0,0.0,0.0,0.0,119884.8
1724577,IT,PT,FINAN,FISHF,0.02,1198.801,3,3,1198.801,0.0,0.0,0.0,0.0,59940.05
1659127,IT,DE,ELEC8,GASDI,0.02,1198.661,3,3,1198.661,0.0,0.0,0.0,0.0,59933.05
1762693,IT,IN,BUSIN,LIGNI,0.01,1198.38,3,3,1198.38,0.0,0.0,0.0,0.0,119838.0
1726889,IT,RO,RETA1,SEACO,0.01,1198.236,3,3,1198.236,0.0,0.0,0.0,0.0,119823.6
1792852,IT,WA,EDUCA,CERAM,0.03,1197.948,3,3,1197.948,0.0,0.0,0.0,0.0,39931.6
1762437,IT,IN,POSTT,RESEA,0.02,1197.901,3,3,1197.901,0.0,0.0,0.0,0.0,59895.05
1690301,IT,IE,SEWAG,COMPU,0.01,1197.898,3,3,1197.898,0.0,0.0,0.0,0.0,119789.8
1655154,IT,CZ,BUSIN,PREC1,0.01,1197.564,3,3,1197.564,0.0,0.0,0.0,0.0,119756.4
1780644,IT,TW,AUXIL,MEAT1,0.02,1197.402,3,3,1197.402,0.0,0.0,0.0,0.0,59870.1
1779145,IT,TR,POSTT,IRONO,0.02,1197.4,3,3,1197.4,0.0,0.0,0.0,0.0,59870.0
1721775,IT,PL,INSUR,RECRE,0.02,1197.329,3,3,1197.329,0.0,0.0,0.0,0.0,59866.45
1727394,IT,RO,FINAN,LIQUE,0.02,1197.126,3,3,1197.126,0.0,0.0,0.0,0.0,59856.3
1806690,IT,WF,WHOLE,SUGA1,0.01,1197.064,3,3,1197.064,0.0,0.0,0.0,0.0,119706.4
1774976,IT,CH,AUXIL,FURNI,0.02,1197.05,3,3,1197.05,0.0,0.0,0.0,0.0,59852.5
1670181,IT,ES,RECRE,CROPS,0.02,1197.04,3,3,1197.04,0.0,0.0,0.0,0.0,59852.0
1740512,IT,GB,MEMBE,REALE,0.01,1196.952,3,3,1196.952,0.0,0.0,0.0,0.0,119695.2
1681405,IT,GR,REALE,SEACO,0.05,1196.787,3,3,1196.787,0.0,0.0,0.0,0.0,23935.74
1651058,IT,BG,INSUR,TEXTI,0.02,1196.638,3,3,1196.638,0.0,0.0,0.0,0.0,59831.9
1814943,IT,WM,PRIVA,LEAD1,0.27,1195.942,3,3,1195.942,0.0,0.0,0.0,0.0,4429.414815
1687292,IT,HU,RETA1,PIGS9,0.01,1195.75,3,3,1195.75,0.0,0.0,0.0,0.0,119575.0
1797201,IT,WL,FINAN,MEATP,0.02,1195.687,3,3,1195.687,0.0,0.0,0.0,0.0,59784.35
1734004,IT,SI,POSTT,SALEM,0.02,1195.661,3,3,1195.661,0.0,0.0,0.0,0.0,59783.05
1791513,IT,WA,RETA1,NATU1,0.01,1195.257,3,3,1195.257,0.0,0.0,0.0,0.0,119525.7
1791551,IT,WA,RETA1,MACHI,0.01,1194.775,3,3,1194.775,0.0,0.0,0.0,0.0,119477.5
1687805,IT,HU,POSTT,COLLE,0.02,1194.738,3,3,1194.738,0.0,0.0,0.0,0.0,59736.9
1730494,IT,SE,FINAN,FABRI,0.02,1194.732,3,3,1194.732,0.0,0.0,0.0,0.0,59736.6
1714160,IT,MT,POSTT,RADIO,0.02,1194.716,3,3,1194.716,0.0,0.0,0.0,0.0,59735.8
1744996,IT,US,PUBLI,SUBBI,0.02,1194.705,3,3,1194.705,0.0,0.0,0.0,0.0,59735.25
1774164,IT,CH,WHOLE,FOOD4,0.01,1194.667,3,3,1194.667,0.0,0.0,0.0,0.0,119466.7
1654447,IT,CZ,RETA1,MOTOR,0.01,1194.664,3,3,1194.664,0.0,0.0,0.0,0.0,119466.4
1662931,IT,DK,RETA1,COPP1,0.01,1194.555,3,3,1194.555,0.0,0.0,0.0,0.0,119455.5
1784756,IT,ID,RETA1,PRINT,0.01,1194.412,3,3,1194.412,0.0,0.0,0.0,0.0,119441.2
1669695,IT,ES,COMPU,RETAI,0.01,1194.352,3,3,1194.352,0.0,0.0,0.0,0.0,119435.2
1664001,IT,EE,PRINT,FABRI,0.01,1194.333,3,3,1194.333,0.0,0.0,0.0,0.0,119433.3
1796390,IT,WL,WHOLE,REFI1,0.01,1193.818,3,3,1193.818,0.0,0.0,0.0,0.0,119381.8
1725738,IT,RO,PRINT,PIGS9,0.01,1193.571,3,3,1193.571,0.0,0.0,0.0,0.0,119357.1
1647588,IT,BE,POSTT,KERO1,0.02,1193.496,3,3,1193.496,0.0,0.0,0.0,0.0,59674.8
1650676,IT,BG,RETA1,WEARI,0.01,1193.217,3,3,1193.217,0.0,0.0,0.0,0.0,119321.7
1714018,IT,MT,RETA1,HEALT,0.01,1192.785,3,3,1192.785,0.0,0.0,0.0,0.0,119278.5
1725782,IT,RO,PRINT,DIST1,0.01,1192.247,3,3,1192.247,0.0,0.0,0.0,0.0,119224.7
1711510,IT,LU,POSTT,TEXTI,0.02,1192.092,3,3,1192.092,0.0,0.0,0.0,0.0,59604.6
1813675,IT,WM,RETA1,ELECT,0.01,1191.906,3,3,1191.906,0.0,0.0,0.0,0.0,119190.6
1641199,IT,AT,PRINT,RAILW,0.01,1191.752,3,3,1191.752,0.0,0.0,0.0,0.0,119175.2
1778392,IT,TR,WHOLE,PADDY,0.01,1191.419,3,3,1191.419,0.0,0.0,0.0,0.0,119141.9
1814296,IT,WM,POSTT,INERT,0.02,1191.391,3,3,1191.391,0.0,0.0,0.0,0.0,59569.55
1670149,IT,ES,MEMBE,FOOD5,0.01,1191.391,3,3,1191.391,0.0,0.0,0.0,0.0,119139.1
1740283,IT,GB,BUSIN,WOOD1,0.01,1191.387,3,3,1191.387,0.0,0.0,0.0,0.0,119138.7
1722337,IT,PT,FORES,FABRI,0.01,1191.318,3,3,1191.318,0.0,0.0,0.0,0.0,119131.8
1671800,IT,FI,WHOLE,RECRE,0.01,1191.279,3,3,1191.279,0.0,0.0,0.0,0.0,119127.9
1733552,IT,SI,RETA1,PAPER,0.01,1191.256,3,3,1191.256,0.0,0.0,0.0,0.0,119125.6
1741349,IT,US,PRINT,FORES,0.01,1191.113,3,3,1191.113,0.0,0.0,0.0,0.0,119111.3
1712678,IT,LV,WHOLE,PFERT,0.01,1190.925,3,3,1190.925,0.0,0.0,0.0,0.0,119092.5
1643944,IT,AT,COMPU,NFERT,0.01,1190.812,3,3,1190.812,0.0,0.0,0.0,0.0,119081.2
1764962,IT,MX,POSTT,SALEM,0.02,1190.607,3,3,1190.607,0.0,0.0,0.0,0.0,59530.35
1659100,IT,DE,ELEC5,RETA1,0.01,1189.885,3,3,1189.885,0.0,0.0,0.0,0.0,118988.5
1748287,IT,JP,MEMBE,AIRTR,0.01,1189.353,3,3,1189.353,0.0,0.0,0.0,0.0,118935.3
1792243,IT,WA,POSTT,NAPHT,0.02,1189.19,3,3,1189.19,0.0,0.0,0.0,0.0,59459.5
1680571,IT,GR,ELEC8,FOOD4,0.02,1188.597,3,3,1188.597,0.0,0.0,0.0,0.0,59429.85
1775125,IT,CH,COMPU,COLLE,0.01,1188.384,3,3,1188.384,0.0,0.0,0.0,0.0,118838.4
1721678,IT,PL,FINAN,PFERT,0.02,1188.353,3,3,1188.353,0.0,0.0,0.0,0.0,59417.65
1669363,IT,ES,FINAN,PLAS2,0.02,1188.319,3,3,1188.319,0.0,0.0,0.0,0.0,59415.95
1734127,IT,SI,AUXIL,TRANS,0.02,1188.278,3,3,1188.278,0.0,0.0,0.0,0.0,59413.9
1747364,IT,JP,RETA1,ELEC3,0.01,1188.22,3,3,1188.22,0.0,0.0,0.0,0.0,118822.0
1753809,IT,CA,WHOLE,FORES,0.01,1188.147,3,3,1188.147,0.0,0.0,0.0,0.0,118814.7
1678453,IT,FR,RECRE,PAPER,0.02,1187.909,3,3,1187.909,0.0,0.0,0.0,0.0,59395.45
1783171,IT,NO,COMPU,MEATP,0.01,1187.775,3,3,1187.775,0.0,0.0,0.0,0.0,118777.5
1804203,IT,WF,PRINT,NFERT,0.01,1187.677,3,3,1187.677,0.0,0.0,0.0,0.0,118767.7
1787191,IT,ZA,PUBLI,FOOD3,0.02,1187.668,3,3,1187.668,0.0,0.0,0.0,0.0,59383.4
1676002,IT,FR,ELEC5,MACHI,0.01,1187.18,3,3,1187.18,0.0,0.0,0.0,0.0,118718.0
1762609,IT,IN,AUXIL,HEALT,0.02,1187.083,3,3,1187.083,0.0,0.0,0.0,0.0,59354.15
1776410,IT,TR,PRINT,RENTI,0.01,1187.033,3,3,1187.033,0.0,0.0,0.0,0.0,118703.3
1781775,IT,NO,PRINT,RETA1,0.01,1186.903,3,3,1186.903,0.0,0.0,0.0,0.0,118690.3
1779345,IT,TR,INSUR,COKE1,0.02,1186.796,3,3,1186.796,0.0,0.0,0.0,0.0,59339.8
1669119,IT,ES,POSTT,FORES,0.02,1186.741,3,3,1186.741,0.0,0.0,0.0,0.0,59337.05
1660555,IT,DE,AUXIL,PLAST,0.02,1186.701,3,3,1186.701,0.0,0.0,0.0,0.0,59335.05
1759338,IT,BR,FINAN,DAIRY,0.02,1186.684,3,3,1186.684,0.0,0.0,0.0,0.0,59334.2
1670049,IT,ES,SEWAG,PLAS2,0.01,1186.317,3,3,1186.317,0.0,0.0,0.0,0.0,118631.7
1687341,IT,HU,RETA1,SEWAG,0.01,1185.778,3,3,1185.778,0.0,0.0,0.0,0.0,118577.8
1687238,IT,HU,WHOLE,PIGS9,0.01,1185.655,3,3,1185.655,0.0,0.0,0.0,0.0,118565.5
1730682,IT,SE,COMPU,DAIRY,0.01,1185.561,3,3,1185.561,0.0,0.0,0.0,0.0,118556.1
1802887,IT,WE,RECRE,FORES,0.02,1185.35,3,3,1185.35,0.0,0.0,0.0,0.0,59267.5
1734362,IT,SI,PUBLI,LANDT,0.02,1185.322,3,3,1185.322,0.0,0.0,0.0,0.0,59266.1
1771031,IT,CH,FORES,RAWMI,0.01,1185.194,3,3,1185.194,0.0,0.0,0.0,0.0,118519.4
1767168,IT,RU,WHOLE,COKEO,0.01,1185.111,3,3,1185.111,0.0,0.0,0.0,0.0,118511.1
1669900,IT,ES,PUBLI,FINAN,0.02,1185.021,3,3,1185.021,0.0,0.0,0.0,0.0,59251.05
1759402,IT,BR,INSUR,LEATH,0.02,1184.807,3,3,1184.807,0.0,0.0,0.0,0.0,59240.35
1773855,IT,CH,ELEC5,RESEA,0.01,1184.792,3,3,1184.792,0.0,0.0,0.0,0.0,118479.2
1770747,IT,AU,AUXIL,RECRE,0.02,1184.763,3,3,1184.763,0.0,0.0,0.0,0.0,59238.15
1680570,IT,GR,ELEC8,WASTE,0.02,1184.694,3,3,1184.694,0.0,0.0,0.0,0.0,59234.7
1762489,IT,IN,FINAN,93197,0.02,1184.66,3,3,1184.66,0.0,0.0,0.0,0.0,59233.0
1724725,IT,PT,AUXIL,FURNI,0.02,1184.409,3,3,1184.409,0.0,0.0,0.0,0.0,59220.45
1785062,IT,ID,PUBLI,ALUM1,0.02,1184.291,3,3,1184.291,0.0,0.0,0.0,0.0,59214.55
1648019,IT,BE,COMPU,NONSP,0.01,1184.262,3,3,1184.262,0.0,0.0,0.0,0.0,118426.2
1684424,IT,HR,INSUR,CONST,0.02,1184.202,3,3,1184.202,0.0,0.0,0.0,0.0,59210.1
1654402,IT,CZ,WHOLE,PULP5,0.01,1183.969,3,3,1183.969,0.0,0.0,0.0,0.0,118396.9
1661090,IT,DE,PUBLI,POSTT,0.02,1183.599,3,3,1183.599,0.0,0.0,0.0,0.0,59179.95
1680569,IT,GR,ELEC8,FOOD3,0.02,1183.554,3,3,1183.554,0.0,0.0,0.0,0.0,59177.7
1814918,IT,WM,PRIVA,KERO1,0.26,1183.384,3,3,1183.384,0.0,0.0,0.0,0.0,4551.476923
1772056,IT,CH,PRINT,BIOG1,0.01,1183.29,3,3,1183.29,0.0,0.0,0.0,0.0,118329.0
1762488,IT,IN,FINAN,RECRE,0.02,1182.994,3,3,1182.994,0.0,0.0,0.0,0.0,59149.7
1736713,IT,SK,REALE,PRINT,0.05,1182.783,3,3,1182.783,0.0,0.0,0.0,0.0,23655.66
1727289,IT,RO,POSTT,MEATC,0.02,1182.774,3,3,1182.774,0.0,0.0,0.0,0.0,59138.7
1751814,IT,CN,AUXIL,EDUCA,0.02,1182.727,3,3,1182.727,0.0,0.0,0.0,0.0,59136.35
1756984,IT,KR,COMPU,ELEC3,0.01,1182.592,3,3,1182.592,0.0,0.0,0.0,0.0,118259.2
1768132,IT,RU,PUBLI,VEGE1,0.02,1182.459,3,3,1182.459,0.0,0.0,0.0,0.0,59122.95
1783924,IT,ID,FORES,PIGS9,0.01,1182.371,3,3,1182.371,0.0,0.0,0.0,0.0,118237.1
1767725,IT,RU,FINAN,COLLE,0.02,1182.322,3,3,1182.322,0.0,0.0,0.0,0.0,59116.1
1684409,IT,HR,FINAN,FOOD5,0.02,1182.299,3,3,1182.299,0.0,0.0,0.0,0.0,59114.95
1651042,IT,BG,POSTT,REALE,0.02,1182.288,3,3,1182.288,0.0,0.0,0.0,0.0,59114.4
1739112,IT,GB,WHOLE,NONF1,0.01,1182.234,3,3,1182.234,0.0,0.0,0.0,0.0,118223.4
1756895,IT,KR,FINAN,PLAST,0.02,1182.052,3,3,1182.052,0.0,0.0,0.0,0.0,59102.6
1759352,IT,BR,FINAN,CHEM1,0.02,1181.67,3,3,1181.67,0.0,0.0,0.0,0.0,59083.5
1776394,IT,TR,PRINT,COLLE,0.01,1181.601,3,3,1181.601,0.0,0.0,0.0,0.0,118160.1
1752093,IT,CN,BUSIN,PETRO,0.01,1181.399,3,3,1181.399,0.0,0.0,0.0,0.0,118139.9
1654405,IT,CZ,WHOLE,KEROS,0.01,1181.295,3,3,1181.295,0.0,0.0,0.0,0.0,118129.5
1714169,IT,MT,POSTT,SEACO,0.02,1181.136,3,3,1181.136,0.0,0.0,0.0,0.0,59056.8
1690293,IT,IE,SEWAG,PFERT,0.01,1180.999,3,3,1180.999,0.0,0.0,0.0,0.0,118099.9
1793114,IT,WA,RECRE,ANIMA,0.02,1180.738,3,3,1180.738,0.0,0.0,0.0,0.0,59036.9
1751019,IT,CN,WHOLE,NFERT,0.01,1180.72,3,3,1180.72,0.0,0.0,0.0,0.0,118072.0
1773902,IT,CH,ELEC8,RESEA,0.02,1180.689,3,3,1180.689,0.0,0.0,0.0,0.0,59034.45
1747269,IT,JP,WHOLE,REFIN,0.01,1180.681,3,3,1180.681,0.0,0.0,0.0,0.0,118068.1
1677990,IT,FR,PUBLI,POSTT,0.02,1180.621,3,3,1180.621,0.0,0.0,0.0,0.0,59031.05
1677386,IT,FR,INSUR,WHITE,0.02,1180.615,3,3,1180.615,0.0,0.0,0.0,0.0,59030.75
1768162,IT,RU,PUBLI,COPP1,0.02,1180.566,3,3,1180.566,0.0,0.0,0.0,0.0,59028.3
1792207,IT,WA,POSTT,PLANT,0.02,1180.505,3,3,1180.505,0.0,0.0,0.0,0.0,59025.25
1799521,IT,WE,PRINT,CEREA,0.01,1180.266,3,3,1180.266,0.0,0.0,0.0,0.0,118026.6
1689837,IT,IE,INSUR,TRAN2,0.02,1180.217,3,3,1180.217,0.0,0.0,0.0,0.0,59010.85
1780047,IT,TW,WHOLE,TOBAC,0.01,1180.092,3,3,1180.092,0.0,0.0,0.0,0.0,118009.2
1713887,IT,MT,ELEC5,CHEM1,0.01,1179.995,3,3,1179.995,0.0,0.0,0.0,0.0,117999.5
1654894,IT,CZ,POSTT,93197,0.02,1179.187,3,3,1179.187,0.0,0.0,0.0,0.0,58959.35
1779740,IT,TR,BUSIN,BITU1,0.01,1179.088,3,3,1179.088,0.0,0.0,0.0,0.0,117908.8
1728629,IT,SE,PRINT,TEXTI,0.01,1179.076,3,3,1179.076,0.0,0.0,0.0,0.0,117907.6
1775577,IT,CH,RECRE,HEAVY,0.01,1178.959,3,3,1178.959,0.0,0.0,0.0,0.0,117895.9
1710580,IT,LT,BUSIN,HOTEL,0.01,1178.943,3,3,1178.943,0.0,0.0,0.0,0.0,117894.3
1744512,IT,US,REALE,LIQUE,0.05,1178.897,3,3,1178.897,0.0,0.0,0.0,0.0,23577.94
1807748,IT,WF,PUBLI,PAPER,0.02,1178.668,3,3,1178.668,0.0,0.0,0.0,0.0,58933.4
1799535,IT,WE,PRINT,PULP5,0.01,1178.622,3,3,1178.622,0.0,0.0,0.0,0.0,117862.2
1663529,IT,DK,COMPU,NATUR,0.01,1178.451,3,3,1178.451,0.0,0.0,0.0,0.0,117845.1
1775397,IT,CH,PUBLI,RETAI,0.02,1178.118,3,3,1178.118,0.0,0.0,0.0,0.0,58905.9
1651119,IT,BG,COMPU,COLLE,0.01,1177.849,3,3,1177.849,0.0,0.0,0.0,0.0,117784.9
1782724,IT,NO,RETA1,GLASS,0.01,1177.642,3,3,1177.642,0.0,0.0,0.0,0.0,117764.2
1671812,IT,FI,RETA1,PRINT,0.01,1177.337,3,3,1177.337,0.0,0.0,0.0,0.0,117733.7
1684004,IT,HR,RETA1,CONST,0.01,1177.328,3,3,1177.328,0.0,0.0,0.0,0.0,117732.8
1767210,IT,RU,RETA1,TRANS,0.01,1177.265,3,3,1177.265,0.0,0.0,0.0,0.0,117726.5
1807767,IT,WF,EDUCA,COPPE,0.03,1177.112,3,3,1177.112,0.0,0.0,0.0,0.0,39237.066667
1655063,IT,CZ,COMPU,CERAM,0.01,1177.074,3,3,1177.074,0.0,0.0,0.0,0.0,117707.4
1721663,IT,PL,FINAN,MEATC,0.02,1176.749,3,3,1176.749,0.0,0.0,0.0,0.0,58837.45
1654427,IT,CZ,WHOLE,RETA1,0.01,1176.624,3,3,1176.624,0.0,0.0,0.0,0.0,117662.4
1712911,IT,LV,REALE,AUXIL,0.05,1176.553,3,3,1176.553,0.0,0.0,0.0,0.0,23531.06
1717245,IT,NL,POSTT,DAIRY,0.02,1176.478,3,3,1176.478,0.0,0.0,0.0,0.0,58823.9
1687796,IT,HU,POSTT,BASIC,0.02,1176.444,3,3,1176.444,0.0,0.0,0.0,0.0,58822.2
1660884,IT,DE,COMPU,PLAS2,0.01,1176.403,3,3,1176.403,0.0,0.0,0.0,0.0,117640.3
1680555,IT,GR,ELEC8,SECO9,0.02,1176.341,3,3,1176.341,0.0,0.0,0.0,0.0,58817.05
1791418,IT,WA,WHOLE,DAIRY,0.01,1176.204,3,3,1176.204,0.0,0.0,0.0,0.0,117620.4
1780688,IT,TW,REALE,MEAT1,0.05,1176.129,3,3,1176.129,0.0,0.0,0.0,0.0,23522.58
1680567,IT,GR,ELEC8,SEWAG,0.02,1176.02,3,3,1176.02,0.0,0.0,0.0,0.0,58801.0
1680574,IT,GR,ELEC8,INERT,0.02,1175.884,3,3,1175.884,0.0,0.0,0.0,0.0,58794.2
1680565,IT,GR,ELEC8,INTER,0.02,1175.856,3,3,1175.856,0.0,0.0,0.0,0.0,58792.8
1680566,IT,GR,ELEC8,OILHA,0.02,1175.855,3,3,1175.855,0.0,0.0,0.0,0.0,58792.75
1680568,IT,GR,ELEC8,FOOD2,0.02,1175.83,3,3,1175.83,0.0,0.0,0.0,0.0,58791.5
1680576,IT,GR,ELEC8,WOOD2,0.02,1175.807,3,3,1175.807,0.0,0.0,0.0,0.0,58790.35
1680573,IT,GR,ELEC8,PLAS2,0.02,1175.8,3,3,1175.8,0.0,0.0,0.0,0.0,58790.0
1680575,IT,GR,ELEC8,TEXT2,0.02,1175.798,3,3,1175.798,0.0,0.0,0.0,0.0,58789.9
1672210,IT,FI,REALE,FORES,0.05,1175.696,3,3,1175.696,0.0,0.0,0.0,0.0,23513.92
1659095,IT,DE,ELEC5,MOTO1,0.01,1175.535,3,3,1175.535,0.0,0.0,0.0,0.0,117553.5
1784205,IT,ID,PRINT,COMPU,0.01,1175.3,3,3,1175.3,0.0,0.0,0.0,0.0,117530.0
1730599,IT,SE,REALE,RECRE,0.05,1175.171,3,3,1175.171,0.0,0.0,0.0,0.0,23503.42
1721597,IT,PL,POSTT,PFERT,0.02,1175.104,3,3,1175.104,0.0,0.0,0.0,0.0,58755.2
1774911,IT,CH,INSUR,PREC1,0.02,1174.927,3,3,1174.927,0.0,0.0,0.0,0.0,58746.35
1751650,IT,CN,FINAN,SUPPO,0.02,1174.754,3,3,1174.754,0.0,0.0,0.0,0.0,58737.7
1644095,IT,AT,BUSIN,FOODW,0.01,1174.314,3,3,1174.314,0.0,0.0,0.0,0.0,117431.4
1677467,IT,FR,AUXIL,ANIMA,0.02,1174.272,3,3,1174.272,0.0,0.0,0.0,0.0,58713.6
1664764,IT,EE,MEMBE,BASIC,0.01,1174.185,3,3,1174.185,0.0,0.0,0.0,0.0,117418.5
1753842,IT,CA,WHOLE,AIRTR,0.01,1174.112,3,3,1174.112,0.0,0.0,0.0,0.0,117411.2
1731850,IT,SI,PRINT,TEXTI,0.01,1174.112,3,3,1174.112,0.0,0.0,0.0,0.0,117411.2
1786942,IT,ZA,POSTT,PFERT,0.02,1173.938,3,3,1173.938,0.0,0.0,0.0,0.0,58696.9
1655070,IT,CZ,COMPU,RADIO,0.01,1173.787,3,3,1173.787,0.0,0.0,0.0,0.0,117378.7
1724787,IT,PT,COMPU,WEARI,0.01,1173.455,3,3,1173.455,0.0,0.0,0.0,0.0,117345.5
1737008,IT,GB,FORES,FABRI,0.01,1173.338,3,3,1173.338,0.0,0.0,0.0,0.0,117333.8
1780037,IT,TW,WHOLE,ALUMI,0.01,1173.155,3,3,1173.155,0.0,0.0,0.0,0.0,117315.5
1797208,IT,WL,FINAN,WEARI,0.02,1173.076,3,3,1173.076,0.0,0.0,0.0,0.0,58653.8
1764957,IT,MX,POSTT,TRANS,0.02,1172.428,3,3,1172.428,0.0,0.0,0.0,0.0,58621.4
1647574,IT,BE,POSTT,RAWMI,0.02,1172.408,3,3,1172.408,0.0,0.0,0.0,0.0,58620.4
1668346,IT,ES,WHOLE,WOOD1,0.01,1172.291,3,3,1172.291,0.0,0.0,0.0,0.0,117229.1
1737684,IT,GB,PRINT,LANDT,0.01,1172.226,3,3,1172.226,0.0,0.0,0.0,0.0,117222.6
1654910,IT,CZ,INSUR,FORES,0.02,1172.206,3,3,1172.206,0.0,0.0,0.0,0.0,58610.3
1647700,IT,BE,INSUR,FISH5,0.02,1172.163,3,3,1172.163,0.0,0.0,0.0,0.0,58608.15
1643169,IT,AT,RETA1,WOOD1,0.01,1171.739,3,3,1171.739,0.0,0.0,0.0,0.0,117173.9
1736216,IT,SK,RETA1,POULT,0.01,1171.719,3,3,1171.719,0.0,0.0,0.0,0.0,117171.9
1712256,IT,LV,PRINT,EDUCA,0.01,1171.543,3,3,1171.543,0.0,0.0,0.0,0.0,117154.3
1670165,IT,ES,MEMBE,CONST,0.01,1171.525,3,3,1171.525,0.0,0.0,0.0,0.0,117152.5
1759291,IT,BR,POSTT,DIST1,0.02,1171.435,3,3,1171.435,0.0,0.0,0.0,0.0,58571.75
1762481,IT,IN,FINAN,AUXIL,0.02,1171.376,3,3,1171.376,0.0,0.0,0.0,0.0,58568.8
1728671,IT,SE,PRINT,RAILW,0.01,1171.092,3,3,1171.092,0.0,0.0,0.0,0.0,117109.2
1716720,IT,NL,WHOLE,PLAS2,0.01,1170.999,3,3,1170.999,0.0,0.0,0.0,0.0,117099.9
1722235,IT,PL,EDUCA,PUBLI,0.03,1170.957,3,3,1170.957,0.0,0.0,0.0,0.0,39031.9
1751794,IT,CN,AUXIL,DISTR,0.02,1170.955,3,3,1170.955,0.0,0.0,0.0,0.0,58547.75
1724660,IT,PT,INSUR,PAPER,0.02,1170.911,3,3,1170.911,0.0,0.0,0.0,0.0,58545.55
1643104,IT,AT,WHOLE,SALEM,0.01,1170.902,3,3,1170.902,0.0,0.0,0.0,0.0,117090.2
1744184,IT,US,POSTT,CATTL,0.02,1170.846,3,3,1170.846,0.0,0.0,0.0,0.0,58542.3
1648297,IT,BE,PUBLI,SEACO,0.02,1170.814,3,3,1170.814,0.0,0.0,0.0,0.0,58540.7
1659064,IT,DE,ELEC4,OFFIC,0.02,1170.629,3,3,1170.629,0.0,0.0,0.0,0.0,58531.45
1787061,IT,ZA,COMPU,RAILW,0.01,1170.596,3,3,1170.596,0.0,0.0,0.0,0.0,117059.6
1762451,IT,IN,FINAN,TEXTI,0.02,1170.139,3,3,1170.139,0.0,0.0,0.0,0.0,58506.95
1750989,IT,CN,WHOLE,CROPS,0.01,1170.117,3,3,1170.117,0.0,0.0,0.0,0.0,117011.7
1681557,IT,GR,BUSIN,TRAN1,0.01,1169.958,3,3,1169.958,0.0,0.0,0.0,0.0,116995.8
1672209,IT,FI,REALE,RAWMI,0.05,1169.692,3,3,1169.692,0.0,0.0,0.0,0.0,23393.84
1767815,IT,RU,INSUR,MEMBE,0.02,1169.588,3,3,1169.588,0.0,0.0,0.0,0.0,58479.4
1643855,IT,AT,INSUR,COMPU,0.02,1169.247,3,3,1169.247,0.0,0.0,0.0,0.0,58462.35
1797212,IT,WL,FINAN,MOTOR,0.02,1169.215,3,3,1169.215,0.0,0.0,0.0,0.0,58460.75
1744938,IT,US,BUSIN,ELEC6,0.01,1169.142,3,3,1169.142,0.0,0.0,0.0,0.0,116914.2
1717300,IT,NL,FINAN,SUGAR,0.02,1168.992,3,3,1168.992,0.0,0.0,0.0,0.0,58449.6
1807665,IT,WF,BUSIN,FISHF,0.01,1168.779,3,3,1168.779,0.0,0.0,0.0,0.0,116877.9
1806683,IT,WF,WHOLE,CHEMI,0.01,1168.697,3,3,1168.697,0.0,0.0,0.0,0.0,116869.7
1688043,IT,HU,COMPU,KEROS,0.01,1168.671,3,3,1168.671,0.0,0.0,0.0,0.0,116867.1
1784922,IT,ID,POSTT,REALE,0.02,1168.62,3,3,1168.62,0.0,0.0,0.0,0.0,58431.0
1762457,IT,IN,FINAN,LIQUE,0.02,1168.557,3,3,1168.557,0.0,0.0,0.0,0.0,58427.85
1779141,IT,TR,POSTT,RAWMI,0.02,1168.433,3,3,1168.433,0.0,0.0,0.0,0.0,58421.65
1647691,IT,BE,INSUR,RAWMI,0.02,1168.293,3,3,1168.293,0.0,0.0,0.0,0.0,58414.65
1759493,IT,BR,AUXIL,MEMBE,0.02,1168.203,3,3,1168.203,0.0,0.0,0.0,0.0,58410.15
1797396,IT,WL,COMPU,KEROS,0.01,1167.751,3,3,1167.751,0.0,0.0,0.0,0.0,116775.1
1716692,IT,NL,WHOLE,ELEC3,0.01,1167.72,3,3,1167.72,0.0,0.0,0.0,0.0,116772.0
1672166,IT,FI,INSUR,RESEA,0.02,1167.653,3,3,1167.653,0.0,0.0,0.0,0.0,58382.65
1765751,IT,RU,PRINT,TRAN1,0.01,1167.606,3,3,1167.606,0.0,0.0,0.0,0.0,116760.6
1654421,IT,CZ,WHOLE,ELEC3,0.01,1167.317,3,3,1167.317,0.0,0.0,0.0,0.0,116731.7
1814443,IT,WM,COMPU,FOOD5,0.01,1167.198,3,3,1167.198,0.0,0.0,0.0,0.0,116719.8
1684010,IT,HR,RETA1,POSTT,0.01,1167.085,3,3,1167.085,0.0,0.0,0.0,0.0,116708.5
1669314,IT,ES,FINAN,SECO9,0.02,1167.004,3,3,1167.004,0.0,0.0,0.0,0.0,58350.2
1765027,IT,MX,INSUR,CHEM1,0.02,1166.894,3,3,1166.894,0.0,0.0,0.0,0.0,58344.7
1681406,IT,GR,REALE,SUPPO,0.05,1166.718,3,3,1166.718,0.0,0.0,0.0,0.0,23334.36
1710568,IT,LT,COMPU,RETA1,0.01,1165.844,3,3,1165.844,0.0,0.0,0.0,0.0,116584.4
1792837,IT,WA,EDUCA,PAPER,0.03,1165.774,3,3,1165.774,0.0,0.0,0.0,0.0,38859.133333
1672495,IT,FI,MEMBE,SUPPO,0.01,1165.491,3,3,1165.491,0.0,0.0,0.0,0.0,116549.1
1640209,IT,AT,FORES,PIGS9,0.01,1164.94,3,3,1164.94,0.0,0.0,0.0,0.0,116494.0
1779171,IT,TR,POSTT,HEAVY,0.02,1164.893,3,3,1164.893,0.0,0.0,0.0,0.0,58244.65
1786998,IT,ZA,INSUR,MOTOR,0.02,1164.86,3,3,1164.86,0.0,0.0,0.0,0.0,58243.0
1740366,IT,GB,EDUCA,RENTI,0.03,1164.608,3,3,1164.608,0.0,0.0,0.0,0.0,38820.266667
1765056,IT,MX,INSUR,RETAI,0.02,1164.575,3,3,1164.575,0.0,0.0,0.0,0.0,58228.75
1764938,IT,MX,POSTT,CRUDE,0.02,1164.404,3,3,1164.404,0.0,0.0,0.0,0.0,58220.2
1734069,IT,SI,INSUR,RAWMI,0.02,1164.291,3,3,1164.291,0.0,0.0,0.0,0.0,58214.55
1721804,IT,PL,AUXIL,RESEA,0.02,1163.719,3,3,1163.719,0.0,0.0,0.0,0.0,58185.95
1784204,IT,ID,PRINT,AUXIL,0.01,1163.637,3,3,1163.637,0.0,0.0,0.0,0.0,116363.7
1751578,IT,CN,POSTT,COPP1,0.02,1163.526,3,3,1163.526,0.0,0.0,0.0,0.0,58176.3
1660883,IT,DE,COMPU,PAPE4,0.01,1163.28,3,3,1163.28,0.0,0.0,0.0,0.0,116328.0
1652799,IT,CZ,PRINT,DAIRY,0.01,1163.228,3,3,1163.228,0.0,0.0,0.0,0.0,116322.8
1669908,IT,ES,PUBLI,PUBLI,0.02,1163.179,3,3,1163.179,0.0,0.0,0.0,0.0,58158.95
1764941,IT,MX,POSTT,FISH5,0.02,1163.135,3,3,1163.135,0.0,0.0,0.0,0.0,58156.75
1767843,IT,RU,AUXIL,MACHI,0.02,1163.129,3,3,1163.129,0.0,0.0,0.0,0.0,58156.45
1724574,IT,PT,FINAN,POULT,0.02,1163.008,3,3,1163.008,0.0,0.0,0.0,0.0,58150.4
1792583,IT,WA,COMPU,WEARI,0.01,1162.985,3,3,1162.985,0.0,0.0,0.0,0.0,116298.5
1802931,IT,WF,PADDY,RETA1,0.01,1162.977,3,3,1162.977,0.0,0.0,0.0,0.0,116297.7
1787144,IT,ZA,PUBLI,WEARI,0.02,1162.772,3,3,1162.772,0.0,0.0,0.0,0.0,58138.6
1713889,IT,MT,ELEC5,NONME,0.01,1162.541,3,3,1162.541,0.0,0.0,0.0,0.0,116254.1
1765023,IT,MX,INSUR,MOTOR,0.02,1162.535,3,3,1162.535,0.0,0.0,0.0,0.0,58126.75
1676113,IT,FR,ELEC8,CONST,0.02,1162.142,3,3,1162.142,0.0,0.0,0.0,0.0,58107.1
1650393,IT,BG,ELEC4,MEATP,0.02,1162.13,3,3,1162.13,0.0,0.0,0.0,0.0,58106.5
1640239,IT,AT,FORES,FOOD2,0.01,1162.105,3,3,1162.105,0.0,0.0,0.0,0.0,116210.5
1783210,IT,NO,BUSIN,GASDI,0.01,1162.093,3,3,1162.093,0.0,0.0,0.0,0.0,116209.3
1783205,IT,NO,BUSIN,MEAT1,0.01,1161.733,3,3,1161.733,0.0,0.0,0.0,0.0,116173.3
1792314,IT,WA,FINAN,ANTHR,0.02,1161.338,3,3,1161.338,0.0,0.0,0.0,0.0,58066.9
1643925,IT,AT,COMPU,MEAT1,0.01,1161.266,3,3,1161.266,0.0,0.0,0.0,0.0,116126.6
1768134,IT,RU,PUBLI,SUGA1,0.02,1161.2,3,3,1161.2,0.0,0.0,0.0,0.0,58060.0
1648322,IT,BE,EDUCA,TRANS,0.03,1161.173,3,3,1161.173,0.0,0.0,0.0,0.0,38705.766667
1709652,IT,LT,PRINT,FINAN,0.01,1161.152,3,3,1161.152,0.0,0.0,0.0,0.0,116115.2
1802877,IT,WE,MEMBE,CROPS,0.01,1161.082,3,3,1161.082,0.0,0.0,0.0,0.0,116108.2
1740609,IT,US,FORES,BUSIN,0.01,1161.055,3,3,1161.055,0.0,0.0,0.0,0.0,116105.5
1664553,IT,EE,WHOLE,RUBBE,0.01,1161.044,3,3,1161.044,0.0,0.0,0.0,0.0,116104.4
1740420,IT,GB,SEWAG,PAPE1,0.01,1161.008,3,3,1161.008,0.0,0.0,0.0,0.0,116100.8
1797339,IT,WL,REALE,BIOGA,0.05,1160.934,3,3,1160.934,0.0,0.0,0.0,0.0,23218.68
1651122,IT,BG,COMPU,RETAI,0.01,1160.858,3,3,1160.858,0.0,0.0,0.0,0.0,116085.8
1788633,IT,WA,PRINT,CERAM,0.01,1160.478,3,3,1160.478,0.0,0.0,0.0,0.0,116047.8
1747331,IT,JP,RETA1,POULT,0.01,1160.314,3,3,1160.314,0.0,0.0,0.0,0.0,116031.4
1792456,IT,WA,AUXIL,MOTO1,0.02,1160.202,3,3,1160.202,0.0,0.0,0.0,0.0,58010.1
1727474,IT,RO,AUXIL,HEAVY,0.02,1160.186,3,3,1160.186,0.0,0.0,0.0,0.0,58009.3
1651083,IT,BG,INSUR,RETAI,0.02,1160.173,3,3,1160.173,0.0,0.0,0.0,0.0,58008.65
1770904,IT,AU,PUBLI,ELEC2,0.02,1160.116,3,3,1160.116,0.0,0.0,0.0,0.0,58005.8
1802610,IT,WE,AUXIL,LANDT,0.02,1159.907,3,3,1159.907,0.0,0.0,0.0,0.0,57995.35
1785006,IT,ID,BUSIN,MEATA,0.01,1159.66,3,3,1159.66,0.0,0.0,0.0,0.0,115966.0
1806785,IT,WF,RETA1,CHEMI,0.01,1159.468,3,3,1159.468,0.0,0.0,0.0,0.0,115946.8
1714262,IT,MT,COMPU,HEALT,0.01,1159.252,3,3,1159.252,0.0,0.0,0.0,0.0,115925.2
1813585,IT,WM,WHOLE,COLLE,0.01,1159.165,3,3,1159.165,0.0,0.0,0.0,0.0,115916.5
1712928,IT,LV,BUSIN,WHOLE,0.01,1159.086,3,3,1159.086,0.0,0.0,0.0,0.0,115908.6
1672514,IT,FR,PADDY,BEVER,0.01,1158.929,3,3,1158.929,0.0,0.0,0.0,0.0,115892.9
1756505,IT,KR,WHOLE,RAWMI,0.01,1158.708,3,3,1158.708,0.0,0.0,0.0,0.0,115870.8
1650673,IT,BG,RETA1,BEVER,0.01,1158.413,3,3,1158.413,0.0,0.0,0.0,0.0,115841.3
1677283,IT,FR,FINAN,CERAM,0.02,1158.262,3,3,1158.262,0.0,0.0,0.0,0.0,57913.1
1802623,IT,WE,REALE,CROPS,0.05,1158.075,3,3,1158.075,0.0,0.0,0.0,0.0,23161.5
1650682,IT,BG,RETA1,LEAD1,0.01,1157.948,3,3,1157.948,0.0,0.0,0.0,0.0,115794.8
1767700,IT,RU,FINAN,TEXTI,0.02,1157.731,3,3,1157.731,0.0,0.0,0.0,0.0,57886.55
1799543,IT,WE,PRINT,NFERT,0.01,1157.1,3,3,1157.1,0.0,0.0,0.0,0.0,115710.0
1759362,IT,BR,FINAN,TRANS,0.02,1157.087,3,3,1157.087,0.0,0.0,0.0,0.0,57854.35
1717488,IT,NL,REALE,PLAST,0.05,1156.898,3,3,1156.898,0.0,0.0,0.0,0.0,23137.96
1712829,IT,LV,POSTT,COMPU,0.02,1156.77,3,3,1156.77,0.0,0.0,0.0,0.0,57838.5
1740596,IT,US,FORES,KEROS,0.01,1156.76,3,3,1156.76,0.0,0.0,0.0,0.0,115676.0
1670161,IT,ES,MEMBE,MOTO1,0.01,1156.558,3,3,1156.558,0.0,0.0,0.0,0.0,115655.8
1762810,IT,IN,PUBLI,KEROS,0.02,1156.453,3,3,1156.453,0.0,0.0,0.0,0.0,57822.65
1774934,IT,CH,INSUR,TRAN2,0.02,1156.071,3,3,1156.071,0.0,0.0,0.0,0.0,57803.55
1762486,IT,IN,FINAN,HEALT,0.02,1155.551,3,3,1155.551,0.0,0.0,0.0,0.0,57777.55
1659088,IT,DE,ELEC5,PLAST,0.01,1155.485,3,3,1155.485,0.0,0.0,0.0,0.0,115548.5
1807756,IT,WF,PUBLI,NFERT,0.02,1155.415,3,3,1155.415,0.0,0.0,0.0,0.0,57770.75
1727615,IT,RO,REALE,PAPE4,0.05,1155.235,3,3,1155.235,0.0,0.0,0.0,0.0,23104.7
1689653,IT,IE,POSTT,BEVER,0.02,1155.083,3,3,1155.083,0.0,0.0,0.0,0.0,57754.15
1660666,IT,DE,REALE,OILHA,0.05,1154.861,3,3,1154.861,0.0,0.0,0.0,0.0,23097.22
1770580,IT,AU,POSTT,RUBBE,0.02,1154.77,3,3,1154.77,0.0,0.0,0.0,0.0,57738.5
1770586,IT,AU,POSTT,OFFIC,0.02,1154.73,3,3,1154.73,0.0,0.0,0.0,0.0,57736.5
1754337,IT,CA,INSUR,RADIO,0.02,1154.678,3,3,1154.678,0.0,0.0,0.0,0.0,57733.9
1661054,IT,DE,PUBLI,PRINT,0.02,1154.667,3,3,1154.667,0.0,0.0,0.0,0.0,57733.35
1710353,IT,LT,RETA1,SEACO,0.01,1154.469,3,3,1154.469,0.0,0.0,0.0,0.0,115446.9
1762666,IT,IN,COMPU,FOOD3,0.01,1154.397,3,3,1154.397,0.0,0.0,0.0,0.0,115439.7
1792408,IT,WA,INSUR,FABRI,0.02,1154.339,3,3,1154.339,0.0,0.0,0.0,0.0,57716.95
1681463,IT,GR,COMPU,FURNI,0.01,1153.893,3,3,1153.893,0.0,0.0,0.0,0.0,115389.3
1770174,IT,AU,RETA1,RAILW,0.01,1153.782,3,3,1153.782,0.0,0.0,0.0,0.0,115378.2
1730069,IT,SE,RETA1,FISH5,0.01,1153.603,3,3,1153.603,0.0,0.0,0.0,0.0,115360.3
1670190,IT,ES,RECRE,KEROS,0.01,1153.235,3,3,1153.235,0.0,0.0,0.0,0.0,115323.5
1661289,IT,DK,FORES,FISH5,0.01,1153.151,3,3,1153.151,0.0,0.0,0.0,0.0,115315.1
1780453,IT,TW,POSTT,FISHF,0.02,1153.129,3,3,1153.129,0.0,0.0,0.0,0.0,57656.45
1762667,IT,IN,COMPU,WASTE,0.01,1152.91,3,3,1152.91,0.0,0.0,0.0,0.0,115291.0
1734101,IT,SI,INSUR,POSTT,0.02,1152.898,3,3,1152.898,0.0,0.0,0.0,0.0,57644.9
1797215,IT,WL,FINAN,CHEM1,0.02,1152.595,3,3,1152.595,0.0,0.0,0.0,0.0,57629.75
1677173,IT,FR,POSTT,NONME,0.02,1152.269,3,3,1152.269,0.0,0.0,0.0,0.0,57613.45
1793100,IT,WA,MEMBE,CHEM1,0.01,1152.265,3,3,1152.265,0.0,0.0,0.0,0.0,115226.5
1803277,IT,WF,FORES,PLAST,0.01,1151.877,3,3,1151.877,0.0,0.0,0.0,0.0,115187.7
1714000,IT,MT,RETA1,MEAT4,0.01,1151.866,3,3,1151.866,0.0,0.0,0.0,0.0,115186.6
1810597,IT,WM,PRINT,NAPHT,0.01,1151.802,3,3,1151.802,0.0,0.0,0.0,0.0,115180.2
1647906,IT,BE,REALE,FURNI,0.05,1151.209,3,3,1151.209,0.0,0.0,0.0,0.0,23024.18
1734333,IT,SI,BUSIN,AIRTR,0.01,1150.958,3,3,1150.958,0.0,0.0,0.0,0.0,115095.8
1734051,IT,SI,FINAN,SUPPO,0.01,1150.839,3,3,1150.839,0.0,0.0,0.0,0.0,115083.9
1768174,IT,RU,PUBLI,SECO9,0.02,1150.647,3,3,1150.647,0.0,0.0,0.0,0.0,57532.35
1781009,IT,TW,BUSIN,ELEC5,0.01,1150.448,3,3,1150.448,0.0,0.0,0.0,0.0,115044.8
1660611,IT,DE,REALE,NONME,0.05,1150.423,3,3,1150.423,0.0,0.0,0.0,0.0,23008.46
1724148,IT,PT,RETA1,SALEM,0.01,1150.071,3,3,1150.071,0.0,0.0,0.0,0.0,115007.1
1785456,IT,ZA,PRINT,GASDI,0.01,1149.99,3,3,1149.99,0.0,0.0,0.0,0.0,114999.0
1669121,IT,ES,POSTT,BITUM,0.02,1149.532,3,3,1149.532,0.0,0.0,0.0,0.0,57476.6
1717392,IT,NL,INSUR,WEARI,0.02,1149.095,3,3,1149.095,0.0,0.0,0.0,0.0,57454.75
1807449,IT,WF,AUXIL,AIRTR,0.02,1148.972,3,3,1148.972,0.0,0.0,0.0,0.0,57448.6
1647939,IT,BE,REALE,WASTE,0.05,1148.884,3,3,1148.884,0.0,0.0,0.0,0.0,22977.68
1680445,IT,GR,ELEC4,CONST,0.02,1148.854,3,3,1148.854,0.0,0.0,0.0,0.0,57442.7
1736233,IT,SK,RETA1,TRAN1,0.01,1148.849,3,3,1148.849,0.0,0.0,0.0,0.0,114884.9
1669464,IT,ES,INSUR,MEMBE,0.02,1148.825,3,3,1148.825,0.0,0.0,0.0,0.0,57441.25
1767646,IT,RU,POSTT,RUBBE,0.02,1148.617,3,3,1148.617,0.0,0.0,0.0,0.0,57430.85
1730064,IT,SE,RETA1,LEADZ,0.01,1148.338,3,3,1148.338,0.0,0.0,0.0,0.0,114833.8
1770828,IT,AU,BUSIN,FORES,0.01,1148.032,3,3,1148.032,0.0,0.0,0.0,0.0,114803.2
1677848,IT,FR,BUSIN,CHEMI,0.01,1147.981,3,3,1147.981,0.0,0.0,0.0,0.0,114798.1
1724752,IT,PT,REALE,BUSIN,0.05,1147.63,3,3,1147.63,0.0,0.0,0.0,0.0,22952.6
1740109,IT,GB,COMPU,HEAVY,0.01,1147.483,3,3,1147.483,0.0,0.0,0.0,0.0,114748.3
1663425,IT,DK,AUXIL,RETA1,0.02,1147.412,3,3,1147.412,0.0,0.0,0.0,0.0,57370.6
1678256,IT,FR,SEWAG,FOOD3,0.01,1147.359,3,3,1147.359,0.0,0.0,0.0,0.0,114735.9
1660573,IT,DE,REALE,VEGET,0.05,1146.98,3,3,1146.98,0.0,0.0,0.0,0.0,22939.6
1711611,IT,LU,AUXIL,REALE,0.02,1146.861,3,3,1146.861,0.0,0.0,0.0,0.0,57343.05
1663673,IT,DK,BUSIN,FOOD1,0.01,1146.587,3,3,1146.587,0.0,0.0,0.0,0.0,114658.7
1660662,IT,DE,REALE,PAPE1,0.05,1146.584,3,3,1146.584,0.0,0.0,0.0,0.0,22931.68
1715342,IT,NL,PRINT,VEGE1,0.01,1146.423,3,3,1146.423,0.0,0.0,0.0,0.0,114642.3
1672126,IT,FI,POSTT,SUPPO,0.02,1146.214,3,3,1146.214,0.0,0.0,0.0,0.0,57310.7
1651048,IT,BG,FINAN,DISTR,0.01,1146.168,3,3,1146.168,0.0,0.0,0.0,0.0,114616.8
1680583,IT,GR,ELE11,MACHI,0.02,1145.689,3,3,1145.689,0.0,0.0,0.0,0.0,57284.45
1756973,IT,KR,COMPU,PFERT,0.01,1145.659,3,3,1145.659,0.0,0.0,0.0,0.0,114565.9
1714159,IT,MT,POSTT,OFFIC,0.02,1145.637,3,3,1145.637,0.0,0.0,0.0,0.0,57281.85
1785005,IT,ID,BUSIN,POULT,0.01,1145.418,3,3,1145.418,0.0,0.0,0.0,0.0,114541.8
1670282,IT,FI,FORES,PAPER,0.01,1145.401,3,3,1145.401,0.0,0.0,0.0,0.0,114540.1
1779242,IT,TR,FINAN,VEGET,0.01,1145.397,3,3,1145.397,0.0,0.0,0.0,0.0,114539.7
1644166,IT,AT,RECRE,RADIO,0.01,1145.291,3,3,1145.291,0.0,0.0,0.0,0.0,114529.1
1780629,IT,TW,INSUR,SUPPO,0.02,1145.29,3,3,1145.29,0.0,0.0,0.0,0.0,57264.5
1727347,IT,RO,POSTT,INLAN,0.02,1145.212,3,3,1145.212,0.0,0.0,0.0,0.0,57260.6
1767702,IT,RU,FINAN,PULP5,0.01,1145.002,3,3,1145.002,0.0,0.0,0.0,0.0,114500.2
1762103,IT,IN,RETA1,RECRE,0.01,1144.732,3,3,1144.732,0.0,0.0,0.0,0.0,114473.2
1802095,IT,WE,RETA1,LIQUE,0.01,1144.469,3,3,1144.469,0.0,0.0,0.0,0.0,114446.9
1730516,IT,SE,FINAN,INTER,0.01,1144.447,3,3,1144.447,0.0,0.0,0.0,0.0,114444.7
1740510,IT,GB,MEMBE,LANDT,0.01,1144.142,3,3,1144.142,0.0,0.0,0.0,0.0,114414.2
1759584,IT,BR,COMPU,COLLE,0.01,1144.041,3,3,1144.041,0.0,0.0,0.0,0.0,114404.1
1788612,IT,WA,PRINT,CATTL,0.01,1144.037,3,3,1144.037,0.0,0.0,0.0,0.0,114403.7
1797207,IT,WL,FINAN,TEXTI,0.01,1143.589,3,3,1143.589,0.0,0.0,0.0,0.0,114358.9
1727613,IT,RO,REALE,WASTE,0.05,1143.514,3,3,1143.514,0.0,0.0,0.0,0.0,22870.28
1647667,IT,BE,FINAN,SALEM,0.01,1143.24,3,3,1143.24,0.0,0.0,0.0,0.0,114324.0
1743498,IT,US,RETA1,FOOD5,0.01,1143.061,3,3,1143.061,0.0,0.0,0.0,0.0,114306.1
1733575,IT,SI,RETA1,RAILW,0.01,1142.87,3,3,1142.87,0.0,0.0,0.0,0.0,114287.0
1717480,IT,NL,REALE,STONE,0.05,1142.811,3,3,1142.811,0.0,0.0,0.0,0.0,22856.22
1759289,IT,BR,POSTT,TRAN1,0.02,1142.682,3,3,1142.682,0.0,0.0,0.0,0.0,57134.1
1793101,IT,WA,MEMBE,OFFIC,0.01,1142.658,3,3,1142.658,0.0,0.0,0.0,0.0,114265.8
1737680,IT,GB,PRINT,SALEM,0.01,1142.63,3,3,1142.63,0.0,0.0,0.0,0.0,114263.0
1752225,IT,CN,EDUCA,PUBLI,0.03,1142.616,3,3,1142.616,0.0,0.0,0.0,0.0,38087.2
1669669,IT,ES,COMPU,LIQUE,0.01,1142.585,3,3,1142.585,0.0,0.0,0.0,0.0,114258.5
1724994,IT,PT,EDUCA,EDUCA,0.03,1142.556,3,3,1142.556,0.0,0.0,0.0,0.0,38085.2
1736593,IT,SK,POSTT,MACHI,0.02,1142.323,3,3,1142.323,0.0,0.0,0.0,0.0,57116.15
1684425,IT,HR,INSUR,WHOLE,0.02,1142.19,3,3,1142.19,0.0,0.0,0.0,0.0,57109.5
1755342,IT,KR,PRINT,TRAN1,0.01,1142.072,3,3,1142.072,0.0,0.0,0.0,0.0,114207.2
1736662,IT,SK,INSUR,WHOLE,0.02,1141.869,3,3,1141.869,0.0,0.0,0.0,0.0,57093.45
1747935,IT,JP,COMPU,93197,0.01,1141.788,3,3,1141.788,0.0,0.0,0.0,0.0,114178.8
1779552,IT,TR,COMPU,TEXTI,0.01,1141.74,3,3,1141.74,0.0,0.0,0.0,0.0,114174.0
1725026,IT,RO,PADDY,FOOD5,0.01,1141.663,3,3,1141.663,0.0,0.0,0.0,0.0,114166.3
1669968,IT,ES,EDUCA,RAILW,0.03,1141.567,3,3,1141.567,0.0,0.0,0.0,0.0,38052.233333
1661899,IT,DK,PRINT,WEARI,0.01,1141.335,3,3,1141.335,0.0,0.0,0.0,0.0,114133.5
1659098,IT,DE,ELEC5,CONST,0.01,1141.237,3,3,1141.237,0.0,0.0,0.0,0.0,114123.7
1807364,IT,WF,FINAN,GASDI,0.01,1141.184,3,3,1141.184,0.0,0.0,0.0,0.0,114118.4
1807300,IT,WF,POSTT,GLASS,0.02,1140.757,3,3,1140.757,0.0,0.0,0.0,0.0,57037.85
1643820,IT,AT,FINAN,ELEC2,0.01,1140.696,3,3,1140.696,0.0,0.0,0.0,0.0,114069.6
1807368,IT,WF,FINAN,CERAM,0.01,1140.686,3,3,1140.686,0.0,0.0,0.0,0.0,114068.6
1676019,IT,FR,ELEC5,RESEA,0.01,1140.643,3,3,1140.643,0.0,0.0,0.0,0.0,114064.3
1711377,IT,LU,RETA1,CEMEN,0.01,1140.535,3,3,1140.535,0.0,0.0,0.0,0.0,114053.5
1714210,IT,MT,INSUR,RECRE,0.02,1140.452,3,3,1140.452,0.0,0.0,0.0,0.0,57022.6
1759467,IT,BR,AUXIL,ELECT,0.02,1139.901,3,3,1139.901,0.0,0.0,0.0,0.0,56995.05
1684416,IT,HR,FINAN,ELEC4,0.01,1139.84,3,3,1139.84,0.0,0.0,0.0,0.0,113984.0
1672162,IT,FI,INSUR,HOTEL,0.02,1139.529,3,3,1139.529,0.0,0.0,0.0,0.0,56976.45
1792854,IT,WA,EDUCA,NONME,0.03,1139.377,3,3,1139.377,0.0,0.0,0.0,0.0,37979.233333
1807304,IT,WF,POSTT,BASIC,0.02,1139.357,3,3,1139.357,0.0,0.0,0.0,0.0,56967.85
1775111,IT,CH,COMPU,PREC1,0.01,1139.288,3,3,1139.288,0.0,0.0,0.0,0.0,113928.8
1681602,IT,GR,PUBLI,BEVER,0.02,1139.268,3,3,1139.268,0.0,0.0,0.0,0.0,56963.4
1807695,IT,WF,BUSIN,RUBBE,0.01,1139.26,3,3,1139.26,0.0,0.0,0.0,0.0,113926.0
1687847,IT,HU,FINAN,COMPU,0.01,1139.168,3,3,1139.168,0.0,0.0,0.0,0.0,113916.8
1740203,IT,GB,BUSIN,COKEO,0.01,1139.016,3,3,1139.016,0.0,0.0,0.0,0.0,113901.6
1756829,IT,KR,POSTT,BEVER,0.02,1138.965,3,3,1138.965,0.0,0.0,0.0,0.0,56948.25
1655125,IT,CZ,BUSIN,VEGE1,0.01,1138.646,3,3,1138.646,0.0,0.0,0.0,0.0,113864.6
1734091,IT,SI,INSUR,STEAM,0.02,1138.601,3,3,1138.601,0.0,0.0,0.0,0.0,56930.05
1744537,IT,US,REALE,MEDIC,0.05,1138.444,3,3,1138.444,0.0,0.0,0.0,0.0,22768.88
1748125,IT,JP,PUBLI,SEACO,0.02,1138.32,3,3,1138.32,0.0,0.0,0.0,0.0,56916.0
1724964,IT,PT,PUBLI,BUSIN,0.02,1138.252,3,3,1138.252,0.0,0.0,0.0,0.0,56912.6
1770900,IT,AU,BUSIN,WASTE,0.01,1138.143,3,3,1138.143,0.0,0.0,0.0,0.0,113814.3
1787164,IT,ZA,PUBLI,MOTO1,0.02,1138.125,3,3,1138.125,0.0,0.0,0.0,0.0,56906.25
1724746,IT,PT,REALE,HOTEL,0.05,1137.638,3,3,1137.638,0.0,0.0,0.0,0.0,22752.76
1656556,IT,DE,PRINT,VEGET,0.01,1137.485,3,3,1137.485,0.0,0.0,0.0,0.0,113748.5
1728688,IT,SE,PRINT,PLAS1,0.01,1137.428,3,3,1137.428,0.0,0.0,0.0,0.0,113742.8
1669454,IT,ES,INSUR,OILHA,0.02,1137.376,3,3,1137.376,0.0,0.0,0.0,0.0,56868.8
1672189,IT,FI,AUXIL,CONST,0.02,1137.365,3,3,1137.365,0.0,0.0,0.0,0.0,56868.25
1792448,IT,WA,AUXIL,MOTOR,0.02,1137.339,3,3,1137.339,0.0,0.0,0.0,0.0,56866.95
1756900,IT,KR,FINAN,MOTO1,0.01,1137.337,3,3,1137.337,0.0,0.0,0.0,0.0,113733.7
1734126,IT,SI,AUXIL,FABRI,0.02,1137.184,3,3,1137.184,0.0,0.0,0.0,0.0,56859.2
1720985,IT,PL,RETA1,WEARI,0.01,1137.125,3,3,1137.125,0.0,0.0,0.0,0.0,113712.5
1689721,IT,IE,FINAN,PRINT,0.01,1136.97,3,3,1136.97,0.0,0.0,0.0,0.0,113697.0
1727557,IT,RO,REALE,LIQUE,0.05,1136.638,3,3,1136.638,0.0,0.0,0.0,0.0,22732.76
1724534,IT,PT,POSTT,MEDIC,0.02,1136.512,3,3,1136.512,0.0,0.0,0.0,0.0,56825.6
1677771,IT,FR,COMPU,NONME,0.01,1136.464,3,3,1136.464,0.0,0.0,0.0,0.0,113646.4
1717749,IT,NL,PUBLI,HOTEL,0.02,1136.392,3,3,1136.392,0.0,0.0,0.0,0.0,56819.6
1672111,IT,FI,POSTT,OFFIC,0.02,1136.105,3,3,1136.105,0.0,0.0,0.0,0.0,56805.25
1717347,IT,NL,FINAN,ELEC6,0.01,1136.018,3,3,1136.018,0.0,0.0,0.0,0.0,113601.8
1684510,IT,HR,BUSIN,CATTL,0.01,1135.843,3,3,1135.843,0.0,0.0,0.0,0.0,113584.3
1736589,IT,SK,POSTT,PRINT,0.02,1135.577,3,3,1135.577,0.0,0.0,0.0,0.0,56778.85
1688085,IT,HU,COMPU,PAPE4,0.01,1135.418,3,3,1135.418,0.0,0.0,0.0,0.0,113541.8
1756943,IT,KR,AUXIL,RETA1,0.02,1135.375,3,3,1135.375,0.0,0.0,0.0,0.0,56768.75
1767715,IT,RU,FINAN,RADIO,0.01,1135.333,3,3,1135.333,0.0,0.0,0.0,0.0,113533.3
1751700,IT,CN,INSUR,PREC1,0.02,1135.262,3,3,1135.262,0.0,0.0,0.0,0.0,56763.1
1775116,IT,CH,COMPU,MEDIC,0.01,1135.12,3,3,1135.12,0.0,0.0,0.0,0.0,113512.0
1722222,IT,PL,EDUCA,MOTO1,0.03,1135.102,3,3,1135.102,0.0,0.0,0.0,0.0,37836.733333
1730555,IT,SE,AUXIL,RESEA,0.02,1134.885,3,3,1134.885,0.0,0.0,0.0,0.0,56744.25
1802099,IT,WE,RETA1,CERAM,0.01,1134.877,3,3,1134.877,0.0,0.0,0.0,0.0,113487.7
1650674,IT,BG,RETA1,TOBAC,0.01,1134.726,3,3,1134.726,0.0,0.0,0.0,0.0,113472.6
1689861,IT,IE,INSUR,INERT,0.02,1134.686,3,3,1134.686,0.0,0.0,0.0,0.0,56734.3
1728635,IT,SE,PRINT,KEROS,0.01,1134.656,3,3,1134.656,0.0,0.0,0.0,0.0,113465.6
1767794,IT,RU,INSUR,RETA1,0.02,1134.482,3,3,1134.482,0.0,0.0,0.0,0.0,56724.1
1717759,IT,NL,PUBLI,FOOD2,0.02,1134.455,3,3,1134.455,0.0,0.0,0.0,0.0,56722.75
1721850,IT,PL,REALE,DIST1,0.05,1134.418,3,3,1134.418,0.0,0.0,0.0,0.0,22688.36
1680464,IT,GR,ELEC5,MOTOR,0.01,1134.389,3,3,1134.389,0.0,0.0,0.0,0.0,113438.9
1681523,IT,GR,BUSIN,REFIN,0.01,1134.353,3,3,1134.353,0.0,0.0,0.0,0.0,113435.3
1802092,IT,WE,RETA1,KEROS,0.01,1133.905,3,3,1133.905,0.0,0.0,0.0,0.0,113390.5
1724572,IT,PT,FINAN,CATTL,0.01,1133.866,3,3,1133.866,0.0,0.0,0.0,0.0,113386.6
1748272,IT,JP,MEMBE,OFFIC,0.01,1133.838,3,3,1133.838,0.0,0.0,0.0,0.0,113383.8
1650458,IT,BG,ELEC5,TEXTI,0.01,1133.813,3,3,1133.813,0.0,0.0,0.0,0.0,113381.3
1747765,IT,JP,AUXIL,NONME,0.02,1133.639,3,3,1133.639,0.0,0.0,0.0,0.0,56681.95
1721697,IT,PL,FINAN,COLLE,0.01,1132.922,3,3,1132.922,0.0,0.0,0.0,0.0,113292.2
1807287,IT,WF,POSTT,TEXTI,0.02,1132.781,3,3,1132.781,0.0,0.0,0.0,0.0,56639.05
1774841,IT,CH,POSTT,PAPE1,0.02,1132.365,3,3,1132.365,0.0,0.0,0.0,0.0,56618.25
1787058,IT,ZA,COMPU,CONST,0.01,1132.294,3,3,1132.294,0.0,0.0,0.0,0.0,113229.4
1802629,IT,WE,REALE,SALEM,0.05,1132.286,3,3,1132.286,0.0,0.0,0.0,0.0,22645.72
1660238,IT,DE,POSTT,GASDI,0.02,1132.071,3,3,1132.071,0.0,0.0,0.0,0.0,56603.55
1744326,IT,US,FINAN,ELEC3,0.01,1131.885,3,3,1131.885,0.0,0.0,0.0,0.0,113188.5
1760776,IT,IN,PRINT,ELEC3,0.01,1131.737,3,3,1131.737,0.0,0.0,0.0,0.0,113173.7
1754493,IT,CA,BUSIN,KERO1,0.01,1131.164,3,3,1131.164,0.0,0.0,0.0,0.0,113116.4
1759393,IT,BR,INSUR,POULT,0.02,1131.076,3,3,1131.076,0.0,0.0,0.0,0.0,56553.8
1727370,IT,RO,POSTT,TEXT2,0.02,1130.79,3,3,1130.79,0.0,0.0,0.0,0.0,56539.5
1670151,IT,ES,MEMBE,PRINT,0.01,1130.495,3,3,1130.495,0.0,0.0,0.0,0.0,113049.5
1772040,IT,CH,PRINT,PREC1,0.01,1130.212,3,3,1130.212,0.0,0.0,0.0,0.0,113021.2
1669958,IT,ES,EDUCA,ELEC5,0.03,1129.918,3,3,1129.918,0.0,0.0,0.0,0.0,37663.933333
1730091,IT,SE,RETA1,RETAI,0.01,1129.887,3,3,1129.887,0.0,0.0,0.0,0.0,112988.7
1687785,IT,HU,POSTT,DAIRY,0.02,1129.851,3,3,1129.851,0.0,0.0,0.0,0.0,56492.55
1792380,IT,WA,INSUR,CATTL,0.02,1129.729,3,3,1129.729,0.0,0.0,0.0,0.0,56486.45
1665834,IT,ES,PRINT,LUBRI,0.01,1129.677,3,3,1129.677,0.0,0.0,0.0,0.0,112967.7
1709650,IT,LT,PRINT,SUPPO,0.01,1129.407,3,3,1129.407,0.0,0.0,0.0,0.0,112940.7
1663391,IT,DK,POSTT,LANDT,0.02,1129.312,3,3,1129.312,0.0,0.0,0.0,0.0,56465.6
1689699,IT,IE,FINAN,CEREA,0.01,1129.123,3,3,1129.123,0.0,0.0,0.0,0.0,112912.3
1689939,IT,IE,REALE,CROPS,0.05,1128.953,3,3,1128.953,0.0,0.0,0.0,0.0,22579.06
1776382,IT,TR,PRINT,ALUM1,0.01,1128.941,3,3,1128.941,0.0,0.0,0.0,0.0,112894.1
1730074,IT,SE,RETA1,MOTOR,0.01,1128.861,3,3,1128.861,0.0,0.0,0.0,0.0,112886.1
1689346,IT,IE,RETA1,LEAD1,0.01,1128.525,3,3,1128.525,0.0,0.0,0.0,0.0,112852.5
1767647,IT,RU,POSTT,NONF1,0.02,1128.511,3,3,1128.511,0.0,0.0,0.0,0.0,56425.55
1724565,IT,PT,POSTT,FOOD4,0.02,1128.445,3,3,1128.445,0.0,0.0,0.0,0.0,56422.25
1677785,IT,FR,COMPU,ELEC8,0.01,1128.38,3,3,1128.38,0.0,0.0,0.0,0.0,112838.0
1740352,IT,GB,EDUCA,RUBBE,0.03,1128.34,3,3,1128.34,0.0,0.0,0.0,0.0,37611.333333
1807411,IT,WF,INSUR,CATTL,0.02,1128.026,3,3,1128.026,0.0,0.0,0.0,0.0,56401.3
1765163,IT,MX,BUSIN,NONME,0.01,1127.973,3,3,1127.973,0.0,0.0,0.0,0.0,112797.3
1765210,IT,MX,BUSIN,FOOD4,0.01,1127.954,3,3,1127.954,0.0,0.0,0.0,0.0,112795.4
1747909,IT,JP,COMPU,ELEC3,0.01,1127.85,3,3,1127.85,0.0,0.0,0.0,0.0,112785.0
1672499,IT,FI,MEMBE,RECRE,0.01,1127.793,3,3,1127.793,0.0,0.0,0.0,0.0,112779.3
1669655,IT,ES,COMPU,SANDC,0.01,1127.792,3,3,1127.792,0.0,0.0,0.0,0.0,112779.2
1722854,IT,PT,PRINT,GLASS,0.01,1127.772,3,3,1127.772,0.0,0.0,0.0,0.0,112777.2
1791527,IT,WA,RETA1,PULP5,0.01,1127.555,3,3,1127.555,0.0,0.0,0.0,0.0,112755.5
1676132,IT,FR,ELE11,CRUDE,0.02,1127.201,3,3,1127.201,0.0,0.0,0.0,0.0,56360.05
1714322,IT,MT,EDUCA,RENTI,0.03,1126.566,3,3,1126.566,0.0,0.0,0.0,0.0,37552.2
1770573,IT,AU,POSTT,CRUDE,0.02,1126.48,3,3,1126.48,0.0,0.0,0.0,0.0,56324.0
1775366,IT,CH,PUBLI,BEVER,0.02,1126.459,3,3,1126.459,0.0,0.0,0.0,0.0,56322.95
1659094,IT,DE,ELEC5,MACHI,0.01,1126.082,3,3,1126.082,0.0,0.0,0.0,0.0,112608.2
1768218,IT,RU,EDUCA,MOTO1,0.03,1126.004,3,3,1126.004,0.0,0.0,0.0,0.0,37533.466667
1760756,IT,IN,PRINT,HEAVY,0.01,1125.835,3,3,1125.835,0.0,0.0,0.0,0.0,112583.5
1728631,IT,SE,PRINT,PULP5,0.01,1125.422,3,3,1125.422,0.0,0.0,0.0,0.0,112542.2
1762648,IT,IN,COMPU,SALEM,0.01,1125.401,3,3,1125.401,0.0,0.0,0.0,0.0,112540.1
1669923,IT,ES,EDUCA,WEARI,0.03,1125.296,3,3,1125.296,0.0,0.0,0.0,0.0,37509.866667
1799542,IT,WE,PRINT,LIQUE,0.01,1125.062,3,3,1125.062,0.0,0.0,0.0,0.0,112506.2
1650693,IT,BG,RETA1,AUXIL,0.01,1124.987,3,3,1124.987,0.0,0.0,0.0,0.0,112498.7
1783240,IT,NO,BUSIN,FOODW,0.01,1124.954,3,3,1124.954,0.0,0.0,0.0,0.0,112495.4
1670148,IT,ES,MEMBE,FORES,0.01,1124.944,3,3,1124.944,0.0,0.0,0.0,0.0,112494.4
1746055,IT,JP,PRINT,VEGET,0.01,1124.524,3,3,1124.524,0.0,0.0,0.0,0.0,112452.4
1663384,IT,DK,POSTT,FURNI,0.02,1124.241,3,3,1124.241,0.0,0.0,0.0,0.0,56212.05
1728648,IT,SE,PRINT,FOUND,0.01,1124.182,3,3,1124.182,0.0,0.0,0.0,0.0,112418.2
1714157,IT,MT,POSTT,FOOD5,0.02,1124.144,3,3,1124.144,0.0,0.0,0.0,0.0,56207.2
1779713,IT,TR,BUSIN,LEADZ,0.01,1124.118,3,3,1124.118,0.0,0.0,0.0,0.0,112411.8
1675993,IT,FR,ELEC5,KEROS,0.01,1124.031,3,3,1124.031,0.0,0.0,0.0,0.0,112403.1
1709645,IT,LT,PRINT,DISTR,0.01,1123.715,3,3,1123.715,0.0,0.0,0.0,0.0,112371.5
1730442,IT,SE,POSTT,ELEC7,0.02,1123.269,3,3,1123.269,0.0,0.0,0.0,0.0,56163.45
1669911,IT,ES,PUBLI,MEMBE,0.02,1123.183,3,3,1123.183,0.0,0.0,0.0,0.0,56159.15
1660213,IT,DE,POSTT,POULT,0.02,1122.664,3,3,1122.664,0.0,0.0,0.0,0.0,56133.2
1734129,IT,SI,AUXIL,ELEC8,0.02,1122.14,3,3,1122.14,0.0,0.0,0.0,0.0,56107.0
1672203,IT,FI,AUXIL,OILHA,0.02,1121.972,3,3,1121.972,0.0,0.0,0.0,0.0,56098.6
1649154,IT,BG,PRINT,COPPE,0.01,1121.852,3,3,1121.852,0.0,0.0,0.0,0.0,112185.2
1797408,IT,WL,COMPU,NONF1,0.01,1121.751,3,3,1121.751,0.0,0.0,0.0,0.0,112175.1
1672178,IT,FI,AUXIL,LEATH,0.02,1121.465,3,3,1121.465,0.0,0.0,0.0,0.0,56073.25
1775588,IT,CH,RECRE,MEDIC,0.01,1121.374,3,3,1121.374,0.0,0.0,0.0,0.0,112137.4
1672142,IT,FI,FINAN,FABRI,0.01,1121.049,3,3,1121.049,0.0,0.0,0.0,0.0,112104.9
1736753,IT,SK,REALE,MEMBE,0.05,1120.994,3,3,1120.994,0.0,0.0,0.0,0.0,22419.88
1792381,IT,WA,INSUR,PIGS9,0.02,1120.903,3,3,1120.903,0.0,0.0,0.0,0.0,56045.15
1646981,IT,BE,RETA1,MEAT1,0.01,1120.902,3,3,1120.902,0.0,0.0,0.0,0.0,112090.2
1749314,IT,CN,PRINT,BEVER,0.01,1120.888,3,3,1120.888,0.0,0.0,0.0,0.0,112088.8
1767839,IT,RU,AUXIL,BASIC,0.02,1120.813,3,3,1120.813,0.0,0.0,0.0,0.0,56040.65
1765081,IT,MX,AUXIL,FOUND,0.02,1120.686,3,3,1120.686,0.0,0.0,0.0,0.0,56034.3
1773854,IT,CH,ELEC5,REALE,0.01,1120.526,3,3,1120.526,0.0,0.0,0.0,0.0,112052.6
1747761,IT,JP,AUXIL,GASDI,0.02,1120.512,3,3,1120.512,0.0,0.0,0.0,0.0,56025.6
1651923,IT,CY,BUSIN,CROPS,0.01,1120.494,3,3,1120.494,0.0,0.0,0.0,0.0,112049.4
1779257,IT,TR,FINAN,MOTOR,0.01,1120.487,3,3,1120.487,0.0,0.0,0.0,0.0,112048.7
1792813,IT,WA,EDUCA,PLANT,0.03,1120.245,3,3,1120.245,0.0,0.0,0.0,0.0,37341.5
1802551,IT,WE,FINAN,LEATH,0.01,1120.069,3,3,1120.069,0.0,0.0,0.0,0.0,112006.9
1762407,IT,IN,POSTT,SECO9,0.02,1120.057,3,3,1120.057,0.0,0.0,0.0,0.0,56002.85
1762442,IT,IN,POSTT,FOOD3,0.02,1120.057,3,3,1120.057,0.0,0.0,0.0,0.0,56002.85
1762443,IT,IN,POSTT,WASTE,0.02,1120.057,3,3,1120.057,0.0,0.0,0.0,0.0,56002.85
1773809,IT,CH,ELEC4,RUBBE,0.02,1119.965,3,3,1119.965,0.0,0.0,0.0,0.0,55998.25
1641190,IT,AT,PRINT,ELEC5,0.01,1119.955,3,3,1119.955,0.0,0.0,0.0,0.0,111995.5
1744365,IT,US,INSUR,DAIRY,0.02,1119.858,3,3,1119.858,0.0,0.0,0.0,0.0,55992.9
1744214,IT,US,POSTT,LUBRI,0.02,1119.774,3,3,1119.774,0.0,0.0,0.0,0.0,55988.7
1802597,IT,WE,INSUR,TEXTI,0.02,1119.762,3,3,1119.762,0.0,0.0,0.0,0.0,55988.1
1660208,IT,DE,POSTT,WHEAT,0.02,1119.332,3,3,1119.332,0.0,0.0,0.0,0.0,55966.6
1654957,IT,CZ,INSUR,ELEC1,0.02,1119.176,3,3,1119.176,0.0,0.0,0.0,0.0,55958.8
1752193,IT,CN,PUBLI,RADIO,0.02,1119.077,3,3,1119.077,0.0,0.0,0.0,0.0,55953.85
1655243,IT,CZ,RECRE,CONST,0.01,1118.889,3,3,1118.889,0.0,0.0,0.0,0.0,111888.9
1718928,IT,PL,PRINT,FOUND,0.01,1118.765,3,3,1118.765,0.0,0.0,0.0,0.0,111876.5
1709639,IT,LT,PRINT,PULP5,0.01,1118.654,3,3,1118.654,0.0,0.0,0.0,0.0,111865.4
1779585,IT,TR,COMPU,ELEC6,0.01,1118.607,3,3,1118.607,0.0,0.0,0.0,0.0,111860.7
1757041,IT,KR,BUSIN,LIQUI,0.01,1117.374,3,3,1117.374,0.0,0.0,0.0,0.0,111737.4
1792574,IT,WA,COMPU,FISHF,0.01,1117.341,3,3,1117.341,0.0,0.0,0.0,0.0,111734.1
1744536,IT,US,REALE,RADIO,0.05,1116.861,3,3,1116.861,0.0,0.0,0.0,0.0,22337.22
1659083,IT,DE,ELEC4,RECRE,0.02,1116.561,3,3,1116.561,0.0,0.0,0.0,0.0,55828.05
1720999,IT,PL,RETA1,RENTI,0.01,1116.542,3,3,1116.542,0.0,0.0,0.0,0.0,111654.2
1677989,IT,FR,PUBLI,SUPPO,0.02,1116.212,3,3,1116.212,0.0,0.0,0.0,0.0,55810.6
1767728,IT,RU,FINAN,RETAI,0.01,1116.014,3,3,1116.014,0.0,0.0,0.0,0.0,111601.4
1644105,IT,AT,PUBLI,FURNI,0.02,1115.87,3,3,1115.87,0.0,0.0,0.0,0.0,55793.5
1792268,IT,WA,POSTT,TRANS,0.02,1115.854,3,3,1115.854,0.0,0.0,0.0,0.0,55792.7
1770659,IT,AU,FINAN,MEMBE,0.01,1115.804,3,3,1115.804,0.0,0.0,0.0,0.0,111580.4
1754525,IT,CA,BUSIN,ELEC1,0.01,1115.671,3,3,1115.671,0.0,0.0,0.0,0.0,111567.1
1647721,IT,BE,INSUR,PREC1,0.02,1115.527,3,3,1115.527,0.0,0.0,0.0,0.0,55776.35
1779711,IT,TR,BUSIN,ALUMI,0.01,1115.448,3,3,1115.448,0.0,0.0,0.0,0.0,111544.8
1814328,IT,WM,FINAN,GLASS,0.01,1115.256,3,3,1115.256,0.0,0.0,0.0,0.0,111525.6
1681312,IT,GR,INSUR,REFIN,0.02,1115.245,3,3,1115.245,0.0,0.0,0.0,0.0,55762.25
1754347,IT,CA,INSUR,COLLE,0.02,1115.215,3,3,1115.215,0.0,0.0,0.0,0.0,55760.75
1730697,IT,SE,COMPU,FURNI,0.01,1115.198,3,3,1115.198,0.0,0.0,0.0,0.0,111519.8
1754231,IT,CA,POSTT,GLASS,0.02,1114.917,3,3,1114.917,0.0,0.0,0.0,0.0,55745.85
1680585,IT,GR,ELE11,TRAN1,0.02,1114.781,3,3,1114.781,0.0,0.0,0.0,0.0,55739.05
1680476,IT,GR,ELEC5,DIST1,0.01,1114.431,3,3,1114.431,0.0,0.0,0.0,0.0,111443.1
1762092,IT,IN,RETA1,SUPPO,0.01,1114.302,3,3,1114.302,0.0,0.0,0.0,0.0,111430.2
1736838,IT,SK,BUSIN,SANDC,0.01,1114.221,3,3,1114.221,0.0,0.0,0.0,0.0,111422.1
1717695,IT,NL,BUSIN,BLAST,0.01,1114.166,3,3,1114.166,0.0,0.0,0.0,0.0,111416.6
1792220,IT,WA,POSTT,SANDC,0.02,1114.146,3,3,1114.146,0.0,0.0,0.0,0.0,55707.3
1770908,IT,AU,EDUCA,EDUCA,0.03,1114.043,3,3,1114.043,0.0,0.0,0.0,0.0,37134.766667
1802880,IT,WE,MEMBE,PAPER,0.01,1113.967,3,3,1113.967,0.0,0.0,0.0,0.0,111396.7
1765746,IT,RU,PRINT,TRANS,0.01,1113.942,3,3,1113.942,0.0,0.0,0.0,0.0,111394.2
1752198,IT,CN,PUBLI,DIST1,0.02,1113.765,3,3,1113.765,0.0,0.0,0.0,0.0,55688.25
1759425,IT,BR,INSUR,RETAI,0.02,1113.287,3,3,1113.287,0.0,0.0,0.0,0.0,55664.35
1712863,IT,LV,REALE,STONE,0.05,1113.096,3,3,1113.096,0.0,0.0,0.0,0.0,22261.92
1756910,IT,KR,FINAN,EDUCA,0.01,1112.716,3,3,1112.716,0.0,0.0,0.0,0.0,111271.6
1756897,IT,KR,FINAN,FABRI,0.01,1112.694,3,3,1112.694,0.0,0.0,0.0,0.0,111269.4
1753863,IT,CA,RETA1,TEXTI,0.01,1112.541,3,3,1112.541,0.0,0.0,0.0,0.0,111254.1
1721679,IT,PL,FINAN,CHEM1,0.01,1112.348,3,3,1112.348,0.0,0.0,0.0,0.0,111234.8
1713891,IT,MT,ELEC5,MOTO1,0.01,1112.124,3,3,1112.124,0.0,0.0,0.0,0.0,111212.4
1681492,IT,GR,BUSIN,WHEAT,0.01,1112.115,3,3,1112.115,0.0,0.0,0.0,0.0,111211.5
1680550,IT,GR,ELEC8,RUBBE,0.01,1111.971,3,3,1111.971,0.0,0.0,0.0,0.0,111197.1
1659151,IT,DE,ELE11,GASDI,0.02,1111.953,3,3,1111.953,0.0,0.0,0.0,0.0,55597.65
1770601,IT,AU,POSTT,SEACO,0.02,1111.856,3,3,1111.856,0.0,0.0,0.0,0.0,55592.8
1678017,IT,FR,EDUCA,PULP5,0.03,1111.442,3,3,1111.442,0.0,0.0,0.0,0.0,37048.066667
1734272,IT,SI,COMPU,COMPU,0.01,1110.916,3,3,1110.916,0.0,0.0,0.0,0.0,111091.6
1651890,IT,CY,POSTT,PUBLI,0.02,1110.895,3,3,1110.895,0.0,0.0,0.0,0.0,55544.75
1659076,IT,DE,ELEC4,SUPPO,0.02,1110.704,3,3,1110.704,0.0,0.0,0.0,0.0,55535.2
1814896,IT,WM,PRIVA,SANDC,0.25,1110.405,3,3,1110.405,0.0,0.0,0.0,0.0,4441.62
1775364,IT,CH,PUBLI,PROCE,0.02,1110.169,3,3,1110.169,0.0,0.0,0.0,0.0,55508.45
1715402,IT,NL,PRINT,INERT,0.01,1110.012,3,3,1110.012,0.0,0.0,0.0,0.0,111001.2
1770140,IT,AU,RETA1,FISHF,0.01,1109.99,3,3,1109.99,0.0,0.0,0.0,0.0,110999.0
1765741,IT,RU,PRINT,MACHI,0.01,1109.735,3,3,1109.735,0.0,0.0,0.0,0.0,110973.5
1747678,IT,JP,POSTT,ELEC8,0.02,1109.551,3,3,1109.551,0.0,0.0,0.0,0.0,55477.55
1756937,IT,KR,AUXIL,MACHI,0.02,1109.521,3,3,1109.521,0.0,0.0,0.0,0.0,55476.05
1782751,IT,NO,RETA1,MEMBE,0.01,1109.435,3,3,1109.435,0.0,0.0,0.0,0.0,110943.5
1734106,IT,SI,INSUR,COMPU,0.02,1109.313,3,3,1109.313,0.0,0.0,0.0,0.0,55465.65
1647018,IT,BE,RETA1,ELEC5,0.01,1109.302,3,3,1109.302,0.0,0.0,0.0,0.0,110930.2
1722207,IT,PL,PUBLI,POSTT,0.02,1109.279,3,3,1109.279,0.0,0.0,0.0,0.0,55463.95
1714350,IT,MT,MEMBE,COMPU,0.01,1108.883,3,3,1108.883,0.0,0.0,0.0,0.0,110888.3
1641163,IT,AT,PRINT,MOTOR,0.01,1108.741,3,3,1108.741,0.0,0.0,0.0,0.0,110874.1
1643821,IT,AT,FINAN,ELEC4,0.01,1108.642,3,3,1108.642,0.0,0.0,0.0,0.0,110864.2
1756925,IT,KR,INSUR,WHOLE,0.02,1108.64,3,3,1108.64,0.0,0.0,0.0,0.0,55432.0
1806821,IT,WF,RETA1,LEAD1,0.01,1108.343,3,3,1108.343,0.0,0.0,0.0,0.0,110834.3
1731035,IT,SE,RECRE,HOTEL,0.01,1107.528,3,3,1107.528,0.0,0.0,0.0,0.0,110752.8
1687833,IT,HU,FINAN,FABRI,0.01,1107.52,3,3,1107.52,0.0,0.0,0.0,0.0,110752.0
1786955,IT,ZA,POSTT,RAILW,0.02,1107.49,3,3,1107.49,0.0,0.0,0.0,0.0,55374.5
1807299,IT,WF,POSTT,CHEM1,0.02,1107.49,3,3,1107.49,0.0,0.0,0.0,0.0,55374.5
1678479,IT,FR,RECRE,RAILW,0.01,1107.37,3,3,1107.37,0.0,0.0,0.0,0.0,110737.0
1684410,IT,HR,FINAN,WOODW,0.01,1107.214,3,3,1107.214,0.0,0.0,0.0,0.0,110721.4
1647615,IT,BE,POSTT,TRAN2,0.02,1107.103,3,3,1107.103,0.0,0.0,0.0,0.0,55355.15
1802106,IT,WE,RETA1,FOUND,0.01,1106.937,3,3,1106.937,0.0,0.0,0.0,0.0,110693.7
1776378,IT,TR,PRINT,GLASS,0.01,1106.747,3,3,1106.747,0.0,0.0,0.0,0.0,110674.7
1762102,IT,IN,RETA1,MEMBE,0.01,1106.684,3,3,1106.684,0.0,0.0,0.0,0.0,110668.4
1661080,IT,DE,PUBLI,BIOG1,0.02,1106.424,3,3,1106.424,0.0,0.0,0.0,0.0,55321.2
1670787,IT,FI,PRINT,ELEC5,0.01,1106.305,3,3,1106.305,0.0,0.0,0.0,0.0,110630.5
1748086,IT,JP,BUSIN,INLAN,0.01,1106.268,3,3,1106.268,0.0,0.0,0.0,0.0,110626.8
1748005,IT,JP,BUSIN,MEATP,0.01,1106.231,3,3,1106.231,0.0,0.0,0.0,0.0,110623.1
1785458,IT,ZA,PRINT,MOTO1,0.01,1106.048,3,3,1106.048,0.0,0.0,0.0,0.0,110604.8
1669875,IT,ES,PUBLI,NUCLE,0.02,1105.932,3,3,1105.932,0.0,0.0,0.0,0.0,55296.6
1722263,IT,PL,RECRE,RENTI,0.01,1105.649,3,3,1105.649,0.0,0.0,0.0,0.0,110564.9
1734158,IT,SI,REALE,POULT,0.05,1105.649,3,3,1105.649,0.0,0.0,0.0,0.0,22112.98
1792423,IT,WA,INSUR,BUSIN,0.02,1105.557,3,3,1105.557,0.0,0.0,0.0,0.0,55277.85
1672496,IT,FI,MEMBE,POSTT,0.01,1105.514,3,3,1105.514,0.0,0.0,0.0,0.0,110551.4
1727542,IT,RO,REALE,MEATP,0.05,1105.32,3,3,1105.32,0.0,0.0,0.0,0.0,22106.4
1650680,IT,BG,RETA1,CERAM,0.01,1105.292,3,3,1105.292,0.0,0.0,0.0,0.0,110529.2
1725759,IT,RO,PRINT,PLAST,0.01,1105.143,3,3,1105.143,0.0,0.0,0.0,0.0,110514.3
1660799,IT,DE,COMPU,BITU1,0.01,1104.932,3,3,1104.932,0.0,0.0,0.0,0.0,110493.2
1814950,IT,WM,PRIVA,MEDIC,0.25,1104.922,3,3,1104.922,0.0,0.0,0.0,0.0,4419.688
1722202,IT,PL,PUBLI,CONST,0.02,1104.696,3,3,1104.696,0.0,0.0,0.0,0.0,55234.8
1724687,IT,PT,INSUR,RETAI,0.02,1104.501,3,3,1104.501,0.0,0.0,0.0,0.0,55225.05
1716748,IT,NL,RETA1,WOODW,0.01,1104.368,3,3,1104.368,0.0,0.0,0.0,0.0,110436.8
1669486,IT,ES,AUXIL,CERAM,0.02,1104.245,3,3,1104.245,0.0,0.0,0.0,0.0,55212.25
1807385,IT,WF,FINAN,RETAI,0.01,1104.06,3,3,1104.06,0.0,0.0,0.0,0.0,110406.0
1760775,IT,IN,PRINT,ELEC2,0.01,1104.048,3,3,1104.048,0.0,0.0,0.0,0.0,110404.8
1687289,IT,HU,RETA1,WHEAT,0.01,1103.861,3,3,1103.861,0.0,0.0,0.0,0.0,110386.1
1643927,IT,AT,COMPU,SUGA1,0.01,1103.806,3,3,1103.806,0.0,0.0,0.0,0.0,110380.6
1711623,IT,LU,REALE,HOTEL,0.05,1103.679,3,3,1103.679,0.0,0.0,0.0,0.0,22073.58
1786986,IT,ZA,INSUR,PRECI,0.02,1103.586,3,3,1103.586,0.0,0.0,0.0,0.0,55179.3
1762064,IT,IN,RETA1,MOTOR,0.01,1103.153,3,3,1103.153,0.0,0.0,0.0,0.0,110315.3
1661100,IT,DE,PUBLI,INTER,0.02,1102.976,3,3,1102.976,0.0,0.0,0.0,0.0,55148.8
1734130,IT,SI,AUXIL,DIST1,0.02,1102.222,3,3,1102.222,0.0,0.0,0.0,0.0,55111.1
1711814,IT,LU,PUBLI,MEMBE,0.02,1102.189,3,3,1102.189,0.0,0.0,0.0,0.0,55109.45
1798050,IT,WL,MEMBE,CHARC,0.01,1102.178,3,3,1102.178,0.0,0.0,0.0,0.0,110217.8
1759472,IT,BR,AUXIL,ELEC4,0.02,1102.119,3,3,1102.119,0.0,0.0,0.0,0.0,55105.95
1660457,IT,DE,INSUR,MEATP,0.02,1101.516,3,3,1101.516,0.0,0.0,0.0,0.0,55075.8
1792604,IT,WA,COMPU,RETAI,0.01,1101.215,3,3,1101.215,0.0,0.0,0.0,0.0,110121.5
1724606,IT,PT,FINAN,RADIO,0.01,1101.205,3,3,1101.205,0.0,0.0,0.0,0.0,110120.5
1756827,IT,KR,POSTT,VEGET,0.02,1101.073,3,3,1101.073,0.0,0.0,0.0,0.0,55053.65
1684013,IT,HR,RETA1,EDUCA,0.01,1100.693,3,3,1100.693,0.0,0.0,0.0,0.0,110069.3
1643964,IT,AT,COMPU,SECO9,0.01,1100.481,3,3,1100.481,0.0,0.0,0.0,0.0,110048.1
1711724,IT,LU,BUSIN,ELEC7,0.01,1100.451,3,3,1100.451,0.0,0.0,0.0,0.0,110045.1
1651903,IT,CY,INSUR,TRAN1,0.02,1100.343,3,3,1100.343,0.0,0.0,0.0,0.0,55017.15
1655141,IT,CZ,BUSIN,NAPHT,0.01,1100.279,3,3,1100.279,0.0,0.0,0.0,0.0,110027.9
1753855,IT,CA,RETA1,COKIN,0.01,1100.185,3,3,1100.185,0.0,0.0,0.0,0.0,110018.5
1747379,IT,JP,RETA1,REALE,0.01,1099.607,3,3,1099.607,0.0,0.0,0.0,0.0,109960.7
1677167,IT,FR,POSTT,BIODI,0.02,1099.45,3,3,1099.45,0.0,0.0,0.0,0.0,54972.5
1787106,IT,ZA,BUSIN,ELEC3,0.01,1099.281,3,3,1099.281,0.0,0.0,0.0,0.0,109928.1
1770570,IT,AU,POSTT,VEGET,0.02,1099.252,3,3,1099.252,0.0,0.0,0.0,0.0,54962.6
1736248,IT,SK,RETA1,FOOD4,0.01,1099.223,3,3,1099.223,0.0,0.0,0.0,0.0,109922.3
1677756,IT,FR,COMPU,LEATH,0.01,1099.221,3,3,1099.221,0.0,0.0,0.0,0.0,109922.1
1687911,IT,HU,REALE,AIRTR,0.05,1099.157,3,3,1099.157,0.0,0.0,0.0,0.0,21983.14
1773846,IT,CH,ELEC5,MACHI,0.01,1099.091,3,3,1099.091,0.0,0.0,0.0,0.0,109909.1
1784936,IT,ID,INSUR,SUGAR,0.02,1098.993,3,3,1098.993,0.0,0.0,0.0,0.0,54949.65
1660554,IT,DE,AUXIL,PRINT,0.02,1098.823,3,3,1098.823,0.0,0.0,0.0,0.0,54941.15
1778527,IT,TR,RETA1,PAPER,0.01,1098.794,3,3,1098.794,0.0,0.0,0.0,0.0,109879.4
1688108,IT,HU,BUSIN,FISHF,0.01,1098.768,3,3,1098.768,0.0,0.0,0.0,0.0,109876.8
1660237,IT,DE,POSTT,MOTOR,0.02,1098.416,3,3,1098.416,0.0,0.0,0.0,0.0,54920.8
1741348,IT,US,PRINT,RAWMI,0.01,1098.238,3,3,1098.238,0.0,0.0,0.0,0.0,109823.8
1747353,IT,JP,RETA1,COPP1,0.01,1098.183,3,3,1098.183,0.0,0.0,0.0,0.0,109818.3
1782989,IT,NO,POSTT,PRINT,0.02,1098.132,3,3,1098.132,0.0,0.0,0.0,0.0,54906.6
1677818,IT,FR,COMPU,FOOD2,0.01,1098.104,3,3,1098.104,0.0,0.0,0.0,0.0,109810.4
1786993,IT,ZA,INSUR,TEXTI,0.02,1097.978,3,3,1097.978,0.0,0.0,0.0,0.0,54898.9
1733563,IT,SI,RETA1,ELEC1,0.01,1097.858,3,3,1097.858,0.0,0.0,0.0,0.0,109785.8
1736858,IT,SK,BUSIN,NAPHT,0.01,1097.825,3,3,1097.825,0.0,0.0,0.0,0.0,109782.5
1751895,IT,CN,COMPU,BITU1,0.01,1097.623,3,3,1097.623,0.0,0.0,0.0,0.0,109762.3
1681250,IT,GR,FINAN,COPP1,0.01,1097.507,3,3,1097.507,0.0,0.0,0.0,0.0,109750.7
1814833,IT,WM,MEMBE,KEROS,0.01,1097.37,3,3,1097.37,0.0,0.0,0.0,0.0,109737.0
1647690,IT,BE,INSUR,PIGS9,0.02,1097.25,3,3,1097.25,0.0,0.0,0.0,0.0,54862.5
1724140,IT,PT,RETA1,ELEC1,0.01,1097.112,3,3,1097.112,0.0,0.0,0.0,0.0,109711.2
1684518,IT,HR,BUSIN,MEATP,0.01,1096.968,3,3,1096.968,0.0,0.0,0.0,0.0,109696.8
1684390,IT,HR,POSTT,LANDT,0.02,1096.925,3,3,1096.925,0.0,0.0,0.0,0.0,54846.25
1717393,IT,NL,INSUR,LEATH,0.02,1096.868,3,3,1096.868,0.0,0.0,0.0,0.0,54843.4
1675986,IT,FR,ELEC5,POULT,0.01,1096.839,3,3,1096.839,0.0,0.0,0.0,0.0,109683.9
1733550,IT,SI,RETA1,LEATH,0.01,1096.836,3,3,1096.836,0.0,0.0,0.0,0.0,109683.6
1730581,IT,SE,REALE,SUPPO,0.05,1096.769,3,3,1096.769,0.0,0.0,0.0,0.0,21935.38
1793268,IT,WA,PRIVA,NAPHT,0.24,1096.586,3,3,1096.586,0.0,0.0,0.0,0.0,4569.108333
1730839,IT,SE,BUSIN,FOOD1,0.01,1096.531,3,3,1096.531,0.0,0.0,0.0,0.0,109653.1
1681152,IT,GR,POSTT,LEATH,0.02,1096.521,3,3,1096.521,0.0,0.0,0.0,0.0,54826.05
1669286,IT,ES,FINAN,BITU1,0.01,1096.466,3,3,1096.466,0.0,0.0,0.0,0.0,109646.6
1736835,IT,SK,BUSIN,HYDRO,0.01,1096.367,3,3,1096.367,0.0,0.0,0.0,0.0,109636.7
1734070,IT,SI,INSUR,FOOD5,0.02,1096.066,3,3,1096.066,0.0,0.0,0.0,0.0,54803.3
1759501,IT,BR,REALE,MOTO1,0.05,1095.943,3,3,1095.943,0.0,0.0,0.0,0.0,21918.86
1672437,IT,FI,BUSIN,FOOD4,0.01,1095.794,3,3,1095.794,0.0,0.0,0.0,0.0,109579.4
1807295,IT,WF,POSTT,GASDI,0.02,1095.781,3,3,1095.781,0.0,0.0,0.0,0.0,54789.05
1762566,IT,IN,AUXIL,PAPER,0.02,1095.725,3,3,1095.725,0.0,0.0,0.0,0.0,54786.25
1679177,IT,GR,PRINT,FABRI,0.01,1095.615,3,3,1095.615,0.0,0.0,0.0,0.0,109561.5
1779293,IT,TR,FINAN,INERT,0.01,1095.523,3,3,1095.523,0.0,0.0,0.0,0.0,109552.3
1683998,IT,HR,RETA1,GLASS,0.01,1095.441,3,3,1095.441,0.0,0.0,0.0,0.0,109544.1
1797574,IT,WL,EDUCA,MOTOR,0.03,1094.27,3,3,1094.27,0.0,0.0,0.0,0.0,36475.666667
1681280,IT,GR,FINAN,RENTI,0.01,1094.218,3,3,1094.218,0.0,0.0,0.0,0.0,109421.8
1772012,IT,CH,PRINT,MEAT1,0.01,1094.179,3,3,1094.179,0.0,0.0,0.0,0.0,109417.9
1671821,IT,FI,RETA1,PREC1,0.01,1094.13,3,3,1094.13,0.0,0.0,0.0,0.0,109413.0
1724538,IT,PT,POSTT,ELEC2,0.02,1094.076,3,3,1094.076,0.0,0.0,0.0,0.0,54703.8
1770834,IT,AU,BUSIN,NICKE,0.01,1093.903,3,3,1093.903,0.0,0.0,0.0,0.0,109390.3
1659132,IT,DE,ELEC8,ALUM1,0.01,1093.891,3,3,1093.891,0.0,0.0,0.0,0.0,109389.1
1668426,IT,ES,RETA1,ELEC8,0.01,1093.819,3,3,1093.819,0.0,0.0,0.0,0.0,109381.9
1660798,IT,DE,COMPU,LUBRI,0.01,1093.763,3,3,1093.763,0.0,0.0,0.0,0.0,109376.3
1681153,IT,GR,POSTT,WOODW,0.02,1093.656,3,3,1093.656,0.0,0.0,0.0,0.0,54682.8
1730587,IT,SE,REALE,RESEA,0.05,1093.556,3,3,1093.556,0.0,0.0,0.0,0.0,21871.12
1779277,IT,TR,FINAN,BLAST,0.01,1093.193,3,3,1093.193,0.0,0.0,0.0,0.0,109319.3
1787064,IT,ZA,COMPU,COMPU,0.01,1093.008,3,3,1093.008,0.0,0.0,0.0,0.0,109300.8
1649171,IT,BG,PRINT,CEMEN,0.01,1092.924,3,3,1092.924,0.0,0.0,0.0,0.0,109292.4
1677654,IT,FR,REALE,FOOD4,0.05,1092.813,3,3,1092.813,0.0,0.0,0.0,0.0,21856.26
1681609,IT,GR,PUBLI,CONST,0.02,1092.711,3,3,1092.711,0.0,0.0,0.0,0.0,54635.55
1769013,IT,AU,PRINT,PFERT,0.01,1092.656,3,3,1092.656,0.0,0.0,0.0,0.0,109265.6
1669656,IT,ES,COMPU,MEATP,0.01,1092.441,3,3,1092.441,0.0,0.0,0.0,0.0,109244.1
1726845,IT,RO,RETA1,CEREA,0.01,1092.353,3,3,1092.353,0.0,0.0,0.0,0.0,109235.3
1767192,IT,RU,RETA1,TEXTI,0.01,1092.296,3,3,1092.296,0.0,0.0,0.0,0.0,109229.6
1711786,IT,LU,PUBLI,MEDIC,0.02,1092.113,3,3,1092.113,0.0,0.0,0.0,0.0,54605.65
1650679,IT,BG,RETA1,GLASS,0.01,1091.993,3,3,1091.993,0.0,0.0,0.0,0.0,109199.3
1672144,IT,FI,FINAN,ELEC3,0.01,1091.718,3,3,1091.718,0.0,0.0,0.0,0.0,109171.8
1730079,IT,SE,RETA1,CERAM,0.01,1091.666,3,3,1091.666,0.0,0.0,0.0,0.0,109166.6
1736913,IT,SK,BUSIN,WASTE,0.01,1091.581,3,3,1091.581,0.0,0.0,0.0,0.0,109158.1
1721624,IT,PL,POSTT,RETAI,0.02,1091.267,3,3,1091.267,0.0,0.0,0.0,0.0,54563.35
1688040,IT,HU,COMPU,PAPER,0.01,1090.839,3,3,1090.839,0.0,0.0,0.0,0.0,109083.9
1793129,IT,WA,RECRE,LEAD1,0.01,1090.804,3,3,1090.804,0.0,0.0,0.0,0.0,109080.4
1747707,IT,JP,POSTT,MEMBE,0.02,1090.676,3,3,1090.676,0.0,0.0,0.0,0.0,54533.8
1779580,IT,TR,COMPU,MOTO1,0.01,1090.658,3,3,1090.658,0.0,0.0,0.0,0.0,109065.8
1717299,IT,NL,FINAN,CEREA,0.01,1089.973,3,3,1089.973,0.0,0.0,0.0,0.0,108997.3
1807282,IT,WF,POSTT,VEGE1,0.02,1089.967,3,3,1089.967,0.0,0.0,0.0,0.0,54498.35
1659103,IT,DE,ELEC5,BUSIN,0.01,1089.662,3,3,1089.662,0.0,0.0,0.0,0.0,108966.2
1786984,IT,ZA,INSUR,FORES,0.02,1089.612,3,3,1089.612,0.0,0.0,0.0,0.0,54480.6
1754286,IT,CA,FINAN,POSTT,0.01,1088.491,3,3,1088.491,0.0,0.0,0.0,0.0,108849.1
1675977,IT,FR,ELEC4,RENTI,0.02,1088.105,3,3,1088.105,0.0,0.0,0.0,0.0,54405.25
1751777,IT,CN,AUXIL,NONME,0.02,1087.951,3,3,1087.951,0.0,0.0,0.0,0.0,54397.55
1661050,IT,DE,PUBLI,BEVER,0.02,1087.388,3,3,1087.388,0.0,0.0,0.0,0.0,54369.4
1749324,IT,CN,PRINT,KEROS,0.01,1087.221,3,3,1087.221,0.0,0.0,0.0,0.0,108722.1
1756975,IT,KR,COMPU,RUBBE,0.01,1087.081,3,3,1087.081,0.0,0.0,0.0,0.0,108708.1
1762873,IT,IN,RECRE,EDUCA,0.01,1086.615,3,3,1086.615,0.0,0.0,0.0,0.0,108661.5
1730477,IT,SE,POSTT,TEXT1,0.02,1086.457,3,3,1086.457,0.0,0.0,0.0,0.0,54322.85
1680770,IT,GR,RETA1,INERT,0.01,1086.387,3,3,1086.387,0.0,0.0,0.0,0.0,108638.7
1762496,IT,IN,INSUR,FOOD5,0.02,1086.261,3,3,1086.261,0.0,0.0,0.0,0.0,54313.05
1754279,IT,CA,FINAN,HYDRO,0.01,1085.718,3,3,1085.718,0.0,0.0,0.0,0.0,108571.8
1672264,IT,FI,REALE,EDUCA,0.05,1085.626,3,3,1085.626,0.0,0.0,0.0,0.0,21712.52
1724119,IT,PT,RETA1,LEATH,0.01,1085.191,3,3,1085.191,0.0,0.0,0.0,0.0,108519.1
1797288,IT,WL,INSUR,INSUR,0.02,1085.082,3,3,1085.082,0.0,0.0,0.0,0.0,54254.1
1780499,IT,TW,POSTT,FOUND,0.02,1085.063,3,3,1085.063,0.0,0.0,0.0,0.0,54253.15
1669469,IT,ES,AUXIL,PIGS9,0.02,1085.021,3,3,1085.021,0.0,0.0,0.0,0.0,54251.05
1770680,IT,AU,INSUR,BASIC,0.02,1084.963,3,3,1084.963,0.0,0.0,0.0,0.0,54248.15
1716728,IT,NL,RETA1,MEATA,0.01,1084.93,3,3,1084.93,0.0,0.0,0.0,0.0,108493.0
1783150,IT,NO,REALE,RETAI,0.05,1084.881,3,3,1084.881,0.0,0.0,0.0,0.0,21697.62
1724609,IT,PT,FINAN,TRANS,0.01,1084.842,3,3,1084.842,0.0,0.0,0.0,0.0,108484.2
1660497,IT,DE,INSUR,MEDIC,0.02,1084.636,3,3,1084.636,0.0,0.0,0.0,0.0,54231.8
1762586,IT,IN,AUXIL,ELECT,0.02,1084.594,3,3,1084.594,0.0,0.0,0.0,0.0,54229.7
1650462,IT,BG,ELEC5,PAPER,0.01,1084.484,3,3,1084.484,0.0,0.0,0.0,0.0,108448.4
1717388,IT,NL,INSUR,NATUR,0.02,1084.414,3,3,1084.414,0.0,0.0,0.0,0.0,54220.7
1724713,IT,PT,AUXIL,LEATH,0.02,1084.339,3,3,1084.339,0.0,0.0,0.0,0.0,54216.95
1754434,IT,CA,COMPU,CRUDE,0.01,1084.323,3,3,1084.323,0.0,0.0,0.0,0.0,108432.3
1664010,IT,EE,PRINT,HEALT,0.01,1084.256,3,3,1084.256,0.0,0.0,0.0,0.0,108425.6
1672255,IT,FI,REALE,FINAN,0.05,1083.936,3,3,1083.936,0.0,0.0,0.0,0.0,21678.72
1747712,IT,JP,FINAN,PRINT,0.01,1083.761,3,3,1083.761,0.0,0.0,0.0,0.0,108376.1
1751635,IT,CN,FINAN,GLASS,0.01,1083.695,3,3,1083.695,0.0,0.0,0.0,0.0,108369.5
1775014,IT,CH,REALE,RESEA,0.05,1083.606,3,3,1083.606,0.0,0.0,0.0,0.0,21672.12
1734202,IT,SI,REALE,RESEA,0.05,1083.389,3,3,1083.389,0.0,0.0,0.0,0.0,21667.78
1685589,IT,HU,PRINT,CERAM,0.01,1083.297,3,3,1083.297,0.0,0.0,0.0,0.0,108329.7
1756967,IT,KR,REALE,BUSIN,0.05,1082.726,3,3,1082.726,0.0,0.0,0.0,0.0,21654.52
1762607,IT,IN,AUXIL,PUBLI,0.02,1082.703,3,3,1082.703,0.0,0.0,0.0,0.0,54135.15
1792334,IT,WA,FINAN,LIQUE,0.01,1082.649,3,3,1082.649,0.0,0.0,0.0,0.0,108264.9
1792218,IT,WA,POSTT,NATU1,0.02,1082.48,3,3,1082.48,0.0,0.0,0.0,0.0,54124.0
1683996,IT,HR,RETA1,CHEM1,0.01,1082.281,3,3,1082.281,0.0,0.0,0.0,0.0,108228.1
1714259,IT,MT,COMPU,AUXIL,0.01,1082.213,3,3,1082.213,0.0,0.0,0.0,0.0,108221.3
1669365,IT,ES,FINAN,TEXT2,0.01,1082.204,3,3,1082.204,0.0,0.0,0.0,0.0,108220.4
1764997,IT,MX,FINAN,POSTT,0.01,1082.185,3,3,1082.185,0.0,0.0,0.0,0.0,108218.5
1688037,IT,HU,COMPU,TEXTI,0.01,1082.136,3,3,1082.136,0.0,0.0,0.0,0.0,108213.6
1733996,IT,SI,POSTT,CHEM1,0.02,1082.093,3,3,1082.093,0.0,0.0,0.0,0.0,54104.65
1660220,IT,DE,POSTT,CHEMI,0.02,1082.083,3,3,1082.083,0.0,0.0,0.0,0.0,54104.15
1684369,IT,HR,POSTT,FOOD5,0.02,1082.062,3,3,1082.062,0.0,0.0,0.0,0.0,54103.1
1770742,IT,AU,AUXIL,RESEA,0.02,1081.971,3,3,1081.971,0.0,0.0,0.0,0.0,54098.55
1671850,IT,FI,RETA1,PLAS1,0.01,1081.922,3,3,1081.922,0.0,0.0,0.0,0.0,108192.2
1792713,IT,WA,BUSIN,DAIRY,0.01,1081.692,3,3,1081.692,0.0,0.0,0.0,0.0,108169.2
1776392,IT,TR,PRINT,ELEC1,0.01,1081.345,3,3,1081.345,0.0,0.0,0.0,0.0,108134.5
1797390,IT,WL,COMPU,TEXTI,0.01,1081.312,3,3,1081.312,0.0,0.0,0.0,0.0,108131.2
1784750,IT,ID,RETA1,OILSE,0.01,1081.183,3,3,1081.183,0.0,0.0,0.0,0.0,108118.3
1669715,IT,ES,COMPU,MEMBE,0.01,1081.177,3,3,1081.177,0.0,0.0,0.0,0.0,108117.7
1661936,IT,DK,PRINT,93197,0.01,1081.174,3,3,1081.174,0.0,0.0,0.0,0.0,108117.4
1779845,IT,TR,PUBLI,ALUM1,0.02,1081.096,3,3,1081.096,0.0,0.0,0.0,0.0,54054.8
1730520,IT,SE,INSUR,CONST,0.02,1081.057,3,3,1081.057,0.0,0.0,0.0,0.0,54052.85
1794179,IT,WL,PRINT,HEAVY,0.01,1080.957,3,3,1080.957,0.0,0.0,0.0,0.0,108095.7
1680578,IT,GR,ELEC8,RECRE,0.01,1080.837,3,3,1080.837,0.0,0.0,0.0,0.0,108083.7
1730736,IT,SE,BUSIN,CATTL,0.01,1080.79,3,3,1080.79,0.0,0.0,0.0,0.0,108079.0
1759701,IT,BR,BUSIN,WOOLS,0.01,1080.668,3,3,1080.668,0.0,0.0,0.0,0.0,108066.8
1797512,IT,WL,BUSIN,PFERT,0.01,1080.498,3,3,1080.498,0.0,0.0,0.0,0.0,108049.8
1670247,IT,ES,PRIVA,ELECT,0.24,1080.294,3,3,1080.294,0.0,0.0,0.0,0.0,4501.225
1663543,IT,DK,COMPU,MOTO1,0.01,1080.133,3,3,1080.133,0.0,0.0,0.0,0.0,108013.3
1648223,IT,BE,BUSIN,COKE1,0.01,1079.607,3,3,1079.607,0.0,0.0,0.0,0.0,107960.7
1722879,IT,PT,PRINT,RAILW,0.01,1079.56,3,3,1079.56,0.0,0.0,0.0,0.0,107956.0
1775373,IT,CH,PUBLI,KEROS,0.02,1079.446,3,3,1079.446,0.0,0.0,0.0,0.0,53972.3
1727501,IT,RO,AUXIL,BLAST,0.02,1079.399,3,3,1079.399,0.0,0.0,0.0,0.0,53969.95
1756842,IT,KR,POSTT,NAPHT,0.02,1079.087,3,3,1079.087,0.0,0.0,0.0,0.0,53954.35
1791549,IT,WA,RETA1,FOUND,0.01,1079.025,3,3,1079.025,0.0,0.0,0.0,0.0,107902.5
1655015,IT,CZ,REALE,RUBBE,0.05,1079.004,3,3,1079.004,0.0,0.0,0.0,0.0,21580.08
1775610,IT,CH,RECRE,AUXIL,0.01,1078.784,3,3,1078.784,0.0,0.0,0.0,0.0,107878.4
1767746,IT,RU,FINAN,FOOD4,0.01,1078.597,3,3,1078.597,0.0,0.0,0.0,0.0,107859.7
1737670,IT,GB,PRINT,CERAM,0.01,1078.498,3,3,1078.498,0.0,0.0,0.0,0.0,107849.8
1650394,IT,BG,ELEC4,MEAT1,0.02,1078.105,3,3,1078.105,0.0,0.0,0.0,0.0,53905.25
1744252,IT,US,POSTT,STEAM,0.02,1077.404,3,3,1077.404,0.0,0.0,0.0,0.0,53870.2
1721000,IT,PL,RETA1,COMPU,0.01,1077.27,3,3,1077.27,0.0,0.0,0.0,0.0,107727.0
1802071,IT,WE,RETA1,COKIN,0.01,1077.033,3,3,1077.033,0.0,0.0,0.0,0.0,107703.3
1722186,IT,PL,PUBLI,PRINT,0.02,1076.929,3,3,1076.929,0.0,0.0,0.0,0.0,53846.45
1654364,IT,CZ,ELEC8,GASWO,0.01,1076.733,3,3,1076.733,0.0,0.0,0.0,0.0,107673.3
1651154,IT,BG,BUSIN,CHEMI,0.01,1076.615,3,3,1076.615,0.0,0.0,0.0,0.0,107661.5
1644161,IT,AT,RECRE,PRINT,0.01,1076.538,3,3,1076.538,0.0,0.0,0.0,0.0,107653.8
1747894,IT,JP,COMPU,GASDI,0.01,1076.483,3,3,1076.483,0.0,0.0,0.0,0.0,107648.3
1739766,IT,GB,POSTT,LEATH,0.02,1076.361,3,3,1076.361,0.0,0.0,0.0,0.0,53818.05
1721953,IT,PL,COMPU,TOBAC,0.01,1076.357,3,3,1076.357,0.0,0.0,0.0,0.0,107635.7
1747710,IT,JP,FINAN,PROCE,0.01,1076.102,3,3,1076.102,0.0,0.0,0.0,0.0,107610.2
1808861,IT,WF,PRIVA,PAPER,0.24,1075.964,3,3,1075.964,0.0,0.0,0.0,0.0,4483.183333
1779586,IT,TR,COMPU,ELEC7,0.01,1075.901,3,3,1075.901,0.0,0.0,0.0,0.0,107590.1
1768264,IT,RU,RECRE,HEALT,0.01,1075.877,3,3,1075.877,0.0,0.0,0.0,0.0,107587.7
1730734,IT,SE,BUSIN,SUGAR,0.01,1075.841,3,3,1075.841,0.0,0.0,0.0,0.0,107584.1
1731869,IT,SI,PRINT,TRAN1,0.01,1075.748,3,3,1075.748,0.0,0.0,0.0,0.0,107574.8
1754490,IT,CA,BUSIN,COKEO,0.01,1075.713,3,3,1075.713,0.0,0.0,0.0,0.0,107571.3
1717827,IT,NL,RECRE,POSTT,0.01,1075.522,3,3,1075.522,0.0,0.0,0.0,0.0,107552.2
1661914,IT,DK,PRINT,DISTR,0.01,1074.993,3,3,1074.993,0.0,0.0,0.0,0.0,107499.3
1774851,IT,CH,FINAN,RUBBE,0.01,1074.868,3,3,1074.868,0.0,0.0,0.0,0.0,107486.8
1710554,IT,LT,POSTT,POSTT,0.02,1074.775,3,3,1074.775,0.0,0.0,0.0,0.0,53738.75
1672186,IT,FI,AUXIL,DISTR,0.02,1074.721,3,3,1074.721,0.0,0.0,0.0,0.0,53736.05
1779754,IT,TR,BUSIN,LEAD1,0.01,1074.585,3,3,1074.585,0.0,0.0,0.0,0.0,107458.5
1721988,IT,PL,COMPU,ELEC2,0.01,1074.574,3,3,1074.574,0.0,0.0,0.0,0.0,107457.4
1774802,IT,CH,POSTT,RADIO,0.02,1074.274,3,3,1074.274,0.0,0.0,0.0,0.0,53713.7
1807684,IT,WF,BUSIN,TEXTI,0.01,1073.944,3,3,1073.944,0.0,0.0,0.0,0.0,107394.4
1774853,IT,CH,FINAN,FABRI,0.01,1073.822,3,3,1073.822,0.0,0.0,0.0,0.0,107382.2
1807350,IT,WF,FINAN,PLANT,0.01,1073.499,3,3,1073.499,0.0,0.0,0.0,0.0,107349.9
1689725,IT,IE,FINAN,RUBBE,0.01,1073.488,3,3,1073.488,0.0,0.0,0.0,0.0,107348.8
1758778,IT,BR,RETA1,MOTOR,0.01,1073.425,3,3,1073.425,0.0,0.0,0.0,0.0,107342.5
1684384,IT,HR,POSTT,DIST1,0.02,1073.385,3,3,1073.385,0.0,0.0,0.0,0.0,53669.25
1651942,IT,CY,BUSIN,BASIC,0.01,1073.349,3,3,1073.349,0.0,0.0,0.0,0.0,107334.9
1748322,IT,JP,PRIVA,POSTT,0.24,1073.153,3,3,1073.153,0.0,0.0,0.0,0.0,4471.470833
1751917,IT,CN,COMPU,OFFIC,0.01,1073.071,3,3,1073.071,0.0,0.0,0.0,0.0,107307.1
1643805,IT,AT,FINAN,MEATP,0.01,1073.052,3,3,1073.052,0.0,0.0,0.0,0.0,107305.2
1648385,IT,BE,RECRE,DIST1,0.01,1072.928,3,3,1072.928,0.0,0.0,0.0,0.0,107292.8
1717324,IT,NL,FINAN,NFERT,0.01,1072.678,3,3,1072.678,0.0,0.0,0.0,0.0,107267.8
1774890,IT,CH,INSUR,MEATP,0.02,1072.53,3,3,1072.53,0.0,0.0,0.0,0.0,53626.5
1762527,IT,IN,INSUR,ELEC2,0.02,1072.43,3,3,1072.43,0.0,0.0,0.0,0.0,53621.5
1768216,IT,RU,EDUCA,FABRI,0.03,1071.908,3,3,1071.908,0.0,0.0,0.0,0.0,35730.266667
1802111,IT,WE,RETA1,MEDIC,0.01,1071.706,3,3,1071.706,0.0,0.0,0.0,0.0,107170.6
1654941,IT,CZ,INSUR,CERAM,0.02,1071.677,3,3,1071.677,0.0,0.0,0.0,0.0,53583.85
1676015,IT,FR,ELEC5,SUPPO,0.01,1070.94,3,3,1070.94,0.0,0.0,0.0,0.0,107094.0
1724110,IT,PT,RETA1,CHEMI,0.01,1070.882,3,3,1070.882,0.0,0.0,0.0,0.0,107088.2
1660275,IT,DE,POSTT,BLAST,0.02,1070.828,3,3,1070.828,0.0,0.0,0.0,0.0,53541.4
1751764,IT,CN,AUXIL,WOODW,0.02,1070.279,3,3,1070.279,0.0,0.0,0.0,0.0,53513.95
1762096,IT,IN,RETA1,RENTI,0.01,1070.083,3,3,1070.083,0.0,0.0,0.0,0.0,107008.3
1774917,IT,CH,INSUR,MOTO1,0.02,1069.996,3,3,1069.996,0.0,0.0,0.0,0.0,53499.8
1669922,IT,ES,EDUCA,TEXTI,0.03,1069.983,3,3,1069.983,0.0,0.0,0.0,0.0,35666.1
1655087,IT,CZ,COMPU,RAILW,0.01,1069.965,3,3,1069.965,0.0,0.0,0.0,0.0,106996.5
1743516,IT,US,RETA1,SALEM,0.01,1069.925,3,3,1069.925,0.0,0.0,0.0,0.0,106992.5
1740094,IT,GB,COMPU,MEATP,0.01,1069.792,3,3,1069.792,0.0,0.0,0.0,0.0,106979.2
1663647,IT,DK,BUSIN,RAILW,0.01,1069.775,3,3,1069.775,0.0,0.0,0.0,0.0,106977.5
1651950,IT,CY,BUSIN,ELEC8,0.01,1069.706,3,3,1069.706,0.0,0.0,0.0,0.0,106970.6
1688132,IT,HU,BUSIN,LIQUE,0.01,1069.578,3,3,1069.578,0.0,0.0,0.0,0.0,106957.8
1792214,IT,WA,POSTT,ANTHR,0.02,1069.365,3,3,1069.365,0.0,0.0,0.0,0.0,53468.25
1792820,IT,WA,EDUCA,SANDC,0.03,1069.173,3,3,1069.173,0.0,0.0,0.0,0.0,35639.1
1711566,IT,LU,FINAN,NONME,0.01,1069.024,3,3,1069.024,0.0,0.0,0.0,0.0,106902.4
1724797,IT,PT,COMPU,MACHI,0.01,1068.673,3,3,1068.673,0.0,0.0,0.0,0.0,106867.3
1747837,IT,JP,REALE,RECRE,0.05,1068.645,3,3,1068.645,0.0,0.0,0.0,0.0,21372.9
1717390,IT,NL,INSUR,CHEMI,0.02,1068.481,3,3,1068.481,0.0,0.0,0.0,0.0,53424.05
1768022,IT,RU,BUSIN,CHEMI,0.01,1068.376,3,3,1068.376,0.0,0.0,0.0,0.0,106837.6
1730399,IT,SE,POSTT,VEGE1,0.02,1068.339,3,3,1068.339,0.0,0.0,0.0,0.0,53416.95
1752133,IT,CN,BUSIN,BIOG1,0.01,1068.256,3,3,1068.256,0.0,0.0,0.0,0.0,106825.6
1759458,IT,BR,AUXIL,MOTOR,0.02,1068.198,3,3,1068.198,0.0,0.0,0.0,0.0,53409.9
1740516,IT,GB,MEMBE,EDUCA,0.01,1068.069,3,3,1068.069,0.0,0.0,0.0,0.0,106806.9
1762813,IT,IN,PUBLI,NAPHT,0.02,1068.02,3,3,1068.02,0.0,0.0,0.0,0.0,53401.0
1765051,IT,MX,INSUR,TRAN1,0.02,1067.922,3,3,1067.922,0.0,0.0,0.0,0.0,53396.1
1722221,IT,PL,EDUCA,MACHI,0.03,1067.634,3,3,1067.634,0.0,0.0,0.0,0.0,35587.8
1780583,IT,TW,INSUR,MEAT1,0.02,1067.516,3,3,1067.516,0.0,0.0,0.0,0.0,53375.8
1665859,IT,ES,PRINT,ELEC9,0.01,1067.424,3,3,1067.424,0.0,0.0,0.0,0.0,106742.4
1756966,IT,KR,REALE,REALE,0.05,1067.23,3,3,1067.23,0.0,0.0,0.0,0.0,21344.6
1744484,IT,US,REALE,WHEAT,0.05,1067.228,3,3,1067.228,0.0,0.0,0.0,0.0,21344.56
1753864,IT,CA,RETA1,WOODW,0.01,1067.191,3,3,1067.191,0.0,0.0,0.0,0.0,106719.1
1765124,IT,MX,COMPU,EDUCA,0.01,1067.159,3,3,1067.159,0.0,0.0,0.0,0.0,106715.9
1671839,IT,FI,RETA1,INLAN,0.01,1066.872,3,3,1066.872,0.0,0.0,0.0,0.0,106687.2
1717319,IT,NL,FINAN,WOODW,0.01,1066.753,3,3,1066.753,0.0,0.0,0.0,0.0,106675.3
1718910,IT,PL,PRINT,LUBRI,0.01,1066.357,3,3,1066.357,0.0,0.0,0.0,0.0,106635.7
1710357,IT,LT,RETA1,93197,0.01,1066.291,3,3,1066.291,0.0,0.0,0.0,0.0,106629.1
1734241,IT,SI,COMPU,DAIRY,0.01,1065.766,3,3,1065.766,0.0,0.0,0.0,0.0,106576.6
1672221,IT,FI,REALE,MOTOR,0.05,1065.699,3,3,1065.699,0.0,0.0,0.0,0.0,21313.98
1681378,IT,GR,AUXIL,INLAN,0.02,1065.538,3,3,1065.538,0.0,0.0,0.0,0.0,53276.9
1647632,IT,BE,POSTT,PLAS1,0.02,1065.403,3,3,1065.403,0.0,0.0,0.0,0.0,53270.15
1739927,IT,GB,INSUR,RUBBE,0.02,1065.371,3,3,1065.371,0.0,0.0,0.0,0.0,53268.55
1670776,IT,FI,PRINT,PULP5,0.01,1065.316,3,3,1065.316,0.0,0.0,0.0,0.0,106531.6
1808827,IT,WF,RECRE,PRECI,0.01,1065.278,3,3,1065.278,0.0,0.0,0.0,0.0,106527.8
1747905,IT,JP,COMPU,MEDIC,0.01,1065.256,3,3,1065.256,0.0,0.0,0.0,0.0,106525.6
1765155,IT,MX,BUSIN,NAPHT,0.01,1065.096,3,3,1065.096,0.0,0.0,0.0,0.0,106509.6
1754285,IT,CA,FINAN,SUPPO,0.01,1065.046,3,3,1065.046,0.0,0.0,0.0,0.0,106504.6
1807465,IT,WF,AUXIL,PRIVA,0.02,1064.958,3,3,1064.958,0.0,0.0,0.0,0.0,53247.9
1663423,IT,DK,AUXIL,CONST,0.02,1064.69,3,3,1064.69,0.0,0.0,0.0,0.0,53234.5
1767654,IT,RU,POSTT,MOTO1,0.02,1064.356,3,3,1064.356,0.0,0.0,0.0,0.0,53217.8
1814555,IT,WM,BUSIN,FISH5,0.01,1063.838,3,3,1063.838,0.0,0.0,0.0,0.0,106383.8
1648077,IT,BE,COMPU,PLAS1,0.01,1063.699,3,3,1063.699,0.0,0.0,0.0,0.0,106369.9
1651907,IT,CY,INSUR,WHOLE,0.02,1063.686,3,3,1063.686,0.0,0.0,0.0,0.0,53184.3
1767847,IT,RU,AUXIL,MEDIC,0.02,1063.518,3,3,1063.518,0.0,0.0,0.0,0.0,53175.9
1736723,IT,SK,REALE,ELECT,0.04,1063.51,3,3,1063.51,0.0,0.0,0.0,0.0,26587.75
1813618,IT,WM,RETA1,SUGAR,0.01,1063.451,3,3,1063.451,0.0,0.0,0.0,0.0,106345.1
1670781,IT,FI,PRINT,RUBBE,0.01,1063.3,3,3,1063.3,0.0,0.0,0.0,0.0,106330.0
1754350,IT,CA,INSUR,RETAI,0.02,1063.213,3,3,1063.213,0.0,0.0,0.0,0.0,53160.65
1689389,IT,IE,RETA1,FOOD3,0.01,1063.212,3,3,1063.212,0.0,0.0,0.0,0.0,106321.2
1711562,IT,LU,FINAN,KEROS,0.01,1063.113,3,3,1063.113,0.0,0.0,0.0,0.0,106311.3
1671816,IT,FI,RETA1,CHEM1,0.01,1063.023,3,3,1063.023,0.0,0.0,0.0,0.0,106302.3
1730493,IT,SE,FINAN,PRINT,0.01,1062.949,3,3,1062.949,0.0,0.0,0.0,0.0,106294.9
1781112,IT,TW,PUBLI,COMPU,0.02,1062.726,3,3,1062.726,0.0,0.0,0.0,0.0,53136.3
1680708,IT,GR,RETA1,MEATA,0.01,1062.713,3,3,1062.713,0.0,0.0,0.0,0.0,106271.3
1652794,IT,CZ,PRINT,SUGAR,0.01,1062.668,3,3,1062.668,0.0,0.0,0.0,0.0,106266.8
1681479,IT,GR,COMPU,RENTI,0.01,1062.621,3,3,1062.621,0.0,0.0,0.0,0.0,106262.1
1643995,IT,AT,COMPU,WASTE,0.01,1062.588,3,3,1062.588,0.0,0.0,0.0,0.0,106258.8
1784203,IT,ID,PRINT,FINAN,0.01,1062.247,3,3,1062.247,0.0,0.0,0.0,0.0,106224.7
1770838,IT,AU,BUSIN,VEGE1,0.01,1062.081,3,3,1062.081,0.0,0.0,0.0,0.0,106208.1
1783067,IT,NO,INSUR,LEAD1,0.02,1061.912,3,3,1061.912,0.0,0.0,0.0,0.0,53095.6
1654335,IT,CZ,ELEC4,RUBBE,0.02,1061.708,3,3,1061.708,0.0,0.0,0.0,0.0,53085.4
1734151,IT,SI,AUXIL,INTER,0.02,1061.684,3,3,1061.684,0.0,0.0,0.0,0.0,53084.2
1765005,IT,MX,FINAN,RECRE,0.01,1061.561,3,3,1061.561,0.0,0.0,0.0,0.0,106156.1
1770718,IT,AU,AUXIL,NATUR,0.02,1061.518,3,3,1061.518,0.0,0.0,0.0,0.0,53075.9
1722047,IT,PL,BUSIN,OILSE,0.01,1061.41,3,3,1061.41,0.0,0.0,0.0,0.0,106141.0
1727286,IT,RO,POSTT,FISHF,0.02,1061.179,3,3,1061.179,0.0,0.0,0.0,0.0,53058.95
1814576,IT,WM,BUSIN,CEMEN,0.01,1061.173,3,3,1061.173,0.0,0.0,0.0,0.0,106117.3
1647735,IT,BE,INSUR,ELEC5,0.02,1061.148,3,3,1061.148,0.0,0.0,0.0,0.0,53057.4
1759505,IT,BR,REALE,WHOLE,0.04,1060.982,3,3,1060.982,0.0,0.0,0.0,0.0,26524.55
1787007,IT,ZA,INSUR,OFFIC,0.02,1060.032,3,3,1060.032,0.0,0.0,0.0,0.0,53001.6
1688192,IT,HU,BUSIN,OILHA,0.01,1059.781,3,3,1059.781,0.0,0.0,0.0,0.0,105978.1
1675987,IT,FR,ELEC5,RAWMI,0.01,1059.617,3,3,1059.617,0.0,0.0,0.0,0.0,105961.7
1734063,IT,SI,FINAN,INTER,0.01,1059.57,3,3,1059.57,0.0,0.0,0.0,0.0,105957.0
1645129,IT,BE,PRINT,FORES,0.01,1059.475,3,3,1059.475,0.0,0.0,0.0,0.0,105947.5
1770679,IT,AU,INSUR,CEMEN,0.02,1059.384,3,3,1059.384,0.0,0.0,0.0,0.0,52969.2
1792416,IT,WA,INSUR,HOTEL,0.02,1059.36,3,3,1059.36,0.0,0.0,0.0,0.0,52968.0
1775008,IT,CH,REALE,POSTT,0.04,1059.266,3,3,1059.266,0.0,0.0,0.0,0.0,26481.65
1784895,IT,ID,POSTT,BITUM,0.02,1059.187,3,3,1059.187,0.0,0.0,0.0,0.0,52959.35
1751888,IT,CN,COMPU,COALT,0.01,1059.161,3,3,1059.161,0.0,0.0,0.0,0.0,105916.1
1734044,IT,SI,FINAN,COLLE,0.01,1059.102,3,3,1059.102,0.0,0.0,0.0,0.0,105910.2
1678010,IT,FR,EDUCA,DAIRY,0.03,1059.042,3,3,1059.042,0.0,0.0,0.0,0.0,35301.4
1717382,IT,NL,FINAN,RECRE,0.01,1058.869,3,3,1058.869,0.0,0.0,0.0,0.0,105886.9
1677504,IT,FR,AUXIL,ELE11,0.02,1058.057,3,3,1058.057,0.0,0.0,0.0,0.0,52902.85
1687912,IT,HU,REALE,SUPPO,0.04,1058.015,3,3,1058.015,0.0,0.0,0.0,0.0,26450.375
1744305,IT,US,FINAN,PAPER,0.01,1057.709,3,3,1057.709,0.0,0.0,0.0,0.0,105770.9
1748139,IT,JP,EDUCA,WHOLE,0.03,1057.166,3,3,1057.166,0.0,0.0,0.0,0.0,35238.866667
1775581,IT,CH,RECRE,GLASS,0.01,1057.004,3,3,1057.004,0.0,0.0,0.0,0.0,105700.4
1651889,IT,CY,POSTT,BUSIN,0.02,1056.744,3,3,1056.744,0.0,0.0,0.0,0.0,52837.2
1801779,IT,WE,ELEC4,MOTOR,0.02,1056.682,3,3,1056.682,0.0,0.0,0.0,0.0,52834.1
1744378,IT,US,INSUR,ELEC2,0.02,1056.649,3,3,1056.649,0.0,0.0,0.0,0.0,52832.45
1717320,IT,NL,FINAN,PAPER,0.01,1056.61,3,3,1056.61,0.0,0.0,0.0,0.0,105661.0
1768236,IT,RU,EDUCA,RECRE,0.03,1056.457,3,3,1056.457,0.0,0.0,0.0,0.0,35215.233333
1792747,IT,WA,BUSIN,CEMEN,0.01,1056.457,3,3,1056.457,0.0,0.0,0.0,0.0,105645.7
1782743,IT,NO,RETA1,FINAN,0.01,1056.186,3,3,1056.186,0.0,0.0,0.0,0.0,105618.6
1733578,IT,SI,RETA1,SUPPO,0.01,1056.153,3,3,1056.153,0.0,0.0,0.0,0.0,105615.3
1759235,IT,BR,POSTT,VEGE1,0.02,1056.068,3,3,1056.068,0.0,0.0,0.0,0.0,52803.4
1783243,IT,NO,BUSIN,OILHA,0.01,1056.056,3,3,1056.056,0.0,0.0,0.0,0.0,105605.6
1647701,IT,BE,INSUR,TOBAC,0.02,1055.997,3,3,1055.997,0.0,0.0,0.0,0.0,52799.85
1724700,IT,PT,INSUR,COMPU,0.02,1055.985,3,3,1055.985,0.0,0.0,0.0,0.0,52799.25
1677606,IT,FR,REALE,RADIO,0.04,1055.972,3,3,1055.972,0.0,0.0,0.0,0.0,26399.3
1736927,IT,SK,EDUCA,MEMBE,0.03,1055.605,3,3,1055.605,0.0,0.0,0.0,0.0,35186.833333
1669157,IT,ES,POSTT,PETRO,0.02,1055.353,3,3,1055.353,0.0,0.0,0.0,0.0,52767.65
1669823,IT,ES,BUSIN,INLAN,0.01,1055.182,3,3,1055.182,0.0,0.0,0.0,0.0,105518.2
1808871,IT,WF,PRIVA,NFERT,0.24,1054.663,3,3,1054.663,0.0,0.0,0.0,0.0,4394.429167
1663478,IT,DK,REALE,PRIVA,0.04,1054.624,3,3,1054.624,0.0,0.0,0.0,0.0,26365.6
1780705,IT,TW,REALE,LIQUE,0.04,1054.126,3,3,1054.126,0.0,0.0,0.0,0.0,26353.15
1643148,IT,AT,RETA1,ELEC2,0.01,1054.123,3,3,1054.123,0.0,0.0,0.0,0.0,105412.3
1770716,IT,AU,INSUR,93197,0.02,1053.892,3,3,1053.892,0.0,0.0,0.0,0.0,52694.6
1688156,IT,HU,BUSIN,SECO9,0.01,1053.697,3,3,1053.697,0.0,0.0,0.0,0.0,105369.7
1796521,IT,WL,RETA1,MACHI,0.01,1053.651,3,3,1053.651,0.0,0.0,0.0,0.0,105365.1
1715400,IT,NL,PRINT,INTER,0.01,1053.324,3,3,1053.324,0.0,0.0,0.0,0.0,105332.4
1660843,IT,DE,COMPU,STEAM,0.01,1053.071,3,3,1053.071,0.0,0.0,0.0,0.0,105307.1
1677611,IT,FR,REALE,ELEC4,0.04,1053.038,3,3,1053.038,0.0,0.0,0.0,0.0,26325.95
1757008,IT,KR,BUSIN,MEATP,0.01,1052.769,3,3,1052.769,0.0,0.0,0.0,0.0,105276.9
1715336,IT,NL,PRINT,CROPS,0.01,1052.714,3,3,1052.714,0.0,0.0,0.0,0.0,105271.4
1734061,IT,SI,FINAN,EDUCA,0.01,1052.62,3,3,1052.62,0.0,0.0,0.0,0.0,105262.0
1762698,IT,IN,BUSIN,MEATP,0.01,1052.613,3,3,1052.613,0.0,0.0,0.0,0.0,105261.3
1724825,IT,PT,COMPU,MEMBE,0.01,1052.593,3,3,1052.593,0.0,0.0,0.0,0.0,105259.3
1792794,IT,WA,BUSIN,PRIVA,0.01,1052.555,3,3,1052.555,0.0,0.0,0.0,0.0,105255.5
1680469,IT,GR,ELEC5,CEMEN,0.01,1052.302,3,3,1052.302,0.0,0.0,0.0,0.0,105230.2
1677286,IT,FR,FINAN,NONME,0.01,1052.2,3,3,1052.2,0.0,0.0,0.0,0.0,105220.0
1765029,IT,MX,INSUR,GLASS,0.02,1052.125,3,3,1052.125,0.0,0.0,0.0,0.0,52606.25
1651075,IT,BG,INSUR,MOTO1,0.02,1051.759,3,3,1051.759,0.0,0.0,0.0,0.0,52587.95
1792211,IT,WA,POSTT,RAWMI,0.02,1051.741,3,3,1051.741,0.0,0.0,0.0,0.0,52587.05
1814257,IT,WM,POSTT,BRICK,0.02,1051.655,3,3,1051.655,0.0,0.0,0.0,0.0,52582.75
1814537,IT,WM,BUSIN,PADDY,0.01,1051.647,3,3,1051.647,0.0,0.0,0.0,0.0,105164.7
1654338,IT,CZ,ELEC4,MACHI,0.02,1051.544,3,3,1051.544,0.0,0.0,0.0,0.0,52577.2
1648367,IT,BE,MEMBE,AUXIL,0.01,1051.535,3,3,1051.535,0.0,0.0,0.0,0.0,105153.5
1646979,IT,BE,RETA1,SANDC,0.01,1051.377,3,3,1051.377,0.0,0.0,0.0,0.0,105137.7
1724167,IT,PT,RETA1,INERT,0.01,1051.165,3,3,1051.165,0.0,0.0,0.0,0.0,105116.5
1722098,IT,PL,BUSIN,PARAF,0.01,1051.051,3,3,1051.051,0.0,0.0,0.0,0.0,105105.1
1721979,IT,PL,COMPU,COPP1,0.01,1050.92,3,3,1050.92,0.0,0.0,0.0,0.0,105092.0
1783206,IT,NO,BUSIN,DAIRY,0.01,1050.888,3,3,1050.888,0.0,0.0,0.0,0.0,105088.8
1780682,IT,TW,AUXIL,BUSIN,0.02,1050.745,3,3,1050.745,0.0,0.0,0.0,0.0,52537.25
1752132,IT,CN,BUSIN,BLAST,0.01,1050.677,3,3,1050.677,0.0,0.0,0.0,0.0,105067.7
1718979,IT,PL,PRINT,WOOD2,0.01,1050.661,3,3,1050.661,0.0,0.0,0.0,0.0,105066.1
1733426,IT,SI,ELEC5,BUSIN,0.01,1050.194,3,3,1050.194,0.0,0.0,0.0,0.0,105019.4
1792571,IT,WA,COMPU,POULT,0.01,1050.091,3,3,1050.091,0.0,0.0,0.0,0.0,105009.1
1669465,IT,ES,INSUR,RECRE,0.02,1049.752,3,3,1049.752,0.0,0.0,0.0,0.0,52487.6
1810625,IT,WM,PRINT,INERT,0.01,1049.442,3,3,1049.442,0.0,0.0,0.0,0.0,104944.2
1711718,IT,LU,BUSIN,ELECT,0.01,1048.994,3,3,1048.994,0.0,0.0,0.0,0.0,104899.4
1669731,IT,ES,BUSIN,BITUM,0.01,1048.971,3,3,1048.971,0.0,0.0,0.0,0.0,104897.1
1654990,IT,CZ,INSUR,MEMBE,0.02,1048.853,3,3,1048.853,0.0,0.0,0.0,0.0,52442.65
1650428,IT,BG,ELEC4,TRAN1,0.02,1048.738,3,3,1048.738,0.0,0.0,0.0,0.0,52436.9
1759455,IT,BR,AUXIL,LEATH,0.02,1048.6,3,3,1048.6,0.0,0.0,0.0,0.0,52430.0
1661925,IT,DK,PRINT,AUXIL,0.01,1048.512,3,3,1048.512,0.0,0.0,0.0,0.0,104851.2
1668384,IT,ES,RETA1,SUGA1,0.01,1048.335,3,3,1048.335,0.0,0.0,0.0,0.0,104833.5
1783167,IT,NO,COMPU,FISHF,0.01,1047.956,3,3,1047.956,0.0,0.0,0.0,0.0,104795.6
1724720,IT,PT,AUXIL,CEMEN,0.02,1047.897,3,3,1047.897,0.0,0.0,0.0,0.0,52394.85
1782735,IT,NO,RETA1,DISTR,0.01,1047.688,3,3,1047.688,0.0,0.0,0.0,0.0,104768.8
1797200,IT,WL,FINAN,MEATC,0.01,1047.559,3,3,1047.559,0.0,0.0,0.0,0.0,104755.9
1672119,IT,FI,POSTT,SALEM,0.02,1047.198,3,3,1047.198,0.0,0.0,0.0,0.0,52359.9
1764618,IT,MX,RETA1,ANIMA,0.01,1047.119,3,3,1047.119,0.0,0.0,0.0,0.0,104711.9
1659087,IT,DE,ELEC5,GASDI,0.01,1047.101,3,3,1047.101,0.0,0.0,0.0,0.0,104710.1
1722865,IT,PT,PRINT,ELECT,0.01,1046.811,3,3,1046.811,0.0,0.0,0.0,0.0,104681.1
1785452,IT,ZA,PRINT,BITUM,0.01,1046.602,3,3,1046.602,0.0,0.0,0.0,0.0,104660.2
1807689,IT,WF,BUSIN,KEROS,0.01,1046.375,3,3,1046.375,0.0,0.0,0.0,0.0,104637.5
1786749,IT,ZA,RETA1,RESEA,0.01,1046.346,3,3,1046.346,0.0,0.0,0.0,0.0,104634.6
1784940,IT,ID,INSUR,FORES,0.02,1046.254,3,3,1046.254,0.0,0.0,0.0,0.0,52312.7
1725736,IT,RO,PRINT,OILSE,0.01,1046.246,3,3,1046.246,0.0,0.0,0.0,0.0,104624.6
1797486,IT,WL,BUSIN,CATTL,0.01,1045.967,3,3,1045.967,0.0,0.0,0.0,0.0,104596.7
1670773,IT,FI,PRINT,DAIRY,0.01,1045.914,3,3,1045.914,0.0,0.0,0.0,0.0,104591.4
1778573,IT,TR,RETA1,INLAN,0.01,1045.468,3,3,1045.468,0.0,0.0,0.0,0.0,104546.8
1652826,IT,CZ,PRINT,TRANS,0.01,1045.423,3,3,1045.423,0.0,0.0,0.0,0.0,104542.3
1747890,IT,JP,COMPU,BEVER,0.01,1045.299,3,3,1045.299,0.0,0.0,0.0,0.0,104529.9
1643816,IT,AT,FINAN,FOUND,0.01,1045.166,3,3,1045.166,0.0,0.0,0.0,0.0,104516.6
1681229,IT,GR,FINAN,TOBAC,0.01,1045.114,3,3,1045.114,0.0,0.0,0.0,0.0,104511.4
1659099,IT,DE,ELEC5,WHOLE,0.01,1044.989,3,3,1044.989,0.0,0.0,0.0,0.0,104498.9
1677653,IT,FR,REALE,WASTE,0.04,1044.92,3,3,1044.92,0.0,0.0,0.0,0.0,26123.0
1780579,IT,TW,INSUR,PRECI,0.02,1044.869,3,3,1044.869,0.0,0.0,0.0,0.0,52243.45
1780863,IT,TW,COMPU,MEMBE,0.01,1044.806,3,3,1044.806,0.0,0.0,0.0,0.0,104480.6
1644164,IT,AT,RECRE,OFFIC,0.01,1044.72,3,3,1044.72,0.0,0.0,0.0,0.0,104472.0
1758818,IT,BR,RETA1,INSUR,0.01,1044.679,3,3,1044.679,0.0,0.0,0.0,0.0,104467.9
1681244,IT,GR,FINAN,PFERT,0.01,1044.565,3,3,1044.565,0.0,0.0,0.0,0.0,104456.5
1724902,IT,PT,BUSIN,ELE11,0.01,1044.526,3,3,1044.526,0.0,0.0,0.0,0.0,104452.6
1807357,IT,WF,FINAN,BEVER,0.01,1044.325,3,3,1044.325,0.0,0.0,0.0,0.0,104432.5
1762365,IT,IN,POSTT,FISHF,0.02,1044.043,3,3,1044.043,0.0,0.0,0.0,0.0,52202.15
1663537,IT,DK,COMPU,FABRI,0.01,1043.863,3,3,1043.863,0.0,0.0,0.0,0.0,104386.3
1716734,IT,NL,RETA1,CHEMI,0.01,1043.859,3,3,1043.859,0.0,0.0,0.0,0.0,104385.9
1664744,IT,EE,INSUR,OFFIC,0.02,1043.616,3,3,1043.616,0.0,0.0,0.0,0.0,52180.8
1721650,IT,PL,POSTT,FOOD4,0.02,1043.525,3,3,1043.525,0.0,0.0,0.0,0.0,52176.25
1814455,IT,WM,COMPU,ELEC6,0.01,1043.492,3,3,1043.492,0.0,0.0,0.0,0.0,104349.2
1744486,IT,US,REALE,VEGET,0.04,1043.342,3,3,1043.342,0.0,0.0,0.0,0.0,26083.55
1714264,IT,MT,BUSIN,STONE,0.01,1043.194,3,3,1043.194,0.0,0.0,0.0,0.0,104319.4
1730591,IT,SE,REALE,HEALT,0.04,1043.11,3,3,1043.11,0.0,0.0,0.0,0.0,26077.75
1656660,IT,DE,PRINT,PLAS2,0.01,1043.049,3,3,1043.049,0.0,0.0,0.0,0.0,104304.9
1722856,IT,PT,PRINT,BRICK,0.01,1042.746,3,3,1042.746,0.0,0.0,0.0,0.0,104274.6
1770698,IT,AU,INSUR,SEACO,0.02,1042.475,3,3,1042.475,0.0,0.0,0.0,0.0,52123.75
1814539,IT,WM,BUSIN,PIGS9,0.01,1042.287,3,3,1042.287,0.0,0.0,0.0,0.0,104228.7
1759465,IT,BR,AUXIL,FABRI,0.02,1042.216,3,3,1042.216,0.0,0.0,0.0,0.0,52110.8
1780711,IT,TW,REALE,CERAM,0.04,1042.086,3,3,1042.086,0.0,0.0,0.0,0.0,26052.15
1672153,IT,FI,INSUR,WOODW,0.02,1042.086,3,3,1042.086,0.0,0.0,0.0,0.0,52104.3
1655062,IT,CZ,COMPU,GLASS,0.01,1042.021,3,3,1042.021,0.0,0.0,0.0,0.0,104202.1
1747820,IT,JP,REALE,CONST,0.04,1041.963,3,3,1041.963,0.0,0.0,0.0,0.0,26049.075
1646989,IT,BE,RETA1,LEATH,0.01,1041.902,3,3,1041.902,0.0,0.0,0.0,0.0,104190.2
1660211,IT,DE,POSTT,CATTL,0.02,1041.86,3,3,1041.86,0.0,0.0,0.0,0.0,52093.0
1654895,IT,CZ,FINAN,ELEC8,0.01,1041.618,3,3,1041.618,0.0,0.0,0.0,0.0,104161.8
1814265,IT,WM,POSTT,RADIO,0.02,1041.397,3,3,1041.397,0.0,0.0,0.0,0.0,52069.85
1727698,IT,RO,COMPU,PAPER,0.01,1041.372,3,3,1041.372,0.0,0.0,0.0,0.0,104137.2
1689853,IT,IE,INSUR,INTER,0.02,1041.246,3,3,1041.246,0.0,0.0,0.0,0.0,52062.3
1669384,IT,ES,INSUR,VEGE1,0.02,1041.122,3,3,1041.122,0.0,0.0,0.0,0.0,52056.1
1756972,IT,KR,COMPU,GASDI,0.01,1041.043,3,3,1041.043,0.0,0.0,0.0,0.0,104104.3
1762640,IT,IN,COMPU,ELEC2,0.01,1041.022,3,3,1041.022,0.0,0.0,0.0,0.0,104102.2
1650605,IT,BG,ELEC8,RAILW,0.01,1040.67,3,3,1040.67,0.0,0.0,0.0,0.0,104067.0
1762634,IT,IN,COMPU,PAPER,0.01,1040.513,3,3,1040.513,0.0,0.0,0.0,0.0,104051.3
1690550,IT,IE,RECRE,CEMEN,0.01,1040.17,3,3,1040.17,0.0,0.0,0.0,0.0,104017.0
1792306,IT,WA,FINAN,OILSE,0.01,1040.069,3,3,1040.069,0.0,0.0,0.0,0.0,104006.9
1677189,IT,FR,POSTT,TRAN1,0.02,1039.781,3,3,1039.781,0.0,0.0,0.0,0.0,51989.05
1654370,IT,CZ,ELE11,FISH5,0.02,1039.555,3,3,1039.555,0.0,0.0,0.0,0.0,51977.75
1651194,IT,BG,BUSIN,FURNI,0.01,1039.513,3,3,1039.513,0.0,0.0,0.0,0.0,103951.3
1711652,IT,LU,COMPU,RADIO,0.01,1039.422,3,3,1039.422,0.0,0.0,0.0,0.0,103942.2
1739795,IT,GB,POSTT,RETAI,0.02,1039.409,3,3,1039.409,0.0,0.0,0.0,0.0,51970.45
1689306,IT,IE,RETA1,ANIMA,0.01,1038.997,3,3,1038.997,0.0,0.0,0.0,0.0,103899.7
1756932,IT,KR,INSUR,BUSIN,0.02,1038.208,3,3,1038.208,0.0,0.0,0.0,0.0,51910.4
1680546,IT,GR,ELEC8,TEXTI,0.01,1038.156,3,3,1038.156,0.0,0.0,0.0,0.0,103815.6
1717353,IT,NL,FINAN,STEAM,0.01,1037.899,3,3,1037.899,0.0,0.0,0.0,0.0,103789.9
1669302,IT,ES,FINAN,LEAD1,0.01,1037.863,3,3,1037.863,0.0,0.0,0.0,0.0,103786.3
1689701,IT,IE,FINAN,CROPS,0.01,1037.799,3,3,1037.799,0.0,0.0,0.0,0.0,103779.9
1814262,IT,WM,POSTT,LEAD1,0.02,1037.785,3,3,1037.785,0.0,0.0,0.0,0.0,51889.25
1797293,IT,WL,AUXIL,CROPS,0.02,1037.668,3,3,1037.668,0.0,0.0,0.0,0.0,51883.4
1779457,IT,TR,REALE,93197,0.04,1037.661,3,3,1037.661,0.0,0.0,0.0,0.0,25941.525
1655212,IT,CZ,BUSIN,TEXT2,0.01,1037.281,3,3,1037.281,0.0,0.0,0.0,0.0,103728.1
1647733,IT,BE,INSUR,ELEC2,0.02,1037.232,3,3,1037.232,0.0,0.0,0.0,0.0,51861.6
1655246,IT,CZ,RECRE,SUPPO,0.01,1036.827,3,3,1036.827,0.0,0.0,0.0,0.0,103682.7
1659153,IT,DE,ELE11,BASIC,0.02,1036.694,3,3,1036.694,0.0,0.0,0.0,0.0,51834.7
1711767,IT,LU,PUBLI,RAWMI,0.02,1036.51,3,3,1036.51,0.0,0.0,0.0,0.0,51825.5
1672319,IT,FI,COMPU,EDUCA,0.01,1036.452,3,3,1036.452,0.0,0.0,0.0,0.0,103645.2
1662962,IT,DK,RETA1,INERT,0.01,1036.447,3,3,1036.447,0.0,0.0,0.0,0.0,103644.7
1721651,IT,PL,POSTT,INERT,0.02,1035.502,3,3,1035.502,0.0,0.0,0.0,0.0,51775.1
1689934,IT,IE,AUXIL,PAPE4,0.02,1034.826,3,3,1034.826,0.0,0.0,0.0,0.0,51741.3
1651891,IT,CY,POSTT,EDUCA,0.02,1034.656,3,3,1034.656,0.0,0.0,0.0,0.0,51732.8
1759786,IT,BR,BUSIN,BIOG1,0.01,1034.496,3,3,1034.496,0.0,0.0,0.0,0.0,103449.6
1736776,IT,SK,COMPU,WEARI,0.01,1034.405,3,3,1034.405,0.0,0.0,0.0,0.0,103440.5
1754294,IT,CA,FINAN,HEALT,0.01,1033.99,3,3,1033.99,0.0,0.0,0.0,0.0,103399.0
1684002,IT,HR,RETA1,MOTO1,0.01,1033.98,3,3,1033.98,0.0,0.0,0.0,0.0,103398.0
1688213,IT,HU,RECRE,CEMEN,0.01,1033.789,3,3,1033.789,0.0,0.0,0.0,0.0,103378.9
1736669,IT,SK,INSUR,SUPPO,0.02,1033.543,3,3,1033.543,0.0,0.0,0.0,0.0,51677.15
1770676,IT,AU,INSUR,PFERT,0.02,1033.394,3,3,1033.394,0.0,0.0,0.0,0.0,51669.7
1762371,IT,IN,POSTT,TOBAC,0.02,1033.232,3,3,1033.232,0.0,0.0,0.0,0.0,51661.6
1814249,IT,WM,POSTT,ETHAN,0.02,1033.231,3,3,1033.231,0.0,0.0,0.0,0.0,51661.55
1807370,IT,WF,FINAN,NONME,0.01,1033.125,3,3,1033.125,0.0,0.0,0.0,0.0,103312.5
1672149,IT,FI,FINAN,COMPU,0.01,1033.079,3,3,1033.079,0.0,0.0,0.0,0.0,103307.9
1721618,IT,PL,POSTT,TRAN1,0.02,1032.772,3,3,1032.772,0.0,0.0,0.0,0.0,51638.6
1677979,IT,FR,PUBLI,TRANS,0.02,1032.695,3,3,1032.695,0.0,0.0,0.0,0.0,51634.75
1717825,IT,NL,RECRE,AIRTR,0.01,1032.675,3,3,1032.675,0.0,0.0,0.0,0.0,103267.5
1793116,IT,WA,RECRE,STONE,0.01,1032.588,3,3,1032.588,0.0,0.0,0.0,0.0,103258.8
1651019,IT,BG,POSTT,GASDI,0.02,1032.411,3,3,1032.411,0.0,0.0,0.0,0.0,51620.55
1784959,IT,ID,INSUR,LEAD1,0.02,1032.393,3,3,1032.393,0.0,0.0,0.0,0.0,51619.65
1650480,IT,BG,ELEC5,COLLE,0.01,1032.369,3,3,1032.369,0.0,0.0,0.0,0.0,103236.9
1678005,IT,FR,EDUCA,RAWMI,0.03,1031.959,3,3,1031.959,0.0,0.0,0.0,0.0,34398.633333
1734132,IT,SI,AUXIL,CONST,0.02,1031.543,3,3,1031.543,0.0,0.0,0.0,0.0,51577.15
1672164,IT,FI,INSUR,REALE,0.02,1031.537,3,3,1031.537,0.0,0.0,0.0,0.0,51576.85
1714194,IT,MT,INSUR,TRAN1,0.02,1031.501,3,3,1031.501,0.0,0.0,0.0,0.0,51575.05
1675942,IT,FR,ELEC4,PULP5,0.02,1031.494,3,3,1031.494,0.0,0.0,0.0,0.0,51574.7
1739986,IT,GB,AUXIL,SEWAG,0.02,1031.391,3,3,1031.391,0.0,0.0,0.0,0.0,51569.55
1765049,IT,MX,INSUR,ELEC3,0.02,1031.375,3,3,1031.375,0.0,0.0,0.0,0.0,51568.75
1770745,IT,AU,AUXIL,EDUCA,0.02,1031.303,3,3,1031.303,0.0,0.0,0.0,0.0,51565.15
1672143,IT,FI,FINAN,MACHI,0.01,1031.067,3,3,1031.067,0.0,0.0,0.0,0.0,103106.7
1762369,IT,IN,POSTT,PROCE,0.02,1030.984,3,3,1030.984,0.0,0.0,0.0,0.0,51549.2
1724968,IT,PT,EDUCA,TEXTI,0.03,1030.943,3,3,1030.943,0.0,0.0,0.0,0.0,34364.766667
1802513,IT,WE,POSTT,RADIO,0.02,1030.77,3,3,1030.77,0.0,0.0,0.0,0.0,51538.5
1767828,IT,RU,AUXIL,TEXTI,0.02,1030.72,3,3,1030.72,0.0,0.0,0.0,0.0,51536.0
1669866,IT,ES,PUBLI,WEARI,0.02,1030.712,3,3,1030.712,0.0,0.0,0.0,0.0,51535.6
1690031,IT,IE,REALE,INERT,0.04,1030.389,3,3,1030.389,0.0,0.0,0.0,0.0,25759.725
1801781,IT,WE,ELEC4,HEAVY,0.02,1030.284,3,3,1030.284,0.0,0.0,0.0,0.0,51514.2
1779435,IT,TR,REALE,RETAI,0.04,1030.236,3,3,1030.236,0.0,0.0,0.0,0.0,25755.9
1672179,IT,FI,AUXIL,PULP5,0.02,1029.865,3,3,1029.865,0.0,0.0,0.0,0.0,51493.25
1802766,IT,WE,BUSIN,DAIRY,0.01,1029.632,3,3,1029.632,0.0,0.0,0.0,0.0,102963.2
1770851,IT,AU,BUSIN,LIQUE,0.01,1029.387,3,3,1029.387,0.0,0.0,0.0,0.0,102938.7
1807686,IT,WF,BUSIN,PAPER,0.01,1029.357,3,3,1029.357,0.0,0.0,0.0,0.0,102935.7
1644121,IT,AT,EDUCA,93197,0.03,1029.331,3,3,1029.331,0.0,0.0,0.0,0.0,34311.033333
1736790,IT,SK,COMPU,NONF1,0.01,1029.331,3,3,1029.331,0.0,0.0,0.0,0.0,102933.1
1767854,IT,RU,AUXIL,DISTR,0.02,1028.922,3,3,1028.922,0.0,0.0,0.0,0.0,51446.1
1647761,IT,BE,INSUR,HEALT,0.02,1028.869,3,3,1028.869,0.0,0.0,0.0,0.0,51443.45
1651914,IT,CY,INSUR,BUSIN,0.02,1028.841,3,3,1028.841,0.0,0.0,0.0,0.0,51442.05
1762086,IT,IN,RETA1,COLLE,0.01,1028.773,3,3,1028.773,0.0,0.0,0.0,0.0,102877.3
1767687,IT,RU,FINAN,CEREA,0.01,1028.71,3,3,1028.71,0.0,0.0,0.0,0.0,102871.0
1648140,IT,BE,BUSIN,SUGAR,0.01,1028.702,3,3,1028.702,0.0,0.0,0.0,0.0,102870.2
1751877,IT,CN,COMPU,DAIRY,0.01,1028.451,3,3,1028.451,0.0,0.0,0.0,0.0,102845.1
1714009,IT,MT,RETA1,SEACO,0.01,1028.434,3,3,1028.434,0.0,0.0,0.0,0.0,102843.4
1779358,IT,TR,INSUR,SUPPO,0.02,1028.244,3,3,1028.244,0.0,0.0,0.0,0.0,51412.2
1802512,IT,WE,POSTT,OFFIC,0.02,1028.137,3,3,1028.137,0.0,0.0,0.0,0.0,51406.85
1654454,IT,CZ,RETA1,FABRI,0.01,1028.029,3,3,1028.029,0.0,0.0,0.0,0.0,102802.9
1736621,IT,SK,FINAN,MOTOR,0.01,1027.997,3,3,1027.997,0.0,0.0,0.0,0.0,102799.7
1669321,IT,ES,FINAN,ELEC7,0.01,1027.893,3,3,1027.893,0.0,0.0,0.0,0.0,102789.3
1802562,IT,WE,FINAN,ELECT,0.01,1027.749,3,3,1027.749,0.0,0.0,0.0,0.0,102774.9
1764672,IT,MX,RETA1,MEMBE,0.01,1027.516,3,3,1027.516,0.0,0.0,0.0,0.0,102751.6
1688200,IT,HU,BUSIN,WOOD2,0.01,1027.419,3,3,1027.419,0.0,0.0,0.0,0.0,102741.9
1747330,IT,JP,RETA1,PIGS9,0.01,1027.124,3,3,1027.124,0.0,0.0,0.0,0.0,102712.4
1780536,IT,TW,FINAN,VEGET,0.01,1027.059,3,3,1027.059,0.0,0.0,0.0,0.0,102705.9
1730846,IT,SE,BUSIN,PLAS2,0.01,1027.002,3,3,1027.002,0.0,0.0,0.0,0.0,102700.2
1756979,IT,KR,COMPU,ELECT,0.01,1026.528,3,3,1026.528,0.0,0.0,0.0,0.0,102652.8
1687787,IT,HU,POSTT,BEVER,0.02,1026.381,3,3,1026.381,0.0,0.0,0.0,0.0,51319.05
1727526,IT,RO,AUXIL,TEXT2,0.02,1026.067,3,3,1026.067,0.0,0.0,0.0,0.0,51303.35
1797296,IT,WL,AUXIL,NATUR,0.02,1025.979,3,3,1025.979,0.0,0.0,0.0,0.0,51298.95
1734348,IT,SI,BUSIN,INERT,0.01,1025.952,3,3,1025.952,0.0,0.0,0.0,0.0,102595.2
1762735,IT,IN,BUSIN,BRICK,0.01,1025.863,3,3,1025.863,0.0,0.0,0.0,0.0,102586.3
1647773,IT,BE,AUXIL,STONE,0.02,1025.722,3,3,1025.722,0.0,0.0,0.0,0.0,51286.1
1792356,IT,WA,FINAN,RETAI,0.01,1025.653,3,3,1025.653,0.0,0.0,0.0,0.0,102565.3
1654452,IT,CZ,RETA1,ALUM1,0.01,1025.118,3,3,1025.118,0.0,0.0,0.0,0.0,102511.8
1765110,IT,MX,REALE,TRANS,0.04,1024.566,3,3,1024.566,0.0,0.0,0.0,0.0,25614.15
1724732,IT,PT,AUXIL,POSTT,0.02,1024.231,3,3,1024.231,0.0,0.0,0.0,0.0,51211.55
1792262,IT,WA,POSTT,MACHI,0.02,1023.89,3,3,1023.89,0.0,0.0,0.0,0.0,51194.5
1744525,IT,US,REALE,NONME,0.04,1023.779,3,3,1023.779,0.0,0.0,0.0,0.0,25594.475
1669320,IT,ES,FINAN,ELEC6,0.01,1023.67,3,3,1023.67,0.0,0.0,0.0,0.0,102367.0
1783250,IT,NO,PUBLI,CHEM1,0.02,1023.528,3,3,1023.528,0.0,0.0,0.0,0.0,51176.4
1814301,IT,WM,FINAN,CEREA,0.01,1023.439,3,3,1023.439,0.0,0.0,0.0,0.0,102343.9
1744358,IT,US,FINAN,93197,0.01,1023.36,3,3,1023.36,0.0,0.0,0.0,0.0,102336.0
1687811,IT,HU,POSTT,RAILW,0.02,1023.34,3,3,1023.34,0.0,0.0,0.0,0.0,51167.0
1722256,IT,PL,RECRE,PLAST,0.01,1023.29,3,3,1023.29,0.0,0.0,0.0,0.0,102329.0
1797284,IT,WL,INSUR,FURNI,0.02,1023.008,3,3,1023.008,0.0,0.0,0.0,0.0,51150.4
1783041,IT,NO,INSUR,VEGE1,0.02,1022.821,3,3,1022.821,0.0,0.0,0.0,0.0,51141.05
1751094,IT,CN,RETA1,COKEO,0.01,1022.475,3,3,1022.475,0.0,0.0,0.0,0.0,102247.5
1779429,IT,TR,REALE,TRANS,0.04,1022.427,3,3,1022.427,0.0,0.0,0.0,0.0,25560.675
1689863,IT,IE,INSUR,WOOD2,0.02,1022.366,3,3,1022.366,0.0,0.0,0.0,0.0,51118.3
1651046,IT,BG,POSTT,HEALT,0.02,1022.232,3,3,1022.232,0.0,0.0,0.0,0.0,51111.6
1779139,IT,TR,POSTT,CATTL,0.02,1022.229,3,3,1022.229,0.0,0.0,0.0,0.0,51111.45
1751641,IT,CN,FINAN,ELECT,0.01,1022.177,3,3,1022.177,0.0,0.0,0.0,0.0,102217.7
1792396,IT,WA,INSUR,GASDI,0.02,1022.037,3,3,1022.037,0.0,0.0,0.0,0.0,51101.85
1784908,IT,ID,POSTT,ELEC1,0.02,1022.017,3,3,1022.017,0.0,0.0,0.0,0.0,51100.85
1651121,IT,BG,COMPU,SALEM,0.01,1021.858,3,3,1021.858,0.0,0.0,0.0,0.0,102185.8
1661056,IT,DE,PUBLI,GASDI,0.02,1021.621,3,3,1021.621,0.0,0.0,0.0,0.0,51081.05
1724721,IT,PT,AUXIL,FABRI,0.02,1021.541,3,3,1021.541,0.0,0.0,0.0,0.0,51077.05
1784960,IT,ID,INSUR,COPP1,0.02,1021.195,3,3,1021.195,0.0,0.0,0.0,0.0,51059.75
1814294,IT,WM,POSTT,FOOD3,0.02,1021.119,3,3,1021.119,0.0,0.0,0.0,0.0,51055.95
1756911,IT,KR,FINAN,HEALT,0.01,1020.972,3,3,1020.972,0.0,0.0,0.0,0.0,102097.2
1744182,IT,US,POSTT,PLANT,0.02,1020.953,3,3,1020.953,0.0,0.0,0.0,0.0,51047.65
1791547,IT,WA,RETA1,COPP1,0.01,1020.814,3,3,1020.814,0.0,0.0,0.0,0.0,102081.4
1724983,IT,PT,EDUCA,RETA1,0.03,1020.121,3,3,1020.121,0.0,0.0,0.0,0.0,34004.033333
1684508,IT,HR,BUSIN,SUGAR,0.01,1020.088,3,3,1020.088,0.0,0.0,0.0,0.0,102008.8
1814457,IT,WM,COMPU,COLLE,0.01,1019.921,3,3,1019.921,0.0,0.0,0.0,0.0,101992.1
1730382,IT,SE,POSTT,CEREA,0.02,1019.884,3,3,1019.884,0.0,0.0,0.0,0.0,50994.2
1762450,IT,IN,FINAN,CRUDE,0.01,1019.832,3,3,1019.832,0.0,0.0,0.0,0.0,101983.2
1714193,IT,MT,INSUR,TRANS,0.02,1019.815,3,3,1019.815,0.0,0.0,0.0,0.0,50990.75
1655102,IT,CZ,COMPU,MEMBE,0.01,1019.759,3,3,1019.759,0.0,0.0,0.0,0.0,101975.9
1680543,IT,GR,ELEC8,DAIRY,0.01,1019.733,3,3,1019.733,0.0,0.0,0.0,0.0,101973.3
1724112,IT,PT,RETA1,VEGE1,0.01,1019.626,3,3,1019.626,0.0,0.0,0.0,0.0,101962.6
1792734,IT,WA,BUSIN,ETHAN,0.01,1019.38,3,3,1019.38,0.0,0.0,0.0,0.0,101938.0
1672419,IT,FI,BUSIN,INLAN,0.01,1019.259,3,3,1019.259,0.0,0.0,0.0,0.0,101925.9
1792568,IT,WA,COMPU,CROPS,0.01,1018.992,3,3,1018.992,0.0,0.0,0.0,0.0,101899.2
1814571,IT,WM,BUSIN,NONSP,0.01,1018.854,3,3,1018.854,0.0,0.0,0.0,0.0,101885.4
1752131,IT,CN,BUSIN,COKE1,0.01,1018.295,3,3,1018.295,0.0,0.0,0.0,0.0,101829.5
1643856,IT,AT,INSUR,RESEA,0.02,1018.154,3,3,1018.154,0.0,0.0,0.0,0.0,50907.7
1684431,IT,HR,INSUR,PUBLI,0.02,1017.919,3,3,1017.919,0.0,0.0,0.0,0.0,50895.95
1759340,IT,BR,FINAN,BEVER,0.01,1017.88,3,3,1017.88,0.0,0.0,0.0,0.0,101788.0
1807313,IT,WF,POSTT,RADIO,0.02,1017.853,3,3,1017.853,0.0,0.0,0.0,0.0,50892.65
1740014,IT,GB,REALE,RESEA,0.04,1017.195,3,3,1017.195,0.0,0.0,0.0,0.0,25429.875
1754376,IT,CA,AUXIL,MOTO1,0.02,1017.068,3,3,1017.068,0.0,0.0,0.0,0.0,50853.4
1793317,IT,WA,PRIVA,DIST1,0.23,1016.859,3,3,1016.859,0.0,0.0,0.0,0.0,4421.126087
1670198,IT,ES,RECRE,NONME,0.01,1016.836,3,3,1016.836,0.0,0.0,0.0,0.0,101683.6
1798053,IT,WL,MEMBE,NONF1,0.01,1016.529,3,3,1016.529,0.0,0.0,0.0,0.0,101652.9
1751781,IT,CN,AUXIL,FOUND,0.02,1016.181,3,3,1016.181,0.0,0.0,0.0,0.0,50809.05
1780517,IT,TW,POSTT,RAILW,0.02,1016.142,3,3,1016.142,0.0,0.0,0.0,0.0,50807.1
1712832,IT,LV,AUXIL,FORES,0.02,1015.791,3,3,1015.791,0.0,0.0,0.0,0.0,50789.55
1807752,IT,WF,PUBLI,HEAVY,0.02,1015.72,3,3,1015.72,0.0,0.0,0.0,0.0,50786.0
1654334,IT,CZ,ELEC4,PFERT,0.02,1015.572,3,3,1015.572,0.0,0.0,0.0,0.0,50778.6
1726864,IT,RO,RETA1,PULP5,0.01,1015.401,3,3,1015.401,0.0,0.0,0.0,0.0,101540.1
1779392,IT,TR,REALE,VEGET,0.04,1015.388,3,3,1015.388,0.0,0.0,0.0,0.0,25384.7
1669990,IT,ES,EDUCA,FOOD4,0.03,1015.373,3,3,1015.373,0.0,0.0,0.0,0.0,33845.766667
1797206,IT,WL,FINAN,TOBAC,0.01,1015.364,3,3,1015.364,0.0,0.0,0.0,0.0,101536.4
1759445,IT,BR,AUXIL,VEGET,0.02,1015.269,3,3,1015.269,0.0,0.0,0.0,0.0,50763.45
1721569,IT,PL,POSTT,WHEAT,0.02,1015.257,3,3,1015.257,0.0,0.0,0.0,0.0,50762.85
1643905,IT,AT,REALE,AIRTR,0.04,1015.234,3,3,1015.234,0.0,0.0,0.0,0.0,25380.85
1744202,IT,US,POSTT,FISH5,0.02,1015.198,3,3,1015.198,0.0,0.0,0.0,0.0,50759.9
1814370,IT,WM,INSUR,REALE,0.02,1014.933,3,3,1014.933,0.0,0.0,0.0,0.0,50746.65
1710588,IT,LT,BUSIN,HEALT,0.01,1014.62,3,3,1014.62,0.0,0.0,0.0,0.0,101462.0
1651064,IT,BG,INSUR,GASDI,0.02,1014.491,3,3,1014.491,0.0,0.0,0.0,0.0,50724.55
1687818,IT,HU,POSTT,AUXIL,0.02,1014.257,3,3,1014.257,0.0,0.0,0.0,0.0,50712.85
1680742,IT,GR,RETA1,ELEC1,0.01,1014.214,3,3,1014.214,0.0,0.0,0.0,0.0,101421.4
1654892,IT,CZ,POSTT,MEMBE,0.02,1014.068,3,3,1014.068,0.0,0.0,0.0,0.0,50703.4
1672103,IT,FI,POSTT,GASDI,0.02,1014.059,3,3,1014.059,0.0,0.0,0.0,0.0,50702.95
1654849,IT,CZ,POSTT,CEMEN,0.02,1013.996,3,3,1013.996,0.0,0.0,0.0,0.0,50699.8
1655072,IT,CZ,COMPU,TRANS,0.01,1013.878,3,3,1013.878,0.0,0.0,0.0,0.0,101387.8
1783256,IT,NO,PUBLI,RETA1,0.02,1013.831,3,3,1013.831,0.0,0.0,0.0,0.0,50691.55
1643149,IT,AT,RETA1,ELEC8,0.01,1013.413,3,3,1013.413,0.0,0.0,0.0,0.0,101341.3
1672228,IT,FI,REALE,CEMEN,0.04,1013.285,3,3,1013.285,0.0,0.0,0.0,0.0,25332.125
1675964,IT,FR,ELEC4,COLLE,0.02,1013.253,3,3,1013.253,0.0,0.0,0.0,0.0,50662.65
1689799,IT,IE,INSUR,HEAVY,0.02,1013.11,3,3,1013.11,0.0,0.0,0.0,0.0,50655.5
1802695,IT,WE,COMPU,CHEM1,0.01,1013.047,3,3,1013.047,0.0,0.0,0.0,0.0,101304.7
1780539,IT,TW,FINAN,LEADZ,0.01,1012.668,3,3,1012.668,0.0,0.0,0.0,0.0,101266.8
1784767,IT,ID,RETA1,RENTI,0.01,1012.182,3,3,1012.182,0.0,0.0,0.0,0.0,101218.2
1762570,IT,IN,AUXIL,KEROS,0.02,1012.015,3,3,1012.015,0.0,0.0,0.0,0.0,50600.75
1807579,IT,WF,COMPU,RETAI,0.01,1011.994,3,3,1011.994,0.0,0.0,0.0,0.0,101199.4
1781078,IT,TW,PUBLI,CEMEN,0.02,1011.944,3,3,1011.944,0.0,0.0,0.0,0.0,50597.2
1683994,IT,HR,RETA1,WEARI,0.01,1011.822,3,3,1011.822,0.0,0.0,0.0,0.0,101182.2
1650572,IT,BG,ELEC8,PRECI,0.01,1011.584,3,3,1011.584,0.0,0.0,0.0,0.0,101158.4
1654848,IT,CZ,POSTT,GLASS,0.02,1011.32,3,3,1011.32,0.0,0.0,0.0,0.0,50566.0
1730497,IT,SE,FINAN,DISTR,0.01,1011.072,3,3,1011.072,0.0,0.0,0.0,0.0,101107.2
1744445,IT,US,AUXIL,ELEC2,0.02,1010.963,3,3,1010.963,0.0,0.0,0.0,0.0,50548.15
1663371,IT,DK,POSTT,CROPS,0.02,1010.582,3,3,1010.582,0.0,0.0,0.0,0.0,50529.1
1787094,IT,ZA,BUSIN,NONME,0.01,1010.531,3,3,1010.531,0.0,0.0,0.0,0.0,101053.1
1689321,IT,IE,RETA1,PROCE,0.01,1010.499,3,3,1010.499,0.0,0.0,0.0,0.0,101049.9
1643803,IT,AT,FINAN,NONFE,0.01,1010.411,3,3,1010.411,0.0,0.0,0.0,0.0,101041.1
1797157,IT,WL,POSTT,ELE11,0.02,1010.323,3,3,1010.323,0.0,0.0,0.0,0.0,50516.15
1782752,IT,NO,RETA1,93197,0.01,1010.149,3,3,1010.149,0.0,0.0,0.0,0.0,101014.9
1806792,IT,WF,RETA1,PROCE,0.01,1010.0,3,3,1010.0,0.0,0.0,0.0,0.0,101000.0
1659066,IT,DE,ELEC4,FURNI,0.02,1009.999,3,3,1009.999,0.0,0.0,0.0,0.0,50499.95
1754311,IT,CA,INSUR,TOBAC,0.02,1008.853,3,3,1008.853,0.0,0.0,0.0,0.0,50442.65
1787001,IT,ZA,INSUR,PFERT,0.02,1008.817,3,3,1008.817,0.0,0.0,0.0,0.0,50440.85
1792862,IT,WA,EDUCA,MOTO1,0.03,1008.775,3,3,1008.775,0.0,0.0,0.0,0.0,33625.833333
1736222,IT,SK,RETA1,DAIRY,0.01,1008.578,3,3,1008.578,0.0,0.0,0.0,0.0,100857.8
1806833,IT,WF,RETA1,ELEC1,0.01,1008.485,3,3,1008.485,0.0,0.0,0.0,0.0,100848.5
1754236,IT,CA,POSTT,NONF1,0.02,1008.355,3,3,1008.355,0.0,0.0,0.0,0.0,50417.75
1654346,IT,CZ,ELEC4,REALE,0.02,1008.17,3,3,1008.17,0.0,0.0,0.0,0.0,50408.5
1759594,IT,BR,COMPU,SEACO,0.01,1007.961,3,3,1007.961,0.0,0.0,0.0,0.0,100796.1
1770774,IT,AU,COMPU,DAIRY,0.01,1007.905,3,3,1007.905,0.0,0.0,0.0,0.0,100790.5
1814835,IT,WM,MEMBE,LIQUE,0.01,1007.895,3,3,1007.895,0.0,0.0,0.0,0.0,100789.5
1748300,IT,JP,MEMBE,PAPE1,0.01,1007.856,3,3,1007.856,0.0,0.0,0.0,0.0,100785.6
1724754,IT,PT,REALE,HEALT,0.04,1007.712,3,3,1007.712,0.0,0.0,0.0,0.0,25192.8
1688061,IT,HU,COMPU,ELEC5,0.01,1007.545,3,3,1007.545,0.0,0.0,0.0,0.0,100754.5
1759539,IT,BR,COMPU,POULT,0.01,1007.513,3,3,1007.513,0.0,0.0,0.0,0.0,100751.3
1744415,IT,US,AUXIL,BITUM,0.02,1007.414,3,3,1007.414,0.0,0.0,0.0,0.0,50370.7
1759566,IT,BR,COMPU,CEMEN,0.01,1007.281,3,3,1007.281,0.0,0.0,0.0,0.0,100728.1
1764985,IT,MX,FINAN,RUBBE,0.01,1007.275,3,3,1007.275,0.0,0.0,0.0,0.0,100727.5
1678456,IT,FR,RECRE,KEROS,0.01,1007.141,3,3,1007.141,0.0,0.0,0.0,0.0,100714.1
1775115,IT,CH,COMPU,ELECT,0.01,1006.497,3,3,1006.497,0.0,0.0,0.0,0.0,100649.7
1722064,IT,PL,BUSIN,PRECI,0.01,1006.401,3,3,1006.401,0.0,0.0,0.0,0.0,100640.1
1793305,IT,WA,PRIVA,ELEC3,0.22,1006.259,3,3,1006.259,0.0,0.0,0.0,0.0,4573.904545
1651902,IT,CY,INSUR,ELEC8,0.02,1006.128,3,3,1006.128,0.0,0.0,0.0,0.0,50306.4
1792440,IT,WA,AUXIL,MEATC,0.02,1005.901,3,3,1005.901,0.0,0.0,0.0,0.0,50295.05
1774867,IT,CH,FINAN,AIRTR,0.01,1005.767,3,3,1005.767,0.0,0.0,0.0,0.0,100576.7
1748126,IT,JP,PUBLI,SUPPO,0.02,1005.464,3,3,1005.464,0.0,0.0,0.0,0.0,50273.2
1765074,IT,MX,INSUR,MEMBE,0.02,1005.223,3,3,1005.223,0.0,0.0,0.0,0.0,50261.15
1643797,IT,AT,FINAN,CROPS,0.01,1004.858,3,3,1004.858,0.0,0.0,0.0,0.0,100485.8
1721844,IT,PL,REALE,MOTO1,0.04,1004.277,3,3,1004.277,0.0,0.0,0.0,0.0,25106.925
1647711,IT,BE,INSUR,LIQUE,0.02,1004.095,3,3,1004.095,0.0,0.0,0.0,0.0,50204.75
1782712,IT,NO,RETA1,BEVER,0.01,1003.862,3,3,1003.862,0.0,0.0,0.0,0.0,100386.2
1681477,IT,GR,COMPU,AUXIL,0.01,1003.668,3,3,1003.668,0.0,0.0,0.0,0.0,100366.8
1780969,IT,TW,BUSIN,KERO1,0.01,1003.626,3,3,1003.626,0.0,0.0,0.0,0.0,100362.6
1745098,IT,US,PUBLI,TEXT1,0.02,1003.44,3,3,1003.44,0.0,0.0,0.0,0.0,50172.0
1710347,IT,LT,RETA1,GLASS,0.01,1003.424,3,3,1003.424,0.0,0.0,0.0,0.0,100342.4
1654336,IT,CZ,ELEC4,ALUM1,0.02,1003.374,3,3,1003.374,0.0,0.0,0.0,0.0,50168.7
1661075,IT,DE,PUBLI,ELEC7,0.02,1003.173,3,3,1003.173,0.0,0.0,0.0,0.0,50158.65
1654351,IT,CZ,ELEC5,OFFIC,0.01,1003.023,3,3,1003.023,0.0,0.0,0.0,0.0,100302.3
1764982,IT,MX,POSTT,93197,0.02,1002.819,3,3,1002.819,0.0,0.0,0.0,0.0,50140.95
1775432,IT,CH,EDUCA,HEALT,0.03,1002.364,3,3,1002.364,0.0,0.0,0.0,0.0,33412.133333
1775382,IT,CH,PUBLI,NONME,0.02,1002.268,3,3,1002.268,0.0,0.0,0.0,0.0,50113.4
1754332,IT,CA,INSUR,NONF1,0.02,1002.117,3,3,1002.117,0.0,0.0,0.0,0.0,50105.85
1681608,IT,GR,PUBLI,CHEM1,0.02,1002.061,3,3,1002.061,0.0,0.0,0.0,0.0,50103.05
1770843,IT,AU,BUSIN,TEXTI,0.01,1002.033,3,3,1002.033,0.0,0.0,0.0,0.0,100203.3
1655140,IT,CZ,BUSIN,LIQUE,0.01,1001.977,3,3,1001.977,0.0,0.0,0.0,0.0,100197.7
1711568,IT,LU,FINAN,ALUM1,0.01,1001.88,3,3,1001.88,0.0,0.0,0.0,0.0,100188.0
1733436,IT,SI,ELE11,PULP5,0.01,1001.871,3,3,1001.871,0.0,0.0,0.0,0.0,100187.1
1792426,IT,WA,INSUR,93197,0.02,1001.87,3,3,1001.87,0.0,0.0,0.0,0.0,50093.5
1688190,IT,HU,BUSIN,PAPE1,0.01,1001.83,3,3,1001.83,0.0,0.0,0.0,0.0,100183.0
1690551,IT,IE,RECRE,FABRI,0.01,1001.589,3,3,1001.589,0.0,0.0,0.0,0.0,100158.9
1767744,IT,RU,FINAN,EDUCA,0.01,1001.516,3,3,1001.516,0.0,0.0,0.0,0.0,100151.6
1724131,IT,PT,RETA1,LEAD1,0.01,1001.275,3,3,1001.275,0.0,0.0,0.0,0.0,100127.5
1680465,IT,GR,ELEC5,KEROS,0.01,1001.105,3,3,1001.105,0.0,0.0,0.0,0.0,100110.5
1791559,IT,WA,RETA1,ELEC1,0.01,1001.104,3,3,1001.104,0.0,0.0,0.0,0.0,100110.4
1664747,IT,EE,REALE,RAILW,0.04,1000.716,3,3,1000.716,0.0,0.0,0.0,0.0,25017.9
1807289,IT,WF,POSTT,LEATH,0.02,1000.693,3,3,1000.693,0.0,0.0,0.0,0.0,50034.65
1748299,IT,JP,MEMBE,FOODW,0.01,1000.542,3,3,1000.542,0.0,0.0,0.0,0.0,100054.2
1768021,IT,RU,BUSIN,SANDC,0.01,1000.526,3,3,1000.526,0.0,0.0,0.0,0.0,100052.6
1797327,IT,WL,AUXIL,93197,0.02,1000.107,3,3,1000.107,0.0,0.0,0.0,0.0,50005.35
1681465,IT,GR,COMPU,ELEC5,0.01,999.68,3,3,999.68,0.0,0.0,0.0,0.0,99968.0
1659553,IT,DE,RETA1,FOOD3,0.01,999.273,3,3,999.273,0.0,0.0,0.0,0.0,99927.3
1770682,IT,AU,INSUR,MACHI,0.02,999.109,3,3,999.109,0.0,0.0,0.0,0.0,49955.45
1655226,IT,CZ,EDUCA,FINAN,0.02,999.023,3,3,999.023,0.0,0.0,0.0,0.0,49951.15
1726869,IT,RO,RETA1,CERAM,0.01,998.773,3,3,998.773,0.0,0.0,0.0,0.0,99877.3
1736247,IT,SK,RETA1,INTER,0.01,998.759,3,3,998.759,0.0,0.0,0.0,0.0,99875.9
1722210,IT,PL,PUBLI,COMPU,0.02,998.303,3,3,998.303,0.0,0.0,0.0,0.0,49915.15
1684404,IT,HR,POSTT,MEMBE,0.02,997.719,3,3,997.719,0.0,0.0,0.0,0.0,49885.95
1689734,IT,IE,FINAN,ELEC2,0.01,997.649,3,3,997.649,0.0,0.0,0.0,0.0,99764.9
1710576,IT,LT,BUSIN,DISTR,0.01,997.595,3,3,997.595,0.0,0.0,0.0,0.0,99759.5
1736231,IT,SK,RETA1,MOTO1,0.01,997.38,3,3,997.38,0.0,0.0,0.0,0.0,99738.0
1724654,IT,PT,INSUR,FISH5,0.02,997.21,3,3,997.21,0.0,0.0,0.0,0.0,49860.5
1660224,IT,DE,POSTT,MEAT4,0.02,997.023,3,3,997.023,0.0,0.0,0.0,0.0,49851.15
1647631,IT,BE,POSTT,HEALT,0.02,996.954,3,3,996.954,0.0,0.0,0.0,0.0,49847.7
1672309,IT,FI,COMPU,FABRI,0.01,996.721,3,3,996.721,0.0,0.0,0.0,0.0,99672.1
1754441,IT,CA,COMPU,SUPPO,0.01,996.54,3,3,996.54,0.0,0.0,0.0,0.0,99654.0
1690205,IT,IE,BUSIN,ELEC2,0.01,996.355,3,3,996.355,0.0,0.0,0.0,0.0,99635.5
1724166,IT,PT,RETA1,PAPE4,0.01,996.116,3,3,996.116,0.0,0.0,0.0,0.0,99611.6
1767705,IT,RU,FINAN,CEMEN,0.01,996.094,3,3,996.094,0.0,0.0,0.0,0.0,99609.4
1787060,IT,ZA,COMPU,RETA1,0.01,995.919,3,3,995.919,0.0,0.0,0.0,0.0,99591.9
1759324,IT,BR,FINAN,CEREA,0.01,995.831,3,3,995.831,0.0,0.0,0.0,0.0,99583.1
1740310,IT,GB,PUBLI,CERAM,0.02,995.805,3,3,995.805,0.0,0.0,0.0,0.0,49790.25
1768233,IT,RU,EDUCA,COMPU,0.02,995.762,3,3,995.762,0.0,0.0,0.0,0.0,49788.1
1736897,IT,SK,BUSIN,AIRTR,0.01,995.549,3,3,995.549,0.0,0.0,0.0,0.0,99554.9
1774188,IT,CH,RETA1,MEAT4,0.01,995.483,3,3,995.483,0.0,0.0,0.0,0.0,99548.3
1734378,IT,SI,RECRE,MEMBE,0.01,995.391,3,3,995.391,0.0,0.0,0.0,0.0,99539.1
1781042,IT,TW,PUBLI,CROPS,0.02,995.266,3,3,995.266,0.0,0.0,0.0,0.0,49763.3
1710555,IT,LT,POSTT,BUSIN,0.02,995.208,3,3,995.208,0.0,0.0,0.0,0.0,49760.4
1730700,IT,SE,COMPU,ELEC5,0.01,995.205,3,3,995.205,0.0,0.0,0.0,0.0,99520.5
1669940,IT,ES,EDUCA,GLASS,0.02,995.127,3,3,995.127,0.0,0.0,0.0,0.0,49756.35
1681601,IT,GR,PUBLI,FOOD5,0.02,995.078,3,3,995.078,0.0,0.0,0.0,0.0,49753.9
1676008,IT,FR,ELEC5,CONST,0.01,995.057,3,3,995.057,0.0,0.0,0.0,0.0,99505.7
1770780,IT,AU,COMPU,MOTOR,0.01,995.01,3,3,995.01,0.0,0.0,0.0,0.0,99501.0
1672307,IT,FI,COMPU,PAPER,0.01,994.989,3,3,994.989,0.0,0.0,0.0,0.0,99498.9
1734110,IT,SI,INSUR,EDUCA,0.02,994.777,3,3,994.777,0.0,0.0,0.0,0.0,49738.85
1647860,IT,BE,AUXIL,TEXT1,0.02,994.639,3,3,994.639,0.0,0.0,0.0,0.0,49731.95
1734008,IT,SI,POSTT,RAILW,0.02,994.606,3,3,994.606,0.0,0.0,0.0,0.0,49730.3
1721858,IT,PL,REALE,RAILW,0.04,994.57,3,3,994.57,0.0,0.0,0.0,0.0,24864.25
1717694,IT,NL,BUSIN,COKE1,0.01,994.542,3,3,994.542,0.0,0.0,0.0,0.0,99454.2
1775365,IT,CH,PUBLI,FOOD5,0.02,994.365,3,3,994.365,0.0,0.0,0.0,0.0,49718.25
1793236,IT,WA,PRIVA,NONFE,0.22,994.36,3,3,994.36,0.0,0.0,0.0,0.0,4519.818182
1747334,IT,JP,RETA1,DAIRY,0.01,994.172,3,3,994.172,0.0,0.0,0.0,0.0,99417.2
1774993,IT,CH,AUXIL,EDUCA,0.02,993.732,3,3,993.732,0.0,0.0,0.0,0.0,49686.6
1792843,IT,WA,EDUCA,LIQUE,0.02,993.6,3,3,993.6,0.0,0.0,0.0,0.0,49680.0
1727283,IT,RO,POSTT,CEREA,0.02,993.48,3,3,993.48,0.0,0.0,0.0,0.0,49674.0
1770662,IT,AU,INSUR,WHEAT,0.02,993.433,3,3,993.433,0.0,0.0,0.0,0.0,49671.65
1710569,IT,LT,BUSIN,VEGET,0.01,993.379,3,3,993.379,0.0,0.0,0.0,0.0,99337.9
1736600,IT,SK,POSTT,SALEM,0.02,993.185,3,3,993.185,0.0,0.0,0.0,0.0,49659.25
1759615,IT,BR,COMPU,WOOD2,0.01,993.14,3,3,993.14,0.0,0.0,0.0,0.0,99314.0
1681461,IT,GR,COMPU,MACHI,0.01,993.125,3,3,993.125,0.0,0.0,0.0,0.0,99312.5
1717567,IT,NL,COMPU,NONF1,0.01,992.893,3,3,992.893,0.0,0.0,0.0,0.0,99289.3
1775587,IT,CH,RECRE,ELECT,0.01,992.471,3,3,992.471,0.0,0.0,0.0,0.0,99247.1
1711792,IT,LU,PUBLI,SALEM,0.02,992.408,3,3,992.408,0.0,0.0,0.0,0.0,49620.4
1734026,IT,SI,FINAN,DAIRY,0.01,992.353,3,3,992.353,0.0,0.0,0.0,0.0,99235.3
1663571,IT,DK,COMPU,OILHA,0.01,992.1,3,3,992.1,0.0,0.0,0.0,0.0,99210.0
1759471,IT,BR,AUXIL,FURNI,0.02,991.998,3,3,991.998,0.0,0.0,0.0,0.0,49599.9
1671836,IT,FI,RETA1,RETAI,0.01,991.684,3,3,991.684,0.0,0.0,0.0,0.0,99168.4
1669988,IT,ES,EDUCA,FOOD2,0.02,991.451,3,3,991.451,0.0,0.0,0.0,0.0,49572.55
1744674,IT,US,COMPU,GLASS,0.01,991.266,3,3,991.266,0.0,0.0,0.0,0.0,99126.6
1770849,IT,AU,BUSIN,KEROS,0.01,991.227,3,3,991.227,0.0,0.0,0.0,0.0,99122.7
1786938,IT,ZA,POSTT,BITUM,0.02,991.03,3,3,991.03,0.0,0.0,0.0,0.0,49551.5
1663572,IT,DK,COMPU,SEWAG,0.01,990.96,3,3,990.96,0.0,0.0,0.0,0.0,99096.0
1775279,IT,CH,BUSIN,BIODI,0.01,990.686,3,3,990.686,0.0,0.0,0.0,0.0,99068.6
1734201,IT,SI,REALE,COMPU,0.04,990.343,3,3,990.343,0.0,0.0,0.0,0.0,24758.575
1787088,IT,ZA,BUSIN,KEROS,0.01,990.331,3,3,990.331,0.0,0.0,0.0,0.0,99033.1
1722189,IT,PL,PUBLI,RUBBE,0.02,990.305,3,3,990.305,0.0,0.0,0.0,0.0,49515.25
1660882,IT,DE,COMPU,FOOD4,0.01,990.267,3,3,990.267,0.0,0.0,0.0,0.0,99026.7
1767823,IT,RU,AUXIL,NATUR,0.02,990.198,3,3,990.198,0.0,0.0,0.0,0.0,49509.9
1814832,IT,WM,MEMBE,MOTOR,0.01,990.172,3,3,990.172,0.0,0.0,0.0,0.0,99017.2
1748129,IT,JP,PUBLI,HEALT,0.02,990.077,3,3,990.077,0.0,0.0,0.0,0.0,49503.85
1783022,IT,NO,FINAN,BUSIN,0.01,989.906,3,3,989.906,0.0,0.0,0.0,0.0,98990.6
1681375,IT,GR,AUXIL,RAILW,0.02,989.78,3,3,989.78,0.0,0.0,0.0,0.0,49489.0
1730390,IT,SE,POSTT,IRONO,0.02,989.668,3,3,989.668,0.0,0.0,0.0,0.0,49483.4
1672493,IT,FI,MEMBE,CONST,0.01,989.414,3,3,989.414,0.0,0.0,0.0,0.0,98941.4
1759438,IT,BR,INSUR,RENTI,0.02,989.305,3,3,989.305,0.0,0.0,0.0,0.0,49465.25
1786945,IT,ZA,POSTT,FABRI,0.02,989.267,3,3,989.267,0.0,0.0,0.0,0.0,49463.35
1730785,IT,SE,BUSIN,PREC1,0.01,989.227,3,3,989.227,0.0,0.0,0.0,0.0,98922.7
1779375,IT,TR,AUXIL,RUBBE,0.02,988.949,3,3,988.949,0.0,0.0,0.0,0.0,49447.45
1654878,IT,CZ,POSTT,AIRTR,0.02,988.919,3,3,988.919,0.0,0.0,0.0,0.0,49445.95
1768220,IT,RU,EDUCA,FURNI,0.02,988.707,3,3,988.707,0.0,0.0,0.0,0.0,49435.35
1669689,IT,ES,COMPU,TRAN1,0.01,988.635,3,3,988.635,0.0,0.0,0.0,0.0,98863.5
1767638,IT,RU,POSTT,BEVER,0.02,988.518,3,3,988.518,0.0,0.0,0.0,0.0,49425.9
1684414,IT,HR,FINAN,OFFIC,0.01,988.025,3,3,988.025,0.0,0.0,0.0,0.0,98802.5
1748108,IT,JP,BUSIN,WASTE,0.01,988.001,3,3,988.001,0.0,0.0,0.0,0.0,98800.1
1793233,IT,WA,PRIVA,ALUMI,0.22,987.938,3,3,987.938,0.0,0.0,0.0,0.0,4490.627273
1744649,IT,US,COMPU,FORES,0.01,987.9,3,3,987.9,0.0,0.0,0.0,0.0,98790.0
1647029,IT,BE,RETA1,TRAN2,0.01,987.719,3,3,987.719,0.0,0.0,0.0,0.0,98771.9
1779390,IT,TR,AUXIL,RECRE,0.02,987.475,3,3,987.475,0.0,0.0,0.0,0.0,49373.75
1747716,IT,JP,FINAN,NONME,0.01,987.314,3,3,987.314,0.0,0.0,0.0,0.0,98731.4
1793113,IT,WA,MEMBE,93197,0.01,987.175,3,3,987.175,0.0,0.0,0.0,0.0,98717.5
1724661,IT,PT,INSUR,PRINT,0.02,987.006,3,3,987.006,0.0,0.0,0.0,0.0,49350.3
1689663,IT,IE,POSTT,RUBBE,0.02,986.889,3,3,986.889,0.0,0.0,0.0,0.0,49344.45
1764615,IT,MX,RETA1,VEGET,0.01,986.878,3,3,986.878,0.0,0.0,0.0,0.0,98687.8
1714001,IT,MT,RETA1,PRINT,0.01,986.867,3,3,986.867,0.0,0.0,0.0,0.0,98686.7
1762719,IT,IN,BUSIN,REFIN,0.01,986.632,3,3,986.632,0.0,0.0,0.0,0.0,98663.2
1662929,IT,DK,RETA1,BASIC,0.01,986.612,3,3,986.612,0.0,0.0,0.0,0.0,98661.2
1774808,IT,CH,POSTT,ELEC3,0.02,986.074,3,3,986.074,0.0,0.0,0.0,0.0,49303.7
1774785,IT,CH,POSTT,MOTOR,0.02,985.922,3,3,985.922,0.0,0.0,0.0,0.0,49296.1
1678448,IT,FR,RECRE,SANDC,0.01,985.809,3,3,985.809,0.0,0.0,0.0,0.0,98580.9
1783170,IT,NO,COMPU,MEATC,0.01,985.713,3,3,985.713,0.0,0.0,0.0,0.0,98571.3
1778529,IT,TR,RETA1,GASDI,0.01,985.555,3,3,985.555,0.0,0.0,0.0,0.0,98555.5
1681168,IT,GR,POSTT,ALUM1,0.02,985.465,3,3,985.465,0.0,0.0,0.0,0.0,49273.25
1754460,IT,CA,BUSIN,MEATA,0.01,985.162,3,3,985.162,0.0,0.0,0.0,0.0,98516.2
1654877,IT,CZ,POSTT,TRAN2,0.02,984.951,3,3,984.951,0.0,0.0,0.0,0.0,49247.55
1792523,IT,WA,REALE,RETAI,0.04,984.728,3,3,984.728,0.0,0.0,0.0,0.0,24618.2
1754499,IT,CA,BUSIN,LUBRI,0.01,984.336,3,3,984.336,0.0,0.0,0.0,0.0,98433.6
1767651,IT,RU,POSTT,ELECT,0.02,984.217,3,3,984.217,0.0,0.0,0.0,0.0,49210.85
1762468,IT,IN,FINAN,FURNI,0.01,984.064,3,3,984.064,0.0,0.0,0.0,0.0,98406.4
1654841,IT,CZ,POSTT,WEARI,0.02,983.611,3,3,983.611,0.0,0.0,0.0,0.0,49180.55
1663435,IT,DK,AUXIL,RESEA,0.02,983.604,3,3,983.604,0.0,0.0,0.0,0.0,49180.2
1681462,IT,GR,COMPU,OFFIC,0.01,982.764,3,3,982.764,0.0,0.0,0.0,0.0,98276.4
1734307,IT,SI,BUSIN,COPP1,0.01,982.588,3,3,982.588,0.0,0.0,0.0,0.0,98258.8
1727762,IT,RO,BUSIN,CATTL,0.01,982.571,3,3,982.571,0.0,0.0,0.0,0.0,98257.1
1690564,IT,IE,RECRE,BUSIN,0.01,982.476,3,3,982.476,0.0,0.0,0.0,0.0,98247.6
1768235,IT,RU,EDUCA,MEMBE,0.02,982.166,3,3,982.166,0.0,0.0,0.0,0.0,49108.3
1792718,IT,WA,BUSIN,FISH5,0.01,981.859,3,3,981.859,0.0,0.0,0.0,0.0,98185.9
1687927,IT,HU,REALE,93197,0.04,981.775,3,3,981.775,0.0,0.0,0.0,0.0,24544.375
1714288,IT,MT,BUSIN,RESEA,0.01,981.72,3,3,981.72,0.0,0.0,0.0,0.0,98172.0
1643830,IT,AT,FINAN,POSTT,0.01,981.542,3,3,981.542,0.0,0.0,0.0,0.0,98154.2
1762623,IT,IN,REALE,WHOLE,0.04,981.522,3,3,981.522,0.0,0.0,0.0,0.0,24538.05
1792430,IT,WA,AUXIL,CEREA,0.02,981.34,3,3,981.34,0.0,0.0,0.0,0.0,49067.0
1721648,IT,PL,POSTT,FOOD2,0.02,981.16,3,3,981.16,0.0,0.0,0.0,0.0,49058.0
1786969,IT,ZA,POSTT,FOOD3,0.02,981.157,3,3,981.157,0.0,0.0,0.0,0.0,49057.85
1660519,IT,DE,INSUR,RAILW,0.02,981.152,3,3,981.152,0.0,0.0,0.0,0.0,49057.6
1736860,IT,SK,BUSIN,BIODI,0.01,981.07,3,3,981.07,0.0,0.0,0.0,0.0,98107.0
1663559,IT,DK,COMPU,INSUR,0.01,980.901,3,3,980.901,0.0,0.0,0.0,0.0,98090.1
1740178,IT,GB,BUSIN,FORES,0.01,980.513,3,3,980.513,0.0,0.0,0.0,0.0,98051.3
1712929,IT,LV,BUSIN,RETA1,0.01,980.499,3,3,980.499,0.0,0.0,0.0,0.0,98049.9
1747723,IT,JP,FINAN,TRANS,0.01,980.087,3,3,980.087,0.0,0.0,0.0,0.0,98008.7
1756860,IT,KR,POSTT,SECO9,0.02,980.071,3,3,980.071,0.0,0.0,0.0,0.0,49003.55
1722199,IT,PL,PUBLI,MOTO1,0.02,979.956,3,3,979.956,0.0,0.0,0.0,0.0,48997.8
1647873,IT,BE,REALE,FOOD5,0.04,979.923,3,3,979.923,0.0,0.0,0.0,0.0,24498.075
1650677,IT,BG,RETA1,WOODW,0.01,979.598,3,3,979.598,0.0,0.0,0.0,0.0,97959.8
1759227,IT,BR,POSTT,NATUR,0.02,979.356,3,3,979.356,0.0,0.0,0.0,0.0,48967.8
1779850,IT,TR,PUBLI,OFFIC,0.02,979.029,3,3,979.029,0.0,0.0,0.0,0.0,48951.45
1762382,IT,IN,POSTT,HEAVY,0.02,979.025,3,3,979.025,0.0,0.0,0.0,0.0,48951.25
1775423,IT,CH,EDUCA,MACHI,0.02,978.941,3,3,978.941,0.0,0.0,0.0,0.0,48947.05
1684422,IT,HR,FINAN,HEALT,0.01,978.65,3,3,978.65,0.0,0.0,0.0,0.0,97865.0
1717752,IT,NL,PUBLI,REALE,0.02,978.426,3,3,978.426,0.0,0.0,0.0,0.0,48921.3
1663527,IT,DK,COMPU,PIGS9,0.01,978.278,3,3,978.278,0.0,0.0,0.0,0.0,97827.8
1687294,IT,HU,RETA1,RAWMI,0.01,978.246,3,3,978.246,0.0,0.0,0.0,0.0,97824.6
1714249,IT,MT,REALE,HEALT,0.04,978.068,3,3,978.068,0.0,0.0,0.0,0.0,24451.7
1783001,IT,NO,POSTT,TRAN2,0.02,977.889,3,3,977.889,0.0,0.0,0.0,0.0,48894.45
1778522,IT,TR,RETA1,TOBAC,0.01,977.8,3,3,977.8,0.0,0.0,0.0,0.0,97780.0
1648079,IT,BE,COMPU,OILHA,0.01,977.73,3,3,977.73,0.0,0.0,0.0,0.0,97773.0
1684014,IT,HR,RETA1,HEALT,0.01,977.621,3,3,977.621,0.0,0.0,0.0,0.0,97762.1
1672099,IT,FI,POSTT,BEVER,0.02,977.07,3,3,977.07,0.0,0.0,0.0,0.0,48853.5
1740172,IT,GB,BUSIN,OILSE,0.01,976.835,3,3,976.835,0.0,0.0,0.0,0.0,97683.5
1764634,IT,MX,RETA1,HEAVY,0.01,976.726,3,3,976.726,0.0,0.0,0.0,0.0,97672.6
1779453,IT,TR,REALE,EDUCA,0.04,976.468,3,3,976.468,0.0,0.0,0.0,0.0,24411.7
1663406,IT,DK,FINAN,INLAN,0.01,976.208,3,3,976.208,0.0,0.0,0.0,0.0,97620.8
1716777,IT,NL,RETA1,ELEC7,0.01,976.136,3,3,976.136,0.0,0.0,0.0,0.0,97613.6
1672145,IT,FI,FINAN,DISTR,0.01,976.122,3,3,976.122,0.0,0.0,0.0,0.0,97612.2
1687842,IT,HU,FINAN,RAILW,0.01,975.958,3,3,975.958,0.0,0.0,0.0,0.0,97595.8
1681318,IT,GR,INSUR,PETRO,0.02,975.894,3,3,975.894,0.0,0.0,0.0,0.0,48794.7
1802781,IT,WE,BUSIN,FABRI,0.01,975.792,3,3,975.792,0.0,0.0,0.0,0.0,97579.2
1736625,IT,SK,FINAN,CEMEN,0.01,975.77,3,3,975.77,0.0,0.0,0.0,0.0,97577.0
1727772,IT,RO,BUSIN,NATU1,0.01,975.634,3,3,975.634,0.0,0.0,0.0,0.0,97563.4
1680448,IT,GR,ELEC4,HOTEL,0.02,975.614,3,3,975.614,0.0,0.0,0.0,0.0,48780.7
1724666,IT,PT,INSUR,NAPHT,0.02,975.073,3,3,975.073,0.0,0.0,0.0,0.0,48753.65
1672442,IT,FI,PUBLI,POULT,0.02,974.957,3,3,974.957,0.0,0.0,0.0,0.0,48747.85
1721753,IT,PL,INSUR,TRAN1,0.02,974.931,3,3,974.931,0.0,0.0,0.0,0.0,48746.55
1687342,IT,HU,RETA1,WASTE,0.01,974.914,3,3,974.914,0.0,0.0,0.0,0.0,97491.4
1651912,IT,CY,INSUR,FINAN,0.02,974.883,3,3,974.883,0.0,0.0,0.0,0.0,48744.15
1787161,IT,ZA,PUBLI,ELECT,0.02,974.486,3,3,974.486,0.0,0.0,0.0,0.0,48724.3
1784898,IT,ID,POSTT,PROCE,0.02,974.293,3,3,974.293,0.0,0.0,0.0,0.0,48714.65
1774966,IT,CH,AUXIL,HEAVY,0.02,974.048,3,3,974.048,0.0,0.0,0.0,0.0,48702.4
1797557,IT,WL,PUBLI,KEROS,0.02,974.02,3,3,974.02,0.0,0.0,0.0,0.0,48701.0
1764988,IT,MX,FINAN,ELECT,0.01,973.588,3,3,973.588,0.0,0.0,0.0,0.0,97358.8
1780545,IT,TW,FINAN,WOODW,0.01,973.533,3,3,973.533,0.0,0.0,0.0,0.0,97353.3
1775582,IT,CH,RECRE,CEMEN,0.01,973.314,3,3,973.314,0.0,0.0,0.0,0.0,97331.4
1739763,IT,GB,POSTT,FISH5,0.02,973.31,3,3,973.31,0.0,0.0,0.0,0.0,48665.5
1733547,IT,SI,RETA1,DAIRY,0.01,973.037,3,3,973.037,0.0,0.0,0.0,0.0,97303.7
1767774,IT,RU,INSUR,COPP1,0.02,972.981,3,3,972.981,0.0,0.0,0.0,0.0,48649.05
1716769,IT,NL,RETA1,MEDIC,0.01,972.694,3,3,972.694,0.0,0.0,0.0,0.0,97269.4
1642984,IT,AT,ELEC8,DISTR,0.01,972.487,3,3,972.487,0.0,0.0,0.0,0.0,97248.7
1647571,IT,BE,POSTT,WHEAT,0.02,972.429,3,3,972.429,0.0,0.0,0.0,0.0,48621.45
1722196,IT,PL,PUBLI,FABRI,0.02,972.373,3,3,972.373,0.0,0.0,0.0,0.0,48618.65
1756988,IT,KR,COMPU,LANDT,0.01,972.294,3,3,972.294,0.0,0.0,0.0,0.0,97229.4
1659126,IT,DE,ELEC8,MOTOR,0.01,972.294,3,3,972.294,0.0,0.0,0.0,0.0,97229.4
1744472,IT,US,AUXIL,PLAS1,0.02,972.157,3,3,972.157,0.0,0.0,0.0,0.0,48607.85
1792362,IT,WA,FINAN,INLAN,0.01,971.863,3,3,971.863,0.0,0.0,0.0,0.0,97186.3
1780676,IT,TW,AUXIL,WHOLE,0.02,971.696,3,3,971.696,0.0,0.0,0.0,0.0,48584.8
1767775,IT,RU,INSUR,FOUND,0.02,971.695,3,3,971.695,0.0,0.0,0.0,0.0,48584.75
1767763,IT,RU,INSUR,LEATH,0.02,971.475,3,3,971.475,0.0,0.0,0.0,0.0,48573.75
1669865,IT,ES,PUBLI,TEXTI,0.02,971.292,3,3,971.292,0.0,0.0,0.0,0.0,48564.6
1784953,IT,ID,INSUR,PLAST,0.02,971.127,3,3,971.127,0.0,0.0,0.0,0.0,48556.35
1684011,IT,HR,RETA1,REALE,0.01,970.972,3,3,970.972,0.0,0.0,0.0,0.0,97097.2
1774912,IT,CH,INSUR,ALUM1,0.02,970.831,3,3,970.831,0.0,0.0,0.0,0.0,48541.55
1764943,IT,MX,POSTT,PAPER,0.02,970.742,3,3,970.742,0.0,0.0,0.0,0.0,48537.1
1756586,IT,KR,RETA1,TEXT1,0.01,970.741,3,3,970.741,0.0,0.0,0.0,0.0,97074.1
1744522,IT,US,REALE,CERAM,0.04,970.197,3,3,970.197,0.0,0.0,0.0,0.0,24254.925
1744676,IT,US,COMPU,NONME,0.01,970.033,3,3,970.033,0.0,0.0,0.0,0.0,97003.3
1720996,IT,PL,RETA1,SUPPO,0.01,969.911,3,3,969.911,0.0,0.0,0.0,0.0,96991.1
1780854,IT,TW,COMPU,FINAN,0.01,969.809,3,3,969.809,0.0,0.0,0.0,0.0,96980.9
1770625,IT,AU,FINAN,WOODW,0.01,969.763,3,3,969.763,0.0,0.0,0.0,0.0,96976.3
1767784,IT,RU,INSUR,ELEC3,0.02,969.739,3,3,969.739,0.0,0.0,0.0,0.0,48486.95
1688029,IT,HU,COMPU,POULT,0.01,969.473,3,3,969.473,0.0,0.0,0.0,0.0,96947.3
1765084,IT,MX,AUXIL,ELECT,0.02,969.447,3,3,969.447,0.0,0.0,0.0,0.0,48472.35
1744480,IT,US,AUXIL,INERT,0.02,969.332,3,3,969.332,0.0,0.0,0.0,0.0,48466.6
1677359,IT,FR,INSUR,ANIMA,0.02,969.017,3,3,969.017,0.0,0.0,0.0,0.0,48450.85
1781099,IT,TW,PUBLI,SALEM,0.02,968.248,3,3,968.248,0.0,0.0,0.0,0.0,48412.4
1773831,IT,CH,ELEC4,EDUCA,0.02,968.165,3,3,968.165,0.0,0.0,0.0,0.0,48408.25
1740320,IT,GB,PUBLI,ELEC3,0.02,967.994,3,3,967.994,0.0,0.0,0.0,0.0,48399.7
1759508,IT,BR,REALE,SUPPO,0.04,967.55,3,3,967.55,0.0,0.0,0.0,0.0,24188.75
1647641,IT,BE,FINAN,FISH5,0.01,967.471,3,3,967.471,0.0,0.0,0.0,0.0,96747.1
1714156,IT,MT,POSTT,MEAT4,0.02,967.34,3,3,967.34,0.0,0.0,0.0,0.0,48367.0
1727492,IT,RO,AUXIL,FOUND,0.02,967.233,3,3,967.233,0.0,0.0,0.0,0.0,48361.65
1683999,IT,HR,RETA1,FABRI,0.01,967.23,3,3,967.23,0.0,0.0,0.0,0.0,96723.0
1663429,IT,DK,AUXIL,SUPPO,0.02,967.06,3,3,967.06,0.0,0.0,0.0,0.0,48353.0
1651895,IT,CY,FINAN,HOTEL,0.01,967.033,3,3,967.033,0.0,0.0,0.0,0.0,96703.3
1672146,IT,FI,FINAN,DIST1,0.01,967.0,3,3,967.0,0.0,0.0,0.0,0.0,96700.0
1730576,IT,SE,REALE,WHOLE,0.04,966.929,3,3,966.929,0.0,0.0,0.0,0.0,24173.225
1747770,IT,JP,AUXIL,FOUND,0.02,966.517,3,3,966.517,0.0,0.0,0.0,0.0,48325.85
1740123,IT,GB,COMPU,ALUM1,0.01,966.46,3,3,966.46,0.0,0.0,0.0,0.0,96646.0
1759556,IT,BR,COMPU,GASDI,0.01,966.325,3,3,966.325,0.0,0.0,0.0,0.0,96632.5
1660398,IT,DE,FINAN,BIOG1,0.01,965.867,3,3,965.867,0.0,0.0,0.0,0.0,96586.7
1807480,IT,WF,REALE,HOTEL,0.04,965.682,3,3,965.682,0.0,0.0,0.0,0.0,24142.05
1680712,IT,GR,RETA1,DAIRY,0.01,965.55,3,3,965.55,0.0,0.0,0.0,0.0,96555.0
1687884,IT,HU,REALE,CHEM1,0.04,965.273,3,3,965.273,0.0,0.0,0.0,0.0,24131.825
1736690,IT,SK,AUXIL,FABRI,0.02,965.072,3,3,965.072,0.0,0.0,0.0,0.0,48253.6
1762473,IT,IN,FINAN,COLLE,0.01,964.826,3,3,964.826,0.0,0.0,0.0,0.0,96482.6
1714014,IT,MT,RETA1,INSUR,0.01,964.774,3,3,964.774,0.0,0.0,0.0,0.0,96477.4
1807570,IT,WF,COMPU,RADIO,0.01,964.771,3,3,964.771,0.0,0.0,0.0,0.0,96477.1
1767691,IT,RU,FINAN,FORES,0.01,964.755,3,3,964.755,0.0,0.0,0.0,0.0,96475.5
1751801,IT,CN,AUXIL,SEACO,0.02,964.488,3,3,964.488,0.0,0.0,0.0,0.0,48224.4
1711583,IT,LU,FINAN,SEACO,0.01,964.33,3,3,964.33,0.0,0.0,0.0,0.0,96433.0
1782702,IT,NO,RETA1,FISHF,0.01,964.187,3,3,964.187,0.0,0.0,0.0,0.0,96418.7
1643953,IT,AT,COMPU,PREC1,0.01,964.166,3,3,964.166,0.0,0.0,0.0,0.0,96416.6
1651894,IT,CY,FINAN,CONST,0.01,964.097,3,3,964.097,0.0,0.0,0.0,0.0,96409.7
1710356,IT,LT,RETA1,INERT,0.01,963.507,3,3,963.507,0.0,0.0,0.0,0.0,96350.7
1813629,IT,WM,RETA1,STONE,0.01,963.472,3,3,963.472,0.0,0.0,0.0,0.0,96347.2
1744429,IT,US,AUXIL,CHEM1,0.02,963.254,3,3,963.254,0.0,0.0,0.0,0.0,48162.7
1759229,IT,BR,POSTT,LEADZ,0.02,963.205,3,3,963.205,0.0,0.0,0.0,0.0,48160.25
1722254,IT,PL,RECRE,FISH5,0.01,962.712,3,3,962.712,0.0,0.0,0.0,0.0,96271.2
1712862,IT,LV,REALE,FISHF,0.04,962.628,3,3,962.628,0.0,0.0,0.0,0.0,24065.7
1730514,IT,SE,FINAN,EDUCA,0.01,962.557,3,3,962.557,0.0,0.0,0.0,0.0,96255.7
1807309,IT,WF,POSTT,FOUND,0.02,962.346,3,3,962.346,0.0,0.0,0.0,0.0,48117.3
1733434,IT,SI,ELEC8,WHOLE,0.01,962.168,3,3,962.168,0.0,0.0,0.0,0.0,96216.8
1661109,IT,DE,EDUCA,RESEA,0.02,962.111,3,3,962.111,0.0,0.0,0.0,0.0,48105.55
1660390,IT,DE,FINAN,ELEC2,0.01,961.714,3,3,961.714,0.0,0.0,0.0,0.0,96171.4
1727897,IT,RO,RECRE,RECRE,0.01,961.691,3,3,961.691,0.0,0.0,0.0,0.0,96169.1
1773892,IT,CH,ELEC8,OFFIC,0.01,961.559,3,3,961.559,0.0,0.0,0.0,0.0,96155.9
1762359,IT,IN,POSTT,PADDY,0.02,961.373,3,3,961.373,0.0,0.0,0.0,0.0,48068.65
1744327,IT,US,FINAN,TRAN1,0.01,961.289,3,3,961.289,0.0,0.0,0.0,0.0,96128.9
1669459,IT,ES,INSUR,WASTE,0.02,961.178,3,3,961.178,0.0,0.0,0.0,0.0,48058.9
1770786,IT,AU,COMPU,PREC1,0.01,961.101,3,3,961.101,0.0,0.0,0.0,0.0,96110.1
1767644,IT,RU,POSTT,PFERT,0.02,961.093,3,3,961.093,0.0,0.0,0.0,0.0,48054.65
1802084,IT,WE,RETA1,TOBAC,0.01,960.937,3,3,960.937,0.0,0.0,0.0,0.0,96093.7
1681371,IT,GR,AUXIL,FURNI,0.02,960.917,3,3,960.917,0.0,0.0,0.0,0.0,48045.85
1734192,IT,SI,REALE,SEACO,0.04,960.809,3,3,960.809,0.0,0.0,0.0,0.0,24020.225
1710354,IT,LT,RETA1,INSUR,0.01,960.689,3,3,960.689,0.0,0.0,0.0,0.0,96068.9
1751933,IT,CN,COMPU,DIST1,0.01,960.614,3,3,960.614,0.0,0.0,0.0,0.0,96061.4
1654344,IT,CZ,ELEC4,LANDT,0.02,960.344,3,3,960.344,0.0,0.0,0.0,0.0,48017.2
1717753,IT,NL,PUBLI,COMPU,0.02,960.293,3,3,960.293,0.0,0.0,0.0,0.0,48014.65
1684003,IT,HR,RETA1,DIST1,0.01,959.985,3,3,959.985,0.0,0.0,0.0,0.0,95998.5
1797381,IT,WL,COMPU,CROPS,0.01,959.953,3,3,959.953,0.0,0.0,0.0,0.0,95995.3
1767635,IT,RU,POSTT,FISHF,0.02,959.505,3,3,959.505,0.0,0.0,0.0,0.0,47975.25
1655046,IT,CZ,COMPU,WHEAT,0.01,959.487,3,3,959.487,0.0,0.0,0.0,0.0,95948.7
1783257,IT,NO,PUBLI,SEACO,0.02,959.306,3,3,959.306,0.0,0.0,0.0,0.0,47965.3
1668407,IT,ES,RETA1,LEAD1,0.01,959.277,3,3,959.277,0.0,0.0,0.0,0.0,95927.7
1747350,IT,JP,RETA1,GLASS,0.01,959.218,3,3,959.218,0.0,0.0,0.0,0.0,95921.8
1669652,IT,ES,COMPU,MEATA,0.01,959.204,3,3,959.204,0.0,0.0,0.0,0.0,95920.4
1721944,IT,PL,COMPU,HYDRO,0.01,958.967,3,3,958.967,0.0,0.0,0.0,0.0,95896.7
1654360,IT,CZ,ELEC8,WOODW,0.01,958.758,3,3,958.758,0.0,0.0,0.0,0.0,95875.8
1721717,IT,PL,FINAN,INTER,0.01,958.554,3,3,958.554,0.0,0.0,0.0,0.0,95855.4
1796466,IT,WL,RETA1,WOOLS,0.01,958.219,3,3,958.219,0.0,0.0,0.0,0.0,95821.9
1727438,IT,RO,FINAN,FOOD3,0.01,958.191,3,3,958.191,0.0,0.0,0.0,0.0,95819.1
1807567,IT,WF,COMPU,LIQUE,0.01,958.141,3,3,958.141,0.0,0.0,0.0,0.0,95814.1
1661062,IT,DE,PUBLI,CEMEN,0.02,957.872,3,3,957.872,0.0,0.0,0.0,0.0,47893.6
1687906,IT,HU,REALE,RETA1,0.04,957.794,3,3,957.794,0.0,0.0,0.0,0.0,23944.85
1765114,IT,MX,COMPU,CONST,0.01,957.414,3,3,957.414,0.0,0.0,0.0,0.0,95741.4
1736770,IT,SK,COMPU,FORES,0.01,957.361,3,3,957.361,0.0,0.0,0.0,0.0,95736.1
1797224,IT,WL,FINAN,OFFIC,0.01,957.336,3,3,957.336,0.0,0.0,0.0,0.0,95733.6
1724622,IT,PT,FINAN,RETA1,0.01,956.989,3,3,956.989,0.0,0.0,0.0,0.0,95698.9
1670176,IT,ES,MEMBE,PUBLI,0.01,956.863,3,3,956.863,0.0,0.0,0.0,0.0,95686.3
1724607,IT,PT,FINAN,MEDIC,0.01,956.839,3,3,956.839,0.0,0.0,0.0,0.0,95683.9
1727327,IT,RO,POSTT,FURNI,0.02,956.461,3,3,956.461,0.0,0.0,0.0,0.0,47823.05
1690552,IT,IE,RECRE,MACHI,0.01,956.407,3,3,956.407,0.0,0.0,0.0,0.0,95640.7
1689968,IT,IE,REALE,KERO1,0.04,956.399,3,3,956.399,0.0,0.0,0.0,0.0,23909.975
1688088,IT,HU,COMPU,93197,0.01,956.39,3,3,956.39,0.0,0.0,0.0,0.0,95639.0
1714253,IT,MT,COMPU,PRINT,0.01,956.329,3,3,956.329,0.0,0.0,0.0,0.0,95632.9
1689864,IT,IE,INSUR,MEMBE,0.02,956.29,3,3,956.29,0.0,0.0,0.0,0.0,47814.5
1767957,IT,RU,COMPU,CEMEN,0.01,956.253,3,3,956.253,0.0,0.0,0.0,0.0,95625.3
1754444,IT,CA,COMPU,AUXIL,0.01,956.061,3,3,956.061,0.0,0.0,0.0,0.0,95606.1
1792589,IT,WA,COMPU,HEAVY,0.01,956.047,3,3,956.047,0.0,0.0,0.0,0.0,95604.7
1767899,IT,RU,REALE,SUPPO,0.04,956.004,3,3,956.004,0.0,0.0,0.0,0.0,23900.1
1773859,IT,CH,ELEC5,RECRE,0.01,955.884,3,3,955.884,0.0,0.0,0.0,0.0,95588.4
1677545,IT,FR,AUXIL,TEXT2,0.02,955.675,3,3,955.675,0.0,0.0,0.0,0.0,47783.75
1754202,IT,CA,POSTT,OILSE,0.02,955.078,3,3,955.078,0.0,0.0,0.0,0.0,47753.9
1780509,IT,TW,POSTT,TRAN1,0.02,954.86,3,3,954.86,0.0,0.0,0.0,0.0,47743.0
1681340,IT,GR,INSUR,ELEC5,0.02,954.454,3,3,954.454,0.0,0.0,0.0,0.0,47722.7
1762390,IT,IN,POSTT,BRICK,0.02,954.307,3,3,954.307,0.0,0.0,0.0,0.0,47715.35
1762537,IT,IN,INSUR,AIRTR,0.02,953.922,3,3,953.922,0.0,0.0,0.0,0.0,47696.1
1724515,IT,PT,POSTT,PRINT,0.02,953.784,3,3,953.784,0.0,0.0,0.0,0.0,47689.2
1767747,IT,RU,FINAN,MEMBE,0.01,953.714,3,3,953.714,0.0,0.0,0.0,0.0,95371.4
1754251,IT,CA,POSTT,DIST1,0.02,953.535,3,3,953.535,0.0,0.0,0.0,0.0,47676.75
1779415,IT,TR,REALE,BIODI,0.04,953.384,3,3,953.384,0.0,0.0,0.0,0.0,23834.6
1664756,IT,EE,COMPU,OFFIC,0.01,953.161,3,3,953.161,0.0,0.0,0.0,0.0,95316.1
1780502,IT,TW,POSTT,ELECT,0.02,952.991,3,3,952.991,0.0,0.0,0.0,0.0,47649.55
1712856,IT,LV,REALE,WHEAT,0.04,952.463,3,3,952.463,0.0,0.0,0.0,0.0,23811.575
1797193,IT,WL,FINAN,CATTL,0.01,952.437,3,3,952.437,0.0,0.0,0.0,0.0,95243.7
1779592,IT,TR,COMPU,STEAM,0.01,952.378,3,3,952.378,0.0,0.0,0.0,0.0,95237.8
1654904,IT,CZ,INSUR,SUGAR,0.02,952.325,3,3,952.325,0.0,0.0,0.0,0.0,47616.25
1762841,IT,IN,PUBLI,DIST1,0.02,952.3,3,3,952.3,0.0,0.0,0.0,0.0,47615.0
1767693,IT,RU,FINAN,NATUR,0.01,952.297,3,3,952.297,0.0,0.0,0.0,0.0,95229.7
1684391,IT,HR,POSTT,TRAN2,0.02,952.269,3,3,952.269,0.0,0.0,0.0,0.0,47613.45
1690111,IT,IE,COMPU,VEGE1,0.01,952.17,3,3,952.17,0.0,0.0,0.0,0.0,95217.0
1759503,IT,BR,REALE,CONST,0.04,952.157,3,3,952.157,0.0,0.0,0.0,0.0,23803.925
1712893,IT,LV,REALE,DISTR,0.04,952.098,3,3,952.098,0.0,0.0,0.0,0.0,23802.45
1739822,IT,GB,FINAN,NATU1,0.01,951.857,3,3,951.857,0.0,0.0,0.0,0.0,95185.7
1677354,IT,FR,INSUR,CROPS,0.02,950.979,3,3,950.979,0.0,0.0,0.0,0.0,47548.95
1672256,IT,FI,REALE,INSUR,0.04,950.921,3,3,950.921,0.0,0.0,0.0,0.0,23773.025
1643825,IT,AT,FINAN,COLLE,0.01,950.621,3,3,950.621,0.0,0.0,0.0,0.0,95062.1
1654840,IT,CZ,POSTT,TEXTI,0.02,950.619,3,3,950.619,0.0,0.0,0.0,0.0,47530.95
1727692,IT,RO,COMPU,CRUDE,0.01,950.606,3,3,950.606,0.0,0.0,0.0,0.0,95060.6
1711551,IT,LU,FINAN,CROPS,0.01,950.113,3,3,950.113,0.0,0.0,0.0,0.0,95011.3
1714304,IT,MT,PUBLI,AUXIL,0.02,949.319,3,3,949.319,0.0,0.0,0.0,0.0,47465.95
1727381,IT,RO,FINAN,MEATP,0.01,949.22,3,3,949.22,0.0,0.0,0.0,0.0,94922.0
1660575,IT,DE,REALE,PIGS9,0.04,949.001,3,3,949.001,0.0,0.0,0.0,0.0,23725.025
1654967,IT,CZ,INSUR,SALEM,0.02,948.955,3,3,948.955,0.0,0.0,0.0,0.0,47447.75
1727874,IT,RO,PUBLI,RECRE,0.02,948.639,3,3,948.639,0.0,0.0,0.0,0.0,47431.95
1807561,IT,WF,COMPU,FORES,0.01,948.585,3,3,948.585,0.0,0.0,0.0,0.0,94858.5
1676095,IT,FR,ELEC8,PRINT,0.01,948.237,3,3,948.237,0.0,0.0,0.0,0.0,94823.7
1734094,IT,SI,INSUR,RETAI,0.02,948.102,3,3,948.102,0.0,0.0,0.0,0.0,47405.1
1756962,IT,KR,REALE,HOTEL,0.04,947.61,3,3,947.61,0.0,0.0,0.0,0.0,23690.25
1684430,IT,HR,INSUR,BUSIN,0.02,947.396,3,3,947.396,0.0,0.0,0.0,0.0,47369.8
1680488,IT,GR,ELEC5,FOOD4,0.01,947.3,3,3,947.3,0.0,0.0,0.0,0.0,94730.0
1680486,IT,GR,ELEC5,FOOD3,0.01,947.296,3,3,947.296,0.0,0.0,0.0,0.0,94729.6
1677143,IT,FR,POSTT,MEATP,0.02,947.265,3,3,947.265,0.0,0.0,0.0,0.0,47363.25
1677820,IT,FR,COMPU,FOOD4,0.01,947.073,3,3,947.073,0.0,0.0,0.0,0.0,94707.3
1690023,IT,IE,REALE,INTER,0.04,946.59,3,3,946.59,0.0,0.0,0.0,0.0,23664.75
1744355,IT,US,FINAN,FOOD3,0.01,946.564,3,3,946.564,0.0,0.0,0.0,0.0,94656.4
1688048,IT,HU,COMPU,BIODI,0.01,945.39,3,3,945.39,0.0,0.0,0.0,0.0,94539.0
1681332,IT,GR,INSUR,ELECT,0.02,945.209,3,3,945.209,0.0,0.0,0.0,0.0,47260.45
1675940,IT,FR,ELEC4,TEXTI,0.02,945.209,3,3,945.209,0.0,0.0,0.0,0.0,47260.45
1779385,IT,TR,AUXIL,TRAN2,0.02,945.113,3,3,945.113,0.0,0.0,0.0,0.0,47255.65
1677974,IT,FR,PUBLI,RUBBE,0.02,944.917,3,3,944.917,0.0,0.0,0.0,0.0,47245.85
1756995,IT,KR,COMPU,MEMBE,0.01,944.824,3,3,944.824,0.0,0.0,0.0,0.0,94482.4
1754284,IT,CA,FINAN,LANDT,0.01,944.679,3,3,944.679,0.0,0.0,0.0,0.0,94467.9
1779156,IT,TR,POSTT,VEGE1,0.02,944.672,3,3,944.672,0.0,0.0,0.0,0.0,47233.6
1680487,IT,GR,ELEC5,WASTE,0.01,944.342,3,3,944.342,0.0,0.0,0.0,0.0,94434.2
1807391,IT,WF,FINAN,TRAN2,0.01,944.326,3,3,944.326,0.0,0.0,0.0,0.0,94432.6
1661108,IT,DE,EDUCA,COMPU,0.02,944.103,3,3,944.103,0.0,0.0,0.0,0.0,47205.15
1792326,IT,WA,FINAN,LEATH,0.01,943.979,3,3,943.979,0.0,0.0,0.0,0.0,94397.9
1721860,IT,PL,REALE,TRAN2,0.04,943.764,3,3,943.764,0.0,0.0,0.0,0.0,23594.1
1651076,IT,BG,INSUR,TRANS,0.02,943.157,3,3,943.157,0.0,0.0,0.0,0.0,47157.85
1651049,IT,BG,FINAN,RETA1,0.01,942.956,3,3,942.956,0.0,0.0,0.0,0.0,94295.6
1684419,IT,HR,FINAN,RETA1,0.01,942.932,3,3,942.932,0.0,0.0,0.0,0.0,94293.2
1650430,IT,BG,ELEC4,DIST1,0.02,942.743,3,3,942.743,0.0,0.0,0.0,0.0,47137.15
1670180,IT,ES,MEMBE,93197,0.01,942.743,3,3,942.743,0.0,0.0,0.0,0.0,94274.3
1647864,IT,BE,AUXIL,FOOD2,0.02,942.679,3,3,942.679,0.0,0.0,0.0,0.0,47133.95
1787059,IT,ZA,COMPU,WHOLE,0.01,942.5,3,3,942.5,0.0,0.0,0.0,0.0,94250.0
1714326,IT,MT,EDUCA,EDUCA,0.02,942.308,3,3,942.308,0.0,0.0,0.0,0.0,47115.4
1740532,IT,GB,RECRE,PUBLI,0.01,942.291,3,3,942.291,0.0,0.0,0.0,0.0,94229.1
1779448,IT,TR,REALE,RENTI,0.04,941.896,3,3,941.896,0.0,0.0,0.0,0.0,23547.4
1660455,IT,DE,INSUR,SANDC,0.02,941.858,3,3,941.858,0.0,0.0,0.0,0.0,47092.9
1814304,IT,WM,FINAN,MEATA,0.01,941.423,3,3,941.423,0.0,0.0,0.0,0.0,94142.3
1647871,IT,BE,REALE,CHEMI,0.04,941.284,3,3,941.284,0.0,0.0,0.0,0.0,23532.1
1717760,IT,NL,PUBLI,RECRE,0.02,941.086,3,3,941.086,0.0,0.0,0.0,0.0,47054.3
1779842,IT,TR,PUBLI,CEMEN,0.02,941.083,3,3,941.083,0.0,0.0,0.0,0.0,47054.15
1677450,IT,FR,INSUR,FOOD2,0.02,940.926,3,3,940.926,0.0,0.0,0.0,0.0,47046.3
1792210,IT,WA,POSTT,ANIMA,0.02,940.629,3,3,940.629,0.0,0.0,0.0,0.0,47031.45
1660646,IT,DE,REALE,TRAN2,0.04,940.557,3,3,940.557,0.0,0.0,0.0,0.0,23513.925
1713890,IT,MT,ELEC5,MEDIC,0.01,940.514,3,3,940.514,0.0,0.0,0.0,0.0,94051.4
1759407,IT,BR,INSUR,HEAVY,0.02,940.366,3,3,940.366,0.0,0.0,0.0,0.0,47018.3
1759341,IT,BR,FINAN,TOBAC,0.01,940.279,3,3,940.279,0.0,0.0,0.0,0.0,94027.9
1681154,IT,GR,POSTT,PULP5,0.02,940.251,3,3,940.251,0.0,0.0,0.0,0.0,47012.55
1711607,IT,LU,INSUR,RENTI,0.02,940.109,3,3,940.109,0.0,0.0,0.0,0.0,47005.45
1660218,IT,DE,POSTT,STONE,0.02,940.012,3,3,940.012,0.0,0.0,0.0,0.0,47000.6
1681235,IT,GR,FINAN,PRINT,0.01,939.748,3,3,939.748,0.0,0.0,0.0,0.0,93974.8
1677282,IT,FR,FINAN,GLASS,0.01,939.635,3,3,939.635,0.0,0.0,0.0,0.0,93963.5
1661132,IT,DE,RECRE,PRINT,0.01,939.416,3,3,939.416,0.0,0.0,0.0,0.0,93941.6
1784978,IT,ID,INSUR,INLAN,0.02,939.409,3,3,939.409,0.0,0.0,0.0,0.0,46970.45
1722228,IT,PL,EDUCA,SUPPO,0.02,939.194,3,3,939.194,0.0,0.0,0.0,0.0,46959.7
1721750,IT,PL,INSUR,TRANS,0.02,939.156,3,3,939.156,0.0,0.0,0.0,0.0,46957.8
1663379,IT,DK,POSTT,ALUM1,0.02,938.637,3,3,938.637,0.0,0.0,0.0,0.0,46931.85
1721574,IT,PL,POSTT,POULT,0.02,938.461,3,3,938.461,0.0,0.0,0.0,0.0,46923.05
1779306,IT,TR,INSUR,MEAT4,0.02,938.317,3,3,938.317,0.0,0.0,0.0,0.0,46915.85
1814226,IT,WM,POSTT,PLANT,0.02,938.256,3,3,938.256,0.0,0.0,0.0,0.0,46912.8
1802501,IT,WE,POSTT,WOODW,0.02,938.088,3,3,938.088,0.0,0.0,0.0,0.0,46904.4
1680473,IT,GR,ELEC5,SECO9,0.01,937.949,3,3,937.949,0.0,0.0,0.0,0.0,93794.9
1736635,IT,SK,FINAN,SALEM,0.01,937.927,3,3,937.927,0.0,0.0,0.0,0.0,93792.7
1680484,IT,GR,ELEC5,SEWAG,0.01,937.782,3,3,937.782,0.0,0.0,0.0,0.0,93778.2
1680491,IT,GR,ELEC5,INERT,0.01,937.617,3,3,937.617,0.0,0.0,0.0,0.0,93761.7
1739974,IT,GB,AUXIL,LANDT,0.02,937.608,3,3,937.608,0.0,0.0,0.0,0.0,46880.4
1647901,IT,BE,REALE,FABRI,0.04,937.605,3,3,937.605,0.0,0.0,0.0,0.0,23440.125
1680482,IT,GR,ELEC5,INTER,0.01,937.598,3,3,937.598,0.0,0.0,0.0,0.0,93759.8
1680483,IT,GR,ELEC5,OILHA,0.01,937.596,3,3,937.596,0.0,0.0,0.0,0.0,93759.6
1680485,IT,GR,ELEC5,FOOD2,0.01,937.578,3,3,937.578,0.0,0.0,0.0,0.0,93757.8
1680493,IT,GR,ELEC5,WOOD2,0.01,937.562,3,3,937.562,0.0,0.0,0.0,0.0,93756.2
1680490,IT,GR,ELEC5,PLAS2,0.01,937.557,3,3,937.557,0.0,0.0,0.0,0.0,93755.7
1680492,IT,GR,ELEC5,TEXT2,0.01,937.556,3,3,937.556,0.0,0.0,0.0,0.0,93755.6
1669551,IT,ES,REALE,BASIC,0.04,937.444,3,3,937.444,0.0,0.0,0.0,0.0,23436.1
1651056,IT,BG,INSUR,FOOD5,0.02,937.402,3,3,937.402,0.0,0.0,0.0,0.0,46870.1
1736738,IT,SK,REALE,LANDT,0.04,937.224,3,3,937.224,0.0,0.0,0.0,0.0,23430.6
1792257,IT,WA,POSTT,LEAD1,0.02,937.128,3,3,937.128,0.0,0.0,0.0,0.0,46856.4
1643804,IT,AT,FINAN,MEATC,0.01,936.636,3,3,936.636,0.0,0.0,0.0,0.0,93663.6
1744282,IT,US,POSTT,INTER,0.02,936.493,3,3,936.493,0.0,0.0,0.0,0.0,46824.65
1684484,IT,HR,COMPU,SALEM,0.01,935.66,3,3,935.66,0.0,0.0,0.0,0.0,93566.0
1767904,IT,RU,REALE,BUSIN,0.04,935.613,3,3,935.613,0.0,0.0,0.0,0.0,23390.325
1731034,IT,SE,RECRE,WHOLE,0.01,935.402,3,3,935.402,0.0,0.0,0.0,0.0,93540.2
1774843,IT,CH,POSTT,INERT,0.02,935.314,3,3,935.314,0.0,0.0,0.0,0.0,46765.7
1672492,IT,FI,MEMBE,BASIC,0.01,935.23,3,3,935.23,0.0,0.0,0.0,0.0,93523.0
1672114,IT,FI,POSTT,ELEC3,0.02,935.031,3,3,935.031,0.0,0.0,0.0,0.0,46751.55
1807565,IT,WF,COMPU,WEARI,0.01,934.918,3,3,934.918,0.0,0.0,0.0,0.0,93491.8
1681621,IT,GR,RECRE,COLLE,0.01,934.735,3,3,934.735,0.0,0.0,0.0,0.0,93473.5
1801846,IT,WE,ELEC8,WHOLE,0.01,934.601,3,3,934.601,0.0,0.0,0.0,0.0,93460.1
1792598,IT,WA,COMPU,TRANS,0.01,934.531,3,3,934.531,0.0,0.0,0.0,0.0,93453.1
1807292,IT,WF,POSTT,PAPER,0.02,934.465,3,3,934.465,0.0,0.0,0.0,0.0,46723.25
1775100,IT,CH,COMPU,TEXTI,0.01,934.39,3,3,934.39,0.0,0.0,0.0,0.0,93439.0
1754440,IT,CA,COMPU,TRAN2,0.01,934.286,3,3,934.286,0.0,0.0,0.0,0.0,93428.6
1773906,IT,CH,ELEC8,RECRE,0.01,933.985,3,3,933.985,0.0,0.0,0.0,0.0,93398.5
1684420,IT,HR,FINAN,RESEA,0.01,933.701,3,3,933.701,0.0,0.0,0.0,0.0,93370.1
1779888,IT,TR,PUBLI,WASTE,0.02,933.514,3,3,933.514,0.0,0.0,0.0,0.0,46675.7
1767660,IT,RU,POSTT,TRAN1,0.02,933.22,3,3,933.22,0.0,0.0,0.0,0.0,46661.0
1797403,IT,WL,COMPU,NONME,0.01,932.811,3,3,932.811,0.0,0.0,0.0,0.0,93281.1
1663411,IT,DK,FINAN,BUSIN,0.01,932.324,3,3,932.324,0.0,0.0,0.0,0.0,93232.4
1775000,IT,CH,REALE,CONST,0.04,932.048,3,3,932.048,0.0,0.0,0.0,0.0,23301.2
1651106,IT,BG,COMPU,RUBBE,0.01,931.721,3,3,931.721,0.0,0.0,0.0,0.0,93172.1
1762573,IT,IN,AUXIL,NAPHT,0.02,931.709,3,3,931.709,0.0,0.0,0.0,0.0,46585.45
1740312,IT,GB,PUBLI,NONME,0.02,931.666,3,3,931.666,0.0,0.0,0.0,0.0,46583.3
1670194,IT,ES,RECRE,BIOGA,0.01,931.516,3,3,931.516,0.0,0.0,0.0,0.0,93151.6
1681161,IT,GR,POSTT,LUBRI,0.02,930.75,3,3,930.75,0.0,0.0,0.0,0.0,46537.5
1660478,IT,DE,INSUR,BITU1,0.02,930.627,3,3,930.627,0.0,0.0,0.0,0.0,46531.35
1643904,IT,AT,REALE,TRAN2,0.04,930.325,3,3,930.325,0.0,0.0,0.0,0.0,23258.125
1756899,IT,KR,FINAN,OFFIC,0.01,930.037,3,3,930.037,0.0,0.0,0.0,0.0,93003.7
1669328,IT,ES,FINAN,SALEM,0.01,929.978,3,3,929.978,0.0,0.0,0.0,0.0,92997.8
1651090,IT,BG,INSUR,POSTT,0.02,929.832,3,3,929.832,0.0,0.0,0.0,0.0,46491.6
1654988,IT,CZ,INSUR,SEWAG,0.02,929.794,3,3,929.794,0.0,0.0,0.0,0.0,46489.7
1807761,IT,WF,PUBLI,MEDIC,0.02,929.768,3,3,929.768,0.0,0.0,0.0,0.0,46488.4
1734246,IT,SI,COMPU,ALUM1,0.01,929.684,3,3,929.684,0.0,0.0,0.0,0.0,92968.4
1765083,IT,MX,AUXIL,MACHI,0.02,929.666,3,3,929.666,0.0,0.0,0.0,0.0,46483.3
1689762,IT,IE,FINAN,PAPE4,0.01,929.519,3,3,929.519,0.0,0.0,0.0,0.0,92951.9
1677819,IT,FR,COMPU,WASTE,0.01,929.19,3,3,929.19,0.0,0.0,0.0,0.0,92919.0
1793108,IT,WA,MEMBE,COMPU,0.01,929.178,3,3,929.178,0.0,0.0,0.0,0.0,92917.8
1670183,IT,ES,RECRE,VEGE1,0.01,928.96,3,3,928.96,0.0,0.0,0.0,0.0,92896.0
1690033,IT,IE,REALE,WOOD2,0.04,928.913,3,3,928.913,0.0,0.0,0.0,0.0,23222.825
1759339,IT,BR,FINAN,FOOD5,0.01,928.824,3,3,928.824,0.0,0.0,0.0,0.0,92882.4
1802544,IT,WE,FINAN,LIGNI,0.01,928.654,3,3,928.654,0.0,0.0,0.0,0.0,92865.4
1663430,IT,DK,AUXIL,POSTT,0.02,928.392,3,3,928.392,0.0,0.0,0.0,0.0,46419.6
1711781,IT,LU,PUBLI,NONME,0.02,928.284,3,3,928.284,0.0,0.0,0.0,0.0,46414.2
1762613,IT,IN,REALE,RUBBE,0.04,928.188,3,3,928.188,0.0,0.0,0.0,0.0,23204.7
1767765,IT,RU,INSUR,PULP5,0.02,928.07,3,3,928.07,0.0,0.0,0.0,0.0,46403.5
1689957,IT,IE,REALE,BEVER,0.04,927.885,3,3,927.885,0.0,0.0,0.0,0.0,23197.125
1651978,IT,CY,PRIVA,TRANS,0.21,927.265,3,3,927.265,0.0,0.0,0.0,0.0,4415.547619
1780485,IT,TW,POSTT,PETRO,0.02,927.256,3,3,927.256,0.0,0.0,0.0,0.0,46362.8
1808866,IT,WF,PRIVA,HEAVY,0.21,927.197,3,3,927.197,0.0,0.0,0.0,0.0,4415.22381
1814240,IT,WM,POSTT,WEARI,0.02,927.152,3,3,927.152,0.0,0.0,0.0,0.0,46357.6
1779278,IT,TR,FINAN,BIOG1,0.01,926.817,3,3,926.817,0.0,0.0,0.0,0.0,92681.7
1767834,IT,RU,AUXIL,MOTOR,0.02,926.803,3,3,926.803,0.0,0.0,0.0,0.0,46340.15
1659092,IT,DE,ELEC5,ALUM1,0.01,926.526,3,3,926.526,0.0,0.0,0.0,0.0,92652.6
1663386,IT,DK,POSTT,CONST,0.02,926.45,3,3,926.45,0.0,0.0,0.0,0.0,46322.5
1744653,IT,US,COMPU,MEATC,0.01,926.408,3,3,926.408,0.0,0.0,0.0,0.0,92640.8
1689822,IT,IE,INSUR,ELEC1,0.02,926.338,3,3,926.338,0.0,0.0,0.0,0.0,46316.9
1748296,IT,JP,MEMBE,PUBLI,0.01,925.93,3,3,925.93,0.0,0.0,0.0,0.0,92593.0
1689915,IT,IE,AUXIL,HOTEL,0.02,925.857,3,3,925.857,0.0,0.0,0.0,0.0,46292.85
1660446,IT,DE,INSUR,OILSE,0.02,925.743,3,3,925.743,0.0,0.0,0.0,0.0,46287.15
1779836,IT,TR,PUBLI,HEAVY,0.02,925.52,3,3,925.52,0.0,0.0,0.0,0.0,46276.0
1739777,IT,GB,POSTT,BASIC,0.02,925.432,3,3,925.432,0.0,0.0,0.0,0.0,46271.6
1739966,IT,GB,AUXIL,ELEC5,0.02,924.878,3,3,924.878,0.0,0.0,0.0,0.0,46243.9
1730861,IT,SE,PUBLI,PUBLI,0.02,924.836,3,3,924.836,0.0,0.0,0.0,0.0,46241.8
1654838,IT,CZ,POSTT,FOOD5,0.02,924.755,3,3,924.755,0.0,0.0,0.0,0.0,46237.75
1773811,IT,CH,ELEC4,CEMEN,0.01,924.614,3,3,924.614,0.0,0.0,0.0,0.0,92461.4
1680577,IT,GR,ELEC8,MEMBE,0.01,924.521,3,3,924.521,0.0,0.0,0.0,0.0,92452.1
1762614,IT,IN,REALE,BASIC,0.04,924.295,3,3,924.295,0.0,0.0,0.0,0.0,23107.375
1670203,IT,ES,RECRE,TRANS,0.01,923.85,3,3,923.85,0.0,0.0,0.0,0.0,92385.0
1721672,IT,PL,FINAN,LEATH,0.01,923.677,3,3,923.677,0.0,0.0,0.0,0.0,92367.7
1724672,IT,PT,INSUR,ALUM1,0.02,923.659,3,3,923.659,0.0,0.0,0.0,0.0,46182.95
1747898,IT,JP,COMPU,NONME,0.01,923.532,3,3,923.532,0.0,0.0,0.0,0.0,92353.2
1724626,IT,PT,FINAN,SEACO,0.01,923.235,3,3,923.235,0.0,0.0,0.0,0.0,92323.5
1680453,IT,GR,ELEC4,BUSIN,0.01,923.046,3,3,923.046,0.0,0.0,0.0,0.0,92304.6
1687795,IT,HU,POSTT,CEMEN,0.02,922.99,3,3,922.99,0.0,0.0,0.0,0.0,46149.5
1724807,IT,PT,COMPU,RETAI,0.01,922.823,3,3,922.823,0.0,0.0,0.0,0.0,92282.3
1680467,IT,GR,ELEC5,HEAVY,0.01,922.75,3,3,922.75,0.0,0.0,0.0,0.0,92275.0
1762361,IT,IN,POSTT,CEREA,0.02,922.67,3,3,922.67,0.0,0.0,0.0,0.0,46133.5
1722204,IT,PL,PUBLI,RETA1,0.02,922.611,3,3,922.611,0.0,0.0,0.0,0.0,46130.55
1751766,IT,CN,AUXIL,PRINT,0.02,922.287,3,3,922.287,0.0,0.0,0.0,0.0,46114.35
1792855,IT,WA,EDUCA,ALUM1,0.02,922.246,3,3,922.246,0.0,0.0,0.0,0.0,46112.3
1681155,IT,GR,POSTT,PAPER,0.02,922.22,3,3,922.22,0.0,0.0,0.0,0.0,46111.0
1689776,IT,IE,INSUR,FISHF,0.02,922.155,3,3,922.155,0.0,0.0,0.0,0.0,46107.75
1765078,IT,MX,AUXIL,CHEM1,0.02,922.108,3,3,922.108,0.0,0.0,0.0,0.0,46105.4
1759409,IT,BR,INSUR,PLAST,0.02,921.427,3,3,921.427,0.0,0.0,0.0,0.0,46071.35
1643876,IT,AT,REALE,KEROS,0.04,921.148,3,3,921.148,0.0,0.0,0.0,0.0,23028.7
1647636,IT,BE,FINAN,CHEMI,0.01,921.135,3,3,921.135,0.0,0.0,0.0,0.0,92113.5
1647865,IT,BE,AUXIL,FOOD3,0.02,921.027,3,3,921.027,0.0,0.0,0.0,0.0,46051.35
1767829,IT,RU,AUXIL,LEATH,0.02,920.933,3,3,920.933,0.0,0.0,0.0,0.0,46046.65
1684378,IT,HR,POSTT,MACHI,0.02,920.528,3,3,920.528,0.0,0.0,0.0,0.0,46026.4
1650581,IT,BG,ELEC8,PAPER,0.01,920.284,3,3,920.284,0.0,0.0,0.0,0.0,92028.4
1714227,IT,MT,REALE,OFFIC,0.04,919.873,3,3,919.873,0.0,0.0,0.0,0.0,22996.825
1677747,IT,FR,COMPU,MEATP,0.01,919.841,3,3,919.841,0.0,0.0,0.0,0.0,91984.1
1660373,IT,DE,FINAN,PREC1,0.01,919.773,3,3,919.773,0.0,0.0,0.0,0.0,91977.3
1764983,IT,MX,FINAN,CRUDE,0.01,919.486,3,3,919.486,0.0,0.0,0.0,0.0,91948.6
1659152,IT,DE,ELE11,NFERT,0.01,919.373,3,3,919.373,0.0,0.0,0.0,0.0,91937.3
1783264,IT,NO,PUBLI,RECRE,0.02,919.269,3,3,919.269,0.0,0.0,0.0,0.0,45963.45
1677978,IT,FR,PUBLI,MOTO1,0.02,918.561,3,3,918.561,0.0,0.0,0.0,0.0,45928.05
1784906,IT,ID,POSTT,TRANS,0.02,918.504,3,3,918.504,0.0,0.0,0.0,0.0,45925.2
1654921,IT,CZ,INSUR,COALT,0.02,918.421,3,3,918.421,0.0,0.0,0.0,0.0,45921.05
1721782,IT,PL,AUXIL,CEMEN,0.02,918.287,3,3,918.287,0.0,0.0,0.0,0.0,45914.35
1711606,IT,LU,INSUR,REALE,0.02,918.057,3,3,918.057,0.0,0.0,0.0,0.0,45902.85
1770629,IT,AU,FINAN,RUBBE,0.01,918.021,3,3,918.021,0.0,0.0,0.0,0.0,91802.1
1669229,IT,ES,POSTT,TEXT1,0.02,917.627,3,3,917.627,0.0,0.0,0.0,0.0,45881.35
1655241,IT,CZ,RECRE,NFERT,0.01,917.414,3,3,917.414,0.0,0.0,0.0,0.0,91741.4
1689854,IT,IE,INSUR,OILHA,0.02,916.466,3,3,916.466,0.0,0.0,0.0,0.0,45823.3
1727313,IT,RO,POSTT,CERAM,0.02,916.283,3,3,916.283,0.0,0.0,0.0,0.0,45814.15
1727562,IT,RO,REALE,BIODI,0.04,915.938,3,3,915.938,0.0,0.0,0.0,0.0,22898.45
1770775,IT,AU,COMPU,FOOD5,0.01,915.809,3,3,915.809,0.0,0.0,0.0,0.0,91580.9
1775429,IT,CH,EDUCA,BUSIN,0.02,915.804,3,3,915.804,0.0,0.0,0.0,0.0,45790.2
1751768,IT,CN,AUXIL,MOTOR,0.02,915.749,3,3,915.749,0.0,0.0,0.0,0.0,45787.45
1754280,IT,CA,FINAN,PFERT,0.01,915.619,3,3,915.619,0.0,0.0,0.0,0.0,91561.9
1684377,IT,HR,POSTT,FABRI,0.02,915.526,3,3,915.526,0.0,0.0,0.0,0.0,45776.3
1711636,IT,LU,REALE,PUBLI,0.04,915.388,3,3,915.388,0.0,0.0,0.0,0.0,22884.7
1759446,IT,BR,AUXIL,CROPS,0.02,915.138,3,3,915.138,0.0,0.0,0.0,0.0,45756.9
1714373,IT,MT,PRIVA,BUSIN,0.2,915.118,3,3,915.118,0.0,0.0,0.0,0.0,4575.59
1770630,IT,AU,FINAN,CEMEN,0.01,915.09,3,3,915.09,0.0,0.0,0.0,0.0,91509.0
1724602,IT,PT,FINAN,NONME,0.01,915.069,3,3,915.069,0.0,0.0,0.0,0.0,91506.9
1780563,IT,TW,FINAN,ELEC2,0.01,914.979,3,3,914.979,0.0,0.0,0.0,0.0,91497.9
1754330,IT,CA,INSUR,LEAD1,0.02,914.699,3,3,914.699,0.0,0.0,0.0,0.0,45734.95
1783196,IT,NO,COMPU,INTER,0.01,914.55,3,3,914.55,0.0,0.0,0.0,0.0,91455.0
1744329,IT,US,FINAN,DIST1,0.01,914.495,3,3,914.495,0.0,0.0,0.0,0.0,91449.5
1736632,IT,SK,FINAN,TRAN1,0.01,914.349,3,3,914.349,0.0,0.0,0.0,0.0,91434.9
1774971,IT,CH,AUXIL,NONME,0.02,914.291,3,3,914.291,0.0,0.0,0.0,0.0,45714.55
1759463,IT,BR,AUXIL,RUBBE,0.02,912.994,3,3,912.994,0.0,0.0,0.0,0.0,45649.7
1689722,IT,IE,FINAN,LIQUE,0.01,912.713,3,3,912.713,0.0,0.0,0.0,0.0,91271.3
1681454,IT,GR,COMPU,PULP5,0.01,912.508,3,3,912.508,0.0,0.0,0.0,0.0,91250.8
1783077,IT,NO,INSUR,TRAN1,0.02,912.46,3,3,912.46,0.0,0.0,0.0,0.0,45623.0
1770632,IT,AU,FINAN,ALUM1,0.01,911.915,3,3,911.915,0.0,0.0,0.0,0.0,91191.5
1648337,IT,BE,EDUCA,PUBLI,0.02,911.741,3,3,911.741,0.0,0.0,0.0,0.0,45587.05
1727612,IT,RO,REALE,FOOD3,0.04,911.281,3,3,911.281,0.0,0.0,0.0,0.0,22782.025
1762581,IT,IN,AUXIL,COPP1,0.02,911.01,3,3,911.01,0.0,0.0,0.0,0.0,45550.5
1780575,IT,TW,INSUR,RAWMI,0.02,910.96,3,3,910.96,0.0,0.0,0.0,0.0,45548.0
1786944,IT,ZA,POSTT,NONME,0.01,910.686,3,3,910.686,0.0,0.0,0.0,0.0,91068.6
1727364,IT,RO,POSTT,FOOD2,0.01,910.686,3,3,910.686,0.0,0.0,0.0,0.0,91068.6
1688083,IT,HU,COMPU,SEWAG,0.01,910.578,3,3,910.578,0.0,0.0,0.0,0.0,91057.8
1764950,IT,MX,POSTT,PREC1,0.01,910.477,3,3,910.477,0.0,0.0,0.0,0.0,91047.7
1712825,IT,LV,POSTT,CONST,0.01,910.456,3,3,910.456,0.0,0.0,0.0,0.0,91045.6
1689881,IT,IE,AUXIL,PAPER,0.02,910.294,3,3,910.294,0.0,0.0,0.0,0.0,45514.7
1689746,IT,IE,FINAN,TRAN2,0.01,910.146,3,3,910.146,0.0,0.0,0.0,0.0,91014.6
1677644,IT,FR,REALE,PLAS1,0.04,910.004,3,3,910.004,0.0,0.0,0.0,0.0,22750.1
1669942,IT,ES,EDUCA,CEMEN,0.02,909.87,3,3,909.87,0.0,0.0,0.0,0.0,45493.5
1650439,IT,BG,ELEC4,AIRTR,0.01,909.756,3,3,909.756,0.0,0.0,0.0,0.0,90975.6
1721941,IT,PL,COMPU,FORES,0.01,909.46,3,3,909.46,0.0,0.0,0.0,0.0,90946.0
1797389,IT,WL,COMPU,TOBAC,0.01,909.365,3,3,909.365,0.0,0.0,0.0,0.0,90936.5
1721789,IT,PL,AUXIL,FURNI,0.02,909.272,3,3,909.272,0.0,0.0,0.0,0.0,45463.6
1756950,IT,KR,AUXIL,PUBLI,0.02,908.974,3,3,908.974,0.0,0.0,0.0,0.0,45448.7
1747911,IT,JP,COMPU,ELEC8,0.01,908.915,3,3,908.915,0.0,0.0,0.0,0.0,90891.5
1793098,IT,WA,MEMBE,KEROS,0.01,908.797,3,3,908.797,0.0,0.0,0.0,0.0,90879.7
1747781,IT,JP,AUXIL,ELEC3,0.02,908.638,3,3,908.638,0.0,0.0,0.0,0.0,45431.9
1734173,IT,SI,REALE,ALUM1,0.04,908.412,3,3,908.412,0.0,0.0,0.0,0.0,22710.3
1647776,IT,BE,AUXIL,MEATC,0.02,907.728,3,3,907.728,0.0,0.0,0.0,0.0,45386.4
1751723,IT,CN,INSUR,COKE1,0.02,907.726,3,3,907.726,0.0,0.0,0.0,0.0,45386.3
1663689,IT,DK,RECRE,BUSIN,0.01,907.585,3,3,907.585,0.0,0.0,0.0,0.0,90758.5
1647722,IT,BE,INSUR,ALUM1,0.02,907.51,3,3,907.51,0.0,0.0,0.0,0.0,45375.5
1783043,IT,NO,INSUR,PROCE,0.02,907.47,3,3,907.47,0.0,0.0,0.0,0.0,45373.5
1669653,IT,ES,COMPU,FISHF,0.01,907.398,3,3,907.398,0.0,0.0,0.0,0.0,90739.8
1660765,IT,DE,COMPU,CEREA,0.01,907.347,3,3,907.347,0.0,0.0,0.0,0.0,90734.7
1736676,IT,SK,INSUR,FOODW,0.02,907.229,3,3,907.229,0.0,0.0,0.0,0.0,45361.45
1747750,IT,JP,INSUR,CONST,0.02,907.149,3,3,907.149,0.0,0.0,0.0,0.0,45357.45
1687877,IT,HU,REALE,PULP5,0.04,906.524,3,3,906.524,0.0,0.0,0.0,0.0,22663.1
1677975,IT,FR,PUBLI,FABRI,0.01,906.369,3,3,906.369,0.0,0.0,0.0,0.0,90636.9
1721791,IT,PL,AUXIL,SALEM,0.02,906.171,3,3,906.171,0.0,0.0,0.0,0.0,45308.55
1644106,IT,AT,PUBLI,CONST,0.01,906.153,3,3,906.153,0.0,0.0,0.0,0.0,90615.3
1660561,IT,DE,AUXIL,HOTEL,0.02,905.891,3,3,905.891,0.0,0.0,0.0,0.0,45294.55
1660600,IT,DE,REALE,NUCLE,0.04,905.495,3,3,905.495,0.0,0.0,0.0,0.0,22637.375
1654940,IT,CZ,INSUR,GLASS,0.02,905.167,3,3,905.167,0.0,0.0,0.0,0.0,45258.35
1779395,IT,TR,REALE,CRUDE,0.04,904.95,3,3,904.95,0.0,0.0,0.0,0.0,22623.75
1770626,IT,AU,FINAN,PRINT,0.01,904.628,3,3,904.628,0.0,0.0,0.0,0.0,90462.8
1797271,IT,WL,INSUR,REFI1,0.02,904.627,3,3,904.627,0.0,0.0,0.0,0.0,45231.35
1659070,IT,DE,ELEC4,SALEM,0.01,904.612,3,3,904.612,0.0,0.0,0.0,0.0,90461.2
1721849,IT,PL,REALE,DISTR,0.04,904.367,3,3,904.367,0.0,0.0,0.0,0.0,22609.175
1651079,IT,BG,INSUR,ELEC4,0.02,904.168,3,3,904.168,0.0,0.0,0.0,0.0,45208.4
1654855,IT,CZ,POSTT,ELECT,0.01,903.639,3,3,903.639,0.0,0.0,0.0,0.0,90363.9
1680587,IT,GR,ELE11,RENTI,0.01,903.535,3,3,903.535,0.0,0.0,0.0,0.0,90353.5
1687883,IT,HU,REALE,PLAST,0.04,903.288,3,3,903.288,0.0,0.0,0.0,0.0,22582.2
1744223,IT,US,POSTT,CERAM,0.01,902.968,3,3,902.968,0.0,0.0,0.0,0.0,90296.8
1748113,IT,JP,PUBLI,FISHF,0.01,902.819,3,3,902.819,0.0,0.0,0.0,0.0,90281.9
1754222,IT,CA,POSTT,PULP5,0.01,902.698,3,3,902.698,0.0,0.0,0.0,0.0,90269.8
1660477,IT,DE,INSUR,LUBRI,0.02,902.539,3,3,902.539,0.0,0.0,0.0,0.0,45126.95
1740526,IT,GB,RECRE,AUXIL,0.01,902.471,3,3,902.471,0.0,0.0,0.0,0.0,90247.1
1660331,IT,DE,FINAN,CHEMI,0.01,902.338,3,3,902.338,0.0,0.0,0.0,0.0,90233.8
1783902,IT,NO,RECRE,WHOLE,0.01,902.332,3,3,902.332,0.0,0.0,0.0,0.0,90233.2
1797275,IT,WL,INSUR,PFERT,0.02,902.237,3,3,902.237,0.0,0.0,0.0,0.0,45111.85
1770684,IT,AU,INSUR,MOTO1,0.02,901.934,3,3,901.934,0.0,0.0,0.0,0.0,45096.7
1651045,IT,BG,POSTT,PUBLI,0.01,901.756,3,3,901.756,0.0,0.0,0.0,0.0,90175.6
1660217,IT,DE,POSTT,NATUR,0.01,901.408,3,3,901.408,0.0,0.0,0.0,0.0,90140.8
1663422,IT,DK,AUXIL,DIST1,0.02,901.148,3,3,901.148,0.0,0.0,0.0,0.0,45057.4
1711589,IT,LU,FINAN,AUXIL,0.01,901.146,3,3,901.146,0.0,0.0,0.0,0.0,90114.6
1739951,IT,GB,AUXIL,FOOD5,0.02,901.062,3,3,901.062,0.0,0.0,0.0,0.0,45053.1
1648395,IT,BE,RECRE,REALE,0.01,900.517,3,3,900.517,0.0,0.0,0.0,0.0,90051.7
1714228,IT,MT,REALE,MOTO1,0.04,900.503,3,3,900.503,0.0,0.0,0.0,0.0,22512.575
1762835,IT,IN,PUBLI,ELEC5,0.01,900.007,3,3,900.007,0.0,0.0,0.0,0.0,90000.7
1650384,IT,BG,ELEC4,POULT,0.01,899.727,3,3,899.727,0.0,0.0,0.0,0.0,89972.7
1814893,IT,WM,PRIVA,COPPE,0.2,899.416,3,3,899.416,0.0,0.0,0.0,0.0,4497.08
1681234,IT,GR,FINAN,PAPER,0.01,899.409,3,3,899.409,0.0,0.0,0.0,0.0,89940.9
1783130,IT,NO,AUXIL,BUSIN,0.02,899.355,3,3,899.355,0.0,0.0,0.0,0.0,44967.75
1681466,IT,GR,COMPU,DISTR,0.01,899.161,3,3,899.161,0.0,0.0,0.0,0.0,89916.1
1647813,IT,BE,AUXIL,NONF1,0.02,899.159,3,3,899.159,0.0,0.0,0.0,0.0,44957.95
1677132,IT,FR,POSTT,CEREA,0.01,898.96,3,3,898.96,0.0,0.0,0.0,0.0,89896.0
1798074,IT,WL,RECRE,RETA1,0.01,898.891,3,3,898.891,0.0,0.0,0.0,0.0,89889.1
1654956,IT,CZ,INSUR,SECO9,0.02,898.831,3,3,898.831,0.0,0.0,0.0,0.0,44941.55
1751802,IT,CN,AUXIL,AIRTR,0.02,898.495,3,3,898.495,0.0,0.0,0.0,0.0,44924.75
1644108,IT,AT,PUBLI,COMPU,0.01,898.483,3,3,898.483,0.0,0.0,0.0,0.0,89848.3
1647910,IT,BE,REALE,BIOG1,0.04,898.426,3,3,898.426,0.0,0.0,0.0,0.0,22460.65
1644162,IT,AT,RECRE,FABRI,0.01,898.291,3,3,898.291,0.0,0.0,0.0,0.0,89829.1
1669356,IT,ES,FINAN,PAPE2,0.01,898.239,3,3,898.239,0.0,0.0,0.0,0.0,89823.9
1754289,IT,CA,FINAN,AUXIL,0.01,898.041,3,3,898.041,0.0,0.0,0.0,0.0,89804.1
1765016,IT,MX,INSUR,TEXTI,0.02,897.925,3,3,897.925,0.0,0.0,0.0,0.0,44896.25
1762564,IT,IN,AUXIL,LEATH,0.02,897.682,3,3,897.682,0.0,0.0,0.0,0.0,44884.1
1745129,IT,US,RECRE,RADIO,0.01,897.631,3,3,897.631,0.0,0.0,0.0,0.0,89763.1
1689694,IT,IE,POSTT,EDUCA,0.01,897.103,3,3,897.103,0.0,0.0,0.0,0.0,89710.3
1792503,IT,WA,REALE,HEAVY,0.04,896.988,3,3,896.988,0.0,0.0,0.0,0.0,22424.7
1651115,IT,BG,COMPU,ELEC4,0.01,896.911,3,3,896.911,0.0,0.0,0.0,0.0,89691.1
1792861,IT,WA,EDUCA,MEDIC,0.02,896.668,3,3,896.668,0.0,0.0,0.0,0.0,44833.4
1770727,IT,AU,AUXIL,COLLE,0.02,896.539,3,3,896.539,0.0,0.0,0.0,0.0,44826.95
1736737,IT,SK,REALE,RAILW,0.04,896.259,3,3,896.259,0.0,0.0,0.0,0.0,22406.475
1744373,IT,US,INSUR,MACHI,0.02,895.951,3,3,895.951,0.0,0.0,0.0,0.0,44797.55
1770628,IT,AU,FINAN,CHEM1,0.01,895.681,3,3,895.681,0.0,0.0,0.0,0.0,89568.1
1717557,IT,NL,COMPU,SANDC,0.01,895.202,3,3,895.202,0.0,0.0,0.0,0.0,89520.2
1651105,IT,BG,COMPU,PFERT,0.01,895.192,3,3,895.192,0.0,0.0,0.0,0.0,89519.2
1727693,IT,RO,COMPU,NATUR,0.01,894.983,3,3,894.983,0.0,0.0,0.0,0.0,89498.3
1754282,IT,CA,FINAN,MOTO1,0.01,894.96,3,3,894.96,0.0,0.0,0.0,0.0,89496.0
1779292,IT,TR,FINAN,WASTE,0.01,894.947,3,3,894.947,0.0,0.0,0.0,0.0,89494.7
1721788,IT,PL,AUXIL,TRANS,0.02,894.884,3,3,894.884,0.0,0.0,0.0,0.0,44744.2
1768150,IT,RU,PUBLI,LIQUE,0.01,894.681,3,3,894.681,0.0,0.0,0.0,0.0,89468.1
1739937,IT,GB,INSUR,WHOLE,0.02,894.292,3,3,894.292,0.0,0.0,0.0,0.0,44714.6
1751896,IT,CN,COMPU,PARAF,0.01,894.253,3,3,894.253,0.0,0.0,0.0,0.0,89425.3
1655009,IT,CZ,REALE,BITU1,0.04,894.234,3,3,894.234,0.0,0.0,0.0,0.0,22355.85
1670171,IT,ES,MEMBE,FINAN,0.01,894.021,3,3,894.021,0.0,0.0,0.0,0.0,89402.1
1760258,IT,BR,RECRE,MEMBE,0.01,893.987,3,3,893.987,0.0,0.0,0.0,0.0,89398.7
1736645,IT,SK,FINAN,EDUCA,0.01,893.84,3,3,893.84,0.0,0.0,0.0,0.0,89384.0
1648291,IT,BE,PUBLI,TRANS,0.01,893.794,3,3,893.794,0.0,0.0,0.0,0.0,89379.4
1681629,IT,GR,RECRE,COMPU,0.01,893.639,3,3,893.639,0.0,0.0,0.0,0.0,89363.9
1759336,IT,BR,FINAN,MEATP,0.01,893.096,3,3,893.096,0.0,0.0,0.0,0.0,89309.6
1739960,IT,GB,AUXIL,CEMEN,0.02,892.781,3,3,892.781,0.0,0.0,0.0,0.0,44639.05
1765094,IT,MX,AUXIL,POSTT,0.02,892.424,3,3,892.424,0.0,0.0,0.0,0.0,44621.2
1787152,IT,ZA,PUBLI,CHEM1,0.01,892.117,3,3,892.117,0.0,0.0,0.0,0.0,89211.7
1744488,IT,US,REALE,CATTL,0.04,891.951,3,3,891.951,0.0,0.0,0.0,0.0,22298.775
1767797,IT,RU,INSUR,SEACO,0.02,891.42,3,3,891.42,0.0,0.0,0.0,0.0,44571.0
1724966,IT,PT,EDUCA,BEVER,0.02,891.239,3,3,891.239,0.0,0.0,0.0,0.0,44561.95
1724503,IT,PT,POSTT,MEAT4,0.01,891.038,3,3,891.038,0.0,0.0,0.0,0.0,89103.8
1751779,IT,CN,AUXIL,ALUM1,0.02,891.012,3,3,891.012,0.0,0.0,0.0,0.0,44550.6
1779825,IT,TR,PUBLI,MEATC,0.01,890.904,3,3,890.904,0.0,0.0,0.0,0.0,89090.4
1669970,IT,ES,EDUCA,TRAN2,0.02,890.862,3,3,890.862,0.0,0.0,0.0,0.0,44543.1
1721586,IT,PL,POSTT,TOBAC,0.01,890.736,3,3,890.736,0.0,0.0,0.0,0.0,89073.6
1669867,IT,ES,PUBLI,LEATH,0.01,890.666,3,3,890.666,0.0,0.0,0.0,0.0,89066.6
1802895,IT,WE,RECRE,AUXIL,0.01,890.523,3,3,890.523,0.0,0.0,0.0,0.0,89052.3
1797329,IT,WL,REALE,CRUDE,0.04,890.434,3,3,890.434,0.0,0.0,0.0,0.0,22260.85
1759603,IT,BR,COMPU,COMPU,0.01,890.381,3,3,890.381,0.0,0.0,0.0,0.0,89038.1
1660321,IT,DE,FINAN,OILSE,0.01,890.358,3,3,890.358,0.0,0.0,0.0,0.0,89035.8
1689946,IT,IE,REALE,PEAT2,0.04,890.351,3,3,890.351,0.0,0.0,0.0,0.0,22258.775
1783127,IT,NO,AUXIL,REALE,0.02,890.318,3,3,890.318,0.0,0.0,0.0,0.0,44515.9
1734038,IT,SI,FINAN,FABRI,0.01,890.17,3,3,890.17,0.0,0.0,0.0,0.0,89017.0
1779149,IT,TR,POSTT,NONFE,0.01,890.164,3,3,890.164,0.0,0.0,0.0,0.0,89016.4
1721705,IT,PL,FINAN,SUPPO,0.01,890.099,3,3,890.099,0.0,0.0,0.0,0.0,89009.9
1669955,IT,ES,EDUCA,SECO9,0.02,889.873,3,3,889.873,0.0,0.0,0.0,0.0,44493.65
1713870,IT,MT,ELEC4,ELECT,0.01,889.795,3,3,889.795,0.0,0.0,0.0,0.0,88979.5
1660559,IT,DE,AUXIL,DIST1,0.02,889.73,3,3,889.73,0.0,0.0,0.0,0.0,44486.5
1670250,IT,ES,PRIVA,FURNI,0.2,889.59,3,3,889.59,0.0,0.0,0.0,0.0,4447.95
1654865,IT,CZ,POSTT,BIOG1,0.01,888.91,3,3,888.91,0.0,0.0,0.0,0.0,88891.0
1783261,IT,NO,PUBLI,RESEA,0.01,888.639,3,3,888.639,0.0,0.0,0.0,0.0,88863.9
1647674,IT,BE,FINAN,INLAN,0.01,888.556,3,3,888.556,0.0,0.0,0.0,0.0,88855.6
1721579,IT,PL,POSTT,MEATC,0.01,887.989,3,3,887.989,0.0,0.0,0.0,0.0,88798.9
1650472,IT,BG,ELEC5,BASIC,0.01,887.74,3,3,887.74,0.0,0.0,0.0,0.0,88774.0
1781179,IT,TW,RECRE,RECRE,0.01,887.351,3,3,887.351,0.0,0.0,0.0,0.0,88735.1
1807278,IT,WF,POSTT,MEATC,0.01,887.315,3,3,887.315,0.0,0.0,0.0,0.0,88731.5
1786954,IT,ZA,POSTT,HOTEL,0.01,887.293,3,3,887.293,0.0,0.0,0.0,0.0,88729.3
1792336,IT,WA,FINAN,NFERT,0.01,886.898,3,3,886.898,0.0,0.0,0.0,0.0,88689.8
1734017,IT,SI,POSTT,RESEA,0.01,886.882,3,3,886.882,0.0,0.0,0.0,0.0,88688.2
1722208,IT,PL,PUBLI,REALE,0.01,886.638,3,3,886.638,0.0,0.0,0.0,0.0,88663.8
1767766,IT,RU,INSUR,PAPER,0.02,886.578,3,3,886.578,0.0,0.0,0.0,0.0,44328.9
1797238,IT,WL,FINAN,TRAN2,0.01,886.332,3,3,886.332,0.0,0.0,0.0,0.0,88633.2
1660328,IT,DE,FINAN,NATUR,0.01,885.983,3,3,885.983,0.0,0.0,0.0,0.0,88598.3
1783003,IT,NO,POSTT,AIRTR,0.01,885.845,3,3,885.845,0.0,0.0,0.0,0.0,88584.5
1792509,IT,WA,REALE,CHARC,0.04,885.699,3,3,885.699,0.0,0.0,0.0,0.0,22142.475
1684427,IT,HR,INSUR,HOTEL,0.02,885.687,3,3,885.687,0.0,0.0,0.0,0.0,44284.35
1690554,IT,IE,RECRE,TRANS,0.01,885.245,3,3,885.245,0.0,0.0,0.0,0.0,88524.5
1768152,IT,RU,PUBLI,LUBRI,0.01,885.192,3,3,885.192,0.0,0.0,0.0,0.0,88519.2
1687840,IT,HU,FINAN,SALEM,0.01,885.083,3,3,885.083,0.0,0.0,0.0,0.0,88508.3
1650417,IT,BG,ELEC4,NONME,0.01,884.868,3,3,884.868,0.0,0.0,0.0,0.0,88486.8
1748136,IT,JP,EDUCA,MOTO1,0.02,884.663,3,3,884.663,0.0,0.0,0.0,0.0,44233.15
1724995,IT,PT,EDUCA,HEALT,0.02,884.574,3,3,884.574,0.0,0.0,0.0,0.0,44228.7
1814303,IT,WM,FINAN,CATTL,0.01,884.057,3,3,884.057,0.0,0.0,0.0,0.0,88405.7
1779318,IT,TR,INSUR,LIQUE,0.02,883.849,3,3,883.849,0.0,0.0,0.0,0.0,44192.45
1779441,IT,TR,REALE,AIRTR,0.04,883.744,3,3,883.744,0.0,0.0,0.0,0.0,22093.6
1643942,IT,AT,COMPU,BITU1,0.01,883.384,3,3,883.384,0.0,0.0,0.0,0.0,88338.4
1747656,IT,JP,POSTT,HEAVY,0.01,883.277,3,3,883.277,0.0,0.0,0.0,0.0,88327.7
1774773,IT,CH,POSTT,VEGE1,0.01,883.246,3,3,883.246,0.0,0.0,0.0,0.0,88324.6
1762633,IT,IN,REALE,EDUCA,0.04,883.166,3,3,883.166,0.0,0.0,0.0,0.0,22079.15
1684412,IT,HR,FINAN,PRINT,0.01,883.063,3,3,883.063,0.0,0.0,0.0,0.0,88306.3
1672494,IT,FI,MEMBE,HOTEL,0.01,882.93,3,3,882.93,0.0,0.0,0.0,0.0,88293.0
1727706,IT,RO,COMPU,LEAD1,0.01,882.901,3,3,882.901,0.0,0.0,0.0,0.0,88290.1
1647652,IT,BE,FINAN,COPP1,0.01,882.702,3,3,882.702,0.0,0.0,0.0,0.0,88270.2
1808826,IT,WF,RECRE,COPPE,0.01,882.482,3,3,882.482,0.0,0.0,0.0,0.0,88248.2
1648402,IT,BE,RECRE,HEALT,0.01,882.48,3,3,882.48,0.0,0.0,0.0,0.0,88248.0
1712868,IT,LV,REALE,FISH5,0.04,881.818,3,3,881.818,0.0,0.0,0.0,0.0,22045.45
1677769,IT,FR,COMPU,CERAM,0.01,881.761,3,3,881.761,0.0,0.0,0.0,0.0,88176.1
1762625,IT,IN,REALE,HOTEL,0.04,881.604,3,3,881.604,0.0,0.0,0.0,0.0,22040.1
1654350,IT,CZ,ELEC5,WOODW,0.01,881.556,3,3,881.556,0.0,0.0,0.0,0.0,88155.6
1681174,IT,GR,POSTT,MEDIC,0.01,881.327,3,3,881.327,0.0,0.0,0.0,0.0,88132.7
1807367,IT,WF,FINAN,CHEM1,0.01,881.176,3,3,881.176,0.0,0.0,0.0,0.0,88117.6
1744474,IT,US,AUXIL,PAPE3,0.02,880.59,3,3,880.59,0.0,0.0,0.0,0.0,44029.5
1744310,IT,US,FINAN,CHEM1,0.01,880.416,3,3,880.416,0.0,0.0,0.0,0.0,88041.6
1654843,IT,CZ,POSTT,PAPER,0.01,880.358,3,3,880.358,0.0,0.0,0.0,0.0,88035.8
1762507,IT,IN,INSUR,NFERT,0.02,880.178,3,3,880.178,0.0,0.0,0.0,0.0,44008.9
1724986,IT,PT,EDUCA,LANDT,0.02,880.071,3,3,880.071,0.0,0.0,0.0,0.0,44003.55
1734259,IT,SI,COMPU,RETAI,0.01,879.955,3,3,879.955,0.0,0.0,0.0,0.0,87995.5
1754321,IT,CA,INSUR,HEAVY,0.02,879.943,3,3,879.943,0.0,0.0,0.0,0.0,43997.15
1748119,IT,JP,PUBLI,BASIC,0.01,879.645,3,3,879.645,0.0,0.0,0.0,0.0,87964.5
1792352,IT,WA,FINAN,TRAN1,0.01,879.404,3,3,879.404,0.0,0.0,0.0,0.0,87940.4
1780605,IT,TW,INSUR,CEMEN,0.02,879.27,3,3,879.27,0.0,0.0,0.0,0.0,43963.5
1669388,IT,ES,INSUR,TOBAC,0.02,879.185,3,3,879.185,0.0,0.0,0.0,0.0,43959.25
1736699,IT,SK,REALE,CEREA,0.04,879.136,3,3,879.136,0.0,0.0,0.0,0.0,21978.4
1747680,IT,JP,POSTT,TRAN1,0.01,878.808,3,3,878.808,0.0,0.0,0.0,0.0,87880.8
1802508,IT,WE,POSTT,NONME,0.01,878.521,3,3,878.521,0.0,0.0,0.0,0.0,87852.1
1669266,IT,ES,FINAN,MEAT1,0.01,878.48,3,3,878.48,0.0,0.0,0.0,0.0,87848.0
1739818,IT,GB,FINAN,RAWMI,0.01,878.191,3,3,878.191,0.0,0.0,0.0,0.0,87819.1
1651017,IT,BG,POSTT,TOBAC,0.01,878.013,3,3,878.013,0.0,0.0,0.0,0.0,87801.3
1721778,IT,PL,AUXIL,BEVER,0.02,877.917,3,3,877.917,0.0,0.0,0.0,0.0,43895.85
1680549,IT,GR,ELEC8,LUBRI,0.01,877.815,3,3,877.815,0.0,0.0,0.0,0.0,87781.5
1689805,IT,IE,INSUR,BIODI,0.02,877.517,3,3,877.517,0.0,0.0,0.0,0.0,43875.85
1734047,IT,SI,FINAN,RETAI,0.01,877.38,3,3,877.38,0.0,0.0,0.0,0.0,87738.0
1727448,IT,RO,AUXIL,OILSE,0.02,877.329,3,3,877.329,0.0,0.0,0.0,0.0,43866.45
1751630,IT,CN,FINAN,WEARI,0.01,877.0,3,3,877.0,0.0,0.0,0.0,0.0,87700.0
1779434,IT,TR,REALE,SALEM,0.04,876.944,3,3,876.944,0.0,0.0,0.0,0.0,21923.6
1724571,IT,PT,FINAN,CEREA,0.01,876.234,3,3,876.234,0.0,0.0,0.0,0.0,87623.4
1727707,IT,RO,COMPU,COPP1,0.01,875.941,3,3,875.941,0.0,0.0,0.0,0.0,87594.1
1681159,IT,GR,POSTT,GASDI,0.01,875.899,3,3,875.899,0.0,0.0,0.0,0.0,87589.9
1727713,IT,RO,COMPU,ELEC1,0.01,875.825,3,3,875.825,0.0,0.0,0.0,0.0,87582.5
1722270,IT,PL,RECRE,93197,0.01,875.16,3,3,875.16,0.0,0.0,0.0,0.0,87516.0
1767894,IT,RU,REALE,CONST,0.04,874.731,3,3,874.731,0.0,0.0,0.0,0.0,21868.275
1759399,IT,BR,INSUR,MEAT1,0.02,874.61,3,3,874.61,0.0,0.0,0.0,0.0,43730.5
1717484,IT,NL,REALE,WEARI,0.04,874.281,3,3,874.281,0.0,0.0,0.0,0.0,21857.025
1754288,IT,CA,FINAN,INSUR,0.01,874.265,3,3,874.265,0.0,0.0,0.0,0.0,87426.5
1721733,IT,PL,INSUR,WEARI,0.02,873.897,3,3,873.897,0.0,0.0,0.0,0.0,43694.85
1681321,IT,GR,INSUR,NFERT,0.02,873.506,3,3,873.506,0.0,0.0,0.0,0.0,43675.3
1650580,IT,BG,ELEC8,PULP5,0.01,873.378,3,3,873.378,0.0,0.0,0.0,0.0,87337.8
1734164,IT,SI,REALE,WEARI,0.04,873.099,3,3,873.099,0.0,0.0,0.0,0.0,21827.475
1677163,IT,FR,POSTT,NFERT,0.01,873.074,3,3,873.074,0.0,0.0,0.0,0.0,87307.4
1759347,IT,BR,FINAN,COKEO,0.01,873.029,3,3,873.029,0.0,0.0,0.0,0.0,87302.9
1792328,IT,WA,FINAN,PAPER,0.01,872.917,3,3,872.917,0.0,0.0,0.0,0.0,87291.7
1651057,IT,BG,INSUR,BEVER,0.02,872.76,3,3,872.76,0.0,0.0,0.0,0.0,43638.0
1717384,IT,NL,INSUR,CATTL,0.02,872.64,3,3,872.64,0.0,0.0,0.0,0.0,43632.0
1779185,IT,TR,POSTT,COPP1,0.01,872.595,3,3,872.595,0.0,0.0,0.0,0.0,87259.5
1711775,IT,LU,PUBLI,PAPER,0.01,871.939,3,3,871.939,0.0,0.0,0.0,0.0,87193.9
1734204,IT,SI,REALE,PUBLI,0.04,871.803,3,3,871.803,0.0,0.0,0.0,0.0,21795.075
1775020,IT,CH,REALE,RECRE,0.04,871.649,3,3,871.649,0.0,0.0,0.0,0.0,21791.225
1647806,IT,BE,AUXIL,GLASS,0.02,871.626,3,3,871.626,0.0,0.0,0.0,0.0,43581.3
1754380,IT,CA,AUXIL,REALE,0.02,871.622,3,3,871.622,0.0,0.0,0.0,0.0,43581.1
1659146,IT,DE,ELEC8,PUBLI,0.01,871.435,3,3,871.435,0.0,0.0,0.0,0.0,87143.5
1786947,IT,ZA,POSTT,FURNI,0.01,871.416,3,3,871.416,0.0,0.0,0.0,0.0,87141.6
1807746,IT,WF,PUBLI,BEVER,0.01,871.375,3,3,871.375,0.0,0.0,0.0,0.0,87137.5
1773858,IT,CH,ELEC5,HEALT,0.01,870.944,3,3,870.944,0.0,0.0,0.0,0.0,87094.4
1650395,IT,BG,ELEC4,MEAT4,0.01,870.305,3,3,870.305,0.0,0.0,0.0,0.0,87030.5
1660492,IT,DE,INSUR,FOUND,0.02,869.771,3,3,869.771,0.0,0.0,0.0,0.0,43488.55
1687904,IT,HU,REALE,RETAI,0.04,869.701,3,3,869.701,0.0,0.0,0.0,0.0,21742.525
1762872,IT,IN,RECRE,PUBLI,0.01,869.4,3,3,869.4,0.0,0.0,0.0,0.0,86940.0
1660400,IT,DE,FINAN,STEAM,0.01,869.287,3,3,869.287,0.0,0.0,0.0,0.0,86928.7
1647935,IT,BE,REALE,HEALT,0.04,869.119,3,3,869.119,0.0,0.0,0.0,0.0,21727.975
1787182,IT,ZA,PUBLI,INSUR,0.01,869.086,3,3,869.086,0.0,0.0,0.0,0.0,86908.6
1659054,IT,DE,ELEC4,KEROS,0.01,869.06,3,3,869.06,0.0,0.0,0.0,0.0,86906.0
1734014,IT,SI,POSTT,AUXIL,0.01,869.056,3,3,869.056,0.0,0.0,0.0,0.0,86905.6
1681401,IT,GR,REALE,RETAI,0.04,868.849,3,3,868.849,0.0,0.0,0.0,0.0,21721.225
1672491,IT,FI,MEMBE,RUBBE,0.01,868.691,3,3,868.691,0.0,0.0,0.0,0.0,86869.1
1756847,IT,KR,POSTT,GLASS,0.01,867.888,3,3,867.888,0.0,0.0,0.0,0.0,86788.8
1780659,IT,TW,AUXIL,LUBRI,0.02,867.871,3,3,867.871,0.0,0.0,0.0,0.0,43393.55
1672115,IT,FI,POSTT,DISTR,0.01,867.839,3,3,867.839,0.0,0.0,0.0,0.0,86783.9
1724525,IT,PT,POSTT,CERAM,0.01,867.658,3,3,867.658,0.0,0.0,0.0,0.0,86765.8
1780714,IT,TW,REALE,ALUM1,0.04,867.595,3,3,867.595,0.0,0.0,0.0,0.0,21689.875
1714186,IT,MT,INSUR,MEAT4,0.02,867.592,3,3,867.592,0.0,0.0,0.0,0.0,43379.6
1721693,IT,PL,FINAN,ELEC5,0.01,867.56,3,3,867.56,0.0,0.0,0.0,0.0,86756.0
1647762,IT,BE,INSUR,PLAS1,0.02,867.058,3,3,867.058,0.0,0.0,0.0,0.0,43352.9
1669534,IT,ES,REALE,TEXTI,0.04,867.048,3,3,867.048,0.0,0.0,0.0,0.0,21676.2
1677571,IT,FR,REALE,FISH5,0.04,867.046,3,3,867.046,0.0,0.0,0.0,0.0,21676.15
1745033,IT,US,PUBLI,NFERT,0.01,867.019,3,3,867.019,0.0,0.0,0.0,0.0,86701.9
1792481,IT,WA,REALE,VEGET,0.04,867.009,3,3,867.009,0.0,0.0,0.0,0.0,21675.225
1681253,IT,GR,FINAN,OFFIC,0.01,866.997,3,3,866.997,0.0,0.0,0.0,0.0,86699.7
1717496,IT,NL,REALE,SALEM,0.04,866.857,3,3,866.857,0.0,0.0,0.0,0.0,21671.425
1669473,IT,ES,AUXIL,TEXTI,0.02,866.526,3,3,866.526,0.0,0.0,0.0,0.0,43326.3
1677976,IT,FR,PUBLI,MACHI,0.01,866.525,3,3,866.525,0.0,0.0,0.0,0.0,86652.5
1775572,IT,CH,RECRE,TEXTI,0.01,866.5,3,3,866.5,0.0,0.0,0.0,0.0,86650.0
1677595,IT,FR,REALE,NONME,0.04,866.236,3,3,866.236,0.0,0.0,0.0,0.0,21655.9
1773905,IT,CH,ELEC8,HEALT,0.01,866.047,3,3,866.047,0.0,0.0,0.0,0.0,86604.7
1661052,IT,DE,PUBLI,PULP5,0.01,865.547,3,3,865.547,0.0,0.0,0.0,0.0,86554.7
1654885,IT,CZ,POSTT,RENTI,0.01,865.412,3,3,865.412,0.0,0.0,0.0,0.0,86541.2
1644118,IT,AT,EDUCA,POSTT,0.02,865.388,3,3,865.388,0.0,0.0,0.0,0.0,43269.4
1797342,IT,WL,REALE,PREC1,0.04,865.3,3,3,865.3,0.0,0.0,0.0,0.0,21632.5
1724735,IT,PT,AUXIL,RENTI,0.02,865.162,3,3,865.162,0.0,0.0,0.0,0.0,43258.1
1643884,IT,AT,REALE,BASIC,0.04,865.055,3,3,865.055,0.0,0.0,0.0,0.0,21626.375
1798056,IT,WL,MEMBE,AUXIL,0.01,864.826,3,3,864.826,0.0,0.0,0.0,0.0,86482.6
1663440,IT,DK,REALE,FISH5,0.04,864.808,3,3,864.808,0.0,0.0,0.0,0.0,21620.2
1739872,IT,GB,FINAN,ELEC2,0.01,864.748,3,3,864.748,0.0,0.0,0.0,0.0,86474.8
1643903,IT,AT,REALE,LANDT,0.04,864.512,3,3,864.512,0.0,0.0,0.0,0.0,21612.8
1672112,IT,FI,POSTT,ELECT,0.01,864.394,3,3,864.394,0.0,0.0,0.0,0.0,86439.4
1655034,IT,CZ,REALE,FINAN,0.04,864.375,3,3,864.375,0.0,0.0,0.0,0.0,21609.375
1807771,IT,WF,EDUCA,NONFE,0.02,864.137,3,3,864.137,0.0,0.0,0.0,0.0,43206.85
1807294,IT,WF,POSTT,MOTOR,0.01,863.977,3,3,863.977,0.0,0.0,0.0,0.0,86397.7
1787146,IT,ZA,PUBLI,PAPER,0.01,863.91,3,3,863.91,0.0,0.0,0.0,0.0,86391.0
1792815,IT,WA,EDUCA,ANIMA,0.02,863.592,3,3,863.592,0.0,0.0,0.0,0.0,43179.6
1774956,IT,CH,AUXIL,FORES,0.02,863.489,3,3,863.489,0.0,0.0,0.0,0.0,43174.45
1787171,IT,ZA,PUBLI,SALEM,0.01,863.228,3,3,863.228,0.0,0.0,0.0,0.0,86322.8
1756906,IT,KR,FINAN,HOTEL,0.01,863.112,3,3,863.112,0.0,0.0,0.0,0.0,86311.2
1768212,IT,RU,EDUCA,TOBAC,0.02,863.093,3,3,863.093,0.0,0.0,0.0,0.0,43154.65
1802507,IT,WE,POSTT,GLASS,0.01,863.046,3,3,863.046,0.0,0.0,0.0,0.0,86304.6
1730527,IT,SE,INSUR,PUBLI,0.02,862.879,3,3,862.879,0.0,0.0,0.0,0.0,43143.95
1669873,IT,ES,PUBLI,KERO1,0.01,862.846,3,3,862.846,0.0,0.0,0.0,0.0,86284.6
1784894,IT,ID,POSTT,VEGET,0.01,862.744,3,3,862.744,0.0,0.0,0.0,0.0,86274.4
1780718,IT,TW,REALE,RADIO,0.04,862.015,3,3,862.015,0.0,0.0,0.0,0.0,21550.375
1669860,IT,ES,PUBLI,FORES,0.01,862.0,3,3,862.0,0.0,0.0,0.0,0.0,86200.0
1781175,IT,TW,MEMBE,PROCE,0.01,861.842,3,3,861.842,0.0,0.0,0.0,0.0,86184.2
1648286,IT,BE,PUBLI,WHITE,0.01,861.665,3,3,861.665,0.0,0.0,0.0,0.0,86166.5
1730489,IT,SE,FINAN,VEGET,0.01,861.479,3,3,861.479,0.0,0.0,0.0,0.0,86147.9
1660549,IT,DE,INSUR,INERT,0.02,861.382,3,3,861.382,0.0,0.0,0.0,0.0,43069.1
1687882,IT,HU,REALE,GASDI,0.04,861.323,3,3,861.323,0.0,0.0,0.0,0.0,21533.075
1654845,IT,CZ,POSTT,PFERT,0.01,860.873,3,3,860.873,0.0,0.0,0.0,0.0,86087.3
1779238,IT,TR,POSTT,INERT,0.01,860.587,3,3,860.587,0.0,0.0,0.0,0.0,86058.7
1773891,IT,CH,ELEC8,MACHI,0.01,859.722,3,3,859.722,0.0,0.0,0.0,0.0,85972.2
1768129,IT,RU,PUBLI,BITUM,0.01,859.677,3,3,859.677,0.0,0.0,0.0,0.0,85967.7
1681341,IT,GR,INSUR,DISTR,0.02,859.64,3,3,859.64,0.0,0.0,0.0,0.0,42982.0
1814309,IT,WM,FINAN,SANDC,0.01,859.606,3,3,859.606,0.0,0.0,0.0,0.0,85960.6
1762453,IT,IN,FINAN,PRINT,0.01,859.536,3,3,859.536,0.0,0.0,0.0,0.0,85953.6
1717453,IT,NL,AUXIL,DAIRY,0.02,859.381,3,3,859.381,0.0,0.0,0.0,0.0,42969.05
1669991,IT,ES,EDUCA,PAPE4,0.02,858.831,3,3,858.831,0.0,0.0,0.0,0.0,42941.55
1775357,IT,CH,PUBLI,FISHF,0.01,858.827,3,3,858.827,0.0,0.0,0.0,0.0,85882.7
1739831,IT,GB,FINAN,TOBAC,0.01,858.827,3,3,858.827,0.0,0.0,0.0,0.0,85882.7
1721779,IT,PL,AUXIL,PRINT,0.02,858.824,3,3,858.824,0.0,0.0,0.0,0.0,42941.2
1684439,IT,HR,REALE,CHEM1,0.04,858.527,3,3,858.527,0.0,0.0,0.0,0.0,21463.175
1730484,IT,SE,POSTT,PAPE4,0.01,858.479,3,3,858.479,0.0,0.0,0.0,0.0,85847.9
1669945,IT,ES,EDUCA,ALUM1,0.02,857.423,3,3,857.423,0.0,0.0,0.0,0.0,42871.15
1650454,IT,BG,ELEC5,DAIRY,0.01,857.394,3,3,857.394,0.0,0.0,0.0,0.0,85739.4
1768158,IT,RU,PUBLI,CEMEN,0.01,857.35,3,3,857.35,0.0,0.0,0.0,0.0,85735.0
1724519,IT,PT,POSTT,HEAVY,0.01,857.285,3,3,857.285,0.0,0.0,0.0,0.0,85728.5
1751679,IT,CN,INSUR,MEAT4,0.02,857.105,3,3,857.105,0.0,0.0,0.0,0.0,42855.25
1727292,IT,RO,POSTT,VEGE1,0.01,856.208,3,3,856.208,0.0,0.0,0.0,0.0,85620.8
1678446,IT,FR,RECRE,VEGET,0.01,856.029,3,3,856.029,0.0,0.0,0.0,0.0,85602.9
1689902,IT,IE,AUXIL,ELEC1,0.02,855.53,3,3,855.53,0.0,0.0,0.0,0.0,42776.5
1711550,IT,LU,FINAN,VEGET,0.01,855.426,3,3,855.426,0.0,0.0,0.0,0.0,85542.6
1797160,IT,WL,POSTT,BIOG1,0.01,855.41,3,3,855.41,0.0,0.0,0.0,0.0,85541.0
1643862,IT,AT,AUXIL,REALE,0.02,855.22,3,3,855.22,0.0,0.0,0.0,0.0,42761.0
1669932,IT,ES,EDUCA,LIQUE,0.02,855.035,3,3,855.035,0.0,0.0,0.0,0.0,42751.75
1751811,IT,CN,AUXIL,RESEA,0.02,854.747,3,3,854.747,0.0,0.0,0.0,0.0,42737.35
1687922,IT,HU,REALE,PUBLI,0.04,854.619,3,3,854.619,0.0,0.0,0.0,0.0,21365.475
1669449,IT,ES,INSUR,HEALT,0.02,854.502,3,3,854.502,0.0,0.0,0.0,0.0,42725.1
1643846,IT,AT,INSUR,OFFIC,0.02,854.207,3,3,854.207,0.0,0.0,0.0,0.0,42710.35
1807363,IT,WF,FINAN,MOTOR,0.01,854.058,3,3,854.058,0.0,0.0,0.0,0.0,85405.8
1740525,IT,GB,RECRE,FINAN,0.01,853.865,3,3,853.865,0.0,0.0,0.0,0.0,85386.5
1651910,IT,CY,INSUR,LANDT,0.02,853.799,3,3,853.799,0.0,0.0,0.0,0.0,42689.95
1762417,IT,IN,POSTT,BLAST,0.01,853.652,3,3,853.652,0.0,0.0,0.0,0.0,85365.2
1677981,IT,FR,PUBLI,CONST,0.01,853.533,3,3,853.533,0.0,0.0,0.0,0.0,85353.3
1659156,IT,DE,ELE11,HEALT,0.01,853.369,3,3,853.369,0.0,0.0,0.0,0.0,85336.9
1762427,IT,IN,POSTT,SEACO,0.01,853.227,3,3,853.227,0.0,0.0,0.0,0.0,85322.7
1681624,IT,GR,RECRE,RETA1,0.01,853.191,3,3,853.191,0.0,0.0,0.0,0.0,85319.1
1650450,IT,BG,ELEC5,BKBPE,0.01,853.101,3,3,853.101,0.0,0.0,0.0,0.0,85310.1
1797225,IT,WL,FINAN,MOTO1,0.01,852.446,3,3,852.446,0.0,0.0,0.0,0.0,85244.6
1781072,IT,TW,PUBLI,PETRO,0.01,852.138,3,3,852.138,0.0,0.0,0.0,0.0,85213.8
1654369,IT,CZ,ELEC8,PUBLI,0.01,851.434,3,3,851.434,0.0,0.0,0.0,0.0,85143.4
1677992,IT,FR,PUBLI,RENTI,0.01,851.365,3,3,851.365,0.0,0.0,0.0,0.0,85136.5
1689712,IT,IE,FINAN,STONE,0.01,851.201,3,3,851.201,0.0,0.0,0.0,0.0,85120.1
1651876,IT,CY,POSTT,FURNI,0.01,851.034,3,3,851.034,0.0,0.0,0.0,0.0,85103.4
1660589,IT,DE,REALE,FISH5,0.04,850.979,3,3,850.979,0.0,0.0,0.0,0.0,21274.475
1684417,IT,HR,FINAN,DISTR,0.01,850.908,3,3,850.908,0.0,0.0,0.0,0.0,85090.8
1654367,IT,CZ,ELEC8,CONST,0.01,849.816,3,3,849.816,0.0,0.0,0.0,0.0,84981.6
1768213,IT,RU,EDUCA,CHEM1,0.02,849.741,3,3,849.741,0.0,0.0,0.0,0.0,42487.05
1721776,IT,PL,AUXIL,MEATP,0.02,849.721,3,3,849.721,0.0,0.0,0.0,0.0,42486.05
1687830,IT,HU,FINAN,FOOD5,0.01,849.439,3,3,849.439,0.0,0.0,0.0,0.0,84943.9
1654868,IT,CZ,POSTT,COLLE,0.01,849.377,3,3,849.377,0.0,0.0,0.0,0.0,84937.7
1659086,IT,DE,ELEC5,MOTOR,0.01,849.322,3,3,849.322,0.0,0.0,0.0,0.0,84932.2
1734117,IT,SI,AUXIL,SANDC,0.02,849.122,3,3,849.122,0.0,0.0,0.0,0.0,42456.1
1814375,IT,WM,AUXIL,PRINT,0.02,848.83,3,3,848.83,0.0,0.0,0.0,0.0,42441.5
1808887,IT,WF,PRIVA,MEDIC,0.19,848.783,3,3,848.783,0.0,0.0,0.0,0.0,4467.278947
1654942,IT,CZ,INSUR,CEMEN,0.02,848.583,3,3,848.583,0.0,0.0,0.0,0.0,42429.15
1663404,IT,DK,POSTT,PRIVA,0.01,848.409,3,3,848.409,0.0,0.0,0.0,0.0,84840.9
1779841,IT,TR,PUBLI,CERAM,0.01,848.155,3,3,848.155,0.0,0.0,0.0,0.0,84815.5
1687803,IT,HU,POSTT,DISTR,0.01,847.978,3,3,847.978,0.0,0.0,0.0,0.0,84797.8
1783263,IT,NO,PUBLI,HEALT,0.01,847.936,3,3,847.936,0.0,0.0,0.0,0.0,84793.6
1650452,IT,BG,ELEC5,LEADZ,0.01,847.753,3,3,847.753,0.0,0.0,0.0,0.0,84775.3
1762416,IT,IN,POSTT,COKE1,0.01,847.68,3,3,847.68,0.0,0.0,0.0,0.0,84768.0
1734025,IT,SI,FINAN,STONE,0.01,847.518,3,3,847.518,0.0,0.0,0.0,0.0,84751.8
1730541,IT,SE,AUXIL,LEAD1,0.02,847.448,3,3,847.448,0.0,0.0,0.0,0.0,42372.4
1740373,IT,GB,EDUCA,RECRE,0.02,847.38,3,3,847.38,0.0,0.0,0.0,0.0,42369.0
1745127,IT,US,RECRE,PRINT,0.01,847.077,3,3,847.077,0.0,0.0,0.0,0.0,84707.7
1783136,IT,NO,REALE,SANDC,0.04,846.902,3,3,846.902,0.0,0.0,0.0,0.0,21172.55
1727450,IT,RO,AUXIL,PIGS9,0.02,846.689,3,3,846.689,0.0,0.0,0.0,0.0,42334.45
1792858,IT,WA,EDUCA,FABRI,0.02,846.507,3,3,846.507,0.0,0.0,0.0,0.0,42325.35
1773805,IT,CH,ELEC4,FOOD5,0.01,846.473,3,3,846.473,0.0,0.0,0.0,0.0,84647.3
1648403,IT,BE,RECRE,MEMBE,0.01,846.336,3,3,846.336,0.0,0.0,0.0,0.0,84633.6
1748127,IT,JP,PUBLI,POSTT,0.01,846.299,3,3,846.299,0.0,0.0,0.0,0.0,84629.9
1669300,IT,ES,FINAN,PREC1,0.01,846.257,3,3,846.257,0.0,0.0,0.0,0.0,84625.7
1731033,IT,SE,RECRE,CONST,0.01,845.981,3,3,845.981,0.0,0.0,0.0,0.0,84598.1
1751653,IT,CN,FINAN,INSUR,0.01,845.87,3,3,845.87,0.0,0.0,0.0,0.0,84587.0
1747725,IT,JP,FINAN,ELEC3,0.01,845.868,3,3,845.868,0.0,0.0,0.0,0.0,84586.8
1751681,IT,CN,INSUR,BEVER,0.02,845.785,3,3,845.785,0.0,0.0,0.0,0.0,42289.25
1677994,IT,FR,PUBLI,RESEA,0.01,845.74,3,3,845.74,0.0,0.0,0.0,0.0,84574.0
1756840,IT,KR,POSTT,HEAVY,0.01,845.444,3,3,845.444,0.0,0.0,0.0,0.0,84544.4
1779244,IT,TR,FINAN,POULT,0.01,845.414,3,3,845.414,0.0,0.0,0.0,0.0,84541.4
1659148,IT,DE,ELEC8,93197,0.01,845.261,3,3,845.261,0.0,0.0,0.0,0.0,84526.1
1663387,IT,DK,POSTT,SALEM,0.01,845.205,3,3,845.205,0.0,0.0,0.0,0.0,84520.5
1773852,IT,CH,ELEC5,LANDT,0.01,845.201,3,3,845.201,0.0,0.0,0.0,0.0,84520.1
1770723,IT,AU,AUXIL,FABRI,0.02,845.005,3,3,845.005,0.0,0.0,0.0,0.0,42250.25
1659074,IT,DE,ELEC4,RAILW,0.01,844.623,3,3,844.623,0.0,0.0,0.0,0.0,84462.3
1721704,IT,PL,FINAN,AIRTR,0.01,844.609,3,3,844.609,0.0,0.0,0.0,0.0,84460.9
1751541,IT,CN,POSTT,CROPS,0.01,844.548,3,3,844.548,0.0,0.0,0.0,0.0,84454.8
1651052,IT,BG,INSUR,VEGET,0.02,844.46,3,3,844.46,0.0,0.0,0.0,0.0,42223.0
1807366,IT,WF,FINAN,PFERT,0.01,844.427,3,3,844.427,0.0,0.0,0.0,0.0,84442.7
1767726,IT,RU,FINAN,CONST,0.01,844.313,3,3,844.313,0.0,0.0,0.0,0.0,84431.3
1784896,IT,ID,POSTT,SUBBI,0.01,844.269,3,3,844.269,0.0,0.0,0.0,0.0,84426.9
1661136,IT,DE,RECRE,ELEC8,0.01,844.038,3,3,844.038,0.0,0.0,0.0,0.0,84403.8
1745128,IT,US,RECRE,RUBBE,0.01,843.328,3,3,843.328,0.0,0.0,0.0,0.0,84332.8
1764942,IT,MX,POSTT,WEARI,0.01,843.301,3,3,843.301,0.0,0.0,0.0,0.0,84330.1
1774878,IT,CH,FINAN,EDUCA,0.01,843.186,3,3,843.186,0.0,0.0,0.0,0.0,84318.6
1759444,IT,BR,INSUR,MEMBE,0.02,843.05,3,3,843.05,0.0,0.0,0.0,0.0,42152.5
1724729,IT,PT,AUXIL,SALEM,0.02,842.87,3,3,842.87,0.0,0.0,0.0,0.0,42143.5
1643867,IT,AT,REALE,FOOD5,0.04,842.816,3,3,842.816,0.0,0.0,0.0,0.0,21070.4
1768223,IT,RU,EDUCA,DISTR,0.02,842.781,3,3,842.781,0.0,0.0,0.0,0.0,42139.05
1774766,IT,CH,POSTT,CATTL,0.01,842.704,3,3,842.704,0.0,0.0,0.0,0.0,84270.4
1714223,IT,MT,REALE,PLAST,0.04,842.275,3,3,842.275,0.0,0.0,0.0,0.0,21056.875
1779847,IT,TR,PUBLI,FOUND,0.01,842.235,3,3,842.235,0.0,0.0,0.0,0.0,84223.5
1650573,IT,BG,ELEC8,LEADZ,0.01,841.916,3,3,841.916,0.0,0.0,0.0,0.0,84191.6
1689695,IT,IE,POSTT,FOOD4,0.01,841.626,3,3,841.626,0.0,0.0,0.0,0.0,84162.6
1762374,IT,IN,POSTT,LEATH,0.01,841.443,3,3,841.443,0.0,0.0,0.0,0.0,84144.3
1689867,IT,IE,AUXIL,CEREA,0.02,841.338,3,3,841.338,0.0,0.0,0.0,0.0,42066.9
1689862,IT,IE,INSUR,TEXT2,0.02,841.25,3,3,841.25,0.0,0.0,0.0,0.0,42062.5
1650413,IT,BG,ELEC4,BIOGA,0.01,841.027,3,3,841.027,0.0,0.0,0.0,0.0,84102.7
1677614,IT,FR,REALE,TRAN1,0.04,840.53,3,3,840.53,0.0,0.0,0.0,0.0,21013.25
1787009,IT,ZA,INSUR,RADIO,0.02,840.385,3,3,840.385,0.0,0.0,0.0,0.0,42019.25
1759272,IT,BR,POSTT,LEAD1,0.01,840.337,3,3,840.337,0.0,0.0,0.0,0.0,84033.7
1793120,IT,WA,RECRE,PRINT,0.01,840.325,3,3,840.325,0.0,0.0,0.0,0.0,84032.5
1747746,IT,JP,INSUR,ELEC2,0.02,840.107,3,3,840.107,0.0,0.0,0.0,0.0,42005.35
1721666,IT,PL,FINAN,SUGA1,0.01,839.951,3,3,839.951,0.0,0.0,0.0,0.0,83995.1
1687817,IT,HU,POSTT,INSUR,0.01,839.793,3,3,839.793,0.0,0.0,0.0,0.0,83979.3
1717444,IT,NL,INSUR,FOODW,0.02,839.606,3,3,839.606,0.0,0.0,0.0,0.0,41980.3
1780663,IT,TW,AUXIL,NONME,0.02,839.14,3,3,839.14,0.0,0.0,0.0,0.0,41957.0
1802514,IT,WE,POSTT,TRANS,0.01,839.055,3,3,839.055,0.0,0.0,0.0,0.0,83905.5
1736606,IT,SK,POSTT,TRAN2,0.01,838.98,3,3,838.98,0.0,0.0,0.0,0.0,83898.0
1759420,IT,BR,INSUR,TRANS,0.02,838.95,3,3,838.95,0.0,0.0,0.0,0.0,41947.5
1681219,IT,GR,FINAN,PIGS9,0.01,838.9,3,3,838.9,0.0,0.0,0.0,0.0,83890.0
1807358,IT,WF,FINAN,FISH5,0.01,838.503,3,3,838.503,0.0,0.0,0.0,0.0,83850.3
1756832,IT,KR,POSTT,WEARI,0.01,838.483,3,3,838.483,0.0,0.0,0.0,0.0,83848.3
1672192,IT,FI,AUXIL,RAILW,0.02,838.458,3,3,838.458,0.0,0.0,0.0,0.0,41922.9
1814320,IT,WM,FINAN,KERO1,0.01,838.375,3,3,838.375,0.0,0.0,0.0,0.0,83837.5
1740363,IT,GB,EDUCA,FINAN,0.02,837.596,3,3,837.596,0.0,0.0,0.0,0.0,41879.8
1792495,IT,WA,REALE,TEXTI,0.04,837.426,3,3,837.426,0.0,0.0,0.0,0.0,20935.65
1751724,IT,CN,INSUR,BLAST,0.02,837.304,3,3,837.304,0.0,0.0,0.0,0.0,41865.2
1680542,IT,GR,ELEC8,MEAT4,0.01,837.163,3,3,837.163,0.0,0.0,0.0,0.0,83716.3
1765007,IT,MX,INSUR,VEGET,0.02,837.145,3,3,837.145,0.0,0.0,0.0,0.0,41857.25
1751651,IT,CN,FINAN,POSTT,0.01,837.002,3,3,837.002,0.0,0.0,0.0,0.0,83700.2
1660544,IT,DE,INSUR,FOOD1,0.02,836.973,3,3,836.973,0.0,0.0,0.0,0.0,41848.65
1684426,IT,HR,INSUR,RETA1,0.02,836.459,3,3,836.459,0.0,0.0,0.0,0.0,41822.95
1768217,IT,RU,EDUCA,OFFIC,0.02,836.111,3,3,836.111,0.0,0.0,0.0,0.0,41805.55
1740004,IT,GB,REALE,LANDT,0.04,836.056,3,3,836.056,0.0,0.0,0.0,0.0,20901.4
1759457,IT,BR,AUXIL,PAPER,0.02,835.722,3,3,835.722,0.0,0.0,0.0,0.0,41786.1
1647694,IT,BE,INSUR,CHEMI,0.02,835.486,3,3,835.486,0.0,0.0,0.0,0.0,41774.3
1663426,IT,DK,AUXIL,HOTEL,0.02,835.288,3,3,835.288,0.0,0.0,0.0,0.0,41764.4
1721828,IT,PL,REALE,BIODI,0.04,834.993,3,3,834.993,0.0,0.0,0.0,0.0,20874.825
1770634,IT,AU,FINAN,FURNI,0.01,834.895,3,3,834.895,0.0,0.0,0.0,0.0,83489.5
1740350,IT,GB,EDUCA,PRINT,0.02,834.836,3,3,834.836,0.0,0.0,0.0,0.0,41741.8
1680580,IT,GR,ELE11,BEVER,0.01,834.836,3,3,834.836,0.0,0.0,0.0,0.0,83483.6
1814227,IT,WM,POSTT,FORES,0.01,834.784,3,3,834.784,0.0,0.0,0.0,0.0,83478.4
1814379,IT,WM,AUXIL,HEAVY,0.02,834.383,3,3,834.383,0.0,0.0,0.0,0.0,41719.15
1748134,IT,JP,EDUCA,ELECT,0.02,833.893,3,3,833.893,0.0,0.0,0.0,0.0,41694.65
1655244,IT,CZ,RECRE,RETA1,0.01,833.82,3,3,833.82,0.0,0.0,0.0,0.0,83382.0
1650385,IT,BG,ELEC4,FORES,0.01,833.673,3,3,833.673,0.0,0.0,0.0,0.0,83367.3
1717261,IT,NL,POSTT,RADIO,0.01,833.655,3,3,833.655,0.0,0.0,0.0,0.0,83365.5
1714185,IT,MT,INSUR,FISHF,0.02,833.343,3,3,833.343,0.0,0.0,0.0,0.0,41667.15
1647920,IT,BE,REALE,TRAN2,0.04,833.269,3,3,833.269,0.0,0.0,0.0,0.0,20831.725
1690024,IT,IE,REALE,OILHA,0.04,833.107,3,3,833.107,0.0,0.0,0.0,0.0,20827.675
1745011,IT,US,PUBLI,FISH5,0.01,832.848,3,3,832.848,0.0,0.0,0.0,0.0,83284.8
1774896,IT,CH,INSUR,WEARI,0.02,832.539,3,3,832.539,0.0,0.0,0.0,0.0,41626.95
1798063,IT,WL,RECRE,MOTOR,0.01,832.507,3,3,832.507,0.0,0.0,0.0,0.0,83250.7
1722201,IT,PL,PUBLI,DIST1,0.01,832.47,3,3,832.47,0.0,0.0,0.0,0.0,83247.0
1752226,IT,CN,EDUCA,EDUCA,0.02,832.258,3,3,832.258,0.0,0.0,0.0,0.0,41612.9
1651906,IT,CY,INSUR,RETAI,0.02,832.209,3,3,832.209,0.0,0.0,0.0,0.0,41610.45
1740346,IT,GB,PUBLI,PAPE4,0.01,831.91,3,3,831.91,0.0,0.0,0.0,0.0,83191.0
1650570,IT,BG,ELEC8,LIGNI,0.01,831.855,3,3,831.855,0.0,0.0,0.0,0.0,83185.5
1654340,IT,CZ,ELEC4,MOTO1,0.01,831.796,3,3,831.796,0.0,0.0,0.0,0.0,83179.6
1730857,IT,SE,PUBLI,POSTT,0.01,831.634,3,3,831.634,0.0,0.0,0.0,0.0,83163.4
1792250,IT,WA,POSTT,RUBBE,0.01,831.377,3,3,831.377,0.0,0.0,0.0,0.0,83137.7
1754291,IT,CA,FINAN,RENTI,0.01,831.25,3,3,831.25,0.0,0.0,0.0,0.0,83125.0
1661055,IT,DE,PUBLI,MOTOR,0.01,831.034,3,3,831.034,0.0,0.0,0.0,0.0,83103.4
1736677,IT,SK,INSUR,PAPE1,0.02,831.021,3,3,831.021,0.0,0.0,0.0,0.0,41551.05
1660226,IT,DE,POSTT,SUGA1,0.01,830.514,3,3,830.514,0.0,0.0,0.0,0.0,83051.4
1792886,IT,WA,EDUCA,MEMBE,0.02,830.049,3,3,830.049,0.0,0.0,0.0,0.0,41502.45
1680586,IT,GR,ELE11,SUPPO,0.01,829.459,3,3,829.459,0.0,0.0,0.0,0.0,82945.9
1724958,IT,PT,PUBLI,WHOLE,0.01,829.301,3,3,829.301,0.0,0.0,0.0,0.0,82930.1
1677600,IT,FR,REALE,NONF1,0.04,829.151,3,3,829.151,0.0,0.0,0.0,0.0,20728.775
1654918,IT,CZ,INSUR,PAPER,0.02,829.15,3,3,829.15,0.0,0.0,0.0,0.0,41457.5
1736619,IT,SK,FINAN,MEAT1,0.01,829.142,3,3,829.142,0.0,0.0,0.0,0.0,82914.2
1669191,IT,ES,POSTT,ELEC7,0.01,829.11,3,3,829.11,0.0,0.0,0.0,0.0,82911.0
1681299,IT,GR,INSUR,TOBAC,0.02,828.877,3,3,828.877,0.0,0.0,0.0,0.0,41443.85
1687790,IT,HU,POSTT,GASDI,0.01,828.587,3,3,828.587,0.0,0.0,0.0,0.0,82858.7
1654862,IT,CZ,POSTT,ELEC8,0.01,828.349,3,3,828.349,0.0,0.0,0.0,0.0,82834.9
1677552,IT,FR,REALE,OILSE,0.03,828.056,3,3,828.056,0.0,0.0,0.0,0.0,27601.866667
1681620,IT,GR,RECRE,ELEC5,0.01,828.02,3,3,828.02,0.0,0.0,0.0,0.0,82802.0
1798126,IT,WL,PRIVA,CHARC,0.18,827.847,3,3,827.847,0.0,0.0,0.0,0.0,4599.15
1770631,IT,AU,FINAN,BASIC,0.01,827.821,3,3,827.821,0.0,0.0,0.0,0.0,82782.1
1783139,IT,NO,REALE,RUBBE,0.03,827.511,3,3,827.511,0.0,0.0,0.0,0.0,27583.7
1736659,IT,SK,INSUR,ELEC4,0.02,827.182,3,3,827.182,0.0,0.0,0.0,0.0,41359.1
1751540,IT,CN,POSTT,SUGAR,0.01,826.839,3,3,826.839,0.0,0.0,0.0,0.0,82683.9
1651241,IT,BG,RECRE,POSTT,0.01,826.832,3,3,826.832,0.0,0.0,0.0,0.0,82683.2
1680447,IT,GR,ELEC4,RETA1,0.01,826.61,3,3,826.61,0.0,0.0,0.0,0.0,82661.0
1736665,IT,SK,INSUR,RAILW,0.02,826.498,3,3,826.498,0.0,0.0,0.0,0.0,41324.9
1786996,IT,ZA,INSUR,PAPER,0.02,826.491,3,3,826.491,0.0,0.0,0.0,0.0,41324.55
1727520,IT,RO,AUXIL,FOOD2,0.02,826.347,3,3,826.347,0.0,0.0,0.0,0.0,41317.35
1773898,IT,CH,ELEC8,LANDT,0.01,826.217,3,3,826.217,0.0,0.0,0.0,0.0,82621.7
1775604,IT,CH,RECRE,INLAN,0.01,826.124,3,3,826.124,0.0,0.0,0.0,0.0,82612.4
1710558,IT,LT,INSUR,CONST,0.02,825.962,3,3,825.962,0.0,0.0,0.0,0.0,41298.1
1724955,IT,PT,PUBLI,MOTOR,0.01,825.795,3,3,825.795,0.0,0.0,0.0,0.0,82579.5
1762834,IT,IN,PUBLI,ELEC4,0.01,825.15,3,3,825.15,0.0,0.0,0.0,0.0,82515.0
1689658,IT,IE,POSTT,KERO1,0.01,824.919,3,3,824.919,0.0,0.0,0.0,0.0,82491.9
1775010,IT,CH,REALE,INSUR,0.03,824.546,3,3,824.546,0.0,0.0,0.0,0.0,27484.866667
1724567,IT,PT,POSTT,INERT,0.01,824.522,3,3,824.522,0.0,0.0,0.0,0.0,82452.2
1747652,IT,JP,POSTT,COKEO,0.01,824.291,3,3,824.291,0.0,0.0,0.0,0.0,82429.1
1717478,IT,NL,REALE,CRUDE,0.03,824.207,3,3,824.207,0.0,0.0,0.0,0.0,27473.566667
1739988,IT,GB,AUXIL,FOOD4,0.02,823.97,3,3,823.97,0.0,0.0,0.0,0.0,41198.5
1659143,IT,DE,ELEC8,REALE,0.01,823.858,3,3,823.858,0.0,0.0,0.0,0.0,82385.8
1762397,IT,IN,POSTT,FOUND,0.01,823.695,3,3,823.695,0.0,0.0,0.0,0.0,82369.5
1793124,IT,WA,RECRE,HEAVY,0.01,823.401,3,3,823.401,0.0,0.0,0.0,0.0,82340.1
1727375,IT,RO,FINAN,CEREA,0.01,823.08,3,3,823.08,0.0,0.0,0.0,0.0,82308.0
1684673,IT,HR,RECRE,HOTEL,0.01,823.057,3,3,823.057,0.0,0.0,0.0,0.0,82305.7
1722237,IT,PL,EDUCA,HEALT,0.02,822.966,3,3,822.966,0.0,0.0,0.0,0.0,41148.3
1807770,IT,WF,EDUCA,LEADZ,0.02,822.917,3,3,822.917,0.0,0.0,0.0,0.0,41145.85
1651088,IT,BG,INSUR,AIRTR,0.02,822.753,3,3,822.753,0.0,0.0,0.0,0.0,41137.65
1669987,IT,ES,EDUCA,SEWAG,0.02,822.722,3,3,822.722,0.0,0.0,0.0,0.0,41136.1
1654839,IT,CZ,POSTT,BEVER,0.01,822.681,3,3,822.681,0.0,0.0,0.0,0.0,82268.1
1727476,IT,RO,AUXIL,NAPHT,0.02,822.513,3,3,822.513,0.0,0.0,0.0,0.0,41125.65
1669498,IT,ES,AUXIL,ELEC4,0.02,822.464,3,3,822.464,0.0,0.0,0.0,0.0,41123.2
1768151,IT,RU,PUBLI,NAPHT,0.01,821.745,3,3,821.745,0.0,0.0,0.0,0.0,82174.5
1648277,IT,BE,PUBLI,PRINT,0.01,821.547,3,3,821.547,0.0,0.0,0.0,0.0,82154.7
1724974,IT,PT,EDUCA,RUBBE,0.02,821.371,3,3,821.371,0.0,0.0,0.0,0.0,41068.55
1739823,IT,GB,FINAN,PRECI,0.01,821.065,3,3,821.065,0.0,0.0,0.0,0.0,82106.5
1724670,IT,PT,INSUR,CEMEN,0.02,820.921,3,3,820.921,0.0,0.0,0.0,0.0,41046.05
1770627,IT,AU,FINAN,PFERT,0.01,820.871,3,3,820.871,0.0,0.0,0.0,0.0,82087.1
1677592,IT,FR,REALE,CERAM,0.03,820.651,3,3,820.651,0.0,0.0,0.0,0.0,27355.033333
1793238,IT,WA,PRIVA,SANDC,0.18,820.637,3,3,820.637,0.0,0.0,0.0,0.0,4559.094444
1677655,IT,FR,REALE,PAPE4,0.03,820.535,3,3,820.535,0.0,0.0,0.0,0.0,27351.166667
1773841,IT,CH,ELEC4,MEMBE,0.01,820.397,3,3,820.397,0.0,0.0,0.0,0.0,82039.7
1792206,IT,WA,POSTT,OILSE,0.01,820.087,3,3,820.087,0.0,0.0,0.0,0.0,82008.7
1765100,IT,MX,AUXIL,HEALT,0.01,819.685,3,3,819.685,0.0,0.0,0.0,0.0,81968.5
1807297,IT,WF,POSTT,PLAST,0.01,819.416,3,3,819.416,0.0,0.0,0.0,0.0,81941.6
1687868,IT,HU,AUXIL,COMPU,0.01,819.354,3,3,819.354,0.0,0.0,0.0,0.0,81935.4
1779439,IT,TR,REALE,LANDT,0.03,819.321,3,3,819.321,0.0,0.0,0.0,0.0,27310.7
1687923,IT,HU,REALE,EDUCA,0.03,819.207,3,3,819.207,0.0,0.0,0.0,0.0,27306.9
1793228,IT,WA,PRIVA,NATU1,0.18,819.173,3,3,819.173,0.0,0.0,0.0,0.0,4550.961111
1797216,IT,WL,FINAN,GLASS,0.01,818.852,3,3,818.852,0.0,0.0,0.0,0.0,81885.2
1787016,IT,ZA,INSUR,ELEC3,0.02,818.636,3,3,818.636,0.0,0.0,0.0,0.0,40931.8
1672168,IT,FI,INSUR,HEALT,0.02,818.286,3,3,818.286,0.0,0.0,0.0,0.0,40914.3
1643869,IT,AT,REALE,TEXTI,0.03,817.331,3,3,817.331,0.0,0.0,0.0,0.0,27244.366667
1677171,IT,FR,POSTT,BRICK,0.01,817.227,3,3,817.227,0.0,0.0,0.0,0.0,81722.7
1724643,IT,PT,FINAN,OILHA,0.01,817.168,3,3,817.168,0.0,0.0,0.0,0.0,81716.8
1744377,IT,US,INSUR,ELEC1,0.02,816.862,3,3,816.862,0.0,0.0,0.0,0.0,40843.1
1660637,IT,DE,REALE,COLLE,0.03,816.592,3,3,816.592,0.0,0.0,0.0,0.0,27219.733333
1721830,IT,PL,REALE,GLASS,0.03,816.0,3,3,816.0,0.0,0.0,0.0,0.0,27200.0
1669174,IT,ES,POSTT,NONF1,0.01,815.673,3,3,815.673,0.0,0.0,0.0,0.0,81567.3
1802913,IT,WE,PRIVA,PFERT,0.18,815.671,3,3,815.671,0.0,0.0,0.0,0.0,4531.505556
1734010,IT,SI,POSTT,TRAN2,0.01,815.594,3,3,815.594,0.0,0.0,0.0,0.0,81559.4
1642986,IT,AT,ELE11,DIST1,0.01,815.48,3,3,815.48,0.0,0.0,0.0,0.0,81548.0
1711598,IT,LU,FINAN,MEMBE,0.01,815.193,3,3,815.193,0.0,0.0,0.0,0.0,81519.3
1784933,IT,ID,FINAN,RENTI,0.01,815.047,3,3,815.047,0.0,0.0,0.0,0.0,81504.7
1660547,IT,DE,INSUR,FOOD3,0.02,814.704,3,3,814.704,0.0,0.0,0.0,0.0,40735.2
1661112,IT,DE,EDUCA,HEALT,0.02,814.505,3,3,814.505,0.0,0.0,0.0,0.0,40725.25
1759439,IT,BR,INSUR,COMPU,0.02,814.26,3,3,814.26,0.0,0.0,0.0,0.0,40713.0
1739768,IT,GB,POSTT,PULP5,0.01,814.153,3,3,814.153,0.0,0.0,0.0,0.0,81415.3
1689803,IT,IE,INSUR,PFERT,0.02,814.142,3,3,814.142,0.0,0.0,0.0,0.0,40707.1
1669916,IT,ES,EDUCA,FORES,0.02,814.098,3,3,814.098,0.0,0.0,0.0,0.0,40704.9
1724956,IT,PT,PUBLI,KEROS,0.01,814.041,3,3,814.041,0.0,0.0,0.0,0.0,81404.1
1659144,IT,DE,ELEC8,RESEA,0.01,813.899,3,3,813.899,0.0,0.0,0.0,0.0,81389.9
1765069,IT,MX,INSUR,COMPU,0.02,813.757,3,3,813.757,0.0,0.0,0.0,0.0,40687.85
1727569,IT,RO,REALE,ALUM1,0.03,813.559,3,3,813.559,0.0,0.0,0.0,0.0,27118.633333
1676122,IT,FR,ELEC8,FINAN,0.01,813.503,3,3,813.503,0.0,0.0,0.0,0.0,81350.3
1764945,IT,MX,POSTT,MOTOR,0.01,813.242,3,3,813.242,0.0,0.0,0.0,0.0,81324.2
1775007,IT,CH,REALE,SUPPO,0.03,813.188,3,3,813.188,0.0,0.0,0.0,0.0,27106.266667
1792856,IT,WA,EDUCA,LEAD1,0.02,812.896,3,3,812.896,0.0,0.0,0.0,0.0,40644.8
1650402,IT,BG,ELEC4,LEATH,0.01,812.869,3,3,812.869,0.0,0.0,0.0,0.0,81286.9
1768260,IT,RU,RECRE,WHOLE,0.01,812.847,3,3,812.847,0.0,0.0,0.0,0.0,81284.7
1787012,IT,ZA,INSUR,TRANS,0.02,812.532,3,3,812.532,0.0,0.0,0.0,0.0,40626.6
1747682,IT,JP,POSTT,DIST1,0.01,812.531,3,3,812.531,0.0,0.0,0.0,0.0,81253.1
1677363,IT,FR,INSUR,CRUDE,0.02,812.045,3,3,812.045,0.0,0.0,0.0,0.0,40602.25
1724499,IT,PT,POSTT,RAWMI,0.01,811.736,3,3,811.736,0.0,0.0,0.0,0.0,81173.6
1792340,IT,WA,FINAN,CEMEN,0.01,811.401,3,3,811.401,0.0,0.0,0.0,0.0,81140.1
1792404,IT,WA,INSUR,NONME,0.02,811.123,3,3,811.123,0.0,0.0,0.0,0.0,40556.15
1744404,IT,US,INSUR,93197,0.02,810.805,3,3,810.805,0.0,0.0,0.0,0.0,40540.25
1765015,IT,MX,INSUR,FISH5,0.02,810.396,3,3,810.396,0.0,0.0,0.0,0.0,40519.8
1767762,IT,RU,INSUR,WEARI,0.02,809.883,3,3,809.883,0.0,0.0,0.0,0.0,40494.15
1797270,IT,WL,INSUR,LIQUE,0.02,809.866,3,3,809.866,0.0,0.0,0.0,0.0,40493.3
1787181,IT,ZA,PUBLI,FINAN,0.01,809.724,3,3,809.724,0.0,0.0,0.0,0.0,80972.4
1678469,IT,FR,RECRE,FURNI,0.01,809.656,3,3,809.656,0.0,0.0,0.0,0.0,80965.6
1759468,IT,BR,AUXIL,RADIO,0.01,809.451,3,3,809.451,0.0,0.0,0.0,0.0,80945.1
1669368,IT,ES,FINAN,RECRE,0.01,809.3,3,3,809.3,0.0,0.0,0.0,0.0,80930.0
1648329,IT,BE,EDUCA,AIRTR,0.02,809.202,3,3,809.202,0.0,0.0,0.0,0.0,40460.1
1759395,IT,BR,INSUR,FORES,0.02,809.029,3,3,809.029,0.0,0.0,0.0,0.0,40451.45
1747745,IT,JP,FINAN,93197,0.01,808.979,3,3,808.979,0.0,0.0,0.0,0.0,80897.9
1651915,IT,CY,INSUR,HEALT,0.02,808.848,3,3,808.848,0.0,0.0,0.0,0.0,40442.4
1681217,IT,GR,FINAN,CROPS,0.01,808.517,3,3,808.517,0.0,0.0,0.0,0.0,80851.7
1714238,IT,MT,REALE,SUPPO,0.03,808.222,3,3,808.222,0.0,0.0,0.0,0.0,26940.733333
1647778,IT,BE,AUXIL,MEAT1,0.01,808.169,3,3,808.169,0.0,0.0,0.0,0.0,80816.9
1684454,IT,HR,REALE,BUSIN,0.03,808.04,3,3,808.04,0.0,0.0,0.0,0.0,26934.666667
1756902,IT,KR,FINAN,DISTR,0.01,807.444,3,3,807.444,0.0,0.0,0.0,0.0,80744.4
1768185,IT,RU,PUBLI,LANDT,0.01,807.173,3,3,807.173,0.0,0.0,0.0,0.0,80717.3
1751637,IT,CN,FINAN,CEMEN,0.01,807.11,3,3,807.11,0.0,0.0,0.0,0.0,80711.0
1648380,IT,BE,RECRE,RUBBE,0.01,806.901,3,3,806.901,0.0,0.0,0.0,0.0,80690.1
1797304,IT,WL,AUXIL,ELEC4,0.01,806.842,3,3,806.842,0.0,0.0,0.0,0.0,80684.2
1717326,IT,NL,FINAN,ADDIT,0.01,806.479,3,3,806.479,0.0,0.0,0.0,0.0,80647.9
1663410,IT,DK,FINAN,RENTI,0.01,806.401,3,3,806.401,0.0,0.0,0.0,0.0,80640.1
1783056,IT,NO,INSUR,REFI1,0.02,806.357,3,3,806.357,0.0,0.0,0.0,0.0,40317.85
1762499,IT,IN,INSUR,TOBAC,0.02,806.264,3,3,806.264,0.0,0.0,0.0,0.0,40313.2
1734071,IT,SI,INSUR,BEVER,0.02,806.08,3,3,806.08,0.0,0.0,0.0,0.0,40304.0
1727300,IT,RO,POSTT,PULP5,0.01,806.057,3,3,806.057,0.0,0.0,0.0,0.0,80605.7
1754326,IT,CA,INSUR,CEMEN,0.02,806.057,3,3,806.057,0.0,0.0,0.0,0.0,40302.85
1781039,IT,TW,PUBLI,CEREA,0.01,806.035,3,3,806.035,0.0,0.0,0.0,0.0,80603.5
1759462,IT,BR,AUXIL,LIQUI,0.01,805.659,3,3,805.659,0.0,0.0,0.0,0.0,80565.9
1739816,IT,GB,FINAN,WHEAT,0.01,804.961,3,3,804.961,0.0,0.0,0.0,0.0,80496.1
1814342,IT,WM,FINAN,COLLE,0.01,804.787,3,3,804.787,0.0,0.0,0.0,0.0,80478.7
1680548,IT,GR,ELEC8,GASDI,0.01,804.565,3,3,804.565,0.0,0.0,0.0,0.0,80456.5
1660356,IT,DE,FINAN,WHITE,0.01,804.529,3,3,804.529,0.0,0.0,0.0,0.0,80452.9
1783063,IT,NO,INSUR,CERAM,0.02,804.079,3,3,804.079,0.0,0.0,0.0,0.0,40203.95
1730574,IT,SE,REALE,CONST,0.03,804.013,3,3,804.013,0.0,0.0,0.0,0.0,26800.433333
1756841,IT,KR,POSTT,LIQUE,0.01,803.872,3,3,803.872,0.0,0.0,0.0,0.0,80387.2
1751725,IT,CN,INSUR,BIOG1,0.02,803.775,3,3,803.775,0.0,0.0,0.0,0.0,40188.75
1680563,IT,GR,ELEC8,EDUCA,0.01,803.646,3,3,803.646,0.0,0.0,0.0,0.0,80364.6
1767710,IT,RU,FINAN,NONF1,0.01,803.619,3,3,803.619,0.0,0.0,0.0,0.0,80361.9
1651901,IT,CY,INSUR,FURNI,0.02,803.576,3,3,803.576,0.0,0.0,0.0,0.0,40178.8
1714222,IT,MT,REALE,PRINT,0.03,803.543,3,3,803.543,0.0,0.0,0.0,0.0,26784.766667
1744369,IT,US,INSUR,PLAST,0.02,802.883,3,3,802.883,0.0,0.0,0.0,0.0,40144.15
1672141,IT,FI,FINAN,BASIC,0.01,802.794,3,3,802.794,0.0,0.0,0.0,0.0,80279.4
1722213,IT,PL,PUBLI,PUBLI,0.01,802.605,3,3,802.605,0.0,0.0,0.0,0.0,80260.5
1663461,IT,DK,REALE,AIRTR,0.03,802.402,3,3,802.402,0.0,0.0,0.0,0.0,26746.733333
1681339,IT,GR,INSUR,ELEC4,0.02,802.367,3,3,802.367,0.0,0.0,0.0,0.0,40118.35
1802622,IT,WE,AUXIL,RECRE,0.01,801.832,3,3,801.832,0.0,0.0,0.0,0.0,80183.2
1792412,IT,WA,INSUR,CONST,0.02,801.312,3,3,801.312,0.0,0.0,0.0,0.0,40065.6
1792454,IT,WA,AUXIL,FABRI,0.01,801.249,3,3,801.249,0.0,0.0,0.0,0.0,80124.9
1739925,IT,GB,INSUR,WOODW,0.02,801.061,3,3,801.061,0.0,0.0,0.0,0.0,40053.05
1660597,IT,DE,REALE,KEROS,0.03,800.959,3,3,800.959,0.0,0.0,0.0,0.0,26698.633333
1672257,IT,FI,REALE,AUXIL,0.03,800.879,3,3,800.879,0.0,0.0,0.0,0.0,26695.966667
1765104,IT,MX,REALE,CHEM1,0.03,800.318,3,3,800.318,0.0,0.0,0.0,0.0,26677.266667
1663412,IT,DK,INSUR,PIGS9,0.02,799.915,3,3,799.915,0.0,0.0,0.0,0.0,39995.75
1751687,IT,CN,INSUR,PULP5,0.02,799.803,3,3,799.803,0.0,0.0,0.0,0.0,39990.15
1793307,IT,WA,PRIVA,ELEC5,0.18,799.751,3,3,799.751,0.0,0.0,0.0,0.0,4443.061111
1779853,IT,TR,PUBLI,MEDIC,0.01,799.672,3,3,799.672,0.0,0.0,0.0,0.0,79967.2
1807420,IT,WF,INSUR,TEXTI,0.02,799.649,3,3,799.649,0.0,0.0,0.0,0.0,39982.45
1712855,IT,LV,AUXIL,BUSIN,0.01,799.567,3,3,799.567,0.0,0.0,0.0,0.0,79956.7
1751809,IT,CN,AUXIL,RENTI,0.01,799.23,3,3,799.23,0.0,0.0,0.0,0.0,79923.0
1672215,IT,FI,REALE,TEXTI,0.03,799.062,3,3,799.062,0.0,0.0,0.0,0.0,26635.4
1727896,IT,RO,RECRE,EDUCA,0.01,799.018,3,3,799.018,0.0,0.0,0.0,0.0,79901.8
1781083,IT,TW,PUBLI,NONF1,0.01,798.747,3,3,798.747,0.0,0.0,0.0,0.0,79874.7
1747664,IT,JP,POSTT,FOUND,0.01,798.469,3,3,798.469,0.0,0.0,0.0,0.0,79846.9
1663427,IT,DK,AUXIL,LANDT,0.01,798.078,3,3,798.078,0.0,0.0,0.0,0.0,79807.8
1802496,IT,WE,POSTT,BEVER,0.01,797.776,3,3,797.776,0.0,0.0,0.0,0.0,79777.6
1744438,IT,US,AUXIL,FABRI,0.01,797.687,3,3,797.687,0.0,0.0,0.0,0.0,79768.7
1655042,IT,CZ,REALE,RECRE,0.03,797.54,3,3,797.54,0.0,0.0,0.0,0.0,26584.666667
1792209,IT,WA,POSTT,MEATA,0.01,796.948,3,3,796.948,0.0,0.0,0.0,0.0,79694.8
1724988,IT,PT,EDUCA,POSTT,0.02,796.879,3,3,796.879,0.0,0.0,0.0,0.0,39843.95
1807280,IT,WF,POSTT,MEAT1,0.01,796.519,3,3,796.519,0.0,0.0,0.0,0.0,79651.9
1801787,IT,WE,ELEC4,CONST,0.01,796.442,3,3,796.442,0.0,0.0,0.0,0.0,79644.2
1721617,IT,PL,POSTT,ELEC5,0.01,796.434,3,3,796.434,0.0,0.0,0.0,0.0,79643.4
1775018,IT,CH,REALE,HEALT,0.03,796.152,3,3,796.152,0.0,0.0,0.0,0.0,26538.4
1783259,IT,NO,PUBLI,REALE,0.01,795.971,3,3,795.971,0.0,0.0,0.0,0.0,79597.1
1814333,IT,WM,FINAN,COPP1,0.01,795.928,3,3,795.928,0.0,0.0,0.0,0.0,79592.8
1774999,IT,CH,REALE,DIST1,0.03,795.909,3,3,795.909,0.0,0.0,0.0,0.0,26530.3
1672213,IT,FI,REALE,FOOD5,0.03,795.827,3,3,795.827,0.0,0.0,0.0,0.0,26527.566667
1767692,IT,RU,FINAN,FISHF,0.01,795.753,3,3,795.753,0.0,0.0,0.0,0.0,79575.3
1730428,IT,SE,POSTT,NONF1,0.01,795.661,3,3,795.661,0.0,0.0,0.0,0.0,79566.1
1643847,IT,AT,INSUR,MOTO1,0.02,795.634,3,3,795.634,0.0,0.0,0.0,0.0,39781.7
1744575,IT,US,REALE,WASTE,0.03,795.429,3,3,795.429,0.0,0.0,0.0,0.0,26514.3
1808856,IT,WF,PRIVA,BEVER,0.18,795.333,3,3,795.333,0.0,0.0,0.0,0.0,4418.516667
1739990,IT,GB,AUXIL,INERT,0.01,794.704,3,3,794.704,0.0,0.0,0.0,0.0,79470.4
1765035,IT,MX,INSUR,ALUM1,0.02,794.559,3,3,794.559,0.0,0.0,0.0,0.0,39727.95
1661059,IT,DE,PUBLI,BIODI,0.01,794.25,3,3,794.25,0.0,0.0,0.0,0.0,79425.0
1717413,IT,NL,INSUR,ELEC1,0.02,793.906,3,3,793.906,0.0,0.0,0.0,0.0,39695.3
1663376,IT,DK,POSTT,CHEM1,0.01,793.904,3,3,793.904,0.0,0.0,0.0,0.0,79390.4
1736647,IT,SK,FINAN,MEMBE,0.01,793.779,3,3,793.779,0.0,0.0,0.0,0.0,79377.9
1793312,IT,WA,PRIVA,COKE1,0.18,793.748,3,3,793.748,0.0,0.0,0.0,0.0,4409.711111
1672182,IT,FI,AUXIL,BASIC,0.01,793.647,3,3,793.647,0.0,0.0,0.0,0.0,79364.7
1774929,IT,CH,INSUR,RETAI,0.02,793.419,3,3,793.419,0.0,0.0,0.0,0.0,39670.95
1759255,IT,BR,POSTT,NAPHT,0.01,793.361,3,3,793.361,0.0,0.0,0.0,0.0,79336.1
1807301,IT,WF,POSTT,CERAM,0.01,793.239,3,3,793.239,0.0,0.0,0.0,0.0,79323.9
1744443,IT,US,AUXIL,FURNI,0.01,792.915,3,3,792.915,0.0,0.0,0.0,0.0,79291.5
1734365,IT,SI,PUBLI,RENTI,0.01,792.833,3,3,792.833,0.0,0.0,0.0,0.0,79283.3
1779263,IT,TR,FINAN,BRICK,0.01,792.716,3,3,792.716,0.0,0.0,0.0,0.0,79271.6
1690545,IT,IE,RECRE,KERO1,0.01,792.121,3,3,792.121,0.0,0.0,0.0,0.0,79212.1
1744420,IT,US,AUXIL,FOOD5,0.01,792.078,3,3,792.078,0.0,0.0,0.0,0.0,79207.8
1759454,IT,BR,AUXIL,TOBAC,0.01,791.936,3,3,791.936,0.0,0.0,0.0,0.0,79193.6
1714241,IT,MT,REALE,INSUR,0.03,791.753,3,3,791.753,0.0,0.0,0.0,0.0,26391.766667
1661152,IT,DE,RECRE,EDUCA,0.01,791.451,3,3,791.451,0.0,0.0,0.0,0.0,79145.1
1797085,IT,WL,POSTT,CATTL,0.01,791.446,3,3,791.446,0.0,0.0,0.0,0.0,79144.6
1717244,IT,NL,POSTT,CHEMI,0.01,791.407,3,3,791.407,0.0,0.0,0.0,0.0,79140.7
1748140,IT,JP,EDUCA,RETA1,0.02,791.326,3,3,791.326,0.0,0.0,0.0,0.0,39566.3
1727544,IT,RO,REALE,DAIRY,0.03,791.231,3,3,791.231,0.0,0.0,0.0,0.0,26374.366667
1768263,IT,RU,RECRE,EDUCA,0.01,790.987,3,3,790.987,0.0,0.0,0.0,0.0,79098.7
1672241,IT,FI,REALE,DIST1,0.03,790.732,3,3,790.732,0.0,0.0,0.0,0.0,26357.733333
1675975,IT,FR,ELEC4,INSUR,0.01,790.714,3,3,790.714,0.0,0.0,0.0,0.0,79071.4
1747817,IT,JP,REALE,ELEC2,0.03,790.656,3,3,790.656,0.0,0.0,0.0,0.0,26355.2
1670206,IT,ES,RECRE,ELEC3,0.01,790.575,3,3,790.575,0.0,0.0,0.0,0.0,79057.5
1807273,IT,WF,POSTT,BITUM,0.01,790.177,3,3,790.177,0.0,0.0,0.0,0.0,79017.7
1721647,IT,PL,POSTT,SEWAG,0.01,790.141,3,3,790.141,0.0,0.0,0.0,0.0,79014.1
1792276,IT,WA,POSTT,STEAM,0.01,790.114,3,3,790.114,0.0,0.0,0.0,0.0,79011.4
1767846,IT,RU,AUXIL,RADIO,0.01,789.735,3,3,789.735,0.0,0.0,0.0,0.0,78973.5
1660327,IT,DE,FINAN,CRUDE,0.01,789.613,3,3,789.613,0.0,0.0,0.0,0.0,78961.3
1661141,IT,DE,RECRE,SALEM,0.01,789.001,3,3,789.001,0.0,0.0,0.0,0.0,78900.1
1681614,IT,GR,PUBLI,PUBLI,0.01,788.979,3,3,788.979,0.0,0.0,0.0,0.0,78897.9
1775426,IT,CH,EDUCA,RETA1,0.02,788.867,3,3,788.867,0.0,0.0,0.0,0.0,39443.35
1670248,IT,ES,PRIVA,RADIO,0.18,788.784,3,3,788.784,0.0,0.0,0.0,0.0,4382.133333
1688205,IT,HU,EDUCA,BUSIN,0.02,788.773,3,3,788.773,0.0,0.0,0.0,0.0,39438.65
1736745,IT,SK,REALE,RENTI,0.03,788.66,3,3,788.66,0.0,0.0,0.0,0.0,26288.666667
1734191,IT,SI,REALE,LANDT,0.03,788.438,3,3,788.438,0.0,0.0,0.0,0.0,26281.266667
1651028,IT,BG,POSTT,TRAN1,0.01,788.246,3,3,788.246,0.0,0.0,0.0,0.0,78824.6
1717249,IT,NL,POSTT,LEATH,0.01,788.151,3,3,788.151,0.0,0.0,0.0,0.0,78815.1
1664741,IT,EE,POSTT,RETA1,0.01,788.042,3,3,788.042,0.0,0.0,0.0,0.0,78804.2
1722257,IT,PL,RECRE,CONST,0.01,787.724,3,3,787.724,0.0,0.0,0.0,0.0,78772.4
1660661,IT,DE,REALE,FOODW,0.03,787.537,3,3,787.537,0.0,0.0,0.0,0.0,26251.233333
1767640,IT,RU,POSTT,TOBAC,0.01,787.536,3,3,787.536,0.0,0.0,0.0,0.0,78753.6
1651875,IT,CY,POSTT,RUBBE,0.01,787.476,3,3,787.476,0.0,0.0,0.0,0.0,78747.6
1779140,IT,TR,POSTT,POULT,0.01,787.361,3,3,787.361,0.0,0.0,0.0,0.0,78736.1
1752188,IT,CN,PUBLI,NONF1,0.01,787.311,3,3,787.311,0.0,0.0,0.0,0.0,78731.1
1711553,IT,LU,FINAN,MEATC,0.01,787.216,3,3,787.216,0.0,0.0,0.0,0.0,78721.6
1714168,IT,MT,POSTT,LANDT,0.01,786.921,3,3,786.921,0.0,0.0,0.0,0.0,78692.1
1814407,IT,WM,REALE,KEROS,0.03,786.915,3,3,786.915,0.0,0.0,0.0,0.0,26230.5
1792219,IT,WA,POSTT,STONE,0.01,786.785,3,3,786.785,0.0,0.0,0.0,0.0,78678.5
1676112,IT,FR,ELEC8,COLLE,0.01,786.744,3,3,786.744,0.0,0.0,0.0,0.0,78674.4
1783120,IT,NO,AUXIL,OFFIC,0.01,786.729,3,3,786.729,0.0,0.0,0.0,0.0,78672.9
1759405,IT,BR,INSUR,KEROS,0.02,786.44,3,3,786.44,0.0,0.0,0.0,0.0,39322.0
1787154,IT,ZA,PUBLI,GLASS,0.01,786.397,3,3,786.397,0.0,0.0,0.0,0.0,78639.7
1717750,IT,NL,PUBLI,SUPPO,0.01,786.361,3,3,786.361,0.0,0.0,0.0,0.0,78636.1
1676124,IT,FR,ELEC8,RENTI,0.01,786.335,3,3,786.335,0.0,0.0,0.0,0.0,78633.5
1672212,IT,FI,REALE,DAIRY,0.03,785.484,3,3,785.484,0.0,0.0,0.0,0.0,26182.8
1669425,IT,ES,INSUR,DIST1,0.02,785.372,3,3,785.372,0.0,0.0,0.0,0.0,39268.6
1736591,IT,SK,POSTT,RUBBE,0.01,785.066,3,3,785.066,0.0,0.0,0.0,0.0,78506.6
1647927,IT,BE,REALE,INSUR,0.03,784.834,3,3,784.834,0.0,0.0,0.0,0.0,26161.133333
1689930,IT,IE,AUXIL,SEWAG,0.01,784.473,3,3,784.473,0.0,0.0,0.0,0.0,78447.3
1770719,IT,AU,AUXIL,MEATC,0.01,784.416,3,3,784.416,0.0,0.0,0.0,0.0,78441.6
1774955,IT,CH,AUXIL,RAWMI,0.01,784.144,3,3,784.144,0.0,0.0,0.0,0.0,78414.4
1780462,IT,TW,POSTT,VEGE1,0.01,784.066,3,3,784.066,0.0,0.0,0.0,0.0,78406.6
1774894,IT,CH,INSUR,BEVER,0.02,783.908,3,3,783.908,0.0,0.0,0.0,0.0,39195.4
1744411,IT,US,AUXIL,PIGS9,0.01,783.465,3,3,783.465,0.0,0.0,0.0,0.0,78346.5
1724963,IT,PT,PUBLI,RESEA,0.01,783.421,3,3,783.421,0.0,0.0,0.0,0.0,78342.1
1647603,IT,BE,POSTT,FURNI,0.01,783.361,3,3,783.361,0.0,0.0,0.0,0.0,78336.1
1677984,IT,FR,PUBLI,RETA1,0.01,783.326,3,3,783.326,0.0,0.0,0.0,0.0,78332.6
1724972,IT,PT,EDUCA,PLAST,0.02,782.828,3,3,782.828,0.0,0.0,0.0,0.0,39141.4
1807421,IT,WF,INSUR,GASDI,0.02,782.822,3,3,782.822,0.0,0.0,0.0,0.0,39141.1
1770749,IT,AU,REALE,WOODW,0.03,782.079,3,3,782.079,0.0,0.0,0.0,0.0,26069.3
1669472,IT,ES,AUXIL,FISH5,0.01,781.692,3,3,781.692,0.0,0.0,0.0,0.0,78169.2
1717349,IT,NL,FINAN,ELE12,0.01,781.659,3,3,781.659,0.0,0.0,0.0,0.0,78165.9
1660583,IT,DE,REALE,MEATC,0.03,781.126,3,3,781.126,0.0,0.0,0.0,0.0,26037.533333
1787172,IT,ZA,PUBLI,RETAI,0.01,780.992,3,3,780.992,0.0,0.0,0.0,0.0,78099.2
1779158,IT,TR,POSTT,SUGA1,0.01,780.924,3,3,780.924,0.0,0.0,0.0,0.0,78092.4
1722203,IT,PL,PUBLI,WHOLE,0.01,780.371,3,3,780.371,0.0,0.0,0.0,0.0,78037.1
1792227,IT,WA,POSTT,PROCE,0.01,779.855,3,3,779.855,0.0,0.0,0.0,0.0,77985.5
1756836,IT,KR,POSTT,COKEO,0.01,779.721,3,3,779.721,0.0,0.0,0.0,0.0,77972.1
1721745,IT,PL,INSUR,BASIC,0.02,779.619,3,3,779.619,0.0,0.0,0.0,0.0,38980.95
1669869,IT,ES,PUBLI,PULP5,0.01,779.602,3,3,779.602,0.0,0.0,0.0,0.0,77960.2
1717327,IT,NL,FINAN,RUBBE,0.01,779.441,3,3,779.441,0.0,0.0,0.0,0.0,77944.1
1717375,IT,NL,FINAN,TEXT1,0.01,779.204,3,3,779.204,0.0,0.0,0.0,0.0,77920.4
1647638,IT,BE,FINAN,SUGA1,0.01,779.06,3,3,779.06,0.0,0.0,0.0,0.0,77906.0
1739876,IT,GB,FINAN,ELEC6,0.01,778.79,3,3,778.79,0.0,0.0,0.0,0.0,77879.0
1710561,IT,LT,AUXIL,PUBLI,0.01,778.742,3,3,778.742,0.0,0.0,0.0,0.0,77874.2
1644111,IT,AT,EDUCA,FOOD5,0.02,778.721,3,3,778.721,0.0,0.0,0.0,0.0,38936.05
1802540,IT,WE,FINAN,CROPS,0.01,778.597,3,3,778.597,0.0,0.0,0.0,0.0,77859.7
1782986,IT,NO,POSTT,FISHF,0.01,778.407,3,3,778.407,0.0,0.0,0.0,0.0,77840.7
1756917,IT,KR,INSUR,BASIC,0.02,778.292,3,3,778.292,0.0,0.0,0.0,0.0,38914.6
1713862,IT,MT,ELEC4,PULP5,0.01,778.192,3,3,778.192,0.0,0.0,0.0,0.0,77819.2
1730536,IT,SE,AUXIL,COKEO,0.01,777.847,3,3,777.847,0.0,0.0,0.0,0.0,77784.7
1727482,IT,RO,AUXIL,GLASS,0.01,777.697,3,3,777.697,0.0,0.0,0.0,0.0,77769.7
1660624,IT,DE,REALE,MEDIC,0.03,777.349,3,3,777.349,0.0,0.0,0.0,0.0,25911.633333
1669975,IT,ES,EDUCA,INSUR,0.02,777.232,3,3,777.232,0.0,0.0,0.0,0.0,38861.6
1802555,IT,WE,FINAN,MOTOR,0.01,777.197,3,3,777.197,0.0,0.0,0.0,0.0,77719.7
1762455,IT,IN,FINAN,KEROS,0.01,777.165,3,3,777.165,0.0,0.0,0.0,0.0,77716.5
1721668,IT,PL,FINAN,BEVER,0.01,777.034,3,3,777.034,0.0,0.0,0.0,0.0,77703.4
1765080,IT,MX,AUXIL,PREC1,0.01,776.909,3,3,776.909,0.0,0.0,0.0,0.0,77690.9
1669957,IT,ES,EDUCA,ELEC4,0.02,776.684,3,3,776.684,0.0,0.0,0.0,0.0,38834.2
1744231,IT,US,POSTT,NONF1,0.01,776.625,3,3,776.625,0.0,0.0,0.0,0.0,77662.5
1783253,IT,NO,PUBLI,TRANS,0.01,776.594,3,3,776.594,0.0,0.0,0.0,0.0,77659.4
1780561,IT,TW,FINAN,TRANS,0.01,776.161,3,3,776.161,0.0,0.0,0.0,0.0,77616.1
1724669,IT,PT,INSUR,CERAM,0.02,775.906,3,3,775.906,0.0,0.0,0.0,0.0,38795.3
1744548,IT,US,REALE,COLLE,0.03,775.475,3,3,775.475,0.0,0.0,0.0,0.0,25849.166667
1779197,IT,TR,POSTT,SECO9,0.01,775.44,3,3,775.44,0.0,0.0,0.0,0.0,77544.0
1773899,IT,CH,ELEC8,POSTT,0.01,775.044,3,3,775.044,0.0,0.0,0.0,0.0,77504.4
1711508,IT,LU,POSTT,FOOD5,0.01,775.036,3,3,775.036,0.0,0.0,0.0,0.0,77503.6
1655222,IT,CZ,PUBLI,BUSIN,0.01,774.786,3,3,774.786,0.0,0.0,0.0,0.0,77478.6
1650444,IT,BG,ELEC4,COMPU,0.01,774.543,3,3,774.543,0.0,0.0,0.0,0.0,77454.3
1712931,IT,LV,PUBLI,REALE,0.01,774.285,3,3,774.285,0.0,0.0,0.0,0.0,77428.5
1643778,IT,AT,POSTT,MEDIC,0.01,774.225,3,3,774.225,0.0,0.0,0.0,0.0,77422.5
1681262,IT,GR,FINAN,TRAN1,0.01,774.142,3,3,774.142,0.0,0.0,0.0,0.0,77414.2
1768202,IT,RU,PUBLI,WASTE,0.01,774.129,3,3,774.129,0.0,0.0,0.0,0.0,77412.9
1779349,IT,TR,INSUR,COLLE,0.02,774.123,3,3,774.123,0.0,0.0,0.0,0.0,38706.15
1734049,IT,SI,FINAN,RETA1,0.01,774.08,3,3,774.08,0.0,0.0,0.0,0.0,77408.0
1677284,IT,FR,FINAN,BRICK,0.01,774.008,3,3,774.008,0.0,0.0,0.0,0.0,77400.8
1647800,IT,BE,AUXIL,NONSP,0.01,773.85,3,3,773.85,0.0,0.0,0.0,0.0,77385.0
1734166,IT,SI,REALE,WOODW,0.03,773.571,3,3,773.571,0.0,0.0,0.0,0.0,25785.7
1770674,IT,AU,INSUR,PRINT,0.02,773.412,3,3,773.412,0.0,0.0,0.0,0.0,38670.6
1759330,IT,BR,FINAN,PIGS9,0.01,773.392,3,3,773.392,0.0,0.0,0.0,0.0,77339.2
1792445,IT,WA,AUXIL,WEARI,0.01,773.368,3,3,773.368,0.0,0.0,0.0,0.0,77336.8
1722205,IT,PL,PUBLI,HOTEL,0.01,773.026,3,3,773.026,0.0,0.0,0.0,0.0,77302.6
1654368,IT,CZ,ELEC8,REALE,0.01,772.802,3,3,772.802,0.0,0.0,0.0,0.0,77280.2
1814345,IT,WM,FINAN,RETAI,0.01,772.727,3,3,772.727,0.0,0.0,0.0,0.0,77272.7
1767756,IT,RU,INSUR,NATUR,0.02,772.654,3,3,772.654,0.0,0.0,0.0,0.0,38632.7
1767804,IT,RU,INSUR,AUXIL,0.02,772.307,3,3,772.307,0.0,0.0,0.0,0.0,38615.35
1669124,IT,ES,POSTT,NONFE,0.01,772.298,3,3,772.298,0.0,0.0,0.0,0.0,77229.8
1759397,IT,BR,INSUR,MEATC,0.02,771.647,3,3,771.647,0.0,0.0,0.0,0.0,38582.35
1779236,IT,TR,POSTT,FOOD4,0.01,771.499,3,3,771.499,0.0,0.0,0.0,0.0,77149.9
1736653,IT,SK,INSUR,TOBAC,0.02,770.687,3,3,770.687,0.0,0.0,0.0,0.0,38534.35
1711560,IT,LU,FINAN,WOODW,0.01,770.429,3,3,770.429,0.0,0.0,0.0,0.0,77042.9
1678059,IT,FR,EDUCA,INERT,0.02,770.307,3,3,770.307,0.0,0.0,0.0,0.0,38515.35
1792518,IT,WA,REALE,MOTO1,0.03,770.258,3,3,770.258,0.0,0.0,0.0,0.0,25675.266667
1643839,IT,AT,FINAN,OILHA,0.01,769.832,3,3,769.832,0.0,0.0,0.0,0.0,76983.2
1721718,IT,PL,FINAN,FOOD4,0.01,769.819,3,3,769.819,0.0,0.0,0.0,0.0,76981.9
1690032,IT,IE,REALE,TEXT2,0.03,769.811,3,3,769.811,0.0,0.0,0.0,0.0,25660.366667
1660314,IT,DE,POSTT,INERT,0.01,769.506,3,3,769.506,0.0,0.0,0.0,0.0,76950.6
1797199,IT,WL,FINAN,NATU1,0.01,769.494,3,3,769.494,0.0,0.0,0.0,0.0,76949.4
1734353,IT,SI,PUBLI,BEVER,0.01,769.468,3,3,769.468,0.0,0.0,0.0,0.0,76946.8
1747654,IT,JP,POSTT,KEROS,0.01,769.034,3,3,769.034,0.0,0.0,0.0,0.0,76903.4
1727306,IT,RO,POSTT,LIQUE,0.01,768.99,3,3,768.99,0.0,0.0,0.0,0.0,76899.0
1780559,IT,TW,FINAN,RADIO,0.01,768.989,3,3,768.989,0.0,0.0,0.0,0.0,76898.9
1747774,IT,JP,AUXIL,ELECT,0.01,768.686,3,3,768.686,0.0,0.0,0.0,0.0,76868.6
1762632,IT,IN,REALE,PUBLI,0.03,768.493,3,3,768.493,0.0,0.0,0.0,0.0,25616.433333
1770599,IT,AU,POSTT,RAILW,0.01,768.349,3,3,768.349,0.0,0.0,0.0,0.0,76834.9
1736728,IT,SK,REALE,DISTR,0.03,768.215,3,3,768.215,0.0,0.0,0.0,0.0,25607.166667
1648314,IT,BE,EDUCA,PRINT,0.02,768.132,3,3,768.132,0.0,0.0,0.0,0.0,38406.6
1781082,IT,TW,PUBLI,COPP1,0.01,767.924,3,3,767.924,0.0,0.0,0.0,0.0,76792.4
1773825,IT,CH,ELEC4,INSUR,0.01,767.696,3,3,767.696,0.0,0.0,0.0,0.0,76769.6
1762819,IT,IN,PUBLI,CERAM,0.01,767.515,3,3,767.515,0.0,0.0,0.0,0.0,76751.5
1784993,IT,ID,INSUR,FOOD3,0.02,767.279,3,3,767.279,0.0,0.0,0.0,0.0,38363.95
1669403,IT,ES,INSUR,BRICK,0.02,767.25,3,3,767.25,0.0,0.0,0.0,0.0,38362.5
1733433,IT,SI,ELEC8,DISTR,0.01,766.889,3,3,766.889,0.0,0.0,0.0,0.0,76688.9
1793295,IT,WA,PRIVA,MACHI,0.17,766.842,3,3,766.842,0.0,0.0,0.0,0.0,4510.835294
1779374,IT,TR,AUXIL,CHEM1,0.01,766.738,3,3,766.738,0.0,0.0,0.0,0.0,76673.8
1733432,IT,SI,ELEC8,ALUM1,0.01,765.894,3,3,765.894,0.0,0.0,0.0,0.0,76589.4
1717406,IT,NL,INSUR,FOUND,0.02,765.893,3,3,765.893,0.0,0.0,0.0,0.0,38294.65
1807470,IT,WF,REALE,OILSE,0.03,765.851,3,3,765.851,0.0,0.0,0.0,0.0,25528.366667
1762364,IT,IN,POSTT,PLANT,0.01,765.829,3,3,765.829,0.0,0.0,0.0,0.0,76582.9
1643774,IT,AT,POSTT,MACHI,0.01,765.754,3,3,765.754,0.0,0.0,0.0,0.0,76575.4
1651037,IT,BG,POSTT,AIRTR,0.01,765.242,3,3,765.242,0.0,0.0,0.0,0.0,76524.2
1770734,IT,AU,AUXIL,AIRTR,0.01,765.225,3,3,765.225,0.0,0.0,0.0,0.0,76522.5
1647633,IT,BE,POSTT,INTER,0.01,765.222,3,3,765.222,0.0,0.0,0.0,0.0,76522.2
1792811,IT,WA,PUBLI,RESEA,0.01,764.811,3,3,764.811,0.0,0.0,0.0,0.0,76481.1
1792451,IT,WA,AUXIL,PLAST,0.01,764.8,3,3,764.8,0.0,0.0,0.0,0.0,76480.0
1677452,IT,FR,INSUR,FOOD4,0.02,764.763,3,3,764.763,0.0,0.0,0.0,0.0,38238.15
1736698,IT,SK,REALE,WHEAT,0.03,764.573,3,3,764.573,0.0,0.0,0.0,0.0,25485.766667
1660557,IT,DE,AUXIL,ELEC5,0.01,763.867,3,3,763.867,0.0,0.0,0.0,0.0,76386.7
1647596,IT,BE,POSTT,NONME,0.01,763.661,3,3,763.661,0.0,0.0,0.0,0.0,76366.1
1744363,IT,US,INSUR,NATU1,0.02,763.611,3,3,763.611,0.0,0.0,0.0,0.0,38180.55
1651905,IT,CY,INSUR,CONST,0.02,763.567,3,3,763.567,0.0,0.0,0.0,0.0,38178.35
1651022,IT,BG,POSTT,CEMEN,0.01,762.676,3,3,762.676,0.0,0.0,0.0,0.0,76267.6
1689880,IT,IE,AUXIL,WOODW,0.01,762.254,3,3,762.254,0.0,0.0,0.0,0.0,76225.4
1765055,IT,MX,INSUR,SALEM,0.02,762.191,3,3,762.191,0.0,0.0,0.0,0.0,38109.55
1681146,IT,GR,POSTT,VEGE1,0.01,762.121,3,3,762.121,0.0,0.0,0.0,0.0,76212.1
1677170,IT,FR,POSTT,CERAM,0.01,761.373,3,3,761.373,0.0,0.0,0.0,0.0,76137.3
1644116,IT,AT,EDUCA,RETA1,0.02,761.37,3,3,761.37,0.0,0.0,0.0,0.0,38068.5
1759826,IT,BR,EDUCA,BUSIN,0.02,761.15,3,3,761.15,0.0,0.0,0.0,0.0,38057.5
1672155,IT,FI,INSUR,KEROS,0.02,761.114,3,3,761.114,0.0,0.0,0.0,0.0,38055.7
1650389,IT,BG,ELEC4,HYDRO,0.01,761.038,3,3,761.038,0.0,0.0,0.0,0.0,76103.8
1756929,IT,KR,INSUR,FINAN,0.02,761.022,3,3,761.022,0.0,0.0,0.0,0.0,38051.1
1767653,IT,RU,POSTT,MEDIC,0.01,760.973,3,3,760.973,0.0,0.0,0.0,0.0,76097.3
1669383,IT,ES,INSUR,MEAT1,0.02,759.544,3,3,759.544,0.0,0.0,0.0,0.0,37977.2
1792394,IT,WA,INSUR,MOTOR,0.02,759.535,3,3,759.535,0.0,0.0,0.0,0.0,37976.75
1739936,IT,GB,INSUR,SALEM,0.02,759.401,3,3,759.401,0.0,0.0,0.0,0.0,37970.05
1751769,IT,CN,AUXIL,GASDI,0.01,759.244,3,3,759.244,0.0,0.0,0.0,0.0,75924.4
1744360,IT,US,INSUR,BITUM,0.02,759.197,3,3,759.197,0.0,0.0,0.0,0.0,37959.85
1647830,IT,BE,AUXIL,BLAST,0.01,759.175,3,3,759.175,0.0,0.0,0.0,0.0,75917.5
1784897,IT,ID,POSTT,MEAT1,0.01,758.674,3,3,758.674,0.0,0.0,0.0,0.0,75867.4
1712842,IT,LV,AUXIL,CONST,0.01,758.588,3,3,758.588,0.0,0.0,0.0,0.0,75858.8
1744262,IT,US,POSTT,TRAN2,0.01,757.743,3,3,757.743,0.0,0.0,0.0,0.0,75774.3
1672232,IT,FI,REALE,NONF1,0.03,757.612,3,3,757.612,0.0,0.0,0.0,0.0,25253.733333
1801778,IT,WE,ELEC4,PRINT,0.01,757.412,3,3,757.412,0.0,0.0,0.0,0.0,75741.2
1792489,IT,WA,REALE,SANDC,0.03,757.365,3,3,757.365,0.0,0.0,0.0,0.0,25245.5
1643907,IT,AT,REALE,POSTT,0.03,756.365,3,3,756.365,0.0,0.0,0.0,0.0,25212.166667
1781089,IT,TW,PUBLI,MEDIC,0.01,756.253,3,3,756.253,0.0,0.0,0.0,0.0,75625.3
1792868,IT,WA,EDUCA,STEAM,0.02,756.015,3,3,756.015,0.0,0.0,0.0,0.0,37800.75
1792480,IT,WA,REALE,CEREA,0.03,755.828,3,3,755.828,0.0,0.0,0.0,0.0,25194.266667
1721732,IT,PL,INSUR,BEVER,0.02,755.602,3,3,755.602,0.0,0.0,0.0,0.0,37780.1
1751786,IT,CN,AUXIL,RADIO,0.01,755.434,3,3,755.434,0.0,0.0,0.0,0.0,75543.4
1781041,IT,TW,PUBLI,OILSE,0.01,755.323,3,3,755.323,0.0,0.0,0.0,0.0,75532.3
1792819,IT,WA,EDUCA,STONE,0.02,755.141,3,3,755.141,0.0,0.0,0.0,0.0,37757.05
1747804,IT,JP,AUXIL,EDUCA,0.01,754.89,3,3,754.89,0.0,0.0,0.0,0.0,75489.0
1663438,IT,DK,AUXIL,HEALT,0.01,754.856,3,3,754.856,0.0,0.0,0.0,0.0,75485.6
1647868,IT,BE,AUXIL,93197,0.01,754.835,3,3,754.835,0.0,0.0,0.0,0.0,75483.5
1751780,IT,CN,AUXIL,NONF1,0.01,754.825,3,3,754.825,0.0,0.0,0.0,0.0,75482.5
1711785,IT,LU,PUBLI,OFFIC,0.01,754.664,3,3,754.664,0.0,0.0,0.0,0.0,75466.4
1740300,IT,GB,PUBLI,PULP5,0.01,754.437,3,3,754.437,0.0,0.0,0.0,0.0,75443.7
1779296,IT,TR,INSUR,VEGET,0.02,754.367,3,3,754.367,0.0,0.0,0.0,0.0,37718.35
1783112,IT,NO,INSUR,FOOD4,0.02,754.346,3,3,754.346,0.0,0.0,0.0,0.0,37717.3
1727339,IT,RO,POSTT,RETAI,0.01,754.32,3,3,754.32,0.0,0.0,0.0,0.0,75432.0
1647764,IT,BE,INSUR,OILHA,0.02,754.264,3,3,754.264,0.0,0.0,0.0,0.0,37713.2
1647726,IT,BE,INSUR,OFFIC,0.02,753.703,3,3,753.703,0.0,0.0,0.0,0.0,37685.15
1814416,IT,WM,REALE,SALEM,0.03,753.634,3,3,753.634,0.0,0.0,0.0,0.0,25121.133333
1680454,IT,GR,ELEC4,PUBLI,0.01,753.633,3,3,753.633,0.0,0.0,0.0,0.0,75363.3
1724710,IT,PT,AUXIL,FISH5,0.01,753.576,3,3,753.576,0.0,0.0,0.0,0.0,75357.6
1721744,IT,PL,INSUR,NONME,0.02,753.063,3,3,753.063,0.0,0.0,0.0,0.0,37653.15
1792260,IT,WA,POSTT,FOUND,0.01,752.722,3,3,752.722,0.0,0.0,0.0,0.0,75272.2
1677392,IT,FR,INSUR,PFERT,0.02,752.548,3,3,752.548,0.0,0.0,0.0,0.0,37627.4
1792800,IT,WA,PUBLI,MEAT4,0.01,752.54,3,3,752.54,0.0,0.0,0.0,0.0,75254.0
1711780,IT,LU,PUBLI,CEMEN,0.01,752.083,3,3,752.083,0.0,0.0,0.0,0.0,75208.3
1689931,IT,IE,AUXIL,FOOD2,0.01,752.051,3,3,752.051,0.0,0.0,0.0,0.0,75205.1
1730538,IT,SE,AUXIL,PLAST,0.01,751.815,3,3,751.815,0.0,0.0,0.0,0.0,75181.5
1797274,IT,WL,INSUR,NFERT,0.02,751.412,3,3,751.412,0.0,0.0,0.0,0.0,37570.6
1754381,IT,CA,AUXIL,RENTI,0.01,751.07,3,3,751.07,0.0,0.0,0.0,0.0,75107.0
1717267,IT,NL,POSTT,ELEC5,0.01,751.06,3,3,751.06,0.0,0.0,0.0,0.0,75106.0
1644107,IT,AT,PUBLI,SUPPO,0.01,751.044,3,3,751.044,0.0,0.0,0.0,0.0,75104.4
1736612,IT,SK,POSTT,RESEA,0.01,750.719,3,3,750.719,0.0,0.0,0.0,0.0,75071.9
1779820,IT,TR,PUBLI,COPPE,0.01,750.586,3,3,750.586,0.0,0.0,0.0,0.0,75058.6
1647732,IT,BE,INSUR,FURNI,0.02,750.411,3,3,750.411,0.0,0.0,0.0,0.0,37520.55
1681616,IT,GR,EDUCA,EDUCA,0.02,750.391,3,3,750.391,0.0,0.0,0.0,0.0,37519.55
1814260,IT,WM,POSTT,BASIC,0.01,750.14,3,3,750.14,0.0,0.0,0.0,0.0,75014.0
1647737,IT,BE,INSUR,TRAN1,0.02,750.059,3,3,750.059,0.0,0.0,0.0,0.0,37502.95
1724566,IT,PT,POSTT,PAPE4,0.01,750.029,3,3,750.029,0.0,0.0,0.0,0.0,75002.9
1736596,IT,SK,POSTT,ELEC1,0.01,749.529,3,3,749.529,0.0,0.0,0.0,0.0,74952.9
1672180,IT,FI,AUXIL,GLASS,0.01,749.404,3,3,749.404,0.0,0.0,0.0,0.0,74940.4
1807766,IT,WF,EDUCA,IRONO,0.02,749.307,3,3,749.307,0.0,0.0,0.0,0.0,37465.35
1722185,IT,PL,PUBLI,WOODW,0.01,749.243,3,3,749.243,0.0,0.0,0.0,0.0,74924.3
1774771,IT,CH,POSTT,MEATC,0.01,749.073,3,3,749.073,0.0,0.0,0.0,0.0,74907.3
1759447,IT,BR,AUXIL,POULT,0.01,748.983,3,3,748.983,0.0,0.0,0.0,0.0,74898.3
1759504,IT,BR,REALE,SALEM,0.03,748.844,3,3,748.844,0.0,0.0,0.0,0.0,24961.466667
1722238,IT,PL,EDUCA,MEMBE,0.02,748.455,3,3,748.455,0.0,0.0,0.0,0.0,37422.75
1725102,IT,RO,PRECI,CONST,0.02,748.416,3,3,748.416,0.0,0.0,0.0,0.0,37420.8
1710551,IT,LT,POSTT,RETA1,0.01,748.287,3,3,748.287,0.0,0.0,0.0,0.0,74828.7
1759436,IT,BR,INSUR,AUXIL,0.02,747.851,3,3,747.851,0.0,0.0,0.0,0.0,37392.55
1724678,IT,PT,INSUR,FURNI,0.02,747.789,3,3,747.789,0.0,0.0,0.0,0.0,37389.45
1786940,IT,ZA,POSTT,PRINT,0.01,747.743,3,3,747.743,0.0,0.0,0.0,0.0,74774.3
1767751,IT,RU,INSUR,CATTL,0.02,747.645,3,3,747.645,0.0,0.0,0.0,0.0,37382.25
1797262,IT,WL,INSUR,BEVER,0.02,747.424,3,3,747.424,0.0,0.0,0.0,0.0,37371.2
1765082,IT,MX,AUXIL,FABRI,0.01,747.424,3,3,747.424,0.0,0.0,0.0,0.0,74742.4
1655023,IT,CZ,REALE,ELEC2,0.03,747.364,3,3,747.364,0.0,0.0,0.0,0.0,24912.133333
1661104,IT,DE,EDUCA,MACHI,0.02,747.229,3,3,747.229,0.0,0.0,0.0,0.0,37361.45
1780489,IT,TW,POSTT,CHEM1,0.01,747.105,3,3,747.105,0.0,0.0,0.0,0.0,74710.5
1744478,IT,US,AUXIL,PAPE4,0.01,746.776,3,3,746.776,0.0,0.0,0.0,0.0,74677.6
1762801,IT,IN,PUBLI,FOOD5,0.01,746.648,3,3,746.648,0.0,0.0,0.0,0.0,74664.8
1740357,IT,GB,EDUCA,CONST,0.02,746.636,3,3,746.636,0.0,0.0,0.0,0.0,37331.8
1643886,IT,AT,REALE,ALUM1,0.03,746.587,3,3,746.587,0.0,0.0,0.0,0.0,24886.233333
1774887,IT,CH,INSUR,FORES,0.02,746.55,3,3,746.55,0.0,0.0,0.0,0.0,37327.5
1787143,IT,ZA,PUBLI,TEXTI,0.01,745.982,3,3,745.982,0.0,0.0,0.0,0.0,74598.2
1677996,IT,FR,PUBLI,PUBLI,0.01,745.939,3,3,745.939,0.0,0.0,0.0,0.0,74593.9
1711533,IT,LU,POSTT,SEACO,0.01,745.714,3,3,745.714,0.0,0.0,0.0,0.0,74571.4
1747826,IT,JP,REALE,SEACO,0.03,745.673,3,3,745.673,0.0,0.0,0.0,0.0,24855.766667
1687783,IT,HU,POSTT,CEREA,0.01,745.657,3,3,745.657,0.0,0.0,0.0,0.0,74565.7
1648276,IT,BE,PUBLI,DAIRY,0.01,745.223,3,3,745.223,0.0,0.0,0.0,0.0,74522.3
1684366,IT,HR,POSTT,FORES,0.01,745.202,3,3,745.202,0.0,0.0,0.0,0.0,74520.2
1717483,IT,NL,REALE,TEXTI,0.03,744.78,3,3,744.78,0.0,0.0,0.0,0.0,24826.0
1775427,IT,CH,EDUCA,FINAN,0.02,744.552,3,3,744.552,0.0,0.0,0.0,0.0,37227.6
1759400,IT,BR,INSUR,TEXTI,0.02,743.512,3,3,743.512,0.0,0.0,0.0,0.0,37175.6
1762556,IT,IN,AUXIL,MEAT1,0.01,743.264,3,3,743.264,0.0,0.0,0.0,0.0,74326.4
1721730,IT,PL,INSUR,MEATP,0.02,743.196,3,3,743.196,0.0,0.0,0.0,0.0,37159.8
1651069,IT,BG,INSUR,ALUM1,0.02,743.113,3,3,743.113,0.0,0.0,0.0,0.0,37155.65
1654372,IT,CZ,ELE11,PULP5,0.01,743.048,3,3,743.048,0.0,0.0,0.0,0.0,74304.8
1677160,IT,FR,POSTT,HEAVY,0.01,742.502,3,3,742.502,0.0,0.0,0.0,0.0,74250.2
1814924,IT,WM,PRIVA,ETHAN,0.17,742.368,3,3,742.368,0.0,0.0,0.0,0.0,4366.870588
1774901,IT,CH,INSUR,GASDI,0.02,742.101,3,3,742.101,0.0,0.0,0.0,0.0,37105.05
1770582,IT,AU,POSTT,BASIC,0.01,741.996,3,3,741.996,0.0,0.0,0.0,0.0,74199.6
1768133,IT,RU,PUBLI,DAIRY,0.01,741.768,3,3,741.768,0.0,0.0,0.0,0.0,74176.8
1724707,IT,PT,AUXIL,DAIRY,0.01,741.584,3,3,741.584,0.0,0.0,0.0,0.0,74158.4
1647841,IT,BE,AUXIL,TRAN2,0.01,741.37,3,3,741.37,0.0,0.0,0.0,0.0,74137.0
1739965,IT,GB,AUXIL,ELEC3,0.01,741.25,3,3,741.25,0.0,0.0,0.0,0.0,74125.0
1724521,IT,PT,POSTT,CHEM1,0.01,741.22,3,3,741.22,0.0,0.0,0.0,0.0,74122.0
1681157,IT,GR,POSTT,MOTOR,0.01,741.125,3,3,741.125,0.0,0.0,0.0,0.0,74112.5
1807312,IT,WF,POSTT,ELECT,0.01,740.656,3,3,740.656,0.0,0.0,0.0,0.0,74065.6
1672158,IT,FI,INSUR,BASIC,0.02,740.501,3,3,740.501,0.0,0.0,0.0,0.0,37025.05
1672211,IT,FI,REALE,NICKE,0.03,740.454,3,3,740.454,0.0,0.0,0.0,0.0,24681.8
1687909,IT,HU,REALE,LANDT,0.03,740.246,3,3,740.246,0.0,0.0,0.0,0.0,24674.866667
1774910,IT,CH,INSUR,BASIC,0.02,740.159,3,3,740.159,0.0,0.0,0.0,0.0,37007.95
1736705,IT,SK,REALE,FOOD5,0.03,739.94,3,3,739.94,0.0,0.0,0.0,0.0,24664.666667
1814953,IT,WM,PRIVA,ELEC1,0.17,739.621,3,3,739.621,0.0,0.0,0.0,0.0,4350.711765
1669894,IT,ES,PUBLI,RAILW,0.01,739.207,3,3,739.207,0.0,0.0,0.0,0.0,73920.7
1764949,IT,MX,POSTT,GLASS,0.01,739.165,3,3,739.165,0.0,0.0,0.0,0.0,73916.5
1756919,IT,KR,INSUR,MACHI,0.02,739.114,3,3,739.114,0.0,0.0,0.0,0.0,36955.7
1783260,IT,NO,PUBLI,RENTI,0.01,739.016,3,3,739.016,0.0,0.0,0.0,0.0,73901.6
1661068,IT,DE,PUBLI,TRANS,0.01,738.889,3,3,738.889,0.0,0.0,0.0,0.0,73888.9
1767768,IT,RU,INSUR,MOTOR,0.02,738.611,3,3,738.611,0.0,0.0,0.0,0.0,36930.55
1736922,IT,SK,EDUCA,COMPU,0.02,738.475,3,3,738.475,0.0,0.0,0.0,0.0,36923.75
1648296,IT,BE,PUBLI,LANDT,0.01,738.349,3,3,738.349,0.0,0.0,0.0,0.0,73834.9
1786999,IT,ZA,INSUR,GASDI,0.02,738.115,3,3,738.115,0.0,0.0,0.0,0.0,36905.75
1792249,IT,WA,POSTT,BIOGA,0.01,738.079,3,3,738.079,0.0,0.0,0.0,0.0,73807.9
1747679,IT,JP,POSTT,ELE12,0.01,738.039,3,3,738.039,0.0,0.0,0.0,0.0,73803.9
1751755,IT,CN,AUXIL,POULT,0.01,737.31,3,3,737.31,0.0,0.0,0.0,0.0,73731.0
1744555,IT,US,REALE,RAILW,0.03,737.291,3,3,737.291,0.0,0.0,0.0,0.0,24576.366667
1722209,IT,PL,PUBLI,RENTI,0.01,737.256,3,3,737.256,0.0,0.0,0.0,0.0,73725.6
1762565,IT,IN,AUXIL,WOODW,0.01,736.712,3,3,736.712,0.0,0.0,0.0,0.0,73671.2
1767637,IT,RU,POSTT,NATUR,0.01,736.545,3,3,736.545,0.0,0.0,0.0,0.0,73654.5
1714155,IT,MT,POSTT,MEAT1,0.01,736.509,3,3,736.509,0.0,0.0,0.0,0.0,73650.9
1687914,IT,HU,REALE,FINAN,0.03,736.464,3,3,736.464,0.0,0.0,0.0,0.0,24548.8
1713866,IT,MT,ELEC4,GLASS,0.01,736.364,3,3,736.364,0.0,0.0,0.0,0.0,73636.4
1713868,IT,MT,ELEC4,BRICK,0.01,736.337,3,3,736.337,0.0,0.0,0.0,0.0,73633.7
1660632,IT,DE,REALE,ELEC7,0.03,736.216,3,3,736.216,0.0,0.0,0.0,0.0,24540.533333
1754204,IT,CA,POSTT,MEATA,0.01,735.964,3,3,735.964,0.0,0.0,0.0,0.0,73596.4
1739799,IT,GB,POSTT,RAILW,0.01,735.897,3,3,735.897,0.0,0.0,0.0,0.0,73589.7
1792270,IT,WA,POSTT,ELEC1,0.01,734.887,3,3,734.887,0.0,0.0,0.0,0.0,73488.7
1724564,IT,PT,POSTT,INTER,0.01,734.785,3,3,734.785,0.0,0.0,0.0,0.0,73478.5
1724498,IT,PT,POSTT,CATTL,0.01,734.747,3,3,734.747,0.0,0.0,0.0,0.0,73474.7
1783069,IT,NO,INSUR,NONF1,0.02,734.343,3,3,734.343,0.0,0.0,0.0,0.0,36717.15
1782994,IT,NO,POSTT,DISTR,0.01,734.285,3,3,734.285,0.0,0.0,0.0,0.0,73428.5
1734140,IT,SI,AUXIL,AIRTR,0.01,733.928,3,3,733.928,0.0,0.0,0.0,0.0,73392.8
1654349,IT,CZ,ELEC4,HEALT,0.01,733.601,3,3,733.601,0.0,0.0,0.0,0.0,73360.1
1744440,IT,US,AUXIL,ELECT,0.01,733.371,3,3,733.371,0.0,0.0,0.0,0.0,73337.1
1654875,IT,CZ,POSTT,RAILW,0.01,733.345,3,3,733.345,0.0,0.0,0.0,0.0,73334.5
1736714,IT,SK,REALE,GASDI,0.03,733.028,3,3,733.028,0.0,0.0,0.0,0.0,24434.266667
1734355,IT,SI,PUBLI,FABRI,0.01,733.011,3,3,733.011,0.0,0.0,0.0,0.0,73301.1
1644115,IT,AT,EDUCA,RETAI,0.02,732.876,3,3,732.876,0.0,0.0,0.0,0.0,36643.8
1767898,IT,RU,REALE,LANDT,0.03,732.353,3,3,732.353,0.0,0.0,0.0,0.0,24411.766667
1669150,IT,ES,POSTT,REFIN,0.01,732.23,3,3,732.23,0.0,0.0,0.0,0.0,73223.0
1784902,IT,ID,POSTT,RUBBE,0.01,731.842,3,3,731.842,0.0,0.0,0.0,0.0,73184.2
1747829,IT,JP,REALE,FINAN,0.03,731.593,3,3,731.593,0.0,0.0,0.0,0.0,24386.433333
1650433,IT,BG,ELEC4,SALEM,0.01,731.58,3,3,731.58,0.0,0.0,0.0,0.0,73158.0
1677970,IT,FR,PUBLI,WOODW,0.01,731.511,3,3,731.511,0.0,0.0,0.0,0.0,73151.1
1814410,IT,WM,REALE,LIQUE,0.03,731.299,3,3,731.299,0.0,0.0,0.0,0.0,24376.633333
1740356,IT,GB,EDUCA,FURNI,0.02,730.999,3,3,730.999,0.0,0.0,0.0,0.0,36549.95
1744248,IT,US,POSTT,ELE11,0.01,730.91,3,3,730.91,0.0,0.0,0.0,0.0,73091.0
1677451,IT,FR,INSUR,WASTE,0.02,730.83,3,3,730.83,0.0,0.0,0.0,0.0,36541.5
1779432,IT,TR,REALE,COLLE,0.03,730.769,3,3,730.769,0.0,0.0,0.0,0.0,24358.966667
1651034,IT,BG,POSTT,RAILW,0.01,730.618,3,3,730.618,0.0,0.0,0.0,0.0,73061.8
1744527,IT,US,REALE,PREC1,0.03,730.591,3,3,730.591,0.0,0.0,0.0,0.0,24353.033333
1651060,IT,BG,INSUR,LEATH,0.02,730.534,3,3,730.534,0.0,0.0,0.0,0.0,36526.7
1677233,IT,FR,POSTT,PLAS2,0.01,730.472,3,3,730.472,0.0,0.0,0.0,0.0,73047.2
1724682,IT,PT,INSUR,TRAN1,0.02,730.458,3,3,730.458,0.0,0.0,0.0,0.0,36522.9
1677175,IT,FR,POSTT,ALUM1,0.01,730.342,3,3,730.342,0.0,0.0,0.0,0.0,73034.2
1783121,IT,NO,AUXIL,CONST,0.01,729.726,3,3,729.726,0.0,0.0,0.0,0.0,72972.6
1727873,IT,RO,PUBLI,HEALT,0.01,729.03,3,3,729.03,0.0,0.0,0.0,0.0,72903.0
1722187,IT,PL,PUBLI,GASDI,0.01,728.517,3,3,728.517,0.0,0.0,0.0,0.0,72851.7
1759285,IT,BR,POSTT,ELEC1,0.01,728.514,3,3,728.514,0.0,0.0,0.0,0.0,72851.4
1687857,IT,HU,INSUR,ELEC3,0.02,728.109,3,3,728.109,0.0,0.0,0.0,0.0,36405.45
1759460,IT,BR,AUXIL,PLAST,0.01,727.894,3,3,727.894,0.0,0.0,0.0,0.0,72789.4
1677495,IT,FR,AUXIL,PREC1,0.01,727.882,3,3,727.882,0.0,0.0,0.0,0.0,72788.2
1680582,IT,GR,ELE11,ALUM1,0.01,727.351,3,3,727.351,0.0,0.0,0.0,0.0,72735.1
1717463,IT,NL,AUXIL,RAILW,0.01,726.284,3,3,726.284,0.0,0.0,0.0,0.0,72628.4
1747814,IT,JP,REALE,OFFIC,0.03,726.02,3,3,726.02,0.0,0.0,0.0,0.0,24200.666667
1802818,IT,WE,EDUCA,TEXTI,0.02,725.727,3,3,725.727,0.0,0.0,0.0,0.0,36286.35
1721649,IT,PL,POSTT,WASTE,0.01,725.072,3,3,725.072,0.0,0.0,0.0,0.0,72507.2
1717262,IT,NL,POSTT,MEDIC,0.01,724.977,3,3,724.977,0.0,0.0,0.0,0.0,72497.7
1736744,IT,SK,REALE,AUXIL,0.03,724.751,3,3,724.751,0.0,0.0,0.0,0.0,24158.366667
1654911,IT,CZ,INSUR,DAIRY,0.01,724.548,3,3,724.548,0.0,0.0,0.0,0.0,72454.8
1734157,IT,SI,REALE,PIGS9,0.03,724.544,3,3,724.544,0.0,0.0,0.0,0.0,24151.466667
1774812,IT,CH,POSTT,BIOG1,0.01,724.482,3,3,724.482,0.0,0.0,0.0,0.0,72448.2
1689879,IT,IE,AUXIL,WEARI,0.01,724.346,3,3,724.346,0.0,0.0,0.0,0.0,72434.6
1724969,IT,PT,EDUCA,WEARI,0.02,724.312,3,3,724.312,0.0,0.0,0.0,0.0,36215.6
1677982,IT,FR,PUBLI,SALEM,0.01,723.968,3,3,723.968,0.0,0.0,0.0,0.0,72396.8
1744364,IT,US,INSUR,MEAT1,0.01,723.573,3,3,723.573,0.0,0.0,0.0,0.0,72357.3
1762630,IT,IN,REALE,COMPU,0.03,723.394,3,3,723.394,0.0,0.0,0.0,0.0,24113.133333
1734197,IT,SI,REALE,INSUR,0.03,723.269,3,3,723.269,0.0,0.0,0.0,0.0,24108.966667
1721599,IT,PL,POSTT,BIOGA,0.01,723.229,3,3,723.229,0.0,0.0,0.0,0.0,72322.9
1745000,IT,US,PUBLI,STONE,0.01,723.214,3,3,723.214,0.0,0.0,0.0,0.0,72321.4
1734024,IT,SI,POSTT,93197,0.01,723.156,3,3,723.156,0.0,0.0,0.0,0.0,72315.6
1714310,IT,MT,PUBLI,RECRE,0.01,722.837,3,3,722.837,0.0,0.0,0.0,0.0,72283.7
1744374,IT,US,INSUR,ELECT,0.01,722.797,3,3,722.797,0.0,0.0,0.0,0.0,72279.7
1773817,IT,CH,ELEC4,SALEM,0.01,722.606,3,3,722.606,0.0,0.0,0.0,0.0,72260.6
1783149,IT,NO,REALE,SALEM,0.03,721.725,3,3,721.725,0.0,0.0,0.0,0.0,24057.5
1730596,IT,SE,REALE,OILHA,0.03,721.308,3,3,721.308,0.0,0.0,0.0,0.0,24043.6
1792888,IT,WA,EDUCA,93197,0.02,721.232,3,3,721.232,0.0,0.0,0.0,0.0,36061.6
1739929,IT,GB,INSUR,OFFIC,0.01,721.165,3,3,721.165,0.0,0.0,0.0,0.0,72116.5
1814270,IT,WM,POSTT,DIST1,0.01,720.993,3,3,720.993,0.0,0.0,0.0,0.0,72099.3
1689955,IT,IE,REALE,SUGA1,0.03,720.263,3,3,720.263,0.0,0.0,0.0,0.0,24008.766667
1711517,IT,LU,POSTT,PREC1,0.01,720.173,3,3,720.173,0.0,0.0,0.0,0.0,72017.3
1660665,IT,DE,REALE,WOOD1,0.03,719.673,3,3,719.673,0.0,0.0,0.0,0.0,23989.1
1797581,IT,WL,EDUCA,COPP1,0.02,719.198,3,3,719.198,0.0,0.0,0.0,0.0,35959.9
1786987,IT,ZA,INSUR,NONFE,0.01,719.184,3,3,719.184,0.0,0.0,0.0,0.0,71918.4
1779394,IT,TR,REALE,FISHF,0.03,719.142,3,3,719.142,0.0,0.0,0.0,0.0,23971.4
1770591,IT,AU,POSTT,ELEC1,0.01,719.13,3,3,719.13,0.0,0.0,0.0,0.0,71913.0
1780684,IT,TW,AUXIL,HEALT,0.01,719.031,3,3,719.031,0.0,0.0,0.0,0.0,71903.1
1779235,IT,TR,POSTT,WASTE,0.01,719.024,3,3,719.024,0.0,0.0,0.0,0.0,71902.4
1654952,IT,CZ,INSUR,ELECT,0.01,718.984,3,3,718.984,0.0,0.0,0.0,0.0,71898.4
1734361,IT,SI,PUBLI,RAILW,0.01,718.872,3,3,718.872,0.0,0.0,0.0,0.0,71887.2
1660309,IT,DE,POSTT,FOOD1,0.01,718.866,3,3,718.866,0.0,0.0,0.0,0.0,71886.6
1687853,IT,HU,INSUR,MACHI,0.01,718.864,3,3,718.864,0.0,0.0,0.0,0.0,71886.4
1762794,IT,IN,PUBLI,WHEAT,0.01,718.834,3,3,718.834,0.0,0.0,0.0,0.0,71883.4
1814406,IT,WM,REALE,MOTOR,0.03,718.658,3,3,718.658,0.0,0.0,0.0,0.0,23955.266667
1739994,IT,GB,REALE,RUBBE,0.03,718.649,3,3,718.649,0.0,0.0,0.0,0.0,23954.966667
1739996,IT,GB,REALE,DISTR,0.03,718.578,3,3,718.578,0.0,0.0,0.0,0.0,23952.6
1677558,IT,FR,REALE,MEATA,0.03,718.551,3,3,718.551,0.0,0.0,0.0,0.0,23951.7
1744371,IT,US,INSUR,CHEM1,0.01,718.494,3,3,718.494,0.0,0.0,0.0,0.0,71849.4
1797563,IT,WL,PUBLI,ADDIT,0.01,718.438,3,3,718.438,0.0,0.0,0.0,0.0,71843.8
1767668,IT,RU,POSTT,RAILW,0.01,717.944,3,3,717.944,0.0,0.0,0.0,0.0,71794.4
1792827,IT,WA,EDUCA,PROCE,0.02,717.931,3,3,717.931,0.0,0.0,0.0,0.0,35896.55
1672183,IT,FI,AUXIL,NONF1,0.01,716.764,3,3,716.764,0.0,0.0,0.0,0.0,71676.4
1655217,IT,CZ,PUBLI,COKE1,0.01,716.637,3,3,716.637,0.0,0.0,0.0,0.0,71663.7
1647808,IT,BE,AUXIL,NONME,0.01,716.494,3,3,716.494,0.0,0.0,0.0,0.0,71649.4
1727464,IT,RO,AUXIL,TOBAC,0.01,716.467,3,3,716.467,0.0,0.0,0.0,0.0,71646.7
1680579,IT,GR,ELE11,VEGET,0.01,716.233,3,3,716.233,0.0,0.0,0.0,0.0,71623.3
1724959,IT,PT,PUBLI,RETA1,0.01,716.103,3,3,716.103,0.0,0.0,0.0,0.0,71610.3
1751676,IT,CN,INSUR,MEATC,0.01,715.862,3,3,715.862,0.0,0.0,0.0,0.0,71586.2
1681399,IT,GR,REALE,CONST,0.03,715.418,3,3,715.418,0.0,0.0,0.0,0.0,23847.266667
1680581,IT,GR,ELE11,CEMEN,0.01,715.127,3,3,715.127,0.0,0.0,0.0,0.0,71512.7
1660603,IT,DE,REALE,ADDIT,0.03,714.573,3,3,714.573,0.0,0.0,0.0,0.0,23819.1
1797303,IT,WL,AUXIL,FABRI,0.01,714.52,3,3,714.52,0.0,0.0,0.0,0.0,71452.0
1792410,IT,WA,INSUR,MOTO1,0.01,714.515,3,3,714.515,0.0,0.0,0.0,0.0,71451.5
1744496,IT,US,REALE,MEAT1,0.03,714.106,3,3,714.106,0.0,0.0,0.0,0.0,23803.533333
1672181,IT,FI,AUXIL,NONME,0.01,713.832,3,3,713.832,0.0,0.0,0.0,0.0,71383.2
1770720,IT,AU,AUXIL,CHEM1,0.01,713.808,3,3,713.808,0.0,0.0,0.0,0.0,71380.8
1684376,IT,HR,POSTT,CEMEN,0.01,713.328,3,3,713.328,0.0,0.0,0.0,0.0,71332.8
1680434,IT,GR,ELEC4,NAPHT,0.01,713.278,3,3,713.278,0.0,0.0,0.0,0.0,71327.8
1654943,IT,CZ,INSUR,NONME,0.01,713.151,3,3,713.151,0.0,0.0,0.0,0.0,71315.1
1670254,IT,ES,PRIVA,BUSIN,0.16,712.965,3,3,712.965,0.0,0.0,0.0,0.0,4456.03125
1770577,IT,AU,POSTT,PAPER,0.01,712.879,3,3,712.879,0.0,0.0,0.0,0.0,71287.9
1756916,IT,KR,INSUR,PLAST,0.01,712.678,3,3,712.678,0.0,0.0,0.0,0.0,71267.8
1770571,IT,AU,POSTT,CATTL,0.01,712.236,3,3,712.236,0.0,0.0,0.0,0.0,71223.6
1684442,IT,HR,REALE,FABRI,0.03,711.901,3,3,711.901,0.0,0.0,0.0,0.0,23730.033333
1807422,IT,WF,INSUR,LIQUE,0.01,711.875,3,3,711.875,0.0,0.0,0.0,0.0,71187.5
1651018,IT,BG,POSTT,TEXTI,0.01,711.611,3,3,711.611,0.0,0.0,0.0,0.0,71161.1
1792444,IT,WA,AUXIL,FOOD5,0.01,711.608,3,3,711.608,0.0,0.0,0.0,0.0,71160.8
1739950,IT,GB,AUXIL,NATUR,0.01,711.468,3,3,711.468,0.0,0.0,0.0,0.0,71146.8
1672157,IT,FI,INSUR,PLAST,0.01,711.418,3,3,711.418,0.0,0.0,0.0,0.0,71141.8
1762368,IT,IN,POSTT,NATUR,0.01,711.301,3,3,711.301,0.0,0.0,0.0,0.0,71130.1
1689870,IT,IE,AUXIL,SANDC,0.01,710.376,3,3,710.376,0.0,0.0,0.0,0.0,71037.6
1730543,IT,SE,AUXIL,FOUND,0.01,709.811,3,3,709.811,0.0,0.0,0.0,0.0,70981.1
1654348,IT,CZ,ELEC4,EDUCA,0.01,709.09,3,3,709.09,0.0,0.0,0.0,0.0,70909.0
1672222,IT,FI,REALE,KEROS,0.03,709.049,3,3,709.049,0.0,0.0,0.0,0.0,23634.966667
1721816,IT,PL,REALE,WEARI,0.03,709.013,3,3,709.013,0.0,0.0,0.0,0.0,23633.766667
1754212,IT,CA,POSTT,CHEMI,0.01,708.896,3,3,708.896,0.0,0.0,0.0,0.0,70889.6
1660312,IT,DE,POSTT,FOOD3,0.01,707.649,3,3,707.649,0.0,0.0,0.0,0.0,70764.9
1759266,IT,BR,POSTT,BRICK,0.01,707.636,3,3,707.636,0.0,0.0,0.0,0.0,70763.6
1779417,IT,TR,REALE,GLASS,0.03,707.397,3,3,707.397,0.0,0.0,0.0,0.0,23579.9
1734196,IT,SI,REALE,FINAN,0.03,707.331,3,3,707.331,0.0,0.0,0.0,0.0,23577.7
1654850,IT,CZ,POSTT,BASIC,0.01,707.13,3,3,707.13,0.0,0.0,0.0,0.0,70713.0
1663437,IT,DK,AUXIL,EDUCA,0.01,706.989,3,3,706.989,0.0,0.0,0.0,0.0,70698.9
1687788,IT,HU,POSTT,PULP5,0.01,706.91,3,3,706.91,0.0,0.0,0.0,0.0,70691.0
1744279,IT,US,POSTT,FOODW,0.01,706.675,3,3,706.675,0.0,0.0,0.0,0.0,70667.5
1651913,IT,CY,INSUR,RENTI,0.01,706.571,3,3,706.571,0.0,0.0,0.0,0.0,70657.1
1739989,IT,GB,AUXIL,PAPE4,0.01,706.518,3,3,706.518,0.0,0.0,0.0,0.0,70651.8
1774926,IT,CH,INSUR,COLLE,0.01,706.462,3,3,706.462,0.0,0.0,0.0,0.0,70646.2
1677396,IT,FR,INSUR,GLASS,0.01,706.309,3,3,706.309,0.0,0.0,0.0,0.0,70630.9
1677993,IT,FR,PUBLI,COMPU,0.01,705.672,3,3,705.672,0.0,0.0,0.0,0.0,70567.2
1672160,IT,FI,INSUR,MACHI,0.01,705.267,3,3,705.267,0.0,0.0,0.0,0.0,70526.7
1727536,IT,RO,REALE,RAWMI,0.03,705.109,3,3,705.109,0.0,0.0,0.0,0.0,23503.633333
1770616,IT,AU,POSTT,FOOD1,0.01,704.933,3,3,704.933,0.0,0.0,0.0,0.0,70493.3
1783163,IT,NO,REALE,EDUCA,0.03,704.922,3,3,704.922,0.0,0.0,0.0,0.0,23497.4
1677988,IT,FR,PUBLI,AIRTR,0.01,704.483,3,3,704.483,0.0,0.0,0.0,0.0,70448.3
1680429,IT,GR,ELEC4,PULP5,0.01,704.378,3,3,704.378,0.0,0.0,0.0,0.0,70437.8
1711789,IT,LU,PUBLI,TRAN1,0.01,704.319,3,3,704.319,0.0,0.0,0.0,0.0,70431.9
1767649,IT,RU,POSTT,MACHI,0.01,704.079,3,3,704.079,0.0,0.0,0.0,0.0,70407.9
1759448,IT,BR,AUXIL,FORES,0.01,704.047,3,3,704.047,0.0,0.0,0.0,0.0,70404.7
1651036,IT,BG,POSTT,TRAN2,0.01,703.843,3,3,703.843,0.0,0.0,0.0,0.0,70384.3
1724701,IT,PT,INSUR,RESEA,0.01,703.761,3,3,703.761,0.0,0.0,0.0,0.0,70376.1
1739924,IT,GB,INSUR,FOOD5,0.01,703.73,3,3,703.73,0.0,0.0,0.0,0.0,70373.0
1797571,IT,WL,EDUCA,PRECI,0.02,703.39,3,3,703.39,0.0,0.0,0.0,0.0,35169.5
1773812,IT,CH,ELEC4,FABRI,0.01,703.383,3,3,703.383,0.0,0.0,0.0,0.0,70338.3
1765048,IT,MX,INSUR,ELEC2,0.01,703.281,3,3,703.281,0.0,0.0,0.0,0.0,70328.1
1724726,IT,PT,AUXIL,ELEC2,0.01,703.23,3,3,703.23,0.0,0.0,0.0,0.0,70323.0
1774900,IT,CH,INSUR,KEROS,0.01,703.219,3,3,703.219,0.0,0.0,0.0,0.0,70321.9
1736586,IT,SK,POSTT,FOOD5,0.01,703.01,3,3,703.01,0.0,0.0,0.0,0.0,70301.0
1774967,IT,CH,AUXIL,PLAST,0.01,702.959,3,3,702.959,0.0,0.0,0.0,0.0,70295.9
1740328,IT,GB,PUBLI,RETA1,0.01,702.946,3,3,702.946,0.0,0.0,0.0,0.0,70294.6
1747793,IT,JP,AUXIL,AIRTR,0.01,702.769,3,3,702.769,0.0,0.0,0.0,0.0,70276.9
1651098,IT,BG,INSUR,RECRE,0.01,702.682,3,3,702.682,0.0,0.0,0.0,0.0,70268.2
1721751,IT,PL,INSUR,FURNI,0.01,702.632,3,3,702.632,0.0,0.0,0.0,0.0,70263.2
1745066,IT,US,PUBLI,ELE11,0.01,702.589,3,3,702.589,0.0,0.0,0.0,0.0,70258.9
1779444,IT,TR,REALE,FINAN,0.03,702.355,3,3,702.355,0.0,0.0,0.0,0.0,23411.833333
1689949,IT,IE,REALE,STONE,0.03,702.322,3,3,702.322,0.0,0.0,0.0,0.0,23410.733333
1648292,IT,BE,PUBLI,DIST1,0.01,702.225,3,3,702.225,0.0,0.0,0.0,0.0,70222.5
1736717,IT,SK,REALE,CEMEN,0.03,702.174,3,3,702.174,0.0,0.0,0.0,0.0,23405.8
1768179,IT,RU,PUBLI,SALEM,0.01,701.686,3,3,701.686,0.0,0.0,0.0,0.0,70168.6
1780498,IT,TW,POSTT,NONF1,0.01,701.182,3,3,701.182,0.0,0.0,0.0,0.0,70118.2
1684447,IT,HR,REALE,SALEM,0.03,700.498,3,3,700.498,0.0,0.0,0.0,0.0,23349.933333
1677983,IT,FR,PUBLI,WHOLE,0.01,700.429,3,3,700.429,0.0,0.0,0.0,0.0,70042.9
1751793,IT,CN,AUXIL,ELEC5,0.01,700.344,3,3,700.344,0.0,0.0,0.0,0.0,70034.4
1739928,IT,GB,INSUR,FABRI,0.01,700.286,3,3,700.286,0.0,0.0,0.0,0.0,70028.6
1727871,IT,RO,PUBLI,POSTT,0.01,700.049,3,3,700.049,0.0,0.0,0.0,0.0,70004.9
1780744,IT,TW,REALE,MEMBE,0.03,699.976,3,3,699.976,0.0,0.0,0.0,0.0,23332.533333
1734093,IT,SI,INSUR,SALEM,0.01,699.94,3,3,699.94,0.0,0.0,0.0,0.0,69994.0
1669196,IT,ES,POSTT,COKE1,0.01,699.332,3,3,699.332,0.0,0.0,0.0,0.0,69933.2
1787138,IT,ZA,PUBLI,VEGET,0.01,698.949,3,3,698.949,0.0,0.0,0.0,0.0,69894.9
1660608,IT,DE,REALE,CERAM,0.03,698.529,3,3,698.529,0.0,0.0,0.0,0.0,23284.3
1767798,IT,RU,INSUR,INLAN,0.01,698.327,3,3,698.327,0.0,0.0,0.0,0.0,69832.7
1689960,IT,IE,REALE,WEARI,0.03,698.086,3,3,698.086,0.0,0.0,0.0,0.0,23269.533333
1722211,IT,PL,PUBLI,RESEA,0.01,697.914,3,3,697.914,0.0,0.0,0.0,0.0,69791.4
1770724,IT,AU,AUXIL,TRANS,0.01,697.843,3,3,697.843,0.0,0.0,0.0,0.0,69784.3
1678035,IT,FR,EDUCA,SALEM,0.02,697.756,3,3,697.756,0.0,0.0,0.0,0.0,34887.8
1654858,IT,CZ,POSTT,TRANS,0.01,697.607,3,3,697.607,0.0,0.0,0.0,0.0,69760.7
1754344,IT,CA,INSUR,ELEC5,0.01,697.455,3,3,697.455,0.0,0.0,0.0,0.0,69745.5
1717294,IT,NL,POSTT,PAPE1,0.01,697.275,3,3,697.275,0.0,0.0,0.0,0.0,69727.5
1684436,IT,HR,AUXIL,BUSIN,0.01,697.11,3,3,697.11,0.0,0.0,0.0,0.0,69711.0
1687852,IT,HU,INSUR,FABRI,0.01,696.947,3,3,696.947,0.0,0.0,0.0,0.0,69694.7
1660232,IT,DE,POSTT,LEATH,0.01,696.767,3,3,696.767,0.0,0.0,0.0,0.0,69676.7
1745006,IT,US,PUBLI,VEGE1,0.01,696.135,3,3,696.135,0.0,0.0,0.0,0.0,69613.5
1678026,IT,FR,EDUCA,FOUND,0.02,696.058,3,3,696.058,0.0,0.0,0.0,0.0,34802.9
1754201,IT,CA,POSTT,VEGET,0.01,696.049,3,3,696.049,0.0,0.0,0.0,0.0,69604.9
1724527,IT,PT,POSTT,NONME,0.01,695.994,3,3,695.994,0.0,0.0,0.0,0.0,69599.4
1747767,IT,JP,AUXIL,LEAD1,0.01,695.694,3,3,695.694,0.0,0.0,0.0,0.0,69569.4
1792382,IT,WA,INSUR,MEATA,0.01,695.671,3,3,695.671,0.0,0.0,0.0,0.0,69567.1
1660579,IT,DE,REALE,LIGNI,0.03,695.56,3,3,695.56,0.0,0.0,0.0,0.0,23185.333333
1779410,IT,TR,REALE,HEAVY,0.03,695.543,3,3,695.543,0.0,0.0,0.0,0.0,23184.766667
1754205,IT,CA,POSTT,ANIMA,0.01,695.46,3,3,695.46,0.0,0.0,0.0,0.0,69546.0
1727869,IT,RO,PUBLI,DIST1,0.01,695.025,3,3,695.025,0.0,0.0,0.0,0.0,69502.5
1681369,IT,GR,AUXIL,TEXTI,0.01,694.384,3,3,694.384,0.0,0.0,0.0,0.0,69438.4
1767827,IT,RU,AUXIL,FISH5,0.01,694.22,3,3,694.22,0.0,0.0,0.0,0.0,69422.0
1655012,IT,CZ,REALE,ADDIT,0.03,693.913,3,3,693.913,0.0,0.0,0.0,0.0,23130.433333
1712896,IT,LV,REALE,COLLE,0.03,693.225,3,3,693.225,0.0,0.0,0.0,0.0,23107.5
1770725,IT,AU,AUXIL,DISTR,0.01,693.016,3,3,693.016,0.0,0.0,0.0,0.0,69301.6
1739759,IT,GB,POSTT,CROPS,0.01,692.885,3,3,692.885,0.0,0.0,0.0,0.0,69288.5
1779179,IT,TR,POSTT,BRICK,0.01,692.555,3,3,692.555,0.0,0.0,0.0,0.0,69255.5
1710562,IT,LT,AUXIL,EDUCA,0.01,692.291,3,3,692.291,0.0,0.0,0.0,0.0,69229.1
1669476,IT,ES,AUXIL,WOODW,0.01,692.151,3,3,692.151,0.0,0.0,0.0,0.0,69215.1
1724961,IT,PT,PUBLI,SUPPO,0.01,691.887,3,3,691.887,0.0,0.0,0.0,0.0,69188.7
1759453,IT,BR,AUXIL,SUGA1,0.01,691.283,3,3,691.283,0.0,0.0,0.0,0.0,69128.3
1779452,IT,TR,REALE,PUBLI,0.03,691.205,3,3,691.205,0.0,0.0,0.0,0.0,23040.166667
1730459,IT,SE,POSTT,AIRTR,0.01,690.993,3,3,690.993,0.0,0.0,0.0,0.0,69099.3
1655218,IT,CZ,PUBLI,BLAST,0.01,690.913,3,3,690.913,0.0,0.0,0.0,0.0,69091.3
1783015,IT,NO,POSTT,MEMBE,0.01,690.797,3,3,690.797,0.0,0.0,0.0,0.0,69079.7
1787163,IT,ZA,PUBLI,MEDIC,0.01,690.73,3,3,690.73,0.0,0.0,0.0,0.0,69073.0
1740353,IT,GB,EDUCA,FABRI,0.02,690.64,3,3,690.64,0.0,0.0,0.0,0.0,34532.0
1745005,IT,US,PUBLI,MEAT4,0.01,690.562,3,3,690.562,0.0,0.0,0.0,0.0,69056.2
1654837,IT,CZ,POSTT,DAIRY,0.01,690.067,3,3,690.067,0.0,0.0,0.0,0.0,69006.7
1677226,IT,FR,POSTT,FOOD1,0.01,689.747,3,3,689.747,0.0,0.0,0.0,0.0,68974.7
1762392,IT,IN,POSTT,NONME,0.01,689.658,3,3,689.658,0.0,0.0,0.0,0.0,68965.8
1787142,IT,ZA,PUBLI,FOOD5,0.01,689.529,3,3,689.529,0.0,0.0,0.0,0.0,68952.9
1654998,IT,CZ,REALE,BEVER,0.03,689.277,3,3,689.277,0.0,0.0,0.0,0.0,22975.9
1756920,IT,KR,INSUR,OFFIC,0.01,688.622,3,3,688.622,0.0,0.0,0.0,0.0,68862.2
1730537,IT,SE,AUXIL,NUCLE,0.01,688.317,3,3,688.317,0.0,0.0,0.0,0.0,68831.7
1759392,IT,BR,INSUR,PIGS9,0.01,688.094,3,3,688.094,0.0,0.0,0.0,0.0,68809.4
1736706,IT,SK,REALE,BEVER,0.03,687.871,3,3,687.871,0.0,0.0,0.0,0.0,22929.033333
1677149,IT,FR,POSTT,TOBAC,0.01,687.717,3,3,687.717,0.0,0.0,0.0,0.0,68771.7
1643872,IT,AT,REALE,PULP5,0.03,687.302,3,3,687.302,0.0,0.0,0.0,0.0,22910.066667
1672096,IT,FI,POSTT,FORES,0.01,687.262,3,3,687.262,0.0,0.0,0.0,0.0,68726.2
1712877,IT,LV,REALE,CHEM1,0.03,687.18,3,3,687.18,0.0,0.0,0.0,0.0,22906.0
1783258,IT,NO,PUBLI,AIRTR,0.01,686.754,3,3,686.754,0.0,0.0,0.0,0.0,68675.4
1734363,IT,SI,PUBLI,SUPPO,0.01,686.732,3,3,686.732,0.0,0.0,0.0,0.0,68673.2
1762628,IT,IN,REALE,FINAN,0.03,686.227,3,3,686.227,0.0,0.0,0.0,0.0,22874.233333
1744224,IT,US,POSTT,BRICK,0.01,686.168,3,3,686.168,0.0,0.0,0.0,0.0,68616.8
1736587,IT,SK,POSTT,BEVER,0.01,686.015,3,3,686.015,0.0,0.0,0.0,0.0,68601.5
1792441,IT,WA,AUXIL,MEAT1,0.01,685.827,3,3,685.827,0.0,0.0,0.0,0.0,68582.7
1650426,IT,BG,ELEC4,TRANS,0.01,685.52,3,3,685.52,0.0,0.0,0.0,0.0,68552.0
1677446,IT,FR,INSUR,PLAS1,0.01,684.864,3,3,684.864,0.0,0.0,0.0,0.0,68486.4
1734208,IT,SI,REALE,MEMBE,0.03,684.863,3,3,684.863,0.0,0.0,0.0,0.0,22828.766667
1782993,IT,NO,POSTT,TRANS,0.01,684.676,3,3,684.676,0.0,0.0,0.0,0.0,68467.6
1764959,IT,MX,POSTT,ELEC2,0.01,684.588,3,3,684.588,0.0,0.0,0.0,0.0,68458.8
1767819,IT,RU,AUXIL,RAWMI,0.01,684.33,3,3,684.33,0.0,0.0,0.0,0.0,68433.0
1784899,IT,ID,POSTT,WEARI,0.01,684.281,3,3,684.281,0.0,0.0,0.0,0.0,68428.1
1677997,IT,FR,PUBLI,EDUCA,0.01,684.139,3,3,684.139,0.0,0.0,0.0,0.0,68413.9
1756936,IT,KR,AUXIL,FABRI,0.01,683.991,3,3,683.991,0.0,0.0,0.0,0.0,68399.1
1762549,IT,IN,INSUR,FOOD3,0.01,683.854,3,3,683.854,0.0,0.0,0.0,0.0,68385.4
1663444,IT,DK,REALE,PAPER,0.03,683.571,3,3,683.571,0.0,0.0,0.0,0.0,22785.7
1734137,IT,SI,AUXIL,RAILW,0.01,683.555,3,3,683.555,0.0,0.0,0.0,0.0,68355.5
1762550,IT,IN,INSUR,WASTE,0.01,682.974,3,3,682.974,0.0,0.0,0.0,0.0,68297.4
1724965,IT,PT,EDUCA,FOOD5,0.02,682.968,3,3,682.968,0.0,0.0,0.0,0.0,34148.4
1734089,IT,SI,INSUR,BIOG1,0.01,682.684,3,3,682.684,0.0,0.0,0.0,0.0,68268.4
1661071,IT,DE,PUBLI,ELEC1,0.01,682.501,3,3,682.501,0.0,0.0,0.0,0.0,68250.1
1663433,IT,DK,AUXIL,RENTI,0.01,682.449,3,3,682.449,0.0,0.0,0.0,0.0,68244.9
1736703,IT,SK,REALE,FORES,0.03,682.375,3,3,682.375,0.0,0.0,0.0,0.0,22745.833333
1650388,IT,BG,ELEC4,CRUDE,0.01,682.229,3,3,682.229,0.0,0.0,0.0,0.0,68222.9
1770729,IT,AU,AUXIL,SALEM,0.01,681.315,3,3,681.315,0.0,0.0,0.0,0.0,68131.5
1724991,IT,PT,EDUCA,COMPU,0.02,681.314,3,3,681.314,0.0,0.0,0.0,0.0,34065.7
1681166,IT,GR,POSTT,NONME,0.01,681.252,3,3,681.252,0.0,0.0,0.0,0.0,68125.2
1736688,IT,SK,INSUR,WOOD2,0.01,680.995,3,3,680.995,0.0,0.0,0.0,0.0,68099.5
1724513,IT,PT,POSTT,PULP5,0.01,680.931,3,3,680.931,0.0,0.0,0.0,0.0,68093.1
1754232,IT,CA,POSTT,CEMEN,0.01,680.816,3,3,680.816,0.0,0.0,0.0,0.0,68081.6
1677394,IT,FR,INSUR,BIOGA,0.01,680.721,3,3,680.721,0.0,0.0,0.0,0.0,68072.1
1774782,IT,CH,POSTT,PULP5,0.01,680.594,3,3,680.594,0.0,0.0,0.0,0.0,68059.4
1647903,IT,BE,REALE,OFFIC,0.03,680.448,3,3,680.448,0.0,0.0,0.0,0.0,22681.6
1684397,IT,HR,POSTT,RENTI,0.01,679.973,3,3,679.973,0.0,0.0,0.0,0.0,67997.3
1740012,IT,GB,REALE,RENTI,0.03,679.877,3,3,679.877,0.0,0.0,0.0,0.0,22662.566667
1797300,IT,WL,AUXIL,MOTOR,0.01,679.791,3,3,679.791,0.0,0.0,0.0,0.0,67979.1
1775418,IT,CH,PUBLI,FOOD2,0.01,679.457,3,3,679.457,0.0,0.0,0.0,0.0,67945.7
1802827,IT,WE,EDUCA,93197,0.02,679.17,3,3,679.17,0.0,0.0,0.0,0.0,33958.5
1733418,IT,SI,ELEC4,FABRI,0.01,678.794,3,3,678.794,0.0,0.0,0.0,0.0,67879.4
1807291,IT,WF,POSTT,PULP5,0.01,678.777,3,3,678.777,0.0,0.0,0.0,0.0,67877.7
1756934,IT,KR,AUXIL,CHEM1,0.01,678.758,3,3,678.758,0.0,0.0,0.0,0.0,67875.8
1783158,IT,NO,REALE,RENTI,0.03,678.549,3,3,678.549,0.0,0.0,0.0,0.0,22618.3
1727867,IT,RO,PUBLI,PLAST,0.01,678.516,3,3,678.516,0.0,0.0,0.0,0.0,67851.6
1759259,IT,BR,POSTT,CHARC,0.01,678.514,3,3,678.514,0.0,0.0,0.0,0.0,67851.4
1672169,IT,FI,AUXIL,VEGET,0.01,678.214,3,3,678.214,0.0,0.0,0.0,0.0,67821.4
1730586,IT,SE,REALE,COMPU,0.03,677.32,3,3,677.32,0.0,0.0,0.0,0.0,22577.333333
1654917,IT,CZ,INSUR,PULP5,0.01,677.272,3,3,677.272,0.0,0.0,0.0,0.0,67727.2
1792389,IT,WA,INSUR,MEATC,0.01,677.261,3,3,677.261,0.0,0.0,0.0,0.0,67726.1
1724737,IT,PT,AUXIL,HEALT,0.01,677.228,3,3,677.228,0.0,0.0,0.0,0.0,67722.8
1677165,IT,FR,POSTT,ADDIT,0.01,677.217,3,3,677.217,0.0,0.0,0.0,0.0,67721.7
1717744,IT,NL,PUBLI,FOOD5,0.01,676.837,3,3,676.837,0.0,0.0,0.0,0.0,67683.7
1736697,IT,SK,AUXIL,EDUCA,0.01,676.82,3,3,676.82,0.0,0.0,0.0,0.0,67682.0
1783108,IT,NO,INSUR,WOOD1,0.01,676.773,3,3,676.773,0.0,0.0,0.0,0.0,67677.3
1669934,IT,ES,EDUCA,NUCLE,0.02,676.764,3,3,676.764,0.0,0.0,0.0,0.0,33838.2
1654345,IT,CZ,ELEC4,SUPPO,0.01,676.713,3,3,676.713,0.0,0.0,0.0,0.0,67671.3
1767664,IT,RU,POSTT,RETAI,0.01,676.477,3,3,676.477,0.0,0.0,0.0,0.0,67647.7
1727583,IT,RO,REALE,TRAN1,0.03,676.475,3,3,676.475,0.0,0.0,0.0,0.0,22549.166667
1687887,IT,HU,REALE,CEMEN,0.03,676.347,3,3,676.347,0.0,0.0,0.0,0.0,22544.9
1730531,IT,SE,AUXIL,FORES,0.01,676.208,3,3,676.208,0.0,0.0,0.0,0.0,67620.8
1681302,IT,GR,INSUR,LEATH,0.01,676.17,3,3,676.17,0.0,0.0,0.0,0.0,67617.0
1762840,IT,IN,PUBLI,BLAST,0.01,676.093,3,3,676.093,0.0,0.0,0.0,0.0,67609.3
1780614,IT,TW,INSUR,RADIO,0.01,675.891,3,3,675.891,0.0,0.0,0.0,0.0,67589.1
1752187,IT,CN,PUBLI,ALUM1,0.01,675.593,3,3,675.593,0.0,0.0,0.0,0.0,67559.3
1712860,IT,LV,REALE,RAWMI,0.03,675.446,3,3,675.446,0.0,0.0,0.0,0.0,22514.866667
1747785,IT,JP,AUXIL,COLLE,0.01,675.376,3,3,675.376,0.0,0.0,0.0,0.0,67537.6
1807742,IT,WF,PUBLI,MEATC,0.01,675.001,3,3,675.001,0.0,0.0,0.0,0.0,67500.1
1647597,IT,BE,POSTT,PREC1,0.01,674.886,3,3,674.886,0.0,0.0,0.0,0.0,67488.6
1793231,IT,WA,PRIVA,COPPE,0.15,674.816,3,3,674.816,0.0,0.0,0.0,0.0,4498.773333
1687860,IT,HU,INSUR,HOTEL,0.01,674.7,3,3,674.7,0.0,0.0,0.0,0.0,67470.0
1681409,IT,GR,REALE,REALE,0.03,674.685,3,3,674.685,0.0,0.0,0.0,0.0,22489.5
1759487,IT,BR,AUXIL,RENTI,0.01,674.508,3,3,674.508,0.0,0.0,0.0,0.0,67450.8
1770692,IT,AU,INSUR,RETAI,0.01,674.426,3,3,674.426,0.0,0.0,0.0,0.0,67442.6
1661203,IT,DE,PRIVA,FOOD5,0.15,674.421,3,3,674.421,0.0,0.0,0.0,0.0,4496.14
1655020,IT,CZ,REALE,OFFIC,0.03,674.283,3,3,674.283,0.0,0.0,0.0,0.0,22476.1
1780497,IT,TW,POSTT,COPP1,0.01,674.124,3,3,674.124,0.0,0.0,0.0,0.0,67412.4
1739948,IT,GB,AUXIL,CROPS,0.01,673.673,3,3,673.673,0.0,0.0,0.0,0.0,67367.3
1677554,IT,FR,REALE,CROPS,0.03,673.632,3,3,673.632,0.0,0.0,0.0,0.0,22454.4
1681600,IT,GR,PUBLI,DAIRY,0.01,673.505,3,3,673.505,0.0,0.0,0.0,0.0,67350.5
1802628,IT,WE,REALE,TRANS,0.03,673.481,3,3,673.481,0.0,0.0,0.0,0.0,22449.366667
1730593,IT,SE,REALE,PAPE1,0.03,673.307,3,3,673.307,0.0,0.0,0.0,0.0,22443.566667
1721735,IT,PL,INSUR,PULP5,0.01,673.268,3,3,673.268,0.0,0.0,0.0,0.0,67326.8
1689992,IT,IE,REALE,ELEC2,0.03,672.978,3,3,672.978,0.0,0.0,0.0,0.0,22432.6
1687851,IT,HU,INSUR,RUBBE,0.01,672.817,3,3,672.817,0.0,0.0,0.0,0.0,67281.7
1724706,IT,PT,INSUR,93197,0.01,672.694,3,3,672.694,0.0,0.0,0.0,0.0,67269.4
1745103,IT,US,PUBLI,WASTE,0.01,672.375,3,3,672.375,0.0,0.0,0.0,0.0,67237.5
1730526,IT,SE,INSUR,BUSIN,0.01,672.154,3,3,672.154,0.0,0.0,0.0,0.0,67215.4
1672167,IT,FI,INSUR,BUSIN,0.01,671.925,3,3,671.925,0.0,0.0,0.0,0.0,67192.5
1762839,IT,IN,PUBLI,COKE1,0.01,671.597,3,3,671.597,0.0,0.0,0.0,0.0,67159.7
1730592,IT,SE,REALE,FOODW,0.03,671.502,3,3,671.502,0.0,0.0,0.0,0.0,22383.4
1648419,IT,BE,PRIVA,WHITE,0.15,670.989,3,3,670.989,0.0,0.0,0.0,0.0,4473.26
1748141,IT,JP,EDUCA,HOTEL,0.02,670.814,3,3,670.814,0.0,0.0,0.0,0.0,33540.7
1793217,IT,WA,PRIVA,ANIMA,0.15,670.649,3,3,670.649,0.0,0.0,0.0,0.0,4470.993333
1672185,IT,FI,AUXIL,ELEC4,0.01,670.548,3,3,670.548,0.0,0.0,0.0,0.0,67054.8
1751577,IT,CN,POSTT,LEAD1,0.01,670.156,3,3,670.156,0.0,0.0,0.0,0.0,67015.6
1734076,IT,SI,INSUR,PLAST,0.01,669.767,3,3,669.767,0.0,0.0,0.0,0.0,66976.7
1797128,IT,WL,POSTT,ADDIT,0.01,669.47,3,3,669.47,0.0,0.0,0.0,0.0,66947.0
1651882,IT,CY,POSTT,LANDT,0.01,669.025,3,3,669.025,0.0,0.0,0.0,0.0,66902.5
1721821,IT,PL,REALE,PRINT,0.03,668.548,3,3,668.548,0.0,0.0,0.0,0.0,22284.933333
1687801,IT,HU,POSTT,FURNI,0.01,668.498,3,3,668.498,0.0,0.0,0.0,0.0,66849.8
1727870,IT,RO,PUBLI,SUPPO,0.01,668.492,3,3,668.492,0.0,0.0,0.0,0.0,66849.2
1783254,IT,NO,PUBLI,SALEM,0.01,668.326,3,3,668.326,0.0,0.0,0.0,0.0,66832.6
1669408,IT,ES,INSUR,LEAD1,0.01,668.277,3,3,668.277,0.0,0.0,0.0,0.0,66827.7
1779823,IT,TR,PUBLI,SANDC,0.01,668.213,3,3,668.213,0.0,0.0,0.0,0.0,66821.3
1730852,IT,SE,PUBLI,WHOLE,0.01,667.994,3,3,667.994,0.0,0.0,0.0,0.0,66799.4
1765006,IT,MX,INSUR,CEREA,0.01,667.546,3,3,667.546,0.0,0.0,0.0,0.0,66754.6
1775376,IT,CH,PUBLI,PLAST,0.01,667.484,3,3,667.484,0.0,0.0,0.0,0.0,66748.4
1756861,IT,KR,POSTT,ELEC1,0.01,667.384,3,3,667.384,0.0,0.0,0.0,0.0,66738.4
1647617,IT,BE,POSTT,INLAN,0.01,667.368,3,3,667.368,0.0,0.0,0.0,0.0,66736.8
1784939,IT,ID,INSUR,MEATA,0.01,667.174,3,3,667.174,0.0,0.0,0.0,0.0,66717.4
1756945,IT,KR,AUXIL,POSTT,0.01,666.985,3,3,666.985,0.0,0.0,0.0,0.0,66698.5
1659051,IT,DE,ELEC4,PAPER,0.01,666.837,3,3,666.837,0.0,0.0,0.0,0.0,66683.7
1770905,IT,AU,EDUCA,FINAN,0.02,666.218,3,3,666.218,0.0,0.0,0.0,0.0,33310.9
1783025,IT,NO,INSUR,WHEAT,0.01,666.206,3,3,666.206,0.0,0.0,0.0,0.0,66620.6
1744573,IT,US,REALE,SEWAG,0.03,665.989,3,3,665.989,0.0,0.0,0.0,0.0,22199.633333
1730519,IT,SE,INSUR,MOTO1,0.01,665.126,3,3,665.126,0.0,0.0,0.0,0.0,66512.6
1775380,IT,CH,PUBLI,CERAM,0.01,664.891,3,3,664.891,0.0,0.0,0.0,0.0,66489.1
1744181,IT,US,POSTT,SUGAR,0.01,664.46,3,3,664.46,0.0,0.0,0.0,0.0,66446.0
1677985,IT,FR,PUBLI,HOTEL,0.01,664.245,3,3,664.245,0.0,0.0,0.0,0.0,66424.5
1650445,IT,BG,ELEC4,RESEA,0.01,664.068,3,3,664.068,0.0,0.0,0.0,0.0,66406.8
1721603,IT,PL,POSTT,CERAM,0.01,663.932,3,3,663.932,0.0,0.0,0.0,0.0,66393.2
1765024,IT,MX,INSUR,KEROS,0.01,663.755,3,3,663.755,0.0,0.0,0.0,0.0,66375.5
1747783,IT,JP,AUXIL,ELEC8,0.01,663.225,3,3,663.225,0.0,0.0,0.0,0.0,66322.5
1747649,IT,JP,POSTT,TEXTI,0.01,662.935,3,3,662.935,0.0,0.0,0.0,0.0,66293.5
1733421,IT,SI,ELEC4,RETA1,0.01,662.903,3,3,662.903,0.0,0.0,0.0,0.0,66290.3
1669474,IT,ES,AUXIL,WEARI,0.01,662.604,3,3,662.604,0.0,0.0,0.0,0.0,66260.4
1722200,IT,PL,PUBLI,TRANS,0.01,662.514,3,3,662.514,0.0,0.0,0.0,0.0,66251.4
1762600,IT,IN,AUXIL,AIRTR,0.01,662.451,3,3,662.451,0.0,0.0,0.0,0.0,66245.1
1787162,IT,ZA,PUBLI,RADIO,0.01,662.417,3,3,662.417,0.0,0.0,0.0,0.0,66241.7
1651231,IT,BG,EDUCA,PUBLI,0.02,662.351,3,3,662.351,0.0,0.0,0.0,0.0,33117.55
1669925,IT,ES,EDUCA,WOODW,0.02,662.132,3,3,662.132,0.0,0.0,0.0,0.0,33106.6
1783123,IT,NO,AUXIL,AIRTR,0.01,661.828,3,3,661.828,0.0,0.0,0.0,0.0,66182.8
1754335,IT,CA,INSUR,OFFIC,0.01,661.798,3,3,661.798,0.0,0.0,0.0,0.0,66179.8
1677972,IT,FR,PUBLI,NUCLE,0.01,661.748,3,3,661.748,0.0,0.0,0.0,0.0,66174.8
1736926,IT,SK,EDUCA,HEALT,0.02,661.611,3,3,661.611,0.0,0.0,0.0,0.0,33080.55
1736588,IT,SK,POSTT,TEXTI,0.01,661.249,3,3,661.249,0.0,0.0,0.0,0.0,66124.9
1780672,IT,TW,AUXIL,RADIO,0.01,661.138,3,3,661.138,0.0,0.0,0.0,0.0,66113.8
1756921,IT,KR,INSUR,MOTO1,0.01,660.29,3,3,660.29,0.0,0.0,0.0,0.0,66029.0
1660541,IT,DE,INSUR,TEXT1,0.01,660.038,3,3,660.038,0.0,0.0,0.0,0.0,66003.8
1730552,IT,SE,AUXIL,AUXIL,0.01,659.725,3,3,659.725,0.0,0.0,0.0,0.0,65972.5
1784958,IT,ID,INSUR,NONME,0.01,659.392,3,3,659.392,0.0,0.0,0.0,0.0,65939.2
1751542,IT,CN,POSTT,POULT,0.01,659.385,3,3,659.385,0.0,0.0,0.0,0.0,65938.5
1721582,IT,PL,POSTT,SUGA1,0.01,658.714,3,3,658.714,0.0,0.0,0.0,0.0,65871.4
1792258,IT,WA,POSTT,COPP1,0.01,658.517,3,3,658.517,0.0,0.0,0.0,0.0,65851.7
1748131,IT,JP,EDUCA,CHEM1,0.02,658.509,3,3,658.509,0.0,0.0,0.0,0.0,32925.45
1767757,IT,RU,INSUR,MEATC,0.01,658.445,3,3,658.445,0.0,0.0,0.0,0.0,65844.5
1681613,IT,GR,PUBLI,BUSIN,0.01,658.4,3,3,658.4,0.0,0.0,0.0,0.0,65840.0
1784915,IT,ID,POSTT,SEACO,0.01,657.829,3,3,657.829,0.0,0.0,0.0,0.0,65782.9
1689932,IT,IE,AUXIL,WASTE,0.01,657.719,3,3,657.719,0.0,0.0,0.0,0.0,65771.9
1661053,IT,DE,PUBLI,PAPER,0.01,657.43,3,3,657.43,0.0,0.0,0.0,0.0,65743.0
1651020,IT,BG,POSTT,CHEM1,0.01,657.24,3,3,657.24,0.0,0.0,0.0,0.0,65724.0
1762592,IT,IN,AUXIL,ELEC5,0.01,657.171,3,3,657.171,0.0,0.0,0.0,0.0,65717.1
1711521,IT,LU,POSTT,TRANS,0.01,657.122,3,3,657.122,0.0,0.0,0.0,0.0,65712.2
1779348,IT,TR,INSUR,STEAM,0.01,656.907,3,3,656.907,0.0,0.0,0.0,0.0,65690.7
1681176,IT,GR,POSTT,TRANS,0.01,656.767,3,3,656.767,0.0,0.0,0.0,0.0,65676.7
1654846,IT,CZ,POSTT,CHEM1,0.01,656.614,3,3,656.614,0.0,0.0,0.0,0.0,65661.4
1779455,IT,TR,REALE,MEMBE,0.03,656.184,3,3,656.184,0.0,0.0,0.0,0.0,21872.8
1659052,IT,DE,ELEC4,PRINT,0.01,656.034,3,3,656.034,0.0,0.0,0.0,0.0,65603.4
1739939,IT,GB,INSUR,LANDT,0.01,655.827,3,3,655.827,0.0,0.0,0.0,0.0,65582.7
1711602,IT,LU,INSUR,LANDT,0.01,655.814,3,3,655.814,0.0,0.0,0.0,0.0,65581.4
1669493,IT,ES,AUXIL,MEDIC,0.01,655.776,3,3,655.776,0.0,0.0,0.0,0.0,65577.6
1807481,IT,WF,REALE,RAILW,0.03,655.53,3,3,655.53,0.0,0.0,0.0,0.0,21851.0
1783129,IT,NO,AUXIL,RESEA,0.01,655.112,3,3,655.112,0.0,0.0,0.0,0.0,65511.2
1767670,IT,RU,POSTT,SEACO,0.01,655.083,3,3,655.083,0.0,0.0,0.0,0.0,65508.3
1651899,IT,CY,INSUR,CEMEN,0.01,654.665,3,3,654.665,0.0,0.0,0.0,0.0,65466.5
1647856,IT,BE,AUXIL,FOODW,0.01,654.641,3,3,654.641,0.0,0.0,0.0,0.0,65464.1
1687784,IT,HU,POSTT,CROPS,0.01,654.362,3,3,654.362,0.0,0.0,0.0,0.0,65436.2
1647692,IT,BE,INSUR,FORES,0.01,653.866,3,3,653.866,0.0,0.0,0.0,0.0,65386.6
1807734,IT,WF,PUBLI,MEATA,0.01,653.716,3,3,653.716,0.0,0.0,0.0,0.0,65371.6
1734200,IT,SI,REALE,RENTI,0.03,653.56,3,3,653.56,0.0,0.0,0.0,0.0,21785.333333
1736670,IT,SK,INSUR,POSTT,0.01,653.537,3,3,653.537,0.0,0.0,0.0,0.0,65353.7
1644113,IT,AT,EDUCA,NONF1,0.02,653.29,3,3,653.29,0.0,0.0,0.0,0.0,32664.5
1654992,IT,CZ,INSUR,93197,0.01,653.113,3,3,653.113,0.0,0.0,0.0,0.0,65311.3
1734171,IT,SI,REALE,CEMEN,0.03,652.887,3,3,652.887,0.0,0.0,0.0,0.0,21762.9
1779822,IT,TR,PUBLI,STONE,0.01,652.665,3,3,652.665,0.0,0.0,0.0,0.0,65266.5
1764955,IT,MX,POSTT,MEDIC,0.01,652.37,3,3,652.37,0.0,0.0,0.0,0.0,65237.0
1660447,IT,DE,INSUR,SUGAR,0.01,652.362,3,3,652.362,0.0,0.0,0.0,0.0,65236.2
1779220,IT,TR,POSTT,INLAN,0.01,652.28,3,3,652.28,0.0,0.0,0.0,0.0,65228.0
1744215,IT,US,POSTT,BITU1,0.01,652.199,3,3,652.199,0.0,0.0,0.0,0.0,65219.9
1654927,IT,CZ,INSUR,REFI1,0.01,651.331,3,3,651.331,0.0,0.0,0.0,0.0,65133.1
1736657,IT,SK,INSUR,MEDIC,0.01,651.089,3,3,651.089,0.0,0.0,0.0,0.0,65108.9
1714306,IT,MT,PUBLI,RENTI,0.01,650.793,3,3,650.793,0.0,0.0,0.0,0.0,65079.3
1747674,IT,JP,POSTT,ELEC1,0.01,650.382,3,3,650.382,0.0,0.0,0.0,0.0,65038.2
1675947,IT,FR,ELEC4,HEAVY,0.01,649.878,3,3,649.878,0.0,0.0,0.0,0.0,64987.8
1711505,IT,LU,POSTT,CROPS,0.01,649.717,3,3,649.717,0.0,0.0,0.0,0.0,64971.7
1773814,IT,CH,ELEC4,OFFIC,0.01,649.696,3,3,649.696,0.0,0.0,0.0,0.0,64969.6
1807279,IT,WF,POSTT,MEATP,0.01,649.455,3,3,649.455,0.0,0.0,0.0,0.0,64945.5
1734160,IT,SI,REALE,FORES,0.03,649.228,3,3,649.228,0.0,0.0,0.0,0.0,21640.933333
1721741,IT,PL,INSUR,PFERT,0.01,649.151,3,3,649.151,0.0,0.0,0.0,0.0,64915.1
1734360,IT,SI,PUBLI,HOTEL,0.01,649.014,3,3,649.014,0.0,0.0,0.0,0.0,64901.4
1724717,IT,PT,AUXIL,CHEM1,0.01,648.465,3,3,648.465,0.0,0.0,0.0,0.0,64846.5
1744544,IT,US,REALE,ELEC5,0.03,648.372,3,3,648.372,0.0,0.0,0.0,0.0,21612.4
1792831,IT,WA,EDUCA,FISH5,0.02,648.094,3,3,648.094,0.0,0.0,0.0,0.0,32404.7
1724504,IT,PT,POSTT,VEGE1,0.01,647.722,3,3,647.722,0.0,0.0,0.0,0.0,64772.2
1747757,IT,JP,AUXIL,TOBAC,0.01,647.437,3,3,647.437,0.0,0.0,0.0,0.0,64743.7
1792504,IT,WA,REALE,LIQUE,0.03,647.421,3,3,647.421,0.0,0.0,0.0,0.0,21580.7
1721761,IT,PL,INSUR,TRAN2,0.01,647.087,3,3,647.087,0.0,0.0,0.0,0.0,64708.7
1756833,IT,KR,POSTT,WOODW,0.01,646.948,3,3,646.948,0.0,0.0,0.0,0.0,64694.8
1802511,IT,WE,POSTT,FABRI,0.01,646.655,3,3,646.655,0.0,0.0,0.0,0.0,64665.5
1663413,IT,DK,INSUR,ELEC7,0.01,646.567,3,3,646.567,0.0,0.0,0.0,0.0,64656.7
1687870,IT,HU,REALE,FORES,0.03,646.321,3,3,646.321,0.0,0.0,0.0,0.0,21544.033333
1650448,IT,BG,ELEC4,RECRE,0.01,646.193,3,3,646.193,0.0,0.0,0.0,0.0,64619.3
1681158,IT,GR,POSTT,KEROS,0.01,646.161,3,3,646.161,0.0,0.0,0.0,0.0,64616.1
1727594,IT,RO,REALE,TRAN2,0.03,645.777,3,3,645.777,0.0,0.0,0.0,0.0,21525.9
1807283,IT,WF,POSTT,DAIRY,0.01,645.543,3,3,645.543,0.0,0.0,0.0,0.0,64554.3
1792212,IT,WA,POSTT,FORES,0.01,645.162,3,3,645.162,0.0,0.0,0.0,0.0,64516.2
1681213,IT,GR,POSTT,93197,0.01,645.084,3,3,645.084,0.0,0.0,0.0,0.0,64508.4
1672269,IT,FI,REALE,MEMBE,0.03,645.008,3,3,645.008,0.0,0.0,0.0,0.0,21500.266667
1654834,IT,CZ,POSTT,WHEAT,0.01,644.849,3,3,644.849,0.0,0.0,0.0,0.0,64484.9
1779377,IT,TR,AUXIL,ELECT,0.01,644.698,3,3,644.698,0.0,0.0,0.0,0.0,64469.8
1792293,IT,WA,POSTT,RENTI,0.01,644.605,3,3,644.605,0.0,0.0,0.0,0.0,64460.5
1660216,IT,DE,POSTT,CRUDE,0.01,644.479,3,3,644.479,0.0,0.0,0.0,0.0,64447.9
1747749,IT,JP,INSUR,DISTR,0.01,644.451,3,3,644.451,0.0,0.0,0.0,0.0,64445.1
1681326,IT,GR,INSUR,NONME,0.01,643.9,3,3,643.9,0.0,0.0,0.0,0.0,64390.0
1672171,IT,FI,AUXIL,FISHF,0.01,643.773,3,3,643.773,0.0,0.0,0.0,0.0,64377.3
1717293,IT,NL,POSTT,FOODW,0.01,643.732,3,3,643.732,0.0,0.0,0.0,0.0,64373.2
1712903,IT,LV,REALE,RAILW,0.03,643.615,3,3,643.615,0.0,0.0,0.0,0.0,21453.833333
1669943,IT,ES,EDUCA,NONME,0.02,643.392,3,3,643.392,0.0,0.0,0.0,0.0,32169.6
1782990,IT,NO,POSTT,FABRI,0.01,643.295,3,3,643.295,0.0,0.0,0.0,0.0,64329.5
1724971,IT,PT,EDUCA,PRINT,0.02,643.266,3,3,643.266,0.0,0.0,0.0,0.0,32163.3
1744458,IT,US,AUXIL,LANDT,0.01,643.238,3,3,643.238,0.0,0.0,0.0,0.0,64323.8
1767835,IT,RU,AUXIL,GASDI,0.01,643.056,3,3,643.056,0.0,0.0,0.0,0.0,64305.6
1767853,IT,RU,AUXIL,ELEC4,0.01,642.993,3,3,642.993,0.0,0.0,0.0,0.0,64299.3
1736923,IT,SK,EDUCA,BUSIN,0.02,642.932,3,3,642.932,0.0,0.0,0.0,0.0,32146.6
1684600,IT,HR,PUBLI,EDUCA,0.01,642.791,3,3,642.791,0.0,0.0,0.0,0.0,64279.1
1762403,IT,IN,POSTT,MEDIC,0.01,642.119,3,3,642.119,0.0,0.0,0.0,0.0,64211.9
1793232,IT,WA,PRIVA,NICKE,0.14,641.984,3,3,641.984,0.0,0.0,0.0,0.0,4585.6
1733416,IT,SI,ELEC4,BASIC,0.01,641.934,3,3,641.934,0.0,0.0,0.0,0.0,64193.4
1744427,IT,US,AUXIL,NFERT,0.01,641.866,3,3,641.866,0.0,0.0,0.0,0.0,64186.6
1669864,IT,ES,PUBLI,BEVER,0.01,641.585,3,3,641.585,0.0,0.0,0.0,0.0,64158.5
1724532,IT,PT,POSTT,ELECT,0.01,641.412,3,3,641.412,0.0,0.0,0.0,0.0,64141.2
1724563,IT,PT,POSTT,HEALT,0.01,641.198,3,3,641.198,0.0,0.0,0.0,0.0,64119.8
1669917,IT,ES,EDUCA,PRECI,0.02,640.908,3,3,640.908,0.0,0.0,0.0,0.0,32045.4
1669488,IT,ES,AUXIL,NONME,0.01,640.844,3,3,640.844,0.0,0.0,0.0,0.0,64084.4
1724501,IT,PT,POSTT,FISHF,0.01,640.671,3,3,640.671,0.0,0.0,0.0,0.0,64067.1
1780730,IT,TW,REALE,RAILW,0.03,640.667,3,3,640.667,0.0,0.0,0.0,0.0,21355.566667
1792884,IT,WA,EDUCA,FOOD4,0.02,640.156,3,3,640.156,0.0,0.0,0.0,0.0,32007.8
1654932,IT,CZ,INSUR,PLAST,0.01,640.115,3,3,640.115,0.0,0.0,0.0,0.0,64011.5
1654974,IT,CZ,INSUR,AIRTR,0.01,639.928,3,3,639.928,0.0,0.0,0.0,0.0,63992.8
1689892,IT,IE,AUXIL,GLASS,0.01,639.7,3,3,639.7,0.0,0.0,0.0,0.0,63970.0
1730582,IT,SE,REALE,POSTT,0.03,639.419,3,3,639.419,0.0,0.0,0.0,0.0,21313.966667
1807768,IT,WF,EDUCA,NICKE,0.02,639.38,3,3,639.38,0.0,0.0,0.0,0.0,31969.0
1762360,IT,IN,POSTT,WHEAT,0.01,639.035,3,3,639.035,0.0,0.0,0.0,0.0,63903.5
1764974,IT,MX,POSTT,RENTI,0.01,638.606,3,3,638.606,0.0,0.0,0.0,0.0,63860.6
1654999,IT,CZ,REALE,TEXTI,0.03,638.547,3,3,638.547,0.0,0.0,0.0,0.0,21284.9
1734210,IT,SI,REALE,93197,0.03,638.247,3,3,638.247,0.0,0.0,0.0,0.0,21274.9
1727336,IT,RO,POSTT,COLLE,0.01,638.191,3,3,638.191,0.0,0.0,0.0,0.0,63819.1
1689650,IT,IE,POSTT,MEATP,0.01,637.947,3,3,637.947,0.0,0.0,0.0,0.0,63794.7
1727531,IT,RO,REALE,CEREA,0.03,637.933,3,3,637.933,0.0,0.0,0.0,0.0,21264.433333
1655010,IT,CZ,REALE,NONSP,0.03,637.695,3,3,637.695,0.0,0.0,0.0,0.0,21256.5
1765093,IT,MX,AUXIL,SUPPO,0.01,637.417,3,3,637.417,0.0,0.0,0.0,0.0,63741.7
1711813,IT,LU,PUBLI,WOOD2,0.01,637.251,3,3,637.251,0.0,0.0,0.0,0.0,63725.1
1770686,IT,AU,INSUR,FURNI,0.01,637.246,3,3,637.246,0.0,0.0,0.0,0.0,63724.6
1792446,IT,WA,AUXIL,WOODW,0.01,637.202,3,3,637.202,0.0,0.0,0.0,0.0,63720.2
1643877,IT,AT,REALE,GASDI,0.03,636.922,3,3,636.922,0.0,0.0,0.0,0.0,21230.733333
1734152,IT,SI,AUXIL,INERT,0.01,636.62,3,3,636.62,0.0,0.0,0.0,0.0,63662.0
1669941,IT,ES,EDUCA,CERAM,0.02,636.243,3,3,636.243,0.0,0.0,0.0,0.0,31812.15
1727346,IT,RO,POSTT,SEACO,0.01,635.788,3,3,635.788,0.0,0.0,0.0,0.0,63578.8
1770583,IT,AU,POSTT,PREC1,0.01,635.627,3,3,635.627,0.0,0.0,0.0,0.0,63562.7
1654905,IT,CZ,INSUR,CATTL,0.01,635.402,3,3,635.402,0.0,0.0,0.0,0.0,63540.2
1759430,IT,BR,INSUR,TRAN2,0.01,635.16,3,3,635.16,0.0,0.0,0.0,0.0,63516.0
1722183,IT,PL,PUBLI,FORES,0.01,635.116,3,3,635.116,0.0,0.0,0.0,0.0,63511.6
1765050,IT,MX,INSUR,ELEC4,0.01,635.001,3,3,635.001,0.0,0.0,0.0,0.0,63500.1
1678023,IT,FR,EDUCA,CERAM,0.02,634.957,3,3,634.957,0.0,0.0,0.0,0.0,31747.85
1759408,IT,BR,INSUR,LIQUE,0.01,634.718,3,3,634.718,0.0,0.0,0.0,0.0,63471.8
1677986,IT,FR,PUBLI,RAILW,0.01,634.492,3,3,634.492,0.0,0.0,0.0,0.0,63449.2
1779400,IT,TR,REALE,FOOD5,0.03,634.21,3,3,634.21,0.0,0.0,0.0,0.0,21140.333333
1739992,IT,GB,REALE,PRINT,0.03,634.16,3,3,634.16,0.0,0.0,0.0,0.0,21138.666667
1648313,IT,BE,EDUCA,TOBAC,0.02,634.146,3,3,634.146,0.0,0.0,0.0,0.0,31707.3
1768201,IT,RU,PUBLI,FOOD3,0.01,634.038,3,3,634.038,0.0,0.0,0.0,0.0,63403.8
1643858,IT,AT,AUXIL,WOODW,0.01,633.815,3,3,633.815,0.0,0.0,0.0,0.0,63381.5
1675953,IT,FR,ELEC4,NONME,0.01,633.736,3,3,633.736,0.0,0.0,0.0,0.0,63373.6
1730585,IT,SE,REALE,RENTI,0.03,633.413,3,3,633.413,0.0,0.0,0.0,0.0,21113.766667
1724741,IT,PT,REALE,OFFIC,0.03,633.367,3,3,633.367,0.0,0.0,0.0,0.0,21112.233333
1801788,IT,WE,ELEC4,WHOLE,0.01,633.157,3,3,633.157,0.0,0.0,0.0,0.0,63315.7
1759412,IT,BR,INSUR,CERAM,0.01,633.126,3,3,633.126,0.0,0.0,0.0,0.0,63312.6
1762558,IT,IN,AUXIL,PROCE,0.01,632.983,3,3,632.983,0.0,0.0,0.0,0.0,63298.3
1768225,IT,RU,EDUCA,RETAI,0.02,632.956,3,3,632.956,0.0,0.0,0.0,0.0,31647.8
1655041,IT,CZ,REALE,HEALT,0.03,632.81,3,3,632.81,0.0,0.0,0.0,0.0,21093.666667
1714293,IT,MT,PUBLI,PRINT,0.01,632.695,3,3,632.695,0.0,0.0,0.0,0.0,63269.5
1747807,IT,JP,AUXIL,93197,0.01,632.68,3,3,632.68,0.0,0.0,0.0,0.0,63268.0
1784904,IT,ID,POSTT,FABRI,0.01,632.429,3,3,632.429,0.0,0.0,0.0,0.0,63242.9
1721833,IT,PL,REALE,NONME,0.03,631.808,3,3,631.808,0.0,0.0,0.0,0.0,21060.266667
1724677,IT,PT,INSUR,TRANS,0.01,631.556,3,3,631.556,0.0,0.0,0.0,0.0,63155.6
1783124,IT,NO,AUXIL,FINAN,0.01,631.11,3,3,631.11,0.0,0.0,0.0,0.0,63111.0
1744402,IT,US,INSUR,MEMBE,0.01,631.059,3,3,631.059,0.0,0.0,0.0,0.0,63105.9
1717403,IT,NL,INSUR,BIODI,0.01,630.995,3,3,630.995,0.0,0.0,0.0,0.0,63099.5
1647876,IT,BE,REALE,TOBAC,0.03,630.63,3,3,630.63,0.0,0.0,0.0,0.0,21021.0
1759223,IT,BR,POSTT,CROPS,0.01,630.532,3,3,630.532,0.0,0.0,0.0,0.0,63053.2
1747816,IT,JP,REALE,MOTO1,0.03,630.054,3,3,630.054,0.0,0.0,0.0,0.0,21001.8
1681195,IT,GR,POSTT,INLAN,0.01,630.042,3,3,630.042,0.0,0.0,0.0,0.0,63004.2
1770721,IT,AU,AUXIL,CEMEN,0.01,628.705,3,3,628.705,0.0,0.0,0.0,0.0,62870.5
1779420,IT,TR,REALE,NONME,0.03,628.7,3,3,628.7,0.0,0.0,0.0,0.0,20956.666667
1740345,IT,GB,PUBLI,FOOD4,0.01,628.237,3,3,628.237,0.0,0.0,0.0,0.0,62823.7
1721631,IT,PL,POSTT,SEACO,0.01,628.1,3,3,628.1,0.0,0.0,0.0,0.0,62810.0
1734072,IT,SI,INSUR,TEXTI,0.01,627.912,3,3,627.912,0.0,0.0,0.0,0.0,62791.2
1783249,IT,NO,PUBLI,PFERT,0.01,627.881,3,3,627.881,0.0,0.0,0.0,0.0,62788.1
1807277,IT,WF,POSTT,PRECI,0.01,627.755,3,3,627.755,0.0,0.0,0.0,0.0,62775.5
1677987,IT,FR,PUBLI,SEACO,0.01,627.701,3,3,627.701,0.0,0.0,0.0,0.0,62770.1
1648327,IT,BE,EDUCA,HOTEL,0.02,627.615,3,3,627.615,0.0,0.0,0.0,0.0,31380.75
1792513,IT,WA,REALE,FABRI,0.03,627.316,3,3,627.316,0.0,0.0,0.0,0.0,20910.533333
1647779,IT,BE,AUXIL,VEGE1,0.01,626.922,3,3,626.922,0.0,0.0,0.0,0.0,62692.2
1792490,IT,WA,REALE,MEATC,0.03,626.79,3,3,626.79,0.0,0.0,0.0,0.0,20893.0
1711812,IT,LU,PUBLI,WASTE,0.01,626.74,3,3,626.74,0.0,0.0,0.0,0.0,62674.0
1687903,IT,HU,REALE,SALEM,0.03,626.476,3,3,626.476,0.0,0.0,0.0,0.0,20882.533333
1770748,IT,AU,AUXIL,93197,0.01,626.462,3,3,626.462,0.0,0.0,0.0,0.0,62646.2
1677415,IT,FR,INSUR,ELEC8,0.01,626.286,3,3,626.286,0.0,0.0,0.0,0.0,62628.6
1797098,IT,WL,POSTT,PRECI,0.01,626.265,3,3,626.265,0.0,0.0,0.0,0.0,62626.5
1678002,IT,FR,EDUCA,CATTL,0.02,626.26,3,3,626.26,0.0,0.0,0.0,0.0,31313.0
1734073,IT,SI,INSUR,WEARI,0.01,626.211,3,3,626.211,0.0,0.0,0.0,0.0,62621.1
1792226,IT,WA,POSTT,DAIRY,0.01,626.181,3,3,626.181,0.0,0.0,0.0,0.0,62618.1
1792850,IT,WA,EDUCA,BIOGA,0.02,626.154,3,3,626.154,0.0,0.0,0.0,0.0,31307.7
1748148,IT,JP,EDUCA,93197,0.02,626.058,3,3,626.058,0.0,0.0,0.0,0.0,31302.9
1655005,IT,CZ,REALE,HEAVY,0.03,625.947,3,3,625.947,0.0,0.0,0.0,0.0,20864.9
1786988,IT,ZA,INSUR,STONE,0.01,625.129,3,3,625.129,0.0,0.0,0.0,0.0,62512.9
1759480,IT,BR,AUXIL,AIRTR,0.01,624.935,3,3,624.935,0.0,0.0,0.0,0.0,62493.5
1711771,IT,LU,PUBLI,BEVER,0.01,624.211,3,3,624.211,0.0,0.0,0.0,0.0,62421.1
1748132,IT,JP,EDUCA,FABRI,0.02,624.166,3,3,624.166,0.0,0.0,0.0,0.0,31208.3
1677141,IT,FR,POSTT,SANDC,0.01,624.138,3,3,624.138,0.0,0.0,0.0,0.0,62413.8
1721570,IT,PL,POSTT,CEREA,0.01,624.036,3,3,624.036,0.0,0.0,0.0,0.0,62403.6
1730570,IT,SE,REALE,OFFIC,0.03,623.967,3,3,623.967,0.0,0.0,0.0,0.0,20798.9
1754358,IT,CA,INSUR,INLAN,0.01,623.914,3,3,623.914,0.0,0.0,0.0,0.0,62391.4
1651063,IT,BG,INSUR,MOTOR,0.01,623.812,3,3,623.812,0.0,0.0,0.0,0.0,62381.2
1714231,IT,MT,REALE,DISTR,0.03,623.606,3,3,623.606,0.0,0.0,0.0,0.0,20786.866667
1651898,IT,CY,INSUR,FOOD5,0.01,623.506,3,3,623.506,0.0,0.0,0.0,0.0,62350.6
1807423,IT,WF,INSUR,PLAST,0.01,623.389,3,3,623.389,0.0,0.0,0.0,0.0,62338.9
1779237,IT,TR,POSTT,PAPE4,0.01,623.308,3,3,623.308,0.0,0.0,0.0,0.0,62330.8
1730863,IT,SE,EDUCA,BUSIN,0.02,623.241,3,3,623.241,0.0,0.0,0.0,0.0,31162.05
1654989,IT,CZ,INSUR,FOOD4,0.01,623.109,3,3,623.109,0.0,0.0,0.0,0.0,62310.9
1759401,IT,BR,INSUR,WEARI,0.01,623.109,3,3,623.109,0.0,0.0,0.0,0.0,62310.9
1677593,IT,FR,REALE,BRICK,0.03,623.073,3,3,623.073,0.0,0.0,0.0,0.0,20769.1
1754200,IT,CA,POSTT,CEREA,0.01,622.833,3,3,622.833,0.0,0.0,0.0,0.0,62283.3
1721725,IT,PL,INSUR,CATTL,0.01,622.764,3,3,622.764,0.0,0.0,0.0,0.0,62276.4
1774958,IT,CH,AUXIL,CHEMI,0.01,622.488,3,3,622.488,0.0,0.0,0.0,0.0,62248.8
1663420,IT,DK,INSUR,HEALT,0.01,622.077,3,3,622.077,0.0,0.0,0.0,0.0,62207.7
1681184,IT,GR,POSTT,COLLE,0.01,621.957,3,3,621.957,0.0,0.0,0.0,0.0,62195.7
1669451,IT,ES,INSUR,PAPE1,0.01,621.573,3,3,621.573,0.0,0.0,0.0,0.0,62157.3
1739773,IT,GB,POSTT,BIODI,0.01,621.359,3,3,621.359,0.0,0.0,0.0,0.0,62135.9
1793340,IT,WA,PRIVA,PUBLI,0.14,621.253,3,3,621.253,0.0,0.0,0.0,0.0,4437.521429
1663385,IT,DK,POSTT,DIST1,0.01,621.131,3,3,621.131,0.0,0.0,0.0,0.0,62113.1
1802497,IT,WE,POSTT,TOBAC,0.01,620.902,3,3,620.902,0.0,0.0,0.0,0.0,62090.2
1722184,IT,PL,PUBLI,BITUM,0.01,620.622,3,3,620.622,0.0,0.0,0.0,0.0,62062.2
1648318,IT,BE,EDUCA,FABRI,0.02,620.587,3,3,620.587,0.0,0.0,0.0,0.0,31029.35
1651873,IT,CY,POSTT,PAPER,0.01,620.571,3,3,620.571,0.0,0.0,0.0,0.0,62057.1
1660669,IT,DE,REALE,FOOD2,0.03,620.535,3,3,620.535,0.0,0.0,0.0,0.0,20684.5
1765079,IT,MX,AUXIL,BASIC,0.01,619.999,3,3,619.999,0.0,0.0,0.0,0.0,61999.9
1759230,IT,BR,POSTT,SANDC,0.01,619.971,3,3,619.971,0.0,0.0,0.0,0.0,61997.1
1721823,IT,PL,REALE,GASDI,0.03,619.502,3,3,619.502,0.0,0.0,0.0,0.0,20650.066667
1756913,IT,KR,INSUR,MOTOR,0.01,619.402,3,3,619.402,0.0,0.0,0.0,0.0,61940.2
1770588,IT,AU,POSTT,MEDIC,0.01,619.266,3,3,619.266,0.0,0.0,0.0,0.0,61926.6
1736590,IT,SK,POSTT,PLAST,0.01,619.216,3,3,619.216,0.0,0.0,0.0,0.0,61921.6
1672204,IT,FI,AUXIL,SEWAG,0.01,619.174,3,3,619.174,0.0,0.0,0.0,0.0,61917.4
1727486,IT,RO,AUXIL,NONME,0.01,618.941,3,3,618.941,0.0,0.0,0.0,0.0,61894.1
1744284,IT,US,POSTT,OILHA,0.01,618.935,3,3,618.935,0.0,0.0,0.0,0.0,61893.5
1678056,IT,FR,EDUCA,INTER,0.02,618.434,3,3,618.434,0.0,0.0,0.0,0.0,30921.7
1759452,IT,BR,AUXIL,DAIRY,0.01,618.323,3,3,618.323,0.0,0.0,0.0,0.0,61832.3
1744543,IT,US,REALE,ELEC4,0.03,618.312,3,3,618.312,0.0,0.0,0.0,0.0,20610.4
1721572,IT,PL,POSTT,CROPS,0.01,618.248,3,3,618.248,0.0,0.0,0.0,0.0,61824.8
1745113,IT,US,EDUCA,COLLE,0.02,618.211,3,3,618.211,0.0,0.0,0.0,0.0,30910.55
1714164,IT,MT,POSTT,SALEM,0.01,618.096,3,3,618.096,0.0,0.0,0.0,0.0,61809.6
1745039,IT,US,PUBLI,LIQUI,0.01,618.04,3,3,618.04,0.0,0.0,0.0,0.0,61804.0
1786948,IT,ZA,POSTT,ELEC1,0.01,617.938,3,3,617.938,0.0,0.0,0.0,0.0,61793.8
1677652,IT,FR,REALE,FOOD3,0.03,617.804,3,3,617.804,0.0,0.0,0.0,0.0,20593.466667
1759517,IT,BR,REALE,MEMBE,0.03,617.711,3,3,617.711,0.0,0.0,0.0,0.0,20590.366667
1681393,IT,GR,REALE,ELEC1,0.03,617.623,3,3,617.623,0.0,0.0,0.0,0.0,20587.433333
1792411,IT,WA,INSUR,TRANS,0.01,617.553,3,3,617.553,0.0,0.0,0.0,0.0,61755.3
1744220,IT,US,POSTT,BIODI,0.01,617.492,3,3,617.492,0.0,0.0,0.0,0.0,61749.2
1669547,IT,ES,REALE,GLASS,0.03,617.109,3,3,617.109,0.0,0.0,0.0,0.0,20570.3
1730398,IT,SE,POSTT,MEAT4,0.01,617.052,3,3,617.052,0.0,0.0,0.0,0.0,61705.2
1721770,IT,PL,INSUR,RESEA,0.01,616.952,3,3,616.952,0.0,0.0,0.0,0.0,61695.2
1754322,IT,CA,INSUR,REFI1,0.01,616.457,3,3,616.457,0.0,0.0,0.0,0.0,61645.7
1808848,IT,WF,PRIVA,MEATC,0.14,616.267,3,3,616.267,0.0,0.0,0.0,0.0,4401.907143
1663417,IT,DK,INSUR,SUPPO,0.01,616.248,3,3,616.248,0.0,0.0,0.0,0.0,61624.8
1747648,IT,JP,POSTT,BEVER,0.01,616.137,3,3,616.137,0.0,0.0,0.0,0.0,61613.7
1677191,IT,FR,POSTT,BIOG1,0.01,615.854,3,3,615.854,0.0,0.0,0.0,0.0,61585.4
1792484,IT,WA,REALE,ANIMA,0.03,615.828,3,3,615.828,0.0,0.0,0.0,0.0,20527.6
1748124,IT,JP,PUBLI,DIST1,0.01,615.689,3,3,615.689,0.0,0.0,0.0,0.0,61568.9
1762578,IT,IN,AUXIL,CERAM,0.01,615.127,3,3,615.127,0.0,0.0,0.0,0.0,61512.7
1722226,IT,PL,EDUCA,LANDT,0.02,615.114,3,3,615.114,0.0,0.0,0.0,0.0,30755.7
1756939,IT,KR,AUXIL,MOTO1,0.01,615.028,3,3,615.028,0.0,0.0,0.0,0.0,61502.8
1681160,IT,GR,POSTT,HEAVY,0.01,614.642,3,3,614.642,0.0,0.0,0.0,0.0,61464.2
1661079,IT,DE,PUBLI,BLAST,0.01,614.381,3,3,614.381,0.0,0.0,0.0,0.0,61438.1
1807743,IT,WF,PUBLI,VEGE1,0.01,613.958,3,3,613.958,0.0,0.0,0.0,0.0,61395.8
1710563,IT,LT,AUXIL,MEMBE,0.01,613.832,3,3,613.832,0.0,0.0,0.0,0.0,61383.2
1721738,IT,PL,INSUR,KEROS,0.01,613.378,3,3,613.378,0.0,0.0,0.0,0.0,61337.8
1754220,IT,CA,POSTT,LEATH,0.01,613.259,3,3,613.259,0.0,0.0,0.0,0.0,61325.9
1751756,IT,CN,AUXIL,FORES,0.01,613.238,3,3,613.238,0.0,0.0,0.0,0.0,61323.8
1730522,IT,SE,INSUR,LANDT,0.01,613.174,3,3,613.174,0.0,0.0,0.0,0.0,61317.4
1717746,IT,NL,PUBLI,SALEM,0.01,613.069,3,3,613.069,0.0,0.0,0.0,0.0,61306.9
1787047,IT,ZA,AUXIL,HEALT,0.01,612.768,3,3,612.768,0.0,0.0,0.0,0.0,61276.8
1724960,IT,PT,PUBLI,AIRTR,0.01,612.429,3,3,612.429,0.0,0.0,0.0,0.0,61242.9
1717405,IT,NL,INSUR,ALUM1,0.01,611.763,3,3,611.763,0.0,0.0,0.0,0.0,61176.3
1748122,IT,JP,PUBLI,OFFIC,0.01,611.759,3,3,611.759,0.0,0.0,0.0,0.0,61175.9
1739952,IT,GB,AUXIL,PAPER,0.01,611.572,3,3,611.572,0.0,0.0,0.0,0.0,61157.2
1734366,IT,SI,PUBLI,COMPU,0.01,611.564,3,3,611.564,0.0,0.0,0.0,0.0,61156.4
1677991,IT,FR,PUBLI,REALE,0.01,611.475,3,3,611.475,0.0,0.0,0.0,0.0,61147.5
1774884,IT,CH,INSUR,PIGS9,0.01,611.325,3,3,611.325,0.0,0.0,0.0,0.0,61132.5
1660483,IT,DE,INSUR,ADDIT,0.01,610.822,3,3,610.822,0.0,0.0,0.0,0.0,61082.2
1748138,IT,JP,EDUCA,CONST,0.02,610.735,3,3,610.735,0.0,0.0,0.0,0.0,30536.75
1783132,IT,NO,AUXIL,EDUCA,0.01,610.717,3,3,610.717,0.0,0.0,0.0,0.0,61071.7
1687813,IT,HU,POSTT,TRAN2,0.01,610.695,3,3,610.695,0.0,0.0,0.0,0.0,61069.5
1687925,IT,HU,REALE,MEMBE,0.03,610.602,3,3,610.602,0.0,0.0,0.0,0.0,20353.4
1672108,IT,FI,POSTT,NONF1,0.01,610.55,3,3,610.55,0.0,0.0,0.0,0.0,61055.0
1736649,IT,SK,INSUR,WHEAT,0.01,610.329,3,3,610.329,0.0,0.0,0.0,0.0,61032.9
1754331,IT,CA,INSUR,COPP1,0.01,609.812,3,3,609.812,0.0,0.0,0.0,0.0,60981.2
1689790,IT,IE,INSUR,LEATH,0.01,609.766,3,3,609.766,0.0,0.0,0.0,0.0,60976.6
1647708,IT,BE,INSUR,KERO1,0.01,609.723,3,3,609.723,0.0,0.0,0.0,0.0,60972.3
1814234,IT,WM,POSTT,MEATP,0.01,609.695,3,3,609.695,0.0,0.0,0.0,0.0,60969.5
1714161,IT,MT,POSTT,MOTO1,0.01,609.118,3,3,609.118,0.0,0.0,0.0,0.0,60911.8
1647693,IT,BE,INSUR,SANDC,0.01,608.992,3,3,608.992,0.0,0.0,0.0,0.0,60899.2
1689696,IT,IE,POSTT,PAPE4,0.01,608.945,3,3,608.945,0.0,0.0,0.0,0.0,60894.5
1751791,IT,CN,AUXIL,ELEC3,0.01,608.549,3,3,608.549,0.0,0.0,0.0,0.0,60854.9
1651878,IT,CY,POSTT,SALEM,0.01,608.398,3,3,608.398,0.0,0.0,0.0,0.0,60839.8
1647604,IT,BE,POSTT,ELEC2,0.01,607.762,3,3,607.762,0.0,0.0,0.0,0.0,60776.2
1714236,IT,MT,REALE,SEACO,0.03,607.577,3,3,607.577,0.0,0.0,0.0,0.0,20252.566667
1754199,IT,CA,POSTT,WHEAT,0.01,607.453,3,3,607.453,0.0,0.0,0.0,0.0,60745.3
1651093,IT,BG,INSUR,RENTI,0.01,607.452,3,3,607.452,0.0,0.0,0.0,0.0,60745.2
1669947,IT,ES,EDUCA,FOUND,0.02,607.229,3,3,607.229,0.0,0.0,0.0,0.0,30361.45
1745120,IT,US,EDUCA,RECRE,0.02,606.845,3,3,606.845,0.0,0.0,0.0,0.0,30342.25
1647825,IT,BE,AUXIL,ELEC4,0.01,606.769,3,3,606.769,0.0,0.0,0.0,0.0,60676.9
1647915,IT,BE,REALE,RETAI,0.03,606.1,3,3,606.1,0.0,0.0,0.0,0.0,20203.333333
1734123,IT,SI,AUXIL,NONME,0.01,605.756,3,3,605.756,0.0,0.0,0.0,0.0,60575.6
1647688,IT,BE,INSUR,CROPS,0.01,605.711,3,3,605.711,0.0,0.0,0.0,0.0,60571.1
1792418,IT,WA,INSUR,SEACO,0.01,605.617,3,3,605.617,0.0,0.0,0.0,0.0,60561.7
1689940,IT,IE,REALE,CATTL,0.03,605.401,3,3,605.401,0.0,0.0,0.0,0.0,20180.033333
1784966,IT,ID,INSUR,MEDIC,0.01,605.312,3,3,605.312,0.0,0.0,0.0,0.0,60531.2
1765077,IT,MX,AUXIL,CRUDE,0.01,604.096,3,3,604.096,0.0,0.0,0.0,0.0,60409.6
1724753,IT,PT,REALE,PUBLI,0.03,603.967,3,3,603.967,0.0,0.0,0.0,0.0,20132.233333
1672216,IT,FI,REALE,WEARI,0.03,603.916,3,3,603.916,0.0,0.0,0.0,0.0,20130.533333
1647818,IT,BE,AUXIL,RADIO,0.01,603.903,3,3,603.903,0.0,0.0,0.0,0.0,60390.3
1651916,IT,CY,AUXIL,SUPPO,0.01,603.897,3,3,603.897,0.0,0.0,0.0,0.0,60389.7
1727460,IT,RO,AUXIL,VEGE1,0.01,603.887,3,3,603.887,0.0,0.0,0.0,0.0,60388.7
1724980,IT,PT,EDUCA,CONST,0.02,603.754,3,3,603.754,0.0,0.0,0.0,0.0,30187.7
1730546,IT,SE,AUXIL,COLLE,0.01,603.47,3,3,603.47,0.0,0.0,0.0,0.0,60347.0
1793315,IT,WA,PRIVA,GASWO,0.13,603.32,3,3,603.32,0.0,0.0,0.0,0.0,4640.923077
1779326,IT,TR,INSUR,CEMEN,0.01,602.998,3,3,602.998,0.0,0.0,0.0,0.0,60299.8
1734098,IT,SI,INSUR,RAILW,0.01,602.836,3,3,602.836,0.0,0.0,0.0,0.0,60283.6
1747748,IT,JP,INSUR,ELEC4,0.01,602.66,3,3,602.66,0.0,0.0,0.0,0.0,60266.0
1783079,IT,NO,INSUR,DIST1,0.01,602.441,3,3,602.441,0.0,0.0,0.0,0.0,60244.1
1684435,IT,HR,AUXIL,COMPU,0.01,601.527,3,3,601.527,0.0,0.0,0.0,0.0,60152.7
1730554,IT,SE,AUXIL,RENTI,0.01,601.24,3,3,601.24,0.0,0.0,0.0,0.0,60124.0
1669453,IT,ES,INSUR,INTER,0.01,600.863,3,3,600.863,0.0,0.0,0.0,0.0,60086.3
1744462,IT,US,AUXIL,SUPPO,0.01,599.992,3,3,599.992,0.0,0.0,0.0,0.0,59999.2
1717451,IT,NL,INSUR,INERT,0.01,599.961,3,3,599.961,0.0,0.0,0.0,0.0,59996.1
1783128,IT,NO,AUXIL,COMPU,0.01,599.025,3,3,599.025,0.0,0.0,0.0,0.0,59902.5
1759459,IT,BR,AUXIL,GASDI,0.01,598.892,3,3,598.892,0.0,0.0,0.0,0.0,59889.2
1672242,IT,FI,REALE,COLLE,0.03,598.482,3,3,598.482,0.0,0.0,0.0,0.0,19949.4
1643843,IT,AT,INSUR,PLAST,0.01,598.257,3,3,598.257,0.0,0.0,0.0,0.0,59825.7
1721752,IT,PL,INSUR,ELEC1,0.01,598.167,3,3,598.167,0.0,0.0,0.0,0.0,59816.7
1721808,IT,PL,AUXIL,RECRE,0.01,598.142,3,3,598.142,0.0,0.0,0.0,0.0,59814.2
1786980,IT,ZA,INSUR,PIGS9,0.01,597.632,3,3,597.632,0.0,0.0,0.0,0.0,59763.2
1677647,IT,FR,REALE,WOOD1,0.03,597.208,3,3,597.208,0.0,0.0,0.0,0.0,19906.933333
1744372,IT,US,INSUR,FABRI,0.01,595.608,3,3,595.608,0.0,0.0,0.0,0.0,59560.8
1684428,IT,HR,INSUR,FINAN,0.01,595.481,3,3,595.481,0.0,0.0,0.0,0.0,59548.1
1744477,IT,US,AUXIL,FOOD4,0.01,595.39,3,3,595.39,0.0,0.0,0.0,0.0,59539.0
1717449,IT,NL,INSUR,SEWAG,0.01,594.813,3,3,594.813,0.0,0.0,0.0,0.0,59481.3
1780616,IT,TW,INSUR,TRANS,0.01,593.442,3,3,593.442,0.0,0.0,0.0,0.0,59344.2
1711601,IT,LU,INSUR,CONST,0.01,593.364,3,3,593.364,0.0,0.0,0.0,0.0,59336.4
1783166,IT,NO,REALE,RECRE,0.03,593.279,3,3,593.279,0.0,0.0,0.0,0.0,19775.966667
1721780,IT,PL,AUXIL,PLAST,0.01,593.161,3,3,593.161,0.0,0.0,0.0,0.0,59316.1
1727478,IT,RO,AUXIL,NONSP,0.01,592.749,3,3,592.749,0.0,0.0,0.0,0.0,59274.9
1669419,IT,ES,INSUR,ELEC2,0.01,592.686,3,3,592.686,0.0,0.0,0.0,0.0,59268.6
1740019,IT,GB,REALE,93197,0.03,592.54,3,3,592.54,0.0,0.0,0.0,0.0,19751.333333
1672199,IT,FI,AUXIL,COMPU,0.01,592.508,3,3,592.508,0.0,0.0,0.0,0.0,59250.8
1736920,IT,SK,EDUCA,MOTO1,0.01,592.09,3,3,592.09,0.0,0.0,0.0,0.0,59209.0
1722216,IT,PL,EDUCA,FOOD5,0.01,591.705,3,3,591.705,0.0,0.0,0.0,0.0,59170.5
1647781,IT,BE,AUXIL,SUGA1,0.01,591.472,3,3,591.472,0.0,0.0,0.0,0.0,59147.2
1762574,IT,IN,AUXIL,PLAST,0.01,591.288,3,3,591.288,0.0,0.0,0.0,0.0,59128.8
1747838,IT,JP,REALE,93197,0.02,590.961,3,3,590.961,0.0,0.0,0.0,0.0,29548.05
1689839,IT,IE,INSUR,AIRTR,0.01,590.429,3,3,590.429,0.0,0.0,0.0,0.0,59042.9
1712870,IT,LV,REALE,WEARI,0.02,590.131,3,3,590.131,0.0,0.0,0.0,0.0,29506.55
1787043,IT,ZA,AUXIL,HOTEL,0.01,589.866,3,3,589.866,0.0,0.0,0.0,0.0,58986.6
1747810,IT,JP,REALE,PLAST,0.02,588.658,3,3,588.658,0.0,0.0,0.0,0.0,29432.9
1643859,IT,AT,AUXIL,WHOLE,0.01,588.354,3,3,588.354,0.0,0.0,0.0,0.0,58835.4
1678000,IT,FR,EDUCA,WHEAT,0.01,588.328,3,3,588.328,0.0,0.0,0.0,0.0,58832.8
1669467,IT,ES,AUXIL,CEREA,0.01,588.289,3,3,588.289,0.0,0.0,0.0,0.0,58828.9
1669937,IT,ES,EDUCA,BIOGA,0.01,587.726,3,3,587.726,0.0,0.0,0.0,0.0,58772.6
1647767,IT,BE,INSUR,93197,0.01,586.669,3,3,586.669,0.0,0.0,0.0,0.0,58666.9
1730595,IT,SE,REALE,WOOD1,0.02,586.339,3,3,586.339,0.0,0.0,0.0,0.0,29316.95
1814424,IT,WM,REALE,AUXIL,0.02,586.102,3,3,586.102,0.0,0.0,0.0,0.0,29305.1
1767786,IT,RU,INSUR,TRAN1,0.01,585.563,3,3,585.563,0.0,0.0,0.0,0.0,58556.3
1774889,IT,CH,INSUR,MEATC,0.01,585.456,3,3,585.456,0.0,0.0,0.0,0.0,58545.6
1681292,IT,GR,INSUR,FISHF,0.01,585.451,3,3,585.451,0.0,0.0,0.0,0.0,58545.1
1687848,IT,HU,INSUR,CEREA,0.01,585.301,3,3,585.301,0.0,0.0,0.0,0.0,58530.1
1792453,IT,WA,AUXIL,BASIC,0.01,585.02,3,3,585.02,0.0,0.0,0.0,0.0,58502.0
1684602,IT,HR,EDUCA,EDUCA,0.01,583.91,3,3,583.91,0.0,0.0,0.0,0.0,58391.0
1689811,IT,IE,INSUR,PREC1,0.01,583.469,3,3,583.469,0.0,0.0,0.0,0.0,58346.9
1770685,IT,AU,INSUR,TRANS,0.01,583.38,3,3,583.38,0.0,0.0,0.0,0.0,58338.0
1721813,IT,PL,REALE,BEVER,0.02,582.979,3,3,582.979,0.0,0.0,0.0,0.0,29148.95
1721743,IT,PL,INSUR,CEMEN,0.01,582.793,3,3,582.793,0.0,0.0,0.0,0.0,58279.3
1797334,IT,WL,REALE,MOTOR,0.02,582.535,3,3,582.535,0.0,0.0,0.0,0.0,29126.75
1643850,IT,AT,INSUR,RETAI,0.01,582.325,3,3,582.325,0.0,0.0,0.0,0.0,58232.5
1672205,IT,FI,AUXIL,FOOD4,0.01,582.312,3,3,582.312,0.0,0.0,0.0,0.0,58231.2
1739926,IT,GB,INSUR,PLAST,0.01,582.156,3,3,582.156,0.0,0.0,0.0,0.0,58215.6
1712838,IT,LV,AUXIL,COPP1,0.01,581.743,3,3,581.743,0.0,0.0,0.0,0.0,58174.3
1787010,IT,ZA,INSUR,MEDIC,0.01,581.586,3,3,581.586,0.0,0.0,0.0,0.0,58158.6
1779350,IT,TR,INSUR,CONST,0.01,581.43,3,3,581.43,0.0,0.0,0.0,0.0,58143.0
1779373,IT,TR,AUXIL,PLAST,0.01,580.733,3,3,580.733,0.0,0.0,0.0,0.0,58073.3
1654947,IT,CZ,INSUR,COPP1,0.01,580.269,3,3,580.269,0.0,0.0,0.0,0.0,58026.9
1747833,IT,JP,REALE,RENTI,0.02,579.856,3,3,579.856,0.0,0.0,0.0,0.0,28992.8
1756928,IT,KR,INSUR,LANDT,0.01,579.853,3,3,579.853,0.0,0.0,0.0,0.0,57985.3
1807440,IT,WF,AUXIL,MOTO1,0.01,579.658,3,3,579.658,0.0,0.0,0.0,0.0,57965.8
1793237,IT,WA,PRIVA,STONE,0.13,579.599,3,3,579.599,0.0,0.0,0.0,0.0,4458.453846
1767814,IT,RU,INSUR,PAPE4,0.01,579.544,3,3,579.544,0.0,0.0,0.0,0.0,57954.4
1660465,IT,DE,INSUR,WEARI,0.01,579.521,3,3,579.521,0.0,0.0,0.0,0.0,57952.1
1779319,IT,TR,INSUR,REFI1,0.01,579.363,3,3,579.363,0.0,0.0,0.0,0.0,57936.3
1689993,IT,IE,REALE,ELEC4,0.02,579.178,3,3,579.178,0.0,0.0,0.0,0.0,28958.9
1807441,IT,WF,AUXIL,FURNI,0.01,578.999,3,3,578.999,0.0,0.0,0.0,0.0,57899.9
1808837,IT,WF,PRIVA,MEATA,0.13,578.951,3,3,578.951,0.0,0.0,0.0,0.0,4453.469231
1721736,IT,PL,INSUR,PRINT,0.01,578.132,3,3,578.132,0.0,0.0,0.0,0.0,57813.2
1756956,IT,KR,REALE,ELECT,0.02,577.814,3,3,577.814,0.0,0.0,0.0,0.0,28890.7
1783107,IT,NO,INSUR,TEXT1,0.01,577.279,3,3,577.279,0.0,0.0,0.0,0.0,57727.9
1730557,IT,SE,REALE,FORES,0.02,576.892,3,3,576.892,0.0,0.0,0.0,0.0,28844.6
1786991,IT,ZA,INSUR,MEAT4,0.01,576.039,3,3,576.039,0.0,0.0,0.0,0.0,57603.9
1681338,IT,GR,INSUR,ELEC1,0.01,575.974,3,3,575.974,0.0,0.0,0.0,0.0,57597.4
1779300,IT,TR,INSUR,IRONO,0.01,575.928,3,3,575.928,0.0,0.0,0.0,0.0,57592.8
1792429,IT,WA,AUXIL,WHEAT,0.01,575.517,3,3,575.517,0.0,0.0,0.0,0.0,57551.7
1744529,IT,US,REALE,COPP1,0.02,575.358,3,3,575.358,0.0,0.0,0.0,0.0,28767.9
1792872,IT,WA,EDUCA,RETA1,0.01,574.966,3,3,574.966,0.0,0.0,0.0,0.0,57496.6
1774990,IT,CH,AUXIL,COMPU,0.01,574.602,3,3,574.602,0.0,0.0,0.0,0.0,57460.2
1751763,IT,CN,AUXIL,LEATH,0.01,574.154,3,3,574.154,0.0,0.0,0.0,0.0,57415.4
1783105,IT,NO,INSUR,PLAS1,0.01,574.001,3,3,574.001,0.0,0.0,0.0,0.0,57400.1
1681615,IT,GR,EDUCA,PUBLI,0.01,573.839,3,3,573.839,0.0,0.0,0.0,0.0,57383.9
1714188,IT,MT,INSUR,FABRI,0.01,573.665,3,3,573.665,0.0,0.0,0.0,0.0,57366.5
1643909,IT,AT,REALE,AUXIL,0.02,573.375,3,3,573.375,0.0,0.0,0.0,0.0,28668.75
1762497,IT,IN,INSUR,BEVER,0.01,572.841,3,3,572.841,0.0,0.0,0.0,0.0,57284.1
1724695,IT,PT,INSUR,FINAN,0.01,572.747,3,3,572.747,0.0,0.0,0.0,0.0,57274.7
1669484,IT,ES,AUXIL,BIODI,0.01,572.597,3,3,572.597,0.0,0.0,0.0,0.0,57259.7
1792511,IT,WA,REALE,LEAD1,0.02,572.525,3,3,572.525,0.0,0.0,0.0,0.0,28626.25
1783134,IT,NO,AUXIL,RECRE,0.01,572.125,3,3,572.125,0.0,0.0,0.0,0.0,57212.5
1747756,IT,JP,AUXIL,BEVER,0.01,571.851,3,3,571.851,0.0,0.0,0.0,0.0,57185.1
1717442,IT,NL,INSUR,EDUCA,0.01,571.315,3,3,571.315,0.0,0.0,0.0,0.0,57131.5
1762596,IT,IN,AUXIL,SALEM,0.01,571.143,3,3,571.143,0.0,0.0,0.0,0.0,57114.3
1721810,IT,PL,REALE,MEATP,0.02,570.992,3,3,570.992,0.0,0.0,0.0,0.0,28549.6
1767841,IT,RU,AUXIL,NONF1,0.01,570.876,3,3,570.876,0.0,0.0,0.0,0.0,57087.6
1792391,IT,WA,INSUR,FOOD5,0.01,570.758,3,3,570.758,0.0,0.0,0.0,0.0,57075.8
1744479,IT,US,AUXIL,PLAS2,0.01,570.701,3,3,570.701,0.0,0.0,0.0,0.0,57070.1
1714189,IT,MT,INSUR,MACHI,0.01,570.669,3,3,570.669,0.0,0.0,0.0,0.0,57066.9
1647936,IT,BE,REALE,PLAS1,0.02,570.51,3,3,570.51,0.0,0.0,0.0,0.0,28525.5
1677453,IT,FR,INSUR,PAPE4,0.01,570.484,3,3,570.484,0.0,0.0,0.0,0.0,57048.4
1787036,IT,ZA,INSUR,RESEA,0.01,569.252,3,3,569.252,0.0,0.0,0.0,0.0,56925.2
1751757,IT,CN,AUXIL,COKIN,0.01,568.21,3,3,568.21,0.0,0.0,0.0,0.0,56821.0
1762568,IT,IN,AUXIL,COKEO,0.01,567.998,3,3,567.998,0.0,0.0,0.0,0.0,56799.8
1727616,IT,RO,REALE,INERT,0.02,567.975,3,3,567.975,0.0,0.0,0.0,0.0,28398.75
1648324,IT,BE,EDUCA,SALEM,0.01,567.887,3,3,567.887,0.0,0.0,0.0,0.0,56788.7
1664926,IT,ES,PRECI,PREC1,0.01,567.745,3,3,567.745,0.0,0.0,0.0,0.0,56774.5
1762516,IT,IN,INSUR,COPP1,0.01,567.395,3,3,567.395,0.0,0.0,0.0,0.0,56739.5
1672161,IT,FI,INSUR,ELEC3,0.01,567.021,3,3,567.021,0.0,0.0,0.0,0.0,56702.1
1727535,IT,RO,REALE,POULT,0.02,567.005,3,3,567.005,0.0,0.0,0.0,0.0,28350.25
1669573,IT,ES,REALE,TRAN2,0.02,566.747,3,3,566.747,0.0,0.0,0.0,0.0,28337.35
1751816,IT,CN,AUXIL,RECRE,0.01,566.676,3,3,566.676,0.0,0.0,0.0,0.0,56667.6
1756918,IT,KR,INSUR,FABRI,0.01,566.146,3,3,566.146,0.0,0.0,0.0,0.0,56614.6
1783032,IT,NO,INSUR,BITUM,0.01,565.841,3,3,565.841,0.0,0.0,0.0,0.0,56584.1
1762495,IT,IN,INSUR,NATU1,0.01,565.82,3,3,565.82,0.0,0.0,0.0,0.0,56582.0
1714213,IT,MT,AUXIL,SUPPO,0.01,565.489,3,3,565.489,0.0,0.0,0.0,0.0,56548.9
1759398,IT,BR,INSUR,MEATP,0.01,565.212,3,3,565.212,0.0,0.0,0.0,0.0,56521.2
1734128,IT,SI,AUXIL,FURNI,0.01,565.072,3,3,565.072,0.0,0.0,0.0,0.0,56507.2
1774885,IT,CH,INSUR,ANIMA,0.01,564.482,3,3,564.482,0.0,0.0,0.0,0.0,56448.2
1654946,IT,CZ,INSUR,LEAD1,0.01,563.889,3,3,563.889,0.0,0.0,0.0,0.0,56388.9
1770726,IT,AU,AUXIL,DIST1,0.01,563.295,3,3,563.295,0.0,0.0,0.0,0.0,56329.5
1681335,IT,GR,INSUR,MOTO1,0.01,563.233,3,3,563.233,0.0,0.0,0.0,0.0,56323.3
1774957,IT,CH,AUXIL,SANDC,0.01,562.691,3,3,562.691,0.0,0.0,0.0,0.0,56269.1
1793239,IT,WA,PRIVA,CHEMI,0.13,562.065,3,3,562.065,0.0,0.0,0.0,0.0,4323.576923
1767851,IT,RU,AUXIL,ELEC2,0.01,562.04,3,3,562.04,0.0,0.0,0.0,0.0,56204.0
1779330,IT,TR,INSUR,COPP1,0.01,561.971,3,3,561.971,0.0,0.0,0.0,0.0,56197.1
1774969,IT,CH,AUXIL,GLASS,0.01,561.443,3,3,561.443,0.0,0.0,0.0,0.0,56144.3
1747776,IT,JP,AUXIL,MEDIC,0.01,561.345,3,3,561.345,0.0,0.0,0.0,0.0,56134.5
1717391,IT,NL,INSUR,MEAT4,0.01,561.164,3,3,561.164,0.0,0.0,0.0,0.0,56116.4
1734172,IT,SI,REALE,BASIC,0.02,561.084,3,3,561.084,0.0,0.0,0.0,0.0,28054.2
1660496,IT,DE,INSUR,ELECT,0.01,560.519,3,3,560.519,0.0,0.0,0.0,0.0,56051.9
1808851,IT,WF,PRIVA,VEGE1,0.13,560.231,3,3,560.231,0.0,0.0,0.0,0.0,4309.469231
1792421,IT,WA,INSUR,COMPU,0.01,559.567,3,3,559.567,0.0,0.0,0.0,0.0,55956.7
1714211,IT,MT,AUXIL,WHOLE,0.01,559.509,3,3,559.509,0.0,0.0,0.0,0.0,55950.9
1730521,IT,SE,INSUR,WHOLE,0.01,559.421,3,3,559.421,0.0,0.0,0.0,0.0,55942.1
1717448,IT,NL,INSUR,OILHA,0.01,559.013,3,3,559.013,0.0,0.0,0.0,0.0,55901.3
1747751,IT,JP,INSUR,HOTEL,0.01,558.945,3,3,558.945,0.0,0.0,0.0,0.0,55894.5
1647835,IT,BE,AUXIL,RETAI,0.01,558.874,3,3,558.874,0.0,0.0,0.0,0.0,55887.4
1687859,IT,HU,INSUR,WHOLE,0.01,558.653,3,3,558.653,0.0,0.0,0.0,0.0,55865.3
1739963,IT,GB,AUXIL,RADIO,0.01,558.419,3,3,558.419,0.0,0.0,0.0,0.0,55841.9
1722219,IT,PL,EDUCA,RUBBE,0.01,558.228,3,3,558.228,0.0,0.0,0.0,0.0,55822.8
1730547,IT,SE,AUXIL,CONST,0.01,557.329,3,3,557.329,0.0,0.0,0.0,0.0,55732.9
1756958,IT,KR,REALE,FURNI,0.02,556.525,3,3,556.525,0.0,0.0,0.0,0.0,27826.25
1722220,IT,PL,EDUCA,FABRI,0.01,556.487,3,3,556.487,0.0,0.0,0.0,0.0,55648.7
1767852,IT,RU,AUXIL,ELEC3,0.01,556.104,3,3,556.104,0.0,0.0,0.0,0.0,55610.4
1736747,IT,SK,REALE,RESEA,0.02,556.006,3,3,556.006,0.0,0.0,0.0,0.0,27800.3
1786992,IT,ZA,INSUR,FOOD5,0.01,555.827,3,3,555.827,0.0,0.0,0.0,0.0,55582.7
1727579,IT,RO,REALE,ELEC3,0.02,555.689,3,3,555.689,0.0,0.0,0.0,0.0,27784.45
1787014,IT,ZA,INSUR,SECO9,0.01,555.353,3,3,555.353,0.0,0.0,0.0,0.0,55535.3
1687873,IT,HU,REALE,FOOD5,0.02,555.313,3,3,555.313,0.0,0.0,0.0,0.0,27765.65
1747812,IT,JP,REALE,BASIC,0.02,555.21,3,3,555.21,0.0,0.0,0.0,0.0,27760.5
1721811,IT,PL,REALE,DAIRY,0.02,555.02,3,3,555.02,0.0,0.0,0.0,0.0,27751.0
1647714,IT,BE,INSUR,NONSP,0.01,554.384,3,3,554.384,0.0,0.0,0.0,0.0,55438.4
1748147,IT,JP,EDUCA,HEALT,0.01,554.202,3,3,554.202,0.0,0.0,0.0,0.0,55420.2
1687850,IT,HU,INSUR,POULT,0.01,554.121,3,3,554.121,0.0,0.0,0.0,0.0,55412.1
1724973,IT,PT,EDUCA,CHEM1,0.01,553.947,3,3,553.947,0.0,0.0,0.0,0.0,55394.7
1792860,IT,WA,EDUCA,RADIO,0.01,553.889,3,3,553.889,0.0,0.0,0.0,0.0,55388.9
1768221,IT,RU,EDUCA,ELEC3,0.01,553.552,3,3,553.552,0.0,0.0,0.0,0.0,55355.2
1744541,IT,US,REALE,ELEC1,0.02,553.549,3,3,553.549,0.0,0.0,0.0,0.0,27677.45
1792409,IT,WA,INSUR,MEDIC,0.01,553.422,3,3,553.422,0.0,0.0,0.0,0.0,55342.2
1714212,IT,MT,AUXIL,RETA1,0.01,552.927,3,3,552.927,0.0,0.0,0.0,0.0,55292.7
1792424,IT,WA,INSUR,EDUCA,0.01,552.472,3,3,552.472,0.0,0.0,0.0,0.0,55247.2
1759403,IT,BR,INSUR,PAPER,0.01,552.418,3,3,552.418,0.0,0.0,0.0,0.0,55241.8
1759413,IT,BR,INSUR,NONME,0.01,552.235,3,3,552.235,0.0,0.0,0.0,0.0,55223.5
1792482,IT,WA,REALE,PLANT,0.02,552.217,3,3,552.217,0.0,0.0,0.0,0.0,27610.85
1747747,IT,JP,INSUR,ELEC3,0.01,551.593,3,3,551.593,0.0,0.0,0.0,0.0,55159.3
1669535,IT,ES,REALE,WEARI,0.02,551.379,3,3,551.379,0.0,0.0,0.0,0.0,27568.95
1797353,IT,WL,REALE,AUXIL,0.02,551.09,3,3,551.09,0.0,0.0,0.0,0.0,27554.5
1712846,IT,LV,AUXIL,RAILW,0.01,550.693,3,3,550.693,0.0,0.0,0.0,0.0,55069.3
1736687,IT,SK,INSUR,TEXT2,0.01,550.148,3,3,550.148,0.0,0.0,0.0,0.0,55014.8
1643848,IT,AT,INSUR,CONST,0.01,550.02,3,3,550.02,0.0,0.0,0.0,0.0,55002.0
1797580,IT,WL,EDUCA,RUBBE,0.01,549.928,3,3,549.928,0.0,0.0,0.0,0.0,54992.8
1756969,IT,KR,REALE,EDUCA,0.02,549.801,3,3,549.801,0.0,0.0,0.0,0.0,27490.05
1787008,IT,ZA,INSUR,ELECT,0.01,549.424,3,3,549.424,0.0,0.0,0.0,0.0,54942.4
1654960,IT,CZ,INSUR,ELEC8,0.01,549.112,3,3,549.112,0.0,0.0,0.0,0.0,54911.2
1669458,IT,ES,INSUR,FOOD3,0.01,549.099,3,3,549.099,0.0,0.0,0.0,0.0,54909.9
1808838,IT,WF,PRIVA,ANIMA,0.12,548.893,3,3,548.893,0.0,0.0,0.0,0.0,4574.108333
1660585,IT,DE,REALE,MEAT1,0.02,548.603,3,3,548.603,0.0,0.0,0.0,0.0,27430.15
1689916,IT,IE,AUXIL,RAILW,0.01,548.589,3,3,548.589,0.0,0.0,0.0,0.0,54858.9
1792425,IT,WA,INSUR,HEALT,0.01,548.444,3,3,548.444,0.0,0.0,0.0,0.0,54844.4
1669475,IT,ES,AUXIL,LEATH,0.01,548.228,3,3,548.228,0.0,0.0,0.0,0.0,54822.8
1651100,IT,BG,REALE,STEAM,0.02,547.944,3,3,547.944,0.0,0.0,0.0,0.0,27397.2
1730584,IT,SE,REALE,REALE,0.02,547.901,3,3,547.901,0.0,0.0,0.0,0.0,27395.05
1762557,IT,IN,AUXIL,MEAT4,0.01,547.801,3,3,547.801,0.0,0.0,0.0,0.0,54780.1
1767831,IT,RU,AUXIL,PULP5,0.01,547.781,3,3,547.781,0.0,0.0,0.0,0.0,54778.1
1647736,IT,BE,INSUR,ELEC8,0.01,547.7,3,3,547.7,0.0,0.0,0.0,0.0,54770.0
1717457,IT,NL,AUXIL,BIODI,0.01,547.675,3,3,547.675,0.0,0.0,0.0,0.0,54767.5
1783111,IT,NO,INSUR,FOOD3,0.01,547.074,3,3,547.074,0.0,0.0,0.0,0.0,54707.4
1678008,IT,FR,EDUCA,STONE,0.01,546.623,3,3,546.623,0.0,0.0,0.0,0.0,54662.3
1669463,IT,ES,INSUR,WOOD2,0.01,545.814,3,3,545.814,0.0,0.0,0.0,0.0,54581.4
1734105,IT,SI,INSUR,RENTI,0.01,545.802,3,3,545.802,0.0,0.0,0.0,0.0,54580.2
1759509,IT,BR,REALE,POSTT,0.02,545.671,3,3,545.671,0.0,0.0,0.0,0.0,27283.55
1655019,IT,CZ,REALE,MACHI,0.02,544.02,3,3,544.02,0.0,0.0,0.0,0.0,27201.0
1661206,IT,DE,PRIVA,CONST,0.12,543.838,3,3,543.838,0.0,0.0,0.0,0.0,4531.983333
1724981,IT,PT,EDUCA,SALEM,0.01,543.62,3,3,543.62,0.0,0.0,0.0,0.0,54362.0
1655036,IT,CZ,REALE,COMPU,0.02,543.404,3,3,543.404,0.0,0.0,0.0,0.0,27170.2
1793259,IT,WA,PRIVA,COKEO,0.12,543.071,3,3,543.071,0.0,0.0,0.0,0.0,4525.591667
1660628,IT,DE,REALE,SECO9,0.02,542.748,3,3,542.748,0.0,0.0,0.0,0.0,27137.4
1684446,IT,HR,REALE,CONST,0.02,542.615,3,3,542.615,0.0,0.0,0.0,0.0,27130.75
1797575,IT,WL,EDUCA,GASDI,0.01,542.174,3,3,542.174,0.0,0.0,0.0,0.0,54217.4
1765103,IT,MX,REALE,PLAST,0.02,542.097,3,3,542.097,0.0,0.0,0.0,0.0,27104.85
1759514,IT,BR,REALE,PUBLI,0.02,541.916,3,3,541.916,0.0,0.0,0.0,0.0,27095.8
1756926,IT,KR,INSUR,RETA1,0.01,541.727,3,3,541.727,0.0,0.0,0.0,0.0,54172.7
1780713,IT,TW,REALE,BASIC,0.02,541.657,3,3,541.657,0.0,0.0,0.0,0.0,27082.85
1730578,IT,SE,REALE,HOTEL,0.02,540.721,3,3,540.721,0.0,0.0,0.0,0.0,27036.05
1647719,IT,BE,INSUR,NONME,0.01,540.69,3,3,540.69,0.0,0.0,0.0,0.0,54069.0
1736654,IT,SK,INSUR,RUBBE,0.01,540.564,3,3,540.564,0.0,0.0,0.0,0.0,54056.4
1727581,IT,RO,REALE,ELEC5,0.02,540.526,3,3,540.526,0.0,0.0,0.0,0.0,27026.3
1814884,IT,WM,PRIVA,CROPS,0.12,540.002,3,3,540.002,0.0,0.0,0.0,0.0,4500.016667
1717404,IT,NL,INSUR,BASIC,0.01,539.926,3,3,539.926,0.0,0.0,0.0,0.0,53992.6
1737018,IT,GB,PRECI,CERAM,0.01,539.17,3,3,539.17,0.0,0.0,0.0,0.0,53917.0
1644112,IT,AT,EDUCA,PRINT,0.01,539.048,3,3,539.048,0.0,0.0,0.0,0.0,53904.8
1730566,IT,SE,REALE,RUBBE,0.02,538.76,3,3,538.76,0.0,0.0,0.0,0.0,26938.0
1651900,IT,CY,INSUR,FABRI,0.01,538.405,3,3,538.405,0.0,0.0,0.0,0.0,53840.5
1734074,IT,SI,INSUR,WOODW,0.01,537.685,3,3,537.685,0.0,0.0,0.0,0.0,53768.5
1797572,IT,WL,EDUCA,FISH5,0.01,537.651,3,3,537.651,0.0,0.0,0.0,0.0,53765.1
1717399,IT,NL,INSUR,LIQUE,0.01,537.12,3,3,537.12,0.0,0.0,0.0,0.0,53712.0
1784944,IT,ID,INSUR,MEAT1,0.01,535.874,3,3,535.874,0.0,0.0,0.0,0.0,53587.4
1730577,IT,SE,REALE,RETA1,0.02,535.812,3,3,535.812,0.0,0.0,0.0,0.0,26790.6
1730563,IT,SE,REALE,PRINT,0.02,535.423,3,3,535.423,0.0,0.0,0.0,0.0,26771.15
1768214,IT,RU,EDUCA,BASIC,0.01,534.914,3,3,534.914,0.0,0.0,0.0,0.0,53491.4
1792488,IT,WA,REALE,STONE,0.02,534.906,3,3,534.906,0.0,0.0,0.0,0.0,26745.3
1786994,IT,ZA,INSUR,WEARI,0.01,534.623,3,3,534.623,0.0,0.0,0.0,0.0,53462.3
1779310,IT,TR,INSUR,LEATH,0.01,534.516,3,3,534.516,0.0,0.0,0.0,0.0,53451.6
1756971,IT,KR,REALE,PRIVA,0.02,534.485,3,3,534.485,0.0,0.0,0.0,0.0,26724.25
1689967,IT,IE,REALE,KEROS,0.02,534.369,3,3,534.369,0.0,0.0,0.0,0.0,26718.45
1783113,IT,NO,INSUR,PAPE4,0.01,534.208,3,3,534.208,0.0,0.0,0.0,0.0,53420.8
1744359,IT,US,INSUR,PIGS9,0.01,534.155,3,3,534.155,0.0,0.0,0.0,0.0,53415.5
1740659,IT,US,PRECI,PREC1,0.01,533.692,3,3,533.692,0.0,0.0,0.0,0.0,53369.2
1730569,IT,SE,REALE,MACHI,0.02,532.83,3,3,532.83,0.0,0.0,0.0,0.0,26641.5
1770677,IT,AU,INSUR,CHEM1,0.01,532.588,3,3,532.588,0.0,0.0,0.0,0.0,53258.8
1734079,IT,SI,INSUR,CEMEN,0.01,532.478,3,3,532.478,0.0,0.0,0.0,0.0,53247.8
1660510,IT,DE,INSUR,BIOG1,0.01,531.601,3,3,531.601,0.0,0.0,0.0,0.0,53160.1
1669562,IT,ES,REALE,ELEC5,0.02,531.209,3,3,531.209,0.0,0.0,0.0,0.0,26560.45
1678004,IT,FR,EDUCA,POULT,0.01,530.943,3,3,530.943,0.0,0.0,0.0,0.0,53094.3
1736673,IT,SK,INSUR,COMPU,0.01,530.348,3,3,530.348,0.0,0.0,0.0,0.0,53034.8
1648434,IT,BE,PRIVA,COMPU,0.12,530.298,3,3,530.298,0.0,0.0,0.0,0.0,4419.15
1643875,IT,AT,REALE,MOTOR,0.02,530.174,3,3,530.174,0.0,0.0,0.0,0.0,26508.7
1756914,IT,KR,INSUR,KEROS,0.01,530.018,3,3,530.018,0.0,0.0,0.0,0.0,53001.8
1660456,IT,DE,INSUR,MEATC,0.01,529.791,3,3,529.791,0.0,0.0,0.0,0.0,52979.1
1792816,IT,WA,EDUCA,FORES,0.01,529.506,3,3,529.506,0.0,0.0,0.0,0.0,52950.6
1672159,IT,FI,INSUR,FABRI,0.01,528.828,3,3,528.828,0.0,0.0,0.0,0.0,52882.8
1767769,IT,RU,INSUR,GASDI,0.01,528.7,3,3,528.7,0.0,0.0,0.0,0.0,52870.0
1808890,IT,WF,PRIVA,FURNI,0.12,528.312,3,3,528.312,0.0,0.0,0.0,0.0,4402.6
1687849,IT,HU,INSUR,PIGS9,0.01,527.598,3,3,527.598,0.0,0.0,0.0,0.0,52759.8
1647765,IT,BE,INSUR,FOOD2,0.01,527.532,3,3,527.532,0.0,0.0,0.0,0.0,52753.2
1684601,IT,HR,EDUCA,PUBLI,0.01,527.335,3,3,527.335,0.0,0.0,0.0,0.0,52733.5
1678057,IT,FR,EDUCA,OILHA,0.01,526.974,3,3,526.974,0.0,0.0,0.0,0.0,52697.4
1651077,IT,BG,INSUR,ELEC1,0.01,526.386,3,3,526.386,0.0,0.0,0.0,0.0,52638.6
1730568,IT,SE,REALE,FABRI,0.02,526.035,3,3,526.035,0.0,0.0,0.0,0.0,26301.75
1768222,IT,RU,EDUCA,ELEC4,0.01,525.825,3,3,525.825,0.0,0.0,0.0,0.0,52582.5
1669452,IT,ES,INSUR,PLAS1,0.01,525.781,3,3,525.781,0.0,0.0,0.0,0.0,52578.1
1793318,IT,WA,PRIVA,STEAM,0.12,525.503,3,3,525.503,0.0,0.0,0.0,0.0,4379.191667
1779418,IT,TR,REALE,CERAM,0.02,525.148,3,3,525.148,0.0,0.0,0.0,0.0,26257.4
1770673,IT,AU,INSUR,PAPER,0.01,525.14,3,3,525.14,0.0,0.0,0.0,0.0,52514.0
1797287,IT,WL,INSUR,LANDT,0.01,525.031,3,3,525.031,0.0,0.0,0.0,0.0,52503.1
1751818,IT,CN,REALE,CONST,0.02,524.647,3,3,524.647,0.0,0.0,0.0,0.0,26232.35
1681333,IT,GR,INSUR,RADIO,0.01,524.6,3,3,524.6,0.0,0.0,0.0,0.0,52460.0
1669985,IT,ES,EDUCA,OILHA,0.01,523.954,3,3,523.954,0.0,0.0,0.0,0.0,52395.4
1792385,IT,WA,INSUR,NATUR,0.01,523.949,3,3,523.949,0.0,0.0,0.0,0.0,52394.9
1711638,IT,LU,REALE,RECRE,0.02,523.08,3,3,523.08,0.0,0.0,0.0,0.0,26154.0
1754313,IT,CA,INSUR,WEARI,0.01,522.554,3,3,522.554,0.0,0.0,0.0,0.0,52255.4
1770907,IT,AU,EDUCA,PUBLI,0.01,522.314,3,3,522.314,0.0,0.0,0.0,0.0,52231.4
1751675,IT,CN,INSUR,CRUDE,0.01,522.005,3,3,522.005,0.0,0.0,0.0,0.0,52200.5
1660504,IT,DE,INSUR,ELEC4,0.01,521.68,3,3,521.68,0.0,0.0,0.0,0.0,52168.0
1770714,IT,AU,INSUR,MEMBE,0.01,521.28,3,3,521.28,0.0,0.0,0.0,0.0,52128.0
1736700,IT,SK,REALE,OILSE,0.02,520.604,3,3,520.604,0.0,0.0,0.0,0.0,26030.2
1643844,IT,AT,INSUR,RUBBE,0.01,520.383,3,3,520.383,0.0,0.0,0.0,0.0,52038.3
1736708,IT,SK,REALE,WEARI,0.02,520.206,3,3,520.206,0.0,0.0,0.0,0.0,26010.3
1660629,IT,DE,REALE,ELEC1,0.02,519.854,3,3,519.854,0.0,0.0,0.0,0.0,25992.7
1756922,IT,KR,INSUR,FURNI,0.01,519.155,3,3,519.155,0.0,0.0,0.0,0.0,51915.5
1767760,IT,RU,INSUR,FOOD5,0.01,516.985,3,3,516.985,0.0,0.0,0.0,0.0,51698.5
1768215,IT,RU,EDUCA,NONF1,0.01,516.462,3,3,516.462,0.0,0.0,0.0,0.0,51646.2
1714225,IT,MT,REALE,FABRI,0.02,516.203,3,3,516.203,0.0,0.0,0.0,0.0,25810.15
1672152,IT,FI,INSUR,RAWMI,0.01,516.183,3,3,516.183,0.0,0.0,0.0,0.0,51618.3
1779446,IT,TR,REALE,AUXIL,0.02,515.347,3,3,515.347,0.0,0.0,0.0,0.0,25767.35
1792826,IT,WA,EDUCA,DAIRY,0.01,515.271,3,3,515.271,0.0,0.0,0.0,0.0,51527.1
1687885,IT,HU,REALE,BIOGA,0.02,515.044,3,3,515.044,0.0,0.0,0.0,0.0,25752.2
1678058,IT,FR,EDUCA,SEWAG,0.01,515.003,3,3,515.003,0.0,0.0,0.0,0.0,51500.3
1669450,IT,ES,INSUR,FOODW,0.01,514.404,3,3,514.404,0.0,0.0,0.0,0.0,51440.4
1724686,IT,PT,INSUR,SALEM,0.01,514.039,3,3,514.039,0.0,0.0,0.0,0.0,51403.9
1714187,IT,MT,INSUR,FOOD5,0.01,512.993,3,3,512.993,0.0,0.0,0.0,0.0,51299.3
1770675,IT,AU,INSUR,MOTOR,0.01,512.628,3,3,512.628,0.0,0.0,0.0,0.0,51262.8
1660458,IT,DE,INSUR,MEAT1,0.01,512.534,3,3,512.534,0.0,0.0,0.0,0.0,51253.4
1724985,IT,PT,EDUCA,RAILW,0.01,512.065,3,3,512.065,0.0,0.0,0.0,0.0,51206.5
1677582,IT,FR,REALE,HEAVY,0.02,511.943,3,3,511.943,0.0,0.0,0.0,0.0,25597.15
1784988,IT,ID,INSUR,RESEA,0.01,511.687,3,3,511.687,0.0,0.0,0.0,0.0,51168.7
1678015,IT,FR,EDUCA,LEATH,0.01,511.539,3,3,511.539,0.0,0.0,0.0,0.0,51153.9
1663439,IT,DK,REALE,FOOD5,0.02,511.083,3,3,511.083,0.0,0.0,0.0,0.0,25554.15
1734165,IT,SI,REALE,LEATH,0.02,509.983,3,3,509.983,0.0,0.0,0.0,0.0,25499.15
1684429,IT,HR,INSUR,REALE,0.01,509.577,3,3,509.577,0.0,0.0,0.0,0.0,50957.7
1774916,IT,CH,INSUR,MEDIC,0.01,509.527,3,3,509.527,0.0,0.0,0.0,0.0,50952.7
1756953,IT,KR,REALE,PLAST,0.02,509.502,3,3,509.502,0.0,0.0,0.0,0.0,25475.1
1717446,IT,NL,INSUR,PLAS1,0.01,509.193,3,3,509.193,0.0,0.0,0.0,0.0,50919.3
1669556,IT,ES,REALE,RADIO,0.02,508.796,3,3,508.796,0.0,0.0,0.0,0.0,25439.8
1793316,IT,WA,PRIVA,BIOG1,0.11,508.72,3,3,508.72,0.0,0.0,0.0,0.0,4624.727273
1660452,IT,DE,INSUR,MEATA,0.01,508.679,3,3,508.679,0.0,0.0,0.0,0.0,50867.9
1669536,IT,ES,REALE,LEATH,0.02,508.648,3,3,508.648,0.0,0.0,0.0,0.0,25432.4
1677658,IT,FR,REALE,WOOD2,0.02,508.406,3,3,508.406,0.0,0.0,0.0,0.0,25420.3
1717447,IT,NL,INSUR,INTER,0.01,508.002,3,3,508.002,0.0,0.0,0.0,0.0,50800.2
1648310,IT,BE,EDUCA,DAIRY,0.01,507.654,3,3,507.654,0.0,0.0,0.0,0.0,50765.4
1721822,IT,PL,REALE,MOTOR,0.02,507.538,3,3,507.538,0.0,0.0,0.0,0.0,25376.9
1648317,IT,BE,EDUCA,RUBBE,0.01,507.311,3,3,507.311,0.0,0.0,0.0,0.0,50731.1
1774882,IT,CH,INSUR,CEREA,0.01,506.907,3,3,506.907,0.0,0.0,0.0,0.0,50690.7
1756912,IT,KR,INSUR,PADDY,0.01,506.679,3,3,506.679,0.0,0.0,0.0,0.0,50667.9
1722217,IT,PL,EDUCA,PRINT,0.01,506.434,3,3,506.434,0.0,0.0,0.0,0.0,50643.4
1792390,IT,WA,INSUR,SUGA1,0.01,505.96,3,3,505.96,0.0,0.0,0.0,0.0,50596.0
1754312,IT,CA,INSUR,TEXTI,0.01,505.567,3,3,505.567,0.0,0.0,0.0,0.0,50556.7
1655018,IT,CZ,REALE,FABRI,0.02,505.449,3,3,505.449,0.0,0.0,0.0,0.0,25272.45
1677389,IT,FR,INSUR,NONSP,0.01,505.414,3,3,505.414,0.0,0.0,0.0,0.0,50541.4
1672266,IT,FI,REALE,INTER,0.02,505.06,3,3,505.06,0.0,0.0,0.0,0.0,25253.0
1722218,IT,PL,EDUCA,CHEM1,0.01,504.335,3,3,504.335,0.0,0.0,0.0,0.0,50433.5
1792885,IT,WA,EDUCA,INERT,0.01,503.363,3,3,503.363,0.0,0.0,0.0,0.0,50336.3
1721769,IT,PL,INSUR,COMPU,0.01,503.067,3,3,503.067,0.0,0.0,0.0,0.0,50306.7
1714311,IT,MT,EDUCA,FISHF,0.01,503.024,3,3,503.024,0.0,0.0,0.0,0.0,50302.4
1770713,IT,AU,INSUR,FOOD1,0.01,502.463,3,3,502.463,0.0,0.0,0.0,0.0,50246.3
1770667,IT,AU,INSUR,MEATA,0.01,502.297,3,3,502.297,0.0,0.0,0.0,0.0,50229.7
1654908,IT,CZ,INSUR,MEATA,0.01,501.695,3,3,501.695,0.0,0.0,0.0,0.0,50169.5
1762627,IT,IN,REALE,POSTT,0.02,501.072,3,3,501.072,0.0,0.0,0.0,0.0,25053.6
1660459,IT,DE,INSUR,MEAT4,0.01,499.885,3,3,499.885,0.0,0.0,0.0,0.0,49988.5
1775001,IT,CH,REALE,SALEM,0.02,499.747,3,3,499.747,0.0,0.0,0.0,0.0,24987.35
1727550,IT,RO,REALE,PULP5,0.02,499.675,3,3,499.675,0.0,0.0,0.0,0.0,24983.75
1669946,IT,ES,EDUCA,COPP1,0.01,499.581,3,3,499.581,0.0,0.0,0.0,0.0,49958.1
1798125,IT,WL,PRIVA,PFERT,0.11,499.285,3,3,499.285,0.0,0.0,0.0,0.0,4538.954545
1751820,IT,CN,REALE,RETA1,0.02,499.079,3,3,499.079,0.0,0.0,0.0,0.0,24953.95
1734185,IT,SI,REALE,SALEM,0.02,498.865,3,3,498.865,0.0,0.0,0.0,0.0,24943.25
1678022,IT,FR,EDUCA,GLASS,0.01,497.975,3,3,497.975,0.0,0.0,0.0,0.0,49797.5
1643885,IT,AT,REALE,PREC1,0.02,496.801,3,3,496.801,0.0,0.0,0.0,0.0,24840.05
1793308,IT,WA,PRIVA,ELEC6,0.11,496.543,3,3,496.543,0.0,0.0,0.0,0.0,4514.027273
1754307,IT,CA,INSUR,SANDC,0.01,496.485,3,3,496.485,0.0,0.0,0.0,0.0,49648.5
1647938,IT,BE,REALE,FOOD3,0.02,496.293,3,3,496.293,0.0,0.0,0.0,0.0,24814.65
1768228,IT,RU,EDUCA,HOTEL,0.01,496.003,3,3,496.003,0.0,0.0,0.0,0.0,49600.3
1677589,IT,FR,REALE,BIODI,0.02,495.845,3,3,495.845,0.0,0.0,0.0,0.0,24792.25
1775424,IT,CH,EDUCA,CONST,0.01,495.32,3,3,495.32,0.0,0.0,0.0,0.0,49532.0
1727530,IT,RO,REALE,WHEAT,0.02,493.942,3,3,493.942,0.0,0.0,0.0,0.0,24697.1
1651062,IT,BG,INSUR,PULP5,0.01,493.611,3,3,493.611,0.0,0.0,0.0,0.0,49361.1
1721845,IT,PL,REALE,TRANS,0.02,493.443,3,3,493.443,0.0,0.0,0.0,0.0,24672.15
1736656,IT,SK,INSUR,MACHI,0.01,493.088,3,3,493.088,0.0,0.0,0.0,0.0,49308.8
1797289,IT,WL,INSUR,RESEA,0.01,492.816,3,3,492.816,0.0,0.0,0.0,0.0,49281.6
1687874,IT,HU,REALE,TEXTI,0.02,492.75,3,3,492.75,0.0,0.0,0.0,0.0,24637.5
1714247,IT,MT,REALE,PUBLI,0.02,492.317,3,3,492.317,0.0,0.0,0.0,0.0,24615.85
1681294,IT,GR,INSUR,MEATP,0.01,491.753,3,3,491.753,0.0,0.0,0.0,0.0,49175.3
1744367,IT,US,INSUR,MOTOR,0.01,491.445,3,3,491.445,0.0,0.0,0.0,0.0,49144.5
1734112,IT,SI,INSUR,MEMBE,0.01,491.32,3,3,491.32,0.0,0.0,0.0,0.0,49132.0
1814898,IT,WM,PRIVA,MEATP,0.11,491.293,3,3,491.293,0.0,0.0,0.0,0.0,4466.3
1669560,IT,ES,REALE,ELEC3,0.02,491.145,3,3,491.145,0.0,0.0,0.0,0.0,24557.25
1660622,IT,DE,REALE,ELECT,0.02,490.98,3,3,490.98,0.0,0.0,0.0,0.0,24549.0
1744513,IT,US,REALE,LUBRI,0.02,490.948,3,3,490.948,0.0,0.0,0.0,0.0,24547.4
1647869,IT,BE,REALE,CEREA,0.02,490.891,3,3,490.891,0.0,0.0,0.0,0.0,24544.55
1765020,IT,MX,INSUR,PULP5,0.01,490.522,3,3,490.522,0.0,0.0,0.0,0.0,49052.2
1727543,IT,RO,REALE,MEAT1,0.02,490.43,3,3,490.43,0.0,0.0,0.0,0.0,24521.5
1717423,IT,NL,INSUR,RETAI,0.01,489.787,3,3,489.787,0.0,0.0,0.0,0.0,48978.7
1765036,IT,MX,INSUR,LEAD1,0.01,488.803,3,3,488.803,0.0,0.0,0.0,0.0,48880.3
1661105,IT,DE,EDUCA,AIRTR,0.01,488.542,3,3,488.542,0.0,0.0,0.0,0.0,48854.2
1717494,IT,NL,REALE,FURNI,0.02,488.448,3,3,488.448,0.0,0.0,0.0,0.0,24422.4
1762631,IT,IN,REALE,BUSIN,0.02,487.927,3,3,487.927,0.0,0.0,0.0,0.0,24396.35
1681293,IT,GR,INSUR,MEATC,0.01,487.686,3,3,487.686,0.0,0.0,0.0,0.0,48768.6
1814411,IT,WM,REALE,PLAST,0.02,487.065,3,3,487.065,0.0,0.0,0.0,0.0,24353.25
1770671,IT,AU,INSUR,FOOD5,0.01,486.961,3,3,486.961,0.0,0.0,0.0,0.0,48696.1
1660448,IT,DE,INSUR,CROPS,0.01,486.387,3,3,486.387,0.0,0.0,0.0,0.0,48638.7
1779303,IT,TR,INSUR,SANDC,0.01,486.252,3,3,486.252,0.0,0.0,0.0,0.0,48625.2
1687880,IT,HU,REALE,MOTOR,0.02,485.937,3,3,485.937,0.0,0.0,0.0,0.0,24296.85
1669550,IT,ES,REALE,NONME,0.02,485.898,3,3,485.898,0.0,0.0,0.0,0.0,24294.9
1765032,IT,MX,INSUR,NONME,0.01,485.791,3,3,485.791,0.0,0.0,0.0,0.0,48579.1
1684432,IT,HR,INSUR,RECRE,0.01,485.459,3,3,485.459,0.0,0.0,0.0,0.0,48545.9
1681412,IT,GR,REALE,PUBLI,0.02,484.934,3,3,484.934,0.0,0.0,0.0,0.0,24246.7
1663684,IT,DK,EDUCA,BUSIN,0.01,484.145,3,3,484.145,0.0,0.0,0.0,0.0,48414.5
1751822,IT,CN,REALE,BUSIN,0.02,483.991,3,3,483.991,0.0,0.0,0.0,0.0,24199.55
1793336,IT,WA,PRIVA,RENTI,0.11,482.777,3,3,482.777,0.0,0.0,0.0,0.0,4388.881818
1687901,IT,HU,REALE,COLLE,0.02,482.619,3,3,482.619,0.0,0.0,0.0,0.0,24130.95
1724970,IT,PT,EDUCA,LEATH,0.01,482.58,3,3,482.58,0.0,0.0,0.0,0.0,48258.0
1745115,IT,US,EDUCA,REALE,0.01,482.343,3,3,482.343,0.0,0.0,0.0,0.0,48234.3
1736739,IT,SK,REALE,TRAN2,0.02,481.991,3,3,481.991,0.0,0.0,0.0,0.0,24099.55
1669918,IT,ES,EDUCA,MEATP,0.01,480.674,3,3,480.674,0.0,0.0,0.0,0.0,48067.4
1655017,IT,CZ,REALE,FOUND,0.02,480.669,3,3,480.669,0.0,0.0,0.0,0.0,24033.45
1756959,IT,KR,REALE,CONST,0.02,479.58,3,3,479.58,0.0,0.0,0.0,0.0,23979.0
1669924,IT,ES,EDUCA,LEATH,0.01,478.591,3,3,478.591,0.0,0.0,0.0,0.0,47859.1
1689995,IT,IE,REALE,ELEC7,0.02,478.492,3,3,478.492,0.0,0.0,0.0,0.0,23924.6
1678019,IT,FR,EDUCA,MOTOR,0.01,477.323,3,3,477.323,0.0,0.0,0.0,0.0,47732.3
1747809,IT,JP,REALE,PRINT,0.02,477.115,3,3,477.115,0.0,0.0,0.0,0.0,23855.75
1759512,IT,BR,REALE,COMPU,0.02,475.923,3,3,475.923,0.0,0.0,0.0,0.0,23796.15
1756955,IT,KR,REALE,OFFIC,0.02,475.219,3,3,475.219,0.0,0.0,0.0,0.0,23760.95
1797357,IT,WL,REALE,RESEA,0.02,474.292,3,3,474.292,0.0,0.0,0.0,0.0,23714.6
1736726,IT,SK,REALE,TRANS,0.02,474.24,3,3,474.24,0.0,0.0,0.0,0.0,23712.0
1792812,IT,WA,EDUCA,OILSE,0.01,473.711,3,3,473.711,0.0,0.0,0.0,0.0,47371.1
1748137,IT,JP,EDUCA,ELEC3,0.01,473.487,3,3,473.487,0.0,0.0,0.0,0.0,47348.7
1669951,IT,ES,EDUCA,ELECT,0.01,473.474,3,3,473.474,0.0,0.0,0.0,0.0,47347.4
1756970,IT,KR,REALE,HEALT,0.02,470.471,3,3,470.471,0.0,0.0,0.0,0.0,23523.55
1648328,IT,BE,EDUCA,LANDT,0.01,469.936,3,3,469.936,0.0,0.0,0.0,0.0,46993.6
1740354,IT,GB,EDUCA,OFFIC,0.01,469.453,3,3,469.453,0.0,0.0,0.0,0.0,46945.3
1711628,IT,LU,REALE,POSTT,0.02,469.396,3,3,469.396,0.0,0.0,0.0,0.0,23469.8
1724747,IT,PT,REALE,SUPPO,0.02,469.379,3,3,469.379,0.0,0.0,0.0,0.0,23468.95
1714229,IT,MT,REALE,TRANS,0.02,469.165,3,3,469.165,0.0,0.0,0.0,0.0,23458.25
1684437,IT,HR,REALE,WOODW,0.02,468.924,3,3,468.924,0.0,0.0,0.0,0.0,23446.2
1797573,IT,WL,EDUCA,TEXTI,0.01,468.534,3,3,468.534,0.0,0.0,0.0,0.0,46853.4
1714237,IT,MT,REALE,INLAN,0.02,466.027,3,3,466.027,0.0,0.0,0.0,0.0,23301.35
1747815,IT,JP,REALE,RADIO,0.02,464.761,3,3,464.761,0.0,0.0,0.0,0.0,23238.05
1689952,IT,IE,REALE,MEATP,0.02,464.712,3,3,464.712,0.0,0.0,0.0,0.0,23235.6
1787051,IT,ZA,REALE,RETA1,0.02,464.709,3,3,464.709,0.0,0.0,0.0,0.0,23235.45
1792830,IT,WA,EDUCA,BEVER,0.01,464.458,3,3,464.458,0.0,0.0,0.0,0.0,46445.8
1730571,IT,SE,REALE,MOTO1,0.02,463.939,3,3,463.939,0.0,0.0,0.0,0.0,23196.95
1684450,IT,HR,REALE,HOTEL,0.02,463.852,3,3,463.852,0.0,0.0,0.0,0.0,23192.6
1655039,IT,CZ,REALE,PUBLI,0.02,463.65,3,3,463.65,0.0,0.0,0.0,0.0,23182.5
1663446,IT,DK,REALE,PLAST,0.02,463.059,3,3,463.059,0.0,0.0,0.0,0.0,23152.95
1648426,IT,BE,PRIVA,RUBBE,0.1,463.051,3,3,463.051,0.0,0.0,0.0,0.0,4630.51
1792844,IT,WA,EDUCA,NAPHT,0.01,462.756,3,3,462.756,0.0,0.0,0.0,0.0,46275.6
1687898,IT,HU,REALE,ELEC3,0.02,462.71,3,3,462.71,0.0,0.0,0.0,0.0,23135.5
1736711,IT,SK,REALE,PULP5,0.02,461.494,3,3,461.494,0.0,0.0,0.0,0.0,23074.7
1759511,IT,BR,REALE,REALE,0.02,461.339,3,3,461.339,0.0,0.0,0.0,0.0,23066.95
1678003,IT,FR,EDUCA,PIGS9,0.01,461.081,3,3,461.081,0.0,0.0,0.0,0.0,46108.1
1779397,IT,TR,REALE,PRECI,0.02,460.873,3,3,460.873,0.0,0.0,0.0,0.0,23043.65
1747813,IT,JP,REALE,MACHI,0.02,460.869,3,3,460.869,0.0,0.0,0.0,0.0,23043.45
1808884,IT,WF,PRIVA,FABRI,0.1,459.897,3,3,459.897,0.0,0.0,0.0,0.0,4598.97
1678020,IT,FR,EDUCA,GASDI,0.01,459.547,3,3,459.547,0.0,0.0,0.0,0.0,45954.7
1721827,IT,PL,REALE,BIOGA,0.02,459.19,3,3,459.19,0.0,0.0,0.0,0.0,22959.5
1739999,IT,GB,REALE,RETAI,0.02,459.024,3,3,459.024,0.0,0.0,0.0,0.0,22951.2
1717492,IT,NL,REALE,MEDIC,0.02,458.732,3,3,458.732,0.0,0.0,0.0,0.0,22936.6
1660670,IT,DE,REALE,WASTE,0.02,458.626,3,3,458.626,0.0,0.0,0.0,0.0,22931.3
1727558,IT,RO,REALE,WHITE,0.02,458.232,3,3,458.232,0.0,0.0,0.0,0.0,22911.6
1655225,IT,CZ,EDUCA,DISTR,0.01,456.687,3,3,456.687,0.0,0.0,0.0,0.0,45668.7
1678031,IT,FR,EDUCA,DISTR,0.01,456.562,3,3,456.562,0.0,0.0,0.0,0.0,45656.2
1717479,IT,NL,REALE,NATUR,0.02,456.418,3,3,456.418,0.0,0.0,0.0,0.0,22820.9
1717766,IT,NL,EDUCA,RESEA,0.01,455.692,3,3,455.692,0.0,0.0,0.0,0.0,45569.2
1734183,IT,SI,REALE,COLLE,0.02,455.668,3,3,455.668,0.0,0.0,0.0,0.0,22783.4
1660599,IT,DE,REALE,HEAVY,0.02,454.76,3,3,454.76,0.0,0.0,0.0,0.0,22738.0
1798127,IT,WL,PRIVA,ADDIT,0.1,453.776,3,3,453.776,0.0,0.0,0.0,0.0,4537.76
1767886,IT,RU,REALE,ELEC1,0.02,453.633,3,3,453.633,0.0,0.0,0.0,0.0,22681.65
1730580,IT,SE,REALE,SEACO,0.02,453.466,3,3,453.466,0.0,0.0,0.0,0.0,22673.3
1712892,IT,LV,REALE,TRAN1,0.02,453.369,3,3,453.369,0.0,0.0,0.0,0.0,22668.45
1722229,IT,PL,EDUCA,FINAN,0.01,452.522,3,3,452.522,0.0,0.0,0.0,0.0,45252.2
1754566,IT,CA,EDUCA,RETA1,0.01,452.195,3,3,452.195,0.0,0.0,0.0,0.0,45219.5
1684453,IT,HR,REALE,COMPU,0.02,451.269,3,3,451.269,0.0,0.0,0.0,0.0,22563.45
1744530,IT,US,REALE,NONF1,0.02,450.703,3,3,450.703,0.0,0.0,0.0,0.0,22535.15
1808853,IT,WF,PRIVA,PROCE,0.1,450.625,3,3,450.625,0.0,0.0,0.0,0.0,4506.25
1807473,IT,WF,REALE,FABRI,0.02,450.514,3,3,450.514,0.0,0.0,0.0,0.0,22525.7
1798146,IT,WL,PRIVA,RETAI,0.1,450.295,3,3,450.295,0.0,0.0,0.0,0.0,4502.95
1759495,IT,BR,REALE,TEXTI,0.02,449.429,3,3,449.429,0.0,0.0,0.0,0.0,22471.45
1780710,IT,TW,REALE,RUBBE,0.02,449.298,3,3,449.298,0.0,0.0,0.0,0.0,22464.9
1712872,IT,LV,REALE,PULP5,0.02,449.172,3,3,449.172,0.0,0.0,0.0,0.0,22458.6
1681395,IT,GR,REALE,ELEC5,0.02,448.236,3,3,448.236,0.0,0.0,0.0,0.0,22411.8
1669533,IT,ES,REALE,FISH5,0.02,447.693,3,3,447.693,0.0,0.0,0.0,0.0,22384.65
1663452,IT,DK,REALE,TRANS,0.02,447.331,3,3,447.331,0.0,0.0,0.0,0.0,22366.55
1737019,IT,GB,PRECI,PREC1,0.01,446.802,3,3,446.802,0.0,0.0,0.0,0.0,44680.2
1798145,IT,WL,PRIVA,SALEM,0.1,446.364,3,3,446.364,0.0,0.0,0.0,0.0,4463.64
1770753,IT,AU,REALE,REALE,0.02,446.062,3,3,446.062,0.0,0.0,0.0,0.0,22303.1
1814962,IT,WM,PRIVA,DIST1,0.1,445.9,3,3,445.9,0.0,0.0,0.0,0.0,4459.0
1677646,IT,FR,REALE,TEXT1,0.02,445.652,3,3,445.652,0.0,0.0,0.0,0.0,22282.6
1669933,IT,ES,EDUCA,NAPHT,0.01,445.412,3,3,445.412,0.0,0.0,0.0,0.0,44541.2
1717767,IT,NL,EDUCA,BUSIN,0.01,445.06,3,3,445.06,0.0,0.0,0.0,0.0,44506.0
1717482,IT,NL,REALE,CHEMI,0.02,444.381,3,3,444.381,0.0,0.0,0.0,0.0,22219.05
1717771,IT,NL,EDUCA,FOOD2,0.01,444.364,3,3,444.364,0.0,0.0,0.0,0.0,44436.4
1724990,IT,PT,EDUCA,REALE,0.01,443.013,3,3,443.013,0.0,0.0,0.0,0.0,44301.3
1787053,IT,ZA,REALE,REALE,0.02,442.858,3,3,442.858,0.0,0.0,0.0,0.0,22142.9
1678055,IT,FR,EDUCA,PAPE1,0.01,442.697,3,3,442.697,0.0,0.0,0.0,0.0,44269.7
1670245,IT,ES,PRIVA,CHEM1,0.1,442.461,3,3,442.461,0.0,0.0,0.0,0.0,4424.61
1717765,IT,NL,EDUCA,COMPU,0.01,441.891,3,3,441.891,0.0,0.0,0.0,0.0,44189.1
1775428,IT,CH,EDUCA,COMPU,0.01,441.789,3,3,441.789,0.0,0.0,0.0,0.0,44178.9
1784999,IT,ID,REALE,WOODW,0.02,441.418,3,3,441.418,0.0,0.0,0.0,0.0,22070.9
1724967,IT,PT,EDUCA,FISH5,0.01,441.368,3,3,441.368,0.0,0.0,0.0,0.0,44136.8
1669565,IT,ES,REALE,COLLE,0.02,440.779,3,3,440.779,0.0,0.0,0.0,0.0,22038.95
1689942,IT,IE,REALE,MEATA,0.02,440.26,3,3,440.26,0.0,0.0,0.0,0.0,22013.0
1672239,IT,FI,REALE,ELEC3,0.02,440.151,3,3,440.151,0.0,0.0,0.0,0.0,22007.55
1669989,IT,ES,EDUCA,WASTE,0.01,440.027,3,3,440.027,0.0,0.0,0.0,0.0,44002.7
1663451,IT,DK,REALE,MOTO1,0.02,439.078,3,3,439.078,0.0,0.0,0.0,0.0,21953.9
1736733,IT,SK,REALE,RETAI,0.02,438.84,3,3,438.84,0.0,0.0,0.0,0.0,21942.0
1730594,IT,SE,REALE,PLAS1,0.02,438.019,3,3,438.019,0.0,0.0,0.0,0.0,21900.95
1647900,IT,BE,REALE,PREC1,0.02,437.418,3,3,437.418,0.0,0.0,0.0,0.0,21870.9
1775005,IT,CH,REALE,LANDT,0.02,436.07,3,3,436.07,0.0,0.0,0.0,0.0,21803.5
1768210,IT,RU,EDUCA,NATUR,0.01,435.262,3,3,435.262,0.0,0.0,0.0,0.0,43526.2
1648320,IT,BE,EDUCA,OFFIC,0.01,435.088,3,3,435.088,0.0,0.0,0.0,0.0,43508.8
1712865,IT,LV,REALE,DAIRY,0.02,434.387,3,3,434.387,0.0,0.0,0.0,0.0,21719.35
1808896,IT,WF,PRIVA,LANDT,0.1,433.947,3,3,433.947,0.0,0.0,0.0,0.0,4339.47
1814409,IT,WM,REALE,HEAVY,0.02,433.818,3,3,433.818,0.0,0.0,0.0,0.0,21690.9
1689941,IT,IE,REALE,PIGS9,0.02,433.718,3,3,433.718,0.0,0.0,0.0,0.0,21685.9
1711634,IT,LU,REALE,RESEA,0.02,433.7,3,3,433.7,0.0,0.0,0.0,0.0,21685.0
1644120,IT,AT,EDUCA,RESEA,0.01,432.98,3,3,432.98,0.0,0.0,0.0,0.0,43298.0
1648326,IT,BE,EDUCA,RETA1,0.01,432.74,3,3,432.74,0.0,0.0,0.0,0.0,43274.0
1747825,IT,JP,REALE,LANDT,0.02,432.406,3,3,432.406,0.0,0.0,0.0,0.0,21620.3
1747819,IT,JP,REALE,DISTR,0.02,432.371,3,3,432.371,0.0,0.0,0.0,0.0,21618.55
1677553,IT,FR,REALE,SUGAR,0.02,432.308,3,3,432.308,0.0,0.0,0.0,0.0,21615.4
1672230,IT,FI,REALE,ALUM1,0.02,431.732,3,3,431.732,0.0,0.0,0.0,0.0,21586.6
1724975,IT,PT,EDUCA,CERAM,0.01,431.606,3,3,431.606,0.0,0.0,0.0,0.0,43160.6
1814913,IT,WM,PRIVA,PULP5,0.1,431.329,3,3,431.329,0.0,0.0,0.0,0.0,4313.29
1724979,IT,PT,EDUCA,TRANS,0.01,431.122,3,3,431.122,0.0,0.0,0.0,0.0,43112.2
1736755,IT,SK,REALE,93197,0.02,429.818,3,3,429.818,0.0,0.0,0.0,0.0,21490.9
1717511,IT,NL,REALE,EDUCA,0.02,429.509,3,3,429.509,0.0,0.0,0.0,0.0,21475.45
1781118,IT,TW,EDUCA,PUBLI,0.01,427.872,3,3,427.872,0.0,0.0,0.0,0.0,42787.2
1768211,IT,RU,EDUCA,BEVER,0.01,427.736,3,3,427.736,0.0,0.0,0.0,0.0,42773.6
1759519,IT,BR,REALE,93197,0.02,427.565,3,3,427.565,0.0,0.0,0.0,0.0,21378.25
1712891,IT,LV,REALE,ELEC4,0.02,426.413,3,3,426.413,0.0,0.0,0.0,0.0,21320.65
1721831,IT,PL,REALE,CERAM,0.02,426.174,3,3,426.174,0.0,0.0,0.0,0.0,21308.7
1678054,IT,FR,EDUCA,FOODW,0.01,425.589,3,3,425.589,0.0,0.0,0.0,0.0,42558.9
1730558,IT,SE,REALE,STONE,0.02,424.985,3,3,424.985,0.0,0.0,0.0,0.0,21249.25
1661103,IT,DE,EDUCA,FABRI,0.01,424.629,3,3,424.629,0.0,0.0,0.0,0.0,42462.9
1727611,IT,RO,REALE,OILHA,0.02,424.166,3,3,424.166,0.0,0.0,0.0,0.0,21208.3
1734163,IT,SI,REALE,BEVER,0.02,424.061,3,3,424.061,0.0,0.0,0.0,0.0,21203.05
1756968,IT,KR,REALE,PUBLI,0.02,423.901,3,3,423.901,0.0,0.0,0.0,0.0,21195.05
1669544,IT,ES,REALE,BIOGA,0.02,423.344,3,3,423.344,0.0,0.0,0.0,0.0,21167.2
1689937,IT,IE,REALE,OILSE,0.02,423.248,3,3,423.248,0.0,0.0,0.0,0.0,21162.4
1721846,IT,PL,REALE,FURNI,0.02,422.595,3,3,422.595,0.0,0.0,0.0,0.0,21129.75
1736707,IT,SK,REALE,TEXTI,0.02,422.293,3,3,422.293,0.0,0.0,0.0,0.0,21114.65
1792832,IT,WA,EDUCA,TOBAC,0.01,421.819,3,3,421.819,0.0,0.0,0.0,0.0,42181.9
1678051,IT,FR,EDUCA,BUSIN,0.01,421.55,3,3,421.55,0.0,0.0,0.0,0.0,42155.0
1783146,IT,NO,REALE,MOTO1,0.02,420.365,3,3,420.365,0.0,0.0,0.0,0.0,21018.25
1663447,IT,DK,REALE,CHEM1,0.02,419.728,3,3,419.728,0.0,0.0,0.0,0.0,20986.4
1717764,IT,NL,EDUCA,REALE,0.01,419.266,3,3,419.266,0.0,0.0,0.0,0.0,41926.6
1792867,IT,WA,EDUCA,DIST1,0.01,419.161,3,3,419.161,0.0,0.0,0.0,0.0,41916.1
1669526,IT,ES,REALE,CROPS,0.02,417.334,3,3,417.334,0.0,0.0,0.0,0.0,20866.7
1664746,IT,EE,REALE,PRINT,0.02,416.962,3,3,416.962,0.0,0.0,0.0,0.0,20848.1
1736719,IT,SK,REALE,COPP1,0.02,416.569,3,3,416.569,0.0,0.0,0.0,0.0,20828.45
1797570,IT,WL,EDUCA,NICKE,0.01,416.236,3,3,416.236,0.0,0.0,0.0,0.0,41623.6
1739995,IT,GB,REALE,FABRI,0.02,414.219,3,3,414.219,0.0,0.0,0.0,0.0,20710.95
1669540,IT,ES,REALE,KEROS,0.02,413.055,3,3,413.055,0.0,0.0,0.0,0.0,20652.75
1672268,IT,FI,REALE,INERT,0.02,413.038,3,3,413.038,0.0,0.0,0.0,0.0,20651.9
1740005,IT,GB,REALE,AIRTR,0.02,412.41,3,3,412.41,0.0,0.0,0.0,0.0,20620.5
1660609,IT,DE,REALE,BRICK,0.02,412.229,3,3,412.229,0.0,0.0,0.0,0.0,20611.45
1714314,IT,MT,EDUCA,DISTR,0.01,412.095,3,3,412.095,0.0,0.0,0.0,0.0,41209.5
1684452,IT,HR,REALE,REALE,0.02,411.887,3,3,411.887,0.0,0.0,0.0,0.0,20594.35
1744511,IT,US,REALE,HEAVY,0.02,411.676,3,3,411.676,0.0,0.0,0.0,0.0,20583.8
1660572,IT,DE,REALE,CEREA,0.02,410.516,3,3,410.516,0.0,0.0,0.0,0.0,20525.8
1714224,IT,MT,REALE,RUBBE,0.02,409.969,3,3,409.969,0.0,0.0,0.0,0.0,20498.45
1721820,IT,PL,REALE,PAPER,0.02,409.581,3,3,409.581,0.0,0.0,0.0,0.0,20479.05
1689953,IT,IE,REALE,MEAT1,0.02,407.231,3,3,407.231,0.0,0.0,0.0,0.0,20361.55
1802627,IT,WE,REALE,CHEM1,0.02,407.062,3,3,407.062,0.0,0.0,0.0,0.0,20353.1
1711617,IT,LU,REALE,FABRI,0.02,406.696,3,3,406.696,0.0,0.0,0.0,0.0,20334.8
1648321,IT,BE,EDUCA,MOTO1,0.01,406.388,3,3,406.388,0.0,0.0,0.0,0.0,40638.8
1724749,IT,PT,REALE,FINAN,0.02,406.263,3,3,406.263,0.0,0.0,0.0,0.0,20313.15
1807772,IT,WF,EDUCA,SUGA1,0.01,405.635,3,3,405.635,0.0,0.0,0.0,0.0,40563.5
1744505,IT,US,REALE,PULP5,0.02,404.632,3,3,404.632,0.0,0.0,0.0,0.0,20231.6
1655224,IT,CZ,EDUCA,OFFIC,0.01,404.428,3,3,404.428,0.0,0.0,0.0,0.0,40442.8
1747818,IT,JP,REALE,ELEC4,0.02,403.972,3,3,403.972,0.0,0.0,0.0,0.0,20198.6
1807487,IT,WF,REALE,REALE,0.02,403.677,3,3,403.677,0.0,0.0,0.0,0.0,20183.85
1647878,IT,BE,REALE,WOODW,0.02,403.624,3,3,403.624,0.0,0.0,0.0,0.0,20181.2
1681397,IT,GR,REALE,DISTR,0.02,403.606,3,3,403.606,0.0,0.0,0.0,0.0,20180.3
1792517,IT,WA,REALE,MEDIC,0.02,403.241,3,3,403.241,0.0,0.0,0.0,0.0,20162.05
1661107,IT,DE,EDUCA,FINAN,0.01,402.872,3,3,402.872,0.0,0.0,0.0,0.0,40287.2
1687915,IT,HU,REALE,INSUR,0.02,402.578,3,3,402.578,0.0,0.0,0.0,0.0,20128.9
1660581,IT,DE,REALE,CRUDE,0.02,401.691,3,3,401.691,0.0,0.0,0.0,0.0,20084.55
1744490,IT,US,REALE,FORES,0.02,399.392,3,3,399.392,0.0,0.0,0.0,0.0,19969.6
1721819,IT,PL,REALE,PULP5,0.02,399.209,3,3,399.209,0.0,0.0,0.0,0.0,19960.45
1734178,IT,SI,REALE,TRANS,0.02,399.164,3,3,399.164,0.0,0.0,0.0,0.0,19958.2
1672240,IT,FI,REALE,DISTR,0.02,398.784,3,3,398.784,0.0,0.0,0.0,0.0,19939.2
1672267,IT,FI,REALE,OILHA,0.02,396.37,3,3,396.37,0.0,0.0,0.0,0.0,19818.5
1756952,IT,KR,REALE,WOODW,0.02,395.279,3,3,395.279,0.0,0.0,0.0,0.0,19763.95
1660615,IT,DE,REALE,LEAD1,0.02,395.117,3,3,395.117,0.0,0.0,0.0,0.0,19755.85
1797336,IT,WL,REALE,PLAST,0.02,394.618,3,3,394.618,0.0,0.0,0.0,0.0,19730.9
1730590,IT,SE,REALE,EDUCA,0.02,394.443,3,3,394.443,0.0,0.0,0.0,0.0,19722.15
1689991,IT,IE,REALE,SECO9,0.02,394.2,3,3,394.2,0.0,0.0,0.0,0.0,19710.0
1780693,IT,TW,REALE,FISH5,0.02,393.787,3,3,393.787,0.0,0.0,0.0,0.0,19689.35
1669537,IT,ES,REALE,WOODW,0.02,392.981,3,3,392.981,0.0,0.0,0.0,0.0,19649.05
1807474,IT,WF,REALE,MOTO1,0.02,392.601,3,3,392.601,0.0,0.0,0.0,0.0,19630.05
1664748,IT,EE,REALE,POSTT,0.02,392.28,3,3,392.28,0.0,0.0,0.0,0.0,19614.0
1736704,IT,SK,REALE,DAIRY,0.02,390.574,3,3,390.574,0.0,0.0,0.0,0.0,19528.7
1783159,IT,NO,REALE,COMPU,0.02,390.365,3,3,390.365,0.0,0.0,0.0,0.0,19518.25
1661202,IT,DE,PRIVA,CROPS,0.09,390.303,3,3,390.303,0.0,0.0,0.0,0.0,4336.7
1798118,IT,WL,PRIVA,BEVER,0.09,389.708,3,3,389.708,0.0,0.0,0.0,0.0,4330.088889
1655008,IT,CZ,REALE,LUBRI,0.02,388.897,3,3,388.897,0.0,0.0,0.0,0.0,19444.85
1660604,IT,DE,REALE,BIOGA,0.02,388.389,3,3,388.389,0.0,0.0,0.0,0.0,19419.45
1744494,IT,US,REALE,MEATC,0.02,387.784,3,3,387.784,0.0,0.0,0.0,0.0,19389.2
1655031,IT,CZ,REALE,RAILW,0.02,386.699,3,3,386.699,0.0,0.0,0.0,0.0,19334.95
1802633,IT,WE,REALE,SUPPO,0.02,385.954,3,3,385.954,0.0,0.0,0.0,0.0,19297.7
1672248,IT,FI,REALE,RAILW,0.02,385.543,3,3,385.543,0.0,0.0,0.0,0.0,19277.15
1727566,IT,RO,REALE,BRICK,0.02,384.875,3,3,384.875,0.0,0.0,0.0,0.0,19243.75
1734198,IT,SI,REALE,AUXIL,0.02,383.634,3,3,383.634,0.0,0.0,0.0,0.0,19181.7
1687872,IT,HU,REALE,CHEMI,0.02,382.894,3,3,382.894,0.0,0.0,0.0,0.0,19144.7
1783142,IT,NO,REALE,COPP1,0.02,382.841,3,3,382.841,0.0,0.0,0.0,0.0,19142.05
1669530,IT,ES,REALE,MEATP,0.02,382.597,3,3,382.597,0.0,0.0,0.0,0.0,19129.85
1792516,IT,WA,REALE,RADIO,0.02,381.916,3,3,381.916,0.0,0.0,0.0,0.0,19095.8
1759494,IT,BR,REALE,FOOD5,0.02,381.478,3,3,381.478,0.0,0.0,0.0,0.0,19073.9
1669561,IT,ES,REALE,ELEC4,0.02,380.626,3,3,380.626,0.0,0.0,0.0,0.0,19031.3
1779440,IT,TR,REALE,SEACO,0.02,380.295,3,3,380.295,0.0,0.0,0.0,0.0,19014.75
1660582,IT,DE,REALE,NATUR,0.02,378.87,3,3,378.87,0.0,0.0,0.0,0.0,18943.5
1655040,IT,CZ,REALE,EDUCA,0.02,378.149,3,3,378.149,0.0,0.0,0.0,0.0,18907.45
1730597,IT,SE,REALE,FOOD2,0.02,377.874,3,3,377.874,0.0,0.0,0.0,0.0,18893.7
1721817,IT,PL,REALE,LEATH,0.02,377.739,3,3,377.739,0.0,0.0,0.0,0.0,18886.95
1681394,IT,GR,REALE,ELEC4,0.02,376.729,3,3,376.729,0.0,0.0,0.0,0.0,18836.45
1744523,IT,US,REALE,BRICK,0.02,376.692,3,3,376.692,0.0,0.0,0.0,0.0,18834.6
1660571,IT,DE,REALE,WHEAT,0.02,376.23,3,3,376.23,0.0,0.0,0.0,0.0,18811.5
1780707,IT,TW,REALE,LUBRI,0.02,375.954,3,3,375.954,0.0,0.0,0.0,0.0,18797.7
1684456,IT,HR,REALE,RECRE,0.02,373.84,3,3,373.84,0.0,0.0,0.0,0.0,18692.0
1787054,IT,ZA,REALE,BUSIN,0.02,373.812,3,3,373.812,0.0,0.0,0.0,0.0,18690.6
1727565,IT,RO,REALE,CERAM,0.02,373.716,3,3,373.716,0.0,0.0,0.0,0.0,18685.8
1736727,IT,SK,REALE,ELEC3,0.02,372.911,3,3,372.911,0.0,0.0,0.0,0.0,18645.55
1770752,IT,AU,REALE,RETA1,0.02,371.709,3,3,371.709,0.0,0.0,0.0,0.0,18585.45
1724744,IT,PT,REALE,WHOLE,0.02,371.509,3,3,371.509,0.0,0.0,0.0,0.0,18575.45
1643883,IT,AT,REALE,NONME,0.02,370.902,3,3,370.902,0.0,0.0,0.0,0.0,18545.1
1734182,IT,SI,REALE,DIST1,0.02,370.836,3,3,370.836,0.0,0.0,0.0,0.0,18541.8
1677613,IT,FR,REALE,ELEC8,0.02,370.192,3,3,370.192,0.0,0.0,0.0,0.0,18509.6
1762617,IT,IN,REALE,FOUND,0.02,370.182,3,3,370.182,0.0,0.0,0.0,0.0,18509.1
1714251,IT,MT,REALE,93197,0.02,369.561,3,3,369.561,0.0,0.0,0.0,0.0,18478.05
1687899,IT,HU,REALE,ELEC8,0.02,368.319,3,3,368.319,0.0,0.0,0.0,0.0,18415.95
1730600,IT,SE,REALE,93197,0.02,368.318,3,3,368.318,0.0,0.0,0.0,0.0,18415.9
1677574,IT,FR,REALE,LEATH,0.02,368.165,3,3,368.165,0.0,0.0,0.0,0.0,18408.25
1721843,IT,PL,REALE,RADIO,0.02,368.013,3,3,368.013,0.0,0.0,0.0,0.0,18400.65
1808892,IT,WF,PRIVA,SALEM,0.08,367.987,3,3,367.987,0.0,0.0,0.0,0.0,4599.8375
1747808,IT,JP,REALE,PROCE,0.02,367.835,3,3,367.835,0.0,0.0,0.0,0.0,18391.75
1767903,IT,RU,REALE,COMPU,0.02,366.559,3,3,366.559,0.0,0.0,0.0,0.0,18327.95
1660574,IT,DE,REALE,CATTL,0.02,365.345,3,3,365.345,0.0,0.0,0.0,0.0,18267.25
1647877,IT,BE,REALE,TEXTI,0.02,364.761,3,3,364.761,0.0,0.0,0.0,0.0,18238.05
1672214,IT,FI,REALE,BEVER,0.02,364.263,3,3,364.263,0.0,0.0,0.0,0.0,18213.15
1643870,IT,AT,REALE,WEARI,0.02,364.055,3,3,364.055,0.0,0.0,0.0,0.0,18202.75
1730589,IT,SE,REALE,PUBLI,0.02,363.434,3,3,363.434,0.0,0.0,0.0,0.0,18171.7
1663441,IT,DK,REALE,TEXTI,0.02,363.268,3,3,363.268,0.0,0.0,0.0,0.0,18163.4
1712875,IT,LV,REALE,PLAST,0.02,361.84,3,3,361.84,0.0,0.0,0.0,0.0,18092.0
1660576,IT,DE,REALE,POULT,0.02,361.581,3,3,361.581,0.0,0.0,0.0,0.0,18079.05
1744501,IT,US,REALE,TOBAC,0.02,360.78,3,3,360.78,0.0,0.0,0.0,0.0,18039.0
1712873,IT,LV,REALE,PAPER,0.02,360.434,3,3,360.434,0.0,0.0,0.0,0.0,18021.7
1681400,IT,GR,REALE,SALEM,0.02,360.115,3,3,360.115,0.0,0.0,0.0,0.0,18005.75
1814942,IT,WM,PRIVA,ALUM1,0.08,359.578,3,3,359.578,0.0,0.0,0.0,0.0,4494.725
1727533,IT,RO,REALE,CROPS,0.02,358.431,3,3,358.431,0.0,0.0,0.0,0.0,17921.55
1783140,IT,NO,REALE,PREC1,0.02,358.256,3,3,358.256,0.0,0.0,0.0,0.0,17912.8
1643918,IT,AT,REALE,93197,0.02,358.23,3,3,358.23,0.0,0.0,0.0,0.0,17911.5
1767906,IT,RU,REALE,HEALT,0.02,358.23,3,3,358.23,0.0,0.0,0.0,0.0,17911.5
1714220,IT,MT,REALE,MEAT1,0.02,358.162,3,3,358.162,0.0,0.0,0.0,0.0,17908.1
1770751,IT,AU,REALE,WHOLE,0.02,357.294,3,3,357.294,0.0,0.0,0.0,0.0,17864.7
1730562,IT,SE,REALE,PAPER,0.02,356.013,3,3,356.013,0.0,0.0,0.0,0.0,17800.65
1647937,IT,BE,REALE,INTER,0.02,355.61,3,3,355.61,0.0,0.0,0.0,0.0,17780.5
1660591,IT,DE,REALE,WEARI,0.02,355.227,3,3,355.227,0.0,0.0,0.0,0.0,17761.35
1756954,IT,KR,REALE,RUBBE,0.01,354.74,3,3,354.74,0.0,0.0,0.0,0.0,35474.0
1744493,IT,US,REALE,NATU1,0.01,354.223,3,3,354.223,0.0,0.0,0.0,0.0,35422.3
1783135,IT,NO,REALE,CRUDE,0.01,353.949,3,3,353.949,0.0,0.0,0.0,0.0,35394.9
1744489,IT,US,REALE,RAWMI,0.01,353.698,3,3,353.698,0.0,0.0,0.0,0.0,35369.8
1721815,IT,PL,REALE,TEXTI,0.01,353.298,3,3,353.298,0.0,0.0,0.0,0.0,35329.8
1734186,IT,SI,REALE,RETAI,0.01,352.94,3,3,352.94,0.0,0.0,0.0,0.0,35294.0
1734190,IT,SI,REALE,RAILW,0.01,351.468,3,3,351.468,0.0,0.0,0.0,0.0,35146.8
1781182,IT,TW,PRIVA,REALE,0.08,351.348,3,3,351.348,0.0,0.0,0.0,0.0,4391.85
1730579,IT,SE,REALE,LANDT,0.01,350.82,3,3,350.82,0.0,0.0,0.0,0.0,35082.0
1797355,IT,WL,REALE,RENTI,0.01,350.807,3,3,350.807,0.0,0.0,0.0,0.0,35080.7
1774998,IT,CH,REALE,CHEM1,0.01,348.92,3,3,348.92,0.0,0.0,0.0,0.0,34892.0
1770750,IT,AU,REALE,CONST,0.01,348.337,3,3,348.337,0.0,0.0,0.0,0.0,34833.7
1687889,IT,HU,REALE,ALUM1,0.01,347.678,3,3,347.678,0.0,0.0,0.0,0.0,34767.8
1730573,IT,SE,REALE,STEAM,0.01,347.495,3,3,347.495,0.0,0.0,0.0,0.0,34749.5
1687878,IT,HU,REALE,PAPER,0.01,346.902,3,3,346.902,0.0,0.0,0.0,0.0,34690.2
1775017,IT,CH,REALE,EDUCA,0.01,346.876,3,3,346.876,0.0,0.0,0.0,0.0,34687.6
1672238,IT,FI,REALE,FURNI,0.01,346.575,3,3,346.575,0.0,0.0,0.0,0.0,34657.5
1689973,IT,IE,REALE,BIODI,0.01,345.669,3,3,345.669,0.0,0.0,0.0,0.0,34566.9
1727539,IT,RO,REALE,LIGNI,0.01,345.446,3,3,345.446,0.0,0.0,0.0,0.0,34544.6
1727573,IT,RO,REALE,FOUND,0.01,345.35,3,3,345.35,0.0,0.0,0.0,0.0,34535.0
1660580,IT,DE,REALE,BKBPE,0.01,344.611,3,3,344.611,0.0,0.0,0.0,0.0,34461.1
1710564,IT,LT,REALE,OFFIC,0.01,344.106,3,3,344.106,0.0,0.0,0.0,0.0,34410.6
1663453,IT,DK,REALE,FURNI,0.01,344.037,3,3,344.037,0.0,0.0,0.0,0.0,34403.7
1672231,IT,FI,REALE,COPP1,0.01,343.75,3,3,343.75,0.0,0.0,0.0,0.0,34375.0
1681388,IT,GR,REALE,PULP5,0.01,343.559,3,3,343.559,0.0,0.0,0.0,0.0,34355.9
1655016,IT,CZ,REALE,ALUM1,0.01,340.311,3,3,340.311,0.0,0.0,0.0,0.0,34031.1
1681396,IT,GR,REALE,ELEC8,0.01,340.306,3,3,340.306,0.0,0.0,0.0,0.0,34030.6
1721848,IT,PL,REALE,TRAN1,0.01,340.229,3,3,340.229,0.0,0.0,0.0,0.0,34022.9
1655026,IT,CZ,REALE,COLLE,0.01,339.982,3,3,339.982,0.0,0.0,0.0,0.0,33998.2
1647908,IT,BE,REALE,DISTR,0.01,338.692,3,3,338.692,0.0,0.0,0.0,0.0,33869.2
1793235,IT,WA,PRIVA,LEADZ,0.08,337.451,3,3,337.451,0.0,0.0,0.0,0.0,4218.1375
1780719,IT,TW,REALE,MEDIC,0.01,336.24,3,3,336.24,0.0,0.0,0.0,0.0,33624.0
1681408,IT,GR,REALE,FINAN,0.01,335.991,3,3,335.991,0.0,0.0,0.0,0.0,33599.1
1670253,IT,ES,PRIVA,RESEA,0.07,334.388,3,3,334.388,0.0,0.0,0.0,0.0,4776.971429
1727564,IT,RO,REALE,GLASS,0.01,334.33,3,3,334.33,0.0,0.0,0.0,0.0,33433.0
1808860,IT,WF,PRIVA,PULP5,0.07,334.215,3,3,334.215,0.0,0.0,0.0,0.0,4774.5
1792491,IT,WA,REALE,MEATP,0.01,332.955,3,3,332.955,0.0,0.0,0.0,0.0,33295.5
1687871,IT,HU,REALE,NATUR,0.01,332.945,3,3,332.945,0.0,0.0,0.0,0.0,33294.5
1714221,IT,MT,REALE,MEAT4,0.01,332.56,3,3,332.56,0.0,0.0,0.0,0.0,33256.0
1793215,IT,WA,PRIVA,CATTL,0.07,332.196,3,3,332.196,0.0,0.0,0.0,0.0,4745.657143
1747830,IT,JP,REALE,INSUR,0.01,331.55,3,3,331.55,0.0,0.0,0.0,0.0,33155.0
1780723,IT,TW,REALE,ELEC2,0.01,331.416,3,3,331.416,0.0,0.0,0.0,0.0,33141.6
1724751,IT,PT,REALE,COMPU,0.01,330.604,3,3,330.604,0.0,0.0,0.0,0.0,33060.4
1672227,IT,FI,REALE,GLASS,0.01,330.054,3,3,330.054,0.0,0.0,0.0,0.0,33005.4
1779398,IT,TR,REALE,MEATC,0.01,327.982,3,3,327.982,0.0,0.0,0.0,0.0,32798.2
1670243,IT,ES,PRIVA,PLAST,0.07,327.96,3,3,327.96,0.0,0.0,0.0,0.0,4685.142857
1724755,IT,PT,REALE,RECRE,0.01,326.862,3,3,326.862,0.0,0.0,0.0,0.0,32686.2
1808888,IT,WF,PRIVA,MOTO1,0.07,326.615,3,3,326.615,0.0,0.0,0.0,0.0,4665.928571
1648431,IT,BE,PRIVA,LANDT,0.07,326.378,3,3,326.378,0.0,0.0,0.0,0.0,4662.542857
1730598,IT,SE,REALE,MEMBE,0.01,326.356,3,3,326.356,0.0,0.0,0.0,0.0,32635.6
1730572,IT,SE,REALE,TRANS,0.01,326.125,3,3,326.125,0.0,0.0,0.0,0.0,32612.5
1664749,IT,EE,REALE,REALE,0.01,325.435,3,3,325.435,0.0,0.0,0.0,0.0,32543.5
1762621,IT,IN,REALE,MOTO1,0.01,324.775,3,3,324.775,0.0,0.0,0.0,0.0,32477.5
1677568,IT,FR,REALE,SUGA1,0.01,324.578,3,3,324.578,0.0,0.0,0.0,0.0,32457.8
1721814,IT,PL,REALE,FISH5,0.01,324.153,3,3,324.153,0.0,0.0,0.0,0.0,32415.3
1734161,IT,SI,REALE,STONE,0.01,322.99,3,3,322.99,0.0,0.0,0.0,0.0,32299.0
1681410,IT,GR,REALE,COMPU,0.01,322.241,3,3,322.241,0.0,0.0,0.0,0.0,32224.1
1643899,IT,AT,REALE,RETAI,0.01,322.114,3,3,322.114,0.0,0.0,0.0,0.0,32211.4
1712867,IT,LV,REALE,BEVER,0.01,321.877,3,3,321.877,0.0,0.0,0.0,0.0,32187.7
1655007,IT,CZ,REALE,NAPHT,0.01,321.255,3,3,321.255,0.0,0.0,0.0,0.0,32125.5
1721847,IT,PL,REALE,ELEC1,0.01,320.291,3,3,320.291,0.0,0.0,0.0,0.0,32029.1
1807483,IT,WF,REALE,TRAN2,0.01,319.488,3,3,319.488,0.0,0.0,0.0,0.0,31948.8
1730567,IT,SE,REALE,CEMEN,0.01,318.94,3,3,318.94,0.0,0.0,0.0,0.0,31894.0
1730565,IT,SE,REALE,CHEM1,0.01,318.846,3,3,318.846,0.0,0.0,0.0,0.0,31884.6
1734207,IT,SI,REALE,INTER,0.01,318.062,3,3,318.062,0.0,0.0,0.0,0.0,31806.2
1793313,IT,WA,PRIVA,BLAST,0.07,317.601,3,3,317.601,0.0,0.0,0.0,0.0,4537.157143
1687916,IT,HU,REALE,AUXIL,0.01,317.476,3,3,317.476,0.0,0.0,0.0,0.0,31747.6
1717500,IT,NL,REALE,RAILW,0.01,317.325,3,3,317.325,0.0,0.0,0.0,0.0,31732.5
1663460,IT,DK,REALE,TRAN2,0.01,316.867,3,3,316.867,0.0,0.0,0.0,0.0,31686.7
1724750,IT,PT,REALE,INSUR,0.01,316.682,3,3,316.682,0.0,0.0,0.0,0.0,31668.2
1681389,IT,GR,REALE,PLAST,0.01,316.538,3,3,316.538,0.0,0.0,0.0,0.0,31653.8
1647907,IT,BE,REALE,ELEC8,0.01,316.535,3,3,316.535,0.0,0.0,0.0,0.0,31653.5
1744519,IT,US,REALE,BIODI,0.01,316.534,3,3,316.534,0.0,0.0,0.0,0.0,31653.4
1689976,IT,IE,REALE,CERAM,0.01,315.958,3,3,315.958,0.0,0.0,0.0,0.0,31595.8
1724748,IT,PT,REALE,POSTT,0.01,315.855,3,3,315.855,0.0,0.0,0.0,0.0,31585.5
1798117,IT,WL,PRIVA,FOOD5,0.07,315.708,3,3,315.708,0.0,0.0,0.0,0.0,4510.114286
1802625,IT,WE,REALE,TOBAC,0.01,315.011,3,3,315.011,0.0,0.0,0.0,0.0,31501.1
1751821,IT,CN,REALE,REALE,0.01,314.238,3,3,314.238,0.0,0.0,0.0,0.0,31423.8
1808901,IT,WF,PRIVA,BUSIN,0.07,314.046,3,3,314.046,0.0,0.0,0.0,0.0,4486.371429
1814427,IT,WM,REALE,RESEA,0.01,313.977,3,3,313.977,0.0,0.0,0.0,0.0,31397.7
1655025,IT,CZ,REALE,STEAM,0.01,313.893,3,3,313.893,0.0,0.0,0.0,0.0,31389.3
1780709,IT,TW,REALE,CHEM1,0.01,313.759,3,3,313.759,0.0,0.0,0.0,0.0,31375.9
1724743,IT,PT,REALE,RETAI,0.01,313.534,3,3,313.534,0.0,0.0,0.0,0.0,31353.4
1775019,IT,CH,REALE,MEMBE,0.01,313.197,3,3,313.197,0.0,0.0,0.0,0.0,31319.7
1779411,IT,TR,REALE,LIQUE,0.01,313.159,3,3,313.159,0.0,0.0,0.0,0.0,31315.9
1670246,IT,ES,PRIVA,OFFIC,0.07,312.523,3,3,312.523,0.0,0.0,0.0,0.0,4464.614286
1797330,IT,WL,REALE,PRECI,0.01,311.952,3,3,311.952,0.0,0.0,0.0,0.0,31195.2
1717489,IT,NL,REALE,CHEM1,0.01,311.333,3,3,311.333,0.0,0.0,0.0,0.0,31133.3
1792510,IT,WA,REALE,BIOGA,0.01,311.288,3,3,311.288,0.0,0.0,0.0,0.0,31128.8
1689935,IT,IE,REALE,CEREA,0.01,310.847,3,3,310.847,0.0,0.0,0.0,0.0,31084.7
1807466,IT,WF,REALE,PADDY,0.01,309.902,3,3,309.902,0.0,0.0,0.0,0.0,30990.2
1736701,IT,SK,REALE,MEATA,0.01,308.914,3,3,308.914,0.0,0.0,0.0,0.0,30891.4
1711618,IT,LU,REALE,MACHI,0.01,308.448,3,3,308.448,0.0,0.0,0.0,0.0,30844.8
1770754,IT,AU,REALE,BUSIN,0.01,308.313,3,3,308.313,0.0,0.0,0.0,0.0,30831.3
1727618,IT,RO,REALE,WOOD2,0.01,308.302,3,3,308.302,0.0,0.0,0.0,0.0,30830.2
1734155,IT,SI,REALE,VEGET,0.01,307.902,3,3,307.902,0.0,0.0,0.0,0.0,30790.2
1797335,IT,WL,REALE,GASDI,0.01,306.898,3,3,306.898,0.0,0.0,0.0,0.0,30689.8
1651102,IT,BG,REALE,BUSIN,0.01,306.346,3,3,306.346,0.0,0.0,0.0,0.0,30634.6
1751819,IT,CN,REALE,WHOLE,0.01,305.518,3,3,305.518,0.0,0.0,0.0,0.0,30551.8
1677587,IT,FR,REALE,ADDIT,0.01,305.435,3,3,305.435,0.0,0.0,0.0,0.0,30543.5
1684438,IT,HR,REALE,PRINT,0.01,305.082,3,3,305.082,0.0,0.0,0.0,0.0,30508.2
1721854,IT,PL,REALE,RETAI,0.01,304.57,3,3,304.57,0.0,0.0,0.0,0.0,30457.0
1647879,IT,BE,REALE,PULP5,0.01,304.537,3,3,304.537,0.0,0.0,0.0,0.0,30453.7
1767885,IT,RU,REALE,NONF1,0.01,302.258,3,3,302.258,0.0,0.0,0.0,0.0,30225.8
1798133,IT,WL,PRIVA,CEMEN,0.07,302.137,3,3,302.137,0.0,0.0,0.0,0.0,4316.242857
1756965,IT,KR,REALE,FINAN,0.01,302.085,3,3,302.085,0.0,0.0,0.0,0.0,30208.5
1643916,IT,AT,REALE,MEMBE,0.01,301.895,3,3,301.895,0.0,0.0,0.0,0.0,30189.5
1775012,IT,CH,REALE,RENTI,0.01,300.564,3,3,300.564,0.0,0.0,0.0,0.0,30056.4
1797341,IT,WL,REALE,RUBBE,0.01,299.445,3,3,299.445,0.0,0.0,0.0,0.0,29944.5
1711625,IT,LU,REALE,LANDT,0.01,299.414,3,3,299.414,0.0,0.0,0.0,0.0,29941.4
1808879,IT,WF,PRIVA,NONME,0.07,298.991,3,3,298.991,0.0,0.0,0.0,0.0,4271.3
1669528,IT,ES,REALE,STONE,0.01,298.556,3,3,298.556,0.0,0.0,0.0,0.0,29855.6
1814881,IT,WM,PRIVA,OILSE,0.07,298.387,3,3,298.387,0.0,0.0,0.0,0.0,4262.671429
1783165,IT,NO,REALE,MEMBE,0.01,298.373,3,3,298.373,0.0,0.0,0.0,0.0,29837.3
1779406,IT,TR,REALE,COKEO,0.01,298.362,3,3,298.362,0.0,0.0,0.0,0.0,29836.2
1730575,IT,SE,REALE,SALEM,0.01,298.278,3,3,298.278,0.0,0.0,0.0,0.0,29827.8
1793291,IT,WA,PRIVA,COPP1,0.07,297.556,3,3,297.556,0.0,0.0,0.0,0.0,4250.8
1767893,IT,RU,REALE,COLLE,0.01,296.427,3,3,296.427,0.0,0.0,0.0,0.0,29642.7
1711620,IT,LU,REALE,SALEM,0.01,296.281,3,3,296.281,0.0,0.0,0.0,0.0,29628.1
1736709,IT,SK,REALE,LEATH,0.01,296.237,3,3,296.237,0.0,0.0,0.0,0.0,29623.7
1714226,IT,MT,REALE,MACHI,0.01,296.109,3,3,296.109,0.0,0.0,0.0,0.0,29610.9
1736752,IT,SK,REALE,INERT,0.01,296.103,3,3,296.103,0.0,0.0,0.0,0.0,29610.3
1808878,IT,WF,PRIVA,CEMEN,0.07,295.833,3,3,295.833,0.0,0.0,0.0,0.0,4226.185714
1793289,IT,WA,PRIVA,ALUM1,0.07,294.729,3,3,294.729,0.0,0.0,0.0,0.0,4210.414286
1798135,IT,WL,PRIVA,BASIC,0.07,294.687,3,3,294.687,0.0,0.0,0.0,0.0,4209.814286
1687875,IT,HU,REALE,LEATH,0.01,294.323,3,3,294.323,0.0,0.0,0.0,0.0,29432.3
1663442,IT,DK,REALE,LEATH,0.01,293.425,3,3,293.425,0.0,0.0,0.0,0.0,29342.5
1736718,IT,SK,REALE,ALUM1,0.01,293.317,3,3,293.317,0.0,0.0,0.0,0.0,29331.7
1807467,IT,WF,REALE,WHEAT,0.01,293.081,3,3,293.081,0.0,0.0,0.0,0.0,29308.1
1730560,IT,SE,REALE,TEXTI,0.01,292.593,3,3,292.593,0.0,0.0,0.0,0.0,29259.3
1711624,IT,LU,REALE,RAILW,0.01,292.221,3,3,292.221,0.0,0.0,0.0,0.0,29222.1
1802907,IT,WE,PRIVA,COKIN,0.07,291.792,3,3,291.792,0.0,0.0,0.0,0.0,4168.457143
1734179,IT,SI,REALE,FURNI,0.01,291.135,3,3,291.135,0.0,0.0,0.0,0.0,29113.5
1783155,IT,NO,REALE,SUPPO,0.01,291.02,3,3,291.02,0.0,0.0,0.0,0.0,29102.0
1655022,IT,CZ,REALE,FURNI,0.01,290.09,3,3,290.09,0.0,0.0,0.0,0.0,29009.0
1669548,IT,ES,REALE,CERAM,0.01,289.704,3,3,289.704,0.0,0.0,0.0,0.0,28970.4
1727556,IT,RO,REALE,HEAVY,0.01,289.684,3,3,289.684,0.0,0.0,0.0,0.0,28968.4
1792505,IT,WA,REALE,NAPHT,0.01,289.591,3,3,289.591,0.0,0.0,0.0,0.0,28959.1
1661207,IT,DE,PRIVA,HOTEL,0.06,289.162,3,3,289.162,0.0,0.0,0.0,0.0,4819.366667
1730564,IT,SE,REALE,PLAST,0.01,288.885,3,3,288.885,0.0,0.0,0.0,0.0,28888.5
1677597,IT,FR,REALE,PREC1,0.01,288.724,3,3,288.724,0.0,0.0,0.0,0.0,28872.4
1759518,IT,BR,REALE,RECRE,0.01,288.537,3,3,288.537,0.0,0.0,0.0,0.0,28853.7
1736730,IT,SK,REALE,COLLE,0.01,288.354,3,3,288.354,0.0,0.0,0.0,0.0,28835.4
1730583,IT,SE,REALE,FINAN,0.01,288.249,3,3,288.249,0.0,0.0,0.0,0.0,28824.9
1765102,IT,MX,REALE,PRINT,0.01,288.209,3,3,288.209,0.0,0.0,0.0,0.0,28820.9
1647917,IT,BE,REALE,RETA1,0.01,288.129,3,3,288.129,0.0,0.0,0.0,0.0,28812.9
1714374,IT,MT,PRIVA,EDUCA,0.06,286.939,3,3,286.939,0.0,0.0,0.0,0.0,4782.316667
1660623,IT,DE,REALE,RADIO,0.01,286.622,3,3,286.622,0.0,0.0,0.0,0.0,28662.2
1793266,IT,WA,PRIVA,REFI1,0.06,285.702,3,3,285.702,0.0,0.0,0.0,0.0,4761.7
1643887,IT,AT,REALE,COPP1,0.01,285.097,3,3,285.097,0.0,0.0,0.0,0.0,28509.7
1744576,IT,US,REALE,INERT,0.01,284.985,3,3,284.985,0.0,0.0,0.0,0.0,28498.5
1787052,IT,ZA,REALE,POSTT,0.01,284.889,3,3,284.889,0.0,0.0,0.0,0.0,28488.9
1684440,IT,HR,REALE,RUBBE,0.01,284.225,3,3,284.225,0.0,0.0,0.0,0.0,28422.5
1655001,IT,CZ,REALE,COALT,0.01,280.908,3,3,280.908,0.0,0.0,0.0,0.0,28090.8
1767882,IT,RU,REALE,CRUDE,0.01,280.873,3,3,280.873,0.0,0.0,0.0,0.0,28087.3
1734180,IT,SI,REALE,SECO9,0.01,280.171,3,3,280.171,0.0,0.0,0.0,0.0,28017.1
1714248,IT,MT,REALE,EDUCA,0.01,279.19,3,3,279.19,0.0,0.0,0.0,0.0,27919.0
1798130,IT,WL,PRIVA,GLASS,0.06,278.449,3,3,278.449,0.0,0.0,0.0,0.0,4640.816667
1787056,IT,ZA,REALE,HEALT,0.01,277.104,3,3,277.104,0.0,0.0,0.0,0.0,27710.4
1792520,IT,WA,REALE,DIST1,0.01,276.872,3,3,276.872,0.0,0.0,0.0,0.0,27687.2
1754382,IT,CA,REALE,REALE,0.01,276.826,3,3,276.826,0.0,0.0,0.0,0.0,27682.6
1798115,IT,WL,PRIVA,VEGE1,0.06,276.819,3,3,276.819,0.0,0.0,0.0,0.0,4613.65
1775006,IT,CH,REALE,SEACO,0.01,276.429,3,3,276.429,0.0,0.0,0.0,0.0,27642.9
1714218,IT,MT,REALE,VEGET,0.01,276.044,3,3,276.044,0.0,0.0,0.0,0.0,27604.4
1756957,IT,KR,REALE,MEDIC,0.01,275.458,3,3,275.458,0.0,0.0,0.0,0.0,27545.8
1808859,IT,WF,PRIVA,WOODW,0.06,274.894,3,3,274.894,0.0,0.0,0.0,0.0,4581.566667
1687881,IT,HU,REALE,KEROS,0.01,274.768,3,3,274.768,0.0,0.0,0.0,0.0,27476.8
1740008,IT,GB,REALE,FINAN,0.01,274.637,3,3,274.637,0.0,0.0,0.0,0.0,27463.7
1793222,IT,WA,PRIVA,COKIN,0.06,273.101,3,3,273.101,0.0,0.0,0.0,0.0,4551.683333
1672218,IT,FI,REALE,PULP5,0.01,272.511,3,3,272.511,0.0,0.0,0.0,0.0,27251.1
1687894,IT,HU,REALE,RADIO,0.01,271.954,3,3,271.954,0.0,0.0,0.0,0.0,27195.4
1744514,IT,US,REALE,BITU1,0.01,271.902,3,3,271.902,0.0,0.0,0.0,0.0,27190.2
1779393,IT,TR,REALE,FORES,0.01,271.844,3,3,271.844,0.0,0.0,0.0,0.0,27184.4
1793219,IT,WA,PRIVA,WOOLS,0.06,270.414,3,3,270.414,0.0,0.0,0.0,0.0,4506.9
1711627,IT,LU,REALE,SUPPO,0.01,270.389,3,3,270.389,0.0,0.0,0.0,0.0,27038.9
1744498,IT,US,REALE,PROCE,0.01,269.387,3,3,269.387,0.0,0.0,0.0,0.0,26938.7
1669527,IT,ES,REALE,NICKE,0.01,269.336,3,3,269.336,0.0,0.0,0.0,0.0,26933.6
1643889,IT,AT,REALE,FOUND,0.01,268.895,3,3,268.895,0.0,0.0,0.0,0.0,26889.5
1712910,IT,LV,REALE,INSUR,0.01,268.692,3,3,268.692,0.0,0.0,0.0,0.0,26869.2
1802624,IT,WE,REALE,FORES,0.01,268.49,3,3,268.49,0.0,0.0,0.0,0.0,26849.0
1669529,IT,ES,REALE,SANDC,0.01,268.38,3,3,268.38,0.0,0.0,0.0,0.0,26838.0
1711613,IT,LU,REALE,MEATP,0.01,268.242,3,3,268.242,0.0,0.0,0.0,0.0,26824.2
1814895,IT,WM,PRIVA,STONE,0.06,267.47,3,3,267.47,0.0,0.0,0.0,0.0,4457.833333
1687897,IT,HU,REALE,FURNI,0.01,267.28,3,3,267.28,0.0,0.0,0.0,0.0,26728.0
1660613,IT,DE,REALE,PREC1,0.01,266.601,3,3,266.601,0.0,0.0,0.0,0.0,26660.1
1808891,IT,WF,PRIVA,CONST,0.06,266.495,3,3,266.495,0.0,0.0,0.0,0.0,4441.583333
1787055,IT,ZA,REALE,EDUCA,0.01,266.431,3,3,266.431,0.0,0.0,0.0,0.0,26643.1
1655024,IT,CZ,REALE,DIST1,0.01,264.602,3,3,264.602,0.0,0.0,0.0,0.0,26460.2
1793309,IT,WA,PRIVA,ELEC7,0.06,264.515,3,3,264.515,0.0,0.0,0.0,0.0,4408.583333
1814405,IT,WM,REALE,BEVER,0.01,263.867,3,3,263.867,0.0,0.0,0.0,0.0,26386.7
1814414,IT,WM,REALE,COLLE,0.01,263.417,3,3,263.417,0.0,0.0,0.0,0.0,26341.7
1756964,IT,KR,REALE,POSTT,0.01,263.268,3,3,263.268,0.0,0.0,0.0,0.0,26326.8
1792485,IT,WA,REALE,FORES,0.01,262.782,3,3,262.782,0.0,0.0,0.0,0.0,26278.2
1660578,IT,DE,REALE,BITUM,0.01,262.154,3,3,262.154,0.0,0.0,0.0,0.0,26215.4
1677583,IT,FR,REALE,NAPHT,0.01,262.071,3,3,262.071,0.0,0.0,0.0,0.0,26207.1
1712858,IT,LV,REALE,CROPS,0.01,261.917,3,3,261.917,0.0,0.0,0.0,0.0,26191.7
1689983,IT,IE,REALE,COPP1,0.01,261.858,3,3,261.858,0.0,0.0,0.0,0.0,26185.8
1717504,IT,NL,REALE,AUXIL,0.01,261.306,3,3,261.306,0.0,0.0,0.0,0.0,26130.6
1672250,IT,FI,REALE,TRAN2,0.01,260.799,3,3,260.799,0.0,0.0,0.0,0.0,26079.9
1643881,IT,AT,REALE,CERAM,0.01,260.33,3,3,260.33,0.0,0.0,0.0,0.0,26033.0
1724742,IT,PT,REALE,SALEM,0.01,260.205,3,3,260.205,0.0,0.0,0.0,0.0,26020.5
1684451,IT,HR,REALE,SUPPO,0.01,259.631,3,3,259.631,0.0,0.0,0.0,0.0,25963.1
1677649,IT,FR,REALE,FOOD1,0.01,259.493,3,3,259.493,0.0,0.0,0.0,0.0,25949.3
1687893,IT,HU,REALE,ELECT,0.01,258.453,3,3,258.453,0.0,0.0,0.0,0.0,25845.3
1711614,IT,LU,REALE,TOBAC,0.01,258.302,3,3,258.302,0.0,0.0,0.0,0.0,25830.2
1747831,IT,JP,REALE,AUXIL,0.01,258.179,3,3,258.179,0.0,0.0,0.0,0.0,25817.9
1736702,IT,SK,REALE,ANIMA,0.01,258.02,3,3,258.02,0.0,0.0,0.0,0.0,25802.0
1739993,IT,GB,REALE,CHEM1,0.01,257.282,3,3,257.282,0.0,0.0,0.0,0.0,25728.2
1744547,IT,US,REALE,DIST1,0.01,256.672,3,3,256.672,0.0,0.0,0.0,0.0,25667.2
1793262,IT,WA,PRIVA,KERO1,0.06,256.333,3,3,256.333,0.0,0.0,0.0,0.0,4272.216667
1712881,IT,LV,REALE,NONME,0.01,256.286,3,3,256.286,0.0,0.0,0.0,0.0,25628.6
1727617,IT,RO,REALE,TEXT2,0.01,256.279,3,3,256.279,0.0,0.0,0.0,0.0,25627.9
1780722,IT,TW,REALE,ELEC1,0.01,256.111,3,3,256.111,0.0,0.0,0.0,0.0,25611.1
1734193,IT,SI,REALE,AIRTR,0.01,255.989,3,3,255.989,0.0,0.0,0.0,0.0,25598.9
1747811,IT,JP,REALE,RUBBE,0.01,255.693,3,3,255.693,0.0,0.0,0.0,0.0,25569.3
1798151,IT,WL,PRIVA,RESEA,0.06,255.596,3,3,255.596,0.0,0.0,0.0,0.0,4259.933333
1710567,IT,LT,REALE,BUSIN,0.01,254.754,3,3,254.754,0.0,0.0,0.0,0.0,25475.4
1793273,IT,WA,PRIVA,NUCLE,0.06,254.728,3,3,254.728,0.0,0.0,0.0,0.0,4245.466667
1814928,IT,WM,PRIVA,BITU1,0.06,254.313,3,3,254.313,0.0,0.0,0.0,0.0,4238.55
1687910,IT,HU,REALE,INLAN,0.01,253.805,3,3,253.805,0.0,0.0,0.0,0.0,25380.5
1792514,IT,WA,REALE,MACHI,0.01,253.594,3,3,253.594,0.0,0.0,0.0,0.0,25359.4
1779423,IT,TR,REALE,NONF1,0.01,253.459,3,3,253.459,0.0,0.0,0.0,0.0,25345.9
1783154,IT,NO,REALE,TRAN2,0.01,253.158,3,3,253.158,0.0,0.0,0.0,0.0,25315.8
1779419,IT,TR,REALE,CEMEN,0.01,253.097,3,3,253.097,0.0,0.0,0.0,0.0,25309.7
1798137,IT,WL,PRIVA,ALUM1,0.06,252.542,3,3,252.542,0.0,0.0,0.0,0.0,4209.033333
1797349,IT,WL,REALE,LANDT,0.01,252.451,3,3,252.451,0.0,0.0,0.0,0.0,25245.1
1727534,IT,RO,REALE,PIGS9,0.01,252.112,3,3,252.112,0.0,0.0,0.0,0.0,25211.2
1684441,IT,HR,REALE,CEMEN,0.01,252.03,3,3,252.03,0.0,0.0,0.0,0.0,25203.0
1793343,IT,WA,PRIVA,FOOD3,0.06,251.752,3,3,251.752,0.0,0.0,0.0,0.0,4195.866667
1814886,IT,WM,PRIVA,POULT,0.06,251.314,3,3,251.314,0.0,0.0,0.0,0.0,4188.566667
1711615,IT,LU,REALE,PRINT,0.01,251.245,3,3,251.245,0.0,0.0,0.0,0.0,25124.5
1677656,IT,FR,REALE,PLAS2,0.01,250.649,3,3,250.649,0.0,0.0,0.0,0.0,25064.9
1721851,IT,PL,REALE,COLLE,0.01,250.354,3,3,250.354,0.0,0.0,0.0,0.0,25035.4
1669589,IT,ES,REALE,INERT,0.01,250.275,3,3,250.275,0.0,0.0,0.0,0.0,25027.5
1779427,IT,TR,REALE,MEDIC,0.01,250.118,3,3,250.118,0.0,0.0,0.0,0.0,25011.8
1793234,IT,WA,PRIVA,PRECI,0.06,249.456,3,3,249.456,0.0,0.0,0.0,0.0,4157.6
1744572,IT,US,REALE,PLAS1,0.01,249.275,3,3,249.275,0.0,0.0,0.0,0.0,24927.5
1687869,IT,HU,REALE,CEREA,0.01,248.98,3,3,248.98,0.0,0.0,0.0,0.0,24898.0
1783138,IT,NO,REALE,PRINT,0.01,248.724,3,3,248.724,0.0,0.0,0.0,0.0,24872.4
1647875,IT,BE,REALE,FISH5,0.01,248.405,3,3,248.405,0.0,0.0,0.0,0.0,24840.5
1712857,IT,LV,REALE,OILSE,0.01,248.232,3,3,248.232,0.0,0.0,0.0,0.0,24823.2
1712883,IT,LV,REALE,COPP1,0.01,247.669,3,3,247.669,0.0,0.0,0.0,0.0,24766.9
1779422,IT,TR,REALE,ALUM1,0.01,247.664,3,3,247.664,0.0,0.0,0.0,0.0,24766.4
1787050,IT,ZA,REALE,WHOLE,0.01,247.281,3,3,247.281,0.0,0.0,0.0,0.0,24728.1
1798134,IT,WL,PRIVA,NONME,0.06,247.26,3,3,247.26,0.0,0.0,0.0,0.0,4121.0
1798131,IT,WL,PRIVA,CERAM,0.06,246.625,3,3,246.625,0.0,0.0,0.0,0.0,4110.416667
1724740,IT,PT,REALE,WOODW,0.01,246.395,3,3,246.395,0.0,0.0,0.0,0.0,24639.5
1807472,IT,WF,REALE,CATTL,0.01,245.828,3,3,245.828,0.0,0.0,0.0,0.0,24582.8
1669555,IT,ES,REALE,ELECT,0.01,245.445,3,3,245.445,0.0,0.0,0.0,0.0,24544.5
1793270,IT,WA,PRIVA,LUBRI,0.05,245.274,3,3,245.274,0.0,0.0,0.0,0.0,4905.48
1798121,IT,WL,PRIVA,PULP5,0.05,245.044,3,3,245.044,0.0,0.0,0.0,0.0,4900.88
1797333,IT,WL,REALE,TEXTI,0.01,245.026,3,3,245.026,0.0,0.0,0.0,0.0,24502.6
1767901,IT,RU,REALE,FINAN,0.01,243.538,3,3,243.538,0.0,0.0,0.0,0.0,24353.8
1717503,IT,NL,REALE,FINAN,0.01,242.697,3,3,242.697,0.0,0.0,0.0,0.0,24269.7
1687908,IT,HU,REALE,RAILW,0.01,242.239,3,3,242.239,0.0,0.0,0.0,0.0,24223.9
1717485,IT,NL,REALE,LEATH,0.01,242.107,3,3,242.107,0.0,0.0,0.0,0.0,24210.7
1762615,IT,IN,REALE,PREC1,0.01,241.907,3,3,241.907,0.0,0.0,0.0,0.0,24190.7
1664750,IT,EE,REALE,COMPU,0.01,241.17,3,3,241.17,0.0,0.0,0.0,0.0,24117.0
1734181,IT,SI,REALE,ELEC4,0.01,240.736,3,3,240.736,0.0,0.0,0.0,0.0,24073.6
1797331,IT,WL,REALE,BEVER,0.01,240.58,3,3,240.58,0.0,0.0,0.0,0.0,24058.0
1748324,IT,JP,PRIVA,RENTI,0.05,240.503,3,3,240.503,0.0,0.0,0.0,0.0,4810.06
1672208,IT,FI,REALE,PIGS9,0.01,240.333,3,3,240.333,0.0,0.0,0.0,0.0,24033.3
1759497,IT,BR,REALE,PLAST,0.01,240.229,3,3,240.229,0.0,0.0,0.0,0.0,24022.9
1807475,IT,WF,REALE,TRANS,0.01,240.139,3,3,240.139,0.0,0.0,0.0,0.0,24013.9
1740003,IT,GB,REALE,RAILW,0.01,240.005,3,3,240.005,0.0,0.0,0.0,0.0,24000.5
1783156,IT,NO,REALE,POSTT,0.01,239.954,3,3,239.954,0.0,0.0,0.0,0.0,23995.4
1779396,IT,TR,REALE,HYDRO,0.01,239.774,3,3,239.774,0.0,0.0,0.0,0.0,23977.4
1651101,IT,BG,REALE,CONST,0.01,239.615,3,3,239.615,0.0,0.0,0.0,0.0,23961.5
1730559,IT,SE,REALE,DAIRY,0.01,239.609,3,3,239.609,0.0,0.0,0.0,0.0,23960.9
1660667,IT,DE,REALE,FOOD1,0.01,239.429,3,3,239.429,0.0,0.0,0.0,0.0,23942.9
1647870,IT,BE,REALE,CROPS,0.01,239.352,3,3,239.352,0.0,0.0,0.0,0.0,23935.2
1762626,IT,IN,REALE,SUPPO,0.01,239.319,3,3,239.319,0.0,0.0,0.0,0.0,23931.9
1647874,IT,BE,REALE,BEVER,0.01,239.117,3,3,239.117,0.0,0.0,0.0,0.0,23911.7
1736712,IT,SK,REALE,PAPER,0.01,238.839,3,3,238.839,0.0,0.0,0.0,0.0,23883.9
1687900,IT,HU,REALE,DISTR,0.01,238.759,3,3,238.759,0.0,0.0,0.0,0.0,23875.9
1712859,IT,LV,REALE,PIGS9,0.01,238.702,3,3,238.702,0.0,0.0,0.0,0.0,23870.2
1660671,IT,DE,REALE,INERT,0.01,238.59,3,3,238.59,0.0,0.0,0.0,0.0,23859.0
1724739,IT,PT,REALE,BEVER,0.01,238.589,3,3,238.589,0.0,0.0,0.0,0.0,23858.9
1677566,IT,FR,REALE,MEATP,0.01,238.079,3,3,238.079,0.0,0.0,0.0,0.0,23807.9
1756963,IT,KR,REALE,SUPPO,0.01,237.524,3,3,237.524,0.0,0.0,0.0,0.0,23752.4
1669525,IT,ES,REALE,PADDY,0.01,236.799,3,3,236.799,0.0,0.0,0.0,0.0,23679.9
1793271,IT,WA,PRIVA,BITU1,0.05,235.914,3,3,235.914,0.0,0.0,0.0,0.0,4718.28
1814927,IT,WM,PRIVA,LUBRI,0.05,216.794,3,3,216.794,0.0,0.0,0.0,0.0,4335.88
1802909,IT,WE,PRIVA,LIGNI,0.05,216.206,3,3,216.206,0.0,0.0,0.0,0.0,4324.12
1808839,IT,WF,PRIVA,CRUDE,0.05,210.302,3,3,210.302,0.0,0.0,0.0,0.0,4206.04
1793225,IT,WA,PRIVA,LIGNI,0.05,207.765,3,3,207.765,0.0,0.0,0.0,0.0,4155.3
1808852,IT,WF,PRIVA,DAIRY,0.05,205.024,3,3,205.024,0.0,0.0,0.0,0.0,4100.48
1808886,IT,WF,PRIVA,ELECT,0.04,198.562,3,3,198.562,0.0,0.0,0.0,0.0,4964.05
1793344,IT,WA,PRIVA,WASTE,0.04,198.005,3,3,198.005,0.0,0.0,0.0,0.0,4950.125
1798111,IT,WL,PRIVA,ANIMA,0.04,197.503,3,3,197.503,0.0,0.0,0.0,0.0,4937.575
1648427,IT,BE,PRIVA,DIST1,0.04,195.862,3,3,195.862,0.0,0.0,0.0,0.0,4896.55
1798132,IT,WL,PRIVA,BRICK,0.04,188.834,3,3,188.834,0.0,0.0,0.0,0.0,4720.85
1648415,IT,BE,PRIVA,REFIN,0.04,186.324,3,3,186.324,0.0,0.0,0.0,0.0,4658.1
1814888,IT,WM,PRIVA,FISHF,0.04,183.763,3,3,183.763,0.0,0.0,0.0,0.0,4594.075
1672509,IT,FI,PRIVA,WHOLE,0.04,178.297,3,3,178.297,0.0,0.0,0.0,0.0,4457.425
1808850,IT,WF,PRIVA,MEAT4,0.04,178.218,3,3,178.218,0.0,0.0,0.0,0.0,4455.45
1748320,IT,JP,PRIVA,WHOLE,0.04,175.307,3,3,175.307,0.0,0.0,0.0,0.0,4382.675
1808876,IT,WF,PRIVA,GLASS,0.04,172.105,3,3,172.105,0.0,0.0,0.0,0.0,4302.625
1802916,IT,WE,PRIVA,REALE,0.04,168.325,3,3,168.325,0.0,0.0,0.0,0.0,4208.125
1651979,IT,CY,PRIVA,COLLE,0.04,166.309,3,3,166.309,0.0,0.0,0.0,0.0,4157.725
1814904,IT,WM,PRIVA,SUGA1,0.04,162.733,3,3,162.733,0.0,0.0,0.0,0.0,4068.325
1670251,IT,ES,PRIVA,CONST,0.04,161.984,3,3,161.984,0.0,0.0,0.0,0.0,4049.6
1651981,IT,CY,PRIVA,RECRE,0.04,160.934,3,3,160.934,0.0,0.0,0.0,0.0,4023.35
1648420,IT,BE,PRIVA,PETRO,0.04,160.896,3,3,160.896,0.0,0.0,0.0,0.0,4022.4
1814949,IT,WM,PRIVA,RADIO,0.04,158.72,3,3,158.72,0.0,0.0,0.0,0.0,3968.0
1798140,IT,WL,PRIVA,FOUND,0.04,157.934,3,3,157.934,0.0,0.0,0.0,0.0,3948.35
1798153,IT,WL,PRIVA,93197,0.03,152.935,3,3,152.935,0.0,0.0,0.0,0.0,5097.833333
1814885,IT,WM,PRIVA,PIGS9,0.03,152.17,3,3,152.17,0.0,0.0,0.0,0.0,5072.333333
1798141,IT,WL,PRIVA,FABRI,0.03,148.657,3,3,148.657,0.0,0.0,0.0,0.0,4955.233333
1798138,IT,WL,PRIVA,LEAD1,0.03,148.112,3,3,148.112,0.0,0.0,0.0,0.0,4937.066667
1798139,IT,WL,PRIVA,NONF1,0.03,147.327,3,3,147.327,0.0,0.0,0.0,0.0,4910.9
1648409,IT,BE,PRIVA,COALT,0.03,146.073,3,3,146.073,0.0,0.0,0.0,0.0,4869.1
1808883,IT,WF,PRIVA,NONF1,0.03,143.153,3,3,143.153,0.0,0.0,0.0,0.0,4771.766667
1748323,IT,JP,PRIVA,REALE,0.03,143.121,3,3,143.121,0.0,0.0,0.0,0.0,4770.7
1648432,IT,BE,PRIVA,SEACO,0.03,140.06,3,3,140.06,0.0,0.0,0.0,0.0,4668.666667
1651977,IT,CY,PRIVA,FABRI,0.03,139.613,3,3,139.613,0.0,0.0,0.0,0.0,4653.766667
1798147,IT,WL,PRIVA,RAILW,0.03,138.992,3,3,138.992,0.0,0.0,0.0,0.0,4633.066667
1714369,IT,MT,PRIVA,REALE,0.03,130.213,3,3,130.213,0.0,0.0,0.0,0.0,4340.433333
1651976,IT,CY,PRIVA,CROPS,0.03,129.117,3,3,129.117,0.0,0.0,0.0,0.0,4303.9
1798149,IT,WL,PRIVA,REALE,0.03,128.092,3,3,128.092,0.0,0.0,0.0,0.0,4269.733333
1793230,IT,WA,PRIVA,IRONO,0.03,126.585,3,3,126.585,0.0,0.0,0.0,0.0,4219.5
1808895,IT,WF,PRIVA,HOTEL,0.03,124.446,3,3,124.446,0.0,0.0,0.0,0.0,4148.2
1808889,IT,WF,PRIVA,TRANS,0.03,122.08,3,3,122.08,0.0,0.0,0.0,0.0,4069.333333
1798152,IT,WL,PRIVA,BUSIN,0.03,119.097,3,3,119.097,0.0,0.0,0.0,0.0,3969.9
1808862,IT,WF,PRIVA,PRINT,0.03,116.124,3,3,116.124,0.0,0.0,0.0,0.0,3870.8
1798123,IT,WL,PRIVA,COALT,0.03,115.755,3,3,115.755,0.0,0.0,0.0,0.0,3858.5
1661205,IT,DE,PRIVA,MOTO1,0.03,114.691,3,3,114.691,0.0,0.0,0.0,0.0,3823.033333
1648433,IT,BE,PRIVA,SUPPO,0.03,113.214,3,3,113.214,0.0,0.0,0.0,0.0,3773.8
1793314,IT,WA,PRIVA,OXYGE,0.03,112.552,3,3,112.552,0.0,0.0,0.0,0.0,3751.733333
1808903,IT,WF,PRIVA,PRIVA,0.03,112.468,3,3,112.468,0.0,0.0,0.0,0.0,3748.933333
1814941,IT,WM,PRIVA,BASIC,0.02,110.496,3,3,110.496,0.0,0.0,0.0,0.0,5524.8
1808877,IT,WF,PRIVA,CERAM,0.02,110.109,3,3,110.109,0.0,0.0,0.0,0.0,5505.45
1814892,IT,WM,PRIVA,HYDRO,0.02,109.511,3,3,109.511,0.0,0.0,0.0,0.0,5475.55
1808874,IT,WF,PRIVA,BIOGA,0.02,108.279,3,3,108.279,0.0,0.0,0.0,0.0,5413.95
1793272,IT,WA,PRIVA,NONSP,0.02,107.304,3,3,107.304,0.0,0.0,0.0,0.0,5365.2
1648435,IT,BE,PRIVA,RESEA,0.02,106.614,3,3,106.614,0.0,0.0,0.0,0.0,5330.7
1648430,IT,BE,PRIVA,RAILW,0.02,105.932,3,3,105.932,0.0,0.0,0.0,0.0,5296.6
1798154,IT,WL,PRIVA,PRIVA,0.02,105.421,3,3,105.421,0.0,0.0,0.0,0.0,5271.05
1793218,IT,WA,PRIVA,RAWMI,0.02,105.294,3,3,105.294,0.0,0.0,0.0,0.0,5264.7
1781183,IT,TW,PRIVA,PRIVA,0.02,104.901,3,3,104.901,0.0,0.0,0.0,0.0,5245.05
1808898,IT,WF,PRIVA,REALE,0.02,104.437,3,3,104.437,0.0,0.0,0.0,0.0,5221.85
1814926,IT,WM,PRIVA,WHITE,0.02,104.057,3,3,104.057,0.0,0.0,0.0,0.0,5202.85
1793224,IT,WA,PRIVA,SUBBI,0.02,103.05,3,3,103.05,0.0,0.0,0.0,0.0,5152.5
1814929,IT,WM,PRIVA,NONSP,0.02,101.93,3,3,101.93,0.0,0.0,0.0,0.0,5096.5
1798150,IT,WL,PRIVA,COMPU,0.02,99.714,3,3,99.714,0.0,0.0,0.0,0.0,4985.7
1802914,IT,WE,PRIVA,CHEM1,0.02,97.968,3,3,97.968,0.0,0.0,0.0,0.0,4898.4
1648428,IT,BE,PRIVA,STEAM,0.02,91.56,3,3,91.56,0.0,0.0,0.0,0.0,4578.0
1648423,IT,BE,PRIVA,PFERT,0.02,90.757,3,3,90.757,0.0,0.0,0.0,0.0,4537.85
1672505,IT,FI,PRIVA,ELEC8,0.02,90.153,3,3,90.153,0.0,0.0,0.0,0.0,4507.65
1814894,IT,WM,PRIVA,NONFE,0.02,89.598,3,3,89.598,0.0,0.0,0.0,0.0,4479.9
1814960,IT,WM,PRIVA,BLAST,0.02,89.549,3,3,89.549,0.0,0.0,0.0,0.0,4477.45
1814963,IT,WM,PRIVA,COLLE,0.02,89.145,3,3,89.145,0.0,0.0,0.0,0.0,4457.25
1672507,IT,FI,PRIVA,STEAM,0.02,83.595,3,3,83.595,0.0,0.0,0.0,0.0,4179.75
1798148,IT,WL,PRIVA,SUPPO,0.02,83.543,3,3,83.543,0.0,0.0,0.0,0.0,4177.15
1793267,IT,WA,PRIVA,ETHAN,0.02,81.547,3,3,81.547,0.0,0.0,0.0,0.0,4077.35
1808899,IT,WF,PRIVA,COMPU,0.02,79.787,2,2,79.787,0.0,0.0,0.0,0.0,3989.35
1661209,IT,DE,PRIVA,RESEA,0.02,78.947,2,2,78.947,0.0,0.0,0.0,0.0,3947.35
1814921,IT,WM,PRIVA,REFIN,0.02,78.819,2,2,78.819,0.0,0.0,0.0,0.0,3940.95
1814911,IT,WM,PRIVA,LEATH,0.02,78.6,2,2,78.6,0.0,0.0,0.0,0.0,3930.0
1798120,IT,WL,PRIVA,LEATH,0.02,78.095,2,2,78.095,0.0,0.0,0.0,0.0,3904.75
1661208,IT,DE,PRIVA,RENTI,0.02,77.718,2,2,77.718,0.0,0.0,0.0,0.0,3885.9
1808902,IT,WF,PRIVA,93197,0.02,76.857,2,2,76.857,0.0,0.0,0.0,0.0,3842.85
1745168,IT,US,PRIVA,FISHF,0.02,72.539,2,2,72.539,0.0,0.0,0.0,0.0,3626.95
1798119,IT,WL,PRIVA,WEARI,0.02,67.832,2,2,67.832,0.0,0.0,0.0,0.0,3391.6
1670244,IT,ES,PRIVA,PFERT,0.02,67.627,2,2,67.627,0.0,0.0,0.0,0.0,3381.35
1798116,IT,WL,PRIVA,SUGA1,0.02,67.572,2,2,67.572,0.0,0.0,0.0,0.0,3378.6
1798112,IT,WL,PRIVA,WOOLS,0.02,67.289,2,2,67.289,0.0,0.0,0.0,0.0,3364.45
1672504,IT,FI,PRIVA,ELEC6,0.01,66.128,2,2,66.128,0.0,0.0,0.0,0.0,6612.8
1808840,IT,WF,PRIVA,NATUR,0.01,64.84,2,2,64.84,0.0,0.0,0.0,0.0,6484.0
1814959,IT,WM,PRIVA,COKE1,0.01,64.383,2,2,64.383,0.0,0.0,0.0,0.0,6438.3
1793216,IT,WA,PRIVA,MEATA,0.01,63.565,2,2,63.565,0.0,0.0,0.0,0.0,6356.5
1793229,IT,WA,PRIVA,HYDRO,0.01,63.208,2,2,63.208,0.0,0.0,0.0,0.0,6320.8
1802915,IT,WE,PRIVA,FABRI,0.01,62.226,2,2,62.226,0.0,0.0,0.0,0.0,6222.6
1798136,IT,WL,PRIVA,PREC1,0.01,61.709,2,2,61.709,0.0,0.0,0.0,0.0,6170.9
1714372,IT,MT,PRIVA,RESEA,0.01,59.522,2,2,59.522,0.0,0.0,0.0,0.0,5952.2
1808881,IT,WF,PRIVA,ALUM1,0.01,59.046,2,2,59.046,0.0,0.0,0.0,0.0,5904.6
1814899,IT,WM,PRIVA,MEAT1,0.01,58.63,2,2,58.63,0.0,0.0,0.0,0.0,5863.0
1808885,IT,WF,PRIVA,OFFIC,0.01,58.357,2,2,58.357,0.0,0.0,0.0,0.0,5835.7
1808897,IT,WF,PRIVA,SUPPO,0.01,58.227,2,2,58.227,0.0,0.0,0.0,0.0,5822.7
1748319,IT,JP,PRIVA,SALEM,0.01,56.329,2,2,56.329,0.0,0.0,0.0,0.0,5632.9
1808857,IT,WF,PRIVA,FISH5,0.01,55.999,2,2,55.999,0.0,0.0,0.0,0.0,5599.9
1752229,IT,CN,PRIVA,PROCE,0.01,54.855,2,2,54.855,0.0,0.0,0.0,0.0,5485.5
1814923,IT,WM,PRIVA,REFI1,0.01,54.508,2,2,54.508,0.0,0.0,0.0,0.0,5450.8
1814935,IT,WM,PRIVA,RUBBE,0.01,54.326,2,2,54.326,0.0,0.0,0.0,0.0,5432.6
1814951,IT,WM,PRIVA,TRANS,0.01,54.297,2,2,54.297,0.0,0.0,0.0,0.0,5429.7
1670252,IT,ES,PRIVA,WHOLE,0.01,51.737,2,2,51.737,0.0,0.0,0.0,0.0,5173.7
1672501,IT,FI,PRIVA,OFFIC,0.01,51.31,2,2,51.31,0.0,0.0,0.0,0.0,5131.0
1808849,IT,WF,PRIVA,MEATP,0.01,50.997,2,2,50.997,0.0,0.0,0.0,0.0,5099.7
1802910,IT,WE,PRIVA,PEAT2,0.01,50.921,2,2,50.921,0.0,0.0,0.0,0.0,5092.1
1648425,IT,BE,PRIVA,BIODI,0.01,50.754,2,2,50.754,0.0,0.0,0.0,0.0,5075.4
1793269,IT,WA,PRIVA,WHITE,0.01,49.719,2,2,49.719,0.0,0.0,0.0,0.0,4971.9
1808880,IT,WF,PRIVA,BASIC,0.01,49.558,2,2,49.558,0.0,0.0,0.0,0.0,4955.8
1798142,IT,WL,PRIVA,ELECT,0.01,47.845,2,2,47.845,0.0,0.0,0.0,0.0,4784.5
1814961,IT,WM,PRIVA,BIOG1,0.01,46.13,2,2,46.13,0.0,0.0,0.0,0.0,4613.0
1814948,IT,WM,PRIVA,ELECT,0.01,45.964,2,2,45.964,0.0,0.0,0.0,0.0,4596.4
1781181,IT,TW,PRIVA,CHEM1,0.01,45.927,2,2,45.927,0.0,0.0,0.0,0.0,4592.7
1808868,IT,WF,PRIVA,REFI1,0.01,45.915,2,2,45.915,0.0,0.0,0.0,0.0,4591.5
1814987,IT,WM,PRIVA,FOOD4,0.01,45.027,2,2,45.027,0.0,0.0,0.0,0.0,4502.7
